topic,payload,recv_ts
$SYS/broker/messages/sent,31502018,1747647650175
$SYS/broker/publish/messages/dropped,35731489,1747647650175
$SYS/broker/publish/messages/received,77708791,1747647650175
$SYS/broker/publish/messages/sent,31484130,1747647650175
$SYS/broker/bytes/received,3096270671,1747647650175
$SYS/broker/bytes/sent,1244422417,1747647650175
$SYS/broker/publish/bytes/received,1618808561,1747647650175
$SYS/broker/publish/bytes/sent,645274324,1747647650175
$SYS/broker/version,mosquitto version 2.0.11,1747647650219
$SYS/broker/uptime,238568 seconds,1747647650219
$SYS/broker/load/messages/received/1min,1119588.03,1747647650219
$SYS/broker/load/messages/received/5min,758721.58,1747647650219
$SYS/broker/load/messages/received/15min,569804.34,1747647650219
$SYS/broker/load/messages/sent/1min,608903.31,1747647650219
$SYS/broker/load/messages/sent/5min,360035.24,1747647650219
$SYS/broker/load/messages/sent/15min,279035.42,1747647650219
$SYS/broker/load/publish/dropped/1min,502302.50,1747647650219
$SYS/broker/load/publish/dropped/5min,375273.44,1747647650219
$SYS/broker/load/publish/dropped/15min,262540.77,1747647650219
$SYS/broker/load/publish/received/1min,1119558.61,1747647650220
$SYS/broker/load/publish/received/5min,758683.27,1747647650220
$SYS/broker/load/publish/received/15min,569721.99,1747647650220
$SYS/broker/load/publish/sent/1min,608864.77,1747647650220
$SYS/broker/load/publish/sent/5min,359993.51,1747647650220
$SYS/broker/load/publish/sent/15min,278956.87,1747647650220
$SYS/broker/load/bytes/received/1min,44257119.38,1747647650220
$SYS/broker/load/bytes/received/5min,30153187.28,1747647650220
$SYS/broker/load/bytes/received/15min,22659454.32,1747647650220
$SYS/broker/load/bytes/sent/1min,23916118.01,1747647650220
$SYS/broker/load/bytes/sent/5min,14203114.61,1747647650220
$SYS/broker/load/bytes/sent/15min,11015602.79,1747647650220
$SYS/broker/load/sockets/1min,3.72,1747647650220
$SYS/broker/load/sockets/5min,5.79,1747647650220
$SYS/broker/load/sockets/15min,12.37,1747647650220
$SYS/broker/load/connections/1min,3.72,1747647650220
$SYS/broker/load/connections/5min,5.77,1747647650220
$SYS/broker/load/connections/15min,12.30,1747647650220
$SYS/broker/messages/stored,47,1747647650220
$SYS/broker/messages/received,77726262,1747647650220
$SYS/broker/messages/sent,31502018,1747647650221
$SYS/broker/store/messages/count,47,1747647650221
$SYS/broker/store/messages/bytes,371,1747647650221
$SYS/broker/heap/current,153672,1747647650221
$SYS/broker/heap/maximum,265968,1747647650221
$SYS/broker/publish/messages/dropped,35731489,1747647650221
$SYS/broker/publish/messages/received,77708791,1747647650221
$SYS/broker/publish/messages/sent,31484130,1747647650221
$SYS/broker/publish/bytes/received,1618808561,1747647650221
$SYS/broker/publish/bytes/sent,645274324,1747647650221
$SYS/broker/bytes/received,3096270671,1747647650221
$SYS/broker/bytes/sent,1244422417,1747647650221
counter/2/0/0/0,0:1747647650267:,1747647650269
counter/3/0/0/0,0:1747647650269:,1747647650311
counter/1/0/0/0,0:1747647650271:,1747647650311
counter/6/0/0/0,0:1747647650288:,1747647650311
counter/5/0/0/0,0:1747647650294:,1747647650311
counter/7/0/0/0,0:1747647650294:,1747647650311
counter/10/0/0/0,0:1747647650295:,1747647650311
counter/8/0/0/0,0:1747647650298:,1747647650311
counter/9/0/0/0,0:1747647650299:,1747647650312
counter/4/0/0/0,0:1747647650303:,1747647650312
counter/2/0/0/0,1:1747647650268:,1747647650312
counter/2/0/0/0,2:1747647650268:,1747647650312
counter/2/0/0/0,3:1747647650268:,1747647650312
counter/2/0/0/0,4:1747647650269:,1747647650312
counter/2/0/0/0,5:1747647650269:,1747647650312
counter/2/0/0/0,6:1747647650271:,1747647650312
counter/2/0/0/0,7:1747647650271:,1747647650312
counter/2/0/0/0,8:1747647650271:,1747647650312
counter/2/0/0/0,9:1747647650271:,1747647650312
counter/2/0/0/0,10:1747647650272:,1747647650312
counter/2/0/0/0,11:1747647650272:,1747647650312
counter/2/0/0/0,12:1747647650274:,1747647650312
counter/2/0/0/0,13:1747647650287:,1747647650312
counter/2/0/0/0,14:1747647650287:,1747647650312
counter/2/0/0/0,15:1747647650287:,1747647650312
counter/2/0/0/0,16:1747647650287:,1747647650313
counter/2/0/0/0,17:1747647650287:,1747647650313
counter/2/0/0/0,18:1747647650290:,1747647650313
counter/2/0/0/0,19:1747647650290:,1747647650313
counter/2/0/0/0,20:1747647650290:,1747647650313
counter/2/0/0/0,21:1747647650290:,1747647650313
counter/2/0/0/0,22:1747647650290:,1747647650313
counter/2/0/0/0,23:1747647650291:,1747647650313
counter/2/0/0/0,24:1747647650291:,1747647650313
counter/2/0/0/0,25:1747647650291:,1747647650313
counter/2/0/0/0,26:1747647650291:,1747647650313
counter/2/0/0/0,27:1747647650291:,1747647650313
counter/2/0/0/0,28:1747647650291:,1747647650313
counter/2/0/0/0,29:1747647650291:,1747647650315
counter/2/0/0/0,30:1747647650291:,1747647650315
counter/2/0/0/0,31:1747647650292:,1747647650315
counter/1/0/0/0,1:1747647650274:,1747647650315
counter/1/0/0/0,2:1747647650288:,1747647650315
counter/3/0/0/0,1:1747647650287:,1747647650315
counter/1/0/0/0,3:1747647650288:,1747647650315
counter/3/0/0/0,2:1747647650301:,1747647650315
counter/1/0/0/0,4:1747647650288:,1747647650315
counter/3/0/0/0,3:1747647650301:,1747647650315
counter/1/0/0/0,5:1747647650297:,1747647650315
counter/3/0/0/0,4:1747647650301:,1747647650316
counter/1/0/0/0,6:1747647650300:,1747647650316
counter/3/0/0/0,5:1747647650301:,1747647650316
counter/1/0/0/0,7:1747647650301:,1747647650316
counter/3/0/0/0,6:1747647650301:,1747647650316
counter/1/0/0/0,8:1747647650304:,1747647650316
counter/3/0/0/0,7:1747647650302:,1747647650316
counter/1/0/0/0,9:1747647650308:,1747647650316
counter/3/0/0/0,8:1747647650302:,1747647650316
counter/3/0/0/0,9:1747647650302:,1747647650316
counter/3/0/0/0,10:1747647650303:,1747647650316
counter/3/0/0/0,11:1747647650303:,1747647650316
counter/3/0/0/0,12:1747647650303:,1747647650317
counter/3/0/0/0,13:1747647650303:,1747647650317
counter/3/0/0/0,14:1747647650303:,1747647650317
counter/3/0/0/0,15:1747647650303:,1747647650317
counter/3/0/0/0,16:1747647650303:,1747647650317
counter/3/0/0/0,17:1747647650304:,1747647650318
counter/3/0/0/0,18:1747647650304:,1747647650318
counter/2/0/0/0,32:1747647650292:,1747647650318
counter/2/0/0/0,33:1747647650292:,1747647650318
counter/2/0/0/0,34:1747647650292:,1747647650318
counter/2/0/0/0,35:1747647650292:,1747647650318
counter/2/0/0/0,36:1747647650292:,1747647650318
counter/2/0/0/0,37:1747647650292:,1747647650318
counter/2/0/0/0,38:1747647650292:,1747647650318
counter/3/0/0/0,19:1747647650305:,1747647650318
counter/2/0/0/0,39:1747647650292:,1747647650319
counter/2/0/0/0,40:1747647650292:,1747647650321
counter/3/0/0/0,20:1747647650305:,1747647650321
counter/3/0/0/0,21:1747647650305:,1747647650322
counter/3/0/0/0,22:1747647650305:,1747647650322
counter/3/0/0/0,23:1747647650305:,1747647650322
counter/3/0/0/0,24:1747647650305:,1747647650322
counter/3/0/0/0,25:1747647650305:,1747647650322
counter/2/0/0/0,41:1747647650292:,1747647650323
counter/2/0/0/0,42:1747647650292:,1747647650323
counter/2/0/0/0,43:1747647650292:,1747647650323
counter/3/0/0/0,26:1747647650305:,1747647650323
counter/2/0/0/0,44:1747647650292:,1747647650323
counter/2/0/0/0,45:1747647650292:,1747647650323
counter/2/0/0/0,46:1747647650293:,1747647650324
counter/1/0/0/0,10:1747647650321:,1747647650324
counter/2/0/0/0,47:1747647650293:,1747647650324
counter/2/0/0/0,48:1747647650293:,1747647650324
counter/2/0/0/0,49:1747647650293:,1747647650324
counter/2/0/0/0,50:1747647650293:,1747647650324
counter/2/0/0/0,51:1747647650293:,1747647650324
counter/2/0/0/0,52:1747647650293:,1747647650325
counter/2/0/0/0,53:1747647650293:,1747647650325
counter/2/0/0/0,54:1747647650293:,1747647650325
counter/3/0/0/0,27:1747647650305:,1747647650325
counter/3/0/0/0,28:1747647650305:,1747647650325
counter/1/0/0/0,11:1747647650321:,1747647650326
counter/1/0/0/0,12:1747647650323:,1747647650329
counter/6/0/0/0,1:1747647650291:,1747647650331
counter/6/0/0/0,2:1747647650294:,1747647650331
counter/6/0/0/0,3:1747647650295:,1747647650331
counter/6/0/0/0,4:1747647650295:,1747647650331
counter/6/0/0/0,5:1747647650297:,1747647650331
counter/6/0/0/0,6:1747647650297:,1747647650331
counter/6/0/0/0,7:1747647650300:,1747647650331
counter/6/0/0/0,8:1747647650300:,1747647650331
counter/6/0/0/0,9:1747647650302:,1747647650331
counter/6/0/0/0,10:1747647650302:,1747647650331
counter/6/0/0/0,11:1747647650304:,1747647650331
counter/6/0/0/0,12:1747647650308:,1747647650331
counter/6/0/0/0,13:1747647650309:,1747647650331
counter/6/0/0/0,14:1747647650309:,1747647650332
counter/6/0/0/0,15:1747647650310:,1747647650332
counter/6/0/0/0,16:1747647650310:,1747647650332
counter/6/0/0/0,17:1747647650310:,1747647650332
counter/6/0/0/0,18:1747647650310:,1747647650332
counter/6/0/0/0,19:1747647650319:,1747647650332
counter/6/0/0/0,20:1747647650319:,1747647650332
counter/6/0/0/0,21:1747647650319:,1747647650332
counter/6/0/0/0,22:1747647650319:,1747647650332
counter/6/0/0/0,23:1747647650319:,1747647650332
counter/6/0/0/0,24:1747647650319:,1747647650332
counter/6/0/0/0,25:1747647650322:,1747647650332
counter/6/0/0/0,26:1747647650322:,1747647650332
counter/6/0/0/0,27:1747647650322:,1747647650332
counter/6/0/0/0,28:1747647650322:,1747647650332
counter/1/0/0/0,13:1747647650324:,1747647650332
counter/1/0/0/0,14:1747647650324:,1747647650332
counter/1/0/0/0,15:1747647650324:,1747647650332
counter/3/0/0/0,29:1747647650305:,1747647650332
counter/6/0/0/0,29:1747647650322:,1747647650332
counter/1/0/0/0,16:1747647650324:,1747647650333
counter/1/0/0/0,17:1747647650327:,1747647650333
counter/2/0/0/0,55:1747647650293:,1747647650333
counter/2/0/0/0,56:1747647650293:,1747647650333
counter/3/0/0/0,30:1747647650305:,1747647650334
counter/3/0/0/0,31:1747647650305:,1747647650335
counter/1/0/0/0,18:1747647650333:,1747647650335
counter/2/0/0/0,57:1747647650293:,1747647650335
counter/3/0/0/0,32:1747647650305:,1747647650338
counter/2/0/0/0,58:1747647650293:,1747647650338
counter/7/0/0/0,1:1747647650297:,1747647650339
counter/10/0/0/0,1:1747647650300:,1747647650339
counter/5/0/0/0,1:1747647650295:,1747647650339
counter/7/0/0/0,2:1747647650301:,1747647650339
counter/10/0/0/0,2:1747647650308:,1747647650339
counter/5/0/0/0,2:1747647650295:,1747647650339
counter/7/0/0/0,3:1747647650308:,1747647650339
counter/10/0/0/0,3:1747647650315:,1747647650339
counter/5/0/0/0,3:1747647650295:,1747647650339
counter/7/0/0/0,4:1747647650309:,1747647650339
counter/10/0/0/0,4:1747647650317:,1747647650339
counter/5/0/0/0,4:1747647650296:,1747647650339
counter/7/0/0/0,5:1747647650310:,1747647650340
counter/10/0/0/0,5:1747647650317:,1747647650340
counter/5/0/0/0,5:1747647650297:,1747647650340
counter/7/0/0/0,6:1747647650317:,1747647650340
counter/10/0/0/0,6:1747647650317:,1747647650340
counter/5/0/0/0,6:1747647650302:,1747647650340
counter/7/0/0/0,7:1747647650317:,1747647650340
counter/10/0/0/0,7:1747647650317:,1747647650340
counter/5/0/0/0,7:1747647650302:,1747647650340
counter/1/0/0/0,19:1747647650333:,1747647650340
counter/7/0/0/0,8:1747647650318:,1747647650340
counter/10/0/0/0,8:1747647650317:,1747647650340
counter/5/0/0/0,8:1747647650305:,1747647650340
counter/1/0/0/0,20:1747647650333:,1747647650340
counter/7/0/0/0,9:1747647650321:,1747647650340
counter/10/0/0/0,9:1747647650317:,1747647650340
counter/5/0/0/0,9:1747647650306:,1747647650340
counter/1/0/0/0,21:1747647650333:,1747647650340
counter/7/0/0/0,10:1747647650324:,1747647650340
counter/10/0/0/0,10:1747647650322:,1747647650340
counter/5/0/0/0,10:1747647650309:,1747647650340
counter/10/0/0/0,11:1747647650327:,1747647650340
counter/5/0/0/0,11:1747647650309:,1747647650340
counter/10/0/0/0,12:1747647650332:,1747647650340
counter/5/0/0/0,12:1747647650314:,1747647650340
counter/10/0/0/0,13:1747647650332:,1747647650340
counter/5/0/0/0,13:1747647650323:,1747647650341
counter/10/0/0/0,14:1747647650332:,1747647650341
counter/5/0/0/0,14:1747647650324:,1747647650341
counter/5/0/0/0,15:1747647650328:,1747647650341
counter/5/0/0/0,16:1747647650328:,1747647650341
counter/5/0/0/0,17:1747647650333:,1747647650341
counter/1/0/0/0,22:1747647650333:,1747647650341
counter/8/0/0/0,1:1747647650298:,1747647650343
counter/8/0/0/0,2:1747647650299:,1747647650343
counter/8/0/0/0,3:1747647650300:,1747647650343
counter/8/0/0/0,4:1747647650301:,1747647650343
counter/8/0/0/0,5:1747647650308:,1747647650343
counter/8/0/0/0,6:1747647650309:,1747647650343
counter/8/0/0/0,7:1747647650309:,1747647650343
counter/8/0/0/0,8:1747647650309:,1747647650344
counter/8/0/0/0,9:1747647650310:,1747647650344
counter/8/0/0/0,10:1747647650314:,1747647650344
counter/8/0/0/0,11:1747647650315:,1747647650344
counter/8/0/0/0,12:1747647650318:,1747647650344
counter/8/0/0/0,13:1747647650318:,1747647650344
counter/8/0/0/0,14:1747647650318:,1747647650344
counter/8/0/0/0,15:1747647650321:,1747647650344
counter/8/0/0/0,16:1747647650322:,1747647650344
counter/8/0/0/0,17:1747647650326:,1747647650344
counter/8/0/0/0,18:1747647650326:,1747647650344
counter/8/0/0/0,19:1747647650326:,1747647650344
counter/8/0/0/0,20:1747647650326:,1747647650344
counter/8/0/0/0,21:1747647650326:,1747647650344
counter/8/0/0/0,22:1747647650326:,1747647650344
counter/8/0/0/0,23:1747647650326:,1747647650344
counter/8/0/0/0,24:1747647650326:,1747647650344
counter/8/0/0/0,25:1747647650327:,1747647650344
counter/8/0/0/0,26:1747647650337:,1747647650344
counter/8/0/0/0,27:1747647650343:,1747647650344
counter/7/0/0/0,11:1747647650341:,1747647650344
counter/2/0/0/0,59:1747647650293:,1747647650344
counter/2/0/0/0,60:1747647650293:,1747647650344
counter/2/0/0/0,61:1747647650293:,1747647650344
counter/2/0/0/0,62:1747647650293:,1747647650344
counter/2/0/0/0,63:1747647650293:,1747647650345
counter/2/0/0/0,64:1747647650293:,1747647650345
counter/2/0/0/0,65:1747647650293:,1747647650345
counter/2/0/0/0,66:1747647650293:,1747647650345
counter/2/0/0/0,67:1747647650293:,1747647650345
counter/2/0/0/0,68:1747647650293:,1747647650345
counter/10/0/0/0,15:1747647650341:,1747647650347
counter/10/0/0/0,16:1747647650341:,1747647650347
counter/6/0/0/0,30:1747647650322:,1747647650347
counter/9/0/0/0,1:1747647650303:,1747647650347
counter/9/0/0/0,2:1747647650306:,1747647650347
counter/9/0/0/0,3:1747647650307:,1747647650347
counter/9/0/0/0,4:1747647650308:,1747647650347
counter/9/0/0/0,5:1747647650310:,1747647650347
counter/9/0/0/0,6:1747647650321:,1747647650347
counter/9/0/0/0,7:1747647650332:,1747647650347
counter/1/0/0/0,23:1747647650333:,1747647650347
counter/9/0/0/0,8:1747647650332:,1747647650347
counter/6/0/0/0,31:1747647650322:,1747647650347
counter/9/0/0/0,9:1747647650335:,1747647650348
counter/9/0/0/0,10:1747647650337:,1747647650348
counter/3/0/0/0,33:1747647650305:,1747647650348
counter/3/0/0/0,34:1747647650305:,1747647650348
counter/1/0/0/0,24:1747647650334:,1747647650348
counter/3/0/0/0,35:1747647650305:,1747647650348
counter/3/0/0/0,36:1747647650305:,1747647650348
counter/3/0/0/0,37:1747647650307:,1747647650348
counter/3/0/0/0,38:1747647650307:,1747647650348
counter/3/0/0/0,39:1747647650307:,1747647650348
counter/6/0/0/0,32:1747647650325:,1747647650351
counter/9/0/0/0,11:1747647650347:,1747647650351
counter/6/0/0/0,33:1747647650325:,1747647650351
counter/8/0/0/0,28:1747647650347:,1747647650351
counter/5/0/0/0,18:1747647650341:,1747647650351
counter/8/0/0/0,29:1747647650347:,1747647650351
counter/8/0/0/0,30:1747647650347:,1747647650351
counter/4/0/0/0,1:1747647650307:,1747647650351
counter/4/0/0/0,2:1747647650307:,1747647650351
counter/4/0/0/0,3:1747647650307:,1747647650351
counter/4/0/0/0,4:1747647650307:,1747647650351
counter/4/0/0/0,5:1747647650308:,1747647650352
counter/4/0/0/0,6:1747647650311:,1747647650352
counter/4/0/0/0,7:1747647650311:,1747647650352
counter/4/0/0/0,8:1747647650311:,1747647650352
counter/4/0/0/0,9:1747647650311:,1747647650352
counter/4/0/0/0,10:1747647650311:,1747647650352
counter/4/0/0/0,11:1747647650311:,1747647650352
counter/4/0/0/0,12:1747647650311:,1747647650352
counter/4/0/0/0,13:1747647650318:,1747647650352
counter/4/0/0/0,14:1747647650318:,1747647650352
counter/4/0/0/0,15:1747647650318:,1747647650352
counter/4/0/0/0,16:1747647650318:,1747647650352
counter/4/0/0/0,17:1747647650318:,1747647650352
counter/4/0/0/0,18:1747647650318:,1747647650352
counter/4/0/0/0,19:1747647650318:,1747647650352
counter/4/0/0/0,20:1747647650318:,1747647650352
counter/4/0/0/0,21:1747647650318:,1747647650352
counter/4/0/0/0,22:1747647650318:,1747647650352
counter/4/0/0/0,23:1747647650318:,1747647650352
counter/4/0/0/0,24:1747647650318:,1747647650352
counter/4/0/0/0,25:1747647650327:,1747647650352
counter/4/0/0/0,26:1747647650333:,1747647650352
counter/4/0/0/0,27:1747647650334:,1747647650352
counter/4/0/0/0,28:1747647650334:,1747647650353
counter/1/0/0/0,25:1747647650334:,1747647650353
counter/4/0/0/0,29:1747647650334:,1747647650353
counter/1/0/0/0,26:1747647650335:,1747647650353
counter/4/0/0/0,30:1747647650334:,1747647650353
counter/1/0/0/0,27:1747647650335:,1747647650353
counter/4/0/0/0,31:1747647650334:,1747647650353
counter/1/0/0/0,28:1747647650335:,1747647650353
counter/4/0/0/0,32:1747647650334:,1747647650353
counter/4/0/0/0,33:1747647650334:,1747647650353
counter/4/0/0/0,34:1747647650337:,1747647650353
counter/4/0/0/0,35:1747647650345:,1747647650353
counter/4/0/0/0,36:1747647650345:,1747647650353
counter/4/0/0/0,37:1747647650345:,1747647650353
counter/9/0/0/0,12:1747647650347:,1747647650353
counter/9/0/0/0,13:1747647650347:,1747647650353
counter/9/0/0/0,14:1747647650347:,1747647650353
counter/6/0/0/0,34:1747647650325:,1747647650353
counter/8/0/0/0,31:1747647650347:,1747647650353
counter/4/0/0/0,38:1747647650345:,1747647650353
counter/4/0/0/0,39:1747647650345:,1747647650353
counter/4/0/0/0,40:1747647650345:,1747647650353
counter/2/0/0/0,69:1747647650293:,1747647650353
counter/10/0/0/0,17:1747647650341:,1747647650353
counter/10/0/0/0,18:1747647650342:,1747647650353
counter/10/0/0/0,19:1747647650342:,1747647650353
counter/9/0/0/0,15:1747647650353:,1747647650354
counter/8/0/0/0,32:1747647650347:,1747647650354
counter/10/0/0/0,20:1747647650345:,1747647650354
counter/3/0/0/0,40:1747647650307:,1747647650355
counter/3/0/0/0,41:1747647650307:,1747647650355
counter/3/0/0/0,42:1747647650308:,1747647650355
counter/3/0/0/0,43:1747647650308:,1747647650355
counter/3/0/0/0,44:1747647650315:,1747647650355
counter/3/0/0/0,45:1747647650319:,1747647650355
counter/10/0/0/0,21:1747647650345:,1747647650356
counter/3/0/0/0,46:1747647650319:,1747647650356
counter/3/0/0/0,47:1747647650319:,1747647650356
counter/1/0/0/0,29:1747647650335:,1747647650356
counter/8/0/0/0,33:1747647650347:,1747647650356
counter/3/0/0/0,48:1747647650319:,1747647650356
counter/8/0/0/0,34:1747647650350:,1747647650356
counter/4/0/0/0,41:1747647650347:,1747647650356
counter/3/0/0/0,49:1747647650319:,1747647650356
counter/3/0/0/0,50:1747647650319:,1747647650356
counter/2/0/0/0,70:1747647650293:,1747647650358
counter/2/0/0/0,71:1747647650293:,1747647650358
counter/9/0/0/0,16:1747647650354:,1747647650358
counter/5/0/0/0,19:1747647650344:,1747647650358
counter/5/0/0/0,20:1747647650347:,1747647650358
counter/5/0/0/0,21:1747647650349:,1747647650359
counter/3/0/0/0,51:1747647650319:,1747647650359
counter/1/0/0/0,30:1747647650336:,1747647650359
counter/8/0/0/0,35:1747647650350:,1747647650359
counter/8/0/0/0,36:1747647650350:,1747647650359
counter/8/0/0/0,37:1747647650351:,1747647650359
counter/8/0/0/0,38:1747647650351:,1747647650359
counter/6/0/0/0,35:1747647650325:,1747647650360
counter/9/0/0/0,17:1747647650354:,1747647650360
counter/6/0/0/0,36:1747647650325:,1747647650360
counter/2/0/0/0,72:1747647650293:,1747647650360
counter/2/0/0/0,73:1747647650293:,1747647650360
counter/10/0/0/0,22:1747647650345:,1747647650360
counter/10/0/0/0,23:1747647650345:,1747647650360
counter/3/0/0/0,52:1747647650319:,1747647650360
counter/3/0/0/0,53:1747647650319:,1747647650360
counter/1/0/0/0,31:1747647650336:,1747647650360
counter/3/0/0/0,54:1747647650319:,1747647650360
counter/6/0/0/0,37:1747647650325:,1747647650361
counter/6/0/0/0,38:1747647650325:,1747647650361
counter/6/0/0/0,39:1747647650329:,1747647650361
counter/5/0/0/0,22:1747647650349:,1747647650361
counter/5/0/0/0,23:1747647650349:,1747647650361
counter/5/0/0/0,24:1747647650349:,1747647650361
counter/5/0/0/0,25:1747647650349:,1747647650361
counter/5/0/0/0,26:1747647650349:,1747647650361
counter/5/0/0/0,27:1747647650349:,1747647650361
counter/5/0/0/0,28:1747647650349:,1747647650361
counter/5/0/0/0,29:1747647650349:,1747647650361
counter/3/0/0/0,55:1747647650319:,1747647650361
counter/5/0/0/0,30:1747647650349:,1747647650361
counter/9/0/0/0,18:1747647650354:,1747647650364
counter/9/0/0/0,19:1747647650354:,1747647650364
counter/9/0/0/0,20:1747647650354:,1747647650364
counter/6/0/0/0,40:1747647650329:,1747647650364
counter/6/0/0/0,41:1747647650329:,1747647650365
counter/2/0/0/0,74:1747647650293:,1747647650366
counter/5/0/0/0,31:1747647650349:,1747647650366
counter/9/0/0/0,21:1747647650354:,1747647650366
counter/9/0/0/0,22:1747647650356:,1747647650367
counter/10/0/0/0,24:1747647650345:,1747647650367
counter/10/0/0/0,25:1747647650345:,1747647650367
counter/8/0/0/0,39:1747647650351:,1747647650367
counter/8/0/0/0,40:1747647650351:,1747647650367
counter/8/0/0/0,41:1747647650351:,1747647650367
counter/8/0/0/0,42:1747647650351:,1747647650367
counter/8/0/0/0,43:1747647650351:,1747647650367
counter/8/0/0/0,44:1747647650351:,1747647650367
counter/8/0/0/0,45:1747647650351:,1747647650367
counter/8/0/0/0,46:1747647650351:,1747647650367
counter/5/0/0/0,32:1747647650349:,1747647650371
counter/5/0/0/0,33:1747647650349:,1747647650371
counter/5/0/0/0,34:1747647650349:,1747647650371
counter/5/0/0/0,35:1747647650349:,1747647650371
counter/3/0/0/0,56:1747647650319:,1747647650371
counter/3/0/0/0,57:1747647650320:,1747647650371
counter/3/0/0/0,58:1747647650320:,1747647650371
counter/3/0/0/0,59:1747647650320:,1747647650371
counter/3/0/0/0,60:1747647650320:,1747647650371
counter/3/0/0/0,61:1747647650320:,1747647650371
counter/3/0/0/0,62:1747647650320:,1747647650371
counter/7/0/0/0,12:1747647650358:,1747647650371
counter/2/0/0/0,75:1747647650294:,1747647650372
counter/8/0/0/0,47:1747647650351:,1747647650373
counter/10/0/0/0,26:1747647650345:,1747647650373
counter/9/0/0/0,23:1747647650356:,1747647650373
counter/9/0/0/0,24:1747647650356:,1747647650373
counter/9/0/0/0,25:1747647650356:,1747647650373
counter/9/0/0/0,26:1747647650356:,1747647650373
counter/9/0/0/0,27:1747647650356:,1747647650373
counter/9/0/0/0,28:1747647650356:,1747647650373
counter/9/0/0/0,29:1747647650356:,1747647650373
counter/9/0/0/0,30:1747647650356:,1747647650373
counter/4/0/0/0,42:1747647650362:,1747647650373
counter/6/0/0/0,42:1747647650329:,1747647650375
counter/2/0/0/0,76:1747647650294:,1747647650378
counter/8/0/0/0,48:1747647650351:,1747647650378
counter/8/0/0/0,49:1747647650351:,1747647650378
counter/10/0/0/0,27:1747647650346:,1747647650378
counter/8/0/0/0,50:1747647650351:,1747647650378
counter/9/0/0/0,31:1747647650356:,1747647650378
counter/8/0/0/0,51:1747647650351:,1747647650378
counter/1/0/0/0,32:1747647650336:,1747647650378
counter/1/0/0/0,33:1747647650336:,1747647650378
counter/6/0/0/0,43:1747647650329:,1747647650380
counter/6/0/0/0,44:1747647650329:,1747647650380
counter/6/0/0/0,45:1747647650329:,1747647650380
counter/6/0/0/0,46:1747647650329:,1747647650380
counter/3/0/0/0,63:1747647650320:,1747647650380
counter/6/0/0/0,47:1747647650329:,1747647650380
counter/3/0/0/0,64:1747647650320:,1747647650380
counter/6/0/0/0,48:1747647650333:,1747647650380
counter/3/0/0/0,65:1747647650320:,1747647650380
counter/5/0/0/0,36:1747647650349:,1747647650380
counter/5/0/0/0,37:1747647650349:,1747647650380
counter/5/0/0/0,38:1747647650349:,1747647650380
counter/7/0/0/0,13:1747647650361:,1747647650380
counter/7/0/0/0,14:1747647650361:,1747647650381
counter/4/0/0/0,43:1747647650371:,1747647650381
counter/3/0/0/0,66:1747647650320:,1747647650384
counter/10/0/0/0,28:1747647650346:,1747647650384
counter/10/0/0/0,29:1747647650346:,1747647650384
counter/3/0/0/0,67:1747647650320:,1747647650386
counter/3/0/0/0,68:1747647650320:,1747647650386
counter/3/0/0/0,69:1747647650320:,1747647650386
counter/3/0/0/0,70:1747647650320:,1747647650386
counter/3/0/0/0,71:1747647650320:,1747647650386
counter/3/0/0/0,72:1747647650320:,1747647650386
counter/3/0/0/0,73:1747647650320:,1747647650386
counter/3/0/0/0,74:1747647650320:,1747647650386
counter/8/0/0/0,52:1747647650355:,1747647650387
counter/8/0/0/0,53:1747647650355:,1747647650387
counter/8/0/0/0,54:1747647650355:,1747647650387
counter/8/0/0/0,55:1747647650355:,1747647650388
counter/8/0/0/0,56:1747647650360:,1747647650388
counter/8/0/0/0,57:1747647650360:,1747647650388
counter/8/0/0/0,58:1747647650361:,1747647650388
counter/8/0/0/0,59:1747647650361:,1747647650388
counter/4/0/0/0,44:1747647650374:,1747647650388
counter/4/0/0/0,45:1747647650374:,1747647650388
counter/1/0/0/0,34:1747647650336:,1747647650388
counter/1/0/0/0,35:1747647650338:,1747647650388
counter/9/0/0/0,32:1747647650356:,1747647650388
counter/7/0/0/0,15:1747647650371:,1747647650388
counter/3/0/0/0,75:1747647650320:,1747647650388
counter/3/0/0/0,76:1747647650320:,1747647650388
counter/3/0/0/0,77:1747647650320:,1747647650388
counter/9/0/0/0,33:1747647650356:,1747647650389
counter/5/0/0/0,39:1747647650349:,1747647650390
counter/6/0/0/0,49:1747647650333:,1747647650391
counter/6/0/0/0,50:1747647650333:,1747647650391
counter/3/0/0/0,78:1747647650320:,1747647650391
counter/3/0/0/0,79:1747647650320:,1747647650391
counter/3/0/0/0,80:1747647650320:,1747647650391
counter/3/0/0/0,81:1747647650320:,1747647650391
counter/3/0/0/0,82:1747647650320:,1747647650391
counter/3/0/0/0,83:1747647650320:,1747647650391
counter/3/0/0/0,84:1747647650320:,1747647650391
counter/3/0/0/0,85:1747647650320:,1747647650392
counter/10/0/0/0,30:1747647650346:,1747647650392
counter/3/0/0/0,86:1747647650320:,1747647650392
counter/10/0/0/0,31:1747647650346:,1747647650392
counter/10/0/0/0,32:1747647650346:,1747647650394
counter/10/0/0/0,33:1747647650346:,1747647650394
counter/10/0/0/0,34:1747647650346:,1747647650394
counter/10/0/0/0,35:1747647650346:,1747647650394
counter/10/0/0/0,36:1747647650346:,1747647650394
counter/10/0/0/0,37:1747647650346:,1747647650394
counter/10/0/0/0,38:1747647650346:,1747647650394
counter/10/0/0/0,39:1747647650346:,1747647650394
counter/10/0/0/0,40:1747647650346:,1747647650395
counter/10/0/0/0,41:1747647650346:,1747647650395
counter/10/0/0/0,42:1747647650351:,1747647650395
counter/10/0/0/0,43:1747647650354:,1747647650395
counter/10/0/0/0,44:1747647650355:,1747647650395
counter/10/0/0/0,45:1747647650355:,1747647650395
counter/7/0/0/0,16:1747647650371:,1747647650395
counter/9/0/0/0,34:1747647650356:,1747647650396
counter/9/0/0/0,35:1747647650356:,1747647650396
counter/9/0/0/0,36:1747647650356:,1747647650396
counter/9/0/0/0,37:1747647650356:,1747647650397
counter/7/0/0/0,17:1747647650379:,1747647650397
counter/7/0/0/0,18:1747647650379:,1747647650397
counter/3/0/0/0,87:1747647650320:,1747647650397
counter/2/0/0/0,77:1747647650294:,1747647650397
counter/1/0/0/0,36:1747647650338:,1747647650397
counter/1/0/0/0,37:1747647650338:,1747647650397
counter/1/0/0/0,38:1747647650338:,1747647650397
counter/4/0/0/0,46:1747647650374:,1747647650397
counter/3/0/0/0,88:1747647650320:,1747647650399
counter/2/0/0/0,78:1747647650294:,1747647650399
counter/2/0/0/0,79:1747647650294:,1747647650399
counter/2/0/0/0,80:1747647650294:,1747647650399
counter/2/0/0/0,81:1747647650294:,1747647650399
counter/2/0/0/0,82:1747647650294:,1747647650399
counter/8/0/0/0,60:1747647650361:,1747647650401
counter/8/0/0/0,61:1747647650361:,1747647650401
counter/8/0/0/0,62:1747647650363:,1747647650401
counter/8/0/0/0,63:1747647650363:,1747647650401
counter/8/0/0/0,64:1747647650363:,1747647650401
counter/8/0/0/0,65:1747647650363:,1747647650401
counter/8/0/0/0,66:1747647650363:,1747647650401
counter/8/0/0/0,67:1747647650363:,1747647650401
counter/8/0/0/0,68:1747647650364:,1747647650401
counter/9/0/0/0,38:1747647650356:,1747647650401
counter/2/0/0/0,83:1747647650296:,1747647650403
counter/2/0/0/0,84:1747647650299:,1747647650403
counter/5/0/0/0,40:1747647650349:,1747647650404
counter/5/0/0/0,41:1747647650349:,1747647650404
counter/7/0/0/0,19:1747647650379:,1747647650404
counter/2/0/0/0,85:1747647650299:,1747647650405
counter/10/0/0/0,46:1747647650355:,1747647650405
counter/6/0/0/0,51:1747647650334:,1747647650405
counter/10/0/0/0,47:1747647650355:,1747647650405
counter/10/0/0/0,48:1747647650355:,1747647650405
counter/9/0/0/0,39:1747647650356:,1747647650405
counter/8/0/0/0,69:1747647650364:,1747647650405
counter/8/0/0/0,70:1747647650364:,1747647650406
counter/9/0/0/0,40:1747647650357:,1747647650406
counter/3/0/0/0,89:1747647650320:,1747647650407
counter/4/0/0/0,47:1747647650374:,1747647650407
counter/10/0/0/0,49:1747647650355:,1747647650408
counter/8/0/0/0,71:1747647650364:,1747647650408
counter/10/0/0/0,50:1747647650355:,1747647650408
counter/3/0/0/0,90:1747647650320:,1747647650409
counter/9/0/0/0,41:1747647650357:,1747647650410
counter/3/0/0/0,91:1747647650320:,1747647650411
counter/6/0/0/0,52:1747647650337:,1747647650411
counter/6/0/0/0,53:1747647650337:,1747647650411
counter/3/0/0/0,92:1747647650320:,1747647650411
counter/3/0/0/0,93:1747647650320:,1747647650412
counter/6/0/0/0,54:1747647650337:,1747647650412
counter/9/0/0/0,42:1747647650363:,1747647650413
counter/6/0/0/0,55:1747647650337:,1747647650413
counter/6/0/0/0,56:1747647650338:,1747647650413
counter/6/0/0/0,57:1747647650338:,1747647650413
counter/6/0/0/0,58:1747647650344:,1747647650413
counter/6/0/0/0,59:1747647650344:,1747647650414
counter/6/0/0/0,60:1747647650344:,1747647650414
counter/6/0/0/0,61:1747647650344:,1747647650414
counter/6/0/0/0,62:1747647650345:,1747647650414
counter/6/0/0/0,63:1747647650351:,1747647650414
counter/6/0/0/0,64:1747647650351:,1747647650414
counter/6/0/0/0,65:1747647650351:,1747647650414
counter/6/0/0/0,66:1747647650351:,1747647650414
counter/2/0/0/0,86:1747647650299:,1747647650415
counter/10/0/0/0,51:1747647650355:,1747647650416
counter/10/0/0/0,52:1747647650355:,1747647650416
counter/6/0/0/0,67:1747647650353:,1747647650416
counter/6/0/0/0,68:1747647650353:,1747647650416
counter/1/0/0/0,39:1747647650338:,1747647650416
counter/6/0/0/0,69:1747647650353:,1747647650416
counter/1/0/0/0,40:1747647650339:,1747647650416
counter/1/0/0/0,41:1747647650339:,1747647650416
counter/1/0/0/0,42:1747647650339:,1747647650416
counter/3/0/0/0,94:1747647650320:,1747647650416
counter/9/0/0/0,43:1747647650363:,1747647650417
counter/9/0/0/0,44:1747647650370:,1747647650417
counter/6/0/0/0,70:1747647650353:,1747647650417
counter/6/0/0/0,71:1747647650353:,1747647650417
counter/6/0/0/0,72:1747647650354:,1747647650417
counter/6/0/0/0,73:1747647650354:,1747647650417
counter/6/0/0/0,74:1747647650354:,1747647650417
counter/5/0/0/0,42:1747647650349:,1747647650417
counter/10/0/0/0,53:1747647650355:,1747647650418
counter/4/0/0/0,48:1747647650374:,1747647650418
counter/4/0/0/0,49:1747647650377:,1747647650418
counter/4/0/0/0,50:1747647650377:,1747647650418
counter/4/0/0/0,51:1747647650377:,1747647650418
counter/4/0/0/0,52:1747647650377:,1747647650418
counter/4/0/0/0,53:1747647650378:,1747647650418
counter/4/0/0/0,54:1747647650389:,1747647650418
counter/4/0/0/0,55:1747647650389:,1747647650418
counter/4/0/0/0,56:1747647650389:,1747647650418
counter/2/0/0/0,87:1747647650299:,1747647650418
counter/9/0/0/0,45:1747647650370:,1747647650419
counter/3/0/0/0,95:1747647650320:,1747647650419
counter/5/0/0/0,43:1747647650349:,1747647650419
counter/10/0/0/0,54:1747647650355:,1747647650420
counter/10/0/0/0,55:1747647650355:,1747647650420
counter/3/0/0/0,96:1747647650320:,1747647650420
counter/3/0/0/0,97:1747647650320:,1747647650420
counter/3/0/0/0,98:1747647650320:,1747647650420
counter/3/0/0/0,99:1747647650320:,1747647650420
counter/3/0/0/0,100:1747647650320:,1747647650420
counter/4/0/0/0,57:1747647650389:,1747647650420
counter/5/0/0/0,44:1747647650349:,1747647650420
counter/2/0/0/0,88:1747647650299:,1747647650420
counter/2/0/0/0,89:1747647650299:,1747647650420
counter/9/0/0/0,46:1747647650373:,1747647650422
counter/7/0/0/0,20:1747647650379:,1747647650422
counter/1/0/0/0,43:1747647650339:,1747647650423
counter/4/0/0/0,58:1747647650389:,1747647650423
counter/4/0/0/0,59:1747647650389:,1747647650423
counter/4/0/0/0,60:1747647650389:,1747647650423
counter/4/0/0/0,61:1747647650389:,1747647650423
counter/4/0/0/0,62:1747647650389:,1747647650423
counter/10/0/0/0,56:1747647650355:,1747647650424
counter/10/0/0/0,57:1747647650355:,1747647650425
counter/5/0/0/0,45:1747647650349:,1747647650425
counter/8/0/0/0,72:1747647650364:,1747647650425
counter/8/0/0/0,73:1747647650364:,1747647650425
counter/2/0/0/0,90:1747647650299:,1747647650426
counter/8/0/0/0,74:1747647650364:,1747647650426
counter/6/0/0/0,75:1747647650354:,1747647650426
counter/3/0/0/0,101:1747647650321:,1747647650426
counter/5/0/0/0,46:1747647650349:,1747647650426
counter/4/0/0/0,63:1747647650389:,1747647650427
counter/4/0/0/0,64:1747647650389:,1747647650427
counter/4/0/0/0,65:1747647650389:,1747647650427
counter/4/0/0/0,66:1747647650390:,1747647650427
counter/3/0/0/0,102:1747647650321:,1747647650427
counter/4/0/0/0,67:1747647650390:,1747647650427
counter/3/0/0/0,103:1747647650321:,1747647650427
counter/3/0/0/0,104:1747647650321:,1747647650427
counter/3/0/0/0,105:1747647650321:,1747647650427
counter/3/0/0/0,106:1747647650321:,1747647650427
counter/6/0/0/0,76:1747647650354:,1747647650427
counter/6/0/0/0,77:1747647650354:,1747647650427
counter/6/0/0/0,78:1747647650354:,1747647650427
counter/6/0/0/0,79:1747647650354:,1747647650428
counter/6/0/0/0,80:1747647650354:,1747647650428
counter/6/0/0/0,81:1747647650354:,1747647650428
counter/6/0/0/0,82:1747647650354:,1747647650428
counter/6/0/0/0,83:1747647650354:,1747647650428
counter/6/0/0/0,84:1747647650354:,1747647650428
counter/9/0/0/0,47:1747647650373:,1747647650428
counter/9/0/0/0,48:1747647650373:,1747647650428
counter/6/0/0/0,85:1747647650354:,1747647650430
counter/9/0/0/0,49:1747647650373:,1747647650430
counter/9/0/0/0,50:1747647650373:,1747647650430
counter/9/0/0/0,51:1747647650373:,1747647650430
counter/9/0/0/0,52:1747647650373:,1747647650430
counter/9/0/0/0,53:1747647650373:,1747647650430
counter/6/0/0/0,86:1747647650354:,1747647650431
counter/3/0/0/0,107:1747647650321:,1747647650432
counter/3/0/0/0,108:1747647650321:,1747647650436
counter/2/0/0/0,91:1747647650299:,1747647650436
counter/9/0/0/0,54:1747647650373:,1747647650437
counter/4/0/0/0,68:1747647650390:,1747647650438
counter/1/0/0/0,44:1747647650339:,1747647650438
counter/1/0/0/0,45:1747647650339:,1747647650438
counter/1/0/0/0,46:1747647650339:,1747647650438
counter/1/0/0/0,47:1747647650339:,1747647650438
counter/4/0/0/0,69:1747647650390:,1747647650439
counter/4/0/0/0,70:1747647650391:,1747647650439
counter/4/0/0/0,71:1747647650391:,1747647650439
counter/4/0/0/0,72:1747647650392:,1747647650439
counter/10/0/0/0,58:1747647650355:,1747647650439
counter/5/0/0/0,47:1747647650349:,1747647650439
counter/5/0/0/0,48:1747647650350:,1747647650439
counter/7/0/0/0,21:1747647650379:,1747647650439
counter/7/0/0/0,22:1747647650379:,1747647650439
counter/6/0/0/0,87:1747647650358:,1747647650439
counter/6/0/0/0,88:1747647650360:,1747647650439
counter/2/0/0/0,92:1747647650299:,1747647650439
counter/8/0/0/0,75:1747647650364:,1747647650440
counter/9/0/0/0,55:1747647650374:,1747647650440
counter/3/0/0/0,109:1747647650321:,1747647650440
counter/5/0/0/0,49:1747647650350:,1747647650441
counter/5/0/0/0,50:1747647650350:,1747647650442
counter/5/0/0/0,51:1747647650350:,1747647650442
counter/5/0/0/0,52:1747647650350:,1747647650442
counter/5/0/0/0,53:1747647650350:,1747647650442
counter/5/0/0/0,54:1747647650350:,1747647650442
counter/8/0/0/0,76:1747647650364:,1747647650442
counter/1/0/0/0,48:1747647650339:,1747647650442
counter/1/0/0/0,49:1747647650339:,1747647650442
counter/1/0/0/0,50:1747647650339:,1747647650442
counter/1/0/0/0,51:1747647650339:,1747647650442
counter/1/0/0/0,52:1747647650339:,1747647650442
counter/1/0/0/0,53:1747647650339:,1747647650442
counter/1/0/0/0,54:1747647650342:,1747647650442
counter/1/0/0/0,55:1747647650342:,1747647650442
counter/1/0/0/0,56:1747647650342:,1747647650442
counter/1/0/0/0,57:1747647650342:,1747647650442
counter/10/0/0/0,59:1747647650355:,1747647650442
counter/7/0/0/0,23:1747647650379:,1747647650442
counter/9/0/0/0,56:1747647650374:,1747647650442
counter/9/0/0/0,57:1747647650374:,1747647650443
counter/5/0/0/0,55:1747647650350:,1747647650443
counter/9/0/0/0,58:1747647650374:,1747647650443
counter/4/0/0/0,73:1747647650392:,1747647650443
counter/4/0/0/0,74:1747647650395:,1747647650443
counter/1/0/0/0,58:1747647650342:,1747647650443
counter/1/0/0/0,59:1747647650342:,1747647650443
counter/1/0/0/0,60:1747647650342:,1747647650443
counter/1/0/0/0,61:1747647650342:,1747647650443
counter/1/0/0/0,62:1747647650342:,1747647650443
counter/1/0/0/0,63:1747647650342:,1747647650443
counter/1/0/0/0,64:1747647650342:,1747647650443
counter/1/0/0/0,65:1747647650342:,1747647650443
counter/1/0/0/0,66:1747647650342:,1747647650443
counter/1/0/0/0,67:1747647650342:,1747647650443
counter/1/0/0/0,68:1747647650343:,1747647650443
counter/9/0/0/0,59:1747647650374:,1747647650444
counter/6/0/0/0,89:1747647650360:,1747647650444
counter/9/0/0/0,60:1747647650374:,1747647650444
counter/1/0/0/0,69:1747647650343:,1747647650444
counter/5/0/0/0,56:1747647650350:,1747647650444
counter/2/0/0/0,93:1747647650299:,1747647650444
counter/3/0/0/0,110:1747647650323:,1747647650444
counter/9/0/0/0,61:1747647650374:,1747647650444
counter/9/0/0/0,62:1747647650374:,1747647650444
counter/8/0/0/0,77:1747647650364:,1747647650444
counter/8/0/0/0,78:1747647650364:,1747647650445
counter/4/0/0/0,75:1747647650395:,1747647650445
counter/4/0/0/0,76:1747647650395:,1747647650445
counter/4/0/0/0,77:1747647650395:,1747647650445
counter/4/0/0/0,78:1747647650396:,1747647650446
counter/4/0/0/0,79:1747647650396:,1747647650446
counter/5/0/0/0,57:1747647650350:,1747647650446
counter/1/0/0/0,70:1747647650343:,1747647650446
counter/5/0/0/0,58:1747647650350:,1747647650447
counter/7/0/0/0,24:1747647650379:,1747647650447
counter/7/0/0/0,25:1747647650379:,1747647650447
counter/4/0/0/0,80:1747647650396:,1747647650447
counter/4/0/0/0,81:1747647650412:,1747647650447
counter/4/0/0/0,82:1747647650412:,1747647650448
counter/4/0/0/0,83:1747647650412:,1747647650448
counter/9/0/0/0,63:1747647650374:,1747647650449
counter/9/0/0/0,64:1747647650374:,1747647650449
counter/9/0/0/0,65:1747647650374:,1747647650449
counter/9/0/0/0,66:1747647650374:,1747647650449
counter/4/0/0/0,84:1747647650412:,1747647650449
counter/4/0/0/0,85:1747647650412:,1747647650449
counter/8/0/0/0,79:1747647650364:,1747647650449
counter/8/0/0/0,80:1747647650364:,1747647650449
counter/8/0/0/0,81:1747647650364:,1747647650449
counter/5/0/0/0,59:1747647650350:,1747647650449
counter/1/0/0/0,71:1747647650343:,1747647650449
counter/7/0/0/0,26:1747647650379:,1747647650450
counter/5/0/0/0,60:1747647650350:,1747647650450
counter/8/0/0/0,82:1747647650364:,1747647650452
counter/1/0/0/0,72:1747647650343:,1747647650452
counter/2/0/0/0,94:1747647650300:,1747647650452
counter/1/0/0/0,73:1747647650343:,1747647650452
counter/1/0/0/0,74:1747647650343:,1747647650452
counter/4/0/0/0,86:1747647650412:,1747647650453
counter/4/0/0/0,87:1747647650412:,1747647650453
counter/4/0/0/0,88:1747647650412:,1747647650453
counter/4/0/0/0,89:1747647650412:,1747647650453
counter/4/0/0/0,90:1747647650412:,1747647650453
counter/4/0/0/0,91:1747647650412:,1747647650453
counter/4/0/0/0,92:1747647650412:,1747647650453
counter/4/0/0/0,93:1747647650412:,1747647650453
counter/4/0/0/0,94:1747647650413:,1747647650453
counter/4/0/0/0,95:1747647650413:,1747647650453
counter/5/0/0/0,61:1747647650350:,1747647650453
counter/2/0/0/0,95:1747647650300:,1747647650454
counter/2/0/0/0,96:1747647650300:,1747647650454
counter/2/0/0/0,97:1747647650303:,1747647650454
counter/2/0/0/0,98:1747647650303:,1747647650454
counter/2/0/0/0,99:1747647650303:,1747647650454
counter/2/0/0/0,100:1747647650303:,1747647650454
counter/2/0/0/0,101:1747647650303:,1747647650454
counter/2/0/0/0,102:1747647650304:,1747647650454
counter/9/0/0/0,67:1747647650374:,1747647650454
counter/5/0/0/0,62:1747647650350:,1747647650457
counter/5/0/0/0,63:1747647650350:,1747647650457
counter/5/0/0/0,64:1747647650350:,1747647650457
counter/5/0/0/0,65:1747647650350:,1747647650457
counter/6/0/0/0,90:1747647650360:,1747647650457
counter/9/0/0/0,68:1747647650374:,1747647650457
counter/9/0/0/0,69:1747647650374:,1747647650457
counter/8/0/0/0,83:1747647650364:,1747647650458
counter/8/0/0/0,84:1747647650364:,1747647650458
counter/8/0/0/0,85:1747647650364:,1747647650458
counter/9/0/0/0,70:1747647650374:,1747647650458
counter/10/0/0/0,60:1747647650355:,1747647650458
counter/10/0/0/0,61:1747647650355:,1747647650458
counter/4/0/0/0,96:1747647650413:,1747647650458
counter/7/0/0/0,27:1747647650379:,1747647650459
counter/7/0/0/0,28:1747647650379:,1747647650459
counter/7/0/0/0,29:1747647650379:,1747647650459
counter/7/0/0/0,30:1747647650379:,1747647650459
counter/7/0/0/0,31:1747647650379:,1747647650459
counter/7/0/0/0,32:1747647650379:,1747647650459
counter/9/0/0/0,71:1747647650374:,1747647650460
counter/10/0/0/0,62:1747647650355:,1747647650460
counter/9/0/0/0,72:1747647650374:,1747647650460
counter/9/0/0/0,73:1747647650374:,1747647650460
counter/9/0/0/0,74:1747647650374:,1747647650460
counter/9/0/0/0,75:1747647650380:,1747647650461
counter/9/0/0/0,76:1747647650380:,1747647650461
counter/9/0/0/0,77:1747647650380:,1747647650461
counter/7/0/0/0,33:1747647650379:,1747647650461
counter/4/0/0/0,97:1747647650413:,1747647650461
counter/2/0/0/0,103:1747647650304:,1747647650461
counter/9/0/0/0,78:1747647650380:,1747647650461
counter/1/0/0/0,75:1747647650343:,1747647650461
counter/7/0/0/0,34:1747647650396:,1747647650461
counter/4/0/0/0,98:1747647650418:,1747647650461
counter/3/0/0/0,111:1747647650323:,1747647650461
counter/2/0/0/0,104:1747647650304:,1747647650461
counter/2/0/0/0,105:1747647650304:,1747647650461
counter/2/0/0/0,106:1747647650304:,1747647650461
counter/2/0/0/0,107:1747647650304:,1747647650461
counter/2/0/0/0,108:1747647650306:,1747647650461
counter/2/0/0/0,109:1747647650306:,1747647650461
counter/2/0/0/0,110:1747647650306:,1747647650461
counter/2/0/0/0,111:1747647650306:,1747647650462
counter/2/0/0/0,112:1747647650306:,1747647650462
counter/9/0/0/0,79:1747647650380:,1747647650462
counter/9/0/0/0,80:1747647650385:,1747647650462
counter/9/0/0/0,81:1747647650385:,1747647650462
counter/7/0/0/0,35:1747647650396:,1747647650462
counter/4/0/0/0,99:1747647650420:,1747647650462
counter/7/0/0/0,36:1747647650396:,1747647650462
counter/7/0/0/0,37:1747647650396:,1747647650462
counter/7/0/0/0,38:1747647650396:,1747647650462
counter/7/0/0/0,39:1747647650396:,1747647650462
counter/7/0/0/0,40:1747647650396:,1747647650462
counter/7/0/0/0,41:1747647650396:,1747647650462
counter/7/0/0/0,42:1747647650396:,1747647650462
counter/5/0/0/0,66:1747647650350:,1747647650462
counter/4/0/0/0,100:1747647650420:,1747647650463
counter/4/0/0/0,101:1747647650420:,1747647650463
counter/4/0/0/0,102:1747647650421:,1747647650464
counter/3/0/0/0,112:1747647650323:,1747647650464
counter/3/0/0/0,113:1747647650323:,1747647650464
counter/3/0/0/0,114:1747647650323:,1747647650464
counter/3/0/0/0,115:1747647650323:,1747647650464
counter/10/0/0/0,63:1747647650355:,1747647650469
counter/10/0/0/0,64:1747647650355:,1747647650469
counter/4/0/0/0,103:1747647650421:,1747647650469
counter/4/0/0/0,104:1747647650421:,1747647650469
counter/4/0/0/0,105:1747647650421:,1747647650469
counter/4/0/0/0,106:1747647650421:,1747647650469
counter/4/0/0/0,107:1747647650421:,1747647650469
counter/4/0/0/0,108:1747647650421:,1747647650469
counter/4/0/0/0,109:1747647650421:,1747647650469
counter/2/0/0/0,113:1747647650306:,1747647650469
counter/4/0/0/0,110:1747647650421:,1747647650469
counter/4/0/0/0,111:1747647650421:,1747647650469
counter/2/0/0/0,114:1747647650306:,1747647650469
counter/2/0/0/0,115:1747647650306:,1747647650469
counter/2/0/0/0,116:1747647650306:,1747647650469
counter/5/0/0/0,67:1747647650350:,1747647650469
counter/9/0/0/0,82:1747647650385:,1747647650471
counter/9/0/0/0,83:1747647650385:,1747647650471
counter/9/0/0/0,84:1747647650385:,1747647650471
counter/9/0/0/0,85:1747647650385:,1747647650471
counter/9/0/0/0,86:1747647650385:,1747647650471
counter/9/0/0/0,87:1747647650385:,1747647650471
counter/9/0/0/0,88:1747647650385:,1747647650471
counter/9/0/0/0,89:1747647650385:,1747647650471
counter/9/0/0/0,90:1747647650385:,1747647650471
counter/9/0/0/0,91:1747647650385:,1747647650471
counter/9/0/0/0,92:1747647650385:,1747647650472
counter/9/0/0/0,93:1747647650385:,1747647650472
counter/10/0/0/0,65:1747647650355:,1747647650472
counter/5/0/0/0,68:1747647650352:,1747647650472
counter/1/0/0/0,76:1747647650343:,1747647650472
counter/1/0/0/0,77:1747647650343:,1747647650472
counter/5/0/0/0,69:1747647650352:,1747647650472
counter/5/0/0/0,70:1747647650352:,1747647650472
counter/5/0/0/0,71:1747647650352:,1747647650472
counter/5/0/0/0,72:1747647650352:,1747647650472
counter/5/0/0/0,73:1747647650352:,1747647650472
counter/7/0/0/0,43:1747647650396:,1747647650473
counter/7/0/0/0,44:1747647650396:,1747647650473
counter/7/0/0/0,45:1747647650397:,1747647650473
counter/7/0/0/0,46:1747647650397:,1747647650473
counter/7/0/0/0,47:1747647650397:,1747647650473
counter/7/0/0/0,48:1747647650397:,1747647650473
counter/7/0/0/0,49:1747647650397:,1747647650473
counter/7/0/0/0,50:1747647650397:,1747647650473
counter/7/0/0/0,51:1747647650397:,1747647650473
counter/7/0/0/0,52:1747647650398:,1747647650473
counter/7/0/0/0,53:1747647650398:,1747647650473
counter/7/0/0/0,54:1747647650398:,1747647650474
counter/2/0/0/0,117:1747647650307:,1747647650474
counter/2/0/0/0,118:1747647650307:,1747647650474
counter/2/0/0/0,119:1747647650307:,1747647650474
counter/2/0/0/0,120:1747647650307:,1747647650474
counter/3/0/0/0,116:1747647650328:,1747647650474
counter/2/0/0/0,121:1747647650307:,1747647650475
counter/3/0/0/0,117:1747647650328:,1747647650475
counter/3/0/0/0,118:1747647650328:,1747647650475
counter/4/0/0/0,112:1747647650421:,1747647650475
counter/9/0/0/0,94:1747647650385:,1747647650475
counter/5/0/0/0,74:1747647650352:,1747647650477
counter/9/0/0/0,95:1747647650385:,1747647650478
counter/9/0/0/0,96:1747647650385:,1747647650478
counter/9/0/0/0,97:1747647650387:,1747647650478
counter/9/0/0/0,98:1747647650387:,1747647650478
counter/9/0/0/0,99:1747647650388:,1747647650478
counter/9/0/0/0,100:1747647650388:,1747647650478
counter/9/0/0/0,101:1747647650388:,1747647650478
counter/9/0/0/0,102:1747647650388:,1747647650478
counter/10/0/0/0,66:1747647650355:,1747647650478
counter/2/0/0/0,122:1747647650307:,1747647650478
counter/10/0/0/0,67:1747647650355:,1747647650478
counter/2/0/0/0,123:1747647650307:,1747647650478
counter/3/0/0/0,119:1747647650328:,1747647650478
counter/3/0/0/0,120:1747647650328:,1747647650478
counter/3/0/0/0,121:1747647650328:,1747647650478
counter/3/0/0/0,122:1747647650328:,1747647650478
counter/3/0/0/0,123:1747647650328:,1747647650478
counter/4/0/0/0,113:1747647650429:,1747647650479
counter/4/0/0/0,114:1747647650429:,1747647650479
counter/4/0/0/0,115:1747647650437:,1747647650479
counter/4/0/0/0,116:1747647650437:,1747647650479
counter/4/0/0/0,117:1747647650438:,1747647650479
counter/4/0/0/0,118:1747647650438:,1747647650479
counter/5/0/0/0,75:1747647650352:,1747647650479
counter/7/0/0/0,55:1747647650398:,1747647650480
counter/1/0/0/0,78:1747647650343:,1747647650480
counter/1/0/0/0,79:1747647650343:,1747647650480
counter/1/0/0/0,80:1747647650343:,1747647650480
counter/1/0/0/0,81:1747647650343:,1747647650480
counter/9/0/0/0,103:1747647650388:,1747647650480
counter/9/0/0/0,104:1747647650388:,1747647650481
counter/9/0/0/0,105:1747647650388:,1747647650481
counter/9/0/0/0,106:1747647650388:,1747647650481
counter/10/0/0/0,68:1747647650355:,1747647650481
counter/8/0/0/0,86:1747647650364:,1747647650481
counter/8/0/0/0,87:1747647650364:,1747647650481
counter/8/0/0/0,88:1747647650365:,1747647650482
counter/2/0/0/0,124:1747647650307:,1747647650482
counter/5/0/0/0,76:1747647650352:,1747647650482
counter/4/0/0/0,119:1747647650438:,1747647650482
counter/6/0/0/0,91:1747647650360:,1747647650482
counter/4/0/0/0,120:1747647650438:,1747647650482
counter/6/0/0/0,92:1747647650360:,1747647650482
counter/10/0/0/0,69:1747647650362:,1747647650482
counter/10/0/0/0,70:1747647650362:,1747647650482
counter/10/0/0/0,71:1747647650362:,1747647650483
counter/2/0/0/0,125:1747647650307:,1747647650483
counter/2/0/0/0,126:1747647650307:,1747647650483
counter/2/0/0/0,127:1747647650307:,1747647650483
counter/6/0/0/0,93:1747647650360:,1747647650483
counter/3/0/0/0,124:1747647650328:,1747647650483
counter/2/0/0/0,128:1747647650314:,1747647650483
counter/2/0/0/0,129:1747647650314:,1747647650483
counter/2/0/0/0,130:1747647650314:,1747647650483
counter/2/0/0/0,131:1747647650314:,1747647650483
counter/2/0/0/0,132:1747647650314:,1747647650483
counter/2/0/0/0,133:1747647650314:,1747647650483
counter/2/0/0/0,134:1747647650314:,1747647650483
counter/8/0/0/0,89:1747647650365:,1747647650484
counter/8/0/0/0,90:1747647650365:,1747647650484
counter/10/0/0/0,72:1747647650363:,1747647650484
counter/8/0/0/0,91:1747647650365:,1747647650484
counter/10/0/0/0,73:1747647650363:,1747647650484
counter/1/0/0/0,82:1747647650343:,1747647650484
counter/6/0/0/0,94:1747647650360:,1747647650485
counter/6/0/0/0,95:1747647650360:,1747647650485
counter/6/0/0/0,96:1747647650360:,1747647650485
counter/5/0/0/0,77:1747647650352:,1747647650485
counter/2/0/0/0,135:1747647650314:,1747647650485
counter/5/0/0/0,78:1747647650352:,1747647650485
counter/2/0/0/0,136:1747647650314:,1747647650485
counter/1/0/0/0,83:1747647650343:,1747647650486
counter/7/0/0/0,56:1747647650398:,1747647650487
counter/1/0/0/0,84:1747647650343:,1747647650487
counter/1/0/0/0,85:1747647650343:,1747647650487
counter/1/0/0/0,86:1747647650343:,1747647650487
counter/1/0/0/0,87:1747647650343:,1747647650487
counter/1/0/0/0,88:1747647650343:,1747647650487
counter/1/0/0/0,89:1747647650348:,1747647650487
counter/1/0/0/0,90:1747647650348:,1747647650487
counter/1/0/0/0,91:1747647650348:,1747647650487
counter/1/0/0/0,92:1747647650348:,1747647650487
counter/3/0/0/0,125:1747647650328:,1747647650487
counter/1/0/0/0,93:1747647650348:,1747647650487
counter/3/0/0/0,126:1747647650328:,1747647650487
counter/1/0/0/0,94:1747647650348:,1747647650487
counter/3/0/0/0,127:1747647650328:,1747647650487
counter/1/0/0/0,95:1747647650348:,1747647650487
counter/3/0/0/0,128:1747647650328:,1747647650487
counter/1/0/0/0,96:1747647650348:,1747647650487
counter/3/0/0/0,129:1747647650328:,1747647650487
counter/3/0/0/0,130:1747647650328:,1747647650487
counter/4/0/0/0,121:1747647650438:,1747647650487
counter/9/0/0/0,107:1747647650388:,1747647650487
counter/9/0/0/0,108:1747647650389:,1747647650487
counter/9/0/0/0,109:1747647650389:,1747647650487
counter/9/0/0/0,110:1747647650389:,1747647650487
counter/9/0/0/0,111:1747647650389:,1747647650487
counter/9/0/0/0,112:1747647650389:,1747647650488
counter/10/0/0/0,74:1747647650363:,1747647650488
counter/1/0/0/0,97:1747647650348:,1747647650490
counter/1/0/0/0,98:1747647650348:,1747647650490
counter/6/0/0/0,97:1747647650360:,1747647650490
counter/1/0/0/0,99:1747647650348:,1747647650490
counter/6/0/0/0,98:1747647650360:,1747647650490
counter/1/0/0/0,100:1747647650348:,1747647650490
counter/6/0/0/0,99:1747647650360:,1747647650490
counter/1/0/0/0,101:1747647650348:,1747647650490
counter/6/0/0/0,100:1747647650360:,1747647650490
counter/6/0/0/0,101:1747647650360:,1747647650490
counter/6/0/0/0,102:1747647650360:,1747647650490
counter/6/0/0/0,103:1747647650360:,1747647650490
counter/6/0/0/0,104:1747647650360:,1747647650490
counter/10/0/0/0,75:1747647650363:,1747647650491
counter/6/0/0/0,105:1747647650360:,1747647650491
counter/9/0/0/0,113:1747647650389:,1747647650491
counter/9/0/0/0,114:1747647650389:,1747647650491
counter/9/0/0/0,115:1747647650389:,1747647650491
counter/9/0/0/0,116:1747647650389:,1747647650491
counter/9/0/0/0,117:1747647650389:,1747647650491
counter/8/0/0/0,92:1747647650365:,1747647650491
counter/3/0/0/0,131:1747647650328:,1747647650492
counter/3/0/0/0,132:1747647650328:,1747647650492
counter/3/0/0/0,133:1747647650329:,1747647650492
counter/3/0/0/0,134:1747647650329:,1747647650492
counter/3/0/0/0,135:1747647650331:,1747647650493
counter/3/0/0/0,136:1747647650331:,1747647650493
counter/9/0/0/0,118:1747647650389:,1747647650493
counter/9/0/0/0,119:1747647650390:,1747647650493
counter/9/0/0/0,120:1747647650390:,1747647650493
counter/9/0/0/0,121:1747647650390:,1747647650493
counter/9/0/0/0,122:1747647650390:,1747647650493
counter/9/0/0/0,123:1747647650390:,1747647650493
counter/10/0/0/0,76:1747647650363:,1747647650494
counter/7/0/0/0,57:1747647650398:,1747647650494
counter/7/0/0/0,58:1747647650398:,1747647650494
counter/7/0/0/0,59:1747647650398:,1747647650494
counter/7/0/0/0,60:1747647650398:,1747647650494
counter/9/0/0/0,124:1747647650390:,1747647650494
counter/7/0/0/0,61:1747647650398:,1747647650494
counter/9/0/0/0,125:1747647650390:,1747647650494
counter/7/0/0/0,62:1747647650398:,1747647650494
counter/9/0/0/0,126:1747647650390:,1747647650494
counter/9/0/0/0,127:1747647650390:,1747647650494
counter/9/0/0/0,128:1747647650390:,1747647650494
counter/9/0/0/0,129:1747647650390:,1747647650494
counter/9/0/0/0,130:1747647650390:,1747647650494
counter/9/0/0/0,131:1747647650394:,1747647650495
counter/9/0/0/0,132:1747647650394:,1747647650495
counter/9/0/0/0,133:1747647650394:,1747647650495
counter/9/0/0/0,134:1747647650394:,1747647650495
counter/9/0/0/0,135:1747647650394:,1747647650495
counter/9/0/0/0,136:1747647650394:,1747647650495
counter/4/0/0/0,122:1747647650438:,1747647650495
counter/3/0/0/0,137:1747647650331:,1747647650495
counter/4/0/0/0,123:1747647650438:,1747647650495
counter/4/0/0/0,124:1747647650438:,1747647650496
counter/7/0/0/0,63:1747647650398:,1747647650496
counter/7/0/0/0,64:1747647650398:,1747647650498
counter/7/0/0/0,65:1747647650398:,1747647650498
counter/7/0/0/0,66:1747647650398:,1747647650498
counter/7/0/0/0,67:1747647650398:,1747647650498
counter/7/0/0/0,68:1747647650398:,1747647650498
counter/7/0/0/0,69:1747647650398:,1747647650498
counter/7/0/0/0,70:1747647650398:,1747647650498
counter/8/0/0/0,93:1747647650366:,1747647650498
counter/8/0/0/0,94:1747647650366:,1747647650498
counter/8/0/0/0,95:1747647650366:,1747647650499
counter/8/0/0/0,96:1747647650366:,1747647650499
counter/1/0/0/0,102:1747647650348:,1747647650499
counter/10/0/0/0,77:1747647650363:,1747647650500
counter/7/0/0/0,71:1747647650398:,1747647650501
counter/5/0/0/0,79:1747647650352:,1747647650501
counter/6/0/0/0,106:1747647650360:,1747647650501
counter/6/0/0/0,107:1747647650365:,1747647650501
counter/6/0/0/0,108:1747647650365:,1747647650501
counter/6/0/0/0,109:1747647650365:,1747647650501
counter/6/0/0/0,110:1747647650365:,1747647650501
counter/6/0/0/0,111:1747647650365:,1747647650501
counter/6/0/0/0,112:1747647650365:,1747647650501
counter/3/0/0/0,138:1747647650331:,1747647650501
counter/6/0/0/0,113:1747647650365:,1747647650501
counter/9/0/0/0,137:1747647650394:,1747647650503
counter/2/0/0/0,137:1747647650315:,1747647650504
counter/10/0/0/0,78:1747647650363:,1747647650504
counter/10/0/0/0,79:1747647650363:,1747647650504
counter/10/0/0/0,80:1747647650363:,1747647650504
counter/10/0/0/0,81:1747647650364:,1747647650504
counter/10/0/0/0,82:1747647650364:,1747647650504
counter/10/0/0/0,83:1747647650364:,1747647650504
counter/10/0/0/0,84:1747647650364:,1747647650504
counter/10/0/0/0,85:1747647650364:,1747647650504
counter/8/0/0/0,97:1747647650370:,1747647650504
counter/10/0/0/0,86:1747647650364:,1747647650504
counter/10/0/0/0,87:1747647650364:,1747647650505
counter/10/0/0/0,88:1747647650364:,1747647650505
counter/10/0/0/0,89:1747647650364:,1747647650505
counter/1/0/0/0,103:1747647650348:,1747647650505
counter/10/0/0/0,90:1747647650364:,1747647650505
counter/10/0/0/0,91:1747647650365:,1747647650505
counter/10/0/0/0,92:1747647650365:,1747647650505
counter/9/0/0/0,138:1747647650394:,1747647650507
counter/10/0/0/0,93:1747647650365:,1747647650507
counter/5/0/0/0,80:1747647650352:,1747647650507
counter/10/0/0/0,94:1747647650365:,1747647650507
counter/5/0/0/0,81:1747647650352:,1747647650507
counter/5/0/0/0,82:1747647650353:,1747647650508
counter/6/0/0/0,114:1747647650365:,1747647650508
counter/1/0/0/0,104:1747647650348:,1747647650513
counter/1/0/0/0,105:1747647650348:,1747647650513
counter/1/0/0/0,106:1747647650348:,1747647650513
counter/1/0/0/0,107:1747647650348:,1747647650513
counter/1/0/0/0,108:1747647650348:,1747647650513
counter/1/0/0/0,109:1747647650348:,1747647650513
counter/1/0/0/0,110:1747647650348:,1747647650513
counter/1/0/0/0,111:1747647650349:,1747647650513
counter/1/0/0/0,112:1747647650349:,1747647650513
counter/1/0/0/0,113:1747647650349:,1747647650513
counter/1/0/0/0,114:1747647650372:,1747647650513
counter/1/0/0/0,115:1747647650373:,1747647650513
counter/7/0/0/0,72:1747647650398:,1747647650513
counter/7/0/0/0,73:1747647650398:,1747647650513
counter/7/0/0/0,74:1747647650404:,1747647650513
counter/7/0/0/0,75:1747647650404:,1747647650513
counter/7/0/0/0,76:1747647650404:,1747647650513
counter/7/0/0/0,77:1747647650404:,1747647650514
counter/9/0/0/0,139:1747647650395:,1747647650514
counter/7/0/0/0,78:1747647650404:,1747647650514
counter/9/0/0/0,140:1747647650395:,1747647650515
counter/9/0/0/0,141:1747647650395:,1747647650515
counter/9/0/0/0,142:1747647650397:,1747647650515
counter/9/0/0/0,143:1747647650397:,1747647650515
counter/9/0/0/0,144:1747647650397:,1747647650515
counter/9/0/0/0,145:1747647650399:,1747647650515
counter/2/0/0/0,138:1747647650315:,1747647650516
counter/2/0/0/0,139:1747647650315:,1747647650516
counter/10/0/0/0,95:1747647650365:,1747647650516
counter/10/0/0/0,96:1747647650373:,1747647650516
counter/10/0/0/0,97:1747647650373:,1747647650516
counter/10/0/0/0,98:1747647650378:,1747647650516
counter/5/0/0/0,83:1747647650353:,1747647650517
counter/4/0/0/0,125:1747647650438:,1747647650518
counter/4/0/0/0,126:1747647650438:,1747647650518
counter/4/0/0/0,127:1747647650448:,1747647650518
counter/4/0/0/0,128:1747647650448:,1747647650518
counter/4/0/0/0,129:1747647650463:,1747647650518
counter/4/0/0/0,130:1747647650471:,1747647650518
counter/4/0/0/0,131:1747647650471:,1747647650518
counter/4/0/0/0,132:1747647650471:,1747647650519
counter/9/0/0/0,146:1747647650399:,1747647650519
counter/9/0/0/0,147:1747647650399:,1747647650520
counter/9/0/0/0,148:1747647650399:,1747647650520
counter/9/0/0/0,149:1747647650399:,1747647650520
counter/9/0/0/0,150:1747647650400:,1747647650520
counter/9/0/0/0,151:1747647650400:,1747647650520
counter/3/0/0/0,139:1747647650331:,1747647650520
counter/4/0/0/0,133:1747647650471:,1747647650520
counter/2/0/0/0,140:1747647650315:,1747647650520
counter/9/0/0/0,152:1747647650400:,1747647650521
counter/2/0/0/0,141:1747647650315:,1747647650521
counter/4/0/0/0,134:1747647650471:,1747647650521
counter/1/0/0/0,116:1747647650373:,1747647650521
counter/9/0/0/0,153:1747647650400:,1747647650522
counter/9/0/0/0,154:1747647650400:,1747647650522
counter/9/0/0/0,155:1747647650400:,1747647650522
counter/7/0/0/0,79:1747647650404:,1747647650522
counter/4/0/0/0,135:1747647650471:,1747647650523
counter/1/0/0/0,117:1747647650379:,1747647650523
counter/1/0/0/0,118:1747647650379:,1747647650523
counter/1/0/0/0,119:1747647650379:,1747647650523
counter/1/0/0/0,120:1747647650379:,1747647650523
counter/1/0/0/0,121:1747647650379:,1747647650524
counter/1/0/0/0,122:1747647650379:,1747647650524
counter/1/0/0/0,123:1747647650379:,1747647650524
counter/1/0/0/0,124:1747647650379:,1747647650524
counter/1/0/0/0,125:1747647650379:,1747647650524
counter/10/0/0/0,99:1747647650378:,1747647650525
counter/8/0/0/0,98:1747647650370:,1747647650525
counter/8/0/0/0,99:1747647650370:,1747647650525
counter/8/0/0/0,100:1747647650370:,1747647650525
counter/4/0/0/0,136:1747647650471:,1747647650525
counter/8/0/0/0,101:1747647650370:,1747647650525
counter/4/0/0/0,137:1747647650471:,1747647650525
counter/4/0/0/0,138:1747647650472:,1747647650525
counter/4/0/0/0,139:1747647650472:,1747647650525
counter/4/0/0/0,140:1747647650472:,1747647650525
counter/4/0/0/0,141:1747647650474:,1747647650525
counter/2/0/0/0,142:1747647650315:,1747647650530
counter/2/0/0/0,143:1747647650315:,1747647650530
counter/10/0/0/0,100:1747647650378:,1747647650530
counter/8/0/0/0,102:1747647650370:,1747647650530
counter/8/0/0/0,103:1747647650370:,1747647650530
counter/9/0/0/0,156:1747647650400:,1747647650530
counter/6/0/0/0,115:1747647650365:,1747647650530
counter/9/0/0/0,157:1747647650400:,1747647650531
counter/9/0/0/0,158:1747647650400:,1747647650531
counter/4/0/0/0,142:1747647650475:,1747647650531
counter/5/0/0/0,84:1747647650353:,1747647650531
counter/1/0/0/0,126:1747647650384:,1747647650532
counter/5/0/0/0,85:1747647650353:,1747647650533
counter/5/0/0/0,86:1747647650353:,1747647650533
counter/5/0/0/0,87:1747647650353:,1747647650533
counter/5/0/0/0,88:1747647650353:,1747647650533
counter/5/0/0/0,89:1747647650353:,1747647650533
counter/5/0/0/0,90:1747647650353:,1747647650533
counter/7/0/0/0,80:1747647650404:,1747647650536
counter/7/0/0/0,81:1747647650404:,1747647650536
counter/8/0/0/0,104:1747647650370:,1747647650536
counter/7/0/0/0,82:1747647650404:,1747647650536
counter/10/0/0/0,101:1747647650378:,1747647650536
counter/7/0/0/0,83:1747647650404:,1747647650536
counter/7/0/0/0,84:1747647650404:,1747647650536
counter/5/0/0/0,91:1747647650353:,1747647650537
counter/5/0/0/0,92:1747647650353:,1747647650537
counter/5/0/0/0,93:1747647650353:,1747647650537
counter/5/0/0/0,94:1747647650353:,1747647650537
counter/3/0/0/0,140:1747647650331:,1747647650537
counter/1/0/0/0,127:1747647650384:,1747647650537
counter/8/0/0/0,105:1747647650370:,1747647650537
counter/1/0/0/0,128:1747647650384:,1747647650537
counter/6/0/0/0,116:1747647650365:,1747647650537
counter/6/0/0/0,117:1747647650365:,1747647650537
counter/6/0/0/0,118:1747647650365:,1747647650537
counter/6/0/0/0,119:1747647650365:,1747647650537
counter/4/0/0/0,143:1747647650475:,1747647650538
counter/4/0/0/0,144:1747647650475:,1747647650538
counter/4/0/0/0,145:1747647650475:,1747647650538
counter/9/0/0/0,159:1747647650400:,1747647650538
counter/4/0/0/0,146:1747647650475:,1747647650538
counter/4/0/0/0,147:1747647650475:,1747647650538
counter/9/0/0/0,160:1747647650400:,1747647650538
counter/8/0/0/0,106:1747647650370:,1747647650538
counter/9/0/0/0,161:1747647650400:,1747647650538
counter/9/0/0/0,162:1747647650400:,1747647650538
counter/9/0/0/0,163:1747647650400:,1747647650538
counter/9/0/0/0,164:1747647650400:,1747647650539
counter/3/0/0/0,141:1747647650331:,1747647650540
counter/3/0/0/0,142:1747647650331:,1747647650541
counter/6/0/0/0,120:1747647650365:,1747647650541
counter/3/0/0/0,143:1747647650331:,1747647650541
counter/6/0/0/0,121:1747647650365:,1747647650541
counter/6/0/0/0,122:1747647650365:,1747647650541
counter/6/0/0/0,123:1747647650365:,1747647650541
counter/10/0/0/0,102:1747647650378:,1747647650542
counter/5/0/0/0,95:1747647650353:,1747647650542
counter/3/0/0/0,144:1747647650332:,1747647650542
counter/6/0/0/0,124:1747647650365:,1747647650542
counter/6/0/0/0,125:1747647650365:,1747647650542
counter/6/0/0/0,126:1747647650365:,1747647650543
counter/9/0/0/0,165:1747647650400:,1747647650543
counter/10/0/0/0,103:1747647650378:,1747647650543
counter/2/0/0/0,144:1747647650315:,1747647650543
counter/2/0/0/0,145:1747647650316:,1747647650543
counter/2/0/0/0,146:1747647650316:,1747647650543
counter/2/0/0/0,147:1747647650316:,1747647650543
counter/2/0/0/0,148:1747647650316:,1747647650543
counter/2/0/0/0,149:1747647650316:,1747647650544
counter/2/0/0/0,150:1747647650316:,1747647650544
counter/2/0/0/0,151:1747647650316:,1747647650544
counter/8/0/0/0,107:1747647650371:,1747647650544
counter/8/0/0/0,108:1747647650371:,1747647650544
counter/8/0/0/0,109:1747647650371:,1747647650544
counter/8/0/0/0,110:1747647650371:,1747647650544
counter/8/0/0/0,111:1747647650371:,1747647650544
counter/8/0/0/0,112:1747647650372:,1747647650544
counter/8/0/0/0,113:1747647650372:,1747647650544
counter/8/0/0/0,114:1747647650372:,1747647650544
counter/5/0/0/0,96:1747647650353:,1747647650544
counter/8/0/0/0,115:1747647650372:,1747647650544
counter/8/0/0/0,116:1747647650372:,1747647650544
counter/3/0/0/0,145:1747647650332:,1747647650544
counter/8/0/0/0,117:1747647650372:,1747647650544
counter/8/0/0/0,118:1747647650372:,1747647650544
counter/3/0/0/0,146:1747647650332:,1747647650545
counter/8/0/0/0,119:1747647650372:,1747647650545
counter/3/0/0/0,147:1747647650332:,1747647650545
counter/3/0/0/0,148:1747647650332:,1747647650545
counter/3/0/0/0,149:1747647650351:,1747647650545
counter/3/0/0/0,150:1747647650361:,1747647650545
counter/3/0/0/0,151:1747647650361:,1747647650545
counter/3/0/0/0,152:1747647650362:,1747647650545
counter/10/0/0/0,104:1747647650378:,1747647650546
counter/3/0/0/0,153:1747647650362:,1747647650547
counter/10/0/0/0,105:1747647650378:,1747647650547
counter/10/0/0/0,106:1747647650378:,1747647650547
counter/10/0/0/0,107:1747647650378:,1747647650547
counter/10/0/0/0,108:1747647650378:,1747647650547
counter/4/0/0/0,148:1747647650481:,1747647650547
counter/4/0/0/0,149:1747647650482:,1747647650547
counter/4/0/0/0,150:1747647650482:,1747647650547
counter/4/0/0/0,151:1747647650482:,1747647650547
counter/4/0/0/0,152:1747647650482:,1747647650547
counter/4/0/0/0,153:1747647650482:,1747647650547
counter/1/0/0/0,129:1747647650384:,1747647650547
counter/8/0/0/0,120:1747647650372:,1747647650547
counter/8/0/0/0,121:1747647650372:,1747647650547
counter/8/0/0/0,122:1747647650372:,1747647650547
counter/8/0/0/0,123:1747647650372:,1747647650547
counter/8/0/0/0,124:1747647650372:,1747647650547
counter/9/0/0/0,166:1747647650400:,1747647650548
counter/9/0/0/0,167:1747647650400:,1747647650548
counter/9/0/0/0,168:1747647650400:,1747647650548
counter/9/0/0/0,169:1747647650400:,1747647650548
counter/9/0/0/0,170:1747647650400:,1747647650548
counter/4/0/0/0,154:1747647650482:,1747647650548
counter/8/0/0/0,125:1747647650372:,1747647650548
counter/8/0/0/0,126:1747647650372:,1747647650549
counter/8/0/0/0,127:1747647650372:,1747647650549
counter/9/0/0/0,171:1747647650400:,1747647650549
counter/2/0/0/0,152:1747647650316:,1747647650549
counter/2/0/0/0,153:1747647650316:,1747647650549
counter/2/0/0/0,154:1747647650316:,1747647650549
counter/3/0/0/0,154:1747647650362:,1747647650549
counter/9/0/0/0,172:1747647650400:,1747647650549
counter/10/0/0/0,109:1747647650378:,1747647650550
counter/10/0/0/0,110:1747647650378:,1747647650550
counter/7/0/0/0,85:1747647650404:,1747647650550
counter/2/0/0/0,155:1747647650316:,1747647650550
counter/6/0/0/0,127:1747647650366:,1747647650550
counter/2/0/0/0,156:1747647650316:,1747647650550
counter/5/0/0/0,97:1747647650353:,1747647650550
counter/2/0/0/0,157:1747647650316:,1747647650551
counter/5/0/0/0,98:1747647650353:,1747647650551
counter/2/0/0/0,158:1747647650316:,1747647650551
counter/5/0/0/0,99:1747647650353:,1747647650551
counter/5/0/0/0,100:1747647650353:,1747647650551
counter/5/0/0/0,101:1747647650359:,1747647650551
counter/10/0/0/0,111:1747647650379:,1747647650551
counter/5/0/0/0,102:1747647650361:,1747647650551
counter/7/0/0/0,86:1747647650411:,1747647650551
counter/8/0/0/0,128:1747647650372:,1747647650551
counter/4/0/0/0,155:1747647650482:,1747647650552
counter/4/0/0/0,156:1747647650482:,1747647650552
counter/4/0/0/0,157:1747647650482:,1747647650552
counter/4/0/0/0,158:1747647650484:,1747647650552
counter/4/0/0/0,159:1747647650484:,1747647650552
counter/10/0/0/0,112:1747647650379:,1747647650552
counter/7/0/0/0,87:1747647650411:,1747647650553
counter/10/0/0/0,113:1747647650381:,1747647650553
counter/10/0/0/0,114:1747647650381:,1747647650553
counter/8/0/0/0,129:1747647650372:,1747647650553
counter/10/0/0/0,115:1747647650381:,1747647650554
counter/2/0/0/0,159:1747647650316:,1747647650554
counter/10/0/0/0,116:1747647650381:,1747647650554
counter/10/0/0/0,117:1747647650381:,1747647650554
counter/6/0/0/0,128:1747647650366:,1747647650554
counter/4/0/0/0,160:1747647650484:,1747647650554
counter/4/0/0/0,161:1747647650484:,1747647650554
counter/4/0/0/0,162:1747647650484:,1747647650555
counter/4/0/0/0,163:1747647650484:,1747647650555
counter/3/0/0/0,155:1747647650362:,1747647650555
counter/4/0/0/0,164:1747647650484:,1747647650555
counter/4/0/0/0,165:1747647650484:,1747647650555
counter/4/0/0/0,166:1747647650484:,1747647650555
counter/4/0/0/0,167:1747647650484:,1747647650555
counter/4/0/0/0,168:1747647650484:,1747647650555
counter/9/0/0/0,173:1747647650400:,1747647650555
counter/8/0/0/0,130:1747647650372:,1747647650556
counter/10/0/0/0,118:1747647650381:,1747647650556
counter/3/0/0/0,156:1747647650362:,1747647650556
counter/3/0/0/0,157:1747647650362:,1747647650556
counter/3/0/0/0,158:1747647650362:,1747647650556
counter/3/0/0/0,159:1747647650362:,1747647650556
counter/3/0/0/0,160:1747647650362:,1747647650556
counter/9/0/0/0,174:1747647650400:,1747647650556
counter/1/0/0/0,130:1747647650386:,1747647650556
counter/9/0/0/0,175:1747647650400:,1747647650556
counter/9/0/0/0,176:1747647650400:,1747647650556
counter/9/0/0/0,177:1747647650400:,1747647650556
counter/8/0/0/0,131:1747647650372:,1747647650556
counter/9/0/0/0,178:1747647650400:,1747647650556
counter/8/0/0/0,132:1747647650372:,1747647650556
counter/3/0/0/0,161:1747647650362:,1747647650558
counter/4/0/0/0,169:1747647650485:,1747647650559
counter/3/0/0/0,162:1747647650362:,1747647650559
counter/1/0/0/0,131:1747647650386:,1747647650559
counter/10/0/0/0,119:1747647650381:,1747647650559
counter/10/0/0/0,120:1747647650381:,1747647650559
counter/10/0/0/0,121:1747647650381:,1747647650559
counter/8/0/0/0,133:1747647650372:,1747647650559
counter/9/0/0/0,179:1747647650400:,1747647650559
counter/7/0/0/0,88:1747647650411:,1747647650559
counter/9/0/0/0,180:1747647650400:,1747647650559
counter/9/0/0/0,181:1747647650400:,1747647650559
counter/9/0/0/0,182:1747647650400:,1747647650559
counter/9/0/0/0,183:1747647650407:,1747647650560
counter/7/0/0/0,89:1747647650411:,1747647650560
counter/7/0/0/0,90:1747647650411:,1747647650560
counter/2/0/0/0,160:1747647650316:,1747647650560
counter/7/0/0/0,91:1747647650411:,1747647650561
counter/4/0/0/0,170:1747647650490:,1747647650561
counter/4/0/0/0,171:1747647650490:,1747647650561
counter/4/0/0/0,172:1747647650490:,1747647650561
counter/4/0/0/0,173:1747647650490:,1747647650561
counter/4/0/0/0,174:1747647650490:,1747647650561
counter/2/0/0/0,161:1747647650316:,1747647650561
counter/4/0/0/0,175:1747647650490:,1747647650561
counter/3/0/0/0,163:1747647650362:,1747647650562
counter/3/0/0/0,164:1747647650362:,1747647650562
counter/3/0/0/0,165:1747647650368:,1747647650562
counter/3/0/0/0,166:1747647650368:,1747647650562
counter/3/0/0/0,167:1747647650368:,1747647650562
counter/3/0/0/0,168:1747647650368:,1747647650562
counter/2/0/0/0,162:1747647650316:,1747647650564
counter/4/0/0/0,176:1747647650495:,1747647650565
counter/2/0/0/0,163:1747647650316:,1747647650565
counter/4/0/0/0,177:1747647650495:,1747647650566
counter/5/0/0/0,103:1747647650361:,1747647650566
counter/2/0/0/0,164:1747647650316:,1747647650567
counter/10/0/0/0,122:1747647650381:,1747647650567
counter/10/0/0/0,123:1747647650381:,1747647650567
counter/10/0/0/0,124:1747647650381:,1747647650567
counter/5/0/0/0,104:1747647650361:,1747647650568
counter/5/0/0/0,105:1747647650361:,1747647650568
counter/8/0/0/0,134:1747647650372:,1747647650568
counter/5/0/0/0,106:1747647650361:,1747647650568
counter/5/0/0/0,107:1747647650361:,1747647650568
counter/2/0/0/0,165:1747647650316:,1747647650568
counter/5/0/0/0,108:1747647650361:,1747647650569
counter/2/0/0/0,166:1747647650316:,1747647650569
counter/6/0/0/0,129:1747647650366:,1747647650569
counter/6/0/0/0,130:1747647650366:,1747647650569
counter/6/0/0/0,131:1747647650366:,1747647650569
counter/6/0/0/0,132:1747647650366:,1747647650569
counter/9/0/0/0,184:1747647650407:,1747647650569
counter/6/0/0/0,133:1747647650366:,1747647650569
counter/6/0/0/0,134:1747647650366:,1747647650569
counter/5/0/0/0,109:1747647650361:,1747647650569
counter/5/0/0/0,110:1747647650361:,1747647650569
counter/2/0/0/0,167:1747647650316:,1747647650569
counter/7/0/0/0,92:1747647650411:,1747647650569
counter/5/0/0/0,111:1747647650361:,1747647650570
counter/2/0/0/0,168:1747647650321:,1747647650570
counter/9/0/0/0,185:1747647650407:,1747647650570
counter/5/0/0/0,112:1747647650361:,1747647650570
counter/2/0/0/0,169:1747647650322:,1747647650570
counter/5/0/0/0,113:1747647650361:,1747647650570
counter/2/0/0/0,170:1747647650324:,1747647650570
counter/2/0/0/0,171:1747647650325:,1747647650570
counter/2/0/0/0,172:1747647650325:,1747647650570
counter/2/0/0/0,173:1747647650325:,1747647650570
counter/4/0/0/0,178:1747647650495:,1747647650570
counter/2/0/0/0,174:1747647650325:,1747647650570
counter/1/0/0/0,132:1747647650386:,1747647650570
counter/1/0/0/0,133:1747647650386:,1747647650570
counter/8/0/0/0,135:1747647650372:,1747647650570
counter/3/0/0/0,169:1747647650368:,1747647650571
counter/3/0/0/0,170:1747647650369:,1747647650571
counter/3/0/0/0,171:1747647650369:,1747647650571
counter/2/0/0/0,175:1747647650325:,1747647650571
counter/3/0/0/0,172:1747647650369:,1747647650571
counter/3/0/0/0,173:1747647650369:,1747647650572
counter/9/0/0/0,186:1747647650407:,1747647650572
counter/2/0/0/0,176:1747647650325:,1747647650574
counter/2/0/0/0,177:1747647650325:,1747647650574
counter/8/0/0/0,136:1747647650372:,1747647650574
counter/8/0/0/0,137:1747647650372:,1747647650574
counter/8/0/0/0,138:1747647650372:,1747647650574
counter/9/0/0/0,187:1747647650407:,1747647650574
counter/10/0/0/0,125:1747647650381:,1747647650574
counter/9/0/0/0,188:1747647650407:,1747647650574
counter/7/0/0/0,93:1747647650411:,1747647650574
counter/9/0/0/0,189:1747647650407:,1747647650574
counter/4/0/0/0,179:1747647650495:,1747647650574
counter/4/0/0/0,180:1747647650495:,1747647650574
counter/4/0/0/0,181:1747647650496:,1747647650575
counter/4/0/0/0,182:1747647650496:,1747647650575
counter/4/0/0/0,183:1747647650511:,1747647650575
counter/1/0/0/0,134:1747647650386:,1747647650575
counter/1/0/0/0,135:1747647650386:,1747647650575
counter/1/0/0/0,136:1747647650386:,1747647650575
counter/1/0/0/0,137:1747647650386:,1747647650575
counter/1/0/0/0,138:1747647650386:,1747647650575
counter/8/0/0/0,139:1747647650372:,1747647650575
counter/6/0/0/0,135:1747647650366:,1747647650575
counter/6/0/0/0,136:1747647650366:,1747647650575
counter/10/0/0/0,126:1747647650381:,1747647650575
counter/5/0/0/0,114:1747647650361:,1747647650575
counter/10/0/0/0,127:1747647650381:,1747647650575
counter/10/0/0/0,128:1747647650382:,1747647650575
counter/10/0/0/0,129:1747647650382:,1747647650575
counter/3/0/0/0,174:1747647650369:,1747647650575
counter/3/0/0/0,175:1747647650369:,1747647650575
counter/8/0/0/0,140:1747647650372:,1747647650576
counter/6/0/0/0,137:1747647650366:,1747647650576
counter/7/0/0/0,94:1747647650411:,1747647650576
counter/7/0/0/0,95:1747647650411:,1747647650576
counter/7/0/0/0,96:1747647650412:,1747647650576
counter/7/0/0/0,97:1747647650412:,1747647650576
counter/7/0/0/0,98:1747647650412:,1747647650576
counter/7/0/0/0,99:1747647650412:,1747647650576
counter/8/0/0/0,141:1747647650372:,1747647650577
counter/5/0/0/0,115:1747647650361:,1747647650577
counter/8/0/0/0,142:1747647650372:,1747647650577
counter/3/0/0/0,176:1747647650369:,1747647650577
counter/9/0/0/0,190:1747647650407:,1747647650577
counter/2/0/0/0,178:1747647650325:,1747647650577
counter/2/0/0/0,179:1747647650326:,1747647650577
counter/2/0/0/0,180:1747647650326:,1747647650577
counter/2/0/0/0,181:1747647650326:,1747647650577
counter/2/0/0/0,182:1747647650326:,1747647650578
counter/2/0/0/0,183:1747647650326:,1747647650578
counter/2/0/0/0,184:1747647650326:,1747647650578
counter/2/0/0/0,185:1747647650326:,1747647650578
counter/2/0/0/0,186:1747647650326:,1747647650578
counter/8/0/0/0,143:1747647650372:,1747647650578
counter/3/0/0/0,177:1747647650369:,1747647650579
counter/3/0/0/0,178:1747647650369:,1747647650579
counter/3/0/0/0,179:1747647650369:,1747647650579
counter/3/0/0/0,180:1747647650369:,1747647650579
counter/1/0/0/0,139:1747647650386:,1747647650579
counter/5/0/0/0,116:1747647650361:,1747647650579
counter/5/0/0/0,117:1747647650362:,1747647650579
counter/5/0/0/0,118:1747647650362:,1747647650579
counter/5/0/0/0,119:1747647650362:,1747647650579
counter/5/0/0/0,120:1747647650362:,1747647650579
counter/5/0/0/0,121:1747647650362:,1747647650579
counter/5/0/0/0,122:1747647650362:,1747647650579
counter/5/0/0/0,123:1747647650362:,1747647650579
counter/10/0/0/0,130:1747647650382:,1747647650579
counter/8/0/0/0,144:1747647650372:,1747647650580
counter/8/0/0/0,145:1747647650372:,1747647650580
counter/8/0/0/0,146:1747647650372:,1747647650580
counter/8/0/0/0,147:1747647650372:,1747647650580
counter/8/0/0/0,148:1747647650375:,1747647650580
counter/8/0/0/0,149:1747647650375:,1747647650580
counter/8/0/0/0,150:1747647650396:,1747647650580
counter/2/0/0/0,187:1747647650326:,1747647650580
counter/4/0/0/0,184:1747647650511:,1747647650580
counter/10/0/0/0,131:1747647650382:,1747647650580
counter/9/0/0/0,191:1747647650407:,1747647650581
counter/6/0/0/0,138:1747647650366:,1747647650582
counter/8/0/0/0,151:1747647650396:,1747647650582
counter/1/0/0/0,140:1747647650386:,1747647650582
counter/8/0/0/0,152:1747647650396:,1747647650584
counter/3/0/0/0,181:1747647650369:,1747647650584
counter/6/0/0/0,139:1747647650366:,1747647650584
counter/6/0/0/0,140:1747647650366:,1747647650584
counter/6/0/0/0,141:1747647650375:,1747647650584
counter/6/0/0/0,142:1747647650375:,1747647650584
counter/9/0/0/0,192:1747647650407:,1747647650585
counter/4/0/0/0,185:1747647650511:,1747647650585
counter/9/0/0/0,193:1747647650407:,1747647650585
counter/4/0/0/0,186:1747647650511:,1747647650585
counter/4/0/0/0,187:1747647650512:,1747647650586
counter/4/0/0/0,188:1747647650512:,1747647650586
counter/10/0/0/0,132:1747647650382:,1747647650586
counter/10/0/0/0,133:1747647650382:,1747647650586
counter/10/0/0/0,134:1747647650382:,1747647650586
counter/10/0/0/0,135:1747647650382:,1747647650586
counter/5/0/0/0,124:1747647650362:,1747647650586
counter/8/0/0/0,153:1747647650396:,1747647650587
counter/3/0/0/0,182:1747647650369:,1747647650589
counter/6/0/0/0,143:1747647650375:,1747647650589
counter/3/0/0/0,183:1747647650369:,1747647650590
counter/3/0/0/0,184:1747647650369:,1747647650590
counter/3/0/0/0,185:1747647650369:,1747647650590
counter/3/0/0/0,186:1747647650369:,1747647650590
counter/4/0/0/0,189:1747647650512:,1747647650590
counter/3/0/0/0,187:1747647650369:,1747647650591
counter/8/0/0/0,154:1747647650396:,1747647650591
counter/8/0/0/0,155:1747647650396:,1747647650591
counter/8/0/0/0,156:1747647650405:,1747647650591
counter/8/0/0/0,157:1747647650405:,1747647650591
counter/10/0/0/0,136:1747647650382:,1747647650593
counter/3/0/0/0,188:1747647650369:,1747647650593
counter/1/0/0/0,141:1747647650396:,1747647650593
counter/6/0/0/0,144:1747647650375:,1747647650594
counter/9/0/0/0,194:1747647650407:,1747647650594
counter/9/0/0/0,195:1747647650407:,1747647650594
counter/6/0/0/0,145:1747647650375:,1747647650596
counter/6/0/0/0,146:1747647650375:,1747647650596
counter/6/0/0/0,147:1747647650375:,1747647650596
counter/6/0/0/0,148:1747647650375:,1747647650596
counter/2/0/0/0,188:1747647650326:,1747647650596
counter/2/0/0/0,189:1747647650326:,1747647650596
counter/2/0/0/0,190:1747647650326:,1747647650596
counter/2/0/0/0,191:1747647650326:,1747647650596
counter/2/0/0/0,192:1747647650327:,1747647650596
counter/2/0/0/0,193:1747647650327:,1747647650596
counter/2/0/0/0,194:1747647650327:,1747647650596
counter/2/0/0/0,195:1747647650327:,1747647650596
counter/2/0/0/0,196:1747647650327:,1747647650596
counter/2/0/0/0,197:1747647650327:,1747647650596
counter/9/0/0/0,196:1747647650407:,1747647650597
counter/10/0/0/0,137:1747647650382:,1747647650597
counter/10/0/0/0,138:1747647650382:,1747647650597
counter/10/0/0/0,139:1747647650382:,1747647650597
counter/10/0/0/0,140:1747647650382:,1747647650597
counter/4/0/0/0,190:1747647650512:,1747647650597
counter/10/0/0/0,141:1747647650382:,1747647650597
counter/10/0/0/0,142:1747647650382:,1747647650597
counter/10/0/0/0,143:1747647650382:,1747647650597
counter/10/0/0/0,144:1747647650382:,1747647650597
counter/6/0/0/0,149:1747647650375:,1747647650597
counter/6/0/0/0,150:1747647650375:,1747647650597
counter/6/0/0/0,151:1747647650375:,1747647650597
counter/6/0/0/0,152:1747647650375:,1747647650598
counter/9/0/0/0,197:1747647650407:,1747647650598
counter/4/0/0/0,191:1747647650512:,1747647650598
counter/4/0/0/0,192:1747647650512:,1747647650598
counter/4/0/0/0,193:1747647650512:,1747647650598
counter/7/0/0/0,100:1747647650412:,1747647650598
counter/2/0/0/0,198:1747647650327:,1747647650600
counter/2/0/0/0,199:1747647650329:,1747647650600
counter/3/0/0/0,189:1747647650369:,1747647650600
counter/6/0/0/0,153:1747647650375:,1747647650601
counter/6/0/0/0,154:1747647650375:,1747647650601
counter/6/0/0/0,155:1747647650375:,1747647650601
counter/4/0/0/0,194:1747647650512:,1747647650601
counter/4/0/0/0,195:1747647650512:,1747647650601
counter/4/0/0/0,196:1747647650512:,1747647650601
counter/4/0/0/0,197:1747647650512:,1747647650601
counter/4/0/0/0,198:1747647650512:,1747647650601
counter/2/0/0/0,200:1747647650329:,1747647650601
counter/8/0/0/0,158:1747647650405:,1747647650601
counter/2/0/0/0,201:1747647650329:,1747647650602
counter/4/0/0/0,199:1747647650515:,1747647650602
counter/10/0/0/0,145:1747647650382:,1747647650602
counter/2/0/0/0,202:1747647650329:,1747647650602
counter/3/0/0/0,190:1747647650369:,1747647650603
counter/2/0/0/0,203:1747647650329:,1747647650603
counter/2/0/0/0,204:1747647650329:,1747647650603
counter/2/0/0/0,205:1747647650329:,1747647650603
counter/2/0/0/0,206:1747647650329:,1747647650603
counter/6/0/0/0,156:1747647650375:,1747647650604
counter/3/0/0/0,191:1747647650369:,1747647650604
counter/3/0/0/0,192:1747647650369:,1747647650604
counter/8/0/0/0,159:1747647650405:,1747647650604
counter/4/0/0/0,200:1747647650515:,1747647650604
counter/4/0/0/0,201:1747647650515:,1747647650604
counter/4/0/0/0,202:1747647650516:,1747647650604
counter/7/0/0/0,101:1747647650412:,1747647650604
counter/7/0/0/0,102:1747647650412:,1747647650604
counter/7/0/0/0,103:1747647650412:,1747647650604
counter/7/0/0/0,104:1747647650412:,1747647650605
counter/7/0/0/0,105:1747647650419:,1747647650605
counter/8/0/0/0,160:1747647650405:,1747647650606
counter/5/0/0/0,125:1747647650362:,1747647650606
counter/5/0/0/0,126:1747647650362:,1747647650606
counter/5/0/0/0,127:1747647650362:,1747647650606
counter/3/0/0/0,193:1747647650369:,1747647650606
counter/1/0/0/0,142:1747647650396:,1747647650606
counter/3/0/0/0,194:1747647650369:,1747647650606
counter/3/0/0/0,195:1747647650369:,1747647650606
counter/3/0/0/0,196:1747647650369:,1747647650606
counter/3/0/0/0,197:1747647650369:,1747647650606
counter/3/0/0/0,198:1747647650369:,1747647650606
counter/3/0/0/0,199:1747647650374:,1747647650606
counter/3/0/0/0,200:1747647650380:,1747647650606
counter/4/0/0/0,203:1747647650538:,1747647650607
counter/4/0/0/0,204:1747647650538:,1747647650607
counter/2/0/0/0,207:1747647650329:,1747647650607
counter/7/0/0/0,106:1747647650419:,1747647650607
counter/9/0/0/0,198:1747647650407:,1747647650607
counter/9/0/0/0,199:1747647650407:,1747647650607
counter/9/0/0/0,200:1747647650407:,1747647650607
counter/9/0/0/0,201:1747647650407:,1747647650607
counter/9/0/0/0,202:1747647650407:,1747647650607
counter/9/0/0/0,203:1747647650416:,1747647650608
counter/7/0/0/0,107:1747647650419:,1747647650608
counter/9/0/0/0,204:1747647650416:,1747647650608
counter/9/0/0/0,205:1747647650416:,1747647650608
counter/9/0/0/0,206:1747647650416:,1747647650608
counter/5/0/0/0,128:1747647650362:,1747647650608
counter/8/0/0/0,161:1747647650410:,1747647650608
counter/9/0/0/0,207:1747647650416:,1747647650608
counter/10/0/0/0,146:1747647650382:,1747647650608
counter/6/0/0/0,157:1747647650375:,1747647650608
counter/6/0/0/0,158:1747647650375:,1747647650608
counter/6/0/0/0,159:1747647650375:,1747647650609
counter/6/0/0/0,160:1747647650375:,1747647650609
counter/6/0/0/0,161:1747647650375:,1747647650609
counter/3/0/0/0,201:1747647650380:,1747647650610
counter/2/0/0/0,208:1747647650330:,1747647650611
counter/10/0/0/0,147:1747647650382:,1747647650611
counter/2/0/0/0,209:1747647650330:,1747647650612
counter/2/0/0/0,210:1747647650330:,1747647650612
counter/2/0/0/0,211:1747647650330:,1747647650612
counter/2/0/0/0,212:1747647650330:,1747647650612
counter/2/0/0/0,213:1747647650330:,1747647650612
counter/2/0/0/0,214:1747647650330:,1747647650612
counter/2/0/0/0,215:1747647650330:,1747647650612
counter/2/0/0/0,216:1747647650330:,1747647650612
counter/2/0/0/0,217:1747647650330:,1747647650612
counter/2/0/0/0,218:1747647650330:,1747647650612
counter/5/0/0/0,129:1747647650362:,1747647650612
counter/8/0/0/0,162:1747647650410:,1747647650612
counter/8/0/0/0,163:1747647650410:,1747647650612
counter/8/0/0/0,164:1747647650410:,1747647650612
counter/8/0/0/0,165:1747647650410:,1747647650612
counter/8/0/0/0,166:1747647650410:,1747647650612
counter/8/0/0/0,167:1747647650410:,1747647650612
counter/8/0/0/0,168:1747647650410:,1747647650612
counter/8/0/0/0,169:1747647650410:,1747647650612
counter/8/0/0/0,170:1747647650410:,1747647650612
counter/9/0/0/0,208:1747647650416:,1747647650612
counter/3/0/0/0,202:1747647650380:,1747647650612
counter/3/0/0/0,203:1747647650380:,1747647650612
counter/7/0/0/0,108:1747647650419:,1747647650612
counter/2/0/0/0,219:1747647650330:,1747647650613
counter/3/0/0/0,204:1747647650381:,1747647650614
counter/3/0/0/0,205:1747647650381:,1747647650614
counter/3/0/0/0,206:1747647650381:,1747647650614
counter/2/0/0/0,220:1747647650330:,1747647650614
counter/7/0/0/0,109:1747647650419:,1747647650615
counter/7/0/0/0,110:1747647650430:,1747647650615
counter/7/0/0/0,111:1747647650430:,1747647650615
counter/7/0/0/0,112:1747647650430:,1747647650615
counter/7/0/0/0,113:1747647650430:,1747647650615
counter/1/0/0/0,143:1747647650404:,1747647650615
counter/8/0/0/0,171:1747647650410:,1747647650615
counter/8/0/0/0,172:1747647650410:,1747647650615
counter/8/0/0/0,173:1747647650410:,1747647650615
counter/8/0/0/0,174:1747647650410:,1747647650615
counter/8/0/0/0,175:1747647650410:,1747647650615
counter/8/0/0/0,176:1747647650410:,1747647650615
counter/8/0/0/0,177:1747647650411:,1747647650616
counter/8/0/0/0,178:1747647650411:,1747647650616
counter/8/0/0/0,179:1747647650411:,1747647650616
counter/8/0/0/0,180:1747647650411:,1747647650616
counter/8/0/0/0,181:1747647650411:,1747647650616
counter/8/0/0/0,182:1747647650411:,1747647650616
counter/8/0/0/0,183:1747647650411:,1747647650616
counter/8/0/0/0,184:1747647650411:,1747647650616
counter/5/0/0/0,130:1747647650362:,1747647650616
counter/5/0/0/0,131:1747647650362:,1747647650616
counter/5/0/0/0,132:1747647650362:,1747647650616
counter/5/0/0/0,133:1747647650363:,1747647650616
counter/1/0/0/0,144:1747647650404:,1747647650616
counter/7/0/0/0,114:1747647650431:,1747647650616
counter/6/0/0/0,162:1747647650375:,1747647650616
counter/2/0/0/0,221:1747647650330:,1747647650616
counter/1/0/0/0,145:1747647650404:,1747647650616
counter/7/0/0/0,115:1747647650431:,1747647650616
counter/7/0/0/0,116:1747647650446:,1747647650617
counter/7/0/0/0,117:1747647650446:,1747647650617
counter/7/0/0/0,118:1747647650446:,1747647650617
counter/6/0/0/0,163:1747647650375:,1747647650617
counter/6/0/0/0,164:1747647650375:,1747647650617
counter/6/0/0/0,165:1747647650375:,1747647650617
counter/6/0/0/0,166:1747647650375:,1747647650617
counter/6/0/0/0,167:1747647650377:,1747647650617
counter/6/0/0/0,168:1747647650377:,1747647650617
counter/3/0/0/0,207:1747647650381:,1747647650617
counter/3/0/0/0,208:1747647650381:,1747647650617
counter/3/0/0/0,209:1747647650381:,1747647650617
counter/3/0/0/0,210:1747647650381:,1747647650618
counter/3/0/0/0,211:1747647650381:,1747647650618
counter/3/0/0/0,212:1747647650381:,1747647650618
counter/3/0/0/0,213:1747647650381:,1747647650618
counter/8/0/0/0,185:1747647650411:,1747647650618
counter/10/0/0/0,148:1747647650382:,1747647650618
counter/10/0/0/0,149:1747647650382:,1747647650618
counter/4/0/0/0,205:1747647650538:,1747647650618
counter/3/0/0/0,214:1747647650384:,1747647650618
counter/3/0/0/0,215:1747647650384:,1747647650618
counter/3/0/0/0,216:1747647650384:,1747647650618
counter/3/0/0/0,217:1747647650384:,1747647650618
counter/3/0/0/0,218:1747647650384:,1747647650618
counter/3/0/0/0,219:1747647650384:,1747647650618
counter/3/0/0/0,220:1747647650384:,1747647650618
counter/10/0/0/0,150:1747647650382:,1747647650619
counter/5/0/0/0,134:1747647650363:,1747647650619
counter/10/0/0/0,151:1747647650382:,1747647650620
counter/5/0/0/0,135:1747647650363:,1747647650621
counter/5/0/0/0,136:1747647650367:,1747647650622
counter/5/0/0/0,137:1747647650367:,1747647650622
counter/5/0/0/0,138:1747647650367:,1747647650622
counter/5/0/0/0,139:1747647650367:,1747647650622
counter/5/0/0/0,140:1747647650367:,1747647650622
counter/5/0/0/0,141:1747647650367:,1747647650622
counter/1/0/0/0,146:1747647650404:,1747647650622
counter/8/0/0/0,186:1747647650411:,1747647650622
counter/7/0/0/0,119:1747647650446:,1747647650622
counter/8/0/0/0,187:1747647650411:,1747647650622
counter/8/0/0/0,188:1747647650411:,1747647650622
counter/8/0/0/0,189:1747647650411:,1747647650622
counter/1/0/0/0,147:1747647650404:,1747647650623
counter/1/0/0/0,148:1747647650404:,1747647650623
counter/1/0/0/0,149:1747647650404:,1747647650623
counter/1/0/0/0,150:1747647650404:,1747647650623
counter/7/0/0/0,120:1747647650447:,1747647650623
counter/7/0/0/0,121:1747647650447:,1747647650623
counter/7/0/0/0,122:1747647650447:,1747647650623
counter/7/0/0/0,123:1747647650453:,1747647650623
counter/7/0/0/0,124:1747647650454:,1747647650623
counter/7/0/0/0,125:1747647650454:,1747647650624
counter/7/0/0/0,126:1747647650454:,1747647650624
counter/10/0/0/0,152:1747647650383:,1747647650624
counter/9/0/0/0,209:1747647650416:,1747647650624
counter/9/0/0/0,210:1747647650416:,1747647650624
counter/9/0/0/0,211:1747647650416:,1747647650624
counter/9/0/0/0,212:1747647650416:,1747647650624
counter/9/0/0/0,213:1747647650416:,1747647650624
counter/1/0/0/0,151:1747647650404:,1747647650624
counter/3/0/0/0,221:1747647650385:,1747647650625
counter/5/0/0/0,142:1747647650367:,1747647650625
counter/5/0/0/0,143:1747647650367:,1747647650625
counter/2/0/0/0,222:1747647650330:,1747647650625
counter/9/0/0/0,214:1747647650416:,1747647650625
counter/9/0/0/0,215:1747647650416:,1747647650625
counter/9/0/0/0,216:1747647650416:,1747647650626
counter/9/0/0/0,217:1747647650416:,1747647650626
counter/9/0/0/0,218:1747647650416:,1747647650626
counter/3/0/0/0,222:1747647650385:,1747647650626
counter/9/0/0/0,219:1747647650416:,1747647650626
counter/9/0/0/0,220:1747647650416:,1747647650626
counter/9/0/0/0,221:1747647650416:,1747647650626
counter/9/0/0/0,222:1747647650416:,1747647650626
counter/9/0/0/0,223:1747647650416:,1747647650626
counter/9/0/0/0,224:1747647650416:,1747647650626
counter/9/0/0/0,225:1747647650416:,1747647650627
counter/9/0/0/0,226:1747647650416:,1747647650627
counter/9/0/0/0,227:1747647650435:,1747647650627
counter/8/0/0/0,190:1747647650411:,1747647650627
counter/8/0/0/0,191:1747647650411:,1747647650627
counter/8/0/0/0,192:1747647650411:,1747647650627
counter/8/0/0/0,193:1747647650413:,1747647650627
counter/6/0/0/0,169:1747647650377:,1747647650627
counter/2/0/0/0,223:1747647650330:,1747647650627
counter/7/0/0/0,127:1747647650454:,1747647650628
counter/4/0/0/0,206:1747647650538:,1747647650628
counter/6/0/0/0,170:1747647650377:,1747647650628
counter/2/0/0/0,224:1747647650330:,1747647650628
counter/10/0/0/0,153:1747647650383:,1747647650629
counter/9/0/0/0,228:1747647650435:,1747647650629
counter/9/0/0/0,229:1747647650435:,1747647650629
counter/9/0/0/0,230:1747647650435:,1747647650629
counter/9/0/0/0,231:1747647650435:,1747647650629
counter/7/0/0/0,128:1747647650454:,1747647650629
counter/6/0/0/0,171:1747647650377:,1747647650630
counter/6/0/0/0,172:1747647650377:,1747647650630
counter/6/0/0/0,173:1747647650383:,1747647650630
counter/6/0/0/0,174:1747647650383:,1747647650630
counter/6/0/0/0,175:1747647650384:,1747647650630
counter/9/0/0/0,232:1747647650435:,1747647650630
counter/9/0/0/0,233:1747647650435:,1747647650630
counter/9/0/0/0,234:1747647650440:,1747647650631
counter/9/0/0/0,235:1747647650440:,1747647650631
counter/9/0/0/0,236:1747647650440:,1747647650631
counter/9/0/0/0,237:1747647650440:,1747647650631
counter/9/0/0/0,238:1747647650440:,1747647650631
counter/9/0/0/0,239:1747647650440:,1747647650631
counter/8/0/0/0,194:1747647650413:,1747647650631
counter/8/0/0/0,195:1747647650413:,1747647650631
counter/8/0/0/0,196:1747647650413:,1747647650631
counter/8/0/0/0,197:1747647650413:,1747647650631
counter/8/0/0/0,198:1747647650413:,1747647650631
counter/8/0/0/0,199:1747647650413:,1747647650631
counter/8/0/0/0,200:1747647650413:,1747647650631
counter/8/0/0/0,201:1747647650413:,1747647650631
counter/8/0/0/0,202:1747647650413:,1747647650631
counter/8/0/0/0,203:1747647650413:,1747647650631
counter/8/0/0/0,204:1747647650414:,1747647650632
counter/8/0/0/0,205:1747647650414:,1747647650632
counter/6/0/0/0,176:1747647650384:,1747647650632
counter/6/0/0/0,177:1747647650384:,1747647650632
counter/6/0/0/0,178:1747647650384:,1747647650632
counter/4/0/0/0,207:1747647650538:,1747647650632
counter/4/0/0/0,208:1747647650538:,1747647650632
counter/3/0/0/0,223:1747647650385:,1747647650632
counter/10/0/0/0,154:1747647650383:,1747647650632
counter/3/0/0/0,224:1747647650391:,1747647650632
counter/3/0/0/0,225:1747647650391:,1747647650632
counter/3/0/0/0,226:1747647650391:,1747647650632
counter/3/0/0/0,227:1747647650391:,1747647650632
counter/3/0/0/0,228:1747647650391:,1747647650632
counter/3/0/0/0,229:1747647650391:,1747647650632
counter/7/0/0/0,129:1747647650454:,1747647650632
counter/8/0/0/0,206:1747647650414:,1747647650633
counter/7/0/0/0,130:1747647650455:,1747647650634
counter/5/0/0/0,144:1747647650367:,1747647650634
counter/5/0/0/0,145:1747647650367:,1747647650634
counter/5/0/0/0,146:1747647650367:,1747647650634
counter/3/0/0/0,230:1747647650391:,1747647650634
counter/3/0/0/0,231:1747647650391:,1747647650634
counter/3/0/0/0,232:1747647650391:,1747647650634
counter/3/0/0/0,233:1747647650391:,1747647650634
counter/3/0/0/0,234:1747647650391:,1747647650634
counter/4/0/0/0,209:1747647650542:,1747647650635
counter/8/0/0/0,207:1747647650414:,1747647650635
counter/10/0/0/0,155:1747647650383:,1747647650635
counter/4/0/0/0,210:1747647650543:,1747647650635
counter/1/0/0/0,152:1747647650404:,1747647650635
counter/1/0/0/0,153:1747647650404:,1747647650635
counter/9/0/0/0,240:1747647650440:,1747647650635
counter/9/0/0/0,241:1747647650440:,1747647650635
counter/2/0/0/0,225:1747647650330:,1747647650635
counter/2/0/0/0,226:1747647650330:,1747647650635
counter/2/0/0/0,227:1747647650330:,1747647650635
counter/2/0/0/0,228:1747647650330:,1747647650635
counter/2/0/0/0,229:1747647650330:,1747647650635
counter/2/0/0/0,230:1747647650330:,1747647650635
counter/3/0/0/0,235:1747647650391:,1747647650636
counter/3/0/0/0,236:1747647650391:,1747647650636
counter/3/0/0/0,237:1747647650391:,1747647650636
counter/3/0/0/0,238:1747647650391:,1747647650636
counter/3/0/0/0,239:1747647650391:,1747647650636
counter/6/0/0/0,179:1747647650384:,1747647650637
counter/1/0/0/0,154:1747647650404:,1747647650637
counter/1/0/0/0,155:1747647650404:,1747647650637
counter/1/0/0/0,156:1747647650404:,1747647650637
counter/1/0/0/0,157:1747647650404:,1747647650637
counter/1/0/0/0,158:1747647650404:,1747647650637
counter/1/0/0/0,159:1747647650405:,1747647650637
counter/1/0/0/0,160:1747647650405:,1747647650637
counter/1/0/0/0,161:1747647650405:,1747647650637
counter/1/0/0/0,162:1747647650405:,1747647650637
counter/1/0/0/0,163:1747647650405:,1747647650637
counter/2/0/0/0,231:1747647650330:,1747647650637
counter/2/0/0/0,232:1747647650330:,1747647650637
counter/9/0/0/0,242:1747647650440:,1747647650637
counter/9/0/0/0,243:1747647650440:,1747647650637
counter/9/0/0/0,244:1747647650440:,1747647650637
counter/9/0/0/0,245:1747647650440:,1747647650637
counter/9/0/0/0,246:1747647650440:,1747647650637
counter/9/0/0/0,247:1747647650440:,1747647650637
counter/2/0/0/0,233:1747647650330:,1747647650638
counter/8/0/0/0,208:1747647650414:,1747647650638
counter/8/0/0/0,209:1747647650414:,1747647650638
counter/1/0/0/0,164:1747647650405:,1747647650638
counter/1/0/0/0,165:1747647650405:,1747647650638
counter/4/0/0/0,211:1747647650543:,1747647650638
counter/1/0/0/0,166:1747647650405:,1747647650638
counter/1/0/0/0,167:1747647650417:,1747647650638
counter/1/0/0/0,168:1747647650417:,1747647650638
counter/3/0/0/0,240:1747647650394:,1747647650638
counter/3/0/0/0,241:1747647650394:,1747647650638
counter/3/0/0/0,242:1747647650394:,1747647650638
counter/6/0/0/0,180:1747647650384:,1747647650639
counter/5/0/0/0,147:1747647650367:,1747647650639
counter/5/0/0/0,148:1747647650367:,1747647650639
counter/5/0/0/0,149:1747647650367:,1747647650639
counter/5/0/0/0,150:1747647650367:,1747647650639
counter/5/0/0/0,151:1747647650367:,1747647650639
counter/5/0/0/0,152:1747647650367:,1747647650639
counter/5/0/0/0,153:1747647650367:,1747647650639
counter/5/0/0/0,154:1747647650368:,1747647650639
counter/5/0/0/0,155:1747647650369:,1747647650639
counter/5/0/0/0,156:1747647650369:,1747647650639
counter/5/0/0/0,157:1747647650370:,1747647650639
counter/5/0/0/0,158:1747647650370:,1747647650639
counter/5/0/0/0,159:1747647650370:,1747647650639
counter/5/0/0/0,160:1747647650370:,1747647650639
counter/5/0/0/0,161:1747647650370:,1747647650639
counter/5/0/0/0,162:1747647650385:,1747647650640
counter/5/0/0/0,163:1747647650386:,1747647650640
counter/2/0/0/0,234:1747647650357:,1747647650640
counter/7/0/0/0,131:1747647650455:,1747647650640
counter/10/0/0/0,156:1747647650383:,1747647650640
counter/1/0/0/0,169:1747647650417:,1747647650640
counter/3/0/0/0,243:1747647650394:,1747647650640
counter/4/0/0/0,212:1747647650543:,1747647650640
counter/9/0/0/0,248:1747647650440:,1747647650640
counter/2/0/0/0,235:1747647650357:,1747647650640
counter/10/0/0/0,157:1747647650383:,1747647650641
counter/7/0/0/0,132:1747647650455:,1747647650641
counter/7/0/0/0,133:1747647650455:,1747647650641
counter/6/0/0/0,181:1747647650384:,1747647650641
counter/5/0/0/0,164:1747647650386:,1747647650641
counter/5/0/0/0,165:1747647650386:,1747647650641
counter/5/0/0/0,166:1747647650386:,1747647650641
counter/5/0/0/0,167:1747647650386:,1747647650641
counter/5/0/0/0,168:1747647650387:,1747647650641
counter/7/0/0/0,134:1747647650455:,1747647650641
counter/5/0/0/0,169:1747647650387:,1747647650641
counter/3/0/0/0,244:1747647650394:,1747647650642
counter/1/0/0/0,170:1747647650418:,1747647650642
counter/1/0/0/0,171:1747647650418:,1747647650642
counter/1/0/0/0,172:1747647650426:,1747647650642
counter/6/0/0/0,182:1747647650401:,1747647650642
counter/3/0/0/0,245:1747647650399:,1747647650642
counter/2/0/0/0,236:1747647650357:,1747647650642
counter/10/0/0/0,158:1747647650383:,1747647650643
counter/10/0/0/0,159:1747647650383:,1747647650643
counter/10/0/0/0,160:1747647650383:,1747647650643
counter/10/0/0/0,161:1747647650383:,1747647650643
counter/10/0/0/0,162:1747647650383:,1747647650643
counter/10/0/0/0,163:1747647650383:,1747647650643
counter/10/0/0/0,164:1747647650383:,1747647650643
counter/5/0/0/0,170:1747647650388:,1747647650643
counter/4/0/0/0,213:1747647650543:,1747647650643
counter/3/0/0/0,246:1747647650399:,1747647650643
counter/2/0/0/0,237:1747647650357:,1747647650643
counter/2/0/0/0,238:1747647650357:,1747647650643
counter/2/0/0/0,239:1747647650357:,1747647650643
counter/1/0/0/0,173:1747647650426:,1747647650644
counter/1/0/0/0,174:1747647650426:,1747647650644
counter/1/0/0/0,175:1747647650449:,1747647650644
counter/1/0/0/0,176:1747647650449:,1747647650644
counter/1/0/0/0,177:1747647650449:,1747647650644
counter/1/0/0/0,178:1747647650452:,1747647650644
counter/1/0/0/0,179:1747647650452:,1747647650644
counter/1/0/0/0,180:1747647650452:,1747647650644
counter/1/0/0/0,181:1747647650452:,1747647650644
counter/3/0/0/0,247:1747647650399:,1747647650645
counter/3/0/0/0,248:1747647650399:,1747647650645
counter/3/0/0/0,249:1747647650399:,1747647650645
counter/3/0/0/0,250:1747647650399:,1747647650645
counter/3/0/0/0,251:1747647650399:,1747647650645
counter/3/0/0/0,252:1747647650399:,1747647650645
counter/3/0/0/0,253:1747647650399:,1747647650645
counter/3/0/0/0,254:1747647650399:,1747647650645
counter/3/0/0/0,255:1747647650399:,1747647650645
counter/3/0/0/0,256:1747647650399:,1747647650645
counter/3/0/0/0,257:1747647650399:,1747647650645
counter/10/0/0/0,165:1747647650383:,1747647650646
counter/8/0/0/0,210:1747647650414:,1747647650646
counter/6/0/0/0,183:1747647650401:,1747647650646
counter/6/0/0/0,184:1747647650401:,1747647650646
counter/6/0/0/0,185:1747647650401:,1747647650646
counter/6/0/0/0,186:1747647650401:,1747647650646
counter/5/0/0/0,171:1747647650388:,1747647650646
counter/5/0/0/0,172:1747647650388:,1747647650646
counter/5/0/0/0,173:1747647650388:,1747647650646
counter/5/0/0/0,174:1747647650388:,1747647650646
counter/5/0/0/0,175:1747647650388:,1747647650646
counter/5/0/0/0,176:1747647650408:,1747647650646
counter/5/0/0/0,177:1747647650408:,1747647650646
counter/5/0/0/0,178:1747647650408:,1747647650646
counter/5/0/0/0,179:1747647650408:,1747647650646
counter/5/0/0/0,180:1747647650408:,1747647650646
counter/5/0/0/0,181:1747647650408:,1747647650646
counter/9/0/0/0,249:1747647650443:,1747647650646
counter/10/0/0/0,166:1747647650383:,1747647650646
counter/10/0/0/0,167:1747647650383:,1747647650646
counter/10/0/0/0,168:1747647650383:,1747647650646
counter/10/0/0/0,169:1747647650383:,1747647650646
counter/10/0/0/0,170:1747647650383:,1747647650646
counter/7/0/0/0,135:1747647650455:,1747647650647
counter/7/0/0/0,136:1747647650455:,1747647650647
counter/7/0/0/0,137:1747647650455:,1747647650647
counter/9/0/0/0,250:1747647650444:,1747647650647
counter/4/0/0/0,214:1747647650543:,1747647650647
counter/1/0/0/0,182:1747647650452:,1747647650647
counter/9/0/0/0,251:1747647650444:,1747647650648
counter/9/0/0/0,252:1747647650446:,1747647650648
counter/1/0/0/0,183:1747647650452:,1747647650648
counter/9/0/0/0,253:1747647650446:,1747647650648
counter/1/0/0/0,184:1747647650452:,1747647650648
counter/9/0/0/0,254:1747647650446:,1747647650648
counter/1/0/0/0,185:1747647650452:,1747647650648
counter/1/0/0/0,186:1747647650452:,1747647650648
counter/1/0/0/0,187:1747647650452:,1747647650648
counter/1/0/0/0,188:1747647650452:,1747647650648
counter/1/0/0/0,189:1747647650452:,1747647650648
counter/1/0/0/0,190:1747647650452:,1747647650648
counter/1/0/0/0,191:1747647650452:,1747647650648
counter/1/0/0/0,192:1747647650452:,1747647650648
counter/1/0/0/0,193:1747647650456:,1747647650648
counter/1/0/0/0,194:1747647650456:,1747647650648
counter/1/0/0/0,195:1747647650456:,1747647650648
counter/7/0/0/0,138:1747647650455:,1747647650649
counter/7/0/0/0,139:1747647650459:,1747647650649
counter/7/0/0/0,140:1747647650459:,1747647650649
counter/7/0/0/0,141:1747647650459:,1747647650649
counter/7/0/0/0,142:1747647650459:,1747647650649
counter/9/0/0/0,255:1747647650446:,1747647650650
counter/9/0/0/0,256:1747647650446:,1747647650651
counter/6/0/0/0,187:1747647650402:,1747647650651
counter/4/0/0/0,215:1747647650552:,1747647650652
counter/4/0/0/0,216:1747647650552:,1747647650652
counter/4/0/0/0,217:1747647650552:,1747647650652
counter/4/0/0/0,218:1747647650552:,1747647650652
counter/4/0/0/0,219:1747647650552:,1747647650652
counter/4/0/0/0,220:1747647650552:,1747647650652
counter/1/0/0/0,196:1747647650456:,1747647650652
counter/2/0/0/0,240:1747647650357:,1747647650652
counter/8/0/0/0,211:1747647650414:,1747647650652
counter/7/0/0/0,143:1747647650459:,1747647650652
counter/7/0/0/0,144:1747647650459:,1747647650652
counter/5/0/0/0,182:1747647650408:,1747647650652
counter/2/0/0/0,241:1747647650357:,1747647650653
counter/2/0/0/0,242:1747647650357:,1747647650654
counter/8/0/0/0,212:1747647650414:,1747647650654
counter/7/0/0/0,145:1747647650459:,1747647650654
counter/8/0/0/0,213:1747647650414:,1747647650655
counter/1/0/0/0,197:1747647650456:,1747647650655
counter/4/0/0/0,221:1747647650552:,1747647650655
counter/7/0/0/0,146:1747647650459:,1747647650656
counter/7/0/0/0,147:1747647650459:,1747647650656
counter/8/0/0/0,214:1747647650414:,1747647650656
counter/8/0/0/0,215:1747647650414:,1747647650656
counter/8/0/0/0,216:1747647650419:,1747647650656
counter/8/0/0/0,217:1747647650419:,1747647650657
counter/8/0/0/0,218:1747647650419:,1747647650657
counter/8/0/0/0,219:1747647650419:,1747647650657
counter/1/0/0/0,198:1747647650456:,1747647650657
counter/4/0/0/0,222:1747647650552:,1747647650657
counter/3/0/0/0,258:1747647650399:,1747647650657
counter/3/0/0/0,259:1747647650399:,1747647650658
counter/3/0/0/0,260:1747647650399:,1747647650658
counter/3/0/0/0,261:1747647650399:,1747647650658
counter/8/0/0/0,220:1747647650419:,1747647650658
counter/6/0/0/0,188:1747647650402:,1747647650658
counter/9/0/0/0,257:1747647650446:,1747647650658
counter/10/0/0/0,171:1747647650383:,1747647650658
counter/9/0/0/0,258:1747647650447:,1747647650659
counter/4/0/0/0,223:1747647650555:,1747647650659
counter/3/0/0/0,262:1747647650399:,1747647650659
counter/1/0/0/0,199:1747647650456:,1747647650660
counter/1/0/0/0,200:1747647650456:,1747647650660
counter/1/0/0/0,201:1747647650456:,1747647650660
counter/2/0/0/0,243:1747647650357:,1747647650660
counter/2/0/0/0,244:1747647650357:,1747647650660
counter/2/0/0/0,245:1747647650357:,1747647650660
counter/2/0/0/0,246:1747647650357:,1747647650660
counter/2/0/0/0,247:1747647650357:,1747647650660
counter/2/0/0/0,248:1747647650357:,1747647650660
counter/2/0/0/0,249:1747647650357:,1747647650660
counter/2/0/0/0,250:1747647650357:,1747647650660
counter/5/0/0/0,183:1747647650408:,1747647650660
counter/6/0/0/0,189:1747647650402:,1747647650661
counter/8/0/0/0,221:1747647650419:,1747647650661
counter/6/0/0/0,190:1747647650402:,1747647650661
counter/8/0/0/0,222:1747647650419:,1747647650661
counter/3/0/0/0,263:1747647650399:,1747647650662
counter/3/0/0/0,264:1747647650401:,1747647650662
counter/3/0/0/0,265:1747647650401:,1747647650662
counter/3/0/0/0,266:1747647650401:,1747647650662
counter/3/0/0/0,267:1747647650402:,1747647650662
counter/2/0/0/0,251:1747647650357:,1747647650663
counter/2/0/0/0,252:1747647650357:,1747647650663
counter/2/0/0/0,253:1747647650357:,1747647650663
counter/2/0/0/0,254:1747647650357:,1747647650663
counter/2/0/0/0,255:1747647650357:,1747647650663
counter/2/0/0/0,256:1747647650357:,1747647650663
counter/9/0/0/0,259:1747647650447:,1747647650663
counter/9/0/0/0,260:1747647650447:,1747647650664
counter/8/0/0/0,223:1747647650421:,1747647650665
counter/8/0/0/0,224:1747647650421:,1747647650665
counter/8/0/0/0,225:1747647650422:,1747647650665
counter/8/0/0/0,226:1747647650422:,1747647650665
counter/8/0/0/0,227:1747647650422:,1747647650665
counter/8/0/0/0,228:1747647650422:,1747647650665
counter/8/0/0/0,229:1747647650422:,1747647650665
counter/8/0/0/0,230:1747647650423:,1747647650665
counter/4/0/0/0,224:1747647650555:,1747647650665
counter/8/0/0/0,231:1747647650423:,1747647650665
counter/8/0/0/0,232:1747647650423:,1747647650665
counter/8/0/0/0,233:1747647650423:,1747647650665
counter/2/0/0/0,257:1747647650357:,1747647650665
counter/8/0/0/0,234:1747647650423:,1747647650665
counter/2/0/0/0,258:1747647650358:,1747647650665
counter/2/0/0/0,259:1747647650358:,1747647650665
counter/2/0/0/0,260:1747647650358:,1747647650665
counter/2/0/0/0,261:1747647650358:,1747647650666
counter/2/0/0/0,262:1747647650358:,1747647650666
counter/7/0/0/0,148:1747647650459:,1747647650666
counter/7/0/0/0,149:1747647650459:,1747647650666
counter/7/0/0/0,150:1747647650459:,1747647650667
counter/7/0/0/0,151:1747647650459:,1747647650667
counter/7/0/0/0,152:1747647650459:,1747647650667
counter/7/0/0/0,153:1747647650459:,1747647650667
counter/7/0/0/0,154:1747647650459:,1747647650667
counter/7/0/0/0,155:1747647650459:,1747647650667
counter/7/0/0/0,156:1747647650460:,1747647650667
counter/7/0/0/0,157:1747647650460:,1747647650667
counter/9/0/0/0,261:1747647650447:,1747647650667
counter/7/0/0/0,158:1747647650460:,1747647650667
counter/7/0/0/0,159:1747647650460:,1747647650667
counter/5/0/0/0,184:1747647650408:,1747647650667
counter/5/0/0/0,185:1747647650408:,1747647650667
counter/10/0/0/0,172:1747647650383:,1747647650667
counter/10/0/0/0,173:1747647650383:,1747647650667
counter/9/0/0/0,262:1747647650448:,1747647650667
counter/10/0/0/0,174:1747647650383:,1747647650668
counter/9/0/0/0,263:1747647650450:,1747647650669
counter/9/0/0/0,264:1747647650450:,1747647650669
counter/2/0/0/0,263:1747647650358:,1747647650669
counter/2/0/0/0,264:1747647650358:,1747647650669
counter/5/0/0/0,186:1747647650408:,1747647650669
counter/5/0/0/0,187:1747647650408:,1747647650669
counter/5/0/0/0,188:1747647650408:,1747647650669
counter/8/0/0/0,235:1747647650423:,1747647650669
counter/8/0/0/0,236:1747647650427:,1747647650669
counter/8/0/0/0,237:1747647650427:,1747647650669
counter/1/0/0/0,202:1747647650456:,1747647650670
counter/1/0/0/0,203:1747647650456:,1747647650670
counter/1/0/0/0,204:1747647650456:,1747647650670
counter/1/0/0/0,205:1747647650456:,1747647650670
counter/1/0/0/0,206:1747647650456:,1747647650670
counter/5/0/0/0,189:1747647650408:,1747647650670
counter/7/0/0/0,160:1747647650460:,1747647650670
counter/8/0/0/0,238:1747647650427:,1747647650670
counter/8/0/0/0,239:1747647650427:,1747647650670
counter/8/0/0/0,240:1747647650427:,1747647650670
counter/8/0/0/0,241:1747647650427:,1747647650670
counter/4/0/0/0,225:1747647650555:,1747647650670
counter/1/0/0/0,207:1747647650457:,1747647650671
counter/1/0/0/0,208:1747647650470:,1747647650671
counter/1/0/0/0,209:1747647650470:,1747647650671
counter/1/0/0/0,210:1747647650470:,1747647650671
counter/1/0/0/0,211:1747647650470:,1747647650671
counter/1/0/0/0,212:1747647650471:,1747647650671
counter/1/0/0/0,213:1747647650471:,1747647650671
counter/7/0/0/0,161:1747647650460:,1747647650672
counter/7/0/0/0,162:1747647650460:,1747647650672
counter/7/0/0/0,163:1747647650460:,1747647650672
counter/7/0/0/0,164:1747647650471:,1747647650672
counter/7/0/0/0,165:1747647650471:,1747647650672
counter/6/0/0/0,191:1747647650402:,1747647650672
counter/6/0/0/0,192:1747647650402:,1747647650672
counter/6/0/0/0,193:1747647650402:,1747647650672
counter/4/0/0/0,226:1747647650555:,1747647650672
counter/2/0/0/0,265:1747647650358:,1747647650673
counter/2/0/0/0,266:1747647650358:,1747647650673
counter/2/0/0/0,267:1747647650358:,1747647650673
counter/2/0/0/0,268:1747647650359:,1747647650673
counter/2/0/0/0,269:1747647650359:,1747647650673
counter/2/0/0/0,270:1747647650359:,1747647650673
counter/7/0/0/0,166:1747647650471:,1747647650673
counter/7/0/0/0,167:1747647650471:,1747647650674
counter/6/0/0/0,194:1747647650402:,1747647650674
counter/9/0/0/0,265:1747647650450:,1747647650674
counter/8/0/0/0,242:1747647650427:,1747647650675
counter/8/0/0/0,243:1747647650428:,1747647650675
counter/8/0/0/0,244:1747647650428:,1747647650675
counter/9/0/0/0,266:1747647650450:,1747647650675
counter/1/0/0/0,214:1747647650472:,1747647650675
counter/1/0/0/0,215:1747647650472:,1747647650675
counter/1/0/0/0,216:1747647650472:,1747647650675
counter/1/0/0/0,217:1747647650472:,1747647650675
counter/1/0/0/0,218:1747647650473:,1747647650675
counter/1/0/0/0,219:1747647650473:,1747647650675
counter/1/0/0/0,220:1747647650473:,1747647650676
counter/1/0/0/0,221:1747647650473:,1747647650676
counter/1/0/0/0,222:1747647650473:,1747647650676
counter/1/0/0/0,223:1747647650473:,1747647650676
counter/1/0/0/0,224:1747647650473:,1747647650676
counter/1/0/0/0,225:1747647650473:,1747647650676
counter/1/0/0/0,226:1747647650473:,1747647650676
counter/1/0/0/0,227:1747647650473:,1747647650676
counter/1/0/0/0,228:1747647650474:,1747647650676
counter/5/0/0/0,190:1747647650408:,1747647650676
counter/9/0/0/0,267:1747647650450:,1747647650676
counter/10/0/0/0,175:1747647650391:,1747647650677
counter/10/0/0/0,176:1747647650392:,1747647650677
counter/9/0/0/0,268:1747647650450:,1747647650677
counter/10/0/0/0,177:1747647650392:,1747647650677
counter/10/0/0/0,178:1747647650392:,1747647650677
counter/4/0/0/0,227:1747647650555:,1747647650678
counter/4/0/0/0,228:1747647650555:,1747647650679
counter/10/0/0/0,179:1747647650392:,1747647650679
counter/4/0/0/0,229:1747647650556:,1747647650679
counter/9/0/0/0,269:1747647650450:,1747647650679
counter/9/0/0/0,270:1747647650450:,1747647650679
counter/1/0/0/0,229:1747647650475:,1747647650679
counter/1/0/0/0,230:1747647650475:,1747647650679
counter/1/0/0/0,231:1747647650476:,1747647650679
counter/2/0/0/0,271:1747647650359:,1747647650679
counter/6/0/0/0,195:1747647650402:,1747647650679
counter/6/0/0/0,196:1747647650402:,1747647650679
counter/10/0/0/0,180:1747647650392:,1747647650679
counter/10/0/0/0,181:1747647650392:,1747647650680
counter/10/0/0/0,182:1747647650392:,1747647650680
counter/10/0/0/0,183:1747647650392:,1747647650680
counter/4/0/0/0,230:1747647650556:,1747647650680
counter/10/0/0/0,184:1747647650392:,1747647650680
counter/7/0/0/0,168:1747647650471:,1747647650681
counter/7/0/0/0,169:1747647650471:,1747647650681
counter/7/0/0/0,170:1747647650471:,1747647650681
counter/7/0/0/0,171:1747647650487:,1747647650681
counter/7/0/0/0,172:1747647650493:,1747647650681
counter/7/0/0/0,173:1747647650493:,1747647650681
counter/7/0/0/0,174:1747647650493:,1747647650681
counter/4/0/0/0,231:1747647650556:,1747647650681
counter/3/0/0/0,268:1747647650402:,1747647650682
counter/3/0/0/0,269:1747647650402:,1747647650682
counter/3/0/0/0,270:1747647650402:,1747647650682
counter/3/0/0/0,271:1747647650402:,1747647650682
counter/4/0/0/0,232:1747647650556:,1747647650682
counter/3/0/0/0,272:1747647650402:,1747647650682
counter/3/0/0/0,273:1747647650402:,1747647650682
counter/3/0/0/0,274:1747647650402:,1747647650682
counter/5/0/0/0,191:1747647650408:,1747647650682
counter/3/0/0/0,275:1747647650406:,1747647650682
counter/5/0/0/0,192:1747647650408:,1747647650682
counter/10/0/0/0,185:1747647650392:,1747647650683
counter/2/0/0/0,272:1747647650359:,1747647650683
counter/8/0/0/0,245:1747647650428:,1747647650684
counter/2/0/0/0,273:1747647650359:,1747647650684
counter/2/0/0/0,274:1747647650359:,1747647650684
counter/2/0/0/0,275:1747647650359:,1747647650684
counter/4/0/0/0,233:1747647650556:,1747647650684
counter/5/0/0/0,193:1747647650408:,1747647650684
counter/8/0/0/0,246:1747647650428:,1747647650684
counter/8/0/0/0,247:1747647650428:,1747647650684
counter/8/0/0/0,248:1747647650428:,1747647650684
counter/8/0/0/0,249:1747647650428:,1747647650684
counter/8/0/0/0,250:1747647650432:,1747647650684
counter/8/0/0/0,251:1747647650432:,1747647650684
counter/9/0/0/0,271:1747647650455:,1747647650684
counter/9/0/0/0,272:1747647650460:,1747647650684
counter/9/0/0/0,273:1747647650460:,1747647650684
counter/7/0/0/0,175:1747647650493:,1747647650685
counter/7/0/0/0,176:1747647650493:,1747647650685
counter/7/0/0/0,177:1747647650493:,1747647650685
counter/7/0/0/0,178:1747647650493:,1747647650685
counter/9/0/0/0,274:1747647650461:,1747647650686
counter/9/0/0/0,275:1747647650461:,1747647650687
counter/9/0/0/0,276:1747647650461:,1747647650687
counter/9/0/0/0,277:1747647650461:,1747647650687
counter/9/0/0/0,278:1747647650461:,1747647650687
counter/9/0/0/0,279:1747647650461:,1747647650687
counter/9/0/0/0,280:1747647650461:,1747647650687
counter/9/0/0/0,281:1747647650461:,1747647650687
counter/9/0/0/0,282:1747647650464:,1747647650687
counter/9/0/0/0,283:1747647650464:,1747647650687
counter/9/0/0/0,284:1747647650464:,1747647650687
counter/9/0/0/0,285:1747647650464:,1747647650687
counter/5/0/0/0,194:1747647650408:,1747647650687
counter/4/0/0/0,234:1747647650556:,1747647650689
counter/9/0/0/0,286:1747647650464:,1747647650689
counter/3/0/0/0,276:1747647650406:,1747647650689
counter/3/0/0/0,277:1747647650407:,1747647650689
counter/3/0/0/0,278:1747647650407:,1747647650689
counter/3/0/0/0,279:1747647650407:,1747647650689
counter/4/0/0/0,235:1747647650561:,1747647650690
counter/3/0/0/0,280:1747647650407:,1747647650690
counter/3/0/0/0,281:1747647650407:,1747647650690
counter/3/0/0/0,282:1747647650407:,1747647650690
counter/3/0/0/0,283:1747647650415:,1747647650690
counter/9/0/0/0,287:1747647650464:,1747647650690
counter/9/0/0/0,288:1747647650464:,1747647650690
counter/9/0/0/0,289:1747647650464:,1747647650691
counter/9/0/0/0,290:1747647650476:,1747647650691
counter/9/0/0/0,291:1747647650476:,1747647650691
counter/9/0/0/0,292:1747647650476:,1747647650691
counter/9/0/0/0,293:1747647650476:,1747647650691
counter/1/0/0/0,232:1747647650476:,1747647650691
counter/1/0/0/0,233:1747647650476:,1747647650691
counter/1/0/0/0,234:1747647650476:,1747647650692
counter/1/0/0/0,235:1747647650476:,1747647650692
counter/1/0/0/0,236:1747647650476:,1747647650692
counter/4/0/0/0,236:1747647650562:,1747647650692
counter/4/0/0/0,237:1747647650562:,1747647650692
counter/4/0/0/0,238:1747647650567:,1747647650692
counter/4/0/0/0,239:1747647650567:,1747647650692
counter/4/0/0/0,240:1747647650567:,1747647650692
counter/4/0/0/0,241:1747647650567:,1747647650692
counter/10/0/0/0,186:1747647650392:,1747647650692
counter/4/0/0/0,242:1747647650567:,1747647650692
counter/4/0/0/0,243:1747647650567:,1747647650693
counter/4/0/0/0,244:1747647650567:,1747647650693
counter/4/0/0/0,245:1747647650567:,1747647650693
counter/4/0/0/0,246:1747647650567:,1747647650693
counter/4/0/0/0,247:1747647650573:,1747647650693
counter/10/0/0/0,187:1747647650393:,1747647650693
counter/8/0/0/0,252:1747647650432:,1747647650693
counter/8/0/0/0,253:1747647650432:,1747647650693
counter/8/0/0/0,254:1747647650432:,1747647650693
counter/4/0/0/0,248:1747647650573:,1747647650693
counter/8/0/0/0,255:1747647650432:,1747647650693
counter/8/0/0/0,256:1747647650432:,1747647650693
counter/5/0/0/0,195:1747647650409:,1747647650694
counter/6/0/0/0,197:1747647650402:,1747647650694
counter/1/0/0/0,237:1747647650476:,1747647650694
counter/2/0/0/0,276:1747647650359:,1747647650694
counter/1/0/0/0,238:1747647650476:,1747647650694
counter/2/0/0/0,277:1747647650359:,1747647650694
counter/6/0/0/0,198:1747647650402:,1747647650695
counter/6/0/0/0,199:1747647650402:,1747647650698
counter/5/0/0/0,196:1747647650409:,1747647650698
counter/1/0/0/0,239:1747647650476:,1747647650699
counter/1/0/0/0,240:1747647650476:,1747647650699
counter/1/0/0/0,241:1747647650476:,1747647650699
counter/1/0/0/0,242:1747647650476:,1747647650699
counter/7/0/0/0,179:1747647650493:,1747647650699
counter/7/0/0/0,180:1747647650493:,1747647650699
counter/7/0/0/0,181:1747647650504:,1747647650699
counter/7/0/0/0,182:1747647650504:,1747647650699
counter/7/0/0/0,183:1747647650504:,1747647650699
counter/6/0/0/0,200:1747647650409:,1747647650699
counter/10/0/0/0,188:1747647650393:,1747647650699
counter/6/0/0/0,201:1747647650409:,1747647650700
counter/4/0/0/0,249:1747647650573:,1747647650700
counter/4/0/0/0,250:1747647650573:,1747647650700
counter/4/0/0/0,251:1747647650573:,1747647650700
counter/10/0/0/0,189:1747647650393:,1747647650701
counter/10/0/0/0,190:1747647650393:,1747647650701
counter/10/0/0/0,191:1747647650393:,1747647650702
counter/10/0/0/0,192:1747647650393:,1747647650702
counter/10/0/0/0,193:1747647650393:,1747647650702
counter/10/0/0/0,194:1747647650393:,1747647650702
counter/10/0/0/0,195:1747647650393:,1747647650702
counter/10/0/0/0,196:1747647650393:,1747647650702
counter/3/0/0/0,284:1747647650415:,1747647650702
counter/10/0/0/0,197:1747647650393:,1747647650702
counter/10/0/0/0,198:1747647650393:,1747647650702
counter/6/0/0/0,202:1747647650409:,1747647650702
counter/8/0/0/0,257:1747647650432:,1747647650702
counter/9/0/0/0,294:1747647650476:,1747647650702
counter/7/0/0/0,184:1747647650504:,1747647650702
counter/9/0/0/0,295:1747647650476:,1747647650702
counter/6/0/0/0,203:1747647650409:,1747647650703
counter/7/0/0/0,185:1747647650504:,1747647650703
counter/6/0/0/0,204:1747647650409:,1747647650703
counter/6/0/0/0,205:1747647650409:,1747647650703
counter/6/0/0/0,206:1747647650409:,1747647650703
counter/6/0/0/0,207:1747647650409:,1747647650703
counter/6/0/0/0,208:1747647650409:,1747647650703
counter/6/0/0/0,209:1747647650409:,1747647650703
counter/6/0/0/0,210:1747647650409:,1747647650703
counter/1/0/0/0,243:1747647650478:,1747647650703
counter/6/0/0/0,211:1747647650409:,1747647650703
counter/1/0/0/0,244:1747647650478:,1747647650703
counter/6/0/0/0,212:1747647650409:,1747647650703
counter/1/0/0/0,245:1747647650478:,1747647650703
counter/6/0/0/0,213:1747647650418:,1747647650703
counter/1/0/0/0,246:1747647650478:,1747647650703
counter/1/0/0/0,247:1747647650487:,1747647650703
counter/1/0/0/0,248:1747647650487:,1747647650703
counter/1/0/0/0,249:1747647650517:,1747647650703
counter/1/0/0/0,250:1747647650517:,1747647650703
counter/1/0/0/0,251:1747647650517:,1747647650703
counter/10/0/0/0,199:1747647650393:,1747647650703
counter/1/0/0/0,252:1747647650517:,1747647650703
counter/1/0/0/0,253:1747647650517:,1747647650704
counter/4/0/0/0,252:1747647650573:,1747647650704
counter/1/0/0/0,254:1747647650517:,1747647650704
counter/6/0/0/0,214:1747647650418:,1747647650704
counter/6/0/0/0,215:1747647650418:,1747647650704
counter/6/0/0/0,216:1747647650418:,1747647650704
counter/6/0/0/0,217:1747647650419:,1747647650704
counter/6/0/0/0,218:1747647650423:,1747647650704
counter/6/0/0/0,219:1747647650424:,1747647650704
counter/8/0/0/0,258:1747647650432:,1747647650705
counter/6/0/0/0,220:1747647650424:,1747647650705
counter/6/0/0/0,221:1747647650424:,1747647650705
counter/6/0/0/0,222:1747647650424:,1747647650705
counter/6/0/0/0,223:1747647650424:,1747647650705
counter/6/0/0/0,224:1747647650424:,1747647650705
counter/4/0/0/0,253:1747647650573:,1747647650705
counter/1/0/0/0,255:1747647650517:,1747647650705
counter/2/0/0/0,278:1747647650359:,1747647650705
counter/1/0/0/0,256:1747647650517:,1747647650705
counter/2/0/0/0,279:1747647650359:,1747647650705
counter/10/0/0/0,200:1747647650393:,1747647650705
counter/10/0/0/0,201:1747647650393:,1747647650705
counter/10/0/0/0,202:1747647650393:,1747647650706
counter/10/0/0/0,203:1747647650393:,1747647650706
counter/3/0/0/0,285:1747647650415:,1747647650706
counter/8/0/0/0,259:1747647650432:,1747647650707
counter/8/0/0/0,260:1747647650432:,1747647650707
counter/8/0/0/0,261:1747647650432:,1747647650708
counter/8/0/0/0,262:1747647650432:,1747647650708
counter/8/0/0/0,263:1747647650436:,1747647650708
counter/6/0/0/0,225:1747647650424:,1747647650708
counter/6/0/0/0,226:1747647650424:,1747647650708
counter/6/0/0/0,227:1747647650424:,1747647650708
counter/6/0/0/0,228:1747647650424:,1747647650708
counter/6/0/0/0,229:1747647650424:,1747647650708
counter/6/0/0/0,230:1747647650424:,1747647650708
counter/10/0/0/0,204:1747647650393:,1747647650708
counter/7/0/0/0,186:1747647650504:,1747647650710
counter/7/0/0/0,187:1747647650504:,1747647650710
counter/7/0/0/0,188:1747647650504:,1747647650710
counter/7/0/0/0,189:1747647650504:,1747647650710
counter/7/0/0/0,190:1747647650504:,1747647650710
counter/7/0/0/0,191:1747647650504:,1747647650710
counter/7/0/0/0,192:1747647650504:,1747647650710
counter/7/0/0/0,193:1747647650505:,1747647650710
counter/7/0/0/0,194:1747647650505:,1747647650710
counter/7/0/0/0,195:1747647650505:,1747647650710
counter/7/0/0/0,196:1747647650505:,1747647650710
counter/5/0/0/0,197:1747647650409:,1747647650711
counter/2/0/0/0,280:1747647650359:,1747647650711
counter/8/0/0/0,264:1747647650436:,1747647650711
counter/8/0/0/0,265:1747647650437:,1747647650711
counter/8/0/0/0,266:1747647650437:,1747647650711
counter/8/0/0/0,267:1747647650437:,1747647650711
counter/8/0/0/0,268:1747647650437:,1747647650711
counter/8/0/0/0,269:1747647650437:,1747647650711
counter/8/0/0/0,270:1747647650437:,1747647650711
counter/3/0/0/0,286:1747647650415:,1747647650711
counter/9/0/0/0,296:1747647650476:,1747647650711
counter/10/0/0/0,205:1747647650393:,1747647650712
counter/10/0/0/0,206:1747647650393:,1747647650712
counter/1/0/0/0,257:1747647650517:,1747647650712
counter/5/0/0/0,198:1747647650409:,1747647650712
counter/9/0/0/0,297:1747647650476:,1747647650713
counter/10/0/0/0,207:1747647650393:,1747647650713
counter/10/0/0/0,208:1747647650393:,1747647650713
counter/10/0/0/0,209:1747647650393:,1747647650713
counter/10/0/0/0,210:1747647650394:,1747647650713
counter/5/0/0/0,199:1747647650409:,1747647650713
counter/5/0/0/0,200:1747647650409:,1747647650713
counter/4/0/0/0,254:1747647650573:,1747647650713
counter/5/0/0/0,201:1747647650409:,1747647650714
counter/1/0/0/0,258:1747647650517:,1747647650715
counter/2/0/0/0,281:1747647650359:,1747647650715
counter/2/0/0/0,282:1747647650359:,1747647650715
counter/2/0/0/0,283:1747647650359:,1747647650715
counter/2/0/0/0,284:1747647650359:,1747647650716
counter/2/0/0/0,285:1747647650359:,1747647650716
counter/2/0/0/0,286:1747647650359:,1747647650716
counter/7/0/0/0,197:1747647650525:,1747647650716
counter/7/0/0/0,198:1747647650525:,1747647650716
counter/7/0/0/0,199:1747647650525:,1747647650716
counter/7/0/0/0,200:1747647650525:,1747647650716
counter/7/0/0/0,201:1747647650525:,1747647650716
counter/7/0/0/0,202:1747647650525:,1747647650716
counter/7/0/0/0,203:1747647650525:,1747647650716
counter/4/0/0/0,255:1747647650573:,1747647650716
counter/2/0/0/0,287:1747647650359:,1747647650716
counter/6/0/0/0,231:1747647650424:,1747647650716
counter/10/0/0/0,211:1747647650401:,1747647650716
counter/4/0/0/0,256:1747647650573:,1747647650717
counter/4/0/0/0,257:1747647650575:,1747647650717
counter/4/0/0/0,258:1747647650575:,1747647650717
counter/4/0/0/0,259:1747647650575:,1747647650717
counter/9/0/0/0,298:1747647650476:,1747647650718
counter/9/0/0/0,299:1747647650476:,1747647650718
counter/9/0/0/0,300:1747647650476:,1747647650718
counter/9/0/0/0,301:1747647650476:,1747647650718
counter/6/0/0/0,232:1747647650428:,1747647650721
counter/6/0/0/0,233:1747647650428:,1747647650721
counter/6/0/0/0,234:1747647650428:,1747647650721
counter/6/0/0/0,235:1747647650428:,1747647650721
counter/6/0/0/0,236:1747647650428:,1747647650721
counter/6/0/0/0,237:1747647650428:,1747647650721
counter/6/0/0/0,238:1747647650428:,1747647650721
counter/6/0/0/0,239:1747647650428:,1747647650721
counter/6/0/0/0,240:1747647650428:,1747647650721
counter/6/0/0/0,241:1747647650428:,1747647650721
counter/6/0/0/0,242:1747647650428:,1747647650721
counter/6/0/0/0,243:1747647650428:,1747647650721
counter/6/0/0/0,244:1747647650428:,1747647650721
counter/6/0/0/0,245:1747647650428:,1747647650721
counter/6/0/0/0,246:1747647650428:,1747647650721
counter/6/0/0/0,247:1747647650428:,1747647650721
counter/6/0/0/0,248:1747647650428:,1747647650721
counter/6/0/0/0,249:1747647650428:,1747647650721
counter/6/0/0/0,250:1747647650428:,1747647650721
counter/2/0/0/0,288:1747647650359:,1747647650721
counter/8/0/0/0,271:1747647650437:,1747647650722
counter/8/0/0/0,272:1747647650437:,1747647650722
counter/8/0/0/0,273:1747647650437:,1747647650722
counter/10/0/0/0,212:1747647650401:,1747647650722
counter/10/0/0/0,213:1747647650401:,1747647650723
counter/10/0/0/0,214:1747647650401:,1747647650723
counter/10/0/0/0,215:1747647650403:,1747647650723
counter/10/0/0/0,216:1747647650405:,1747647650723
counter/10/0/0/0,217:1747647650405:,1747647650723
counter/4/0/0/0,260:1747647650575:,1747647650723
counter/10/0/0/0,218:1747647650406:,1747647650723
counter/10/0/0/0,219:1747647650406:,1747647650723
counter/10/0/0/0,220:1747647650406:,1747647650723
counter/8/0/0/0,274:1747647650437:,1747647650723
counter/4/0/0/0,261:1747647650576:,1747647650723
counter/2/0/0/0,289:1747647650359:,1747647650724
counter/10/0/0/0,221:1747647650406:,1747647650726
counter/8/0/0/0,275:1747647650437:,1747647650726
counter/8/0/0/0,276:1747647650443:,1747647650726
counter/10/0/0/0,222:1747647650406:,1747647650726
counter/8/0/0/0,277:1747647650443:,1747647650726
counter/8/0/0/0,278:1747647650443:,1747647650727
counter/7/0/0/0,204:1747647650525:,1747647650727
counter/8/0/0/0,279:1747647650444:,1747647650727
counter/8/0/0/0,280:1747647650444:,1747647650727
counter/5/0/0/0,202:1747647650410:,1747647650727
counter/2/0/0/0,290:1747647650359:,1747647650727
counter/8/0/0/0,281:1747647650444:,1747647650727
counter/4/0/0/0,262:1747647650576:,1747647650727
counter/3/0/0/0,287:1747647650415:,1747647650727
counter/4/0/0/0,263:1747647650579:,1747647650728
counter/9/0/0/0,302:1747647650476:,1747647650728
counter/1/0/0/0,259:1747647650517:,1747647650728
counter/5/0/0/0,203:1747647650410:,1747647650728
counter/1/0/0/0,260:1747647650517:,1747647650728
counter/1/0/0/0,261:1747647650517:,1747647650728
counter/1/0/0/0,262:1747647650517:,1747647650728
counter/1/0/0/0,263:1747647650517:,1747647650728
counter/8/0/0/0,282:1747647650444:,1747647650729
counter/8/0/0/0,283:1747647650444:,1747647650729
counter/2/0/0/0,291:1747647650370:,1747647650729
counter/1/0/0/0,264:1747647650517:,1747647650729
counter/1/0/0/0,265:1747647650520:,1747647650729
counter/1/0/0/0,266:1747647650520:,1747647650729
counter/1/0/0/0,267:1747647650520:,1747647650729
counter/9/0/0/0,303:1747647650477:,1747647650729
counter/10/0/0/0,223:1747647650406:,1747647650730
counter/10/0/0/0,224:1747647650406:,1747647650730
counter/10/0/0/0,225:1747647650406:,1747647650730
counter/10/0/0/0,226:1747647650406:,1747647650730
counter/10/0/0/0,227:1747647650406:,1747647650730
counter/10/0/0/0,228:1747647650406:,1747647650730
counter/10/0/0/0,229:1747647650406:,1747647650730
counter/8/0/0/0,284:1747647650444:,1747647650730
counter/8/0/0/0,285:1747647650444:,1747647650730
counter/8/0/0/0,286:1747647650444:,1747647650731
counter/8/0/0/0,287:1747647650444:,1747647650731
counter/8/0/0/0,288:1747647650445:,1747647650731
counter/8/0/0/0,289:1747647650445:,1747647650731
counter/1/0/0/0,268:1747647650521:,1747647650731
counter/3/0/0/0,288:1747647650415:,1747647650731
counter/1/0/0/0,269:1747647650521:,1747647650731
counter/1/0/0/0,270:1747647650522:,1747647650731
counter/10/0/0/0,230:1747647650406:,1747647650731
counter/9/0/0/0,304:1747647650477:,1747647650731
counter/10/0/0/0,231:1747647650406:,1747647650731
counter/9/0/0/0,305:1747647650477:,1747647650731
counter/3/0/0/0,289:1747647650415:,1747647650731
counter/4/0/0/0,264:1747647650579:,1747647650731
counter/4/0/0/0,265:1747647650579:,1747647650731
counter/4/0/0/0,266:1747647650579:,1747647650731
counter/4/0/0/0,267:1747647650579:,1747647650731
counter/4/0/0/0,268:1747647650579:,1747647650731
counter/4/0/0/0,269:1747647650579:,1747647650732
counter/1/0/0/0,271:1747647650522:,1747647650732
counter/7/0/0/0,205:1747647650525:,1747647650732
counter/1/0/0/0,272:1747647650522:,1747647650732
counter/1/0/0/0,273:1747647650522:,1747647650732
counter/1/0/0/0,274:1747647650522:,1747647650732
counter/1/0/0/0,275:1747647650522:,1747647650732
counter/1/0/0/0,276:1747647650522:,1747647650732
counter/1/0/0/0,277:1747647650522:,1747647650732
counter/1/0/0/0,278:1747647650522:,1747647650732
counter/1/0/0/0,279:1747647650522:,1747647650733
counter/1/0/0/0,280:1747647650522:,1747647650733
counter/1/0/0/0,281:1747647650522:,1747647650733
counter/2/0/0/0,292:1747647650370:,1747647650733
counter/9/0/0/0,306:1747647650477:,1747647650733
counter/9/0/0/0,307:1747647650479:,1747647650733
counter/9/0/0/0,308:1747647650479:,1747647650733
counter/9/0/0/0,309:1747647650479:,1747647650733
counter/1/0/0/0,282:1747647650522:,1747647650733
counter/5/0/0/0,204:1747647650410:,1747647650733
counter/1/0/0/0,283:1747647650522:,1747647650734
counter/6/0/0/0,251:1747647650431:,1747647650734
counter/10/0/0/0,232:1747647650406:,1747647650734
counter/10/0/0/0,233:1747647650406:,1747647650734
counter/10/0/0/0,234:1747647650406:,1747647650734
counter/10/0/0/0,235:1747647650418:,1747647650734
counter/5/0/0/0,205:1747647650410:,1747647650734
counter/2/0/0/0,293:1747647650370:,1747647650734
counter/2/0/0/0,294:1747647650370:,1747647650734
counter/1/0/0/0,284:1747647650522:,1747647650735
counter/5/0/0/0,206:1747647650414:,1747647650735
counter/5/0/0/0,207:1747647650414:,1747647650735
counter/2/0/0/0,295:1747647650370:,1747647650736
counter/6/0/0/0,252:1747647650431:,1747647650736
counter/3/0/0/0,290:1747647650415:,1747647650736
counter/3/0/0/0,291:1747647650415:,1747647650736
counter/3/0/0/0,292:1747647650415:,1747647650736
counter/3/0/0/0,293:1747647650415:,1747647650736
counter/3/0/0/0,294:1747647650415:,1747647650736
counter/3/0/0/0,295:1747647650415:,1747647650736
counter/3/0/0/0,296:1747647650415:,1747647650736
counter/3/0/0/0,297:1747647650415:,1747647650736
counter/3/0/0/0,298:1747647650415:,1747647650736
counter/3/0/0/0,299:1747647650415:,1747647650736
counter/3/0/0/0,300:1747647650415:,1747647650736
counter/3/0/0/0,301:1747647650419:,1747647650736
counter/3/0/0/0,302:1747647650419:,1747647650737
counter/3/0/0/0,303:1747647650419:,1747647650737
counter/3/0/0/0,304:1747647650419:,1747647650737
counter/1/0/0/0,285:1747647650533:,1747647650737
counter/1/0/0/0,286:1747647650533:,1747647650737
counter/6/0/0/0,253:1747647650431:,1747647650737
counter/10/0/0/0,236:1747647650418:,1747647650737
counter/4/0/0/0,270:1747647650579:,1747647650738
counter/5/0/0/0,208:1747647650414:,1747647650738
counter/7/0/0/0,206:1747647650525:,1747647650739
counter/2/0/0/0,296:1747647650370:,1747647650740
counter/2/0/0/0,297:1747647650370:,1747647650740
counter/2/0/0/0,298:1747647650370:,1747647650740
counter/2/0/0/0,299:1747647650370:,1747647650740
counter/3/0/0/0,305:1747647650423:,1747647650740
counter/2/0/0/0,300:1747647650390:,1747647650740
counter/5/0/0/0,209:1747647650414:,1747647650740
counter/5/0/0/0,210:1747647650414:,1747647650740
counter/5/0/0/0,211:1747647650414:,1747647650740
counter/2/0/0/0,301:1747647650395:,1747647650741
counter/4/0/0/0,271:1747647650579:,1747647650742
counter/4/0/0/0,272:1747647650579:,1747647650742
counter/3/0/0/0,306:1747647650423:,1747647650742
counter/4/0/0/0,273:1747647650579:,1747647650742
counter/4/0/0/0,274:1747647650579:,1747647650742
counter/4/0/0/0,275:1747647650579:,1747647650742
counter/8/0/0/0,290:1747647650445:,1747647650743
counter/8/0/0/0,291:1747647650445:,1747647650743
counter/7/0/0/0,207:1747647650526:,1747647650743
counter/10/0/0/0,237:1747647650418:,1747647650743
counter/10/0/0/0,238:1747647650421:,1747647650743
counter/10/0/0/0,239:1747647650421:,1747647650743
counter/10/0/0/0,240:1747647650421:,1747647650743
counter/10/0/0/0,241:1747647650421:,1747647650743
counter/10/0/0/0,242:1747647650421:,1747647650743
counter/10/0/0/0,243:1747647650421:,1747647650743
counter/10/0/0/0,244:1747647650421:,1747647650743
counter/10/0/0/0,245:1747647650421:,1747647650743
counter/10/0/0/0,246:1747647650421:,1747647650744
counter/10/0/0/0,247:1747647650421:,1747647650744
counter/3/0/0/0,307:1747647650423:,1747647650745
counter/3/0/0/0,308:1747647650423:,1747647650745
counter/3/0/0/0,309:1747647650423:,1747647650745
counter/3/0/0/0,310:1747647650423:,1747647650745
counter/3/0/0/0,311:1747647650423:,1747647650745
counter/3/0/0/0,312:1747647650423:,1747647650745
counter/3/0/0/0,313:1747647650423:,1747647650745
counter/3/0/0/0,314:1747647650423:,1747647650745
counter/3/0/0/0,315:1747647650423:,1747647650745
counter/3/0/0/0,316:1747647650424:,1747647650745
counter/3/0/0/0,317:1747647650424:,1747647650745
counter/2/0/0/0,302:1747647650395:,1747647650745
counter/7/0/0/0,208:1747647650526:,1747647650745
counter/2/0/0/0,303:1747647650395:,1747647650745
counter/4/0/0/0,276:1747647650580:,1747647650745
counter/4/0/0/0,277:1747647650581:,1747647650745
counter/4/0/0/0,278:1747647650581:,1747647650745
counter/4/0/0/0,279:1747647650581:,1747647650746
counter/10/0/0/0,248:1747647650421:,1747647650746
counter/10/0/0/0,249:1747647650422:,1747647650746
counter/10/0/0/0,250:1747647650422:,1747647650746
counter/10/0/0/0,251:1747647650422:,1747647650746
counter/3/0/0/0,318:1747647650424:,1747647650746
counter/3/0/0/0,319:1747647650424:,1747647650746
counter/3/0/0/0,320:1747647650424:,1747647650746
counter/3/0/0/0,321:1747647650429:,1747647650746
counter/3/0/0/0,322:1747647650432:,1747647650746
counter/2/0/0/0,304:1747647650395:,1747647650746
counter/4/0/0/0,280:1747647650581:,1747647650747
counter/2/0/0/0,305:1747647650395:,1747647650747
counter/9/0/0/0,310:1747647650479:,1747647650747
counter/9/0/0/0,311:1747647650479:,1747647650747
counter/1/0/0/0,287:1747647650533:,1747647650750
counter/1/0/0/0,288:1747647650533:,1747647650750
counter/1/0/0/0,289:1747647650533:,1747647650750
counter/1/0/0/0,290:1747647650533:,1747647650750
counter/1/0/0/0,291:1747647650533:,1747647650750
counter/1/0/0/0,292:1747647650533:,1747647650750
counter/1/0/0/0,293:1747647650533:,1747647650750
counter/1/0/0/0,294:1747647650533:,1747647650750
counter/7/0/0/0,209:1747647650526:,1747647650751
counter/1/0/0/0,295:1747647650533:,1747647650751
counter/2/0/0/0,306:1747647650395:,1747647650751
counter/10/0/0/0,252:1747647650422:,1747647650752
counter/6/0/0/0,254:1747647650431:,1747647650752
counter/8/0/0/0,292:1747647650445:,1747647650752
counter/8/0/0/0,293:1747647650445:,1747647650752
counter/8/0/0/0,294:1747647650445:,1747647650752
counter/8/0/0/0,295:1747647650445:,1747647650753
counter/8/0/0/0,296:1747647650445:,1747647650753
counter/3/0/0/0,323:1747647650432:,1747647650753
counter/2/0/0/0,307:1747647650395:,1747647650753
counter/5/0/0/0,212:1747647650414:,1747647650753
counter/5/0/0/0,213:1747647650414:,1747647650753
counter/2/0/0/0,308:1747647650402:,1747647650754
counter/2/0/0/0,309:1747647650402:,1747647650754
counter/5/0/0/0,214:1747647650414:,1747647650754
counter/2/0/0/0,310:1747647650403:,1747647650754
counter/8/0/0/0,297:1747647650445:,1747647650754
counter/2/0/0/0,311:1747647650403:,1747647650756
counter/2/0/0/0,312:1747647650403:,1747647650756
counter/2/0/0/0,313:1747647650403:,1747647650756
counter/2/0/0/0,314:1747647650403:,1747647650756
counter/10/0/0/0,253:1747647650422:,1747647650756
counter/1/0/0/0,296:1747647650534:,1747647650756
counter/5/0/0/0,215:1747647650414:,1747647650756
counter/5/0/0/0,216:1747647650414:,1747647650756
counter/5/0/0/0,217:1747647650414:,1747647650756
counter/8/0/0/0,298:1747647650445:,1747647650756
counter/6/0/0/0,255:1747647650431:,1747647650756
counter/4/0/0/0,281:1747647650581:,1747647650757
counter/7/0/0/0,210:1747647650526:,1747647650757
counter/7/0/0/0,211:1747647650526:,1747647650757
counter/7/0/0/0,212:1747647650526:,1747647650757
counter/2/0/0/0,315:1747647650403:,1747647650757
counter/9/0/0/0,312:1747647650479:,1747647650758
counter/10/0/0/0,254:1747647650422:,1747647650759
counter/8/0/0/0,299:1747647650445:,1747647650759
counter/6/0/0/0,256:1747647650431:,1747647650759
counter/6/0/0/0,257:1747647650431:,1747647650759
counter/6/0/0/0,258:1747647650431:,1747647650759
counter/6/0/0/0,259:1747647650432:,1747647650759
counter/6/0/0/0,260:1747647650436:,1747647650759
counter/6/0/0/0,261:1747647650436:,1747647650759
counter/6/0/0/0,262:1747647650436:,1747647650759
counter/6/0/0/0,263:1747647650436:,1747647650759
counter/6/0/0/0,264:1747647650436:,1747647650759
counter/6/0/0/0,265:1747647650436:,1747647650759
counter/6/0/0/0,266:1747647650436:,1747647650759
counter/4/0/0/0,282:1747647650581:,1747647650759
counter/8/0/0/0,300:1747647650445:,1747647650760
counter/2/0/0/0,316:1747647650403:,1747647650760
counter/10/0/0/0,255:1747647650422:,1747647650761
counter/9/0/0/0,313:1747647650479:,1747647650761
counter/9/0/0/0,314:1747647650479:,1747647650761
counter/9/0/0/0,315:1747647650479:,1747647650761
counter/9/0/0/0,316:1747647650479:,1747647650761
counter/9/0/0/0,317:1747647650479:,1747647650761
counter/9/0/0/0,318:1747647650479:,1747647650761
counter/4/0/0/0,283:1747647650581:,1747647650761
counter/4/0/0/0,284:1747647650581:,1747647650761
counter/4/0/0/0,285:1747647650581:,1747647650761
counter/1/0/0/0,297:1747647650534:,1747647650762
counter/1/0/0/0,298:1747647650534:,1747647650762
counter/1/0/0/0,299:1747647650538:,1747647650762
counter/1/0/0/0,300:1747647650538:,1747647650762
counter/1/0/0/0,301:1747647650538:,1747647650762
counter/2/0/0/0,317:1747647650403:,1747647650762
counter/1/0/0/0,302:1747647650538:,1747647650762
counter/2/0/0/0,318:1747647650403:,1747647650762
counter/1/0/0/0,303:1747647650538:,1747647650762
counter/2/0/0/0,319:1747647650403:,1747647650762
counter/2/0/0/0,320:1747647650403:,1747647650762
counter/2/0/0/0,321:1747647650403:,1747647650762
counter/10/0/0/0,256:1747647650422:,1747647650762
counter/9/0/0/0,319:1747647650481:,1747647650762
counter/8/0/0/0,301:1747647650445:,1747647650763
counter/8/0/0/0,302:1747647650445:,1747647650763
counter/8/0/0/0,303:1747647650445:,1747647650763
counter/4/0/0/0,286:1747647650582:,1747647650763
counter/4/0/0/0,287:1747647650582:,1747647650763
counter/1/0/0/0,304:1747647650538:,1747647650764
counter/1/0/0/0,305:1747647650538:,1747647650764
counter/1/0/0/0,306:1747647650538:,1747647650764
counter/1/0/0/0,307:1747647650538:,1747647650764
counter/1/0/0/0,308:1747647650538:,1747647650764
counter/1/0/0/0,309:1747647650539:,1747647650764
counter/1/0/0/0,310:1747647650539:,1747647650764
counter/1/0/0/0,311:1747647650539:,1747647650764
counter/1/0/0/0,312:1747647650539:,1747647650764
counter/6/0/0/0,267:1747647650436:,1747647650764
counter/4/0/0/0,288:1747647650582:,1747647650764
counter/6/0/0/0,268:1747647650436:,1747647650764
counter/4/0/0/0,289:1747647650582:,1747647650764
counter/9/0/0/0,320:1747647650492:,1747647650764
counter/9/0/0/0,321:1747647650512:,1747647650764
counter/9/0/0/0,322:1747647650530:,1747647650764
counter/9/0/0/0,323:1747647650531:,1747647650764
counter/8/0/0/0,304:1747647650445:,1747647650765
counter/2/0/0/0,322:1747647650403:,1747647650765
counter/2/0/0/0,323:1747647650403:,1747647650765
counter/2/0/0/0,324:1747647650420:,1747647650765
counter/2/0/0/0,325:1747647650420:,1747647650765
counter/8/0/0/0,305:1747647650445:,1747647650767
counter/8/0/0/0,306:1747647650445:,1747647650767
counter/8/0/0/0,307:1747647650445:,1747647650767
counter/8/0/0/0,308:1747647650448:,1747647650767
counter/8/0/0/0,309:1747647650448:,1747647650767
counter/8/0/0/0,310:1747647650448:,1747647650767
counter/8/0/0/0,311:1747647650448:,1747647650767
counter/8/0/0/0,312:1747647650448:,1747647650767
counter/8/0/0/0,313:1747647650448:,1747647650767
counter/8/0/0/0,314:1747647650448:,1747647650767
counter/8/0/0/0,315:1747647650448:,1747647650767
counter/8/0/0/0,316:1747647650448:,1747647650767
counter/10/0/0/0,257:1747647650426:,1747647650767
counter/8/0/0/0,317:1747647650448:,1747647650767
counter/7/0/0/0,213:1747647650526:,1747647650767
counter/8/0/0/0,318:1747647650448:,1747647650768
counter/3/0/0/0,324:1747647650432:,1747647650768
counter/1/0/0/0,313:1747647650539:,1747647650768
counter/2/0/0/0,326:1747647650420:,1747647650768
counter/4/0/0/0,290:1747647650582:,1747647650768
counter/4/0/0/0,291:1747647650582:,1747647650768
counter/4/0/0/0,292:1747647650582:,1747647650768
counter/4/0/0/0,293:1747647650582:,1747647650769
counter/5/0/0/0,218:1747647650414:,1747647650769
counter/4/0/0/0,294:1747647650582:,1747647650769
counter/7/0/0/0,214:1747647650526:,1747647650769
counter/4/0/0/0,295:1747647650582:,1747647650769
counter/1/0/0/0,314:1747647650539:,1747647650769
counter/5/0/0/0,219:1747647650417:,1747647650769
counter/1/0/0/0,315:1747647650540:,1747647650769
counter/5/0/0/0,220:1747647650417:,1747647650770
counter/5/0/0/0,221:1747647650417:,1747647650770
counter/5/0/0/0,222:1747647650417:,1747647650770
counter/3/0/0/0,325:1747647650432:,1747647650771
counter/8/0/0/0,319:1747647650448:,1747647650771
counter/8/0/0/0,320:1747647650448:,1747647650771
counter/8/0/0/0,321:1747647650448:,1747647650771
counter/8/0/0/0,322:1747647650448:,1747647650771
counter/4/0/0/0,296:1747647650582:,1747647650771
counter/4/0/0/0,297:1747647650591:,1747647650771
counter/9/0/0/0,324:1747647650531:,1747647650772
counter/9/0/0/0,325:1747647650531:,1747647650772
counter/9/0/0/0,326:1747647650531:,1747647650772
counter/9/0/0/0,327:1747647650531:,1747647650772
counter/9/0/0/0,328:1747647650531:,1747647650772
counter/9/0/0/0,329:1747647650531:,1747647650772
counter/4/0/0/0,298:1747647650591:,1747647650772
counter/4/0/0/0,299:1747647650591:,1747647650772
counter/4/0/0/0,300:1747647650591:,1747647650772
counter/4/0/0/0,301:1747647650591:,1747647650772
counter/3/0/0/0,326:1747647650432:,1747647650773
counter/8/0/0/0,323:1747647650448:,1747647650773
counter/1/0/0/0,316:1747647650540:,1747647650773
counter/7/0/0/0,215:1747647650526:,1747647650773
counter/1/0/0/0,317:1747647650548:,1747647650773
counter/6/0/0/0,269:1747647650436:,1747647650773
counter/6/0/0/0,270:1747647650436:,1747647650773
counter/6/0/0/0,271:1747647650436:,1747647650773
counter/6/0/0/0,272:1747647650436:,1747647650773
counter/6/0/0/0,273:1747647650436:,1747647650773
counter/6/0/0/0,274:1747647650436:,1747647650773
counter/6/0/0/0,275:1747647650436:,1747647650773
counter/3/0/0/0,327:1747647650432:,1747647650774
counter/3/0/0/0,328:1747647650432:,1747647650774
counter/3/0/0/0,329:1747647650432:,1747647650774
counter/3/0/0/0,330:1747647650432:,1747647650774
counter/3/0/0/0,331:1747647650432:,1747647650774
counter/3/0/0/0,332:1747647650432:,1747647650774
counter/3/0/0/0,333:1747647650432:,1747647650774
counter/2/0/0/0,327:1747647650420:,1747647650775
counter/2/0/0/0,328:1747647650420:,1747647650775
counter/6/0/0/0,276:1747647650436:,1747647650776
counter/6/0/0/0,277:1747647650436:,1747647650776
counter/6/0/0/0,278:1747647650438:,1747647650776
counter/8/0/0/0,324:1747647650448:,1747647650776
counter/4/0/0/0,302:1747647650591:,1747647650776
counter/4/0/0/0,303:1747647650591:,1747647650776
counter/7/0/0/0,216:1747647650526:,1747647650777
counter/4/0/0/0,304:1747647650591:,1747647650777
counter/8/0/0/0,325:1747647650451:,1747647650777
counter/2/0/0/0,329:1747647650420:,1747647650778
counter/2/0/0/0,330:1747647650420:,1747647650778
counter/2/0/0/0,331:1747647650420:,1747647650778
counter/9/0/0/0,330:1747647650531:,1747647650778
counter/2/0/0/0,332:1747647650422:,1747647650778
counter/9/0/0/0,331:1747647650531:,1747647650778
counter/2/0/0/0,333:1747647650422:,1747647650778
counter/9/0/0/0,332:1747647650531:,1747647650778
counter/2/0/0/0,334:1747647650422:,1747647650778
counter/1/0/0/0,318:1747647650548:,1747647650779
counter/3/0/0/0,334:1747647650432:,1747647650779
counter/9/0/0/0,333:1747647650531:,1747647650781
counter/3/0/0/0,335:1747647650432:,1747647650781
counter/9/0/0/0,334:1747647650531:,1747647650781
counter/1/0/0/0,319:1747647650548:,1747647650781
counter/4/0/0/0,305:1747647650591:,1747647650782
counter/8/0/0/0,326:1747647650451:,1747647650782
counter/7/0/0/0,217:1747647650526:,1747647650782
counter/7/0/0/0,218:1747647650526:,1747647650782
counter/7/0/0/0,219:1747647650526:,1747647650782
counter/7/0/0/0,220:1747647650528:,1747647650782
counter/7/0/0/0,221:1747647650532:,1747647650782
counter/7/0/0/0,222:1747647650532:,1747647650782
counter/1/0/0/0,320:1747647650548:,1747647650783
counter/5/0/0/0,223:1747647650417:,1747647650783
counter/5/0/0/0,224:1747647650417:,1747647650783
counter/5/0/0/0,225:1747647650417:,1747647650783
counter/10/0/0/0,258:1747647650426:,1747647650783
counter/4/0/0/0,306:1747647650591:,1747647650783
counter/10/0/0/0,259:1747647650426:,1747647650785
counter/4/0/0/0,307:1747647650591:,1747647650785
counter/4/0/0/0,308:1747647650591:,1747647650785
counter/4/0/0/0,309:1747647650591:,1747647650785
counter/4/0/0/0,310:1747647650592:,1747647650785
counter/4/0/0/0,311:1747647650592:,1747647650785
counter/9/0/0/0,335:1747647650531:,1747647650785
counter/9/0/0/0,336:1747647650531:,1747647650785
counter/9/0/0/0,337:1747647650531:,1747647650786
counter/9/0/0/0,338:1747647650531:,1747647650786
counter/8/0/0/0,327:1747647650451:,1747647650786
counter/9/0/0/0,339:1747647650531:,1747647650786
counter/8/0/0/0,328:1747647650451:,1747647650786
counter/9/0/0/0,340:1747647650531:,1747647650786
counter/8/0/0/0,329:1747647650451:,1747647650786
counter/8/0/0/0,330:1747647650451:,1747647650786
counter/8/0/0/0,331:1747647650451:,1747647650786
counter/8/0/0/0,332:1747647650451:,1747647650786
counter/8/0/0/0,333:1747647650451:,1747647650786
counter/8/0/0/0,334:1747647650451:,1747647650786
counter/8/0/0/0,335:1747647650452:,1747647650786
counter/8/0/0/0,336:1747647650452:,1747647650786
counter/6/0/0/0,279:1747647650439:,1747647650786
counter/1/0/0/0,321:1747647650548:,1747647650786
counter/4/0/0/0,312:1747647650595:,1747647650788
counter/4/0/0/0,313:1747647650595:,1747647650788
counter/4/0/0/0,314:1747647650595:,1747647650788
counter/4/0/0/0,315:1747647650595:,1747647650788
counter/4/0/0/0,316:1747647650595:,1747647650788
counter/4/0/0/0,317:1747647650595:,1747647650788
counter/4/0/0/0,318:1747647650595:,1747647650788
counter/4/0/0/0,319:1747647650595:,1747647650788
counter/4/0/0/0,320:1747647650595:,1747647650788
counter/1/0/0/0,322:1747647650548:,1747647650789
counter/6/0/0/0,280:1747647650439:,1747647650793
counter/6/0/0/0,281:1747647650439:,1747647650793
counter/8/0/0/0,337:1747647650452:,1747647650794
counter/3/0/0/0,336:1747647650432:,1747647650794
counter/3/0/0/0,337:1747647650432:,1747647650795
counter/3/0/0/0,338:1747647650432:,1747647650795
counter/4/0/0/0,321:1747647650595:,1747647650795
counter/1/0/0/0,323:1747647650549:,1747647650795
counter/4/0/0/0,322:1747647650596:,1747647650795
counter/9/0/0/0,341:1747647650531:,1747647650795
counter/3/0/0/0,339:1747647650432:,1747647650796
counter/4/0/0/0,323:1747647650597:,1747647650796
counter/2/0/0/0,335:1747647650422:,1747647650797
counter/1/0/0/0,324:1747647650549:,1747647650797
counter/6/0/0/0,282:1747647650439:,1747647650797
counter/3/0/0/0,340:1747647650432:,1747647650797
counter/3/0/0/0,341:1747647650432:,1747647650797
counter/3/0/0/0,342:1747647650433:,1747647650797
counter/3/0/0/0,343:1747647650433:,1747647650797
counter/3/0/0/0,344:1747647650433:,1747647650797
counter/4/0/0/0,324:1747647650597:,1747647650797
counter/10/0/0/0,260:1747647650426:,1747647650798
counter/10/0/0/0,261:1747647650426:,1747647650798
counter/10/0/0/0,262:1747647650426:,1747647650798
counter/7/0/0/0,223:1747647650532:,1747647650798
counter/4/0/0/0,325:1747647650597:,1747647650798
counter/2/0/0/0,336:1747647650422:,1747647650798
counter/1/0/0/0,325:1747647650549:,1747647650799
counter/1/0/0/0,326:1747647650549:,1747647650799
counter/6/0/0/0,283:1747647650439:,1747647650799
counter/1/0/0/0,327:1747647650549:,1747647650800
counter/1/0/0/0,328:1747647650557:,1747647650800
counter/6/0/0/0,284:1747647650439:,1747647650800
counter/3/0/0/0,345:1747647650433:,1747647650800
counter/3/0/0/0,346:1747647650433:,1747647650801
counter/3/0/0/0,347:1747647650433:,1747647650801
counter/3/0/0/0,348:1747647650433:,1747647650801
counter/7/0/0/0,224:1747647650532:,1747647650801
counter/4/0/0/0,326:1747647650597:,1747647650801
counter/1/0/0/0,329:1747647650560:,1747647650801
counter/1/0/0/0,330:1747647650560:,1747647650801
counter/1/0/0/0,331:1747647650560:,1747647650801
counter/1/0/0/0,332:1747647650560:,1747647650801
counter/1/0/0/0,333:1747647650560:,1747647650801
counter/1/0/0/0,334:1747647650560:,1747647650801
counter/1/0/0/0,335:1747647650560:,1747647650801
counter/1/0/0/0,336:1747647650561:,1747647650801
counter/1/0/0/0,337:1747647650561:,1747647650801
counter/1/0/0/0,338:1747647650561:,1747647650801
counter/1/0/0/0,339:1747647650561:,1747647650802
counter/1/0/0/0,340:1747647650561:,1747647650802
counter/1/0/0/0,341:1747647650561:,1747647650802
counter/1/0/0/0,342:1747647650561:,1747647650802
counter/1/0/0/0,343:1747647650561:,1747647650803
counter/1/0/0/0,344:1747647650561:,1747647650803
counter/7/0/0/0,225:1747647650532:,1747647650803
counter/9/0/0/0,342:1747647650531:,1747647650803
counter/9/0/0/0,343:1747647650531:,1747647650803
counter/9/0/0/0,344:1747647650531:,1747647650803
counter/9/0/0/0,345:1747647650531:,1747647650803
counter/1/0/0/0,345:1747647650561:,1747647650803
counter/10/0/0/0,263:1747647650426:,1747647650803
counter/8/0/0/0,338:1747647650454:,1747647650804
counter/8/0/0/0,339:1747647650455:,1747647650804
counter/2/0/0/0,337:1747647650422:,1747647650804
counter/2/0/0/0,338:1747647650422:,1747647650804
counter/4/0/0/0,327:1747647650597:,1747647650804
counter/10/0/0/0,264:1747647650426:,1747647650805
counter/10/0/0/0,265:1747647650426:,1747647650805
counter/10/0/0/0,266:1747647650427:,1747647650805
counter/10/0/0/0,267:1747647650437:,1747647650805
counter/10/0/0/0,268:1747647650437:,1747647650805
counter/10/0/0/0,269:1747647650437:,1747647650805
counter/10/0/0/0,270:1747647650437:,1747647650805
counter/10/0/0/0,271:1747647650437:,1747647650805
counter/8/0/0/0,340:1747647650455:,1747647650805
counter/7/0/0/0,226:1747647650532:,1747647650805
counter/7/0/0/0,227:1747647650532:,1747647650805
counter/7/0/0/0,228:1747647650532:,1747647650806
counter/7/0/0/0,229:1747647650532:,1747647650806
counter/7/0/0/0,230:1747647650532:,1747647650806
counter/7/0/0/0,231:1747647650532:,1747647650806
counter/7/0/0/0,232:1747647650532:,1747647650806
counter/5/0/0/0,226:1747647650425:,1747647650806
counter/8/0/0/0,341:1747647650455:,1747647650806
counter/8/0/0/0,342:1747647650455:,1747647650806
counter/8/0/0/0,343:1747647650455:,1747647650806
counter/8/0/0/0,344:1747647650456:,1747647650806
counter/8/0/0/0,345:1747647650456:,1747647650806
counter/8/0/0/0,346:1747647650456:,1747647650806
counter/8/0/0/0,347:1747647650456:,1747647650807
counter/8/0/0/0,348:1747647650456:,1747647650807
counter/8/0/0/0,349:1747647650456:,1747647650807
counter/8/0/0/0,350:1747647650456:,1747647650807
counter/8/0/0/0,351:1747647650456:,1747647650807
counter/8/0/0/0,352:1747647650464:,1747647650807
counter/8/0/0/0,353:1747647650464:,1747647650807
counter/8/0/0/0,354:1747647650464:,1747647650808
counter/3/0/0/0,349:1747647650433:,1747647650808
counter/3/0/0/0,350:1747647650433:,1747647650808
counter/3/0/0/0,351:1747647650433:,1747647650808
counter/3/0/0/0,352:1747647650433:,1747647650808
counter/3/0/0/0,353:1747647650433:,1747647650808
counter/10/0/0/0,272:1747647650437:,1747647650808
counter/2/0/0/0,339:1747647650424:,1747647650808
counter/8/0/0/0,355:1747647650464:,1747647650808
counter/2/0/0/0,340:1747647650424:,1747647650808
counter/3/0/0/0,354:1747647650433:,1747647650808
counter/3/0/0/0,355:1747647650433:,1747647650809
counter/3/0/0/0,356:1747647650433:,1747647650809
counter/3/0/0/0,357:1747647650434:,1747647650809
counter/3/0/0/0,358:1747647650434:,1747647650809
counter/10/0/0/0,273:1747647650437:,1747647650809
counter/2/0/0/0,341:1747647650425:,1747647650809
counter/3/0/0/0,359:1747647650434:,1747647650809
counter/2/0/0/0,342:1747647650425:,1747647650809
counter/8/0/0/0,356:1747647650464:,1747647650810
counter/2/0/0/0,343:1747647650425:,1747647650811
counter/9/0/0/0,346:1747647650531:,1747647650811
counter/9/0/0/0,347:1747647650531:,1747647650811
counter/9/0/0/0,348:1747647650532:,1747647650811
counter/7/0/0/0,233:1747647650532:,1747647650811
counter/8/0/0/0,357:1747647650464:,1747647650813
counter/3/0/0/0,360:1747647650434:,1747647650813
counter/3/0/0/0,361:1747647650434:,1747647650813
counter/3/0/0/0,362:1747647650434:,1747647650813
counter/3/0/0/0,363:1747647650434:,1747647650813
counter/3/0/0/0,364:1747647650434:,1747647650813
counter/3/0/0/0,365:1747647650434:,1747647650813
counter/3/0/0/0,366:1747647650434:,1747647650813
counter/9/0/0/0,349:1747647650537:,1747647650813
counter/9/0/0/0,350:1747647650537:,1747647650813
counter/6/0/0/0,285:1747647650439:,1747647650814
counter/7/0/0/0,234:1747647650532:,1747647650814
counter/2/0/0/0,344:1747647650425:,1747647650814
counter/5/0/0/0,227:1747647650425:,1747647650814
counter/9/0/0/0,351:1747647650537:,1747647650814
counter/9/0/0/0,352:1747647650537:,1747647650815
counter/9/0/0/0,353:1747647650537:,1747647650815
counter/9/0/0/0,354:1747647650537:,1747647650815
counter/9/0/0/0,355:1747647650537:,1747647650815
counter/2/0/0/0,345:1747647650425:,1747647650815
counter/2/0/0/0,346:1747647650426:,1747647650815
counter/2/0/0/0,347:1747647650426:,1747647650815
counter/3/0/0/0,367:1747647650435:,1747647650815
counter/6/0/0/0,286:1747647650439:,1747647650815
counter/8/0/0/0,358:1747647650464:,1747647650815
counter/5/0/0/0,228:1747647650425:,1747647650816
counter/9/0/0/0,356:1747647650537:,1747647650816
counter/5/0/0/0,229:1747647650425:,1747647650816
counter/2/0/0/0,348:1747647650426:,1747647650816
counter/9/0/0/0,357:1747647650537:,1747647650816
counter/3/0/0/0,368:1747647650435:,1747647650816
counter/8/0/0/0,359:1747647650465:,1747647650816
counter/4/0/0/0,328:1747647650597:,1747647650817
counter/4/0/0/0,329:1747647650597:,1747647650817
counter/2/0/0/0,349:1747647650426:,1747647650817
counter/3/0/0/0,369:1747647650435:,1747647650817
counter/5/0/0/0,230:1747647650425:,1747647650817
counter/8/0/0/0,360:1747647650465:,1747647650818
counter/4/0/0/0,330:1747647650597:,1747647650818
counter/4/0/0/0,331:1747647650598:,1747647650818
counter/4/0/0/0,332:1747647650598:,1747647650818
counter/4/0/0/0,333:1747647650598:,1747647650818
counter/4/0/0/0,334:1747647650598:,1747647650818
counter/1/0/0/0,346:1747647650561:,1747647650818
counter/7/0/0/0,235:1747647650532:,1747647650818
counter/7/0/0/0,236:1747647650532:,1747647650818
counter/7/0/0/0,237:1747647650532:,1747647650818
counter/7/0/0/0,238:1747647650532:,1747647650818
counter/6/0/0/0,287:1747647650440:,1747647650818
counter/3/0/0/0,370:1747647650435:,1747647650818
counter/3/0/0/0,371:1747647650435:,1747647650818
counter/3/0/0/0,372:1747647650435:,1747647650819
counter/3/0/0/0,373:1747647650435:,1747647650819
counter/3/0/0/0,374:1747647650435:,1747647650819
counter/8/0/0/0,361:1747647650465:,1747647650819
counter/4/0/0/0,335:1747647650598:,1747647650819
counter/10/0/0/0,274:1747647650445:,1747647650819
counter/1/0/0/0,347:1747647650561:,1747647650819
counter/10/0/0/0,275:1747647650446:,1747647650819
counter/3/0/0/0,375:1747647650435:,1747647650819
counter/2/0/0/0,350:1747647650426:,1747647650819
counter/8/0/0/0,362:1747647650465:,1747647650819
counter/8/0/0/0,363:1747647650465:,1747647650819
counter/4/0/0/0,336:1747647650602:,1747647650820
counter/4/0/0/0,337:1747647650602:,1747647650820
counter/4/0/0/0,338:1747647650602:,1747647650820
counter/4/0/0/0,339:1747647650602:,1747647650820
counter/1/0/0/0,348:1747647650561:,1747647650820
counter/9/0/0/0,358:1747647650545:,1747647650820
counter/9/0/0/0,359:1747647650545:,1747647650820
counter/9/0/0/0,360:1747647650545:,1747647650821
counter/1/0/0/0,349:1747647650561:,1747647650821
counter/5/0/0/0,231:1747647650425:,1747647650821
counter/7/0/0/0,239:1747647650532:,1747647650821
counter/4/0/0/0,340:1747647650602:,1747647650821
counter/4/0/0/0,341:1747647650602:,1747647650822
counter/4/0/0/0,342:1747647650602:,1747647650822
counter/4/0/0/0,343:1747647650602:,1747647650822
counter/4/0/0/0,344:1747647650607:,1747647650822
counter/1/0/0/0,350:1747647650566:,1747647650822
counter/9/0/0/0,361:1747647650545:,1747647650822
counter/9/0/0/0,362:1747647650545:,1747647650822
counter/2/0/0/0,351:1747647650426:,1747647650822
counter/9/0/0/0,363:1747647650545:,1747647650822
counter/9/0/0/0,364:1747647650545:,1747647650822
counter/10/0/0/0,276:1747647650446:,1747647650822
counter/7/0/0/0,240:1747647650540:,1747647650823
counter/2/0/0/0,352:1747647650426:,1747647650823
counter/9/0/0/0,365:1747647650545:,1747647650824
counter/4/0/0/0,345:1747647650607:,1747647650824
counter/4/0/0/0,346:1747647650607:,1747647650824
counter/4/0/0/0,347:1747647650607:,1747647650824
counter/4/0/0/0,348:1747647650607:,1747647650824
counter/4/0/0/0,349:1747647650607:,1747647650824
counter/3/0/0/0,376:1747647650435:,1747647650824
counter/8/0/0/0,364:1747647650465:,1747647650826
counter/4/0/0/0,350:1747647650607:,1747647650826
counter/4/0/0/0,351:1747647650607:,1747647650826
counter/4/0/0/0,352:1747647650607:,1747647650826
counter/4/0/0/0,353:1747647650607:,1747647650826
counter/3/0/0/0,377:1747647650435:,1747647650826
counter/4/0/0/0,354:1747647650607:,1747647650826
counter/4/0/0/0,355:1747647650607:,1747647650826
counter/6/0/0/0,288:1747647650440:,1747647650826
counter/9/0/0/0,366:1747647650545:,1747647650826
counter/9/0/0/0,367:1747647650545:,1747647650826
counter/9/0/0/0,368:1747647650545:,1747647650826
counter/3/0/0/0,378:1747647650435:,1747647650826
counter/10/0/0/0,277:1747647650446:,1747647650827
counter/3/0/0/0,379:1747647650435:,1747647650827
counter/2/0/0/0,353:1747647650426:,1747647650827
counter/10/0/0/0,278:1747647650446:,1747647650827
counter/4/0/0/0,356:1747647650612:,1747647650827
counter/10/0/0/0,279:1747647650446:,1747647650827
counter/7/0/0/0,241:1747647650540:,1747647650827
counter/7/0/0/0,242:1747647650540:,1747647650828
counter/7/0/0/0,243:1747647650540:,1747647650828
counter/7/0/0/0,244:1747647650540:,1747647650828
counter/7/0/0/0,245:1747647650540:,1747647650828
counter/1/0/0/0,351:1747647650566:,1747647650828
counter/1/0/0/0,352:1747647650566:,1747647650828
counter/1/0/0/0,353:1747647650566:,1747647650828
counter/1/0/0/0,354:1747647650566:,1747647650828
counter/1/0/0/0,355:1747647650566:,1747647650828
counter/1/0/0/0,356:1747647650567:,1747647650828
counter/1/0/0/0,357:1747647650568:,1747647650828
counter/8/0/0/0,365:1747647650465:,1747647650828
counter/3/0/0/0,380:1747647650435:,1747647650828
counter/9/0/0/0,369:1747647650545:,1747647650828
counter/9/0/0/0,370:1747647650545:,1747647650828
counter/4/0/0/0,357:1747647650617:,1747647650828
counter/10/0/0/0,280:1747647650446:,1747647650828
counter/10/0/0/0,281:1747647650446:,1747647650829
counter/6/0/0/0,289:1747647650440:,1747647650829
counter/6/0/0/0,290:1747647650440:,1747647650829
counter/6/0/0/0,291:1747647650447:,1747647650829
counter/5/0/0/0,232:1747647650425:,1747647650829
counter/1/0/0/0,358:1747647650568:,1747647650829
counter/5/0/0/0,233:1747647650425:,1747647650829
counter/5/0/0/0,234:1747647650425:,1747647650829
counter/5/0/0/0,235:1747647650425:,1747647650829
counter/7/0/0/0,246:1747647650540:,1747647650829
counter/4/0/0/0,358:1747647650617:,1747647650830
counter/10/0/0/0,282:1747647650446:,1747647650830
counter/10/0/0/0,283:1747647650446:,1747647650831
counter/3/0/0/0,381:1747647650435:,1747647650831
counter/3/0/0/0,382:1747647650435:,1747647650831
counter/3/0/0/0,383:1747647650439:,1747647650831
counter/3/0/0/0,384:1747647650439:,1747647650831
counter/3/0/0/0,385:1747647650439:,1747647650831
counter/3/0/0/0,386:1747647650439:,1747647650831
counter/3/0/0/0,387:1747647650439:,1747647650831
counter/3/0/0/0,388:1747647650439:,1747647650832
counter/2/0/0/0,354:1747647650426:,1747647650832
counter/8/0/0/0,366:1747647650465:,1747647650833
counter/8/0/0/0,367:1747647650465:,1747647650834
counter/8/0/0/0,368:1747647650465:,1747647650834
counter/8/0/0/0,369:1747647650465:,1747647650834
counter/8/0/0/0,370:1747647650465:,1747647650834
counter/8/0/0/0,371:1747647650465:,1747647650834
counter/8/0/0/0,372:1747647650465:,1747647650834
counter/8/0/0/0,373:1747647650465:,1747647650834
counter/3/0/0/0,389:1747647650442:,1747647650834
counter/9/0/0/0,371:1747647650545:,1747647650834
counter/3/0/0/0,390:1747647650442:,1747647650835
counter/8/0/0/0,374:1747647650465:,1747647650835
counter/3/0/0/0,391:1747647650442:,1747647650835
counter/3/0/0/0,392:1747647650453:,1747647650835
counter/3/0/0/0,393:1747647650453:,1747647650835
counter/3/0/0/0,394:1747647650453:,1747647650835
counter/3/0/0/0,395:1747647650453:,1747647650835
counter/3/0/0/0,396:1747647650453:,1747647650835
counter/3/0/0/0,397:1747647650453:,1747647650835
counter/3/0/0/0,398:1747647650453:,1747647650835
counter/3/0/0/0,399:1747647650453:,1747647650835
counter/3/0/0/0,400:1747647650453:,1747647650835
counter/3/0/0/0,401:1747647650453:,1747647650835
counter/3/0/0/0,402:1747647650453:,1747647650835
counter/3/0/0/0,403:1747647650458:,1747647650835
counter/3/0/0/0,404:1747647650458:,1747647650835
counter/3/0/0/0,405:1747647650458:,1747647650835
counter/8/0/0/0,375:1747647650465:,1747647650835
counter/8/0/0/0,376:1747647650465:,1747647650835
counter/8/0/0/0,377:1747647650465:,1747647650835
counter/10/0/0/0,284:1747647650446:,1747647650836
counter/10/0/0/0,285:1747647650446:,1747647650836
counter/1/0/0/0,359:1747647650568:,1747647650836
counter/1/0/0/0,360:1747647650568:,1747647650836
counter/2/0/0/0,355:1747647650431:,1747647650836
counter/3/0/0/0,406:1747647650458:,1747647650836
counter/2/0/0/0,356:1747647650431:,1747647650836
counter/3/0/0/0,407:1747647650458:,1747647650836
counter/7/0/0/0,247:1747647650540:,1747647650836
counter/3/0/0/0,408:1747647650458:,1747647650837
counter/2/0/0/0,357:1747647650431:,1747647650837
counter/7/0/0/0,248:1747647650540:,1747647650838
counter/7/0/0/0,249:1747647650540:,1747647650838
counter/7/0/0/0,250:1747647650540:,1747647650838
counter/8/0/0/0,378:1747647650466:,1747647650838
counter/7/0/0/0,251:1747647650540:,1747647650839
counter/10/0/0/0,286:1747647650461:,1747647650839
counter/3/0/0/0,409:1747647650458:,1747647650839
counter/3/0/0/0,410:1747647650458:,1747647650839
counter/3/0/0/0,411:1747647650458:,1747647650839
counter/9/0/0/0,372:1747647650545:,1747647650840
counter/9/0/0/0,373:1747647650545:,1747647650840
counter/10/0/0/0,287:1747647650461:,1747647650840
counter/1/0/0/0,361:1747647650568:,1747647650840
counter/10/0/0/0,288:1747647650461:,1747647650840
counter/10/0/0/0,289:1747647650461:,1747647650840
counter/5/0/0/0,236:1747647650425:,1747647650840
counter/3/0/0/0,412:1747647650458:,1747647650841
counter/5/0/0/0,237:1747647650425:,1747647650841
counter/4/0/0/0,359:1747647650617:,1747647650841
counter/4/0/0/0,360:1747647650617:,1747647650841
counter/4/0/0/0,361:1747647650617:,1747647650841
counter/4/0/0/0,362:1747647650617:,1747647650841
counter/4/0/0/0,363:1747647650618:,1747647650841
counter/2/0/0/0,358:1747647650431:,1747647650841
counter/8/0/0/0,379:1747647650466:,1747647650841
counter/8/0/0/0,380:1747647650466:,1747647650841
counter/1/0/0/0,362:1747647650568:,1747647650841
counter/5/0/0/0,238:1747647650425:,1747647650842
counter/4/0/0/0,364:1747647650618:,1747647650842
counter/5/0/0/0,239:1747647650425:,1747647650842
counter/5/0/0/0,240:1747647650425:,1747647650842
counter/5/0/0/0,241:1747647650425:,1747647650842
counter/5/0/0/0,242:1747647650427:,1747647650842
counter/5/0/0/0,243:1747647650429:,1747647650842
counter/5/0/0/0,244:1747647650429:,1747647650842
counter/2/0/0/0,359:1747647650431:,1747647650842
counter/2/0/0/0,360:1747647650431:,1747647650843
counter/2/0/0/0,361:1747647650431:,1747647650843
counter/2/0/0/0,362:1747647650431:,1747647650843
counter/2/0/0/0,363:1747647650431:,1747647650843
counter/2/0/0/0,364:1747647650440:,1747647650843
counter/2/0/0/0,365:1747647650441:,1747647650843
counter/2/0/0/0,366:1747647650441:,1747647650843
counter/2/0/0/0,367:1747647650441:,1747647650843
counter/2/0/0/0,368:1747647650441:,1747647650843
counter/2/0/0/0,369:1747647650441:,1747647650844
counter/10/0/0/0,290:1747647650461:,1747647650844
counter/10/0/0/0,291:1747647650462:,1747647650844
counter/10/0/0/0,292:1747647650463:,1747647650844
counter/10/0/0/0,293:1747647650463:,1747647650844
counter/10/0/0/0,294:1747647650463:,1747647650844
counter/10/0/0/0,295:1747647650463:,1747647650844
counter/10/0/0/0,296:1747647650463:,1747647650844
counter/10/0/0/0,297:1747647650463:,1747647650844
counter/2/0/0/0,370:1747647650441:,1747647650845
counter/5/0/0/0,245:1747647650429:,1747647650845
counter/5/0/0/0,246:1747647650429:,1747647650845
counter/5/0/0/0,247:1747647650429:,1747647650845
counter/8/0/0/0,381:1747647650466:,1747647650845
counter/8/0/0/0,382:1747647650466:,1747647650845
counter/8/0/0/0,383:1747647650466:,1747647650845
counter/8/0/0/0,384:1747647650466:,1747647650845
counter/3/0/0/0,413:1747647650458:,1747647650845
counter/3/0/0/0,414:1747647650458:,1747647650845
counter/3/0/0/0,415:1747647650458:,1747647650845
counter/3/0/0/0,416:1747647650462:,1747647650845
counter/3/0/0/0,417:1747647650462:,1747647650845
counter/3/0/0/0,418:1747647650462:,1747647650845
counter/10/0/0/0,298:1747647650463:,1747647650845
counter/2/0/0/0,371:1747647650441:,1747647650845
counter/6/0/0/0,292:1747647650447:,1747647650845
counter/2/0/0/0,372:1747647650441:,1747647650845
counter/6/0/0/0,293:1747647650447:,1747647650845
counter/2/0/0/0,373:1747647650441:,1747647650845
counter/7/0/0/0,252:1747647650540:,1747647650846
counter/5/0/0/0,248:1747647650429:,1747647650846
counter/5/0/0/0,249:1747647650429:,1747647650846
counter/5/0/0/0,250:1747647650429:,1747647650846
counter/5/0/0/0,251:1747647650429:,1747647650846
counter/5/0/0/0,252:1747647650429:,1747647650846
counter/5/0/0/0,253:1747647650429:,1747647650846
counter/5/0/0/0,254:1747647650429:,1747647650846
counter/5/0/0/0,255:1747647650429:,1747647650846
counter/5/0/0/0,256:1747647650429:,1747647650846
counter/5/0/0/0,257:1747647650429:,1747647650846
counter/7/0/0/0,253:1747647650540:,1747647650847
counter/4/0/0/0,365:1747647650618:,1747647650847
counter/9/0/0/0,374:1747647650545:,1747647650848
counter/7/0/0/0,254:1747647650551:,1747647650848
counter/4/0/0/0,366:1747647650618:,1747647650848
counter/5/0/0/0,258:1747647650429:,1747647650849
counter/10/0/0/0,299:1747647650463:,1747647650849
counter/8/0/0/0,385:1747647650466:,1747647650849
counter/1/0/0/0,363:1747647650568:,1747647650849
counter/1/0/0/0,364:1747647650568:,1747647650849
counter/6/0/0/0,294:1747647650447:,1747647650849
counter/10/0/0/0,300:1747647650463:,1747647650851
counter/10/0/0/0,301:1747647650463:,1747647650851
counter/10/0/0/0,302:1747647650463:,1747647650851
counter/10/0/0/0,303:1747647650463:,1747647650851
counter/10/0/0/0,304:1747647650463:,1747647650851
counter/6/0/0/0,295:1747647650447:,1747647650851
counter/2/0/0/0,374:1747647650441:,1747647650851
counter/4/0/0/0,367:1747647650618:,1747647650852
counter/4/0/0/0,368:1747647650618:,1747647650853
counter/4/0/0/0,369:1747647650618:,1747647650853
counter/4/0/0/0,370:1747647650618:,1747647650853
counter/4/0/0/0,371:1747647650619:,1747647650853
counter/4/0/0/0,372:1747647650619:,1747647650853
counter/4/0/0/0,373:1747647650619:,1747647650853
counter/4/0/0/0,374:1747647650619:,1747647650853
counter/4/0/0/0,375:1747647650619:,1747647650853
counter/4/0/0/0,376:1747647650619:,1747647650853
counter/4/0/0/0,377:1747647650619:,1747647650853
counter/4/0/0/0,378:1747647650619:,1747647650853
counter/4/0/0/0,379:1747647650620:,1747647650853
counter/7/0/0/0,255:1747647650554:,1747647650853
counter/10/0/0/0,305:1747647650474:,1747647650853
counter/6/0/0/0,296:1747647650447:,1747647650854
counter/2/0/0/0,375:1747647650441:,1747647650854
counter/2/0/0/0,376:1747647650441:,1747647650854
counter/2/0/0/0,377:1747647650441:,1747647650854
counter/9/0/0/0,375:1747647650549:,1747647650854
counter/9/0/0/0,376:1747647650550:,1747647650854
counter/9/0/0/0,377:1747647650550:,1747647650854
counter/5/0/0/0,259:1747647650429:,1747647650854
counter/7/0/0/0,256:1747647650554:,1747647650854
counter/8/0/0/0,386:1747647650466:,1747647650854
counter/7/0/0/0,257:1747647650554:,1747647650854
counter/7/0/0/0,258:1747647650554:,1747647650854
counter/7/0/0/0,259:1747647650554:,1747647650855
counter/6/0/0/0,297:1747647650468:,1747647650855
counter/2/0/0/0,378:1747647650441:,1747647650855
counter/2/0/0/0,379:1747647650441:,1747647650855
counter/9/0/0/0,378:1747647650550:,1747647650855
counter/2/0/0/0,380:1747647650442:,1747647650855
counter/1/0/0/0,365:1747647650568:,1747647650855
counter/8/0/0/0,387:1747647650466:,1747647650855
counter/8/0/0/0,388:1747647650466:,1747647650855
counter/8/0/0/0,389:1747647650466:,1747647650855
counter/6/0/0/0,298:1747647650468:,1747647650855
counter/8/0/0/0,390:1747647650466:,1747647650855
counter/8/0/0/0,391:1747647650466:,1747647650855
counter/8/0/0/0,392:1747647650466:,1747647650856
counter/9/0/0/0,379:1747647650550:,1747647650856
counter/7/0/0/0,260:1747647650554:,1747647650857
counter/9/0/0/0,380:1747647650550:,1747647650857
counter/9/0/0/0,381:1747647650550:,1747647650857
counter/3/0/0/0,419:1747647650462:,1747647650857
counter/5/0/0/0,260:1747647650429:,1747647650857
counter/9/0/0/0,382:1747647650550:,1747647650857
counter/9/0/0/0,383:1747647650550:,1747647650858
counter/8/0/0/0,393:1747647650466:,1747647650858
counter/10/0/0/0,306:1747647650474:,1747647650858
counter/10/0/0/0,307:1747647650474:,1747647650858
counter/10/0/0/0,308:1747647650474:,1747647650858
counter/4/0/0/0,380:1747647650620:,1747647650858
counter/10/0/0/0,309:1747647650474:,1747647650858
counter/10/0/0/0,310:1747647650477:,1747647650858
counter/10/0/0/0,311:1747647650477:,1747647650858
counter/7/0/0/0,261:1747647650555:,1747647650859
counter/10/0/0/0,312:1747647650477:,1747647650859
counter/6/0/0/0,299:1747647650468:,1747647650859
counter/7/0/0/0,262:1747647650555:,1747647650859
counter/7/0/0/0,263:1747647650555:,1747647650859
counter/7/0/0/0,264:1747647650555:,1747647650859
counter/7/0/0/0,265:1747647650555:,1747647650859
counter/7/0/0/0,266:1747647650555:,1747647650859
counter/7/0/0/0,267:1747647650555:,1747647650859
counter/7/0/0/0,268:1747647650555:,1747647650859
counter/7/0/0/0,269:1747647650555:,1747647650859
counter/7/0/0/0,270:1747647650555:,1747647650859
counter/10/0/0/0,313:1747647650477:,1747647650860
counter/10/0/0/0,314:1747647650477:,1747647650860
counter/10/0/0/0,315:1747647650477:,1747647650860
counter/4/0/0/0,381:1747647650620:,1747647650860
counter/6/0/0/0,300:1747647650468:,1747647650860
counter/8/0/0/0,394:1747647650466:,1747647650860
counter/8/0/0/0,395:1747647650466:,1747647650860
counter/8/0/0/0,396:1747647650466:,1747647650860
counter/8/0/0/0,397:1747647650466:,1747647650860
counter/10/0/0/0,316:1747647650477:,1747647650860
counter/8/0/0/0,398:1747647650466:,1747647650860
counter/8/0/0/0,399:1747647650466:,1747647650860
counter/4/0/0/0,382:1747647650620:,1747647650860
counter/8/0/0/0,400:1747647650466:,1747647650861
counter/6/0/0/0,301:1747647650468:,1747647650861
counter/10/0/0/0,317:1747647650477:,1747647650861
counter/7/0/0/0,271:1747647650557:,1747647650861
counter/3/0/0/0,420:1747647650462:,1747647650861
counter/6/0/0/0,302:1747647650468:,1747647650861
counter/6/0/0/0,303:1747647650468:,1747647650861
counter/6/0/0/0,304:1747647650468:,1747647650861
counter/6/0/0/0,305:1747647650492:,1747647650862
counter/10/0/0/0,318:1747647650477:,1747647650863
counter/2/0/0/0,381:1747647650442:,1747647650863
counter/2/0/0/0,382:1747647650442:,1747647650863
counter/9/0/0/0,384:1747647650553:,1747647650863
counter/2/0/0/0,383:1747647650449:,1747647650863
counter/1/0/0/0,366:1747647650568:,1747647650863
counter/8/0/0/0,401:1747647650466:,1747647650863
counter/2/0/0/0,384:1747647650449:,1747647650863
counter/1/0/0/0,367:1747647650568:,1747647650863
counter/1/0/0/0,368:1747647650568:,1747647650863
counter/1/0/0/0,369:1747647650568:,1747647650863
counter/1/0/0/0,370:1747647650568:,1747647650863
counter/1/0/0/0,371:1747647650568:,1747647650863
counter/1/0/0/0,372:1747647650582:,1747647650863
counter/1/0/0/0,373:1747647650582:,1747647650863
counter/1/0/0/0,374:1747647650582:,1747647650863
counter/1/0/0/0,375:1747647650582:,1747647650863
counter/1/0/0/0,376:1747647650583:,1747647650863
counter/2/0/0/0,385:1747647650450:,1747647650863
counter/1/0/0/0,377:1747647650583:,1747647650863
counter/8/0/0/0,402:1747647650466:,1747647650863
counter/1/0/0/0,378:1747647650583:,1747647650863
counter/1/0/0/0,379:1747647650583:,1747647650863
counter/1/0/0/0,380:1747647650583:,1747647650863
counter/1/0/0/0,381:1747647650597:,1747647650863
counter/7/0/0/0,272:1747647650557:,1747647650863
counter/9/0/0/0,385:1747647650553:,1747647650863
counter/10/0/0/0,319:1747647650477:,1747647650864
counter/10/0/0/0,320:1747647650477:,1747647650864
counter/10/0/0/0,321:1747647650477:,1747647650864
counter/10/0/0/0,322:1747647650477:,1747647650864
counter/10/0/0/0,323:1747647650477:,1747647650864
counter/10/0/0/0,324:1747647650485:,1747647650864
counter/10/0/0/0,325:1747647650485:,1747647650864
counter/10/0/0/0,326:1747647650485:,1747647650864
counter/4/0/0/0,383:1747647650621:,1747647650864
counter/10/0/0/0,327:1747647650485:,1747647650864
counter/10/0/0/0,328:1747647650485:,1747647650864
counter/10/0/0/0,329:1747647650485:,1747647650864
counter/10/0/0/0,330:1747647650498:,1747647650864
counter/10/0/0/0,331:1747647650498:,1747647650864
counter/10/0/0/0,332:1747647650498:,1747647650864
counter/10/0/0/0,333:1747647650498:,1747647650864
counter/2/0/0/0,386:1747647650450:,1747647650864
counter/4/0/0/0,384:1747647650621:,1747647650864
counter/1/0/0/0,382:1747647650598:,1747647650864
counter/9/0/0/0,386:1747647650553:,1747647650864
counter/9/0/0/0,387:1747647650553:,1747647650865
counter/9/0/0/0,388:1747647650554:,1747647650865
counter/9/0/0/0,389:1747647650554:,1747647650865
counter/9/0/0/0,390:1747647650554:,1747647650865
counter/9/0/0/0,391:1747647650554:,1747647650865
counter/6/0/0/0,306:1747647650492:,1747647650865
counter/7/0/0/0,273:1747647650557:,1747647650865
counter/7/0/0/0,274:1747647650557:,1747647650865
counter/5/0/0/0,261:1747647650429:,1747647650865
counter/10/0/0/0,334:1747647650499:,1747647650865
counter/3/0/0/0,421:1747647650462:,1747647650865
counter/10/0/0/0,335:1747647650499:,1747647650867
counter/4/0/0/0,385:1747647650622:,1747647650867
counter/4/0/0/0,386:1747647650622:,1747647650867
counter/3/0/0/0,422:1747647650462:,1747647650867
counter/4/0/0/0,387:1747647650627:,1747647650867
counter/5/0/0/0,262:1747647650429:,1747647650867
counter/7/0/0/0,275:1747647650557:,1747647650868
counter/5/0/0/0,263:1747647650430:,1747647650868
counter/6/0/0/0,307:1747647650492:,1747647650868
counter/2/0/0/0,387:1747647650450:,1747647650868
counter/2/0/0/0,388:1747647650450:,1747647650868
counter/2/0/0/0,389:1747647650450:,1747647650868
counter/2/0/0/0,390:1747647650450:,1747647650869
counter/2/0/0/0,391:1747647650450:,1747647650869
counter/5/0/0/0,264:1747647650430:,1747647650869
counter/2/0/0/0,392:1747647650450:,1747647650869
counter/2/0/0/0,393:1747647650456:,1747647650869
counter/2/0/0/0,394:1747647650457:,1747647650869
counter/2/0/0/0,395:1747647650457:,1747647650869
counter/2/0/0/0,396:1747647650457:,1747647650869
counter/2/0/0/0,397:1747647650457:,1747647650869
counter/2/0/0/0,398:1747647650473:,1747647650869
counter/2/0/0/0,399:1747647650473:,1747647650869
counter/2/0/0/0,400:1747647650473:,1747647650869
counter/2/0/0/0,401:1747647650473:,1747647650869
counter/2/0/0/0,402:1747647650483:,1747647650869
counter/2/0/0/0,403:1747647650483:,1747647650869
counter/8/0/0/0,403:1747647650466:,1747647650869
counter/2/0/0/0,404:1747647650483:,1747647650869
counter/2/0/0/0,405:1747647650483:,1747647650869
counter/3/0/0/0,423:1747647650462:,1747647650870
counter/7/0/0/0,276:1747647650557:,1747647650870
counter/4/0/0/0,388:1747647650627:,1747647650870
counter/5/0/0/0,265:1747647650430:,1747647650870
counter/9/0/0/0,392:1747647650554:,1747647650870
counter/9/0/0/0,393:1747647650554:,1747647650870
counter/9/0/0/0,394:1747647650554:,1747647650870
counter/9/0/0/0,395:1747647650554:,1747647650870
counter/9/0/0/0,396:1747647650554:,1747647650870
counter/10/0/0/0,336:1747647650499:,1747647650870
counter/10/0/0/0,337:1747647650499:,1747647650870
counter/6/0/0/0,308:1747647650492:,1747647650870
counter/3/0/0/0,424:1747647650462:,1747647650871
counter/1/0/0/0,383:1747647650598:,1747647650871
counter/9/0/0/0,397:1747647650554:,1747647650871
counter/9/0/0/0,398:1747647650567:,1747647650871
counter/9/0/0/0,399:1747647650567:,1747647650871
counter/9/0/0/0,400:1747647650567:,1747647650871
counter/9/0/0/0,401:1747647650567:,1747647650871
counter/7/0/0/0,277:1747647650557:,1747647650871
counter/2/0/0/0,406:1747647650483:,1747647650872
counter/6/0/0/0,309:1747647650492:,1747647650872
counter/6/0/0/0,310:1747647650493:,1747647650872
counter/6/0/0/0,311:1747647650493:,1747647650872
counter/6/0/0/0,312:1747647650493:,1747647650872
counter/6/0/0/0,313:1747647650493:,1747647650872
counter/6/0/0/0,314:1747647650493:,1747647650872
counter/6/0/0/0,315:1747647650493:,1747647650872
counter/9/0/0/0,402:1747647650577:,1747647650872
counter/6/0/0/0,316:1747647650500:,1747647650872
counter/10/0/0/0,338:1747647650499:,1747647650872
counter/8/0/0/0,404:1747647650466:,1747647650873
counter/6/0/0/0,317:1747647650500:,1747647650873
counter/9/0/0/0,403:1747647650577:,1747647650873
counter/9/0/0/0,404:1747647650577:,1747647650873
counter/9/0/0/0,405:1747647650577:,1747647650873
counter/9/0/0/0,406:1747647650577:,1747647650873
counter/9/0/0/0,407:1747647650584:,1747647650873
counter/9/0/0/0,408:1747647650585:,1747647650873
counter/9/0/0/0,409:1747647650585:,1747647650873
counter/1/0/0/0,384:1747647650598:,1747647650873
counter/8/0/0/0,405:1747647650467:,1747647650873
counter/3/0/0/0,425:1747647650462:,1747647650873
counter/6/0/0/0,318:1747647650500:,1747647650873
counter/3/0/0/0,426:1747647650462:,1747647650873
counter/3/0/0/0,427:1747647650462:,1747647650873
counter/3/0/0/0,428:1747647650469:,1747647650873
counter/3/0/0/0,429:1747647650469:,1747647650873
counter/3/0/0/0,430:1747647650469:,1747647650873
counter/3/0/0/0,431:1747647650469:,1747647650873
counter/9/0/0/0,410:1747647650585:,1747647650874
counter/9/0/0/0,411:1747647650585:,1747647650874
counter/9/0/0/0,412:1747647650585:,1747647650874
counter/9/0/0/0,413:1747647650585:,1747647650874
counter/9/0/0/0,414:1747647650585:,1747647650874
counter/9/0/0/0,415:1747647650585:,1747647650874
counter/9/0/0/0,416:1747647650585:,1747647650874
counter/9/0/0/0,417:1747647650585:,1747647650874
counter/1/0/0/0,385:1747647650598:,1747647650874
counter/9/0/0/0,418:1747647650585:,1747647650875
counter/6/0/0/0,319:1747647650500:,1747647650875
counter/7/0/0/0,278:1747647650557:,1747647650875
counter/3/0/0/0,432:1747647650469:,1747647650875
counter/8/0/0/0,406:1747647650467:,1747647650875
counter/8/0/0/0,407:1747647650467:,1747647650875
counter/8/0/0/0,408:1747647650467:,1747647650875
counter/8/0/0/0,409:1747647650467:,1747647650875
counter/8/0/0/0,410:1747647650467:,1747647650875
counter/8/0/0/0,411:1747647650467:,1747647650875
counter/7/0/0/0,279:1747647650557:,1747647650876
counter/7/0/0/0,280:1747647650557:,1747647650876
counter/7/0/0/0,281:1747647650557:,1747647650876
counter/7/0/0/0,282:1747647650557:,1747647650876
counter/7/0/0/0,283:1747647650557:,1747647650876
counter/4/0/0/0,389:1747647650627:,1747647650876
counter/7/0/0/0,284:1747647650557:,1747647650876
counter/2/0/0/0,407:1747647650483:,1747647650877
counter/10/0/0/0,339:1747647650499:,1747647650877
counter/3/0/0/0,433:1747647650469:,1747647650878
counter/3/0/0/0,434:1747647650469:,1747647650878
counter/3/0/0/0,435:1747647650469:,1747647650878
counter/3/0/0/0,436:1747647650469:,1747647650878
counter/5/0/0/0,266:1747647650430:,1747647650878
counter/3/0/0/0,437:1747647650469:,1747647650878
counter/4/0/0/0,390:1747647650630:,1747647650878
counter/4/0/0/0,391:1747647650630:,1747647650878
counter/3/0/0/0,438:1747647650469:,1747647650879
counter/10/0/0/0,340:1747647650499:,1747647650879
counter/3/0/0/0,439:1747647650469:,1747647650879
counter/9/0/0/0,419:1747647650585:,1747647650879
counter/9/0/0/0,420:1747647650585:,1747647650879
counter/9/0/0/0,421:1747647650585:,1747647650879
counter/9/0/0/0,422:1747647650585:,1747647650879
counter/9/0/0/0,423:1747647650585:,1747647650879
counter/9/0/0/0,424:1747647650594:,1747647650879
counter/9/0/0/0,425:1747647650594:,1747647650879
counter/9/0/0/0,426:1747647650594:,1747647650879
counter/9/0/0/0,427:1747647650594:,1747647650880
counter/9/0/0/0,428:1747647650594:,1747647650880
counter/4/0/0/0,392:1747647650630:,1747647650880
counter/1/0/0/0,386:1747647650598:,1747647650880
counter/4/0/0/0,393:1747647650634:,1747647650880
counter/1/0/0/0,387:1747647650599:,1747647650880
counter/1/0/0/0,388:1747647650599:,1747647650880
counter/1/0/0/0,389:1747647650602:,1747647650880
counter/1/0/0/0,390:1747647650602:,1747647650880
counter/1/0/0/0,391:1747647650602:,1747647650880
counter/6/0/0/0,320:1747647650500:,1747647650881
counter/10/0/0/0,341:1747647650499:,1747647650881
counter/7/0/0/0,285:1747647650557:,1747647650881
counter/7/0/0/0,286:1747647650559:,1747647650881
counter/10/0/0/0,342:1747647650499:,1747647650882
counter/2/0/0/0,408:1747647650483:,1747647650882
counter/4/0/0/0,394:1747647650634:,1747647650882
counter/8/0/0/0,412:1747647650467:,1747647650882
counter/1/0/0/0,392:1747647650602:,1747647650882
counter/6/0/0/0,321:1747647650500:,1747647650882
counter/5/0/0/0,267:1747647650430:,1747647650883
counter/5/0/0/0,268:1747647650430:,1747647650883
counter/2/0/0/0,409:1747647650484:,1747647650883
counter/2/0/0/0,410:1747647650484:,1747647650883
counter/2/0/0/0,411:1747647650484:,1747647650883
counter/2/0/0/0,412:1747647650484:,1747647650883
counter/2/0/0/0,413:1747647650484:,1747647650883
counter/2/0/0/0,414:1747647650484:,1747647650883
counter/6/0/0/0,322:1747647650500:,1747647650883
counter/5/0/0/0,269:1747647650430:,1747647650883
counter/5/0/0/0,270:1747647650430:,1747647650884
counter/5/0/0/0,271:1747647650430:,1747647650884
counter/5/0/0/0,272:1747647650430:,1747647650884
counter/5/0/0/0,273:1747647650450:,1747647650884
counter/9/0/0/0,429:1747647650594:,1747647650884
counter/4/0/0/0,395:1747647650634:,1747647650884
counter/1/0/0/0,393:1747647650602:,1747647650884
counter/9/0/0/0,430:1747647650594:,1747647650884
counter/6/0/0/0,323:1747647650500:,1747647650884
counter/10/0/0/0,343:1747647650501:,1747647650885
counter/6/0/0/0,324:1747647650500:,1747647650885
counter/10/0/0/0,344:1747647650501:,1747647650885
counter/6/0/0/0,325:1747647650500:,1747647650885
counter/6/0/0/0,326:1747647650500:,1747647650885
counter/6/0/0/0,327:1747647650500:,1747647650885
counter/6/0/0/0,328:1747647650500:,1747647650886
counter/6/0/0/0,329:1747647650500:,1747647650886
counter/9/0/0/0,431:1747647650594:,1747647650886
counter/6/0/0/0,330:1747647650500:,1747647650886
counter/6/0/0/0,331:1747647650500:,1747647650886
counter/8/0/0/0,413:1747647650467:,1747647650886
counter/1/0/0/0,394:1747647650602:,1747647650886
counter/4/0/0/0,396:1747647650634:,1747647650887
counter/8/0/0/0,414:1747647650467:,1747647650890
counter/1/0/0/0,395:1747647650602:,1747647650890
counter/7/0/0/0,287:1747647650559:,1747647650892
counter/6/0/0/0,332:1747647650500:,1747647650892
counter/7/0/0/0,288:1747647650559:,1747647650892
counter/7/0/0/0,289:1747647650559:,1747647650892
counter/10/0/0/0,345:1747647650516:,1747647650892
counter/5/0/0/0,274:1747647650450:,1747647650892
counter/5/0/0/0,275:1747647650450:,1747647650892
counter/5/0/0/0,276:1747647650450:,1747647650892
counter/8/0/0/0,415:1747647650467:,1747647650893
counter/1/0/0/0,396:1747647650602:,1747647650893
counter/4/0/0/0,397:1747647650634:,1747647650895
counter/10/0/0/0,346:1747647650516:,1747647650895
counter/6/0/0/0,333:1747647650500:,1747647650895
counter/4/0/0/0,398:1747647650636:,1747647650895
counter/4/0/0/0,399:1747647650636:,1747647650896
counter/4/0/0/0,400:1747647650636:,1747647650896
counter/4/0/0/0,401:1747647650643:,1747647650896
counter/8/0/0/0,416:1747647650467:,1747647650896
counter/4/0/0/0,402:1747647650646:,1747647650896
counter/8/0/0/0,417:1747647650467:,1747647650896
counter/4/0/0/0,403:1747647650657:,1747647650896
counter/4/0/0/0,404:1747647650657:,1747647650896
counter/8/0/0/0,418:1747647650467:,1747647650896
counter/4/0/0/0,405:1747647650657:,1747647650896
counter/4/0/0/0,406:1747647650657:,1747647650896
counter/4/0/0/0,407:1747647650658:,1747647650896
counter/4/0/0/0,408:1747647650658:,1747647650896
counter/4/0/0/0,409:1747647650658:,1747647650896
counter/6/0/0/0,334:1747647650500:,1747647650896
counter/6/0/0/0,335:1747647650500:,1747647650896
counter/6/0/0/0,336:1747647650500:,1747647650896
counter/6/0/0/0,337:1747647650500:,1747647650896
counter/6/0/0/0,338:1747647650500:,1747647650896
counter/7/0/0/0,290:1747647650572:,1747647650897
counter/4/0/0/0,410:1747647650658:,1747647650897
counter/4/0/0/0,411:1747647650659:,1747647650897
counter/4/0/0/0,412:1747647650659:,1747647650897
counter/4/0/0/0,413:1747647650659:,1747647650897
counter/4/0/0/0,414:1747647650659:,1747647650897
counter/7/0/0/0,291:1747647650572:,1747647650897
counter/3/0/0/0,440:1747647650469:,1747647650897
counter/6/0/0/0,339:1747647650500:,1747647650897
counter/6/0/0/0,340:1747647650500:,1747647650897
counter/6/0/0/0,341:1747647650501:,1747647650897
counter/6/0/0/0,342:1747647650501:,1747647650897
counter/6/0/0/0,343:1747647650502:,1747647650897
counter/6/0/0/0,344:1747647650502:,1747647650897
counter/6/0/0/0,345:1747647650502:,1747647650897
counter/6/0/0/0,346:1747647650502:,1747647650898
counter/6/0/0/0,347:1747647650502:,1747647650898
counter/6/0/0/0,348:1747647650502:,1747647650898
counter/6/0/0/0,349:1747647650502:,1747647650898
counter/6/0/0/0,350:1747647650505:,1747647650898
counter/6/0/0/0,351:1747647650505:,1747647650898
counter/6/0/0/0,352:1747647650505:,1747647650898
counter/6/0/0/0,353:1747647650505:,1747647650898
counter/4/0/0/0,415:1747647650659:,1747647650898
counter/10/0/0/0,347:1747647650516:,1747647650898
counter/1/0/0/0,397:1747647650602:,1747647650898
counter/1/0/0/0,398:1747647650602:,1747647650898
counter/1/0/0/0,399:1747647650602:,1747647650899
counter/1/0/0/0,400:1747647650608:,1747647650899
counter/1/0/0/0,401:1747647650608:,1747647650899
counter/1/0/0/0,402:1747647650615:,1747647650899
counter/1/0/0/0,403:1747647650620:,1747647650899
counter/1/0/0/0,404:1747647650620:,1747647650899
counter/1/0/0/0,405:1747647650620:,1747647650899
counter/1/0/0/0,406:1747647650620:,1747647650899
counter/1/0/0/0,407:1747647650620:,1747647650899
counter/1/0/0/0,408:1747647650621:,1747647650899
counter/1/0/0/0,409:1747647650623:,1747647650899
counter/1/0/0/0,410:1747647650623:,1747647650899
counter/1/0/0/0,411:1747647650623:,1747647650899
counter/1/0/0/0,412:1747647650623:,1747647650899
counter/4/0/0/0,416:1747647650659:,1747647650899
counter/7/0/0/0,292:1747647650572:,1747647650899
counter/6/0/0/0,354:1747647650505:,1747647650899
counter/6/0/0/0,355:1747647650505:,1747647650900
counter/6/0/0/0,356:1747647650505:,1747647650900
counter/8/0/0/0,419:1747647650467:,1747647650900
counter/6/0/0/0,357:1747647650505:,1747647650900
counter/7/0/0/0,293:1747647650572:,1747647650900
counter/8/0/0/0,420:1747647650467:,1747647650900
counter/8/0/0/0,421:1747647650467:,1747647650900
counter/10/0/0/0,348:1747647650516:,1747647650901
counter/8/0/0/0,422:1747647650467:,1747647650901
counter/8/0/0/0,423:1747647650467:,1747647650901
counter/5/0/0/0,277:1747647650451:,1747647650901
counter/8/0/0/0,424:1747647650467:,1747647650901
counter/8/0/0/0,425:1747647650467:,1747647650901
counter/3/0/0/0,441:1747647650469:,1747647650901
counter/4/0/0/0,417:1747647650659:,1747647650901
counter/7/0/0/0,294:1747647650572:,1747647650901
counter/5/0/0/0,278:1747647650451:,1747647650902
counter/8/0/0/0,426:1747647650467:,1747647650903
counter/8/0/0/0,427:1747647650467:,1747647650903
counter/8/0/0/0,428:1747647650467:,1747647650903
counter/8/0/0/0,429:1747647650467:,1747647650903
counter/8/0/0/0,430:1747647650467:,1747647650903
counter/3/0/0/0,442:1747647650469:,1747647650903
counter/3/0/0/0,443:1747647650469:,1747647650903
counter/3/0/0/0,444:1747647650469:,1747647650903
counter/3/0/0/0,445:1747647650469:,1747647650903
counter/3/0/0/0,446:1747647650469:,1747647650903
counter/5/0/0/0,279:1747647650451:,1747647650903
counter/5/0/0/0,280:1747647650451:,1747647650903
counter/5/0/0/0,281:1747647650451:,1747647650903
counter/5/0/0/0,282:1747647650451:,1747647650903
counter/5/0/0/0,283:1747647650451:,1747647650904
counter/5/0/0/0,284:1747647650451:,1747647650904
counter/5/0/0/0,285:1747647650451:,1747647650904
counter/8/0/0/0,431:1747647650468:,1747647650904
counter/8/0/0/0,432:1747647650468:,1747647650904
counter/8/0/0/0,433:1747647650468:,1747647650904
counter/8/0/0/0,434:1747647650468:,1747647650904
counter/8/0/0/0,435:1747647650468:,1747647650904
counter/8/0/0/0,436:1747647650468:,1747647650904
counter/8/0/0/0,437:1747647650468:,1747647650904
counter/8/0/0/0,438:1747647650468:,1747647650904
counter/8/0/0/0,439:1747647650472:,1747647650905
counter/8/0/0/0,440:1747647650472:,1747647650905
counter/8/0/0/0,441:1747647650472:,1747647650905
counter/4/0/0/0,418:1747647650663:,1747647650905
counter/10/0/0/0,349:1747647650516:,1747647650905
counter/10/0/0/0,350:1747647650518:,1747647650905
counter/10/0/0/0,351:1747647650518:,1747647650905
counter/10/0/0/0,352:1747647650518:,1747647650905
counter/10/0/0/0,353:1747647650518:,1747647650905
counter/10/0/0/0,354:1747647650518:,1747647650905
counter/7/0/0/0,295:1747647650572:,1747647650905
counter/2/0/0/0,415:1747647650485:,1747647650905
counter/6/0/0/0,358:1747647650505:,1747647650905
counter/7/0/0/0,296:1747647650572:,1747647650906
counter/7/0/0/0,297:1747647650572:,1747647650906
counter/2/0/0/0,416:1747647650487:,1747647650906
counter/7/0/0/0,298:1747647650572:,1747647650906
counter/7/0/0/0,299:1747647650572:,1747647650906
counter/7/0/0/0,300:1747647650572:,1747647650906
counter/9/0/0/0,432:1747647650595:,1747647650906
counter/1/0/0/0,413:1747647650623:,1747647650906
counter/1/0/0/0,414:1747647650625:,1747647650906
counter/1/0/0/0,415:1747647650625:,1747647650906
counter/1/0/0/0,416:1747647650626:,1747647650906
counter/1/0/0/0,417:1747647650626:,1747647650906
counter/1/0/0/0,418:1747647650626:,1747647650906
counter/1/0/0/0,419:1747647650626:,1747647650906
counter/10/0/0/0,355:1747647650518:,1747647650907
counter/8/0/0/0,442:1747647650472:,1747647650907
counter/8/0/0/0,443:1747647650472:,1747647650907
counter/7/0/0/0,301:1747647650579:,1747647650907
counter/7/0/0/0,302:1747647650583:,1747647650907
counter/3/0/0/0,447:1747647650469:,1747647650907
counter/4/0/0/0,419:1747647650663:,1747647650908
counter/3/0/0/0,448:1747647650469:,1747647650908
counter/7/0/0/0,303:1747647650583:,1747647650908
counter/5/0/0/0,286:1747647650451:,1747647650908
counter/7/0/0/0,304:1747647650583:,1747647650908
counter/7/0/0/0,305:1747647650583:,1747647650908
counter/7/0/0/0,306:1747647650583:,1747647650908
counter/7/0/0/0,307:1747647650583:,1747647650908
counter/7/0/0/0,308:1747647650583:,1747647650908
counter/9/0/0/0,433:1747647650596:,1747647650909
counter/7/0/0/0,309:1747647650583:,1747647650909
counter/7/0/0/0,310:1747647650583:,1747647650909
counter/7/0/0/0,311:1747647650583:,1747647650909
counter/7/0/0/0,312:1747647650583:,1747647650909
counter/7/0/0/0,313:1747647650583:,1747647650909
counter/7/0/0/0,314:1747647650583:,1747647650909
counter/7/0/0/0,315:1747647650583:,1747647650910
counter/9/0/0/0,434:1747647650596:,1747647650910
counter/9/0/0/0,435:1747647650596:,1747647650910
counter/2/0/0/0,417:1747647650487:,1747647650910
counter/7/0/0/0,316:1747647650583:,1747647650912
counter/7/0/0/0,317:1747647650583:,1747647650912
counter/4/0/0/0,420:1747647650663:,1747647650912
counter/4/0/0/0,421:1747647650663:,1747647650912
counter/4/0/0/0,422:1747647650663:,1747647650912
counter/4/0/0/0,423:1747647650663:,1747647650912
counter/4/0/0/0,424:1747647650663:,1747647650912
counter/4/0/0/0,425:1747647650663:,1747647650912
counter/4/0/0/0,426:1747647650664:,1747647650912
counter/4/0/0/0,427:1747647650666:,1747647650912
counter/8/0/0/0,444:1747647650472:,1747647650913
counter/3/0/0/0,449:1747647650469:,1747647650914
counter/3/0/0/0,450:1747647650469:,1747647650914
counter/3/0/0/0,451:1747647650470:,1747647650914
counter/3/0/0/0,452:1747647650470:,1747647650914
counter/4/0/0/0,428:1747647650666:,1747647650914
counter/3/0/0/0,453:1747647650470:,1747647650914
counter/3/0/0/0,454:1747647650470:,1747647650914
counter/9/0/0/0,436:1747647650600:,1747647650914
counter/10/0/0/0,356:1747647650518:,1747647650915
counter/3/0/0/0,455:1747647650470:,1747647650915
counter/3/0/0/0,456:1747647650470:,1747647650915
counter/3/0/0/0,457:1747647650470:,1747647650915
counter/3/0/0/0,458:1747647650470:,1747647650915
counter/10/0/0/0,357:1747647650518:,1747647650915
counter/3/0/0/0,459:1747647650470:,1747647650915
counter/5/0/0/0,287:1747647650451:,1747647650916
counter/6/0/0/0,359:1747647650505:,1747647650916
counter/6/0/0/0,360:1747647650505:,1747647650916
counter/4/0/0/0,429:1747647650667:,1747647650917
counter/5/0/0/0,288:1747647650457:,1747647650917
counter/5/0/0/0,289:1747647650457:,1747647650917
counter/5/0/0/0,290:1747647650457:,1747647650917
counter/5/0/0/0,291:1747647650457:,1747647650917
counter/5/0/0/0,292:1747647650457:,1747647650917
counter/3/0/0/0,460:1747647650470:,1747647650918
counter/10/0/0/0,358:1747647650518:,1747647650918
counter/3/0/0/0,461:1747647650470:,1747647650919
counter/1/0/0/0,420:1747647650626:,1747647650919
counter/3/0/0/0,462:1747647650470:,1747647650920
counter/5/0/0/0,293:1747647650458:,1747647650920
counter/5/0/0/0,294:1747647650458:,1747647650920
counter/5/0/0/0,295:1747647650458:,1747647650921
counter/5/0/0/0,296:1747647650458:,1747647650921
counter/5/0/0/0,297:1747647650458:,1747647650921
counter/9/0/0/0,437:1747647650601:,1747647650922
counter/9/0/0/0,438:1747647650601:,1747647650923
counter/9/0/0/0,439:1747647650601:,1747647650923
counter/9/0/0/0,440:1747647650601:,1747647650923
counter/9/0/0/0,441:1747647650601:,1747647650923
counter/9/0/0/0,442:1747647650601:,1747647650923
counter/9/0/0/0,443:1747647650601:,1747647650923
counter/3/0/0/0,463:1747647650470:,1747647650923
counter/7/0/0/0,318:1747647650584:,1747647650923
counter/9/0/0/0,444:1747647650601:,1747647650925
counter/9/0/0/0,445:1747647650601:,1747647650925
counter/9/0/0/0,446:1747647650601:,1747647650925
counter/4/0/0/0,430:1747647650667:,1747647650925
counter/9/0/0/0,447:1747647650601:,1747647650925
counter/3/0/0/0,464:1747647650470:,1747647650925
counter/2/0/0/0,418:1747647650488:,1747647650926
counter/2/0/0/0,419:1747647650488:,1747647650926
counter/2/0/0/0,420:1747647650488:,1747647650926
counter/2/0/0/0,421:1747647650488:,1747647650926
counter/2/0/0/0,422:1747647650488:,1747647650926
counter/2/0/0/0,423:1747647650488:,1747647650926
counter/2/0/0/0,424:1747647650488:,1747647650926
counter/10/0/0/0,359:1747647650518:,1747647650926
counter/10/0/0/0,360:1747647650518:,1747647650926
counter/10/0/0/0,361:1747647650520:,1747647650926
counter/7/0/0/0,319:1747647650584:,1747647650926
counter/8/0/0/0,445:1747647650472:,1747647650926
counter/7/0/0/0,320:1747647650584:,1747647650926
counter/9/0/0/0,448:1747647650609:,1747647650927
counter/8/0/0/0,446:1747647650472:,1747647650927
counter/8/0/0/0,447:1747647650472:,1747647650928
counter/8/0/0/0,448:1747647650474:,1747647650928
counter/8/0/0/0,449:1747647650474:,1747647650928
counter/8/0/0/0,450:1747647650474:,1747647650928
counter/8/0/0/0,451:1747647650474:,1747647650928
counter/8/0/0/0,452:1747647650474:,1747647650928
counter/8/0/0/0,453:1747647650474:,1747647650928
counter/8/0/0/0,454:1747647650474:,1747647650928
counter/8/0/0/0,455:1747647650482:,1747647650928
counter/3/0/0/0,465:1747647650470:,1747647650928
counter/8/0/0/0,456:1747647650482:,1747647650928
counter/8/0/0/0,457:1747647650483:,1747647650928
counter/8/0/0/0,458:1747647650483:,1747647650928
counter/8/0/0/0,459:1747647650483:,1747647650928
counter/5/0/0/0,298:1747647650491:,1747647650928
counter/8/0/0/0,460:1747647650483:,1747647650928
counter/5/0/0/0,299:1747647650491:,1747647650928
counter/5/0/0/0,300:1747647650491:,1747647650929
counter/5/0/0/0,301:1747647650493:,1747647650929
counter/5/0/0/0,302:1747647650496:,1747647650929
counter/5/0/0/0,303:1747647650496:,1747647650929
counter/8/0/0/0,461:1747647650483:,1747647650929
counter/8/0/0/0,462:1747647650483:,1747647650929
counter/8/0/0/0,463:1747647650483:,1747647650929
counter/8/0/0/0,464:1747647650483:,1747647650929
counter/5/0/0/0,304:1747647650496:,1747647650930
counter/5/0/0/0,305:1747647650496:,1747647650930
counter/5/0/0/0,306:1747647650496:,1747647650930
counter/5/0/0/0,307:1747647650496:,1747647650930
counter/5/0/0/0,308:1747647650496:,1747647650930
counter/5/0/0/0,309:1747647650496:,1747647650930
counter/5/0/0/0,310:1747647650496:,1747647650930
counter/5/0/0/0,311:1747647650496:,1747647650930
counter/1/0/0/0,421:1747647650626:,1747647650930
counter/5/0/0/0,312:1747647650496:,1747647650930
counter/5/0/0/0,313:1747647650496:,1747647650930
counter/5/0/0/0,314:1747647650496:,1747647650930
counter/5/0/0/0,315:1747647650502:,1747647650930
counter/5/0/0/0,316:1747647650502:,1747647650930
counter/6/0/0/0,361:1747647650505:,1747647650931
counter/7/0/0/0,321:1747647650584:,1747647650931
counter/3/0/0/0,466:1747647650470:,1747647650931
counter/7/0/0/0,322:1747647650584:,1747647650931
counter/6/0/0/0,362:1747647650506:,1747647650931
counter/6/0/0/0,363:1747647650506:,1747647650931
counter/2/0/0/0,425:1747647650488:,1747647650931
counter/2/0/0/0,426:1747647650488:,1747647650931
counter/2/0/0/0,427:1747647650488:,1747647650931
counter/2/0/0/0,428:1747647650488:,1747647650931
counter/2/0/0/0,429:1747647650488:,1747647650931
counter/2/0/0/0,430:1747647650488:,1747647650931
counter/10/0/0/0,362:1747647650520:,1747647650931
counter/3/0/0/0,467:1747647650470:,1747647650931
counter/2/0/0/0,431:1747647650488:,1747647650931
counter/3/0/0/0,468:1747647650470:,1747647650931
counter/2/0/0/0,432:1747647650488:,1747647650931
counter/3/0/0/0,469:1747647650470:,1747647650932
counter/2/0/0/0,433:1747647650488:,1747647650932
counter/3/0/0/0,470:1747647650470:,1747647650932
counter/2/0/0/0,434:1747647650488:,1747647650932
counter/1/0/0/0,422:1747647650626:,1747647650932
counter/2/0/0/0,435:1747647650488:,1747647650932
counter/1/0/0/0,423:1747647650626:,1747647650932
counter/1/0/0/0,424:1747647650626:,1747647650932
counter/1/0/0/0,425:1747647650626:,1747647650932
counter/1/0/0/0,426:1747647650626:,1747647650932
counter/1/0/0/0,427:1747647650626:,1747647650932
counter/1/0/0/0,428:1747647650626:,1747647650932
counter/1/0/0/0,429:1747647650632:,1747647650932
counter/1/0/0/0,430:1747647650632:,1747647650932
counter/1/0/0/0,431:1747647650632:,1747647650932
counter/1/0/0/0,432:1747647650632:,1747647650932
counter/4/0/0/0,431:1747647650667:,1747647650932
counter/1/0/0/0,433:1747647650633:,1747647650932
counter/3/0/0/0,471:1747647650470:,1747647650932
counter/1/0/0/0,434:1747647650633:,1747647650933
counter/1/0/0/0,435:1747647650633:,1747647650933
counter/2/0/0/0,436:1747647650488:,1747647650933
counter/2/0/0/0,437:1747647650488:,1747647650933
counter/2/0/0/0,438:1747647650488:,1747647650933
counter/2/0/0/0,439:1747647650488:,1747647650933
counter/2/0/0/0,440:1747647650488:,1747647650933
counter/2/0/0/0,441:1747647650488:,1747647650933
counter/2/0/0/0,442:1747647650488:,1747647650933
counter/2/0/0/0,443:1747647650489:,1747647650933
counter/7/0/0/0,323:1747647650584:,1747647650933
counter/2/0/0/0,444:1747647650489:,1747647650933
counter/7/0/0/0,324:1747647650584:,1747647650933
counter/2/0/0/0,445:1747647650489:,1747647650933
counter/2/0/0/0,446:1747647650489:,1747647650933
counter/2/0/0/0,447:1747647650489:,1747647650933
counter/2/0/0/0,448:1747647650489:,1747647650933
counter/7/0/0/0,325:1747647650584:,1747647650933
counter/5/0/0/0,317:1747647650502:,1747647650934
counter/5/0/0/0,318:1747647650502:,1747647650934
counter/5/0/0/0,319:1747647650502:,1747647650934
counter/5/0/0/0,320:1747647650502:,1747647650934
counter/5/0/0/0,321:1747647650502:,1747647650934
counter/7/0/0/0,326:1747647650584:,1747647650934
counter/5/0/0/0,322:1747647650513:,1747647650934
counter/5/0/0/0,323:1747647650513:,1747647650934
counter/5/0/0/0,324:1747647650513:,1747647650934
counter/5/0/0/0,325:1747647650513:,1747647650934
counter/5/0/0/0,326:1747647650513:,1747647650934
counter/5/0/0/0,327:1747647650513:,1747647650934
counter/5/0/0/0,328:1747647650513:,1747647650934
counter/3/0/0/0,472:1747647650470:,1747647650935
counter/10/0/0/0,363:1747647650520:,1747647650935
counter/7/0/0/0,327:1747647650584:,1747647650936
counter/10/0/0/0,364:1747647650520:,1747647650936
counter/4/0/0/0,432:1747647650667:,1747647650936
counter/2/0/0/0,449:1747647650489:,1747647650937
counter/5/0/0/0,329:1747647650513:,1747647650937
counter/1/0/0/0,436:1747647650634:,1747647650937
counter/1/0/0/0,437:1747647650634:,1747647650937
counter/1/0/0/0,438:1747647650634:,1747647650937
counter/1/0/0/0,439:1747647650634:,1747647650937
counter/1/0/0/0,440:1747647650634:,1747647650937
counter/1/0/0/0,441:1747647650637:,1747647650937
counter/2/0/0/0,450:1747647650489:,1747647650937
counter/9/0/0/0,449:1747647650609:,1747647650937
counter/5/0/0/0,330:1747647650513:,1747647650937
counter/5/0/0/0,331:1747647650513:,1747647650937
counter/5/0/0/0,332:1747647650513:,1747647650937
counter/5/0/0/0,333:1747647650513:,1747647650937
counter/5/0/0/0,334:1747647650513:,1747647650938
counter/5/0/0/0,335:1747647650514:,1747647650938
counter/5/0/0/0,336:1747647650515:,1747647650938
counter/5/0/0/0,337:1747647650515:,1747647650938
counter/6/0/0/0,364:1747647650506:,1747647650938
counter/5/0/0/0,338:1747647650515:,1747647650938
counter/1/0/0/0,442:1747647650637:,1747647650939
counter/3/0/0/0,473:1747647650470:,1747647650939
counter/3/0/0/0,474:1747647650470:,1747647650939
counter/3/0/0/0,475:1747647650470:,1747647650939
counter/3/0/0/0,476:1747647650470:,1747647650939
counter/5/0/0/0,339:1747647650515:,1747647650939
counter/3/0/0/0,477:1747647650470:,1747647650939
counter/7/0/0/0,328:1747647650584:,1747647650939
counter/6/0/0/0,365:1747647650514:,1747647650940
counter/7/0/0/0,329:1747647650584:,1747647650940
counter/7/0/0/0,330:1747647650584:,1747647650941
counter/1/0/0/0,443:1747647650638:,1747647650941
counter/1/0/0/0,444:1747647650647:,1747647650941
counter/1/0/0/0,445:1747647650647:,1747647650941
counter/1/0/0/0,446:1747647650647:,1747647650941
counter/1/0/0/0,447:1747647650647:,1747647650941
counter/1/0/0/0,448:1747647650647:,1747647650941
counter/4/0/0/0,433:1747647650667:,1747647650941
counter/8/0/0/0,465:1747647650483:,1747647650941
counter/7/0/0/0,331:1747647650584:,1747647650942
counter/8/0/0/0,466:1747647650483:,1747647650942
counter/8/0/0/0,467:1747647650483:,1747647650942
counter/8/0/0/0,468:1747647650483:,1747647650943
counter/8/0/0/0,469:1747647650483:,1747647650943
counter/8/0/0/0,470:1747647650485:,1747647650943
counter/8/0/0/0,471:1747647650485:,1747647650943
counter/1/0/0/0,449:1747647650647:,1747647650943
counter/3/0/0/0,478:1747647650470:,1747647650943
counter/2/0/0/0,451:1747647650489:,1747647650943
counter/3/0/0/0,479:1747647650470:,1747647650943
counter/3/0/0/0,480:1747647650470:,1747647650943
counter/3/0/0/0,481:1747647650470:,1747647650943
counter/10/0/0/0,365:1747647650520:,1747647650943
counter/6/0/0/0,366:1747647650514:,1747647650944
counter/10/0/0/0,366:1747647650520:,1747647650944
counter/3/0/0/0,482:1747647650470:,1747647650945
counter/9/0/0/0,450:1747647650609:,1747647650946
counter/5/0/0/0,340:1747647650515:,1747647650946
counter/8/0/0/0,472:1747647650485:,1747647650946
counter/7/0/0/0,332:1747647650589:,1747647650947
counter/5/0/0/0,341:1747647650515:,1747647650948
counter/10/0/0/0,367:1747647650520:,1747647650948
counter/6/0/0/0,367:1747647650514:,1747647650950
counter/5/0/0/0,342:1747647650515:,1747647650950
counter/7/0/0/0,333:1747647650589:,1747647650951
counter/9/0/0/0,451:1747647650609:,1747647650951
counter/2/0/0/0,452:1747647650489:,1747647650951
counter/3/0/0/0,483:1747647650470:,1747647650951
counter/1/0/0/0,450:1747647650647:,1747647650951
counter/7/0/0/0,334:1747647650589:,1747647650952
counter/7/0/0/0,335:1747647650589:,1747647650952
counter/7/0/0/0,336:1747647650589:,1747647650952
counter/4/0/0/0,434:1747647650667:,1747647650954
counter/4/0/0/0,435:1747647650667:,1747647650954
counter/4/0/0/0,436:1747647650667:,1747647650954
counter/4/0/0/0,437:1747647650669:,1747647650954
counter/4/0/0/0,438:1747647650674:,1747647650954
counter/4/0/0/0,439:1747647650674:,1747647650954
counter/4/0/0/0,440:1747647650674:,1747647650954
counter/4/0/0/0,441:1747647650674:,1747647650954
counter/4/0/0/0,442:1747647650674:,1747647650954
counter/4/0/0/0,443:1747647650674:,1747647650954
counter/4/0/0/0,444:1747647650674:,1747647650954
counter/4/0/0/0,445:1747647650674:,1747647650954
counter/4/0/0/0,446:1747647650674:,1747647650954
counter/4/0/0/0,447:1747647650674:,1747647650955
counter/4/0/0/0,448:1747647650674:,1747647650955
counter/4/0/0/0,449:1747647650674:,1747647650955
counter/4/0/0/0,450:1747647650674:,1747647650955
counter/4/0/0/0,451:1747647650674:,1747647650955
counter/4/0/0/0,452:1747647650674:,1747647650955
counter/3/0/0/0,484:1747647650473:,1747647650955
counter/3/0/0/0,485:1747647650473:,1747647650955
counter/3/0/0/0,486:1747647650473:,1747647650955
counter/3/0/0/0,487:1747647650473:,1747647650956
counter/3/0/0/0,488:1747647650475:,1747647650956
counter/3/0/0/0,489:1747647650475:,1747647650956
counter/3/0/0/0,490:1747647650475:,1747647650956
counter/3/0/0/0,491:1747647650475:,1747647650956
counter/3/0/0/0,492:1747647650475:,1747647650956
counter/3/0/0/0,493:1747647650475:,1747647650956
counter/7/0/0/0,337:1747647650589:,1747647650956
counter/1/0/0/0,451:1747647650647:,1747647650956
counter/9/0/0/0,452:1747647650609:,1747647650956
counter/8/0/0/0,473:1747647650485:,1747647650956
counter/8/0/0/0,474:1747647650485:,1747647650956
counter/8/0/0/0,475:1747647650485:,1747647650956
counter/2/0/0/0,453:1747647650489:,1747647650956
counter/8/0/0/0,476:1747647650485:,1747647650957
counter/8/0/0/0,477:1747647650486:,1747647650957
counter/8/0/0/0,478:1747647650486:,1747647650957
counter/8/0/0/0,479:1747647650486:,1747647650957
counter/8/0/0/0,480:1747647650486:,1747647650957
counter/8/0/0/0,481:1747647650486:,1747647650957
counter/8/0/0/0,482:1747647650486:,1747647650957
counter/8/0/0/0,483:1747647650486:,1747647650957
counter/8/0/0/0,484:1747647650486:,1747647650957
counter/8/0/0/0,485:1747647650486:,1747647650957
counter/8/0/0/0,486:1747647650486:,1747647650957
counter/10/0/0/0,368:1747647650520:,1747647650957
counter/9/0/0/0,453:1747647650609:,1747647650959
counter/5/0/0/0,343:1747647650515:,1747647650959
counter/5/0/0/0,344:1747647650515:,1747647650959
counter/5/0/0/0,345:1747647650515:,1747647650959
counter/5/0/0/0,346:1747647650515:,1747647650959
counter/5/0/0/0,347:1747647650515:,1747647650959
counter/5/0/0/0,348:1747647650515:,1747647650959
counter/5/0/0/0,349:1747647650519:,1747647650959
counter/5/0/0/0,350:1747647650519:,1747647650960
counter/5/0/0/0,351:1747647650519:,1747647650960
counter/5/0/0/0,352:1747647650519:,1747647650960
counter/3/0/0/0,494:1747647650475:,1747647650960
counter/2/0/0/0,454:1747647650489:,1747647650960
counter/2/0/0/0,455:1747647650489:,1747647650960
counter/2/0/0/0,456:1747647650489:,1747647650960
counter/2/0/0/0,457:1747647650489:,1747647650960
counter/2/0/0/0,458:1747647650489:,1747647650960
counter/2/0/0/0,459:1747647650489:,1747647650960
counter/8/0/0/0,487:1747647650486:,1747647650961
counter/1/0/0/0,452:1747647650647:,1747647650961
counter/1/0/0/0,453:1747647650647:,1747647650961
counter/1/0/0/0,454:1747647650647:,1747647650961
counter/1/0/0/0,455:1747647650647:,1747647650961
counter/1/0/0/0,456:1747647650648:,1747647650962
counter/1/0/0/0,457:1747647650648:,1747647650962
counter/1/0/0/0,458:1747647650648:,1747647650962
counter/1/0/0/0,459:1747647650651:,1747647650962
counter/1/0/0/0,460:1747647650651:,1747647650962
counter/1/0/0/0,461:1747647650651:,1747647650962
counter/1/0/0/0,462:1747647650651:,1747647650962
counter/1/0/0/0,463:1747647650651:,1747647650962
counter/3/0/0/0,495:1747647650475:,1747647650962
counter/3/0/0/0,496:1747647650475:,1747647650962
counter/3/0/0/0,497:1747647650480:,1747647650962
counter/3/0/0/0,498:1747647650480:,1747647650963
counter/3/0/0/0,499:1747647650480:,1747647650963
counter/3/0/0/0,500:1747647650480:,1747647650963
counter/3/0/0/0,501:1747647650480:,1747647650963
counter/3/0/0/0,502:1747647650480:,1747647650963
counter/3/0/0/0,503:1747647650480:,1747647650963
counter/3/0/0/0,504:1747647650480:,1747647650963
counter/9/0/0/0,454:1747647650610:,1747647650964
counter/5/0/0/0,353:1747647650519:,1747647650964
counter/10/0/0/0,369:1747647650520:,1747647650964
counter/4/0/0/0,453:1747647650674:,1747647650964
counter/10/0/0/0,370:1747647650520:,1747647650964
counter/10/0/0/0,371:1747647650520:,1747647650964
counter/10/0/0/0,372:1747647650520:,1747647650964
counter/10/0/0/0,373:1747647650520:,1747647650964
counter/10/0/0/0,374:1747647650520:,1747647650964
counter/6/0/0/0,368:1747647650514:,1747647650964
counter/5/0/0/0,354:1747647650519:,1747647650964
counter/5/0/0/0,355:1747647650519:,1747647650964
counter/1/0/0/0,464:1747647650651:,1747647650965
counter/1/0/0/0,465:1747647650651:,1747647650965
counter/1/0/0/0,466:1747647650651:,1747647650965
counter/1/0/0/0,467:1747647650651:,1747647650965
counter/1/0/0/0,468:1747647650651:,1747647650965
counter/1/0/0/0,469:1747647650654:,1747647650965
counter/1/0/0/0,470:1747647650654:,1747647650965
counter/1/0/0/0,471:1747647650654:,1747647650965
counter/7/0/0/0,338:1747647650589:,1747647650965
counter/6/0/0/0,369:1747647650514:,1747647650965
counter/8/0/0/0,488:1747647650486:,1747647650965
counter/8/0/0/0,489:1747647650486:,1747647650966
counter/8/0/0/0,490:1747647650486:,1747647650966
counter/8/0/0/0,491:1747647650486:,1747647650966
counter/8/0/0/0,492:1747647650486:,1747647650966
counter/8/0/0/0,493:1747647650486:,1747647650966
counter/8/0/0/0,494:1747647650486:,1747647650966
counter/8/0/0/0,495:1747647650486:,1747647650966
counter/4/0/0/0,454:1747647650674:,1747647650966
counter/4/0/0/0,455:1747647650676:,1747647650966
counter/4/0/0/0,456:1747647650676:,1747647650966
counter/4/0/0/0,457:1747647650676:,1747647650966
counter/4/0/0/0,458:1747647650676:,1747647650966
counter/4/0/0/0,459:1747647650676:,1747647650966
counter/4/0/0/0,460:1747647650676:,1747647650966
counter/4/0/0/0,461:1747647650676:,1747647650966
counter/4/0/0/0,462:1747647650679:,1747647650966
counter/3/0/0/0,505:1747647650480:,1747647650966
counter/7/0/0/0,339:1747647650589:,1747647650966
counter/4/0/0/0,463:1747647650679:,1747647650968
counter/3/0/0/0,506:1747647650480:,1747647650968
counter/3/0/0/0,507:1747647650480:,1747647650968
counter/3/0/0/0,508:1747647650480:,1747647650968
counter/3/0/0/0,509:1747647650480:,1747647650968
counter/5/0/0/0,356:1747647650519:,1747647650968
counter/5/0/0/0,357:1747647650519:,1747647650968
counter/7/0/0/0,340:1747647650589:,1747647650968
counter/8/0/0/0,496:1747647650492:,1747647650968
counter/8/0/0/0,497:1747647650492:,1747647650968
counter/9/0/0/0,455:1747647650610:,1747647650968
counter/5/0/0/0,358:1747647650519:,1747647650971
counter/7/0/0/0,341:1747647650589:,1747647650973
counter/4/0/0/0,464:1747647650679:,1747647650992
counter/4/0/0/0,465:1747647650679:,1747647650992
counter/1/0/0/0,472:1747647650654:,1747647650992
counter/4/0/0/0,466:1747647650679:,1747647650992
counter/4/0/0/0,467:1747647650679:,1747647650992
counter/4/0/0/0,468:1747647650679:,1747647650993
counter/9/0/0/0,456:1747647650610:,1747647650993
counter/9/0/0/0,457:1747647650614:,1747647650993
counter/9/0/0/0,458:1747647650615:,1747647650993
counter/9/0/0/0,459:1747647650615:,1747647650993
counter/9/0/0/0,460:1747647650615:,1747647650993
counter/5/0/0/0,359:1747647650519:,1747647650993
counter/9/0/0/0,461:1747647650628:,1747647650993
counter/3/0/0/0,510:1747647650480:,1747647650993
counter/9/0/0/0,462:1747647650628:,1747647650993
counter/10/0/0/0,375:1747647650520:,1747647650994
counter/10/0/0/0,376:1747647650537:,1747647650994
counter/9/0/0/0,463:1747647650628:,1747647650994
counter/10/0/0/0,377:1747647650537:,1747647650994
counter/9/0/0/0,464:1747647650628:,1747647650994
counter/4/0/0/0,469:1747647650682:,1747647650994
counter/10/0/0/0,378:1747647650537:,1747647650994
counter/9/0/0/0,465:1747647650629:,1747647650995
counter/9/0/0/0,466:1747647650629:,1747647650995
counter/6/0/0/0,370:1747647650514:,1747647650995
counter/9/0/0/0,467:1747647650629:,1747647650995
counter/6/0/0/0,371:1747647650514:,1747647650995
counter/6/0/0/0,372:1747647650514:,1747647650995
counter/6/0/0/0,373:1747647650514:,1747647650995
counter/6/0/0/0,374:1747647650514:,1747647650995
counter/9/0/0/0,468:1747647650629:,1747647650995
counter/2/0/0/0,460:1747647650489:,1747647650995
counter/2/0/0/0,461:1747647650489:,1747647650995
counter/2/0/0/0,462:1747647650489:,1747647650995
counter/6/0/0/0,375:1747647650514:,1747647650995
counter/2/0/0/0,463:1747647650489:,1747647650996
counter/3/0/0/0,511:1747647650480:,1747647650996
counter/3/0/0/0,512:1747647650480:,1747647650996
counter/3/0/0/0,513:1747647650480:,1747647650996
counter/3/0/0/0,514:1747647650480:,1747647650996
counter/3/0/0/0,515:1747647650480:,1747647650996
counter/3/0/0/0,516:1747647650480:,1747647650996
counter/3/0/0/0,517:1747647650480:,1747647650996
counter/3/0/0/0,518:1747647650480:,1747647650996
counter/3/0/0/0,519:1747647650480:,1747647650996
counter/3/0/0/0,520:1747647650480:,1747647650997
counter/3/0/0/0,521:1747647650480:,1747647650997
counter/2/0/0/0,464:1747647650489:,1747647650997
counter/3/0/0/0,522:1747647650480:,1747647650997
counter/3/0/0/0,523:1747647650480:,1747647650997
counter/6/0/0/0,376:1747647650514:,1747647650997
counter/5/0/0/0,360:1747647650519:,1747647650997
counter/5/0/0/0,361:1747647650519:,1747647650997
counter/5/0/0/0,362:1747647650519:,1747647650997
counter/5/0/0/0,363:1747647650519:,1747647650997
counter/7/0/0/0,342:1747647650589:,1747647650997
counter/7/0/0/0,343:1747647650589:,1747647650997
counter/1/0/0/0,473:1747647650654:,1747647650998
counter/1/0/0/0,474:1747647650654:,1747647650998
counter/10/0/0/0,379:1747647650537:,1747647651000
counter/7/0/0/0,344:1747647650589:,1747647651000
counter/7/0/0/0,345:1747647650589:,1747647651000
counter/7/0/0/0,346:1747647650589:,1747647651000
counter/7/0/0/0,347:1747647650589:,1747647651000
counter/7/0/0/0,348:1747647650589:,1747647651000
counter/7/0/0/0,349:1747647650589:,1747647651000
counter/7/0/0/0,350:1747647650590:,1747647651000
counter/7/0/0/0,351:1747647650590:,1747647651000
counter/7/0/0/0,352:1747647650590:,1747647651000
counter/7/0/0/0,353:1747647650590:,1747647651000
counter/7/0/0/0,354:1747647650590:,1747647651000
counter/8/0/0/0,498:1747647650492:,1747647651000
counter/8/0/0/0,499:1747647650492:,1747647651001
counter/3/0/0/0,524:1747647650480:,1747647651001
counter/10/0/0/0,380:1747647650537:,1747647651001
counter/3/0/0/0,525:1747647650480:,1747647651001
counter/5/0/0/0,364:1747647650528:,1747647651001
counter/6/0/0/0,377:1747647650514:,1747647651001
counter/4/0/0/0,470:1747647650682:,1747647651001
counter/2/0/0/0,465:1747647650489:,1747647651001
counter/2/0/0/0,466:1747647650489:,1747647651002
counter/2/0/0/0,467:1747647650489:,1747647651002
counter/2/0/0/0,468:1747647650489:,1747647651002
counter/6/0/0/0,378:1747647650514:,1747647651002
counter/4/0/0/0,471:1747647650682:,1747647651002
counter/4/0/0/0,472:1747647650682:,1747647651003
counter/2/0/0/0,469:1747647650489:,1747647651003
counter/2/0/0/0,470:1747647650490:,1747647651003
counter/2/0/0/0,471:1747647650490:,1747647651003
counter/2/0/0/0,472:1747647650490:,1747647651003
counter/2/0/0/0,473:1747647650490:,1747647651003
counter/2/0/0/0,474:1747647650490:,1747647651003
counter/2/0/0/0,475:1747647650490:,1747647651003
counter/2/0/0/0,476:1747647650490:,1747647651003
counter/2/0/0/0,477:1747647650490:,1747647651003
counter/2/0/0/0,478:1747647650490:,1747647651003
counter/2/0/0/0,479:1747647650495:,1747647651004
counter/2/0/0/0,480:1747647650495:,1747647651004
counter/2/0/0/0,481:1747647650495:,1747647651004
counter/2/0/0/0,482:1747647650495:,1747647651004
counter/2/0/0/0,483:1747647650495:,1747647651004
counter/2/0/0/0,484:1747647650495:,1747647651004
counter/2/0/0/0,485:1747647650495:,1747647651004
counter/2/0/0/0,486:1747647650495:,1747647651004
counter/2/0/0/0,487:1747647650495:,1747647651004
counter/9/0/0/0,469:1747647650629:,1747647651004
counter/7/0/0/0,355:1747647650590:,1747647651004
counter/7/0/0/0,356:1747647650590:,1747647651004
counter/8/0/0/0,500:1747647650492:,1747647651004
counter/6/0/0/0,379:1747647650514:,1747647651004
counter/2/0/0/0,488:1747647650495:,1747647651004
counter/2/0/0/0,489:1747647650495:,1747647651005
counter/2/0/0/0,490:1747647650495:,1747647651005
counter/2/0/0/0,491:1747647650495:,1747647651005
counter/2/0/0/0,492:1747647650495:,1747647651005
counter/2/0/0/0,493:1747647650495:,1747647651005
counter/2/0/0/0,494:1747647650495:,1747647651005
counter/2/0/0/0,495:1747647650501:,1747647651005
counter/2/0/0/0,496:1747647650501:,1747647651005
counter/2/0/0/0,497:1747647650501:,1747647651005
counter/6/0/0/0,380:1747647650514:,1747647651005
counter/6/0/0/0,381:1747647650522:,1747647651005
counter/1/0/0/0,475:1747647650654:,1747647651005
counter/6/0/0/0,382:1747647650522:,1747647651005
counter/6/0/0/0,383:1747647650523:,1747647651005
counter/2/0/0/0,498:1747647650501:,1747647651005
counter/2/0/0/0,499:1747647650501:,1747647651005
counter/2/0/0/0,500:1747647650501:,1747647651006
counter/2/0/0/0,501:1747647650501:,1747647651006
counter/2/0/0/0,502:1747647650502:,1747647651006
counter/2/0/0/0,503:1747647650502:,1747647651006
counter/5/0/0/0,365:1747647650529:,1747647651006
counter/2/0/0/0,504:1747647650502:,1747647651006
counter/7/0/0/0,357:1747647650590:,1747647651006
counter/9/0/0/0,470:1747647650629:,1747647651007
counter/9/0/0/0,471:1747647650629:,1747647651007
counter/9/0/0/0,472:1747647650629:,1747647651007
counter/9/0/0/0,473:1747647650629:,1747647651008
counter/6/0/0/0,384:1747647650523:,1747647651008
counter/1/0/0/0,476:1747647650654:,1747647651009
counter/1/0/0/0,477:1747647650654:,1747647651009
counter/1/0/0/0,478:1747647650654:,1747647651009
counter/1/0/0/0,479:1747647650660:,1747647651009
counter/9/0/0/0,474:1747647650629:,1747647651010
counter/9/0/0/0,475:1747647650629:,1747647651010
counter/9/0/0/0,476:1747647650629:,1747647651010
counter/9/0/0/0,477:1747647650629:,1747647651010
counter/6/0/0/0,385:1747647650523:,1747647651010
counter/9/0/0/0,478:1747647650639:,1747647651010
counter/3/0/0/0,526:1747647650480:,1747647651011
counter/3/0/0/0,527:1747647650481:,1747647651012
counter/3/0/0/0,528:1747647650481:,1747647651012
counter/3/0/0/0,529:1747647650481:,1747647651012
counter/3/0/0/0,530:1747647650481:,1747647651012
counter/3/0/0/0,531:1747647650481:,1747647651012
counter/3/0/0/0,532:1747647650481:,1747647651012
counter/3/0/0/0,533:1747647650481:,1747647651012
counter/2/0/0/0,505:1747647650502:,1747647651012
counter/1/0/0/0,480:1747647650660:,1747647651012
counter/3/0/0/0,534:1747647650481:,1747647651012
counter/1/0/0/0,481:1747647650660:,1747647651013
counter/1/0/0/0,482:1747647650660:,1747647651013
counter/1/0/0/0,483:1747647650660:,1747647651013
counter/1/0/0/0,484:1747647650660:,1747647651013
counter/1/0/0/0,485:1747647650663:,1747647651013
counter/7/0/0/0,358:1747647650590:,1747647651014
counter/9/0/0/0,479:1747647650649:,1747647651014
counter/9/0/0/0,480:1747647650649:,1747647651016
counter/2/0/0/0,506:1747647650502:,1747647651016
counter/4/0/0/0,473:1747647650682:,1747647651016
counter/4/0/0/0,474:1747647650682:,1747647651016
counter/4/0/0/0,475:1747647650682:,1747647651016
counter/9/0/0/0,481:1747647650649:,1747647651016
counter/6/0/0/0,386:1747647650523:,1747647651016
counter/2/0/0/0,507:1747647650502:,1747647651016
counter/6/0/0/0,387:1747647650523:,1747647651017
counter/6/0/0/0,388:1747647650523:,1747647651017
counter/6/0/0/0,389:1747647650523:,1747647651017
counter/6/0/0/0,390:1747647650525:,1747647651017
counter/10/0/0/0,381:1747647650537:,1747647651017
counter/2/0/0/0,508:1747647650502:,1747647651017
counter/2/0/0/0,509:1747647650502:,1747647651017
counter/2/0/0/0,510:1747647650502:,1747647651017
counter/2/0/0/0,511:1747647650503:,1747647651017
counter/2/0/0/0,512:1747647650503:,1747647651017
counter/2/0/0/0,513:1747647650503:,1747647651017
counter/2/0/0/0,514:1747647650503:,1747647651017
counter/2/0/0/0,515:1747647650503:,1747647651017
counter/2/0/0/0,516:1747647650503:,1747647651018
counter/4/0/0/0,476:1747647650683:,1747647651018
counter/9/0/0/0,482:1747647650649:,1747647651018
counter/9/0/0/0,483:1747647650649:,1747647651018
counter/9/0/0/0,484:1747647650649:,1747647651018
counter/9/0/0/0,485:1747647650649:,1747647651018
counter/9/0/0/0,486:1747647650650:,1747647651019
counter/9/0/0/0,487:1747647650650:,1747647651019
counter/9/0/0/0,488:1747647650650:,1747647651019
counter/9/0/0/0,489:1747647650650:,1747647651019
counter/9/0/0/0,490:1747647650650:,1747647651019
counter/9/0/0/0,491:1747647650650:,1747647651019
counter/9/0/0/0,492:1747647650650:,1747647651019
counter/9/0/0/0,493:1747647650650:,1747647651019
counter/2/0/0/0,517:1747647650503:,1747647651019
counter/2/0/0/0,518:1747647650503:,1747647651019
counter/2/0/0/0,519:1747647650503:,1747647651019
counter/2/0/0/0,520:1747647650503:,1747647651019
counter/1/0/0/0,486:1747647650664:,1747647651019
counter/1/0/0/0,487:1747647650664:,1747647651019
counter/1/0/0/0,488:1747647650664:,1747647651019
counter/1/0/0/0,489:1747647650664:,1747647651019
counter/1/0/0/0,490:1747647650664:,1747647651019
counter/1/0/0/0,491:1747647650664:,1747647651019
counter/1/0/0/0,492:1747647650680:,1747647651019
counter/1/0/0/0,493:1747647650680:,1747647651019
counter/3/0/0/0,535:1747647650481:,1747647651019
counter/3/0/0/0,536:1747647650484:,1747647651020
counter/9/0/0/0,494:1747647650650:,1747647651020
counter/9/0/0/0,495:1747647650650:,1747647651020
counter/9/0/0/0,496:1747647650650:,1747647651020
counter/9/0/0/0,497:1747647650650:,1747647651021
counter/9/0/0/0,498:1747647650650:,1747647651021
counter/9/0/0/0,499:1747647650650:,1747647651021
counter/9/0/0/0,500:1747647650650:,1747647651021
counter/9/0/0/0,501:1747647650650:,1747647651021
counter/2/0/0/0,521:1747647650503:,1747647651021
counter/9/0/0/0,502:1747647650650:,1747647651021
counter/9/0/0/0,503:1747647650650:,1747647651021
counter/4/0/0/0,477:1747647650683:,1747647651021
counter/8/0/0/0,501:1747647650492:,1747647651021
counter/8/0/0/0,502:1747647650492:,1747647651021
counter/8/0/0/0,503:1747647650492:,1747647651021
counter/8/0/0/0,504:1747647650492:,1747647651021
counter/8/0/0/0,505:1747647650492:,1747647651021
counter/8/0/0/0,506:1747647650492:,1747647651021
counter/8/0/0/0,507:1747647650492:,1747647651021
counter/8/0/0/0,508:1747647650492:,1747647651021
counter/3/0/0/0,537:1747647650491:,1747647651021
counter/2/0/0/0,522:1747647650503:,1747647651022
counter/2/0/0/0,523:1747647650503:,1747647651022
counter/2/0/0/0,524:1747647650503:,1747647651022
counter/2/0/0/0,525:1747647650503:,1747647651022
counter/2/0/0/0,526:1747647650503:,1747647651022
counter/2/0/0/0,527:1747647650535:,1747647651022
counter/1/0/0/0,494:1747647650680:,1747647651022
counter/2/0/0/0,528:1747647650535:,1747647651022
counter/2/0/0/0,529:1747647650535:,1747647651022
counter/3/0/0/0,538:1747647650491:,1747647651022
counter/7/0/0/0,359:1747647650590:,1747647651022
counter/7/0/0/0,360:1747647650590:,1747647651023
counter/3/0/0/0,539:1747647650491:,1747647651023
counter/7/0/0/0,361:1747647650590:,1747647651024
counter/7/0/0/0,362:1747647650590:,1747647651024
counter/7/0/0/0,363:1747647650590:,1747647651024
counter/7/0/0/0,364:1747647650595:,1747647651024
counter/7/0/0/0,365:1747647650595:,1747647651024
counter/7/0/0/0,366:1747647650595:,1747647651024
counter/7/0/0/0,367:1747647650595:,1747647651024
counter/7/0/0/0,368:1747647650595:,1747647651024
counter/7/0/0/0,369:1747647650595:,1747647651024
counter/7/0/0/0,370:1747647650595:,1747647651024
counter/7/0/0/0,371:1747647650595:,1747647651025
counter/10/0/0/0,382:1747647650537:,1747647651025
counter/6/0/0/0,391:1747647650525:,1747647651025
counter/7/0/0/0,372:1747647650595:,1747647651025
counter/7/0/0/0,373:1747647650595:,1747647651025
counter/7/0/0/0,374:1747647650595:,1747647651025
counter/7/0/0/0,375:1747647650602:,1747647651025
counter/7/0/0/0,376:1747647650602:,1747647651025
counter/7/0/0/0,377:1747647650602:,1747647651025
counter/7/0/0/0,378:1747647650603:,1747647651025
counter/7/0/0/0,379:1747647650603:,1747647651025
counter/7/0/0/0,380:1747647650604:,1747647651025
counter/1/0/0/0,495:1747647650680:,1747647651025
counter/7/0/0/0,381:1747647650606:,1747647651025
counter/7/0/0/0,382:1747647650606:,1747647651025
counter/7/0/0/0,383:1747647650606:,1747647651026
counter/10/0/0/0,383:1747647650537:,1747647651026
counter/10/0/0/0,384:1747647650537:,1747647651026
counter/9/0/0/0,504:1747647650650:,1747647651026
counter/2/0/0/0,530:1747647650552:,1747647651026
counter/7/0/0/0,384:1747647650606:,1747647651026
counter/2/0/0/0,531:1747647650556:,1747647651027
counter/8/0/0/0,509:1747647650492:,1747647651030
counter/8/0/0/0,510:1747647650492:,1747647651030
counter/2/0/0/0,532:1747647650556:,1747647651030
counter/8/0/0/0,511:1747647650492:,1747647651030
counter/8/0/0/0,512:1747647650492:,1747647651030
counter/8/0/0/0,513:1747647650492:,1747647651030
counter/10/0/0/0,385:1747647650537:,1747647651031
counter/10/0/0/0,386:1747647650537:,1747647651031
counter/2/0/0/0,533:1747647650556:,1747647651031
counter/1/0/0/0,496:1747647650680:,1747647651031
counter/1/0/0/0,497:1747647650680:,1747647651031
counter/1/0/0/0,498:1747647650680:,1747647651031
counter/1/0/0/0,499:1747647650699:,1747647651031
counter/1/0/0/0,500:1747647650699:,1747647651031
counter/1/0/0/0,501:1747647650699:,1747647651031
counter/1/0/0/0,502:1747647650699:,1747647651031
counter/1/0/0/0,503:1747647650699:,1747647651031
counter/9/0/0/0,505:1747647650650:,1747647651032
counter/9/0/0/0,506:1747647650650:,1747647651032
counter/9/0/0/0,507:1747647650650:,1747647651032
counter/9/0/0/0,508:1747647650650:,1747647651032
counter/9/0/0/0,509:1747647650650:,1747647651032
counter/9/0/0/0,510:1747647650651:,1747647651032
counter/9/0/0/0,511:1747647650655:,1747647651032
counter/5/0/0/0,366:1747647650529:,1747647651032
counter/10/0/0/0,387:1747647650538:,1747647651032
counter/10/0/0/0,388:1747647650538:,1747647651032
counter/4/0/0/0,478:1747647650683:,1747647651032
counter/4/0/0/0,479:1747647650683:,1747647651032
counter/4/0/0/0,480:1747647650683:,1747647651032
counter/8/0/0/0,514:1747647650496:,1747647651033
counter/8/0/0/0,515:1747647650497:,1747647651033
counter/8/0/0/0,516:1747647650497:,1747647651033
counter/6/0/0/0,392:1747647650525:,1747647651034
counter/3/0/0/0,540:1747647650491:,1747647651034
counter/9/0/0/0,512:1747647650655:,1747647651034
counter/1/0/0/0,504:1747647650699:,1747647651034
counter/1/0/0/0,505:1747647650699:,1747647651034
counter/1/0/0/0,506:1747647650699:,1747647651034
counter/1/0/0/0,507:1747647650699:,1747647651034
counter/1/0/0/0,508:1747647650699:,1747647651034
counter/1/0/0/0,509:1747647650699:,1747647651034
counter/9/0/0/0,513:1747647650655:,1747647651036
counter/7/0/0/0,385:1747647650606:,1747647651036
counter/9/0/0/0,514:1747647650656:,1747647651036
counter/5/0/0/0,367:1747647650529:,1747647651036
counter/5/0/0/0,368:1747647650529:,1747647651037
counter/10/0/0/0,389:1747647650538:,1747647651037
counter/10/0/0/0,390:1747647650538:,1747647651037
counter/4/0/0/0,481:1747647650683:,1747647651037
counter/9/0/0/0,515:1747647650656:,1747647651037
counter/9/0/0/0,516:1747647650656:,1747647651038
counter/9/0/0/0,517:1747647650656:,1747647651038
counter/8/0/0/0,517:1747647650497:,1747647651038
counter/5/0/0/0,369:1747647650529:,1747647651038
counter/5/0/0/0,370:1747647650529:,1747647651038
counter/5/0/0/0,371:1747647650529:,1747647651038
counter/5/0/0/0,372:1747647650529:,1747647651038
counter/7/0/0/0,386:1747647650606:,1747647651038
counter/7/0/0/0,387:1747647650606:,1747647651038
counter/7/0/0/0,388:1747647650606:,1747647651038
counter/7/0/0/0,389:1747647650606:,1747647651038
counter/7/0/0/0,390:1747647650606:,1747647651038
counter/6/0/0/0,393:1747647650530:,1747647651038
counter/4/0/0/0,482:1747647650683:,1747647651039
counter/1/0/0/0,510:1747647650699:,1747647651040
counter/3/0/0/0,541:1747647650491:,1747647651041
counter/3/0/0/0,542:1747647650491:,1747647651041
counter/9/0/0/0,518:1747647650657:,1747647651041
counter/9/0/0/0,519:1747647650658:,1747647651041
counter/9/0/0/0,520:1747647650658:,1747647651041
counter/9/0/0/0,521:1747647650658:,1747647651041
counter/9/0/0/0,522:1747647650658:,1747647651041
counter/9/0/0/0,523:1747647650658:,1747647651042
counter/9/0/0/0,524:1747647650658:,1747647651042
counter/9/0/0/0,525:1747647650658:,1747647651042
counter/9/0/0/0,526:1747647650658:,1747647651042
counter/5/0/0/0,373:1747647650529:,1747647651042
counter/5/0/0/0,374:1747647650529:,1747647651042
counter/10/0/0/0,391:1747647650538:,1747647651042
counter/8/0/0/0,518:1747647650497:,1747647651042
counter/9/0/0/0,527:1747647650659:,1747647651042
counter/9/0/0/0,528:1747647650659:,1747647651042
counter/9/0/0/0,529:1747647650659:,1747647651042
counter/9/0/0/0,530:1747647650659:,1747647651042
counter/9/0/0/0,531:1747647650659:,1747647651042
counter/6/0/0/0,394:1747647650530:,1747647651042
counter/1/0/0/0,511:1747647650699:,1747647651042
counter/5/0/0/0,375:1747647650541:,1747647651045
counter/5/0/0/0,376:1747647650541:,1747647651045
counter/9/0/0/0,532:1747647650659:,1747647651045
counter/1/0/0/0,512:1747647650699:,1747647651045
counter/1/0/0/0,513:1747647650699:,1747647651045
counter/7/0/0/0,391:1747647650609:,1747647651045
counter/7/0/0/0,392:1747647650609:,1747647651045
counter/7/0/0/0,393:1747647650609:,1747647651045
counter/2/0/0/0,534:1747647650556:,1747647651045
counter/10/0/0/0,392:1747647650551:,1747647651046
counter/9/0/0/0,533:1747647650663:,1747647651046
counter/9/0/0/0,534:1747647650663:,1747647651046
counter/9/0/0/0,535:1747647650663:,1747647651046
counter/5/0/0/0,377:1747647650541:,1747647651046
counter/1/0/0/0,514:1747647650699:,1747647651046
counter/1/0/0/0,515:1747647650699:,1747647651046
counter/1/0/0/0,516:1747647650699:,1747647651046
counter/1/0/0/0,517:1747647650699:,1747647651046
counter/1/0/0/0,518:1747647650699:,1747647651046
counter/7/0/0/0,394:1747647650620:,1747647651046
counter/2/0/0/0,535:1747647650556:,1747647651046
counter/2/0/0/0,536:1747647650556:,1747647651046
counter/2/0/0/0,537:1747647650556:,1747647651046
counter/2/0/0/0,538:1747647650556:,1747647651046
counter/2/0/0/0,539:1747647650557:,1747647651046
counter/2/0/0/0,540:1747647650560:,1747647651046
counter/9/0/0/0,536:1747647650663:,1747647651047
counter/3/0/0/0,543:1747647650491:,1747647651048
counter/10/0/0/0,393:1747647650551:,1747647651048
counter/10/0/0/0,394:1747647650551:,1747647651048
counter/1/0/0/0,519:1747647650699:,1747647651048
counter/7/0/0/0,395:1747647650620:,1747647651048
counter/3/0/0/0,544:1747647650491:,1747647651049
counter/8/0/0/0,519:1747647650497:,1747647651049
counter/4/0/0/0,483:1747647650683:,1747647651049
counter/4/0/0/0,484:1747647650684:,1747647651049
counter/5/0/0/0,378:1747647650541:,1747647651049
counter/9/0/0/0,537:1747647650663:,1747647651049
counter/9/0/0/0,538:1747647650663:,1747647651049
counter/9/0/0/0,539:1747647650663:,1747647651049
counter/4/0/0/0,485:1747647650690:,1747647651049
counter/5/0/0/0,379:1747647650541:,1747647651049
counter/3/0/0/0,545:1747647650491:,1747647651050
counter/1/0/0/0,520:1747647650699:,1747647651050
counter/6/0/0/0,395:1747647650530:,1747647651050
counter/8/0/0/0,520:1747647650497:,1747647651051
counter/9/0/0/0,540:1747647650663:,1747647651051
counter/10/0/0/0,395:1747647650551:,1747647651051
counter/10/0/0/0,396:1747647650551:,1747647651051
counter/1/0/0/0,521:1747647650699:,1747647651051
counter/4/0/0/0,486:1747647650690:,1747647651051
counter/4/0/0/0,487:1747647650690:,1747647651051
counter/5/0/0/0,380:1747647650541:,1747647651052
counter/10/0/0/0,397:1747647650556:,1747647651052
counter/7/0/0/0,396:1747647650620:,1747647651053
counter/9/0/0/0,541:1747647650672:,1747647651053
counter/7/0/0/0,397:1747647650620:,1747647651053
counter/7/0/0/0,398:1747647650620:,1747647651053
counter/8/0/0/0,521:1747647650497:,1747647651053
counter/5/0/0/0,381:1747647650541:,1747647651053
counter/1/0/0/0,522:1747647650699:,1747647651053
counter/5/0/0/0,382:1747647650541:,1747647651054
counter/5/0/0/0,383:1747647650541:,1747647651054
counter/5/0/0/0,384:1747647650541:,1747647651054
counter/5/0/0/0,385:1747647650541:,1747647651054
counter/5/0/0/0,386:1747647650542:,1747647651054
counter/5/0/0/0,387:1747647650542:,1747647651054
counter/5/0/0/0,388:1747647650542:,1747647651054
counter/9/0/0/0,542:1747647650672:,1747647651054
counter/6/0/0/0,396:1747647650530:,1747647651054
counter/6/0/0/0,397:1747647650530:,1747647651054
counter/6/0/0/0,398:1747647650530:,1747647651054
counter/8/0/0/0,522:1747647650497:,1747647651055
counter/8/0/0/0,523:1747647650497:,1747647651055
counter/8/0/0/0,524:1747647650497:,1747647651055
counter/8/0/0/0,525:1747647650497:,1747647651055
counter/8/0/0/0,526:1747647650497:,1747647651055
counter/8/0/0/0,527:1747647650497:,1747647651055
counter/8/0/0/0,528:1747647650497:,1747647651055
counter/8/0/0/0,529:1747647650497:,1747647651055
counter/8/0/0/0,530:1747647650497:,1747647651055
counter/8/0/0/0,531:1747647650497:,1747647651055
counter/2/0/0/0,541:1747647650560:,1747647651055
counter/4/0/0/0,488:1747647650690:,1747647651055
counter/7/0/0/0,399:1747647650620:,1747647651055
counter/7/0/0/0,400:1747647650631:,1747647651055
counter/7/0/0/0,401:1747647650631:,1747647651056
counter/7/0/0/0,402:1747647650631:,1747647651056
counter/4/0/0/0,489:1747647650690:,1747647651056
counter/4/0/0/0,490:1747647650690:,1747647651056
counter/7/0/0/0,403:1747647650631:,1747647651056
counter/7/0/0/0,404:1747647650631:,1747647651056
counter/7/0/0/0,405:1747647650631:,1747647651056
counter/7/0/0/0,406:1747647650631:,1747647651057
counter/7/0/0/0,407:1747647650636:,1747647651057
counter/9/0/0/0,543:1747647650672:,1747647651057
counter/9/0/0/0,544:1747647650672:,1747647651057
counter/6/0/0/0,399:1747647650534:,1747647651057
counter/6/0/0/0,400:1747647650534:,1747647651057
counter/6/0/0/0,401:1747647650534:,1747647651057
counter/8/0/0/0,532:1747647650497:,1747647651057
counter/8/0/0/0,533:1747647650497:,1747647651057
counter/8/0/0/0,534:1747647650497:,1747647651057
counter/8/0/0/0,535:1747647650497:,1747647651057
counter/8/0/0/0,536:1747647650497:,1747647651057
counter/6/0/0/0,402:1747647650534:,1747647651058
counter/6/0/0/0,403:1747647650534:,1747647651058
counter/6/0/0/0,404:1747647650534:,1747647651058
counter/6/0/0/0,405:1747647650534:,1747647651058
counter/6/0/0/0,406:1747647650534:,1747647651058
counter/4/0/0/0,491:1747647650690:,1747647651058
counter/4/0/0/0,492:1747647650691:,1747647651059
counter/7/0/0/0,408:1747647650636:,1747647651059
counter/7/0/0/0,409:1747647650636:,1747647651059
counter/7/0/0/0,410:1747647650639:,1747647651059
counter/9/0/0/0,545:1747647650672:,1747647651059
counter/10/0/0/0,398:1747647650557:,1747647651059
counter/5/0/0/0,389:1747647650542:,1747647651059
counter/5/0/0/0,390:1747647650542:,1747647651059
counter/5/0/0/0,391:1747647650542:,1747647651059
counter/5/0/0/0,392:1747647650542:,1747647651059
counter/5/0/0/0,393:1747647650542:,1747647651059
counter/5/0/0/0,394:1747647650542:,1747647651059
counter/5/0/0/0,395:1747647650542:,1747647651059
counter/5/0/0/0,396:1747647650542:,1747647651059
counter/4/0/0/0,493:1747647650691:,1747647651059
counter/7/0/0/0,411:1747647650640:,1747647651059
counter/7/0/0/0,412:1747647650640:,1747647651059
counter/7/0/0/0,413:1747647650640:,1747647651059
counter/9/0/0/0,546:1747647650672:,1747647651060
counter/6/0/0/0,407:1747647650534:,1747647651060
counter/6/0/0/0,408:1747647650534:,1747647651060
counter/8/0/0/0,537:1747647650497:,1747647651060
counter/1/0/0/0,523:1747647650700:,1747647651060
counter/8/0/0/0,538:1747647650497:,1747647651060
counter/4/0/0/0,494:1747647650691:,1747647651060
counter/7/0/0/0,414:1747647650640:,1747647651061
counter/7/0/0/0,415:1747647650640:,1747647651061
counter/7/0/0/0,416:1747647650640:,1747647651061
counter/1/0/0/0,524:1747647650700:,1747647651061
counter/8/0/0/0,539:1747647650497:,1747647651061
counter/8/0/0/0,540:1747647650498:,1747647651061
counter/8/0/0/0,541:1747647650498:,1747647651061
counter/8/0/0/0,542:1747647650498:,1747647651061
counter/2/0/0/0,542:1747647650562:,1747647651061
counter/8/0/0/0,543:1747647650498:,1747647651064
counter/8/0/0/0,544:1747647650498:,1747647651064
counter/8/0/0/0,545:1747647650498:,1747647651065
counter/8/0/0/0,546:1747647650498:,1747647651065
counter/8/0/0/0,547:1747647650498:,1747647651065
counter/8/0/0/0,548:1747647650498:,1747647651065
counter/8/0/0/0,549:1747647650499:,1747647651065
counter/8/0/0/0,550:1747647650499:,1747647651065
counter/8/0/0/0,551:1747647650499:,1747647651065
counter/8/0/0/0,552:1747647650499:,1747647651065
counter/8/0/0/0,553:1747647650499:,1747647651065
counter/8/0/0/0,554:1747647650499:,1747647651065
counter/8/0/0/0,555:1747647650499:,1747647651065
counter/8/0/0/0,556:1747647650499:,1747647651065
counter/8/0/0/0,557:1747647650499:,1747647651065
counter/8/0/0/0,558:1747647650502:,1747647651066
counter/3/0/0/0,546:1747647650491:,1747647651066
counter/6/0/0/0,409:1747647650534:,1747647651066
counter/6/0/0/0,410:1747647650534:,1747647651066
counter/3/0/0/0,547:1747647650491:,1747647651066
counter/3/0/0/0,548:1747647650521:,1747647651066
counter/3/0/0/0,549:1747647650521:,1747647651066
counter/3/0/0/0,550:1747647650521:,1747647651066
counter/2/0/0/0,543:1747647650562:,1747647651067
counter/2/0/0/0,544:1747647650562:,1747647651067
counter/2/0/0/0,545:1747647650562:,1747647651067
counter/2/0/0/0,546:1747647650562:,1747647651067
counter/2/0/0/0,547:1747647650562:,1747647651067
counter/10/0/0/0,399:1747647650557:,1747647651067
counter/10/0/0/0,400:1747647650557:,1747647651068
counter/10/0/0/0,401:1747647650557:,1747647651068
counter/10/0/0/0,402:1747647650557:,1747647651068
counter/3/0/0/0,551:1747647650521:,1747647651068
counter/7/0/0/0,417:1747647650641:,1747647651068
counter/2/0/0/0,548:1747647650562:,1747647651068
counter/7/0/0/0,418:1747647650641:,1747647651068
counter/7/0/0/0,419:1747647650641:,1747647651068
counter/7/0/0/0,420:1747647650641:,1747647651068
counter/7/0/0/0,421:1747647650641:,1747647651068
counter/7/0/0/0,422:1747647650642:,1747647651068
counter/7/0/0/0,423:1747647650642:,1747647651068
counter/7/0/0/0,424:1747647650642:,1747647651069
counter/7/0/0/0,425:1747647650642:,1747647651069
counter/8/0/0/0,559:1747647650502:,1747647651069
counter/8/0/0/0,560:1747647650502:,1747647651069
counter/8/0/0/0,561:1747647650503:,1747647651069
counter/8/0/0/0,562:1747647650503:,1747647651069
counter/10/0/0/0,403:1747647650558:,1747647651069
counter/10/0/0/0,404:1747647650558:,1747647651069
counter/10/0/0/0,405:1747647650558:,1747647651069
counter/6/0/0/0,411:1747647650534:,1747647651070
counter/3/0/0/0,552:1747647650521:,1747647651070
counter/7/0/0/0,426:1747647650642:,1747647651070
counter/10/0/0/0,406:1747647650558:,1747647651070
counter/4/0/0/0,495:1747647650691:,1747647651070
counter/4/0/0/0,496:1747647650691:,1747647651070
counter/4/0/0/0,497:1747647650691:,1747647651070
counter/4/0/0/0,498:1747647650691:,1747647651070
counter/4/0/0/0,499:1747647650691:,1747647651070
counter/2/0/0/0,549:1747647650562:,1747647651070
counter/5/0/0/0,397:1747647650542:,1747647651071
counter/2/0/0/0,550:1747647650562:,1747647651071
counter/8/0/0/0,563:1747647650503:,1747647651071
counter/8/0/0/0,564:1747647650504:,1747647651072
counter/8/0/0/0,565:1747647650506:,1747647651072
counter/8/0/0/0,566:1747647650506:,1747647651072
counter/4/0/0/0,500:1747647650691:,1747647651072
counter/8/0/0/0,567:1747647650506:,1747647651076
counter/10/0/0/0,407:1747647650558:,1747647651077
counter/3/0/0/0,553:1747647650521:,1747647651077
counter/5/0/0/0,398:1747647650542:,1747647651077
counter/10/0/0/0,408:1747647650558:,1747647651078
counter/10/0/0/0,409:1747647650558:,1747647651078
counter/10/0/0/0,410:1747647650558:,1747647651078
counter/10/0/0/0,411:1747647650558:,1747647651078
counter/10/0/0/0,412:1747647650558:,1747647651078
counter/10/0/0/0,413:1747647650558:,1747647651078
counter/4/0/0/0,501:1747647650691:,1747647651078
counter/2/0/0/0,551:1747647650562:,1747647651078
counter/2/0/0/0,552:1747647650562:,1747647651078
counter/2/0/0/0,553:1747647650568:,1747647651079
counter/4/0/0/0,502:1747647650703:,1747647651079
counter/4/0/0/0,503:1747647650703:,1747647651079
counter/4/0/0/0,504:1747647650704:,1747647651079
counter/4/0/0/0,505:1747647650704:,1747647651079
counter/4/0/0/0,506:1747647650704:,1747647651079
counter/4/0/0/0,507:1747647650704:,1747647651080
counter/4/0/0/0,508:1747647650709:,1747647651080
counter/4/0/0/0,509:1747647650709:,1747647651080
counter/4/0/0/0,510:1747647650709:,1747647651080
counter/4/0/0/0,511:1747647650709:,1747647651081
counter/4/0/0/0,512:1747647650709:,1747647651081
counter/4/0/0/0,513:1747647650709:,1747647651081
counter/4/0/0/0,514:1747647650709:,1747647651081
counter/7/0/0/0,427:1747647650642:,1747647651081
counter/8/0/0/0,568:1747647650506:,1747647651081
counter/2/0/0/0,554:1747647650568:,1747647651081
counter/2/0/0/0,555:1747647650570:,1747647651081
counter/2/0/0/0,556:1747647650575:,1747647651081
counter/2/0/0/0,557:1747647650575:,1747647651081
counter/2/0/0/0,558:1747647650577:,1747647651081
counter/4/0/0/0,515:1747647650709:,1747647651082
counter/10/0/0/0,414:1747647650558:,1747647651082
counter/10/0/0/0,415:1747647650558:,1747647651082
counter/10/0/0/0,416:1747647650558:,1747647651082
counter/10/0/0/0,417:1747647650558:,1747647651082
counter/10/0/0/0,418:1747647650558:,1747647651083
counter/7/0/0/0,428:1747647650649:,1747647651083
counter/1/0/0/0,525:1747647650700:,1747647651083
counter/7/0/0/0,429:1747647650649:,1747647651083
counter/1/0/0/0,526:1747647650700:,1747647651083
counter/3/0/0/0,554:1747647650521:,1747647651083
counter/3/0/0/0,555:1747647650521:,1747647651083
counter/3/0/0/0,556:1747647650521:,1747647651083
counter/3/0/0/0,557:1747647650521:,1747647651083
counter/3/0/0/0,558:1747647650521:,1747647651083
counter/3/0/0/0,559:1747647650521:,1747647651083
counter/10/0/0/0,419:1747647650558:,1747647651084
counter/5/0/0/0,399:1747647650543:,1747647651084
counter/9/0/0/0,547:1747647650673:,1747647651084
counter/5/0/0/0,400:1747647650543:,1747647651084
counter/2/0/0/0,559:1747647650577:,1747647651084
counter/2/0/0/0,560:1747647650581:,1747647651084
counter/7/0/0/0,430:1747647650649:,1747647651084
counter/2/0/0/0,561:1747647650581:,1747647651085
counter/2/0/0/0,562:1747647650581:,1747647651085
counter/4/0/0/0,516:1747647650709:,1747647651085
counter/3/0/0/0,560:1747647650522:,1747647651086
counter/3/0/0/0,561:1747647650522:,1747647651086
counter/3/0/0/0,562:1747647650522:,1747647651086
counter/2/0/0/0,563:1747647650581:,1747647651086
counter/2/0/0/0,564:1747647650581:,1747647651088
counter/2/0/0/0,565:1747647650581:,1747647651088
counter/2/0/0/0,566:1747647650581:,1747647651088
counter/2/0/0/0,567:1747647650581:,1747647651088
counter/2/0/0/0,568:1747647650581:,1747647651088
counter/3/0/0/0,563:1747647650522:,1747647651088
counter/3/0/0/0,564:1747647650522:,1747647651088
counter/3/0/0/0,565:1747647650522:,1747647651088
counter/3/0/0/0,566:1747647650535:,1747647651088
counter/2/0/0/0,569:1747647650581:,1747647651088
counter/2/0/0/0,570:1747647650581:,1747647651088
counter/7/0/0/0,431:1747647650649:,1747647651088
counter/5/0/0/0,401:1747647650543:,1747647651089
counter/5/0/0/0,402:1747647650543:,1747647651089
counter/5/0/0/0,403:1747647650543:,1747647651089
counter/5/0/0/0,404:1747647650543:,1747647651089
counter/10/0/0/0,420:1747647650558:,1747647651089
counter/4/0/0/0,517:1747647650709:,1747647651089
counter/8/0/0/0,569:1747647650506:,1747647651090
counter/4/0/0/0,518:1747647650716:,1747647651090
counter/10/0/0/0,421:1747647650558:,1747647651090
counter/5/0/0/0,405:1747647650543:,1747647651091
counter/5/0/0/0,406:1747647650543:,1747647651091
counter/5/0/0/0,407:1747647650543:,1747647651091
counter/3/0/0/0,567:1747647650536:,1747647651091
counter/3/0/0/0,568:1747647650536:,1747647651091
counter/9/0/0/0,548:1747647650673:,1747647651091
counter/9/0/0/0,549:1747647650673:,1747647651091
counter/9/0/0/0,550:1747647650673:,1747647651091
counter/10/0/0/0,422:1747647650558:,1747647651091
counter/9/0/0/0,551:1747647650673:,1747647651091
counter/9/0/0/0,552:1747647650673:,1747647651091
counter/9/0/0/0,553:1747647650673:,1747647651091
counter/9/0/0/0,554:1747647650673:,1747647651092
counter/4/0/0/0,519:1747647650716:,1747647651092
counter/3/0/0/0,569:1747647650536:,1747647651092
counter/6/0/0/0,412:1747647650534:,1747647651094
counter/10/0/0/0,423:1747647650558:,1747647651094
counter/10/0/0/0,424:1747647650558:,1747647651094
counter/10/0/0/0,425:1747647650558:,1747647651094
counter/10/0/0/0,426:1747647650558:,1747647651094
counter/10/0/0/0,427:1747647650558:,1747647651094
counter/10/0/0/0,428:1747647650558:,1747647651094
counter/10/0/0/0,429:1747647650574:,1747647651094
counter/10/0/0/0,430:1747647650574:,1747647651094
counter/10/0/0/0,431:1747647650576:,1747647651095
counter/10/0/0/0,432:1747647650576:,1747647651095
counter/9/0/0/0,555:1747647650673:,1747647651095
counter/9/0/0/0,556:1747647650673:,1747647651095
counter/9/0/0/0,557:1747647650673:,1747647651095
counter/9/0/0/0,558:1747647650691:,1747647651095
counter/9/0/0/0,559:1747647650693:,1747647651095
counter/9/0/0/0,560:1747647650693:,1747647651095
counter/9/0/0/0,561:1747647650693:,1747647651095
counter/9/0/0/0,562:1747647650693:,1747647651095
counter/9/0/0/0,563:1747647650693:,1747647651095
counter/9/0/0/0,564:1747647650693:,1747647651095
counter/9/0/0/0,565:1747647650694:,1747647651095
counter/9/0/0/0,566:1747647650694:,1747647651095
counter/9/0/0/0,567:1747647650694:,1747647651095
counter/9/0/0/0,568:1747647650694:,1747647651095
counter/9/0/0/0,569:1747647650698:,1747647651096
counter/6/0/0/0,413:1747647650534:,1747647651096
counter/4/0/0/0,520:1747647650716:,1747647651096
counter/5/0/0/0,408:1747647650543:,1747647651096
counter/4/0/0/0,521:1747647650717:,1747647651097
counter/4/0/0/0,522:1747647650717:,1747647651097
counter/5/0/0/0,409:1747647650550:,1747647651097
counter/5/0/0/0,410:1747647650550:,1747647651097
counter/5/0/0/0,411:1747647650550:,1747647651097
counter/5/0/0/0,412:1747647650550:,1747647651097
counter/5/0/0/0,413:1747647650550:,1747647651097
counter/5/0/0/0,414:1747647650550:,1747647651097
counter/5/0/0/0,415:1747647650550:,1747647651098
counter/9/0/0/0,570:1747647650698:,1747647651099
counter/9/0/0/0,571:1747647650698:,1747647651099
counter/9/0/0/0,572:1747647650698:,1747647651099
counter/9/0/0/0,573:1747647650698:,1747647651099
counter/9/0/0/0,574:1747647650698:,1747647651099
counter/9/0/0/0,575:1747647650698:,1747647651099
counter/9/0/0/0,576:1747647650698:,1747647651099
counter/4/0/0/0,523:1747647650717:,1747647651100
counter/10/0/0/0,433:1747647650576:,1747647651100
counter/10/0/0/0,434:1747647650576:,1747647651100
counter/10/0/0/0,435:1747647650576:,1747647651100
counter/10/0/0/0,436:1747647650576:,1747647651100
counter/10/0/0/0,437:1747647650576:,1747647651100
counter/4/0/0/0,524:1747647650717:,1747647651100
counter/10/0/0/0,438:1747647650590:,1747647651100
counter/1/0/0/0,527:1747647650700:,1747647651100
counter/10/0/0/0,439:1747647650590:,1747647651100
counter/10/0/0/0,440:1747647650590:,1747647651100
counter/10/0/0/0,441:1747647650590:,1747647651101
counter/10/0/0/0,442:1747647650590:,1747647651101
counter/10/0/0/0,443:1747647650591:,1747647651101
counter/8/0/0/0,570:1747647650506:,1747647651101
counter/8/0/0/0,571:1747647650506:,1747647651101
counter/8/0/0/0,572:1747647650506:,1747647651101
counter/8/0/0/0,573:1747647650506:,1747647651101
counter/8/0/0/0,574:1747647650506:,1747647651101
counter/8/0/0/0,575:1747647650506:,1747647651101
counter/8/0/0/0,576:1747647650506:,1747647651101
counter/8/0/0/0,577:1747647650506:,1747647651101
counter/4/0/0/0,525:1747647650717:,1747647651101
counter/5/0/0/0,416:1747647650550:,1747647651101
counter/5/0/0/0,417:1747647650550:,1747647651101
counter/5/0/0/0,418:1747647650550:,1747647651102
counter/2/0/0/0,571:1747647650581:,1747647651102
counter/4/0/0/0,526:1747647650730:,1747647651103
counter/4/0/0/0,527:1747647650734:,1747647651103
counter/4/0/0/0,528:1747647650734:,1747647651103
counter/5/0/0/0,419:1747647650550:,1747647651103
counter/4/0/0/0,529:1747647650734:,1747647651103
counter/5/0/0/0,420:1747647650550:,1747647651103
counter/4/0/0/0,530:1747647650734:,1747647651103
counter/5/0/0/0,421:1747647650550:,1747647651103
counter/4/0/0/0,531:1747647650734:,1747647651103
counter/2/0/0/0,572:1747647650581:,1747647651103
counter/7/0/0/0,432:1747647650649:,1747647651104
counter/2/0/0/0,573:1747647650581:,1747647651104
counter/2/0/0/0,574:1747647650593:,1747647651104
counter/10/0/0/0,444:1747647650591:,1747647651104
counter/3/0/0/0,570:1747647650536:,1747647651104
counter/9/0/0/0,577:1747647650698:,1747647651104
counter/1/0/0/0,528:1747647650700:,1747647651104
counter/8/0/0/0,578:1747647650507:,1747647651104
counter/6/0/0/0,414:1747647650552:,1747647651104
counter/6/0/0/0,415:1747647650552:,1747647651105
counter/6/0/0/0,416:1747647650552:,1747647651105
counter/6/0/0/0,417:1747647650552:,1747647651105
counter/6/0/0/0,418:1747647650552:,1747647651105
counter/6/0/0/0,419:1747647650552:,1747647651105
counter/6/0/0/0,420:1747647650552:,1747647651105
counter/5/0/0/0,422:1747647650550:,1747647651106
counter/9/0/0/0,578:1747647650700:,1747647651106
counter/5/0/0/0,423:1747647650550:,1747647651106
counter/5/0/0/0,424:1747647650553:,1747647651106
counter/5/0/0/0,425:1747647650553:,1747647651106
counter/5/0/0/0,426:1747647650553:,1747647651107
counter/5/0/0/0,427:1747647650553:,1747647651107
counter/5/0/0/0,428:1747647650553:,1747647651107
counter/5/0/0/0,429:1747647650553:,1747647651107
counter/5/0/0/0,430:1747647650553:,1747647651107
counter/5/0/0/0,431:1747647650553:,1747647651107
counter/5/0/0/0,432:1747647650553:,1747647651107
counter/5/0/0/0,433:1747647650553:,1747647651107
counter/3/0/0/0,571:1747647650536:,1747647651107
counter/9/0/0/0,579:1747647650700:,1747647651107
counter/3/0/0/0,572:1747647650536:,1747647651107
counter/3/0/0/0,573:1747647650542:,1747647651107
counter/3/0/0/0,574:1747647650542:,1747647651107
counter/3/0/0/0,575:1747647650542:,1747647651107
counter/3/0/0/0,576:1747647650542:,1747647651107
counter/3/0/0/0,577:1747647650542:,1747647651108
counter/10/0/0/0,445:1747647650591:,1747647651108
counter/4/0/0/0,532:1747647650741:,1747647651108
counter/8/0/0/0,579:1747647650507:,1747647651108
counter/2/0/0/0,575:1747647650593:,1747647651110
counter/8/0/0/0,580:1747647650507:,1747647651110
counter/8/0/0/0,581:1747647650507:,1747647651110
counter/8/0/0/0,582:1747647650507:,1747647651110
counter/8/0/0/0,583:1747647650507:,1747647651110
counter/8/0/0/0,584:1747647650507:,1747647651110
counter/8/0/0/0,585:1747647650507:,1747647651110
counter/8/0/0/0,586:1747647650507:,1747647651110
counter/8/0/0/0,587:1747647650507:,1747647651111
counter/8/0/0/0,588:1747647650507:,1747647651111
counter/2/0/0/0,576:1747647650593:,1747647651111
counter/8/0/0/0,589:1747647650507:,1747647651111
counter/5/0/0/0,434:1747647650554:,1747647651111
counter/8/0/0/0,590:1747647650507:,1747647651111
counter/8/0/0/0,591:1747647650507:,1747647651111
counter/7/0/0/0,433:1747647650649:,1747647651111
counter/8/0/0/0,592:1747647650507:,1747647651112
counter/10/0/0/0,446:1747647650591:,1747647651112
counter/8/0/0/0,593:1747647650507:,1747647651112
counter/9/0/0/0,580:1747647650700:,1747647651112
counter/5/0/0/0,435:1747647650559:,1747647651112
counter/9/0/0/0,581:1747647650700:,1747647651112
counter/9/0/0/0,582:1747647650700:,1747647651112
counter/9/0/0/0,583:1747647650701:,1747647651112
counter/9/0/0/0,584:1747647650701:,1747647651112
counter/9/0/0/0,585:1747647650701:,1747647651112
counter/9/0/0/0,586:1747647650701:,1747647651112
counter/8/0/0/0,594:1747647650507:,1747647651113
counter/8/0/0/0,595:1747647650507:,1747647651113
counter/5/0/0/0,436:1747647650562:,1747647651113
counter/8/0/0/0,596:1747647650507:,1747647651113
counter/5/0/0/0,437:1747647650562:,1747647651113
counter/8/0/0/0,597:1747647650507:,1747647651113
counter/5/0/0/0,438:1747647650562:,1747647651113
counter/3/0/0/0,578:1747647650542:,1747647651113
counter/3/0/0/0,579:1747647650547:,1747647651113
counter/3/0/0/0,580:1747647650547:,1747647651114
counter/3/0/0/0,581:1747647650547:,1747647651114
counter/3/0/0/0,582:1747647650547:,1747647651114
counter/3/0/0/0,583:1747647650548:,1747647651114
counter/3/0/0/0,584:1747647650548:,1747647651114
counter/4/0/0/0,533:1747647650741:,1747647651115
counter/4/0/0/0,534:1747647650741:,1747647651115
counter/10/0/0/0,447:1747647650591:,1747647651115
counter/4/0/0/0,535:1747647650741:,1747647651115
counter/10/0/0/0,448:1747647650591:,1747647651115
counter/4/0/0/0,536:1747647650741:,1747647651115
counter/10/0/0/0,449:1747647650591:,1747647651115
counter/5/0/0/0,439:1747647650562:,1747647651115
counter/4/0/0/0,537:1747647650741:,1747647651115
counter/6/0/0/0,421:1747647650554:,1747647651115
counter/10/0/0/0,450:1747647650599:,1747647651115
counter/4/0/0/0,538:1747647650741:,1747647651115
counter/6/0/0/0,422:1747647650554:,1747647651115
counter/6/0/0/0,423:1747647650554:,1747647651115
counter/6/0/0/0,424:1747647650554:,1747647651115
counter/6/0/0/0,425:1747647650569:,1747647651115
counter/10/0/0/0,451:1747647650599:,1747647651116
counter/5/0/0/0,440:1747647650562:,1747647651117
counter/10/0/0/0,452:1747647650599:,1747647651117
counter/6/0/0/0,426:1747647650569:,1747647651117
counter/10/0/0/0,453:1747647650599:,1747647651117
counter/3/0/0/0,585:1747647650548:,1747647651117
counter/10/0/0/0,454:1747647650599:,1747647651117
counter/10/0/0/0,455:1747647650599:,1747647651118
counter/8/0/0/0,598:1747647650507:,1747647651118
counter/5/0/0/0,441:1747647650562:,1747647651121
counter/4/0/0/0,539:1747647650741:,1747647651121
counter/9/0/0/0,587:1747647650701:,1747647651122
counter/4/0/0/0,540:1747647650741:,1747647651122
counter/2/0/0/0,577:1747647650593:,1747647651123
counter/2/0/0/0,578:1747647650593:,1747647651123
counter/3/0/0/0,586:1747647650548:,1747647651123
counter/2/0/0/0,579:1747647650593:,1747647651123
counter/2/0/0/0,580:1747647650593:,1747647651123
counter/2/0/0/0,581:1747647650593:,1747647651123
counter/2/0/0/0,582:1747647650593:,1747647651123
counter/2/0/0/0,583:1747647650593:,1747647651123
counter/2/0/0/0,584:1747647650593:,1747647651123
counter/2/0/0/0,585:1747647650593:,1747647651123
counter/1/0/0/0,529:1747647650700:,1747647651123
counter/6/0/0/0,427:1747647650569:,1747647651123
counter/1/0/0/0,530:1747647650700:,1747647651124
counter/6/0/0/0,428:1747647650570:,1747647651124
counter/6/0/0/0,429:1747647650570:,1747647651124
counter/8/0/0/0,599:1747647650507:,1747647651124
counter/8/0/0/0,600:1747647650507:,1747647651124
counter/2/0/0/0,586:1747647650593:,1747647651124
counter/8/0/0/0,601:1747647650508:,1747647651124
counter/2/0/0/0,587:1747647650593:,1747647651124
counter/8/0/0/0,602:1747647650508:,1747647651124
counter/7/0/0/0,434:1747647650649:,1747647651125
counter/3/0/0/0,587:1747647650548:,1747647651125
counter/3/0/0/0,588:1747647650548:,1747647651125
counter/9/0/0/0,588:1747647650701:,1747647651125
counter/7/0/0/0,435:1747647650649:,1747647651126
counter/9/0/0/0,589:1747647650701:,1747647651128
counter/10/0/0/0,456:1747647650599:,1747647651128
counter/8/0/0/0,603:1747647650508:,1747647651128
counter/6/0/0/0,430:1747647650570:,1747647651129
counter/9/0/0/0,590:1747647650709:,1747647651129
counter/8/0/0/0,604:1747647650508:,1747647651130
counter/4/0/0/0,541:1747647650741:,1747647651130
counter/3/0/0/0,589:1747647650548:,1747647651131
counter/4/0/0/0,542:1747647650741:,1747647651131
counter/4/0/0/0,543:1747647650741:,1747647651131
counter/4/0/0/0,544:1747647650741:,1747647651131
counter/4/0/0/0,545:1747647650741:,1747647651131
counter/10/0/0/0,457:1747647650604:,1747647651131
counter/2/0/0/0,588:1747647650593:,1747647651131
counter/5/0/0/0,442:1747647650562:,1747647651132
counter/4/0/0/0,546:1747647650756:,1747647651132
counter/4/0/0/0,547:1747647650756:,1747647651132
counter/10/0/0/0,458:1747647650604:,1747647651132
counter/4/0/0/0,548:1747647650756:,1747647651132
counter/4/0/0/0,549:1747647650761:,1747647651132
counter/4/0/0/0,550:1747647650761:,1747647651132
counter/4/0/0/0,551:1747647650761:,1747647651132
counter/4/0/0/0,552:1747647650761:,1747647651132
counter/4/0/0/0,553:1747647650761:,1747647651132
counter/4/0/0/0,554:1747647650761:,1747647651132
counter/4/0/0/0,555:1747647650761:,1747647651132
counter/4/0/0/0,556:1747647650761:,1747647651132
counter/10/0/0/0,459:1747647650604:,1747647651133
counter/9/0/0/0,591:1747647650710:,1747647651133
counter/7/0/0/0,436:1747647650653:,1747647651133
counter/5/0/0/0,443:1747647650563:,1747647651134
counter/5/0/0/0,444:1747647650563:,1747647651134
counter/5/0/0/0,445:1747647650563:,1747647651134
counter/9/0/0/0,592:1747647650710:,1747647651135
counter/5/0/0/0,446:1747647650563:,1747647651135
counter/5/0/0/0,447:1747647650563:,1747647651137
counter/3/0/0/0,590:1747647650548:,1747647651137
counter/7/0/0/0,437:1747647650653:,1747647651137
counter/2/0/0/0,589:1747647650593:,1747647651138
counter/2/0/0/0,590:1747647650603:,1747647651138
counter/2/0/0/0,591:1747647650603:,1747647651138
counter/1/0/0/0,531:1747647650700:,1747647651138
counter/6/0/0/0,431:1747647650570:,1747647651138
counter/1/0/0/0,532:1747647650700:,1747647651138
counter/6/0/0/0,432:1747647650570:,1747647651139
counter/1/0/0/0,533:1747647650700:,1747647651139
counter/5/0/0/0,448:1747647650563:,1747647651142
counter/5/0/0/0,449:1747647650563:,1747647651142
counter/5/0/0/0,450:1747647650563:,1747647651142
counter/5/0/0/0,451:1747647650563:,1747647651143
counter/5/0/0/0,452:1747647650563:,1747647651143
counter/10/0/0/0,460:1747647650604:,1747647651143
counter/8/0/0/0,605:1747647650508:,1747647651144
counter/7/0/0/0,438:1747647650653:,1747647651144
counter/7/0/0/0,439:1747647650654:,1747647651144
counter/7/0/0/0,440:1747647650654:,1747647651144
counter/7/0/0/0,441:1747647650654:,1747647651144
counter/7/0/0/0,442:1747647650654:,1747647651144
counter/8/0/0/0,606:1747647650508:,1747647651144
counter/8/0/0/0,607:1747647650508:,1747647651144
counter/3/0/0/0,591:1747647650548:,1747647651144
counter/8/0/0/0,608:1747647650508:,1747647651144
counter/9/0/0/0,593:1747647650710:,1747647651144
counter/9/0/0/0,594:1747647650710:,1747647651144
counter/8/0/0/0,609:1747647650508:,1747647651145
counter/10/0/0/0,461:1747647650604:,1747647651145
counter/10/0/0/0,462:1747647650605:,1747647651146
counter/10/0/0/0,463:1747647650628:,1747647651146
counter/10/0/0/0,464:1747647650628:,1747647651146
counter/10/0/0/0,465:1747647650628:,1747647651146
counter/10/0/0/0,466:1747647650628:,1747647651146
counter/3/0/0/0,592:1747647650548:,1747647651146
counter/3/0/0/0,593:1747647650548:,1747647651146
counter/3/0/0/0,594:1747647650548:,1747647651146
counter/3/0/0/0,595:1747647650551:,1747647651146
counter/1/0/0/0,534:1747647650700:,1747647651146
counter/10/0/0/0,467:1747647650628:,1747647651147
counter/6/0/0/0,433:1747647650570:,1747647651147
counter/8/0/0/0,610:1747647650508:,1747647651147
counter/3/0/0/0,596:1747647650551:,1747647651147
counter/3/0/0/0,597:1747647650551:,1747647651147
counter/3/0/0/0,598:1747647650551:,1747647651147
counter/3/0/0/0,599:1747647650551:,1747647651147
counter/3/0/0/0,600:1747647650551:,1747647651148
counter/3/0/0/0,601:1747647650563:,1747647651148
counter/3/0/0/0,602:1747647650563:,1747647651148
counter/3/0/0/0,603:1747647650564:,1747647651148
counter/5/0/0/0,453:1747647650563:,1747647651149
counter/5/0/0/0,454:1747647650563:,1747647651149
counter/9/0/0/0,595:1747647650713:,1747647651149
counter/5/0/0/0,455:1747647650563:,1747647651149
counter/9/0/0/0,596:1747647650714:,1747647651149
counter/5/0/0/0,456:1747647650563:,1747647651149
counter/9/0/0/0,597:1747647650714:,1747647651149
counter/5/0/0/0,457:1747647650563:,1747647651149
counter/9/0/0/0,598:1747647650714:,1747647651149
counter/1/0/0/0,535:1747647650700:,1747647651149
counter/5/0/0/0,458:1747647650563:,1747647651149
counter/6/0/0/0,434:1747647650570:,1747647651149
counter/6/0/0/0,435:1747647650570:,1747647651149
counter/6/0/0/0,436:1747647650570:,1747647651150
counter/4/0/0/0,557:1747647650762:,1747647651150
counter/8/0/0/0,611:1747647650508:,1747647651150
counter/8/0/0/0,612:1747647650508:,1747647651150
counter/3/0/0/0,604:1747647650564:,1747647651150
counter/10/0/0/0,468:1747647650628:,1747647651150
counter/10/0/0/0,469:1747647650628:,1747647651150
counter/10/0/0/0,470:1747647650628:,1747647651150
counter/10/0/0/0,471:1747647650630:,1747647651150
counter/9/0/0/0,599:1747647650714:,1747647651150
counter/10/0/0/0,472:1747647650630:,1747647651150
counter/10/0/0/0,473:1747647650630:,1747647651150
counter/3/0/0/0,605:1747647650564:,1747647651152
counter/5/0/0/0,459:1747647650563:,1747647651152
counter/5/0/0/0,460:1747647650563:,1747647651152
counter/5/0/0/0,461:1747647650569:,1747647651152
counter/5/0/0/0,462:1747647650572:,1747647651152
counter/5/0/0/0,463:1747647650572:,1747647651153
counter/5/0/0/0,464:1747647650572:,1747647651153
counter/5/0/0/0,465:1747647650572:,1747647651153
counter/5/0/0/0,466:1747647650573:,1747647651153
counter/5/0/0/0,467:1747647650573:,1747647651153
counter/5/0/0/0,468:1747647650573:,1747647651153
counter/6/0/0/0,437:1747647650570:,1747647651153
counter/6/0/0/0,438:1747647650570:,1747647651153
counter/6/0/0/0,439:1747647650570:,1747647651153
counter/6/0/0/0,440:1747647650570:,1747647651154
counter/6/0/0/0,441:1747647650571:,1747647651154
counter/6/0/0/0,442:1747647650571:,1747647651154
counter/6/0/0/0,443:1747647650571:,1747647651154
counter/6/0/0/0,444:1747647650571:,1747647651154
counter/7/0/0/0,443:1747647650654:,1747647651154
counter/8/0/0/0,613:1747647650508:,1747647651154
counter/1/0/0/0,536:1747647650700:,1747647651154
counter/1/0/0/0,537:1747647650700:,1747647651154
counter/1/0/0/0,538:1747647650712:,1747647651155
counter/1/0/0/0,539:1747647650746:,1747647651155
counter/4/0/0/0,558:1747647650762:,1747647651155
counter/6/0/0/0,445:1747647650571:,1747647651155
counter/6/0/0/0,446:1747647650571:,1747647651155
counter/6/0/0/0,447:1747647650580:,1747647651155
counter/6/0/0/0,448:1747647650580:,1747647651155
counter/7/0/0/0,444:1747647650654:,1747647651155
counter/10/0/0/0,474:1747647650641:,1747647651155
counter/3/0/0/0,606:1747647650564:,1747647651155
counter/3/0/0/0,607:1747647650564:,1747647651155
counter/4/0/0/0,559:1747647650764:,1747647651155
counter/7/0/0/0,445:1747647650654:,1747647651156
counter/7/0/0/0,446:1747647650654:,1747647651157
counter/7/0/0/0,447:1747647650654:,1747647651157
counter/7/0/0/0,448:1747647650656:,1747647651157
counter/7/0/0/0,449:1747647650656:,1747647651157
counter/7/0/0/0,450:1747647650656:,1747647651157
counter/7/0/0/0,451:1747647650656:,1747647651157
counter/7/0/0/0,452:1747647650656:,1747647651157
counter/7/0/0/0,453:1747647650656:,1747647651157
counter/7/0/0/0,454:1747647650659:,1747647651157
counter/7/0/0/0,455:1747647650659:,1747647651157
counter/7/0/0/0,456:1747647650664:,1747647651157
counter/9/0/0/0,600:1747647650714:,1747647651157
counter/9/0/0/0,601:1747647650714:,1747647651157
counter/10/0/0/0,475:1747647650641:,1747647651157
counter/2/0/0/0,592:1747647650603:,1747647651157
counter/2/0/0/0,593:1747647650603:,1747647651157
counter/2/0/0/0,594:1747647650603:,1747647651158
counter/2/0/0/0,595:1747647650603:,1747647651158
counter/2/0/0/0,596:1747647650607:,1747647651158
counter/2/0/0/0,597:1747647650607:,1747647651158
counter/7/0/0/0,457:1747647650664:,1747647651158
counter/4/0/0/0,560:1747647650764:,1747647651158
counter/4/0/0/0,561:1747647650764:,1747647651158
counter/4/0/0/0,562:1747647650764:,1747647651158
counter/4/0/0/0,563:1747647650764:,1747647651159
counter/4/0/0/0,564:1747647650765:,1747647651159
counter/4/0/0/0,565:1747647650765:,1747647651159
counter/4/0/0/0,566:1747647650766:,1747647651159
counter/4/0/0/0,567:1747647650766:,1747647651159
counter/5/0/0/0,469:1747647650573:,1747647651159
counter/1/0/0/0,540:1747647650746:,1747647651159
counter/4/0/0/0,568:1747647650766:,1747647651159
counter/1/0/0/0,541:1747647650746:,1747647651159
counter/1/0/0/0,542:1747647650746:,1747647651159
counter/1/0/0/0,543:1747647650746:,1747647651159
counter/1/0/0/0,544:1747647650746:,1747647651159
counter/1/0/0/0,545:1747647650746:,1747647651159
counter/1/0/0/0,546:1747647650746:,1747647651159
counter/10/0/0/0,476:1747647650641:,1747647651159
counter/1/0/0/0,547:1747647650752:,1747647651159
counter/10/0/0/0,477:1747647650641:,1747647651159
counter/10/0/0/0,478:1747647650641:,1747647651159
counter/10/0/0/0,479:1747647650641:,1747647651159
counter/10/0/0/0,480:1747647650641:,1747647651159
counter/10/0/0/0,481:1747647650641:,1747647651160
counter/10/0/0/0,482:1747647650641:,1747647651160
counter/10/0/0/0,483:1747647650641:,1747647651160
counter/10/0/0/0,484:1747647650641:,1747647651160
counter/9/0/0/0,602:1747647650714:,1747647651161
counter/10/0/0/0,485:1747647650641:,1747647651161
counter/10/0/0/0,486:1747647650641:,1747647651161
counter/4/0/0/0,569:1747647650766:,1747647651161
counter/2/0/0/0,598:1747647650607:,1747647651161
counter/10/0/0/0,487:1747647650641:,1747647651162
counter/10/0/0/0,488:1747647650641:,1747647651164
counter/7/0/0/0,458:1747647650664:,1747647651164
counter/3/0/0/0,608:1747647650564:,1747647651165
counter/3/0/0/0,609:1747647650564:,1747647651165
counter/3/0/0/0,610:1747647650564:,1747647651165
counter/3/0/0/0,611:1747647650564:,1747647651165
counter/3/0/0/0,612:1747647650564:,1747647651165
counter/3/0/0/0,613:1747647650564:,1747647651165
counter/3/0/0/0,614:1747647650564:,1747647651165
counter/1/0/0/0,548:1747647650752:,1747647651165
counter/4/0/0/0,570:1747647650766:,1747647651165
counter/3/0/0/0,615:1747647650564:,1747647651165
counter/1/0/0/0,549:1747647650752:,1747647651165
counter/2/0/0/0,599:1747647650608:,1747647651165
counter/3/0/0/0,616:1747647650564:,1747647651165
counter/3/0/0/0,617:1747647650564:,1747647651165
counter/3/0/0/0,618:1747647650564:,1747647651165
counter/1/0/0/0,550:1747647650752:,1747647651165
counter/8/0/0/0,614:1747647650508:,1747647651165
counter/3/0/0/0,619:1747647650565:,1747647651166
counter/3/0/0/0,620:1747647650565:,1747647651166
counter/3/0/0/0,621:1747647650565:,1747647651166
counter/3/0/0/0,622:1747647650565:,1747647651166
counter/3/0/0/0,623:1747647650565:,1747647651166
counter/3/0/0/0,624:1747647650565:,1747647651166
counter/3/0/0/0,625:1747647650565:,1747647651166
counter/2/0/0/0,600:1747647650608:,1747647651166
counter/3/0/0/0,626:1747647650565:,1747647651166
counter/3/0/0/0,627:1747647650565:,1747647651166
counter/5/0/0/0,470:1747647650573:,1747647651166
counter/9/0/0/0,603:1747647650714:,1747647651167
counter/2/0/0/0,601:1747647650608:,1747647651167
counter/2/0/0/0,602:1747647650608:,1747647651167
counter/2/0/0/0,603:1747647650608:,1747647651167
counter/2/0/0/0,604:1747647650608:,1747647651167
counter/2/0/0/0,605:1747647650608:,1747647651167
counter/2/0/0/0,606:1747647650608:,1747647651167
counter/2/0/0/0,607:1747647650619:,1747647651167
counter/1/0/0/0,551:1747647650752:,1747647651167
counter/1/0/0/0,552:1747647650752:,1747647651167
counter/1/0/0/0,553:1747647650752:,1747647651167
counter/5/0/0/0,471:1747647650573:,1747647651167
counter/4/0/0/0,571:1747647650766:,1747647651168
counter/3/0/0/0,628:1747647650565:,1747647651168
counter/3/0/0/0,629:1747647650565:,1747647651168
counter/3/0/0/0,630:1747647650565:,1747647651168
counter/3/0/0/0,631:1747647650565:,1747647651168
counter/3/0/0/0,632:1747647650565:,1747647651168
counter/3/0/0/0,633:1747647650565:,1747647651168
counter/3/0/0/0,634:1747647650566:,1747647651168
counter/3/0/0/0,635:1747647650566:,1747647651168
counter/3/0/0/0,636:1747647650566:,1747647651168
counter/3/0/0/0,637:1747647650566:,1747647651169
counter/1/0/0/0,554:1747647650752:,1747647651169
counter/10/0/0/0,489:1747647650648:,1747647651169
counter/6/0/0/0,449:1747647650580:,1747647651170
counter/2/0/0/0,608:1747647650619:,1747647651170
counter/2/0/0/0,609:1747647650619:,1747647651170
counter/2/0/0/0,610:1747647650619:,1747647651170
counter/3/0/0/0,638:1747647650566:,1747647651170
counter/3/0/0/0,639:1747647650566:,1747647651170
counter/3/0/0/0,640:1747647650566:,1747647651170
counter/1/0/0/0,555:1747647650752:,1747647651170
counter/10/0/0/0,490:1747647650648:,1747647651173
counter/6/0/0/0,450:1747647650580:,1747647651173
counter/6/0/0/0,451:1747647650580:,1747647651174
counter/6/0/0/0,452:1747647650580:,1747647651174
counter/6/0/0/0,453:1747647650598:,1747647651174
counter/6/0/0/0,454:1747647650598:,1747647651174
counter/4/0/0/0,572:1747647650766:,1747647651174
counter/4/0/0/0,573:1747647650766:,1747647651174
counter/4/0/0/0,574:1747647650766:,1747647651174
counter/4/0/0/0,575:1747647650766:,1747647651174
counter/4/0/0/0,576:1747647650766:,1747647651174
counter/4/0/0/0,577:1747647650772:,1747647651174
counter/4/0/0/0,578:1747647650777:,1747647651174
counter/4/0/0/0,579:1747647650777:,1747647651174
counter/4/0/0/0,580:1747647650777:,1747647651174
counter/4/0/0/0,581:1747647650777:,1747647651174
counter/4/0/0/0,582:1747647650777:,1747647651174
counter/4/0/0/0,583:1747647650777:,1747647651174
counter/8/0/0/0,615:1747647650508:,1747647651174
counter/4/0/0/0,584:1747647650777:,1747647651174
counter/8/0/0/0,616:1747647650508:,1747647651175
counter/8/0/0/0,617:1747647650508:,1747647651175
counter/8/0/0/0,618:1747647650508:,1747647651175
counter/8/0/0/0,619:1747647650508:,1747647651175
counter/8/0/0/0,620:1747647650511:,1747647651175
counter/8/0/0/0,621:1747647650511:,1747647651175
counter/8/0/0/0,622:1747647650511:,1747647651175
counter/8/0/0/0,623:1747647650511:,1747647651175
counter/7/0/0/0,459:1747647650664:,1747647651175
counter/9/0/0/0,604:1747647650714:,1747647651175
counter/5/0/0/0,472:1747647650573:,1747647651176
counter/1/0/0/0,556:1747647650752:,1747647651178
counter/8/0/0/0,624:1747647650511:,1747647651180
counter/10/0/0/0,491:1747647650648:,1747647651180
counter/10/0/0/0,492:1747647650648:,1747647651180
counter/7/0/0/0,460:1747647650664:,1747647651182
counter/5/0/0/0,473:1747647650573:,1747647651183
counter/4/0/0/0,585:1747647650777:,1747647651183
counter/5/0/0/0,474:1747647650573:,1747647651183
counter/3/0/0/0,641:1747647650566:,1747647651183
counter/6/0/0/0,455:1747647650598:,1747647651183
counter/6/0/0/0,456:1747647650598:,1747647651183
counter/9/0/0/0,605:1747647650714:,1747647651183
counter/8/0/0/0,625:1747647650511:,1747647651184
counter/4/0/0/0,586:1747647650778:,1747647651185
counter/5/0/0/0,475:1747647650573:,1747647651185
counter/5/0/0/0,476:1747647650573:,1747647651185
counter/5/0/0/0,477:1747647650576:,1747647651185
counter/5/0/0/0,478:1747647650576:,1747647651185
counter/9/0/0/0,606:1747647650714:,1747647651185
counter/5/0/0/0,479:1747647650576:,1747647651185
counter/9/0/0/0,607:1747647650714:,1747647651185
counter/9/0/0/0,608:1747647650714:,1747647651185
counter/9/0/0/0,609:1747647650714:,1747647651185
counter/9/0/0/0,610:1747647650714:,1747647651185
counter/9/0/0/0,611:1747647650715:,1747647651185
counter/9/0/0/0,612:1747647650724:,1747647651185
counter/9/0/0/0,613:1747647650724:,1747647651185
counter/9/0/0/0,614:1747647650724:,1747647651185
counter/9/0/0/0,615:1747647650724:,1747647651186
counter/9/0/0/0,616:1747647650724:,1747647651186
counter/9/0/0/0,617:1747647650724:,1747647651186
counter/4/0/0/0,587:1747647650798:,1747647651186
counter/4/0/0/0,588:1747647650798:,1747647651186
counter/3/0/0/0,642:1747647650566:,1747647651187
counter/3/0/0/0,643:1747647650566:,1747647651187
counter/3/0/0/0,644:1747647650566:,1747647651187
counter/3/0/0/0,645:1747647650566:,1747647651187
counter/3/0/0/0,646:1747647650570:,1747647651187
counter/1/0/0/0,557:1747647650757:,1747647651188
counter/1/0/0/0,558:1747647650757:,1747647651188
counter/1/0/0/0,559:1747647650757:,1747647651188
counter/1/0/0/0,560:1747647650757:,1747647651188
counter/1/0/0/0,561:1747647650758:,1747647651188
counter/1/0/0/0,562:1747647650758:,1747647651188
counter/9/0/0/0,618:1747647650724:,1747647651188
counter/1/0/0/0,563:1747647650758:,1747647651188
counter/9/0/0/0,619:1747647650724:,1747647651188
counter/9/0/0/0,620:1747647650724:,1747647651188
counter/7/0/0/0,461:1747647650669:,1747647651188
counter/8/0/0/0,626:1747647650511:,1747647651189
counter/3/0/0/0,647:1747647650571:,1747647651189
counter/1/0/0/0,564:1747647650758:,1747647651189
counter/1/0/0/0,565:1747647650758:,1747647651189
counter/1/0/0/0,566:1747647650758:,1747647651189
counter/1/0/0/0,567:1747647650769:,1747647651189
counter/1/0/0/0,568:1747647650769:,1747647651189
counter/1/0/0/0,569:1747647650769:,1747647651189
counter/1/0/0/0,570:1747647650769:,1747647651189
counter/1/0/0/0,571:1747647650769:,1747647651189
counter/10/0/0/0,493:1747647650648:,1747647651189
counter/10/0/0/0,494:1747647650648:,1747647651189
counter/10/0/0/0,495:1747647650648:,1747647651189
counter/10/0/0/0,496:1747647650648:,1747647651189
counter/10/0/0/0,497:1747647650648:,1747647651189
counter/10/0/0/0,498:1747647650648:,1747647651189
counter/10/0/0/0,499:1747647650648:,1747647651189
counter/10/0/0/0,500:1747647650648:,1747647651190
counter/10/0/0/0,501:1747647650648:,1747647651190
counter/10/0/0/0,502:1747647650652:,1747647651190
counter/10/0/0/0,503:1747647650652:,1747647651190
counter/10/0/0/0,504:1747647650652:,1747647651190
counter/10/0/0/0,505:1747647650652:,1747647651190
counter/10/0/0/0,506:1747647650652:,1747647651190
counter/6/0/0/0,457:1747647650598:,1747647651190
counter/6/0/0/0,458:1747647650604:,1747647651190
counter/6/0/0/0,459:1747647650604:,1747647651190
counter/6/0/0/0,460:1747647650605:,1747647651190
counter/3/0/0/0,648:1747647650571:,1747647651190
counter/10/0/0/0,507:1747647650652:,1747647651191
counter/10/0/0/0,508:1747647650658:,1747647651191
counter/10/0/0/0,509:1747647650658:,1747647651191
counter/10/0/0/0,510:1747647650658:,1747647651191
counter/10/0/0/0,511:1747647650658:,1747647651191
counter/10/0/0/0,512:1747647650658:,1747647651191
counter/10/0/0/0,513:1747647650658:,1747647651191
counter/10/0/0/0,514:1747647650658:,1747647651191
counter/6/0/0/0,461:1747647650605:,1747647651191
counter/9/0/0/0,621:1747647650724:,1747647651192
counter/6/0/0/0,462:1747647650605:,1747647651192
counter/6/0/0/0,463:1747647650605:,1747647651192
counter/6/0/0/0,464:1747647650605:,1747647651192
counter/6/0/0/0,465:1747647650605:,1747647651192
counter/6/0/0/0,466:1747647650605:,1747647651192
counter/6/0/0/0,467:1747647650605:,1747647651192
counter/7/0/0/0,462:1747647650669:,1747647651192
counter/2/0/0/0,611:1747647650619:,1747647651192
counter/8/0/0/0,627:1747647650511:,1747647651192
counter/8/0/0/0,628:1747647650511:,1747647651192
counter/8/0/0/0,629:1747647650511:,1747647651192
counter/8/0/0/0,630:1747647650511:,1747647651192
counter/10/0/0/0,515:1747647650658:,1747647651194
counter/10/0/0/0,516:1747647650658:,1747647651194
counter/10/0/0/0,517:1747647650658:,1747647651194
counter/10/0/0/0,518:1747647650662:,1747647651194
counter/10/0/0/0,519:1747647650662:,1747647651194
counter/7/0/0/0,463:1747647650669:,1747647651194
counter/10/0/0/0,520:1747647650665:,1747647651194
counter/4/0/0/0,589:1747647650798:,1747647651194
counter/4/0/0/0,590:1747647650798:,1747647651194
counter/4/0/0/0,591:1747647650798:,1747647651194
counter/4/0/0/0,592:1747647650802:,1747647651194
counter/4/0/0/0,593:1747647650802:,1747647651194
counter/4/0/0/0,594:1747647650803:,1747647651194
counter/4/0/0/0,595:1747647650803:,1747647651194
counter/6/0/0/0,468:1747647650605:,1747647651194
counter/6/0/0/0,469:1747647650605:,1747647651194
counter/6/0/0/0,470:1747647650605:,1747647651194
counter/6/0/0/0,471:1747647650605:,1747647651194
counter/6/0/0/0,472:1747647650605:,1747647651194
counter/6/0/0/0,473:1747647650605:,1747647651194
counter/6/0/0/0,474:1747647650605:,1747647651195
counter/10/0/0/0,521:1747647650671:,1747647651195
counter/8/0/0/0,631:1747647650511:,1747647651195
counter/8/0/0/0,632:1747647650511:,1747647651195
counter/8/0/0/0,633:1747647650511:,1747647651195
counter/8/0/0/0,634:1747647650511:,1747647651196
counter/8/0/0/0,635:1747647650511:,1747647651196
counter/8/0/0/0,636:1747647650511:,1747647651196
counter/8/0/0/0,637:1747647650511:,1747647651196
counter/1/0/0/0,572:1747647650769:,1747647651196
counter/1/0/0/0,573:1747647650769:,1747647651196
counter/1/0/0/0,574:1747647650769:,1747647651196
counter/1/0/0/0,575:1747647650769:,1747647651196
counter/6/0/0/0,475:1747647650605:,1747647651197
counter/9/0/0/0,622:1747647650724:,1747647651197
counter/9/0/0/0,623:1747647650724:,1747647651197
counter/9/0/0/0,624:1747647650724:,1747647651197
counter/9/0/0/0,625:1747647650724:,1747647651197
counter/9/0/0/0,626:1747647650724:,1747647651197
counter/4/0/0/0,596:1747647650803:,1747647651197
counter/3/0/0/0,649:1747647650571:,1747647651197
counter/2/0/0/0,612:1747647650619:,1747647651197
counter/8/0/0/0,638:1747647650511:,1747647651197
counter/8/0/0/0,639:1747647650523:,1747647651197
counter/8/0/0/0,640:1747647650523:,1747647651197
counter/1/0/0/0,576:1747647650769:,1747647651197
counter/4/0/0/0,597:1747647650803:,1747647651199
counter/8/0/0/0,641:1747647650523:,1747647651199
counter/8/0/0/0,642:1747647650523:,1747647651199
counter/8/0/0/0,643:1747647650523:,1747647651199
counter/8/0/0/0,644:1747647650524:,1747647651199
counter/8/0/0/0,645:1747647650524:,1747647651199
counter/8/0/0/0,646:1747647650524:,1747647651199
counter/6/0/0/0,476:1747647650605:,1747647651200
counter/5/0/0/0,480:1747647650578:,1747647651200
counter/5/0/0/0,481:1747647650578:,1747647651201
counter/5/0/0/0,482:1747647650578:,1747647651201
counter/5/0/0/0,483:1747647650578:,1747647651201
counter/5/0/0/0,484:1747647650578:,1747647651201
counter/5/0/0/0,485:1747647650578:,1747647651201
counter/5/0/0/0,486:1747647650578:,1747647651202
counter/4/0/0/0,598:1747647650803:,1747647651202
counter/8/0/0/0,647:1747647650524:,1747647651202
counter/8/0/0/0,648:1747647650524:,1747647651202
counter/8/0/0/0,649:1747647650524:,1747647651202
counter/8/0/0/0,650:1747647650524:,1747647651202
counter/8/0/0/0,651:1747647650524:,1747647651202
counter/8/0/0/0,652:1747647650524:,1747647651202
counter/1/0/0/0,577:1747647650769:,1747647651202
counter/4/0/0/0,599:1747647650803:,1747647651203
counter/8/0/0/0,653:1747647650524:,1747647651203
counter/8/0/0/0,654:1747647650524:,1747647651203
counter/8/0/0/0,655:1747647650524:,1747647651203
counter/8/0/0/0,656:1747647650524:,1747647651203
counter/8/0/0/0,657:1747647650530:,1747647651203
counter/8/0/0/0,658:1747647650532:,1747647651203
counter/8/0/0/0,659:1747647650532:,1747647651203
counter/8/0/0/0,660:1747647650533:,1747647651203
counter/8/0/0/0,661:1747647650533:,1747647651203
counter/1/0/0/0,578:1747647650769:,1747647651204
counter/10/0/0/0,522:1747647650671:,1747647651204
counter/10/0/0/0,523:1747647650671:,1747647651204
counter/1/0/0/0,579:1747647650769:,1747647651206
counter/1/0/0/0,580:1747647650787:,1747647651206
counter/1/0/0/0,581:1747647650787:,1747647651206
counter/1/0/0/0,582:1747647650811:,1747647651207
counter/1/0/0/0,583:1747647650811:,1747647651207
counter/1/0/0/0,584:1747647650811:,1747647651208
counter/5/0/0/0,487:1747647650578:,1747647651210
counter/5/0/0/0,488:1747647650578:,1747647651210
counter/5/0/0/0,489:1747647650578:,1747647651210
counter/5/0/0/0,490:1747647650578:,1747647651210
counter/5/0/0/0,491:1747647650578:,1747647651210
counter/5/0/0/0,492:1747647650578:,1747647651210
counter/1/0/0/0,585:1747647650811:,1747647651210
counter/2/0/0/0,613:1747647650619:,1747647651210
counter/6/0/0/0,477:1747647650605:,1747647651211
counter/6/0/0/0,478:1747647650605:,1747647651211
counter/6/0/0/0,479:1747647650605:,1747647651211
counter/6/0/0/0,480:1747647650605:,1747647651211
counter/6/0/0/0,481:1747647650609:,1747647651211
counter/6/0/0/0,482:1747647650609:,1747647651211
counter/6/0/0/0,483:1747647650609:,1747647651211
counter/6/0/0/0,484:1747647650609:,1747647651211
counter/10/0/0/0,524:1747647650671:,1747647651213
counter/6/0/0/0,485:1747647650609:,1747647651213
counter/6/0/0/0,486:1747647650609:,1747647651213
counter/6/0/0/0,487:1747647650609:,1747647651213
counter/9/0/0/0,627:1747647650727:,1747647651213
counter/9/0/0/0,628:1747647650727:,1747647651213
counter/7/0/0/0,464:1747647650669:,1747647651214
counter/7/0/0/0,465:1747647650669:,1747647651214
counter/7/0/0/0,466:1747647650669:,1747647651214
counter/7/0/0/0,467:1747647650669:,1747647651215
counter/7/0/0/0,468:1747647650669:,1747647651215
counter/7/0/0/0,469:1747647650669:,1747647651215
counter/7/0/0/0,470:1747647650669:,1747647651215
counter/9/0/0/0,629:1747647650727:,1747647651215
counter/9/0/0/0,630:1747647650727:,1747647651215
counter/9/0/0/0,631:1747647650727:,1747647651215
counter/8/0/0/0,662:1747647650533:,1747647651215
counter/8/0/0/0,663:1747647650533:,1747647651215
counter/8/0/0/0,664:1747647650533:,1747647651215
counter/8/0/0/0,665:1747647650534:,1747647651215
counter/8/0/0/0,666:1747647650534:,1747647651215
counter/8/0/0/0,667:1747647650534:,1747647651215
counter/8/0/0/0,668:1747647650534:,1747647651215
counter/8/0/0/0,669:1747647650534:,1747647651215
counter/8/0/0/0,670:1747647650534:,1747647651216
counter/8/0/0/0,671:1747647650534:,1747647651216
counter/8/0/0/0,672:1747647650534:,1747647651216
counter/4/0/0/0,600:1747647650803:,1747647651216
counter/10/0/0/0,525:1747647650671:,1747647651216
counter/9/0/0/0,632:1747647650727:,1747647651216
counter/9/0/0/0,633:1747647650729:,1747647651216
counter/9/0/0/0,634:1747647650729:,1747647651216
counter/7/0/0/0,471:1747647650672:,1747647651221
counter/10/0/0/0,526:1747647650671:,1747647651223
counter/6/0/0/0,488:1747647650609:,1747647651224
counter/6/0/0/0,489:1747647650609:,1747647651224
counter/6/0/0/0,490:1747647650635:,1747647651224
counter/6/0/0/0,491:1747647650642:,1747647651224
counter/6/0/0/0,492:1747647650643:,1747647651225
counter/4/0/0/0,601:1747647650803:,1747647651225
counter/4/0/0/0,602:1747647650805:,1747647651225
counter/4/0/0/0,603:1747647650805:,1747647651225
counter/4/0/0/0,604:1747647650805:,1747647651225
counter/4/0/0/0,605:1747647650808:,1747647651225
counter/4/0/0/0,606:1747647650808:,1747647651225
counter/4/0/0/0,607:1747647650808:,1747647651225
counter/4/0/0/0,608:1747647650808:,1747647651225
counter/8/0/0/0,673:1747647650534:,1747647651225
counter/4/0/0/0,609:1747647650808:,1747647651226
counter/9/0/0/0,635:1747647650729:,1747647651227
counter/2/0/0/0,614:1747647650619:,1747647651227
counter/2/0/0/0,615:1747647650631:,1747647651227
counter/2/0/0/0,616:1747647650631:,1747647651227
counter/2/0/0/0,617:1747647650631:,1747647651227
counter/2/0/0/0,618:1747647650631:,1747647651227
counter/2/0/0/0,619:1747647650631:,1747647651227
counter/2/0/0/0,620:1747647650631:,1747647651227
counter/2/0/0/0,621:1747647650631:,1747647651227
counter/2/0/0/0,622:1747647650631:,1747647651227
counter/5/0/0/0,493:1747647650578:,1747647651227
counter/5/0/0/0,494:1747647650578:,1747647651228
counter/5/0/0/0,495:1747647650578:,1747647651228
counter/8/0/0/0,674:1747647650534:,1747647651229
counter/8/0/0/0,675:1747647650535:,1747647651229
counter/2/0/0/0,623:1747647650631:,1747647651229
counter/1/0/0/0,586:1747647650811:,1747647651229
counter/1/0/0/0,587:1747647650811:,1747647651229
counter/1/0/0/0,588:1747647650811:,1747647651229
counter/1/0/0/0,589:1747647650812:,1747647651229
counter/1/0/0/0,590:1747647650812:,1747647651229
counter/5/0/0/0,496:1747647650578:,1747647651229
counter/1/0/0/0,591:1747647650812:,1747647651230
counter/6/0/0/0,493:1747647650647:,1747647651230
counter/7/0/0/0,472:1747647650684:,1747647651230
counter/7/0/0/0,473:1747647650684:,1747647651230
counter/7/0/0/0,474:1747647650684:,1747647651230
counter/7/0/0/0,475:1747647650684:,1747647651230
counter/7/0/0/0,476:1747647650684:,1747647651230
counter/7/0/0/0,477:1747647650684:,1747647651230
counter/7/0/0/0,478:1747647650685:,1747647651230
counter/7/0/0/0,479:1747647650685:,1747647651230
counter/7/0/0/0,480:1747647650685:,1747647651230
counter/7/0/0/0,481:1747647650685:,1747647651230
counter/7/0/0/0,482:1747647650690:,1747647651230
counter/6/0/0/0,494:1747647650647:,1747647651230
counter/4/0/0/0,610:1747647650808:,1747647651231
counter/3/0/0/0,650:1747647650571:,1747647651231
counter/3/0/0/0,651:1747647650571:,1747647651231
counter/2/0/0/0,624:1747647650631:,1747647651231
counter/2/0/0/0,625:1747647650632:,1747647651232
counter/2/0/0/0,626:1747647650632:,1747647651233
counter/2/0/0/0,627:1747647650632:,1747647651233
counter/2/0/0/0,628:1747647650632:,1747647651233
counter/2/0/0/0,629:1747647650637:,1747647651233
counter/2/0/0/0,630:1747647650637:,1747647651233
counter/2/0/0/0,631:1747647650637:,1747647651233
counter/2/0/0/0,632:1747647650637:,1747647651233
counter/5/0/0/0,497:1747647650578:,1747647651233
counter/5/0/0/0,498:1747647650578:,1747647651233
counter/4/0/0/0,611:1747647650808:,1747647651233
counter/5/0/0/0,499:1747647650578:,1747647651234
counter/5/0/0/0,500:1747647650578:,1747647651234
counter/5/0/0/0,501:1747647650578:,1747647651234
counter/5/0/0/0,502:1747647650578:,1747647651234
counter/5/0/0/0,503:1747647650578:,1747647651234
counter/5/0/0/0,504:1747647650578:,1747647651234
counter/5/0/0/0,505:1747647650578:,1747647651234
counter/5/0/0/0,506:1747647650578:,1747647651234
counter/5/0/0/0,507:1747647650586:,1747647651234
counter/5/0/0/0,508:1747647650586:,1747647651234
counter/5/0/0/0,509:1747647650586:,1747647651234
counter/5/0/0/0,510:1747647650586:,1747647651234
counter/5/0/0/0,511:1747647650586:,1747647651234
counter/5/0/0/0,512:1747647650586:,1747647651234
counter/5/0/0/0,513:1747647650586:,1747647651234
counter/5/0/0/0,514:1747647650586:,1747647651235
counter/5/0/0/0,515:1747647650586:,1747647651235
counter/5/0/0/0,516:1747647650586:,1747647651235
counter/5/0/0/0,517:1747647650586:,1747647651235
counter/4/0/0/0,612:1747647650820:,1747647651236
counter/4/0/0/0,613:1747647650820:,1747647651236
counter/4/0/0/0,614:1747647650820:,1747647651236
counter/4/0/0/0,615:1747647650820:,1747647651236
counter/4/0/0/0,616:1747647650820:,1747647651236
counter/4/0/0/0,617:1747647650821:,1747647651236
counter/9/0/0/0,636:1747647650729:,1747647651236
counter/9/0/0/0,637:1747647650729:,1747647651237
counter/1/0/0/0,592:1747647650812:,1747647651237
counter/3/0/0/0,652:1747647650571:,1747647651237
counter/3/0/0/0,653:1747647650571:,1747647651237
counter/3/0/0/0,654:1747647650571:,1747647651237
counter/3/0/0/0,655:1747647650571:,1747647651237
counter/3/0/0/0,656:1747647650571:,1747647651237
counter/3/0/0/0,657:1747647650571:,1747647651237
counter/10/0/0/0,527:1747647650671:,1747647651237
counter/6/0/0/0,495:1747647650647:,1747647651237
counter/10/0/0/0,528:1747647650671:,1747647651237
counter/10/0/0/0,529:1747647650671:,1747647651238
counter/10/0/0/0,530:1747647650671:,1747647651238
counter/10/0/0/0,531:1747647650671:,1747647651238
counter/10/0/0/0,532:1747647650671:,1747647651238
counter/10/0/0/0,533:1747647650671:,1747647651238
counter/10/0/0/0,534:1747647650671:,1747647651238
counter/10/0/0/0,535:1747647650687:,1747647651238
counter/10/0/0/0,536:1747647650688:,1747647651238
counter/10/0/0/0,537:1747647650688:,1747647651238
counter/10/0/0/0,538:1747647650688:,1747647651238
counter/7/0/0/0,483:1747647650690:,1747647651238
counter/9/0/0/0,638:1747647650729:,1747647651238
counter/7/0/0/0,484:1747647650690:,1747647651238
counter/10/0/0/0,539:1747647650688:,1747647651239
counter/10/0/0/0,540:1747647650688:,1747647651239
counter/10/0/0/0,541:1747647650688:,1747647651239
counter/10/0/0/0,542:1747647650688:,1747647651239
counter/10/0/0/0,543:1747647650688:,1747647651239
counter/6/0/0/0,496:1747647650647:,1747647651239
counter/9/0/0/0,639:1747647650729:,1747647651239
counter/6/0/0/0,497:1747647650647:,1747647651239
counter/6/0/0/0,498:1747647650647:,1747647651239
counter/6/0/0/0,499:1747647650647:,1747647651239
counter/6/0/0/0,500:1747647650650:,1747647651240
counter/6/0/0/0,501:1747647650651:,1747647651240
counter/2/0/0/0,633:1747647650638:,1747647651240
counter/2/0/0/0,634:1747647650638:,1747647651240
counter/2/0/0/0,635:1747647650638:,1747647651240
counter/2/0/0/0,636:1747647650639:,1747647651240
counter/2/0/0/0,637:1747647650639:,1747647651241
counter/2/0/0/0,638:1747647650639:,1747647651241
counter/2/0/0/0,639:1747647650639:,1747647651241
counter/2/0/0/0,640:1747647650639:,1747647651241
counter/2/0/0/0,641:1747647650639:,1747647651241
counter/2/0/0/0,642:1747647650639:,1747647651241
counter/2/0/0/0,643:1747647650639:,1747647651241
counter/8/0/0/0,676:1747647650535:,1747647651241
counter/4/0/0/0,618:1747647650821:,1747647651241
counter/4/0/0/0,619:1747647650821:,1747647651241
counter/4/0/0/0,620:1747647650821:,1747647651241
counter/4/0/0/0,621:1747647650821:,1747647651241
counter/4/0/0/0,622:1747647650821:,1747647651242
counter/4/0/0/0,623:1747647650821:,1747647651242
counter/4/0/0/0,624:1747647650822:,1747647651242
counter/4/0/0/0,625:1747647650822:,1747647651242
counter/4/0/0/0,626:1747647650822:,1747647651242
counter/4/0/0/0,627:1747647650822:,1747647651242
counter/4/0/0/0,628:1747647650822:,1747647651242
counter/4/0/0/0,629:1747647650822:,1747647651242
counter/4/0/0/0,630:1747647650822:,1747647651242
counter/4/0/0/0,631:1747647650822:,1747647651242
counter/4/0/0/0,632:1747647650822:,1747647651242
counter/2/0/0/0,644:1747647650643:,1747647651242
counter/9/0/0/0,640:1747647650730:,1747647651242
counter/8/0/0/0,677:1747647650535:,1747647651243
counter/6/0/0/0,502:1747647650651:,1747647651243
counter/6/0/0/0,503:1747647650652:,1747647651243
counter/6/0/0/0,504:1747647650652:,1747647651243
counter/6/0/0/0,505:1747647650652:,1747647651243
counter/6/0/0/0,506:1747647650657:,1747647651243
counter/6/0/0/0,507:1747647650667:,1747647651243
counter/6/0/0/0,508:1747647650667:,1747647651243
counter/6/0/0/0,509:1747647650667:,1747647651243
counter/6/0/0/0,510:1747647650667:,1747647651243
counter/6/0/0/0,511:1747647650667:,1747647651243
counter/10/0/0/0,544:1747647650688:,1747647651243
counter/10/0/0/0,545:1747647650688:,1747647651243
counter/9/0/0/0,641:1747647650730:,1747647651244
counter/9/0/0/0,642:1747647650730:,1747647651244
counter/9/0/0/0,643:1747647650730:,1747647651244
counter/1/0/0/0,593:1747647650812:,1747647651244
counter/1/0/0/0,594:1747647650812:,1747647651244
counter/1/0/0/0,595:1747647650812:,1747647651244
counter/1/0/0/0,596:1747647650812:,1747647651244
counter/5/0/0/0,518:1747647650586:,1747647651244
counter/9/0/0/0,644:1747647650735:,1747647651244
counter/9/0/0/0,645:1747647650742:,1747647651244
counter/8/0/0/0,678:1747647650535:,1747647651245
counter/3/0/0/0,658:1747647650571:,1747647651245
counter/3/0/0/0,659:1747647650571:,1747647651245
counter/3/0/0/0,660:1747647650571:,1747647651245
counter/6/0/0/0,512:1747647650667:,1747647651245
counter/3/0/0/0,661:1747647650580:,1747647651245
counter/6/0/0/0,513:1747647650673:,1747647651246
counter/6/0/0/0,514:1747647650676:,1747647651246
counter/6/0/0/0,515:1747647650676:,1747647651246
counter/9/0/0/0,646:1747647650742:,1747647651246
counter/2/0/0/0,645:1747647650643:,1747647651246
counter/8/0/0/0,679:1747647650535:,1747647651247
counter/6/0/0/0,516:1747647650676:,1747647651247
counter/7/0/0/0,485:1747647650694:,1747647651248
counter/7/0/0/0,486:1747647650694:,1747647651248
counter/7/0/0/0,487:1747647650694:,1747647651248
counter/9/0/0/0,647:1747647650742:,1747647651248
counter/1/0/0/0,597:1747647650812:,1747647651249
counter/1/0/0/0,598:1747647650812:,1747647651249
counter/1/0/0/0,599:1747647650812:,1747647651249
counter/1/0/0/0,600:1747647650812:,1747647651249
counter/10/0/0/0,546:1747647650688:,1747647651249
counter/10/0/0/0,547:1747647650688:,1747647651249
counter/10/0/0/0,548:1747647650692:,1747647651249
counter/10/0/0/0,549:1747647650692:,1747647651249
counter/10/0/0/0,550:1747647650692:,1747647651249
counter/10/0/0/0,551:1747647650692:,1747647651249
counter/10/0/0/0,552:1747647650692:,1747647651249
counter/10/0/0/0,553:1747647650693:,1747647651249
counter/6/0/0/0,517:1747647650676:,1747647651249
counter/3/0/0/0,662:1747647650580:,1747647651249
counter/6/0/0/0,518:1747647650680:,1747647651250
counter/10/0/0/0,554:1747647650693:,1747647651250
counter/7/0/0/0,488:1747647650694:,1747647651251
counter/4/0/0/0,633:1747647650823:,1747647651251
counter/5/0/0/0,519:1747647650586:,1747647651251
counter/2/0/0/0,646:1747647650643:,1747647651251
counter/5/0/0/0,520:1747647650586:,1747647651251
counter/5/0/0/0,521:1747647650586:,1747647651251
counter/9/0/0/0,648:1747647650742:,1747647651252
counter/7/0/0/0,489:1747647650694:,1747647651252
counter/8/0/0/0,680:1747647650535:,1747647651252
counter/5/0/0/0,522:1747647650586:,1747647651252
counter/9/0/0/0,649:1747647650742:,1747647651252
counter/4/0/0/0,634:1747647650823:,1747647651252
counter/7/0/0/0,490:1747647650694:,1747647651252
counter/4/0/0/0,635:1747647650823:,1747647651252
counter/4/0/0/0,636:1747647650823:,1747647651252
counter/4/0/0/0,637:1747647650823:,1747647651252
counter/5/0/0/0,523:1747647650586:,1747647651252
counter/1/0/0/0,601:1747647650812:,1747647651253
counter/10/0/0/0,555:1747647650693:,1747647651253
counter/9/0/0/0,650:1747647650742:,1747647651253
counter/5/0/0/0,524:1747647650586:,1747647651254
counter/5/0/0/0,525:1747647650586:,1747647651254
counter/1/0/0/0,602:1747647650812:,1747647651254
counter/1/0/0/0,603:1747647650812:,1747647651254
counter/10/0/0/0,556:1747647650693:,1747647651254
counter/6/0/0/0,519:1747647650680:,1747647651254
counter/6/0/0/0,520:1747647650680:,1747647651254
counter/6/0/0/0,521:1747647650681:,1747647651254
counter/6/0/0/0,522:1747647650681:,1747647651254
counter/2/0/0/0,647:1747647650643:,1747647651255
counter/2/0/0/0,648:1747647650643:,1747647651255
counter/2/0/0/0,649:1747647650643:,1747647651255
counter/5/0/0/0,526:1747647650586:,1747647651255
counter/1/0/0/0,604:1747647650812:,1747647651255
counter/6/0/0/0,523:1747647650682:,1747647651256
counter/5/0/0/0,527:1747647650586:,1747647651257
counter/2/0/0/0,650:1747647650643:,1747647651257
counter/9/0/0/0,651:1747647650742:,1747647651257
counter/3/0/0/0,663:1747647650580:,1747647651260
counter/3/0/0/0,664:1747647650580:,1747647651260
counter/9/0/0/0,652:1747647650742:,1747647651260
counter/9/0/0/0,653:1747647650742:,1747647651260
counter/9/0/0/0,654:1747647650742:,1747647651260
counter/9/0/0/0,655:1747647650742:,1747647651260
counter/9/0/0/0,656:1747647650742:,1747647651260
counter/9/0/0/0,657:1747647650742:,1747647651260
counter/9/0/0/0,658:1747647650746:,1747647651261
counter/9/0/0/0,659:1747647650746:,1747647651261
counter/9/0/0/0,660:1747647650746:,1747647651261
counter/9/0/0/0,661:1747647650746:,1747647651261
counter/9/0/0/0,662:1747647650747:,1747647651261
counter/9/0/0/0,663:1747647650747:,1747647651261
counter/9/0/0/0,664:1747647650747:,1747647651261
counter/10/0/0/0,557:1747647650693:,1747647651261
counter/4/0/0/0,638:1747647650823:,1747647651262
counter/7/0/0/0,491:1747647650694:,1747647651262
counter/4/0/0/0,639:1747647650823:,1747647651262
counter/7/0/0/0,492:1747647650694:,1747647651262
counter/7/0/0/0,493:1747647650694:,1747647651262
counter/7/0/0/0,494:1747647650694:,1747647651262
counter/7/0/0/0,495:1747647650694:,1747647651262
counter/10/0/0/0,558:1747647650693:,1747647651262
counter/6/0/0/0,524:1747647650708:,1747647651262
counter/8/0/0/0,681:1747647650535:,1747647651262
counter/6/0/0/0,525:1747647650708:,1747647651263
counter/9/0/0/0,665:1747647650747:,1747647651263
counter/9/0/0/0,666:1747647650747:,1747647651263
counter/9/0/0/0,667:1747647650747:,1747647651263
counter/9/0/0/0,668:1747647650747:,1747647651263
counter/9/0/0/0,669:1747647650747:,1747647651263
counter/9/0/0/0,670:1747647650747:,1747647651263
counter/1/0/0/0,605:1747647650812:,1747647651263
counter/9/0/0/0,671:1747647650747:,1747647651263
counter/1/0/0/0,606:1747647650812:,1747647651263
counter/1/0/0/0,607:1747647650812:,1747647651263
counter/1/0/0/0,608:1747647650812:,1747647651263
counter/1/0/0/0,609:1747647650812:,1747647651263
counter/1/0/0/0,610:1747647650812:,1747647651263
counter/1/0/0/0,611:1747647650812:,1747647651263
counter/1/0/0/0,612:1747647650813:,1747647651263
counter/1/0/0/0,613:1747647650813:,1747647651263
counter/3/0/0/0,665:1747647650580:,1747647651263
counter/8/0/0/0,682:1747647650535:,1747647651264
counter/3/0/0/0,666:1747647650580:,1747647651264
counter/3/0/0/0,667:1747647650580:,1747647651264
counter/3/0/0/0,668:1747647650580:,1747647651264
counter/3/0/0/0,669:1747647650580:,1747647651264
counter/3/0/0/0,670:1747647650580:,1747647651264
counter/3/0/0/0,671:1747647650580:,1747647651264
counter/3/0/0/0,672:1747647650603:,1747647651264
counter/3/0/0/0,673:1747647650603:,1747647651264
counter/3/0/0/0,674:1747647650603:,1747647651264
counter/8/0/0/0,683:1747647650535:,1747647651264
counter/8/0/0/0,684:1747647650535:,1747647651264
counter/8/0/0/0,685:1747647650535:,1747647651264
counter/8/0/0/0,686:1747647650535:,1747647651264
counter/8/0/0/0,687:1747647650535:,1747647651264
counter/8/0/0/0,688:1747647650535:,1747647651264
counter/8/0/0/0,689:1747647650535:,1747647651264
counter/8/0/0/0,690:1747647650539:,1747647651264
counter/8/0/0/0,691:1747647650539:,1747647651264
counter/8/0/0/0,692:1747647650539:,1747647651264
counter/8/0/0/0,693:1747647650539:,1747647651264
counter/8/0/0/0,694:1747647650539:,1747647651265
counter/3/0/0/0,675:1747647650603:,1747647651265
counter/6/0/0/0,526:1747647650708:,1747647651265
counter/9/0/0/0,672:1747647650750:,1747647651265
counter/9/0/0/0,673:1747647650750:,1747647651265
counter/9/0/0/0,674:1747647650750:,1747647651265
counter/9/0/0/0,675:1747647650750:,1747647651265
counter/9/0/0/0,676:1747647650751:,1747647651265
counter/9/0/0/0,677:1747647650751:,1747647651265
counter/9/0/0/0,678:1747647650751:,1747647651265
counter/4/0/0/0,640:1747647650823:,1747647651265
counter/4/0/0/0,641:1747647650823:,1747647651265
counter/4/0/0/0,642:1747647650823:,1747647651265
counter/4/0/0/0,643:1747647650823:,1747647651265
counter/4/0/0/0,644:1747647650824:,1747647651265
counter/4/0/0/0,645:1747647650830:,1747647651265
counter/7/0/0/0,496:1747647650694:,1747647651265
counter/7/0/0/0,497:1747647650694:,1747647651265
counter/7/0/0/0,498:1747647650695:,1747647651265
counter/2/0/0/0,651:1747647650643:,1747647651265
counter/10/0/0/0,559:1747647650693:,1747647651266
counter/10/0/0/0,560:1747647650693:,1747647651266
counter/1/0/0/0,614:1747647650813:,1747647651266
counter/9/0/0/0,679:1747647650751:,1747647651266
counter/9/0/0/0,680:1747647650751:,1747647651266
counter/9/0/0/0,681:1747647650751:,1747647651266
counter/9/0/0/0,682:1747647650751:,1747647651266
counter/9/0/0/0,683:1747647650751:,1747647651266
counter/9/0/0/0,684:1747647650751:,1747647651266
counter/9/0/0/0,685:1747647650751:,1747647651266
counter/5/0/0/0,528:1747647650586:,1747647651266
counter/2/0/0/0,652:1747647650660:,1747647651266
counter/2/0/0/0,653:1747647650660:,1747647651267
counter/2/0/0/0,654:1747647650660:,1747647651267
counter/2/0/0/0,655:1747647650660:,1747647651267
counter/7/0/0/0,499:1747647650697:,1747647651267
counter/7/0/0/0,500:1747647650698:,1747647651267
counter/7/0/0/0,501:1747647650698:,1747647651267
counter/7/0/0/0,502:1747647650706:,1747647651267
counter/7/0/0/0,503:1747647650706:,1747647651267
counter/7/0/0/0,504:1747647650706:,1747647651267
counter/7/0/0/0,505:1747647650706:,1747647651267
counter/7/0/0/0,506:1747647650706:,1747647651267
counter/7/0/0/0,507:1747647650706:,1747647651267
counter/7/0/0/0,508:1747647650706:,1747647651267
counter/7/0/0/0,509:1747647650706:,1747647651267
counter/7/0/0/0,510:1747647650706:,1747647651267
counter/7/0/0/0,511:1747647650712:,1747647651267
counter/7/0/0/0,512:1747647650712:,1747647651268
counter/7/0/0/0,513:1747647650712:,1747647651268
counter/7/0/0/0,514:1747647650712:,1747647651268
counter/7/0/0/0,515:1747647650716:,1747647651268
counter/7/0/0/0,516:1747647650716:,1747647651268
counter/7/0/0/0,517:1747647650716:,1747647651268
counter/7/0/0/0,518:1747647650716:,1747647651268
counter/7/0/0/0,519:1747647650716:,1747647651268
counter/7/0/0/0,520:1747647650716:,1747647651268
counter/4/0/0/0,646:1747647650830:,1747647651268
counter/3/0/0/0,676:1747647650604:,1747647651268
counter/10/0/0/0,561:1747647650693:,1747647651268
counter/3/0/0/0,677:1747647650604:,1747647651268
counter/10/0/0/0,562:1747647650694:,1747647651269
counter/9/0/0/0,686:1747647650751:,1747647651269
counter/9/0/0/0,687:1747647650753:,1747647651269
counter/9/0/0/0,688:1747647650753:,1747647651269
counter/9/0/0/0,689:1747647650753:,1747647651269
counter/9/0/0/0,690:1747647650754:,1747647651269
counter/9/0/0/0,691:1747647650754:,1747647651269
counter/9/0/0/0,692:1747647650754:,1747647651269
counter/9/0/0/0,693:1747647650755:,1747647651269
counter/9/0/0/0,694:1747647650755:,1747647651269
counter/9/0/0/0,695:1747647650755:,1747647651269
counter/9/0/0/0,696:1747647650755:,1747647651269
counter/9/0/0/0,697:1747647650755:,1747647651269
counter/9/0/0/0,698:1747647650755:,1747647651269
counter/9/0/0/0,699:1747647650755:,1747647651269
counter/9/0/0/0,700:1747647650755:,1747647651269
counter/9/0/0/0,701:1747647650755:,1747647651269
counter/6/0/0/0,527:1747647650708:,1747647651269
counter/1/0/0/0,615:1747647650821:,1747647651269
counter/6/0/0/0,528:1747647650708:,1747647651270
counter/8/0/0/0,695:1747647650539:,1747647651270
counter/8/0/0/0,696:1747647650539:,1747647651270
counter/8/0/0/0,697:1747647650539:,1747647651270
counter/8/0/0/0,698:1747647650539:,1747647651270
counter/8/0/0/0,699:1747647650539:,1747647651270
counter/8/0/0/0,700:1747647650539:,1747647651271
counter/8/0/0/0,701:1747647650539:,1747647651271
counter/8/0/0/0,702:1747647650539:,1747647651271
counter/8/0/0/0,703:1747647650539:,1747647651271
counter/8/0/0/0,704:1747647650539:,1747647651271
counter/8/0/0/0,705:1747647650540:,1747647651271
counter/8/0/0/0,706:1747647650540:,1747647651271
counter/8/0/0/0,707:1747647650540:,1747647651271
counter/8/0/0/0,708:1747647650540:,1747647651271
counter/8/0/0/0,709:1747647650540:,1747647651271
counter/8/0/0/0,710:1747647650540:,1747647651271
counter/8/0/0/0,711:1747647650540:,1747647651271
counter/1/0/0/0,616:1747647650821:,1747647651271
counter/8/0/0/0,712:1747647650540:,1747647651271
counter/8/0/0/0,713:1747647650540:,1747647651271
counter/8/0/0/0,714:1747647650540:,1747647651271
counter/8/0/0/0,715:1747647650541:,1747647651271
counter/8/0/0/0,716:1747647650541:,1747647651271
counter/8/0/0/0,717:1747647650541:,1747647651271
counter/8/0/0/0,718:1747647650541:,1747647651271
counter/8/0/0/0,719:1747647650541:,1747647651271
counter/8/0/0/0,720:1747647650541:,1747647651271
counter/6/0/0/0,529:1747647650708:,1747647651271
counter/8/0/0/0,721:1747647650541:,1747647651272
counter/8/0/0/0,722:1747647650542:,1747647651272
counter/8/0/0/0,723:1747647650542:,1747647651272
counter/8/0/0/0,724:1747647650543:,1747647651272
counter/8/0/0/0,725:1747647650544:,1747647651272
counter/8/0/0/0,726:1747647650544:,1747647651273
counter/8/0/0/0,727:1747647650544:,1747647651273
counter/8/0/0/0,728:1747647650544:,1747647651273
counter/8/0/0/0,729:1747647650544:,1747647651273
counter/8/0/0/0,730:1747647650544:,1747647651273
counter/8/0/0/0,731:1747647650544:,1747647651273
counter/8/0/0/0,732:1747647650544:,1747647651273
counter/4/0/0/0,647:1747647650830:,1747647651273
counter/6/0/0/0,530:1747647650708:,1747647651274
counter/2/0/0/0,656:1747647650661:,1747647651274
counter/3/0/0/0,678:1747647650610:,1747647651275
counter/8/0/0/0,733:1747647650544:,1747647651275
counter/3/0/0/0,679:1747647650610:,1747647651275
counter/3/0/0/0,680:1747647650610:,1747647651275
counter/8/0/0/0,734:1747647650544:,1747647651275
counter/5/0/0/0,529:1747647650586:,1747647651275
counter/7/0/0/0,521:1747647650716:,1747647651275
counter/5/0/0/0,530:1747647650586:,1747647651275
counter/5/0/0/0,531:1747647650586:,1747647651275
counter/5/0/0/0,532:1747647650586:,1747647651275
counter/5/0/0/0,533:1747647650586:,1747647651275
counter/5/0/0/0,534:1747647650586:,1747647651275
counter/5/0/0/0,535:1747647650586:,1747647651275
counter/5/0/0/0,536:1747647650586:,1747647651275
counter/5/0/0/0,537:1747647650586:,1747647651275
counter/5/0/0/0,538:1747647650586:,1747647651276
counter/5/0/0/0,539:1747647650587:,1747647651276
counter/5/0/0/0,540:1747647650587:,1747647651276
counter/5/0/0/0,541:1747647650587:,1747647651276
counter/5/0/0/0,542:1747647650587:,1747647651276
counter/5/0/0/0,543:1747647650588:,1747647651276
counter/5/0/0/0,544:1747647650588:,1747647651276
counter/8/0/0/0,735:1747647650544:,1747647651276
counter/8/0/0/0,736:1747647650544:,1747647651276
counter/3/0/0/0,681:1747647650610:,1747647651276
counter/4/0/0/0,648:1747647650830:,1747647651276
counter/6/0/0/0,531:1747647650708:,1747647651276
counter/6/0/0/0,532:1747647650708:,1747647651276
counter/6/0/0/0,533:1747647650708:,1747647651276
counter/1/0/0/0,617:1747647650821:,1747647651276
counter/1/0/0/0,618:1747647650821:,1747647651276
counter/1/0/0/0,619:1747647650821:,1747647651276
counter/1/0/0/0,620:1747647650821:,1747647651276
counter/7/0/0/0,522:1747647650722:,1747647651278
counter/7/0/0/0,523:1747647650722:,1747647651278
counter/7/0/0/0,524:1747647650722:,1747647651279
counter/7/0/0/0,525:1747647650722:,1747647651279
counter/7/0/0/0,526:1747647650727:,1747647651279
counter/7/0/0/0,527:1747647650728:,1747647651279
counter/7/0/0/0,528:1747647650728:,1747647651279
counter/7/0/0/0,529:1747647650728:,1747647651279
counter/9/0/0/0,702:1747647650755:,1747647651279
counter/9/0/0/0,703:1747647650755:,1747647651279
counter/9/0/0/0,704:1747647650755:,1747647651279
counter/6/0/0/0,534:1747647650708:,1747647651279
counter/2/0/0/0,657:1747647650661:,1747647651279
counter/2/0/0/0,658:1747647650661:,1747647651279
counter/6/0/0/0,535:1747647650708:,1747647651280
counter/10/0/0/0,563:1747647650694:,1747647651280
counter/9/0/0/0,705:1747647650755:,1747647651280
counter/5/0/0/0,545:1747647650588:,1747647651280
counter/9/0/0/0,706:1747647650758:,1747647651280
counter/10/0/0/0,564:1747647650694:,1747647651281
counter/10/0/0/0,565:1747647650694:,1747647651281
counter/6/0/0/0,536:1747647650708:,1747647651281
counter/2/0/0/0,659:1747647650661:,1747647651281
counter/2/0/0/0,660:1747647650661:,1747647651281
counter/2/0/0/0,661:1747647650661:,1747647651281
counter/2/0/0/0,662:1747647650661:,1747647651281
counter/2/0/0/0,663:1747647650661:,1747647651281
counter/8/0/0/0,737:1747647650544:,1747647651281
counter/1/0/0/0,621:1747647650821:,1747647651281
counter/8/0/0/0,738:1747647650544:,1747647651281
counter/9/0/0/0,707:1747647650758:,1747647651281
counter/9/0/0/0,708:1747647650758:,1747647651281
counter/9/0/0/0,709:1747647650758:,1747647651281
counter/6/0/0/0,537:1747647650708:,1747647651281
counter/6/0/0/0,538:1747647650708:,1747647651281
counter/6/0/0/0,539:1747647650708:,1747647651281
counter/6/0/0/0,540:1747647650708:,1747647651281
counter/6/0/0/0,541:1747647650708:,1747647651282
counter/6/0/0/0,542:1747647650708:,1747647651282
counter/6/0/0/0,543:1747647650709:,1747647651282
counter/6/0/0/0,544:1747647650712:,1747647651282
counter/6/0/0/0,545:1747647650712:,1747647651282
counter/6/0/0/0,546:1747647650712:,1747647651282
counter/6/0/0/0,547:1747647650715:,1747647651282
counter/6/0/0/0,548:1747647650715:,1747647651282
counter/6/0/0/0,549:1747647650715:,1747647651282
counter/6/0/0/0,550:1747647650715:,1747647651282
counter/6/0/0/0,551:1747647650716:,1747647651282
counter/6/0/0/0,552:1747647650716:,1747647651282
counter/6/0/0/0,553:1747647650716:,1747647651282
counter/3/0/0/0,682:1747647650610:,1747647651282
counter/1/0/0/0,622:1747647650827:,1747647651282
counter/7/0/0/0,530:1747647650731:,1747647651283
counter/7/0/0/0,531:1747647650731:,1747647651283
counter/7/0/0/0,532:1747647650731:,1747647651283
counter/6/0/0/0,554:1747647650716:,1747647651283
counter/7/0/0/0,533:1747647650731:,1747647651283
counter/7/0/0/0,534:1747647650731:,1747647651283
counter/8/0/0/0,739:1747647650544:,1747647651285
counter/8/0/0/0,740:1747647650544:,1747647651285
counter/8/0/0/0,741:1747647650544:,1747647651285
counter/8/0/0/0,742:1747647650544:,1747647651285
counter/8/0/0/0,743:1747647650544:,1747647651285
counter/8/0/0/0,744:1747647650544:,1747647651285
counter/8/0/0/0,745:1747647650544:,1747647651285
counter/8/0/0/0,746:1747647650544:,1747647651285
counter/10/0/0/0,566:1747647650694:,1747647651285
counter/8/0/0/0,747:1747647650544:,1747647651285
counter/2/0/0/0,664:1747647650661:,1747647651286
counter/2/0/0/0,665:1747647650661:,1747647651286
counter/2/0/0/0,666:1747647650665:,1747647651286
counter/6/0/0/0,555:1747647650721:,1747647651286
counter/6/0/0/0,556:1747647650721:,1747647651286
counter/3/0/0/0,683:1747647650610:,1747647651286
counter/3/0/0/0,684:1747647650610:,1747647651286
counter/3/0/0/0,685:1747647650610:,1747647651286
counter/3/0/0/0,686:1747647650610:,1747647651286
counter/8/0/0/0,748:1747647650544:,1747647651286
counter/8/0/0/0,749:1747647650544:,1747647651286
counter/8/0/0/0,750:1747647650544:,1747647651286
counter/8/0/0/0,751:1747647650545:,1747647651286
counter/8/0/0/0,752:1747647650546:,1747647651286
counter/8/0/0/0,753:1747647650546:,1747647651286
counter/8/0/0/0,754:1747647650546:,1747647651286
counter/6/0/0/0,557:1747647650721:,1747647651286
counter/8/0/0/0,755:1747647650546:,1747647651286
counter/8/0/0/0,756:1747647650546:,1747647651286
counter/5/0/0/0,546:1747647650588:,1747647651286
counter/3/0/0/0,687:1747647650611:,1747647651287
counter/5/0/0/0,547:1747647650588:,1747647651287
counter/5/0/0/0,548:1747647650589:,1747647651287
counter/5/0/0/0,549:1747647650589:,1747647651287
counter/5/0/0/0,550:1747647650592:,1747647651287
counter/5/0/0/0,551:1747647650592:,1747647651287
counter/5/0/0/0,552:1747647650592:,1747647651287
counter/2/0/0/0,667:1747647650665:,1747647651287
counter/2/0/0/0,668:1747647650666:,1747647651287
counter/2/0/0/0,669:1747647650666:,1747647651287
counter/2/0/0/0,670:1747647650666:,1747647651287
counter/2/0/0/0,671:1747647650666:,1747647651287
counter/2/0/0/0,672:1747647650666:,1747647651287
counter/2/0/0/0,673:1747647650666:,1747647651287
counter/3/0/0/0,688:1747647650611:,1747647651287
counter/8/0/0/0,757:1747647650546:,1747647651289
counter/8/0/0/0,758:1747647650546:,1747647651289
counter/8/0/0/0,759:1747647650546:,1747647651289
counter/8/0/0/0,760:1747647650546:,1747647651289
counter/8/0/0/0,761:1747647650546:,1747647651289
counter/8/0/0/0,762:1747647650546:,1747647651289
counter/8/0/0/0,763:1747647650546:,1747647651289
counter/8/0/0/0,764:1747647650546:,1747647651289
counter/8/0/0/0,765:1747647650546:,1747647651289
counter/8/0/0/0,766:1747647650546:,1747647651289
counter/8/0/0/0,767:1747647650546:,1747647651289
counter/8/0/0/0,768:1747647650546:,1747647651289
counter/8/0/0/0,769:1747647650547:,1747647651289
counter/8/0/0/0,770:1747647650547:,1747647651289
counter/8/0/0/0,771:1747647650547:,1747647651289
counter/8/0/0/0,772:1747647650547:,1747647651289
counter/8/0/0/0,773:1747647650547:,1747647651289
counter/7/0/0/0,535:1747647650731:,1747647651289
counter/2/0/0/0,674:1747647650666:,1747647651289
counter/6/0/0/0,558:1747647650721:,1747647651289
counter/9/0/0/0,710:1747647650758:,1747647651289
counter/7/0/0/0,536:1747647650732:,1747647651290
counter/9/0/0/0,711:1747647650758:,1747647651290
counter/9/0/0/0,712:1747647650770:,1747647651290
counter/10/0/0/0,567:1747647650694:,1747647651290
counter/10/0/0/0,568:1747647650694:,1747647651290
counter/10/0/0/0,569:1747647650697:,1747647651290
counter/4/0/0/0,649:1747647650830:,1747647651291
counter/10/0/0/0,570:1747647650698:,1747647651291
counter/10/0/0/0,571:1747647650698:,1747647651291
counter/10/0/0/0,572:1747647650698:,1747647651291
counter/10/0/0/0,573:1747647650698:,1747647651291
counter/10/0/0/0,574:1747647650698:,1747647651291
counter/8/0/0/0,774:1747647650547:,1747647651291
counter/8/0/0/0,775:1747647650548:,1747647651291
counter/8/0/0/0,776:1747647650548:,1747647651291
counter/8/0/0/0,777:1747647650548:,1747647651291
counter/9/0/0/0,713:1747647650770:,1747647651291
counter/6/0/0/0,559:1747647650721:,1747647651292
counter/6/0/0/0,560:1747647650721:,1747647651292
counter/6/0/0/0,561:1747647650721:,1747647651292
counter/6/0/0/0,562:1747647650721:,1747647651292
counter/6/0/0/0,563:1747647650721:,1747647651292
counter/6/0/0/0,564:1747647650721:,1747647651292
counter/9/0/0/0,714:1747647650770:,1747647651294
counter/5/0/0/0,553:1747647650592:,1747647651294
counter/8/0/0/0,778:1747647650548:,1747647651294
counter/8/0/0/0,779:1747647650548:,1747647651294
counter/8/0/0/0,780:1747647650548:,1747647651294
counter/8/0/0/0,781:1747647650548:,1747647651294
counter/8/0/0/0,782:1747647650549:,1747647651294
counter/8/0/0/0,783:1747647650549:,1747647651294
counter/8/0/0/0,784:1747647650549:,1747647651295
counter/8/0/0/0,785:1747647650549:,1747647651295
counter/8/0/0/0,786:1747647650552:,1747647651295
counter/8/0/0/0,787:1747647650552:,1747647651295
counter/8/0/0/0,788:1747647650552:,1747647651295
counter/8/0/0/0,789:1747647650552:,1747647651295
counter/8/0/0/0,790:1747647650552:,1747647651295
counter/8/0/0/0,791:1747647650552:,1747647651295
counter/8/0/0/0,792:1747647650552:,1747647651296
counter/10/0/0/0,575:1747647650698:,1747647651299
counter/10/0/0/0,576:1747647650704:,1747647651299
counter/10/0/0/0,577:1747647650715:,1747647651300
counter/10/0/0/0,578:1747647650716:,1747647651300
counter/4/0/0/0,650:1747647650830:,1747647651300
counter/10/0/0/0,579:1747647650716:,1747647651300
counter/10/0/0/0,580:1747647650742:,1747647651300
counter/1/0/0/0,623:1747647650830:,1747647651300
counter/1/0/0/0,624:1747647650832:,1747647651300
counter/1/0/0/0,625:1747647650832:,1747647651300
counter/1/0/0/0,626:1747647650832:,1747647651300
counter/1/0/0/0,627:1747647650832:,1747647651300
counter/4/0/0/0,651:1747647650833:,1747647651302
counter/4/0/0/0,652:1747647650833:,1747647651302
counter/4/0/0/0,653:1747647650833:,1747647651302
counter/6/0/0/0,565:1747647650721:,1747647651302
counter/4/0/0/0,654:1747647650833:,1747647651302
counter/1/0/0/0,628:1747647650832:,1747647651302
counter/4/0/0/0,655:1747647650834:,1747647651302
counter/4/0/0/0,656:1747647650834:,1747647651302
counter/4/0/0/0,657:1747647650834:,1747647651303
counter/4/0/0/0,658:1747647650834:,1747647651303
counter/8/0/0/0,793:1747647650553:,1747647651303
counter/8/0/0/0,794:1747647650553:,1747647651303
counter/8/0/0/0,795:1747647650553:,1747647651303
counter/8/0/0/0,796:1747647650553:,1747647651303
counter/8/0/0/0,797:1747647650553:,1747647651303
counter/8/0/0/0,798:1747647650553:,1747647651303
counter/4/0/0/0,659:1747647650834:,1747647651303
counter/10/0/0/0,581:1747647650742:,1747647651303
counter/10/0/0/0,582:1747647650742:,1747647651304
counter/10/0/0/0,583:1747647650742:,1747647651304
counter/10/0/0/0,584:1747647650742:,1747647651304
counter/10/0/0/0,585:1747647650742:,1747647651304
counter/10/0/0/0,586:1747647650742:,1747647651304
counter/10/0/0/0,587:1747647650742:,1747647651304
counter/10/0/0/0,588:1747647650743:,1747647651304
counter/10/0/0/0,589:1747647650748:,1747647651304
counter/10/0/0/0,590:1747647650748:,1747647651304
counter/10/0/0/0,591:1747647650749:,1747647651304
counter/10/0/0/0,592:1747647650749:,1747647651304
counter/10/0/0/0,593:1747647650749:,1747647651305
counter/10/0/0/0,594:1747647650749:,1747647651305
counter/10/0/0/0,595:1747647650749:,1747647651305
counter/10/0/0/0,596:1747647650749:,1747647651305
counter/10/0/0/0,597:1747647650749:,1747647651305
counter/10/0/0/0,598:1747647650749:,1747647651305
counter/7/0/0/0,537:1747647650732:,1747647651305
counter/5/0/0/0,554:1747647650592:,1747647651305
counter/3/0/0/0,689:1747647650611:,1747647651305
counter/6/0/0/0,566:1747647650721:,1747647651308
counter/6/0/0/0,567:1747647650721:,1747647651308
counter/6/0/0/0,568:1747647650721:,1747647651308
counter/1/0/0/0,629:1747647650832:,1747647651308
counter/6/0/0/0,569:1747647650721:,1747647651308
counter/6/0/0/0,570:1747647650721:,1747647651308
counter/1/0/0/0,630:1747647650835:,1747647651308
counter/7/0/0/0,538:1747647650732:,1747647651308
counter/10/0/0/0,599:1747647650749:,1747647651309
counter/3/0/0/0,690:1747647650611:,1747647651309
counter/3/0/0/0,691:1747647650611:,1747647651309
counter/3/0/0/0,692:1747647650611:,1747647651309
counter/3/0/0/0,693:1747647650611:,1747647651309
counter/3/0/0/0,694:1747647650611:,1747647651309
counter/6/0/0/0,571:1747647650721:,1747647651309
counter/5/0/0/0,555:1747647650592:,1747647651309
counter/5/0/0/0,556:1747647650592:,1747647651309
counter/5/0/0/0,557:1747647650592:,1747647651309
counter/5/0/0/0,558:1747647650592:,1747647651309
counter/4/0/0/0,660:1747647650834:,1747647651309
counter/6/0/0/0,572:1747647650721:,1747647651310
counter/5/0/0/0,559:1747647650592:,1747647651310
counter/6/0/0/0,573:1747647650721:,1747647651310
counter/6/0/0/0,574:1747647650721:,1747647651310
counter/6/0/0/0,575:1747647650722:,1747647651310
counter/6/0/0/0,576:1747647650722:,1747647651310
counter/6/0/0/0,577:1747647650734:,1747647651310
counter/6/0/0/0,578:1747647650734:,1747647651311
counter/6/0/0/0,579:1747647650734:,1747647651311
counter/6/0/0/0,580:1747647650735:,1747647651311
counter/3/0/0/0,695:1747647650611:,1747647651311
counter/10/0/0/0,600:1747647650749:,1747647651311
counter/4/0/0/0,661:1747647650834:,1747647651312
counter/8/0/0/0,799:1747647650553:,1747647651312
counter/9/0/0/0,715:1747647650779:,1747647651312
counter/5/0/0/0,560:1747647650592:,1747647651312
counter/5/0/0/0,561:1747647650592:,1747647651312
counter/7/0/0/0,539:1747647650732:,1747647651312
counter/10/0/0/0,601:1747647650749:,1747647651313
counter/8/0/0/0,800:1747647650553:,1747647651313
counter/8/0/0/0,801:1747647650559:,1747647651313
counter/9/0/0/0,716:1747647650779:,1747647651314
counter/9/0/0/0,717:1747647650779:,1747647651314
counter/9/0/0/0,718:1747647650780:,1747647651314
counter/9/0/0/0,719:1747647650780:,1747647651314
counter/9/0/0/0,720:1747647650780:,1747647651314
counter/9/0/0/0,721:1747647650780:,1747647651314
counter/9/0/0/0,722:1747647650780:,1747647651314
counter/3/0/0/0,696:1747647650611:,1747647651314
counter/3/0/0/0,697:1747647650611:,1747647651314
counter/7/0/0/0,540:1747647650732:,1747647651314
counter/7/0/0/0,541:1747647650732:,1747647651314
counter/7/0/0/0,542:1747647650732:,1747647651314
counter/7/0/0/0,543:1747647650732:,1747647651314
counter/2/0/0/0,675:1747647650666:,1747647651314
counter/7/0/0/0,544:1747647650736:,1747647651314
counter/5/0/0/0,562:1747647650594:,1747647651314
counter/4/0/0/0,662:1747647650834:,1747647651314
counter/3/0/0/0,698:1747647650611:,1747647651314
counter/10/0/0/0,602:1747647650749:,1747647651315
counter/8/0/0/0,802:1747647650559:,1747647651315
counter/8/0/0/0,803:1747647650559:,1747647651315
counter/8/0/0/0,804:1747647650559:,1747647651315
counter/8/0/0/0,805:1747647650559:,1747647651315
counter/8/0/0/0,806:1747647650560:,1747647651315
counter/6/0/0/0,581:1747647650735:,1747647651315
counter/6/0/0/0,582:1747647650735:,1747647651315
counter/6/0/0/0,583:1747647650735:,1747647651315
counter/4/0/0/0,663:1747647650834:,1747647651315
counter/2/0/0/0,676:1747647650666:,1747647651316
counter/2/0/0/0,677:1747647650666:,1747647651316
counter/2/0/0/0,678:1747647650666:,1747647651316
counter/2/0/0/0,679:1747647650666:,1747647651316
counter/7/0/0/0,545:1747647650736:,1747647651316
counter/7/0/0/0,546:1747647650736:,1747647651316
counter/5/0/0/0,563:1747647650596:,1747647651316
counter/8/0/0/0,807:1747647650560:,1747647651317
counter/8/0/0/0,808:1747647650560:,1747647651317
counter/8/0/0/0,809:1747647650560:,1747647651317
counter/8/0/0/0,810:1747647650560:,1747647651317
counter/6/0/0/0,584:1747647650735:,1747647651317
counter/2/0/0/0,680:1747647650666:,1747647651317
counter/7/0/0/0,547:1747647650736:,1747647651317
counter/3/0/0/0,699:1747647650611:,1747647651317
counter/3/0/0/0,700:1747647650611:,1747647651317
counter/3/0/0/0,701:1747647650611:,1747647651317
counter/9/0/0/0,723:1747647650780:,1747647651318
counter/7/0/0/0,548:1747647650736:,1747647651318
counter/7/0/0/0,549:1747647650736:,1747647651318
counter/3/0/0/0,702:1747647650611:,1747647651318
counter/7/0/0/0,550:1747647650736:,1747647651320
counter/3/0/0/0,703:1747647650611:,1747647651320
counter/3/0/0/0,704:1747647650611:,1747647651320
counter/3/0/0/0,705:1747647650611:,1747647651320
counter/3/0/0/0,706:1747647650611:,1747647651320
counter/3/0/0/0,707:1747647650611:,1747647651320
counter/3/0/0/0,708:1747647650612:,1747647651320
counter/3/0/0/0,709:1747647650612:,1747647651320
counter/3/0/0/0,710:1747647650613:,1747647651320
counter/3/0/0/0,711:1747647650613:,1747647651320
counter/3/0/0/0,712:1747647650613:,1747647651320
counter/3/0/0/0,713:1747647650613:,1747647651320
counter/3/0/0/0,714:1747647650613:,1747647651320
counter/3/0/0/0,715:1747647650613:,1747647651320
counter/3/0/0/0,716:1747647650613:,1747647651320
counter/3/0/0/0,717:1747647650613:,1747647651320
counter/3/0/0/0,718:1747647650613:,1747647651320
counter/3/0/0/0,719:1747647650613:,1747647651320
counter/9/0/0/0,724:1747647650780:,1747647651320
counter/5/0/0/0,564:1747647650596:,1747647651320
counter/9/0/0/0,725:1747647650780:,1747647651320
counter/7/0/0/0,551:1747647650737:,1747647651321
counter/1/0/0/0,631:1747647650851:,1747647651321
counter/1/0/0/0,632:1747647650851:,1747647651321
counter/1/0/0/0,633:1747647650851:,1747647651321
counter/1/0/0/0,634:1747647650851:,1747647651321
counter/1/0/0/0,635:1747647650851:,1747647651321
counter/1/0/0/0,636:1747647650851:,1747647651321
counter/1/0/0/0,637:1747647650851:,1747647651321
counter/1/0/0/0,638:1747647650851:,1747647651321
counter/1/0/0/0,639:1747647650851:,1747647651321
counter/1/0/0/0,640:1747647650851:,1747647651321
counter/1/0/0/0,641:1747647650851:,1747647651321
counter/1/0/0/0,642:1747647650851:,1747647651321
counter/7/0/0/0,552:1747647650737:,1747647651321
counter/9/0/0/0,726:1747647650783:,1747647651323
counter/9/0/0/0,727:1747647650796:,1747647651323
counter/8/0/0/0,811:1747647650560:,1747647651323
counter/9/0/0/0,728:1747647650796:,1747647651323
counter/7/0/0/0,553:1747647650737:,1747647651323
counter/7/0/0/0,554:1747647650737:,1747647651323
counter/7/0/0/0,555:1747647650737:,1747647651323
counter/10/0/0/0,603:1747647650749:,1747647651324
counter/9/0/0/0,729:1747647650796:,1747647651325
counter/8/0/0/0,812:1747647650560:,1747647651325
counter/4/0/0/0,664:1747647650834:,1747647651325
counter/6/0/0/0,585:1747647650735:,1747647651325
counter/6/0/0/0,586:1747647650735:,1747647651325
counter/6/0/0/0,587:1747647650735:,1747647651325
counter/5/0/0/0,565:1747647650596:,1747647651325
counter/10/0/0/0,604:1747647650749:,1747647651329
counter/9/0/0/0,730:1747647650796:,1747647651329
counter/9/0/0/0,731:1747647650796:,1747647651329
counter/9/0/0/0,732:1747647650796:,1747647651329
counter/8/0/0/0,813:1747647650563:,1747647651329
counter/6/0/0/0,588:1747647650735:,1747647651329
counter/8/0/0/0,814:1747647650563:,1747647651329
counter/6/0/0/0,589:1747647650735:,1747647651329
counter/8/0/0/0,815:1747647650563:,1747647651329
counter/8/0/0/0,816:1747647650569:,1747647651329
counter/7/0/0/0,556:1747647650737:,1747647651331
counter/4/0/0/0,665:1747647650834:,1747647651331
counter/6/0/0/0,590:1747647650735:,1747647651331
counter/9/0/0/0,733:1747647650796:,1747647651331
counter/9/0/0/0,734:1747647650796:,1747647651331
counter/9/0/0/0,735:1747647650796:,1747647651331
counter/9/0/0/0,736:1747647650796:,1747647651331
counter/9/0/0/0,737:1747647650796:,1747647651332
counter/9/0/0/0,738:1747647650796:,1747647651332
counter/9/0/0/0,739:1747647650796:,1747647651332
counter/9/0/0/0,740:1747647650799:,1747647651332
counter/9/0/0/0,741:1747647650799:,1747647651332
counter/3/0/0/0,720:1747647650613:,1747647651332
counter/1/0/0/0,643:1747647650864:,1747647651332
counter/10/0/0/0,605:1747647650749:,1747647651332
counter/1/0/0/0,644:1747647650871:,1747647651332
counter/3/0/0/0,721:1747647650613:,1747647651333
counter/3/0/0/0,722:1747647650613:,1747647651335
counter/8/0/0/0,817:1747647650569:,1747647651335
counter/8/0/0/0,818:1747647650569:,1747647651335
counter/8/0/0/0,819:1747647650569:,1747647651335
counter/8/0/0/0,820:1747647650569:,1747647651335
counter/8/0/0/0,821:1747647650569:,1747647651335
counter/8/0/0/0,822:1747647650570:,1747647651335
counter/8/0/0/0,823:1747647650570:,1747647651336
counter/8/0/0/0,824:1747647650570:,1747647651336
counter/8/0/0/0,825:1747647650570:,1747647651336
counter/8/0/0/0,826:1747647650570:,1747647651336
counter/8/0/0/0,827:1747647650570:,1747647651336
counter/8/0/0/0,828:1747647650570:,1747647651336
counter/6/0/0/0,591:1747647650735:,1747647651336
counter/7/0/0/0,557:1747647650737:,1747647651336
counter/7/0/0/0,558:1747647650737:,1747647651337
counter/6/0/0/0,592:1747647650735:,1747647651337
counter/2/0/0/0,681:1747647650670:,1747647651337
counter/6/0/0/0,593:1747647650737:,1747647651338
counter/6/0/0/0,594:1747647650737:,1747647651338
counter/6/0/0/0,595:1747647650737:,1747647651338
counter/6/0/0/0,596:1747647650737:,1747647651338
counter/6/0/0/0,597:1747647650737:,1747647651338
counter/6/0/0/0,598:1747647650737:,1747647651338
counter/6/0/0/0,599:1747647650737:,1747647651338
counter/6/0/0/0,600:1747647650737:,1747647651338
counter/6/0/0/0,601:1747647650739:,1747647651338
counter/6/0/0/0,602:1747647650739:,1747647651338
counter/6/0/0/0,603:1747647650739:,1747647651338
counter/6/0/0/0,604:1747647650739:,1747647651338
counter/6/0/0/0,605:1747647650739:,1747647651338
counter/6/0/0/0,606:1747647650739:,1747647651338
counter/6/0/0/0,607:1747647650739:,1747647651338
counter/10/0/0/0,606:1747647650749:,1747647651338
counter/6/0/0/0,608:1747647650739:,1747647651338
counter/6/0/0/0,609:1747647650739:,1747647651338
counter/6/0/0/0,610:1747647650739:,1747647651338
counter/6/0/0/0,611:1747647650739:,1747647651338
counter/6/0/0/0,612:1747647650739:,1747647651339
counter/6/0/0/0,613:1747647650739:,1747647651339
counter/9/0/0/0,742:1747647650799:,1747647651339
counter/6/0/0/0,614:1747647650739:,1747647651339
counter/10/0/0/0,607:1747647650767:,1747647651339
counter/10/0/0/0,608:1747647650767:,1747647651339
counter/9/0/0/0,743:1747647650799:,1747647651339
counter/1/0/0/0,645:1747647650875:,1747647651339
counter/3/0/0/0,723:1747647650613:,1747647651339
counter/3/0/0/0,724:1747647650614:,1747647651340
counter/3/0/0/0,725:1747647650614:,1747647651340
counter/4/0/0/0,666:1747647650834:,1747647651340
counter/6/0/0/0,615:1747647650739:,1747647651340
counter/6/0/0/0,616:1747647650739:,1747647651340
counter/6/0/0/0,617:1747647650739:,1747647651340
counter/4/0/0/0,667:1747647650834:,1747647651340
counter/4/0/0/0,668:1747647650834:,1747647651340
counter/4/0/0/0,669:1747647650835:,1747647651340
counter/1/0/0/0,646:1747647650876:,1747647651341
counter/1/0/0/0,647:1747647650876:,1747647651341
counter/5/0/0/0,566:1747647650596:,1747647651342
counter/5/0/0/0,567:1747647650596:,1747647651342
counter/7/0/0/0,559:1747647650737:,1747647651342
counter/5/0/0/0,568:1747647650596:,1747647651347
counter/4/0/0/0,670:1747647650842:,1747647651347
counter/9/0/0/0,744:1747647650799:,1747647651347
counter/4/0/0/0,671:1747647650842:,1747647651347
counter/4/0/0/0,672:1747647650842:,1747647651347
counter/4/0/0/0,673:1747647650842:,1747647651347
counter/6/0/0/0,618:1747647650739:,1747647651347
counter/4/0/0/0,674:1747647650842:,1747647651348
counter/8/0/0/0,829:1747647650571:,1747647651348
counter/4/0/0/0,675:1747647650842:,1747647651348
counter/4/0/0/0,676:1747647650842:,1747647651348
counter/10/0/0/0,609:1747647650767:,1747647651349
counter/7/0/0/0,560:1747647650737:,1747647651350
counter/3/0/0/0,726:1747647650614:,1747647651350
counter/1/0/0/0,648:1747647650876:,1747647651351
counter/5/0/0/0,569:1747647650597:,1747647651351
counter/1/0/0/0,649:1747647650876:,1747647651351
counter/10/0/0/0,610:1747647650780:,1747647651351
counter/8/0/0/0,830:1747647650571:,1747647651352
counter/8/0/0/0,831:1747647650575:,1747647651352
counter/8/0/0/0,832:1747647650575:,1747647651352
counter/8/0/0/0,833:1747647650575:,1747647651352
counter/8/0/0/0,834:1747647650575:,1747647651352
counter/8/0/0/0,835:1747647650590:,1747647651352
counter/8/0/0/0,836:1747647650592:,1747647651352
counter/8/0/0/0,837:1747647650592:,1747647651352
counter/8/0/0/0,838:1747647650592:,1747647651352
counter/5/0/0/0,570:1747647650597:,1747647651352
counter/3/0/0/0,727:1747647650614:,1747647651352
counter/9/0/0/0,745:1747647650799:,1747647651352
counter/3/0/0/0,728:1747647650614:,1747647651352
counter/7/0/0/0,561:1747647650737:,1747647651353
counter/8/0/0/0,839:1747647650592:,1747647651353
counter/1/0/0/0,650:1747647650876:,1747647651353
counter/1/0/0/0,651:1747647650876:,1747647651353
counter/1/0/0/0,652:1747647650876:,1747647651353
counter/4/0/0/0,677:1747647650842:,1747647651354
counter/3/0/0/0,729:1747647650614:,1747647651354
counter/3/0/0/0,730:1747647650614:,1747647651354
counter/3/0/0/0,731:1747647650614:,1747647651354
counter/3/0/0/0,732:1747647650614:,1747647651354
counter/8/0/0/0,840:1747647650592:,1747647651356
counter/8/0/0/0,841:1747647650593:,1747647651356
counter/8/0/0/0,842:1747647650593:,1747647651356
counter/8/0/0/0,843:1747647650593:,1747647651356
counter/8/0/0/0,844:1747647650593:,1747647651356
counter/8/0/0/0,845:1747647650593:,1747647651356
counter/8/0/0/0,846:1747647650593:,1747647651356
counter/8/0/0/0,847:1747647650593:,1747647651356
counter/2/0/0/0,682:1747647650670:,1747647651356
counter/3/0/0/0,733:1747647650614:,1747647651356
counter/3/0/0/0,734:1747647650614:,1747647651356
counter/3/0/0/0,735:1747647650614:,1747647651356
counter/3/0/0/0,736:1747647650614:,1747647651356
counter/7/0/0/0,562:1747647650738:,1747647651356
counter/4/0/0/0,678:1747647650842:,1747647651357
counter/1/0/0/0,653:1747647650876:,1747647651357
counter/1/0/0/0,654:1747647650877:,1747647651357
counter/8/0/0/0,848:1747647650594:,1747647651357
counter/1/0/0/0,655:1747647650877:,1747647651357
counter/7/0/0/0,563:1747647650738:,1747647651357
counter/10/0/0/0,611:1747647650780:,1747647651359
counter/10/0/0/0,612:1747647650780:,1747647651359
counter/10/0/0/0,613:1747647650780:,1747647651359
counter/10/0/0/0,614:1747647650780:,1747647651359
counter/10/0/0/0,615:1747647650780:,1747647651359
counter/10/0/0/0,616:1747647650780:,1747647651359
counter/10/0/0/0,617:1747647650780:,1747647651359
counter/10/0/0/0,618:1747647650780:,1747647651359
counter/10/0/0/0,619:1747647650797:,1747647651359
counter/10/0/0/0,620:1747647650797:,1747647651359
counter/10/0/0/0,621:1747647650797:,1747647651359
counter/10/0/0/0,622:1747647650797:,1747647651359
counter/1/0/0/0,656:1747647650877:,1747647651361
counter/7/0/0/0,564:1747647650738:,1747647651361
counter/3/0/0/0,737:1747647650614:,1747647651361
counter/7/0/0/0,565:1747647650738:,1747647651361
counter/7/0/0/0,566:1747647650738:,1747647651361
counter/7/0/0/0,567:1747647650738:,1747647651361
counter/9/0/0/0,746:1747647650799:,1747647651361
counter/2/0/0/0,683:1747647650670:,1747647651361
counter/4/0/0/0,679:1747647650842:,1747647651362
counter/3/0/0/0,738:1747647650617:,1747647651362
counter/2/0/0/0,684:1747647650671:,1747647651362
counter/10/0/0/0,623:1747647650797:,1747647651362
counter/5/0/0/0,571:1747647650597:,1747647651364
counter/3/0/0/0,739:1747647650618:,1747647651365
counter/3/0/0/0,740:1747647650618:,1747647651365
counter/3/0/0/0,741:1747647650618:,1747647651365
counter/3/0/0/0,742:1747647650618:,1747647651365
counter/3/0/0/0,743:1747647650618:,1747647651365
counter/3/0/0/0,744:1747647650618:,1747647651365
counter/3/0/0/0,745:1747647650618:,1747647651365
counter/10/0/0/0,624:1747647650797:,1747647651365
counter/10/0/0/0,625:1747647650797:,1747647651365
counter/1/0/0/0,657:1747647650877:,1747647651366
counter/5/0/0/0,572:1747647650598:,1747647651366
counter/3/0/0/0,746:1747647650618:,1747647651367
counter/4/0/0/0,680:1747647650842:,1747647651367
counter/1/0/0/0,658:1747647650880:,1747647651367
counter/4/0/0/0,681:1747647650842:,1747647651367
counter/10/0/0/0,626:1747647650797:,1747647651368
counter/1/0/0/0,659:1747647650880:,1747647651369
counter/6/0/0/0,619:1747647650739:,1747647651369
counter/6/0/0/0,620:1747647650740:,1747647651369
counter/6/0/0/0,621:1747647650740:,1747647651369
counter/6/0/0/0,622:1747647650740:,1747647651369
counter/8/0/0/0,849:1747647650594:,1747647651369
counter/2/0/0/0,685:1747647650675:,1747647651369
counter/5/0/0/0,573:1747647650599:,1747647651370
counter/10/0/0/0,627:1747647650797:,1747647651370
counter/5/0/0/0,574:1747647650599:,1747647651370
counter/10/0/0/0,628:1747647650797:,1747647651370
counter/9/0/0/0,747:1747647650799:,1747647651370
counter/6/0/0/0,623:1747647650740:,1747647651370
counter/8/0/0/0,850:1747647650599:,1747647651370
counter/5/0/0/0,575:1747647650599:,1747647651371
counter/5/0/0/0,576:1747647650599:,1747647651371
counter/5/0/0/0,577:1747647650599:,1747647651371
counter/5/0/0/0,578:1747647650599:,1747647651371
counter/5/0/0/0,579:1747647650599:,1747647651371
counter/5/0/0/0,580:1747647650599:,1747647651371
counter/5/0/0/0,581:1747647650599:,1747647651371
counter/5/0/0/0,582:1747647650599:,1747647651371
counter/5/0/0/0,583:1747647650599:,1747647651371
counter/6/0/0/0,624:1747647650740:,1747647651371
counter/3/0/0/0,747:1747647650618:,1747647651371
counter/4/0/0/0,682:1747647650842:,1747647651372
counter/8/0/0/0,851:1747647650599:,1747647651373
counter/10/0/0/0,629:1747647650797:,1747647651373
counter/4/0/0/0,683:1747647650842:,1747647651373
counter/5/0/0/0,584:1747647650599:,1747647651373
counter/5/0/0/0,585:1747647650599:,1747647651373
counter/5/0/0/0,586:1747647650599:,1747647651373
counter/5/0/0/0,587:1747647650601:,1747647651373
counter/5/0/0/0,588:1747647650601:,1747647651373
counter/5/0/0/0,589:1747647650601:,1747647651373
counter/5/0/0/0,590:1747647650601:,1747647651373
counter/3/0/0/0,748:1747647650618:,1747647651374
counter/1/0/0/0,660:1747647650880:,1747647651374
counter/1/0/0/0,661:1747647650880:,1747647651374
counter/1/0/0/0,662:1747647650880:,1747647651374
counter/1/0/0/0,663:1747647650880:,1747647651374
counter/1/0/0/0,664:1747647650880:,1747647651374
counter/8/0/0/0,852:1747647650599:,1747647651374
counter/10/0/0/0,630:1747647650797:,1747647651374
counter/5/0/0/0,591:1747647650601:,1747647651375
counter/1/0/0/0,665:1747647650880:,1747647651376
counter/2/0/0/0,686:1747647650675:,1747647651376
counter/8/0/0/0,853:1747647650599:,1747647651376
counter/2/0/0/0,687:1747647650675:,1747647651376
counter/8/0/0/0,854:1747647650599:,1747647651376
counter/2/0/0/0,688:1747647650675:,1747647651376
counter/2/0/0/0,689:1747647650675:,1747647651376
counter/9/0/0/0,748:1747647650799:,1747647651376
counter/5/0/0/0,592:1747647650601:,1747647651378
counter/5/0/0/0,593:1747647650601:,1747647651378
counter/5/0/0/0,594:1747647650610:,1747647651378
counter/5/0/0/0,595:1747647650610:,1747647651378
counter/5/0/0/0,596:1747647650610:,1747647651378
counter/5/0/0/0,597:1747647650610:,1747647651378
counter/5/0/0/0,598:1747647650610:,1747647651378
counter/5/0/0/0,599:1747647650610:,1747647651378
counter/3/0/0/0,749:1747647650619:,1747647651379
counter/6/0/0/0,625:1747647650740:,1747647651380
counter/6/0/0/0,626:1747647650740:,1747647651380
counter/6/0/0/0,627:1747647650741:,1747647651380
counter/6/0/0/0,628:1747647650741:,1747647651380
counter/9/0/0/0,749:1747647650799:,1747647651380
counter/3/0/0/0,750:1747647650619:,1747647651381
counter/4/0/0/0,684:1747647650842:,1747647651382
counter/4/0/0/0,685:1747647650842:,1747647651382
counter/4/0/0/0,686:1747647650842:,1747647651382
counter/4/0/0/0,687:1747647650842:,1747647651382
counter/4/0/0/0,688:1747647650842:,1747647651382
counter/4/0/0/0,689:1747647650842:,1747647651382
counter/4/0/0/0,690:1747647650842:,1747647651382
counter/4/0/0/0,691:1747647650848:,1747647651382
counter/4/0/0/0,692:1747647650848:,1747647651382
counter/3/0/0/0,751:1747647650619:,1747647651382
counter/8/0/0/0,855:1747647650600:,1747647651382
counter/1/0/0/0,666:1747647650880:,1747647651382
counter/9/0/0/0,750:1747647650799:,1747647651384
counter/9/0/0/0,751:1747647650799:,1747647651384
counter/9/0/0/0,752:1747647650799:,1747647651384
counter/9/0/0/0,753:1747647650799:,1747647651384
counter/9/0/0/0,754:1747647650799:,1747647651384
counter/9/0/0/0,755:1747647650799:,1747647651384
counter/9/0/0/0,756:1747647650799:,1747647651384
counter/2/0/0/0,690:1747647650675:,1747647651385
counter/2/0/0/0,691:1747647650676:,1747647651385
counter/8/0/0/0,856:1747647650600:,1747647651385
counter/8/0/0/0,857:1747647650600:,1747647651385
counter/8/0/0/0,858:1747647650600:,1747647651385
counter/3/0/0/0,752:1747647650619:,1747647651385
counter/7/0/0/0,568:1747647650743:,1747647651385
counter/1/0/0/0,667:1747647650880:,1747647651385
counter/4/0/0/0,693:1747647650848:,1747647651387
counter/1/0/0/0,668:1747647650880:,1747647651387
counter/10/0/0/0,631:1747647650797:,1747647651387
counter/1/0/0/0,669:1747647650880:,1747647651387
counter/6/0/0/0,629:1747647650741:,1747647651388
counter/6/0/0/0,630:1747647650741:,1747647651388
counter/6/0/0/0,631:1747647650748:,1747647651388
counter/6/0/0/0,632:1747647650748:,1747647651388
counter/6/0/0/0,633:1747647650748:,1747647651388
counter/2/0/0/0,692:1747647650676:,1747647651388
counter/2/0/0/0,693:1747647650676:,1747647651388
counter/2/0/0/0,694:1747647650676:,1747647651388
counter/9/0/0/0,757:1747647650799:,1747647651388
counter/6/0/0/0,634:1747647650748:,1747647651389
counter/3/0/0/0,753:1747647650619:,1747647651389
counter/3/0/0/0,754:1747647650619:,1747647651389
counter/9/0/0/0,758:1747647650799:,1747647651389
counter/9/0/0/0,759:1747647650799:,1747647651389
counter/9/0/0/0,760:1747647650800:,1747647651390
counter/9/0/0/0,761:1747647650800:,1747647651390
counter/9/0/0/0,762:1747647650800:,1747647651390
counter/9/0/0/0,763:1747647650800:,1747647651390
counter/2/0/0/0,695:1747647650676:,1747647651390
counter/6/0/0/0,635:1747647650748:,1747647651390
counter/4/0/0/0,694:1747647650848:,1747647651390
counter/10/0/0/0,632:1747647650797:,1747647651390
counter/10/0/0/0,633:1747647650798:,1747647651390
counter/3/0/0/0,755:1747647650619:,1747647651390
counter/3/0/0/0,756:1747647650619:,1747647651390
counter/9/0/0/0,764:1747647650800:,1747647651391
counter/9/0/0/0,765:1747647650800:,1747647651391
counter/9/0/0/0,766:1747647650800:,1747647651391
counter/9/0/0/0,767:1747647650800:,1747647651391
counter/4/0/0/0,695:1747647650848:,1747647651392
counter/10/0/0/0,634:1747647650798:,1747647651392
counter/10/0/0/0,635:1747647650798:,1747647651392
counter/10/0/0/0,636:1747647650798:,1747647651392
counter/10/0/0/0,637:1747647650804:,1747647651392
counter/10/0/0/0,638:1747647650804:,1747647651392
counter/6/0/0/0,636:1747647650748:,1747647651392
counter/9/0/0/0,768:1747647650800:,1747647651393
counter/3/0/0/0,757:1747647650619:,1747647651393
counter/3/0/0/0,758:1747647650622:,1747647651393
counter/3/0/0/0,759:1747647650622:,1747647651393
counter/2/0/0/0,696:1747647650676:,1747647651393
counter/10/0/0/0,639:1747647650804:,1747647651393
counter/6/0/0/0,637:1747647650748:,1747647651393
counter/2/0/0/0,697:1747647650676:,1747647651394
counter/2/0/0/0,698:1747647650676:,1747647651394
counter/2/0/0/0,699:1747647650676:,1747647651394
counter/10/0/0/0,640:1747647650804:,1747647651395
counter/10/0/0/0,641:1747647650804:,1747647651395
counter/10/0/0/0,642:1747647650804:,1747647651395
counter/10/0/0/0,643:1747647650806:,1747647651395
counter/5/0/0/0,600:1747647650610:,1747647651396
counter/5/0/0/0,601:1747647650610:,1747647651396
counter/5/0/0/0,602:1747647650610:,1747647651396
counter/5/0/0/0,603:1747647650610:,1747647651396
counter/5/0/0/0,604:1747647650610:,1747647651396
counter/5/0/0/0,605:1747647650610:,1747647651396
counter/5/0/0/0,606:1747647650610:,1747647651396
counter/5/0/0/0,607:1747647650616:,1747647651396
counter/5/0/0/0,608:1747647650616:,1747647651396
counter/3/0/0/0,760:1747647650622:,1747647651397
counter/6/0/0/0,638:1747647650748:,1747647651400
counter/10/0/0/0,644:1747647650821:,1747647651402
counter/10/0/0/0,645:1747647650823:,1747647651402
counter/5/0/0/0,609:1747647650616:,1747647651403
counter/5/0/0/0,610:1747647650616:,1747647651403
counter/5/0/0/0,611:1747647650616:,1747647651403
counter/5/0/0/0,612:1747647650616:,1747647651404
counter/5/0/0/0,613:1747647650616:,1747647651404
counter/5/0/0/0,614:1747647650616:,1747647651404
counter/5/0/0/0,615:1747647650616:,1747647651404
counter/5/0/0/0,616:1747647650616:,1747647651404
counter/8/0/0/0,859:1747647650600:,1747647651404
counter/8/0/0/0,860:1747647650600:,1747647651404
counter/8/0/0/0,861:1747647650600:,1747647651404
counter/8/0/0/0,862:1747647650600:,1747647651404
counter/8/0/0/0,863:1747647650600:,1747647651404
counter/7/0/0/0,569:1747647650743:,1747647651405
counter/2/0/0/0,700:1747647650676:,1747647651405
counter/2/0/0/0,701:1747647650685:,1747647651405
counter/2/0/0/0,702:1747647650685:,1747647651405
counter/2/0/0/0,703:1747647650685:,1747647651405
counter/10/0/0/0,646:1747647650823:,1747647651405
counter/2/0/0/0,704:1747647650685:,1747647651405
counter/2/0/0/0,705:1747647650685:,1747647651405
counter/7/0/0/0,570:1747647650743:,1747647651405
counter/10/0/0/0,647:1747647650823:,1747647651407
counter/10/0/0/0,648:1747647650823:,1747647651407
counter/10/0/0/0,649:1747647650823:,1747647651408
counter/10/0/0/0,650:1747647650823:,1747647651408
counter/10/0/0/0,651:1747647650823:,1747647651408
counter/10/0/0/0,652:1747647650823:,1747647651408
counter/10/0/0/0,653:1747647650824:,1747647651408
counter/10/0/0/0,654:1747647650824:,1747647651408
counter/10/0/0/0,655:1747647650824:,1747647651409
counter/3/0/0/0,761:1747647650622:,1747647651409
counter/7/0/0/0,571:1747647650743:,1747647651409
counter/6/0/0/0,639:1747647650748:,1747647651410
counter/8/0/0/0,864:1747647650600:,1747647651411
counter/7/0/0/0,572:1747647650743:,1747647651411
counter/6/0/0/0,640:1747647650748:,1747647651413
counter/7/0/0/0,573:1747647650743:,1747647651413
counter/7/0/0/0,574:1747647650744:,1747647651413
counter/7/0/0/0,575:1747647650744:,1747647651413
counter/7/0/0/0,576:1747647650744:,1747647651413
counter/7/0/0/0,577:1747647650744:,1747647651413
counter/4/0/0/0,696:1747647650848:,1747647651413
counter/4/0/0/0,697:1747647650848:,1747647651413
counter/1/0/0/0,670:1747647650880:,1747647651413
counter/2/0/0/0,706:1747647650685:,1747647651413
counter/1/0/0/0,671:1747647650880:,1747647651413
counter/1/0/0/0,672:1747647650880:,1747647651413
counter/1/0/0/0,673:1747647650880:,1747647651413
counter/1/0/0/0,674:1747647650880:,1747647651413
counter/1/0/0/0,675:1747647650880:,1747647651413
counter/1/0/0/0,676:1747647650880:,1747647651414
counter/1/0/0/0,677:1747647650903:,1747647651414
counter/1/0/0/0,678:1747647650903:,1747647651414
counter/1/0/0/0,679:1747647650903:,1747647651414
counter/3/0/0/0,762:1747647650622:,1747647651414
counter/9/0/0/0,769:1747647650800:,1747647651414
counter/2/0/0/0,707:1747647650685:,1747647651414
counter/1/0/0/0,680:1747647650903:,1747647651414
counter/2/0/0/0,708:1747647650685:,1747647651414
counter/10/0/0/0,656:1747647650826:,1747647651415
counter/10/0/0/0,657:1747647650826:,1747647651415
counter/10/0/0/0,658:1747647650827:,1747647651415
counter/10/0/0/0,659:1747647650829:,1747647651415
counter/10/0/0/0,660:1747647650829:,1747647651415
counter/10/0/0/0,661:1747647650829:,1747647651415
counter/10/0/0/0,662:1747647650829:,1747647651416
counter/1/0/0/0,681:1747647650903:,1747647651416
counter/1/0/0/0,682:1747647650903:,1747647651416
counter/1/0/0/0,683:1747647650903:,1747647651416
counter/1/0/0/0,684:1747647650907:,1747647651416
counter/1/0/0/0,685:1747647650907:,1747647651416
counter/1/0/0/0,686:1747647650907:,1747647651416
counter/4/0/0/0,698:1747647650848:,1747647651416
counter/3/0/0/0,763:1747647650630:,1747647651417
counter/4/0/0/0,699:1747647650848:,1747647651418
counter/4/0/0/0,700:1747647650848:,1747647651418
counter/4/0/0/0,701:1747647650852:,1747647651418
counter/4/0/0/0,702:1747647650852:,1747647651418
counter/4/0/0/0,703:1747647650853:,1747647651418
counter/4/0/0/0,704:1747647650853:,1747647651418
counter/4/0/0/0,705:1747647650853:,1747647651418
counter/4/0/0/0,706:1747647650856:,1747647651418
counter/3/0/0/0,764:1747647650630:,1747647651418
counter/3/0/0/0,765:1747647650630:,1747647651418
counter/2/0/0/0,709:1747647650685:,1747647651420
counter/5/0/0/0,617:1747647650616:,1747647651422
counter/4/0/0/0,707:1747647650857:,1747647651422
counter/8/0/0/0,865:1747647650613:,1747647651423
counter/9/0/0/0,770:1747647650800:,1747647651423
counter/9/0/0/0,771:1747647650800:,1747647651423
counter/9/0/0/0,772:1747647650800:,1747647651423
counter/9/0/0/0,773:1747647650800:,1747647651423
counter/9/0/0/0,774:1747647650816:,1747647651423
counter/2/0/0/0,710:1747647650685:,1747647651424
counter/4/0/0/0,708:1747647650858:,1747647651424
counter/8/0/0/0,866:1747647650613:,1747647651424
counter/4/0/0/0,709:1747647650858:,1747647651424
counter/10/0/0/0,663:1747647650830:,1747647651424
counter/10/0/0/0,664:1747647650830:,1747647651424
counter/10/0/0/0,665:1747647650830:,1747647651424
counter/10/0/0/0,666:1747647650830:,1747647651424
counter/6/0/0/0,641:1747647650748:,1747647651425
counter/5/0/0/0,618:1747647650616:,1747647651425
counter/5/0/0/0,619:1747647650616:,1747647651425
counter/5/0/0/0,620:1747647650616:,1747647651425
counter/5/0/0/0,621:1747647650616:,1747647651425
counter/5/0/0/0,622:1747647650616:,1747647651425
counter/5/0/0/0,623:1747647650621:,1747647651425
counter/5/0/0/0,624:1747647650621:,1747647651425
counter/5/0/0/0,625:1747647650621:,1747647651425
counter/5/0/0/0,626:1747647650621:,1747647651425
counter/10/0/0/0,667:1747647650830:,1747647651425
counter/5/0/0/0,627:1747647650621:,1747647651425
counter/2/0/0/0,711:1747647650685:,1747647651426
counter/10/0/0/0,668:1747647650830:,1747647651426
counter/10/0/0/0,669:1747647650831:,1747647651426
counter/10/0/0/0,670:1747647650831:,1747647651426
counter/10/0/0/0,671:1747647650831:,1747647651426
counter/10/0/0/0,672:1747647650831:,1747647651426
counter/10/0/0/0,673:1747647650831:,1747647651426
counter/10/0/0/0,674:1747647650831:,1747647651426
counter/9/0/0/0,775:1747647650816:,1747647651426
counter/5/0/0/0,628:1747647650621:,1747647651426
counter/9/0/0/0,776:1747647650816:,1747647651427
counter/9/0/0/0,777:1747647650816:,1747647651427
counter/9/0/0/0,778:1747647650816:,1747647651427
counter/9/0/0/0,779:1747647650816:,1747647651427
counter/9/0/0/0,780:1747647650816:,1747647651427
counter/9/0/0/0,781:1747647650816:,1747647651427
counter/9/0/0/0,782:1747647650816:,1747647651427
counter/9/0/0/0,783:1747647650816:,1747647651427
counter/9/0/0/0,784:1747647650816:,1747647651427
counter/9/0/0/0,785:1747647650816:,1747647651427
counter/9/0/0/0,786:1747647650818:,1747647651427
counter/6/0/0/0,642:1747647650748:,1747647651428
counter/6/0/0/0,643:1747647650748:,1747647651428
counter/5/0/0/0,629:1747647650621:,1747647651428
counter/5/0/0/0,630:1747647650621:,1747647651429
counter/1/0/0/0,687:1747647650908:,1747647651430
counter/1/0/0/0,688:1747647650908:,1747647651430
counter/3/0/0/0,766:1747647650630:,1747647651430
counter/6/0/0/0,644:1747647650748:,1747647651430
counter/10/0/0/0,675:1747647650831:,1747647651430
counter/6/0/0/0,645:1747647650748:,1747647651431
counter/8/0/0/0,867:1747647650613:,1747647651431
counter/8/0/0/0,868:1747647650613:,1747647651431
counter/8/0/0/0,869:1747647650613:,1747647651431
counter/8/0/0/0,870:1747647650613:,1747647651431
counter/5/0/0/0,631:1747647650621:,1747647651431
counter/5/0/0/0,632:1747647650621:,1747647651431
counter/5/0/0/0,633:1747647650621:,1747647651431
counter/5/0/0/0,634:1747647650621:,1747647651431
counter/5/0/0/0,635:1747647650621:,1747647651431
counter/5/0/0/0,636:1747647650621:,1747647651431
counter/5/0/0/0,637:1747647650624:,1747647651431
counter/9/0/0/0,787:1747647650818:,1747647651431
counter/7/0/0/0,578:1747647650744:,1747647651431
counter/8/0/0/0,871:1747647650613:,1747647651431
counter/1/0/0/0,689:1747647650908:,1747647651433
counter/1/0/0/0,690:1747647650908:,1747647651433
counter/1/0/0/0,691:1747647650908:,1747647651433
counter/9/0/0/0,788:1747647650823:,1747647651433
counter/1/0/0/0,692:1747647650908:,1747647651433
counter/9/0/0/0,789:1747647650823:,1747647651433
counter/1/0/0/0,693:1747647650908:,1747647651433
counter/9/0/0/0,790:1747647650823:,1747647651433
counter/9/0/0/0,791:1747647650824:,1747647651433
counter/7/0/0/0,579:1747647650744:,1747647651433
counter/10/0/0/0,676:1747647650832:,1747647651433
counter/2/0/0/0,712:1747647650685:,1747647651433
counter/8/0/0/0,872:1747647650613:,1747647651434
counter/3/0/0/0,767:1747647650630:,1747647651434
counter/10/0/0/0,677:1747647650832:,1747647651434
counter/10/0/0/0,678:1747647650832:,1747647651434
counter/10/0/0/0,679:1747647650832:,1747647651434
counter/10/0/0/0,680:1747647650839:,1747647651434
counter/10/0/0/0,681:1747647650839:,1747647651435
counter/10/0/0/0,682:1747647650839:,1747647651435
counter/10/0/0/0,683:1747647650847:,1747647651435
counter/10/0/0/0,684:1747647650847:,1747647651435
counter/10/0/0/0,685:1747647650847:,1747647651435
counter/10/0/0/0,686:1747647650847:,1747647651435
counter/10/0/0/0,687:1747647650847:,1747647651435
counter/10/0/0/0,688:1747647650847:,1747647651435
counter/5/0/0/0,638:1747647650624:,1747647651435
counter/10/0/0/0,689:1747647650848:,1747647651436
counter/10/0/0/0,690:1747647650849:,1747647651436
counter/7/0/0/0,580:1747647650744:,1747647651436
counter/7/0/0/0,581:1747647650744:,1747647651436
counter/7/0/0/0,582:1747647650744:,1747647651436
counter/7/0/0/0,583:1747647650744:,1747647651436
counter/3/0/0/0,768:1747647650631:,1747647651437
counter/7/0/0/0,584:1747647650744:,1747647651437
counter/7/0/0/0,585:1747647650744:,1747647651437
counter/7/0/0/0,586:1747647650744:,1747647651437
counter/7/0/0/0,587:1747647650744:,1747647651439
counter/7/0/0/0,588:1747647650744:,1747647651439
counter/7/0/0/0,589:1747647650744:,1747647651439
counter/3/0/0/0,769:1747647650634:,1747647651439
counter/3/0/0/0,770:1747647650634:,1747647651440
counter/3/0/0/0,771:1747647650634:,1747647651440
counter/3/0/0/0,772:1747647650634:,1747647651440
counter/3/0/0/0,773:1747647650634:,1747647651440
counter/3/0/0/0,774:1747647650634:,1747647651440
counter/3/0/0/0,775:1747647650634:,1747647651440
counter/3/0/0/0,776:1747647650635:,1747647651440
counter/3/0/0/0,777:1747647650635:,1747647651440
counter/3/0/0/0,778:1747647650635:,1747647651440
counter/3/0/0/0,779:1747647650635:,1747647651440
counter/3/0/0/0,780:1747647650636:,1747647651440
counter/3/0/0/0,781:1747647650636:,1747647651440
counter/6/0/0/0,646:1747647650750:,1747647651440
counter/6/0/0/0,647:1747647650750:,1747647651441
counter/6/0/0/0,648:1747647650751:,1747647651441
counter/5/0/0/0,639:1747647650625:,1747647651441
counter/5/0/0/0,640:1747647650625:,1747647651442
counter/7/0/0/0,590:1747647650744:,1747647651444
counter/7/0/0/0,591:1747647650744:,1747647651444
counter/2/0/0/0,713:1747647650685:,1747647651444
counter/7/0/0/0,592:1747647650744:,1747647651444
counter/7/0/0/0,593:1747647650744:,1747647651444
counter/7/0/0/0,594:1747647650744:,1747647651444
counter/7/0/0/0,595:1747647650749:,1747647651444
counter/7/0/0/0,596:1747647650749:,1747647651444
counter/8/0/0/0,873:1747647650613:,1747647651444
counter/9/0/0/0,792:1747647650824:,1747647651444
counter/5/0/0/0,641:1747647650625:,1747647651444
counter/3/0/0/0,782:1747647650636:,1747647651446
counter/4/0/0/0,710:1747647650858:,1747647651446
counter/2/0/0/0,714:1747647650686:,1747647651446
counter/10/0/0/0,691:1747647650849:,1747647651447
counter/5/0/0/0,642:1747647650625:,1747647651447
counter/8/0/0/0,874:1747647650613:,1747647651447
counter/8/0/0/0,875:1747647650613:,1747647651447
counter/8/0/0/0,876:1747647650613:,1747647651447
counter/8/0/0/0,877:1747647650613:,1747647651447
counter/8/0/0/0,878:1747647650614:,1747647651447
counter/8/0/0/0,879:1747647650614:,1747647651447
counter/8/0/0/0,880:1747647650614:,1747647651447
counter/6/0/0/0,649:1747647650751:,1747647651448
counter/7/0/0/0,597:1747647650749:,1747647651448
counter/8/0/0/0,881:1747647650614:,1747647651449
counter/10/0/0/0,692:1747647650849:,1747647651450
counter/6/0/0/0,650:1747647650751:,1747647651450
counter/9/0/0/0,793:1747647650824:,1747647651450
counter/3/0/0/0,783:1747647650636:,1747647651451
counter/3/0/0/0,784:1747647650636:,1747647651451
counter/7/0/0/0,598:1747647650749:,1747647651451
counter/8/0/0/0,882:1747647650616:,1747647651451
counter/2/0/0/0,715:1747647650686:,1747647651451
counter/8/0/0/0,883:1747647650617:,1747647651451
counter/4/0/0/0,711:1747647650858:,1747647651451
counter/4/0/0/0,712:1747647650858:,1747647651451
counter/9/0/0/0,794:1747647650824:,1747647651451
counter/3/0/0/0,785:1747647650636:,1747647651451
counter/9/0/0/0,795:1747647650828:,1747647651452
counter/3/0/0/0,786:1747647650636:,1747647651452
counter/3/0/0/0,787:1747647650636:,1747647651452
counter/10/0/0/0,693:1747647650849:,1747647651453
counter/1/0/0/0,694:1747647650908:,1747647651453
counter/5/0/0/0,643:1747647650625:,1747647651453
counter/8/0/0/0,884:1747647650617:,1747647651454
counter/3/0/0/0,788:1747647650636:,1747647651455
counter/3/0/0/0,789:1747647650636:,1747647651455
counter/3/0/0/0,790:1747647650636:,1747647651455
counter/3/0/0/0,791:1747647650640:,1747647651455
counter/3/0/0/0,792:1747647650640:,1747647651455
counter/3/0/0/0,793:1747647650640:,1747647651455
counter/3/0/0/0,794:1747647650640:,1747647651455
counter/3/0/0/0,795:1747647650640:,1747647651455
counter/3/0/0/0,796:1747647650640:,1747647651456
counter/2/0/0/0,716:1747647650686:,1747647651456
counter/4/0/0/0,713:1747647650858:,1747647651456
counter/4/0/0/0,714:1747647650858:,1747647651456
counter/4/0/0/0,715:1747647650858:,1747647651457
counter/4/0/0/0,716:1747647650858:,1747647651457
counter/4/0/0/0,717:1747647650858:,1747647651457
counter/4/0/0/0,718:1747647650858:,1747647651457
counter/4/0/0/0,719:1747647650858:,1747647651457
counter/4/0/0/0,720:1747647650858:,1747647651457
counter/8/0/0/0,885:1747647650617:,1747647651457
counter/4/0/0/0,721:1747647650858:,1747647651460
counter/4/0/0/0,722:1747647650858:,1747647651460
counter/3/0/0/0,797:1747647650640:,1747647651460
counter/3/0/0/0,798:1747647650642:,1747647651460
counter/3/0/0/0,799:1747647650642:,1747647651460
counter/3/0/0/0,800:1747647650642:,1747647651461
counter/3/0/0/0,801:1747647650642:,1747647651461
counter/3/0/0/0,802:1747647650644:,1747647651461
counter/10/0/0/0,694:1747647650849:,1747647651461
counter/2/0/0/0,717:1747647650686:,1747647651461
counter/8/0/0/0,886:1747647650617:,1747647651461
counter/2/0/0/0,718:1747647650686:,1747647651461
counter/2/0/0/0,719:1747647650686:,1747647651461
counter/2/0/0/0,720:1747647650702:,1747647651461
counter/2/0/0/0,721:1747647650702:,1747647651461
counter/2/0/0/0,722:1747647650702:,1747647651461
counter/1/0/0/0,695:1747647650908:,1747647651461
counter/5/0/0/0,644:1747647650625:,1747647651462
counter/6/0/0/0,651:1747647650751:,1747647651462
counter/6/0/0/0,652:1747647650751:,1747647651462
counter/6/0/0/0,653:1747647650751:,1747647651462
counter/4/0/0/0,723:1747647650859:,1747647651463
counter/1/0/0/0,696:1747647650908:,1747647651464
counter/1/0/0/0,697:1747647650908:,1747647651464
counter/1/0/0/0,698:1747647650910:,1747647651464
counter/1/0/0/0,699:1747647650910:,1747647651465
counter/1/0/0/0,700:1747647650910:,1747647651465
counter/1/0/0/0,701:1747647650910:,1747647651465
counter/1/0/0/0,702:1747647650915:,1747647651465
counter/1/0/0/0,703:1747647650915:,1747647651465
counter/1/0/0/0,704:1747647650915:,1747647651465
counter/4/0/0/0,724:1747647650859:,1747647651465
counter/4/0/0/0,725:1747647650860:,1747647651465
counter/5/0/0/0,645:1747647650625:,1747647651465
counter/2/0/0/0,723:1747647650702:,1747647651469
counter/5/0/0/0,646:1747647650627:,1747647651470
counter/9/0/0/0,796:1747647650828:,1747647651471
counter/4/0/0/0,726:1747647650860:,1747647651474
counter/2/0/0/0,724:1747647650702:,1747647651474
counter/2/0/0/0,725:1747647650702:,1747647651474
counter/8/0/0/0,887:1747647650617:,1747647651474
counter/8/0/0/0,888:1747647650617:,1747647651475
counter/8/0/0/0,889:1747647650617:,1747647651475
counter/8/0/0/0,890:1747647650617:,1747647651475
counter/8/0/0/0,891:1747647650617:,1747647651475
counter/8/0/0/0,892:1747647650622:,1747647651475
counter/8/0/0/0,893:1747647650622:,1747647651475
counter/8/0/0/0,894:1747647650622:,1747647651475
counter/8/0/0/0,895:1747647650622:,1747647651475
counter/8/0/0/0,896:1747647650622:,1747647651475
counter/4/0/0/0,727:1747647650860:,1747647651475
counter/9/0/0/0,797:1747647650832:,1747647651476
counter/9/0/0/0,798:1747647650832:,1747647651476
counter/7/0/0/0,599:1747647650749:,1747647651476
counter/4/0/0/0,728:1747647650860:,1747647651478
counter/1/0/0/0,705:1747647650915:,1747647651478
counter/4/0/0/0,729:1747647650860:,1747647651480
counter/8/0/0/0,897:1747647650622:,1747647651481
counter/8/0/0/0,898:1747647650628:,1747647651481
counter/8/0/0/0,899:1747647650628:,1747647651481
counter/8/0/0/0,900:1747647650628:,1747647651481
counter/8/0/0/0,901:1747647650628:,1747647651481
counter/8/0/0/0,902:1747647650637:,1747647651481
counter/8/0/0/0,903:1747647650637:,1747647651481
counter/8/0/0/0,904:1747647650637:,1747647651481
counter/8/0/0/0,905:1747647650637:,1747647651481
counter/8/0/0/0,906:1747647650637:,1747647651481
counter/2/0/0/0,726:1747647650702:,1747647651481
counter/1/0/0/0,706:1747647650916:,1747647651482
counter/5/0/0/0,647:1747647650627:,1747647651482
counter/1/0/0/0,707:1747647650920:,1747647651483
counter/4/0/0/0,730:1747647650860:,1747647651484
counter/4/0/0/0,731:1747647650860:,1747647651484
counter/4/0/0/0,732:1747647650860:,1747647651484
counter/4/0/0/0,733:1747647650860:,1747647651484
counter/4/0/0/0,734:1747647650861:,1747647651484
counter/4/0/0/0,735:1747647650861:,1747647651484
counter/4/0/0/0,736:1747647650861:,1747647651484
counter/4/0/0/0,737:1747647650861:,1747647651484
counter/4/0/0/0,738:1747647650861:,1747647651484
counter/5/0/0/0,648:1747647650627:,1747647651487
counter/8/0/0/0,907:1747647650638:,1747647651487
counter/4/0/0/0,739:1747647650861:,1747647651488
counter/1/0/0/0,708:1747647650920:,1747647651488
counter/7/0/0/0,600:1747647650749:,1747647651488
counter/9/0/0/0,799:1747647650832:,1747647651489
counter/9/0/0/0,800:1747647650832:,1747647651489
counter/2/0/0/0,727:1747647650702:,1747647651489
counter/2/0/0/0,728:1747647650702:,1747647651489
counter/2/0/0/0,729:1747647650702:,1747647651489
counter/2/0/0/0,730:1747647650702:,1747647651489
counter/2/0/0/0,731:1747647650702:,1747647651489
counter/9/0/0/0,801:1747647650832:,1747647651490
counter/9/0/0/0,802:1747647650832:,1747647651490
counter/9/0/0/0,803:1747647650832:,1747647651490
counter/9/0/0/0,804:1747647650836:,1747647651490
counter/9/0/0/0,805:1747647650837:,1747647651490
counter/7/0/0/0,601:1747647650749:,1747647651494
counter/7/0/0/0,602:1747647650749:,1747647651494
counter/6/0/0/0,654:1747647650751:,1747647651494
counter/7/0/0/0,603:1747647650749:,1747647651494
counter/8/0/0/0,908:1747647650638:,1747647651494
counter/5/0/0/0,649:1747647650627:,1747647651494
counter/3/0/0/0,803:1747647650644:,1747647651495
counter/3/0/0/0,804:1747647650644:,1747647651495
counter/3/0/0/0,805:1747647650644:,1747647651495
counter/3/0/0/0,806:1747647650644:,1747647651495
counter/4/0/0/0,740:1747647650867:,1747647651495
counter/3/0/0/0,807:1747647650644:,1747647651498
counter/7/0/0/0,604:1747647650749:,1747647651498
counter/5/0/0/0,650:1747647650627:,1747647651498
counter/4/0/0/0,741:1747647650867:,1747647651498
counter/4/0/0/0,742:1747647650867:,1747647651498
counter/4/0/0/0,743:1747647650867:,1747647651498
counter/4/0/0/0,744:1747647650867:,1747647651498
counter/8/0/0/0,909:1747647650638:,1747647651498
counter/8/0/0/0,910:1747647650638:,1747647651498
counter/8/0/0/0,911:1747647650638:,1747647651498
counter/8/0/0/0,912:1747647650639:,1747647651498
counter/8/0/0/0,913:1747647650645:,1747647651498
counter/8/0/0/0,914:1747647650651:,1747647651498
counter/8/0/0/0,915:1747647650652:,1747647651498
counter/8/0/0/0,916:1747647650652:,1747647651498
counter/10/0/0/0,695:1747647650849:,1747647651498
counter/10/0/0/0,696:1747647650849:,1747647651498
counter/10/0/0/0,697:1747647650849:,1747647651499
counter/10/0/0/0,698:1747647650849:,1747647651499
counter/10/0/0/0,699:1747647650849:,1747647651499
counter/10/0/0/0,700:1747647650851:,1747647651499
counter/10/0/0/0,701:1747647650851:,1747647651499
counter/10/0/0/0,702:1747647650851:,1747647651499
counter/2/0/0/0,732:1747647650702:,1747647651499
counter/2/0/0/0,733:1747647650702:,1747647651499
counter/1/0/0/0,709:1747647650920:,1747647651499
counter/4/0/0/0,745:1747647650867:,1747647651499
counter/7/0/0/0,605:1747647650749:,1747647651500
counter/7/0/0/0,606:1747647650749:,1747647651500
counter/7/0/0/0,607:1747647650749:,1747647651500
counter/9/0/0/0,806:1747647650837:,1747647651500
counter/5/0/0/0,651:1747647650627:,1747647651500
counter/1/0/0/0,710:1747647650921:,1747647651501
counter/1/0/0/0,711:1747647650921:,1747647651501
counter/1/0/0/0,712:1747647650921:,1747647651501
counter/1/0/0/0,713:1747647650921:,1747647651501
counter/7/0/0/0,608:1747647650749:,1747647651501
counter/7/0/0/0,609:1747647650750:,1747647651501
counter/7/0/0/0,610:1747647650750:,1747647651501
counter/7/0/0/0,611:1747647650750:,1747647651501
counter/7/0/0/0,612:1747647650750:,1747647651501
counter/7/0/0/0,613:1747647650750:,1747647651501
counter/7/0/0/0,614:1747647650752:,1747647651501
counter/7/0/0/0,615:1747647650752:,1747647651502
counter/4/0/0/0,746:1747647650867:,1747647651502
counter/7/0/0/0,616:1747647650753:,1747647651502
counter/7/0/0/0,617:1747647650753:,1747647651502
counter/1/0/0/0,714:1747647650921:,1747647651502
counter/4/0/0/0,747:1747647650867:,1747647651502
counter/2/0/0/0,734:1747647650702:,1747647651502
counter/10/0/0/0,703:1747647650852:,1747647651502
counter/10/0/0/0,704:1747647650852:,1747647651502
counter/10/0/0/0,705:1747647650852:,1747647651502
counter/10/0/0/0,706:1747647650852:,1747647651502
counter/10/0/0/0,707:1747647650852:,1747647651503
counter/10/0/0/0,708:1747647650852:,1747647651503
counter/8/0/0/0,917:1747647650653:,1747647651503
counter/8/0/0/0,918:1747647650653:,1747647651503
counter/8/0/0/0,919:1747647650653:,1747647651503
counter/8/0/0/0,920:1747647650653:,1747647651503
counter/8/0/0/0,921:1747647650653:,1747647651503
counter/8/0/0/0,922:1747647650653:,1747647651503
counter/8/0/0/0,923:1747647650653:,1747647651504
counter/8/0/0/0,924:1747647650653:,1747647651504
counter/8/0/0/0,925:1747647650653:,1747647651504
counter/9/0/0/0,807:1747647650837:,1747647651504
counter/8/0/0/0,926:1747647650653:,1747647651504
counter/8/0/0/0,927:1747647650653:,1747647651504
counter/8/0/0/0,928:1747647650662:,1747647651504
counter/4/0/0/0,748:1747647650867:,1747647651504
counter/10/0/0/0,709:1747647650852:,1747647651504
counter/4/0/0/0,749:1747647650867:,1747647651504
counter/4/0/0/0,750:1747647650867:,1747647651504
counter/4/0/0/0,751:1747647650867:,1747647651504
counter/4/0/0/0,752:1747647650867:,1747647651504
counter/7/0/0/0,618:1747647650753:,1747647651504
counter/7/0/0/0,619:1747647650753:,1747647651504
counter/7/0/0/0,620:1747647650754:,1747647651504
counter/7/0/0/0,621:1747647650754:,1747647651504
counter/7/0/0/0,622:1747647650754:,1747647651504
counter/7/0/0/0,623:1747647650754:,1747647651504
counter/6/0/0/0,655:1747647650751:,1747647651504
counter/1/0/0/0,715:1747647650921:,1747647651504
counter/5/0/0/0,652:1747647650628:,1747647651504
counter/1/0/0/0,716:1747647650921:,1747647651504
counter/1/0/0/0,717:1747647650921:,1747647651504
counter/4/0/0/0,753:1747647650868:,1747647651504
counter/4/0/0/0,754:1747647650868:,1747647651504
counter/4/0/0/0,755:1747647650868:,1747647651505
counter/4/0/0/0,756:1747647650868:,1747647651505
counter/4/0/0/0,757:1747647650868:,1747647651505
counter/4/0/0/0,758:1747647650868:,1747647651505
counter/4/0/0/0,759:1747647650868:,1747647651505
counter/2/0/0/0,735:1747647650702:,1747647651505
counter/7/0/0/0,624:1747647650754:,1747647651505
counter/2/0/0/0,736:1747647650704:,1747647651506
counter/2/0/0/0,737:1747647650704:,1747647651506
counter/2/0/0/0,738:1747647650704:,1747647651506
counter/2/0/0/0,739:1747647650704:,1747647651506
counter/2/0/0/0,740:1747647650704:,1747647651506
counter/2/0/0/0,741:1747647650704:,1747647651506
counter/2/0/0/0,742:1747647650704:,1747647651506
counter/9/0/0/0,808:1747647650837:,1747647651506
counter/9/0/0/0,809:1747647650837:,1747647651506
counter/8/0/0/0,929:1747647650662:,1747647651506
counter/8/0/0/0,930:1747647650662:,1747647651507
counter/8/0/0/0,931:1747647650662:,1747647651507
counter/8/0/0/0,932:1747647650662:,1747647651507
counter/8/0/0/0,933:1747647650662:,1747647651507
counter/8/0/0/0,934:1747647650662:,1747647651507
counter/8/0/0/0,935:1747647650662:,1747647651507
counter/8/0/0/0,936:1747647650662:,1747647651507
counter/8/0/0/0,937:1747647650662:,1747647651507
counter/8/0/0/0,938:1747647650662:,1747647651507
counter/9/0/0/0,810:1747647650837:,1747647651507
counter/5/0/0/0,653:1747647650629:,1747647651507
counter/1/0/0/0,718:1747647650921:,1747647651507
counter/3/0/0/0,808:1747647650644:,1747647651507
counter/2/0/0/0,743:1747647650704:,1747647651507
counter/8/0/0/0,939:1747647650662:,1747647651507
counter/2/0/0/0,744:1747647650704:,1747647651507
counter/6/0/0/0,656:1747647650751:,1747647651507
counter/2/0/0/0,745:1747647650704:,1747647651507
counter/7/0/0/0,625:1747647650754:,1747647651507
counter/3/0/0/0,809:1747647650644:,1747647651508
counter/3/0/0/0,810:1747647650644:,1747647651508
counter/3/0/0/0,811:1747647650644:,1747647651508
counter/3/0/0/0,812:1747647650644:,1747647651508
counter/3/0/0/0,813:1747647650644:,1747647651508
counter/3/0/0/0,814:1747647650668:,1747647651508
counter/3/0/0/0,815:1747647650668:,1747647651508
counter/3/0/0/0,816:1747647650668:,1747647651508
counter/3/0/0/0,817:1747647650668:,1747647651508
counter/3/0/0/0,818:1747647650668:,1747647651509
counter/2/0/0/0,746:1747647650704:,1747647651509
counter/3/0/0/0,819:1747647650668:,1747647651509
counter/7/0/0/0,626:1747647650758:,1747647651509
counter/2/0/0/0,747:1747647650704:,1747647651509
counter/2/0/0/0,748:1747647650704:,1747647651509
counter/2/0/0/0,749:1747647650704:,1747647651509
counter/2/0/0/0,750:1747647650704:,1747647651509
counter/9/0/0/0,811:1747647650837:,1747647651509
counter/9/0/0/0,812:1747647650837:,1747647651510
counter/8/0/0/0,940:1747647650662:,1747647651510
counter/8/0/0/0,941:1747647650662:,1747647651510
counter/8/0/0/0,942:1747647650666:,1747647651510
counter/8/0/0/0,943:1747647650667:,1747647651510
counter/8/0/0/0,944:1747647650667:,1747647651510
counter/8/0/0/0,945:1747647650668:,1747647651510
counter/7/0/0/0,627:1747647650758:,1747647651510
counter/8/0/0/0,946:1747647650668:,1747647651510
counter/8/0/0/0,947:1747647650668:,1747647651510
counter/8/0/0/0,948:1747647650668:,1747647651511
counter/8/0/0/0,949:1747647650668:,1747647651511
counter/8/0/0/0,950:1747647650668:,1747647651511
counter/8/0/0/0,951:1747647650668:,1747647651511
counter/8/0/0/0,952:1747647650678:,1747647651511
counter/8/0/0/0,953:1747647650678:,1747647651511
counter/7/0/0/0,628:1747647650758:,1747647651511
counter/5/0/0/0,654:1747647650629:,1747647651511
counter/5/0/0/0,655:1747647650629:,1747647651511
counter/5/0/0/0,656:1747647650629:,1747647651512
counter/4/0/0/0,760:1747647650868:,1747647651512
counter/10/0/0/0,710:1747647650852:,1747647651512
counter/10/0/0/0,711:1747647650852:,1747647651513
counter/10/0/0/0,712:1747647650859:,1747647651513
counter/10/0/0/0,713:1747647650859:,1747647651513
counter/10/0/0/0,714:1747647650859:,1747647651513
counter/10/0/0/0,715:1747647650859:,1747647651513
counter/10/0/0/0,716:1747647650859:,1747647651513
counter/7/0/0/0,629:1747647650758:,1747647651516
counter/8/0/0/0,954:1747647650678:,1747647651516
counter/8/0/0/0,955:1747647650678:,1747647651516
counter/8/0/0/0,956:1747647650678:,1747647651516
counter/8/0/0/0,957:1747647650678:,1747647651516
counter/8/0/0/0,958:1747647650678:,1747647651516
counter/8/0/0/0,959:1747647650678:,1747647651517
counter/8/0/0/0,960:1747647650678:,1747647651517
counter/5/0/0/0,657:1747647650633:,1747647651517
counter/9/0/0/0,813:1747647650837:,1747647651517
counter/2/0/0/0,751:1747647650705:,1747647651517
counter/2/0/0/0,752:1747647650705:,1747647651517
counter/7/0/0/0,630:1747647650758:,1747647651517
counter/7/0/0/0,631:1747647650758:,1747647651517
counter/7/0/0/0,632:1747647650758:,1747647651517
counter/7/0/0/0,633:1747647650758:,1747647651517
counter/7/0/0/0,634:1747647650758:,1747647651517
counter/7/0/0/0,635:1747647650758:,1747647651517
counter/7/0/0/0,636:1747647650759:,1747647651517
counter/7/0/0/0,637:1747647650759:,1747647651517
counter/1/0/0/0,719:1747647650921:,1747647651518
counter/10/0/0/0,717:1747647650859:,1747647651519
counter/6/0/0/0,657:1747647650751:,1747647651519
counter/8/0/0/0,961:1747647650678:,1747647651519
counter/6/0/0/0,658:1747647650751:,1747647651519
counter/6/0/0/0,659:1747647650753:,1747647651519
counter/6/0/0/0,660:1747647650754:,1747647651519
counter/6/0/0/0,661:1747647650754:,1747647651519
counter/6/0/0/0,662:1747647650754:,1747647651520
counter/6/0/0/0,663:1747647650756:,1747647651520
counter/6/0/0/0,664:1747647650756:,1747647651520
counter/2/0/0/0,753:1747647650713:,1747647651520
counter/9/0/0/0,814:1747647650837:,1747647651520
counter/6/0/0/0,665:1747647650756:,1747647651520
counter/2/0/0/0,754:1747647650713:,1747647651521
counter/9/0/0/0,815:1747647650839:,1747647651521
counter/9/0/0/0,816:1747647650839:,1747647651521
counter/9/0/0/0,817:1747647650839:,1747647651521
counter/6/0/0/0,666:1747647650756:,1747647651521
counter/6/0/0/0,667:1747647650756:,1747647651521
counter/6/0/0/0,668:1747647650763:,1747647651521
counter/7/0/0/0,638:1747647650759:,1747647651521
counter/7/0/0/0,639:1747647650759:,1747647651522
counter/10/0/0/0,718:1747647650859:,1747647651522
counter/10/0/0/0,719:1747647650873:,1747647651522
counter/10/0/0/0,720:1747647650873:,1747647651522
counter/10/0/0/0,721:1747647650873:,1747647651522
counter/10/0/0/0,722:1747647650873:,1747647651522
counter/10/0/0/0,723:1747647650873:,1747647651522
counter/8/0/0/0,962:1747647650678:,1747647651523
counter/8/0/0/0,963:1747647650678:,1747647651523
counter/8/0/0/0,964:1747647650678:,1747647651523
counter/8/0/0/0,965:1747647650678:,1747647651523
counter/1/0/0/0,720:1747647650921:,1747647651523
counter/9/0/0/0,818:1747647650839:,1747647651523
counter/9/0/0/0,819:1747647650867:,1747647651524
counter/7/0/0/0,640:1747647650759:,1747647651524
counter/7/0/0/0,641:1747647650759:,1747647651524
counter/7/0/0/0,642:1747647650759:,1747647651524
counter/7/0/0/0,643:1747647650759:,1747647651525
counter/7/0/0/0,644:1747647650759:,1747647651525
counter/7/0/0/0,645:1747647650761:,1747647651525
counter/9/0/0/0,820:1747647650867:,1747647651525
counter/10/0/0/0,724:1747647650873:,1747647651525
counter/9/0/0/0,821:1747647650867:,1747647651525
counter/10/0/0/0,725:1747647650873:,1747647651526
counter/9/0/0/0,822:1747647650867:,1747647651526
counter/2/0/0/0,755:1747647650713:,1747647651526
counter/2/0/0/0,756:1747647650713:,1747647651526
counter/2/0/0/0,757:1747647650713:,1747647651527
counter/2/0/0/0,758:1747647650714:,1747647651527
counter/2/0/0/0,759:1747647650714:,1747647651527
counter/2/0/0/0,760:1747647650714:,1747647651527
counter/7/0/0/0,646:1747647650761:,1747647651527
counter/4/0/0/0,761:1747647650868:,1747647651527
counter/8/0/0/0,966:1747647650678:,1747647651527
counter/1/0/0/0,721:1747647650921:,1747647651527
counter/2/0/0/0,761:1747647650714:,1747647651528
counter/2/0/0/0,762:1747647650722:,1747647651528
counter/1/0/0/0,722:1747647650921:,1747647651528
counter/9/0/0/0,823:1747647650867:,1747647651528
counter/2/0/0/0,763:1747647650723:,1747647651529
counter/2/0/0/0,764:1747647650723:,1747647651529
counter/2/0/0/0,765:1747647650723:,1747647651529
counter/2/0/0/0,766:1747647650723:,1747647651529
counter/7/0/0/0,647:1747647650761:,1747647651529
counter/4/0/0/0,762:1747647650868:,1747647651529
counter/4/0/0/0,763:1747647650868:,1747647651529
counter/5/0/0/0,658:1747647650633:,1747647651529
counter/9/0/0/0,824:1747647650867:,1747647651530
counter/3/0/0/0,820:1747647650668:,1747647651530
counter/9/0/0/0,825:1747647650867:,1747647651531
counter/8/0/0/0,967:1747647650678:,1747647651531
counter/9/0/0/0,826:1747647650867:,1747647651531
counter/10/0/0/0,726:1747647650873:,1747647651531
counter/9/0/0/0,827:1747647650867:,1747647651531
counter/2/0/0/0,767:1747647650723:,1747647651532
counter/3/0/0/0,821:1747647650668:,1747647651532
counter/7/0/0/0,648:1747647650761:,1747647651532
counter/3/0/0/0,822:1747647650668:,1747647651533
counter/3/0/0/0,823:1747647650670:,1747647651533
counter/3/0/0/0,824:1747647650670:,1747647651533
counter/3/0/0/0,825:1747647650670:,1747647651533
counter/3/0/0/0,826:1747647650670:,1747647651533
counter/6/0/0/0,669:1747647650763:,1747647651533
counter/6/0/0/0,670:1747647650763:,1747647651533
counter/6/0/0/0,671:1747647650763:,1747647651533
counter/6/0/0/0,672:1747647650763:,1747647651534
counter/6/0/0/0,673:1747647650763:,1747647651534
counter/6/0/0/0,674:1747647650763:,1747647651534
counter/6/0/0/0,675:1747647650763:,1747647651535
counter/6/0/0/0,676:1747647650763:,1747647651535
counter/6/0/0/0,677:1747647650763:,1747647651535
counter/6/0/0/0,678:1747647650763:,1747647651535
counter/6/0/0/0,679:1747647650763:,1747647651535
counter/6/0/0/0,680:1747647650763:,1747647651535
counter/6/0/0/0,681:1747647650765:,1747647651535
counter/10/0/0/0,727:1747647650874:,1747647651535
counter/10/0/0/0,728:1747647650874:,1747647651535
counter/10/0/0/0,729:1747647650874:,1747647651535
counter/10/0/0/0,730:1747647650874:,1747647651536
counter/10/0/0/0,731:1747647650874:,1747647651536
counter/3/0/0/0,827:1747647650670:,1747647651536
counter/3/0/0/0,828:1747647650672:,1747647651536
counter/3/0/0/0,829:1747647650672:,1747647651536
counter/3/0/0/0,830:1747647650672:,1747647651536
counter/3/0/0/0,831:1747647650672:,1747647651536
counter/3/0/0/0,832:1747647650672:,1747647651536
counter/3/0/0/0,833:1747647650672:,1747647651536
counter/3/0/0/0,834:1747647650672:,1747647651536
counter/3/0/0/0,835:1747647650672:,1747647651536
counter/5/0/0/0,659:1747647650633:,1747647651536
counter/1/0/0/0,723:1747647650921:,1747647651536
counter/9/0/0/0,828:1747647650867:,1747647651537
counter/2/0/0/0,768:1747647650723:,1747647651537
counter/2/0/0/0,769:1747647650723:,1747647651537
counter/2/0/0/0,770:1747647650723:,1747647651537
counter/10/0/0/0,732:1747647650881:,1747647651537
counter/10/0/0/0,733:1747647650881:,1747647651537
counter/10/0/0/0,734:1747647650881:,1747647651537
counter/7/0/0/0,649:1747647650761:,1747647651537
counter/7/0/0/0,650:1747647650761:,1747647651537
counter/7/0/0/0,651:1747647650762:,1747647651537
counter/3/0/0/0,836:1747647650672:,1747647651537
counter/2/0/0/0,771:1747647650723:,1747647651537
counter/2/0/0/0,772:1747647650723:,1747647651538
counter/2/0/0/0,773:1747647650723:,1747647651538
counter/2/0/0/0,774:1747647650723:,1747647651538
counter/2/0/0/0,775:1747647650723:,1747647651538
counter/2/0/0/0,776:1747647650723:,1747647651538
counter/2/0/0/0,777:1747647650723:,1747647651538
counter/2/0/0/0,778:1747647650723:,1747647651538
counter/3/0/0/0,837:1747647650676:,1747647651538
counter/2/0/0/0,779:1747647650723:,1747647651538
counter/3/0/0/0,838:1747647650677:,1747647651538
counter/2/0/0/0,780:1747647650723:,1747647651538
counter/3/0/0/0,839:1747647650677:,1747647651538
counter/3/0/0/0,840:1747647650677:,1747647651538
counter/3/0/0/0,841:1747647650677:,1747647651538
counter/3/0/0/0,842:1747647650677:,1747647651538
counter/3/0/0/0,843:1747647650677:,1747647651538
counter/3/0/0/0,844:1747647650678:,1747647651538
counter/3/0/0/0,845:1747647650678:,1747647651538
counter/3/0/0/0,846:1747647650678:,1747647651538
counter/3/0/0/0,847:1747647650681:,1747647651538
counter/3/0/0/0,848:1747647650681:,1747647651538
counter/3/0/0/0,849:1747647650681:,1747647651538
counter/3/0/0/0,850:1747647650681:,1747647651538
counter/3/0/0/0,851:1747647650681:,1747647651538
counter/10/0/0/0,735:1747647650881:,1747647651538
counter/7/0/0/0,652:1747647650762:,1747647651538
counter/8/0/0/0,968:1747647650678:,1747647651539
counter/8/0/0/0,969:1747647650682:,1747647651539
counter/8/0/0/0,970:1747647650682:,1747647651539
counter/8/0/0/0,971:1747647650682:,1747647651539
counter/4/0/0/0,764:1747647650868:,1747647651539
counter/9/0/0/0,829:1747647650870:,1747647651539
counter/7/0/0/0,653:1747647650762:,1747647651539
counter/7/0/0/0,654:1747647650762:,1747647651539
counter/7/0/0/0,655:1747647650762:,1747647651539
counter/7/0/0/0,656:1747647650773:,1747647651539
counter/7/0/0/0,657:1747647650773:,1747647651539
counter/3/0/0/0,852:1747647650681:,1747647651539
counter/3/0/0/0,853:1747647650681:,1747647651539
counter/3/0/0/0,854:1747647650681:,1747647651539
counter/3/0/0/0,855:1747647650681:,1747647651540
counter/3/0/0/0,856:1747647650681:,1747647651540
counter/3/0/0/0,857:1747647650681:,1747647651540
counter/3/0/0/0,858:1747647650681:,1747647651540
counter/3/0/0/0,859:1747647650681:,1747647651540
counter/3/0/0/0,860:1747647650681:,1747647651540
counter/3/0/0/0,861:1747647650681:,1747647651540
counter/3/0/0/0,862:1747647650705:,1747647651540
counter/3/0/0/0,863:1747647650705:,1747647651540
counter/3/0/0/0,864:1747647650705:,1747647651540
counter/10/0/0/0,736:1747647650881:,1747647651540
counter/1/0/0/0,724:1747647650921:,1747647651540
counter/2/0/0/0,781:1747647650723:,1747647651540
counter/6/0/0/0,682:1747647650765:,1747647651541
counter/6/0/0/0,683:1747647650765:,1747647651541
counter/6/0/0/0,684:1747647650765:,1747647651541
counter/6/0/0/0,685:1747647650765:,1747647651541
counter/6/0/0/0,686:1747647650765:,1747647651541
counter/6/0/0/0,687:1747647650765:,1747647651541
counter/6/0/0/0,688:1747647650765:,1747647651541
counter/6/0/0/0,689:1747647650765:,1747647651541
counter/6/0/0/0,690:1747647650766:,1747647651541
counter/9/0/0/0,830:1747647650870:,1747647651541
counter/9/0/0/0,831:1747647650870:,1747647651542
counter/9/0/0/0,832:1747647650870:,1747647651542
counter/6/0/0/0,691:1747647650766:,1747647651542
counter/9/0/0/0,833:1747647650870:,1747647651542
counter/6/0/0/0,692:1747647650767:,1747647651542
counter/6/0/0/0,693:1747647650768:,1747647651542
counter/6/0/0/0,694:1747647650768:,1747647651542
counter/6/0/0/0,695:1747647650768:,1747647651542
counter/6/0/0/0,696:1747647650771:,1747647651542
counter/6/0/0/0,697:1747647650771:,1747647651542
counter/6/0/0/0,698:1747647650771:,1747647651542
counter/6/0/0/0,699:1747647650771:,1747647651542
counter/9/0/0/0,834:1747647650870:,1747647651543
counter/10/0/0/0,737:1747647650881:,1747647651543
counter/10/0/0/0,738:1747647650881:,1747647651543
counter/6/0/0/0,700:1747647650771:,1747647651543
counter/7/0/0/0,658:1747647650773:,1747647651544
counter/6/0/0/0,701:1747647650771:,1747647651544
counter/10/0/0/0,739:1747647650881:,1747647651544
counter/4/0/0/0,765:1747647650868:,1747647651544
counter/10/0/0/0,740:1747647650881:,1747647651544
counter/6/0/0/0,702:1747647650771:,1747647651545
counter/3/0/0/0,865:1747647650705:,1747647651545
counter/9/0/0/0,835:1747647650870:,1747647651545
counter/3/0/0/0,866:1747647650705:,1747647651545
counter/3/0/0/0,867:1747647650706:,1747647651545
counter/3/0/0/0,868:1747647650706:,1747647651545
counter/3/0/0/0,869:1747647650706:,1747647651545
counter/5/0/0/0,660:1747647650633:,1747647651545
counter/10/0/0/0,741:1747647650881:,1747647651545
counter/4/0/0/0,766:1747647650868:,1747647651546
counter/4/0/0/0,767:1747647650868:,1747647651546
counter/4/0/0/0,768:1747647650868:,1747647651546
counter/4/0/0/0,769:1747647650868:,1747647651546
counter/1/0/0/0,725:1747647650921:,1747647651547
counter/1/0/0/0,726:1747647650921:,1747647651547
counter/1/0/0/0,727:1747647650921:,1747647651547
counter/1/0/0/0,728:1747647650921:,1747647651547
counter/1/0/0/0,729:1747647650921:,1747647651547
counter/3/0/0/0,870:1747647650706:,1747647651547
counter/3/0/0/0,871:1747647650706:,1747647651547
counter/3/0/0/0,872:1747647650706:,1747647651547
counter/3/0/0/0,873:1747647650706:,1747647651547
counter/3/0/0/0,874:1747647650708:,1747647651547
counter/3/0/0/0,875:1747647650709:,1747647651547
counter/3/0/0/0,876:1747647650709:,1747647651547
counter/3/0/0/0,877:1747647650709:,1747647651547
counter/3/0/0/0,878:1747647650709:,1747647651547
counter/3/0/0/0,879:1747647650709:,1747647651547
counter/3/0/0/0,880:1747647650709:,1747647651547
counter/3/0/0/0,881:1747647650709:,1747647651547
counter/8/0/0/0,972:1747647650682:,1747647651547
counter/7/0/0/0,659:1747647650773:,1747647651548
counter/3/0/0/0,882:1747647650709:,1747647651548
counter/7/0/0/0,660:1747647650773:,1747647651548
counter/7/0/0/0,661:1747647650773:,1747647651548
counter/7/0/0/0,662:1747647650773:,1747647651548
counter/7/0/0/0,663:1747647650773:,1747647651548
counter/7/0/0/0,664:1747647650773:,1747647651548
counter/7/0/0/0,665:1747647650773:,1747647651548
counter/7/0/0/0,666:1747647650773:,1747647651548
counter/7/0/0/0,667:1747647650773:,1747647651548
counter/5/0/0/0,661:1747647650633:,1747647651548
counter/7/0/0/0,668:1747647650773:,1747647651548
counter/6/0/0/0,703:1747647650771:,1747647651548
counter/7/0/0/0,669:1747647650773:,1747647651548
counter/6/0/0/0,704:1747647650771:,1747647651548
counter/7/0/0/0,670:1747647650773:,1747647651548
counter/6/0/0/0,705:1747647650771:,1747647651548
counter/7/0/0/0,671:1747647650773:,1747647651548
counter/6/0/0/0,706:1747647650771:,1747647651548
counter/6/0/0/0,707:1747647650771:,1747647651548
counter/10/0/0/0,742:1747647650881:,1747647651549
counter/4/0/0/0,770:1747647650871:,1747647651549
counter/4/0/0/0,771:1747647650871:,1747647651549
counter/4/0/0/0,772:1747647650874:,1747647651549
counter/2/0/0/0,782:1747647650723:,1747647651549
counter/2/0/0/0,783:1747647650723:,1747647651549
counter/9/0/0/0,836:1747647650870:,1747647651549
counter/7/0/0/0,672:1747647650773:,1747647651549
counter/6/0/0/0,708:1747647650771:,1747647651550
counter/7/0/0/0,673:1747647650774:,1747647651550
counter/9/0/0/0,837:1747647650870:,1747647651550
counter/2/0/0/0,784:1747647650723:,1747647651550
counter/5/0/0/0,662:1747647650633:,1747647651550
counter/8/0/0/0,973:1747647650682:,1747647651551
counter/7/0/0/0,674:1747647650774:,1747647651551
counter/7/0/0/0,675:1747647650774:,1747647651551
counter/7/0/0/0,676:1747647650783:,1747647651551
counter/7/0/0/0,677:1747647650783:,1747647651551
counter/7/0/0/0,678:1747647650783:,1747647651551
counter/5/0/0/0,663:1747647650633:,1747647651551
counter/5/0/0/0,664:1747647650633:,1747647651551
counter/5/0/0/0,665:1747647650633:,1747647651551
counter/5/0/0/0,666:1747647650633:,1747647651551
counter/5/0/0/0,667:1747647650633:,1747647651551
counter/9/0/0/0,838:1747647650870:,1747647651553
counter/2/0/0/0,785:1747647650723:,1747647651553
counter/9/0/0/0,839:1747647650870:,1747647651553
counter/9/0/0/0,840:1747647650870:,1747647651553
counter/9/0/0/0,841:1747647650870:,1747647651553
counter/9/0/0/0,842:1747647650870:,1747647651553
counter/9/0/0/0,843:1747647650870:,1747647651553
counter/9/0/0/0,844:1747647650870:,1747647651553
counter/9/0/0/0,845:1747647650870:,1747647651553
counter/8/0/0/0,974:1747647650683:,1747647651553
counter/9/0/0/0,846:1747647650870:,1747647651553
counter/9/0/0/0,847:1747647650870:,1747647651553
counter/9/0/0/0,848:1747647650870:,1747647651553
counter/7/0/0/0,679:1747647650784:,1747647651553
counter/2/0/0/0,786:1747647650723:,1747647651554
counter/6/0/0/0,709:1747647650771:,1747647651554
counter/2/0/0/0,787:1747647650723:,1747647651554
counter/2/0/0/0,788:1747647650723:,1747647651554
counter/10/0/0/0,743:1747647650881:,1747647651554
counter/10/0/0/0,744:1747647650881:,1747647651554
counter/10/0/0/0,745:1747647650881:,1747647651554
counter/10/0/0/0,746:1747647650882:,1747647651554
counter/10/0/0/0,747:1747647650883:,1747647651554
counter/10/0/0/0,748:1747647650884:,1747647651554
counter/10/0/0/0,749:1747647650884:,1747647651554
counter/10/0/0/0,750:1747647650884:,1747647651554
counter/10/0/0/0,751:1747647650884:,1747647651554
counter/10/0/0/0,752:1747647650885:,1747647651554
counter/10/0/0/0,753:1747647650885:,1747647651555
counter/10/0/0/0,754:1747647650885:,1747647651555
counter/10/0/0/0,755:1747647650885:,1747647651555
counter/10/0/0/0,756:1747647650885:,1747647651555
counter/5/0/0/0,668:1747647650633:,1747647651555
counter/6/0/0/0,710:1747647650774:,1747647651555
counter/6/0/0/0,711:1747647650774:,1747647651555
counter/6/0/0/0,712:1747647650775:,1747647651555
counter/6/0/0/0,713:1747647650775:,1747647651555
counter/6/0/0/0,714:1747647650776:,1747647651555
counter/6/0/0/0,715:1747647650776:,1747647651555
counter/6/0/0/0,716:1747647650776:,1747647651555
counter/6/0/0/0,717:1747647650776:,1747647651555
counter/6/0/0/0,718:1747647650777:,1747647651555
counter/6/0/0/0,719:1747647650777:,1747647651555
counter/6/0/0/0,720:1747647650778:,1747647651555
counter/6/0/0/0,721:1747647650778:,1747647651555
counter/6/0/0/0,722:1747647650778:,1747647651555
counter/6/0/0/0,723:1747647650778:,1747647651555
counter/6/0/0/0,724:1747647650778:,1747647651555
counter/6/0/0/0,725:1747647650778:,1747647651555
counter/6/0/0/0,726:1747647650778:,1747647651555
counter/9/0/0/0,849:1747647650870:,1747647651556
counter/1/0/0/0,730:1747647650921:,1747647651556
counter/2/0/0/0,789:1747647650723:,1747647651556
counter/8/0/0/0,975:1747647650683:,1747647651557
counter/1/0/0/0,731:1747647650921:,1747647651557
counter/9/0/0/0,850:1747647650870:,1747647651558
counter/4/0/0/0,773:1747647650874:,1747647651558
counter/4/0/0/0,774:1747647650874:,1747647651558
counter/4/0/0/0,775:1747647650874:,1747647651558
counter/4/0/0/0,776:1747647650877:,1747647651558
counter/4/0/0/0,777:1747647650877:,1747647651558
counter/4/0/0/0,778:1747647650877:,1747647651558
counter/4/0/0/0,779:1747647650877:,1747647651559
counter/4/0/0/0,780:1747647650881:,1747647651559
counter/4/0/0/0,781:1747647650881:,1747647651559
counter/4/0/0/0,782:1747647650881:,1747647651559
counter/4/0/0/0,783:1747647650882:,1747647651559
counter/4/0/0/0,784:1747647650882:,1747647651559
counter/4/0/0/0,785:1747647650882:,1747647651559
counter/4/0/0/0,786:1747647650886:,1747647651559
counter/4/0/0/0,787:1747647650886:,1747647651559
counter/4/0/0/0,788:1747647650886:,1747647651559
counter/4/0/0/0,789:1747647650886:,1747647651559
counter/4/0/0/0,790:1747647650886:,1747647651559
counter/4/0/0/0,791:1747647650886:,1747647651559
counter/4/0/0/0,792:1747647650886:,1747647651559
counter/5/0/0/0,669:1747647650634:,1747647651559
counter/4/0/0/0,793:1747647650886:,1747647651559
counter/5/0/0/0,670:1747647650642:,1747647651559
counter/4/0/0/0,794:1747647650886:,1747647651559
counter/2/0/0/0,790:1747647650724:,1747647651559
counter/7/0/0/0,680:1747647650784:,1747647651559
counter/7/0/0/0,681:1747647650784:,1747647651559
counter/4/0/0/0,795:1747647650886:,1747647651559
counter/4/0/0/0,796:1747647650886:,1747647651559
counter/4/0/0/0,797:1747647650886:,1747647651560
counter/4/0/0/0,798:1747647650886:,1747647651560
counter/5/0/0/0,671:1747647650642:,1747647651560
counter/5/0/0/0,672:1747647650642:,1747647651560
counter/5/0/0/0,673:1747647650642:,1747647651560
counter/5/0/0/0,674:1747647650642:,1747647651560
counter/5/0/0/0,675:1747647650645:,1747647651560
counter/5/0/0/0,676:1747647650646:,1747647651560
counter/5/0/0/0,677:1747647650646:,1747647651560
counter/3/0/0/0,883:1747647650709:,1747647651560
counter/3/0/0/0,884:1747647650709:,1747647651560
counter/3/0/0/0,885:1747647650709:,1747647651560
counter/3/0/0/0,886:1747647650709:,1747647651560
counter/1/0/0/0,732:1747647650921:,1747647651560
counter/1/0/0/0,733:1747647650921:,1747647651561
counter/1/0/0/0,734:1747647650921:,1747647651561
counter/1/0/0/0,735:1747647650921:,1747647651561
counter/1/0/0/0,736:1747647650921:,1747647651561
counter/1/0/0/0,737:1747647650921:,1747647651561
counter/1/0/0/0,738:1747647650921:,1747647651561
counter/1/0/0/0,739:1747647650921:,1747647651561
counter/7/0/0/0,682:1747647650784:,1747647651561
counter/5/0/0/0,678:1747647650646:,1747647651561
counter/5/0/0/0,679:1747647650646:,1747647651561
counter/5/0/0/0,680:1747647650646:,1747647651561
counter/2/0/0/0,791:1747647650724:,1747647651562
counter/2/0/0/0,792:1747647650724:,1747647651562
counter/2/0/0/0,793:1747647650724:,1747647651562
counter/2/0/0/0,794:1747647650724:,1747647651562
counter/2/0/0/0,795:1747647650724:,1747647651562
counter/6/0/0/0,727:1747647650779:,1747647651562
counter/2/0/0/0,796:1747647650724:,1747647651562
counter/2/0/0/0,797:1747647650724:,1747647651562
counter/8/0/0/0,976:1747647650683:,1747647651562
counter/8/0/0/0,977:1747647650683:,1747647651562
counter/1/0/0/0,740:1747647650921:,1747647651562
counter/1/0/0/0,741:1747647650921:,1747647651562
counter/1/0/0/0,742:1747647650921:,1747647651562
counter/1/0/0/0,743:1747647650921:,1747647651562
counter/1/0/0/0,744:1747647650922:,1747647651562
counter/1/0/0/0,745:1747647650922:,1747647651562
counter/1/0/0/0,746:1747647650922:,1747647651562
counter/9/0/0/0,851:1747647650870:,1747647651562
counter/7/0/0/0,683:1747647650784:,1747647651562
counter/3/0/0/0,887:1747647650709:,1747647651562
counter/3/0/0/0,888:1747647650713:,1747647651562
counter/3/0/0/0,889:1747647650713:,1747647651563
counter/6/0/0/0,728:1747647650779:,1747647651563
counter/6/0/0/0,729:1747647650779:,1747647651563
counter/6/0/0/0,730:1747647650779:,1747647651563
counter/6/0/0/0,731:1747647650779:,1747647651563
counter/6/0/0/0,732:1747647650779:,1747647651563
counter/6/0/0/0,733:1747647650779:,1747647651563
counter/6/0/0/0,734:1747647650779:,1747647651563
counter/6/0/0/0,735:1747647650779:,1747647651563
counter/6/0/0/0,736:1747647650782:,1747647651563
counter/6/0/0/0,737:1747647650782:,1747647651564
counter/6/0/0/0,738:1747647650782:,1747647651564
counter/6/0/0/0,739:1747647650782:,1747647651564
counter/1/0/0/0,747:1747647650922:,1747647651564
counter/1/0/0/0,748:1747647650922:,1747647651564
counter/6/0/0/0,740:1747647650782:,1747647651564
counter/8/0/0/0,978:1747647650683:,1747647651564
counter/8/0/0/0,979:1747647650683:,1747647651564
counter/8/0/0/0,980:1747647650683:,1747647651564
counter/8/0/0/0,981:1747647650683:,1747647651564
counter/8/0/0/0,982:1747647650683:,1747647651564
counter/3/0/0/0,890:1747647650713:,1747647651565
counter/8/0/0/0,983:1747647650683:,1747647651565
counter/9/0/0/0,852:1747647650870:,1747647651565
counter/8/0/0/0,984:1747647650684:,1747647651565
counter/9/0/0/0,853:1747647650870:,1747647651565
counter/9/0/0/0,854:1747647650870:,1747647651565
counter/3/0/0/0,891:1747647650713:,1747647651565
counter/9/0/0/0,855:1747647650874:,1747647651565
counter/3/0/0/0,892:1747647650713:,1747647651565
counter/9/0/0/0,856:1747647650874:,1747647651565
counter/3/0/0/0,893:1747647650713:,1747647651565
counter/3/0/0/0,894:1747647650713:,1747647651565
counter/3/0/0/0,895:1747647650713:,1747647651565
counter/3/0/0/0,896:1747647650718:,1747647651565
counter/3/0/0/0,897:1747647650718:,1747647651566
counter/3/0/0/0,898:1747647650718:,1747647651566
counter/3/0/0/0,899:1747647650718:,1747647651566
counter/3/0/0/0,900:1747647650718:,1747647651566
counter/3/0/0/0,901:1747647650718:,1747647651566
counter/3/0/0/0,902:1747647650718:,1747647651566
counter/3/0/0/0,903:1747647650718:,1747647651566
counter/3/0/0/0,904:1747647650718:,1747647651566
counter/1/0/0/0,749:1747647650922:,1747647651566
counter/3/0/0/0,905:1747647650718:,1747647651566
counter/3/0/0/0,906:1747647650719:,1747647651566
counter/3/0/0/0,907:1747647650719:,1747647651566
counter/3/0/0/0,908:1747647650719:,1747647651566
counter/3/0/0/0,909:1747647650719:,1747647651566
counter/3/0/0/0,910:1747647650719:,1747647651566
counter/3/0/0/0,911:1747647650719:,1747647651566
counter/3/0/0/0,912:1747647650719:,1747647651566
counter/3/0/0/0,913:1747647650719:,1747647651566
counter/3/0/0/0,914:1747647650719:,1747647651566
counter/3/0/0/0,915:1747647650719:,1747647651566
counter/5/0/0/0,681:1747647650654:,1747647651566
counter/5/0/0/0,682:1747647650654:,1747647651566
counter/5/0/0/0,683:1747647650654:,1747647651566
counter/9/0/0/0,857:1747647650874:,1747647651567
counter/3/0/0/0,916:1747647650719:,1747647651567
counter/7/0/0/0,684:1747647650784:,1747647651567
counter/7/0/0/0,685:1747647650784:,1747647651567
counter/10/0/0/0,757:1747647650885:,1747647651567
counter/10/0/0/0,758:1747647650885:,1747647651567
counter/10/0/0/0,759:1747647650885:,1747647651567
counter/10/0/0/0,760:1747647650885:,1747647651567
counter/10/0/0/0,761:1747647650885:,1747647651567
counter/3/0/0/0,917:1747647650719:,1747647651567
counter/9/0/0/0,858:1747647650874:,1747647651567
counter/6/0/0/0,741:1747647650782:,1747647651567
counter/9/0/0/0,859:1747647650874:,1747647651567
counter/7/0/0/0,686:1747647650784:,1747647651568
counter/7/0/0/0,687:1747647650784:,1747647651568
counter/8/0/0/0,985:1747647650684:,1747647651568
counter/8/0/0/0,986:1747647650684:,1747647651568
counter/3/0/0/0,918:1747647650719:,1747647651568
counter/3/0/0/0,919:1747647650719:,1747647651568
counter/3/0/0/0,920:1747647650719:,1747647651568
counter/3/0/0/0,921:1747647650719:,1747647651568
counter/3/0/0/0,922:1747647650719:,1747647651568
counter/9/0/0/0,860:1747647650874:,1747647651568
counter/5/0/0/0,684:1747647650654:,1747647651569
counter/1/0/0/0,750:1747647650922:,1747647651569
counter/1/0/0/0,751:1747647650922:,1747647651569
counter/1/0/0/0,752:1747647650922:,1747647651569
counter/1/0/0/0,753:1747647650922:,1747647651569
counter/1/0/0/0,754:1747647650922:,1747647651569
counter/10/0/0/0,762:1747647650885:,1747647651569
counter/3/0/0/0,923:1747647650719:,1747647651569
counter/8/0/0/0,987:1747647650691:,1747647651569
counter/6/0/0/0,742:1747647650782:,1747647651569
counter/3/0/0/0,924:1747647650719:,1747647651570
counter/3/0/0/0,925:1747647650719:,1747647651570
counter/3/0/0/0,926:1747647650719:,1747647651570
counter/3/0/0/0,927:1747647650719:,1747647651570
counter/8/0/0/0,988:1747647650692:,1747647651570
counter/3/0/0/0,928:1747647650719:,1747647651570
counter/3/0/0/0,929:1747647650719:,1747647651570
counter/5/0/0/0,685:1747647650654:,1747647651570
counter/8/0/0/0,989:1747647650692:,1747647651570
counter/8/0/0/0,990:1747647650692:,1747647651570
counter/8/0/0/0,991:1747647650692:,1747647651570
counter/8/0/0/0,992:1747647650692:,1747647651571
counter/8/0/0/0,993:1747647650692:,1747647651571
counter/9/0/0/0,861:1747647650874:,1747647651571
counter/9/0/0/0,862:1747647650875:,1747647651571
counter/9/0/0/0,863:1747647650875:,1747647651571
counter/9/0/0/0,864:1747647650875:,1747647651571
counter/9/0/0/0,865:1747647650875:,1747647651571
counter/9/0/0/0,866:1747647650875:,1747647651571
counter/9/0/0/0,867:1747647650875:,1747647651571
counter/9/0/0/0,868:1747647650875:,1747647651572
counter/2/0/0/0,798:1747647650728:,1747647651572
counter/10/0/0/0,763:1747647650894:,1747647651572
counter/9/0/0/0,869:1747647650875:,1747647651573
counter/7/0/0/0,688:1747647650784:,1747647651574
counter/5/0/0/0,686:1747647650654:,1747647651574
counter/9/0/0/0,870:1747647650875:,1747647651574
counter/9/0/0/0,871:1747647650875:,1747647651574
counter/9/0/0/0,872:1747647650875:,1747647651574
counter/9/0/0/0,873:1747647650875:,1747647651574
counter/9/0/0/0,874:1747647650875:,1747647651574
counter/9/0/0/0,875:1747647650875:,1747647651574
counter/9/0/0/0,876:1747647650875:,1747647651574
counter/10/0/0/0,764:1747647650894:,1747647651574
counter/1/0/0/0,755:1747647650922:,1747647651575
counter/4/0/0/0,799:1747647650895:,1747647651575
counter/1/0/0/0,756:1747647650922:,1747647651575
counter/4/0/0/0,800:1747647650895:,1747647651575
counter/9/0/0/0,877:1747647650876:,1747647651575
counter/8/0/0/0,994:1747647650692:,1747647651576
counter/2/0/0/0,799:1747647650728:,1747647651577
counter/8/0/0/0,995:1747647650692:,1747647651577
counter/8/0/0/0,996:1747647650692:,1747647651577
counter/8/0/0/0,997:1747647650692:,1747647651577
counter/8/0/0/0,998:1747647650692:,1747647651579
counter/4/0/0/0,801:1747647650895:,1747647651580
counter/9/0/0/0,878:1747647650876:,1747647651580
counter/9/0/0/0,879:1747647650876:,1747647651580
counter/10/0/0/0,765:1747647650894:,1747647651580
counter/10/0/0/0,766:1747647650894:,1747647651580
counter/10/0/0/0,767:1747647650894:,1747647651580
counter/6/0/0/0,743:1747647650782:,1747647651580
counter/7/0/0/0,689:1747647650784:,1747647651581
counter/3/0/0/0,930:1747647650719:,1747647651581
counter/3/0/0/0,931:1747647650719:,1747647651581
counter/3/0/0/0,932:1747647650720:,1747647651581
counter/3/0/0/0,933:1747647650720:,1747647651581
counter/3/0/0/0,934:1747647650720:,1747647651581
counter/3/0/0/0,935:1747647650720:,1747647651581
counter/3/0/0/0,936:1747647650720:,1747647651581
counter/3/0/0/0,937:1747647650720:,1747647651581
counter/3/0/0/0,938:1747647650720:,1747647651581
counter/3/0/0/0,939:1747647650720:,1747647651581
counter/3/0/0/0,940:1747647650720:,1747647651581
counter/3/0/0/0,941:1747647650720:,1747647651581
counter/2/0/0/0,800:1747647650728:,1747647651581
counter/4/0/0/0,802:1747647650905:,1747647651582
counter/4/0/0/0,803:1747647650905:,1747647651582
counter/4/0/0/0,804:1747647650905:,1747647651582
counter/5/0/0/0,687:1747647650655:,1747647651582
counter/6/0/0/0,744:1747647650782:,1747647651582
counter/5/0/0/0,688:1747647650655:,1747647651582
counter/10/0/0/0,768:1747647650894:,1747647651582
counter/10/0/0/0,769:1747647650894:,1747647651582
counter/4/0/0/0,805:1747647650905:,1747647651582
counter/6/0/0/0,745:1747647650782:,1747647651582
counter/5/0/0/0,689:1747647650655:,1747647651582
counter/5/0/0/0,690:1747647650655:,1747647651582
counter/5/0/0/0,691:1747647650655:,1747647651583
counter/8/0/0/0,999:1747647650692:,1747647651583
counter/6/0/0/0,746:1747647650782:,1747647651583
counter/8/0/0/0,1000:1747647650692:,1747647651583
counter/8/0/0/0,1001:1747647650692:,1747647651583
counter/8/0/0/0,1002:1747647650692:,1747647651583
counter/8/0/0/0,1003:1747647650693:,1747647651583
counter/8/0/0/0,1004:1747647650703:,1747647651583
counter/8/0/0/0,1005:1747647650703:,1747647651584
counter/8/0/0/0,1006:1747647650703:,1747647651584
counter/8/0/0/0,1007:1747647650703:,1747647651584
counter/8/0/0/0,1008:1747647650703:,1747647651584
counter/1/0/0/0,757:1747647650922:,1747647651584
counter/1/0/0/0,758:1747647650922:,1747647651584
counter/1/0/0/0,759:1747647650922:,1747647651584
counter/1/0/0/0,760:1747647650922:,1747647651584
counter/1/0/0/0,761:1747647650922:,1747647651584
counter/1/0/0/0,762:1747647650922:,1747647651584
counter/1/0/0/0,763:1747647650922:,1747647651584
counter/9/0/0/0,880:1747647650876:,1747647651584
counter/1/0/0/0,764:1747647650922:,1747647651584
counter/1/0/0/0,765:1747647650922:,1747647651584
counter/1/0/0/0,766:1747647650923:,1747647651584
counter/1/0/0/0,767:1747647650923:,1747647651585
counter/1/0/0/0,768:1747647650923:,1747647651585
counter/6/0/0/0,747:1747647650782:,1747647651585
counter/7/0/0/0,690:1747647650784:,1747647651586
counter/4/0/0/0,806:1747647650905:,1747647651586
counter/9/0/0/0,881:1747647650876:,1747647651586
counter/6/0/0/0,748:1747647650782:,1747647651586
counter/6/0/0/0,749:1747647650782:,1747647651587
counter/6/0/0/0,750:1747647650782:,1747647651587
counter/6/0/0/0,751:1747647650788:,1747647651587
counter/5/0/0/0,692:1747647650655:,1747647651587
counter/9/0/0/0,882:1747647650876:,1747647651587
counter/1/0/0/0,769:1747647650923:,1747647651588
counter/1/0/0/0,770:1747647650923:,1747647651588
counter/9/0/0/0,883:1747647650876:,1747647651588
counter/6/0/0/0,752:1747647650788:,1747647651588
counter/6/0/0/0,753:1747647650788:,1747647651588
counter/6/0/0/0,754:1747647650788:,1747647651588
counter/6/0/0/0,755:1747647650788:,1747647651588
counter/6/0/0/0,756:1747647650788:,1747647651588
counter/6/0/0/0,757:1747647650788:,1747647651588
counter/6/0/0/0,758:1747647650788:,1747647651588
counter/6/0/0/0,759:1747647650788:,1747647651588
counter/6/0/0/0,760:1747647650788:,1747647651588
counter/6/0/0/0,761:1747647650788:,1747647651588
counter/6/0/0/0,762:1747647650788:,1747647651588
counter/6/0/0/0,763:1747647650788:,1747647651588
counter/6/0/0/0,764:1747647650788:,1747647651589
counter/6/0/0/0,765:1747647650788:,1747647651589
counter/6/0/0/0,766:1747647650788:,1747647651589
counter/6/0/0/0,767:1747647650789:,1747647651589
counter/6/0/0/0,768:1747647650790:,1747647651589
counter/6/0/0/0,769:1747647650790:,1747647651589
counter/6/0/0/0,770:1747647650790:,1747647651589
counter/7/0/0/0,691:1747647650784:,1747647651589
counter/9/0/0/0,884:1747647650876:,1747647651589
counter/4/0/0/0,807:1747647650905:,1747647651589
counter/4/0/0/0,808:1747647650905:,1747647651589
counter/4/0/0/0,809:1747647650905:,1747647651590
counter/4/0/0/0,810:1747647650905:,1747647651590
counter/4/0/0/0,811:1747647650905:,1747647651590
counter/4/0/0/0,812:1747647650907:,1747647651590
counter/4/0/0/0,813:1747647650907:,1747647651590
counter/8/0/0/0,1009:1747647650703:,1747647651590
counter/2/0/0/0,801:1747647650728:,1747647651590
counter/7/0/0/0,692:1747647650784:,1747647651590
counter/7/0/0/0,693:1747647650786:,1747647651590
counter/3/0/0/0,942:1747647650720:,1747647651590
counter/1/0/0/0,771:1747647650923:,1747647651592
counter/1/0/0/0,772:1747647650923:,1747647651592
counter/1/0/0/0,773:1747647650923:,1747647651592
counter/1/0/0/0,774:1747647650923:,1747647651592
counter/1/0/0/0,775:1747647650923:,1747647651592
counter/10/0/0/0,770:1747647650894:,1747647651592
counter/10/0/0/0,771:1747647650894:,1747647651592
counter/10/0/0/0,772:1747647650897:,1747647651592
counter/5/0/0/0,693:1747647650655:,1747647651592
counter/5/0/0/0,694:1747647650655:,1747647651592
counter/4/0/0/0,814:1747647650907:,1747647651592
counter/4/0/0/0,815:1747647650907:,1747647651592
counter/4/0/0/0,816:1747647650913:,1747647651592
counter/4/0/0/0,817:1747647650914:,1747647651593
counter/4/0/0/0,818:1747647650914:,1747647651593
counter/4/0/0/0,819:1747647650914:,1747647651593
counter/4/0/0/0,820:1747647650914:,1747647651593
counter/4/0/0/0,821:1747647650914:,1747647651593
counter/4/0/0/0,822:1747647650914:,1747647651593
counter/4/0/0/0,823:1747647650914:,1747647651593
counter/4/0/0/0,824:1747647650914:,1747647651593
counter/4/0/0/0,825:1747647650916:,1747647651593
counter/2/0/0/0,802:1747647650728:,1747647651593
counter/7/0/0/0,694:1747647650786:,1747647651593
counter/7/0/0/0,695:1747647650786:,1747647651593
counter/8/0/0/0,1010:1747647650703:,1747647651593
counter/8/0/0/0,1011:1747647650703:,1747647651593
counter/5/0/0/0,695:1747647650655:,1747647651593
counter/6/0/0/0,771:1747647650790:,1747647651593
counter/5/0/0/0,696:1747647650655:,1747647651593
counter/5/0/0/0,697:1747647650655:,1747647651593
counter/5/0/0/0,698:1747647650656:,1747647651593
counter/5/0/0/0,699:1747647650656:,1747647651593
counter/5/0/0/0,700:1747647650657:,1747647651593
counter/5/0/0/0,701:1747647650657:,1747647651593
counter/5/0/0/0,702:1747647650657:,1747647651593
counter/5/0/0/0,703:1747647650657:,1747647651594
counter/5/0/0/0,704:1747647650657:,1747647651594
counter/4/0/0/0,826:1747647650917:,1747647651594
counter/5/0/0/0,705:1747647650657:,1747647651594
counter/3/0/0/0,943:1747647650720:,1747647651594
counter/1/0/0/0,776:1747647650924:,1747647651594
counter/6/0/0/0,772:1747647650790:,1747647651594
counter/6/0/0/0,773:1747647650790:,1747647651594
counter/6/0/0/0,774:1747647650790:,1747647651594
counter/6/0/0/0,775:1747647650790:,1747647651594
counter/6/0/0/0,776:1747647650790:,1747647651594
counter/6/0/0/0,777:1747647650790:,1747647651594
counter/6/0/0/0,778:1747647650790:,1747647651594
counter/6/0/0/0,779:1747647650790:,1747647651594
counter/6/0/0/0,780:1747647650793:,1747647651594
counter/6/0/0/0,781:1747647650793:,1747647651594
counter/6/0/0/0,782:1747647650793:,1747647651594
counter/6/0/0/0,783:1747647650800:,1747647651594
counter/6/0/0/0,784:1747647650801:,1747647651594
counter/6/0/0/0,785:1747647650801:,1747647651594
counter/6/0/0/0,786:1747647650801:,1747647651594
counter/6/0/0/0,787:1747647650801:,1747647651594
counter/5/0/0/0,706:1747647650657:,1747647651594
counter/4/0/0/0,827:1747647650917:,1747647651595
counter/1/0/0/0,777:1747647650924:,1747647651596
counter/1/0/0/0,778:1747647650924:,1747647651596
counter/1/0/0/0,779:1747647650924:,1747647651596
counter/1/0/0/0,780:1747647650924:,1747647651596
counter/3/0/0/0,944:1747647650720:,1747647651596
counter/2/0/0/0,803:1747647650728:,1747647651596
counter/4/0/0/0,828:1747647650917:,1747647651596
counter/2/0/0/0,804:1747647650728:,1747647651596
counter/2/0/0/0,805:1747647650728:,1747647651596
counter/2/0/0/0,806:1747647650728:,1747647651596
counter/9/0/0/0,885:1747647650876:,1747647651597
counter/9/0/0/0,886:1747647650876:,1747647651597
counter/9/0/0/0,887:1747647650876:,1747647651597
counter/9/0/0/0,888:1747647650876:,1747647651597
counter/2/0/0/0,807:1747647650728:,1747647651597
counter/8/0/0/0,1012:1747647650703:,1747647651597
counter/2/0/0/0,808:1747647650728:,1747647651597
counter/2/0/0/0,809:1747647650728:,1747647651597
counter/2/0/0/0,810:1747647650728:,1747647651597
counter/2/0/0/0,811:1747647650728:,1747647651597
counter/10/0/0/0,773:1747647650897:,1747647651598
counter/10/0/0/0,774:1747647650898:,1747647651598
counter/10/0/0/0,775:1747647650901:,1747647651598
counter/10/0/0/0,776:1747647650901:,1747647651598
counter/10/0/0/0,777:1747647650902:,1747647651598
counter/10/0/0/0,778:1747647650902:,1747647651599
counter/10/0/0/0,779:1747647650902:,1747647651599
counter/10/0/0/0,780:1747647650902:,1747647651599
counter/10/0/0/0,781:1747647650902:,1747647651599
counter/10/0/0/0,782:1747647650902:,1747647651599
counter/6/0/0/0,788:1747647650801:,1747647651599
counter/10/0/0/0,783:1747647650902:,1747647651600
counter/10/0/0/0,784:1747647650904:,1747647651600
counter/10/0/0/0,785:1747647650904:,1747647651600
counter/4/0/0/0,829:1747647650917:,1747647651600
counter/10/0/0/0,786:1747647650904:,1747647651600
counter/8/0/0/0,1013:1747647650703:,1747647651601
counter/8/0/0/0,1014:1747647650703:,1747647651601
counter/8/0/0/0,1015:1747647650703:,1747647651601
counter/8/0/0/0,1016:1747647650703:,1747647651601
counter/8/0/0/0,1017:1747647650703:,1747647651601
counter/8/0/0/0,1018:1747647650703:,1747647651601
counter/8/0/0/0,1019:1747647650711:,1747647651601
counter/8/0/0/0,1020:1747647650711:,1747647651601
counter/8/0/0/0,1021:1747647650711:,1747647651601
counter/8/0/0/0,1022:1747647650711:,1747647651601
counter/8/0/0/0,1023:1747647650711:,1747647651601
counter/8/0/0/0,1024:1747647650722:,1747647651601
counter/8/0/0/0,1025:1747647650722:,1747647651601
counter/7/0/0/0,696:1747647650786:,1747647651601
counter/1/0/0/0,781:1747647650924:,1747647651601
counter/7/0/0/0,697:1747647650786:,1747647651601
counter/1/0/0/0,782:1747647650924:,1747647651601
counter/7/0/0/0,698:1747647650786:,1747647651602
counter/7/0/0/0,699:1747647650786:,1747647651602
counter/1/0/0/0,783:1747647650924:,1747647651602
counter/5/0/0/0,707:1747647650657:,1747647651603
counter/5/0/0/0,708:1747647650661:,1747647651603
counter/5/0/0/0,709:1747647650661:,1747647651603
counter/5/0/0/0,710:1747647650661:,1747647651603
counter/2/0/0/0,812:1747647650739:,1747647651603
counter/7/0/0/0,700:1747647650787:,1747647651604
counter/4/0/0/0,830:1747647650917:,1747647651604
counter/4/0/0/0,831:1747647650917:,1747647651604
counter/4/0/0/0,832:1747647650917:,1747647651604
counter/4/0/0/0,833:1747647650917:,1747647651604
counter/4/0/0/0,834:1747647650917:,1747647651604
counter/4/0/0/0,835:1747647650917:,1747647651604
counter/4/0/0/0,836:1747647650917:,1747647651604
counter/4/0/0/0,837:1747647650917:,1747647651604
counter/4/0/0/0,838:1747647650917:,1747647651604
counter/4/0/0/0,839:1747647650917:,1747647651604
counter/4/0/0/0,840:1747647650917:,1747647651604
counter/4/0/0/0,841:1747647650918:,1747647651604
counter/4/0/0/0,842:1747647650918:,1747647651604
counter/2/0/0/0,813:1747647650757:,1747647651605
counter/9/0/0/0,889:1747647650879:,1747647651605
counter/9/0/0/0,890:1747647650879:,1747647651605
counter/1/0/0/0,784:1747647650924:,1747647651605
counter/10/0/0/0,787:1747647650904:,1747647651605
counter/1/0/0/0,785:1747647650924:,1747647651605
counter/1/0/0/0,786:1747647650924:,1747647651605
counter/8/0/0/0,1026:1747647650722:,1747647651606
counter/8/0/0/0,1027:1747647650722:,1747647651606
counter/8/0/0/0,1028:1747647650722:,1747647651606
counter/7/0/0/0,701:1747647650787:,1747647651606
counter/7/0/0/0,702:1747647650787:,1747647651606
counter/7/0/0/0,703:1747647650787:,1747647651606
counter/7/0/0/0,704:1747647650787:,1747647651606
counter/7/0/0/0,705:1747647650787:,1747647651606
counter/2/0/0/0,814:1747647650758:,1747647651606
counter/7/0/0/0,706:1747647650787:,1747647651607
counter/2/0/0/0,815:1747647650759:,1747647651607
counter/9/0/0/0,891:1747647650879:,1747647651607
counter/9/0/0/0,892:1747647650879:,1747647651607
counter/9/0/0/0,893:1747647650879:,1747647651607
counter/1/0/0/0,787:1747647650924:,1747647651607
counter/3/0/0/0,945:1747647650720:,1747647651608
counter/1/0/0/0,788:1747647650924:,1747647651608
counter/6/0/0/0,789:1747647650801:,1747647651608
counter/3/0/0/0,946:1747647650720:,1747647651608
counter/6/0/0/0,790:1747647650801:,1747647651608
counter/3/0/0/0,947:1747647650720:,1747647651609
counter/3/0/0/0,948:1747647650720:,1747647651609
counter/5/0/0/0,711:1747647650662:,1747647651611
counter/7/0/0/0,707:1747647650787:,1747647651612
counter/7/0/0/0,708:1747647650787:,1747647651612
counter/9/0/0/0,894:1747647650879:,1747647651612
counter/1/0/0/0,789:1747647650924:,1747647651617
counter/5/0/0/0,712:1747647650662:,1747647651617
counter/1/0/0/0,790:1747647650924:,1747647651617
counter/1/0/0/0,791:1747647650924:,1747647651617
counter/1/0/0/0,792:1747647650924:,1747647651617
counter/6/0/0/0,791:1747647650801:,1747647651617
counter/1/0/0/0,793:1747647650924:,1747647651617
counter/2/0/0/0,816:1747647650759:,1747647651618
counter/8/0/0/0,1029:1747647650726:,1747647651618
counter/3/0/0/0,949:1747647650720:,1747647651619
counter/3/0/0/0,950:1747647650720:,1747647651619
counter/3/0/0/0,951:1747647650724:,1747647651619
counter/3/0/0/0,952:1747647650725:,1747647651619
counter/7/0/0/0,709:1747647650787:,1747647651620
counter/8/0/0/0,1030:1747647650726:,1747647651621
counter/8/0/0/0,1031:1747647650726:,1747647651622
counter/8/0/0/0,1032:1747647650726:,1747647651622
counter/8/0/0/0,1033:1747647650727:,1747647651622
counter/8/0/0/0,1034:1747647650727:,1747647651622
counter/8/0/0/0,1035:1747647650727:,1747647651622
counter/8/0/0/0,1036:1747647650727:,1747647651622
counter/8/0/0/0,1037:1747647650727:,1747647651622
counter/8/0/0/0,1038:1747647650729:,1747647651622
counter/8/0/0/0,1039:1747647650729:,1747647651622
counter/8/0/0/0,1040:1747647650729:,1747647651622
counter/8/0/0/0,1041:1747647650729:,1747647651622
counter/9/0/0/0,895:1747647650879:,1747647651623
counter/9/0/0/0,896:1747647650879:,1747647651623
counter/9/0/0/0,897:1747647650879:,1747647651623
counter/9/0/0/0,898:1747647650879:,1747647651623
counter/9/0/0/0,899:1747647650879:,1747647651623
counter/9/0/0/0,900:1747647650881:,1747647651623
counter/9/0/0/0,901:1747647650882:,1747647651623
counter/9/0/0/0,902:1747647650882:,1747647651623
counter/1/0/0/0,794:1747647650924:,1747647651623
counter/4/0/0/0,843:1747647650918:,1747647651623
counter/4/0/0/0,844:1747647650918:,1747647651623
counter/3/0/0/0,953:1747647650725:,1747647651623
counter/3/0/0/0,954:1747647650725:,1747647651623
counter/3/0/0/0,955:1747647650725:,1747647651624
counter/3/0/0/0,956:1747647650725:,1747647651624
counter/3/0/0/0,957:1747647650725:,1747647651624
counter/3/0/0/0,958:1747647650725:,1747647651624
counter/3/0/0/0,959:1747647650725:,1747647651624
counter/3/0/0/0,960:1747647650725:,1747647651624
counter/3/0/0/0,961:1747647650725:,1747647651624
counter/3/0/0/0,962:1747647650725:,1747647651624
counter/3/0/0/0,963:1747647650725:,1747647651624
counter/3/0/0/0,964:1747647650725:,1747647651624
counter/3/0/0/0,965:1747647650725:,1747647651624
counter/5/0/0/0,713:1747647650662:,1747647651624
counter/3/0/0/0,966:1747647650725:,1747647651624
counter/1/0/0/0,795:1747647650924:,1747647651624
counter/3/0/0/0,967:1747647650725:,1747647651624
counter/8/0/0/0,1042:1747647650729:,1747647651624
counter/10/0/0/0,788:1747647650904:,1747647651624
counter/3/0/0/0,968:1747647650731:,1747647651624
counter/10/0/0/0,789:1747647650904:,1747647651624
counter/10/0/0/0,790:1747647650905:,1747647651624
counter/10/0/0/0,791:1747647650905:,1747647651624
counter/10/0/0/0,792:1747647650905:,1747647651624
counter/10/0/0/0,793:1747647650905:,1747647651624
counter/6/0/0/0,792:1747647650819:,1747647651624
counter/6/0/0/0,793:1747647650819:,1747647651625
counter/6/0/0/0,794:1747647650819:,1747647651625
counter/6/0/0/0,795:1747647650819:,1747647651625
counter/6/0/0/0,796:1747647650819:,1747647651625
counter/5/0/0/0,714:1747647650662:,1747647651625
counter/6/0/0/0,797:1747647650820:,1747647651626
counter/5/0/0/0,715:1747647650664:,1747647651626
counter/5/0/0/0,716:1747647650664:,1747647651626
counter/5/0/0/0,717:1747647650664:,1747647651626
counter/5/0/0/0,718:1747647650664:,1747647651626
counter/5/0/0/0,719:1747647650664:,1747647651626
counter/5/0/0/0,720:1747647650664:,1747647651626
counter/5/0/0/0,721:1747647650664:,1747647651626
counter/5/0/0/0,722:1747647650664:,1747647651626
counter/5/0/0/0,723:1747647650669:,1747647651626
counter/5/0/0/0,724:1747647650669:,1747647651626
counter/5/0/0/0,725:1747647650669:,1747647651626
counter/1/0/0/0,796:1747647650924:,1747647651626
counter/5/0/0/0,726:1747647650674:,1747647651627
counter/6/0/0/0,798:1747647650820:,1747647651627
counter/6/0/0/0,799:1747647650826:,1747647651627
counter/6/0/0/0,800:1747647650826:,1747647651628
counter/6/0/0/0,801:1747647650826:,1747647651628
counter/6/0/0/0,802:1747647650826:,1747647651628
counter/6/0/0/0,803:1747647650826:,1747647651628
counter/6/0/0/0,804:1747647650826:,1747647651628
counter/6/0/0/0,805:1747647650826:,1747647651628
counter/6/0/0/0,806:1747647650826:,1747647651628
counter/1/0/0/0,797:1747647650924:,1747647651629
counter/3/0/0/0,969:1747647650731:,1747647651629
counter/1/0/0/0,798:1747647650924:,1747647651629
counter/6/0/0/0,807:1747647650826:,1747647651629
counter/6/0/0/0,808:1747647650826:,1747647651629
counter/6/0/0/0,809:1747647650836:,1747647651629
counter/6/0/0/0,810:1747647650836:,1747647651629
counter/6/0/0/0,811:1747647650836:,1747647651629
counter/3/0/0/0,970:1747647650731:,1747647651629
counter/3/0/0/0,971:1747647650731:,1747647651629
counter/3/0/0/0,972:1747647650731:,1747647651629
counter/3/0/0/0,973:1747647650731:,1747647651629
counter/1/0/0/0,799:1747647650924:,1747647651629
counter/10/0/0/0,794:1747647650905:,1747647651629
counter/8/0/0/0,1043:1747647650729:,1747647651629
counter/3/0/0/0,974:1747647650731:,1747647651630
counter/3/0/0/0,975:1747647650731:,1747647651630
counter/3/0/0/0,976:1747647650731:,1747647651630
counter/3/0/0/0,977:1747647650731:,1747647651630
counter/3/0/0/0,978:1747647650734:,1747647651630
counter/3/0/0/0,979:1747647650745:,1747647651630
counter/8/0/0/0,1044:1747647650729:,1747647651630
counter/1/0/0/0,800:1747647650924:,1747647651631
counter/1/0/0/0,801:1747647650924:,1747647651631
counter/1/0/0/0,802:1747647650924:,1747647651632
counter/1/0/0/0,803:1747647650924:,1747647651632
counter/7/0/0/0,710:1747647650787:,1747647651632
counter/1/0/0/0,804:1747647650924:,1747647651632
counter/1/0/0/0,805:1747647650933:,1747647651632
counter/8/0/0/0,1045:1747647650729:,1747647651632
counter/5/0/0/0,727:1747647650675:,1747647651632
counter/5/0/0/0,728:1747647650675:,1747647651632
counter/5/0/0/0,729:1747647650675:,1747647651632
counter/5/0/0/0,730:1747647650675:,1747647651632
counter/8/0/0/0,1046:1747647650729:,1747647651633
counter/5/0/0/0,731:1747647650677:,1747647651633
counter/5/0/0/0,732:1747647650677:,1747647651633
counter/5/0/0/0,733:1747647650677:,1747647651633
counter/5/0/0/0,734:1747647650677:,1747647651633
counter/5/0/0/0,735:1747647650677:,1747647651633
counter/5/0/0/0,736:1747647650677:,1747647651633
counter/9/0/0/0,903:1747647650883:,1747647651633
counter/1/0/0/0,806:1747647650933:,1747647651634
counter/7/0/0/0,711:1747647650787:,1747647651634
counter/7/0/0/0,712:1747647650787:,1747647651634
counter/7/0/0/0,713:1747647650787:,1747647651635
counter/7/0/0/0,714:1747647650787:,1747647651635
counter/7/0/0/0,715:1747647650787:,1747647651635
counter/2/0/0/0,817:1747647650759:,1747647651635
counter/2/0/0/0,818:1747647650759:,1747647651635
counter/4/0/0/0,845:1747647650918:,1747647651635
counter/4/0/0/0,846:1747647650918:,1747647651635
counter/4/0/0/0,847:1747647650918:,1747647651635
counter/4/0/0/0,848:1747647650918:,1747647651635
counter/4/0/0/0,849:1747647650918:,1747647651635
counter/4/0/0/0,850:1747647650918:,1747647651635
counter/4/0/0/0,851:1747647650918:,1747647651635
counter/4/0/0/0,852:1747647650918:,1747647651635
counter/4/0/0/0,853:1747647650918:,1747647651635
counter/4/0/0/0,854:1747647650918:,1747647651635
counter/4/0/0/0,855:1747647650918:,1747647651635
counter/4/0/0/0,856:1747647650918:,1747647651635
counter/4/0/0/0,857:1747647650918:,1747647651635
counter/4/0/0/0,858:1747647650918:,1747647651635
counter/4/0/0/0,859:1747647650918:,1747647651635
counter/1/0/0/0,807:1747647650933:,1747647651635
counter/1/0/0/0,808:1747647650933:,1747647651636
counter/2/0/0/0,819:1747647650759:,1747647651636
counter/10/0/0/0,795:1747647650908:,1747647651636
counter/10/0/0/0,796:1747647650908:,1747647651636
counter/10/0/0/0,797:1747647650908:,1747647651636
counter/10/0/0/0,798:1747647650908:,1747647651637
counter/9/0/0/0,904:1747647650883:,1747647651637
counter/9/0/0/0,905:1747647650883:,1747647651637
counter/9/0/0/0,906:1747647650883:,1747647651637
counter/9/0/0/0,907:1747647650883:,1747647651637
counter/8/0/0/0,1047:1747647650729:,1747647651637
counter/7/0/0/0,716:1747647650787:,1747647651637
counter/8/0/0/0,1048:1747647650730:,1747647651638
counter/2/0/0/0,820:1747647650760:,1747647651638
counter/8/0/0/0,1049:1747647650733:,1747647651638
counter/8/0/0/0,1050:1747647650734:,1747647651638
counter/2/0/0/0,821:1747647650760:,1747647651638
counter/6/0/0/0,812:1747647650836:,1747647651638
counter/3/0/0/0,980:1747647650745:,1747647651638
counter/3/0/0/0,981:1747647650745:,1747647651640
counter/9/0/0/0,908:1747647650883:,1747647651640
counter/4/0/0/0,860:1747647650918:,1747647651641
counter/4/0/0/0,861:1747647650918:,1747647651641
counter/4/0/0/0,862:1747647650918:,1747647651641
counter/4/0/0/0,863:1747647650918:,1747647651642
counter/4/0/0/0,864:1747647650918:,1747647651642
counter/4/0/0/0,865:1747647650918:,1747647651642
counter/4/0/0/0,866:1747647650918:,1747647651642
counter/4/0/0/0,867:1747647650918:,1747647651642
counter/7/0/0/0,717:1747647650787:,1747647651642
counter/8/0/0/0,1051:1747647650734:,1747647651643
counter/3/0/0/0,982:1747647650745:,1747647651643
counter/5/0/0/0,737:1747647650677:,1747647651643
counter/6/0/0/0,813:1747647650836:,1747647651643
counter/6/0/0/0,814:1747647650836:,1747647651643
counter/7/0/0/0,718:1747647650795:,1747647651643
counter/6/0/0/0,815:1747647650836:,1747647651643
counter/1/0/0/0,809:1747647650933:,1747647651643
counter/6/0/0/0,816:1747647650836:,1747647651643
counter/7/0/0/0,719:1747647650795:,1747647651643
counter/7/0/0/0,720:1747647650795:,1747647651643
counter/2/0/0/0,822:1747647650760:,1747647651644
counter/2/0/0/0,823:1747647650760:,1747647651644
counter/2/0/0/0,824:1747647650760:,1747647651644
counter/2/0/0/0,825:1747647650760:,1747647651644
counter/2/0/0/0,826:1747647650760:,1747647651644
counter/2/0/0/0,827:1747647650760:,1747647651644
counter/2/0/0/0,828:1747647650760:,1747647651644
counter/9/0/0/0,909:1747647650883:,1747647651645
counter/2/0/0/0,829:1747647650760:,1747647651645
counter/10/0/0/0,799:1747647650908:,1747647651645
counter/10/0/0/0,800:1747647650908:,1747647651645
counter/6/0/0/0,817:1747647650836:,1747647651645
counter/4/0/0/0,868:1747647650919:,1747647651647
counter/4/0/0/0,869:1747647650919:,1747647651647
counter/4/0/0/0,870:1747647650919:,1747647651647
counter/4/0/0/0,871:1747647650919:,1747647651647
counter/1/0/0/0,810:1747647650933:,1747647651647
counter/6/0/0/0,818:1747647650836:,1747647651647
counter/8/0/0/0,1052:1747647650737:,1747647651648
counter/5/0/0/0,738:1747647650677:,1747647651648
counter/7/0/0/0,721:1747647650795:,1747647651648
counter/2/0/0/0,830:1747647650760:,1747647651649
counter/2/0/0/0,831:1747647650760:,1747647651649
counter/3/0/0/0,983:1747647650745:,1747647651649
counter/3/0/0/0,984:1747647650745:,1747647651649
counter/3/0/0/0,985:1747647650745:,1747647651649
counter/3/0/0/0,986:1747647650745:,1747647651649
counter/3/0/0/0,987:1747647650745:,1747647651649
counter/9/0/0/0,910:1747647650883:,1747647651649
counter/6/0/0/0,819:1747647650836:,1747647651649
counter/1/0/0/0,811:1747647650933:,1747647651650
counter/3/0/0/0,988:1747647650745:,1747647651650
counter/4/0/0/0,872:1747647650919:,1747647651650
counter/4/0/0/0,873:1747647650919:,1747647651650
counter/4/0/0/0,874:1747647650919:,1747647651651
counter/4/0/0/0,875:1747647650919:,1747647651651
counter/4/0/0/0,876:1747647650919:,1747647651651
counter/4/0/0/0,877:1747647650919:,1747647651651
counter/8/0/0/0,1053:1747647650743:,1747647651652
counter/1/0/0/0,812:1747647650933:,1747647651652
counter/7/0/0/0,722:1747647650795:,1747647651652
counter/4/0/0/0,878:1747647650919:,1747647651653
counter/4/0/0/0,879:1747647650919:,1747647651653
counter/10/0/0/0,801:1747647650908:,1747647651653
counter/9/0/0/0,911:1747647650896:,1747647651653
counter/8/0/0/0,1054:1747647650747:,1747647651653
counter/9/0/0/0,912:1747647650896:,1747647651653
counter/9/0/0/0,913:1747647650896:,1747647651653
counter/9/0/0/0,914:1747647650896:,1747647651653
counter/9/0/0/0,915:1747647650896:,1747647651653
counter/9/0/0/0,916:1747647650896:,1747647651653
counter/9/0/0/0,917:1747647650896:,1747647651653
counter/1/0/0/0,813:1747647650936:,1747647651653
counter/2/0/0/0,832:1747647650760:,1747647651654
counter/4/0/0/0,880:1747647650919:,1747647651654
counter/4/0/0/0,881:1747647650919:,1747647651654
counter/4/0/0/0,882:1747647650919:,1747647651654
counter/4/0/0/0,883:1747647650919:,1747647651654
counter/4/0/0/0,884:1747647650919:,1747647651654
counter/4/0/0/0,885:1747647650930:,1747647651654
counter/4/0/0/0,886:1747647650930:,1747647651654
counter/4/0/0/0,887:1747647650930:,1747647651654
counter/4/0/0/0,888:1747647650930:,1747647651654
counter/4/0/0/0,889:1747647650930:,1747647651654
counter/4/0/0/0,890:1747647650930:,1747647651654
counter/9/0/0/0,918:1747647650896:,1747647651655
counter/4/0/0/0,891:1747647650930:,1747647651655
counter/3/0/0/0,989:1747647650753:,1747647651655
counter/5/0/0/0,739:1747647650677:,1747647651655
counter/5/0/0/0,740:1747647650677:,1747647651655
counter/5/0/0/0,741:1747647650677:,1747647651655
counter/5/0/0/0,742:1747647650679:,1747647651655
counter/5/0/0/0,743:1747647650679:,1747647651655
counter/5/0/0/0,744:1747647650679:,1747647651655
counter/7/0/0/0,723:1747647650795:,1747647651656
counter/7/0/0/0,724:1747647650795:,1747647651656
counter/7/0/0/0,725:1747647650795:,1747647651656
counter/7/0/0/0,726:1747647650795:,1747647651656
counter/7/0/0/0,727:1747647650795:,1747647651656
counter/7/0/0/0,728:1747647650795:,1747647651656
counter/1/0/0/0,814:1747647650940:,1747647651657
counter/1/0/0/0,815:1747647650940:,1747647651659
counter/5/0/0/0,745:1747647650680:,1747647651659
counter/5/0/0/0,746:1747647650680:,1747647651659
counter/5/0/0/0,747:1747647650680:,1747647651659
counter/5/0/0/0,748:1747647650680:,1747647651659
counter/5/0/0/0,749:1747647650680:,1747647651659
counter/10/0/0/0,802:1747647650908:,1747647651659
counter/7/0/0/0,729:1747647650808:,1747647651659
counter/8/0/0/0,1055:1747647650747:,1747647651659
counter/8/0/0/0,1056:1747647650747:,1747647651659
counter/8/0/0/0,1057:1747647650747:,1747647651660
counter/8/0/0/0,1058:1747647650747:,1747647651660
counter/8/0/0/0,1059:1747647650747:,1747647651660
counter/8/0/0/0,1060:1747647650747:,1747647651660
counter/9/0/0/0,919:1747647650896:,1747647651660
counter/2/0/0/0,833:1747647650760:,1747647651660
counter/3/0/0/0,990:1747647650753:,1747647651660
counter/2/0/0/0,834:1747647650760:,1747647651660
counter/6/0/0/0,820:1747647650836:,1747647651660
counter/6/0/0/0,821:1747647650836:,1747647651660
counter/6/0/0/0,822:1747647650836:,1747647651660
counter/6/0/0/0,823:1747647650836:,1747647651660
counter/6/0/0/0,824:1747647650836:,1747647651660
counter/6/0/0/0,825:1747647650860:,1747647651660
counter/6/0/0/0,826:1747647650860:,1747647651660
counter/6/0/0/0,827:1747647650860:,1747647651660
counter/6/0/0/0,828:1747647650860:,1747647651660
counter/9/0/0/0,920:1747647650896:,1747647651661
counter/2/0/0/0,835:1747647650761:,1747647651661
counter/2/0/0/0,836:1747647650764:,1747647651661
counter/10/0/0/0,803:1747647650909:,1747647651661
counter/10/0/0/0,804:1747647650909:,1747647651661
counter/10/0/0/0,805:1747647650909:,1747647651661
counter/10/0/0/0,806:1747647650909:,1747647651661
counter/10/0/0/0,807:1747647650909:,1747647651661
counter/1/0/0/0,816:1747647650940:,1747647651662
counter/1/0/0/0,817:1747647650940:,1747647651662
counter/1/0/0/0,818:1747647650940:,1747647651662
counter/1/0/0/0,819:1747647650940:,1747647651662
counter/1/0/0/0,820:1747647650940:,1747647651662
counter/1/0/0/0,821:1747647650940:,1747647651662
counter/1/0/0/0,822:1747647650940:,1747647651662
counter/7/0/0/0,730:1747647650808:,1747647651662
counter/5/0/0/0,750:1747647650680:,1747647651662
counter/10/0/0/0,808:1747647650909:,1747647651663
counter/10/0/0/0,809:1747647650909:,1747647651663
counter/1/0/0/0,823:1747647650940:,1747647651663
counter/1/0/0/0,824:1747647650940:,1747647651663
counter/7/0/0/0,731:1747647650808:,1747647651663
counter/9/0/0/0,921:1747647650896:,1747647651664
counter/1/0/0/0,825:1747647650940:,1747647651664
counter/9/0/0/0,922:1747647650896:,1747647651664
counter/9/0/0/0,923:1747647650896:,1747647651665
counter/9/0/0/0,924:1747647650896:,1747647651665
counter/9/0/0/0,925:1747647650896:,1747647651665
counter/4/0/0/0,892:1747647650930:,1747647651665
counter/5/0/0/0,751:1747647650680:,1747647651665
counter/5/0/0/0,752:1747647650680:,1747647651665
counter/5/0/0/0,753:1747647650680:,1747647651665
counter/5/0/0/0,754:1747647650680:,1747647651665
counter/1/0/0/0,826:1747647650940:,1747647651665
counter/9/0/0/0,926:1747647650904:,1747647651665
counter/5/0/0/0,755:1747647650680:,1747647651666
counter/5/0/0/0,756:1747647650680:,1747647651666
counter/5/0/0/0,757:1747647650680:,1747647651666
counter/5/0/0/0,758:1747647650687:,1747647651666
counter/5/0/0/0,759:1747647650687:,1747647651666
counter/5/0/0/0,760:1747647650687:,1747647651666
counter/5/0/0/0,761:1747647650687:,1747647651666
counter/5/0/0/0,762:1747647650687:,1747647651666
counter/1/0/0/0,827:1747647650940:,1747647651666
counter/10/0/0/0,810:1747647650909:,1747647651666
counter/10/0/0/0,811:1747647650909:,1747647651666
counter/10/0/0/0,812:1747647650925:,1747647651666
counter/10/0/0/0,813:1747647650925:,1747647651666
counter/10/0/0/0,814:1747647650925:,1747647651666
counter/3/0/0/0,991:1747647650753:,1747647651666
counter/10/0/0/0,815:1747647650925:,1747647651667
counter/10/0/0/0,816:1747647650925:,1747647651667
counter/10/0/0/0,817:1747647650925:,1747647651667
counter/10/0/0/0,818:1747647650925:,1747647651667
counter/10/0/0/0,819:1747647650925:,1747647651667
counter/10/0/0/0,820:1747647650925:,1747647651667
counter/10/0/0/0,821:1747647650925:,1747647651667
counter/6/0/0/0,829:1747647650860:,1747647651667
counter/2/0/0/0,837:1747647650764:,1747647651667
counter/6/0/0/0,830:1747647650860:,1747647651667
counter/8/0/0/0,1061:1747647650747:,1747647651667
counter/6/0/0/0,831:1747647650860:,1747647651667
counter/1/0/0/0,828:1747647650950:,1747647651668
counter/10/0/0/0,822:1747647650936:,1747647651668
counter/10/0/0/0,823:1747647650937:,1747647651668
counter/10/0/0/0,824:1747647650937:,1747647651668
counter/10/0/0/0,825:1747647650937:,1747647651668
counter/9/0/0/0,927:1747647650926:,1747647651668
counter/2/0/0/0,838:1747647650764:,1747647651669
counter/9/0/0/0,928:1747647650926:,1747647651670
counter/9/0/0/0,929:1747647650926:,1747647651670
counter/9/0/0/0,930:1747647650926:,1747647651670
counter/9/0/0/0,931:1747647650926:,1747647651670
counter/9/0/0/0,932:1747647650926:,1747647651670
counter/9/0/0/0,933:1747647650926:,1747647651670
counter/9/0/0/0,934:1747647650926:,1747647651670
counter/9/0/0/0,935:1747647650926:,1747647651670
counter/9/0/0/0,936:1747647650926:,1747647651670
counter/3/0/0/0,992:1747647650753:,1747647651670
counter/2/0/0/0,839:1747647650764:,1747647651670
counter/2/0/0/0,840:1747647650764:,1747647651670
counter/2/0/0/0,841:1747647650764:,1747647651671
counter/2/0/0/0,842:1747647650764:,1747647651671
counter/10/0/0/0,826:1747647650937:,1747647651671
counter/8/0/0/0,1062:1747647650747:,1747647651671
counter/8/0/0/0,1063:1747647650747:,1747647651671
counter/2/0/0/0,843:1747647650764:,1747647651671
counter/2/0/0/0,844:1747647650764:,1747647651671
counter/2/0/0/0,845:1747647650764:,1747647651671
counter/2/0/0/0,846:1747647650764:,1747647651671
counter/2/0/0/0,847:1747647650764:,1747647651671
counter/2/0/0/0,848:1747647650765:,1747647651671
counter/2/0/0/0,849:1747647650765:,1747647651671
counter/8/0/0/0,1064:1747647650748:,1747647651671
counter/4/0/0/0,893:1747647650930:,1747647651672
counter/4/0/0/0,894:1747647650930:,1747647651672
counter/4/0/0/0,895:1747647650930:,1747647651672
counter/4/0/0/0,896:1747647650935:,1747647651672
counter/4/0/0/0,897:1747647650935:,1747647651672
counter/4/0/0/0,898:1747647650935:,1747647651672
counter/2/0/0/0,850:1747647650765:,1747647651672
counter/9/0/0/0,937:1747647650926:,1747647651672
counter/1/0/0/0,829:1747647650950:,1747647651673
counter/1/0/0/0,830:1747647650950:,1747647651673
counter/5/0/0/0,763:1747647650687:,1747647651673
counter/5/0/0/0,764:1747647650687:,1747647651673
counter/5/0/0/0,765:1747647650687:,1747647651673
counter/5/0/0/0,766:1747647650687:,1747647651673
counter/5/0/0/0,767:1747647650687:,1747647651673
counter/5/0/0/0,768:1747647650687:,1747647651673
counter/5/0/0/0,769:1747647650689:,1747647651673
counter/5/0/0/0,770:1747647650689:,1747647651673
counter/5/0/0/0,771:1747647650689:,1747647651673
counter/1/0/0/0,831:1747647650950:,1747647651674
counter/8/0/0/0,1065:1747647650748:,1747647651674
counter/9/0/0/0,938:1747647650926:,1747647651674
counter/9/0/0/0,939:1747647650926:,1747647651674
counter/9/0/0/0,940:1747647650926:,1747647651674
counter/9/0/0/0,941:1747647650926:,1747647651674
counter/9/0/0/0,942:1747647650926:,1747647651674
counter/10/0/0/0,827:1747647650937:,1747647651674
counter/8/0/0/0,1066:1747647650748:,1747647651675
counter/9/0/0/0,943:1747647650926:,1747647651675
counter/9/0/0/0,944:1747647650928:,1747647651675
counter/9/0/0/0,945:1747647650928:,1747647651675
counter/9/0/0/0,946:1747647650928:,1747647651675
counter/9/0/0/0,947:1747647650928:,1747647651675
counter/9/0/0/0,948:1747647650928:,1747647651675
counter/9/0/0/0,949:1747647650928:,1747647651675
counter/9/0/0/0,950:1747647650928:,1747647651675
counter/5/0/0/0,772:1747647650689:,1747647651675
counter/4/0/0/0,899:1747647650935:,1747647651677
counter/5/0/0/0,773:1747647650689:,1747647651678
counter/9/0/0/0,951:1747647650928:,1747647651678
counter/2/0/0/0,851:1747647650765:,1747647651679
counter/2/0/0/0,852:1747647650765:,1747647651680
counter/2/0/0/0,853:1747647650768:,1747647651680
counter/2/0/0/0,854:1747647650768:,1747647651680
counter/2/0/0/0,855:1747647650768:,1747647651680
counter/2/0/0/0,856:1747647650768:,1747647651680
counter/2/0/0/0,857:1747647650768:,1747647651680
counter/2/0/0/0,858:1747647650768:,1747647651680
counter/2/0/0/0,859:1747647650768:,1747647651680
counter/2/0/0/0,860:1747647650768:,1747647651680
counter/2/0/0/0,861:1747647650768:,1747647651680
counter/10/0/0/0,828:1747647650937:,1747647651681
counter/2/0/0/0,862:1747647650768:,1747647651681
counter/5/0/0/0,774:1747647650689:,1747647651683
counter/5/0/0/0,775:1747647650689:,1747647651683
counter/5/0/0/0,776:1747647650689:,1747647651683
counter/5/0/0/0,777:1747647650689:,1747647651683
counter/5/0/0/0,778:1747647650689:,1747647651684
counter/5/0/0/0,779:1747647650689:,1747647651684
counter/5/0/0/0,780:1747647650689:,1747647651684
counter/5/0/0/0,781:1747647650689:,1747647651684
counter/5/0/0/0,782:1747647650689:,1747647651684
counter/5/0/0/0,783:1747647650689:,1747647651684
counter/2/0/0/0,863:1747647650768:,1747647651684
counter/2/0/0/0,864:1747647650768:,1747647651684
counter/2/0/0/0,865:1747647650768:,1747647651684
counter/2/0/0/0,866:1747647650768:,1747647651684
counter/2/0/0/0,867:1747647650768:,1747647651684
counter/2/0/0/0,868:1747647650768:,1747647651684
counter/2/0/0/0,869:1747647650768:,1747647651684
counter/2/0/0/0,870:1747647650772:,1747647651684
counter/2/0/0/0,871:1747647650772:,1747647651684
counter/2/0/0/0,872:1747647650772:,1747647651685
counter/2/0/0/0,873:1747647650772:,1747647651685
counter/2/0/0/0,874:1747647650772:,1747647651685
counter/2/0/0/0,875:1747647650772:,1747647651685
counter/10/0/0/0,829:1747647650937:,1747647651685
counter/10/0/0/0,830:1747647650937:,1747647651685
counter/10/0/0/0,831:1747647650937:,1747647651686
counter/9/0/0/0,952:1747647650928:,1747647651686
counter/9/0/0/0,953:1747647650928:,1747647651686
counter/9/0/0/0,954:1747647650928:,1747647651686
counter/4/0/0/0,900:1747647650935:,1747647651686
counter/4/0/0/0,901:1747647650935:,1747647651686
counter/4/0/0/0,902:1747647650935:,1747647651686
counter/4/0/0/0,903:1747647650935:,1747647651686
counter/2/0/0/0,876:1747647650772:,1747647651687
counter/5/0/0/0,784:1747647650706:,1747647651687
counter/5/0/0/0,785:1747647650706:,1747647651687
counter/5/0/0/0,786:1747647650706:,1747647651687
counter/5/0/0/0,787:1747647650706:,1747647651687
counter/5/0/0/0,788:1747647650706:,1747647651687
counter/5/0/0/0,789:1747647650707:,1747647651687
counter/9/0/0/0,955:1747647650937:,1747647651687
counter/9/0/0/0,956:1747647650937:,1747647651687
counter/7/0/0/0,732:1747647650808:,1747647651687
counter/9/0/0/0,957:1747647650938:,1747647651688
counter/2/0/0/0,877:1747647650775:,1747647651688
counter/4/0/0/0,904:1747647650935:,1747647651688
counter/8/0/0/0,1067:1747647650760:,1747647651689
counter/8/0/0/0,1068:1747647650765:,1747647651689
counter/8/0/0/0,1069:1747647650765:,1747647651689
counter/8/0/0/0,1070:1747647650765:,1747647651689
counter/4/0/0/0,905:1747647650935:,1747647651689
counter/4/0/0/0,906:1747647650935:,1747647651690
counter/5/0/0/0,790:1747647650707:,1747647651690
counter/5/0/0/0,791:1747647650707:,1747647651690
counter/5/0/0/0,792:1747647650707:,1747647651690
counter/5/0/0/0,793:1747647650707:,1747647651690
counter/10/0/0/0,832:1747647650939:,1747647651690
counter/5/0/0/0,794:1747647650707:,1747647651691
counter/5/0/0/0,795:1747647650707:,1747647651691
counter/5/0/0/0,796:1747647650707:,1747647651691
counter/5/0/0/0,797:1747647650707:,1747647651691
counter/5/0/0/0,798:1747647650707:,1747647651691
counter/5/0/0/0,799:1747647650707:,1747647651691
counter/5/0/0/0,800:1747647650712:,1747647651691
counter/9/0/0/0,958:1747647650938:,1747647651692
counter/5/0/0/0,801:1747647650712:,1747647651692
counter/7/0/0/0,733:1747647650816:,1747647651692
counter/1/0/0/0,832:1747647650950:,1747647651693
counter/6/0/0/0,832:1747647650860:,1747647651694
counter/6/0/0/0,833:1747647650860:,1747647651694
counter/8/0/0/0,1071:1747647650765:,1747647651694
counter/8/0/0/0,1072:1747647650765:,1747647651694
counter/3/0/0/0,993:1747647650753:,1747647651694
counter/10/0/0/0,833:1747647650939:,1747647651694
counter/5/0/0/0,802:1747647650712:,1747647651694
counter/7/0/0/0,734:1747647650816:,1747647651694
counter/8/0/0/0,1073:1747647650766:,1747647651698
counter/9/0/0/0,959:1747647650938:,1747647651698
counter/3/0/0/0,994:1747647650753:,1747647651698
counter/8/0/0/0,1074:1747647650766:,1747647651698
counter/9/0/0/0,960:1747647650938:,1747647651699
counter/5/0/0/0,803:1747647650712:,1747647651699
counter/5/0/0/0,804:1747647650712:,1747647651699
counter/5/0/0/0,805:1747647650712:,1747647651699
counter/5/0/0/0,806:1747647650712:,1747647651699
counter/5/0/0/0,807:1747647650717:,1747647651699
counter/5/0/0/0,808:1747647650717:,1747647651700
counter/5/0/0/0,809:1747647650717:,1747647651700
counter/5/0/0/0,810:1747647650717:,1747647651700
counter/5/0/0/0,811:1747647650717:,1747647651700
counter/5/0/0/0,812:1747647650717:,1747647651700
counter/5/0/0/0,813:1747647650717:,1747647651700
counter/5/0/0/0,814:1747647650717:,1747647651700
counter/5/0/0/0,815:1747647650717:,1747647651700
counter/5/0/0/0,816:1747647650717:,1747647651700
counter/5/0/0/0,817:1747647650717:,1747647651700
counter/1/0/0/0,833:1747647650950:,1747647651700
counter/7/0/0/0,735:1747647650816:,1747647651700
counter/8/0/0/0,1075:1747647650766:,1747647651700
counter/10/0/0/0,834:1747647650939:,1747647651700
counter/10/0/0/0,835:1747647650939:,1747647651700
counter/10/0/0/0,836:1747647650939:,1747647651701
counter/9/0/0/0,961:1747647650938:,1747647651701
counter/9/0/0/0,962:1747647650938:,1747647651701
counter/9/0/0/0,963:1747647650938:,1747647651701
counter/9/0/0/0,964:1747647650938:,1747647651701
counter/9/0/0/0,965:1747647650938:,1747647651701
counter/9/0/0/0,966:1747647650938:,1747647651701
counter/9/0/0/0,967:1747647650938:,1747647651701
counter/9/0/0/0,968:1747647650938:,1747647651701
counter/9/0/0/0,969:1747647650938:,1747647651701
counter/9/0/0/0,970:1747647650938:,1747647651701
counter/9/0/0/0,971:1747647650938:,1747647651701
counter/9/0/0/0,972:1747647650938:,1747647651701
counter/9/0/0/0,973:1747647650938:,1747647651701
counter/3/0/0/0,995:1747647650753:,1747647651701
counter/6/0/0/0,834:1747647650861:,1747647651701
counter/3/0/0/0,996:1747647650753:,1747647651701
counter/6/0/0/0,835:1747647650861:,1747647651702
counter/8/0/0/0,1076:1747647650766:,1747647651702
counter/1/0/0/0,834:1747647650950:,1747647651704
counter/2/0/0/0,878:1747647650775:,1747647651704
counter/2/0/0/0,879:1747647650775:,1747647651704
counter/2/0/0/0,880:1747647650775:,1747647651704
counter/9/0/0/0,974:1747647650938:,1747647651704
counter/9/0/0/0,975:1747647650938:,1747647651704
counter/9/0/0/0,976:1747647650939:,1747647651704
counter/6/0/0/0,836:1747647650861:,1747647651704
counter/8/0/0/0,1077:1747647650769:,1747647651705
counter/6/0/0/0,837:1747647650861:,1747647651705
counter/6/0/0/0,838:1747647650861:,1747647651705
counter/6/0/0/0,839:1747647650861:,1747647651705
counter/6/0/0/0,840:1747647650861:,1747647651705
counter/6/0/0/0,841:1747647650861:,1747647651705
counter/6/0/0/0,842:1747647650861:,1747647651705
counter/6/0/0/0,843:1747647650862:,1747647651705
counter/1/0/0/0,835:1747647650950:,1747647651705
counter/8/0/0/0,1078:1747647650769:,1747647651706
counter/1/0/0/0,836:1747647650950:,1747647651706
counter/2/0/0/0,881:1747647650775:,1747647651708
counter/2/0/0/0,882:1747647650775:,1747647651708
counter/2/0/0/0,883:1747647650775:,1747647651708
counter/2/0/0/0,884:1747647650775:,1747647651708
counter/2/0/0/0,885:1747647650776:,1747647651708
counter/2/0/0/0,886:1747647650776:,1747647651708
counter/2/0/0/0,887:1747647650776:,1747647651708
counter/2/0/0/0,888:1747647650776:,1747647651708
counter/2/0/0/0,889:1747647650776:,1747647651708
counter/2/0/0/0,890:1747647650776:,1747647651708
counter/2/0/0/0,891:1747647650776:,1747647651708
counter/2/0/0/0,892:1747647650783:,1747647651708
counter/4/0/0/0,907:1747647650935:,1747647651708
counter/8/0/0/0,1079:1747647650770:,1747647651709
counter/8/0/0/0,1080:1747647650770:,1747647651709
counter/8/0/0/0,1081:1747647650770:,1747647651709
counter/8/0/0/0,1082:1747647650770:,1747647651709
counter/8/0/0/0,1083:1747647650770:,1747647651709
counter/8/0/0/0,1084:1747647650770:,1747647651709
counter/8/0/0/0,1085:1747647650770:,1747647651709
counter/8/0/0/0,1086:1747647650771:,1747647651709
counter/8/0/0/0,1087:1747647650773:,1747647651709
counter/8/0/0/0,1088:1747647650774:,1747647651709
counter/7/0/0/0,736:1747647650817:,1747647651710
counter/1/0/0/0,837:1747647650950:,1747647651710
counter/6/0/0/0,844:1747647650872:,1747647651710
counter/2/0/0/0,893:1747647650793:,1747647651710
counter/2/0/0/0,894:1747647650793:,1747647651710
counter/2/0/0/0,895:1747647650793:,1747647651710
counter/2/0/0/0,896:1747647650793:,1747647651710
counter/2/0/0/0,897:1747647650793:,1747647651710
counter/3/0/0/0,997:1747647650755:,1747647651710
counter/5/0/0/0,818:1747647650717:,1747647651710
counter/3/0/0/0,998:1747647650757:,1747647651710
counter/10/0/0/0,837:1747647650939:,1747647651710
counter/2/0/0/0,898:1747647650793:,1747647651710
counter/10/0/0/0,838:1747647650939:,1747647651710
counter/10/0/0/0,839:1747647650940:,1747647651711
counter/10/0/0/0,840:1747647650942:,1747647651711
counter/10/0/0/0,841:1747647650945:,1747647651711
counter/9/0/0/0,977:1747647650939:,1747647651711
counter/9/0/0/0,978:1747647650939:,1747647651711
counter/9/0/0/0,979:1747647650939:,1747647651711
counter/9/0/0/0,980:1747647650939:,1747647651711
counter/9/0/0/0,981:1747647650939:,1747647651711
counter/9/0/0/0,982:1747647650939:,1747647651711
counter/9/0/0/0,983:1747647650939:,1747647651713
counter/1/0/0/0,838:1747647650961:,1747647651713
counter/10/0/0/0,842:1747647650945:,1747647651713
counter/10/0/0/0,843:1747647650945:,1747647651713
counter/10/0/0/0,844:1747647650945:,1747647651713
counter/10/0/0/0,845:1747647650951:,1747647651713
counter/10/0/0/0,846:1747647650951:,1747647651713
counter/10/0/0/0,847:1747647650951:,1747647651713
counter/2/0/0/0,899:1747647650794:,1747647651713
counter/2/0/0/0,900:1747647650794:,1747647651714
counter/6/0/0/0,845:1747647650872:,1747647651714
counter/9/0/0/0,984:1747647650944:,1747647651714
counter/4/0/0/0,908:1747647650935:,1747647651714
counter/1/0/0/0,839:1747647650964:,1747647651714
counter/10/0/0/0,848:1747647650951:,1747647651714
counter/10/0/0/0,849:1747647650951:,1747647651714
counter/10/0/0/0,850:1747647650951:,1747647651714
counter/10/0/0/0,851:1747647650951:,1747647651714
counter/10/0/0/0,852:1747647650951:,1747647651714
counter/6/0/0/0,846:1747647650872:,1747647651714
counter/3/0/0/0,999:1747647650757:,1747647651714
counter/3/0/0/0,1000:1747647650757:,1747647651714
counter/2/0/0/0,901:1747647650794:,1747647651714
counter/1/0/0/0,840:1747647650964:,1747647651715
counter/5/0/0/0,819:1747647650718:,1747647651715
counter/4/0/0/0,909:1747647650935:,1747647651715
counter/6/0/0/0,847:1747647650872:,1747647651715
counter/6/0/0/0,848:1747647650872:,1747647651715
counter/6/0/0/0,849:1747647650872:,1747647651715
counter/3/0/0/0,1001:1747647650757:,1747647651715
counter/1/0/0/0,841:1747647650964:,1747647651715
counter/3/0/0/0,1002:1747647650757:,1747647651715
counter/3/0/0/0,1003:1747647650757:,1747647651716
counter/1/0/0/0,842:1747647650964:,1747647651716
counter/1/0/0/0,843:1747647650964:,1747647651716
counter/1/0/0/0,844:1747647650968:,1747647651716
counter/7/0/0/0,737:1747647650817:,1747647651717
counter/9/0/0/0,985:1747647650944:,1747647651717
counter/10/0/0/0,853:1747647650951:,1747647651717
counter/10/0/0/0,854:1747647650951:,1747647651717
counter/3/0/0/0,1004:1747647650757:,1747647651717
counter/6/0/0/0,850:1747647650872:,1747647651718
counter/8/0/0/0,1089:1747647650774:,1747647651719
counter/8/0/0/0,1090:1747647650774:,1747647651720
counter/8/0/0/0,1091:1747647650774:,1747647651720
counter/8/0/0/0,1092:1747647650774:,1747647651720
counter/8/0/0/0,1093:1747647650774:,1747647651720
counter/8/0/0/0,1094:1747647650781:,1747647651720
counter/8/0/0/0,1095:1747647650781:,1747647651720
counter/8/0/0/0,1096:1747647650781:,1747647651720
counter/9/0/0/0,986:1747647650944:,1747647651720
counter/2/0/0/0,902:1747647650794:,1747647651720
counter/8/0/0/0,1097:1747647650781:,1747647651721
counter/6/0/0/0,851:1747647650872:,1747647651721
counter/4/0/0/0,910:1747647650935:,1747647651721
counter/7/0/0/0,738:1747647650817:,1747647651722
counter/7/0/0/0,739:1747647650817:,1747647651723
counter/5/0/0/0,820:1747647650718:,1747647651723
counter/5/0/0/0,821:1747647650718:,1747647651723
counter/2/0/0/0,903:1747647650794:,1747647651723
counter/2/0/0/0,904:1747647650794:,1747647651723
counter/2/0/0/0,905:1747647650794:,1747647651723
counter/10/0/0/0,855:1747647650954:,1747647651723
counter/7/0/0/0,740:1747647650817:,1747647651723
counter/4/0/0/0,911:1747647650935:,1747647651724
counter/7/0/0/0,741:1747647650817:,1747647651724
counter/9/0/0/0,987:1747647650944:,1747647651726
counter/4/0/0/0,912:1747647650949:,1747647651726
counter/8/0/0/0,1098:1747647650781:,1747647651728
counter/2/0/0/0,906:1747647650794:,1747647651728
counter/10/0/0/0,856:1747647650957:,1747647651728
counter/10/0/0/0,857:1747647650957:,1747647651728
counter/10/0/0/0,858:1747647650957:,1747647651728
counter/10/0/0/0,859:1747647650957:,1747647651728
counter/10/0/0/0,860:1747647650957:,1747647651728
counter/10/0/0/0,861:1747647650957:,1747647651728
counter/3/0/0/0,1005:1747647650757:,1747647651729
counter/8/0/0/0,1099:1747647650781:,1747647651729
counter/8/0/0/0,1100:1747647650781:,1747647651729
counter/8/0/0/0,1101:1747647650781:,1747647651729
counter/1/0/0/0,845:1747647650968:,1747647651729
counter/4/0/0/0,913:1747647650950:,1747647651729
counter/4/0/0/0,914:1747647650950:,1747647651729
counter/4/0/0/0,915:1747647650950:,1747647651729
counter/4/0/0/0,916:1747647650950:,1747647651729
counter/2/0/0/0,907:1747647650794:,1747647651729
counter/8/0/0/0,1102:1747647650781:,1747647651730
counter/8/0/0/0,1103:1747647650781:,1747647651730
counter/8/0/0/0,1104:1747647650789:,1747647651730
counter/8/0/0/0,1105:1747647650789:,1747647651730
counter/8/0/0/0,1106:1747647650789:,1747647651730
counter/8/0/0/0,1107:1747647650789:,1747647651730
counter/8/0/0/0,1108:1747647650793:,1747647651730
counter/8/0/0/0,1109:1747647650793:,1747647651730
counter/8/0/0/0,1110:1747647650793:,1747647651730
counter/8/0/0/0,1111:1747647650793:,1747647651730
counter/5/0/0/0,822:1747647650718:,1747647651730
counter/10/0/0/0,862:1747647650958:,1747647651730
counter/8/0/0/0,1112:1747647650793:,1747647651731
counter/8/0/0/0,1113:1747647650801:,1747647651731
counter/8/0/0/0,1114:1747647650803:,1747647651731
counter/8/0/0/0,1115:1747647650803:,1747647651731
counter/8/0/0/0,1116:1747647650803:,1747647651731
counter/8/0/0/0,1117:1747647650803:,1747647651731
counter/8/0/0/0,1118:1747647650803:,1747647651731
counter/6/0/0/0,852:1747647650872:,1747647651731
counter/9/0/0/0,988:1747647650944:,1747647651732
counter/5/0/0/0,823:1747647650718:,1747647651732
counter/5/0/0/0,824:1747647650718:,1747647651732
counter/5/0/0/0,825:1747647650718:,1747647651732
counter/5/0/0/0,826:1747647650718:,1747647651733
counter/5/0/0/0,827:1747647650718:,1747647651733
counter/5/0/0/0,828:1747647650718:,1747647651733
counter/5/0/0/0,829:1747647650718:,1747647651733
counter/5/0/0/0,830:1747647650725:,1747647651733
counter/5/0/0/0,831:1747647650725:,1747647651733
counter/5/0/0/0,832:1747647650725:,1747647651733
counter/5/0/0/0,833:1747647650726:,1747647651733
counter/8/0/0/0,1119:1747647650803:,1747647651733
counter/4/0/0/0,917:1747647650950:,1747647651733
counter/9/0/0/0,989:1747647650944:,1747647651733
counter/10/0/0/0,863:1747647650958:,1747647651733
counter/3/0/0/0,1006:1747647650757:,1747647651735
counter/6/0/0/0,853:1747647650872:,1747647651735
counter/10/0/0/0,864:1747647650958:,1747647651735
counter/10/0/0/0,865:1747647650958:,1747647651735
counter/10/0/0/0,866:1747647650958:,1747647651735
counter/10/0/0/0,867:1747647650958:,1747647651735
counter/10/0/0/0,868:1747647650958:,1747647651735
counter/10/0/0/0,869:1747647650958:,1747647651735
counter/8/0/0/0,1120:1747647650804:,1747647651736
counter/9/0/0/0,990:1747647650960:,1747647651736
counter/5/0/0/0,834:1747647650726:,1747647651736
counter/5/0/0/0,835:1747647650726:,1747647651736
counter/5/0/0/0,836:1747647650726:,1747647651737
counter/6/0/0/0,854:1747647650872:,1747647651737
counter/1/0/0/0,846:1747647650968:,1747647651737
counter/8/0/0/0,1121:1747647650805:,1747647651738
counter/3/0/0/0,1007:1747647650757:,1747647651738
counter/8/0/0/0,1122:1747647650806:,1747647651739
counter/8/0/0/0,1123:1747647650806:,1747647651739
counter/8/0/0/0,1124:1747647650806:,1747647651740
counter/9/0/0/0,991:1747647650960:,1747647651740
counter/9/0/0/0,992:1747647650960:,1747647651742
counter/3/0/0/0,1008:1747647650760:,1747647651743
counter/3/0/0/0,1009:1747647650760:,1747647651743
counter/3/0/0/0,1010:1747647650760:,1747647651743
counter/7/0/0/0,742:1747647650817:,1747647651743
counter/7/0/0/0,743:1747647650817:,1747647651743
counter/7/0/0/0,744:1747647650817:,1747647651743
counter/7/0/0/0,745:1747647650817:,1747647651743
counter/7/0/0/0,746:1747647650827:,1747647651743
counter/7/0/0/0,747:1747647650827:,1747647651743
counter/7/0/0/0,748:1747647650827:,1747647651743
counter/7/0/0/0,749:1747647650827:,1747647651743
counter/7/0/0/0,750:1747647650827:,1747647651743
counter/8/0/0/0,1125:1747647650806:,1747647651743
counter/9/0/0/0,993:1747647650960:,1747647651744
counter/9/0/0/0,994:1747647650960:,1747647651744
counter/9/0/0/0,995:1747647650960:,1747647651744
counter/9/0/0/0,996:1747647650960:,1747647651744
counter/9/0/0/0,997:1747647650960:,1747647651744
counter/9/0/0/0,998:1747647650960:,1747647651745
counter/6/0/0/0,855:1747647650872:,1747647651746
counter/4/0/0/0,918:1747647650960:,1747647651746
counter/6/0/0/0,856:1747647650872:,1747647651746
counter/4/0/0/0,919:1747647650962:,1747647651746
counter/4/0/0/0,920:1747647650962:,1747647651746
counter/4/0/0/0,921:1747647650963:,1747647651746
counter/4/0/0/0,922:1747647650963:,1747647651746
counter/4/0/0/0,923:1747647650963:,1747647651746
counter/4/0/0/0,924:1747647650963:,1747647651746
counter/9/0/0/0,999:1747647650960:,1747647651746
counter/4/0/0/0,925:1747647650963:,1747647651746
counter/4/0/0/0,926:1747647650963:,1747647651746
counter/4/0/0/0,927:1747647650963:,1747647651747
counter/4/0/0/0,928:1747647650963:,1747647651747
counter/10/0/0/0,870:1747647650958:,1747647651747
counter/6/0/0/0,857:1747647650874:,1747647651747
counter/6/0/0/0,858:1747647650874:,1747647651747
counter/6/0/0/0,859:1747647650875:,1747647651747
counter/2/0/0/0,908:1747647650794:,1747647651747
counter/8/0/0/0,1126:1747647650806:,1747647651747
counter/6/0/0/0,860:1747647650875:,1747647651747
counter/7/0/0/0,751:1747647650827:,1747647651748
counter/10/0/0/0,871:1747647650958:,1747647651748
counter/9/0/0/0,1000:1747647650960:,1747647651750
counter/8/0/0/0,1127:1747647650806:,1747647651750
counter/9/0/0/0,1001:1747647650971:,1747647651750
counter/4/0/0/0,929:1747647650963:,1747647651752
counter/9/0/0/0,1002:1747647650971:,1747647651752
counter/3/0/0/0,1011:1747647650760:,1747647651753
counter/6/0/0/0,861:1747647650875:,1747647651753
counter/6/0/0/0,862:1747647650875:,1747647651753
counter/10/0/0/0,872:1747647650958:,1747647651754
counter/3/0/0/0,1012:1747647650760:,1747647651754
counter/10/0/0/0,873:1747647650958:,1747647651754
counter/10/0/0/0,874:1747647650958:,1747647651754
counter/10/0/0/0,875:1747647650958:,1747647651754
counter/10/0/0/0,876:1747647650958:,1747647651755
counter/10/0/0/0,877:1747647650958:,1747647651755
counter/10/0/0/0,878:1747647650958:,1747647651755
counter/1/0/0/0,847:1747647650968:,1747647651755
counter/7/0/0/0,752:1747647650830:,1747647651755
counter/8/0/0/0,1128:1747647650806:,1747647651755
counter/8/0/0/0,1129:1747647650806:,1747647651755
counter/8/0/0/0,1130:1747647650806:,1747647651755
counter/8/0/0/0,1131:1747647650806:,1747647651756
counter/1/0/0/0,848:1747647650968:,1747647651756
counter/6/0/0/0,863:1747647650898:,1747647651756
counter/7/0/0/0,753:1747647650831:,1747647651756
counter/6/0/0/0,864:1747647650898:,1747647651756
counter/1/0/0/0,849:1747647650968:,1747647651756
counter/4/0/0/0,930:1747647650963:,1747647651757
counter/2/0/0/0,909:1747647650794:,1747647651757
counter/2/0/0/0,910:1747647650794:,1747647651757
counter/2/0/0/0,911:1747647650794:,1747647651757
counter/8/0/0/0,1132:1747647650806:,1747647651757
counter/8/0/0/0,1133:1747647650806:,1747647651757
counter/7/0/0/0,754:1747647650831:,1747647651757
counter/7/0/0/0,755:1747647650831:,1747647651757
counter/7/0/0/0,756:1747647650831:,1747647651757
counter/7/0/0/0,757:1747647650831:,1747647651757
counter/7/0/0/0,758:1747647650831:,1747647651757
counter/1/0/0/0,850:1747647650968:,1747647651797
counter/1/0/0/0,851:1747647650968:,1747647651797
counter/8/0/0/0,1134:1747647650810:,1747647651797
counter/1/0/0/0,852:1747647650968:,1747647651797
counter/1/0/0/0,853:1747647650968:,1747647651797
counter/1/0/0/0,854:1747647650968:,1747647651798
counter/1/0/0/0,855:1747647650969:,1747647651798
counter/1/0/0/0,856:1747647650969:,1747647651798
counter/1/0/0/0,857:1747647650969:,1747647651798
counter/1/0/0/0,858:1747647650969:,1747647651798
counter/1/0/0/0,859:1747647650969:,1747647651798
counter/1/0/0/0,860:1747647650969:,1747647651799
counter/1/0/0/0,861:1747647650969:,1747647651799
counter/1/0/0/0,862:1747647650971:,1747647651799
counter/1/0/0/0,863:1747647650997:,1747647651799
counter/1/0/0/0,864:1747647650997:,1747647651799
counter/5/0/0/0,837:1747647650726:,1747647651799
counter/2/0/0/0,912:1747647650794:,1747647651799
counter/2/0/0/0,913:1747647650794:,1747647651800
counter/2/0/0/0,914:1747647650794:,1747647651800
counter/2/0/0/0,915:1747647650794:,1747647651800
counter/2/0/0/0,916:1747647650801:,1747647651800
counter/2/0/0/0,917:1747647650801:,1747647651800
counter/2/0/0/0,918:1747647650802:,1747647651800
counter/2/0/0/0,919:1747647650802:,1747647651800
counter/2/0/0/0,920:1747647650802:,1747647651800
counter/2/0/0/0,921:1747647650802:,1747647651800
counter/2/0/0/0,922:1747647650802:,1747647651801
counter/2/0/0/0,923:1747647650802:,1747647651801
counter/2/0/0/0,924:1747647650802:,1747647651801
counter/2/0/0/0,925:1747647650802:,1747647651801
counter/2/0/0/0,926:1747647650802:,1747647651801
counter/2/0/0/0,927:1747647650803:,1747647651801
counter/2/0/0/0,928:1747647650803:,1747647651801
counter/2/0/0/0,929:1747647650809:,1747647651801
counter/2/0/0/0,930:1747647650809:,1747647651801
counter/2/0/0/0,931:1747647650809:,1747647651801
counter/2/0/0/0,932:1747647650809:,1747647651801
counter/2/0/0/0,933:1747647650809:,1747647651801
counter/2/0/0/0,934:1747647650809:,1747647651802
counter/2/0/0/0,935:1747647650809:,1747647651802
counter/2/0/0/0,936:1747647650809:,1747647651802
counter/2/0/0/0,937:1747647650809:,1747647651802
counter/2/0/0/0,938:1747647650810:,1747647651802
counter/2/0/0/0,939:1747647650810:,1747647651802
counter/2/0/0/0,940:1747647650810:,1747647651802
counter/2/0/0/0,941:1747647650810:,1747647651802
counter/2/0/0/0,942:1747647650810:,1747647651802
counter/2/0/0/0,943:1747647650810:,1747647651803
counter/2/0/0/0,944:1747647650811:,1747647651803
counter/2/0/0/0,945:1747647650827:,1747647651803
counter/2/0/0/0,946:1747647650827:,1747647651803
counter/2/0/0/0,947:1747647650827:,1747647651803
counter/2/0/0/0,948:1747647650827:,1747647651803
counter/2/0/0/0,949:1747647650827:,1747647651804
counter/2/0/0/0,950:1747647650827:,1747647651804
counter/4/0/0/0,931:1747647650963:,1747647651804
counter/4/0/0/0,932:1747647650966:,1747647651804
counter/4/0/0/0,933:1747647650966:,1747647651804
counter/4/0/0/0,934:1747647650966:,1747647651804
counter/4/0/0/0,935:1747647650966:,1747647651804
counter/4/0/0/0,936:1747647650966:,1747647651804
counter/4/0/0/0,937:1747647650966:,1747647651804
counter/4/0/0/0,938:1747647650966:,1747647651804
counter/4/0/0/0,939:1747647650966:,1747647651804
counter/4/0/0/0,940:1747647650966:,1747647651804
counter/8/0/0/0,1135:1747647650810:,1747647651804
counter/1/0/0/0,865:1747647650997:,1747647651804
counter/1/0/0/0,866:1747647650997:,1747647651805
counter/9/0/0/0,1003:1747647650971:,1747647651805
counter/8/0/0/0,1136:1747647650810:,1747647651805
counter/8/0/0/0,1137:1747647650810:,1747647651805
counter/1/0/0/0,867:1747647650997:,1747647651805
counter/8/0/0/0,1138:1747647650810:,1747647651805
counter/8/0/0/0,1139:1747647650810:,1747647651805
counter/8/0/0/0,1140:1747647650810:,1747647651805
counter/8/0/0/0,1141:1747647650810:,1747647651805
counter/8/0/0/0,1142:1747647650810:,1747647651805
counter/8/0/0/0,1143:1747647650810:,1747647651805
counter/8/0/0/0,1144:1747647650810:,1747647651805
counter/2/0/0/0,951:1747647650830:,1747647651805
counter/3/0/0/0,1013:1747647650760:,1747647651805
counter/7/0/0/0,759:1747647650831:,1747647651805
counter/9/0/0/0,1004:1747647650971:,1747647651805
counter/9/0/0/0,1005:1747647650971:,1747647651805
counter/9/0/0/0,1006:1747647650971:,1747647651805
counter/9/0/0/0,1007:1747647650971:,1747647651806
counter/9/0/0/0,1008:1747647650971:,1747647651806
counter/9/0/0/0,1009:1747647650971:,1747647651806
counter/9/0/0/0,1010:1747647651006:,1747647651806
counter/9/0/0/0,1011:1747647651006:,1747647651806
counter/9/0/0/0,1012:1747647651006:,1747647651806
counter/9/0/0/0,1013:1747647651006:,1747647651806
counter/9/0/0/0,1014:1747647651006:,1747647651806
counter/9/0/0/0,1015:1747647651006:,1747647651806
counter/9/0/0/0,1016:1747647651006:,1747647651806
counter/9/0/0/0,1017:1747647651006:,1747647651806
counter/3/0/0/0,1014:1747647650760:,1747647651806
counter/2/0/0/0,952:1747647650830:,1747647651806
counter/2/0/0/0,953:1747647650830:,1747647651806
counter/2/0/0/0,954:1747647650830:,1747647651806
counter/2/0/0/0,955:1747647650830:,1747647651806
counter/2/0/0/0,956:1747647650830:,1747647651806
counter/2/0/0/0,957:1747647650832:,1747647651806
counter/2/0/0/0,958:1747647650832:,1747647651806
counter/2/0/0/0,959:1747647650832:,1747647651806
counter/2/0/0/0,960:1747647650832:,1747647651806
counter/2/0/0/0,961:1747647650833:,1747647651806
counter/2/0/0/0,962:1747647650833:,1747647651806
counter/2/0/0/0,963:1747647650833:,1747647651806
counter/2/0/0/0,964:1747647650833:,1747647651806
counter/2/0/0/0,965:1747647650833:,1747647651806
counter/2/0/0/0,966:1747647650833:,1747647651806
counter/8/0/0/0,1145:1747647650810:,1747647651806
counter/7/0/0/0,760:1747647650831:,1747647651806
counter/1/0/0/0,868:1747647651001:,1747647651806
counter/1/0/0/0,869:1747647651002:,1747647651806
counter/1/0/0/0,870:1747647651002:,1747647651806
counter/1/0/0/0,871:1747647651004:,1747647651806
counter/1/0/0/0,872:1747647651016:,1747647651807
counter/1/0/0/0,873:1747647651017:,1747647651807
counter/1/0/0/0,874:1747647651017:,1747647651807
counter/1/0/0/0,875:1747647651023:,1747647651807
counter/1/0/0/0,876:1747647651023:,1747647651807
counter/1/0/0/0,877:1747647651023:,1747647651807
counter/1/0/0/0,878:1747647651023:,1747647651807
counter/1/0/0/0,879:1747647651023:,1747647651807
counter/1/0/0/0,880:1747647651023:,1747647651807
counter/1/0/0/0,881:1747647651023:,1747647651807
counter/1/0/0/0,882:1747647651023:,1747647651807
counter/1/0/0/0,883:1747647651023:,1747647651807
counter/8/0/0/0,1146:1747647650810:,1747647651807
counter/6/0/0/0,865:1747647650898:,1747647651807
counter/2/0/0/0,967:1747647650833:,1747647651807
counter/2/0/0/0,968:1747647650833:,1747647651807
counter/8/0/0/0,1147:1747647650810:,1747647651807
counter/2/0/0/0,969:1747647650833:,1747647651807
counter/8/0/0/0,1148:1747647650810:,1747647651807
counter/2/0/0/0,970:1747647650833:,1747647651807
counter/2/0/0/0,971:1747647650833:,1747647651808
counter/8/0/0/0,1149:1747647650810:,1747647651808
counter/9/0/0/0,1018:1747647651006:,1747647651808
counter/9/0/0/0,1019:1747647651006:,1747647651808
counter/9/0/0/0,1020:1747647651006:,1747647651808
counter/3/0/0/0,1015:1747647650760:,1747647651808
counter/1/0/0/0,884:1747647651023:,1747647651808
counter/9/0/0/0,1021:1747647651006:,1747647651808
counter/3/0/0/0,1016:1747647650779:,1747647651808
counter/9/0/0/0,1022:1747647651014:,1747647651808
counter/3/0/0/0,1017:1747647650779:,1747647651809
counter/9/0/0/0,1023:1747647651014:,1747647651809
counter/3/0/0/0,1018:1747647650779:,1747647651809
counter/9/0/0/0,1024:1747647651014:,1747647651809
counter/7/0/0/0,761:1747647650831:,1747647651809
counter/1/0/0/0,885:1747647651030:,1747647651809
counter/1/0/0/0,886:1747647651030:,1747647651809
counter/1/0/0/0,887:1747647651030:,1747647651809
counter/1/0/0/0,888:1747647651030:,1747647651809
counter/1/0/0/0,889:1747647651030:,1747647651809
counter/1/0/0/0,890:1747647651030:,1747647651809
counter/1/0/0/0,891:1747647651030:,1747647651809
counter/1/0/0/0,892:1747647651030:,1747647651809
counter/1/0/0/0,893:1747647651030:,1747647651809
counter/1/0/0/0,894:1747647651030:,1747647651809
counter/1/0/0/0,895:1747647651036:,1747647651809
counter/2/0/0/0,972:1747647650833:,1747647651809
counter/4/0/0/0,941:1747647650966:,1747647651809
counter/10/0/0/0,879:1747647650958:,1747647651809
counter/3/0/0/0,1019:1747647650779:,1747647651809
counter/5/0/0/0,838:1747647650726:,1747647651809
counter/9/0/0/0,1025:1747647651014:,1747647651809
counter/9/0/0/0,1026:1747647651014:,1747647651809
counter/9/0/0/0,1027:1747647651031:,1747647651809
counter/9/0/0/0,1028:1747647651032:,1747647651809
counter/9/0/0/0,1029:1747647651032:,1747647651809
counter/9/0/0/0,1030:1747647651033:,1747647651809
counter/9/0/0/0,1031:1747647651033:,1747647651809
counter/9/0/0/0,1032:1747647651033:,1747647651809
counter/9/0/0/0,1033:1747647651033:,1747647651809
counter/9/0/0/0,1034:1747647651033:,1747647651809
counter/9/0/0/0,1035:1747647651033:,1747647651809
counter/9/0/0/0,1036:1747647651033:,1747647651809
counter/9/0/0/0,1037:1747647651033:,1747647651810
counter/4/0/0/0,942:1747647650971:,1747647651810
counter/3/0/0/0,1020:1747647650779:,1747647651810
counter/5/0/0/0,839:1747647650726:,1747647651810
counter/8/0/0/0,1150:1747647650810:,1747647651810
counter/8/0/0/0,1151:1747647650810:,1747647651810
counter/8/0/0/0,1152:1747647650814:,1747647651810
counter/8/0/0/0,1153:1747647650814:,1747647651810
counter/8/0/0/0,1154:1747647650814:,1747647651810
counter/8/0/0/0,1155:1747647650814:,1747647651810
counter/8/0/0/0,1156:1747647650814:,1747647651810
counter/1/0/0/0,896:1747647651038:,1747647651810
counter/7/0/0/0,762:1747647650831:,1747647651810
counter/1/0/0/0,897:1747647651038:,1747647651810
counter/1/0/0/0,898:1747647651038:,1747647651810
counter/1/0/0/0,899:1747647651038:,1747647651810
counter/1/0/0/0,900:1747647651038:,1747647651810
counter/1/0/0/0,901:1747647651038:,1747647651810
counter/1/0/0/0,902:1747647651047:,1747647651810
counter/1/0/0/0,903:1747647651047:,1747647651810
counter/1/0/0/0,904:1747647651047:,1747647651810
counter/1/0/0/0,905:1747647651047:,1747647651810
counter/1/0/0/0,906:1747647651047:,1747647651810
counter/1/0/0/0,907:1747647651047:,1747647651810
counter/1/0/0/0,908:1747647651059:,1747647651810
counter/1/0/0/0,909:1747647651059:,1747647651810
counter/1/0/0/0,910:1747647651064:,1747647651810
counter/1/0/0/0,911:1747647651069:,1747647651810
counter/1/0/0/0,912:1747647651069:,1747647651810
counter/1/0/0/0,913:1747647651069:,1747647651810
counter/1/0/0/0,914:1747647651069:,1747647651810
counter/1/0/0/0,915:1747647651069:,1747647651810
counter/1/0/0/0,916:1747647651069:,1747647651810
counter/1/0/0/0,917:1747647651069:,1747647651810
counter/1/0/0/0,918:1747647651069:,1747647651810
counter/1/0/0/0,919:1747647651069:,1747647651810
counter/1/0/0/0,920:1747647651069:,1747647651811
counter/1/0/0/0,921:1747647651069:,1747647651811
counter/1/0/0/0,922:1747647651069:,1747647651811
counter/1/0/0/0,923:1747647651078:,1747647651811
counter/1/0/0/0,924:1747647651078:,1747647651811
counter/1/0/0/0,925:1747647651078:,1747647651811
counter/1/0/0/0,926:1747647651078:,1747647651811
counter/1/0/0/0,927:1747647651078:,1747647651811
counter/1/0/0/0,928:1747647651078:,1747647651811
counter/1/0/0/0,929:1747647651078:,1747647651811
counter/1/0/0/0,930:1747647651078:,1747647651811
counter/1/0/0/0,931:1747647651079:,1747647651811
counter/1/0/0/0,932:1747647651079:,1747647651811
counter/1/0/0/0,933:1747647651079:,1747647651811
counter/1/0/0/0,934:1747647651082:,1747647651811
counter/1/0/0/0,935:1747647651088:,1747647651811
counter/1/0/0/0,936:1747647651102:,1747647651811
counter/1/0/0/0,937:1747647651102:,1747647651811
counter/1/0/0/0,938:1747647651102:,1747647651811
counter/1/0/0/0,939:1747647651102:,1747647651811
counter/1/0/0/0,940:1747647651102:,1747647651811
counter/1/0/0/0,941:1747647651102:,1747647651811
counter/1/0/0/0,942:1747647651102:,1747647651811
counter/1/0/0/0,943:1747647651102:,1747647651811
counter/1/0/0/0,944:1747647651103:,1747647651812
counter/1/0/0/0,945:1747647651103:,1747647651812
counter/1/0/0/0,946:1747647651103:,1747647651812
counter/1/0/0/0,947:1747647651103:,1747647651812
counter/1/0/0/0,948:1747647651103:,1747647651812
counter/1/0/0/0,949:1747647651111:,1747647651812
counter/1/0/0/0,950:1747647651111:,1747647651812
counter/1/0/0/0,951:1747647651114:,1747647651812
counter/1/0/0/0,952:1747647651114:,1747647651812
counter/1/0/0/0,953:1747647651122:,1747647651812
counter/1/0/0/0,954:1747647651122:,1747647651812
counter/1/0/0/0,955:1747647651125:,1747647651812
counter/1/0/0/0,956:1747647651125:,1747647651812
counter/1/0/0/0,957:1747647651125:,1747647651812
counter/1/0/0/0,958:1747647651125:,1747647651812
counter/1/0/0/0,959:1747647651127:,1747647651812
counter/1/0/0/0,960:1747647651127:,1747647651812
counter/1/0/0/0,961:1747647651127:,1747647651812
counter/1/0/0/0,962:1747647651127:,1747647651812
counter/1/0/0/0,963:1747647651127:,1747647651812
counter/1/0/0/0,964:1747647651132:,1747647651812
counter/1/0/0/0,965:1747647651132:,1747647651812
counter/1/0/0/0,966:1747647651132:,1747647651812
counter/1/0/0/0,967:1747647651132:,1747647651812
counter/1/0/0/0,968:1747647651132:,1747647651812
counter/1/0/0/0,969:1747647651132:,1747647651812
counter/1/0/0/0,970:1747647651133:,1747647651812
counter/1/0/0/0,971:1747647651133:,1747647651812
counter/1/0/0/0,972:1747647651133:,1747647651812
counter/1/0/0/0,973:1747647651133:,1747647651812
counter/1/0/0/0,974:1747647651133:,1747647651812
counter/1/0/0/0,975:1747647651133:,1747647651813
counter/1/0/0/0,976:1747647651133:,1747647651813
counter/1/0/0/0,977:1747647651133:,1747647651813
counter/1/0/0/0,978:1747647651133:,1747647651813
counter/1/0/0/0,979:1747647651133:,1747647651813
counter/1/0/0/0,980:1747647651133:,1747647651813
counter/1/0/0/0,981:1747647651133:,1747647651813
counter/1/0/0/0,982:1747647651133:,1747647651813
counter/1/0/0/0,983:1747647651133:,1747647651813
counter/1/0/0/0,984:1747647651133:,1747647651813
counter/1/0/0/0,985:1747647651133:,1747647651813
counter/1/0/0/0,986:1747647651136:,1747647651813
counter/1/0/0/0,987:1747647651136:,1747647651813
counter/1/0/0/0,988:1747647651136:,1747647651813
counter/1/0/0/0,989:1747647651136:,1747647651813
counter/1/0/0/0,990:1747647651136:,1747647651813
counter/1/0/0/0,991:1747647651136:,1747647651813
counter/1/0/0/0,992:1747647651136:,1747647651813
counter/1/0/0/0,993:1747647651136:,1747647651813
counter/1/0/0/0,994:1747647651136:,1747647651813
counter/1/0/0/0,995:1747647651136:,1747647651813
counter/1/0/0/0,996:1747647651136:,1747647651813
counter/1/0/0/0,997:1747647651136:,1747647651813
counter/1/0/0/0,998:1747647651136:,1747647651813
counter/1/0/0/0,999:1747647651136:,1747647651813
counter/1/0/0/0,1000:1747647651136:,1747647651814
counter/1/0/0/0,1001:1747647651136:,1747647651814
counter/1/0/0/0,1002:1747647651136:,1747647651814
counter/1/0/0/0,1003:1747647651136:,1747647651814
counter/1/0/0/0,1004:1747647651136:,1747647651814
counter/1/0/0/0,1005:1747647651136:,1747647651814
counter/1/0/0/0,1006:1747647651136:,1747647651814
counter/1/0/0/0,1007:1747647651136:,1747647651814
counter/1/0/0/0,1008:1747647651136:,1747647651814
counter/1/0/0/0,1009:1747647651136:,1747647651814
counter/1/0/0/0,1010:1747647651136:,1747647651814
counter/1/0/0/0,1011:1747647651136:,1747647651814
counter/1/0/0/0,1012:1747647651136:,1747647651814
counter/1/0/0/0,1013:1747647651136:,1747647651814
counter/1/0/0/0,1014:1747647651136:,1747647651814
counter/1/0/0/0,1015:1747647651136:,1747647651814
counter/1/0/0/0,1016:1747647651136:,1747647651814
counter/1/0/0/0,1017:1747647651136:,1747647651814
counter/1/0/0/0,1018:1747647651136:,1747647651814
counter/1/0/0/0,1019:1747647651137:,1747647651814
counter/1/0/0/0,1020:1747647651137:,1747647651814
counter/1/0/0/0,1021:1747647651137:,1747647651814
counter/1/0/0/0,1022:1747647651140:,1747647651814
counter/1/0/0/0,1023:1747647651140:,1747647651814
counter/1/0/0/0,1024:1747647651140:,1747647651814
counter/1/0/0/0,1025:1747647651141:,1747647651814
counter/1/0/0/0,1026:1747647651141:,1747647651814
counter/1/0/0/0,1027:1747647651142:,1747647651814
counter/1/0/0/0,1028:1747647651142:,1747647651814
counter/1/0/0/0,1029:1747647651142:,1747647651814
counter/4/0/0/0,943:1747647650971:,1747647651814
counter/1/0/0/0,1030:1747647651142:,1747647651814
counter/1/0/0/0,1031:1747647651142:,1747647651814
counter/1/0/0/0,1032:1747647651142:,1747647651814
counter/1/0/0/0,1033:1747647651142:,1747647651814
counter/1/0/0/0,1034:1747647651142:,1747647651815
counter/1/0/0/0,1035:1747647651142:,1747647651815
counter/1/0/0/0,1036:1747647651143:,1747647651815
counter/3/0/0/0,1021:1747647650779:,1747647651815
counter/1/0/0/0,1037:1747647651143:,1747647651815
counter/3/0/0/0,1022:1747647650780:,1747647651815
counter/6/0/0/0,866:1747647650898:,1747647651815
counter/1/0/0/0,1038:1747647651143:,1747647651815
counter/3/0/0/0,1023:1747647650782:,1747647651815
counter/1/0/0/0,1039:1747647651143:,1747647651815
counter/3/0/0/0,1024:1747647650782:,1747647651815
counter/1/0/0/0,1040:1747647651143:,1747647651815
counter/1/0/0/0,1041:1747647651143:,1747647651815
counter/1/0/0/0,1042:1747647651143:,1747647651815
counter/1/0/0/0,1043:1747647651143:,1747647651815
counter/9/0/0/0,1038:1747647651033:,1747647651815
counter/1/0/0/0,1044:1747647651146:,1747647651815
counter/9/0/0/0,1039:1747647651033:,1747647651815
counter/1/0/0/0,1045:1747647651146:,1747647651815
counter/9/0/0/0,1040:1747647651041:,1747647651815
counter/1/0/0/0,1046:1747647651146:,1747647651815
counter/9/0/0/0,1041:1747647651041:,1747647651815
counter/1/0/0/0,1047:1747647651146:,1747647651815
counter/9/0/0/0,1042:1747647651041:,1747647651815
counter/1/0/0/0,1048:1747647651146:,1747647651815
counter/9/0/0/0,1043:1747647651041:,1747647651815
counter/1/0/0/0,1049:1747647651146:,1747647651815
counter/1/0/0/0,1050:1747647651146:,1747647651815
counter/1/0/0/0,1051:1747647651146:,1747647651815
counter/1/0/0/0,1052:1747647651146:,1747647651815
counter/1/0/0/0,1053:1747647651146:,1747647651816
counter/1/0/0/0,1054:1747647651146:,1747647651816
counter/5/0/0/0,840:1747647650726:,1747647651816
counter/1/0/0/0,1055:1747647651146:,1747647651816
counter/5/0/0/0,841:1747647650726:,1747647651816
counter/1/0/0/0,1056:1747647651146:,1747647651816
counter/5/0/0/0,842:1747647650726:,1747647651816
counter/1/0/0/0,1057:1747647651146:,1747647651816
counter/1/0/0/0,1058:1747647651147:,1747647651816
counter/1/0/0/0,1059:1747647651147:,1747647651816
counter/1/0/0/0,1060:1747647651147:,1747647651816
counter/1/0/0/0,1061:1747647651147:,1747647651816
counter/1/0/0/0,1062:1747647651147:,1747647651816
counter/1/0/0/0,1063:1747647651147:,1747647651816
counter/1/0/0/0,1064:1747647651147:,1747647651816
counter/1/0/0/0,1065:1747647651147:,1747647651816
counter/1/0/0/0,1066:1747647651147:,1747647651816
counter/1/0/0/0,1067:1747647651148:,1747647651816
counter/1/0/0/0,1068:1747647651148:,1747647651816
counter/1/0/0/0,1069:1747647651148:,1747647651816
counter/1/0/0/0,1070:1747647651148:,1747647651816
counter/1/0/0/0,1071:1747647651148:,1747647651816
counter/1/0/0/0,1072:1747647651148:,1747647651816
counter/1/0/0/0,1073:1747647651148:,1747647651816
counter/1/0/0/0,1074:1747647651148:,1747647651816
counter/1/0/0/0,1075:1747647651148:,1747647651816
counter/1/0/0/0,1076:1747647651148:,1747647651816
counter/1/0/0/0,1077:1747647651148:,1747647651816
counter/1/0/0/0,1078:1747647651148:,1747647651816
counter/1/0/0/0,1079:1747647651150:,1747647651817
counter/1/0/0/0,1080:1747647651150:,1747647651817
counter/1/0/0/0,1081:1747647651150:,1747647651817
counter/1/0/0/0,1082:1747647651150:,1747647651817
counter/1/0/0/0,1083:1747647651150:,1747647651817
counter/1/0/0/0,1084:1747647651150:,1747647651817
counter/1/0/0/0,1085:1747647651150:,1747647651817
counter/1/0/0/0,1086:1747647651150:,1747647651817
counter/1/0/0/0,1087:1747647651150:,1747647651817
counter/1/0/0/0,1088:1747647651150:,1747647651817
counter/1/0/0/0,1089:1747647651150:,1747647651817
counter/1/0/0/0,1090:1747647651150:,1747647651817
counter/1/0/0/0,1091:1747647651151:,1747647651817
counter/1/0/0/0,1092:1747647651151:,1747647651817
counter/1/0/0/0,1093:1747647651151:,1747647651817
counter/1/0/0/0,1094:1747647651151:,1747647651817
counter/1/0/0/0,1095:1747647651153:,1747647651817
counter/1/0/0/0,1096:1747647651153:,1747647651817
counter/1/0/0/0,1097:1747647651154:,1747647651817
counter/2/0/0/0,973:1747647650833:,1747647651817
counter/1/0/0/0,1098:1747647651155:,1747647651817
counter/2/0/0/0,974:1747647650833:,1747647651817
counter/1/0/0/0,1099:1747647651155:,1747647651817
counter/2/0/0/0,975:1747647650833:,1747647651817
counter/1/0/0/0,1100:1747647651155:,1747647651817
counter/2/0/0/0,976:1747647650833:,1747647651817
counter/1/0/0/0,1101:1747647651155:,1747647651817
counter/2/0/0/0,977:1747647650835:,1747647651817
counter/1/0/0/0,1102:1747647651155:,1747647651817
counter/2/0/0/0,978:1747647650837:,1747647651818
counter/1/0/0/0,1103:1747647651155:,1747647651818
counter/2/0/0/0,979:1747647650837:,1747647651818
counter/1/0/0/0,1104:1747647651155:,1747647651818
counter/1/0/0/0,1105:1747647651155:,1747647651818
counter/10/0/0/0,880:1747647650958:,1747647651818
counter/1/0/0/0,1106:1747647651156:,1747647651818
counter/1/0/0/0,1107:1747647651156:,1747647651818
counter/1/0/0/0,1108:1747647651156:,1747647651818
counter/8/0/0/0,1157:1747647650814:,1747647651818
counter/1/0/0/0,1109:1747647651156:,1747647651818
counter/1/0/0/0,1110:1747647651156:,1747647651818
counter/1/0/0/0,1111:1747647651156:,1747647651818
counter/1/0/0/0,1112:1747647651156:,1747647651818
counter/1/0/0/0,1113:1747647651156:,1747647651818
counter/1/0/0/0,1114:1747647651160:,1747647651818
counter/1/0/0/0,1115:1747647651160:,1747647651818
counter/1/0/0/0,1116:1747647651160:,1747647651818
counter/1/0/0/0,1117:1747647651160:,1747647651818
counter/1/0/0/0,1118:1747647651160:,1747647651818
counter/1/0/0/0,1119:1747647651160:,1747647651818
counter/9/0/0/0,1044:1747647651041:,1747647651818
counter/1/0/0/0,1120:1747647651160:,1747647651818
counter/9/0/0/0,1045:1747647651041:,1747647651818
counter/1/0/0/0,1121:1747647651161:,1747647651818
counter/9/0/0/0,1046:1747647651041:,1747647651818
counter/1/0/0/0,1122:1747647651161:,1747647651818
counter/9/0/0/0,1047:1747647651041:,1747647651818
counter/1/0/0/0,1123:1747647651161:,1747647651819
counter/9/0/0/0,1048:1747647651041:,1747647651819
counter/1/0/0/0,1124:1747647651163:,1747647651819
counter/9/0/0/0,1049:1747647651041:,1747647651819
counter/1/0/0/0,1125:1747647651163:,1747647651819
counter/9/0/0/0,1050:1747647651045:,1747647651819
counter/8/0/0/0,1158:1747647650814:,1747647651819
counter/1/0/0/0,1126:1747647651163:,1747647651819
counter/9/0/0/0,1051:1747647651045:,1747647651819
counter/7/0/0/0,763:1747647650831:,1747647651819
counter/1/0/0/0,1127:1747647651163:,1747647651819
counter/9/0/0/0,1052:1747647651045:,1747647651819
counter/1/0/0/0,1128:1747647651163:,1747647651819
counter/9/0/0/0,1053:1747647651045:,1747647651819
counter/1/0/0/0,1129:1747647651163:,1747647651819
counter/1/0/0/0,1130:1747647651163:,1747647651819
counter/1/0/0/0,1131:1747647651163:,1747647651819
counter/5/0/0/0,843:1747647650726:,1747647651819
counter/1/0/0/0,1132:1747647651163:,1747647651819
counter/5/0/0/0,844:1747647650726:,1747647651819
counter/1/0/0/0,1133:1747647651163:,1747647651819
counter/5/0/0/0,845:1747647650726:,1747647651819
counter/1/0/0/0,1134:1747647651163:,1747647651819
counter/5/0/0/0,846:1747647650732:,1747647651819
counter/1/0/0/0,1135:1747647651163:,1747647651819
counter/5/0/0/0,847:1747647650732:,1747647651819
counter/1/0/0/0,1136:1747647651163:,1747647651819
counter/5/0/0/0,848:1747647650732:,1747647651819
counter/1/0/0/0,1137:1747647651163:,1747647651820
counter/5/0/0/0,849:1747647650733:,1747647651820
counter/1/0/0/0,1138:1747647651163:,1747647651820
counter/5/0/0/0,850:1747647650733:,1747647651820
counter/1/0/0/0,1139:1747647651163:,1747647651820
counter/1/0/0/0,1140:1747647651163:,1747647651820
counter/1/0/0/0,1141:1747647651163:,1747647651820
counter/1/0/0/0,1142:1747647651164:,1747647651820
counter/1/0/0/0,1143:1747647651169:,1747647651820
counter/1/0/0/0,1144:1747647651169:,1747647651820
counter/1/0/0/0,1145:1747647651170:,1747647651820
counter/1/0/0/0,1146:1747647651170:,1747647651820
counter/1/0/0/0,1147:1747647651170:,1747647651820
counter/1/0/0/0,1148:1747647651183:,1747647651820
counter/1/0/0/0,1149:1747647651183:,1747647651820
counter/1/0/0/0,1150:1747647651184:,1747647651820
counter/1/0/0/0,1151:1747647651184:,1747647651820
counter/1/0/0/0,1152:1747647651184:,1747647651820
counter/1/0/0/0,1153:1747647651184:,1747647651820
counter/1/0/0/0,1154:1747647651184:,1747647651820
counter/1/0/0/0,1155:1747647651184:,1747647651820
counter/1/0/0/0,1156:1747647651184:,1747647651820
counter/1/0/0/0,1157:1747647651184:,1747647651820
counter/1/0/0/0,1158:1747647651184:,1747647651820
counter/1/0/0/0,1159:1747647651184:,1747647651820
counter/7/0/0/0,764:1747647650831:,1747647651820
counter/1/0/0/0,1160:1747647651184:,1747647651820
counter/1/0/0/0,1161:1747647651184:,1747647651820
counter/4/0/0/0,944:1747647650971:,1747647651820
counter/1/0/0/0,1162:1747647651184:,1747647651820
counter/1/0/0/0,1163:1747647651184:,1747647651820
counter/1/0/0/0,1164:1747647651184:,1747647651820
counter/1/0/0/0,1165:1747647651185:,1747647651820
counter/1/0/0/0,1166:1747647651190:,1747647651820
counter/1/0/0/0,1167:1747647651190:,1747647651820
counter/1/0/0/0,1168:1747647651190:,1747647651821
counter/1/0/0/0,1169:1747647651190:,1747647651821
counter/1/0/0/0,1170:1747647651190:,1747647651821
counter/1/0/0/0,1171:1747647651190:,1747647651821
counter/1/0/0/0,1172:1747647651190:,1747647651821
counter/1/0/0/0,1173:1747647651190:,1747647651821
counter/1/0/0/0,1174:1747647651190:,1747647651821
counter/1/0/0/0,1175:1747647651190:,1747647651821
counter/1/0/0/0,1176:1747647651190:,1747647651821
counter/5/0/0/0,851:1747647650733:,1747647651821
counter/1/0/0/0,1177:1747647651190:,1747647651821
counter/6/0/0/0,867:1747647650898:,1747647651821
counter/1/0/0/0,1178:1747647651190:,1747647651821
counter/6/0/0/0,868:1747647650898:,1747647651821
counter/1/0/0/0,1179:1747647651200:,1747647651821
counter/9/0/0/0,1054:1747647651045:,1747647651821
counter/1/0/0/0,1180:1747647651200:,1747647651821
counter/9/0/0/0,1055:1747647651045:,1747647651821
counter/1/0/0/0,1181:1747647651200:,1747647651821
counter/9/0/0/0,1056:1747647651045:,1747647651821
counter/1/0/0/0,1182:1747647651200:,1747647651821
counter/9/0/0/0,1057:1747647651045:,1747647651821
counter/6/0/0/0,869:1747647650898:,1747647651821
counter/1/0/0/0,1183:1747647651200:,1747647651821
counter/9/0/0/0,1058:1747647651047:,1747647651821
counter/10/0/0/0,881:1747647650958:,1747647651821
counter/1/0/0/0,1184:1747647651200:,1747647651821
counter/9/0/0/0,1059:1747647651047:,1747647651821
counter/1/0/0/0,1185:1747647651200:,1747647651821
counter/9/0/0/0,1060:1747647651047:,1747647651821
counter/1/0/0/0,1186:1747647651200:,1747647651821
counter/9/0/0/0,1061:1747647651047:,1747647651821
counter/1/0/0/0,1187:1747647651200:,1747647651821
counter/9/0/0/0,1062:1747647651047:,1747647651821
counter/1/0/0/0,1188:1747647651200:,1747647651822
counter/1/0/0/0,1189:1747647651200:,1747647651822
counter/1/0/0/0,1190:1747647651201:,1747647651822
counter/1/0/0/0,1191:1747647651201:,1747647651822
counter/1/0/0/0,1192:1747647651201:,1747647651822
counter/1/0/0/0,1193:1747647651204:,1747647651822
counter/1/0/0/0,1194:1747647651204:,1747647651822
counter/1/0/0/0,1195:1747647651204:,1747647651822
counter/1/0/0/0,1196:1747647651208:,1747647651822
counter/1/0/0/0,1197:1747647651208:,1747647651822
counter/1/0/0/0,1198:1747647651208:,1747647651822
counter/1/0/0/0,1199:1747647651208:,1747647651822
counter/1/0/0/0,1200:1747647651208:,1747647651822
counter/1/0/0/0,1201:1747647651209:,1747647651822
counter/1/0/0/0,1202:1747647651209:,1747647651822
counter/1/0/0/0,1203:1747647651209:,1747647651822
counter/1/0/0/0,1204:1747647651209:,1747647651822
counter/1/0/0/0,1205:1747647651209:,1747647651822
counter/1/0/0/0,1206:1747647651209:,1747647651822
counter/1/0/0/0,1207:1747647651209:,1747647651822
counter/1/0/0/0,1208:1747647651209:,1747647651822
counter/1/0/0/0,1209:1747647651212:,1747647651822
counter/1/0/0/0,1210:1747647651212:,1747647651822
counter/4/0/0/0,945:1747647650971:,1747647651823
counter/1/0/0/0,1211:1747647651212:,1747647651823
counter/1/0/0/0,1212:1747647651213:,1747647651823
counter/4/0/0/0,946:1747647650971:,1747647651823
counter/1/0/0/0,1213:1747647651213:,1747647651823
counter/6/0/0/0,870:1747647650899:,1747647651823
counter/1/0/0/0,1214:1747647651213:,1747647651823
counter/1/0/0/0,1215:1747647651213:,1747647651823
counter/1/0/0/0,1216:1747647651213:,1747647651823
counter/1/0/0/0,1217:1747647651213:,1747647651823
counter/1/0/0/0,1218:1747647651213:,1747647651823
counter/1/0/0/0,1219:1747647651222:,1747647651823
counter/1/0/0/0,1220:1747647651222:,1747647651823
counter/1/0/0/0,1221:1747647651222:,1747647651823
counter/1/0/0/0,1222:1747647651222:,1747647651823
counter/1/0/0/0,1223:1747647651222:,1747647651823
counter/1/0/0/0,1224:1747647651222:,1747647651823
counter/1/0/0/0,1225:1747647651222:,1747647651823
counter/1/0/0/0,1226:1747647651222:,1747647651823
counter/1/0/0/0,1227:1747647651222:,1747647651823
counter/1/0/0/0,1228:1747647651222:,1747647651823
counter/2/0/0/0,980:1747647650837:,1747647651823
counter/1/0/0/0,1229:1747647651222:,1747647651823
counter/1/0/0/0,1230:1747647651222:,1747647651823
counter/1/0/0/0,1231:1747647651222:,1747647651823
counter/10/0/0/0,882:1747647650958:,1747647651823
counter/1/0/0/0,1232:1747647651222:,1747647651823
counter/10/0/0/0,883:1747647650958:,1747647651823
counter/5/0/0/0,852:1747647650733:,1747647651823
counter/1/0/0/0,1233:1747647651222:,1747647651823
counter/8/0/0/0,1159:1747647650814:,1747647651823
counter/1/0/0/0,1234:1747647651222:,1747647651824
counter/1/0/0/0,1235:1747647651231:,1747647651824
counter/1/0/0/0,1236:1747647651231:,1747647651824
counter/1/0/0/0,1237:1747647651231:,1747647651824
counter/1/0/0/0,1238:1747647651231:,1747647651824
counter/1/0/0/0,1239:1747647651231:,1747647651824
counter/1/0/0/0,1240:1747647651231:,1747647651824
counter/1/0/0/0,1241:1747647651231:,1747647651824
counter/1/0/0/0,1242:1747647651231:,1747647651824
counter/1/0/0/0,1243:1747647651231:,1747647651824
counter/1/0/0/0,1244:1747647651231:,1747647651824
counter/1/0/0/0,1245:1747647651231:,1747647651824
counter/1/0/0/0,1246:1747647651231:,1747647651824
counter/1/0/0/0,1247:1747647651231:,1747647651824
counter/4/0/0/0,947:1747647650971:,1747647651824
counter/1/0/0/0,1248:1747647651241:,1747647651824
counter/1/0/0/0,1249:1747647651241:,1747647651824
counter/1/0/0/0,1250:1747647651241:,1747647651824
counter/1/0/0/0,1251:1747647651241:,1747647651824
counter/1/0/0/0,1252:1747647651241:,1747647651824
counter/2/0/0/0,981:1747647650837:,1747647651824
counter/1/0/0/0,1253:1747647651241:,1747647651824
counter/2/0/0/0,982:1747647650837:,1747647651824
counter/1/0/0/0,1254:1747647651241:,1747647651824
counter/2/0/0/0,983:1747647650837:,1747647651824
counter/1/0/0/0,1255:1747647651241:,1747647651824
counter/2/0/0/0,984:1747647650837:,1747647651824
counter/1/0/0/0,1256:1747647651241:,1747647651824
counter/2/0/0/0,985:1747647650837:,1747647651824
counter/1/0/0/0,1257:1747647651251:,1747647651824
counter/2/0/0/0,986:1747647650837:,1747647651824
counter/10/0/0/0,884:1747647650964:,1747647651824
counter/1/0/0/0,1258:1747647651251:,1747647651824
counter/2/0/0/0,987:1747647650837:,1747647651824
counter/7/0/0/0,765:1747647650841:,1747647651825
counter/9/0/0/0,1063:1747647651047:,1747647651825
counter/1/0/0/0,1259:1747647651251:,1747647651825
counter/2/0/0/0,988:1747647650837:,1747647651825
counter/7/0/0/0,766:1747647650841:,1747647651825
counter/1/0/0/0,1260:1747647651251:,1747647651825
counter/2/0/0/0,989:1747647650838:,1747647651825
counter/7/0/0/0,767:1747647650841:,1747647651825
counter/1/0/0/0,1261:1747647651251:,1747647651825
counter/7/0/0/0,768:1747647650841:,1747647651825
counter/4/0/0/0,948:1747647650972:,1747647651825
counter/3/0/0/0,1025:1747647650782:,1747647651825
counter/1/0/0/0,1262:1747647651251:,1747647651825
counter/7/0/0/0,769:1747647650845:,1747647651825
counter/4/0/0/0,949:1747647650972:,1747647651825
counter/1/0/0/0,1263:1747647651251:,1747647651825
counter/7/0/0/0,770:1747647650845:,1747647651825
counter/4/0/0/0,950:1747647650972:,1747647651825
counter/1/0/0/0,1264:1747647651251:,1747647651825
counter/4/0/0/0,951:1747647650972:,1747647651825
counter/1/0/0/0,1265:1747647651272:,1747647651825
counter/4/0/0/0,952:1747647650972:,1747647651825
counter/1/0/0/0,1266:1747647651272:,1747647651825
counter/4/0/0/0,953:1747647650972:,1747647651825
counter/9/0/0/0,1064:1747647651047:,1747647651825
counter/1/0/0/0,1267:1747647651272:,1747647651825
counter/4/0/0/0,954:1747647650972:,1747647651825
counter/10/0/0/0,885:1747647650967:,1747647651825
counter/6/0/0/0,871:1747647650899:,1747647651826
counter/1/0/0/0,1268:1747647651272:,1747647651826
counter/4/0/0/0,955:1747647650992:,1747647651826
counter/1/0/0/0,1269:1747647651272:,1747647651826
counter/4/0/0/0,956:1747647650992:,1747647651826
counter/1/0/0/0,1270:1747647651272:,1747647651826
counter/1/0/0/0,1271:1747647651272:,1747647651826
counter/1/0/0/0,1272:1747647651272:,1747647651826
counter/1/0/0/0,1273:1747647651272:,1747647651826
counter/1/0/0/0,1274:1747647651272:,1747647651826
counter/1/0/0/0,1275:1747647651272:,1747647651826
counter/1/0/0/0,1276:1747647651272:,1747647651826
counter/1/0/0/0,1277:1747647651272:,1747647651826
counter/1/0/0/0,1278:1747647651272:,1747647651826
counter/1/0/0/0,1279:1747647651278:,1747647651826
counter/1/0/0/0,1280:1747647651278:,1747647651826
counter/1/0/0/0,1281:1747647651278:,1747647651826
counter/1/0/0/0,1282:1747647651278:,1747647651826
counter/1/0/0/0,1283:1747647651278:,1747647651826
counter/1/0/0/0,1284:1747647651278:,1747647651826
counter/1/0/0/0,1285:1747647651278:,1747647651826
counter/1/0/0/0,1286:1747647651278:,1747647651826
counter/1/0/0/0,1287:1747647651278:,1747647651826
counter/1/0/0/0,1288:1747647651278:,1747647651826
counter/1/0/0/0,1289:1747647651278:,1747647651826
counter/1/0/0/0,1290:1747647651278:,1747647651826
counter/1/0/0/0,1291:1747647651278:,1747647651826
counter/1/0/0/0,1292:1747647651278:,1747647651826
counter/1/0/0/0,1293:1747647651278:,1747647651826
counter/1/0/0/0,1294:1747647651278:,1747647651826
counter/1/0/0/0,1295:1747647651278:,1747647651826
counter/1/0/0/0,1296:1747647651278:,1747647651826
counter/1/0/0/0,1297:1747647651278:,1747647651827
counter/1/0/0/0,1298:1747647651278:,1747647651827
counter/1/0/0/0,1299:1747647651279:,1747647651827
counter/3/0/0/0,1026:1747647650782:,1747647651827
counter/1/0/0/0,1300:1747647651279:,1747647651827
counter/5/0/0/0,853:1747647650733:,1747647651827
counter/1/0/0/0,1301:1747647651279:,1747647651827
counter/5/0/0/0,854:1747647650733:,1747647651827
counter/1/0/0/0,1302:1747647651279:,1747647651827
counter/5/0/0/0,855:1747647650733:,1747647651827
counter/2/0/0/0,990:1747647650840:,1747647651827
counter/1/0/0/0,1303:1747647651279:,1747647651827
counter/1/0/0/0,1304:1747647651279:,1747647651827
counter/1/0/0/0,1305:1747647651279:,1747647651827
counter/1/0/0/0,1306:1747647651279:,1747647651827
counter/1/0/0/0,1307:1747647651279:,1747647651827
counter/1/0/0/0,1308:1747647651279:,1747647651827
counter/1/0/0/0,1309:1747647651279:,1747647651827
counter/1/0/0/0,1310:1747647651279:,1747647651827
counter/1/0/0/0,1311:1747647651279:,1747647651827
counter/1/0/0/0,1312:1747647651279:,1747647651827
counter/1/0/0/0,1313:1747647651279:,1747647651827
counter/1/0/0/0,1314:1747647651279:,1747647651827
counter/1/0/0/0,1315:1747647651279:,1747647651827
counter/1/0/0/0,1316:1747647651283:,1747647651827
counter/1/0/0/0,1317:1747647651283:,1747647651827
counter/1/0/0/0,1318:1747647651283:,1747647651827
counter/1/0/0/0,1319:1747647651283:,1747647651827
counter/1/0/0/0,1320:1747647651283:,1747647651827
counter/1/0/0/0,1321:1747647651283:,1747647651827
counter/1/0/0/0,1322:1747647651283:,1747647651827
counter/1/0/0/0,1323:1747647651283:,1747647651827
counter/1/0/0/0,1324:1747647651283:,1747647651827
counter/1/0/0/0,1325:1747647651283:,1747647651828
counter/1/0/0/0,1326:1747647651283:,1747647651828
counter/1/0/0/0,1327:1747647651283:,1747647651828
counter/1/0/0/0,1328:1747647651283:,1747647651828
counter/1/0/0/0,1329:1747647651283:,1747647651828
counter/1/0/0/0,1330:1747647651283:,1747647651828
counter/1/0/0/0,1331:1747647651283:,1747647651828
counter/1/0/0/0,1332:1747647651283:,1747647651828
counter/1/0/0/0,1333:1747647651283:,1747647651828
counter/1/0/0/0,1334:1747647651295:,1747647651828
counter/1/0/0/0,1335:1747647651295:,1747647651828
counter/1/0/0/0,1336:1747647651295:,1747647651828
counter/1/0/0/0,1337:1747647651295:,1747647651828
counter/1/0/0/0,1338:1747647651295:,1747647651828
counter/1/0/0/0,1339:1747647651295:,1747647651828
counter/1/0/0/0,1340:1747647651295:,1747647651828
counter/1/0/0/0,1341:1747647651295:,1747647651828
counter/1/0/0/0,1342:1747647651295:,1747647651828
counter/1/0/0/0,1343:1747647651302:,1747647651828
counter/1/0/0/0,1344:1747647651302:,1747647651828
counter/1/0/0/0,1345:1747647651302:,1747647651828
counter/1/0/0/0,1346:1747647651302:,1747647651828
counter/3/0/0/0,1027:1747647650782:,1747647651828
counter/1/0/0/0,1347:1747647651302:,1747647651828
counter/7/0/0/0,771:1747647650845:,1747647651828
counter/9/0/0/0,1065:1747647651047:,1747647651828
counter/9/0/0/0,1066:1747647651047:,1747647651828
counter/9/0/0/0,1067:1747647651047:,1747647651828
counter/9/0/0/0,1068:1747647651047:,1747647651828
counter/9/0/0/0,1069:1747647651050:,1747647651828
counter/9/0/0/0,1070:1747647651050:,1747647651828
counter/9/0/0/0,1071:1747647651050:,1747647651829
counter/3/0/0/0,1028:1747647650785:,1747647651829
counter/5/0/0/0,856:1747647650733:,1747647651829
counter/5/0/0/0,857:1747647650733:,1747647651829
counter/5/0/0/0,858:1747647650733:,1747647651829
counter/5/0/0/0,859:1747647650738:,1747647651829
counter/8/0/0/0,1160:1747647650814:,1747647651829
counter/5/0/0/0,860:1747647650738:,1747647651829
counter/6/0/0/0,872:1747647650899:,1747647651829
counter/6/0/0/0,873:1747647650899:,1747647651829
counter/2/0/0/0,991:1747647650840:,1747647651829
counter/6/0/0/0,874:1747647650899:,1747647651829
counter/2/0/0/0,992:1747647650840:,1747647651829
counter/8/0/0/0,1161:1747647650814:,1747647651829
counter/6/0/0/0,875:1747647650899:,1747647651829
counter/2/0/0/0,993:1747647650840:,1747647651829
counter/8/0/0/0,1162:1747647650814:,1747647651829
counter/6/0/0/0,876:1747647650899:,1747647651829
counter/2/0/0/0,994:1747647650840:,1747647651829
counter/8/0/0/0,1163:1747647650814:,1747647651829
counter/6/0/0/0,877:1747647650899:,1747647651829
counter/8/0/0/0,1164:1747647650815:,1747647651829
counter/6/0/0/0,878:1747647650899:,1747647651829
counter/8/0/0/0,1165:1747647650816:,1747647651829
counter/9/0/0/0,1072:1747647651050:,1747647651829
counter/3/0/0/0,1029:1747647650794:,1747647651829
counter/10/0/0/0,886:1747647650993:,1747647651829
counter/10/0/0/0,887:1747647650993:,1747647651829
counter/10/0/0/0,888:1747647650993:,1747647651829
counter/5/0/0/0,861:1747647650738:,1747647651829
counter/1/0/0/0,1348:1747647651302:,1747647651829
counter/1/0/0/0,1349:1747647651303:,1747647651830
counter/1/0/0/0,1350:1747647651303:,1747647651830
counter/1/0/0/0,1351:1747647651303:,1747647651830
counter/1/0/0/0,1352:1747647651303:,1747647651830
counter/1/0/0/0,1353:1747647651303:,1747647651830
counter/8/0/0/0,1166:1747647650816:,1747647651830
counter/9/0/0/0,1073:1747647651050:,1747647651830
counter/8/0/0/0,1167:1747647650825:,1747647651830
counter/1/0/0/0,1354:1747647651303:,1747647651830
counter/1/0/0/0,1355:1747647651303:,1747647651830
counter/9/0/0/0,1074:1747647651050:,1747647651830
counter/9/0/0/0,1075:1747647651050:,1747647651830
counter/9/0/0/0,1076:1747647651050:,1747647651830
counter/9/0/0/0,1077:1747647651051:,1747647651830
counter/9/0/0/0,1078:1747647651051:,1747647651830
counter/9/0/0/0,1079:1747647651054:,1747647651830
counter/9/0/0/0,1080:1747647651054:,1747647651830
counter/9/0/0/0,1081:1747647651054:,1747647651830
counter/9/0/0/0,1082:1747647651054:,1747647651830
counter/1/0/0/0,1356:1747647651303:,1747647651830
counter/9/0/0/0,1083:1747647651054:,1747647651830
counter/9/0/0/0,1084:1747647651054:,1747647651830
counter/9/0/0/0,1085:1747647651054:,1747647651830
counter/6/0/0/0,879:1747647650899:,1747647651830
counter/6/0/0/0,880:1747647650899:,1747647651830
counter/6/0/0/0,881:1747647650899:,1747647651830
counter/6/0/0/0,882:1747647650899:,1747647651830
counter/5/0/0/0,862:1747647650738:,1747647651830
counter/6/0/0/0,883:1747647650899:,1747647651830
counter/5/0/0/0,863:1747647650738:,1747647651830
counter/6/0/0/0,884:1747647650899:,1747647651830
counter/5/0/0/0,864:1747647650740:,1747647651830
counter/6/0/0/0,885:1747647650899:,1747647651830
counter/5/0/0/0,865:1747647650740:,1747647651830
counter/6/0/0/0,886:1747647650899:,1747647651831
counter/5/0/0/0,866:1747647650740:,1747647651831
counter/2/0/0/0,995:1747647650841:,1747647651831
counter/5/0/0/0,867:1747647650740:,1747647651831
counter/10/0/0/0,889:1747647650993:,1747647651831
counter/5/0/0/0,868:1747647650740:,1747647651831
counter/10/0/0/0,890:1747647650993:,1747647651831
counter/5/0/0/0,869:1747647650740:,1747647651831
counter/10/0/0/0,891:1747647650993:,1747647651831
counter/5/0/0/0,870:1747647650743:,1747647651831
counter/10/0/0/0,892:1747647650993:,1747647651831
counter/10/0/0/0,893:1747647650993:,1747647651831
counter/3/0/0/0,1030:1747647650806:,1747647651831
counter/9/0/0/0,1086:1747647651054:,1747647651831
counter/9/0/0/0,1087:1747647651054:,1747647651831
counter/9/0/0/0,1088:1747647651054:,1747647651831
counter/5/0/0/0,871:1747647650743:,1747647651831
counter/2/0/0/0,996:1747647650841:,1747647651831
counter/2/0/0/0,997:1747647650841:,1747647651831
counter/2/0/0/0,998:1747647650841:,1747647651831
counter/2/0/0/0,999:1747647650843:,1747647651831
counter/2/0/0/0,1000:1747647650843:,1747647651831
counter/4/0/0/0,957:1747647650992:,1747647651831
counter/4/0/0/0,958:1747647650992:,1747647651831
counter/8/0/0/0,1168:1747647650825:,1747647651831
counter/4/0/0/0,959:1747647650992:,1747647651832
counter/9/0/0/0,1089:1747647651054:,1747647651832
counter/1/0/0/0,1357:1747647651303:,1747647651832
counter/1/0/0/0,1358:1747647651303:,1747647651832
counter/1/0/0/0,1359:1747647651303:,1747647651832
counter/1/0/0/0,1360:1747647651303:,1747647651832
counter/1/0/0/0,1361:1747647651303:,1747647651832
counter/1/0/0/0,1362:1747647651304:,1747647651832
counter/1/0/0/0,1363:1747647651304:,1747647651832
counter/1/0/0/0,1364:1747647651304:,1747647651832
counter/1/0/0/0,1365:1747647651304:,1747647651832
counter/9/0/0/0,1090:1747647651055:,1747647651832
counter/8/0/0/0,1169:1747647650825:,1747647651832
counter/4/0/0/0,960:1747647650992:,1747647651832
counter/4/0/0/0,961:1747647650992:,1747647651832
counter/1/0/0/0,1366:1747647651304:,1747647651832
counter/4/0/0/0,962:1747647650992:,1747647651832
counter/6/0/0/0,887:1747647650910:,1747647651832
counter/10/0/0/0,894:1747647650993:,1747647651832
counter/5/0/0/0,872:1747647650743:,1747647651832
counter/10/0/0/0,895:1747647650993:,1747647651832
counter/5/0/0/0,873:1747647650743:,1747647651832
counter/5/0/0/0,874:1747647650755:,1747647651832
counter/5/0/0/0,875:1747647650755:,1747647651832
counter/5/0/0/0,876:1747647650755:,1747647651832
counter/5/0/0/0,877:1747647650755:,1747647651832
counter/5/0/0/0,878:1747647650762:,1747647651832
counter/2/0/0/0,1001:1747647650843:,1747647651832
counter/7/0/0/0,772:1747647650845:,1747647651832
counter/8/0/0/0,1170:1747647650825:,1747647651833
counter/7/0/0/0,773:1747647650845:,1747647651833
counter/1/0/0/0,1367:1747647651304:,1747647651833
counter/9/0/0/0,1091:1747647651055:,1747647651833
counter/9/0/0/0,1092:1747647651055:,1747647651833
counter/9/0/0/0,1093:1747647651055:,1747647651833
counter/9/0/0/0,1094:1747647651055:,1747647651833
counter/9/0/0/0,1095:1747647651056:,1747647651833
counter/3/0/0/0,1031:1747647650807:,1747647651833
counter/3/0/0/0,1032:1747647650807:,1747647651833
counter/3/0/0/0,1033:1747647650807:,1747647651833
counter/6/0/0/0,888:1747647650910:,1747647651833
counter/6/0/0/0,889:1747647650910:,1747647651833
counter/6/0/0/0,890:1747647650916:,1747647651833
counter/9/0/0/0,1096:1747647651057:,1747647651833
counter/6/0/0/0,891:1747647650916:,1747647651833
counter/6/0/0/0,892:1747647650916:,1747647651833
counter/2/0/0/0,1002:1747647650843:,1747647651833
counter/10/0/0/0,896:1747647650993:,1747647651833
counter/8/0/0/0,1171:1747647650825:,1747647651833
counter/8/0/0/0,1172:1747647650825:,1747647651833
counter/10/0/0/0,897:1747647650998:,1747647651833
counter/8/0/0/0,1173:1747647650825:,1747647651833
counter/8/0/0/0,1174:1747647650825:,1747647651833
counter/8/0/0/0,1175:1747647650825:,1747647651833
counter/8/0/0/0,1176:1747647650825:,1747647651834
counter/8/0/0/0,1177:1747647650825:,1747647651834
counter/8/0/0/0,1178:1747647650825:,1747647651834
counter/8/0/0/0,1179:1747647650825:,1747647651834
counter/8/0/0/0,1180:1747647650825:,1747647651834
counter/8/0/0/0,1181:1747647650825:,1747647651834
counter/8/0/0/0,1182:1747647650841:,1747647651834
counter/5/0/0/0,879:1747647650770:,1747647651834
counter/7/0/0/0,774:1747647650846:,1747647651834
counter/9/0/0/0,1097:1747647651057:,1747647651834
counter/6/0/0/0,893:1747647650916:,1747647651834
counter/6/0/0/0,894:1747647650916:,1747647651834
counter/8/0/0/0,1183:1747647650848:,1747647651834
counter/8/0/0/0,1184:1747647650848:,1747647651834
counter/8/0/0/0,1185:1747647650848:,1747647651834
counter/5/0/0/0,880:1747647650770:,1747647651834
counter/2/0/0/0,1003:1747647650843:,1747647651834
counter/1/0/0/0,1368:1747647651304:,1747647651834
counter/1/0/0/0,1369:1747647651304:,1747647651834
counter/1/0/0/0,1370:1747647651304:,1747647651834
counter/1/0/0/0,1371:1747647651304:,1747647651834
counter/1/0/0/0,1372:1747647651304:,1747647651834
counter/1/0/0/0,1373:1747647651304:,1747647651834
counter/1/0/0/0,1374:1747647651308:,1747647651834
counter/1/0/0/0,1375:1747647651308:,1747647651834
counter/1/0/0/0,1376:1747647651308:,1747647651835
counter/3/0/0/0,1034:1747647650807:,1747647651835
counter/8/0/0/0,1186:1747647650859:,1747647651835
counter/5/0/0/0,881:1747647650770:,1747647651835
counter/5/0/0/0,882:1747647650770:,1747647651835
counter/5/0/0/0,883:1747647650770:,1747647651835
counter/5/0/0/0,884:1747647650770:,1747647651835
counter/7/0/0/0,775:1747647650846:,1747647651835
counter/5/0/0/0,885:1747647650770:,1747647651835
counter/7/0/0/0,776:1747647650846:,1747647651835
counter/5/0/0/0,886:1747647650770:,1747647651835
counter/7/0/0/0,777:1747647650846:,1747647651835
counter/5/0/0/0,887:1747647650770:,1747647651835
counter/7/0/0/0,778:1747647650846:,1747647651835
counter/5/0/0/0,888:1747647650770:,1747647651835
counter/7/0/0/0,779:1747647650846:,1747647651835
counter/7/0/0/0,780:1747647650846:,1747647651835
counter/7/0/0/0,781:1747647650846:,1747647651835
counter/7/0/0/0,782:1747647650853:,1747647651835
counter/7/0/0/0,783:1747647650854:,1747647651835
counter/7/0/0/0,784:1747647650854:,1747647651835
counter/7/0/0/0,785:1747647650854:,1747647651836
counter/2/0/0/0,1004:1747647650843:,1747647651836
counter/2/0/0/0,1005:1747647650844:,1747647651836
counter/2/0/0/0,1006:1747647650844:,1747647651836
counter/2/0/0/0,1007:1747647650844:,1747647651836
counter/3/0/0/0,1035:1747647650807:,1747647651836
counter/9/0/0/0,1098:1747647651057:,1747647651836
counter/9/0/0/0,1099:1747647651057:,1747647651836
counter/8/0/0/0,1187:1747647650859:,1747647651836
counter/1/0/0/0,1377:1747647651308:,1747647651836
counter/5/0/0/0,889:1747647650770:,1747647651836
counter/9/0/0/0,1100:1747647651057:,1747647651836
counter/7/0/0/0,786:1747647650854:,1747647651836
counter/6/0/0/0,895:1747647650916:,1747647651836
counter/5/0/0/0,890:1747647650770:,1747647651836
counter/5/0/0/0,891:1747647650770:,1747647651836
counter/5/0/0/0,892:1747647650774:,1747647651836
counter/5/0/0/0,893:1747647650774:,1747647651836
counter/5/0/0/0,894:1747647650774:,1747647651836
counter/5/0/0/0,895:1747647650774:,1747647651837
counter/5/0/0/0,896:1747647650774:,1747647651837
counter/5/0/0/0,897:1747647650775:,1747647651837
counter/5/0/0/0,898:1747647650776:,1747647651837
counter/5/0/0/0,899:1747647650776:,1747647651837
counter/5/0/0/0,900:1747647650776:,1747647651837
counter/5/0/0/0,901:1747647650776:,1747647651837
counter/5/0/0/0,902:1747647650776:,1747647651837
counter/7/0/0/0,787:1747647650854:,1747647651837
counter/7/0/0/0,788:1747647650854:,1747647651837
counter/4/0/0/0,963:1747647650992:,1747647651837
counter/4/0/0/0,964:1747647650994:,1747647651837
counter/4/0/0/0,965:1747647650994:,1747647651837
counter/9/0/0/0,1101:1747647651057:,1747647651837
counter/10/0/0/0,898:1747647650998:,1747647651838
counter/4/0/0/0,966:1747647650994:,1747647651838
counter/4/0/0/0,967:1747647650995:,1747647651838
counter/4/0/0/0,968:1747647651010:,1747647651839
counter/4/0/0/0,969:1747647651010:,1747647651839
counter/4/0/0/0,970:1747647651011:,1747647651840
counter/4/0/0/0,971:1747647651011:,1747647651840
counter/4/0/0/0,972:1747647651011:,1747647651840
counter/4/0/0/0,973:1747647651012:,1747647651840
counter/4/0/0/0,974:1747647651013:,1747647651840
counter/4/0/0/0,975:1747647651013:,1747647651841
counter/4/0/0/0,976:1747647651013:,1747647651841
counter/4/0/0/0,977:1747647651013:,1747647651841
counter/4/0/0/0,978:1747647651013:,1747647651841
counter/4/0/0/0,979:1747647651013:,1747647651841
counter/4/0/0/0,980:1747647651013:,1747647651841
counter/7/0/0/0,789:1747647650854:,1747647651841
counter/8/0/0/0,1188:1747647650859:,1747647651841
counter/6/0/0/0,896:1747647650916:,1747647651841
counter/1/0/0/0,1378:1747647651308:,1747647651841
counter/7/0/0/0,790:1747647650857:,1747647651842
counter/7/0/0/0,791:1747647650857:,1747647651842
counter/7/0/0/0,792:1747647650857:,1747647651842
counter/7/0/0/0,793:1747647650857:,1747647651842
counter/7/0/0/0,794:1747647650857:,1747647651842
counter/9/0/0/0,1102:1747647651057:,1747647651842
counter/9/0/0/0,1103:1747647651057:,1747647651842
counter/9/0/0/0,1104:1747647651057:,1747647651842
counter/9/0/0/0,1105:1747647651057:,1747647651842
counter/9/0/0/0,1106:1747647651057:,1747647651842
counter/9/0/0/0,1107:1747647651057:,1747647651842
counter/9/0/0/0,1108:1747647651057:,1747647651842
counter/9/0/0/0,1109:1747647651057:,1747647651842
counter/10/0/0/0,899:1747647650998:,1747647651842
counter/1/0/0/0,1379:1747647651308:,1747647651843
counter/8/0/0/0,1189:1747647650859:,1747647651843
counter/8/0/0/0,1190:1747647650859:,1747647651843
counter/8/0/0/0,1191:1747647650859:,1747647651843
counter/8/0/0/0,1192:1747647650859:,1747647651843
counter/8/0/0/0,1193:1747647650859:,1747647651843
counter/9/0/0/0,1110:1747647651057:,1747647651843
counter/8/0/0/0,1194:1747647650859:,1747647651843
counter/9/0/0/0,1111:1747647651058:,1747647651843
counter/9/0/0/0,1112:1747647651058:,1747647651844
counter/5/0/0/0,903:1747647650776:,1747647651844
counter/2/0/0/0,1008:1747647650844:,1747647651844
counter/5/0/0/0,904:1747647650785:,1747647651845
counter/5/0/0/0,905:1747647650785:,1747647651845
counter/5/0/0/0,906:1747647650785:,1747647651845
counter/5/0/0/0,907:1747647650785:,1747647651845
counter/5/0/0/0,908:1747647650785:,1747647651845
counter/5/0/0/0,909:1747647650785:,1747647651845
counter/5/0/0/0,910:1747647650785:,1747647651845
counter/7/0/0/0,795:1747647650857:,1747647651845
counter/7/0/0/0,796:1747647650864:,1747647651845
counter/7/0/0/0,797:1747647650864:,1747647651845
counter/7/0/0/0,798:1747647650864:,1747647651845
counter/10/0/0/0,900:1747647650998:,1747647651845
counter/8/0/0/0,1195:1747647650860:,1747647651845
counter/8/0/0/0,1196:1747647650863:,1747647651845
counter/8/0/0/0,1197:1747647650863:,1747647651846
counter/8/0/0/0,1198:1747647650863:,1747647651846
counter/8/0/0/0,1199:1747647650863:,1747647651846
counter/8/0/0/0,1200:1747647650863:,1747647651846
counter/8/0/0/0,1201:1747647650863:,1747647651846
counter/8/0/0/0,1202:1747647650863:,1747647651846
counter/8/0/0/0,1203:1747647650863:,1747647651846
counter/8/0/0/0,1204:1747647650863:,1747647651846
counter/8/0/0/0,1205:1747647650863:,1747647651846
counter/9/0/0/0,1113:1747647651058:,1747647651846
counter/9/0/0/0,1114:1747647651058:,1747647651846
counter/6/0/0/0,897:1747647650916:,1747647651847
counter/10/0/0/0,901:1747647650998:,1747647651847
counter/6/0/0/0,898:1747647650916:,1747647651847
counter/6/0/0/0,899:1747647650916:,1747647651847
counter/3/0/0/0,1036:1747647650807:,1747647651847
counter/3/0/0/0,1037:1747647650807:,1747647651847
counter/3/0/0/0,1038:1747647650807:,1747647651847
counter/3/0/0/0,1039:1747647650807:,1747647651847
counter/3/0/0/0,1040:1747647650807:,1747647651847
counter/3/0/0/0,1041:1747647650807:,1747647651847
counter/3/0/0/0,1042:1747647650807:,1747647651847
counter/3/0/0/0,1043:1747647650807:,1747647651847
counter/3/0/0/0,1044:1747647650817:,1747647651847
counter/1/0/0/0,1380:1747647651308:,1747647651847
counter/1/0/0/0,1381:1747647651308:,1747647651848
counter/1/0/0/0,1382:1747647651309:,1747647651848
counter/1/0/0/0,1383:1747647651309:,1747647651848
counter/1/0/0/0,1384:1747647651309:,1747647651848
counter/1/0/0/0,1385:1747647651309:,1747647651848
counter/1/0/0/0,1386:1747647651311:,1747647651848
counter/1/0/0/0,1387:1747647651311:,1747647651848
counter/9/0/0/0,1115:1747647651058:,1747647651848
counter/8/0/0/0,1206:1747647650863:,1747647651850
counter/6/0/0/0,900:1747647650916:,1747647651850
counter/3/0/0/0,1045:1747647650817:,1747647651850
counter/3/0/0/0,1046:1747647650817:,1747647651850
counter/3/0/0/0,1047:1747647650818:,1747647651850
counter/3/0/0/0,1048:1747647650818:,1747647651850
counter/3/0/0/0,1049:1747647650819:,1747647651850
counter/3/0/0/0,1050:1747647650819:,1747647651850
counter/5/0/0/0,911:1747647650788:,1747647651850
counter/3/0/0/0,1051:1747647650819:,1747647651850
counter/9/0/0/0,1116:1747647651058:,1747647651850
counter/4/0/0/0,981:1747647651013:,1747647651850
counter/4/0/0/0,982:1747647651013:,1747647651850
counter/4/0/0/0,983:1747647651017:,1747647651850
counter/7/0/0/0,799:1747647650864:,1747647651850
counter/7/0/0/0,800:1747647650864:,1747647651850
counter/7/0/0/0,801:1747647650864:,1747647651850
counter/5/0/0/0,912:1747647650788:,1747647651851
counter/10/0/0/0,902:1747647650998:,1747647651851
counter/9/0/0/0,1117:1747647651058:,1747647651851
counter/9/0/0/0,1118:1747647651059:,1747647651851
counter/9/0/0/0,1119:1747647651059:,1747647651851
counter/6/0/0/0,901:1747647650916:,1747647651852
counter/7/0/0/0,802:1747647650864:,1747647651852
counter/7/0/0/0,803:1747647650864:,1747647651852
counter/7/0/0/0,804:1747647650864:,1747647651852
counter/7/0/0/0,805:1747647650864:,1747647651852
counter/7/0/0/0,806:1747647650864:,1747647651852
counter/7/0/0/0,807:1747647650864:,1747647651852
counter/7/0/0/0,808:1747647650866:,1747647651852
counter/1/0/0/0,1388:1747647651311:,1747647651852
counter/5/0/0/0,913:1747647650788:,1747647651852
counter/2/0/0/0,1009:1747647650844:,1747647651852
counter/2/0/0/0,1010:1747647650844:,1747647651852
counter/2/0/0/0,1011:1747647650849:,1747647651852
counter/2/0/0/0,1012:1747647650849:,1747647651852
counter/9/0/0/0,1120:1747647651063:,1747647651852
counter/2/0/0/0,1013:1747647650849:,1747647651853
counter/9/0/0/0,1121:1747647651063:,1747647651853
counter/4/0/0/0,984:1747647651017:,1747647651853
counter/3/0/0/0,1052:1747647650819:,1747647651854
counter/3/0/0/0,1053:1747647650819:,1747647651854
counter/7/0/0/0,809:1747647650866:,1747647651854
counter/3/0/0/0,1054:1747647650819:,1747647651854
counter/3/0/0/0,1055:1747647650819:,1747647651854
counter/3/0/0/0,1056:1747647650821:,1747647651854
counter/3/0/0/0,1057:1747647650821:,1747647651854
counter/10/0/0/0,903:1747647650998:,1747647651854
counter/10/0/0/0,904:1747647651011:,1747647651854
counter/10/0/0/0,905:1747647651011:,1747647651854
counter/10/0/0/0,906:1747647651011:,1747647651854
counter/9/0/0/0,1122:1747647651063:,1747647651855
counter/9/0/0/0,1123:1747647651063:,1747647651855
counter/8/0/0/0,1207:1747647650863:,1747647651855
counter/8/0/0/0,1208:1747647650863:,1747647651855
counter/8/0/0/0,1209:1747647650871:,1747647651855
counter/8/0/0/0,1210:1747647650871:,1747647651855
counter/8/0/0/0,1211:1747647650871:,1747647651855
counter/8/0/0/0,1212:1747647650873:,1747647651855
counter/8/0/0/0,1213:1747647650873:,1747647651855
counter/8/0/0/0,1214:1747647650873:,1747647651855
counter/7/0/0/0,810:1747647650870:,1747647651855
counter/8/0/0/0,1215:1747647650873:,1747647651855
counter/8/0/0/0,1216:1747647650873:,1747647651855
counter/8/0/0/0,1217:1747647650873:,1747647651855
counter/10/0/0/0,907:1747647651011:,1747647651855
counter/10/0/0/0,908:1747647651011:,1747647651855
counter/2/0/0/0,1014:1747647650849:,1747647651856
counter/2/0/0/0,1015:1747647650849:,1747647651856
counter/2/0/0/0,1016:1747647650850:,1747647651856
counter/2/0/0/0,1017:1747647650850:,1747647651856
counter/6/0/0/0,902:1747647650917:,1747647651856
counter/7/0/0/0,811:1747647650870:,1747647651857
counter/2/0/0/0,1018:1747647650850:,1747647651857
counter/7/0/0/0,812:1747647650870:,1747647651857
counter/4/0/0/0,985:1747647651017:,1747647651857
counter/4/0/0/0,986:1747647651017:,1747647651857
counter/4/0/0/0,987:1747647651017:,1747647651857
counter/4/0/0/0,988:1747647651017:,1747647651857
counter/4/0/0/0,989:1747647651017:,1747647651857
counter/4/0/0/0,990:1747647651017:,1747647651857
counter/4/0/0/0,991:1747647651017:,1747647651857
counter/4/0/0/0,992:1747647651017:,1747647651857
counter/4/0/0/0,993:1747647651017:,1747647651857
counter/8/0/0/0,1218:1747647650873:,1747647651857
counter/9/0/0/0,1124:1747647651063:,1747647651857
counter/7/0/0/0,813:1747647650882:,1747647651857
counter/1/0/0/0,1389:1747647651311:,1747647651858
counter/9/0/0/0,1125:1747647651063:,1747647651858
counter/6/0/0/0,903:1747647650919:,1747647651858
counter/7/0/0/0,814:1747647650882:,1747647651858
counter/7/0/0/0,815:1747647650882:,1747647651858
counter/7/0/0/0,816:1747647650882:,1747647651858
counter/5/0/0/0,914:1747647650788:,1747647651858
counter/4/0/0/0,994:1747647651024:,1747647651859
counter/10/0/0/0,909:1747647651011:,1747647651859
counter/10/0/0/0,910:1747647651011:,1747647651859
counter/1/0/0/0,1390:1747647651311:,1747647651859
counter/2/0/0/0,1019:1747647650850:,1747647651859
counter/2/0/0/0,1020:1747647650850:,1747647651859
counter/1/0/0/0,1391:1747647651311:,1747647651860
counter/2/0/0/0,1021:1747647650850:,1747647651860
counter/8/0/0/0,1219:1747647650873:,1747647651860
counter/8/0/0/0,1220:1747647650877:,1747647651860
counter/8/0/0/0,1221:1747647650877:,1747647651861
counter/8/0/0/0,1222:1747647650877:,1747647651861
counter/8/0/0/0,1223:1747647650885:,1747647651861
counter/8/0/0/0,1224:1747647650885:,1747647651861
counter/8/0/0/0,1225:1747647650885:,1747647651861
counter/10/0/0/0,911:1747647651011:,1747647651861
counter/10/0/0/0,912:1747647651011:,1747647651861
counter/1/0/0/0,1392:1747647651311:,1747647651861
counter/10/0/0/0,913:1747647651011:,1747647651861
counter/2/0/0/0,1022:1747647650850:,1747647651861
counter/9/0/0/0,1126:1747647651063:,1747647651861
counter/9/0/0/0,1127:1747647651063:,1747647651861
counter/9/0/0/0,1128:1747647651063:,1747647651861
counter/9/0/0/0,1129:1747647651063:,1747647651861
counter/3/0/0/0,1058:1747647650821:,1747647651861
counter/1/0/0/0,1393:1747647651311:,1747647651861
counter/10/0/0/0,914:1747647651011:,1747647651861
counter/10/0/0/0,915:1747647651011:,1747647651861
counter/10/0/0/0,916:1747647651011:,1747647651861
counter/2/0/0/0,1023:1747647650850:,1747647651861
counter/9/0/0/0,1130:1747647651063:,1747647651863
counter/5/0/0/0,915:1747647650789:,1747647651863
counter/3/0/0/0,1059:1747647650821:,1747647651863
counter/10/0/0/0,917:1747647651012:,1747647651864
counter/4/0/0/0,995:1747647651024:,1747647651864
counter/4/0/0/0,996:1747647651024:,1747647651864
counter/4/0/0/0,997:1747647651024:,1747647651864
counter/1/0/0/0,1394:1747647651311:,1747647651864
counter/1/0/0/0,1395:1747647651311:,1747647651864
counter/1/0/0/0,1396:1747647651311:,1747647651864
counter/1/0/0/0,1397:1747647651311:,1747647651864
counter/3/0/0/0,1060:1747647650833:,1747647651864
counter/7/0/0/0,817:1747647650882:,1747647651864
counter/10/0/0/0,918:1747647651014:,1747647651865
counter/1/0/0/0,1398:1747647651311:,1747647651865
counter/1/0/0/0,1399:1747647651312:,1747647651865
counter/9/0/0/0,1131:1747647651063:,1747647651865
counter/9/0/0/0,1132:1747647651064:,1747647651865
counter/3/0/0/0,1061:1747647650833:,1747647651865
counter/8/0/0/0,1226:1747647650885:,1747647651865
counter/8/0/0/0,1227:1747647650885:,1747647651865
counter/5/0/0/0,916:1747647650789:,1747647651865
counter/9/0/0/0,1133:1747647651064:,1747647651865
counter/8/0/0/0,1228:1747647650886:,1747647651866
counter/8/0/0/0,1229:1747647650886:,1747647651866
counter/8/0/0/0,1230:1747647650886:,1747647651866
counter/10/0/0/0,919:1747647651014:,1747647651866
counter/5/0/0/0,917:1747647650789:,1747647651866
counter/9/0/0/0,1134:1747647651064:,1747647651866
counter/9/0/0/0,1135:1747647651064:,1747647651866
counter/9/0/0/0,1136:1747647651064:,1747647651866
counter/9/0/0/0,1137:1747647651068:,1747647651866
counter/9/0/0/0,1138:1747647651068:,1747647651866
counter/9/0/0/0,1139:1747647651068:,1747647651866
counter/9/0/0/0,1140:1747647651068:,1747647651866
counter/9/0/0/0,1141:1747647651072:,1747647651866
counter/6/0/0/0,904:1747647650919:,1747647651866
counter/6/0/0/0,905:1747647650920:,1747647651866
counter/10/0/0/0,920:1747647651014:,1747647651867
counter/10/0/0/0,921:1747647651014:,1747647651868
counter/3/0/0/0,1062:1747647650833:,1747647651868
counter/1/0/0/0,1400:1747647651320:,1747647651869
counter/1/0/0/0,1401:1747647651321:,1747647651869
counter/5/0/0/0,918:1747647650789:,1747647651869
counter/3/0/0/0,1063:1747647650833:,1747647651869
counter/6/0/0/0,906:1747647650920:,1747647651869
counter/6/0/0/0,907:1747647650920:,1747647651869
counter/6/0/0/0,908:1747647650920:,1747647651869
counter/6/0/0/0,909:1747647650920:,1747647651869
counter/9/0/0/0,1142:1747647651072:,1747647651869
counter/9/0/0/0,1143:1747647651072:,1747647651869
counter/9/0/0/0,1144:1747647651072:,1747647651869
counter/9/0/0/0,1145:1747647651072:,1747647651869
counter/9/0/0/0,1146:1747647651072:,1747647651870
counter/8/0/0/0,1231:1747647650886:,1747647651870
counter/5/0/0/0,919:1747647650789:,1747647651870
counter/2/0/0/0,1024:1747647650850:,1747647651870
counter/2/0/0/0,1025:1747647650851:,1747647651870
counter/2/0/0/0,1026:1747647650851:,1747647651870
counter/2/0/0/0,1027:1747647650851:,1747647651870
counter/1/0/0/0,1402:1747647651321:,1747647651870
counter/3/0/0/0,1064:1747647650833:,1747647651871
counter/3/0/0/0,1065:1747647650833:,1747647651871
counter/3/0/0/0,1066:1747647650833:,1747647651871
counter/3/0/0/0,1067:1747647650833:,1747647651871
counter/3/0/0/0,1068:1747647650833:,1747647651871
counter/3/0/0/0,1069:1747647650839:,1747647651871
counter/2/0/0/0,1028:1747647650851:,1747647651873
counter/10/0/0/0,922:1747647651015:,1747647651873
counter/10/0/0/0,923:1747647651015:,1747647651873
counter/10/0/0/0,924:1747647651015:,1747647651873
counter/10/0/0/0,925:1747647651015:,1747647651873
counter/10/0/0/0,926:1747647651015:,1747647651873
counter/10/0/0/0,927:1747647651015:,1747647651873
counter/10/0/0/0,928:1747647651015:,1747647651873
counter/10/0/0/0,929:1747647651015:,1747647651873
counter/10/0/0/0,930:1747647651017:,1747647651873
counter/10/0/0/0,931:1747647651018:,1747647651873
counter/10/0/0/0,932:1747647651019:,1747647651873
counter/10/0/0/0,933:1747647651019:,1747647651873
counter/10/0/0/0,934:1747647651019:,1747647651873
counter/10/0/0/0,935:1747647651019:,1747647651874
counter/10/0/0/0,936:1747647651019:,1747647651874
counter/10/0/0/0,937:1747647651019:,1747647651874
counter/10/0/0/0,938:1747647651019:,1747647651874
counter/10/0/0/0,939:1747647651019:,1747647651874
counter/10/0/0/0,940:1747647651019:,1747647651874
counter/10/0/0/0,941:1747647651022:,1747647651874
counter/10/0/0/0,942:1747647651022:,1747647651874
counter/10/0/0/0,943:1747647651022:,1747647651874
counter/3/0/0/0,1070:1747647650839:,1747647651874
counter/5/0/0/0,920:1747647650789:,1747647651874
counter/5/0/0/0,921:1747647650789:,1747647651874
counter/5/0/0/0,922:1747647650789:,1747647651874
counter/4/0/0/0,998:1747647651024:,1747647651874
counter/4/0/0/0,999:1747647651024:,1747647651874
counter/8/0/0/0,1232:1747647650886:,1747647651874
counter/2/0/0/0,1029:1747647650853:,1747647651876
counter/2/0/0/0,1030:1747647650853:,1747647651876
counter/2/0/0/0,1031:1747647650853:,1747647651876
counter/3/0/0/0,1071:1747647650839:,1747647651876
counter/3/0/0/0,1072:1747647650839:,1747647651876
counter/3/0/0/0,1073:1747647650847:,1747647651876
counter/3/0/0/0,1074:1747647650847:,1747647651876
counter/3/0/0/0,1075:1747647650847:,1747647651876
counter/3/0/0/0,1076:1747647650847:,1747647651876
counter/3/0/0/0,1077:1747647650847:,1747647651876
counter/3/0/0/0,1078:1747647650847:,1747647651877
counter/3/0/0/0,1079:1747647650847:,1747647651877
counter/3/0/0/0,1080:1747647650847:,1747647651877
counter/3/0/0/0,1081:1747647650847:,1747647651877
counter/3/0/0/0,1082:1747647650847:,1747647651877
counter/10/0/0/0,944:1747647651022:,1747647651877
counter/9/0/0/0,1147:1747647651072:,1747647651877
counter/3/0/0/0,1083:1747647650847:,1747647651877
counter/3/0/0/0,1084:1747647650847:,1747647651877
counter/3/0/0/0,1085:1747647650847:,1747647651877
counter/3/0/0/0,1086:1747647650848:,1747647651877
counter/3/0/0/0,1087:1747647650848:,1747647651877
counter/3/0/0/0,1088:1747647650848:,1747647651877
counter/3/0/0/0,1089:1747647650848:,1747647651877
counter/4/0/0/0,1000:1747647651025:,1747647651878
counter/1/0/0/0,1403:1747647651321:,1747647651879
counter/8/0/0/0,1233:1747647650892:,1747647651879
counter/10/0/0/0,945:1747647651022:,1747647651879
counter/8/0/0/0,1234:1747647650892:,1747647651879
counter/5/0/0/0,923:1747647650789:,1747647651879
counter/8/0/0/0,1235:1747647650892:,1747647651879
counter/5/0/0/0,924:1747647650789:,1747647651879
counter/2/0/0/0,1032:1747647650853:,1747647651879
counter/8/0/0/0,1236:1747647650892:,1747647651880
counter/10/0/0/0,946:1747647651022:,1747647651880
counter/10/0/0/0,947:1747647651022:,1747647651880
counter/10/0/0/0,948:1747647651022:,1747647651880
counter/10/0/0/0,949:1747647651034:,1747647651880
counter/10/0/0/0,950:1747647651039:,1747647651880
counter/10/0/0/0,951:1747647651039:,1747647651880
counter/6/0/0/0,910:1747647650923:,1747647651880
counter/6/0/0/0,911:1747647650923:,1747647651881
counter/6/0/0/0,912:1747647650923:,1747647651881
counter/6/0/0/0,913:1747647650923:,1747647651881
counter/6/0/0/0,914:1747647650923:,1747647651881
counter/6/0/0/0,915:1747647650923:,1747647651881
counter/6/0/0/0,916:1747647650923:,1747647651881
counter/6/0/0/0,917:1747647650929:,1747647651881
counter/6/0/0/0,918:1747647650929:,1747647651881
counter/6/0/0/0,919:1747647650929:,1747647651881
counter/8/0/0/0,1237:1747647650892:,1747647651881
counter/2/0/0/0,1033:1747647650853:,1747647651881
counter/10/0/0/0,952:1747647651039:,1747647651881
counter/3/0/0/0,1090:1747647650854:,1747647651881
counter/10/0/0/0,953:1747647651039:,1747647651881
counter/5/0/0/0,925:1747647650789:,1747647651882
counter/5/0/0/0,926:1747647650789:,1747647651882
counter/3/0/0/0,1091:1747647650854:,1747647651882
counter/3/0/0/0,1092:1747647650854:,1747647651882
counter/3/0/0/0,1093:1747647650854:,1747647651882
counter/3/0/0/0,1094:1747647650854:,1747647651882
counter/3/0/0/0,1095:1747647650854:,1747647651882
counter/7/0/0/0,818:1747647650882:,1747647651884
counter/7/0/0/0,819:1747647650882:,1747647651884
counter/7/0/0/0,820:1747647650884:,1747647651884
counter/7/0/0/0,821:1747647650884:,1747647651884
counter/7/0/0/0,822:1747647650884:,1747647651884
counter/7/0/0/0,823:1747647650884:,1747647651884
counter/7/0/0/0,824:1747647650884:,1747647651884
counter/7/0/0/0,825:1747647650884:,1747647651884
counter/7/0/0/0,826:1747647650884:,1747647651885
counter/7/0/0/0,827:1747647650884:,1747647651885
counter/6/0/0/0,920:1747647650929:,1747647651885
counter/7/0/0/0,828:1747647650884:,1747647651885
counter/7/0/0/0,829:1747647650884:,1747647651885
counter/7/0/0/0,830:1747647650884:,1747647651885
counter/7/0/0/0,831:1747647650884:,1747647651885
counter/9/0/0/0,1148:1747647651072:,1747647651885
counter/7/0/0/0,832:1747647650889:,1747647651885
counter/9/0/0/0,1149:1747647651075:,1747647651885
counter/9/0/0/0,1150:1747647651075:,1747647651885
counter/9/0/0/0,1151:1747647651075:,1747647651885
counter/9/0/0/0,1152:1747647651075:,1747647651885
counter/9/0/0/0,1153:1747647651075:,1747647651885
counter/4/0/0/0,1001:1747647651029:,1747647651885
counter/10/0/0/0,954:1747647651039:,1747647651885
counter/10/0/0/0,955:1747647651039:,1747647651885
counter/2/0/0/0,1034:1747647650853:,1747647651885
counter/3/0/0/0,1096:1747647650854:,1747647651885
counter/10/0/0/0,956:1747647651039:,1747647651886
counter/3/0/0/0,1097:1747647650854:,1747647651886
counter/3/0/0/0,1098:1747647650854:,1747647651886
counter/3/0/0/0,1099:1747647650855:,1747647651886
counter/3/0/0/0,1100:1747647650855:,1747647651886
counter/3/0/0/0,1101:1747647650855:,1747647651886
counter/3/0/0/0,1102:1747647650855:,1747647651887
counter/3/0/0/0,1103:1747647650855:,1747647651887
counter/3/0/0/0,1104:1747647650855:,1747647651887
counter/3/0/0/0,1105:1747647650855:,1747647651887
counter/3/0/0/0,1106:1747647650855:,1747647651887
counter/3/0/0/0,1107:1747647650855:,1747647651887
counter/3/0/0/0,1108:1747647650855:,1747647651887
counter/3/0/0/0,1109:1747647650856:,1747647651887
counter/3/0/0/0,1110:1747647650856:,1747647651887
counter/2/0/0/0,1035:1747647650861:,1747647651887
counter/3/0/0/0,1111:1747647650856:,1747647651887
counter/3/0/0/0,1112:1747647650856:,1747647651887
counter/10/0/0/0,957:1747647651039:,1747647651887
counter/10/0/0/0,958:1747647651039:,1747647651887
counter/10/0/0/0,959:1747647651039:,1747647651887
counter/10/0/0/0,960:1747647651039:,1747647651887
counter/10/0/0/0,961:1747647651039:,1747647651887
counter/10/0/0/0,962:1747647651039:,1747647651887
counter/10/0/0/0,963:1747647651039:,1747647651887
counter/10/0/0/0,964:1747647651039:,1747647651887
counter/10/0/0/0,965:1747647651039:,1747647651887
counter/7/0/0/0,833:1747647650889:,1747647651887
counter/9/0/0/0,1154:1747647651075:,1747647651888
counter/4/0/0/0,1002:1747647651029:,1747647651888
counter/8/0/0/0,1238:1747647650892:,1747647651888
counter/10/0/0/0,966:1747647651039:,1747647651889
counter/8/0/0/0,1239:1747647650892:,1747647651889
counter/10/0/0/0,967:1747647651047:,1747647651890
counter/8/0/0/0,1240:1747647650892:,1747647651890
counter/8/0/0/0,1241:1747647650894:,1747647651890
counter/8/0/0/0,1242:1747647650894:,1747647651890
counter/8/0/0/0,1243:1747647650894:,1747647651890
counter/8/0/0/0,1244:1747647650894:,1747647651890
counter/8/0/0/0,1245:1747647650894:,1747647651890
counter/8/0/0/0,1246:1747647650895:,1747647651890
counter/6/0/0/0,921:1747647650929:,1747647651891
counter/1/0/0/0,1404:1747647651321:,1747647651891
counter/4/0/0/0,1003:1747647651029:,1747647651891
counter/4/0/0/0,1004:1747647651029:,1747647651891
counter/4/0/0/0,1005:1747647651029:,1747647651891
counter/4/0/0/0,1006:1747647651029:,1747647651891
counter/4/0/0/0,1007:1747647651029:,1747647651891
counter/4/0/0/0,1008:1747647651029:,1747647651891
counter/4/0/0/0,1009:1747647651029:,1747647651891
counter/10/0/0/0,968:1747647651047:,1747647651892
counter/9/0/0/0,1155:1747647651075:,1747647651892
counter/9/0/0/0,1156:1747647651076:,1747647651893
counter/9/0/0/0,1157:1747647651076:,1747647651894
counter/3/0/0/0,1113:1747647650856:,1747647651894
counter/3/0/0/0,1114:1747647650856:,1747647651894
counter/3/0/0/0,1115:1747647650856:,1747647651894
counter/3/0/0/0,1116:1747647650856:,1747647651894
counter/3/0/0/0,1117:1747647650856:,1747647651895
counter/5/0/0/0,927:1747647650789:,1747647651895
counter/6/0/0/0,922:1747647650929:,1747647651895
counter/6/0/0/0,923:1747647650929:,1747647651895
counter/6/0/0/0,924:1747647650929:,1747647651895
counter/6/0/0/0,925:1747647650929:,1747647651895
counter/6/0/0/0,926:1747647650929:,1747647651895
counter/6/0/0/0,927:1747647650929:,1747647651895
counter/6/0/0/0,928:1747647650929:,1747647651895
counter/6/0/0/0,929:1747647650929:,1747647651895
counter/6/0/0/0,930:1747647650929:,1747647651895
counter/6/0/0/0,931:1747647650929:,1747647651895
counter/6/0/0/0,932:1747647650934:,1747647651895
counter/6/0/0/0,933:1747647650934:,1747647651895
counter/6/0/0/0,934:1747647650934:,1747647651895
counter/3/0/0/0,1118:1747647650856:,1747647651895
counter/1/0/0/0,1405:1747647651325:,1747647651895
counter/1/0/0/0,1406:1747647651325:,1747647651895
counter/1/0/0/0,1407:1747647651325:,1747647651896
counter/1/0/0/0,1408:1747647651325:,1747647651896
counter/6/0/0/0,935:1747647650934:,1747647651896
counter/8/0/0/0,1247:1747647650895:,1747647651896
counter/6/0/0/0,936:1747647650934:,1747647651896
counter/6/0/0/0,937:1747647650934:,1747647651896
counter/6/0/0/0,938:1747647650934:,1747647651896
counter/6/0/0/0,939:1747647650934:,1747647651896
counter/6/0/0/0,940:1747647650934:,1747647651896
counter/6/0/0/0,941:1747647650934:,1747647651896
counter/6/0/0/0,942:1747647650934:,1747647651896
counter/7/0/0/0,834:1747647650890:,1747647651896
counter/8/0/0/0,1248:1747647650895:,1747647651897
counter/1/0/0/0,1409:1747647651325:,1747647651897
counter/1/0/0/0,1410:1747647651336:,1747647651897
counter/1/0/0/0,1411:1747647651336:,1747647651897
counter/1/0/0/0,1412:1747647651336:,1747647651897
counter/1/0/0/0,1413:1747647651336:,1747647651897
counter/1/0/0/0,1414:1747647651336:,1747647651897
counter/1/0/0/0,1415:1747647651340:,1747647651897
counter/1/0/0/0,1416:1747647651341:,1747647651897
counter/1/0/0/0,1417:1747647651341:,1747647651897
counter/1/0/0/0,1418:1747647651341:,1747647651897
counter/1/0/0/0,1419:1747647651341:,1747647651897
counter/1/0/0/0,1420:1747647651341:,1747647651897
counter/1/0/0/0,1421:1747647651341:,1747647651897
counter/5/0/0/0,928:1747647650789:,1747647651897
counter/5/0/0/0,929:1747647650789:,1747647651897
counter/5/0/0/0,930:1747647650789:,1747647651897
counter/8/0/0/0,1249:1747647650906:,1747647651898
counter/8/0/0/0,1250:1747647650915:,1747647651898
counter/2/0/0/0,1036:1747647650861:,1747647651898
counter/2/0/0/0,1037:1747647650861:,1747647651899
counter/2/0/0/0,1038:1747647650863:,1747647651899
counter/2/0/0/0,1039:1747647650863:,1747647651899
counter/2/0/0/0,1040:1747647650863:,1747647651899
counter/2/0/0/0,1041:1747647650863:,1747647651899
counter/2/0/0/0,1042:1747647650863:,1747647651899
counter/1/0/0/0,1422:1747647651341:,1747647651899
counter/9/0/0/0,1158:1747647651077:,1747647651899
counter/7/0/0/0,835:1747647650890:,1747647651900
counter/3/0/0/0,1119:1747647650856:,1747647651900
counter/9/0/0/0,1159:1747647651077:,1747647651900
counter/9/0/0/0,1160:1747647651077:,1747647651901
counter/6/0/0/0,943:1747647650934:,1747647651901
counter/2/0/0/0,1043:1747647650863:,1747647651901
counter/2/0/0/0,1044:1747647650863:,1747647651901
counter/2/0/0/0,1045:1747647650863:,1747647651901
counter/10/0/0/0,969:1747647651047:,1747647651901
counter/7/0/0/0,836:1747647650890:,1747647651901
counter/3/0/0/0,1120:1747647650856:,1747647651901
counter/7/0/0/0,837:1747647650890:,1747647651901
counter/1/0/0/0,1423:1747647651341:,1747647651901
counter/7/0/0/0,838:1747647650890:,1747647651902
counter/1/0/0/0,1424:1747647651341:,1747647651902
counter/6/0/0/0,944:1747647650934:,1747647651903
counter/9/0/0/0,1161:1747647651077:,1747647651903
counter/2/0/0/0,1046:1747647650863:,1747647651903
counter/10/0/0/0,970:1747647651047:,1747647651904
counter/10/0/0/0,971:1747647651047:,1747647651904
counter/7/0/0/0,839:1747647650890:,1747647651904
counter/7/0/0/0,840:1747647650890:,1747647651904
counter/7/0/0/0,841:1747647650890:,1747647651904
counter/7/0/0/0,842:1747647650890:,1747647651904
counter/3/0/0/0,1121:1747647650856:,1747647651904
counter/9/0/0/0,1162:1747647651077:,1747647651904
counter/10/0/0/0,972:1747647651049:,1747647651905
counter/10/0/0/0,973:1747647651049:,1747647651905
counter/7/0/0/0,843:1747647650890:,1747647651905
counter/9/0/0/0,1163:1747647651077:,1747647651906
counter/9/0/0/0,1164:1747647651077:,1747647651911
counter/2/0/0/0,1047:1747647650863:,1747647651912
counter/4/0/0/0,1010:1747647651029:,1747647651912
counter/5/0/0/0,931:1747647650795:,1747647651912
counter/9/0/0/0,1165:1747647651077:,1747647651912
counter/9/0/0/0,1166:1747647651077:,1747647651912
counter/1/0/0/0,1425:1747647651341:,1747647651912
counter/8/0/0/0,1251:1747647650915:,1747647651913
counter/7/0/0/0,844:1747647650890:,1747647651913
counter/2/0/0/0,1048:1747647650863:,1747647651913
counter/2/0/0/0,1049:1747647650863:,1747647651913
counter/2/0/0/0,1050:1747647650863:,1747647651913
counter/2/0/0/0,1051:1747647650863:,1747647651913
counter/2/0/0/0,1052:1747647650863:,1747647651913
counter/2/0/0/0,1053:1747647650863:,1747647651913
counter/2/0/0/0,1054:1747647650865:,1747647651913
counter/2/0/0/0,1055:1747647650865:,1747647651913
counter/1/0/0/0,1426:1747647651341:,1747647651913
counter/1/0/0/0,1427:1747647651341:,1747647651913
counter/1/0/0/0,1428:1747647651341:,1747647651913
counter/1/0/0/0,1429:1747647651341:,1747647651913
counter/7/0/0/0,845:1747647650890:,1747647651913
counter/9/0/0/0,1167:1747647651077:,1747647651913
counter/6/0/0/0,945:1747647650934:,1747647651914
counter/2/0/0/0,1056:1747647650865:,1747647651914
counter/2/0/0/0,1057:1747647650865:,1747647651914
counter/2/0/0/0,1058:1747647650865:,1747647651914
counter/2/0/0/0,1059:1747647650865:,1747647651914
counter/2/0/0/0,1060:1747647650865:,1747647651914
counter/2/0/0/0,1061:1747647650865:,1747647651914
counter/2/0/0/0,1062:1747647650865:,1747647651914
counter/3/0/0/0,1122:1747647650856:,1747647651914
counter/4/0/0/0,1011:1747647651029:,1747647651914
counter/4/0/0/0,1012:1747647651029:,1747647651914
counter/1/0/0/0,1430:1747647651341:,1747647651914
counter/1/0/0/0,1431:1747647651341:,1747647651915
counter/1/0/0/0,1432:1747647651341:,1747647651915
counter/1/0/0/0,1433:1747647651341:,1747647651915
counter/1/0/0/0,1434:1747647651341:,1747647651915
counter/1/0/0/0,1435:1747647651341:,1747647651915
counter/9/0/0/0,1168:1747647651077:,1747647651915
counter/7/0/0/0,846:1747647650890:,1747647651916
counter/8/0/0/0,1252:1747647650915:,1747647651916
counter/8/0/0/0,1253:1747647650915:,1747647651916
counter/8/0/0/0,1254:1747647650915:,1747647651916
counter/10/0/0/0,974:1747647651049:,1747647651917
counter/10/0/0/0,975:1747647651049:,1747647651917
counter/10/0/0/0,976:1747647651049:,1747647651917
counter/10/0/0/0,977:1747647651049:,1747647651917
counter/10/0/0/0,978:1747647651049:,1747647651917
counter/10/0/0/0,979:1747647651049:,1747647651917
counter/10/0/0/0,980:1747647651049:,1747647651917
counter/4/0/0/0,1013:1747647651029:,1747647651918
counter/4/0/0/0,1014:1747647651029:,1747647651918
counter/4/0/0/0,1015:1747647651029:,1747647651918
counter/3/0/0/0,1123:1747647650856:,1747647651918
counter/4/0/0/0,1016:1747647651029:,1747647651918
counter/4/0/0/0,1017:1747647651029:,1747647651919
counter/4/0/0/0,1018:1747647651029:,1747647651919
counter/4/0/0/0,1019:1747647651029:,1747647651919
counter/4/0/0/0,1020:1747647651029:,1747647651919
counter/4/0/0/0,1021:1747647651029:,1747647651919
counter/1/0/0/0,1436:1747647651341:,1747647651919
counter/4/0/0/0,1022:1747647651029:,1747647651920
counter/7/0/0/0,847:1747647650891:,1747647651920
counter/7/0/0/0,848:1747647650892:,1747647651920
counter/7/0/0/0,849:1747647650892:,1747647651920
counter/7/0/0/0,850:1747647650892:,1747647651920
counter/5/0/0/0,932:1747647650795:,1747647651920
counter/5/0/0/0,933:1747647650795:,1747647651920
counter/5/0/0/0,934:1747647650795:,1747647651920
counter/5/0/0/0,935:1747647650795:,1747647651920
counter/9/0/0/0,1169:1747647651077:,1747647651920
counter/9/0/0/0,1170:1747647651077:,1747647651920
counter/7/0/0/0,851:1747647650893:,1747647651921
counter/7/0/0/0,852:1747647650893:,1747647651921
counter/8/0/0/0,1255:1747647650915:,1747647651921
counter/10/0/0/0,981:1747647651049:,1747647651922
counter/10/0/0/0,982:1747647651049:,1747647651922
counter/10/0/0/0,983:1747647651049:,1747647651922
counter/1/0/0/0,1437:1747647651349:,1747647651923
counter/2/0/0/0,1063:1747647650865:,1747647651923
counter/5/0/0/0,936:1747647650795:,1747647651924
counter/5/0/0/0,937:1747647650805:,1747647651924
counter/5/0/0/0,938:1747647650805:,1747647651924
counter/5/0/0/0,939:1747647650805:,1747647651924
counter/5/0/0/0,940:1747647650805:,1747647651924
counter/5/0/0/0,941:1747647650805:,1747647651924
counter/10/0/0/0,984:1747647651049:,1747647651925
counter/3/0/0/0,1124:1747647650856:,1747647651925
counter/9/0/0/0,1171:1747647651077:,1747647651925
counter/5/0/0/0,942:1747647650805:,1747647651928
counter/9/0/0/0,1172:1747647651077:,1747647651928
counter/9/0/0/0,1173:1747647651078:,1747647651928
counter/5/0/0/0,943:1747647650808:,1747647651928
counter/9/0/0/0,1174:1747647651089:,1747647651928
counter/5/0/0/0,944:1747647650808:,1747647651928
counter/9/0/0/0,1175:1747647651089:,1747647651929
counter/5/0/0/0,945:1747647650809:,1747647651929
counter/4/0/0/0,1023:1747647651034:,1747647651929
counter/9/0/0/0,1176:1747647651089:,1747647651929
counter/9/0/0/0,1177:1747647651089:,1747647651929
counter/6/0/0/0,946:1747647650934:,1747647651929
counter/1/0/0/0,1438:1747647651349:,1747647651929
counter/1/0/0/0,1439:1747647651350:,1747647651929
counter/7/0/0/0,853:1747647650893:,1747647651930
counter/7/0/0/0,854:1747647650893:,1747647651930
counter/7/0/0/0,855:1747647650893:,1747647651930
counter/10/0/0/0,985:1747647651049:,1747647651930
counter/10/0/0/0,986:1747647651049:,1747647651930
counter/2/0/0/0,1064:1747647650866:,1747647651930
counter/2/0/0/0,1065:1747647650866:,1747647651931
counter/2/0/0/0,1066:1747647650866:,1747647651931
counter/2/0/0/0,1067:1747647650866:,1747647651931
counter/2/0/0/0,1068:1747647650866:,1747647651931
counter/2/0/0/0,1069:1747647650866:,1747647651931
counter/2/0/0/0,1070:1747647650866:,1747647651931
counter/2/0/0/0,1071:1747647650877:,1747647651931
counter/2/0/0/0,1072:1747647650877:,1747647651931
counter/2/0/0/0,1073:1747647650877:,1747647651931
counter/5/0/0/0,946:1747647650809:,1747647651931
counter/2/0/0/0,1074:1747647650877:,1747647651933
counter/2/0/0/0,1075:1747647650877:,1747647651933
counter/2/0/0/0,1076:1747647650877:,1747647651933
counter/2/0/0/0,1077:1747647650877:,1747647651933
counter/7/0/0/0,856:1747647650893:,1747647651934
counter/6/0/0/0,947:1747647650934:,1747647651934
counter/7/0/0/0,857:1747647650893:,1747647651934
counter/7/0/0/0,858:1747647650893:,1747647651934
counter/7/0/0/0,859:1747647650893:,1747647651935
counter/4/0/0/0,1024:1747647651034:,1747647651935
counter/4/0/0/0,1025:1747647651034:,1747647651935
counter/4/0/0/0,1026:1747647651034:,1747647651935
counter/4/0/0/0,1027:1747647651034:,1747647651935
counter/4/0/0/0,1028:1747647651034:,1747647651935
counter/8/0/0/0,1256:1747647650915:,1747647651935
counter/4/0/0/0,1029:1747647651034:,1747647651936
counter/4/0/0/0,1030:1747647651034:,1747647651936
counter/4/0/0/0,1031:1747647651034:,1747647651936
counter/3/0/0/0,1125:1747647650856:,1747647651936
counter/4/0/0/0,1032:1747647651034:,1747647651936
counter/3/0/0/0,1126:1747647650856:,1747647651936
counter/4/0/0/0,1033:1747647651034:,1747647651936
counter/3/0/0/0,1127:1747647650856:,1747647651936
counter/3/0/0/0,1128:1747647650856:,1747647651936
counter/3/0/0/0,1129:1747647650856:,1747647651936
counter/3/0/0/0,1130:1747647650856:,1747647651936
counter/3/0/0/0,1131:1747647650856:,1747647651936
counter/3/0/0/0,1132:1747647650856:,1747647651936
counter/5/0/0/0,947:1747647650809:,1747647651936
counter/5/0/0/0,948:1747647650809:,1747647651937
counter/7/0/0/0,860:1747647650893:,1747647651937
counter/5/0/0/0,949:1747647650809:,1747647651937
counter/5/0/0/0,950:1747647650809:,1747647651937
counter/5/0/0/0,951:1747647650809:,1747647651937
counter/5/0/0/0,952:1747647650809:,1747647651937
counter/5/0/0/0,953:1747647650809:,1747647651937
counter/5/0/0/0,954:1747647650809:,1747647651937
counter/9/0/0/0,1178:1747647651089:,1747647651937
counter/5/0/0/0,955:1747647650809:,1747647651937
counter/5/0/0/0,956:1747647650811:,1747647651937
counter/5/0/0/0,957:1747647650811:,1747647651937
counter/5/0/0/0,958:1747647650811:,1747647651938
counter/5/0/0/0,959:1747647650811:,1747647651938
counter/5/0/0/0,960:1747647650811:,1747647651938
counter/5/0/0/0,961:1747647650811:,1747647651938
counter/7/0/0/0,861:1747647650893:,1747647651939
counter/3/0/0/0,1133:1747647650856:,1747647651940
counter/3/0/0/0,1134:1747647650856:,1747647651940
counter/3/0/0/0,1135:1747647650856:,1747647651940
counter/5/0/0/0,962:1747647650812:,1747647651940
counter/3/0/0/0,1136:1747647650856:,1747647651940
counter/3/0/0/0,1137:1747647650856:,1747647651940
counter/6/0/0/0,948:1747647650934:,1747647651940
counter/3/0/0/0,1138:1747647650856:,1747647651940
counter/2/0/0/0,1078:1747647650877:,1747647651940
counter/7/0/0/0,862:1747647650893:,1747647651941
counter/4/0/0/0,1034:1747647651034:,1747647651942
counter/4/0/0/0,1035:1747647651034:,1747647651942
counter/4/0/0/0,1036:1747647651034:,1747647651942
counter/4/0/0/0,1037:1747647651035:,1747647651942
counter/4/0/0/0,1038:1747647651035:,1747647651942
counter/4/0/0/0,1039:1747647651035:,1747647651942
counter/4/0/0/0,1040:1747647651035:,1747647651942
counter/4/0/0/0,1041:1747647651035:,1747647651942
counter/4/0/0/0,1042:1747647651035:,1747647651942
counter/1/0/0/0,1440:1747647651350:,1747647651942
counter/6/0/0/0,949:1747647650934:,1747647651943
counter/5/0/0/0,963:1747647650812:,1747647651943
counter/2/0/0/0,1079:1747647650877:,1747647651943
counter/2/0/0/0,1080:1747647650878:,1747647651944
counter/2/0/0/0,1081:1747647650878:,1747647651944
counter/2/0/0/0,1082:1747647650878:,1747647651944
counter/5/0/0/0,964:1747647650812:,1747647651944
counter/10/0/0/0,987:1747647651052:,1747647651945
counter/10/0/0/0,988:1747647651052:,1747647651945
counter/4/0/0/0,1043:1747647651035:,1747647651945
counter/5/0/0/0,965:1747647650812:,1747647651945
counter/7/0/0/0,863:1747647650893:,1747647651946
counter/7/0/0/0,864:1747647650893:,1747647651948
counter/4/0/0/0,1044:1747647651035:,1747647651948
counter/7/0/0/0,865:1747647650893:,1747647651948
counter/7/0/0/0,866:1747647650893:,1747647651948
counter/7/0/0/0,867:1747647650893:,1747647651948
counter/7/0/0/0,868:1747647650905:,1747647651948
counter/10/0/0/0,989:1747647651052:,1747647651948
counter/7/0/0/0,869:1747647650905:,1747647651948
counter/10/0/0/0,990:1747647651052:,1747647651949
counter/6/0/0/0,950:1747647650934:,1747647651949
counter/6/0/0/0,951:1747647650934:,1747647651949
counter/8/0/0/0,1257:1747647650915:,1747647651949
counter/1/0/0/0,1441:1747647651350:,1747647651949
counter/6/0/0/0,952:1747647650934:,1747647651949
counter/3/0/0/0,1139:1747647650856:,1747647651949
counter/3/0/0/0,1140:1747647650856:,1747647651949
counter/3/0/0/0,1141:1747647650856:,1747647651949
counter/3/0/0/0,1142:1747647650856:,1747647651949
counter/3/0/0/0,1143:1747647650856:,1747647651949
counter/3/0/0/0,1144:1747647650856:,1747647651949
counter/3/0/0/0,1145:1747647650856:,1747647651949
counter/3/0/0/0,1146:1747647650856:,1747647651949
counter/3/0/0/0,1147:1747647650857:,1747647651949
counter/9/0/0/0,1179:1747647651089:,1747647651949
counter/6/0/0/0,953:1747647650935:,1747647651949
counter/6/0/0/0,954:1747647650935:,1747647651949
counter/9/0/0/0,1180:1747647651089:,1747647651950
counter/9/0/0/0,1181:1747647651089:,1747647651950
counter/9/0/0/0,1182:1747647651089:,1747647651950
counter/9/0/0/0,1183:1747647651089:,1747647651950
counter/9/0/0/0,1184:1747647651089:,1747647651950
counter/9/0/0/0,1185:1747647651089:,1747647651950
counter/9/0/0/0,1186:1747647651089:,1747647651950
counter/9/0/0/0,1187:1747647651089:,1747647651950
counter/9/0/0/0,1188:1747647651090:,1747647651950
counter/6/0/0/0,955:1747647650935:,1747647651950
counter/5/0/0/0,966:1747647650812:,1747647651950
counter/8/0/0/0,1258:1747647650915:,1747647651951
counter/2/0/0/0,1083:1747647650878:,1747647651951
counter/7/0/0/0,870:1747647650906:,1747647651951
counter/7/0/0/0,871:1747647650906:,1747647651951
counter/7/0/0/0,872:1747647650907:,1747647651951
counter/7/0/0/0,873:1747647650907:,1747647651952
counter/1/0/0/0,1442:1747647651350:,1747647651952
counter/7/0/0/0,874:1747647650907:,1747647651952
counter/10/0/0/0,991:1747647651052:,1747647651952
counter/6/0/0/0,956:1747647650935:,1747647651952
counter/6/0/0/0,957:1747647650948:,1747647651952
counter/4/0/0/0,1045:1747647651035:,1747647651952
counter/4/0/0/0,1046:1747647651035:,1747647651952
counter/4/0/0/0,1047:1747647651035:,1747647651952
counter/3/0/0/0,1148:1747647650857:,1747647651952
counter/8/0/0/0,1259:1747647650915:,1747647651953
counter/8/0/0/0,1260:1747647650915:,1747647651953
counter/4/0/0/0,1048:1747647651035:,1747647651953
counter/8/0/0/0,1261:1747647650915:,1747647651953
counter/4/0/0/0,1049:1747647651035:,1747647651953
counter/8/0/0/0,1262:1747647650915:,1747647651953
counter/4/0/0/0,1050:1747647651035:,1747647651953
counter/8/0/0/0,1263:1747647650915:,1747647651953
counter/4/0/0/0,1051:1747647651035:,1747647651953
counter/4/0/0/0,1052:1747647651035:,1747647651953
counter/9/0/0/0,1189:1747647651090:,1747647651953
counter/2/0/0/0,1084:1747647650878:,1747647651954
counter/10/0/0/0,992:1747647651052:,1747647651954
counter/7/0/0/0,875:1747647650907:,1747647651954
counter/8/0/0/0,1264:1747647650915:,1747647651954
counter/4/0/0/0,1053:1747647651035:,1747647651954
counter/8/0/0/0,1265:1747647650923:,1747647651954
counter/8/0/0/0,1266:1747647650923:,1747647651954
counter/8/0/0/0,1267:1747647650923:,1747647651954
counter/6/0/0/0,958:1747647650948:,1747647651954
counter/6/0/0/0,959:1747647650948:,1747647651954
counter/6/0/0/0,960:1747647650948:,1747647651955
counter/6/0/0/0,961:1747647650948:,1747647651955
counter/6/0/0/0,962:1747647650948:,1747647651955
counter/6/0/0/0,963:1747647650948:,1747647651955
counter/6/0/0/0,964:1747647650948:,1747647651955
counter/6/0/0/0,965:1747647650948:,1747647651955
counter/6/0/0/0,966:1747647650948:,1747647651955
counter/6/0/0/0,967:1747647650949:,1747647651955
counter/3/0/0/0,1149:1747647650857:,1747647651955
counter/10/0/0/0,993:1747647651060:,1747647651956
counter/10/0/0/0,994:1747647651060:,1747647651956
counter/10/0/0/0,995:1747647651060:,1747647651956
counter/10/0/0/0,996:1747647651060:,1747647651956
counter/10/0/0/0,997:1747647651060:,1747647651956
counter/10/0/0/0,998:1747647651060:,1747647651956
counter/10/0/0/0,999:1747647651060:,1747647651956
counter/10/0/0/0,1000:1747647651060:,1747647651956
counter/10/0/0/0,1001:1747647651060:,1747647651956
counter/10/0/0/0,1002:1747647651061:,1747647651956
counter/6/0/0/0,968:1747647650949:,1747647651956
counter/6/0/0/0,969:1747647650949:,1747647651956
counter/6/0/0/0,970:1747647650949:,1747647651956
counter/6/0/0/0,971:1747647650949:,1747647651956
counter/6/0/0/0,972:1747647650949:,1747647651956
counter/2/0/0/0,1085:1747647650878:,1747647651956
counter/2/0/0/0,1086:1747647650878:,1747647651956
counter/2/0/0/0,1087:1747647650878:,1747647651957
counter/7/0/0/0,876:1747647650910:,1747647651957
counter/5/0/0/0,967:1747647650813:,1747647651957
counter/9/0/0/0,1190:1747647651090:,1747647651957
counter/9/0/0/0,1191:1747647651090:,1747647651957
counter/9/0/0/0,1192:1747647651090:,1747647651957
counter/9/0/0/0,1193:1747647651090:,1747647651958
counter/9/0/0/0,1194:1747647651090:,1747647651958
counter/1/0/0/0,1443:1747647651350:,1747647651958
counter/9/0/0/0,1195:1747647651090:,1747647651958
counter/1/0/0/0,1444:1747647651350:,1747647651958
counter/10/0/0/0,1003:1747647651061:,1747647651958
counter/7/0/0/0,877:1747647650910:,1747647651958
counter/2/0/0/0,1088:1747647650878:,1747647651959
counter/4/0/0/0,1054:1747647651035:,1747647651959
counter/7/0/0/0,878:1747647650910:,1747647651959
counter/7/0/0/0,879:1747647650910:,1747647651959
counter/8/0/0/0,1268:1747647650925:,1747647651959
counter/8/0/0/0,1269:1747647650926:,1747647651959
counter/8/0/0/0,1270:1747647650926:,1747647651959
counter/7/0/0/0,880:1747647650910:,1747647651959
counter/7/0/0/0,881:1747647650910:,1747647651959
counter/7/0/0/0,882:1747647650924:,1747647651959
counter/7/0/0/0,883:1747647650924:,1747647651959
counter/7/0/0/0,884:1747647650924:,1747647651959
counter/5/0/0/0,968:1747647650813:,1747647651960
counter/9/0/0/0,1196:1747647651090:,1747647651961
counter/9/0/0/0,1197:1747647651090:,1747647651961
counter/9/0/0/0,1198:1747647651090:,1747647651961
counter/10/0/0/0,1004:1747647651061:,1747647651961
counter/9/0/0/0,1199:1747647651090:,1747647651961
counter/10/0/0/0,1005:1747647651061:,1747647651961
counter/9/0/0/0,1200:1747647651090:,1747647651961
counter/10/0/0/0,1006:1747647651061:,1747647651961
counter/10/0/0/0,1007:1747647651067:,1747647651961
counter/10/0/0/0,1008:1747647651067:,1747647651961
counter/1/0/0/0,1445:1747647651350:,1747647651961
counter/3/0/0/0,1150:1747647650857:,1747647651962
counter/3/0/0/0,1151:1747647650857:,1747647651962
counter/3/0/0/0,1152:1747647650857:,1747647651962
counter/5/0/0/0,969:1747647650813:,1747647651962
counter/3/0/0/0,1153:1747647650857:,1747647651962
counter/3/0/0/0,1154:1747647650857:,1747647651962
counter/6/0/0/0,973:1747647650949:,1747647651962
counter/6/0/0/0,974:1747647650949:,1747647651962
counter/6/0/0/0,975:1747647650949:,1747647651963
counter/6/0/0/0,976:1747647650949:,1747647651963
counter/6/0/0/0,977:1747647650949:,1747647651963
counter/7/0/0/0,885:1747647650924:,1747647651963
counter/4/0/0/0,1055:1747647651050:,1747647651963
counter/7/0/0/0,886:1747647650927:,1747647651963
counter/2/0/0/0,1089:1747647650878:,1747647651963
counter/2/0/0/0,1090:1747647650878:,1747647651963
counter/2/0/0/0,1091:1747647650878:,1747647651963
counter/2/0/0/0,1092:1747647650878:,1747647651964
counter/2/0/0/0,1093:1747647650878:,1747647651964
counter/2/0/0/0,1094:1747647650878:,1747647651964
counter/7/0/0/0,887:1747647650927:,1747647651964
counter/1/0/0/0,1446:1747647651350:,1747647651964
counter/7/0/0/0,888:1747647650927:,1747647651964
counter/3/0/0/0,1155:1747647650857:,1747647651964
counter/7/0/0/0,889:1747647650927:,1747647651964
counter/7/0/0/0,890:1747647650927:,1747647651964
counter/7/0/0/0,891:1747647650927:,1747647651964
counter/8/0/0/0,1271:1747647650926:,1747647651964
counter/8/0/0/0,1272:1747647650927:,1747647651964
counter/8/0/0/0,1273:1747647650927:,1747647651965
counter/8/0/0/0,1274:1747647650927:,1747647651965
counter/8/0/0/0,1275:1747647650933:,1747647651965
counter/8/0/0/0,1276:1747647650933:,1747647651965
counter/10/0/0/0,1009:1747647651067:,1747647651965
counter/2/0/0/0,1095:1747647650878:,1747647651966
counter/2/0/0/0,1096:1747647650878:,1747647651966
counter/2/0/0/0,1097:1747647650886:,1747647651966
counter/2/0/0/0,1098:1747647650886:,1747647651966
counter/2/0/0/0,1099:1747647650886:,1747647651966
counter/2/0/0/0,1100:1747647650887:,1747647651966
counter/2/0/0/0,1101:1747647650889:,1747647651966
counter/2/0/0/0,1102:1747647650889:,1747647651966
counter/2/0/0/0,1103:1747647650889:,1747647651966
counter/2/0/0/0,1104:1747647650889:,1747647651966
counter/2/0/0/0,1105:1747647650889:,1747647651966
counter/5/0/0/0,970:1747647650813:,1747647651966
counter/10/0/0/0,1010:1747647651067:,1747647651966
counter/1/0/0/0,1447:1747647651350:,1747647651966
counter/10/0/0/0,1011:1747647651067:,1747647651966
counter/9/0/0/0,1201:1747647651090:,1747647651966
counter/8/0/0/0,1277:1747647650933:,1747647651967
counter/4/0/0/0,1056:1747647651050:,1747647651967
counter/4/0/0/0,1057:1747647651050:,1747647651967
counter/4/0/0/0,1058:1747647651050:,1747647651967
counter/4/0/0/0,1059:1747647651050:,1747647651967
counter/4/0/0/0,1060:1747647651050:,1747647651967
counter/4/0/0/0,1061:1747647651050:,1747647651967
counter/4/0/0/0,1062:1747647651050:,1747647651967
counter/4/0/0/0,1063:1747647651053:,1747647651967
counter/1/0/0/0,1448:1747647651354:,1747647651967
counter/10/0/0/0,1012:1747647651068:,1747647651967
counter/9/0/0/0,1202:1747647651090:,1747647651968
counter/9/0/0/0,1203:1747647651090:,1747647651968
counter/9/0/0/0,1204:1747647651090:,1747647651968
counter/2/0/0/0,1106:1747647650889:,1747647651968
counter/2/0/0/0,1107:1747647650889:,1747647651968
counter/6/0/0/0,978:1747647650949:,1747647651968
counter/6/0/0/0,979:1747647650949:,1747647651969
counter/6/0/0/0,980:1747647650949:,1747647651969
counter/6/0/0/0,981:1747647650949:,1747647651969
counter/6/0/0/0,982:1747647650949:,1747647651969
counter/1/0/0/0,1449:1747647651354:,1747647651969
counter/4/0/0/0,1064:1747647651053:,1747647651969
counter/4/0/0/0,1065:1747647651053:,1747647651969
counter/4/0/0/0,1066:1747647651053:,1747647651969
counter/4/0/0/0,1067:1747647651053:,1747647651969
counter/6/0/0/0,983:1747647650956:,1747647651969
counter/4/0/0/0,1068:1747647651055:,1747647651970
counter/4/0/0/0,1069:1747647651056:,1747647651970
counter/3/0/0/0,1156:1747647650857:,1747647651970
counter/5/0/0/0,971:1747647650813:,1747647651971
counter/6/0/0/0,984:1747647650956:,1747647651972
counter/6/0/0/0,985:1747647650956:,1747647651972
counter/6/0/0/0,986:1747647650956:,1747647651972
counter/6/0/0/0,987:1747647650956:,1747647651972
counter/6/0/0/0,988:1747647650956:,1747647651972
counter/6/0/0/0,989:1747647650956:,1747647651972
counter/6/0/0/0,990:1747647650956:,1747647651972
counter/6/0/0/0,991:1747647650956:,1747647651972
counter/6/0/0/0,992:1747647650956:,1747647651972
counter/2/0/0/0,1108:1747647650889:,1747647651972
counter/7/0/0/0,892:1747647650927:,1747647651973
counter/5/0/0/0,972:1747647650813:,1747647651973
counter/7/0/0/0,893:1747647650927:,1747647651973
counter/7/0/0/0,894:1747647650927:,1747647651973
counter/7/0/0/0,895:1747647650927:,1747647651973
counter/7/0/0/0,896:1747647650927:,1747647651973
counter/8/0/0/0,1278:1747647650933:,1747647651973
counter/4/0/0/0,1070:1747647651056:,1747647651973
counter/4/0/0/0,1071:1747647651056:,1747647651974
counter/4/0/0/0,1072:1747647651056:,1747647651974
counter/4/0/0/0,1073:1747647651056:,1747647651974
counter/10/0/0/0,1013:1747647651068:,1747647651974
counter/1/0/0/0,1450:1747647651354:,1747647651974
counter/1/0/0/0,1451:1747647651354:,1747647651974
counter/1/0/0/0,1452:1747647651354:,1747647651974
counter/1/0/0/0,1453:1747647651354:,1747647651974
counter/1/0/0/0,1454:1747647651354:,1747647651974
counter/1/0/0/0,1455:1747647651354:,1747647651974
counter/1/0/0/0,1456:1747647651354:,1747647651974
counter/1/0/0/0,1457:1747647651354:,1747647651974
counter/1/0/0/0,1458:1747647651354:,1747647651974
counter/1/0/0/0,1459:1747647651356:,1747647651974
counter/1/0/0/0,1460:1747647651356:,1747647651974
counter/7/0/0/0,897:1747647650928:,1747647651974
counter/6/0/0/0,993:1747647650956:,1747647651974
counter/3/0/0/0,1157:1747647650857:,1747647651974
counter/6/0/0/0,994:1747647650956:,1747647651974
counter/6/0/0/0,995:1747647650956:,1747647651974
counter/6/0/0/0,996:1747647650956:,1747647651974
counter/6/0/0/0,997:1747647650965:,1747647651974
counter/1/0/0/0,1461:1747647651356:,1747647651974
counter/6/0/0/0,998:1747647650965:,1747647651974
counter/5/0/0/0,973:1747647650814:,1747647651975
counter/5/0/0/0,974:1747647650814:,1747647651975
counter/5/0/0/0,975:1747647650814:,1747647651975
counter/5/0/0/0,976:1747647650815:,1747647651975
counter/5/0/0/0,977:1747647650815:,1747647651975
counter/5/0/0/0,978:1747647650815:,1747647651975
counter/5/0/0/0,979:1747647650815:,1747647651975
counter/5/0/0/0,980:1747647650815:,1747647651975
counter/4/0/0/0,1074:1747647651056:,1747647651976
counter/4/0/0/0,1075:1747647651056:,1747647651976
counter/4/0/0/0,1076:1747647651056:,1747647651976
counter/4/0/0/0,1077:1747647651056:,1747647651976
counter/4/0/0/0,1078:1747647651056:,1747647651976
counter/4/0/0/0,1079:1747647651056:,1747647651976
counter/4/0/0/0,1080:1747647651056:,1747647651976
counter/4/0/0/0,1081:1747647651056:,1747647651976
counter/4/0/0/0,1082:1747647651056:,1747647651977
counter/10/0/0/0,1014:1747647651068:,1747647651977
counter/3/0/0/0,1158:1747647650857:,1747647651977
counter/9/0/0/0,1205:1747647651090:,1747647651977
counter/2/0/0/0,1109:1747647650894:,1747647651977
counter/2/0/0/0,1110:1747647650894:,1747647651977
counter/2/0/0/0,1111:1747647650894:,1747647651977
counter/2/0/0/0,1112:1747647650894:,1747647651977
counter/2/0/0/0,1113:1747647650894:,1747647651977
counter/2/0/0/0,1114:1747647650894:,1747647651978
counter/2/0/0/0,1115:1747647650894:,1747647651978
counter/2/0/0/0,1116:1747647650894:,1747647651978
counter/2/0/0/0,1117:1747647650895:,1747647651978
counter/1/0/0/0,1462:1747647651356:,1747647651978
counter/1/0/0/0,1463:1747647651356:,1747647651978
counter/1/0/0/0,1464:1747647651356:,1747647651978
counter/1/0/0/0,1465:1747647651356:,1747647651978
counter/2/0/0/0,1118:1747647650895:,1747647651978
counter/2/0/0/0,1119:1747647650896:,1747647651978
counter/2/0/0/0,1120:1747647650896:,1747647651978
counter/2/0/0/0,1121:1747647650896:,1747647651978
counter/2/0/0/0,1122:1747647650896:,1747647651978
counter/2/0/0/0,1123:1747647650896:,1747647651978
counter/2/0/0/0,1124:1747647650896:,1747647651978
counter/8/0/0/0,1279:1747647650933:,1747647651979
counter/3/0/0/0,1159:1747647650858:,1747647651979
counter/3/0/0/0,1160:1747647650858:,1747647651979
counter/3/0/0/0,1161:1747647650858:,1747647651979
counter/3/0/0/0,1162:1747647650858:,1747647651979
counter/3/0/0/0,1163:1747647650861:,1747647651979
counter/3/0/0/0,1164:1747647650862:,1747647651979
counter/9/0/0/0,1206:1747647651095:,1747647651979
counter/7/0/0/0,898:1747647650928:,1747647651979
counter/7/0/0/0,899:1747647650928:,1747647651980
counter/9/0/0/0,1207:1747647651095:,1747647651980
counter/6/0/0/0,999:1747647650965:,1747647651980
counter/6/0/0/0,1000:1747647650965:,1747647651980
counter/6/0/0/0,1001:1747647650965:,1747647651980
counter/6/0/0/0,1002:1747647650965:,1747647651980
counter/6/0/0/0,1003:1747647650965:,1747647651980
counter/6/0/0/0,1004:1747647650968:,1747647651980
counter/6/0/0/0,1005:1747647650968:,1747647651980
counter/6/0/0/0,1006:1747647650992:,1747647651980
counter/6/0/0/0,1007:1747647650992:,1747647651980
counter/6/0/0/0,1008:1747647650992:,1747647651980
counter/6/0/0/0,1009:1747647650992:,1747647651980
counter/6/0/0/0,1010:1747647650992:,1747647651981
counter/6/0/0/0,1011:1747647650992:,1747647651981
counter/6/0/0/0,1012:1747647650992:,1747647651981
counter/6/0/0/0,1013:1747647650992:,1747647651981
counter/6/0/0/0,1014:1747647651004:,1747647651981
counter/6/0/0/0,1015:1747647651004:,1747647651981
counter/6/0/0/0,1016:1747647651005:,1747647651981
counter/6/0/0/0,1017:1747647651005:,1747647651981
counter/6/0/0/0,1018:1747647651005:,1747647651981
counter/6/0/0/0,1019:1747647651005:,1747647651981
counter/6/0/0/0,1020:1747647651005:,1747647651981
counter/6/0/0/0,1021:1747647651005:,1747647651981
counter/4/0/0/0,1083:1747647651056:,1747647651981
counter/5/0/0/0,981:1747647650815:,1747647651981
counter/9/0/0/0,1208:1747647651100:,1747647651981
counter/9/0/0/0,1209:1747647651102:,1747647651981
counter/9/0/0/0,1210:1747647651102:,1747647651981
counter/9/0/0/0,1211:1747647651102:,1747647651982
counter/7/0/0/0,900:1747647650928:,1747647651982
counter/7/0/0/0,901:1747647650928:,1747647651982
counter/7/0/0/0,902:1747647650928:,1747647651982
counter/3/0/0/0,1165:1747647650862:,1747647651983
counter/9/0/0/0,1212:1747647651102:,1747647651984
counter/9/0/0/0,1213:1747647651102:,1747647651985
counter/1/0/0/0,1466:1747647651361:,1747647651986
counter/1/0/0/0,1467:1747647651361:,1747647651986
counter/1/0/0/0,1468:1747647651361:,1747647651986
counter/1/0/0/0,1469:1747647651361:,1747647651986
counter/1/0/0/0,1470:1747647651361:,1747647651986
counter/1/0/0/0,1471:1747647651361:,1747647651986
counter/1/0/0/0,1472:1747647651361:,1747647651986
counter/1/0/0/0,1473:1747647651361:,1747647651986
counter/1/0/0/0,1474:1747647651361:,1747647651986
counter/1/0/0/0,1475:1747647651361:,1747647651986
counter/1/0/0/0,1476:1747647651361:,1747647651986
counter/1/0/0/0,1477:1747647651361:,1747647651986
counter/9/0/0/0,1214:1747647651102:,1747647651987
counter/9/0/0/0,1215:1747647651102:,1747647651987
counter/9/0/0/0,1216:1747647651102:,1747647651987
counter/9/0/0/0,1217:1747647651102:,1747647651987
counter/9/0/0/0,1218:1747647651102:,1747647651987
counter/9/0/0/0,1219:1747647651104:,1747647651987
counter/9/0/0/0,1220:1747647651104:,1747647651987
counter/9/0/0/0,1221:1747647651108:,1747647651987
counter/9/0/0/0,1222:1747647651108:,1747647651987
counter/9/0/0/0,1223:1747647651108:,1747647651987
counter/6/0/0/0,1022:1747647651005:,1747647651987
counter/5/0/0/0,982:1747647650815:,1747647651987
counter/2/0/0/0,1125:1747647650896:,1747647651987
counter/1/0/0/0,1478:1747647651361:,1747647651987
counter/1/0/0/0,1479:1747647651361:,1747647651987
counter/1/0/0/0,1480:1747647651361:,1747647651987
counter/1/0/0/0,1481:1747647651361:,1747647651987
counter/1/0/0/0,1482:1747647651361:,1747647651988
counter/1/0/0/0,1483:1747647651361:,1747647651988
counter/9/0/0/0,1224:1747647651108:,1747647651988
counter/6/0/0/0,1023:1747647651005:,1747647651988
counter/6/0/0/0,1024:1747647651005:,1747647651988
counter/1/0/0/0,1484:1747647651361:,1747647651988
counter/1/0/0/0,1485:1747647651361:,1747647651988
counter/1/0/0/0,1486:1747647651361:,1747647651988
counter/1/0/0/0,1487:1747647651361:,1747647651988
counter/1/0/0/0,1488:1747647651361:,1747647651988
counter/7/0/0/0,903:1747647650928:,1747647651988
counter/1/0/0/0,1489:1747647651361:,1747647651988
counter/5/0/0/0,983:1747647650815:,1747647651989
counter/5/0/0/0,984:1747647650815:,1747647651989
counter/8/0/0/0,1280:1747647650933:,1747647651989
counter/1/0/0/0,1490:1747647651374:,1747647651989
counter/1/0/0/0,1491:1747647651374:,1747647651989
counter/1/0/0/0,1492:1747647651374:,1747647651989
counter/1/0/0/0,1493:1747647651375:,1747647651989
counter/1/0/0/0,1494:1747647651375:,1747647651989
counter/6/0/0/0,1025:1747647651006:,1747647651989
counter/1/0/0/0,1495:1747647651375:,1747647651989
counter/1/0/0/0,1496:1747647651375:,1747647651989
counter/10/0/0/0,1015:1747647651081:,1747647651990
counter/1/0/0/0,1497:1747647651375:,1747647651990
counter/8/0/0/0,1281:1747647650933:,1747647651990
counter/8/0/0/0,1282:1747647650941:,1747647651990
counter/8/0/0/0,1283:1747647650941:,1747647651990
counter/8/0/0/0,1284:1747647650941:,1747647651990
counter/8/0/0/0,1285:1747647650941:,1747647651990
counter/8/0/0/0,1286:1747647650941:,1747647651990
counter/8/0/0/0,1287:1747647650941:,1747647651990
counter/8/0/0/0,1288:1747647650941:,1747647651990
counter/2/0/0/0,1126:1747647650896:,1747647651991
counter/7/0/0/0,904:1747647650928:,1747647651991
counter/3/0/0/0,1166:1747647650862:,1747647651991
counter/3/0/0/0,1167:1747647650862:,1747647651991
counter/3/0/0/0,1168:1747647650862:,1747647651991
counter/3/0/0/0,1169:1747647650862:,1747647651991
counter/3/0/0/0,1170:1747647650862:,1747647651991
counter/3/0/0/0,1171:1747647650862:,1747647651991
counter/3/0/0/0,1172:1747647650862:,1747647651991
counter/3/0/0/0,1173:1747647650862:,1747647651991
counter/3/0/0/0,1174:1747647650862:,1747647651991
counter/3/0/0/0,1175:1747647650862:,1747647651991
counter/3/0/0/0,1176:1747647650862:,1747647651991
counter/7/0/0/0,905:1747647650929:,1747647651991
counter/7/0/0/0,906:1747647650929:,1747647651991
counter/7/0/0/0,907:1747647650932:,1747647651991
counter/7/0/0/0,908:1747647650933:,1747647651992
counter/7/0/0/0,909:1747647650933:,1747647651992
counter/7/0/0/0,910:1747647650933:,1747647651992
counter/1/0/0/0,1498:1747647651375:,1747647651992
counter/1/0/0/0,1499:1747647651375:,1747647651992
counter/1/0/0/0,1500:1747647651375:,1747647651992
counter/1/0/0/0,1501:1747647651375:,1747647651992
counter/1/0/0/0,1502:1747647651375:,1747647651992
counter/1/0/0/0,1503:1747647651375:,1747647651992
counter/1/0/0/0,1504:1747647651375:,1747647651992
counter/1/0/0/0,1505:1747647651375:,1747647651992
counter/1/0/0/0,1506:1747647651375:,1747647651992
counter/1/0/0/0,1507:1747647651375:,1747647651992
counter/1/0/0/0,1508:1747647651375:,1747647651992
counter/3/0/0/0,1177:1747647650862:,1747647651993
counter/5/0/0/0,985:1747647650815:,1747647651993
counter/5/0/0/0,986:1747647650815:,1747647651993
counter/5/0/0/0,987:1747647650815:,1747647651993
counter/5/0/0/0,988:1747647650820:,1747647651993
counter/5/0/0/0,989:1747647650820:,1747647651993
counter/5/0/0/0,990:1747647650820:,1747647651993
counter/5/0/0/0,991:1747647650820:,1747647651993
counter/5/0/0/0,992:1747647650820:,1747647651993
counter/5/0/0/0,993:1747647650820:,1747647651993
counter/10/0/0/0,1016:1747647651081:,1747647651993
counter/10/0/0/0,1017:1747647651081:,1747647651993
counter/10/0/0/0,1018:1747647651081:,1747647651994
counter/10/0/0/0,1019:1747647651081:,1747647651994
counter/10/0/0/0,1020:1747647651081:,1747647651994
counter/10/0/0/0,1021:1747647651081:,1747647651994
counter/10/0/0/0,1022:1747647651081:,1747647651994
counter/10/0/0/0,1023:1747647651081:,1747647651994
counter/10/0/0/0,1024:1747647651081:,1747647651994
counter/10/0/0/0,1025:1747647651081:,1747647651994
counter/1/0/0/0,1509:1747647651375:,1747647651994
counter/1/0/0/0,1510:1747647651375:,1747647651994
counter/8/0/0/0,1289:1747647650941:,1747647651994
counter/1/0/0/0,1511:1747647651375:,1747647651994
counter/1/0/0/0,1512:1747647651375:,1747647651994
counter/1/0/0/0,1513:1747647651375:,1747647651994
counter/1/0/0/0,1514:1747647651375:,1747647651994
counter/1/0/0/0,1515:1747647651375:,1747647651994
counter/6/0/0/0,1026:1747647651007:,1747647651994
counter/10/0/0/0,1026:1747647651081:,1747647651994
counter/10/0/0/0,1027:1747647651081:,1747647651994
counter/10/0/0/0,1028:1747647651081:,1747647651994
counter/7/0/0/0,911:1747647650933:,1747647651995
counter/2/0/0/0,1127:1747647650900:,1747647651995
counter/9/0/0/0,1225:1747647651108:,1747647651996
counter/9/0/0/0,1226:1747647651108:,1747647651996
counter/9/0/0/0,1227:1747647651108:,1747647651996
counter/2/0/0/0,1128:1747647650900:,1747647651996
counter/9/0/0/0,1228:1747647651108:,1747647651996
counter/1/0/0/0,1516:1747647651375:,1747647651996
counter/9/0/0/0,1229:1747647651108:,1747647651996
counter/9/0/0/0,1230:1747647651108:,1747647651996
counter/6/0/0/0,1027:1747647651007:,1747647651996
counter/8/0/0/0,1290:1747647650947:,1747647651997
counter/4/0/0/0,1084:1747647651065:,1747647651997
counter/8/0/0/0,1291:1747647650947:,1747647651999
counter/3/0/0/0,1178:1747647650862:,1747647651999
counter/8/0/0/0,1292:1747647650947:,1747647651999
counter/3/0/0/0,1179:1747647650862:,1747647651999
counter/3/0/0/0,1180:1747647650862:,1747647651999
counter/3/0/0/0,1181:1747647650864:,1747647651999
counter/3/0/0/0,1182:1747647650864:,1747647651999
counter/3/0/0/0,1183:1747647650864:,1747647651999
counter/3/0/0/0,1184:1747647650864:,1747647651999
counter/3/0/0/0,1185:1747647650864:,1747647651999
counter/3/0/0/0,1186:1747647650864:,1747647651999
counter/6/0/0/0,1028:1747647651007:,1747647651999
counter/3/0/0/0,1187:1747647650865:,1747647651999
counter/9/0/0/0,1231:1747647651108:,1747647651999
counter/4/0/0/0,1085:1747647651065:,1747647652000
counter/4/0/0/0,1086:1747647651065:,1747647652000
counter/4/0/0/0,1087:1747647651066:,1747647652000
counter/4/0/0/0,1088:1747647651066:,1747647652000
counter/4/0/0/0,1089:1747647651066:,1747647652000
counter/4/0/0/0,1090:1747647651066:,1747647652000
counter/5/0/0/0,994:1747647650820:,1747647652001
counter/3/0/0/0,1188:1747647650865:,1747647652001
counter/3/0/0/0,1189:1747647650865:,1747647652001
counter/3/0/0/0,1190:1747647650865:,1747647652001
counter/3/0/0/0,1191:1747647650865:,1747647652001
counter/3/0/0/0,1192:1747647650865:,1747647652001
counter/3/0/0/0,1193:1747647650865:,1747647652001
counter/3/0/0/0,1194:1747647650865:,1747647652001
counter/3/0/0/0,1195:1747647650865:,1747647652001
counter/3/0/0/0,1196:1747647650865:,1747647652001
counter/3/0/0/0,1197:1747647650866:,1747647652001
counter/3/0/0/0,1198:1747647650866:,1747647652001
counter/3/0/0/0,1199:1747647650866:,1747647652001
counter/3/0/0/0,1200:1747647650866:,1747647652001
counter/3/0/0/0,1201:1747647650866:,1747647652001
counter/3/0/0/0,1202:1747647650866:,1747647652001
counter/3/0/0/0,1203:1747647650866:,1747647652001
counter/3/0/0/0,1204:1747647650866:,1747647652001
counter/2/0/0/0,1129:1747647650900:,1747647652001
counter/5/0/0/0,995:1747647650820:,1747647652001
counter/4/0/0/0,1091:1747647651066:,1747647652001
counter/5/0/0/0,996:1747647650820:,1747647652001
counter/5/0/0/0,997:1747647650820:,1747647652001
counter/7/0/0/0,912:1747647650933:,1747647652002
counter/7/0/0/0,913:1747647650936:,1747647652002
counter/7/0/0/0,914:1747647650936:,1747647652002
counter/7/0/0/0,915:1747647650936:,1747647652002
counter/7/0/0/0,916:1747647650936:,1747647652002
counter/3/0/0/0,1205:1747647650866:,1747647652002
counter/9/0/0/0,1232:1747647651108:,1747647652002
counter/1/0/0/0,1517:1747647651375:,1747647652003
counter/9/0/0/0,1233:1747647651111:,1747647652003
counter/9/0/0/0,1234:1747647651111:,1747647652003
counter/6/0/0/0,1029:1747647651007:,1747647652003
counter/5/0/0/0,998:1747647650820:,1747647652003
counter/5/0/0/0,999:1747647650820:,1747647652003
counter/5/0/0/0,1000:1747647650820:,1747647652003
counter/5/0/0/0,1001:1747647650820:,1747647652003
counter/5/0/0/0,1002:1747647650820:,1747647652003
counter/5/0/0/0,1003:1747647650820:,1747647652003
counter/5/0/0/0,1004:1747647650820:,1747647652003
counter/5/0/0/0,1005:1747647650822:,1747647652003
counter/5/0/0/0,1006:1747647650822:,1747647652003
counter/5/0/0/0,1007:1747647650822:,1747647652003
counter/5/0/0/0,1008:1747647650822:,1747647652003
counter/9/0/0/0,1235:1747647651111:,1747647652004
counter/6/0/0/0,1030:1747647651007:,1747647652004
counter/6/0/0/0,1031:1747647651007:,1747647652004
counter/6/0/0/0,1032:1747647651009:,1747647652004
counter/6/0/0/0,1033:1747647651009:,1747647652004
counter/6/0/0/0,1034:1747647651009:,1747647652004
counter/6/0/0/0,1035:1747647651009:,1747647652004
counter/6/0/0/0,1036:1747647651009:,1747647652004
counter/6/0/0/0,1037:1747647651009:,1747647652004
counter/6/0/0/0,1038:1747647651009:,1747647652004
counter/6/0/0/0,1039:1747647651009:,1747647652004
counter/5/0/0/0,1009:1747647650822:,1747647652004
counter/5/0/0/0,1010:1747647650822:,1747647652004
counter/4/0/0/0,1092:1747647651066:,1747647652004
counter/4/0/0/0,1093:1747647651066:,1747647652004
counter/7/0/0/0,917:1747647650936:,1747647652004
counter/7/0/0/0,918:1747647650940:,1747647652004
counter/2/0/0/0,1130:1747647650900:,1747647652005
counter/1/0/0/0,1518:1747647651384:,1747647652005
counter/2/0/0/0,1131:1747647650900:,1747647652005
counter/1/0/0/0,1519:1747647651384:,1747647652005
counter/6/0/0/0,1040:1747647651009:,1747647652005
counter/2/0/0/0,1132:1747647650900:,1747647652006
counter/5/0/0/0,1011:1747647650822:,1747647652006
counter/4/0/0/0,1094:1747647651066:,1747647652006
counter/10/0/0/0,1029:1747647651081:,1747647652006
counter/10/0/0/0,1030:1747647651081:,1747647652006
counter/3/0/0/0,1206:1747647650866:,1747647652006
counter/3/0/0/0,1207:1747647650868:,1747647652008
counter/3/0/0/0,1208:1747647650868:,1747647652008
counter/6/0/0/0,1041:1747647651009:,1747647652008
counter/6/0/0/0,1042:1747647651009:,1747647652008
counter/6/0/0/0,1043:1747647651009:,1747647652008
counter/1/0/0/0,1520:1747647651386:,1747647652008
counter/1/0/0/0,1521:1747647651386:,1747647652008
counter/1/0/0/0,1522:1747647651386:,1747647652008
counter/1/0/0/0,1523:1747647651387:,1747647652008
counter/2/0/0/0,1133:1747647650900:,1747647652008
counter/5/0/0/0,1012:1747647650822:,1747647652008
counter/6/0/0/0,1044:1747647651010:,1747647652012
counter/10/0/0/0,1031:1747647651081:,1747647652012
counter/3/0/0/0,1209:1747647650868:,1747647652012
counter/10/0/0/0,1032:1747647651081:,1747647652013
counter/3/0/0/0,1210:1747647650868:,1747647652013
counter/4/0/0/0,1095:1747647651066:,1747647652013
counter/8/0/0/0,1293:1747647650954:,1747647652013
counter/4/0/0/0,1096:1747647651066:,1747647652013
counter/4/0/0/0,1097:1747647651066:,1747647652013
counter/4/0/0/0,1098:1747647651066:,1747647652013
counter/4/0/0/0,1099:1747647651066:,1747647652013
counter/4/0/0/0,1100:1747647651066:,1747647652013
counter/10/0/0/0,1033:1747647651083:,1747647652013
counter/3/0/0/0,1211:1747647650868:,1747647652013
counter/10/0/0/0,1034:1747647651083:,1747647652013
counter/3/0/0/0,1212:1747647650869:,1747647652013
counter/10/0/0/0,1035:1747647651083:,1747647652013
counter/1/0/0/0,1524:1747647651388:,1747647652015
counter/1/0/0/0,1525:1747647651388:,1747647652015
counter/1/0/0/0,1526:1747647651388:,1747647652015
counter/1/0/0/0,1527:1747647651396:,1747647652015
counter/1/0/0/0,1528:1747647651396:,1747647652015
counter/1/0/0/0,1529:1747647651397:,1747647652015
counter/1/0/0/0,1530:1747647651397:,1747647652015
counter/1/0/0/0,1531:1747647651397:,1747647652015
counter/1/0/0/0,1532:1747647651400:,1747647652015
counter/1/0/0/0,1533:1747647651400:,1747647652015
counter/1/0/0/0,1534:1747647651400:,1747647652015
counter/1/0/0/0,1535:1747647651400:,1747647652015
counter/1/0/0/0,1536:1747647651400:,1747647652015
counter/9/0/0/0,1236:1747647651111:,1747647652016
counter/5/0/0/0,1013:1747647650824:,1747647652016
counter/5/0/0/0,1014:1747647650824:,1747647652016
counter/5/0/0/0,1015:1747647650824:,1747647652016
counter/5/0/0/0,1016:1747647650824:,1747647652016
counter/5/0/0/0,1017:1747647650824:,1747647652016
counter/5/0/0/0,1018:1747647650824:,1747647652016
counter/5/0/0/0,1019:1747647650824:,1747647652016
counter/5/0/0/0,1020:1747647650824:,1747647652016
counter/5/0/0/0,1021:1747647650824:,1747647652017
counter/2/0/0/0,1134:1747647650900:,1747647652017
counter/7/0/0/0,919:1747647650940:,1747647652017
counter/5/0/0/0,1022:1747647650825:,1747647652018
counter/2/0/0/0,1135:1747647650900:,1747647652020
counter/5/0/0/0,1023:1747647650825:,1747647652020
counter/4/0/0/0,1101:1747647651066:,1747647652020
counter/5/0/0/0,1024:1747647650826:,1747647652020
counter/5/0/0/0,1025:1747647650826:,1747647652021
counter/7/0/0/0,920:1747647650940:,1747647652021
counter/7/0/0/0,921:1747647650943:,1747647652021
counter/8/0/0/0,1294:1747647650954:,1747647652021
counter/10/0/0/0,1036:1747647651083:,1747647652023
counter/10/0/0/0,1037:1747647651083:,1747647652023
counter/10/0/0/0,1038:1747647651083:,1747647652023
counter/3/0/0/0,1213:1747647650869:,1747647652023
counter/2/0/0/0,1136:1747647650900:,1747647652023
counter/7/0/0/0,922:1747647650943:,1747647652024
counter/1/0/0/0,1537:1747647651400:,1747647652024
counter/8/0/0/0,1295:1747647650954:,1747647652024
counter/9/0/0/0,1237:1747647651111:,1747647652024
counter/9/0/0/0,1238:1747647651111:,1747647652024
counter/9/0/0/0,1239:1747647651111:,1747647652024
counter/9/0/0/0,1240:1747647651111:,1747647652024
counter/9/0/0/0,1241:1747647651111:,1747647652024
counter/9/0/0/0,1242:1747647651111:,1747647652024
counter/9/0/0/0,1243:1747647651111:,1747647652024
counter/9/0/0/0,1244:1747647651111:,1747647652024
counter/9/0/0/0,1245:1747647651111:,1747647652024
counter/9/0/0/0,1246:1747647651111:,1747647652024
counter/2/0/0/0,1137:1747647650900:,1747647652025
counter/2/0/0/0,1138:1747647650900:,1747647652025
counter/2/0/0/0,1139:1747647650900:,1747647652025
counter/2/0/0/0,1140:1747647650900:,1747647652025
counter/2/0/0/0,1141:1747647650900:,1747647652025
counter/2/0/0/0,1142:1747647650904:,1747647652025
counter/3/0/0/0,1214:1747647650869:,1747647652025
counter/3/0/0/0,1215:1747647650869:,1747647652025
counter/3/0/0/0,1216:1747647650869:,1747647652025
counter/3/0/0/0,1217:1747647650869:,1747647652026
counter/3/0/0/0,1218:1747647650869:,1747647652026
counter/3/0/0/0,1219:1747647650869:,1747647652026
counter/3/0/0/0,1220:1747647650869:,1747647652026
counter/2/0/0/0,1143:1747647650906:,1747647652029
counter/2/0/0/0,1144:1747647650906:,1747647652029
counter/2/0/0/0,1145:1747647650906:,1747647652029
counter/2/0/0/0,1146:1747647650906:,1747647652029
counter/2/0/0/0,1147:1747647650906:,1747647652029
counter/2/0/0/0,1148:1747647650906:,1747647652029
counter/2/0/0/0,1149:1747647650906:,1747647652029
counter/2/0/0/0,1150:1747647650906:,1747647652029
counter/2/0/0/0,1151:1747647650906:,1747647652029
counter/2/0/0/0,1152:1747647650906:,1747647652029
counter/1/0/0/0,1538:1747647651400:,1747647652029
counter/1/0/0/0,1539:1747647651400:,1747647652029
counter/1/0/0/0,1540:1747647651400:,1747647652029
counter/1/0/0/0,1541:1747647651400:,1747647652029
counter/1/0/0/0,1542:1747647651400:,1747647652029
counter/1/0/0/0,1543:1747647651401:,1747647652029
counter/1/0/0/0,1544:1747647651401:,1747647652029
counter/1/0/0/0,1545:1747647651401:,1747647652029
counter/2/0/0/0,1153:1747647650906:,1747647652030
counter/1/0/0/0,1546:1747647651414:,1747647652033
counter/9/0/0/0,1247:1747647651111:,1747647652033
counter/9/0/0/0,1248:1747647651111:,1747647652033
counter/9/0/0/0,1249:1747647651120:,1747647652033
counter/9/0/0/0,1250:1747647651120:,1747647652033
counter/9/0/0/0,1251:1747647651120:,1747647652033
counter/9/0/0/0,1252:1747647651120:,1747647652033
counter/9/0/0/0,1253:1747647651120:,1747647652033
counter/4/0/0/0,1102:1747647651066:,1747647652033
counter/9/0/0/0,1254:1747647651120:,1747647652033
counter/9/0/0/0,1255:1747647651120:,1747647652033
counter/9/0/0/0,1256:1747647651120:,1747647652033
counter/9/0/0/0,1257:1747647651120:,1747647652033
counter/5/0/0/0,1026:1747647650826:,1747647652035
counter/5/0/0/0,1027:1747647650828:,1747647652035
counter/5/0/0/0,1028:1747647650828:,1747647652035
counter/5/0/0/0,1029:1747647650828:,1747647652035
counter/5/0/0/0,1030:1747647650828:,1747647652035
counter/5/0/0/0,1031:1747647650828:,1747647652035
counter/5/0/0/0,1032:1747647650828:,1747647652035
counter/5/0/0/0,1033:1747647650828:,1747647652035
counter/5/0/0/0,1034:1747647650828:,1747647652035
counter/5/0/0/0,1035:1747647650828:,1747647652035
counter/5/0/0/0,1036:1747647650828:,1747647652035
counter/5/0/0/0,1037:1747647650828:,1747647652035
counter/5/0/0/0,1038:1747647650828:,1747647652035
counter/5/0/0/0,1039:1747647650828:,1747647652035
counter/5/0/0/0,1040:1747647650828:,1747647652035
counter/5/0/0/0,1041:1747647650828:,1747647652035
counter/5/0/0/0,1042:1747647650828:,1747647652035
counter/9/0/0/0,1258:1747647651120:,1747647652036
counter/10/0/0/0,1039:1747647651083:,1747647652036
counter/2/0/0/0,1154:1747647650906:,1747647652037
counter/2/0/0/0,1155:1747647650906:,1747647652037
counter/2/0/0/0,1156:1747647650906:,1747647652037
counter/6/0/0/0,1045:1747647651010:,1747647652038
counter/2/0/0/0,1157:1747647650906:,1747647652038
counter/10/0/0/0,1040:1747647651083:,1747647652038
counter/2/0/0/0,1158:1747647650906:,1747647652038
counter/2/0/0/0,1159:1747647650906:,1747647652038
counter/3/0/0/0,1221:1747647650883:,1747647652038
counter/8/0/0/0,1296:1747647650954:,1747647652038
counter/8/0/0/0,1297:1747647650954:,1747647652038
counter/5/0/0/0,1043:1747647650828:,1747647652038
counter/10/0/0/0,1041:1747647651083:,1747647652038
counter/10/0/0/0,1042:1747647651083:,1747647652038
counter/10/0/0/0,1043:1747647651083:,1747647652039
counter/10/0/0/0,1044:1747647651083:,1747647652039
counter/10/0/0/0,1045:1747647651083:,1747647652039
counter/10/0/0/0,1046:1747647651083:,1747647652039
counter/10/0/0/0,1047:1747647651083:,1747647652039
counter/10/0/0/0,1048:1747647651096:,1747647652039
counter/7/0/0/0,923:1747647650943:,1747647652039
counter/7/0/0/0,924:1747647650944:,1747647652039
counter/1/0/0/0,1547:1747647651414:,1747647652039
counter/6/0/0/0,1046:1747647651010:,1747647652039
counter/5/0/0/0,1044:1747647650828:,1747647652041
counter/5/0/0/0,1045:1747647650829:,1747647652041
counter/5/0/0/0,1046:1747647650829:,1747647652041
counter/5/0/0/0,1047:1747647650829:,1747647652041
counter/5/0/0/0,1048:1747647650829:,1747647652041
counter/5/0/0/0,1049:1747647650829:,1747647652041
counter/5/0/0/0,1050:1747647650829:,1747647652041
counter/5/0/0/0,1051:1747647650829:,1747647652041
counter/5/0/0/0,1052:1747647650829:,1747647652042
counter/5/0/0/0,1053:1747647650829:,1747647652042
counter/5/0/0/0,1054:1747647650829:,1747647652042
counter/3/0/0/0,1222:1747647650883:,1747647652042
counter/3/0/0/0,1223:1747647650883:,1747647652042
counter/3/0/0/0,1224:1747647650884:,1747647652042
counter/3/0/0/0,1225:1747647650884:,1747647652042
counter/3/0/0/0,1226:1747647650884:,1747647652042
counter/3/0/0/0,1227:1747647650884:,1747647652042
counter/3/0/0/0,1228:1747647650884:,1747647652042
counter/8/0/0/0,1298:1747647650954:,1747647652042
counter/8/0/0/0,1299:1747647650954:,1747647652042
counter/8/0/0/0,1300:1747647650954:,1747647652042
counter/8/0/0/0,1301:1747647650954:,1747647652042
counter/8/0/0/0,1302:1747647650954:,1747647652042
counter/8/0/0/0,1303:1747647650954:,1747647652042
counter/8/0/0/0,1304:1747647650954:,1747647652042
counter/2/0/0/0,1160:1747647650906:,1747647652042
counter/1/0/0/0,1548:1747647651414:,1747647652042
counter/1/0/0/0,1549:1747647651415:,1747647652043
counter/1/0/0/0,1550:1747647651415:,1747647652043
counter/4/0/0/0,1103:1747647651066:,1747647652043
counter/3/0/0/0,1229:1747647650884:,1747647652043
counter/4/0/0/0,1104:1747647651067:,1747647652043
counter/4/0/0/0,1105:1747647651070:,1747647652043
counter/4/0/0/0,1106:1747647651070:,1747647652043
counter/4/0/0/0,1107:1747647651070:,1747647652043
counter/4/0/0/0,1108:1747647651070:,1747647652043
counter/4/0/0/0,1109:1747647651070:,1747647652043
counter/4/0/0/0,1110:1747647651070:,1747647652043
counter/4/0/0/0,1111:1747647651070:,1747647652043
counter/4/0/0/0,1112:1747647651070:,1747647652043
counter/4/0/0/0,1113:1747647651070:,1747647652043
counter/4/0/0/0,1114:1747647651070:,1747647652043
counter/4/0/0/0,1115:1747647651070:,1747647652043
counter/4/0/0/0,1116:1747647651070:,1747647652043
counter/9/0/0/0,1259:1747647651120:,1747647652043
counter/9/0/0/0,1260:1747647651120:,1747647652043
counter/9/0/0/0,1261:1747647651120:,1747647652043
counter/9/0/0/0,1262:1747647651120:,1747647652043
counter/9/0/0/0,1263:1747647651120:,1747647652043
counter/5/0/0/0,1055:1747647650829:,1747647652043
counter/7/0/0/0,925:1747647650944:,1747647652043
counter/7/0/0/0,926:1747647650944:,1747647652044
counter/7/0/0/0,927:1747647650944:,1747647652044
counter/7/0/0/0,928:1747647650944:,1747647652044
counter/7/0/0/0,929:1747647650944:,1747647652044
counter/7/0/0/0,930:1747647650945:,1747647652044
counter/7/0/0/0,931:1747647650945:,1747647652044
counter/7/0/0/0,932:1747647650945:,1747647652044
counter/7/0/0/0,933:1747647650945:,1747647652044
counter/7/0/0/0,934:1747647650945:,1747647652044
counter/7/0/0/0,935:1747647650945:,1747647652044
counter/7/0/0/0,936:1747647650945:,1747647652044
counter/7/0/0/0,937:1747647650945:,1747647652044
counter/10/0/0/0,1049:1747647651096:,1747647652044
counter/5/0/0/0,1056:1747647650838:,1747647652044
counter/5/0/0/0,1057:1747647650838:,1747647652044
counter/8/0/0/0,1305:1747647650954:,1747647652044
counter/4/0/0/0,1117:1747647651070:,1747647652044
counter/7/0/0/0,938:1747647650945:,1747647652045
counter/1/0/0/0,1551:1747647651415:,1747647652045
counter/3/0/0/0,1230:1747647650884:,1747647652045
counter/1/0/0/0,1552:1747647651415:,1747647652045
counter/4/0/0/0,1118:1747647651070:,1747647652045
counter/8/0/0/0,1306:1747647650954:,1747647652045
counter/8/0/0/0,1307:1747647650954:,1747647652045
counter/8/0/0/0,1308:1747647650961:,1747647652045
counter/5/0/0/0,1058:1747647650838:,1747647652045
counter/5/0/0/0,1059:1747647650838:,1747647652045
counter/7/0/0/0,939:1747647650945:,1747647652045
counter/10/0/0/0,1050:1747647651096:,1747647652046
counter/1/0/0/0,1553:1747647651415:,1747647652046
counter/1/0/0/0,1554:1747647651415:,1747647652046
counter/1/0/0/0,1555:1747647651420:,1747647652046
counter/1/0/0/0,1556:1747647651420:,1747647652046
counter/1/0/0/0,1557:1747647651420:,1747647652046
counter/1/0/0/0,1558:1747647651420:,1747647652046
counter/1/0/0/0,1559:1747647651420:,1747647652046
counter/1/0/0/0,1560:1747647651420:,1747647652046
counter/1/0/0/0,1561:1747647651421:,1747647652046
counter/1/0/0/0,1562:1747647651421:,1747647652046
counter/7/0/0/0,940:1747647650946:,1747647652047
counter/7/0/0/0,941:1747647650946:,1747647652047
counter/3/0/0/0,1231:1747647650884:,1747647652047
counter/3/0/0/0,1232:1747647650884:,1747647652047
counter/3/0/0/0,1233:1747647650885:,1747647652047
counter/3/0/0/0,1234:1747647650897:,1747647652047
counter/3/0/0/0,1235:1747647650899:,1747647652047
counter/3/0/0/0,1236:1747647650899:,1747647652047
counter/4/0/0/0,1119:1747647651070:,1747647652047
counter/1/0/0/0,1563:1747647651421:,1747647652047
counter/4/0/0/0,1120:1747647651070:,1747647652047
counter/1/0/0/0,1564:1747647651421:,1747647652047
counter/1/0/0/0,1565:1747647651421:,1747647652047
counter/1/0/0/0,1566:1747647651421:,1747647652047
counter/1/0/0/0,1567:1747647651421:,1747647652047
counter/1/0/0/0,1568:1747647651437:,1747647652047
counter/1/0/0/0,1569:1747647651437:,1747647652047
counter/1/0/0/0,1570:1747647651437:,1747647652047
counter/1/0/0/0,1571:1747647651437:,1747647652048
counter/1/0/0/0,1572:1747647651437:,1747647652048
counter/1/0/0/0,1573:1747647651437:,1747647652048
counter/1/0/0/0,1574:1747647651437:,1747647652048
counter/3/0/0/0,1237:1747647650899:,1747647652048
counter/10/0/0/0,1051:1747647651096:,1747647652048
counter/7/0/0/0,942:1747647650946:,1747647652048
counter/3/0/0/0,1238:1747647650899:,1747647652048
counter/10/0/0/0,1052:1747647651096:,1747647652048
counter/10/0/0/0,1053:1747647651096:,1747647652048
counter/10/0/0/0,1054:1747647651096:,1747647652048
counter/8/0/0/0,1309:1747647650962:,1747647652048
counter/5/0/0/0,1060:1747647650838:,1747647652048
counter/5/0/0/0,1061:1747647650838:,1747647652048
counter/5/0/0/0,1062:1747647650838:,1747647652049
counter/4/0/0/0,1121:1747647651070:,1747647652049
counter/4/0/0/0,1122:1747647651070:,1747647652049
counter/2/0/0/0,1161:1747647650912:,1747647652049
counter/4/0/0/0,1123:1747647651071:,1747647652049
counter/1/0/0/0,1575:1747647651437:,1747647652049
counter/1/0/0/0,1576:1747647651437:,1747647652049
counter/6/0/0/0,1047:1747647651010:,1747647652049
counter/9/0/0/0,1264:1747647651120:,1747647652049
counter/9/0/0/0,1265:1747647651121:,1747647652049
counter/6/0/0/0,1048:1747647651010:,1747647652049
counter/3/0/0/0,1239:1747647650900:,1747647652050
counter/3/0/0/0,1240:1747647650900:,1747647652050
counter/3/0/0/0,1241:1747647650902:,1747647652050
counter/8/0/0/0,1310:1747647650962:,1747647652050
counter/10/0/0/0,1055:1747647651096:,1747647652051
counter/3/0/0/0,1242:1747647650902:,1747647652051
counter/3/0/0/0,1243:1747647650905:,1747647652051
counter/3/0/0/0,1244:1747647650920:,1747647652051
counter/3/0/0/0,1245:1747647650920:,1747647652051
counter/3/0/0/0,1246:1747647650920:,1747647652051
counter/3/0/0/0,1247:1747647650920:,1747647652051
counter/3/0/0/0,1248:1747647650920:,1747647652052
counter/3/0/0/0,1249:1747647650920:,1747647652052
counter/3/0/0/0,1250:1747647650920:,1747647652052
counter/3/0/0/0,1251:1747647650920:,1747647652052
counter/3/0/0/0,1252:1747647650920:,1747647652052
counter/5/0/0/0,1063:1747647650838:,1747647652052
counter/8/0/0/0,1311:1747647650962:,1747647652052
counter/7/0/0/0,943:1747647650946:,1747647652052
counter/1/0/0/0,1577:1747647651437:,1747647652053
counter/10/0/0/0,1056:1747647651096:,1747647652054
counter/5/0/0/0,1064:1747647650838:,1747647652054
counter/10/0/0/0,1057:1747647651096:,1747647652054
counter/5/0/0/0,1065:1747647650838:,1747647652054
counter/3/0/0/0,1253:1747647650920:,1747647652054
counter/3/0/0/0,1254:1747647650920:,1747647652054
counter/3/0/0/0,1255:1747647650920:,1747647652054
counter/3/0/0/0,1256:1747647650920:,1747647652054
counter/3/0/0/0,1257:1747647650920:,1747647652054
counter/3/0/0/0,1258:1747647650920:,1747647652054
counter/3/0/0/0,1259:1747647650920:,1747647652054
counter/3/0/0/0,1260:1747647650931:,1747647652054
counter/9/0/0/0,1266:1747647651121:,1747647652055
counter/7/0/0/0,944:1747647650946:,1747647652055
counter/7/0/0/0,945:1747647650946:,1747647652055
counter/1/0/0/0,1578:1747647651437:,1747647652055
counter/1/0/0/0,1579:1747647651437:,1747647652055
counter/1/0/0/0,1580:1747647651437:,1747647652055
counter/1/0/0/0,1581:1747647651437:,1747647652055
counter/1/0/0/0,1582:1747647651437:,1747647652055
counter/1/0/0/0,1583:1747647651437:,1747647652055
counter/2/0/0/0,1162:1747647650912:,1747647652055
counter/5/0/0/0,1066:1747647650838:,1747647652056
counter/10/0/0/0,1058:1747647651097:,1747647652056
counter/9/0/0/0,1267:1747647651122:,1747647652056
counter/9/0/0/0,1268:1747647651122:,1747647652056
counter/2/0/0/0,1163:1747647650912:,1747647652056
counter/3/0/0/0,1261:1747647650931:,1747647652057
counter/3/0/0/0,1262:1747647650931:,1747647652057
counter/3/0/0/0,1263:1747647650931:,1747647652057
counter/3/0/0/0,1264:1747647650931:,1747647652057
counter/3/0/0/0,1265:1747647650931:,1747647652057
counter/3/0/0/0,1266:1747647650931:,1747647652057
counter/3/0/0/0,1267:1747647650931:,1747647652057
counter/3/0/0/0,1268:1747647650931:,1747647652057
counter/3/0/0/0,1269:1747647650932:,1747647652057
counter/3/0/0/0,1270:1747647650932:,1747647652057
counter/3/0/0/0,1271:1747647650936:,1747647652057
counter/3/0/0/0,1272:1747647650943:,1747647652057
counter/3/0/0/0,1273:1747647650943:,1747647652057
counter/5/0/0/0,1067:1747647650838:,1747647652057
counter/4/0/0/0,1124:1747647651071:,1747647652057
counter/7/0/0/0,946:1747647650946:,1747647652057
counter/1/0/0/0,1584:1747647651437:,1747647652058
counter/1/0/0/0,1585:1747647651437:,1747647652058
counter/8/0/0/0,1312:1747647650962:,1747647652058
counter/5/0/0/0,1068:1747647650838:,1747647652058
counter/4/0/0/0,1125:1747647651071:,1747647652058
counter/5/0/0/0,1069:1747647650838:,1747647652058
counter/4/0/0/0,1126:1747647651071:,1747647652058
counter/4/0/0/0,1127:1747647651076:,1747647652058
counter/4/0/0/0,1128:1747647651076:,1747647652058
counter/4/0/0/0,1129:1747647651076:,1747647652058
counter/4/0/0/0,1130:1747647651076:,1747647652058
counter/4/0/0/0,1131:1747647651076:,1747647652059
counter/4/0/0/0,1132:1747647651076:,1747647652059
counter/9/0/0/0,1269:1747647651122:,1747647652059
counter/7/0/0/0,947:1747647650946:,1747647652059
counter/6/0/0/0,1049:1747647651013:,1747647652060
counter/3/0/0/0,1274:1747647650943:,1747647652060
counter/3/0/0/0,1275:1747647650943:,1747647652060
counter/3/0/0/0,1276:1747647650946:,1747647652060
counter/3/0/0/0,1277:1747647650946:,1747647652060
counter/6/0/0/0,1050:1747647651013:,1747647652060
counter/3/0/0/0,1278:1747647650946:,1747647652060
counter/3/0/0/0,1279:1747647650946:,1747647652060
counter/3/0/0/0,1280:1747647650946:,1747647652060
counter/3/0/0/0,1281:1747647650946:,1747647652060
counter/2/0/0/0,1164:1747647650912:,1747647652060
counter/10/0/0/0,1059:1747647651104:,1747647652061
counter/4/0/0/0,1133:1747647651076:,1747647652062
counter/7/0/0/0,948:1747647650946:,1747647652062
counter/7/0/0/0,949:1747647650946:,1747647652062
counter/7/0/0/0,950:1747647650946:,1747647652062
counter/7/0/0/0,951:1747647650955:,1747647652062
counter/7/0/0/0,952:1747647650955:,1747647652062
counter/7/0/0/0,953:1747647650955:,1747647652063
counter/7/0/0/0,954:1747647650955:,1747647652063
counter/7/0/0/0,955:1747647650955:,1747647652063
counter/7/0/0/0,956:1747647650955:,1747647652063
counter/7/0/0/0,957:1747647650955:,1747647652063
counter/7/0/0/0,958:1747647650955:,1747647652063
counter/7/0/0/0,959:1747647650955:,1747647652063
counter/7/0/0/0,960:1747647650955:,1747647652063
counter/7/0/0/0,961:1747647650955:,1747647652063
counter/7/0/0/0,962:1747647650955:,1747647652063
counter/7/0/0/0,963:1747647650955:,1747647652063
counter/7/0/0/0,964:1747647650955:,1747647652063
counter/7/0/0/0,965:1747647650955:,1747647652063
counter/7/0/0/0,966:1747647650955:,1747647652063
counter/7/0/0/0,967:1747647650961:,1747647652063
counter/7/0/0/0,968:1747647650961:,1747647652063
counter/7/0/0/0,969:1747647650961:,1747647652063
counter/7/0/0/0,970:1747647650961:,1747647652063
counter/9/0/0/0,1270:1747647651122:,1747647652063
counter/8/0/0/0,1313:1747647650962:,1747647652063
counter/1/0/0/0,1586:1747647651437:,1747647652063
counter/1/0/0/0,1587:1747647651437:,1747647652063
counter/1/0/0/0,1588:1747647651441:,1747647652063
counter/1/0/0/0,1589:1747647651441:,1747647652064
counter/1/0/0/0,1590:1747647651441:,1747647652064
counter/1/0/0/0,1591:1747647651441:,1747647652064
counter/1/0/0/0,1592:1747647651442:,1747647652064
counter/3/0/0/0,1282:1747647650947:,1747647652064
counter/3/0/0/0,1283:1747647650947:,1747647652064
counter/3/0/0/0,1284:1747647650947:,1747647652064
counter/8/0/0/0,1314:1747647650962:,1747647652064
counter/3/0/0/0,1285:1747647650947:,1747647652064
counter/3/0/0/0,1286:1747647650947:,1747647652064
counter/3/0/0/0,1287:1747647650947:,1747647652064
counter/3/0/0/0,1288:1747647650947:,1747647652064
counter/1/0/0/0,1593:1747647651442:,1747647652064
counter/3/0/0/0,1289:1747647650947:,1747647652064
counter/1/0/0/0,1594:1747647651442:,1747647652064
counter/1/0/0/0,1595:1747647651448:,1747647652064
counter/1/0/0/0,1596:1747647651448:,1747647652064
counter/1/0/0/0,1597:1747647651448:,1747647652065
counter/1/0/0/0,1598:1747647651448:,1747647652065
counter/1/0/0/0,1599:1747647651448:,1747647652065
counter/4/0/0/0,1134:1747647651076:,1747647652065
counter/1/0/0/0,1600:1747647651448:,1747647652066
counter/1/0/0/0,1601:1747647651448:,1747647652066
counter/1/0/0/0,1602:1747647651448:,1747647652066
counter/1/0/0/0,1603:1747647651448:,1747647652066
counter/1/0/0/0,1604:1747647651448:,1747647652066
counter/1/0/0/0,1605:1747647651449:,1747647652066
counter/6/0/0/0,1051:1747647651013:,1747647652066
counter/6/0/0/0,1052:1747647651013:,1747647652066
counter/8/0/0/0,1315:1747647650962:,1747647652066
counter/8/0/0/0,1316:1747647650962:,1747647652066
counter/8/0/0/0,1317:1747647650962:,1747647652067
counter/8/0/0/0,1318:1747647650962:,1747647652067
counter/8/0/0/0,1319:1747647650962:,1747647652067
counter/8/0/0/0,1320:1747647650962:,1747647652067
counter/8/0/0/0,1321:1747647650965:,1747647652067
counter/8/0/0/0,1322:1747647650965:,1747647652067
counter/8/0/0/0,1323:1747647650965:,1747647652067
counter/8/0/0/0,1324:1747647650965:,1747647652067
counter/5/0/0/0,1070:1747647650838:,1747647652067
counter/1/0/0/0,1606:1747647651449:,1747647652067
counter/1/0/0/0,1607:1747647651449:,1747647652067
counter/1/0/0/0,1608:1747647651449:,1747647652067
counter/3/0/0/0,1290:1747647650947:,1747647652067
counter/4/0/0/0,1135:1747647651076:,1747647652067
counter/5/0/0/0,1071:1747647650838:,1747647652067
counter/1/0/0/0,1609:1747647651450:,1747647652067
counter/1/0/0/0,1610:1747647651451:,1747647652067
counter/1/0/0/0,1611:1747647651451:,1747647652067
counter/1/0/0/0,1612:1747647651451:,1747647652067
counter/1/0/0/0,1613:1747647651451:,1747647652067
counter/1/0/0/0,1614:1747647651451:,1747647652068
counter/7/0/0/0,971:1747647650961:,1747647652068
counter/7/0/0/0,972:1747647650961:,1747647652068
counter/7/0/0/0,973:1747647650967:,1747647652068
counter/7/0/0/0,974:1747647650967:,1747647652068
counter/10/0/0/0,1060:1747647651104:,1747647652068
counter/10/0/0/0,1061:1747647651104:,1747647652069
counter/10/0/0/0,1062:1747647651108:,1747647652069
counter/10/0/0/0,1063:1747647651118:,1747647652069
counter/10/0/0/0,1064:1747647651118:,1747647652069
counter/5/0/0/0,1072:1747647650844:,1747647652069
counter/5/0/0/0,1073:1747647650845:,1747647652069
counter/1/0/0/0,1615:1747647651451:,1747647652069
counter/1/0/0/0,1616:1747647651451:,1747647652069
counter/1/0/0/0,1617:1747647651451:,1747647652069
counter/7/0/0/0,975:1747647650967:,1747647652069
counter/7/0/0/0,976:1747647650967:,1747647652069
counter/7/0/0/0,977:1747647650967:,1747647652069
counter/7/0/0/0,978:1747647650967:,1747647652069
counter/7/0/0/0,979:1747647650967:,1747647652069
counter/7/0/0/0,980:1747647650967:,1747647652070
counter/8/0/0/0,1325:1747647650972:,1747647652070
counter/2/0/0/0,1165:1747647650912:,1747647652070
counter/2/0/0/0,1166:1747647650912:,1747647652071
counter/2/0/0/0,1167:1747647650912:,1747647652071
counter/2/0/0/0,1168:1747647650912:,1747647652071
counter/2/0/0/0,1169:1747647650913:,1747647652071
counter/2/0/0/0,1170:1747647650913:,1747647652071
counter/9/0/0/0,1271:1747647651122:,1747647652071
counter/4/0/0/0,1136:1747647651076:,1747647652071
counter/7/0/0/0,981:1747647650967:,1747647652073
counter/5/0/0/0,1074:1747647650845:,1747647652073
counter/6/0/0/0,1053:1747647651013:,1747647652074
counter/9/0/0/0,1272:1747647651122:,1747647652075
counter/1/0/0/0,1618:1747647651451:,1747647652075
counter/7/0/0/0,982:1747647650967:,1747647652075
counter/9/0/0/0,1273:1747647651122:,1747647652075
counter/6/0/0/0,1054:1747647651013:,1747647652078
counter/8/0/0/0,1326:1747647650973:,1747647652078
counter/3/0/0/0,1291:1747647650947:,1747647652078
counter/10/0/0/0,1065:1747647651118:,1747647652078
counter/2/0/0/0,1171:1747647650931:,1747647652078
counter/7/0/0/0,983:1747647650972:,1747647652078
counter/2/0/0/0,1172:1747647650932:,1747647652078
counter/2/0/0/0,1173:1747647650932:,1747647652078
counter/2/0/0/0,1174:1747647650932:,1747647652078
counter/2/0/0/0,1175:1747647650932:,1747647652078
counter/2/0/0/0,1176:1747647650932:,1747647652078
counter/1/0/0/0,1619:1747647651451:,1747647652079
counter/2/0/0/0,1177:1747647650932:,1747647652079
counter/9/0/0/0,1274:1747647651122:,1747647652079
counter/9/0/0/0,1275:1747647651122:,1747647652079
counter/9/0/0/0,1276:1747647651123:,1747647652079
counter/9/0/0/0,1277:1747647651123:,1747647652079
counter/9/0/0/0,1278:1747647651123:,1747647652079
counter/8/0/0/0,1327:1747647650973:,1747647652080
counter/9/0/0/0,1279:1747647651123:,1747647652080
counter/9/0/0/0,1280:1747647651123:,1747647652080
counter/4/0/0/0,1137:1747647651076:,1747647652080
counter/9/0/0/0,1281:1747647651123:,1747647652080
counter/4/0/0/0,1138:1747647651076:,1747647652080
counter/3/0/0/0,1292:1747647650947:,1747647652080
counter/3/0/0/0,1293:1747647650947:,1747647652080
counter/10/0/0/0,1066:1747647651118:,1747647652080
counter/2/0/0/0,1178:1747647650932:,1747647652080
counter/3/0/0/0,1294:1747647650947:,1747647652081
counter/3/0/0/0,1295:1747647650948:,1747647652082
counter/3/0/0/0,1296:1747647650948:,1747647652082
counter/3/0/0/0,1297:1747647650948:,1747647652082
counter/3/0/0/0,1298:1747647650948:,1747647652082
counter/3/0/0/0,1299:1747647650948:,1747647652082
counter/3/0/0/0,1300:1747647650948:,1747647652082
counter/3/0/0/0,1301:1747647650948:,1747647652083
counter/7/0/0/0,984:1747647650972:,1747647652083
counter/7/0/0/0,985:1747647650972:,1747647652083
counter/7/0/0/0,986:1747647650972:,1747647652083
counter/7/0/0/0,987:1747647650972:,1747647652083
counter/1/0/0/0,1620:1747647651458:,1747647652083
counter/7/0/0/0,988:1747647650972:,1747647652083
counter/1/0/0/0,1621:1747647651458:,1747647652083
counter/7/0/0/0,989:1747647650972:,1747647652083
counter/1/0/0/0,1622:1747647651458:,1747647652083
counter/7/0/0/0,990:1747647650972:,1747647652083
counter/1/0/0/0,1623:1747647651458:,1747647652084
counter/1/0/0/0,1624:1747647651458:,1747647652084
counter/1/0/0/0,1625:1747647651458:,1747647652084
counter/1/0/0/0,1626:1747647651458:,1747647652084
counter/1/0/0/0,1627:1747647651458:,1747647652084
counter/1/0/0/0,1628:1747647651458:,1747647652084
counter/1/0/0/0,1629:1747647651458:,1747647652084
counter/3/0/0/0,1302:1747647650948:,1747647652084
counter/3/0/0/0,1303:1747647650948:,1747647652084
counter/10/0/0/0,1067:1747647651118:,1747647652084
counter/7/0/0/0,991:1747647650995:,1747647652084
counter/7/0/0/0,992:1747647650995:,1747647652084
counter/7/0/0/0,993:1747647650995:,1747647652084
counter/7/0/0/0,994:1747647650995:,1747647652084
counter/7/0/0/0,995:1747647650995:,1747647652084
counter/7/0/0/0,996:1747647650995:,1747647652084
counter/7/0/0/0,997:1747647650995:,1747647652084
counter/9/0/0/0,1282:1747647651124:,1747647652084
counter/7/0/0/0,998:1747647650995:,1747647652084
counter/9/0/0/0,1283:1747647651124:,1747647652084
counter/2/0/0/0,1179:1747647650932:,1747647652084
counter/9/0/0/0,1284:1747647651124:,1747647652084
counter/9/0/0/0,1285:1747647651124:,1747647652084
counter/9/0/0/0,1286:1747647651129:,1747647652084
counter/9/0/0/0,1287:1747647651129:,1747647652085
counter/4/0/0/0,1139:1747647651076:,1747647652085
counter/9/0/0/0,1288:1747647651129:,1747647652085
counter/9/0/0/0,1289:1747647651129:,1747647652085
counter/5/0/0/0,1075:1747647650845:,1747647652085
counter/6/0/0/0,1055:1747647651013:,1747647652085
counter/9/0/0/0,1290:1747647651129:,1747647652085
counter/5/0/0/0,1076:1747647650845:,1747647652085
counter/9/0/0/0,1291:1747647651129:,1747647652086
counter/5/0/0/0,1077:1747647650845:,1747647652086
counter/5/0/0/0,1078:1747647650846:,1747647652086
counter/5/0/0/0,1079:1747647650846:,1747647652086
counter/5/0/0/0,1080:1747647650846:,1747647652086
counter/5/0/0/0,1081:1747647650846:,1747647652086
counter/5/0/0/0,1082:1747647650846:,1747647652086
counter/5/0/0/0,1083:1747647650846:,1747647652086
counter/1/0/0/0,1630:1747647651458:,1747647652086
counter/1/0/0/0,1631:1747647651458:,1747647652086
counter/1/0/0/0,1632:1747647651458:,1747647652086
counter/1/0/0/0,1633:1747647651459:,1747647652086
counter/1/0/0/0,1634:1747647651459:,1747647652086
counter/1/0/0/0,1635:1747647651459:,1747647652086
counter/2/0/0/0,1180:1747647650932:,1747647652086
counter/1/0/0/0,1636:1747647651460:,1747647652086
counter/1/0/0/0,1637:1747647651460:,1747647652086
counter/4/0/0/0,1140:1747647651076:,1747647652086
counter/1/0/0/0,1638:1747647651460:,1747647652086
counter/1/0/0/0,1639:1747647651460:,1747647652086
counter/1/0/0/0,1640:1747647651460:,1747647652086
counter/5/0/0/0,1084:1747647650846:,1747647652086
counter/1/0/0/0,1641:1747647651460:,1747647652086
counter/3/0/0/0,1304:1747647650948:,1747647652087
counter/3/0/0/0,1305:1747647650948:,1747647652087
counter/3/0/0/0,1306:1747647650948:,1747647652087
counter/3/0/0/0,1307:1747647650949:,1747647652087
counter/3/0/0/0,1308:1747647650949:,1747647652087
counter/3/0/0/0,1309:1747647650949:,1747647652087
counter/3/0/0/0,1310:1747647650949:,1747647652087
counter/3/0/0/0,1311:1747647650949:,1747647652087
counter/3/0/0/0,1312:1747647650950:,1747647652087
counter/3/0/0/0,1313:1747647650951:,1747647652087
counter/4/0/0/0,1141:1747647651076:,1747647652087
counter/7/0/0/0,999:1747647650996:,1747647652088
counter/7/0/0/0,1000:1747647650997:,1747647652088
counter/7/0/0/0,1001:1747647650997:,1747647652088
counter/7/0/0/0,1002:1747647650997:,1747647652088
counter/7/0/0/0,1003:1747647650997:,1747647652088
counter/5/0/0/0,1085:1747647650846:,1747647652088
counter/5/0/0/0,1086:1747647650847:,1747647652088
counter/8/0/0/0,1328:1747647650973:,1747647652088
counter/6/0/0/0,1056:1747647651013:,1747647652088
counter/8/0/0/0,1329:1747647650973:,1747647652088
counter/7/0/0/0,1004:1747647651002:,1747647652088
counter/7/0/0/0,1005:1747647651002:,1747647652088
counter/7/0/0/0,1006:1747647651002:,1747647652088
counter/7/0/0/0,1007:1747647651002:,1747647652088
counter/7/0/0/0,1008:1747647651003:,1747647652089
counter/7/0/0/0,1009:1747647651003:,1747647652089
counter/5/0/0/0,1087:1747647650855:,1747647652089
counter/8/0/0/0,1330:1747647650973:,1747647652089
counter/5/0/0/0,1088:1747647650855:,1747647652089
counter/5/0/0/0,1089:1747647650855:,1747647652089
counter/5/0/0/0,1090:1747647650855:,1747647652089
counter/5/0/0/0,1091:1747647650855:,1747647652089
counter/5/0/0/0,1092:1747647650855:,1747647652089
counter/5/0/0/0,1093:1747647650855:,1747647652089
counter/5/0/0/0,1094:1747647650855:,1747647652089
counter/5/0/0/0,1095:1747647650855:,1747647652089
counter/4/0/0/0,1142:1747647651076:,1747647652089
counter/4/0/0/0,1143:1747647651076:,1747647652089
counter/4/0/0/0,1144:1747647651076:,1747647652089
counter/4/0/0/0,1145:1747647651076:,1747647652090
counter/4/0/0/0,1146:1747647651076:,1747647652090
counter/4/0/0/0,1147:1747647651076:,1747647652090
counter/10/0/0/0,1068:1747647651118:,1747647652090
counter/7/0/0/0,1010:1747647651003:,1747647652090
counter/10/0/0/0,1069:1747647651118:,1747647652090
counter/3/0/0/0,1314:1747647650951:,1747647652091
counter/3/0/0/0,1315:1747647650951:,1747647652091
counter/3/0/0/0,1316:1747647650951:,1747647652091
counter/3/0/0/0,1317:1747647650951:,1747647652091
counter/4/0/0/0,1148:1747647651076:,1747647652091
counter/9/0/0/0,1292:1747647651129:,1747647652091
counter/5/0/0/0,1096:1747647650855:,1747647652091
counter/4/0/0/0,1149:1747647651076:,1747647652092
counter/4/0/0/0,1150:1747647651076:,1747647652092
counter/4/0/0/0,1151:1747647651076:,1747647652092
counter/4/0/0/0,1152:1747647651076:,1747647652092
counter/4/0/0/0,1153:1747647651076:,1747647652092
counter/4/0/0/0,1154:1747647651076:,1747647652092
counter/7/0/0/0,1011:1747647651003:,1747647652092
counter/4/0/0/0,1155:1747647651076:,1747647652092
counter/4/0/0/0,1156:1747647651076:,1747647652092
counter/3/0/0/0,1318:1747647650951:,1747647652092
counter/4/0/0/0,1157:1747647651076:,1747647652092
counter/10/0/0/0,1070:1747647651126:,1747647652092
counter/5/0/0/0,1097:1747647650855:,1747647652093
counter/8/0/0/0,1331:1747647650973:,1747647652096
counter/8/0/0/0,1332:1747647650973:,1747647652096
counter/8/0/0/0,1333:1747647650973:,1747647652096
counter/8/0/0/0,1334:1747647650973:,1747647652096
counter/8/0/0/0,1335:1747647650973:,1747647652096
counter/8/0/0/0,1336:1747647650973:,1747647652097
counter/8/0/0/0,1337:1747647650973:,1747647652097
counter/8/0/0/0,1338:1747647650973:,1747647652097
counter/8/0/0/0,1339:1747647650973:,1747647652097
counter/8/0/0/0,1340:1747647650973:,1747647652097
counter/8/0/0/0,1341:1747647650973:,1747647652097
counter/8/0/0/0,1342:1747647650973:,1747647652097
counter/8/0/0/0,1343:1747647650973:,1747647652097
counter/8/0/0/0,1344:1747647650973:,1747647652097
counter/8/0/0/0,1345:1747647650973:,1747647652097
counter/3/0/0/0,1319:1747647650951:,1747647652097
counter/6/0/0/0,1057:1747647651013:,1747647652097
counter/6/0/0/0,1058:1747647651013:,1747647652097
counter/6/0/0/0,1059:1747647651013:,1747647652097
counter/6/0/0/0,1060:1747647651013:,1747647652097
counter/6/0/0/0,1061:1747647651013:,1747647652097
counter/1/0/0/0,1642:1747647651460:,1747647652097
counter/10/0/0/0,1071:1747647651126:,1747647652097
counter/4/0/0/0,1158:1747647651076:,1747647652097
counter/5/0/0/0,1098:1747647650855:,1747647652097
counter/7/0/0/0,1012:1747647651003:,1747647652098
counter/9/0/0/0,1293:1747647651129:,1747647652098
counter/9/0/0/0,1294:1747647651129:,1747647652098
counter/1/0/0/0,1643:1747647651460:,1747647652098
counter/1/0/0/0,1644:1747647651460:,1747647652098
counter/10/0/0/0,1072:1747647651126:,1747647652098
counter/8/0/0/0,1346:1747647650973:,1747647652098
counter/10/0/0/0,1073:1747647651126:,1747647652098
counter/10/0/0/0,1074:1747647651126:,1747647652098
counter/10/0/0/0,1075:1747647651126:,1747647652098
counter/9/0/0/0,1295:1747647651129:,1747647652099
counter/1/0/0/0,1645:1747647651460:,1747647652099
counter/4/0/0/0,1159:1747647651082:,1747647652099
counter/6/0/0/0,1062:1747647651013:,1747647652100
counter/6/0/0/0,1063:1747647651013:,1747647652100
counter/6/0/0/0,1064:1747647651013:,1747647652100
counter/6/0/0/0,1065:1747647651013:,1747647652100
counter/6/0/0/0,1066:1747647651013:,1747647652100
counter/7/0/0/0,1013:1747647651008:,1747647652101
counter/7/0/0/0,1014:1747647651008:,1747647652101
counter/7/0/0/0,1015:1747647651008:,1747647652101
counter/7/0/0/0,1016:1747647651008:,1747647652101
counter/7/0/0/0,1017:1747647651009:,1747647652101
counter/7/0/0/0,1018:1747647651009:,1747647652101
counter/7/0/0/0,1019:1747647651009:,1747647652101
counter/7/0/0/0,1020:1747647651009:,1747647652101
counter/7/0/0/0,1021:1747647651009:,1747647652101
counter/9/0/0/0,1296:1747647651129:,1747647652101
counter/4/0/0/0,1160:1747647651083:,1747647652102
counter/2/0/0/0,1181:1747647650932:,1747647652102
counter/10/0/0/0,1076:1747647651126:,1747647652102
counter/6/0/0/0,1067:1747647651013:,1747647652103
counter/6/0/0/0,1068:1747647651013:,1747647652103
counter/6/0/0/0,1069:1747647651013:,1747647652103
counter/6/0/0/0,1070:1747647651013:,1747647652103
counter/6/0/0/0,1071:1747647651013:,1747647652103
counter/9/0/0/0,1297:1747647651129:,1747647652103
counter/5/0/0/0,1099:1747647650855:,1747647652103
counter/3/0/0/0,1320:1747647650951:,1747647652103
counter/5/0/0/0,1100:1747647650855:,1747647652103
counter/8/0/0/0,1347:1747647650973:,1747647652103
counter/2/0/0/0,1182:1747647650932:,1747647652104
counter/10/0/0/0,1077:1747647651127:,1747647652104
counter/10/0/0/0,1078:1747647651127:,1747647652104
counter/10/0/0/0,1079:1747647651127:,1747647652104
counter/10/0/0/0,1080:1747647651127:,1747647652104
counter/10/0/0/0,1081:1747647651127:,1747647652104
counter/10/0/0/0,1082:1747647651127:,1747647652104
counter/10/0/0/0,1083:1747647651127:,1747647652105
counter/10/0/0/0,1084:1747647651127:,1747647652105
counter/10/0/0/0,1085:1747647651128:,1747647652105
counter/10/0/0/0,1086:1747647651128:,1747647652105
counter/10/0/0/0,1087:1747647651128:,1747647652105
counter/10/0/0/0,1088:1747647651128:,1747647652105
counter/10/0/0/0,1089:1747647651128:,1747647652105
counter/10/0/0/0,1090:1747647651128:,1747647652105
counter/5/0/0/0,1101:1747647650855:,1747647652105
counter/8/0/0/0,1348:1747647650973:,1747647652105
counter/8/0/0/0,1349:1747647650973:,1747647652105
counter/8/0/0/0,1350:1747647650973:,1747647652105
counter/8/0/0/0,1351:1747647650973:,1747647652105
counter/8/0/0/0,1352:1747647650973:,1747647652105
counter/8/0/0/0,1353:1747647650973:,1747647652105
counter/8/0/0/0,1354:1747647650973:,1747647652105
counter/10/0/0/0,1091:1747647651128:,1747647652105
counter/5/0/0/0,1102:1747647650855:,1747647652106
counter/8/0/0/0,1355:1747647650973:,1747647652106
counter/5/0/0/0,1103:1747647650855:,1747647652106
counter/8/0/0/0,1356:1747647650973:,1747647652106
counter/5/0/0/0,1104:1747647650855:,1747647652107
counter/5/0/0/0,1105:1747647650855:,1747647652107
counter/5/0/0/0,1106:1747647650855:,1747647652107
counter/5/0/0/0,1107:1747647650871:,1747647652107
counter/5/0/0/0,1108:1747647650871:,1747647652107
counter/5/0/0/0,1109:1747647650871:,1747647652107
counter/5/0/0/0,1110:1747647650871:,1747647652107
counter/5/0/0/0,1111:1747647650871:,1747647652107
counter/5/0/0/0,1112:1747647650871:,1747647652107
counter/5/0/0/0,1113:1747647650871:,1747647652107
counter/5/0/0/0,1114:1747647650871:,1747647652107
counter/5/0/0/0,1115:1747647650871:,1747647652107
counter/5/0/0/0,1116:1747647650871:,1747647652107
counter/3/0/0/0,1321:1747647650951:,1747647652107
counter/9/0/0/0,1298:1747647651129:,1747647652107
counter/9/0/0/0,1299:1747647651129:,1747647652107
counter/10/0/0/0,1092:1747647651128:,1747647652107
counter/10/0/0/0,1093:1747647651135:,1747647652108
counter/10/0/0/0,1094:1747647651135:,1747647652108
counter/1/0/0/0,1646:1747647651460:,1747647652108
counter/1/0/0/0,1647:1747647651460:,1747647652108
counter/1/0/0/0,1648:1747647651460:,1747647652108
counter/1/0/0/0,1649:1747647651460:,1747647652108
counter/1/0/0/0,1650:1747647651460:,1747647652108
counter/7/0/0/0,1022:1747647651009:,1747647652108
counter/7/0/0/0,1023:1747647651009:,1747647652108
counter/7/0/0/0,1024:1747647651009:,1747647652108
counter/5/0/0/0,1117:1747647650871:,1747647652108
counter/5/0/0/0,1118:1747647650871:,1747647652108
counter/3/0/0/0,1322:1747647650951:,1747647652108
counter/7/0/0/0,1025:1747647651012:,1747647652108
counter/7/0/0/0,1026:1747647651015:,1747647652108
counter/7/0/0/0,1027:1747647651015:,1747647652108
counter/7/0/0/0,1028:1747647651015:,1747647652108
counter/7/0/0/0,1029:1747647651015:,1747647652109
counter/8/0/0/0,1357:1747647650973:,1747647652109
counter/10/0/0/0,1095:1747647651135:,1747647652109
counter/1/0/0/0,1651:1747647651460:,1747647652109
counter/10/0/0/0,1096:1747647651135:,1747647652109
counter/8/0/0/0,1358:1747647650973:,1747647652109
counter/8/0/0/0,1359:1747647650973:,1747647652109
counter/8/0/0/0,1360:1747647650973:,1747647652109
counter/4/0/0/0,1161:1747647651083:,1747647652110
counter/4/0/0/0,1162:1747647651083:,1747647652110
counter/4/0/0/0,1163:1747647651083:,1747647652110
counter/4/0/0/0,1164:1747647651083:,1747647652110
counter/4/0/0/0,1165:1747647651083:,1747647652110
counter/4/0/0/0,1166:1747647651083:,1747647652110
counter/4/0/0/0,1167:1747647651083:,1747647652110
counter/4/0/0/0,1168:1747647651083:,1747647652111
counter/4/0/0/0,1169:1747647651083:,1747647652111
counter/1/0/0/0,1652:1747647651460:,1747647652111
counter/6/0/0/0,1072:1747647651013:,1747647652111
counter/8/0/0/0,1361:1747647650973:,1747647652111
counter/8/0/0/0,1362:1747647650995:,1747647652111
counter/8/0/0/0,1363:1747647650995:,1747647652111
counter/8/0/0/0,1364:1747647650995:,1747647652111
counter/9/0/0/0,1300:1747647651129:,1747647652111
counter/9/0/0/0,1301:1747647651129:,1747647652111
counter/9/0/0/0,1302:1747647651129:,1747647652111
counter/9/0/0/0,1303:1747647651129:,1747647652111
counter/9/0/0/0,1304:1747647651129:,1747647652111
counter/9/0/0/0,1305:1747647651129:,1747647652111
counter/9/0/0/0,1306:1747647651129:,1747647652112
counter/9/0/0/0,1307:1747647651129:,1747647652112
counter/3/0/0/0,1323:1747647650951:,1747647652112
counter/1/0/0/0,1653:1747647651460:,1747647652112
counter/6/0/0/0,1073:1747647651013:,1747647652112
counter/5/0/0/0,1119:1747647650871:,1747647652112
counter/1/0/0/0,1654:1747647651465:,1747647652112
counter/6/0/0/0,1074:1747647651013:,1747647652112
counter/1/0/0/0,1655:1747647651465:,1747647652112
counter/6/0/0/0,1075:1747647651014:,1747647652112
counter/1/0/0/0,1656:1747647651465:,1747647652112
counter/1/0/0/0,1657:1747647651465:,1747647652112
counter/1/0/0/0,1658:1747647651465:,1747647652112
counter/1/0/0/0,1659:1747647651465:,1747647652112
counter/1/0/0/0,1660:1747647651465:,1747647652112
counter/1/0/0/0,1661:1747647651465:,1747647652112
counter/6/0/0/0,1076:1747647651014:,1747647652112
counter/2/0/0/0,1183:1747647650932:,1747647652112
counter/2/0/0/0,1184:1747647650932:,1747647652112
counter/9/0/0/0,1308:1747647651129:,1747647652113
counter/3/0/0/0,1324:1747647650958:,1747647652113
counter/3/0/0/0,1325:1747647650958:,1747647652113
counter/3/0/0/0,1326:1747647650958:,1747647652113
counter/8/0/0/0,1365:1747647650998:,1747647652113
counter/8/0/0/0,1366:1747647650998:,1747647652113
counter/8/0/0/0,1367:1747647650998:,1747647652113
counter/8/0/0/0,1368:1747647650998:,1747647652113
counter/8/0/0/0,1369:1747647650998:,1747647652113
counter/8/0/0/0,1370:1747647650998:,1747647652113
counter/8/0/0/0,1371:1747647650998:,1747647652113
counter/5/0/0/0,1120:1747647650871:,1747647652114
counter/7/0/0/0,1030:1747647651015:,1747647652114
counter/5/0/0/0,1121:1747647650871:,1747647652114
counter/6/0/0/0,1077:1747647651014:,1747647652114
counter/6/0/0/0,1078:1747647651014:,1747647652114
counter/6/0/0/0,1079:1747647651014:,1747647652114
counter/6/0/0/0,1080:1747647651020:,1747647652114
counter/10/0/0/0,1097:1747647651135:,1747647652116
counter/9/0/0/0,1309:1747647651129:,1747647652116
counter/4/0/0/0,1170:1747647651083:,1747647652117
counter/2/0/0/0,1185:1747647650932:,1747647652117
counter/6/0/0/0,1081:1747647651020:,1747647652117
counter/6/0/0/0,1082:1747647651020:,1747647652117
counter/6/0/0/0,1083:1747647651020:,1747647652117
counter/6/0/0/0,1084:1747647651020:,1747647652117
counter/6/0/0/0,1085:1747647651020:,1747647652117
counter/6/0/0/0,1086:1747647651036:,1747647652117
counter/6/0/0/0,1087:1747647651036:,1747647652117
counter/6/0/0/0,1088:1747647651036:,1747647652117
counter/10/0/0/0,1098:1747647651135:,1747647652117
counter/6/0/0/0,1089:1747647651036:,1747647652117
counter/6/0/0/0,1090:1747647651036:,1747647652117
counter/9/0/0/0,1310:1747647651129:,1747647652118
counter/4/0/0/0,1171:1747647651083:,1747647652118
counter/2/0/0/0,1186:1747647650932:,1747647652118
counter/2/0/0/0,1187:1747647650941:,1747647652118
counter/2/0/0/0,1188:1747647650941:,1747647652118
counter/2/0/0/0,1189:1747647650941:,1747647652118
counter/10/0/0/0,1099:1747647651135:,1747647652118
counter/4/0/0/0,1172:1747647651083:,1747647652118
counter/2/0/0/0,1190:1747647650941:,1747647652118
counter/2/0/0/0,1191:1747647650941:,1747647652118
counter/2/0/0/0,1192:1747647650941:,1747647652118
counter/2/0/0/0,1193:1747647650942:,1747647652118
counter/2/0/0/0,1194:1747647650942:,1747647652118
counter/8/0/0/0,1372:1747647650998:,1747647652119
counter/3/0/0/0,1327:1747647650958:,1747647652119
counter/8/0/0/0,1373:1747647650998:,1747647652119
counter/8/0/0/0,1374:1747647650998:,1747647652119
counter/8/0/0/0,1375:1747647650998:,1747647652119
counter/8/0/0/0,1376:1747647650998:,1747647652119
counter/8/0/0/0,1377:1747647650998:,1747647652119
counter/5/0/0/0,1122:1747647650871:,1747647652120
counter/1/0/0/0,1662:1747647651465:,1747647652120
counter/5/0/0/0,1123:1747647650871:,1747647652120
counter/5/0/0/0,1124:1747647650872:,1747647652120
counter/5/0/0/0,1125:1747647650872:,1747647652120
counter/5/0/0/0,1126:1747647650872:,1747647652120
counter/5/0/0/0,1127:1747647650890:,1747647652120
counter/5/0/0/0,1128:1747647650890:,1747647652120
counter/5/0/0/0,1129:1747647650890:,1747647652120
counter/5/0/0/0,1130:1747647650890:,1747647652120
counter/5/0/0/0,1131:1747647650890:,1747647652120
counter/5/0/0/0,1132:1747647650890:,1747647652120
counter/10/0/0/0,1100:1747647651135:,1747647652121
counter/6/0/0/0,1091:1747647651036:,1747647652121
counter/10/0/0/0,1101:1747647651135:,1747647652121
counter/2/0/0/0,1195:1747647650942:,1747647652121
counter/6/0/0/0,1092:1747647651036:,1747647652121
counter/2/0/0/0,1196:1747647650942:,1747647652121
counter/8/0/0/0,1378:1747647650998:,1747647652121
counter/2/0/0/0,1197:1747647650942:,1747647652121
counter/8/0/0/0,1379:1747647650998:,1747647652121
counter/8/0/0/0,1380:1747647650998:,1747647652121
counter/8/0/0/0,1381:1747647650998:,1747647652121
counter/2/0/0/0,1198:1747647650942:,1747647652122
counter/8/0/0/0,1382:1747647650998:,1747647652122
counter/8/0/0/0,1383:1747647650999:,1747647652122
counter/8/0/0/0,1384:1747647650999:,1747647652122
counter/8/0/0/0,1385:1747647650999:,1747647652122
counter/8/0/0/0,1386:1747647650999:,1747647652122
counter/8/0/0/0,1387:1747647650999:,1747647652122
counter/8/0/0/0,1388:1747647650999:,1747647652122
counter/8/0/0/0,1389:1747647650999:,1747647652122
counter/8/0/0/0,1390:1747647650999:,1747647652122
counter/8/0/0/0,1391:1747647650999:,1747647652122
counter/6/0/0/0,1093:1747647651036:,1747647652122
counter/1/0/0/0,1663:1747647651465:,1747647652122
counter/10/0/0/0,1102:1747647651135:,1747647652122
counter/9/0/0/0,1311:1747647651133:,1747647652122
counter/7/0/0/0,1031:1747647651015:,1747647652123
counter/7/0/0/0,1032:1747647651015:,1747647652123
counter/9/0/0/0,1312:1747647651133:,1747647652124
counter/7/0/0/0,1033:1747647651015:,1747647652124
counter/9/0/0/0,1313:1747647651133:,1747647652124
counter/3/0/0/0,1328:1747647650958:,1747647652124
counter/4/0/0/0,1173:1747647651083:,1747647652124
counter/5/0/0/0,1133:1747647650890:,1747647652124
counter/5/0/0/0,1134:1747647650890:,1747647652124
counter/5/0/0/0,1135:1747647650890:,1747647652124
counter/5/0/0/0,1136:1747647650890:,1747647652124
counter/8/0/0/0,1392:1747647650999:,1747647652124
counter/4/0/0/0,1174:1747647651083:,1747647652127
counter/9/0/0/0,1314:1747647651133:,1747647652127
counter/9/0/0/0,1315:1747647651133:,1747647652127
counter/4/0/0/0,1175:1747647651083:,1747647652127
counter/5/0/0/0,1137:1747647650890:,1747647652127
counter/1/0/0/0,1664:1747647651465:,1747647652127
counter/5/0/0/0,1138:1747647650890:,1747647652127
counter/6/0/0/0,1094:1747647651040:,1747647652129
counter/9/0/0/0,1316:1747647651133:,1747647652129
counter/1/0/0/0,1665:1747647651465:,1747647652129
counter/1/0/0/0,1666:1747647651465:,1747647652129
counter/1/0/0/0,1667:1747647651465:,1747647652130
counter/1/0/0/0,1668:1747647651465:,1747647652130
counter/1/0/0/0,1669:1747647651465:,1747647652130
counter/9/0/0/0,1317:1747647651133:,1747647652130
counter/9/0/0/0,1318:1747647651133:,1747647652130
counter/9/0/0/0,1319:1747647651133:,1747647652130
counter/9/0/0/0,1320:1747647651133:,1747647652130
counter/7/0/0/0,1034:1747647651015:,1747647652130
counter/5/0/0/0,1139:1747647650890:,1747647652131
counter/5/0/0/0,1140:1747647650890:,1747647652131
counter/5/0/0/0,1141:1747647650890:,1747647652132
counter/5/0/0/0,1142:1747647650890:,1747647652132
counter/2/0/0/0,1199:1747647650942:,1747647652132
counter/5/0/0/0,1143:1747647650890:,1747647652132
counter/2/0/0/0,1200:1747647650942:,1747647652132
counter/5/0/0/0,1144:1747647650890:,1747647652132
counter/2/0/0/0,1201:1747647650942:,1747647652132
counter/5/0/0/0,1145:1747647650890:,1747647652132
counter/2/0/0/0,1202:1747647650942:,1747647652132
counter/5/0/0/0,1146:1747647650890:,1747647652132
counter/5/0/0/0,1147:1747647650890:,1747647652132
counter/5/0/0/0,1148:1747647650891:,1747647652132
counter/5/0/0/0,1149:1747647650891:,1747647652132
counter/2/0/0/0,1203:1747647650955:,1747647652135
counter/5/0/0/0,1150:1747647650891:,1747647652136
counter/8/0/0/0,1393:1747647650999:,1747647652137
counter/8/0/0/0,1394:1747647650999:,1747647652137
counter/8/0/0/0,1395:1747647650999:,1747647652137
counter/8/0/0/0,1396:1747647650999:,1747647652137
counter/8/0/0/0,1397:1747647650999:,1747647652137
counter/3/0/0/0,1329:1747647650959:,1747647652137
counter/3/0/0/0,1330:1747647650959:,1747647652137
counter/3/0/0/0,1331:1747647650959:,1747647652137
counter/3/0/0/0,1332:1747647650959:,1747647652137
counter/3/0/0/0,1333:1747647650959:,1747647652137
counter/3/0/0/0,1334:1747647650959:,1747647652137
counter/3/0/0/0,1335:1747647650959:,1747647652137
counter/9/0/0/0,1321:1747647651133:,1747647652138
counter/3/0/0/0,1336:1747647650959:,1747647652138
counter/5/0/0/0,1151:1747647650891:,1747647652138
counter/7/0/0/0,1035:1747647651017:,1747647652138
counter/7/0/0/0,1036:1747647651017:,1747647652138
counter/7/0/0/0,1037:1747647651017:,1747647652138
counter/7/0/0/0,1038:1747647651017:,1747647652138
counter/7/0/0/0,1039:1747647651017:,1747647652138
counter/7/0/0/0,1040:1747647651017:,1747647652138
counter/7/0/0/0,1041:1747647651018:,1747647652138
counter/2/0/0/0,1204:1747647650955:,1747647652138
counter/2/0/0/0,1205:1747647650955:,1747647652138
counter/2/0/0/0,1206:1747647650955:,1747647652138
counter/2/0/0/0,1207:1747647650956:,1747647652138
counter/2/0/0/0,1208:1747647650956:,1747647652138
counter/2/0/0/0,1209:1747647650956:,1747647652139
counter/2/0/0/0,1210:1747647650956:,1747647652139
counter/2/0/0/0,1211:1747647650956:,1747647652139
counter/8/0/0/0,1398:1747647650999:,1747647652142
counter/1/0/0/0,1670:1747647651465:,1747647652142
counter/9/0/0/0,1322:1747647651133:,1747647652142
counter/5/0/0/0,1152:1747647650891:,1747647652142
counter/5/0/0/0,1153:1747647650891:,1747647652142
counter/1/0/0/0,1671:1747647651465:,1747647652143
counter/9/0/0/0,1323:1747647651133:,1747647652143
counter/1/0/0/0,1672:1747647651465:,1747647652143
counter/9/0/0/0,1324:1747647651133:,1747647652143
counter/5/0/0/0,1154:1747647650891:,1747647652144
counter/5/0/0/0,1155:1747647650891:,1747647652144
counter/5/0/0/0,1156:1747647650891:,1747647652144
counter/5/0/0/0,1157:1747647650891:,1747647652144
counter/5/0/0/0,1158:1747647650891:,1747647652144
counter/5/0/0/0,1159:1747647650891:,1747647652144
counter/9/0/0/0,1325:1747647651133:,1747647652144
counter/4/0/0/0,1176:1747647651083:,1747647652144
counter/2/0/0/0,1212:1747647650956:,1747647652144
counter/2/0/0/0,1213:1747647650956:,1747647652144
counter/2/0/0/0,1214:1747647650956:,1747647652144
counter/2/0/0/0,1215:1747647650956:,1747647652144
counter/2/0/0/0,1216:1747647650956:,1747647652144
counter/2/0/0/0,1217:1747647650956:,1747647652144
counter/2/0/0/0,1218:1747647650956:,1747647652145
counter/2/0/0/0,1219:1747647650956:,1747647652145
counter/2/0/0/0,1220:1747647650959:,1747647652145
counter/2/0/0/0,1221:1747647650959:,1747647652145
counter/2/0/0/0,1222:1747647650960:,1747647652145
counter/2/0/0/0,1223:1747647650960:,1747647652145
counter/5/0/0/0,1160:1747647650891:,1747647652145
counter/5/0/0/0,1161:1747647650891:,1747647652145
counter/5/0/0/0,1162:1747647650891:,1747647652145
counter/8/0/0/0,1399:1747647650999:,1747647652146
counter/10/0/0/0,1103:1747647651135:,1747647652146
counter/2/0/0/0,1224:1747647650962:,1747647652147
counter/7/0/0/0,1042:1747647651018:,1747647652148
counter/8/0/0/0,1400:1747647651000:,1747647652148
counter/3/0/0/0,1337:1747647650960:,1747647652148
counter/8/0/0/0,1401:1747647651000:,1747647652148
counter/6/0/0/0,1095:1747647651040:,1747647652148
counter/4/0/0/0,1177:1747647651083:,1747647652148
counter/4/0/0/0,1178:1747647651097:,1747647652148
counter/4/0/0/0,1179:1747647651097:,1747647652148
counter/4/0/0/0,1180:1747647651097:,1747647652148
counter/10/0/0/0,1104:1747647651135:,1747647652148
counter/5/0/0/0,1163:1747647650891:,1747647652148
counter/5/0/0/0,1164:1747647650891:,1747647652148
counter/1/0/0/0,1673:1747647651465:,1747647652148
counter/9/0/0/0,1326:1747647651133:,1747647652149
counter/2/0/0/0,1225:1747647650962:,1747647652149
counter/2/0/0/0,1226:1747647650962:,1747647652149
counter/2/0/0/0,1227:1747647650962:,1747647652149
counter/2/0/0/0,1228:1747647650962:,1747647652149
counter/2/0/0/0,1229:1747647650962:,1747647652149
counter/2/0/0/0,1230:1747647650962:,1747647652149
counter/2/0/0/0,1231:1747647650962:,1747647652149
counter/2/0/0/0,1232:1747647650964:,1747647652149
counter/2/0/0/0,1233:1747647650964:,1747647652149
counter/2/0/0/0,1234:1747647650964:,1747647652149
counter/8/0/0/0,1402:1747647651000:,1747647652150
counter/8/0/0/0,1403:1747647651000:,1747647652150
counter/8/0/0/0,1404:1747647651000:,1747647652150
counter/8/0/0/0,1405:1747647651001:,1747647652150
counter/8/0/0/0,1406:1747647651001:,1747647652150
counter/8/0/0/0,1407:1747647651001:,1747647652150
counter/8/0/0/0,1408:1747647651001:,1747647652150
counter/8/0/0/0,1409:1747647651001:,1747647652150
counter/8/0/0/0,1410:1747647651001:,1747647652150
counter/9/0/0/0,1327:1747647651134:,1747647652150
counter/2/0/0/0,1235:1747647650964:,1747647652150
counter/5/0/0/0,1165:1747647650891:,1747647652151
counter/5/0/0/0,1166:1747647650891:,1747647652151
counter/9/0/0/0,1328:1747647651134:,1747647652151
counter/2/0/0/0,1236:1747647650964:,1747647652151
counter/2/0/0/0,1237:1747647650964:,1747647652151
counter/9/0/0/0,1329:1747647651134:,1747647652152
counter/9/0/0/0,1330:1747647651134:,1747647652152
counter/9/0/0/0,1331:1747647651134:,1747647652152
counter/9/0/0/0,1332:1747647651134:,1747647652152
counter/9/0/0/0,1333:1747647651134:,1747647652152
counter/9/0/0/0,1334:1747647651134:,1747647652152
counter/9/0/0/0,1335:1747647651134:,1747647652152
counter/9/0/0/0,1336:1747647651134:,1747647652152
counter/9/0/0/0,1337:1747647651134:,1747647652152
counter/9/0/0/0,1338:1747647651134:,1747647652152
counter/9/0/0/0,1339:1747647651134:,1747647652152
counter/5/0/0/0,1167:1747647650891:,1747647652153
counter/5/0/0/0,1168:1747647650891:,1747647652153
counter/5/0/0/0,1169:1747647650891:,1747647652153
counter/5/0/0/0,1170:1747647650891:,1747647652153
counter/5/0/0/0,1171:1747647650891:,1747647652153
counter/5/0/0/0,1172:1747647650891:,1747647652153
counter/5/0/0/0,1173:1747647650891:,1747647652153
counter/5/0/0/0,1174:1747647650891:,1747647652153
counter/5/0/0/0,1175:1747647650892:,1747647652153
counter/4/0/0/0,1181:1747647651097:,1747647652154
counter/2/0/0/0,1238:1747647650966:,1747647652154
counter/2/0/0/0,1239:1747647650966:,1747647652154
counter/2/0/0/0,1240:1747647650966:,1747647652154
counter/5/0/0/0,1176:1747647650892:,1747647652154
counter/6/0/0/0,1096:1747647651041:,1747647652154
counter/8/0/0/0,1411:1747647651001:,1747647652154
counter/9/0/0/0,1340:1747647651134:,1747647652155
counter/9/0/0/0,1341:1747647651134:,1747647652155
counter/4/0/0/0,1182:1747647651097:,1747647652155
counter/1/0/0/0,1674:1747647651465:,1747647652155
counter/1/0/0/0,1675:1747647651465:,1747647652155
counter/4/0/0/0,1183:1747647651097:,1747647652156
counter/2/0/0/0,1241:1747647650966:,1747647652156
counter/4/0/0/0,1184:1747647651097:,1747647652156
counter/4/0/0/0,1185:1747647651097:,1747647652156
counter/4/0/0/0,1186:1747647651097:,1747647652156
counter/4/0/0/0,1187:1747647651097:,1747647652156
counter/4/0/0/0,1188:1747647651101:,1747647652156
counter/4/0/0/0,1189:1747647651101:,1747647652156
counter/4/0/0/0,1190:1747647651101:,1747647652156
counter/4/0/0/0,1191:1747647651101:,1747647652156
counter/4/0/0/0,1192:1747647651101:,1747647652156
counter/6/0/0/0,1097:1747647651041:,1747647652156
counter/9/0/0/0,1342:1747647651134:,1747647652156
counter/7/0/0/0,1043:1747647651019:,1747647652156
counter/9/0/0/0,1343:1747647651145:,1747647652157
counter/9/0/0/0,1344:1747647651145:,1747647652157
counter/1/0/0/0,1676:1747647651465:,1747647652157
counter/4/0/0/0,1193:1747647651101:,1747647652158
counter/1/0/0/0,1677:1747647651465:,1747647652158
counter/1/0/0/0,1678:1747647651467:,1747647652159
counter/1/0/0/0,1679:1747647651467:,1747647652159
counter/8/0/0/0,1412:1747647651001:,1747647652159
counter/2/0/0/0,1242:1747647650967:,1747647652159
counter/8/0/0/0,1413:1747647651010:,1747647652159
counter/8/0/0/0,1414:1747647651010:,1747647652159
counter/8/0/0/0,1415:1747647651010:,1747647652159
counter/8/0/0/0,1416:1747647651015:,1747647652159
counter/8/0/0/0,1417:1747647651015:,1747647652159
counter/8/0/0/0,1418:1747647651015:,1747647652159
counter/2/0/0/0,1243:1747647650967:,1747647652161
counter/4/0/0/0,1194:1747647651104:,1747647652161
counter/4/0/0/0,1195:1747647651104:,1747647652161
counter/4/0/0/0,1196:1747647651104:,1747647652161
counter/4/0/0/0,1197:1747647651104:,1747647652161
counter/1/0/0/0,1680:1747647651468:,1747647652162
counter/3/0/0/0,1338:1747647650960:,1747647652162
counter/1/0/0/0,1681:1747647651470:,1747647652162
counter/10/0/0/0,1105:1747647651135:,1747647652162
counter/4/0/0/0,1198:1747647651104:,1747647652162
counter/10/0/0/0,1106:1747647651135:,1747647652163
counter/9/0/0/0,1345:1747647651145:,1747647652163
counter/6/0/0/0,1098:1747647651041:,1747647652163
counter/9/0/0/0,1346:1747647651145:,1747647652163
counter/9/0/0/0,1347:1747647651145:,1747647652163
counter/3/0/0/0,1339:1747647650960:,1747647652163
counter/5/0/0/0,1177:1747647650892:,1747647652163
counter/10/0/0/0,1107:1747647651137:,1747647652163
counter/6/0/0/0,1099:1747647651041:,1747647652163
counter/2/0/0/0,1244:1747647650967:,1747647652164
counter/2/0/0/0,1245:1747647650967:,1747647652164
counter/2/0/0/0,1246:1747647650967:,1747647652167
counter/2/0/0/0,1247:1747647650967:,1747647652167
counter/2/0/0/0,1248:1747647650973:,1747647652167
counter/7/0/0/0,1044:1747647651019:,1747647652167
counter/4/0/0/0,1199:1747647651105:,1747647652167
counter/7/0/0/0,1045:1747647651019:,1747647652167
counter/7/0/0/0,1046:1747647651019:,1747647652167
counter/7/0/0/0,1047:1747647651019:,1747647652167
counter/7/0/0/0,1048:1747647651019:,1747647652167
counter/7/0/0/0,1049:1747647651019:,1747647652167
counter/3/0/0/0,1340:1747647650960:,1747647652167
counter/2/0/0/0,1249:1747647650973:,1747647652169
counter/2/0/0/0,1250:1747647650974:,1747647652169
counter/2/0/0/0,1251:1747647650974:,1747647652169
counter/10/0/0/0,1108:1747647651137:,1747647652169
counter/2/0/0/0,1252:1747647650994:,1747647652170
counter/2/0/0/0,1253:1747647650994:,1747647652170
counter/2/0/0/0,1254:1747647650994:,1747647652170
counter/10/0/0/0,1109:1747647651137:,1747647652170
counter/2/0/0/0,1255:1747647650994:,1747647652170
counter/2/0/0/0,1256:1747647650994:,1747647652170
counter/2/0/0/0,1257:1747647650994:,1747647652170
counter/2/0/0/0,1258:1747647650994:,1747647652170
counter/2/0/0/0,1259:1747647650997:,1747647652170
counter/7/0/0/0,1050:1747647651019:,1747647652170
counter/3/0/0/0,1341:1747647650960:,1747647652170
counter/7/0/0/0,1051:1747647651019:,1747647652170
counter/3/0/0/0,1342:1747647650961:,1747647652170
counter/1/0/0/0,1682:1747647651470:,1747647652170
counter/2/0/0/0,1260:1747647650997:,1747647652171
counter/6/0/0/0,1100:1747647651042:,1747647652171
counter/1/0/0/0,1683:1747647651470:,1747647652171
counter/1/0/0/0,1684:1747647651470:,1747647652171
counter/9/0/0/0,1348:1747647651145:,1747647652171
counter/9/0/0/0,1349:1747647651148:,1747647652171
counter/9/0/0/0,1350:1747647651149:,1747647652171
counter/9/0/0/0,1351:1747647651149:,1747647652171
counter/7/0/0/0,1052:1747647651019:,1747647652172
counter/4/0/0/0,1200:1747647651105:,1747647652172
counter/3/0/0/0,1343:1747647650961:,1747647652173
counter/3/0/0/0,1344:1747647650961:,1747647652173
counter/3/0/0/0,1345:1747647650961:,1747647652173
counter/3/0/0/0,1346:1747647650966:,1747647652173
counter/8/0/0/0,1419:1747647651015:,1747647652173
counter/8/0/0/0,1420:1747647651015:,1747647652174
counter/8/0/0/0,1421:1747647651015:,1747647652174
counter/8/0/0/0,1422:1747647651015:,1747647652174
counter/3/0/0/0,1347:1747647650999:,1747647652175
counter/2/0/0/0,1261:1747647650997:,1747647652175
counter/2/0/0/0,1262:1747647650998:,1747647652175
counter/2/0/0/0,1263:1747647650998:,1747647652175
counter/2/0/0/0,1264:1747647650998:,1747647652175
counter/2/0/0/0,1265:1747647650998:,1747647652176
counter/2/0/0/0,1266:1747647650998:,1747647652176
counter/2/0/0/0,1267:1747647651002:,1747647652176
counter/2/0/0/0,1268:1747647651002:,1747647652176
counter/2/0/0/0,1269:1747647651002:,1747647652176
counter/2/0/0/0,1270:1747647651002:,1747647652176
counter/2/0/0/0,1271:1747647651002:,1747647652176
counter/2/0/0/0,1272:1747647651002:,1747647652176
counter/2/0/0/0,1273:1747647651002:,1747647652176
counter/2/0/0/0,1274:1747647651002:,1747647652176
counter/5/0/0/0,1178:1747647650892:,1747647652177
counter/4/0/0/0,1201:1747647651105:,1747647652177
counter/1/0/0/0,1685:1747647651470:,1747647652178
counter/10/0/0/0,1110:1747647651137:,1747647652178
counter/1/0/0/0,1686:1747647651471:,1747647652178
counter/1/0/0/0,1687:1747647651471:,1747647652178
counter/1/0/0/0,1688:1747647651471:,1747647652178
counter/1/0/0/0,1689:1747647651471:,1747647652178
counter/1/0/0/0,1690:1747647651471:,1747647652179
counter/3/0/0/0,1348:1747647651000:,1747647652179
counter/8/0/0/0,1423:1747647651016:,1747647652179
counter/8/0/0/0,1424:1747647651016:,1747647652179
counter/8/0/0/0,1425:1747647651016:,1747647652180
counter/8/0/0/0,1426:1747647651016:,1747647652180
counter/8/0/0/0,1427:1747647651016:,1747647652180
counter/8/0/0/0,1428:1747647651016:,1747647652180
counter/8/0/0/0,1429:1747647651016:,1747647652180
counter/8/0/0/0,1430:1747647651018:,1747647652180
counter/8/0/0/0,1431:1747647651018:,1747647652180
counter/1/0/0/0,1691:1747647651471:,1747647652180
counter/3/0/0/0,1349:1747647651000:,1747647652180
counter/1/0/0/0,1692:1747647651471:,1747647652180
counter/3/0/0/0,1350:1747647651000:,1747647652180
counter/9/0/0/0,1352:1747647651149:,1747647652180
counter/9/0/0/0,1353:1747647651155:,1747647652180
counter/9/0/0/0,1354:1747647651162:,1747647652180
counter/9/0/0/0,1355:1747647651162:,1747647652180
counter/10/0/0/0,1111:1747647651137:,1747647652180
counter/10/0/0/0,1112:1747647651137:,1747647652180
counter/7/0/0/0,1053:1747647651023:,1747647652180
counter/7/0/0/0,1054:1747647651023:,1747647652181
counter/5/0/0/0,1179:1747647650892:,1747647652181
counter/8/0/0/0,1432:1747647651018:,1747647652181
counter/5/0/0/0,1180:1747647650893:,1747647652181
counter/3/0/0/0,1351:1747647651001:,1747647652181
counter/4/0/0/0,1202:1747647651105:,1747647652181
counter/3/0/0/0,1352:1747647651001:,1747647652181
counter/10/0/0/0,1113:1747647651137:,1747647652181
counter/4/0/0/0,1203:1747647651105:,1747647652183
counter/4/0/0/0,1204:1747647651105:,1747647652183
counter/4/0/0/0,1205:1747647651105:,1747647652183
counter/4/0/0/0,1206:1747647651105:,1747647652183
counter/4/0/0/0,1207:1747647651105:,1747647652183
counter/10/0/0/0,1114:1747647651137:,1747647652183
counter/3/0/0/0,1353:1747647651001:,1747647652184
counter/8/0/0/0,1433:1747647651018:,1747647652184
counter/4/0/0/0,1208:1747647651105:,1747647652184
counter/9/0/0/0,1356:1747647651162:,1747647652185
counter/9/0/0/0,1357:1747647651162:,1747647652185
counter/9/0/0/0,1358:1747647651162:,1747647652186
counter/9/0/0/0,1359:1747647651162:,1747647652186
counter/9/0/0/0,1360:1747647651162:,1747647652186
counter/9/0/0/0,1361:1747647651162:,1747647652186
counter/3/0/0/0,1354:1747647651001:,1747647652186
counter/4/0/0/0,1209:1747647651106:,1747647652187
counter/3/0/0/0,1355:1747647651001:,1747647652187
counter/3/0/0/0,1356:1747647651001:,1747647652187
counter/3/0/0/0,1357:1747647651007:,1747647652187
counter/3/0/0/0,1358:1747647651007:,1747647652187
counter/6/0/0/0,1101:1747647651042:,1747647652187
counter/4/0/0/0,1210:1747647651106:,1747647652189
counter/2/0/0/0,1275:1747647651002:,1747647652189
counter/2/0/0/0,1276:1747647651002:,1747647652189
counter/2/0/0/0,1277:1747647651002:,1747647652189
counter/2/0/0/0,1278:1747647651002:,1747647652189
counter/2/0/0/0,1279:1747647651002:,1747647652189
counter/7/0/0/0,1055:1747647651023:,1747647652189
counter/2/0/0/0,1280:1747647651002:,1747647652189
counter/2/0/0/0,1281:1747647651002:,1747647652189
counter/1/0/0/0,1693:1747647651481:,1747647652190
counter/5/0/0/0,1181:1747647650893:,1747647652191
counter/10/0/0/0,1115:1747647651137:,1747647652191
counter/4/0/0/0,1211:1747647651106:,1747647652191
counter/3/0/0/0,1359:1747647651008:,1747647652192
counter/7/0/0/0,1056:1747647651023:,1747647652193
counter/7/0/0/0,1057:1747647651023:,1747647652193
counter/7/0/0/0,1058:1747647651023:,1747647652193
counter/7/0/0/0,1059:1747647651023:,1747647652193
counter/7/0/0/0,1060:1747647651024:,1747647652193
counter/7/0/0/0,1061:1747647651024:,1747647652193
counter/4/0/0/0,1212:1747647651106:,1747647652193
counter/4/0/0/0,1213:1747647651106:,1747647652193
counter/4/0/0/0,1214:1747647651106:,1747647652193
counter/4/0/0/0,1215:1747647651106:,1747647652193
counter/4/0/0/0,1216:1747647651106:,1747647652193
counter/4/0/0/0,1217:1747647651107:,1747647652193
counter/4/0/0/0,1218:1747647651107:,1747647652193
counter/4/0/0/0,1219:1747647651107:,1747647652193
counter/4/0/0/0,1220:1747647651107:,1747647652193
counter/4/0/0/0,1221:1747647651107:,1747647652193
counter/4/0/0/0,1222:1747647651107:,1747647652194
counter/4/0/0/0,1223:1747647651107:,1747647652194
counter/4/0/0/0,1224:1747647651108:,1747647652194
counter/8/0/0/0,1434:1747647651018:,1747647652194
counter/2/0/0/0,1282:1747647651002:,1747647652194
counter/2/0/0/0,1283:1747647651002:,1747647652194
counter/2/0/0/0,1284:1747647651002:,1747647652194
counter/2/0/0/0,1285:1747647651002:,1747647652194
counter/2/0/0/0,1286:1747647651002:,1747647652194
counter/2/0/0/0,1287:1747647651004:,1747647652194
counter/8/0/0/0,1435:1747647651018:,1747647652195
counter/10/0/0/0,1116:1747647651137:,1747647652195
counter/1/0/0/0,1694:1747647651481:,1747647652196
counter/1/0/0/0,1695:1747647651481:,1747647652196
counter/8/0/0/0,1436:1747647651018:,1747647652196
counter/4/0/0/0,1225:1747647651108:,1747647652196
counter/3/0/0/0,1360:1747647651008:,1747647652197
counter/10/0/0/0,1117:1747647651137:,1747647652197
counter/10/0/0/0,1118:1747647651137:,1747647652197
counter/10/0/0/0,1119:1747647651137:,1747647652197
counter/10/0/0/0,1120:1747647651138:,1747647652197
counter/1/0/0/0,1696:1747647651481:,1747647652197
counter/2/0/0/0,1288:1747647651004:,1747647652197
counter/2/0/0/0,1289:1747647651004:,1747647652197
counter/6/0/0/0,1102:1747647651042:,1747647652197
counter/2/0/0/0,1290:1747647651004:,1747647652197
counter/2/0/0/0,1291:1747647651004:,1747647652197
counter/5/0/0/0,1182:1747647650899:,1747647652198
counter/8/0/0/0,1437:1747647651018:,1747647652199
counter/8/0/0/0,1438:1747647651018:,1747647652199
counter/9/0/0/0,1362:1747647651162:,1747647652199
counter/7/0/0/0,1062:1747647651024:,1747647652199
counter/10/0/0/0,1121:1747647651138:,1747647652199
counter/6/0/0/0,1103:1747647651042:,1747647652199
counter/6/0/0/0,1104:1747647651042:,1747647652199
counter/6/0/0/0,1105:1747647651042:,1747647652199
counter/6/0/0/0,1106:1747647651042:,1747647652200
counter/6/0/0/0,1107:1747647651042:,1747647652200
counter/6/0/0/0,1108:1747647651042:,1747647652200
counter/6/0/0/0,1109:1747647651042:,1747647652200
counter/6/0/0/0,1110:1747647651042:,1747647652200
counter/6/0/0/0,1111:1747647651042:,1747647652200
counter/10/0/0/0,1122:1747647651138:,1747647652200
counter/10/0/0/0,1123:1747647651138:,1747647652200
counter/10/0/0/0,1124:1747647651138:,1747647652200
counter/10/0/0/0,1125:1747647651138:,1747647652200
counter/10/0/0/0,1126:1747647651138:,1747647652200
counter/10/0/0/0,1127:1747647651138:,1747647652200
counter/10/0/0/0,1128:1747647651142:,1747647652200
counter/10/0/0/0,1129:1747647651142:,1747647652200
counter/10/0/0/0,1130:1747647651142:,1747647652200
counter/10/0/0/0,1131:1747647651142:,1747647652200
counter/10/0/0/0,1132:1747647651142:,1747647652200
counter/10/0/0/0,1133:1747647651142:,1747647652200
counter/3/0/0/0,1361:1747647651008:,1747647652200
counter/10/0/0/0,1134:1747647651142:,1747647652200
counter/3/0/0/0,1362:1747647651008:,1747647652200
counter/3/0/0/0,1363:1747647651012:,1747647652200
counter/3/0/0/0,1364:1747647651012:,1747647652201
counter/3/0/0/0,1365:1747647651012:,1747647652201
counter/1/0/0/0,1697:1747647651481:,1747647652201
counter/2/0/0/0,1292:1747647651004:,1747647652201
counter/2/0/0/0,1293:1747647651004:,1747647652201
counter/2/0/0/0,1294:1747647651007:,1747647652201
counter/8/0/0/0,1439:1747647651018:,1747647652201
counter/2/0/0/0,1295:1747647651007:,1747647652201
counter/7/0/0/0,1063:1747647651024:,1747647652201
counter/4/0/0/0,1226:1747647651108:,1747647652202
counter/5/0/0/0,1183:1747647650901:,1747647652202
counter/8/0/0/0,1440:1747647651018:,1747647652202
counter/5/0/0/0,1184:1747647650901:,1747647652202
counter/5/0/0/0,1185:1747647650901:,1747647652202
counter/6/0/0/0,1112:1747647651042:,1747647652202
counter/6/0/0/0,1113:1747647651042:,1747647652202
counter/6/0/0/0,1114:1747647651042:,1747647652202
counter/6/0/0/0,1115:1747647651043:,1747647652202
counter/6/0/0/0,1116:1747647651043:,1747647652202
counter/6/0/0/0,1117:1747647651043:,1747647652202
counter/6/0/0/0,1118:1747647651043:,1747647652202
counter/6/0/0/0,1119:1747647651043:,1747647652202
counter/6/0/0/0,1120:1747647651043:,1747647652202
counter/6/0/0/0,1121:1747647651043:,1747647652202
counter/3/0/0/0,1366:1747647651012:,1747647652203
counter/3/0/0/0,1367:1747647651012:,1747647652203
counter/3/0/0/0,1368:1747647651012:,1747647652203
counter/1/0/0/0,1698:1747647651481:,1747647652203
counter/4/0/0/0,1227:1747647651108:,1747647652203
counter/10/0/0/0,1135:1747647651142:,1747647652203
counter/10/0/0/0,1136:1747647651142:,1747647652204
counter/9/0/0/0,1363:1747647651162:,1747647652204
counter/1/0/0/0,1699:1747647651481:,1747647652205
counter/10/0/0/0,1137:1747647651142:,1747647652205
counter/9/0/0/0,1364:1747647651162:,1747647652205
counter/9/0/0/0,1365:1747647651162:,1747647652205
counter/9/0/0/0,1366:1747647651162:,1747647652205
counter/9/0/0/0,1367:1747647651162:,1747647652205
counter/8/0/0/0,1441:1747647651020:,1747647652206
counter/5/0/0/0,1186:1747647650901:,1747647652206
counter/8/0/0/0,1442:1747647651020:,1747647652206
counter/8/0/0/0,1443:1747647651020:,1747647652206
counter/10/0/0/0,1138:1747647651142:,1747647652206
counter/10/0/0/0,1139:1747647651142:,1747647652206
counter/4/0/0/0,1228:1747647651108:,1747647652206
counter/7/0/0/0,1064:1747647651024:,1747647652206
counter/4/0/0/0,1229:1747647651108:,1747647652206
counter/6/0/0/0,1122:1747647651043:,1747647652206
counter/3/0/0/0,1369:1747647651012:,1747647652206
counter/3/0/0/0,1370:1747647651012:,1747647652206
counter/3/0/0/0,1371:1747647651012:,1747647652206
counter/8/0/0/0,1444:1747647651026:,1747647652206
counter/8/0/0/0,1445:1747647651026:,1747647652206
counter/10/0/0/0,1140:1747647651143:,1747647652206
counter/4/0/0/0,1230:1747647651108:,1747647652207
counter/4/0/0/0,1231:1747647651108:,1747647652207
counter/4/0/0/0,1232:1747647651108:,1747647652207
counter/2/0/0/0,1296:1747647651007:,1747647652207
counter/2/0/0/0,1297:1747647651007:,1747647652207
counter/2/0/0/0,1298:1747647651007:,1747647652207
counter/2/0/0/0,1299:1747647651007:,1747647652207
counter/2/0/0/0,1300:1747647651007:,1747647652207
counter/2/0/0/0,1301:1747647651007:,1747647652207
counter/2/0/0/0,1302:1747647651007:,1747647652207
counter/2/0/0/0,1303:1747647651007:,1747647652207
counter/2/0/0/0,1304:1747647651007:,1747647652207
counter/2/0/0/0,1305:1747647651020:,1747647652207
counter/2/0/0/0,1306:1747647651020:,1747647652207
counter/8/0/0/0,1446:1747647651026:,1747647652207
counter/10/0/0/0,1141:1747647651143:,1747647652207
counter/8/0/0/0,1447:1747647651026:,1747647652208
counter/8/0/0/0,1448:1747647651026:,1747647652208
counter/9/0/0/0,1368:1747647651162:,1747647652208
counter/9/0/0/0,1369:1747647651163:,1747647652208
counter/9/0/0/0,1370:1747647651163:,1747647652208
counter/9/0/0/0,1371:1747647651163:,1747647652208
counter/9/0/0/0,1372:1747647651163:,1747647652208
counter/9/0/0/0,1373:1747647651163:,1747647652208
counter/3/0/0/0,1372:1747647651012:,1747647652208
counter/10/0/0/0,1142:1747647651143:,1747647652208
counter/1/0/0/0,1700:1747647651481:,1747647652209
counter/10/0/0/0,1143:1747647651143:,1747647652209
counter/1/0/0/0,1701:1747647651481:,1747647652209
counter/1/0/0/0,1702:1747647651481:,1747647652209
counter/3/0/0/0,1373:1747647651012:,1747647652209
counter/7/0/0/0,1065:1747647651024:,1747647652209
counter/10/0/0/0,1144:1747647651143:,1747647652210
counter/10/0/0/0,1145:1747647651143:,1747647652210
counter/10/0/0/0,1146:1747647651143:,1747647652210
counter/10/0/0/0,1147:1747647651143:,1747647652210
counter/7/0/0/0,1066:1747647651024:,1747647652210
counter/7/0/0/0,1067:1747647651024:,1747647652210
counter/7/0/0/0,1068:1747647651024:,1747647652210
counter/8/0/0/0,1449:1747647651027:,1747647652210
counter/3/0/0/0,1374:1747647651012:,1747647652211
counter/7/0/0/0,1069:1747647651034:,1747647652211
counter/7/0/0/0,1070:1747647651036:,1747647652211
counter/4/0/0/0,1233:1747647651108:,1747647652211
counter/8/0/0/0,1450:1747647651027:,1747647652211
counter/8/0/0/0,1451:1747647651030:,1747647652212
counter/8/0/0/0,1452:1747647651030:,1747647652212
counter/8/0/0/0,1453:1747647651030:,1747647652212
counter/9/0/0/0,1374:1747647651163:,1747647652212
counter/4/0/0/0,1234:1747647651114:,1747647652212
counter/4/0/0/0,1235:1747647651114:,1747647652212
counter/4/0/0/0,1236:1747647651114:,1747647652212
counter/5/0/0/0,1187:1747647650901:,1747647652212
counter/5/0/0/0,1188:1747647650901:,1747647652213
counter/5/0/0/0,1189:1747647650901:,1747647652213
counter/5/0/0/0,1190:1747647650901:,1747647652213
counter/6/0/0/0,1123:1747647651043:,1747647652213
counter/1/0/0/0,1703:1747647651481:,1747647652214
counter/9/0/0/0,1375:1747647651163:,1747647652214
counter/1/0/0/0,1704:1747647651481:,1747647652214
counter/1/0/0/0,1705:1747647651481:,1747647652214
counter/1/0/0/0,1706:1747647651481:,1747647652214
counter/4/0/0/0,1237:1747647651114:,1747647652216
counter/4/0/0/0,1238:1747647651114:,1747647652216
counter/4/0/0/0,1239:1747647651114:,1747647652216
counter/4/0/0/0,1240:1747647651114:,1747647652216
counter/4/0/0/0,1241:1747647651114:,1747647652216
counter/4/0/0/0,1242:1747647651114:,1747647652216
counter/4/0/0/0,1243:1747647651114:,1747647652216
counter/4/0/0/0,1244:1747647651114:,1747647652216
counter/6/0/0/0,1124:1747647651043:,1747647652216
counter/4/0/0/0,1245:1747647651114:,1747647652217
counter/6/0/0/0,1125:1747647651043:,1747647652217
counter/10/0/0/0,1148:1747647651143:,1747647652217
counter/10/0/0/0,1149:1747647651143:,1747647652217
counter/6/0/0/0,1126:1747647651043:,1747647652217
counter/10/0/0/0,1150:1747647651143:,1747647652217
counter/10/0/0/0,1151:1747647651151:,1747647652217
counter/10/0/0/0,1152:1747647651151:,1747647652217
counter/10/0/0/0,1153:1747647651151:,1747647652217
counter/6/0/0/0,1127:1747647651043:,1747647652218
counter/7/0/0/0,1071:1747647651038:,1747647652218
counter/4/0/0/0,1246:1747647651114:,1747647652218
counter/6/0/0/0,1128:1747647651043:,1747647652218
counter/6/0/0/0,1129:1747647651043:,1747647652218
counter/6/0/0/0,1130:1747647651043:,1747647652218
counter/6/0/0/0,1131:1747647651043:,1747647652219
counter/6/0/0/0,1132:1747647651043:,1747647652219
counter/6/0/0/0,1133:1747647651043:,1747647652219
counter/6/0/0/0,1134:1747647651043:,1747647652219
counter/6/0/0/0,1135:1747647651043:,1747647652219
counter/6/0/0/0,1136:1747647651043:,1747647652219
counter/6/0/0/0,1137:1747647651043:,1747647652219
counter/3/0/0/0,1375:1747647651020:,1747647652219
counter/2/0/0/0,1307:1747647651020:,1747647652219
counter/3/0/0/0,1376:1747647651021:,1747647652219
counter/3/0/0/0,1377:1747647651021:,1747647652219
counter/5/0/0/0,1191:1747647650901:,1747647652220
counter/5/0/0/0,1192:1747647650901:,1747647652220
counter/5/0/0/0,1193:1747647650901:,1747647652220
counter/5/0/0/0,1194:1747647650901:,1747647652220
counter/5/0/0/0,1195:1747647650901:,1747647652220
counter/5/0/0/0,1196:1747647650901:,1747647652220
counter/5/0/0/0,1197:1747647650901:,1747647652220
counter/5/0/0/0,1198:1747647650901:,1747647652220
counter/9/0/0/0,1376:1747647651164:,1747647652220
counter/10/0/0/0,1154:1747647651151:,1747647652220
counter/10/0/0/0,1155:1747647651151:,1747647652220
counter/7/0/0/0,1072:1747647651038:,1747647652220
counter/4/0/0/0,1247:1747647651114:,1747647652220
counter/4/0/0/0,1248:1747647651114:,1747647652220
counter/4/0/0/0,1249:1747647651114:,1747647652220
counter/4/0/0/0,1250:1747647651114:,1747647652221
counter/4/0/0/0,1251:1747647651128:,1747647652221
counter/4/0/0/0,1252:1747647651128:,1747647652221
counter/4/0/0/0,1253:1747647651129:,1747647652221
counter/4/0/0/0,1254:1747647651129:,1747647652221
counter/1/0/0/0,1707:1747647651481:,1747647652221
counter/10/0/0/0,1156:1747647651151:,1747647652221
counter/1/0/0/0,1708:1747647651481:,1747647652221
counter/6/0/0/0,1138:1747647651043:,1747647652221
counter/5/0/0/0,1199:1747647650901:,1747647652221
counter/6/0/0/0,1139:1747647651043:,1747647652221
counter/6/0/0/0,1140:1747647651043:,1747647652221
counter/4/0/0/0,1255:1747647651130:,1747647652221
counter/10/0/0/0,1157:1747647651151:,1747647652221
counter/4/0/0/0,1256:1747647651130:,1747647652221
counter/4/0/0/0,1257:1747647651130:,1747647652221
counter/4/0/0/0,1258:1747647651130:,1747647652221
counter/4/0/0/0,1259:1747647651130:,1747647652222
counter/4/0/0/0,1260:1747647651139:,1747647652222
counter/4/0/0/0,1261:1747647651139:,1747647652222
counter/4/0/0/0,1262:1747647651139:,1747647652222
counter/5/0/0/0,1200:1747647650901:,1747647652222
counter/6/0/0/0,1141:1747647651043:,1747647652222
counter/4/0/0/0,1263:1747647651139:,1747647652222
counter/1/0/0/0,1709:1747647651481:,1747647652222
counter/5/0/0/0,1201:1747647650903:,1747647652223
counter/8/0/0/0,1454:1747647651030:,1747647652223
counter/10/0/0/0,1158:1747647651151:,1747647652223
counter/7/0/0/0,1073:1747647651040:,1747647652223
counter/7/0/0/0,1074:1747647651042:,1747647652223
counter/7/0/0/0,1075:1747647651046:,1747647652223
counter/7/0/0/0,1076:1747647651046:,1747647652224
counter/7/0/0/0,1077:1747647651046:,1747647652224
counter/4/0/0/0,1264:1747647651139:,1747647652224
counter/5/0/0/0,1202:1747647650903:,1747647652224
counter/4/0/0/0,1265:1747647651139:,1747647652224
counter/4/0/0/0,1266:1747647651139:,1747647652224
counter/1/0/0/0,1710:1747647651481:,1747647652224
counter/1/0/0/0,1711:1747647651481:,1747647652224
counter/1/0/0/0,1712:1747647651481:,1747647652224
counter/1/0/0/0,1713:1747647651481:,1747647652225
counter/1/0/0/0,1714:1747647651481:,1747647652225
counter/3/0/0/0,1378:1747647651021:,1747647652225
counter/7/0/0/0,1078:1747647651046:,1747647652225
counter/7/0/0/0,1079:1747647651050:,1747647652225
counter/7/0/0/0,1080:1747647651052:,1747647652225
counter/7/0/0/0,1081:1747647651052:,1747647652225
counter/7/0/0/0,1082:1747647651052:,1747647652225
counter/7/0/0/0,1083:1747647651052:,1747647652225
counter/7/0/0/0,1084:1747647651052:,1747647652225
counter/1/0/0/0,1715:1747647651481:,1747647652226
counter/2/0/0/0,1308:1747647651020:,1747647652226
counter/3/0/0/0,1379:1747647651021:,1747647652226
counter/7/0/0/0,1085:1747647651052:,1747647652227
counter/7/0/0/0,1086:1747647651052:,1747647652228
counter/8/0/0/0,1455:1747647651030:,1747647652228
counter/8/0/0/0,1456:1747647651035:,1747647652228
counter/8/0/0/0,1457:1747647651035:,1747647652228
counter/8/0/0/0,1458:1747647651035:,1747647652228
counter/8/0/0/0,1459:1747647651035:,1747647652228
counter/4/0/0/0,1267:1747647651139:,1747647652228
counter/1/0/0/0,1716:1747647651481:,1747647652228
counter/3/0/0/0,1380:1747647651021:,1747647652228
counter/3/0/0/0,1381:1747647651021:,1747647652228
counter/3/0/0/0,1382:1747647651021:,1747647652228
counter/3/0/0/0,1383:1747647651025:,1747647652228
counter/3/0/0/0,1384:1747647651025:,1747647652228
counter/3/0/0/0,1385:1747647651025:,1747647652228
counter/3/0/0/0,1386:1747647651025:,1747647652228
counter/3/0/0/0,1387:1747647651025:,1747647652228
counter/3/0/0/0,1388:1747647651027:,1747647652228
counter/3/0/0/0,1389:1747647651027:,1747647652228
counter/2/0/0/0,1309:1747647651020:,1747647652229
counter/2/0/0/0,1310:1747647651020:,1747647652229
counter/2/0/0/0,1311:1747647651020:,1747647652229
counter/7/0/0/0,1087:1747647651052:,1747647652229
counter/10/0/0/0,1159:1747647651152:,1747647652229
counter/8/0/0/0,1460:1747647651035:,1747647652229
counter/8/0/0/0,1461:1747647651035:,1747647652229
counter/5/0/0/0,1203:1747647650903:,1747647652229
counter/1/0/0/0,1717:1747647651481:,1747647652229
counter/1/0/0/0,1718:1747647651482:,1747647652229
counter/1/0/0/0,1719:1747647651482:,1747647652229
counter/1/0/0/0,1720:1747647651482:,1747647652229
counter/3/0/0/0,1390:1747647651027:,1747647652229
counter/4/0/0/0,1268:1747647651139:,1747647652230
counter/4/0/0/0,1269:1747647651139:,1747647652233
counter/8/0/0/0,1462:1747647651035:,1747647652233
counter/8/0/0/0,1463:1747647651035:,1747647652233
counter/8/0/0/0,1464:1747647651035:,1747647652233
counter/8/0/0/0,1465:1747647651035:,1747647652233
counter/8/0/0/0,1466:1747647651035:,1747647652233
counter/8/0/0/0,1467:1747647651035:,1747647652234
counter/8/0/0/0,1468:1747647651035:,1747647652234
counter/8/0/0/0,1469:1747647651035:,1747647652234
counter/8/0/0/0,1470:1747647651035:,1747647652234
counter/8/0/0/0,1471:1747647651035:,1747647652234
counter/8/0/0/0,1472:1747647651054:,1747647652234
counter/8/0/0/0,1473:1747647651054:,1747647652234
counter/3/0/0/0,1391:1747647651027:,1747647652234
counter/1/0/0/0,1721:1747647651482:,1747647652234
counter/3/0/0/0,1392:1747647651027:,1747647652235
counter/1/0/0/0,1722:1747647651482:,1747647652236
counter/9/0/0/0,1377:1747647651164:,1747647652236
counter/6/0/0/0,1142:1747647651043:,1747647652236
counter/6/0/0/0,1143:1747647651044:,1747647652236
counter/6/0/0/0,1144:1747647651044:,1747647652236
counter/6/0/0/0,1145:1747647651044:,1747647652236
counter/6/0/0/0,1146:1747647651044:,1747647652236
counter/6/0/0/0,1147:1747647651044:,1747647652236
counter/2/0/0/0,1312:1747647651020:,1747647652236
counter/2/0/0/0,1313:1747647651027:,1747647652236
counter/2/0/0/0,1314:1747647651027:,1747647652237
counter/2/0/0/0,1315:1747647651027:,1747647652237
counter/1/0/0/0,1723:1747647651482:,1747647652237
counter/10/0/0/0,1160:1747647651152:,1747647652241
counter/10/0/0/0,1161:1747647651152:,1747647652241
counter/5/0/0/0,1204:1747647650903:,1747647652241
counter/10/0/0/0,1162:1747647651152:,1747647652241
counter/10/0/0/0,1163:1747647651152:,1747647652241
counter/3/0/0/0,1393:1747647651027:,1747647652242
counter/3/0/0/0,1394:1747647651027:,1747647652242
counter/6/0/0/0,1148:1747647651044:,1747647652242
counter/6/0/0/0,1149:1747647651044:,1747647652242
counter/8/0/0/0,1474:1747647651054:,1747647652242
counter/4/0/0/0,1270:1747647651139:,1747647652242
counter/8/0/0/0,1475:1747647651054:,1747647652243
counter/9/0/0/0,1378:1747647651164:,1747647652244
counter/4/0/0/0,1271:1747647651139:,1747647652244
counter/10/0/0/0,1164:1747647651152:,1747647652244
counter/4/0/0/0,1272:1747647651139:,1747647652244
counter/1/0/0/0,1724:1747647651482:,1747647652244
counter/3/0/0/0,1395:1747647651027:,1747647652245
counter/3/0/0/0,1396:1747647651027:,1747647652245
counter/8/0/0/0,1476:1747647651054:,1747647652245
counter/8/0/0/0,1477:1747647651054:,1747647652245
counter/8/0/0/0,1478:1747647651054:,1747647652245
counter/8/0/0/0,1479:1747647651064:,1747647652245
counter/8/0/0/0,1480:1747647651064:,1747647652246
counter/8/0/0/0,1481:1747647651064:,1747647652246
counter/8/0/0/0,1482:1747647651064:,1747647652246
counter/8/0/0/0,1483:1747647651064:,1747647652246
counter/10/0/0/0,1165:1747647651154:,1747647652246
counter/10/0/0/0,1166:1747647651156:,1747647652246
counter/10/0/0/0,1167:1747647651156:,1747647652246
counter/10/0/0/0,1168:1747647651156:,1747647652246
counter/10/0/0/0,1169:1747647651156:,1747647652246
counter/10/0/0/0,1170:1747647651156:,1747647652246
counter/10/0/0/0,1171:1747647651156:,1747647652246
counter/10/0/0/0,1172:1747647651156:,1747647652246
counter/10/0/0/0,1173:1747647651156:,1747647652246
counter/1/0/0/0,1725:1747647651482:,1747647652246
counter/6/0/0/0,1150:1747647651044:,1747647652246
counter/6/0/0/0,1151:1747647651044:,1747647652246
counter/9/0/0/0,1379:1747647651164:,1747647652246
counter/3/0/0/0,1397:1747647651027:,1747647652246
counter/1/0/0/0,1726:1747647651482:,1747647652247
counter/1/0/0/0,1727:1747647651482:,1747647652247
counter/1/0/0/0,1728:1747647651482:,1747647652247
counter/7/0/0/0,1088:1747647651052:,1747647652247
counter/8/0/0/0,1484:1747647651064:,1747647652248
counter/8/0/0/0,1485:1747647651064:,1747647652248
counter/8/0/0/0,1486:1747647651064:,1747647652248
counter/3/0/0/0,1398:1747647651027:,1747647652248
counter/8/0/0/0,1487:1747647651064:,1747647652248
counter/3/0/0/0,1399:1747647651027:,1747647652248
counter/3/0/0/0,1400:1747647651027:,1747647652248
counter/3/0/0/0,1401:1747647651027:,1747647652248
counter/3/0/0/0,1402:1747647651027:,1747647652248
counter/3/0/0/0,1403:1747647651027:,1747647652249
counter/3/0/0/0,1404:1747647651028:,1747647652249
counter/3/0/0/0,1405:1747647651028:,1747647652249
counter/3/0/0/0,1406:1747647651028:,1747647652249
counter/3/0/0/0,1407:1747647651028:,1747647652249
counter/10/0/0/0,1174:1747647651156:,1747647652249
counter/3/0/0/0,1408:1747647651028:,1747647652249
counter/3/0/0/0,1409:1747647651028:,1747647652249
counter/3/0/0/0,1410:1747647651028:,1747647652249
counter/10/0/0/0,1175:1747647651157:,1747647652249
counter/10/0/0/0,1176:1747647651157:,1747647652249
counter/10/0/0/0,1177:1747647651157:,1747647652249
counter/10/0/0/0,1178:1747647651157:,1747647652249
counter/10/0/0/0,1179:1747647651158:,1747647652249
counter/10/0/0/0,1180:1747647651158:,1747647652249
counter/10/0/0/0,1181:1747647651158:,1747647652249
counter/10/0/0/0,1182:1747647651158:,1747647652249
counter/4/0/0/0,1273:1747647651140:,1747647652250
counter/4/0/0/0,1274:1747647651140:,1747647652250
counter/7/0/0/0,1089:1747647651053:,1747647652250
counter/7/0/0/0,1090:1747647651053:,1747647652250
counter/7/0/0/0,1091:1747647651053:,1747647652250
counter/8/0/0/0,1488:1747647651064:,1747647652251
counter/5/0/0/0,1205:1747647650903:,1747647652251
counter/9/0/0/0,1380:1747647651164:,1747647652252
counter/2/0/0/0,1316:1747647651027:,1747647652252
counter/7/0/0/0,1092:1747647651053:,1747647652252
counter/7/0/0/0,1093:1747647651053:,1747647652252
counter/7/0/0/0,1094:1747647651053:,1747647652252
counter/7/0/0/0,1095:1747647651058:,1747647652252
counter/7/0/0/0,1096:1747647651059:,1747647652252
counter/7/0/0/0,1097:1747647651059:,1747647652252
counter/7/0/0/0,1098:1747647651061:,1747647652252
counter/10/0/0/0,1183:1747647651158:,1747647652252
counter/10/0/0/0,1184:1747647651158:,1747647652252
counter/10/0/0/0,1185:1747647651158:,1747647652252
counter/5/0/0/0,1206:1747647650903:,1747647652252
counter/10/0/0/0,1186:1747647651158:,1747647652253
counter/10/0/0/0,1187:1747647651158:,1747647652253
counter/10/0/0/0,1188:1747647651158:,1747647652253
counter/10/0/0/0,1189:1747647651158:,1747647652253
counter/9/0/0/0,1381:1747647651164:,1747647652253
counter/10/0/0/0,1190:1747647651161:,1747647652253
counter/9/0/0/0,1382:1747647651164:,1747647652253
counter/10/0/0/0,1191:1747647651161:,1747647652253
counter/9/0/0/0,1383:1747647651164:,1747647652253
counter/9/0/0/0,1384:1747647651165:,1747647652253
counter/9/0/0/0,1385:1747647651165:,1747647652253
counter/9/0/0/0,1386:1747647651165:,1747647652253
counter/9/0/0/0,1387:1747647651166:,1747647652253
counter/9/0/0/0,1388:1747647651166:,1747647652253
counter/9/0/0/0,1389:1747647651166:,1747647652253
counter/9/0/0/0,1390:1747647651166:,1747647652253
counter/9/0/0/0,1391:1747647651166:,1747647652253
counter/9/0/0/0,1392:1747647651166:,1747647652254
counter/9/0/0/0,1393:1747647651166:,1747647652254
counter/9/0/0/0,1394:1747647651170:,1747647652254
counter/9/0/0/0,1395:1747647651171:,1747647652254
counter/9/0/0/0,1396:1747647651171:,1747647652254
counter/9/0/0/0,1397:1747647651171:,1747647652254
counter/9/0/0/0,1398:1747647651171:,1747647652254
counter/9/0/0/0,1399:1747647651171:,1747647652254
counter/9/0/0/0,1400:1747647651171:,1747647652254
counter/9/0/0/0,1401:1747647651171:,1747647652254
counter/9/0/0/0,1402:1747647651171:,1747647652254
counter/8/0/0/0,1489:1747647651064:,1747647652254
counter/10/0/0/0,1192:1747647651161:,1747647652254
counter/10/0/0/0,1193:1747647651161:,1747647652254
counter/10/0/0/0,1194:1747647651161:,1747647652255
counter/10/0/0/0,1195:1747647651162:,1747647652255
counter/7/0/0/0,1099:1747647651062:,1747647652255
counter/7/0/0/0,1100:1747647651062:,1747647652255
counter/7/0/0/0,1101:1747647651062:,1747647652255
counter/7/0/0/0,1102:1747647651062:,1747647652255
counter/7/0/0/0,1103:1747647651062:,1747647652255
counter/7/0/0/0,1104:1747647651063:,1747647652255
counter/7/0/0/0,1105:1747647651063:,1747647652255
counter/7/0/0/0,1106:1747647651067:,1747647652255
counter/4/0/0/0,1275:1747647651140:,1747647652255
counter/3/0/0/0,1411:1747647651028:,1747647652255
counter/8/0/0/0,1490:1747647651064:,1747647652255
counter/4/0/0/0,1276:1747647651140:,1747647652256
counter/6/0/0/0,1152:1747647651044:,1747647652256
counter/4/0/0/0,1277:1747647651140:,1747647652256
counter/4/0/0/0,1278:1747647651140:,1747647652256
counter/4/0/0/0,1279:1747647651140:,1747647652256
counter/4/0/0/0,1280:1747647651140:,1747647652256
counter/4/0/0/0,1281:1747647651140:,1747647652256
counter/8/0/0/0,1491:1747647651064:,1747647652256
counter/8/0/0/0,1492:1747647651064:,1747647652256
counter/8/0/0/0,1493:1747647651064:,1747647652257
counter/8/0/0/0,1494:1747647651064:,1747647652257
counter/8/0/0/0,1495:1747647651068:,1747647652257
counter/8/0/0/0,1496:1747647651068:,1747647652257
counter/8/0/0/0,1497:1747647651068:,1747647652257
counter/8/0/0/0,1498:1747647651068:,1747647652257
counter/8/0/0/0,1499:1747647651068:,1747647652257
counter/8/0/0/0,1500:1747647651068:,1747647652257
counter/8/0/0/0,1501:1747647651071:,1747647652257
counter/8/0/0/0,1502:1747647651071:,1747647652257
counter/8/0/0/0,1503:1747647651071:,1747647652257
counter/8/0/0/0,1504:1747647651071:,1747647652257
counter/8/0/0/0,1505:1747647651071:,1747647652257
counter/8/0/0/0,1506:1747647651072:,1747647652257
counter/8/0/0/0,1507:1747647651072:,1747647652257
counter/8/0/0/0,1508:1747647651072:,1747647652257
counter/8/0/0/0,1509:1747647651072:,1747647652257
counter/8/0/0/0,1510:1747647651072:,1747647652257
counter/8/0/0/0,1511:1747647651072:,1747647652257
counter/8/0/0/0,1512:1747647651072:,1747647652257
counter/8/0/0/0,1513:1747647651080:,1747647652257
counter/8/0/0/0,1514:1747647651080:,1747647652258
counter/9/0/0/0,1403:1747647651171:,1747647652258
counter/3/0/0/0,1412:1747647651028:,1747647652259
counter/3/0/0/0,1413:1747647651028:,1747647652260
counter/3/0/0/0,1414:1747647651028:,1747647652260
counter/3/0/0/0,1415:1747647651028:,1747647652260
counter/9/0/0/0,1404:1747647651171:,1747647652260
counter/10/0/0/0,1196:1747647651162:,1747647652260
counter/10/0/0/0,1197:1747647651162:,1747647652260
counter/10/0/0/0,1198:1747647651162:,1747647652260
counter/10/0/0/0,1199:1747647651162:,1747647652260
counter/10/0/0/0,1200:1747647651162:,1747647652260
counter/10/0/0/0,1201:1747647651162:,1747647652260
counter/10/0/0/0,1202:1747647651162:,1747647652260
counter/10/0/0/0,1203:1747647651162:,1747647652260
counter/10/0/0/0,1204:1747647651176:,1747647652260
counter/10/0/0/0,1205:1747647651176:,1747647652260
counter/10/0/0/0,1206:1747647651176:,1747647652260
counter/9/0/0/0,1405:1747647651171:,1747647652261
counter/3/0/0/0,1416:1747647651028:,1747647652263
counter/10/0/0/0,1207:1747647651176:,1747647652264
counter/10/0/0/0,1208:1747647651176:,1747647652264
counter/9/0/0/0,1406:1747647651171:,1747647652264
counter/7/0/0/0,1107:1747647651067:,1747647652264
counter/5/0/0/0,1207:1747647650903:,1747647652264
counter/6/0/0/0,1153:1747647651044:,1747647652264
counter/8/0/0/0,1515:1747647651080:,1747647652264
counter/1/0/0/0,1729:1747647651482:,1747647652266
counter/1/0/0/0,1730:1747647651482:,1747647652266
counter/7/0/0/0,1108:1747647651067:,1747647652266
counter/6/0/0/0,1154:1747647651044:,1747647652266
counter/8/0/0/0,1516:1747647651080:,1747647652266
counter/8/0/0/0,1517:1747647651080:,1747647652272
counter/3/0/0/0,1417:1747647651028:,1747647652273
counter/8/0/0/0,1518:1747647651080:,1747647652273
counter/3/0/0/0,1418:1747647651028:,1747647652273
counter/3/0/0/0,1419:1747647651028:,1747647652274
counter/3/0/0/0,1420:1747647651028:,1747647652274
counter/3/0/0/0,1421:1747647651028:,1747647652274
counter/3/0/0/0,1422:1747647651028:,1747647652274
counter/3/0/0/0,1423:1747647651028:,1747647652274
counter/3/0/0/0,1424:1747647651028:,1747647652274
counter/4/0/0/0,1282:1747647651140:,1747647652277
counter/4/0/0/0,1283:1747647651140:,1747647652277
counter/4/0/0/0,1284:1747647651148:,1747647652278
counter/4/0/0/0,1285:1747647651148:,1747647652278
counter/4/0/0/0,1286:1747647651148:,1747647652278
counter/4/0/0/0,1287:1747647651148:,1747647652278
counter/4/0/0/0,1288:1747647651148:,1747647652278
counter/1/0/0/0,1731:1747647651482:,1747647652278
counter/2/0/0/0,1317:1747647651027:,1747647652278
counter/6/0/0/0,1155:1747647651044:,1747647652278
counter/2/0/0/0,1318:1747647651027:,1747647652279
counter/2/0/0/0,1319:1747647651027:,1747647652279
counter/8/0/0/0,1519:1747647651080:,1747647652279
counter/2/0/0/0,1320:1747647651027:,1747647652279
counter/9/0/0/0,1407:1747647651171:,1747647652279
counter/3/0/0/0,1425:1747647651028:,1747647652279
counter/3/0/0/0,1426:1747647651028:,1747647652279
counter/3/0/0/0,1427:1747647651028:,1747647652279
counter/3/0/0/0,1428:1747647651028:,1747647652279
counter/3/0/0/0,1429:1747647651028:,1747647652279
counter/3/0/0/0,1430:1747647651028:,1747647652279
counter/2/0/0/0,1321:1747647651027:,1747647652282
counter/8/0/0/0,1520:1747647651080:,1747647652282
counter/9/0/0/0,1408:1747647651171:,1747647652282
counter/9/0/0/0,1409:1747647651171:,1747647652282
counter/9/0/0/0,1410:1747647651171:,1747647652282
counter/9/0/0/0,1411:1747647651171:,1747647652282
counter/5/0/0/0,1208:1747647650904:,1747647652283
counter/5/0/0/0,1209:1747647650904:,1747647652283
counter/4/0/0/0,1289:1747647651148:,1747647652283
counter/4/0/0/0,1290:1747647651148:,1747647652283
counter/4/0/0/0,1291:1747647651148:,1747647652283
counter/4/0/0/0,1292:1747647651150:,1747647652283
counter/4/0/0/0,1293:1747647651150:,1747647652283
counter/4/0/0/0,1294:1747647651150:,1747647652283
counter/4/0/0/0,1295:1747647651150:,1747647652283
counter/5/0/0/0,1210:1747647650909:,1747647652283
counter/5/0/0/0,1211:1747647650909:,1747647652283
counter/5/0/0/0,1212:1747647650909:,1747647652283
counter/5/0/0/0,1213:1747647650909:,1747647652283
counter/5/0/0/0,1214:1747647650909:,1747647652283
counter/5/0/0/0,1215:1747647650909:,1747647652283
counter/5/0/0/0,1216:1747647650909:,1747647652283
counter/5/0/0/0,1217:1747647650909:,1747647652283
counter/5/0/0/0,1218:1747647650909:,1747647652283
counter/5/0/0/0,1219:1747647650909:,1747647652284
counter/6/0/0/0,1156:1747647651044:,1747647652284
counter/5/0/0/0,1220:1747647650909:,1747647652284
counter/6/0/0/0,1157:1747647651044:,1747647652284
counter/6/0/0/0,1158:1747647651044:,1747647652284
counter/6/0/0/0,1159:1747647651044:,1747647652284
counter/3/0/0/0,1431:1747647651028:,1747647652284
counter/6/0/0/0,1160:1747647651044:,1747647652284
counter/3/0/0/0,1432:1747647651028:,1747647652284
counter/3/0/0/0,1433:1747647651029:,1747647652284
counter/3/0/0/0,1434:1747647651029:,1747647652284
counter/1/0/0/0,1732:1747647651482:,1747647652285
counter/8/0/0/0,1521:1747647651080:,1747647652285
counter/6/0/0/0,1161:1747647651044:,1747647652285
counter/6/0/0/0,1162:1747647651044:,1747647652285
counter/6/0/0/0,1163:1747647651044:,1747647652285
counter/2/0/0/0,1322:1747647651027:,1747647652287
counter/4/0/0/0,1296:1747647651150:,1747647652287
counter/3/0/0/0,1435:1747647651029:,1747647652287
counter/2/0/0/0,1323:1747647651027:,1747647652287
counter/2/0/0/0,1324:1747647651032:,1747647652287
counter/4/0/0/0,1297:1747647651150:,1747647652287
counter/2/0/0/0,1325:1747647651032:,1747647652287
counter/2/0/0/0,1326:1747647651032:,1747647652287
counter/8/0/0/0,1522:1747647651080:,1747647652288
counter/2/0/0/0,1327:1747647651032:,1747647652288
counter/5/0/0/0,1221:1747647650909:,1747647652288
counter/4/0/0/0,1298:1747647651150:,1747647652288
counter/6/0/0/0,1164:1747647651044:,1747647652290
counter/6/0/0/0,1165:1747647651044:,1747647652290
counter/6/0/0/0,1166:1747647651044:,1747647652290
counter/6/0/0/0,1167:1747647651044:,1747647652290
counter/6/0/0/0,1168:1747647651044:,1747647652290
counter/6/0/0/0,1169:1747647651044:,1747647652290
counter/6/0/0/0,1170:1747647651044:,1747647652290
counter/6/0/0/0,1171:1747647651044:,1747647652290
counter/6/0/0/0,1172:1747647651044:,1747647652290
counter/6/0/0/0,1173:1747647651044:,1747647652290
counter/6/0/0/0,1174:1747647651044:,1747647652290
counter/6/0/0/0,1175:1747647651044:,1747647652290
counter/6/0/0/0,1176:1747647651044:,1747647652290
counter/6/0/0/0,1177:1747647651044:,1747647652290
counter/6/0/0/0,1178:1747647651048:,1747647652291
counter/6/0/0/0,1179:1747647651048:,1747647652291
counter/1/0/0/0,1733:1747647651482:,1747647652291
counter/1/0/0/0,1734:1747647651482:,1747647652291
counter/1/0/0/0,1735:1747647651482:,1747647652291
counter/1/0/0/0,1736:1747647651482:,1747647652291
counter/1/0/0/0,1737:1747647651482:,1747647652291
counter/1/0/0/0,1738:1747647651482:,1747647652291
counter/1/0/0/0,1739:1747647651482:,1747647652291
counter/1/0/0/0,1740:1747647651482:,1747647652291
counter/1/0/0/0,1741:1747647651482:,1747647652291
counter/1/0/0/0,1742:1747647651482:,1747647652291
counter/1/0/0/0,1743:1747647651482:,1747647652291
counter/6/0/0/0,1180:1747647651048:,1747647652291
counter/5/0/0/0,1222:1747647650910:,1747647652291
counter/5/0/0/0,1223:1747647650910:,1747647652291
counter/5/0/0/0,1224:1747647650910:,1747647652291
counter/5/0/0/0,1225:1747647650911:,1747647652291
counter/5/0/0/0,1226:1747647650911:,1747647652291
counter/5/0/0/0,1227:1747647650911:,1747647652291
counter/6/0/0/0,1181:1747647651048:,1747647652291
counter/6/0/0/0,1182:1747647651048:,1747647652291
counter/6/0/0/0,1183:1747647651048:,1747647652291
counter/6/0/0/0,1184:1747647651048:,1747647652291
counter/6/0/0/0,1185:1747647651048:,1747647652291
counter/6/0/0/0,1186:1747647651048:,1747647652292
counter/6/0/0/0,1187:1747647651049:,1747647652292
counter/9/0/0/0,1412:1747647651172:,1747647652292
counter/9/0/0/0,1413:1747647651172:,1747647652292
counter/9/0/0/0,1414:1747647651172:,1747647652292
counter/9/0/0/0,1415:1747647651172:,1747647652292
counter/9/0/0/0,1416:1747647651172:,1747647652292
counter/9/0/0/0,1417:1747647651172:,1747647652292
counter/9/0/0/0,1418:1747647651172:,1747647652292
counter/9/0/0/0,1419:1747647651172:,1747647652292
counter/9/0/0/0,1420:1747647651172:,1747647652292
counter/9/0/0/0,1421:1747647651172:,1747647652292
counter/9/0/0/0,1422:1747647651172:,1747647652292
counter/9/0/0/0,1423:1747647651172:,1747647652292
counter/3/0/0/0,1436:1747647651029:,1747647652292
counter/3/0/0/0,1437:1747647651031:,1747647652292
counter/7/0/0/0,1109:1747647651067:,1747647652292
counter/3/0/0/0,1438:1747647651031:,1747647652292
counter/8/0/0/0,1523:1747647651082:,1747647652292
counter/3/0/0/0,1439:1747647651031:,1747647652293
counter/3/0/0/0,1440:1747647651031:,1747647652293
counter/3/0/0/0,1441:1747647651036:,1747647652293
counter/3/0/0/0,1442:1747647651036:,1747647652293
counter/3/0/0/0,1443:1747647651036:,1747647652293
counter/3/0/0/0,1444:1747647651036:,1747647652293
counter/3/0/0/0,1445:1747647651036:,1747647652293
counter/5/0/0/0,1228:1747647650911:,1747647652293
counter/10/0/0/0,1209:1747647651176:,1747647652293
counter/3/0/0/0,1446:1747647651036:,1747647652293
counter/3/0/0/0,1447:1747647651036:,1747647652293
counter/3/0/0/0,1448:1747647651036:,1747647652293
counter/3/0/0/0,1449:1747647651036:,1747647652293
counter/3/0/0/0,1450:1747647651045:,1747647652293
counter/3/0/0/0,1451:1747647651046:,1747647652293
counter/3/0/0/0,1452:1747647651046:,1747647652293
counter/3/0/0/0,1453:1747647651046:,1747647652293
counter/3/0/0/0,1454:1747647651046:,1747647652293
counter/3/0/0/0,1455:1747647651046:,1747647652293
counter/3/0/0/0,1456:1747647651046:,1747647652293
counter/3/0/0/0,1457:1747647651046:,1747647652293
counter/3/0/0/0,1458:1747647651046:,1747647652294
counter/3/0/0/0,1459:1747647651046:,1747647652294
counter/3/0/0/0,1460:1747647651046:,1747647652294
counter/3/0/0/0,1461:1747647651046:,1747647652294
counter/3/0/0/0,1462:1747647651046:,1747647652294
counter/3/0/0/0,1463:1747647651046:,1747647652294
counter/3/0/0/0,1464:1747647651046:,1747647652294
counter/3/0/0/0,1465:1747647651046:,1747647652294
counter/5/0/0/0,1229:1747647650911:,1747647652294
counter/5/0/0/0,1230:1747647650911:,1747647652294
counter/1/0/0/0,1744:1747647651482:,1747647652294
counter/2/0/0/0,1328:1747647651033:,1747647652294
counter/9/0/0/0,1424:1747647651172:,1747647652295
counter/9/0/0/0,1425:1747647651172:,1747647652295
counter/9/0/0/0,1426:1747647651172:,1747647652295
counter/9/0/0/0,1427:1747647651172:,1747647652295
counter/4/0/0/0,1299:1747647651157:,1747647652295
counter/9/0/0/0,1428:1747647651172:,1747647652295
counter/4/0/0/0,1300:1747647651159:,1747647652295
counter/5/0/0/0,1231:1747647650911:,1747647652295
counter/1/0/0/0,1745:1747647651482:,1747647652295
counter/1/0/0/0,1746:1747647651482:,1747647652295
counter/2/0/0/0,1329:1747647651033:,1747647652295
counter/4/0/0/0,1301:1747647651160:,1747647652296
counter/8/0/0/0,1524:1747647651082:,1747647652296
counter/10/0/0/0,1210:1747647651176:,1747647652296
counter/1/0/0/0,1747:1747647651482:,1747647652296
counter/4/0/0/0,1302:1747647651160:,1747647652296
counter/5/0/0/0,1232:1747647650911:,1747647652296
counter/1/0/0/0,1748:1747647651482:,1747647652297
counter/1/0/0/0,1749:1747647651482:,1747647652297
counter/1/0/0/0,1750:1747647651482:,1747647652298
counter/1/0/0/0,1751:1747647651482:,1747647652298
counter/1/0/0/0,1752:1747647651482:,1747647652298
counter/1/0/0/0,1753:1747647651482:,1747647652298
counter/2/0/0/0,1330:1747647651033:,1747647652298
counter/4/0/0/0,1303:1747647651160:,1747647652299
counter/4/0/0/0,1304:1747647651160:,1747647652299
counter/4/0/0/0,1305:1747647651160:,1747647652299
counter/4/0/0/0,1306:1747647651160:,1747647652299
counter/4/0/0/0,1307:1747647651160:,1747647652299
counter/4/0/0/0,1308:1747647651167:,1747647652299
counter/4/0/0/0,1309:1747647651167:,1747647652299
counter/4/0/0/0,1310:1747647651167:,1747647652299
counter/4/0/0/0,1311:1747647651167:,1747647652299
counter/4/0/0/0,1312:1747647651167:,1747647652299
counter/4/0/0/0,1313:1747647651167:,1747647652299
counter/4/0/0/0,1314:1747647651167:,1747647652299
counter/6/0/0/0,1188:1747647651049:,1747647652299
counter/6/0/0/0,1189:1747647651049:,1747647652299
counter/6/0/0/0,1190:1747647651049:,1747647652299
counter/6/0/0/0,1191:1747647651049:,1747647652299
counter/6/0/0/0,1192:1747647651049:,1747647652299
counter/8/0/0/0,1525:1747647651082:,1747647652299
counter/5/0/0/0,1233:1747647650911:,1747647652299
counter/5/0/0/0,1234:1747647650911:,1747647652299
counter/5/0/0/0,1235:1747647650911:,1747647652299
counter/5/0/0/0,1236:1747647650911:,1747647652299
counter/5/0/0/0,1237:1747647650911:,1747647652299
counter/5/0/0/0,1238:1747647650911:,1747647652299
counter/5/0/0/0,1239:1747647650911:,1747647652299
counter/5/0/0/0,1240:1747647650914:,1747647652299
counter/5/0/0/0,1241:1747647650914:,1747647652299
counter/1/0/0/0,1754:1747647651483:,1747647652299
counter/1/0/0/0,1755:1747647651483:,1747647652299
counter/1/0/0/0,1756:1747647651484:,1747647652300
counter/6/0/0/0,1193:1747647651049:,1747647652300
counter/6/0/0/0,1194:1747647651049:,1747647652300
counter/6/0/0/0,1195:1747647651049:,1747647652300
counter/6/0/0/0,1196:1747647651049:,1747647652300
counter/6/0/0/0,1197:1747647651049:,1747647652300
counter/6/0/0/0,1198:1747647651061:,1747647652300
counter/6/0/0/0,1199:1747647651061:,1747647652300
counter/10/0/0/0,1211:1747647651176:,1747647652300
counter/10/0/0/0,1212:1747647651176:,1747647652300
counter/10/0/0/0,1213:1747647651176:,1747647652301
counter/10/0/0/0,1214:1747647651176:,1747647652301
counter/10/0/0/0,1215:1747647651176:,1747647652301
counter/10/0/0/0,1216:1747647651176:,1747647652301
counter/10/0/0/0,1217:1747647651176:,1747647652301
counter/10/0/0/0,1218:1747647651176:,1747647652301
counter/10/0/0/0,1219:1747647651176:,1747647652301
counter/10/0/0/0,1220:1747647651176:,1747647652301
counter/5/0/0/0,1242:1747647650914:,1747647652301
counter/4/0/0/0,1315:1747647651167:,1747647652301
counter/8/0/0/0,1526:1747647651082:,1747647652301
counter/2/0/0/0,1331:1747647651033:,1747647652301
counter/2/0/0/0,1332:1747647651033:,1747647652301
counter/2/0/0/0,1333:1747647651033:,1747647652302
counter/3/0/0/0,1466:1747647651046:,1747647652302
counter/2/0/0/0,1334:1747647651033:,1747647652302
counter/2/0/0/0,1335:1747647651037:,1747647652302
counter/2/0/0/0,1336:1747647651037:,1747647652302
counter/2/0/0/0,1337:1747647651037:,1747647652302
counter/7/0/0/0,1110:1747647651067:,1747647652303
counter/7/0/0/0,1111:1747647651067:,1747647652303
counter/7/0/0/0,1112:1747647651071:,1747647652303
counter/7/0/0/0,1113:1747647651071:,1747647652304
counter/7/0/0/0,1114:1747647651071:,1747647652304
counter/7/0/0/0,1115:1747647651071:,1747647652304
counter/7/0/0/0,1116:1747647651071:,1747647652304
counter/7/0/0/0,1117:1747647651071:,1747647652304
counter/7/0/0/0,1118:1747647651071:,1747647652304
counter/7/0/0/0,1119:1747647651071:,1747647652304
counter/10/0/0/0,1221:1747647651176:,1747647652304
counter/10/0/0/0,1222:1747647651176:,1747647652304
counter/5/0/0/0,1243:1747647650914:,1747647652304
counter/5/0/0/0,1244:1747647650927:,1747647652304
counter/7/0/0/0,1120:1747647651071:,1747647652304
counter/7/0/0/0,1121:1747647651071:,1747647652304
counter/7/0/0/0,1122:1747647651071:,1747647652305
counter/7/0/0/0,1123:1747647651076:,1747647652305
counter/3/0/0/0,1467:1747647651051:,1747647652305
counter/1/0/0/0,1757:1747647651484:,1747647652305
counter/4/0/0/0,1316:1747647651167:,1747647652305
counter/6/0/0/0,1200:1747647651061:,1747647652308
counter/1/0/0/0,1758:1747647651484:,1747647652308
counter/1/0/0/0,1759:1747647651484:,1747647652308
counter/8/0/0/0,1527:1747647651082:,1747647652309
counter/7/0/0/0,1124:1747647651076:,1747647652309
counter/3/0/0/0,1468:1747647651051:,1747647652309
counter/3/0/0/0,1469:1747647651051:,1747647652309
counter/4/0/0/0,1317:1747647651167:,1747647652309
counter/9/0/0/0,1429:1747647651172:,1747647652309
counter/9/0/0/0,1430:1747647651172:,1747647652309
counter/1/0/0/0,1760:1747647651484:,1747647652310
counter/1/0/0/0,1761:1747647651484:,1747647652310
counter/1/0/0/0,1762:1747647651496:,1747647652310
counter/5/0/0/0,1245:1747647650943:,1747647652311
counter/3/0/0/0,1470:1747647651051:,1747647652311
counter/4/0/0/0,1318:1747647651167:,1747647652311
counter/9/0/0/0,1431:1747647651172:,1747647652311
counter/4/0/0/0,1319:1747647651168:,1747647652311
counter/2/0/0/0,1338:1747647651037:,1747647652313
counter/3/0/0/0,1471:1747647651072:,1747647652314
counter/3/0/0/0,1472:1747647651072:,1747647652314
counter/8/0/0/0,1528:1747647651082:,1747647652314
counter/9/0/0/0,1432:1747647651172:,1747647652314
counter/8/0/0/0,1529:1747647651082:,1747647652314
counter/4/0/0/0,1320:1747647651168:,1747647652314
counter/4/0/0/0,1321:1747647651168:,1747647652315
counter/4/0/0/0,1322:1747647651168:,1747647652315
counter/4/0/0/0,1323:1747647651168:,1747647652315
counter/4/0/0/0,1324:1747647651168:,1747647652315
counter/4/0/0/0,1325:1747647651169:,1747647652315
counter/4/0/0/0,1326:1747647651169:,1747647652315
counter/4/0/0/0,1327:1747647651169:,1747647652315
counter/4/0/0/0,1328:1747647651169:,1747647652315
counter/4/0/0/0,1329:1747647651175:,1747647652315
counter/4/0/0/0,1330:1747647651176:,1747647652315
counter/4/0/0/0,1331:1747647651176:,1747647652315
counter/9/0/0/0,1433:1747647651172:,1747647652315
counter/8/0/0/0,1530:1747647651082:,1747647652315
counter/9/0/0/0,1434:1747647651172:,1747647652315
counter/4/0/0/0,1332:1747647651176:,1747647652318
counter/3/0/0/0,1473:1747647651072:,1747647652318
counter/3/0/0/0,1474:1747647651072:,1747647652319
counter/3/0/0/0,1475:1747647651072:,1747647652319
counter/3/0/0/0,1476:1747647651072:,1747647652319
counter/2/0/0/0,1339:1747647651050:,1747647652320
counter/7/0/0/0,1125:1747647651076:,1747647652320
counter/4/0/0/0,1333:1747647651176:,1747647652320
counter/3/0/0/0,1477:1747647651090:,1747647652321
counter/10/0/0/0,1223:1747647651176:,1747647652321
counter/3/0/0/0,1478:1747647651090:,1747647652322
counter/3/0/0/0,1479:1747647651090:,1747647652322
counter/9/0/0/0,1435:1747647651172:,1747647652322
counter/10/0/0/0,1224:1747647651176:,1747647652322
counter/7/0/0/0,1126:1747647651076:,1747647652322
counter/3/0/0/0,1480:1747647651090:,1747647652325
counter/2/0/0/0,1340:1747647651050:,1747647652325
counter/2/0/0/0,1341:1747647651050:,1747647652325
counter/9/0/0/0,1436:1747647651173:,1747647652325
counter/9/0/0/0,1437:1747647651173:,1747647652325
counter/9/0/0/0,1438:1747647651173:,1747647652325
counter/10/0/0/0,1225:1747647651176:,1747647652325
counter/10/0/0/0,1226:1747647651176:,1747647652325
counter/10/0/0/0,1227:1747647651176:,1747647652325
counter/2/0/0/0,1342:1747647651051:,1747647652325
counter/6/0/0/0,1201:1747647651061:,1747647652325
counter/6/0/0/0,1202:1747647651061:,1747647652325
counter/6/0/0/0,1203:1747647651061:,1747647652326
counter/9/0/0/0,1439:1747647651173:,1747647652328
counter/9/0/0/0,1440:1747647651173:,1747647652328
counter/9/0/0/0,1441:1747647651173:,1747647652328
counter/9/0/0/0,1442:1747647651173:,1747647652328
counter/9/0/0/0,1443:1747647651173:,1747647652329
counter/9/0/0/0,1444:1747647651173:,1747647652329
counter/9/0/0/0,1445:1747647651174:,1747647652329
counter/9/0/0/0,1446:1747647651185:,1747647652329
counter/9/0/0/0,1447:1747647651185:,1747647652329
counter/9/0/0/0,1448:1747647651185:,1747647652329
counter/9/0/0/0,1449:1747647651185:,1747647652329
counter/9/0/0/0,1450:1747647651185:,1747647652329
counter/9/0/0/0,1451:1747647651186:,1747647652329
counter/9/0/0/0,1452:1747647651186:,1747647652329
counter/9/0/0/0,1453:1747647651186:,1747647652329
counter/9/0/0/0,1454:1747647651186:,1747647652329
counter/9/0/0/0,1455:1747647651186:,1747647652329
counter/9/0/0/0,1456:1747647651186:,1747647652329
counter/9/0/0/0,1457:1747647651186:,1747647652329
counter/9/0/0/0,1458:1747647651186:,1747647652329
counter/9/0/0/0,1459:1747647651186:,1747647652329
counter/9/0/0/0,1460:1747647651186:,1747647652329
counter/5/0/0/0,1246:1747647650943:,1747647652329
counter/3/0/0/0,1481:1747647651090:,1747647652331
counter/7/0/0/0,1127:1747647651076:,1747647652331
counter/3/0/0/0,1482:1747647651090:,1747647652331
counter/9/0/0/0,1461:1747647651186:,1747647652331
counter/10/0/0/0,1228:1747647651178:,1747647652331
counter/4/0/0/0,1334:1747647651176:,1747647652331
counter/5/0/0/0,1247:1747647650943:,1747647652331
counter/6/0/0/0,1204:1747647651079:,1747647652331
counter/4/0/0/0,1335:1747647651176:,1747647652333
counter/3/0/0/0,1483:1747647651090:,1747647652333
counter/7/0/0/0,1128:1747647651076:,1747647652334
counter/7/0/0/0,1129:1747647651080:,1747647652334
counter/7/0/0/0,1130:1747647651080:,1747647652334
counter/7/0/0/0,1131:1747647651080:,1747647652334
counter/4/0/0/0,1336:1747647651176:,1747647652334
counter/4/0/0/0,1337:1747647651178:,1747647652334
counter/4/0/0/0,1338:1747647651178:,1747647652334
counter/4/0/0/0,1339:1747647651178:,1747647652334
counter/4/0/0/0,1340:1747647651178:,1747647652334
counter/4/0/0/0,1341:1747647651178:,1747647652334
counter/4/0/0/0,1342:1747647651178:,1747647652334
counter/4/0/0/0,1343:1747647651178:,1747647652335
counter/4/0/0/0,1344:1747647651179:,1747647652335
counter/7/0/0/0,1132:1747647651080:,1747647652335
counter/5/0/0/0,1248:1747647650943:,1747647652337
counter/5/0/0/0,1249:1747647650943:,1747647652337
counter/5/0/0/0,1250:1747647650944:,1747647652337
counter/10/0/0/0,1229:1747647651178:,1747647652338
counter/3/0/0/0,1484:1747647651090:,1747647652338
counter/3/0/0/0,1485:1747647651090:,1747647652338
counter/3/0/0/0,1486:1747647651090:,1747647652339
counter/6/0/0/0,1205:1747647651079:,1747647652339
counter/6/0/0/0,1206:1747647651079:,1747647652339
counter/6/0/0/0,1207:1747647651079:,1747647652339
counter/6/0/0/0,1208:1747647651079:,1747647652339
counter/6/0/0/0,1209:1747647651079:,1747647652339
counter/6/0/0/0,1210:1747647651079:,1747647652339
counter/6/0/0/0,1211:1747647651079:,1747647652339
counter/6/0/0/0,1212:1747647651079:,1747647652339
counter/6/0/0/0,1213:1747647651081:,1747647652339
counter/6/0/0/0,1214:1747647651081:,1747647652339
counter/6/0/0/0,1215:1747647651081:,1747647652339
counter/6/0/0/0,1216:1747647651081:,1747647652339
counter/8/0/0/0,1531:1747647651082:,1747647652339
counter/1/0/0/0,1763:1747647651496:,1747647652339
counter/6/0/0/0,1217:1747647651081:,1747647652340
counter/6/0/0/0,1218:1747647651081:,1747647652340
counter/6/0/0/0,1219:1747647651081:,1747647652340
counter/6/0/0/0,1220:1747647651081:,1747647652340
counter/6/0/0/0,1221:1747647651081:,1747647652340
counter/6/0/0/0,1222:1747647651081:,1747647652340
counter/10/0/0/0,1230:1747647651178:,1747647652340
counter/10/0/0/0,1231:1747647651178:,1747647652341
counter/10/0/0/0,1232:1747647651178:,1747647652341
counter/10/0/0/0,1233:1747647651178:,1747647652341
counter/4/0/0/0,1345:1747647651179:,1747647652341
counter/3/0/0/0,1487:1747647651090:,1747647652341
counter/4/0/0/0,1346:1747647651188:,1747647652341
counter/3/0/0/0,1488:1747647651090:,1747647652341
counter/4/0/0/0,1347:1747647651188:,1747647652341
counter/5/0/0/0,1251:1747647650944:,1747647652341
counter/4/0/0/0,1348:1747647651188:,1747647652342
counter/2/0/0/0,1343:1747647651051:,1747647652342
counter/2/0/0/0,1344:1747647651051:,1747647652342
counter/2/0/0/0,1345:1747647651051:,1747647652342
counter/9/0/0/0,1462:1747647651186:,1747647652342
counter/7/0/0/0,1133:1747647651081:,1747647652342
counter/7/0/0/0,1134:1747647651082:,1747647652342
counter/5/0/0/0,1252:1747647650944:,1747647652343
counter/5/0/0/0,1253:1747647650945:,1747647652343
counter/5/0/0/0,1254:1747647650945:,1747647652343
counter/4/0/0/0,1349:1747647651188:,1747647652344
counter/9/0/0/0,1463:1747647651186:,1747647652344
counter/4/0/0/0,1350:1747647651188:,1747647652344
counter/3/0/0/0,1489:1747647651091:,1747647652344
counter/4/0/0/0,1351:1747647651188:,1747647652344
counter/6/0/0/0,1223:1747647651081:,1747647652344
counter/4/0/0/0,1352:1747647651188:,1747647652344
counter/4/0/0/0,1353:1747647651198:,1747647652344
counter/4/0/0/0,1354:1747647651198:,1747647652344
counter/4/0/0/0,1355:1747647651198:,1747647652344
counter/4/0/0/0,1356:1747647651198:,1747647652344
counter/4/0/0/0,1357:1747647651198:,1747647652344
counter/4/0/0/0,1358:1747647651198:,1747647652344
counter/10/0/0/0,1234:1747647651178:,1747647652345
counter/9/0/0/0,1464:1747647651186:,1747647652345
counter/5/0/0/0,1255:1747647650952:,1747647652347
counter/4/0/0/0,1359:1747647651198:,1747647652348
counter/7/0/0/0,1135:1747647651082:,1747647652348
counter/7/0/0/0,1136:1747647651082:,1747647652348
counter/7/0/0/0,1137:1747647651082:,1747647652349
counter/7/0/0/0,1138:1747647651082:,1747647652349
counter/7/0/0/0,1139:1747647651094:,1747647652349
counter/7/0/0/0,1140:1747647651094:,1747647652349
counter/7/0/0/0,1141:1747647651094:,1747647652349
counter/7/0/0/0,1142:1747647651094:,1747647652349
counter/7/0/0/0,1143:1747647651094:,1747647652349
counter/7/0/0/0,1144:1747647651094:,1747647652349
counter/7/0/0/0,1145:1747647651094:,1747647652349
counter/7/0/0/0,1146:1747647651094:,1747647652349
counter/9/0/0/0,1465:1747647651186:,1747647652350
counter/9/0/0/0,1466:1747647651186:,1747647652350
counter/9/0/0/0,1467:1747647651186:,1747647652350
counter/9/0/0/0,1468:1747647651186:,1747647652350
counter/4/0/0/0,1360:1747647651198:,1747647652350
counter/4/0/0/0,1361:1747647651198:,1747647652350
counter/4/0/0/0,1362:1747647651198:,1747647652350
counter/4/0/0/0,1363:1747647651206:,1747647652350
counter/4/0/0/0,1364:1747647651206:,1747647652352
counter/8/0/0/0,1532:1747647651085:,1747647652353
counter/8/0/0/0,1533:1747647651085:,1747647652353
counter/8/0/0/0,1534:1747647651086:,1747647652353
counter/8/0/0/0,1535:1747647651086:,1747647652353
counter/8/0/0/0,1536:1747647651086:,1747647652353
counter/8/0/0/0,1537:1747647651086:,1747647652353
counter/8/0/0/0,1538:1747647651086:,1747647652353
counter/8/0/0/0,1539:1747647651086:,1747647652353
counter/8/0/0/0,1540:1747647651086:,1747647652353
counter/8/0/0/0,1541:1747647651086:,1747647652353
counter/8/0/0/0,1542:1747647651086:,1747647652353
counter/8/0/0/0,1543:1747647651086:,1747647652353
counter/8/0/0/0,1544:1747647651086:,1747647652353
counter/8/0/0/0,1545:1747647651086:,1747647652353
counter/8/0/0/0,1546:1747647651086:,1747647652353
counter/8/0/0/0,1547:1747647651086:,1747647652353
counter/9/0/0/0,1469:1747647651186:,1747647652353
counter/5/0/0/0,1256:1747647650952:,1747647652355
counter/7/0/0/0,1147:1747647651094:,1747647652356
counter/5/0/0/0,1257:1747647650952:,1747647652356
counter/1/0/0/0,1764:1747647651496:,1747647652356
counter/6/0/0/0,1224:1747647651081:,1747647652357
counter/6/0/0/0,1225:1747647651081:,1747647652357
counter/6/0/0/0,1226:1747647651085:,1747647652357
counter/6/0/0/0,1227:1747647651085:,1747647652357
counter/6/0/0/0,1228:1747647651085:,1747647652357
counter/6/0/0/0,1229:1747647651085:,1747647652357
counter/6/0/0/0,1230:1747647651085:,1747647652357
counter/6/0/0/0,1231:1747647651085:,1747647652357
counter/6/0/0/0,1232:1747647651085:,1747647652357
counter/6/0/0/0,1233:1747647651085:,1747647652357
counter/6/0/0/0,1234:1747647651085:,1747647652357
counter/6/0/0/0,1235:1747647651085:,1747647652358
counter/6/0/0/0,1236:1747647651085:,1747647652358
counter/6/0/0/0,1237:1747647651085:,1747647652358
counter/6/0/0/0,1238:1747647651085:,1747647652358
counter/5/0/0/0,1258:1747647650952:,1747647652358
counter/8/0/0/0,1548:1747647651086:,1747647652358
counter/8/0/0/0,1549:1747647651086:,1747647652358
counter/3/0/0/0,1490:1747647651091:,1747647652358
counter/3/0/0/0,1491:1747647651091:,1747647652358
counter/3/0/0/0,1492:1747647651091:,1747647652358
counter/3/0/0/0,1493:1747647651091:,1747647652358
counter/3/0/0/0,1494:1747647651091:,1747647652358
counter/9/0/0/0,1470:1747647651186:,1747647652358
counter/6/0/0/0,1239:1747647651085:,1747647652358
counter/9/0/0/0,1471:1747647651186:,1747647652358
counter/6/0/0/0,1240:1747647651085:,1747647652358
counter/6/0/0/0,1241:1747647651091:,1747647652358
counter/6/0/0/0,1242:1747647651091:,1747647652358
counter/6/0/0/0,1243:1747647651091:,1747647652358
counter/6/0/0/0,1244:1747647651092:,1747647652358
counter/10/0/0/0,1235:1747647651178:,1747647652358
counter/2/0/0/0,1346:1747647651051:,1747647652359
counter/2/0/0/0,1347:1747647651051:,1747647652359
counter/7/0/0/0,1148:1747647651095:,1747647652359
counter/3/0/0/0,1495:1747647651091:,1747647652359
counter/3/0/0/0,1496:1747647651091:,1747647652359
counter/3/0/0/0,1497:1747647651091:,1747647652359
counter/3/0/0/0,1498:1747647651091:,1747647652359
counter/9/0/0/0,1472:1747647651186:,1747647652359
counter/6/0/0/0,1245:1747647651092:,1747647652359
counter/6/0/0/0,1246:1747647651092:,1747647652359
counter/6/0/0/0,1247:1747647651092:,1747647652359
counter/6/0/0/0,1248:1747647651092:,1747647652359
counter/6/0/0/0,1249:1747647651092:,1747647652360
counter/7/0/0/0,1149:1747647651095:,1747647652360
counter/5/0/0/0,1259:1747647650952:,1747647652361
counter/1/0/0/0,1765:1747647651496:,1747647652362
counter/5/0/0/0,1260:1747647650952:,1747647652363
counter/3/0/0/0,1499:1747647651091:,1747647652364
counter/1/0/0/0,1766:1747647651496:,1747647652364
counter/1/0/0/0,1767:1747647651496:,1747647652364
counter/1/0/0/0,1768:1747647651496:,1747647652364
counter/1/0/0/0,1769:1747647651496:,1747647652364
counter/1/0/0/0,1770:1747647651496:,1747647652364
counter/1/0/0/0,1771:1747647651497:,1747647652364
counter/1/0/0/0,1772:1747647651497:,1747647652364
counter/1/0/0/0,1773:1747647651497:,1747647652364
counter/8/0/0/0,1550:1747647651086:,1747647652364
counter/4/0/0/0,1365:1747647651207:,1747647652364
counter/1/0/0/0,1774:1747647651497:,1747647652365
counter/1/0/0/0,1775:1747647651497:,1747647652365
counter/1/0/0/0,1776:1747647651497:,1747647652365
counter/1/0/0/0,1777:1747647651497:,1747647652365
counter/1/0/0/0,1778:1747647651497:,1747647652365
counter/1/0/0/0,1779:1747647651497:,1747647652365
counter/1/0/0/0,1780:1747647651497:,1747647652365
counter/1/0/0/0,1781:1747647651497:,1747647652365
counter/1/0/0/0,1782:1747647651497:,1747647652365
counter/1/0/0/0,1783:1747647651497:,1747647652365
counter/1/0/0/0,1784:1747647651497:,1747647652365
counter/1/0/0/0,1785:1747647651497:,1747647652365
counter/1/0/0/0,1786:1747647651497:,1747647652365
counter/1/0/0/0,1787:1747647651497:,1747647652365
counter/1/0/0/0,1788:1747647651497:,1747647652365
counter/1/0/0/0,1789:1747647651497:,1747647652366
counter/1/0/0/0,1790:1747647651497:,1747647652366
counter/10/0/0/0,1236:1747647651178:,1747647652366
counter/5/0/0/0,1261:1747647650952:,1747647652366
counter/2/0/0/0,1348:1747647651051:,1747647652366
counter/5/0/0/0,1262:1747647650952:,1747647652366
counter/7/0/0/0,1150:1747647651095:,1747647652367
counter/7/0/0/0,1151:1747647651095:,1747647652367
counter/3/0/0/0,1500:1747647651091:,1747647652367
counter/7/0/0/0,1152:1747647651095:,1747647652367
counter/3/0/0/0,1501:1747647651091:,1747647652367
counter/3/0/0/0,1502:1747647651094:,1747647652367
counter/3/0/0/0,1503:1747647651096:,1747647652367
counter/3/0/0/0,1504:1747647651096:,1747647652367
counter/3/0/0/0,1505:1747647651096:,1747647652367
counter/9/0/0/0,1473:1747647651186:,1747647652367
counter/2/0/0/0,1349:1747647651051:,1747647652367
counter/6/0/0/0,1250:1747647651092:,1747647652367
counter/2/0/0/0,1350:1747647651051:,1747647652367
counter/5/0/0/0,1263:1747647650952:,1747647652368
counter/2/0/0/0,1351:1747647651052:,1747647652368
counter/2/0/0/0,1352:1747647651052:,1747647652368
counter/8/0/0/0,1551:1747647651086:,1747647652368
counter/7/0/0/0,1153:1747647651095:,1747647652369
counter/7/0/0/0,1154:1747647651095:,1747647652369
counter/7/0/0/0,1155:1747647651095:,1747647652369
counter/3/0/0/0,1506:1747647651096:,1747647652369
counter/3/0/0/0,1507:1747647651096:,1747647652369
counter/3/0/0/0,1508:1747647651096:,1747647652369
counter/3/0/0/0,1509:1747647651096:,1747647652369
counter/4/0/0/0,1366:1747647651207:,1747647652370
counter/6/0/0/0,1251:1747647651092:,1747647652370
counter/1/0/0/0,1791:1747647651497:,1747647652370
counter/1/0/0/0,1792:1747647651497:,1747647652370
counter/1/0/0/0,1793:1747647651497:,1747647652370
counter/1/0/0/0,1794:1747647651497:,1747647652370
counter/1/0/0/0,1795:1747647651497:,1747647652370
counter/1/0/0/0,1796:1747647651497:,1747647652370
counter/1/0/0/0,1797:1747647651498:,1747647652370
counter/1/0/0/0,1798:1747647651500:,1747647652371
counter/1/0/0/0,1799:1747647651500:,1747647652371
counter/1/0/0/0,1800:1747647651500:,1747647652371
counter/1/0/0/0,1801:1747647651500:,1747647652371
counter/9/0/0/0,1474:1747647651186:,1747647652371
counter/3/0/0/0,1510:1747647651096:,1747647652371
counter/1/0/0/0,1802:1747647651500:,1747647652371
counter/8/0/0/0,1552:1747647651086:,1747647652371
counter/8/0/0/0,1553:1747647651086:,1747647652371
counter/6/0/0/0,1252:1747647651092:,1747647652372
counter/6/0/0/0,1253:1747647651092:,1747647652372
counter/6/0/0/0,1254:1747647651092:,1747647652372
counter/6/0/0/0,1255:1747647651092:,1747647652372
counter/6/0/0/0,1256:1747647651092:,1747647652372
counter/6/0/0/0,1257:1747647651092:,1747647652372
counter/6/0/0/0,1258:1747647651099:,1747647652372
counter/6/0/0/0,1259:1747647651099:,1747647652372
counter/6/0/0/0,1260:1747647651099:,1747647652372
counter/6/0/0/0,1261:1747647651099:,1747647652372
counter/6/0/0/0,1262:1747647651099:,1747647652372
counter/6/0/0/0,1263:1747647651099:,1747647652373
counter/7/0/0/0,1156:1747647651095:,1747647652373
counter/4/0/0/0,1367:1747647651207:,1747647652373
counter/10/0/0/0,1237:1747647651178:,1747647652373
counter/4/0/0/0,1368:1747647651207:,1747647652373
counter/9/0/0/0,1475:1747647651186:,1747647652373
counter/9/0/0/0,1476:1747647651186:,1747647652373
counter/6/0/0/0,1264:1747647651099:,1747647652373
counter/8/0/0/0,1554:1747647651086:,1747647652373
counter/4/0/0/0,1369:1747647651207:,1747647652374
counter/7/0/0/0,1157:1747647651095:,1747647652376
counter/7/0/0/0,1158:1747647651095:,1747647652376
counter/7/0/0/0,1159:1747647651095:,1747647652376
counter/7/0/0/0,1160:1747647651095:,1747647652376
counter/7/0/0/0,1161:1747647651095:,1747647652376
counter/7/0/0/0,1162:1747647651095:,1747647652376
counter/7/0/0/0,1163:1747647651095:,1747647652376
counter/7/0/0/0,1164:1747647651095:,1747647652376
counter/7/0/0/0,1165:1747647651095:,1747647652376
counter/4/0/0/0,1370:1747647651207:,1747647652376
counter/4/0/0/0,1371:1747647651207:,1747647652376
counter/4/0/0/0,1372:1747647651207:,1747647652376
counter/4/0/0/0,1373:1747647651207:,1747647652376
counter/4/0/0/0,1374:1747647651207:,1747647652376
counter/4/0/0/0,1375:1747647651207:,1747647652376
counter/4/0/0/0,1376:1747647651207:,1747647652376
counter/8/0/0/0,1555:1747647651086:,1747647652376
counter/8/0/0/0,1556:1747647651086:,1747647652376
counter/8/0/0/0,1557:1747647651086:,1747647652376
counter/2/0/0/0,1353:1747647651052:,1747647652376
counter/2/0/0/0,1354:1747647651052:,1747647652376
counter/7/0/0/0,1166:1747647651095:,1747647652377
counter/9/0/0/0,1477:1747647651186:,1747647652377
counter/3/0/0/0,1511:1747647651097:,1747647652377
counter/3/0/0/0,1512:1747647651097:,1747647652377
counter/3/0/0/0,1513:1747647651097:,1747647652377
counter/3/0/0/0,1514:1747647651097:,1747647652377
counter/3/0/0/0,1515:1747647651097:,1747647652377
counter/4/0/0/0,1377:1747647651207:,1747647652377
counter/4/0/0/0,1378:1747647651207:,1747647652377
counter/1/0/0/0,1803:1747647651501:,1747647652378
counter/8/0/0/0,1558:1747647651086:,1747647652378
counter/2/0/0/0,1355:1747647651052:,1747647652379
counter/10/0/0/0,1238:1747647651178:,1747647652379
counter/1/0/0/0,1804:1747647651501:,1747647652384
counter/8/0/0/0,1559:1747647651086:,1747647652384
counter/10/0/0/0,1239:1747647651178:,1747647652384
counter/10/0/0/0,1240:1747647651178:,1747647652384
counter/10/0/0/0,1241:1747647651178:,1747647652384
counter/10/0/0/0,1242:1747647651178:,1747647652384
counter/7/0/0/0,1167:1747647651095:,1747647652384
counter/3/0/0/0,1516:1747647651097:,1747647652384
counter/3/0/0/0,1517:1747647651097:,1747647652384
counter/3/0/0/0,1518:1747647651097:,1747647652384
counter/4/0/0/0,1379:1747647651209:,1747647652384
counter/4/0/0/0,1380:1747647651209:,1747647652384
counter/4/0/0/0,1381:1747647651209:,1747647652385
counter/9/0/0/0,1478:1747647651186:,1747647652386
counter/2/0/0/0,1356:1747647651052:,1747647652388
counter/1/0/0/0,1805:1747647651501:,1747647652388
counter/5/0/0/0,1264:1747647650952:,1747647652389
counter/1/0/0/0,1806:1747647651501:,1747647652389
counter/1/0/0/0,1807:1747647651501:,1747647652389
counter/1/0/0/0,1808:1747647651501:,1747647652389
counter/1/0/0/0,1809:1747647651501:,1747647652389
counter/1/0/0/0,1810:1747647651501:,1747647652389
counter/1/0/0/0,1811:1747647651501:,1747647652389
counter/1/0/0/0,1812:1747647651504:,1747647652389
counter/1/0/0/0,1813:1747647651509:,1747647652389
counter/1/0/0/0,1814:1747647651509:,1747647652389
counter/1/0/0/0,1815:1747647651509:,1747647652389
counter/8/0/0/0,1560:1747647651086:,1747647652389
counter/2/0/0/0,1357:1747647651052:,1747647652390
counter/8/0/0/0,1561:1747647651086:,1747647652390
counter/2/0/0/0,1358:1747647651057:,1747647652390
counter/2/0/0/0,1359:1747647651057:,1747647652390
counter/5/0/0/0,1265:1747647650952:,1747647652390
counter/10/0/0/0,1243:1747647651178:,1747647652390
counter/5/0/0/0,1266:1747647650952:,1747647652390
counter/5/0/0/0,1267:1747647650952:,1747647652390
counter/5/0/0/0,1268:1747647650952:,1747647652390
counter/5/0/0/0,1269:1747647650952:,1747647652391
counter/5/0/0/0,1270:1747647650952:,1747647652391
counter/4/0/0/0,1382:1747647651209:,1747647652391
counter/5/0/0/0,1271:1747647650952:,1747647652391
counter/5/0/0/0,1272:1747647650952:,1747647652391
counter/5/0/0/0,1273:1747647650952:,1747647652391
counter/8/0/0/0,1562:1747647651086:,1747647652391
counter/8/0/0/0,1563:1747647651086:,1747647652391
counter/2/0/0/0,1360:1747647651057:,1747647652391
counter/5/0/0/0,1274:1747647650952:,1747647652391
counter/9/0/0/0,1479:1747647651186:,1747647652391
counter/5/0/0/0,1275:1747647650952:,1747647652391
counter/5/0/0/0,1276:1747647650952:,1747647652392
counter/5/0/0/0,1277:1747647650952:,1747647652392
counter/5/0/0/0,1278:1747647650952:,1747647652392
counter/10/0/0/0,1244:1747647651178:,1747647652393
counter/3/0/0/0,1519:1747647651097:,1747647652393
counter/9/0/0/0,1480:1747647651186:,1747647652393
counter/4/0/0/0,1383:1747647651209:,1747647652395
counter/4/0/0/0,1384:1747647651209:,1747647652395
counter/6/0/0/0,1265:1747647651099:,1747647652395
counter/6/0/0/0,1266:1747647651099:,1747647652395
counter/6/0/0/0,1267:1747647651099:,1747647652395
counter/6/0/0/0,1268:1747647651099:,1747647652395
counter/6/0/0/0,1269:1747647651099:,1747647652395
counter/10/0/0/0,1245:1747647651178:,1747647652397
counter/6/0/0/0,1270:1747647651099:,1747647652397
counter/9/0/0/0,1481:1747647651186:,1747647652397
counter/10/0/0/0,1246:1747647651180:,1747647652398
counter/5/0/0/0,1279:1747647650952:,1747647652398
counter/5/0/0/0,1280:1747647650952:,1747647652398
counter/5/0/0/0,1281:1747647650952:,1747647652398
counter/5/0/0/0,1282:1747647650952:,1747647652398
counter/4/0/0/0,1385:1747647651209:,1747647652398
counter/3/0/0/0,1520:1747647651097:,1747647652398
counter/3/0/0/0,1521:1747647651097:,1747647652398
counter/3/0/0/0,1522:1747647651097:,1747647652398
counter/3/0/0/0,1523:1747647651097:,1747647652398
counter/3/0/0/0,1524:1747647651097:,1747647652398
counter/3/0/0/0,1525:1747647651097:,1747647652398
counter/3/0/0/0,1526:1747647651097:,1747647652398
counter/3/0/0/0,1527:1747647651097:,1747647652398
counter/3/0/0/0,1528:1747647651097:,1747647652398
counter/3/0/0/0,1529:1747647651097:,1747647652398
counter/2/0/0/0,1361:1747647651057:,1747647652398
counter/1/0/0/0,1816:1747647651509:,1747647652399
counter/1/0/0/0,1817:1747647651509:,1747647652400
counter/1/0/0/0,1818:1747647651510:,1747647652400
counter/1/0/0/0,1819:1747647651511:,1747647652400
counter/1/0/0/0,1820:1747647651511:,1747647652400
counter/1/0/0/0,1821:1747647651511:,1747647652400
counter/5/0/0/0,1283:1747647650952:,1747647652400
counter/4/0/0/0,1386:1747647651209:,1747647652400
counter/5/0/0/0,1284:1747647650952:,1747647652400
counter/4/0/0/0,1387:1747647651209:,1747647652400
counter/4/0/0/0,1388:1747647651209:,1747647652400
counter/3/0/0/0,1530:1747647651097:,1747647652400
counter/6/0/0/0,1271:1747647651104:,1747647652402
counter/1/0/0/0,1822:1747647651511:,1747647652403
counter/1/0/0/0,1823:1747647651511:,1747647652403
counter/1/0/0/0,1824:1747647651511:,1747647652403
counter/1/0/0/0,1825:1747647651512:,1747647652403
counter/1/0/0/0,1826:1747647651512:,1747647652403
counter/1/0/0/0,1827:1747647651512:,1747647652403
counter/1/0/0/0,1828:1747647651512:,1747647652403
counter/1/0/0/0,1829:1747647651512:,1747647652403
counter/9/0/0/0,1482:1747647651186:,1747647652403
counter/1/0/0/0,1830:1747647651512:,1747647652403
counter/8/0/0/0,1564:1747647651086:,1747647652403
counter/7/0/0/0,1168:1747647651097:,1747647652403
counter/7/0/0/0,1169:1747647651098:,1747647652404
counter/7/0/0/0,1170:1747647651098:,1747647652404
counter/7/0/0/0,1171:1747647651098:,1747647652404
counter/7/0/0/0,1172:1747647651098:,1747647652404
counter/7/0/0/0,1173:1747647651098:,1747647652404
counter/7/0/0/0,1174:1747647651098:,1747647652404
counter/7/0/0/0,1175:1747647651098:,1747647652404
counter/7/0/0/0,1176:1747647651098:,1747647652404
counter/7/0/0/0,1177:1747647651098:,1747647652404
counter/7/0/0/0,1178:1747647651098:,1747647652404
counter/6/0/0/0,1272:1747647651104:,1747647652404
counter/10/0/0/0,1247:1747647651194:,1747647652404
counter/5/0/0/0,1285:1747647650952:,1747647652404
counter/10/0/0/0,1248:1747647651194:,1747647652404
counter/10/0/0/0,1249:1747647651194:,1747647652404
counter/10/0/0/0,1250:1747647651194:,1747647652404
counter/3/0/0/0,1531:1747647651097:,1747647652405
counter/3/0/0/0,1532:1747647651097:,1747647652405
counter/3/0/0/0,1533:1747647651097:,1747647652405
counter/3/0/0/0,1534:1747647651097:,1747647652405
counter/4/0/0/0,1389:1747647651209:,1747647652405
counter/4/0/0/0,1390:1747647651209:,1747647652405
counter/4/0/0/0,1391:1747647651221:,1747647652405
counter/2/0/0/0,1362:1747647651057:,1747647652406
counter/5/0/0/0,1286:1747647650952:,1747647652408
counter/2/0/0/0,1363:1747647651057:,1747647652408
counter/6/0/0/0,1273:1747647651104:,1747647652410
counter/6/0/0/0,1274:1747647651104:,1747647652410
counter/6/0/0/0,1275:1747647651107:,1747647652410
counter/6/0/0/0,1276:1747647651107:,1747647652410
counter/6/0/0/0,1277:1747647651107:,1747647652410
counter/6/0/0/0,1278:1747647651107:,1747647652410
counter/6/0/0/0,1279:1747647651108:,1747647652410
counter/5/0/0/0,1287:1747647650952:,1747647652410
counter/9/0/0/0,1483:1747647651186:,1747647652411
counter/5/0/0/0,1288:1747647650952:,1747647652411
counter/9/0/0/0,1484:1747647651192:,1747647652411
counter/4/0/0/0,1392:1747647651221:,1747647652411
counter/3/0/0/0,1535:1747647651097:,1747647652412
counter/2/0/0/0,1364:1747647651057:,1747647652412
counter/4/0/0/0,1393:1747647651221:,1747647652413
counter/8/0/0/0,1565:1747647651086:,1747647652413
counter/8/0/0/0,1566:1747647651086:,1747647652413
counter/8/0/0/0,1567:1747647651086:,1747647652413
counter/8/0/0/0,1568:1747647651086:,1747647652413
counter/8/0/0/0,1569:1747647651086:,1747647652413
counter/8/0/0/0,1570:1747647651086:,1747647652413
counter/8/0/0/0,1571:1747647651086:,1747647652414
counter/8/0/0/0,1572:1747647651087:,1747647652414
counter/2/0/0/0,1365:1747647651058:,1747647652414
counter/3/0/0/0,1536:1747647651097:,1747647652414
counter/9/0/0/0,1485:1747647651192:,1747647652414
counter/2/0/0/0,1366:1747647651058:,1747647652414
counter/2/0/0/0,1367:1747647651058:,1747647652414
counter/2/0/0/0,1368:1747647651058:,1747647652414
counter/2/0/0/0,1369:1747647651058:,1747647652414
counter/2/0/0/0,1370:1747647651058:,1747647652414
counter/4/0/0/0,1394:1747647651221:,1747647652414
counter/4/0/0/0,1395:1747647651221:,1747647652414
counter/4/0/0/0,1396:1747647651221:,1747647652414
counter/4/0/0/0,1397:1747647651221:,1747647652414
counter/4/0/0/0,1398:1747647651221:,1747647652414
counter/4/0/0/0,1399:1747647651221:,1747647652414
counter/4/0/0/0,1400:1747647651221:,1747647652414
counter/4/0/0/0,1401:1747647651221:,1747647652414
counter/4/0/0/0,1402:1747647651221:,1747647652414
counter/10/0/0/0,1251:1747647651194:,1747647652416
counter/5/0/0/0,1289:1747647650952:,1747647652416
counter/8/0/0/0,1573:1747647651087:,1747647652416
counter/5/0/0/0,1290:1747647650952:,1747647652419
counter/5/0/0/0,1291:1747647650952:,1747647652419
counter/8/0/0/0,1574:1747647651088:,1747647652419
counter/5/0/0/0,1292:1747647650952:,1747647652419
counter/8/0/0/0,1575:1747647651088:,1747647652419
counter/8/0/0/0,1576:1747647651088:,1747647652419
counter/8/0/0/0,1577:1747647651088:,1747647652419
counter/8/0/0/0,1578:1747647651088:,1747647652419
counter/8/0/0/0,1579:1747647651088:,1747647652419
counter/6/0/0/0,1280:1747647651108:,1747647652419
counter/2/0/0/0,1371:1747647651058:,1747647652419
counter/6/0/0/0,1281:1747647651108:,1747647652419
counter/1/0/0/0,1831:1747647651512:,1747647652420
counter/10/0/0/0,1252:1747647651196:,1747647652420
counter/10/0/0/0,1253:1747647651196:,1747647652420
counter/10/0/0/0,1254:1747647651196:,1747647652420
counter/5/0/0/0,1293:1747647650952:,1747647652420
counter/3/0/0/0,1537:1747647651097:,1747647652420
counter/4/0/0/0,1403:1747647651221:,1747647652421
counter/7/0/0/0,1179:1747647651098:,1747647652421
counter/3/0/0/0,1538:1747647651100:,1747647652421
counter/9/0/0/0,1486:1747647651192:,1747647652421
counter/8/0/0/0,1580:1747647651089:,1747647652421
counter/8/0/0/0,1581:1747647651089:,1747647652421
counter/4/0/0/0,1404:1747647651221:,1747647652421
counter/4/0/0/0,1405:1747647651221:,1747647652421
counter/4/0/0/0,1406:1747647651222:,1747647652422
counter/4/0/0/0,1407:1747647651222:,1747647652422
counter/4/0/0/0,1408:1747647651222:,1747647652422
counter/4/0/0/0,1409:1747647651222:,1747647652422
counter/4/0/0/0,1410:1747647651222:,1747647652422
counter/4/0/0/0,1411:1747647651222:,1747647652422
counter/4/0/0/0,1412:1747647651222:,1747647652422
counter/5/0/0/0,1294:1747647650953:,1747647652422
counter/9/0/0/0,1487:1747647651192:,1747647652423
counter/9/0/0/0,1488:1747647651192:,1747647652423
counter/9/0/0/0,1489:1747647651192:,1747647652423
counter/9/0/0/0,1490:1747647651192:,1747647652423
counter/9/0/0/0,1491:1747647651192:,1747647652423
counter/9/0/0/0,1492:1747647651192:,1747647652423
counter/6/0/0/0,1282:1747647651120:,1747647652423
counter/6/0/0/0,1283:1747647651120:,1747647652423
counter/9/0/0/0,1493:1747647651192:,1747647652423
counter/6/0/0/0,1284:1747647651120:,1747647652424
counter/2/0/0/0,1372:1747647651060:,1747647652424
counter/6/0/0/0,1285:1747647651120:,1747647652425
counter/6/0/0/0,1286:1747647651121:,1747647652425
counter/6/0/0/0,1287:1747647651121:,1747647652425
counter/6/0/0/0,1288:1747647651121:,1747647652425
counter/3/0/0/0,1539:1747647651100:,1747647652426
counter/7/0/0/0,1180:1747647651098:,1747647652426
counter/7/0/0/0,1181:1747647651098:,1747647652426
counter/7/0/0/0,1182:1747647651098:,1747647652426
counter/7/0/0/0,1183:1747647651098:,1747647652426
counter/4/0/0/0,1413:1747647651222:,1747647652426
counter/9/0/0/0,1494:1747647651192:,1747647652426
counter/5/0/0/0,1295:1747647650953:,1747647652426
counter/9/0/0/0,1495:1747647651192:,1747647652426
counter/9/0/0/0,1496:1747647651192:,1747647652427
counter/9/0/0/0,1497:1747647651192:,1747647652428
counter/9/0/0/0,1498:1747647651192:,1747647652428
counter/9/0/0/0,1499:1747647651192:,1747647652428
counter/9/0/0/0,1500:1747647651192:,1747647652428
counter/9/0/0/0,1501:1747647651192:,1747647652428
counter/9/0/0/0,1502:1747647651192:,1747647652428
counter/6/0/0/0,1289:1747647651121:,1747647652429
counter/6/0/0/0,1290:1747647651121:,1747647652429
counter/6/0/0/0,1291:1747647651121:,1747647652429
counter/9/0/0/0,1503:1747647651193:,1747647652429
counter/6/0/0/0,1292:1747647651121:,1747647652429
counter/6/0/0/0,1293:1747647651121:,1747647652429
counter/6/0/0/0,1294:1747647651121:,1747647652430
counter/3/0/0/0,1540:1747647651100:,1747647652431
counter/3/0/0/0,1541:1747647651100:,1747647652431
counter/3/0/0/0,1542:1747647651100:,1747647652431
counter/3/0/0/0,1543:1747647651100:,1747647652431
counter/3/0/0/0,1544:1747647651100:,1747647652431
counter/3/0/0/0,1545:1747647651100:,1747647652431
counter/3/0/0/0,1546:1747647651100:,1747647652431
counter/3/0/0/0,1547:1747647651100:,1747647652431
counter/3/0/0/0,1548:1747647651100:,1747647652431
counter/3/0/0/0,1549:1747647651100:,1747647652431
counter/3/0/0/0,1550:1747647651100:,1747647652431
counter/7/0/0/0,1184:1747647651098:,1747647652431
counter/3/0/0/0,1551:1747647651100:,1747647652431
counter/7/0/0/0,1185:1747647651098:,1747647652431
counter/7/0/0/0,1186:1747647651098:,1747647652432
counter/7/0/0/0,1187:1747647651098:,1747647652432
counter/7/0/0/0,1188:1747647651098:,1747647652432
counter/7/0/0/0,1189:1747647651098:,1747647652432
counter/7/0/0/0,1190:1747647651100:,1747647652432
counter/7/0/0/0,1191:1747647651100:,1747647652432
counter/7/0/0/0,1192:1747647651100:,1747647652432
counter/7/0/0/0,1193:1747647651100:,1747647652432
counter/9/0/0/0,1504:1747647651193:,1747647652432
counter/9/0/0/0,1505:1747647651193:,1747647652432
counter/9/0/0/0,1506:1747647651193:,1747647652432
counter/9/0/0/0,1507:1747647651193:,1747647652432
counter/9/0/0/0,1508:1747647651193:,1747647652432
counter/6/0/0/0,1295:1747647651121:,1747647652432
counter/3/0/0/0,1552:1747647651100:,1747647652432
counter/6/0/0/0,1296:1747647651121:,1747647652433
counter/3/0/0/0,1553:1747647651103:,1747647652433
counter/4/0/0/0,1414:1747647651222:,1747647652434
counter/4/0/0/0,1415:1747647651223:,1747647652434
counter/5/0/0/0,1296:1747647650953:,1747647652434
counter/4/0/0/0,1416:1747647651223:,1747647652434
counter/4/0/0/0,1417:1747647651223:,1747647652434
counter/4/0/0/0,1418:1747647651223:,1747647652434
counter/4/0/0/0,1419:1747647651223:,1747647652434
counter/4/0/0/0,1420:1747647651223:,1747647652434
counter/4/0/0/0,1421:1747647651223:,1747647652434
counter/4/0/0/0,1422:1747647651223:,1747647652434
counter/4/0/0/0,1423:1747647651223:,1747647652434
counter/4/0/0/0,1424:1747647651223:,1747647652434
counter/7/0/0/0,1194:1747647651100:,1747647652434
counter/7/0/0/0,1195:1747647651100:,1747647652435
counter/7/0/0/0,1196:1747647651100:,1747647652435
counter/7/0/0/0,1197:1747647651100:,1747647652435
counter/6/0/0/0,1297:1747647651121:,1747647652435
counter/3/0/0/0,1554:1747647651103:,1747647652435
counter/4/0/0/0,1425:1747647651223:,1747647652435
counter/10/0/0/0,1255:1747647651196:,1747647652435
counter/8/0/0/0,1582:1747647651089:,1747647652435
counter/3/0/0/0,1555:1747647651103:,1747647652436
counter/1/0/0/0,1832:1747647651512:,1747647652436
counter/10/0/0/0,1256:1747647651196:,1747647652437
counter/10/0/0/0,1257:1747647651224:,1747647652437
counter/10/0/0/0,1258:1747647651224:,1747647652437
counter/4/0/0/0,1426:1747647651223:,1747647652437
counter/9/0/0/0,1509:1747647651193:,1747647652437
counter/9/0/0/0,1510:1747647651193:,1747647652437
counter/9/0/0/0,1511:1747647651194:,1747647652437
counter/9/0/0/0,1512:1747647651202:,1747647652437
counter/9/0/0/0,1513:1747647651202:,1747647652437
counter/9/0/0/0,1514:1747647651202:,1747647652437
counter/9/0/0/0,1515:1747647651202:,1747647652437
counter/9/0/0/0,1516:1747647651202:,1747647652437
counter/9/0/0/0,1517:1747647651202:,1747647652437
counter/9/0/0/0,1518:1747647651202:,1747647652437
counter/1/0/0/0,1833:1747647651512:,1747647652438
counter/1/0/0/0,1834:1747647651512:,1747647652438
counter/1/0/0/0,1835:1747647651512:,1747647652438
counter/1/0/0/0,1836:1747647651512:,1747647652438
counter/1/0/0/0,1837:1747647651512:,1747647652438
counter/1/0/0/0,1838:1747647651512:,1747647652438
counter/1/0/0/0,1839:1747647651524:,1747647652438
counter/1/0/0/0,1840:1747647651524:,1747647652438
counter/1/0/0/0,1841:1747647651524:,1747647652438
counter/1/0/0/0,1842:1747647651524:,1747647652439
counter/1/0/0/0,1843:1747647651524:,1747647652439
counter/8/0/0/0,1583:1747647651089:,1747647652439
counter/1/0/0/0,1844:1747647651524:,1747647652439
counter/8/0/0/0,1584:1747647651089:,1747647652439
counter/7/0/0/0,1198:1747647651100:,1747647652439
counter/7/0/0/0,1199:1747647651100:,1747647652439
counter/7/0/0/0,1200:1747647651100:,1747647652439
counter/7/0/0/0,1201:1747647651100:,1747647652440
counter/7/0/0/0,1202:1747647651101:,1747647652440
counter/7/0/0/0,1203:1747647651101:,1747647652440
counter/4/0/0/0,1427:1747647651223:,1747647652440
counter/5/0/0/0,1297:1747647650953:,1747647652440
counter/9/0/0/0,1519:1747647651202:,1747647652440
counter/9/0/0/0,1520:1747647651202:,1747647652440
counter/9/0/0/0,1521:1747647651202:,1747647652440
counter/9/0/0/0,1522:1747647651202:,1747647652440
counter/9/0/0/0,1523:1747647651202:,1747647652440
counter/9/0/0/0,1524:1747647651202:,1747647652440
counter/9/0/0/0,1525:1747647651202:,1747647652440
counter/9/0/0/0,1526:1747647651202:,1747647652440
counter/9/0/0/0,1527:1747647651202:,1747647652440
counter/9/0/0/0,1528:1747647651202:,1747647652440
counter/1/0/0/0,1845:1747647651524:,1747647652440
counter/1/0/0/0,1846:1747647651524:,1747647652440
counter/1/0/0/0,1847:1747647651524:,1747647652440
counter/1/0/0/0,1848:1747647651524:,1747647652440
counter/1/0/0/0,1849:1747647651524:,1747647652440
counter/2/0/0/0,1373:1747647651060:,1747647652440
counter/10/0/0/0,1259:1747647651225:,1747647652440
counter/5/0/0/0,1298:1747647650953:,1747647652440
counter/3/0/0/0,1556:1747647651103:,1747647652442
counter/5/0/0/0,1299:1747647650953:,1747647652442
counter/5/0/0/0,1300:1747647650953:,1747647652442
counter/5/0/0/0,1301:1747647650953:,1747647652442
counter/5/0/0/0,1302:1747647650953:,1747647652442
counter/6/0/0/0,1298:1747647651121:,1747647652442
counter/6/0/0/0,1299:1747647651121:,1747647652442
counter/1/0/0/0,1850:1747647651524:,1747647652442
counter/1/0/0/0,1851:1747647651524:,1747647652442
counter/1/0/0/0,1852:1747647651524:,1747647652443
counter/1/0/0/0,1853:1747647651524:,1747647652443
counter/1/0/0/0,1854:1747647651524:,1747647652443
counter/1/0/0/0,1855:1747647651524:,1747647652443
counter/1/0/0/0,1856:1747647651530:,1747647652443
counter/1/0/0/0,1857:1747647651530:,1747647652443
counter/5/0/0/0,1303:1747647650953:,1747647652443
counter/10/0/0/0,1260:1747647651225:,1747647652446
counter/8/0/0/0,1585:1747647651089:,1747647652446
counter/3/0/0/0,1557:1747647651103:,1747647652446
counter/8/0/0/0,1586:1747647651089:,1747647652446
counter/8/0/0/0,1587:1747647651089:,1747647652446
counter/5/0/0/0,1304:1747647650953:,1747647652446
counter/6/0/0/0,1300:1747647651121:,1747647652448
counter/6/0/0/0,1301:1747647651121:,1747647652448
counter/6/0/0/0,1302:1747647651121:,1747647652448
counter/6/0/0/0,1303:1747647651121:,1747647652448
counter/6/0/0/0,1304:1747647651121:,1747647652448
counter/6/0/0/0,1305:1747647651122:,1747647652448
counter/6/0/0/0,1306:1747647651122:,1747647652448
counter/6/0/0/0,1307:1747647651122:,1747647652448
counter/7/0/0/0,1204:1747647651101:,1747647652448
counter/6/0/0/0,1308:1747647651122:,1747647652448
counter/7/0/0/0,1205:1747647651101:,1747647652448
counter/6/0/0/0,1309:1747647651122:,1747647652448
counter/6/0/0/0,1310:1747647651122:,1747647652448
counter/2/0/0/0,1374:1747647651060:,1747647652448
counter/1/0/0/0,1858:1747647651531:,1747647652448
counter/2/0/0/0,1375:1747647651060:,1747647652449
counter/7/0/0/0,1206:1747647651101:,1747647652449
counter/5/0/0/0,1305:1747647650953:,1747647652449
counter/1/0/0/0,1859:1747647651531:,1747647652449
counter/1/0/0/0,1860:1747647651531:,1747647652449
counter/1/0/0/0,1861:1747647651531:,1747647652449
counter/4/0/0/0,1428:1747647651223:,1747647652449
counter/4/0/0/0,1429:1747647651223:,1747647652449
counter/9/0/0/0,1529:1747647651202:,1747647652449
counter/1/0/0/0,1862:1747647651531:,1747647652449
counter/1/0/0/0,1863:1747647651531:,1747647652449
counter/1/0/0/0,1864:1747647651531:,1747647652449
counter/1/0/0/0,1865:1747647651532:,1747647652450
counter/1/0/0/0,1866:1747647651534:,1747647652450
counter/9/0/0/0,1530:1747647651202:,1747647652450
counter/10/0/0/0,1261:1747647651225:,1747647652450
counter/10/0/0/0,1262:1747647651225:,1747647652450
counter/10/0/0/0,1263:1747647651225:,1747647652450
counter/6/0/0/0,1311:1747647651122:,1747647652450
counter/3/0/0/0,1558:1747647651103:,1747647652450
counter/4/0/0/0,1430:1747647651223:,1747647652450
counter/4/0/0/0,1431:1747647651223:,1747647652451
counter/4/0/0/0,1432:1747647651223:,1747647652451
counter/1/0/0/0,1867:1747647651534:,1747647652451
counter/1/0/0/0,1868:1747647651534:,1747647652451
counter/1/0/0/0,1869:1747647651534:,1747647652451
counter/1/0/0/0,1870:1747647651534:,1747647652451
counter/1/0/0/0,1871:1747647651534:,1747647652451
counter/1/0/0/0,1872:1747647651534:,1747647652451
counter/1/0/0/0,1873:1747647651534:,1747647652451
counter/1/0/0/0,1874:1747647651534:,1747647652451
counter/1/0/0/0,1875:1747647651534:,1747647652451
counter/1/0/0/0,1876:1747647651545:,1747647652451
counter/3/0/0/0,1559:1747647651103:,1747647652451
counter/3/0/0/0,1560:1747647651103:,1747647652451
counter/3/0/0/0,1561:1747647651103:,1747647652451
counter/8/0/0/0,1588:1747647651089:,1747647652451
counter/5/0/0/0,1306:1747647650953:,1747647652452
counter/5/0/0/0,1307:1747647650953:,1747647652452
counter/4/0/0/0,1433:1747647651223:,1747647652452
counter/4/0/0/0,1434:1747647651223:,1747647652452
counter/2/0/0/0,1376:1747647651060:,1747647652452
counter/2/0/0/0,1377:1747647651060:,1747647652452
counter/2/0/0/0,1378:1747647651060:,1747647652452
counter/2/0/0/0,1379:1747647651060:,1747647652452
counter/7/0/0/0,1207:1747647651101:,1747647652452
counter/7/0/0/0,1208:1747647651105:,1747647652452
counter/7/0/0/0,1209:1747647651105:,1747647652452
counter/7/0/0/0,1210:1747647651105:,1747647652452
counter/7/0/0/0,1211:1747647651105:,1747647652452
counter/7/0/0/0,1212:1747647651105:,1747647652452
counter/7/0/0/0,1213:1747647651105:,1747647652453
counter/7/0/0/0,1214:1747647651105:,1747647652453
counter/5/0/0/0,1308:1747647650953:,1747647652453
counter/3/0/0/0,1562:1747647651103:,1747647652453
counter/8/0/0/0,1589:1747647651089:,1747647652453
counter/3/0/0/0,1563:1747647651103:,1747647652453
counter/3/0/0/0,1564:1747647651103:,1747647652453
counter/3/0/0/0,1565:1747647651103:,1747647652453
counter/6/0/0/0,1312:1747647651123:,1747647652454
counter/6/0/0/0,1313:1747647651123:,1747647652454
counter/5/0/0/0,1309:1747647650953:,1747647652455
counter/5/0/0/0,1310:1747647650953:,1747647652455
counter/5/0/0/0,1311:1747647650953:,1747647652455
counter/5/0/0/0,1312:1747647650953:,1747647652455
counter/5/0/0/0,1313:1747647650953:,1747647652455
counter/5/0/0/0,1314:1747647650953:,1747647652455
counter/8/0/0/0,1590:1747647651089:,1747647652455
counter/8/0/0/0,1591:1747647651089:,1747647652455
counter/4/0/0/0,1435:1747647651223:,1747647652455
counter/4/0/0/0,1436:1747647651223:,1747647652455
counter/4/0/0/0,1437:1747647651223:,1747647652456
counter/4/0/0/0,1438:1747647651223:,1747647652456
counter/4/0/0/0,1439:1747647651223:,1747647652456
counter/4/0/0/0,1440:1747647651223:,1747647652456
counter/4/0/0/0,1441:1747647651223:,1747647652456
counter/4/0/0/0,1442:1747647651223:,1747647652456
counter/7/0/0/0,1215:1747647651105:,1747647652456
counter/7/0/0/0,1216:1747647651105:,1747647652456
counter/7/0/0/0,1217:1747647651105:,1747647652456
counter/7/0/0/0,1218:1747647651105:,1747647652456
counter/7/0/0/0,1219:1747647651105:,1747647652456
counter/7/0/0/0,1220:1747647651105:,1747647652456
counter/7/0/0/0,1221:1747647651105:,1747647652457
counter/7/0/0/0,1222:1747647651105:,1747647652457
counter/7/0/0/0,1223:1747647651105:,1747647652457
counter/7/0/0/0,1224:1747647651105:,1747647652457
counter/10/0/0/0,1264:1747647651225:,1747647652457
counter/5/0/0/0,1315:1747647650953:,1747647652457
counter/3/0/0/0,1566:1747647651103:,1747647652457
counter/8/0/0/0,1592:1747647651089:,1747647652457
counter/6/0/0/0,1314:1747647651123:,1747647652457
counter/1/0/0/0,1877:1747647651545:,1747647652457
counter/6/0/0/0,1315:1747647651123:,1747647652457
counter/6/0/0/0,1316:1747647651123:,1747647652457
counter/10/0/0/0,1265:1747647651225:,1747647652457
counter/10/0/0/0,1266:1747647651225:,1747647652457
counter/10/0/0/0,1267:1747647651225:,1747647652457
counter/10/0/0/0,1268:1747647651225:,1747647652457
counter/9/0/0/0,1531:1747647651202:,1747647652457
counter/4/0/0/0,1443:1747647651223:,1747647652457
counter/4/0/0/0,1444:1747647651223:,1747647652457
counter/10/0/0/0,1269:1747647651226:,1747647652458
counter/10/0/0/0,1270:1747647651226:,1747647652458
counter/1/0/0/0,1878:1747647651545:,1747647652458
counter/1/0/0/0,1879:1747647651545:,1747647652458
counter/1/0/0/0,1880:1747647651545:,1747647652458
counter/1/0/0/0,1881:1747647651545:,1747647652458
counter/1/0/0/0,1882:1747647651546:,1747647652458
counter/1/0/0/0,1883:1747647651546:,1747647652458
counter/1/0/0/0,1884:1747647651546:,1747647652458
counter/1/0/0/0,1885:1747647651546:,1747647652458
counter/1/0/0/0,1886:1747647651546:,1747647652459
counter/1/0/0/0,1887:1747647651549:,1747647652459
counter/1/0/0/0,1888:1747647651549:,1747647652459
counter/10/0/0/0,1271:1747647651232:,1747647652459
counter/6/0/0/0,1317:1747647651123:,1747647652459
counter/5/0/0/0,1316:1747647650953:,1747647652459
counter/4/0/0/0,1445:1747647651223:,1747647652459
counter/4/0/0/0,1446:1747647651224:,1747647652459
counter/1/0/0/0,1889:1747647651549:,1747647652459
counter/7/0/0/0,1225:1747647651105:,1747647652459
counter/4/0/0/0,1447:1747647651224:,1747647652460
counter/1/0/0/0,1890:1747647651549:,1747647652461
counter/8/0/0/0,1593:1747647651089:,1747647652461
counter/8/0/0/0,1594:1747647651089:,1747647652461
counter/6/0/0/0,1318:1747647651123:,1747647652461
counter/6/0/0/0,1319:1747647651123:,1747647652461
counter/6/0/0/0,1320:1747647651125:,1747647652461
counter/6/0/0/0,1321:1747647651125:,1747647652461
counter/5/0/0/0,1317:1747647650953:,1747647652462
counter/10/0/0/0,1272:1747647651232:,1747647652462
counter/4/0/0/0,1448:1747647651224:,1747647652462
counter/8/0/0/0,1595:1747647651089:,1747647652463
counter/8/0/0/0,1596:1747647651089:,1747647652463
counter/8/0/0/0,1597:1747647651091:,1747647652463
counter/8/0/0/0,1598:1747647651091:,1747647652463
counter/1/0/0/0,1891:1747647651549:,1747647652463
counter/4/0/0/0,1449:1747647651224:,1747647652463
counter/4/0/0/0,1450:1747647651224:,1747647652463
counter/6/0/0/0,1322:1747647651125:,1747647652463
counter/4/0/0/0,1451:1747647651224:,1747647652464
counter/4/0/0/0,1452:1747647651224:,1747647652464
counter/4/0/0/0,1453:1747647651224:,1747647652464
counter/4/0/0/0,1454:1747647651224:,1747647652464
counter/4/0/0/0,1455:1747647651225:,1747647652464
counter/4/0/0/0,1456:1747647651225:,1747647652464
counter/5/0/0/0,1318:1747647650957:,1747647652464
counter/7/0/0/0,1226:1747647651105:,1747647652464
counter/6/0/0/0,1323:1747647651125:,1747647652465
counter/3/0/0/0,1567:1747647651103:,1747647652466
counter/3/0/0/0,1568:1747647651103:,1747647652466
counter/3/0/0/0,1569:1747647651103:,1747647652466
counter/9/0/0/0,1532:1747647651202:,1747647652467
counter/6/0/0/0,1324:1747647651125:,1747647652467
counter/2/0/0/0,1380:1747647651060:,1747647652467
counter/6/0/0/0,1325:1747647651125:,1747647652467
counter/6/0/0/0,1326:1747647651125:,1747647652467
counter/6/0/0/0,1327:1747647651129:,1747647652467
counter/6/0/0/0,1328:1747647651129:,1747647652467
counter/8/0/0/0,1599:1747647651091:,1747647652467
counter/10/0/0/0,1273:1747647651232:,1747647652467
counter/1/0/0/0,1892:1747647651549:,1747647652467
counter/3/0/0/0,1570:1747647651103:,1747647652467
counter/1/0/0/0,1893:1747647651549:,1747647652468
counter/1/0/0/0,1894:1747647651550:,1747647652468
counter/4/0/0/0,1457:1747647651225:,1747647652468
counter/4/0/0/0,1458:1747647651225:,1747647652468
counter/4/0/0/0,1459:1747647651225:,1747647652468
counter/4/0/0/0,1460:1747647651225:,1747647652468
counter/4/0/0/0,1461:1747647651225:,1747647652468
counter/5/0/0/0,1319:1747647650957:,1747647652468
counter/4/0/0/0,1462:1747647651225:,1747647652468
counter/9/0/0/0,1533:1747647651202:,1747647652469
counter/9/0/0/0,1534:1747647651202:,1747647652469
counter/9/0/0/0,1535:1747647651204:,1747647652469
counter/9/0/0/0,1536:1747647651204:,1747647652469
counter/8/0/0/0,1600:1747647651091:,1747647652469
counter/3/0/0/0,1571:1747647651104:,1747647652470
counter/1/0/0/0,1895:1747647651550:,1747647652470
counter/4/0/0/0,1463:1747647651225:,1747647652473
counter/4/0/0/0,1464:1747647651225:,1747647652473
counter/4/0/0/0,1465:1747647651225:,1747647652473
counter/4/0/0/0,1466:1747647651225:,1747647652473
counter/4/0/0/0,1467:1747647651225:,1747647652473
counter/4/0/0/0,1468:1747647651225:,1747647652473
counter/4/0/0/0,1469:1747647651225:,1747647652473
counter/4/0/0/0,1470:1747647651225:,1747647652473
counter/5/0/0/0,1320:1747647650957:,1747647652477
counter/3/0/0/0,1572:1747647651104:,1747647652478
counter/8/0/0/0,1601:1747647651092:,1747647652479
counter/10/0/0/0,1274:1747647651238:,1747647652480
counter/6/0/0/0,1329:1747647651129:,1747647652480
counter/4/0/0/0,1471:1747647651225:,1747647652480
counter/3/0/0/0,1573:1747647651104:,1747647652481
counter/10/0/0/0,1275:1747647651239:,1747647652481
counter/5/0/0/0,1321:1747647650957:,1747647652481
counter/5/0/0/0,1322:1747647650957:,1747647652481
counter/9/0/0/0,1537:1747647651204:,1747647652482
counter/9/0/0/0,1538:1747647651204:,1747647652482
counter/9/0/0/0,1539:1747647651204:,1747647652482
counter/9/0/0/0,1540:1747647651204:,1747647652482
counter/9/0/0/0,1541:1747647651204:,1747647652483
counter/9/0/0/0,1542:1747647651204:,1747647652483
counter/9/0/0/0,1543:1747647651204:,1747647652483
counter/9/0/0/0,1544:1747647651204:,1747647652483
counter/9/0/0/0,1545:1747647651204:,1747647652483
counter/9/0/0/0,1546:1747647651204:,1747647652483
counter/9/0/0/0,1547:1747647651204:,1747647652483
counter/9/0/0/0,1548:1747647651204:,1747647652483
counter/9/0/0/0,1549:1747647651204:,1747647652483
counter/4/0/0/0,1472:1747647651228:,1747647652483
counter/4/0/0/0,1473:1747647651228:,1747647652483
counter/4/0/0/0,1474:1747647651228:,1747647652483
counter/4/0/0/0,1475:1747647651228:,1747647652483
counter/5/0/0/0,1323:1747647650960:,1747647652483
counter/4/0/0/0,1476:1747647651228:,1747647652486
counter/3/0/0/0,1574:1747647651104:,1747647652487
counter/3/0/0/0,1575:1747647651104:,1747647652487
counter/3/0/0/0,1576:1747647651104:,1747647652487
counter/3/0/0/0,1577:1747647651104:,1747647652487
counter/3/0/0/0,1578:1747647651104:,1747647652487
counter/3/0/0/0,1579:1747647651110:,1747647652487
counter/3/0/0/0,1580:1747647651111:,1747647652487
counter/1/0/0/0,1896:1747647651551:,1747647652487
counter/2/0/0/0,1381:1747647651060:,1747647652487
counter/2/0/0/0,1382:1747647651060:,1747647652487
counter/2/0/0/0,1383:1747647651060:,1747647652487
counter/2/0/0/0,1384:1747647651063:,1747647652488
counter/8/0/0/0,1602:1747647651101:,1747647652488
counter/10/0/0/0,1276:1747647651239:,1747647652490
counter/6/0/0/0,1330:1747647651129:,1747647652491
counter/1/0/0/0,1897:1747647651551:,1747647652492
counter/10/0/0/0,1277:1747647651239:,1747647652492
counter/7/0/0/0,1227:1747647651105:,1747647652492
counter/7/0/0/0,1228:1747647651105:,1747647652492
counter/7/0/0/0,1229:1747647651105:,1747647652492
counter/7/0/0/0,1230:1747647651105:,1747647652493
counter/7/0/0/0,1231:1747647651106:,1747647652493
counter/7/0/0/0,1232:1747647651106:,1747647652493
counter/7/0/0/0,1233:1747647651106:,1747647652493
counter/7/0/0/0,1234:1747647651106:,1747647652493
counter/7/0/0/0,1235:1747647651106:,1747647652493
counter/7/0/0/0,1236:1747647651106:,1747647652493
counter/7/0/0/0,1237:1747647651106:,1747647652493
counter/5/0/0/0,1324:1747647650960:,1747647652493
counter/1/0/0/0,1898:1747647651551:,1747647652493
counter/5/0/0/0,1325:1747647650960:,1747647652493
counter/1/0/0/0,1899:1747647651554:,1747647652493
counter/1/0/0/0,1900:1747647651554:,1747647652495
counter/1/0/0/0,1901:1747647651554:,1747647652495
counter/1/0/0/0,1902:1747647651554:,1747647652495
counter/1/0/0/0,1903:1747647651554:,1747647652495
counter/1/0/0/0,1904:1747647651554:,1747647652495
counter/1/0/0/0,1905:1747647651554:,1747647652495
counter/5/0/0/0,1326:1747647650960:,1747647652495
counter/9/0/0/0,1550:1747647651204:,1747647652496
counter/1/0/0/0,1906:1747647651554:,1747647652496
counter/9/0/0/0,1551:1747647651205:,1747647652497
counter/9/0/0/0,1552:1747647651205:,1747647652497
counter/9/0/0/0,1553:1747647651205:,1747647652497
counter/9/0/0/0,1554:1747647651205:,1747647652497
counter/9/0/0/0,1555:1747647651205:,1747647652497
counter/1/0/0/0,1907:1747647651554:,1747647652498
counter/1/0/0/0,1908:1747647651561:,1747647652498
counter/1/0/0/0,1909:1747647651561:,1747647652498
counter/1/0/0/0,1910:1747647651561:,1747647652498
counter/1/0/0/0,1911:1747647651561:,1747647652498
counter/1/0/0/0,1912:1747647651561:,1747647652498
counter/1/0/0/0,1913:1747647651561:,1747647652498
counter/1/0/0/0,1914:1747647651561:,1747647652498
counter/1/0/0/0,1915:1747647651566:,1747647652498
counter/4/0/0/0,1477:1747647651228:,1747647652500
counter/4/0/0/0,1478:1747647651228:,1747647652500
counter/7/0/0/0,1238:1747647651106:,1747647652500
counter/7/0/0/0,1239:1747647651106:,1747647652500
counter/7/0/0/0,1240:1747647651106:,1747647652500
counter/7/0/0/0,1241:1747647651106:,1747647652500
counter/7/0/0/0,1242:1747647651106:,1747647652500
counter/7/0/0/0,1243:1747647651106:,1747647652501
counter/7/0/0/0,1244:1747647651106:,1747647652501
counter/7/0/0/0,1245:1747647651106:,1747647652501
counter/3/0/0/0,1581:1747647651112:,1747647652501
counter/7/0/0/0,1246:1747647651106:,1747647652501
counter/7/0/0/0,1247:1747647651106:,1747647652501
counter/4/0/0/0,1479:1747647651228:,1747647652501
counter/5/0/0/0,1327:1747647650965:,1747647652501
counter/5/0/0/0,1328:1747647650965:,1747647652501
counter/5/0/0/0,1329:1747647650996:,1747647652501
counter/5/0/0/0,1330:1747647650996:,1747647652501
counter/5/0/0/0,1331:1747647650996:,1747647652501
counter/5/0/0/0,1332:1747647650996:,1747647652501
counter/7/0/0/0,1248:1747647651106:,1747647652501
counter/7/0/0/0,1249:1747647651109:,1747647652501
counter/7/0/0/0,1250:1747647651109:,1747647652501
counter/7/0/0/0,1251:1747647651109:,1747647652501
counter/7/0/0/0,1252:1747647651109:,1747647652501
counter/7/0/0/0,1253:1747647651109:,1747647652501
counter/10/0/0/0,1278:1747647651239:,1747647652502
counter/8/0/0/0,1603:1747647651101:,1747647652502
counter/10/0/0/0,1279:1747647651239:,1747647652503
counter/10/0/0/0,1280:1747647651239:,1747647652505
counter/10/0/0/0,1281:1747647651239:,1747647652505
counter/3/0/0/0,1582:1747647651112:,1747647652505
counter/2/0/0/0,1385:1747647651063:,1747647652506
counter/2/0/0/0,1386:1747647651063:,1747647652506
counter/2/0/0/0,1387:1747647651077:,1747647652506
counter/2/0/0/0,1388:1747647651077:,1747647652506
counter/2/0/0/0,1389:1747647651077:,1747647652506
counter/2/0/0/0,1390:1747647651077:,1747647652506
counter/2/0/0/0,1391:1747647651077:,1747647652506
counter/2/0/0/0,1392:1747647651077:,1747647652507
counter/4/0/0/0,1480:1747647651228:,1747647652507
counter/5/0/0/0,1333:1747647650996:,1747647652507
counter/5/0/0/0,1334:1747647650996:,1747647652507
counter/5/0/0/0,1335:1747647650996:,1747647652507
counter/5/0/0/0,1336:1747647650996:,1747647652507
counter/5/0/0/0,1337:1747647650996:,1747647652507
counter/9/0/0/0,1556:1747647651205:,1747647652508
counter/1/0/0/0,1916:1747647651566:,1747647652508
counter/1/0/0/0,1917:1747647651566:,1747647652509
counter/1/0/0/0,1918:1747647651566:,1747647652509
counter/1/0/0/0,1919:1747647651573:,1747647652509
counter/1/0/0/0,1920:1747647651573:,1747647652509
counter/1/0/0/0,1921:1747647651573:,1747647652509
counter/10/0/0/0,1282:1747647651239:,1747647652509
counter/4/0/0/0,1481:1747647651228:,1747647652509
counter/4/0/0/0,1482:1747647651228:,1747647652509
counter/4/0/0/0,1483:1747647651228:,1747647652509
counter/4/0/0/0,1484:1747647651228:,1747647652509
counter/4/0/0/0,1485:1747647651228:,1747647652509
counter/4/0/0/0,1486:1747647651228:,1747647652509
counter/4/0/0/0,1487:1747647651228:,1747647652509
counter/4/0/0/0,1488:1747647651228:,1747647652510
counter/4/0/0/0,1489:1747647651228:,1747647652510
counter/6/0/0/0,1331:1747647651129:,1747647652510
counter/3/0/0/0,1583:1747647651112:,1747647652510
counter/7/0/0/0,1254:1747647651109:,1747647652511
counter/7/0/0/0,1255:1747647651109:,1747647652511
counter/7/0/0/0,1256:1747647651109:,1747647652511
counter/7/0/0/0,1257:1747647651110:,1747647652511
counter/7/0/0/0,1258:1747647651110:,1747647652511
counter/7/0/0/0,1259:1747647651110:,1747647652511
counter/7/0/0/0,1260:1747647651110:,1747647652511
counter/7/0/0/0,1261:1747647651114:,1747647652511
counter/7/0/0/0,1262:1747647651118:,1747647652511
counter/7/0/0/0,1263:1747647651119:,1747647652511
counter/7/0/0/0,1264:1747647651120:,1747647652511
counter/7/0/0/0,1265:1747647651120:,1747647652511
counter/5/0/0/0,1338:1747647650996:,1747647652511
counter/8/0/0/0,1604:1747647651101:,1747647652511
counter/7/0/0/0,1266:1747647651120:,1747647652511
counter/9/0/0/0,1557:1747647651205:,1747647652511
counter/5/0/0/0,1339:1747647650996:,1747647652512
counter/5/0/0/0,1340:1747647650996:,1747647652513
counter/5/0/0/0,1341:1747647650996:,1747647652513
counter/5/0/0/0,1342:1747647650996:,1747647652513
counter/5/0/0/0,1343:1747647650996:,1747647652513
counter/5/0/0/0,1344:1747647650996:,1747647652513
counter/5/0/0/0,1345:1747647650996:,1747647652513
counter/5/0/0/0,1346:1747647651005:,1747647652513
counter/5/0/0/0,1347:1747647651006:,1747647652513
counter/7/0/0/0,1267:1747647651120:,1747647652514
counter/6/0/0/0,1332:1747647651129:,1747647652515
counter/3/0/0/0,1584:1747647651112:,1747647652519
counter/10/0/0/0,1283:1747647651240:,1747647652519
counter/6/0/0/0,1333:1747647651129:,1747647652521
counter/6/0/0/0,1334:1747647651130:,1747647652521
counter/6/0/0/0,1335:1747647651130:,1747647652521
counter/6/0/0/0,1336:1747647651130:,1747647652521
counter/6/0/0/0,1337:1747647651130:,1747647652521
counter/2/0/0/0,1393:1747647651077:,1747647652521
counter/2/0/0/0,1394:1747647651084:,1747647652521
counter/5/0/0/0,1348:1747647651006:,1747647652522
counter/5/0/0/0,1349:1747647651006:,1747647652522
counter/5/0/0/0,1350:1747647651006:,1747647652522
counter/5/0/0/0,1351:1747647651006:,1747647652522
counter/5/0/0/0,1352:1747647651006:,1747647652522
counter/5/0/0/0,1353:1747647651006:,1747647652522
counter/5/0/0/0,1354:1747647651012:,1747647652522
counter/5/0/0/0,1355:1747647651012:,1747647652522
counter/1/0/0/0,1922:1747647651573:,1747647652523
counter/9/0/0/0,1558:1747647651205:,1747647652523
counter/1/0/0/0,1923:1747647651573:,1747647652523
counter/1/0/0/0,1924:1747647651573:,1747647652523
counter/1/0/0/0,1925:1747647651574:,1747647652523
counter/1/0/0/0,1926:1747647651574:,1747647652523
counter/1/0/0/0,1927:1747647651574:,1747647652523
counter/6/0/0/0,1338:1747647651130:,1747647652523
counter/7/0/0/0,1268:1747647651120:,1747647652523
counter/3/0/0/0,1585:1747647651112:,1747647652525
counter/3/0/0/0,1586:1747647651112:,1747647652526
counter/4/0/0/0,1490:1747647651231:,1747647652526
counter/3/0/0/0,1587:1747647651112:,1747647652526
counter/3/0/0/0,1588:1747647651112:,1747647652527
counter/4/0/0/0,1491:1747647651231:,1747647652528
counter/4/0/0/0,1492:1747647651231:,1747647652528
counter/4/0/0/0,1493:1747647651231:,1747647652528
counter/4/0/0/0,1494:1747647651231:,1747647652528
counter/4/0/0/0,1495:1747647651232:,1747647652528
counter/4/0/0/0,1496:1747647651232:,1747647652528
counter/4/0/0/0,1497:1747647651232:,1747647652528
counter/10/0/0/0,1284:1747647651240:,1747647652528
counter/9/0/0/0,1559:1747647651205:,1747647652528
counter/5/0/0/0,1356:1747647651012:,1747647652528
counter/5/0/0/0,1357:1747647651012:,1747647652528
counter/5/0/0/0,1358:1747647651012:,1747647652528
counter/5/0/0/0,1359:1747647651012:,1747647652528
counter/5/0/0/0,1360:1747647651021:,1747647652528
counter/5/0/0/0,1361:1747647651021:,1747647652528
counter/5/0/0/0,1362:1747647651021:,1747647652528
counter/1/0/0/0,1928:1747647651574:,1747647652528
counter/1/0/0/0,1929:1747647651575:,1747647652529
counter/1/0/0/0,1930:1747647651575:,1747647652529
counter/1/0/0/0,1931:1747647651575:,1747647652529
counter/1/0/0/0,1932:1747647651575:,1747647652529
counter/1/0/0/0,1933:1747647651575:,1747647652529
counter/1/0/0/0,1934:1747647651575:,1747647652529
counter/1/0/0/0,1935:1747647651575:,1747647652529
counter/1/0/0/0,1936:1747647651575:,1747647652529
counter/8/0/0/0,1605:1747647651101:,1747647652529
counter/9/0/0/0,1560:1747647651205:,1747647652529
counter/8/0/0/0,1606:1747647651101:,1747647652529
counter/7/0/0/0,1269:1747647651120:,1747647652529
counter/10/0/0/0,1285:1747647651240:,1747647652529
counter/4/0/0/0,1498:1747647651232:,1747647652529
counter/9/0/0/0,1561:1747647651205:,1747647652529
counter/5/0/0/0,1363:1747647651021:,1747647652533
counter/5/0/0/0,1364:1747647651021:,1747647652533
counter/5/0/0/0,1365:1747647651021:,1747647652533
counter/5/0/0/0,1366:1747647651021:,1747647652533
counter/5/0/0/0,1367:1747647651021:,1747647652533
counter/10/0/0/0,1286:1747647651240:,1747647652533
counter/3/0/0/0,1589:1747647651112:,1747647652534
counter/3/0/0/0,1590:1747647651112:,1747647652534
counter/3/0/0/0,1591:1747647651112:,1747647652534
counter/3/0/0/0,1592:1747647651112:,1747647652534
counter/3/0/0/0,1593:1747647651112:,1747647652535
counter/3/0/0/0,1594:1747647651113:,1747647652535
counter/3/0/0/0,1595:1747647651113:,1747647652535
counter/3/0/0/0,1596:1747647651113:,1747647652535
counter/5/0/0/0,1368:1747647651021:,1747647652535
counter/5/0/0/0,1369:1747647651021:,1747647652535
counter/5/0/0/0,1370:1747647651021:,1747647652535
counter/5/0/0/0,1371:1747647651021:,1747647652535
counter/5/0/0/0,1372:1747647651021:,1747647652535
counter/5/0/0/0,1373:1747647651021:,1747647652535
counter/5/0/0/0,1374:1747647651022:,1747647652535
counter/3/0/0/0,1597:1747647651113:,1747647652535
counter/5/0/0/0,1375:1747647651022:,1747647652535
counter/8/0/0/0,1607:1747647651101:,1747647652535
counter/7/0/0/0,1270:1747647651120:,1747647652536
counter/7/0/0/0,1271:1747647651120:,1747647652536
counter/1/0/0/0,1937:1747647651581:,1747647652536
counter/5/0/0/0,1376:1747647651025:,1747647652536
counter/5/0/0/0,1377:1747647651025:,1747647652536
counter/5/0/0/0,1378:1747647651025:,1747647652536
counter/5/0/0/0,1379:1747647651025:,1747647652536
counter/5/0/0/0,1380:1747647651026:,1747647652536
counter/5/0/0/0,1381:1747647651026:,1747647652537
counter/5/0/0/0,1382:1747647651026:,1747647652537
counter/1/0/0/0,1938:1747647651581:,1747647652537
counter/1/0/0/0,1939:1747647651581:,1747647652537
counter/6/0/0/0,1339:1747647651130:,1747647652537
counter/1/0/0/0,1940:1747647651581:,1747647652537
counter/1/0/0/0,1941:1747647651581:,1747647652537
counter/1/0/0/0,1942:1747647651581:,1747647652537
counter/1/0/0/0,1943:1747647651590:,1747647652537
counter/1/0/0/0,1944:1747647651590:,1747647652537
counter/1/0/0/0,1945:1747647651590:,1747647652537
counter/1/0/0/0,1946:1747647651590:,1747647652537
counter/1/0/0/0,1947:1747647651590:,1747647652537
counter/1/0/0/0,1948:1747647651591:,1747647652537
counter/1/0/0/0,1949:1747647651591:,1747647652537
counter/1/0/0/0,1950:1747647651591:,1747647652538
counter/1/0/0/0,1951:1747647651591:,1747647652538
counter/7/0/0/0,1272:1747647651120:,1747647652538
counter/4/0/0/0,1499:1747647651232:,1747647652539
counter/4/0/0/0,1500:1747647651232:,1747647652539
counter/4/0/0/0,1501:1747647651232:,1747647652539
counter/4/0/0/0,1502:1747647651232:,1747647652539
counter/4/0/0/0,1503:1747647651232:,1747647652539
counter/4/0/0/0,1504:1747647651233:,1747647652539
counter/4/0/0/0,1505:1747647651233:,1747647652540
counter/4/0/0/0,1506:1747647651235:,1747647652540
counter/4/0/0/0,1507:1747647651235:,1747647652540
counter/4/0/0/0,1508:1747647651237:,1747647652540
counter/5/0/0/0,1383:1747647651026:,1747647652540
counter/5/0/0/0,1384:1747647651026:,1747647652540
counter/5/0/0/0,1385:1747647651026:,1747647652540
counter/5/0/0/0,1386:1747647651026:,1747647652540
counter/5/0/0/0,1387:1747647651026:,1747647652541
counter/5/0/0/0,1388:1747647651026:,1747647652541
counter/1/0/0/0,1952:1747647651591:,1747647652542
counter/5/0/0/0,1389:1747647651026:,1747647652542
counter/6/0/0/0,1340:1747647651130:,1747647652543
counter/9/0/0/0,1562:1747647651205:,1747647652543
counter/3/0/0/0,1598:1747647651113:,1747647652544
counter/10/0/0/0,1287:1747647651240:,1747647652546
counter/10/0/0/0,1288:1747647651240:,1747647652546
counter/8/0/0/0,1608:1747647651101:,1747647652546
counter/4/0/0/0,1509:1747647651237:,1747647652546
counter/1/0/0/0,1953:1747647651591:,1747647652546
counter/6/0/0/0,1341:1747647651130:,1747647652546
counter/6/0/0/0,1342:1747647651130:,1747647652546
counter/6/0/0/0,1343:1747647651130:,1747647652546
counter/6/0/0/0,1344:1747647651131:,1747647652546
counter/9/0/0/0,1563:1747647651205:,1747647652547
counter/6/0/0/0,1345:1747647651131:,1747647652548
counter/7/0/0/0,1273:1747647651120:,1747647652549
counter/7/0/0/0,1274:1747647651120:,1747647652549
counter/7/0/0/0,1275:1747647651123:,1747647652549
counter/7/0/0/0,1276:1747647651123:,1747647652549
counter/7/0/0/0,1277:1747647651123:,1747647652549
counter/7/0/0/0,1278:1747647651123:,1747647652549
counter/3/0/0/0,1599:1747647651113:,1747647652549
counter/5/0/0/0,1390:1747647651026:,1747647652550
counter/5/0/0/0,1391:1747647651026:,1747647652551
counter/4/0/0/0,1510:1747647651237:,1747647652551
counter/4/0/0/0,1511:1747647651237:,1747647652551
counter/4/0/0/0,1512:1747647651238:,1747647652551
counter/10/0/0/0,1289:1747647651240:,1747647652552
counter/10/0/0/0,1290:1747647651240:,1747647652552
counter/10/0/0/0,1291:1747647651240:,1747647652552
counter/10/0/0/0,1292:1747647651244:,1747647652552
counter/10/0/0/0,1293:1747647651244:,1747647652552
counter/10/0/0/0,1294:1747647651244:,1747647652552
counter/10/0/0/0,1295:1747647651244:,1747647652552
counter/3/0/0/0,1600:1747647651113:,1747647652552
counter/6/0/0/0,1346:1747647651131:,1747647652552
counter/1/0/0/0,1954:1747647651591:,1747647652553
counter/6/0/0/0,1347:1747647651131:,1747647652553
counter/9/0/0/0,1564:1747647651205:,1747647652553
counter/9/0/0/0,1565:1747647651205:,1747647652553
counter/4/0/0/0,1513:1747647651238:,1747647652553
counter/10/0/0/0,1296:1747647651244:,1747647652553
counter/10/0/0/0,1297:1747647651254:,1747647652553
counter/10/0/0/0,1298:1747647651254:,1747647652553
counter/10/0/0/0,1299:1747647651254:,1747647652553
counter/10/0/0/0,1300:1747647651254:,1747647652553
counter/10/0/0/0,1301:1747647651254:,1747647652553
counter/10/0/0/0,1302:1747647651254:,1747647652554
counter/3/0/0/0,1601:1747647651113:,1747647652554
counter/6/0/0/0,1348:1747647651131:,1747647652554
counter/6/0/0/0,1349:1747647651131:,1747647652554
counter/6/0/0/0,1350:1747647651131:,1747647652554
counter/6/0/0/0,1351:1747647651131:,1747647652554
counter/6/0/0/0,1352:1747647651131:,1747647652554
counter/10/0/0/0,1303:1747647651254:,1747647652555
counter/10/0/0/0,1304:1747647651254:,1747647652556
counter/9/0/0/0,1566:1747647651205:,1747647652558
counter/8/0/0/0,1609:1747647651101:,1747647652558
counter/10/0/0/0,1305:1747647651254:,1747647652558
counter/7/0/0/0,1279:1747647651123:,1747647652558
counter/6/0/0/0,1353:1747647651131:,1747647652558
counter/4/0/0/0,1514:1747647651238:,1747647652558
counter/10/0/0/0,1306:1747647651271:,1747647652563
counter/6/0/0/0,1354:1747647651131:,1747647652564
counter/6/0/0/0,1355:1747647651131:,1747647652564
counter/6/0/0/0,1356:1747647651131:,1747647652564
counter/6/0/0/0,1357:1747647651131:,1747647652564
counter/6/0/0/0,1358:1747647651131:,1747647652564
counter/6/0/0/0,1359:1747647651131:,1747647652564
counter/6/0/0/0,1360:1747647651140:,1747647652564
counter/1/0/0/0,1955:1747647651591:,1747647652565
counter/10/0/0/0,1307:1747647651271:,1747647652565
counter/8/0/0/0,1610:1747647651101:,1747647652565
counter/8/0/0/0,1611:1747647651102:,1747647652565
counter/8/0/0/0,1612:1747647651102:,1747647652565
counter/8/0/0/0,1613:1747647651102:,1747647652565
counter/8/0/0/0,1614:1747647651102:,1747647652565
counter/8/0/0/0,1615:1747647651102:,1747647652565
counter/8/0/0/0,1616:1747647651102:,1747647652565
counter/8/0/0/0,1617:1747647651102:,1747647652565
counter/8/0/0/0,1618:1747647651102:,1747647652565
counter/8/0/0/0,1619:1747647651102:,1747647652565
counter/6/0/0/0,1361:1747647651140:,1747647652565
counter/7/0/0/0,1280:1747647651123:,1747647652565
counter/4/0/0/0,1515:1747647651238:,1747647652566
counter/4/0/0/0,1516:1747647651238:,1747647652566
counter/8/0/0/0,1620:1747647651102:,1747647652566
counter/4/0/0/0,1517:1747647651238:,1747647652566
counter/1/0/0/0,1956:1747647651591:,1747647652566
counter/10/0/0/0,1308:1747647651271:,1747647652566
counter/3/0/0/0,1602:1747647651113:,1747647652566
counter/3/0/0/0,1603:1747647651113:,1747647652566
counter/3/0/0/0,1604:1747647651113:,1747647652566
counter/3/0/0/0,1605:1747647651116:,1747647652566
counter/3/0/0/0,1606:1747647651116:,1747647652566
counter/3/0/0/0,1607:1747647651116:,1747647652566
counter/3/0/0/0,1608:1747647651117:,1747647652566
counter/5/0/0/0,1392:1747647651026:,1747647652567
counter/5/0/0/0,1393:1747647651026:,1747647652567
counter/8/0/0/0,1621:1747647651102:,1747647652567
counter/8/0/0/0,1622:1747647651102:,1747647652567
counter/9/0/0/0,1567:1747647651205:,1747647652567
counter/9/0/0/0,1568:1747647651205:,1747647652567
counter/6/0/0/0,1362:1747647651140:,1747647652568
counter/5/0/0/0,1394:1747647651026:,1747647652568
counter/5/0/0/0,1395:1747647651026:,1747647652568
counter/5/0/0/0,1396:1747647651026:,1747647652568
counter/5/0/0/0,1397:1747647651026:,1747647652568
counter/5/0/0/0,1398:1747647651026:,1747647652568
counter/4/0/0/0,1518:1747647651240:,1747647652568
counter/10/0/0/0,1309:1747647651272:,1747647652568
counter/1/0/0/0,1957:1747647651591:,1747647652568
counter/5/0/0/0,1399:1747647651026:,1747647652569
counter/9/0/0/0,1569:1747647651205:,1747647652569
counter/5/0/0/0,1400:1747647651026:,1747647652569
counter/5/0/0/0,1401:1747647651026:,1747647652569
counter/5/0/0/0,1402:1747647651026:,1747647652569
counter/10/0/0/0,1310:1747647651272:,1747647652569
counter/5/0/0/0,1403:1747647651026:,1747647652569
counter/3/0/0/0,1609:1747647651117:,1747647652569
counter/6/0/0/0,1363:1747647651141:,1747647652569
counter/8/0/0/0,1623:1747647651102:,1747647652569
counter/1/0/0/0,1958:1747647651591:,1747647652570
counter/5/0/0/0,1404:1747647651026:,1747647652570
counter/5/0/0/0,1405:1747647651026:,1747647652570
counter/5/0/0/0,1406:1747647651031:,1747647652570
counter/5/0/0/0,1407:1747647651031:,1747647652570
counter/5/0/0/0,1408:1747647651031:,1747647652570
counter/5/0/0/0,1409:1747647651031:,1747647652570
counter/1/0/0/0,1959:1747647651591:,1747647652571
counter/1/0/0/0,1960:1747647651591:,1747647652571
counter/1/0/0/0,1961:1747647651598:,1747647652571
counter/1/0/0/0,1962:1747647651598:,1747647652571
counter/1/0/0/0,1963:1747647651598:,1747647652571
counter/1/0/0/0,1964:1747647651598:,1747647652571
counter/1/0/0/0,1965:1747647651598:,1747647652572
counter/5/0/0/0,1410:1747647651031:,1747647652572
counter/1/0/0/0,1966:1747647651604:,1747647652572
counter/8/0/0/0,1624:1747647651107:,1747647652572
counter/1/0/0/0,1967:1747647651604:,1747647652572
counter/1/0/0/0,1968:1747647651604:,1747647652572
counter/1/0/0/0,1969:1747647651604:,1747647652572
counter/1/0/0/0,1970:1747647651604:,1747647652572
counter/10/0/0/0,1311:1747647651273:,1747647652573
counter/5/0/0/0,1411:1747647651032:,1747647652575
counter/7/0/0/0,1281:1747647651123:,1747647652579
counter/7/0/0/0,1282:1747647651123:,1747647652579
counter/7/0/0/0,1283:1747647651123:,1747647652579
counter/7/0/0/0,1284:1747647651123:,1747647652579
counter/7/0/0/0,1285:1747647651123:,1747647652579
counter/7/0/0/0,1286:1747647651123:,1747647652579
counter/5/0/0/0,1412:1747647651032:,1747647652579
counter/3/0/0/0,1610:1747647651117:,1747647652580
counter/8/0/0/0,1625:1747647651107:,1747647652580
counter/3/0/0/0,1611:1747647651117:,1747647652580
counter/3/0/0/0,1612:1747647651117:,1747647652581
counter/1/0/0/0,1971:1747647651604:,1747647652581
counter/3/0/0/0,1613:1747647651117:,1747647652581
counter/10/0/0/0,1312:1747647651273:,1747647652584
counter/9/0/0/0,1570:1747647651205:,1747647652584
counter/9/0/0/0,1571:1747647651240:,1747647652584
counter/9/0/0/0,1572:1747647651249:,1747647652584
counter/9/0/0/0,1573:1747647651249:,1747647652584
counter/4/0/0/0,1519:1747647651242:,1747647652584
counter/4/0/0/0,1520:1747647651242:,1747647652584
counter/4/0/0/0,1521:1747647651243:,1747647652584
counter/4/0/0/0,1522:1747647651243:,1747647652584
counter/4/0/0/0,1523:1747647651243:,1747647652584
counter/4/0/0/0,1524:1747647651243:,1747647652584
counter/4/0/0/0,1525:1747647651243:,1747647652584
counter/4/0/0/0,1526:1747647651243:,1747647652584
counter/4/0/0/0,1527:1747647651245:,1747647652584
counter/5/0/0/0,1413:1747647651032:,1747647652584
counter/6/0/0/0,1364:1747647651141:,1747647652585
counter/3/0/0/0,1614:1747647651117:,1747647652585
counter/5/0/0/0,1414:1747647651032:,1747647652585
counter/8/0/0/0,1626:1747647651107:,1747647652585
counter/6/0/0/0,1365:1747647651141:,1747647652586
counter/9/0/0/0,1574:1747647651249:,1747647652586
counter/10/0/0/0,1313:1747647651273:,1747647652588
counter/6/0/0/0,1366:1747647651141:,1747647652588
counter/6/0/0/0,1367:1747647651141:,1747647652588
counter/6/0/0/0,1368:1747647651141:,1747647652588
counter/6/0/0/0,1369:1747647651141:,1747647652588
counter/6/0/0/0,1370:1747647651142:,1747647652588
counter/6/0/0/0,1371:1747647651149:,1747647652588
counter/6/0/0/0,1372:1747647651155:,1747647652588
counter/6/0/0/0,1373:1747647651155:,1747647652588
counter/3/0/0/0,1615:1747647651117:,1747647652588
counter/3/0/0/0,1616:1747647651117:,1747647652588
counter/3/0/0/0,1617:1747647651117:,1747647652589
counter/3/0/0/0,1618:1747647651117:,1747647652589
counter/3/0/0/0,1619:1747647651117:,1747647652589
counter/3/0/0/0,1620:1747647651117:,1747647652589
counter/4/0/0/0,1528:1747647651246:,1747647652589
counter/7/0/0/0,1287:1747647651123:,1747647652589
counter/7/0/0/0,1288:1747647651126:,1747647652589
counter/7/0/0/0,1289:1747647651126:,1747647652589
counter/5/0/0/0,1415:1747647651032:,1747647652589
counter/6/0/0/0,1374:1747647651155:,1747647652589
counter/6/0/0/0,1375:1747647651158:,1747647652589
counter/6/0/0/0,1376:1747647651158:,1747647652589
counter/6/0/0/0,1377:1747647651158:,1747647652589
counter/9/0/0/0,1575:1747647651249:,1747647652590
counter/5/0/0/0,1416:1747647651037:,1747647652591
counter/6/0/0/0,1378:1747647651158:,1747647652591
counter/6/0/0/0,1379:1747647651158:,1747647652591
counter/6/0/0/0,1380:1747647651158:,1747647652591
counter/10/0/0/0,1314:1747647651273:,1747647652591
counter/7/0/0/0,1290:1747647651126:,1747647652591
counter/10/0/0/0,1315:1747647651273:,1747647652591
counter/2/0/0/0,1395:1747647651084:,1747647652591
counter/1/0/0/0,1972:1747647651604:,1747647652593
counter/1/0/0/0,1973:1747647651604:,1747647652593
counter/8/0/0/0,1627:1747647651107:,1747647652593
counter/8/0/0/0,1628:1747647651107:,1747647652593
counter/8/0/0/0,1629:1747647651107:,1747647652593
counter/8/0/0/0,1630:1747647651107:,1747647652593
counter/8/0/0/0,1631:1747647651107:,1747647652593
counter/8/0/0/0,1632:1747647651107:,1747647652593
counter/8/0/0/0,1633:1747647651107:,1747647652593
counter/4/0/0/0,1529:1747647651246:,1747647652593
counter/5/0/0/0,1417:1747647651037:,1747647652593
counter/5/0/0/0,1418:1747647651037:,1747647652593
counter/5/0/0/0,1419:1747647651037:,1747647652593
counter/5/0/0/0,1420:1747647651037:,1747647652593
counter/8/0/0/0,1634:1747647651109:,1747647652594
counter/3/0/0/0,1621:1747647651117:,1747647652594
counter/5/0/0/0,1421:1747647651037:,1747647652596
counter/5/0/0/0,1422:1747647651037:,1747647652596
counter/5/0/0/0,1423:1747647651037:,1747647652596
counter/5/0/0/0,1424:1747647651038:,1747647652596
counter/5/0/0/0,1425:1747647651038:,1747647652596
counter/4/0/0/0,1530:1747647651246:,1747647652597
counter/3/0/0/0,1622:1747647651117:,1747647652597
counter/3/0/0/0,1623:1747647651117:,1747647652598
counter/6/0/0/0,1381:1747647651158:,1747647652598
counter/2/0/0/0,1396:1747647651084:,1747647652598
counter/1/0/0/0,1974:1747647651604:,1747647652599
counter/1/0/0/0,1975:1747647651604:,1747647652599
counter/8/0/0/0,1635:1747647651109:,1747647652600
counter/6/0/0/0,1382:1747647651159:,1747647652601
counter/6/0/0/0,1383:1747647651159:,1747647652601
counter/6/0/0/0,1384:1747647651159:,1747647652601
counter/6/0/0/0,1385:1747647651159:,1747647652601
counter/6/0/0/0,1386:1747647651159:,1747647652601
counter/6/0/0/0,1387:1747647651179:,1747647652601
counter/6/0/0/0,1388:1747647651179:,1747647652601
counter/6/0/0/0,1389:1747647651179:,1747647652601
counter/6/0/0/0,1390:1747647651179:,1747647652601
counter/3/0/0/0,1624:1747647651117:,1747647652601
counter/8/0/0/0,1636:1747647651109:,1747647652603
counter/8/0/0/0,1637:1747647651109:,1747647652603
counter/8/0/0/0,1638:1747647651109:,1747647652603
counter/10/0/0/0,1316:1747647651287:,1747647652603
counter/4/0/0/0,1531:1747647651253:,1747647652603
counter/10/0/0/0,1317:1747647651287:,1747647652603
counter/10/0/0/0,1318:1747647651287:,1747647652603
counter/10/0/0/0,1319:1747647651287:,1747647652603
counter/9/0/0/0,1576:1747647651249:,1747647652603
counter/9/0/0/0,1577:1747647651249:,1747647652603
counter/9/0/0/0,1578:1747647651249:,1747647652603
counter/9/0/0/0,1579:1747647651249:,1747647652603
counter/3/0/0/0,1625:1747647651117:,1747647652603
counter/3/0/0/0,1626:1747647651117:,1747647652604
counter/3/0/0/0,1627:1747647651117:,1747647652604
counter/3/0/0/0,1628:1747647651117:,1747647652604
counter/3/0/0/0,1629:1747647651117:,1747647652604
counter/3/0/0/0,1630:1747647651117:,1747647652604
counter/3/0/0/0,1631:1747647651117:,1747647652604
counter/3/0/0/0,1632:1747647651117:,1747647652604
counter/3/0/0/0,1633:1747647651127:,1747647652604
counter/3/0/0/0,1634:1747647651127:,1747647652604
counter/3/0/0/0,1635:1747647651127:,1747647652604
counter/4/0/0/0,1532:1747647651253:,1747647652604
counter/3/0/0/0,1636:1747647651127:,1747647652604
counter/6/0/0/0,1391:1747647651179:,1747647652604
counter/10/0/0/0,1320:1747647651287:,1747647652604
counter/6/0/0/0,1392:1747647651179:,1747647652604
counter/10/0/0/0,1321:1747647651296:,1747647652604
counter/3/0/0/0,1637:1747647651132:,1747647652605
counter/5/0/0/0,1426:1747647651038:,1747647652606
counter/3/0/0/0,1638:1747647651132:,1747647652607
counter/3/0/0/0,1639:1747647651132:,1747647652607
counter/3/0/0/0,1640:1747647651132:,1747647652607
counter/3/0/0/0,1641:1747647651132:,1747647652607
counter/3/0/0/0,1642:1747647651132:,1747647652607
counter/3/0/0/0,1643:1747647651132:,1747647652607
counter/3/0/0/0,1644:1747647651134:,1747647652607
counter/3/0/0/0,1645:1747647651134:,1747647652607
counter/3/0/0/0,1646:1747647651134:,1747647652607
counter/3/0/0/0,1647:1747647651134:,1747647652607
counter/5/0/0/0,1427:1747647651038:,1747647652607
counter/5/0/0/0,1428:1747647651038:,1747647652607
counter/5/0/0/0,1429:1747647651038:,1747647652607
counter/5/0/0/0,1430:1747647651038:,1747647652607
counter/5/0/0/0,1431:1747647651038:,1747647652607
counter/3/0/0/0,1648:1747647651134:,1747647652608
counter/1/0/0/0,1976:1747647651605:,1747647652609
counter/1/0/0/0,1977:1747647651605:,1747647652609
counter/1/0/0/0,1978:1747647651611:,1747647652609
counter/6/0/0/0,1393:1747647651179:,1747647652609
counter/1/0/0/0,1979:1747647651612:,1747647652609
counter/1/0/0/0,1980:1747647651612:,1747647652609
counter/1/0/0/0,1981:1747647651612:,1747647652609
counter/10/0/0/0,1322:1747647651296:,1747647652609
counter/6/0/0/0,1394:1747647651179:,1747647652609
counter/6/0/0/0,1395:1747647651179:,1747647652609
counter/6/0/0/0,1396:1747647651179:,1747647652609
counter/6/0/0/0,1397:1747647651179:,1747647652610
counter/6/0/0/0,1398:1747647651180:,1747647652610
counter/6/0/0/0,1399:1747647651180:,1747647652610
counter/3/0/0/0,1649:1747647651134:,1747647652610
counter/6/0/0/0,1400:1747647651180:,1747647652610
counter/6/0/0/0,1401:1747647651180:,1747647652610
counter/3/0/0/0,1650:1747647651134:,1747647652610
counter/5/0/0/0,1432:1747647651038:,1747647652611
counter/5/0/0/0,1433:1747647651038:,1747647652611
counter/5/0/0/0,1434:1747647651038:,1747647652611
counter/5/0/0/0,1435:1747647651038:,1747647652611
counter/5/0/0/0,1436:1747647651038:,1747647652611
counter/5/0/0/0,1437:1747647651040:,1747647652611
counter/5/0/0/0,1438:1747647651040:,1747647652611
counter/5/0/0/0,1439:1747647651040:,1747647652611
counter/5/0/0/0,1440:1747647651040:,1747647652612
counter/8/0/0/0,1639:1747647651109:,1747647652612
counter/4/0/0/0,1533:1747647651253:,1747647652612
counter/10/0/0/0,1323:1747647651296:,1747647652612
counter/3/0/0/0,1651:1747647651134:,1747647652612
counter/10/0/0/0,1324:1747647651296:,1747647652613
counter/10/0/0/0,1325:1747647651296:,1747647652613
counter/10/0/0/0,1326:1747647651313:,1747647652613
counter/10/0/0/0,1327:1747647651322:,1747647652613
counter/10/0/0/0,1328:1747647651322:,1747647652613
counter/10/0/0/0,1329:1747647651322:,1747647652613
counter/10/0/0/0,1330:1747647651322:,1747647652613
counter/10/0/0/0,1331:1747647651336:,1747647652613
counter/10/0/0/0,1332:1747647651349:,1747647652613
counter/10/0/0/0,1333:1747647651349:,1747647652613
counter/10/0/0/0,1334:1747647651349:,1747647652613
counter/10/0/0/0,1335:1747647651349:,1747647652613
counter/10/0/0/0,1336:1747647651358:,1747647652613
counter/10/0/0/0,1337:1747647651358:,1747647652613
counter/6/0/0/0,1402:1747647651180:,1747647652613
counter/8/0/0/0,1640:1747647651109:,1747647652613
counter/8/0/0/0,1641:1747647651109:,1747647652613
counter/8/0/0/0,1642:1747647651109:,1747647652613
counter/8/0/0/0,1643:1747647651109:,1747647652613
counter/8/0/0/0,1644:1747647651109:,1747647652614
counter/8/0/0/0,1645:1747647651109:,1747647652614
counter/8/0/0/0,1646:1747647651109:,1747647652614
counter/8/0/0/0,1647:1747647651109:,1747647652614
counter/8/0/0/0,1648:1747647651109:,1747647652614
counter/8/0/0/0,1649:1747647651109:,1747647652614
counter/8/0/0/0,1650:1747647651109:,1747647652614
counter/8/0/0/0,1651:1747647651109:,1747647652614
counter/10/0/0/0,1338:1747647651358:,1747647652614
counter/10/0/0/0,1339:1747647651358:,1747647652614
counter/5/0/0/0,1441:1747647651040:,1747647652614
counter/5/0/0/0,1442:1747647651040:,1747647652614
counter/6/0/0/0,1403:1747647651180:,1747647652614
counter/6/0/0/0,1404:1747647651180:,1747647652614
counter/6/0/0/0,1405:1747647651180:,1747647652614
counter/6/0/0/0,1406:1747647651180:,1747647652614
counter/6/0/0/0,1407:1747647651180:,1747647652614
counter/6/0/0/0,1408:1747647651180:,1747647652614
counter/6/0/0/0,1409:1747647651180:,1747647652614
counter/6/0/0/0,1410:1747647651180:,1747647652614
counter/6/0/0/0,1411:1747647651180:,1747647652614
counter/6/0/0/0,1412:1747647651180:,1747647652614
counter/8/0/0/0,1652:1747647651109:,1747647652615
counter/6/0/0/0,1413:1747647651180:,1747647652615
counter/6/0/0/0,1414:1747647651180:,1747647652615
counter/6/0/0/0,1415:1747647651182:,1747647652615
counter/6/0/0/0,1416:1747647651182:,1747647652615
counter/6/0/0/0,1417:1747647651182:,1747647652615
counter/6/0/0/0,1418:1747647651182:,1747647652615
counter/6/0/0/0,1419:1747647651182:,1747647652615
counter/5/0/0/0,1443:1747647651040:,1747647652615
counter/6/0/0/0,1420:1747647651182:,1747647652615
counter/6/0/0/0,1421:1747647651182:,1747647652615
counter/10/0/0/0,1340:1747647651358:,1747647652615
counter/6/0/0/0,1422:1747647651182:,1747647652615
counter/6/0/0/0,1423:1747647651182:,1747647652615
counter/6/0/0/0,1424:1747647651182:,1747647652615
counter/3/0/0/0,1652:1747647651138:,1747647652615
counter/3/0/0/0,1653:1747647651138:,1747647652615
counter/3/0/0/0,1654:1747647651138:,1747647652615
counter/3/0/0/0,1655:1747647651138:,1747647652615
counter/3/0/0/0,1656:1747647651138:,1747647652615
counter/3/0/0/0,1657:1747647651138:,1747647652616
counter/1/0/0/0,1982:1747647651617:,1747647652616
counter/1/0/0/0,1983:1747647651629:,1747647652616
counter/5/0/0/0,1444:1747647651040:,1747647652616
counter/2/0/0/0,1397:1747647651084:,1747647652617
counter/1/0/0/0,1984:1747647651629:,1747647652618
counter/1/0/0/0,1985:1747647651629:,1747647652618
counter/1/0/0/0,1986:1747647651629:,1747647652618
counter/1/0/0/0,1987:1747647651629:,1747647652618
counter/1/0/0/0,1988:1747647651629:,1747647652618
counter/4/0/0/0,1534:1747647651253:,1747647652618
counter/1/0/0/0,1989:1747647651629:,1747647652618
counter/3/0/0/0,1658:1747647651138:,1747647652618
counter/3/0/0/0,1659:1747647651138:,1747647652618
counter/3/0/0/0,1660:1747647651138:,1747647652618
counter/3/0/0/0,1661:1747647651138:,1747647652618
counter/3/0/0/0,1662:1747647651138:,1747647652618
counter/3/0/0/0,1663:1747647651138:,1747647652618
counter/8/0/0/0,1653:1747647651109:,1747647652618
counter/8/0/0/0,1654:1747647651109:,1747647652618
counter/6/0/0/0,1425:1747647651182:,1747647652619
counter/9/0/0/0,1580:1747647651249:,1747647652619
counter/9/0/0/0,1581:1747647651249:,1747647652619
counter/1/0/0/0,1990:1747647651629:,1747647652619
counter/7/0/0/0,1291:1747647651126:,1747647652619
counter/5/0/0/0,1445:1747647651040:,1747647652619
counter/4/0/0/0,1535:1747647651253:,1747647652619
counter/4/0/0/0,1536:1747647651253:,1747647652619
counter/4/0/0/0,1537:1747647651253:,1747647652619
counter/4/0/0/0,1538:1747647651257:,1747647652619
counter/3/0/0/0,1664:1747647651139:,1747647652620
counter/3/0/0/0,1665:1747647651139:,1747647652620
counter/3/0/0/0,1666:1747647651139:,1747647652620
counter/3/0/0/0,1667:1747647651139:,1747647652620
counter/3/0/0/0,1668:1747647651147:,1747647652620
counter/8/0/0/0,1655:1747647651109:,1747647652620
counter/3/0/0/0,1669:1747647651147:,1747647652620
counter/7/0/0/0,1292:1747647651126:,1747647652621
counter/7/0/0/0,1293:1747647651126:,1747647652621
counter/7/0/0/0,1294:1747647651126:,1747647652621
counter/7/0/0/0,1295:1747647651126:,1747647652621
counter/7/0/0/0,1296:1747647651126:,1747647652623
counter/10/0/0/0,1341:1747647651358:,1747647652623
counter/2/0/0/0,1398:1747647651084:,1747647652623
counter/9/0/0/0,1582:1747647651249:,1747647652624
counter/9/0/0/0,1583:1747647651250:,1747647652624
counter/9/0/0/0,1584:1747647651250:,1747647652624
counter/9/0/0/0,1585:1747647651250:,1747647652624
counter/9/0/0/0,1586:1747647651250:,1747647652624
counter/9/0/0/0,1587:1747647651250:,1747647652624
counter/9/0/0/0,1588:1747647651255:,1747647652624
counter/9/0/0/0,1589:1747647651255:,1747647652624
counter/1/0/0/0,1991:1747647651629:,1747647652624
counter/1/0/0/0,1992:1747647651629:,1747647652624
counter/1/0/0/0,1993:1747647651629:,1747647652624
counter/1/0/0/0,1994:1747647651629:,1747647652624
counter/1/0/0/0,1995:1747647651632:,1747647652624
counter/1/0/0/0,1996:1747647651632:,1747647652624
counter/1/0/0/0,1997:1747647651632:,1747647652624
counter/1/0/0/0,1998:1747647651632:,1747647652625
counter/1/0/0/0,1999:1747647651632:,1747647652625
counter/5/0/0/0,1446:1747647651040:,1747647652625
counter/10/0/0/0,1342:1747647651358:,1747647652625
counter/6/0/0/0,1426:1747647651182:,1747647652625
counter/3/0/0/0,1670:1747647651147:,1747647652625
counter/6/0/0/0,1427:1747647651184:,1747647652627
counter/3/0/0/0,1671:1747647651147:,1747647652627
counter/5/0/0/0,1447:1747647651040:,1747647652629
counter/5/0/0/0,1448:1747647651040:,1747647652629
counter/3/0/0/0,1672:1747647651147:,1747647652629
counter/3/0/0/0,1673:1747647651147:,1747647652629
counter/7/0/0/0,1297:1747647651126:,1747647652629
counter/4/0/0/0,1539:1747647651257:,1747647652629
counter/7/0/0/0,1298:1747647651126:,1747647652629
counter/7/0/0/0,1299:1747647651126:,1747647652629
counter/7/0/0/0,1300:1747647651126:,1747647652630
counter/1/0/0/0,2000:1747647651632:,1747647652630
counter/1/0/0/0,2001:1747647651632:,1747647652630
counter/1/0/0/0,2002:1747647651632:,1747647652630
counter/1/0/0/0,2003:1747647651632:,1747647652630
counter/2/0/0/0,1399:1747647651084:,1747647652630
counter/10/0/0/0,1343:1747647651365:,1747647652630
counter/7/0/0/0,1301:1747647651126:,1747647652631
counter/10/0/0/0,1344:1747647651365:,1747647652631
counter/3/0/0/0,1674:1747647651150:,1747647652631
counter/10/0/0/0,1345:1747647651365:,1747647652632
counter/5/0/0/0,1449:1747647651040:,1747647652632
counter/3/0/0/0,1675:1747647651150:,1747647652632
counter/3/0/0/0,1676:1747647651150:,1747647652632
counter/6/0/0/0,1428:1747647651184:,1747647652633
counter/6/0/0/0,1429:1747647651184:,1747647652633
counter/6/0/0/0,1430:1747647651184:,1747647652633
counter/6/0/0/0,1431:1747647651191:,1747647652633
counter/6/0/0/0,1432:1747647651191:,1747647652633
counter/6/0/0/0,1433:1747647651191:,1747647652633
counter/1/0/0/0,2004:1747647651632:,1747647652633
counter/2/0/0/0,1400:1747647651084:,1747647652633
counter/10/0/0/0,1346:1747647651365:,1747647652634
counter/7/0/0/0,1302:1747647651126:,1747647652635
counter/7/0/0/0,1303:1747647651126:,1747647652635
counter/1/0/0/0,2005:1747647651644:,1747647652635
counter/1/0/0/0,2006:1747647651644:,1747647652635
counter/1/0/0/0,2007:1747647651644:,1747647652635
counter/1/0/0/0,2008:1747647651644:,1747647652635
counter/1/0/0/0,2009:1747647651644:,1747647652635
counter/1/0/0/0,2010:1747647651644:,1747647652635
counter/1/0/0/0,2011:1747647651644:,1747647652635
counter/1/0/0/0,2012:1747647651644:,1747647652635
counter/1/0/0/0,2013:1747647651644:,1747647652635
counter/4/0/0/0,1540:1747647651257:,1747647652635
counter/5/0/0/0,1450:1747647651040:,1747647652635
counter/5/0/0/0,1451:1747647651046:,1747647652635
counter/5/0/0/0,1452:1747647651046:,1747647652635
counter/5/0/0/0,1453:1747647651047:,1747647652635
counter/5/0/0/0,1454:1747647651047:,1747647652635
counter/5/0/0/0,1455:1747647651047:,1747647652635
counter/5/0/0/0,1456:1747647651047:,1747647652635
counter/5/0/0/0,1457:1747647651047:,1747647652635
counter/2/0/0/0,1401:1747647651084:,1747647652636
counter/4/0/0/0,1541:1747647651257:,1747647652636
counter/3/0/0/0,1677:1747647651150:,1747647652637
counter/3/0/0/0,1678:1747647651150:,1747647652637
counter/3/0/0/0,1679:1747647651150:,1747647652637
counter/3/0/0/0,1680:1747647651150:,1747647652637
counter/3/0/0/0,1681:1747647651150:,1747647652637
counter/3/0/0/0,1682:1747647651150:,1747647652637
counter/3/0/0/0,1683:1747647651151:,1747647652637
counter/3/0/0/0,1684:1747647651153:,1747647652637
counter/3/0/0/0,1685:1747647651155:,1747647652637
counter/3/0/0/0,1686:1747647651161:,1747647652637
counter/8/0/0/0,1656:1747647651109:,1747647652637
counter/6/0/0/0,1434:1747647651191:,1747647652638
counter/9/0/0/0,1590:1747647651255:,1747647652638
counter/9/0/0/0,1591:1747647651255:,1747647652638
counter/9/0/0/0,1592:1747647651255:,1747647652638
counter/2/0/0/0,1402:1747647651085:,1747647652638
counter/1/0/0/0,2014:1747647651644:,1747647652638
counter/3/0/0/0,1687:1747647651161:,1747647652638
counter/3/0/0/0,1688:1747647651161:,1747647652638
counter/1/0/0/0,2015:1747647651644:,1747647652638
counter/1/0/0/0,2016:1747647651644:,1747647652638
counter/1/0/0/0,2017:1747647651644:,1747647652638
counter/4/0/0/0,1542:1747647651257:,1747647652638
counter/5/0/0/0,1458:1747647651047:,1747647652639
counter/6/0/0/0,1435:1747647651191:,1747647652639
counter/7/0/0/0,1304:1747647651126:,1747647652639
counter/7/0/0/0,1305:1747647651126:,1747647652639
counter/7/0/0/0,1306:1747647651126:,1747647652639
counter/8/0/0/0,1657:1747647651109:,1747647652640
counter/3/0/0/0,1689:1747647651161:,1747647652640
counter/8/0/0/0,1658:1747647651109:,1747647652640
counter/3/0/0/0,1690:1747647651179:,1747647652640
counter/3/0/0/0,1691:1747647651199:,1747647652640
counter/1/0/0/0,2018:1747647651644:,1747647652641
counter/4/0/0/0,1543:1747647651275:,1747647652642
counter/4/0/0/0,1544:1747647651275:,1747647652642
counter/5/0/0/0,1459:1747647651047:,1747647652642
counter/3/0/0/0,1692:1747647651199:,1747647652643
counter/5/0/0/0,1460:1747647651047:,1747647652643
counter/3/0/0/0,1693:1747647651199:,1747647652643
counter/9/0/0/0,1593:1747647651255:,1747647652643
counter/3/0/0/0,1694:1747647651199:,1747647652643
counter/9/0/0/0,1594:1747647651255:,1747647652643
counter/10/0/0/0,1347:1747647651365:,1747647652643
counter/10/0/0/0,1348:1747647651365:,1747647652643
counter/10/0/0/0,1349:1747647651365:,1747647652643
counter/10/0/0/0,1350:1747647651365:,1747647652643
counter/10/0/0/0,1351:1747647651371:,1747647652643
counter/10/0/0/0,1352:1747647651371:,1747647652643
counter/10/0/0/0,1353:1747647651371:,1747647652643
counter/1/0/0/0,2019:1747647651644:,1747647652644
counter/6/0/0/0,1436:1747647651191:,1747647652646
counter/2/0/0/0,1403:1747647651085:,1747647652646
counter/2/0/0/0,1404:1747647651085:,1747647652646
counter/2/0/0/0,1405:1747647651088:,1747647652646
counter/2/0/0/0,1406:1747647651088:,1747647652646
counter/10/0/0/0,1354:1747647651371:,1747647652646
counter/10/0/0/0,1355:1747647651371:,1747647652646
counter/10/0/0/0,1356:1747647651371:,1747647652646
counter/10/0/0/0,1357:1747647651371:,1747647652646
counter/9/0/0/0,1595:1747647651255:,1747647652647
counter/2/0/0/0,1407:1747647651088:,1747647652647
counter/2/0/0/0,1408:1747647651088:,1747647652648
counter/2/0/0/0,1409:1747647651088:,1747647652648
counter/2/0/0/0,1410:1747647651088:,1747647652648
counter/2/0/0/0,1411:1747647651088:,1747647652648
counter/2/0/0/0,1412:1747647651088:,1747647652648
counter/2/0/0/0,1413:1747647651088:,1747647652648
counter/9/0/0/0,1596:1747647651255:,1747647652648
counter/2/0/0/0,1414:1747647651088:,1747647652648
counter/3/0/0/0,1695:1747647651199:,1747647652648
counter/6/0/0/0,1437:1747647651191:,1747647652648
counter/6/0/0/0,1438:1747647651191:,1747647652648
counter/6/0/0/0,1439:1747647651191:,1747647652648
counter/10/0/0/0,1358:1747647651371:,1747647652649
counter/8/0/0/0,1659:1747647651109:,1747647652649
counter/10/0/0/0,1359:1747647651391:,1747647652649
counter/1/0/0/0,2020:1747647651644:,1747647652649
counter/5/0/0/0,1461:1747647651047:,1747647652650
counter/2/0/0/0,1415:1747647651088:,1747647652651
counter/2/0/0/0,1416:1747647651088:,1747647652651
counter/2/0/0/0,1417:1747647651088:,1747647652651
counter/2/0/0/0,1418:1747647651088:,1747647652651
counter/2/0/0/0,1419:1747647651088:,1747647652651
counter/2/0/0/0,1420:1747647651104:,1747647652651
counter/2/0/0/0,1421:1747647651111:,1747647652651
counter/2/0/0/0,1422:1747647651111:,1747647652651
counter/4/0/0/0,1545:1747647651275:,1747647652651
counter/7/0/0/0,1307:1747647651126:,1747647652651
counter/3/0/0/0,1696:1747647651199:,1747647652651
counter/7/0/0/0,1308:1747647651126:,1747647652651
counter/3/0/0/0,1697:1747647651207:,1747647652651
counter/8/0/0/0,1660:1747647651109:,1747647652652
counter/6/0/0/0,1440:1747647651191:,1747647652653
counter/3/0/0/0,1698:1747647651207:,1747647652653
counter/3/0/0/0,1699:1747647651207:,1747647652653
counter/4/0/0/0,1546:1747647651275:,1747647652656
counter/8/0/0/0,1661:1747647651109:,1747647652657
counter/8/0/0/0,1662:1747647651109:,1747647652658
counter/8/0/0/0,1663:1747647651109:,1747647652658
counter/4/0/0/0,1547:1747647651276:,1747647652658
counter/4/0/0/0,1548:1747647651276:,1747647652658
counter/4/0/0/0,1549:1747647651276:,1747647652658
counter/4/0/0/0,1550:1747647651276:,1747647652658
counter/4/0/0/0,1551:1747647651276:,1747647652658
counter/4/0/0/0,1552:1747647651276:,1747647652658
counter/4/0/0/0,1553:1747647651282:,1747647652658
counter/4/0/0/0,1554:1747647651282:,1747647652658
counter/7/0/0/0,1309:1747647651126:,1747647652658
counter/2/0/0/0,1423:1747647651111:,1747647652658
counter/4/0/0/0,1555:1747647651282:,1747647652660
counter/4/0/0/0,1556:1747647651283:,1747647652660
counter/4/0/0/0,1557:1747647651283:,1747647652660
counter/4/0/0/0,1558:1747647651286:,1747647652660
counter/4/0/0/0,1559:1747647651286:,1747647652660
counter/4/0/0/0,1560:1747647651286:,1747647652660
counter/7/0/0/0,1310:1747647651127:,1747647652660
counter/4/0/0/0,1561:1747647651286:,1747647652660
counter/7/0/0/0,1311:1747647651127:,1747647652660
counter/7/0/0/0,1312:1747647651127:,1747647652660
counter/7/0/0/0,1313:1747647651127:,1747647652660
counter/7/0/0/0,1314:1747647651127:,1747647652660
counter/7/0/0/0,1315:1747647651127:,1747647652660
counter/7/0/0/0,1316:1747647651135:,1747647652660
counter/1/0/0/0,2021:1747647651644:,1747647652660
counter/4/0/0/0,1562:1747647651286:,1747647652661
counter/1/0/0/0,2022:1747647651644:,1747647652661
counter/4/0/0/0,1563:1747647651286:,1747647652661
counter/4/0/0/0,1564:1747647651286:,1747647652661
counter/4/0/0/0,1565:1747647651286:,1747647652661
counter/4/0/0/0,1566:1747647651286:,1747647652661
counter/6/0/0/0,1441:1747647651191:,1747647652661
counter/2/0/0/0,1424:1747647651111:,1747647652661
counter/10/0/0/0,1360:1747647651391:,1747647652662
counter/5/0/0/0,1462:1747647651047:,1747647652662
counter/1/0/0/0,2023:1747647651644:,1747647652663
counter/5/0/0/0,1463:1747647651048:,1747647652663
counter/5/0/0/0,1464:1747647651048:,1747647652663
counter/4/0/0/0,1567:1747647651286:,1747647652663
counter/4/0/0/0,1568:1747647651286:,1747647652663
counter/4/0/0/0,1569:1747647651286:,1747647652663
counter/4/0/0/0,1570:1747647651286:,1747647652663
counter/8/0/0/0,1664:1747647651109:,1747647652663
counter/2/0/0/0,1425:1747647651111:,1747647652663
counter/8/0/0/0,1665:1747647651109:,1747647652663
counter/2/0/0/0,1426:1747647651118:,1747647652663
counter/2/0/0/0,1427:1747647651118:,1747647652663
counter/6/0/0/0,1442:1747647651191:,1747647652664
counter/6/0/0/0,1443:1747647651191:,1747647652664
counter/8/0/0/0,1666:1747647651110:,1747647652665
counter/2/0/0/0,1428:1747647651118:,1747647652665
counter/10/0/0/0,1361:1747647651391:,1747647652665
counter/10/0/0/0,1362:1747647651391:,1747647652665
counter/10/0/0/0,1363:1747647651391:,1747647652665
counter/10/0/0/0,1364:1747647651391:,1747647652665
counter/10/0/0/0,1365:1747647651391:,1747647652665
counter/10/0/0/0,1366:1747647651391:,1747647652665
counter/3/0/0/0,1700:1747647651208:,1747647652665
counter/9/0/0/0,1597:1747647651255:,1747647652665
counter/9/0/0/0,1598:1747647651255:,1747647652666
counter/9/0/0/0,1599:1747647651255:,1747647652666
counter/9/0/0/0,1600:1747647651255:,1747647652666
counter/9/0/0/0,1601:1747647651255:,1747647652666
counter/9/0/0/0,1602:1747647651256:,1747647652666
counter/9/0/0/0,1603:1747647651256:,1747647652666
counter/9/0/0/0,1604:1747647651264:,1747647652666
counter/9/0/0/0,1605:1747647651266:,1747647652666
counter/9/0/0/0,1606:1747647651268:,1747647652666
counter/9/0/0/0,1607:1747647651282:,1747647652666
counter/9/0/0/0,1608:1747647651282:,1747647652666
counter/9/0/0/0,1609:1747647651282:,1747647652666
counter/6/0/0/0,1444:1747647651196:,1747647652667
counter/3/0/0/0,1701:1747647651208:,1747647652667
counter/1/0/0/0,2024:1747647651654:,1747647652667
counter/5/0/0/0,1465:1747647651048:,1747647652667
counter/5/0/0/0,1466:1747647651048:,1747647652667
counter/4/0/0/0,1571:1747647651286:,1747647652667
counter/4/0/0/0,1572:1747647651286:,1747647652667
counter/4/0/0/0,1573:1747647651286:,1747647652667
counter/4/0/0/0,1574:1747647651286:,1747647652667
counter/7/0/0/0,1317:1747647651135:,1747647652668
counter/7/0/0/0,1318:1747647651135:,1747647652668
counter/10/0/0/0,1367:1747647651391:,1747647652751
counter/1/0/0/0,2025:1747647651654:,1747647652751
counter/1/0/0/0,2026:1747647651654:,1747647652751
counter/1/0/0/0,2027:1747647651654:,1747647652751
counter/1/0/0/0,2028:1747647651654:,1747647652751
counter/1/0/0/0,2029:1747647651654:,1747647652751
counter/7/0/0/0,1319:1747647651135:,1747647652751
counter/7/0/0/0,1320:1747647651135:,1747647652751
counter/7/0/0/0,1321:1747647651135:,1747647652751
counter/7/0/0/0,1322:1747647651135:,1747647652751
counter/7/0/0/0,1323:1747647651135:,1747647652751
counter/7/0/0/0,1324:1747647651135:,1747647652752
counter/7/0/0/0,1325:1747647651144:,1747647652752
counter/7/0/0/0,1326:1747647651144:,1747647652752
counter/7/0/0/0,1327:1747647651144:,1747647652752
counter/7/0/0/0,1328:1747647651144:,1747647652752
counter/7/0/0/0,1329:1747647651144:,1747647652752
counter/7/0/0/0,1330:1747647651144:,1747647652752
counter/7/0/0/0,1331:1747647651144:,1747647652752
counter/7/0/0/0,1332:1747647651144:,1747647652752
counter/7/0/0/0,1333:1747647651144:,1747647652752
counter/7/0/0/0,1334:1747647651144:,1747647652752
counter/10/0/0/0,1368:1747647651391:,1747647652752
counter/6/0/0/0,1445:1747647651196:,1747647652752
counter/10/0/0/0,1369:1747647651409:,1747647652752
counter/8/0/0/0,1667:1747647651110:,1747647652752
counter/9/0/0/0,1610:1747647651282:,1747647652753
counter/9/0/0/0,1611:1747647651282:,1747647652753
counter/9/0/0/0,1612:1747647651282:,1747647652753
counter/1/0/0/0,2030:1747647651654:,1747647652753
counter/9/0/0/0,1613:1747647651282:,1747647652753
counter/9/0/0/0,1614:1747647651282:,1747647652753
counter/3/0/0/0,1702:1747647651208:,1747647652753
counter/9/0/0/0,1615:1747647651282:,1747647652754
counter/1/0/0/0,2031:1747647651654:,1747647652754
counter/3/0/0/0,1703:1747647651208:,1747647652754
counter/6/0/0/0,1446:1747647651196:,1747647652754
counter/3/0/0/0,1704:1747647651208:,1747647652755
counter/4/0/0/0,1575:1747647651286:,1747647652755
counter/6/0/0/0,1447:1747647651196:,1747647652756
counter/6/0/0/0,1448:1747647651196:,1747647652756
counter/6/0/0/0,1449:1747647651196:,1747647652756
counter/6/0/0/0,1450:1747647651196:,1747647652756
counter/6/0/0/0,1451:1747647651196:,1747647652756
counter/6/0/0/0,1452:1747647651196:,1747647652756
counter/6/0/0/0,1453:1747647651196:,1747647652756
counter/6/0/0/0,1454:1747647651196:,1747647652756
counter/9/0/0/0,1616:1747647651282:,1747647652756
counter/6/0/0/0,1455:1747647651196:,1747647652756
counter/10/0/0/0,1370:1747647651409:,1747647652756
counter/10/0/0/0,1371:1747647651409:,1747647652756
counter/10/0/0/0,1372:1747647651409:,1747647652756
counter/10/0/0/0,1373:1747647651409:,1747647652756
counter/10/0/0/0,1374:1747647651409:,1747647652756
counter/10/0/0/0,1375:1747647651409:,1747647652757
counter/10/0/0/0,1376:1747647651409:,1747647652757
counter/3/0/0/0,1705:1747647651208:,1747647652757
counter/3/0/0/0,1706:1747647651208:,1747647652757
counter/4/0/0/0,1576:1747647651286:,1747647652757
counter/4/0/0/0,1577:1747647651286:,1747647652757
counter/6/0/0/0,1456:1747647651196:,1747647652757
counter/4/0/0/0,1578:1747647651286:,1747647652757
counter/6/0/0/0,1457:1747647651196:,1747647652757
counter/6/0/0/0,1458:1747647651196:,1747647652757
counter/6/0/0/0,1459:1747647651200:,1747647652757
counter/6/0/0/0,1460:1747647651215:,1747647652757
counter/9/0/0/0,1617:1747647651282:,1747647652757
counter/6/0/0/0,1461:1747647651215:,1747647652757
counter/6/0/0/0,1462:1747647651215:,1747647652758
counter/8/0/0/0,1668:1747647651110:,1747647652758
counter/5/0/0/0,1467:1747647651048:,1747647652758
counter/4/0/0/0,1579:1747647651286:,1747647652758
counter/7/0/0/0,1335:1747647651144:,1747647652758
counter/7/0/0/0,1336:1747647651144:,1747647652758
counter/7/0/0/0,1337:1747647651145:,1747647652758
counter/7/0/0/0,1338:1747647651145:,1747647652758
counter/7/0/0/0,1339:1747647651145:,1747647652758
counter/7/0/0/0,1340:1747647651145:,1747647652758
counter/7/0/0/0,1341:1747647651145:,1747647652758
counter/1/0/0/0,2032:1747647651654:,1747647652758
counter/8/0/0/0,1669:1747647651110:,1747647652758
counter/9/0/0/0,1618:1747647651289:,1747647652758
counter/9/0/0/0,1619:1747647651289:,1747647652758
counter/7/0/0/0,1342:1747647651145:,1747647652758
counter/5/0/0/0,1468:1747647651048:,1747647652759
counter/5/0/0/0,1469:1747647651048:,1747647652759
counter/7/0/0/0,1343:1747647651145:,1747647652759
counter/5/0/0/0,1470:1747647651048:,1747647652759
counter/5/0/0/0,1471:1747647651061:,1747647652759
counter/8/0/0/0,1670:1747647651110:,1747647652759
counter/5/0/0/0,1472:1747647651061:,1747647652759
counter/8/0/0/0,1671:1747647651110:,1747647652759
counter/5/0/0/0,1473:1747647651061:,1747647652759
counter/8/0/0/0,1672:1747647651110:,1747647652760
counter/8/0/0/0,1673:1747647651110:,1747647652760
counter/8/0/0/0,1674:1747647651110:,1747647652760
counter/8/0/0/0,1675:1747647651110:,1747647652760
counter/6/0/0/0,1463:1747647651227:,1747647652760
counter/6/0/0/0,1464:1747647651227:,1747647652760
counter/10/0/0/0,1377:1747647651410:,1747647652760
counter/9/0/0/0,1620:1747647651289:,1747647652762
counter/3/0/0/0,1707:1747647651208:,1747647652762
counter/4/0/0/0,1580:1747647651286:,1747647652762
counter/10/0/0/0,1378:1747647651410:,1747647652762
counter/8/0/0/0,1676:1747647651110:,1747647652762
counter/8/0/0/0,1677:1747647651110:,1747647652762
counter/8/0/0/0,1678:1747647651110:,1747647652762
counter/8/0/0/0,1679:1747647651110:,1747647652762
counter/8/0/0/0,1680:1747647651110:,1747647652762
counter/8/0/0/0,1681:1747647651110:,1747647652762
counter/8/0/0/0,1682:1747647651110:,1747647652762
counter/8/0/0/0,1683:1747647651110:,1747647652762
counter/8/0/0/0,1684:1747647651112:,1747647652763
counter/8/0/0/0,1685:1747647651112:,1747647652763
counter/8/0/0/0,1686:1747647651112:,1747647652763
counter/8/0/0/0,1687:1747647651114:,1747647652763
counter/8/0/0/0,1688:1747647651114:,1747647652763
counter/8/0/0/0,1689:1747647651114:,1747647652763
counter/8/0/0/0,1690:1747647651114:,1747647652763
counter/8/0/0/0,1691:1747647651115:,1747647652763
counter/8/0/0/0,1692:1747647651115:,1747647652763
counter/8/0/0/0,1693:1747647651115:,1747647652763
counter/8/0/0/0,1694:1747647651115:,1747647652763
counter/10/0/0/0,1379:1747647651410:,1747647652763
counter/1/0/0/0,2033:1747647651654:,1747647652763
counter/1/0/0/0,2034:1747647651654:,1747647652763
counter/1/0/0/0,2035:1747647651654:,1747647652763
counter/1/0/0/0,2036:1747647651654:,1747647652763
counter/1/0/0/0,2037:1747647651654:,1747647652763
counter/9/0/0/0,1621:1747647651289:,1747647652764
counter/9/0/0/0,1622:1747647651289:,1747647652764
counter/9/0/0/0,1623:1747647651289:,1747647652764
counter/9/0/0/0,1624:1747647651289:,1747647652764
counter/9/0/0/0,1625:1747647651289:,1747647652764
counter/1/0/0/0,2038:1747647651654:,1747647652765
counter/6/0/0/0,1465:1747647651227:,1747647652765
counter/9/0/0/0,1626:1747647651289:,1747647652765
counter/9/0/0/0,1627:1747647651289:,1747647652765
counter/9/0/0/0,1628:1747647651289:,1747647652765
counter/10/0/0/0,1380:1747647651410:,1747647652765
counter/8/0/0/0,1695:1747647651115:,1747647652765
counter/8/0/0/0,1696:1747647651115:,1747647652765
counter/8/0/0/0,1697:1747647651115:,1747647652765
counter/8/0/0/0,1698:1747647651115:,1747647652765
counter/8/0/0/0,1699:1747647651115:,1747647652765
counter/7/0/0/0,1344:1747647651145:,1747647652765
counter/5/0/0/0,1474:1747647651061:,1747647652766
counter/5/0/0/0,1475:1747647651061:,1747647652767
counter/7/0/0/0,1345:1747647651145:,1747647652767
counter/4/0/0/0,1581:1747647651286:,1747647652768
counter/4/0/0/0,1582:1747647651286:,1747647652768
counter/4/0/0/0,1583:1747647651286:,1747647652768
counter/4/0/0/0,1584:1747647651286:,1747647652768
counter/4/0/0/0,1585:1747647651286:,1747647652768
counter/4/0/0/0,1586:1747647651286:,1747647652768
counter/4/0/0/0,1587:1747647651286:,1747647652768
counter/4/0/0/0,1588:1747647651286:,1747647652768
counter/4/0/0/0,1589:1747647651286:,1747647652768
counter/4/0/0/0,1590:1747647651286:,1747647652768
counter/4/0/0/0,1591:1747647651287:,1747647652768
counter/4/0/0/0,1592:1747647651287:,1747647652769
counter/4/0/0/0,1593:1747647651287:,1747647652769
counter/4/0/0/0,1594:1747647651287:,1747647652769
counter/4/0/0/0,1595:1747647651287:,1747647652769
counter/8/0/0/0,1700:1747647651115:,1747647652769
counter/8/0/0/0,1701:1747647651115:,1747647652769
counter/8/0/0/0,1702:1747647651115:,1747647652769
counter/8/0/0/0,1703:1747647651115:,1747647652769
counter/8/0/0/0,1704:1747647651115:,1747647652769
counter/8/0/0/0,1705:1747647651115:,1747647652769
counter/8/0/0/0,1706:1747647651115:,1747647652769
counter/8/0/0/0,1707:1747647651115:,1747647652769
counter/9/0/0/0,1629:1747647651289:,1747647652769
counter/9/0/0/0,1630:1747647651290:,1747647652769
counter/9/0/0/0,1631:1747647651290:,1747647652769
counter/3/0/0/0,1708:1747647651208:,1747647652769
counter/3/0/0/0,1709:1747647651208:,1747647652769
counter/3/0/0/0,1710:1747647651208:,1747647652769
counter/3/0/0/0,1711:1747647651208:,1747647652769
counter/3/0/0/0,1712:1747647651208:,1747647652769
counter/3/0/0/0,1713:1747647651208:,1747647652769
counter/3/0/0/0,1714:1747647651208:,1747647652769
counter/3/0/0/0,1715:1747647651208:,1747647652769
counter/3/0/0/0,1716:1747647651208:,1747647652770
counter/3/0/0/0,1717:1747647651208:,1747647652770
counter/5/0/0/0,1476:1747647651061:,1747647652770
counter/4/0/0/0,1596:1747647651287:,1747647652771
counter/4/0/0/0,1597:1747647651287:,1747647652771
counter/4/0/0/0,1598:1747647651287:,1747647652771
counter/4/0/0/0,1599:1747647651287:,1747647652771
counter/4/0/0/0,1600:1747647651287:,1747647652771
counter/4/0/0/0,1601:1747647651287:,1747647652771
counter/4/0/0/0,1602:1747647651287:,1747647652771
counter/4/0/0/0,1603:1747647651287:,1747647652771
counter/4/0/0/0,1604:1747647651288:,1747647652771
counter/4/0/0/0,1605:1747647651288:,1747647652771
counter/8/0/0/0,1708:1747647651115:,1747647652771
counter/8/0/0/0,1709:1747647651115:,1747647652772
counter/8/0/0/0,1710:1747647651115:,1747647652772
counter/8/0/0/0,1711:1747647651115:,1747647652772
counter/8/0/0/0,1712:1747647651115:,1747647652772
counter/8/0/0/0,1713:1747647651115:,1747647652772
counter/8/0/0/0,1714:1747647651115:,1747647652772
counter/8/0/0/0,1715:1747647651115:,1747647652772
counter/8/0/0/0,1716:1747647651115:,1747647652772
counter/8/0/0/0,1717:1747647651115:,1747647652772
counter/8/0/0/0,1718:1747647651115:,1747647652772
counter/1/0/0/0,2039:1747647651655:,1747647652772
counter/4/0/0/0,1606:1747647651288:,1747647652772
counter/9/0/0/0,1632:1747647651290:,1747647652772
counter/4/0/0/0,1607:1747647651288:,1747647652773
counter/7/0/0/0,1346:1747647651151:,1747647652774
counter/7/0/0/0,1347:1747647651151:,1747647652774
counter/7/0/0/0,1348:1747647651151:,1747647652774
counter/7/0/0/0,1349:1747647651151:,1747647652774
counter/7/0/0/0,1350:1747647651151:,1747647652774
counter/5/0/0/0,1477:1747647651078:,1747647652774
counter/6/0/0/0,1466:1747647651227:,1747647652774
counter/5/0/0/0,1478:1747647651078:,1747647652774
counter/1/0/0/0,2040:1747647651655:,1747647652774
counter/7/0/0/0,1351:1747647651151:,1747647652774
counter/10/0/0/0,1381:1747647651410:,1747647652774
counter/10/0/0/0,1382:1747647651410:,1747647652774
counter/10/0/0/0,1383:1747647651410:,1747647652775
counter/10/0/0/0,1384:1747647651410:,1747647652775
counter/10/0/0/0,1385:1747647651410:,1747647652775
counter/10/0/0/0,1386:1747647651410:,1747647652775
counter/10/0/0/0,1387:1747647651410:,1747647652775
counter/10/0/0/0,1388:1747647651410:,1747647652775
counter/10/0/0/0,1389:1747647651410:,1747647652775
counter/10/0/0/0,1390:1747647651411:,1747647652775
counter/10/0/0/0,1391:1747647651411:,1747647652775
counter/8/0/0/0,1719:1747647651115:,1747647652775
counter/1/0/0/0,2041:1747647651655:,1747647652775
counter/10/0/0/0,1392:1747647651411:,1747647652775
counter/1/0/0/0,2042:1747647651655:,1747647652775
counter/1/0/0/0,2043:1747647651655:,1747647652775
counter/4/0/0/0,1608:1747647651288:,1747647652775
counter/4/0/0/0,1609:1747647651288:,1747647652775
counter/4/0/0/0,1610:1747647651288:,1747647652775
counter/4/0/0/0,1611:1747647651288:,1747647652775
counter/4/0/0/0,1612:1747647651288:,1747647652776
counter/4/0/0/0,1613:1747647651288:,1747647652776
counter/4/0/0/0,1614:1747647651288:,1747647652776
counter/4/0/0/0,1615:1747647651288:,1747647652776
counter/4/0/0/0,1616:1747647651288:,1747647652776
counter/8/0/0/0,1720:1747647651115:,1747647652776
counter/3/0/0/0,1718:1747647651208:,1747647652777
counter/1/0/0/0,2044:1747647651655:,1747647652778
counter/8/0/0/0,1721:1747647651115:,1747647652780
counter/8/0/0/0,1722:1747647651115:,1747647652780
counter/8/0/0/0,1723:1747647651115:,1747647652780
counter/8/0/0/0,1724:1747647651115:,1747647652780
counter/3/0/0/0,1719:1747647651208:,1747647652780
counter/3/0/0/0,1720:1747647651211:,1747647652780
counter/3/0/0/0,1721:1747647651211:,1747647652780
counter/3/0/0/0,1722:1747647651211:,1747647652780
counter/3/0/0/0,1723:1747647651211:,1747647652780
counter/1/0/0/0,2045:1747647651656:,1747647652781
counter/5/0/0/0,1479:1747647651078:,1747647652782
counter/1/0/0/0,2046:1747647651656:,1747647652782
counter/9/0/0/0,1633:1747647651290:,1747647652782
counter/1/0/0/0,2047:1747647651656:,1747647652782
counter/1/0/0/0,2048:1747647651656:,1747647652782
counter/6/0/0/0,1467:1747647651227:,1747647652782
counter/2/0/0/0,1429:1747647651118:,1747647652783
counter/1/0/0/0,2049:1747647651656:,1747647652783
counter/4/0/0/0,1617:1747647651288:,1747647652784
counter/4/0/0/0,1618:1747647651288:,1747647652784
counter/4/0/0/0,1619:1747647651288:,1747647652784
counter/4/0/0/0,1620:1747647651288:,1747647652784
counter/3/0/0/0,1724:1747647651211:,1747647652784
counter/4/0/0/0,1621:1747647651288:,1747647652784
counter/4/0/0/0,1622:1747647651288:,1747647652784
counter/4/0/0/0,1623:1747647651288:,1747647652784
counter/4/0/0/0,1624:1747647651288:,1747647652784
counter/4/0/0/0,1625:1747647651288:,1747647652784
counter/5/0/0/0,1480:1747647651078:,1747647652784
counter/8/0/0/0,1725:1747647651116:,1747647652785
counter/2/0/0/0,1430:1747647651119:,1747647652785
counter/10/0/0/0,1393:1747647651411:,1747647652786
counter/3/0/0/0,1725:1747647651211:,1747647652786
counter/3/0/0/0,1726:1747647651211:,1747647652786
counter/3/0/0/0,1727:1747647651211:,1747647652786
counter/3/0/0/0,1728:1747647651212:,1747647652786
counter/3/0/0/0,1729:1747647651212:,1747647652786
counter/3/0/0/0,1730:1747647651212:,1747647652786
counter/1/0/0/0,2050:1747647651657:,1747647652786
counter/9/0/0/0,1634:1747647651290:,1747647652786
counter/2/0/0/0,1431:1747647651119:,1747647652787
counter/4/0/0/0,1626:1747647651288:,1747647652787
counter/9/0/0/0,1635:1747647651290:,1747647652787
counter/2/0/0/0,1432:1747647651119:,1747647652788
counter/6/0/0/0,1468:1747647651227:,1747647652788
counter/10/0/0/0,1394:1747647651411:,1747647652788
counter/10/0/0/0,1395:1747647651411:,1747647652788
counter/6/0/0/0,1469:1747647651227:,1747647652789
counter/6/0/0/0,1470:1747647651227:,1747647652789
counter/6/0/0/0,1471:1747647651227:,1747647652790
counter/6/0/0/0,1472:1747647651227:,1747647652790
counter/8/0/0/0,1726:1747647651116:,1747647652790
counter/3/0/0/0,1731:1747647651212:,1747647652790
counter/3/0/0/0,1732:1747647651212:,1747647652790
counter/10/0/0/0,1396:1747647651411:,1747647652790
counter/10/0/0/0,1397:1747647651411:,1747647652790
counter/10/0/0/0,1398:1747647651411:,1747647652790
counter/10/0/0/0,1399:1747647651411:,1747647652790
counter/10/0/0/0,1400:1747647651411:,1747647652790
counter/10/0/0/0,1401:1747647651411:,1747647652790
counter/10/0/0/0,1402:1747647651411:,1747647652791
counter/10/0/0/0,1403:1747647651411:,1747647652791
counter/6/0/0/0,1473:1747647651227:,1747647652791
counter/6/0/0/0,1474:1747647651227:,1747647652791
counter/6/0/0/0,1475:1747647651227:,1747647652791
counter/6/0/0/0,1476:1747647651227:,1747647652791
counter/6/0/0/0,1477:1747647651227:,1747647652791
counter/6/0/0/0,1478:1747647651227:,1747647652791
counter/1/0/0/0,2051:1747647651657:,1747647652792
counter/9/0/0/0,1636:1747647651290:,1747647652792
counter/5/0/0/0,1481:1747647651078:,1747647652792
counter/5/0/0/0,1482:1747647651078:,1747647652792
counter/5/0/0/0,1483:1747647651078:,1747647652792
counter/5/0/0/0,1484:1747647651078:,1747647652792
counter/5/0/0/0,1485:1747647651078:,1747647652792
counter/3/0/0/0,1733:1747647651212:,1747647652792
counter/9/0/0/0,1637:1747647651290:,1747647652792
counter/3/0/0/0,1734:1747647651215:,1747647652792
counter/3/0/0/0,1735:1747647651215:,1747647652793
counter/4/0/0/0,1627:1747647651288:,1747647652793
counter/4/0/0/0,1628:1747647651288:,1747647652793
counter/4/0/0/0,1629:1747647651288:,1747647652793
counter/4/0/0/0,1630:1747647651288:,1747647652793
counter/4/0/0/0,1631:1747647651288:,1747647652793
counter/4/0/0/0,1632:1747647651288:,1747647652793
counter/4/0/0/0,1633:1747647651288:,1747647652793
counter/4/0/0/0,1634:1747647651296:,1747647652793
counter/4/0/0/0,1635:1747647651296:,1747647652793
counter/4/0/0/0,1636:1747647651296:,1747647652793
counter/4/0/0/0,1637:1747647651296:,1747647652793
counter/4/0/0/0,1638:1747647651296:,1747647652793
counter/4/0/0/0,1639:1747647651296:,1747647652793
counter/9/0/0/0,1638:1747647651290:,1747647652794
counter/4/0/0/0,1640:1747647651296:,1747647652794
counter/4/0/0/0,1641:1747647651305:,1747647652794
counter/4/0/0/0,1642:1747647651305:,1747647652794
counter/7/0/0/0,1352:1747647651151:,1747647652794
counter/4/0/0/0,1643:1747647651305:,1747647652794
counter/4/0/0/0,1644:1747647651305:,1747647652794
counter/7/0/0/0,1353:1747647651151:,1747647652794
counter/7/0/0/0,1354:1747647651151:,1747647652794
counter/10/0/0/0,1404:1747647651411:,1747647652794
counter/1/0/0/0,2052:1747647651657:,1747647652794
counter/6/0/0/0,1479:1747647651227:,1747647652794
counter/1/0/0/0,2053:1747647651657:,1747647652795
counter/1/0/0/0,2054:1747647651657:,1747647652795
counter/8/0/0/0,1727:1747647651116:,1747647652797
counter/9/0/0/0,1639:1747647651290:,1747647652797
counter/9/0/0/0,1640:1747647651290:,1747647652797
counter/10/0/0/0,1405:1747647651411:,1747647652797
counter/10/0/0/0,1406:1747647651411:,1747647652797
counter/10/0/0/0,1407:1747647651411:,1747647652797
counter/10/0/0/0,1408:1747647651412:,1747647652797
counter/10/0/0/0,1409:1747647651412:,1747647652797
counter/7/0/0/0,1355:1747647651151:,1747647652797
counter/6/0/0/0,1480:1747647651228:,1747647652797
counter/6/0/0/0,1481:1747647651228:,1747647652797
counter/4/0/0/0,1645:1747647651305:,1747647652797
counter/8/0/0/0,1728:1747647651116:,1747647652797
counter/3/0/0/0,1736:1747647651215:,1747647652798
counter/1/0/0/0,2055:1747647651657:,1747647652800
counter/9/0/0/0,1641:1747647651291:,1747647652800
counter/9/0/0/0,1642:1747647651291:,1747647652800
counter/7/0/0/0,1356:1747647651152:,1747647652800
counter/7/0/0/0,1357:1747647651155:,1747647652800
counter/4/0/0/0,1646:1747647651305:,1747647652800
counter/6/0/0/0,1482:1747647651228:,1747647652800
counter/6/0/0/0,1483:1747647651228:,1747647652801
counter/6/0/0/0,1484:1747647651242:,1747647652801
counter/5/0/0/0,1486:1747647651078:,1747647652801
counter/5/0/0/0,1487:1747647651078:,1747647652801
counter/5/0/0/0,1488:1747647651079:,1747647652802
counter/5/0/0/0,1489:1747647651079:,1747647652802
counter/3/0/0/0,1737:1747647651215:,1747647652802
counter/8/0/0/0,1729:1747647651116:,1747647652802
counter/7/0/0/0,1358:1747647651155:,1747647652803
counter/7/0/0/0,1359:1747647651155:,1747647652803
counter/7/0/0/0,1360:1747647651155:,1747647652803
counter/7/0/0/0,1361:1747647651161:,1747647652803
counter/7/0/0/0,1362:1747647651161:,1747647652803
counter/7/0/0/0,1363:1747647651161:,1747647652803
counter/7/0/0/0,1364:1747647651167:,1747647652803
counter/1/0/0/0,2056:1747647651657:,1747647652803
counter/1/0/0/0,2057:1747647651658:,1747647652803
counter/1/0/0/0,2058:1747647651658:,1747647652803
counter/1/0/0/0,2059:1747647651658:,1747647652803
counter/1/0/0/0,2060:1747647651658:,1747647652803
counter/1/0/0/0,2061:1747647651672:,1747647652803
counter/4/0/0/0,1647:1747647651305:,1747647652804
counter/1/0/0/0,2062:1747647651672:,1747647652805
counter/1/0/0/0,2063:1747647651672:,1747647652805
counter/10/0/0/0,1410:1747647651412:,1747647652806
counter/2/0/0/0,1433:1747647651119:,1747647652806
counter/1/0/0/0,2064:1747647651672:,1747647652806
counter/1/0/0/0,2065:1747647651672:,1747647652806
counter/1/0/0/0,2066:1747647651672:,1747647652806
counter/1/0/0/0,2067:1747647651672:,1747647652806
counter/8/0/0/0,1730:1747647651116:,1747647652806
counter/1/0/0/0,2068:1747647651672:,1747647652806
counter/1/0/0/0,2069:1747647651672:,1747647652806
counter/1/0/0/0,2070:1747647651673:,1747647652806
counter/5/0/0/0,1490:1747647651079:,1747647652806
counter/10/0/0/0,1411:1747647651412:,1747647652807
counter/8/0/0/0,1731:1747647651116:,1747647652807
counter/3/0/0/0,1738:1747647651215:,1747647652807
counter/3/0/0/0,1739:1747647651215:,1747647652807
counter/3/0/0/0,1740:1747647651215:,1747647652807
counter/3/0/0/0,1741:1747647651215:,1747647652807
counter/5/0/0/0,1491:1747647651079:,1747647652807
counter/1/0/0/0,2071:1747647651673:,1747647652808
counter/9/0/0/0,1643:1747647651291:,1747647652809
counter/9/0/0/0,1644:1747647651291:,1747647652809
counter/1/0/0/0,2072:1747647651673:,1747647652809
counter/10/0/0/0,1412:1747647651416:,1747647652809
counter/1/0/0/0,2073:1747647651674:,1747647652809
counter/1/0/0/0,2074:1747647651674:,1747647652809
counter/8/0/0/0,1732:1747647651116:,1747647652809
counter/4/0/0/0,1648:1747647651305:,1747647652810
counter/8/0/0/0,1733:1747647651116:,1747647652810
counter/8/0/0/0,1734:1747647651116:,1747647652810
counter/8/0/0/0,1735:1747647651116:,1747647652810
counter/8/0/0/0,1736:1747647651116:,1747647652810
counter/8/0/0/0,1737:1747647651116:,1747647652810
counter/10/0/0/0,1413:1747647651416:,1747647652811
counter/6/0/0/0,1485:1747647651242:,1747647652811
counter/6/0/0/0,1486:1747647651242:,1747647652811
counter/6/0/0/0,1487:1747647651242:,1747647652811
counter/6/0/0/0,1488:1747647651242:,1747647652811
counter/6/0/0/0,1489:1747647651242:,1747647652811
counter/6/0/0/0,1490:1747647651242:,1747647652811
counter/6/0/0/0,1491:1747647651242:,1747647652811
counter/5/0/0/0,1492:1747647651079:,1747647652811
counter/1/0/0/0,2075:1747647651674:,1747647652811
counter/1/0/0/0,2076:1747647651674:,1747647652812
counter/1/0/0/0,2077:1747647651674:,1747647652812
counter/1/0/0/0,2078:1747647651674:,1747647652812
counter/1/0/0/0,2079:1747647651674:,1747647652812
counter/1/0/0/0,2080:1747647651679:,1747647652812
counter/2/0/0/0,1434:1747647651119:,1747647652812
counter/2/0/0/0,1435:1747647651119:,1747647652812
counter/6/0/0/0,1492:1747647651242:,1747647652812
counter/6/0/0/0,1493:1747647651242:,1747647652812
counter/6/0/0/0,1494:1747647651244:,1747647652812
counter/6/0/0/0,1495:1747647651244:,1747647652812
counter/6/0/0/0,1496:1747647651244:,1747647652812
counter/6/0/0/0,1497:1747647651244:,1747647652813
counter/6/0/0/0,1498:1747647651244:,1747647652813
counter/10/0/0/0,1414:1747647651416:,1747647652813
counter/10/0/0/0,1415:1747647651416:,1747647652813
counter/10/0/0/0,1416:1747647651416:,1747647652813
counter/10/0/0/0,1417:1747647651416:,1747647652813
counter/10/0/0/0,1418:1747647651416:,1747647652813
counter/10/0/0/0,1419:1747647651416:,1747647652813
counter/10/0/0/0,1420:1747647651416:,1747647652813
counter/10/0/0/0,1421:1747647651416:,1747647652813
counter/10/0/0/0,1422:1747647651416:,1747647652813
counter/10/0/0/0,1423:1747647651416:,1747647652813
counter/2/0/0/0,1436:1747647651119:,1747647652813
counter/2/0/0/0,1437:1747647651124:,1747647652813
counter/7/0/0/0,1365:1747647651168:,1747647652813
counter/7/0/0/0,1366:1747647651168:,1747647652813
counter/7/0/0/0,1367:1747647651168:,1747647652813
counter/7/0/0/0,1368:1747647651168:,1747647652813
counter/7/0/0/0,1369:1747647651168:,1747647652813
counter/7/0/0/0,1370:1747647651168:,1747647652813
counter/7/0/0/0,1371:1747647651168:,1747647652813
counter/7/0/0/0,1372:1747647651168:,1747647652813
counter/7/0/0/0,1373:1747647651168:,1747647652814
counter/6/0/0/0,1499:1747647651244:,1747647652814
counter/5/0/0/0,1493:1747647651087:,1747647652814
counter/1/0/0/0,2081:1747647651679:,1747647652815
counter/1/0/0/0,2082:1747647651679:,1747647652815
counter/8/0/0/0,1738:1747647651116:,1747647652815
counter/4/0/0/0,1649:1747647651305:,1747647652815
counter/8/0/0/0,1739:1747647651116:,1747647652815
counter/2/0/0/0,1438:1747647651125:,1747647652815
counter/7/0/0/0,1374:1747647651168:,1747647652816
counter/7/0/0/0,1375:1747647651169:,1747647652816
counter/7/0/0/0,1376:1747647651179:,1747647652816
counter/7/0/0/0,1377:1747647651179:,1747647652816
counter/7/0/0/0,1378:1747647651186:,1747647652816
counter/7/0/0/0,1379:1747647651187:,1747647652816
counter/10/0/0/0,1424:1747647651454:,1747647652816
counter/2/0/0/0,1439:1747647651125:,1747647652816
counter/1/0/0/0,2083:1747647651679:,1747647652816
counter/1/0/0/0,2084:1747647651679:,1747647652816
counter/1/0/0/0,2085:1747647651679:,1747647652816
counter/1/0/0/0,2086:1747647651679:,1747647652816
counter/10/0/0/0,1425:1747647651454:,1747647652816
counter/1/0/0/0,2087:1747647651679:,1747647652816
counter/5/0/0/0,1494:1747647651087:,1747647652817
counter/4/0/0/0,1650:1747647651306:,1747647652818
counter/4/0/0/0,1651:1747647651306:,1747647652818
counter/1/0/0/0,2088:1747647651679:,1747647652818
counter/4/0/0/0,1652:1747647651306:,1747647652818
counter/4/0/0/0,1653:1747647651306:,1747647652818
counter/5/0/0/0,1495:1747647651087:,1747647652818
counter/5/0/0/0,1496:1747647651087:,1747647652818
counter/5/0/0/0,1497:1747647651087:,1747647652818
counter/3/0/0/0,1742:1747647651216:,1747647652819
counter/3/0/0/0,1743:1747647651216:,1747647652819
counter/3/0/0/0,1744:1747647651216:,1747647652819
counter/3/0/0/0,1745:1747647651216:,1747647652819
counter/3/0/0/0,1746:1747647651216:,1747647652819
counter/3/0/0/0,1747:1747647651216:,1747647652819
counter/3/0/0/0,1748:1747647651216:,1747647652819
counter/3/0/0/0,1749:1747647651216:,1747647652819
counter/3/0/0/0,1750:1747647651217:,1747647652819
counter/6/0/0/0,1500:1747647651261:,1747647652819
counter/3/0/0/0,1751:1747647651217:,1747647652819
counter/3/0/0/0,1752:1747647651217:,1747647652819
counter/3/0/0/0,1753:1747647651217:,1747647652819
counter/3/0/0/0,1754:1747647651217:,1747647652819
counter/3/0/0/0,1755:1747647651217:,1747647652819
counter/3/0/0/0,1756:1747647651217:,1747647652819
counter/9/0/0/0,1645:1747647651291:,1747647652820
counter/9/0/0/0,1646:1747647651291:,1747647652820
counter/9/0/0/0,1647:1747647651291:,1747647652820
counter/9/0/0/0,1648:1747647651291:,1747647652820
counter/9/0/0/0,1649:1747647651291:,1747647652820
counter/9/0/0/0,1650:1747647651300:,1747647652820
counter/1/0/0/0,2089:1747647651679:,1747647652820
counter/2/0/0/0,1440:1747647651125:,1747647652820
counter/7/0/0/0,1380:1747647651187:,1747647652821
counter/9/0/0/0,1651:1747647651300:,1747647652821
counter/9/0/0/0,1652:1747647651300:,1747647652821
counter/9/0/0/0,1653:1747647651300:,1747647652821
counter/9/0/0/0,1654:1747647651302:,1747647652821
counter/10/0/0/0,1426:1747647651454:,1747647652821
counter/9/0/0/0,1655:1747647651302:,1747647652821
counter/9/0/0/0,1656:1747647651302:,1747647652821
counter/1/0/0/0,2090:1747647651679:,1747647652821
counter/10/0/0/0,1427:1747647651454:,1747647652821
counter/1/0/0/0,2091:1747647651679:,1747647652821
counter/1/0/0/0,2092:1747647651679:,1747647652821
counter/1/0/0/0,2093:1747647651679:,1747647652821
counter/1/0/0/0,2094:1747647651679:,1747647652822
counter/1/0/0/0,2095:1747647651679:,1747647652822
counter/1/0/0/0,2096:1747647651680:,1747647652822
counter/1/0/0/0,2097:1747647651680:,1747647652822
counter/1/0/0/0,2098:1747647651680:,1747647652822
counter/1/0/0/0,2099:1747647651680:,1747647652822
counter/9/0/0/0,1657:1747647651302:,1747647652822
counter/8/0/0/0,1740:1747647651116:,1747647652822
counter/4/0/0/0,1654:1747647651306:,1747647652822
counter/4/0/0/0,1655:1747647651306:,1747647652822
counter/4/0/0/0,1656:1747647651306:,1747647652822
counter/4/0/0/0,1657:1747647651306:,1747647652822
counter/4/0/0/0,1658:1747647651306:,1747647652823
counter/4/0/0/0,1659:1747647651306:,1747647652823
counter/6/0/0/0,1501:1747647651263:,1747647652823
counter/1/0/0/0,2100:1747647651680:,1747647652823
counter/7/0/0/0,1381:1747647651187:,1747647652823
counter/9/0/0/0,1658:1747647651302:,1747647652823
counter/2/0/0/0,1441:1747647651125:,1747647652825
counter/9/0/0/0,1659:1747647651302:,1747647652825
counter/3/0/0/0,1757:1747647651217:,1747647652825
counter/5/0/0/0,1498:1747647651087:,1747647652825
counter/2/0/0/0,1442:1747647651125:,1747647652825
counter/9/0/0/0,1660:1747647651302:,1747647652826
counter/9/0/0/0,1661:1747647651302:,1747647652826
counter/8/0/0/0,1741:1747647651116:,1747647652827
counter/8/0/0/0,1742:1747647651116:,1747647652827
counter/6/0/0/0,1502:1747647651263:,1747647652827
counter/6/0/0/0,1503:1747647651263:,1747647652827
counter/3/0/0/0,1758:1747647651217:,1747647652827
counter/3/0/0/0,1759:1747647651217:,1747647652827
counter/10/0/0/0,1428:1747647651454:,1747647652827
counter/3/0/0/0,1760:1747647651217:,1747647652827
counter/10/0/0/0,1429:1747647651458:,1747647652827
counter/3/0/0/0,1761:1747647651217:,1747647652827
counter/4/0/0/0,1660:1747647651306:,1747647652828
counter/9/0/0/0,1662:1747647651302:,1747647652829
counter/9/0/0/0,1663:1747647651302:,1747647652829
counter/9/0/0/0,1664:1747647651316:,1747647652829
counter/9/0/0/0,1665:1747647651316:,1747647652829
counter/9/0/0/0,1666:1747647651316:,1747647652829
counter/9/0/0/0,1667:1747647651316:,1747647652829
counter/9/0/0/0,1668:1747647651316:,1747647652829
counter/1/0/0/0,2101:1747647651680:,1747647652832
counter/1/0/0/0,2102:1747647651680:,1747647652832
counter/1/0/0/0,2103:1747647651680:,1747647652832
counter/1/0/0/0,2104:1747647651680:,1747647652832
counter/1/0/0/0,2105:1747647651680:,1747647652832
counter/1/0/0/0,2106:1747647651680:,1747647652832
counter/1/0/0/0,2107:1747647651680:,1747647652832
counter/1/0/0/0,2108:1747647651683:,1747647652832
counter/1/0/0/0,2109:1747647651683:,1747647652833
counter/1/0/0/0,2110:1747647651683:,1747647652833
counter/7/0/0/0,1382:1747647651187:,1747647652833
counter/7/0/0/0,1383:1747647651189:,1747647652833
counter/7/0/0/0,1384:1747647651189:,1747647652833
counter/7/0/0/0,1385:1747647651189:,1747647652833
counter/7/0/0/0,1386:1747647651189:,1747647652833
counter/7/0/0/0,1387:1747647651189:,1747647652833
counter/7/0/0/0,1388:1747647651189:,1747647652833
counter/7/0/0/0,1389:1747647651189:,1747647652833
counter/8/0/0/0,1743:1747647651116:,1747647652835
counter/8/0/0/0,1744:1747647651116:,1747647652835
counter/8/0/0/0,1745:1747647651116:,1747647652835
counter/8/0/0/0,1746:1747647651116:,1747647652835
counter/8/0/0/0,1747:1747647651116:,1747647652835
counter/8/0/0/0,1748:1747647651116:,1747647652835
counter/8/0/0/0,1749:1747647651116:,1747647652835
counter/8/0/0/0,1750:1747647651116:,1747647652835
counter/8/0/0/0,1751:1747647651116:,1747647652835
counter/8/0/0/0,1752:1747647651116:,1747647652835
counter/8/0/0/0,1753:1747647651116:,1747647652835
counter/8/0/0/0,1754:1747647651116:,1747647652836
counter/1/0/0/0,2111:1747647651683:,1747647652837
counter/6/0/0/0,1504:1747647651263:,1747647652837
counter/6/0/0/0,1505:1747647651263:,1747647652837
counter/6/0/0/0,1506:1747647651263:,1747647652837
counter/6/0/0/0,1507:1747647651263:,1747647652837
counter/6/0/0/0,1508:1747647651263:,1747647652837
counter/6/0/0/0,1509:1747647651263:,1747647652837
counter/6/0/0/0,1510:1747647651263:,1747647652837
counter/6/0/0/0,1511:1747647651263:,1747647652838
counter/8/0/0/0,1755:1747647651118:,1747647652838
counter/5/0/0/0,1499:1747647651087:,1747647652839
counter/5/0/0/0,1500:1747647651087:,1747647652839
counter/5/0/0/0,1501:1747647651087:,1747647652839
counter/5/0/0/0,1502:1747647651087:,1747647652839
counter/5/0/0/0,1503:1747647651087:,1747647652839
counter/5/0/0/0,1504:1747647651087:,1747647652839
counter/5/0/0/0,1505:1747647651087:,1747647652839
counter/5/0/0/0,1506:1747647651087:,1747647652839
counter/5/0/0/0,1507:1747647651087:,1747647652839
counter/5/0/0/0,1508:1747647651087:,1747647652839
counter/5/0/0/0,1509:1747647651087:,1747647652839
counter/5/0/0/0,1510:1747647651087:,1747647652839
counter/5/0/0/0,1511:1747647651087:,1747647652839
counter/5/0/0/0,1512:1747647651087:,1747647652840
counter/5/0/0/0,1513:1747647651087:,1747647652840
counter/5/0/0/0,1514:1747647651087:,1747647652840
counter/5/0/0/0,1515:1747647651092:,1747647652840
counter/5/0/0/0,1516:1747647651092:,1747647652840
counter/5/0/0/0,1517:1747647651092:,1747647652840
counter/5/0/0/0,1518:1747647651092:,1747647652840
counter/5/0/0/0,1519:1747647651092:,1747647652840
counter/6/0/0/0,1512:1747647651265:,1747647652840
counter/2/0/0/0,1443:1747647651125:,1747647652840
counter/2/0/0/0,1444:1747647651125:,1747647652840
counter/5/0/0/0,1520:1747647651092:,1747647652840
counter/1/0/0/0,2112:1747647651683:,1747647652842
counter/2/0/0/0,1445:1747647651125:,1747647652842
counter/10/0/0/0,1430:1747647651458:,1747647652842
counter/10/0/0/0,1431:1747647651458:,1747647652842
counter/3/0/0/0,1762:1747647651217:,1747647652842
counter/10/0/0/0,1432:1747647651458:,1747647652842
counter/10/0/0/0,1433:1747647651459:,1747647652843
counter/10/0/0/0,1434:1747647651459:,1747647652843
counter/5/0/0/0,1521:1747647651092:,1747647652844
counter/8/0/0/0,1756:1747647651118:,1747647652844
counter/9/0/0/0,1669:1747647651316:,1747647652844
counter/9/0/0/0,1670:1747647651335:,1747647652844
counter/9/0/0/0,1671:1747647651335:,1747647652844
counter/7/0/0/0,1390:1747647651189:,1747647652844
counter/3/0/0/0,1763:1747647651217:,1747647652845
counter/7/0/0/0,1391:1747647651189:,1747647652845
counter/7/0/0/0,1392:1747647651189:,1747647652845
counter/1/0/0/0,2113:1747647651684:,1747647652845
counter/1/0/0/0,2114:1747647651684:,1747647652845
counter/1/0/0/0,2115:1747647651684:,1747647652845
counter/1/0/0/0,2116:1747647651684:,1747647652845
counter/1/0/0/0,2117:1747647651684:,1747647652845
counter/1/0/0/0,2118:1747647651684:,1747647652845
counter/1/0/0/0,2119:1747647651684:,1747647652845
counter/6/0/0/0,1513:1747647651266:,1747647652846
counter/6/0/0/0,1514:1747647651266:,1747647652846
counter/6/0/0/0,1515:1747647651266:,1747647652846
counter/6/0/0/0,1516:1747647651266:,1747647652846
counter/6/0/0/0,1517:1747647651266:,1747647652846
counter/6/0/0/0,1518:1747647651269:,1747647652846
counter/3/0/0/0,1764:1747647651217:,1747647652847
counter/4/0/0/0,1661:1747647651306:,1747647652847
counter/6/0/0/0,1519:1747647651269:,1747647652847
counter/6/0/0/0,1520:1747647651269:,1747647652848
counter/6/0/0/0,1521:1747647651269:,1747647652848
counter/6/0/0/0,1522:1747647651269:,1747647652848
counter/6/0/0/0,1523:1747647651269:,1747647652848
counter/6/0/0/0,1524:1747647651269:,1747647652848
counter/1/0/0/0,2120:1747647651686:,1747647652848
counter/6/0/0/0,1525:1747647651269:,1747647652849
counter/10/0/0/0,1435:1747647651459:,1747647652849
counter/2/0/0/0,1446:1747647651125:,1747647652849
counter/5/0/0/0,1522:1747647651092:,1747647652849
counter/1/0/0/0,2121:1747647651686:,1747647652849
counter/1/0/0/0,2122:1747647651686:,1747647652849
counter/1/0/0/0,2123:1747647651686:,1747647652849
counter/6/0/0/0,1526:1747647651269:,1747647652849
counter/8/0/0/0,1757:1747647651118:,1747647652850
counter/8/0/0/0,1758:1747647651118:,1747647652850
counter/8/0/0/0,1759:1747647651118:,1747647652850
counter/8/0/0/0,1760:1747647651118:,1747647652850
counter/5/0/0/0,1523:1747647651092:,1747647652850
counter/5/0/0/0,1524:1747647651092:,1747647652851
counter/5/0/0/0,1525:1747647651092:,1747647652851
counter/5/0/0/0,1526:1747647651092:,1747647652851
counter/5/0/0/0,1527:1747647651092:,1747647652851
counter/5/0/0/0,1528:1747647651092:,1747647652851
counter/5/0/0/0,1529:1747647651092:,1747647652851
counter/7/0/0/0,1393:1747647651190:,1747647652851
counter/7/0/0/0,1394:1747647651197:,1747647652851
counter/2/0/0/0,1447:1747647651125:,1747647652851
counter/2/0/0/0,1448:1747647651126:,1747647652852
counter/9/0/0/0,1672:1747647651335:,1747647652852
counter/9/0/0/0,1673:1747647651335:,1747647652852
counter/10/0/0/0,1436:1747647651459:,1747647652852
counter/1/0/0/0,2124:1747647651686:,1747647652854
counter/1/0/0/0,2125:1747647651686:,1747647652856
counter/8/0/0/0,1761:1747647651118:,1747647652857
counter/6/0/0/0,1527:1747647651269:,1747647652858
counter/2/0/0/0,1449:1747647651126:,1747647652858
counter/2/0/0/0,1450:1747647651126:,1747647652858
counter/2/0/0/0,1451:1747647651126:,1747647652858
counter/1/0/0/0,2126:1747647651686:,1747647652858
counter/4/0/0/0,1662:1747647651306:,1747647652859
counter/9/0/0/0,1674:1747647651335:,1747647652859
counter/9/0/0/0,1675:1747647651335:,1747647652859
counter/9/0/0/0,1676:1747647651335:,1747647652859
counter/9/0/0/0,1677:1747647651335:,1747647652859
counter/9/0/0/0,1678:1747647651335:,1747647652859
counter/9/0/0/0,1679:1747647651336:,1747647652859
counter/9/0/0/0,1680:1747647651336:,1747647652859
counter/9/0/0/0,1681:1747647651336:,1747647652859
counter/9/0/0/0,1682:1747647651336:,1747647652859
counter/9/0/0/0,1683:1747647651336:,1747647652859
counter/9/0/0/0,1684:1747647651336:,1747647652860
counter/9/0/0/0,1685:1747647651336:,1747647652860
counter/1/0/0/0,2127:1747647651686:,1747647652860
counter/1/0/0/0,2128:1747647651686:,1747647652861
counter/3/0/0/0,1765:1747647651217:,1747647652861
counter/1/0/0/0,2129:1747647651686:,1747647652861
counter/1/0/0/0,2130:1747647651686:,1747647652861
counter/6/0/0/0,1528:1747647651269:,1747647652861
counter/7/0/0/0,1395:1747647651197:,1747647652861
counter/6/0/0/0,1529:1747647651269:,1747647652861
counter/10/0/0/0,1437:1747647651459:,1747647652861
counter/5/0/0/0,1530:1747647651092:,1747647652861
counter/2/0/0/0,1452:1747647651154:,1747647652862
counter/9/0/0/0,1686:1747647651336:,1747647652862
counter/3/0/0/0,1766:1747647651217:,1747647652863
counter/1/0/0/0,2131:1747647651686:,1747647652863
counter/1/0/0/0,2132:1747647651686:,1747647652863
counter/10/0/0/0,1438:1747647651459:,1747647652863
counter/3/0/0/0,1767:1747647651217:,1747647652864
counter/10/0/0/0,1439:1747647651459:,1747647652864
counter/10/0/0/0,1440:1747647651459:,1747647652864
counter/6/0/0/0,1530:1747647651269:,1747647652864
counter/2/0/0/0,1453:1747647651154:,1747647652864
counter/2/0/0/0,1454:1747647651154:,1747647652865
counter/2/0/0/0,1455:1747647651154:,1747647652865
counter/2/0/0/0,1456:1747647651154:,1747647652865
counter/9/0/0/0,1687:1747647651356:,1747647652865
counter/9/0/0/0,1688:1747647651356:,1747647652865
counter/9/0/0/0,1689:1747647651356:,1747647652865
counter/9/0/0/0,1690:1747647651356:,1747647652865
counter/9/0/0/0,1691:1747647651356:,1747647652865
counter/9/0/0/0,1692:1747647651356:,1747647652865
counter/9/0/0/0,1693:1747647651356:,1747647652865
counter/9/0/0/0,1694:1747647651356:,1747647652865
counter/9/0/0/0,1695:1747647651356:,1747647652865
counter/9/0/0/0,1696:1747647651356:,1747647652865
counter/9/0/0/0,1697:1747647651356:,1747647652865
counter/3/0/0/0,1768:1747647651217:,1747647652865
counter/10/0/0/0,1441:1747647651459:,1747647652865
counter/8/0/0/0,1762:1747647651118:,1747647652865
counter/10/0/0/0,1442:1747647651459:,1747647652865
counter/9/0/0/0,1698:1747647651356:,1747647652866
counter/9/0/0/0,1699:1747647651356:,1747647652866
counter/9/0/0/0,1700:1747647651358:,1747647652866
counter/9/0/0/0,1701:1747647651358:,1747647652866
counter/9/0/0/0,1702:1747647651358:,1747647652866
counter/9/0/0/0,1703:1747647651359:,1747647652866
counter/9/0/0/0,1704:1747647651359:,1747647652866
counter/3/0/0/0,1769:1747647651217:,1747647652866
counter/7/0/0/0,1396:1747647651197:,1747647652866
counter/3/0/0/0,1770:1747647651217:,1747647652866
counter/3/0/0/0,1771:1747647651217:,1747647652866
counter/7/0/0/0,1397:1747647651197:,1747647652867
counter/2/0/0/0,1457:1747647651154:,1747647652867
counter/4/0/0/0,1663:1747647651306:,1747647652867
counter/2/0/0/0,1458:1747647651160:,1747647652867
counter/4/0/0/0,1664:1747647651306:,1747647652867
counter/1/0/0/0,2133:1747647651686:,1747647652868
counter/6/0/0/0,1531:1747647651269:,1747647652868
counter/7/0/0/0,1398:1747647651198:,1747647652868
counter/2/0/0/0,1459:1747647651160:,1747647652871
counter/1/0/0/0,2134:1747647651700:,1747647652872
counter/1/0/0/0,2135:1747647651700:,1747647652873
counter/10/0/0/0,1443:1747647651459:,1747647652873
counter/9/0/0/0,1705:1747647651359:,1747647652873
counter/10/0/0/0,1444:1747647651463:,1747647652873
counter/7/0/0/0,1399:1747647651198:,1747647652873
counter/7/0/0/0,1400:1747647651198:,1747647652873
counter/7/0/0/0,1401:1747647651198:,1747647652873
counter/4/0/0/0,1665:1747647651306:,1747647652875
counter/6/0/0/0,1532:1747647651272:,1747647652875
counter/6/0/0/0,1533:1747647651272:,1747647652875
counter/3/0/0/0,1772:1747647651217:,1747647652876
counter/3/0/0/0,1773:1747647651217:,1747647652876
counter/3/0/0/0,1774:1747647651217:,1747647652876
counter/7/0/0/0,1402:1747647651198:,1747647652876
counter/6/0/0/0,1534:1747647651272:,1747647652876
counter/2/0/0/0,1460:1747647651160:,1747647652876
counter/8/0/0/0,1763:1747647651118:,1747647652877
counter/6/0/0/0,1535:1747647651272:,1747647652878
counter/6/0/0/0,1536:1747647651272:,1747647652878
counter/6/0/0/0,1537:1747647651272:,1747647652878
counter/6/0/0/0,1538:1747647651273:,1747647652878
counter/2/0/0/0,1461:1747647651160:,1747647652878
counter/3/0/0/0,1775:1747647651217:,1747647652879
counter/6/0/0/0,1539:1747647651273:,1747647652879
counter/8/0/0/0,1764:1747647651118:,1747647652879
counter/5/0/0/0,1531:1747647651092:,1747647652879
counter/2/0/0/0,1462:1747647651166:,1747647652880
counter/6/0/0/0,1540:1747647651273:,1747647652880
counter/2/0/0/0,1463:1747647651166:,1747647652880
counter/2/0/0/0,1464:1747647651166:,1747647652880
counter/2/0/0/0,1465:1747647651166:,1747647652881
counter/5/0/0/0,1532:1747647651092:,1747647652881
counter/1/0/0/0,2136:1747647651700:,1747647652881
counter/7/0/0/0,1403:1747647651198:,1747647652881
counter/4/0/0/0,1666:1747647651306:,1747647652882
counter/4/0/0/0,1667:1747647651306:,1747647652882
counter/4/0/0/0,1668:1747647651306:,1747647652882
counter/4/0/0/0,1669:1747647651306:,1747647652882
counter/4/0/0/0,1670:1747647651306:,1747647652882
counter/4/0/0/0,1671:1747647651306:,1747647652882
counter/4/0/0/0,1672:1747647651306:,1747647652882
counter/4/0/0/0,1673:1747647651306:,1747647652882
counter/7/0/0/0,1404:1747647651198:,1747647652882
counter/7/0/0/0,1405:1747647651198:,1747647652882
counter/7/0/0/0,1406:1747647651198:,1747647652882
counter/7/0/0/0,1407:1747647651198:,1747647652882
counter/3/0/0/0,1776:1747647651217:,1747647652883
counter/3/0/0/0,1777:1747647651217:,1747647652883
counter/3/0/0/0,1778:1747647651217:,1747647652883
counter/3/0/0/0,1779:1747647651217:,1747647652883
counter/3/0/0/0,1780:1747647651217:,1747647652883
counter/3/0/0/0,1781:1747647651217:,1747647652883
counter/3/0/0/0,1782:1747647651217:,1747647652883
counter/2/0/0/0,1466:1747647651166:,1747647652883
counter/5/0/0/0,1533:1747647651093:,1747647652883
counter/2/0/0/0,1467:1747647651166:,1747647652883
counter/4/0/0/0,1674:1747647651306:,1747647652884
counter/10/0/0/0,1445:1747647651463:,1747647652884
counter/4/0/0/0,1675:1747647651306:,1747647652884
counter/4/0/0/0,1676:1747647651306:,1747647652884
counter/4/0/0/0,1677:1747647651306:,1747647652884
counter/9/0/0/0,1706:1747647651359:,1747647652884
counter/6/0/0/0,1541:1747647651273:,1747647652885
counter/6/0/0/0,1542:1747647651273:,1747647652885
counter/6/0/0/0,1543:1747647651275:,1747647652885
counter/6/0/0/0,1544:1747647651275:,1747647652885
counter/6/0/0/0,1545:1747647651279:,1747647652885
counter/6/0/0/0,1546:1747647651279:,1747647652885
counter/6/0/0/0,1547:1747647651279:,1747647652885
counter/6/0/0/0,1548:1747647651279:,1747647652885
counter/6/0/0/0,1549:1747647651279:,1747647652885
counter/5/0/0/0,1534:1747647651093:,1747647652885
counter/5/0/0/0,1535:1747647651093:,1747647652885
counter/8/0/0/0,1765:1747647651125:,1747647652887
counter/4/0/0/0,1678:1747647651306:,1747647652887
counter/4/0/0/0,1679:1747647651306:,1747647652887
counter/4/0/0/0,1680:1747647651306:,1747647652887
counter/4/0/0/0,1681:1747647651306:,1747647652887
counter/4/0/0/0,1682:1747647651306:,1747647652890
counter/4/0/0/0,1683:1747647651306:,1747647652890
counter/4/0/0/0,1684:1747647651306:,1747647652890
counter/4/0/0/0,1685:1747647651306:,1747647652890
counter/4/0/0/0,1686:1747647651306:,1747647652890
counter/1/0/0/0,2137:1747647651700:,1747647652890
counter/1/0/0/0,2138:1747647651700:,1747647652890
counter/7/0/0/0,1408:1747647651198:,1747647652890
counter/7/0/0/0,1409:1747647651199:,1747647652890
counter/7/0/0/0,1410:1747647651200:,1747647652890
counter/7/0/0/0,1411:1747647651200:,1747647652890
counter/7/0/0/0,1412:1747647651202:,1747647652890
counter/7/0/0/0,1413:1747647651202:,1747647652890
counter/8/0/0/0,1766:1747647651125:,1747647652890
counter/9/0/0/0,1707:1747647651359:,1747647652890
counter/9/0/0/0,1708:1747647651359:,1747647652890
counter/1/0/0/0,2139:1747647651700:,1747647652891
counter/7/0/0/0,1414:1747647651203:,1747647652891
counter/1/0/0/0,2140:1747647651700:,1747647652892
counter/10/0/0/0,1446:1747647651463:,1747647652895
counter/10/0/0/0,1447:1747647651463:,1747647652895
counter/8/0/0/0,1767:1747647651125:,1747647652895
counter/7/0/0/0,1415:1747647651203:,1747647652895
counter/7/0/0/0,1416:1747647651203:,1747647652895
counter/7/0/0/0,1417:1747647651203:,1747647652895
counter/7/0/0/0,1418:1747647651209:,1747647652895
counter/7/0/0/0,1419:1747647651210:,1747647652895
counter/7/0/0/0,1420:1747647651210:,1747647652895
counter/4/0/0/0,1687:1747647651306:,1747647652895
counter/8/0/0/0,1768:1747647651125:,1747647652895
counter/4/0/0/0,1688:1747647651306:,1747647652896
counter/4/0/0/0,1689:1747647651306:,1747647652896
counter/4/0/0/0,1690:1747647651307:,1747647652896
counter/4/0/0/0,1691:1747647651307:,1747647652896
counter/4/0/0/0,1692:1747647651307:,1747647652896
counter/4/0/0/0,1693:1747647651307:,1747647652896
counter/4/0/0/0,1694:1747647651307:,1747647652896
counter/4/0/0/0,1695:1747647651307:,1747647652896
counter/4/0/0/0,1696:1747647651307:,1747647652896
counter/4/0/0/0,1697:1747647651307:,1747647652897
counter/4/0/0/0,1698:1747647651318:,1747647652897
counter/4/0/0/0,1699:1747647651318:,1747647652897
counter/4/0/0/0,1700:1747647651318:,1747647652897
counter/4/0/0/0,1701:1747647651318:,1747647652897
counter/4/0/0/0,1702:1747647651318:,1747647652897
counter/4/0/0/0,1703:1747647651318:,1747647652897
counter/8/0/0/0,1769:1747647651125:,1747647652897
counter/1/0/0/0,2141:1747647651700:,1747647652897
counter/3/0/0/0,1783:1747647651217:,1747647652897
counter/4/0/0/0,1704:1747647651318:,1747647652898
counter/3/0/0/0,1784:1747647651217:,1747647652898
counter/6/0/0/0,1550:1747647651279:,1747647652898
counter/4/0/0/0,1705:1747647651318:,1747647652898
counter/9/0/0/0,1709:1747647651359:,1747647652898
counter/9/0/0/0,1710:1747647651359:,1747647652898
counter/9/0/0/0,1711:1747647651359:,1747647652899
counter/9/0/0/0,1712:1747647651363:,1747647652899
counter/9/0/0/0,1713:1747647651363:,1747647652899
counter/9/0/0/0,1714:1747647651368:,1747647652899
counter/9/0/0/0,1715:1747647651368:,1747647652899
counter/4/0/0/0,1706:1747647651318:,1747647652899
counter/3/0/0/0,1785:1747647651218:,1747647652899
counter/2/0/0/0,1468:1747647651166:,1747647652900
counter/2/0/0/0,1469:1747647651166:,1747647652900
counter/8/0/0/0,1770:1747647651125:,1747647652900
counter/2/0/0/0,1470:1747647651167:,1747647652900
counter/8/0/0/0,1771:1747647651134:,1747647652900
counter/2/0/0/0,1471:1747647651170:,1747647652900
counter/8/0/0/0,1772:1747647651134:,1747647652900
counter/8/0/0/0,1773:1747647651134:,1747647652901
counter/10/0/0/0,1448:1747647651463:,1747647652901
counter/8/0/0/0,1774:1747647651134:,1747647652901
counter/8/0/0/0,1775:1747647651134:,1747647652901
counter/4/0/0/0,1707:1747647651318:,1747647652901
counter/2/0/0/0,1472:1747647651170:,1747647652901
counter/4/0/0/0,1708:1747647651318:,1747647652901
counter/4/0/0/0,1709:1747647651318:,1747647652901
counter/4/0/0/0,1710:1747647651318:,1747647652901
counter/4/0/0/0,1711:1747647651318:,1747647652901
counter/4/0/0/0,1712:1747647651318:,1747647652901
counter/4/0/0/0,1713:1747647651318:,1747647652901
counter/4/0/0/0,1714:1747647651318:,1747647652901
counter/4/0/0/0,1715:1747647651318:,1747647652901
counter/4/0/0/0,1716:1747647651318:,1747647652901
counter/4/0/0/0,1717:1747647651319:,1747647652901
counter/4/0/0/0,1718:1747647651320:,1747647652902
counter/4/0/0/0,1719:1747647651320:,1747647652902
counter/4/0/0/0,1720:1747647651320:,1747647652902
counter/4/0/0/0,1721:1747647651320:,1747647652902
counter/3/0/0/0,1786:1747647651218:,1747647652905
counter/3/0/0/0,1787:1747647651218:,1747647652905
counter/3/0/0/0,1788:1747647651218:,1747647652905
counter/3/0/0/0,1789:1747647651218:,1747647652905
counter/3/0/0/0,1790:1747647651218:,1747647652905
counter/3/0/0/0,1791:1747647651218:,1747647652905
counter/3/0/0/0,1792:1747647651218:,1747647652906
counter/3/0/0/0,1793:1747647651218:,1747647652906
counter/3/0/0/0,1794:1747647651218:,1747647652906
counter/6/0/0/0,1551:1747647651279:,1747647652906
counter/2/0/0/0,1473:1747647651170:,1747647652906
counter/6/0/0/0,1552:1747647651279:,1747647652907
counter/2/0/0/0,1474:1747647651170:,1747647652907
counter/2/0/0/0,1475:1747647651170:,1747647652907
counter/2/0/0/0,1476:1747647651170:,1747647652907
counter/2/0/0/0,1477:1747647651170:,1747647652907
counter/2/0/0/0,1478:1747647651170:,1747647652907
counter/2/0/0/0,1479:1747647651170:,1747647652908
counter/2/0/0/0,1480:1747647651170:,1747647652908
counter/2/0/0/0,1481:1747647651170:,1747647652908
counter/2/0/0/0,1482:1747647651175:,1747647652908
counter/2/0/0/0,1483:1747647651187:,1747647652908
counter/2/0/0/0,1484:1747647651187:,1747647652908
counter/2/0/0/0,1485:1747647651187:,1747647652908
counter/5/0/0/0,1536:1747647651093:,1747647652908
counter/7/0/0/0,1421:1747647651210:,1747647652908
counter/7/0/0/0,1422:1747647651210:,1747647652908
counter/7/0/0/0,1423:1747647651210:,1747647652908
counter/1/0/0/0,2142:1747647651700:,1747647652908
counter/7/0/0/0,1424:1747647651210:,1747647652908
counter/7/0/0/0,1425:1747647651210:,1747647652908
counter/7/0/0/0,1426:1747647651210:,1747647652909
counter/9/0/0/0,1716:1747647651369:,1747647652909
counter/7/0/0/0,1427:1747647651210:,1747647652909
counter/9/0/0/0,1717:1747647651369:,1747647652909
counter/9/0/0/0,1718:1747647651369:,1747647652909
counter/9/0/0/0,1719:1747647651369:,1747647652909
counter/9/0/0/0,1720:1747647651369:,1747647652909
counter/4/0/0/0,1722:1747647651320:,1747647652909
counter/10/0/0/0,1449:1747647651463:,1747647652909
counter/10/0/0/0,1450:1747647651464:,1747647652909
counter/10/0/0/0,1451:1747647651464:,1747647652909
counter/6/0/0/0,1553:1747647651279:,1747647652910
counter/1/0/0/0,2143:1747647651700:,1747647652911
counter/9/0/0/0,1721:1747647651370:,1747647652911
counter/9/0/0/0,1722:1747647651370:,1747647652911
counter/9/0/0/0,1723:1747647651370:,1747647652911
counter/9/0/0/0,1724:1747647651370:,1747647652911
counter/9/0/0/0,1725:1747647651370:,1747647652911
counter/9/0/0/0,1726:1747647651370:,1747647652911
counter/8/0/0/0,1776:1747647651134:,1747647652912
counter/8/0/0/0,1777:1747647651134:,1747647652912
counter/4/0/0/0,1723:1747647651322:,1747647652912
counter/10/0/0/0,1452:1747647651464:,1747647652912
counter/8/0/0/0,1778:1747647651135:,1747647652912
counter/4/0/0/0,1724:1747647651322:,1747647652912
counter/4/0/0/0,1725:1747647651322:,1747647652912
counter/4/0/0/0,1726:1747647651322:,1747647652912
counter/4/0/0/0,1727:1747647651322:,1747647652912
counter/5/0/0/0,1537:1747647651093:,1747647652913
counter/5/0/0/0,1538:1747647651093:,1747647652913
counter/5/0/0/0,1539:1747647651093:,1747647652913
counter/5/0/0/0,1540:1747647651093:,1747647652913
counter/5/0/0/0,1541:1747647651093:,1747647652913
counter/10/0/0/0,1453:1747647651464:,1747647652913
counter/5/0/0/0,1542:1747647651093:,1747647652913
counter/5/0/0/0,1543:1747647651093:,1747647652913
counter/5/0/0/0,1544:1747647651093:,1747647652913
counter/3/0/0/0,1795:1747647651218:,1747647652914
counter/2/0/0/0,1486:1747647651187:,1747647652914
counter/8/0/0/0,1779:1747647651135:,1747647652915
counter/2/0/0/0,1487:1747647651187:,1747647652919
counter/6/0/0/0,1554:1747647651279:,1747647652919
counter/2/0/0/0,1488:1747647651187:,1747647652919
counter/2/0/0/0,1489:1747647651187:,1747647652919
counter/2/0/0/0,1490:1747647651187:,1747647652919
counter/2/0/0/0,1491:1747647651187:,1747647652921
counter/7/0/0/0,1428:1747647651210:,1747647652921
counter/7/0/0/0,1429:1747647651210:,1747647652921
counter/7/0/0/0,1430:1747647651210:,1747647652921
counter/7/0/0/0,1431:1747647651210:,1747647652921
counter/7/0/0/0,1432:1747647651210:,1747647652921
counter/7/0/0/0,1433:1747647651210:,1747647652921
counter/3/0/0/0,1796:1747647651218:,1747647652922
counter/3/0/0/0,1797:1747647651218:,1747647652922
counter/1/0/0/0,2144:1747647651700:,1747647652922
counter/6/0/0/0,1555:1747647651280:,1747647652922
counter/6/0/0/0,1556:1747647651280:,1747647652922
counter/6/0/0/0,1557:1747647651280:,1747647652922
counter/10/0/0/0,1454:1747647651464:,1747647652922
counter/3/0/0/0,1798:1747647651218:,1747647652923
counter/1/0/0/0,2145:1747647651700:,1747647652923
counter/3/0/0/0,1799:1747647651218:,1747647652923
counter/3/0/0/0,1800:1747647651218:,1747647652923
counter/3/0/0/0,1801:1747647651218:,1747647652923
counter/3/0/0/0,1802:1747647651218:,1747647652924
counter/2/0/0/0,1492:1747647651187:,1747647652924
counter/5/0/0/0,1545:1747647651093:,1747647652924
counter/5/0/0/0,1546:1747647651093:,1747647652924
counter/5/0/0/0,1547:1747647651093:,1747647652924
counter/4/0/0/0,1728:1747647651330:,1747647652924
counter/10/0/0/0,1455:1747647651464:,1747647652924
counter/10/0/0/0,1456:1747647651464:,1747647652924
counter/10/0/0/0,1457:1747647651464:,1747647652924
counter/10/0/0/0,1458:1747647651464:,1747647652924
counter/10/0/0/0,1459:1747647651464:,1747647652924
counter/10/0/0/0,1460:1747647651464:,1747647652924
counter/8/0/0/0,1780:1747647651137:,1747647652924
counter/1/0/0/0,2146:1747647651700:,1747647652925
counter/9/0/0/0,1727:1747647651370:,1747647652925
counter/1/0/0/0,2147:1747647651709:,1747647652925
counter/1/0/0/0,2148:1747647651709:,1747647652925
counter/3/0/0/0,1803:1747647651218:,1747647652925
counter/9/0/0/0,1728:1747647651370:,1747647652926
counter/6/0/0/0,1558:1747647651283:,1747647652927
counter/6/0/0/0,1559:1747647651283:,1747647652927
counter/10/0/0/0,1461:1747647651464:,1747647652927
counter/4/0/0/0,1729:1747647651330:,1747647652928
counter/7/0/0/0,1434:1747647651210:,1747647652928
counter/6/0/0/0,1560:1747647651283:,1747647652928
counter/10/0/0/0,1462:1747647651464:,1747647652928
counter/6/0/0/0,1561:1747647651283:,1747647652929
counter/10/0/0/0,1463:1747647651464:,1747647652929
counter/2/0/0/0,1493:1747647651187:,1747647652931
counter/3/0/0/0,1804:1747647651218:,1747647652933
counter/5/0/0/0,1548:1747647651093:,1747647652933
counter/7/0/0/0,1435:1747647651235:,1747647652933
counter/7/0/0/0,1436:1747647651236:,1747647652933
counter/7/0/0/0,1437:1747647651236:,1747647652933
counter/7/0/0/0,1438:1747647651236:,1747647652933
counter/4/0/0/0,1730:1747647651330:,1747647652933
counter/1/0/0/0,2149:1747647651709:,1747647652934
counter/1/0/0/0,2150:1747647651709:,1747647652934
counter/9/0/0/0,1729:1747647651370:,1747647652934
counter/5/0/0/0,1549:1747647651093:,1747647652935
counter/3/0/0/0,1805:1747647651228:,1747647652935
counter/3/0/0/0,1806:1747647651228:,1747647652936
counter/10/0/0/0,1464:1747647651464:,1747647652937
counter/10/0/0/0,1465:1747647651464:,1747647652937
counter/10/0/0/0,1466:1747647651470:,1747647652937
counter/10/0/0/0,1467:1747647651470:,1747647652937
counter/10/0/0/0,1468:1747647651470:,1747647652937
counter/1/0/0/0,2151:1747647651717:,1747647652937
counter/9/0/0/0,1730:1747647651370:,1747647652937
counter/9/0/0/0,1731:1747647651370:,1747647652937
counter/9/0/0/0,1732:1747647651370:,1747647652937
counter/9/0/0/0,1733:1747647651370:,1747647652937
counter/9/0/0/0,1734:1747647651374:,1747647652937
counter/9/0/0/0,1735:1747647651374:,1747647652937
counter/9/0/0/0,1736:1747647651374:,1747647652937
counter/9/0/0/0,1737:1747647651382:,1747647652937
counter/9/0/0/0,1738:1747647651382:,1747647652937
counter/6/0/0/0,1562:1747647651285:,1747647652937
counter/6/0/0/0,1563:1747647651285:,1747647652937
counter/6/0/0/0,1564:1747647651285:,1747647652938
counter/6/0/0/0,1565:1747647651285:,1747647652938
counter/9/0/0/0,1739:1747647651382:,1747647652938
counter/6/0/0/0,1566:1747647651285:,1747647652938
counter/8/0/0/0,1781:1747647651146:,1747647652938
counter/6/0/0/0,1567:1747647651285:,1747647652938
counter/8/0/0/0,1782:1747647651146:,1747647652938
counter/8/0/0/0,1783:1747647651146:,1747647652938
counter/8/0/0/0,1784:1747647651146:,1747647652938
counter/8/0/0/0,1785:1747647651146:,1747647652938
counter/4/0/0/0,1731:1747647651330:,1747647652939
counter/4/0/0/0,1732:1747647651330:,1747647652939
counter/6/0/0/0,1568:1747647651287:,1747647652939
counter/4/0/0/0,1733:1747647651330:,1747647652939
counter/4/0/0/0,1734:1747647651330:,1747647652939
counter/4/0/0/0,1735:1747647651330:,1747647652939
counter/4/0/0/0,1736:1747647651330:,1747647652939
counter/4/0/0/0,1737:1747647651330:,1747647652939
counter/4/0/0/0,1738:1747647651330:,1747647652939
counter/4/0/0/0,1739:1747647651330:,1747647652939
counter/4/0/0/0,1740:1747647651330:,1747647652939
counter/7/0/0/0,1439:1747647651236:,1747647652939
counter/3/0/0/0,1807:1747647651228:,1747647652939
counter/7/0/0/0,1440:1747647651236:,1747647652939
counter/3/0/0/0,1808:1747647651228:,1747647652939
counter/6/0/0/0,1569:1747647651287:,1747647652940
counter/6/0/0/0,1570:1747647651287:,1747647652940
counter/5/0/0/0,1550:1747647651093:,1747647652940
counter/5/0/0/0,1551:1747647651093:,1747647652940
counter/5/0/0/0,1552:1747647651093:,1747647652940
counter/5/0/0/0,1553:1747647651093:,1747647652940
counter/5/0/0/0,1554:1747647651093:,1747647652940
counter/5/0/0/0,1555:1747647651093:,1747647652940
counter/10/0/0/0,1469:1747647651470:,1747647652940
counter/6/0/0/0,1571:1747647651297:,1747647652941
counter/6/0/0/0,1572:1747647651297:,1747647652942
counter/6/0/0/0,1573:1747647651297:,1747647652942
counter/6/0/0/0,1574:1747647651297:,1747647652942
counter/6/0/0/0,1575:1747647651297:,1747647652942
counter/6/0/0/0,1576:1747647651297:,1747647652942
counter/6/0/0/0,1577:1747647651297:,1747647652942
counter/1/0/0/0,2152:1747647651717:,1747647652942
counter/10/0/0/0,1470:1747647651470:,1747647652942
counter/10/0/0/0,1471:1747647651470:,1747647652942
counter/10/0/0/0,1472:1747647651470:,1747647652942
counter/10/0/0/0,1473:1747647651470:,1747647652943
counter/10/0/0/0,1474:1747647651470:,1747647652943
counter/2/0/0/0,1494:1747647651187:,1747647652944
counter/8/0/0/0,1786:1747647651161:,1747647652945
counter/4/0/0/0,1741:1747647651330:,1747647652945
counter/4/0/0/0,1742:1747647651330:,1747647652946
counter/1/0/0/0,2153:1747647651717:,1747647652946
counter/4/0/0/0,1743:1747647651330:,1747647652946
counter/4/0/0/0,1744:1747647651330:,1747647652946
counter/6/0/0/0,1578:1747647651300:,1747647652946
counter/4/0/0/0,1745:1747647651330:,1747647652946
counter/6/0/0/0,1579:1747647651300:,1747647652946
counter/4/0/0/0,1746:1747647651330:,1747647652946
counter/6/0/0/0,1580:1747647651300:,1747647652946
counter/9/0/0/0,1740:1747647651383:,1747647652946
counter/7/0/0/0,1441:1747647651236:,1747647652947
counter/7/0/0/0,1442:1747647651236:,1747647652947
counter/7/0/0/0,1443:1747647651236:,1747647652947
counter/7/0/0/0,1444:1747647651236:,1747647652947
counter/7/0/0/0,1445:1747647651236:,1747647652947
counter/7/0/0/0,1446:1747647651236:,1747647652947
counter/7/0/0/0,1447:1747647651236:,1747647652947
counter/7/0/0/0,1448:1747647651236:,1747647652947
counter/4/0/0/0,1747:1747647651330:,1747647652948
counter/4/0/0/0,1748:1747647651330:,1747647652948
counter/4/0/0/0,1749:1747647651330:,1747647652949
counter/4/0/0/0,1750:1747647651330:,1747647652949
counter/4/0/0/0,1751:1747647651330:,1747647652949
counter/4/0/0/0,1752:1747647651337:,1747647652949
counter/4/0/0/0,1753:1747647651337:,1747647652949
counter/4/0/0/0,1754:1747647651337:,1747647652949
counter/4/0/0/0,1755:1747647651337:,1747647652949
counter/4/0/0/0,1756:1747647651337:,1747647652949
counter/4/0/0/0,1757:1747647651337:,1747647652949
counter/4/0/0/0,1758:1747647651338:,1747647652949
counter/4/0/0/0,1759:1747647651348:,1747647652949
counter/1/0/0/0,2154:1747647651717:,1747647652949
counter/6/0/0/0,1581:1747647651300:,1747647652949
counter/6/0/0/0,1582:1747647651314:,1747647652949
counter/6/0/0/0,1583:1747647651314:,1747647652949
counter/6/0/0/0,1584:1747647651314:,1747647652949
counter/6/0/0/0,1585:1747647651314:,1747647652949
counter/6/0/0/0,1586:1747647651314:,1747647652949
counter/6/0/0/0,1587:1747647651314:,1747647652949
counter/6/0/0/0,1588:1747647651333:,1747647652949
counter/7/0/0/0,1449:1747647651236:,1747647652949
counter/7/0/0/0,1450:1747647651236:,1747647652949
counter/10/0/0/0,1475:1747647651470:,1747647652950
counter/10/0/0/0,1476:1747647651470:,1747647652950
counter/10/0/0/0,1477:1747647651470:,1747647652950
counter/10/0/0/0,1478:1747647651470:,1747647652950
counter/10/0/0/0,1479:1747647651470:,1747647652950
counter/10/0/0/0,1480:1747647651470:,1747647652950
counter/10/0/0/0,1481:1747647651470:,1747647652950
counter/10/0/0/0,1482:1747647651470:,1747647652950
counter/10/0/0/0,1483:1747647651472:,1747647652950
counter/10/0/0/0,1484:1747647651472:,1747647652950
counter/10/0/0/0,1485:1747647651472:,1747647652950
counter/1/0/0/0,2155:1747647651717:,1747647652951
counter/10/0/0/0,1486:1747647651472:,1747647652951
counter/9/0/0/0,1741:1747647651383:,1747647652951
counter/2/0/0/0,1495:1747647651187:,1747647652951
counter/2/0/0/0,1496:1747647651187:,1747647652951
counter/2/0/0/0,1497:1747647651192:,1747647652951
counter/2/0/0/0,1498:1747647651203:,1747647652952
counter/2/0/0/0,1499:1747647651218:,1747647652952
counter/2/0/0/0,1500:1747647651218:,1747647652952
counter/2/0/0/0,1501:1747647651218:,1747647652952
counter/2/0/0/0,1502:1747647651218:,1747647652952
counter/2/0/0/0,1503:1747647651218:,1747647652952
counter/2/0/0/0,1504:1747647651218:,1747647652952
counter/2/0/0/0,1505:1747647651218:,1747647652952
counter/2/0/0/0,1506:1747647651218:,1747647652952
counter/8/0/0/0,1787:1747647651165:,1747647652952
counter/8/0/0/0,1788:1747647651175:,1747647652952
counter/8/0/0/0,1789:1747647651175:,1747647652952
counter/8/0/0/0,1790:1747647651175:,1747647652952
counter/8/0/0/0,1791:1747647651175:,1747647652952
counter/2/0/0/0,1507:1747647651218:,1747647652952
counter/8/0/0/0,1792:1747647651175:,1747647652952
counter/8/0/0/0,1793:1747647651175:,1747647652952
counter/1/0/0/0,2156:1747647651726:,1747647652952
counter/5/0/0/0,1556:1747647651093:,1747647652953
counter/1/0/0/0,2157:1747647651726:,1747647652953
counter/1/0/0/0,2158:1747647651726:,1747647652953
counter/1/0/0/0,2159:1747647651726:,1747647652953
counter/1/0/0/0,2160:1747647651726:,1747647652953
counter/6/0/0/0,1589:1747647651333:,1747647652953
counter/3/0/0/0,1809:1747647651228:,1747647652953
counter/2/0/0/0,1508:1747647651218:,1747647652953
counter/4/0/0/0,1760:1747647651348:,1747647652955
counter/4/0/0/0,1761:1747647651348:,1747647652955
counter/4/0/0/0,1762:1747647651348:,1747647652955
counter/4/0/0/0,1763:1747647651348:,1747647652955
counter/4/0/0/0,1764:1747647651348:,1747647652955
counter/4/0/0/0,1765:1747647651348:,1747647652955
counter/4/0/0/0,1766:1747647651350:,1747647652955
counter/4/0/0/0,1767:1747647651350:,1747647652955
counter/4/0/0/0,1768:1747647651350:,1747647652955
counter/4/0/0/0,1769:1747647651350:,1747647652955
counter/6/0/0/0,1590:1747647651333:,1747647652955
counter/3/0/0/0,1810:1747647651230:,1747647652956
counter/4/0/0/0,1770:1747647651350:,1747647652956
counter/1/0/0/0,2161:1747647651730:,1747647652956
counter/2/0/0/0,1509:1747647651219:,1747647652957
counter/4/0/0/0,1771:1747647651350:,1747647652958
counter/3/0/0/0,1811:1747647651231:,1747647652959
counter/1/0/0/0,2162:1747647651730:,1747647652959
counter/1/0/0/0,2163:1747647651730:,1747647652959
counter/10/0/0/0,1487:1747647651472:,1747647652960
counter/1/0/0/0,2164:1747647651730:,1747647652961
counter/9/0/0/0,1742:1747647651383:,1747647652964
counter/3/0/0/0,1812:1747647651232:,1747647652965
counter/3/0/0/0,1813:1747647651232:,1747647652965
counter/3/0/0/0,1814:1747647651232:,1747647652965
counter/3/0/0/0,1815:1747647651232:,1747647652965
counter/3/0/0/0,1816:1747647651232:,1747647652965
counter/3/0/0/0,1817:1747647651232:,1747647652965
counter/3/0/0/0,1818:1747647651232:,1747647652965
counter/3/0/0/0,1819:1747647651232:,1747647652965
counter/3/0/0/0,1820:1747647651232:,1747647652966
counter/2/0/0/0,1510:1747647651219:,1747647652966
counter/2/0/0/0,1511:1747647651219:,1747647652966
counter/2/0/0/0,1512:1747647651219:,1747647652966
counter/2/0/0/0,1513:1747647651219:,1747647652966
counter/10/0/0/0,1488:1747647651472:,1747647652966
counter/2/0/0/0,1514:1747647651219:,1747647652966
counter/10/0/0/0,1489:1747647651472:,1747647652966
counter/2/0/0/0,1515:1747647651219:,1747647652966
counter/10/0/0/0,1490:1747647651472:,1747647652966
counter/2/0/0/0,1516:1747647651219:,1747647652966
counter/10/0/0/0,1491:1747647651472:,1747647652967
counter/10/0/0/0,1492:1747647651472:,1747647652967
counter/7/0/0/0,1451:1747647651236:,1747647652967
counter/10/0/0/0,1493:1747647651472:,1747647652967
counter/7/0/0/0,1452:1747647651241:,1747647652967
counter/10/0/0/0,1494:1747647651472:,1747647652967
counter/7/0/0/0,1453:1747647651241:,1747647652967
counter/3/0/0/0,1821:1747647651232:,1747647652967
counter/10/0/0/0,1495:1747647651472:,1747647652967
counter/6/0/0/0,1591:1747647651333:,1747647652967
counter/10/0/0/0,1496:1747647651472:,1747647652967
counter/6/0/0/0,1592:1747647651333:,1747647652967
counter/10/0/0/0,1497:1747647651472:,1747647652967
counter/6/0/0/0,1593:1747647651334:,1747647652967
counter/6/0/0/0,1594:1747647651334:,1747647652967
counter/6/0/0/0,1595:1747647651334:,1747647652967
counter/6/0/0/0,1596:1747647651334:,1747647652967
counter/6/0/0/0,1597:1747647651334:,1747647652967
counter/6/0/0/0,1598:1747647651334:,1747647652968
counter/6/0/0/0,1599:1747647651334:,1747647652968
counter/6/0/0/0,1600:1747647651334:,1747647652968
counter/6/0/0/0,1601:1747647651334:,1747647652968
counter/7/0/0/0,1454:1747647651241:,1747647652969
counter/3/0/0/0,1822:1747647651232:,1747647652969
counter/7/0/0/0,1455:1747647651241:,1747647652969
counter/7/0/0/0,1456:1747647651250:,1747647652969
counter/9/0/0/0,1743:1747647651383:,1747647652969
counter/9/0/0/0,1744:1747647651383:,1747647652969
counter/10/0/0/0,1498:1747647651472:,1747647652969
counter/10/0/0/0,1499:1747647651472:,1747647652969
counter/10/0/0/0,1500:1747647651472:,1747647652969
counter/10/0/0/0,1501:1747647651472:,1747647652969
counter/10/0/0/0,1502:1747647651472:,1747647652969
counter/10/0/0/0,1503:1747647651472:,1747647652969
counter/6/0/0/0,1602:1747647651334:,1747647652969
counter/10/0/0/0,1504:1747647651472:,1747647652970
counter/10/0/0/0,1505:1747647651472:,1747647652970
counter/10/0/0/0,1506:1747647651472:,1747647652970
counter/10/0/0/0,1507:1747647651473:,1747647652970
counter/10/0/0/0,1508:1747647651473:,1747647652970
counter/10/0/0/0,1509:1747647651473:,1747647652970
counter/10/0/0/0,1510:1747647651473:,1747647652970
counter/10/0/0/0,1511:1747647651474:,1747647652970
counter/10/0/0/0,1512:1747647651478:,1747647652970
counter/10/0/0/0,1513:1747647651478:,1747647652970
counter/5/0/0/0,1557:1747647651093:,1747647652970
counter/5/0/0/0,1558:1747647651093:,1747647652970
counter/5/0/0/0,1559:1747647651093:,1747647652971
counter/5/0/0/0,1560:1747647651093:,1747647652971
counter/5/0/0/0,1561:1747647651093:,1747647652971
counter/6/0/0/0,1603:1747647651334:,1747647652971
counter/8/0/0/0,1794:1747647651175:,1747647652971
counter/8/0/0/0,1795:1747647651175:,1747647652971
counter/9/0/0/0,1745:1747647651383:,1747647652971
counter/9/0/0/0,1746:1747647651383:,1747647652971
counter/9/0/0/0,1747:1747647651383:,1747647652971
counter/9/0/0/0,1748:1747647651383:,1747647652971
counter/1/0/0/0,2165:1747647651730:,1747647652971
counter/1/0/0/0,2166:1747647651730:,1747647652971
counter/1/0/0/0,2167:1747647651730:,1747647652972
counter/1/0/0/0,2168:1747647651730:,1747647652972
counter/10/0/0/0,1514:1747647651478:,1747647652972
counter/8/0/0/0,1796:1747647651175:,1747647652972
counter/10/0/0/0,1515:1747647651478:,1747647652973
counter/4/0/0/0,1772:1747647651352:,1747647652973
counter/10/0/0/0,1516:1747647651478:,1747647652973
counter/10/0/0/0,1517:1747647651483:,1747647652973
counter/10/0/0/0,1518:1747647651483:,1747647652973
counter/10/0/0/0,1519:1747647651483:,1747647652973
counter/10/0/0/0,1520:1747647651483:,1747647652973
counter/10/0/0/0,1521:1747647651483:,1747647652973
counter/2/0/0/0,1517:1747647651219:,1747647652974
counter/10/0/0/0,1522:1747647651483:,1747647652974
counter/10/0/0/0,1523:1747647651485:,1747647652974
counter/7/0/0/0,1457:1747647651250:,1747647652975
counter/1/0/0/0,2169:1747647651748:,1747647652975
counter/3/0/0/0,1823:1747647651232:,1747647652975
counter/1/0/0/0,2170:1747647651748:,1747647652976
counter/8/0/0/0,1797:1747647651175:,1747647652976
counter/6/0/0/0,1604:1747647651334:,1747647652977
counter/10/0/0/0,1524:1747647651485:,1747647652977
counter/10/0/0/0,1525:1747647651485:,1747647652977
counter/3/0/0/0,1824:1747647651232:,1747647652977
counter/2/0/0/0,1518:1747647651219:,1747647652977
counter/2/0/0/0,1519:1747647651219:,1747647652977
counter/2/0/0/0,1520:1747647651219:,1747647652977
counter/4/0/0/0,1773:1747647651352:,1747647652978
counter/4/0/0/0,1774:1747647651352:,1747647652978
counter/8/0/0/0,1798:1747647651175:,1747647652978
counter/4/0/0/0,1775:1747647651352:,1747647652978
counter/7/0/0/0,1458:1747647651250:,1747647652978
counter/7/0/0/0,1459:1747647651250:,1747647652978
counter/7/0/0/0,1460:1747647651250:,1747647652978
counter/7/0/0/0,1461:1747647651250:,1747647652978
counter/7/0/0/0,1462:1747647651250:,1747647652978
counter/2/0/0/0,1521:1747647651219:,1747647652978
counter/10/0/0/0,1526:1747647651485:,1747647652978
counter/6/0/0/0,1605:1747647651334:,1747647652979
counter/10/0/0/0,1527:1747647651485:,1747647652979
counter/6/0/0/0,1606:1747647651334:,1747647652979
counter/9/0/0/0,1749:1747647651383:,1747647652979
counter/8/0/0/0,1799:1747647651175:,1747647652979
counter/8/0/0/0,1800:1747647651175:,1747647652979
counter/8/0/0/0,1801:1747647651179:,1747647652979
counter/8/0/0/0,1802:1747647651179:,1747647652979
counter/8/0/0/0,1803:1747647651180:,1747647652979
counter/7/0/0/0,1463:1747647651250:,1747647652979
counter/3/0/0/0,1825:1747647651232:,1747647652979
counter/1/0/0/0,2171:1747647651748:,1747647652979
counter/3/0/0/0,1826:1747647651241:,1747647652979
counter/1/0/0/0,2172:1747647651748:,1747647652979
counter/7/0/0/0,1464:1747647651250:,1747647652980
counter/7/0/0/0,1465:1747647651250:,1747647652981
counter/7/0/0/0,1466:1747647651250:,1747647652981
counter/7/0/0/0,1467:1747647651250:,1747647652981
counter/3/0/0/0,1827:1747647651253:,1747647652982
counter/7/0/0/0,1468:1747647651250:,1747647652982
counter/2/0/0/0,1522:1747647651219:,1747647652983
counter/7/0/0/0,1469:1747647651250:,1747647652984
counter/3/0/0/0,1828:1747647651253:,1747647652985
counter/3/0/0/0,1829:1747647651253:,1747647652985
counter/3/0/0/0,1830:1747647651253:,1747647652986
counter/4/0/0/0,1776:1747647651352:,1747647652986
counter/3/0/0/0,1831:1747647651253:,1747647652986
counter/3/0/0/0,1832:1747647651253:,1747647652986
counter/4/0/0/0,1777:1747647651352:,1747647652986
counter/3/0/0/0,1833:1747647651265:,1747647652986
counter/7/0/0/0,1470:1747647651251:,1747647652986
counter/3/0/0/0,1834:1747647651265:,1747647652986
counter/9/0/0/0,1750:1747647651383:,1747647652987
counter/5/0/0/0,1562:1747647651093:,1747647652987
counter/7/0/0/0,1471:1747647651251:,1747647652987
counter/1/0/0/0,2173:1747647651755:,1747647652987
counter/1/0/0/0,2174:1747647651756:,1747647652987
counter/4/0/0/0,1778:1747647651352:,1747647652989
counter/5/0/0/0,1563:1747647651093:,1747647652990
counter/5/0/0/0,1564:1747647651093:,1747647652991
counter/5/0/0/0,1565:1747647651093:,1747647652991
counter/5/0/0/0,1566:1747647651093:,1747647652991
counter/4/0/0/0,1779:1747647651352:,1747647652991
counter/5/0/0/0,1567:1747647651093:,1747647652991
counter/5/0/0/0,1568:1747647651093:,1747647652991
counter/9/0/0/0,1751:1747647651383:,1747647652991
counter/2/0/0/0,1523:1747647651219:,1747647652994
counter/2/0/0/0,1524:1747647651219:,1747647652994
counter/3/0/0/0,1835:1747647651265:,1747647652994
counter/2/0/0/0,1525:1747647651219:,1747647652994
counter/3/0/0/0,1836:1747647651265:,1747647652994
counter/2/0/0/0,1526:1747647651219:,1747647652994
counter/3/0/0/0,1837:1747647651265:,1747647652995
counter/5/0/0/0,1569:1747647651093:,1747647652995
counter/2/0/0/0,1527:1747647651219:,1747647652995
counter/3/0/0/0,1838:1747647651265:,1747647652995
counter/5/0/0/0,1570:1747647651093:,1747647652995
counter/2/0/0/0,1528:1747647651219:,1747647652995
counter/5/0/0/0,1571:1747647651094:,1747647652995
counter/2/0/0/0,1529:1747647651219:,1747647652995
counter/5/0/0/0,1572:1747647651094:,1747647652995
counter/2/0/0/0,1530:1747647651219:,1747647652995
counter/5/0/0/0,1573:1747647651094:,1747647652995
counter/5/0/0/0,1574:1747647651094:,1747647652995
counter/5/0/0/0,1575:1747647651094:,1747647652995
counter/5/0/0/0,1576:1747647651094:,1747647652995
counter/5/0/0/0,1577:1747647651108:,1747647652995
counter/5/0/0/0,1578:1747647651108:,1747647652995
counter/5/0/0/0,1579:1747647651108:,1747647652995
counter/5/0/0/0,1580:1747647651108:,1747647652995
counter/4/0/0/0,1780:1747647651352:,1747647652997
counter/4/0/0/0,1781:1747647651352:,1747647652997
counter/4/0/0/0,1782:1747647651352:,1747647652997
counter/4/0/0/0,1783:1747647651352:,1747647652997
counter/4/0/0/0,1784:1747647651352:,1747647652997
counter/4/0/0/0,1785:1747647651362:,1747647652997
counter/4/0/0/0,1786:1747647651362:,1747647652997
counter/4/0/0/0,1787:1747647651362:,1747647652997
counter/4/0/0/0,1788:1747647651362:,1747647652997
counter/4/0/0/0,1789:1747647651362:,1747647652997
counter/4/0/0/0,1790:1747647651362:,1747647652997
counter/4/0/0/0,1791:1747647651362:,1747647652997
counter/4/0/0/0,1792:1747647651362:,1747647652997
counter/4/0/0/0,1793:1747647651362:,1747647652997
counter/4/0/0/0,1794:1747647651362:,1747647652997
counter/4/0/0/0,1795:1747647651362:,1747647652997
counter/4/0/0/0,1796:1747647651363:,1747647652997
counter/4/0/0/0,1797:1747647651363:,1747647652997
counter/4/0/0/0,1798:1747647651363:,1747647652997
counter/4/0/0/0,1799:1747647651363:,1747647652998
counter/4/0/0/0,1800:1747647651363:,1747647652998
counter/3/0/0/0,1839:1747647651265:,1747647653002
counter/8/0/0/0,1804:1747647651180:,1747647653002
counter/7/0/0/0,1472:1747647651251:,1747647653002
counter/10/0/0/0,1528:1747647651485:,1747647653003
counter/10/0/0/0,1529:1747647651485:,1747647653003
counter/9/0/0/0,1752:1747647651402:,1747647653003
counter/5/0/0/0,1581:1747647651108:,1747647653003
counter/5/0/0/0,1582:1747647651108:,1747647653003
counter/8/0/0/0,1805:1747647651180:,1747647653003
counter/7/0/0/0,1473:1747647651251:,1747647653004
counter/7/0/0/0,1474:1747647651251:,1747647653004
counter/7/0/0/0,1475:1747647651251:,1747647653004
counter/7/0/0/0,1476:1747647651251:,1747647653004
counter/7/0/0/0,1477:1747647651252:,1747647653004
counter/7/0/0/0,1478:1747647651252:,1747647653004
counter/7/0/0/0,1479:1747647651252:,1747647653004
counter/7/0/0/0,1480:1747647651252:,1747647653004
counter/5/0/0/0,1583:1747647651108:,1747647653004
counter/7/0/0/0,1481:1747647651252:,1747647653004
counter/7/0/0/0,1482:1747647651252:,1747647653004
counter/2/0/0/0,1531:1747647651219:,1747647653004
counter/2/0/0/0,1532:1747647651219:,1747647653004
counter/2/0/0/0,1533:1747647651219:,1747647653005
counter/2/0/0/0,1534:1747647651219:,1747647653005
counter/2/0/0/0,1535:1747647651219:,1747647653005
counter/2/0/0/0,1536:1747647651219:,1747647653005
counter/2/0/0/0,1537:1747647651219:,1747647653005
counter/2/0/0/0,1538:1747647651219:,1747647653005
counter/2/0/0/0,1539:1747647651219:,1747647653005
counter/2/0/0/0,1540:1747647651219:,1747647653005
counter/2/0/0/0,1541:1747647651219:,1747647653005
counter/5/0/0/0,1584:1747647651108:,1747647653005
counter/5/0/0/0,1585:1747647651113:,1747647653005
counter/5/0/0/0,1586:1747647651113:,1747647653005
counter/5/0/0/0,1587:1747647651113:,1747647653005
counter/8/0/0/0,1806:1747647651180:,1747647653005
counter/3/0/0/0,1840:1747647651265:,1747647653005
counter/9/0/0/0,1753:1747647651402:,1747647653005
counter/3/0/0/0,1841:1747647651265:,1747647653005
counter/9/0/0/0,1754:1747647651402:,1747647653006
counter/9/0/0/0,1755:1747647651402:,1747647653006
counter/9/0/0/0,1756:1747647651402:,1747647653006
counter/9/0/0/0,1757:1747647651402:,1747647653006
counter/9/0/0/0,1758:1747647651402:,1747647653006
counter/10/0/0/0,1530:1747647651485:,1747647653006
counter/10/0/0/0,1531:1747647651485:,1747647653006
counter/10/0/0/0,1532:1747647651485:,1747647653006
counter/10/0/0/0,1533:1747647651485:,1747647653006
counter/5/0/0/0,1588:1747647651113:,1747647653007
counter/2/0/0/0,1542:1747647651235:,1747647653007
counter/2/0/0/0,1543:1747647651235:,1747647653007
counter/2/0/0/0,1544:1747647651235:,1747647653007
counter/2/0/0/0,1545:1747647651235:,1747647653007
counter/5/0/0/0,1589:1747647651113:,1747647653008
counter/8/0/0/0,1807:1747647651180:,1747647653009
counter/8/0/0/0,1808:1747647651180:,1747647653009
counter/8/0/0/0,1809:1747647651180:,1747647653009
counter/8/0/0/0,1810:1747647651180:,1747647653009
counter/8/0/0/0,1811:1747647651180:,1747647653009
counter/8/0/0/0,1812:1747647651183:,1747647653009
counter/8/0/0/0,1813:1747647651183:,1747647653009
counter/2/0/0/0,1546:1747647651235:,1747647653010
counter/7/0/0/0,1483:1747647651252:,1747647653010
counter/6/0/0/0,1607:1747647651334:,1747647653010
counter/5/0/0/0,1590:1747647651113:,1747647653011
counter/5/0/0/0,1591:1747647651113:,1747647653011
counter/5/0/0/0,1592:1747647651113:,1747647653011
counter/5/0/0/0,1593:1747647651113:,1747647653011
counter/5/0/0/0,1594:1747647651114:,1747647653011
counter/5/0/0/0,1595:1747647651114:,1747647653011
counter/5/0/0/0,1596:1747647651114:,1747647653011
counter/5/0/0/0,1597:1747647651114:,1747647653011
counter/5/0/0/0,1598:1747647651115:,1747647653011
counter/8/0/0/0,1814:1747647651183:,1747647653011
counter/8/0/0/0,1815:1747647651183:,1747647653011
counter/8/0/0/0,1816:1747647651183:,1747647653011
counter/8/0/0/0,1817:1747647651183:,1747647653011
counter/10/0/0/0,1534:1747647651485:,1747647653011
counter/7/0/0/0,1484:1747647651252:,1747647653012
counter/8/0/0/0,1818:1747647651183:,1747647653012
counter/8/0/0/0,1819:1747647651183:,1747647653012
counter/6/0/0/0,1608:1747647651334:,1747647653012
counter/8/0/0/0,1820:1747647651183:,1747647653012
counter/10/0/0/0,1535:1747647651485:,1747647653013
counter/10/0/0/0,1536:1747647651485:,1747647653013
counter/10/0/0/0,1537:1747647651485:,1747647653013
counter/10/0/0/0,1538:1747647651485:,1747647653013
counter/10/0/0/0,1539:1747647651486:,1747647653013
counter/8/0/0/0,1821:1747647651194:,1747647653014
counter/6/0/0/0,1609:1747647651334:,1747647653014
counter/7/0/0/0,1485:1747647651252:,1747647653015
counter/6/0/0/0,1610:1747647651334:,1747647653015
counter/6/0/0/0,1611:1747647651334:,1747647653015
counter/6/0/0/0,1612:1747647651334:,1747647653016
counter/6/0/0/0,1613:1747647651334:,1747647653016
counter/6/0/0/0,1614:1747647651334:,1747647653016
counter/6/0/0/0,1615:1747647651334:,1747647653016
counter/10/0/0/0,1540:1747647651486:,1747647653016
counter/6/0/0/0,1616:1747647651334:,1747647653016
counter/9/0/0/0,1759:1747647651402:,1747647653016
counter/7/0/0/0,1486:1747647651253:,1747647653016
counter/4/0/0/0,1801:1747647651363:,1747647653016
counter/7/0/0/0,1487:1747647651253:,1747647653016
counter/6/0/0/0,1617:1747647651334:,1747647653016
counter/7/0/0/0,1488:1747647651254:,1747647653016
counter/3/0/0/0,1842:1747647651265:,1747647653016
counter/3/0/0/0,1843:1747647651265:,1747647653016
counter/3/0/0/0,1844:1747647651266:,1747647653017
counter/8/0/0/0,1822:1747647651194:,1747647653017
counter/3/0/0/0,1845:1747647651266:,1747647653017
counter/5/0/0/0,1599:1747647651117:,1747647653017
counter/5/0/0/0,1600:1747647651117:,1747647653017
counter/5/0/0/0,1601:1747647651117:,1747647653017
counter/5/0/0/0,1602:1747647651117:,1747647653017
counter/5/0/0/0,1603:1747647651117:,1747647653017
counter/1/0/0/0,2175:1747647651756:,1747647653017
counter/1/0/0/0,2176:1747647651756:,1747647653017
counter/1/0/0/0,2177:1747647651756:,1747647653017
counter/1/0/0/0,2178:1747647651756:,1747647653017
counter/1/0/0/0,2179:1747647651756:,1747647653017
counter/1/0/0/0,2180:1747647651756:,1747647653017
counter/8/0/0/0,1823:1747647651194:,1747647653017
counter/1/0/0/0,2181:1747647651756:,1747647653019
counter/1/0/0/0,2182:1747647651756:,1747647653019
counter/1/0/0/0,2183:1747647651756:,1747647653019
counter/7/0/0/0,1489:1747647651254:,1747647653019
counter/1/0/0/0,2184:1747647651756:,1747647653019
counter/1/0/0/0,2185:1747647651757:,1747647653019
counter/1/0/0/0,2186:1747647651757:,1747647653019
counter/1/0/0/0,2187:1747647651757:,1747647653019
counter/10/0/0/0,1541:1747647651486:,1747647653020
counter/3/0/0/0,1846:1747647651266:,1747647653020
counter/3/0/0/0,1847:1747647651266:,1747647653020
counter/3/0/0/0,1848:1747647651266:,1747647653020
counter/9/0/0/0,1760:1747647651402:,1747647653021
counter/6/0/0/0,1618:1747647651334:,1747647653021
counter/6/0/0/0,1619:1747647651334:,1747647653021
counter/6/0/0/0,1620:1747647651334:,1747647653021
counter/6/0/0/0,1621:1747647651334:,1747647653021
counter/6/0/0/0,1622:1747647651334:,1747647653021
counter/6/0/0/0,1623:1747647651334:,1747647653021
counter/6/0/0/0,1624:1747647651334:,1747647653021
counter/6/0/0/0,1625:1747647651334:,1747647653021
counter/6/0/0/0,1626:1747647651338:,1747647653021
counter/6/0/0/0,1627:1747647651338:,1747647653021
counter/6/0/0/0,1628:1747647651338:,1747647653021
counter/6/0/0/0,1629:1747647651338:,1747647653021
counter/2/0/0/0,1547:1747647651235:,1747647653021
counter/6/0/0/0,1630:1747647651338:,1747647653023
counter/4/0/0/0,1802:1747647651363:,1747647653023
counter/6/0/0/0,1631:1747647651338:,1747647653023
counter/9/0/0/0,1761:1747647651402:,1747647653023
counter/9/0/0/0,1762:1747647651402:,1747647653023
counter/9/0/0/0,1763:1747647651402:,1747647653023
counter/9/0/0/0,1764:1747647651403:,1747647653023
counter/9/0/0/0,1765:1747647651422:,1747647653023
counter/7/0/0/0,1490:1747647651254:,1747647653023
counter/7/0/0/0,1491:1747647651254:,1747647653023
counter/7/0/0/0,1492:1747647651254:,1747647653023
counter/7/0/0/0,1493:1747647651254:,1747647653023
counter/7/0/0/0,1494:1747647651255:,1747647653023
counter/7/0/0/0,1495:1747647651255:,1747647653023
counter/7/0/0/0,1496:1747647651255:,1747647653023
counter/1/0/0/0,2188:1747647651757:,1747647653024
counter/4/0/0/0,1803:1747647651363:,1747647653024
counter/4/0/0/0,1804:1747647651363:,1747647653024
counter/4/0/0/0,1805:1747647651363:,1747647653024
counter/4/0/0/0,1806:1747647651363:,1747647653024
counter/4/0/0/0,1807:1747647651363:,1747647653024
counter/4/0/0/0,1808:1747647651363:,1747647653024
counter/4/0/0/0,1809:1747647651363:,1747647653024
counter/4/0/0/0,1810:1747647651363:,1747647653024
counter/4/0/0/0,1811:1747647651363:,1747647653024
counter/7/0/0/0,1497:1747647651255:,1747647653025
counter/4/0/0/0,1812:1747647651363:,1747647653025
counter/1/0/0/0,2189:1747647651757:,1747647653025
counter/5/0/0/0,1604:1747647651117:,1747647653025
counter/6/0/0/0,1632:1747647651338:,1747647653025
counter/4/0/0/0,1813:1747647651363:,1747647653025
counter/5/0/0/0,1605:1747647651117:,1747647653025
counter/6/0/0/0,1633:1747647651338:,1747647653025
counter/2/0/0/0,1548:1747647651235:,1747647653025
counter/4/0/0/0,1814:1747647651364:,1747647653025
counter/5/0/0/0,1606:1747647651117:,1747647653025
counter/6/0/0/0,1634:1747647651338:,1747647653025
counter/5/0/0/0,1607:1747647651118:,1747647653025
counter/6/0/0/0,1635:1747647651338:,1747647653025
counter/6/0/0/0,1636:1747647651347:,1747647653025
counter/6/0/0/0,1637:1747647651347:,1747647653025
counter/1/0/0/0,2190:1747647651802:,1747647653026
counter/8/0/0/0,1824:1747647651194:,1747647653026
counter/8/0/0/0,1825:1747647651194:,1747647653026
counter/6/0/0/0,1638:1747647651347:,1747647653027
counter/7/0/0/0,1498:1747647651255:,1747647653027
counter/7/0/0/0,1499:1747647651255:,1747647653027
counter/7/0/0/0,1500:1747647651255:,1747647653027
counter/7/0/0/0,1501:1747647651256:,1747647653027
counter/7/0/0/0,1502:1747647651256:,1747647653027
counter/7/0/0/0,1503:1747647651256:,1747647653027
counter/7/0/0/0,1504:1747647651256:,1747647653027
counter/8/0/0/0,1826:1747647651194:,1747647653028
counter/8/0/0/0,1827:1747647651194:,1747647653028
counter/8/0/0/0,1828:1747647651195:,1747647653028
counter/8/0/0/0,1829:1747647651195:,1747647653028
counter/8/0/0/0,1830:1747647651195:,1747647653028
counter/8/0/0/0,1831:1747647651195:,1747647653028
counter/10/0/0/0,1542:1747647651486:,1747647653028
counter/3/0/0/0,1849:1747647651266:,1747647653028
counter/3/0/0/0,1850:1747647651266:,1747647653029
counter/2/0/0/0,1549:1747647651235:,1747647653029
counter/3/0/0/0,1851:1747647651266:,1747647653029
counter/4/0/0/0,1815:1747647651364:,1747647653029
counter/3/0/0/0,1852:1747647651266:,1747647653029
counter/1/0/0/0,2191:1747647651802:,1747647653029
counter/10/0/0/0,1543:1747647651486:,1747647653030
counter/4/0/0/0,1816:1747647651364:,1747647653030
counter/4/0/0/0,1817:1747647651364:,1747647653030
counter/4/0/0/0,1818:1747647651364:,1747647653030
counter/4/0/0/0,1819:1747647651364:,1747647653030
counter/4/0/0/0,1820:1747647651364:,1747647653030
counter/4/0/0/0,1821:1747647651364:,1747647653030
counter/4/0/0/0,1822:1747647651364:,1747647653030
counter/4/0/0/0,1823:1747647651364:,1747647653030
counter/4/0/0/0,1824:1747647651364:,1747647653030
counter/4/0/0/0,1825:1747647651366:,1747647653030
counter/4/0/0/0,1826:1747647651366:,1747647653030
counter/4/0/0/0,1827:1747647651366:,1747647653030
counter/4/0/0/0,1828:1747647651366:,1747647653030
counter/4/0/0/0,1829:1747647651366:,1747647653030
counter/4/0/0/0,1830:1747647651366:,1747647653030
counter/2/0/0/0,1550:1747647651235:,1747647653030
counter/7/0/0/0,1505:1747647651256:,1747647653031
counter/5/0/0/0,1608:1747647651118:,1747647653031
counter/5/0/0/0,1609:1747647651118:,1747647653031
counter/5/0/0/0,1610:1747647651118:,1747647653031
counter/5/0/0/0,1611:1747647651118:,1747647653031
counter/6/0/0/0,1639:1747647651347:,1747647653031
counter/1/0/0/0,2192:1747647651812:,1747647653031
counter/9/0/0/0,1766:1747647651423:,1747647653031
counter/9/0/0/0,1767:1747647651423:,1747647653032
counter/9/0/0/0,1768:1747647651423:,1747647653032
counter/9/0/0/0,1769:1747647651423:,1747647653032
counter/9/0/0/0,1770:1747647651423:,1747647653032
counter/9/0/0/0,1771:1747647651423:,1747647653032
counter/9/0/0/0,1772:1747647651423:,1747647653032
counter/5/0/0/0,1612:1747647651118:,1747647653032
counter/4/0/0/0,1831:1747647651366:,1747647653032
counter/7/0/0/0,1506:1747647651256:,1747647653032
counter/5/0/0/0,1613:1747647651118:,1747647653032
counter/1/0/0/0,2193:1747647651812:,1747647653033
counter/9/0/0/0,1773:1747647651423:,1747647653033
counter/1/0/0/0,2194:1747647651812:,1747647653035
counter/9/0/0/0,1774:1747647651423:,1747647653035
counter/1/0/0/0,2195:1747647651812:,1747647653035
counter/4/0/0/0,1832:1747647651366:,1747647653035
counter/1/0/0/0,2196:1747647651812:,1747647653035
counter/4/0/0/0,1833:1747647651366:,1747647653035
counter/1/0/0/0,2197:1747647651812:,1747647653035
counter/10/0/0/0,1544:1747647651486:,1747647653035
counter/1/0/0/0,2198:1747647651812:,1747647653035
counter/10/0/0/0,1545:1747647651486:,1747647653035
counter/1/0/0/0,2199:1747647651812:,1747647653035
counter/10/0/0/0,1546:1747647651486:,1747647653036
counter/10/0/0/0,1547:1747647651486:,1747647653036
counter/10/0/0/0,1548:1747647651486:,1747647653036
counter/10/0/0/0,1549:1747647651486:,1747647653036
counter/10/0/0/0,1550:1747647651486:,1747647653036
counter/10/0/0/0,1551:1747647651486:,1747647653036
counter/10/0/0/0,1552:1747647651486:,1747647653036
counter/10/0/0/0,1553:1747647651486:,1747647653036
counter/9/0/0/0,1775:1747647651423:,1747647653036
counter/10/0/0/0,1554:1747647651486:,1747647653036
counter/2/0/0/0,1551:1747647651236:,1747647653036
counter/5/0/0/0,1614:1747647651127:,1747647653037
counter/4/0/0/0,1834:1747647651373:,1747647653038
counter/4/0/0/0,1835:1747647651373:,1747647653038
counter/4/0/0/0,1836:1747647651373:,1747647653038
counter/4/0/0/0,1837:1747647651373:,1747647653038
counter/4/0/0/0,1838:1747647651373:,1747647653038
counter/9/0/0/0,1776:1747647651423:,1747647653038
counter/9/0/0/0,1777:1747647651430:,1747647653038
counter/9/0/0/0,1778:1747647651439:,1747647653038
counter/9/0/0/0,1779:1747647651439:,1747647653038
counter/9/0/0/0,1780:1747647651439:,1747647653038
counter/9/0/0/0,1781:1747647651443:,1747647653038
counter/9/0/0/0,1782:1747647651443:,1747647653038
counter/9/0/0/0,1783:1747647651443:,1747647653038
counter/9/0/0/0,1784:1747647651443:,1747647653038
counter/9/0/0/0,1785:1747647651443:,1747647653038
counter/7/0/0/0,1507:1747647651256:,1747647653038
counter/1/0/0/0,2200:1747647651812:,1747647653039
counter/1/0/0/0,2201:1747647651812:,1747647653039
counter/1/0/0/0,2202:1747647651812:,1747647653039
counter/1/0/0/0,2203:1747647651813:,1747647653039
counter/1/0/0/0,2204:1747647651813:,1747647653039
counter/1/0/0/0,2205:1747647651813:,1747647653039
counter/1/0/0/0,2206:1747647651813:,1747647653039
counter/1/0/0/0,2207:1747647651813:,1747647653039
counter/1/0/0/0,2208:1747647651813:,1747647653039
counter/1/0/0/0,2209:1747647651813:,1747647653039
counter/1/0/0/0,2210:1747647651824:,1747647653040
counter/5/0/0/0,1615:1747647651127:,1747647653040
counter/4/0/0/0,1839:1747647651373:,1747647653043
counter/4/0/0/0,1840:1747647651373:,1747647653043
counter/4/0/0/0,1841:1747647651373:,1747647653043
counter/4/0/0/0,1842:1747647651373:,1747647653043
counter/4/0/0/0,1843:1747647651373:,1747647653044
counter/7/0/0/0,1508:1747647651256:,1747647653044
counter/8/0/0/0,1832:1747647651195:,1747647653045
counter/5/0/0/0,1616:1747647651127:,1747647653045
counter/5/0/0/0,1617:1747647651128:,1747647653045
counter/5/0/0/0,1618:1747647651128:,1747647653045
counter/5/0/0/0,1619:1747647651128:,1747647653045
counter/5/0/0/0,1620:1747647651128:,1747647653045
counter/5/0/0/0,1621:1747647651128:,1747647653045
counter/5/0/0/0,1622:1747647651139:,1747647653046
counter/9/0/0/0,1786:1747647651443:,1747647653046
counter/9/0/0/0,1787:1747647651443:,1747647653046
counter/9/0/0/0,1788:1747647651443:,1747647653046
counter/9/0/0/0,1789:1747647651443:,1747647653046
counter/1/0/0/0,2211:1747647651824:,1747647653046
counter/4/0/0/0,1844:1747647651373:,1747647653046
counter/1/0/0/0,2212:1747647651824:,1747647653046
counter/1/0/0/0,2213:1747647651824:,1747647653046
counter/1/0/0/0,2214:1747647651824:,1747647653046
counter/1/0/0/0,2215:1747647651824:,1747647653046
counter/1/0/0/0,2216:1747647651824:,1747647653046
counter/2/0/0/0,1552:1747647651237:,1747647653047
counter/6/0/0/0,1640:1747647651347:,1747647653047
counter/4/0/0/0,1845:1747647651373:,1747647653047
counter/6/0/0/0,1641:1747647651347:,1747647653047
counter/6/0/0/0,1642:1747647651347:,1747647653047
counter/6/0/0/0,1643:1747647651347:,1747647653047
counter/6/0/0/0,1644:1747647651347:,1747647653047
counter/6/0/0/0,1645:1747647651347:,1747647653047
counter/6/0/0/0,1646:1747647651347:,1747647653047
counter/6/0/0/0,1647:1747647651347:,1747647653047
counter/6/0/0/0,1648:1747647651354:,1747647653047
counter/1/0/0/0,2217:1747647651824:,1747647653047
counter/3/0/0/0,1853:1747647651266:,1747647653047
counter/3/0/0/0,1854:1747647651266:,1747647653047
counter/2/0/0/0,1553:1747647651237:,1747647653048
counter/10/0/0/0,1555:1747647651486:,1747647653048
counter/7/0/0/0,1509:1747647651256:,1747647653048
counter/7/0/0/0,1510:1747647651256:,1747647653048
counter/7/0/0/0,1511:1747647651256:,1747647653048
counter/7/0/0/0,1512:1747647651256:,1747647653048
counter/7/0/0/0,1513:1747647651256:,1747647653048
counter/7/0/0/0,1514:1747647651256:,1747647653048
counter/7/0/0/0,1515:1747647651256:,1747647653048
counter/7/0/0/0,1516:1747647651256:,1747647653048
counter/8/0/0/0,1833:1747647651195:,1747647653049
counter/10/0/0/0,1556:1747647651486:,1747647653050
counter/10/0/0/0,1557:1747647651486:,1747647653050
counter/8/0/0/0,1834:1747647651195:,1747647653050
counter/10/0/0/0,1558:1747647651486:,1747647653050
counter/10/0/0/0,1559:1747647651486:,1747647653050
counter/8/0/0/0,1835:1747647651195:,1747647653051
counter/8/0/0/0,1836:1747647651195:,1747647653051
counter/5/0/0/0,1623:1747647651139:,1747647653051
counter/9/0/0/0,1790:1747647651443:,1747647653052
counter/6/0/0/0,1649:1747647651368:,1747647653052
counter/8/0/0/0,1837:1747647651195:,1747647653052
counter/3/0/0/0,1855:1747647651266:,1747647653053
counter/5/0/0/0,1624:1747647651139:,1747647653055
counter/3/0/0/0,1856:1747647651266:,1747647653055
counter/3/0/0/0,1857:1747647651276:,1747647653055
counter/3/0/0/0,1858:1747647651276:,1747647653055
counter/3/0/0/0,1859:1747647651276:,1747647653055
counter/3/0/0/0,1860:1747647651276:,1747647653055
counter/3/0/0/0,1861:1747647651276:,1747647653055
counter/3/0/0/0,1862:1747647651276:,1747647653055
counter/3/0/0/0,1863:1747647651276:,1747647653055
counter/3/0/0/0,1864:1747647651276:,1747647653055
counter/3/0/0/0,1865:1747647651276:,1747647653055
counter/3/0/0/0,1866:1747647651276:,1747647653055
counter/3/0/0/0,1867:1747647651276:,1747647653055
counter/3/0/0/0,1868:1747647651276:,1747647653055
counter/7/0/0/0,1517:1747647651256:,1747647653056
counter/9/0/0/0,1791:1747647651443:,1747647653056
counter/9/0/0/0,1792:1747647651443:,1747647653056
counter/9/0/0/0,1793:1747647651443:,1747647653056
counter/9/0/0/0,1794:1747647651443:,1747647653056
counter/8/0/0/0,1838:1747647651197:,1747647653057
counter/8/0/0/0,1839:1747647651197:,1747647653057
counter/8/0/0/0,1840:1747647651197:,1747647653057
counter/8/0/0/0,1841:1747647651197:,1747647653057
counter/8/0/0/0,1842:1747647651197:,1747647653057
counter/8/0/0/0,1843:1747647651197:,1747647653057
counter/1/0/0/0,2218:1747647651824:,1747647653058
counter/5/0/0/0,1625:1747647651139:,1747647653058
counter/10/0/0/0,1560:1747647651486:,1747647653059
counter/8/0/0/0,1844:1747647651197:,1747647653059
counter/7/0/0/0,1518:1747647651256:,1747647653059
counter/7/0/0/0,1519:1747647651256:,1747647653060
counter/7/0/0/0,1520:1747647651256:,1747647653060
counter/7/0/0/0,1521:1747647651256:,1747647653060
counter/7/0/0/0,1522:1747647651256:,1747647653060
counter/1/0/0/0,2219:1747647651824:,1747647653061
counter/7/0/0/0,1523:1747647651256:,1747647653061
counter/2/0/0/0,1554:1747647651237:,1747647653061
counter/2/0/0/0,1555:1747647651237:,1747647653062
counter/2/0/0/0,1556:1747647651237:,1747647653062
counter/2/0/0/0,1557:1747647651237:,1747647653062
counter/4/0/0/0,1846:1747647651374:,1747647653062
counter/6/0/0/0,1650:1747647651368:,1747647653063
counter/3/0/0/0,1869:1747647651276:,1747647653063
counter/10/0/0/0,1561:1747647651486:,1747647653064
counter/10/0/0/0,1562:1747647651486:,1747647653064
counter/1/0/0/0,2220:1747647651824:,1747647653064
counter/1/0/0/0,2221:1747647651824:,1747647653064
counter/1/0/0/0,2222:1747647651826:,1747647653064
counter/1/0/0/0,2223:1747647651827:,1747647653064
counter/1/0/0/0,2224:1747647651827:,1747647653064
counter/1/0/0/0,2225:1747647651832:,1747647653064
counter/1/0/0/0,2226:1747647651832:,1747647653064
counter/3/0/0/0,1870:1747647651276:,1747647653064
counter/3/0/0/0,1871:1747647651276:,1747647653064
counter/2/0/0/0,1558:1747647651237:,1747647653064
counter/3/0/0/0,1872:1747647651276:,1747647653065
counter/3/0/0/0,1873:1747647651276:,1747647653065
counter/3/0/0/0,1874:1747647651276:,1747647653065
counter/1/0/0/0,2227:1747647651832:,1747647653065
counter/3/0/0/0,1875:1747647651276:,1747647653065
counter/8/0/0/0,1845:1747647651197:,1747647653066
counter/7/0/0/0,1524:1747647651256:,1747647653066
counter/5/0/0/0,1626:1747647651139:,1747647653066
counter/7/0/0/0,1525:1747647651256:,1747647653067
counter/7/0/0/0,1526:1747647651256:,1747647653067
counter/7/0/0/0,1527:1747647651256:,1747647653067
counter/7/0/0/0,1528:1747647651270:,1747647653067
counter/5/0/0/0,1627:1747647651139:,1747647653068
counter/5/0/0/0,1628:1747647651141:,1747647653068
counter/1/0/0/0,2228:1747647651832:,1747647653068
counter/5/0/0/0,1629:1747647651141:,1747647653068
counter/4/0/0/0,1847:1747647651374:,1747647653068
counter/5/0/0/0,1630:1747647651141:,1747647653068
counter/2/0/0/0,1559:1747647651237:,1747647653068
counter/2/0/0/0,1560:1747647651237:,1747647653068
counter/2/0/0/0,1561:1747647651237:,1747647653069
counter/3/0/0/0,1876:1747647651276:,1747647653069
counter/3/0/0/0,1877:1747647651276:,1747647653069
counter/7/0/0/0,1529:1747647651270:,1747647653069
counter/7/0/0/0,1530:1747647651270:,1747647653069
counter/7/0/0/0,1531:1747647651270:,1747647653069
counter/7/0/0/0,1532:1747647651270:,1747647653069
counter/7/0/0/0,1533:1747647651270:,1747647653069
counter/7/0/0/0,1534:1747647651270:,1747647653069
counter/7/0/0/0,1535:1747647651271:,1747647653069
counter/5/0/0/0,1631:1747647651141:,1747647653069
counter/7/0/0/0,1536:1747647651271:,1747647653069
counter/5/0/0/0,1632:1747647651141:,1747647653069
counter/4/0/0/0,1848:1747647651374:,1747647653069
counter/7/0/0/0,1537:1747647651271:,1747647653069
counter/5/0/0/0,1633:1747647651141:,1747647653069
counter/2/0/0/0,1562:1747647651237:,1747647653069
counter/7/0/0/0,1538:1747647651271:,1747647653069
counter/7/0/0/0,1539:1747647651271:,1747647653069
counter/7/0/0/0,1540:1747647651271:,1747647653070
counter/1/0/0/0,2229:1747647651832:,1747647653070
counter/7/0/0/0,1541:1747647651271:,1747647653070
counter/7/0/0/0,1542:1747647651271:,1747647653070
counter/7/0/0/0,1543:1747647651271:,1747647653070
counter/7/0/0/0,1544:1747647651271:,1747647653070
counter/7/0/0/0,1545:1747647651271:,1747647653070
counter/6/0/0/0,1651:1747647651368:,1747647653070
counter/6/0/0/0,1652:1747647651368:,1747647653070
counter/2/0/0/0,1563:1747647651237:,1747647653070
counter/3/0/0/0,1878:1747647651276:,1747647653070
counter/3/0/0/0,1879:1747647651276:,1747647653070
counter/3/0/0/0,1880:1747647651276:,1747647653070
counter/3/0/0/0,1881:1747647651276:,1747647653070
counter/10/0/0/0,1563:1747647651486:,1747647653072
counter/8/0/0/0,1846:1747647651201:,1747647653072
counter/8/0/0/0,1847:1747647651201:,1747647653072
counter/8/0/0/0,1848:1747647651201:,1747647653072
counter/8/0/0/0,1849:1747647651201:,1747647653072
counter/8/0/0/0,1850:1747647651201:,1747647653072
counter/10/0/0/0,1564:1747647651486:,1747647653073
counter/8/0/0/0,1851:1747647651229:,1747647653073
counter/8/0/0/0,1852:1747647651229:,1747647653073
counter/8/0/0/0,1853:1747647651229:,1747647653073
counter/8/0/0/0,1854:1747647651229:,1747647653073
counter/8/0/0/0,1855:1747647651229:,1747647653073
counter/8/0/0/0,1856:1747647651229:,1747647653073
counter/8/0/0/0,1857:1747647651229:,1747647653073
counter/8/0/0/0,1858:1747647651229:,1747647653073
counter/8/0/0/0,1859:1747647651229:,1747647653073
counter/7/0/0/0,1546:1747647651271:,1747647653074
counter/5/0/0/0,1634:1747647651141:,1747647653075
counter/10/0/0/0,1565:1747647651486:,1747647653075
counter/10/0/0/0,1566:1747647651486:,1747647653075
counter/10/0/0/0,1567:1747647651486:,1747647653076
counter/9/0/0/0,1795:1747647651446:,1747647653076
counter/10/0/0/0,1568:1747647651486:,1747647653076
counter/9/0/0/0,1796:1747647651446:,1747647653076
counter/9/0/0/0,1797:1747647651446:,1747647653076
counter/9/0/0/0,1798:1747647651446:,1747647653076
counter/9/0/0/0,1799:1747647651446:,1747647653076
counter/7/0/0/0,1547:1747647651271:,1747647653077
counter/5/0/0/0,1635:1747647651141:,1747647653077
counter/9/0/0/0,1800:1747647651449:,1747647653077
counter/5/0/0/0,1636:1747647651152:,1747647653078
counter/5/0/0/0,1637:1747647651152:,1747647653079
counter/9/0/0/0,1801:1747647651449:,1747647653079
counter/3/0/0/0,1882:1747647651276:,1747647653079
counter/4/0/0/0,1849:1747647651374:,1747647653079
counter/6/0/0/0,1653:1747647651368:,1747647653079
counter/8/0/0/0,1860:1747647651229:,1747647653080
counter/2/0/0/0,1564:1747647651237:,1747647653080
counter/2/0/0/0,1565:1747647651237:,1747647653080
counter/2/0/0/0,1566:1747647651237:,1747647653081
counter/2/0/0/0,1567:1747647651237:,1747647653081
counter/2/0/0/0,1568:1747647651237:,1747647653081
counter/1/0/0/0,2230:1747647651836:,1747647653081
counter/2/0/0/0,1569:1747647651237:,1747647653081
counter/1/0/0/0,2231:1747647651836:,1747647653081
counter/2/0/0/0,1570:1747647651237:,1747647653081
counter/1/0/0/0,2232:1747647651837:,1747647653082
counter/7/0/0/0,1548:1747647651271:,1747647653082
counter/5/0/0/0,1638:1747647651152:,1747647653082
counter/5/0/0/0,1639:1747647651152:,1747647653082
counter/5/0/0/0,1640:1747647651152:,1747647653082
counter/3/0/0/0,1883:1747647651276:,1747647653082
counter/3/0/0/0,1884:1747647651276:,1747647653082
counter/3/0/0/0,1885:1747647651276:,1747647653082
counter/4/0/0/0,1850:1747647651376:,1747647653083
counter/4/0/0/0,1851:1747647651376:,1747647653083
counter/4/0/0/0,1852:1747647651376:,1747647653083
counter/4/0/0/0,1853:1747647651376:,1747647653083
counter/1/0/0/0,2233:1747647651837:,1747647653083
counter/1/0/0/0,2234:1747647651837:,1747647653083
counter/1/0/0/0,2235:1747647651837:,1747647653083
counter/1/0/0/0,2236:1747647651842:,1747647653083
counter/1/0/0/0,2237:1747647651842:,1747647653083
counter/1/0/0/0,2238:1747647651842:,1747647653083
counter/1/0/0/0,2239:1747647651842:,1747647653083
counter/1/0/0/0,2240:1747647651842:,1747647653083
counter/10/0/0/0,1569:1747647651486:,1747647653083
counter/4/0/0/0,1854:1747647651376:,1747647653083
counter/10/0/0/0,1570:1747647651487:,1747647653083
counter/10/0/0/0,1571:1747647651487:,1747647653083
counter/10/0/0/0,1572:1747647651487:,1747647653083
counter/7/0/0/0,1549:1747647651271:,1747647653084
counter/7/0/0/0,1550:1747647651271:,1747647653084
counter/10/0/0/0,1573:1747647651487:,1747647653084
counter/7/0/0/0,1551:1747647651271:,1747647653084
counter/4/0/0/0,1855:1747647651376:,1747647653086
counter/6/0/0/0,1654:1747647651368:,1747647653086
counter/10/0/0/0,1574:1747647651487:,1747647653086
counter/10/0/0/0,1575:1747647651487:,1747647653086
counter/2/0/0/0,1571:1747647651237:,1747647653086
counter/10/0/0/0,1576:1747647651487:,1747647653086
counter/5/0/0/0,1641:1747647651152:,1747647653087
counter/4/0/0/0,1856:1747647651376:,1747647653087
counter/4/0/0/0,1857:1747647651376:,1747647653087
counter/4/0/0/0,1858:1747647651376:,1747647653087
counter/4/0/0/0,1859:1747647651376:,1747647653087
counter/4/0/0/0,1860:1747647651376:,1747647653087
counter/4/0/0/0,1861:1747647651376:,1747647653087
counter/4/0/0/0,1862:1747647651376:,1747647653087
counter/6/0/0/0,1655:1747647651368:,1747647653087
counter/6/0/0/0,1656:1747647651368:,1747647653088
counter/8/0/0/0,1861:1747647651229:,1747647653088
counter/8/0/0/0,1862:1747647651233:,1747647653088
counter/8/0/0/0,1863:1747647651233:,1747647653088
counter/2/0/0/0,1572:1747647651238:,1747647653088
counter/2/0/0/0,1573:1747647651238:,1747647653088
counter/2/0/0/0,1574:1747647651238:,1747647653088
counter/10/0/0/0,1577:1747647651487:,1747647653088
counter/1/0/0/0,2241:1747647651842:,1747647653089
counter/7/0/0/0,1552:1747647651271:,1747647653089
counter/7/0/0/0,1553:1747647651271:,1747647653089
counter/7/0/0/0,1554:1747647651271:,1747647653089
counter/7/0/0/0,1555:1747647651271:,1747647653089
counter/8/0/0/0,1864:1747647651233:,1747647653089
counter/2/0/0/0,1575:1747647651238:,1747647653089
counter/8/0/0/0,1865:1747647651233:,1747647653090
counter/1/0/0/0,2242:1747647651842:,1747647653093
counter/1/0/0/0,2243:1747647651842:,1747647653093
counter/1/0/0/0,2244:1747647651842:,1747647653093
counter/1/0/0/0,2245:1747647651842:,1747647653093
counter/1/0/0/0,2246:1747647651842:,1747647653093
counter/1/0/0/0,2247:1747647651842:,1747647653093
counter/1/0/0/0,2248:1747647651842:,1747647653093
counter/1/0/0/0,2249:1747647651843:,1747647653094
counter/1/0/0/0,2250:1747647651843:,1747647653094
counter/1/0/0/0,2251:1747647651843:,1747647653094
counter/1/0/0/0,2252:1747647651843:,1747647653094
counter/4/0/0/0,1863:1747647651376:,1747647653094
counter/6/0/0/0,1657:1747647651368:,1747647653094
counter/6/0/0/0,1658:1747647651368:,1747647653094
counter/6/0/0/0,1659:1747647651373:,1747647653095
counter/6/0/0/0,1660:1747647651384:,1747647653095
counter/6/0/0/0,1661:1747647651384:,1747647653095
counter/9/0/0/0,1802:1747647651449:,1747647653095
counter/6/0/0/0,1662:1747647651384:,1747647653095
counter/9/0/0/0,1803:1747647651449:,1747647653095
counter/6/0/0/0,1663:1747647651384:,1747647653095
counter/5/0/0/0,1642:1747647651152:,1747647653095
counter/8/0/0/0,1866:1747647651233:,1747647653095
counter/3/0/0/0,1886:1747647651277:,1747647653095
counter/3/0/0/0,1887:1747647651277:,1747647653095
counter/3/0/0/0,1888:1747647651277:,1747647653095
counter/1/0/0/0,2253:1747647651843:,1747647653095
counter/3/0/0/0,1889:1747647651277:,1747647653096
counter/9/0/0/0,1804:1747647651449:,1747647653096
counter/3/0/0/0,1890:1747647651277:,1747647653096
counter/1/0/0/0,2254:1747647651843:,1747647653096
counter/7/0/0/0,1556:1747647651271:,1747647653096
counter/7/0/0/0,1557:1747647651274:,1747647653096
counter/7/0/0/0,1558:1747647651274:,1747647653096
counter/8/0/0/0,1867:1747647651233:,1747647653096
counter/4/0/0/0,1864:1747647651377:,1747647653096
counter/4/0/0/0,1865:1747647651377:,1747647653096
counter/4/0/0/0,1866:1747647651377:,1747647653096
counter/10/0/0/0,1578:1747647651491:,1747647653096
counter/2/0/0/0,1576:1747647651238:,1747647653096
counter/10/0/0/0,1579:1747647651492:,1747647653096
counter/10/0/0/0,1580:1747647651492:,1747647653096
counter/3/0/0/0,1891:1747647651277:,1747647653096
counter/6/0/0/0,1664:1747647651385:,1747647653096
counter/1/0/0/0,2255:1747647651845:,1747647653097
counter/8/0/0/0,1868:1747647651233:,1747647653097
counter/8/0/0/0,1869:1747647651233:,1747647653099
counter/8/0/0/0,1870:1747647651233:,1747647653099
counter/8/0/0/0,1871:1747647651233:,1747647653099
counter/8/0/0/0,1872:1747647651233:,1747647653099
counter/8/0/0/0,1873:1747647651233:,1747647653099
counter/8/0/0/0,1874:1747647651233:,1747647653099
counter/8/0/0/0,1875:1747647651233:,1747647653099
counter/10/0/0/0,1581:1747647651492:,1747647653099
counter/5/0/0/0,1643:1747647651152:,1747647653099
counter/5/0/0/0,1644:1747647651152:,1747647653100
counter/7/0/0/0,1559:1747647651274:,1747647653100
counter/4/0/0/0,1867:1747647651378:,1747647653100
counter/4/0/0/0,1868:1747647651378:,1747647653100
counter/4/0/0/0,1869:1747647651378:,1747647653100
counter/4/0/0/0,1870:1747647651381:,1747647653100
counter/4/0/0/0,1871:1747647651381:,1747647653100
counter/4/0/0/0,1872:1747647651381:,1747647653100
counter/7/0/0/0,1560:1747647651274:,1747647653100
counter/2/0/0/0,1577:1747647651238:,1747647653100
counter/8/0/0/0,1876:1747647651233:,1747647653102
counter/4/0/0/0,1873:1747647651381:,1747647653103
counter/8/0/0/0,1877:1747647651239:,1747647653103
counter/3/0/0/0,1892:1747647651277:,1747647653103
counter/9/0/0/0,1805:1747647651449:,1747647653103
counter/1/0/0/0,2256:1747647651845:,1747647653104
counter/1/0/0/0,2257:1747647651845:,1747647653104
counter/1/0/0/0,2258:1747647651845:,1747647653104
counter/1/0/0/0,2259:1747647651845:,1747647653104
counter/1/0/0/0,2260:1747647651845:,1747647653104
counter/1/0/0/0,2261:1747647651845:,1747647653104
counter/1/0/0/0,2262:1747647651845:,1747647653104
counter/1/0/0/0,2263:1747647651845:,1747647653104
counter/1/0/0/0,2264:1747647651850:,1747647653105
counter/1/0/0/0,2265:1747647651853:,1747647653105
counter/1/0/0/0,2266:1747647651853:,1747647653105
counter/8/0/0/0,1878:1747647651239:,1747647653105
counter/4/0/0/0,1874:1747647651382:,1747647653105
counter/9/0/0/0,1806:1747647651449:,1747647653105
counter/9/0/0/0,1807:1747647651449:,1747647653105
counter/9/0/0/0,1808:1747647651449:,1747647653105
counter/9/0/0/0,1809:1747647651449:,1747647653105
counter/9/0/0/0,1810:1747647651450:,1747647653105
counter/9/0/0/0,1811:1747647651450:,1747647653105
counter/9/0/0/0,1812:1747647651450:,1747647653105
counter/9/0/0/0,1813:1747647651450:,1747647653105
counter/7/0/0/0,1561:1747647651274:,1747647653106
counter/10/0/0/0,1582:1747647651492:,1747647653106
counter/10/0/0/0,1583:1747647651492:,1747647653106
counter/10/0/0/0,1584:1747647651492:,1747647653106
counter/10/0/0/0,1585:1747647651492:,1747647653106
counter/10/0/0/0,1586:1747647651492:,1747647653106
counter/10/0/0/0,1587:1747647651492:,1747647653106
counter/10/0/0/0,1588:1747647651492:,1747647653106
counter/10/0/0/0,1589:1747647651492:,1747647653106
counter/10/0/0/0,1590:1747647651492:,1747647653106
counter/10/0/0/0,1591:1747647651492:,1747647653106
counter/10/0/0/0,1592:1747647651492:,1747647653106
counter/10/0/0/0,1593:1747647651492:,1747647653106
counter/10/0/0/0,1594:1747647651492:,1747647653106
counter/9/0/0/0,1814:1747647651460:,1747647653106
counter/2/0/0/0,1578:1747647651238:,1747647653106
counter/2/0/0/0,1579:1747647651238:,1747647653106
counter/2/0/0/0,1580:1747647651240:,1747647653106
counter/2/0/0/0,1581:1747647651243:,1747647653106
counter/2/0/0/0,1582:1747647651243:,1747647653106
counter/2/0/0/0,1583:1747647651243:,1747647653106
counter/2/0/0/0,1584:1747647651243:,1747647653106
counter/2/0/0/0,1585:1747647651243:,1747647653106
counter/2/0/0/0,1586:1747647651243:,1747647653106
counter/4/0/0/0,1875:1747647651382:,1747647653106
counter/3/0/0/0,1893:1747647651277:,1747647653106
counter/2/0/0/0,1587:1747647651243:,1747647653107
counter/5/0/0/0,1645:1747647651152:,1747647653107
counter/5/0/0/0,1646:1747647651153:,1747647653107
counter/10/0/0/0,1595:1747647651492:,1747647653107
counter/7/0/0/0,1562:1747647651274:,1747647653107
counter/7/0/0/0,1563:1747647651274:,1747647653107
counter/4/0/0/0,1876:1747647651382:,1747647653107
counter/4/0/0/0,1877:1747647651382:,1747647653107
counter/4/0/0/0,1878:1747647651382:,1747647653107
counter/4/0/0/0,1879:1747647651382:,1747647653107
counter/4/0/0/0,1880:1747647651382:,1747647653107
counter/2/0/0/0,1588:1747647651243:,1747647653107
counter/5/0/0/0,1647:1747647651153:,1747647653107
counter/9/0/0/0,1815:1747647651460:,1747647653107
counter/9/0/0/0,1816:1747647651460:,1747647653107
counter/7/0/0/0,1564:1747647651274:,1747647653107
counter/7/0/0/0,1565:1747647651274:,1747647653107
counter/7/0/0/0,1566:1747647651281:,1747647653107
counter/6/0/0/0,1665:1747647651385:,1747647653107
counter/4/0/0/0,1881:1747647651385:,1747647653107
counter/6/0/0/0,1666:1747647651385:,1747647653107
counter/2/0/0/0,1589:1747647651246:,1747647653107
counter/2/0/0/0,1590:1747647651246:,1747647653107
counter/3/0/0/0,1894:1747647651277:,1747647653107
counter/8/0/0/0,1879:1747647651239:,1747647653108
counter/1/0/0/0,2267:1747647651853:,1747647653108
counter/2/0/0/0,1591:1747647651246:,1747647653109
counter/10/0/0/0,1596:1747647651492:,1747647653109
counter/3/0/0/0,1895:1747647651277:,1747647653109
counter/3/0/0/0,1896:1747647651277:,1747647653109
counter/3/0/0/0,1897:1747647651277:,1747647653109
counter/3/0/0/0,1898:1747647651277:,1747647653109
counter/3/0/0/0,1899:1747647651277:,1747647653109
counter/8/0/0/0,1880:1747647651239:,1747647653109
counter/4/0/0/0,1882:1747647651385:,1747647653109
counter/4/0/0/0,1883:1747647651386:,1747647653109
counter/4/0/0/0,1884:1747647651386:,1747647653109
counter/4/0/0/0,1885:1747647651390:,1747647653109
counter/4/0/0/0,1886:1747647651394:,1747647653109
counter/4/0/0/0,1887:1747647651420:,1747647653109
counter/4/0/0/0,1888:1747647651421:,1747647653109
counter/4/0/0/0,1889:1747647651421:,1747647653109
counter/4/0/0/0,1890:1747647651421:,1747647653109
counter/4/0/0/0,1891:1747647651421:,1747647653110
counter/4/0/0/0,1892:1747647651421:,1747647653110
counter/4/0/0/0,1893:1747647651421:,1747647653110
counter/4/0/0/0,1894:1747647651421:,1747647653110
counter/4/0/0/0,1895:1747647651421:,1747647653110
counter/4/0/0/0,1896:1747647651421:,1747647653110
counter/10/0/0/0,1597:1747647651492:,1747647653110
counter/4/0/0/0,1897:1747647651433:,1747647653110
counter/3/0/0/0,1900:1747647651277:,1747647653110
counter/3/0/0/0,1901:1747647651277:,1747647653112
counter/7/0/0/0,1567:1747647651281:,1747647653113
counter/7/0/0/0,1568:1747647651281:,1747647653113
counter/7/0/0/0,1569:1747647651281:,1747647653113
counter/7/0/0/0,1570:1747647651281:,1747647653113
counter/7/0/0/0,1571:1747647651281:,1747647653113
counter/6/0/0/0,1667:1747647651385:,1747647653113
counter/5/0/0/0,1648:1747647651153:,1747647653114
counter/6/0/0/0,1668:1747647651385:,1747647653115
counter/8/0/0/0,1881:1747647651239:,1747647653116
counter/7/0/0/0,1572:1747647651281:,1747647653116
counter/7/0/0/0,1573:1747647651283:,1747647653116
counter/7/0/0/0,1574:1747647651283:,1747647653116
counter/7/0/0/0,1575:1747647651283:,1747647653117
counter/2/0/0/0,1592:1747647651246:,1747647653118
counter/2/0/0/0,1593:1747647651246:,1747647653118
counter/2/0/0/0,1594:1747647651246:,1747647653119
counter/2/0/0/0,1595:1747647651246:,1747647653119
counter/2/0/0/0,1596:1747647651246:,1747647653119
counter/2/0/0/0,1597:1747647651246:,1747647653119
counter/2/0/0/0,1598:1747647651246:,1747647653119
counter/8/0/0/0,1882:1747647651239:,1747647653119
counter/8/0/0/0,1883:1747647651239:,1747647653119
counter/7/0/0/0,1576:1747647651283:,1747647653119
counter/6/0/0/0,1669:1747647651385:,1747647653119
counter/6/0/0/0,1670:1747647651385:,1747647653119
counter/6/0/0/0,1671:1747647651385:,1747647653119
counter/6/0/0/0,1672:1747647651385:,1747647653120
counter/6/0/0/0,1673:1747647651385:,1747647653120
counter/6/0/0/0,1674:1747647651385:,1747647653120
counter/6/0/0/0,1675:1747647651385:,1747647653120
counter/6/0/0/0,1676:1747647651385:,1747647653120
counter/6/0/0/0,1677:1747647651387:,1747647653120
counter/3/0/0/0,1902:1747647651277:,1747647653120
counter/3/0/0/0,1903:1747647651278:,1747647653120
counter/3/0/0/0,1904:1747647651278:,1747647653120
counter/3/0/0/0,1905:1747647651278:,1747647653120
counter/3/0/0/0,1906:1747647651278:,1747647653120
counter/3/0/0/0,1907:1747647651278:,1747647653120
counter/3/0/0/0,1908:1747647651278:,1747647653120
counter/3/0/0/0,1909:1747647651278:,1747647653120
counter/3/0/0/0,1910:1747647651302:,1747647653120
counter/3/0/0/0,1911:1747647651302:,1747647653121
counter/7/0/0/0,1577:1747647651283:,1747647653121
counter/6/0/0/0,1678:1747647651387:,1747647653121
counter/2/0/0/0,1599:1747647651246:,1747647653121
counter/6/0/0/0,1679:1747647651387:,1747647653121
counter/1/0/0/0,2268:1747647651853:,1747647653121
counter/6/0/0/0,1680:1747647651387:,1747647653121
counter/10/0/0/0,1598:1747647651492:,1747647653121
counter/3/0/0/0,1912:1747647651308:,1747647653122
counter/3/0/0/0,1913:1747647651308:,1747647653122
counter/3/0/0/0,1914:1747647651308:,1747647653122
counter/3/0/0/0,1915:1747647651308:,1747647653122
counter/3/0/0/0,1916:1747647651308:,1747647653122
counter/3/0/0/0,1917:1747647651308:,1747647653122
counter/7/0/0/0,1578:1747647651283:,1747647653122
counter/1/0/0/0,2269:1747647651853:,1747647653122
counter/7/0/0/0,1579:1747647651283:,1747647653122
counter/6/0/0/0,1681:1747647651388:,1747647653122
counter/10/0/0/0,1599:1747647651492:,1747647653122
counter/7/0/0/0,1580:1747647651283:,1747647653123
counter/7/0/0/0,1581:1747647651283:,1747647653123
counter/10/0/0/0,1600:1747647651492:,1747647653123
counter/5/0/0/0,1649:1747647651153:,1747647653125
counter/5/0/0/0,1650:1747647651153:,1747647653125
counter/5/0/0/0,1651:1747647651153:,1747647653125
counter/5/0/0/0,1652:1747647651153:,1747647653125
counter/5/0/0/0,1653:1747647651153:,1747647653125
counter/5/0/0/0,1654:1747647651157:,1747647653125
counter/5/0/0/0,1655:1747647651157:,1747647653125
counter/3/0/0/0,1918:1747647651308:,1747647653125
counter/3/0/0/0,1919:1747647651308:,1747647653126
counter/3/0/0/0,1920:1747647651308:,1747647653127
counter/3/0/0/0,1921:1747647651308:,1747647653127
counter/4/0/0/0,1898:1747647651433:,1747647653127
counter/3/0/0/0,1922:1747647651308:,1747647653127
counter/2/0/0/0,1600:1747647651246:,1747647653127
counter/3/0/0/0,1923:1747647651308:,1747647653127
counter/3/0/0/0,1924:1747647651308:,1747647653127
counter/3/0/0/0,1925:1747647651316:,1747647653127
counter/3/0/0/0,1926:1747647651317:,1747647653127
counter/5/0/0/0,1656:1747647651157:,1747647653127
counter/3/0/0/0,1927:1747647651317:,1747647653127
counter/2/0/0/0,1601:1747647651246:,1747647653128
counter/6/0/0/0,1682:1747647651388:,1747647653128
counter/6/0/0/0,1683:1747647651388:,1747647653128
counter/6/0/0/0,1684:1747647651388:,1747647653128
counter/6/0/0/0,1685:1747647651388:,1747647653128
counter/6/0/0/0,1686:1747647651388:,1747647653128
counter/3/0/0/0,1928:1747647651336:,1747647653128
counter/3/0/0/0,1929:1747647651340:,1747647653128
counter/3/0/0/0,1930:1747647651340:,1747647653128
counter/3/0/0/0,1931:1747647651347:,1747647653128
counter/10/0/0/0,1601:1747647651492:,1747647653128
counter/10/0/0/0,1602:1747647651492:,1747647653129
counter/10/0/0/0,1603:1747647651492:,1747647653129
counter/10/0/0/0,1604:1747647651492:,1747647653129
counter/2/0/0/0,1602:1747647651246:,1747647653129
counter/8/0/0/0,1884:1747647651239:,1747647653130
counter/8/0/0/0,1885:1747647651239:,1747647653130
counter/8/0/0/0,1886:1747647651239:,1747647653130
counter/8/0/0/0,1887:1747647651239:,1747647653130
counter/3/0/0/0,1932:1747647651347:,1747647653130
counter/10/0/0/0,1605:1747647651492:,1747647653130
counter/8/0/0/0,1888:1747647651239:,1747647653130
counter/3/0/0/0,1933:1747647651348:,1747647653131
counter/3/0/0/0,1934:1747647651348:,1747647653131
counter/3/0/0/0,1935:1747647651348:,1747647653131
counter/3/0/0/0,1936:1747647651348:,1747647653131
counter/7/0/0/0,1582:1747647651283:,1747647653131
counter/7/0/0/0,1583:1747647651283:,1747647653131
counter/7/0/0/0,1584:1747647651283:,1747647653131
counter/7/0/0/0,1585:1747647651283:,1747647653131
counter/5/0/0/0,1657:1747647651157:,1747647653131
counter/5/0/0/0,1658:1747647651157:,1747647653131
counter/5/0/0/0,1659:1747647651157:,1747647653131
counter/5/0/0/0,1660:1747647651157:,1747647653131
counter/5/0/0/0,1661:1747647651157:,1747647653131
counter/5/0/0/0,1662:1747647651169:,1747647653131
counter/5/0/0/0,1663:1747647651169:,1747647653131
counter/5/0/0/0,1664:1747647651169:,1747647653131
counter/10/0/0/0,1606:1747647651492:,1747647653131
counter/1/0/0/0,2270:1747647651853:,1747647653132
counter/1/0/0/0,2271:1747647651853:,1747647653132
counter/1/0/0/0,2272:1747647651853:,1747647653132
counter/1/0/0/0,2273:1747647651856:,1747647653132
counter/1/0/0/0,2274:1747647651856:,1747647653132
counter/3/0/0/0,1937:1747647651348:,1747647653132
counter/1/0/0/0,2275:1747647651856:,1747647653134
counter/9/0/0/0,1817:1747647651461:,1747647653134
counter/3/0/0/0,1938:1747647651348:,1747647653134
counter/9/0/0/0,1818:1747647651461:,1747647653134
counter/3/0/0/0,1939:1747647651348:,1747647653134
counter/4/0/0/0,1899:1747647651433:,1747647653134
counter/7/0/0/0,1586:1747647651283:,1747647653134
counter/4/0/0/0,1900:1747647651438:,1747647653135
counter/9/0/0/0,1819:1747647651487:,1747647653135
counter/1/0/0/0,2276:1747647651856:,1747647653136
counter/3/0/0/0,1940:1747647651352:,1747647653137
counter/7/0/0/0,1587:1747647651295:,1747647653137
counter/10/0/0/0,1607:1747647651492:,1747647653137
counter/9/0/0/0,1820:1747647651488:,1747647653137
counter/9/0/0/0,1821:1747647651488:,1747647653137
counter/9/0/0/0,1822:1747647651488:,1747647653138
counter/9/0/0/0,1823:1747647651497:,1747647653138
counter/9/0/0/0,1824:1747647651497:,1747647653138
counter/9/0/0/0,1825:1747647651497:,1747647653138
counter/9/0/0/0,1826:1747647651501:,1747647653138
counter/9/0/0/0,1827:1747647651501:,1747647653138
counter/9/0/0/0,1828:1747647651501:,1747647653138
counter/9/0/0/0,1829:1747647651501:,1747647653138
counter/9/0/0/0,1830:1747647651501:,1747647653138
counter/4/0/0/0,1901:1747647651438:,1747647653138
counter/3/0/0/0,1941:1747647651352:,1747647653139
counter/4/0/0/0,1902:1747647651438:,1747647653139
counter/4/0/0/0,1903:1747647651438:,1747647653139
counter/4/0/0/0,1904:1747647651438:,1747647653139
counter/5/0/0/0,1665:1747647651169:,1747647653139
counter/5/0/0/0,1666:1747647651169:,1747647653139
counter/5/0/0/0,1667:1747647651169:,1747647653139
counter/5/0/0/0,1668:1747647651169:,1747647653139
counter/5/0/0/0,1669:1747647651169:,1747647653139
counter/5/0/0/0,1670:1747647651169:,1747647653139
counter/5/0/0/0,1671:1747647651169:,1747647653139
counter/5/0/0/0,1672:1747647651169:,1747647653139
counter/5/0/0/0,1673:1747647651169:,1747647653139
counter/5/0/0/0,1674:1747647651169:,1747647653139
counter/4/0/0/0,1905:1747647651438:,1747647653140
counter/10/0/0/0,1608:1747647651492:,1747647653140
counter/9/0/0/0,1831:1747647651501:,1747647653140
counter/9/0/0/0,1832:1747647651502:,1747647653140
counter/9/0/0/0,1833:1747647651502:,1747647653140
counter/9/0/0/0,1834:1747647651502:,1747647653140
counter/9/0/0/0,1835:1747647651502:,1747647653140
counter/9/0/0/0,1836:1747647651502:,1747647653140
counter/9/0/0/0,1837:1747647651504:,1747647653140
counter/9/0/0/0,1838:1747647651504:,1747647653140
counter/9/0/0/0,1839:1747647651504:,1747647653140
counter/9/0/0/0,1840:1747647651504:,1747647653140
counter/9/0/0/0,1841:1747647651504:,1747647653140
counter/9/0/0/0,1842:1747647651506:,1747647653140
counter/9/0/0/0,1843:1747647651506:,1747647653140
counter/9/0/0/0,1844:1747647651506:,1747647653140
counter/9/0/0/0,1845:1747647651506:,1747647653140
counter/9/0/0/0,1846:1747647651506:,1747647653140
counter/4/0/0/0,1906:1747647651438:,1747647653141
counter/3/0/0/0,1942:1747647651352:,1747647653141
counter/7/0/0/0,1588:1747647651295:,1747647653141
counter/10/0/0/0,1609:1747647651492:,1747647653143
counter/10/0/0/0,1610:1747647651492:,1747647653143
counter/5/0/0/0,1675:1747647651169:,1747647653143
counter/1/0/0/0,2277:1747647651856:,1747647653143
counter/10/0/0/0,1611:1747647651492:,1747647653143
counter/10/0/0/0,1612:1747647651492:,1747647653143
counter/10/0/0/0,1613:1747647651492:,1747647653143
counter/3/0/0/0,1943:1747647651352:,1747647653144
counter/3/0/0/0,1944:1747647651354:,1747647653144
counter/7/0/0/0,1589:1747647651295:,1747647653144
counter/7/0/0/0,1590:1747647651295:,1747647653144
counter/7/0/0/0,1591:1747647651295:,1747647653144
counter/7/0/0/0,1592:1747647651295:,1747647653144
counter/2/0/0/0,1603:1747647651246:,1747647653144
counter/6/0/0/0,1687:1747647651388:,1747647653145
counter/4/0/0/0,1907:1747647651438:,1747647653145
counter/5/0/0/0,1676:1747647651174:,1747647653145
counter/9/0/0/0,1847:1747647651506:,1747647653145
counter/8/0/0/0,1889:1747647651239:,1747647653145
counter/2/0/0/0,1604:1747647651246:,1747647653145
counter/4/0/0/0,1908:1747647651438:,1747647653145
counter/1/0/0/0,2278:1747647651856:,1747647653146
counter/10/0/0/0,1614:1747647651492:,1747647653146
counter/10/0/0/0,1615:1747647651492:,1747647653146
counter/10/0/0/0,1616:1747647651493:,1747647653146
counter/10/0/0/0,1617:1747647651493:,1747647653146
counter/10/0/0/0,1618:1747647651493:,1747647653146
counter/3/0/0/0,1945:1747647651354:,1747647653146
counter/4/0/0/0,1909:1747647651438:,1747647653146
counter/1/0/0/0,2279:1747647651856:,1747647653146
counter/4/0/0/0,1910:1747647651439:,1747647653146
counter/4/0/0/0,1911:1747647651439:,1747647653146
counter/4/0/0/0,1912:1747647651439:,1747647653146
counter/10/0/0/0,1619:1747647651493:,1747647653147
counter/10/0/0/0,1620:1747647651493:,1747647653147
counter/10/0/0/0,1621:1747647651493:,1747647653147
counter/10/0/0/0,1622:1747647651493:,1747647653147
counter/10/0/0/0,1623:1747647651493:,1747647653147
counter/10/0/0/0,1624:1747647651493:,1747647653147
counter/3/0/0/0,1946:1747647651354:,1747647653147
counter/8/0/0/0,1890:1747647651239:,1747647653147
counter/9/0/0/0,1848:1747647651506:,1747647653147
counter/9/0/0/0,1849:1747647651511:,1747647653147
counter/9/0/0/0,1850:1747647651527:,1747647653147
counter/9/0/0/0,1851:1747647651527:,1747647653147
counter/9/0/0/0,1852:1747647651527:,1747647653147
counter/4/0/0/0,1913:1747647651439:,1747647653148
counter/4/0/0/0,1914:1747647651439:,1747647653148
counter/4/0/0/0,1915:1747647651440:,1747647653148
counter/4/0/0/0,1916:1747647651441:,1747647653148
counter/10/0/0/0,1625:1747647651493:,1747647653148
counter/10/0/0/0,1626:1747647651493:,1747647653148
counter/10/0/0/0,1627:1747647651493:,1747647653149
counter/7/0/0/0,1593:1747647651295:,1747647653149
counter/3/0/0/0,1947:1747647651354:,1747647653149
counter/3/0/0/0,1948:1747647651354:,1747647653149
counter/3/0/0/0,1949:1747647651354:,1747647653149
counter/3/0/0/0,1950:1747647651355:,1747647653149
counter/3/0/0/0,1951:1747647651355:,1747647653149
counter/3/0/0/0,1952:1747647651355:,1747647653149
counter/2/0/0/0,1605:1747647651246:,1747647653150
counter/10/0/0/0,1628:1747647651493:,1747647653150
counter/10/0/0/0,1629:1747647651493:,1747647653150
counter/10/0/0/0,1630:1747647651493:,1747647653150
counter/10/0/0/0,1631:1747647651493:,1747647653150
counter/10/0/0/0,1632:1747647651493:,1747647653150
counter/1/0/0/0,2280:1747647651858:,1747647653150
counter/10/0/0/0,1633:1747647651493:,1747647653150
counter/10/0/0/0,1634:1747647651493:,1747647653150
counter/10/0/0/0,1635:1747647651493:,1747647653150
counter/9/0/0/0,1853:1747647651527:,1747647653152
counter/7/0/0/0,1594:1747647651295:,1747647653152
counter/4/0/0/0,1917:1747647651441:,1747647653152
counter/6/0/0/0,1688:1747647651388:,1747647653152
counter/4/0/0/0,1918:1747647651442:,1747647653153
counter/1/0/0/0,2281:1747647651858:,1747647653153
counter/5/0/0/0,1677:1747647651174:,1747647653153
counter/5/0/0/0,1678:1747647651174:,1747647653153
counter/3/0/0/0,1953:1747647651355:,1747647653153
counter/5/0/0/0,1679:1747647651174:,1747647653154
counter/5/0/0/0,1680:1747647651174:,1747647653154
counter/5/0/0/0,1681:1747647651174:,1747647653154
counter/3/0/0/0,1954:1747647651355:,1747647653154
counter/9/0/0/0,1854:1747647651527:,1747647653155
counter/9/0/0/0,1855:1747647651527:,1747647653155
counter/9/0/0/0,1856:1747647651527:,1747647653155
counter/9/0/0/0,1857:1747647651527:,1747647653155
counter/9/0/0/0,1858:1747647651527:,1747647653155
counter/4/0/0/0,1919:1747647651442:,1747647653155
counter/5/0/0/0,1682:1747647651174:,1747647653155
counter/2/0/0/0,1606:1747647651246:,1747647653155
counter/5/0/0/0,1683:1747647651174:,1747647653155
counter/5/0/0/0,1684:1747647651174:,1747647653155
counter/3/0/0/0,1955:1747647651355:,1747647653155
counter/5/0/0/0,1685:1747647651174:,1747647653155
counter/7/0/0/0,1595:1747647651295:,1747647653155
counter/7/0/0/0,1596:1747647651295:,1747647653155
counter/7/0/0/0,1597:1747647651295:,1747647653155
counter/1/0/0/0,2282:1747647651858:,1747647653156
counter/4/0/0/0,1920:1747647651442:,1747647653156
counter/4/0/0/0,1921:1747647651442:,1747647653156
counter/2/0/0/0,1607:1747647651246:,1747647653156
counter/3/0/0/0,1956:1747647651355:,1747647653156
counter/2/0/0/0,1608:1747647651246:,1747647653156
counter/2/0/0/0,1609:1747647651246:,1747647653156
counter/2/0/0/0,1610:1747647651246:,1747647653156
counter/2/0/0/0,1611:1747647651246:,1747647653156
counter/2/0/0/0,1612:1747647651246:,1747647653156
counter/10/0/0/0,1636:1747647651493:,1747647653157
counter/6/0/0/0,1689:1747647651389:,1747647653157
counter/1/0/0/0,2283:1747647651858:,1747647653157
counter/1/0/0/0,2284:1747647651858:,1747647653157
counter/1/0/0/0,2285:1747647651863:,1747647653157
counter/1/0/0/0,2286:1747647651863:,1747647653157
counter/1/0/0/0,2287:1747647651863:,1747647653157
counter/1/0/0/0,2288:1747647651863:,1747647653157
counter/1/0/0/0,2289:1747647651863:,1747647653158
counter/1/0/0/0,2290:1747647651863:,1747647653158
counter/1/0/0/0,2291:1747647651863:,1747647653158
counter/7/0/0/0,1598:1747647651295:,1747647653158
counter/6/0/0/0,1690:1747647651389:,1747647653158
counter/6/0/0/0,1691:1747647651389:,1747647653158
counter/6/0/0/0,1692:1747647651389:,1747647653158
counter/9/0/0/0,1859:1747647651527:,1747647653158
counter/3/0/0/0,1957:1747647651355:,1747647653158
counter/2/0/0/0,1613:1747647651246:,1747647653159
counter/2/0/0/0,1614:1747647651246:,1747647653159
counter/2/0/0/0,1615:1747647651246:,1747647653159
counter/7/0/0/0,1599:1747647651295:,1747647653159
counter/4/0/0/0,1922:1747647651442:,1747647653159
counter/5/0/0/0,1686:1747647651174:,1747647653159
counter/5/0/0/0,1687:1747647651177:,1747647653159
counter/5/0/0/0,1688:1747647651177:,1747647653159
counter/5/0/0/0,1689:1747647651177:,1747647653159
counter/5/0/0/0,1690:1747647651177:,1747647653159
counter/5/0/0/0,1691:1747647651177:,1747647653161
counter/5/0/0/0,1692:1747647651177:,1747647653161
counter/5/0/0/0,1693:1747647651177:,1747647653161
counter/5/0/0/0,1694:1747647651177:,1747647653161
counter/5/0/0/0,1695:1747647651177:,1747647653161
counter/5/0/0/0,1696:1747647651177:,1747647653161
counter/5/0/0/0,1697:1747647651177:,1747647653161
counter/5/0/0/0,1698:1747647651177:,1747647653161
counter/5/0/0/0,1699:1747647651177:,1747647653161
counter/10/0/0/0,1637:1747647651493:,1747647653161
counter/2/0/0/0,1616:1747647651246:,1747647653161
counter/4/0/0/0,1923:1747647651442:,1747647653162
counter/4/0/0/0,1924:1747647651442:,1747647653162
counter/4/0/0/0,1925:1747647651442:,1747647653162
counter/4/0/0/0,1926:1747647651442:,1747647653162
counter/4/0/0/0,1927:1747647651442:,1747647653162
counter/4/0/0/0,1928:1747647651442:,1747647653162
counter/4/0/0/0,1929:1747647651442:,1747647653162
counter/4/0/0/0,1930:1747647651442:,1747647653162
counter/4/0/0/0,1931:1747647651442:,1747647653162
counter/4/0/0/0,1932:1747647651442:,1747647653162
counter/4/0/0/0,1933:1747647651442:,1747647653162
counter/3/0/0/0,1958:1747647651355:,1747647653162
counter/4/0/0/0,1934:1747647651443:,1747647653162
counter/6/0/0/0,1693:1747647651389:,1747647653162
counter/6/0/0/0,1694:1747647651390:,1747647653162
counter/7/0/0/0,1600:1747647651295:,1747647653162
counter/3/0/0/0,1959:1747647651361:,1747647653163
counter/3/0/0/0,1960:1747647651361:,1747647653163
counter/3/0/0/0,1961:1747647651379:,1747647653163
counter/3/0/0/0,1962:1747647651379:,1747647653163
counter/3/0/0/0,1963:1747647651379:,1747647653163
counter/3/0/0/0,1964:1747647651379:,1747647653163
counter/3/0/0/0,1965:1747647651379:,1747647653163
counter/3/0/0/0,1966:1747647651379:,1747647653163
counter/3/0/0/0,1967:1747647651379:,1747647653163
counter/3/0/0/0,1968:1747647651379:,1747647653163
counter/3/0/0/0,1969:1747647651379:,1747647653163
counter/3/0/0/0,1970:1747647651379:,1747647653163
counter/3/0/0/0,1971:1747647651379:,1747647653163
counter/3/0/0/0,1972:1747647651379:,1747647653164
counter/1/0/0/0,2292:1747647651863:,1747647653164
counter/1/0/0/0,2293:1747647651863:,1747647653164
counter/7/0/0/0,1601:1747647651295:,1747647653164
counter/1/0/0/0,2294:1747647651863:,1747647653164
counter/7/0/0/0,1602:1747647651295:,1747647653164
counter/7/0/0/0,1603:1747647651295:,1747647653164
counter/7/0/0/0,1604:1747647651296:,1747647653164
counter/7/0/0/0,1605:1747647651297:,1747647653164
counter/7/0/0/0,1606:1747647651297:,1747647653164
counter/7/0/0/0,1607:1747647651297:,1747647653164
counter/7/0/0/0,1608:1747647651297:,1747647653165
counter/7/0/0/0,1609:1747647651297:,1747647653165
counter/7/0/0/0,1610:1747647651297:,1747647653165
counter/2/0/0/0,1617:1747647651246:,1747647653165
counter/2/0/0/0,1618:1747647651246:,1747647653165
counter/2/0/0/0,1619:1747647651247:,1747647653165
counter/2/0/0/0,1620:1747647651247:,1747647653165
counter/2/0/0/0,1621:1747647651247:,1747647653165
counter/2/0/0/0,1622:1747647651247:,1747647653165
counter/2/0/0/0,1623:1747647651247:,1747647653165
counter/2/0/0/0,1624:1747647651247:,1747647653165
counter/2/0/0/0,1625:1747647651247:,1747647653165
counter/2/0/0/0,1626:1747647651247:,1747647653165
counter/2/0/0/0,1627:1747647651247:,1747647653165
counter/2/0/0/0,1628:1747647651247:,1747647653165
counter/2/0/0/0,1629:1747647651247:,1747647653165
counter/8/0/0/0,1891:1747647651239:,1747647653165
counter/3/0/0/0,1973:1747647651380:,1747647653165
counter/8/0/0/0,1892:1747647651239:,1747647653165
counter/8/0/0/0,1893:1747647651239:,1747647653165
counter/8/0/0/0,1894:1747647651239:,1747647653165
counter/10/0/0/0,1638:1747647651493:,1747647653165
counter/5/0/0/0,1700:1747647651177:,1747647653165
counter/5/0/0/0,1701:1747647651199:,1747647653166
counter/9/0/0/0,1860:1747647651527:,1747647653166
counter/9/0/0/0,1861:1747647651527:,1747647653167
counter/9/0/0/0,1862:1747647651527:,1747647653167
counter/6/0/0/0,1695:1747647651390:,1747647653167
counter/2/0/0/0,1630:1747647651247:,1747647653168
counter/6/0/0/0,1696:1747647651390:,1747647653168
counter/10/0/0/0,1639:1747647651493:,1747647653168
counter/5/0/0/0,1702:1747647651199:,1747647653170
counter/6/0/0/0,1697:1747647651390:,1747647653171
counter/6/0/0/0,1698:1747647651390:,1747647653171
counter/6/0/0/0,1699:1747647651390:,1747647653171
counter/6/0/0/0,1700:1747647651391:,1747647653171
counter/6/0/0/0,1701:1747647651391:,1747647653171
counter/6/0/0/0,1702:1747647651391:,1747647653171
counter/6/0/0/0,1703:1747647651392:,1747647653171
counter/6/0/0/0,1704:1747647651392:,1747647653171
counter/6/0/0/0,1705:1747647651392:,1747647653171
counter/6/0/0/0,1706:1747647651392:,1747647653172
counter/9/0/0/0,1863:1747647651527:,1747647653172
counter/1/0/0/0,2295:1747647651865:,1747647653172
counter/3/0/0/0,1974:1747647651380:,1747647653172
counter/3/0/0/0,1975:1747647651381:,1747647653172
counter/3/0/0/0,1976:1747647651381:,1747647653172
counter/10/0/0/0,1640:1747647651493:,1747647653172
counter/5/0/0/0,1703:1747647651199:,1747647653172
counter/5/0/0/0,1704:1747647651199:,1747647653172
counter/5/0/0/0,1705:1747647651199:,1747647653172
counter/5/0/0/0,1706:1747647651199:,1747647653172
counter/5/0/0/0,1707:1747647651199:,1747647653172
counter/5/0/0/0,1708:1747647651199:,1747647653172
counter/5/0/0/0,1709:1747647651199:,1747647653172
counter/5/0/0/0,1710:1747647651199:,1747647653172
counter/5/0/0/0,1711:1747647651199:,1747647653172
counter/5/0/0/0,1712:1747647651199:,1747647653172
counter/5/0/0/0,1713:1747647651199:,1747647653172
counter/5/0/0/0,1714:1747647651199:,1747647653172
counter/5/0/0/0,1715:1747647651203:,1747647653172
counter/5/0/0/0,1716:1747647651203:,1747647653172
counter/5/0/0/0,1717:1747647651203:,1747647653172
counter/3/0/0/0,1977:1747647651381:,1747647653172
counter/3/0/0/0,1978:1747647651381:,1747647653172
counter/3/0/0/0,1979:1747647651381:,1747647653173
counter/3/0/0/0,1980:1747647651381:,1747647653173
counter/3/0/0/0,1981:1747647651381:,1747647653173
counter/10/0/0/0,1641:1747647651493:,1747647653173
counter/6/0/0/0,1707:1747647651392:,1747647653174
counter/10/0/0/0,1642:1747647651506:,1747647653174
counter/6/0/0/0,1708:1747647651392:,1747647653175
counter/1/0/0/0,2296:1747647651865:,1747647653175
counter/1/0/0/0,2297:1747647651866:,1747647653175
counter/6/0/0/0,1709:1747647651392:,1747647653176
counter/5/0/0/0,1718:1747647651203:,1747647653176
counter/3/0/0/0,1982:1747647651381:,1747647653177
counter/5/0/0/0,1719:1747647651203:,1747647653177
counter/10/0/0/0,1643:1747647651508:,1747647653177
counter/1/0/0/0,2298:1747647651866:,1747647653177
counter/5/0/0/0,1720:1747647651203:,1747647653177
counter/8/0/0/0,1895:1747647651240:,1747647653178
counter/1/0/0/0,2299:1747647651866:,1747647653178
counter/8/0/0/0,1896:1747647651240:,1747647653178
counter/8/0/0/0,1897:1747647651257:,1747647653178
counter/8/0/0/0,1898:1747647651257:,1747647653178
counter/8/0/0/0,1899:1747647651257:,1747647653178
counter/8/0/0/0,1900:1747647651257:,1747647653178
counter/8/0/0/0,1901:1747647651257:,1747647653178
counter/8/0/0/0,1902:1747647651257:,1747647653178
counter/8/0/0/0,1903:1747647651257:,1747647653178
counter/8/0/0/0,1904:1747647651257:,1747647653178
counter/8/0/0/0,1905:1747647651257:,1747647653178
counter/1/0/0/0,2300:1747647651866:,1747647653178
counter/4/0/0/0,1935:1747647651443:,1747647653180
counter/6/0/0/0,1710:1747647651392:,1747647653181
counter/9/0/0/0,1864:1747647651529:,1747647653181
counter/9/0/0/0,1865:1747647651529:,1747647653181
counter/9/0/0/0,1866:1747647651529:,1747647653181
counter/9/0/0/0,1867:1747647651530:,1747647653181
counter/9/0/0/0,1868:1747647651530:,1747647653182
counter/9/0/0/0,1869:1747647651530:,1747647653182
counter/9/0/0/0,1870:1747647651530:,1747647653182
counter/9/0/0/0,1871:1747647651530:,1747647653182
counter/9/0/0/0,1872:1747647651530:,1747647653182
counter/10/0/0/0,1644:1747647651508:,1747647653182
counter/10/0/0/0,1645:1747647651508:,1747647653182
counter/10/0/0/0,1646:1747647651508:,1747647653182
counter/7/0/0/0,1611:1747647651297:,1747647653182
counter/2/0/0/0,1631:1747647651247:,1747647653182
counter/6/0/0/0,1711:1747647651392:,1747647653182
counter/6/0/0/0,1712:1747647651392:,1747647653182
counter/3/0/0/0,1983:1747647651381:,1747647653182
counter/6/0/0/0,1713:1747647651393:,1747647653182
counter/6/0/0/0,1714:1747647651393:,1747647653182
counter/10/0/0/0,1647:1747647651509:,1747647653184
counter/5/0/0/0,1721:1747647651203:,1747647653184
counter/1/0/0/0,2301:1747647651866:,1747647653184
counter/5/0/0/0,1722:1747647651203:,1747647653185
counter/1/0/0/0,2302:1747647651867:,1747647653185
counter/1/0/0/0,2303:1747647651881:,1747647653185
counter/1/0/0/0,2304:1747647651902:,1747647653185
counter/1/0/0/0,2305:1747647651902:,1747647653185
counter/1/0/0/0,2306:1747647651902:,1747647653185
counter/3/0/0/0,1984:1747647651381:,1747647653185
counter/4/0/0/0,1936:1747647651443:,1747647653186
counter/6/0/0/0,1715:1747647651401:,1747647653186
counter/5/0/0/0,1723:1747647651203:,1747647653186
counter/1/0/0/0,2307:1747647651902:,1747647653186
counter/1/0/0/0,2308:1747647651902:,1747647653186
counter/1/0/0/0,2309:1747647651902:,1747647653186
counter/8/0/0/0,1906:1747647651257:,1747647653186
counter/9/0/0/0,1873:1747647651530:,1747647653187
counter/9/0/0/0,1874:1747647651530:,1747647653187
counter/9/0/0/0,1875:1747647651530:,1747647653191
counter/8/0/0/0,1907:1747647651257:,1747647653191
counter/8/0/0/0,1908:1747647651259:,1747647653191
counter/8/0/0/0,1909:1747647651259:,1747647653191
counter/8/0/0/0,1910:1747647651259:,1747647653191
counter/8/0/0/0,1911:1747647651259:,1747647653191
counter/8/0/0/0,1912:1747647651259:,1747647653191
counter/8/0/0/0,1913:1747647651259:,1747647653191
counter/8/0/0/0,1914:1747647651259:,1747647653191
counter/8/0/0/0,1915:1747647651259:,1747647653192
counter/8/0/0/0,1916:1747647651259:,1747647653192
counter/8/0/0/0,1917:1747647651259:,1747647653192
counter/8/0/0/0,1918:1747647651259:,1747647653192
counter/9/0/0/0,1876:1747647651530:,1747647653192
counter/10/0/0/0,1648:1747647651509:,1747647653192
counter/10/0/0/0,1649:1747647651509:,1747647653192
counter/10/0/0/0,1650:1747647651509:,1747647653192
counter/10/0/0/0,1651:1747647651509:,1747647653192
counter/10/0/0/0,1652:1747647651512:,1747647653192
counter/6/0/0/0,1716:1747647651401:,1747647653192
counter/2/0/0/0,1632:1747647651247:,1747647653192
counter/3/0/0/0,1985:1747647651381:,1747647653192
counter/1/0/0/0,2310:1747647651902:,1747647653192
counter/3/0/0/0,1986:1747647651387:,1747647653192
counter/1/0/0/0,2311:1747647651902:,1747647653193
counter/6/0/0/0,1717:1747647651401:,1747647653193
counter/6/0/0/0,1718:1747647651401:,1747647653193
counter/3/0/0/0,1987:1747647651391:,1747647653193
counter/3/0/0/0,1988:1747647651392:,1747647653193
counter/3/0/0/0,1989:1747647651392:,1747647653193
counter/3/0/0/0,1990:1747647651392:,1747647653193
counter/3/0/0/0,1991:1747647651392:,1747647653193
counter/6/0/0/0,1719:1747647651401:,1747647653194
counter/6/0/0/0,1720:1747647651401:,1747647653194
counter/3/0/0/0,1992:1747647651392:,1747647653194
counter/3/0/0/0,1993:1747647651392:,1747647653194
counter/3/0/0/0,1994:1747647651401:,1747647653194
counter/3/0/0/0,1995:1747647651401:,1747647653194
counter/10/0/0/0,1653:1747647651517:,1747647653194
counter/10/0/0/0,1654:1747647651517:,1747647653194
counter/10/0/0/0,1655:1747647651517:,1747647653194
counter/10/0/0/0,1656:1747647651517:,1747647653194
counter/4/0/0/0,1937:1747647651443:,1747647653194
counter/5/0/0/0,1724:1747647651203:,1747647653194
counter/4/0/0/0,1938:1747647651443:,1747647653194
counter/5/0/0/0,1725:1747647651204:,1747647653195
counter/1/0/0/0,2312:1747647651902:,1747647653196
counter/1/0/0/0,2313:1747647651902:,1747647653196
counter/1/0/0/0,2314:1747647651902:,1747647653196
counter/1/0/0/0,2315:1747647651905:,1747647653196
counter/1/0/0/0,2316:1747647651905:,1747647653196
counter/1/0/0/0,2317:1747647651905:,1747647653196
counter/1/0/0/0,2318:1747647651905:,1747647653196
counter/1/0/0/0,2319:1747647651905:,1747647653196
counter/1/0/0/0,2320:1747647651905:,1747647653196
counter/5/0/0/0,1726:1747647651204:,1747647653196
counter/4/0/0/0,1939:1747647651443:,1747647653197
counter/9/0/0/0,1877:1747647651530:,1747647653197
counter/10/0/0/0,1657:1747647651519:,1747647653197
counter/10/0/0/0,1658:1747647651520:,1747647653197
counter/10/0/0/0,1659:1747647651520:,1747647653197
counter/10/0/0/0,1660:1747647651520:,1747647653197
counter/10/0/0/0,1661:1747647651520:,1747647653197
counter/3/0/0/0,1996:1747647651401:,1747647653198
counter/10/0/0/0,1662:1747647651520:,1747647653198
counter/10/0/0/0,1663:1747647651520:,1747647653198
counter/10/0/0/0,1664:1747647651520:,1747647653198
counter/10/0/0/0,1665:1747647651520:,1747647653198
counter/10/0/0/0,1666:1747647651520:,1747647653198
counter/10/0/0/0,1667:1747647651520:,1747647653198
counter/10/0/0/0,1668:1747647651520:,1747647653198
counter/10/0/0/0,1669:1747647651520:,1747647653198
counter/10/0/0/0,1670:1747647651520:,1747647653198
counter/10/0/0/0,1671:1747647651522:,1747647653198
counter/10/0/0/0,1672:1747647651522:,1747647653198
counter/10/0/0/0,1673:1747647651522:,1747647653198
counter/10/0/0/0,1674:1747647651522:,1747647653198
counter/10/0/0/0,1675:1747647651522:,1747647653199
counter/10/0/0/0,1676:1747647651522:,1747647653199
counter/4/0/0/0,1940:1747647651443:,1747647653199
counter/5/0/0/0,1727:1747647651205:,1747647653199
counter/7/0/0/0,1612:1747647651297:,1747647653199
counter/7/0/0/0,1613:1747647651297:,1747647653199
counter/7/0/0/0,1614:1747647651297:,1747647653199
counter/7/0/0/0,1615:1747647651297:,1747647653199
counter/7/0/0/0,1616:1747647651297:,1747647653199
counter/7/0/0/0,1617:1747647651297:,1747647653199
counter/7/0/0/0,1618:1747647651297:,1747647653199
counter/9/0/0/0,1878:1747647651531:,1747647653199
counter/5/0/0/0,1728:1747647651205:,1747647653199
counter/3/0/0/0,1997:1747647651401:,1747647653199
counter/5/0/0/0,1729:1747647651205:,1747647653199
counter/5/0/0/0,1730:1747647651205:,1747647653199
counter/8/0/0/0,1919:1747647651259:,1747647653200
counter/2/0/0/0,1633:1747647651247:,1747647653200
counter/1/0/0/0,2321:1747647651905:,1747647653200
counter/9/0/0/0,1879:1747647651531:,1747647653200
counter/9/0/0/0,1880:1747647651531:,1747647653200
counter/9/0/0/0,1881:1747647651531:,1747647653200
counter/9/0/0/0,1882:1747647651531:,1747647653200
counter/9/0/0/0,1883:1747647651531:,1747647653200
counter/6/0/0/0,1721:1747647651401:,1747647653201
counter/5/0/0/0,1731:1747647651206:,1747647653201
counter/5/0/0/0,1732:1747647651206:,1747647653202
counter/9/0/0/0,1884:1747647651531:,1747647653202
counter/9/0/0/0,1885:1747647651531:,1747647653202
counter/9/0/0/0,1886:1747647651531:,1747647653202
counter/9/0/0/0,1887:1747647651531:,1747647653202
counter/9/0/0/0,1888:1747647651531:,1747647653202
counter/9/0/0/0,1889:1747647651531:,1747647653202
counter/6/0/0/0,1722:1747647651401:,1747647653202
counter/2/0/0/0,1634:1747647651247:,1747647653202
counter/4/0/0/0,1941:1747647651443:,1747647653202
counter/4/0/0/0,1942:1747647651445:,1747647653202
counter/5/0/0/0,1733:1747647651206:,1747647653202
counter/5/0/0/0,1734:1747647651206:,1747647653203
counter/10/0/0/0,1677:1747647651522:,1747647653203
counter/5/0/0/0,1735:1747647651206:,1747647653203
counter/1/0/0/0,2322:1747647651905:,1747647653203
counter/1/0/0/0,2323:1747647651905:,1747647653203
counter/1/0/0/0,2324:1747647651905:,1747647653203
counter/1/0/0/0,2325:1747647651905:,1747647653203
counter/1/0/0/0,2326:1747647651905:,1747647653203
counter/1/0/0/0,2327:1747647651905:,1747647653203
counter/1/0/0/0,2328:1747647651905:,1747647653203
counter/1/0/0/0,2329:1747647651905:,1747647653203
counter/10/0/0/0,1678:1747647651522:,1747647653204
counter/9/0/0/0,1890:1747647651531:,1747647653204
counter/5/0/0/0,1736:1747647651206:,1747647653204
counter/2/0/0/0,1635:1747647651247:,1747647653204
counter/2/0/0/0,1636:1747647651247:,1747647653204
counter/2/0/0/0,1637:1747647651247:,1747647653204
counter/2/0/0/0,1638:1747647651247:,1747647653204
counter/2/0/0/0,1639:1747647651247:,1747647653204
counter/2/0/0/0,1640:1747647651247:,1747647653204
counter/7/0/0/0,1619:1747647651297:,1747647653204
counter/10/0/0/0,1679:1747647651522:,1747647653204
counter/6/0/0/0,1723:1747647651401:,1747647653205
counter/10/0/0/0,1680:1747647651522:,1747647653205
counter/10/0/0/0,1681:1747647651522:,1747647653205
counter/10/0/0/0,1682:1747647651522:,1747647653205
counter/10/0/0/0,1683:1747647651522:,1747647653205
counter/10/0/0/0,1684:1747647651522:,1747647653205
counter/10/0/0/0,1685:1747647651525:,1747647653205
counter/3/0/0/0,1998:1747647651401:,1747647653207
counter/3/0/0/0,1999:1747647651401:,1747647653207
counter/3/0/0/0,2000:1747647651401:,1747647653207
counter/3/0/0/0,2001:1747647651401:,1747647653207
counter/3/0/0/0,2002:1747647651401:,1747647653207
counter/8/0/0/0,1920:1747647651259:,1747647653207
counter/6/0/0/0,1724:1747647651401:,1747647653207
counter/4/0/0/0,1943:1747647651445:,1747647653208
counter/8/0/0/0,1921:1747647651259:,1747647653208
counter/8/0/0/0,1922:1747647651260:,1747647653208
counter/9/0/0/0,1891:1747647651531:,1747647653208
counter/9/0/0/0,1892:1747647651535:,1747647653208
counter/2/0/0/0,1641:1747647651247:,1747647653208
counter/10/0/0/0,1686:1747647651525:,1747647653208
counter/10/0/0/0,1687:1747647651525:,1747647653208
counter/10/0/0/0,1688:1747647651525:,1747647653208
counter/10/0/0/0,1689:1747647651525:,1747647653208
counter/6/0/0/0,1725:1747647651401:,1747647653208
counter/7/0/0/0,1620:1747647651297:,1747647653209
counter/5/0/0/0,1737:1747647651206:,1747647653210
counter/5/0/0/0,1738:1747647651206:,1747647653210
counter/5/0/0/0,1739:1747647651206:,1747647653210
counter/5/0/0/0,1740:1747647651206:,1747647653210
counter/5/0/0/0,1741:1747647651214:,1747647653210
counter/3/0/0/0,2003:1747647651405:,1747647653210
counter/3/0/0/0,2004:1747647651405:,1747647653210
counter/3/0/0/0,2005:1747647651405:,1747647653210
counter/2/0/0/0,1642:1747647651247:,1747647653210
counter/4/0/0/0,1944:1747647651445:,1747647653211
counter/5/0/0/0,1742:1747647651214:,1747647653212
counter/5/0/0/0,1743:1747647651214:,1747647653212
counter/6/0/0/0,1726:1747647651403:,1747647653212
counter/5/0/0/0,1744:1747647651214:,1747647653213
counter/5/0/0/0,1745:1747647651214:,1747647653213
counter/5/0/0/0,1746:1747647651240:,1747647653213
counter/5/0/0/0,1747:1747647651241:,1747647653213
counter/5/0/0/0,1748:1747647651243:,1747647653213
counter/5/0/0/0,1749:1747647651243:,1747647653213
counter/6/0/0/0,1727:1747647651403:,1747647653213
counter/1/0/0/0,2330:1747647651906:,1747647653213
counter/1/0/0/0,2331:1747647651906:,1747647653213
counter/1/0/0/0,2332:1747647651906:,1747647653213
counter/1/0/0/0,2333:1747647651906:,1747647653214
counter/1/0/0/0,2334:1747647651906:,1747647653214
counter/4/0/0/0,1945:1747647651445:,1747647653214
counter/9/0/0/0,1893:1747647651535:,1747647653214
counter/8/0/0/0,1923:1747647651260:,1747647653215
counter/8/0/0/0,1924:1747647651260:,1747647653215
counter/8/0/0/0,1925:1747647651260:,1747647653215
counter/8/0/0/0,1926:1747647651260:,1747647653215
counter/8/0/0/0,1927:1747647651260:,1747647653215
counter/8/0/0/0,1928:1747647651260:,1747647653215
counter/7/0/0/0,1621:1747647651297:,1747647653215
counter/7/0/0/0,1622:1747647651297:,1747647653215
counter/7/0/0/0,1623:1747647651297:,1747647653215
counter/7/0/0/0,1624:1747647651297:,1747647653215
counter/7/0/0/0,1625:1747647651297:,1747647653215
counter/7/0/0/0,1626:1747647651297:,1747647653216
counter/7/0/0/0,1627:1747647651297:,1747647653216
counter/7/0/0/0,1628:1747647651297:,1747647653216
counter/7/0/0/0,1629:1747647651297:,1747647653216
counter/7/0/0/0,1630:1747647651297:,1747647653216
counter/4/0/0/0,1946:1747647651445:,1747647653216
counter/4/0/0/0,1947:1747647651445:,1747647653216
counter/5/0/0/0,1750:1747647651243:,1747647653216
counter/4/0/0/0,1948:1747647651445:,1747647653216
counter/4/0/0/0,1949:1747647651445:,1747647653216
counter/4/0/0/0,1950:1747647651445:,1747647653216
counter/2/0/0/0,1643:1747647651247:,1747647653216
counter/4/0/0/0,1951:1747647651445:,1747647653218
counter/2/0/0/0,1644:1747647651247:,1747647653218
counter/6/0/0/0,1728:1747647651404:,1747647653218
counter/1/0/0/0,2335:1747647651906:,1747647653218
counter/6/0/0/0,1729:1747647651404:,1747647653218
counter/8/0/0/0,1929:1747647651260:,1747647653219
counter/7/0/0/0,1631:1747647651297:,1747647653219
counter/4/0/0/0,1952:1747647651445:,1747647653219
counter/7/0/0/0,1632:1747647651297:,1747647653219
counter/7/0/0/0,1633:1747647651297:,1747647653219
counter/7/0/0/0,1634:1747647651298:,1747647653219
counter/7/0/0/0,1635:1747647651298:,1747647653219
counter/7/0/0/0,1636:1747647651298:,1747647653219
counter/7/0/0/0,1637:1747647651298:,1747647653219
counter/4/0/0/0,1953:1747647651445:,1747647653220
counter/2/0/0/0,1645:1747647651247:,1747647653220
counter/4/0/0/0,1954:1747647651445:,1747647653221
counter/4/0/0/0,1955:1747647651446:,1747647653221
counter/4/0/0/0,1956:1747647651478:,1747647653221
counter/4/0/0/0,1957:1747647651478:,1747647653221
counter/6/0/0/0,1730:1747647651404:,1747647653222
counter/1/0/0/0,2336:1747647651906:,1747647653222
counter/1/0/0/0,2337:1747647651906:,1747647653222
counter/1/0/0/0,2338:1747647651906:,1747647653222
counter/1/0/0/0,2339:1747647651906:,1747647653222
counter/4/0/0/0,1958:1747647651478:,1747647653222
counter/4/0/0/0,1959:1747647651478:,1747647653222
counter/4/0/0/0,1960:1747647651484:,1747647653222
counter/6/0/0/0,1731:1747647651404:,1747647653223
counter/6/0/0/0,1732:1747647651404:,1747647653223
counter/6/0/0/0,1733:1747647651404:,1747647653223
counter/6/0/0/0,1734:1747647651404:,1747647653223
counter/6/0/0/0,1735:1747647651404:,1747647653224
counter/2/0/0/0,1646:1747647651247:,1747647653224
counter/6/0/0/0,1736:1747647651404:,1747647653224
counter/6/0/0/0,1737:1747647651404:,1747647653224
counter/4/0/0/0,1961:1747647651484:,1747647653224
counter/6/0/0/0,1738:1747647651407:,1747647653224
counter/6/0/0/0,1739:1747647651407:,1747647653224
counter/1/0/0/0,2340:1747647651906:,1747647653224
counter/1/0/0/0,2341:1747647651906:,1747647653224
counter/1/0/0/0,2342:1747647651906:,1747647653224
counter/5/0/0/0,1751:1747647651244:,1747647653225
counter/5/0/0/0,1752:1747647651245:,1747647653225
counter/9/0/0/0,1894:1747647651535:,1747647653225
counter/6/0/0/0,1740:1747647651407:,1747647653227
counter/1/0/0/0,2343:1747647651911:,1747647653227
counter/5/0/0/0,1753:1747647651245:,1747647653227
counter/10/0/0/0,1690:1747647651525:,1747647653227
counter/10/0/0/0,1691:1747647651525:,1747647653227
counter/10/0/0/0,1692:1747647651525:,1747647653227
counter/10/0/0/0,1693:1747647651525:,1747647653227
counter/10/0/0/0,1694:1747647651525:,1747647653227
counter/10/0/0/0,1695:1747647651525:,1747647653227
counter/10/0/0/0,1696:1747647651525:,1747647653227
counter/10/0/0/0,1697:1747647651525:,1747647653227
counter/10/0/0/0,1698:1747647651525:,1747647653227
counter/10/0/0/0,1699:1747647651525:,1747647653228
counter/10/0/0/0,1700:1747647651525:,1747647653228
counter/10/0/0/0,1701:1747647651526:,1747647653228
counter/2/0/0/0,1647:1747647651247:,1747647653228
counter/2/0/0/0,1648:1747647651247:,1747647653228
counter/6/0/0/0,1741:1747647651407:,1747647653228
counter/6/0/0/0,1742:1747647651407:,1747647653228
counter/1/0/0/0,2344:1747647651913:,1747647653228
counter/6/0/0/0,1743:1747647651407:,1747647653228
counter/10/0/0/0,1702:1747647651526:,1747647653229
counter/10/0/0/0,1703:1747647651535:,1747647653229
counter/10/0/0/0,1704:1747647651535:,1747647653230
counter/10/0/0/0,1705:1747647651535:,1747647653230
counter/10/0/0/0,1706:1747647651535:,1747647653230
counter/10/0/0/0,1707:1747647651535:,1747647653230
counter/10/0/0/0,1708:1747647651543:,1747647653230
counter/10/0/0/0,1709:1747647651543:,1747647653230
counter/10/0/0/0,1710:1747647651574:,1747647653230
counter/10/0/0/0,1711:1747647651574:,1747647653230
counter/5/0/0/0,1754:1747647651245:,1747647653231
counter/8/0/0/0,1930:1747647651260:,1747647653231
counter/8/0/0/0,1931:1747647651260:,1747647653231
counter/4/0/0/0,1962:1747647651484:,1747647653231
counter/7/0/0/0,1638:1747647651300:,1747647653231
counter/6/0/0/0,1744:1747647651407:,1747647653231
counter/3/0/0/0,2006:1747647651405:,1747647653231
counter/2/0/0/0,1649:1747647651247:,1747647653232
counter/5/0/0/0,1755:1747647651245:,1747647653232
counter/1/0/0/0,2345:1747647651913:,1747647653232
counter/6/0/0/0,1745:1747647651407:,1747647653232
counter/8/0/0/0,1932:1747647651260:,1747647653233
counter/10/0/0/0,1712:1747647651574:,1747647653233
counter/3/0/0/0,2007:1747647651405:,1747647653233
counter/3/0/0/0,2008:1747647651405:,1747647653233
counter/3/0/0/0,2009:1747647651405:,1747647653233
counter/3/0/0/0,2010:1747647651415:,1747647653233
counter/3/0/0/0,2011:1747647651415:,1747647653234
counter/3/0/0/0,2012:1747647651415:,1747647653234
counter/3/0/0/0,2013:1747647651415:,1747647653234
counter/3/0/0/0,2014:1747647651420:,1747647653234
counter/3/0/0/0,2015:1747647651420:,1747647653234
counter/3/0/0/0,2016:1747647651420:,1747647653234
counter/3/0/0/0,2017:1747647651420:,1747647653234
counter/9/0/0/0,1895:1747647651535:,1747647653234
counter/4/0/0/0,1963:1747647651484:,1747647653234
counter/8/0/0/0,1933:1747647651260:,1747647653234
counter/5/0/0/0,1756:1747647651245:,1747647653234
counter/7/0/0/0,1639:1747647651300:,1747647653234
counter/3/0/0/0,2018:1747647651420:,1747647653235
counter/6/0/0/0,1746:1747647651408:,1747647653235
counter/7/0/0/0,1640:1747647651300:,1747647653236
counter/6/0/0/0,1747:1747647651408:,1747647653236
counter/9/0/0/0,1896:1747647651537:,1747647653236
counter/6/0/0/0,1748:1747647651408:,1747647653237
counter/8/0/0/0,1934:1747647651260:,1747647653239
counter/5/0/0/0,1757:1747647651250:,1747647653240
counter/5/0/0/0,1758:1747647651250:,1747647653240
counter/5/0/0/0,1759:1747647651250:,1747647653240
counter/5/0/0/0,1760:1747647651250:,1747647653240
counter/5/0/0/0,1761:1747647651250:,1747647653240
counter/5/0/0/0,1762:1747647651252:,1747647653240
counter/5/0/0/0,1763:1747647651252:,1747647653240
counter/5/0/0/0,1764:1747647651252:,1747647653241
counter/10/0/0/0,1713:1747647651574:,1747647653242
counter/4/0/0/0,1964:1747647651484:,1747647653242
counter/3/0/0/0,2019:1747647651420:,1747647653242
counter/6/0/0/0,1749:1747647651408:,1747647653243
counter/6/0/0/0,1750:1747647651418:,1747647653243
counter/6/0/0/0,1751:1747647651418:,1747647653243
counter/5/0/0/0,1765:1747647651252:,1747647653243
counter/10/0/0/0,1714:1747647651574:,1747647653243
counter/4/0/0/0,1965:1747647651484:,1747647653243
counter/1/0/0/0,2346:1747647651925:,1747647653243
counter/1/0/0/0,2347:1747647651925:,1747647653243
counter/1/0/0/0,2348:1747647651925:,1747647653243
counter/1/0/0/0,2349:1747647651925:,1747647653244
counter/1/0/0/0,2350:1747647651925:,1747647653244
counter/1/0/0/0,2351:1747647651925:,1747647653244
counter/1/0/0/0,2352:1747647651925:,1747647653244
counter/1/0/0/0,2353:1747647651925:,1747647653244
counter/1/0/0/0,2354:1747647651925:,1747647653244
counter/1/0/0/0,2355:1747647651937:,1747647653244
counter/4/0/0/0,1966:1747647651484:,1747647653244
counter/10/0/0/0,1715:1747647651576:,1747647653245
counter/8/0/0/0,1935:1747647651260:,1747647653245
counter/8/0/0/0,1936:1747647651260:,1747647653245
counter/8/0/0/0,1937:1747647651260:,1747647653245
counter/8/0/0/0,1938:1747647651260:,1747647653245
counter/8/0/0/0,1939:1747647651264:,1747647653245
counter/8/0/0/0,1940:1747647651265:,1747647653246
counter/8/0/0/0,1941:1747647651265:,1747647653246
counter/2/0/0/0,1650:1747647651247:,1747647653246
counter/2/0/0/0,1651:1747647651247:,1747647653246
counter/2/0/0/0,1652:1747647651247:,1747647653246
counter/2/0/0/0,1653:1747647651247:,1747647653246
counter/2/0/0/0,1654:1747647651247:,1747647653246
counter/2/0/0/0,1655:1747647651247:,1747647653246
counter/2/0/0/0,1656:1747647651247:,1747647653246
counter/2/0/0/0,1657:1747647651247:,1747647653246
counter/2/0/0/0,1658:1747647651248:,1747647653246
counter/5/0/0/0,1766:1747647651252:,1747647653246
counter/10/0/0/0,1716:1747647651576:,1747647653246
counter/10/0/0/0,1717:1747647651576:,1747647653246
counter/10/0/0/0,1718:1747647651576:,1747647653246
counter/6/0/0/0,1752:1747647651418:,1747647653247
counter/6/0/0/0,1753:1747647651418:,1747647653247
counter/6/0/0/0,1754:1747647651418:,1747647653247
counter/6/0/0/0,1755:1747647651419:,1747647653247
counter/6/0/0/0,1756:1747647651419:,1747647653247
counter/5/0/0/0,1767:1747647651252:,1747647653247
counter/10/0/0/0,1719:1747647651576:,1747647653247
counter/7/0/0/0,1641:1747647651300:,1747647653247
counter/7/0/0/0,1642:1747647651300:,1747647653247
counter/7/0/0/0,1643:1747647651300:,1747647653247
counter/7/0/0/0,1644:1747647651300:,1747647653247
counter/7/0/0/0,1645:1747647651300:,1747647653247
counter/7/0/0/0,1646:1747647651300:,1747647653247
counter/7/0/0/0,1647:1747647651300:,1747647653247
counter/7/0/0/0,1648:1747647651300:,1747647653248
counter/7/0/0/0,1649:1747647651300:,1747647653248
counter/1/0/0/0,2356:1747647651937:,1747647653248
counter/1/0/0/0,2357:1747647651937:,1747647653248
counter/1/0/0/0,2358:1747647651937:,1747647653248
counter/1/0/0/0,2359:1747647651940:,1747647653248
counter/1/0/0/0,2360:1747647651941:,1747647653248
counter/1/0/0/0,2361:1747647651944:,1747647653248
counter/1/0/0/0,2362:1747647651944:,1747647653248
counter/1/0/0/0,2363:1747647651944:,1747647653248
counter/1/0/0/0,2364:1747647651944:,1747647653248
counter/1/0/0/0,2365:1747647651944:,1747647653248
counter/1/0/0/0,2366:1747647651944:,1747647653249
counter/6/0/0/0,1757:1747647651419:,1747647653249
counter/3/0/0/0,2020:1747647651420:,1747647653250
counter/4/0/0/0,1967:1747647651484:,1747647653250
counter/6/0/0/0,1758:1747647651419:,1747647653250
counter/4/0/0/0,1968:1747647651484:,1747647653250
counter/5/0/0/0,1768:1747647651252:,1747647653250
counter/5/0/0/0,1769:1747647651252:,1747647653250
counter/5/0/0/0,1770:1747647651252:,1747647653250
counter/5/0/0/0,1771:1747647651252:,1747647653250
counter/5/0/0/0,1772:1747647651261:,1747647653250
counter/2/0/0/0,1659:1747647651248:,1747647653250
counter/10/0/0/0,1720:1747647651576:,1747647653250
counter/1/0/0/0,2367:1747647651944:,1747647653250
counter/10/0/0/0,1721:1747647651576:,1747647653250
counter/7/0/0/0,1650:1747647651304:,1747647653250
counter/4/0/0/0,1969:1747647651487:,1747647653251
counter/5/0/0/0,1773:1747647651261:,1747647653251
counter/4/0/0/0,1970:1747647651487:,1747647653251
counter/1/0/0/0,2368:1747647651944:,1747647653251
counter/1/0/0/0,2369:1747647651944:,1747647653251
counter/1/0/0/0,2370:1747647651951:,1747647653251
counter/1/0/0/0,2371:1747647651951:,1747647653251
counter/1/0/0/0,2372:1747647651951:,1747647653251
counter/1/0/0/0,2373:1747647651951:,1747647653251
counter/1/0/0/0,2374:1747647651951:,1747647653251
counter/1/0/0/0,2375:1747647651951:,1747647653251
counter/1/0/0/0,2376:1747647651952:,1747647653251
counter/4/0/0/0,1971:1747647651494:,1747647653253
counter/2/0/0/0,1660:1747647651248:,1747647653253
counter/10/0/0/0,1722:1747647651576:,1747647653253
counter/3/0/0/0,2021:1747647651420:,1747647653254
counter/10/0/0/0,1723:1747647651577:,1747647653254
counter/7/0/0/0,1651:1747647651304:,1747647653254
counter/9/0/0/0,1897:1747647651537:,1747647653254
counter/1/0/0/0,2377:1747647651952:,1747647653254
counter/1/0/0/0,2378:1747647651952:,1747647653254
counter/1/0/0/0,2379:1747647651952:,1747647653254
counter/1/0/0/0,2380:1747647651952:,1747647653254
counter/1/0/0/0,2381:1747647651952:,1747647653254
counter/1/0/0/0,2382:1747647651952:,1747647653254
counter/1/0/0/0,2383:1747647651952:,1747647653254
counter/1/0/0/0,2384:1747647651952:,1747647653254
counter/1/0/0/0,2385:1747647651952:,1747647653254
counter/1/0/0/0,2386:1747647651952:,1747647653254
counter/6/0/0/0,1759:1747647651419:,1747647653255
counter/4/0/0/0,1972:1747647651494:,1747647653255
counter/2/0/0/0,1661:1747647651248:,1747647653256
counter/6/0/0/0,1760:1747647651419:,1747647653257
counter/4/0/0/0,1973:1747647651494:,1747647653257
counter/6/0/0/0,1761:1747647651419:,1747647653257
counter/6/0/0/0,1762:1747647651419:,1747647653257
counter/6/0/0/0,1763:1747647651419:,1747647653257
counter/6/0/0/0,1764:1747647651419:,1747647653257
counter/6/0/0/0,1765:1747647651419:,1747647653257
counter/5/0/0/0,1774:1747647651261:,1747647653258
counter/9/0/0/0,1898:1747647651537:,1747647653258
counter/9/0/0/0,1899:1747647651537:,1747647653258
counter/9/0/0/0,1900:1747647651537:,1747647653258
counter/9/0/0/0,1901:1747647651537:,1747647653258
counter/9/0/0/0,1902:1747647651537:,1747647653258
counter/9/0/0/0,1903:1747647651537:,1747647653258
counter/8/0/0/0,1942:1747647651265:,1747647653258
counter/2/0/0/0,1662:1747647651248:,1747647653258
counter/2/0/0/0,1663:1747647651248:,1747647653259
counter/2/0/0/0,1664:1747647651248:,1747647653259
counter/2/0/0/0,1665:1747647651248:,1747647653259
counter/2/0/0/0,1666:1747647651248:,1747647653259
counter/2/0/0/0,1667:1747647651248:,1747647653259
counter/2/0/0/0,1668:1747647651248:,1747647653259
counter/2/0/0/0,1669:1747647651248:,1747647653259
counter/2/0/0/0,1670:1747647651248:,1747647653259
counter/2/0/0/0,1671:1747647651248:,1747647653259
counter/6/0/0/0,1766:1747647651419:,1747647653259
counter/3/0/0/0,2022:1747647651420:,1747647653259
counter/3/0/0/0,2023:1747647651421:,1747647653259
counter/1/0/0/0,2387:1747647651955:,1747647653259
counter/1/0/0/0,2388:1747647651955:,1747647653259
counter/4/0/0/0,1974:1747647651494:,1747647653259
counter/8/0/0/0,1943:1747647651265:,1747647653259
counter/9/0/0/0,1904:1747647651537:,1747647653259
counter/9/0/0/0,1905:1747647651537:,1747647653259
counter/3/0/0/0,2024:1747647651421:,1747647653261
counter/10/0/0/0,1724:1747647651577:,1747647653261
counter/4/0/0/0,1975:1747647651494:,1747647653261
counter/8/0/0/0,1944:1747647651265:,1747647653261
counter/8/0/0/0,1945:1747647651265:,1747647653261
counter/7/0/0/0,1652:1747647651304:,1747647653261
counter/4/0/0/0,1976:1747647651494:,1747647653261
counter/3/0/0/0,2025:1747647651421:,1747647653261
counter/9/0/0/0,1906:1747647651540:,1747647653262
counter/9/0/0/0,1907:1747647651540:,1747647653262
counter/8/0/0/0,1946:1747647651265:,1747647653262
counter/3/0/0/0,2026:1747647651427:,1747647653262
counter/3/0/0/0,2027:1747647651427:,1747647653262
counter/9/0/0/0,1908:1747647651541:,1747647653263
counter/9/0/0/0,1909:1747647651541:,1747647653263
counter/9/0/0/0,1910:1747647651541:,1747647653263
counter/9/0/0/0,1911:1747647651541:,1747647653263
counter/9/0/0/0,1912:1747647651541:,1747647653263
counter/9/0/0/0,1913:1747647651541:,1747647653263
counter/9/0/0/0,1914:1747647651541:,1747647653263
counter/9/0/0/0,1915:1747647651541:,1747647653263
counter/9/0/0/0,1916:1747647651541:,1747647653263
counter/9/0/0/0,1917:1747647651541:,1747647653263
counter/9/0/0/0,1918:1747647651541:,1747647653263
counter/9/0/0/0,1919:1747647651541:,1747647653263
counter/9/0/0/0,1920:1747647651541:,1747647653263
counter/9/0/0/0,1921:1747647651541:,1747647653263
counter/6/0/0/0,1767:1747647651419:,1747647653264
counter/9/0/0/0,1922:1747647651542:,1747647653264
counter/9/0/0/0,1923:1747647651542:,1747647653264
counter/8/0/0/0,1947:1747647651280:,1747647653264
counter/9/0/0/0,1924:1747647651542:,1747647653264
counter/5/0/0/0,1775:1747647651261:,1747647653264
counter/9/0/0/0,1925:1747647651542:,1747647653264
counter/1/0/0/0,2389:1747647651955:,1747647653264
counter/1/0/0/0,2390:1747647651955:,1747647653264
counter/3/0/0/0,2028:1747647651427:,1747647653264
counter/7/0/0/0,1653:1747647651304:,1747647653264
counter/7/0/0/0,1654:1747647651305:,1747647653264
counter/4/0/0/0,1977:1747647651498:,1747647653264
counter/4/0/0/0,1978:1747647651498:,1747647653264
counter/4/0/0/0,1979:1747647651498:,1747647653264
counter/4/0/0/0,1980:1747647651498:,1747647653264
counter/4/0/0/0,1981:1747647651498:,1747647653264
counter/4/0/0/0,1982:1747647651498:,1747647653264
counter/10/0/0/0,1725:1747647651577:,1747647653265
counter/10/0/0/0,1726:1747647651577:,1747647653265
counter/2/0/0/0,1672:1747647651248:,1747647653265
counter/2/0/0/0,1673:1747647651248:,1747647653265
counter/2/0/0/0,1674:1747647651248:,1747647653265
counter/2/0/0/0,1675:1747647651248:,1747647653265
counter/2/0/0/0,1676:1747647651248:,1747647653265
counter/2/0/0/0,1677:1747647651248:,1747647653265
counter/2/0/0/0,1678:1747647651248:,1747647653265
counter/2/0/0/0,1679:1747647651248:,1747647653265
counter/2/0/0/0,1680:1747647651248:,1747647653265
counter/2/0/0/0,1681:1747647651248:,1747647653266
counter/2/0/0/0,1682:1747647651248:,1747647653266
counter/2/0/0/0,1683:1747647651250:,1747647653266
counter/2/0/0/0,1684:1747647651251:,1747647653266
counter/10/0/0/0,1727:1747647651577:,1747647653266
counter/5/0/0/0,1776:1747647651261:,1747647653266
counter/7/0/0/0,1655:1747647651305:,1747647653266
counter/5/0/0/0,1777:1747647651262:,1747647653266
counter/5/0/0/0,1778:1747647651262:,1747647653266
counter/5/0/0/0,1779:1747647651262:,1747647653266
counter/5/0/0/0,1780:1747647651262:,1747647653266
counter/5/0/0/0,1781:1747647651262:,1747647653266
counter/5/0/0/0,1782:1747647651262:,1747647653266
counter/5/0/0/0,1783:1747647651262:,1747647653266
counter/5/0/0/0,1784:1747647651262:,1747647653266
counter/5/0/0/0,1785:1747647651263:,1747647653266
counter/7/0/0/0,1656:1747647651305:,1747647653266
counter/7/0/0/0,1657:1747647651305:,1747647653266
counter/7/0/0/0,1658:1747647651305:,1747647653266
counter/7/0/0/0,1659:1747647651305:,1747647653267
counter/7/0/0/0,1660:1747647651305:,1747647653267
counter/7/0/0/0,1661:1747647651305:,1747647653267
counter/7/0/0/0,1662:1747647651305:,1747647653267
counter/7/0/0/0,1663:1747647651305:,1747647653267
counter/7/0/0/0,1664:1747647651305:,1747647653267
counter/7/0/0/0,1665:1747647651305:,1747647653267
counter/7/0/0/0,1666:1747647651305:,1747647653267
counter/7/0/0/0,1667:1747647651305:,1747647653267
counter/4/0/0/0,1983:1747647651498:,1747647653268
counter/8/0/0/0,1948:1747647651280:,1747647653268
counter/4/0/0/0,1984:1747647651498:,1747647653268
counter/7/0/0/0,1668:1747647651305:,1747647653268
counter/7/0/0/0,1669:1747647651305:,1747647653268
counter/7/0/0/0,1670:1747647651305:,1747647653268
counter/1/0/0/0,2391:1747647651955:,1747647653268
counter/6/0/0/0,1768:1747647651420:,1747647653268
counter/1/0/0/0,2392:1747647651955:,1747647653268
counter/6/0/0/0,1769:1747647651422:,1747647653268
counter/3/0/0/0,2029:1747647651427:,1747647653268
counter/3/0/0/0,2030:1747647651427:,1747647653270
counter/9/0/0/0,1926:1747647651547:,1747647653270
counter/5/0/0/0,1786:1747647651263:,1747647653270
counter/10/0/0/0,1728:1747647651577:,1747647653270
counter/3/0/0/0,2031:1747647651427:,1747647653272
counter/6/0/0/0,1770:1747647651422:,1747647653272
counter/5/0/0/0,1787:1747647651263:,1747647653272
counter/5/0/0/0,1788:1747647651263:,1747647653272
counter/10/0/0/0,1729:1747647651577:,1747647653272
counter/5/0/0/0,1789:1747647651263:,1747647653272
counter/2/0/0/0,1685:1747647651251:,1747647653272
counter/2/0/0/0,1686:1747647651251:,1747647653272
counter/2/0/0/0,1687:1747647651251:,1747647653272
counter/2/0/0/0,1688:1747647651253:,1747647653272
counter/2/0/0/0,1689:1747647651253:,1747647653272
counter/6/0/0/0,1771:1747647651422:,1747647653272
counter/10/0/0/0,1730:1747647651578:,1747647653273
counter/6/0/0/0,1772:1747647651422:,1747647653273
counter/10/0/0/0,1731:1747647651578:,1747647653273
counter/10/0/0/0,1732:1747647651578:,1747647653273
counter/10/0/0/0,1733:1747647651578:,1747647653273
counter/10/0/0/0,1734:1747647651578:,1747647653273
counter/10/0/0/0,1735:1747647651578:,1747647653273
counter/10/0/0/0,1736:1747647651578:,1747647653273
counter/10/0/0/0,1737:1747647651578:,1747647653273
counter/8/0/0/0,1949:1747647651280:,1747647653273
counter/10/0/0/0,1738:1747647651578:,1747647653273
counter/10/0/0/0,1739:1747647651578:,1747647653273
counter/5/0/0/0,1790:1747647651263:,1747647653274
counter/3/0/0/0,2032:1747647651464:,1747647653274
counter/1/0/0/0,2393:1747647651955:,1747647653274
counter/10/0/0/0,1740:1747647651578:,1747647653274
counter/10/0/0/0,1741:1747647651585:,1747647653274
counter/10/0/0/0,1742:1747647651585:,1747647653274
counter/4/0/0/0,1985:1747647651507:,1747647653274
counter/8/0/0/0,1950:1747647651280:,1747647653274
counter/4/0/0/0,1986:1747647651507:,1747647653274
counter/4/0/0/0,1987:1747647651507:,1747647653274
counter/4/0/0/0,1988:1747647651507:,1747647653274
counter/4/0/0/0,1989:1747647651507:,1747647653274
counter/5/0/0/0,1791:1747647651263:,1747647653275
counter/5/0/0/0,1792:1747647651274:,1747647653275
counter/5/0/0/0,1793:1747647651274:,1747647653275
counter/5/0/0/0,1794:1747647651274:,1747647653275
counter/5/0/0/0,1795:1747647651274:,1747647653275
counter/5/0/0/0,1796:1747647651274:,1747647653275
counter/5/0/0/0,1797:1747647651274:,1747647653275
counter/5/0/0/0,1798:1747647651274:,1747647653276
counter/5/0/0/0,1799:1747647651274:,1747647653276
counter/5/0/0/0,1800:1747647651274:,1747647653276
counter/2/0/0/0,1690:1747647651253:,1747647653276
counter/2/0/0/0,1691:1747647651253:,1747647653276
counter/2/0/0/0,1692:1747647651261:,1747647653276
counter/2/0/0/0,1693:1747647651261:,1747647653276
counter/2/0/0/0,1694:1747647651261:,1747647653276
counter/2/0/0/0,1695:1747647651261:,1747647653276
counter/2/0/0/0,1696:1747647651261:,1747647653276
counter/4/0/0/0,1990:1747647651507:,1747647653276
counter/7/0/0/0,1671:1747647651307:,1747647653277
counter/7/0/0/0,1672:1747647651307:,1747647653277
counter/7/0/0/0,1673:1747647651307:,1747647653277
counter/7/0/0/0,1674:1747647651307:,1747647653277
counter/7/0/0/0,1675:1747647651307:,1747647653277
counter/7/0/0/0,1676:1747647651307:,1747647653277
counter/7/0/0/0,1677:1747647651307:,1747647653277
counter/7/0/0/0,1678:1747647651307:,1747647653277
counter/7/0/0/0,1679:1747647651307:,1747647653277
counter/7/0/0/0,1680:1747647651307:,1747647653277
counter/2/0/0/0,1697:1747647651261:,1747647653278
counter/2/0/0/0,1698:1747647651261:,1747647653278
counter/2/0/0/0,1699:1747647651261:,1747647653278
counter/2/0/0/0,1700:1747647651261:,1747647653278
counter/10/0/0/0,1743:1747647651586:,1747647653278
counter/2/0/0/0,1701:1747647651261:,1747647653278
counter/2/0/0/0,1702:1747647651261:,1747647653278
counter/2/0/0/0,1703:1747647651261:,1747647653278
counter/2/0/0/0,1704:1747647651261:,1747647653278
counter/2/0/0/0,1705:1747647651261:,1747647653278
counter/2/0/0/0,1706:1747647651261:,1747647653278
counter/10/0/0/0,1744:1747647651586:,1747647653278
counter/10/0/0/0,1745:1747647651586:,1747647653278
counter/10/0/0/0,1746:1747647651586:,1747647653279
counter/10/0/0/0,1747:1747647651586:,1747647653279
counter/10/0/0/0,1748:1747647651586:,1747647653279
counter/10/0/0/0,1749:1747647651586:,1747647653279
counter/10/0/0/0,1750:1747647651586:,1747647653279
counter/7/0/0/0,1681:1747647651307:,1747647653279
counter/7/0/0/0,1682:1747647651307:,1747647653279
counter/7/0/0/0,1683:1747647651307:,1747647653279
counter/7/0/0/0,1684:1747647651307:,1747647653279
counter/7/0/0/0,1685:1747647651307:,1747647653279
counter/7/0/0/0,1686:1747647651307:,1747647653279
counter/3/0/0/0,2033:1747647651474:,1747647653279
counter/1/0/0/0,2394:1747647651955:,1747647653279
counter/1/0/0/0,2395:1747647651955:,1747647653279
counter/5/0/0/0,1801:1747647651274:,1747647653279
counter/5/0/0/0,1802:1747647651274:,1747647653279
counter/5/0/0/0,1803:1747647651274:,1747647653279
counter/5/0/0/0,1804:1747647651274:,1747647653279
counter/10/0/0/0,1751:1747647651586:,1747647653279
counter/10/0/0/0,1752:1747647651586:,1747647653279
counter/10/0/0/0,1753:1747647651606:,1747647653279
counter/10/0/0/0,1754:1747647651606:,1747647653280
counter/7/0/0/0,1687:1747647651307:,1747647653280
counter/9/0/0/0,1927:1747647651550:,1747647653280
counter/8/0/0/0,1951:1747647651280:,1747647653280
counter/4/0/0/0,1991:1747647651507:,1747647653280
counter/4/0/0/0,1992:1747647651507:,1747647653280
counter/4/0/0/0,1993:1747647651507:,1747647653280
counter/2/0/0/0,1707:1747647651261:,1747647653280
counter/1/0/0/0,2396:1747647651955:,1747647653280
counter/1/0/0/0,2397:1747647651955:,1747647653280
counter/5/0/0/0,1805:1747647651274:,1747647653280
counter/5/0/0/0,1806:1747647651274:,1747647653280
counter/5/0/0/0,1807:1747647651280:,1747647653280
counter/5/0/0/0,1808:1747647651280:,1747647653280
counter/10/0/0/0,1755:1747647651606:,1747647653280
counter/3/0/0/0,2034:1747647651474:,1747647653281
counter/2/0/0/0,1708:1747647651261:,1747647653281
counter/4/0/0/0,1994:1747647651510:,1747647653281
counter/4/0/0/0,1995:1747647651510:,1747647653281
counter/1/0/0/0,2398:1747647651955:,1747647653281
counter/10/0/0/0,1756:1747647651606:,1747647653281
counter/2/0/0/0,1709:1747647651261:,1747647653281
counter/2/0/0/0,1710:1747647651264:,1747647653282
counter/2/0/0/0,1711:1747647651264:,1747647653282
counter/2/0/0/0,1712:1747647651264:,1747647653282
counter/2/0/0/0,1713:1747647651264:,1747647653282
counter/2/0/0/0,1714:1747647651264:,1747647653282
counter/2/0/0/0,1715:1747647651264:,1747647653282
counter/2/0/0/0,1716:1747647651264:,1747647653282
counter/1/0/0/0,2399:1747647651955:,1747647653282
counter/8/0/0/0,1952:1747647651280:,1747647653282
counter/1/0/0/0,2400:1747647651955:,1747647653282
counter/8/0/0/0,1953:1747647651280:,1747647653282
counter/8/0/0/0,1954:1747647651280:,1747647653282
counter/8/0/0/0,1955:1747647651280:,1747647653282
counter/8/0/0/0,1956:1747647651280:,1747647653282
counter/8/0/0/0,1957:1747647651280:,1747647653282
counter/8/0/0/0,1958:1747647651281:,1747647653282
counter/8/0/0/0,1959:1747647651283:,1747647653282
counter/8/0/0/0,1960:1747647651284:,1747647653282
counter/8/0/0/0,1961:1747647651284:,1747647653282
counter/8/0/0/0,1962:1747647651284:,1747647653282
counter/8/0/0/0,1963:1747647651284:,1747647653282
counter/8/0/0/0,1964:1747647651284:,1747647653282
counter/2/0/0/0,1717:1747647651264:,1747647653282
counter/8/0/0/0,1965:1747647651284:,1747647653282
counter/4/0/0/0,1996:1747647651510:,1747647653283
counter/2/0/0/0,1718:1747647651264:,1747647653283
counter/2/0/0/0,1719:1747647651264:,1747647653283
counter/2/0/0/0,1720:1747647651265:,1747647653283
counter/2/0/0/0,1721:1747647651265:,1747647653283
counter/2/0/0/0,1722:1747647651265:,1747647653283
counter/2/0/0/0,1723:1747647651265:,1747647653283
counter/2/0/0/0,1724:1747647651265:,1747647653283
counter/10/0/0/0,1757:1747647651606:,1747647653283
counter/2/0/0/0,1725:1747647651265:,1747647653283
counter/10/0/0/0,1758:1747647651606:,1747647653283
counter/4/0/0/0,1997:1747647651510:,1747647653283
counter/2/0/0/0,1726:1747647651265:,1747647653284
counter/2/0/0/0,1727:1747647651272:,1747647653284
counter/2/0/0/0,1728:1747647651278:,1747647653284
counter/2/0/0/0,1729:1747647651290:,1747647653284
counter/2/0/0/0,1730:1747647651291:,1747647653284
counter/2/0/0/0,1731:1747647651291:,1747647653284
counter/2/0/0/0,1732:1747647651291:,1747647653284
counter/2/0/0/0,1733:1747647651291:,1747647653284
counter/2/0/0/0,1734:1747647651291:,1747647653284
counter/2/0/0/0,1735:1747647651291:,1747647653284
counter/1/0/0/0,2401:1747647651955:,1747647653284
counter/3/0/0/0,2035:1747647651474:,1747647653284
counter/2/0/0/0,1736:1747647651292:,1747647653284
counter/1/0/0/0,2402:1747647651955:,1747647653285
counter/2/0/0/0,1737:1747647651293:,1747647653286
counter/5/0/0/0,1809:1747647651280:,1747647653286
counter/7/0/0/0,1688:1747647651307:,1747647653286
counter/7/0/0/0,1689:1747647651307:,1747647653286
counter/7/0/0/0,1690:1747647651307:,1747647653286
counter/7/0/0/0,1691:1747647651307:,1747647653286
counter/7/0/0/0,1692:1747647651307:,1747647653286
counter/4/0/0/0,1998:1747647651510:,1747647653286
counter/7/0/0/0,1693:1747647651307:,1747647653286
counter/7/0/0/0,1694:1747647651307:,1747647653286
counter/7/0/0/0,1695:1747647651307:,1747647653286
counter/6/0/0/0,1773:1747647651422:,1747647653286
counter/5/0/0/0,1810:1747647651280:,1747647653287
counter/7/0/0/0,1696:1747647651307:,1747647653287
counter/5/0/0/0,1811:1747647651280:,1747647653287
counter/1/0/0/0,2403:1747647651986:,1747647653287
counter/4/0/0/0,1999:1747647651510:,1747647653287
counter/4/0/0/0,2000:1747647651510:,1747647653287
counter/4/0/0/0,2001:1747647651510:,1747647653287
counter/4/0/0/0,2002:1747647651510:,1747647653287
counter/4/0/0/0,2003:1747647651510:,1747647653287
counter/4/0/0/0,2004:1747647651510:,1747647653287
counter/4/0/0/0,2005:1747647651510:,1747647653287
counter/1/0/0/0,2404:1747647651986:,1747647653287
counter/10/0/0/0,1759:1747647651606:,1747647653287
counter/10/0/0/0,1760:1747647651606:,1747647653287
counter/10/0/0/0,1761:1747647651606:,1747647653287
counter/10/0/0/0,1762:1747647651606:,1747647653287
counter/10/0/0/0,1763:1747647651606:,1747647653288
counter/5/0/0/0,1812:1747647651280:,1747647653288
counter/5/0/0/0,1813:1747647651282:,1747647653288
counter/5/0/0/0,1814:1747647651282:,1747647653288
counter/5/0/0/0,1815:1747647651282:,1747647653288
counter/5/0/0/0,1816:1747647651282:,1747647653288
counter/5/0/0/0,1817:1747647651282:,1747647653288
counter/5/0/0/0,1818:1747647651282:,1747647653288
counter/5/0/0/0,1819:1747647651282:,1747647653288
counter/5/0/0/0,1820:1747647651282:,1747647653288
counter/5/0/0/0,1821:1747647651282:,1747647653288
counter/5/0/0/0,1822:1747647651282:,1747647653288
counter/4/0/0/0,2006:1747647651510:,1747647653289
counter/4/0/0/0,2007:1747647651517:,1747647653289
counter/4/0/0/0,2008:1747647651517:,1747647653289
counter/4/0/0/0,2009:1747647651517:,1747647653289
counter/4/0/0/0,2010:1747647651517:,1747647653290
counter/4/0/0/0,2011:1747647651517:,1747647653290
counter/4/0/0/0,2012:1747647651517:,1747647653290
counter/4/0/0/0,2013:1747647651517:,1747647653290
counter/4/0/0/0,2014:1747647651517:,1747647653290
counter/4/0/0/0,2015:1747647651517:,1747647653290
counter/4/0/0/0,2016:1747647651518:,1747647653290
counter/4/0/0/0,2017:1747647651518:,1747647653290
counter/4/0/0/0,2018:1747647651518:,1747647653290
counter/4/0/0/0,2019:1747647651518:,1747647653290
counter/4/0/0/0,2020:1747647651518:,1747647653290
counter/4/0/0/0,2021:1747647651518:,1747647653291
counter/5/0/0/0,1823:1747647651282:,1747647653291
counter/5/0/0/0,1824:1747647651282:,1747647653291
counter/5/0/0/0,1825:1747647651282:,1747647653291
counter/5/0/0/0,1826:1747647651282:,1747647653291
counter/5/0/0/0,1827:1747647651290:,1747647653291
counter/5/0/0/0,1828:1747647651290:,1747647653291
counter/5/0/0/0,1829:1747647651290:,1747647653291
counter/5/0/0/0,1830:1747647651290:,1747647653291
counter/5/0/0/0,1831:1747647651290:,1747647653291
counter/3/0/0/0,2036:1747647651474:,1747647653291
counter/2/0/0/0,1738:1747647651293:,1747647653292
counter/3/0/0/0,2037:1747647651474:,1747647653292
counter/2/0/0/0,1739:1747647651293:,1747647653292
counter/8/0/0/0,1966:1747647651284:,1747647653292
counter/8/0/0/0,1967:1747647651284:,1747647653292
counter/8/0/0/0,1968:1747647651284:,1747647653292
counter/8/0/0/0,1969:1747647651284:,1747647653292
counter/8/0/0/0,1970:1747647651284:,1747647653292
counter/8/0/0/0,1971:1747647651284:,1747647653292
counter/8/0/0/0,1972:1747647651284:,1747647653292
counter/8/0/0/0,1973:1747647651284:,1747647653292
counter/4/0/0/0,2022:1747647651518:,1747647653294
counter/3/0/0/0,2038:1747647651474:,1747647653294
counter/5/0/0/0,1832:1747647651290:,1747647653294
counter/7/0/0/0,1697:1747647651307:,1747647653294
counter/7/0/0/0,1698:1747647651307:,1747647653294
counter/7/0/0/0,1699:1747647651307:,1747647653294
counter/7/0/0/0,1700:1747647651307:,1747647653294
counter/2/0/0/0,1740:1747647651293:,1747647653295
counter/1/0/0/0,2405:1747647651986:,1747647653295
counter/1/0/0/0,2406:1747647651986:,1747647653295
counter/10/0/0/0,1764:1747647651608:,1747647653296
counter/3/0/0/0,2039:1747647651475:,1747647653296
counter/2/0/0/0,1741:1747647651293:,1747647653296
counter/3/0/0/0,2040:1747647651475:,1747647653296
counter/3/0/0/0,2041:1747647651476:,1747647653296
counter/3/0/0/0,2042:1747647651476:,1747647653296
counter/3/0/0/0,2043:1747647651476:,1747647653296
counter/3/0/0/0,2044:1747647651476:,1747647653296
counter/3/0/0/0,2045:1747647651476:,1747647653296
counter/3/0/0/0,2046:1747647651476:,1747647653296
counter/7/0/0/0,1701:1747647651307:,1747647653296
counter/7/0/0/0,1702:1747647651308:,1747647653296
counter/7/0/0/0,1703:1747647651308:,1747647653296
counter/7/0/0/0,1704:1747647651308:,1747647653296
counter/9/0/0/0,1928:1747647651550:,1747647653296
counter/2/0/0/0,1742:1747647651293:,1747647653296
counter/5/0/0/0,1833:1747647651290:,1747647653297
counter/5/0/0/0,1834:1747647651290:,1747647653297
counter/5/0/0/0,1835:1747647651290:,1747647653297
counter/5/0/0/0,1836:1747647651292:,1747647653297
counter/5/0/0/0,1837:1747647651292:,1747647653297
counter/3/0/0/0,2047:1747647651476:,1747647653297
counter/7/0/0/0,1705:1747647651308:,1747647653297
counter/3/0/0/0,2048:1747647651476:,1747647653297
counter/3/0/0/0,2049:1747647651476:,1747647653297
counter/3/0/0/0,2050:1747647651476:,1747647653297
counter/3/0/0/0,2051:1747647651476:,1747647653297
counter/5/0/0/0,1838:1747647651292:,1747647653298
counter/5/0/0/0,1839:1747647651292:,1747647653298
counter/5/0/0/0,1840:1747647651292:,1747647653298
counter/5/0/0/0,1841:1747647651292:,1747647653298
counter/5/0/0/0,1842:1747647651292:,1747647653298
counter/5/0/0/0,1843:1747647651292:,1747647653298
counter/2/0/0/0,1743:1747647651293:,1747647653298
counter/2/0/0/0,1744:1747647651293:,1747647653298
counter/2/0/0/0,1745:1747647651294:,1747647653298
counter/2/0/0/0,1746:1747647651298:,1747647653298
counter/2/0/0/0,1747:1747647651298:,1747647653298
counter/2/0/0/0,1748:1747647651298:,1747647653298
counter/2/0/0/0,1749:1747647651298:,1747647653298
counter/2/0/0/0,1750:1747647651298:,1747647653298
counter/2/0/0/0,1751:1747647651298:,1747647653298
counter/3/0/0/0,2052:1747647651476:,1747647653298
counter/1/0/0/0,2407:1747647651986:,1747647653298
counter/4/0/0/0,2023:1747647651518:,1747647653298
counter/5/0/0/0,1844:1747647651292:,1747647653299
counter/5/0/0/0,1845:1747647651292:,1747647653299
counter/5/0/0/0,1846:1747647651292:,1747647653299
counter/5/0/0/0,1847:1747647651292:,1747647653299
counter/7/0/0/0,1706:1747647651308:,1747647653299
counter/7/0/0/0,1707:1747647651308:,1747647653299
counter/8/0/0/0,1974:1747647651284:,1747647653299
counter/8/0/0/0,1975:1747647651284:,1747647653299
counter/1/0/0/0,2408:1747647651986:,1747647653299
counter/3/0/0/0,2053:1747647651476:,1747647653303
counter/10/0/0/0,1765:1747647651608:,1747647653303
counter/3/0/0/0,2054:1747647651479:,1747647653303
counter/3/0/0/0,2055:1747647651479:,1747647653303
counter/1/0/0/0,2409:1747647651986:,1747647653303
counter/5/0/0/0,1848:1747647651292:,1747647653303
counter/5/0/0/0,1849:1747647651292:,1747647653305
counter/5/0/0/0,1850:1747647651292:,1747647653305
counter/4/0/0/0,2024:1747647651518:,1747647653305
counter/7/0/0/0,1708:1747647651308:,1747647653306
counter/8/0/0/0,1976:1747647651284:,1747647653306
counter/8/0/0/0,1977:1747647651284:,1747647653306
counter/8/0/0/0,1978:1747647651284:,1747647653306
counter/8/0/0/0,1979:1747647651284:,1747647653307
counter/8/0/0/0,1980:1747647651284:,1747647653307
counter/8/0/0/0,1981:1747647651284:,1747647653307
counter/6/0/0/0,1774:1747647651422:,1747647653307
counter/6/0/0/0,1775:1747647651422:,1747647653307
counter/6/0/0/0,1776:1747647651422:,1747647653307
counter/6/0/0/0,1777:1747647651422:,1747647653307
counter/5/0/0/0,1851:1747647651292:,1747647653308
counter/4/0/0/0,2025:1747647651518:,1747647653308
counter/1/0/0/0,2410:1747647651986:,1747647653308
counter/7/0/0/0,1709:1747647651308:,1747647653308
counter/7/0/0/0,1710:1747647651308:,1747647653308
counter/7/0/0/0,1711:1747647651309:,1747647653308
counter/7/0/0/0,1712:1747647651309:,1747647653308
counter/7/0/0/0,1713:1747647651309:,1747647653308
counter/7/0/0/0,1714:1747647651314:,1747647653308
counter/7/0/0/0,1715:1747647651314:,1747647653308
counter/7/0/0/0,1716:1747647651314:,1747647653308
counter/7/0/0/0,1717:1747647651314:,1747647653308
counter/9/0/0/0,1929:1747647651550:,1747647653308
counter/9/0/0/0,1930:1747647651550:,1747647653308
counter/9/0/0/0,1931:1747647651550:,1747647653308
counter/9/0/0/0,1932:1747647651551:,1747647653308
counter/9/0/0/0,1933:1747647651551:,1747647653308
counter/9/0/0/0,1934:1747647651551:,1747647653308
counter/9/0/0/0,1935:1747647651551:,1747647653309
counter/5/0/0/0,1852:1747647651292:,1747647653309
counter/5/0/0/0,1853:1747647651292:,1747647653309
counter/5/0/0/0,1854:1747647651292:,1747647653309
counter/5/0/0/0,1855:1747647651292:,1747647653309
counter/5/0/0/0,1856:1747647651292:,1747647653309
counter/5/0/0/0,1857:1747647651292:,1747647653309
counter/5/0/0/0,1858:1747647651292:,1747647653309
counter/4/0/0/0,2026:1747647651518:,1747647653309
counter/9/0/0/0,1936:1747647651551:,1747647653309
counter/4/0/0/0,2027:1747647651518:,1747647653310
counter/9/0/0/0,1937:1747647651551:,1747647653310
counter/4/0/0/0,2028:1747647651518:,1747647653311
counter/10/0/0/0,1766:1747647651608:,1747647653311
counter/10/0/0/0,1767:1747647651608:,1747647653311
counter/9/0/0/0,1938:1747647651551:,1747647653311
counter/10/0/0/0,1768:1747647651610:,1747647653311
counter/8/0/0/0,1982:1747647651284:,1747647653311
counter/5/0/0/0,1859:1747647651292:,1747647653311
counter/10/0/0/0,1769:1747647651610:,1747647653311
counter/10/0/0/0,1770:1747647651610:,1747647653311
counter/10/0/0/0,1771:1747647651610:,1747647653312
counter/10/0/0/0,1772:1747647651610:,1747647653312
counter/10/0/0/0,1773:1747647651610:,1747647653312
counter/10/0/0/0,1774:1747647651610:,1747647653312
counter/10/0/0/0,1775:1747647651610:,1747647653312
counter/7/0/0/0,1718:1747647651314:,1747647653312
counter/4/0/0/0,2029:1747647651518:,1747647653312
counter/7/0/0/0,1719:1747647651314:,1747647653312
counter/9/0/0/0,1939:1747647651551:,1747647653312
counter/9/0/0/0,1940:1747647651551:,1747647653312
counter/9/0/0/0,1941:1747647651551:,1747647653312
counter/5/0/0/0,1860:1747647651292:,1747647653312
counter/10/0/0/0,1776:1747647651611:,1747647653312
counter/6/0/0/0,1778:1747647651422:,1747647653312
counter/2/0/0/0,1752:1747647651298:,1747647653313
counter/2/0/0/0,1753:1747647651298:,1747647653313
counter/10/0/0/0,1777:1747647651611:,1747647653314
counter/10/0/0/0,1778:1747647651611:,1747647653314
counter/4/0/0/0,2030:1747647651519:,1747647653315
counter/4/0/0/0,2031:1747647651519:,1747647653315
counter/4/0/0/0,2032:1747647651519:,1747647653315
counter/4/0/0/0,2033:1747647651519:,1747647653315
counter/1/0/0/0,2411:1747647651987:,1747647653315
counter/5/0/0/0,1861:1747647651292:,1747647653315
counter/10/0/0/0,1779:1747647651611:,1747647653315
counter/10/0/0/0,1780:1747647651611:,1747647653316
counter/2/0/0/0,1754:1747647651298:,1747647653316
counter/2/0/0/0,1755:1747647651298:,1747647653316
counter/6/0/0/0,1779:1747647651422:,1747647653316
counter/6/0/0/0,1780:1747647651422:,1747647653317
counter/4/0/0/0,2034:1747647651519:,1747647653317
counter/3/0/0/0,2056:1747647651479:,1747647653318
counter/6/0/0/0,1781:1747647651422:,1747647653319
counter/4/0/0/0,2035:1747647651519:,1747647653319
counter/4/0/0/0,2036:1747647651519:,1747647653319
counter/4/0/0/0,2037:1747647651519:,1747647653319
counter/1/0/0/0,2412:1747647651987:,1747647653319
counter/1/0/0/0,2413:1747647651987:,1747647653319
counter/3/0/0/0,2057:1747647651479:,1747647653319
counter/3/0/0/0,2058:1747647651479:,1747647653319
counter/7/0/0/0,1720:1747647651314:,1747647653320
counter/7/0/0/0,1721:1747647651314:,1747647653320
counter/7/0/0/0,1722:1747647651314:,1747647653320
counter/5/0/0/0,1862:1747647651292:,1747647653322
counter/2/0/0/0,1756:1747647651298:,1747647653322
counter/10/0/0/0,1781:1747647651611:,1747647653322
counter/9/0/0/0,1942:1747647651552:,1747647653322
counter/9/0/0/0,1943:1747647651552:,1747647653322
counter/3/0/0/0,2059:1747647651479:,1747647653323
counter/7/0/0/0,1723:1747647651314:,1747647653323
counter/7/0/0/0,1724:1747647651314:,1747647653323
counter/7/0/0/0,1725:1747647651315:,1747647653323
counter/7/0/0/0,1726:1747647651315:,1747647653323
counter/7/0/0/0,1727:1747647651315:,1747647653324
counter/7/0/0/0,1728:1747647651315:,1747647653324
counter/7/0/0/0,1729:1747647651315:,1747647653324
counter/7/0/0/0,1730:1747647651315:,1747647653325
counter/7/0/0/0,1731:1747647651316:,1747647653325
counter/7/0/0/0,1732:1747647651316:,1747647653325
counter/7/0/0/0,1733:1747647651316:,1747647653325
counter/7/0/0/0,1734:1747647651316:,1747647653325
counter/7/0/0/0,1735:1747647651316:,1747647653325
counter/7/0/0/0,1736:1747647651316:,1747647653325
counter/7/0/0/0,1737:1747647651316:,1747647653325
counter/7/0/0/0,1738:1747647651316:,1747647653325
counter/7/0/0/0,1739:1747647651317:,1747647653325
counter/7/0/0/0,1740:1747647651317:,1747647653325
counter/8/0/0/0,1983:1747647651284:,1747647653325
counter/6/0/0/0,1782:1747647651422:,1747647653325
counter/4/0/0/0,2038:1747647651519:,1747647653325
counter/1/0/0/0,2414:1747647651987:,1747647653326
counter/7/0/0/0,1741:1747647651321:,1747647653326
counter/9/0/0/0,1944:1747647651552:,1747647653326
counter/10/0/0/0,1782:1747647651611:,1747647653326
counter/10/0/0/0,1783:1747647651611:,1747647653326
counter/10/0/0/0,1784:1747647651619:,1747647653326
counter/5/0/0/0,1863:1747647651292:,1747647653327
counter/5/0/0/0,1864:1747647651292:,1747647653327
counter/3/0/0/0,2060:1747647651480:,1747647653327
counter/3/0/0/0,2061:1747647651480:,1747647653328
counter/3/0/0/0,2062:1747647651480:,1747647653328
counter/3/0/0/0,2063:1747647651480:,1747647653328
counter/3/0/0/0,2064:1747647651480:,1747647653328
counter/3/0/0/0,2065:1747647651480:,1747647653328
counter/3/0/0/0,2066:1747647651480:,1747647653328
counter/3/0/0/0,2067:1747647651480:,1747647653328
counter/10/0/0/0,1785:1747647651619:,1747647653328
counter/3/0/0/0,2068:1747647651480:,1747647653328
counter/2/0/0/0,1757:1747647651298:,1747647653328
counter/5/0/0/0,1865:1747647651292:,1747647653328
counter/5/0/0/0,1866:1747647651292:,1747647653328
counter/5/0/0/0,1867:1747647651292:,1747647653328
counter/3/0/0/0,2069:1747647651490:,1747647653328
counter/7/0/0/0,1742:1747647651321:,1747647653329
counter/6/0/0/0,1783:1747647651422:,1747647653329
counter/2/0/0/0,1758:1747647651298:,1747647653330
counter/5/0/0/0,1868:1747647651292:,1747647653330
counter/4/0/0/0,2039:1747647651519:,1747647653331
counter/4/0/0/0,2040:1747647651519:,1747647653332
counter/4/0/0/0,2041:1747647651519:,1747647653332
counter/7/0/0/0,1743:1747647651321:,1747647653332
counter/8/0/0/0,1984:1747647651284:,1747647653333
counter/4/0/0/0,2042:1747647651519:,1747647653333
counter/4/0/0/0,2043:1747647651519:,1747647653333
counter/4/0/0/0,2044:1747647651519:,1747647653333
counter/4/0/0/0,2045:1747647651523:,1747647653333
counter/9/0/0/0,1945:1747647651552:,1747647653333
counter/9/0/0/0,1946:1747647651552:,1747647653333
counter/9/0/0/0,1947:1747647651552:,1747647653333
counter/9/0/0/0,1948:1747647651552:,1747647653333
counter/10/0/0/0,1786:1747647651619:,1747647653334
counter/1/0/0/0,2415:1747647651987:,1747647653335
counter/4/0/0/0,2046:1747647651523:,1747647653335
counter/4/0/0/0,2047:1747647651523:,1747647653335
counter/4/0/0/0,2048:1747647651523:,1747647653335
counter/4/0/0/0,2049:1747647651524:,1747647653335
counter/4/0/0/0,2050:1747647651524:,1747647653335
counter/9/0/0/0,1949:1747647651552:,1747647653335
counter/9/0/0/0,1950:1747647651552:,1747647653335
counter/9/0/0/0,1951:1747647651552:,1747647653335
counter/9/0/0/0,1952:1747647651552:,1747647653335
counter/3/0/0/0,2070:1747647651490:,1747647653335
counter/3/0/0/0,2071:1747647651490:,1747647653336
counter/3/0/0/0,2072:1747647651490:,1747647653336
counter/3/0/0/0,2073:1747647651490:,1747647653336
counter/3/0/0/0,2074:1747647651490:,1747647653336
counter/3/0/0/0,2075:1747647651490:,1747647653336
counter/3/0/0/0,2076:1747647651490:,1747647653336
counter/3/0/0/0,2077:1747647651490:,1747647653336
counter/3/0/0/0,2078:1747647651490:,1747647653336
counter/3/0/0/0,2079:1747647651490:,1747647653336
counter/3/0/0/0,2080:1747647651490:,1747647653336
counter/10/0/0/0,1787:1747647651619:,1747647653337
counter/1/0/0/0,2416:1747647651993:,1747647653337
counter/9/0/0/0,1953:1747647651552:,1747647653337
counter/2/0/0/0,1759:1747647651298:,1747647653337
counter/4/0/0/0,2051:1747647651524:,1747647653338
counter/4/0/0/0,2052:1747647651524:,1747647653338
counter/9/0/0/0,1954:1747647651552:,1747647653338
counter/4/0/0/0,2053:1747647651538:,1747647653338
counter/8/0/0/0,1985:1747647651284:,1747647653339
counter/7/0/0/0,1744:1747647651329:,1747647653339
counter/7/0/0/0,1745:1747647651329:,1747647653339
counter/4/0/0/0,2054:1747647651538:,1747647653339
counter/4/0/0/0,2055:1747647651538:,1747647653339
counter/4/0/0/0,2056:1747647651538:,1747647653339
counter/1/0/0/0,2417:1747647651993:,1747647653339
counter/2/0/0/0,1760:1747647651298:,1747647653339
counter/1/0/0/0,2418:1747647651993:,1747647653339
counter/10/0/0/0,1788:1747647651619:,1747647653340
counter/10/0/0/0,1789:1747647651619:,1747647653340
counter/10/0/0/0,1790:1747647651619:,1747647653340
counter/10/0/0/0,1791:1747647651619:,1747647653340
counter/10/0/0/0,1792:1747647651619:,1747647653340
counter/10/0/0/0,1793:1747647651619:,1747647653340
counter/10/0/0/0,1794:1747647651619:,1747647653340
counter/5/0/0/0,1869:1747647651293:,1747647653340
counter/6/0/0/0,1784:1747647651422:,1747647653340
counter/7/0/0/0,1746:1747647651329:,1747647653340
counter/10/0/0/0,1795:1747647651619:,1747647653341
counter/10/0/0/0,1796:1747647651619:,1747647653341
counter/10/0/0/0,1797:1747647651620:,1747647653341
counter/10/0/0/0,1798:1747647651620:,1747647653341
counter/10/0/0/0,1799:1747647651635:,1747647653341
counter/10/0/0/0,1800:1747647651636:,1747647653341
counter/10/0/0/0,1801:1747647651636:,1747647653341
counter/10/0/0/0,1802:1747647651642:,1747647653341
counter/10/0/0/0,1803:1747647651642:,1747647653341
counter/2/0/0/0,1761:1747647651298:,1747647653341
counter/1/0/0/0,2419:1747647651993:,1747647653341
counter/7/0/0/0,1747:1747647651329:,1747647653341
counter/4/0/0/0,2057:1747647651538:,1747647653342
counter/3/0/0/0,2081:1747647651490:,1747647653343
counter/6/0/0/0,1785:1747647651422:,1747647653344
counter/8/0/0/0,1986:1747647651284:,1747647653344
counter/5/0/0/0,1870:1747647651293:,1747647653344
counter/2/0/0/0,1762:1747647651298:,1747647653346
counter/10/0/0/0,1804:1747647651642:,1747647653346
counter/10/0/0/0,1805:1747647651642:,1747647653346
counter/6/0/0/0,1786:1747647651422:,1747647653347
counter/6/0/0/0,1787:1747647651422:,1747647653347
counter/3/0/0/0,2082:1747647651490:,1747647653347
counter/7/0/0/0,1748:1747647651329:,1747647653347
counter/7/0/0/0,1749:1747647651335:,1747647653347
counter/7/0/0/0,1750:1747647651348:,1747647653347
counter/3/0/0/0,2083:1747647651490:,1747647653348
counter/6/0/0/0,1788:1747647651422:,1747647653348
counter/2/0/0/0,1763:1747647651298:,1747647653348
counter/2/0/0/0,1764:1747647651298:,1747647653348
counter/2/0/0/0,1765:1747647651298:,1747647653348
counter/7/0/0/0,1751:1747647651348:,1747647653348
counter/8/0/0/0,1987:1747647651284:,1747647653348
counter/2/0/0/0,1766:1747647651298:,1747647653348
counter/6/0/0/0,1789:1747647651422:,1747647653349
counter/3/0/0/0,2084:1747647651490:,1747647653349
counter/1/0/0/0,2420:1747647651993:,1747647653349
counter/2/0/0/0,1767:1747647651298:,1747647653349
counter/2/0/0/0,1768:1747647651298:,1747647653349
counter/2/0/0/0,1769:1747647651298:,1747647653349
counter/2/0/0/0,1770:1747647651298:,1747647653349
counter/2/0/0/0,1771:1747647651298:,1747647653349
counter/2/0/0/0,1772:1747647651298:,1747647653349
counter/2/0/0/0,1773:1747647651299:,1747647653349
counter/2/0/0/0,1774:1747647651299:,1747647653349
counter/5/0/0/0,1871:1747647651293:,1747647653349
counter/10/0/0/0,1806:1747647651642:,1747647653350
counter/10/0/0/0,1807:1747647651642:,1747647653350
counter/10/0/0/0,1808:1747647651642:,1747647653350
counter/10/0/0/0,1809:1747647651642:,1747647653350
counter/10/0/0/0,1810:1747647651642:,1747647653350
counter/10/0/0/0,1811:1747647651642:,1747647653350
counter/10/0/0/0,1812:1747647651642:,1747647653350
counter/10/0/0/0,1813:1747647651642:,1747647653350
counter/5/0/0/0,1872:1747647651293:,1747647653350
counter/5/0/0/0,1873:1747647651293:,1747647653350
counter/5/0/0/0,1874:1747647651293:,1747647653350
counter/3/0/0/0,2085:1747647651490:,1747647653350
counter/4/0/0/0,2058:1747647651542:,1747647653351
counter/5/0/0/0,1875:1747647651293:,1747647653351
counter/4/0/0/0,2059:1747647651542:,1747647653352
counter/7/0/0/0,1752:1747647651348:,1747647653352
counter/5/0/0/0,1876:1747647651293:,1747647653352
counter/3/0/0/0,2086:1747647651490:,1747647653352
counter/5/0/0/0,1877:1747647651293:,1747647653352
counter/5/0/0/0,1878:1747647651293:,1747647653352
counter/6/0/0/0,1790:1747647651422:,1747647653352
counter/10/0/0/0,1814:1747647651649:,1747647653352
counter/1/0/0/0,2421:1747647651993:,1747647653352
counter/1/0/0/0,2422:1747647651993:,1747647653352
counter/1/0/0/0,2423:1747647651993:,1747647653352
counter/1/0/0/0,2424:1747647651993:,1747647653352
counter/7/0/0/0,1753:1747647651348:,1747647653353
counter/7/0/0/0,1754:1747647651348:,1747647653353
counter/7/0/0/0,1755:1747647651348:,1747647653353
counter/7/0/0/0,1756:1747647651349:,1747647653353
counter/7/0/0/0,1757:1747647651349:,1747647653353
counter/5/0/0/0,1879:1747647651293:,1747647653353
counter/3/0/0/0,2087:1747647651490:,1747647653353
counter/1/0/0/0,2425:1747647651993:,1747647653353
counter/8/0/0/0,1988:1747647651284:,1747647653354
counter/10/0/0/0,1815:1747647651650:,1747647653354
counter/3/0/0/0,2088:1747647651490:,1747647653356
counter/1/0/0/0,2426:1747647651993:,1747647653356
counter/2/0/0/0,1775:1747647651299:,1747647653356
counter/2/0/0/0,1776:1747647651299:,1747647653356
counter/2/0/0/0,1777:1747647651299:,1747647653356
counter/2/0/0/0,1778:1747647651299:,1747647653356
counter/2/0/0/0,1779:1747647651299:,1747647653356
counter/2/0/0/0,1780:1747647651299:,1747647653356
counter/8/0/0/0,1989:1747647651284:,1747647653357
counter/6/0/0/0,1791:1747647651422:,1747647653357
counter/6/0/0/0,1792:1747647651425:,1747647653357
counter/6/0/0/0,1793:1747647651425:,1747647653357
counter/6/0/0/0,1794:1747647651429:,1747647653357
counter/3/0/0/0,2089:1747647651491:,1747647653357
counter/6/0/0/0,1795:1747647651429:,1747647653357
counter/1/0/0/0,2427:1747647651993:,1747647653357
counter/1/0/0/0,2428:1747647651993:,1747647653357
counter/8/0/0/0,1990:1747647651284:,1747647653357
counter/10/0/0/0,1816:1747647651650:,1747647653358
counter/10/0/0/0,1817:1747647651650:,1747647653358
counter/10/0/0/0,1818:1747647651650:,1747647653358
counter/6/0/0/0,1796:1747647651429:,1747647653358
counter/1/0/0/0,2429:1747647651993:,1747647653358
counter/2/0/0/0,1781:1747647651299:,1747647653358
counter/2/0/0/0,1782:1747647651299:,1747647653358
counter/2/0/0/0,1783:1747647651299:,1747647653358
counter/2/0/0/0,1784:1747647651299:,1747647653358
counter/2/0/0/0,1785:1747647651299:,1747647653358
counter/2/0/0/0,1786:1747647651299:,1747647653358
counter/2/0/0/0,1787:1747647651299:,1747647653359
counter/5/0/0/0,1880:1747647651293:,1747647653359
counter/10/0/0/0,1819:1747647651650:,1747647653359
counter/5/0/0/0,1881:1747647651293:,1747647653359
counter/5/0/0/0,1882:1747647651301:,1747647653359
counter/5/0/0/0,1883:1747647651301:,1747647653359
counter/5/0/0/0,1884:1747647651301:,1747647653359
counter/5/0/0/0,1885:1747647651301:,1747647653359
counter/5/0/0/0,1886:1747647651301:,1747647653359
counter/5/0/0/0,1887:1747647651301:,1747647653359
counter/4/0/0/0,2060:1747647651542:,1747647653359
counter/7/0/0/0,1758:1747647651349:,1747647653359
counter/4/0/0/0,2061:1747647651542:,1747647653360
counter/4/0/0/0,2062:1747647651542:,1747647653360
counter/4/0/0/0,2063:1747647651542:,1747647653360
counter/2/0/0/0,1788:1747647651299:,1747647653361
counter/2/0/0/0,1789:1747647651299:,1747647653361
counter/9/0/0/0,1955:1747647651552:,1747647653361
counter/9/0/0/0,1956:1747647651552:,1747647653361
counter/9/0/0/0,1957:1747647651552:,1747647653361
counter/9/0/0/0,1958:1747647651552:,1747647653361
counter/9/0/0/0,1959:1747647651552:,1747647653361
counter/9/0/0/0,1960:1747647651552:,1747647653361
counter/9/0/0/0,1961:1747647651552:,1747647653361
counter/7/0/0/0,1759:1747647651349:,1747647653362
counter/7/0/0/0,1760:1747647651349:,1747647653362
counter/7/0/0/0,1761:1747647651350:,1747647653362
counter/7/0/0/0,1762:1747647651351:,1747647653362
counter/7/0/0/0,1763:1747647651353:,1747647653362
counter/7/0/0/0,1764:1747647651353:,1747647653362
counter/7/0/0/0,1765:1747647651353:,1747647653362
counter/7/0/0/0,1766:1747647651353:,1747647653362
counter/10/0/0/0,1820:1747647651650:,1747647653362
counter/10/0/0/0,1821:1747647651650:,1747647653362
counter/10/0/0/0,1822:1747647651650:,1747647653362
counter/10/0/0/0,1823:1747647651650:,1747647653362
counter/10/0/0/0,1824:1747647651650:,1747647653362
counter/10/0/0/0,1825:1747647651671:,1747647653362
counter/10/0/0/0,1826:1747647651671:,1747647653362
counter/10/0/0/0,1827:1747647651671:,1747647653362
counter/10/0/0/0,1828:1747647651671:,1747647653363
counter/10/0/0/0,1829:1747647651671:,1747647653363
counter/10/0/0/0,1830:1747647651671:,1747647653363
counter/10/0/0/0,1831:1747647651671:,1747647653363
counter/8/0/0/0,1991:1747647651284:,1747647653363
counter/4/0/0/0,2064:1747647651542:,1747647653363
counter/10/0/0/0,1832:1747647651671:,1747647653364
counter/5/0/0/0,1888:1747647651301:,1747647653365
counter/5/0/0/0,1889:1747647651301:,1747647653365
counter/9/0/0/0,1962:1747647651558:,1747647653365
counter/5/0/0/0,1890:1747647651301:,1747647653365
counter/5/0/0/0,1891:1747647651309:,1747647653365
counter/10/0/0/0,1833:1747647651671:,1747647653365
counter/5/0/0/0,1892:1747647651309:,1747647653365
counter/5/0/0/0,1893:1747647651309:,1747647653365
counter/5/0/0/0,1894:1747647651309:,1747647653366
counter/10/0/0/0,1834:1747647651671:,1747647653366
counter/10/0/0/0,1835:1747647651671:,1747647653366
counter/10/0/0/0,1836:1747647651671:,1747647653366
counter/10/0/0/0,1837:1747647651671:,1747647653366
counter/10/0/0/0,1838:1747647651671:,1747647653366
counter/10/0/0/0,1839:1747647651671:,1747647653366
counter/10/0/0/0,1840:1747647651671:,1747647653366
counter/10/0/0/0,1841:1747647651672:,1747647653366
counter/10/0/0/0,1842:1747647651672:,1747647653366
counter/10/0/0/0,1843:1747647651672:,1747647653366
counter/10/0/0/0,1844:1747647651672:,1747647653366
counter/10/0/0/0,1845:1747647651672:,1747647653366
counter/10/0/0/0,1846:1747647651672:,1747647653367
counter/10/0/0/0,1847:1747647651672:,1747647653367
counter/10/0/0/0,1848:1747647651672:,1747647653367
counter/10/0/0/0,1849:1747647651672:,1747647653367
counter/10/0/0/0,1850:1747647651675:,1747647653367
counter/4/0/0/0,2065:1747647651553:,1747647653367
counter/7/0/0/0,1767:1747647651353:,1747647653367
counter/8/0/0/0,1992:1747647651285:,1747647653367
counter/8/0/0/0,1993:1747647651289:,1747647653367
counter/8/0/0/0,1994:1747647651289:,1747647653367
counter/8/0/0/0,1995:1747647651289:,1747647653367
counter/8/0/0/0,1996:1747647651289:,1747647653368
counter/5/0/0/0,1895:1747647651309:,1747647653368
counter/5/0/0/0,1896:1747647651309:,1747647653368
counter/5/0/0/0,1897:1747647651310:,1747647653368
counter/5/0/0/0,1898:1747647651310:,1747647653368
counter/5/0/0/0,1899:1747647651310:,1747647653368
counter/5/0/0/0,1900:1747647651310:,1747647653368
counter/6/0/0/0,1797:1747647651429:,1747647653368
counter/4/0/0/0,2066:1747647651553:,1747647653369
counter/7/0/0/0,1768:1747647651353:,1747647653370
counter/3/0/0/0,2090:1747647651491:,1747647653370
counter/3/0/0/0,2091:1747647651491:,1747647653370
counter/3/0/0/0,2092:1747647651491:,1747647653370
counter/1/0/0/0,2430:1747647651993:,1747647653370
counter/1/0/0/0,2431:1747647651994:,1747647653370
counter/1/0/0/0,2432:1747647652016:,1747647653370
counter/1/0/0/0,2433:1747647652016:,1747647653370
counter/1/0/0/0,2434:1747647652016:,1747647653370
counter/1/0/0/0,2435:1747647652016:,1747647653370
counter/1/0/0/0,2436:1747647652016:,1747647653370
counter/1/0/0/0,2437:1747647652016:,1747647653370
counter/4/0/0/0,2067:1747647651553:,1747647653370
counter/7/0/0/0,1769:1747647651355:,1747647653372
counter/6/0/0/0,1798:1747647651429:,1747647653372
counter/7/0/0/0,1770:1747647651356:,1747647653372
counter/2/0/0/0,1790:1747647651299:,1747647653372
counter/2/0/0/0,1791:1747647651299:,1747647653372
counter/2/0/0/0,1792:1747647651299:,1747647653372
counter/2/0/0/0,1793:1747647651299:,1747647653372
counter/2/0/0/0,1794:1747647651299:,1747647653373
counter/2/0/0/0,1795:1747647651299:,1747647653373
counter/2/0/0/0,1796:1747647651299:,1747647653373
counter/5/0/0/0,1901:1747647651310:,1747647653373
counter/5/0/0/0,1902:1747647651310:,1747647653374
counter/5/0/0/0,1903:1747647651313:,1747647653374
counter/5/0/0/0,1904:1747647651313:,1747647653374
counter/5/0/0/0,1905:1747647651313:,1747647653374
counter/5/0/0/0,1906:1747647651317:,1747647653374
counter/5/0/0/0,1907:1747647651317:,1747647653374
counter/5/0/0/0,1908:1747647651317:,1747647653374
counter/5/0/0/0,1909:1747647651317:,1747647653375
counter/5/0/0/0,1910:1747647651317:,1747647653375
counter/5/0/0/0,1911:1747647651317:,1747647653375
counter/3/0/0/0,2093:1747647651491:,1747647653375
counter/3/0/0/0,2094:1747647651491:,1747647653375
counter/3/0/0/0,2095:1747647651491:,1747647653375
counter/7/0/0/0,1771:1747647651356:,1747647653375
counter/2/0/0/0,1797:1747647651301:,1747647653378
counter/8/0/0/0,1997:1747647651289:,1747647653378
counter/8/0/0/0,1998:1747647651289:,1747647653378
counter/8/0/0/0,1999:1747647651289:,1747647653378
counter/8/0/0/0,2000:1747647651289:,1747647653378
counter/8/0/0/0,2001:1747647651289:,1747647653378
counter/8/0/0/0,2002:1747647651289:,1747647653379
counter/8/0/0/0,2003:1747647651290:,1747647653379
counter/8/0/0/0,2004:1747647651290:,1747647653379
counter/8/0/0/0,2005:1747647651290:,1747647653379
counter/8/0/0/0,2006:1747647651290:,1747647653379
counter/8/0/0/0,2007:1747647651293:,1747647653379
counter/8/0/0/0,2008:1747647651293:,1747647653379
counter/8/0/0/0,2009:1747647651293:,1747647653379
counter/8/0/0/0,2010:1747647651293:,1747647653379
counter/9/0/0/0,1963:1747647651558:,1747647653379
counter/9/0/0/0,1964:1747647651558:,1747647653380
counter/2/0/0/0,1798:1747647651301:,1747647653381
counter/2/0/0/0,1799:1747647651301:,1747647653381
counter/2/0/0/0,1800:1747647651301:,1747647653381
counter/2/0/0/0,1801:1747647651301:,1747647653381
counter/2/0/0/0,1802:1747647651310:,1747647653381
counter/2/0/0/0,1803:1747647651310:,1747647653381
counter/2/0/0/0,1804:1747647651310:,1747647653381
counter/4/0/0/0,2068:1747647651553:,1747647653383
counter/10/0/0/0,1851:1747647651675:,1747647653383
counter/1/0/0/0,2438:1747647652016:,1747647653384
counter/1/0/0/0,2439:1747647652016:,1747647653384
counter/1/0/0/0,2440:1747647652017:,1747647653384
counter/3/0/0/0,2096:1747647651491:,1747647653384
counter/9/0/0/0,1965:1747647651559:,1747647653384
counter/9/0/0/0,1966:1747647651561:,1747647653384
counter/5/0/0/0,1912:1747647651317:,1747647653384
counter/9/0/0/0,1967:1747647651561:,1747647653384
counter/9/0/0/0,1968:1747647651561:,1747647653384
counter/10/0/0/0,1852:1747647651675:,1747647653385
counter/4/0/0/0,2069:1747647651555:,1747647653386
counter/4/0/0/0,2070:1747647651555:,1747647653386
counter/4/0/0/0,2071:1747647651555:,1747647653386
counter/4/0/0/0,2072:1747647651555:,1747647653386
counter/4/0/0/0,2073:1747647651555:,1747647653386
counter/4/0/0/0,2074:1747647651555:,1747647653386
counter/4/0/0/0,2075:1747647651555:,1747647653386
counter/4/0/0/0,2076:1747647651555:,1747647653386
counter/4/0/0/0,2077:1747647651555:,1747647653386
counter/4/0/0/0,2078:1747647651555:,1747647653387
counter/4/0/0/0,2079:1747647651555:,1747647653387
counter/7/0/0/0,1772:1747647651362:,1747647653387
counter/4/0/0/0,2080:1747647651559:,1747647653387
counter/4/0/0/0,2081:1747647651559:,1747647653387
counter/8/0/0/0,2011:1747647651293:,1747647653391
counter/10/0/0/0,1853:1747647651675:,1747647653391
counter/10/0/0/0,1854:1747647651675:,1747647653391
counter/1/0/0/0,2441:1747647652017:,1747647653391
counter/10/0/0/0,1855:1747647651675:,1747647653391
counter/10/0/0/0,1856:1747647651675:,1747647653391
counter/9/0/0/0,1969:1747647651561:,1747647653391
counter/10/0/0/0,1857:1747647651675:,1747647653391
counter/10/0/0/0,1858:1747647651675:,1747647653391
counter/10/0/0/0,1859:1747647651675:,1747647653392
counter/6/0/0/0,1799:1747647651429:,1747647653392
counter/6/0/0/0,1800:1747647651429:,1747647653392
counter/6/0/0/0,1801:1747647651429:,1747647653392
counter/6/0/0/0,1802:1747647651429:,1747647653392
counter/6/0/0/0,1803:1747647651429:,1747647653392
counter/6/0/0/0,1804:1747647651429:,1747647653392
counter/6/0/0/0,1805:1747647651429:,1747647653392
counter/6/0/0/0,1806:1747647651429:,1747647653392
counter/9/0/0/0,1970:1747647651561:,1747647653393
counter/9/0/0/0,1971:1747647651561:,1747647653393
counter/9/0/0/0,1972:1747647651561:,1747647653393
counter/9/0/0/0,1973:1747647651561:,1747647653393
counter/6/0/0/0,1807:1747647651431:,1747647653393
counter/6/0/0/0,1808:1747647651431:,1747647653393
counter/6/0/0/0,1809:1747647651431:,1747647653394
counter/6/0/0/0,1810:1747647651431:,1747647653394
counter/6/0/0/0,1811:1747647651431:,1747647653394
counter/6/0/0/0,1812:1747647651431:,1747647653394
counter/4/0/0/0,2082:1747647651559:,1747647653394
counter/5/0/0/0,1913:1747647651317:,1747647653394
counter/4/0/0/0,2083:1747647651559:,1747647653394
counter/8/0/0/0,2012:1747647651293:,1747647653394
counter/6/0/0/0,1813:1747647651431:,1747647653395
counter/6/0/0/0,1814:1747647651431:,1747647653395
counter/4/0/0/0,2084:1747647651566:,1747647653395
counter/8/0/0/0,2013:1747647651293:,1747647653395
counter/8/0/0/0,2014:1747647651293:,1747647653396
counter/9/0/0/0,1974:1747647651561:,1747647653397
counter/9/0/0/0,1975:1747647651561:,1747647653397
counter/9/0/0/0,1976:1747647651561:,1747647653397
counter/9/0/0/0,1977:1747647651561:,1747647653397
counter/9/0/0/0,1978:1747647651561:,1747647653397
counter/9/0/0/0,1979:1747647651561:,1747647653397
counter/9/0/0/0,1980:1747647651584:,1747647653397
counter/7/0/0/0,1773:1747647651362:,1747647653397
counter/2/0/0/0,1805:1747647651310:,1747647653398
counter/2/0/0/0,1806:1747647651310:,1747647653398
counter/2/0/0/0,1807:1747647651310:,1747647653398
counter/2/0/0/0,1808:1747647651310:,1747647653398
counter/2/0/0/0,1809:1747647651310:,1747647653398
counter/2/0/0/0,1810:1747647651310:,1747647653398
counter/2/0/0/0,1811:1747647651311:,1747647653398
counter/2/0/0/0,1812:1747647651311:,1747647653398
counter/2/0/0/0,1813:1747647651311:,1747647653399
counter/2/0/0/0,1814:1747647651311:,1747647653399
counter/2/0/0/0,1815:1747647651311:,1747647653399
counter/2/0/0/0,1816:1747647651311:,1747647653399
counter/2/0/0/0,1817:1747647651311:,1747647653399
counter/2/0/0/0,1818:1747647651311:,1747647653399
counter/2/0/0/0,1819:1747647651311:,1747647653399
counter/2/0/0/0,1820:1747647651311:,1747647653399
counter/4/0/0/0,2085:1747647651566:,1747647653399
counter/4/0/0/0,2086:1747647651566:,1747647653399
counter/6/0/0/0,1815:1747647651431:,1747647653399
counter/3/0/0/0,2097:1747647651491:,1747647653400
counter/10/0/0/0,1860:1747647651675:,1747647653401
counter/5/0/0/0,1914:1747647651317:,1747647653402
counter/2/0/0/0,1821:1747647651311:,1747647653402
counter/8/0/0/0,2015:1747647651293:,1747647653402
counter/8/0/0/0,2016:1747647651293:,1747647653402
counter/8/0/0/0,2017:1747647651293:,1747647653402
counter/8/0/0/0,2018:1747647651293:,1747647653402
counter/8/0/0/0,2019:1747647651293:,1747647653402
counter/8/0/0/0,2020:1747647651294:,1747647653402
counter/8/0/0/0,2021:1747647651294:,1747647653402
counter/3/0/0/0,2098:1747647651491:,1747647653403
counter/8/0/0/0,2022:1747647651294:,1747647653403
counter/8/0/0/0,2023:1747647651294:,1747647653403
counter/8/0/0/0,2024:1747647651294:,1747647653403
counter/1/0/0/0,2442:1747647652017:,1747647653404
counter/5/0/0/0,1915:1747647651317:,1747647653405
counter/5/0/0/0,1916:1747647651318:,1747647653405
counter/5/0/0/0,1917:1747647651318:,1747647653405
counter/3/0/0/0,2099:1747647651491:,1747647653405
counter/2/0/0/0,1822:1747647651311:,1747647653406
counter/2/0/0/0,1823:1747647651311:,1747647653406
counter/2/0/0/0,1824:1747647651312:,1747647653406
counter/2/0/0/0,1825:1747647651312:,1747647653407
counter/2/0/0/0,1826:1747647651312:,1747647653407
counter/1/0/0/0,2443:1747647652017:,1747647653407
counter/9/0/0/0,1981:1747647651584:,1747647653407
counter/9/0/0/0,1982:1747647651585:,1747647653407
counter/4/0/0/0,2087:1747647651566:,1747647653407
counter/6/0/0/0,1816:1747647651431:,1747647653408
counter/6/0/0/0,1817:1747647651431:,1747647653408
counter/2/0/0/0,1827:1747647651312:,1747647653408
counter/6/0/0/0,1818:1747647651432:,1747647653408
counter/6/0/0/0,1819:1747647651432:,1747647653408
counter/6/0/0/0,1820:1747647651432:,1747647653408
counter/6/0/0/0,1821:1747647651432:,1747647653409
counter/6/0/0/0,1822:1747647651432:,1747647653409
counter/3/0/0/0,2100:1747647651491:,1747647653410
counter/6/0/0/0,1823:1747647651432:,1747647653410
counter/2/0/0/0,1828:1747647651312:,1747647653410
counter/6/0/0/0,1824:1747647651432:,1747647653410
counter/6/0/0/0,1825:1747647651432:,1747647653410
counter/6/0/0/0,1826:1747647651432:,1747647653410
counter/6/0/0/0,1827:1747647651432:,1747647653410
counter/6/0/0/0,1828:1747647651432:,1747647653410
counter/6/0/0/0,1829:1747647651432:,1747647653410
counter/6/0/0/0,1830:1747647651432:,1747647653410
counter/4/0/0/0,2088:1747647651566:,1747647653411
counter/9/0/0/0,1983:1747647651585:,1747647653412
counter/7/0/0/0,1774:1747647651362:,1747647653412
counter/5/0/0/0,1918:1747647651318:,1747647653412
counter/1/0/0/0,2444:1747647652017:,1747647653412
counter/1/0/0/0,2445:1747647652017:,1747647653412
counter/1/0/0/0,2446:1747647652017:,1747647653413
counter/1/0/0/0,2447:1747647652017:,1747647653413
counter/1/0/0/0,2448:1747647652017:,1747647653413
counter/1/0/0/0,2449:1747647652017:,1747647653413
counter/7/0/0/0,1775:1747647651362:,1747647653413
counter/4/0/0/0,2089:1747647651566:,1747647653413
counter/4/0/0/0,2090:1747647651566:,1747647653413
counter/3/0/0/0,2101:1747647651491:,1747647653413
counter/5/0/0/0,1919:1747647651318:,1747647653413
counter/7/0/0/0,1776:1747647651362:,1747647653413
counter/8/0/0/0,2025:1747647651294:,1747647653413
counter/7/0/0/0,1777:1747647651362:,1747647653413
counter/9/0/0/0,1984:1747647651585:,1747647653415
counter/1/0/0/0,2450:1747647652017:,1747647653415
counter/1/0/0/0,2451:1747647652018:,1747647653415
counter/8/0/0/0,2026:1747647651294:,1747647653415
counter/1/0/0/0,2452:1747647652018:,1747647653415
counter/8/0/0/0,2027:1747647651294:,1747647653415
counter/1/0/0/0,2453:1747647652018:,1747647653415
counter/3/0/0/0,2102:1747647651491:,1747647653415
counter/3/0/0/0,2103:1747647651491:,1747647653416
counter/10/0/0/0,1861:1747647651675:,1747647653416
counter/3/0/0/0,2104:1747647651491:,1747647653416
counter/4/0/0/0,2091:1747647651566:,1747647653416
counter/3/0/0/0,2105:1747647651491:,1747647653416
counter/6/0/0/0,1831:1747647651432:,1747647653416
counter/3/0/0/0,2106:1747647651491:,1747647653416
counter/6/0/0/0,1832:1747647651432:,1747647653416
counter/6/0/0/0,1833:1747647651432:,1747647653416
counter/6/0/0/0,1834:1747647651432:,1747647653416
counter/6/0/0/0,1835:1747647651432:,1747647653416
counter/6/0/0/0,1836:1747647651432:,1747647653416
counter/6/0/0/0,1837:1747647651432:,1747647653416
counter/6/0/0/0,1838:1747647651432:,1747647653416
counter/6/0/0/0,1839:1747647651432:,1747647653416
counter/6/0/0/0,1840:1747647651432:,1747647653416
counter/8/0/0/0,2028:1747647651294:,1747647653416
counter/6/0/0/0,1841:1747647651432:,1747647653416
counter/6/0/0/0,1842:1747647651432:,1747647653416
counter/6/0/0/0,1843:1747647651432:,1747647653416
counter/6/0/0/0,1844:1747647651432:,1747647653416
counter/6/0/0/0,1845:1747647651432:,1747647653416
counter/6/0/0/0,1846:1747647651432:,1747647653416
counter/6/0/0/0,1847:1747647651438:,1747647653416
counter/6/0/0/0,1848:1747647651438:,1747647653416
counter/6/0/0/0,1849:1747647651438:,1747647653417
counter/6/0/0/0,1850:1747647651438:,1747647653417
counter/9/0/0/0,1985:1747647651585:,1747647653417
counter/9/0/0/0,1986:1747647651585:,1747647653417
counter/6/0/0/0,1851:1747647651438:,1747647653417
counter/4/0/0/0,2092:1747647651567:,1747647653417
counter/1/0/0/0,2454:1747647652018:,1747647653417
counter/9/0/0/0,1987:1747647651585:,1747647653417
counter/9/0/0/0,1988:1747647651591:,1747647653417
counter/9/0/0/0,1989:1747647651591:,1747647653417
counter/9/0/0/0,1990:1747647651591:,1747647653417
counter/9/0/0/0,1991:1747647651591:,1747647653417
counter/9/0/0/0,1992:1747647651603:,1747647653417
counter/9/0/0/0,1993:1747647651603:,1747647653417
counter/9/0/0/0,1994:1747647651603:,1747647653417
counter/9/0/0/0,1995:1747647651603:,1747647653417
counter/9/0/0/0,1996:1747647651603:,1747647653417
counter/9/0/0/0,1997:1747647651603:,1747647653417
counter/9/0/0/0,1998:1747647651603:,1747647653417
counter/9/0/0/0,1999:1747647651603:,1747647653417
counter/6/0/0/0,1852:1747647651438:,1747647653419
counter/3/0/0/0,2107:1747647651491:,1747647653419
counter/4/0/0/0,2093:1747647651567:,1747647653419
counter/4/0/0/0,2094:1747647651567:,1747647653419
counter/4/0/0/0,2095:1747647651567:,1747647653419
counter/4/0/0/0,2096:1747647651567:,1747647653419
counter/4/0/0/0,2097:1747647651568:,1747647653419
counter/4/0/0/0,2098:1747647651568:,1747647653419
counter/4/0/0/0,2099:1747647651568:,1747647653419
counter/5/0/0/0,1920:1747647651329:,1747647653419
counter/7/0/0/0,1778:1747647651362:,1747647653420
counter/4/0/0/0,2100:1747647651570:,1747647653420
counter/10/0/0/0,1862:1747647651675:,1747647653420
counter/4/0/0/0,2101:1747647651571:,1747647653421
counter/10/0/0/0,1863:1747647651675:,1747647653421
counter/9/0/0/0,2000:1747647651603:,1747647653421
counter/5/0/0/0,1921:1747647651331:,1747647653421
counter/7/0/0/0,1779:1747647651362:,1747647653422
counter/7/0/0/0,1780:1747647651362:,1747647653422
counter/7/0/0/0,1781:1747647651362:,1747647653422
counter/7/0/0/0,1782:1747647651362:,1747647653422
counter/7/0/0/0,1783:1747647651369:,1747647653422
counter/7/0/0/0,1784:1747647651369:,1747647653422
counter/7/0/0/0,1785:1747647651369:,1747647653422
counter/9/0/0/0,2001:1747647651603:,1747647653422
counter/9/0/0/0,2002:1747647651603:,1747647653422
counter/9/0/0/0,2003:1747647651612:,1747647653423
counter/9/0/0/0,2004:1747647651612:,1747647653423
counter/9/0/0/0,2005:1747647651612:,1747647653423
counter/9/0/0/0,2006:1747647651612:,1747647653423
counter/9/0/0/0,2007:1747647651612:,1747647653423
counter/7/0/0/0,1786:1747647651369:,1747647653424
counter/7/0/0/0,1787:1747647651369:,1747647653424
counter/7/0/0/0,1788:1747647651369:,1747647653424
counter/7/0/0/0,1789:1747647651369:,1747647653424
counter/7/0/0/0,1790:1747647651369:,1747647653424
counter/7/0/0/0,1791:1747647651369:,1747647653424
counter/7/0/0/0,1792:1747647651369:,1747647653424
counter/7/0/0/0,1793:1747647651369:,1747647653424
counter/7/0/0/0,1794:1747647651369:,1747647653424
counter/7/0/0/0,1795:1747647651374:,1747647653424
counter/7/0/0/0,1796:1747647651374:,1747647653424
counter/7/0/0/0,1797:1747647651374:,1747647653424
counter/7/0/0/0,1798:1747647651374:,1747647653424
counter/7/0/0/0,1799:1747647651374:,1747647653424
counter/7/0/0/0,1800:1747647651376:,1747647653424
counter/7/0/0/0,1801:1747647651376:,1747647653424
counter/7/0/0/0,1802:1747647651376:,1747647653424
counter/4/0/0/0,2102:1747647651571:,1747647653425
counter/4/0/0/0,2103:1747647651571:,1747647653425
counter/4/0/0/0,2104:1747647651571:,1747647653426
counter/4/0/0/0,2105:1747647651571:,1747647653426
counter/4/0/0/0,2106:1747647651571:,1747647653426
counter/4/0/0/0,2107:1747647651571:,1747647653426
counter/5/0/0/0,1922:1747647651331:,1747647653426
counter/5/0/0/0,1923:1747647651339:,1747647653426
counter/4/0/0/0,2108:1747647651571:,1747647653426
counter/5/0/0/0,1924:1747647651340:,1747647653426
counter/4/0/0/0,2109:1747647651571:,1747647653426
counter/5/0/0/0,1925:1747647651340:,1747647653426
counter/4/0/0/0,2110:1747647651571:,1747647653426
counter/5/0/0/0,1926:1747647651340:,1747647653426
counter/4/0/0/0,2111:1747647651571:,1747647653426
counter/4/0/0/0,2112:1747647651571:,1747647653426
counter/4/0/0/0,2113:1747647651585:,1747647653426
counter/4/0/0/0,2114:1747647651585:,1747647653426
counter/4/0/0/0,2115:1747647651585:,1747647653426
counter/4/0/0/0,2116:1747647651585:,1747647653426
counter/6/0/0/0,1853:1747647651438:,1747647653427
counter/7/0/0/0,1803:1747647651377:,1747647653427
counter/1/0/0/0,2455:1747647652023:,1747647653427
counter/3/0/0/0,2108:1747647651491:,1747647653427
counter/3/0/0/0,2109:1747647651491:,1747647653427
counter/3/0/0/0,2110:1747647651491:,1747647653427
counter/3/0/0/0,2111:1747647651491:,1747647653427
counter/3/0/0/0,2112:1747647651491:,1747647653427
counter/3/0/0/0,2113:1747647651491:,1747647653427
counter/8/0/0/0,2029:1747647651294:,1747647653427
counter/3/0/0/0,2114:1747647651491:,1747647653428
counter/2/0/0/0,1829:1747647651312:,1747647653428
counter/3/0/0/0,2115:1747647651491:,1747647653428
counter/3/0/0/0,2116:1747647651491:,1747647653428
counter/3/0/0/0,2117:1747647651491:,1747647653428
counter/9/0/0/0,2008:1747647651616:,1747647653428
counter/8/0/0/0,2030:1747647651294:,1747647653428
counter/9/0/0/0,2009:1747647651617:,1747647653428
counter/8/0/0/0,2031:1747647651294:,1747647653429
counter/8/0/0/0,2032:1747647651294:,1747647653429
counter/5/0/0/0,1927:1747647651340:,1747647653429
counter/8/0/0/0,2033:1747647651294:,1747647653429
counter/10/0/0/0,1864:1747647651675:,1747647653429
counter/8/0/0/0,2034:1747647651295:,1747647653429
counter/8/0/0/0,2035:1747647651295:,1747647653429
counter/8/0/0/0,2036:1747647651295:,1747647653429
counter/2/0/0/0,1830:1747647651312:,1747647653429
counter/8/0/0/0,2037:1747647651295:,1747647653429
counter/7/0/0/0,1804:1747647651377:,1747647653429
counter/7/0/0/0,1805:1747647651377:,1747647653429
counter/7/0/0/0,1806:1747647651377:,1747647653429
counter/4/0/0/0,2117:1747647651587:,1747647653431
counter/4/0/0/0,2118:1747647651587:,1747647653431
counter/4/0/0/0,2119:1747647651587:,1747647653431
counter/5/0/0/0,1928:1747647651340:,1747647653431
counter/4/0/0/0,2120:1747647651587:,1747647653431
counter/5/0/0/0,1929:1747647651340:,1747647653431
counter/4/0/0/0,2121:1747647651587:,1747647653431
counter/5/0/0/0,1930:1747647651340:,1747647653431
counter/4/0/0/0,2122:1747647651587:,1747647653431
counter/2/0/0/0,1831:1747647651312:,1747647653431
counter/1/0/0/0,2456:1747647652023:,1747647653431
counter/1/0/0/0,2457:1747647652031:,1747647653431
counter/1/0/0/0,2458:1747647652031:,1747647653431
counter/1/0/0/0,2459:1747647652031:,1747647653431
counter/1/0/0/0,2460:1747647652031:,1747647653431
counter/1/0/0/0,2461:1747647652031:,1747647653431
counter/5/0/0/0,1931:1747647651340:,1747647653433
counter/5/0/0/0,1932:1747647651340:,1747647653433
counter/5/0/0/0,1933:1747647651340:,1747647653433
counter/5/0/0/0,1934:1747647651340:,1747647653433
counter/3/0/0/0,2118:1747647651491:,1747647653434
counter/5/0/0/0,1935:1747647651340:,1747647653434
counter/5/0/0/0,1936:1747647651340:,1747647653434
counter/5/0/0/0,1937:1747647651340:,1747647653434
counter/5/0/0/0,1938:1747647651340:,1747647653434
counter/5/0/0/0,1939:1747647651340:,1747647653434
counter/5/0/0/0,1940:1747647651342:,1747647653434
counter/5/0/0/0,1941:1747647651342:,1747647653434
counter/5/0/0/0,1942:1747647651342:,1747647653434
counter/5/0/0/0,1943:1747647651342:,1747647653434
counter/5/0/0/0,1944:1747647651342:,1747647653434
counter/5/0/0/0,1945:1747647651342:,1747647653434
counter/10/0/0/0,1865:1747647651675:,1747647653434
counter/5/0/0/0,1946:1747647651342:,1747647653434
counter/6/0/0/0,1854:1747647651438:,1747647653436
counter/10/0/0/0,1866:1747647651675:,1747647653438
counter/2/0/0/0,1832:1747647651312:,1747647653438
counter/5/0/0/0,1947:1747647651342:,1747647653439
counter/5/0/0/0,1948:1747647651342:,1747647653439
counter/9/0/0/0,2010:1747647651617:,1747647653439
counter/9/0/0/0,2011:1747647651617:,1747647653439
counter/7/0/0/0,1807:1747647651377:,1747647653439
counter/9/0/0/0,2012:1747647651617:,1747647653439
counter/10/0/0/0,1867:1747647651675:,1747647653440
counter/9/0/0/0,2013:1747647651617:,1747647653440
counter/9/0/0/0,2014:1747647651617:,1747647653440
counter/9/0/0/0,2015:1747647651617:,1747647653440
counter/9/0/0/0,2016:1747647651617:,1747647653440
counter/3/0/0/0,2119:1747647651491:,1747647653440
counter/3/0/0/0,2120:1747647651491:,1747647653440
counter/3/0/0/0,2121:1747647651495:,1747647653440
counter/3/0/0/0,2122:1747647651495:,1747647653440
counter/3/0/0/0,2123:1747647651495:,1747647653440
counter/3/0/0/0,2124:1747647651495:,1747647653440
counter/8/0/0/0,2038:1747647651295:,1747647653440
counter/3/0/0/0,2125:1747647651495:,1747647653440
counter/3/0/0/0,2126:1747647651495:,1747647653440
counter/9/0/0/0,2017:1747647651617:,1747647653440
counter/2/0/0/0,1833:1747647651312:,1747647653440
counter/3/0/0/0,2127:1747647651495:,1747647653440
counter/9/0/0/0,2018:1747647651617:,1747647653440
counter/3/0/0/0,2128:1747647651495:,1747647653440
counter/9/0/0/0,2019:1747647651617:,1747647653440
counter/3/0/0/0,2129:1747647651495:,1747647653440
counter/3/0/0/0,2130:1747647651495:,1747647653440
counter/3/0/0/0,2131:1747647651495:,1747647653441
counter/3/0/0/0,2132:1747647651495:,1747647653441
counter/3/0/0/0,2133:1747647651495:,1747647653441
counter/3/0/0/0,2134:1747647651495:,1747647653441
counter/3/0/0/0,2135:1747647651495:,1747647653441
counter/7/0/0/0,1808:1747647651377:,1747647653441
counter/10/0/0/0,1868:1747647651676:,1747647653441
counter/3/0/0/0,2136:1747647651495:,1747647653441
counter/7/0/0/0,1809:1747647651377:,1747647653441
counter/10/0/0/0,1869:1747647651676:,1747647653441
counter/10/0/0/0,1870:1747647651676:,1747647653441
counter/6/0/0/0,1855:1747647651438:,1747647653441
counter/10/0/0/0,1871:1747647651676:,1747647653441
counter/6/0/0/0,1856:1747647651438:,1747647653441
counter/6/0/0/0,1857:1747647651438:,1747647653441
counter/6/0/0/0,1858:1747647651438:,1747647653441
counter/6/0/0/0,1859:1747647651438:,1747647653441
counter/6/0/0/0,1860:1747647651440:,1747647653441
counter/7/0/0/0,1810:1747647651377:,1747647653441
counter/4/0/0/0,2123:1747647651587:,1747647653441
counter/10/0/0/0,1872:1747647651676:,1747647653441
counter/10/0/0/0,1873:1747647651676:,1747647653442
counter/10/0/0/0,1874:1747647651676:,1747647653442
counter/10/0/0/0,1875:1747647651676:,1747647653442
counter/10/0/0/0,1876:1747647651676:,1747647653442
counter/10/0/0/0,1877:1747647651676:,1747647653442
counter/10/0/0/0,1878:1747647651676:,1747647653442
counter/10/0/0/0,1879:1747647651676:,1747647653442
counter/10/0/0/0,1880:1747647651676:,1747647653442
counter/2/0/0/0,1834:1747647651312:,1747647653442
counter/10/0/0/0,1881:1747647651676:,1747647653442
counter/2/0/0/0,1835:1747647651312:,1747647653442
counter/10/0/0/0,1882:1747647651676:,1747647653442
counter/2/0/0/0,1836:1747647651312:,1747647653442
counter/8/0/0/0,2039:1747647651300:,1747647653442
counter/10/0/0/0,1883:1747647651676:,1747647653442
counter/7/0/0/0,1811:1747647651377:,1747647653442
counter/10/0/0/0,1884:1747647651676:,1747647653442
counter/7/0/0/0,1812:1747647651377:,1747647653442
counter/7/0/0/0,1813:1747647651377:,1747647653442
counter/7/0/0/0,1814:1747647651378:,1747647653442
counter/7/0/0/0,1815:1747647651378:,1747647653442
counter/5/0/0/0,1949:1747647651342:,1747647653443
counter/8/0/0/0,2040:1747647651301:,1747647653443
counter/5/0/0/0,1950:1747647651342:,1747647653443
counter/5/0/0/0,1951:1747647651342:,1747647653443
counter/5/0/0/0,1952:1747647651342:,1747647653443
counter/5/0/0/0,1953:1747647651342:,1747647653443
counter/5/0/0/0,1954:1747647651342:,1747647653443
counter/3/0/0/0,2137:1747647651495:,1747647653443
counter/7/0/0/0,1816:1747647651378:,1747647653444
counter/4/0/0/0,2124:1747647651587:,1747647653444
counter/4/0/0/0,2125:1747647651587:,1747647653444
counter/5/0/0/0,1955:1747647651342:,1747647653445
counter/3/0/0/0,2138:1747647651495:,1747647653445
counter/5/0/0/0,1956:1747647651342:,1747647653445
counter/5/0/0/0,1957:1747647651342:,1747647653445
counter/5/0/0/0,1958:1747647651342:,1747647653445
counter/5/0/0/0,1959:1747647651342:,1747647653445
counter/5/0/0/0,1960:1747647651342:,1747647653445
counter/9/0/0/0,2020:1747647651617:,1747647653445
counter/2/0/0/0,1837:1747647651312:,1747647653445
counter/2/0/0/0,1838:1747647651312:,1747647653445
counter/2/0/0/0,1839:1747647651312:,1747647653445
counter/6/0/0/0,1861:1747647651440:,1747647653446
counter/6/0/0/0,1862:1747647651446:,1747647653446
counter/6/0/0/0,1863:1747647651447:,1747647653446
counter/6/0/0/0,1864:1747647651447:,1747647653446
counter/6/0/0/0,1865:1747647651447:,1747647653446
counter/6/0/0/0,1866:1747647651447:,1747647653446
counter/6/0/0/0,1867:1747647651447:,1747647653446
counter/6/0/0/0,1868:1747647651447:,1747647653446
counter/6/0/0/0,1869:1747647651447:,1747647653446
counter/6/0/0/0,1870:1747647651447:,1747647653446
counter/6/0/0/0,1871:1747647651447:,1747647653446
counter/2/0/0/0,1840:1747647651312:,1747647653446
counter/2/0/0/0,1841:1747647651312:,1747647653446
counter/2/0/0/0,1842:1747647651312:,1747647653447
counter/2/0/0/0,1843:1747647651312:,1747647653447
counter/2/0/0/0,1844:1747647651313:,1747647653447
counter/2/0/0/0,1845:1747647651313:,1747647653447
counter/2/0/0/0,1846:1747647651313:,1747647653447
counter/2/0/0/0,1847:1747647651319:,1747647653447
counter/2/0/0/0,1848:1747647651319:,1747647653447
counter/2/0/0/0,1849:1747647651319:,1747647653447
counter/8/0/0/0,2041:1747647651301:,1747647653447
counter/1/0/0/0,2462:1747647652031:,1747647653447
counter/7/0/0/0,1817:1747647651378:,1747647653448
counter/7/0/0/0,1818:1747647651378:,1747647653448
counter/10/0/0/0,1885:1747647651676:,1747647653448
counter/7/0/0/0,1819:1747647651378:,1747647653448
counter/10/0/0/0,1886:1747647651676:,1747647653448
counter/7/0/0/0,1820:1747647651378:,1747647653448
counter/10/0/0/0,1887:1747647651676:,1747647653448
counter/7/0/0/0,1821:1747647651378:,1747647653448
counter/10/0/0/0,1888:1747647651690:,1747647653448
counter/7/0/0/0,1822:1747647651378:,1747647653448
counter/10/0/0/0,1889:1747647651690:,1747647653448
counter/10/0/0/0,1890:1747647651690:,1747647653448
counter/5/0/0/0,1961:1747647651343:,1747647653448
counter/10/0/0/0,1891:1747647651690:,1747647653448
counter/10/0/0/0,1892:1747647651690:,1747647653448
counter/10/0/0/0,1893:1747647651690:,1747647653448
counter/10/0/0/0,1894:1747647651690:,1747647653448
counter/5/0/0/0,1962:1747647651343:,1747647653449
counter/9/0/0/0,2021:1747647651617:,1747647653450
counter/6/0/0/0,1872:1747647651447:,1747647653450
counter/3/0/0/0,2139:1747647651495:,1747647653450
counter/8/0/0/0,2042:1747647651301:,1747647653451
counter/8/0/0/0,2043:1747647651301:,1747647653451
counter/8/0/0/0,2044:1747647651301:,1747647653451
counter/8/0/0/0,2045:1747647651301:,1747647653451
counter/9/0/0/0,2022:1747647651620:,1747647653451
counter/9/0/0/0,2023:1747647651621:,1747647653451
counter/9/0/0/0,2024:1747647651621:,1747647653451
counter/1/0/0/0,2463:1747647652031:,1747647653451
counter/1/0/0/0,2464:1747647652033:,1747647653453
counter/10/0/0/0,1895:1747647651690:,1747647653454
counter/10/0/0/0,1896:1747647651690:,1747647653454
counter/10/0/0/0,1897:1747647651690:,1747647653454
counter/10/0/0/0,1898:1747647651690:,1747647653454
counter/10/0/0/0,1899:1747647651690:,1747647653454
counter/4/0/0/0,2126:1747647651587:,1747647653454
counter/2/0/0/0,1850:1747647651319:,1747647653454
counter/4/0/0/0,2127:1747647651587:,1747647653454
counter/4/0/0/0,2128:1747647651587:,1747647653454
counter/4/0/0/0,2129:1747647651587:,1747647653455
counter/4/0/0/0,2130:1747647651587:,1747647653455
counter/4/0/0/0,2131:1747647651587:,1747647653455
counter/4/0/0/0,2132:1747647651587:,1747647653455
counter/4/0/0/0,2133:1747647651587:,1747647653455
counter/4/0/0/0,2134:1747647651587:,1747647653455
counter/4/0/0/0,2135:1747647651589:,1747647653455
counter/4/0/0/0,2136:1747647651589:,1747647653455
counter/4/0/0/0,2137:1747647651589:,1747647653455
counter/10/0/0/0,1900:1747647651690:,1747647653455
counter/6/0/0/0,1873:1747647651447:,1747647653455
counter/9/0/0/0,2025:1747647651621:,1747647653455
counter/6/0/0/0,1874:1747647651447:,1747647653455
counter/9/0/0/0,2026:1747647651627:,1747647653456
counter/9/0/0/0,2027:1747647651627:,1747647653456
counter/9/0/0/0,2028:1747647651627:,1747647653456
counter/9/0/0/0,2029:1747647651627:,1747647653456
counter/9/0/0/0,2030:1747647651627:,1747647653456
counter/9/0/0/0,2031:1747647651627:,1747647653456
counter/3/0/0/0,2140:1747647651495:,1747647653456
counter/9/0/0/0,2032:1747647651628:,1747647653456
counter/6/0/0/0,1875:1747647651448:,1747647653456
counter/6/0/0/0,1876:1747647651449:,1747647653456
counter/6/0/0/0,1877:1747647651455:,1747647653456
counter/6/0/0/0,1878:1747647651455:,1747647653457
counter/6/0/0/0,1879:1747647651455:,1747647653457
counter/6/0/0/0,1880:1747647651455:,1747647653457
counter/6/0/0/0,1881:1747647651456:,1747647653457
counter/6/0/0/0,1882:1747647651456:,1747647653457
counter/6/0/0/0,1883:1747647651456:,1747647653457
counter/10/0/0/0,1901:1747647651690:,1747647653457
counter/7/0/0/0,1823:1747647651378:,1747647653458
counter/4/0/0/0,2138:1747647651589:,1747647653458
counter/4/0/0/0,2139:1747647651589:,1747647653458
counter/4/0/0/0,2140:1747647651591:,1747647653458
counter/4/0/0/0,2141:1747647651592:,1747647653458
counter/10/0/0/0,1902:1747647651694:,1747647653458
counter/10/0/0/0,1903:1747647651694:,1747647653458
counter/10/0/0/0,1904:1747647651694:,1747647653458
counter/3/0/0/0,2141:1747647651495:,1747647653458
counter/10/0/0/0,1905:1747647651694:,1747647653459
counter/2/0/0/0,1851:1747647651319:,1747647653459
counter/10/0/0/0,1906:1747647651694:,1747647653459
counter/10/0/0/0,1907:1747647651694:,1747647653459
counter/10/0/0/0,1908:1747647651694:,1747647653459
counter/10/0/0/0,1909:1747647651694:,1747647653459
counter/7/0/0/0,1824:1747647651386:,1747647653459
counter/5/0/0/0,1963:1747647651343:,1747647653461
counter/1/0/0/0,2465:1747647652033:,1747647653461
counter/4/0/0/0,2142:1747647651592:,1747647653462
counter/4/0/0/0,2143:1747647651594:,1747647653462
counter/4/0/0/0,2144:1747647651594:,1747647653462
counter/4/0/0/0,2145:1747647651594:,1747647653462
counter/1/0/0/0,2466:1747647652033:,1747647653463
counter/6/0/0/0,1884:1747647651456:,1747647653464
counter/4/0/0/0,2146:1747647651594:,1747647653464
counter/2/0/0/0,1852:1747647651319:,1747647653465
counter/4/0/0/0,2147:1747647651594:,1747647653465
counter/9/0/0/0,2033:1747647651628:,1747647653465
counter/9/0/0/0,2034:1747647651628:,1747647653465
counter/9/0/0/0,2035:1747647651628:,1747647653465
counter/9/0/0/0,2036:1747647651639:,1747647653465
counter/9/0/0/0,2037:1747647651639:,1747647653465
counter/9/0/0/0,2038:1747647651639:,1747647653465
counter/4/0/0/0,2148:1747647651595:,1747647653466
counter/6/0/0/0,1885:1747647651456:,1747647653466
counter/5/0/0/0,1964:1747647651343:,1747647653470
counter/5/0/0/0,1965:1747647651343:,1747647653470
counter/5/0/0/0,1966:1747647651343:,1747647653470
counter/5/0/0/0,1967:1747647651343:,1747647653470
counter/3/0/0/0,2142:1747647651495:,1747647653470
counter/7/0/0/0,1825:1747647651386:,1747647653471
counter/6/0/0/0,1886:1747647651456:,1747647653471
counter/4/0/0/0,2149:1747647651595:,1747647653472
counter/8/0/0/0,2046:1747647651301:,1747647653472
counter/1/0/0/0,2467:1747647652033:,1747647653472
counter/6/0/0/0,1887:1747647651456:,1747647653473
counter/6/0/0/0,1888:1747647651456:,1747647653473
counter/9/0/0/0,2039:1747647651639:,1747647653473
counter/6/0/0/0,1889:1747647651456:,1747647653473
counter/2/0/0/0,1853:1747647651319:,1747647653474
counter/7/0/0/0,1826:1747647651386:,1747647653474
counter/4/0/0/0,2150:1747647651595:,1747647653474
counter/8/0/0/0,2047:1747647651301:,1747647653474
counter/8/0/0/0,2048:1747647651301:,1747647653474
counter/8/0/0/0,2049:1747647651301:,1747647653474
counter/8/0/0/0,2050:1747647651301:,1747647653474
counter/9/0/0/0,2040:1747647651647:,1747647653474
counter/9/0/0/0,2041:1747647651647:,1747647653475
counter/5/0/0/0,1968:1747647651343:,1747647653475
counter/5/0/0/0,1969:1747647651343:,1747647653475
counter/6/0/0/0,1890:1747647651456:,1747647653475
counter/4/0/0/0,2151:1747647651595:,1747647653475
counter/8/0/0/0,2051:1747647651301:,1747647653475
counter/4/0/0/0,2152:1747647651595:,1747647653475
counter/10/0/0/0,1910:1747647651694:,1747647653475
counter/6/0/0/0,1891:1747647651457:,1747647653476
counter/1/0/0/0,2468:1747647652033:,1747647653477
counter/1/0/0/0,2469:1747647652033:,1747647653477
counter/2/0/0/0,1854:1747647651319:,1747647653477
counter/1/0/0/0,2470:1747647652034:,1747647653477
counter/2/0/0/0,1855:1747647651319:,1747647653477
counter/2/0/0/0,1856:1747647651319:,1747647653477
counter/8/0/0/0,2052:1747647651301:,1747647653477
counter/2/0/0/0,1857:1747647651319:,1747647653477
counter/9/0/0/0,2042:1747647651647:,1747647653477
counter/2/0/0/0,1858:1747647651319:,1747647653477
counter/8/0/0/0,2053:1747647651303:,1747647653477
counter/2/0/0/0,1859:1747647651319:,1747647653477
counter/8/0/0/0,2054:1747647651313:,1747647653477
counter/2/0/0/0,1860:1747647651319:,1747647653477
counter/8/0/0/0,2055:1747647651313:,1747647653477
counter/6/0/0/0,1892:1747647651462:,1747647653477
counter/3/0/0/0,2143:1747647651495:,1747647653478
counter/3/0/0/0,2144:1747647651495:,1747647653478
counter/3/0/0/0,2145:1747647651495:,1747647653478
counter/3/0/0/0,2146:1747647651495:,1747647653478
counter/3/0/0/0,2147:1747647651495:,1747647653478
counter/3/0/0/0,2148:1747647651495:,1747647653478
counter/10/0/0/0,1911:1747647651694:,1747647653479
counter/3/0/0/0,2149:1747647651495:,1747647653479
counter/9/0/0/0,2043:1747647651647:,1747647653479
counter/4/0/0/0,2153:1747647651595:,1747647653480
counter/6/0/0/0,1893:1747647651462:,1747647653480
counter/6/0/0/0,1894:1747647651463:,1747647653480
counter/10/0/0/0,1912:1747647651694:,1747647653481
counter/1/0/0/0,2471:1747647652034:,1747647653481
counter/1/0/0/0,2472:1747647652034:,1747647653481
counter/4/0/0/0,2154:1747647651598:,1747647653481
counter/9/0/0/0,2044:1747647651647:,1747647653481
counter/8/0/0/0,2056:1747647651313:,1747647653482
counter/8/0/0/0,2057:1747647651321:,1747647653482
counter/8/0/0/0,2058:1747647651321:,1747647653482
counter/8/0/0/0,2059:1747647651321:,1747647653482
counter/1/0/0/0,2473:1747647652034:,1747647653482
counter/9/0/0/0,2045:1747647651647:,1747647653482
counter/7/0/0/0,1827:1747647651386:,1747647653483
counter/2/0/0/0,1861:1747647651319:,1747647653483
counter/2/0/0/0,1862:1747647651319:,1747647653483
counter/2/0/0/0,1863:1747647651319:,1747647653483
counter/2/0/0/0,1864:1747647651323:,1747647653484
counter/2/0/0/0,1865:1747647651324:,1747647653484
counter/2/0/0/0,1866:1747647651324:,1747647653484
counter/2/0/0/0,1867:1747647651324:,1747647653484
counter/2/0/0/0,1868:1747647651324:,1747647653484
counter/2/0/0/0,1869:1747647651324:,1747647653484
counter/9/0/0/0,2046:1747647651647:,1747647653484
counter/8/0/0/0,2060:1747647651321:,1747647653484
counter/8/0/0/0,2061:1747647651321:,1747647653484
counter/9/0/0/0,2047:1747647651647:,1747647653484
counter/9/0/0/0,2048:1747647651647:,1747647653484
counter/9/0/0/0,2049:1747647651647:,1747647653485
counter/8/0/0/0,2062:1747647651322:,1747647653485
counter/8/0/0/0,2063:1747647651322:,1747647653485
counter/9/0/0/0,2050:1747647651647:,1747647653485
counter/9/0/0/0,2051:1747647651649:,1747647653485
counter/9/0/0/0,2052:1747647651649:,1747647653486
counter/7/0/0/0,1828:1747647651386:,1747647653486
counter/3/0/0/0,2150:1747647651495:,1747647653488
counter/6/0/0/0,1895:1747647651463:,1747647653488
counter/7/0/0/0,1829:1747647651386:,1747647653488
counter/8/0/0/0,2064:1747647651322:,1747647653488
counter/10/0/0/0,1913:1747647651694:,1747647653489
counter/4/0/0/0,2155:1747647651598:,1747647653489
counter/2/0/0/0,1870:1747647651324:,1747647653489
counter/2/0/0/0,1871:1747647651324:,1747647653489
counter/2/0/0/0,1872:1747647651324:,1747647653489
counter/2/0/0/0,1873:1747647651324:,1747647653489
counter/2/0/0/0,1874:1747647651324:,1747647653489
counter/2/0/0/0,1875:1747647651324:,1747647653489
counter/4/0/0/0,2156:1747647651598:,1747647653490
counter/5/0/0/0,1970:1747647651343:,1747647653491
counter/5/0/0/0,1971:1747647651343:,1747647653491
counter/5/0/0/0,1972:1747647651343:,1747647653491
counter/5/0/0/0,1973:1747647651343:,1747647653491
counter/2/0/0/0,1876:1747647651324:,1747647653491
counter/5/0/0/0,1974:1747647651343:,1747647653492
counter/5/0/0/0,1975:1747647651343:,1747647653492
counter/5/0/0/0,1976:1747647651346:,1747647653492
counter/5/0/0/0,1977:1747647651346:,1747647653492
counter/5/0/0/0,1978:1747647651346:,1747647653492
counter/5/0/0/0,1979:1747647651346:,1747647653492
counter/4/0/0/0,2157:1747647651598:,1747647653492
counter/4/0/0/0,2158:1747647651598:,1747647653492
counter/9/0/0/0,2053:1747647651650:,1747647653492
counter/9/0/0/0,2054:1747647651650:,1747647653493
counter/9/0/0/0,2055:1747647651650:,1747647653493
counter/9/0/0/0,2056:1747647651650:,1747647653493
counter/9/0/0/0,2057:1747647651650:,1747647653493
counter/9/0/0/0,2058:1747647651650:,1747647653493
counter/9/0/0/0,2059:1747647651650:,1747647653493
counter/3/0/0/0,2151:1747647651495:,1747647653493
counter/3/0/0/0,2152:1747647651495:,1747647653493
counter/3/0/0/0,2153:1747647651495:,1747647653493
counter/3/0/0/0,2154:1747647651495:,1747647653493
counter/3/0/0/0,2155:1747647651495:,1747647653493
counter/9/0/0/0,2060:1747647651650:,1747647653493
counter/3/0/0/0,2156:1747647651495:,1747647653494
counter/9/0/0/0,2061:1747647651650:,1747647653494
counter/9/0/0/0,2062:1747647651650:,1747647653494
counter/9/0/0/0,2063:1747647651651:,1747647653494
counter/9/0/0/0,2064:1747647651651:,1747647653494
counter/9/0/0/0,2065:1747647651651:,1747647653494
counter/9/0/0/0,2066:1747647651651:,1747647653494
counter/9/0/0/0,2067:1747647651651:,1747647653494
counter/4/0/0/0,2159:1747647651598:,1747647653494
counter/3/0/0/0,2157:1747647651495:,1747647653494
counter/3/0/0/0,2158:1747647651495:,1747647653494
counter/3/0/0/0,2159:1747647651496:,1747647653494
counter/10/0/0/0,1914:1747647651694:,1747647653495
counter/10/0/0/0,1915:1747647651694:,1747647653495
counter/10/0/0/0,1916:1747647651694:,1747647653495
counter/10/0/0/0,1917:1747647651694:,1747647653495
counter/10/0/0/0,1918:1747647651694:,1747647653495
counter/10/0/0/0,1919:1747647651694:,1747647653495
counter/10/0/0/0,1920:1747647651695:,1747647653495
counter/10/0/0/0,1921:1747647651697:,1747647653495
counter/10/0/0/0,1922:1747647651697:,1747647653495
counter/10/0/0/0,1923:1747647651697:,1747647653495
counter/10/0/0/0,1924:1747647651697:,1747647653496
counter/6/0/0/0,1896:1747647651463:,1747647653496
counter/6/0/0/0,1897:1747647651463:,1747647653496
counter/3/0/0/0,2160:1747647651496:,1747647653496
counter/3/0/0/0,2161:1747647651496:,1747647653496
counter/7/0/0/0,1830:1747647651386:,1747647653497
counter/4/0/0/0,2160:1747647651598:,1747647653498
counter/4/0/0/0,2161:1747647651598:,1747647653498
counter/4/0/0/0,2162:1747647651598:,1747647653498
counter/4/0/0/0,2163:1747647651598:,1747647653498
counter/4/0/0/0,2164:1747647651606:,1747647653498
counter/4/0/0/0,2165:1747647651606:,1747647653498
counter/4/0/0/0,2166:1747647651606:,1747647653498
counter/4/0/0/0,2167:1747647651606:,1747647653498
counter/4/0/0/0,2168:1747647651606:,1747647653498
counter/4/0/0/0,2169:1747647651606:,1747647653498
counter/4/0/0/0,2170:1747647651608:,1747647653498
counter/5/0/0/0,1980:1747647651346:,1747647653499
counter/5/0/0/0,1981:1747647651346:,1747647653499
counter/5/0/0/0,1982:1747647651346:,1747647653499
counter/5/0/0/0,1983:1747647651346:,1747647653499
counter/5/0/0/0,1984:1747647651346:,1747647653499
counter/5/0/0/0,1985:1747647651346:,1747647653499
counter/5/0/0/0,1986:1747647651346:,1747647653499
counter/1/0/0/0,2474:1747647652034:,1747647653499
counter/9/0/0/0,2068:1747647651651:,1747647653499
counter/9/0/0/0,2069:1747647651651:,1747647653499
counter/9/0/0/0,2070:1747647651651:,1747647653499
counter/9/0/0/0,2071:1747647651651:,1747647653499
counter/6/0/0/0,1898:1747647651463:,1747647653499
counter/8/0/0/0,2065:1747647651322:,1747647653499
counter/8/0/0/0,2066:1747647651322:,1747647653499
counter/8/0/0/0,2067:1747647651322:,1747647653499
counter/8/0/0/0,2068:1747647651322:,1747647653499
counter/8/0/0/0,2069:1747647651322:,1747647653499
counter/8/0/0/0,2070:1747647651322:,1747647653499
counter/8/0/0/0,2071:1747647651322:,1747647653499
counter/8/0/0/0,2072:1747647651322:,1747647653499
counter/8/0/0/0,2073:1747647651323:,1747647653499
counter/10/0/0/0,1925:1747647651697:,1747647653500
counter/1/0/0/0,2475:1747647652034:,1747647653500
counter/5/0/0/0,1987:1747647651346:,1747647653500
counter/4/0/0/0,2171:1747647651608:,1747647653501
counter/4/0/0/0,2172:1747647651608:,1747647653502
counter/4/0/0/0,2173:1747647651608:,1747647653502
counter/4/0/0/0,2174:1747647651608:,1747647653502
counter/4/0/0/0,2175:1747647651608:,1747647653502
counter/4/0/0/0,2176:1747647651608:,1747647653502
counter/4/0/0/0,2177:1747647651608:,1747647653502
counter/4/0/0/0,2178:1747647651608:,1747647653502
counter/4/0/0/0,2179:1747647651608:,1747647653502
counter/4/0/0/0,2180:1747647651608:,1747647653502
counter/2/0/0/0,1877:1747647651324:,1747647653502
counter/7/0/0/0,1831:1747647651386:,1747647653502
counter/1/0/0/0,2476:1747647652034:,1747647653503
counter/6/0/0/0,1899:1747647651463:,1747647653503
counter/8/0/0/0,2074:1747647651323:,1747647653503
counter/2/0/0/0,1878:1747647651324:,1747647653504
counter/2/0/0/0,1879:1747647651324:,1747647653504
counter/2/0/0/0,1880:1747647651324:,1747647653504
counter/2/0/0/0,1881:1747647651324:,1747647653504
counter/2/0/0/0,1882:1747647651324:,1747647653504
counter/2/0/0/0,1883:1747647651324:,1747647653504
counter/2/0/0/0,1884:1747647651324:,1747647653504
counter/2/0/0/0,1885:1747647651324:,1747647653504
counter/2/0/0/0,1886:1747647651324:,1747647653505
counter/2/0/0/0,1887:1747647651324:,1747647653505
counter/6/0/0/0,1900:1747647651463:,1747647653505
counter/8/0/0/0,2075:1747647651323:,1747647653505
counter/8/0/0/0,2076:1747647651323:,1747647653505
counter/8/0/0/0,2077:1747647651323:,1747647653505
counter/8/0/0/0,2078:1747647651323:,1747647653505
counter/8/0/0/0,2079:1747647651323:,1747647653505
counter/8/0/0/0,2080:1747647651323:,1747647653505
counter/8/0/0/0,2081:1747647651323:,1747647653505
counter/8/0/0/0,2082:1747647651323:,1747647653505
counter/8/0/0/0,2083:1747647651323:,1747647653505
counter/4/0/0/0,2181:1747647651608:,1747647653505
counter/4/0/0/0,2182:1747647651608:,1747647653505
counter/4/0/0/0,2183:1747647651612:,1747647653505
counter/4/0/0/0,2184:1747647651612:,1747647653505
counter/4/0/0/0,2185:1747647651612:,1747647653505
counter/6/0/0/0,1901:1747647651463:,1747647653505
counter/3/0/0/0,2162:1747647651496:,1747647653509
counter/4/0/0/0,2186:1747647651612:,1747647653511
counter/4/0/0/0,2187:1747647651612:,1747647653511
counter/4/0/0/0,2188:1747647651613:,1747647653511
counter/4/0/0/0,2189:1747647651613:,1747647653511
counter/4/0/0/0,2190:1747647651613:,1747647653511
counter/4/0/0/0,2191:1747647651613:,1747647653511
counter/7/0/0/0,1832:1747647651386:,1747647653511
counter/2/0/0/0,1888:1747647651324:,1747647653511
counter/2/0/0/0,1889:1747647651324:,1747647653511
counter/2/0/0/0,1890:1747647651324:,1747647653511
counter/2/0/0/0,1891:1747647651324:,1747647653511
counter/3/0/0/0,2163:1747647651496:,1747647653512
counter/3/0/0/0,2164:1747647651496:,1747647653512
counter/6/0/0/0,1902:1747647651463:,1747647653512
counter/3/0/0/0,2165:1747647651496:,1747647653512
counter/10/0/0/0,1926:1747647651697:,1747647653512
counter/2/0/0/0,1892:1747647651324:,1747647653513
counter/6/0/0/0,1903:1747647651463:,1747647653513
counter/6/0/0/0,1904:1747647651463:,1747647653513
counter/6/0/0/0,1905:1747647651463:,1747647653513
counter/6/0/0/0,1906:1747647651463:,1747647653514
counter/5/0/0/0,1988:1747647651346:,1747647653514
counter/10/0/0/0,1927:1747647651697:,1747647653515
counter/9/0/0/0,2072:1747647651651:,1747647653515
counter/9/0/0/0,2073:1747647651651:,1747647653515
counter/9/0/0/0,2074:1747647651651:,1747647653515
counter/9/0/0/0,2075:1747647651651:,1747647653515
counter/9/0/0/0,2076:1747647651651:,1747647653515
counter/9/0/0/0,2077:1747647651651:,1747647653515
counter/6/0/0/0,1907:1747647651478:,1747647653516
counter/3/0/0/0,2166:1747647651496:,1747647653516
counter/6/0/0/0,1908:1747647651478:,1747647653516
counter/3/0/0/0,2167:1747647651496:,1747647653516
counter/9/0/0/0,2078:1747647651651:,1747647653516
counter/9/0/0/0,2079:1747647651651:,1747647653516
counter/9/0/0/0,2080:1747647651651:,1747647653516
counter/9/0/0/0,2081:1747647651651:,1747647653516
counter/9/0/0/0,2082:1747647651651:,1747647653516
counter/9/0/0/0,2083:1747647651651:,1747647653516
counter/9/0/0/0,2084:1747647651651:,1747647653516
counter/9/0/0/0,2085:1747647651651:,1747647653516
counter/7/0/0/0,1833:1747647651408:,1747647653516
counter/6/0/0/0,1909:1747647651478:,1747647653518
counter/6/0/0/0,1910:1747647651478:,1747647653519
counter/3/0/0/0,2168:1747647651496:,1747647653519
counter/3/0/0/0,2169:1747647651496:,1747647653520
counter/3/0/0/0,2170:1747647651496:,1747647653520
counter/3/0/0/0,2171:1747647651496:,1747647653520
counter/3/0/0/0,2172:1747647651496:,1747647653520
counter/3/0/0/0,2173:1747647651496:,1747647653520
counter/3/0/0/0,2174:1747647651496:,1747647653520
counter/3/0/0/0,2175:1747647651496:,1747647653520
counter/2/0/0/0,1893:1747647651324:,1747647653520
counter/8/0/0/0,2084:1747647651323:,1747647653520
counter/3/0/0/0,2176:1747647651496:,1747647653520
counter/8/0/0/0,2085:1747647651323:,1747647653520
counter/8/0/0/0,2086:1747647651323:,1747647653520
counter/8/0/0/0,2087:1747647651325:,1747647653520
counter/8/0/0/0,2088:1747647651325:,1747647653520
counter/8/0/0/0,2089:1747647651325:,1747647653521
counter/8/0/0/0,2090:1747647651325:,1747647653521
counter/8/0/0/0,2091:1747647651325:,1747647653521
counter/8/0/0/0,2092:1747647651325:,1747647653521
counter/8/0/0/0,2093:1747647651328:,1747647653521
counter/8/0/0/0,2094:1747647651328:,1747647653521
counter/8/0/0/0,2095:1747647651328:,1747647653521
counter/8/0/0/0,2096:1747647651328:,1747647653521
counter/8/0/0/0,2097:1747647651328:,1747647653521
counter/8/0/0/0,2098:1747647651328:,1747647653521
counter/8/0/0/0,2099:1747647651328:,1747647653521
counter/10/0/0/0,1928:1747647651697:,1747647653522
counter/6/0/0/0,1911:1747647651479:,1747647653522
counter/3/0/0/0,2177:1747647651496:,1747647653522
counter/3/0/0/0,2178:1747647651496:,1747647653522
counter/3/0/0/0,2179:1747647651496:,1747647653522
counter/3/0/0/0,2180:1747647651496:,1747647653522
counter/3/0/0/0,2181:1747647651496:,1747647653522
counter/3/0/0/0,2182:1747647651496:,1747647653522
counter/3/0/0/0,2183:1747647651496:,1747647653522
counter/3/0/0/0,2184:1747647651496:,1747647653522
counter/3/0/0/0,2185:1747647651496:,1747647653522
counter/3/0/0/0,2186:1747647651498:,1747647653523
counter/3/0/0/0,2187:1747647651498:,1747647653523
counter/3/0/0/0,2188:1747647651498:,1747647653523
counter/3/0/0/0,2189:1747647651498:,1747647653523
counter/3/0/0/0,2190:1747647651499:,1747647653523
counter/3/0/0/0,2191:1747647651499:,1747647653523
counter/3/0/0/0,2192:1747647651499:,1747647653523
counter/1/0/0/0,2477:1747647652034:,1747647653523
counter/1/0/0/0,2478:1747647652034:,1747647653523
counter/1/0/0/0,2479:1747647652034:,1747647653523
counter/1/0/0/0,2480:1747647652034:,1747647653523
counter/1/0/0/0,2481:1747647652034:,1747647653523
counter/6/0/0/0,1912:1747647651479:,1747647653523
counter/6/0/0/0,1913:1747647651479:,1747647653523
counter/6/0/0/0,1914:1747647651479:,1747647653524
counter/9/0/0/0,2086:1747647651651:,1747647653524
counter/9/0/0/0,2087:1747647651651:,1747647653524
counter/9/0/0/0,2088:1747647651651:,1747647653524
counter/9/0/0/0,2089:1747647651651:,1747647653524
counter/9/0/0/0,2090:1747647651651:,1747647653524
counter/4/0/0/0,2192:1747647651613:,1747647653524
counter/5/0/0/0,1989:1747647651346:,1747647653524
counter/1/0/0/0,2482:1747647652034:,1747647653524
counter/7/0/0/0,1834:1747647651408:,1747647653524
counter/7/0/0/0,1835:1747647651408:,1747647653524
counter/7/0/0/0,1836:1747647651408:,1747647653524
counter/7/0/0/0,1837:1747647651408:,1747647653524
counter/6/0/0/0,1915:1747647651479:,1747647653524
counter/9/0/0/0,2091:1747647651651:,1747647653524
counter/9/0/0/0,2092:1747647651651:,1747647653524
counter/9/0/0/0,2093:1747647651651:,1747647653524
counter/9/0/0/0,2094:1747647651651:,1747647653525
counter/10/0/0/0,1929:1747647651697:,1747647653525
counter/10/0/0/0,1930:1747647651697:,1747647653525
counter/10/0/0/0,1931:1747647651697:,1747647653525
counter/10/0/0/0,1932:1747647651697:,1747647653525
counter/10/0/0/0,1933:1747647651697:,1747647653525
counter/10/0/0/0,1934:1747647651697:,1747647653525
counter/10/0/0/0,1935:1747647651697:,1747647653525
counter/10/0/0/0,1936:1747647651697:,1747647653525
counter/10/0/0/0,1937:1747647651697:,1747647653526
counter/10/0/0/0,1938:1747647651697:,1747647653526
counter/10/0/0/0,1939:1747647651697:,1747647653526
counter/10/0/0/0,1940:1747647651697:,1747647653526
counter/10/0/0/0,1941:1747647651697:,1747647653526
counter/10/0/0/0,1942:1747647651697:,1747647653526
counter/10/0/0/0,1943:1747647651704:,1747647653526
counter/10/0/0/0,1944:1747647651704:,1747647653526
counter/10/0/0/0,1945:1747647651705:,1747647653526
counter/8/0/0/0,2100:1747647651328:,1747647653526
counter/9/0/0/0,2095:1747647651652:,1747647653526
counter/3/0/0/0,2193:1747647651499:,1747647653526
counter/3/0/0/0,2194:1747647651506:,1747647653526
counter/10/0/0/0,1946:1747647651705:,1747647653527
counter/6/0/0/0,1916:1747647651479:,1747647653527
counter/9/0/0/0,2096:1747647651652:,1747647653527
counter/9/0/0/0,2097:1747647651652:,1747647653527
counter/4/0/0/0,2193:1747647651613:,1747647653527
counter/2/0/0/0,1894:1747647651325:,1747647653527
counter/2/0/0/0,1895:1747647651325:,1747647653527
counter/2/0/0/0,1896:1747647651325:,1747647653527
counter/2/0/0/0,1897:1747647651325:,1747647653527
counter/2/0/0/0,1898:1747647651325:,1747647653527
counter/2/0/0/0,1899:1747647651332:,1747647653527
counter/2/0/0/0,1900:1747647651333:,1747647653527
counter/2/0/0/0,1901:1747647651333:,1747647653528
counter/1/0/0/0,2483:1747647652034:,1747647653528
counter/1/0/0/0,2484:1747647652034:,1747647653528
counter/8/0/0/0,2101:1747647651328:,1747647653528
counter/10/0/0/0,1947:1747647651705:,1747647653528
counter/7/0/0/0,1838:1747647651408:,1747647653528
counter/7/0/0/0,1839:1747647651408:,1747647653528
counter/6/0/0/0,1917:1747647651479:,1747647653528
counter/7/0/0/0,1840:1747647651408:,1747647653528
counter/6/0/0/0,1918:1747647651479:,1747647653529
counter/9/0/0/0,2098:1747647651652:,1747647653529
counter/9/0/0/0,2099:1747647651652:,1747647653529
counter/9/0/0/0,2100:1747647651652:,1747647653529
counter/9/0/0/0,2101:1747647651652:,1747647653529
counter/9/0/0/0,2102:1747647651652:,1747647653529
counter/9/0/0/0,2103:1747647651652:,1747647653529
counter/9/0/0/0,2104:1747647651652:,1747647653529
counter/9/0/0/0,2105:1747647651652:,1747647653529
counter/9/0/0/0,2106:1747647651652:,1747647653529
counter/9/0/0/0,2107:1747647651652:,1747647653529
counter/1/0/0/0,2485:1747647652034:,1747647653529
counter/7/0/0/0,1841:1747647651408:,1747647653529
counter/7/0/0/0,1842:1747647651408:,1747647653530
counter/7/0/0/0,1843:1747647651408:,1747647653530
counter/7/0/0/0,1844:1747647651408:,1747647653530
counter/6/0/0/0,1919:1747647651479:,1747647653530
counter/9/0/0/0,2108:1747647651652:,1747647653531
counter/5/0/0/0,1990:1747647651346:,1747647653531
counter/5/0/0/0,1991:1747647651346:,1747647653531
counter/5/0/0/0,1992:1747647651346:,1747647653531
counter/5/0/0/0,1993:1747647651346:,1747647653531
counter/5/0/0/0,1994:1747647651346:,1747647653531
counter/5/0/0/0,1995:1747647651346:,1747647653531
counter/5/0/0/0,1996:1747647651346:,1747647653531
counter/5/0/0/0,1997:1747647651347:,1747647653531
counter/10/0/0/0,1948:1747647651705:,1747647653531
counter/10/0/0/0,1949:1747647651705:,1747647653531
counter/4/0/0/0,2194:1747647651613:,1747647653531
counter/6/0/0/0,1920:1747647651479:,1747647653531
counter/4/0/0/0,2195:1747647651613:,1747647653531
counter/6/0/0/0,1921:1747647651479:,1747647653531
counter/6/0/0/0,1922:1747647651479:,1747647653532
counter/6/0/0/0,1923:1747647651479:,1747647653532
counter/9/0/0/0,2109:1747647651655:,1747647653532
counter/6/0/0/0,1924:1747647651479:,1747647653532
counter/6/0/0/0,1925:1747647651479:,1747647653532
counter/6/0/0/0,1926:1747647651479:,1747647653532
counter/6/0/0/0,1927:1747647651479:,1747647653534
counter/6/0/0/0,1928:1747647651479:,1747647653534
counter/6/0/0/0,1929:1747647651479:,1747647653534
counter/6/0/0/0,1930:1747647651479:,1747647653534
counter/6/0/0/0,1931:1747647651479:,1747647653534
counter/8/0/0/0,2102:1747647651328:,1747647653534
counter/8/0/0/0,2103:1747647651328:,1747647653534
counter/8/0/0/0,2104:1747647651328:,1747647653534
counter/8/0/0/0,2105:1747647651328:,1747647653534
counter/3/0/0/0,2195:1747647651506:,1747647653534
counter/10/0/0/0,1950:1747647651705:,1747647653535
counter/1/0/0/0,2486:1747647652034:,1747647653535
counter/1/0/0/0,2487:1747647652034:,1747647653535
counter/1/0/0/0,2488:1747647652034:,1747647653535
counter/1/0/0/0,2489:1747647652034:,1747647653535
counter/1/0/0/0,2490:1747647652034:,1747647653535
counter/1/0/0/0,2491:1747647652034:,1747647653535
counter/1/0/0/0,2492:1747647652034:,1747647653535
counter/1/0/0/0,2493:1747647652034:,1747647653535
counter/1/0/0/0,2494:1747647652035:,1747647653535
counter/1/0/0/0,2495:1747647652035:,1747647653535
counter/3/0/0/0,2196:1747647651507:,1747647653535
counter/3/0/0/0,2197:1747647651507:,1747647653535
counter/3/0/0/0,2198:1747647651516:,1747647653535
counter/2/0/0/0,1902:1747647651333:,1747647653536
counter/1/0/0/0,2496:1747647652035:,1747647653536
counter/1/0/0/0,2497:1747647652035:,1747647653536
counter/1/0/0/0,2498:1747647652035:,1747647653536
counter/1/0/0/0,2499:1747647652035:,1747647653536
counter/1/0/0/0,2500:1747647652035:,1747647653536
counter/1/0/0/0,2501:1747647652035:,1747647653536
counter/1/0/0/0,2502:1747647652035:,1747647653536
counter/1/0/0/0,2503:1747647652035:,1747647653536
counter/9/0/0/0,2110:1747647651655:,1747647653536
counter/5/0/0/0,1998:1747647651347:,1747647653537
counter/5/0/0/0,1999:1747647651347:,1747647653537
counter/5/0/0/0,2000:1747647651347:,1747647653537
counter/5/0/0/0,2001:1747647651347:,1747647653537
counter/5/0/0/0,2002:1747647651347:,1747647653537
counter/2/0/0/0,1903:1747647651333:,1747647653537
counter/2/0/0/0,1904:1747647651333:,1747647653537
counter/2/0/0/0,1905:1747647651333:,1747647653537
counter/1/0/0/0,2504:1747647652035:,1747647653537
counter/6/0/0/0,1932:1747647651479:,1747647653537
counter/4/0/0/0,2196:1747647651613:,1747647653539
counter/9/0/0/0,2111:1747647651655:,1747647653539
counter/3/0/0/0,2199:1747647651516:,1747647653539
counter/9/0/0/0,2112:1747647651655:,1747647653539
counter/9/0/0/0,2113:1747647651655:,1747647653539
counter/9/0/0/0,2114:1747647651655:,1747647653539
counter/9/0/0/0,2115:1747647651655:,1747647653539
counter/9/0/0/0,2116:1747647651655:,1747647653539
counter/9/0/0/0,2117:1747647651655:,1747647653539
counter/9/0/0/0,2118:1747647651655:,1747647653539
counter/7/0/0/0,1845:1747647651408:,1747647653539
counter/8/0/0/0,2106:1747647651328:,1747647653539
counter/8/0/0/0,2107:1747647651329:,1747647653539
counter/8/0/0/0,2108:1747647651329:,1747647653539
counter/5/0/0/0,2003:1747647651347:,1747647653539
counter/9/0/0/0,2119:1747647651655:,1747647653540
counter/7/0/0/0,1846:1747647651408:,1747647653540
counter/8/0/0/0,2109:1747647651329:,1747647653540
counter/7/0/0/0,1847:1747647651408:,1747647653540
counter/7/0/0/0,1848:1747647651408:,1747647653540
counter/7/0/0/0,1849:1747647651409:,1747647653540
counter/7/0/0/0,1850:1747647651409:,1747647653540
counter/7/0/0/0,1851:1747647651409:,1747647653540
counter/7/0/0/0,1852:1747647651413:,1747647653540
counter/7/0/0/0,1853:1747647651413:,1747647653540
counter/7/0/0/0,1854:1747647651413:,1747647653540
counter/7/0/0/0,1855:1747647651414:,1747647653540
counter/7/0/0/0,1856:1747647651414:,1747647653540
counter/7/0/0/0,1857:1747647651414:,1747647653540
counter/6/0/0/0,1933:1747647651479:,1747647653540
counter/7/0/0/0,1858:1747647651439:,1747647653540
counter/6/0/0/0,1934:1747647651479:,1747647653540
counter/7/0/0/0,1859:1747647651439:,1747647653540
counter/6/0/0/0,1935:1747647651479:,1747647653541
counter/7/0/0/0,1860:1747647651440:,1747647653541
counter/7/0/0/0,1861:1747647651440:,1747647653541
counter/7/0/0/0,1862:1747647651440:,1747647653541
counter/3/0/0/0,2200:1747647651516:,1747647653541
counter/3/0/0/0,2201:1747647651516:,1747647653541
counter/3/0/0/0,2202:1747647651516:,1747647653541
counter/3/0/0/0,2203:1747647651516:,1747647653541
counter/3/0/0/0,2204:1747647651526:,1747647653541
counter/3/0/0/0,2205:1747647651526:,1747647653541
counter/3/0/0/0,2206:1747647651526:,1747647653541
counter/3/0/0/0,2207:1747647651544:,1747647653541
counter/3/0/0/0,2208:1747647651544:,1747647653541
counter/3/0/0/0,2209:1747647651547:,1747647653541
counter/3/0/0/0,2210:1747647651547:,1747647653541
counter/9/0/0/0,2120:1747647651656:,1747647653541
counter/3/0/0/0,2211:1747647651547:,1747647653541
counter/5/0/0/0,2004:1747647651347:,1747647653541
counter/3/0/0/0,2212:1747647651547:,1747647653541
counter/5/0/0/0,2005:1747647651350:,1747647653541
counter/5/0/0/0,2006:1747647651351:,1747647653541
counter/5/0/0/0,2007:1747647651353:,1747647653541
counter/7/0/0/0,1863:1747647651440:,1747647653541
counter/5/0/0/0,2008:1747647651353:,1747647653541
counter/5/0/0/0,2009:1747647651353:,1747647653541
counter/10/0/0/0,1951:1747647651705:,1747647653541
counter/10/0/0/0,1952:1747647651705:,1747647653541
counter/10/0/0/0,1953:1747647651705:,1747647653541
counter/10/0/0/0,1954:1747647651705:,1747647653542
counter/10/0/0/0,1955:1747647651707:,1747647653542
counter/10/0/0/0,1956:1747647651720:,1747647653542
counter/7/0/0/0,1864:1747647651440:,1747647653543
counter/1/0/0/0,2505:1747647652035:,1747647653544
counter/8/0/0/0,2110:1747647651329:,1747647653544
counter/1/0/0/0,2506:1747647652035:,1747647653544
counter/7/0/0/0,1865:1747647651440:,1747647653544
counter/2/0/0/0,1906:1747647651333:,1747647653547
counter/9/0/0/0,2121:1747647651656:,1747647653547
counter/9/0/0/0,2122:1747647651656:,1747647653547
counter/9/0/0/0,2123:1747647651656:,1747647653547
counter/9/0/0/0,2124:1747647651656:,1747647653547
counter/9/0/0/0,2125:1747647651656:,1747647653547
counter/9/0/0/0,2126:1747647651656:,1747647653547
counter/9/0/0/0,2127:1747647651656:,1747647653547
counter/9/0/0/0,2128:1747647651660:,1747647653547
counter/9/0/0/0,2129:1747647651660:,1747647653547
counter/9/0/0/0,2130:1747647651660:,1747647653547
counter/6/0/0/0,1936:1747647651479:,1747647653547
counter/9/0/0/0,2131:1747647651660:,1747647653548
counter/8/0/0/0,2111:1747647651331:,1747647653548
counter/8/0/0/0,2112:1747647651332:,1747647653548
counter/8/0/0/0,2113:1747647651332:,1747647653548
counter/8/0/0/0,2114:1747647651332:,1747647653548
counter/8/0/0/0,2115:1747647651332:,1747647653548
counter/8/0/0/0,2116:1747647651332:,1747647653548
counter/8/0/0/0,2117:1747647651332:,1747647653548
counter/5/0/0/0,2010:1747647651353:,1747647653548
counter/8/0/0/0,2118:1747647651332:,1747647653548
counter/5/0/0/0,2011:1747647651353:,1747647653548
counter/8/0/0/0,2119:1747647651332:,1747647653548
counter/5/0/0/0,2012:1747647651353:,1747647653548
counter/8/0/0/0,2120:1747647651332:,1747647653548
counter/5/0/0/0,2013:1747647651353:,1747647653548
counter/8/0/0/0,2121:1747647651332:,1747647653548
counter/5/0/0/0,2014:1747647651357:,1747647653548
counter/8/0/0/0,2122:1747647651332:,1747647653548
counter/5/0/0/0,2015:1747647651357:,1747647653549
counter/8/0/0/0,2123:1747647651332:,1747647653549
counter/5/0/0/0,2016:1747647651358:,1747647653549
counter/5/0/0/0,2017:1747647651358:,1747647653549
counter/5/0/0/0,2018:1747647651358:,1747647653549
counter/5/0/0/0,2019:1747647651358:,1747647653549
counter/6/0/0/0,1937:1747647651479:,1747647653549
counter/9/0/0/0,2132:1747647651660:,1747647653549
counter/9/0/0/0,2133:1747647651660:,1747647653549
counter/9/0/0/0,2134:1747647651660:,1747647653549
counter/9/0/0/0,2135:1747647651660:,1747647653549
counter/9/0/0/0,2136:1747647651684:,1747647653549
counter/9/0/0/0,2137:1747647651684:,1747647653549
counter/9/0/0/0,2138:1747647651684:,1747647653549
counter/9/0/0/0,2139:1747647651685:,1747647653549
counter/9/0/0/0,2140:1747647651685:,1747647653549
counter/9/0/0/0,2141:1747647651685:,1747647653549
counter/9/0/0/0,2142:1747647651685:,1747647653549
counter/10/0/0/0,1957:1747647651720:,1747647653549
counter/9/0/0/0,2143:1747647651685:,1747647653549
counter/9/0/0/0,2144:1747647651685:,1747647653550
counter/9/0/0/0,2145:1747647651685:,1747647653550
counter/3/0/0/0,2213:1747647651547:,1747647653552
counter/3/0/0/0,2214:1747647651547:,1747647653552
counter/3/0/0/0,2215:1747647651547:,1747647653552
counter/3/0/0/0,2216:1747647651547:,1747647653552
counter/3/0/0/0,2217:1747647651547:,1747647653552
counter/7/0/0/0,1866:1747647651440:,1747647653552
counter/3/0/0/0,2218:1747647651547:,1747647653552
counter/3/0/0/0,2219:1747647651547:,1747647653552
counter/3/0/0/0,2220:1747647651547:,1747647653552
counter/3/0/0/0,2221:1747647651547:,1747647653552
counter/1/0/0/0,2507:1747647652035:,1747647653552
counter/5/0/0/0,2020:1747647651358:,1747647653552
counter/3/0/0/0,2222:1747647651548:,1747647653553
counter/9/0/0/0,2146:1747647651692:,1747647653553
counter/3/0/0/0,2223:1747647651549:,1747647653553
counter/3/0/0/0,2224:1747647651549:,1747647653553
counter/3/0/0/0,2225:1747647651549:,1747647653553
counter/3/0/0/0,2226:1747647651549:,1747647653553
counter/3/0/0/0,2227:1747647651549:,1747647653553
counter/3/0/0/0,2228:1747647651549:,1747647653553
counter/3/0/0/0,2229:1747647651550:,1747647653553
counter/5/0/0/0,2021:1747647651358:,1747647653553
counter/1/0/0/0,2508:1747647652035:,1747647653554
counter/3/0/0/0,2230:1747647651550:,1747647653554
counter/3/0/0/0,2231:1747647651550:,1747647653554
counter/3/0/0/0,2232:1747647651550:,1747647653554
counter/3/0/0/0,2233:1747647651550:,1747647653554
counter/3/0/0/0,2234:1747647651550:,1747647653554
counter/3/0/0/0,2235:1747647651550:,1747647653554
counter/6/0/0/0,1938:1747647651479:,1747647653554
counter/5/0/0/0,2022:1747647651358:,1747647653554
counter/6/0/0/0,1939:1747647651479:,1747647653554
counter/9/0/0/0,2147:1747647651692:,1747647653555
counter/9/0/0/0,2148:1747647651692:,1747647653555
counter/9/0/0/0,2149:1747647651692:,1747647653555
counter/9/0/0/0,2150:1747647651692:,1747647653555
counter/9/0/0/0,2151:1747647651692:,1747647653555
counter/9/0/0/0,2152:1747647651692:,1747647653555
counter/9/0/0/0,2153:1747647651692:,1747647653555
counter/9/0/0/0,2154:1747647651692:,1747647653555
counter/5/0/0/0,2023:1747647651359:,1747647653555
counter/6/0/0/0,1940:1747647651479:,1747647653555
counter/8/0/0/0,2124:1747647651332:,1747647653556
counter/5/0/0/0,2024:1747647651359:,1747647653556
counter/7/0/0/0,1867:1747647651440:,1747647653557
counter/7/0/0/0,1868:1747647651440:,1747647653557
counter/7/0/0/0,1869:1747647651440:,1747647653557
counter/7/0/0/0,1870:1747647651440:,1747647653557
counter/7/0/0/0,1871:1747647651440:,1747647653557
counter/7/0/0/0,1872:1747647651440:,1747647653557
counter/7/0/0/0,1873:1747647651440:,1747647653557
counter/7/0/0/0,1874:1747647651440:,1747647653557
counter/7/0/0/0,1875:1747647651440:,1747647653557
counter/7/0/0/0,1876:1747647651440:,1747647653557
counter/7/0/0/0,1877:1747647651453:,1747647653557
counter/7/0/0/0,1878:1747647651453:,1747647653557
counter/7/0/0/0,1879:1747647651453:,1747647653557
counter/7/0/0/0,1880:1747647651454:,1747647653558
counter/8/0/0/0,2125:1747647651332:,1747647653558
counter/10/0/0/0,1958:1747647651721:,1747647653558
counter/10/0/0/0,1959:1747647651721:,1747647653558
counter/10/0/0/0,1960:1747647651721:,1747647653558
counter/10/0/0/0,1961:1747647651721:,1747647653558
counter/10/0/0/0,1962:1747647651721:,1747647653558
counter/10/0/0/0,1963:1747647651721:,1747647653558
counter/10/0/0/0,1964:1747647651721:,1747647653558
counter/5/0/0/0,2025:1747647651359:,1747647653558
counter/7/0/0/0,1881:1747647651454:,1747647653558
counter/4/0/0/0,2197:1747647651613:,1747647653559
counter/6/0/0/0,1941:1747647651479:,1747647653560
counter/3/0/0/0,2236:1747647651550:,1747647653560
counter/3/0/0/0,2237:1747647651551:,1747647653560
counter/3/0/0/0,2238:1747647651556:,1747647653560
counter/3/0/0/0,2239:1747647651556:,1747647653560
counter/3/0/0/0,2240:1747647651556:,1747647653560
counter/3/0/0/0,2241:1747647651556:,1747647653560
counter/1/0/0/0,2509:1747647652035:,1747647653561
counter/2/0/0/0,1907:1747647651333:,1747647653561
counter/1/0/0/0,2510:1747647652035:,1747647653561
counter/8/0/0/0,2126:1747647651332:,1747647653561
counter/6/0/0/0,1942:1747647651479:,1747647653562
counter/6/0/0/0,1943:1747647651479:,1747647653562
counter/6/0/0/0,1944:1747647651480:,1747647653562
counter/6/0/0/0,1945:1747647651484:,1747647653562
counter/6/0/0/0,1946:1747647651485:,1747647653562
counter/6/0/0/0,1947:1747647651485:,1747647653562
counter/6/0/0/0,1948:1747647651485:,1747647653563
counter/5/0/0/0,2026:1747647651359:,1747647653563
counter/4/0/0/0,2198:1747647651613:,1747647653564
counter/4/0/0/0,2199:1747647651613:,1747647653564
counter/8/0/0/0,2127:1747647651332:,1747647653564
counter/8/0/0/0,2128:1747647651332:,1747647653564
counter/8/0/0/0,2129:1747647651332:,1747647653564
counter/8/0/0/0,2130:1747647651332:,1747647653564
counter/8/0/0/0,2131:1747647651332:,1747647653564
counter/8/0/0/0,2132:1747647651338:,1747647653564
counter/8/0/0/0,2133:1747647651338:,1747647653564
counter/8/0/0/0,2134:1747647651338:,1747647653564
counter/9/0/0/0,2155:1747647651692:,1747647653564
counter/2/0/0/0,1908:1747647651333:,1747647653565
counter/4/0/0/0,2200:1747647651613:,1747647653565
counter/4/0/0/0,2201:1747647651613:,1747647653565
counter/4/0/0/0,2202:1747647651613:,1747647653565
counter/4/0/0/0,2203:1747647651613:,1747647653565
counter/4/0/0/0,2204:1747647651613:,1747647653565
counter/4/0/0/0,2205:1747647651613:,1747647653565
counter/4/0/0/0,2206:1747647651613:,1747647653565
counter/4/0/0/0,2207:1747647651613:,1747647653565
counter/9/0/0/0,2156:1747647651692:,1747647653565
counter/1/0/0/0,2511:1747647652035:,1747647653565
counter/2/0/0/0,1909:1747647651333:,1747647653566
counter/2/0/0/0,1910:1747647651333:,1747647653566
counter/2/0/0/0,1911:1747647651333:,1747647653566
counter/2/0/0/0,1912:1747647651333:,1747647653566
counter/2/0/0/0,1913:1747647651336:,1747647653566
counter/2/0/0/0,1914:1747647651336:,1747647653566
counter/2/0/0/0,1915:1747647651336:,1747647653566
counter/2/0/0/0,1916:1747647651336:,1747647653566
counter/2/0/0/0,1917:1747647651336:,1747647653566
counter/2/0/0/0,1918:1747647651336:,1747647653566
counter/2/0/0/0,1919:1747647651336:,1747647653566
counter/2/0/0/0,1920:1747647651336:,1747647653566
counter/9/0/0/0,2157:1747647651692:,1747647653567
counter/9/0/0/0,2158:1747647651692:,1747647653567
counter/2/0/0/0,1921:1747647651337:,1747647653567
counter/9/0/0/0,2159:1747647651692:,1747647653567
counter/9/0/0/0,2160:1747647651692:,1747647653567
counter/9/0/0/0,2161:1747647651706:,1747647653567
counter/4/0/0/0,2208:1747647651613:,1747647653568
counter/4/0/0/0,2209:1747647651613:,1747647653568
counter/4/0/0/0,2210:1747647651613:,1747647653568
counter/4/0/0/0,2211:1747647651616:,1747647653568
counter/4/0/0/0,2212:1747647651616:,1747647653568
counter/8/0/0/0,2135:1747647651339:,1747647653568
counter/10/0/0/0,1965:1747647651721:,1747647653569
counter/10/0/0/0,1966:1747647651721:,1747647653570
counter/10/0/0/0,1967:1747647651721:,1747647653570
counter/5/0/0/0,2027:1747647651365:,1747647653570
counter/1/0/0/0,2512:1747647652035:,1747647653570
counter/3/0/0/0,2242:1747647651557:,1747647653570
counter/3/0/0/0,2243:1747647651557:,1747647653570
counter/3/0/0/0,2244:1747647651558:,1747647653570
counter/6/0/0/0,1949:1747647651485:,1747647653571
counter/10/0/0/0,1968:1747647651721:,1747647653571
counter/5/0/0/0,2028:1747647651365:,1747647653571
counter/5/0/0/0,2029:1747647651365:,1747647653571
counter/1/0/0/0,2513:1747647652035:,1747647653572
counter/8/0/0/0,2136:1747647651339:,1747647653574
counter/10/0/0/0,1969:1747647651721:,1747647653575
counter/6/0/0/0,1950:1747647651485:,1747647653575
counter/3/0/0/0,2245:1747647651558:,1747647653575
counter/5/0/0/0,2030:1747647651365:,1747647653575
counter/4/0/0/0,2213:1747647651616:,1747647653575
counter/7/0/0/0,1882:1747647651454:,1747647653575
counter/4/0/0/0,2214:1747647651616:,1747647653575
counter/4/0/0/0,2215:1747647651616:,1747647653575
counter/9/0/0/0,2162:1747647651706:,1747647653576
counter/6/0/0/0,1951:1747647651485:,1747647653576
counter/6/0/0/0,1952:1747647651485:,1747647653576
counter/6/0/0/0,1953:1747647651485:,1747647653576
counter/6/0/0/0,1954:1747647651485:,1747647653576
counter/6/0/0/0,1955:1747647651485:,1747647653576
counter/6/0/0/0,1956:1747647651522:,1747647653576
counter/6/0/0/0,1957:1747647651522:,1747647653577
counter/5/0/0/0,2031:1747647651366:,1747647653577
counter/7/0/0/0,1883:1747647651454:,1747647653577
counter/5/0/0/0,2032:1747647651366:,1747647653577
counter/1/0/0/0,2514:1747647652036:,1747647653579
counter/4/0/0/0,2216:1747647651616:,1747647653579
counter/4/0/0/0,2217:1747647651624:,1747647653579
counter/4/0/0/0,2218:1747647651624:,1747647653579
counter/4/0/0/0,2219:1747647651624:,1747647653579
counter/4/0/0/0,2220:1747647651625:,1747647653579
counter/4/0/0/0,2221:1747647651625:,1747647653579
counter/4/0/0/0,2222:1747647651625:,1747647653579
counter/4/0/0/0,2223:1747647651625:,1747647653579
counter/4/0/0/0,2224:1747647651625:,1747647653580
counter/7/0/0/0,1884:1747647651454:,1747647653580
counter/8/0/0/0,2137:1747647651339:,1747647653580
counter/4/0/0/0,2225:1747647651625:,1747647653581
counter/8/0/0/0,2138:1747647651339:,1747647653581
counter/8/0/0/0,2139:1747647651339:,1747647653581
counter/8/0/0/0,2140:1747647651339:,1747647653581
counter/8/0/0/0,2141:1747647651339:,1747647653581
counter/1/0/0/0,2515:1747647652036:,1747647653581
counter/10/0/0/0,1970:1747647651721:,1747647653581
counter/5/0/0/0,2033:1747647651366:,1747647653581
counter/3/0/0/0,2246:1747647651558:,1747647653581
counter/4/0/0/0,2226:1747647651625:,1747647653581
counter/4/0/0/0,2227:1747647651625:,1747647653581
counter/4/0/0/0,2228:1747647651625:,1747647653581
counter/4/0/0/0,2229:1747647651625:,1747647653581
counter/4/0/0/0,2230:1747647651625:,1747647653581
counter/4/0/0/0,2231:1747647651625:,1747647653581
counter/4/0/0/0,2232:1747647651625:,1747647653582
counter/4/0/0/0,2233:1747647651625:,1747647653582
counter/4/0/0/0,2234:1747647651626:,1747647653582
counter/4/0/0/0,2235:1747647651626:,1747647653582
counter/1/0/0/0,2516:1747647652036:,1747647653582
counter/7/0/0/0,1885:1747647651454:,1747647653582
counter/1/0/0/0,2517:1747647652039:,1747647653582
counter/6/0/0/0,1958:1747647651522:,1747647653582
counter/6/0/0/0,1959:1747647651522:,1747647653582
counter/6/0/0/0,1960:1747647651523:,1747647653582
counter/6/0/0/0,1961:1747647651523:,1747647653583
counter/6/0/0/0,1962:1747647651532:,1747647653583
counter/6/0/0/0,1963:1747647651532:,1747647653583
counter/6/0/0/0,1964:1747647651532:,1747647653583
counter/6/0/0/0,1965:1747647651532:,1747647653583
counter/6/0/0/0,1966:1747647651532:,1747647653583
counter/6/0/0/0,1967:1747647651532:,1747647653583
counter/6/0/0/0,1968:1747647651532:,1747647653583
counter/6/0/0/0,1969:1747647651532:,1747647653583
counter/6/0/0/0,1970:1747647651532:,1747647653583
counter/6/0/0/0,1971:1747647651532:,1747647653583
counter/9/0/0/0,2163:1747647651706:,1747647653583
counter/9/0/0/0,2164:1747647651706:,1747647653583
counter/9/0/0/0,2165:1747647651706:,1747647653583
counter/8/0/0/0,2142:1747647651339:,1747647653583
counter/8/0/0/0,2143:1747647651339:,1747647653583
counter/8/0/0/0,2144:1747647651339:,1747647653583
counter/4/0/0/0,2236:1747647651626:,1747647653583
counter/4/0/0/0,2237:1747647651626:,1747647653583
counter/7/0/0/0,1886:1747647651454:,1747647653584
counter/7/0/0/0,1887:1747647651454:,1747647653584
counter/7/0/0/0,1888:1747647651454:,1747647653584
counter/9/0/0/0,2166:1747647651706:,1747647653584
counter/2/0/0/0,1922:1747647651337:,1747647653584
counter/4/0/0/0,2238:1747647651626:,1747647653588
counter/10/0/0/0,1971:1747647651721:,1747647653588
counter/6/0/0/0,1972:1747647651532:,1747647653588
counter/6/0/0/0,1973:1747647651532:,1747647653588
counter/1/0/0/0,2518:1747647652039:,1747647653588
counter/1/0/0/0,2519:1747647652039:,1747647653588
counter/2/0/0/0,1923:1747647651337:,1747647653588
counter/1/0/0/0,2520:1747647652039:,1747647653588
counter/9/0/0/0,2167:1747647651706:,1747647653589
counter/6/0/0/0,1974:1747647651532:,1747647653589
counter/2/0/0/0,1924:1747647651337:,1747647653589
counter/2/0/0/0,1925:1747647651337:,1747647653590
counter/2/0/0/0,1926:1747647651351:,1747647653590
counter/2/0/0/0,1927:1747647651351:,1747647653590
counter/2/0/0/0,1928:1747647651351:,1747647653590
counter/2/0/0/0,1929:1747647651351:,1747647653590
counter/2/0/0/0,1930:1747647651351:,1747647653590
counter/2/0/0/0,1931:1747647651351:,1747647653590
counter/2/0/0/0,1932:1747647651351:,1747647653590
counter/8/0/0/0,2145:1747647651349:,1747647653590
counter/1/0/0/0,2521:1747647652039:,1747647653591
counter/7/0/0/0,1889:1747647651454:,1747647653591
counter/8/0/0/0,2146:1747647651349:,1747647653592
counter/10/0/0/0,1972:1747647651721:,1747647653592
counter/8/0/0/0,2147:1747647651349:,1747647653592
counter/3/0/0/0,2247:1747647651558:,1747647653592
counter/1/0/0/0,2522:1747647652039:,1747647653593
counter/1/0/0/0,2523:1747647652039:,1747647653593
counter/1/0/0/0,2524:1747647652039:,1747647653593
counter/8/0/0/0,2148:1747647651349:,1747647653594
counter/8/0/0/0,2149:1747647651349:,1747647653594
counter/10/0/0/0,1973:1747647651721:,1747647653594
counter/10/0/0/0,1974:1747647651721:,1747647653594
counter/10/0/0/0,1975:1747647651721:,1747647653594
counter/10/0/0/0,1976:1747647651722:,1747647653594
counter/5/0/0/0,2034:1747647651366:,1747647653595
counter/5/0/0/0,2035:1747647651366:,1747647653595
counter/5/0/0/0,2036:1747647651366:,1747647653595
counter/5/0/0/0,2037:1747647651366:,1747647653595
counter/5/0/0/0,2038:1747647651366:,1747647653595
counter/9/0/0/0,2168:1747647651706:,1747647653595
counter/7/0/0/0,1890:1747647651454:,1747647653595
counter/7/0/0/0,1891:1747647651454:,1747647653595
counter/7/0/0/0,1892:1747647651454:,1747647653595
counter/7/0/0/0,1893:1747647651454:,1747647653595
counter/7/0/0/0,1894:1747647651454:,1747647653595
counter/7/0/0/0,1895:1747647651455:,1747647653595
counter/7/0/0/0,1896:1747647651455:,1747647653595
counter/7/0/0/0,1897:1747647651455:,1747647653595
counter/7/0/0/0,1898:1747647651455:,1747647653595
counter/7/0/0/0,1899:1747647651456:,1747647653595
counter/7/0/0/0,1900:1747647651456:,1747647653595
counter/7/0/0/0,1901:1747647651456:,1747647653596
counter/6/0/0/0,1975:1747647651532:,1747647653596
counter/6/0/0/0,1976:1747647651532:,1747647653596
counter/6/0/0/0,1977:1747647651532:,1747647653596
counter/6/0/0/0,1978:1747647651532:,1747647653596
counter/5/0/0/0,2039:1747647651366:,1747647653596
counter/9/0/0/0,2169:1747647651706:,1747647653596
counter/9/0/0/0,2170:1747647651706:,1747647653596
counter/9/0/0/0,2171:1747647651706:,1747647653596
counter/9/0/0/0,2172:1747647651706:,1747647653596
counter/9/0/0/0,2173:1747647651706:,1747647653596
counter/10/0/0/0,1977:1747647651723:,1747647653596
counter/1/0/0/0,2525:1747647652039:,1747647653596
counter/3/0/0/0,2248:1747647651558:,1747647653596
counter/1/0/0/0,2526:1747647652039:,1747647653596
counter/7/0/0/0,1902:1747647651460:,1747647653596
counter/8/0/0/0,2150:1747647651352:,1747647653596
counter/4/0/0/0,2239:1747647651626:,1747647653596
counter/4/0/0/0,2240:1747647651626:,1747647653596
counter/4/0/0/0,2241:1747647651626:,1747647653596
counter/9/0/0/0,2174:1747647651706:,1747647653597
counter/9/0/0/0,2175:1747647651706:,1747647653597
counter/9/0/0/0,2176:1747647651706:,1747647653597
counter/9/0/0/0,2177:1747647651706:,1747647653597
counter/3/0/0/0,2249:1747647651558:,1747647653597
counter/1/0/0/0,2527:1747647652039:,1747647653597
counter/1/0/0/0,2528:1747647652039:,1747647653597
counter/7/0/0/0,1903:1747647651471:,1747647653597
counter/7/0/0/0,1904:1747647651471:,1747647653597
counter/7/0/0/0,1905:1747647651471:,1747647653597
counter/7/0/0/0,1906:1747647651471:,1747647653597
counter/7/0/0/0,1907:1747647651471:,1747647653597
counter/7/0/0/0,1908:1747647651471:,1747647653597
counter/7/0/0/0,1909:1747647651471:,1747647653597
counter/8/0/0/0,2151:1747647651352:,1747647653597
counter/3/0/0/0,2250:1747647651559:,1747647653598
counter/1/0/0/0,2529:1747647652039:,1747647653598
counter/1/0/0/0,2530:1747647652039:,1747647653598
counter/7/0/0/0,1910:1747647651471:,1747647653598
counter/9/0/0/0,2178:1747647651706:,1747647653599
counter/2/0/0/0,1933:1747647651351:,1747647653599
counter/3/0/0/0,2251:1747647651559:,1747647653599
counter/2/0/0/0,1934:1747647651351:,1747647653599
counter/3/0/0/0,2252:1747647651559:,1747647653599
counter/7/0/0/0,1911:1747647651471:,1747647653599
counter/7/0/0/0,1912:1747647651471:,1747647653599
counter/7/0/0/0,1913:1747647651471:,1747647653599
counter/7/0/0/0,1914:1747647651471:,1747647653599
counter/7/0/0/0,1915:1747647651471:,1747647653599
counter/7/0/0/0,1916:1747647651472:,1747647653599
counter/7/0/0/0,1917:1747647651472:,1747647653599
counter/8/0/0/0,2152:1747647651352:,1747647653599
counter/5/0/0/0,2040:1747647651366:,1747647653600
counter/8/0/0/0,2153:1747647651353:,1747647653600
counter/8/0/0/0,2154:1747647651354:,1747647653600
counter/8/0/0/0,2155:1747647651355:,1747647653600
counter/8/0/0/0,2156:1747647651360:,1747647653600
counter/8/0/0/0,2157:1747647651360:,1747647653600
counter/8/0/0/0,2158:1747647651360:,1747647653600
counter/2/0/0/0,1935:1747647651351:,1747647653601
counter/2/0/0/0,1936:1747647651352:,1747647653601
counter/2/0/0/0,1937:1747647651352:,1747647653601
counter/2/0/0/0,1938:1747647651352:,1747647653601
counter/6/0/0/0,1979:1747647651544:,1747647653601
counter/6/0/0/0,1980:1747647651544:,1747647653601
counter/6/0/0/0,1981:1747647651544:,1747647653601
counter/7/0/0/0,1918:1747647651472:,1747647653601
counter/7/0/0/0,1919:1747647651472:,1747647653601
counter/4/0/0/0,2242:1747647651626:,1747647653601
counter/5/0/0/0,2041:1747647651366:,1747647653601
counter/7/0/0/0,1920:1747647651472:,1747647653602
counter/4/0/0/0,2243:1747647651626:,1747647653602
counter/5/0/0/0,2042:1747647651366:,1747647653602
counter/10/0/0/0,1978:1747647651723:,1747647653603
counter/9/0/0/0,2179:1747647651706:,1747647653604
counter/8/0/0/0,2159:1747647651360:,1747647653604
counter/8/0/0/0,2160:1747647651360:,1747647653604
counter/8/0/0/0,2161:1747647651360:,1747647653604
counter/6/0/0/0,1982:1747647651544:,1747647653605
counter/7/0/0/0,1921:1747647651494:,1747647653605
counter/8/0/0/0,2162:1747647651360:,1747647653605
counter/8/0/0/0,2163:1747647651360:,1747647653605
counter/8/0/0/0,2164:1747647651360:,1747647653605
counter/5/0/0/0,2043:1747647651366:,1747647653605
counter/10/0/0/0,1979:1747647651723:,1747647653605
counter/10/0/0/0,1980:1747647651723:,1747647653605
counter/10/0/0/0,1981:1747647651723:,1747647653605
counter/10/0/0/0,1982:1747647651724:,1747647653605
counter/10/0/0/0,1983:1747647651724:,1747647653605
counter/10/0/0/0,1984:1747647651724:,1747647653605
counter/7/0/0/0,1922:1747647651494:,1747647653606
counter/7/0/0/0,1923:1747647651494:,1747647653606
counter/7/0/0/0,1924:1747647651494:,1747647653606
counter/7/0/0/0,1925:1747647651494:,1747647653606
counter/7/0/0/0,1926:1747647651494:,1747647653606
counter/5/0/0/0,2044:1747647651366:,1747647653606
counter/10/0/0/0,1985:1747647651724:,1747647653606
counter/10/0/0/0,1986:1747647651724:,1747647653606
counter/10/0/0/0,1987:1747647651724:,1747647653606
counter/10/0/0/0,1988:1747647651724:,1747647653606
counter/2/0/0/0,1939:1747647651352:,1747647653607
counter/9/0/0/0,2180:1747647651707:,1747647653608
counter/9/0/0/0,2181:1747647651707:,1747647653608
counter/4/0/0/0,2244:1747647651627:,1747647653608
counter/2/0/0/0,1940:1747647651357:,1747647653609
counter/3/0/0/0,2253:1747647651559:,1747647653609
counter/3/0/0/0,2254:1747647651563:,1747647653609
counter/8/0/0/0,2165:1747647651360:,1747647653610
counter/8/0/0/0,2166:1747647651360:,1747647653610
counter/8/0/0/0,2167:1747647651360:,1747647653610
counter/8/0/0/0,2168:1747647651360:,1747647653610
counter/1/0/0/0,2531:1747647652039:,1747647653610
counter/6/0/0/0,1983:1747647651544:,1747647653610
counter/8/0/0/0,2169:1747647651360:,1747647653610
counter/8/0/0/0,2170:1747647651360:,1747647653610
counter/8/0/0/0,2171:1747647651360:,1747647653610
counter/8/0/0/0,2172:1747647651360:,1747647653610
counter/8/0/0/0,2173:1747647651360:,1747647653611
counter/8/0/0/0,2174:1747647651360:,1747647653611
counter/8/0/0/0,2175:1747647651363:,1747647653611
counter/10/0/0/0,1989:1747647651724:,1747647653611
counter/10/0/0/0,1990:1747647651724:,1747647653611
counter/4/0/0/0,2245:1747647651627:,1747647653612
counter/10/0/0/0,1991:1747647651724:,1747647653612
counter/4/0/0/0,2246:1747647651643:,1747647653612
counter/7/0/0/0,1927:1747647651494:,1747647653612
counter/1/0/0/0,2532:1747647652039:,1747647653613
counter/5/0/0/0,2045:1747647651366:,1747647653613
counter/5/0/0/0,2046:1747647651366:,1747647653613
counter/5/0/0/0,2047:1747647651366:,1747647653613
counter/5/0/0/0,2048:1747647651366:,1747647653613
counter/3/0/0/0,2255:1747647651565:,1747647653613
counter/2/0/0/0,1941:1747647651357:,1747647653613
counter/8/0/0/0,2176:1747647651364:,1747647653613
counter/8/0/0/0,2177:1747647651364:,1747647653613
counter/3/0/0/0,2256:1747647651565:,1747647653614
counter/3/0/0/0,2257:1747647651565:,1747647653614
counter/3/0/0/0,2258:1747647651565:,1747647653614
counter/7/0/0/0,1928:1747647651494:,1747647653614
counter/10/0/0/0,1992:1747647651724:,1747647653614
counter/10/0/0/0,1993:1747647651725:,1747647653615
counter/6/0/0/0,1984:1747647651544:,1747647653615
counter/6/0/0/0,1985:1747647651544:,1747647653615
counter/6/0/0/0,1986:1747647651544:,1747647653615
counter/6/0/0/0,1987:1747647651544:,1747647653615
counter/6/0/0/0,1988:1747647651544:,1747647653615
counter/6/0/0/0,1989:1747647651544:,1747647653616
counter/6/0/0/0,1990:1747647651544:,1747647653616
counter/8/0/0/0,2178:1747647651364:,1747647653616
counter/2/0/0/0,1942:1747647651357:,1747647653616
counter/5/0/0/0,2049:1747647651366:,1747647653616
counter/7/0/0/0,1929:1747647651494:,1747647653616
counter/9/0/0/0,2182:1747647651707:,1747647653616
counter/9/0/0/0,2183:1747647651707:,1747647653616
counter/9/0/0/0,2184:1747647651707:,1747647653616
counter/10/0/0/0,1994:1747647651738:,1747647653616
counter/5/0/0/0,2050:1747647651366:,1747647653617
counter/5/0/0/0,2051:1747647651371:,1747647653617
counter/7/0/0/0,1930:1747647651496:,1747647653617
counter/9/0/0/0,2185:1747647651707:,1747647653617
counter/3/0/0/0,2259:1747647651565:,1747647653617
counter/1/0/0/0,2533:1747647652039:,1747647653618
counter/4/0/0/0,2247:1747647651645:,1747647653618
counter/4/0/0/0,2248:1747647651645:,1747647653618
counter/8/0/0/0,2179:1747647651364:,1747647653618
counter/3/0/0/0,2260:1747647651565:,1747647653618
counter/6/0/0/0,1991:1747647651544:,1747647653619
counter/8/0/0/0,2180:1747647651364:,1747647653619
counter/10/0/0/0,1995:1747647651738:,1747647653619
counter/5/0/0/0,2052:1747647651371:,1747647653620
counter/3/0/0/0,2261:1747647651565:,1747647653621
counter/3/0/0/0,2262:1747647651565:,1747647653621
counter/3/0/0/0,2263:1747647651565:,1747647653621
counter/3/0/0/0,2264:1747647651568:,1747647653621
counter/4/0/0/0,2249:1747647651645:,1747647653621
counter/5/0/0/0,2053:1747647651371:,1747647653621
counter/5/0/0/0,2054:1747647651371:,1747647653621
counter/5/0/0/0,2055:1747647651371:,1747647653621
counter/5/0/0/0,2056:1747647651371:,1747647653621
counter/5/0/0/0,2057:1747647651371:,1747647653622
counter/8/0/0/0,2181:1747647651364:,1747647653622
counter/8/0/0/0,2182:1747647651364:,1747647653622
counter/8/0/0/0,2183:1747647651364:,1747647653622
counter/8/0/0/0,2184:1747647651364:,1747647653622
counter/8/0/0/0,2185:1747647651364:,1747647653622
counter/8/0/0/0,2186:1747647651364:,1747647653622
counter/8/0/0/0,2187:1747647651365:,1747647653622
counter/8/0/0/0,2188:1747647651365:,1747647653622
counter/2/0/0/0,1943:1747647651357:,1747647653622
counter/5/0/0/0,2058:1747647651371:,1747647653622
counter/6/0/0/0,1992:1747647651548:,1747647653622
counter/5/0/0/0,2059:1747647651371:,1747647653623
counter/5/0/0/0,2060:1747647651371:,1747647653623
counter/5/0/0/0,2061:1747647651371:,1747647653623
counter/5/0/0/0,2062:1747647651371:,1747647653623
counter/5/0/0/0,2063:1747647651371:,1747647653623
counter/5/0/0/0,2064:1747647651371:,1747647653623
counter/1/0/0/0,2534:1747647652039:,1747647653623
counter/1/0/0/0,2535:1747647652039:,1747647653623
counter/1/0/0/0,2536:1747647652040:,1747647653623
counter/1/0/0/0,2537:1747647652040:,1747647653623
counter/1/0/0/0,2538:1747647652040:,1747647653623
counter/6/0/0/0,1993:1747647651548:,1747647653623
counter/6/0/0/0,1994:1747647651548:,1747647653623
counter/6/0/0/0,1995:1747647651549:,1747647653623
counter/6/0/0/0,1996:1747647651549:,1747647653623
counter/6/0/0/0,1997:1747647651549:,1747647653623
counter/6/0/0/0,1998:1747647651549:,1747647653625
counter/6/0/0/0,1999:1747647651549:,1747647653625
counter/6/0/0/0,2000:1747647651549:,1747647653625
counter/9/0/0/0,2186:1747647651707:,1747647653628
counter/4/0/0/0,2250:1747647651645:,1747647653628
counter/8/0/0/0,2189:1747647651365:,1747647653628
counter/8/0/0/0,2190:1747647651365:,1747647653628
counter/8/0/0/0,2191:1747647651365:,1747647653628
counter/8/0/0/0,2192:1747647651365:,1747647653628
counter/8/0/0/0,2193:1747647651365:,1747647653628
counter/8/0/0/0,2194:1747647651382:,1747647653628
counter/8/0/0/0,2195:1747647651382:,1747647653628
counter/6/0/0/0,2001:1747647651549:,1747647653629
counter/2/0/0/0,1944:1747647651357:,1747647653629
counter/2/0/0/0,1945:1747647651357:,1747647653629
counter/2/0/0/0,1946:1747647651357:,1747647653629
counter/2/0/0/0,1947:1747647651357:,1747647653629
counter/2/0/0/0,1948:1747647651357:,1747647653629
counter/2/0/0/0,1949:1747647651357:,1747647653629
counter/5/0/0/0,2065:1747647651371:,1747647653630
counter/8/0/0/0,2196:1747647651382:,1747647653630
counter/8/0/0/0,2197:1747647651382:,1747647653631
counter/8/0/0/0,2198:1747647651382:,1747647653631
counter/8/0/0/0,2199:1747647651382:,1747647653631
counter/8/0/0/0,2200:1747647651382:,1747647653631
counter/8/0/0/0,2201:1747647651382:,1747647653631
counter/8/0/0/0,2202:1747647651382:,1747647653631
counter/8/0/0/0,2203:1747647651382:,1747647653631
counter/8/0/0/0,2204:1747647651384:,1747647653631
counter/8/0/0/0,2205:1747647651384:,1747647653631
counter/8/0/0/0,2206:1747647651384:,1747647653631
counter/8/0/0/0,2207:1747647651384:,1747647653631
counter/8/0/0/0,2208:1747647651384:,1747647653631
counter/8/0/0/0,2209:1747647651384:,1747647653631
counter/8/0/0/0,2210:1747647651385:,1747647653631
counter/8/0/0/0,2211:1747647651385:,1747647653631
counter/2/0/0/0,1950:1747647651357:,1747647653631
counter/10/0/0/0,1996:1747647651738:,1747647653631
counter/6/0/0/0,2002:1747647651549:,1747647653631
counter/3/0/0/0,2265:1747647651572:,1747647653631
counter/3/0/0/0,2266:1747647651572:,1747647653631
counter/10/0/0/0,1997:1747647651738:,1747647653632
counter/2/0/0/0,1951:1747647651357:,1747647653632
counter/2/0/0/0,1952:1747647651357:,1747647653632
counter/9/0/0/0,2187:1747647651707:,1747647653632
counter/4/0/0/0,2251:1747647651645:,1747647653632
counter/3/0/0/0,2267:1747647651572:,1747647653633
counter/4/0/0/0,2252:1747647651646:,1747647653633
counter/4/0/0/0,2253:1747647651646:,1747647653634
counter/4/0/0/0,2254:1747647651648:,1747647653634
counter/4/0/0/0,2255:1747647651648:,1747647653634
counter/4/0/0/0,2256:1747647651648:,1747647653634
counter/4/0/0/0,2257:1747647651648:,1747647653634
counter/4/0/0/0,2258:1747647651649:,1747647653634
counter/4/0/0/0,2259:1747647651649:,1747647653634
counter/4/0/0/0,2260:1747647651649:,1747647653634
counter/7/0/0/0,1931:1747647651499:,1747647653635
counter/5/0/0/0,2066:1747647651371:,1747647653636
counter/6/0/0/0,2003:1747647651559:,1747647653636
counter/6/0/0/0,2004:1747647651559:,1747647653636
counter/6/0/0/0,2005:1747647651559:,1747647653636
counter/6/0/0/0,2006:1747647651559:,1747647653636
counter/6/0/0/0,2007:1747647651559:,1747647653636
counter/6/0/0/0,2008:1747647651560:,1747647653636
counter/6/0/0/0,2009:1747647651560:,1747647653636
counter/6/0/0/0,2010:1747647651564:,1747647653636
counter/6/0/0/0,2011:1747647651564:,1747647653636
counter/6/0/0/0,2012:1747647651564:,1747647653636
counter/6/0/0/0,2013:1747647651564:,1747647653636
counter/4/0/0/0,2261:1747647651649:,1747647653637
counter/6/0/0/0,2014:1747647651564:,1747647653637
counter/6/0/0/0,2015:1747647651564:,1747647653637
counter/2/0/0/0,1953:1747647651367:,1747647653637
counter/4/0/0/0,2262:1747647651649:,1747647653638
counter/10/0/0/0,1998:1747647651738:,1747647653638
counter/3/0/0/0,2268:1747647651572:,1747647653638
counter/3/0/0/0,2269:1747647651572:,1747647653639
counter/6/0/0/0,2016:1747647651564:,1747647653639
counter/3/0/0/0,2270:1747647651572:,1747647653639
counter/6/0/0/0,2017:1747647651564:,1747647653639
counter/6/0/0/0,2018:1747647651568:,1747647653639
counter/6/0/0/0,2019:1747647651568:,1747647653639
counter/6/0/0/0,2020:1747647651568:,1747647653640
counter/6/0/0/0,2021:1747647651568:,1747647653640
counter/6/0/0/0,2022:1747647651568:,1747647653640
counter/6/0/0/0,2023:1747647651569:,1747647653640
counter/6/0/0/0,2024:1747647651572:,1747647653640
counter/6/0/0/0,2025:1747647651572:,1747647653640
counter/4/0/0/0,2263:1747647651649:,1747647653640
counter/10/0/0/0,1999:1747647651738:,1747647653640
counter/8/0/0/0,2212:1747647651385:,1747647653640
counter/6/0/0/0,2026:1747647651572:,1747647653640
counter/2/0/0/0,1954:1747647651367:,1747647653640
counter/4/0/0/0,2264:1747647651649:,1747647653641
counter/10/0/0/0,2000:1747647651738:,1747647653641
counter/8/0/0/0,2213:1747647651385:,1747647653641
counter/8/0/0/0,2214:1747647651385:,1747647653641
counter/8/0/0/0,2215:1747647651385:,1747647653641
counter/8/0/0/0,2216:1747647651385:,1747647653641
counter/8/0/0/0,2217:1747647651389:,1747647653641
counter/3/0/0/0,2271:1747647651573:,1747647653641
counter/1/0/0/0,2539:1747647652040:,1747647653641
counter/3/0/0/0,2272:1747647651573:,1747647653641
counter/3/0/0/0,2273:1747647651573:,1747647653641
counter/5/0/0/0,2067:1747647651371:,1747647653641
counter/5/0/0/0,2068:1747647651371:,1747647653641
counter/5/0/0/0,2069:1747647651372:,1747647653641
counter/5/0/0/0,2070:1747647651372:,1747647653641
counter/5/0/0/0,2071:1747647651372:,1747647653642
counter/6/0/0/0,2027:1747647651572:,1747647653642
counter/6/0/0/0,2028:1747647651572:,1747647653642
counter/6/0/0/0,2029:1747647651572:,1747647653642
counter/6/0/0/0,2030:1747647651572:,1747647653642
counter/6/0/0/0,2031:1747647651572:,1747647653642
counter/6/0/0/0,2032:1747647651582:,1747647653642
counter/6/0/0/0,2033:1747647651582:,1747647653642
counter/6/0/0/0,2034:1747647651598:,1747647653642
counter/6/0/0/0,2035:1747647651598:,1747647653642
counter/6/0/0/0,2036:1747647651598:,1747647653642
counter/6/0/0/0,2037:1747647651620:,1747647653642
counter/2/0/0/0,1955:1747647651367:,1747647653642
counter/8/0/0/0,2218:1747647651393:,1747647653642
counter/7/0/0/0,1932:1747647651499:,1747647653642
counter/8/0/0/0,2219:1747647651393:,1747647653642
counter/10/0/0/0,2001:1747647651738:,1747647653642
counter/8/0/0/0,2220:1747647651393:,1747647653642
counter/8/0/0/0,2221:1747647651393:,1747647653642
counter/3/0/0/0,2274:1747647651573:,1747647653642
counter/3/0/0/0,2275:1747647651573:,1747647653642
counter/3/0/0/0,2276:1747647651573:,1747647653642
counter/3/0/0/0,2277:1747647651573:,1747647653643
counter/3/0/0/0,2278:1747647651573:,1747647653643
counter/3/0/0/0,2279:1747647651578:,1747647653643
counter/4/0/0/0,2265:1747647651649:,1747647653643
counter/6/0/0/0,2038:1747647651620:,1747647653643
counter/6/0/0/0,2039:1747647651620:,1747647653643
counter/6/0/0/0,2040:1747647651620:,1747647653643
counter/6/0/0/0,2041:1747647651620:,1747647653643
counter/6/0/0/0,2042:1747647651620:,1747647653643
counter/10/0/0/0,2002:1747647651738:,1747647653644
counter/1/0/0/0,2540:1747647652040:,1747647653644
counter/6/0/0/0,2043:1747647651620:,1747647653645
counter/6/0/0/0,2044:1747647651620:,1747647653645
counter/6/0/0/0,2045:1747647651620:,1747647653645
counter/6/0/0/0,2046:1747647651620:,1747647653645
counter/2/0/0/0,1956:1747647651367:,1747647653645
counter/2/0/0/0,1957:1747647651367:,1747647653645
counter/2/0/0/0,1958:1747647651367:,1747647653645
counter/2/0/0/0,1959:1747647651367:,1747647653645
counter/8/0/0/0,2222:1747647651393:,1747647653645
counter/8/0/0/0,2223:1747647651393:,1747647653645
counter/8/0/0/0,2224:1747647651393:,1747647653645
counter/8/0/0/0,2225:1747647651393:,1747647653645
counter/8/0/0/0,2226:1747647651394:,1747647653645
counter/3/0/0/0,2280:1747647651578:,1747647653646
counter/9/0/0/0,2188:1747647651707:,1747647653647
counter/9/0/0/0,2189:1747647651707:,1747647653648
counter/9/0/0/0,2190:1747647651707:,1747647653648
counter/6/0/0/0,2047:1747647651620:,1747647653648
counter/9/0/0/0,2191:1747647651707:,1747647653648
counter/6/0/0/0,2048:1747647651620:,1747647653648
counter/9/0/0/0,2192:1747647651707:,1747647653648
counter/6/0/0/0,2049:1747647651623:,1747647653648
counter/9/0/0/0,2193:1747647651707:,1747647653648
counter/6/0/0/0,2050:1747647651624:,1747647653648
counter/6/0/0/0,2051:1747647651624:,1747647653648
counter/6/0/0/0,2052:1747647651624:,1747647653648
counter/7/0/0/0,1933:1747647651499:,1747647653648
counter/7/0/0/0,1934:1747647651500:,1747647653648
counter/10/0/0/0,2003:1747647651738:,1747647653649
counter/3/0/0/0,2281:1747647651578:,1747647653649
counter/3/0/0/0,2282:1747647651578:,1747647653649
counter/4/0/0/0,2266:1747647651652:,1747647653649
counter/3/0/0/0,2283:1747647651578:,1747647653649
counter/3/0/0/0,2284:1747647651578:,1747647653649
counter/3/0/0/0,2285:1747647651578:,1747647653649
counter/3/0/0/0,2286:1747647651578:,1747647653649
counter/5/0/0/0,2072:1747647651372:,1747647653649
counter/7/0/0/0,1935:1747647651500:,1747647653649
counter/10/0/0/0,2004:1747647651738:,1747647653651
counter/3/0/0/0,2287:1747647651578:,1747647653651
counter/1/0/0/0,2541:1747647652040:,1747647653651
counter/1/0/0/0,2542:1747647652040:,1747647653651
counter/4/0/0/0,2267:1747647651652:,1747647653651
counter/9/0/0/0,2194:1747647651707:,1747647653652
counter/9/0/0/0,2195:1747647651707:,1747647653652
counter/9/0/0/0,2196:1747647651707:,1747647653652
counter/10/0/0/0,2005:1747647651738:,1747647653652
counter/10/0/0/0,2006:1747647651745:,1747647653652
counter/3/0/0/0,2288:1747647651579:,1747647653652
counter/10/0/0/0,2007:1747647651746:,1747647653652
counter/4/0/0/0,2268:1747647651652:,1747647653652
counter/4/0/0/0,2269:1747647651667:,1747647653652
counter/2/0/0/0,1960:1747647651367:,1747647653653
counter/2/0/0/0,1961:1747647651367:,1747647653654
counter/2/0/0/0,1962:1747647651367:,1747647653654
counter/2/0/0/0,1963:1747647651367:,1747647653654
counter/5/0/0/0,2073:1747647651377:,1747647653654
counter/7/0/0/0,1936:1747647651500:,1747647653654
counter/4/0/0/0,2270:1747647651667:,1747647653654
counter/4/0/0/0,2271:1747647651667:,1747647653654
counter/4/0/0/0,2272:1747647651667:,1747647653654
counter/4/0/0/0,2273:1747647651667:,1747647653654
counter/4/0/0/0,2274:1747647651667:,1747647653654
counter/4/0/0/0,2275:1747647651667:,1747647653655
counter/4/0/0/0,2276:1747647651667:,1747647653655
counter/4/0/0/0,2277:1747647651667:,1747647653655
counter/4/0/0/0,2278:1747647651677:,1747647653655
counter/6/0/0/0,2053:1747647651624:,1747647653656
counter/10/0/0/0,2008:1747647651746:,1747647653656
counter/10/0/0/0,2009:1747647651746:,1747647653656
counter/10/0/0/0,2010:1747647651746:,1747647653656
counter/10/0/0/0,2011:1747647651747:,1747647653656
counter/10/0/0/0,2012:1747647651747:,1747647653656
counter/10/0/0/0,2013:1747647651747:,1747647653656
counter/10/0/0/0,2014:1747647651747:,1747647653656
counter/10/0/0/0,2015:1747647651747:,1747647653656
counter/10/0/0/0,2016:1747647651747:,1747647653656
counter/5/0/0/0,2074:1747647651377:,1747647653656
counter/7/0/0/0,1937:1747647651500:,1747647653657
counter/9/0/0/0,2197:1747647651709:,1747647653657
counter/3/0/0/0,2289:1747647651579:,1747647653657
counter/1/0/0/0,2543:1747647652040:,1747647653657
counter/1/0/0/0,2544:1747647652040:,1747647653657
counter/6/0/0/0,2054:1747647651624:,1747647653658
counter/6/0/0/0,2055:1747647651626:,1747647653658
counter/6/0/0/0,2056:1747647651626:,1747647653658
counter/6/0/0/0,2057:1747647651626:,1747647653658
counter/6/0/0/0,2058:1747647651626:,1747647653658
counter/6/0/0/0,2059:1747647651626:,1747647653658
counter/6/0/0/0,2060:1747647651626:,1747647653658
counter/6/0/0/0,2061:1747647651627:,1747647653658
counter/6/0/0/0,2062:1747647651627:,1747647653658
counter/6/0/0/0,2063:1747647651630:,1747647653658
counter/6/0/0/0,2064:1747647651658:,1747647653658
counter/6/0/0/0,2065:1747647651658:,1747647653658
counter/8/0/0/0,2227:1747647651394:,1747647653658
counter/3/0/0/0,2290:1747647651580:,1747647653658
counter/3/0/0/0,2291:1747647651580:,1747647653658
counter/3/0/0/0,2292:1747647651580:,1747647653658
counter/3/0/0/0,2293:1747647651580:,1747647653658
counter/3/0/0/0,2294:1747647651580:,1747647653658
counter/3/0/0/0,2295:1747647651580:,1747647653658
counter/3/0/0/0,2296:1747647651580:,1747647653658
counter/3/0/0/0,2297:1747647651580:,1747647653658
counter/3/0/0/0,2298:1747647651584:,1747647653659
counter/3/0/0/0,2299:1747647651584:,1747647653659
counter/7/0/0/0,1938:1747647651500:,1747647653659
counter/6/0/0/0,2066:1747647651658:,1747647653659
counter/6/0/0/0,2067:1747647651658:,1747647653659
counter/6/0/0/0,2068:1747647651658:,1747647653659
counter/6/0/0/0,2069:1747647651658:,1747647653659
counter/6/0/0/0,2070:1747647651658:,1747647653659
counter/6/0/0/0,2071:1747647651658:,1747647653659
counter/6/0/0/0,2072:1747647651658:,1747647653659
counter/6/0/0/0,2073:1747647651664:,1747647653659
counter/6/0/0/0,2074:1747647651664:,1747647653659
counter/6/0/0/0,2075:1747647651665:,1747647653659
counter/6/0/0/0,2076:1747647651665:,1747647653659
counter/6/0/0/0,2077:1747647651665:,1747647653659
counter/6/0/0/0,2078:1747647651665:,1747647653659
counter/6/0/0/0,2079:1747647651665:,1747647653659
counter/6/0/0/0,2080:1747647651665:,1747647653659
counter/8/0/0/0,2228:1747647651394:,1747647653660
counter/4/0/0/0,2279:1747647651677:,1747647653660
counter/1/0/0/0,2545:1747647652045:,1747647653660
counter/4/0/0/0,2280:1747647651677:,1747647653660
counter/4/0/0/0,2281:1747647651678:,1747647653660
counter/4/0/0/0,2282:1747647651678:,1747647653660
counter/4/0/0/0,2283:1747647651679:,1747647653660
counter/4/0/0/0,2284:1747647651684:,1747647653660
counter/4/0/0/0,2285:1747647651684:,1747647653660
counter/4/0/0/0,2286:1747647651684:,1747647653660
counter/4/0/0/0,2287:1747647651687:,1747647653660
counter/4/0/0/0,2288:1747647651688:,1747647653660
counter/4/0/0/0,2289:1747647651688:,1747647653660
counter/4/0/0/0,2290:1747647651688:,1747647653660
counter/4/0/0/0,2291:1747647651691:,1747647653660
counter/4/0/0/0,2292:1747647651691:,1747647653660
counter/4/0/0/0,2293:1747647651691:,1747647653660
counter/4/0/0/0,2294:1747647651691:,1747647653661
counter/3/0/0/0,2300:1747647651584:,1747647653661
counter/9/0/0/0,2198:1747647651709:,1747647653661
counter/2/0/0/0,1964:1747647651367:,1747647653662
counter/7/0/0/0,1939:1747647651500:,1747647653662
counter/5/0/0/0,2075:1747647651377:,1747647653663
counter/4/0/0/0,2295:1747647651691:,1747647653663
counter/9/0/0/0,2199:1747647651710:,1747647653663
counter/9/0/0/0,2200:1747647651710:,1747647653663
counter/9/0/0/0,2201:1747647651710:,1747647653663
counter/9/0/0/0,2202:1747647651710:,1747647653663
counter/10/0/0/0,2017:1747647651747:,1747647653664
counter/9/0/0/0,2203:1747647651710:,1747647653665
counter/7/0/0/0,1940:1747647651500:,1747647653665
counter/5/0/0/0,2076:1747647651377:,1747647653666
counter/5/0/0/0,2077:1747647651378:,1747647653666
counter/1/0/0/0,2546:1747647652045:,1747647653666
counter/6/0/0/0,2081:1747647651665:,1747647653666
counter/1/0/0/0,2547:1747647652045:,1747647653666
counter/6/0/0/0,2082:1747647651665:,1747647653666
counter/4/0/0/0,2296:1747647651691:,1747647653667
counter/6/0/0/0,2083:1747647651665:,1747647653667
counter/4/0/0/0,2297:1747647651691:,1747647653667
counter/4/0/0/0,2298:1747647651691:,1747647653667
counter/4/0/0/0,2299:1747647651691:,1747647653667
counter/10/0/0/0,2018:1747647651747:,1747647653667
counter/3/0/0/0,2301:1747647651584:,1747647653667
counter/10/0/0/0,2019:1747647651747:,1747647653667
counter/10/0/0/0,2020:1747647651747:,1747647653667
counter/10/0/0/0,2021:1747647651747:,1747647653667
counter/10/0/0/0,2022:1747647651747:,1747647653667
counter/10/0/0/0,2023:1747647651747:,1747647653667
counter/10/0/0/0,2024:1747647651747:,1747647653667
counter/10/0/0/0,2025:1747647651747:,1747647653667
counter/10/0/0/0,2026:1747647651747:,1747647653667
counter/4/0/0/0,2300:1747647651691:,1747647653667
counter/10/0/0/0,2027:1747647651747:,1747647653667
counter/5/0/0/0,2078:1747647651378:,1747647653667
counter/6/0/0/0,2084:1747647651665:,1747647653668
counter/6/0/0/0,2085:1747647651665:,1747647653668
counter/6/0/0/0,2086:1747647651665:,1747647653668
counter/6/0/0/0,2087:1747647651670:,1747647653668
counter/6/0/0/0,2088:1747647651670:,1747647653668
counter/6/0/0/0,2089:1747647651670:,1747647653668
counter/6/0/0/0,2090:1747647651670:,1747647653668
counter/6/0/0/0,2091:1747647651670:,1747647653668
counter/6/0/0/0,2092:1747647651670:,1747647653668
counter/6/0/0/0,2093:1747647651670:,1747647653668
counter/6/0/0/0,2094:1747647651670:,1747647653668
counter/6/0/0/0,2095:1747647651681:,1747647653668
counter/6/0/0/0,2096:1747647651681:,1747647653668
counter/6/0/0/0,2097:1747647651681:,1747647653668
counter/6/0/0/0,2098:1747647651681:,1747647653668
counter/6/0/0/0,2099:1747647651681:,1747647653668
counter/8/0/0/0,2229:1747647651394:,1747647653668
counter/5/0/0/0,2079:1747647651378:,1747647653669
counter/8/0/0/0,2230:1747647651394:,1747647653669
counter/8/0/0/0,2231:1747647651394:,1747647653669
counter/8/0/0/0,2232:1747647651394:,1747647653669
counter/8/0/0/0,2233:1747647651394:,1747647653669
counter/8/0/0/0,2234:1747647651394:,1747647653669
counter/9/0/0/0,2204:1747647651710:,1747647653669
counter/2/0/0/0,1965:1747647651367:,1747647653669
counter/9/0/0/0,2205:1747647651710:,1747647653670
counter/6/0/0/0,2100:1747647651681:,1747647653670
counter/6/0/0/0,2101:1747647651681:,1747647653670
counter/6/0/0/0,2102:1747647651681:,1747647653670
counter/6/0/0/0,2103:1747647651681:,1747647653670
counter/6/0/0/0,2104:1747647651681:,1747647653670
counter/6/0/0/0,2105:1747647651681:,1747647653670
counter/6/0/0/0,2106:1747647651681:,1747647653670
counter/6/0/0/0,2107:1747647651681:,1747647653670
counter/6/0/0/0,2108:1747647651682:,1747647653670
counter/7/0/0/0,1941:1747647651500:,1747647653670
counter/9/0/0/0,2206:1747647651710:,1747647653671
counter/2/0/0/0,1966:1747647651367:,1747647653671
counter/6/0/0/0,2109:1747647651682:,1747647653671
counter/10/0/0/0,2028:1747647651747:,1747647653672
counter/10/0/0/0,2029:1747647651748:,1747647653672
counter/5/0/0/0,2080:1747647651379:,1747647653672
counter/5/0/0/0,2081:1747647651380:,1747647653675
counter/5/0/0/0,2082:1747647651380:,1747647653675
counter/5/0/0/0,2083:1747647651380:,1747647653675
counter/5/0/0/0,2084:1747647651380:,1747647653675
counter/5/0/0/0,2085:1747647651380:,1747647653675
counter/5/0/0/0,2086:1747647651380:,1747647653675
counter/5/0/0/0,2087:1747647651388:,1747647653675
counter/5/0/0/0,2088:1747647651388:,1747647653676
counter/5/0/0/0,2089:1747647651388:,1747647653676
counter/5/0/0/0,2090:1747647651388:,1747647653676
counter/5/0/0/0,2091:1747647651388:,1747647653676
counter/5/0/0/0,2092:1747647651388:,1747647653676
counter/5/0/0/0,2093:1747647651388:,1747647653676
counter/6/0/0/0,2110:1747647651682:,1747647653676
counter/7/0/0/0,1942:1747647651500:,1747647653676
counter/5/0/0/0,2094:1747647651390:,1747647653681
counter/3/0/0/0,2302:1747647651584:,1747647653682
counter/5/0/0/0,2095:1747647651390:,1747647653683
counter/5/0/0/0,2096:1747647651390:,1747647653683
counter/9/0/0/0,2207:1747647651710:,1747647653683
counter/9/0/0/0,2208:1747647651710:,1747647653683
counter/9/0/0/0,2209:1747647651723:,1747647653683
counter/9/0/0/0,2210:1747647651723:,1747647653683
counter/9/0/0/0,2211:1747647651723:,1747647653683
counter/9/0/0/0,2212:1747647651723:,1747647653683
counter/9/0/0/0,2213:1747647651723:,1747647653683
counter/2/0/0/0,1967:1747647651367:,1747647653683
counter/9/0/0/0,2214:1747647651723:,1747647653683
counter/9/0/0/0,2215:1747647651726:,1747647653683
counter/10/0/0/0,2030:1747647651748:,1747647653684
counter/9/0/0/0,2216:1747647651726:,1747647653684
counter/9/0/0/0,2217:1747647651726:,1747647653684
counter/9/0/0/0,2218:1747647651726:,1747647653685
counter/9/0/0/0,2219:1747647651729:,1747647653685
counter/9/0/0/0,2220:1747647651730:,1747647653685
counter/9/0/0/0,2221:1747647651745:,1747647653685
counter/9/0/0/0,2222:1747647651752:,1747647653685
counter/8/0/0/0,2235:1747647651395:,1747647653685
counter/9/0/0/0,2223:1747647651752:,1747647653685
counter/9/0/0/0,2224:1747647651752:,1747647653685
counter/8/0/0/0,2236:1747647651395:,1747647653685
counter/3/0/0/0,2303:1747647651588:,1747647653685
counter/8/0/0/0,2237:1747647651395:,1747647653687
counter/8/0/0/0,2238:1747647651395:,1747647653687
counter/3/0/0/0,2304:1747647651588:,1747647653687
counter/6/0/0/0,2111:1747647651682:,1747647653687
counter/6/0/0/0,2112:1747647651682:,1747647653687
counter/6/0/0/0,2113:1747647651682:,1747647653687
counter/6/0/0/0,2114:1747647651682:,1747647653687
counter/6/0/0/0,2115:1747647651682:,1747647653687
counter/6/0/0/0,2116:1747647651682:,1747647653687
counter/6/0/0/0,2117:1747647651682:,1747647653687
counter/6/0/0/0,2118:1747647651682:,1747647653687
counter/4/0/0/0,2301:1747647651691:,1747647653687
counter/4/0/0/0,2302:1747647651691:,1747647653687
counter/4/0/0/0,2303:1747647651691:,1747647653687
counter/4/0/0/0,2304:1747647651691:,1747647653687
counter/4/0/0/0,2305:1747647651691:,1747647653687
counter/4/0/0/0,2306:1747647651692:,1747647653688
counter/4/0/0/0,2307:1747647651692:,1747647653688
counter/10/0/0/0,2031:1747647651748:,1747647653688
counter/2/0/0/0,1968:1747647651367:,1747647653688
counter/3/0/0/0,2305:1747647651588:,1747647653688
counter/10/0/0/0,2032:1747647651748:,1747647653688
counter/1/0/0/0,2548:1747647652058:,1747647653688
counter/1/0/0/0,2549:1747647652062:,1747647653688
counter/1/0/0/0,2550:1747647652063:,1747647653688
counter/1/0/0/0,2551:1747647652063:,1747647653688
counter/1/0/0/0,2552:1747647652063:,1747647653688
counter/1/0/0/0,2553:1747647652063:,1747647653689
counter/9/0/0/0,2225:1747647651752:,1747647653689
counter/1/0/0/0,2554:1747647652063:,1747647653689
counter/9/0/0/0,2226:1747647651752:,1747647653689
counter/1/0/0/0,2555:1747647652063:,1747647653689
counter/9/0/0/0,2227:1747647651752:,1747647653689
counter/1/0/0/0,2556:1747647652063:,1747647653689
counter/9/0/0/0,2228:1747647651752:,1747647653689
counter/10/0/0/0,2033:1747647651748:,1747647653689
counter/5/0/0/0,2097:1747647651390:,1747647653689
counter/4/0/0/0,2308:1747647651692:,1747647653689
counter/4/0/0/0,2309:1747647651692:,1747647653689
counter/4/0/0/0,2310:1747647651692:,1747647653689
counter/4/0/0/0,2311:1747647651692:,1747647653689
counter/4/0/0/0,2312:1747647651692:,1747647653689
counter/4/0/0/0,2313:1747647651692:,1747647653689
counter/4/0/0/0,2314:1747647651692:,1747647653689
counter/4/0/0/0,2315:1747647651692:,1747647653689
counter/4/0/0/0,2316:1747647651693:,1747647653690
counter/4/0/0/0,2317:1747647651698:,1747647653690
counter/4/0/0/0,2318:1747647651698:,1747647653690
counter/4/0/0/0,2319:1747647651699:,1747647653690
counter/4/0/0/0,2320:1747647651699:,1747647653690
counter/4/0/0/0,2321:1747647651699:,1747647653690
counter/4/0/0/0,2322:1747647651699:,1747647653690
counter/6/0/0/0,2119:1747647651682:,1747647653690
counter/9/0/0/0,2229:1747647651752:,1747647653690
counter/6/0/0/0,2120:1747647651682:,1747647653690
counter/6/0/0/0,2121:1747647651682:,1747647653690
counter/6/0/0/0,2122:1747647651682:,1747647653690
counter/8/0/0/0,2239:1747647651395:,1747647653691
counter/6/0/0/0,2123:1747647651682:,1747647653692
counter/6/0/0/0,2124:1747647651682:,1747647653692
counter/4/0/0/0,2323:1747647651699:,1747647653692
counter/4/0/0/0,2324:1747647651699:,1747647653694
counter/7/0/0/0,1943:1747647651500:,1747647653695
counter/3/0/0/0,2306:1747647651588:,1747647653695
counter/6/0/0/0,2125:1747647651682:,1747647653696
counter/7/0/0/0,1944:1747647651501:,1747647653696
counter/7/0/0/0,1945:1747647651501:,1747647653696
counter/7/0/0/0,1946:1747647651501:,1747647653696
counter/4/0/0/0,2325:1747647651699:,1747647653696
counter/6/0/0/0,2126:1747647651682:,1747647653697
counter/6/0/0/0,2127:1747647651682:,1747647653697
counter/6/0/0/0,2128:1747647651682:,1747647653697
counter/7/0/0/0,1947:1747647651501:,1747647653697
counter/5/0/0/0,2098:1747647651390:,1747647653697
counter/5/0/0/0,2099:1747647651390:,1747647653697
counter/5/0/0/0,2100:1747647651391:,1747647653697
counter/5/0/0/0,2101:1747647651391:,1747647653697
counter/5/0/0/0,2102:1747647651391:,1747647653697
counter/5/0/0/0,2103:1747647651391:,1747647653697
counter/5/0/0/0,2104:1747647651392:,1747647653698
counter/8/0/0/0,2240:1747647651395:,1747647653699
counter/8/0/0/0,2241:1747647651395:,1747647653699
counter/8/0/0/0,2242:1747647651395:,1747647653699
counter/8/0/0/0,2243:1747647651395:,1747647653699
counter/8/0/0/0,2244:1747647651395:,1747647653699
counter/8/0/0/0,2245:1747647651395:,1747647653700
counter/8/0/0/0,2246:1747647651395:,1747647653700
counter/8/0/0/0,2247:1747647651395:,1747647653700
counter/8/0/0/0,2248:1747647651395:,1747647653700
counter/7/0/0/0,1948:1747647651501:,1747647653700
counter/3/0/0/0,2307:1747647651588:,1747647653700
counter/7/0/0/0,1949:1747647651501:,1747647653700
counter/7/0/0/0,1950:1747647651501:,1747647653700
counter/7/0/0/0,1951:1747647651502:,1747647653700
counter/7/0/0/0,1952:1747647651502:,1747647653700
counter/7/0/0/0,1953:1747647651502:,1747647653700
counter/7/0/0/0,1954:1747647651502:,1747647653700
counter/7/0/0/0,1955:1747647651502:,1747647653700
counter/7/0/0/0,1956:1747647651504:,1747647653700
counter/7/0/0/0,1957:1747647651505:,1747647653700
counter/7/0/0/0,1958:1747647651505:,1747647653700
counter/7/0/0/0,1959:1747647651505:,1747647653700
counter/7/0/0/0,1960:1747647651505:,1747647653700
counter/7/0/0/0,1961:1747647651505:,1747647653700
counter/7/0/0/0,1962:1747647651505:,1747647653700
counter/8/0/0/0,2249:1747647651395:,1747647653701
counter/8/0/0/0,2250:1747647651395:,1747647653701
counter/8/0/0/0,2251:1747647651395:,1747647653701
counter/8/0/0/0,2252:1747647651395:,1747647653701
counter/8/0/0/0,2253:1747647651396:,1747647653701
counter/8/0/0/0,2254:1747647651396:,1747647653701
counter/8/0/0/0,2255:1747647651396:,1747647653701
counter/8/0/0/0,2256:1747647651396:,1747647653701
counter/8/0/0/0,2257:1747647651396:,1747647653701
counter/8/0/0/0,2258:1747647651396:,1747647653701
counter/8/0/0/0,2259:1747647651396:,1747647653701
counter/8/0/0/0,2260:1747647651396:,1747647653701
counter/4/0/0/0,2326:1747647651699:,1747647653701
counter/10/0/0/0,2034:1747647651748:,1747647653701
counter/9/0/0/0,2230:1747647651752:,1747647653702
counter/5/0/0/0,2105:1747647651392:,1747647653703
counter/4/0/0/0,2327:1747647651699:,1747647653703
counter/2/0/0/0,1969:1747647651367:,1747647653703
counter/2/0/0/0,1970:1747647651367:,1747647653703
counter/2/0/0/0,1971:1747647651367:,1747647653703
counter/1/0/0/0,2557:1747647652063:,1747647653703
counter/10/0/0/0,2035:1747647651749:,1747647653704
counter/7/0/0/0,1963:1747647651505:,1747647653704
counter/1/0/0/0,2558:1747647652064:,1747647653704
counter/7/0/0/0,1964:1747647651505:,1747647653704
counter/7/0/0/0,1965:1747647651505:,1747647653704
counter/9/0/0/0,2231:1747647651752:,1747647653704
counter/9/0/0/0,2232:1747647651754:,1747647653704
counter/10/0/0/0,2036:1747647651749:,1747647653704
counter/4/0/0/0,2328:1747647651699:,1747647653705
counter/4/0/0/0,2329:1747647651699:,1747647653705
counter/4/0/0/0,2330:1747647651699:,1747647653705
counter/4/0/0/0,2331:1747647651700:,1747647653705
counter/3/0/0/0,2308:1747647651588:,1747647653705
counter/3/0/0/0,2309:1747647651588:,1747647653705
counter/6/0/0/0,2129:1747647651682:,1747647653705
counter/3/0/0/0,2310:1747647651590:,1747647653706
counter/6/0/0/0,2130:1747647651682:,1747647653706
counter/3/0/0/0,2311:1747647651590:,1747647653706
counter/6/0/0/0,2131:1747647651682:,1747647653706
counter/3/0/0/0,2312:1747647651590:,1747647653706
counter/6/0/0/0,2132:1747647651682:,1747647653706
counter/6/0/0/0,2133:1747647651682:,1747647653706
counter/6/0/0/0,2134:1747647651682:,1747647653706
counter/6/0/0/0,2135:1747647651682:,1747647653706
counter/2/0/0/0,1972:1747647651367:,1747647653706
counter/8/0/0/0,2261:1747647651397:,1747647653706
counter/5/0/0/0,2106:1747647651392:,1747647653707
counter/5/0/0/0,2107:1747647651392:,1747647653707
counter/5/0/0/0,2108:1747647651392:,1747647653707
counter/5/0/0/0,2109:1747647651392:,1747647653707
counter/5/0/0/0,2110:1747647651392:,1747647653707
counter/5/0/0/0,2111:1747647651394:,1747647653708
counter/7/0/0/0,1966:1747647651505:,1747647653708
counter/7/0/0/0,1967:1747647651505:,1747647653708
counter/7/0/0/0,1968:1747647651505:,1747647653708
counter/7/0/0/0,1969:1747647651505:,1747647653708
counter/7/0/0/0,1970:1747647651505:,1747647653708
counter/7/0/0/0,1971:1747647651505:,1747647653708
counter/7/0/0/0,1972:1747647651505:,1747647653708
counter/7/0/0/0,1973:1747647651505:,1747647653708
counter/5/0/0/0,2112:1747647651394:,1747647653708
counter/5/0/0/0,2113:1747647651394:,1747647653708
counter/5/0/0/0,2114:1747647651395:,1747647653708
counter/9/0/0/0,2233:1747647651754:,1747647653708
counter/8/0/0/0,2262:1747647651397:,1747647653709
counter/6/0/0/0,2136:1747647651682:,1747647653710
counter/4/0/0/0,2332:1747647651700:,1747647653710
counter/9/0/0/0,2234:1747647651754:,1747647653711
counter/9/0/0/0,2235:1747647651756:,1747647653711
counter/6/0/0/0,2137:1747647651682:,1747647653711
counter/9/0/0/0,2236:1747647651756:,1747647653711
counter/6/0/0/0,2138:1747647651682:,1747647653711
counter/9/0/0/0,2237:1747647651756:,1747647653711
counter/6/0/0/0,2139:1747647651682:,1747647653711
counter/9/0/0/0,2238:1747647651756:,1747647653711
counter/6/0/0/0,2140:1747647651682:,1747647653711
counter/6/0/0/0,2141:1747647651683:,1747647653711
counter/6/0/0/0,2142:1747647651683:,1747647653711
counter/3/0/0/0,2313:1747647651590:,1747647653712
counter/3/0/0/0,2314:1747647651590:,1747647653712
counter/4/0/0/0,2333:1747647651700:,1747647653712
counter/7/0/0/0,1974:1747647651505:,1747647653713
counter/7/0/0/0,1975:1747647651505:,1747647653713
counter/7/0/0/0,1976:1747647651505:,1747647653713
counter/7/0/0/0,1977:1747647651505:,1747647653713
counter/7/0/0/0,1978:1747647651505:,1747647653713
counter/7/0/0/0,1979:1747647651505:,1747647653713
counter/7/0/0/0,1980:1747647651505:,1747647653713
counter/2/0/0/0,1973:1747647651367:,1747647653713
counter/9/0/0/0,2239:1747647651756:,1747647653713
counter/9/0/0/0,2240:1747647651756:,1747647653713
counter/9/0/0/0,2241:1747647651796:,1747647653713
counter/9/0/0/0,2242:1747647651796:,1747647653713
counter/9/0/0/0,2243:1747647651796:,1747647653713
counter/9/0/0/0,2244:1747647651796:,1747647653713
counter/7/0/0/0,1981:1747647651505:,1747647653715
counter/7/0/0/0,1982:1747647651505:,1747647653715
counter/7/0/0/0,1983:1747647651505:,1747647653715
counter/7/0/0/0,1984:1747647651505:,1747647653715
counter/7/0/0/0,1985:1747647651505:,1747647653715
counter/4/0/0/0,2334:1747647651701:,1747647653716
counter/3/0/0/0,2315:1747647651590:,1747647653716
counter/4/0/0/0,2335:1747647651704:,1747647653716
counter/4/0/0/0,2336:1747647651717:,1747647653716
counter/4/0/0/0,2337:1747647651719:,1747647653716
counter/4/0/0/0,2338:1747647651719:,1747647653716
counter/4/0/0/0,2339:1747647651719:,1747647653716
counter/4/0/0/0,2340:1747647651719:,1747647653716
counter/4/0/0/0,2341:1747647651719:,1747647653716
counter/4/0/0/0,2342:1747647651719:,1747647653716
counter/4/0/0/0,2343:1747647651719:,1747647653716
counter/4/0/0/0,2344:1747647651719:,1747647653716
counter/4/0/0/0,2345:1747647651719:,1747647653717
counter/4/0/0/0,2346:1747647651719:,1747647653717
counter/9/0/0/0,2245:1747647651796:,1747647653717
counter/4/0/0/0,2347:1747647651719:,1747647653718
counter/4/0/0/0,2348:1747647651719:,1747647653718
counter/8/0/0/0,2263:1747647651397:,1747647653718
counter/4/0/0/0,2349:1747647651719:,1747647653718
counter/4/0/0/0,2350:1747647651719:,1747647653718
counter/5/0/0/0,2115:1747647651395:,1747647653718
counter/10/0/0/0,2037:1747647651749:,1747647653719
counter/5/0/0/0,2116:1747647651395:,1747647653720
counter/6/0/0/0,2143:1747647651683:,1747647653720
counter/7/0/0/0,1986:1747647651505:,1747647653721
counter/7/0/0/0,1987:1747647651512:,1747647653723
counter/7/0/0/0,1988:1747647651512:,1747647653724
counter/7/0/0/0,1989:1747647651512:,1747647653724
counter/7/0/0/0,1990:1747647651512:,1747647653724
counter/7/0/0/0,1991:1747647651516:,1747647653724
counter/7/0/0/0,1992:1747647651516:,1747647653724
counter/7/0/0/0,1993:1747647651516:,1747647653724
counter/7/0/0/0,1994:1747647651516:,1747647653724
counter/7/0/0/0,1995:1747647651516:,1747647653724
counter/7/0/0/0,1996:1747647651516:,1747647653724
counter/2/0/0/0,1974:1747647651367:,1747647653725
counter/10/0/0/0,2038:1747647651749:,1747647653725
counter/5/0/0/0,2117:1747647651395:,1747647653725
counter/3/0/0/0,2316:1747647651590:,1747647653725
counter/10/0/0/0,2039:1747647651749:,1747647653725
counter/10/0/0/0,2040:1747647651749:,1747647653725
counter/6/0/0/0,2144:1747647651683:,1747647653725
counter/10/0/0/0,2041:1747647651749:,1747647653725
counter/4/0/0/0,2351:1747647651719:,1747647653726
counter/9/0/0/0,2246:1747647651796:,1747647653726
counter/9/0/0/0,2247:1747647651797:,1747647653726
counter/9/0/0/0,2248:1747647651797:,1747647653726
counter/9/0/0/0,2249:1747647651797:,1747647653726
counter/9/0/0/0,2250:1747647651797:,1747647653726
counter/5/0/0/0,2118:1747647651395:,1747647653726
counter/6/0/0/0,2145:1747647651683:,1747647653726
counter/2/0/0/0,1975:1747647651367:,1747647653726
counter/10/0/0/0,2042:1747647651749:,1747647653726
counter/3/0/0/0,2317:1747647651596:,1747647653727
counter/6/0/0/0,2146:1747647651683:,1747647653727
counter/2/0/0/0,1976:1747647651367:,1747647653727
counter/6/0/0/0,2147:1747647651683:,1747647653728
counter/2/0/0/0,1977:1747647651367:,1747647653728
counter/10/0/0/0,2043:1747647651749:,1747647653729
counter/7/0/0/0,1997:1747647651519:,1747647653729
counter/10/0/0/0,2044:1747647651749:,1747647653729
counter/7/0/0/0,1998:1747647651520:,1747647653730
counter/7/0/0/0,1999:1747647651520:,1747647653731
counter/7/0/0/0,2000:1747647651520:,1747647653731
counter/7/0/0/0,2001:1747647651520:,1747647653731
counter/7/0/0/0,2002:1747647651520:,1747647653731
counter/6/0/0/0,2148:1747647651683:,1747647653731
counter/10/0/0/0,2045:1747647651749:,1747647653731
counter/2/0/0/0,1978:1747647651367:,1747647653731
counter/10/0/0/0,2046:1747647651749:,1747647653731
counter/1/0/0/0,2559:1747647652064:,1747647653731
counter/2/0/0/0,1979:1747647651367:,1747647653732
counter/10/0/0/0,2047:1747647651749:,1747647653732
counter/5/0/0/0,2119:1747647651395:,1747647653733
counter/8/0/0/0,2264:1747647651399:,1747647653734
counter/5/0/0/0,2120:1747647651395:,1747647653735
counter/1/0/0/0,2560:1747647652064:,1747647653735
counter/1/0/0/0,2561:1747647652064:,1747647653735
counter/1/0/0/0,2562:1747647652064:,1747647653735
counter/3/0/0/0,2318:1747647651596:,1747647653735
counter/3/0/0/0,2319:1747647651596:,1747647653735
counter/3/0/0/0,2320:1747647651596:,1747647653735
counter/3/0/0/0,2321:1747647651596:,1747647653735
counter/3/0/0/0,2322:1747647651596:,1747647653735
counter/3/0/0/0,2323:1747647651597:,1747647653735
counter/3/0/0/0,2324:1747647651597:,1747647653735
counter/4/0/0/0,2352:1747647651719:,1747647653735
counter/1/0/0/0,2563:1747647652064:,1747647653735
counter/2/0/0/0,1980:1747647651367:,1747647653736
counter/10/0/0/0,2048:1747647651749:,1747647653736
counter/3/0/0/0,2325:1747647651597:,1747647653736
counter/3/0/0/0,2326:1747647651597:,1747647653736
counter/3/0/0/0,2327:1747647651597:,1747647653736
counter/3/0/0/0,2328:1747647651597:,1747647653736
counter/4/0/0/0,2353:1747647651728:,1747647653737
counter/6/0/0/0,2149:1747647651683:,1747647653737
counter/4/0/0/0,2354:1747647651728:,1747647653737
counter/4/0/0/0,2355:1747647651728:,1747647653737
counter/4/0/0/0,2356:1747647651728:,1747647653737
counter/4/0/0/0,2357:1747647651744:,1747647653737
counter/4/0/0/0,2358:1747647651744:,1747647653737
counter/4/0/0/0,2359:1747647651744:,1747647653737
counter/4/0/0/0,2360:1747647651744:,1747647653737
counter/4/0/0/0,2361:1747647651744:,1747647653737
counter/2/0/0/0,1981:1747647651367:,1747647653737
counter/4/0/0/0,2362:1747647651799:,1747647653737
counter/2/0/0/0,1982:1747647651368:,1747647653737
counter/2/0/0/0,1983:1747647651368:,1747647653737
counter/9/0/0/0,2251:1747647651797:,1747647653737
counter/6/0/0/0,2150:1747647651683:,1747647653738
counter/6/0/0/0,2151:1747647651683:,1747647653738
counter/5/0/0/0,2121:1747647651396:,1747647653739
counter/9/0/0/0,2252:1747647651797:,1747647653739
counter/9/0/0/0,2253:1747647651797:,1747647653739
counter/4/0/0/0,2363:1747647651799:,1747647653740
counter/5/0/0/0,2122:1747647651396:,1747647653740
counter/10/0/0/0,2049:1747647651749:,1747647653741
counter/9/0/0/0,2254:1747647651797:,1747647653741
counter/9/0/0/0,2255:1747647651797:,1747647653741
counter/9/0/0/0,2256:1747647651797:,1747647653741
counter/9/0/0/0,2257:1747647651797:,1747647653741
counter/8/0/0/0,2265:1747647651399:,1747647653741
counter/8/0/0/0,2266:1747647651399:,1747647653741
counter/8/0/0/0,2267:1747647651400:,1747647653741
counter/7/0/0/0,2003:1747647651520:,1747647653742
counter/7/0/0/0,2004:1747647651520:,1747647653742
counter/7/0/0/0,2005:1747647651521:,1747647653742
counter/7/0/0/0,2006:1747647651521:,1747647653743
counter/7/0/0/0,2007:1747647651521:,1747647653743
counter/5/0/0/0,2123:1747647651396:,1747647653744
counter/10/0/0/0,2050:1747647651749:,1747647653744
counter/9/0/0/0,2258:1747647651797:,1747647653744
counter/9/0/0/0,2259:1747647651797:,1747647653744
counter/9/0/0/0,2260:1747647651797:,1747647653744
counter/9/0/0/0,2261:1747647651803:,1747647653744
counter/9/0/0/0,2262:1747647651803:,1747647653744
counter/9/0/0/0,2263:1747647651803:,1747647653744
counter/9/0/0/0,2264:1747647651803:,1747647653744
counter/9/0/0/0,2265:1747647651804:,1747647653744
counter/8/0/0/0,2268:1747647651400:,1747647653745
counter/4/0/0/0,2364:1747647651799:,1747647653745
counter/6/0/0/0,2152:1747647651683:,1747647653745
counter/4/0/0/0,2365:1747647651799:,1747647653746
counter/4/0/0/0,2366:1747647651799:,1747647653746
counter/4/0/0/0,2367:1747647651799:,1747647653746
counter/4/0/0/0,2368:1747647651799:,1747647653746
counter/4/0/0/0,2369:1747647651799:,1747647653746
counter/9/0/0/0,2266:1747647651804:,1747647653746
counter/4/0/0/0,2370:1747647651799:,1747647653746
counter/4/0/0/0,2371:1747647651799:,1747647653746
counter/5/0/0/0,2124:1747647651396:,1747647653747
counter/8/0/0/0,2269:1747647651400:,1747647653747
counter/8/0/0/0,2270:1747647651400:,1747647653747
counter/8/0/0/0,2271:1747647651400:,1747647653747
counter/8/0/0/0,2272:1747647651400:,1747647653747
counter/8/0/0/0,2273:1747647651400:,1747647653747
counter/8/0/0/0,2274:1747647651400:,1747647653747
counter/8/0/0/0,2275:1747647651400:,1747647653747
counter/8/0/0/0,2276:1747647651400:,1747647653747
counter/8/0/0/0,2277:1747647651400:,1747647653747
counter/6/0/0/0,2153:1747647651683:,1747647653747
counter/6/0/0/0,2154:1747647651689:,1747647653747
counter/6/0/0/0,2155:1747647651693:,1747647653747
counter/6/0/0/0,2156:1747647651693:,1747647653748
counter/6/0/0/0,2157:1747647651693:,1747647653748
counter/6/0/0/0,2158:1747647651693:,1747647653748
counter/6/0/0/0,2159:1747647651693:,1747647653748
counter/6/0/0/0,2160:1747647651693:,1747647653748
counter/3/0/0/0,2329:1747647651597:,1747647653748
counter/4/0/0/0,2372:1747647651799:,1747647653750
counter/9/0/0/0,2267:1747647651804:,1747647653750
counter/5/0/0/0,2125:1747647651404:,1747647653751
counter/5/0/0/0,2126:1747647651404:,1747647653751
counter/5/0/0/0,2127:1747647651404:,1747647653751
counter/5/0/0/0,2128:1747647651404:,1747647653751
counter/5/0/0/0,2129:1747647651404:,1747647653751
counter/6/0/0/0,2161:1747647651693:,1747647653751
counter/6/0/0/0,2162:1747647651693:,1747647653751
counter/6/0/0/0,2163:1747647651693:,1747647653751
counter/6/0/0/0,2164:1747647651693:,1747647653751
counter/6/0/0/0,2165:1747647651698:,1747647653751
counter/6/0/0/0,2166:1747647651698:,1747647653751
counter/6/0/0/0,2167:1747647651720:,1747647653751
counter/6/0/0/0,2168:1747647651720:,1747647653751
counter/3/0/0/0,2330:1747647651597:,1747647653751
counter/3/0/0/0,2331:1747647651597:,1747647653751
counter/3/0/0/0,2332:1747647651602:,1747647653751
counter/3/0/0/0,2333:1747647651602:,1747647653751
counter/3/0/0/0,2334:1747647651602:,1747647653751
counter/4/0/0/0,2373:1747647651803:,1747647653751
counter/7/0/0/0,2008:1747647651521:,1747647653751
counter/7/0/0/0,2009:1747647651521:,1747647653751
counter/7/0/0/0,2010:1747647651521:,1747647653751
counter/7/0/0/0,2011:1747647651521:,1747647653751
counter/7/0/0/0,2012:1747647651521:,1747647653751
counter/7/0/0/0,2013:1747647651521:,1747647653751
counter/7/0/0/0,2014:1747647651545:,1747647653752
counter/8/0/0/0,2278:1747647651400:,1747647653752
counter/6/0/0/0,2169:1747647651724:,1747647653752
counter/7/0/0/0,2015:1747647651545:,1747647653752
counter/1/0/0/0,2564:1747647652064:,1747647653753
counter/1/0/0/0,2565:1747647652065:,1747647653753
counter/1/0/0/0,2566:1747647652065:,1747647653753
counter/3/0/0/0,2335:1747647651602:,1747647653753
counter/1/0/0/0,2567:1747647652065:,1747647653753
counter/3/0/0/0,2336:1747647651602:,1747647653753
counter/1/0/0/0,2568:1747647652065:,1747647653754
counter/3/0/0/0,2337:1747647651602:,1747647653754
counter/1/0/0/0,2569:1747647652065:,1747647653754
counter/3/0/0/0,2338:1747647651602:,1747647653754
counter/3/0/0/0,2339:1747647651602:,1747647653754
counter/3/0/0/0,2340:1747647651602:,1747647653754
counter/3/0/0/0,2341:1747647651602:,1747647653754
counter/3/0/0/0,2342:1747647651602:,1747647653754
counter/3/0/0/0,2343:1747647651602:,1747647653754
counter/3/0/0/0,2344:1747647651602:,1747647653754
counter/3/0/0/0,2345:1747647651602:,1747647653754
counter/2/0/0/0,1984:1747647651372:,1747647653754
counter/3/0/0/0,2346:1747647651602:,1747647653754
counter/7/0/0/0,2016:1747647651545:,1747647653755
counter/3/0/0/0,2347:1747647651605:,1747647653755
counter/10/0/0/0,2051:1747647651749:,1747647653755
counter/10/0/0/0,2052:1747647651749:,1747647653755
counter/10/0/0/0,2053:1747647651749:,1747647653755
counter/10/0/0/0,2054:1747647651749:,1747647653755
counter/10/0/0/0,2055:1747647651754:,1747647653755
counter/4/0/0/0,2374:1747647651803:,1747647653756
counter/8/0/0/0,2279:1747647651402:,1747647653756
counter/8/0/0/0,2280:1747647651402:,1747647653756
counter/8/0/0/0,2281:1747647651402:,1747647653756
counter/8/0/0/0,2282:1747647651402:,1747647653756
counter/8/0/0/0,2283:1747647651402:,1747647653756
counter/8/0/0/0,2284:1747647651402:,1747647653757
counter/8/0/0/0,2285:1747647651402:,1747647653757
counter/8/0/0/0,2286:1747647651402:,1747647653757
counter/8/0/0/0,2287:1747647651402:,1747647653757
counter/8/0/0/0,2288:1747647651402:,1747647653757
counter/8/0/0/0,2289:1747647651402:,1747647653757
counter/8/0/0/0,2290:1747647651405:,1747647653757
counter/8/0/0/0,2291:1747647651414:,1747647653757
counter/8/0/0/0,2292:1747647651414:,1747647653757
counter/8/0/0/0,2293:1747647651414:,1747647653758
counter/8/0/0/0,2294:1747647651414:,1747647653758
counter/8/0/0/0,2295:1747647651414:,1747647653758
counter/8/0/0/0,2296:1747647651424:,1747647653758
counter/8/0/0/0,2297:1747647651424:,1747647653758
counter/8/0/0/0,2298:1747647651424:,1747647653758
counter/8/0/0/0,2299:1747647651424:,1747647653758
counter/8/0/0/0,2300:1747647651424:,1747647653758
counter/8/0/0/0,2301:1747647651424:,1747647653758
counter/8/0/0/0,2302:1747647651424:,1747647653758
counter/8/0/0/0,2303:1747647651424:,1747647653758
counter/8/0/0/0,2304:1747647651426:,1747647653758
counter/8/0/0/0,2305:1747647651426:,1747647653759
counter/8/0/0/0,2306:1747647651426:,1747647653759
counter/5/0/0/0,2130:1747647651404:,1747647653759
counter/3/0/0/0,2348:1747647651605:,1747647653759
counter/3/0/0/0,2349:1747647651605:,1747647653759
counter/3/0/0/0,2350:1747647651605:,1747647653759
counter/3/0/0/0,2351:1747647651605:,1747647653759
counter/3/0/0/0,2352:1747647651617:,1747647653759
counter/3/0/0/0,2353:1747647651617:,1747647653759
counter/3/0/0/0,2354:1747647651617:,1747647653759
counter/3/0/0/0,2355:1747647651622:,1747647653759
counter/3/0/0/0,2356:1747647651622:,1747647653759
counter/3/0/0/0,2357:1747647651622:,1747647653759
counter/3/0/0/0,2358:1747647651622:,1747647653759
counter/6/0/0/0,2170:1747647651724:,1747647653760
counter/8/0/0/0,2307:1747647651426:,1747647653760
counter/8/0/0/0,2308:1747647651426:,1747647653760
counter/8/0/0/0,2309:1747647651426:,1747647653760
counter/9/0/0/0,2268:1747647651804:,1747647653760
counter/8/0/0/0,2310:1747647651426:,1747647653760
counter/8/0/0/0,2311:1747647651426:,1747647653760
counter/9/0/0/0,2269:1747647651804:,1747647653760
counter/6/0/0/0,2171:1747647651724:,1747647653761
counter/7/0/0/0,2017:1747647651545:,1747647653762
counter/10/0/0/0,2056:1747647651754:,1747647653765
counter/5/0/0/0,2131:1747647651405:,1747647653765
counter/1/0/0/0,2570:1747647652065:,1747647653765
counter/1/0/0/0,2571:1747647652065:,1747647653765
counter/1/0/0/0,2572:1747647652065:,1747647653765
counter/1/0/0/0,2573:1747647652065:,1747647653765
counter/1/0/0/0,2574:1747647652065:,1747647653765
counter/1/0/0/0,2575:1747647652065:,1747647653765
counter/1/0/0/0,2576:1747647652065:,1747647653765
counter/1/0/0/0,2577:1747647652065:,1747647653765
counter/1/0/0/0,2578:1747647652090:,1747647653765
counter/2/0/0/0,1985:1747647651372:,1747647653765
counter/8/0/0/0,2312:1747647651426:,1747647653766
counter/5/0/0/0,2132:1747647651405:,1747647653766
counter/1/0/0/0,2579:1747647652090:,1747647653766
counter/7/0/0/0,2018:1747647651545:,1747647653766
counter/8/0/0/0,2313:1747647651426:,1747647653766
counter/5/0/0/0,2133:1747647651405:,1747647653766
counter/5/0/0/0,2134:1747647651406:,1747647653766
counter/5/0/0/0,2135:1747647651406:,1747647653767
counter/5/0/0/0,2136:1747647651406:,1747647653767
counter/5/0/0/0,2137:1747647651406:,1747647653767
counter/10/0/0/0,2057:1747647651754:,1747647653767
counter/2/0/0/0,1986:1747647651372:,1747647653767
counter/2/0/0/0,1987:1747647651372:,1747647653767
counter/2/0/0/0,1988:1747647651372:,1747647653767
counter/2/0/0/0,1989:1747647651372:,1747647653767
counter/5/0/0/0,2138:1747647651406:,1747647653769
counter/5/0/0/0,2139:1747647651406:,1747647653769
counter/4/0/0/0,2375:1747647651803:,1747647653769
counter/1/0/0/0,2580:1747647652092:,1747647653769
counter/9/0/0/0,2270:1747647651804:,1747647653769
counter/9/0/0/0,2271:1747647651804:,1747647653769
counter/9/0/0/0,2272:1747647651811:,1747647653769
counter/9/0/0/0,2273:1747647651811:,1747647653769
counter/9/0/0/0,2274:1747647651811:,1747647653769
counter/9/0/0/0,2275:1747647651811:,1747647653770
counter/9/0/0/0,2276:1747647651812:,1747647653770
counter/9/0/0/0,2277:1747647651812:,1747647653770
counter/9/0/0/0,2278:1747647651813:,1747647653770
counter/9/0/0/0,2279:1747647651813:,1747647653770
counter/10/0/0/0,2058:1747647651754:,1747647653770
counter/8/0/0/0,2314:1747647651426:,1747647653770
counter/6/0/0/0,2172:1747647651726:,1747647653770
counter/6/0/0/0,2173:1747647651726:,1747647653875
counter/6/0/0/0,2174:1747647651726:,1747647653875
counter/5/0/0/0,2140:1747647651406:,1747647653875
counter/6/0/0/0,2175:1747647651727:,1747647653875
counter/1/0/0/0,2581:1747647652092:,1747647653875
counter/6/0/0/0,2176:1747647651727:,1747647653875
counter/6/0/0/0,2177:1747647651727:,1747647653875
counter/6/0/0/0,2178:1747647651727:,1747647653876
counter/6/0/0/0,2179:1747647651727:,1747647653876
counter/5/0/0/0,2141:1747647651406:,1747647653876
counter/5/0/0/0,2142:1747647651406:,1747647653876
counter/8/0/0/0,2315:1747647651426:,1747647653877
counter/6/0/0/0,2180:1747647651727:,1747647653877
counter/9/0/0/0,2280:1747647651814:,1747647653877
counter/9/0/0/0,2281:1747647651814:,1747647653877
counter/9/0/0/0,2282:1747647651814:,1747647653877
counter/9/0/0/0,2283:1747647651814:,1747647653877
counter/9/0/0/0,2284:1747647651814:,1747647653877
counter/9/0/0/0,2285:1747647651814:,1747647653878
counter/9/0/0/0,2286:1747647651814:,1747647653878
counter/9/0/0/0,2287:1747647651814:,1747647653878
counter/9/0/0/0,2288:1747647651814:,1747647653878
counter/9/0/0/0,2289:1747647651815:,1747647653878
counter/9/0/0/0,2290:1747647651822:,1747647653878
counter/9/0/0/0,2291:1747647651822:,1747647653878
counter/9/0/0/0,2292:1747647651822:,1747647653878
counter/9/0/0/0,2293:1747647651822:,1747647653878
counter/6/0/0/0,2181:1747647651727:,1747647653878
counter/6/0/0/0,2182:1747647651727:,1747647653878
counter/1/0/0/0,2582:1747647652092:,1747647653879
counter/6/0/0/0,2183:1747647651727:,1747647653879
counter/6/0/0/0,2184:1747647651727:,1747647653879
counter/6/0/0/0,2185:1747647651727:,1747647653879
counter/6/0/0/0,2186:1747647651727:,1747647653879
counter/6/0/0/0,2187:1747647651727:,1747647653879
counter/6/0/0/0,2188:1747647651727:,1747647653879
counter/6/0/0/0,2189:1747647651727:,1747647653879
counter/6/0/0/0,2190:1747647651727:,1747647653879
counter/6/0/0/0,2191:1747647651727:,1747647653879
counter/7/0/0/0,2019:1747647651545:,1747647653879
counter/7/0/0/0,2020:1747647651545:,1747647653879
counter/7/0/0/0,2021:1747647651545:,1747647653879
counter/7/0/0/0,2022:1747647651545:,1747647653879
counter/7/0/0/0,2023:1747647651545:,1747647653879
counter/7/0/0/0,2024:1747647651545:,1747647653879
counter/7/0/0/0,2025:1747647651545:,1747647653880
counter/7/0/0/0,2026:1747647651545:,1747647653880
counter/7/0/0/0,2027:1747647651545:,1747647653880
counter/7/0/0/0,2028:1747647651545:,1747647653880
counter/7/0/0/0,2029:1747647651545:,1747647653880
counter/7/0/0/0,2030:1747647651553:,1747647653880
counter/7/0/0/0,2031:1747647651553:,1747647653880
counter/9/0/0/0,2294:1747647651822:,1747647653880
counter/9/0/0/0,2295:1747647651822:,1747647653880
counter/9/0/0/0,2296:1747647651822:,1747647653880
counter/2/0/0/0,1990:1747647651372:,1747647653881
counter/6/0/0/0,2192:1747647651727:,1747647653881
counter/6/0/0/0,2193:1747647651727:,1747647653881
counter/6/0/0/0,2194:1747647651727:,1747647653881
counter/6/0/0/0,2195:1747647651727:,1747647653881
counter/6/0/0/0,2196:1747647651727:,1747647653881
counter/6/0/0/0,2197:1747647651727:,1747647653881
counter/3/0/0/0,2359:1747647651622:,1747647653881
counter/4/0/0/0,2376:1747647651804:,1747647653881
counter/4/0/0/0,2377:1747647651804:,1747647653882
counter/4/0/0/0,2378:1747647651804:,1747647653882
counter/4/0/0/0,2379:1747647651804:,1747647653882
counter/9/0/0/0,2297:1747647651822:,1747647653882
counter/6/0/0/0,2198:1747647651727:,1747647653883
counter/6/0/0/0,2199:1747647651727:,1747647653883
counter/6/0/0/0,2200:1747647651727:,1747647653883
counter/6/0/0/0,2201:1747647651727:,1747647653883
counter/6/0/0/0,2202:1747647651728:,1747647653883
counter/6/0/0/0,2203:1747647651728:,1747647653883
counter/6/0/0/0,2204:1747647651728:,1747647653883
counter/7/0/0/0,2032:1747647651553:,1747647653883
counter/5/0/0/0,2143:1747647651406:,1747647653884
counter/7/0/0/0,2033:1747647651553:,1747647653884
counter/7/0/0/0,2034:1747647651554:,1747647653884
counter/7/0/0/0,2035:1747647651554:,1747647653884
counter/7/0/0/0,2036:1747647651554:,1747647653884
counter/7/0/0/0,2037:1747647651554:,1747647653884
counter/7/0/0/0,2038:1747647651554:,1747647653884
counter/8/0/0/0,2316:1747647651426:,1747647653884
counter/7/0/0/0,2039:1747647651554:,1747647653884
counter/7/0/0/0,2040:1747647651554:,1747647653884
counter/8/0/0/0,2317:1747647651427:,1747647653884
counter/7/0/0/0,2041:1747647651555:,1747647653884
counter/7/0/0/0,2042:1747647651555:,1747647653884
counter/2/0/0/0,1991:1747647651372:,1747647653884
counter/8/0/0/0,2318:1747647651427:,1747647653885
counter/2/0/0/0,1992:1747647651372:,1747647653885
counter/9/0/0/0,2298:1747647651822:,1747647653885
counter/9/0/0/0,2299:1747647651822:,1747647653885
counter/9/0/0/0,2300:1747647651822:,1747647653885
counter/9/0/0/0,2301:1747647651822:,1747647653885
counter/9/0/0/0,2302:1747647651822:,1747647653885
counter/9/0/0/0,2303:1747647651822:,1747647653885
counter/9/0/0/0,2304:1747647651822:,1747647653885
counter/6/0/0/0,2205:1747647651728:,1747647653885
counter/3/0/0/0,2360:1747647651622:,1747647653885
counter/1/0/0/0,2583:1747647652092:,1747647653885
counter/1/0/0/0,2584:1747647652092:,1747647653885
counter/6/0/0/0,2206:1747647651728:,1747647653886
counter/4/0/0/0,2380:1747647651816:,1747647653886
counter/5/0/0/0,2144:1747647651406:,1747647653890
counter/5/0/0/0,2145:1747647651406:,1747647653891
counter/10/0/0/0,2059:1747647651754:,1747647653892
counter/7/0/0/0,2043:1747647651555:,1747647653892
counter/3/0/0/0,2361:1747647651622:,1747647653892
counter/7/0/0/0,2044:1747647651555:,1747647653893
counter/4/0/0/0,2381:1747647651816:,1747647653893
counter/9/0/0/0,2305:1747647651822:,1747647653893
counter/2/0/0/0,1993:1747647651372:,1747647653893
counter/9/0/0/0,2306:1747647651822:,1747647653893
counter/5/0/0/0,2146:1747647651406:,1747647653893
counter/5/0/0/0,2147:1747647651406:,1747647653894
counter/5/0/0/0,2148:1747647651406:,1747647653894
counter/5/0/0/0,2149:1747647651406:,1747647653894
counter/5/0/0/0,2150:1747647651406:,1747647653894
counter/5/0/0/0,2151:1747647651406:,1747647653894
counter/5/0/0/0,2152:1747647651406:,1747647653894
counter/5/0/0/0,2153:1747647651406:,1747647653894
counter/5/0/0/0,2154:1747647651407:,1747647653894
counter/5/0/0/0,2155:1747647651407:,1747647653894
counter/5/0/0/0,2156:1747647651407:,1747647653894
counter/10/0/0/0,2060:1747647651755:,1747647653894
counter/3/0/0/0,2362:1747647651622:,1747647653894
counter/3/0/0/0,2363:1747647651622:,1747647653894
counter/3/0/0/0,2364:1747647651622:,1747647653895
counter/3/0/0/0,2365:1747647651622:,1747647653895
counter/9/0/0/0,2307:1747647651822:,1747647653895
counter/5/0/0/0,2157:1747647651412:,1747647653895
counter/9/0/0/0,2308:1747647651823:,1747647653895
counter/9/0/0/0,2309:1747647651823:,1747647653895
counter/9/0/0/0,2310:1747647651824:,1747647653895
counter/9/0/0/0,2311:1747647651824:,1747647653895
counter/9/0/0/0,2312:1747647651824:,1747647653895
counter/9/0/0/0,2313:1747647651824:,1747647653895
counter/9/0/0/0,2314:1747647651824:,1747647653895
counter/9/0/0/0,2315:1747647651824:,1747647653895
counter/9/0/0/0,2316:1747647651825:,1747647653895
counter/6/0/0/0,2207:1747647651728:,1747647653896
counter/9/0/0/0,2317:1747647651829:,1747647653896
counter/9/0/0/0,2318:1747647651829:,1747647653896
counter/8/0/0/0,2319:1747647651427:,1747647653896
counter/9/0/0/0,2319:1747647651829:,1747647653896
counter/3/0/0/0,2366:1747647651622:,1747647653896
counter/9/0/0/0,2320:1747647651829:,1747647653896
counter/3/0/0/0,2367:1747647651630:,1747647653896
counter/9/0/0/0,2321:1747647651829:,1747647653896
counter/3/0/0/0,2368:1747647651630:,1747647653896
counter/9/0/0/0,2322:1747647651829:,1747647653896
counter/9/0/0/0,2323:1747647651831:,1747647653896
counter/5/0/0/0,2158:1747647651412:,1747647653896
counter/1/0/0/0,2585:1747647652092:,1747647653896
counter/10/0/0/0,2061:1747647651797:,1747647653896
counter/5/0/0/0,2159:1747647651412:,1747647653897
counter/6/0/0/0,2208:1747647651728:,1747647653897
counter/7/0/0/0,2045:1747647651555:,1747647653897
counter/6/0/0/0,2209:1747647651728:,1747647653898
counter/6/0/0/0,2210:1747647651730:,1747647653898
counter/6/0/0/0,2211:1747647651731:,1747647653898
counter/4/0/0/0,2382:1747647651816:,1747647653900
counter/5/0/0/0,2160:1747647651412:,1747647653900
counter/10/0/0/0,2062:1747647651797:,1747647653900
counter/2/0/0/0,1994:1747647651372:,1747647653900
counter/2/0/0/0,1995:1747647651372:,1747647653900
counter/8/0/0/0,2320:1747647651427:,1747647653900
counter/2/0/0/0,1996:1747647651372:,1747647653900
counter/2/0/0/0,1997:1747647651372:,1747647653900
counter/7/0/0/0,2046:1747647651556:,1747647653900
counter/2/0/0/0,1998:1747647651372:,1747647653900
counter/6/0/0/0,2212:1747647651731:,1747647653900
counter/2/0/0/0,1999:1747647651372:,1747647653900
counter/7/0/0/0,2047:1747647651556:,1747647653900
counter/2/0/0/0,2000:1747647651372:,1747647653900
counter/9/0/0/0,2324:1747647651831:,1747647653902
counter/1/0/0/0,2586:1747647652092:,1747647653902
counter/9/0/0/0,2325:1747647651831:,1747647653903
counter/9/0/0/0,2326:1747647651831:,1747647653903
counter/9/0/0/0,2327:1747647651831:,1747647653903
counter/9/0/0/0,2328:1747647651832:,1747647653903
counter/9/0/0/0,2329:1747647651832:,1747647653904
counter/7/0/0/0,2048:1747647651556:,1747647653904
counter/10/0/0/0,2063:1747647651797:,1747647653904
counter/1/0/0/0,2587:1747647652092:,1747647653904
counter/2/0/0/0,2001:1747647651380:,1747647653904
counter/2/0/0/0,2002:1747647651380:,1747647653905
counter/10/0/0/0,2064:1747647651804:,1747647653905
counter/4/0/0/0,2383:1747647651816:,1747647653905
counter/4/0/0/0,2384:1747647651816:,1747647653905
counter/5/0/0/0,2161:1747647651412:,1747647653905
counter/4/0/0/0,2385:1747647651819:,1747647653905
counter/1/0/0/0,2588:1747647652092:,1747647653906
counter/4/0/0/0,2386:1747647651819:,1747647653907
counter/4/0/0/0,2387:1747647651819:,1747647653907
counter/5/0/0/0,2162:1747647651412:,1747647653908
counter/6/0/0/0,2213:1747647651731:,1747647653908
counter/6/0/0/0,2214:1747647651731:,1747647653908
counter/3/0/0/0,2369:1747647651630:,1747647653908
counter/9/0/0/0,2330:1747647651832:,1747647653908
counter/7/0/0/0,2049:1747647651562:,1747647653908
counter/9/0/0/0,2331:1747647651832:,1747647653909
counter/5/0/0/0,2163:1747647651412:,1747647653910
counter/5/0/0/0,2164:1747647651412:,1747647653910
counter/3/0/0/0,2370:1747647651630:,1747647653910
counter/5/0/0/0,2165:1747647651412:,1747647653910
counter/5/0/0/0,2166:1747647651412:,1747647653910
counter/5/0/0/0,2167:1747647651412:,1747647653910
counter/5/0/0/0,2168:1747647651412:,1747647653910
counter/7/0/0/0,2050:1747647651562:,1747647653911
counter/1/0/0/0,2589:1747647652092:,1747647653911
counter/7/0/0/0,2051:1747647651562:,1747647653912
counter/7/0/0/0,2052:1747647651562:,1747647653912
counter/7/0/0/0,2053:1747647651562:,1747647653912
counter/7/0/0/0,2054:1747647651562:,1747647653912
counter/7/0/0/0,2055:1747647651562:,1747647653912
counter/7/0/0/0,2056:1747647651563:,1747647653912
counter/3/0/0/0,2371:1747647651630:,1747647653912
counter/1/0/0/0,2590:1747647652092:,1747647653912
counter/9/0/0/0,2332:1747647651832:,1747647653912
counter/4/0/0/0,2388:1747647651819:,1747647653912
counter/4/0/0/0,2389:1747647651827:,1747647653912
counter/8/0/0/0,2321:1747647651427:,1747647653912
counter/8/0/0/0,2322:1747647651430:,1747647653913
counter/8/0/0/0,2323:1747647651434:,1747647653913
counter/8/0/0/0,2324:1747647651434:,1747647653913
counter/8/0/0/0,2325:1747647651434:,1747647653913
counter/8/0/0/0,2326:1747647651434:,1747647653913
counter/8/0/0/0,2327:1747647651434:,1747647653913
counter/8/0/0/0,2328:1747647651434:,1747647653913
counter/8/0/0/0,2329:1747647651444:,1747647653913
counter/9/0/0/0,2333:1747647651832:,1747647653913
counter/9/0/0/0,2334:1747647651832:,1747647653913
counter/7/0/0/0,2057:1747647651563:,1747647653913
counter/7/0/0/0,2058:1747647651563:,1747647653913
counter/3/0/0/0,2372:1747647651630:,1747647653913
counter/3/0/0/0,2373:1747647651630:,1747647653913
counter/3/0/0/0,2374:1747647651630:,1747647653913
counter/3/0/0/0,2375:1747647651630:,1747647653913
counter/3/0/0/0,2376:1747647651630:,1747647653913
counter/3/0/0/0,2377:1747647651630:,1747647653913
counter/3/0/0/0,2378:1747647651630:,1747647653913
counter/3/0/0/0,2379:1747647651630:,1747647653914
counter/3/0/0/0,2380:1747647651630:,1747647653914
counter/3/0/0/0,2381:1747647651630:,1747647653914
counter/3/0/0/0,2382:1747647651631:,1747647653914
counter/5/0/0/0,2169:1747647651412:,1747647653914
counter/10/0/0/0,2065:1747647651804:,1747647653914
counter/10/0/0/0,2066:1747647651806:,1747647653914
counter/10/0/0/0,2067:1747647651815:,1747647653914
counter/10/0/0/0,2068:1747647651815:,1747647653914
counter/10/0/0/0,2069:1747647651815:,1747647653914
counter/10/0/0/0,2070:1747647651815:,1747647653914
counter/10/0/0/0,2071:1747647651815:,1747647653914
counter/10/0/0/0,2072:1747647651815:,1747647653914
counter/10/0/0/0,2073:1747647651817:,1747647653914
counter/10/0/0/0,2074:1747647651817:,1747647653914
counter/10/0/0/0,2075:1747647651817:,1747647653914
counter/10/0/0/0,2076:1747647651823:,1747647653915
counter/10/0/0/0,2077:1747647651823:,1747647653915
counter/10/0/0/0,2078:1747647651823:,1747647653915
counter/10/0/0/0,2079:1747647651823:,1747647653915
counter/10/0/0/0,2080:1747647651823:,1747647653915
counter/10/0/0/0,2081:1747647651823:,1747647653915
counter/10/0/0/0,2082:1747647651823:,1747647653915
counter/10/0/0/0,2083:1747647651823:,1747647653915
counter/5/0/0/0,2170:1747647651412:,1747647653915
counter/1/0/0/0,2591:1747647652092:,1747647653915
counter/4/0/0/0,2390:1747647651828:,1747647653915
counter/6/0/0/0,2215:1747647651731:,1747647653915
counter/5/0/0/0,2171:1747647651412:,1747647653915
counter/5/0/0/0,2172:1747647651412:,1747647653915
counter/5/0/0/0,2173:1747647651415:,1747647653915
counter/5/0/0/0,2174:1747647651415:,1747647653915
counter/5/0/0/0,2175:1747647651418:,1747647653915
counter/5/0/0/0,2176:1747647651418:,1747647653915
counter/5/0/0/0,2177:1747647651418:,1747647653915
counter/5/0/0/0,2178:1747647651418:,1747647653916
counter/8/0/0/0,2330:1747647651444:,1747647653916
counter/8/0/0/0,2331:1747647651444:,1747647653916
counter/9/0/0/0,2335:1747647651843:,1747647653916
counter/8/0/0/0,2332:1747647651444:,1747647653916
counter/9/0/0/0,2336:1747647651846:,1747647653916
counter/10/0/0/0,2084:1747647651823:,1747647653916
counter/4/0/0/0,2391:1747647651828:,1747647653917
counter/4/0/0/0,2392:1747647651828:,1747647653917
counter/4/0/0/0,2393:1747647651828:,1747647653917
counter/3/0/0/0,2383:1747647651631:,1747647653917
counter/4/0/0/0,2394:1747647651828:,1747647653917
counter/9/0/0/0,2337:1747647651848:,1747647653917
counter/4/0/0/0,2395:1747647651828:,1747647653917
counter/9/0/0/0,2338:1747647651848:,1747647653917
counter/9/0/0/0,2339:1747647651848:,1747647653917
counter/9/0/0/0,2340:1747647651848:,1747647653917
counter/9/0/0/0,2341:1747647651848:,1747647653917
counter/9/0/0/0,2342:1747647651848:,1747647653917
counter/9/0/0/0,2343:1747647651848:,1747647653917
counter/9/0/0/0,2344:1747647651848:,1747647653917
counter/9/0/0/0,2345:1747647651848:,1747647653917
counter/9/0/0/0,2346:1747647651848:,1747647653917
counter/9/0/0/0,2347:1747647651849:,1747647653917
counter/9/0/0/0,2348:1747647651849:,1747647653917
counter/9/0/0/0,2349:1747647651849:,1747647653917
counter/9/0/0/0,2350:1747647651849:,1747647653918
counter/1/0/0/0,2592:1747647652092:,1747647653918
counter/3/0/0/0,2384:1747647651643:,1747647653918
counter/3/0/0/0,2385:1747647651643:,1747647653918
counter/3/0/0/0,2386:1747647651643:,1747647653918
counter/7/0/0/0,2059:1747647651563:,1747647653921
counter/7/0/0/0,2060:1747647651563:,1747647653921
counter/9/0/0/0,2351:1747647651849:,1747647653921
counter/2/0/0/0,2003:1747647651380:,1747647653921
counter/2/0/0/0,2004:1747647651380:,1747647653921
counter/3/0/0/0,2387:1747647651666:,1747647653922
counter/3/0/0/0,2388:1747647651666:,1747647653922
counter/3/0/0/0,2389:1747647651666:,1747647653922
counter/3/0/0/0,2390:1747647651693:,1747647653922
counter/3/0/0/0,2391:1747647651693:,1747647653922
counter/3/0/0/0,2392:1747647651693:,1747647653922
counter/3/0/0/0,2393:1747647651698:,1747647653922
counter/3/0/0/0,2394:1747647651698:,1747647653922
counter/3/0/0/0,2395:1747647651698:,1747647653922
counter/3/0/0/0,2396:1747647651698:,1747647653922
counter/3/0/0/0,2397:1747647651698:,1747647653922
counter/3/0/0/0,2398:1747647651698:,1747647653922
counter/3/0/0/0,2399:1747647651698:,1747647653922
counter/3/0/0/0,2400:1747647651698:,1747647653922
counter/3/0/0/0,2401:1747647651698:,1747647653922
counter/3/0/0/0,2402:1747647651698:,1747647653922
counter/7/0/0/0,2061:1747647651563:,1747647653922
counter/1/0/0/0,2593:1747647652096:,1747647653923
counter/1/0/0/0,2594:1747647652096:,1747647653923
counter/1/0/0/0,2595:1747647652096:,1747647653923
counter/1/0/0/0,2596:1747647652096:,1747647653923
counter/1/0/0/0,2597:1747647652096:,1747647653923
counter/1/0/0/0,2598:1747647652096:,1747647653924
counter/1/0/0/0,2599:1747647652096:,1747647653924
counter/1/0/0/0,2600:1747647652096:,1747647653924
counter/4/0/0/0,2396:1747647651828:,1747647653924
counter/5/0/0/0,2179:1747647651418:,1747647653925
counter/7/0/0/0,2062:1747647651563:,1747647653925
counter/1/0/0/0,2601:1747647652097:,1747647653925
counter/1/0/0/0,2602:1747647652097:,1747647653925
counter/1/0/0/0,2603:1747647652097:,1747647653925
counter/1/0/0/0,2604:1747647652097:,1747647653925
counter/1/0/0/0,2605:1747647652098:,1747647653925
counter/1/0/0/0,2606:1747647652098:,1747647653925
counter/1/0/0/0,2607:1747647652098:,1747647653925
counter/5/0/0/0,2180:1747647651419:,1747647653925
counter/4/0/0/0,2397:1747647651833:,1747647653926
counter/6/0/0/0,2216:1747647651731:,1747647653926
counter/6/0/0/0,2217:1747647651731:,1747647653926
counter/6/0/0/0,2218:1747647651735:,1747647653926
counter/6/0/0/0,2219:1747647651735:,1747647653926
counter/6/0/0/0,2220:1747647651735:,1747647653926
counter/6/0/0/0,2221:1747647651735:,1747647653926
counter/10/0/0/0,2085:1747647651823:,1747647653926
counter/6/0/0/0,2222:1747647651735:,1747647653926
counter/10/0/0/0,2086:1747647651823:,1747647653926
counter/10/0/0/0,2087:1747647651823:,1747647653926
counter/10/0/0/0,2088:1747647651830:,1747647653926
counter/10/0/0/0,2089:1747647651830:,1747647653926
counter/10/0/0/0,2090:1747647651834:,1747647653927
counter/10/0/0/0,2091:1747647651834:,1747647653927
counter/10/0/0/0,2092:1747647651834:,1747647653927
counter/10/0/0/0,2093:1747647651835:,1747647653927
counter/10/0/0/0,2094:1747647651835:,1747647653927
counter/10/0/0/0,2095:1747647651835:,1747647653927
counter/10/0/0/0,2096:1747647651835:,1747647653927
counter/10/0/0/0,2097:1747647651835:,1747647653927
counter/4/0/0/0,2398:1747647651833:,1747647653927
counter/9/0/0/0,2352:1747647651849:,1747647653927
counter/6/0/0/0,2223:1747647651735:,1747647653927
counter/6/0/0/0,2224:1747647651735:,1747647653927
counter/6/0/0/0,2225:1747647651735:,1747647653928
counter/6/0/0/0,2226:1747647651739:,1747647653928
counter/6/0/0/0,2227:1747647651739:,1747647653928
counter/6/0/0/0,2228:1747647651739:,1747647653928
counter/7/0/0/0,2063:1747647651563:,1747647653928
counter/7/0/0/0,2064:1747647651563:,1747647653928
counter/2/0/0/0,2005:1747647651380:,1747647653928
counter/10/0/0/0,2098:1747647651835:,1747647653928
counter/4/0/0/0,2399:1747647651833:,1747647653928
counter/4/0/0/0,2400:1747647651833:,1747647653928
counter/8/0/0/0,2333:1747647651444:,1747647653928
counter/10/0/0/0,2099:1747647651835:,1747647653929
counter/10/0/0/0,2100:1747647651835:,1747647653929
counter/10/0/0/0,2101:1747647651835:,1747647653929
counter/10/0/0/0,2102:1747647651841:,1747647653929
counter/10/0/0/0,2103:1747647651841:,1747647653929
counter/10/0/0/0,2104:1747647651841:,1747647653929
counter/10/0/0/0,2105:1747647651841:,1747647653929
counter/10/0/0/0,2106:1747647651841:,1747647653929
counter/9/0/0/0,2353:1747647651849:,1747647653929
counter/10/0/0/0,2107:1747647651841:,1747647653929
counter/5/0/0/0,2181:1747647651419:,1747647653929
counter/5/0/0/0,2182:1747647651419:,1747647653929
counter/5/0/0/0,2183:1747647651419:,1747647653929
counter/5/0/0/0,2184:1747647651419:,1747647653929
counter/5/0/0/0,2185:1747647651419:,1747647653929
counter/6/0/0/0,2229:1747647651739:,1747647653929
counter/1/0/0/0,2608:1747647652103:,1747647653930
counter/7/0/0/0,2065:1747647651563:,1747647653931
counter/4/0/0/0,2401:1747647651833:,1747647653931
counter/6/0/0/0,2230:1747647651739:,1747647653931
counter/7/0/0/0,2066:1747647651563:,1747647653933
counter/4/0/0/0,2402:1747647651833:,1747647653933
counter/6/0/0/0,2231:1747647651739:,1747647653933
counter/10/0/0/0,2108:1747647651841:,1747647653933
counter/6/0/0/0,2232:1747647651740:,1747647653933
counter/6/0/0/0,2233:1747647651740:,1747647653933
counter/6/0/0/0,2234:1747647651740:,1747647653933
counter/5/0/0/0,2186:1747647651419:,1747647653934
counter/3/0/0/0,2403:1747647651698:,1747647653936
counter/6/0/0/0,2235:1747647651740:,1747647653936
counter/10/0/0/0,2109:1747647651847:,1747647653936
counter/6/0/0/0,2236:1747647651740:,1747647653937
counter/6/0/0/0,2237:1747647651740:,1747647653937
counter/1/0/0/0,2609:1747647652105:,1747647653937
counter/1/0/0/0,2610:1747647652105:,1747647653937
counter/1/0/0/0,2611:1747647652105:,1747647653937
counter/7/0/0/0,2067:1747647651563:,1747647653937
counter/7/0/0/0,2068:1747647651563:,1747647653937
counter/9/0/0/0,2354:1747647651849:,1747647653937
counter/4/0/0/0,2403:1747647651833:,1747647653937
counter/9/0/0/0,2355:1747647651849:,1747647653937
counter/9/0/0/0,2356:1747647651849:,1747647653937
counter/8/0/0/0,2334:1747647651444:,1747647653938
counter/10/0/0/0,2110:1747647651847:,1747647653938
counter/3/0/0/0,2404:1747647651698:,1747647653939
counter/8/0/0/0,2335:1747647651444:,1747647653939
counter/8/0/0/0,2336:1747647651445:,1747647653939
counter/8/0/0/0,2337:1747647651445:,1747647653939
counter/8/0/0/0,2338:1747647651445:,1747647653939
counter/8/0/0/0,2339:1747647651445:,1747647653939
counter/8/0/0/0,2340:1747647651445:,1747647653939
counter/8/0/0/0,2341:1747647651445:,1747647653939
counter/8/0/0/0,2342:1747647651445:,1747647653939
counter/8/0/0/0,2343:1747647651445:,1747647653939
counter/8/0/0/0,2344:1747647651445:,1747647653939
counter/8/0/0/0,2345:1747647651445:,1747647653939
counter/5/0/0/0,2187:1747647651419:,1747647653940
counter/8/0/0/0,2346:1747647651449:,1747647653940
counter/8/0/0/0,2347:1747647651449:,1747647653940
counter/9/0/0/0,2357:1747647651849:,1747647653940
counter/9/0/0/0,2358:1747647651858:,1747647653940
counter/9/0/0/0,2359:1747647651858:,1747647653940
counter/9/0/0/0,2360:1747647651858:,1747647653940
counter/9/0/0/0,2361:1747647651859:,1747647653940
counter/9/0/0/0,2362:1747647651865:,1747647653940
counter/9/0/0/0,2363:1747647651865:,1747647653940
counter/7/0/0/0,2069:1747647651563:,1747647653941
counter/7/0/0/0,2070:1747647651564:,1747647653941
counter/4/0/0/0,2404:1747647651833:,1747647653941
counter/7/0/0/0,2071:1747647651564:,1747647653941
counter/7/0/0/0,2072:1747647651564:,1747647653941
counter/7/0/0/0,2073:1747647651564:,1747647653942
counter/7/0/0/0,2074:1747647651564:,1747647653942
counter/7/0/0/0,2075:1747647651565:,1747647653942
counter/5/0/0/0,2188:1747647651419:,1747647653942
counter/8/0/0/0,2348:1747647651449:,1747647653943
counter/1/0/0/0,2612:1747647652105:,1747647653943
counter/3/0/0/0,2405:1747647651698:,1747647653943
counter/3/0/0/0,2406:1747647651703:,1747647653943
counter/4/0/0/0,2405:1747647651836:,1747647653944
counter/3/0/0/0,2407:1747647651705:,1747647653944
counter/3/0/0/0,2408:1747647651705:,1747647653944
counter/7/0/0/0,2076:1747647651565:,1747647653944
counter/3/0/0/0,2409:1747647651705:,1747647653944
counter/2/0/0/0,2006:1747647651380:,1747647653944
counter/2/0/0/0,2007:1747647651380:,1747647653944
counter/2/0/0/0,2008:1747647651380:,1747647653944
counter/2/0/0/0,2009:1747647651380:,1747647653944
counter/2/0/0/0,2010:1747647651380:,1747647653944
counter/9/0/0/0,2364:1747647651865:,1747647653944
counter/6/0/0/0,2238:1747647651740:,1747647653944
counter/6/0/0/0,2239:1747647651740:,1747647653944
counter/6/0/0/0,2240:1747647651740:,1747647653944
counter/8/0/0/0,2349:1747647651449:,1747647653946
counter/10/0/0/0,2111:1747647651847:,1747647653946
counter/5/0/0/0,2189:1747647651423:,1747647653946
counter/5/0/0/0,2190:1747647651424:,1747647653946
counter/5/0/0/0,2191:1747647651424:,1747647653946
counter/5/0/0/0,2192:1747647651424:,1747647653946
counter/5/0/0/0,2193:1747647651424:,1747647653946
counter/5/0/0/0,2194:1747647651424:,1747647653946
counter/5/0/0/0,2195:1747647651424:,1747647653946
counter/5/0/0/0,2196:1747647651424:,1747647653946
counter/7/0/0/0,2077:1747647651565:,1747647653946
counter/5/0/0/0,2197:1747647651424:,1747647653946
counter/10/0/0/0,2112:1747647651847:,1747647653947
counter/3/0/0/0,2410:1747647651705:,1747647653947
counter/4/0/0/0,2406:1747647651836:,1747647653947
counter/4/0/0/0,2407:1747647651836:,1747647653947
counter/8/0/0/0,2350:1747647651449:,1747647653947
counter/5/0/0/0,2198:1747647651430:,1747647653947
counter/9/0/0/0,2365:1747647651886:,1747647653948
counter/7/0/0/0,2078:1747647651565:,1747647653948
counter/7/0/0/0,2079:1747647651565:,1747647653948
counter/7/0/0/0,2080:1747647651565:,1747647653948
counter/7/0/0/0,2081:1747647651567:,1747647653948
counter/7/0/0/0,2082:1747647651567:,1747647653948
counter/7/0/0/0,2083:1747647651567:,1747647653948
counter/7/0/0/0,2084:1747647651567:,1747647653948
counter/7/0/0/0,2085:1747647651567:,1747647653948
counter/10/0/0/0,2113:1747647651847:,1747647653950
counter/3/0/0/0,2411:1747647651705:,1747647653950
counter/5/0/0/0,2199:1747647651430:,1747647653950
counter/5/0/0/0,2200:1747647651430:,1747647653950
counter/5/0/0/0,2201:1747647651430:,1747647653950
counter/5/0/0/0,2202:1747647651430:,1747647653950
counter/9/0/0/0,2366:1747647651886:,1747647653951
counter/5/0/0/0,2203:1747647651430:,1747647653951
counter/5/0/0/0,2204:1747647651430:,1747647653951
counter/5/0/0/0,2205:1747647651430:,1747647653951
counter/5/0/0/0,2206:1747647651431:,1747647653952
counter/6/0/0/0,2241:1747647651740:,1747647653952
counter/10/0/0/0,2114:1747647651847:,1747647653952
counter/10/0/0/0,2115:1747647651847:,1747647653952
counter/10/0/0/0,2116:1747647651847:,1747647653952
counter/10/0/0/0,2117:1747647651847:,1747647653952
counter/10/0/0/0,2118:1747647651847:,1747647653952
counter/7/0/0/0,2086:1747647651567:,1747647653953
counter/3/0/0/0,2412:1747647651705:,1747647653953
counter/7/0/0/0,2087:1747647651569:,1747647653953
counter/3/0/0/0,2413:1747647651705:,1747647653953
counter/7/0/0/0,2088:1747647651569:,1747647653953
counter/7/0/0/0,2089:1747647651570:,1747647653953
counter/1/0/0/0,2613:1747647652105:,1747647653955
counter/1/0/0/0,2614:1747647652105:,1747647653955
counter/1/0/0/0,2615:1747647652105:,1747647653955
counter/7/0/0/0,2090:1747647651570:,1747647653955
counter/10/0/0/0,2119:1747647651847:,1747647653955
counter/10/0/0/0,2120:1747647651847:,1747647653955
counter/10/0/0/0,2121:1747647651848:,1747647653955
counter/10/0/0/0,2122:1747647651848:,1747647653955
counter/10/0/0/0,2123:1747647651848:,1747647653955
counter/3/0/0/0,2414:1747647651705:,1747647653956
counter/3/0/0/0,2415:1747647651705:,1747647653956
counter/3/0/0/0,2416:1747647651705:,1747647653956
counter/3/0/0/0,2417:1747647651705:,1747647653956
counter/5/0/0/0,2207:1747647651431:,1747647653956
counter/5/0/0/0,2208:1747647651431:,1747647653956
counter/2/0/0/0,2011:1747647651386:,1747647653956
counter/2/0/0/0,2012:1747647651386:,1747647653956
counter/2/0/0/0,2013:1747647651386:,1747647653956
counter/2/0/0/0,2014:1747647651386:,1747647653956
counter/8/0/0/0,2351:1747647651449:,1747647653958
counter/7/0/0/0,2091:1747647651570:,1747647653959
counter/8/0/0/0,2352:1747647651449:,1747647653959
counter/8/0/0/0,2353:1747647651449:,1747647653959
counter/8/0/0/0,2354:1747647651449:,1747647653959
counter/8/0/0/0,2355:1747647651450:,1747647653959
counter/2/0/0/0,2015:1747647651386:,1747647653959
counter/7/0/0/0,2092:1747647651570:,1747647653960
counter/5/0/0/0,2209:1747647651431:,1747647653963
counter/7/0/0/0,2093:1747647651570:,1747647653963
counter/6/0/0/0,2242:1747647651740:,1747647653963
counter/8/0/0/0,2356:1747647651450:,1747647653963
counter/8/0/0/0,2357:1747647651450:,1747647653963
counter/8/0/0/0,2358:1747647651450:,1747647653963
counter/8/0/0/0,2359:1747647651451:,1747647653963
counter/8/0/0/0,2360:1747647651451:,1747647653963
counter/8/0/0/0,2361:1747647651451:,1747647653963
counter/8/0/0/0,2362:1747647651451:,1747647653963
counter/8/0/0/0,2363:1747647651451:,1747647653964
counter/4/0/0/0,2408:1747647651836:,1747647653964
counter/3/0/0/0,2418:1747647651705:,1747647653964
counter/4/0/0/0,2409:1747647651836:,1747647653964
counter/4/0/0/0,2410:1747647651836:,1747647653964
counter/4/0/0/0,2411:1747647651836:,1747647653964
counter/4/0/0/0,2412:1747647651836:,1747647653964
counter/9/0/0/0,2367:1747647651886:,1747647653964
counter/5/0/0/0,2210:1747647651431:,1747647653965
counter/3/0/0/0,2419:1747647651705:,1747647653965
counter/9/0/0/0,2368:1747647651886:,1747647653965
counter/8/0/0/0,2364:1747647651451:,1747647653966
counter/8/0/0/0,2365:1747647651451:,1747647653966
counter/8/0/0/0,2366:1747647651452:,1747647653966
counter/8/0/0/0,2367:1747647651452:,1747647653966
counter/9/0/0/0,2369:1747647651888:,1747647653967
counter/9/0/0/0,2370:1747647651888:,1747647653967
counter/9/0/0/0,2371:1747647651888:,1747647653967
counter/7/0/0/0,2094:1747647651570:,1747647653967
counter/7/0/0/0,2095:1747647651570:,1747647653967
counter/7/0/0/0,2096:1747647651570:,1747647653968
counter/7/0/0/0,2097:1747647651570:,1747647653968
counter/2/0/0/0,2016:1747647651386:,1747647653968
counter/9/0/0/0,2372:1747647651888:,1747647653970
counter/9/0/0/0,2373:1747647651888:,1747647653970
counter/9/0/0/0,2374:1747647651888:,1747647653970
counter/10/0/0/0,2124:1747647651848:,1747647653970
counter/1/0/0/0,2616:1747647652105:,1747647653970
counter/10/0/0/0,2125:1747647651848:,1747647653970
counter/1/0/0/0,2617:1747647652105:,1747647653970
counter/5/0/0/0,2211:1747647651433:,1747647653971
counter/5/0/0/0,2212:1747647651433:,1747647653971
counter/5/0/0/0,2213:1747647651433:,1747647653971
counter/5/0/0/0,2214:1747647651433:,1747647653971
counter/5/0/0/0,2215:1747647651433:,1747647653971
counter/5/0/0/0,2216:1747647651433:,1747647653971
counter/5/0/0/0,2217:1747647651433:,1747647653971
counter/5/0/0/0,2218:1747647651433:,1747647653971
counter/5/0/0/0,2219:1747647651433:,1747647653971
counter/5/0/0/0,2220:1747647651433:,1747647653971
counter/4/0/0/0,2413:1747647651836:,1747647653971
counter/2/0/0/0,2017:1747647651386:,1747647653973
counter/5/0/0/0,2221:1747647651434:,1747647653973
counter/5/0/0/0,2222:1747647651434:,1747647653973
counter/5/0/0/0,2223:1747647651434:,1747647653973
counter/5/0/0/0,2224:1747647651434:,1747647653973
counter/5/0/0/0,2225:1747647651434:,1747647653973
counter/8/0/0/0,2368:1747647651452:,1747647653973
counter/1/0/0/0,2618:1747647652105:,1747647653973
counter/3/0/0/0,2420:1747647651705:,1747647653973
counter/3/0/0/0,2421:1747647651706:,1747647653973
counter/3/0/0/0,2422:1747647651706:,1747647653973
counter/3/0/0/0,2423:1747647651706:,1747647653973
counter/6/0/0/0,2243:1747647651740:,1747647653973
counter/4/0/0/0,2414:1747647651836:,1747647653974
counter/4/0/0/0,2415:1747647651836:,1747647653974
counter/9/0/0/0,2375:1747647651888:,1747647653974
counter/7/0/0/0,2098:1747647651570:,1747647653974
counter/7/0/0/0,2099:1747647651570:,1747647653974
counter/7/0/0/0,2100:1747647651570:,1747647653974
counter/10/0/0/0,2126:1747647651848:,1747647653975
counter/1/0/0/0,2619:1747647652105:,1747647653975
counter/10/0/0/0,2127:1747647651848:,1747647653976
counter/1/0/0/0,2620:1747647652105:,1747647653976
counter/1/0/0/0,2621:1747647652105:,1747647653976
counter/1/0/0/0,2622:1747647652108:,1747647653976
counter/1/0/0/0,2623:1747647652108:,1747647653976
counter/1/0/0/0,2624:1747647652108:,1747647653976
counter/1/0/0/0,2625:1747647652108:,1747647653976
counter/1/0/0/0,2626:1747647652108:,1747647653976
counter/1/0/0/0,2627:1747647652108:,1747647653976
counter/1/0/0/0,2628:1747647652108:,1747647653976
counter/1/0/0/0,2629:1747647652108:,1747647653976
counter/2/0/0/0,2018:1747647651386:,1747647653976
counter/1/0/0/0,2630:1747647652108:,1747647653976
counter/1/0/0/0,2631:1747647652108:,1747647653976
counter/4/0/0/0,2416:1747647651836:,1747647653976
counter/4/0/0/0,2417:1747647651836:,1747647653976
counter/4/0/0/0,2418:1747647651836:,1747647653976
counter/4/0/0/0,2419:1747647651836:,1747647653976
counter/4/0/0/0,2420:1747647651842:,1747647653977
counter/4/0/0/0,2421:1747647651842:,1747647653977
counter/4/0/0/0,2422:1747647651843:,1747647653977
counter/4/0/0/0,2423:1747647651843:,1747647653977
counter/4/0/0/0,2424:1747647651843:,1747647653977
counter/4/0/0/0,2425:1747647651843:,1747647653977
counter/4/0/0/0,2426:1747647651843:,1747647653977
counter/9/0/0/0,2376:1747647651888:,1747647653977
counter/4/0/0/0,2427:1747647651843:,1747647653977
counter/10/0/0/0,2128:1747647651848:,1747647653978
counter/4/0/0/0,2428:1747647651843:,1747647653978
counter/4/0/0/0,2429:1747647651843:,1747647653978
counter/4/0/0/0,2430:1747647651843:,1747647653978
counter/4/0/0/0,2431:1747647651843:,1747647653978
counter/4/0/0/0,2432:1747647651843:,1747647653979
counter/4/0/0/0,2433:1747647651843:,1747647653979
counter/4/0/0/0,2434:1747647651846:,1747647653979
counter/4/0/0/0,2435:1747647651846:,1747647653979
counter/4/0/0/0,2436:1747647651846:,1747647653979
counter/4/0/0/0,2437:1747647651846:,1747647653979
counter/4/0/0/0,2438:1747647651846:,1747647653979
counter/7/0/0/0,2101:1747647651571:,1747647653979
counter/8/0/0/0,2369:1747647651452:,1747647653979
counter/9/0/0/0,2377:1747647651888:,1747647653979
counter/1/0/0/0,2632:1747647652108:,1747647653979
counter/1/0/0/0,2633:1747647652108:,1747647653980
counter/1/0/0/0,2634:1747647652108:,1747647653980
counter/4/0/0/0,2439:1747647651846:,1747647653980
counter/9/0/0/0,2378:1747647651888:,1747647653980
counter/4/0/0/0,2440:1747647651846:,1747647653980
counter/4/0/0/0,2441:1747647651846:,1747647653981
counter/4/0/0/0,2442:1747647651846:,1747647653981
counter/4/0/0/0,2443:1747647651846:,1747647653981
counter/4/0/0/0,2444:1747647651846:,1747647653981
counter/4/0/0/0,2445:1747647651846:,1747647653981
counter/4/0/0/0,2446:1747647651846:,1747647653981
counter/4/0/0/0,2447:1747647651846:,1747647653981
counter/4/0/0/0,2448:1747647651847:,1747647653981
counter/4/0/0/0,2449:1747647651856:,1747647653981
counter/4/0/0/0,2450:1747647651856:,1747647653981
counter/4/0/0/0,2451:1747647651860:,1747647653981
counter/4/0/0/0,2452:1747647651875:,1747647653981
counter/4/0/0/0,2453:1747647651875:,1747647653981
counter/4/0/0/0,2454:1747647651875:,1747647653981
counter/9/0/0/0,2379:1747647651888:,1747647653981
counter/4/0/0/0,2455:1747647651875:,1747647653981
counter/4/0/0/0,2456:1747647651875:,1747647653981
counter/10/0/0/0,2129:1747647651848:,1747647653981
counter/4/0/0/0,2457:1747647651875:,1747647653981
counter/1/0/0/0,2635:1747647652108:,1747647653981
counter/10/0/0/0,2130:1747647651848:,1747647653981
counter/6/0/0/0,2244:1747647651753:,1747647653981
counter/3/0/0/0,2424:1747647651706:,1747647653985
counter/3/0/0/0,2425:1747647651714:,1747647653985
counter/3/0/0/0,2426:1747647651714:,1747647653985
counter/3/0/0/0,2427:1747647651714:,1747647653985
counter/3/0/0/0,2428:1747647651714:,1747647653985
counter/3/0/0/0,2429:1747647651714:,1747647653985
counter/3/0/0/0,2430:1747647651715:,1747647653985
counter/3/0/0/0,2431:1747647651715:,1747647653985
counter/3/0/0/0,2432:1747647651715:,1747647653985
counter/3/0/0/0,2433:1747647651715:,1747647653985
counter/3/0/0/0,2434:1747647651715:,1747647653985
counter/3/0/0/0,2435:1747647651715:,1747647653985
counter/3/0/0/0,2436:1747647651715:,1747647653985
counter/3/0/0/0,2437:1747647651715:,1747647653985
counter/3/0/0/0,2438:1747647651715:,1747647653985
counter/3/0/0/0,2439:1747647651715:,1747647653985
counter/10/0/0/0,2131:1747647651848:,1747647653986
counter/3/0/0/0,2440:1747647651715:,1747647653986
counter/10/0/0/0,2132:1747647651848:,1747647653986
counter/8/0/0/0,2370:1747647651452:,1747647653986
counter/8/0/0/0,2371:1747647651452:,1747647653986
counter/8/0/0/0,2372:1747647651452:,1747647653986
counter/8/0/0/0,2373:1747647651452:,1747647653986
counter/8/0/0/0,2374:1747647651452:,1747647653986
counter/8/0/0/0,2375:1747647651452:,1747647653986
counter/9/0/0/0,2380:1747647651888:,1747647653986
counter/8/0/0/0,2376:1747647651452:,1747647653986
counter/1/0/0/0,2636:1747647652112:,1747647653986
counter/1/0/0/0,2637:1747647652112:,1747647653986
counter/1/0/0/0,2638:1747647652113:,1747647653986
counter/1/0/0/0,2639:1747647652113:,1747647653986
counter/1/0/0/0,2640:1747647652113:,1747647653986
counter/1/0/0/0,2641:1747647652113:,1747647653986
counter/1/0/0/0,2642:1747647652113:,1747647653986
counter/1/0/0/0,2643:1747647652113:,1747647653986
counter/1/0/0/0,2644:1747647652113:,1747647653986
counter/1/0/0/0,2645:1747647652113:,1747647653986
counter/1/0/0/0,2646:1747647652113:,1747647653986
counter/8/0/0/0,2377:1747647651453:,1747647653987
counter/8/0/0/0,2378:1747647651453:,1747647653987
counter/1/0/0/0,2647:1747647652113:,1747647653987
counter/6/0/0/0,2245:1747647651753:,1747647653987
counter/10/0/0/0,2133:1747647651848:,1747647653988
counter/3/0/0/0,2441:1747647651715:,1747647653988
counter/10/0/0/0,2134:1747647651848:,1747647653988
counter/8/0/0/0,2379:1747647651453:,1747647653988
counter/8/0/0/0,2380:1747647651453:,1747647653988
counter/8/0/0/0,2381:1747647651453:,1747647653988
counter/8/0/0/0,2382:1747647651453:,1747647653988
counter/8/0/0/0,2383:1747647651454:,1747647653988
counter/10/0/0/0,2135:1747647651849:,1747647653989
counter/6/0/0/0,2246:1747647651753:,1747647653989
counter/6/0/0/0,2247:1747647651753:,1747647653989
counter/6/0/0/0,2248:1747647651753:,1747647653989
counter/6/0/0/0,2249:1747647651753:,1747647653989
counter/6/0/0/0,2250:1747647651753:,1747647653989
counter/6/0/0/0,2251:1747647651753:,1747647653989
counter/6/0/0/0,2252:1747647651753:,1747647653989
counter/6/0/0/0,2253:1747647651753:,1747647653989
counter/6/0/0/0,2254:1747647651753:,1747647653989
counter/6/0/0/0,2255:1747647651753:,1747647653989
counter/6/0/0/0,2256:1747647651753:,1747647653989
counter/6/0/0/0,2257:1747647651753:,1747647653989
counter/6/0/0/0,2258:1747647651757:,1747647653990
counter/6/0/0/0,2259:1747647651757:,1747647653990
counter/6/0/0/0,2260:1747647651757:,1747647653990
counter/6/0/0/0,2261:1747647651757:,1747647653990
counter/6/0/0/0,2262:1747647651757:,1747647653990
counter/6/0/0/0,2263:1747647651757:,1747647653990
counter/6/0/0/0,2264:1747647651757:,1747647653990
counter/6/0/0/0,2265:1747647651801:,1747647653990
counter/4/0/0/0,2458:1747647651875:,1747647653990
counter/8/0/0/0,2384:1747647651454:,1747647653990
counter/4/0/0/0,2459:1747647651875:,1747647653990
counter/9/0/0/0,2381:1747647651888:,1747647653990
counter/3/0/0/0,2442:1747647651715:,1747647653990
counter/10/0/0/0,2136:1747647651849:,1747647653990
counter/8/0/0/0,2385:1747647651454:,1747647653990
counter/8/0/0/0,2386:1747647651454:,1747647653990
counter/8/0/0/0,2387:1747647651454:,1747647653990
counter/8/0/0/0,2388:1747647651473:,1747647653990
counter/8/0/0/0,2389:1747647651473:,1747647653990
counter/8/0/0/0,2390:1747647651473:,1747647653990
counter/8/0/0/0,2391:1747647651473:,1747647653990
counter/8/0/0/0,2392:1747647651473:,1747647653990
counter/8/0/0/0,2393:1747647651473:,1747647653991
counter/8/0/0/0,2394:1747647651473:,1747647653991
counter/1/0/0/0,2648:1747647652113:,1747647653991
counter/1/0/0/0,2649:1747647652113:,1747647653991
counter/1/0/0/0,2650:1747647652113:,1747647653991
counter/1/0/0/0,2651:1747647652113:,1747647653991
counter/1/0/0/0,2652:1747647652113:,1747647653991
counter/9/0/0/0,2382:1747647651888:,1747647653991
counter/7/0/0/0,2102:1747647651571:,1747647653991
counter/5/0/0/0,2226:1747647651434:,1747647653991
counter/4/0/0/0,2460:1747647651875:,1747647653991
counter/4/0/0/0,2461:1747647651875:,1747647653992
counter/2/0/0/0,2019:1747647651394:,1747647653992
counter/4/0/0/0,2462:1747647651875:,1747647653992
counter/8/0/0/0,2395:1747647651473:,1747647653992
counter/8/0/0/0,2396:1747647651473:,1747647653992
counter/10/0/0/0,2137:1747647651850:,1747647653992
counter/2/0/0/0,2020:1747647651394:,1747647653992
counter/2/0/0/0,2021:1747647651410:,1747647653992
counter/2/0/0/0,2022:1747647651410:,1747647653992
counter/2/0/0/0,2023:1747647651410:,1747647653992
counter/2/0/0/0,2024:1747647651410:,1747647653992
counter/4/0/0/0,2463:1747647651875:,1747647653992
counter/3/0/0/0,2443:1747647651715:,1747647653993
counter/1/0/0/0,2653:1747647652113:,1747647653993
counter/2/0/0/0,2025:1747647651410:,1747647653995
counter/10/0/0/0,2138:1747647651856:,1747647653995
counter/8/0/0/0,2397:1747647651473:,1747647653995
counter/10/0/0/0,2139:1747647651856:,1747647653995
counter/1/0/0/0,2654:1747647652113:,1747647653995
counter/1/0/0/0,2655:1747647652113:,1747647653995
counter/1/0/0/0,2656:1747647652114:,1747647653995
counter/1/0/0/0,2657:1747647652114:,1747647653995
counter/1/0/0/0,2658:1747647652114:,1747647653995
counter/3/0/0/0,2444:1747647651715:,1747647653995
counter/3/0/0/0,2445:1747647651715:,1747647653995
counter/3/0/0/0,2446:1747647651715:,1747647653996
counter/3/0/0/0,2447:1747647651715:,1747647653996
counter/3/0/0/0,2448:1747647651715:,1747647653996
counter/3/0/0/0,2449:1747647651715:,1747647653996
counter/4/0/0/0,2464:1747647651875:,1747647653996
counter/8/0/0/0,2398:1747647651477:,1747647653996
counter/4/0/0/0,2465:1747647651875:,1747647653996
counter/1/0/0/0,2659:1747647652114:,1747647653996
counter/4/0/0/0,2466:1747647651875:,1747647653996
counter/1/0/0/0,2660:1747647652114:,1747647653996
counter/4/0/0/0,2467:1747647651875:,1747647653996
counter/1/0/0/0,2661:1747647652114:,1747647653996
counter/1/0/0/0,2662:1747647652114:,1747647653997
counter/8/0/0/0,2399:1747647651478:,1747647653998
counter/8/0/0/0,2400:1747647651478:,1747647653998
counter/8/0/0/0,2401:1747647651478:,1747647653998
counter/4/0/0/0,2468:1747647651875:,1747647653999
counter/5/0/0/0,2227:1747647651435:,1747647653999
counter/8/0/0/0,2402:1747647651478:,1747647654001
counter/2/0/0/0,2026:1747647651410:,1747647654001
counter/2/0/0/0,2027:1747647651410:,1747647654001
counter/2/0/0/0,2028:1747647651410:,1747647654001
counter/2/0/0/0,2029:1747647651411:,1747647654001
counter/2/0/0/0,2030:1747647651411:,1747647654001
counter/2/0/0/0,2031:1747647651411:,1747647654001
counter/6/0/0/0,2266:1747647651801:,1747647654001
counter/7/0/0/0,2103:1747647651572:,1747647654001
counter/7/0/0/0,2104:1747647651572:,1747647654001
counter/5/0/0/0,2228:1747647651435:,1747647654001
counter/5/0/0/0,2229:1747647651435:,1747647654001
counter/5/0/0/0,2230:1747647651435:,1747647654001
counter/5/0/0/0,2231:1747647651435:,1747647654001
counter/5/0/0/0,2232:1747647651435:,1747647654001
counter/5/0/0/0,2233:1747647651435:,1747647654002
counter/10/0/0/0,2140:1747647651857:,1747647654002
counter/2/0/0/0,2032:1747647651411:,1747647654002
counter/10/0/0/0,2141:1747647651857:,1747647654002
counter/10/0/0/0,2142:1747647651857:,1747647654002
counter/10/0/0/0,2143:1747647651857:,1747647654002
counter/10/0/0/0,2144:1747647651861:,1747647654002
counter/10/0/0/0,2145:1747647651861:,1747647654002
counter/10/0/0/0,2146:1747647651861:,1747647654002
counter/3/0/0/0,2450:1747647651715:,1747647654002
counter/3/0/0/0,2451:1747647651715:,1747647654002
counter/3/0/0/0,2452:1747647651718:,1747647654002
counter/3/0/0/0,2453:1747647651718:,1747647654002
counter/3/0/0/0,2454:1747647651718:,1747647654002
counter/3/0/0/0,2455:1747647651718:,1747647654002
counter/3/0/0/0,2456:1747647651718:,1747647654002
counter/3/0/0/0,2457:1747647651718:,1747647654002
counter/3/0/0/0,2458:1747647651718:,1747647654002
counter/3/0/0/0,2459:1747647651718:,1747647654002
counter/3/0/0/0,2460:1747647651718:,1747647654003
counter/3/0/0/0,2461:1747647651718:,1747647654003
counter/3/0/0/0,2462:1747647651718:,1747647654003
counter/3/0/0/0,2463:1747647651718:,1747647654003
counter/3/0/0/0,2464:1747647651721:,1747647654003
counter/2/0/0/0,2033:1747647651411:,1747647654003
counter/2/0/0/0,2034:1747647651411:,1747647654003
counter/2/0/0/0,2035:1747647651414:,1747647654003
counter/2/0/0/0,2036:1747647651414:,1747647654003
counter/2/0/0/0,2037:1747647651414:,1747647654003
counter/2/0/0/0,2038:1747647651414:,1747647654003
counter/2/0/0/0,2039:1747647651414:,1747647654003
counter/2/0/0/0,2040:1747647651414:,1747647654003
counter/2/0/0/0,2041:1747647651414:,1747647654003
counter/4/0/0/0,2469:1747647651875:,1747647654003
counter/7/0/0/0,2105:1747647651575:,1747647654004
counter/8/0/0/0,2403:1747647651478:,1747647654004
counter/8/0/0/0,2404:1747647651478:,1747647654004
counter/8/0/0/0,2405:1747647651478:,1747647654004
counter/8/0/0/0,2406:1747647651483:,1747647654004
counter/8/0/0/0,2407:1747647651483:,1747647654005
counter/8/0/0/0,2408:1747647651483:,1747647654005
counter/6/0/0/0,2267:1747647651801:,1747647654005
counter/8/0/0/0,2409:1747647651483:,1747647654005
counter/8/0/0/0,2410:1747647651483:,1747647654005
counter/8/0/0/0,2411:1747647651483:,1747647654005
counter/8/0/0/0,2412:1747647651483:,1747647654005
counter/8/0/0/0,2413:1747647651483:,1747647654006
counter/7/0/0/0,2106:1747647651576:,1747647654006
counter/9/0/0/0,2383:1747647651888:,1747647654006
counter/9/0/0/0,2384:1747647651888:,1747647654006
counter/9/0/0/0,2385:1747647651890:,1747647654006
counter/1/0/0/0,2663:1747647652114:,1747647654006
counter/5/0/0/0,2234:1747647651435:,1747647654006
counter/6/0/0/0,2268:1747647651801:,1747647654006
counter/8/0/0/0,2414:1747647651483:,1747647654006
counter/8/0/0/0,2415:1747647651488:,1747647654006
counter/8/0/0/0,2416:1747647651488:,1747647654006
counter/8/0/0/0,2417:1747647651488:,1747647654006
counter/8/0/0/0,2418:1747647651488:,1747647654007
counter/8/0/0/0,2419:1747647651488:,1747647654007
counter/4/0/0/0,2470:1747647651875:,1747647654007
counter/8/0/0/0,2420:1747647651488:,1747647654007
counter/2/0/0/0,2042:1747647651416:,1747647654007
counter/4/0/0/0,2471:1747647651875:,1747647654007
counter/7/0/0/0,2107:1747647651576:,1747647654010
counter/10/0/0/0,2147:1747647651862:,1747647654010
counter/10/0/0/0,2148:1747647651862:,1747647654010
counter/10/0/0/0,2149:1747647651862:,1747647654010
counter/10/0/0/0,2150:1747647651862:,1747647654010
counter/6/0/0/0,2269:1747647651801:,1747647654010
counter/9/0/0/0,2386:1747647651892:,1747647654010
counter/3/0/0/0,2465:1747647651721:,1747647654012
counter/3/0/0/0,2466:1747647651721:,1747647654012
counter/3/0/0/0,2467:1747647651721:,1747647654012
counter/3/0/0/0,2468:1747647651721:,1747647654012
counter/3/0/0/0,2469:1747647651722:,1747647654012
counter/3/0/0/0,2470:1747647651722:,1747647654012
counter/3/0/0/0,2471:1747647651722:,1747647654012
counter/3/0/0/0,2472:1747647651722:,1747647654012
counter/3/0/0/0,2473:1747647651722:,1747647654013
counter/3/0/0/0,2474:1747647651722:,1747647654013
counter/9/0/0/0,2387:1747647651893:,1747647654013
counter/9/0/0/0,2388:1747647651893:,1747647654013
counter/9/0/0/0,2389:1747647651893:,1747647654013
counter/9/0/0/0,2390:1747647651893:,1747647654013
counter/9/0/0/0,2391:1747647651893:,1747647654013
counter/9/0/0/0,2392:1747647651893:,1747647654013
counter/9/0/0/0,2393:1747647651893:,1747647654014
counter/9/0/0/0,2394:1747647651893:,1747647654014
counter/1/0/0/0,2664:1747647652114:,1747647654014
counter/4/0/0/0,2472:1747647651875:,1747647654016
counter/4/0/0/0,2473:1747647651877:,1747647654016
counter/4/0/0/0,2474:1747647651877:,1747647654016
counter/4/0/0/0,2475:1747647651877:,1747647654016
counter/4/0/0/0,2476:1747647651877:,1747647654016
counter/4/0/0/0,2477:1747647651877:,1747647654017
counter/10/0/0/0,2151:1747647651862:,1747647654017
counter/4/0/0/0,2478:1747647651877:,1747647654017
counter/4/0/0/0,2479:1747647651877:,1747647654017
counter/8/0/0/0,2421:1747647651488:,1747647654017
counter/9/0/0/0,2395:1747647651893:,1747647654017
counter/9/0/0/0,2396:1747647651893:,1747647654018
counter/9/0/0/0,2397:1747647651895:,1747647654018
counter/9/0/0/0,2398:1747647651896:,1747647654018
counter/6/0/0/0,2270:1747647651801:,1747647654018
counter/6/0/0/0,2271:1747647651811:,1747647654018
counter/6/0/0/0,2272:1747647651811:,1747647654018
counter/6/0/0/0,2273:1747647651811:,1747647654018
counter/6/0/0/0,2274:1747647651811:,1747647654018
counter/6/0/0/0,2275:1747647651811:,1747647654018
counter/6/0/0/0,2276:1747647651811:,1747647654019
counter/6/0/0/0,2277:1747647651811:,1747647654019
counter/6/0/0/0,2278:1747647651812:,1747647654019
counter/6/0/0/0,2279:1747647651821:,1747647654019
counter/6/0/0/0,2280:1747647651826:,1747647654019
counter/10/0/0/0,2152:1747647651862:,1747647654019
counter/8/0/0/0,2422:1747647651488:,1747647654019
counter/8/0/0/0,2423:1747647651488:,1747647654019
counter/8/0/0/0,2424:1747647651488:,1747647654019
counter/8/0/0/0,2425:1747647651488:,1747647654019
counter/8/0/0/0,2426:1747647651488:,1747647654019
counter/1/0/0/0,2665:1747647652114:,1747647654019
counter/9/0/0/0,2399:1747647651897:,1747647654020
counter/9/0/0/0,2400:1747647651897:,1747647654020
counter/7/0/0/0,2108:1747647651576:,1747647654021
counter/5/0/0/0,2235:1747647651435:,1747647654021
counter/1/0/0/0,2666:1747647652114:,1747647654021
counter/1/0/0/0,2667:1747647652114:,1747647654021
counter/1/0/0/0,2668:1747647652115:,1747647654021
counter/1/0/0/0,2669:1747647652115:,1747647654021
counter/1/0/0/0,2670:1747647652115:,1747647654021
counter/1/0/0/0,2671:1747647652115:,1747647654021
counter/9/0/0/0,2401:1747647651897:,1747647654021
counter/9/0/0/0,2402:1747647651898:,1747647654021
counter/9/0/0/0,2403:1747647651898:,1747647654022
counter/9/0/0/0,2404:1747647651898:,1747647654022
counter/9/0/0/0,2405:1747647651898:,1747647654022
counter/9/0/0/0,2406:1747647651898:,1747647654022
counter/9/0/0/0,2407:1747647651899:,1747647654022
counter/9/0/0/0,2408:1747647651899:,1747647654022
counter/9/0/0/0,2409:1747647651899:,1747647654022
counter/9/0/0/0,2410:1747647651899:,1747647654022
counter/8/0/0/0,2427:1747647651488:,1747647654022
counter/2/0/0/0,2043:1747647651417:,1747647654022
counter/2/0/0/0,2044:1747647651417:,1747647654022
counter/2/0/0/0,2045:1747647651417:,1747647654022
counter/2/0/0/0,2046:1747647651417:,1747647654022
counter/2/0/0/0,2047:1747647651417:,1747647654022
counter/10/0/0/0,2153:1747647651862:,1747647654023
counter/7/0/0/0,2109:1747647651576:,1747647654023
counter/7/0/0/0,2110:1747647651576:,1747647654024
counter/7/0/0/0,2111:1747647651576:,1747647654024
counter/7/0/0/0,2112:1747647651576:,1747647654024
counter/7/0/0/0,2113:1747647651576:,1747647654024
counter/7/0/0/0,2114:1747647651576:,1747647654024
counter/7/0/0/0,2115:1747647651576:,1747647654024
counter/7/0/0/0,2116:1747647651576:,1747647654024
counter/7/0/0/0,2117:1747647651576:,1747647654024
counter/7/0/0/0,2118:1747647651580:,1747647654024
counter/5/0/0/0,2236:1747647651435:,1747647654024
counter/3/0/0/0,2475:1747647651722:,1747647654024
counter/6/0/0/0,2281:1747647651826:,1747647654025
counter/8/0/0/0,2428:1747647651488:,1747647654025
counter/4/0/0/0,2480:1747647651877:,1747647654025
counter/4/0/0/0,2481:1747647651877:,1747647654026
counter/4/0/0/0,2482:1747647651877:,1747647654026
counter/4/0/0/0,2483:1747647651878:,1747647654026
counter/4/0/0/0,2484:1747647651878:,1747647654026
counter/4/0/0/0,2485:1747647651878:,1747647654026
counter/4/0/0/0,2486:1747647651878:,1747647654026
counter/1/0/0/0,2672:1747647652115:,1747647654026
counter/4/0/0/0,2487:1747647651878:,1747647654026
counter/5/0/0/0,2237:1747647651435:,1747647654026
counter/5/0/0/0,2238:1747647651435:,1747647654026
counter/1/0/0/0,2673:1747647652115:,1747647654028
counter/2/0/0/0,2048:1747647651417:,1747647654028
counter/2/0/0/0,2049:1747647651417:,1747647654028
counter/9/0/0/0,2411:1747647651905:,1747647654028
counter/9/0/0/0,2412:1747647651905:,1747647654028
counter/2/0/0/0,2050:1747647651417:,1747647654028
counter/5/0/0/0,2239:1747647651435:,1747647654033
counter/8/0/0/0,2429:1747647651488:,1747647654034
counter/6/0/0/0,2282:1747647651826:,1747647654034
counter/3/0/0/0,2476:1747647651722:,1747647654034
counter/3/0/0/0,2477:1747647651722:,1747647654034
counter/3/0/0/0,2478:1747647651722:,1747647654034
counter/3/0/0/0,2479:1747647651722:,1747647654034
counter/9/0/0/0,2413:1747647651905:,1747647654034
counter/5/0/0/0,2240:1747647651435:,1747647654034
counter/2/0/0/0,2051:1747647651417:,1747647654034
counter/3/0/0/0,2480:1747647651722:,1747647654034
counter/3/0/0/0,2481:1747647651722:,1747647654034
counter/3/0/0/0,2482:1747647651722:,1747647654034
counter/3/0/0/0,2483:1747647651724:,1747647654035
counter/3/0/0/0,2484:1747647651724:,1747647654035
counter/3/0/0/0,2485:1747647651724:,1747647654035
counter/3/0/0/0,2486:1747647651724:,1747647654035
counter/3/0/0/0,2487:1747647651729:,1747647654035
counter/3/0/0/0,2488:1747647651729:,1747647654035
counter/3/0/0/0,2489:1747647651730:,1747647654035
counter/6/0/0/0,2283:1747647651826:,1747647654037
counter/8/0/0/0,2430:1747647651489:,1747647654037
counter/8/0/0/0,2431:1747647651489:,1747647654037
counter/8/0/0/0,2432:1747647651489:,1747647654037
counter/8/0/0/0,2433:1747647651489:,1747647654037
counter/8/0/0/0,2434:1747647651490:,1747647654037
counter/8/0/0/0,2435:1747647651490:,1747647654037
counter/8/0/0/0,2436:1747647651490:,1747647654037
counter/8/0/0/0,2437:1747647651490:,1747647654037
counter/8/0/0/0,2438:1747647651490:,1747647654037
counter/8/0/0/0,2439:1747647651490:,1747647654037
counter/8/0/0/0,2440:1747647651490:,1747647654038
counter/8/0/0/0,2441:1747647651490:,1747647654038
counter/8/0/0/0,2442:1747647651490:,1747647654038
counter/3/0/0/0,2490:1747647651730:,1747647654040
counter/3/0/0/0,2491:1747647651730:,1747647654040
counter/3/0/0/0,2492:1747647651730:,1747647654040
counter/3/0/0/0,2493:1747647651731:,1747647654041
counter/9/0/0/0,2414:1747647651905:,1747647654041
counter/3/0/0/0,2494:1747647651731:,1747647654041
counter/10/0/0/0,2154:1747647651862:,1747647654041
counter/3/0/0/0,2495:1747647651731:,1747647654041
counter/2/0/0/0,2052:1747647651417:,1747647654041
counter/3/0/0/0,2496:1747647651731:,1747647654041
counter/10/0/0/0,2155:1747647651862:,1747647654041
counter/5/0/0/0,2241:1747647651435:,1747647654041
counter/5/0/0/0,2242:1747647651435:,1747647654041
counter/5/0/0/0,2243:1747647651444:,1747647654041
counter/5/0/0/0,2244:1747647651444:,1747647654041
counter/9/0/0/0,2415:1747647651905:,1747647654042
counter/5/0/0/0,2245:1747647651444:,1747647654042
counter/9/0/0/0,2416:1747647651905:,1747647654042
counter/10/0/0/0,2156:1747647651862:,1747647654042
counter/5/0/0/0,2246:1747647651444:,1747647654042
counter/10/0/0/0,2157:1747647651862:,1747647654042
counter/2/0/0/0,2053:1747647651417:,1747647654042
counter/7/0/0/0,2119:1747647651581:,1747647654042
counter/7/0/0/0,2120:1747647651581:,1747647654043
counter/7/0/0/0,2121:1747647651581:,1747647654043
counter/7/0/0/0,2122:1747647651581:,1747647654043
counter/7/0/0/0,2123:1747647651581:,1747647654043
counter/8/0/0/0,2443:1747647651494:,1747647654043
counter/8/0/0/0,2444:1747647651494:,1747647654043
counter/8/0/0/0,2445:1747647651498:,1747647654043
counter/8/0/0/0,2446:1747647651499:,1747647654043
counter/8/0/0/0,2447:1747647651499:,1747647654043
counter/8/0/0/0,2448:1747647651499:,1747647654043
counter/8/0/0/0,2449:1747647651499:,1747647654043
counter/8/0/0/0,2450:1747647651499:,1747647654043
counter/8/0/0/0,2451:1747647651499:,1747647654043
counter/9/0/0/0,2417:1747647651905:,1747647654043
counter/5/0/0/0,2247:1747647651444:,1747647654043
counter/5/0/0/0,2248:1747647651444:,1747647654043
counter/2/0/0/0,2054:1747647651417:,1747647654043
counter/5/0/0/0,2249:1747647651444:,1747647654043
counter/5/0/0/0,2250:1747647651444:,1747647654043
counter/10/0/0/0,2158:1747647651862:,1747647654043
counter/10/0/0/0,2159:1747647651862:,1747647654044
counter/10/0/0/0,2160:1747647651862:,1747647654044
counter/10/0/0/0,2161:1747647651862:,1747647654044
counter/3/0/0/0,2497:1747647651731:,1747647654044
counter/3/0/0/0,2498:1747647651731:,1747647654044
counter/4/0/0/0,2488:1747647651878:,1747647654045
counter/4/0/0/0,2489:1747647651878:,1747647654045
counter/4/0/0/0,2490:1747647651878:,1747647654045
counter/10/0/0/0,2162:1747647651862:,1747647654045
counter/4/0/0/0,2491:1747647651878:,1747647654045
counter/7/0/0/0,2124:1747647651581:,1747647654045
counter/4/0/0/0,2492:1747647651878:,1747647654045
counter/7/0/0/0,2125:1747647651581:,1747647654045
counter/4/0/0/0,2493:1747647651878:,1747647654045
counter/7/0/0/0,2126:1747647651581:,1747647654045
counter/4/0/0/0,2494:1747647651878:,1747647654045
counter/7/0/0/0,2127:1747647651581:,1747647654045
counter/7/0/0/0,2128:1747647651581:,1747647654045
counter/7/0/0/0,2129:1747647651581:,1747647654045
counter/7/0/0/0,2130:1747647651581:,1747647654045
counter/7/0/0/0,2131:1747647651589:,1747647654045
counter/4/0/0/0,2495:1747647651878:,1747647654046
counter/4/0/0/0,2496:1747647651878:,1747647654046
counter/4/0/0/0,2497:1747647651878:,1747647654046
counter/4/0/0/0,2498:1747647651878:,1747647654046
counter/4/0/0/0,2499:1747647651879:,1747647654046
counter/4/0/0/0,2500:1747647651879:,1747647654046
counter/4/0/0/0,2501:1747647651879:,1747647654046
counter/4/0/0/0,2502:1747647651879:,1747647654046
counter/4/0/0/0,2503:1747647651879:,1747647654047
counter/10/0/0/0,2163:1747647651862:,1747647654047
counter/3/0/0/0,2499:1747647651731:,1747647654048
counter/8/0/0/0,2452:1747647651499:,1747647654049
counter/2/0/0/0,2055:1747647651417:,1747647654049
counter/7/0/0/0,2132:1747647651589:,1747647654049
counter/7/0/0/0,2133:1747647651589:,1747647654049
counter/7/0/0/0,2134:1747647651591:,1747647654049
counter/7/0/0/0,2135:1747647651591:,1747647654049
counter/7/0/0/0,2136:1747647651591:,1747647654049
counter/7/0/0/0,2137:1747647651591:,1747647654049
counter/7/0/0/0,2138:1747647651595:,1747647654049
counter/7/0/0/0,2139:1747647651595:,1747647654049
counter/7/0/0/0,2140:1747647651595:,1747647654049
counter/7/0/0/0,2141:1747647651595:,1747647654049
counter/5/0/0/0,2251:1747647651444:,1747647654049
counter/10/0/0/0,2164:1747647651862:,1747647654049
counter/9/0/0/0,2418:1747647651905:,1747647654050
counter/2/0/0/0,2056:1747647651417:,1747647654051
counter/3/0/0/0,2500:1747647651731:,1747647654052
counter/3/0/0/0,2501:1747647651731:,1747647654052
counter/5/0/0/0,2252:1747647651444:,1747647654052
counter/3/0/0/0,2502:1747647651731:,1747647654052
counter/3/0/0/0,2503:1747647651731:,1747647654052
counter/3/0/0/0,2504:1747647651731:,1747647654052
counter/3/0/0/0,2505:1747647651731:,1747647654052
counter/3/0/0/0,2506:1747647651731:,1747647654052
counter/3/0/0/0,2507:1747647651731:,1747647654052
counter/3/0/0/0,2508:1747647651731:,1747647654052
counter/3/0/0/0,2509:1747647651731:,1747647654052
counter/9/0/0/0,2419:1747647651905:,1747647654052
counter/5/0/0/0,2253:1747647651444:,1747647654054
counter/9/0/0/0,2420:1747647651905:,1747647654054
counter/7/0/0/0,2142:1747647651595:,1747647654054
counter/2/0/0/0,2057:1747647651417:,1747647654055
counter/7/0/0/0,2143:1747647651595:,1747647654055
counter/4/0/0/0,2504:1747647651879:,1747647654055
counter/10/0/0/0,2165:1747647651862:,1747647654055
counter/6/0/0/0,2284:1747647651826:,1747647654055
counter/6/0/0/0,2285:1747647651826:,1747647654055
counter/3/0/0/0,2510:1747647651731:,1747647654055
counter/3/0/0/0,2511:1747647651731:,1747647654055
counter/3/0/0/0,2512:1747647651731:,1747647654055
counter/3/0/0/0,2513:1747647651732:,1747647654055
counter/4/0/0/0,2505:1747647651879:,1747647654059
counter/8/0/0/0,2453:1747647651499:,1747647654059
counter/8/0/0/0,2454:1747647651499:,1747647654060
counter/8/0/0/0,2455:1747647651499:,1747647654060
counter/5/0/0/0,2254:1747647651444:,1747647654060
counter/1/0/0/0,2674:1747647652115:,1747647654061
counter/1/0/0/0,2675:1747647652115:,1747647654061
counter/1/0/0/0,2676:1747647652115:,1747647654061
counter/1/0/0/0,2677:1747647652115:,1747647654061
counter/1/0/0/0,2678:1747647652115:,1747647654061
counter/1/0/0/0,2679:1747647652115:,1747647654061
counter/1/0/0/0,2680:1747647652115:,1747647654061
counter/1/0/0/0,2681:1747647652115:,1747647654061
counter/1/0/0/0,2682:1747647652115:,1747647654062
counter/1/0/0/0,2683:1747647652115:,1747647654062
counter/1/0/0/0,2684:1747647652115:,1747647654062
counter/1/0/0/0,2685:1747647652115:,1747647654062
counter/1/0/0/0,2686:1747647652115:,1747647654062
counter/1/0/0/0,2687:1747647652115:,1747647654062
counter/1/0/0/0,2688:1747647652115:,1747647654062
counter/1/0/0/0,2689:1747647652115:,1747647654062
counter/9/0/0/0,2421:1747647651905:,1747647654062
counter/4/0/0/0,2506:1747647651879:,1747647654062
counter/9/0/0/0,2422:1747647651905:,1747647654063
counter/9/0/0/0,2423:1747647651912:,1747647654063
counter/10/0/0/0,2166:1747647651862:,1747647654063
counter/10/0/0/0,2167:1747647651862:,1747647654064
counter/10/0/0/0,2168:1747647651863:,1747647654064
counter/3/0/0/0,2514:1747647651732:,1747647654064
counter/3/0/0/0,2515:1747647651732:,1747647654064
counter/3/0/0/0,2516:1747647651732:,1747647654064
counter/3/0/0/0,2517:1747647651732:,1747647654064
counter/8/0/0/0,2456:1747647651499:,1747647654064
counter/6/0/0/0,2286:1747647651826:,1747647654064
counter/4/0/0/0,2507:1747647651881:,1747647654064
counter/6/0/0/0,2287:1747647651826:,1747647654064
counter/6/0/0/0,2288:1747647651826:,1747647654064
counter/6/0/0/0,2289:1747647651826:,1747647654064
counter/6/0/0/0,2290:1747647651826:,1747647654064
counter/6/0/0/0,2291:1747647651826:,1747647654064
counter/6/0/0/0,2292:1747647651826:,1747647654064
counter/6/0/0/0,2293:1747647651826:,1747647654064
counter/6/0/0/0,2294:1747647651827:,1747647654064
counter/10/0/0/0,2169:1747647651863:,1747647654064
counter/2/0/0/0,2058:1747647651417:,1747647654065
counter/6/0/0/0,2295:1747647651827:,1747647654065
counter/6/0/0/0,2296:1747647651829:,1747647654065
counter/6/0/0/0,2297:1747647651829:,1747647654065
counter/6/0/0/0,2298:1747647651829:,1747647654065
counter/6/0/0/0,2299:1747647651830:,1747647654065
counter/6/0/0/0,2300:1747647651830:,1747647654065
counter/3/0/0/0,2518:1747647651733:,1747647654065
counter/3/0/0/0,2519:1747647651733:,1747647654065
counter/3/0/0/0,2520:1747647651733:,1747647654065
counter/3/0/0/0,2521:1747647651733:,1747647654065
counter/5/0/0/0,2255:1747647651444:,1747647654065
counter/10/0/0/0,2170:1747647651865:,1747647654066
counter/2/0/0/0,2059:1747647651417:,1747647654066
counter/8/0/0/0,2457:1747647651499:,1747647654066
counter/3/0/0/0,2522:1747647651733:,1747647654066
counter/3/0/0/0,2523:1747647651733:,1747647654066
counter/3/0/0/0,2524:1747647651733:,1747647654066
counter/3/0/0/0,2525:1747647651733:,1747647654066
counter/3/0/0/0,2526:1747647651733:,1747647654066
counter/4/0/0/0,2508:1747647651881:,1747647654066
counter/3/0/0/0,2527:1747647651733:,1747647654067
counter/3/0/0/0,2528:1747647651733:,1747647654067
counter/3/0/0/0,2529:1747647651733:,1747647654067
counter/3/0/0/0,2530:1747647651733:,1747647654067
counter/3/0/0/0,2531:1747647651733:,1747647654067
counter/3/0/0/0,2532:1747647651733:,1747647654067
counter/3/0/0/0,2533:1747647651733:,1747647654068
counter/3/0/0/0,2534:1747647651733:,1747647654068
counter/3/0/0/0,2535:1747647651733:,1747647654068
counter/3/0/0/0,2536:1747647651734:,1747647654068
counter/3/0/0/0,2537:1747647651734:,1747647654068
counter/3/0/0/0,2538:1747647651734:,1747647654068
counter/3/0/0/0,2539:1747647651734:,1747647654068
counter/3/0/0/0,2540:1747647651734:,1747647654068
counter/8/0/0/0,2458:1747647651507:,1747647654068
counter/8/0/0/0,2459:1747647651507:,1747647654068
counter/8/0/0/0,2460:1747647651507:,1747647654068
counter/4/0/0/0,2509:1747647651881:,1747647654068
counter/6/0/0/0,2301:1747647651830:,1747647654068
counter/4/0/0/0,2510:1747647651881:,1747647654068
counter/6/0/0/0,2302:1747647651830:,1747647654068
counter/3/0/0/0,2541:1747647651734:,1747647654069
counter/7/0/0/0,2144:1747647651596:,1747647654069
counter/3/0/0/0,2542:1747647651734:,1747647654069
counter/3/0/0/0,2543:1747647651734:,1747647654069
counter/3/0/0/0,2544:1747647651734:,1747647654069
counter/3/0/0/0,2545:1747647651742:,1747647654069
counter/3/0/0/0,2546:1747647651743:,1747647654069
counter/3/0/0/0,2547:1747647651743:,1747647654069
counter/3/0/0/0,2548:1747647651744:,1747647654069
counter/3/0/0/0,2549:1747647651744:,1747647654069
counter/3/0/0/0,2550:1747647651744:,1747647654069
counter/2/0/0/0,2060:1747647651417:,1747647654069
counter/6/0/0/0,2303:1747647651830:,1747647654070
counter/6/0/0/0,2304:1747647651830:,1747647654071
counter/6/0/0/0,2305:1747647651830:,1747647654071
counter/6/0/0/0,2306:1747647651830:,1747647654071
counter/6/0/0/0,2307:1747647651830:,1747647654071
counter/6/0/0/0,2308:1747647651830:,1747647654071
counter/8/0/0/0,2461:1747647651508:,1747647654072
counter/8/0/0/0,2462:1747647651508:,1747647654072
counter/8/0/0/0,2463:1747647651508:,1747647654072
counter/7/0/0/0,2145:1747647651596:,1747647654074
counter/7/0/0/0,2146:1747647651596:,1747647654074
counter/7/0/0/0,2147:1747647651596:,1747647654074
counter/7/0/0/0,2148:1747647651596:,1747647654074
counter/7/0/0/0,2149:1747647651609:,1747647654074
counter/7/0/0/0,2150:1747647651609:,1747647654074
counter/4/0/0/0,2511:1747647651882:,1747647654075
counter/4/0/0/0,2512:1747647651882:,1747647654075
counter/4/0/0/0,2513:1747647651882:,1747647654075
counter/4/0/0/0,2514:1747647651882:,1747647654075
counter/4/0/0/0,2515:1747647651882:,1747647654075
counter/4/0/0/0,2516:1747647651887:,1747647654075
counter/3/0/0/0,2551:1747647651744:,1747647654075
counter/10/0/0/0,2171:1747647651870:,1747647654075
counter/1/0/0/0,2690:1747647652115:,1747647654075
counter/1/0/0/0,2691:1747647652115:,1747647654075
counter/1/0/0/0,2692:1747647652115:,1747647654075
counter/4/0/0/0,2517:1747647651887:,1747647654075
counter/4/0/0/0,2518:1747647651887:,1747647654076
counter/4/0/0/0,2519:1747647651887:,1747647654076
counter/4/0/0/0,2520:1747647651887:,1747647654076
counter/3/0/0/0,2552:1747647651744:,1747647654076
counter/2/0/0/0,2061:1747647651417:,1747647654076
counter/2/0/0/0,2062:1747647651417:,1747647654076
counter/10/0/0/0,2172:1747647651870:,1747647654076
counter/10/0/0/0,2173:1747647651870:,1747647654076
counter/6/0/0/0,2309:1747647651830:,1747647654076
counter/10/0/0/0,2174:1747647651870:,1747647654076
counter/10/0/0/0,2175:1747647651870:,1747647654076
counter/4/0/0/0,2521:1747647651887:,1747647654076
counter/9/0/0/0,2424:1747647651912:,1747647654076
counter/10/0/0/0,2176:1747647651870:,1747647654078
counter/10/0/0/0,2177:1747647651871:,1747647654078
counter/10/0/0/0,2178:1747647651871:,1747647654078
counter/10/0/0/0,2179:1747647651871:,1747647654078
counter/10/0/0/0,2180:1747647651871:,1747647654078
counter/4/0/0/0,2522:1747647651887:,1747647654078
counter/2/0/0/0,2063:1747647651417:,1747647654079
counter/1/0/0/0,2693:1747647652115:,1747647654079
counter/8/0/0/0,2464:1747647651508:,1747647654079
counter/1/0/0/0,2694:1747647652115:,1747647654079
counter/7/0/0/0,2151:1747647651609:,1747647654080
counter/8/0/0/0,2465:1747647651508:,1747647654080
counter/3/0/0/0,2553:1747647651744:,1747647654080
counter/4/0/0/0,2523:1747647651887:,1747647654080
counter/8/0/0/0,2466:1747647651508:,1747647654081
counter/8/0/0/0,2467:1747647651508:,1747647654081
counter/8/0/0/0,2468:1747647651508:,1747647654081
counter/8/0/0/0,2469:1747647651509:,1747647654081
counter/8/0/0/0,2470:1747647651511:,1747647654081
counter/8/0/0/0,2471:1747647651517:,1747647654082
counter/9/0/0/0,2425:1747647651915:,1747647654082
counter/8/0/0/0,2472:1747647651517:,1747647654082
counter/8/0/0/0,2473:1747647651517:,1747647654082
counter/8/0/0/0,2474:1747647651517:,1747647654082
counter/8/0/0/0,2475:1747647651518:,1747647654082
counter/10/0/0/0,2181:1747647651871:,1747647654083
counter/6/0/0/0,2310:1747647651830:,1747647654083
counter/6/0/0/0,2311:1747647651830:,1747647654083
counter/6/0/0/0,2312:1747647651833:,1747647654083
counter/6/0/0/0,2313:1747647651833:,1747647654083
counter/6/0/0/0,2314:1747647651833:,1747647654083
counter/6/0/0/0,2315:1747647651833:,1747647654083
counter/8/0/0/0,2476:1747647651518:,1747647654083
counter/8/0/0/0,2477:1747647651518:,1747647654083
counter/8/0/0/0,2478:1747647651518:,1747647654083
counter/8/0/0/0,2479:1747647651518:,1747647654083
counter/8/0/0/0,2480:1747647651518:,1747647654083
counter/8/0/0/0,2481:1747647651518:,1747647654083
counter/5/0/0/0,2256:1747647651444:,1747647654084
counter/10/0/0/0,2182:1747647651871:,1747647654085
counter/4/0/0/0,2524:1747647651887:,1747647654085
counter/6/0/0/0,2316:1747647651833:,1747647654085
counter/6/0/0/0,2317:1747647651833:,1747647654085
counter/1/0/0/0,2695:1747647652115:,1747647654087
counter/10/0/0/0,2183:1747647651871:,1747647654087
counter/6/0/0/0,2318:1747647651833:,1747647654087
counter/4/0/0/0,2525:1747647651887:,1747647654088
counter/4/0/0/0,2526:1747647651887:,1747647654088
counter/4/0/0/0,2527:1747647651887:,1747647654088
counter/4/0/0/0,2528:1747647651887:,1747647654088
counter/4/0/0/0,2529:1747647651887:,1747647654088
counter/9/0/0/0,2426:1747647651919:,1747647654088
counter/5/0/0/0,2257:1747647651444:,1747647654088
counter/2/0/0/0,2064:1747647651417:,1747647654088
counter/5/0/0/0,2258:1747647651444:,1747647654088
counter/5/0/0/0,2259:1747647651444:,1747647654088
counter/5/0/0/0,2260:1747647651454:,1747647654088
counter/5/0/0/0,2261:1747647651457:,1747647654088
counter/5/0/0/0,2262:1747647651457:,1747647654088
counter/5/0/0/0,2263:1747647651457:,1747647654088
counter/5/0/0/0,2264:1747647651457:,1747647654089
counter/5/0/0/0,2265:1747647651457:,1747647654089
counter/5/0/0/0,2266:1747647651457:,1747647654089
counter/5/0/0/0,2267:1747647651457:,1747647654089
counter/5/0/0/0,2268:1747647651457:,1747647654089
counter/5/0/0/0,2269:1747647651457:,1747647654089
counter/5/0/0/0,2270:1747647651457:,1747647654089
counter/5/0/0/0,2271:1747647651457:,1747647654089
counter/5/0/0/0,2272:1747647651457:,1747647654089
counter/5/0/0/0,2273:1747647651457:,1747647654089
counter/5/0/0/0,2274:1747647651457:,1747647654089
counter/5/0/0/0,2275:1747647651457:,1747647654089
counter/5/0/0/0,2276:1747647651458:,1747647654089
counter/5/0/0/0,2277:1747647651458:,1747647654089
counter/5/0/0/0,2278:1747647651458:,1747647654090
counter/9/0/0/0,2427:1747647651919:,1747647654090
counter/9/0/0/0,2428:1747647651919:,1747647654090
counter/9/0/0/0,2429:1747647651919:,1747647654090
counter/9/0/0/0,2430:1747647651919:,1747647654090
counter/9/0/0/0,2431:1747647651919:,1747647654090
counter/5/0/0/0,2279:1747647651458:,1747647654090
counter/7/0/0/0,2152:1747647651609:,1747647654090
counter/8/0/0/0,2482:1747647651518:,1747647654090
counter/8/0/0/0,2483:1747647651518:,1747647654090
counter/8/0/0/0,2484:1747647651518:,1747647654090
counter/8/0/0/0,2485:1747647651523:,1747647654090
counter/8/0/0/0,2486:1747647651523:,1747647654091
counter/8/0/0/0,2487:1747647651523:,1747647654091
counter/5/0/0/0,2280:1747647651458:,1747647654091
counter/5/0/0/0,2281:1747647651458:,1747647654091
counter/5/0/0/0,2282:1747647651458:,1747647654091
counter/5/0/0/0,2283:1747647651468:,1747647654091
counter/10/0/0/0,2184:1747647651871:,1747647654091
counter/8/0/0/0,2488:1747647651523:,1747647654092
counter/9/0/0/0,2432:1747647651919:,1747647654092
counter/9/0/0/0,2433:1747647651919:,1747647654092
counter/9/0/0/0,2434:1747647651919:,1747647654093
counter/9/0/0/0,2435:1747647651920:,1747647654093
counter/9/0/0/0,2436:1747647651920:,1747647654093
counter/5/0/0/0,2284:1747647651468:,1747647654093
counter/7/0/0/0,2153:1747647651609:,1747647654093
counter/7/0/0/0,2154:1747647651609:,1747647654093
counter/7/0/0/0,2155:1747647651609:,1747647654093
counter/7/0/0/0,2156:1747647651609:,1747647654093
counter/7/0/0/0,2157:1747647651609:,1747647654093
counter/7/0/0/0,2158:1747647651609:,1747647654093
counter/7/0/0/0,2159:1747647651609:,1747647654093
counter/7/0/0/0,2160:1747647651609:,1747647654094
counter/8/0/0/0,2489:1747647651523:,1747647654094
counter/6/0/0/0,2319:1747647651833:,1747647654094
counter/5/0/0/0,2285:1747647651468:,1747647654094
counter/5/0/0/0,2286:1747647651468:,1747647654094
counter/5/0/0/0,2287:1747647651468:,1747647654094
counter/5/0/0/0,2288:1747647651468:,1747647654095
counter/4/0/0/0,2530:1747647651887:,1747647654095
counter/4/0/0/0,2531:1747647651887:,1747647654095
counter/1/0/0/0,2696:1747647652115:,1747647654095
counter/4/0/0/0,2532:1747647651887:,1747647654095
counter/1/0/0/0,2697:1747647652115:,1747647654095
counter/4/0/0/0,2533:1747647651887:,1747647654095
counter/1/0/0/0,2698:1747647652115:,1747647654095
counter/1/0/0/0,2699:1747647652115:,1747647654095
counter/1/0/0/0,2700:1747647652115:,1747647654095
counter/1/0/0/0,2701:1747647652115:,1747647654095
counter/1/0/0/0,2702:1747647652115:,1747647654095
counter/5/0/0/0,2289:1747647651468:,1747647654095
counter/5/0/0/0,2290:1747647651468:,1747647654095
counter/5/0/0/0,2291:1747647651468:,1747647654095
counter/5/0/0/0,2292:1747647651468:,1747647654096
counter/5/0/0/0,2293:1747647651468:,1747647654096
counter/5/0/0/0,2294:1747647651468:,1747647654096
counter/5/0/0/0,2295:1747647651468:,1747647654096
counter/5/0/0/0,2296:1747647651468:,1747647654096
counter/5/0/0/0,2297:1747647651468:,1747647654096
counter/1/0/0/0,2703:1747647652115:,1747647654097
counter/1/0/0/0,2704:1747647652115:,1747647654097
counter/9/0/0/0,2437:1747647651920:,1747647654097
counter/9/0/0/0,2438:1747647651920:,1747647654097
counter/9/0/0/0,2439:1747647651920:,1747647654097
counter/9/0/0/0,2440:1747647651920:,1747647654097
counter/5/0/0/0,2298:1747647651468:,1747647654097
counter/5/0/0/0,2299:1747647651468:,1747647654097
counter/5/0/0/0,2300:1747647651468:,1747647654097
counter/5/0/0/0,2301:1747647651468:,1747647654097
counter/4/0/0/0,2534:1747647651887:,1747647654097
counter/8/0/0/0,2490:1747647651523:,1747647654097
counter/8/0/0/0,2491:1747647651523:,1747647654097
counter/8/0/0/0,2492:1747647651523:,1747647654097
counter/3/0/0/0,2554:1747647651744:,1747647654097
counter/8/0/0/0,2493:1747647651523:,1747647654099
counter/8/0/0/0,2494:1747647651523:,1747647654099
counter/8/0/0/0,2495:1747647651523:,1747647654099
counter/8/0/0/0,2496:1747647651523:,1747647654099
counter/8/0/0/0,2497:1747647651527:,1747647654099
counter/10/0/0/0,2185:1747647651871:,1747647654099
counter/5/0/0/0,2302:1747647651468:,1747647654099
counter/4/0/0/0,2535:1747647651887:,1747647654099
counter/3/0/0/0,2555:1747647651744:,1747647654100
counter/8/0/0/0,2498:1747647651527:,1747647654100
counter/8/0/0/0,2499:1747647651527:,1747647654100
counter/8/0/0/0,2500:1747647651527:,1747647654100
counter/8/0/0/0,2501:1747647651527:,1747647654100
counter/8/0/0/0,2502:1747647651527:,1747647654100
counter/9/0/0/0,2441:1747647651920:,1747647654100
counter/9/0/0/0,2442:1747647651920:,1747647654100
counter/9/0/0/0,2443:1747647651920:,1747647654100
counter/9/0/0/0,2444:1747647651920:,1747647654100
counter/9/0/0/0,2445:1747647651920:,1747647654100
counter/7/0/0/0,2161:1747647651609:,1747647654100
counter/4/0/0/0,2536:1747647651887:,1747647654101
counter/2/0/0/0,2065:1747647651417:,1747647654101
counter/2/0/0/0,2066:1747647651417:,1747647654101
counter/8/0/0/0,2503:1747647651527:,1747647654101
counter/8/0/0/0,2504:1747647651527:,1747647654101
counter/8/0/0/0,2505:1747647651527:,1747647654101
counter/8/0/0/0,2506:1747647651529:,1747647654101
counter/8/0/0/0,2507:1747647651529:,1747647654101
counter/8/0/0/0,2508:1747647651529:,1747647654101
counter/1/0/0/0,2705:1747647652115:,1747647654101
counter/4/0/0/0,2537:1747647651887:,1747647654103
counter/4/0/0/0,2538:1747647651887:,1747647654103
counter/4/0/0/0,2539:1747647651887:,1747647654103
counter/4/0/0/0,2540:1747647651887:,1747647654103
counter/4/0/0/0,2541:1747647651887:,1747647654103
counter/7/0/0/0,2162:1747647651609:,1747647654103
counter/4/0/0/0,2542:1747647651887:,1747647654103
counter/4/0/0/0,2543:1747647651888:,1747647654103
counter/5/0/0/0,2303:1747647651468:,1747647654103
counter/6/0/0/0,2320:1747647651838:,1747647654103
counter/5/0/0/0,2304:1747647651468:,1747647654103
counter/4/0/0/0,2544:1747647651894:,1747647654104
counter/4/0/0/0,2545:1747647651895:,1747647654104
counter/4/0/0/0,2546:1747647651895:,1747647654104
counter/4/0/0/0,2547:1747647651895:,1747647654104
counter/4/0/0/0,2548:1747647651895:,1747647654104
counter/3/0/0/0,2556:1747647651744:,1747647654104
counter/4/0/0/0,2549:1747647651895:,1747647654104
counter/4/0/0/0,2550:1747647651895:,1747647654104
counter/4/0/0/0,2551:1747647651895:,1747647654104
counter/4/0/0/0,2552:1747647651895:,1747647654104
counter/3/0/0/0,2557:1747647651744:,1747647654105
counter/1/0/0/0,2706:1747647652115:,1747647654105
counter/3/0/0/0,2558:1747647651744:,1747647654106
counter/3/0/0/0,2559:1747647651744:,1747647654106
counter/3/0/0/0,2560:1747647651745:,1747647654106
counter/3/0/0/0,2561:1747647651745:,1747647654106
counter/8/0/0/0,2509:1747647651529:,1747647654106
counter/8/0/0/0,2510:1747647651540:,1747647654106
counter/8/0/0/0,2511:1747647651540:,1747647654106
counter/8/0/0/0,2512:1747647651540:,1747647654106
counter/8/0/0/0,2513:1747647651540:,1747647654106
counter/8/0/0/0,2514:1747647651540:,1747647654106
counter/8/0/0/0,2515:1747647651540:,1747647654106
counter/8/0/0/0,2516:1747647651540:,1747647654106
counter/8/0/0/0,2517:1747647651540:,1747647654106
counter/10/0/0/0,2186:1747647651871:,1747647654106
counter/8/0/0/0,2518:1747647651540:,1747647654107
counter/9/0/0/0,2446:1747647651921:,1747647654107
counter/6/0/0/0,2321:1747647651838:,1747647654107
counter/6/0/0/0,2322:1747647651838:,1747647654107
counter/6/0/0/0,2323:1747647651838:,1747647654107
counter/6/0/0/0,2324:1747647651838:,1747647654107
counter/8/0/0/0,2519:1747647651540:,1747647654108
counter/10/0/0/0,2187:1747647651871:,1747647654108
counter/3/0/0/0,2562:1747647651745:,1747647654108
counter/3/0/0/0,2563:1747647651748:,1747647654108
counter/3/0/0/0,2564:1747647651748:,1747647654108
counter/3/0/0/0,2565:1747647651748:,1747647654108
counter/3/0/0/0,2566:1747647651748:,1747647654108
counter/6/0/0/0,2325:1747647651838:,1747647654108
counter/10/0/0/0,2188:1747647651871:,1747647654109
counter/10/0/0/0,2189:1747647651871:,1747647654109
counter/5/0/0/0,2305:1747647651468:,1747647654109
counter/10/0/0/0,2190:1747647651871:,1747647654109
counter/8/0/0/0,2520:1747647651546:,1747647654112
counter/8/0/0/0,2521:1747647651546:,1747647654112
counter/8/0/0/0,2522:1747647651546:,1747647654112
counter/8/0/0/0,2523:1747647651546:,1747647654112
counter/8/0/0/0,2524:1747647651546:,1747647654112
counter/8/0/0/0,2525:1747647651546:,1747647654112
counter/4/0/0/0,2553:1747647651895:,1747647654112
counter/6/0/0/0,2326:1747647651838:,1747647654112
counter/10/0/0/0,2191:1747647651871:,1747647654112
counter/2/0/0/0,2067:1747647651425:,1747647654112
counter/5/0/0/0,2306:1747647651468:,1747647654113
counter/7/0/0/0,2163:1747647651609:,1747647654113
counter/5/0/0/0,2307:1747647651468:,1747647654114
counter/7/0/0/0,2164:1747647651609:,1747647654114
counter/7/0/0/0,2165:1747647651609:,1747647654114
counter/7/0/0/0,2166:1747647651609:,1747647654114
counter/7/0/0/0,2167:1747647651609:,1747647654114
counter/7/0/0/0,2168:1747647651609:,1747647654114
counter/7/0/0/0,2169:1747647651609:,1747647654114
counter/7/0/0/0,2170:1747647651609:,1747647654114
counter/7/0/0/0,2171:1747647651609:,1747647654114
counter/7/0/0/0,2172:1747647651609:,1747647654114
counter/4/0/0/0,2554:1747647651896:,1747647654116
counter/5/0/0/0,2308:1747647651468:,1747647654116
counter/10/0/0/0,2192:1747647651871:,1747647654116
counter/10/0/0/0,2193:1747647651872:,1747647654116
counter/10/0/0/0,2194:1747647651872:,1747647654116
counter/10/0/0/0,2195:1747647651872:,1747647654116
counter/10/0/0/0,2196:1747647651872:,1747647654116
counter/10/0/0/0,2197:1747647651872:,1747647654116
counter/10/0/0/0,2198:1747647651872:,1747647654116
counter/10/0/0/0,2199:1747647651872:,1747647654116
counter/8/0/0/0,2526:1747647651546:,1747647654116
counter/5/0/0/0,2309:1747647651468:,1747647654117
counter/9/0/0/0,2447:1747647651922:,1747647654117
counter/9/0/0/0,2448:1747647651931:,1747647654118
counter/7/0/0/0,2173:1747647651610:,1747647654118
counter/9/0/0/0,2449:1747647651931:,1747647654118
counter/10/0/0/0,2200:1747647651872:,1747647654119
counter/2/0/0/0,2068:1747647651425:,1747647654119
counter/5/0/0/0,2310:1747647651468:,1747647654119
counter/6/0/0/0,2327:1747647651838:,1747647654119
counter/6/0/0/0,2328:1747647651839:,1747647654119
counter/4/0/0/0,2555:1747647651896:,1747647654121
counter/4/0/0/0,2556:1747647651896:,1747647654121
counter/4/0/0/0,2557:1747647651897:,1747647654121
counter/4/0/0/0,2558:1747647651902:,1747647654121
counter/4/0/0/0,2559:1747647651902:,1747647654121
counter/4/0/0/0,2560:1747647651902:,1747647654121
counter/4/0/0/0,2561:1747647651902:,1747647654121
counter/4/0/0/0,2562:1747647651902:,1747647654121
counter/4/0/0/0,2563:1747647651902:,1747647654121
counter/8/0/0/0,2527:1747647651546:,1747647654121
counter/8/0/0/0,2528:1747647651546:,1747647654121
counter/8/0/0/0,2529:1747647651546:,1747647654121
counter/10/0/0/0,2201:1747647651872:,1747647654124
counter/5/0/0/0,2311:1747647651469:,1747647654125
counter/4/0/0/0,2564:1747647651902:,1747647654125
counter/5/0/0/0,2312:1747647651469:,1747647654126
counter/4/0/0/0,2565:1747647651903:,1747647654126
counter/8/0/0/0,2530:1747647651546:,1747647654126
counter/1/0/0/0,2707:1747647652115:,1747647654126
counter/1/0/0/0,2708:1747647652115:,1747647654126
counter/1/0/0/0,2709:1747647652115:,1747647654126
counter/1/0/0/0,2710:1747647652115:,1747647654126
counter/1/0/0/0,2711:1747647652115:,1747647654126
counter/3/0/0/0,2567:1747647651748:,1747647654127
counter/7/0/0/0,2174:1747647651610:,1747647654127
counter/3/0/0/0,2568:1747647651748:,1747647654127
counter/7/0/0/0,2175:1747647651610:,1747647654127
counter/7/0/0/0,2176:1747647651610:,1747647654127
counter/7/0/0/0,2177:1747647651610:,1747647654127
counter/9/0/0/0,2450:1747647651931:,1747647654128
counter/9/0/0/0,2451:1747647651931:,1747647654128
counter/9/0/0/0,2452:1747647651931:,1747647654128
counter/9/0/0/0,2453:1747647651931:,1747647654128
counter/7/0/0/0,2178:1747647651610:,1747647654128
counter/7/0/0/0,2179:1747647651610:,1747647654128
counter/10/0/0/0,2202:1747647651872:,1747647654130
counter/10/0/0/0,2203:1747647651872:,1747647654130
counter/10/0/0/0,2204:1747647651876:,1747647654130
counter/10/0/0/0,2205:1747647651876:,1747647654130
counter/10/0/0/0,2206:1747647651876:,1747647654130
counter/8/0/0/0,2531:1747647651550:,1747647654130
counter/1/0/0/0,2712:1747647652115:,1747647654131
counter/1/0/0/0,2713:1747647652116:,1747647654131
counter/10/0/0/0,2207:1747647651876:,1747647654131
counter/7/0/0/0,2180:1747647651610:,1747647654132
counter/7/0/0/0,2181:1747647651617:,1747647654132
counter/7/0/0/0,2182:1747647651618:,1747647654132
counter/7/0/0/0,2183:1747647651619:,1747647654132
counter/7/0/0/0,2184:1747647651619:,1747647654132
counter/7/0/0/0,2185:1747647651619:,1747647654132
counter/7/0/0/0,2186:1747647651619:,1747647654132
counter/7/0/0/0,2187:1747647651619:,1747647654132
counter/7/0/0/0,2188:1747647651619:,1747647654132
counter/7/0/0/0,2189:1747647651619:,1747647654132
counter/8/0/0/0,2532:1747647651550:,1747647654132
counter/5/0/0/0,2313:1747647651469:,1747647654132
counter/8/0/0/0,2533:1747647651550:,1747647654132
counter/1/0/0/0,2714:1747647652116:,1747647654132
counter/10/0/0/0,2208:1747647651876:,1747647654132
counter/1/0/0/0,2715:1747647652116:,1747647654132
counter/10/0/0/0,2209:1747647651876:,1747647654132
counter/1/0/0/0,2716:1747647652116:,1747647654132
counter/4/0/0/0,2566:1747647651914:,1747647654132
counter/9/0/0/0,2454:1747647651931:,1747647654133
counter/6/0/0/0,2329:1747647651839:,1747647654133
counter/3/0/0/0,2569:1747647651749:,1747647654133
counter/9/0/0/0,2455:1747647651931:,1747647654135
counter/9/0/0/0,2456:1747647651931:,1747647654135
counter/9/0/0/0,2457:1747647651932:,1747647654135
counter/9/0/0/0,2458:1747647651932:,1747647654136
counter/9/0/0/0,2459:1747647651932:,1747647654136
counter/9/0/0/0,2460:1747647651932:,1747647654136
counter/9/0/0/0,2461:1747647651932:,1747647654136
counter/9/0/0/0,2462:1747647651932:,1747647654136
counter/9/0/0/0,2463:1747647651932:,1747647654136
counter/9/0/0/0,2464:1747647651932:,1747647654136
counter/9/0/0/0,2465:1747647651932:,1747647654136
counter/9/0/0/0,2466:1747647651932:,1747647654136
counter/9/0/0/0,2467:1747647651932:,1747647654136
counter/9/0/0/0,2468:1747647651932:,1747647654136
counter/9/0/0/0,2469:1747647651932:,1747647654136
counter/4/0/0/0,2567:1747647651914:,1747647654136
counter/9/0/0/0,2470:1747647651932:,1747647654136
counter/9/0/0/0,2471:1747647651932:,1747647654136
counter/2/0/0/0,2069:1747647651425:,1747647654136
counter/2/0/0/0,2070:1747647651425:,1747647654136
counter/2/0/0/0,2071:1747647651425:,1747647654136
counter/2/0/0/0,2072:1747647651425:,1747647654136
counter/6/0/0/0,2330:1747647651839:,1747647654137
counter/1/0/0/0,2717:1747647652116:,1747647654138
counter/5/0/0/0,2314:1747647651469:,1747647654138
counter/1/0/0/0,2718:1747647652118:,1747647654138
counter/2/0/0/0,2073:1747647651425:,1747647654140
counter/5/0/0/0,2315:1747647651469:,1747647654140
counter/2/0/0/0,2074:1747647651425:,1747647654140
counter/5/0/0/0,2316:1747647651469:,1747647654141
counter/2/0/0/0,2075:1747647651425:,1747647654141
counter/1/0/0/0,2719:1747647652118:,1747647654141
counter/9/0/0/0,2472:1747647651932:,1747647654141
counter/1/0/0/0,2720:1747647652118:,1747647654141
counter/1/0/0/0,2721:1747647652118:,1747647654141
counter/9/0/0/0,2473:1747647651932:,1747647654141
counter/4/0/0/0,2568:1747647651914:,1747647654142
counter/4/0/0/0,2569:1747647651914:,1747647654142
counter/4/0/0/0,2570:1747647651914:,1747647654142
counter/4/0/0/0,2571:1747647651914:,1747647654142
counter/4/0/0/0,2572:1747647651914:,1747647654142
counter/4/0/0/0,2573:1747647651914:,1747647654142
counter/4/0/0/0,2574:1747647651914:,1747647654142
counter/4/0/0/0,2575:1747647651914:,1747647654142
counter/4/0/0/0,2576:1747647651915:,1747647654143
counter/9/0/0/0,2474:1747647651932:,1747647654143
counter/9/0/0/0,2475:1747647651932:,1747647654143
counter/9/0/0/0,2476:1747647651932:,1747647654143
counter/9/0/0/0,2477:1747647651932:,1747647654143
counter/9/0/0/0,2478:1747647651932:,1747647654143
counter/9/0/0/0,2479:1747647651932:,1747647654143
counter/9/0/0/0,2480:1747647651935:,1747647654143
counter/9/0/0/0,2481:1747647651935:,1747647654143
counter/10/0/0/0,2210:1747647651877:,1747647654143
counter/6/0/0/0,2331:1747647651839:,1747647654143
counter/7/0/0/0,2190:1747647651623:,1747647654143
counter/9/0/0/0,2482:1747647651935:,1747647654144
counter/7/0/0/0,2191:1747647651629:,1747647654144
counter/7/0/0/0,2192:1747647651629:,1747647654144
counter/7/0/0/0,2193:1747647651629:,1747647654144
counter/7/0/0/0,2194:1747647651629:,1747647654144
counter/7/0/0/0,2195:1747647651640:,1747647654144
counter/7/0/0/0,2196:1747647651640:,1747647654144
counter/1/0/0/0,2722:1747647652118:,1747647654144
counter/7/0/0/0,2197:1747647651640:,1747647654145
counter/5/0/0/0,2317:1747647651470:,1747647654146
counter/7/0/0/0,2198:1747647651640:,1747647654146
counter/7/0/0/0,2199:1747647651645:,1747647654146
counter/7/0/0/0,2200:1747647651645:,1747647654146
counter/7/0/0/0,2201:1747647651645:,1747647654146
counter/7/0/0/0,2202:1747647651645:,1747647654146
counter/7/0/0/0,2203:1747647651645:,1747647654146
counter/7/0/0/0,2204:1747647651645:,1747647654146
counter/10/0/0/0,2211:1747647651877:,1747647654146
counter/10/0/0/0,2212:1747647651877:,1747647654146
counter/10/0/0/0,2213:1747647651880:,1747647654146
counter/10/0/0/0,2214:1747647651881:,1747647654146
counter/10/0/0/0,2215:1747647651881:,1747647654146
counter/10/0/0/0,2216:1747647651881:,1747647654146
counter/10/0/0/0,2217:1747647651881:,1747647654146
counter/10/0/0/0,2218:1747647651881:,1747647654146
counter/10/0/0/0,2219:1747647651882:,1747647654146
counter/7/0/0/0,2205:1747647651645:,1747647654146
counter/8/0/0/0,2534:1747647651550:,1747647654147
counter/2/0/0/0,2076:1747647651425:,1747647654147
counter/2/0/0/0,2077:1747647651425:,1747647654147
counter/3/0/0/0,2570:1747647651749:,1747647654147
counter/3/0/0/0,2571:1747647651749:,1747647654147
counter/9/0/0/0,2483:1747647651935:,1747647654147
counter/1/0/0/0,2723:1747647652118:,1747647654147
counter/7/0/0/0,2206:1747647651645:,1747647654148
counter/2/0/0/0,2078:1747647651425:,1747647654148
counter/6/0/0/0,2332:1747647651839:,1747647654148
counter/6/0/0/0,2333:1747647651839:,1747647654148
counter/5/0/0/0,2318:1747647651470:,1747647654149
counter/8/0/0/0,2535:1747647651557:,1747647654149
counter/8/0/0/0,2536:1747647651557:,1747647654149
counter/3/0/0/0,2572:1747647651749:,1747647654149
counter/2/0/0/0,2079:1747647651425:,1747647654150
counter/2/0/0/0,2080:1747647651425:,1747647654150
counter/5/0/0/0,2319:1747647651470:,1747647654150
counter/4/0/0/0,2577:1747647651915:,1747647654150
counter/10/0/0/0,2220:1747647651882:,1747647654150
counter/8/0/0/0,2537:1747647651557:,1747647654152
counter/5/0/0/0,2320:1747647651470:,1747647654152
counter/5/0/0/0,2321:1747647651470:,1747647654152
counter/5/0/0/0,2322:1747647651470:,1747647654152
counter/5/0/0/0,2323:1747647651474:,1747647654152
counter/5/0/0/0,2324:1747647651474:,1747647654152
counter/5/0/0/0,2325:1747647651474:,1747647654152
counter/5/0/0/0,2326:1747647651475:,1747647654152
counter/5/0/0/0,2327:1747647651475:,1747647654152
counter/5/0/0/0,2328:1747647651475:,1747647654152
counter/6/0/0/0,2334:1747647651839:,1747647654153
counter/8/0/0/0,2538:1747647651557:,1747647654153
counter/9/0/0/0,2484:1747647651935:,1747647654153
counter/3/0/0/0,2573:1747647651749:,1747647654153
counter/3/0/0/0,2574:1747647651749:,1747647654154
counter/3/0/0/0,2575:1747647651749:,1747647654154
counter/3/0/0/0,2576:1747647651749:,1747647654154
counter/3/0/0/0,2577:1747647651749:,1747647654154
counter/10/0/0/0,2221:1747647651882:,1747647654154
counter/4/0/0/0,2578:1747647651915:,1747647654154
counter/3/0/0/0,2578:1747647651750:,1747647654155
counter/10/0/0/0,2222:1747647651882:,1747647654155
counter/9/0/0/0,2485:1747647651935:,1747647654155
counter/1/0/0/0,2724:1747647652118:,1747647654155
counter/9/0/0/0,2486:1747647651935:,1747647654155
counter/9/0/0/0,2487:1747647651935:,1747647654155
counter/1/0/0/0,2725:1747647652118:,1747647654155
counter/9/0/0/0,2488:1747647651935:,1747647654155
counter/9/0/0/0,2489:1747647651935:,1747647654156
counter/9/0/0/0,2490:1747647651935:,1747647654156
counter/8/0/0/0,2539:1747647651557:,1747647654156
counter/10/0/0/0,2223:1747647651890:,1747647654156
counter/9/0/0/0,2491:1747647651939:,1747647654156
counter/9/0/0/0,2492:1747647651939:,1747647654156
counter/9/0/0/0,2493:1747647651939:,1747647654156
counter/9/0/0/0,2494:1747647651939:,1747647654156
counter/9/0/0/0,2495:1747647651939:,1747647654156
counter/4/0/0/0,2579:1747647651921:,1747647654156
counter/10/0/0/0,2224:1747647651890:,1747647654157
counter/3/0/0/0,2579:1747647651750:,1747647654157
counter/7/0/0/0,2207:1747647651646:,1747647654160
counter/9/0/0/0,2496:1747647651939:,1747647654160
counter/10/0/0/0,2225:1747647651890:,1747647654160
counter/9/0/0/0,2497:1747647651939:,1747647654161
counter/9/0/0/0,2498:1747647651945:,1747647654161
counter/9/0/0/0,2499:1747647651945:,1747647654161
counter/9/0/0/0,2500:1747647651945:,1747647654161
counter/9/0/0/0,2501:1747647651945:,1747647654161
counter/9/0/0/0,2502:1747647651945:,1747647654161
counter/9/0/0/0,2503:1747647651945:,1747647654161
counter/9/0/0/0,2504:1747647651945:,1747647654161
counter/9/0/0/0,2505:1747647651945:,1747647654161
counter/9/0/0/0,2506:1747647651945:,1747647654162
counter/3/0/0/0,2580:1747647651750:,1747647654162
counter/3/0/0/0,2581:1747647651750:,1747647654162
counter/3/0/0/0,2582:1747647651750:,1747647654162
counter/3/0/0/0,2583:1747647651750:,1747647654162
counter/3/0/0/0,2584:1747647651750:,1747647654162
counter/3/0/0/0,2585:1747647651750:,1747647654162
counter/3/0/0/0,2586:1747647651750:,1747647654162
counter/3/0/0/0,2587:1747647651750:,1747647654162
counter/9/0/0/0,2507:1747647651945:,1747647654163
counter/6/0/0/0,2335:1747647651839:,1747647654163
counter/7/0/0/0,2208:1747647651646:,1747647654163
counter/4/0/0/0,2580:1747647651921:,1747647654163
counter/8/0/0/0,2540:1747647651557:,1747647654163
counter/8/0/0/0,2541:1747647651557:,1747647654163
counter/10/0/0/0,2226:1747647651890:,1747647654163
counter/8/0/0/0,2542:1747647651557:,1747647654164
counter/8/0/0/0,2543:1747647651557:,1747647654164
counter/8/0/0/0,2544:1747647651557:,1747647654164
counter/8/0/0/0,2545:1747647651557:,1747647654164
counter/8/0/0/0,2546:1747647651557:,1747647654164
counter/2/0/0/0,2081:1747647651425:,1747647654164
counter/2/0/0/0,2082:1747647651428:,1747647654164
counter/2/0/0/0,2083:1747647651428:,1747647654164
counter/3/0/0/0,2588:1747647651750:,1747647654165
counter/6/0/0/0,2336:1747647651839:,1747647654165
counter/6/0/0/0,2337:1747647651839:,1747647654165
counter/6/0/0/0,2338:1747647651839:,1747647654165
counter/6/0/0/0,2339:1747647651839:,1747647654165
counter/6/0/0/0,2340:1747647651840:,1747647654165
counter/5/0/0/0,2329:1747647651475:,1747647654166
counter/9/0/0/0,2508:1747647651945:,1747647654166
counter/2/0/0/0,2084:1747647651428:,1747647654166
counter/2/0/0/0,2085:1747647651428:,1747647654167
counter/2/0/0/0,2086:1747647651428:,1747647654167
counter/2/0/0/0,2087:1747647651428:,1747647654167
counter/2/0/0/0,2088:1747647651428:,1747647654167
counter/10/0/0/0,2227:1747647651890:,1747647654168
counter/10/0/0/0,2228:1747647651890:,1747647654168
counter/10/0/0/0,2229:1747647651890:,1747647654168
counter/10/0/0/0,2230:1747647651890:,1747647654168
counter/10/0/0/0,2231:1747647651890:,1747647654168
counter/10/0/0/0,2232:1747647651890:,1747647654168
counter/10/0/0/0,2233:1747647651892:,1747647654168
counter/10/0/0/0,2234:1747647651892:,1747647654168
counter/10/0/0/0,2235:1747647651892:,1747647654168
counter/10/0/0/0,2236:1747647651892:,1747647654168
counter/10/0/0/0,2237:1747647651899:,1747647654168
counter/10/0/0/0,2238:1747647651899:,1747647654168
counter/2/0/0/0,2089:1747647651428:,1747647654168
counter/9/0/0/0,2509:1747647651945:,1747647654168
counter/9/0/0/0,2510:1747647651945:,1747647654168
counter/9/0/0/0,2511:1747647651945:,1747647654168
counter/3/0/0/0,2589:1747647651799:,1747647654168
counter/5/0/0/0,2330:1747647651475:,1747647654168
counter/1/0/0/0,2726:1747647652118:,1747647654168
counter/5/0/0/0,2331:1747647651475:,1747647654168
counter/6/0/0/0,2341:1747647651841:,1747647654169
counter/6/0/0/0,2342:1747647651841:,1747647654169
counter/6/0/0/0,2343:1747647651841:,1747647654169
counter/10/0/0/0,2239:1747647651899:,1747647654169
counter/2/0/0/0,2090:1747647651428:,1747647654169
counter/1/0/0/0,2727:1747647652118:,1747647654172
counter/1/0/0/0,2728:1747647652118:,1747647654172
counter/1/0/0/0,2729:1747647652118:,1747647654172
counter/1/0/0/0,2730:1747647652118:,1747647654172
counter/4/0/0/0,2581:1747647651921:,1747647654172
counter/1/0/0/0,2731:1747647652122:,1747647654172
counter/4/0/0/0,2582:1747647651921:,1747647654172
counter/4/0/0/0,2583:1747647651922:,1747647654172
counter/4/0/0/0,2584:1747647651922:,1747647654172
counter/4/0/0/0,2585:1747647651922:,1747647654172
counter/4/0/0/0,2586:1747647651922:,1747647654172
counter/4/0/0/0,2587:1747647651922:,1747647654172
counter/4/0/0/0,2588:1747647651922:,1747647654172
counter/4/0/0/0,2589:1747647651923:,1747647654172
counter/4/0/0/0,2590:1747647651923:,1747647654173
counter/4/0/0/0,2591:1747647651928:,1747647654173
counter/4/0/0/0,2592:1747647651928:,1747647654173
counter/9/0/0/0,2512:1747647651945:,1747647654173
counter/9/0/0/0,2513:1747647651945:,1747647654173
counter/9/0/0/0,2514:1747647651945:,1747647654173
counter/9/0/0/0,2515:1747647651945:,1747647654173
counter/9/0/0/0,2516:1747647651950:,1747647654173
counter/9/0/0/0,2517:1747647651950:,1747647654173
counter/9/0/0/0,2518:1747647651950:,1747647654173
counter/9/0/0/0,2519:1747647651950:,1747647654173
counter/7/0/0/0,2209:1747647651646:,1747647654173
counter/1/0/0/0,2732:1747647652122:,1747647654174
counter/8/0/0/0,2547:1747647651557:,1747647654174
counter/8/0/0/0,2548:1747647651557:,1747647654174
counter/8/0/0/0,2549:1747647651557:,1747647654174
counter/8/0/0/0,2550:1747647651560:,1747647654174
counter/8/0/0/0,2551:1747647651560:,1747647654174
counter/8/0/0/0,2552:1747647651560:,1747647654174
counter/8/0/0/0,2553:1747647651560:,1747647654175
counter/8/0/0/0,2554:1747647651560:,1747647654175
counter/8/0/0/0,2555:1747647651560:,1747647654175
counter/10/0/0/0,2240:1747647651899:,1747647654175
counter/10/0/0/0,2241:1747647651899:,1747647654175
counter/10/0/0/0,2242:1747647651899:,1747647654175
counter/10/0/0/0,2243:1747647651899:,1747647654175
counter/10/0/0/0,2244:1747647651899:,1747647654175
counter/10/0/0/0,2245:1747647651899:,1747647654175
counter/10/0/0/0,2246:1747647651899:,1747647654175
counter/9/0/0/0,2520:1747647651957:,1747647654175
counter/8/0/0/0,2556:1747647651560:,1747647654175
counter/7/0/0/0,2210:1747647651646:,1747647654176
counter/10/0/0/0,2247:1747647651899:,1747647654176
counter/10/0/0/0,2248:1747647651899:,1747647654176
counter/9/0/0/0,2521:1747647651957:,1747647654176
counter/8/0/0/0,2557:1747647651560:,1747647654176
counter/9/0/0/0,2522:1747647651957:,1747647654178
counter/9/0/0/0,2523:1747647651957:,1747647654178
counter/9/0/0/0,2524:1747647651957:,1747647654178
counter/9/0/0/0,2525:1747647651958:,1747647654178
counter/9/0/0/0,2526:1747647651958:,1747647654178
counter/9/0/0/0,2527:1747647651958:,1747647654178
counter/9/0/0/0,2528:1747647651958:,1747647654178
counter/9/0/0/0,2529:1747647651958:,1747647654178
counter/9/0/0/0,2530:1747647651958:,1747647654178
counter/9/0/0/0,2531:1747647651960:,1747647654178
counter/9/0/0/0,2532:1747647651960:,1747647654178
counter/10/0/0/0,2249:1747647651904:,1747647654179
counter/7/0/0/0,2211:1747647651646:,1747647654179
counter/9/0/0/0,2533:1747647651960:,1747647654179
counter/2/0/0/0,2091:1747647651428:,1747647654179
counter/2/0/0/0,2092:1747647651428:,1747647654179
counter/3/0/0/0,2590:1747647651804:,1747647654180
counter/9/0/0/0,2534:1747647651960:,1747647654181
counter/9/0/0/0,2535:1747647651960:,1747647654181
counter/9/0/0/0,2536:1747647651960:,1747647654181
counter/9/0/0/0,2537:1747647651960:,1747647654181
counter/9/0/0/0,2538:1747647651960:,1747647654182
counter/9/0/0/0,2539:1747647651960:,1747647654182
counter/8/0/0/0,2558:1747647651560:,1747647654182
counter/9/0/0/0,2540:1747647651960:,1747647654184
counter/7/0/0/0,2212:1747647651646:,1747647654184
counter/9/0/0/0,2541:1747647651960:,1747647654186
counter/5/0/0/0,2332:1747647651475:,1747647654186
counter/5/0/0/0,2333:1747647651475:,1747647654186
counter/5/0/0/0,2334:1747647651475:,1747647654186
counter/7/0/0/0,2213:1747647651648:,1747647654186
counter/3/0/0/0,2591:1747647651811:,1747647654186
counter/3/0/0/0,2592:1747647651813:,1747647654186
counter/3/0/0/0,2593:1747647651816:,1747647654186
counter/6/0/0/0,2344:1747647651841:,1747647654187
counter/9/0/0/0,2542:1747647651973:,1747647654187
counter/9/0/0/0,2543:1747647651974:,1747647654187
counter/9/0/0/0,2544:1747647651974:,1747647654187
counter/9/0/0/0,2545:1747647651974:,1747647654187
counter/9/0/0/0,2546:1747647651974:,1747647654187
counter/4/0/0/0,2593:1747647651928:,1747647654187
counter/5/0/0/0,2335:1747647651475:,1747647654189
counter/7/0/0/0,2214:1747647651648:,1747647654190
counter/7/0/0/0,2215:1747647651649:,1747647654190
counter/7/0/0/0,2216:1747647651649:,1747647654190
counter/7/0/0/0,2217:1747647651649:,1747647654190
counter/7/0/0/0,2218:1747647651649:,1747647654190
counter/3/0/0/0,2594:1747647651816:,1747647654191
counter/3/0/0/0,2595:1747647651816:,1747647654191
counter/5/0/0/0,2336:1747647651475:,1747647654191
counter/3/0/0/0,2596:1747647651816:,1747647654191
counter/10/0/0/0,2250:1747647651904:,1747647654193
counter/9/0/0/0,2547:1747647651974:,1747647654193
counter/9/0/0/0,2548:1747647651974:,1747647654193
counter/9/0/0/0,2549:1747647651974:,1747647654193
counter/9/0/0/0,2550:1747647651974:,1747647654193
counter/9/0/0/0,2551:1747647651976:,1747647654193
counter/9/0/0/0,2552:1747647651984:,1747647654193
counter/9/0/0/0,2553:1747647651985:,1747647654193
counter/3/0/0/0,2597:1747647651817:,1747647654193
counter/1/0/0/0,2733:1747647652124:,1747647654197
counter/1/0/0/0,2734:1747647652124:,1747647654197
counter/1/0/0/0,2735:1747647652124:,1747647654197
counter/1/0/0/0,2736:1747647652124:,1747647654197
counter/1/0/0/0,2737:1747647652124:,1747647654198
counter/1/0/0/0,2738:1747647652124:,1747647654198
counter/1/0/0/0,2739:1747647652124:,1747647654198
counter/4/0/0/0,2594:1747647651928:,1747647654198
counter/4/0/0/0,2595:1747647651928:,1747647654198
counter/4/0/0/0,2596:1747647651929:,1747647654198
counter/8/0/0/0,2559:1747647651560:,1747647654198
counter/3/0/0/0,2598:1747647651817:,1747647654198
counter/1/0/0/0,2740:1747647652124:,1747647654198
counter/3/0/0/0,2599:1747647651817:,1747647654198
counter/4/0/0/0,2597:1747647651929:,1747647654200
counter/1/0/0/0,2741:1747647652124:,1747647654201
counter/8/0/0/0,2560:1747647651560:,1747647654202
counter/3/0/0/0,2600:1747647651817:,1747647654202
counter/4/0/0/0,2598:1747647651929:,1747647654202
counter/4/0/0/0,2599:1747647651929:,1747647654202
counter/4/0/0/0,2600:1747647651929:,1747647654202
counter/8/0/0/0,2561:1747647651563:,1747647654203
counter/9/0/0/0,2554:1747647651989:,1747647654203
counter/9/0/0/0,2555:1747647651989:,1747647654203
counter/9/0/0/0,2556:1747647651989:,1747647654206
counter/9/0/0/0,2557:1747647651989:,1747647654207
counter/9/0/0/0,2558:1747647651989:,1747647654207
counter/9/0/0/0,2559:1747647651989:,1747647654207
counter/9/0/0/0,2560:1747647651989:,1747647654207
counter/9/0/0/0,2561:1747647651989:,1747647654207
counter/9/0/0/0,2562:1747647651989:,1747647654207
counter/9/0/0/0,2563:1747647651989:,1747647654207
counter/10/0/0/0,2251:1747647651904:,1747647654207
counter/1/0/0/0,2742:1747647652124:,1747647654207
counter/4/0/0/0,2601:1747647651929:,1747647654207
counter/1/0/0/0,2743:1747647652124:,1747647654207
counter/9/0/0/0,2564:1747647651989:,1747647654208
counter/7/0/0/0,2219:1747647651649:,1747647654208
counter/5/0/0/0,2337:1747647651475:,1747647654209
counter/5/0/0/0,2338:1747647651475:,1747647654209
counter/8/0/0/0,2562:1747647651563:,1747647654210
counter/3/0/0/0,2601:1747647651817:,1747647654210
counter/7/0/0/0,2220:1747647651649:,1747647654210
counter/9/0/0/0,2565:1747647651989:,1747647654212
counter/9/0/0/0,2566:1747647651989:,1747647654212
counter/9/0/0/0,2567:1747647651995:,1747647654212
counter/9/0/0/0,2568:1747647651995:,1747647654212
counter/9/0/0/0,2569:1747647651995:,1747647654212
counter/9/0/0/0,2570:1747647651995:,1747647654212
counter/9/0/0/0,2571:1747647651995:,1747647654212
counter/9/0/0/0,2572:1747647651995:,1747647654212
counter/7/0/0/0,2221:1747647651649:,1747647654212
counter/4/0/0/0,2602:1747647651929:,1747647654212
counter/7/0/0/0,2222:1747647651649:,1747647654212
counter/10/0/0/0,2252:1747647651904:,1747647654212
counter/1/0/0/0,2744:1747647652124:,1747647654212
counter/1/0/0/0,2745:1747647652124:,1747647654214
counter/1/0/0/0,2746:1747647652124:,1747647654215
counter/7/0/0/0,2223:1747647651649:,1747647654215
counter/1/0/0/0,2747:1747647652124:,1747647654215
counter/2/0/0/0,2093:1747647651428:,1747647654215
counter/2/0/0/0,2094:1747647651428:,1747647654215
counter/2/0/0/0,2095:1747647651428:,1747647654215
counter/2/0/0/0,2096:1747647651428:,1747647654215
counter/2/0/0/0,2097:1747647651428:,1747647654215
counter/2/0/0/0,2098:1747647651428:,1747647654215
counter/7/0/0/0,2224:1747647651649:,1747647654216
counter/7/0/0/0,2225:1747647651652:,1747647654216
counter/7/0/0/0,2226:1747647651652:,1747647654216
counter/8/0/0/0,2563:1747647651564:,1747647654216
counter/7/0/0/0,2227:1747647651652:,1747647654216
counter/7/0/0/0,2228:1747647651652:,1747647654216
counter/7/0/0/0,2229:1747647651653:,1747647654216
counter/7/0/0/0,2230:1747647651653:,1747647654217
counter/4/0/0/0,2603:1747647651929:,1747647654217
counter/4/0/0/0,2604:1747647651929:,1747647654217
counter/4/0/0/0,2605:1747647651929:,1747647654217
counter/4/0/0/0,2606:1747647651929:,1747647654217
counter/5/0/0/0,2339:1747647651475:,1747647654217
counter/9/0/0/0,2573:1747647651997:,1747647654217
counter/6/0/0/0,2345:1747647651841:,1747647654223
counter/8/0/0/0,2564:1747647651564:,1747647654223
counter/8/0/0/0,2565:1747647651564:,1747647654223
counter/10/0/0/0,2253:1747647651904:,1747647654224
counter/8/0/0/0,2566:1747647651564:,1747647654224
counter/8/0/0/0,2567:1747647651567:,1747647654224
counter/5/0/0/0,2340:1747647651475:,1747647654224
counter/9/0/0/0,2574:1747647651997:,1747647654225
counter/4/0/0/0,2607:1747647651929:,1747647654225
counter/9/0/0/0,2575:1747647651997:,1747647654226
counter/9/0/0/0,2576:1747647651997:,1747647654226
counter/9/0/0/0,2577:1747647651997:,1747647654226
counter/9/0/0/0,2578:1747647651997:,1747647654226
counter/7/0/0/0,2231:1747647651653:,1747647654226
counter/4/0/0/0,2608:1747647651929:,1747647654226
counter/7/0/0/0,2232:1747647651653:,1747647654226
counter/9/0/0/0,2579:1747647651997:,1747647654228
counter/9/0/0/0,2580:1747647651997:,1747647654228
counter/9/0/0/0,2581:1747647651997:,1747647654228
counter/9/0/0/0,2582:1747647651998:,1747647654228
counter/9/0/0/0,2583:1747647651998:,1747647654228
counter/9/0/0/0,2584:1747647651998:,1747647654228
counter/9/0/0/0,2585:1747647652004:,1747647654228
counter/7/0/0/0,2233:1747647651653:,1747647654231
counter/7/0/0/0,2234:1747647651662:,1747647654231
counter/7/0/0/0,2235:1747647651662:,1747647654231
counter/7/0/0/0,2236:1747647651662:,1747647654231
counter/7/0/0/0,2237:1747647651662:,1747647654231
counter/7/0/0/0,2238:1747647651662:,1747647654231
counter/7/0/0/0,2239:1747647651662:,1747647654231
counter/7/0/0/0,2240:1747647651662:,1747647654231
counter/7/0/0/0,2241:1747647651662:,1747647654231
counter/7/0/0/0,2242:1747647651662:,1747647654232
counter/7/0/0/0,2243:1747647651662:,1747647654232
counter/9/0/0/0,2586:1747647652004:,1747647654232
counter/2/0/0/0,2099:1747647651428:,1747647654234
counter/2/0/0/0,2100:1747647651428:,1747647654234
counter/4/0/0/0,2609:1747647651929:,1747647654234
counter/7/0/0/0,2244:1747647651666:,1747647654234
counter/8/0/0/0,2568:1747647651577:,1747647654235
counter/5/0/0/0,2341:1747647651475:,1747647654236
counter/7/0/0/0,2245:1747647651666:,1747647654237
counter/6/0/0/0,2346:1747647651841:,1747647654238
counter/1/0/0/0,2748:1747647652124:,1747647654239
counter/1/0/0/0,2749:1747647652124:,1747647654240
counter/1/0/0/0,2750:1747647652124:,1747647654240
counter/1/0/0/0,2751:1747647652124:,1747647654240
counter/1/0/0/0,2752:1747647652126:,1747647654240
counter/1/0/0/0,2753:1747647652126:,1747647654240
counter/4/0/0/0,2610:1747647651929:,1747647654240
counter/5/0/0/0,2342:1747647651475:,1747647654240
counter/5/0/0/0,2343:1747647651476:,1747647654240
counter/5/0/0/0,2344:1747647651477:,1747647654240
counter/5/0/0/0,2345:1747647651477:,1747647654240
counter/5/0/0/0,2346:1747647651477:,1747647654243
counter/5/0/0/0,2347:1747647651477:,1747647654243
counter/5/0/0/0,2348:1747647651477:,1747647654243
counter/9/0/0/0,2587:1747647652004:,1747647654244
counter/9/0/0/0,2588:1747647652004:,1747647654245
counter/2/0/0/0,2101:1747647651428:,1747647654247
counter/2/0/0/0,2102:1747647651429:,1747647654247
counter/2/0/0/0,2103:1747647651429:,1747647654247
counter/2/0/0/0,2104:1747647651429:,1747647654247
counter/2/0/0/0,2105:1747647651435:,1747647654248
counter/2/0/0/0,2106:1747647651435:,1747647654248
counter/5/0/0/0,2349:1747647651477:,1747647654248
counter/2/0/0/0,2107:1747647651435:,1747647654248
counter/5/0/0/0,2350:1747647651477:,1747647654248
counter/2/0/0/0,2108:1747647651435:,1747647654248
counter/5/0/0/0,2351:1747647651477:,1747647654248
counter/2/0/0/0,2109:1747647651435:,1747647654248
counter/6/0/0/0,2347:1747647651843:,1747647654249
counter/2/0/0/0,2110:1747647651435:,1747647654249
counter/2/0/0/0,2111:1747647651436:,1747647654249
counter/6/0/0/0,2348:1747647651847:,1747647654249
counter/6/0/0/0,2349:1747647651850:,1747647654249
counter/6/0/0/0,2350:1747647651850:,1747647654249
counter/10/0/0/0,2254:1747647651904:,1747647654249
counter/7/0/0/0,2246:1747647651666:,1747647654249
counter/7/0/0/0,2247:1747647651666:,1747647654249
counter/7/0/0/0,2248:1747647651666:,1747647654249
counter/5/0/0/0,2352:1747647651477:,1747647654249
counter/5/0/0/0,2353:1747647651477:,1747647654249
counter/5/0/0/0,2354:1747647651477:,1747647654249
counter/5/0/0/0,2355:1747647651477:,1747647654250
counter/5/0/0/0,2356:1747647651477:,1747647654250
counter/4/0/0/0,2611:1747647651929:,1747647654250
counter/9/0/0/0,2589:1747647652006:,1747647654250
counter/9/0/0/0,2590:1747647652006:,1747647654250
counter/9/0/0/0,2591:1747647652006:,1747647654250
counter/9/0/0/0,2592:1747647652006:,1747647654250
counter/9/0/0/0,2593:1747647652006:,1747647654250
counter/9/0/0/0,2594:1747647652006:,1747647654250
counter/7/0/0/0,2249:1747647651666:,1747647654252
counter/6/0/0/0,2351:1747647651850:,1747647654252
counter/8/0/0/0,2569:1747647651577:,1747647654254
counter/3/0/0/0,2602:1747647651817:,1747647654254
counter/3/0/0/0,2603:1747647651817:,1747647654254
counter/10/0/0/0,2255:1747647651904:,1747647654255
counter/9/0/0/0,2595:1747647652006:,1747647654255
counter/7/0/0/0,2250:1747647651666:,1747647654256
counter/7/0/0/0,2251:1747647651666:,1747647654256
counter/7/0/0/0,2252:1747647651666:,1747647654256
counter/7/0/0/0,2253:1747647651666:,1747647654257
counter/7/0/0/0,2254:1747647651666:,1747647654257
counter/7/0/0/0,2255:1747647651666:,1747647654257
counter/7/0/0/0,2256:1747647651667:,1747647654257
counter/4/0/0/0,2612:1747647651932:,1747647654257
counter/7/0/0/0,2257:1747647651667:,1747647654257
counter/2/0/0/0,2112:1747647651436:,1747647654257
counter/7/0/0/0,2258:1747647651668:,1747647654257
counter/7/0/0/0,2259:1747647651668:,1747647654257
counter/7/0/0/0,2260:1747647651668:,1747647654257
counter/10/0/0/0,2256:1747647651904:,1747647654257
counter/2/0/0/0,2113:1747647651436:,1747647654257
counter/2/0/0/0,2114:1747647651436:,1747647654258
counter/2/0/0/0,2115:1747647651436:,1747647654258
counter/2/0/0/0,2116:1747647651436:,1747647654258
counter/2/0/0/0,2117:1747647651436:,1747647654258
counter/7/0/0/0,2261:1747647651668:,1747647654259
counter/7/0/0/0,2262:1747647651668:,1747647654259
counter/9/0/0/0,2596:1747647652007:,1747647654261
counter/7/0/0/0,2263:1747647651668:,1747647654261
counter/7/0/0/0,2264:1747647651668:,1747647654262
counter/10/0/0/0,2257:1747647651922:,1747647654262
counter/6/0/0/0,2352:1747647651850:,1747647654262
counter/9/0/0/0,2597:1747647652007:,1747647654263
counter/4/0/0/0,2613:1747647651933:,1747647654263
counter/3/0/0/0,2604:1747647651817:,1747647654263
counter/3/0/0/0,2605:1747647651817:,1747647654264
counter/4/0/0/0,2614:1747647651933:,1747647654264
counter/4/0/0/0,2615:1747647651933:,1747647654264
counter/4/0/0/0,2616:1747647651933:,1747647654264
counter/4/0/0/0,2617:1747647651934:,1747647654264
counter/4/0/0/0,2618:1747647651934:,1747647654264
counter/4/0/0/0,2619:1747647651939:,1747647654264
counter/4/0/0/0,2620:1747647651939:,1747647654264
counter/4/0/0/0,2621:1747647651939:,1747647654264
counter/4/0/0/0,2622:1747647651939:,1747647654264
counter/4/0/0/0,2623:1747647651939:,1747647654264
counter/2/0/0/0,2118:1747647651441:,1747647654264
counter/2/0/0/0,2119:1747647651441:,1747647654264
counter/2/0/0/0,2120:1747647651441:,1747647654264
counter/2/0/0/0,2121:1747647651441:,1747647654265
counter/2/0/0/0,2122:1747647651441:,1747647654265
counter/2/0/0/0,2123:1747647651441:,1747647654265
counter/2/0/0/0,2124:1747647651441:,1747647654265
counter/7/0/0/0,2265:1747647651686:,1747647654265
counter/8/0/0/0,2570:1747647651577:,1747647654265
counter/3/0/0/0,2606:1747647651817:,1747647654266
counter/9/0/0/0,2598:1747647652007:,1747647654268
counter/1/0/0/0,2754:1747647652126:,1747647654268
counter/9/0/0/0,2599:1747647652007:,1747647654268
counter/10/0/0/0,2258:1747647651922:,1747647654269
counter/3/0/0/0,2607:1747647651817:,1747647654269
counter/1/0/0/0,2755:1747647652126:,1747647654270
counter/5/0/0/0,2357:1747647651477:,1747647654270
counter/9/0/0/0,2600:1747647652007:,1747647654270
counter/9/0/0/0,2601:1747647652007:,1747647654270
counter/9/0/0/0,2602:1747647652007:,1747647654270
counter/10/0/0/0,2259:1747647651922:,1747647654271
counter/10/0/0/0,2260:1747647651922:,1747647654271
counter/4/0/0/0,2624:1747647651939:,1747647654271
counter/4/0/0/0,2625:1747647651939:,1747647654271
counter/4/0/0/0,2626:1747647651939:,1747647654272
counter/4/0/0/0,2627:1747647651939:,1747647654272
counter/4/0/0/0,2628:1747647651943:,1747647654272
counter/3/0/0/0,2608:1747647651817:,1747647654272
counter/5/0/0/0,2358:1747647651477:,1747647654272
counter/1/0/0/0,2756:1747647652126:,1747647654272
counter/8/0/0/0,2571:1747647651577:,1747647654272
counter/3/0/0/0,2609:1747647651817:,1747647654273
counter/5/0/0/0,2359:1747647651477:,1747647654273
counter/5/0/0/0,2360:1747647651477:,1747647654273
counter/5/0/0/0,2361:1747647651477:,1747647654273
counter/5/0/0/0,2362:1747647651477:,1747647654273
counter/5/0/0/0,2363:1747647651478:,1747647654273
counter/5/0/0/0,2364:1747647651489:,1747647654273
counter/2/0/0/0,2125:1747647651446:,1747647654273
counter/2/0/0/0,2126:1747647651446:,1747647654274
counter/5/0/0/0,2365:1747647651489:,1747647654274
counter/4/0/0/0,2629:1747647651943:,1747647654275
counter/7/0/0/0,2266:1747647651686:,1747647654275
counter/9/0/0/0,2603:1747647652007:,1747647654275
counter/9/0/0/0,2604:1747647652007:,1747647654275
counter/9/0/0/0,2605:1747647652007:,1747647654275
counter/9/0/0/0,2606:1747647652007:,1747647654275
counter/9/0/0/0,2607:1747647652007:,1747647654275
counter/9/0/0/0,2608:1747647652007:,1747647654275
counter/9/0/0/0,2609:1747647652016:,1747647654276
counter/9/0/0/0,2610:1747647652017:,1747647654276
counter/10/0/0/0,2261:1747647651922:,1747647654276
counter/10/0/0/0,2262:1747647651922:,1747647654276
counter/10/0/0/0,2263:1747647651922:,1747647654277
counter/10/0/0/0,2264:1747647651922:,1747647654277
counter/10/0/0/0,2265:1747647651922:,1747647654277
counter/10/0/0/0,2266:1747647651922:,1747647654277
counter/10/0/0/0,2267:1747647651922:,1747647654277
counter/10/0/0/0,2268:1747647651922:,1747647654277
counter/10/0/0/0,2269:1747647651922:,1747647654277
counter/10/0/0/0,2270:1747647651922:,1747647654277
counter/10/0/0/0,2271:1747647651922:,1747647654277
counter/3/0/0/0,2610:1747647651817:,1747647654278
counter/4/0/0/0,2630:1747647651943:,1747647654278
counter/6/0/0/0,2353:1747647651851:,1747647654278
counter/6/0/0/0,2354:1747647651851:,1747647654278
counter/6/0/0/0,2355:1747647651851:,1747647654278
counter/6/0/0/0,2356:1747647651851:,1747647654278
counter/6/0/0/0,2357:1747647651851:,1747647654278
counter/6/0/0/0,2358:1747647651851:,1747647654278
counter/6/0/0/0,2359:1747647651851:,1747647654278
counter/6/0/0/0,2360:1747647651854:,1747647654278
counter/6/0/0/0,2361:1747647651854:,1747647654279
counter/4/0/0/0,2631:1747647651943:,1747647654279
counter/8/0/0/0,2572:1747647651577:,1747647654279
counter/1/0/0/0,2757:1747647652126:,1747647654279
counter/6/0/0/0,2362:1747647651854:,1747647654279
counter/6/0/0/0,2363:1747647651854:,1747647654279
counter/6/0/0/0,2364:1747647651854:,1747647654279
counter/6/0/0/0,2365:1747647651859:,1747647654279
counter/6/0/0/0,2366:1747647651859:,1747647654279
counter/6/0/0/0,2367:1747647651859:,1747647654279
counter/6/0/0/0,2368:1747647651859:,1747647654279
counter/6/0/0/0,2369:1747647651859:,1747647654280
counter/10/0/0/0,2272:1747647651924:,1747647654280
counter/8/0/0/0,2573:1747647651577:,1747647654280
counter/5/0/0/0,2366:1747647651489:,1747647654280
counter/5/0/0/0,2367:1747647651489:,1747647654280
counter/9/0/0/0,2611:1747647652017:,1747647654280
counter/9/0/0/0,2612:1747647652017:,1747647654281
counter/9/0/0/0,2613:1747647652017:,1747647654281
counter/9/0/0/0,2614:1747647652017:,1747647654281
counter/9/0/0/0,2615:1747647652017:,1747647654281
counter/9/0/0/0,2616:1747647652017:,1747647654281
counter/9/0/0/0,2617:1747647652017:,1747647654281
counter/9/0/0/0,2618:1747647652017:,1747647654281
counter/9/0/0/0,2619:1747647652017:,1747647654281
counter/9/0/0/0,2620:1747647652017:,1747647654281
counter/9/0/0/0,2621:1747647652017:,1747647654281
counter/9/0/0/0,2622:1747647652017:,1747647654281
counter/9/0/0/0,2623:1747647652017:,1747647654281
counter/9/0/0/0,2624:1747647652022:,1747647654281
counter/9/0/0/0,2625:1747647652022:,1747647654281
counter/9/0/0/0,2626:1747647652022:,1747647654281
counter/9/0/0/0,2627:1747647652022:,1747647654281
counter/5/0/0/0,2368:1747647651489:,1747647654281
counter/10/0/0/0,2273:1747647651924:,1747647654282
counter/10/0/0/0,2274:1747647651924:,1747647654282
counter/3/0/0/0,2611:1747647651817:,1747647654282
counter/3/0/0/0,2612:1747647651817:,1747647654282
counter/3/0/0/0,2613:1747647651817:,1747647654282
counter/3/0/0/0,2614:1747647651817:,1747647654282
counter/9/0/0/0,2628:1747647652022:,1747647654282
counter/7/0/0/0,2267:1747647651686:,1747647654282
counter/3/0/0/0,2615:1747647651817:,1747647654282
counter/3/0/0/0,2616:1747647651817:,1747647654283
counter/3/0/0/0,2617:1747647651817:,1747647654283
counter/3/0/0/0,2618:1747647651818:,1747647654283
counter/9/0/0/0,2629:1747647652022:,1747647654283
counter/5/0/0/0,2369:1747647651489:,1747647654283
counter/5/0/0/0,2370:1747647651489:,1747647654283
counter/1/0/0/0,2758:1747647652126:,1747647654283
counter/3/0/0/0,2619:1747647651818:,1747647654284
counter/9/0/0/0,2630:1747647652022:,1747647654285
counter/4/0/0/0,2632:1747647651943:,1747647654285
counter/4/0/0/0,2633:1747647651944:,1747647654285
counter/4/0/0/0,2634:1747647651954:,1747647654285
counter/9/0/0/0,2631:1747647652022:,1747647654288
counter/9/0/0/0,2632:1747647652022:,1747647654288
counter/9/0/0/0,2633:1747647652022:,1747647654288
counter/9/0/0/0,2634:1747647652022:,1747647654288
counter/3/0/0/0,2620:1747647651818:,1747647654289
counter/4/0/0/0,2635:1747647651955:,1747647654289
counter/2/0/0/0,2127:1747647651446:,1747647654290
counter/1/0/0/0,2759:1747647652126:,1747647654290
counter/2/0/0/0,2128:1747647651446:,1747647654290
counter/5/0/0/0,2371:1747647651489:,1747647654290
counter/1/0/0/0,2760:1747647652126:,1747647654290
counter/7/0/0/0,2268:1747647651686:,1747647654290
counter/1/0/0/0,2761:1747647652126:,1747647654290
counter/7/0/0/0,2269:1747647651687:,1747647654290
counter/4/0/0/0,2636:1747647651955:,1747647654291
counter/4/0/0/0,2637:1747647651959:,1747647654291
counter/4/0/0/0,2638:1747647651959:,1747647654291
counter/4/0/0/0,2639:1747647651959:,1747647654291
counter/6/0/0/0,2370:1747647651859:,1747647654292
counter/4/0/0/0,2640:1747647651959:,1747647654292
counter/4/0/0/0,2641:1747647651959:,1747647654292
counter/4/0/0/0,2642:1747647651959:,1747647654292
counter/9/0/0/0,2635:1747647652022:,1747647654293
counter/1/0/0/0,2762:1747647652126:,1747647654293
counter/1/0/0/0,2763:1747647652126:,1747647654293
counter/6/0/0/0,2371:1747647651859:,1747647654293
counter/6/0/0/0,2372:1747647651859:,1747647654293
counter/6/0/0/0,2373:1747647651859:,1747647654293
counter/6/0/0/0,2374:1747647651859:,1747647654294
counter/4/0/0/0,2643:1747647651959:,1747647654294
counter/9/0/0/0,2636:1747647652022:,1747647654294
counter/9/0/0/0,2637:1747647652024:,1747647654294
counter/9/0/0/0,2638:1747647652024:,1747647654294
counter/9/0/0/0,2639:1747647652024:,1747647654295
counter/9/0/0/0,2640:1747647652024:,1747647654295
counter/9/0/0/0,2641:1747647652024:,1747647654295
counter/9/0/0/0,2642:1747647652024:,1747647654295
counter/9/0/0/0,2643:1747647652024:,1747647654295
counter/9/0/0/0,2644:1747647652024:,1747647654295
counter/3/0/0/0,2621:1747647651818:,1747647654295
counter/9/0/0/0,2645:1747647652024:,1747647654295
counter/3/0/0/0,2622:1747647651818:,1747647654295
counter/9/0/0/0,2646:1747647652024:,1747647654295
counter/3/0/0/0,2623:1747647651818:,1747647654295
counter/3/0/0/0,2624:1747647651818:,1747647654296
counter/3/0/0/0,2625:1747647651818:,1747647654296
counter/3/0/0/0,2626:1747647651818:,1747647654296
counter/3/0/0/0,2627:1747647651818:,1747647654296
counter/3/0/0/0,2628:1747647651818:,1747647654296
counter/3/0/0/0,2629:1747647651818:,1747647654296
counter/3/0/0/0,2630:1747647651818:,1747647654296
counter/3/0/0/0,2631:1747647651818:,1747647654296
counter/3/0/0/0,2632:1747647651818:,1747647654296
counter/3/0/0/0,2633:1747647651818:,1747647654296
counter/3/0/0/0,2634:1747647651820:,1747647654296
counter/4/0/0/0,2644:1747647651959:,1747647654297
counter/4/0/0/0,2645:1747647651959:,1747647654297
counter/4/0/0/0,2646:1747647651959:,1747647654297
counter/4/0/0/0,2647:1747647651959:,1747647654297
counter/4/0/0/0,2648:1747647651959:,1747647654297
counter/2/0/0/0,2129:1747647651446:,1747647654297
counter/2/0/0/0,2130:1747647651446:,1747647654297
counter/2/0/0/0,2131:1747647651446:,1747647654297
counter/2/0/0/0,2132:1747647651446:,1747647654297
counter/9/0/0/0,2647:1747647652024:,1747647654297
counter/9/0/0/0,2648:1747647652024:,1747647654298
counter/9/0/0/0,2649:1747647652024:,1747647654298
counter/8/0/0/0,2574:1747647651577:,1747647654298
counter/7/0/0/0,2270:1747647651687:,1747647654298
counter/3/0/0/0,2635:1747647651820:,1747647654298
counter/3/0/0/0,2636:1747647651820:,1747647654298
counter/3/0/0/0,2637:1747647651820:,1747647654298
counter/3/0/0/0,2638:1747647651820:,1747647654298
counter/5/0/0/0,2372:1747647651489:,1747647654298
counter/10/0/0/0,2275:1747647651924:,1747647654298
counter/8/0/0/0,2575:1747647651577:,1747647654299
counter/4/0/0/0,2649:1747647651960:,1747647654299
counter/7/0/0/0,2271:1747647651687:,1747647654299
counter/3/0/0/0,2639:1747647651820:,1747647654299
counter/3/0/0/0,2640:1747647651821:,1747647654300
counter/3/0/0/0,2641:1747647651821:,1747647654300
counter/3/0/0/0,2642:1747647651821:,1747647654300
counter/5/0/0/0,2373:1747647651489:,1747647654300
counter/7/0/0/0,2272:1747647651687:,1747647654300
counter/7/0/0/0,2273:1747647651687:,1747647654300
counter/7/0/0/0,2274:1747647651713:,1747647654300
counter/7/0/0/0,2275:1747647651713:,1747647654300
counter/3/0/0/0,2643:1747647651821:,1747647654301
counter/4/0/0/0,2650:1747647651960:,1747647654301
counter/3/0/0/0,2644:1747647651821:,1747647654302
counter/3/0/0/0,2645:1747647651833:,1747647654302
counter/3/0/0/0,2646:1747647651837:,1747647654302
counter/5/0/0/0,2374:1747647651489:,1747647654302
counter/5/0/0/0,2375:1747647651489:,1747647654302
counter/5/0/0/0,2376:1747647651489:,1747647654302
counter/2/0/0/0,2133:1747647651446:,1747647654302
counter/4/0/0/0,2651:1747647651960:,1747647654306
counter/7/0/0/0,2276:1747647651713:,1747647654306
counter/9/0/0/0,2650:1747647652024:,1747647654308
counter/9/0/0/0,2651:1747647652024:,1747647654308
counter/9/0/0/0,2652:1747647652024:,1747647654308
counter/9/0/0/0,2653:1747647652024:,1747647654308
counter/9/0/0/0,2654:1747647652024:,1747647654308
counter/5/0/0/0,2377:1747647651489:,1747647654310
counter/2/0/0/0,2134:1747647651446:,1747647654310
counter/2/0/0/0,2135:1747647651446:,1747647654310
counter/2/0/0/0,2136:1747647651446:,1747647654310
counter/2/0/0/0,2137:1747647651446:,1747647654311
counter/6/0/0/0,2375:1747647651859:,1747647654311
counter/6/0/0/0,2376:1747647651860:,1747647654311
counter/9/0/0/0,2655:1747647652024:,1747647654311
counter/7/0/0/0,2277:1747647651713:,1747647654312
counter/5/0/0/0,2378:1747647651489:,1747647654313
counter/1/0/0/0,2764:1747647652126:,1747647654314
counter/8/0/0/0,2576:1747647651577:,1747647654314
counter/8/0/0/0,2577:1747647651578:,1747647654314
counter/8/0/0/0,2578:1747647651578:,1747647654314
counter/8/0/0/0,2579:1747647651578:,1747647654314
counter/8/0/0/0,2580:1747647651578:,1747647654314
counter/5/0/0/0,2379:1747647651489:,1747647654314
counter/4/0/0/0,2652:1747647651960:,1747647654315
counter/4/0/0/0,2653:1747647651961:,1747647654315
counter/4/0/0/0,2654:1747647651961:,1747647654315
counter/4/0/0/0,2655:1747647651961:,1747647654315
counter/4/0/0/0,2656:1747647651961:,1747647654315
counter/4/0/0/0,2657:1747647651961:,1747647654315
counter/3/0/0/0,2647:1747647651837:,1747647654315
counter/3/0/0/0,2648:1747647651837:,1747647654315
counter/3/0/0/0,2649:1747647651837:,1747647654315
counter/3/0/0/0,2650:1747647651837:,1747647654315
counter/3/0/0/0,2651:1747647651837:,1747647654315
counter/3/0/0/0,2652:1747647651837:,1747647654315
counter/3/0/0/0,2653:1747647651837:,1747647654315
counter/3/0/0/0,2654:1747647651837:,1747647654315
counter/2/0/0/0,2138:1747647651447:,1747647654315
counter/8/0/0/0,2581:1747647651578:,1747647654315
counter/8/0/0/0,2582:1747647651578:,1747647654316
counter/8/0/0/0,2583:1747647651578:,1747647654316
counter/8/0/0/0,2584:1747647651578:,1747647654316
counter/8/0/0/0,2585:1747647651579:,1747647654316
counter/8/0/0/0,2586:1747647651579:,1747647654316
counter/8/0/0/0,2587:1747647651579:,1747647654316
counter/8/0/0/0,2588:1747647651579:,1747647654316
counter/8/0/0/0,2589:1747647651579:,1747647654316
counter/4/0/0/0,2658:1747647651961:,1747647654316
counter/8/0/0/0,2590:1747647651579:,1747647654316
counter/9/0/0/0,2656:1747647652024:,1747647654316
counter/7/0/0/0,2278:1747647651713:,1747647654316
counter/9/0/0/0,2657:1747647652030:,1747647654316
counter/3/0/0/0,2655:1747647651837:,1747647654316
counter/5/0/0/0,2380:1747647651489:,1747647654317
counter/6/0/0/0,2377:1747647651860:,1747647654317
counter/6/0/0/0,2378:1747647651860:,1747647654317
counter/6/0/0/0,2379:1747647651860:,1747647654317
counter/6/0/0/0,2380:1747647651860:,1747647654317
counter/6/0/0/0,2381:1747647651860:,1747647654317
counter/6/0/0/0,2382:1747647651865:,1747647654317
counter/6/0/0/0,2383:1747647651865:,1747647654317
counter/6/0/0/0,2384:1747647651865:,1747647654317
counter/6/0/0/0,2385:1747647651865:,1747647654317
counter/6/0/0/0,2386:1747647651865:,1747647654317
counter/3/0/0/0,2656:1747647651837:,1747647654318
counter/8/0/0/0,2591:1747647651579:,1747647654319
counter/8/0/0/0,2592:1747647651579:,1747647654319
counter/8/0/0/0,2593:1747647651579:,1747647654319
counter/8/0/0/0,2594:1747647651579:,1747647654319
counter/8/0/0/0,2595:1747647651579:,1747647654319
counter/3/0/0/0,2657:1747647651837:,1747647654319
counter/8/0/0/0,2596:1747647651580:,1747647654319
counter/6/0/0/0,2387:1747647651865:,1747647654319
counter/1/0/0/0,2765:1747647652126:,1747647654320
counter/5/0/0/0,2381:1747647651502:,1747647654320
counter/5/0/0/0,2382:1747647651502:,1747647654320
counter/5/0/0/0,2383:1747647651502:,1747647654320
counter/5/0/0/0,2384:1747647651502:,1747647654320
counter/5/0/0/0,2385:1747647651502:,1747647654320
counter/5/0/0/0,2386:1747647651502:,1747647654320
counter/5/0/0/0,2387:1747647651502:,1747647654320
counter/8/0/0/0,2597:1747647651582:,1747647654320
counter/6/0/0/0,2388:1747647651865:,1747647654321
counter/4/0/0/0,2659:1747647651961:,1747647654321
counter/4/0/0/0,2660:1747647651961:,1747647654322
counter/4/0/0/0,2661:1747647651965:,1747647654322
counter/4/0/0/0,2662:1747647651965:,1747647654322
counter/4/0/0/0,2663:1747647651965:,1747647654322
counter/4/0/0/0,2664:1747647651965:,1747647654322
counter/4/0/0/0,2665:1747647651969:,1747647654322
counter/4/0/0/0,2666:1747647651969:,1747647654322
counter/4/0/0/0,2667:1747647651969:,1747647654322
counter/4/0/0/0,2668:1747647651969:,1747647654322
counter/4/0/0/0,2669:1747647651970:,1747647654322
counter/6/0/0/0,2389:1747647651865:,1747647654323
counter/2/0/0/0,2139:1747647651447:,1747647654323
counter/3/0/0/0,2658:1747647651838:,1747647654324
counter/9/0/0/0,2658:1747647652030:,1747647654325
counter/7/0/0/0,2279:1747647651713:,1747647654325
counter/8/0/0/0,2598:1747647651582:,1747647654325
counter/7/0/0/0,2280:1747647651713:,1747647654325
counter/7/0/0/0,2281:1747647651713:,1747647654325
counter/3/0/0/0,2659:1747647651838:,1747647654326
counter/2/0/0/0,2140:1747647651447:,1747647654326
counter/2/0/0/0,2141:1747647651447:,1747647654326
counter/10/0/0/0,2276:1747647651924:,1747647654326
counter/5/0/0/0,2388:1747647651502:,1747647654326
counter/1/0/0/0,2766:1747647652126:,1747647654326
counter/4/0/0/0,2670:1747647651970:,1747647654327
counter/8/0/0/0,2599:1747647651582:,1747647654327
counter/6/0/0/0,2390:1747647651865:,1747647654328
counter/2/0/0/0,2142:1747647651447:,1747647654328
counter/8/0/0/0,2600:1747647651582:,1747647654329
counter/1/0/0/0,2767:1747647652126:,1747647654329
counter/3/0/0/0,2660:1747647651838:,1747647654331
counter/5/0/0/0,2389:1747647651502:,1747647654331
counter/3/0/0/0,2661:1747647651838:,1747647654331
counter/3/0/0/0,2662:1747647651838:,1747647654331
counter/3/0/0/0,2663:1747647651852:,1747647654331
counter/3/0/0/0,2664:1747647651857:,1747647654331
counter/3/0/0/0,2665:1747647651857:,1747647654331
counter/3/0/0/0,2666:1747647651857:,1747647654331
counter/3/0/0/0,2667:1747647651857:,1747647654331
counter/3/0/0/0,2668:1747647651857:,1747647654331
counter/3/0/0/0,2669:1747647651860:,1747647654331
counter/4/0/0/0,2671:1747647651970:,1747647654332
counter/4/0/0/0,2672:1747647651970:,1747647654332
counter/4/0/0/0,2673:1747647651970:,1747647654332
counter/4/0/0/0,2674:1747647651970:,1747647654332
counter/4/0/0/0,2675:1747647651970:,1747647654332
counter/4/0/0/0,2676:1747647651970:,1747647654332
counter/4/0/0/0,2677:1747647651970:,1747647654332
counter/4/0/0/0,2678:1747647651970:,1747647654332
counter/4/0/0/0,2679:1747647651970:,1747647654332
counter/4/0/0/0,2680:1747647651970:,1747647654333
counter/3/0/0/0,2670:1747647651860:,1747647654334
counter/10/0/0/0,2277:1747647651924:,1747647654334
counter/10/0/0/0,2278:1747647651924:,1747647654334
counter/10/0/0/0,2279:1747647651924:,1747647654334
counter/4/0/0/0,2681:1747647651970:,1747647654335
counter/4/0/0/0,2682:1747647651970:,1747647654335
counter/9/0/0/0,2659:1747647652030:,1747647654335
counter/9/0/0/0,2660:1747647652030:,1747647654335
counter/9/0/0/0,2661:1747647652030:,1747647654335
counter/9/0/0/0,2662:1747647652030:,1747647654335
counter/9/0/0/0,2663:1747647652030:,1747647654335
counter/9/0/0/0,2664:1747647652030:,1747647654335
counter/9/0/0/0,2665:1747647652030:,1747647654335
counter/9/0/0/0,2666:1747647652030:,1747647654335
counter/9/0/0/0,2667:1747647652030:,1747647654335
counter/9/0/0/0,2668:1747647652030:,1747647654335
counter/5/0/0/0,2390:1747647651502:,1747647654335
counter/4/0/0/0,2683:1747647651970:,1747647654335
counter/4/0/0/0,2684:1747647651970:,1747647654336
counter/8/0/0/0,2601:1747647651582:,1747647654336
counter/6/0/0/0,2391:1747647651865:,1747647654336
counter/7/0/0/0,2282:1747647651713:,1747647654336
counter/3/0/0/0,2671:1747647651860:,1747647654337
counter/3/0/0/0,2672:1747647651860:,1747647654337
counter/3/0/0/0,2673:1747647651860:,1747647654337
counter/2/0/0/0,2143:1747647651447:,1747647654337
counter/10/0/0/0,2280:1747647651924:,1747647654338
counter/4/0/0/0,2685:1747647651970:,1747647654340
counter/8/0/0/0,2602:1747647651583:,1747647654341
counter/8/0/0/0,2603:1747647651583:,1747647654341
counter/8/0/0/0,2604:1747647651583:,1747647654341
counter/8/0/0/0,2605:1747647651583:,1747647654341
counter/10/0/0/0,2281:1747647651924:,1747647654342
counter/3/0/0/0,2674:1747647651860:,1747647654342
counter/5/0/0/0,2391:1747647651502:,1747647654342
counter/5/0/0/0,2392:1747647651502:,1747647654342
counter/4/0/0/0,2686:1747647651970:,1747647654343
counter/10/0/0/0,2282:1747647651926:,1747647654344
counter/2/0/0/0,2144:1747647651447:,1747647654344
counter/9/0/0/0,2669:1747647652030:,1747647654344
counter/9/0/0/0,2670:1747647652030:,1747647654344
counter/9/0/0/0,2671:1747647652030:,1747647654344
counter/8/0/0/0,2606:1747647651583:,1747647654344
counter/9/0/0/0,2672:1747647652031:,1747647654345
counter/8/0/0/0,2607:1747647651583:,1747647654345
counter/9/0/0/0,2673:1747647652031:,1747647654345
counter/9/0/0/0,2674:1747647652031:,1747647654346
counter/9/0/0/0,2675:1747647652031:,1747647654346
counter/9/0/0/0,2676:1747647652031:,1747647654346
counter/9/0/0/0,2677:1747647652031:,1747647654346
counter/9/0/0/0,2678:1747647652031:,1747647654346
counter/9/0/0/0,2679:1747647652031:,1747647654346
counter/7/0/0/0,2283:1747647651713:,1747647654346
counter/9/0/0/0,2680:1747647652031:,1747647654346
counter/6/0/0/0,2392:1747647651865:,1747647654346
counter/7/0/0/0,2284:1747647651713:,1747647654347
counter/3/0/0/0,2675:1747647651860:,1747647654350
counter/7/0/0/0,2285:1747647651713:,1747647654350
counter/5/0/0/0,2393:1747647651502:,1747647654350
counter/6/0/0/0,2393:1747647651865:,1747647654350
counter/8/0/0/0,2608:1747647651583:,1747647654352
counter/8/0/0/0,2609:1747647651583:,1747647654352
counter/8/0/0/0,2610:1747647651583:,1747647654352
counter/8/0/0/0,2611:1747647651586:,1747647654352
counter/8/0/0/0,2612:1747647651586:,1747647654352
counter/8/0/0/0,2613:1747647651586:,1747647654352
counter/8/0/0/0,2614:1747647651586:,1747647654352
counter/8/0/0/0,2615:1747647651586:,1747647654352
counter/8/0/0/0,2616:1747647651587:,1747647654352
counter/8/0/0/0,2617:1747647651587:,1747647654352
counter/8/0/0/0,2618:1747647651587:,1747647654352
counter/2/0/0/0,2145:1747647651447:,1747647654352
counter/6/0/0/0,2394:1747647651866:,1747647654352
counter/8/0/0/0,2619:1747647651587:,1747647654353
counter/8/0/0/0,2620:1747647651587:,1747647654353
counter/6/0/0/0,2395:1747647651866:,1747647654353
counter/8/0/0/0,2621:1747647651591:,1747647654353
counter/8/0/0/0,2622:1747647651594:,1747647654353
counter/8/0/0/0,2623:1747647651601:,1747647654353
counter/8/0/0/0,2624:1747647651601:,1747647654353
counter/8/0/0/0,2625:1747647651601:,1747647654353
counter/4/0/0/0,2687:1747647651970:,1747647654353
counter/3/0/0/0,2676:1747647651860:,1747647654353
counter/2/0/0/0,2146:1747647651448:,1747647654353
counter/3/0/0/0,2677:1747647651861:,1747647654353
counter/3/0/0/0,2678:1747647651861:,1747647654353
counter/3/0/0/0,2679:1747647651861:,1747647654353
counter/9/0/0/0,2681:1747647652031:,1747647654354
counter/9/0/0/0,2682:1747647652031:,1747647654354
counter/8/0/0/0,2626:1747647651601:,1747647654354
counter/8/0/0/0,2627:1747647651601:,1747647654354
counter/8/0/0/0,2628:1747647651601:,1747647654354
counter/8/0/0/0,2629:1747647651601:,1747647654354
counter/8/0/0/0,2630:1747647651601:,1747647654354
counter/8/0/0/0,2631:1747647651601:,1747647654354
counter/9/0/0/0,2683:1747647652031:,1747647654355
counter/5/0/0/0,2394:1747647651503:,1747647654355
counter/5/0/0/0,2395:1747647651503:,1747647654355
counter/5/0/0/0,2396:1747647651503:,1747647654355
counter/5/0/0/0,2397:1747647651503:,1747647654355
counter/5/0/0/0,2398:1747647651503:,1747647654355
counter/5/0/0/0,2399:1747647651503:,1747647654355
counter/5/0/0/0,2400:1747647651503:,1747647654355
counter/1/0/0/0,2768:1747647652126:,1747647654355
counter/1/0/0/0,2769:1747647652126:,1747647654355
counter/1/0/0/0,2770:1747647652128:,1747647654355
counter/7/0/0/0,2286:1747647651714:,1747647654356
counter/7/0/0/0,2287:1747647651714:,1747647654356
counter/7/0/0/0,2288:1747647651717:,1747647654356
counter/9/0/0/0,2684:1747647652031:,1747647654356
counter/2/0/0/0,2147:1747647651448:,1747647654356
counter/4/0/0/0,2688:1747647651970:,1747647654357
counter/8/0/0/0,2632:1747647651601:,1747647654357
counter/1/0/0/0,2771:1747647652128:,1747647654359
counter/9/0/0/0,2685:1747647652031:,1747647654359
counter/3/0/0/0,2680:1747647651861:,1747647654359
counter/3/0/0/0,2681:1747647651861:,1747647654359
counter/7/0/0/0,2289:1747647651717:,1747647654359
counter/3/0/0/0,2682:1747647651861:,1747647654360
counter/8/0/0/0,2633:1747647651601:,1747647654360
counter/8/0/0/0,2634:1747647651601:,1747647654360
counter/8/0/0/0,2635:1747647651601:,1747647654360
counter/8/0/0/0,2636:1747647651601:,1747647654360
counter/8/0/0/0,2637:1747647651601:,1747647654360
counter/8/0/0/0,2638:1747647651601:,1747647654360
counter/8/0/0/0,2639:1747647651607:,1747647654360
counter/8/0/0/0,2640:1747647651607:,1747647654360
counter/5/0/0/0,2401:1747647651503:,1747647654360
counter/1/0/0/0,2772:1747647652136:,1747647654360
counter/1/0/0/0,2773:1747647652138:,1747647654360
counter/9/0/0/0,2686:1747647652031:,1747647654360
counter/1/0/0/0,2774:1747647652138:,1747647654360
counter/8/0/0/0,2641:1747647651607:,1747647654360
counter/1/0/0/0,2775:1747647652139:,1747647654360
counter/8/0/0/0,2642:1747647651607:,1747647654360
counter/1/0/0/0,2776:1747647652139:,1747647654360
counter/8/0/0/0,2643:1747647651610:,1747647654360
counter/4/0/0/0,2689:1747647651970:,1747647654361
counter/9/0/0/0,2687:1747647652031:,1747647654361
counter/9/0/0/0,2688:1747647652031:,1747647654361
counter/9/0/0/0,2689:1747647652031:,1747647654361
counter/5/0/0/0,2402:1747647651503:,1747647654361
counter/9/0/0/0,2690:1747647652032:,1747647654361
counter/5/0/0/0,2403:1747647651503:,1747647654361
counter/9/0/0/0,2691:1747647652033:,1747647654361
counter/9/0/0/0,2692:1747647652033:,1747647654361
counter/4/0/0/0,2690:1747647651971:,1747647654361
counter/4/0/0/0,2691:1747647651974:,1747647654362
counter/4/0/0/0,2692:1747647651979:,1747647654362
counter/3/0/0/0,2683:1747647651861:,1747647654363
counter/3/0/0/0,2684:1747647651861:,1747647654363
counter/1/0/0/0,2777:1747647652139:,1747647654363
counter/1/0/0/0,2778:1747647652139:,1747647654363
counter/8/0/0/0,2644:1747647651610:,1747647654364
counter/3/0/0/0,2685:1747647651861:,1747647654364
counter/1/0/0/0,2779:1747647652139:,1747647654364
counter/9/0/0/0,2693:1747647652033:,1747647654364
counter/9/0/0/0,2694:1747647652033:,1747647654364
counter/9/0/0/0,2695:1747647652033:,1747647654364
counter/9/0/0/0,2696:1747647652033:,1747647654364
counter/9/0/0/0,2697:1747647652033:,1747647654364
counter/9/0/0/0,2698:1747647652033:,1747647654364
counter/9/0/0/0,2699:1747647652033:,1747647654364
counter/8/0/0/0,2645:1747647651611:,1747647654365
counter/8/0/0/0,2646:1747647651611:,1747647654365
counter/4/0/0/0,2693:1747647651980:,1747647654365
counter/4/0/0/0,2694:1747647651980:,1747647654365
counter/1/0/0/0,2780:1747647652139:,1747647654365
counter/9/0/0/0,2700:1747647652033:,1747647654366
counter/9/0/0/0,2701:1747647652033:,1747647654366
counter/9/0/0/0,2702:1747647652033:,1747647654366
counter/9/0/0/0,2703:1747647652033:,1747647654366
counter/2/0/0/0,2148:1747647651448:,1747647654368
counter/10/0/0/0,2283:1747647651926:,1747647654368
counter/3/0/0/0,2686:1747647651864:,1747647654369
counter/4/0/0/0,2695:1747647651980:,1747647654369
counter/10/0/0/0,2284:1747647651926:,1747647654370
counter/10/0/0/0,2285:1747647651926:,1747647654370
counter/10/0/0/0,2286:1747647651926:,1747647654370
counter/10/0/0/0,2287:1747647651926:,1747647654370
counter/10/0/0/0,2288:1747647651926:,1747647654370
counter/9/0/0/0,2704:1747647652033:,1747647654370
counter/2/0/0/0,2149:1747647651448:,1747647654370
counter/2/0/0/0,2150:1747647651448:,1747647654370
counter/2/0/0/0,2151:1747647651448:,1747647654370
counter/2/0/0/0,2152:1747647651448:,1747647654370
counter/2/0/0/0,2153:1747647651448:,1747647654370
counter/2/0/0/0,2154:1747647651448:,1747647654370
counter/8/0/0/0,2647:1747647651611:,1747647654370
counter/8/0/0/0,2648:1747647651611:,1747647654370
counter/5/0/0/0,2404:1747647651503:,1747647654370
counter/8/0/0/0,2649:1747647651611:,1747647654371
counter/8/0/0/0,2650:1747647651611:,1747647654371
counter/8/0/0/0,2651:1747647651611:,1747647654371
counter/8/0/0/0,2652:1747647651611:,1747647654371
counter/5/0/0/0,2405:1747647651503:,1747647654371
counter/8/0/0/0,2653:1747647651611:,1747647654372
counter/8/0/0/0,2654:1747647651611:,1747647654372
counter/8/0/0/0,2655:1747647651611:,1747647654372
counter/8/0/0/0,2656:1747647651611:,1747647654372
counter/8/0/0/0,2657:1747647651611:,1747647654372
counter/8/0/0/0,2658:1747647651611:,1747647654372
counter/8/0/0/0,2659:1747647651618:,1747647654372
counter/7/0/0/0,2290:1747647651717:,1747647654373
counter/7/0/0/0,2291:1747647651717:,1747647654373
counter/3/0/0/0,2687:1747647651864:,1747647654373
counter/3/0/0/0,2688:1747647651864:,1747647654373
counter/4/0/0/0,2696:1747647651980:,1747647654373
counter/4/0/0/0,2697:1747647651980:,1747647654373
counter/4/0/0/0,2698:1747647651987:,1747647654373
counter/4/0/0/0,2699:1747647651987:,1747647654373
counter/4/0/0/0,2700:1747647651987:,1747647654373
counter/4/0/0/0,2701:1747647651987:,1747647654373
counter/4/0/0/0,2702:1747647651987:,1747647654373
counter/4/0/0/0,2703:1747647651987:,1747647654373
counter/7/0/0/0,2292:1747647651717:,1747647654373
counter/3/0/0/0,2689:1747647651864:,1747647654373
counter/1/0/0/0,2781:1747647652139:,1747647654373
counter/3/0/0/0,2690:1747647651864:,1747647654374
counter/8/0/0/0,2660:1747647651618:,1747647654374
counter/1/0/0/0,2782:1747647652139:,1747647654374
counter/6/0/0/0,2396:1747647651866:,1747647654375
counter/6/0/0/0,2397:1747647651869:,1747647654376
counter/6/0/0/0,2398:1747647651869:,1747647654376
counter/6/0/0/0,2399:1747647651869:,1747647654376
counter/6/0/0/0,2400:1747647651869:,1747647654376
counter/6/0/0/0,2401:1747647651869:,1747647654376
counter/6/0/0/0,2402:1747647651869:,1747647654376
counter/6/0/0/0,2403:1747647651869:,1747647654376
counter/5/0/0/0,2406:1747647651503:,1747647654376
counter/6/0/0/0,2404:1747647651873:,1747647654376
counter/5/0/0/0,2407:1747647651503:,1747647654376
counter/6/0/0/0,2405:1747647651874:,1747647654376
counter/6/0/0/0,2406:1747647651874:,1747647654376
counter/6/0/0/0,2407:1747647651874:,1747647654376
counter/6/0/0/0,2408:1747647651874:,1747647654376
counter/6/0/0/0,2409:1747647651874:,1747647654377
counter/7/0/0/0,2293:1747647651717:,1747647654377
counter/8/0/0/0,2661:1747647651618:,1747647654377
counter/8/0/0/0,2662:1747647651618:,1747647654377
counter/8/0/0/0,2663:1747647651618:,1747647654377
counter/8/0/0/0,2664:1747647651618:,1747647654377
counter/1/0/0/0,2783:1747647652139:,1747647654377
counter/8/0/0/0,2665:1747647651618:,1747647654377
counter/4/0/0/0,2704:1747647651987:,1747647654377
counter/7/0/0/0,2294:1747647651719:,1747647654378
counter/2/0/0/0,2155:1747647651452:,1747647654379
counter/2/0/0/0,2156:1747647651452:,1747647654379
counter/2/0/0/0,2157:1747647651452:,1747647654379
counter/2/0/0/0,2158:1747647651452:,1747647654379
counter/2/0/0/0,2159:1747647651452:,1747647654379
counter/2/0/0/0,2160:1747647651452:,1747647654379
counter/2/0/0/0,2161:1747647651452:,1747647654379
counter/2/0/0/0,2162:1747647651452:,1747647654379
counter/10/0/0/0,2289:1747647651926:,1747647654379
counter/4/0/0/0,2705:1747647651988:,1747647654379
counter/4/0/0/0,2706:1747647651988:,1747647654379
counter/1/0/0/0,2784:1747647652139:,1747647654379
counter/1/0/0/0,2785:1747647652139:,1747647654379
counter/1/0/0/0,2786:1747647652140:,1747647654380
counter/5/0/0/0,2408:1747647651503:,1747647654380
counter/5/0/0/0,2409:1747647651503:,1747647654380
counter/5/0/0/0,2410:1747647651503:,1747647654380
counter/5/0/0/0,2411:1747647651503:,1747647654380
counter/5/0/0/0,2412:1747647651508:,1747647654380
counter/5/0/0/0,2413:1747647651508:,1747647654380
counter/5/0/0/0,2414:1747647651508:,1747647654380
counter/5/0/0/0,2415:1747647651508:,1747647654380
counter/3/0/0/0,2691:1747647651864:,1747647654380
counter/6/0/0/0,2410:1747647651874:,1747647654380
counter/7/0/0/0,2295:1747647651719:,1747647654381
counter/7/0/0/0,2296:1747647651719:,1747647654381
counter/7/0/0/0,2297:1747647651720:,1747647654381
counter/7/0/0/0,2298:1747647651720:,1747647654381
counter/7/0/0/0,2299:1747647651720:,1747647654381
counter/7/0/0/0,2300:1747647651720:,1747647654381
counter/2/0/0/0,2163:1747647651453:,1747647654381
counter/7/0/0/0,2301:1747647651720:,1747647654381
counter/7/0/0/0,2302:1747647651720:,1747647654381
counter/3/0/0/0,2692:1747647651864:,1747647654381
counter/3/0/0/0,2693:1747647651864:,1747647654381
counter/3/0/0/0,2694:1747647651864:,1747647654381
counter/3/0/0/0,2695:1747647651864:,1747647654381
counter/6/0/0/0,2411:1747647651874:,1747647654381
counter/10/0/0/0,2290:1747647651926:,1747647654382
counter/3/0/0/0,2696:1747647651864:,1747647654382
counter/4/0/0/0,2707:1747647651988:,1747647654382
counter/10/0/0/0,2291:1747647651926:,1747647654382
counter/9/0/0/0,2705:1747647652033:,1747647654383
counter/1/0/0/0,2787:1747647652140:,1747647654383
counter/8/0/0/0,2666:1747647651618:,1747647654383
counter/5/0/0/0,2416:1747647651508:,1747647654383
counter/5/0/0/0,2417:1747647651508:,1747647654383
counter/5/0/0/0,2418:1747647651508:,1747647654383
counter/6/0/0/0,2412:1747647651874:,1747647654384
counter/9/0/0/0,2706:1747647652033:,1747647654385
counter/9/0/0/0,2707:1747647652033:,1747647654385
counter/9/0/0/0,2708:1747647652038:,1747647654385
counter/1/0/0/0,2788:1747647652140:,1747647654385
counter/9/0/0/0,2709:1747647652038:,1747647654386
counter/10/0/0/0,2292:1747647651926:,1747647654386
counter/4/0/0/0,2708:1747647651988:,1747647654389
counter/9/0/0/0,2710:1747647652038:,1747647654389
counter/1/0/0/0,2789:1747647652140:,1747647654389
counter/5/0/0/0,2419:1747647651508:,1747647654389
counter/1/0/0/0,2790:1747647652140:,1747647654389
counter/1/0/0/0,2791:1747647652140:,1747647654389
counter/3/0/0/0,2697:1747647651864:,1747647654390
counter/3/0/0/0,2698:1747647651864:,1747647654391
counter/3/0/0/0,2699:1747647651865:,1747647654393
counter/4/0/0/0,2709:1747647651988:,1747647654393
counter/9/0/0/0,2711:1747647652038:,1747647654393
counter/9/0/0/0,2712:1747647652038:,1747647654393
counter/9/0/0/0,2713:1747647652044:,1747647654393
counter/9/0/0/0,2714:1747647652045:,1747647654393
counter/6/0/0/0,2413:1747647651874:,1747647654393
counter/8/0/0/0,2667:1747647651619:,1747647654394
counter/8/0/0/0,2668:1747647651619:,1747647654394
counter/8/0/0/0,2669:1747647651620:,1747647654394
counter/8/0/0/0,2670:1747647651620:,1747647654394
counter/8/0/0/0,2671:1747647651623:,1747647654394
counter/8/0/0/0,2672:1747647651631:,1747647654394
counter/8/0/0/0,2673:1747647651631:,1747647654394
counter/8/0/0/0,2674:1747647651631:,1747647654394
counter/8/0/0/0,2675:1747647651631:,1747647654394
counter/8/0/0/0,2676:1747647651631:,1747647654394
counter/8/0/0/0,2677:1747647651632:,1747647654394
counter/6/0/0/0,2414:1747647651874:,1747647654394
counter/5/0/0/0,2420:1747647651509:,1747647654394
counter/3/0/0/0,2700:1747647651865:,1747647654395
counter/4/0/0/0,2710:1747647651988:,1747647654395
counter/9/0/0/0,2715:1747647652046:,1747647654396
counter/6/0/0/0,2415:1747647651874:,1747647654396
counter/5/0/0/0,2421:1747647651509:,1747647654396
counter/7/0/0/0,2303:1747647651720:,1747647654397
counter/6/0/0/0,2416:1747647651874:,1747647654397
counter/10/0/0/0,2293:1747647651926:,1747647654397
counter/10/0/0/0,2294:1747647651926:,1747647654397
counter/10/0/0/0,2295:1747647651926:,1747647654397
counter/10/0/0/0,2296:1747647651926:,1747647654397
counter/2/0/0/0,2164:1747647651453:,1747647654398
counter/2/0/0/0,2165:1747647651453:,1747647654398
counter/1/0/0/0,2792:1747647652140:,1747647654398
counter/2/0/0/0,2166:1747647651453:,1747647654398
counter/2/0/0/0,2167:1747647651453:,1747647654398
counter/3/0/0/0,2701:1747647651866:,1747647654399
counter/2/0/0/0,2168:1747647651453:,1747647654399
counter/3/0/0/0,2702:1747647651866:,1747647654399
counter/3/0/0/0,2703:1747647651866:,1747647654399
counter/3/0/0/0,2704:1747647651866:,1747647654399
counter/3/0/0/0,2705:1747647651866:,1747647654399
counter/3/0/0/0,2706:1747647651866:,1747647654399
counter/3/0/0/0,2707:1747647651866:,1747647654399
counter/5/0/0/0,2422:1747647651509:,1747647654399
counter/4/0/0/0,2711:1747647651988:,1747647654400
counter/8/0/0/0,2678:1747647651632:,1747647654400
counter/4/0/0/0,2712:1747647651988:,1747647654400
counter/9/0/0/0,2716:1747647652049:,1747647654400
counter/3/0/0/0,2708:1747647651867:,1747647654400
counter/4/0/0/0,2713:1747647651988:,1747647654402
counter/4/0/0/0,2714:1747647651988:,1747647654402
counter/4/0/0/0,2715:1747647651988:,1747647654402
counter/4/0/0/0,2716:1747647651990:,1747647654402
counter/4/0/0/0,2717:1747647651990:,1747647654402
counter/4/0/0/0,2718:1747647651990:,1747647654402
counter/5/0/0/0,2423:1747647651509:,1747647654402
counter/3/0/0/0,2709:1747647651867:,1747647654403
counter/9/0/0/0,2717:1747647652050:,1747647654404
counter/10/0/0/0,2297:1747647651926:,1747647654404
counter/10/0/0/0,2298:1747647651926:,1747647654405
counter/10/0/0/0,2299:1747647651926:,1747647654405
counter/10/0/0/0,2300:1747647651926:,1747647654405
counter/8/0/0/0,2679:1747647651632:,1747647654405
counter/3/0/0/0,2710:1747647651867:,1747647654406
counter/3/0/0/0,2711:1747647651867:,1747647654406
counter/3/0/0/0,2712:1747647651867:,1747647654406
counter/3/0/0/0,2713:1747647651867:,1747647654406
counter/3/0/0/0,2714:1747647651868:,1747647654406
counter/3/0/0/0,2715:1747647651868:,1747647654406
counter/10/0/0/0,2301:1747647651926:,1747647654406
counter/5/0/0/0,2424:1747647651509:,1747647654408
counter/10/0/0/0,2302:1747647651926:,1747647654408
counter/10/0/0/0,2303:1747647651926:,1747647654408
counter/10/0/0/0,2304:1747647651926:,1747647654408
counter/10/0/0/0,2305:1747647651926:,1747647654408
counter/10/0/0/0,2306:1747647651926:,1747647654409
counter/10/0/0/0,2307:1747647651926:,1747647654409
counter/10/0/0/0,2308:1747647651926:,1747647654409
counter/10/0/0/0,2309:1747647651929:,1747647654409
counter/7/0/0/0,2304:1747647651720:,1747647654409
counter/4/0/0/0,2719:1747647651990:,1747647654409
counter/6/0/0/0,2417:1747647651874:,1747647654409
counter/4/0/0/0,2720:1747647651990:,1747647654409
counter/1/0/0/0,2793:1747647652140:,1747647654409
counter/8/0/0/0,2680:1747647651632:,1747647654409
counter/7/0/0/0,2305:1747647651720:,1747647654410
counter/5/0/0/0,2425:1747647651509:,1747647654410
counter/5/0/0/0,2426:1747647651509:,1747647654410
counter/5/0/0/0,2427:1747647651509:,1747647654410
counter/2/0/0/0,2169:1747647651461:,1747647654411
counter/2/0/0/0,2170:1747647651461:,1747647654411
counter/2/0/0/0,2171:1747647651461:,1747647654411
counter/7/0/0/0,2306:1747647651726:,1747647654411
counter/5/0/0/0,2428:1747647651526:,1747647654411
counter/5/0/0/0,2429:1747647651527:,1747647654412
counter/5/0/0/0,2430:1747647651527:,1747647654412
counter/8/0/0/0,2681:1747647651633:,1747647654413
counter/10/0/0/0,2310:1747647651929:,1747647654413
counter/10/0/0/0,2311:1747647651929:,1747647654413
counter/10/0/0/0,2312:1747647651929:,1747647654413
counter/3/0/0/0,2716:1747647651868:,1747647654413
counter/4/0/0/0,2721:1747647651990:,1747647654413
counter/6/0/0/0,2418:1747647651883:,1747647654414
counter/4/0/0/0,2722:1747647651998:,1747647654414
counter/8/0/0/0,2682:1747647651633:,1747647654414
counter/8/0/0/0,2683:1747647651633:,1747647654415
counter/8/0/0/0,2684:1747647651633:,1747647654415
counter/7/0/0/0,2307:1747647651726:,1747647654415
counter/9/0/0/0,2718:1747647652050:,1747647654415
counter/5/0/0/0,2431:1747647651527:,1747647654415
counter/5/0/0/0,2432:1747647651529:,1747647654415
counter/2/0/0/0,2172:1747647651461:,1747647654415
counter/2/0/0/0,2173:1747647651461:,1747647654415
counter/3/0/0/0,2717:1747647651868:,1747647654415
counter/1/0/0/0,2794:1747647652140:,1747647654416
counter/6/0/0/0,2419:1747647651883:,1747647654417
counter/1/0/0/0,2795:1747647652140:,1747647654417
counter/1/0/0/0,2796:1747647652140:,1747647654417
counter/9/0/0/0,2719:1747647652051:,1747647654417
counter/2/0/0/0,2174:1747647651462:,1747647654417
counter/2/0/0/0,2175:1747647651462:,1747647654417
counter/2/0/0/0,2176:1747647651462:,1747647654417
counter/2/0/0/0,2177:1747647651462:,1747647654417
counter/2/0/0/0,2178:1747647651462:,1747647654417
counter/2/0/0/0,2179:1747647651462:,1747647654417
counter/7/0/0/0,2308:1747647651726:,1747647654417
counter/8/0/0/0,2685:1747647651633:,1747647654417
counter/8/0/0/0,2686:1747647651633:,1747647654417
counter/8/0/0/0,2687:1747647651633:,1747647654418
counter/8/0/0/0,2688:1747647651633:,1747647654418
counter/8/0/0/0,2689:1747647651633:,1747647654418
counter/1/0/0/0,2797:1747647652140:,1747647654418
counter/9/0/0/0,2720:1747647652051:,1747647654418
counter/2/0/0/0,2180:1747647651462:,1747647654418
counter/5/0/0/0,2433:1747647651529:,1747647654419
counter/10/0/0/0,2313:1747647651929:,1747647654419
counter/4/0/0/0,2723:1747647651998:,1747647654420
counter/2/0/0/0,2181:1747647651462:,1747647654420
counter/7/0/0/0,2309:1747647651726:,1747647654420
counter/7/0/0/0,2310:1747647651726:,1747647654420
counter/7/0/0/0,2311:1747647651726:,1747647654420
counter/7/0/0/0,2312:1747647651726:,1747647654420
counter/9/0/0/0,2721:1747647652051:,1747647654420
counter/9/0/0/0,2722:1747647652051:,1747647654420
counter/9/0/0/0,2723:1747647652051:,1747647654420
counter/9/0/0/0,2724:1747647652051:,1747647654421
counter/3/0/0/0,2718:1747647651868:,1747647654421
counter/4/0/0/0,2724:1747647651998:,1747647654421
counter/10/0/0/0,2314:1747647651929:,1747647654421
counter/2/0/0/0,2182:1747647651462:,1747647654422
counter/3/0/0/0,2719:1747647651868:,1747647654422
counter/4/0/0/0,2725:1747647651998:,1747647654422
counter/4/0/0/0,2726:1747647651998:,1747647654422
counter/8/0/0/0,2690:1747647651633:,1747647654422
counter/1/0/0/0,2798:1747647652140:,1747647654423
counter/3/0/0/0,2720:1747647651868:,1747647654424
counter/3/0/0/0,2721:1747647651868:,1747647654424
counter/4/0/0/0,2727:1747647651998:,1747647654424
counter/4/0/0/0,2728:1747647651998:,1747647654424
counter/5/0/0/0,2434:1747647651529:,1747647654424
counter/5/0/0/0,2435:1747647651529:,1747647654424
counter/5/0/0/0,2436:1747647651529:,1747647654424
counter/5/0/0/0,2437:1747647651529:,1747647654424
counter/5/0/0/0,2438:1747647651529:,1747647654424
counter/3/0/0/0,2722:1747647651868:,1747647654425
counter/7/0/0/0,2313:1747647651726:,1747647654425
counter/10/0/0/0,2315:1747647651929:,1747647654425
counter/10/0/0/0,2316:1747647651930:,1747647654425
counter/10/0/0/0,2317:1747647651930:,1747647654425
counter/10/0/0/0,2318:1747647651930:,1747647654425
counter/10/0/0/0,2319:1747647651930:,1747647654425
counter/10/0/0/0,2320:1747647651930:,1747647654425
counter/3/0/0/0,2723:1747647651868:,1747647654426
counter/5/0/0/0,2439:1747647651529:,1747647654426
counter/5/0/0/0,2440:1747647651533:,1747647654426
counter/8/0/0/0,2691:1747647651633:,1747647654426
counter/8/0/0/0,2692:1747647651633:,1747647654429
counter/3/0/0/0,2724:1747647651868:,1747647654429
counter/5/0/0/0,2441:1747647651533:,1747647654430
counter/4/0/0/0,2729:1747647652005:,1747647654432
counter/1/0/0/0,2799:1747647652140:,1747647654433
counter/1/0/0/0,2800:1747647652140:,1747647654433
counter/2/0/0/0,2183:1747647651462:,1747647654433
counter/5/0/0/0,2442:1747647651533:,1747647654433
counter/5/0/0/0,2443:1747647651533:,1747647654433
counter/5/0/0/0,2444:1747647651533:,1747647654433
counter/5/0/0/0,2445:1747647651533:,1747647654433
counter/5/0/0/0,2446:1747647651533:,1747647654433
counter/5/0/0/0,2447:1747647651533:,1747647654433
counter/5/0/0/0,2448:1747647651533:,1747647654433
counter/5/0/0/0,2449:1747647651533:,1747647654433
counter/5/0/0/0,2450:1747647651533:,1747647654433
counter/5/0/0/0,2451:1747647651533:,1747647654433
counter/9/0/0/0,2725:1747647652051:,1747647654438
counter/5/0/0/0,2452:1747647651534:,1747647654438
counter/5/0/0/0,2453:1747647651534:,1747647654438
counter/5/0/0/0,2454:1747647651534:,1747647654438
counter/5/0/0/0,2455:1747647651534:,1747647654438
counter/5/0/0/0,2456:1747647651534:,1747647654438
counter/10/0/0/0,2321:1747647651930:,1747647654438
counter/2/0/0/0,2184:1747647651462:,1747647654439
counter/7/0/0/0,2314:1747647651728:,1747647654439
counter/2/0/0/0,2185:1747647651462:,1747647654439
counter/7/0/0/0,2315:1747647651733:,1747647654439
counter/7/0/0/0,2316:1747647651733:,1747647654439
counter/7/0/0/0,2317:1747647651733:,1747647654439
counter/7/0/0/0,2318:1747647651733:,1747647654439
counter/7/0/0/0,2319:1747647651733:,1747647654439
counter/7/0/0/0,2320:1747647651733:,1747647654440
counter/8/0/0/0,2693:1747647651634:,1747647654440
counter/8/0/0/0,2694:1747647651634:,1747647654441
counter/8/0/0/0,2695:1747647651634:,1747647654441
counter/8/0/0/0,2696:1747647651634:,1747647654441
counter/8/0/0/0,2697:1747647651634:,1747647654441
counter/10/0/0/0,2322:1747647651930:,1747647654442
counter/2/0/0/0,2186:1747647651462:,1747647654442
counter/8/0/0/0,2698:1747647651634:,1747647654443
counter/3/0/0/0,2725:1747647651868:,1747647654444
counter/1/0/0/0,2801:1747647652140:,1747647654444
counter/3/0/0/0,2726:1747647651868:,1747647654445
counter/3/0/0/0,2727:1747647651868:,1747647654446
counter/8/0/0/0,2699:1747647651634:,1747647654447
counter/8/0/0/0,2700:1747647651634:,1747647654447
counter/8/0/0/0,2701:1747647651634:,1747647654447
counter/7/0/0/0,2321:1747647651733:,1747647654447
counter/8/0/0/0,2702:1747647651634:,1747647654448
counter/8/0/0/0,2703:1747647651634:,1747647654448
counter/9/0/0/0,2726:1747647652051:,1747647654448
counter/8/0/0/0,2704:1747647651634:,1747647654448
counter/10/0/0/0,2323:1747647651930:,1747647654448
counter/10/0/0/0,2324:1747647651930:,1747647654448
counter/5/0/0/0,2457:1747647651534:,1747647654448
counter/5/0/0/0,2458:1747647651534:,1747647654448
counter/5/0/0/0,2459:1747647651534:,1747647654448
counter/5/0/0/0,2460:1747647651534:,1747647654448
counter/5/0/0/0,2461:1747647651534:,1747647654448
counter/5/0/0/0,2462:1747647651534:,1747647654448
counter/5/0/0/0,2463:1747647651538:,1747647654448
counter/7/0/0/0,2322:1747647651733:,1747647654448
counter/8/0/0/0,2705:1747647651634:,1747647654449
counter/4/0/0/0,2730:1747647652005:,1747647654450
counter/5/0/0/0,2464:1747647651538:,1747647654451
counter/6/0/0/0,2420:1747647651883:,1747647654451
counter/4/0/0/0,2731:1747647652005:,1747647654451
counter/6/0/0/0,2421:1747647651883:,1747647654454
counter/2/0/0/0,2187:1747647651462:,1747647654454
counter/1/0/0/0,2802:1747647652140:,1747647654454
counter/1/0/0/0,2803:1747647652140:,1747647654454
counter/8/0/0/0,2706:1747647651634:,1747647654454
counter/7/0/0/0,2323:1747647651800:,1747647654454
counter/5/0/0/0,2465:1747647651538:,1747647654457
counter/5/0/0/0,2466:1747647651539:,1747647654457
counter/5/0/0/0,2467:1747647651539:,1747647654457
counter/5/0/0/0,2468:1747647651539:,1747647654457
counter/5/0/0/0,2469:1747647651539:,1747647654457
counter/5/0/0/0,2470:1747647651539:,1747647654457
counter/5/0/0/0,2471:1747647651539:,1747647654457
counter/5/0/0/0,2472:1747647651539:,1747647654458
counter/5/0/0/0,2473:1747647651539:,1747647654459
counter/5/0/0/0,2474:1747647651539:,1747647654459
counter/5/0/0/0,2475:1747647651543:,1747647654459
counter/5/0/0/0,2476:1747647651543:,1747647654459
counter/5/0/0/0,2477:1747647651543:,1747647654459
counter/5/0/0/0,2478:1747647651543:,1747647654459
counter/5/0/0/0,2479:1747647651543:,1747647654459
counter/9/0/0/0,2727:1747647652051:,1747647654459
counter/5/0/0/0,2480:1747647651543:,1747647654459
counter/8/0/0/0,2707:1747647651636:,1747647654459
counter/8/0/0/0,2708:1747647651636:,1747647654459
counter/8/0/0/0,2709:1747647651636:,1747647654459
counter/7/0/0/0,2324:1747647651801:,1747647654461
counter/6/0/0/0,2422:1747647651883:,1747647654461
counter/5/0/0/0,2481:1747647651543:,1747647654461
counter/5/0/0/0,2482:1747647651543:,1747647654461
counter/5/0/0/0,2483:1747647651543:,1747647654461
counter/5/0/0/0,2484:1747647651543:,1747647654461
counter/5/0/0/0,2485:1747647651543:,1747647654462
counter/5/0/0/0,2486:1747647651543:,1747647654462
counter/5/0/0/0,2487:1747647651543:,1747647654462
counter/5/0/0/0,2488:1747647651543:,1747647654462
counter/5/0/0/0,2489:1747647651543:,1747647654462
counter/5/0/0/0,2490:1747647651543:,1747647654462
counter/5/0/0/0,2491:1747647651546:,1747647654462
counter/8/0/0/0,2710:1747647651636:,1747647654462
counter/3/0/0/0,2728:1747647651868:,1747647654463
counter/7/0/0/0,2325:1747647651805:,1747647654463
counter/3/0/0/0,2729:1747647651868:,1747647654464
counter/8/0/0/0,2711:1747647651636:,1747647654466
counter/6/0/0/0,2423:1747647651883:,1747647654467
counter/6/0/0/0,2424:1747647651883:,1747647654467
counter/1/0/0/0,2804:1747647652140:,1747647654467
counter/1/0/0/0,2805:1747647652140:,1747647654467
counter/5/0/0/0,2492:1747647651546:,1747647654467
counter/1/0/0/0,2806:1747647652140:,1747647654467
counter/1/0/0/0,2807:1747647652140:,1747647654467
counter/1/0/0/0,2808:1747647652140:,1747647654467
counter/1/0/0/0,2809:1747647652140:,1747647654467
counter/6/0/0/0,2425:1747647651883:,1747647654468
counter/7/0/0/0,2326:1747647651805:,1747647654468
counter/7/0/0/0,2327:1747647651805:,1747647654468
counter/7/0/0/0,2328:1747647651805:,1747647654468
counter/5/0/0/0,2493:1747647651546:,1747647654468
counter/5/0/0/0,2494:1747647651556:,1747647654468
counter/5/0/0/0,2495:1747647651556:,1747647654468
counter/7/0/0/0,2329:1747647651805:,1747647654468
counter/5/0/0/0,2496:1747647651556:,1747647654468
counter/10/0/0/0,2325:1747647651930:,1747647654468
counter/9/0/0/0,2728:1747647652051:,1747647654469
counter/9/0/0/0,2729:1747647652051:,1747647654469
counter/9/0/0/0,2730:1747647652051:,1747647654469
counter/9/0/0/0,2731:1747647652052:,1747647654469
counter/9/0/0/0,2732:1747647652052:,1747647654469
counter/9/0/0/0,2733:1747647652052:,1747647654469
counter/2/0/0/0,2188:1747647651462:,1747647654469
counter/8/0/0/0,2712:1747647651636:,1747647654469
counter/10/0/0/0,2326:1747647651930:,1747647654471
counter/4/0/0/0,2732:1747647652005:,1747647654472
counter/4/0/0/0,2733:1747647652006:,1747647654472
counter/4/0/0/0,2734:1747647652006:,1747647654472
counter/9/0/0/0,2734:1747647652052:,1747647654472
counter/4/0/0/0,2735:1747647652006:,1747647654472
counter/4/0/0/0,2736:1747647652006:,1747647654472
counter/7/0/0/0,2330:1747647651805:,1747647654472
counter/2/0/0/0,2189:1747647651462:,1747647654472
counter/10/0/0/0,2327:1747647651930:,1747647654472
counter/6/0/0/0,2426:1747647651883:,1747647654473
counter/6/0/0/0,2427:1747647651883:,1747647654473
counter/4/0/0/0,2737:1747647652013:,1747647654473
counter/9/0/0/0,2735:1747647652053:,1747647654473
counter/5/0/0/0,2497:1747647651556:,1747647654473
counter/5/0/0/0,2498:1747647651556:,1747647654473
counter/5/0/0/0,2499:1747647651556:,1747647654473
counter/5/0/0/0,2500:1747647651556:,1747647654473
counter/5/0/0/0,2501:1747647651556:,1747647654473
counter/5/0/0/0,2502:1747647651556:,1747647654473
counter/5/0/0/0,2503:1747647651556:,1747647654473
counter/5/0/0/0,2504:1747647651556:,1747647654473
counter/5/0/0/0,2505:1747647651556:,1747647654473
counter/5/0/0/0,2506:1747647651556:,1747647654474
counter/8/0/0/0,2713:1747647651636:,1747647654474
counter/3/0/0/0,2730:1747647651868:,1747647654474
counter/3/0/0/0,2731:1747647651868:,1747647654474
counter/3/0/0/0,2732:1747647651868:,1747647654474
counter/1/0/0/0,2810:1747647652140:,1747647654474
counter/3/0/0/0,2733:1747647651868:,1747647654474
counter/1/0/0/0,2811:1747647652140:,1747647654474
counter/1/0/0/0,2812:1747647652140:,1747647654474
counter/1/0/0/0,2813:1747647652140:,1747647654474
counter/1/0/0/0,2814:1747647652140:,1747647654474
counter/1/0/0/0,2815:1747647652140:,1747647654474
counter/10/0/0/0,2328:1747647651930:,1747647654475
counter/8/0/0/0,2714:1747647651636:,1747647654475
counter/10/0/0/0,2329:1747647651930:,1747647654475
counter/10/0/0/0,2330:1747647651930:,1747647654475
counter/5/0/0/0,2507:1747647651557:,1747647654476
counter/5/0/0/0,2508:1747647651557:,1747647654476
counter/5/0/0/0,2509:1747647651560:,1747647654476
counter/5/0/0/0,2510:1747647651569:,1747647654476
counter/5/0/0/0,2511:1747647651569:,1747647654476
counter/3/0/0/0,2734:1747647651868:,1747647654477
counter/6/0/0/0,2428:1747647651884:,1747647654477
counter/9/0/0/0,2736:1747647652053:,1747647654477
counter/4/0/0/0,2738:1747647652013:,1747647654477
counter/6/0/0/0,2429:1747647651884:,1747647654478
counter/9/0/0/0,2737:1747647652053:,1747647654478
counter/6/0/0/0,2430:1747647651884:,1747647654478
counter/6/0/0/0,2431:1747647651884:,1747647654478
counter/6/0/0/0,2432:1747647651884:,1747647654478
counter/6/0/0/0,2433:1747647651896:,1747647654478
counter/8/0/0/0,2715:1747647651636:,1747647654478
counter/8/0/0/0,2716:1747647651636:,1747647654478
counter/8/0/0/0,2717:1747647651636:,1747647654478
counter/5/0/0/0,2512:1747647651569:,1747647654478
counter/5/0/0/0,2513:1747647651569:,1747647654478
counter/3/0/0/0,2735:1747647651868:,1747647654479
counter/3/0/0/0,2736:1747647651883:,1747647654479
counter/3/0/0/0,2737:1747647651883:,1747647654479
counter/3/0/0/0,2738:1747647651883:,1747647654479
counter/3/0/0/0,2739:1747647651883:,1747647654479
counter/3/0/0/0,2740:1747647651883:,1747647654479
counter/3/0/0/0,2741:1747647651883:,1747647654479
counter/3/0/0/0,2742:1747647651883:,1747647654480
counter/3/0/0/0,2743:1747647651883:,1747647654480
counter/3/0/0/0,2744:1747647651883:,1747647654480
counter/3/0/0/0,2745:1747647651883:,1747647654480
counter/3/0/0/0,2746:1747647651883:,1747647654480
counter/6/0/0/0,2434:1747647651900:,1747647654480
counter/8/0/0/0,2718:1747647651636:,1747647654480
counter/8/0/0/0,2719:1747647651637:,1747647654480
counter/8/0/0/0,2720:1747647651637:,1747647654480
counter/8/0/0/0,2721:1747647651637:,1747647654480
counter/5/0/0/0,2514:1747647651569:,1747647654480
counter/5/0/0/0,2515:1747647651569:,1747647654480
counter/4/0/0/0,2739:1747647652013:,1747647654480
counter/3/0/0/0,2747:1747647651883:,1747647654480
counter/3/0/0/0,2748:1747647651883:,1747647654480
counter/3/0/0/0,2749:1747647651883:,1747647654480
counter/3/0/0/0,2750:1747647651883:,1747647654480
counter/3/0/0/0,2751:1747647651883:,1747647654480
counter/3/0/0/0,2752:1747647651883:,1747647654480
counter/3/0/0/0,2753:1747647651883:,1747647654480
counter/3/0/0/0,2754:1747647651883:,1747647654480
counter/3/0/0/0,2755:1747647651888:,1747647654480
counter/3/0/0/0,2756:1747647651888:,1747647654480
counter/6/0/0/0,2435:1747647651900:,1747647654481
counter/5/0/0/0,2516:1747647651569:,1747647654484
counter/5/0/0/0,2517:1747647651569:,1747647654484
counter/5/0/0/0,2518:1747647651569:,1747647654484
counter/5/0/0/0,2519:1747647651569:,1747647654484
counter/5/0/0/0,2520:1747647651569:,1747647654484
counter/5/0/0/0,2521:1747647651569:,1747647654484
counter/5/0/0/0,2522:1747647651569:,1747647654484
counter/8/0/0/0,2722:1747647651637:,1747647654484
counter/8/0/0/0,2723:1747647651639:,1747647654484
counter/8/0/0/0,2724:1747647651639:,1747647654484
counter/8/0/0/0,2725:1747647651639:,1747647654484
counter/8/0/0/0,2726:1747647651639:,1747647654484
counter/8/0/0/0,2727:1747647651639:,1747647654484
counter/8/0/0/0,2728:1747647651639:,1747647654484
counter/8/0/0/0,2729:1747647651639:,1747647654484
counter/8/0/0/0,2730:1747647651639:,1747647654484
counter/8/0/0/0,2731:1747647651639:,1747647654484
counter/8/0/0/0,2732:1747647651639:,1747647654484
counter/8/0/0/0,2733:1747647651639:,1747647654484
counter/8/0/0/0,2734:1747647651640:,1747647654484
counter/8/0/0/0,2735:1747647651642:,1747647654484
counter/8/0/0/0,2736:1747647651642:,1747647654484
counter/4/0/0/0,2740:1747647652013:,1747647654484
counter/4/0/0/0,2741:1747647652013:,1747647654484
counter/4/0/0/0,2742:1747647652013:,1747647654484
counter/4/0/0/0,2743:1747647652013:,1747647654484
counter/4/0/0/0,2744:1747647652013:,1747647654485
counter/4/0/0/0,2745:1747647652013:,1747647654485
counter/4/0/0/0,2746:1747647652013:,1747647654485
counter/4/0/0/0,2747:1747647652013:,1747647654485
counter/4/0/0/0,2748:1747647652014:,1747647654485
counter/4/0/0/0,2749:1747647652014:,1747647654485
counter/4/0/0/0,2750:1747647652014:,1747647654485
counter/4/0/0/0,2751:1747647652014:,1747647654485
counter/4/0/0/0,2752:1747647652014:,1747647654485
counter/4/0/0/0,2753:1747647652014:,1747647654485
counter/3/0/0/0,2757:1747647651889:,1747647654485
counter/3/0/0/0,2758:1747647651889:,1747647654486
counter/3/0/0/0,2759:1747647651889:,1747647654486
counter/10/0/0/0,2331:1747647651930:,1747647654487
counter/10/0/0/0,2332:1747647651930:,1747647654487
counter/8/0/0/0,2737:1747647651642:,1747647654487
counter/6/0/0/0,2436:1747647651900:,1747647654487
counter/6/0/0/0,2437:1747647651900:,1747647654487
counter/6/0/0/0,2438:1747647651900:,1747647654488
counter/6/0/0/0,2439:1747647651900:,1747647654488
counter/6/0/0/0,2440:1747647651900:,1747647654488
counter/3/0/0/0,2760:1747647651889:,1747647654488
counter/3/0/0/0,2761:1747647651889:,1747647654488
counter/3/0/0/0,2762:1747647651889:,1747647654488
counter/3/0/0/0,2763:1747647651889:,1747647654488
counter/6/0/0/0,2441:1747647651900:,1747647654488
counter/6/0/0/0,2442:1747647651900:,1747647654488
counter/5/0/0/0,2523:1747647651569:,1747647654488
counter/7/0/0/0,2331:1747647651805:,1747647654488
counter/8/0/0/0,2738:1747647651646:,1747647654489
counter/8/0/0/0,2739:1747647651646:,1747647654489
counter/8/0/0/0,2740:1747647651646:,1747647654489
counter/8/0/0/0,2741:1747647651646:,1747647654489
counter/8/0/0/0,2742:1747647651646:,1747647654489
counter/8/0/0/0,2743:1747647651646:,1747647654489
counter/8/0/0/0,2744:1747647651646:,1747647654489
counter/2/0/0/0,2190:1747647651462:,1747647654489
counter/4/0/0/0,2754:1747647652014:,1747647654489
counter/6/0/0/0,2443:1747647651900:,1747647654489
counter/1/0/0/0,2816:1747647652140:,1747647654489
counter/6/0/0/0,2444:1747647651900:,1747647654489
counter/6/0/0/0,2445:1747647651900:,1747647654489
counter/6/0/0/0,2446:1747647651900:,1747647654489
counter/6/0/0/0,2447:1747647651900:,1747647654489
counter/6/0/0/0,2448:1747647651900:,1747647654489
counter/6/0/0/0,2449:1747647651900:,1747647654489
counter/6/0/0/0,2450:1747647651900:,1747647654489
counter/6/0/0/0,2451:1747647651900:,1747647654490
counter/6/0/0/0,2452:1747647651900:,1747647654490
counter/3/0/0/0,2764:1747647651889:,1747647654490
counter/4/0/0/0,2755:1747647652014:,1747647654490
counter/3/0/0/0,2765:1747647651889:,1747647654490
counter/3/0/0/0,2766:1747647651889:,1747647654490
counter/3/0/0/0,2767:1747647651889:,1747647654490
counter/3/0/0/0,2768:1747647651889:,1747647654490
counter/3/0/0/0,2769:1747647651889:,1747647654490
counter/3/0/0/0,2770:1747647651889:,1747647654490
counter/3/0/0/0,2771:1747647651889:,1747647654490
counter/10/0/0/0,2333:1747647651930:,1747647654490
counter/4/0/0/0,2756:1747647652014:,1747647654490
counter/4/0/0/0,2757:1747647652014:,1747647654491
counter/4/0/0/0,2758:1747647652014:,1747647654491
counter/4/0/0/0,2759:1747647652014:,1747647654491
counter/4/0/0/0,2760:1747647652014:,1747647654491
counter/4/0/0/0,2761:1747647652014:,1747647654491
counter/8/0/0/0,2745:1747647651659:,1747647654491
counter/3/0/0/0,2772:1747647651889:,1747647654491
counter/1/0/0/0,2817:1747647652140:,1747647654492
counter/3/0/0/0,2773:1747647651889:,1747647654492
counter/1/0/0/0,2818:1747647652140:,1747647654492
counter/1/0/0/0,2819:1747647652140:,1747647654492
counter/8/0/0/0,2746:1747647651659:,1747647654492
counter/8/0/0/0,2747:1747647651659:,1747647654492
counter/10/0/0/0,2334:1747647651930:,1747647654492
counter/9/0/0/0,2738:1747647652053:,1747647654493
counter/9/0/0/0,2739:1747647652053:,1747647654493
counter/9/0/0/0,2740:1747647652054:,1747647654493
counter/9/0/0/0,2741:1747647652054:,1747647654493
counter/9/0/0/0,2742:1747647652059:,1747647654493
counter/9/0/0/0,2743:1747647652066:,1747647654493
counter/5/0/0/0,2524:1747647651570:,1747647654493
counter/1/0/0/0,2820:1747647652140:,1747647654493
counter/1/0/0/0,2821:1747647652141:,1747647654494
counter/1/0/0/0,2822:1747647652141:,1747647654494
counter/1/0/0/0,2823:1747647652141:,1747647654494
counter/1/0/0/0,2824:1747647652141:,1747647654494
counter/1/0/0/0,2825:1747647652141:,1747647654494
counter/1/0/0/0,2826:1747647652141:,1747647654494
counter/9/0/0/0,2744:1747647652066:,1747647654494
counter/9/0/0/0,2745:1747647652066:,1747647654494
counter/9/0/0/0,2746:1747647652066:,1747647654494
counter/9/0/0/0,2747:1747647652071:,1747647654494
counter/3/0/0/0,2774:1747647651889:,1747647654494
counter/3/0/0/0,2775:1747647651889:,1747647654496
counter/4/0/0/0,2762:1747647652018:,1747647654496
counter/4/0/0/0,2763:1747647652018:,1747647654496
counter/4/0/0/0,2764:1747647652018:,1747647654496
counter/4/0/0/0,2765:1747647652018:,1747647654496
counter/8/0/0/0,2748:1747647651659:,1747647654496
counter/5/0/0/0,2525:1747647651570:,1747647654498
counter/6/0/0/0,2453:1747647651900:,1747647654498
counter/7/0/0/0,2332:1747647651805:,1747647654498
counter/6/0/0/0,2454:1747647651910:,1747647654498
counter/6/0/0/0,2455:1747647651911:,1747647654498
counter/8/0/0/0,2749:1747647651661:,1747647654499
counter/8/0/0/0,2750:1747647651661:,1747647654499
counter/8/0/0/0,2751:1747647651661:,1747647654499
counter/8/0/0/0,2752:1747647651661:,1747647654499
counter/8/0/0/0,2753:1747647651661:,1747647654499
counter/8/0/0/0,2754:1747647651661:,1747647654499
counter/3/0/0/0,2776:1747647651889:,1747647654500
counter/3/0/0/0,2777:1747647651889:,1747647654500
counter/3/0/0/0,2778:1747647651889:,1747647654500
counter/3/0/0/0,2779:1747647651889:,1747647654500
counter/3/0/0/0,2780:1747647651889:,1747647654500
counter/3/0/0/0,2781:1747647651889:,1747647654500
counter/3/0/0/0,2782:1747647651889:,1747647654500
counter/2/0/0/0,2191:1747647651462:,1747647654500
counter/5/0/0/0,2526:1747647651570:,1747647654500
counter/5/0/0/0,2527:1747647651570:,1747647654500
counter/5/0/0/0,2528:1747647651571:,1747647654500
counter/5/0/0/0,2529:1747647651571:,1747647654500
counter/5/0/0/0,2530:1747647651571:,1747647654500
counter/5/0/0/0,2531:1747647651571:,1747647654501
counter/5/0/0/0,2532:1747647651576:,1747647654501
counter/5/0/0/0,2533:1747647651576:,1747647654501
counter/5/0/0/0,2534:1747647651576:,1747647654501
counter/7/0/0/0,2333:1747647651805:,1747647654502
counter/8/0/0/0,2755:1747647651661:,1747647654502
counter/4/0/0/0,2766:1747647652018:,1747647654503
counter/10/0/0/0,2335:1747647651931:,1747647654503
counter/6/0/0/0,2456:1747647651911:,1747647654503
counter/9/0/0/0,2748:1747647652071:,1747647654504
counter/4/0/0/0,2767:1747647652018:,1747647654505
counter/10/0/0/0,2336:1747647651931:,1747647654505
counter/3/0/0/0,2783:1747647651889:,1747647654506
counter/10/0/0/0,2337:1747647651931:,1747647654506
counter/10/0/0/0,2338:1747647651931:,1747647654506
counter/5/0/0/0,2535:1747647651576:,1747647654506
counter/5/0/0/0,2536:1747647651577:,1747647654506
counter/5/0/0/0,2537:1747647651577:,1747647654506
counter/5/0/0/0,2538:1747647651577:,1747647654506
counter/9/0/0/0,2749:1747647652071:,1747647654506
counter/1/0/0/0,2827:1747647652141:,1747647654506
counter/1/0/0/0,2828:1747647652141:,1747647654506
counter/2/0/0/0,2192:1747647651462:,1747647654506
counter/2/0/0/0,2193:1747647651462:,1747647654506
counter/3/0/0/0,2784:1747647651889:,1747647654507
counter/3/0/0/0,2785:1747647651889:,1747647654507
counter/3/0/0/0,2786:1747647651889:,1747647654507
counter/3/0/0/0,2787:1747647651889:,1747647654507
counter/3/0/0/0,2788:1747647651889:,1747647654507
counter/3/0/0/0,2789:1747647651889:,1747647654507
counter/10/0/0/0,2339:1747647651931:,1747647654507
counter/6/0/0/0,2457:1747647651911:,1747647654507
counter/4/0/0/0,2768:1747647652018:,1747647654507
counter/3/0/0/0,2790:1747647651890:,1747647654508
counter/7/0/0/0,2334:1747647651805:,1747647654508
counter/9/0/0/0,2750:1747647652071:,1747647654508
counter/7/0/0/0,2335:1747647651805:,1747647654508
counter/2/0/0/0,2194:1747647651462:,1747647654508
counter/4/0/0/0,2769:1747647652018:,1747647654508
counter/4/0/0/0,2770:1747647652018:,1747647654508
counter/8/0/0/0,2756:1747647651661:,1747647654508
counter/6/0/0/0,2458:1747647651911:,1747647654509
counter/6/0/0/0,2459:1747647651911:,1747647654509
counter/5/0/0/0,2539:1747647651577:,1747647654509
counter/6/0/0/0,2460:1747647651911:,1747647654509
counter/6/0/0/0,2461:1747647651913:,1747647654509
counter/6/0/0/0,2462:1747647651913:,1747647654509
counter/6/0/0/0,2463:1747647651913:,1747647654509
counter/6/0/0/0,2464:1747647651913:,1747647654509
counter/6/0/0/0,2465:1747647651913:,1747647654509
counter/6/0/0/0,2466:1747647651915:,1747647654509
counter/7/0/0/0,2336:1747647651805:,1747647654509
counter/3/0/0/0,2791:1747647651890:,1747647654509
counter/2/0/0/0,2195:1747647651462:,1747647654509
counter/3/0/0/0,2792:1747647651890:,1747647654510
counter/4/0/0/0,2771:1747647652018:,1747647654510
counter/8/0/0/0,2757:1747647651661:,1747647654510
counter/8/0/0/0,2758:1747647651661:,1747647654510
counter/8/0/0/0,2759:1747647651661:,1747647654510
counter/9/0/0/0,2751:1747647652071:,1747647654510
counter/9/0/0/0,2752:1747647652071:,1747647654510
counter/9/0/0/0,2753:1747647652071:,1747647654510
counter/9/0/0/0,2754:1747647652071:,1747647654510
counter/9/0/0/0,2755:1747647652071:,1747647654510
counter/7/0/0/0,2337:1747647651805:,1747647654510
counter/8/0/0/0,2760:1747647651662:,1747647654511
counter/1/0/0/0,2829:1747647652141:,1747647654511
counter/7/0/0/0,2338:1747647651805:,1747647654511
counter/7/0/0/0,2339:1747647651805:,1747647654511
counter/7/0/0/0,2340:1747647651805:,1747647654511
counter/2/0/0/0,2196:1747647651462:,1747647654511
counter/2/0/0/0,2197:1747647651462:,1747647654511
counter/2/0/0/0,2198:1747647651463:,1747647654511
counter/2/0/0/0,2199:1747647651463:,1747647654511
counter/2/0/0/0,2200:1747647651463:,1747647654512
counter/3/0/0/0,2793:1747647651891:,1747647654512
counter/3/0/0/0,2794:1747647651891:,1747647654512
counter/5/0/0/0,2540:1747647651577:,1747647654512
counter/5/0/0/0,2541:1747647651577:,1747647654513
counter/5/0/0/0,2542:1747647651577:,1747647654513
counter/5/0/0/0,2543:1747647651577:,1747647654513
counter/6/0/0/0,2467:1747647651917:,1747647654513
counter/6/0/0/0,2468:1747647651917:,1747647654513
counter/6/0/0/0,2469:1747647651917:,1747647654513
counter/6/0/0/0,2470:1747647651917:,1747647654514
counter/6/0/0/0,2471:1747647651917:,1747647654514
counter/8/0/0/0,2761:1747647651662:,1747647654514
counter/10/0/0/0,2340:1747647651931:,1747647654514
counter/6/0/0/0,2472:1747647651917:,1747647654514
counter/6/0/0/0,2473:1747647651917:,1747647654514
counter/6/0/0/0,2474:1747647651917:,1747647654514
counter/6/0/0/0,2475:1747647651917:,1747647654514
counter/6/0/0/0,2476:1747647651924:,1747647654514
counter/6/0/0/0,2477:1747647651924:,1747647654514
counter/2/0/0/0,2201:1747647651463:,1747647654514
counter/3/0/0/0,2795:1747647651891:,1747647654514
counter/5/0/0/0,2544:1747647651579:,1747647654514
counter/3/0/0/0,2796:1747647651891:,1747647654514
counter/3/0/0/0,2797:1747647651891:,1747647654515
counter/9/0/0/0,2756:1747647652071:,1747647654515
counter/3/0/0/0,2798:1747647651891:,1747647654515
counter/7/0/0/0,2341:1747647651805:,1747647654515
counter/3/0/0/0,2799:1747647651891:,1747647654516
counter/7/0/0/0,2342:1747647651805:,1747647654516
counter/10/0/0/0,2341:1747647651931:,1747647654516
counter/6/0/0/0,2478:1747647651924:,1747647654516
counter/6/0/0/0,2479:1747647651937:,1747647654516
counter/6/0/0/0,2480:1747647651937:,1747647654516
counter/6/0/0/0,2481:1747647651937:,1747647654516
counter/6/0/0/0,2482:1747647651937:,1747647654516
counter/6/0/0/0,2483:1747647651937:,1747647654516
counter/5/0/0/0,2545:1747647651579:,1747647654516
counter/3/0/0/0,2800:1747647651891:,1747647654516
counter/7/0/0/0,2343:1747647651805:,1747647654516
counter/3/0/0/0,2801:1747647651891:,1747647654516
counter/10/0/0/0,2342:1747647651931:,1747647654517
counter/2/0/0/0,2202:1747647651463:,1747647654517
counter/1/0/0/0,2830:1747647652141:,1747647654517
counter/1/0/0/0,2831:1747647652141:,1747647654517
counter/1/0/0/0,2832:1747647652142:,1747647654517
counter/1/0/0/0,2833:1747647652142:,1747647654517
counter/1/0/0/0,2834:1747647652142:,1747647654517
counter/1/0/0/0,2835:1747647652142:,1747647654517
counter/1/0/0/0,2836:1747647652143:,1747647654517
counter/1/0/0/0,2837:1747647652143:,1747647654517
counter/1/0/0/0,2838:1747647652143:,1747647654517
counter/1/0/0/0,2839:1747647652143:,1747647654517
counter/4/0/0/0,2772:1747647652018:,1747647654519
counter/5/0/0/0,2546:1747647651579:,1747647654519
counter/4/0/0/0,2773:1747647652018:,1747647654520
counter/10/0/0/0,2343:1747647651931:,1747647654520
counter/2/0/0/0,2203:1747647651463:,1747647654520
counter/1/0/0/0,2840:1747647652143:,1747647654520
counter/1/0/0/0,2841:1747647652143:,1747647654520
counter/1/0/0/0,2842:1747647652143:,1747647654520
counter/1/0/0/0,2843:1747647652143:,1747647654520
counter/1/0/0/0,2844:1747647652143:,1747647654520
counter/7/0/0/0,2344:1747647651805:,1747647654521
counter/3/0/0/0,2802:1747647651891:,1747647654521
counter/5/0/0/0,2547:1747647651579:,1747647654521
counter/1/0/0/0,2845:1747647652143:,1747647654521
counter/1/0/0/0,2846:1747647652145:,1747647654521
counter/9/0/0/0,2757:1747647652071:,1747647654521
counter/9/0/0/0,2758:1747647652072:,1747647654522
counter/7/0/0/0,2345:1747647651805:,1747647654522
counter/9/0/0/0,2759:1747647652072:,1747647654522
counter/8/0/0/0,2762:1747647651662:,1747647654523
counter/4/0/0/0,2774:1747647652018:,1747647654523
counter/4/0/0/0,2775:1747647652018:,1747647654523
counter/4/0/0/0,2776:1747647652018:,1747647654523
counter/4/0/0/0,2777:1747647652019:,1747647654524
counter/2/0/0/0,2204:1747647651463:,1747647654524
counter/7/0/0/0,2346:1747647651807:,1747647654525
counter/7/0/0/0,2347:1747647651817:,1747647654525
counter/7/0/0/0,2348:1747647651817:,1747647654525
counter/7/0/0/0,2349:1747647651818:,1747647654525
counter/7/0/0/0,2350:1747647651818:,1747647654525
counter/7/0/0/0,2351:1747647651818:,1747647654525
counter/5/0/0/0,2548:1747647651579:,1747647654525
counter/7/0/0/0,2352:1747647651818:,1747647654525
counter/5/0/0/0,2549:1747647651581:,1747647654525
counter/7/0/0/0,2353:1747647651818:,1747647654525
counter/7/0/0/0,2354:1747647651818:,1747647654526
counter/5/0/0/0,2550:1747647651582:,1747647654526
counter/7/0/0/0,2355:1747647651818:,1747647654526
counter/5/0/0/0,2551:1747647651582:,1747647654526
counter/5/0/0/0,2552:1747647651582:,1747647654526
counter/3/0/0/0,2803:1747647651891:,1747647654526
counter/3/0/0/0,2804:1747647651891:,1747647654526
counter/5/0/0/0,2553:1747647651582:,1747647654526
counter/9/0/0/0,2760:1747647652072:,1747647654526
counter/9/0/0/0,2761:1747647652073:,1747647654526
counter/9/0/0/0,2762:1747647652073:,1747647654526
counter/9/0/0/0,2763:1747647652073:,1747647654526
counter/9/0/0/0,2764:1747647652073:,1747647654527
counter/4/0/0/0,2778:1747647652019:,1747647654527
counter/9/0/0/0,2765:1747647652073:,1747647654527
counter/10/0/0/0,2344:1747647651931:,1747647654527
counter/8/0/0/0,2763:1747647651662:,1747647654527
counter/7/0/0/0,2356:1747647651818:,1747647654527
counter/9/0/0/0,2766:1747647652073:,1747647654527
counter/7/0/0/0,2357:1747647651818:,1747647654527
counter/9/0/0/0,2767:1747647652073:,1747647654527
counter/9/0/0/0,2768:1747647652073:,1747647654527
counter/9/0/0/0,2769:1747647652073:,1747647654527
counter/9/0/0/0,2770:1747647652073:,1747647654527
counter/9/0/0/0,2771:1747647652073:,1747647654527
counter/3/0/0/0,2805:1747647651891:,1747647654529
counter/10/0/0/0,2345:1747647651931:,1747647654530
counter/4/0/0/0,2779:1747647652019:,1747647654530
counter/7/0/0/0,2358:1747647651818:,1747647654531
counter/9/0/0/0,2772:1747647652073:,1747647654531
counter/9/0/0/0,2773:1747647652073:,1747647654531
counter/7/0/0/0,2359:1747647651824:,1747647654531
counter/2/0/0/0,2205:1747647651469:,1747647654534
counter/2/0/0/0,2206:1747647651469:,1747647654534
counter/2/0/0/0,2207:1747647651469:,1747647654534
counter/5/0/0/0,2554:1747647651582:,1747647654534
counter/5/0/0/0,2555:1747647651582:,1747647654534
counter/5/0/0/0,2556:1747647651582:,1747647654534
counter/5/0/0/0,2557:1747647651582:,1747647654534
counter/5/0/0/0,2558:1747647651582:,1747647654534
counter/5/0/0/0,2559:1747647651582:,1747647654534
counter/3/0/0/0,2806:1747647651892:,1747647654536
counter/2/0/0/0,2208:1747647651469:,1747647654536
counter/3/0/0/0,2807:1747647651892:,1747647654539
counter/2/0/0/0,2209:1747647651469:,1747647654539
counter/3/0/0/0,2808:1747647651892:,1747647654540
counter/8/0/0/0,2764:1747647651663:,1747647654540
counter/10/0/0/0,2346:1747647651931:,1747647654540
counter/5/0/0/0,2560:1747647651582:,1747647654542
counter/9/0/0/0,2774:1747647652073:,1747647654543
counter/9/0/0/0,2775:1747647652073:,1747647654543
counter/9/0/0/0,2776:1747647652073:,1747647654543
counter/9/0/0/0,2777:1747647652073:,1747647654543
counter/9/0/0/0,2778:1747647652073:,1747647654543
counter/9/0/0/0,2779:1747647652073:,1747647654544
counter/9/0/0/0,2780:1747647652073:,1747647654544
counter/9/0/0/0,2781:1747647652073:,1747647654544
counter/9/0/0/0,2782:1747647652073:,1747647654544
counter/9/0/0/0,2783:1747647652074:,1747647654544
counter/9/0/0/0,2784:1747647652074:,1747647654544
counter/9/0/0/0,2785:1747647652074:,1747647654544
counter/9/0/0/0,2786:1747647652074:,1747647654544
counter/9/0/0/0,2787:1747647652074:,1747647654544
counter/5/0/0/0,2561:1747647651588:,1747647654544
counter/5/0/0/0,2562:1747647651593:,1747647654544
counter/1/0/0/0,2847:1747647652146:,1747647654544
counter/1/0/0/0,2848:1747647652146:,1747647654544
counter/1/0/0/0,2849:1747647652146:,1747647654545
counter/1/0/0/0,2850:1747647652146:,1747647654545
counter/2/0/0/0,2210:1747647651469:,1747647654545
counter/8/0/0/0,2765:1747647651663:,1747647654545
counter/10/0/0/0,2347:1747647651931:,1747647654545
counter/8/0/0/0,2766:1747647651663:,1747647654545
counter/10/0/0/0,2348:1747647651931:,1747647654545
counter/4/0/0/0,2780:1747647652019:,1747647654545
counter/2/0/0/0,2211:1747647651469:,1747647654545
counter/9/0/0/0,2788:1747647652074:,1747647654545
counter/2/0/0/0,2212:1747647651469:,1747647654545
counter/2/0/0/0,2213:1747647651469:,1747647654545
counter/2/0/0/0,2214:1747647651469:,1747647654545
counter/2/0/0/0,2215:1747647651469:,1747647654545
counter/2/0/0/0,2216:1747647651469:,1747647654546
counter/2/0/0/0,2217:1747647651469:,1747647654546
counter/2/0/0/0,2218:1747647651469:,1747647654546
counter/2/0/0/0,2219:1747647651471:,1747647654546
counter/2/0/0/0,2220:1747647651471:,1747647654546
counter/2/0/0/0,2221:1747647651471:,1747647654546
counter/2/0/0/0,2222:1747647651471:,1747647654546
counter/6/0/0/0,2484:1747647651937:,1747647654546
counter/10/0/0/0,2349:1747647651934:,1747647654546
counter/5/0/0/0,2563:1747647651593:,1747647654546
counter/5/0/0/0,2564:1747647651593:,1747647654547
counter/5/0/0/0,2565:1747647651594:,1747647654547
counter/5/0/0/0,2566:1747647651597:,1747647654547
counter/5/0/0/0,2567:1747647651597:,1747647654547
counter/5/0/0/0,2568:1747647651597:,1747647654547
counter/5/0/0/0,2569:1747647651597:,1747647654547
counter/5/0/0/0,2570:1747647651597:,1747647654547
counter/5/0/0/0,2571:1747647651599:,1747647654547
counter/5/0/0/0,2572:1747647651599:,1747647654547
counter/5/0/0/0,2573:1747647651599:,1747647654547
counter/5/0/0/0,2574:1747647651599:,1747647654547
counter/5/0/0/0,2575:1747647651599:,1747647654547
counter/3/0/0/0,2809:1747647651894:,1747647654547
counter/10/0/0/0,2350:1747647651934:,1747647654549
counter/2/0/0/0,2223:1747647651472:,1747647654549
counter/8/0/0/0,2767:1747647651663:,1747647654549
counter/8/0/0/0,2768:1747647651663:,1747647654549
counter/8/0/0/0,2769:1747647651663:,1747647654549
counter/8/0/0/0,2770:1747647651663:,1747647654549
counter/9/0/0/0,2789:1747647652074:,1747647654549
counter/8/0/0/0,2771:1747647651663:,1747647654549
counter/3/0/0/0,2810:1747647651903:,1747647654550
counter/9/0/0/0,2790:1747647652074:,1747647654550
counter/9/0/0/0,2791:1747647652074:,1747647654550
counter/3/0/0/0,2811:1747647651903:,1747647654550
counter/7/0/0/0,2360:1747647651824:,1747647654554
counter/10/0/0/0,2351:1747647651934:,1747647654554
counter/7/0/0/0,2361:1747647651824:,1747647654554
counter/7/0/0/0,2362:1747647651824:,1747647654554
counter/7/0/0/0,2363:1747647651824:,1747647654554
counter/7/0/0/0,2364:1747647651824:,1747647654554
counter/5/0/0/0,2576:1747647651599:,1747647654554
counter/7/0/0/0,2365:1747647651824:,1747647654554
counter/7/0/0/0,2366:1747647651824:,1747647654554
counter/4/0/0/0,2781:1747647652020:,1747647654554
counter/4/0/0/0,2782:1747647652020:,1747647654554
counter/4/0/0/0,2783:1747647652020:,1747647654555
counter/4/0/0/0,2784:1747647652020:,1747647654555
counter/2/0/0/0,2224:1747647651472:,1747647654555
counter/3/0/0/0,2812:1747647651903:,1747647654555
counter/1/0/0/0,2851:1747647652146:,1747647654558
counter/9/0/0/0,2792:1747647652074:,1747647654558
counter/9/0/0/0,2793:1747647652074:,1747647654558
counter/9/0/0/0,2794:1747647652074:,1747647654558
counter/6/0/0/0,2485:1747647651937:,1747647654559
counter/6/0/0/0,2486:1747647651937:,1747647654559
counter/6/0/0/0,2487:1747647651937:,1747647654559
counter/8/0/0/0,2772:1747647651663:,1747647654559
counter/3/0/0/0,2813:1747647651903:,1747647654559
counter/10/0/0/0,2352:1747647651934:,1747647654561
counter/3/0/0/0,2814:1747647651903:,1747647654561
counter/3/0/0/0,2815:1747647651903:,1747647654561
counter/3/0/0/0,2816:1747647651903:,1747647654561
counter/2/0/0/0,2225:1747647651472:,1747647654563
counter/2/0/0/0,2226:1747647651473:,1747647654563
counter/3/0/0/0,2817:1747647651903:,1747647654563
counter/4/0/0/0,2785:1747647652020:,1747647654563
counter/4/0/0/0,2786:1747647652020:,1747647654563
counter/4/0/0/0,2787:1747647652020:,1747647654563
counter/4/0/0/0,2788:1747647652020:,1747647654563
counter/4/0/0/0,2789:1747647652020:,1747647654563
counter/4/0/0/0,2790:1747647652020:,1747647654563
counter/4/0/0/0,2791:1747647652021:,1747647654563
counter/4/0/0/0,2792:1747647652021:,1747647654563
counter/3/0/0/0,2818:1747647651903:,1747647654564
counter/3/0/0/0,2819:1747647651903:,1747647654564
counter/3/0/0/0,2820:1747647651904:,1747647654564
counter/3/0/0/0,2821:1747647651904:,1747647654564
counter/3/0/0/0,2822:1747647651904:,1747647654564
counter/3/0/0/0,2823:1747647651904:,1747647654564
counter/3/0/0/0,2824:1747647651906:,1747647654564
counter/10/0/0/0,2353:1747647651934:,1747647654564
counter/3/0/0/0,2825:1747647651906:,1747647654565
counter/3/0/0/0,2826:1747647651906:,1747647654565
counter/3/0/0/0,2827:1747647651910:,1747647654565
counter/3/0/0/0,2828:1747647651921:,1747647654565
counter/3/0/0/0,2829:1747647651921:,1747647654565
counter/3/0/0/0,2830:1747647651921:,1747647654565
counter/3/0/0/0,2831:1747647651921:,1747647654565
counter/3/0/0/0,2832:1747647651923:,1747647654565
counter/3/0/0/0,2833:1747647651923:,1747647654566
counter/8/0/0/0,2773:1747647651663:,1747647654566
counter/3/0/0/0,2834:1747647651923:,1747647654566
counter/2/0/0/0,2227:1747647651473:,1747647654566
counter/10/0/0/0,2354:1747647651940:,1747647654566
counter/2/0/0/0,2228:1747647651473:,1747647654567
counter/2/0/0/0,2229:1747647651473:,1747647654567
counter/2/0/0/0,2230:1747647651473:,1747647654567
counter/2/0/0/0,2231:1747647651473:,1747647654567
counter/2/0/0/0,2232:1747647651473:,1747647654567
counter/2/0/0/0,2233:1747647651474:,1747647654567
counter/2/0/0/0,2234:1747647651474:,1747647654567
counter/2/0/0/0,2235:1747647651474:,1747647654567
counter/5/0/0/0,2577:1747647651599:,1747647654567
counter/2/0/0/0,2236:1747647651476:,1747647654567
counter/4/0/0/0,2793:1747647652021:,1747647654567
counter/4/0/0/0,2794:1747647652021:,1747647654568
counter/9/0/0/0,2795:1747647652081:,1747647654569
counter/9/0/0/0,2796:1747647652081:,1747647654569
counter/9/0/0/0,2797:1747647652081:,1747647654569
counter/4/0/0/0,2795:1747647652021:,1747647654569
counter/9/0/0/0,2798:1747647652081:,1747647654569
counter/9/0/0/0,2799:1747647652081:,1747647654569
counter/9/0/0/0,2800:1747647652081:,1747647654569
counter/9/0/0/0,2801:1747647652081:,1747647654569
counter/4/0/0/0,2796:1747647652021:,1747647654569
counter/4/0/0/0,2797:1747647652021:,1747647654569
counter/4/0/0/0,2798:1747647652021:,1747647654569
counter/4/0/0/0,2799:1747647652025:,1747647654569
counter/3/0/0/0,2835:1747647651923:,1747647654569
counter/4/0/0/0,2800:1747647652025:,1747647654570
counter/4/0/0/0,2801:1747647652026:,1747647654570
counter/4/0/0/0,2802:1747647652026:,1747647654570
counter/4/0/0/0,2803:1747647652026:,1747647654570
counter/4/0/0/0,2804:1747647652026:,1747647654570
counter/4/0/0/0,2805:1747647652026:,1747647654570
counter/1/0/0/0,2852:1747647652146:,1747647654571
counter/9/0/0/0,2802:1747647652081:,1747647654572
counter/2/0/0/0,2237:1747647651476:,1747647654572
counter/5/0/0/0,2578:1747647651599:,1747647654573
counter/10/0/0/0,2355:1747647651940:,1747647654573
counter/10/0/0/0,2356:1747647651940:,1747647654573
counter/10/0/0/0,2357:1747647651940:,1747647654573
counter/9/0/0/0,2803:1747647652081:,1747647654574
counter/7/0/0/0,2367:1747647651824:,1747647654574
counter/7/0/0/0,2368:1747647651824:,1747647654574
counter/7/0/0/0,2369:1747647651824:,1747647654574
counter/7/0/0/0,2370:1747647651825:,1747647654574
counter/7/0/0/0,2371:1747647651825:,1747647654574
counter/7/0/0/0,2372:1747647651825:,1747647654574
counter/7/0/0/0,2373:1747647651825:,1747647654574
counter/7/0/0/0,2374:1747647651825:,1747647654574
counter/7/0/0/0,2375:1747647651825:,1747647654575
counter/7/0/0/0,2376:1747647651825:,1747647654575
counter/7/0/0/0,2377:1747647651825:,1747647654575
counter/7/0/0/0,2378:1747647651825:,1747647654575
counter/7/0/0/0,2379:1747647651825:,1747647654575
counter/7/0/0/0,2380:1747647651825:,1747647654575
counter/7/0/0/0,2381:1747647651825:,1747647654575
counter/8/0/0/0,2774:1747647651663:,1747647654575
counter/4/0/0/0,2806:1747647652026:,1747647654576
counter/4/0/0/0,2807:1747647652026:,1747647654576
counter/10/0/0/0,2358:1747647651940:,1747647654576
counter/7/0/0/0,2382:1747647651825:,1747647654576
counter/7/0/0/0,2383:1747647651825:,1747647654576
counter/7/0/0/0,2384:1747647651825:,1747647654576
counter/7/0/0/0,2385:1747647651825:,1747647654576
counter/7/0/0/0,2386:1747647651825:,1747647654576
counter/7/0/0/0,2387:1747647651825:,1747647654576
counter/1/0/0/0,2853:1747647652146:,1747647654576
counter/8/0/0/0,2775:1747647651663:,1747647654577
counter/1/0/0/0,2854:1747647652146:,1747647654577
counter/1/0/0/0,2855:1747647652146:,1747647654577
counter/1/0/0/0,2856:1747647652146:,1747647654577
counter/7/0/0/0,2388:1747647651825:,1747647654577
counter/6/0/0/0,2488:1747647651943:,1747647654578
counter/2/0/0/0,2238:1747647651476:,1747647654578
counter/6/0/0/0,2489:1747647651943:,1747647654578
counter/6/0/0/0,2490:1747647651943:,1747647654578
counter/6/0/0/0,2491:1747647651943:,1747647654578
counter/6/0/0/0,2492:1747647651943:,1747647654578
counter/6/0/0/0,2493:1747647651943:,1747647654578
counter/4/0/0/0,2808:1747647652026:,1747647654579
counter/9/0/0/0,2804:1747647652081:,1747647654579
counter/3/0/0/0,2836:1747647651923:,1747647654579
counter/3/0/0/0,2837:1747647651923:,1747647654579
counter/3/0/0/0,2838:1747647651923:,1747647654579
counter/3/0/0/0,2839:1747647651923:,1747647654579
counter/3/0/0/0,2840:1747647651923:,1747647654579
counter/3/0/0/0,2841:1747647651924:,1747647654579
counter/3/0/0/0,2842:1747647651924:,1747647654580
counter/8/0/0/0,2776:1747647651663:,1747647654580
counter/3/0/0/0,2843:1747647651924:,1747647654580
counter/8/0/0/0,2777:1747647651664:,1747647654580
counter/3/0/0/0,2844:1747647651924:,1747647654581
counter/5/0/0/0,2579:1747647651599:,1747647654581
counter/5/0/0/0,2580:1747647651599:,1747647654581
counter/5/0/0/0,2581:1747647651599:,1747647654581
counter/5/0/0/0,2582:1747647651599:,1747647654581
counter/5/0/0/0,2583:1747647651599:,1747647654581
counter/5/0/0/0,2584:1747647651599:,1747647654581
counter/10/0/0/0,2359:1747647651940:,1747647654581
counter/10/0/0/0,2360:1747647651940:,1747647654581
counter/10/0/0/0,2361:1747647651940:,1747647654581
counter/10/0/0/0,2362:1747647651940:,1747647654581
counter/10/0/0/0,2363:1747647651941:,1747647654581
counter/9/0/0/0,2805:1747647652081:,1747647654581
counter/2/0/0/0,2239:1747647651476:,1747647654581
counter/3/0/0/0,2845:1747647651924:,1747647654582
counter/4/0/0/0,2809:1747647652026:,1747647654582
counter/5/0/0/0,2585:1747647651600:,1747647654582
counter/10/0/0/0,2364:1747647651941:,1747647654582
counter/5/0/0/0,2586:1747647651600:,1747647654582
counter/5/0/0/0,2587:1747647651600:,1747647654582
counter/5/0/0/0,2588:1747647651600:,1747647654582
counter/5/0/0/0,2589:1747647651600:,1747647654582
counter/5/0/0/0,2590:1747647651600:,1747647654582
counter/5/0/0/0,2591:1747647651600:,1747647654583
counter/7/0/0/0,2389:1747647651825:,1747647654583
counter/10/0/0/0,2365:1747647651941:,1747647654583
counter/7/0/0/0,2390:1747647651825:,1747647654584
counter/7/0/0/0,2391:1747647651825:,1747647654585
counter/7/0/0/0,2392:1747647651825:,1747647654585
counter/7/0/0/0,2393:1747647651825:,1747647654585
counter/5/0/0/0,2592:1747647651600:,1747647654585
counter/7/0/0/0,2394:1747647651826:,1747647654585
counter/6/0/0/0,2494:1747647651943:,1747647654586
counter/8/0/0/0,2778:1747647651664:,1747647654586
counter/3/0/0/0,2846:1747647651925:,1747647654588
counter/3/0/0/0,2847:1747647651948:,1747647654588
counter/3/0/0/0,2848:1747647651949:,1747647654588
counter/3/0/0/0,2849:1747647651949:,1747647654588
counter/3/0/0/0,2850:1747647651949:,1747647654588
counter/3/0/0/0,2851:1747647651952:,1747647654588
counter/3/0/0/0,2852:1747647651963:,1747647654589
counter/5/0/0/0,2593:1747647651600:,1747647654589
counter/2/0/0/0,2240:1747647651476:,1747647654590
counter/5/0/0/0,2594:1747647651600:,1747647654590
counter/5/0/0/0,2595:1747647651600:,1747647654590
counter/5/0/0/0,2596:1747647651600:,1747647654590
counter/5/0/0/0,2597:1747647651600:,1747647654590
counter/5/0/0/0,2598:1747647651600:,1747647654590
counter/5/0/0/0,2599:1747647651600:,1747647654590
counter/5/0/0/0,2600:1747647651603:,1747647654590
counter/4/0/0/0,2810:1747647652026:,1747647654590
counter/5/0/0/0,2601:1747647651603:,1747647654590
counter/5/0/0/0,2602:1747647651603:,1747647654590
counter/10/0/0/0,2366:1747647651941:,1747647654590
counter/7/0/0/0,2395:1747647651826:,1747647654590
counter/10/0/0/0,2367:1747647651941:,1747647654591
counter/10/0/0/0,2368:1747647651941:,1747647654591
counter/2/0/0/0,2241:1747647651476:,1747647654591
counter/5/0/0/0,2603:1747647651603:,1747647654591
counter/5/0/0/0,2604:1747647651603:,1747647654591
counter/5/0/0/0,2605:1747647651603:,1747647654591
counter/5/0/0/0,2606:1747647651603:,1747647654591
counter/5/0/0/0,2607:1747647651607:,1747647654591
counter/5/0/0/0,2608:1747647651607:,1747647654592
counter/5/0/0/0,2609:1747647651607:,1747647654593
counter/5/0/0/0,2610:1747647651607:,1747647654593
counter/5/0/0/0,2611:1747647651607:,1747647654593
counter/5/0/0/0,2612:1747647651618:,1747647654593
counter/8/0/0/0,2779:1747647651673:,1747647654593
counter/9/0/0/0,2806:1747647652081:,1747647654593
counter/9/0/0/0,2807:1747647652081:,1747647654593
counter/2/0/0/0,2242:1747647651476:,1747647654593
counter/6/0/0/0,2495:1747647651943:,1747647654593
counter/9/0/0/0,2808:1747647652081:,1747647654595
counter/2/0/0/0,2243:1747647651476:,1747647654595
counter/2/0/0/0,2244:1747647651476:,1747647654595
counter/2/0/0/0,2245:1747647651476:,1747647654595
counter/4/0/0/0,2811:1747647652026:,1747647654595
counter/2/0/0/0,2246:1747647651476:,1747647654595
counter/4/0/0/0,2812:1747647652026:,1747647654595
counter/7/0/0/0,2396:1747647651826:,1747647654596
counter/4/0/0/0,2813:1747647652026:,1747647654596
counter/5/0/0/0,2613:1747647651621:,1747647654596
counter/4/0/0/0,2814:1747647652026:,1747647654596
counter/3/0/0/0,2853:1747647651963:,1747647654596
counter/5/0/0/0,2614:1747647651621:,1747647654596
counter/6/0/0/0,2496:1747647651943:,1747647654597
counter/10/0/0/0,2369:1747647651941:,1747647654597
counter/10/0/0/0,2370:1747647651941:,1747647654597
counter/10/0/0/0,2371:1747647651941:,1747647654597
counter/10/0/0/0,2372:1747647651941:,1747647654597
counter/10/0/0/0,2373:1747647651941:,1747647654597
counter/10/0/0/0,2374:1747647651941:,1747647654597
counter/10/0/0/0,2375:1747647651941:,1747647654597
counter/2/0/0/0,2247:1747647651476:,1747647654598
counter/10/0/0/0,2376:1747647651941:,1747647654598
counter/7/0/0/0,2397:1747647651826:,1747647654598
counter/8/0/0/0,2780:1747647651673:,1747647654598
counter/8/0/0/0,2781:1747647651673:,1747647654598
counter/8/0/0/0,2782:1747647651673:,1747647654598
counter/8/0/0/0,2783:1747647651673:,1747647654598
counter/8/0/0/0,2784:1747647651673:,1747647654598
counter/8/0/0/0,2785:1747647651673:,1747647654598
counter/2/0/0/0,2248:1747647651476:,1747647654599
counter/2/0/0/0,2249:1747647651476:,1747647654599
counter/3/0/0/0,2854:1747647651963:,1747647654599
counter/2/0/0/0,2250:1747647651476:,1747647654599
counter/2/0/0/0,2251:1747647651476:,1747647654599
counter/2/0/0/0,2252:1747647651476:,1747647654599
counter/2/0/0/0,2253:1747647651476:,1747647654599
counter/2/0/0/0,2254:1747647651476:,1747647654599
counter/2/0/0/0,2255:1747647651480:,1747647654599
counter/7/0/0/0,2398:1747647651826:,1747647654600
counter/3/0/0/0,2855:1747647651963:,1747647654600
counter/1/0/0/0,2857:1747647652146:,1747647654600
counter/9/0/0/0,2809:1747647652083:,1747647654600
counter/1/0/0/0,2858:1747647652146:,1747647654600
counter/1/0/0/0,2859:1747647652146:,1747647654600
counter/1/0/0/0,2860:1747647652146:,1747647654600
counter/2/0/0/0,2256:1747647651480:,1747647654602
counter/2/0/0/0,2257:1747647651480:,1747647654602
counter/2/0/0/0,2258:1747647651480:,1747647654602
counter/2/0/0/0,2259:1747647651484:,1747647654603
counter/8/0/0/0,2786:1747647651673:,1747647654603
counter/4/0/0/0,2815:1747647652026:,1747647654603
counter/7/0/0/0,2399:1747647651826:,1747647654603
counter/4/0/0/0,2816:1747647652026:,1747647654603
counter/4/0/0/0,2817:1747647652026:,1747647654604
counter/3/0/0/0,2856:1747647651963:,1747647654604
counter/9/0/0/0,2810:1747647652090:,1747647654604
counter/6/0/0/0,2497:1747647651948:,1747647654604
counter/6/0/0/0,2498:1747647651948:,1747647654604
counter/6/0/0/0,2499:1747647651948:,1747647654604
counter/6/0/0/0,2500:1747647651953:,1747647654604
counter/6/0/0/0,2501:1747647651953:,1747647654604
counter/6/0/0/0,2502:1747647651953:,1747647654604
counter/6/0/0/0,2503:1747647651953:,1747647654604
counter/5/0/0/0,2615:1747647651621:,1747647654604
counter/10/0/0/0,2377:1747647651941:,1747647654604
counter/9/0/0/0,2811:1747647652090:,1747647654604
counter/9/0/0/0,2812:1747647652090:,1747647654604
counter/9/0/0/0,2813:1747647652090:,1747647654605
counter/9/0/0/0,2814:1747647652090:,1747647654605
counter/9/0/0/0,2815:1747647652090:,1747647654605
counter/4/0/0/0,2818:1747647652026:,1747647654608
counter/4/0/0/0,2819:1747647652026:,1747647654608
counter/4/0/0/0,2820:1747647652026:,1747647654608
counter/3/0/0/0,2857:1747647651963:,1747647654608
counter/4/0/0/0,2821:1747647652026:,1747647654608
counter/4/0/0/0,2822:1747647652026:,1747647654608
counter/10/0/0/0,2378:1747647651941:,1747647654608
counter/4/0/0/0,2823:1747647652026:,1747647654608
counter/7/0/0/0,2400:1747647651826:,1747647654608
counter/7/0/0/0,2401:1747647651826:,1747647654609
counter/7/0/0/0,2402:1747647651826:,1747647654609
counter/7/0/0/0,2403:1747647651826:,1747647654609
counter/7/0/0/0,2404:1747647651826:,1747647654609
counter/7/0/0/0,2405:1747647651826:,1747647654609
counter/7/0/0/0,2406:1747647651826:,1747647654609
counter/7/0/0/0,2407:1747647651826:,1747647654609
counter/9/0/0/0,2816:1747647652090:,1747647654610
counter/10/0/0/0,2379:1747647651941:,1747647654610
counter/9/0/0/0,2817:1747647652090:,1747647654611
counter/10/0/0/0,2380:1747647651941:,1747647654611
counter/10/0/0/0,2381:1747647651941:,1747647654611
counter/10/0/0/0,2382:1747647651942:,1747647654611
counter/10/0/0/0,2383:1747647651942:,1747647654611
counter/10/0/0/0,2384:1747647651942:,1747647654611
counter/6/0/0/0,2504:1747647651953:,1747647654611
counter/10/0/0/0,2385:1747647651942:,1747647654611
counter/7/0/0/0,2408:1747647651826:,1747647654611
counter/2/0/0/0,2260:1747647651484:,1747647654612
counter/5/0/0/0,2616:1747647651621:,1747647654612
counter/8/0/0/0,2787:1747647651673:,1747647654613
counter/4/0/0/0,2824:1747647652026:,1747647654613
counter/9/0/0/0,2818:1747647652091:,1747647654614
counter/9/0/0/0,2819:1747647652122:,1747647654614
counter/9/0/0/0,2820:1747647652122:,1747647654614
counter/9/0/0/0,2821:1747647652122:,1747647654614
counter/9/0/0/0,2822:1747647652122:,1747647654614
counter/9/0/0/0,2823:1747647652122:,1747647654614
counter/9/0/0/0,2824:1747647652122:,1747647654614
counter/9/0/0/0,2825:1747647652122:,1747647654614
counter/9/0/0/0,2826:1747647652125:,1747647654614
counter/9/0/0/0,2827:1747647652125:,1747647654615
counter/2/0/0/0,2261:1747647651484:,1747647654615
counter/9/0/0/0,2828:1747647652125:,1747647654615
counter/5/0/0/0,2617:1747647651621:,1747647654615
counter/4/0/0/0,2825:1747647652026:,1747647654615
counter/2/0/0/0,2262:1747647651487:,1747647654615
counter/2/0/0/0,2263:1747647651487:,1747647654615
counter/2/0/0/0,2264:1747647651487:,1747647654615
counter/2/0/0/0,2265:1747647651487:,1747647654615
counter/2/0/0/0,2266:1747647651511:,1747647654615
counter/2/0/0/0,2267:1747647651511:,1747647654616
counter/2/0/0/0,2268:1747647651511:,1747647654616
counter/3/0/0/0,2858:1747647651963:,1747647654616
counter/6/0/0/0,2505:1747647651953:,1747647654616
counter/10/0/0/0,2386:1747647651942:,1747647654616
counter/1/0/0/0,2861:1747647652146:,1747647654616
counter/2/0/0/0,2269:1747647651511:,1747647654616
counter/3/0/0/0,2859:1747647651963:,1747647654616
counter/3/0/0/0,2860:1747647651963:,1747647654617
counter/3/0/0/0,2861:1747647651963:,1747647654618
counter/10/0/0/0,2387:1747647651942:,1747647654618
counter/1/0/0/0,2862:1747647652146:,1747647654618
counter/4/0/0/0,2826:1747647652026:,1747647654618
counter/4/0/0/0,2827:1747647652026:,1747647654618
counter/4/0/0/0,2828:1747647652026:,1747647654618
counter/4/0/0/0,2829:1747647652026:,1747647654618
counter/4/0/0/0,2830:1747647652027:,1747647654618
counter/4/0/0/0,2831:1747647652032:,1747647654619
counter/4/0/0/0,2832:1747647652032:,1747647654619
counter/4/0/0/0,2833:1747647652032:,1747647654619
counter/4/0/0/0,2834:1747647652032:,1747647654619
counter/4/0/0/0,2835:1747647652032:,1747647654619
counter/4/0/0/0,2836:1747647652032:,1747647654619
counter/4/0/0/0,2837:1747647652032:,1747647654619
counter/4/0/0/0,2838:1747647652032:,1747647654619
counter/6/0/0/0,2506:1747647651954:,1747647654619
counter/2/0/0/0,2270:1747647651511:,1747647654619
counter/6/0/0/0,2507:1747647651954:,1747647654619
counter/6/0/0/0,2508:1747647651954:,1747647654619
counter/4/0/0/0,2839:1747647652032:,1747647654620
counter/4/0/0/0,2840:1747647652032:,1747647654620
counter/4/0/0/0,2841:1747647652032:,1747647654620
counter/4/0/0/0,2842:1747647652032:,1747647654620
counter/4/0/0/0,2843:1747647652032:,1747647654620
counter/4/0/0/0,2844:1747647652035:,1747647654620
counter/4/0/0/0,2845:1747647652040:,1747647654620
counter/4/0/0/0,2846:1747647652040:,1747647654620
counter/4/0/0/0,2847:1747647652040:,1747647654620
counter/4/0/0/0,2848:1747647652040:,1747647654620
counter/4/0/0/0,2849:1747647652040:,1747647654620
counter/10/0/0/0,2388:1747647651942:,1747647654620
counter/8/0/0/0,2788:1747647651673:,1747647654621
counter/7/0/0/0,2409:1747647651826:,1747647654621
counter/4/0/0/0,2850:1747647652040:,1747647654624
counter/7/0/0/0,2410:1747647651826:,1747647654624
counter/4/0/0/0,2851:1747647652040:,1747647654626
counter/7/0/0/0,2411:1747647651826:,1747647654626
counter/8/0/0/0,2789:1747647651673:,1747647654626
counter/9/0/0/0,2829:1747647652125:,1747647654626
counter/9/0/0/0,2830:1747647652125:,1747647654626
counter/9/0/0/0,2831:1747647652125:,1747647654626
counter/9/0/0/0,2832:1747647652125:,1747647654626
counter/9/0/0/0,2833:1747647652125:,1747647654626
counter/9/0/0/0,2834:1747647652125:,1747647654626
counter/9/0/0/0,2835:1747647652125:,1747647654626
counter/9/0/0/0,2836:1747647652125:,1747647654626
counter/9/0/0/0,2837:1747647652125:,1747647654626
counter/9/0/0/0,2838:1747647652125:,1747647654626
counter/9/0/0/0,2839:1747647652125:,1747647654627
counter/2/0/0/0,2271:1747647651511:,1747647654627
counter/8/0/0/0,2790:1747647651673:,1747647654628
counter/1/0/0/0,2863:1747647652152:,1747647654628
counter/1/0/0/0,2864:1747647652152:,1747647654628
counter/1/0/0/0,2865:1747647652152:,1747647654628
counter/1/0/0/0,2866:1747647652152:,1747647654628
counter/1/0/0/0,2867:1747647652152:,1747647654628
counter/1/0/0/0,2868:1747647652152:,1747647654628
counter/2/0/0/0,2272:1747647651511:,1747647654629
counter/2/0/0/0,2273:1747647651511:,1747647654629
counter/2/0/0/0,2274:1747647651511:,1747647654629
counter/2/0/0/0,2275:1747647651511:,1747647654630
counter/2/0/0/0,2276:1747647651511:,1747647654630
counter/2/0/0/0,2277:1747647651511:,1747647654630
counter/2/0/0/0,2278:1747647651511:,1747647654630
counter/3/0/0/0,2862:1747647651963:,1747647654630
counter/3/0/0/0,2863:1747647651963:,1747647654630
counter/1/0/0/0,2869:1747647652152:,1747647654630
counter/1/0/0/0,2870:1747647652152:,1747647654630
counter/4/0/0/0,2852:1747647652040:,1747647654635
counter/4/0/0/0,2853:1747647652040:,1747647654635
counter/4/0/0/0,2854:1747647652040:,1747647654635
counter/4/0/0/0,2855:1747647652040:,1747647654635
counter/4/0/0/0,2856:1747647652040:,1747647654635
counter/1/0/0/0,2871:1747647652152:,1747647654636
counter/4/0/0/0,2857:1747647652040:,1747647654637
counter/8/0/0/0,2791:1747647651697:,1747647654637
counter/5/0/0/0,2618:1747647651621:,1747647654637
counter/10/0/0/0,2389:1747647651942:,1747647654637
counter/10/0/0/0,2390:1747647651942:,1747647654637
counter/10/0/0/0,2391:1747647651942:,1747647654637
counter/10/0/0/0,2392:1747647651942:,1747647654637
counter/2/0/0/0,2279:1747647651511:,1747647654637
counter/1/0/0/0,2872:1747647652152:,1747647654637
counter/4/0/0/0,2858:1747647652040:,1747647654638
counter/4/0/0/0,2859:1747647652040:,1747647654638
counter/4/0/0/0,2860:1747647652040:,1747647654638
counter/4/0/0/0,2861:1747647652040:,1747647654638
counter/4/0/0/0,2862:1747647652040:,1747647654638
counter/4/0/0/0,2863:1747647652040:,1747647654639
counter/4/0/0/0,2864:1747647652044:,1747647654639
counter/8/0/0/0,2792:1747647651698:,1747647654639
counter/5/0/0/0,2619:1747647651621:,1747647654639
counter/4/0/0/0,2865:1747647652045:,1747647654639
counter/10/0/0/0,2393:1747647651942:,1747647654639
counter/10/0/0/0,2394:1747647651942:,1747647654639
counter/6/0/0/0,2509:1747647651954:,1747647654639
counter/6/0/0/0,2510:1747647651954:,1747647654639
counter/6/0/0/0,2511:1747647651954:,1747647654639
counter/6/0/0/0,2512:1747647651954:,1747647654640
counter/3/0/0/0,2864:1747647651963:,1747647654640
counter/3/0/0/0,2865:1747647651963:,1747647654640
counter/3/0/0/0,2866:1747647651963:,1747647654640
counter/7/0/0/0,2412:1747647651826:,1747647654640
counter/7/0/0/0,2413:1747647651828:,1747647654640
counter/7/0/0/0,2414:1747647651828:,1747647654640
counter/5/0/0/0,2620:1747647651621:,1747647654640
counter/4/0/0/0,2866:1747647652045:,1747647654640
counter/4/0/0/0,2867:1747647652045:,1747647654641
counter/4/0/0/0,2868:1747647652045:,1747647654641
counter/4/0/0/0,2869:1747647652048:,1747647654641
counter/4/0/0/0,2870:1747647652054:,1747647654641
counter/4/0/0/0,2871:1747647652054:,1747647654641
counter/4/0/0/0,2872:1747647652054:,1747647654641
counter/4/0/0/0,2873:1747647652054:,1747647654641
counter/4/0/0/0,2874:1747647652054:,1747647654641
counter/4/0/0/0,2875:1747647652054:,1747647654641
counter/3/0/0/0,2867:1747647651968:,1747647654641
counter/7/0/0/0,2415:1747647651828:,1747647654642
counter/7/0/0/0,2416:1747647651828:,1747647654642
counter/4/0/0/0,2876:1747647652054:,1747647654642
counter/3/0/0/0,2868:1747647651969:,1747647654642
counter/3/0/0/0,2869:1747647651969:,1747647654642
counter/3/0/0/0,2870:1747647651969:,1747647654642
counter/3/0/0/0,2871:1747647651969:,1747647654642
counter/8/0/0/0,2793:1747647651698:,1747647654643
counter/6/0/0/0,2513:1747647651956:,1747647654643
counter/6/0/0/0,2514:1747647651956:,1747647654643
counter/7/0/0/0,2417:1747647651828:,1747647654643
counter/6/0/0/0,2515:1747647651956:,1747647654644
counter/10/0/0/0,2395:1747647651942:,1747647654645
counter/8/0/0/0,2794:1747647651698:,1747647654645
counter/8/0/0/0,2795:1747647651710:,1747647654645
counter/6/0/0/0,2516:1747647651956:,1747647654645
counter/9/0/0/0,2840:1747647652125:,1747647654646
counter/9/0/0/0,2841:1747647652125:,1747647654646
counter/9/0/0/0,2842:1747647652125:,1747647654646
counter/9/0/0/0,2843:1747647652125:,1747647654646
counter/9/0/0/0,2844:1747647652125:,1747647654646
counter/9/0/0/0,2845:1747647652125:,1747647654647
counter/9/0/0/0,2846:1747647652125:,1747647654647
counter/5/0/0/0,2621:1747647651621:,1747647654647
counter/5/0/0/0,2622:1747647651621:,1747647654647
counter/5/0/0/0,2623:1747647651621:,1747647654647
counter/5/0/0/0,2624:1747647651621:,1747647654648
counter/5/0/0/0,2625:1747647651621:,1747647654648
counter/5/0/0/0,2626:1747647651621:,1747647654648
counter/5/0/0/0,2627:1747647651621:,1747647654648
counter/5/0/0/0,2628:1747647651628:,1747647654648
counter/5/0/0/0,2629:1747647651628:,1747647654648
counter/5/0/0/0,2630:1747647651628:,1747647654648
counter/6/0/0/0,2517:1747647651956:,1747647654648
counter/1/0/0/0,2873:1747647652152:,1747647654648
counter/1/0/0/0,2874:1747647652152:,1747647654648
counter/1/0/0/0,2875:1747647652152:,1747647654648
counter/2/0/0/0,2280:1747647651511:,1747647654648
counter/10/0/0/0,2396:1747647651942:,1747647654648
counter/10/0/0/0,2397:1747647651942:,1747647654648
counter/10/0/0/0,2398:1747647651942:,1747647654648
counter/10/0/0/0,2399:1747647651942:,1747647654648
counter/10/0/0/0,2400:1747647651942:,1747647654648
counter/7/0/0/0,2418:1747647651831:,1747647654648
counter/4/0/0/0,2877:1747647652054:,1747647654648
counter/7/0/0/0,2419:1747647651832:,1747647654649
counter/4/0/0/0,2878:1747647652054:,1747647654649
counter/4/0/0/0,2879:1747647652054:,1747647654649
counter/4/0/0/0,2880:1747647652054:,1747647654649
counter/8/0/0/0,2796:1747647651710:,1747647654650
counter/8/0/0/0,2797:1747647651710:,1747647654650
counter/6/0/0/0,2518:1747647651956:,1747647654650
counter/8/0/0/0,2798:1747647651710:,1747647654650
counter/6/0/0/0,2519:1747647651956:,1747647654651
counter/6/0/0/0,2520:1747647651956:,1747647654651
counter/1/0/0/0,2876:1747647652153:,1747647654651
counter/1/0/0/0,2877:1747647652153:,1747647654651
counter/2/0/0/0,2281:1747647651511:,1747647654651
counter/2/0/0/0,2282:1747647651511:,1747647654651
counter/2/0/0/0,2283:1747647651511:,1747647654651
counter/10/0/0/0,2401:1747647651942:,1747647654651
counter/2/0/0/0,2284:1747647651511:,1747647654652
counter/1/0/0/0,2878:1747647652153:,1747647654652
counter/9/0/0/0,2847:1747647652125:,1747647654652
counter/1/0/0/0,2879:1747647652153:,1747647654652
counter/10/0/0/0,2402:1747647651942:,1747647654652
counter/10/0/0/0,2403:1747647651942:,1747647654652
counter/10/0/0/0,2404:1747647651942:,1747647654652
counter/10/0/0/0,2405:1747647651942:,1747647654652
counter/3/0/0/0,2872:1747647651969:,1747647654652
counter/4/0/0/0,2881:1747647652054:,1747647654652
counter/8/0/0/0,2799:1747647651710:,1747647654652
counter/8/0/0/0,2800:1747647651714:,1747647654652
counter/8/0/0/0,2801:1747647651714:,1747647654653
counter/6/0/0/0,2521:1747647651956:,1747647654653
counter/1/0/0/0,2880:1747647652153:,1747647654653
counter/1/0/0/0,2881:1747647652153:,1747647654653
counter/10/0/0/0,2406:1747647651942:,1747647654653
counter/10/0/0/0,2407:1747647651942:,1747647654653
counter/10/0/0/0,2408:1747647651942:,1747647654653
counter/10/0/0/0,2409:1747647651942:,1747647654654
counter/10/0/0/0,2410:1747647651942:,1747647654654
counter/10/0/0/0,2411:1747647651942:,1747647654654
counter/10/0/0/0,2412:1747647651942:,1747647654654
counter/8/0/0/0,2802:1747647651714:,1747647654654
counter/9/0/0/0,2848:1747647652125:,1747647654654
counter/9/0/0/0,2849:1747647652125:,1747647654655
counter/3/0/0/0,2873:1747647651969:,1747647654655
counter/6/0/0/0,2522:1747647651958:,1747647654656
counter/1/0/0/0,2882:1747647652153:,1747647654656
counter/7/0/0/0,2420:1747647651832:,1747647654657
counter/3/0/0/0,2874:1747647651969:,1747647654658
counter/10/0/0/0,2413:1747647651942:,1747647654658
counter/10/0/0/0,2414:1747647651942:,1747647654658
counter/10/0/0/0,2415:1747647651942:,1747647654658
counter/10/0/0/0,2416:1747647651942:,1747647654658
counter/10/0/0/0,2417:1747647651943:,1747647654658
counter/10/0/0/0,2418:1747647651943:,1747647654658
counter/7/0/0/0,2421:1747647651832:,1747647654658
counter/3/0/0/0,2875:1747647651969:,1747647654659
counter/4/0/0/0,2882:1747647652054:,1747647654659
counter/10/0/0/0,2419:1747647651950:,1747647654659
counter/7/0/0/0,2422:1747647651832:,1747647654660
counter/5/0/0/0,2631:1747647651632:,1747647654660
counter/5/0/0/0,2632:1747647651634:,1747647654660
counter/5/0/0/0,2633:1747647651635:,1747647654660
counter/9/0/0/0,2850:1747647652125:,1747647654660
counter/3/0/0/0,2876:1747647651969:,1747647654660
counter/10/0/0/0,2420:1747647651961:,1747647654661
counter/8/0/0/0,2803:1747647651714:,1747647654661
counter/2/0/0/0,2285:1747647651513:,1747647654661
counter/2/0/0/0,2286:1747647651513:,1747647654661
counter/2/0/0/0,2287:1747647651513:,1747647654661
counter/2/0/0/0,2288:1747647651513:,1747647654661
counter/2/0/0/0,2289:1747647651513:,1747647654661
counter/2/0/0/0,2290:1747647651513:,1747647654661
counter/8/0/0/0,2804:1747647651714:,1747647654662
counter/8/0/0/0,2805:1747647651714:,1747647654662
counter/8/0/0/0,2806:1747647651726:,1747647654662
counter/8/0/0/0,2807:1747647651726:,1747647654662
counter/8/0/0/0,2808:1747647651734:,1747647654662
counter/8/0/0/0,2809:1747647651734:,1747647654662
counter/9/0/0/0,2851:1747647652125:,1747647654662
counter/10/0/0/0,2421:1747647651962:,1747647654663
counter/10/0/0/0,2422:1747647651962:,1747647654663
counter/10/0/0/0,2423:1747647651962:,1747647654663
counter/10/0/0/0,2424:1747647651962:,1747647654663
counter/4/0/0/0,2883:1747647652054:,1747647654664
counter/4/0/0/0,2884:1747647652054:,1747647654664
counter/4/0/0/0,2885:1747647652054:,1747647654664
counter/4/0/0/0,2886:1747647652054:,1747647654664
counter/4/0/0/0,2887:1747647652054:,1747647654664
counter/4/0/0/0,2888:1747647652062:,1747647654665
counter/4/0/0/0,2889:1747647652068:,1747647654665
counter/4/0/0/0,2890:1747647652068:,1747647654665
counter/4/0/0/0,2891:1747647652069:,1747647654665
counter/4/0/0/0,2892:1747647652069:,1747647654665
counter/4/0/0/0,2893:1747647652069:,1747647654665
counter/4/0/0/0,2894:1747647652070:,1747647654665
counter/6/0/0/0,2523:1747647651958:,1747647654665
counter/9/0/0/0,2852:1747647652125:,1747647654665
counter/3/0/0/0,2877:1747647651969:,1747647654665
counter/3/0/0/0,2878:1747647651969:,1747647654665
counter/3/0/0/0,2879:1747647651969:,1747647654665
counter/3/0/0/0,2880:1747647651975:,1747647654665
counter/8/0/0/0,2810:1747647651734:,1747647654667
counter/6/0/0/0,2524:1747647651958:,1747647654668
counter/6/0/0/0,2525:1747647651958:,1747647654668
counter/7/0/0/0,2423:1747647651832:,1747647654668
counter/7/0/0/0,2424:1747647651833:,1747647654668
counter/9/0/0/0,2853:1747647652125:,1747647654669
counter/9/0/0/0,2854:1747647652126:,1747647654669
counter/9/0/0/0,2855:1747647652126:,1747647654669
counter/9/0/0/0,2856:1747647652126:,1747647654669
counter/5/0/0/0,2634:1747647651635:,1747647654670
counter/7/0/0/0,2425:1747647651842:,1747647654671
counter/8/0/0/0,2811:1747647651734:,1747647654671
counter/7/0/0/0,2426:1747647651843:,1747647654672
counter/8/0/0/0,2812:1747647651734:,1747647654672
counter/3/0/0/0,2881:1747647651975:,1747647654672
counter/2/0/0/0,2291:1747647651513:,1747647654674
counter/2/0/0/0,2292:1747647651513:,1747647654674
counter/2/0/0/0,2293:1747647651513:,1747647654674
counter/2/0/0/0,2294:1747647651513:,1747647654675
counter/2/0/0/0,2295:1747647651513:,1747647654675
counter/2/0/0/0,2296:1747647651513:,1747647654675
counter/2/0/0/0,2297:1747647651513:,1747647654675
counter/2/0/0/0,2298:1747647651513:,1747647654675
counter/1/0/0/0,2883:1747647652153:,1747647654675
counter/1/0/0/0,2884:1747647652158:,1747647654675
counter/7/0/0/0,2427:1747647651846:,1747647654675
counter/8/0/0/0,2813:1747647651734:,1747647654675
counter/4/0/0/0,2895:1747647652070:,1747647654676
counter/4/0/0/0,2896:1747647652070:,1747647654676
counter/4/0/0/0,2897:1747647652070:,1747647654676
counter/4/0/0/0,2898:1747647652070:,1747647654676
counter/2/0/0/0,2299:1747647651513:,1747647654678
counter/9/0/0/0,2857:1747647652126:,1747647654678
counter/7/0/0/0,2428:1747647651846:,1747647654678
counter/7/0/0/0,2429:1747647651853:,1747647654678
counter/7/0/0/0,2430:1747647651853:,1747647654678
counter/7/0/0/0,2431:1747647651853:,1747647654679
counter/7/0/0/0,2432:1747647651853:,1747647654679
counter/7/0/0/0,2433:1747647651853:,1747647654679
counter/7/0/0/0,2434:1747647651853:,1747647654679
counter/7/0/0/0,2435:1747647651853:,1747647654679
counter/2/0/0/0,2300:1747647651513:,1747647654680
counter/10/0/0/0,2425:1747647651962:,1747647654681
counter/10/0/0/0,2426:1747647651962:,1747647654681
counter/8/0/0/0,2814:1747647651736:,1747647654683
counter/8/0/0/0,2815:1747647651736:,1747647654683
counter/8/0/0/0,2816:1747647651736:,1747647654683
counter/8/0/0/0,2817:1747647651736:,1747647654683
counter/6/0/0/0,2526:1747647651958:,1747647654683
counter/4/0/0/0,2899:1747647652070:,1747647654683
counter/1/0/0/0,2885:1747647652158:,1747647654683
counter/3/0/0/0,2882:1747647651975:,1747647654683
counter/10/0/0/0,2427:1747647651962:,1747647654683
counter/10/0/0/0,2428:1747647651962:,1747647654683
counter/10/0/0/0,2429:1747647651962:,1747647654684
counter/10/0/0/0,2430:1747647651968:,1747647654684
counter/4/0/0/0,2900:1747647652070:,1747647654684
counter/4/0/0/0,2901:1747647652070:,1747647654684
counter/7/0/0/0,2436:1747647651853:,1747647654685
counter/4/0/0/0,2902:1747647652070:,1747647654685
counter/4/0/0/0,2903:1747647652070:,1747647654685
counter/6/0/0/0,2527:1747647651958:,1747647654686
counter/6/0/0/0,2528:1747647651958:,1747647654687
counter/7/0/0/0,2437:1747647651853:,1747647654687
counter/7/0/0/0,2438:1747647651854:,1747647654687
counter/7/0/0/0,2439:1747647651854:,1747647654687
counter/7/0/0/0,2440:1747647651854:,1747647654687
counter/7/0/0/0,2441:1747647651854:,1747647654687
counter/7/0/0/0,2442:1747647651856:,1747647654687
counter/7/0/0/0,2443:1747647651861:,1747647654687
counter/4/0/0/0,2904:1747647652070:,1747647654688
counter/4/0/0/0,2905:1747647652070:,1747647654688
counter/4/0/0/0,2906:1747647652070:,1747647654688
counter/2/0/0/0,2301:1747647651513:,1747647654688
counter/7/0/0/0,2444:1747647651875:,1747647654688
counter/7/0/0/0,2445:1747647651875:,1747647654688
counter/7/0/0/0,2446:1747647651876:,1747647654688
counter/7/0/0/0,2447:1747647651876:,1747647654688
counter/5/0/0/0,2635:1747647651635:,1747647654689
counter/5/0/0/0,2636:1747647651635:,1747647654689
counter/4/0/0/0,2907:1747647652070:,1747647654689
counter/10/0/0/0,2431:1747647651982:,1747647654689
counter/1/0/0/0,2886:1747647652158:,1747647654689
counter/8/0/0/0,2818:1747647651736:,1747647654690
counter/8/0/0/0,2819:1747647651737:,1747647654690
counter/9/0/0/0,2858:1747647652126:,1747647654690
counter/8/0/0/0,2820:1747647651737:,1747647654690
counter/2/0/0/0,2302:1747647651513:,1747647654690
counter/7/0/0/0,2448:1747647651878:,1747647654691
counter/7/0/0/0,2449:1747647651878:,1747647654691
counter/7/0/0/0,2450:1747647651878:,1747647654691
counter/7/0/0/0,2451:1747647651878:,1747647654691
counter/7/0/0/0,2452:1747647651878:,1747647654691
counter/7/0/0/0,2453:1747647651879:,1747647654691
counter/7/0/0/0,2454:1747647651879:,1747647654691
counter/5/0/0/0,2637:1747647651635:,1747647654691
counter/7/0/0/0,2455:1747647651879:,1747647654691
counter/3/0/0/0,2883:1747647651975:,1747647654691
counter/8/0/0/0,2821:1747647651737:,1747647654691
counter/8/0/0/0,2822:1747647651737:,1747647654691
counter/1/0/0/0,2887:1747647652158:,1747647654691
counter/8/0/0/0,2823:1747647651737:,1747647654691
counter/6/0/0/0,2529:1747647651958:,1747647654691
counter/8/0/0/0,2824:1747647651737:,1747647654694
counter/8/0/0/0,2825:1747647651737:,1747647654695
counter/8/0/0/0,2826:1747647651737:,1747647654695
counter/8/0/0/0,2827:1747647651737:,1747647654695
counter/8/0/0/0,2828:1747647651737:,1747647654695
counter/8/0/0/0,2829:1747647651737:,1747647654695
counter/8/0/0/0,2830:1747647651742:,1747647654695
counter/8/0/0/0,2831:1747647651742:,1747647654695
counter/1/0/0/0,2888:1747647652158:,1747647654695
counter/4/0/0/0,2908:1747647652070:,1747647654695
counter/10/0/0/0,2432:1747647651982:,1747647654696
counter/4/0/0/0,2909:1747647652080:,1747647654696
counter/8/0/0/0,2832:1747647651742:,1747647654696
counter/8/0/0/0,2833:1747647651742:,1747647654696
counter/8/0/0/0,2834:1747647651742:,1747647654696
counter/8/0/0/0,2835:1747647651742:,1747647654696
counter/8/0/0/0,2836:1747647651746:,1747647654696
counter/8/0/0/0,2837:1747647651746:,1747647654697
counter/8/0/0/0,2838:1747647651746:,1747647654697
counter/2/0/0/0,2303:1747647651513:,1747647654697
counter/2/0/0/0,2304:1747647651513:,1747647654697
counter/2/0/0/0,2305:1747647651513:,1747647654697
counter/2/0/0/0,2306:1747647651513:,1747647654697
counter/2/0/0/0,2307:1747647651513:,1747647654697
counter/2/0/0/0,2308:1747647651513:,1747647654697
counter/2/0/0/0,2309:1747647651513:,1747647654697
counter/2/0/0/0,2310:1747647651513:,1747647654697
counter/2/0/0/0,2311:1747647651513:,1747647654697
counter/2/0/0/0,2312:1747647651513:,1747647654697
counter/10/0/0/0,2433:1747647651982:,1747647654697
counter/5/0/0/0,2638:1747647651635:,1747647654697
counter/9/0/0/0,2859:1747647652126:,1747647654697
counter/3/0/0/0,2884:1747647651976:,1747647654697
counter/9/0/0/0,2860:1747647652126:,1747647654697
counter/9/0/0/0,2861:1747647652133:,1747647654698
counter/9/0/0/0,2862:1747647652133:,1747647654698
counter/9/0/0/0,2863:1747647652133:,1747647654698
counter/9/0/0/0,2864:1747647652133:,1747647654698
counter/9/0/0/0,2865:1747647652133:,1747647654698
counter/8/0/0/0,2839:1747647651746:,1747647654698
counter/8/0/0/0,2840:1747647651746:,1747647654698
counter/8/0/0/0,2841:1747647651746:,1747647654698
counter/8/0/0/0,2842:1747647651746:,1747647654698
counter/7/0/0/0,2456:1747647651879:,1747647654698
counter/7/0/0/0,2457:1747647651880:,1747647654699
counter/2/0/0/0,2313:1747647651513:,1747647654699
counter/7/0/0/0,2458:1747647651880:,1747647654700
counter/7/0/0/0,2459:1747647651880:,1747647654700
counter/7/0/0/0,2460:1747647651880:,1747647654700
counter/7/0/0/0,2461:1747647651882:,1747647654700
counter/7/0/0/0,2462:1747647651882:,1747647654700
counter/7/0/0/0,2463:1747647651882:,1747647654700
counter/3/0/0/0,2885:1747647651976:,1747647654700
counter/5/0/0/0,2639:1747647651635:,1747647654700
counter/5/0/0/0,2640:1747647651635:,1747647654700
counter/6/0/0/0,2530:1747647651958:,1747647654700
counter/10/0/0/0,2434:1747647651982:,1747647654700
counter/10/0/0/0,2435:1747647651982:,1747647654700
counter/10/0/0/0,2436:1747647651982:,1747647654700
counter/8/0/0/0,2843:1747647651746:,1747647654700
counter/7/0/0/0,2464:1747647651882:,1747647654701
counter/7/0/0/0,2465:1747647651882:,1747647654701
counter/7/0/0/0,2466:1747647651882:,1747647654701
counter/7/0/0/0,2467:1747647651882:,1747647654701
counter/7/0/0/0,2468:1747647651882:,1747647654701
counter/4/0/0/0,2910:1747647652080:,1747647654701
counter/8/0/0/0,2844:1747647651746:,1747647654701
counter/8/0/0/0,2845:1747647651746:,1747647654701
counter/8/0/0/0,2846:1747647651746:,1747647654701
counter/8/0/0/0,2847:1747647651746:,1747647654701
counter/8/0/0/0,2848:1747647651746:,1747647654701
counter/8/0/0/0,2849:1747647651746:,1747647654701
counter/8/0/0/0,2850:1747647651746:,1747647654701
counter/8/0/0/0,2851:1747647651746:,1747647654701
counter/8/0/0/0,2852:1747647651746:,1747647654702
counter/8/0/0/0,2853:1747647651749:,1747647654702
counter/8/0/0/0,2854:1747647651750:,1747647654702
counter/5/0/0/0,2641:1747647651635:,1747647654702
counter/5/0/0/0,2642:1747647651635:,1747647654702
counter/10/0/0/0,2437:1747647651983:,1747647654702
counter/5/0/0/0,2643:1747647651635:,1747647654702
counter/9/0/0/0,2866:1747647652133:,1747647654702
counter/2/0/0/0,2314:1747647651513:,1747647654702
counter/2/0/0/0,2315:1747647651513:,1747647654702
counter/2/0/0/0,2316:1747647651513:,1747647654702
counter/2/0/0/0,2317:1747647651513:,1747647654702
counter/2/0/0/0,2318:1747647651513:,1747647654702
counter/10/0/0/0,2438:1747647651983:,1747647654702
counter/5/0/0/0,2644:1747647651635:,1747647654702
counter/5/0/0/0,2645:1747647651635:,1747647654702
counter/5/0/0/0,2646:1747647651635:,1747647654702
counter/7/0/0/0,2469:1747647651882:,1747647654702
counter/2/0/0/0,2319:1747647651513:,1747647654702
counter/6/0/0/0,2531:1747647651958:,1747647654703
counter/6/0/0/0,2532:1747647651958:,1747647654703
counter/8/0/0/0,2855:1747647651750:,1747647654703
counter/6/0/0/0,2533:1747647651958:,1747647654703
counter/6/0/0/0,2534:1747647651958:,1747647654703
counter/6/0/0/0,2535:1747647651976:,1747647654704
counter/5/0/0/0,2647:1747647651635:,1747647654705
counter/6/0/0/0,2536:1747647651976:,1747647654705
counter/1/0/0/0,2889:1747647652158:,1747647654705
counter/1/0/0/0,2890:1747647652160:,1747647654705
counter/2/0/0/0,2320:1747647651513:,1747647654705
counter/2/0/0/0,2321:1747647651515:,1747647654705
counter/2/0/0/0,2322:1747647651515:,1747647654705
counter/2/0/0/0,2323:1747647651515:,1747647654705
counter/2/0/0/0,2324:1747647651515:,1747647654705
counter/2/0/0/0,2325:1747647651515:,1747647654705
counter/2/0/0/0,2326:1747647651515:,1747647654705
counter/1/0/0/0,2891:1747647652160:,1747647654705
counter/2/0/0/0,2327:1747647651515:,1747647654705
counter/8/0/0/0,2856:1747647651750:,1747647654705
counter/2/0/0/0,2328:1747647651515:,1747647654706
counter/10/0/0/0,2439:1747647651983:,1747647654706
counter/9/0/0/0,2867:1747647652133:,1747647654707
counter/7/0/0/0,2470:1747647651882:,1747647654708
counter/7/0/0/0,2471:1747647651891:,1747647654708
counter/7/0/0/0,2472:1747647651897:,1747647654708
counter/4/0/0/0,2911:1747647652080:,1747647654708
counter/4/0/0/0,2912:1747647652080:,1747647654708
counter/3/0/0/0,2886:1747647651976:,1747647654708
counter/3/0/0/0,2887:1747647651976:,1747647654709
counter/3/0/0/0,2888:1747647651983:,1747647654709
counter/2/0/0/0,2329:1747647651515:,1747647654709
counter/8/0/0/0,2857:1747647651750:,1747647654709
counter/8/0/0/0,2858:1747647651750:,1747647654709
counter/8/0/0/0,2859:1747647651750:,1747647654709
counter/4/0/0/0,2913:1747647652080:,1747647654709
counter/10/0/0/0,2440:1747647651983:,1747647654710
counter/10/0/0/0,2441:1747647651983:,1747647654710
counter/6/0/0/0,2537:1747647651977:,1747647654710
counter/1/0/0/0,2892:1747647652160:,1747647654710
counter/1/0/0/0,2893:1747647652160:,1747647654710
counter/1/0/0/0,2894:1747647652160:,1747647654710
counter/1/0/0/0,2895:1747647652160:,1747647654710
counter/1/0/0/0,2896:1747647652160:,1747647654710
counter/5/0/0/0,2648:1747647651635:,1747647654710
counter/5/0/0/0,2649:1747647651635:,1747647654710
counter/5/0/0/0,2650:1747647651635:,1747647654710
counter/1/0/0/0,2897:1747647652160:,1747647654710
counter/7/0/0/0,2473:1747647651899:,1747647654710
counter/7/0/0/0,2474:1747647651899:,1747647654711
counter/7/0/0/0,2475:1747647651899:,1747647654711
counter/7/0/0/0,2476:1747647651900:,1747647654711
counter/7/0/0/0,2477:1747647651900:,1747647654711
counter/7/0/0/0,2478:1747647651900:,1747647654711
counter/7/0/0/0,2479:1747647651900:,1747647654711
counter/7/0/0/0,2480:1747647651901:,1747647654711
counter/10/0/0/0,2442:1747647651983:,1747647654711
counter/5/0/0/0,2651:1747647651635:,1747647654711
counter/7/0/0/0,2481:1747647651901:,1747647654711
counter/7/0/0/0,2482:1747647651901:,1747647654711
counter/7/0/0/0,2483:1747647651901:,1747647654711
counter/7/0/0/0,2484:1747647651901:,1747647654712
counter/7/0/0/0,2485:1747647651901:,1747647654712
counter/7/0/0/0,2486:1747647651901:,1747647654712
counter/7/0/0/0,2487:1747647651901:,1747647654712
counter/7/0/0/0,2488:1747647651901:,1747647654712
counter/7/0/0/0,2489:1747647651901:,1747647654712
counter/4/0/0/0,2914:1747647652080:,1747647654712
counter/2/0/0/0,2330:1747647651515:,1747647654712
counter/10/0/0/0,2443:1747647651983:,1747647654712
counter/5/0/0/0,2652:1747647651636:,1747647654712
counter/10/0/0/0,2444:1747647651983:,1747647654712
counter/10/0/0/0,2445:1747647651983:,1747647654712
counter/1/0/0/0,2898:1747647652160:,1747647654712
counter/7/0/0/0,2490:1747647651901:,1747647654712
counter/7/0/0/0,2491:1747647651901:,1747647654712
counter/7/0/0/0,2492:1747647651901:,1747647654712
counter/7/0/0/0,2493:1747647651901:,1747647654713
counter/7/0/0/0,2494:1747647651901:,1747647654713
counter/7/0/0/0,2495:1747647651902:,1747647654713
counter/6/0/0/0,2538:1747647651977:,1747647654713
counter/10/0/0/0,2446:1747647651986:,1747647654713
counter/1/0/0/0,2899:1747647652161:,1747647654713
counter/9/0/0/0,2868:1747647652133:,1747647654714
counter/9/0/0/0,2869:1747647652133:,1747647654714
counter/10/0/0/0,2447:1747647651991:,1747647654714
counter/10/0/0/0,2448:1747647651991:,1747647654714
counter/10/0/0/0,2449:1747647651991:,1747647654714
counter/10/0/0/0,2450:1747647651991:,1747647654715
counter/5/0/0/0,2653:1747647651636:,1747647654715
counter/4/0/0/0,2915:1747647652080:,1747647654719
counter/4/0/0/0,2916:1747647652080:,1747647654719
counter/10/0/0/0,2451:1747647651991:,1747647654719
counter/4/0/0/0,2917:1747647652080:,1747647654719
counter/4/0/0/0,2918:1747647652080:,1747647654719
counter/4/0/0/0,2919:1747647652080:,1747647654719
counter/4/0/0/0,2920:1747647652080:,1747647654719
counter/4/0/0/0,2921:1747647652080:,1747647654719
counter/4/0/0/0,2922:1747647652081:,1747647654719
counter/9/0/0/0,2870:1747647652133:,1747647654719
counter/2/0/0/0,2331:1747647651515:,1747647654719
counter/2/0/0/0,2332:1747647651515:,1747647654719
counter/2/0/0/0,2333:1747647651515:,1747647654719
counter/5/0/0/0,2654:1747647651637:,1747647654719
counter/10/0/0/0,2452:1747647651991:,1747647654720
counter/8/0/0/0,2860:1747647651750:,1747647654720
counter/3/0/0/0,2889:1747647651983:,1747647654720
counter/3/0/0/0,2890:1747647651983:,1747647654723
counter/6/0/0/0,2539:1747647651977:,1747647654723
counter/3/0/0/0,2891:1747647651983:,1747647654724
counter/3/0/0/0,2892:1747647651983:,1747647654724
counter/3/0/0/0,2893:1747647651983:,1747647654724
counter/3/0/0/0,2894:1747647651983:,1747647654724
counter/3/0/0/0,2895:1747647651983:,1747647654724
counter/3/0/0/0,2896:1747647651983:,1747647654724
counter/5/0/0/0,2655:1747647651638:,1747647654726
counter/7/0/0/0,2496:1747647651902:,1747647654726
counter/7/0/0/0,2497:1747647651902:,1747647654727
counter/7/0/0/0,2498:1747647651911:,1747647654727
counter/7/0/0/0,2499:1747647651911:,1747647654727
counter/7/0/0/0,2500:1747647651911:,1747647654727
counter/7/0/0/0,2501:1747647651911:,1747647654727
counter/9/0/0/0,2871:1747647652133:,1747647654727
counter/7/0/0/0,2502:1747647651911:,1747647654727
counter/2/0/0/0,2334:1747647651515:,1747647654727
counter/2/0/0/0,2335:1747647651515:,1747647654727
counter/2/0/0/0,2336:1747647651515:,1747647654728
counter/7/0/0/0,2503:1747647651912:,1747647654729
counter/9/0/0/0,2872:1747647652133:,1747647654729
counter/5/0/0/0,2656:1747647651638:,1747647654729
counter/1/0/0/0,2900:1747647652163:,1747647654730
counter/8/0/0/0,2861:1747647651750:,1747647654730
counter/8/0/0/0,2862:1747647651750:,1747647654730
counter/8/0/0/0,2863:1747647651750:,1747647654730
counter/8/0/0/0,2864:1747647651750:,1747647654730
counter/1/0/0/0,2901:1747647652163:,1747647654730
counter/10/0/0/0,2453:1747647651991:,1747647654730
counter/1/0/0/0,2902:1747647652163:,1747647654730
counter/10/0/0/0,2454:1747647651991:,1747647654730
counter/10/0/0/0,2455:1747647651991:,1747647654730
counter/10/0/0/0,2456:1747647651991:,1747647654730
counter/6/0/0/0,2540:1747647651977:,1747647654730
counter/10/0/0/0,2457:1747647651991:,1747647654732
counter/6/0/0/0,2541:1747647651977:,1747647654732
counter/6/0/0/0,2542:1747647651977:,1747647654732
counter/6/0/0/0,2543:1747647651977:,1747647654732
counter/6/0/0/0,2544:1747647651978:,1747647654732
counter/6/0/0/0,2545:1747647651979:,1747647654732
counter/2/0/0/0,2337:1747647651515:,1747647654732
counter/5/0/0/0,2657:1747647651638:,1747647654732
counter/8/0/0/0,2865:1747647651753:,1747647654732
counter/4/0/0/0,2923:1747647652081:,1747647654733
counter/4/0/0/0,2924:1747647652081:,1747647654734
counter/9/0/0/0,2873:1747647652134:,1747647654734
counter/9/0/0/0,2874:1747647652134:,1747647654734
counter/9/0/0/0,2875:1747647652134:,1747647654734
counter/9/0/0/0,2876:1747647652134:,1747647654734
counter/3/0/0/0,2897:1747647651983:,1747647654734
counter/10/0/0/0,2458:1747647651991:,1747647654734
counter/3/0/0/0,2898:1747647651983:,1747647654734
counter/5/0/0/0,2658:1747647651638:,1747647654735
counter/8/0/0/0,2866:1747647651753:,1747647654735
counter/2/0/0/0,2338:1747647651515:,1747647654736
counter/2/0/0/0,2339:1747647651515:,1747647654736
counter/2/0/0/0,2340:1747647651515:,1747647654736
counter/6/0/0/0,2546:1747647651979:,1747647654737
counter/9/0/0/0,2877:1747647652134:,1747647654737
counter/6/0/0/0,2547:1747647651999:,1747647654737
counter/1/0/0/0,2903:1747647652170:,1747647654737
counter/3/0/0/0,2899:1747647651983:,1747647654737
counter/1/0/0/0,2904:1747647652170:,1747647654737
counter/3/0/0/0,2900:1747647651983:,1747647654737
counter/8/0/0/0,2867:1747647651753:,1747647654737
counter/5/0/0/0,2659:1747647651638:,1747647654737
counter/4/0/0/0,2925:1747647652081:,1747647654737
counter/5/0/0/0,2660:1747647651638:,1747647654739
counter/5/0/0/0,2661:1747647651638:,1747647654739
counter/10/0/0/0,2459:1747647651995:,1747647654739
counter/2/0/0/0,2341:1747647651515:,1747647654739
counter/2/0/0/0,2342:1747647651515:,1747647654739
counter/2/0/0/0,2343:1747647651515:,1747647654739
counter/2/0/0/0,2344:1747647651523:,1747647654739
counter/2/0/0/0,2345:1747647651523:,1747647654739
counter/7/0/0/0,2504:1747647651912:,1747647654740
counter/8/0/0/0,2868:1747647651753:,1747647654740
counter/8/0/0/0,2869:1747647651754:,1747647654740
counter/8/0/0/0,2870:1747647651754:,1747647654740
counter/8/0/0/0,2871:1747647651754:,1747647654740
counter/5/0/0/0,2662:1747647651638:,1747647654741
counter/1/0/0/0,2905:1747647652170:,1747647654741
counter/1/0/0/0,2906:1747647652170:,1747647654741
counter/7/0/0/0,2505:1747647651912:,1747647654741
counter/6/0/0/0,2548:1747647651999:,1747647654743
counter/6/0/0/0,2549:1747647651999:,1747647654743
counter/7/0/0/0,2506:1747647651915:,1747647654744
counter/9/0/0/0,2878:1747647652134:,1747647654744
counter/9/0/0/0,2879:1747647652134:,1747647654744
counter/9/0/0/0,2880:1747647652134:,1747647654744
counter/9/0/0/0,2881:1747647652134:,1747647654744
counter/4/0/0/0,2926:1747647652081:,1747647654744
counter/5/0/0/0,2663:1747647651638:,1747647654745
counter/3/0/0/0,2901:1747647651999:,1747647654745
counter/9/0/0/0,2882:1747647652134:,1747647654746
counter/5/0/0/0,2664:1747647651638:,1747647654747
counter/2/0/0/0,2346:1747647651528:,1747647654748
counter/2/0/0/0,2347:1747647651528:,1747647654748
counter/8/0/0/0,2872:1747647651754:,1747647654748
counter/8/0/0/0,2873:1747647651754:,1747647654748
counter/8/0/0/0,2874:1747647651754:,1747647654748
counter/8/0/0/0,2875:1747647651754:,1747647654748
counter/8/0/0/0,2876:1747647651754:,1747647654748
counter/8/0/0/0,2877:1747647651754:,1747647654748
counter/8/0/0/0,2878:1747647651754:,1747647654748
counter/8/0/0/0,2879:1747647651754:,1747647654748
counter/8/0/0/0,2880:1747647651799:,1747647654748
counter/7/0/0/0,2507:1747647651915:,1747647654748
counter/6/0/0/0,2550:1747647651999:,1747647654748
counter/8/0/0/0,2881:1747647651802:,1747647654748
counter/10/0/0/0,2460:1747647651995:,1747647654749
counter/4/0/0/0,2927:1747647652081:,1747647654749
counter/9/0/0/0,2883:1747647652134:,1747647654749
counter/1/0/0/0,2907:1747647652170:,1747647654750
counter/2/0/0/0,2348:1747647651528:,1747647654750
counter/1/0/0/0,2908:1747647652170:,1747647654750
counter/6/0/0/0,2551:1747647651999:,1747647654751
counter/5/0/0/0,2665:1747647651638:,1747647654751
counter/5/0/0/0,2666:1747647651638:,1747647654751
counter/5/0/0/0,2667:1747647651638:,1747647654751
counter/3/0/0/0,2902:1747647651999:,1747647654751
counter/5/0/0/0,2668:1747647651638:,1747647654751
counter/2/0/0/0,2349:1747647651528:,1747647654751
counter/5/0/0/0,2669:1747647651638:,1747647654751
counter/2/0/0/0,2350:1747647651528:,1747647654751
counter/5/0/0/0,2670:1747647651638:,1747647654751
counter/2/0/0/0,2351:1747647651528:,1747647654752
counter/2/0/0/0,2352:1747647651528:,1747647654752
counter/2/0/0/0,2353:1747647651528:,1747647654752
counter/2/0/0/0,2354:1747647651528:,1747647654752
counter/2/0/0/0,2355:1747647651528:,1747647654752
counter/2/0/0/0,2356:1747647651528:,1747647654752
counter/2/0/0/0,2357:1747647651528:,1747647654752
counter/2/0/0/0,2358:1747647651528:,1747647654752
counter/2/0/0/0,2359:1747647651528:,1747647654752
counter/2/0/0/0,2360:1747647651528:,1747647654752
counter/2/0/0/0,2361:1747647651528:,1747647654752
counter/5/0/0/0,2671:1747647651638:,1747647654752
counter/5/0/0/0,2672:1747647651638:,1747647654752
counter/5/0/0/0,2673:1747647651638:,1747647654752
counter/5/0/0/0,2674:1747647651638:,1747647654752
counter/5/0/0/0,2675:1747647651638:,1747647654752
counter/1/0/0/0,2909:1747647652170:,1747647654752
counter/5/0/0/0,2676:1747647651639:,1747647654752
counter/5/0/0/0,2677:1747647651639:,1747647654752
counter/5/0/0/0,2678:1747647651639:,1747647654753
counter/6/0/0/0,2552:1747647651999:,1747647654753
counter/6/0/0/0,2553:1747647651999:,1747647654753
counter/6/0/0/0,2554:1747647651999:,1747647654753
counter/6/0/0/0,2555:1747647651999:,1747647654753
counter/6/0/0/0,2556:1747647652015:,1747647654753
counter/6/0/0/0,2557:1747647652015:,1747647654753
counter/6/0/0/0,2558:1747647652015:,1747647654753
counter/6/0/0/0,2559:1747647652016:,1747647654753
counter/6/0/0/0,2560:1747647652016:,1747647654753
counter/1/0/0/0,2910:1747647652170:,1747647654754
counter/6/0/0/0,2561:1747647652016:,1747647654754
counter/6/0/0/0,2562:1747647652016:,1747647654754
counter/6/0/0/0,2563:1747647652016:,1747647654754
counter/6/0/0/0,2564:1747647652016:,1747647654754
counter/6/0/0/0,2565:1747647652016:,1747647654754
counter/2/0/0/0,2362:1747647651530:,1747647654755
counter/6/0/0/0,2566:1747647652016:,1747647654755
counter/10/0/0/0,2461:1747647651995:,1747647654755
counter/1/0/0/0,2911:1747647652170:,1747647654755
counter/4/0/0/0,2928:1747647652082:,1747647654755
counter/4/0/0/0,2929:1747647652082:,1747647654755
counter/4/0/0/0,2930:1747647652082:,1747647654755
counter/4/0/0/0,2931:1747647652082:,1747647654755
counter/3/0/0/0,2903:1747647651999:,1747647654755
counter/10/0/0/0,2462:1747647651995:,1747647654756
counter/6/0/0/0,2567:1747647652019:,1747647654756
counter/1/0/0/0,2912:1747647652170:,1747647654756
counter/10/0/0/0,2463:1747647651995:,1747647654757
counter/10/0/0/0,2464:1747647651995:,1747647654757
counter/10/0/0/0,2465:1747647651995:,1747647654757
counter/10/0/0/0,2466:1747647651996:,1747647654757
counter/10/0/0/0,2467:1747647651996:,1747647654757
counter/10/0/0/0,2468:1747647651996:,1747647654757
counter/10/0/0/0,2469:1747647651996:,1747647654757
counter/10/0/0/0,2470:1747647651996:,1747647654757
counter/10/0/0/0,2471:1747647651996:,1747647654757
counter/10/0/0/0,2472:1747647651996:,1747647654757
counter/10/0/0/0,2473:1747647651996:,1747647654757
counter/10/0/0/0,2474:1747647651996:,1747647654757
counter/8/0/0/0,2882:1747647651804:,1747647654757
counter/6/0/0/0,2568:1747647652019:,1747647654758
counter/2/0/0/0,2363:1747647651530:,1747647654758
counter/2/0/0/0,2364:1747647651530:,1747647654758
counter/2/0/0/0,2365:1747647651530:,1747647654758
counter/2/0/0/0,2366:1747647651530:,1747647654758
counter/2/0/0/0,2367:1747647651530:,1747647654758
counter/2/0/0/0,2368:1747647651530:,1747647654758
counter/2/0/0/0,2369:1747647651533:,1747647654759
counter/4/0/0/0,2932:1747647652082:,1747647654759
counter/8/0/0/0,2883:1747647651807:,1747647654759
counter/7/0/0/0,2508:1747647651915:,1747647654759
counter/2/0/0/0,2370:1747647651533:,1747647654760
counter/6/0/0/0,2569:1747647652019:,1747647654760
counter/1/0/0/0,2913:1747647652170:,1747647654760
counter/1/0/0/0,2914:1747647652170:,1747647654761
counter/1/0/0/0,2915:1747647652170:,1747647654761
counter/1/0/0/0,2916:1747647652170:,1747647654761
counter/1/0/0/0,2917:1747647652170:,1747647654761
counter/8/0/0/0,2884:1747647651807:,1747647654761
counter/8/0/0/0,2885:1747647651807:,1747647654761
counter/8/0/0/0,2886:1747647651807:,1747647654761
counter/8/0/0/0,2887:1747647651807:,1747647654761
counter/1/0/0/0,2918:1747647652170:,1747647654761
counter/9/0/0/0,2884:1747647652134:,1747647654762
counter/5/0/0/0,2679:1747647651647:,1747647654762
counter/4/0/0/0,2933:1747647652083:,1747647654762
counter/10/0/0/0,2475:1747647651996:,1747647654762
counter/4/0/0/0,2934:1747647652084:,1747647654762
counter/5/0/0/0,2680:1747647651647:,1747647654763
counter/5/0/0/0,2681:1747647651647:,1747647654763
counter/5/0/0/0,2682:1747647651647:,1747647654763
counter/5/0/0/0,2683:1747647651647:,1747647654763
counter/5/0/0/0,2684:1747647651647:,1747647654763
counter/5/0/0/0,2685:1747647651647:,1747647654763
counter/5/0/0/0,2686:1747647651653:,1747647654763
counter/5/0/0/0,2687:1747647651653:,1747647654764
counter/3/0/0/0,2904:1747647651999:,1747647654764
counter/3/0/0/0,2905:1747647652000:,1747647654764
counter/3/0/0/0,2906:1747647652000:,1747647654764
counter/3/0/0/0,2907:1747647652000:,1747647654764
counter/3/0/0/0,2908:1747647652000:,1747647654764
counter/3/0/0/0,2909:1747647652000:,1747647654764
counter/3/0/0/0,2910:1747647652000:,1747647654764
counter/3/0/0/0,2911:1747647652000:,1747647654764
counter/3/0/0/0,2912:1747647652000:,1747647654764
counter/3/0/0/0,2913:1747647652000:,1747647654764
counter/3/0/0/0,2914:1747647652000:,1747647654764
counter/3/0/0/0,2915:1747647652000:,1747647654764
counter/3/0/0/0,2916:1747647652005:,1747647654764
counter/3/0/0/0,2917:1747647652005:,1747647654764
counter/3/0/0/0,2918:1747647652005:,1747647654764
counter/10/0/0/0,2476:1747647651996:,1747647654764
counter/6/0/0/0,2570:1747647652019:,1747647654764
counter/8/0/0/0,2888:1747647651807:,1747647654764
counter/6/0/0/0,2571:1747647652019:,1747647654764
counter/8/0/0/0,2889:1747647651807:,1747647654765
counter/5/0/0/0,2688:1747647651653:,1747647654765
counter/5/0/0/0,2689:1747647651653:,1747647654765
counter/5/0/0/0,2690:1747647651653:,1747647654765
counter/5/0/0/0,2691:1747647651656:,1747647654765
counter/5/0/0/0,2692:1747647651657:,1747647654765
counter/5/0/0/0,2693:1747647651657:,1747647654765
counter/9/0/0/0,2885:1747647652134:,1747647654765
counter/5/0/0/0,2694:1747647651657:,1747647654770
counter/9/0/0/0,2886:1747647652134:,1747647654770
counter/5/0/0/0,2695:1747647651657:,1747647654771
counter/9/0/0/0,2887:1747647652139:,1747647654771
counter/9/0/0/0,2888:1747647652139:,1747647654771
counter/7/0/0/0,2509:1747647651915:,1747647654772
counter/7/0/0/0,2510:1747647651915:,1747647654772
counter/7/0/0/0,2511:1747647651915:,1747647654772
counter/7/0/0/0,2512:1747647651915:,1747647654772
counter/7/0/0/0,2513:1747647651915:,1747647654772
counter/7/0/0/0,2514:1747647651916:,1747647654772
counter/7/0/0/0,2515:1747647651916:,1747647654773
counter/7/0/0/0,2516:1747647651916:,1747647654773
counter/2/0/0/0,2371:1747647651533:,1747647654773
counter/2/0/0/0,2372:1747647651533:,1747647654773
counter/2/0/0/0,2373:1747647651533:,1747647654773
counter/2/0/0/0,2374:1747647651536:,1747647654773
counter/2/0/0/0,2375:1747647651536:,1747647654773
counter/1/0/0/0,2919:1747647652174:,1747647654773
counter/1/0/0/0,2920:1747647652174:,1747647654773
counter/5/0/0/0,2696:1747647651657:,1747647654773
counter/5/0/0/0,2697:1747647651657:,1747647654773
counter/5/0/0/0,2698:1747647651657:,1747647654774
counter/5/0/0/0,2699:1747647651657:,1747647654774
counter/5/0/0/0,2700:1747647651657:,1747647654774
counter/7/0/0/0,2517:1747647651916:,1747647654774
counter/7/0/0/0,2518:1747647651916:,1747647654774
counter/7/0/0/0,2519:1747647651916:,1747647654774
counter/7/0/0/0,2520:1747647651925:,1747647654774
counter/7/0/0/0,2521:1747647651925:,1747647654774
counter/7/0/0/0,2522:1747647651925:,1747647654774
counter/7/0/0/0,2523:1747647651925:,1747647654774
counter/7/0/0/0,2524:1747647651925:,1747647654774
counter/4/0/0/0,2935:1747647652084:,1747647654774
counter/8/0/0/0,2890:1747647651807:,1747647654774
counter/8/0/0/0,2891:1747647651807:,1747647654775
counter/8/0/0/0,2892:1747647651812:,1747647654775
counter/8/0/0/0,2893:1747647651812:,1747647654775
counter/8/0/0/0,2894:1747647651812:,1747647654775
counter/8/0/0/0,2895:1747647651812:,1747647654775
counter/9/0/0/0,2889:1747647652139:,1747647654775
counter/8/0/0/0,2896:1747647651812:,1747647654777
counter/2/0/0/0,2376:1747647651536:,1747647654777
counter/8/0/0/0,2897:1747647651812:,1747647654777
counter/2/0/0/0,2377:1747647651536:,1747647654777
counter/2/0/0/0,2378:1747647651536:,1747647654777
counter/2/0/0/0,2379:1747647651536:,1747647654777
counter/2/0/0/0,2380:1747647651536:,1747647654777
counter/2/0/0/0,2381:1747647651536:,1747647654777
counter/2/0/0/0,2382:1747647651536:,1747647654778
counter/9/0/0/0,2890:1747647652139:,1747647654778
counter/6/0/0/0,2572:1747647652019:,1747647654778
counter/9/0/0/0,2891:1747647652139:,1747647654778
counter/9/0/0/0,2892:1747647652139:,1747647654778
counter/8/0/0/0,2898:1747647651812:,1747647654779
counter/8/0/0/0,2899:1747647651814:,1747647654779
counter/8/0/0/0,2900:1747647651815:,1747647654779
counter/8/0/0/0,2901:1747647651815:,1747647654779
counter/8/0/0/0,2902:1747647651815:,1747647654779
counter/8/0/0/0,2903:1747647651815:,1747647654779
counter/8/0/0/0,2904:1747647651815:,1747647654779
counter/8/0/0/0,2905:1747647651815:,1747647654779
counter/8/0/0/0,2906:1747647651815:,1747647654779
counter/8/0/0/0,2907:1747647651815:,1747647654779
counter/2/0/0/0,2383:1747647651536:,1747647654780
counter/5/0/0/0,2701:1747647651668:,1747647654780
counter/6/0/0/0,2573:1747647652019:,1747647654780
counter/9/0/0/0,2893:1747647652147:,1747647654780
counter/9/0/0/0,2894:1747647652147:,1747647654780
counter/4/0/0/0,2936:1747647652084:,1747647654780
counter/4/0/0/0,2937:1747647652084:,1747647654780
counter/4/0/0/0,2938:1747647652084:,1747647654780
counter/4/0/0/0,2939:1747647652084:,1747647654780
counter/7/0/0/0,2525:1747647651925:,1747647654780
counter/7/0/0/0,2526:1747647651925:,1747647654781
counter/10/0/0/0,2477:1747647651996:,1747647654781
counter/10/0/0/0,2478:1747647651996:,1747647654781
counter/10/0/0/0,2479:1747647651996:,1747647654781
counter/10/0/0/0,2480:1747647651996:,1747647654781
counter/10/0/0/0,2481:1747647651997:,1747647654782
counter/10/0/0/0,2482:1747647651997:,1747647654782
counter/10/0/0/0,2483:1747647651997:,1747647654782
counter/10/0/0/0,2484:1747647651997:,1747647654782
counter/10/0/0/0,2485:1747647651997:,1747647654782
counter/10/0/0/0,2486:1747647651997:,1747647654782
counter/8/0/0/0,2908:1747647651815:,1747647654782
counter/9/0/0/0,2895:1747647652148:,1747647654782
counter/4/0/0/0,2940:1747647652088:,1747647654782
counter/4/0/0/0,2941:1747647652088:,1747647654782
counter/4/0/0/0,2942:1747647652099:,1747647654783
counter/4/0/0/0,2943:1747647652101:,1747647654783
counter/3/0/0/0,2919:1747647652005:,1747647654783
counter/2/0/0/0,2384:1747647651536:,1747647654980
counter/6/0/0/0,2574:1747647652019:,1747647654981
counter/7/0/0/0,2527:1747647651925:,1747647654981
counter/6/0/0/0,2575:1747647652019:,1747647654982
counter/4/0/0/0,2944:1747647652101:,1747647654982
counter/3/0/0/0,2920:1747647652005:,1747647654982
counter/8/0/0/0,2909:1747647651815:,1747647654982
counter/8/0/0/0,2910:1747647651815:,1747647654982
counter/8/0/0/0,2911:1747647651824:,1747647654982
counter/8/0/0/0,2912:1747647651828:,1747647654982
counter/2/0/0/0,2385:1747647651536:,1747647654982
counter/5/0/0/0,2702:1747647651668:,1747647654982
counter/9/0/0/0,2896:1747647652148:,1747647654983
counter/9/0/0/0,2897:1747647652148:,1747647654983
counter/9/0/0/0,2898:1747647652148:,1747647654983
counter/9/0/0/0,2899:1747647652148:,1747647654983
counter/9/0/0/0,2900:1747647652150:,1747647654983
counter/9/0/0/0,2901:1747647652150:,1747647654983
counter/10/0/0/0,2487:1747647651997:,1747647654983
counter/7/0/0/0,2528:1747647651925:,1747647654984
counter/7/0/0/0,2529:1747647651925:,1747647654984
counter/9/0/0/0,2902:1747647652150:,1747647654984
counter/7/0/0/0,2530:1747647651925:,1747647654984
counter/10/0/0/0,2488:1747647651997:,1747647654984
counter/9/0/0/0,2903:1747647652150:,1747647654985
counter/9/0/0/0,2904:1747647652150:,1747647654985
counter/9/0/0/0,2905:1747647652150:,1747647654985
counter/8/0/0/0,2913:1747647651828:,1747647654986
counter/2/0/0/0,2386:1747647651536:,1747647654986
counter/9/0/0/0,2906:1747647652150:,1747647654988
counter/9/0/0/0,2907:1747647652150:,1747647654988
counter/9/0/0/0,2908:1747647652152:,1747647654988
counter/9/0/0/0,2909:1747647652152:,1747647654988
counter/9/0/0/0,2910:1747647652152:,1747647654988
counter/9/0/0/0,2911:1747647652152:,1747647654988
counter/9/0/0/0,2912:1747647652154:,1747647654988
counter/9/0/0/0,2913:1747647652154:,1747647654988
counter/9/0/0/0,2914:1747647652154:,1747647654989
counter/10/0/0/0,2489:1747647651997:,1747647654989
counter/2/0/0/0,2387:1747647651536:,1747647654989
counter/2/0/0/0,2388:1747647651536:,1747647654990
counter/2/0/0/0,2389:1747647651536:,1747647654990
counter/2/0/0/0,2390:1747647651536:,1747647654990
counter/2/0/0/0,2391:1747647651536:,1747647654990
counter/2/0/0/0,2392:1747647651539:,1747647654990
counter/2/0/0/0,2393:1747647651539:,1747647654990
counter/2/0/0/0,2394:1747647651539:,1747647654990
counter/2/0/0/0,2395:1747647651539:,1747647654990
counter/2/0/0/0,2396:1747647651539:,1747647654990
counter/2/0/0/0,2397:1747647651539:,1747647654990
counter/2/0/0/0,2398:1747647651539:,1747647654990
counter/9/0/0/0,2915:1747647652154:,1747647654990
counter/10/0/0/0,2490:1747647651997:,1747647654990
counter/10/0/0/0,2491:1747647652004:,1747647654990
counter/9/0/0/0,2916:1747647652154:,1747647654992
counter/9/0/0/0,2917:1747647652154:,1747647654992
counter/9/0/0/0,2918:1747647652154:,1747647654992
counter/9/0/0/0,2919:1747647652155:,1747647654992
counter/9/0/0/0,2920:1747647652156:,1747647654992
counter/9/0/0/0,2921:1747647652157:,1747647654992
counter/9/0/0/0,2922:1747647652157:,1747647654992
counter/9/0/0/0,2923:1747647652157:,1747647654992
counter/9/0/0/0,2924:1747647652157:,1747647654992
counter/9/0/0/0,2925:1747647652158:,1747647654992
counter/4/0/0/0,2945:1747647652101:,1747647654993
counter/4/0/0/0,2946:1747647652101:,1747647654993
counter/4/0/0/0,2947:1747647652101:,1747647654993
counter/4/0/0/0,2948:1747647652101:,1747647654993
counter/3/0/0/0,2921:1747647652005:,1747647654993
counter/4/0/0/0,2949:1747647652102:,1747647654993
counter/4/0/0/0,2950:1747647652102:,1747647654993
counter/3/0/0/0,2922:1747647652005:,1747647654993
counter/4/0/0/0,2951:1747647652102:,1747647654993
counter/9/0/0/0,2926:1747647652158:,1747647654994
counter/1/0/0/0,2921:1747647652174:,1747647654994
counter/9/0/0/0,2927:1747647652158:,1747647654994
counter/1/0/0/0,2922:1747647652174:,1747647654994
counter/8/0/0/0,2914:1747647651829:,1747647654994
counter/2/0/0/0,2399:1747647651540:,1747647654994
counter/2/0/0/0,2400:1747647651540:,1747647654994
counter/2/0/0/0,2401:1747647651540:,1747647654994
counter/2/0/0/0,2402:1747647651540:,1747647654994
counter/2/0/0/0,2403:1747647651540:,1747647654994
counter/5/0/0/0,2703:1747647651668:,1747647654994
counter/5/0/0/0,2704:1747647651668:,1747647654994
counter/5/0/0/0,2705:1747647651668:,1747647654994
counter/5/0/0/0,2706:1747647651668:,1747647654994
counter/5/0/0/0,2707:1747647651668:,1747647654995
counter/4/0/0/0,2952:1747647652102:,1747647654996
counter/4/0/0/0,2953:1747647652102:,1747647654996
counter/4/0/0/0,2954:1747647652102:,1747647654996
counter/4/0/0/0,2955:1747647652102:,1747647654996
counter/4/0/0/0,2956:1747647652102:,1747647654996
counter/4/0/0/0,2957:1747647652102:,1747647654996
counter/9/0/0/0,2928:1747647652158:,1747647654996
counter/10/0/0/0,2492:1747647652008:,1747647654996
counter/4/0/0/0,2958:1747647652102:,1747647654997
counter/8/0/0/0,2915:1747647651829:,1747647654997
counter/8/0/0/0,2916:1747647651829:,1747647654997
counter/9/0/0/0,2929:1747647652159:,1747647654997
counter/1/0/0/0,2923:1747647652174:,1747647654998
counter/3/0/0/0,2923:1747647652014:,1747647654998
counter/4/0/0/0,2959:1747647652102:,1747647655000
counter/8/0/0/0,2917:1747647651829:,1747647655001
counter/2/0/0/0,2404:1747647651540:,1747647655001
counter/8/0/0/0,2918:1747647651829:,1747647655001
counter/8/0/0/0,2919:1747647651829:,1747647655001
counter/8/0/0/0,2920:1747647651829:,1747647655001
counter/8/0/0/0,2921:1747647651833:,1747647655001
counter/8/0/0/0,2922:1747647651835:,1747647655001
counter/8/0/0/0,2923:1747647651836:,1747647655001
counter/8/0/0/0,2924:1747647651850:,1747647655001
counter/8/0/0/0,2925:1747647651852:,1747647655001
counter/8/0/0/0,2926:1747647651852:,1747647655001
counter/8/0/0/0,2927:1747647651852:,1747647655001
counter/8/0/0/0,2928:1747647651852:,1747647655001
counter/8/0/0/0,2929:1747647651852:,1747647655003
counter/6/0/0/0,2576:1747647652019:,1747647655004
counter/10/0/0/0,2493:1747647652008:,1747647655004
counter/6/0/0/0,2577:1747647652019:,1747647655004
counter/10/0/0/0,2494:1747647652008:,1747647655004
counter/10/0/0/0,2495:1747647652008:,1747647655004
counter/10/0/0/0,2496:1747647652008:,1747647655004
counter/9/0/0/0,2930:1747647652159:,1747647655005
counter/9/0/0/0,2931:1747647652159:,1747647655005
counter/9/0/0/0,2932:1747647652159:,1747647655005
counter/9/0/0/0,2933:1747647652159:,1747647655005
counter/9/0/0/0,2934:1747647652159:,1747647655005
counter/3/0/0/0,2924:1747647652014:,1747647655005
counter/5/0/0/0,2708:1747647651668:,1747647655005
counter/5/0/0/0,2709:1747647651668:,1747647655005
counter/5/0/0/0,2710:1747647651669:,1747647655005
counter/6/0/0/0,2578:1747647652019:,1747647655005
counter/10/0/0/0,2497:1747647652008:,1747647655005
counter/6/0/0/0,2579:1747647652019:,1747647655005
counter/7/0/0/0,2531:1747647651926:,1747647655005
counter/8/0/0/0,2930:1747647651852:,1747647655006
counter/6/0/0/0,2580:1747647652019:,1747647655006
counter/7/0/0/0,2532:1747647651926:,1747647655006
counter/7/0/0/0,2533:1747647651930:,1747647655006
counter/7/0/0/0,2534:1747647651931:,1747647655006
counter/7/0/0/0,2535:1747647651933:,1747647655006
counter/7/0/0/0,2536:1747647651933:,1747647655006
counter/7/0/0/0,2537:1747647651933:,1747647655006
counter/7/0/0/0,2538:1747647651933:,1747647655006
counter/7/0/0/0,2539:1747647651933:,1747647655007
counter/7/0/0/0,2540:1747647651933:,1747647655007
counter/7/0/0/0,2541:1747647651933:,1747647655007
counter/2/0/0/0,2405:1747647651541:,1747647655007
counter/7/0/0/0,2542:1747647651933:,1747647655007
counter/5/0/0/0,2711:1747647651669:,1747647655007
counter/7/0/0/0,2543:1747647651933:,1747647655007
counter/6/0/0/0,2581:1747647652019:,1747647655007
counter/7/0/0/0,2544:1747647651933:,1747647655007
counter/3/0/0/0,2925:1747647652014:,1747647655008
counter/2/0/0/0,2406:1747647651541:,1747647655008
counter/6/0/0/0,2582:1747647652019:,1747647655008
counter/7/0/0/0,2545:1747647651933:,1747647655009
counter/7/0/0/0,2546:1747647651933:,1747647655009
counter/7/0/0/0,2547:1747647651933:,1747647655009
counter/7/0/0/0,2548:1747647651936:,1747647655009
counter/7/0/0/0,2549:1747647651936:,1747647655009
counter/2/0/0/0,2407:1747647651541:,1747647655009
counter/1/0/0/0,2924:1747647652174:,1747647655011
counter/6/0/0/0,2583:1747647652019:,1747647655011
counter/6/0/0/0,2584:1747647652019:,1747647655011
counter/6/0/0/0,2585:1747647652019:,1747647655011
counter/6/0/0/0,2586:1747647652019:,1747647655011
counter/6/0/0/0,2587:1747647652019:,1747647655011
counter/6/0/0/0,2588:1747647652019:,1747647655011
counter/3/0/0/0,2926:1747647652015:,1747647655011
counter/5/0/0/0,2712:1747647651669:,1747647655011
counter/8/0/0/0,2931:1747647651852:,1747647655011
counter/7/0/0/0,2550:1747647651936:,1747647655011
counter/8/0/0/0,2932:1747647651852:,1747647655011
counter/5/0/0/0,2713:1747647651669:,1747647655012
counter/8/0/0/0,2933:1747647651852:,1747647655012
counter/1/0/0/0,2925:1747647652174:,1747647655012
counter/9/0/0/0,2935:1747647652159:,1747647655013
counter/9/0/0/0,2936:1747647652159:,1747647655013
counter/9/0/0/0,2937:1747647652159:,1747647655013
counter/3/0/0/0,2927:1747647652029:,1747647655013
counter/3/0/0/0,2928:1747647652029:,1747647655013
counter/3/0/0/0,2929:1747647652029:,1747647655013
counter/8/0/0/0,2934:1747647651852:,1747647655013
counter/8/0/0/0,2935:1747647651852:,1747647655013
counter/1/0/0/0,2926:1747647652174:,1747647655014
counter/5/0/0/0,2714:1747647651669:,1747647655014
counter/5/0/0/0,2715:1747647651669:,1747647655015
counter/8/0/0/0,2936:1747647651852:,1747647655015
counter/3/0/0/0,2930:1747647652029:,1747647655016
counter/3/0/0/0,2931:1747647652043:,1747647655016
counter/3/0/0/0,2932:1747647652049:,1747647655016
counter/1/0/0/0,2927:1747647652174:,1747647655016
counter/3/0/0/0,2933:1747647652049:,1747647655016
counter/3/0/0/0,2934:1747647652049:,1747647655016
counter/3/0/0/0,2935:1747647652049:,1747647655016
counter/3/0/0/0,2936:1747647652049:,1747647655016
counter/8/0/0/0,2937:1747647651852:,1747647655017
counter/3/0/0/0,2937:1747647652049:,1747647655017
counter/2/0/0/0,2408:1747647651541:,1747647655017
counter/2/0/0/0,2409:1747647651541:,1747647655017
counter/2/0/0/0,2410:1747647651541:,1747647655017
counter/4/0/0/0,2960:1747647652102:,1747647655017
counter/2/0/0/0,2411:1747647651541:,1747647655018
counter/5/0/0/0,2716:1747647651669:,1747647655018
counter/8/0/0/0,2938:1747647651853:,1747647655018
counter/1/0/0/0,2928:1747647652174:,1747647655018
counter/3/0/0/0,2938:1747647652049:,1747647655018
counter/4/0/0/0,2961:1747647652102:,1747647655018
counter/4/0/0/0,2962:1747647652102:,1747647655018
counter/4/0/0/0,2963:1747647652102:,1747647655018
counter/4/0/0/0,2964:1747647652102:,1747647655019
counter/4/0/0/0,2965:1747647652102:,1747647655019
counter/5/0/0/0,2717:1747647651669:,1747647655019
counter/4/0/0/0,2966:1747647652102:,1747647655019
counter/5/0/0/0,2718:1747647651669:,1747647655019
counter/4/0/0/0,2967:1747647652103:,1747647655019
counter/5/0/0/0,2719:1747647651669:,1747647655019
counter/4/0/0/0,2968:1747647652103:,1747647655019
counter/5/0/0/0,2720:1747647651669:,1747647655019
counter/5/0/0/0,2721:1747647651669:,1747647655019
counter/5/0/0/0,2722:1747647651669:,1747647655019
counter/5/0/0/0,2723:1747647651669:,1747647655019
counter/5/0/0/0,2724:1747647651669:,1747647655019
counter/5/0/0/0,2725:1747647651669:,1747647655019
counter/5/0/0/0,2726:1747647651669:,1747647655019
counter/6/0/0/0,2589:1747647652020:,1747647655019
counter/4/0/0/0,2969:1747647652103:,1747647655019
counter/4/0/0/0,2970:1747647652103:,1747647655019
counter/1/0/0/0,2929:1747647652174:,1747647655019
counter/2/0/0/0,2412:1747647651541:,1747647655019
counter/7/0/0/0,2551:1747647651936:,1747647655020
counter/7/0/0/0,2552:1747647651936:,1747647655020
counter/7/0/0/0,2553:1747647651936:,1747647655020
counter/7/0/0/0,2554:1747647651936:,1747647655020
counter/7/0/0/0,2555:1747647651936:,1747647655020
counter/7/0/0/0,2556:1747647651936:,1747647655020
counter/8/0/0/0,2939:1747647651853:,1747647655020
counter/5/0/0/0,2727:1747647651669:,1747647655020
counter/2/0/0/0,2413:1747647651541:,1747647655020
counter/2/0/0/0,2414:1747647651541:,1747647655020
counter/2/0/0/0,2415:1747647651541:,1747647655020
counter/7/0/0/0,2557:1747647651936:,1747647655020
counter/2/0/0/0,2416:1747647651542:,1747647655021
counter/7/0/0/0,2558:1747647651936:,1747647655021
counter/7/0/0/0,2559:1747647651936:,1747647655021
counter/7/0/0/0,2560:1747647651938:,1747647655021
counter/7/0/0/0,2561:1747647651938:,1747647655021
counter/8/0/0/0,2940:1747647651859:,1747647655021
counter/7/0/0/0,2562:1747647651938:,1747647655021
counter/7/0/0/0,2563:1747647651938:,1747647655021
counter/7/0/0/0,2564:1747647651938:,1747647655022
counter/7/0/0/0,2565:1747647651938:,1747647655022
counter/9/0/0/0,2938:1747647652159:,1747647655022
counter/4/0/0/0,2971:1747647652103:,1747647655022
counter/4/0/0/0,2972:1747647652103:,1747647655022
counter/5/0/0/0,2728:1747647651669:,1747647655022
counter/4/0/0/0,2973:1747647652103:,1747647655022
counter/2/0/0/0,2417:1747647651542:,1747647655022
counter/7/0/0/0,2566:1747647651938:,1747647655022
counter/4/0/0/0,2974:1747647652109:,1747647655023
counter/4/0/0/0,2975:1747647652109:,1747647655023
counter/4/0/0/0,2976:1747647652109:,1747647655023
counter/1/0/0/0,2930:1747647652174:,1747647655023
counter/1/0/0/0,2931:1747647652174:,1747647655023
counter/1/0/0/0,2932:1747647652174:,1747647655023
counter/3/0/0/0,2939:1747647652049:,1747647655024
counter/7/0/0/0,2567:1747647651938:,1747647655024
counter/7/0/0/0,2568:1747647651938:,1747647655024
counter/7/0/0/0,2569:1747647651938:,1747647655024
counter/7/0/0/0,2570:1747647651938:,1747647655024
counter/7/0/0/0,2571:1747647651938:,1747647655024
counter/7/0/0/0,2572:1747647651938:,1747647655024
counter/7/0/0/0,2573:1747647651938:,1747647655024
counter/7/0/0/0,2574:1747647651939:,1747647655024
counter/8/0/0/0,2941:1747647651868:,1747647655024
counter/2/0/0/0,2418:1747647651548:,1747647655024
counter/7/0/0/0,2575:1747647651939:,1747647655024
counter/5/0/0/0,2729:1747647651669:,1747647655024
counter/2/0/0/0,2419:1747647651548:,1747647655024
counter/5/0/0/0,2730:1747647651676:,1747647655025
counter/5/0/0/0,2731:1747647651676:,1747647655025
counter/5/0/0/0,2732:1747647651676:,1747647655025
counter/5/0/0/0,2733:1747647651676:,1747647655025
counter/5/0/0/0,2734:1747647651677:,1747647655025
counter/5/0/0/0,2735:1747647651677:,1747647655025
counter/5/0/0/0,2736:1747647651677:,1747647655025
counter/5/0/0/0,2737:1747647651677:,1747647655025
counter/5/0/0/0,2738:1747647651677:,1747647655025
counter/8/0/0/0,2942:1747647651874:,1747647655025
counter/5/0/0/0,2739:1747647651677:,1747647655026
counter/8/0/0/0,2943:1747647651874:,1747647655026
counter/9/0/0/0,2939:1747647652159:,1747647655029
counter/2/0/0/0,2420:1747647651548:,1747647655029
counter/6/0/0/0,2590:1747647652020:,1747647655029
counter/7/0/0/0,2576:1747647651939:,1747647655029
counter/7/0/0/0,2577:1747647651944:,1747647655029
counter/7/0/0/0,2578:1747647651945:,1747647655029
counter/7/0/0/0,2579:1747647651945:,1747647655029
counter/4/0/0/0,2977:1747647652109:,1747647655030
counter/9/0/0/0,2940:1747647652159:,1747647655030
counter/9/0/0/0,2941:1747647652159:,1747647655030
counter/9/0/0/0,2942:1747647652159:,1747647655030
counter/9/0/0/0,2943:1747647652159:,1747647655030
counter/9/0/0/0,2944:1747647652159:,1747647655031
counter/9/0/0/0,2945:1747647652160:,1747647655031
counter/9/0/0/0,2946:1747647652160:,1747647655031
counter/2/0/0/0,2421:1747647651551:,1747647655031
counter/2/0/0/0,2422:1747647651573:,1747647655031
counter/2/0/0/0,2423:1747647651573:,1747647655031
counter/2/0/0/0,2424:1747647651573:,1747647655031
counter/8/0/0/0,2944:1747647651874:,1747647655031
counter/1/0/0/0,2933:1747647652175:,1747647655032
counter/1/0/0/0,2934:1747647652175:,1747647655032
counter/4/0/0/0,2978:1747647652109:,1747647655032
counter/1/0/0/0,2935:1747647652180:,1747647655032
counter/1/0/0/0,2936:1747647652180:,1747647655032
counter/1/0/0/0,2937:1747647652180:,1747647655032
counter/8/0/0/0,2945:1747647651874:,1747647655033
counter/5/0/0/0,2740:1747647651677:,1747647655033
counter/5/0/0/0,2741:1747647651677:,1747647655033
counter/8/0/0/0,2946:1747647651874:,1747647655035
counter/4/0/0/0,2979:1747647652109:,1747647655035
counter/4/0/0/0,2980:1747647652109:,1747647655035
counter/4/0/0/0,2981:1747647652109:,1747647655035
counter/4/0/0/0,2982:1747647652109:,1747647655035
counter/4/0/0/0,2983:1747647652109:,1747647655035
counter/4/0/0/0,2984:1747647652109:,1747647655035
counter/4/0/0/0,2985:1747647652109:,1747647655035
counter/6/0/0/0,2591:1747647652020:,1747647655035
counter/4/0/0/0,2986:1747647652109:,1747647655035
counter/1/0/0/0,2938:1747647652180:,1747647655036
counter/1/0/0/0,2939:1747647652180:,1747647655036
counter/8/0/0/0,2947:1747647651874:,1747647655036
counter/8/0/0/0,2948:1747647651874:,1747647655036
counter/3/0/0/0,2940:1747647652049:,1747647655036
counter/4/0/0/0,2987:1747647652109:,1747647655036
counter/4/0/0/0,2988:1747647652109:,1747647655036
counter/5/0/0/0,2742:1747647651677:,1747647655036
counter/5/0/0/0,2743:1747647651678:,1747647655036
counter/2/0/0/0,2425:1747647651573:,1747647655036
counter/10/0/0/0,2498:1747647652008:,1747647655037
counter/10/0/0/0,2499:1747647652008:,1747647655037
counter/10/0/0/0,2500:1747647652008:,1747647655037
counter/10/0/0/0,2501:1747647652008:,1747647655037
counter/10/0/0/0,2502:1747647652008:,1747647655037
counter/10/0/0/0,2503:1747647652009:,1747647655037
counter/10/0/0/0,2504:1747647652009:,1747647655037
counter/10/0/0/0,2505:1747647652009:,1747647655037
counter/3/0/0/0,2941:1747647652049:,1747647655037
counter/7/0/0/0,2580:1747647651945:,1747647655037
counter/7/0/0/0,2581:1747647651945:,1747647655038
counter/7/0/0/0,2582:1747647651945:,1747647655038
counter/7/0/0/0,2583:1747647651945:,1747647655038
counter/7/0/0/0,2584:1747647651945:,1747647655038
counter/7/0/0/0,2585:1747647651945:,1747647655038
counter/7/0/0/0,2586:1747647651945:,1747647655038
counter/7/0/0/0,2587:1747647651946:,1747647655038
counter/9/0/0/0,2947:1747647652160:,1747647655038
counter/6/0/0/0,2592:1747647652020:,1747647655038
counter/6/0/0/0,2593:1747647652020:,1747647655038
counter/4/0/0/0,2989:1747647652109:,1747647655039
counter/5/0/0/0,2744:1747647651678:,1747647655040
counter/5/0/0/0,2745:1747647651678:,1747647655040
counter/5/0/0/0,2746:1747647651678:,1747647655040
counter/3/0/0/0,2942:1747647652049:,1747647655040
counter/5/0/0/0,2747:1747647651678:,1747647655040
counter/8/0/0/0,2949:1747647651875:,1747647655040
counter/7/0/0/0,2588:1747647651946:,1747647655042
counter/7/0/0/0,2589:1747647651947:,1747647655043
counter/7/0/0/0,2590:1747647651947:,1747647655043
counter/8/0/0/0,2950:1747647651881:,1747647655043
counter/1/0/0/0,2940:1747647652180:,1747647655043
counter/1/0/0/0,2941:1747647652180:,1747647655043
counter/1/0/0/0,2942:1747647652180:,1747647655043
counter/1/0/0/0,2943:1747647652180:,1747647655043
counter/9/0/0/0,2948:1747647652160:,1747647655043
counter/6/0/0/0,2594:1747647652020:,1747647655043
counter/6/0/0/0,2595:1747647652020:,1747647655043
counter/10/0/0/0,2506:1747647652009:,1747647655043
counter/7/0/0/0,2591:1747647651947:,1747647655044
counter/7/0/0/0,2592:1747647651947:,1747647655044
counter/7/0/0/0,2593:1747647651947:,1747647655044
counter/7/0/0/0,2594:1747647651947:,1747647655044
counter/7/0/0/0,2595:1747647651947:,1747647655044
counter/8/0/0/0,2951:1747647651881:,1747647655045
counter/7/0/0/0,2596:1747647651947:,1747647655046
counter/9/0/0/0,2949:1747647652160:,1747647655046
counter/9/0/0/0,2950:1747647652160:,1747647655046
counter/9/0/0/0,2951:1747647652160:,1747647655046
counter/9/0/0/0,2952:1747647652160:,1747647655046
counter/9/0/0/0,2953:1747647652160:,1747647655046
counter/9/0/0/0,2954:1747647652160:,1747647655046
counter/9/0/0/0,2955:1747647652160:,1747647655046
counter/3/0/0/0,2943:1747647652049:,1747647655046
counter/2/0/0/0,2426:1747647651573:,1747647655047
counter/9/0/0/0,2956:1747647652160:,1747647655047
counter/6/0/0/0,2596:1747647652020:,1747647655047
counter/9/0/0/0,2957:1747647652160:,1747647655048
counter/6/0/0/0,2597:1747647652020:,1747647655048
counter/6/0/0/0,2598:1747647652020:,1747647655048
counter/6/0/0/0,2599:1747647652020:,1747647655048
counter/6/0/0/0,2600:1747647652029:,1747647655048
counter/6/0/0/0,2601:1747647652029:,1747647655048
counter/6/0/0/0,2602:1747647652029:,1747647655048
counter/5/0/0/0,2748:1747647651678:,1747647655048
counter/4/0/0/0,2990:1747647652109:,1747647655048
counter/10/0/0/0,2507:1747647652009:,1747647655048
counter/10/0/0/0,2508:1747647652009:,1747647655048
counter/1/0/0/0,2944:1747647652197:,1747647655048
counter/1/0/0/0,2945:1747647652197:,1747647655048
counter/1/0/0/0,2946:1747647652197:,1747647655048
counter/8/0/0/0,2952:1747647651885:,1747647655048
counter/8/0/0/0,2953:1747647651885:,1747647655049
counter/9/0/0/0,2958:1747647652160:,1747647655049
counter/8/0/0/0,2954:1747647651885:,1747647655049
counter/9/0/0/0,2959:1747647652160:,1747647655050
counter/9/0/0/0,2960:1747647652160:,1747647655050
counter/9/0/0/0,2961:1747647652160:,1747647655050
counter/3/0/0/0,2944:1747647652049:,1747647655050
counter/5/0/0/0,2749:1747647651678:,1747647655051
counter/5/0/0/0,2750:1747647651678:,1747647655051
counter/5/0/0/0,2751:1747647651678:,1747647655051
counter/5/0/0/0,2752:1747647651678:,1747647655051
counter/5/0/0/0,2753:1747647651678:,1747647655051
counter/5/0/0/0,2754:1747647651678:,1747647655051
counter/5/0/0/0,2755:1747647651678:,1747647655051
counter/1/0/0/0,2947:1747647652197:,1747647655051
counter/1/0/0/0,2948:1747647652197:,1747647655051
counter/6/0/0/0,2603:1747647652029:,1747647655051
counter/9/0/0/0,2962:1747647652166:,1747647655052
counter/4/0/0/0,2991:1747647652109:,1747647655053
counter/5/0/0/0,2756:1747647651678:,1747647655053
counter/5/0/0/0,2757:1747647651678:,1747647655053
counter/5/0/0/0,2758:1747647651678:,1747647655053
counter/5/0/0/0,2759:1747647651678:,1747647655053
counter/5/0/0/0,2760:1747647651678:,1747647655053
counter/5/0/0/0,2761:1747647651678:,1747647655053
counter/5/0/0/0,2762:1747647651678:,1747647655053
counter/9/0/0/0,2963:1747647652166:,1747647655054
counter/4/0/0/0,2992:1747647652109:,1747647655054
counter/4/0/0/0,2993:1747647652110:,1747647655054
counter/4/0/0/0,2994:1747647652114:,1747647655054
counter/4/0/0/0,2995:1747647652116:,1747647655055
counter/5/0/0/0,2763:1747647651678:,1747647655055
counter/4/0/0/0,2996:1747647652116:,1747647655055
counter/5/0/0/0,2764:1747647651678:,1747647655055
counter/5/0/0/0,2765:1747647651678:,1747647655055
counter/5/0/0/0,2766:1747647651678:,1747647655055
counter/5/0/0/0,2767:1747647651678:,1747647655055
counter/5/0/0/0,2768:1747647651678:,1747647655055
counter/5/0/0/0,2769:1747647651678:,1747647655055
counter/5/0/0/0,2770:1747647651678:,1747647655055
counter/7/0/0/0,2597:1747647651947:,1747647655055
counter/6/0/0/0,2604:1747647652029:,1747647655055
counter/7/0/0/0,2598:1747647651947:,1747647655055
counter/3/0/0/0,2945:1747647652049:,1747647655055
counter/10/0/0/0,2509:1747647652009:,1747647655055
counter/1/0/0/0,2949:1747647652198:,1747647655056
counter/5/0/0/0,2771:1747647651679:,1747647655058
counter/5/0/0/0,2772:1747647651679:,1747647655059
counter/5/0/0/0,2773:1747647651679:,1747647655059
counter/6/0/0/0,2605:1747647652029:,1747647655060
counter/9/0/0/0,2964:1747647652166:,1747647655060
counter/9/0/0/0,2965:1747647652166:,1747647655060
counter/9/0/0/0,2966:1747647652166:,1747647655060
counter/9/0/0/0,2967:1747647652166:,1747647655060
counter/9/0/0/0,2968:1747647652168:,1747647655060
counter/9/0/0/0,2969:1747647652168:,1747647655060
counter/9/0/0/0,2970:1747647652168:,1747647655060
counter/9/0/0/0,2971:1747647652168:,1747647655060
counter/2/0/0/0,2427:1747647651573:,1747647655060
counter/3/0/0/0,2946:1747647652049:,1747647655060
counter/5/0/0/0,2774:1747647651679:,1747647655061
counter/3/0/0/0,2947:1747647652049:,1747647655061
counter/10/0/0/0,2510:1747647652009:,1747647655061
counter/2/0/0/0,2428:1747647651573:,1747647655062
counter/2/0/0/0,2429:1747647651573:,1747647655062
counter/2/0/0/0,2430:1747647651573:,1747647655062
counter/2/0/0/0,2431:1747647651574:,1747647655062
counter/2/0/0/0,2432:1747647651574:,1747647655062
counter/2/0/0/0,2433:1747647651574:,1747647655062
counter/2/0/0/0,2434:1747647651574:,1747647655062
counter/2/0/0/0,2435:1747647651574:,1747647655062
counter/2/0/0/0,2436:1747647651575:,1747647655062
counter/3/0/0/0,2948:1747647652049:,1747647655062
counter/2/0/0/0,2437:1747647651575:,1747647655062
counter/1/0/0/0,2950:1747647652198:,1747647655062
counter/1/0/0/0,2951:1747647652198:,1747647655063
counter/1/0/0/0,2952:1747647652198:,1747647655063
counter/1/0/0/0,2953:1747647652198:,1747647655063
counter/1/0/0/0,2954:1747647652198:,1747647655063
counter/1/0/0/0,2955:1747647652198:,1747647655064
counter/1/0/0/0,2956:1747647652198:,1747647655064
counter/1/0/0/0,2957:1747647652198:,1747647655064
counter/1/0/0/0,2958:1747647652198:,1747647655064
counter/1/0/0/0,2959:1747647652198:,1747647655064
counter/1/0/0/0,2960:1747647652198:,1747647655064
counter/7/0/0/0,2599:1747647651947:,1747647655064
counter/4/0/0/0,2997:1747647652116:,1747647655064
counter/9/0/0/0,2972:1747647652172:,1747647655064
counter/7/0/0/0,2600:1747647651947:,1747647655065
counter/10/0/0/0,2511:1747647652009:,1747647655065
counter/8/0/0/0,2955:1747647651885:,1747647655065
counter/3/0/0/0,2949:1747647652055:,1747647655066
counter/5/0/0/0,2775:1747647651679:,1747647655066
counter/5/0/0/0,2776:1747647651679:,1747647655066
counter/5/0/0/0,2777:1747647651679:,1747647655066
counter/5/0/0/0,2778:1747647651679:,1747647655066
counter/5/0/0/0,2779:1747647651685:,1747647655066
counter/5/0/0/0,2780:1747647651685:,1747647655066
counter/5/0/0/0,2781:1747647651685:,1747647655067
counter/6/0/0/0,2606:1747647652029:,1747647655067
counter/6/0/0/0,2607:1747647652029:,1747647655067
counter/6/0/0/0,2608:1747647652029:,1747647655067
counter/6/0/0/0,2609:1747647652029:,1747647655067
counter/6/0/0/0,2610:1747647652029:,1747647655067
counter/6/0/0/0,2611:1747647652029:,1747647655067
counter/6/0/0/0,2612:1747647652029:,1747647655067
counter/8/0/0/0,2956:1747647651885:,1747647655067
counter/7/0/0/0,2601:1747647651947:,1747647655068
counter/9/0/0/0,2973:1747647652172:,1747647655068
counter/4/0/0/0,2998:1747647652116:,1747647655068
counter/5/0/0/0,2782:1747647651685:,1747647655068
counter/8/0/0/0,2957:1747647651885:,1747647655068
counter/10/0/0/0,2512:1747647652009:,1747647655068
counter/10/0/0/0,2513:1747647652009:,1747647655068
counter/10/0/0/0,2514:1747647652009:,1747647655068
counter/10/0/0/0,2515:1747647652009:,1747647655068
counter/10/0/0/0,2516:1747647652009:,1747647655068
counter/10/0/0/0,2517:1747647652009:,1747647655069
counter/1/0/0/0,2961:1747647652198:,1747647655069
counter/9/0/0/0,2974:1747647652172:,1747647655069
counter/6/0/0/0,2613:1747647652029:,1747647655069
counter/6/0/0/0,2614:1747647652029:,1747647655069
counter/6/0/0/0,2615:1747647652041:,1747647655069
counter/6/0/0/0,2616:1747647652041:,1747647655069
counter/5/0/0/0,2783:1747647651685:,1747647655069
counter/5/0/0/0,2784:1747647651685:,1747647655069
counter/5/0/0/0,2785:1747647651685:,1747647655069
counter/5/0/0/0,2786:1747647651685:,1747647655070
counter/5/0/0/0,2787:1747647651685:,1747647655070
counter/5/0/0/0,2788:1747647651685:,1747647655070
counter/5/0/0/0,2789:1747647651685:,1747647655070
counter/5/0/0/0,2790:1747647651685:,1747647655070
counter/6/0/0/0,2617:1747647652041:,1747647655070
counter/8/0/0/0,2958:1747647651885:,1747647655070
counter/7/0/0/0,2602:1747647651947:,1747647655070
counter/2/0/0/0,2438:1747647651575:,1747647655070
counter/8/0/0/0,2959:1747647651885:,1747647655071
counter/5/0/0/0,2791:1747647651685:,1747647655071
counter/5/0/0/0,2792:1747647651685:,1747647655071
counter/5/0/0/0,2793:1747647651685:,1747647655071
counter/5/0/0/0,2794:1747647651689:,1747647655071
counter/5/0/0/0,2795:1747647651689:,1747647655071
counter/5/0/0/0,2796:1747647651689:,1747647655071
counter/5/0/0/0,2797:1747647651689:,1747647655071
counter/5/0/0/0,2798:1747647651689:,1747647655071
counter/5/0/0/0,2799:1747647651689:,1747647655071
counter/5/0/0/0,2800:1747647651689:,1747647655071
counter/4/0/0/0,2999:1747647652116:,1747647655072
counter/8/0/0/0,2960:1747647651885:,1747647655072
counter/8/0/0/0,2961:1747647651885:,1747647655072
counter/3/0/0/0,2950:1747647652055:,1747647655072
counter/2/0/0/0,2439:1747647651575:,1747647655072
counter/9/0/0/0,2975:1747647652172:,1747647655072
counter/9/0/0/0,2976:1747647652172:,1747647655072
counter/9/0/0/0,2977:1747647652172:,1747647655073
counter/8/0/0/0,2962:1747647651896:,1747647655074
counter/1/0/0/0,2962:1747647652198:,1747647655074
counter/1/0/0/0,2963:1747647652198:,1747647655074
counter/1/0/0/0,2964:1747647652203:,1747647655074
counter/1/0/0/0,2965:1747647652204:,1747647655074
counter/1/0/0/0,2966:1747647652204:,1747647655074
counter/1/0/0/0,2967:1747647652204:,1747647655074
counter/1/0/0/0,2968:1747647652204:,1747647655074
counter/8/0/0/0,2963:1747647651896:,1747647655075
counter/9/0/0/0,2978:1747647652172:,1747647655075
counter/8/0/0/0,2964:1747647651896:,1747647655075
counter/8/0/0/0,2965:1747647651896:,1747647655075
counter/8/0/0/0,2966:1747647651896:,1747647655075
counter/8/0/0/0,2967:1747647651896:,1747647655075
counter/10/0/0/0,2518:1747647652009:,1747647655078
counter/10/0/0/0,2519:1747647652009:,1747647655078
counter/10/0/0/0,2520:1747647652009:,1747647655078
counter/7/0/0/0,2603:1747647651947:,1747647655078
counter/4/0/0/0,3000:1747647652116:,1747647655079
counter/1/0/0/0,2969:1747647652204:,1747647655079
counter/8/0/0/0,2968:1747647651896:,1747647655080
counter/8/0/0/0,2969:1747647651896:,1747647655080
counter/8/0/0/0,2970:1747647651898:,1747647655080
counter/6/0/0/0,2618:1747647652041:,1747647655080
counter/8/0/0/0,2971:1747647651898:,1747647655081
counter/8/0/0/0,2972:1747647651898:,1747647655081
counter/8/0/0/0,2973:1747647651898:,1747647655081
counter/2/0/0/0,2440:1747647651575:,1747647655081
counter/2/0/0/0,2441:1747647651575:,1747647655081
counter/2/0/0/0,2442:1747647651575:,1747647655081
counter/2/0/0/0,2443:1747647651575:,1747647655081
counter/2/0/0/0,2444:1747647651575:,1747647655081
counter/2/0/0/0,2445:1747647651575:,1747647655081
counter/2/0/0/0,2446:1747647651575:,1747647655081
counter/7/0/0/0,2604:1747647651947:,1747647655081
counter/7/0/0/0,2605:1747647651948:,1747647655081
counter/3/0/0/0,2951:1747647652055:,1747647655082
counter/7/0/0/0,2606:1747647651948:,1747647655082
counter/3/0/0/0,2952:1747647652055:,1747647655082
counter/7/0/0/0,2607:1747647651959:,1747647655082
counter/3/0/0/0,2953:1747647652055:,1747647655082
counter/2/0/0/0,2447:1747647651575:,1747647655082
counter/7/0/0/0,2608:1747647651959:,1747647655082
counter/2/0/0/0,2448:1747647651575:,1747647655082
counter/2/0/0/0,2449:1747647651575:,1747647655082
counter/2/0/0/0,2450:1747647651575:,1747647655082
counter/2/0/0/0,2451:1747647651575:,1747647655082
counter/2/0/0/0,2452:1747647651575:,1747647655082
counter/4/0/0/0,3001:1747647652116:,1747647655083
counter/2/0/0/0,2453:1747647651575:,1747647655084
counter/2/0/0/0,2454:1747647651583:,1747647655084
counter/2/0/0/0,2455:1747647651583:,1747647655084
counter/2/0/0/0,2456:1747647651583:,1747647655084
counter/2/0/0/0,2457:1747647651583:,1747647655084
counter/2/0/0/0,2458:1747647651583:,1747647655084
counter/2/0/0/0,2459:1747647651583:,1747647655084
counter/5/0/0/0,2801:1747647651689:,1747647655085
counter/5/0/0/0,2802:1747647651689:,1747647655085
counter/10/0/0/0,2521:1747647652012:,1747647655089
counter/10/0/0/0,2522:1747647652012:,1747647655089
counter/10/0/0/0,2523:1747647652012:,1747647655089
counter/10/0/0/0,2524:1747647652012:,1747647655089
counter/10/0/0/0,2525:1747647652012:,1747647655089
counter/10/0/0/0,2526:1747647652012:,1747647655089
counter/10/0/0/0,2527:1747647652012:,1747647655089
counter/10/0/0/0,2528:1747647652012:,1747647655089
counter/10/0/0/0,2529:1747647652012:,1747647655089
counter/4/0/0/0,3002:1747647652119:,1747647655090
counter/4/0/0/0,3003:1747647652119:,1747647655090
counter/9/0/0/0,2979:1747647652172:,1747647655090
counter/3/0/0/0,2954:1747647652055:,1747647655090
counter/4/0/0/0,3004:1747647652119:,1747647655090
counter/3/0/0/0,2955:1747647652055:,1747647655090
counter/3/0/0/0,2956:1747647652055:,1747647655090
counter/3/0/0/0,2957:1747647652055:,1747647655091
counter/3/0/0/0,2958:1747647652055:,1747647655091
counter/3/0/0/0,2959:1747647652055:,1747647655091
counter/3/0/0/0,2960:1747647652055:,1747647655091
counter/3/0/0/0,2961:1747647652058:,1747647655091
counter/3/0/0/0,2962:1747647652058:,1747647655091
counter/3/0/0/0,2963:1747647652058:,1747647655091
counter/3/0/0/0,2964:1747647652058:,1747647655091
counter/3/0/0/0,2965:1747647652058:,1747647655091
counter/3/0/0/0,2966:1747647652058:,1747647655091
counter/3/0/0/0,2967:1747647652058:,1747647655091
counter/3/0/0/0,2968:1747647652063:,1747647655091
counter/3/0/0/0,2969:1747647652063:,1747647655091
counter/3/0/0/0,2970:1747647652063:,1747647655091
counter/6/0/0/0,2619:1747647652041:,1747647655091
counter/7/0/0/0,2609:1747647651959:,1747647655092
counter/3/0/0/0,2971:1747647652063:,1747647655092
counter/10/0/0/0,2530:1747647652012:,1747647655092
counter/2/0/0/0,2460:1747647651583:,1747647655092
counter/10/0/0/0,2531:1747647652012:,1747647655094
counter/2/0/0/0,2461:1747647651584:,1747647655094
counter/3/0/0/0,2972:1747647652063:,1747647655094
counter/3/0/0/0,2973:1747647652063:,1747647655094
counter/7/0/0/0,2610:1747647651959:,1747647655094
counter/3/0/0/0,2974:1747647652063:,1747647655096
counter/2/0/0/0,2462:1747647651584:,1747647655097
counter/2/0/0/0,2463:1747647651584:,1747647655097
counter/2/0/0/0,2464:1747647651584:,1747647655097
counter/2/0/0/0,2465:1747647651584:,1747647655097
counter/2/0/0/0,2466:1747647651585:,1747647655097
counter/7/0/0/0,2611:1747647651961:,1747647655097
counter/2/0/0/0,2467:1747647651585:,1747647655097
counter/2/0/0/0,2468:1747647651585:,1747647655097
counter/6/0/0/0,2620:1747647652041:,1747647655098
counter/6/0/0/0,2621:1747647652041:,1747647655098
counter/6/0/0/0,2622:1747647652041:,1747647655098
counter/6/0/0/0,2623:1747647652041:,1747647655098
counter/6/0/0/0,2624:1747647652041:,1747647655098
counter/6/0/0/0,2625:1747647652047:,1747647655099
counter/6/0/0/0,2626:1747647652048:,1747647655099
counter/6/0/0/0,2627:1747647652048:,1747647655099
counter/9/0/0/0,2980:1747647652172:,1747647655099
counter/9/0/0/0,2981:1747647652172:,1747647655100
counter/9/0/0/0,2982:1747647652172:,1747647655100
counter/9/0/0/0,2983:1747647652172:,1747647655100
counter/9/0/0/0,2984:1747647652172:,1747647655100
counter/9/0/0/0,2985:1747647652172:,1747647655101
counter/9/0/0/0,2986:1747647652172:,1747647655101
counter/9/0/0/0,2987:1747647652182:,1747647655101
counter/8/0/0/0,2974:1747647651904:,1747647655101
counter/8/0/0/0,2975:1747647651904:,1747647655101
counter/8/0/0/0,2976:1747647651904:,1747647655101
counter/8/0/0/0,2977:1747647651904:,1747647655101
counter/8/0/0/0,2978:1747647651904:,1747647655102
counter/8/0/0/0,2979:1747647651910:,1747647655102
counter/8/0/0/0,2980:1747647651910:,1747647655102
counter/8/0/0/0,2981:1747647651910:,1747647655102
counter/7/0/0/0,2612:1747647651961:,1747647655102
counter/9/0/0/0,2988:1747647652182:,1747647655102
counter/7/0/0/0,2613:1747647651961:,1747647655102
counter/10/0/0/0,2532:1747647652013:,1747647655102
counter/10/0/0/0,2533:1747647652014:,1747647655104
counter/4/0/0/0,3005:1747647652119:,1747647655104
counter/2/0/0/0,2469:1747647651588:,1747647655104
counter/6/0/0/0,2628:1747647652048:,1747647655104
counter/3/0/0/0,2975:1747647652063:,1747647655104
counter/3/0/0/0,2976:1747647652063:,1747647655104
counter/3/0/0/0,2977:1747647652063:,1747647655104
counter/3/0/0/0,2978:1747647652063:,1747647655104
counter/3/0/0/0,2979:1747647652065:,1747647655104
counter/3/0/0/0,2980:1747647652065:,1747647655104
counter/7/0/0/0,2614:1747647651961:,1747647655105
counter/7/0/0/0,2615:1747647651961:,1747647655105
counter/7/0/0/0,2616:1747647651961:,1747647655105
counter/2/0/0/0,2470:1747647651589:,1747647655105
counter/2/0/0/0,2471:1747647651589:,1747647655105
counter/2/0/0/0,2472:1747647651589:,1747647655105
counter/2/0/0/0,2473:1747647651589:,1747647655105
counter/8/0/0/0,2982:1747647651910:,1747647655106
counter/8/0/0/0,2983:1747647651910:,1747647655106
counter/8/0/0/0,2984:1747647651912:,1747647655106
counter/8/0/0/0,2985:1747647651912:,1747647655106
counter/8/0/0/0,2986:1747647651917:,1747647655106
counter/2/0/0/0,2474:1747647651589:,1747647655106
counter/2/0/0/0,2475:1747647651589:,1747647655106
counter/6/0/0/0,2629:1747647652048:,1747647655106
counter/6/0/0/0,2630:1747647652048:,1747647655107
counter/6/0/0/0,2631:1747647652048:,1747647655107
counter/6/0/0/0,2632:1747647652048:,1747647655107
counter/5/0/0/0,2803:1747647651689:,1747647655107
counter/8/0/0/0,2987:1747647651917:,1747647655107
counter/7/0/0/0,2617:1747647651961:,1747647655107
counter/2/0/0/0,2476:1747647651589:,1747647655108
counter/2/0/0/0,2477:1747647651589:,1747647655108
counter/2/0/0/0,2478:1747647651590:,1747647655108
counter/2/0/0/0,2479:1747647651590:,1747647655108
counter/6/0/0/0,2633:1747647652048:,1747647655108
counter/1/0/0/0,2970:1747647652204:,1747647655108
counter/1/0/0/0,2971:1747647652206:,1747647655108
counter/1/0/0/0,2972:1747647652206:,1747647655108
counter/5/0/0/0,2804:1747647651689:,1747647655109
counter/5/0/0/0,2805:1747647651689:,1747647655109
counter/5/0/0/0,2806:1747647651701:,1747647655109
counter/5/0/0/0,2807:1747647651701:,1747647655109
counter/5/0/0/0,2808:1747647651701:,1747647655110
counter/2/0/0/0,2480:1747647651590:,1747647655110
counter/2/0/0/0,2481:1747647651590:,1747647655110
counter/2/0/0/0,2482:1747647651590:,1747647655110
counter/2/0/0/0,2483:1747647651593:,1747647655110
counter/2/0/0/0,2484:1747647651593:,1747647655110
counter/3/0/0/0,2981:1747647652065:,1747647655110
counter/3/0/0/0,2982:1747647652065:,1747647655110
counter/3/0/0/0,2983:1747647652065:,1747647655110
counter/3/0/0/0,2984:1747647652065:,1747647655110
counter/3/0/0/0,2985:1747647652065:,1747647655110
counter/3/0/0/0,2986:1747647652065:,1747647655110
counter/5/0/0/0,2809:1747647651701:,1747647655110
counter/4/0/0/0,3006:1747647652122:,1747647655110
counter/8/0/0/0,2988:1747647651917:,1747647655110
counter/9/0/0/0,2989:1747647652182:,1747647655111
counter/9/0/0/0,2990:1747647652182:,1747647655111
counter/9/0/0/0,2991:1747647652182:,1747647655112
counter/9/0/0/0,2992:1747647652182:,1747647655112
counter/9/0/0/0,2993:1747647652182:,1747647655112
counter/9/0/0/0,2994:1747647652182:,1747647655112
counter/9/0/0/0,2995:1747647652182:,1747647655112
counter/9/0/0/0,2996:1747647652182:,1747647655112
counter/9/0/0/0,2997:1747647652182:,1747647655112
counter/6/0/0/0,2634:1747647652048:,1747647655112
counter/4/0/0/0,3007:1747647652122:,1747647655112
counter/3/0/0/0,2987:1747647652065:,1747647655113
counter/3/0/0/0,2988:1747647652065:,1747647655113
counter/3/0/0/0,2989:1747647652065:,1747647655113
counter/3/0/0/0,2990:1747647652065:,1747647655113
counter/3/0/0/0,2991:1747647652065:,1747647655113
counter/3/0/0/0,2992:1747647652065:,1747647655113
counter/3/0/0/0,2993:1747647652065:,1747647655113
counter/5/0/0/0,2810:1747647651702:,1747647655113
counter/5/0/0/0,2811:1747647651702:,1747647655113
counter/9/0/0/0,2998:1747647652182:,1747647655113
counter/9/0/0/0,2999:1747647652182:,1747647655113
counter/9/0/0/0,3000:1747647652182:,1747647655113
counter/9/0/0/0,3001:1747647652190:,1747647655113
counter/9/0/0/0,3002:1747647652195:,1747647655113
counter/7/0/0/0,2618:1747647651961:,1747647655113
counter/7/0/0/0,2619:1747647651961:,1747647655114
counter/10/0/0/0,2534:1747647652014:,1747647655115
counter/6/0/0/0,2635:1747647652048:,1747647655115
counter/6/0/0/0,2636:1747647652048:,1747647655116
counter/1/0/0/0,2973:1747647652206:,1747647655116
counter/7/0/0/0,2620:1747647651961:,1747647655117
counter/7/0/0/0,2621:1747647651964:,1747647655117
counter/7/0/0/0,2622:1747647651964:,1747647655117
counter/7/0/0/0,2623:1747647651965:,1747647655117
counter/7/0/0/0,2624:1747647651965:,1747647655117
counter/7/0/0/0,2625:1747647651965:,1747647655117
counter/7/0/0/0,2626:1747647651965:,1747647655117
counter/7/0/0/0,2627:1747647651965:,1747647655117
counter/7/0/0/0,2628:1747647651965:,1747647655118
counter/7/0/0/0,2629:1747647651965:,1747647655118
counter/7/0/0/0,2630:1747647651965:,1747647655118
counter/7/0/0/0,2631:1747647651965:,1747647655118
counter/7/0/0/0,2632:1747647651965:,1747647655118
counter/7/0/0/0,2633:1747647651965:,1747647655118
counter/7/0/0/0,2634:1747647651965:,1747647655118
counter/7/0/0/0,2635:1747647651965:,1747647655118
counter/7/0/0/0,2636:1747647651965:,1747647655118
counter/7/0/0/0,2637:1747647651965:,1747647655118
counter/7/0/0/0,2638:1747647651965:,1747647655118
counter/10/0/0/0,2535:1747647652014:,1747647655118
counter/9/0/0/0,3003:1747647652195:,1747647655118
counter/9/0/0/0,3004:1747647652195:,1747647655118
counter/9/0/0/0,3005:1747647652195:,1747647655118
counter/5/0/0/0,2812:1747647651702:,1747647655119
counter/8/0/0/0,2989:1747647651917:,1747647655123
counter/7/0/0/0,2639:1747647651972:,1747647655123
counter/9/0/0/0,3006:1747647652195:,1747647655124
counter/9/0/0/0,3007:1747647652195:,1747647655124
counter/6/0/0/0,2637:1747647652048:,1747647655124
counter/9/0/0/0,3008:1747647652195:,1747647655124
counter/7/0/0/0,2640:1747647651972:,1747647655124
counter/9/0/0/0,3009:1747647652195:,1747647655124
counter/6/0/0/0,2638:1747647652048:,1747647655124
counter/4/0/0/0,3008:1747647652123:,1747647655124
counter/4/0/0/0,3009:1747647652123:,1747647655124
counter/4/0/0/0,3010:1747647652123:,1747647655124
counter/4/0/0/0,3011:1747647652123:,1747647655124
counter/4/0/0/0,3012:1747647652123:,1747647655124
counter/3/0/0/0,2994:1747647652065:,1747647655124
counter/9/0/0/0,3010:1747647652196:,1747647655126
counter/9/0/0/0,3011:1747647652196:,1747647655126
counter/9/0/0/0,3012:1747647652196:,1747647655126
counter/9/0/0/0,3013:1747647652196:,1747647655126
counter/9/0/0/0,3014:1747647652196:,1747647655126
counter/9/0/0/0,3015:1747647652198:,1747647655126
counter/9/0/0/0,3016:1747647652198:,1747647655126
counter/9/0/0/0,3017:1747647652198:,1747647655126
counter/9/0/0/0,3018:1747647652199:,1747647655126
counter/7/0/0/0,2641:1747647651972:,1747647655126
counter/9/0/0/0,3019:1747647652199:,1747647655126
counter/8/0/0/0,2990:1747647651917:,1747647655127
counter/2/0/0/0,2485:1747647651593:,1747647655127
counter/8/0/0/0,2991:1747647651917:,1747647655127
counter/8/0/0/0,2992:1747647651917:,1747647655127
counter/8/0/0/0,2993:1747647651917:,1747647655127
counter/8/0/0/0,2994:1747647651918:,1747647655127
counter/8/0/0/0,2995:1747647651918:,1747647655127
counter/8/0/0/0,2996:1747647651918:,1747647655127
counter/8/0/0/0,2997:1747647651918:,1747647655127
counter/4/0/0/0,3013:1747647652123:,1747647655127
counter/4/0/0/0,3014:1747647652123:,1747647655127
counter/4/0/0/0,3015:1747647652123:,1747647655128
counter/4/0/0/0,3016:1747647652123:,1747647655128
counter/10/0/0/0,2536:1747647652015:,1747647655128
counter/7/0/0/0,2642:1747647651972:,1747647655128
counter/6/0/0/0,2639:1747647652048:,1747647655128
counter/4/0/0/0,3017:1747647652123:,1747647655128
counter/4/0/0/0,3018:1747647652123:,1747647655128
counter/4/0/0/0,3019:1747647652123:,1747647655128
counter/4/0/0/0,3020:1747647652123:,1747647655128
counter/4/0/0/0,3021:1747647652123:,1747647655128
counter/4/0/0/0,3022:1747647652126:,1747647655128
counter/4/0/0/0,3023:1747647652126:,1747647655128
counter/4/0/0/0,3024:1747647652126:,1747647655128
counter/5/0/0/0,2813:1747647651702:,1747647655128
counter/5/0/0/0,2814:1747647651702:,1747647655130
counter/5/0/0/0,2815:1747647651702:,1747647655131
counter/5/0/0/0,2816:1747647651702:,1747647655131
counter/5/0/0/0,2817:1747647651702:,1747647655131
counter/5/0/0/0,2818:1747647651702:,1747647655131
counter/8/0/0/0,2998:1747647651918:,1747647655131
counter/9/0/0/0,3020:1747647652199:,1747647655132
counter/2/0/0/0,2486:1747647651593:,1747647655132
counter/3/0/0/0,2995:1747647652066:,1747647655132
counter/8/0/0/0,2999:1747647651918:,1747647655132
counter/8/0/0/0,3000:1747647651918:,1747647655132
counter/10/0/0/0,2537:1747647652015:,1747647655134
counter/5/0/0/0,2819:1747647651702:,1747647655134
counter/1/0/0/0,2974:1747647652206:,1747647655134
counter/7/0/0/0,2643:1747647651972:,1747647655135
counter/6/0/0/0,2640:1747647652048:,1747647655136
counter/4/0/0/0,3025:1747647652126:,1747647655137
counter/4/0/0/0,3026:1747647652127:,1747647655137
counter/4/0/0/0,3027:1747647652127:,1747647655137
counter/4/0/0/0,3028:1747647652127:,1747647655138
counter/4/0/0/0,3029:1747647652127:,1747647655138
counter/9/0/0/0,3021:1747647652199:,1747647655138
counter/6/0/0/0,2641:1747647652048:,1747647655138
counter/5/0/0/0,2820:1747647651702:,1747647655139
counter/7/0/0/0,2644:1747647651972:,1747647655139
counter/7/0/0/0,2645:1747647651972:,1747647655139
counter/3/0/0/0,2996:1747647652067:,1747647655140
counter/1/0/0/0,2975:1747647652206:,1747647655140
counter/9/0/0/0,3022:1747647652199:,1747647655142
counter/5/0/0/0,2821:1747647651702:,1747647655142
counter/10/0/0/0,2538:1747647652015:,1747647655142
counter/2/0/0/0,2487:1747647651593:,1747647655142
counter/7/0/0/0,2646:1747647651972:,1747647655143
counter/7/0/0/0,2647:1747647651972:,1747647655143
counter/7/0/0/0,2648:1747647651972:,1747647655143
counter/8/0/0/0,3001:1747647651918:,1747647655143
counter/3/0/0/0,2997:1747647652067:,1747647655143
counter/5/0/0/0,2822:1747647651702:,1747647655143
counter/5/0/0/0,2823:1747647651702:,1747647655143
counter/5/0/0/0,2824:1747647651702:,1747647655143
counter/5/0/0/0,2825:1747647651702:,1747647655144
counter/5/0/0/0,2826:1747647651702:,1747647655144
counter/5/0/0/0,2827:1747647651702:,1747647655144
counter/5/0/0/0,2828:1747647651702:,1747647655144
counter/5/0/0/0,2829:1747647651702:,1747647655144
counter/5/0/0/0,2830:1747647651702:,1747647655144
counter/5/0/0/0,2831:1747647651702:,1747647655144
counter/5/0/0/0,2832:1747647651702:,1747647655144
counter/5/0/0/0,2833:1747647651702:,1747647655144
counter/6/0/0/0,2642:1747647652049:,1747647655145
counter/10/0/0/0,2539:1747647652015:,1747647655145
counter/2/0/0/0,2488:1747647651593:,1747647655145
counter/2/0/0/0,2489:1747647651595:,1747647655146
counter/2/0/0/0,2490:1747647651595:,1747647655146
counter/2/0/0/0,2491:1747647651595:,1747647655146
counter/2/0/0/0,2492:1747647651595:,1747647655146
counter/2/0/0/0,2493:1747647651595:,1747647655146
counter/2/0/0/0,2494:1747647651595:,1747647655146
counter/8/0/0/0,3002:1747647651918:,1747647655146
counter/4/0/0/0,3030:1747647652127:,1747647655146
counter/7/0/0/0,2649:1747647651972:,1747647655147
counter/9/0/0/0,3023:1747647652199:,1747647655147
counter/9/0/0/0,3024:1747647652199:,1747647655147
counter/9/0/0/0,3025:1747647652211:,1747647655147
counter/9/0/0/0,3026:1747647652212:,1747647655147
counter/9/0/0/0,3027:1747647652212:,1747647655147
counter/9/0/0/0,3028:1747647652212:,1747647655147
counter/9/0/0/0,3029:1747647652212:,1747647655147
counter/9/0/0/0,3030:1747647652212:,1747647655147
counter/9/0/0/0,3031:1747647652212:,1747647655147
counter/9/0/0/0,3032:1747647652212:,1747647655147
counter/9/0/0/0,3033:1747647652212:,1747647655147
counter/2/0/0/0,2495:1747647651595:,1747647655147
counter/3/0/0/0,2998:1747647652067:,1747647655148
counter/4/0/0/0,3031:1747647652127:,1747647655149
counter/1/0/0/0,2976:1747647652206:,1747647655149
counter/4/0/0/0,3032:1747647652127:,1747647655150
counter/10/0/0/0,2540:1747647652015:,1747647655150
counter/3/0/0/0,2999:1747647652067:,1747647655151
counter/4/0/0/0,3033:1747647652127:,1747647655151
counter/10/0/0/0,2541:1747647652015:,1747647655152
counter/7/0/0/0,2650:1747647651972:,1747647655152
counter/10/0/0/0,2542:1747647652015:,1747647655152
counter/8/0/0/0,3003:1747647651918:,1747647655152
counter/8/0/0/0,3004:1747647651918:,1747647655152
counter/8/0/0/0,3005:1747647651918:,1747647655152
counter/4/0/0/0,3034:1747647652127:,1747647655152
counter/2/0/0/0,2496:1747647651595:,1747647655152
counter/2/0/0/0,2497:1747647651595:,1747647655153
counter/4/0/0/0,3035:1747647652127:,1747647655153
counter/7/0/0/0,2651:1747647651972:,1747647655154
counter/7/0/0/0,2652:1747647651972:,1747647655154
counter/7/0/0/0,2653:1747647651972:,1747647655154
counter/7/0/0/0,2654:1747647651972:,1747647655154
counter/7/0/0/0,2655:1747647651972:,1747647655154
counter/4/0/0/0,3036:1747647652127:,1747647655154
counter/8/0/0/0,3006:1747647651918:,1747647655154
counter/10/0/0/0,2543:1747647652015:,1747647655155
counter/10/0/0/0,2544:1747647652015:,1747647655155
counter/6/0/0/0,2643:1747647652049:,1747647655155
counter/9/0/0/0,3034:1747647652212:,1747647655155
counter/9/0/0/0,3035:1747647652213:,1747647655155
counter/9/0/0/0,3036:1747647652213:,1747647655155
counter/2/0/0/0,2498:1747647651595:,1747647655156
counter/2/0/0/0,2499:1747647651595:,1747647655156
counter/2/0/0/0,2500:1747647651595:,1747647655156
counter/2/0/0/0,2501:1747647651595:,1747647655156
counter/2/0/0/0,2502:1747647651595:,1747647655156
counter/2/0/0/0,2503:1747647651612:,1747647655156
counter/8/0/0/0,3007:1747647651918:,1747647655156
counter/2/0/0/0,2504:1747647651612:,1747647655156
counter/8/0/0/0,3008:1747647651918:,1747647655156
counter/10/0/0/0,2545:1747647652015:,1747647655156
counter/1/0/0/0,2977:1747647652206:,1747647655156
counter/9/0/0/0,3037:1747647652218:,1747647655158
counter/2/0/0/0,2505:1747647651612:,1747647655158
counter/2/0/0/0,2506:1747647651612:,1747647655158
counter/2/0/0/0,2507:1747647651612:,1747647655158
counter/2/0/0/0,2508:1747647651612:,1747647655158
counter/2/0/0/0,2509:1747647651612:,1747647655158
counter/2/0/0/0,2510:1747647651612:,1747647655158
counter/1/0/0/0,2978:1747647652206:,1747647655159
counter/1/0/0/0,2979:1747647652210:,1747647655159
counter/1/0/0/0,2980:1747647652210:,1747647655159
counter/1/0/0/0,2981:1747647652210:,1747647655159
counter/4/0/0/0,3037:1747647652127:,1747647655161
counter/10/0/0/0,2546:1747647652015:,1747647655162
counter/9/0/0/0,3038:1747647652218:,1747647655163
counter/9/0/0/0,3039:1747647652218:,1747647655163
counter/9/0/0/0,3040:1747647652218:,1747647655163
counter/9/0/0/0,3041:1747647652219:,1747647655163
counter/9/0/0/0,3042:1747647652219:,1747647655163
counter/9/0/0/0,3043:1747647652219:,1747647655163
counter/9/0/0/0,3044:1747647652219:,1747647655163
counter/9/0/0/0,3045:1747647652219:,1747647655163
counter/9/0/0/0,3046:1747647652219:,1747647655163
counter/9/0/0/0,3047:1747647652219:,1747647655164
counter/9/0/0/0,3048:1747647652219:,1747647655164
counter/9/0/0/0,3049:1747647652224:,1747647655164
counter/9/0/0/0,3050:1747647652225:,1747647655164
counter/9/0/0/0,3051:1747647652225:,1747647655164
counter/3/0/0/0,3000:1747647652067:,1747647655164
counter/3/0/0/0,3001:1747647652067:,1747647655164
counter/3/0/0/0,3002:1747647652067:,1747647655164
counter/3/0/0/0,3003:1747647652067:,1747647655164
counter/3/0/0/0,3004:1747647652067:,1747647655164
counter/3/0/0/0,3005:1747647652067:,1747647655165
counter/3/0/0/0,3006:1747647652067:,1747647655165
counter/3/0/0/0,3007:1747647652067:,1747647655165
counter/8/0/0/0,3009:1747647651918:,1747647655165
counter/8/0/0/0,3010:1747647651918:,1747647655165
counter/8/0/0/0,3011:1747647651918:,1747647655165
counter/8/0/0/0,3012:1747647651921:,1747647655165
counter/8/0/0/0,3013:1747647651931:,1747647655165
counter/8/0/0/0,3014:1747647651931:,1747647655165
counter/8/0/0/0,3015:1747647651931:,1747647655165
counter/8/0/0/0,3016:1747647651934:,1747647655165
counter/8/0/0/0,3017:1747647651934:,1747647655165
counter/2/0/0/0,2511:1747647651612:,1747647655165
counter/10/0/0/0,2547:1747647652015:,1747647655165
counter/5/0/0/0,2834:1747647651702:,1747647655166
counter/8/0/0/0,3018:1747647651934:,1747647655166
counter/4/0/0/0,3038:1747647652127:,1747647655166
counter/7/0/0/0,2656:1747647651972:,1747647655166
counter/7/0/0/0,2657:1747647651972:,1747647655166
counter/6/0/0/0,2644:1747647652078:,1747647655166
counter/2/0/0/0,2512:1747647651612:,1747647655166
counter/10/0/0/0,2548:1747647652015:,1747647655167
counter/10/0/0/0,2549:1747647652015:,1747647655167
counter/10/0/0/0,2550:1747647652015:,1747647655167
counter/10/0/0/0,2551:1747647652022:,1747647655167
counter/7/0/0/0,2658:1747647651972:,1747647655167
counter/5/0/0/0,2835:1747647651702:,1747647655168
counter/5/0/0/0,2836:1747647651702:,1747647655168
counter/5/0/0/0,2837:1747647651702:,1747647655168
counter/5/0/0/0,2838:1747647651702:,1747647655168
counter/5/0/0/0,2839:1747647651702:,1747647655168
counter/5/0/0/0,2840:1747647651702:,1747647655168
counter/5/0/0/0,2841:1747647651702:,1747647655168
counter/10/0/0/0,2552:1747647652022:,1747647655168
counter/6/0/0/0,2645:1747647652078:,1747647655170
counter/6/0/0/0,2646:1747647652078:,1747647655170
counter/6/0/0/0,2647:1747647652078:,1747647655170
counter/6/0/0/0,2648:1747647652078:,1747647655170
counter/7/0/0/0,2659:1747647651972:,1747647655170
counter/7/0/0/0,2660:1747647651972:,1747647655170
counter/2/0/0/0,2513:1747647651612:,1747647655171
counter/5/0/0/0,2842:1747647651703:,1747647655171
counter/2/0/0/0,2514:1747647651618:,1747647655173
counter/6/0/0/0,2649:1747647652078:,1747647655173
counter/5/0/0/0,2843:1747647651703:,1747647655173
counter/5/0/0/0,2844:1747647651703:,1747647655174
counter/5/0/0/0,2845:1747647651703:,1747647655174
counter/5/0/0/0,2846:1747647651703:,1747647655174
counter/5/0/0/0,2847:1747647651703:,1747647655174
counter/5/0/0/0,2848:1747647651703:,1747647655174
counter/5/0/0/0,2849:1747647651703:,1747647655174
counter/5/0/0/0,2850:1747647651703:,1747647655174
counter/5/0/0/0,2851:1747647651703:,1747647655174
counter/5/0/0/0,2852:1747647651703:,1747647655174
counter/5/0/0/0,2853:1747647651703:,1747647655174
counter/4/0/0/0,3039:1747647652128:,1747647655174
counter/4/0/0/0,3040:1747647652128:,1747647655175
counter/4/0/0/0,3041:1747647652128:,1747647655175
counter/4/0/0/0,3042:1747647652128:,1747647655175
counter/4/0/0/0,3043:1747647652128:,1747647655175
counter/4/0/0/0,3044:1747647652128:,1747647655175
counter/4/0/0/0,3045:1747647652128:,1747647655175
counter/4/0/0/0,3046:1747647652128:,1747647655175
counter/4/0/0/0,3047:1747647652128:,1747647655175
counter/4/0/0/0,3048:1747647652128:,1747647655176
counter/4/0/0/0,3049:1747647652128:,1747647655176
counter/4/0/0/0,3050:1747647652128:,1747647655176
counter/6/0/0/0,2650:1747647652087:,1747647655176
counter/6/0/0/0,2651:1747647652088:,1747647655176
counter/6/0/0/0,2652:1747647652088:,1747647655176
counter/6/0/0/0,2653:1747647652088:,1747647655176
counter/6/0/0/0,2654:1747647652088:,1747647655176
counter/6/0/0/0,2655:1747647652088:,1747647655176
counter/6/0/0/0,2656:1747647652088:,1747647655176
counter/6/0/0/0,2657:1747647652088:,1747647655177
counter/6/0/0/0,2658:1747647652088:,1747647655177
counter/6/0/0/0,2659:1747647652088:,1747647655177
counter/9/0/0/0,3052:1747647652225:,1747647655177
counter/4/0/0/0,3051:1747647652128:,1747647655177
counter/3/0/0/0,3008:1747647652069:,1747647655178
counter/7/0/0/0,2661:1747647651972:,1747647655178
counter/8/0/0/0,3019:1747647651934:,1747647655178
counter/8/0/0/0,3020:1747647651934:,1747647655178
counter/5/0/0/0,2854:1747647651703:,1747647655178
counter/8/0/0/0,3021:1747647651934:,1747647655178
counter/2/0/0/0,2515:1747647651618:,1747647655178
counter/8/0/0/0,3022:1747647651934:,1747647655178
counter/2/0/0/0,2516:1747647651618:,1747647655178
counter/2/0/0/0,2517:1747647651618:,1747647655178
counter/2/0/0/0,2518:1747647651618:,1747647655179
counter/2/0/0/0,2519:1747647651625:,1747647655179
counter/2/0/0/0,2520:1747647651628:,1747647655179
counter/2/0/0/0,2521:1747647651628:,1747647655179
counter/2/0/0/0,2522:1747647651628:,1747647655179
counter/4/0/0/0,3052:1747647652128:,1747647655179
counter/9/0/0/0,3053:1747647652225:,1747647655179
counter/9/0/0/0,3054:1747647652225:,1747647655179
counter/9/0/0/0,3055:1747647652225:,1747647655179
counter/9/0/0/0,3056:1747647652225:,1747647655179
counter/9/0/0/0,3057:1747647652225:,1747647655179
counter/2/0/0/0,2523:1747647651628:,1747647655179
counter/2/0/0/0,2524:1747647651628:,1747647655179
counter/2/0/0/0,2525:1747647651628:,1747647655179
counter/10/0/0/0,2553:1747647652022:,1747647655180
counter/10/0/0/0,2554:1747647652022:,1747647655180
counter/10/0/0/0,2555:1747647652022:,1747647655180
counter/10/0/0/0,2556:1747647652022:,1747647655180
counter/10/0/0/0,2557:1747647652022:,1747647655180
counter/10/0/0/0,2558:1747647652023:,1747647655180
counter/10/0/0/0,2559:1747647652023:,1747647655180
counter/10/0/0/0,2560:1747647652023:,1747647655180
counter/10/0/0/0,2561:1747647652023:,1747647655180
counter/10/0/0/0,2562:1747647652023:,1747647655180
counter/10/0/0/0,2563:1747647652023:,1747647655180
counter/10/0/0/0,2564:1747647652027:,1747647655180
counter/10/0/0/0,2565:1747647652027:,1747647655182
counter/10/0/0/0,2566:1747647652027:,1747647655182
counter/10/0/0/0,2567:1747647652027:,1747647655182
counter/10/0/0/0,2568:1747647652027:,1747647655182
counter/10/0/0/0,2569:1747647652027:,1747647655182
counter/8/0/0/0,3023:1747647651934:,1747647655182
counter/10/0/0/0,2570:1747647652027:,1747647655182
counter/7/0/0/0,2662:1747647651972:,1747647655182
counter/2/0/0/0,2526:1747647651628:,1747647655182
counter/3/0/0/0,3009:1747647652069:,1747647655183
counter/3/0/0/0,3010:1747647652069:,1747647655183
counter/3/0/0/0,3011:1747647652075:,1747647655183
counter/3/0/0/0,3012:1747647652075:,1747647655183
counter/3/0/0/0,3013:1747647652075:,1747647655183
counter/3/0/0/0,3014:1747647652075:,1747647655183
counter/3/0/0/0,3015:1747647652075:,1747647655183
counter/3/0/0/0,3016:1747647652075:,1747647655183
counter/3/0/0/0,3017:1747647652075:,1747647655184
counter/3/0/0/0,3018:1747647652075:,1747647655184
counter/8/0/0/0,3024:1747647651934:,1747647655184
counter/4/0/0/0,3053:1747647652128:,1747647655184
counter/6/0/0/0,2660:1747647652088:,1747647655184
counter/6/0/0/0,2661:1747647652088:,1747647655184
counter/6/0/0/0,2662:1747647652096:,1747647655184
counter/6/0/0/0,2663:1747647652096:,1747647655184
counter/8/0/0/0,3025:1747647651934:,1747647655184
counter/10/0/0/0,2571:1747647652027:,1747647655186
counter/6/0/0/0,2664:1747647652096:,1747647655186
counter/6/0/0/0,2665:1747647652096:,1747647655186
counter/6/0/0/0,2666:1747647652096:,1747647655186
counter/6/0/0/0,2667:1747647652101:,1747647655186
counter/6/0/0/0,2668:1747647652101:,1747647655186
counter/6/0/0/0,2669:1747647652101:,1747647655186
counter/6/0/0/0,2670:1747647652101:,1747647655186
counter/6/0/0/0,2671:1747647652101:,1747647655186
counter/6/0/0/0,2672:1747647652101:,1747647655186
counter/6/0/0/0,2673:1747647652101:,1747647655187
counter/6/0/0/0,2674:1747647652101:,1747647655187
counter/6/0/0/0,2675:1747647652101:,1747647655187
counter/6/0/0/0,2676:1747647652101:,1747647655187
counter/10/0/0/0,2572:1747647652027:,1747647655187
counter/7/0/0/0,2663:1747647651972:,1747647655187
counter/4/0/0/0,3054:1747647652128:,1747647655187
counter/8/0/0/0,3026:1747647651934:,1747647655187
counter/4/0/0/0,3055:1747647652128:,1747647655187
counter/4/0/0/0,3056:1747647652128:,1747647655187
counter/4/0/0/0,3057:1747647652128:,1747647655187
counter/4/0/0/0,3058:1747647652128:,1747647655187
counter/4/0/0/0,3059:1747647652128:,1747647655188
counter/2/0/0/0,2527:1747647651629:,1747647655189
counter/9/0/0/0,3058:1747647652225:,1747647655195
counter/9/0/0/0,3059:1747647652225:,1747647655195
counter/9/0/0/0,3060:1747647652225:,1747647655195
counter/9/0/0/0,3061:1747647652225:,1747647655195
counter/9/0/0/0,3062:1747647652225:,1747647655195
counter/9/0/0/0,3063:1747647652225:,1747647655195
counter/6/0/0/0,2677:1747647652108:,1747647655195
counter/6/0/0/0,2678:1747647652131:,1747647655195
counter/8/0/0/0,3027:1747647651938:,1747647655195
counter/6/0/0/0,2679:1747647652131:,1747647655195
counter/4/0/0/0,3060:1747647652128:,1747647655196
counter/3/0/0/0,3019:1747647652075:,1747647655196
counter/1/0/0/0,2982:1747647652210:,1747647655196
counter/3/0/0/0,3020:1747647652075:,1747647655196
counter/5/0/0/0,2855:1747647651703:,1747647655196
counter/5/0/0/0,2856:1747647651703:,1747647655196
counter/5/0/0/0,2857:1747647651703:,1747647655197
counter/5/0/0/0,2858:1747647651703:,1747647655197
counter/5/0/0/0,2859:1747647651703:,1747647655197
counter/5/0/0/0,2860:1747647651703:,1747647655197
counter/7/0/0/0,2664:1747647651972:,1747647655197
counter/3/0/0/0,3021:1747647652075:,1747647655198
counter/2/0/0/0,2528:1747647651629:,1747647655198
counter/2/0/0/0,2529:1747647651629:,1747647655198
counter/2/0/0/0,2530:1747647651629:,1747647655200
counter/2/0/0/0,2531:1747647651631:,1747647655200
counter/2/0/0/0,2532:1747647651631:,1747647655200
counter/1/0/0/0,2983:1747647652210:,1747647655200
counter/2/0/0/0,2533:1747647651631:,1747647655200
counter/2/0/0/0,2534:1747647651631:,1747647655200
counter/1/0/0/0,2984:1747647652210:,1747647655200
counter/2/0/0/0,2535:1747647651631:,1747647655200
counter/2/0/0/0,2536:1747647651631:,1747647655200
counter/1/0/0/0,2985:1747647652210:,1747647655200
counter/8/0/0/0,3028:1747647651938:,1747647655202
counter/6/0/0/0,2680:1747647652131:,1747647655203
counter/5/0/0/0,2861:1747647651703:,1747647655204
counter/10/0/0/0,2573:1747647652027:,1747647655204
counter/4/0/0/0,3061:1747647652128:,1747647655205
counter/4/0/0/0,3062:1747647652128:,1747647655205
counter/4/0/0/0,3063:1747647652129:,1747647655205
counter/4/0/0/0,3064:1747647652129:,1747647655205
counter/4/0/0/0,3065:1747647652129:,1747647655205
counter/4/0/0/0,3066:1747647652130:,1747647655206
counter/5/0/0/0,2862:1747647651708:,1747647655206
counter/5/0/0/0,2863:1747647651708:,1747647655206
counter/7/0/0/0,2665:1747647651972:,1747647655206
counter/7/0/0/0,2666:1747647651972:,1747647655206
counter/5/0/0/0,2864:1747647651708:,1747647655208
counter/5/0/0/0,2865:1747647651708:,1747647655208
counter/9/0/0/0,3064:1747647652226:,1747647655208
counter/5/0/0/0,2866:1747647651708:,1747647655208
counter/5/0/0/0,2867:1747647651708:,1747647655208
counter/5/0/0/0,2868:1747647651708:,1747647655208
counter/5/0/0/0,2869:1747647651708:,1747647655208
counter/2/0/0/0,2537:1747647651631:,1747647655208
counter/2/0/0/0,2538:1747647651631:,1747647655208
counter/2/0/0/0,2539:1747647651631:,1747647655208
counter/2/0/0/0,2540:1747647651631:,1747647655208
counter/2/0/0/0,2541:1747647651631:,1747647655209
counter/2/0/0/0,2542:1747647651631:,1747647655209
counter/2/0/0/0,2543:1747647651637:,1747647655209
counter/2/0/0/0,2544:1747647651637:,1747647655209
counter/4/0/0/0,3067:1747647652130:,1747647655209
counter/7/0/0/0,2667:1747647651972:,1747647655209
counter/4/0/0/0,3068:1747647652130:,1747647655209
counter/4/0/0/0,3069:1747647652130:,1747647655209
counter/4/0/0/0,3070:1747647652130:,1747647655209
counter/3/0/0/0,3022:1747647652075:,1747647655209
counter/8/0/0/0,3029:1747647651938:,1747647655210
counter/8/0/0/0,3030:1747647651938:,1747647655210
counter/2/0/0/0,2545:1747647651637:,1747647655211
counter/10/0/0/0,2574:1747647652028:,1747647655211
counter/9/0/0/0,3065:1747647652226:,1747647655212
counter/4/0/0/0,3071:1747647652130:,1747647655212
counter/8/0/0/0,3031:1747647651938:,1747647655212
counter/8/0/0/0,3032:1747647651938:,1747647655213
counter/8/0/0/0,3033:1747647651938:,1747647655213
counter/3/0/0/0,3023:1747647652075:,1747647655213
counter/10/0/0/0,2575:1747647652028:,1747647655214
counter/10/0/0/0,2576:1747647652028:,1747647655214
counter/10/0/0/0,2577:1747647652028:,1747647655215
counter/10/0/0/0,2578:1747647652036:,1747647655215
counter/8/0/0/0,3034:1747647651938:,1747647655215
counter/8/0/0/0,3035:1747647651938:,1747647655215
counter/8/0/0/0,3036:1747647651938:,1747647655215
counter/8/0/0/0,3037:1747647651938:,1747647655215
counter/8/0/0/0,3038:1747647651938:,1747647655215
counter/8/0/0/0,3039:1747647651938:,1747647655215
counter/1/0/0/0,2986:1747647652210:,1747647655216
counter/6/0/0/0,2681:1747647652131:,1747647655217
counter/2/0/0/0,2546:1747647651637:,1747647655217
counter/10/0/0/0,2579:1747647652036:,1747647655217
counter/9/0/0/0,3066:1747647652226:,1747647655217
counter/9/0/0/0,3067:1747647652226:,1747647655217
counter/9/0/0/0,3068:1747647652226:,1747647655217
counter/9/0/0/0,3069:1747647652226:,1747647655218
counter/9/0/0/0,3070:1747647652226:,1747647655218
counter/4/0/0/0,3072:1747647652130:,1747647655218
counter/9/0/0/0,3071:1747647652232:,1747647655219
counter/9/0/0/0,3072:1747647652232:,1747647655219
counter/9/0/0/0,3073:1747647652232:,1747647655219
counter/9/0/0/0,3074:1747647652232:,1747647655219
counter/9/0/0/0,3075:1747647652232:,1747647655219
counter/9/0/0/0,3076:1747647652232:,1747647655219
counter/9/0/0/0,3077:1747647652232:,1747647655219
counter/10/0/0/0,2580:1747647652037:,1747647655219
counter/10/0/0/0,2581:1747647652037:,1747647655220
counter/10/0/0/0,2582:1747647652037:,1747647655220
counter/8/0/0/0,3040:1747647651946:,1747647655220
counter/9/0/0/0,3078:1747647652232:,1747647655221
counter/7/0/0/0,2668:1747647651976:,1747647655222
counter/7/0/0/0,2669:1747647651976:,1747647655222
counter/6/0/0/0,2682:1747647652131:,1747647655224
counter/10/0/0/0,2583:1747647652037:,1747647655224
counter/10/0/0/0,2584:1747647652037:,1747647655224
counter/10/0/0/0,2585:1747647652037:,1747647655224
counter/10/0/0/0,2586:1747647652037:,1747647655224
counter/10/0/0/0,2587:1747647652037:,1747647655224
counter/1/0/0/0,2987:1747647652217:,1747647655224
counter/1/0/0/0,2988:1747647652218:,1747647655224
counter/3/0/0/0,3024:1747647652075:,1747647655224
counter/3/0/0/0,3025:1747647652078:,1747647655224
counter/3/0/0/0,3026:1747647652078:,1747647655224
counter/3/0/0/0,3027:1747647652078:,1747647655224
counter/3/0/0/0,3028:1747647652078:,1747647655224
counter/3/0/0/0,3029:1747647652078:,1747647655224
counter/9/0/0/0,3079:1747647652232:,1747647655225
counter/2/0/0/0,2547:1747647651639:,1747647655226
counter/6/0/0/0,2683:1747647652131:,1747647655228
counter/6/0/0/0,2684:1747647652131:,1747647655228
counter/6/0/0/0,2685:1747647652131:,1747647655228
counter/6/0/0/0,2686:1747647652131:,1747647655228
counter/6/0/0/0,2687:1747647652131:,1747647655228
counter/7/0/0/0,2670:1747647651976:,1747647655228
counter/7/0/0/0,2671:1747647651976:,1747647655229
counter/7/0/0/0,2672:1747647651976:,1747647655229
counter/7/0/0/0,2673:1747647651976:,1747647655229
counter/7/0/0/0,2674:1747647651976:,1747647655229
counter/1/0/0/0,2989:1747647652218:,1747647655229
counter/8/0/0/0,3041:1747647651946:,1747647655229
counter/2/0/0/0,2548:1747647651639:,1747647655229
counter/8/0/0/0,3042:1747647651946:,1747647655230
counter/3/0/0/0,3030:1747647652078:,1747647655232
counter/2/0/0/0,2549:1747647651640:,1747647655232
counter/2/0/0/0,2550:1747647651640:,1747647655232
counter/2/0/0/0,2551:1747647651640:,1747647655232
counter/2/0/0/0,2552:1747647651640:,1747647655233
counter/2/0/0/0,2553:1747647651640:,1747647655233
counter/2/0/0/0,2554:1747647651640:,1747647655234
counter/2/0/0/0,2555:1747647651640:,1747647655234
counter/7/0/0/0,2675:1747647651977:,1747647655235
counter/7/0/0/0,2676:1747647651978:,1747647655235
counter/2/0/0/0,2556:1747647651640:,1747647655235
counter/10/0/0/0,2588:1747647652037:,1747647655237
counter/8/0/0/0,3043:1747647651946:,1747647655237
counter/8/0/0/0,3044:1747647651946:,1747647655237
counter/8/0/0/0,3045:1747647651946:,1747647655237
counter/8/0/0/0,3046:1747647651946:,1747647655237
counter/8/0/0/0,3047:1747647651946:,1747647655237
counter/8/0/0/0,3048:1747647651946:,1747647655237
counter/8/0/0/0,3049:1747647651946:,1747647655237
counter/8/0/0/0,3050:1747647651946:,1747647655237
counter/2/0/0/0,2557:1747647651640:,1747647655237
counter/5/0/0/0,2870:1747647651708:,1747647655237
counter/4/0/0/0,3073:1747647652130:,1747647655238
counter/7/0/0/0,2677:1747647651978:,1747647655238
counter/7/0/0/0,2678:1747647651978:,1747647655238
counter/3/0/0/0,3031:1747647652078:,1747647655238
counter/2/0/0/0,2558:1747647651640:,1747647655238
counter/8/0/0/0,3051:1747647651946:,1747647655239
counter/8/0/0/0,3052:1747647651946:,1747647655239
counter/8/0/0/0,3053:1747647651946:,1747647655239
counter/8/0/0/0,3054:1747647651946:,1747647655240
counter/1/0/0/0,2990:1747647652218:,1747647655240
counter/1/0/0/0,2991:1747647652218:,1747647655240
counter/6/0/0/0,2688:1747647652131:,1747647655240
counter/10/0/0/0,2589:1747647652037:,1747647655240
counter/9/0/0/0,3080:1747647652232:,1747647655240
counter/9/0/0/0,3081:1747647652232:,1747647655240
counter/9/0/0/0,3082:1747647652232:,1747647655240
counter/4/0/0/0,3074:1747647652130:,1747647655240
counter/10/0/0/0,2590:1747647652037:,1747647655241
counter/1/0/0/0,2992:1747647652218:,1747647655243
counter/5/0/0/0,2871:1747647651709:,1747647655243
counter/1/0/0/0,2993:1747647652218:,1747647655243
counter/5/0/0/0,2872:1747647651709:,1747647655243
counter/5/0/0/0,2873:1747647651709:,1747647655243
counter/5/0/0/0,2874:1747647651709:,1747647655243
counter/5/0/0/0,2875:1747647651709:,1747647655243
counter/5/0/0/0,2876:1747647651709:,1747647655243
counter/6/0/0/0,2689:1747647652131:,1747647655243
counter/8/0/0/0,3055:1747647651946:,1747647655245
counter/9/0/0/0,3083:1747647652232:,1747647655245
counter/8/0/0/0,3056:1747647651946:,1747647655247
counter/10/0/0/0,2591:1747647652037:,1747647655247
counter/6/0/0/0,2690:1747647652131:,1747647655247
counter/5/0/0/0,2877:1747647651709:,1747647655247
counter/5/0/0/0,2878:1747647651710:,1747647655247
counter/5/0/0/0,2879:1747647651716:,1747647655247
counter/5/0/0/0,2880:1747647651716:,1747647655247
counter/7/0/0/0,2679:1747647651978:,1747647655247
counter/6/0/0/0,2691:1747647652131:,1747647655250
counter/1/0/0/0,2994:1747647652218:,1747647655251
counter/6/0/0/0,2692:1747647652137:,1747647655251
counter/6/0/0/0,2693:1747647652137:,1747647655251
counter/9/0/0/0,3084:1747647652232:,1747647655252
counter/9/0/0/0,3085:1747647652232:,1747647655252
counter/9/0/0/0,3086:1747647652232:,1747647655252
counter/9/0/0/0,3087:1747647652232:,1747647655252
counter/9/0/0/0,3088:1747647652232:,1747647655253
counter/9/0/0/0,3089:1747647652232:,1747647655253
counter/9/0/0/0,3090:1747647652232:,1747647655253
counter/9/0/0/0,3091:1747647652232:,1747647655253
counter/9/0/0/0,3092:1747647652232:,1747647655253
counter/9/0/0/0,3093:1747647652232:,1747647655253
counter/2/0/0/0,2559:1747647651640:,1747647655253
counter/8/0/0/0,3057:1747647651946:,1747647655253
counter/4/0/0/0,3075:1747647652130:,1747647655253
counter/8/0/0/0,3058:1747647651946:,1747647655253
counter/7/0/0/0,2680:1747647651978:,1747647655253
counter/10/0/0/0,2592:1747647652037:,1747647655253
counter/4/0/0/0,3076:1747647652130:,1747647655253
counter/4/0/0/0,3077:1747647652130:,1747647655254
counter/4/0/0/0,3078:1747647652134:,1747647655254
counter/4/0/0/0,3079:1747647652136:,1747647655254
counter/4/0/0/0,3080:1747647652136:,1747647655254
counter/4/0/0/0,3081:1747647652136:,1747647655254
counter/4/0/0/0,3082:1747647652136:,1747647655254
counter/4/0/0/0,3083:1747647652136:,1747647655254
counter/4/0/0/0,3084:1747647652136:,1747647655254
counter/4/0/0/0,3085:1747647652136:,1747647655255
counter/4/0/0/0,3086:1747647652136:,1747647655255
counter/3/0/0/0,3032:1747647652078:,1747647655255
counter/10/0/0/0,2593:1747647652037:,1747647655255
counter/10/0/0/0,2594:1747647652037:,1747647655255
counter/10/0/0/0,2595:1747647652037:,1747647655256
counter/7/0/0/0,2681:1747647651978:,1747647655256
counter/9/0/0/0,3094:1747647652232:,1747647655256
counter/1/0/0/0,2995:1747647652218:,1747647655256
counter/2/0/0/0,2560:1747647651640:,1747647655256
counter/10/0/0/0,2596:1747647652037:,1747647655257
counter/7/0/0/0,2682:1747647651978:,1747647655257
counter/8/0/0/0,3059:1747647651946:,1747647655257
counter/1/0/0/0,2996:1747647652218:,1747647655258
counter/9/0/0/0,3095:1747647652232:,1747647655259
counter/9/0/0/0,3096:1747647652232:,1747647655259
counter/9/0/0/0,3097:1747647652232:,1747647655259
counter/9/0/0/0,3098:1747647652232:,1747647655259
counter/9/0/0/0,3099:1747647652232:,1747647655259
counter/9/0/0/0,3100:1747647652232:,1747647655259
counter/9/0/0/0,3101:1747647652233:,1747647655259
counter/9/0/0/0,3102:1747647652235:,1747647655259
counter/9/0/0/0,3103:1747647652235:,1747647655259
counter/9/0/0/0,3104:1747647652235:,1747647655259
counter/9/0/0/0,3105:1747647652236:,1747647655260
counter/9/0/0/0,3106:1747647652236:,1747647655260
counter/9/0/0/0,3107:1747647652236:,1747647655260
counter/9/0/0/0,3108:1747647652236:,1747647655260
counter/9/0/0/0,3109:1747647652236:,1747647655260
counter/9/0/0/0,3110:1747647652236:,1747647655260
counter/9/0/0/0,3111:1747647652236:,1747647655260
counter/10/0/0/0,2597:1747647652044:,1747647655260
counter/8/0/0/0,3060:1747647651946:,1747647655260
counter/4/0/0/0,3087:1747647652136:,1747647655260
counter/10/0/0/0,2598:1747647652044:,1747647655260
counter/10/0/0/0,2599:1747647652044:,1747647655261
counter/10/0/0/0,2600:1747647652044:,1747647655263
counter/8/0/0/0,3061:1747647651946:,1747647655265
counter/4/0/0/0,3088:1747647652137:,1747647655266
counter/2/0/0/0,2561:1747647651640:,1747647655269
counter/2/0/0/0,2562:1747647651641:,1747647655269
counter/3/0/0/0,3033:1747647652078:,1747647655269
counter/2/0/0/0,2563:1747647651641:,1747647655269
counter/2/0/0/0,2564:1747647651641:,1747647655269
counter/9/0/0/0,3112:1747647652236:,1747647655269
counter/2/0/0/0,2565:1747647651641:,1747647655269
counter/2/0/0/0,2566:1747647651641:,1747647655270
counter/6/0/0/0,2694:1747647652137:,1747647655270
counter/4/0/0/0,3089:1747647652137:,1747647655270
counter/7/0/0/0,2683:1747647651978:,1747647655271
counter/7/0/0/0,2684:1747647651978:,1747647655271
counter/7/0/0/0,2685:1747647651978:,1747647655271
counter/7/0/0/0,2686:1747647651978:,1747647655271
counter/7/0/0/0,2687:1747647651978:,1747647655271
counter/2/0/0/0,2567:1747647651641:,1747647655271
counter/2/0/0/0,2568:1747647651641:,1747647655271
counter/2/0/0/0,2569:1747647651641:,1747647655271
counter/2/0/0/0,2570:1747647651641:,1747647655271
counter/2/0/0/0,2571:1747647651641:,1747647655271
counter/5/0/0/0,2881:1747647651716:,1747647655271
counter/8/0/0/0,3062:1747647651946:,1747647655273
counter/8/0/0/0,3063:1747647651946:,1747647655273
counter/8/0/0/0,3064:1747647651947:,1747647655273
counter/8/0/0/0,3065:1747647651947:,1747647655274
counter/8/0/0/0,3066:1747647651947:,1747647655274
counter/8/0/0/0,3067:1747647651947:,1747647655274
counter/8/0/0/0,3068:1747647651947:,1747647655274
counter/8/0/0/0,3069:1747647651947:,1747647655274
counter/2/0/0/0,2572:1747647651641:,1747647655274
counter/8/0/0/0,3070:1747647651947:,1747647655274
counter/8/0/0/0,3071:1747647651947:,1747647655274
counter/8/0/0/0,3072:1747647651947:,1747647655274
counter/8/0/0/0,3073:1747647651947:,1747647655274
counter/10/0/0/0,2601:1747647652044:,1747647655276
counter/10/0/0/0,2602:1747647652044:,1747647655276
counter/10/0/0/0,2603:1747647652044:,1747647655276
counter/10/0/0/0,2604:1747647652044:,1747647655276
counter/8/0/0/0,3074:1747647651947:,1747647655276
counter/4/0/0/0,3090:1747647652137:,1747647655276
counter/6/0/0/0,2695:1747647652137:,1747647655278
counter/6/0/0/0,2696:1747647652137:,1747647655278
counter/6/0/0/0,2697:1747647652137:,1747647655278
counter/6/0/0/0,2698:1747647652155:,1747647655278
counter/6/0/0/0,2699:1747647652155:,1747647655278
counter/7/0/0/0,2688:1747647651981:,1747647655278
counter/6/0/0/0,2700:1747647652155:,1747647655278
counter/6/0/0/0,2701:1747647652155:,1747647655278
counter/7/0/0/0,2689:1747647651981:,1747647655278
counter/8/0/0/0,3075:1747647651947:,1747647655278
counter/5/0/0/0,2882:1747647651716:,1747647655279
counter/5/0/0/0,2883:1747647651717:,1747647655280
counter/10/0/0/0,2605:1747647652044:,1747647655280
counter/7/0/0/0,2690:1747647651981:,1747647655281
counter/7/0/0/0,2691:1747647651981:,1747647655281
counter/7/0/0/0,2692:1747647651982:,1747647655281
counter/7/0/0/0,2693:1747647651982:,1747647655281
counter/7/0/0/0,2694:1747647651982:,1747647655281
counter/7/0/0/0,2695:1747647651982:,1747647655281
counter/7/0/0/0,2696:1747647651982:,1747647655281
counter/7/0/0/0,2697:1747647651982:,1747647655281
counter/10/0/0/0,2606:1747647652044:,1747647655281
counter/2/0/0/0,2573:1747647651641:,1747647655282
counter/4/0/0/0,3091:1747647652137:,1747647655282
counter/6/0/0/0,2702:1747647652155:,1747647655282
counter/4/0/0/0,3092:1747647652137:,1747647655282
counter/4/0/0/0,3093:1747647652147:,1747647655282
counter/4/0/0/0,3094:1747647652147:,1747647655282
counter/4/0/0/0,3095:1747647652147:,1747647655282
counter/1/0/0/0,2997:1747647652218:,1747647655282
counter/10/0/0/0,2607:1747647652044:,1747647655283
counter/10/0/0/0,2608:1747647652046:,1747647655284
counter/10/0/0/0,2609:1747647652053:,1747647655284
counter/10/0/0/0,2610:1747647652053:,1747647655284
counter/10/0/0/0,2611:1747647652053:,1747647655284
counter/10/0/0/0,2612:1747647652053:,1747647655284
counter/6/0/0/0,2703:1747647652155:,1747647655284
counter/7/0/0/0,2698:1747647651982:,1747647655284
counter/7/0/0/0,2699:1747647651982:,1747647655284
counter/7/0/0/0,2700:1747647651982:,1747647655284
counter/7/0/0/0,2701:1747647651982:,1747647655285
counter/7/0/0/0,2702:1747647651982:,1747647655285
counter/7/0/0/0,2703:1747647651982:,1747647655285
counter/3/0/0/0,3034:1747647652078:,1747647655285
counter/3/0/0/0,3035:1747647652078:,1747647655285
counter/3/0/0/0,3036:1747647652078:,1747647655285
counter/1/0/0/0,2998:1747647652226:,1747647655285
counter/4/0/0/0,3096:1747647652147:,1747647655285
counter/4/0/0/0,3097:1747647652147:,1747647655285
counter/4/0/0/0,3098:1747647652147:,1747647655285
counter/4/0/0/0,3099:1747647652148:,1747647655285
counter/4/0/0/0,3100:1747647652148:,1747647655285
counter/4/0/0/0,3101:1747647652148:,1747647655285
counter/6/0/0/0,2704:1747647652155:,1747647655285
counter/6/0/0/0,2705:1747647652155:,1747647655286
counter/7/0/0/0,2704:1747647651982:,1747647655286
counter/3/0/0/0,3037:1747647652079:,1747647655286
counter/3/0/0/0,3038:1747647652079:,1747647655286
counter/3/0/0/0,3039:1747647652079:,1747647655286
counter/3/0/0/0,3040:1747647652099:,1747647655286
counter/2/0/0/0,2574:1747647651641:,1747647655286
counter/3/0/0/0,3041:1747647652099:,1747647655286
counter/9/0/0/0,3113:1747647652237:,1747647655286
counter/8/0/0/0,3076:1747647651947:,1747647655286
counter/9/0/0/0,3114:1747647652237:,1747647655286
counter/8/0/0/0,3077:1747647651947:,1747647655286
counter/1/0/0/0,2999:1747647652226:,1747647655286
counter/4/0/0/0,3102:1747647652148:,1747647655286
counter/4/0/0/0,3103:1747647652148:,1747647655287
counter/4/0/0/0,3104:1747647652148:,1747647655287
counter/4/0/0/0,3105:1747647652148:,1747647655287
counter/4/0/0/0,3106:1747647652148:,1747647655287
counter/4/0/0/0,3107:1747647652151:,1747647655287
counter/4/0/0/0,3108:1747647652151:,1747647655287
counter/4/0/0/0,3109:1747647652151:,1747647655287
counter/4/0/0/0,3110:1747647652151:,1747647655287
counter/4/0/0/0,3111:1747647652151:,1747647655287
counter/10/0/0/0,2613:1747647652053:,1747647655287
counter/4/0/0/0,3112:1747647652151:,1747647655287
counter/6/0/0/0,2706:1747647652155:,1747647655288
counter/4/0/0/0,3113:1747647652151:,1747647655288
counter/4/0/0/0,3114:1747647652151:,1747647655288
counter/4/0/0/0,3115:1747647652151:,1747647655288
counter/4/0/0/0,3116:1747647652151:,1747647655288
counter/4/0/0/0,3117:1747647652151:,1747647655288
counter/4/0/0/0,3118:1747647652152:,1747647655288
counter/4/0/0/0,3119:1747647652152:,1747647655288
counter/2/0/0/0,2575:1747647651641:,1747647655288
counter/10/0/0/0,2614:1747647652053:,1747647655288
counter/6/0/0/0,2707:1747647652155:,1747647655288
counter/6/0/0/0,2708:1747647652155:,1747647655288
counter/6/0/0/0,2709:1747647652155:,1747647655288
counter/6/0/0/0,2710:1747647652169:,1747647655288
counter/6/0/0/0,2711:1747647652169:,1747647655288
counter/5/0/0/0,2884:1747647651717:,1747647655289
counter/8/0/0/0,3078:1747647651948:,1747647655289
counter/9/0/0/0,3115:1747647652237:,1747647655289
counter/9/0/0/0,3116:1747647652237:,1747647655289
counter/7/0/0/0,2705:1747647651982:,1747647655289
counter/8/0/0/0,3079:1747647651951:,1747647655290
counter/8/0/0/0,3080:1747647651951:,1747647655290
counter/8/0/0/0,3081:1747647651951:,1747647655290
counter/8/0/0/0,3082:1747647651958:,1747647655290
counter/8/0/0/0,3083:1747647651963:,1747647655290
counter/8/0/0/0,3084:1747647651963:,1747647655290
counter/8/0/0/0,3085:1747647651963:,1747647655290
counter/8/0/0/0,3086:1747647651963:,1747647655290
counter/8/0/0/0,3087:1747647651964:,1747647655290
counter/10/0/0/0,2615:1747647652053:,1747647655290
counter/5/0/0/0,2885:1747647651717:,1747647655290
counter/8/0/0/0,3088:1747647651964:,1747647655291
counter/8/0/0/0,3089:1747647651964:,1747647655291
counter/2/0/0/0,2576:1747647651641:,1747647655291
counter/1/0/0/0,3000:1747647652226:,1747647655291
counter/3/0/0/0,3042:1747647652099:,1747647655291
counter/1/0/0/0,3001:1747647652226:,1747647655291
counter/1/0/0/0,3002:1747647652226:,1747647655291
counter/10/0/0/0,2616:1747647652053:,1747647655291
counter/10/0/0/0,2617:1747647652053:,1747647655291
counter/10/0/0/0,2618:1747647652056:,1747647655291
counter/10/0/0/0,2619:1747647652056:,1747647655291
counter/2/0/0/0,2577:1747647651641:,1747647655292
counter/9/0/0/0,3117:1747647652237:,1747647655292
counter/1/0/0/0,3003:1747647652226:,1747647655292
counter/9/0/0/0,3118:1747647652250:,1747647655292
counter/5/0/0/0,2886:1747647651717:,1747647655292
counter/5/0/0/0,2887:1747647651717:,1747647655292
counter/5/0/0/0,2888:1747647651717:,1747647655292
counter/5/0/0/0,2889:1747647651717:,1747647655292
counter/5/0/0/0,2890:1747647651717:,1747647655292
counter/5/0/0/0,2891:1747647651717:,1747647655292
counter/5/0/0/0,2892:1747647651718:,1747647655292
counter/5/0/0/0,2893:1747647651718:,1747647655292
counter/7/0/0/0,2706:1747647651982:,1747647655292
counter/7/0/0/0,2707:1747647651982:,1747647655292
counter/7/0/0/0,2708:1747647651982:,1747647655292
counter/9/0/0/0,3119:1747647652250:,1747647655294
counter/9/0/0/0,3120:1747647652250:,1747647655294
counter/9/0/0/0,3121:1747647652250:,1747647655294
counter/9/0/0/0,3122:1747647652250:,1747647655294
counter/10/0/0/0,2620:1747647652056:,1747647655294
counter/6/0/0/0,2712:1747647652170:,1747647655294
counter/8/0/0/0,3090:1747647651964:,1747647655295
counter/7/0/0/0,2709:1747647651982:,1747647655296
counter/7/0/0/0,2710:1747647651982:,1747647655296
counter/7/0/0/0,2711:1747647651982:,1747647655296
counter/7/0/0/0,2712:1747647651992:,1747647655296
counter/7/0/0/0,2713:1747647651992:,1747647655296
counter/10/0/0/0,2621:1747647652056:,1747647655296
counter/7/0/0/0,2714:1747647651992:,1747647655296
counter/10/0/0/0,2622:1747647652061:,1747647655296
counter/7/0/0/0,2715:1747647651992:,1747647655297
counter/10/0/0/0,2623:1747647652061:,1747647655297
counter/7/0/0/0,2716:1747647651992:,1747647655297
counter/10/0/0/0,2624:1747647652061:,1747647655297
counter/4/0/0/0,3120:1747647652152:,1747647655297
counter/7/0/0/0,2717:1747647651992:,1747647655297
counter/10/0/0/0,2625:1747647652061:,1747647655297
counter/4/0/0/0,3121:1747647652152:,1747647655297
counter/7/0/0/0,2718:1747647651992:,1747647655297
counter/4/0/0/0,3122:1747647652152:,1747647655297
counter/7/0/0/0,2719:1747647651992:,1747647655297
counter/4/0/0/0,3123:1747647652163:,1747647655297
counter/7/0/0/0,2720:1747647651992:,1747647655297
counter/4/0/0/0,3124:1747647652163:,1747647655297
counter/7/0/0/0,2721:1747647651992:,1747647655297
counter/4/0/0/0,3125:1747647652163:,1747647655297
counter/4/0/0/0,3126:1747647652163:,1747647655297
counter/4/0/0/0,3127:1747647652163:,1747647655297
counter/4/0/0/0,3128:1747647652163:,1747647655297
counter/4/0/0/0,3129:1747647652163:,1747647655297
counter/5/0/0/0,2894:1747647651718:,1747647655297
counter/6/0/0/0,2713:1747647652170:,1747647655297
counter/5/0/0/0,2895:1747647651718:,1747647655297
counter/6/0/0/0,2714:1747647652170:,1747647655297
counter/2/0/0/0,2578:1747647651641:,1747647655297
counter/6/0/0/0,2715:1747647652170:,1747647655297
counter/9/0/0/0,3123:1747647652250:,1747647655297
counter/4/0/0/0,3130:1747647652190:,1747647655297
counter/4/0/0/0,3131:1747647652190:,1747647655298
counter/4/0/0/0,3132:1747647652190:,1747647655298
counter/4/0/0/0,3133:1747647652190:,1747647655298
counter/4/0/0/0,3134:1747647652190:,1747647655298
counter/10/0/0/0,2626:1747647652061:,1747647655298
counter/2/0/0/0,2579:1747647651641:,1747647655298
counter/2/0/0/0,2580:1747647651641:,1747647655298
counter/2/0/0/0,2581:1747647651641:,1747647655299
counter/2/0/0/0,2582:1747647651641:,1747647655299
counter/2/0/0/0,2583:1747647651641:,1747647655299
counter/9/0/0/0,3124:1747647652254:,1747647655299
counter/9/0/0/0,3125:1747647652254:,1747647655300
counter/9/0/0/0,3126:1747647652254:,1747647655300
counter/7/0/0/0,2722:1747647651992:,1747647655300
counter/9/0/0/0,3127:1747647652254:,1747647655300
counter/9/0/0/0,3128:1747647652258:,1747647655300
counter/9/0/0/0,3129:1747647652258:,1747647655300
counter/9/0/0/0,3130:1747647652258:,1747647655300
counter/10/0/0/0,2627:1747647652061:,1747647655300
counter/10/0/0/0,2628:1747647652061:,1747647655300
counter/10/0/0/0,2629:1747647652061:,1747647655300
counter/10/0/0/0,2630:1747647652061:,1747647655300
counter/10/0/0/0,2631:1747647652061:,1747647655301
counter/10/0/0/0,2632:1747647652061:,1747647655301
counter/10/0/0/0,2633:1747647652061:,1747647655301
counter/4/0/0/0,3135:1747647652190:,1747647655302
counter/3/0/0/0,3043:1747647652099:,1747647655302
counter/10/0/0/0,2634:1747647652062:,1747647655302
counter/8/0/0/0,3091:1747647651964:,1747647655302
counter/10/0/0/0,2635:1747647652062:,1747647655302
counter/7/0/0/0,2723:1747647651992:,1747647655303
counter/10/0/0/0,2636:1747647652062:,1747647655303
counter/7/0/0/0,2724:1747647651993:,1747647655303
counter/10/0/0/0,2637:1747647652062:,1747647655303
counter/7/0/0/0,2725:1747647651994:,1747647655303
counter/10/0/0/0,2638:1747647652062:,1747647655303
counter/7/0/0/0,2726:1747647651994:,1747647655303
counter/10/0/0/0,2639:1747647652062:,1747647655303
counter/7/0/0/0,2727:1747647651994:,1747647655303
counter/10/0/0/0,2640:1747647652062:,1747647655303
counter/7/0/0/0,2728:1747647652012:,1747647655303
counter/7/0/0/0,2729:1747647652012:,1747647655303
counter/7/0/0/0,2730:1747647652012:,1747647655304
counter/9/0/0/0,3131:1747647652258:,1747647655304
counter/9/0/0/0,3132:1747647652258:,1747647655304
counter/9/0/0/0,3133:1747647652258:,1747647655304
counter/9/0/0/0,3134:1747647652258:,1747647655305
counter/6/0/0/0,2716:1747647652170:,1747647655305
counter/7/0/0/0,2731:1747647652012:,1747647655305
counter/7/0/0/0,2732:1747647652012:,1747647655305
counter/7/0/0/0,2733:1747647652012:,1747647655305
counter/7/0/0/0,2734:1747647652012:,1747647655305
counter/7/0/0/0,2735:1747647652012:,1747647655305
counter/7/0/0/0,2736:1747647652012:,1747647655305
counter/1/0/0/0,3004:1747647652226:,1747647655306
counter/2/0/0/0,2584:1747647651642:,1747647655306
counter/6/0/0/0,2717:1747647652170:,1747647655309
counter/6/0/0/0,2718:1747647652170:,1747647655309
counter/6/0/0/0,2719:1747647652170:,1747647655309
counter/6/0/0/0,2720:1747647652170:,1747647655309
counter/6/0/0/0,2721:1747647652170:,1747647655309
counter/6/0/0/0,2722:1747647652187:,1747647655309
counter/6/0/0/0,2723:1747647652187:,1747647655310
counter/9/0/0/0,3135:1747647652258:,1747647655310
counter/3/0/0/0,3044:1747647652099:,1747647655310
counter/3/0/0/0,3045:1747647652099:,1747647655310
counter/3/0/0/0,3046:1747647652099:,1747647655310
counter/3/0/0/0,3047:1747647652099:,1747647655310
counter/10/0/0/0,2641:1747647652062:,1747647655311
counter/10/0/0/0,2642:1747647652062:,1747647655312
counter/10/0/0/0,2643:1747647652069:,1747647655312
counter/7/0/0/0,2737:1747647652012:,1747647655312
counter/10/0/0/0,2644:1747647652069:,1747647655312
counter/9/0/0/0,3136:1747647652258:,1747647655312
counter/2/0/0/0,2585:1747647651642:,1747647655312
counter/2/0/0/0,2586:1747647651642:,1747647655312
counter/2/0/0/0,2587:1747647651643:,1747647655312
counter/2/0/0/0,2588:1747647651643:,1747647655312
counter/10/0/0/0,2645:1747647652069:,1747647655313
counter/10/0/0/0,2646:1747647652070:,1747647655313
counter/10/0/0/0,2647:1747647652071:,1747647655313
counter/10/0/0/0,2648:1747647652071:,1747647655313
counter/10/0/0/0,2649:1747647652071:,1747647655313
counter/6/0/0/0,2724:1747647652187:,1747647655313
counter/10/0/0/0,2650:1747647652071:,1747647655313
counter/10/0/0/0,2651:1747647652071:,1747647655313
counter/9/0/0/0,3137:1747647652258:,1747647655313
counter/2/0/0/0,2589:1747647651643:,1747647655313
counter/9/0/0/0,3138:1747647652258:,1747647655313
counter/4/0/0/0,3136:1747647652191:,1747647655313
counter/1/0/0/0,3005:1747647652226:,1747647655313
counter/1/0/0/0,3006:1747647652226:,1747647655313
counter/1/0/0/0,3007:1747647652226:,1747647655313
counter/1/0/0/0,3008:1747647652226:,1747647655313
counter/1/0/0/0,3009:1747647652226:,1747647655313
counter/1/0/0/0,3010:1747647652226:,1747647655313
counter/1/0/0/0,3011:1747647652226:,1747647655313
counter/1/0/0/0,3012:1747647652226:,1747647655314
counter/1/0/0/0,3013:1747647652226:,1747647655314
counter/1/0/0/0,3014:1747647652226:,1747647655314
counter/1/0/0/0,3015:1747647652226:,1747647655314
counter/1/0/0/0,3016:1747647652227:,1747647655314
counter/1/0/0/0,3017:1747647652227:,1747647655314
counter/1/0/0/0,3018:1747647652227:,1747647655314
counter/1/0/0/0,3019:1747647652227:,1747647655314
counter/1/0/0/0,3020:1747647652240:,1747647655314
counter/1/0/0/0,3021:1747647652240:,1747647655314
counter/5/0/0/0,2896:1747647651718:,1747647655314
counter/5/0/0/0,2897:1747647651718:,1747647655314
counter/5/0/0/0,2898:1747647651718:,1747647655314
counter/5/0/0/0,2899:1747647651718:,1747647655314
counter/5/0/0/0,2900:1747647651718:,1747647655314
counter/5/0/0/0,2901:1747647651718:,1747647655314
counter/1/0/0/0,3022:1747647652240:,1747647655314
counter/5/0/0/0,2902:1747647651718:,1747647655314
counter/1/0/0/0,3023:1747647652240:,1747647655315
counter/5/0/0/0,2903:1747647651718:,1747647655315
counter/1/0/0/0,3024:1747647652240:,1747647655315
counter/5/0/0/0,2904:1747647651718:,1747647655315
counter/9/0/0/0,3139:1747647652258:,1747647655315
counter/9/0/0/0,3140:1747647652266:,1747647655315
counter/7/0/0/0,2738:1747647652012:,1747647655315
counter/7/0/0/0,2739:1747647652012:,1747647655315
counter/10/0/0/0,2652:1747647652071:,1747647655315
counter/6/0/0/0,2725:1747647652187:,1747647655315
counter/8/0/0/0,3092:1747647651964:,1747647655317
counter/8/0/0/0,3093:1747647651964:,1747647655317
counter/7/0/0/0,2740:1747647652038:,1747647655317
counter/8/0/0/0,3094:1747647651964:,1747647655317
counter/10/0/0/0,2653:1747647652071:,1747647655317
counter/1/0/0/0,3025:1747647652245:,1747647655317
counter/1/0/0/0,3026:1747647652248:,1747647655317
counter/1/0/0/0,3027:1747647652249:,1747647655317
counter/1/0/0/0,3028:1747647652249:,1747647655317
counter/1/0/0/0,3029:1747647652249:,1747647655317
counter/5/0/0/0,2905:1747647651718:,1747647655317
counter/2/0/0/0,2590:1747647651643:,1747647655319
counter/2/0/0/0,2591:1747647651643:,1747647655319
counter/2/0/0/0,2592:1747647651643:,1747647655319
counter/2/0/0/0,2593:1747647651645:,1747647655320
counter/2/0/0/0,2594:1747647651645:,1747647655320
counter/2/0/0/0,2595:1747647651645:,1747647655320
counter/2/0/0/0,2596:1747647651645:,1747647655320
counter/2/0/0/0,2597:1747647651645:,1747647655320
counter/2/0/0/0,2598:1747647651645:,1747647655320
counter/2/0/0/0,2599:1747647651656:,1747647655320
counter/2/0/0/0,2600:1747647651656:,1747647655320
counter/2/0/0/0,2601:1747647651656:,1747647655320
counter/4/0/0/0,3137:1747647652191:,1747647655320
counter/7/0/0/0,2741:1747647652038:,1747647655320
counter/4/0/0/0,3138:1747647652191:,1747647655320
counter/4/0/0/0,3139:1747647652191:,1747647655320
counter/4/0/0/0,3140:1747647652199:,1747647655320
counter/4/0/0/0,3141:1747647652199:,1747647655320
counter/1/0/0/0,3030:1747647652249:,1747647655320
counter/1/0/0/0,3031:1747647652249:,1747647655320
counter/1/0/0/0,3032:1747647652249:,1747647655320
counter/1/0/0/0,3033:1747647652249:,1747647655320
counter/1/0/0/0,3034:1747647652249:,1747647655320
counter/1/0/0/0,3035:1747647652249:,1747647655320
counter/1/0/0/0,3036:1747647652249:,1747647655320
counter/10/0/0/0,2654:1747647652071:,1747647655320
counter/10/0/0/0,2655:1747647652071:,1747647655320
counter/10/0/0/0,2656:1747647652071:,1747647655320
counter/10/0/0/0,2657:1747647652071:,1747647655320
counter/10/0/0/0,2658:1747647652071:,1747647655320
counter/6/0/0/0,2726:1747647652187:,1747647655320
counter/1/0/0/0,3037:1747647652249:,1747647655321
counter/7/0/0/0,2742:1747647652038:,1747647655321
counter/7/0/0/0,2743:1747647652038:,1747647655322
counter/7/0/0/0,2744:1747647652038:,1747647655322
counter/7/0/0/0,2745:1747647652042:,1747647655322
counter/7/0/0/0,2746:1747647652042:,1747647655322
counter/3/0/0/0,3048:1747647652102:,1747647655322
counter/3/0/0/0,3049:1747647652102:,1747647655322
counter/7/0/0/0,2747:1747647652042:,1747647655323
counter/3/0/0/0,3050:1747647652102:,1747647655323
counter/3/0/0/0,3051:1747647652102:,1747647655323
counter/3/0/0/0,3052:1747647652110:,1747647655323
counter/3/0/0/0,3053:1747647652110:,1747647655323
counter/3/0/0/0,3054:1747647652110:,1747647655323
counter/3/0/0/0,3055:1747647652110:,1747647655323
counter/3/0/0/0,3056:1747647652110:,1747647655323
counter/7/0/0/0,2748:1747647652042:,1747647655323
counter/2/0/0/0,2602:1747647651657:,1747647655324
counter/2/0/0/0,2603:1747647651657:,1747647655324
counter/7/0/0/0,2749:1747647652042:,1747647655324
counter/2/0/0/0,2604:1747647651657:,1747647655324
counter/2/0/0/0,2605:1747647651657:,1747647655324
counter/2/0/0/0,2606:1747647651657:,1747647655324
counter/4/0/0/0,3142:1747647652199:,1747647655324
counter/4/0/0/0,3143:1747647652199:,1747647655324
counter/10/0/0/0,2659:1747647652079:,1747647655325
counter/3/0/0/0,3057:1747647652110:,1747647655326
counter/7/0/0/0,2750:1747647652043:,1747647655326
counter/5/0/0/0,2906:1747647651718:,1747647655326
counter/5/0/0/0,2907:1747647651718:,1747647655326
counter/5/0/0/0,2908:1747647651718:,1747647655326
counter/5/0/0/0,2909:1747647651718:,1747647655326
counter/5/0/0/0,2910:1747647651718:,1747647655326
counter/5/0/0/0,2911:1747647651718:,1747647655326
counter/5/0/0/0,2912:1747647651718:,1747647655326
counter/5/0/0/0,2913:1747647651718:,1747647655326
counter/1/0/0/0,3038:1747647652249:,1747647655326
counter/9/0/0/0,3141:1747647652266:,1747647655327
counter/6/0/0/0,2727:1747647652187:,1747647655327
counter/3/0/0/0,3058:1747647652110:,1747647655328
counter/8/0/0/0,3095:1747647651964:,1747647655328
counter/8/0/0/0,3096:1747647651964:,1747647655328
counter/8/0/0/0,3097:1747647651966:,1747647655328
counter/8/0/0/0,3098:1747647651966:,1747647655328
counter/8/0/0/0,3099:1747647651967:,1747647655328
counter/8/0/0/0,3100:1747647651971:,1747647655328
counter/8/0/0/0,3101:1747647651971:,1747647655328
counter/7/0/0/0,2751:1747647652043:,1747647655328
counter/4/0/0/0,3144:1747647652199:,1747647655328
counter/2/0/0/0,2607:1747647651658:,1747647655331
counter/2/0/0/0,2608:1747647651658:,1747647655331
counter/2/0/0/0,2609:1747647651658:,1747647655331
counter/6/0/0/0,2728:1747647652190:,1747647655331
counter/8/0/0/0,3102:1747647651971:,1747647655331
counter/3/0/0/0,3059:1747647652110:,1747647655332
counter/1/0/0/0,3039:1747647652249:,1747647655332
counter/1/0/0/0,3040:1747647652249:,1747647655332
counter/1/0/0/0,3041:1747647652249:,1747647655332
counter/1/0/0/0,3042:1747647652249:,1747647655332
counter/1/0/0/0,3043:1747647652249:,1747647655332
counter/1/0/0/0,3044:1747647652249:,1747647655332
counter/2/0/0/0,2610:1747647651658:,1747647655333
counter/9/0/0/0,3142:1747647652266:,1747647655334
counter/3/0/0/0,3060:1747647652110:,1747647655334
counter/3/0/0/0,3061:1747647652110:,1747647655334
counter/3/0/0/0,3062:1747647652110:,1747647655334
counter/3/0/0/0,3063:1747647652110:,1747647655334
counter/3/0/0/0,3064:1747647652110:,1747647655334
counter/8/0/0/0,3103:1747647651971:,1747647655334
counter/8/0/0/0,3104:1747647651971:,1747647655334
counter/1/0/0/0,3045:1747647652249:,1747647655334
counter/9/0/0/0,3143:1747647652266:,1747647655335
counter/9/0/0/0,3144:1747647652266:,1747647655335
counter/5/0/0/0,2914:1747647651718:,1747647655335
counter/4/0/0/0,3145:1747647652199:,1747647655335
counter/5/0/0/0,2915:1747647651720:,1747647655335
counter/9/0/0/0,3145:1747647652266:,1747647655335
counter/8/0/0/0,3105:1747647651971:,1747647655335
counter/7/0/0/0,2752:1747647652043:,1747647655336
counter/7/0/0/0,2753:1747647652043:,1747647655336
counter/7/0/0/0,2754:1747647652043:,1747647655336
counter/7/0/0/0,2755:1747647652059:,1747647655336
counter/7/0/0/0,2756:1747647652059:,1747647655336
counter/6/0/0/0,2729:1747647652191:,1747647655337
counter/2/0/0/0,2611:1747647651658:,1747647655338
counter/2/0/0/0,2612:1747647651658:,1747647655338
counter/2/0/0/0,2613:1747647651658:,1747647655338
counter/2/0/0/0,2614:1747647651658:,1747647655338
counter/2/0/0/0,2615:1747647651659:,1747647655338
counter/2/0/0/0,2616:1747647651659:,1747647655338
counter/2/0/0/0,2617:1747647651659:,1747647655338
counter/2/0/0/0,2618:1747647651664:,1747647655338
counter/2/0/0/0,2619:1747647651664:,1747647655338
counter/2/0/0/0,2620:1747647651664:,1747647655338
counter/2/0/0/0,2621:1747647651664:,1747647655339
counter/2/0/0/0,2622:1747647651664:,1747647655339
counter/2/0/0/0,2623:1747647651664:,1747647655339
counter/8/0/0/0,3106:1747647651971:,1747647655339
counter/8/0/0/0,3107:1747647651971:,1747647655339
counter/2/0/0/0,2624:1747647651664:,1747647655339
counter/2/0/0/0,2625:1747647651664:,1747647655339
counter/2/0/0/0,2626:1747647651664:,1747647655339
counter/2/0/0/0,2627:1747647651664:,1747647655339
counter/2/0/0/0,2628:1747647651664:,1747647655339
counter/2/0/0/0,2629:1747647651665:,1747647655339
counter/1/0/0/0,3046:1747647652249:,1747647655339
counter/10/0/0/0,2660:1747647652079:,1747647655341
counter/5/0/0/0,2916:1747647651720:,1747647655341
counter/5/0/0/0,2917:1747647651720:,1747647655341
counter/5/0/0/0,2918:1747647651720:,1747647655341
counter/5/0/0/0,2919:1747647651720:,1747647655341
counter/5/0/0/0,2920:1747647651720:,1747647655341
counter/5/0/0/0,2921:1747647651723:,1747647655342
counter/10/0/0/0,2661:1747647652079:,1747647655342
counter/3/0/0/0,3065:1747647652110:,1747647655342
counter/3/0/0/0,3066:1747647652111:,1747647655342
counter/3/0/0/0,3067:1747647652111:,1747647655342
counter/3/0/0/0,3068:1747647652111:,1747647655342
counter/8/0/0/0,3108:1747647651971:,1747647655342
counter/8/0/0/0,3109:1747647651971:,1747647655342
counter/8/0/0/0,3110:1747647651974:,1747647655342
counter/8/0/0/0,3111:1747647651974:,1747647655343
counter/8/0/0/0,3112:1747647651974:,1747647655343
counter/8/0/0/0,3113:1747647651974:,1747647655343
counter/8/0/0/0,3114:1747647651974:,1747647655343
counter/8/0/0/0,3115:1747647651974:,1747647655343
counter/10/0/0/0,2662:1747647652079:,1747647655345
counter/10/0/0/0,2663:1747647652079:,1747647655345
counter/10/0/0/0,2664:1747647652082:,1747647655345
counter/10/0/0/0,2665:1747647652082:,1747647655345
counter/10/0/0/0,2666:1747647652082:,1747647655345
counter/10/0/0/0,2667:1747647652082:,1747647655345
counter/10/0/0/0,2668:1747647652082:,1747647655345
counter/2/0/0/0,2630:1747647651665:,1747647655345
counter/2/0/0/0,2631:1747647651665:,1747647655345
counter/2/0/0/0,2632:1747647651665:,1747647655345
counter/2/0/0/0,2633:1747647651665:,1747647655345
counter/2/0/0/0,2634:1747647651665:,1747647655346
counter/2/0/0/0,2635:1747647651665:,1747647655346
counter/6/0/0/0,2730:1747647652191:,1747647655346
counter/1/0/0/0,3047:1747647652249:,1747647655346
counter/10/0/0/0,2669:1747647652082:,1747647655346
counter/10/0/0/0,2670:1747647652082:,1747647655346
counter/10/0/0/0,2671:1747647652085:,1747647655346
counter/10/0/0/0,2672:1747647652086:,1747647655346
counter/7/0/0/0,2757:1747647652059:,1747647655346
counter/7/0/0/0,2758:1747647652059:,1747647655347
counter/8/0/0/0,3116:1747647651986:,1747647655347
counter/9/0/0/0,3146:1747647652266:,1747647655347
counter/9/0/0/0,3147:1747647652266:,1747647655347
counter/9/0/0/0,3148:1747647652266:,1747647655347
counter/9/0/0/0,3149:1747647652266:,1747647655348
counter/9/0/0/0,3150:1747647652266:,1747647655348
counter/9/0/0/0,3151:1747647652266:,1747647655348
counter/9/0/0/0,3152:1747647652266:,1747647655348
counter/9/0/0/0,3153:1747647652266:,1747647655348
counter/9/0/0/0,3154:1747647652266:,1747647655348
counter/9/0/0/0,3155:1747647652266:,1747647655348
counter/9/0/0/0,3156:1747647652266:,1747647655348
counter/6/0/0/0,2731:1747647652191:,1747647655348
counter/1/0/0/0,3048:1747647652249:,1747647655348
counter/10/0/0/0,2673:1747647652086:,1747647655349
counter/1/0/0/0,3049:1747647652249:,1747647655349
counter/1/0/0/0,3050:1747647652249:,1747647655350
counter/4/0/0/0,3146:1747647652199:,1747647655350
counter/1/0/0/0,3051:1747647652249:,1747647655350
counter/1/0/0/0,3052:1747647652249:,1747647655350
counter/1/0/0/0,3053:1747647652249:,1747647655350
counter/9/0/0/0,3157:1747647652266:,1747647655350
counter/9/0/0/0,3158:1747647652266:,1747647655351
counter/9/0/0/0,3159:1747647652266:,1747647655351
counter/9/0/0/0,3160:1747647652266:,1747647655351
counter/9/0/0/0,3161:1747647652267:,1747647655351
counter/9/0/0/0,3162:1747647652267:,1747647655351
counter/9/0/0/0,3163:1747647652267:,1747647655351
counter/9/0/0/0,3164:1747647652267:,1747647655351
counter/8/0/0/0,3117:1747647651986:,1747647655351
counter/8/0/0/0,3118:1747647651986:,1747647655351
counter/8/0/0/0,3119:1747647652001:,1747647655351
counter/8/0/0/0,3120:1747647652001:,1747647655351
counter/8/0/0/0,3121:1747647652001:,1747647655351
counter/8/0/0/0,3122:1747647652001:,1747647655351
counter/8/0/0/0,3123:1747647652001:,1747647655351
counter/5/0/0/0,2922:1747647651723:,1747647655351
counter/6/0/0/0,2732:1747647652191:,1747647655351
counter/10/0/0/0,2674:1747647652086:,1747647655352
counter/10/0/0/0,2675:1747647652086:,1747647655352
counter/10/0/0/0,2676:1747647652086:,1747647655352
counter/10/0/0/0,2677:1747647652086:,1747647655352
counter/10/0/0/0,2678:1747647652086:,1747647655352
counter/10/0/0/0,2679:1747647652086:,1747647655352
counter/10/0/0/0,2680:1747647652086:,1747647655352
counter/10/0/0/0,2681:1747647652086:,1747647655352
counter/10/0/0/0,2682:1747647652086:,1747647655352
counter/10/0/0/0,2683:1747647652086:,1747647655352
counter/10/0/0/0,2684:1747647652086:,1747647655352
counter/9/0/0/0,3165:1747647652267:,1747647655352
counter/5/0/0/0,2923:1747647651723:,1747647655353
counter/7/0/0/0,2759:1747647652059:,1747647655353
counter/8/0/0/0,3124:1747647652001:,1747647655354
counter/6/0/0/0,2733:1747647652191:,1747647655355
counter/10/0/0/0,2685:1747647652086:,1747647655355
counter/9/0/0/0,3166:1747647652267:,1747647655355
counter/6/0/0/0,2734:1747647652191:,1747647655356
counter/7/0/0/0,2760:1747647652059:,1747647655356
counter/5/0/0/0,2924:1747647651723:,1747647655356
counter/5/0/0/0,2925:1747647651724:,1747647655356
counter/5/0/0/0,2926:1747647651724:,1747647655356
counter/5/0/0/0,2927:1747647651724:,1747647655356
counter/8/0/0/0,3125:1747647652001:,1747647655357
counter/8/0/0/0,3126:1747647652015:,1747647655357
counter/8/0/0/0,3127:1747647652028:,1747647655357
counter/8/0/0/0,3128:1747647652028:,1747647655357
counter/8/0/0/0,3129:1747647652028:,1747647655357
counter/8/0/0/0,3130:1747647652028:,1747647655357
counter/8/0/0/0,3131:1747647652028:,1747647655357
counter/7/0/0/0,2761:1747647652059:,1747647655357
counter/10/0/0/0,2686:1747647652086:,1747647655358
counter/10/0/0/0,2687:1747647652086:,1747647655358
counter/7/0/0/0,2762:1747647652059:,1747647655358
counter/7/0/0/0,2763:1747647652059:,1747647655358
counter/1/0/0/0,3054:1747647652249:,1747647655358
counter/3/0/0/0,3069:1747647652112:,1747647655358
counter/8/0/0/0,3132:1747647652028:,1747647655359
counter/8/0/0/0,3133:1747647652028:,1747647655359
counter/8/0/0/0,3134:1747647652028:,1747647655359
counter/8/0/0/0,3135:1747647652028:,1747647655359
counter/8/0/0/0,3136:1747647652028:,1747647655359
counter/8/0/0/0,3137:1747647652028:,1747647655359
counter/3/0/0/0,3070:1747647652112:,1747647655359
counter/5/0/0/0,2928:1747647651724:,1747647655360
counter/2/0/0/0,2636:1747647651665:,1747647655360
counter/2/0/0/0,2637:1747647651670:,1747647655360
counter/2/0/0/0,2638:1747647651670:,1747647655360
counter/2/0/0/0,2639:1747647651670:,1747647655360
counter/2/0/0/0,2640:1747647651670:,1747647655360
counter/2/0/0/0,2641:1747647651670:,1747647655360
counter/2/0/0/0,2642:1747647651670:,1747647655360
counter/2/0/0/0,2643:1747647651670:,1747647655360
counter/2/0/0/0,2644:1747647651670:,1747647655360
counter/6/0/0/0,2735:1747647652191:,1747647655360
counter/7/0/0/0,2764:1747647652059:,1747647655360
counter/6/0/0/0,2736:1747647652191:,1747647655360
counter/6/0/0/0,2737:1747647652191:,1747647655360
counter/6/0/0/0,2738:1747647652198:,1747647655361
counter/6/0/0/0,2739:1747647652198:,1747647655361
counter/9/0/0/0,3167:1747647652267:,1747647655361
counter/1/0/0/0,3055:1747647652249:,1747647655361
counter/9/0/0/0,3168:1747647652267:,1747647655361
counter/1/0/0/0,3056:1747647652249:,1747647655361
counter/9/0/0/0,3169:1747647652267:,1747647655361
counter/5/0/0/0,2929:1747647651724:,1747647655361
counter/10/0/0/0,2688:1747647652086:,1747647655361
counter/2/0/0/0,2645:1747647651670:,1747647655361
counter/4/0/0/0,3147:1747647652199:,1747647655361
counter/9/0/0/0,3170:1747647652267:,1747647655361
counter/9/0/0/0,3171:1747647652267:,1747647655362
counter/5/0/0/0,2930:1747647651725:,1747647655362
counter/5/0/0/0,2931:1747647651725:,1747647655362
counter/5/0/0/0,2932:1747647651725:,1747647655362
counter/5/0/0/0,2933:1747647651725:,1747647655362
counter/5/0/0/0,2934:1747647651725:,1747647655362
counter/5/0/0/0,2935:1747647651725:,1747647655362
counter/5/0/0/0,2936:1747647651725:,1747647655362
counter/5/0/0/0,2937:1747647651725:,1747647655362
counter/5/0/0/0,2938:1747647651725:,1747647655362
counter/5/0/0/0,2939:1747647651725:,1747647655362
counter/3/0/0/0,3071:1747647652112:,1747647655362
counter/8/0/0/0,3138:1747647652028:,1747647655363
counter/8/0/0/0,3139:1747647652031:,1747647655363
counter/8/0/0/0,3140:1747647652031:,1747647655363
counter/8/0/0/0,3141:1747647652031:,1747647655363
counter/3/0/0/0,3072:1747647652112:,1747647655363
counter/2/0/0/0,2646:1747647651670:,1747647655363
counter/7/0/0/0,2765:1747647652059:,1747647655363
counter/7/0/0/0,2766:1747647652071:,1747647655363
counter/7/0/0/0,2767:1747647652072:,1747647655363
counter/7/0/0/0,2768:1747647652072:,1747647655363
counter/7/0/0/0,2769:1747647652072:,1747647655364
counter/4/0/0/0,3148:1747647652199:,1747647655364
counter/2/0/0/0,2647:1747647651670:,1747647655364
counter/4/0/0/0,3149:1747647652203:,1747647655368
counter/7/0/0/0,2770:1747647652072:,1747647655369
counter/8/0/0/0,3142:1747647652032:,1747647655369
counter/6/0/0/0,2740:1747647652198:,1747647655369
counter/6/0/0/0,2741:1747647652198:,1747647655369
counter/1/0/0/0,3057:1747647652249:,1747647655369
counter/6/0/0/0,2742:1747647652198:,1747647655370
counter/8/0/0/0,3143:1747647652032:,1747647655370
counter/3/0/0/0,3073:1747647652112:,1747647655371
counter/3/0/0/0,3074:1747647652112:,1747647655371
counter/3/0/0/0,3075:1747647652112:,1747647655371
counter/3/0/0/0,3076:1747647652112:,1747647655371
counter/3/0/0/0,3077:1747647652112:,1747647655371
counter/4/0/0/0,3150:1747647652203:,1747647655371
counter/6/0/0/0,2743:1747647652198:,1747647655371
counter/6/0/0/0,2744:1747647652198:,1747647655371
counter/6/0/0/0,2745:1747647652198:,1747647655372
counter/8/0/0/0,3144:1747647652032:,1747647655372
counter/1/0/0/0,3058:1747647652249:,1747647655372
counter/3/0/0/0,3078:1747647652112:,1747647655372
counter/2/0/0/0,2648:1747647651670:,1747647655372
counter/7/0/0/0,2771:1747647652072:,1747647655373
counter/9/0/0/0,3172:1747647652267:,1747647655373
counter/9/0/0/0,3173:1747647652267:,1747647655373
counter/9/0/0/0,3174:1747647652267:,1747647655373
counter/9/0/0/0,3175:1747647652267:,1747647655373
counter/9/0/0/0,3176:1747647652267:,1747647655373
counter/9/0/0/0,3177:1747647652267:,1747647655373
counter/9/0/0/0,3178:1747647652267:,1747647655373
counter/9/0/0/0,3179:1747647652267:,1747647655373
counter/9/0/0/0,3180:1747647652267:,1747647655373
counter/9/0/0/0,3181:1747647652267:,1747647655373
counter/3/0/0/0,3079:1747647652112:,1747647655374
counter/2/0/0/0,2649:1747647651674:,1747647655374
counter/2/0/0/0,2650:1747647651674:,1747647655374
counter/2/0/0/0,2651:1747647651674:,1747647655374
counter/2/0/0/0,2652:1747647651674:,1747647655374
counter/2/0/0/0,2653:1747647651674:,1747647655374
counter/2/0/0/0,2654:1747647651674:,1747647655374
counter/2/0/0/0,2655:1747647651677:,1747647655374
counter/8/0/0/0,3145:1747647652032:,1747647655374
counter/5/0/0/0,2940:1747647651725:,1747647655375
counter/6/0/0/0,2746:1747647652198:,1747647655376
counter/9/0/0/0,3182:1747647652267:,1747647655376
counter/6/0/0/0,2747:1747647652198:,1747647655376
counter/6/0/0/0,2748:1747647652198:,1747647655376
counter/6/0/0/0,2749:1747647652198:,1747647655376
counter/6/0/0/0,2750:1747647652198:,1747647655376
counter/10/0/0/0,2689:1747647652087:,1747647655377
counter/10/0/0/0,2690:1747647652087:,1747647655377
counter/10/0/0/0,2691:1747647652087:,1747647655377
counter/6/0/0/0,2751:1747647652204:,1747647655378
counter/10/0/0/0,2692:1747647652087:,1747647655378
counter/10/0/0/0,2693:1747647652089:,1747647655378
counter/10/0/0/0,2694:1747647652089:,1747647655378
counter/10/0/0/0,2695:1747647652089:,1747647655378
counter/7/0/0/0,2772:1747647652072:,1747647655378
counter/2/0/0/0,2656:1747647651677:,1747647655378
counter/8/0/0/0,3146:1747647652032:,1747647655378
counter/8/0/0/0,3147:1747647652032:,1747647655379
counter/8/0/0/0,3148:1747647652032:,1747647655379
counter/9/0/0/0,3183:1747647652267:,1747647655379
counter/9/0/0/0,3184:1747647652267:,1747647655379
counter/9/0/0/0,3185:1747647652268:,1747647655379
counter/9/0/0/0,3186:1747647652268:,1747647655379
counter/9/0/0/0,3187:1747647652268:,1747647655379
counter/9/0/0/0,3188:1747647652268:,1747647655379
counter/8/0/0/0,3149:1747647652032:,1747647655380
counter/8/0/0/0,3150:1747647652038:,1747647655380
counter/8/0/0/0,3151:1747647652046:,1747647655380
counter/8/0/0/0,3152:1747647652046:,1747647655380
counter/8/0/0/0,3153:1747647652046:,1747647655380
counter/9/0/0/0,3189:1747647652268:,1747647655380
counter/6/0/0/0,2752:1747647652204:,1747647655381
counter/9/0/0/0,3190:1747647652268:,1747647655382
counter/9/0/0/0,3191:1747647652268:,1747647655382
counter/9/0/0/0,3192:1747647652268:,1747647655382
counter/9/0/0/0,3193:1747647652268:,1747647655382
counter/9/0/0/0,3194:1747647652268:,1747647655382
counter/9/0/0/0,3195:1747647652268:,1747647655382
counter/9/0/0/0,3196:1747647652268:,1747647655383
counter/4/0/0/0,3151:1747647652204:,1747647655383
counter/4/0/0/0,3152:1747647652204:,1747647655383
counter/4/0/0/0,3153:1747647652204:,1747647655383
counter/4/0/0/0,3154:1747647652204:,1747647655383
counter/4/0/0/0,3155:1747647652204:,1747647655383
counter/4/0/0/0,3156:1747647652204:,1747647655384
counter/6/0/0/0,2753:1747647652204:,1747647655384
counter/5/0/0/0,2941:1747647651725:,1747647655384
counter/5/0/0/0,2942:1747647651725:,1747647655384
counter/7/0/0/0,2773:1747647652072:,1747647655385
counter/5/0/0/0,2943:1747647651725:,1747647655385
counter/5/0/0/0,2944:1747647651725:,1747647655385
counter/5/0/0/0,2945:1747647651725:,1747647655385
counter/2/0/0/0,2657:1747647651677:,1747647655386
counter/7/0/0/0,2774:1747647652072:,1747647655386
counter/2/0/0/0,2658:1747647651677:,1747647655386
counter/9/0/0/0,3197:1747647652268:,1747647655386
counter/9/0/0/0,3198:1747647652268:,1747647655386
counter/9/0/0/0,3199:1747647652268:,1747647655386
counter/9/0/0/0,3200:1747647652268:,1747647655386
counter/9/0/0/0,3201:1747647652268:,1747647655386
counter/9/0/0/0,3202:1747647652268:,1747647655386
counter/6/0/0/0,2754:1747647652204:,1747647655386
counter/4/0/0/0,3157:1747647652204:,1747647655387
counter/4/0/0/0,3158:1747647652204:,1747647655387
counter/4/0/0/0,3159:1747647652204:,1747647655387
counter/10/0/0/0,2696:1747647652089:,1747647655387
counter/10/0/0/0,2697:1747647652089:,1747647655387
counter/10/0/0/0,2698:1747647652089:,1747647655389
counter/10/0/0/0,2699:1747647652089:,1747647655389
counter/7/0/0/0,2775:1747647652072:,1747647655390
counter/10/0/0/0,2700:1747647652089:,1747647655390
counter/3/0/0/0,3080:1747647652112:,1747647655390
counter/3/0/0/0,3081:1747647652122:,1747647655390
counter/3/0/0/0,3082:1747647652122:,1747647655390
counter/3/0/0/0,3083:1747647652122:,1747647655390
counter/10/0/0/0,2701:1747647652089:,1747647655391
counter/10/0/0/0,2702:1747647652089:,1747647655391
counter/10/0/0/0,2703:1747647652089:,1747647655391
counter/10/0/0/0,2704:1747647652089:,1747647655391
counter/10/0/0/0,2705:1747647652089:,1747647655391
counter/10/0/0/0,2706:1747647652089:,1747647655391
counter/10/0/0/0,2707:1747647652089:,1747647655391
counter/10/0/0/0,2708:1747647652091:,1747647655391
counter/8/0/0/0,3154:1747647652046:,1747647655391
counter/7/0/0/0,2776:1747647652072:,1747647655391
counter/6/0/0/0,2755:1747647652204:,1747647655391
counter/7/0/0/0,2777:1747647652072:,1747647655391
counter/4/0/0/0,3160:1747647652204:,1747647655392
counter/4/0/0/0,3161:1747647652206:,1747647655392
counter/4/0/0/0,3162:1747647652214:,1747647655392
counter/4/0/0/0,3163:1747647652214:,1747647655392
counter/4/0/0/0,3164:1747647652214:,1747647655392
counter/4/0/0/0,3165:1747647652214:,1747647655392
counter/4/0/0/0,3166:1747647652214:,1747647655392
counter/10/0/0/0,2709:1747647652091:,1747647655392
counter/10/0/0/0,2710:1747647652091:,1747647655392
counter/10/0/0/0,2711:1747647652091:,1747647655392
counter/5/0/0/0,2946:1747647651725:,1747647655392
counter/1/0/0/0,3059:1747647652249:,1747647655393
counter/1/0/0/0,3060:1747647652249:,1747647655394
counter/9/0/0/0,3203:1747647652268:,1747647655394
counter/7/0/0/0,2778:1747647652072:,1747647655394
counter/1/0/0/0,3061:1747647652249:,1747647655394
counter/8/0/0/0,3155:1747647652046:,1747647655394
counter/9/0/0/0,3204:1747647652268:,1747647655395
counter/9/0/0/0,3205:1747647652268:,1747647655395
counter/9/0/0/0,3206:1747647652268:,1747647655395
counter/9/0/0/0,3207:1747647652269:,1747647655395
counter/7/0/0/0,2779:1747647652072:,1747647655396
counter/6/0/0/0,2756:1747647652204:,1747647655396
counter/6/0/0/0,2757:1747647652209:,1747647655396
counter/4/0/0/0,3167:1747647652214:,1747647655397
counter/3/0/0/0,3084:1747647652122:,1747647655397
counter/10/0/0/0,2712:1747647652091:,1747647655397
counter/5/0/0/0,2947:1747647651725:,1747647655397
counter/4/0/0/0,3168:1747647652214:,1747647655398
counter/4/0/0/0,3169:1747647652214:,1747647655398
counter/4/0/0/0,3170:1747647652215:,1747647655398
counter/4/0/0/0,3171:1747647652215:,1747647655398
counter/4/0/0/0,3172:1747647652215:,1747647655398
counter/4/0/0/0,3173:1747647652215:,1747647655398
counter/4/0/0/0,3174:1747647652215:,1747647655398
counter/4/0/0/0,3175:1747647652215:,1747647655398
counter/4/0/0/0,3176:1747647652215:,1747647655399
counter/5/0/0/0,2948:1747647651725:,1747647655400
counter/5/0/0/0,2949:1747647651725:,1747647655400
counter/5/0/0/0,2950:1747647651725:,1747647655400
counter/5/0/0/0,2951:1747647651725:,1747647655400
counter/5/0/0/0,2952:1747647651725:,1747647655400
counter/5/0/0/0,2953:1747647651725:,1747647655400
counter/5/0/0/0,2954:1747647651725:,1747647655400
counter/5/0/0/0,2955:1747647651725:,1747647655400
counter/5/0/0/0,2956:1747647651725:,1747647655400
counter/5/0/0/0,2957:1747647651728:,1747647655400
counter/5/0/0/0,2958:1747647651728:,1747647655400
counter/5/0/0/0,2959:1747647651728:,1747647655400
counter/6/0/0/0,2758:1747647652209:,1747647655400
counter/9/0/0/0,3208:1747647652269:,1747647655401
counter/10/0/0/0,2713:1747647652091:,1747647655401
counter/10/0/0/0,2714:1747647652091:,1747647655401
counter/10/0/0/0,2715:1747647652091:,1747647655402
counter/4/0/0/0,3177:1747647652215:,1747647655402
counter/5/0/0/0,2960:1747647651728:,1747647655402
counter/2/0/0/0,2659:1747647651677:,1747647655402
counter/3/0/0/0,3085:1747647652122:,1747647655402
counter/3/0/0/0,3086:1747647652122:,1747647655402
counter/3/0/0/0,3087:1747647652122:,1747647655402
counter/3/0/0/0,3088:1747647652122:,1747647655402
counter/3/0/0/0,3089:1747647652145:,1747647655402
counter/3/0/0/0,3090:1747647652145:,1747647655402
counter/3/0/0/0,3091:1747647652145:,1747647655402
counter/3/0/0/0,3092:1747647652145:,1747647655402
counter/3/0/0/0,3093:1747647652145:,1747647655402
counter/3/0/0/0,3094:1747647652145:,1747647655402
counter/3/0/0/0,3095:1747647652145:,1747647655403
counter/9/0/0/0,3209:1747647652269:,1747647655403
counter/9/0/0/0,3210:1747647652269:,1747647655403
counter/8/0/0/0,3156:1747647652046:,1747647655403
counter/7/0/0/0,2780:1747647652072:,1747647655403
counter/1/0/0/0,3062:1747647652249:,1747647655404
counter/6/0/0/0,2759:1747647652209:,1747647655407
counter/2/0/0/0,2660:1747647651677:,1747647655408
counter/8/0/0/0,3157:1747647652046:,1747647655409
counter/10/0/0/0,2716:1747647652091:,1747647655409
counter/6/0/0/0,2760:1747647652209:,1747647655410
counter/5/0/0/0,2961:1747647651729:,1747647655410
counter/3/0/0/0,3096:1747647652145:,1747647655411
counter/3/0/0/0,3097:1747647652145:,1747647655411
counter/3/0/0/0,3098:1747647652145:,1747647655411
counter/3/0/0/0,3099:1747647652145:,1747647655411
counter/3/0/0/0,3100:1747647652145:,1747647655411
counter/6/0/0/0,2761:1747647652209:,1747647655411
counter/3/0/0/0,3101:1747647652145:,1747647655411
counter/1/0/0/0,3063:1747647652249:,1747647655411
counter/3/0/0/0,3102:1747647652145:,1747647655411
counter/3/0/0/0,3103:1747647652145:,1747647655411
counter/3/0/0/0,3104:1747647652157:,1747647655411
counter/2/0/0/0,2661:1747647651677:,1747647655411
counter/2/0/0/0,2662:1747647651677:,1747647655412
counter/9/0/0/0,3211:1747647652269:,1747647655412
counter/8/0/0/0,3158:1747647652046:,1747647655412
counter/8/0/0/0,3159:1747647652046:,1747647655412
counter/8/0/0/0,3160:1747647652046:,1747647655412
counter/3/0/0/0,3105:1747647652157:,1747647655412
counter/3/0/0/0,3106:1747647652157:,1747647655412
counter/3/0/0/0,3107:1747647652157:,1747647655412
counter/7/0/0/0,2781:1747647652072:,1747647655412
counter/2/0/0/0,2663:1747647651680:,1747647655413
counter/6/0/0/0,2762:1747647652209:,1747647655414
counter/6/0/0/0,2763:1747647652209:,1747647655414
counter/7/0/0/0,2782:1747647652072:,1747647655414
counter/7/0/0/0,2783:1747647652074:,1747647655414
counter/4/0/0/0,3178:1747647652215:,1747647655414
counter/2/0/0/0,2664:1747647651681:,1747647655415
counter/9/0/0/0,3212:1747647652269:,1747647655415
counter/8/0/0/0,3161:1747647652047:,1747647655415
counter/6/0/0/0,2764:1747647652209:,1747647655416
counter/6/0/0/0,2765:1747647652209:,1747647655416
counter/6/0/0/0,2766:1747647652209:,1747647655416
counter/6/0/0/0,2767:1747647652209:,1747647655416
counter/6/0/0/0,2768:1747647652209:,1747647655416
counter/6/0/0/0,2769:1747647652209:,1747647655416
counter/6/0/0/0,2770:1747647652213:,1747647655416
counter/6/0/0/0,2771:1747647652213:,1747647655417
counter/6/0/0/0,2772:1747647652213:,1747647655417
counter/7/0/0/0,2784:1747647652074:,1747647655417
counter/7/0/0/0,2785:1747647652085:,1747647655417
counter/7/0/0/0,2786:1747647652085:,1747647655417
counter/7/0/0/0,2787:1747647652085:,1747647655417
counter/7/0/0/0,2788:1747647652090:,1747647655417
counter/7/0/0/0,2789:1747647652090:,1747647655417
counter/7/0/0/0,2790:1747647652090:,1747647655417
counter/7/0/0/0,2791:1747647652090:,1747647655417
counter/7/0/0/0,2792:1747647652090:,1747647655417
counter/2/0/0/0,2665:1747647651681:,1747647655417
counter/7/0/0/0,2793:1747647652090:,1747647655417
counter/3/0/0/0,3108:1747647652157:,1747647655418
counter/3/0/0/0,3109:1747647652157:,1747647655418
counter/2/0/0/0,2666:1747647651681:,1747647655418
counter/10/0/0/0,2717:1747647652092:,1747647655418
counter/10/0/0/0,2718:1747647652092:,1747647655418
counter/10/0/0/0,2719:1747647652092:,1747647655418
counter/10/0/0/0,2720:1747647652092:,1747647655418
counter/1/0/0/0,3064:1747647652250:,1747647655418
counter/1/0/0/0,3065:1747647652250:,1747647655418
counter/1/0/0/0,3066:1747647652250:,1747647655418
counter/8/0/0/0,3162:1747647652051:,1747647655418
counter/8/0/0/0,3163:1747647652051:,1747647655418
counter/8/0/0/0,3164:1747647652051:,1747647655418
counter/8/0/0/0,3165:1747647652051:,1747647655418
counter/8/0/0/0,3166:1747647652051:,1747647655419
counter/8/0/0/0,3167:1747647652051:,1747647655419
counter/3/0/0/0,3110:1747647652157:,1747647655419
counter/2/0/0/0,2667:1747647651681:,1747647655420
counter/6/0/0/0,2773:1747647652213:,1747647655420
counter/9/0/0/0,3213:1747647652269:,1747647655420
counter/9/0/0/0,3214:1747647652269:,1747647655420
counter/9/0/0/0,3215:1747647652269:,1747647655421
counter/9/0/0/0,3216:1747647652269:,1747647655421
counter/9/0/0/0,3217:1747647652269:,1747647655421
counter/9/0/0/0,3218:1747647652269:,1747647655421
counter/9/0/0/0,3219:1747647652269:,1747647655421
counter/9/0/0/0,3220:1747647652269:,1747647655421
counter/9/0/0/0,3221:1747647652269:,1747647655421
counter/3/0/0/0,3111:1747647652157:,1747647655421
counter/7/0/0/0,2794:1747647652090:,1747647655421
counter/6/0/0/0,2774:1747647652213:,1747647655422
counter/6/0/0/0,2775:1747647652213:,1747647655422
counter/6/0/0/0,2776:1747647652213:,1747647655422
counter/6/0/0/0,2777:1747647652213:,1747647655422
counter/6/0/0/0,2778:1747647652213:,1747647655422
counter/6/0/0/0,2779:1747647652213:,1747647655422
counter/6/0/0/0,2780:1747647652213:,1747647655422
counter/6/0/0/0,2781:1747647652213:,1747647655423
counter/6/0/0/0,2782:1747647652213:,1747647655423
counter/6/0/0/0,2783:1747647652213:,1747647655423
counter/6/0/0/0,2784:1747647652213:,1747647655423
counter/7/0/0/0,2795:1747647652090:,1747647655423
counter/6/0/0/0,2785:1747647652213:,1747647655423
counter/6/0/0/0,2786:1747647652213:,1747647655423
counter/6/0/0/0,2787:1747647652213:,1747647655423
counter/6/0/0/0,2788:1747647652213:,1747647655423
counter/5/0/0/0,2962:1747647651729:,1747647655423
counter/6/0/0/0,2789:1747647652214:,1747647655424
counter/1/0/0/0,3067:1747647652251:,1747647655424
counter/7/0/0/0,2796:1747647652090:,1747647655424
counter/7/0/0/0,2797:1747647652090:,1747647655424
counter/7/0/0/0,2798:1747647652090:,1747647655424
counter/7/0/0/0,2799:1747647652090:,1747647655424
counter/7/0/0/0,2800:1747647652090:,1747647655424
counter/7/0/0/0,2801:1747647652090:,1747647655424
counter/7/0/0/0,2802:1747647652090:,1747647655424
counter/7/0/0/0,2803:1747647652090:,1747647655424
counter/10/0/0/0,2721:1747647652092:,1747647655424
counter/3/0/0/0,3112:1747647652157:,1747647655424
counter/6/0/0/0,2790:1747647652214:,1747647655425
counter/6/0/0/0,2791:1747647652214:,1747647655425
counter/6/0/0/0,2792:1747647652214:,1747647655425
counter/6/0/0/0,2793:1747647652214:,1747647655425
counter/6/0/0/0,2794:1747647652214:,1747647655425
counter/6/0/0/0,2795:1747647652214:,1747647655425
counter/6/0/0/0,2796:1747647652217:,1747647655425
counter/6/0/0/0,2797:1747647652217:,1747647655425
counter/6/0/0/0,2798:1747647652217:,1747647655425
counter/9/0/0/0,3222:1747647652269:,1747647655425
counter/2/0/0/0,2668:1747647651681:,1747647655426
counter/9/0/0/0,3223:1747647652269:,1747647655427
counter/6/0/0/0,2799:1747647652232:,1747647655427
counter/7/0/0/0,2804:1747647652090:,1747647655427
counter/7/0/0/0,2805:1747647652091:,1747647655427
counter/7/0/0/0,2806:1747647652091:,1747647655427
counter/7/0/0/0,2807:1747647652091:,1747647655427
counter/7/0/0/0,2808:1747647652091:,1747647655427
counter/7/0/0/0,2809:1747647652091:,1747647655427
counter/7/0/0/0,2810:1747647652091:,1747647655427
counter/7/0/0/0,2811:1747647652091:,1747647655427
counter/3/0/0/0,3113:1747647652157:,1747647655427
counter/3/0/0/0,3114:1747647652157:,1747647655428
counter/3/0/0/0,3115:1747647652157:,1747647655428
counter/3/0/0/0,3116:1747647652157:,1747647655428
counter/3/0/0/0,3117:1747647652157:,1747647655428
counter/3/0/0/0,3118:1747647652157:,1747647655428
counter/10/0/0/0,2722:1747647652092:,1747647655428
counter/7/0/0/0,2812:1747647652091:,1747647655428
counter/10/0/0/0,2723:1747647652099:,1747647655428
counter/10/0/0/0,2724:1747647652100:,1747647655428
counter/10/0/0/0,2725:1747647652104:,1747647655428
counter/10/0/0/0,2726:1747647652106:,1747647655428
counter/10/0/0/0,2727:1747647652106:,1747647655428
counter/10/0/0/0,2728:1747647652106:,1747647655428
counter/10/0/0/0,2729:1747647652106:,1747647655428
counter/4/0/0/0,3179:1747647652215:,1747647655428
counter/10/0/0/0,2730:1747647652106:,1747647655428
counter/4/0/0/0,3180:1747647652216:,1747647655428
counter/4/0/0/0,3181:1747647652216:,1747647655429
counter/4/0/0/0,3182:1747647652216:,1747647655429
counter/4/0/0/0,3183:1747647652216:,1747647655429
counter/4/0/0/0,3184:1747647652216:,1747647655429
counter/5/0/0/0,2963:1747647651729:,1747647655431
counter/5/0/0/0,2964:1747647651735:,1747647655431
counter/5/0/0/0,2965:1747647651735:,1747647655431
counter/5/0/0/0,2966:1747647651735:,1747647655431
counter/5/0/0/0,2967:1747647651735:,1747647655431
counter/5/0/0/0,2968:1747647651735:,1747647655432
counter/5/0/0/0,2969:1747647651735:,1747647655432
counter/5/0/0/0,2970:1747647651736:,1747647655432
counter/5/0/0/0,2971:1747647651736:,1747647655432
counter/5/0/0/0,2972:1747647651736:,1747647655432
counter/10/0/0/0,2731:1747647652106:,1747647655432
counter/5/0/0/0,2973:1747647651736:,1747647655432
counter/4/0/0/0,3185:1747647652216:,1747647655432
counter/5/0/0/0,2974:1747647651736:,1747647655432
counter/5/0/0/0,2975:1747647651736:,1747647655432
counter/7/0/0/0,2813:1747647652091:,1747647655432
counter/3/0/0/0,3119:1747647652157:,1747647655432
counter/6/0/0/0,2800:1747647652233:,1747647655432
counter/5/0/0/0,2976:1747647651736:,1747647655432
counter/6/0/0/0,2801:1747647652234:,1747647655432
counter/8/0/0/0,3168:1747647652051:,1747647655433
counter/5/0/0/0,2977:1747647651736:,1747647655433
counter/5/0/0/0,2978:1747647651741:,1747647655433
counter/5/0/0/0,2979:1747647651741:,1747647655433
counter/5/0/0/0,2980:1747647651741:,1747647655433
counter/5/0/0/0,2981:1747647651741:,1747647655434
counter/5/0/0/0,2982:1747647651741:,1747647655434
counter/5/0/0/0,2983:1747647651742:,1747647655434
counter/5/0/0/0,2984:1747647651742:,1747647655434
counter/5/0/0/0,2985:1747647651742:,1747647655434
counter/5/0/0/0,2986:1747647651742:,1747647655434
counter/5/0/0/0,2987:1747647651742:,1747647655434
counter/5/0/0/0,2988:1747647651742:,1747647655434
counter/7/0/0/0,2814:1747647652107:,1747647655434
counter/7/0/0/0,2815:1747647652119:,1747647655434
counter/7/0/0/0,2816:1747647652119:,1747647655434
counter/7/0/0/0,2817:1747647652119:,1747647655434
counter/7/0/0/0,2818:1747647652119:,1747647655434
counter/6/0/0/0,2802:1747647652234:,1747647655434
counter/4/0/0/0,3186:1747647652216:,1747647655434
counter/6/0/0/0,2803:1747647652234:,1747647655434
counter/4/0/0/0,3187:1747647652216:,1747647655434
counter/4/0/0/0,3188:1747647652216:,1747647655434
counter/4/0/0/0,3189:1747647652216:,1747647655434
counter/3/0/0/0,3120:1747647652158:,1747647655434
counter/8/0/0/0,3169:1747647652051:,1747647655435
counter/7/0/0/0,2819:1747647652134:,1747647655436
counter/4/0/0/0,3190:1747647652216:,1747647655436
counter/6/0/0/0,2804:1747647652234:,1747647655436
counter/6/0/0/0,2805:1747647652234:,1747647655436
counter/9/0/0/0,3224:1747647652269:,1747647655436
counter/9/0/0/0,3225:1747647652269:,1747647655436
counter/9/0/0/0,3226:1747647652269:,1747647655436
counter/9/0/0/0,3227:1747647652269:,1747647655436
counter/9/0/0/0,3228:1747647652269:,1747647655436
counter/9/0/0/0,3229:1747647652269:,1747647655436
counter/9/0/0/0,3230:1747647652269:,1747647655436
counter/9/0/0/0,3231:1747647652269:,1747647655436
counter/9/0/0/0,3232:1747647652270:,1747647655436
counter/9/0/0/0,3233:1747647652270:,1747647655436
counter/7/0/0/0,2820:1747647652134:,1747647655436
counter/2/0/0/0,2669:1747647651681:,1747647655437
counter/8/0/0/0,3170:1747647652052:,1747647655438
counter/8/0/0/0,3171:1747647652052:,1747647655438
counter/7/0/0/0,2821:1747647652134:,1747647655438
counter/7/0/0/0,2822:1747647652134:,1747647655438
counter/7/0/0/0,2823:1747647652134:,1747647655438
counter/7/0/0/0,2824:1747647652134:,1747647655438
counter/7/0/0/0,2825:1747647652134:,1747647655438
counter/7/0/0/0,2826:1747647652134:,1747647655438
counter/6/0/0/0,2806:1747647652234:,1747647655438
counter/6/0/0/0,2807:1747647652234:,1747647655438
counter/2/0/0/0,2670:1747647651681:,1747647655439
counter/2/0/0/0,2671:1747647651681:,1747647655439
counter/2/0/0/0,2672:1747647651681:,1747647655439
counter/2/0/0/0,2673:1747647651688:,1747647655439
counter/2/0/0/0,2674:1747647651688:,1747647655439
counter/2/0/0/0,2675:1747647651688:,1747647655439
counter/2/0/0/0,2676:1747647651688:,1747647655439
counter/2/0/0/0,2677:1747647651688:,1747647655439
counter/2/0/0/0,2678:1747647651688:,1747647655439
counter/2/0/0/0,2679:1747647651688:,1747647655439
counter/2/0/0/0,2680:1747647651688:,1747647655439
counter/2/0/0/0,2681:1747647651688:,1747647655439
counter/2/0/0/0,2682:1747647651688:,1747647655439
counter/2/0/0/0,2683:1747647651688:,1747647655440
counter/10/0/0/0,2732:1747647652106:,1747647655441
counter/10/0/0/0,2733:1747647652106:,1747647655441
counter/6/0/0/0,2808:1747647652234:,1747647655441
counter/9/0/0/0,3234:1747647652270:,1747647655441
counter/9/0/0/0,3235:1747647652270:,1747647655441
counter/9/0/0/0,3236:1747647652270:,1747647655441
counter/2/0/0/0,2684:1747647651688:,1747647655442
counter/2/0/0/0,2685:1747647651688:,1747647655442
counter/2/0/0/0,2686:1747647651688:,1747647655442
counter/2/0/0/0,2687:1747647651688:,1747647655442
counter/8/0/0/0,3172:1747647652052:,1747647655443
counter/6/0/0/0,2809:1747647652234:,1747647655443
counter/9/0/0/0,3237:1747647652270:,1747647655443
counter/10/0/0/0,2734:1747647652106:,1747647655446
counter/10/0/0/0,2735:1747647652106:,1747647655446
counter/10/0/0/0,2736:1747647652106:,1747647655446
counter/10/0/0/0,2737:1747647652106:,1747647655446
counter/10/0/0/0,2738:1747647652106:,1747647655446
counter/10/0/0/0,2739:1747647652106:,1747647655446
counter/10/0/0/0,2740:1747647652107:,1747647655446
counter/10/0/0/0,2741:1747647652108:,1747647655446
counter/10/0/0/0,2742:1747647652108:,1747647655446
counter/10/0/0/0,2743:1747647652110:,1747647655446
counter/10/0/0/0,2744:1747647652111:,1747647655446
counter/10/0/0/0,2745:1747647652119:,1747647655446
counter/2/0/0/0,2688:1747647651688:,1747647655446
counter/10/0/0/0,2746:1747647652119:,1747647655446
counter/4/0/0/0,3191:1747647652216:,1747647655446
counter/10/0/0/0,2747:1747647652119:,1747647655446
counter/4/0/0/0,3192:1747647652216:,1747647655447
counter/3/0/0/0,3121:1747647652158:,1747647655447
counter/7/0/0/0,2827:1747647652134:,1747647655448
counter/8/0/0/0,3173:1747647652052:,1747647655448
counter/8/0/0/0,3174:1747647652052:,1747647655449
counter/8/0/0/0,3175:1747647652052:,1747647655449
counter/8/0/0/0,3176:1747647652052:,1747647655449
counter/8/0/0/0,3177:1747647652052:,1747647655449
counter/3/0/0/0,3122:1747647652158:,1747647655449
counter/8/0/0/0,3178:1747647652052:,1747647655449
counter/8/0/0/0,3179:1747647652052:,1747647655449
counter/6/0/0/0,2810:1747647652234:,1747647655449
counter/4/0/0/0,3193:1747647652216:,1747647655450
counter/3/0/0/0,3123:1747647652158:,1747647655450
counter/9/0/0/0,3238:1747647652270:,1747647655450
counter/9/0/0/0,3239:1747647652270:,1747647655450
counter/9/0/0/0,3240:1747647652270:,1747647655450
counter/7/0/0/0,2828:1747647652134:,1747647655450
counter/6/0/0/0,2811:1747647652234:,1747647655450
counter/8/0/0/0,3180:1747647652052:,1747647655451
counter/1/0/0/0,3068:1747647652251:,1747647655451
counter/1/0/0/0,3069:1747647652251:,1747647655451
counter/7/0/0/0,2829:1747647652134:,1747647655451
counter/9/0/0/0,3241:1747647652273:,1747647655452
counter/8/0/0/0,3181:1747647652052:,1747647655453
counter/5/0/0/0,2989:1747647651742:,1747647655453
counter/5/0/0/0,2990:1747647651742:,1747647655453
counter/5/0/0/0,2991:1747647651742:,1747647655453
counter/5/0/0/0,2992:1747647651742:,1747647655453
counter/5/0/0/0,2993:1747647651742:,1747647655453
counter/5/0/0/0,2994:1747647651742:,1747647655453
counter/5/0/0/0,2995:1747647651743:,1747647655453
counter/5/0/0/0,2996:1747647651743:,1747647655453
counter/5/0/0/0,2997:1747647651743:,1747647655453
counter/5/0/0/0,2998:1747647651743:,1747647655453
counter/5/0/0/0,2999:1747647651743:,1747647655453
counter/5/0/0/0,3000:1747647651743:,1747647655453
counter/2/0/0/0,2689:1747647651688:,1747647655454
counter/9/0/0/0,3242:1747647652273:,1747647655456
counter/9/0/0/0,3243:1747647652274:,1747647655456
counter/9/0/0/0,3244:1747647652274:,1747647655456
counter/9/0/0/0,3245:1747647652274:,1747647655456
counter/9/0/0/0,3246:1747647652274:,1747647655456
counter/9/0/0/0,3247:1747647652274:,1747647655456
counter/6/0/0/0,2812:1747647652234:,1747647655456
counter/6/0/0/0,2813:1747647652234:,1747647655456
counter/6/0/0/0,2814:1747647652234:,1747647655456
counter/6/0/0/0,2815:1747647652234:,1747647655456
counter/6/0/0/0,2816:1747647652234:,1747647655457
counter/6/0/0/0,2817:1747647652234:,1747647655457
counter/5/0/0/0,3001:1747647651743:,1747647655457
counter/5/0/0/0,3002:1747647651743:,1747647655457
counter/5/0/0/0,3003:1747647651743:,1747647655457
counter/5/0/0/0,3004:1747647651743:,1747647655457
counter/5/0/0/0,3005:1747647651743:,1747647655457
counter/5/0/0/0,3006:1747647651744:,1747647655457
counter/7/0/0/0,2830:1747647652134:,1747647655457
counter/7/0/0/0,2831:1747647652134:,1747647655457
counter/2/0/0/0,2690:1747647651689:,1747647655457
counter/8/0/0/0,3182:1747647652052:,1747647655457
counter/8/0/0/0,3183:1747647652052:,1747647655457
counter/8/0/0/0,3184:1747647652052:,1747647655457
counter/8/0/0/0,3185:1747647652052:,1747647655457
counter/8/0/0/0,3186:1747647652052:,1747647655457
counter/8/0/0/0,3187:1747647652052:,1747647655457
counter/9/0/0/0,3248:1747647652274:,1747647655457
counter/6/0/0/0,2818:1747647652234:,1747647655458
counter/6/0/0/0,2819:1747647652234:,1747647655458
counter/6/0/0/0,2820:1747647652234:,1747647655458
counter/6/0/0/0,2821:1747647652234:,1747647655458
counter/5/0/0/0,3007:1747647651744:,1747647655458
counter/3/0/0/0,3124:1747647652158:,1747647655458
counter/3/0/0/0,3125:1747647652158:,1747647655458
counter/10/0/0/0,2748:1747647652119:,1747647655458
counter/2/0/0/0,2691:1747647651689:,1747647655458
counter/7/0/0/0,2832:1747647652135:,1747647655459
counter/6/0/0/0,2822:1747647652235:,1747647655460
counter/10/0/0/0,2749:1747647652119:,1747647655460
counter/10/0/0/0,2750:1747647652119:,1747647655460
counter/10/0/0/0,2751:1747647652119:,1747647655460
counter/4/0/0/0,3194:1747647652216:,1747647655460
counter/7/0/0/0,2833:1747647652135:,1747647655461
counter/7/0/0/0,2834:1747647652135:,1747647655461
counter/7/0/0/0,2835:1747647652135:,1747647655461
counter/7/0/0/0,2836:1747647652135:,1747647655461
counter/7/0/0/0,2837:1747647652135:,1747647655461
counter/7/0/0/0,2838:1747647652135:,1747647655461
counter/7/0/0/0,2839:1747647652141:,1747647655462
counter/7/0/0/0,2840:1747647652141:,1747647655462
counter/8/0/0/0,3188:1747647652052:,1747647655465
counter/7/0/0/0,2841:1747647652141:,1747647655465
counter/6/0/0/0,2823:1747647652235:,1747647655465
counter/5/0/0/0,3008:1747647651744:,1747647655465
counter/2/0/0/0,2692:1747647651689:,1747647655466
counter/2/0/0/0,2693:1747647651689:,1747647655466
counter/2/0/0/0,2694:1747647651689:,1747647655467
counter/8/0/0/0,3189:1747647652052:,1747647655468
counter/8/0/0/0,3190:1747647652055:,1747647655468
counter/8/0/0/0,3191:1747647652055:,1747647655468
counter/8/0/0/0,3192:1747647652055:,1747647655468
counter/8/0/0/0,3193:1747647652055:,1747647655468
counter/4/0/0/0,3195:1747647652216:,1747647655469
counter/5/0/0/0,3009:1747647651744:,1747647655470
counter/5/0/0/0,3010:1747647651744:,1747647655470
counter/5/0/0/0,3011:1747647651745:,1747647655470
counter/5/0/0/0,3012:1747647651745:,1747647655470
counter/5/0/0/0,3013:1747647651745:,1747647655470
counter/10/0/0/0,2752:1747647652119:,1747647655470
counter/10/0/0/0,2753:1747647652119:,1747647655471
counter/10/0/0/0,2754:1747647652119:,1747647655471
counter/10/0/0/0,2755:1747647652119:,1747647655471
counter/4/0/0/0,3196:1747647652216:,1747647655471
counter/4/0/0/0,3197:1747647652216:,1747647655471
counter/9/0/0/0,3249:1747647652274:,1747647655471
counter/5/0/0/0,3014:1747647651745:,1747647655473
counter/9/0/0/0,3250:1747647652274:,1747647655473
counter/9/0/0/0,3251:1747647652274:,1747647655473
counter/9/0/0/0,3252:1747647652274:,1747647655473
counter/9/0/0/0,3253:1747647652274:,1747647655473
counter/9/0/0/0,3254:1747647652274:,1747647655473
counter/9/0/0/0,3255:1747647652274:,1747647655473
counter/9/0/0/0,3256:1747647652274:,1747647655473
counter/7/0/0/0,2842:1747647652141:,1747647655473
counter/2/0/0/0,2695:1747647651689:,1747647655473
counter/2/0/0/0,2696:1747647651689:,1747647655473
counter/5/0/0/0,3015:1747647651745:,1747647655474
counter/2/0/0/0,2697:1747647651693:,1747647655475
counter/5/0/0/0,3016:1747647651745:,1747647655475
counter/5/0/0/0,3017:1747647651755:,1747647655476
counter/5/0/0/0,3018:1747647651755:,1747647655476
counter/5/0/0/0,3019:1747647651755:,1747647655476
counter/5/0/0/0,3020:1747647651755:,1747647655476
counter/5/0/0/0,3021:1747647651798:,1747647655476
counter/5/0/0/0,3022:1747647651801:,1747647655476
counter/5/0/0/0,3023:1747647651803:,1747647655476
counter/4/0/0/0,3198:1747647652217:,1747647655476
counter/3/0/0/0,3126:1747647652158:,1747647655476
counter/3/0/0/0,3127:1747647652158:,1747647655476
counter/3/0/0/0,3128:1747647652158:,1747647655477
counter/3/0/0/0,3129:1747647652158:,1747647655477
counter/3/0/0/0,3130:1747647652167:,1747647655477
counter/3/0/0/0,3131:1747647652167:,1747647655477
counter/3/0/0/0,3132:1747647652168:,1747647655477
counter/3/0/0/0,3133:1747647652168:,1747647655477
counter/5/0/0/0,3024:1747647651803:,1747647655477
counter/1/0/0/0,3070:1747647652251:,1747647655477
counter/4/0/0/0,3199:1747647652217:,1747647655477
counter/10/0/0/0,2756:1747647652119:,1747647655477
counter/3/0/0/0,3134:1747647652175:,1747647655479
counter/1/0/0/0,3071:1747647652251:,1747647655479
counter/3/0/0/0,3135:1747647652175:,1747647655479
counter/6/0/0/0,2824:1747647652242:,1747647655481
counter/6/0/0/0,2825:1747647652242:,1747647655481
counter/6/0/0/0,2826:1747647652242:,1747647655481
counter/6/0/0/0,2827:1747647652242:,1747647655481
counter/7/0/0/0,2843:1747647652141:,1747647655483
counter/7/0/0/0,2844:1747647652141:,1747647655483
counter/6/0/0/0,2828:1747647652252:,1747647655483
counter/7/0/0/0,2845:1747647652141:,1747647655483
counter/4/0/0/0,3200:1747647652217:,1747647655483
counter/4/0/0/0,3201:1747647652217:,1747647655483
counter/4/0/0/0,3202:1747647652217:,1747647655483
counter/4/0/0/0,3203:1747647652217:,1747647655483
counter/4/0/0/0,3204:1747647652217:,1747647655483
counter/4/0/0/0,3205:1747647652217:,1747647655483
counter/9/0/0/0,3257:1747647652274:,1747647655483
counter/7/0/0/0,2846:1747647652142:,1747647655483
counter/7/0/0/0,2847:1747647652142:,1747647655483
counter/7/0/0/0,2848:1747647652142:,1747647655483
counter/7/0/0/0,2849:1747647652142:,1747647655483
counter/7/0/0/0,2850:1747647652142:,1747647655483
counter/7/0/0/0,2851:1747647652142:,1747647655484
counter/7/0/0/0,2852:1747647652142:,1747647655484
counter/7/0/0/0,2853:1747647652142:,1747647655484
counter/10/0/0/0,2757:1747647652127:,1747647655484
counter/10/0/0/0,2758:1747647652129:,1747647655484
counter/10/0/0/0,2759:1747647652130:,1747647655484
counter/10/0/0/0,2760:1747647652130:,1747647655484
counter/10/0/0/0,2761:1747647652130:,1747647655484
counter/10/0/0/0,2762:1747647652130:,1747647655484
counter/6/0/0/0,2829:1747647652252:,1747647655484
counter/8/0/0/0,3194:1747647652056:,1747647655484
counter/7/0/0/0,2854:1747647652142:,1747647655484
counter/8/0/0/0,3195:1747647652056:,1747647655485
counter/7/0/0/0,2855:1747647652142:,1747647655485
counter/4/0/0/0,3206:1747647652217:,1747647655486
counter/6/0/0/0,2830:1747647652252:,1747647655486
counter/6/0/0/0,2831:1747647652252:,1747647655486
counter/6/0/0/0,2832:1747647652262:,1747647655486
counter/6/0/0/0,2833:1747647652262:,1747647655487
counter/6/0/0/0,2834:1747647652262:,1747647655487
counter/6/0/0/0,2835:1747647652262:,1747647655487
counter/6/0/0/0,2836:1747647652262:,1747647655487
counter/8/0/0/0,3196:1747647652056:,1747647655487
counter/7/0/0/0,2856:1747647652142:,1747647655487
counter/10/0/0/0,2763:1747647652130:,1747647655487
counter/1/0/0/0,3072:1747647652251:,1747647655487
counter/5/0/0/0,3025:1747647651803:,1747647655487
counter/9/0/0/0,3258:1747647652274:,1747647655487
counter/9/0/0/0,3259:1747647652274:,1747647655487
counter/9/0/0/0,3260:1747647652274:,1747647655487
counter/9/0/0/0,3261:1747647652274:,1747647655487
counter/9/0/0/0,3262:1747647652274:,1747647655487
counter/9/0/0/0,3263:1747647652274:,1747647655487
counter/9/0/0/0,3264:1747647652274:,1747647655487
counter/9/0/0/0,3265:1747647652274:,1747647655487
counter/9/0/0/0,3266:1747647652274:,1747647655487
counter/9/0/0/0,3267:1747647652274:,1747647655487
counter/9/0/0/0,3268:1747647652274:,1747647655488
counter/9/0/0/0,3269:1747647652275:,1747647655489
counter/3/0/0/0,3136:1747647652183:,1747647655489
counter/8/0/0/0,3197:1747647652056:,1747647655490
counter/8/0/0/0,3198:1747647652056:,1747647655490
counter/8/0/0/0,3199:1747647652056:,1747647655490
counter/8/0/0/0,3200:1747647652056:,1747647655490
counter/1/0/0/0,3073:1747647652251:,1747647655491
counter/4/0/0/0,3207:1747647652217:,1747647655491
counter/4/0/0/0,3208:1747647652217:,1747647655491
counter/4/0/0/0,3209:1747647652217:,1747647655491
counter/4/0/0/0,3210:1747647652220:,1747647655491
counter/4/0/0/0,3211:1747647652220:,1747647655491
counter/4/0/0/0,3212:1747647652220:,1747647655491
counter/4/0/0/0,3213:1747647652220:,1747647655491
counter/8/0/0/0,3201:1747647652056:,1747647655491
counter/3/0/0/0,3137:1747647652183:,1747647655491
counter/2/0/0/0,2698:1747647651693:,1747647655491
counter/2/0/0/0,2699:1747647651693:,1747647655491
counter/2/0/0/0,2700:1747647651693:,1747647655491
counter/7/0/0/0,2857:1747647652142:,1747647655491
counter/7/0/0/0,2858:1747647652142:,1747647655491
counter/7/0/0/0,2859:1747647652154:,1747647655491
counter/5/0/0/0,3026:1747647651803:,1747647655491
counter/5/0/0/0,3027:1747647651803:,1747647655492
counter/5/0/0/0,3028:1747647651803:,1747647655492
counter/5/0/0/0,3029:1747647651803:,1747647655492
counter/5/0/0/0,3030:1747647651803:,1747647655492
counter/5/0/0/0,3031:1747647651812:,1747647655492
counter/5/0/0/0,3032:1747647651812:,1747647655492
counter/5/0/0/0,3033:1747647651812:,1747647655492
counter/5/0/0/0,3034:1747647651822:,1747647655492
counter/5/0/0/0,3035:1747647651827:,1747647655492
counter/8/0/0/0,3202:1747647652056:,1747647655492
counter/3/0/0/0,3138:1747647652183:,1747647655492
counter/3/0/0/0,3139:1747647652183:,1747647655492
counter/3/0/0/0,3140:1747647652183:,1747647655492
counter/3/0/0/0,3141:1747647652183:,1747647655492
counter/3/0/0/0,3142:1747647652183:,1747647655492
counter/3/0/0/0,3143:1747647652183:,1747647655492
counter/2/0/0/0,2701:1747647651694:,1747647655492
counter/9/0/0/0,3270:1747647652275:,1747647655493
counter/9/0/0/0,3271:1747647652275:,1747647655493
counter/9/0/0/0,3272:1747647652275:,1747647655493
counter/4/0/0/0,3214:1747647652220:,1747647655493
counter/4/0/0/0,3215:1747647652222:,1747647655493
counter/4/0/0/0,3216:1747647652222:,1747647655493
counter/3/0/0/0,3144:1747647652183:,1747647655493
counter/1/0/0/0,3074:1747647652251:,1747647655493
counter/10/0/0/0,2764:1747647652130:,1747647655493
counter/10/0/0/0,2765:1747647652130:,1747647655493
counter/10/0/0/0,2766:1747647652130:,1747647655493
counter/10/0/0/0,2767:1747647652130:,1747647655493
counter/9/0/0/0,3273:1747647652275:,1747647655494
counter/9/0/0/0,3274:1747647652275:,1747647655494
counter/3/0/0/0,3145:1747647652183:,1747647655495
counter/7/0/0/0,2860:1747647652156:,1747647655496
counter/7/0/0/0,2861:1747647652156:,1747647655496
counter/7/0/0/0,2862:1747647652156:,1747647655496
counter/7/0/0/0,2863:1747647652156:,1747647655496
counter/7/0/0/0,2864:1747647652156:,1747647655496
counter/2/0/0/0,2702:1747647651694:,1747647655496
counter/8/0/0/0,3203:1747647652056:,1747647655497
counter/8/0/0/0,3204:1747647652056:,1747647655497
counter/8/0/0/0,3205:1747647652056:,1747647655498
counter/8/0/0/0,3206:1747647652057:,1747647655498
counter/7/0/0/0,2865:1747647652156:,1747647655498
counter/8/0/0/0,3207:1747647652057:,1747647655499
counter/1/0/0/0,3075:1747647652251:,1747647655499
counter/9/0/0/0,3275:1747647652275:,1747647655499
counter/9/0/0/0,3276:1747647652275:,1747647655499
counter/4/0/0/0,3217:1747647652222:,1747647655499
counter/6/0/0/0,2837:1747647652262:,1747647655499
counter/6/0/0/0,2838:1747647652262:,1747647655499
counter/1/0/0/0,3076:1747647652260:,1747647655502
counter/1/0/0/0,3077:1747647652260:,1747647655502
counter/1/0/0/0,3078:1747647652261:,1747647655502
counter/1/0/0/0,3079:1747647652261:,1747647655502
counter/1/0/0/0,3080:1747647652261:,1747647655502
counter/1/0/0/0,3081:1747647652261:,1747647655502
counter/1/0/0/0,3082:1747647652261:,1747647655502
counter/1/0/0/0,3083:1747647652261:,1747647655502
counter/1/0/0/0,3084:1747647652261:,1747647655502
counter/1/0/0/0,3085:1747647652261:,1747647655502
counter/1/0/0/0,3086:1747647652261:,1747647655503
counter/6/0/0/0,2839:1747647652262:,1747647655503
counter/3/0/0/0,3146:1747647652186:,1747647655503
counter/3/0/0/0,3147:1747647652186:,1747647655503
counter/3/0/0/0,3148:1747647652186:,1747647655503
counter/3/0/0/0,3149:1747647652186:,1747647655503
counter/3/0/0/0,3150:1747647652186:,1747647655503
counter/3/0/0/0,3151:1747647652190:,1747647655503
counter/3/0/0/0,3152:1747647652190:,1747647655503
counter/10/0/0/0,2768:1747647652130:,1747647655503
counter/8/0/0/0,3208:1747647652057:,1747647655503
counter/4/0/0/0,3218:1747647652222:,1747647655504
counter/4/0/0/0,3219:1747647652222:,1747647655504
counter/7/0/0/0,2866:1747647652158:,1747647655504
counter/8/0/0/0,3209:1747647652057:,1747647655504
counter/8/0/0/0,3210:1747647652057:,1747647655504
counter/8/0/0/0,3211:1747647652057:,1747647655504
counter/8/0/0/0,3212:1747647652057:,1747647655504
counter/8/0/0/0,3213:1747647652057:,1747647655504
counter/8/0/0/0,3214:1747647652057:,1747647655504
counter/8/0/0/0,3215:1747647652058:,1747647655504
counter/8/0/0/0,3216:1747647652058:,1747647655504
counter/8/0/0/0,3217:1747647652058:,1747647655504
counter/8/0/0/0,3218:1747647652058:,1747647655504
counter/8/0/0/0,3219:1747647652058:,1747647655505
counter/8/0/0/0,3220:1747647652058:,1747647655505
counter/8/0/0/0,3221:1747647652058:,1747647655505
counter/4/0/0/0,3220:1747647652222:,1747647655505
counter/8/0/0/0,3222:1747647652058:,1747647655507
counter/6/0/0/0,2840:1747647652262:,1747647655507
counter/7/0/0/0,2867:1747647652158:,1747647655508
counter/7/0/0/0,2868:1747647652158:,1747647655508
counter/1/0/0/0,3087:1747647652261:,1747647655508
counter/5/0/0/0,3036:1747647651827:,1747647655508
counter/7/0/0/0,2869:1747647652158:,1747647655508
counter/1/0/0/0,3088:1747647652261:,1747647655508
counter/1/0/0/0,3089:1747647652261:,1747647655508
counter/2/0/0/0,2703:1747647651694:,1747647655508
counter/8/0/0/0,3223:1747647652058:,1747647655508
counter/2/0/0/0,2704:1747647651694:,1747647655508
counter/8/0/0/0,3224:1747647652058:,1747647655508
counter/2/0/0/0,2705:1747647651694:,1747647655509
counter/8/0/0/0,3225:1747647652058:,1747647655509
counter/6/0/0/0,2841:1747647652262:,1747647655509
counter/6/0/0/0,2842:1747647652262:,1747647655509
counter/6/0/0/0,2843:1747647652263:,1747647655509
counter/5/0/0/0,3037:1747647651827:,1747647655512
counter/5/0/0/0,3038:1747647651827:,1747647655512
counter/5/0/0/0,3039:1747647651827:,1747647655512
counter/5/0/0/0,3040:1747647651827:,1747647655512
counter/5/0/0/0,3041:1747647651827:,1747647655512
counter/5/0/0/0,3042:1747647651828:,1747647655512
counter/5/0/0/0,3043:1747647651828:,1747647655513
counter/5/0/0/0,3044:1747647651828:,1747647655513
counter/5/0/0/0,3045:1747647651828:,1747647655513
counter/5/0/0/0,3046:1747647651828:,1747647655513
counter/5/0/0/0,3047:1747647651828:,1747647655513
counter/5/0/0/0,3048:1747647651828:,1747647655513
counter/5/0/0/0,3049:1747647651828:,1747647655513
counter/5/0/0/0,3050:1747647651831:,1747647655513
counter/5/0/0/0,3051:1747647651831:,1747647655513
counter/5/0/0/0,3052:1747647651831:,1747647655514
counter/5/0/0/0,3053:1747647651831:,1747647655514
counter/5/0/0/0,3054:1747647651831:,1747647655514
counter/5/0/0/0,3055:1747647651831:,1747647655514
counter/5/0/0/0,3056:1747647651831:,1747647655514
counter/5/0/0/0,3057:1747647651837:,1747647655514
counter/5/0/0/0,3058:1747647651837:,1747647655514
counter/5/0/0/0,3059:1747647651837:,1747647655514
counter/5/0/0/0,3060:1747647651837:,1747647655514
counter/5/0/0/0,3061:1747647651837:,1747647655514
counter/5/0/0/0,3062:1747647651837:,1747647655514
counter/5/0/0/0,3063:1747647651838:,1747647655514
counter/7/0/0/0,2870:1747647652158:,1747647655514
counter/9/0/0/0,3277:1747647652275:,1747647655514
counter/1/0/0/0,3090:1747647652261:,1747647655514
counter/1/0/0/0,3091:1747647652261:,1747647655514
counter/1/0/0/0,3092:1747647652261:,1747647655514
counter/1/0/0/0,3093:1747647652263:,1747647655514
counter/1/0/0/0,3094:1747647652263:,1747647655515
counter/1/0/0/0,3095:1747647652263:,1747647655515
counter/9/0/0/0,3278:1747647652275:,1747647655515
counter/1/0/0/0,3096:1747647652263:,1747647655515
counter/9/0/0/0,3279:1747647652275:,1747647655515
counter/9/0/0/0,3280:1747647652275:,1747647655515
counter/9/0/0/0,3281:1747647652275:,1747647655515
counter/6/0/0/0,2844:1747647652263:,1747647655515
counter/6/0/0/0,2845:1747647652272:,1747647655515
counter/2/0/0/0,2706:1747647651694:,1747647655515
counter/1/0/0/0,3097:1747647652263:,1747647655515
counter/2/0/0/0,2707:1747647651704:,1747647655515
counter/4/0/0/0,3221:1747647652222:,1747647655516
counter/4/0/0/0,3222:1747647652222:,1747647655516
counter/6/0/0/0,2846:1747647652272:,1747647655516
counter/2/0/0/0,2708:1747647651704:,1747647655516
counter/10/0/0/0,2769:1747647652130:,1747647655517
counter/9/0/0/0,3282:1747647652275:,1747647655518
counter/6/0/0/0,2847:1747647652272:,1747647655518
counter/6/0/0/0,2848:1747647652272:,1747647655518
counter/3/0/0/0,3153:1747647652190:,1747647655518
counter/6/0/0/0,2849:1747647652272:,1747647655519
counter/3/0/0/0,3154:1747647652190:,1747647655519
counter/6/0/0/0,2850:1747647652272:,1747647655520
counter/3/0/0/0,3155:1747647652190:,1747647655520
counter/3/0/0/0,3156:1747647652190:,1747647655520
counter/3/0/0/0,3157:1747647652190:,1747647655520
counter/3/0/0/0,3158:1747647652190:,1747647655520
counter/3/0/0/0,3159:1747647652190:,1747647655521
counter/3/0/0/0,3160:1747647652190:,1747647655521
counter/3/0/0/0,3161:1747647652190:,1747647655521
counter/9/0/0/0,3283:1747647652275:,1747647655522
counter/4/0/0/0,3223:1747647652222:,1747647655522
counter/4/0/0/0,3224:1747647652222:,1747647655522
counter/4/0/0/0,3225:1747647652222:,1747647655522
counter/4/0/0/0,3226:1747647652222:,1747647655522
counter/4/0/0/0,3227:1747647652222:,1747647655523
counter/4/0/0/0,3228:1747647652222:,1747647655523
counter/4/0/0/0,3229:1747647652222:,1747647655523
counter/4/0/0/0,3230:1747647652222:,1747647655523
counter/4/0/0/0,3231:1747647652222:,1747647655523
counter/4/0/0/0,3232:1747647652224:,1747647655523
counter/5/0/0/0,3064:1747647651838:,1747647655523
counter/7/0/0/0,2871:1747647652158:,1747647655523
counter/8/0/0/0,3226:1747647652059:,1747647655523
counter/4/0/0/0,3233:1747647652224:,1747647655523
counter/4/0/0/0,3234:1747647652224:,1747647655524
counter/4/0/0/0,3235:1747647652224:,1747647655524
counter/4/0/0/0,3236:1747647652224:,1747647655524
counter/4/0/0/0,3237:1747647652224:,1747647655524
counter/4/0/0/0,3238:1747647652224:,1747647655526
counter/5/0/0/0,3065:1747647651838:,1747647655526
counter/1/0/0/0,3098:1747647652284:,1747647655526
counter/3/0/0/0,3162:1747647652190:,1747647655526
counter/10/0/0/0,2770:1747647652131:,1747647655526
counter/10/0/0/0,2771:1747647652131:,1747647655526
counter/10/0/0/0,2772:1747647652131:,1747647655526
counter/10/0/0/0,2773:1747647652132:,1747647655526
counter/10/0/0/0,2774:1747647652132:,1747647655526
counter/10/0/0/0,2775:1747647652132:,1747647655527
counter/10/0/0/0,2776:1747647652132:,1747647655527
counter/10/0/0/0,2777:1747647652132:,1747647655527
counter/10/0/0/0,2778:1747647652132:,1747647655527
counter/10/0/0/0,2779:1747647652132:,1747647655527
counter/10/0/0/0,2780:1747647652135:,1747647655527
counter/1/0/0/0,3099:1747647652284:,1747647655527
counter/1/0/0/0,3100:1747647652285:,1747647655527
counter/3/0/0/0,3163:1747647652191:,1747647655527
counter/1/0/0/0,3101:1747647652285:,1747647655527
counter/3/0/0/0,3164:1747647652191:,1747647655527
counter/1/0/0/0,3102:1747647652285:,1747647655527
counter/4/0/0/0,3239:1747647652224:,1747647655528
counter/4/0/0/0,3240:1747647652224:,1747647655528
counter/4/0/0/0,3241:1747647652224:,1747647655528
counter/4/0/0/0,3242:1747647652224:,1747647655528
counter/4/0/0/0,3243:1747647652224:,1747647655528
counter/4/0/0/0,3244:1747647652224:,1747647655528
counter/4/0/0/0,3245:1747647652224:,1747647655528
counter/4/0/0/0,3246:1747647652224:,1747647655528
counter/10/0/0/0,2781:1747647652135:,1747647655531
counter/10/0/0/0,2782:1747647652135:,1747647655531
counter/10/0/0/0,2783:1747647652135:,1747647655531
counter/10/0/0/0,2784:1747647652135:,1747647655531
counter/10/0/0/0,2785:1747647652135:,1747647655531
counter/10/0/0/0,2786:1747647652135:,1747647655531
counter/10/0/0/0,2787:1747647652135:,1747647655531
counter/10/0/0/0,2788:1747647652135:,1747647655531
counter/10/0/0/0,2789:1747647652135:,1747647655531
counter/10/0/0/0,2790:1747647652135:,1747647655532
counter/8/0/0/0,3227:1747647652059:,1747647655532
counter/10/0/0/0,2791:1747647652135:,1747647655532
counter/3/0/0/0,3165:1747647652191:,1747647655532
counter/4/0/0/0,3247:1747647652224:,1747647655532
counter/9/0/0/0,3284:1747647652275:,1747647655532
counter/4/0/0/0,3248:1747647652225:,1747647655532
counter/9/0/0/0,3285:1747647652275:,1747647655532
counter/2/0/0/0,2709:1747647651704:,1747647655534
counter/8/0/0/0,3228:1747647652059:,1747647655534
counter/8/0/0/0,3229:1747647652059:,1747647655534
counter/8/0/0/0,3230:1747647652059:,1747647655534
counter/1/0/0/0,3103:1747647652285:,1747647655534
counter/1/0/0/0,3104:1747647652285:,1747647655535
counter/3/0/0/0,3166:1747647652201:,1747647655535
counter/4/0/0/0,3249:1747647652228:,1747647655535
counter/9/0/0/0,3286:1747647652275:,1747647655535
counter/9/0/0/0,3287:1747647652275:,1747647655535
counter/9/0/0/0,3288:1747647652275:,1747647655535
counter/9/0/0/0,3289:1747647652275:,1747647655535
counter/9/0/0/0,3290:1747647652275:,1747647655535
counter/9/0/0/0,3291:1747647652275:,1747647655535
counter/2/0/0/0,2710:1747647651704:,1747647655535
counter/4/0/0/0,3250:1747647652229:,1747647655535
counter/10/0/0/0,2792:1747647652135:,1747647655536
counter/5/0/0/0,3066:1747647651838:,1747647655536
counter/5/0/0/0,3067:1747647651838:,1747647655536
counter/3/0/0/0,3167:1747647652201:,1747647655538
counter/5/0/0/0,3068:1747647651838:,1747647655538
counter/2/0/0/0,2711:1747647651704:,1747647655539
counter/5/0/0/0,3069:1747647651838:,1747647655539
counter/10/0/0/0,2793:1747647652135:,1747647655540
counter/10/0/0/0,2794:1747647652135:,1747647655540
counter/10/0/0/0,2795:1747647652135:,1747647655540
counter/10/0/0/0,2796:1747647652135:,1747647655540
counter/5/0/0/0,3070:1747647651838:,1747647655541
counter/5/0/0/0,3071:1747647651838:,1747647655541
counter/6/0/0/0,2851:1747647652272:,1747647655541
counter/3/0/0/0,3168:1747647652201:,1747647655541
counter/3/0/0/0,3169:1747647652201:,1747647655541
counter/3/0/0/0,3170:1747647652201:,1747647655541
counter/3/0/0/0,3171:1747647652201:,1747647655541
counter/3/0/0/0,3172:1747647652201:,1747647655541
counter/3/0/0/0,3173:1747647652201:,1747647655541
counter/3/0/0/0,3174:1747647652201:,1747647655541
counter/3/0/0/0,3175:1747647652201:,1747647655541
counter/3/0/0/0,3176:1747647652201:,1747647655541
counter/3/0/0/0,3177:1747647652201:,1747647655541
counter/3/0/0/0,3178:1747647652208:,1747647655541
counter/3/0/0/0,3179:1747647652221:,1747647655541
counter/2/0/0/0,2712:1747647651704:,1747647655542
counter/2/0/0/0,2713:1747647651704:,1747647655542
counter/2/0/0/0,2714:1747647651704:,1747647655542
counter/2/0/0/0,2715:1747647651704:,1747647655542
counter/2/0/0/0,2716:1747647651704:,1747647655542
counter/9/0/0/0,3292:1747647652275:,1747647655542
counter/9/0/0/0,3293:1747647652275:,1747647655542
counter/4/0/0/0,3251:1747647652229:,1747647655543
counter/9/0/0/0,3294:1747647652275:,1747647655543
counter/7/0/0/0,2872:1747647652158:,1747647655543
counter/5/0/0/0,3072:1747647651838:,1747647655544
counter/9/0/0/0,3295:1747647652275:,1747647655544
counter/5/0/0/0,3073:1747647651838:,1747647655545
counter/5/0/0/0,3074:1747647651838:,1747647655545
counter/5/0/0/0,3075:1747647651838:,1747647655545
counter/5/0/0/0,3076:1747647651839:,1747647655545
counter/5/0/0/0,3077:1747647651839:,1747647655545
counter/5/0/0/0,3078:1747647651839:,1747647655545
counter/5/0/0/0,3079:1747647651839:,1747647655545
counter/5/0/0/0,3080:1747647651839:,1747647655545
counter/5/0/0/0,3081:1747647651840:,1747647655545
counter/5/0/0/0,3082:1747647651840:,1747647655546
counter/5/0/0/0,3083:1747647651840:,1747647655546
counter/5/0/0/0,3084:1747647651840:,1747647655546
counter/6/0/0/0,2852:1747647652272:,1747647655546
counter/3/0/0/0,3180:1747647652221:,1747647655546
counter/9/0/0/0,3296:1747647652275:,1747647655546
counter/7/0/0/0,2873:1747647652158:,1747647655547
counter/7/0/0/0,2874:1747647652158:,1747647655547
counter/7/0/0/0,2875:1747647652158:,1747647655547
counter/7/0/0/0,2876:1747647652159:,1747647655547
counter/7/0/0/0,2877:1747647652161:,1747647655547
counter/7/0/0/0,2878:1747647652161:,1747647655547
counter/7/0/0/0,2879:1747647652161:,1747647655547
counter/7/0/0/0,2880:1747647652161:,1747647655547
counter/10/0/0/0,2797:1747647652135:,1747647655548
counter/9/0/0/0,3297:1747647652276:,1747647655548
counter/9/0/0/0,3298:1747647652276:,1747647655548
counter/9/0/0/0,3299:1747647652276:,1747647655548
counter/9/0/0/0,3300:1747647652276:,1747647655548
counter/9/0/0/0,3301:1747647652276:,1747647655548
counter/9/0/0/0,3302:1747647652276:,1747647655548
counter/1/0/0/0,3105:1747647652285:,1747647655548
counter/1/0/0/0,3106:1747647652290:,1747647655548
counter/1/0/0/0,3107:1747647652299:,1747647655548
counter/1/0/0/0,3108:1747647652300:,1747647655548
counter/6/0/0/0,2853:1747647652272:,1747647655548
counter/6/0/0/0,2854:1747647652272:,1747647655548
counter/6/0/0/0,2855:1747647652272:,1747647655548
counter/7/0/0/0,2881:1747647652161:,1747647655548
counter/7/0/0/0,2882:1747647652161:,1747647655548
counter/7/0/0/0,2883:1747647652161:,1747647655548
counter/7/0/0/0,2884:1747647652161:,1747647655548
counter/6/0/0/0,2856:1747647652272:,1747647655549
counter/6/0/0/0,2857:1747647652272:,1747647655549
counter/6/0/0/0,2858:1747647652272:,1747647655550
counter/9/0/0/0,3303:1747647652276:,1747647655550
counter/9/0/0/0,3304:1747647652276:,1747647655553
counter/7/0/0/0,2885:1747647652161:,1747647655553
counter/9/0/0/0,3305:1747647652276:,1747647655554
counter/4/0/0/0,3252:1747647652229:,1747647655554
counter/4/0/0/0,3253:1747647652229:,1747647655554
counter/4/0/0/0,3254:1747647652229:,1747647655554
counter/4/0/0/0,3255:1747647652229:,1747647655554
counter/4/0/0/0,3256:1747647652230:,1747647655554
counter/4/0/0/0,3257:1747647652230:,1747647655554
counter/4/0/0/0,3258:1747647652230:,1747647655554
counter/1/0/0/0,3109:1747647652300:,1747647655554
counter/9/0/0/0,3306:1747647652276:,1747647655556
counter/6/0/0/0,2859:1747647652272:,1747647655556
counter/6/0/0/0,2860:1747647652272:,1747647655556
counter/6/0/0/0,2861:1747647652273:,1747647655556
counter/6/0/0/0,2862:1747647652273:,1747647655556
counter/6/0/0/0,2863:1747647652273:,1747647655557
counter/6/0/0/0,2864:1747647652273:,1747647655557
counter/6/0/0/0,2865:1747647652273:,1747647655557
counter/10/0/0/0,2798:1747647652135:,1747647655557
counter/1/0/0/0,3110:1747647652301:,1747647655557
counter/3/0/0/0,3181:1747647652221:,1747647655557
counter/6/0/0/0,2866:1747647652273:,1747647655557
counter/6/0/0/0,2867:1747647652273:,1747647655557
counter/6/0/0/0,2868:1747647652273:,1747647655557
counter/6/0/0/0,2869:1747647652273:,1747647655557
counter/2/0/0/0,2717:1747647651711:,1747647655558
counter/6/0/0/0,2870:1747647652273:,1747647655558
counter/6/0/0/0,2871:1747647652273:,1747647655558
counter/6/0/0/0,2872:1747647652273:,1747647655558
counter/6/0/0/0,2873:1747647652273:,1747647655558
counter/6/0/0/0,2874:1747647652273:,1747647655558
counter/6/0/0/0,2875:1747647652273:,1747647655559
counter/6/0/0/0,2876:1747647652273:,1747647655559
counter/2/0/0/0,2718:1747647651711:,1747647655559
counter/5/0/0/0,3085:1747647651840:,1747647655559
counter/9/0/0/0,3307:1747647652276:,1747647655559
counter/7/0/0/0,2886:1747647652161:,1747647655561
counter/7/0/0/0,2887:1747647652161:,1747647655561
counter/9/0/0/0,3308:1747647652276:,1747647655561
counter/7/0/0/0,2888:1747647652161:,1747647655561
counter/9/0/0/0,3309:1747647652276:,1747647655561
counter/9/0/0/0,3310:1747647652276:,1747647655561
counter/9/0/0/0,3311:1747647652276:,1747647655561
counter/9/0/0/0,3312:1747647652276:,1747647655561
counter/9/0/0/0,3313:1747647652276:,1747647655561
counter/9/0/0/0,3314:1747647652276:,1747647655561
counter/9/0/0/0,3315:1747647652276:,1747647655561
counter/8/0/0/0,3231:1747647652059:,1747647655564
counter/8/0/0/0,3232:1747647652059:,1747647655564
counter/8/0/0/0,3233:1747647652059:,1747647655564
counter/8/0/0/0,3234:1747647652059:,1747647655564
counter/8/0/0/0,3235:1747647652059:,1747647655564
counter/8/0/0/0,3236:1747647652060:,1747647655564
counter/8/0/0/0,3237:1747647652060:,1747647655564
counter/10/0/0/0,2799:1747647652135:,1747647655564
counter/1/0/0/0,3111:1747647652301:,1747647655564
counter/7/0/0/0,2889:1747647652161:,1747647655564
counter/7/0/0/0,2890:1747647652161:,1747647655564
counter/7/0/0/0,2891:1747647652161:,1747647655564
counter/7/0/0/0,2892:1747647652161:,1747647655564
counter/7/0/0/0,2893:1747647652161:,1747647655564
counter/7/0/0/0,2894:1747647652161:,1747647655564
counter/7/0/0/0,2895:1747647652161:,1747647655564
counter/7/0/0/0,2896:1747647652161:,1747647655564
counter/5/0/0/0,3086:1747647651840:,1747647655565
counter/4/0/0/0,3259:1747647652230:,1747647655565
counter/7/0/0/0,2897:1747647652161:,1747647655565
counter/6/0/0/0,2877:1747647652273:,1747647655565
counter/10/0/0/0,2800:1747647652136:,1747647655566
counter/1/0/0/0,3112:1747647652301:,1747647655566
counter/1/0/0/0,3113:1747647652308:,1747647655566
counter/1/0/0/0,3114:1747647652308:,1747647655566
counter/1/0/0/0,3115:1747647652308:,1747647655566
counter/1/0/0/0,3116:1747647652308:,1747647655566
counter/1/0/0/0,3117:1747647652308:,1747647655566
counter/1/0/0/0,3118:1747647652308:,1747647655566
counter/1/0/0/0,3119:1747647652308:,1747647655566
counter/1/0/0/0,3120:1747647652308:,1747647655566
counter/1/0/0/0,3121:1747647652308:,1747647655566
counter/1/0/0/0,3122:1747647652308:,1747647655566
counter/1/0/0/0,3123:1747647652308:,1747647655566
counter/1/0/0/0,3124:1747647652308:,1747647655566
counter/1/0/0/0,3125:1747647652315:,1747647655566
counter/3/0/0/0,3182:1747647652221:,1747647655566
counter/5/0/0/0,3087:1747647651840:,1747647655566
counter/5/0/0/0,3088:1747647651840:,1747647655567
counter/5/0/0/0,3089:1747647651840:,1747647655567
counter/5/0/0/0,3090:1747647651840:,1747647655567
counter/5/0/0/0,3091:1747647651851:,1747647655567
counter/10/0/0/0,2801:1747647652136:,1747647655567
counter/9/0/0/0,3316:1747647652276:,1747647655567
counter/7/0/0/0,2898:1747647652161:,1747647655567
counter/9/0/0/0,3317:1747647652276:,1747647655567
counter/6/0/0/0,2878:1747647652273:,1747647655567
counter/6/0/0/0,2879:1747647652282:,1747647655567
counter/6/0/0/0,2880:1747647652286:,1747647655568
counter/6/0/0/0,2881:1747647652286:,1747647655568
counter/6/0/0/0,2882:1747647652286:,1747647655568
counter/6/0/0/0,2883:1747647652286:,1747647655568
counter/6/0/0/0,2884:1747647652286:,1747647655568
counter/6/0/0/0,2885:1747647652286:,1747647655568
counter/6/0/0/0,2886:1747647652286:,1747647655568
counter/6/0/0/0,2887:1747647652286:,1747647655568
counter/2/0/0/0,2719:1747647651711:,1747647655568
counter/5/0/0/0,3092:1747647651851:,1747647655568
counter/10/0/0/0,2802:1747647652136:,1747647655568
counter/10/0/0/0,2803:1747647652136:,1747647655568
counter/10/0/0/0,2804:1747647652136:,1747647655568
counter/10/0/0/0,2805:1747647652136:,1747647655568
counter/7/0/0/0,2899:1747647652161:,1747647655568
counter/10/0/0/0,2806:1747647652136:,1747647655568
counter/4/0/0/0,3260:1747647652230:,1747647655568
counter/7/0/0/0,2900:1747647652161:,1747647655569
counter/7/0/0/0,2901:1747647652161:,1747647655569
counter/7/0/0/0,2902:1747647652161:,1747647655569
counter/7/0/0/0,2903:1747647652161:,1747647655569
counter/7/0/0/0,2904:1747647652161:,1747647655569
counter/7/0/0/0,2905:1747647652161:,1747647655569
counter/6/0/0/0,2888:1747647652286:,1747647655569
counter/10/0/0/0,2807:1747647652136:,1747647655569
counter/7/0/0/0,2906:1747647652161:,1747647655569
counter/7/0/0/0,2907:1747647652161:,1747647655569
counter/7/0/0/0,2908:1747647652162:,1747647655570
counter/7/0/0/0,2909:1747647652162:,1747647655570
counter/7/0/0/0,2910:1747647652162:,1747647655570
counter/7/0/0/0,2911:1747647652162:,1747647655570
counter/7/0/0/0,2912:1747647652162:,1747647655570
counter/6/0/0/0,2889:1747647652287:,1747647655571
counter/6/0/0/0,2890:1747647652287:,1747647655571
counter/6/0/0/0,2891:1747647652287:,1747647655571
counter/6/0/0/0,2892:1747647652287:,1747647655571
counter/6/0/0/0,2893:1747647652287:,1747647655571
counter/6/0/0/0,2894:1747647652296:,1747647655571
counter/6/0/0/0,2895:1747647652296:,1747647655571
counter/6/0/0/0,2896:1747647652296:,1747647655571
counter/6/0/0/0,2897:1747647652304:,1747647655571
counter/2/0/0/0,2720:1747647651711:,1747647655573
counter/7/0/0/0,2913:1747647652162:,1747647655573
counter/7/0/0/0,2914:1747647652162:,1747647655573
counter/7/0/0/0,2915:1747647652162:,1747647655573
counter/7/0/0/0,2916:1747647652162:,1747647655573
counter/7/0/0/0,2917:1747647652162:,1747647655573
counter/7/0/0/0,2918:1747647652162:,1747647655573
counter/7/0/0/0,2919:1747647652170:,1747647655573
counter/7/0/0/0,2920:1747647652177:,1747647655573
counter/7/0/0/0,2921:1747647652177:,1747647655573
counter/7/0/0/0,2922:1747647652177:,1747647655573
counter/7/0/0/0,2923:1747647652177:,1747647655573
counter/7/0/0/0,2924:1747647652177:,1747647655573
counter/7/0/0/0,2925:1747647652177:,1747647655574
counter/4/0/0/0,3261:1747647652230:,1747647655574
counter/10/0/0/0,2808:1747647652136:,1747647655574
counter/9/0/0/0,3318:1747647652276:,1747647655574
counter/10/0/0/0,2809:1747647652136:,1747647655574
counter/10/0/0/0,2810:1747647652136:,1747647655574
counter/10/0/0/0,2811:1747647652136:,1747647655574
counter/10/0/0/0,2812:1747647652145:,1747647655574
counter/10/0/0/0,2813:1747647652145:,1747647655574
counter/10/0/0/0,2814:1747647652145:,1747647655574
counter/7/0/0/0,2926:1747647652177:,1747647655574
counter/10/0/0/0,2815:1747647652145:,1747647655574
counter/9/0/0/0,3319:1747647652276:,1747647655574
counter/7/0/0/0,2927:1747647652178:,1747647655575
counter/7/0/0/0,2928:1747647652178:,1747647655575
counter/7/0/0/0,2929:1747647652178:,1747647655575
counter/7/0/0/0,2930:1747647652178:,1747647655575
counter/7/0/0/0,2931:1747647652178:,1747647655575
counter/8/0/0/0,3238:1747647652060:,1747647655575
counter/7/0/0/0,2932:1747647652178:,1747647655575
counter/7/0/0/0,2933:1747647652181:,1747647655576
counter/3/0/0/0,3183:1747647652221:,1747647655576
counter/6/0/0/0,2898:1747647652304:,1747647655576
counter/7/0/0/0,2934:1747647652181:,1747647655580
counter/7/0/0/0,2935:1747647652181:,1747647655580
counter/7/0/0/0,2936:1747647652181:,1747647655580
counter/7/0/0/0,2937:1747647652182:,1747647655580
counter/7/0/0/0,2938:1747647652182:,1747647655581
counter/7/0/0/0,2939:1747647652182:,1747647655581
counter/7/0/0/0,2940:1747647652182:,1747647655581
counter/8/0/0/0,3239:1747647652060:,1747647655581
counter/6/0/0/0,2899:1747647652304:,1747647655581
counter/6/0/0/0,2900:1747647652304:,1747647655581
counter/6/0/0/0,2901:1747647652304:,1747647655581
counter/6/0/0/0,2902:1747647652304:,1747647655581
counter/6/0/0/0,2903:1747647652304:,1747647655581
counter/3/0/0/0,3184:1747647652222:,1747647655581
counter/3/0/0/0,3185:1747647652222:,1747647655581
counter/3/0/0/0,3186:1747647652222:,1747647655581
counter/3/0/0/0,3187:1747647652222:,1747647655582
counter/3/0/0/0,3188:1747647652222:,1747647655582
counter/3/0/0/0,3189:1747647652222:,1747647655582
counter/3/0/0/0,3190:1747647652222:,1747647655582
counter/3/0/0/0,3191:1747647652222:,1747647655582
counter/3/0/0/0,3192:1747647652236:,1747647655582
counter/4/0/0/0,3262:1747647652230:,1747647655582
counter/5/0/0/0,3093:1747647651851:,1747647655582
counter/3/0/0/0,3193:1747647652236:,1747647655582
counter/8/0/0/0,3240:1747647652060:,1747647655582
counter/8/0/0/0,3241:1747647652060:,1747647655582
counter/8/0/0/0,3242:1747647652060:,1747647655582
counter/8/0/0/0,3243:1747647652061:,1747647655583
counter/8/0/0/0,3244:1747647652061:,1747647655583
counter/5/0/0/0,3094:1747647651851:,1747647655584
counter/3/0/0/0,3194:1747647652236:,1747647655584
counter/5/0/0/0,3095:1747647651855:,1747647655584
counter/5/0/0/0,3096:1747647651855:,1747647655584
counter/5/0/0/0,3097:1747647651855:,1747647655584
counter/5/0/0/0,3098:1747647651855:,1747647655584
counter/5/0/0/0,3099:1747647651855:,1747647655584
counter/5/0/0/0,3100:1747647651855:,1747647655584
counter/5/0/0/0,3101:1747647651855:,1747647655584
counter/5/0/0/0,3102:1747647651855:,1747647655584
counter/5/0/0/0,3103:1747647651855:,1747647655584
counter/5/0/0/0,3104:1747647651855:,1747647655584
counter/7/0/0/0,2941:1747647652183:,1747647655585
counter/2/0/0/0,2721:1747647651711:,1747647655587
counter/7/0/0/0,2942:1747647652183:,1747647655587
counter/7/0/0/0,2943:1747647652184:,1747647655587
counter/7/0/0/0,2944:1747647652184:,1747647655587
counter/7/0/0/0,2945:1747647652184:,1747647655587
counter/7/0/0/0,2946:1747647652184:,1747647655587
counter/6/0/0/0,2904:1747647652305:,1747647655587
counter/6/0/0/0,2905:1747647652305:,1747647655587
counter/5/0/0/0,3105:1747647651855:,1747647655588
counter/5/0/0/0,3106:1747647651855:,1747647655588
counter/5/0/0/0,3107:1747647651856:,1747647655588
counter/5/0/0/0,3108:1747647651856:,1747647655588
counter/4/0/0/0,3263:1747647652230:,1747647655589
counter/7/0/0/0,2947:1747647652184:,1747647655589
counter/1/0/0/0,3126:1747647652315:,1747647655589
counter/1/0/0/0,3127:1747647652315:,1747647655589
counter/1/0/0/0,3128:1747647652315:,1747647655589
counter/1/0/0/0,3129:1747647652315:,1747647655589
counter/1/0/0/0,3130:1747647652315:,1747647655589
counter/1/0/0/0,3131:1747647652315:,1747647655589
counter/6/0/0/0,2906:1747647652305:,1747647655589
counter/7/0/0/0,2948:1747647652184:,1747647655589
counter/2/0/0/0,2722:1747647651711:,1747647655590
counter/3/0/0/0,3195:1747647652246:,1747647655590
counter/9/0/0/0,3320:1747647652276:,1747647655590
counter/9/0/0/0,3321:1747647652277:,1747647655590
counter/9/0/0/0,3322:1747647652277:,1747647655590
counter/9/0/0/0,3323:1747647652277:,1747647655590
counter/9/0/0/0,3324:1747647652277:,1747647655590
counter/9/0/0/0,3325:1747647652277:,1747647655590
counter/4/0/0/0,3264:1747647652230:,1747647655592
counter/4/0/0/0,3265:1747647652240:,1747647655592
counter/4/0/0/0,3266:1747647652252:,1747647655592
counter/4/0/0/0,3267:1747647652254:,1747647655592
counter/4/0/0/0,3268:1747647652255:,1747647655592
counter/4/0/0/0,3269:1747647652255:,1747647655592
counter/4/0/0/0,3270:1747647652255:,1747647655592
counter/5/0/0/0,3109:1747647651856:,1747647655592
counter/3/0/0/0,3196:1747647652246:,1747647655592
counter/8/0/0/0,3245:1747647652089:,1747647655592
counter/3/0/0/0,3197:1747647652247:,1747647655592
counter/8/0/0/0,3246:1747647652090:,1747647655593
counter/8/0/0/0,3247:1747647652090:,1747647655593
counter/8/0/0/0,3248:1747647652090:,1747647655593
counter/8/0/0/0,3249:1747647652090:,1747647655593
counter/8/0/0/0,3250:1747647652090:,1747647655593
counter/8/0/0/0,3251:1747647652090:,1747647655593
counter/8/0/0/0,3252:1747647652096:,1747647655593
counter/8/0/0/0,3253:1747647652099:,1747647655593
counter/8/0/0/0,3254:1747647652099:,1747647655593
counter/8/0/0/0,3255:1747647652099:,1747647655593
counter/9/0/0/0,3326:1747647652277:,1747647655593
counter/6/0/0/0,2907:1747647652305:,1747647655593
counter/1/0/0/0,3132:1747647652315:,1747647655594
counter/4/0/0/0,3271:1747647652255:,1747647655594
counter/1/0/0/0,3133:1747647652315:,1747647655594
counter/1/0/0/0,3134:1747647652315:,1747647655594
counter/1/0/0/0,3135:1747647652315:,1747647655594
counter/1/0/0/0,3136:1747647652315:,1747647655594
counter/7/0/0/0,2949:1747647652184:,1747647655594
counter/1/0/0/0,3137:1747647652315:,1747647655595
counter/2/0/0/0,2723:1747647651711:,1747647655596
counter/4/0/0/0,3272:1747647652255:,1747647655598
counter/4/0/0/0,3273:1747647652255:,1747647655598
counter/4/0/0/0,3274:1747647652255:,1747647655598
counter/4/0/0/0,3275:1747647652255:,1747647655598
counter/4/0/0/0,3276:1747647652255:,1747647655598
counter/4/0/0/0,3277:1747647652255:,1747647655598
counter/4/0/0/0,3278:1747647652255:,1747647655598
counter/9/0/0/0,3327:1747647652277:,1747647655599
counter/8/0/0/0,3256:1747647652099:,1747647655600
counter/4/0/0/0,3279:1747647652255:,1747647655600
counter/8/0/0/0,3257:1747647652099:,1747647655600
counter/8/0/0/0,3258:1747647652100:,1747647655600
counter/8/0/0/0,3259:1747647652100:,1747647655600
counter/8/0/0/0,3260:1747647652100:,1747647655601
counter/8/0/0/0,3261:1747647652100:,1747647655601
counter/8/0/0/0,3262:1747647652100:,1747647655601
counter/8/0/0/0,3263:1747647652100:,1747647655601
counter/8/0/0/0,3264:1747647652100:,1747647655601
counter/8/0/0/0,3265:1747647652100:,1747647655601
counter/2/0/0/0,2724:1747647651711:,1747647655601
counter/2/0/0/0,2725:1747647651711:,1747647655601
counter/2/0/0/0,2726:1747647651711:,1747647655601
counter/2/0/0/0,2727:1747647651711:,1747647655601
counter/2/0/0/0,2728:1747647651712:,1747647655601
counter/2/0/0/0,2729:1747647651712:,1747647655601
counter/2/0/0/0,2730:1747647651712:,1747647655601
counter/2/0/0/0,2731:1747647651712:,1747647655602
counter/9/0/0/0,3328:1747647652277:,1747647655603
counter/9/0/0/0,3329:1747647652277:,1747647655603
counter/9/0/0/0,3330:1747647652277:,1747647655603
counter/9/0/0/0,3331:1747647652277:,1747647655603
counter/4/0/0/0,3280:1747647652255:,1747647655604
counter/4/0/0/0,3281:1747647652292:,1747647655604
counter/5/0/0/0,3110:1747647651856:,1747647655604
counter/8/0/0/0,3266:1747647652100:,1747647655604
counter/2/0/0/0,2732:1747647651712:,1747647655605
counter/9/0/0/0,3332:1747647652277:,1747647655606
counter/9/0/0/0,3333:1747647652277:,1747647655606
counter/9/0/0/0,3334:1747647652277:,1747647655606
counter/9/0/0/0,3335:1747647652277:,1747647655606
counter/9/0/0/0,3336:1747647652277:,1747647655606
counter/9/0/0/0,3337:1747647652279:,1747647655606
counter/9/0/0/0,3338:1747647652279:,1747647655607
counter/9/0/0/0,3339:1747647652279:,1747647655607
counter/9/0/0/0,3340:1747647652279:,1747647655607
counter/9/0/0/0,3341:1747647652279:,1747647655607
counter/9/0/0/0,3342:1747647652279:,1747647655607
counter/9/0/0/0,3343:1747647652279:,1747647655607
counter/9/0/0/0,3344:1747647652279:,1747647655607
counter/9/0/0/0,3345:1747647652280:,1747647655607
counter/9/0/0/0,3346:1747647652280:,1747647655607
counter/9/0/0/0,3347:1747647652280:,1747647655607
counter/6/0/0/0,2908:1747647652305:,1747647655607
counter/1/0/0/0,3138:1747647652315:,1747647655609
counter/7/0/0/0,2950:1747647652184:,1747647655609
counter/7/0/0/0,2951:1747647652184:,1747647655609
counter/7/0/0/0,2952:1747647652184:,1747647655609
counter/7/0/0/0,2953:1747647652184:,1747647655609
counter/7/0/0/0,2954:1747647652184:,1747647655610
counter/7/0/0/0,2955:1747647652184:,1747647655610
counter/7/0/0/0,2956:1747647652185:,1747647655610
counter/5/0/0/0,3111:1747647651857:,1747647655610
counter/5/0/0/0,3112:1747647651857:,1747647655610
counter/5/0/0/0,3113:1747647651857:,1747647655610
counter/5/0/0/0,3114:1747647651858:,1747647655610
counter/4/0/0/0,3282:1747647652292:,1747647655610
counter/4/0/0/0,3283:1747647652292:,1747647655610
counter/4/0/0/0,3284:1747647652292:,1747647655610
counter/4/0/0/0,3285:1747647652292:,1747647655610
counter/4/0/0/0,3286:1747647652292:,1747647655610
counter/4/0/0/0,3287:1747647652292:,1747647655610
counter/2/0/0/0,2733:1747647651712:,1747647655610
counter/10/0/0/0,2816:1747647652150:,1747647655610
counter/10/0/0/0,2817:1747647652151:,1747647655610
counter/1/0/0/0,3139:1747647652316:,1747647655611
counter/2/0/0/0,2734:1747647651712:,1747647655611
counter/6/0/0/0,2909:1747647652305:,1747647655612
counter/6/0/0/0,2910:1747647652307:,1747647655612
counter/6/0/0/0,2911:1747647652307:,1747647655612
counter/6/0/0/0,2912:1747647652307:,1747647655612
counter/6/0/0/0,2913:1747647652307:,1747647655612
counter/6/0/0/0,2914:1747647652307:,1747647655612
counter/6/0/0/0,2915:1747647652307:,1747647655612
counter/6/0/0/0,2916:1747647652307:,1747647655612
counter/6/0/0/0,2917:1747647652307:,1747647655612
counter/7/0/0/0,2957:1747647652185:,1747647655613
counter/10/0/0/0,2818:1747647652151:,1747647655613
counter/8/0/0/0,3267:1747647652100:,1747647655613
counter/8/0/0/0,3268:1747647652100:,1747647655613
counter/8/0/0/0,3269:1747647652100:,1747647655613
counter/8/0/0/0,3270:1747647652100:,1747647655613
counter/5/0/0/0,3115:1747647651858:,1747647655614
counter/5/0/0/0,3116:1747647651858:,1747647655614
counter/5/0/0/0,3117:1747647651858:,1747647655614
counter/5/0/0/0,3118:1747647651858:,1747647655614
counter/5/0/0/0,3119:1747647651858:,1747647655614
counter/5/0/0/0,3120:1747647651858:,1747647655614
counter/5/0/0/0,3121:1747647651858:,1747647655614
counter/2/0/0/0,2735:1747647651712:,1747647655614
counter/10/0/0/0,2819:1747647652151:,1747647655614
counter/7/0/0/0,2958:1747647652185:,1747647655614
counter/2/0/0/0,2736:1747647651712:,1747647655616
counter/6/0/0/0,2918:1747647652308:,1747647655616
counter/6/0/0/0,2919:1747647652308:,1747647655617
counter/6/0/0/0,2920:1747647652308:,1747647655617
counter/7/0/0/0,2959:1747647652185:,1747647655617
counter/6/0/0/0,2921:1747647652308:,1747647655617
counter/7/0/0/0,2960:1747647652185:,1747647655618
counter/7/0/0/0,2961:1747647652185:,1747647655618
counter/7/0/0/0,2962:1747647652186:,1747647655618
counter/7/0/0/0,2963:1747647652186:,1747647655618
counter/7/0/0/0,2964:1747647652186:,1747647655618
counter/7/0/0/0,2965:1747647652186:,1747647655618
counter/5/0/0/0,3122:1747647651863:,1747647655619
counter/2/0/0/0,2737:1747647651712:,1747647655619
counter/8/0/0/0,3271:1747647652100:,1747647655620
counter/9/0/0/0,3348:1747647652280:,1747647655620
counter/9/0/0/0,3349:1747647652280:,1747647655622
counter/9/0/0/0,3350:1747647652280:,1747647655622
counter/9/0/0/0,3351:1747647652280:,1747647655622
counter/9/0/0/0,3352:1747647652280:,1747647655622
counter/9/0/0/0,3353:1747647652280:,1747647655622
counter/9/0/0/0,3354:1747647652280:,1747647655622
counter/9/0/0/0,3355:1747647652280:,1747647655622
counter/9/0/0/0,3356:1747647652280:,1747647655622
counter/9/0/0/0,3357:1747647652280:,1747647655622
counter/9/0/0/0,3358:1747647652280:,1747647655622
counter/7/0/0/0,2966:1747647652186:,1747647655622
counter/7/0/0/0,2967:1747647652186:,1747647655622
counter/3/0/0/0,3198:1747647652247:,1747647655622
counter/3/0/0/0,3199:1747647652247:,1747647655622
counter/3/0/0/0,3200:1747647652247:,1747647655623
counter/3/0/0/0,3201:1747647652247:,1747647655623
counter/4/0/0/0,3288:1747647652292:,1747647655623
counter/5/0/0/0,3123:1747647651863:,1747647655624
counter/5/0/0/0,3124:1747647651863:,1747647655624
counter/5/0/0/0,3125:1747647651863:,1747647655624
counter/5/0/0/0,3126:1747647651863:,1747647655624
counter/5/0/0/0,3127:1747647651863:,1747647655624
counter/5/0/0/0,3128:1747647651863:,1747647655624
counter/5/0/0/0,3129:1747647651863:,1747647655624
counter/5/0/0/0,3130:1747647651871:,1747647655624
counter/3/0/0/0,3202:1747647652247:,1747647655624
counter/8/0/0/0,3272:1747647652100:,1747647655625
counter/2/0/0/0,2738:1747647651712:,1747647655626
counter/2/0/0/0,2739:1747647651712:,1747647655626
counter/6/0/0/0,2922:1747647652311:,1747647655626
counter/6/0/0/0,2923:1747647652311:,1747647655626
counter/9/0/0/0,3359:1747647652280:,1747647655626
counter/9/0/0/0,3360:1747647652280:,1747647655626
counter/7/0/0/0,2968:1747647652186:,1747647655626
counter/7/0/0/0,2969:1747647652186:,1747647655626
counter/7/0/0/0,2970:1747647652186:,1747647655626
counter/7/0/0/0,2971:1747647652186:,1747647655626
counter/5/0/0/0,3131:1747647651871:,1747647655626
counter/10/0/0/0,2820:1747647652151:,1747647655627
counter/10/0/0/0,2821:1747647652151:,1747647655627
counter/10/0/0/0,2822:1747647652154:,1747647655627
counter/10/0/0/0,2823:1747647652154:,1747647655627
counter/10/0/0/0,2824:1747647652177:,1747647655627
counter/10/0/0/0,2825:1747647652177:,1747647655627
counter/10/0/0/0,2826:1747647652177:,1747647655627
counter/8/0/0/0,3273:1747647652117:,1747647655627
counter/2/0/0/0,2740:1747647651712:,1747647655627
counter/2/0/0/0,2741:1747647651712:,1747647655628
counter/3/0/0/0,3203:1747647652251:,1747647655628
counter/5/0/0/0,3132:1747647651871:,1747647655629
counter/5/0/0/0,3133:1747647651871:,1747647655629
counter/5/0/0/0,3134:1747647651871:,1747647655629
counter/5/0/0/0,3135:1747647651871:,1747647655629
counter/5/0/0/0,3136:1747647651871:,1747647655629
counter/5/0/0/0,3137:1747647651872:,1747647655629
counter/10/0/0/0,2827:1747647652177:,1747647655629
counter/10/0/0/0,2828:1747647652177:,1747647655629
counter/10/0/0/0,2829:1747647652177:,1747647655630
counter/10/0/0/0,2830:1747647652177:,1747647655630
counter/10/0/0/0,2831:1747647652177:,1747647655630
counter/10/0/0/0,2832:1747647652177:,1747647655630
counter/10/0/0/0,2833:1747647652177:,1747647655630
counter/10/0/0/0,2834:1747647652178:,1747647655630
counter/10/0/0/0,2835:1747647652178:,1747647655630
counter/7/0/0/0,2972:1747647652187:,1747647655630
counter/6/0/0/0,2924:1747647652311:,1747647655630
counter/9/0/0/0,3361:1747647652280:,1747647655630
counter/1/0/0/0,3140:1747647652316:,1747647655630
counter/1/0/0/0,3141:1747647652316:,1747647655630
counter/1/0/0/0,3142:1747647652316:,1747647655631
counter/3/0/0/0,3204:1747647652251:,1747647655631
counter/5/0/0/0,3138:1747647651872:,1747647655631
counter/1/0/0/0,3143:1747647652316:,1747647655631
counter/1/0/0/0,3144:1747647652316:,1747647655631
counter/4/0/0/0,3289:1747647652294:,1747647655632
counter/8/0/0/0,3274:1747647652117:,1747647655632
counter/1/0/0/0,3145:1747647652322:,1747647655632
counter/7/0/0/0,2973:1747647652189:,1747647655633
counter/2/0/0/0,2742:1747647651712:,1747647655634
counter/3/0/0/0,3205:1747647652251:,1747647655635
counter/3/0/0/0,3206:1747647652254:,1747647655635
counter/3/0/0/0,3207:1747647652264:,1747647655635
counter/3/0/0/0,3208:1747647652264:,1747647655635
counter/3/0/0/0,3209:1747647652264:,1747647655635
counter/3/0/0/0,3210:1747647652264:,1747647655635
counter/3/0/0/0,3211:1747647652265:,1747647655635
counter/3/0/0/0,3212:1747647652265:,1747647655635
counter/2/0/0/0,2743:1747647651712:,1747647655635
counter/2/0/0/0,2744:1747647651712:,1747647655635
counter/4/0/0/0,3290:1747647652295:,1747647655635
counter/4/0/0/0,3291:1747647652295:,1747647655635
counter/4/0/0/0,3292:1747647652295:,1747647655635
counter/8/0/0/0,3275:1747647652117:,1747647655636
counter/5/0/0/0,3139:1747647651872:,1747647655636
counter/1/0/0/0,3146:1747647652322:,1747647655637
counter/7/0/0/0,2974:1747647652189:,1747647655638
counter/1/0/0/0,3147:1747647652322:,1747647655639
counter/1/0/0/0,3148:1747647652322:,1747647655639
counter/1/0/0/0,3149:1747647652322:,1747647655639
counter/1/0/0/0,3150:1747647652322:,1747647655639
counter/3/0/0/0,3213:1747647652265:,1747647655639
counter/10/0/0/0,2836:1747647652178:,1747647655639
counter/4/0/0/0,3293:1747647652295:,1747647655639
counter/1/0/0/0,3151:1747647652322:,1747647655639
counter/1/0/0/0,3152:1747647652322:,1747647655639
counter/1/0/0/0,3153:1747647652322:,1747647655639
counter/1/0/0/0,3154:1747647652322:,1747647655639
counter/1/0/0/0,3155:1747647652322:,1747647655639
counter/1/0/0/0,3156:1747647652322:,1747647655639
counter/1/0/0/0,3157:1747647652323:,1747647655639
counter/8/0/0/0,3276:1747647652118:,1747647655641
counter/2/0/0/0,2745:1747647651712:,1747647655641
counter/5/0/0/0,3140:1747647651872:,1747647655642
counter/5/0/0/0,3141:1747647651872:,1747647655642
counter/5/0/0/0,3142:1747647651872:,1747647655642
counter/5/0/0/0,3143:1747647651872:,1747647655642
counter/5/0/0/0,3144:1747647651872:,1747647655642
counter/5/0/0/0,3145:1747647651872:,1747647655642
counter/7/0/0/0,2975:1747647652189:,1747647655642
counter/7/0/0/0,2976:1747647652190:,1747647655642
counter/7/0/0/0,2977:1747647652191:,1747647655642
counter/7/0/0/0,2978:1747647652191:,1747647655642
counter/7/0/0/0,2979:1747647652191:,1747647655642
counter/6/0/0/0,2925:1747647652311:,1747647655643
counter/10/0/0/0,2837:1747647652178:,1747647655643
counter/10/0/0/0,2838:1747647652182:,1747647655643
counter/10/0/0/0,2839:1747647652182:,1747647655643
counter/10/0/0/0,2840:1747647652182:,1747647655643
counter/10/0/0/0,2841:1747647652182:,1747647655643
counter/5/0/0/0,3146:1747647651879:,1747647655644
counter/2/0/0/0,2746:1747647651712:,1747647655644
counter/8/0/0/0,3277:1747647652118:,1747647655644
counter/3/0/0/0,3214:1747647652265:,1747647655644
counter/4/0/0/0,3294:1747647652295:,1747647655644
counter/4/0/0/0,3295:1747647652295:,1747647655645
counter/7/0/0/0,2980:1747647652191:,1747647655645
counter/10/0/0/0,2842:1747647652182:,1747647655645
counter/10/0/0/0,2843:1747647652182:,1747647655645
counter/10/0/0/0,2844:1747647652184:,1747647655645
counter/10/0/0/0,2845:1747647652184:,1747647655646
counter/8/0/0/0,3278:1747647652118:,1747647655646
counter/3/0/0/0,3215:1747647652265:,1747647655646
counter/3/0/0/0,3216:1747647652265:,1747647655646
counter/3/0/0/0,3217:1747647652265:,1747647655646
counter/10/0/0/0,2846:1747647652184:,1747647655646
counter/6/0/0/0,2926:1747647652311:,1747647655647
counter/3/0/0/0,3218:1747647652265:,1747647655647
counter/3/0/0/0,3219:1747647652265:,1747647655647
counter/3/0/0/0,3220:1747647652265:,1747647655647
counter/3/0/0/0,3221:1747647652283:,1747647655647
counter/3/0/0/0,3222:1747647652283:,1747647655647
counter/3/0/0/0,3223:1747647652283:,1747647655648
counter/3/0/0/0,3224:1747647652283:,1747647655648
counter/3/0/0/0,3225:1747647652283:,1747647655648
counter/3/0/0/0,3226:1747647652283:,1747647655648
counter/3/0/0/0,3227:1747647652283:,1747647655648
counter/3/0/0/0,3228:1747647652283:,1747647655648
counter/3/0/0/0,3229:1747647652283:,1747647655648
counter/3/0/0/0,3230:1747647652283:,1747647655648
counter/3/0/0/0,3231:1747647652290:,1747647655648
counter/3/0/0/0,3232:1747647652290:,1747647655648
counter/3/0/0/0,3233:1747647652290:,1747647655648
counter/3/0/0/0,3234:1747647652290:,1747647655648
counter/6/0/0/0,2927:1747647652311:,1747647655648
counter/6/0/0/0,2928:1747647652311:,1747647655648
counter/10/0/0/0,2847:1747647652184:,1747647655648
counter/7/0/0/0,2981:1747647652191:,1747647655648
counter/7/0/0/0,2982:1747647652191:,1747647655648
counter/7/0/0/0,2983:1747647652191:,1747647655648
counter/7/0/0/0,2984:1747647652192:,1747647655648
counter/7/0/0/0,2985:1747647652192:,1747647655648
counter/4/0/0/0,3296:1747647652295:,1747647655648
counter/8/0/0/0,3279:1747647652118:,1747647655650
counter/6/0/0/0,2929:1747647652323:,1747647655651
counter/6/0/0/0,2930:1747647652323:,1747647655651
counter/6/0/0/0,2931:1747647652323:,1747647655652
counter/6/0/0/0,2932:1747647652323:,1747647655652
counter/6/0/0/0,2933:1747647652323:,1747647655652
counter/6/0/0/0,2934:1747647652323:,1747647655652
counter/6/0/0/0,2935:1747647652323:,1747647655652
counter/6/0/0/0,2936:1747647652323:,1747647655652
counter/6/0/0/0,2937:1747647652323:,1747647655652
counter/6/0/0/0,2938:1747647652323:,1747647655652
counter/6/0/0/0,2939:1747647652323:,1747647655652
counter/6/0/0/0,2940:1747647652323:,1747647655652
counter/3/0/0/0,3235:1747647652290:,1747647655652
counter/8/0/0/0,3280:1747647652118:,1747647655652
counter/9/0/0/0,3362:1747647652280:,1747647655652
counter/9/0/0/0,3363:1747647652280:,1747647655652
counter/9/0/0/0,3364:1747647652280:,1747647655652
counter/9/0/0/0,3365:1747647652280:,1747647655652
counter/2/0/0/0,2747:1747647651712:,1747647655652
counter/6/0/0/0,2941:1747647652329:,1747647655655
counter/9/0/0/0,3366:1747647652280:,1747647655655
counter/8/0/0/0,3281:1747647652118:,1747647655655
counter/8/0/0/0,3282:1747647652118:,1747647655655
counter/8/0/0/0,3283:1747647652118:,1747647655655
counter/8/0/0/0,3284:1747647652118:,1747647655655
counter/8/0/0/0,3285:1747647652118:,1747647655655
counter/8/0/0/0,3286:1747647652118:,1747647655655
counter/8/0/0/0,3287:1747647652118:,1747647655656
counter/8/0/0/0,3288:1747647652118:,1747647655656
counter/8/0/0/0,3289:1747647652120:,1747647655656
counter/8/0/0/0,3290:1747647652120:,1747647655656
counter/8/0/0/0,3291:1747647652120:,1747647655656
counter/8/0/0/0,3292:1747647652120:,1747647655656
counter/8/0/0/0,3293:1747647652120:,1747647655656
counter/8/0/0/0,3294:1747647652120:,1747647655656
counter/8/0/0/0,3295:1747647652120:,1747647655656
counter/8/0/0/0,3296:1747647652120:,1747647655656
counter/8/0/0/0,3297:1747647652120:,1747647655656
counter/8/0/0/0,3298:1747647652120:,1747647655656
counter/8/0/0/0,3299:1747647652120:,1747647655656
counter/6/0/0/0,2942:1747647652329:,1747647655656
counter/6/0/0/0,2943:1747647652329:,1747647655656
counter/6/0/0/0,2944:1747647652329:,1747647655656
counter/6/0/0/0,2945:1747647652329:,1747647655657
counter/6/0/0/0,2946:1747647652329:,1747647655657
counter/5/0/0/0,3147:1747647651892:,1747647655657
counter/3/0/0/0,3236:1747647652290:,1747647655657
counter/3/0/0/0,3237:1747647652290:,1747647655657
counter/3/0/0/0,3238:1747647652290:,1747647655657
counter/3/0/0/0,3239:1747647652301:,1747647655657
counter/3/0/0/0,3240:1747647652301:,1747647655657
counter/8/0/0/0,3300:1747647652120:,1747647655658
counter/9/0/0/0,3367:1747647652281:,1747647655658
counter/8/0/0/0,3301:1747647652120:,1747647655658
counter/8/0/0/0,3302:1747647652120:,1747647655658
counter/8/0/0/0,3303:1747647652120:,1747647655658
counter/8/0/0/0,3304:1747647652120:,1747647655658
counter/4/0/0/0,3297:1747647652295:,1747647655658
counter/8/0/0/0,3305:1747647652120:,1747647655658
counter/8/0/0/0,3306:1747647652120:,1747647655658
counter/4/0/0/0,3298:1747647652295:,1747647655658
counter/4/0/0/0,3299:1747647652295:,1747647655658
counter/4/0/0/0,3300:1747647652295:,1747647655658
counter/4/0/0/0,3301:1747647652295:,1747647655658
counter/2/0/0/0,2748:1747647651712:,1747647655658
counter/2/0/0/0,2749:1747647651712:,1747647655658
counter/2/0/0/0,2750:1747647651712:,1747647655658
counter/2/0/0/0,2751:1747647651712:,1747647655658
counter/2/0/0/0,2752:1747647651712:,1747647655658
counter/2/0/0/0,2753:1747647651712:,1747647655658
counter/2/0/0/0,2754:1747647651712:,1747647655658
counter/2/0/0/0,2755:1747647651712:,1747647655658
counter/1/0/0/0,3158:1747647652323:,1747647655659
counter/7/0/0/0,2986:1747647652192:,1747647655659
counter/1/0/0/0,3159:1747647652323:,1747647655659
counter/1/0/0/0,3160:1747647652326:,1747647655659
counter/1/0/0/0,3161:1747647652326:,1747647655659
counter/1/0/0/0,3162:1747647652326:,1747647655659
counter/1/0/0/0,3163:1747647652326:,1747647655659
counter/1/0/0/0,3164:1747647652326:,1747647655659
counter/1/0/0/0,3165:1747647652326:,1747647655659
counter/1/0/0/0,3166:1747647652326:,1747647655659
counter/1/0/0/0,3167:1747647652326:,1747647655660
counter/2/0/0/0,2756:1747647651712:,1747647655660
counter/8/0/0/0,3307:1747647652120:,1747647655661
counter/8/0/0/0,3308:1747647652120:,1747647655661
counter/7/0/0/0,2987:1747647652192:,1747647655661
counter/4/0/0/0,3302:1747647652295:,1747647655662
counter/3/0/0/0,3241:1747647652301:,1747647655662
counter/3/0/0/0,3242:1747647652301:,1747647655662
counter/8/0/0/0,3309:1747647652121:,1747647655662
counter/8/0/0/0,3310:1747647652121:,1747647655662
counter/8/0/0/0,3311:1747647652121:,1747647655662
counter/8/0/0/0,3312:1747647652121:,1747647655662
counter/8/0/0/0,3313:1747647652121:,1747647655662
counter/8/0/0/0,3314:1747647652121:,1747647655662
counter/8/0/0/0,3315:1747647652121:,1747647655662
counter/4/0/0/0,3303:1747647652296:,1747647655662
counter/9/0/0/0,3368:1747647652281:,1747647655662
counter/4/0/0/0,3304:1747647652296:,1747647655662
counter/9/0/0/0,3369:1747647652281:,1747647655663
counter/9/0/0/0,3370:1747647652281:,1747647655663
counter/9/0/0/0,3371:1747647652281:,1747647655663
counter/9/0/0/0,3372:1747647652281:,1747647655663
counter/9/0/0/0,3373:1747647652281:,1747647655663
counter/9/0/0/0,3374:1747647652281:,1747647655663
counter/9/0/0/0,3375:1747647652281:,1747647655663
counter/6/0/0/0,2947:1747647652329:,1747647655664
counter/6/0/0/0,2948:1747647652329:,1747647655664
counter/6/0/0/0,2949:1747647652330:,1747647655664
counter/6/0/0/0,2950:1747647652330:,1747647655664
counter/7/0/0/0,2988:1747647652202:,1747647655664
counter/8/0/0/0,3316:1747647652121:,1747647655665
counter/8/0/0/0,3317:1747647652121:,1747647655665
counter/6/0/0/0,2951:1747647652330:,1747647655667
counter/3/0/0/0,3243:1747647652301:,1747647655668
counter/10/0/0/0,2848:1747647652184:,1747647655668
counter/10/0/0/0,2849:1747647652184:,1747647655668
counter/10/0/0/0,2850:1747647652185:,1747647655668
counter/10/0/0/0,2851:1747647652185:,1747647655668
counter/10/0/0/0,2852:1747647652185:,1747647655668
counter/10/0/0/0,2853:1747647652185:,1747647655668
counter/10/0/0/0,2854:1747647652192:,1747647655668
counter/10/0/0/0,2855:1747647652192:,1747647655668
counter/10/0/0/0,2856:1747647652192:,1747647655668
counter/2/0/0/0,2757:1747647651713:,1747647655668
counter/3/0/0/0,3244:1747647652301:,1747647655670
counter/5/0/0/0,3148:1747647651892:,1747647655670
counter/6/0/0/0,2952:1747647652330:,1747647655672
counter/6/0/0/0,2953:1747647652330:,1747647655672
counter/6/0/0/0,2954:1747647652330:,1747647655672
counter/6/0/0/0,2955:1747647652330:,1747647655672
counter/6/0/0/0,2956:1747647652331:,1747647655672
counter/6/0/0/0,2957:1747647652331:,1747647655672
counter/6/0/0/0,2958:1747647652331:,1747647655672
counter/6/0/0/0,2959:1747647652331:,1747647655672
counter/1/0/0/0,3168:1747647652326:,1747647655672
counter/1/0/0/0,3169:1747647652326:,1747647655672
counter/8/0/0/0,3318:1747647652121:,1747647655672
counter/8/0/0/0,3319:1747647652121:,1747647655672
counter/8/0/0/0,3320:1747647652121:,1747647655672
counter/8/0/0/0,3321:1747647652121:,1747647655672
counter/8/0/0/0,3322:1747647652121:,1747647655672
counter/8/0/0/0,3323:1747647652121:,1747647655672
counter/8/0/0/0,3324:1747647652121:,1747647655672
counter/6/0/0/0,2960:1747647652331:,1747647655674
counter/10/0/0/0,2857:1747647652193:,1747647655674
counter/10/0/0/0,2858:1747647652193:,1747647655674
counter/10/0/0/0,2859:1747647652193:,1747647655674
counter/10/0/0/0,2860:1747647652193:,1747647655674
counter/10/0/0/0,2861:1747647652193:,1747647655674
counter/10/0/0/0,2862:1747647652193:,1747647655674
counter/10/0/0/0,2863:1747647652197:,1747647655674
counter/10/0/0/0,2864:1747647652197:,1747647655674
counter/10/0/0/0,2865:1747647652197:,1747647655674
counter/2/0/0/0,2758:1747647651713:,1747647655676
counter/2/0/0/0,2759:1747647651713:,1747647655676
counter/2/0/0/0,2760:1747647651713:,1747647655676
counter/6/0/0/0,2961:1747647652331:,1747647655676
counter/8/0/0/0,3325:1747647652121:,1747647655680
counter/3/0/0/0,3245:1747647652301:,1747647655682
counter/10/0/0/0,2866:1747647652197:,1747647655682
counter/10/0/0/0,2867:1747647652197:,1747647655682
counter/10/0/0/0,2868:1747647652197:,1747647655682
counter/10/0/0/0,2869:1747647652200:,1747647655682
counter/10/0/0/0,2870:1747647652200:,1747647655683
counter/3/0/0/0,3246:1747647652302:,1747647655683
counter/10/0/0/0,2871:1747647652200:,1747647655683
counter/10/0/0/0,2872:1747647652200:,1747647655683
counter/10/0/0/0,2873:1747647652200:,1747647655683
counter/10/0/0/0,2874:1747647652200:,1747647655683
counter/10/0/0/0,2875:1747647652200:,1747647655683
counter/10/0/0/0,2876:1747647652200:,1747647655683
counter/10/0/0/0,2877:1747647652200:,1747647655684
counter/10/0/0/0,2878:1747647652200:,1747647655684
counter/5/0/0/0,3149:1747647651892:,1747647655684
counter/6/0/0/0,2962:1747647652331:,1747647655684
counter/8/0/0/0,3326:1747647652138:,1747647655685
counter/8/0/0/0,3327:1747647652143:,1747647655686
counter/8/0/0/0,3328:1747647652143:,1747647655686
counter/8/0/0/0,3329:1747647652143:,1747647655686
counter/8/0/0/0,3330:1747647652143:,1747647655686
counter/8/0/0/0,3331:1747647652143:,1747647655686
counter/2/0/0/0,2761:1747647651713:,1747647655687
counter/7/0/0/0,2989:1747647652202:,1747647655688
counter/10/0/0/0,2879:1747647652200:,1747647655690
counter/10/0/0/0,2880:1747647652202:,1747647655690
counter/1/0/0/0,3170:1747647652326:,1747647655690
counter/1/0/0/0,3171:1747647652326:,1747647655692
counter/1/0/0/0,3172:1747647652326:,1747647655692
counter/1/0/0/0,3173:1747647652326:,1747647655692
counter/1/0/0/0,3174:1747647652326:,1747647655692
counter/1/0/0/0,3175:1747647652326:,1747647655692
counter/5/0/0/0,3150:1747647651892:,1747647655692
counter/8/0/0/0,3332:1747647652144:,1747647655692
counter/8/0/0/0,3333:1747647652144:,1747647655692
counter/8/0/0/0,3334:1747647652145:,1747647655692
counter/6/0/0/0,2963:1747647652331:,1747647655692
counter/6/0/0/0,2964:1747647652331:,1747647655692
counter/6/0/0/0,2965:1747647652331:,1747647655692
counter/6/0/0/0,2966:1747647652331:,1747647655693
counter/7/0/0/0,2990:1747647652202:,1747647655693
counter/10/0/0/0,2881:1747647652202:,1747647655693
counter/10/0/0/0,2882:1747647652202:,1747647655693
counter/3/0/0/0,3247:1747647652302:,1747647655693
counter/3/0/0/0,3248:1747647652302:,1747647655693
counter/3/0/0/0,3249:1747647652302:,1747647655693
counter/3/0/0/0,3250:1747647652302:,1747647655693
counter/3/0/0/0,3251:1747647652302:,1747647655693
counter/3/0/0/0,3252:1747647652308:,1747647655693
counter/3/0/0/0,3253:1747647652308:,1747647655693
counter/3/0/0/0,3254:1747647652308:,1747647655693
counter/3/0/0/0,3255:1747647652308:,1747647655694
counter/2/0/0/0,2762:1747647651713:,1747647655694
counter/8/0/0/0,3335:1747647652145:,1747647655694
counter/3/0/0/0,3256:1747647652309:,1747647655694
counter/3/0/0/0,3257:1747647652309:,1747647655694
counter/3/0/0/0,3258:1747647652310:,1747647655694
counter/3/0/0/0,3259:1747647652310:,1747647655694
counter/3/0/0/0,3260:1747647652310:,1747647655694
counter/3/0/0/0,3261:1747647652310:,1747647655694
counter/3/0/0/0,3262:1747647652310:,1747647655694
counter/6/0/0/0,2967:1747647652331:,1747647655695
counter/6/0/0/0,2968:1747647652331:,1747647655695
counter/5/0/0/0,3151:1747647651892:,1747647655696
counter/7/0/0/0,2991:1747647652202:,1747647655696
counter/7/0/0/0,2992:1747647652202:,1747647655699
counter/8/0/0/0,3336:1747647652145:,1747647655699
counter/8/0/0/0,3337:1747647652145:,1747647655699
counter/6/0/0/0,2969:1747647652331:,1747647655699
counter/8/0/0/0,3338:1747647652146:,1747647655700
counter/7/0/0/0,2993:1747647652202:,1747647655700
counter/3/0/0/0,3263:1747647652310:,1747647655701
counter/3/0/0/0,3264:1747647652310:,1747647655702
counter/3/0/0/0,3265:1747647652310:,1747647655702
counter/3/0/0/0,3266:1747647652310:,1747647655702
counter/3/0/0/0,3267:1747647652310:,1747647655702
counter/1/0/0/0,3176:1747647652326:,1747647655702
counter/7/0/0/0,2994:1747647652202:,1747647655702
counter/7/0/0/0,2995:1747647652202:,1747647655702
counter/7/0/0/0,2996:1747647652202:,1747647655702
counter/7/0/0/0,2997:1747647652202:,1747647655702
counter/7/0/0/0,2998:1747647652202:,1747647655702
counter/5/0/0/0,3152:1747647651892:,1747647655702
counter/7/0/0/0,2999:1747647652202:,1747647655703
counter/8/0/0/0,3339:1747647652146:,1747647655704
counter/8/0/0/0,3340:1747647652146:,1747647655704
counter/8/0/0/0,3341:1747647652146:,1747647655704
counter/8/0/0/0,3342:1747647652146:,1747647655704
counter/2/0/0/0,2763:1747647651713:,1747647655704
counter/2/0/0/0,2764:1747647651716:,1747647655705
counter/4/0/0/0,3305:1747647652296:,1747647655705
counter/4/0/0/0,3306:1747647652296:,1747647655705
counter/4/0/0/0,3307:1747647652296:,1747647655705
counter/4/0/0/0,3308:1747647652296:,1747647655705
counter/4/0/0/0,3309:1747647652296:,1747647655705
counter/9/0/0/0,3376:1747647652281:,1747647655706
counter/10/0/0/0,2883:1747647652230:,1747647655706
counter/10/0/0/0,2884:1747647652230:,1747647655706
counter/10/0/0/0,2885:1747647652230:,1747647655706
counter/10/0/0/0,2886:1747647652230:,1747647655706
counter/10/0/0/0,2887:1747647652230:,1747647655706
counter/10/0/0/0,2888:1747647652230:,1747647655706
counter/10/0/0/0,2889:1747647652230:,1747647655707
counter/3/0/0/0,3268:1747647652310:,1747647655708
counter/7/0/0/0,3000:1747647652202:,1747647655709
counter/3/0/0/0,3269:1747647652310:,1747647655710
counter/7/0/0/0,3001:1747647652203:,1747647655710
counter/7/0/0/0,3002:1747647652203:,1747647655710
counter/7/0/0/0,3003:1747647652203:,1747647655710
counter/7/0/0/0,3004:1747647652203:,1747647655710
counter/7/0/0/0,3005:1747647652203:,1747647655710
counter/7/0/0/0,3006:1747647652204:,1747647655710
counter/7/0/0/0,3007:1747647652208:,1747647655710
counter/7/0/0/0,3008:1747647652208:,1747647655710
counter/7/0/0/0,3009:1747647652208:,1747647655710
counter/1/0/0/0,3177:1747647652326:,1747647655713
counter/1/0/0/0,3178:1747647652326:,1747647655713
counter/1/0/0/0,3179:1747647652326:,1747647655713
counter/1/0/0/0,3180:1747647652326:,1747647655713
counter/1/0/0/0,3181:1747647652326:,1747647655713
counter/10/0/0/0,2890:1747647652230:,1747647655713
counter/10/0/0/0,2891:1747647652230:,1747647655714
counter/3/0/0/0,3270:1747647652310:,1747647655714
counter/3/0/0/0,3271:1747647652310:,1747647655715
counter/2/0/0/0,2765:1747647651716:,1747647655716
counter/2/0/0/0,2766:1747647651716:,1747647655718
counter/3/0/0/0,3272:1747647652310:,1747647655719
counter/8/0/0/0,3343:1747647652146:,1747647655719
counter/8/0/0/0,3344:1747647652146:,1747647655719
counter/8/0/0/0,3345:1747647652146:,1747647655719
counter/8/0/0/0,3346:1747647652149:,1747647655719
counter/8/0/0/0,3347:1747647652149:,1747647655719
counter/8/0/0/0,3348:1747647652149:,1747647655719
counter/8/0/0/0,3349:1747647652149:,1747647655719
counter/8/0/0/0,3350:1747647652149:,1747647655719
counter/8/0/0/0,3351:1747647652153:,1747647655719
counter/3/0/0/0,3273:1747647652310:,1747647655721
counter/2/0/0/0,2767:1747647651716:,1747647655722
counter/7/0/0/0,3010:1747647652208:,1747647655723
counter/9/0/0/0,3377:1747647652281:,1747647655724
counter/9/0/0/0,3378:1747647652281:,1747647655724
counter/9/0/0/0,3379:1747647652281:,1747647655724
counter/2/0/0/0,2768:1747647651716:,1747647655724
counter/2/0/0/0,2769:1747647651716:,1747647655724
counter/2/0/0/0,2770:1747647651716:,1747647655724
counter/2/0/0/0,2771:1747647651716:,1747647655724
counter/2/0/0/0,2772:1747647651716:,1747647655724
counter/2/0/0/0,2773:1747647651716:,1747647655724
counter/2/0/0/0,2774:1747647651716:,1747647655724
counter/2/0/0/0,2775:1747647651716:,1747647655725
counter/2/0/0/0,2776:1747647651716:,1747647655725
counter/10/0/0/0,2892:1747647652230:,1747647655725
counter/10/0/0/0,2893:1747647652230:,1747647655725
counter/7/0/0/0,3011:1747647652208:,1747647655725
counter/1/0/0/0,3182:1747647652326:,1747647655726
counter/5/0/0/0,3153:1747647651892:,1747647655726
counter/5/0/0/0,3154:1747647651892:,1747647655726
counter/5/0/0/0,3155:1747647651892:,1747647655726
counter/5/0/0/0,3156:1747647651892:,1747647655726
counter/5/0/0/0,3157:1747647651892:,1747647655726
counter/5/0/0/0,3158:1747647651892:,1747647655726
counter/5/0/0/0,3159:1747647651892:,1747647655726
counter/5/0/0/0,3160:1747647651892:,1747647655726
counter/5/0/0/0,3161:1747647651892:,1747647655726
counter/10/0/0/0,2894:1747647652230:,1747647655726
counter/8/0/0/0,3352:1747647652153:,1747647655726
counter/2/0/0/0,2777:1747647651716:,1747647655726
counter/6/0/0/0,2970:1747647652331:,1747647655728
counter/6/0/0/0,2971:1747647652337:,1747647655728
counter/5/0/0/0,3162:1747647651892:,1747647655729
counter/4/0/0/0,3310:1747647652296:,1747647655729
counter/9/0/0/0,3380:1747647652281:,1747647655729
counter/7/0/0/0,3012:1747647652208:,1747647655729
counter/7/0/0/0,3013:1747647652208:,1747647655729
counter/7/0/0/0,3014:1747647652208:,1747647655729
counter/7/0/0/0,3015:1747647652208:,1747647655729
counter/2/0/0/0,2778:1747647651722:,1747647655730
counter/2/0/0/0,2779:1747647651722:,1747647655730
counter/2/0/0/0,2780:1747647651722:,1747647655730
counter/2/0/0/0,2781:1747647651722:,1747647655730
counter/2/0/0/0,2782:1747647651722:,1747647655730
counter/2/0/0/0,2783:1747647651722:,1747647655730
counter/2/0/0/0,2784:1747647651725:,1747647655730
counter/8/0/0/0,3353:1747647652153:,1747647655730
counter/5/0/0/0,3163:1747647651892:,1747647655730
counter/3/0/0/0,3274:1747647652310:,1747647655731
counter/3/0/0/0,3275:1747647652310:,1747647655731
counter/3/0/0/0,3276:1747647652310:,1747647655731
counter/3/0/0/0,3277:1747647652310:,1747647655731
counter/3/0/0/0,3278:1747647652310:,1747647655731
counter/3/0/0/0,3279:1747647652310:,1747647655731
counter/3/0/0/0,3280:1747647652310:,1747647655731
counter/3/0/0/0,3281:1747647652310:,1747647655731
counter/3/0/0/0,3282:1747647652310:,1747647655731
counter/8/0/0/0,3354:1747647652153:,1747647655731
counter/3/0/0/0,3283:1747647652310:,1747647655731
counter/6/0/0/0,2972:1747647652338:,1747647655732
counter/10/0/0/0,2895:1747647652230:,1747647655732
counter/5/0/0/0,3164:1747647651892:,1747647655732
counter/7/0/0/0,3016:1747647652208:,1747647655732
counter/10/0/0/0,2896:1747647652230:,1747647655733
counter/6/0/0/0,2973:1747647652338:,1747647655733
counter/7/0/0/0,3017:1747647652208:,1747647655733
counter/6/0/0/0,2974:1747647652338:,1747647655733
counter/7/0/0/0,3018:1747647652208:,1747647655733
counter/9/0/0/0,3381:1747647652281:,1747647655733
counter/1/0/0/0,3183:1747647652326:,1747647655734
counter/1/0/0/0,3184:1747647652326:,1747647655734
counter/1/0/0/0,3185:1747647652326:,1747647655734
counter/1/0/0/0,3186:1747647652326:,1747647655734
counter/1/0/0/0,3187:1747647652326:,1747647655734
counter/1/0/0/0,3188:1747647652326:,1747647655734
counter/1/0/0/0,3189:1747647652326:,1747647655734
counter/4/0/0/0,3311:1747647652296:,1747647655734
counter/1/0/0/0,3190:1747647652326:,1747647655734
counter/1/0/0/0,3191:1747647652326:,1747647655734
counter/1/0/0/0,3192:1747647652326:,1747647655734
counter/1/0/0/0,3193:1747647652327:,1747647655734
counter/10/0/0/0,2897:1747647652230:,1747647655736
counter/10/0/0/0,2898:1747647652231:,1747647655736
counter/10/0/0/0,2899:1747647652231:,1747647655736
counter/10/0/0/0,2900:1747647652231:,1747647655736
counter/9/0/0/0,3382:1747647652281:,1747647655737
counter/10/0/0/0,2901:1747647652231:,1747647655737
counter/10/0/0/0,2902:1747647652231:,1747647655737
counter/5/0/0/0,3165:1747647651892:,1747647655737
counter/7/0/0/0,3019:1747647652209:,1747647655738
counter/5/0/0/0,3166:1747647651892:,1747647655738
counter/5/0/0/0,3167:1747647651892:,1747647655738
counter/7/0/0/0,3020:1747647652209:,1747647655738
counter/3/0/0/0,3284:1747647652310:,1747647655738
counter/7/0/0/0,3021:1747647652210:,1747647655738
counter/3/0/0/0,3285:1747647652310:,1747647655738
counter/3/0/0/0,3286:1747647652310:,1747647655738
counter/7/0/0/0,3022:1747647652219:,1747647655739
counter/3/0/0/0,3287:1747647652310:,1747647655739
counter/9/0/0/0,3383:1747647652281:,1747647655739
counter/3/0/0/0,3288:1747647652310:,1747647655739
counter/6/0/0/0,2975:1747647652338:,1747647655740
counter/3/0/0/0,3289:1747647652310:,1747647655741
counter/3/0/0/0,3290:1747647652310:,1747647655741
counter/3/0/0/0,3291:1747647652310:,1747647655741
counter/3/0/0/0,3292:1747647652310:,1747647655741
counter/3/0/0/0,3293:1747647652310:,1747647655741
counter/3/0/0/0,3294:1747647652313:,1747647655741
counter/3/0/0/0,3295:1747647652314:,1747647655741
counter/3/0/0/0,3296:1747647652314:,1747647655741
counter/3/0/0/0,3297:1747647652314:,1747647655741
counter/3/0/0/0,3298:1747647652314:,1747647655741
counter/2/0/0/0,2785:1747647651725:,1747647655741
counter/7/0/0/0,3023:1747647652219:,1747647655742
counter/9/0/0/0,3384:1747647652281:,1747647655743
counter/2/0/0/0,2786:1747647651725:,1747647655743
counter/5/0/0/0,3168:1747647651892:,1747647655743
counter/1/0/0/0,3194:1747647652327:,1747647655743
counter/1/0/0/0,3195:1747647652327:,1747647655743
counter/1/0/0/0,3196:1747647652327:,1747647655743
counter/1/0/0/0,3197:1747647652327:,1747647655743
counter/1/0/0/0,3198:1747647652327:,1747647655743
counter/7/0/0/0,3024:1747647652219:,1747647655743
counter/4/0/0/0,3312:1747647652296:,1747647655743
counter/4/0/0/0,3313:1747647652296:,1747647655743
counter/7/0/0/0,3025:1747647652219:,1747647655743
counter/7/0/0/0,3026:1747647652219:,1747647655743
counter/10/0/0/0,2903:1747647652231:,1747647655744
counter/9/0/0/0,3385:1747647652281:,1747647655745
counter/2/0/0/0,2787:1747647651725:,1747647655745
counter/9/0/0/0,3386:1747647652281:,1747647655746
counter/9/0/0/0,3387:1747647652281:,1747647655746
counter/9/0/0/0,3388:1747647652281:,1747647655746
counter/9/0/0/0,3389:1747647652281:,1747647655746
counter/9/0/0/0,3390:1747647652281:,1747647655746
counter/9/0/0/0,3391:1747647652281:,1747647655747
counter/2/0/0/0,2788:1747647651725:,1747647655747
counter/2/0/0/0,2789:1747647651725:,1747647655747
counter/2/0/0/0,2790:1747647651725:,1747647655747
counter/2/0/0/0,2791:1747647651725:,1747647655747
counter/2/0/0/0,2792:1747647651726:,1747647655747
counter/2/0/0/0,2793:1747647651726:,1747647655747
counter/2/0/0/0,2794:1747647651728:,1747647655747
counter/2/0/0/0,2795:1747647651729:,1747647655747
counter/2/0/0/0,2796:1747647651729:,1747647655747
counter/2/0/0/0,2797:1747647651729:,1747647655747
counter/5/0/0/0,3169:1747647651892:,1747647655747
counter/5/0/0/0,3170:1747647651893:,1747647655748
counter/7/0/0/0,3027:1747647652219:,1747647655748
counter/9/0/0/0,3392:1747647652281:,1747647655748
counter/9/0/0/0,3393:1747647652281:,1747647655748
counter/9/0/0/0,3394:1747647652282:,1747647655748
counter/9/0/0/0,3395:1747647652282:,1747647655748
counter/9/0/0/0,3396:1747647652282:,1747647655749
counter/9/0/0/0,3397:1747647652282:,1747647655749
counter/9/0/0/0,3398:1747647652282:,1747647655749
counter/9/0/0/0,3399:1747647652282:,1747647655749
counter/9/0/0/0,3400:1747647652282:,1747647655749
counter/9/0/0/0,3401:1747647652282:,1747647655749
counter/9/0/0/0,3402:1747647652282:,1747647655749
counter/9/0/0/0,3403:1747647652282:,1747647655749
counter/9/0/0/0,3404:1747647652282:,1747647655749
counter/3/0/0/0,3299:1747647652314:,1747647655750
counter/10/0/0/0,2904:1747647652231:,1747647655750
counter/2/0/0/0,2798:1747647651729:,1747647655750
counter/5/0/0/0,3171:1747647651893:,1747647655750
counter/9/0/0/0,3405:1747647652288:,1747647655750
counter/6/0/0/0,2976:1747647652338:,1747647655750
counter/6/0/0/0,2977:1747647652338:,1747647655750
counter/8/0/0/0,3355:1747647652153:,1747647655750
counter/2/0/0/0,2799:1747647651729:,1747647655752
counter/2/0/0/0,2800:1747647651729:,1747647655752
counter/3/0/0/0,3300:1747647652314:,1747647655752
counter/3/0/0/0,3301:1747647652314:,1747647655752
counter/3/0/0/0,3302:1747647652314:,1747647655752
counter/3/0/0/0,3303:1747647652314:,1747647655752
counter/3/0/0/0,3304:1747647652314:,1747647655752
counter/3/0/0/0,3305:1747647652314:,1747647655755
counter/3/0/0/0,3306:1747647652314:,1747647655755
counter/3/0/0/0,3307:1747647652314:,1747647655755
counter/3/0/0/0,3308:1747647652314:,1747647655755
counter/3/0/0/0,3309:1747647652314:,1747647655755
counter/3/0/0/0,3310:1747647652314:,1747647655755
counter/3/0/0/0,3311:1747647652314:,1747647655755
counter/3/0/0/0,3312:1747647652315:,1747647655755
counter/3/0/0/0,3313:1747647652316:,1747647655756
counter/3/0/0/0,3314:1747647652316:,1747647655756
counter/3/0/0/0,3315:1747647652316:,1747647655756
counter/10/0/0/0,2905:1747647652231:,1747647655756
counter/2/0/0/0,2801:1747647651729:,1747647655756
counter/7/0/0/0,3028:1747647652219:,1747647655757
counter/4/0/0/0,3314:1747647652297:,1747647655757
counter/7/0/0/0,3029:1747647652219:,1747647655757
counter/4/0/0/0,3315:1747647652297:,1747647655757
counter/8/0/0/0,3356:1747647652156:,1747647655758
counter/8/0/0/0,3357:1747647652156:,1747647655758
counter/8/0/0/0,3358:1747647652156:,1747647655758
counter/4/0/0/0,3316:1747647652297:,1747647655758
counter/4/0/0/0,3317:1747647652297:,1747647655758
counter/4/0/0/0,3318:1747647652297:,1747647655758
counter/4/0/0/0,3319:1747647652297:,1747647655758
counter/4/0/0/0,3320:1747647652297:,1747647655758
counter/4/0/0/0,3321:1747647652297:,1747647655758
counter/4/0/0/0,3322:1747647652297:,1747647655758
counter/4/0/0/0,3323:1747647652297:,1747647655759
counter/4/0/0/0,3324:1747647652302:,1747647655759
counter/4/0/0/0,3325:1747647652302:,1747647655759
counter/4/0/0/0,3326:1747647652302:,1747647655759
counter/6/0/0/0,2978:1747647652338:,1747647655759
counter/1/0/0/0,3199:1747647652327:,1747647655759
counter/5/0/0/0,3172:1747647651893:,1747647655759
counter/1/0/0/0,3200:1747647652327:,1747647655759
counter/6/0/0/0,2979:1747647652339:,1747647655759
counter/7/0/0/0,3030:1747647652219:,1747647655759
counter/6/0/0/0,2980:1747647652339:,1747647655759
counter/5/0/0/0,3173:1747647651893:,1747647655759
counter/5/0/0/0,3174:1747647651893:,1747647655759
counter/5/0/0/0,3175:1747647651893:,1747647655760
counter/5/0/0/0,3176:1747647651893:,1747647655760
counter/8/0/0/0,3359:1747647652164:,1747647655760
counter/8/0/0/0,3360:1747647652164:,1747647655760
counter/8/0/0/0,3361:1747647652164:,1747647655760
counter/8/0/0/0,3362:1747647652164:,1747647655760
counter/2/0/0/0,2802:1747647651732:,1747647655760
counter/2/0/0/0,2803:1747647651732:,1747647655760
counter/6/0/0/0,2981:1747647652339:,1747647655760
counter/1/0/0/0,3201:1747647652327:,1747647655764
counter/6/0/0/0,2982:1747647652339:,1747647655765
counter/3/0/0/0,3316:1747647652316:,1747647655765
counter/9/0/0/0,3406:1747647652288:,1747647655765
counter/5/0/0/0,3177:1747647651893:,1747647655765
counter/6/0/0/0,2983:1747647652345:,1747647655766
counter/10/0/0/0,2906:1747647652231:,1747647655766
counter/7/0/0/0,3031:1747647652219:,1747647655766
counter/7/0/0/0,3032:1747647652219:,1747647655766
counter/7/0/0/0,3033:1747647652219:,1747647655766
counter/7/0/0/0,3034:1747647652221:,1747647655766
counter/7/0/0/0,3035:1747647652221:,1747647655766
counter/1/0/0/0,3202:1747647652327:,1747647655766
counter/1/0/0/0,3203:1747647652327:,1747647655766
counter/1/0/0/0,3204:1747647652327:,1747647655766
counter/5/0/0/0,3178:1747647651893:,1747647655766
counter/3/0/0/0,3317:1747647652316:,1747647655767
counter/3/0/0/0,3318:1747647652316:,1747647655767
counter/10/0/0/0,2907:1747647652231:,1747647655767
counter/10/0/0/0,2908:1747647652231:,1747647655767
counter/10/0/0/0,2909:1747647652231:,1747647655767
counter/8/0/0/0,3363:1747647652166:,1747647655767
counter/8/0/0/0,3364:1747647652166:,1747647655767
counter/8/0/0/0,3365:1747647652166:,1747647655767
counter/5/0/0/0,3179:1747647651893:,1747647655767
counter/8/0/0/0,3366:1747647652166:,1747647655769
counter/8/0/0/0,3367:1747647652166:,1747647655769
counter/8/0/0/0,3368:1747647652166:,1747647655769
counter/8/0/0/0,3369:1747647652166:,1747647655769
counter/8/0/0/0,3370:1747647652166:,1747647655769
counter/1/0/0/0,3205:1747647652327:,1747647655769
counter/2/0/0/0,2804:1747647651732:,1747647655770
counter/5/0/0/0,3180:1747647651894:,1747647655770
counter/1/0/0/0,3206:1747647652327:,1747647655770
counter/3/0/0/0,3319:1747647652316:,1747647655770
counter/7/0/0/0,3036:1747647652240:,1747647655770
counter/4/0/0/0,3327:1747647652302:,1747647655770
counter/8/0/0/0,3371:1747647652167:,1747647655770
counter/8/0/0/0,3372:1747647652167:,1747647655770
counter/8/0/0/0,3373:1747647652167:,1747647655771
counter/8/0/0/0,3374:1747647652167:,1747647655771
counter/8/0/0/0,3375:1747647652167:,1747647655771
counter/8/0/0/0,3376:1747647652173:,1747647655771
counter/4/0/0/0,3328:1747647652302:,1747647655771
counter/2/0/0/0,2805:1747647651732:,1747647655772
counter/6/0/0/0,2984:1747647652345:,1747647655772
counter/1/0/0/0,3207:1747647652327:,1747647655772
counter/1/0/0/0,3208:1747647652327:,1747647655772
counter/1/0/0/0,3209:1747647652327:,1747647655773
counter/1/0/0/0,3210:1747647652327:,1747647655773
counter/1/0/0/0,3211:1747647652327:,1747647655773
counter/1/0/0/0,3212:1747647652327:,1747647655773
counter/1/0/0/0,3213:1747647652327:,1747647655773
counter/1/0/0/0,3214:1747647652327:,1747647655773
counter/8/0/0/0,3377:1747647652173:,1747647655773
counter/8/0/0/0,3378:1747647652174:,1747647655773
counter/8/0/0/0,3379:1747647652174:,1747647655773
counter/8/0/0/0,3380:1747647652174:,1747647655773
counter/8/0/0/0,3381:1747647652174:,1747647655773
counter/1/0/0/0,3215:1747647652327:,1747647655774
counter/8/0/0/0,3382:1747647652174:,1747647655775
counter/8/0/0/0,3383:1747647652174:,1747647655775
counter/8/0/0/0,3384:1747647652174:,1747647655775
counter/8/0/0/0,3385:1747647652174:,1747647655775
counter/8/0/0/0,3386:1747647652180:,1747647655775
counter/8/0/0/0,3387:1747647652180:,1747647655775
counter/8/0/0/0,3388:1747647652181:,1747647655775
counter/8/0/0/0,3389:1747647652181:,1747647655775
counter/2/0/0/0,2806:1747647651732:,1747647655776
counter/5/0/0/0,3181:1747647651894:,1747647655776
counter/4/0/0/0,3329:1747647652302:,1747647655776
counter/6/0/0/0,2985:1747647652345:,1747647655776
counter/1/0/0/0,3216:1747647652327:,1747647655776
counter/7/0/0/0,3037:1747647652240:,1747647655777
counter/6/0/0/0,2986:1747647652345:,1747647655778
counter/5/0/0/0,3182:1747647651894:,1747647655778
counter/5/0/0/0,3183:1747647651894:,1747647655778
counter/5/0/0/0,3184:1747647651894:,1747647655778
counter/5/0/0/0,3185:1747647651894:,1747647655778
counter/7/0/0/0,3038:1747647652241:,1747647655778
counter/10/0/0/0,2910:1747647652231:,1747647655779
counter/10/0/0/0,2911:1747647652235:,1747647655779
counter/3/0/0/0,3320:1747647652316:,1747647655779
counter/3/0/0/0,3321:1747647652316:,1747647655779
counter/3/0/0/0,3322:1747647652316:,1747647655779
counter/3/0/0/0,3323:1747647652316:,1747647655779
counter/3/0/0/0,3324:1747647652316:,1747647655779
counter/3/0/0/0,3325:1747647652316:,1747647655780
counter/3/0/0/0,3326:1747647652316:,1747647655780
counter/3/0/0/0,3327:1747647652316:,1747647655780
counter/10/0/0/0,2912:1747647652235:,1747647655780
counter/10/0/0/0,2913:1747647652235:,1747647655780
counter/2/0/0/0,2807:1747647651732:,1747647655780
counter/4/0/0/0,3330:1747647652302:,1747647655780
counter/4/0/0/0,3331:1747647652302:,1747647655780
counter/4/0/0/0,3332:1747647652302:,1747647655780
counter/4/0/0/0,3333:1747647652302:,1747647655780
counter/4/0/0/0,3334:1747647652302:,1747647655780
counter/4/0/0/0,3335:1747647652302:,1747647655780
counter/4/0/0/0,3336:1747647652303:,1747647655780
counter/4/0/0/0,3337:1747647652303:,1747647655781
counter/4/0/0/0,3338:1747647652303:,1747647655781
counter/1/0/0/0,3217:1747647652327:,1747647655781
counter/6/0/0/0,2987:1747647652345:,1747647655781
counter/4/0/0/0,3339:1747647652303:,1747647655781
counter/4/0/0/0,3340:1747647652303:,1747647655781
counter/4/0/0/0,3341:1747647652303:,1747647655781
counter/4/0/0/0,3342:1747647652303:,1747647655781
counter/4/0/0/0,3343:1747647652304:,1747647655781
counter/3/0/0/0,3328:1747647652316:,1747647655781
counter/9/0/0/0,3407:1747647652288:,1747647655781
counter/5/0/0/0,3186:1747647651894:,1747647655782
counter/3/0/0/0,3329:1747647652316:,1747647655782
counter/5/0/0/0,3187:1747647651894:,1747647655782
counter/9/0/0/0,3408:1747647652288:,1747647655782
counter/5/0/0/0,3188:1747647651898:,1747647655782
counter/9/0/0/0,3409:1747647652288:,1747647655784
counter/7/0/0/0,3039:1747647652241:,1747647655784
counter/3/0/0/0,3330:1747647652316:,1747647655784
counter/3/0/0/0,3331:1747647652316:,1747647655784
counter/3/0/0/0,3332:1747647652316:,1747647655784
counter/3/0/0/0,3333:1747647652316:,1747647655784
counter/3/0/0/0,3334:1747647652316:,1747647655784
counter/3/0/0/0,3335:1747647652317:,1747647655784
counter/3/0/0/0,3336:1747647652317:,1747647655784
counter/3/0/0/0,3337:1747647652317:,1747647655784
counter/3/0/0/0,3338:1747647652317:,1747647655784
counter/10/0/0/0,2914:1747647652235:,1747647655785
counter/10/0/0/0,2915:1747647652235:,1747647655785
counter/10/0/0/0,2916:1747647652235:,1747647655785
counter/10/0/0/0,2917:1747647652235:,1747647655785
counter/5/0/0/0,3189:1747647651898:,1747647655785
counter/5/0/0/0,3190:1747647651898:,1747647655785
counter/1/0/0/0,3218:1747647652327:,1747647655785
counter/5/0/0/0,3191:1747647651898:,1747647655785
counter/1/0/0/0,3219:1747647652327:,1747647655785
counter/1/0/0/0,3220:1747647652327:,1747647655785
counter/1/0/0/0,3221:1747647652327:,1747647655785
counter/1/0/0/0,3222:1747647652327:,1747647655785
counter/1/0/0/0,3223:1747647652327:,1747647655785
counter/1/0/0/0,3224:1747647652327:,1747647655785
counter/1/0/0/0,3225:1747647652327:,1747647655785
counter/1/0/0/0,3226:1747647652327:,1747647655785
counter/4/0/0/0,3344:1747647652304:,1747647655785
counter/7/0/0/0,3040:1747647652241:,1747647655785
counter/9/0/0/0,3410:1747647652288:,1747647655786
counter/9/0/0/0,3411:1747647652288:,1747647655786
counter/9/0/0/0,3412:1747647652288:,1747647655786
counter/9/0/0/0,3413:1747647652288:,1747647655786
counter/9/0/0/0,3414:1747647652288:,1747647655786
counter/9/0/0/0,3415:1747647652288:,1747647655786
counter/9/0/0/0,3416:1747647652288:,1747647655786
counter/3/0/0/0,3339:1747647652317:,1747647655786
counter/9/0/0/0,3417:1747647652288:,1747647655786
counter/4/0/0/0,3345:1747647652304:,1747647655786
counter/7/0/0/0,3041:1747647652241:,1747647655786
counter/1/0/0/0,3227:1747647652327:,1747647655788
counter/1/0/0/0,3228:1747647652328:,1747647655788
counter/1/0/0/0,3229:1747647652328:,1747647655788
counter/7/0/0/0,3042:1747647652241:,1747647655789
counter/1/0/0/0,3230:1747647652328:,1747647655789
counter/1/0/0/0,3231:1747647652328:,1747647655789
counter/1/0/0/0,3232:1747647652328:,1747647655789
counter/1/0/0/0,3233:1747647652328:,1747647655789
counter/2/0/0/0,2808:1747647651732:,1747647655790
counter/9/0/0/0,3418:1747647652288:,1747647655790
counter/3/0/0/0,3340:1747647652317:,1747647655790
counter/1/0/0/0,3234:1747647652328:,1747647655790
counter/1/0/0/0,3235:1747647652335:,1747647655790
counter/1/0/0/0,3236:1747647652335:,1747647655790
counter/1/0/0/0,3237:1747647652335:,1747647655790
counter/1/0/0/0,3238:1747647652335:,1747647655790
counter/10/0/0/0,2918:1747647652235:,1747647655790
counter/10/0/0/0,2919:1747647652235:,1747647655790
counter/10/0/0/0,2920:1747647652235:,1747647655790
counter/10/0/0/0,2921:1747647652235:,1747647655790
counter/10/0/0/0,2922:1747647652243:,1747647655790
counter/10/0/0/0,2923:1747647652243:,1747647655791
counter/10/0/0/0,2924:1747647652243:,1747647655791
counter/9/0/0/0,3419:1747647652288:,1747647655791
counter/9/0/0/0,3420:1747647652288:,1747647655791
counter/9/0/0/0,3421:1747647652288:,1747647655791
counter/9/0/0/0,3422:1747647652288:,1747647655791
counter/9/0/0/0,3423:1747647652288:,1747647655791
counter/9/0/0/0,3424:1747647652288:,1747647655792
counter/9/0/0/0,3425:1747647652288:,1747647655792
counter/9/0/0/0,3426:1747647652288:,1747647655792
counter/9/0/0/0,3427:1747647652288:,1747647655792
counter/9/0/0/0,3428:1747647652288:,1747647655792
counter/9/0/0/0,3429:1747647652288:,1747647655792
counter/5/0/0/0,3192:1747647651898:,1747647655794
counter/1/0/0/0,3239:1747647652335:,1747647655794
counter/2/0/0/0,2809:1747647651732:,1747647655796
counter/2/0/0/0,2810:1747647651732:,1747647655796
counter/8/0/0/0,3390:1747647652181:,1747647655796
counter/10/0/0/0,2925:1747647652243:,1747647655796
counter/2/0/0/0,2811:1747647651732:,1747647655797
counter/2/0/0/0,2812:1747647651734:,1747647655797
counter/2/0/0/0,2813:1747647651734:,1747647655797
counter/2/0/0/0,2814:1747647651734:,1747647655797
counter/2/0/0/0,2815:1747647651734:,1747647655797
counter/2/0/0/0,2816:1747647651734:,1747647655797
counter/9/0/0/0,3430:1747647652288:,1747647655797
counter/2/0/0/0,2817:1747647651734:,1747647655797
counter/6/0/0/0,2988:1747647652345:,1747647655797
counter/2/0/0/0,2818:1747647651734:,1747647655798
counter/9/0/0/0,3431:1747647652288:,1747647655798
counter/6/0/0/0,2989:1747647652345:,1747647655798
counter/6/0/0/0,2990:1747647652345:,1747647655798
counter/6/0/0/0,2991:1747647652345:,1747647655798
counter/6/0/0/0,2992:1747647652345:,1747647655798
counter/6/0/0/0,2993:1747647652345:,1747647655798
counter/6/0/0/0,2994:1747647652345:,1747647655799
counter/6/0/0/0,2995:1747647652345:,1747647655799
counter/7/0/0/0,3043:1747647652241:,1747647655799
counter/10/0/0/0,2926:1747647652243:,1747647655799
counter/8/0/0/0,3391:1747647652192:,1747647655799
counter/8/0/0/0,3392:1747647652192:,1747647655799
counter/1/0/0/0,3240:1747647652335:,1747647655799
counter/8/0/0/0,3393:1747647652192:,1747647655800
counter/8/0/0/0,3394:1747647652192:,1747647655800
counter/8/0/0/0,3395:1747647652192:,1747647655800
counter/2/0/0/0,2819:1747647651734:,1747647655800
counter/9/0/0/0,3432:1747647652288:,1747647655800
counter/4/0/0/0,3346:1747647652304:,1747647655800
counter/4/0/0/0,3347:1747647652304:,1747647655800
counter/4/0/0/0,3348:1747647652304:,1747647655800
counter/1/0/0/0,3241:1747647652335:,1747647655801
counter/4/0/0/0,3349:1747647652304:,1747647655801
counter/4/0/0/0,3350:1747647652304:,1747647655801
counter/4/0/0/0,3351:1747647652304:,1747647655801
counter/4/0/0/0,3352:1747647652304:,1747647655801
counter/10/0/0/0,2927:1747647652243:,1747647655801
counter/4/0/0/0,3353:1747647652307:,1747647655801
counter/4/0/0/0,3354:1747647652307:,1747647655801
counter/4/0/0/0,3355:1747647652308:,1747647655801
counter/7/0/0/0,3044:1747647652241:,1747647655801
counter/9/0/0/0,3433:1747647652288:,1747647655802
counter/3/0/0/0,3341:1747647652317:,1747647655802
counter/5/0/0/0,3193:1747647651898:,1747647655802
counter/6/0/0/0,2996:1747647652345:,1747647655802
counter/5/0/0/0,3194:1747647651898:,1747647655802
counter/6/0/0/0,2997:1747647652345:,1747647655802
counter/6/0/0/0,2998:1747647652346:,1747647655802
counter/6/0/0/0,2999:1747647652346:,1747647655802
counter/6/0/0/0,3000:1747647652347:,1747647655802
counter/6/0/0/0,3001:1747647652350:,1747647655802
counter/2/0/0/0,2820:1747647651734:,1747647655803
counter/2/0/0/0,2821:1747647651735:,1747647655803
counter/1/0/0/0,3242:1747647652335:,1747647655803
counter/1/0/0/0,3243:1747647652335:,1747647655803
counter/1/0/0/0,3244:1747647652335:,1747647655803
counter/5/0/0/0,3195:1747647651903:,1747647655803
counter/5/0/0/0,3196:1747647651903:,1747647655803
counter/4/0/0/0,3356:1747647652342:,1747647655804
counter/4/0/0/0,3357:1747647652342:,1747647655804
counter/4/0/0/0,3358:1747647652342:,1747647655804
counter/4/0/0/0,3359:1747647652342:,1747647655804
counter/4/0/0/0,3360:1747647652342:,1747647655804
counter/4/0/0/0,3361:1747647652349:,1747647655804
counter/4/0/0/0,3362:1747647652355:,1747647655804
counter/4/0/0/0,3363:1747647652355:,1747647655804
counter/7/0/0/0,3045:1747647652241:,1747647655804
counter/1/0/0/0,3245:1747647652335:,1747647655804
counter/7/0/0/0,3046:1747647652241:,1747647655804
counter/6/0/0/0,3002:1747647652350:,1747647655804
counter/8/0/0/0,3396:1747647652192:,1747647655804
counter/8/0/0/0,3397:1747647652192:,1747647655804
counter/8/0/0/0,3398:1747647652195:,1747647655804
counter/8/0/0/0,3399:1747647652195:,1747647655804
counter/9/0/0/0,3434:1747647652288:,1747647655804
counter/3/0/0/0,3342:1747647652317:,1747647655805
counter/9/0/0/0,3435:1747647652289:,1747647655805
counter/9/0/0/0,3436:1747647652289:,1747647655805
counter/9/0/0/0,3437:1747647652291:,1747647655806
counter/9/0/0/0,3438:1747647652291:,1747647655806
counter/10/0/0/0,2928:1747647652243:,1747647655806
counter/5/0/0/0,3197:1747647651903:,1747647655806
counter/1/0/0/0,3246:1747647652335:,1747647655806
counter/1/0/0/0,3247:1747647652336:,1747647655806
counter/1/0/0/0,3248:1747647652336:,1747647655806
counter/1/0/0/0,3249:1747647652336:,1747647655806
counter/1/0/0/0,3250:1747647652336:,1747647655806
counter/1/0/0/0,3251:1747647652336:,1747647655806
counter/1/0/0/0,3252:1747647652336:,1747647655806
counter/1/0/0/0,3253:1747647652336:,1747647655806
counter/1/0/0/0,3254:1747647652336:,1747647655806
counter/1/0/0/0,3255:1747647652336:,1747647655806
counter/1/0/0/0,3256:1747647652336:,1747647655806
counter/1/0/0/0,3257:1747647652336:,1747647655806
counter/1/0/0/0,3258:1747647652336:,1747647655806
counter/1/0/0/0,3259:1747647652336:,1747647655806
counter/1/0/0/0,3260:1747647652336:,1747647655806
counter/2/0/0/0,2822:1747647651735:,1747647655806
counter/2/0/0/0,2823:1747647651735:,1747647655807
counter/3/0/0/0,3343:1747647652317:,1747647655807
counter/1/0/0/0,3261:1747647652336:,1747647655807
counter/1/0/0/0,3262:1747647652336:,1747647655807
counter/1/0/0/0,3263:1747647652336:,1747647655807
counter/1/0/0/0,3264:1747647652336:,1747647655807
counter/1/0/0/0,3265:1747647652336:,1747647655808
counter/1/0/0/0,3266:1747647652336:,1747647655808
counter/1/0/0/0,3267:1747647652336:,1747647655808
counter/1/0/0/0,3268:1747647652336:,1747647655808
counter/1/0/0/0,3269:1747647652336:,1747647655808
counter/1/0/0/0,3270:1747647652336:,1747647655808
counter/1/0/0/0,3271:1747647652336:,1747647655808
counter/1/0/0/0,3272:1747647652336:,1747647655808
counter/10/0/0/0,2929:1747647652243:,1747647655808
counter/7/0/0/0,3047:1747647652241:,1747647655808
counter/7/0/0/0,3048:1747647652241:,1747647655808
counter/7/0/0/0,3049:1747647652242:,1747647655808
counter/7/0/0/0,3050:1747647652242:,1747647655808
counter/7/0/0/0,3051:1747647652242:,1747647655808
counter/7/0/0/0,3052:1747647652242:,1747647655808
counter/7/0/0/0,3053:1747647652242:,1747647655808
counter/7/0/0/0,3054:1747647652242:,1747647655808
counter/7/0/0/0,3055:1747647652242:,1747647655808
counter/7/0/0/0,3056:1747647652242:,1747647655808
counter/7/0/0/0,3057:1747647652242:,1747647655808
counter/7/0/0/0,3058:1747647652242:,1747647655808
counter/7/0/0/0,3059:1747647652242:,1747647655808
counter/7/0/0/0,3060:1747647652242:,1747647655808
counter/7/0/0/0,3061:1747647652243:,1747647655809
counter/7/0/0/0,3062:1747647652243:,1747647655809
counter/7/0/0/0,3063:1747647652244:,1747647655809
counter/10/0/0/0,2930:1747647652243:,1747647655809
counter/3/0/0/0,3344:1747647652317:,1747647655809
counter/3/0/0/0,3345:1747647652317:,1747647655809
counter/3/0/0/0,3346:1747647652317:,1747647655809
counter/3/0/0/0,3347:1747647652317:,1747647655809
counter/3/0/0/0,3348:1747647652317:,1747647655809
counter/7/0/0/0,3064:1747647652244:,1747647655809
counter/10/0/0/0,2931:1747647652243:,1747647655809
counter/10/0/0/0,2932:1747647652247:,1747647655809
counter/10/0/0/0,2933:1747647652247:,1747647655809
counter/10/0/0/0,2934:1747647652247:,1747647655809
counter/10/0/0/0,2935:1747647652247:,1747647655809
counter/10/0/0/0,2936:1747647652247:,1747647655809
counter/1/0/0/0,3273:1747647652336:,1747647655810
counter/8/0/0/0,3400:1747647652195:,1747647655810
counter/8/0/0/0,3401:1747647652195:,1747647655810
counter/10/0/0/0,2937:1747647652247:,1747647655810
counter/7/0/0/0,3065:1747647652244:,1747647655811
counter/4/0/0/0,3364:1747647652355:,1747647655812
counter/4/0/0/0,3365:1747647652356:,1747647655812
counter/4/0/0/0,3366:1747647652356:,1747647655812
counter/4/0/0/0,3367:1747647652356:,1747647655812
counter/4/0/0/0,3368:1747647652356:,1747647655812
counter/4/0/0/0,3369:1747647652356:,1747647655812
counter/4/0/0/0,3370:1747647652356:,1747647655812
counter/4/0/0/0,3371:1747647652356:,1747647655812
counter/4/0/0/0,3372:1747647652356:,1747647655812
counter/4/0/0/0,3373:1747647652360:,1747647655812
counter/10/0/0/0,2938:1747647652247:,1747647655812
counter/8/0/0/0,3402:1747647652195:,1747647655813
counter/4/0/0/0,3374:1747647652360:,1747647655813
counter/4/0/0/0,3375:1747647652360:,1747647655813
counter/4/0/0/0,3376:1747647652360:,1747647655813
counter/4/0/0/0,3377:1747647652360:,1747647655813
counter/3/0/0/0,3349:1747647652317:,1747647655814
counter/1/0/0/0,3274:1747647652336:,1747647655814
counter/1/0/0/0,3275:1747647652336:,1747647655815
counter/1/0/0/0,3276:1747647652336:,1747647655815
counter/1/0/0/0,3277:1747647652336:,1747647655815
counter/1/0/0/0,3278:1747647652336:,1747647655815
counter/9/0/0/0,3439:1747647652291:,1747647655815
counter/10/0/0/0,2939:1747647652247:,1747647655815
counter/9/0/0/0,3440:1747647652291:,1747647655817
counter/7/0/0/0,3066:1747647652244:,1747647655817
counter/10/0/0/0,2940:1747647652247:,1747647655817
counter/7/0/0/0,3067:1747647652244:,1747647655817
counter/5/0/0/0,3198:1747647651903:,1747647655817
counter/5/0/0/0,3199:1747647651903:,1747647655817
counter/5/0/0/0,3200:1747647651903:,1747647655817
counter/5/0/0/0,3201:1747647651903:,1747647655817
counter/5/0/0/0,3202:1747647651903:,1747647655817
counter/5/0/0/0,3203:1747647651903:,1747647655817
counter/10/0/0/0,2941:1747647652247:,1747647655817
counter/10/0/0/0,2942:1747647652247:,1747647655817
counter/8/0/0/0,3403:1747647652195:,1747647655817
counter/7/0/0/0,3068:1747647652244:,1747647655817
counter/10/0/0/0,2943:1747647652248:,1747647655819
counter/3/0/0/0,3350:1747647652317:,1747647655819
counter/7/0/0/0,3069:1747647652244:,1747647655820
counter/3/0/0/0,3351:1747647652317:,1747647655820
counter/8/0/0/0,3404:1747647652195:,1747647655820
counter/9/0/0/0,3441:1747647652291:,1747647655821
counter/9/0/0/0,3442:1747647652291:,1747647655821
counter/7/0/0/0,3070:1747647652250:,1747647655821
counter/3/0/0/0,3352:1747647652317:,1747647655822
counter/2/0/0/0,2824:1747647651736:,1747647655822
counter/4/0/0/0,3378:1747647652371:,1747647655822
counter/2/0/0/0,2825:1747647651736:,1747647655822
counter/9/0/0/0,3443:1747647652291:,1747647655822
counter/9/0/0/0,3444:1747647652291:,1747647655822
counter/9/0/0/0,3445:1747647652291:,1747647655822
counter/10/0/0/0,2944:1747647652252:,1747647655822
counter/3/0/0/0,3353:1747647652317:,1747647655822
counter/7/0/0/0,3071:1747647652250:,1747647655823
counter/2/0/0/0,2826:1747647651736:,1747647655825
counter/6/0/0/0,3003:1747647652350:,1747647655825
counter/2/0/0/0,2827:1747647651737:,1747647655825
counter/3/0/0/0,3354:1747647652317:,1747647655825
counter/2/0/0/0,2828:1747647651737:,1747647655825
counter/2/0/0/0,2829:1747647651737:,1747647655825
counter/3/0/0/0,3355:1747647652317:,1747647655825
counter/10/0/0/0,2945:1747647652252:,1747647655825
counter/6/0/0/0,3004:1747647652356:,1747647655827
counter/2/0/0/0,2830:1747647651737:,1747647655828
counter/2/0/0/0,2831:1747647651737:,1747647655830
counter/2/0/0/0,2832:1747647651737:,1747647655830
counter/2/0/0/0,2833:1747647651737:,1747647655830
counter/2/0/0/0,2834:1747647651737:,1747647655830
counter/9/0/0/0,3446:1747647652291:,1747647655830
counter/9/0/0/0,3447:1747647652303:,1747647655830
counter/9/0/0/0,3448:1747647652311:,1747647655830
counter/9/0/0/0,3449:1747647652339:,1747647655830
counter/9/0/0/0,3450:1747647652340:,1747647655830
counter/9/0/0/0,3451:1747647652344:,1747647655830
counter/9/0/0/0,3452:1747647652344:,1747647655830
counter/9/0/0/0,3453:1747647652344:,1747647655831
counter/9/0/0/0,3454:1747647652344:,1747647655831
counter/9/0/0/0,3455:1747647652344:,1747647655831
counter/9/0/0/0,3456:1747647652358:,1747647655831
counter/9/0/0/0,3457:1747647652358:,1747647655831
counter/9/0/0/0,3458:1747647652361:,1747647655831
counter/2/0/0/0,2835:1747647651737:,1747647655831
counter/2/0/0/0,2836:1747647651737:,1747647655831
counter/4/0/0/0,3379:1747647652371:,1747647655831
counter/1/0/0/0,3279:1747647652336:,1747647655831
counter/4/0/0/0,3380:1747647652371:,1747647655831
counter/4/0/0/0,3381:1747647652378:,1747647655832
counter/4/0/0/0,3382:1747647652378:,1747647655832
counter/8/0/0/0,3405:1747647652195:,1747647655832
counter/10/0/0/0,2946:1747647652252:,1747647655832
counter/5/0/0/0,3204:1747647651912:,1747647655832
counter/7/0/0/0,3072:1747647652250:,1747647655832
counter/5/0/0/0,3205:1747647651912:,1747647655832
counter/7/0/0/0,3073:1747647652250:,1747647655832
counter/7/0/0/0,3074:1747647652250:,1747647655832
counter/7/0/0/0,3075:1747647652250:,1747647655832
counter/2/0/0/0,2837:1747647651737:,1747647655832
counter/6/0/0/0,3005:1747647652360:,1747647655832
counter/6/0/0/0,3006:1747647652360:,1747647655832
counter/8/0/0/0,3406:1747647652195:,1747647655832
counter/6/0/0/0,3007:1747647652360:,1747647655832
counter/5/0/0/0,3206:1747647651912:,1747647655832
counter/6/0/0/0,3008:1747647652360:,1747647655833
counter/5/0/0/0,3207:1747647651912:,1747647655833
counter/9/0/0/0,3459:1747647652361:,1747647655833
counter/9/0/0/0,3460:1747647652361:,1747647655833
counter/7/0/0/0,3076:1747647652250:,1747647655833
counter/9/0/0/0,3461:1747647652367:,1747647655833
counter/8/0/0/0,3407:1747647652195:,1747647655833
counter/2/0/0/0,2838:1747647651737:,1747647655833
counter/2/0/0/0,2839:1747647651737:,1747647655833
counter/2/0/0/0,2840:1747647651737:,1747647655833
counter/5/0/0/0,3208:1747647651912:,1747647655833
counter/6/0/0/0,3009:1747647652361:,1747647655834
counter/10/0/0/0,2947:1747647652252:,1747647655834
counter/3/0/0/0,3356:1747647652317:,1747647655834
counter/3/0/0/0,3357:1747647652317:,1747647655834
counter/3/0/0/0,3358:1747647652317:,1747647655834
counter/3/0/0/0,3359:1747647652317:,1747647655834
counter/6/0/0/0,3010:1747647652361:,1747647655834
counter/6/0/0/0,3011:1747647652361:,1747647655834
counter/4/0/0/0,3383:1747647652378:,1747647655835
counter/4/0/0/0,3384:1747647652378:,1747647655835
counter/1/0/0/0,3280:1747647652336:,1747647655835
counter/1/0/0/0,3281:1747647652336:,1747647655835
counter/4/0/0/0,3385:1747647652378:,1747647655835
counter/8/0/0/0,3408:1747647652195:,1747647655835
counter/4/0/0/0,3386:1747647652388:,1747647655835
counter/10/0/0/0,2948:1747647652252:,1747647655835
counter/4/0/0/0,3387:1747647652388:,1747647655835
counter/4/0/0/0,3388:1747647652397:,1747647655835
counter/2/0/0/0,2841:1747647651737:,1747647655835
counter/4/0/0/0,3389:1747647652397:,1747647655836
counter/7/0/0/0,3077:1747647652250:,1747647655836
counter/6/0/0/0,3012:1747647652361:,1747647655836
counter/7/0/0/0,3078:1747647652259:,1747647655836
counter/5/0/0/0,3209:1747647651913:,1747647655836
counter/5/0/0/0,3210:1747647651915:,1747647655836
counter/5/0/0/0,3211:1747647651926:,1747647655836
counter/5/0/0/0,3212:1747647651926:,1747647655836
counter/6/0/0/0,3013:1747647652371:,1747647655837
counter/6/0/0/0,3014:1747647652372:,1747647655837
counter/6/0/0/0,3015:1747647652372:,1747647655837
counter/6/0/0/0,3016:1747647652372:,1747647655837
counter/6/0/0/0,3017:1747647652386:,1747647655837
counter/6/0/0/0,3018:1747647652386:,1747647655837
counter/6/0/0/0,3019:1747647652386:,1747647655837
counter/1/0/0/0,3282:1747647652336:,1747647655837
counter/8/0/0/0,3409:1747647652195:,1747647655837
counter/8/0/0/0,3410:1747647652195:,1747647655837
counter/3/0/0/0,3360:1747647652317:,1747647655837
counter/3/0/0/0,3361:1747647652318:,1747647655837
counter/8/0/0/0,3411:1747647652195:,1747647655837
counter/5/0/0/0,3213:1747647651926:,1747647655838
counter/4/0/0/0,3390:1747647652397:,1747647655838
counter/7/0/0/0,3079:1747647652278:,1747647655838
counter/4/0/0/0,3391:1747647652401:,1747647655838
counter/7/0/0/0,3080:1747647652278:,1747647655838
counter/9/0/0/0,3462:1747647652370:,1747647655838
counter/6/0/0/0,3020:1747647652389:,1747647655838
counter/10/0/0/0,2949:1747647652252:,1747647655838
counter/10/0/0/0,2950:1747647652252:,1747647655838
counter/8/0/0/0,3412:1747647652196:,1747647655838
counter/8/0/0/0,3413:1747647652196:,1747647655839
counter/8/0/0/0,3414:1747647652196:,1747647655839
counter/8/0/0/0,3415:1747647652196:,1747647655839
counter/8/0/0/0,3416:1747647652197:,1747647655839
counter/8/0/0/0,3417:1747647652197:,1747647655839
counter/8/0/0/0,3418:1747647652197:,1747647655839
counter/8/0/0/0,3419:1747647652198:,1747647655839
counter/8/0/0/0,3420:1747647652203:,1747647655839
counter/9/0/0/0,3463:1747647652371:,1747647655839
counter/1/0/0/0,3283:1747647652337:,1747647655839
counter/9/0/0/0,3464:1747647652371:,1747647655839
counter/4/0/0/0,3392:1747647652401:,1747647655839
counter/5/0/0/0,3214:1747647651927:,1747647655839
counter/2/0/0/0,2842:1747647651737:,1747647655839
counter/7/0/0/0,3081:1747647652278:,1747647655839
counter/2/0/0/0,2843:1747647651738:,1747647655839
counter/2/0/0/0,2844:1747647651738:,1747647655839
counter/4/0/0/0,3393:1747647652401:,1747647655840
counter/2/0/0/0,2845:1747647651738:,1747647655841
counter/2/0/0/0,2846:1747647651738:,1747647655841
counter/2/0/0/0,2847:1747647651738:,1747647655841
counter/2/0/0/0,2848:1747647651738:,1747647655841
counter/2/0/0/0,2849:1747647651738:,1747647655841
counter/2/0/0/0,2850:1747647651738:,1747647655841
counter/2/0/0/0,2851:1747647651738:,1747647655841
counter/2/0/0/0,2852:1747647651738:,1747647655841
counter/2/0/0/0,2853:1747647651738:,1747647655841
counter/2/0/0/0,2854:1747647651738:,1747647655841
counter/2/0/0/0,2855:1747647651738:,1747647655841
counter/2/0/0/0,2856:1747647651738:,1747647655841
counter/2/0/0/0,2857:1747647651738:,1747647655841
counter/9/0/0/0,3465:1747647652371:,1747647655841
counter/10/0/0/0,2951:1747647652252:,1747647655841
counter/3/0/0/0,3362:1747647652318:,1747647655842
counter/3/0/0/0,3363:1747647652318:,1747647655842
counter/3/0/0/0,3364:1747647652318:,1747647655842
counter/3/0/0/0,3365:1747647652318:,1747647655842
counter/3/0/0/0,3366:1747647652318:,1747647655842
counter/3/0/0/0,3367:1747647652318:,1747647655842
counter/3/0/0/0,3368:1747647652318:,1747647655842
counter/3/0/0/0,3369:1747647652318:,1747647655842
counter/3/0/0/0,3370:1747647652318:,1747647655842
counter/3/0/0/0,3371:1747647652318:,1747647655842
counter/3/0/0/0,3372:1747647652318:,1747647655842
counter/3/0/0/0,3373:1747647652318:,1747647655842
counter/5/0/0/0,3215:1747647651927:,1747647655845
counter/5/0/0/0,3216:1747647651927:,1747647655845
counter/5/0/0/0,3217:1747647651927:,1747647655845
counter/8/0/0/0,3421:1747647652203:,1747647655845
counter/5/0/0/0,3218:1747647651927:,1747647655845
counter/2/0/0/0,2858:1747647651738:,1747647655846
counter/8/0/0/0,3422:1747647652203:,1747647655846
counter/8/0/0/0,3423:1747647652203:,1747647655846
counter/8/0/0/0,3424:1747647652203:,1747647655846
counter/9/0/0/0,3466:1747647652371:,1747647655846
counter/4/0/0/0,3394:1747647652401:,1747647655846
counter/5/0/0/0,3219:1747647651927:,1747647655848
counter/2/0/0/0,2859:1747647651738:,1747647655850
counter/8/0/0/0,3425:1747647652203:,1747647655850
counter/6/0/0/0,3021:1747647652393:,1747647655850
counter/6/0/0/0,3022:1747647652393:,1747647655850
counter/4/0/0/0,3395:1747647652401:,1747647655850
counter/6/0/0/0,3023:1747647652394:,1747647655851
counter/4/0/0/0,3396:1747647652401:,1747647655851
counter/10/0/0/0,2952:1747647652252:,1747647655851
counter/4/0/0/0,3397:1747647652401:,1747647655851
counter/2/0/0/0,2860:1747647651738:,1747647655854
counter/7/0/0/0,3082:1747647652278:,1747647655854
counter/9/0/0/0,3467:1747647652371:,1747647655854
counter/9/0/0/0,3468:1747647652371:,1747647655855
counter/9/0/0/0,3469:1747647652371:,1747647655855
counter/4/0/0/0,3398:1747647652401:,1747647655856
counter/8/0/0/0,3426:1747647652205:,1747647655856
counter/7/0/0/0,3083:1747647652278:,1747647655858
counter/7/0/0/0,3084:1747647652278:,1747647655859
counter/5/0/0/0,3220:1747647651928:,1747647655859
counter/10/0/0/0,2953:1747647652252:,1747647655860
counter/5/0/0/0,3221:1747647651928:,1747647655860
counter/7/0/0/0,3085:1747647652279:,1747647655861
counter/4/0/0/0,3399:1747647652401:,1747647655863
counter/8/0/0/0,3427:1747647652205:,1747647655863
counter/9/0/0/0,3470:1747647652383:,1747647655863
counter/9/0/0/0,3471:1747647652383:,1747647655863
counter/7/0/0/0,3086:1747647652279:,1747647655863
counter/6/0/0/0,3024:1747647652394:,1747647655864
counter/2/0/0/0,2861:1747647651738:,1747647655864
counter/10/0/0/0,2954:1747647652253:,1747647655864
counter/10/0/0/0,2955:1747647652256:,1747647655864
counter/1/0/0/0,3284:1747647652337:,1747647655864
counter/4/0/0/0,3400:1747647652409:,1747647655864
counter/10/0/0/0,2956:1747647652256:,1747647655866
counter/4/0/0/0,3401:1747647652409:,1747647655867
counter/4/0/0/0,3402:1747647652409:,1747647655867
counter/4/0/0/0,3403:1747647652409:,1747647655867
counter/4/0/0/0,3404:1747647652409:,1747647655867
counter/4/0/0/0,3405:1747647652409:,1747647655867
counter/3/0/0/0,3374:1747647652318:,1747647655867
counter/3/0/0/0,3375:1747647652318:,1747647655867
counter/3/0/0/0,3376:1747647652318:,1747647655867
counter/5/0/0/0,3222:1747647651928:,1747647655867
counter/10/0/0/0,2957:1747647652256:,1747647655868
counter/10/0/0/0,2958:1747647652258:,1747647655868
counter/10/0/0/0,2959:1747647652258:,1747647655868
counter/10/0/0/0,2960:1747647652258:,1747647655868
counter/10/0/0/0,2961:1747647652287:,1747647655868
counter/10/0/0/0,2962:1747647652287:,1747647655868
counter/10/0/0/0,2963:1747647652287:,1747647655868
counter/9/0/0/0,3472:1747647652383:,1747647655869
counter/10/0/0/0,2964:1747647652287:,1747647655869
counter/9/0/0/0,3473:1747647652383:,1747647655869
counter/9/0/0/0,3474:1747647652398:,1747647655869
counter/4/0/0/0,3406:1747647652409:,1747647655869
counter/4/0/0/0,3407:1747647652409:,1747647655869
counter/4/0/0/0,3408:1747647652409:,1747647655869
counter/4/0/0/0,3409:1747647652409:,1747647655869
counter/8/0/0/0,3428:1747647652205:,1747647655869
counter/10/0/0/0,2965:1747647652287:,1747647655869
counter/7/0/0/0,3087:1747647652279:,1747647655869
counter/9/0/0/0,3475:1747647652398:,1747647655869
counter/9/0/0/0,3476:1747647652398:,1747647655869
counter/9/0/0/0,3477:1747647652398:,1747647655870
counter/9/0/0/0,3478:1747647652399:,1747647655870
counter/9/0/0/0,3479:1747647652400:,1747647655870
counter/9/0/0/0,3480:1747647652400:,1747647655870
counter/9/0/0/0,3481:1747647652400:,1747647655870
counter/9/0/0/0,3482:1747647652400:,1747647655870
counter/9/0/0/0,3483:1747647652400:,1747647655870
counter/5/0/0/0,3223:1747647651928:,1747647655870
counter/5/0/0/0,3224:1747647651928:,1747647655870
counter/4/0/0/0,3410:1747647652409:,1747647655870
counter/5/0/0/0,3225:1747647651928:,1747647655870
counter/4/0/0/0,3411:1747647652409:,1747647655870
counter/5/0/0/0,3226:1747647651934:,1747647655870
counter/5/0/0/0,3227:1747647651935:,1747647655870
counter/1/0/0/0,3285:1747647652337:,1747647655870
counter/1/0/0/0,3286:1747647652337:,1747647655871
counter/1/0/0/0,3287:1747647652337:,1747647655871
counter/1/0/0/0,3288:1747647652337:,1747647655871
counter/1/0/0/0,3289:1747647652337:,1747647655871
counter/1/0/0/0,3290:1747647652337:,1747647655871
counter/1/0/0/0,3291:1747647652337:,1747647655871
counter/1/0/0/0,3292:1747647652337:,1747647655871
counter/1/0/0/0,3293:1747647652337:,1747647655871
counter/1/0/0/0,3294:1747647652337:,1747647655871
counter/8/0/0/0,3429:1747647652205:,1747647655873
counter/5/0/0/0,3228:1747647651935:,1747647655873
counter/5/0/0/0,3229:1747647651935:,1747647655874
counter/7/0/0/0,3088:1747647652279:,1747647655874
counter/7/0/0/0,3089:1747647652279:,1747647655875
counter/7/0/0/0,3090:1747647652279:,1747647655875
counter/7/0/0/0,3091:1747647652279:,1747647655876
counter/7/0/0/0,3092:1747647652279:,1747647655876
counter/3/0/0/0,3377:1747647652318:,1747647655876
counter/7/0/0/0,3093:1747647652279:,1747647655876
counter/3/0/0/0,3378:1747647652318:,1747647655876
counter/7/0/0/0,3094:1747647652279:,1747647655876
counter/3/0/0/0,3379:1747647652318:,1747647655876
counter/7/0/0/0,3095:1747647652279:,1747647655876
counter/7/0/0/0,3096:1747647652279:,1747647655876
counter/7/0/0/0,3097:1747647652284:,1747647655876
counter/4/0/0/0,3412:1747647652409:,1747647655878
counter/9/0/0/0,3484:1747647652400:,1747647655878
counter/9/0/0/0,3485:1747647652400:,1747647655878
counter/10/0/0/0,2966:1747647652291:,1747647655879
counter/5/0/0/0,3230:1747647651951:,1747647655879
counter/6/0/0/0,3025:1747647652394:,1747647655879
counter/8/0/0/0,3430:1747647652205:,1747647655880
counter/4/0/0/0,3413:1747647652409:,1747647655880
counter/10/0/0/0,2967:1747647652291:,1747647655881
counter/1/0/0/0,3295:1747647652337:,1747647655882
counter/2/0/0/0,2862:1747647651738:,1747647655882
counter/4/0/0/0,3414:1747647652410:,1747647655883
counter/7/0/0/0,3098:1747647652284:,1747647655884
counter/7/0/0/0,3099:1747647652284:,1747647655884
counter/7/0/0/0,3100:1747647652284:,1747647655884
counter/7/0/0/0,3101:1747647652284:,1747647655884
counter/7/0/0/0,3102:1747647652284:,1747647655884
counter/7/0/0/0,3103:1747647652284:,1747647655884
counter/7/0/0/0,3104:1747647652284:,1747647655885
counter/7/0/0/0,3105:1747647652284:,1747647655885
counter/7/0/0/0,3106:1747647652285:,1747647655885
counter/7/0/0/0,3107:1747647652285:,1747647655885
counter/7/0/0/0,3108:1747647652285:,1747647655885
counter/7/0/0/0,3109:1747647652285:,1747647655885
counter/7/0/0/0,3110:1747647652285:,1747647655885
counter/7/0/0/0,3111:1747647652285:,1747647655885
counter/3/0/0/0,3380:1747647652323:,1747647655885
counter/9/0/0/0,3486:1747647652400:,1747647655885
counter/9/0/0/0,3487:1747647652400:,1747647655885
counter/9/0/0/0,3488:1747647652400:,1747647655885
counter/9/0/0/0,3489:1747647652400:,1747647655886
counter/10/0/0/0,2968:1747647652291:,1747647655886
counter/6/0/0/0,3026:1747647652395:,1747647655886
counter/2/0/0/0,2863:1747647651738:,1747647655887
counter/2/0/0/0,2864:1747647651738:,1747647655887
counter/7/0/0/0,3112:1747647652285:,1747647655887
counter/1/0/0/0,3296:1747647652343:,1747647655887
counter/4/0/0/0,3415:1747647652411:,1747647655888
counter/4/0/0/0,3416:1747647652411:,1747647655888
counter/4/0/0/0,3417:1747647652411:,1747647655888
counter/4/0/0/0,3418:1747647652411:,1747647655888
counter/4/0/0/0,3419:1747647652411:,1747647655889
counter/8/0/0/0,3431:1747647652205:,1747647655889
counter/10/0/0/0,2969:1747647652291:,1747647655889
counter/6/0/0/0,3027:1747647652412:,1747647655889
counter/6/0/0/0,3028:1747647652412:,1747647655889
counter/2/0/0/0,2865:1747647651739:,1747647655889
counter/2/0/0/0,2866:1747647651739:,1747647655889
counter/2/0/0/0,2867:1747647651739:,1747647655889
counter/7/0/0/0,3113:1747647652285:,1747647655890
counter/2/0/0/0,2868:1747647651739:,1747647655890
counter/4/0/0/0,3420:1747647652411:,1747647655892
counter/4/0/0/0,3421:1747647652411:,1747647655892
counter/4/0/0/0,3422:1747647652415:,1747647655892
counter/4/0/0/0,3423:1747647652415:,1747647655892
counter/4/0/0/0,3424:1747647652415:,1747647655892
counter/4/0/0/0,3425:1747647652415:,1747647655892
counter/1/0/0/0,3297:1747647652343:,1747647655892
counter/9/0/0/0,3490:1747647652400:,1747647655893
counter/7/0/0/0,3114:1747647652285:,1747647655893
counter/7/0/0/0,3115:1747647652285:,1747647655893
counter/7/0/0/0,3116:1747647652286:,1747647655893
counter/7/0/0/0,3117:1747647652286:,1747647655893
counter/9/0/0/0,3491:1747647652400:,1747647655894
counter/4/0/0/0,3426:1747647652415:,1747647655894
counter/4/0/0/0,3427:1747647652415:,1747647655894
counter/4/0/0/0,3428:1747647652422:,1747647655894
counter/4/0/0/0,3429:1747647652422:,1747647655894
counter/4/0/0/0,3430:1747647652422:,1747647655894
counter/4/0/0/0,3431:1747647652422:,1747647655894
counter/4/0/0/0,3432:1747647652426:,1747647655894
counter/4/0/0/0,3433:1747647652426:,1747647655894
counter/4/0/0/0,3434:1747647652426:,1747647655894
counter/4/0/0/0,3435:1747647652426:,1747647655894
counter/4/0/0/0,3436:1747647652426:,1747647655894
counter/4/0/0/0,3437:1747647652426:,1747647655895
counter/4/0/0/0,3438:1747647652427:,1747647655895
counter/4/0/0/0,3439:1747647652427:,1747647655895
counter/4/0/0/0,3440:1747647652427:,1747647655895
counter/6/0/0/0,3029:1747647652412:,1747647655895
counter/6/0/0/0,3030:1747647652412:,1747647655896
counter/6/0/0/0,3031:1747647652412:,1747647655896
counter/10/0/0/0,2970:1747647652291:,1747647655896
counter/2/0/0/0,2869:1747647651739:,1747647655896
counter/6/0/0/0,3032:1747647652412:,1747647655896
counter/6/0/0/0,3033:1747647652412:,1747647655896
counter/1/0/0/0,3298:1747647652343:,1747647655896
counter/1/0/0/0,3299:1747647652343:,1747647655896
counter/10/0/0/0,2971:1747647652291:,1747647655896
counter/9/0/0/0,3492:1747647652400:,1747647655896
counter/9/0/0/0,3493:1747647652400:,1747647655896
counter/9/0/0/0,3494:1747647652400:,1747647655896
counter/8/0/0/0,3432:1747647652205:,1747647655898
counter/8/0/0/0,3433:1747647652205:,1747647655898
counter/8/0/0/0,3434:1747647652205:,1747647655898
counter/8/0/0/0,3435:1747647652205:,1747647655898
counter/8/0/0/0,3436:1747647652208:,1747647655898
counter/8/0/0/0,3437:1747647652208:,1747647655898
counter/8/0/0/0,3438:1747647652208:,1747647655898
counter/8/0/0/0,3439:1747647652208:,1747647655898
counter/4/0/0/0,3441:1747647652427:,1747647655898
counter/4/0/0/0,3442:1747647652429:,1747647655898
counter/4/0/0/0,3443:1747647652429:,1747647655898
counter/10/0/0/0,2972:1747647652292:,1747647655898
counter/5/0/0/0,3231:1747647651966:,1747647655899
counter/1/0/0/0,3300:1747647652343:,1747647655900
counter/8/0/0/0,3440:1747647652208:,1747647655900
counter/9/0/0/0,3495:1747647652400:,1747647655900
counter/9/0/0/0,3496:1747647652400:,1747647655900
counter/2/0/0/0,2870:1747647651739:,1747647655901
counter/2/0/0/0,2871:1747647651739:,1747647655901
counter/1/0/0/0,3301:1747647652343:,1747647655901
counter/4/0/0/0,3444:1747647652429:,1747647655901
counter/4/0/0/0,3445:1747647652429:,1747647655901
counter/4/0/0/0,3446:1747647652429:,1747647655901
counter/4/0/0/0,3447:1747647652429:,1747647655901
counter/4/0/0/0,3448:1747647652429:,1747647655901
counter/4/0/0/0,3449:1747647652429:,1747647655901
counter/4/0/0/0,3450:1747647652429:,1747647655901
counter/4/0/0/0,3451:1747647652429:,1747647655901
counter/4/0/0/0,3452:1747647652429:,1747647655901
counter/4/0/0/0,3453:1747647652429:,1747647655901
counter/4/0/0/0,3454:1747647652429:,1747647655901
counter/4/0/0/0,3455:1747647652430:,1747647655902
counter/4/0/0/0,3456:1747647652432:,1747647655902
counter/4/0/0/0,3457:1747647652432:,1747647655902
counter/4/0/0/0,3458:1747647652432:,1747647655902
counter/6/0/0/0,3034:1747647652413:,1747647655902
counter/9/0/0/0,3497:1747647652400:,1747647655903
counter/9/0/0/0,3498:1747647652406:,1747647655903
counter/9/0/0/0,3499:1747647652407:,1747647655903
counter/9/0/0/0,3500:1747647652407:,1747647655903
counter/3/0/0/0,3381:1747647652323:,1747647655904
counter/9/0/0/0,3501:1747647652407:,1747647655904
counter/2/0/0/0,2872:1747647651739:,1747647655904
counter/2/0/0/0,2873:1747647651739:,1747647655904
counter/2/0/0/0,2874:1747647651739:,1747647655904
counter/2/0/0/0,2875:1747647651739:,1747647655904
counter/2/0/0/0,2876:1747647651739:,1747647655905
counter/2/0/0/0,2877:1747647651739:,1747647655905
counter/2/0/0/0,2878:1747647651739:,1747647655905
counter/2/0/0/0,2879:1747647651739:,1747647655905
counter/2/0/0/0,2880:1747647651739:,1747647655905
counter/4/0/0/0,3459:1747647652433:,1747647655905
counter/4/0/0/0,3460:1747647652433:,1747647655905
counter/4/0/0/0,3461:1747647652433:,1747647655905
counter/4/0/0/0,3462:1747647652433:,1747647655905
counter/4/0/0/0,3463:1747647652456:,1747647655905
counter/4/0/0/0,3464:1747647652456:,1747647655905
counter/4/0/0/0,3465:1747647652456:,1747647655906
counter/4/0/0/0,3466:1747647652456:,1747647655906
counter/2/0/0/0,2881:1747647651739:,1747647655906
counter/4/0/0/0,3467:1747647652458:,1747647655906
counter/5/0/0/0,3232:1747647651966:,1747647655906
counter/6/0/0/0,3035:1747647652421:,1747647655906
counter/4/0/0/0,3468:1747647652458:,1747647655908
counter/10/0/0/0,2973:1747647652292:,1747647655908
counter/10/0/0/0,2974:1747647652292:,1747647655908
counter/10/0/0/0,2975:1747647652292:,1747647655908
counter/10/0/0/0,2976:1747647652292:,1747647655908
counter/10/0/0/0,2977:1747647652292:,1747647655908
counter/10/0/0/0,2978:1747647652292:,1747647655908
counter/10/0/0/0,2979:1747647652292:,1747647655908
counter/10/0/0/0,2980:1747647652293:,1747647655908
counter/10/0/0/0,2981:1747647652293:,1747647655908
counter/10/0/0/0,2982:1747647652293:,1747647655908
counter/10/0/0/0,2983:1747647652296:,1747647655908
counter/8/0/0/0,3441:1747647652208:,1747647655908
counter/10/0/0/0,2984:1747647652297:,1747647655908
counter/10/0/0/0,2985:1747647652297:,1747647655908
counter/9/0/0/0,3502:1747647652419:,1747647655909
counter/9/0/0/0,3503:1747647652419:,1747647655909
counter/7/0/0/0,3118:1747647652286:,1747647655909
counter/7/0/0/0,3119:1747647652286:,1747647655909
counter/7/0/0/0,3120:1747647652286:,1747647655909
counter/7/0/0/0,3121:1747647652286:,1747647655909
counter/7/0/0/0,3122:1747647652286:,1747647655909
counter/7/0/0/0,3123:1747647652286:,1747647655909
counter/7/0/0/0,3124:1747647652286:,1747647655909
counter/7/0/0/0,3125:1747647652286:,1747647655909
counter/7/0/0/0,3126:1747647652286:,1747647655909
counter/7/0/0/0,3127:1747647652286:,1747647655909
counter/2/0/0/0,2882:1747647651739:,1747647655909
counter/9/0/0/0,3504:1747647652419:,1747647655909
counter/4/0/0/0,3469:1747647652458:,1747647655912
counter/4/0/0/0,3470:1747647652458:,1747647655912
counter/8/0/0/0,3442:1747647652208:,1747647655912
counter/4/0/0/0,3471:1747647652459:,1747647655912
counter/4/0/0/0,3472:1747647652459:,1747647655912
counter/4/0/0/0,3473:1747647652459:,1747647655912
counter/4/0/0/0,3474:1747647652459:,1747647655912
counter/4/0/0/0,3475:1747647652459:,1747647655912
counter/2/0/0/0,2883:1747647651739:,1747647655914
counter/2/0/0/0,2884:1747647651739:,1747647655914
counter/2/0/0/0,2885:1747647651739:,1747647655914
counter/5/0/0/0,3233:1747647651966:,1747647655915
counter/3/0/0/0,3382:1747647652323:,1747647655915
counter/6/0/0/0,3036:1747647652421:,1747647655915
counter/6/0/0/0,3037:1747647652422:,1747647655915
counter/6/0/0/0,3038:1747647652422:,1747647655915
counter/6/0/0/0,3039:1747647652422:,1747647655915
counter/6/0/0/0,3040:1747647652422:,1747647655915
counter/6/0/0/0,3041:1747647652422:,1747647655915
counter/6/0/0/0,3042:1747647652422:,1747647655916
counter/1/0/0/0,3302:1747647652343:,1747647655916
counter/1/0/0/0,3303:1747647652343:,1747647655916
counter/6/0/0/0,3043:1747647652422:,1747647655916
counter/1/0/0/0,3304:1747647652353:,1747647655916
counter/1/0/0/0,3305:1747647652353:,1747647655916
counter/1/0/0/0,3306:1747647652353:,1747647655916
counter/1/0/0/0,3307:1747647652353:,1747647655916
counter/1/0/0/0,3308:1747647652353:,1747647655916
counter/1/0/0/0,3309:1747647652356:,1747647655916
counter/1/0/0/0,3310:1747647652372:,1747647655916
counter/1/0/0/0,3311:1747647652372:,1747647655916
counter/1/0/0/0,3312:1747647652372:,1747647655916
counter/1/0/0/0,3313:1747647652372:,1747647655916
counter/2/0/0/0,2886:1747647651739:,1747647655918
counter/4/0/0/0,3476:1747647652459:,1747647655918
counter/1/0/0/0,3314:1747647652372:,1747647655918
counter/10/0/0/0,2986:1747647652297:,1747647655919
counter/6/0/0/0,3044:1747647652423:,1747647655919
counter/10/0/0/0,2987:1747647652297:,1747647655919
counter/3/0/0/0,3383:1747647652323:,1747647655920
counter/3/0/0/0,3384:1747647652323:,1747647655920
counter/3/0/0/0,3385:1747647652323:,1747647655920
counter/3/0/0/0,3386:1747647652323:,1747647655920
counter/5/0/0/0,3234:1747647651967:,1747647655920
counter/7/0/0/0,3128:1747647652286:,1747647655921
counter/10/0/0/0,2988:1747647652297:,1747647655921
counter/6/0/0/0,3045:1747647652423:,1747647655921
counter/1/0/0/0,3315:1747647652372:,1747647655921
counter/2/0/0/0,2887:1747647651739:,1747647655922
counter/1/0/0/0,3316:1747647652376:,1747647655922
counter/3/0/0/0,3387:1747647652323:,1747647655922
counter/3/0/0/0,3388:1747647652323:,1747647655922
counter/3/0/0/0,3389:1747647652323:,1747647655922
counter/7/0/0/0,3129:1747647652286:,1747647655923
counter/6/0/0/0,3046:1747647652423:,1747647655923
counter/6/0/0/0,3047:1747647652423:,1747647655923
counter/6/0/0/0,3048:1747647652424:,1747647655923
counter/6/0/0/0,3049:1747647652424:,1747647655923
counter/1/0/0/0,3317:1747647652376:,1747647655923
counter/1/0/0/0,3318:1747647652376:,1747647655923
counter/1/0/0/0,3319:1747647652379:,1747647655923
counter/1/0/0/0,3320:1747647652379:,1747647655923
counter/1/0/0/0,3321:1747647652379:,1747647655923
counter/1/0/0/0,3322:1747647652379:,1747647655923
counter/8/0/0/0,3443:1747647652208:,1747647655923
counter/9/0/0/0,3505:1747647652419:,1747647655923
counter/9/0/0/0,3506:1747647652436:,1747647655923
counter/9/0/0/0,3507:1747647652436:,1747647655923
counter/9/0/0/0,3508:1747647652437:,1747647655923
counter/9/0/0/0,3509:1747647652437:,1747647655923
counter/4/0/0/0,3477:1747647652459:,1747647655924
counter/5/0/0/0,3235:1747647651967:,1747647655924
counter/5/0/0/0,3236:1747647651967:,1747647655924
counter/5/0/0/0,3237:1747647651967:,1747647655924
counter/5/0/0/0,3238:1747647651967:,1747647655924
counter/4/0/0/0,3478:1747647652459:,1747647655925
counter/4/0/0/0,3479:1747647652486:,1747647655925
counter/4/0/0/0,3480:1747647652487:,1747647655925
counter/4/0/0/0,3481:1747647652491:,1747647655925
counter/9/0/0/0,3510:1747647652437:,1747647655925
counter/9/0/0/0,3511:1747647652438:,1747647655925
counter/9/0/0/0,3512:1747647652438:,1747647655925
counter/8/0/0/0,3444:1747647652210:,1747647655927
counter/4/0/0/0,3482:1747647652491:,1747647655927
counter/4/0/0/0,3483:1747647652491:,1747647655927
counter/4/0/0/0,3484:1747647652491:,1747647655927
counter/4/0/0/0,3485:1747647652491:,1747647655927
counter/4/0/0/0,3486:1747647652491:,1747647655927
counter/4/0/0/0,3487:1747647652491:,1747647655927
counter/4/0/0/0,3488:1747647652491:,1747647655928
counter/4/0/0/0,3489:1747647652491:,1747647655928
counter/2/0/0/0,2888:1747647651739:,1747647655928
counter/4/0/0/0,3490:1747647652491:,1747647655928
counter/2/0/0/0,2889:1747647651739:,1747647655928
counter/7/0/0/0,3130:1747647652286:,1747647655928
counter/7/0/0/0,3131:1747647652286:,1747647655928
counter/7/0/0/0,3132:1747647652286:,1747647655928
counter/7/0/0/0,3133:1747647652286:,1747647655928
counter/7/0/0/0,3134:1747647652286:,1747647655928
counter/7/0/0/0,3135:1747647652286:,1747647655929
counter/7/0/0/0,3136:1747647652286:,1747647655929
counter/7/0/0/0,3137:1747647652286:,1747647655929
counter/7/0/0/0,3138:1747647652286:,1747647655929
counter/7/0/0/0,3139:1747647652286:,1747647655929
counter/7/0/0/0,3140:1747647652290:,1747647655929
counter/7/0/0/0,3141:1747647652293:,1747647655929
counter/5/0/0/0,3239:1747647651967:,1747647655929
counter/5/0/0/0,3240:1747647651967:,1747647655929
counter/5/0/0/0,3241:1747647651967:,1747647655929
counter/5/0/0/0,3242:1747647651967:,1747647655929
counter/9/0/0/0,3513:1747647652438:,1747647655929
counter/4/0/0/0,3491:1747647652491:,1747647655930
counter/2/0/0/0,2890:1747647651739:,1747647655930
counter/1/0/0/0,3323:1747647652379:,1747647655930
counter/1/0/0/0,3324:1747647652379:,1747647655930
counter/1/0/0/0,3325:1747647652379:,1747647655930
counter/10/0/0/0,2989:1747647652297:,1747647655930
counter/3/0/0/0,3390:1747647652323:,1747647655930
counter/7/0/0/0,3142:1747647652294:,1747647655930
counter/7/0/0/0,3143:1747647652294:,1747647655930
counter/7/0/0/0,3144:1747647652294:,1747647655930
counter/7/0/0/0,3145:1747647652294:,1747647655930
counter/7/0/0/0,3146:1747647652294:,1747647655930
counter/8/0/0/0,3445:1747647652210:,1747647655930
counter/6/0/0/0,3050:1747647652424:,1747647655930
counter/6/0/0/0,3051:1747647652424:,1747647655930
counter/5/0/0/0,3243:1747647651968:,1747647655930
counter/7/0/0/0,3147:1747647652294:,1747647655930
counter/7/0/0/0,3148:1747647652294:,1747647655930
counter/7/0/0/0,3149:1747647652294:,1747647655931
counter/7/0/0/0,3150:1747647652295:,1747647655931
counter/8/0/0/0,3446:1747647652210:,1747647655931
counter/5/0/0/0,3244:1747647651968:,1747647655931
counter/8/0/0/0,3447:1747647652210:,1747647655931
counter/2/0/0/0,2891:1747647651739:,1747647655932
counter/4/0/0/0,3492:1747647652491:,1747647655932
counter/8/0/0/0,3448:1747647652210:,1747647655932
counter/8/0/0/0,3449:1747647652210:,1747647655932
counter/8/0/0/0,3450:1747647652210:,1747647655932
counter/8/0/0/0,3451:1747647652215:,1747647655932
counter/8/0/0/0,3452:1747647652215:,1747647655933
counter/8/0/0/0,3453:1747647652215:,1747647655933
counter/8/0/0/0,3454:1747647652215:,1747647655933
counter/8/0/0/0,3455:1747647652215:,1747647655933
counter/8/0/0/0,3456:1747647652215:,1747647655933
counter/8/0/0/0,3457:1747647652215:,1747647655933
counter/9/0/0/0,3514:1747647652439:,1747647655933
counter/5/0/0/0,3245:1747647651968:,1747647655933
counter/9/0/0/0,3515:1747647652439:,1747647655933
counter/5/0/0/0,3246:1747647651968:,1747647655933
counter/5/0/0/0,3247:1747647651968:,1747647655933
counter/9/0/0/0,3516:1747647652439:,1747647655934
counter/4/0/0/0,3493:1747647652495:,1747647655934
counter/5/0/0/0,3248:1747647651968:,1747647655934
counter/4/0/0/0,3494:1747647652495:,1747647655934
counter/5/0/0/0,3249:1747647651968:,1747647655934
counter/5/0/0/0,3250:1747647651968:,1747647655935
counter/5/0/0/0,3251:1747647651977:,1747647655935
counter/5/0/0/0,3252:1747647651979:,1747647655935
counter/2/0/0/0,2892:1747647651740:,1747647655935
counter/2/0/0/0,2893:1747647651740:,1747647655935
counter/2/0/0/0,2894:1747647651740:,1747647655935
counter/2/0/0/0,2895:1747647651740:,1747647655935
counter/2/0/0/0,2896:1747647651740:,1747647655935
counter/10/0/0/0,2990:1747647652297:,1747647655935
counter/10/0/0/0,2991:1747647652298:,1747647655936
counter/10/0/0/0,2992:1747647652298:,1747647655936
counter/10/0/0/0,2993:1747647652298:,1747647655936
counter/2/0/0/0,2897:1747647651740:,1747647655936
counter/2/0/0/0,2898:1747647651740:,1747647655936
counter/2/0/0/0,2899:1747647651740:,1747647655936
counter/2/0/0/0,2900:1747647651740:,1747647655936
counter/2/0/0/0,2901:1747647651740:,1747647655936
counter/2/0/0/0,2902:1747647651740:,1747647655936
counter/3/0/0/0,3391:1747647652323:,1747647655936
counter/7/0/0/0,3151:1747647652295:,1747647655936
counter/6/0/0/0,3052:1747647652424:,1747647655938
counter/6/0/0/0,3053:1747647652424:,1747647655938
counter/6/0/0/0,3054:1747647652424:,1747647655938
counter/6/0/0/0,3055:1747647652431:,1747647655938
counter/6/0/0/0,3056:1747647652437:,1747647655938
counter/6/0/0/0,3057:1747647652437:,1747647655938
counter/6/0/0/0,3058:1747647652437:,1747647655938
counter/2/0/0/0,2903:1747647651740:,1747647655938
counter/6/0/0/0,3059:1747647652437:,1747647655938
counter/2/0/0/0,2904:1747647651740:,1747647655938
counter/2/0/0/0,2905:1747647651741:,1747647655938
counter/2/0/0/0,2906:1747647651741:,1747647655938
counter/2/0/0/0,2907:1747647651741:,1747647655938
counter/8/0/0/0,3458:1747647652215:,1747647655938
counter/2/0/0/0,2908:1747647651741:,1747647655938
counter/10/0/0/0,2994:1747647652298:,1747647655938
counter/2/0/0/0,2909:1747647651741:,1747647655939
counter/10/0/0/0,2995:1747647652298:,1747647655939
counter/10/0/0/0,2996:1747647652298:,1747647655939
counter/10/0/0/0,2997:1747647652298:,1747647655939
counter/10/0/0/0,2998:1747647652298:,1747647655939
counter/5/0/0/0,3253:1747647651979:,1747647655939
counter/6/0/0/0,3060:1747647652437:,1747647655939
counter/6/0/0/0,3061:1747647652437:,1747647655939
counter/1/0/0/0,3326:1747647652379:,1747647655939
counter/7/0/0/0,3152:1747647652295:,1747647655939
counter/2/0/0/0,2910:1747647651741:,1747647655939
counter/2/0/0/0,2911:1747647651741:,1747647655939
counter/2/0/0/0,2912:1747647651741:,1747647655939
counter/2/0/0/0,2913:1747647651741:,1747647655939
counter/2/0/0/0,2914:1747647651741:,1747647655939
counter/2/0/0/0,2915:1747647651741:,1747647655939
counter/2/0/0/0,2916:1747647651741:,1747647655939
counter/2/0/0/0,2917:1747647651741:,1747647655939
counter/2/0/0/0,2918:1747647651741:,1747647655940
counter/9/0/0/0,3517:1747647652439:,1747647655940
counter/4/0/0/0,3495:1747647652495:,1747647655940
counter/7/0/0/0,3153:1747647652295:,1747647655940
counter/3/0/0/0,3392:1747647652323:,1747647655941
counter/3/0/0/0,3393:1747647652323:,1747647655941
counter/3/0/0/0,3394:1747647652324:,1747647655941
counter/3/0/0/0,3395:1747647652324:,1747647655941
counter/3/0/0/0,3396:1747647652324:,1747647655941
counter/3/0/0/0,3397:1747647652324:,1747647655941
counter/3/0/0/0,3398:1747647652324:,1747647655941
counter/3/0/0/0,3399:1747647652324:,1747647655941
counter/3/0/0/0,3400:1747647652324:,1747647655941
counter/3/0/0/0,3401:1747647652324:,1747647655941
counter/3/0/0/0,3402:1747647652324:,1747647655941
counter/3/0/0/0,3403:1747647652324:,1747647655941
counter/3/0/0/0,3404:1747647652324:,1747647655941
counter/3/0/0/0,3405:1747647652324:,1747647655941
counter/7/0/0/0,3154:1747647652295:,1747647655941
counter/7/0/0/0,3155:1747647652295:,1747647655941
counter/7/0/0/0,3156:1747647652295:,1747647655942
counter/7/0/0/0,3157:1747647652295:,1747647655942
counter/7/0/0/0,3158:1747647652295:,1747647655942
counter/7/0/0/0,3159:1747647652295:,1747647655942
counter/2/0/0/0,2919:1747647651741:,1747647655942
counter/7/0/0/0,3160:1747647652295:,1747647655942
counter/6/0/0/0,3062:1747647652450:,1747647655942
counter/10/0/0/0,2999:1747647652298:,1747647655944
counter/4/0/0/0,3496:1747647652495:,1747647655944
counter/4/0/0/0,3497:1747647652495:,1747647655944
counter/9/0/0/0,3518:1747647652439:,1747647655944
counter/1/0/0/0,3327:1747647652379:,1747647655944
counter/9/0/0/0,3519:1747647652439:,1747647655944
counter/9/0/0/0,3520:1747647652439:,1747647655945
counter/2/0/0/0,2920:1747647651741:,1747647655946
counter/3/0/0/0,3406:1747647652324:,1747647655946
counter/1/0/0/0,3328:1747647652379:,1747647655947
counter/10/0/0/0,3000:1747647652298:,1747647655948
counter/10/0/0/0,3001:1747647652298:,1747647655948
counter/10/0/0/0,3002:1747647652298:,1747647655948
counter/10/0/0/0,3003:1747647652298:,1747647655948
counter/10/0/0/0,3004:1747647652298:,1747647655948
counter/1/0/0/0,3329:1747647652379:,1747647655948
counter/9/0/0/0,3521:1747647652439:,1747647655948
counter/3/0/0/0,3407:1747647652324:,1747647655948
counter/3/0/0/0,3408:1747647652324:,1747647655948
counter/3/0/0/0,3409:1747647652324:,1747647655948
counter/3/0/0/0,3410:1747647652324:,1747647655948
counter/3/0/0/0,3411:1747647652324:,1747647655948
counter/3/0/0/0,3412:1747647652324:,1747647655948
counter/3/0/0/0,3413:1747647652324:,1747647655948
counter/3/0/0/0,3414:1747647652324:,1747647655948
counter/3/0/0/0,3415:1747647652330:,1747647655948
counter/3/0/0/0,3416:1747647652330:,1747647655948
counter/3/0/0/0,3417:1747647652330:,1747647655948
counter/3/0/0/0,3418:1747647652330:,1747647655949
counter/3/0/0/0,3419:1747647652331:,1747647655949
counter/3/0/0/0,3420:1747647652331:,1747647655949
counter/3/0/0/0,3421:1747647652331:,1747647655949
counter/3/0/0/0,3422:1747647652331:,1747647655949
counter/9/0/0/0,3522:1747647652439:,1747647655949
counter/3/0/0/0,3423:1747647652331:,1747647655949
counter/4/0/0/0,3498:1747647652495:,1747647655949
counter/4/0/0/0,3499:1747647652495:,1747647655949
counter/4/0/0/0,3500:1747647652495:,1747647655949
counter/8/0/0/0,3459:1747647652215:,1747647655949
counter/4/0/0/0,3501:1747647652495:,1747647655950
counter/8/0/0/0,3460:1747647652215:,1747647655950
counter/8/0/0/0,3461:1747647652215:,1747647655950
counter/8/0/0/0,3462:1747647652215:,1747647655950
counter/8/0/0/0,3463:1747647652215:,1747647655950
counter/9/0/0/0,3523:1747647652445:,1747647655951
counter/6/0/0/0,3063:1747647652486:,1747647655951
counter/9/0/0/0,3524:1747647652445:,1747647655952
counter/1/0/0/0,3330:1747647652379:,1747647655952
counter/1/0/0/0,3331:1747647652379:,1747647655952
counter/1/0/0/0,3332:1747647652379:,1747647655952
counter/7/0/0/0,3161:1747647652295:,1747647655952
counter/9/0/0/0,3525:1747647652445:,1747647655952
counter/9/0/0/0,3526:1747647652445:,1747647655953
counter/9/0/0/0,3527:1747647652445:,1747647655953
counter/5/0/0/0,3254:1747647651979:,1747647655953
counter/5/0/0/0,3255:1747647651979:,1747647655953
counter/5/0/0/0,3256:1747647651979:,1747647655953
counter/5/0/0/0,3257:1747647651979:,1747647655953
counter/2/0/0/0,2921:1747647651741:,1747647655953
counter/3/0/0/0,3424:1747647652331:,1747647655953
counter/1/0/0/0,3333:1747647652379:,1747647655955
counter/10/0/0/0,3005:1747647652298:,1747647655955
counter/10/0/0/0,3006:1747647652298:,1747647655956
counter/10/0/0/0,3007:1747647652298:,1747647655956
counter/10/0/0/0,3008:1747647652298:,1747647655956
counter/10/0/0/0,3009:1747647652298:,1747647655956
counter/10/0/0/0,3010:1747647652298:,1747647655956
counter/10/0/0/0,3011:1747647652298:,1747647655956
counter/10/0/0/0,3012:1747647652298:,1747647655956
counter/10/0/0/0,3013:1747647652299:,1747647655956
counter/10/0/0/0,3014:1747647652299:,1747647655956
counter/10/0/0/0,3015:1747647652300:,1747647655956
counter/10/0/0/0,3016:1747647652300:,1747647655956
counter/10/0/0/0,3017:1747647652300:,1747647655956
counter/10/0/0/0,3018:1747647652300:,1747647655956
counter/10/0/0/0,3019:1747647652300:,1747647655956
counter/7/0/0/0,3162:1747647652295:,1747647655956
counter/1/0/0/0,3334:1747647652379:,1747647655956
counter/7/0/0/0,3163:1747647652300:,1747647655956
counter/2/0/0/0,2922:1747647651741:,1747647655956
counter/9/0/0/0,3528:1747647652445:,1747647655957
counter/3/0/0/0,3425:1747647652331:,1747647655957
counter/9/0/0/0,3529:1747647652445:,1747647655958
counter/8/0/0/0,3464:1747647652215:,1747647655958
counter/9/0/0/0,3530:1747647652445:,1747647655958
counter/9/0/0/0,3531:1747647652445:,1747647655958
counter/9/0/0/0,3532:1747647652445:,1747647655958
counter/5/0/0/0,3258:1747647651979:,1747647655958
counter/5/0/0/0,3259:1747647651979:,1747647655958
counter/4/0/0/0,3502:1747647652495:,1747647655958
counter/10/0/0/0,3020:1747647652300:,1747647655958
counter/4/0/0/0,3503:1747647652495:,1747647655958
counter/7/0/0/0,3164:1747647652300:,1747647655958
counter/2/0/0/0,2923:1747647651741:,1747647655961
counter/3/0/0/0,3426:1747647652331:,1747647655961
counter/3/0/0/0,3427:1747647652331:,1747647655962
counter/3/0/0/0,3428:1747647652331:,1747647655962
counter/3/0/0/0,3429:1747647652331:,1747647655962
counter/3/0/0/0,3430:1747647652331:,1747647655962
counter/3/0/0/0,3431:1747647652331:,1747647655962
counter/3/0/0/0,3432:1747647652331:,1747647655962
counter/3/0/0/0,3433:1747647652331:,1747647655962
counter/3/0/0/0,3434:1747647652332:,1747647655962
counter/3/0/0/0,3435:1747647652332:,1747647655962
counter/3/0/0/0,3436:1747647652332:,1747647655962
counter/3/0/0/0,3437:1747647652332:,1747647655962
counter/3/0/0/0,3438:1747647652332:,1747647655962
counter/3/0/0/0,3439:1747647652332:,1747647655962
counter/3/0/0/0,3440:1747647652332:,1747647655962
counter/3/0/0/0,3441:1747647652332:,1747647655962
counter/3/0/0/0,3442:1747647652332:,1747647655962
counter/3/0/0/0,3443:1747647652332:,1747647655962
counter/3/0/0/0,3444:1747647652333:,1747647655962
counter/3/0/0/0,3445:1747647652339:,1747647655963
counter/3/0/0/0,3446:1747647652339:,1747647655963
counter/3/0/0/0,3447:1747647652339:,1747647655963
counter/3/0/0/0,3448:1747647652339:,1747647655963
counter/5/0/0/0,3260:1747647651979:,1747647655963
counter/7/0/0/0,3165:1747647652300:,1747647655963
counter/7/0/0/0,3166:1747647652300:,1747647655963
counter/7/0/0/0,3167:1747647652300:,1747647655963
counter/7/0/0/0,3168:1747647652300:,1747647655963
counter/7/0/0/0,3169:1747647652300:,1747647655963
counter/7/0/0/0,3170:1747647652300:,1747647655963
counter/3/0/0/0,3449:1747647652339:,1747647655963
counter/9/0/0/0,3533:1747647652445:,1747647655963
counter/9/0/0/0,3534:1747647652445:,1747647655964
counter/5/0/0/0,3261:1747647651979:,1747647655964
counter/4/0/0/0,3504:1747647652495:,1747647655965
counter/8/0/0/0,3465:1747647652215:,1747647655965
counter/4/0/0/0,3505:1747647652496:,1747647655965
counter/4/0/0/0,3506:1747647652496:,1747647655965
counter/4/0/0/0,3507:1747647652510:,1747647655965
counter/4/0/0/0,3508:1747647652510:,1747647655965
counter/4/0/0/0,3509:1747647652510:,1747647655965
counter/9/0/0/0,3535:1747647652445:,1747647655965
counter/9/0/0/0,3536:1747647652445:,1747647655967
counter/9/0/0/0,3537:1747647652458:,1747647655967
counter/9/0/0/0,3538:1747647652458:,1747647655967
counter/9/0/0/0,3539:1747647652458:,1747647655967
counter/7/0/0/0,3171:1747647652300:,1747647655967
counter/4/0/0/0,3510:1747647652510:,1747647655968
counter/6/0/0/0,3064:1747647652486:,1747647655968
counter/2/0/0/0,2924:1747647651741:,1747647655968
counter/9/0/0/0,3540:1747647652458:,1747647655969
counter/9/0/0/0,3541:1747647652458:,1747647655969
counter/9/0/0/0,3542:1747647652458:,1747647655969
counter/6/0/0/0,3065:1747647652486:,1747647655969
counter/9/0/0/0,3543:1747647652458:,1747647655970
counter/2/0/0/0,2925:1747647651741:,1747647655972
counter/2/0/0/0,2926:1747647651741:,1747647655972
counter/2/0/0/0,2927:1747647651741:,1747647655973
counter/2/0/0/0,2928:1747647651741:,1747647655973
counter/2/0/0/0,2929:1747647651741:,1747647655973
counter/6/0/0/0,3066:1747647652486:,1747647655973
counter/6/0/0/0,3067:1747647652486:,1747647655973
counter/6/0/0/0,3068:1747647652494:,1747647655973
counter/8/0/0/0,3466:1747647652215:,1747647655973
counter/8/0/0/0,3467:1747647652215:,1747647655973
counter/8/0/0/0,3468:1747647652215:,1747647655973
counter/1/0/0/0,3335:1747647652379:,1747647655973
counter/1/0/0/0,3336:1747647652379:,1747647655973
counter/9/0/0/0,3544:1747647652459:,1747647655973
counter/9/0/0/0,3545:1747647652459:,1747647655974
counter/9/0/0/0,3546:1747647652459:,1747647655974
counter/9/0/0/0,3547:1747647652459:,1747647655974
counter/9/0/0/0,3548:1747647652459:,1747647655974
counter/2/0/0/0,2930:1747647651741:,1747647655974
counter/2/0/0/0,2931:1747647651741:,1747647655974
counter/2/0/0/0,2932:1747647651741:,1747647655974
counter/2/0/0/0,2933:1747647651741:,1747647655974
counter/2/0/0/0,2934:1747647651741:,1747647655974
counter/2/0/0/0,2935:1747647651741:,1747647655974
counter/2/0/0/0,2936:1747647651747:,1747647655974
counter/2/0/0/0,2937:1747647651747:,1747647655974
counter/2/0/0/0,2938:1747647651748:,1747647655974
counter/1/0/0/0,3337:1747647652379:,1747647655974
counter/7/0/0/0,3172:1747647652300:,1747647655974
counter/7/0/0/0,3173:1747647652301:,1747647655974
counter/7/0/0/0,3174:1747647652301:,1747647655974
counter/7/0/0/0,3175:1747647652304:,1747647655975
counter/7/0/0/0,3176:1747647652318:,1747647655975
counter/3/0/0/0,3450:1747647652339:,1747647655975
counter/7/0/0/0,3177:1747647652318:,1747647655975
counter/8/0/0/0,3469:1747647652215:,1747647655975
counter/8/0/0/0,3470:1747647652215:,1747647655975
counter/8/0/0/0,3471:1747647652227:,1747647655975
counter/4/0/0/0,3511:1747647652510:,1747647655975
counter/4/0/0/0,3512:1747647652510:,1747647655975
counter/4/0/0/0,3513:1747647652510:,1747647655975
counter/6/0/0/0,3069:1747647652494:,1747647655975
counter/6/0/0/0,3070:1747647652494:,1747647655975
counter/6/0/0/0,3071:1747647652494:,1747647655975
counter/6/0/0/0,3072:1747647652494:,1747647655975
counter/6/0/0/0,3073:1747647652494:,1747647655976
counter/6/0/0/0,3074:1747647652499:,1747647655976
counter/6/0/0/0,3075:1747647652500:,1747647655976
counter/2/0/0/0,2939:1747647651748:,1747647655976
counter/6/0/0/0,3076:1747647652500:,1747647655976
counter/6/0/0/0,3077:1747647652500:,1747647655976
counter/6/0/0/0,3078:1747647652500:,1747647655976
counter/6/0/0/0,3079:1747647652500:,1747647655976
counter/4/0/0/0,3514:1747647652510:,1747647655976
counter/4/0/0/0,3515:1747647652510:,1747647655976
counter/9/0/0/0,3549:1747647652459:,1747647655976
counter/9/0/0/0,3550:1747647652461:,1747647655976
counter/9/0/0/0,3551:1747647652461:,1747647655976
counter/7/0/0/0,3178:1747647652318:,1747647655976
counter/2/0/0/0,2940:1747647651748:,1747647655976
counter/4/0/0/0,3516:1747647652510:,1747647655977
counter/4/0/0/0,3517:1747647652510:,1747647655977
counter/4/0/0/0,3518:1747647652510:,1747647655977
counter/4/0/0/0,3519:1747647652510:,1747647655977
counter/4/0/0/0,3520:1747647652510:,1747647655977
counter/4/0/0/0,3521:1747647652510:,1747647655977
counter/4/0/0/0,3522:1747647652534:,1747647655978
counter/4/0/0/0,3523:1747647652534:,1747647655978
counter/5/0/0/0,3262:1747647651979:,1747647655978
counter/5/0/0/0,3263:1747647651981:,1747647655978
counter/5/0/0/0,3264:1747647651981:,1747647655978
counter/5/0/0/0,3265:1747647651981:,1747647655978
counter/5/0/0/0,3266:1747647651981:,1747647655978
counter/5/0/0/0,3267:1747647651981:,1747647655978
counter/2/0/0/0,2941:1747647651748:,1747647655978
counter/9/0/0/0,3552:1747647652461:,1747647655978
counter/7/0/0/0,3179:1747647652319:,1747647655978
counter/7/0/0/0,3180:1747647652319:,1747647655978
counter/7/0/0/0,3181:1747647652319:,1747647655978
counter/7/0/0/0,3182:1747647652319:,1747647655978
counter/7/0/0/0,3183:1747647652319:,1747647655978
counter/10/0/0/0,3021:1747647652300:,1747647655979
counter/10/0/0/0,3022:1747647652300:,1747647655979
counter/7/0/0/0,3184:1747647652319:,1747647655980
counter/4/0/0/0,3524:1747647652534:,1747647655980
counter/8/0/0/0,3472:1747647652227:,1747647655980
counter/8/0/0/0,3473:1747647652227:,1747647655980
counter/8/0/0/0,3474:1747647652227:,1747647655980
counter/5/0/0/0,3268:1747647651981:,1747647655980
counter/5/0/0/0,3269:1747647651981:,1747647655980
counter/6/0/0/0,3080:1747647652500:,1747647655980
counter/5/0/0/0,3270:1747647651981:,1747647655980
counter/5/0/0/0,3271:1747647651984:,1747647655980
counter/5/0/0/0,3272:1747647651984:,1747647655980
counter/5/0/0/0,3273:1747647651984:,1747647655980
counter/5/0/0/0,3274:1747647651984:,1747647655980
counter/5/0/0/0,3275:1747647651984:,1747647655980
counter/9/0/0/0,3553:1747647652461:,1747647655980
counter/9/0/0/0,3554:1747647652463:,1747647655980
counter/9/0/0/0,3555:1747647652463:,1747647655980
counter/9/0/0/0,3556:1747647652463:,1747647655980
counter/9/0/0/0,3557:1747647652463:,1747647655980
counter/2/0/0/0,2942:1747647651750:,1747647655981
counter/2/0/0/0,2943:1747647651750:,1747647655981
counter/2/0/0/0,2944:1747647651750:,1747647655981
counter/2/0/0/0,2945:1747647651752:,1747647655981
counter/2/0/0/0,2946:1747647651752:,1747647655982
counter/2/0/0/0,2947:1747647651752:,1747647655982
counter/2/0/0/0,2948:1747647651752:,1747647655982
counter/2/0/0/0,2949:1747647651752:,1747647655982
counter/2/0/0/0,2950:1747647651752:,1747647655982
counter/2/0/0/0,2951:1747647651752:,1747647655982
counter/2/0/0/0,2952:1747647651752:,1747647655982
counter/2/0/0/0,2953:1747647651752:,1747647655982
counter/2/0/0/0,2954:1747647651752:,1747647655982
counter/10/0/0/0,3023:1747647652301:,1747647655982
counter/6/0/0/0,3081:1747647652512:,1747647655982
counter/8/0/0/0,3475:1747647652228:,1747647655982
counter/4/0/0/0,3525:1747647652534:,1747647655984
counter/4/0/0/0,3526:1747647652534:,1747647655984
counter/4/0/0/0,3527:1747647652534:,1747647655984
counter/4/0/0/0,3528:1747647652535:,1747647655985
counter/4/0/0/0,3529:1747647652535:,1747647655985
counter/4/0/0/0,3530:1747647652535:,1747647655985
counter/9/0/0/0,3558:1747647652463:,1747647655985
counter/3/0/0/0,3451:1747647652339:,1747647655985
counter/3/0/0/0,3452:1747647652339:,1747647655985
counter/3/0/0/0,3453:1747647652339:,1747647655985
counter/10/0/0/0,3024:1747647652301:,1747647655986
counter/10/0/0/0,3025:1747647652301:,1747647655986
counter/9/0/0/0,3559:1747647652463:,1747647655987
counter/7/0/0/0,3185:1747647652319:,1747647655988
counter/4/0/0/0,3531:1747647652535:,1747647655988
counter/1/0/0/0,3338:1747647652379:,1747647655989
counter/8/0/0/0,3476:1747647652228:,1747647655989
counter/2/0/0/0,2955:1747647651752:,1747647655989
counter/2/0/0/0,2956:1747647651752:,1747647655989
counter/10/0/0/0,3026:1747647652301:,1747647655990
counter/10/0/0/0,3027:1747647652301:,1747647655990
counter/10/0/0/0,3028:1747647652301:,1747647655990
counter/10/0/0/0,3029:1747647652301:,1747647655990
counter/10/0/0/0,3030:1747647652311:,1747647655990
counter/10/0/0/0,3031:1747647652311:,1747647655990
counter/10/0/0/0,3032:1747647652311:,1747647655990
counter/10/0/0/0,3033:1747647652311:,1747647655990
counter/10/0/0/0,3034:1747647652311:,1747647655990
counter/10/0/0/0,3035:1747647652311:,1747647655990
counter/10/0/0/0,3036:1747647652312:,1747647655990
counter/10/0/0/0,3037:1747647652312:,1747647655990
counter/10/0/0/0,3038:1747647652312:,1747647655990
counter/10/0/0/0,3039:1747647652312:,1747647655990
counter/10/0/0/0,3040:1747647652312:,1747647655991
counter/10/0/0/0,3041:1747647652312:,1747647655991
counter/10/0/0/0,3042:1747647652312:,1747647655991
counter/10/0/0/0,3043:1747647652312:,1747647655991
counter/10/0/0/0,3044:1747647652312:,1747647655991
counter/10/0/0/0,3045:1747647652312:,1747647655991
counter/10/0/0/0,3046:1747647652312:,1747647655991
counter/10/0/0/0,3047:1747647652312:,1747647655991
counter/9/0/0/0,3560:1747647652463:,1747647655992
counter/9/0/0/0,3561:1747647652463:,1747647655992
counter/9/0/0/0,3562:1747647652463:,1747647655992
counter/9/0/0/0,3563:1747647652463:,1747647655992
counter/9/0/0/0,3564:1747647652463:,1747647655992
counter/9/0/0/0,3565:1747647652464:,1747647655992
counter/5/0/0/0,3276:1747647651984:,1747647655992
counter/2/0/0/0,2957:1747647651752:,1747647655992
counter/2/0/0/0,2958:1747647651752:,1747647655992
counter/2/0/0/0,2959:1747647651752:,1747647655992
counter/2/0/0/0,2960:1747647651752:,1747647655992
counter/2/0/0/0,2961:1747647651755:,1747647655992
counter/7/0/0/0,3186:1747647652319:,1747647655993
counter/9/0/0/0,3566:1747647652464:,1747647655993
counter/9/0/0/0,3567:1747647652464:,1747647655993
counter/9/0/0/0,3568:1747647652464:,1747647655993
counter/9/0/0/0,3569:1747647652464:,1747647655993
counter/9/0/0/0,3570:1747647652465:,1747647655993
counter/5/0/0/0,3277:1747647651984:,1747647655993
counter/5/0/0/0,3278:1747647651984:,1747647655993
counter/5/0/0/0,3279:1747647651984:,1747647655993
counter/5/0/0/0,3280:1747647651984:,1747647655993
counter/5/0/0/0,3281:1747647651984:,1747647655993
counter/5/0/0/0,3282:1747647651984:,1747647655993
counter/6/0/0/0,3082:1747647652512:,1747647655993
counter/8/0/0/0,3477:1747647652228:,1747647655994
counter/9/0/0/0,3571:1747647652465:,1747647655995
counter/9/0/0/0,3572:1747647652465:,1747647655995
counter/9/0/0/0,3573:1747647652465:,1747647655995
counter/9/0/0/0,3574:1747647652465:,1747647655995
counter/3/0/0/0,3454:1747647652339:,1747647655996
counter/3/0/0/0,3455:1747647652339:,1747647655996
counter/3/0/0/0,3456:1747647652339:,1747647655996
counter/4/0/0/0,3532:1747647652535:,1747647655996
counter/3/0/0/0,3457:1747647652339:,1747647655996
counter/4/0/0/0,3533:1747647652535:,1747647655996
counter/1/0/0/0,3339:1747647652379:,1747647655996
counter/6/0/0/0,3083:1747647652512:,1747647655996
counter/6/0/0/0,3084:1747647652512:,1747647655996
counter/6/0/0/0,3085:1747647652512:,1747647655996
counter/9/0/0/0,3575:1747647652465:,1747647655997
counter/9/0/0/0,3576:1747647652465:,1747647655997
counter/9/0/0/0,3577:1747647652465:,1747647655998
counter/9/0/0/0,3578:1747647652465:,1747647655998
counter/9/0/0/0,3579:1747647652465:,1747647655998
counter/9/0/0/0,3580:1747647652465:,1747647655998
counter/9/0/0/0,3581:1747647652465:,1747647655998
counter/5/0/0/0,3283:1747647651985:,1747647655998
counter/5/0/0/0,3284:1747647651985:,1747647655998
counter/5/0/0/0,3285:1747647651985:,1747647655998
counter/5/0/0/0,3286:1747647651985:,1747647655998
counter/5/0/0/0,3287:1747647651985:,1747647655998
counter/5/0/0/0,3288:1747647651985:,1747647655998
counter/5/0/0/0,3289:1747647651985:,1747647655998
counter/5/0/0/0,3290:1747647651985:,1747647655998
counter/5/0/0/0,3291:1747647651985:,1747647655998
counter/4/0/0/0,3534:1747647652535:,1747647655998
counter/9/0/0/0,3582:1747647652473:,1747647655998
counter/9/0/0/0,3583:1747647652473:,1747647655999
counter/9/0/0/0,3584:1747647652473:,1747647655999
counter/5/0/0/0,3292:1747647651985:,1747647655999
counter/9/0/0/0,3585:1747647652473:,1747647655999
counter/10/0/0/0,3048:1747647652312:,1747647655999
counter/9/0/0/0,3586:1747647652473:,1747647655999
counter/9/0/0/0,3587:1747647652473:,1747647655999
counter/1/0/0/0,3340:1747647652379:,1747647655999
counter/8/0/0/0,3478:1747647652228:,1747647656000
counter/2/0/0/0,2962:1747647651755:,1747647656000
counter/9/0/0/0,3588:1747647652473:,1747647656000
counter/2/0/0/0,2963:1747647651755:,1747647656000
counter/10/0/0/0,3049:1747647652312:,1747647656000
counter/4/0/0/0,3535:1747647652536:,1747647656000
counter/4/0/0/0,3536:1747647652536:,1747647656000
counter/4/0/0/0,3537:1747647652536:,1747647656001
counter/4/0/0/0,3538:1747647652536:,1747647656001
counter/4/0/0/0,3539:1747647652536:,1747647656001
counter/4/0/0/0,3540:1747647652536:,1747647656001
counter/4/0/0/0,3541:1747647652536:,1747647656001
counter/4/0/0/0,3542:1747647652537:,1747647656001
counter/4/0/0/0,3543:1747647652540:,1747647656001
counter/1/0/0/0,3341:1747647652379:,1747647656001
counter/7/0/0/0,3187:1747647652319:,1747647656003
counter/6/0/0/0,3086:1747647652512:,1747647656003
counter/6/0/0/0,3087:1747647652512:,1747647656003
counter/6/0/0/0,3088:1747647652512:,1747647656003
counter/9/0/0/0,3589:1747647652473:,1747647656004
counter/10/0/0/0,3050:1747647652312:,1747647656004
counter/7/0/0/0,3188:1747647652319:,1747647656005
counter/7/0/0/0,3189:1747647652319:,1747647656005
counter/7/0/0/0,3190:1747647652319:,1747647656005
counter/7/0/0/0,3191:1747647652319:,1747647656005
counter/7/0/0/0,3192:1747647652319:,1747647656005
counter/7/0/0/0,3193:1747647652319:,1747647656005
counter/7/0/0/0,3194:1747647652319:,1747647656005
counter/10/0/0/0,3051:1747647652312:,1747647656006
counter/10/0/0/0,3052:1747647652312:,1747647656006
counter/10/0/0/0,3053:1747647652312:,1747647656006
counter/7/0/0/0,3195:1747647652319:,1747647656006
counter/10/0/0/0,3054:1747647652312:,1747647656006
counter/7/0/0/0,3196:1747647652334:,1747647656006
counter/10/0/0/0,3055:1747647652312:,1747647656006
counter/10/0/0/0,3056:1747647652312:,1747647656006
counter/7/0/0/0,3197:1747647652334:,1747647656006
counter/7/0/0/0,3198:1747647652334:,1747647656006
counter/7/0/0/0,3199:1747647652334:,1747647656007
counter/7/0/0/0,3200:1747647652334:,1747647656007
counter/7/0/0/0,3201:1747647652335:,1747647656007
counter/7/0/0/0,3202:1747647652335:,1747647656007
counter/7/0/0/0,3203:1747647652335:,1747647656007
counter/7/0/0/0,3204:1747647652335:,1747647656007
counter/7/0/0/0,3205:1747647652335:,1747647656007
counter/7/0/0/0,3206:1747647652335:,1747647656007
counter/4/0/0/0,3544:1747647652540:,1747647656007
counter/3/0/0/0,3458:1747647652339:,1747647656007
counter/7/0/0/0,3207:1747647652335:,1747647656007
counter/7/0/0/0,3208:1747647652335:,1747647656007
counter/7/0/0/0,3209:1747647652335:,1747647656007
counter/7/0/0/0,3210:1747647652335:,1747647656007
counter/7/0/0/0,3211:1747647652335:,1747647656007
counter/7/0/0/0,3212:1747647652337:,1747647656007
counter/7/0/0/0,3213:1747647652338:,1747647656008
counter/7/0/0/0,3214:1747647652338:,1747647656008
counter/7/0/0/0,3215:1747647652338:,1747647656008
counter/5/0/0/0,3293:1747647651985:,1747647656008
counter/2/0/0/0,2964:1747647651756:,1747647656008
counter/9/0/0/0,3590:1747647652481:,1747647656008
counter/8/0/0/0,3479:1747647652228:,1747647656009
counter/8/0/0/0,3480:1747647652228:,1747647656009
counter/8/0/0/0,3481:1747647652228:,1747647656009
counter/8/0/0/0,3482:1747647652231:,1747647656009
counter/8/0/0/0,3483:1747647652231:,1747647656009
counter/8/0/0/0,3484:1747647652232:,1747647656009
counter/8/0/0/0,3485:1747647652232:,1747647656009
counter/8/0/0/0,3486:1747647652232:,1747647656009
counter/8/0/0/0,3487:1747647652232:,1747647656009
counter/8/0/0/0,3488:1747647652232:,1747647656009
counter/8/0/0/0,3489:1747647652233:,1747647656009
counter/8/0/0/0,3490:1747647652233:,1747647656010
counter/8/0/0/0,3491:1747647652233:,1747647656010
counter/8/0/0/0,3492:1747647652233:,1747647656010
counter/8/0/0/0,3493:1747647652233:,1747647656010
counter/8/0/0/0,3494:1747647652233:,1747647656010
counter/8/0/0/0,3495:1747647652233:,1747647656012
counter/8/0/0/0,3496:1747647652233:,1747647656012
counter/8/0/0/0,3497:1747647652233:,1747647656012
counter/8/0/0/0,3498:1747647652233:,1747647656012
counter/8/0/0/0,3499:1747647652233:,1747647656012
counter/8/0/0/0,3500:1747647652245:,1747647656012
counter/8/0/0/0,3501:1747647652245:,1747647656012
counter/8/0/0/0,3502:1747647652245:,1747647656012
counter/8/0/0/0,3503:1747647652245:,1747647656012
counter/8/0/0/0,3504:1747647652245:,1747647656012
counter/8/0/0/0,3505:1747647652246:,1747647656012
counter/8/0/0/0,3506:1747647652246:,1747647656012
counter/8/0/0/0,3507:1747647652246:,1747647656012
counter/8/0/0/0,3508:1747647652246:,1747647656012
counter/8/0/0/0,3509:1747647652246:,1747647656012
counter/2/0/0/0,2965:1747647651756:,1747647656012
counter/9/0/0/0,3591:1747647652481:,1747647656013
counter/9/0/0/0,3592:1747647652481:,1747647656013
counter/9/0/0/0,3593:1747647652481:,1747647656013
counter/9/0/0/0,3594:1747647652481:,1747647656013
counter/9/0/0/0,3595:1747647652481:,1747647656013
counter/9/0/0/0,3596:1747647652481:,1747647656013
counter/9/0/0/0,3597:1747647652481:,1747647656013
counter/9/0/0/0,3598:1747647652481:,1747647656013
counter/4/0/0/0,3545:1747647652540:,1747647656013
counter/3/0/0/0,3459:1747647652339:,1747647656013
counter/3/0/0/0,3460:1747647652340:,1747647656013
counter/10/0/0/0,3057:1747647652324:,1747647656013
counter/4/0/0/0,3546:1747647652540:,1747647656015
counter/3/0/0/0,3461:1747647652340:,1747647656015
counter/10/0/0/0,3058:1747647652324:,1747647656016
counter/5/0/0/0,3294:1747647651985:,1747647656016
counter/5/0/0/0,3295:1747647651985:,1747647656016
counter/2/0/0/0,2966:1747647651756:,1747647656016
counter/2/0/0/0,2967:1747647651756:,1747647656016
counter/2/0/0/0,2968:1747647651798:,1747647656016
counter/7/0/0/0,3216:1747647652338:,1747647656018
counter/7/0/0/0,3217:1747647652338:,1747647656018
counter/7/0/0/0,3218:1747647652338:,1747647656018
counter/7/0/0/0,3219:1747647652338:,1747647656018
counter/7/0/0/0,3220:1747647652338:,1747647656018
counter/7/0/0/0,3221:1747647652338:,1747647656018
counter/7/0/0/0,3222:1747647652338:,1747647656018
counter/7/0/0/0,3223:1747647652338:,1747647656018
counter/4/0/0/0,3547:1747647652540:,1747647656019
counter/3/0/0/0,3462:1747647652340:,1747647656019
counter/10/0/0/0,3059:1747647652324:,1747647656020
counter/10/0/0/0,3060:1747647652324:,1747647656020
counter/10/0/0/0,3061:1747647652324:,1747647656020
counter/10/0/0/0,3062:1747647652333:,1747647656020
counter/10/0/0/0,3063:1747647652333:,1747647656021
counter/10/0/0/0,3064:1747647652333:,1747647656021
counter/10/0/0/0,3065:1747647652333:,1747647656021
counter/2/0/0/0,2969:1747647651800:,1747647656021
counter/3/0/0/0,3463:1747647652340:,1747647656022
counter/3/0/0/0,3464:1747647652340:,1747647656022
counter/3/0/0/0,3465:1747647652341:,1747647656022
counter/3/0/0/0,3466:1747647652341:,1747647656022
counter/3/0/0/0,3467:1747647652341:,1747647656022
counter/1/0/0/0,3342:1747647652379:,1747647656023
counter/10/0/0/0,3066:1747647652333:,1747647656023
counter/2/0/0/0,2970:1747647651802:,1747647656023
counter/9/0/0/0,3599:1747647652482:,1747647656023
counter/3/0/0/0,3468:1747647652341:,1747647656023
counter/9/0/0/0,3600:1747647652482:,1747647656023
counter/1/0/0/0,3343:1747647652380:,1747647656024
counter/2/0/0/0,2971:1747647651802:,1747647656024
counter/2/0/0/0,2972:1747647651802:,1747647656024
counter/3/0/0/0,3469:1747647652341:,1747647656024
counter/9/0/0/0,3601:1747647652489:,1747647656024
counter/7/0/0/0,3224:1747647652338:,1747647656024
counter/7/0/0/0,3225:1747647652338:,1747647656024
counter/7/0/0/0,3226:1747647652339:,1747647656024
counter/4/0/0/0,3548:1747647652540:,1747647656025
counter/9/0/0/0,3602:1747647652489:,1747647656030
counter/4/0/0/0,3549:1747647652540:,1747647656030
counter/4/0/0/0,3550:1747647652540:,1747647656031
counter/4/0/0/0,3551:1747647652540:,1747647656031
counter/4/0/0/0,3552:1747647652540:,1747647656031
counter/4/0/0/0,3553:1747647652540:,1747647656031
counter/4/0/0/0,3554:1747647652540:,1747647656031
counter/4/0/0/0,3555:1747647652540:,1747647656031
counter/4/0/0/0,3556:1747647652542:,1747647656031
counter/4/0/0/0,3557:1747647652542:,1747647656031
counter/4/0/0/0,3558:1747647652542:,1747647656031
counter/10/0/0/0,3067:1747647652333:,1747647656031
counter/2/0/0/0,2973:1747647651802:,1747647656031
counter/4/0/0/0,3559:1747647652542:,1747647656032
counter/8/0/0/0,3510:1747647652246:,1747647656032
counter/8/0/0/0,3511:1747647652246:,1747647656032
counter/3/0/0/0,3470:1747647652341:,1747647656033
counter/10/0/0/0,3068:1747647652333:,1747647656033
counter/2/0/0/0,2974:1747647651802:,1747647656033
counter/2/0/0/0,2975:1747647651802:,1747647656033
counter/4/0/0/0,3560:1747647652545:,1747647656033
counter/2/0/0/0,2976:1747647651802:,1747647656033
counter/4/0/0/0,3561:1747647652545:,1747647656033
counter/9/0/0/0,3603:1747647652490:,1747647656033
counter/5/0/0/0,3296:1747647651985:,1747647656034
counter/5/0/0/0,3297:1747647651985:,1747647656034
counter/5/0/0/0,3298:1747647651987:,1747647656034
counter/2/0/0/0,2977:1747647651802:,1747647656034
counter/4/0/0/0,3562:1747647652545:,1747647656034
counter/4/0/0/0,3563:1747647652545:,1747647656034
counter/4/0/0/0,3564:1747647652545:,1747647656034
counter/2/0/0/0,2978:1747647651802:,1747647656035
counter/2/0/0/0,2979:1747647651804:,1747647656035
counter/4/0/0/0,3565:1747647652545:,1747647656035
counter/4/0/0/0,3566:1747647652545:,1747647656035
counter/9/0/0/0,3604:1747647652490:,1747647656035
counter/6/0/0/0,3089:1747647652512:,1747647656037
counter/6/0/0/0,3090:1747647652512:,1747647656037
counter/3/0/0/0,3471:1747647652341:,1747647656037
counter/2/0/0/0,2980:1747647651806:,1747647656038
counter/4/0/0/0,3567:1747647652545:,1747647656038
counter/4/0/0/0,3568:1747647652545:,1747647656038
counter/9/0/0/0,3605:1747647652490:,1747647656038
counter/6/0/0/0,3091:1747647652512:,1747647656299
counter/6/0/0/0,3092:1747647652512:,1747647656299
counter/6/0/0/0,3093:1747647652513:,1747647656299
counter/6/0/0/0,3094:1747647652523:,1747647656299
counter/6/0/0/0,3095:1747647652523:,1747647656299
counter/8/0/0/0,3512:1747647652247:,1747647656299
counter/6/0/0/0,3096:1747647652523:,1747647656299
counter/8/0/0/0,3513:1747647652247:,1747647656299
counter/4/0/0/0,3569:1747647652545:,1747647656300
counter/4/0/0/0,3570:1747647652545:,1747647656300
counter/4/0/0/0,3571:1747647652545:,1747647656300
counter/7/0/0/0,3227:1747647652340:,1747647656300
counter/2/0/0/0,2981:1747647651806:,1747647656300
counter/7/0/0/0,3228:1747647652356:,1747647656300
counter/9/0/0/0,3606:1747647652490:,1747647656301
counter/9/0/0/0,3607:1747647652490:,1747647656301
counter/8/0/0/0,3514:1747647652247:,1747647656301
counter/1/0/0/0,3344:1747647652380:,1747647656301
counter/2/0/0/0,2982:1747647651806:,1747647656302
counter/2/0/0/0,2983:1747647651806:,1747647656302
counter/5/0/0/0,3299:1747647651988:,1747647656303
counter/5/0/0/0,3300:1747647651988:,1747647656303
counter/5/0/0/0,3301:1747647651988:,1747647656303
counter/5/0/0/0,3302:1747647651988:,1747647656303
counter/5/0/0/0,3303:1747647651988:,1747647656303
counter/5/0/0/0,3304:1747647651990:,1747647656303
counter/5/0/0/0,3305:1747647651990:,1747647656303
counter/7/0/0/0,3229:1747647652356:,1747647656303
counter/4/0/0/0,3572:1747647652545:,1747647656305
counter/8/0/0/0,3515:1747647652247:,1747647656305
counter/8/0/0/0,3516:1747647652247:,1747647656305
counter/3/0/0/0,3472:1747647652341:,1747647656306
counter/3/0/0/0,3473:1747647652341:,1747647656306
counter/3/0/0/0,3474:1747647652341:,1747647656306
counter/10/0/0/0,3069:1747647652334:,1747647656306
counter/10/0/0/0,3070:1747647652340:,1747647656306
counter/10/0/0/0,3071:1747647652347:,1747647656306
counter/10/0/0/0,3072:1747647652347:,1747647656306
counter/10/0/0/0,3073:1747647652347:,1747647656306
counter/10/0/0/0,3074:1747647652347:,1747647656306
counter/4/0/0/0,3573:1747647652545:,1747647656307
counter/7/0/0/0,3230:1747647652356:,1747647656307
counter/2/0/0/0,2984:1747647651806:,1747647656307
counter/10/0/0/0,3075:1747647652347:,1747647656308
counter/10/0/0/0,3076:1747647652347:,1747647656308
counter/10/0/0/0,3077:1747647652347:,1747647656308
counter/10/0/0/0,3078:1747647652348:,1747647656308
counter/4/0/0/0,3574:1747647652545:,1747647656308
counter/4/0/0/0,3575:1747647652548:,1747647656308
counter/4/0/0/0,3576:1747647652548:,1747647656308
counter/4/0/0/0,3577:1747647652548:,1747647656308
counter/4/0/0/0,3578:1747647652548:,1747647656308
counter/4/0/0/0,3579:1747647652548:,1747647656308
counter/4/0/0/0,3580:1747647652548:,1747647656309
counter/2/0/0/0,2985:1747647651806:,1747647656309
counter/10/0/0/0,3079:1747647652348:,1747647656310
counter/1/0/0/0,3345:1747647652380:,1747647656310
counter/1/0/0/0,3346:1747647652380:,1747647656310
counter/4/0/0/0,3581:1747647652548:,1747647656310
counter/4/0/0/0,3582:1747647652548:,1747647656310
counter/3/0/0/0,3475:1747647652341:,1747647656310
counter/7/0/0/0,3231:1747647652356:,1747647656310
counter/7/0/0/0,3232:1747647652356:,1747647656310
counter/5/0/0/0,3306:1747647651990:,1747647656311
counter/2/0/0/0,2986:1747647651806:,1747647656311
counter/5/0/0/0,3307:1747647651990:,1747647656311
counter/5/0/0/0,3308:1747647651990:,1747647656311
counter/10/0/0/0,3080:1747647652348:,1747647656311
counter/10/0/0/0,3081:1747647652348:,1747647656311
counter/10/0/0/0,3082:1747647652348:,1747647656311
counter/1/0/0/0,3347:1747647652380:,1747647656311
counter/6/0/0/0,3097:1747647652525:,1747647656311
counter/1/0/0/0,3348:1747647652380:,1747647656311
counter/6/0/0/0,3098:1747647652525:,1747647656311
counter/6/0/0/0,3099:1747647652525:,1747647656311
counter/1/0/0/0,3349:1747647652380:,1747647656312
counter/2/0/0/0,2987:1747647651806:,1747647656312
counter/2/0/0/0,2988:1747647651806:,1747647656312
counter/2/0/0/0,2989:1747647651806:,1747647656312
counter/2/0/0/0,2990:1747647651806:,1747647656312
counter/10/0/0/0,3083:1747647652348:,1747647656312
counter/10/0/0/0,3084:1747647652348:,1747647656312
counter/10/0/0/0,3085:1747647652348:,1747647656313
counter/10/0/0/0,3086:1747647652349:,1747647656313
counter/10/0/0/0,3087:1747647652354:,1747647656313
counter/7/0/0/0,3233:1747647652356:,1747647656313
counter/7/0/0/0,3234:1747647652356:,1747647656313
counter/7/0/0/0,3235:1747647652356:,1747647656313
counter/1/0/0/0,3350:1747647652380:,1747647656313
counter/2/0/0/0,2991:1747647651807:,1747647656314
counter/3/0/0/0,3476:1747647652341:,1747647656314
counter/3/0/0/0,3477:1747647652341:,1747647656314
counter/3/0/0/0,3478:1747647652341:,1747647656314
counter/3/0/0/0,3479:1747647652341:,1747647656314
counter/10/0/0/0,3088:1747647652354:,1747647656314
counter/4/0/0/0,3583:1747647652548:,1747647656314
counter/4/0/0/0,3584:1747647652553:,1747647656314
counter/1/0/0/0,3351:1747647652380:,1747647656314
counter/5/0/0/0,3309:1747647651990:,1747647656315
counter/7/0/0/0,3236:1747647652356:,1747647656316
counter/10/0/0/0,3089:1747647652354:,1747647656316
counter/7/0/0/0,3237:1747647652356:,1747647656316
counter/9/0/0/0,3608:1747647652490:,1747647656316
counter/4/0/0/0,3585:1747647652553:,1747647656316
counter/10/0/0/0,3090:1747647652354:,1747647656316
counter/4/0/0/0,3586:1747647652553:,1747647656316
counter/4/0/0/0,3587:1747647652553:,1747647656316
counter/1/0/0/0,3352:1747647652380:,1747647656316
counter/5/0/0/0,3310:1747647651990:,1747647656316
counter/2/0/0/0,2992:1747647651807:,1747647656316
counter/2/0/0/0,2993:1747647651807:,1747647656316
counter/2/0/0/0,2994:1747647651807:,1747647656317
counter/2/0/0/0,2995:1747647651807:,1747647656317
counter/2/0/0/0,2996:1747647651807:,1747647656317
counter/9/0/0/0,3609:1747647652490:,1747647656317
counter/2/0/0/0,2997:1747647651807:,1747647656317
counter/8/0/0/0,3517:1747647652247:,1747647656317
counter/8/0/0/0,3518:1747647652247:,1747647656317
counter/8/0/0/0,3519:1747647652247:,1747647656317
counter/1/0/0/0,3353:1747647652380:,1747647656318
counter/8/0/0/0,3520:1747647652247:,1747647656318
counter/1/0/0/0,3354:1747647652380:,1747647656318
counter/8/0/0/0,3521:1747647652247:,1747647656318
counter/6/0/0/0,3100:1747647652525:,1747647656318
counter/7/0/0/0,3238:1747647652356:,1747647656318
counter/2/0/0/0,2998:1747647651807:,1747647656318
counter/4/0/0/0,3588:1747647652553:,1747647656318
counter/4/0/0/0,3589:1747647652553:,1747647656319
counter/1/0/0/0,3355:1747647652380:,1747647656319
counter/5/0/0/0,3311:1747647651990:,1747647656319
counter/1/0/0/0,3356:1747647652380:,1747647656319
counter/5/0/0/0,3312:1747647651990:,1747647656319
counter/8/0/0/0,3522:1747647652247:,1747647656319
counter/8/0/0/0,3523:1747647652247:,1747647656319
counter/1/0/0/0,3357:1747647652380:,1747647656319
counter/8/0/0/0,3524:1747647652256:,1747647656319
counter/8/0/0/0,3525:1747647652256:,1747647656319
counter/3/0/0/0,3480:1747647652341:,1747647656319
counter/6/0/0/0,3101:1747647652525:,1747647656319
counter/3/0/0/0,3481:1747647652341:,1747647656319
counter/6/0/0/0,3102:1747647652525:,1747647656319
counter/9/0/0/0,3610:1747647652493:,1747647656319
counter/9/0/0/0,3611:1747647652493:,1747647656319
counter/2/0/0/0,2999:1747647651807:,1747647656320
counter/4/0/0/0,3590:1747647652553:,1747647656320
counter/4/0/0/0,3591:1747647652553:,1747647656320
counter/5/0/0/0,3313:1747647651990:,1747647656320
counter/8/0/0/0,3526:1747647652256:,1747647656322
counter/9/0/0/0,3612:1747647652493:,1747647656322
counter/5/0/0/0,3314:1747647651990:,1747647656322
counter/9/0/0/0,3613:1747647652493:,1747647656323
counter/9/0/0/0,3614:1747647652493:,1747647656323
counter/9/0/0/0,3615:1747647652493:,1747647656323
counter/9/0/0/0,3616:1747647652493:,1747647656323
counter/9/0/0/0,3617:1747647652493:,1747647656323
counter/9/0/0/0,3618:1747647652494:,1747647656323
counter/9/0/0/0,3619:1747647652494:,1747647656323
counter/5/0/0/0,3315:1747647651991:,1747647656326
counter/10/0/0/0,3091:1747647652354:,1747647656326
counter/7/0/0/0,3239:1747647652356:,1747647656326
counter/7/0/0/0,3240:1747647652356:,1747647656326
counter/7/0/0/0,3241:1747647652356:,1747647656326
counter/7/0/0/0,3242:1747647652356:,1747647656326
counter/5/0/0/0,3316:1747647651991:,1747647656327
counter/4/0/0/0,3592:1747647652553:,1747647656327
counter/3/0/0/0,3482:1747647652341:,1747647656328
counter/1/0/0/0,3358:1747647652380:,1747647656328
counter/9/0/0/0,3620:1747647652494:,1747647656328
counter/9/0/0/0,3621:1747647652494:,1747647656330
counter/7/0/0/0,3243:1747647652356:,1747647656330
counter/7/0/0/0,3244:1747647652356:,1747647656330
counter/7/0/0/0,3245:1747647652356:,1747647656330
counter/7/0/0/0,3246:1747647652357:,1747647656330
counter/2/0/0/0,3000:1747647651807:,1747647656330
counter/2/0/0/0,3001:1747647651807:,1747647656331
counter/2/0/0/0,3002:1747647651807:,1747647656331
counter/2/0/0/0,3003:1747647651807:,1747647656331
counter/2/0/0/0,3004:1747647651807:,1747647656331
counter/1/0/0/0,3359:1747647652380:,1747647656331
counter/1/0/0/0,3360:1747647652380:,1747647656331
counter/1/0/0/0,3361:1747647652380:,1747647656331
counter/1/0/0/0,3362:1747647652380:,1747647656331
counter/1/0/0/0,3363:1747647652380:,1747647656331
counter/1/0/0/0,3364:1747647652380:,1747647656331
counter/1/0/0/0,3365:1747647652380:,1747647656331
counter/2/0/0/0,3005:1747647651807:,1747647656333
counter/2/0/0/0,3006:1747647651808:,1747647656333
counter/2/0/0/0,3007:1747647651808:,1747647656333
counter/2/0/0/0,3008:1747647651808:,1747647656333
counter/2/0/0/0,3009:1747647651808:,1747647656333
counter/2/0/0/0,3010:1747647651808:,1747647656333
counter/2/0/0/0,3011:1747647651808:,1747647656333
counter/2/0/0/0,3012:1747647651808:,1747647656333
counter/2/0/0/0,3013:1747647651808:,1747647656333
counter/2/0/0/0,3014:1747647651808:,1747647656333
counter/5/0/0/0,3317:1747647651991:,1747647656334
counter/4/0/0/0,3593:1747647652553:,1747647656337
counter/4/0/0/0,3594:1747647652553:,1747647656337
counter/4/0/0/0,3595:1747647652553:,1747647656337
counter/8/0/0/0,3527:1747647652256:,1747647656337
counter/9/0/0/0,3622:1747647652494:,1747647656337
counter/8/0/0/0,3528:1747647652256:,1747647656337
counter/1/0/0/0,3366:1747647652380:,1747647656338
counter/10/0/0/0,3092:1747647652354:,1747647656338
counter/4/0/0/0,3596:1747647652553:,1747647656338
counter/7/0/0/0,3247:1747647652357:,1747647656340
counter/9/0/0/0,3623:1747647652494:,1747647656340
counter/3/0/0/0,3483:1747647652341:,1747647656341
counter/4/0/0/0,3597:1747647652553:,1747647656341
counter/2/0/0/0,3015:1747647651808:,1747647656341
counter/2/0/0/0,3016:1747647651808:,1747647656341
counter/1/0/0/0,3367:1747647652380:,1747647656341
counter/7/0/0/0,3248:1747647652357:,1747647656342
counter/5/0/0/0,3318:1747647651991:,1747647656343
counter/5/0/0/0,3319:1747647651991:,1747647656343
counter/5/0/0/0,3320:1747647651991:,1747647656343
counter/5/0/0/0,3321:1747647651992:,1747647656343
counter/5/0/0/0,3322:1747647651992:,1747647656343
counter/5/0/0/0,3323:1747647651992:,1747647656343
counter/5/0/0/0,3324:1747647651992:,1747647656343
counter/5/0/0/0,3325:1747647651992:,1747647656343
counter/8/0/0/0,3529:1747647652256:,1747647656343
counter/5/0/0/0,3326:1747647651992:,1747647656343
counter/1/0/0/0,3368:1747647652380:,1747647656344
counter/2/0/0/0,3017:1747647651808:,1747647656344
counter/3/0/0/0,3484:1747647652341:,1747647656345
counter/8/0/0/0,3530:1747647652256:,1747647656345
counter/3/0/0/0,3485:1747647652342:,1747647656345
counter/8/0/0/0,3531:1747647652256:,1747647656345
counter/8/0/0/0,3532:1747647652256:,1747647656345
counter/8/0/0/0,3533:1747647652256:,1747647656345
counter/8/0/0/0,3534:1747647652256:,1747647656345
counter/8/0/0/0,3535:1747647652259:,1747647656345
counter/9/0/0/0,3624:1747647652494:,1747647656346
counter/9/0/0/0,3625:1747647652494:,1747647656346
counter/9/0/0/0,3626:1747647652494:,1747647656346
counter/9/0/0/0,3627:1747647652494:,1747647656346
counter/9/0/0/0,3628:1747647652494:,1747647656346
counter/2/0/0/0,3018:1747647651808:,1747647656347
counter/2/0/0/0,3019:1747647651808:,1747647656348
counter/2/0/0/0,3020:1747647651808:,1747647656348
counter/2/0/0/0,3021:1747647651808:,1747647656348
counter/2/0/0/0,3022:1747647651808:,1747647656348
counter/2/0/0/0,3023:1747647651808:,1747647656348
counter/2/0/0/0,3024:1747647651808:,1747647656348
counter/2/0/0/0,3025:1747647651808:,1747647656348
counter/10/0/0/0,3093:1747647652354:,1747647656348
counter/10/0/0/0,3094:1747647652354:,1747647656348
counter/3/0/0/0,3486:1747647652342:,1747647656348
counter/3/0/0/0,3487:1747647652342:,1747647656348
counter/3/0/0/0,3488:1747647652342:,1747647656348
counter/6/0/0/0,3103:1747647652526:,1747647656348
counter/6/0/0/0,3104:1747647652535:,1747647656349
counter/5/0/0/0,3327:1747647652004:,1747647656349
counter/8/0/0/0,3536:1747647652259:,1747647656349
counter/8/0/0/0,3537:1747647652261:,1747647656349
counter/9/0/0/0,3629:1747647652496:,1747647656349
counter/9/0/0/0,3630:1747647652496:,1747647656349
counter/9/0/0/0,3631:1747647652496:,1747647656349
counter/9/0/0/0,3632:1747647652496:,1747647656349
counter/4/0/0/0,3598:1747647652553:,1747647656352
counter/1/0/0/0,3369:1747647652380:,1747647656352
counter/4/0/0/0,3599:1747647652556:,1747647656352
counter/6/0/0/0,3105:1747647652538:,1747647656353
counter/6/0/0/0,3106:1747647652538:,1747647656353
counter/8/0/0/0,3538:1747647652261:,1747647656353
counter/7/0/0/0,3249:1747647652357:,1747647656353
counter/7/0/0/0,3250:1747647652357:,1747647656353
counter/9/0/0/0,3633:1747647652496:,1747647656354
counter/6/0/0/0,3107:1747647652538:,1747647656354
counter/1/0/0/0,3370:1747647652380:,1747647656354
counter/1/0/0/0,3371:1747647652380:,1747647656354
counter/7/0/0/0,3251:1747647652357:,1747647656354
counter/4/0/0/0,3600:1747647652556:,1747647656354
counter/3/0/0/0,3489:1747647652342:,1747647656354
counter/6/0/0/0,3108:1747647652539:,1747647656355
counter/5/0/0/0,3328:1747647652004:,1747647656355
counter/4/0/0/0,3601:1747647652556:,1747647656355
counter/3/0/0/0,3490:1747647652342:,1747647656355
counter/4/0/0/0,3602:1747647652560:,1747647656356
counter/4/0/0/0,3603:1747647652560:,1747647656356
counter/10/0/0/0,3095:1747647652354:,1747647656356
counter/10/0/0/0,3096:1747647652354:,1747647656356
counter/6/0/0/0,3109:1747647652539:,1747647656357
counter/6/0/0/0,3110:1747647652540:,1747647656358
counter/8/0/0/0,3539:1747647652261:,1747647656359
counter/8/0/0/0,3540:1747647652261:,1747647656359
counter/8/0/0/0,3541:1747647652262:,1747647656359
counter/8/0/0/0,3542:1747647652262:,1747647656360
counter/8/0/0/0,3543:1747647652262:,1747647656360
counter/10/0/0/0,3097:1747647652354:,1747647656360
counter/7/0/0/0,3252:1747647652357:,1747647656360
counter/1/0/0/0,3372:1747647652380:,1747647656360
counter/1/0/0/0,3373:1747647652381:,1747647656361
counter/8/0/0/0,3544:1747647652262:,1747647656361
counter/10/0/0/0,3098:1747647652354:,1747647656361
counter/7/0/0/0,3253:1747647652357:,1747647656361
counter/7/0/0/0,3254:1747647652357:,1747647656361
counter/7/0/0/0,3255:1747647652357:,1747647656361
counter/10/0/0/0,3099:1747647652354:,1747647656363
counter/6/0/0/0,3111:1747647652540:,1747647656363
counter/6/0/0/0,3112:1747647652540:,1747647656363
counter/6/0/0/0,3113:1747647652540:,1747647656364
counter/6/0/0/0,3114:1747647652540:,1747647656364
counter/7/0/0/0,3256:1747647652357:,1747647656366
counter/1/0/0/0,3374:1747647652381:,1747647656367
counter/1/0/0/0,3375:1747647652381:,1747647656367
counter/1/0/0/0,3376:1747647652381:,1747647656368
counter/1/0/0/0,3377:1747647652381:,1747647656368
counter/1/0/0/0,3378:1747647652381:,1747647656368
counter/8/0/0/0,3545:1747647652262:,1747647656368
counter/8/0/0/0,3546:1747647652262:,1747647656368
counter/8/0/0/0,3547:1747647652262:,1747647656368
counter/8/0/0/0,3548:1747647652262:,1747647656368
counter/8/0/0/0,3549:1747647652262:,1747647656368
counter/8/0/0/0,3550:1747647652262:,1747647656368
counter/8/0/0/0,3551:1747647652262:,1747647656368
counter/10/0/0/0,3100:1747647652354:,1747647656368
counter/9/0/0/0,3634:1747647652496:,1747647656368
counter/6/0/0/0,3115:1747647652540:,1747647656369
counter/6/0/0/0,3116:1747647652547:,1747647656369
counter/6/0/0/0,3117:1747647652547:,1747647656369
counter/6/0/0/0,3118:1747647652547:,1747647656369
counter/6/0/0/0,3119:1747647652547:,1747647656369
counter/6/0/0/0,3120:1747647652547:,1747647656369
counter/6/0/0/0,3121:1747647652547:,1747647656369
counter/6/0/0/0,3122:1747647652547:,1747647656369
counter/6/0/0/0,3123:1747647652547:,1747647656369
counter/1/0/0/0,3379:1747647652381:,1747647656371
counter/1/0/0/0,3380:1747647652381:,1747647656371
counter/1/0/0/0,3381:1747647652381:,1747647656371
counter/1/0/0/0,3382:1747647652381:,1747647656371
counter/1/0/0/0,3383:1747647652381:,1747647656371
counter/1/0/0/0,3384:1747647652381:,1747647656371
counter/8/0/0/0,3552:1747647652262:,1747647656371
counter/9/0/0/0,3635:1747647652496:,1747647656371
counter/9/0/0/0,3636:1747647652496:,1747647656371
counter/9/0/0/0,3637:1747647652496:,1747647656371
counter/9/0/0/0,3638:1747647652496:,1747647656371
counter/10/0/0/0,3101:1747647652354:,1747647656372
counter/7/0/0/0,3257:1747647652361:,1747647656372
counter/5/0/0/0,3329:1747647652004:,1747647656372
counter/5/0/0/0,3330:1747647652004:,1747647656372
counter/5/0/0/0,3331:1747647652004:,1747647656372
counter/5/0/0/0,3332:1747647652006:,1747647656372
counter/5/0/0/0,3333:1747647652006:,1747647656372
counter/5/0/0/0,3334:1747647652006:,1747647656372
counter/5/0/0/0,3335:1747647652006:,1747647656372
counter/5/0/0/0,3336:1747647652006:,1747647656372
counter/5/0/0/0,3337:1747647652006:,1747647656373
counter/8/0/0/0,3553:1747647652262:,1747647656373
counter/5/0/0/0,3338:1747647652006:,1747647656373
counter/6/0/0/0,3124:1747647652547:,1747647656377
counter/4/0/0/0,3604:1747647652560:,1747647656377
counter/6/0/0/0,3125:1747647652547:,1747647656377
counter/1/0/0/0,3385:1747647652381:,1747647656378
counter/10/0/0/0,3102:1747647652354:,1747647656379
counter/7/0/0/0,3258:1747647652364:,1747647656379
counter/1/0/0/0,3386:1747647652381:,1747647656381
counter/7/0/0/0,3259:1747647652364:,1747647656382
counter/7/0/0/0,3260:1747647652364:,1747647656382
counter/7/0/0/0,3261:1747647652372:,1747647656382
counter/7/0/0/0,3262:1747647652373:,1747647656382
counter/7/0/0/0,3263:1747647652374:,1747647656382
counter/9/0/0/0,3639:1747647652496:,1747647656382
counter/6/0/0/0,3126:1747647652547:,1747647656382
counter/7/0/0/0,3264:1747647652374:,1747647656383
counter/2/0/0/0,3026:1747647651808:,1747647656383
counter/2/0/0/0,3027:1747647651808:,1747647656383
counter/2/0/0/0,3028:1747647651808:,1747647656383
counter/2/0/0/0,3029:1747647651808:,1747647656384
counter/2/0/0/0,3030:1747647651808:,1747647656384
counter/2/0/0/0,3031:1747647651808:,1747647656384
counter/2/0/0/0,3032:1747647651808:,1747647656384
counter/2/0/0/0,3033:1747647651808:,1747647656384
counter/2/0/0/0,3034:1747647651808:,1747647656384
counter/8/0/0/0,3554:1747647652262:,1747647656384
counter/4/0/0/0,3605:1747647652560:,1747647656384
counter/10/0/0/0,3103:1747647652354:,1747647656384
counter/1/0/0/0,3387:1747647652381:,1747647656384
counter/10/0/0/0,3104:1747647652359:,1747647656385
counter/1/0/0/0,3388:1747647652381:,1747647656385
counter/9/0/0/0,3640:1747647652500:,1747647656385
counter/6/0/0/0,3127:1747647652547:,1747647656385
counter/1/0/0/0,3389:1747647652381:,1747647656385
counter/1/0/0/0,3390:1747647652381:,1747647656385
counter/1/0/0/0,3391:1747647652381:,1747647656385
counter/1/0/0/0,3392:1747647652381:,1747647656385
counter/1/0/0/0,3393:1747647652381:,1747647656385
counter/3/0/0/0,3491:1747647652342:,1747647656385
counter/5/0/0/0,3339:1747647652013:,1747647656386
counter/7/0/0/0,3265:1747647652374:,1747647656386
counter/7/0/0/0,3266:1747647652374:,1747647656386
counter/7/0/0/0,3267:1747647652374:,1747647656386
counter/7/0/0/0,3268:1747647652374:,1747647656386
counter/7/0/0/0,3269:1747647652374:,1747647656386
counter/7/0/0/0,3270:1747647652374:,1747647656386
counter/7/0/0/0,3271:1747647652374:,1747647656386
counter/7/0/0/0,3272:1747647652374:,1747647656387
counter/7/0/0/0,3273:1747647652374:,1747647656388
counter/9/0/0/0,3641:1747647652500:,1747647656388
counter/9/0/0/0,3642:1747647652500:,1747647656388
counter/9/0/0/0,3643:1747647652500:,1747647656388
counter/9/0/0/0,3644:1747647652500:,1747647656388
counter/9/0/0/0,3645:1747647652500:,1747647656388
counter/9/0/0/0,3646:1747647652521:,1747647656388
counter/9/0/0/0,3647:1747647652521:,1747647656388
counter/9/0/0/0,3648:1747647652521:,1747647656388
counter/9/0/0/0,3649:1747647652521:,1747647656388
counter/9/0/0/0,3650:1747647652521:,1747647656389
counter/9/0/0/0,3651:1747647652521:,1747647656389
counter/9/0/0/0,3652:1747647652521:,1747647656389
counter/9/0/0/0,3653:1747647652521:,1747647656389
counter/9/0/0/0,3654:1747647652521:,1747647656389
counter/9/0/0/0,3655:1747647652524:,1747647656389
counter/9/0/0/0,3656:1747647652524:,1747647656389
counter/9/0/0/0,3657:1747647652524:,1747647656389
counter/9/0/0/0,3658:1747647652524:,1747647656390
counter/6/0/0/0,3128:1747647652548:,1747647656390
counter/8/0/0/0,3555:1747647652262:,1747647656390
counter/6/0/0/0,3129:1747647652548:,1747647656390
counter/2/0/0/0,3035:1747647651808:,1747647656390
counter/2/0/0/0,3036:1747647651808:,1747647656390
counter/2/0/0/0,3037:1747647651814:,1747647656390
counter/1/0/0/0,3394:1747647652387:,1747647656390
counter/1/0/0/0,3395:1747647652388:,1747647656390
counter/1/0/0/0,3396:1747647652388:,1747647656390
counter/9/0/0/0,3659:1747647652524:,1747647656391
counter/6/0/0/0,3130:1747647652548:,1747647656391
counter/5/0/0/0,3340:1747647652021:,1747647656391
counter/3/0/0/0,3492:1747647652342:,1747647656392
counter/6/0/0/0,3131:1747647652548:,1747647656392
counter/2/0/0/0,3038:1747647651814:,1747647656392
counter/2/0/0/0,3039:1747647651814:,1747647656392
counter/2/0/0/0,3040:1747647651814:,1747647656392
counter/2/0/0/0,3041:1747647651814:,1747647656392
counter/2/0/0/0,3042:1747647651814:,1747647656393
counter/2/0/0/0,3043:1747647651818:,1747647656393
counter/9/0/0/0,3660:1747647652524:,1747647656393
counter/9/0/0/0,3661:1747647652524:,1747647656393
counter/3/0/0/0,3493:1747647652342:,1747647656394
counter/3/0/0/0,3494:1747647652342:,1747647656394
counter/3/0/0/0,3495:1747647652342:,1747647656394
counter/3/0/0/0,3496:1747647652346:,1747647656394
counter/1/0/0/0,3397:1747647652388:,1747647656394
counter/3/0/0/0,3497:1747647652348:,1747647656395
counter/3/0/0/0,3498:1747647652349:,1747647656395
counter/3/0/0/0,3499:1747647652349:,1747647656395
counter/3/0/0/0,3500:1747647652349:,1747647656395
counter/4/0/0/0,3606:1747647652560:,1747647656396
counter/4/0/0/0,3607:1747647652560:,1747647656396
counter/4/0/0/0,3608:1747647652560:,1747647656396
counter/4/0/0/0,3609:1747647652560:,1747647656396
counter/4/0/0/0,3610:1747647652560:,1747647656396
counter/4/0/0/0,3611:1747647652560:,1747647656396
counter/4/0/0/0,3612:1747647652560:,1747647656396
counter/4/0/0/0,3613:1747647652560:,1747647656396
counter/10/0/0/0,3105:1747647652359:,1747647656396
counter/8/0/0/0,3556:1747647652262:,1747647656396
counter/8/0/0/0,3557:1747647652270:,1747647656397
counter/8/0/0/0,3558:1747647652270:,1747647656399
counter/1/0/0/0,3398:1747647652388:,1747647656399
counter/8/0/0/0,3559:1747647652270:,1747647656399
counter/10/0/0/0,3106:1747647652359:,1747647656399
counter/2/0/0/0,3044:1747647651818:,1747647656400
counter/7/0/0/0,3274:1747647652374:,1747647656400
counter/5/0/0/0,3341:1747647652021:,1747647656400
counter/3/0/0/0,3501:1747647652349:,1747647656401
counter/9/0/0/0,3662:1747647652524:,1747647656401
counter/3/0/0/0,3502:1747647652349:,1747647656401
counter/3/0/0/0,3503:1747647652349:,1747647656401
counter/3/0/0/0,3504:1747647652349:,1747647656401
counter/3/0/0/0,3505:1747647652349:,1747647656401
counter/3/0/0/0,3506:1747647652349:,1747647656401
counter/3/0/0/0,3507:1747647652349:,1747647656401
counter/2/0/0/0,3045:1747647651818:,1747647656401
counter/6/0/0/0,3132:1747647652548:,1747647656402
counter/1/0/0/0,3399:1747647652391:,1747647656402
counter/3/0/0/0,3508:1747647652349:,1747647656402
counter/3/0/0/0,3509:1747647652349:,1747647656402
counter/3/0/0/0,3510:1747647652349:,1747647656402
counter/3/0/0/0,3511:1747647652349:,1747647656402
counter/3/0/0/0,3512:1747647652349:,1747647656402
counter/3/0/0/0,3513:1747647652350:,1747647656402
counter/8/0/0/0,3560:1747647652270:,1747647656402
counter/4/0/0/0,3614:1747647652560:,1747647656403
counter/8/0/0/0,3561:1747647652270:,1747647656403
counter/8/0/0/0,3562:1747647652270:,1747647656403
counter/8/0/0/0,3563:1747647652270:,1747647656403
counter/4/0/0/0,3615:1747647652560:,1747647656404
counter/4/0/0/0,3616:1747647652560:,1747647656404
counter/4/0/0/0,3617:1747647652560:,1747647656404
counter/4/0/0/0,3618:1747647652560:,1747647656404
counter/4/0/0/0,3619:1747647652561:,1747647656404
counter/4/0/0/0,3620:1747647652561:,1747647656404
counter/7/0/0/0,3275:1747647652376:,1747647656404
counter/7/0/0/0,3276:1747647652378:,1747647656405
counter/7/0/0/0,3277:1747647652378:,1747647656405
counter/7/0/0/0,3278:1747647652378:,1747647656405
counter/7/0/0/0,3279:1747647652378:,1747647656405
counter/7/0/0/0,3280:1747647652378:,1747647656405
counter/8/0/0/0,3564:1747647652270:,1747647656405
counter/6/0/0/0,3133:1747647652548:,1747647656405
counter/6/0/0/0,3134:1747647652548:,1747647656405
counter/6/0/0/0,3135:1747647652548:,1747647656405
counter/6/0/0/0,3136:1747647652548:,1747647656405
counter/6/0/0/0,3137:1747647652548:,1747647656406
counter/6/0/0/0,3138:1747647652548:,1747647656406
counter/6/0/0/0,3139:1747647652565:,1747647656406
counter/6/0/0/0,3140:1747647652565:,1747647656406
counter/6/0/0/0,3141:1747647652565:,1747647656406
counter/6/0/0/0,3142:1747647652565:,1747647656406
counter/9/0/0/0,3663:1747647652524:,1747647656406
counter/9/0/0/0,3664:1747647652524:,1747647656407
counter/9/0/0/0,3665:1747647652524:,1747647656408
counter/7/0/0/0,3281:1747647652378:,1747647656408
counter/1/0/0/0,3400:1747647652392:,1747647656411
counter/4/0/0/0,3621:1747647652561:,1747647656412
counter/8/0/0/0,3565:1747647652270:,1747647656412
counter/6/0/0/0,3143:1747647652565:,1747647656412
counter/8/0/0/0,3566:1747647652270:,1747647656412
counter/4/0/0/0,3622:1747647652561:,1747647656413
counter/4/0/0/0,3623:1747647652561:,1747647656413
counter/4/0/0/0,3624:1747647652561:,1747647656413
counter/4/0/0/0,3625:1747647652561:,1747647656413
counter/4/0/0/0,3626:1747647652561:,1747647656413
counter/4/0/0/0,3627:1747647652564:,1747647656413
counter/4/0/0/0,3628:1747647652564:,1747647656413
counter/10/0/0/0,3107:1747647652360:,1747647656415
counter/9/0/0/0,3666:1747647652524:,1747647656415
counter/9/0/0/0,3667:1747647652524:,1747647656415
counter/7/0/0/0,3282:1747647652378:,1747647656416
counter/7/0/0/0,3283:1747647652378:,1747647656416
counter/7/0/0/0,3284:1747647652378:,1747647656416
counter/7/0/0/0,3285:1747647652378:,1747647656416
counter/7/0/0/0,3286:1747647652378:,1747647656416
counter/7/0/0/0,3287:1747647652378:,1747647656416
counter/7/0/0/0,3288:1747647652378:,1747647656416
counter/7/0/0/0,3289:1747647652378:,1747647656416
counter/10/0/0/0,3108:1747647652360:,1747647656416
counter/2/0/0/0,3046:1747647651818:,1747647656417
counter/2/0/0/0,3047:1747647651819:,1747647656417
counter/9/0/0/0,3668:1747647652524:,1747647656417
counter/1/0/0/0,3401:1747647652392:,1747647656417
counter/1/0/0/0,3402:1747647652392:,1747647656418
counter/1/0/0/0,3403:1747647652392:,1747647656418
counter/4/0/0/0,3629:1747647652582:,1747647656418
counter/4/0/0/0,3630:1747647652582:,1747647656418
counter/4/0/0/0,3631:1747647652583:,1747647656418
counter/4/0/0/0,3632:1747647652583:,1747647656418
counter/4/0/0/0,3633:1747647652583:,1747647656418
counter/4/0/0/0,3634:1747647652583:,1747647656418
counter/4/0/0/0,3635:1747647652583:,1747647656418
counter/4/0/0/0,3636:1747647652583:,1747647656418
counter/2/0/0/0,3048:1747647651819:,1747647656418
counter/4/0/0/0,3637:1747647652583:,1747647656419
counter/5/0/0/0,3342:1747647652021:,1747647656419
counter/5/0/0/0,3343:1747647652021:,1747647656419
counter/5/0/0/0,3344:1747647652021:,1747647656419
counter/5/0/0/0,3345:1747647652021:,1747647656419
counter/8/0/0/0,3567:1747647652270:,1747647656419
counter/8/0/0/0,3568:1747647652270:,1747647656419
counter/8/0/0/0,3569:1747647652270:,1747647656419
counter/4/0/0/0,3638:1747647652583:,1747647656420
counter/5/0/0/0,3346:1747647652021:,1747647656420
counter/4/0/0/0,3639:1747647652583:,1747647656421
counter/8/0/0/0,3570:1747647652270:,1747647656423
counter/8/0/0/0,3571:1747647652270:,1747647656423
counter/4/0/0/0,3640:1747647652583:,1747647656423
counter/8/0/0/0,3572:1747647652270:,1747647656423
counter/9/0/0/0,3669:1747647652524:,1747647656423
counter/6/0/0/0,3144:1747647652565:,1747647656424
counter/2/0/0/0,3049:1747647651819:,1747647656424
counter/10/0/0/0,3109:1747647652360:,1747647656424
counter/5/0/0/0,3347:1747647652021:,1747647656425
counter/10/0/0/0,3110:1747647652360:,1747647656426
counter/9/0/0/0,3670:1747647652524:,1747647656426
counter/2/0/0/0,3050:1747647651819:,1747647656426
counter/9/0/0/0,3671:1747647652524:,1747647656426
counter/8/0/0/0,3573:1747647652270:,1747647656426
counter/1/0/0/0,3404:1747647652392:,1747647656426
counter/1/0/0/0,3405:1747647652392:,1747647656426
counter/8/0/0/0,3574:1747647652270:,1747647656428
counter/6/0/0/0,3145:1747647652565:,1747647656428
counter/2/0/0/0,3051:1747647651819:,1747647656428
counter/2/0/0/0,3052:1747647651819:,1747647656428
counter/2/0/0/0,3053:1747647651819:,1747647656428
counter/2/0/0/0,3054:1747647651819:,1747647656428
counter/2/0/0/0,3055:1747647651819:,1747647656428
counter/3/0/0/0,3514:1747647652350:,1747647656429
counter/3/0/0/0,3515:1747647652350:,1747647656429
counter/3/0/0/0,3516:1747647652350:,1747647656429
counter/3/0/0/0,3517:1747647652350:,1747647656429
counter/3/0/0/0,3518:1747647652350:,1747647656429
counter/7/0/0/0,3290:1747647652378:,1747647656429
counter/10/0/0/0,3111:1747647652360:,1747647656435
counter/10/0/0/0,3112:1747647652360:,1747647656435
counter/10/0/0/0,3113:1747647652360:,1747647656435
counter/7/0/0/0,3291:1747647652378:,1747647656435
counter/10/0/0/0,3114:1747647652360:,1747647656435
counter/10/0/0/0,3115:1747647652360:,1747647656435
counter/10/0/0/0,3116:1747647652360:,1747647656435
counter/10/0/0/0,3117:1747647652360:,1747647656435
counter/10/0/0/0,3118:1747647652360:,1747647656435
counter/10/0/0/0,3119:1747647652360:,1747647656435
counter/10/0/0/0,3120:1747647652360:,1747647656435
counter/8/0/0/0,3575:1747647652270:,1747647656436
counter/7/0/0/0,3292:1747647652378:,1747647656436
counter/4/0/0/0,3641:1747647652583:,1747647656436
counter/9/0/0/0,3672:1747647652526:,1747647656436
counter/9/0/0/0,3673:1747647652526:,1747647656436
counter/9/0/0/0,3674:1747647652526:,1747647656436
counter/9/0/0/0,3675:1747647652526:,1747647656436
counter/9/0/0/0,3676:1747647652526:,1747647656436
counter/2/0/0/0,3056:1747647651819:,1747647656437
counter/9/0/0/0,3677:1747647652526:,1747647656437
counter/9/0/0/0,3678:1747647652526:,1747647656437
counter/9/0/0/0,3679:1747647652526:,1747647656437
counter/9/0/0/0,3680:1747647652526:,1747647656437
counter/2/0/0/0,3057:1747647651819:,1747647656437
counter/9/0/0/0,3681:1747647652526:,1747647656437
counter/9/0/0/0,3682:1747647652526:,1747647656437
counter/9/0/0/0,3683:1747647652526:,1747647656437
counter/9/0/0/0,3684:1747647652526:,1747647656438
counter/9/0/0/0,3685:1747647652526:,1747647656438
counter/4/0/0/0,3642:1747647652583:,1747647656438
counter/9/0/0/0,3686:1747647652530:,1747647656438
counter/9/0/0/0,3687:1747647652530:,1747647656438
counter/1/0/0/0,3406:1747647652392:,1747647656438
counter/9/0/0/0,3688:1747647652530:,1747647656438
counter/1/0/0/0,3407:1747647652392:,1747647656438
counter/9/0/0/0,3689:1747647652530:,1747647656438
counter/1/0/0/0,3408:1747647652392:,1747647656438
counter/9/0/0/0,3690:1747647652530:,1747647656438
counter/1/0/0/0,3409:1747647652392:,1747647656438
counter/9/0/0/0,3691:1747647652530:,1747647656438
counter/1/0/0/0,3410:1747647652392:,1747647656438
counter/1/0/0/0,3411:1747647652392:,1747647656438
counter/1/0/0/0,3412:1747647652392:,1747647656438
counter/1/0/0/0,3413:1747647652392:,1747647656438
counter/1/0/0/0,3414:1747647652398:,1747647656438
counter/1/0/0/0,3415:1747647652398:,1747647656439
counter/1/0/0/0,3416:1747647652398:,1747647656439
counter/1/0/0/0,3417:1747647652398:,1747647656439
counter/1/0/0/0,3418:1747647652398:,1747647656439
counter/1/0/0/0,3419:1747647652398:,1747647656439
counter/1/0/0/0,3420:1747647652405:,1747647656439
counter/1/0/0/0,3421:1747647652405:,1747647656439
counter/1/0/0/0,3422:1747647652405:,1747647656439
counter/1/0/0/0,3423:1747647652405:,1747647656439
counter/1/0/0/0,3424:1747647652405:,1747647656439
counter/10/0/0/0,3121:1747647652360:,1747647656442
counter/9/0/0/0,3692:1747647652531:,1747647656442
counter/1/0/0/0,3425:1747647652405:,1747647656442
counter/5/0/0/0,3348:1747647652022:,1747647656443
counter/6/0/0/0,3146:1747647652565:,1747647656443
counter/5/0/0/0,3349:1747647652022:,1747647656443
counter/5/0/0/0,3350:1747647652022:,1747647656443
counter/5/0/0/0,3351:1747647652022:,1747647656443
counter/5/0/0/0,3352:1747647652022:,1747647656443
counter/5/0/0/0,3353:1747647652022:,1747647656443
counter/5/0/0/0,3354:1747647652023:,1747647656443
counter/5/0/0/0,3355:1747647652023:,1747647656443
counter/5/0/0/0,3356:1747647652023:,1747647656443
counter/5/0/0/0,3357:1747647652023:,1747647656443
counter/2/0/0/0,3058:1747647651820:,1747647656443
counter/1/0/0/0,3426:1747647652405:,1747647656445
counter/1/0/0/0,3427:1747647652405:,1747647656445
counter/1/0/0/0,3428:1747647652405:,1747647656445
counter/1/0/0/0,3429:1747647652405:,1747647656445
counter/1/0/0/0,3430:1747647652405:,1747647656445
counter/2/0/0/0,3059:1747647651820:,1747647656446
counter/5/0/0/0,3358:1747647652025:,1747647656446
counter/10/0/0/0,3122:1747647652360:,1747647656447
counter/2/0/0/0,3060:1747647651820:,1747647656448
counter/6/0/0/0,3147:1747647652565:,1747647656448
counter/6/0/0/0,3148:1747647652565:,1747647656448
counter/6/0/0/0,3149:1747647652565:,1747647656448
counter/6/0/0/0,3150:1747647652565:,1747647656448
counter/6/0/0/0,3151:1747647652565:,1747647656448
counter/6/0/0/0,3152:1747647652567:,1747647656448
counter/6/0/0/0,3153:1747647652567:,1747647656448
counter/6/0/0/0,3154:1747647652569:,1747647656448
counter/6/0/0/0,3155:1747647652569:,1747647656449
counter/6/0/0/0,3156:1747647652569:,1747647656449
counter/6/0/0/0,3157:1747647652569:,1747647656449
counter/6/0/0/0,3158:1747647652569:,1747647656449
counter/6/0/0/0,3159:1747647652569:,1747647656449
counter/6/0/0/0,3160:1747647652569:,1747647656449
counter/6/0/0/0,3161:1747647652569:,1747647656449
counter/6/0/0/0,3162:1747647652569:,1747647656449
counter/6/0/0/0,3163:1747647652591:,1747647656449
counter/6/0/0/0,3164:1747647652591:,1747647656449
counter/6/0/0/0,3165:1747647652591:,1747647656449
counter/6/0/0/0,3166:1747647652591:,1747647656450
counter/9/0/0/0,3693:1747647652531:,1747647656450
counter/8/0/0/0,3576:1747647652270:,1747647656450
counter/9/0/0/0,3694:1747647652531:,1747647656450
counter/9/0/0/0,3695:1747647652531:,1747647656450
counter/9/0/0/0,3696:1747647652531:,1747647656450
counter/9/0/0/0,3697:1747647652531:,1747647656450
counter/9/0/0/0,3698:1747647652532:,1747647656450
counter/9/0/0/0,3699:1747647652537:,1747647656450
counter/1/0/0/0,3431:1747647652405:,1747647656450
counter/8/0/0/0,3577:1747647652270:,1747647656450
counter/4/0/0/0,3643:1747647652585:,1747647656451
counter/9/0/0/0,3700:1747647652537:,1747647656451
counter/1/0/0/0,3432:1747647652407:,1747647656451
counter/1/0/0/0,3433:1747647652407:,1747647656451
counter/1/0/0/0,3434:1747647652407:,1747647656451
counter/8/0/0/0,3578:1747647652270:,1747647656452
counter/1/0/0/0,3435:1747647652407:,1747647656452
counter/1/0/0/0,3436:1747647652407:,1747647656452
counter/1/0/0/0,3437:1747647652407:,1747647656452
counter/1/0/0/0,3438:1747647652407:,1747647656452
counter/1/0/0/0,3439:1747647652407:,1747647656452
counter/1/0/0/0,3440:1747647652410:,1747647656452
counter/1/0/0/0,3441:1747647652411:,1747647656452
counter/1/0/0/0,3442:1747647652411:,1747647656452
counter/1/0/0/0,3443:1747647652411:,1747647656452
counter/9/0/0/0,3701:1747647652537:,1747647656452
counter/6/0/0/0,3167:1747647652591:,1747647656453
counter/7/0/0/0,3293:1747647652378:,1747647656453
counter/2/0/0/0,3061:1747647651820:,1747647656453
counter/9/0/0/0,3702:1747647652537:,1747647656454
counter/6/0/0/0,3168:1747647652591:,1747647656454
counter/6/0/0/0,3169:1747647652591:,1747647656454
counter/6/0/0/0,3170:1747647652592:,1747647656454
counter/6/0/0/0,3171:1747647652592:,1747647656454
counter/6/0/0/0,3172:1747647652592:,1747647656454
counter/6/0/0/0,3173:1747647652592:,1747647656454
counter/6/0/0/0,3174:1747647652592:,1747647656454
counter/6/0/0/0,3175:1747647652592:,1747647656454
counter/6/0/0/0,3176:1747647652592:,1747647656454
counter/6/0/0/0,3177:1747647652592:,1747647656454
counter/6/0/0/0,3178:1747647652592:,1747647656454
counter/6/0/0/0,3179:1747647652592:,1747647656454
counter/6/0/0/0,3180:1747647652592:,1747647656454
counter/8/0/0/0,3579:1747647652270:,1747647656454
counter/8/0/0/0,3580:1747647652270:,1747647656454
counter/8/0/0/0,3581:1747647652270:,1747647656454
counter/8/0/0/0,3582:1747647652270:,1747647656454
counter/1/0/0/0,3444:1747647652411:,1747647656454
counter/1/0/0/0,3445:1747647652411:,1747647656454
counter/2/0/0/0,3062:1747647651820:,1747647656454
counter/1/0/0/0,3446:1747647652411:,1747647656455
counter/9/0/0/0,3703:1747647652537:,1747647656456
counter/1/0/0/0,3447:1747647652411:,1747647656456
counter/1/0/0/0,3448:1747647652411:,1747647656456
counter/1/0/0/0,3449:1747647652411:,1747647656456
counter/1/0/0/0,3450:1747647652422:,1747647656456
counter/7/0/0/0,3294:1747647652384:,1747647656456
counter/6/0/0/0,3181:1747647652592:,1747647656456
counter/6/0/0/0,3182:1747647652592:,1747647656456
counter/6/0/0/0,3183:1747647652592:,1747647656456
counter/6/0/0/0,3184:1747647652592:,1747647656456
counter/6/0/0/0,3185:1747647652592:,1747647656456
counter/6/0/0/0,3186:1747647652597:,1747647656456
counter/6/0/0/0,3187:1747647652597:,1747647656456
counter/6/0/0/0,3188:1747647652597:,1747647656457
counter/6/0/0/0,3189:1747647652597:,1747647656457
counter/4/0/0/0,3644:1747647652586:,1747647656457
counter/2/0/0/0,3063:1747647651820:,1747647656459
counter/3/0/0/0,3519:1747647652350:,1747647656459
counter/3/0/0/0,3520:1747647652350:,1747647656460
counter/2/0/0/0,3064:1747647651820:,1747647656460
counter/2/0/0/0,3065:1747647651820:,1747647656460
counter/10/0/0/0,3123:1747647652360:,1747647656460
counter/2/0/0/0,3066:1747647651820:,1747647656460
counter/10/0/0/0,3124:1747647652361:,1747647656460
counter/2/0/0/0,3067:1747647651820:,1747647656460
counter/1/0/0/0,3451:1747647652422:,1747647656460
counter/7/0/0/0,3295:1747647652384:,1747647656460
counter/7/0/0/0,3296:1747647652384:,1747647656460
counter/7/0/0/0,3297:1747647652385:,1747647656461
counter/7/0/0/0,3298:1747647652385:,1747647656461
counter/9/0/0/0,3704:1747647652538:,1747647656461
counter/6/0/0/0,3190:1747647652597:,1747647656461
counter/9/0/0/0,3705:1747647652538:,1747647656461
counter/9/0/0/0,3706:1747647652538:,1747647656461
counter/9/0/0/0,3707:1747647652538:,1747647656461
counter/9/0/0/0,3708:1747647652538:,1747647656461
counter/2/0/0/0,3068:1747647651820:,1747647656461
counter/8/0/0/0,3583:1747647652270:,1747647656462
counter/9/0/0/0,3709:1747647652538:,1747647656464
counter/5/0/0/0,3359:1747647652025:,1747647656465
counter/10/0/0/0,3125:1747647652365:,1747647656465
counter/8/0/0/0,3584:1747647652270:,1747647656465
counter/8/0/0/0,3585:1747647652271:,1747647656465
counter/9/0/0/0,3710:1747647652538:,1747647656466
counter/10/0/0/0,3126:1747647652365:,1747647656467
counter/10/0/0/0,3127:1747647652365:,1747647656467
counter/10/0/0/0,3128:1747647652365:,1747647656467
counter/2/0/0/0,3069:1747647651820:,1747647656467
counter/4/0/0/0,3645:1747647652586:,1747647656467
counter/4/0/0/0,3646:1747647652586:,1747647656467
counter/4/0/0/0,3647:1747647652586:,1747647656467
counter/4/0/0/0,3648:1747647652586:,1747647656467
counter/4/0/0/0,3649:1747647652588:,1747647656467
counter/4/0/0/0,3650:1747647652588:,1747647656467
counter/4/0/0/0,3651:1747647652588:,1747647656468
counter/4/0/0/0,3652:1747647652588:,1747647656468
counter/4/0/0/0,3653:1747647652588:,1747647656468
counter/4/0/0/0,3654:1747647652588:,1747647656468
counter/4/0/0/0,3655:1747647652596:,1747647656468
counter/8/0/0/0,3586:1747647652271:,1747647656468
counter/8/0/0/0,3587:1747647652271:,1747647656468
counter/8/0/0/0,3588:1747647652271:,1747647656468
counter/1/0/0/0,3452:1747647652422:,1747647656469
counter/1/0/0/0,3453:1747647652422:,1747647656469
counter/1/0/0/0,3454:1747647652423:,1747647656469
counter/8/0/0/0,3589:1747647652271:,1747647656470
counter/4/0/0/0,3656:1747647652596:,1747647656470
counter/5/0/0/0,3360:1747647652025:,1747647656470
counter/4/0/0/0,3657:1747647652596:,1747647656471
counter/4/0/0/0,3658:1747647652596:,1747647656471
counter/4/0/0/0,3659:1747647652596:,1747647656471
counter/10/0/0/0,3129:1747647652365:,1747647656472
counter/10/0/0/0,3130:1747647652365:,1747647656472
counter/10/0/0/0,3131:1747647652365:,1747647656472
counter/10/0/0/0,3132:1747647652365:,1747647656472
counter/2/0/0/0,3070:1747647651820:,1747647656473
counter/5/0/0/0,3361:1747647652025:,1747647656474
counter/3/0/0/0,3521:1747647652350:,1747647656474
counter/3/0/0/0,3522:1747647652350:,1747647656474
counter/1/0/0/0,3455:1747647652423:,1747647656476
counter/10/0/0/0,3133:1747647652365:,1747647656476
counter/10/0/0/0,3134:1747647652365:,1747647656476
counter/10/0/0/0,3135:1747647652365:,1747647656476
counter/10/0/0/0,3136:1747647652366:,1747647656476
counter/10/0/0/0,3137:1747647652366:,1747647656476
counter/10/0/0/0,3138:1747647652366:,1747647656476
counter/10/0/0/0,3139:1747647652366:,1747647656476
counter/10/0/0/0,3140:1747647652366:,1747647656476
counter/10/0/0/0,3141:1747647652366:,1747647656476
counter/3/0/0/0,3523:1747647652350:,1747647656476
counter/8/0/0/0,3590:1747647652271:,1747647656476
counter/8/0/0/0,3591:1747647652271:,1747647656476
counter/9/0/0/0,3711:1747647652538:,1747647656476
counter/9/0/0/0,3712:1747647652539:,1747647656477
counter/9/0/0/0,3713:1747647652546:,1747647656477
counter/9/0/0/0,3714:1747647652546:,1747647656477
counter/9/0/0/0,3715:1747647652546:,1747647656477
counter/9/0/0/0,3716:1747647652546:,1747647656477
counter/9/0/0/0,3717:1747647652546:,1747647656477
counter/5/0/0/0,3362:1747647652025:,1747647656477
counter/4/0/0/0,3660:1747647652596:,1747647656477
counter/10/0/0/0,3142:1747647652366:,1747647656477
counter/10/0/0/0,3143:1747647652366:,1747647656477
counter/10/0/0/0,3144:1747647652366:,1747647656477
counter/10/0/0/0,3145:1747647652366:,1747647656477
counter/10/0/0/0,3146:1747647652366:,1747647656477
counter/10/0/0/0,3147:1747647652366:,1747647656477
counter/10/0/0/0,3148:1747647652366:,1747647656477
counter/10/0/0/0,3149:1747647652366:,1747647656477
counter/10/0/0/0,3150:1747647652366:,1747647656477
counter/10/0/0/0,3151:1747647652366:,1747647656477
counter/10/0/0/0,3152:1747647652367:,1747647656477
counter/10/0/0/0,3153:1747647652367:,1747647656477
counter/10/0/0/0,3154:1747647652367:,1747647656477
counter/1/0/0/0,3456:1747647652423:,1747647656477
counter/10/0/0/0,3155:1747647652367:,1747647656478
counter/10/0/0/0,3156:1747647652367:,1747647656478
counter/10/0/0/0,3157:1747647652367:,1747647656478
counter/10/0/0/0,3158:1747647652367:,1747647656478
counter/10/0/0/0,3159:1747647652367:,1747647656478
counter/2/0/0/0,3071:1747647651820:,1747647656478
counter/2/0/0/0,3072:1747647651820:,1747647656478
counter/2/0/0/0,3073:1747647651820:,1747647656478
counter/8/0/0/0,3592:1747647652271:,1747647656478
counter/9/0/0/0,3718:1747647652546:,1747647656479
counter/8/0/0/0,3593:1747647652271:,1747647656480
counter/3/0/0/0,3524:1747647652350:,1747647656480
counter/10/0/0/0,3160:1747647652367:,1747647656480
counter/4/0/0/0,3661:1747647652596:,1747647656481
counter/9/0/0/0,3719:1747647652546:,1747647656481
counter/9/0/0/0,3720:1747647652547:,1747647656481
counter/1/0/0/0,3457:1747647652423:,1747647656482
counter/9/0/0/0,3721:1747647652547:,1747647656482
counter/9/0/0/0,3722:1747647652547:,1747647656483
counter/10/0/0/0,3161:1747647652367:,1747647656483
counter/2/0/0/0,3074:1747647651820:,1747647656483
counter/2/0/0/0,3075:1747647651820:,1747647656483
counter/2/0/0/0,3076:1747647651820:,1747647656483
counter/2/0/0/0,3077:1747647651820:,1747647656483
counter/2/0/0/0,3078:1747647651820:,1747647656483
counter/2/0/0/0,3079:1747647651820:,1747647656483
counter/6/0/0/0,3191:1747647652597:,1747647656483
counter/1/0/0/0,3458:1747647652423:,1747647656484
counter/9/0/0/0,3723:1747647652547:,1747647656484
counter/8/0/0/0,3594:1747647652271:,1747647656484
counter/2/0/0/0,3080:1747647651820:,1747647656485
counter/2/0/0/0,3081:1747647651820:,1747647656485
counter/2/0/0/0,3082:1747647651820:,1747647656485
counter/2/0/0/0,3083:1747647651820:,1747647656485
counter/2/0/0/0,3084:1747647651823:,1747647656485
counter/3/0/0/0,3525:1747647652350:,1747647656486
counter/4/0/0/0,3662:1747647652596:,1747647656486
counter/9/0/0/0,3724:1747647652547:,1747647656486
counter/4/0/0/0,3663:1747647652596:,1747647656486
counter/4/0/0/0,3664:1747647652596:,1747647656486
counter/4/0/0/0,3665:1747647652596:,1747647656486
counter/4/0/0/0,3666:1747647652596:,1747647656486
counter/5/0/0/0,3363:1747647652025:,1747647656486
counter/5/0/0/0,3364:1747647652025:,1747647656486
counter/5/0/0/0,3365:1747647652025:,1747647656486
counter/7/0/0/0,3299:1747647652385:,1747647656486
counter/7/0/0/0,3300:1747647652385:,1747647656486
counter/7/0/0/0,3301:1747647652385:,1747647656486
counter/6/0/0/0,3192:1747647652597:,1747647656486
counter/6/0/0/0,3193:1747647652597:,1747647656486
counter/6/0/0/0,3194:1747647652597:,1747647656486
counter/6/0/0/0,3195:1747647652598:,1747647656487
counter/6/0/0/0,3196:1747647652598:,1747647656487
counter/3/0/0/0,3526:1747647652350:,1747647656487
counter/9/0/0/0,3725:1747647652556:,1747647656488
counter/1/0/0/0,3459:1747647652423:,1747647656488
counter/1/0/0/0,3460:1747647652423:,1747647656488
counter/1/0/0/0,3461:1747647652423:,1747647656488
counter/1/0/0/0,3462:1747647652423:,1747647656488
counter/6/0/0/0,3197:1747647652598:,1747647656489
counter/6/0/0/0,3198:1747647652598:,1747647656489
counter/6/0/0/0,3199:1747647652615:,1747647656489
counter/6/0/0/0,3200:1747647652615:,1747647656489
counter/6/0/0/0,3201:1747647652615:,1747647656489
counter/6/0/0/0,3202:1747647652615:,1747647656489
counter/6/0/0/0,3203:1747647652615:,1747647656489
counter/6/0/0/0,3204:1747647652615:,1747647656489
counter/6/0/0/0,3205:1747647652628:,1747647656489
counter/6/0/0/0,3206:1747647652628:,1747647656489
counter/6/0/0/0,3207:1747647652628:,1747647656489
counter/8/0/0/0,3595:1747647652271:,1747647656489
counter/2/0/0/0,3085:1747647651826:,1747647656490
counter/1/0/0/0,3463:1747647652423:,1747647656490
counter/1/0/0/0,3464:1747647652424:,1747647656491
counter/1/0/0/0,3465:1747647652424:,1747647656491
counter/1/0/0/0,3466:1747647652424:,1747647656491
counter/1/0/0/0,3467:1747647652424:,1747647656491
counter/1/0/0/0,3468:1747647652424:,1747647656491
counter/1/0/0/0,3469:1747647652424:,1747647656491
counter/7/0/0/0,3302:1747647652385:,1747647656491
counter/1/0/0/0,3470:1747647652424:,1747647656491
counter/7/0/0/0,3303:1747647652385:,1747647656491
counter/1/0/0/0,3471:1747647652425:,1747647656491
counter/7/0/0/0,3304:1747647652385:,1747647656491
counter/7/0/0/0,3305:1747647652385:,1747647656491
counter/7/0/0/0,3306:1747647652385:,1747647656491
counter/7/0/0/0,3307:1747647652385:,1747647656491
counter/7/0/0/0,3308:1747647652385:,1747647656491
counter/2/0/0/0,3086:1747647651827:,1747647656491
counter/7/0/0/0,3309:1747647652385:,1747647656491
counter/7/0/0/0,3310:1747647652385:,1747647656491
counter/9/0/0/0,3726:1747647652556:,1747647656491
counter/9/0/0/0,3727:1747647652556:,1747647656491
counter/9/0/0/0,3728:1747647652556:,1747647656491
counter/9/0/0/0,3729:1747647652556:,1747647656491
counter/9/0/0/0,3730:1747647652556:,1747647656491
counter/9/0/0/0,3731:1747647652556:,1747647656491
counter/9/0/0/0,3732:1747647652561:,1747647656491
counter/9/0/0/0,3733:1747647652566:,1747647656491
counter/9/0/0/0,3734:1747647652571:,1747647656492
counter/9/0/0/0,3735:1747647652571:,1747647656492
counter/9/0/0/0,3736:1747647652571:,1747647656492
counter/9/0/0/0,3737:1747647652571:,1747647656492
counter/9/0/0/0,3738:1747647652571:,1747647656492
counter/9/0/0/0,3739:1747647652571:,1747647656493
counter/9/0/0/0,3740:1747647652571:,1747647656493
counter/9/0/0/0,3741:1747647652571:,1747647656493
counter/6/0/0/0,3208:1747647652628:,1747647656493
counter/9/0/0/0,3742:1747647652571:,1747647656493
counter/8/0/0/0,3596:1747647652271:,1747647656493
counter/9/0/0/0,3743:1747647652571:,1747647656493
counter/8/0/0/0,3597:1747647652271:,1747647656493
counter/9/0/0/0,3744:1747647652571:,1747647656493
counter/8/0/0/0,3598:1747647652271:,1747647656493
counter/9/0/0/0,3745:1747647652572:,1747647656493
counter/8/0/0/0,3599:1747647652271:,1747647656493
counter/9/0/0/0,3746:1747647652572:,1747647656493
counter/3/0/0/0,3527:1747647652350:,1747647656493
counter/3/0/0/0,3528:1747647652350:,1747647656493
counter/3/0/0/0,3529:1747647652350:,1747647656493
counter/6/0/0/0,3209:1747647652628:,1747647656493
counter/3/0/0/0,3530:1747647652350:,1747647656493
counter/8/0/0/0,3600:1747647652271:,1747647656493
counter/3/0/0/0,3531:1747647652352:,1747647656493
counter/8/0/0/0,3601:1747647652271:,1747647656493
counter/8/0/0/0,3602:1747647652271:,1747647656493
counter/8/0/0/0,3603:1747647652271:,1747647656493
counter/8/0/0/0,3604:1747647652271:,1747647656493
counter/8/0/0/0,3605:1747647652271:,1747647656493
counter/6/0/0/0,3210:1747647652628:,1747647656494
counter/7/0/0/0,3311:1747647652385:,1747647656494
counter/6/0/0/0,3211:1747647652631:,1747647656494
counter/6/0/0/0,3212:1747647652652:,1747647656494
counter/6/0/0/0,3213:1747647652652:,1747647656494
counter/6/0/0/0,3214:1747647652652:,1747647656494
counter/6/0/0/0,3215:1747647652652:,1747647656494
counter/6/0/0/0,3216:1747647652652:,1747647656495
counter/6/0/0/0,3217:1747647652652:,1747647656495
counter/6/0/0/0,3218:1747647652652:,1747647656495
counter/4/0/0/0,3667:1747647652596:,1747647656495
counter/4/0/0/0,3668:1747647652596:,1747647656495
counter/4/0/0/0,3669:1747647652596:,1747647656495
counter/7/0/0/0,3312:1747647652394:,1747647656495
counter/7/0/0/0,3313:1747647652394:,1747647656496
counter/7/0/0/0,3314:1747647652394:,1747647656496
counter/7/0/0/0,3315:1747647652394:,1747647656496
counter/7/0/0/0,3316:1747647652394:,1747647656496
counter/7/0/0/0,3317:1747647652394:,1747647656496
counter/7/0/0/0,3318:1747647652394:,1747647656496
counter/10/0/0/0,3162:1747647652368:,1747647656496
counter/7/0/0/0,3319:1747647652394:,1747647656496
counter/10/0/0/0,3163:1747647652369:,1747647656496
counter/7/0/0/0,3320:1747647652394:,1747647656496
counter/10/0/0/0,3164:1747647652369:,1747647656496
counter/10/0/0/0,3165:1747647652369:,1747647656496
counter/10/0/0/0,3166:1747647652369:,1747647656496
counter/10/0/0/0,3167:1747647652369:,1747647656496
counter/10/0/0/0,3168:1747647652369:,1747647656496
counter/10/0/0/0,3169:1747647652369:,1747647656496
counter/10/0/0/0,3170:1747647652369:,1747647656496
counter/4/0/0/0,3670:1747647652596:,1747647656497
counter/6/0/0/0,3219:1747647652652:,1747647656497
counter/9/0/0/0,3747:1747647652572:,1747647656498
counter/3/0/0/0,3532:1747647652352:,1747647656499
counter/6/0/0/0,3220:1747647652652:,1747647656499
counter/7/0/0/0,3321:1747647652394:,1747647656499
counter/5/0/0/0,3366:1747647652039:,1747647656499
counter/5/0/0/0,3367:1747647652039:,1747647656499
counter/5/0/0/0,3368:1747647652039:,1747647656500
counter/9/0/0/0,3748:1747647652572:,1747647656500
counter/9/0/0/0,3749:1747647652572:,1747647656500
counter/6/0/0/0,3221:1747647652652:,1747647656500
counter/6/0/0/0,3222:1747647652652:,1747647656500
counter/5/0/0/0,3369:1747647652039:,1747647656500
counter/5/0/0/0,3370:1747647652039:,1747647656500
counter/5/0/0/0,3371:1747647652039:,1747647656500
counter/8/0/0/0,3606:1747647652271:,1747647656500
counter/7/0/0/0,3322:1747647652394:,1747647656502
counter/7/0/0/0,3323:1747647652394:,1747647656502
counter/7/0/0/0,3324:1747647652394:,1747647656502
counter/5/0/0/0,3372:1747647652043:,1747647656502
counter/5/0/0/0,3373:1747647652043:,1747647656502
counter/5/0/0/0,3374:1747647652043:,1747647656502
counter/5/0/0/0,3375:1747647652044:,1747647656503
counter/2/0/0/0,3087:1747647651830:,1747647656503
counter/2/0/0/0,3088:1747647651832:,1747647656503
counter/1/0/0/0,3472:1747647652425:,1747647656503
counter/3/0/0/0,3533:1747647652352:,1747647656503
counter/3/0/0/0,3534:1747647652352:,1747647656503
counter/9/0/0/0,3750:1747647652573:,1747647656503
counter/7/0/0/0,3325:1747647652394:,1747647656503
counter/9/0/0/0,3751:1747647652574:,1747647656504
counter/7/0/0/0,3326:1747647652394:,1747647656505
counter/9/0/0/0,3752:1747647652574:,1747647656505
counter/7/0/0/0,3327:1747647652394:,1747647656505
counter/9/0/0/0,3753:1747647652574:,1747647656506
counter/9/0/0/0,3754:1747647652574:,1747647656506
counter/9/0/0/0,3755:1747647652574:,1747647656506
counter/10/0/0/0,3171:1747647652369:,1747647656506
counter/10/0/0/0,3172:1747647652369:,1747647656506
counter/10/0/0/0,3173:1747647652369:,1747647656506
counter/10/0/0/0,3174:1747647652369:,1747647656506
counter/10/0/0/0,3175:1747647652369:,1747647656506
counter/2/0/0/0,3089:1747647651834:,1747647656506
counter/1/0/0/0,3473:1747647652425:,1747647656506
counter/1/0/0/0,3474:1747647652425:,1747647656507
counter/1/0/0/0,3475:1747647652425:,1747647656507
counter/1/0/0/0,3476:1747647652425:,1747647656507
counter/1/0/0/0,3477:1747647652425:,1747647656507
counter/4/0/0/0,3671:1747647652596:,1747647656507
counter/9/0/0/0,3756:1747647652574:,1747647656507
counter/9/0/0/0,3757:1747647652574:,1747647656507
counter/9/0/0/0,3758:1747647652574:,1747647656507
counter/9/0/0/0,3759:1747647652574:,1747647656507
counter/9/0/0/0,3760:1747647652574:,1747647656508
counter/7/0/0/0,3328:1747647652394:,1747647656508
counter/7/0/0/0,3329:1747647652394:,1747647656508
counter/7/0/0/0,3330:1747647652394:,1747647656508
counter/7/0/0/0,3331:1747647652395:,1747647656508
counter/7/0/0/0,3332:1747647652395:,1747647656508
counter/3/0/0/0,3535:1747647652352:,1747647656508
counter/4/0/0/0,3672:1747647652596:,1747647656510
counter/3/0/0/0,3536:1747647652352:,1747647656512
counter/1/0/0/0,3478:1747647652425:,1747647656512
counter/1/0/0/0,3479:1747647652435:,1747647656512
counter/1/0/0/0,3480:1747647652446:,1747647656512
counter/1/0/0/0,3481:1747647652446:,1747647656512
counter/10/0/0/0,3176:1747647652369:,1747647656512
counter/10/0/0/0,3177:1747647652369:,1747647656512
counter/10/0/0/0,3178:1747647652369:,1747647656512
counter/10/0/0/0,3179:1747647652369:,1747647656512
counter/3/0/0/0,3537:1747647652352:,1747647656514
counter/4/0/0/0,3673:1747647652596:,1747647656514
counter/10/0/0/0,3180:1747647652369:,1747647656516
counter/7/0/0/0,3333:1747647652395:,1747647656517
counter/7/0/0/0,3334:1747647652395:,1747647656517
counter/3/0/0/0,3538:1747647652352:,1747647656517
counter/10/0/0/0,3181:1747647652369:,1747647656517
counter/3/0/0/0,3539:1747647652352:,1747647656517
counter/10/0/0/0,3182:1747647652372:,1747647656517
counter/3/0/0/0,3540:1747647652352:,1747647656517
counter/10/0/0/0,3183:1747647652373:,1747647656518
counter/9/0/0/0,3761:1747647652574:,1747647656518
counter/1/0/0/0,3482:1747647652446:,1747647656519
counter/1/0/0/0,3483:1747647652446:,1747647656519
counter/1/0/0/0,3484:1747647652446:,1747647656519
counter/1/0/0/0,3485:1747647652446:,1747647656519
counter/1/0/0/0,3486:1747647652446:,1747647656519
counter/1/0/0/0,3487:1747647652448:,1747647656519
counter/5/0/0/0,3376:1747647652044:,1747647656519
counter/5/0/0/0,3377:1747647652044:,1747647656519
counter/5/0/0/0,3378:1747647652044:,1747647656519
counter/5/0/0/0,3379:1747647652044:,1747647656519
counter/5/0/0/0,3380:1747647652044:,1747647656519
counter/5/0/0/0,3381:1747647652044:,1747647656519
counter/5/0/0/0,3382:1747647652044:,1747647656519
counter/5/0/0/0,3383:1747647652044:,1747647656519
counter/5/0/0/0,3384:1747647652044:,1747647656519
counter/5/0/0/0,3385:1747647652046:,1747647656519
counter/5/0/0/0,3386:1747647652046:,1747647656519
counter/10/0/0/0,3184:1747647652373:,1747647656520
counter/2/0/0/0,3090:1747647651834:,1747647656521
counter/2/0/0/0,3091:1747647651834:,1747647656521
counter/2/0/0/0,3092:1747647651834:,1747647656521
counter/2/0/0/0,3093:1747647651834:,1747647656521
counter/2/0/0/0,3094:1747647651834:,1747647656521
counter/2/0/0/0,3095:1747647651834:,1747647656521
counter/2/0/0/0,3096:1747647651835:,1747647656521
counter/9/0/0/0,3762:1747647652574:,1747647656521
counter/10/0/0/0,3185:1747647652373:,1747647656521
counter/7/0/0/0,3335:1747647652395:,1747647656522
counter/8/0/0/0,3607:1747647652271:,1747647656522
counter/7/0/0/0,3336:1747647652395:,1747647656522
counter/8/0/0/0,3608:1747647652271:,1747647656522
counter/5/0/0/0,3387:1747647652046:,1747647656522
counter/5/0/0/0,3388:1747647652046:,1747647656522
counter/10/0/0/0,3186:1747647652373:,1747647656522
counter/5/0/0/0,3389:1747647652046:,1747647656522
counter/1/0/0/0,3488:1747647652448:,1747647656522
counter/4/0/0/0,3674:1747647652596:,1747647656522
counter/8/0/0/0,3609:1747647652271:,1747647656523
counter/8/0/0/0,3610:1747647652271:,1747647656523
counter/8/0/0/0,3611:1747647652271:,1747647656523
counter/8/0/0/0,3612:1747647652271:,1747647656524
counter/8/0/0/0,3613:1747647652271:,1747647656524
counter/8/0/0/0,3614:1747647652271:,1747647656524
counter/9/0/0/0,3763:1747647652574:,1747647656525
counter/8/0/0/0,3615:1747647652271:,1747647656525
counter/5/0/0/0,3390:1747647652046:,1747647656527
counter/5/0/0/0,3391:1747647652046:,1747647656527
counter/5/0/0/0,3392:1747647652046:,1747647656527
counter/5/0/0/0,3393:1747647652046:,1747647656527
counter/5/0/0/0,3394:1747647652046:,1747647656527
counter/5/0/0/0,3395:1747647652046:,1747647656528
counter/4/0/0/0,3675:1747647652596:,1747647656528
counter/4/0/0/0,3676:1747647652596:,1747647656528
counter/4/0/0/0,3677:1747647652596:,1747647656528
counter/1/0/0/0,3489:1747647652448:,1747647656528
counter/3/0/0/0,3541:1747647652352:,1747647656528
counter/3/0/0/0,3542:1747647652352:,1747647656528
counter/9/0/0/0,3764:1747647652574:,1747647656528
counter/4/0/0/0,3678:1747647652596:,1747647656529
counter/4/0/0/0,3679:1747647652596:,1747647656529
counter/1/0/0/0,3490:1747647652448:,1747647656529
counter/4/0/0/0,3680:1747647652597:,1747647656529
counter/4/0/0/0,3681:1747647652597:,1747647656529
counter/4/0/0/0,3682:1747647652597:,1747647656529
counter/2/0/0/0,3097:1747647651835:,1747647656529
counter/2/0/0/0,3098:1747647651835:,1747647656530
counter/3/0/0/0,3543:1747647652352:,1747647656530
counter/1/0/0/0,3491:1747647652448:,1747647656531
counter/7/0/0/0,3337:1747647652395:,1747647656531
counter/7/0/0/0,3338:1747647652395:,1747647656531
counter/7/0/0/0,3339:1747647652395:,1747647656531
counter/7/0/0/0,3340:1747647652395:,1747647656531
counter/7/0/0/0,3341:1747647652395:,1747647656531
counter/7/0/0/0,3342:1747647652396:,1747647656531
counter/7/0/0/0,3343:1747647652396:,1747647656531
counter/7/0/0/0,3344:1747647652396:,1747647656531
counter/7/0/0/0,3345:1747647652396:,1747647656531
counter/7/0/0/0,3346:1747647652396:,1747647656531
counter/7/0/0/0,3347:1747647652396:,1747647656531
counter/7/0/0/0,3348:1747647652396:,1747647656532
counter/7/0/0/0,3349:1747647652396:,1747647656532
counter/7/0/0/0,3350:1747647652396:,1747647656532
counter/7/0/0/0,3351:1747647652396:,1747647656532
counter/9/0/0/0,3765:1747647652575:,1747647656532
counter/9/0/0/0,3766:1747647652575:,1747647656532
counter/6/0/0/0,3223:1747647652652:,1747647656532
counter/9/0/0/0,3767:1747647652575:,1747647656533
counter/2/0/0/0,3099:1747647651835:,1747647656533
counter/1/0/0/0,3492:1747647652448:,1747647656533
counter/2/0/0/0,3100:1747647651835:,1747647656534
counter/2/0/0/0,3101:1747647651836:,1747647656535
counter/5/0/0/0,3396:1747647652064:,1747647656535
counter/5/0/0/0,3397:1747647652064:,1747647656535
counter/5/0/0/0,3398:1747647652064:,1747647656535
counter/5/0/0/0,3399:1747647652064:,1747647656535
counter/1/0/0/0,3493:1747647652448:,1747647656535
counter/5/0/0/0,3400:1747647652074:,1747647656535
counter/4/0/0/0,3683:1747647652597:,1747647656535
counter/7/0/0/0,3352:1747647652396:,1747647656535
counter/10/0/0/0,3187:1747647652373:,1747647656536
counter/1/0/0/0,3494:1747647652449:,1747647656536
counter/1/0/0/0,3495:1747647652449:,1747647656536
counter/1/0/0/0,3496:1747647652449:,1747647656536
counter/1/0/0/0,3497:1747647652449:,1747647656536
counter/1/0/0/0,3498:1747647652449:,1747647656536
counter/1/0/0/0,3499:1747647652450:,1747647656536
counter/7/0/0/0,3353:1747647652396:,1747647656536
counter/7/0/0/0,3354:1747647652396:,1747647656537
counter/7/0/0/0,3355:1747647652396:,1747647656537
counter/9/0/0/0,3768:1747647652575:,1747647656537
counter/9/0/0/0,3769:1747647652575:,1747647656537
counter/3/0/0/0,3544:1747647652352:,1747647656537
counter/3/0/0/0,3545:1747647652352:,1747647656537
counter/3/0/0/0,3546:1747647652352:,1747647656537
counter/3/0/0/0,3547:1747647652352:,1747647656537
counter/3/0/0/0,3548:1747647652352:,1747647656538
counter/8/0/0/0,3616:1747647652271:,1747647656542
counter/8/0/0/0,3617:1747647652271:,1747647656542
counter/8/0/0/0,3618:1747647652271:,1747647656542
counter/8/0/0/0,3619:1747647652271:,1747647656542
counter/10/0/0/0,3188:1747647652373:,1747647656542
counter/1/0/0/0,3500:1747647652450:,1747647656542
counter/10/0/0/0,3189:1747647652373:,1747647656542
counter/1/0/0/0,3501:1747647652451:,1747647656542
counter/4/0/0/0,3684:1747647652601:,1747647656542
counter/4/0/0/0,3685:1747647652601:,1747647656542
counter/4/0/0/0,3686:1747647652601:,1747647656542
counter/5/0/0/0,3401:1747647652074:,1747647656542
counter/4/0/0/0,3687:1747647652601:,1747647656543
counter/5/0/0/0,3402:1747647652074:,1747647656543
counter/4/0/0/0,3688:1747647652601:,1747647656543
counter/4/0/0/0,3689:1747647652608:,1747647656543
counter/9/0/0/0,3770:1747647652576:,1747647656544
counter/4/0/0/0,3690:1747647652608:,1747647656544
counter/1/0/0/0,3502:1747647652451:,1747647656544
counter/7/0/0/0,3356:1747647652396:,1747647656544
counter/5/0/0/0,3403:1747647652074:,1747647656545
counter/7/0/0/0,3357:1747647652396:,1747647656545
counter/7/0/0/0,3358:1747647652396:,1747647656545
counter/7/0/0/0,3359:1747647652396:,1747647656545
counter/7/0/0/0,3360:1747647652396:,1747647656545
counter/5/0/0/0,3404:1747647652074:,1747647656545
counter/9/0/0/0,3771:1747647652576:,1747647656545
counter/7/0/0/0,3361:1747647652396:,1747647656545
counter/7/0/0/0,3362:1747647652396:,1747647656545
counter/7/0/0/0,3363:1747647652396:,1747647656545
counter/7/0/0/0,3364:1747647652399:,1747647656546
counter/7/0/0/0,3365:1747647652399:,1747647656546
counter/7/0/0/0,3366:1747647652399:,1747647656546
counter/7/0/0/0,3367:1747647652399:,1747647656546
counter/8/0/0/0,3620:1747647652271:,1747647656546
counter/8/0/0/0,3621:1747647652271:,1747647656546
counter/8/0/0/0,3622:1747647652271:,1747647656546
counter/8/0/0/0,3623:1747647652271:,1747647656546
counter/8/0/0/0,3624:1747647652271:,1747647656546
counter/8/0/0/0,3625:1747647652271:,1747647656546
counter/10/0/0/0,3190:1747647652376:,1747647656546
counter/6/0/0/0,3224:1747647652652:,1747647656547
counter/6/0/0/0,3225:1747647652652:,1747647656548
counter/5/0/0/0,3405:1747647652074:,1747647656548
counter/6/0/0/0,3226:1747647652665:,1747647656548
counter/5/0/0/0,3406:1747647652074:,1747647656548
counter/5/0/0/0,3407:1747647652074:,1747647656548
counter/5/0/0/0,3408:1747647652074:,1747647656548
counter/6/0/0/0,3227:1747647652665:,1747647656548
counter/5/0/0/0,3409:1747647652074:,1747647656548
counter/5/0/0/0,3410:1747647652074:,1747647656548
counter/5/0/0/0,3411:1747647652075:,1747647656548
counter/8/0/0/0,3626:1747647652271:,1747647656548
counter/1/0/0/0,3503:1747647652457:,1747647656548
counter/3/0/0/0,3549:1747647652352:,1747647656548
counter/3/0/0/0,3550:1747647652352:,1747647656548
counter/10/0/0/0,3191:1747647652382:,1747647656548
counter/9/0/0/0,3772:1747647652576:,1747647656549
counter/7/0/0/0,3368:1747647652399:,1747647656549
counter/4/0/0/0,3691:1747647652609:,1747647656551
counter/2/0/0/0,3102:1747647651841:,1747647656553
counter/4/0/0/0,3692:1747647652609:,1747647656553
counter/2/0/0/0,3103:1747647651844:,1747647656554
counter/2/0/0/0,3104:1747647651844:,1747647656554
counter/2/0/0/0,3105:1747647651844:,1747647656554
counter/2/0/0/0,3106:1747647651844:,1747647656555
counter/2/0/0/0,3107:1747647651844:,1747647656555
counter/2/0/0/0,3108:1747647651844:,1747647656555
counter/2/0/0/0,3109:1747647651844:,1747647656555
counter/2/0/0/0,3110:1747647651844:,1747647656555
counter/2/0/0/0,3111:1747647651844:,1747647656555
counter/1/0/0/0,3504:1747647652457:,1747647656555
counter/1/0/0/0,3505:1747647652457:,1747647656555
counter/1/0/0/0,3506:1747647652457:,1747647656555
counter/1/0/0/0,3507:1747647652457:,1747647656555
counter/1/0/0/0,3508:1747647652457:,1747647656555
counter/1/0/0/0,3509:1747647652458:,1747647656555
counter/1/0/0/0,3510:1747647652468:,1747647656555
counter/1/0/0/0,3511:1747647652468:,1747647656555
counter/1/0/0/0,3512:1747647652468:,1747647656555
counter/1/0/0/0,3513:1747647652468:,1747647656555
counter/1/0/0/0,3514:1747647652468:,1747647656555
counter/2/0/0/0,3112:1747647651844:,1747647656555
counter/9/0/0/0,3773:1747647652576:,1747647656555
counter/5/0/0/0,3412:1747647652075:,1747647656555
counter/8/0/0/0,3627:1747647652271:,1747647656555
counter/9/0/0/0,3774:1747647652576:,1747647656556
counter/3/0/0/0,3551:1747647652353:,1747647656556
counter/5/0/0/0,3413:1747647652075:,1747647656556
counter/8/0/0/0,3628:1747647652271:,1747647656556
counter/1/0/0/0,3515:1747647652468:,1747647656557
counter/1/0/0/0,3516:1747647652468:,1747647656557
counter/1/0/0/0,3517:1747647652468:,1747647656557
counter/1/0/0/0,3518:1747647652468:,1747647656557
counter/1/0/0/0,3519:1747647652468:,1747647656557
counter/1/0/0/0,3520:1747647652468:,1747647656557
counter/1/0/0/0,3521:1747647652468:,1747647656557
counter/1/0/0/0,3522:1747647652468:,1747647656557
counter/7/0/0/0,3369:1747647652399:,1747647656557
counter/7/0/0/0,3370:1747647652399:,1747647656557
counter/7/0/0/0,3371:1747647652403:,1747647656557
counter/7/0/0/0,3372:1747647652404:,1747647656557
counter/7/0/0/0,3373:1747647652404:,1747647656557
counter/7/0/0/0,3374:1747647652404:,1747647656557
counter/7/0/0/0,3375:1747647652404:,1747647656557
counter/7/0/0/0,3376:1747647652404:,1747647656557
counter/7/0/0/0,3377:1747647652405:,1747647656558
counter/7/0/0/0,3378:1747647652405:,1747647656558
counter/7/0/0/0,3379:1747647652405:,1747647656558
counter/7/0/0/0,3380:1747647652405:,1747647656558
counter/6/0/0/0,3228:1747647652665:,1747647656558
counter/1/0/0/0,3523:1747647652468:,1747647656558
counter/1/0/0/0,3524:1747647652468:,1747647656558
counter/1/0/0/0,3525:1747647652468:,1747647656558
counter/2/0/0/0,3113:1747647651844:,1747647656558
counter/10/0/0/0,3192:1747647652382:,1747647656558
counter/10/0/0/0,3193:1747647652382:,1747647656558
counter/10/0/0/0,3194:1747647652382:,1747647656558
counter/10/0/0/0,3195:1747647652382:,1747647656558
counter/5/0/0/0,3414:1747647652075:,1747647656558
counter/10/0/0/0,3196:1747647652382:,1747647656558
counter/6/0/0/0,3229:1747647652665:,1747647656559
counter/6/0/0/0,3230:1747647652665:,1747647656559
counter/6/0/0/0,3231:1747647652665:,1747647656559
counter/6/0/0/0,3232:1747647652666:,1747647656559
counter/4/0/0/0,3693:1747647652609:,1747647656559
counter/6/0/0/0,3233:1747647652666:,1747647656559
counter/3/0/0/0,3552:1747647652353:,1747647656559
counter/5/0/0/0,3415:1747647652075:,1747647656560
counter/6/0/0/0,3234:1747647652666:,1747647656561
counter/9/0/0/0,3775:1747647652578:,1747647656561
counter/9/0/0/0,3776:1747647652578:,1747647656561
counter/9/0/0/0,3777:1747647652578:,1747647656561
counter/9/0/0/0,3778:1747647652578:,1747647656561
counter/9/0/0/0,3779:1747647652578:,1747647656561
counter/9/0/0/0,3780:1747647652578:,1747647656561
counter/9/0/0/0,3781:1747647652578:,1747647656561
counter/6/0/0/0,3235:1747647652666:,1747647656561
counter/1/0/0/0,3526:1747647652469:,1747647656563
counter/1/0/0/0,3527:1747647652469:,1747647656563
counter/1/0/0/0,3528:1747647652469:,1747647656563
counter/1/0/0/0,3529:1747647652469:,1747647656563
counter/1/0/0/0,3530:1747647652469:,1747647656563
counter/2/0/0/0,3114:1747647651844:,1747647656563
counter/1/0/0/0,3531:1747647652469:,1747647656563
counter/1/0/0/0,3532:1747647652470:,1747647656563
counter/1/0/0/0,3533:1747647652470:,1747647656563
counter/1/0/0/0,3534:1747647652470:,1747647656563
counter/8/0/0/0,3629:1747647652271:,1747647656563
counter/3/0/0/0,3553:1747647652353:,1747647656564
counter/6/0/0/0,3236:1747647652666:,1747647656564
counter/5/0/0/0,3416:1747647652075:,1747647656565
counter/2/0/0/0,3115:1747647651844:,1747647656565
counter/2/0/0/0,3116:1747647651844:,1747647656565
counter/2/0/0/0,3117:1747647651844:,1747647656565
counter/2/0/0/0,3118:1747647651844:,1747647656565
counter/2/0/0/0,3119:1747647651844:,1747647656565
counter/2/0/0/0,3120:1747647651849:,1747647656565
counter/2/0/0/0,3121:1747647651854:,1747647656565
counter/2/0/0/0,3122:1747647651867:,1747647656565
counter/2/0/0/0,3123:1747647651867:,1747647656565
counter/2/0/0/0,3124:1747647651867:,1747647656565
counter/2/0/0/0,3125:1747647651867:,1747647656565
counter/3/0/0/0,3554:1747647652353:,1747647656565
counter/9/0/0/0,3782:1747647652578:,1747647656565
counter/1/0/0/0,3535:1747647652470:,1747647656565
counter/1/0/0/0,3536:1747647652470:,1747647656566
counter/4/0/0/0,3694:1747647652609:,1747647656566
counter/4/0/0/0,3695:1747647652609:,1747647656566
counter/4/0/0/0,3696:1747647652609:,1747647656566
counter/4/0/0/0,3697:1747647652609:,1747647656566
counter/4/0/0/0,3698:1747647652609:,1747647656566
counter/5/0/0/0,3417:1747647652075:,1747647656566
counter/8/0/0/0,3630:1747647652271:,1747647656566
counter/3/0/0/0,3555:1747647652353:,1747647656566
counter/1/0/0/0,3537:1747647652470:,1747647656566
counter/1/0/0/0,3538:1747647652470:,1747647656566
counter/1/0/0/0,3539:1747647652470:,1747647656567
counter/8/0/0/0,3631:1747647652271:,1747647656567
counter/7/0/0/0,3381:1747647652405:,1747647656568
counter/7/0/0/0,3382:1747647652405:,1747647656568
counter/7/0/0/0,3383:1747647652405:,1747647656568
counter/7/0/0/0,3384:1747647652406:,1747647656568
counter/7/0/0/0,3385:1747647652406:,1747647656568
counter/3/0/0/0,3556:1747647652353:,1747647656568
counter/1/0/0/0,3540:1747647652470:,1747647656568
counter/1/0/0/0,3541:1747647652470:,1747647656568
counter/1/0/0/0,3542:1747647652470:,1747647656568
counter/1/0/0/0,3543:1747647652472:,1747647656568
counter/1/0/0/0,3544:1747647652472:,1747647656569
counter/2/0/0/0,3126:1747647651867:,1747647656569
counter/8/0/0/0,3632:1747647652271:,1747647656569
counter/5/0/0/0,3418:1747647652075:,1747647656569
counter/3/0/0/0,3557:1747647652353:,1747647656569
counter/3/0/0/0,3558:1747647652353:,1747647656569
counter/3/0/0/0,3559:1747647652353:,1747647656570
counter/3/0/0/0,3560:1747647652353:,1747647656570
counter/3/0/0/0,3561:1747647652353:,1747647656570
counter/3/0/0/0,3562:1747647652353:,1747647656570
counter/3/0/0/0,3563:1747647652354:,1747647656570
counter/9/0/0/0,3783:1747647652579:,1747647656570
counter/9/0/0/0,3784:1747647652579:,1747647656570
counter/9/0/0/0,3785:1747647652579:,1747647656570
counter/9/0/0/0,3786:1747647652579:,1747647656570
counter/9/0/0/0,3787:1747647652579:,1747647656570
counter/9/0/0/0,3788:1747647652579:,1747647656570
counter/1/0/0/0,3545:1747647652482:,1747647656570
counter/8/0/0/0,3633:1747647652272:,1747647656570
counter/10/0/0/0,3197:1747647652382:,1747647656571
counter/2/0/0/0,3127:1747647651867:,1747647656572
counter/6/0/0/0,3237:1747647652666:,1747647656572
counter/2/0/0/0,3128:1747647651867:,1747647656572
counter/4/0/0/0,3699:1747647652609:,1747647656572
counter/2/0/0/0,3129:1747647651867:,1747647656572
counter/2/0/0/0,3130:1747647651867:,1747647656572
counter/2/0/0/0,3131:1747647651867:,1747647656572
counter/2/0/0/0,3132:1747647651867:,1747647656572
counter/2/0/0/0,3133:1747647651867:,1747647656572
counter/2/0/0/0,3134:1747647651867:,1747647656573
counter/2/0/0/0,3135:1747647651867:,1747647656573
counter/2/0/0/0,3136:1747647651867:,1747647656573
counter/2/0/0/0,3137:1747647651867:,1747647656573
counter/2/0/0/0,3138:1747647651867:,1747647656573
counter/2/0/0/0,3139:1747647651869:,1747647656573
counter/2/0/0/0,3140:1747647651870:,1747647656573
counter/2/0/0/0,3141:1747647651870:,1747647656573
counter/9/0/0/0,3789:1747647652579:,1747647656573
counter/9/0/0/0,3790:1747647652579:,1747647656573
counter/9/0/0/0,3791:1747647652579:,1747647656573
counter/9/0/0/0,3792:1747647652579:,1747647656573
counter/2/0/0/0,3142:1747647651870:,1747647656574
counter/7/0/0/0,3386:1747647652406:,1747647656574
counter/7/0/0/0,3387:1747647652407:,1747647656574
counter/7/0/0/0,3388:1747647652407:,1747647656574
counter/7/0/0/0,3389:1747647652407:,1747647656574
counter/7/0/0/0,3390:1747647652407:,1747647656574
counter/5/0/0/0,3419:1747647652075:,1747647656574
counter/5/0/0/0,3420:1747647652075:,1747647656574
counter/5/0/0/0,3421:1747647652076:,1747647656574
counter/4/0/0/0,3700:1747647652609:,1747647656574
counter/2/0/0/0,3143:1747647651870:,1747647656574
counter/2/0/0/0,3144:1747647651870:,1747647656575
counter/2/0/0/0,3145:1747647651870:,1747647656575
counter/2/0/0/0,3146:1747647651870:,1747647656575
counter/2/0/0/0,3147:1747647651870:,1747647656575
counter/2/0/0/0,3148:1747647651870:,1747647656575
counter/7/0/0/0,3391:1747647652407:,1747647656575
counter/9/0/0/0,3793:1747647652579:,1747647656576
counter/6/0/0/0,3238:1747647652667:,1747647656576
counter/4/0/0/0,3701:1747647652609:,1747647656577
counter/2/0/0/0,3149:1747647651870:,1747647656577
counter/9/0/0/0,3794:1747647652579:,1747647656577
counter/9/0/0/0,3795:1747647652581:,1747647656577
counter/9/0/0/0,3796:1747647652581:,1747647656577
counter/7/0/0/0,3392:1747647652407:,1747647656579
counter/4/0/0/0,3702:1747647652609:,1747647656579
counter/4/0/0/0,3703:1747647652609:,1747647656579
counter/4/0/0/0,3704:1747647652609:,1747647656579
counter/4/0/0/0,3705:1747647652611:,1747647656579
counter/4/0/0/0,3706:1747647652612:,1747647656579
counter/4/0/0/0,3707:1747647652612:,1747647656579
counter/10/0/0/0,3198:1747647652382:,1747647656579
counter/10/0/0/0,3199:1747647652382:,1747647656579
counter/10/0/0/0,3200:1747647652382:,1747647656579
counter/10/0/0/0,3201:1747647652382:,1747647656579
counter/10/0/0/0,3202:1747647652382:,1747647656579
counter/5/0/0/0,3422:1747647652076:,1747647656579
counter/2/0/0/0,3150:1747647651870:,1747647656579
counter/2/0/0/0,3151:1747647651870:,1747647656581
counter/2/0/0/0,3152:1747647651876:,1747647656581
counter/2/0/0/0,3153:1747647651885:,1747647656581
counter/2/0/0/0,3154:1747647651885:,1747647656581
counter/2/0/0/0,3155:1747647651885:,1747647656581
counter/2/0/0/0,3156:1747647651885:,1747647656581
counter/2/0/0/0,3157:1747647651886:,1747647656581
counter/2/0/0/0,3158:1747647651890:,1747647656581
counter/2/0/0/0,3159:1747647651890:,1747647656582
counter/9/0/0/0,3797:1747647652581:,1747647656582
counter/9/0/0/0,3798:1747647652581:,1747647656582
counter/9/0/0/0,3799:1747647652581:,1747647656582
counter/2/0/0/0,3160:1747647651891:,1747647656582
counter/10/0/0/0,3203:1747647652382:,1747647656582
counter/5/0/0/0,3423:1747647652076:,1747647656582
counter/5/0/0/0,3424:1747647652076:,1747647656582
counter/5/0/0/0,3425:1747647652076:,1747647656582
counter/5/0/0/0,3426:1747647652076:,1747647656583
counter/5/0/0/0,3427:1747647652076:,1747647656583
counter/3/0/0/0,3564:1747647652354:,1747647656584
counter/5/0/0/0,3428:1747647652076:,1747647656584
counter/5/0/0/0,3429:1747647652076:,1747647656584
counter/5/0/0/0,3430:1747647652076:,1747647656584
counter/5/0/0/0,3431:1747647652076:,1747647656584
counter/5/0/0/0,3432:1747647652076:,1747647656584
counter/7/0/0/0,3393:1747647652407:,1747647656584
counter/1/0/0/0,3546:1747647652482:,1747647656584
counter/7/0/0/0,3394:1747647652408:,1747647656584
counter/1/0/0/0,3547:1747647652483:,1747647656584
counter/2/0/0/0,3161:1747647651891:,1747647656584
counter/2/0/0/0,3162:1747647651891:,1747647656584
counter/2/0/0/0,3163:1747647651891:,1747647656584
counter/2/0/0/0,3164:1747647651891:,1747647656584
counter/2/0/0/0,3165:1747647651891:,1747647656584
counter/2/0/0/0,3166:1747647651906:,1747647656585
counter/8/0/0/0,3634:1747647652272:,1747647656585
counter/2/0/0/0,3167:1747647651906:,1747647656585
counter/8/0/0/0,3635:1747647652272:,1747647656585
counter/8/0/0/0,3636:1747647652272:,1747647656585
counter/8/0/0/0,3637:1747647652272:,1747647656585
counter/8/0/0/0,3638:1747647652272:,1747647656586
counter/10/0/0/0,3204:1747647652382:,1747647656586
counter/10/0/0/0,3205:1747647652382:,1747647656586
counter/4/0/0/0,3708:1747647652612:,1747647656586
counter/1/0/0/0,3548:1747647652483:,1747647656586
counter/4/0/0/0,3709:1747647652612:,1747647656586
counter/4/0/0/0,3710:1747647652612:,1747647656586
counter/9/0/0/0,3800:1747647652581:,1747647656586
counter/4/0/0/0,3711:1747647652612:,1747647656586
counter/4/0/0/0,3712:1747647652612:,1747647656586
counter/4/0/0/0,3713:1747647652612:,1747647656587
counter/2/0/0/0,3168:1747647651906:,1747647656587
counter/8/0/0/0,3639:1747647652272:,1747647656588
counter/8/0/0/0,3640:1747647652272:,1747647656588
counter/1/0/0/0,3549:1747647652483:,1747647656588
counter/7/0/0/0,3395:1747647652408:,1747647656588
counter/7/0/0/0,3396:1747647652408:,1747647656588
counter/7/0/0/0,3397:1747647652408:,1747647656589
counter/4/0/0/0,3714:1747647652612:,1747647656589
counter/4/0/0/0,3715:1747647652612:,1747647656589
counter/4/0/0/0,3716:1747647652612:,1747647656589
counter/4/0/0/0,3717:1747647652612:,1747647656589
counter/4/0/0/0,3718:1747647652612:,1747647656589
counter/4/0/0/0,3719:1747647652612:,1747647656590
counter/4/0/0/0,3720:1747647652612:,1747647656590
counter/4/0/0/0,3721:1747647652612:,1747647656590
counter/4/0/0/0,3722:1747647652614:,1747647656590
counter/9/0/0/0,3801:1747647652581:,1747647656590
counter/6/0/0/0,3239:1747647652667:,1747647656590
counter/9/0/0/0,3802:1747647652581:,1747647656590
counter/5/0/0/0,3433:1747647652076:,1747647656590
counter/4/0/0/0,3723:1747647652614:,1747647656590
counter/4/0/0/0,3724:1747647652614:,1747647656590
counter/4/0/0/0,3725:1747647652621:,1747647656590
counter/4/0/0/0,3726:1747647652621:,1747647656590
counter/4/0/0/0,3727:1747647652621:,1747647656590
counter/4/0/0/0,3728:1747647652621:,1747647656590
counter/6/0/0/0,3240:1747647652750:,1747647656591
counter/4/0/0/0,3729:1747647652621:,1747647656591
counter/4/0/0/0,3730:1747647652621:,1747647656591
counter/4/0/0/0,3731:1747647652623:,1747647656591
counter/4/0/0/0,3732:1747647652623:,1747647656591
counter/4/0/0/0,3733:1747647652623:,1747647656591
counter/4/0/0/0,3734:1747647652623:,1747647656591
counter/5/0/0/0,3434:1747647652076:,1747647656592
counter/4/0/0/0,3735:1747647652623:,1747647656592
counter/4/0/0/0,3736:1747647652623:,1747647656592
counter/4/0/0/0,3737:1747647652623:,1747647656592
counter/4/0/0/0,3738:1747647652623:,1747647656592
counter/4/0/0/0,3739:1747647652623:,1747647656592
counter/4/0/0/0,3740:1747647652623:,1747647656592
counter/4/0/0/0,3741:1747647652623:,1747647656592
counter/4/0/0/0,3742:1747647652623:,1747647656592
counter/4/0/0/0,3743:1747647652623:,1747647656592
counter/4/0/0/0,3744:1747647652623:,1747647656592
counter/4/0/0/0,3745:1747647652624:,1747647656592
counter/4/0/0/0,3746:1747647652624:,1747647656592
counter/8/0/0/0,3641:1747647652272:,1747647656593
counter/8/0/0/0,3642:1747647652272:,1747647656593
counter/8/0/0/0,3643:1747647652272:,1747647656593
counter/3/0/0/0,3565:1747647652354:,1747647656593
counter/5/0/0/0,3435:1747647652076:,1747647656593
counter/3/0/0/0,3566:1747647652354:,1747647656593
counter/3/0/0/0,3567:1747647652355:,1747647656593
counter/2/0/0/0,3169:1747647651906:,1747647656594
counter/2/0/0/0,3170:1747647651911:,1747647656594
counter/2/0/0/0,3171:1747647651911:,1747647656594
counter/2/0/0/0,3172:1747647651911:,1747647656594
counter/2/0/0/0,3173:1747647651911:,1747647656594
counter/8/0/0/0,3644:1747647652272:,1747647656594
counter/3/0/0/0,3568:1747647652355:,1747647656594
counter/1/0/0/0,3550:1747647652483:,1747647656594
counter/3/0/0/0,3569:1747647652355:,1747647656595
counter/3/0/0/0,3570:1747647652355:,1747647656595
counter/3/0/0/0,3571:1747647652355:,1747647656595
counter/3/0/0/0,3572:1747647652355:,1747647656595
counter/3/0/0/0,3573:1747647652355:,1747647656595
counter/3/0/0/0,3574:1747647652355:,1747647656595
counter/3/0/0/0,3575:1747647652355:,1747647656595
counter/3/0/0/0,3576:1747647652355:,1747647656595
counter/3/0/0/0,3577:1747647652355:,1747647656595
counter/3/0/0/0,3578:1747647652355:,1747647656595
counter/6/0/0/0,3241:1747647652765:,1747647656595
counter/1/0/0/0,3551:1747647652483:,1747647656595
counter/6/0/0/0,3242:1747647652765:,1747647656596
counter/6/0/0/0,3243:1747647652765:,1747647656596
counter/6/0/0/0,3244:1747647652765:,1747647656596
counter/6/0/0/0,3245:1747647652767:,1747647656596
counter/6/0/0/0,3246:1747647652768:,1747647656596
counter/6/0/0/0,3247:1747647652768:,1747647656596
counter/6/0/0/0,3248:1747647652770:,1747647656596
counter/6/0/0/0,3249:1747647652770:,1747647656596
counter/6/0/0/0,3250:1747647652770:,1747647656596
counter/10/0/0/0,3206:1747647652382:,1747647656596
counter/1/0/0/0,3552:1747647652485:,1747647656596
counter/1/0/0/0,3553:1747647652485:,1747647656596
counter/1/0/0/0,3554:1747647652485:,1747647656596
counter/1/0/0/0,3555:1747647652485:,1747647656596
counter/1/0/0/0,3556:1747647652485:,1747647656596
counter/1/0/0/0,3557:1747647652485:,1747647656597
counter/1/0/0/0,3558:1747647652485:,1747647656597
counter/1/0/0/0,3559:1747647652485:,1747647656597
counter/1/0/0/0,3560:1747647652485:,1747647656597
counter/7/0/0/0,3398:1747647652408:,1747647656597
counter/2/0/0/0,3174:1747647651911:,1747647656598
counter/2/0/0/0,3175:1747647651911:,1747647656598
counter/2/0/0/0,3176:1747647651911:,1747647656598
counter/2/0/0/0,3177:1747647651916:,1747647656598
counter/2/0/0/0,3178:1747647651916:,1747647656598
counter/2/0/0/0,3179:1747647651916:,1747647656598
counter/1/0/0/0,3561:1747647652485:,1747647656598
counter/4/0/0/0,3747:1747647652633:,1747647656598
counter/4/0/0/0,3748:1747647652633:,1747647656598
counter/6/0/0/0,3251:1747647652770:,1747647656598
counter/6/0/0/0,3252:1747647652770:,1747647656598
counter/6/0/0/0,3253:1747647652770:,1747647656598
counter/6/0/0/0,3254:1747647652771:,1747647656598
counter/6/0/0/0,3255:1747647652771:,1747647656598
counter/6/0/0/0,3256:1747647652771:,1747647656598
counter/10/0/0/0,3207:1747647652382:,1747647656598
counter/3/0/0/0,3579:1747647652355:,1747647656600
counter/3/0/0/0,3580:1747647652355:,1747647656600
counter/3/0/0/0,3581:1747647652355:,1747647656600
counter/3/0/0/0,3582:1747647652355:,1747647656600
counter/3/0/0/0,3583:1747647652355:,1747647656600
counter/3/0/0/0,3584:1747647652355:,1747647656600
counter/10/0/0/0,3208:1747647652382:,1747647656600
counter/10/0/0/0,3209:1747647652382:,1747647656600
counter/10/0/0/0,3210:1747647652391:,1747647656600
counter/10/0/0/0,3211:1747647652391:,1747647656600
counter/10/0/0/0,3212:1747647652391:,1747647656600
counter/2/0/0/0,3180:1747647651916:,1747647656600
counter/3/0/0/0,3585:1747647652355:,1747647656601
counter/3/0/0/0,3586:1747647652355:,1747647656601
counter/3/0/0/0,3587:1747647652355:,1747647656601
counter/3/0/0/0,3588:1747647652355:,1747647656601
counter/3/0/0/0,3589:1747647652355:,1747647656601
counter/3/0/0/0,3590:1747647652355:,1747647656601
counter/3/0/0/0,3591:1747647652355:,1747647656601
counter/3/0/0/0,3592:1747647652355:,1747647656601
counter/3/0/0/0,3593:1747647652355:,1747647656601
counter/2/0/0/0,3181:1747647651916:,1747647656603
counter/2/0/0/0,3182:1747647651916:,1747647656603
counter/2/0/0/0,3183:1747647651916:,1747647656603
counter/2/0/0/0,3184:1747647651916:,1747647656603
counter/2/0/0/0,3185:1747647651916:,1747647656603
counter/2/0/0/0,3186:1747647651916:,1747647656603
counter/2/0/0/0,3187:1747647651916:,1747647656603
counter/2/0/0/0,3188:1747647651916:,1747647656603
counter/5/0/0/0,3436:1747647652076:,1747647656603
counter/2/0/0/0,3189:1747647651916:,1747647656603
counter/2/0/0/0,3190:1747647651916:,1747647656604
counter/5/0/0/0,3437:1747647652076:,1747647656604
counter/5/0/0/0,3438:1747647652076:,1747647656605
counter/4/0/0/0,3749:1747647652633:,1747647656605
counter/5/0/0/0,3439:1747647652076:,1747647656605
counter/4/0/0/0,3750:1747647652633:,1747647656605
counter/5/0/0/0,3440:1747647652076:,1747647656605
counter/4/0/0/0,3751:1747647652633:,1747647656605
counter/5/0/0/0,3441:1747647652076:,1747647656605
counter/4/0/0/0,3752:1747647652633:,1747647656605
counter/5/0/0/0,3442:1747647652076:,1747647656605
counter/4/0/0/0,3753:1747647652633:,1747647656605
counter/9/0/0/0,3803:1747647652582:,1747647656605
counter/9/0/0/0,3804:1747647652582:,1747647656605
counter/9/0/0/0,3805:1747647652582:,1747647656605
counter/2/0/0/0,3191:1747647651917:,1747647656605
counter/1/0/0/0,3562:1747647652485:,1747647656605
counter/2/0/0/0,3192:1747647651923:,1747647656605
counter/2/0/0/0,3193:1747647651923:,1747647656605
counter/2/0/0/0,3194:1747647651923:,1747647656605
counter/8/0/0/0,3645:1747647652272:,1747647656605
counter/2/0/0/0,3195:1747647651923:,1747647656606
counter/3/0/0/0,3594:1747647652361:,1747647656606
counter/2/0/0/0,3196:1747647651923:,1747647656606
counter/3/0/0/0,3595:1747647652361:,1747647656607
counter/3/0/0/0,3596:1747647652361:,1747647656607
counter/3/0/0/0,3597:1747647652361:,1747647656607
counter/1/0/0/0,3563:1747647652485:,1747647656607
counter/3/0/0/0,3598:1747647652361:,1747647656607
counter/1/0/0/0,3564:1747647652485:,1747647656607
counter/1/0/0/0,3565:1747647652485:,1747647656607
counter/1/0/0/0,3566:1747647652485:,1747647656607
counter/1/0/0/0,3567:1747647652485:,1747647656607
counter/1/0/0/0,3568:1747647652485:,1747647656607
counter/10/0/0/0,3213:1747647652391:,1747647656607
counter/4/0/0/0,3754:1747647652633:,1747647656608
counter/1/0/0/0,3569:1747647652512:,1747647656608
counter/2/0/0/0,3197:1747647651923:,1747647656608
counter/5/0/0/0,3443:1747647652077:,1747647656608
counter/5/0/0/0,3444:1747647652077:,1747647656608
counter/5/0/0/0,3445:1747647652077:,1747647656608
counter/5/0/0/0,3446:1747647652077:,1747647656608
counter/5/0/0/0,3447:1747647652077:,1747647656608
counter/5/0/0/0,3448:1747647652077:,1747647656608
counter/5/0/0/0,3449:1747647652077:,1747647656609
counter/5/0/0/0,3450:1747647652077:,1747647656609
counter/8/0/0/0,3646:1747647652272:,1747647656609
counter/2/0/0/0,3198:1747647651923:,1747647656609
counter/7/0/0/0,3399:1747647652408:,1747647656610
counter/9/0/0/0,3806:1747647652582:,1747647656612
counter/2/0/0/0,3199:1747647651923:,1747647656612
counter/6/0/0/0,3257:1747647652771:,1747647656612
counter/6/0/0/0,3258:1747647652771:,1747647656612
counter/7/0/0/0,3400:1747647652408:,1747647656613
counter/7/0/0/0,3401:1747647652408:,1747647656613
counter/7/0/0/0,3402:1747647652408:,1747647656613
counter/7/0/0/0,3403:1747647652408:,1747647656613
counter/7/0/0/0,3404:1747647652408:,1747647656613
counter/1/0/0/0,3570:1747647652512:,1747647656613
counter/6/0/0/0,3259:1747647652771:,1747647656613
counter/6/0/0/0,3260:1747647652771:,1747647656613
counter/6/0/0/0,3261:1747647652771:,1747647656613
counter/6/0/0/0,3262:1747647652771:,1747647656613
counter/6/0/0/0,3263:1747647652787:,1747647656613
counter/3/0/0/0,3599:1747647652361:,1747647656613
counter/3/0/0/0,3600:1747647652368:,1747647656613
counter/3/0/0/0,3601:1747647652368:,1747647656613
counter/8/0/0/0,3647:1747647652278:,1747647656613
counter/7/0/0/0,3405:1747647652408:,1747647656614
counter/1/0/0/0,3571:1747647652512:,1747647656614
counter/1/0/0/0,3572:1747647652512:,1747647656614
counter/1/0/0/0,3573:1747647652512:,1747647656614
counter/1/0/0/0,3574:1747647652530:,1747647656615
counter/1/0/0/0,3575:1747647652530:,1747647656615
counter/1/0/0/0,3576:1747647652530:,1747647656615
counter/7/0/0/0,3406:1747647652408:,1747647656618
counter/1/0/0/0,3577:1747647652530:,1747647656618
counter/1/0/0/0,3578:1747647652530:,1747647656618
counter/1/0/0/0,3579:1747647652530:,1747647656618
counter/1/0/0/0,3580:1747647652530:,1747647656618
counter/1/0/0/0,3581:1747647652530:,1747647656618
counter/1/0/0/0,3582:1747647652530:,1747647656618
counter/1/0/0/0,3583:1747647652532:,1747647656618
counter/1/0/0/0,3584:1747647652532:,1747647656618
counter/1/0/0/0,3585:1747647652533:,1747647656618
counter/1/0/0/0,3586:1747647652533:,1747647656618
counter/1/0/0/0,3587:1747647652533:,1747647656618
counter/1/0/0/0,3588:1747647652551:,1747647656618
counter/1/0/0/0,3589:1747647652551:,1747647656618
counter/1/0/0/0,3590:1747647652551:,1747647656618
counter/1/0/0/0,3591:1747647652551:,1747647656618
counter/1/0/0/0,3592:1747647652551:,1747647656618
counter/1/0/0/0,3593:1747647652551:,1747647656618
counter/5/0/0/0,3451:1747647652077:,1747647656618
counter/5/0/0/0,3452:1747647652077:,1747647656619
counter/5/0/0/0,3453:1747647652077:,1747647656619
counter/5/0/0/0,3454:1747647652077:,1747647656619
counter/5/0/0/0,3455:1747647652077:,1747647656619
counter/5/0/0/0,3456:1747647652077:,1747647656619
counter/9/0/0/0,3807:1747647652582:,1747647656619
counter/1/0/0/0,3594:1747647652551:,1747647656619
counter/1/0/0/0,3595:1747647652551:,1747647656619
counter/1/0/0/0,3596:1747647652551:,1747647656619
counter/1/0/0/0,3597:1747647652551:,1747647656619
counter/1/0/0/0,3598:1747647652551:,1747647656619
counter/1/0/0/0,3599:1747647652551:,1747647656619
counter/1/0/0/0,3600:1747647652551:,1747647656619
counter/1/0/0/0,3601:1747647652551:,1747647656619
counter/9/0/0/0,3808:1747647652582:,1747647656620
counter/6/0/0/0,3264:1747647652788:,1747647656621
counter/6/0/0/0,3265:1747647652788:,1747647656621
counter/6/0/0/0,3266:1747647652788:,1747647656621
counter/6/0/0/0,3267:1747647652788:,1747647656621
counter/6/0/0/0,3268:1747647652788:,1747647656621
counter/6/0/0/0,3269:1747647652788:,1747647656621
counter/6/0/0/0,3270:1747647652788:,1747647656621
counter/6/0/0/0,3271:1747647652788:,1747647656621
counter/6/0/0/0,3272:1747647652788:,1747647656621
counter/9/0/0/0,3809:1747647652582:,1747647656621
counter/6/0/0/0,3273:1747647652788:,1747647656621
counter/6/0/0/0,3274:1747647652788:,1747647656621
counter/6/0/0/0,3275:1747647652788:,1747647656621
counter/8/0/0/0,3648:1747647652278:,1747647656621
counter/6/0/0/0,3276:1747647652788:,1747647656621
counter/1/0/0/0,3602:1747647652551:,1747647656621
counter/6/0/0/0,3277:1747647652793:,1747647656621
counter/8/0/0/0,3649:1747647652278:,1747647656621
counter/10/0/0/0,3214:1747647652391:,1747647656622
counter/3/0/0/0,3602:1747647652368:,1747647656623
counter/3/0/0/0,3603:1747647652368:,1747647656623
counter/3/0/0/0,3604:1747647652368:,1747647656623
counter/3/0/0/0,3605:1747647652368:,1747647656623
counter/3/0/0/0,3606:1747647652368:,1747647656623
counter/3/0/0/0,3607:1747647652368:,1747647656623
counter/3/0/0/0,3608:1747647652368:,1747647656623
counter/3/0/0/0,3609:1747647652368:,1747647656623
counter/3/0/0/0,3610:1747647652368:,1747647656623
counter/3/0/0/0,3611:1747647652368:,1747647656623
counter/3/0/0/0,3612:1747647652370:,1747647656623
counter/3/0/0/0,3613:1747647652370:,1747647656623
counter/8/0/0/0,3650:1747647652278:,1747647656623
counter/3/0/0/0,3614:1747647652370:,1747647656623
counter/5/0/0/0,3457:1747647652077:,1747647656624
counter/5/0/0/0,3458:1747647652077:,1747647656624
counter/4/0/0/0,3755:1747647652633:,1747647656624
counter/5/0/0/0,3459:1747647652077:,1747647656624
counter/4/0/0/0,3756:1747647652633:,1747647656625
counter/8/0/0/0,3651:1747647652278:,1747647656625
counter/5/0/0/0,3460:1747647652077:,1747647656625
counter/8/0/0/0,3652:1747647652278:,1747647656625
counter/5/0/0/0,3461:1747647652077:,1747647656625
counter/8/0/0/0,3653:1747647652278:,1747647656625
counter/5/0/0/0,3462:1747647652077:,1747647656625
counter/5/0/0/0,3463:1747647652077:,1747647656625
counter/5/0/0/0,3464:1747647652077:,1747647656625
counter/5/0/0/0,3465:1747647652077:,1747647656625
counter/5/0/0/0,3466:1747647652098:,1747647656625
counter/8/0/0/0,3654:1747647652278:,1747647656625
counter/8/0/0/0,3655:1747647652278:,1747647656625
counter/8/0/0/0,3656:1747647652278:,1747647656625
counter/8/0/0/0,3657:1747647652278:,1747647656625
counter/8/0/0/0,3658:1747647652278:,1747647656625
counter/8/0/0/0,3659:1747647652278:,1747647656625
counter/8/0/0/0,3660:1747647652278:,1747647656625
counter/8/0/0/0,3661:1747647652278:,1747647656625
counter/8/0/0/0,3662:1747647652278:,1747647656625
counter/8/0/0/0,3663:1747647652278:,1747647656625
counter/8/0/0/0,3664:1747647652278:,1747647656625
counter/10/0/0/0,3215:1747647652391:,1747647656625
counter/3/0/0/0,3615:1747647652370:,1747647656625
counter/3/0/0/0,3616:1747647652370:,1747647656626
counter/10/0/0/0,3216:1747647652391:,1747647656626
counter/3/0/0/0,3617:1747647652370:,1747647656626
counter/9/0/0/0,3810:1747647652582:,1747647656629
counter/5/0/0/0,3467:1747647652098:,1747647656629
counter/5/0/0/0,3468:1747647652098:,1747647656629
counter/5/0/0/0,3469:1747647652098:,1747647656629
counter/5/0/0/0,3470:1747647652098:,1747647656629
counter/5/0/0/0,3471:1747647652099:,1747647656629
counter/5/0/0/0,3472:1747647652099:,1747647656629
counter/5/0/0/0,3473:1747647652101:,1747647656629
counter/5/0/0/0,3474:1747647652110:,1747647656629
counter/5/0/0/0,3475:1747647652112:,1747647656629
counter/5/0/0/0,3476:1747647652112:,1747647656629
counter/5/0/0/0,3477:1747647652113:,1747647656629
counter/2/0/0/0,3200:1747647651923:,1747647656630
counter/4/0/0/0,3757:1747647652633:,1747647656630
counter/4/0/0/0,3758:1747647652633:,1747647656630
counter/4/0/0/0,3759:1747647652634:,1747647656630
counter/4/0/0/0,3760:1747647652634:,1747647656630
counter/4/0/0/0,3761:1747647652634:,1747647656630
counter/4/0/0/0,3762:1747647652634:,1747647656630
counter/4/0/0/0,3763:1747647652644:,1747647656630
counter/4/0/0/0,3764:1747647652644:,1747647656630
counter/4/0/0/0,3765:1747647652644:,1747647656630
counter/10/0/0/0,3217:1747647652391:,1747647656630
counter/6/0/0/0,3278:1747647652793:,1747647656630
counter/8/0/0/0,3665:1747647652278:,1747647656631
counter/8/0/0/0,3666:1747647652286:,1747647656632
counter/3/0/0/0,3618:1747647652370:,1747647656632
counter/3/0/0/0,3619:1747647652370:,1747647656632
counter/3/0/0/0,3620:1747647652370:,1747647656632
counter/3/0/0/0,3621:1747647652370:,1747647656632
counter/3/0/0/0,3622:1747647652381:,1747647656632
counter/3/0/0/0,3623:1747647652381:,1747647656632
counter/3/0/0/0,3624:1747647652381:,1747647656633
counter/3/0/0/0,3625:1747647652381:,1747647656633
counter/3/0/0/0,3626:1747647652381:,1747647656633
counter/3/0/0/0,3627:1747647652381:,1747647656633
counter/3/0/0/0,3628:1747647652381:,1747647656633
counter/5/0/0/0,3478:1747647652113:,1747647656633
counter/5/0/0/0,3479:1747647652113:,1747647656633
counter/5/0/0/0,3480:1747647652113:,1747647656633
counter/5/0/0/0,3481:1747647652113:,1747647656633
counter/5/0/0/0,3482:1747647652114:,1747647656633
counter/5/0/0/0,3483:1747647652114:,1747647656633
counter/9/0/0/0,3811:1747647652585:,1747647656634
counter/9/0/0/0,3812:1747647652585:,1747647656635
counter/10/0/0/0,3218:1747647652391:,1747647656635
counter/7/0/0/0,3407:1747647652408:,1747647656635
counter/2/0/0/0,3201:1747647651923:,1747647656636
counter/8/0/0/0,3667:1747647652286:,1747647656639
counter/8/0/0/0,3668:1747647652286:,1747647656639
counter/8/0/0/0,3669:1747647652287:,1747647656639
counter/8/0/0/0,3670:1747647652287:,1747647656639
counter/8/0/0/0,3671:1747647652287:,1747647656639
counter/7/0/0/0,3408:1747647652408:,1747647656640
counter/2/0/0/0,3202:1747647651923:,1747647656640
counter/1/0/0/0,3603:1747647652551:,1747647656640
counter/2/0/0/0,3203:1747647651923:,1747647656640
counter/2/0/0/0,3204:1747647651923:,1747647656640
counter/2/0/0/0,3205:1747647651923:,1747647656640
counter/2/0/0/0,3206:1747647651924:,1747647656640
counter/2/0/0/0,3207:1747647651924:,1747647656640
counter/2/0/0/0,3208:1747647651924:,1747647656641
counter/2/0/0/0,3209:1747647651926:,1747647656641
counter/8/0/0/0,3672:1747647652287:,1747647656641
counter/9/0/0/0,3813:1747647652585:,1747647656641
counter/9/0/0/0,3814:1747647652585:,1747647656641
counter/9/0/0/0,3815:1747647652585:,1747647656641
counter/5/0/0/0,3484:1747647652114:,1747647656641
counter/10/0/0/0,3219:1747647652391:,1747647656641
counter/10/0/0/0,3220:1747647652391:,1747647656641
counter/10/0/0/0,3221:1747647652391:,1747647656641
counter/10/0/0/0,3222:1747647652391:,1747647656641
counter/10/0/0/0,3223:1747647652397:,1747647656642
counter/2/0/0/0,3210:1747647651927:,1747647656643
counter/3/0/0/0,3629:1747647652381:,1747647656643
counter/2/0/0/0,3211:1747647651927:,1747647656643
counter/3/0/0/0,3630:1747647652382:,1747647656643
counter/3/0/0/0,3631:1747647652382:,1747647656643
counter/3/0/0/0,3632:1747647652382:,1747647656643
counter/3/0/0/0,3633:1747647652382:,1747647656643
counter/8/0/0/0,3673:1747647652287:,1747647656644
counter/9/0/0/0,3816:1747647652585:,1747647656644
counter/9/0/0/0,3817:1747647652585:,1747647656644
counter/9/0/0/0,3818:1747647652585:,1747647656644
counter/9/0/0/0,3819:1747647652585:,1747647656644
counter/6/0/0/0,3279:1747647652793:,1747647656644
counter/8/0/0/0,3674:1747647652287:,1747647656645
counter/8/0/0/0,3675:1747647652287:,1747647656645
counter/5/0/0/0,3485:1747647652114:,1747647656645
counter/8/0/0/0,3676:1747647652287:,1747647656645
counter/9/0/0/0,3820:1747647652585:,1747647656645
counter/6/0/0/0,3280:1747647652793:,1747647656645
counter/9/0/0/0,3821:1747647652585:,1747647656645
counter/3/0/0/0,3634:1747647652382:,1747647656645
counter/3/0/0/0,3635:1747647652382:,1747647656645
counter/3/0/0/0,3636:1747647652382:,1747647656645
counter/3/0/0/0,3637:1747647652383:,1747647656645
counter/3/0/0/0,3638:1747647652383:,1747647656645
counter/2/0/0/0,3212:1747647651927:,1747647656648
counter/6/0/0/0,3281:1747647652793:,1747647656648
counter/4/0/0/0,3766:1747647652644:,1747647656648
counter/9/0/0/0,3822:1747647652585:,1747647656648
counter/3/0/0/0,3639:1747647652383:,1747647656649
counter/9/0/0/0,3823:1747647652585:,1747647656649
counter/7/0/0/0,3409:1747647652408:,1747647656649
counter/2/0/0/0,3213:1747647651927:,1747647656649
counter/2/0/0/0,3214:1747647651927:,1747647656649
counter/2/0/0/0,3215:1747647651927:,1747647656649
counter/2/0/0/0,3216:1747647651927:,1747647656649
counter/10/0/0/0,3224:1747647652397:,1747647656649
counter/6/0/0/0,3282:1747647652793:,1747647656649
counter/4/0/0/0,3767:1747647652644:,1747647656649
counter/4/0/0/0,3768:1747647652644:,1747647656649
counter/8/0/0/0,3677:1747647652289:,1747647656650
counter/8/0/0/0,3678:1747647652289:,1747647656650
counter/8/0/0/0,3679:1747647652289:,1747647656650
counter/9/0/0/0,3824:1747647652586:,1747647656650
counter/1/0/0/0,3604:1747647652551:,1747647656652
counter/1/0/0/0,3605:1747647652555:,1747647656653
counter/1/0/0/0,3606:1747647652555:,1747647656653
counter/1/0/0/0,3607:1747647652555:,1747647656653
counter/1/0/0/0,3608:1747647652555:,1747647656653
counter/1/0/0/0,3609:1747647652555:,1747647656653
counter/1/0/0/0,3610:1747647652555:,1747647656653
counter/1/0/0/0,3611:1747647652558:,1747647656653
counter/1/0/0/0,3612:1747647652558:,1747647656653
counter/1/0/0/0,3613:1747647652558:,1747647656653
counter/1/0/0/0,3614:1747647652558:,1747647656653
counter/1/0/0/0,3615:1747647652558:,1747647656653
counter/1/0/0/0,3616:1747647652563:,1747647656653
counter/1/0/0/0,3617:1747647652568:,1747647656653
counter/10/0/0/0,3225:1747647652397:,1747647656653
counter/1/0/0/0,3618:1747647652568:,1747647656653
counter/1/0/0/0,3619:1747647652568:,1747647656653
counter/10/0/0/0,3226:1747647652397:,1747647656653
counter/10/0/0/0,3227:1747647652397:,1747647656653
counter/8/0/0/0,3680:1747647652289:,1747647656653
counter/8/0/0/0,3681:1747647652289:,1747647656653
counter/8/0/0/0,3682:1747647652289:,1747647656653
counter/8/0/0/0,3683:1747647652289:,1747647656653
counter/8/0/0/0,3684:1747647652289:,1747647656653
counter/8/0/0/0,3685:1747647652289:,1747647656653
counter/8/0/0/0,3686:1747647652289:,1747647656654
counter/1/0/0/0,3620:1747647652568:,1747647656654
counter/1/0/0/0,3621:1747647652568:,1747647656654
counter/1/0/0/0,3622:1747647652569:,1747647656654
counter/1/0/0/0,3623:1747647652569:,1747647656654
counter/1/0/0/0,3624:1747647652569:,1747647656654
counter/1/0/0/0,3625:1747647652570:,1747647656654
counter/1/0/0/0,3626:1747647652570:,1747647656654
counter/4/0/0/0,3769:1747647652644:,1747647656654
counter/1/0/0/0,3627:1747647652570:,1747647656654
counter/1/0/0/0,3628:1747647652570:,1747647656654
counter/8/0/0/0,3687:1747647652289:,1747647656655
counter/2/0/0/0,3217:1747647651927:,1747647656655
counter/3/0/0/0,3640:1747647652384:,1747647656657
counter/3/0/0/0,3641:1747647652384:,1747647656657
counter/3/0/0/0,3642:1747647652384:,1747647656657
counter/3/0/0/0,3643:1747647652384:,1747647656657
counter/3/0/0/0,3644:1747647652384:,1747647656657
counter/3/0/0/0,3645:1747647652384:,1747647656657
counter/8/0/0/0,3688:1747647652289:,1747647656657
counter/9/0/0/0,3825:1747647652586:,1747647656657
counter/3/0/0/0,3646:1747647652384:,1747647656658
counter/3/0/0/0,3647:1747647652390:,1747647656658
counter/3/0/0/0,3648:1747647652390:,1747647656658
counter/3/0/0/0,3649:1747647652390:,1747647656658
counter/3/0/0/0,3650:1747647652390:,1747647656658
counter/3/0/0/0,3651:1747647652390:,1747647656658
counter/3/0/0/0,3652:1747647652390:,1747647656658
counter/3/0/0/0,3653:1747647652391:,1747647656658
counter/3/0/0/0,3654:1747647652392:,1747647656658
counter/8/0/0/0,3689:1747647652289:,1747647656658
counter/8/0/0/0,3690:1747647652289:,1747647656658
counter/8/0/0/0,3691:1747647652289:,1747647656659
counter/8/0/0/0,3692:1747647652289:,1747647656659
counter/8/0/0/0,3693:1747647652289:,1747647656659
counter/8/0/0/0,3694:1747647652289:,1747647656659
counter/8/0/0/0,3695:1747647652289:,1747647656659
counter/8/0/0/0,3696:1747647652289:,1747647656659
counter/2/0/0/0,3218:1747647651927:,1747647656659
counter/7/0/0/0,3410:1747647652408:,1747647656659
counter/7/0/0/0,3411:1747647652408:,1747647656659
counter/7/0/0/0,3412:1747647652408:,1747647656659
counter/7/0/0/0,3413:1747647652410:,1747647656659
counter/7/0/0/0,3414:1747647652410:,1747647656659
counter/7/0/0/0,3415:1747647652410:,1747647656659
counter/7/0/0/0,3416:1747647652410:,1747647656659
counter/3/0/0/0,3655:1747647652392:,1747647656660
counter/9/0/0/0,3826:1747647652586:,1747647656661
counter/6/0/0/0,3283:1747647652797:,1747647656663
counter/7/0/0/0,3417:1747647652410:,1747647656663
counter/7/0/0/0,3418:1747647652410:,1747647656663
counter/8/0/0/0,3697:1747647652289:,1747647656663
counter/8/0/0/0,3698:1747647652289:,1747647656663
counter/10/0/0/0,3228:1747647652397:,1747647656663
counter/10/0/0/0,3229:1747647652397:,1747647656663
counter/10/0/0/0,3230:1747647652402:,1747647656663
counter/10/0/0/0,3231:1747647652402:,1747647656663
counter/10/0/0/0,3232:1747647652403:,1747647656663
counter/10/0/0/0,3233:1747647652412:,1747647656663
counter/10/0/0/0,3234:1747647652412:,1747647656663
counter/10/0/0/0,3235:1747647652412:,1747647656663
counter/10/0/0/0,3236:1747647652412:,1747647656663
counter/10/0/0/0,3237:1747647652412:,1747647656663
counter/10/0/0/0,3238:1747647652412:,1747647656663
counter/7/0/0/0,3419:1747647652410:,1747647656664
counter/10/0/0/0,3239:1747647652412:,1747647656664
counter/7/0/0/0,3420:1747647652410:,1747647656664
counter/10/0/0/0,3240:1747647652412:,1747647656664
counter/7/0/0/0,3421:1747647652411:,1747647656664
counter/7/0/0/0,3422:1747647652411:,1747647656664
counter/7/0/0/0,3423:1747647652411:,1747647656664
counter/7/0/0/0,3424:1747647652411:,1747647656664
counter/7/0/0/0,3425:1747647652411:,1747647656664
counter/10/0/0/0,3241:1747647652412:,1747647656664
counter/7/0/0/0,3426:1747647652413:,1747647656664
counter/10/0/0/0,3242:1747647652412:,1747647656664
counter/8/0/0/0,3699:1747647652289:,1747647656664
counter/8/0/0/0,3700:1747647652289:,1747647656664
counter/8/0/0/0,3701:1747647652289:,1747647656664
counter/8/0/0/0,3702:1747647652289:,1747647656664
counter/8/0/0/0,3703:1747647652289:,1747647656664
counter/2/0/0/0,3219:1747647651927:,1747647656664
counter/8/0/0/0,3704:1747647652289:,1747647656664
counter/8/0/0/0,3705:1747647652289:,1747647656664
counter/9/0/0/0,3827:1747647652586:,1747647656665
counter/9/0/0/0,3828:1747647652586:,1747647656665
counter/9/0/0/0,3829:1747647652586:,1747647656665
counter/9/0/0/0,3830:1747647652586:,1747647656665
counter/9/0/0/0,3831:1747647652586:,1747647656665
counter/9/0/0/0,3832:1747647652586:,1747647656665
counter/5/0/0/0,3486:1747647652114:,1747647656665
counter/6/0/0/0,3284:1747647652800:,1747647656665
counter/6/0/0/0,3285:1747647652800:,1747647656665
counter/6/0/0/0,3286:1747647652800:,1747647656665
counter/6/0/0/0,3287:1747647652806:,1747647656665
counter/6/0/0/0,3288:1747647652806:,1747647656665
counter/6/0/0/0,3289:1747647652806:,1747647656665
counter/6/0/0/0,3290:1747647652806:,1747647656665
counter/9/0/0/0,3833:1747647652586:,1747647656665
counter/5/0/0/0,3487:1747647652124:,1747647656666
counter/7/0/0/0,3427:1747647652428:,1747647656668
counter/7/0/0/0,3428:1747647652428:,1747647656669
counter/7/0/0/0,3429:1747647652428:,1747647656669
counter/7/0/0/0,3430:1747647652428:,1747647656669
counter/9/0/0/0,3834:1747647652590:,1747647656669
counter/7/0/0/0,3431:1747647652428:,1747647656669
counter/9/0/0/0,3835:1747647652591:,1747647656669
counter/6/0/0/0,3291:1747647652806:,1747647656669
counter/7/0/0/0,3432:1747647652428:,1747647656669
counter/6/0/0/0,3292:1747647652806:,1747647656669
counter/7/0/0/0,3433:1747647652428:,1747647656669
counter/7/0/0/0,3434:1747647652428:,1747647656669
counter/7/0/0/0,3435:1747647652428:,1747647656669
counter/7/0/0/0,3436:1747647652428:,1747647656669
counter/5/0/0/0,3488:1747647652124:,1747647656669
counter/7/0/0/0,3437:1747647652428:,1747647656669
counter/7/0/0/0,3438:1747647652428:,1747647656669
counter/7/0/0/0,3439:1747647652429:,1747647656669
counter/9/0/0/0,3836:1747647652591:,1747647656669
counter/7/0/0/0,3440:1747647652429:,1747647656669
counter/10/0/0/0,3243:1747647652412:,1747647656669
counter/2/0/0/0,3220:1747647651927:,1747647656669
counter/2/0/0/0,3221:1747647651927:,1747647656671
counter/2/0/0/0,3222:1747647651927:,1747647656671
counter/8/0/0/0,3706:1747647652290:,1747647656671
counter/2/0/0/0,3223:1747647651927:,1747647656671
counter/8/0/0/0,3707:1747647652290:,1747647656671
counter/2/0/0/0,3224:1747647651927:,1747647656671
counter/8/0/0/0,3708:1747647652290:,1747647656671
counter/5/0/0/0,3489:1747647652124:,1747647656671
counter/2/0/0/0,3225:1747647651940:,1747647656671
counter/8/0/0/0,3709:1747647652290:,1747647656671
counter/8/0/0/0,3710:1747647652290:,1747647656671
counter/1/0/0/0,3629:1747647652570:,1747647656672
counter/1/0/0/0,3630:1747647652570:,1747647656672
counter/1/0/0/0,3631:1747647652570:,1747647656672
counter/1/0/0/0,3632:1747647652570:,1747647656673
counter/1/0/0/0,3633:1747647652570:,1747647656673
counter/1/0/0/0,3634:1747647652570:,1747647656673
counter/1/0/0/0,3635:1747647652570:,1747647656673
counter/1/0/0/0,3636:1747647652570:,1747647656673
counter/1/0/0/0,3637:1747647652570:,1747647656673
counter/1/0/0/0,3638:1747647652585:,1747647656673
counter/1/0/0/0,3639:1747647652585:,1747647656673
counter/2/0/0/0,3226:1747647651940:,1747647656673
counter/1/0/0/0,3640:1747647652585:,1747647656673
counter/9/0/0/0,3837:1747647652591:,1747647656673
counter/9/0/0/0,3838:1747647652591:,1747647656673
counter/1/0/0/0,3641:1747647652585:,1747647656673
counter/1/0/0/0,3642:1747647652585:,1747647656673
counter/1/0/0/0,3643:1747647652585:,1747647656673
counter/1/0/0/0,3644:1747647652585:,1747647656673
counter/1/0/0/0,3645:1747647652585:,1747647656673
counter/1/0/0/0,3646:1747647652585:,1747647656673
counter/1/0/0/0,3647:1747647652585:,1747647656673
counter/1/0/0/0,3648:1747647652595:,1747647656673
counter/1/0/0/0,3649:1747647652595:,1747647656673
counter/1/0/0/0,3650:1747647652598:,1747647656673
counter/1/0/0/0,3651:1747647652598:,1747647656674
counter/1/0/0/0,3652:1747647652598:,1747647656674
counter/2/0/0/0,3227:1747647651940:,1747647656674
counter/6/0/0/0,3293:1747647652806:,1747647656674
counter/3/0/0/0,3656:1747647652392:,1747647656674
counter/3/0/0/0,3657:1747647652392:,1747647656674
counter/3/0/0/0,3658:1747647652392:,1747647656674
counter/3/0/0/0,3659:1747647652392:,1747647656674
counter/3/0/0/0,3660:1747647652392:,1747647656674
counter/3/0/0/0,3661:1747647652392:,1747647656675
counter/3/0/0/0,3662:1747647652392:,1747647656675
counter/3/0/0/0,3663:1747647652392:,1747647656675
counter/3/0/0/0,3664:1747647652392:,1747647656675
counter/2/0/0/0,3228:1747647651940:,1747647656676
counter/10/0/0/0,3244:1747647652412:,1747647656676
counter/2/0/0/0,3229:1747647651940:,1747647656676
counter/2/0/0/0,3230:1747647651940:,1747647656676
counter/2/0/0/0,3231:1747647651940:,1747647656676
counter/2/0/0/0,3232:1747647651940:,1747647656676
counter/2/0/0/0,3233:1747647651940:,1747647656676
counter/2/0/0/0,3234:1747647651943:,1747647656676
counter/1/0/0/0,3653:1747647652598:,1747647656678
counter/3/0/0/0,3665:1747647652392:,1747647656678
counter/3/0/0/0,3666:1747647652393:,1747647656678
counter/3/0/0/0,3667:1747647652396:,1747647656678
counter/3/0/0/0,3668:1747647652398:,1747647656678
counter/3/0/0/0,3669:1747647652407:,1747647656678
counter/3/0/0/0,3670:1747647652420:,1747647656678
counter/2/0/0/0,3235:1747647651944:,1747647656678
counter/8/0/0/0,3711:1747647652290:,1747647656678
counter/9/0/0/0,3839:1747647652591:,1747647656678
counter/9/0/0/0,3840:1747647652591:,1747647656678
counter/4/0/0/0,3770:1747647652644:,1747647656679
counter/8/0/0/0,3712:1747647652290:,1747647656679
counter/5/0/0/0,3490:1747647652124:,1747647656681
counter/7/0/0/0,3441:1747647652441:,1747647656681
counter/1/0/0/0,3654:1747647652606:,1747647656681
counter/1/0/0/0,3655:1747647652607:,1747647656681
counter/1/0/0/0,3656:1747647652607:,1747647656681
counter/10/0/0/0,3245:1747647652412:,1747647656681
counter/10/0/0/0,3246:1747647652412:,1747647656681
counter/10/0/0/0,3247:1747647652413:,1747647656681
counter/10/0/0/0,3248:1747647652413:,1747647656681
counter/2/0/0/0,3236:1747647651944:,1747647656681
counter/2/0/0/0,3237:1747647651944:,1747647656682
counter/3/0/0/0,3671:1747647652420:,1747647656682
counter/9/0/0/0,3841:1747647652591:,1747647656682
counter/8/0/0/0,3713:1747647652290:,1747647656682
counter/8/0/0/0,3714:1747647652290:,1747647656682
counter/8/0/0/0,3715:1747647652294:,1747647656682
counter/8/0/0/0,3716:1747647652294:,1747647656682
counter/4/0/0/0,3771:1747647652645:,1747647656683
counter/5/0/0/0,3491:1747647652124:,1747647656683
counter/5/0/0/0,3492:1747647652124:,1747647656683
counter/5/0/0/0,3493:1747647652124:,1747647656683
counter/5/0/0/0,3494:1747647652125:,1747647656683
counter/10/0/0/0,3249:1747647652413:,1747647656684
counter/5/0/0/0,3495:1747647652125:,1747647656684
counter/5/0/0/0,3496:1747647652125:,1747647656684
counter/5/0/0/0,3497:1747647652125:,1747647656684
counter/8/0/0/0,3717:1747647652294:,1747647656684
counter/4/0/0/0,3772:1747647652645:,1747647656684
counter/4/0/0/0,3773:1747647652645:,1747647656684
counter/4/0/0/0,3774:1747647652645:,1747647656684
counter/4/0/0/0,3775:1747647652645:,1747647656684
counter/4/0/0/0,3776:1747647652645:,1747647656684
counter/4/0/0/0,3777:1747647652645:,1747647656684
counter/4/0/0/0,3778:1747647652648:,1747647656684
counter/4/0/0/0,3779:1747647652648:,1747647656684
counter/4/0/0/0,3780:1747647652648:,1747647656684
counter/4/0/0/0,3781:1747647652648:,1747647656684
counter/9/0/0/0,3842:1747647652593:,1747647656685
counter/6/0/0/0,3294:1747647652807:,1747647656686
counter/7/0/0/0,3442:1747647652441:,1747647656686
counter/7/0/0/0,3443:1747647652441:,1747647656686
counter/7/0/0/0,3444:1747647652441:,1747647656686
counter/7/0/0/0,3445:1747647652442:,1747647656686
counter/5/0/0/0,3498:1747647652125:,1747647656686
counter/5/0/0/0,3499:1747647652125:,1747647656687
counter/5/0/0/0,3500:1747647652125:,1747647656687
counter/5/0/0/0,3501:1747647652125:,1747647656687
counter/5/0/0/0,3502:1747647652130:,1747647656687
counter/5/0/0/0,3503:1747647652139:,1747647656687
counter/5/0/0/0,3504:1747647652139:,1747647656687
counter/5/0/0/0,3505:1747647652139:,1747647656687
counter/5/0/0/0,3506:1747647652139:,1747647656687
counter/5/0/0/0,3507:1747647652139:,1747647656687
counter/5/0/0/0,3508:1747647652139:,1747647656687
counter/5/0/0/0,3509:1747647652139:,1747647656687
counter/5/0/0/0,3510:1747647652139:,1747647656687
counter/5/0/0/0,3511:1747647652139:,1747647656687
counter/7/0/0/0,3446:1747647652442:,1747647656687
counter/9/0/0/0,3843:1747647652593:,1747647656689
counter/3/0/0/0,3672:1747647652420:,1747647656689
counter/5/0/0/0,3512:1747647652139:,1747647656689
counter/5/0/0/0,3513:1747647652139:,1747647656689
counter/5/0/0/0,3514:1747647652142:,1747647656689
counter/5/0/0/0,3515:1747647652142:,1747647656689
counter/5/0/0/0,3516:1747647652142:,1747647656690
counter/5/0/0/0,3517:1747647652144:,1747647656690
counter/5/0/0/0,3518:1747647652144:,1747647656690
counter/5/0/0/0,3519:1747647652144:,1747647656690
counter/5/0/0/0,3520:1747647652144:,1747647656690
counter/3/0/0/0,3673:1747647652420:,1747647656690
counter/5/0/0/0,3521:1747647652144:,1747647656690
counter/3/0/0/0,3674:1747647652420:,1747647656690
counter/3/0/0/0,3675:1747647652420:,1747647656690
counter/3/0/0/0,3676:1747647652420:,1747647656690
counter/3/0/0/0,3677:1747647652420:,1747647656690
counter/3/0/0/0,3678:1747647652420:,1747647656690
counter/10/0/0/0,3250:1747647652413:,1747647656692
counter/2/0/0/0,3238:1747647651944:,1747647656694
counter/2/0/0/0,3239:1747647651948:,1747647656694
counter/2/0/0/0,3240:1747647651949:,1747647656694
counter/2/0/0/0,3241:1747647651949:,1747647656695
counter/7/0/0/0,3447:1747647652442:,1747647656695
counter/1/0/0/0,3657:1747647652607:,1747647656695
counter/6/0/0/0,3295:1747647652811:,1747647656695
counter/6/0/0/0,3296:1747647652811:,1747647656695
counter/6/0/0/0,3297:1747647652811:,1747647656695
counter/8/0/0/0,3718:1747647652294:,1747647656695
counter/3/0/0/0,3679:1747647652420:,1747647656695
counter/4/0/0/0,3782:1747647652648:,1747647656695
counter/6/0/0/0,3298:1747647652811:,1747647656697
counter/6/0/0/0,3299:1747647652811:,1747647656697
counter/6/0/0/0,3300:1747647652811:,1747647656697
counter/6/0/0/0,3301:1747647652812:,1747647656697
counter/6/0/0/0,3302:1747647652812:,1747647656697
counter/5/0/0/0,3522:1747647652144:,1747647656697
counter/8/0/0/0,3719:1747647652294:,1747647656698
counter/7/0/0/0,3448:1747647652442:,1747647656698
counter/1/0/0/0,3658:1747647652607:,1747647656698
counter/9/0/0/0,3844:1747647652593:,1747647656698
counter/9/0/0/0,3845:1747647652593:,1747647656698
counter/9/0/0/0,3846:1747647652601:,1747647656698
counter/9/0/0/0,3847:1747647652601:,1747647656698
counter/9/0/0/0,3848:1747647652601:,1747647656698
counter/9/0/0/0,3849:1747647652601:,1747647656698
counter/9/0/0/0,3850:1747647652601:,1747647656698
counter/9/0/0/0,3851:1747647652602:,1747647656698
counter/9/0/0/0,3852:1747647652602:,1747647656698
counter/9/0/0/0,3853:1747647652602:,1747647656698
counter/9/0/0/0,3854:1747647652602:,1747647656699
counter/3/0/0/0,3680:1747647652420:,1747647656699
counter/5/0/0/0,3523:1747647652144:,1747647656699
counter/6/0/0/0,3303:1747647652812:,1747647656699
counter/1/0/0/0,3659:1747647652607:,1747647656699
counter/6/0/0/0,3304:1747647652812:,1747647656699
counter/9/0/0/0,3855:1747647652602:,1747647656699
counter/2/0/0/0,3242:1747647651949:,1747647656699
counter/1/0/0/0,3660:1747647652607:,1747647656700
counter/4/0/0/0,3783:1747647652648:,1747647656700
counter/6/0/0/0,3305:1747647652812:,1747647656701
counter/2/0/0/0,3243:1747647651949:,1747647656701
counter/2/0/0/0,3244:1747647651949:,1747647656702
counter/5/0/0/0,3524:1747647652144:,1747647656702
counter/2/0/0/0,3245:1747647651949:,1747647656702
counter/9/0/0/0,3856:1747647652602:,1747647656702
counter/9/0/0/0,3857:1747647652602:,1747647656702
counter/9/0/0/0,3858:1747647652602:,1747647656702
counter/9/0/0/0,3859:1747647652602:,1747647656702
counter/9/0/0/0,3860:1747647652602:,1747647656702
counter/7/0/0/0,3449:1747647652442:,1747647656703
counter/6/0/0/0,3306:1747647652812:,1747647656703
counter/6/0/0/0,3307:1747647652812:,1747647656703
counter/6/0/0/0,3308:1747647652812:,1747647656703
counter/6/0/0/0,3309:1747647652812:,1747647656703
counter/6/0/0/0,3310:1747647652813:,1747647656703
counter/2/0/0/0,3246:1747647651949:,1747647656703
counter/2/0/0/0,3247:1747647651949:,1747647656703
counter/2/0/0/0,3248:1747647651949:,1747647656703
counter/1/0/0/0,3661:1747647652607:,1747647656703
counter/6/0/0/0,3311:1747647652813:,1747647656704
counter/6/0/0/0,3312:1747647652813:,1747647656704
counter/6/0/0/0,3313:1747647652813:,1747647656704
counter/6/0/0/0,3314:1747647652819:,1747647656704
counter/6/0/0/0,3315:1747647652820:,1747647656704
counter/6/0/0/0,3316:1747647652820:,1747647656704
counter/6/0/0/0,3317:1747647652820:,1747647656704
counter/6/0/0/0,3318:1747647652820:,1747647656704
counter/6/0/0/0,3319:1747647652820:,1747647656704
counter/6/0/0/0,3320:1747647652820:,1747647656705
counter/6/0/0/0,3321:1747647652820:,1747647656705
counter/9/0/0/0,3861:1747647652602:,1747647656705
counter/8/0/0/0,3720:1747647652294:,1747647656707
counter/8/0/0/0,3721:1747647652294:,1747647656707
counter/8/0/0/0,3722:1747647652294:,1747647656707
counter/8/0/0/0,3723:1747647652294:,1747647656707
counter/8/0/0/0,3724:1747647652294:,1747647656707
counter/8/0/0/0,3725:1747647652294:,1747647656707
counter/8/0/0/0,3726:1747647652294:,1747647656707
counter/8/0/0/0,3727:1747647652294:,1747647656707
counter/8/0/0/0,3728:1747647652294:,1747647656707
counter/8/0/0/0,3729:1747647652294:,1747647656707
counter/8/0/0/0,3730:1747647652294:,1747647656707
counter/8/0/0/0,3731:1747647652294:,1747647656707
counter/8/0/0/0,3732:1747647652294:,1747647656707
counter/8/0/0/0,3733:1747647652294:,1747647656707
counter/8/0/0/0,3734:1747647652296:,1747647656707
counter/8/0/0/0,3735:1747647652296:,1747647656707
counter/7/0/0/0,3450:1747647652442:,1747647656707
counter/1/0/0/0,3662:1747647652607:,1747647656707
counter/4/0/0/0,3784:1747647652648:,1747647656710
counter/4/0/0/0,3785:1747647652648:,1747647656710
counter/4/0/0/0,3786:1747647652648:,1747647656710
counter/4/0/0/0,3787:1747647652648:,1747647656710
counter/4/0/0/0,3788:1747647652648:,1747647656710
counter/4/0/0/0,3789:1747647652648:,1747647656710
counter/4/0/0/0,3790:1747647652649:,1747647656710
counter/4/0/0/0,3791:1747647652649:,1747647656710
counter/4/0/0/0,3792:1747647652649:,1747647656710
counter/4/0/0/0,3793:1747647652649:,1747647656710
counter/4/0/0/0,3794:1747647652649:,1747647656711
counter/4/0/0/0,3795:1747647652649:,1747647656711
counter/4/0/0/0,3796:1747647652649:,1747647656711
counter/4/0/0/0,3797:1747647652649:,1747647656711
counter/6/0/0/0,3322:1747647652820:,1747647656711
counter/6/0/0/0,3323:1747647652820:,1747647656711
counter/6/0/0/0,3324:1747647652820:,1747647656711
counter/6/0/0/0,3325:1747647652820:,1747647656711
counter/4/0/0/0,3798:1747647652649:,1747647656711
counter/6/0/0/0,3326:1747647652820:,1747647656711
counter/6/0/0/0,3327:1747647652820:,1747647656711
counter/6/0/0/0,3328:1747647652822:,1747647656711
counter/3/0/0/0,3681:1747647652420:,1747647656714
counter/5/0/0/0,3525:1747647652144:,1747647656714
counter/9/0/0/0,3862:1747647652602:,1747647656714
counter/2/0/0/0,3249:1747647651949:,1747647656715
counter/2/0/0/0,3250:1747647651949:,1747647656715
counter/2/0/0/0,3251:1747647651949:,1747647656715
counter/2/0/0/0,3252:1747647651950:,1747647656715
counter/2/0/0/0,3253:1747647651950:,1747647656715
counter/2/0/0/0,3254:1747647651950:,1747647656715
counter/2/0/0/0,3255:1747647651950:,1747647656715
counter/2/0/0/0,3256:1747647651950:,1747647656715
counter/2/0/0/0,3257:1747647651953:,1747647656715
counter/2/0/0/0,3258:1747647651953:,1747647656715
counter/5/0/0/0,3526:1747647652144:,1747647656715
counter/2/0/0/0,3259:1747647651953:,1747647656716
counter/2/0/0/0,3260:1747647651953:,1747647656716
counter/5/0/0/0,3527:1747647652144:,1747647656716
counter/2/0/0/0,3261:1747647651953:,1747647656716
counter/5/0/0/0,3528:1747647652149:,1747647656716
counter/5/0/0/0,3529:1747647652149:,1747647656716
counter/5/0/0/0,3530:1747647652149:,1747647656716
counter/5/0/0/0,3531:1747647652149:,1747647656716
counter/5/0/0/0,3532:1747647652149:,1747647656716
counter/5/0/0/0,3533:1747647652149:,1747647656716
counter/5/0/0/0,3534:1747647652149:,1747647656716
counter/3/0/0/0,3682:1747647652420:,1747647656716
counter/3/0/0/0,3683:1747647652420:,1747647656716
counter/8/0/0/0,3736:1747647652296:,1747647656717
counter/8/0/0/0,3737:1747647652296:,1747647656718
counter/7/0/0/0,3451:1747647652442:,1747647656718
counter/7/0/0/0,3452:1747647652442:,1747647656718
counter/7/0/0/0,3453:1747647652442:,1747647656718
counter/7/0/0/0,3454:1747647652442:,1747647656718
counter/7/0/0/0,3455:1747647652442:,1747647656718
counter/7/0/0/0,3456:1747647652442:,1747647656718
counter/7/0/0/0,3457:1747647652442:,1747647656718
counter/7/0/0/0,3458:1747647652442:,1747647656718
counter/8/0/0/0,3738:1747647652296:,1747647656718
counter/8/0/0/0,3739:1747647652296:,1747647656718
counter/8/0/0/0,3740:1747647652296:,1747647656718
counter/8/0/0/0,3741:1747647652296:,1747647656718
counter/8/0/0/0,3742:1747647652296:,1747647656719
counter/7/0/0/0,3459:1747647652442:,1747647656719
counter/7/0/0/0,3460:1747647652442:,1747647656719
counter/7/0/0/0,3461:1747647652442:,1747647656719
counter/7/0/0/0,3462:1747647652444:,1747647656719
counter/7/0/0/0,3463:1747647652444:,1747647656719
counter/7/0/0/0,3464:1747647652444:,1747647656719
counter/7/0/0/0,3465:1747647652444:,1747647656719
counter/7/0/0/0,3466:1747647652444:,1747647656719
counter/7/0/0/0,3467:1747647652444:,1747647656719
counter/7/0/0/0,3468:1747647652445:,1747647656719
counter/7/0/0/0,3469:1747647652446:,1747647656719
counter/5/0/0/0,3535:1747647652149:,1747647656719
counter/5/0/0/0,3536:1747647652149:,1747647656719
counter/5/0/0/0,3537:1747647652149:,1747647656719
counter/5/0/0/0,3538:1747647652149:,1747647656719
counter/5/0/0/0,3539:1747647652150:,1747647656719
counter/2/0/0/0,3262:1747647651953:,1747647656719
counter/2/0/0/0,3263:1747647651953:,1747647656719
counter/2/0/0/0,3264:1747647651953:,1747647656719
counter/2/0/0/0,3265:1747647651953:,1747647656719
counter/2/0/0/0,3266:1747647651953:,1747647656719
counter/8/0/0/0,3743:1747647652296:,1747647656720
counter/5/0/0/0,3540:1747647652150:,1747647656720
counter/1/0/0/0,3663:1747647652607:,1747647656720
counter/1/0/0/0,3664:1747647652607:,1747647656720
counter/1/0/0/0,3665:1747647652609:,1747647656720
counter/1/0/0/0,3666:1747647652610:,1747647656720
counter/7/0/0/0,3470:1747647652446:,1747647656721
counter/10/0/0/0,3251:1747647652414:,1747647656721
counter/2/0/0/0,3267:1747647651953:,1747647656721
counter/8/0/0/0,3744:1747647652296:,1747647656721
counter/1/0/0/0,3667:1747647652610:,1747647656721
counter/7/0/0/0,3471:1747647652446:,1747647656721
counter/10/0/0/0,3252:1747647652414:,1747647656722
counter/6/0/0/0,3329:1747647652822:,1747647656722
counter/6/0/0/0,3330:1747647652822:,1747647656722
counter/6/0/0/0,3331:1747647652822:,1747647656722
counter/6/0/0/0,3332:1747647652823:,1747647656722
counter/6/0/0/0,3333:1747647652823:,1747647656722
counter/6/0/0/0,3334:1747647652823:,1747647656722
counter/6/0/0/0,3335:1747647652823:,1747647656722
counter/6/0/0/0,3336:1747647652833:,1747647656722
counter/5/0/0/0,3541:1747647652150:,1747647656722
counter/6/0/0/0,3337:1747647652833:,1747647656722
counter/9/0/0/0,3863:1747647652602:,1747647656722
counter/8/0/0/0,3745:1747647652296:,1747647656722
counter/8/0/0/0,3746:1747647652297:,1747647656722
counter/8/0/0/0,3747:1747647652297:,1747647656722
counter/8/0/0/0,3748:1747647652297:,1747647656722
counter/8/0/0/0,3749:1747647652297:,1747647656722
counter/7/0/0/0,3472:1747647652451:,1747647656722
counter/1/0/0/0,3668:1747647652610:,1747647656723
counter/8/0/0/0,3750:1747647652297:,1747647656723
counter/8/0/0/0,3751:1747647652297:,1747647656723
counter/8/0/0/0,3752:1747647652298:,1747647656724
counter/8/0/0/0,3753:1747647652298:,1747647656724
counter/8/0/0/0,3754:1747647652298:,1747647656724
counter/1/0/0/0,3669:1747647652610:,1747647656725
counter/1/0/0/0,3670:1747647652610:,1747647656725
counter/1/0/0/0,3671:1747647652610:,1747647656725
counter/2/0/0/0,3268:1747647651953:,1747647656725
counter/7/0/0/0,3473:1747647652451:,1747647656725
counter/1/0/0/0,3672:1747647652610:,1747647656727
counter/1/0/0/0,3673:1747647652610:,1747647656727
counter/8/0/0/0,3755:1747647652298:,1747647656727
counter/8/0/0/0,3756:1747647652298:,1747647656727
counter/2/0/0/0,3269:1747647651953:,1747647656727
counter/3/0/0/0,3684:1747647652420:,1747647656727
counter/2/0/0/0,3270:1747647651953:,1747647656728
counter/2/0/0/0,3271:1747647651956:,1747647656728
counter/2/0/0/0,3272:1747647651956:,1747647656728
counter/2/0/0/0,3273:1747647651956:,1747647656728
counter/6/0/0/0,3338:1747647652833:,1747647656729
counter/5/0/0/0,3542:1747647652150:,1747647656729
counter/5/0/0/0,3543:1747647652150:,1747647656729
counter/5/0/0/0,3544:1747647652157:,1747647656729
counter/5/0/0/0,3545:1747647652157:,1747647656729
counter/4/0/0/0,3799:1747647652649:,1747647656729
counter/9/0/0/0,3864:1747647652602:,1747647656729
counter/8/0/0/0,3757:1747647652298:,1747647656730
counter/8/0/0/0,3758:1747647652298:,1747647656730
counter/8/0/0/0,3759:1747647652298:,1747647656730
counter/8/0/0/0,3760:1747647652298:,1747647656730
counter/8/0/0/0,3761:1747647652301:,1747647656730
counter/8/0/0/0,3762:1747647652301:,1747647656730
counter/8/0/0/0,3763:1747647652303:,1747647656730
counter/6/0/0/0,3339:1747647652833:,1747647656730
counter/3/0/0/0,3685:1747647652421:,1747647656730
counter/7/0/0/0,3474:1747647652451:,1747647656731
counter/7/0/0/0,3475:1747647652451:,1747647656731
counter/7/0/0/0,3476:1747647652451:,1747647656731
counter/7/0/0/0,3477:1747647652451:,1747647656731
counter/7/0/0/0,3478:1747647652451:,1747647656731
counter/7/0/0/0,3479:1747647652451:,1747647656731
counter/7/0/0/0,3480:1747647652451:,1747647656731
counter/7/0/0/0,3481:1747647652451:,1747647656731
counter/7/0/0/0,3482:1747647652451:,1747647656731
counter/7/0/0/0,3483:1747647652451:,1747647656731
counter/7/0/0/0,3484:1747647652451:,1747647656731
counter/5/0/0/0,3546:1747647652157:,1747647656731
counter/5/0/0/0,3547:1747647652157:,1747647656732
counter/8/0/0/0,3764:1747647652303:,1747647656733
counter/3/0/0/0,3686:1747647652425:,1747647656733
counter/10/0/0/0,3253:1747647652415:,1747647656733
counter/10/0/0/0,3254:1747647652415:,1747647656733
counter/7/0/0/0,3485:1747647652451:,1747647656733
counter/6/0/0/0,3340:1747647652833:,1747647656733
counter/6/0/0/0,3341:1747647652833:,1747647656733
counter/2/0/0/0,3274:1747647651957:,1747647656733
counter/7/0/0/0,3486:1747647652451:,1747647656734
counter/9/0/0/0,3865:1747647652602:,1747647656734
counter/1/0/0/0,3674:1747647652610:,1747647656735
counter/2/0/0/0,3275:1747647651957:,1747647656735
counter/8/0/0/0,3765:1747647652303:,1747647656735
counter/8/0/0/0,3766:1747647652303:,1747647656735
counter/8/0/0/0,3767:1747647652303:,1747647656736
counter/6/0/0/0,3342:1747647652833:,1747647656736
counter/1/0/0/0,3675:1747647652610:,1747647656736
counter/8/0/0/0,3768:1747647652303:,1747647656736
counter/8/0/0/0,3769:1747647652303:,1747647656736
counter/8/0/0/0,3770:1747647652303:,1747647656736
counter/8/0/0/0,3771:1747647652309:,1747647656736
counter/4/0/0/0,3800:1747647652649:,1747647656736
counter/10/0/0/0,3255:1747647652415:,1747647656737
counter/6/0/0/0,3343:1747647652833:,1747647656738
counter/9/0/0/0,3866:1747647652602:,1747647656738
counter/1/0/0/0,3676:1747647652610:,1747647656738
counter/9/0/0/0,3867:1747647652602:,1747647656738
counter/8/0/0/0,3772:1747647652309:,1747647656738
counter/8/0/0/0,3773:1747647652309:,1747647656738
counter/8/0/0/0,3774:1747647652309:,1747647656738
counter/8/0/0/0,3775:1747647652309:,1747647656738
counter/8/0/0/0,3776:1747647652312:,1747647656738
counter/8/0/0/0,3777:1747647652312:,1747647656738
counter/8/0/0/0,3778:1747647652312:,1747647656738
counter/8/0/0/0,3779:1747647652312:,1747647656738
counter/8/0/0/0,3780:1747647652312:,1747647656738
counter/8/0/0/0,3781:1747647652312:,1747647656738
counter/8/0/0/0,3782:1747647652312:,1747647656738
counter/8/0/0/0,3783:1747647652312:,1747647656738
counter/8/0/0/0,3784:1747647652312:,1747647656739
counter/8/0/0/0,3785:1747647652312:,1747647656739
counter/8/0/0/0,3786:1747647652312:,1747647656739
counter/8/0/0/0,3787:1747647652312:,1747647656739
counter/8/0/0/0,3788:1747647652312:,1747647656739
counter/1/0/0/0,3677:1747647652610:,1747647656739
counter/5/0/0/0,3548:1747647652157:,1747647656739
counter/3/0/0/0,3687:1747647652425:,1747647656739
counter/4/0/0/0,3801:1747647652651:,1747647656739
counter/3/0/0/0,3688:1747647652425:,1747647656740
counter/2/0/0/0,3276:1747647651957:,1747647656741
counter/4/0/0/0,3802:1747647652651:,1747647656742
counter/3/0/0/0,3689:1747647652428:,1747647656742
counter/1/0/0/0,3678:1747647652610:,1747647656742
counter/1/0/0/0,3679:1747647652610:,1747647656742
counter/1/0/0/0,3680:1747647652610:,1747647656742
counter/1/0/0/0,3681:1747647652610:,1747647656742
counter/1/0/0/0,3682:1747647652610:,1747647656742
counter/1/0/0/0,3683:1747647652610:,1747647656742
counter/1/0/0/0,3684:1747647652610:,1747647656743
counter/1/0/0/0,3685:1747647652610:,1747647656743
counter/1/0/0/0,3686:1747647652610:,1747647656743
counter/1/0/0/0,3687:1747647652610:,1747647656743
counter/1/0/0/0,3688:1747647652610:,1747647656743
counter/1/0/0/0,3689:1747647652610:,1747647656743
counter/1/0/0/0,3690:1747647652610:,1747647656743
counter/1/0/0/0,3691:1747647652610:,1747647656743
counter/3/0/0/0,3690:1747647652428:,1747647656743
counter/4/0/0/0,3803:1747647652651:,1747647656743
counter/4/0/0/0,3804:1747647652651:,1747647656743
counter/4/0/0/0,3805:1747647652651:,1747647656743
counter/4/0/0/0,3806:1747647652651:,1747647656743
counter/7/0/0/0,3487:1747647652451:,1747647656743
counter/3/0/0/0,3691:1747647652428:,1747647656744
counter/2/0/0/0,3277:1747647651957:,1747647656745
counter/2/0/0/0,3278:1747647651957:,1747647656745
counter/10/0/0/0,3256:1747647652415:,1747647656745
counter/2/0/0/0,3279:1747647651957:,1747647656745
counter/2/0/0/0,3280:1747647651957:,1747647656745
counter/2/0/0/0,3281:1747647651957:,1747647656745
counter/2/0/0/0,3282:1747647651957:,1747647656745
counter/1/0/0/0,3692:1747647652610:,1747647656745
counter/1/0/0/0,3693:1747647652610:,1747647656745
counter/5/0/0/0,3549:1747647652157:,1747647656745
counter/2/0/0/0,3283:1747647651957:,1747647656746
counter/2/0/0/0,3284:1747647651966:,1747647656746
counter/2/0/0/0,3285:1747647651966:,1747647656746
counter/2/0/0/0,3286:1747647651966:,1747647656746
counter/2/0/0/0,3287:1747647651966:,1747647656746
counter/8/0/0/0,3789:1747647652312:,1747647656746
counter/8/0/0/0,3790:1747647652312:,1747647656747
counter/8/0/0/0,3791:1747647652313:,1747647656747
counter/3/0/0/0,3692:1747647652428:,1747647656747
counter/2/0/0/0,3288:1747647651966:,1747647656748
counter/2/0/0/0,3289:1747647651967:,1747647656748
counter/2/0/0/0,3290:1747647651967:,1747647656748
counter/2/0/0/0,3291:1747647651967:,1747647656748
counter/2/0/0/0,3292:1747647651967:,1747647656748
counter/2/0/0/0,3293:1747647651974:,1747647656748
counter/5/0/0/0,3550:1747647652157:,1747647656749
counter/3/0/0/0,3693:1747647652428:,1747647656749
counter/9/0/0/0,3868:1747647652602:,1747647656749
counter/9/0/0/0,3869:1747647652602:,1747647656749
counter/5/0/0/0,3551:1747647652173:,1747647656749
counter/5/0/0/0,3552:1747647652173:,1747647656750
counter/5/0/0/0,3553:1747647652173:,1747647656750
counter/5/0/0/0,3554:1747647652173:,1747647656750
counter/7/0/0/0,3488:1747647652451:,1747647656750
counter/8/0/0/0,3792:1747647652313:,1747647656750
counter/8/0/0/0,3793:1747647652313:,1747647656750
counter/2/0/0/0,3294:1747647651974:,1747647656750
counter/2/0/0/0,3295:1747647651975:,1747647656750
counter/2/0/0/0,3296:1747647651975:,1747647656750
counter/2/0/0/0,3297:1747647651975:,1747647656751
counter/2/0/0/0,3298:1747647651975:,1747647656751
counter/2/0/0/0,3299:1747647651975:,1747647656751
counter/2/0/0/0,3300:1747647651975:,1747647656751
counter/2/0/0/0,3301:1747647651975:,1747647656751
counter/2/0/0/0,3302:1747647651975:,1747647656751
counter/1/0/0/0,3694:1747647652610:,1747647656751
counter/1/0/0/0,3695:1747647652610:,1747647656751
counter/1/0/0/0,3696:1747647652611:,1747647656751
counter/1/0/0/0,3697:1747647652617:,1747647656751
counter/1/0/0/0,3698:1747647652617:,1747647656751
counter/1/0/0/0,3699:1747647652617:,1747647656751
counter/1/0/0/0,3700:1747647652617:,1747647656751
counter/1/0/0/0,3701:1747647652617:,1747647656751
counter/1/0/0/0,3702:1747647652617:,1747647656751
counter/1/0/0/0,3703:1747647652617:,1747647656751
counter/1/0/0/0,3704:1747647652620:,1747647656751
counter/9/0/0/0,3870:1747647652602:,1747647656751
counter/7/0/0/0,3489:1747647652451:,1747647656752
counter/3/0/0/0,3694:1747647652428:,1747647656752
counter/3/0/0/0,3695:1747647652428:,1747647656752
counter/3/0/0/0,3696:1747647652428:,1747647656752
counter/3/0/0/0,3697:1747647652428:,1747647656752
counter/5/0/0/0,3555:1747647652173:,1747647656752
counter/5/0/0/0,3556:1747647652173:,1747647656753
counter/5/0/0/0,3557:1747647652173:,1747647656753
counter/5/0/0/0,3558:1747647652173:,1747647656753
counter/5/0/0/0,3559:1747647652173:,1747647656753
counter/5/0/0/0,3560:1747647652175:,1747647656753
counter/8/0/0/0,3794:1747647652313:,1747647656754
counter/7/0/0/0,3490:1747647652472:,1747647656754
counter/8/0/0/0,3795:1747647652313:,1747647656754
counter/8/0/0/0,3796:1747647652313:,1747647656754
counter/8/0/0/0,3797:1747647652313:,1747647656754
counter/8/0/0/0,3798:1747647652313:,1747647656754
counter/8/0/0/0,3799:1747647652313:,1747647656754
counter/8/0/0/0,3800:1747647652313:,1747647656754
counter/8/0/0/0,3801:1747647652313:,1747647656754
counter/8/0/0/0,3802:1747647652313:,1747647656754
counter/8/0/0/0,3803:1747647652313:,1747647656754
counter/3/0/0/0,3698:1747647652428:,1747647656754
counter/10/0/0/0,3257:1747647652415:,1747647656754
counter/3/0/0/0,3699:1747647652428:,1747647656754
counter/2/0/0/0,3303:1747647651975:,1747647656754
counter/8/0/0/0,3804:1747647652313:,1747647656754
counter/2/0/0/0,3304:1747647651975:,1747647656754
counter/2/0/0/0,3305:1747647651992:,1747647656755
counter/2/0/0/0,3306:1747647651992:,1747647656755
counter/2/0/0/0,3307:1747647651992:,1747647656755
counter/2/0/0/0,3308:1747647651992:,1747647656755
counter/2/0/0/0,3309:1747647651994:,1747647656755
counter/3/0/0/0,3700:1747647652428:,1747647656755
counter/2/0/0/0,3310:1747647651994:,1747647656756
counter/7/0/0/0,3491:1747647652472:,1747647656756
counter/4/0/0/0,3807:1747647652651:,1747647656756
counter/4/0/0/0,3808:1747647652657:,1747647656756
counter/4/0/0/0,3809:1747647652658:,1747647656756
counter/4/0/0/0,3810:1747647652658:,1747647656756
counter/4/0/0/0,3811:1747647652658:,1747647656756
counter/8/0/0/0,3805:1747647652314:,1747647656756
counter/4/0/0/0,3812:1747647652658:,1747647656756
counter/8/0/0/0,3806:1747647652314:,1747647656756
counter/4/0/0/0,3813:1747647652658:,1747647656756
counter/8/0/0/0,3807:1747647652314:,1747647656756
counter/10/0/0/0,3258:1747647652415:,1747647656756
counter/2/0/0/0,3311:1747647651994:,1747647656756
counter/7/0/0/0,3492:1747647652472:,1747647656756
counter/7/0/0/0,3493:1747647652472:,1747647656756
counter/7/0/0/0,3494:1747647652472:,1747647656756
counter/7/0/0/0,3495:1747647652472:,1747647656756
counter/7/0/0/0,3496:1747647652472:,1747647656756
counter/1/0/0/0,3705:1747647652620:,1747647656757
counter/1/0/0/0,3706:1747647652620:,1747647656757
counter/8/0/0/0,3808:1747647652319:,1747647656757
counter/7/0/0/0,3497:1747647652472:,1747647656759
counter/4/0/0/0,3814:1747647652658:,1747647656759
counter/1/0/0/0,3707:1747647652620:,1747647656759
counter/1/0/0/0,3708:1747647652620:,1747647656759
counter/1/0/0/0,3709:1747647652624:,1747647656759
counter/8/0/0/0,3809:1747647652319:,1747647656759
counter/8/0/0/0,3810:1747647652320:,1747647656759
counter/8/0/0/0,3811:1747647652320:,1747647656759
counter/5/0/0/0,3561:1747647652175:,1747647656760
counter/5/0/0/0,3562:1747647652175:,1747647656760
counter/5/0/0/0,3563:1747647652175:,1747647656760
counter/5/0/0/0,3564:1747647652176:,1747647656760
counter/5/0/0/0,3565:1747647652176:,1747647656760
counter/5/0/0/0,3566:1747647652176:,1747647656760
counter/5/0/0/0,3567:1747647652176:,1747647656760
counter/5/0/0/0,3568:1747647652176:,1747647656760
counter/5/0/0/0,3569:1747647652176:,1747647656760
counter/7/0/0/0,3498:1747647652472:,1747647656760
counter/8/0/0/0,3812:1747647652320:,1747647656761
counter/8/0/0/0,3813:1747647652320:,1747647656761
counter/8/0/0/0,3814:1747647652320:,1747647656761
counter/8/0/0/0,3815:1747647652320:,1747647656761
counter/9/0/0/0,3871:1747647652604:,1747647656761
counter/10/0/0/0,3259:1747647652415:,1747647656761
counter/3/0/0/0,3701:1747647652433:,1747647656761
counter/3/0/0/0,3702:1747647652433:,1747647656761
counter/2/0/0/0,3312:1747647651994:,1747647656761
counter/6/0/0/0,3344:1747647652833:,1747647656762
counter/2/0/0/0,3313:1747647651994:,1747647656762
counter/2/0/0/0,3314:1747647651995:,1747647656762
counter/5/0/0/0,3570:1747647652176:,1747647656762
counter/5/0/0/0,3571:1747647652176:,1747647656762
counter/5/0/0/0,3572:1747647652177:,1747647656762
counter/4/0/0/0,3815:1747647652658:,1747647656762
counter/7/0/0/0,3499:1747647652472:,1747647656762
counter/7/0/0/0,3500:1747647652473:,1747647656762
counter/7/0/0/0,3501:1747647652473:,1747647656762
counter/7/0/0/0,3502:1747647652473:,1747647656762
counter/7/0/0/0,3503:1747647652473:,1747647656762
counter/8/0/0/0,3816:1747647652320:,1747647656762
counter/8/0/0/0,3817:1747647652320:,1747647656762
counter/8/0/0/0,3818:1747647652320:,1747647656762
counter/8/0/0/0,3819:1747647652320:,1747647656762
counter/8/0/0/0,3820:1747647652320:,1747647656762
counter/8/0/0/0,3821:1747647652320:,1747647656763
counter/8/0/0/0,3822:1747647652320:,1747647656763
counter/8/0/0/0,3823:1747647652320:,1747647656763
counter/8/0/0/0,3824:1747647652320:,1747647656763
counter/9/0/0/0,3872:1747647652605:,1747647656763
counter/8/0/0/0,3825:1747647652320:,1747647656763
counter/9/0/0/0,3873:1747647652605:,1747647656763
counter/2/0/0/0,3315:1747647651995:,1747647656763
counter/2/0/0/0,3316:1747647651995:,1747647656763
counter/1/0/0/0,3710:1747647652624:,1747647656763
counter/1/0/0/0,3711:1747647652624:,1747647656763
counter/7/0/0/0,3504:1747647652474:,1747647656763
counter/5/0/0/0,3573:1747647652177:,1747647656763
counter/5/0/0/0,3574:1747647652177:,1747647656763
counter/5/0/0/0,3575:1747647652177:,1747647656763
counter/2/0/0/0,3317:1747647651995:,1747647656764
counter/8/0/0/0,3826:1747647652320:,1747647656765
counter/8/0/0/0,3827:1747647652320:,1747647656765
counter/8/0/0/0,3828:1747647652320:,1747647656765
counter/8/0/0/0,3829:1747647652320:,1747647656765
counter/5/0/0/0,3576:1747647652178:,1747647656765
counter/8/0/0/0,3830:1747647652320:,1747647656765
counter/5/0/0/0,3577:1747647652178:,1747647656765
counter/10/0/0/0,3260:1747647652415:,1747647656765
counter/5/0/0/0,3578:1747647652178:,1747647656765
counter/5/0/0/0,3579:1747647652178:,1747647656765
counter/5/0/0/0,3580:1747647652178:,1747647656765
counter/5/0/0/0,3581:1747647652178:,1747647656765
counter/5/0/0/0,3582:1747647652178:,1747647656765
counter/5/0/0/0,3583:1747647652178:,1747647656765
counter/5/0/0/0,3584:1747647652178:,1747647656765
counter/5/0/0/0,3585:1747647652178:,1747647656766
counter/1/0/0/0,3712:1747647652624:,1747647656766
counter/1/0/0/0,3713:1747647652624:,1747647656766
counter/1/0/0/0,3714:1747647652624:,1747647656766
counter/1/0/0/0,3715:1747647652624:,1747647656766
counter/1/0/0/0,3716:1747647652625:,1747647656766
counter/1/0/0/0,3717:1747647652625:,1747647656766
counter/1/0/0/0,3718:1747647652625:,1747647656766
counter/1/0/0/0,3719:1747647652625:,1747647656766
counter/1/0/0/0,3720:1747647652625:,1747647656766
counter/1/0/0/0,3721:1747647652625:,1747647656766
counter/1/0/0/0,3722:1747647652625:,1747647656766
counter/1/0/0/0,3723:1747647652625:,1747647656766
counter/2/0/0/0,3318:1747647652001:,1747647656766
counter/3/0/0/0,3703:1747647652433:,1747647656767
counter/6/0/0/0,3345:1747647652835:,1747647656767
counter/3/0/0/0,3704:1747647652437:,1747647656767
counter/3/0/0/0,3705:1747647652437:,1747647656767
counter/1/0/0/0,3724:1747647652629:,1747647656767
counter/3/0/0/0,3706:1747647652437:,1747647656767
counter/4/0/0/0,3816:1747647652663:,1747647656767
counter/10/0/0/0,3261:1747647652415:,1747647656767
counter/4/0/0/0,3817:1747647652663:,1747647656767
counter/4/0/0/0,3818:1747647652663:,1747647656767
counter/4/0/0/0,3819:1747647652663:,1747647656768
counter/4/0/0/0,3820:1747647652751:,1747647656768
counter/4/0/0/0,3821:1747647652758:,1747647656768
counter/4/0/0/0,3822:1747647652758:,1747647656768
counter/4/0/0/0,3823:1747647652758:,1747647656768
counter/4/0/0/0,3824:1747647652758:,1747647656768
counter/4/0/0/0,3825:1747647652758:,1747647656768
counter/4/0/0/0,3826:1747647652758:,1747647656768
counter/4/0/0/0,3827:1747647652758:,1747647656768
counter/4/0/0/0,3828:1747647652760:,1747647656768
counter/4/0/0/0,3829:1747647652760:,1747647656768
counter/4/0/0/0,3830:1747647652760:,1747647656768
counter/4/0/0/0,3831:1747647652760:,1747647656768
counter/4/0/0/0,3832:1747647652760:,1747647656768
counter/4/0/0/0,3833:1747647652760:,1747647656768
counter/4/0/0/0,3834:1747647652760:,1747647656768
counter/4/0/0/0,3835:1747647652760:,1747647656768
counter/1/0/0/0,3725:1747647652629:,1747647656768
counter/4/0/0/0,3836:1747647652760:,1747647656768
counter/4/0/0/0,3837:1747647652760:,1747647656768
counter/4/0/0/0,3838:1747647652760:,1747647656768
counter/4/0/0/0,3839:1747647652760:,1747647656768
counter/4/0/0/0,3840:1747647652761:,1747647656768
counter/7/0/0/0,3505:1747647652474:,1747647656768
counter/1/0/0/0,3726:1747647652629:,1747647656769
counter/1/0/0/0,3727:1747647652629:,1747647656769
counter/1/0/0/0,3728:1747647652629:,1747647656769
counter/1/0/0/0,3729:1747647652639:,1747647656769
counter/10/0/0/0,3262:1747647652415:,1747647656769
counter/1/0/0/0,3730:1747647652640:,1747647656769
counter/2/0/0/0,3319:1747647652001:,1747647656769
counter/5/0/0/0,3586:1747647652179:,1747647656769
counter/4/0/0/0,3841:1747647652762:,1747647656769
counter/5/0/0/0,3587:1747647652181:,1747647656769
counter/5/0/0/0,3588:1747647652181:,1747647656769
counter/5/0/0/0,3589:1747647652181:,1747647656769
counter/7/0/0/0,3506:1747647652474:,1747647656769
counter/3/0/0/0,3707:1747647652437:,1747647656769
counter/4/0/0/0,3842:1747647652762:,1747647656769
counter/3/0/0/0,3708:1747647652438:,1747647656769
counter/4/0/0/0,3843:1747647652762:,1747647656769
counter/4/0/0/0,3844:1747647652762:,1747647656769
counter/4/0/0/0,3845:1747647652775:,1747647656770
counter/7/0/0/0,3507:1747647652474:,1747647656770
counter/7/0/0/0,3508:1747647652474:,1747647656770
counter/3/0/0/0,3709:1747647652438:,1747647656770
counter/2/0/0/0,3320:1747647652001:,1747647656771
counter/5/0/0/0,3590:1747647652181:,1747647656771
counter/6/0/0/0,3346:1747647652835:,1747647656771
counter/6/0/0/0,3347:1747647652835:,1747647656771
counter/6/0/0/0,3348:1747647652835:,1747647656771
counter/3/0/0/0,3710:1747647652438:,1747647656771
counter/10/0/0/0,3263:1747647652415:,1747647656772
counter/8/0/0/0,3831:1747647652320:,1747647656773
counter/3/0/0/0,3711:1747647652438:,1747647656773
counter/1/0/0/0,3731:1747647652641:,1747647656773
counter/1/0/0/0,3732:1747647652643:,1747647656773
counter/1/0/0/0,3733:1747647652644:,1747647656773
counter/1/0/0/0,3734:1747647652644:,1747647656773
counter/1/0/0/0,3735:1747647652644:,1747647656773
counter/9/0/0/0,3874:1747647652605:,1747647656774
counter/9/0/0/0,3875:1747647652605:,1747647656774
counter/9/0/0/0,3876:1747647652605:,1747647656774
counter/9/0/0/0,3877:1747647652605:,1747647656774
counter/1/0/0/0,3736:1747647652644:,1747647656774
counter/1/0/0/0,3737:1747647652644:,1747647656774
counter/1/0/0/0,3738:1747647652644:,1747647656774
counter/1/0/0/0,3739:1747647652644:,1747647656774
counter/1/0/0/0,3740:1747647652644:,1747647656774
counter/6/0/0/0,3349:1747647652835:,1747647656775
counter/4/0/0/0,3846:1747647652775:,1747647656776
counter/6/0/0/0,3350:1747647652835:,1747647656776
counter/4/0/0/0,3847:1747647652775:,1747647656776
counter/4/0/0/0,3848:1747647652775:,1747647656776
counter/4/0/0/0,3849:1747647652775:,1747647656776
counter/4/0/0/0,3850:1747647652775:,1747647656776
counter/4/0/0/0,3851:1747647652775:,1747647656776
counter/6/0/0/0,3351:1747647652835:,1747647656776
counter/6/0/0/0,3352:1747647652835:,1747647656776
counter/6/0/0/0,3353:1747647652835:,1747647656777
counter/6/0/0/0,3354:1747647652835:,1747647656777
counter/6/0/0/0,3355:1747647652835:,1747647656777
counter/8/0/0/0,3832:1747647652320:,1747647656777
counter/6/0/0/0,3356:1747647652835:,1747647656777
counter/4/0/0/0,3852:1747647652775:,1747647656777
counter/4/0/0/0,3853:1747647652775:,1747647656777
counter/4/0/0/0,3854:1747647652776:,1747647656777
counter/9/0/0/0,3878:1747647652605:,1747647656778
counter/10/0/0/0,3264:1747647652415:,1747647656778
counter/9/0/0/0,3879:1747647652605:,1747647656778
counter/5/0/0/0,3591:1747647652181:,1747647656778
counter/8/0/0/0,3833:1747647652320:,1747647656779
counter/4/0/0/0,3855:1747647652776:,1747647656779
counter/8/0/0/0,3834:1747647652320:,1747647656779
counter/1/0/0/0,3741:1747647652644:,1747647656779
counter/8/0/0/0,3835:1747647652320:,1747647656779
counter/1/0/0/0,3742:1747647652644:,1747647656780
counter/1/0/0/0,3743:1747647652644:,1747647656780
counter/1/0/0/0,3744:1747647652644:,1747647656780
counter/3/0/0/0,3712:1747647652438:,1747647656780
counter/8/0/0/0,3836:1747647652320:,1747647656781
counter/8/0/0/0,3837:1747647652320:,1747647656781
counter/7/0/0/0,3509:1747647652474:,1747647656781
counter/8/0/0/0,3838:1747647652326:,1747647656781
counter/8/0/0/0,3839:1747647652326:,1747647656781
counter/2/0/0/0,3321:1747647652001:,1747647656781
counter/5/0/0/0,3592:1747647652181:,1747647656781
counter/3/0/0/0,3713:1747647652440:,1747647656781
counter/1/0/0/0,3745:1747647652649:,1747647656782
counter/1/0/0/0,3746:1747647652658:,1747647656782
counter/1/0/0/0,3747:1747647652659:,1747647656782
counter/1/0/0/0,3748:1747647652659:,1747647656782
counter/1/0/0/0,3749:1747647652659:,1747647656782
counter/1/0/0/0,3750:1747647652659:,1747647656783
counter/1/0/0/0,3751:1747647652659:,1747647656783
counter/1/0/0/0,3752:1747647652659:,1747647656783
counter/5/0/0/0,3593:1747647652181:,1747647656783
counter/6/0/0/0,3357:1747647652835:,1747647656783
counter/10/0/0/0,3265:1747647652415:,1747647656783
counter/2/0/0/0,3322:1747647652001:,1747647656783
counter/1/0/0/0,3753:1747647652659:,1747647656784
counter/6/0/0/0,3358:1747647652835:,1747647656784
counter/1/0/0/0,3754:1747647652659:,1747647656784
counter/3/0/0/0,3714:1747647652440:,1747647656785
counter/5/0/0/0,3594:1747647652181:,1747647656785
counter/7/0/0/0,3510:1747647652474:,1747647656785
counter/9/0/0/0,3880:1747647652605:,1747647656785
counter/10/0/0/0,3266:1747647652423:,1747647656785
counter/10/0/0/0,3267:1747647652423:,1747647656785
counter/10/0/0/0,3268:1747647652423:,1747647656785
counter/10/0/0/0,3269:1747647652424:,1747647656786
counter/10/0/0/0,3270:1747647652424:,1747647656786
counter/10/0/0/0,3271:1747647652432:,1747647656786
counter/10/0/0/0,3272:1747647652432:,1747647656786
counter/4/0/0/0,3856:1747647652776:,1747647656786
counter/10/0/0/0,3273:1747647652432:,1747647656786
counter/10/0/0/0,3274:1747647652432:,1747647656787
counter/2/0/0/0,3323:1747647652002:,1747647656787
counter/2/0/0/0,3324:1747647652002:,1747647656787
counter/2/0/0/0,3325:1747647652002:,1747647656787
counter/2/0/0/0,3326:1747647652002:,1747647656787
counter/2/0/0/0,3327:1747647652002:,1747647656787
counter/6/0/0/0,3359:1747647652835:,1747647656787
counter/9/0/0/0,3881:1747647652605:,1747647656787
counter/8/0/0/0,3840:1747647652333:,1747647656787
counter/8/0/0/0,3841:1747647652333:,1747647656787
counter/8/0/0/0,3842:1747647652333:,1747647656788
counter/8/0/0/0,3843:1747647652333:,1747647656788
counter/8/0/0/0,3844:1747647652333:,1747647656788
counter/8/0/0/0,3845:1747647652333:,1747647656788
counter/5/0/0/0,3595:1747647652181:,1747647656788
counter/5/0/0/0,3596:1747647652181:,1747647656788
counter/5/0/0/0,3597:1747647652181:,1747647656788
counter/10/0/0/0,3275:1747647652432:,1747647656788
counter/7/0/0/0,3511:1747647652474:,1747647656789
counter/9/0/0/0,3882:1747647652605:,1747647656789
counter/9/0/0/0,3883:1747647652605:,1747647656789
counter/1/0/0/0,3755:1747647652659:,1747647656789
counter/4/0/0/0,3857:1747647652776:,1747647656789
counter/8/0/0/0,3846:1747647652333:,1747647656789
counter/2/0/0/0,3328:1747647652002:,1747647656789
counter/5/0/0/0,3598:1747647652181:,1747647656789
counter/5/0/0/0,3599:1747647652181:,1747647656789
counter/5/0/0/0,3600:1747647652181:,1747647656789
counter/5/0/0/0,3601:1747647652181:,1747647656789
counter/5/0/0/0,3602:1747647652181:,1747647656789
counter/5/0/0/0,3603:1747647652181:,1747647656790
counter/5/0/0/0,3604:1747647652181:,1747647656790
counter/3/0/0/0,3715:1747647652447:,1747647656790
counter/6/0/0/0,3360:1747647652835:,1747647656790
counter/9/0/0/0,3884:1747647652605:,1747647656790
counter/9/0/0/0,3885:1747647652605:,1747647656790
counter/4/0/0/0,3858:1747647652776:,1747647656790
counter/8/0/0/0,3847:1747647652333:,1747647656790
counter/2/0/0/0,3329:1747647652002:,1747647656790
counter/2/0/0/0,3330:1747647652002:,1747647656790
counter/2/0/0/0,3331:1747647652002:,1747647656790
counter/2/0/0/0,3332:1747647652002:,1747647656790
counter/2/0/0/0,3333:1747647652002:,1747647656790
counter/2/0/0/0,3334:1747647652002:,1747647656790
counter/2/0/0/0,3335:1747647652003:,1747647656790
counter/5/0/0/0,3605:1747647652181:,1747647656790
counter/5/0/0/0,3606:1747647652185:,1747647656790
counter/5/0/0/0,3607:1747647652185:,1747647656790
counter/6/0/0/0,3361:1747647652837:,1747647656790
counter/5/0/0/0,3608:1747647652185:,1747647656791
counter/5/0/0/0,3609:1747647652185:,1747647656791
counter/5/0/0/0,3610:1747647652189:,1747647656791
counter/5/0/0/0,3611:1747647652189:,1747647656791
counter/9/0/0/0,3886:1747647652605:,1747647656791
counter/4/0/0/0,3859:1747647652776:,1747647656792
counter/1/0/0/0,3756:1747647652659:,1747647656792
counter/1/0/0/0,3757:1747647652659:,1747647656792
counter/1/0/0/0,3758:1747647652659:,1747647656792
counter/1/0/0/0,3759:1747647652659:,1747647656792
counter/1/0/0/0,3760:1747647652659:,1747647656792
counter/1/0/0/0,3761:1747647652660:,1747647656792
counter/1/0/0/0,3762:1747647652755:,1747647656792
counter/1/0/0/0,3763:1747647652768:,1747647656792
counter/4/0/0/0,3860:1747647652776:,1747647656792
counter/8/0/0/0,3848:1747647652333:,1747647656797
counter/8/0/0/0,3849:1747647652333:,1747647656798
counter/8/0/0/0,3850:1747647652333:,1747647656798
counter/8/0/0/0,3851:1747647652333:,1747647656798
counter/8/0/0/0,3852:1747647652333:,1747647656798
counter/8/0/0/0,3853:1747647652333:,1747647656798
counter/9/0/0/0,3887:1747647652605:,1747647656798
counter/2/0/0/0,3336:1747647652003:,1747647656798
counter/2/0/0/0,3337:1747647652003:,1747647656798
counter/2/0/0/0,3338:1747647652003:,1747647656798
counter/6/0/0/0,3362:1747647652837:,1747647656798
counter/5/0/0/0,3612:1747647652189:,1747647656799
counter/5/0/0/0,3613:1747647652189:,1747647656799
counter/10/0/0/0,3276:1747647652432:,1747647656799
counter/3/0/0/0,3716:1747647652447:,1747647656799
counter/5/0/0/0,3614:1747647652194:,1747647656800
counter/4/0/0/0,3861:1747647652776:,1747647656801
counter/4/0/0/0,3862:1747647652776:,1747647656801
counter/4/0/0/0,3863:1747647652778:,1747647656801
counter/4/0/0/0,3864:1747647652778:,1747647656801
counter/4/0/0/0,3865:1747647652778:,1747647656801
counter/4/0/0/0,3866:1747647652778:,1747647656801
counter/4/0/0/0,3867:1747647652778:,1747647656801
counter/7/0/0/0,3512:1747647652474:,1747647656801
counter/6/0/0/0,3363:1747647652837:,1747647656801
counter/5/0/0/0,3615:1747647652203:,1747647656801
counter/9/0/0/0,3888:1747647652605:,1747647656803
counter/8/0/0/0,3854:1747647652333:,1747647656803
counter/2/0/0/0,3339:1747647652003:,1747647656803
counter/2/0/0/0,3340:1747647652003:,1747647656803
counter/5/0/0/0,3616:1747647652203:,1747647656803
counter/3/0/0/0,3717:1747647652447:,1747647656804
counter/2/0/0/0,3341:1747647652003:,1747647656804
counter/10/0/0/0,3277:1747647652432:,1747647656805
counter/10/0/0/0,3278:1747647652432:,1747647656805
counter/4/0/0/0,3868:1747647652778:,1747647656805
counter/5/0/0/0,3617:1747647652203:,1747647656805
counter/5/0/0/0,3618:1747647652205:,1747647656805
counter/5/0/0/0,3619:1747647652205:,1747647656805
counter/3/0/0/0,3718:1747647652448:,1747647656805
counter/7/0/0/0,3513:1747647652474:,1747647656805
counter/3/0/0/0,3719:1747647652448:,1747647656805
counter/3/0/0/0,3720:1747647652448:,1747647656805
counter/9/0/0/0,3889:1747647652606:,1747647656806
counter/5/0/0/0,3620:1747647652206:,1747647656806
counter/1/0/0/0,3764:1747647652786:,1747647656806
counter/3/0/0/0,3721:1747647652448:,1747647656806
counter/8/0/0/0,3855:1747647652333:,1747647656806
counter/8/0/0/0,3856:1747647652333:,1747647656806
counter/8/0/0/0,3857:1747647652334:,1747647656806
counter/8/0/0/0,3858:1747647652334:,1747647656806
counter/8/0/0/0,3859:1747647652334:,1747647656806
counter/8/0/0/0,3860:1747647652334:,1747647656806
counter/8/0/0/0,3861:1747647652334:,1747647656806
counter/8/0/0/0,3862:1747647652340:,1747647656806
counter/8/0/0/0,3863:1747647652340:,1747647656807
counter/2/0/0/0,3342:1747647652005:,1747647656807
counter/2/0/0/0,3343:1747647652005:,1747647656807
counter/2/0/0/0,3344:1747647652007:,1747647656807
counter/8/0/0/0,3864:1747647652340:,1747647656807
counter/1/0/0/0,3765:1747647652786:,1747647656807
counter/1/0/0/0,3766:1747647652786:,1747647656809
counter/1/0/0/0,3767:1747647652786:,1747647656809
counter/1/0/0/0,3768:1747647652791:,1747647656809
counter/1/0/0/0,3769:1747647652791:,1747647656809
counter/1/0/0/0,3770:1747647652791:,1747647656809
counter/1/0/0/0,3771:1747647652791:,1747647656809
counter/1/0/0/0,3772:1747647652791:,1747647656809
counter/1/0/0/0,3773:1747647652792:,1747647656809
counter/1/0/0/0,3774:1747647652792:,1747647656809
counter/5/0/0/0,3621:1747647652206:,1747647656809
counter/5/0/0/0,3622:1747647652206:,1747647656810
counter/6/0/0/0,3364:1747647652838:,1747647656810
counter/8/0/0/0,3865:1747647652340:,1747647656810
counter/8/0/0/0,3866:1747647652343:,1747647656810
counter/8/0/0/0,3867:1747647652343:,1747647656810
counter/8/0/0/0,3868:1747647652343:,1747647656810
counter/10/0/0/0,3279:1747647652432:,1747647656810
counter/7/0/0/0,3514:1747647652474:,1747647656810
counter/10/0/0/0,3280:1747647652432:,1747647656810
counter/9/0/0/0,3890:1747647652619:,1747647656810
counter/5/0/0/0,3623:1747647652211:,1747647656811
counter/3/0/0/0,3722:1747647652448:,1747647656811
counter/5/0/0/0,3624:1747647652211:,1747647656811
counter/5/0/0/0,3625:1747647652211:,1747647656811
counter/5/0/0/0,3626:1747647652211:,1747647656811
counter/5/0/0/0,3627:1747647652211:,1747647656811
counter/4/0/0/0,3869:1747647652778:,1747647656811
counter/4/0/0/0,3870:1747647652780:,1747647656811
counter/4/0/0/0,3871:1747647652780:,1747647656811
counter/4/0/0/0,3872:1747647652780:,1747647656811
counter/4/0/0/0,3873:1747647652780:,1747647656811
counter/4/0/0/0,3874:1747647652786:,1747647656811
counter/4/0/0/0,3875:1747647652786:,1747647656811
counter/8/0/0/0,3869:1747647652343:,1747647656812
counter/8/0/0/0,3870:1747647652343:,1747647656812
counter/8/0/0/0,3871:1747647652343:,1747647656812
counter/4/0/0/0,3876:1747647652786:,1747647656813
counter/6/0/0/0,3365:1747647652838:,1747647656813
counter/8/0/0/0,3872:1747647652343:,1747647656814
counter/8/0/0/0,3873:1747647652343:,1747647656814
counter/4/0/0/0,3877:1747647652788:,1747647656814
counter/4/0/0/0,3878:1747647652788:,1747647656814
counter/4/0/0/0,3879:1747647652788:,1747647656814
counter/4/0/0/0,3880:1747647652788:,1747647656814
counter/1/0/0/0,3775:1747647652792:,1747647656814
counter/2/0/0/0,3345:1747647652007:,1747647656814
counter/8/0/0/0,3874:1747647652343:,1747647656814
counter/8/0/0/0,3875:1747647652343:,1747647656815
counter/8/0/0/0,3876:1747647652343:,1747647656815
counter/4/0/0/0,3881:1747647652789:,1747647656815
counter/4/0/0/0,3882:1747647652789:,1747647656815
counter/4/0/0/0,3883:1747647652789:,1747647656815
counter/6/0/0/0,3366:1747647652838:,1747647656815
counter/6/0/0/0,3367:1747647652838:,1747647656815
counter/6/0/0/0,3368:1747647652838:,1747647656815
counter/6/0/0/0,3369:1747647652838:,1747647656815
counter/6/0/0/0,3370:1747647652842:,1747647656815
counter/7/0/0/0,3515:1747647652475:,1747647656815
counter/9/0/0/0,3891:1747647652619:,1747647656815
counter/9/0/0/0,3892:1747647652619:,1747647656815
counter/5/0/0/0,3628:1747647652211:,1747647656816
counter/5/0/0/0,3629:1747647652211:,1747647656816
counter/5/0/0/0,3630:1747647652211:,1747647656816
counter/5/0/0/0,3631:1747647652211:,1747647656816
counter/5/0/0/0,3632:1747647652211:,1747647656816
counter/1/0/0/0,3776:1747647652792:,1747647656816
counter/1/0/0/0,3777:1747647652792:,1747647656816
counter/1/0/0/0,3778:1747647652792:,1747647656816
counter/1/0/0/0,3779:1747647652792:,1747647656816
counter/1/0/0/0,3780:1747647652804:,1747647656816
counter/1/0/0/0,3781:1747647652804:,1747647656816
counter/1/0/0/0,3782:1747647652804:,1747647656816
counter/1/0/0/0,3783:1747647652804:,1747647656816
counter/2/0/0/0,3346:1747647652007:,1747647656816
counter/7/0/0/0,3516:1747647652475:,1747647656818
counter/1/0/0/0,3784:1747647652804:,1747647656818
counter/7/0/0/0,3517:1747647652475:,1747647656818
counter/7/0/0/0,3518:1747647652475:,1747647656818
counter/7/0/0/0,3519:1747647652475:,1747647656818
counter/7/0/0/0,3520:1747647652475:,1747647656818
counter/7/0/0/0,3521:1747647652475:,1747647656818
counter/7/0/0/0,3522:1747647652481:,1747647656818
counter/3/0/0/0,3723:1747647652448:,1747647656819
counter/1/0/0/0,3785:1747647652804:,1747647656819
counter/1/0/0/0,3786:1747647652804:,1747647656819
counter/1/0/0/0,3787:1747647652804:,1747647656819
counter/1/0/0/0,3788:1747647652804:,1747647656819
counter/1/0/0/0,3789:1747647652804:,1747647656819
counter/1/0/0/0,3790:1747647652804:,1747647656819
counter/1/0/0/0,3791:1747647652804:,1747647656819
counter/1/0/0/0,3792:1747647652804:,1747647656819
counter/1/0/0/0,3793:1747647652804:,1747647656819
counter/7/0/0/0,3523:1747647652481:,1747647656819
counter/2/0/0/0,3347:1747647652007:,1747647656820
counter/6/0/0/0,3371:1747647652842:,1747647656820
counter/6/0/0/0,3372:1747647652842:,1747647656820
counter/6/0/0/0,3373:1747647652842:,1747647656820
counter/2/0/0/0,3348:1747647652007:,1747647656820
counter/2/0/0/0,3349:1747647652007:,1747647656821
counter/2/0/0/0,3350:1747647652007:,1747647656821
counter/2/0/0/0,3351:1747647652007:,1747647656821
counter/6/0/0/0,3374:1747647652842:,1747647656821
counter/10/0/0/0,3281:1747647652432:,1747647656821
counter/3/0/0/0,3724:1747647652448:,1747647656821
counter/1/0/0/0,3794:1747647652804:,1747647656821
counter/1/0/0/0,3795:1747647652804:,1747647656821
counter/1/0/0/0,3796:1747647652804:,1747647656821
counter/1/0/0/0,3797:1747647652804:,1747647656821
counter/1/0/0/0,3798:1747647652804:,1747647656821
counter/2/0/0/0,3352:1747647652007:,1747647656822
counter/2/0/0/0,3353:1747647652007:,1747647656822
counter/4/0/0/0,3884:1747647652789:,1747647656823
counter/4/0/0/0,3885:1747647652789:,1747647656823
counter/4/0/0/0,3886:1747647652789:,1747647656823
counter/5/0/0/0,3633:1747647652211:,1747647656823
counter/5/0/0/0,3634:1747647652211:,1747647656823
counter/5/0/0/0,3635:1747647652211:,1747647656823
counter/5/0/0/0,3636:1747647652211:,1747647656823
counter/5/0/0/0,3637:1747647652211:,1747647656823
counter/1/0/0/0,3799:1747647652804:,1747647656825
counter/1/0/0/0,3800:1747647652804:,1747647656825
counter/1/0/0/0,3801:1747647652804:,1747647656825
counter/1/0/0/0,3802:1747647652804:,1747647656825
counter/1/0/0/0,3803:1747647652804:,1747647656825
counter/1/0/0/0,3804:1747647652804:,1747647656825
counter/1/0/0/0,3805:1747647652805:,1747647656825
counter/1/0/0/0,3806:1747647652805:,1747647656825
counter/1/0/0/0,3807:1747647652805:,1747647656825
counter/1/0/0/0,3808:1747647652805:,1747647656825
counter/1/0/0/0,3809:1747647652805:,1747647656825
counter/10/0/0/0,3282:1747647652432:,1747647656826
counter/3/0/0/0,3725:1747647652448:,1747647656826
counter/3/0/0/0,3726:1747647652448:,1747647656826
counter/7/0/0/0,3524:1747647652481:,1747647656826
counter/7/0/0/0,3525:1747647652481:,1747647656826
counter/7/0/0/0,3526:1747647652481:,1747647656826
counter/7/0/0/0,3527:1747647652481:,1747647656826
counter/7/0/0/0,3528:1747647652481:,1747647656826
counter/7/0/0/0,3529:1747647652481:,1747647656826
counter/7/0/0/0,3530:1747647652487:,1747647656826
counter/1/0/0/0,3810:1747647652805:,1747647656827
counter/5/0/0/0,3638:1747647652211:,1747647656827
counter/5/0/0/0,3639:1747647652211:,1747647656827
counter/5/0/0/0,3640:1747647652223:,1747647656827
counter/5/0/0/0,3641:1747647652223:,1747647656827
counter/10/0/0/0,3283:1747647652432:,1747647656827
counter/6/0/0/0,3375:1747647652842:,1747647656827
counter/10/0/0/0,3284:1747647652432:,1747647656827
counter/6/0/0/0,3376:1747647652842:,1747647656827
counter/7/0/0/0,3531:1747647652488:,1747647656827
counter/7/0/0/0,3532:1747647652488:,1747647656827
counter/7/0/0/0,3533:1747647652488:,1747647656828
counter/7/0/0/0,3534:1747647652488:,1747647656828
counter/7/0/0/0,3535:1747647652488:,1747647656828
counter/8/0/0/0,3877:1747647652343:,1747647656829
counter/6/0/0/0,3377:1747647652842:,1747647656829
counter/7/0/0/0,3536:1747647652489:,1747647656829
counter/7/0/0/0,3537:1747647652489:,1747647656829
counter/7/0/0/0,3538:1747647652489:,1747647656829
counter/7/0/0/0,3539:1747647652489:,1747647656829
counter/7/0/0/0,3540:1747647652489:,1747647656829
counter/7/0/0/0,3541:1747647652489:,1747647656829
counter/7/0/0/0,3542:1747647652489:,1747647656829
counter/7/0/0/0,3543:1747647652489:,1747647656829
counter/2/0/0/0,3354:1747647652007:,1747647656831
counter/10/0/0/0,3285:1747647652432:,1747647656832
counter/10/0/0/0,3286:1747647652433:,1747647656832
counter/4/0/0/0,3887:1747647652789:,1747647656832
counter/10/0/0/0,3287:1747647652433:,1747647656832
counter/2/0/0/0,3355:1747647652007:,1747647656832
counter/4/0/0/0,3888:1747647652789:,1747647656833
counter/4/0/0/0,3889:1747647652789:,1747647656833
counter/4/0/0/0,3890:1747647652789:,1747647656833
counter/4/0/0/0,3891:1747647652789:,1747647656833
counter/4/0/0/0,3892:1747647652789:,1747647656833
counter/4/0/0/0,3893:1747647652790:,1747647656833
counter/4/0/0/0,3894:1747647652790:,1747647656833
counter/4/0/0/0,3895:1747647652790:,1747647656833
counter/4/0/0/0,3896:1747647652790:,1747647656833
counter/4/0/0/0,3897:1747647652790:,1747647656833
counter/4/0/0/0,3898:1747647652790:,1747647656833
counter/4/0/0/0,3899:1747647652791:,1747647656833
counter/3/0/0/0,3727:1747647652448:,1747647656833
counter/2/0/0/0,3356:1747647652008:,1747647656834
counter/8/0/0/0,3878:1747647652343:,1747647656834
counter/2/0/0/0,3357:1747647652008:,1747647656834
counter/2/0/0/0,3358:1747647652008:,1747647656834
counter/2/0/0/0,3359:1747647652023:,1747647656834
counter/2/0/0/0,3360:1747647652023:,1747647656834
counter/2/0/0/0,3361:1747647652023:,1747647656834
counter/5/0/0/0,3642:1747647652223:,1747647656834
counter/2/0/0/0,3362:1747647652027:,1747647656834
counter/7/0/0/0,3544:1747647652489:,1747647656834
counter/1/0/0/0,3811:1747647652805:,1747647656835
counter/4/0/0/0,3900:1747647652791:,1747647656837
counter/4/0/0/0,3901:1747647652791:,1747647656837
counter/4/0/0/0,3902:1747647652791:,1747647656837
counter/4/0/0/0,3903:1747647652791:,1747647656837
counter/4/0/0/0,3904:1747647652791:,1747647656837
counter/4/0/0/0,3905:1747647652791:,1747647656837
counter/2/0/0/0,3363:1747647652027:,1747647656837
counter/9/0/0/0,3893:1747647652619:,1747647656837
counter/9/0/0/0,3894:1747647652619:,1747647656838
counter/9/0/0/0,3895:1747647652619:,1747647656838
counter/3/0/0/0,3728:1747647652448:,1747647656838
counter/2/0/0/0,3364:1747647652027:,1747647656838
counter/7/0/0/0,3545:1747647652489:,1747647656838
counter/7/0/0/0,3546:1747647652489:,1747647656839
counter/7/0/0/0,3547:1747647652489:,1747647656839
counter/7/0/0/0,3548:1747647652489:,1747647656839
counter/7/0/0/0,3549:1747647652489:,1747647656839
counter/7/0/0/0,3550:1747647652489:,1747647656839
counter/7/0/0/0,3551:1747647652489:,1747647656839
counter/7/0/0/0,3552:1747647652489:,1747647656839
counter/7/0/0/0,3553:1747647652489:,1747647656839
counter/9/0/0/0,3896:1747647652619:,1747647656839
counter/3/0/0/0,3729:1747647652448:,1747647656839
counter/9/0/0/0,3897:1747647652619:,1747647656839
counter/3/0/0/0,3730:1747647652449:,1747647656839
counter/7/0/0/0,3554:1747647652489:,1747647656841
counter/7/0/0/0,3555:1747647652489:,1747647656841
counter/7/0/0/0,3556:1747647652494:,1747647656841
counter/7/0/0/0,3557:1747647652495:,1747647656841
counter/7/0/0/0,3558:1747647652495:,1747647656841
counter/2/0/0/0,3365:1747647652027:,1747647656841
counter/6/0/0/0,3378:1747647652842:,1747647656841
counter/8/0/0/0,3879:1747647652343:,1747647656841
counter/6/0/0/0,3379:1747647652843:,1747647656842
counter/4/0/0/0,3906:1747647652791:,1747647656842
counter/1/0/0/0,3812:1747647652805:,1747647656842
counter/7/0/0/0,3559:1747647652495:,1747647656842
counter/8/0/0/0,3880:1747647652343:,1747647656842
counter/1/0/0/0,3813:1747647652805:,1747647656842
counter/7/0/0/0,3560:1747647652495:,1747647656842
counter/1/0/0/0,3814:1747647652805:,1747647656842
counter/1/0/0/0,3815:1747647652805:,1747647656842
counter/1/0/0/0,3816:1747647652805:,1747647656842
counter/1/0/0/0,3817:1747647652805:,1747647656843
counter/1/0/0/0,3818:1747647652805:,1747647656843
counter/1/0/0/0,3819:1747647652805:,1747647656843
counter/1/0/0/0,3820:1747647652805:,1747647656843
counter/1/0/0/0,3821:1747647652805:,1747647656843
counter/9/0/0/0,3898:1747647652619:,1747647656843
counter/4/0/0/0,3907:1747647652797:,1747647656843
counter/2/0/0/0,3366:1747647652027:,1747647656843
counter/7/0/0/0,3561:1747647652495:,1747647656843
counter/2/0/0/0,3367:1747647652027:,1747647656843
counter/10/0/0/0,3288:1747647652433:,1747647656844
counter/10/0/0/0,3289:1747647652433:,1747647656844
counter/1/0/0/0,3822:1747647652805:,1747647656844
counter/1/0/0/0,3823:1747647652805:,1747647656844
counter/1/0/0/0,3824:1747647652805:,1747647656844
counter/1/0/0/0,3825:1747647652805:,1747647656844
counter/3/0/0/0,3731:1747647652449:,1747647656844
counter/5/0/0/0,3643:1747647652223:,1747647656844
counter/5/0/0/0,3644:1747647652223:,1747647656844
counter/3/0/0/0,3732:1747647652455:,1747647656844
counter/7/0/0/0,3562:1747647652495:,1747647656844
counter/7/0/0/0,3563:1747647652495:,1747647656844
counter/7/0/0/0,3564:1747647652511:,1747647656844
counter/7/0/0/0,3565:1747647652511:,1747647656844
counter/10/0/0/0,3290:1747647652433:,1747647656845
counter/9/0/0/0,3899:1747647652619:,1747647656845
counter/8/0/0/0,3881:1747647652343:,1747647656845
counter/5/0/0/0,3645:1747647652223:,1747647656845
counter/8/0/0/0,3882:1747647652343:,1747647656846
counter/9/0/0/0,3900:1747647652619:,1747647656846
counter/9/0/0/0,3901:1747647652620:,1747647656846
counter/9/0/0/0,3902:1747647652620:,1747647656846
counter/9/0/0/0,3903:1747647652620:,1747647656846
counter/10/0/0/0,3291:1747647652433:,1747647656846
counter/9/0/0/0,3904:1747647652620:,1747647656846
counter/6/0/0/0,3380:1747647652843:,1747647656846
counter/4/0/0/0,3908:1747647652797:,1747647656846
counter/4/0/0/0,3909:1747647652797:,1747647656846
counter/4/0/0/0,3910:1747647652797:,1747647656846
counter/4/0/0/0,3911:1747647652797:,1747647656846
counter/4/0/0/0,3912:1747647652797:,1747647656847
counter/4/0/0/0,3913:1747647652798:,1747647656847
counter/8/0/0/0,3883:1747647652343:,1747647656847
counter/8/0/0/0,3884:1747647652344:,1747647656847
counter/8/0/0/0,3885:1747647652344:,1747647656847
counter/8/0/0/0,3886:1747647652344:,1747647656847
counter/8/0/0/0,3887:1747647652344:,1747647656847
counter/8/0/0/0,3888:1747647652344:,1747647656847
counter/8/0/0/0,3889:1747647652344:,1747647656847
counter/8/0/0/0,3890:1747647652344:,1747647656847
counter/2/0/0/0,3368:1747647652027:,1747647656847
counter/8/0/0/0,3891:1747647652344:,1747647656847
counter/1/0/0/0,3826:1747647652805:,1747647656847
counter/1/0/0/0,3827:1747647652807:,1747647656847
counter/1/0/0/0,3828:1747647652807:,1747647656848
counter/1/0/0/0,3829:1747647652807:,1747647656848
counter/1/0/0/0,3830:1747647652809:,1747647656848
counter/1/0/0/0,3831:1747647652809:,1747647656848
counter/1/0/0/0,3832:1747647652809:,1747647656848
counter/1/0/0/0,3833:1747647652809:,1747647656848
counter/1/0/0/0,3834:1747647652816:,1747647656848
counter/1/0/0/0,3835:1747647652816:,1747647656848
counter/1/0/0/0,3836:1747647652816:,1747647656848
counter/7/0/0/0,3566:1747647652511:,1747647656848
counter/7/0/0/0,3567:1747647652511:,1747647656848
counter/7/0/0/0,3568:1747647652511:,1747647656848
counter/7/0/0/0,3569:1747647652511:,1747647656848
counter/7/0/0/0,3570:1747647652511:,1747647656848
counter/7/0/0/0,3571:1747647652515:,1747647656848
counter/7/0/0/0,3572:1747647652515:,1747647656848
counter/7/0/0/0,3573:1747647652515:,1747647656849
counter/7/0/0/0,3574:1747647652515:,1747647656849
counter/8/0/0/0,3892:1747647652344:,1747647656849
counter/10/0/0/0,3292:1747647652433:,1747647656849
counter/10/0/0/0,3293:1747647652433:,1747647656849
counter/10/0/0/0,3294:1747647652434:,1747647656850
counter/10/0/0/0,3295:1747647652434:,1747647656850
counter/10/0/0/0,3296:1747647652434:,1747647656850
counter/1/0/0/0,3837:1747647652823:,1747647656850
counter/6/0/0/0,3381:1747647652843:,1747647656850
counter/9/0/0/0,3905:1747647652624:,1747647656850
counter/9/0/0/0,3906:1747647652631:,1747647656850
counter/2/0/0/0,3369:1747647652027:,1747647656850
counter/5/0/0/0,3646:1747647652223:,1747647656850
counter/3/0/0/0,3733:1747647652455:,1747647656850
counter/3/0/0/0,3734:1747647652455:,1747647656850
counter/3/0/0/0,3735:1747647652455:,1747647656850
counter/3/0/0/0,3736:1747647652455:,1747647656850
counter/3/0/0/0,3737:1747647652455:,1747647656850
counter/3/0/0/0,3738:1747647652455:,1747647656850
counter/3/0/0/0,3739:1747647652455:,1747647656850
counter/3/0/0/0,3740:1747647652455:,1747647656851
counter/3/0/0/0,3741:1747647652455:,1747647656851
counter/3/0/0/0,3742:1747647652455:,1747647656851
counter/6/0/0/0,3382:1747647652843:,1747647656851
counter/2/0/0/0,3370:1747647652027:,1747647656851
counter/6/0/0/0,3383:1747647652843:,1747647656851
counter/6/0/0/0,3384:1747647652843:,1747647656851
counter/5/0/0/0,3647:1747647652223:,1747647656851
counter/7/0/0/0,3575:1747647652515:,1747647656851
counter/5/0/0/0,3648:1747647652223:,1747647656851
counter/4/0/0/0,3914:1747647652798:,1747647656851
counter/4/0/0/0,3915:1747647652798:,1747647656852
counter/4/0/0/0,3916:1747647652798:,1747647656852
counter/3/0/0/0,3743:1747647652455:,1747647656852
counter/10/0/0/0,3297:1747647652434:,1747647656852
counter/7/0/0/0,3576:1747647652515:,1747647656852
counter/7/0/0/0,3577:1747647652515:,1747647656852
counter/7/0/0/0,3578:1747647652515:,1747647656852
counter/8/0/0/0,3893:1747647652344:,1747647656853
counter/4/0/0/0,3917:1747647652798:,1747647656853
counter/8/0/0/0,3894:1747647652344:,1747647656853
counter/8/0/0/0,3895:1747647652344:,1747647656853
counter/8/0/0/0,3896:1747647652345:,1747647656853
counter/8/0/0/0,3897:1747647652345:,1747647656853
counter/8/0/0/0,3898:1747647652345:,1747647656853
counter/8/0/0/0,3899:1747647652345:,1747647656853
counter/8/0/0/0,3900:1747647652345:,1747647656853
counter/8/0/0/0,3901:1747647652345:,1747647656853
counter/8/0/0/0,3902:1747647652345:,1747647656853
counter/8/0/0/0,3903:1747647652345:,1747647656853
counter/8/0/0/0,3904:1747647652345:,1747647656853
counter/2/0/0/0,3371:1747647652027:,1747647656853
counter/10/0/0/0,3298:1747647652434:,1747647656853
counter/6/0/0/0,3385:1747647652843:,1747647656854
counter/7/0/0/0,3579:1747647652515:,1747647656854
counter/6/0/0/0,3386:1747647652843:,1747647656854
counter/4/0/0/0,3918:1747647652798:,1747647656854
counter/3/0/0/0,3744:1747647652455:,1747647656854
counter/9/0/0/0,3907:1747647652631:,1747647656854
counter/1/0/0/0,3838:1747647652823:,1747647656854
counter/9/0/0/0,3908:1747647652631:,1747647656856
counter/2/0/0/0,3372:1747647652027:,1747647656856
counter/2/0/0/0,3373:1747647652027:,1747647656856
counter/2/0/0/0,3374:1747647652027:,1747647656856
counter/2/0/0/0,3375:1747647652027:,1747647656856
counter/2/0/0/0,3376:1747647652027:,1747647656856
counter/4/0/0/0,3919:1747647652798:,1747647656856
counter/2/0/0/0,3377:1747647652027:,1747647656857
counter/2/0/0/0,3378:1747647652027:,1747647656857
counter/2/0/0/0,3379:1747647652030:,1747647656857
counter/2/0/0/0,3380:1747647652030:,1747647656857
counter/2/0/0/0,3381:1747647652030:,1747647656857
counter/4/0/0/0,3920:1747647652799:,1747647656857
counter/2/0/0/0,3382:1747647652030:,1747647656857
counter/3/0/0/0,3745:1747647652455:,1747647656857
counter/2/0/0/0,3383:1747647652030:,1747647656858
counter/6/0/0/0,3387:1747647652843:,1747647656858
counter/6/0/0/0,3388:1747647652843:,1747647656858
counter/6/0/0/0,3389:1747647652843:,1747647656858
counter/6/0/0/0,3390:1747647652843:,1747647656858
counter/6/0/0/0,3391:1747647652843:,1747647656858
counter/6/0/0/0,3392:1747647652843:,1747647656858
counter/6/0/0/0,3393:1747647652843:,1747647656858
counter/1/0/0/0,3839:1747647652823:,1747647656859
counter/1/0/0/0,3840:1747647652823:,1747647656859
counter/3/0/0/0,3746:1747647652460:,1747647656859
counter/1/0/0/0,3841:1747647652823:,1747647656859
counter/7/0/0/0,3580:1747647652515:,1747647656859
counter/10/0/0/0,3299:1747647652434:,1747647656859
counter/2/0/0/0,3384:1747647652030:,1747647656860
counter/2/0/0/0,3385:1747647652030:,1747647656860
counter/8/0/0/0,3905:1747647652345:,1747647656860
counter/7/0/0/0,3581:1747647652515:,1747647656860
counter/7/0/0/0,3582:1747647652515:,1747647656860
counter/7/0/0/0,3583:1747647652515:,1747647656860
counter/7/0/0/0,3584:1747647652515:,1747647656861
counter/7/0/0/0,3585:1747647652515:,1747647656861
counter/7/0/0/0,3586:1747647652515:,1747647656861
counter/10/0/0/0,3300:1747647652439:,1747647656861
counter/3/0/0/0,3747:1747647652460:,1747647656861
counter/2/0/0/0,3386:1747647652030:,1747647656862
counter/2/0/0/0,3387:1747647652030:,1747647656862
counter/4/0/0/0,3921:1747647652799:,1747647656862
counter/2/0/0/0,3388:1747647652036:,1747647656862
counter/2/0/0/0,3389:1747647652036:,1747647656862
counter/9/0/0/0,3909:1747647652631:,1747647656862
counter/2/0/0/0,3390:1747647652036:,1747647656862
counter/2/0/0/0,3391:1747647652036:,1747647656863
counter/2/0/0/0,3392:1747647652036:,1747647656863
counter/2/0/0/0,3393:1747647652036:,1747647656863
counter/1/0/0/0,3842:1747647652823:,1747647656863
counter/1/0/0/0,3843:1747647652823:,1747647656863
counter/1/0/0/0,3844:1747647652823:,1747647656863
counter/1/0/0/0,3845:1747647652823:,1747647656863
counter/1/0/0/0,3846:1747647652823:,1747647656863
counter/1/0/0/0,3847:1747647652823:,1747647656863
counter/6/0/0/0,3394:1747647652843:,1747647656863
counter/1/0/0/0,3848:1747647652823:,1747647656863
counter/6/0/0/0,3395:1747647652843:,1747647656863
counter/1/0/0/0,3849:1747647652823:,1747647656863
counter/1/0/0/0,3850:1747647652823:,1747647656863
counter/1/0/0/0,3851:1747647652823:,1747647656863
counter/8/0/0/0,3906:1747647652345:,1747647656863
counter/2/0/0/0,3394:1747647652036:,1747647656863
counter/2/0/0/0,3395:1747647652036:,1747647656863
counter/2/0/0/0,3396:1747647652036:,1747647656863
counter/2/0/0/0,3397:1747647652036:,1747647656864
counter/2/0/0/0,3398:1747647652036:,1747647656864
counter/2/0/0/0,3399:1747647652036:,1747647656864
counter/2/0/0/0,3400:1747647652036:,1747647656864
counter/2/0/0/0,3401:1747647652038:,1747647656864
counter/6/0/0/0,3396:1747647652843:,1747647656864
counter/5/0/0/0,3649:1747647652223:,1747647656864
counter/6/0/0/0,3397:1747647652843:,1747647656864
counter/6/0/0/0,3398:1747647652845:,1747647656864
counter/6/0/0/0,3399:1747647652850:,1747647656864
counter/8/0/0/0,3907:1747647652345:,1747647656864
counter/1/0/0/0,3852:1747647652823:,1747647656864
counter/8/0/0/0,3908:1747647652345:,1747647656865
counter/8/0/0/0,3909:1747647652345:,1747647656865
counter/8/0/0/0,3910:1747647652345:,1747647656865
counter/8/0/0/0,3911:1747647652345:,1747647656865
counter/8/0/0/0,3912:1747647652345:,1747647656865
counter/8/0/0/0,3913:1747647652345:,1747647656865
counter/8/0/0/0,3914:1747647652345:,1747647656865
counter/8/0/0/0,3915:1747647652345:,1747647656865
counter/8/0/0/0,3916:1747647652345:,1747647656865
counter/8/0/0/0,3917:1747647652346:,1747647656865
counter/9/0/0/0,3910:1747647652632:,1747647656865
counter/6/0/0/0,3400:1747647652851:,1747647656865
counter/7/0/0/0,3587:1747647652519:,1747647656865
counter/1/0/0/0,3853:1747647652823:,1747647656865
counter/1/0/0/0,3854:1747647652825:,1747647656865
counter/1/0/0/0,3855:1747647652825:,1747647656865
counter/1/0/0/0,3856:1747647652825:,1747647656866
counter/1/0/0/0,3857:1747647652825:,1747647656866
counter/1/0/0/0,3858:1747647652825:,1747647656866
counter/1/0/0/0,3859:1747647652825:,1747647656866
counter/1/0/0/0,3860:1747647652825:,1747647656866
counter/1/0/0/0,3861:1747647652825:,1747647656866
counter/1/0/0/0,3862:1747647652825:,1747647656866
counter/1/0/0/0,3863:1747647652825:,1747647656866
counter/1/0/0/0,3864:1747647652825:,1747647656866
counter/1/0/0/0,3865:1747647652825:,1747647656866
counter/1/0/0/0,3866:1747647652825:,1747647656866
counter/1/0/0/0,3867:1747647652825:,1747647656866
counter/1/0/0/0,3868:1747647652825:,1747647656866
counter/1/0/0/0,3869:1747647652825:,1747647656866
counter/5/0/0/0,3650:1747647652224:,1747647656866
counter/4/0/0/0,3922:1747647652802:,1747647656866
counter/10/0/0/0,3301:1747647652439:,1747647656866
counter/10/0/0/0,3302:1747647652439:,1747647656867
counter/10/0/0/0,3303:1747647652453:,1747647656867
counter/10/0/0/0,3304:1747647652453:,1747647656867
counter/1/0/0/0,3870:1747647652825:,1747647656867
counter/9/0/0/0,3911:1747647652632:,1747647656867
counter/10/0/0/0,3305:1747647652453:,1747647656867
counter/10/0/0/0,3306:1747647652453:,1747647656867
counter/1/0/0/0,3871:1747647652834:,1747647656867
counter/5/0/0/0,3651:1747647652224:,1747647656868
counter/5/0/0/0,3652:1747647652225:,1747647656868
counter/5/0/0/0,3653:1747647652225:,1747647656868
counter/5/0/0/0,3654:1747647652225:,1747647656868
counter/5/0/0/0,3655:1747647652225:,1747647656868
counter/5/0/0/0,3656:1747647652225:,1747647656868
counter/5/0/0/0,3657:1747647652229:,1747647656868
counter/5/0/0/0,3658:1747647652229:,1747647656868
counter/5/0/0/0,3659:1747647652229:,1747647656868
counter/5/0/0/0,3660:1747647652229:,1747647656868
counter/5/0/0/0,3661:1747647652229:,1747647656868
counter/5/0/0/0,3662:1747647652233:,1747647656868
counter/5/0/0/0,3663:1747647652243:,1747647656869
counter/7/0/0/0,3588:1747647652519:,1747647656869
counter/10/0/0/0,3307:1747647652453:,1747647656869
counter/2/0/0/0,3402:1747647652040:,1747647656869
counter/2/0/0/0,3403:1747647652041:,1747647656869
counter/2/0/0/0,3404:1747647652041:,1747647656869
counter/2/0/0/0,3405:1747647652044:,1747647656869
counter/2/0/0/0,3406:1747647652050:,1747647656869
counter/2/0/0/0,3407:1747647652050:,1747647656869
counter/2/0/0/0,3408:1747647652050:,1747647656869
counter/2/0/0/0,3409:1747647652050:,1747647656869
counter/2/0/0/0,3410:1747647652050:,1747647656869
counter/2/0/0/0,3411:1747647652050:,1747647656869
counter/2/0/0/0,3412:1747647652050:,1747647656869
counter/2/0/0/0,3413:1747647652050:,1747647656869
counter/2/0/0/0,3414:1747647652050:,1747647656869
counter/2/0/0/0,3415:1747647652050:,1747647656869
counter/2/0/0/0,3416:1747647652050:,1747647656869
counter/2/0/0/0,3417:1747647652050:,1747647656869
counter/8/0/0/0,3918:1747647652346:,1747647656870
counter/9/0/0/0,3912:1747647652632:,1747647656870
counter/10/0/0/0,3308:1747647652453:,1747647656871
counter/10/0/0/0,3309:1747647652453:,1747647656871
counter/10/0/0/0,3310:1747647652453:,1747647656871
counter/10/0/0/0,3311:1747647652453:,1747647656871
counter/10/0/0/0,3312:1747647652453:,1747647656871
counter/10/0/0/0,3313:1747647652453:,1747647656871
counter/10/0/0/0,3314:1747647652454:,1747647656871
counter/10/0/0/0,3315:1747647652454:,1747647656871
counter/10/0/0/0,3316:1747647652454:,1747647656871
counter/10/0/0/0,3317:1747647652478:,1747647656871
counter/10/0/0/0,3318:1747647652478:,1747647656871
counter/10/0/0/0,3319:1747647652478:,1747647656871
counter/8/0/0/0,3919:1747647652346:,1747647656871
counter/5/0/0/0,3664:1747647652243:,1747647656871
counter/7/0/0/0,3589:1747647652519:,1747647656872
counter/7/0/0/0,3590:1747647652519:,1747647656872
counter/7/0/0/0,3591:1747647652519:,1747647656872
counter/10/0/0/0,3320:1747647652478:,1747647656873
counter/10/0/0/0,3321:1747647652478:,1747647656873
counter/10/0/0/0,3322:1747647652478:,1747647656873
counter/10/0/0/0,3323:1747647652478:,1747647656873
counter/10/0/0/0,3324:1747647652478:,1747647656873
counter/10/0/0/0,3325:1747647652478:,1747647656873
counter/10/0/0/0,3326:1747647652478:,1747647656873
counter/5/0/0/0,3665:1747647652243:,1747647656873
counter/7/0/0/0,3592:1747647652526:,1747647656873
counter/8/0/0/0,3920:1747647652346:,1747647656873
counter/10/0/0/0,3327:1747647652478:,1747647656874
counter/8/0/0/0,3921:1747647652346:,1747647656874
counter/1/0/0/0,3872:1747647652834:,1747647656874
counter/1/0/0/0,3873:1747647652834:,1747647656874
counter/1/0/0/0,3874:1747647652834:,1747647656874
counter/1/0/0/0,3875:1747647652834:,1747647656874
counter/1/0/0/0,3876:1747647652834:,1747647656874
counter/1/0/0/0,3877:1747647652834:,1747647656874
counter/1/0/0/0,3878:1747647652834:,1747647656874
counter/1/0/0/0,3879:1747647652834:,1747647656874
counter/10/0/0/0,3328:1747647652478:,1747647656874
counter/1/0/0/0,3880:1747647652834:,1747647656874
counter/1/0/0/0,3881:1747647652834:,1747647656874
counter/1/0/0/0,3882:1747647652834:,1747647656874
counter/1/0/0/0,3883:1747647652834:,1747647656874
counter/1/0/0/0,3884:1747647652834:,1747647656875
counter/1/0/0/0,3885:1747647652834:,1747647656875
counter/1/0/0/0,3886:1747647652834:,1747647656875
counter/1/0/0/0,3887:1747647652834:,1747647656875
counter/1/0/0/0,3888:1747647652834:,1747647656875
counter/1/0/0/0,3889:1747647652834:,1747647656875
counter/1/0/0/0,3890:1747647652836:,1747647656875
counter/1/0/0/0,3891:1747647652836:,1747647656875
counter/5/0/0/0,3666:1747647652243:,1747647656875
counter/2/0/0/0,3418:1747647652050:,1747647656875
counter/2/0/0/0,3419:1747647652050:,1747647656875
counter/2/0/0/0,3420:1747647652050:,1747647656875
counter/2/0/0/0,3421:1747647652050:,1747647656875
counter/2/0/0/0,3422:1747647652050:,1747647656875
counter/2/0/0/0,3423:1747647652056:,1747647656875
counter/7/0/0/0,3593:1747647652526:,1747647656876
counter/6/0/0/0,3401:1747647652851:,1747647656876
counter/8/0/0/0,3922:1747647652346:,1747647656877
counter/8/0/0/0,3923:1747647652346:,1747647656877
counter/10/0/0/0,3329:1747647652478:,1747647656877
counter/2/0/0/0,3424:1747647652056:,1747647656878
counter/2/0/0/0,3425:1747647652056:,1747647656878
counter/2/0/0/0,3426:1747647652060:,1747647656878
counter/2/0/0/0,3427:1747647652060:,1747647656878
counter/2/0/0/0,3428:1747647652060:,1747647656878
counter/2/0/0/0,3429:1747647652060:,1747647656878
counter/2/0/0/0,3430:1747647652060:,1747647656878
counter/2/0/0/0,3431:1747647652060:,1747647656878
counter/2/0/0/0,3432:1747647652060:,1747647656878
counter/2/0/0/0,3433:1747647652060:,1747647656878
counter/2/0/0/0,3434:1747647652060:,1747647656878
counter/5/0/0/0,3667:1747647652243:,1747647656878
counter/10/0/0/0,3330:1747647652479:,1747647656878
counter/4/0/0/0,3923:1747647652802:,1747647656878
counter/10/0/0/0,3331:1747647652482:,1747647656879
counter/9/0/0/0,3913:1747647652632:,1747647656881
counter/2/0/0/0,3435:1747647652060:,1747647656881
counter/2/0/0/0,3436:1747647652068:,1747647656881
counter/2/0/0/0,3437:1747647652068:,1747647656881
counter/5/0/0/0,3668:1747647652243:,1747647656882
counter/2/0/0/0,3438:1747647652068:,1747647656882
counter/5/0/0/0,3669:1747647652243:,1747647656882
counter/2/0/0/0,3439:1747647652068:,1747647656882
counter/5/0/0/0,3670:1747647652243:,1747647656882
counter/2/0/0/0,3440:1747647652068:,1747647656882
counter/5/0/0/0,3671:1747647652245:,1747647656882
counter/5/0/0/0,3672:1747647652245:,1747647656882
counter/5/0/0/0,3673:1747647652246:,1747647656882
counter/5/0/0/0,3674:1747647652246:,1747647656882
counter/5/0/0/0,3675:1747647652246:,1747647656882
counter/5/0/0/0,3676:1747647652246:,1747647656882
counter/5/0/0/0,3677:1747647652246:,1747647656882
counter/5/0/0/0,3678:1747647652246:,1747647656882
counter/5/0/0/0,3679:1747647652260:,1747647656882
counter/4/0/0/0,3924:1747647652802:,1747647656883
counter/10/0/0/0,3332:1747647652482:,1747647656883
counter/4/0/0/0,3925:1747647652802:,1747647656883
counter/4/0/0/0,3926:1747647652802:,1747647656883
counter/4/0/0/0,3927:1747647652802:,1747647656883
counter/4/0/0/0,3928:1747647652802:,1747647656883
counter/4/0/0/0,3929:1747647652802:,1747647656883
counter/4/0/0/0,3930:1747647652802:,1747647656883
counter/4/0/0/0,3931:1747647652802:,1747647656883
counter/4/0/0/0,3932:1747647652802:,1747647656883
counter/4/0/0/0,3933:1747647652802:,1747647656883
counter/1/0/0/0,3892:1747647652836:,1747647656884
counter/1/0/0/0,3893:1747647652837:,1747647656884
counter/1/0/0/0,3894:1747647652848:,1747647656884
counter/1/0/0/0,3895:1747647652849:,1747647656884
counter/1/0/0/0,3896:1747647652849:,1747647656884
counter/6/0/0/0,3402:1747647652851:,1747647656884
counter/1/0/0/0,3897:1747647652849:,1747647656884
counter/1/0/0/0,3898:1747647652849:,1747647656884
counter/1/0/0/0,3899:1747647652851:,1747647656884
counter/3/0/0/0,3748:1747647652460:,1747647656884
counter/5/0/0/0,3680:1747647652260:,1747647656885
counter/10/0/0/0,3333:1747647652482:,1747647656885
counter/9/0/0/0,3914:1747647652632:,1747647656885
counter/4/0/0/0,3934:1747647652803:,1747647656885
counter/4/0/0/0,3935:1747647652803:,1747647656885
counter/4/0/0/0,3936:1747647652804:,1747647656885
counter/4/0/0/0,3937:1747647652804:,1747647656885
counter/1/0/0/0,3900:1747647652852:,1747647656885
counter/6/0/0/0,3403:1747647652851:,1747647656885
counter/4/0/0/0,3938:1747647652804:,1747647656886
counter/6/0/0/0,3404:1747647652851:,1747647656886
counter/2/0/0/0,3441:1747647652068:,1747647656886
counter/2/0/0/0,3442:1747647652068:,1747647656886
counter/2/0/0/0,3443:1747647652068:,1747647656886
counter/2/0/0/0,3444:1747647652068:,1747647656886
counter/2/0/0/0,3445:1747647652068:,1747647656887
counter/3/0/0/0,3749:1747647652460:,1747647656887
counter/1/0/0/0,3901:1747647652852:,1747647656887
counter/1/0/0/0,3902:1747647652852:,1747647656887
counter/1/0/0/0,3903:1747647652852:,1747647656887
counter/1/0/0/0,3904:1747647652852:,1747647656887
counter/1/0/0/0,3905:1747647652852:,1747647656887
counter/1/0/0/0,3906:1747647652852:,1747647656887
counter/1/0/0/0,3907:1747647652852:,1747647656887
counter/1/0/0/0,3908:1747647652852:,1747647656887
counter/9/0/0/0,3915:1747647652632:,1747647656888
counter/9/0/0/0,3916:1747647652632:,1747647656888
counter/7/0/0/0,3594:1747647652526:,1747647656888
counter/6/0/0/0,3405:1747647652851:,1747647656888
counter/7/0/0/0,3595:1747647652526:,1747647656888
counter/10/0/0/0,3334:1747647652482:,1747647656889
counter/10/0/0/0,3335:1747647652484:,1747647656889
counter/10/0/0/0,3336:1747647652484:,1747647656889
counter/9/0/0/0,3917:1747647652632:,1747647656889
counter/7/0/0/0,3596:1747647652526:,1747647656891
counter/9/0/0/0,3918:1747647652635:,1747647656891
counter/9/0/0/0,3919:1747647652635:,1747647656891
counter/9/0/0/0,3920:1747647652635:,1747647656891
counter/9/0/0/0,3921:1747647652635:,1747647656891
counter/9/0/0/0,3922:1747647652635:,1747647656891
counter/9/0/0/0,3923:1747647652635:,1747647656891
counter/9/0/0/0,3924:1747647652635:,1747647656891
counter/9/0/0/0,3925:1747647652635:,1747647656891
counter/4/0/0/0,3939:1747647652804:,1747647656892
counter/4/0/0/0,3940:1747647652804:,1747647656892
counter/1/0/0/0,3909:1747647652852:,1747647656892
counter/4/0/0/0,3941:1747647652804:,1747647656892
counter/5/0/0/0,3681:1747647652260:,1747647656892
counter/4/0/0/0,3942:1747647652804:,1747647656892
counter/2/0/0/0,3446:1747647652068:,1747647656892
counter/4/0/0/0,3943:1747647652822:,1747647656892
counter/5/0/0/0,3682:1747647652260:,1747647656892
counter/4/0/0/0,3944:1747647652822:,1747647656892
counter/5/0/0/0,3683:1747647652260:,1747647656892
counter/1/0/0/0,3910:1747647652852:,1747647656893
counter/1/0/0/0,3911:1747647652854:,1747647656893
counter/10/0/0/0,3337:1747647652484:,1747647656893
counter/1/0/0/0,3912:1747647652854:,1747647656893
counter/10/0/0/0,3338:1747647652484:,1747647656893
counter/9/0/0/0,3926:1747647652635:,1747647656893
counter/9/0/0/0,3927:1747647652635:,1747647656893
counter/8/0/0/0,3924:1747647652346:,1747647656893
counter/3/0/0/0,3750:1747647652460:,1747647656895
counter/1/0/0/0,3913:1747647652854:,1747647656898
counter/1/0/0/0,3914:1747647652855:,1747647656898
counter/1/0/0/0,3915:1747647652855:,1747647656898
counter/1/0/0/0,3916:1747647652855:,1747647656898
counter/10/0/0/0,3339:1747647652484:,1747647656899
counter/1/0/0/0,3917:1747647652855:,1747647656900
counter/9/0/0/0,3928:1747647652635:,1747647656900
counter/7/0/0/0,3597:1747647652526:,1747647656900
counter/5/0/0/0,3684:1747647652260:,1747647656900
counter/7/0/0/0,3598:1747647652526:,1747647656900
counter/7/0/0/0,3599:1747647652526:,1747647656900
counter/7/0/0/0,3600:1747647652531:,1747647656900
counter/7/0/0/0,3601:1747647652531:,1747647656900
counter/2/0/0/0,3447:1747647652068:,1747647656900
counter/8/0/0/0,3925:1747647652346:,1747647656900
counter/5/0/0/0,3685:1747647652260:,1747647656901
counter/7/0/0/0,3602:1747647652531:,1747647656901
counter/8/0/0/0,3926:1747647652346:,1747647656901
counter/8/0/0/0,3927:1747647652346:,1747647656901
counter/8/0/0/0,3928:1747647652346:,1747647656901
counter/3/0/0/0,3751:1747647652460:,1747647656901
counter/7/0/0/0,3603:1747647652532:,1747647656902
counter/8/0/0/0,3929:1747647652346:,1747647656902
counter/3/0/0/0,3752:1747647652460:,1747647656902
counter/3/0/0/0,3753:1747647652469:,1747647656902
counter/3/0/0/0,3754:1747647652469:,1747647656902
counter/10/0/0/0,3340:1747647652484:,1747647656902
counter/10/0/0/0,3341:1747647652484:,1747647656902
counter/10/0/0/0,3342:1747647652484:,1747647656902
counter/4/0/0/0,3945:1747647652822:,1747647656902
counter/9/0/0/0,3929:1747647652635:,1747647656903
counter/2/0/0/0,3448:1747647652068:,1747647656903
counter/10/0/0/0,3343:1747647652484:,1747647656903
counter/9/0/0/0,3930:1747647652635:,1747647656903
counter/1/0/0/0,3918:1747647652855:,1747647656904
counter/7/0/0/0,3604:1747647652532:,1747647656904
counter/3/0/0/0,3755:1747647652469:,1747647656904
counter/3/0/0/0,3756:1747647652469:,1747647656904
counter/10/0/0/0,3344:1747647652484:,1747647656904
counter/10/0/0/0,3345:1747647652484:,1747647656904
counter/10/0/0/0,3346:1747647652484:,1747647656904
counter/10/0/0/0,3347:1747647652484:,1747647656905
counter/10/0/0/0,3348:1747647652484:,1747647656905
counter/10/0/0/0,3349:1747647652484:,1747647656905
counter/10/0/0/0,3350:1747647652484:,1747647656905
counter/10/0/0/0,3351:1747647652484:,1747647656905
counter/10/0/0/0,3352:1747647652484:,1747647656905
counter/10/0/0/0,3353:1747647652484:,1747647656905
counter/10/0/0/0,3354:1747647652484:,1747647656905
counter/10/0/0/0,3355:1747647652484:,1747647656905
counter/10/0/0/0,3356:1747647652484:,1747647656905
counter/8/0/0/0,3930:1747647652346:,1747647656905
counter/8/0/0/0,3931:1747647652346:,1747647656905
counter/2/0/0/0,3449:1747647652068:,1747647656905
counter/3/0/0/0,3757:1747647652469:,1747647656905
counter/1/0/0/0,3919:1747647652855:,1747647656906
counter/6/0/0/0,3406:1747647652851:,1747647656906
counter/6/0/0/0,3407:1747647652851:,1747647656906
counter/6/0/0/0,3408:1747647652851:,1747647656906
counter/2/0/0/0,3450:1747647652068:,1747647656906
counter/4/0/0/0,3946:1747647652822:,1747647656906
counter/1/0/0/0,3920:1747647652855:,1747647656906
counter/4/0/0/0,3947:1747647652822:,1747647656906
counter/4/0/0/0,3948:1747647652824:,1747647656906
counter/4/0/0/0,3949:1747647652824:,1747647656906
counter/4/0/0/0,3950:1747647652824:,1747647656906
counter/4/0/0/0,3951:1747647652824:,1747647656906
counter/4/0/0/0,3952:1747647652824:,1747647656906
counter/4/0/0/0,3953:1747647652824:,1747647656906
counter/4/0/0/0,3954:1747647652824:,1747647656906
counter/4/0/0/0,3955:1747647652824:,1747647656906
counter/4/0/0/0,3956:1747647652824:,1747647656906
counter/4/0/0/0,3957:1747647652827:,1747647656907
counter/4/0/0/0,3958:1747647652827:,1747647656907
counter/4/0/0/0,3959:1747647652827:,1747647656907
counter/4/0/0/0,3960:1747647652827:,1747647656907
counter/4/0/0/0,3961:1747647652854:,1747647656907
counter/4/0/0/0,3962:1747647652854:,1747647656907
counter/4/0/0/0,3963:1747647652854:,1747647656907
counter/4/0/0/0,3964:1747647652854:,1747647656907
counter/4/0/0/0,3965:1747647652854:,1747647656907
counter/1/0/0/0,3921:1747647652855:,1747647656907
counter/1/0/0/0,3922:1747647652855:,1747647656907
counter/6/0/0/0,3409:1747647652851:,1747647656907
counter/6/0/0/0,3410:1747647652851:,1747647656907
counter/6/0/0/0,3411:1747647652851:,1747647656907
counter/6/0/0/0,3412:1747647652851:,1747647656908
counter/6/0/0/0,3413:1747647652851:,1747647656908
counter/6/0/0/0,3414:1747647652851:,1747647656908
counter/6/0/0/0,3415:1747647652851:,1747647656908
counter/6/0/0/0,3416:1747647652863:,1747647656908
counter/6/0/0/0,3417:1747647652863:,1747647656908
counter/4/0/0/0,3966:1747647652854:,1747647656908
counter/6/0/0/0,3418:1747647652863:,1747647656908
counter/6/0/0/0,3419:1747647652864:,1747647656908
counter/6/0/0/0,3420:1747647652864:,1747647656908
counter/6/0/0/0,3421:1747647652868:,1747647656908
counter/6/0/0/0,3422:1747647652868:,1747647656908
counter/1/0/0/0,3923:1747647652855:,1747647656910
counter/8/0/0/0,3932:1747647652346:,1747647656910
counter/5/0/0/0,3686:1747647652264:,1747647656910
counter/4/0/0/0,3967:1747647652854:,1747647656912
counter/1/0/0/0,3924:1747647652855:,1747647656912
counter/8/0/0/0,3933:1747647652346:,1747647656912
counter/8/0/0/0,3934:1747647652346:,1747647656912
counter/8/0/0/0,3935:1747647652346:,1747647656912
counter/8/0/0/0,3936:1747647652346:,1747647656912
counter/8/0/0/0,3937:1747647652346:,1747647656912
counter/8/0/0/0,3938:1747647652346:,1747647656912
counter/8/0/0/0,3939:1747647652346:,1747647656912
counter/8/0/0/0,3940:1747647652346:,1747647656912
counter/7/0/0/0,3605:1747647652532:,1747647656912
counter/7/0/0/0,3606:1747647652532:,1747647656913
counter/7/0/0/0,3607:1747647652532:,1747647656913
counter/6/0/0/0,3423:1747647652868:,1747647656913
counter/6/0/0/0,3424:1747647652868:,1747647656913
counter/6/0/0/0,3425:1747647652868:,1747647656913
counter/6/0/0/0,3426:1747647652869:,1747647656913
counter/6/0/0/0,3427:1747647652869:,1747647656913
counter/6/0/0/0,3428:1747647652869:,1747647656913
counter/8/0/0/0,3941:1747647652346:,1747647656914
counter/9/0/0/0,3931:1747647652635:,1747647656914
counter/10/0/0/0,3357:1747647652484:,1747647656914
counter/10/0/0/0,3358:1747647652484:,1747647656914
counter/10/0/0/0,3359:1747647652488:,1747647656914
counter/10/0/0/0,3360:1747647652488:,1747647656915
counter/10/0/0/0,3361:1747647652488:,1747647656915
counter/10/0/0/0,3362:1747647652488:,1747647656915
counter/10/0/0/0,3363:1747647652488:,1747647656915
counter/10/0/0/0,3364:1747647652488:,1747647656915
counter/8/0/0/0,3942:1747647652346:,1747647656915
counter/8/0/0/0,3943:1747647652346:,1747647656915
counter/1/0/0/0,3925:1747647652855:,1747647656916
counter/1/0/0/0,3926:1747647652855:,1747647656916
counter/7/0/0/0,3608:1747647652532:,1747647656916
counter/7/0/0/0,3609:1747647652532:,1747647656916
counter/7/0/0/0,3610:1747647652532:,1747647656916
counter/7/0/0/0,3611:1747647652532:,1747647656916
counter/7/0/0/0,3612:1747647652532:,1747647656916
counter/7/0/0/0,3613:1747647652538:,1747647656916
counter/10/0/0/0,3365:1747647652488:,1747647656916
counter/7/0/0/0,3614:1747647652538:,1747647656917
counter/10/0/0/0,3366:1747647652488:,1747647656917
counter/7/0/0/0,3615:1747647652539:,1747647656917
counter/10/0/0/0,3367:1747647652488:,1747647656917
counter/10/0/0/0,3368:1747647652488:,1747647656917
counter/5/0/0/0,3687:1747647652264:,1747647656917
counter/10/0/0/0,3369:1747647652488:,1747647656917
counter/10/0/0/0,3370:1747647652488:,1747647656917
counter/10/0/0/0,3371:1747647652488:,1747647656917
counter/1/0/0/0,3927:1747647652855:,1747647656917
counter/10/0/0/0,3372:1747647652488:,1747647656917
counter/6/0/0/0,3429:1747647652892:,1747647656917
counter/6/0/0/0,3430:1747647652893:,1747647656917
counter/6/0/0/0,3431:1747647652899:,1747647656917
counter/6/0/0/0,3432:1747647652899:,1747647656917
counter/6/0/0/0,3433:1747647652899:,1747647656917
counter/6/0/0/0,3434:1747647652899:,1747647656917
counter/3/0/0/0,3758:1747647652469:,1747647656918
counter/3/0/0/0,3759:1747647652469:,1747647656918
counter/3/0/0/0,3760:1747647652469:,1747647656918
counter/3/0/0/0,3761:1747647652469:,1747647656918
counter/3/0/0/0,3762:1747647652469:,1747647656918
counter/7/0/0/0,3616:1747647652542:,1747647656918
counter/7/0/0/0,3617:1747647652542:,1747647656918
counter/8/0/0/0,3944:1747647652346:,1747647656918
counter/8/0/0/0,3945:1747647652346:,1747647656918
counter/1/0/0/0,3928:1747647652855:,1747647656918
counter/8/0/0/0,3946:1747647652346:,1747647656918
counter/8/0/0/0,3947:1747647652346:,1747647656918
counter/6/0/0/0,3435:1747647652899:,1747647656918
counter/7/0/0/0,3618:1747647652542:,1747647656919
counter/10/0/0/0,3373:1747647652488:,1747647656920
counter/6/0/0/0,3436:1747647652899:,1747647656920
counter/10/0/0/0,3374:1747647652488:,1747647656920
counter/10/0/0/0,3375:1747647652488:,1747647656920
counter/10/0/0/0,3376:1747647652488:,1747647656920
counter/10/0/0/0,3377:1747647652488:,1747647656921
counter/10/0/0/0,3378:1747647652488:,1747647656921
counter/10/0/0/0,3379:1747647652490:,1747647656921
counter/3/0/0/0,3763:1747647652469:,1747647656921
counter/1/0/0/0,3929:1747647652855:,1747647656923
counter/10/0/0/0,3380:1747647652493:,1747647656924
counter/10/0/0/0,3381:1747647652493:,1747647656924
counter/7/0/0/0,3619:1747647652543:,1747647656925
counter/1/0/0/0,3930:1747647652855:,1747647656925
counter/1/0/0/0,3931:1747647652855:,1747647656925
counter/4/0/0/0,3968:1747647652854:,1747647656925
counter/2/0/0/0,3451:1747647652068:,1747647656926
counter/1/0/0/0,3932:1747647652855:,1747647656927
counter/1/0/0/0,3933:1747647652855:,1747647656927
counter/5/0/0/0,3688:1747647652265:,1747647656927
counter/8/0/0/0,3948:1747647652346:,1747647656927
counter/8/0/0/0,3949:1747647652346:,1747647656927
counter/8/0/0/0,3950:1747647652347:,1747647656927
counter/8/0/0/0,3951:1747647652347:,1747647656927
counter/8/0/0/0,3952:1747647652347:,1747647656927
counter/8/0/0/0,3953:1747647652347:,1747647656927
counter/7/0/0/0,3620:1747647652543:,1747647656929
counter/7/0/0/0,3621:1747647652543:,1747647656929
counter/7/0/0/0,3622:1747647652543:,1747647656929
counter/7/0/0/0,3623:1747647652543:,1747647656929
counter/2/0/0/0,3452:1747647652068:,1747647656930
counter/5/0/0/0,3689:1747647652284:,1747647656930
counter/5/0/0/0,3690:1747647652284:,1747647656930
counter/5/0/0/0,3691:1747647652284:,1747647656930
counter/5/0/0/0,3692:1747647652284:,1747647656930
counter/5/0/0/0,3693:1747647652284:,1747647656930
counter/4/0/0/0,3969:1747647652854:,1747647656930
counter/4/0/0/0,3970:1747647652854:,1747647656930
counter/4/0/0/0,3971:1747647652857:,1747647656930
counter/3/0/0/0,3764:1747647652476:,1747647656930
counter/3/0/0/0,3765:1747647652485:,1747647656930
counter/3/0/0/0,3766:1747647652486:,1747647656930
counter/3/0/0/0,3767:1747647652486:,1747647656930
counter/3/0/0/0,3768:1747647652486:,1747647656930
counter/3/0/0/0,3769:1747647652486:,1747647656930
counter/3/0/0/0,3770:1747647652486:,1747647656931
counter/3/0/0/0,3771:1747647652486:,1747647656931
counter/3/0/0/0,3772:1747647652486:,1747647656931
counter/3/0/0/0,3773:1747647652487:,1747647656931
counter/10/0/0/0,3382:1747647652493:,1747647656931
counter/6/0/0/0,3437:1747647652900:,1747647656931
counter/6/0/0/0,3438:1747647652900:,1747647656931
counter/7/0/0/0,3624:1747647652543:,1747647656933
counter/7/0/0/0,3625:1747647652543:,1747647656933
counter/7/0/0/0,3626:1747647652543:,1747647656933
counter/5/0/0/0,3694:1747647652284:,1747647656933
counter/7/0/0/0,3627:1747647652543:,1747647656933
counter/3/0/0/0,3774:1747647652487:,1747647656933
counter/7/0/0/0,3628:1747647652543:,1747647656933
counter/9/0/0/0,3932:1747647652636:,1747647656933
counter/9/0/0/0,3933:1747647652636:,1747647656934
counter/9/0/0/0,3934:1747647652637:,1747647656934
counter/9/0/0/0,3935:1747647652637:,1747647656934
counter/9/0/0/0,3936:1747647652637:,1747647656934
counter/9/0/0/0,3937:1747647652637:,1747647656934
counter/9/0/0/0,3938:1747647652645:,1747647656934
counter/9/0/0/0,3939:1747647652645:,1747647656934
counter/1/0/0/0,3934:1747647652855:,1747647656935
counter/4/0/0/0,3972:1747647652857:,1747647656935
counter/4/0/0/0,3973:1747647652858:,1747647656935
counter/4/0/0/0,3974:1747647652858:,1747647656935
counter/4/0/0/0,3975:1747647652858:,1747647656935
counter/3/0/0/0,3775:1747647652487:,1747647656936
counter/7/0/0/0,3629:1747647652543:,1747647656936
counter/5/0/0/0,3695:1747647652284:,1747647656936
counter/10/0/0/0,3383:1747647652493:,1747647656938
counter/2/0/0/0,3453:1747647652080:,1747647656938
counter/3/0/0/0,3776:1747647652492:,1747647656938
counter/4/0/0/0,3976:1747647652862:,1747647656938
counter/4/0/0/0,3977:1747647652862:,1747647656938
counter/9/0/0/0,3940:1747647652645:,1747647656940
counter/6/0/0/0,3439:1747647652900:,1747647656940
counter/5/0/0/0,3696:1747647652284:,1747647656940
counter/5/0/0/0,3697:1747647652284:,1747647656940
counter/5/0/0/0,3698:1747647652284:,1747647656940
counter/5/0/0/0,3699:1747647652284:,1747647656940
counter/5/0/0/0,3700:1747647652284:,1747647656940
counter/2/0/0/0,3454:1747647652080:,1747647656941
counter/2/0/0/0,3455:1747647652080:,1747647656941
counter/3/0/0/0,3777:1747647652492:,1747647656941
counter/2/0/0/0,3456:1747647652080:,1747647656941
counter/3/0/0/0,3778:1747647652492:,1747647656941
counter/2/0/0/0,3457:1747647652080:,1747647656941
counter/2/0/0/0,3458:1747647652080:,1747647656941
counter/2/0/0/0,3459:1747647652082:,1747647656941
counter/2/0/0/0,3460:1747647652082:,1747647656941
counter/2/0/0/0,3461:1747647652082:,1747647656941
counter/1/0/0/0,3935:1747647652855:,1747647656942
counter/10/0/0/0,3384:1747647652493:,1747647656942
counter/10/0/0/0,3385:1747647652493:,1747647656942
counter/4/0/0/0,3978:1747647652862:,1747647656942
counter/10/0/0/0,3386:1747647652493:,1747647656942
counter/4/0/0/0,3979:1747647652862:,1747647656942
counter/4/0/0/0,3980:1747647652862:,1747647656943
counter/4/0/0/0,3981:1747647652862:,1747647656943
counter/2/0/0/0,3462:1747647652082:,1747647656943
counter/4/0/0/0,3982:1747647652862:,1747647656943
counter/9/0/0/0,3941:1747647652645:,1747647656943
counter/2/0/0/0,3463:1747647652082:,1747647656944
counter/2/0/0/0,3464:1747647652082:,1747647656944
counter/2/0/0/0,3465:1747647652083:,1747647656944
counter/4/0/0/0,3983:1747647652862:,1747647656944
counter/4/0/0/0,3984:1747647652862:,1747647656944
counter/4/0/0/0,3985:1747647652862:,1747647656945
counter/4/0/0/0,3986:1747647652862:,1747647656945
counter/4/0/0/0,3987:1747647652866:,1747647656945
counter/4/0/0/0,3988:1747647652868:,1747647656945
counter/4/0/0/0,3989:1747647652868:,1747647656945
counter/4/0/0/0,3990:1747647652868:,1747647656945
counter/4/0/0/0,3991:1747647652868:,1747647656945
counter/4/0/0/0,3992:1747647652868:,1747647656945
counter/4/0/0/0,3993:1747647652868:,1747647656945
counter/5/0/0/0,3701:1747647652284:,1747647656945
counter/5/0/0/0,3702:1747647652285:,1747647656945
counter/7/0/0/0,3630:1747647652543:,1747647656947
counter/7/0/0/0,3631:1747647652543:,1747647656947
counter/3/0/0/0,3779:1747647652492:,1747647656947
counter/7/0/0/0,3632:1747647652543:,1747647656947
counter/4/0/0/0,3994:1747647652868:,1747647656948
counter/8/0/0/0,3954:1747647652347:,1747647656948
counter/3/0/0/0,3780:1747647652492:,1747647656948
counter/8/0/0/0,3955:1747647652347:,1747647656949
counter/6/0/0/0,3440:1747647652900:,1747647656949
counter/6/0/0/0,3441:1747647652900:,1747647656950
counter/6/0/0/0,3442:1747647652900:,1747647656950
counter/6/0/0/0,3443:1747647652900:,1747647656950
counter/9/0/0/0,3942:1747647652645:,1747647656952
counter/4/0/0/0,3995:1747647652868:,1747647656952
counter/4/0/0/0,3996:1747647652872:,1747647656952
counter/8/0/0/0,3956:1747647652347:,1747647656952
counter/8/0/0/0,3957:1747647652347:,1747647656952
counter/3/0/0/0,3781:1747647652498:,1747647656953
counter/3/0/0/0,3782:1747647652498:,1747647656953
counter/3/0/0/0,3783:1747647652498:,1747647656953
counter/3/0/0/0,3784:1747647652498:,1747647656953
counter/3/0/0/0,3785:1747647652498:,1747647656953
counter/3/0/0/0,3786:1747647652498:,1747647656954
counter/2/0/0/0,3466:1747647652083:,1747647656954
counter/8/0/0/0,3958:1747647652347:,1747647656954
counter/2/0/0/0,3467:1747647652084:,1747647656954
counter/2/0/0/0,3468:1747647652085:,1747647656954
counter/2/0/0/0,3469:1747647652085:,1747647656954
counter/2/0/0/0,3470:1747647652085:,1747647656954
counter/2/0/0/0,3471:1747647652085:,1747647656954
counter/2/0/0/0,3472:1747647652085:,1747647656954
counter/2/0/0/0,3473:1747647652085:,1747647656954
counter/2/0/0/0,3474:1747647652087:,1747647656954
counter/2/0/0/0,3475:1747647652087:,1747647656955
counter/2/0/0/0,3476:1747647652087:,1747647656955
counter/2/0/0/0,3477:1747647652087:,1747647656955
counter/2/0/0/0,3478:1747647652092:,1747647656955
counter/2/0/0/0,3479:1747647652093:,1747647656955
counter/7/0/0/0,3633:1747647652543:,1747647656955
counter/9/0/0/0,3943:1747647652645:,1747647656955
counter/8/0/0/0,3959:1747647652347:,1747647656955
counter/10/0/0/0,3387:1747647652496:,1747647656956
counter/10/0/0/0,3388:1747647652496:,1747647656958
counter/10/0/0/0,3389:1747647652496:,1747647656958
counter/10/0/0/0,3390:1747647652496:,1747647656958
counter/10/0/0/0,3391:1747647652496:,1747647656958
counter/10/0/0/0,3392:1747647652497:,1747647656958
counter/10/0/0/0,3393:1747647652497:,1747647656958
counter/10/0/0/0,3394:1747647652503:,1747647656959
counter/2/0/0/0,3480:1747647652093:,1747647656959
counter/9/0/0/0,3944:1747647652645:,1747647656959
counter/7/0/0/0,3634:1747647652558:,1747647656959
counter/3/0/0/0,3787:1747647652498:,1747647656959
counter/3/0/0/0,3788:1747647652498:,1747647656959
counter/3/0/0/0,3789:1747647652498:,1747647656959
counter/3/0/0/0,3790:1747647652499:,1747647656959
counter/3/0/0/0,3791:1747647652499:,1747647656959
counter/7/0/0/0,3635:1747647652558:,1747647656959
counter/8/0/0/0,3960:1747647652347:,1747647656959
counter/3/0/0/0,3792:1747647652499:,1747647656959
counter/8/0/0/0,3961:1747647652347:,1747647656960
counter/8/0/0/0,3962:1747647652347:,1747647656960
counter/6/0/0/0,3444:1747647652900:,1747647656960
counter/2/0/0/0,3481:1747647652093:,1747647656960
counter/2/0/0/0,3482:1747647652093:,1747647656960
counter/2/0/0/0,3483:1747647652093:,1747647656960
counter/2/0/0/0,3484:1747647652093:,1747647656961
counter/9/0/0/0,3945:1747647652645:,1747647656961
counter/7/0/0/0,3636:1747647652558:,1747647656961
counter/9/0/0/0,3946:1747647652645:,1747647656962
counter/5/0/0/0,3703:1747647652299:,1747647656962
counter/4/0/0/0,3997:1747647652872:,1747647656962
counter/8/0/0/0,3963:1747647652347:,1747647656963
counter/6/0/0/0,3445:1747647652900:,1747647656963
counter/7/0/0/0,3637:1747647652558:,1747647656965
counter/7/0/0/0,3638:1747647652558:,1747647656965
counter/2/0/0/0,3485:1747647652093:,1747647656965
counter/1/0/0/0,3936:1747647652855:,1747647656965
counter/4/0/0/0,3998:1747647652873:,1747647656965
counter/1/0/0/0,3937:1747647652855:,1747647656966
counter/1/0/0/0,3938:1747647652855:,1747647656966
counter/1/0/0/0,3939:1747647652863:,1747647656966
counter/1/0/0/0,3940:1747647652863:,1747647656966
counter/1/0/0/0,3941:1747647652863:,1747647656966
counter/1/0/0/0,3942:1747647652863:,1747647656966
counter/1/0/0/0,3943:1747647652863:,1747647656966
counter/1/0/0/0,3944:1747647652863:,1747647656966
counter/1/0/0/0,3945:1747647652863:,1747647656966
counter/1/0/0/0,3946:1747647652863:,1747647656966
counter/3/0/0/0,3793:1747647652499:,1747647656966
counter/6/0/0/0,3446:1747647652900:,1747647656967
counter/6/0/0/0,3447:1747647652908:,1747647656967
counter/2/0/0/0,3486:1747647652093:,1747647656967
counter/6/0/0/0,3448:1747647652915:,1747647656967
counter/6/0/0/0,3449:1747647652915:,1747647656967
counter/5/0/0/0,3704:1747647652299:,1747647656967
counter/2/0/0/0,3487:1747647652093:,1747647656968
counter/6/0/0/0,3450:1747647652915:,1747647656968
counter/9/0/0/0,3947:1747647652647:,1747647656968
counter/3/0/0/0,3794:1747647652499:,1747647656968
counter/9/0/0/0,3948:1747647652657:,1747647656968
counter/7/0/0/0,3639:1747647652558:,1747647656968
counter/10/0/0/0,3395:1747647652503:,1747647656969
counter/4/0/0/0,3999:1747647652873:,1747647656969
counter/4/0/0/0,4000:1747647652873:,1747647656969
counter/8/0/0/0,3964:1747647652347:,1747647656969
counter/4/0/0/0,4001:1747647652873:,1747647656973
counter/5/0/0/0,3705:1747647652315:,1747647656973
counter/2/0/0/0,3488:1747647652093:,1747647656974
counter/2/0/0/0,3489:1747647652093:,1747647656974
counter/2/0/0/0,3490:1747647652093:,1747647656974
counter/2/0/0/0,3491:1747647652093:,1747647656974
counter/8/0/0/0,3965:1747647652347:,1747647656974
counter/8/0/0/0,3966:1747647652347:,1747647656974
counter/8/0/0/0,3967:1747647652347:,1747647656974
counter/8/0/0/0,3968:1747647652347:,1747647656975
counter/8/0/0/0,3969:1747647652347:,1747647656975
counter/8/0/0/0,3970:1747647652347:,1747647656975
counter/8/0/0/0,3971:1747647652359:,1747647656975
counter/8/0/0/0,3972:1747647652362:,1747647656975
counter/6/0/0/0,3451:1747647652915:,1747647656975
counter/2/0/0/0,3492:1747647652093:,1747647656975
counter/6/0/0/0,3452:1747647652915:,1747647656975
counter/2/0/0/0,3493:1747647652095:,1747647656975
counter/3/0/0/0,3795:1747647652499:,1747647656975
counter/9/0/0/0,3949:1747647652661:,1747647656976
counter/9/0/0/0,3950:1747647652661:,1747647656976
counter/7/0/0/0,3640:1747647652558:,1747647656976
counter/4/0/0/0,4002:1747647652873:,1747647656976
counter/5/0/0/0,3706:1747647652315:,1747647656976
counter/5/0/0/0,3707:1747647652315:,1747647656976
counter/5/0/0/0,3708:1747647652315:,1747647656977
counter/5/0/0/0,3709:1747647652319:,1747647656977
counter/5/0/0/0,3710:1747647652322:,1747647656977
counter/5/0/0/0,3711:1747647652322:,1747647656977
counter/5/0/0/0,3712:1747647652330:,1747647656977
counter/8/0/0/0,3973:1747647652362:,1747647656977
counter/6/0/0/0,3453:1747647652915:,1747647656977
counter/9/0/0/0,3951:1747647652661:,1747647656977
counter/10/0/0/0,3396:1747647652503:,1747647656977
counter/5/0/0/0,3713:1747647652330:,1747647656977
counter/8/0/0/0,3974:1747647652362:,1747647656978
counter/8/0/0/0,3975:1747647652362:,1747647656978
counter/8/0/0/0,3976:1747647652362:,1747647656978
counter/8/0/0/0,3977:1747647652362:,1747647656978
counter/8/0/0/0,3978:1747647652362:,1747647656978
counter/8/0/0/0,3979:1747647652362:,1747647656978
counter/8/0/0/0,3980:1747647652362:,1747647656978
counter/8/0/0/0,3981:1747647652362:,1747647656978
counter/8/0/0/0,3982:1747647652362:,1747647656978
counter/8/0/0/0,3983:1747647652362:,1747647656978
counter/8/0/0/0,3984:1747647652362:,1747647656978
counter/8/0/0/0,3985:1747647652362:,1747647656978
counter/8/0/0/0,3986:1747647652362:,1747647656978
counter/7/0/0/0,3641:1747647652558:,1747647656978
counter/7/0/0/0,3642:1747647652590:,1747647656978
counter/4/0/0/0,4003:1747647652875:,1747647656978
counter/4/0/0/0,4004:1747647652875:,1747647656978
counter/3/0/0/0,3796:1747647652499:,1747647656979
counter/6/0/0/0,3454:1747647652918:,1747647656979
counter/6/0/0/0,3455:1747647652918:,1747647656979
counter/6/0/0/0,3456:1747647652918:,1747647656979
counter/6/0/0/0,3457:1747647652918:,1747647656979
counter/6/0/0/0,3458:1747647652918:,1747647656979
counter/6/0/0/0,3459:1747647652918:,1747647656979
counter/6/0/0/0,3460:1747647652918:,1747647656979
counter/6/0/0/0,3461:1747647652918:,1747647656979
counter/5/0/0/0,3714:1747647652330:,1747647656980
counter/5/0/0/0,3715:1747647652330:,1747647656980
counter/5/0/0/0,3716:1747647652330:,1747647656980
counter/6/0/0/0,3462:1747647652918:,1747647656981
counter/4/0/0/0,4005:1747647652875:,1747647656982
counter/4/0/0/0,4006:1747647652876:,1747647656982
counter/4/0/0/0,4007:1747647652876:,1747647656982
counter/4/0/0/0,4008:1747647652876:,1747647656982
counter/8/0/0/0,3987:1747647652362:,1747647656982
counter/4/0/0/0,4009:1747647652876:,1747647656982
counter/8/0/0/0,3988:1747647652362:,1747647656982
counter/4/0/0/0,4010:1747647652877:,1747647656982
counter/8/0/0/0,3989:1747647652362:,1747647656982
counter/4/0/0/0,4011:1747647652877:,1747647656982
counter/8/0/0/0,3990:1747647652362:,1747647656982
counter/4/0/0/0,4012:1747647652878:,1747647656982
counter/8/0/0/0,3991:1747647652362:,1747647656982
counter/8/0/0/0,3992:1747647652362:,1747647656982
counter/3/0/0/0,3797:1747647652499:,1747647656983
counter/3/0/0/0,3798:1747647652499:,1747647656983
counter/3/0/0/0,3799:1747647652499:,1747647656983
counter/3/0/0/0,3800:1747647652499:,1747647656983
counter/3/0/0/0,3801:1747647652499:,1747647656983
counter/3/0/0/0,3802:1747647652499:,1747647656983
counter/3/0/0/0,3803:1747647652499:,1747647656983
counter/3/0/0/0,3804:1747647652499:,1747647656983
counter/3/0/0/0,3805:1747647652499:,1747647656983
counter/10/0/0/0,3397:1747647652503:,1747647656983
counter/7/0/0/0,3643:1747647652590:,1747647656984
counter/10/0/0/0,3398:1747647652503:,1747647656984
counter/10/0/0/0,3399:1747647652505:,1747647656984
counter/10/0/0/0,3400:1747647652505:,1747647656984
counter/1/0/0/0,3947:1747647652863:,1747647656984
counter/2/0/0/0,3494:1747647652096:,1747647656984
counter/9/0/0/0,3952:1747647652661:,1747647656985
counter/6/0/0/0,3463:1747647652918:,1747647656985
counter/6/0/0/0,3464:1747647652918:,1747647656985
counter/6/0/0/0,3465:1747647652918:,1747647656985
counter/6/0/0/0,3466:1747647652918:,1747647656985
counter/6/0/0/0,3467:1747647652918:,1747647656985
counter/6/0/0/0,3468:1747647652918:,1747647656985
counter/7/0/0/0,3644:1747647652590:,1747647656985
counter/6/0/0/0,3469:1747647652918:,1747647656986
counter/7/0/0/0,3645:1747647652590:,1747647656986
counter/6/0/0/0,3470:1747647652919:,1747647656986
counter/6/0/0/0,3471:1747647652919:,1747647656986
counter/7/0/0/0,3646:1747647652590:,1747647656986
counter/4/0/0/0,4013:1747647652878:,1747647656986
counter/4/0/0/0,4014:1747647652878:,1747647656986
counter/4/0/0/0,4015:1747647652878:,1747647656986
counter/5/0/0/0,3717:1747647652330:,1747647656986
counter/4/0/0/0,4016:1747647652878:,1747647656987
counter/10/0/0/0,3401:1747647652505:,1747647656989
counter/10/0/0/0,3402:1747647652505:,1747647656989
counter/10/0/0/0,3403:1747647652505:,1747647656989
counter/6/0/0/0,3472:1747647652919:,1747647656990
counter/10/0/0/0,3404:1747647652508:,1747647656990
counter/10/0/0/0,3405:1747647652508:,1747647656990
counter/10/0/0/0,3406:1747647652508:,1747647656990
counter/1/0/0/0,3948:1747647652866:,1747647656990
counter/8/0/0/0,3993:1747647652362:,1747647656991
counter/8/0/0/0,3994:1747647652362:,1747647656991
counter/9/0/0/0,3953:1747647652661:,1747647656991
counter/9/0/0/0,3954:1747647652661:,1747647656991
counter/9/0/0/0,3955:1747647652661:,1747647656991
counter/9/0/0/0,3956:1747647652661:,1747647656991
counter/7/0/0/0,3647:1747647652590:,1747647656991
counter/1/0/0/0,3949:1747647652866:,1747647656991
counter/7/0/0/0,3648:1747647652590:,1747647656991
counter/10/0/0/0,3407:1747647652508:,1747647656994
counter/9/0/0/0,3957:1747647652663:,1747647656994
counter/3/0/0/0,3806:1747647652499:,1747647656995
counter/3/0/0/0,3807:1747647652499:,1747647656996
counter/8/0/0/0,3995:1747647652362:,1747647656996
counter/8/0/0/0,3996:1747647652363:,1747647656997
counter/8/0/0/0,3997:1747647652363:,1747647656997
counter/8/0/0/0,3998:1747647652363:,1747647656997
counter/8/0/0/0,3999:1747647652363:,1747647656997
counter/8/0/0/0,4000:1747647652363:,1747647656998
counter/9/0/0/0,3958:1747647652663:,1747647656998
counter/5/0/0/0,3718:1747647652330:,1747647656998
counter/5/0/0/0,3719:1747647652330:,1747647656998
counter/10/0/0/0,3408:1747647652509:,1747647656998
counter/5/0/0/0,3720:1747647652330:,1747647656998
counter/3/0/0/0,3808:1747647652499:,1747647656999
counter/4/0/0/0,4017:1747647652878:,1747647656999
counter/4/0/0/0,4018:1747647652878:,1747647656999
counter/7/0/0/0,3649:1747647652590:,1747647656999
counter/7/0/0/0,3650:1747647652593:,1747647656999
counter/7/0/0/0,3651:1747647652593:,1747647657000
counter/3/0/0/0,3809:1747647652499:,1747647657001
counter/4/0/0/0,4019:1747647652878:,1747647657002
counter/4/0/0/0,4020:1747647652878:,1747647657002
counter/4/0/0/0,4021:1747647652878:,1747647657002
counter/4/0/0/0,4022:1747647652878:,1747647657002
counter/1/0/0/0,3950:1747647652866:,1747647657002
counter/4/0/0/0,4023:1747647652878:,1747647657002
counter/8/0/0/0,4001:1747647652363:,1747647657002
counter/8/0/0/0,4002:1747647652363:,1747647657002
counter/8/0/0/0,4003:1747647652363:,1747647657002
counter/8/0/0/0,4004:1747647652363:,1747647657002
counter/8/0/0/0,4005:1747647652363:,1747647657002
counter/6/0/0/0,3473:1747647652919:,1747647657002
counter/5/0/0/0,3721:1747647652330:,1747647657002
counter/9/0/0/0,3959:1747647652663:,1747647657003
counter/1/0/0/0,3951:1747647652866:,1747647657003
counter/1/0/0/0,3952:1747647652866:,1747647657003
counter/1/0/0/0,3953:1747647652870:,1747647657003
counter/1/0/0/0,3954:1747647652870:,1747647657003
counter/1/0/0/0,3955:1747647652870:,1747647657003
counter/1/0/0/0,3956:1747647652870:,1747647657003
counter/10/0/0/0,3409:1747647652509:,1747647657003
counter/10/0/0/0,3410:1747647652509:,1747647657004
counter/10/0/0/0,3411:1747647652509:,1747647657004
counter/10/0/0/0,3412:1747647652509:,1747647657004
counter/10/0/0/0,3413:1747647652509:,1747647657004
counter/10/0/0/0,3414:1747647652509:,1747647657004
counter/10/0/0/0,3415:1747647652509:,1747647657004
counter/6/0/0/0,3474:1747647652919:,1747647657004
counter/5/0/0/0,3722:1747647652334:,1747647657006
counter/8/0/0/0,4006:1747647652363:,1747647657008
counter/1/0/0/0,3957:1747647652870:,1747647657008
counter/6/0/0/0,3475:1747647652919:,1747647657009
counter/6/0/0/0,3476:1747647652919:,1747647657009
counter/6/0/0/0,3477:1747647652919:,1747647657009
counter/6/0/0/0,3478:1747647652920:,1747647657009
counter/9/0/0/0,3960:1747647652663:,1747647657009
counter/9/0/0/0,3961:1747647652663:,1747647657011
counter/6/0/0/0,3479:1747647652921:,1747647657011
counter/5/0/0/0,3723:1747647652343:,1747647657011
counter/6/0/0/0,3480:1747647652921:,1747647657011
counter/1/0/0/0,3958:1747647652870:,1747647657012
counter/9/0/0/0,3962:1747647652663:,1747647657012
counter/9/0/0/0,3963:1747647652663:,1747647657012
counter/9/0/0/0,3964:1747647652663:,1747647657012
counter/6/0/0/0,3481:1747647652921:,1747647657012
counter/6/0/0/0,3482:1747647652921:,1747647657012
counter/10/0/0/0,3416:1747647652509:,1747647657012
counter/6/0/0/0,3483:1747647652921:,1747647657012
counter/6/0/0/0,3484:1747647652922:,1747647657012
counter/2/0/0/0,3495:1747647652097:,1747647657012
counter/2/0/0/0,3496:1747647652097:,1747647657012
counter/10/0/0/0,3417:1747647652509:,1747647657013
counter/1/0/0/0,3959:1747647652870:,1747647657014
counter/1/0/0/0,3960:1747647652871:,1747647657014
counter/1/0/0/0,3961:1747647652871:,1747647657014
counter/10/0/0/0,3418:1747647652509:,1747647657014
counter/1/0/0/0,3962:1747647652871:,1747647657015
counter/1/0/0/0,3963:1747647652871:,1747647657015
counter/1/0/0/0,3964:1747647652872:,1747647657015
counter/1/0/0/0,3965:1747647652872:,1747647657015
counter/3/0/0/0,3810:1747647652499:,1747647657016
counter/3/0/0/0,3811:1747647652499:,1747647657016
counter/3/0/0/0,3812:1747647652499:,1747647657016
counter/3/0/0/0,3813:1747647652499:,1747647657016
counter/3/0/0/0,3814:1747647652499:,1747647657016
counter/3/0/0/0,3815:1747647652499:,1747647657016
counter/3/0/0/0,3816:1747647652499:,1747647657016
counter/3/0/0/0,3817:1747647652499:,1747647657016
counter/3/0/0/0,3818:1747647652499:,1747647657016
counter/3/0/0/0,3819:1747647652499:,1747647657016
counter/3/0/0/0,3820:1747647652499:,1747647657017
counter/3/0/0/0,3821:1747647652499:,1747647657017
counter/3/0/0/0,3822:1747647652499:,1747647657017
counter/3/0/0/0,3823:1747647652499:,1747647657017
counter/4/0/0/0,4024:1747647652878:,1747647657017
counter/4/0/0/0,4025:1747647652878:,1747647657017
counter/9/0/0/0,3965:1747647652663:,1747647657018
counter/9/0/0/0,3966:1747647652664:,1747647657018
counter/9/0/0/0,3967:1747647652667:,1747647657018
counter/9/0/0/0,3968:1747647652667:,1747647657018
counter/9/0/0/0,3969:1747647652667:,1747647657018
counter/9/0/0/0,3970:1747647652667:,1747647657018
counter/9/0/0/0,3971:1747647652667:,1747647657019
counter/9/0/0/0,3972:1747647652753:,1747647657019
counter/9/0/0/0,3973:1747647652765:,1747647657019
counter/9/0/0/0,3974:1747647652771:,1747647657019
counter/9/0/0/0,3975:1747647652771:,1747647657019
counter/8/0/0/0,4007:1747647652363:,1747647657019
counter/7/0/0/0,3652:1747647652593:,1747647657019
counter/3/0/0/0,3824:1747647652499:,1747647657019
counter/4/0/0/0,4026:1747647652878:,1747647657019
counter/4/0/0/0,4027:1747647652879:,1747647657019
counter/4/0/0/0,4028:1747647652879:,1747647657019
counter/6/0/0/0,3485:1747647652922:,1747647657020
counter/3/0/0/0,3825:1747647652499:,1747647657022
counter/4/0/0/0,4029:1747647652879:,1747647657022
counter/2/0/0/0,3497:1747647652097:,1747647657023
counter/8/0/0/0,4008:1747647652374:,1747647657026
counter/8/0/0/0,4009:1747647652374:,1747647657026
counter/8/0/0/0,4010:1747647652374:,1747647657026
counter/8/0/0/0,4011:1747647652374:,1747647657026
counter/8/0/0/0,4012:1747647652374:,1747647657026
counter/8/0/0/0,4013:1747647652374:,1747647657026
counter/8/0/0/0,4014:1747647652374:,1747647657026
counter/8/0/0/0,4015:1747647652374:,1747647657026
counter/8/0/0/0,4016:1747647652374:,1747647657026
counter/8/0/0/0,4017:1747647652374:,1747647657026
counter/8/0/0/0,4018:1747647652374:,1747647657026
counter/8/0/0/0,4019:1747647652374:,1747647657026
counter/8/0/0/0,4020:1747647652374:,1747647657026
counter/4/0/0/0,4030:1747647652887:,1747647657026
counter/2/0/0/0,3498:1747647652097:,1747647657026
counter/5/0/0/0,3724:1747647652352:,1747647657027
counter/5/0/0/0,3725:1747647652352:,1747647657027
counter/5/0/0/0,3726:1747647652352:,1747647657027
counter/5/0/0/0,3727:1747647652352:,1747647657027
counter/5/0/0/0,3728:1747647652352:,1747647657027
counter/5/0/0/0,3729:1747647652352:,1747647657027
counter/5/0/0/0,3730:1747647652352:,1747647657027
counter/10/0/0/0,3419:1747647652509:,1747647657027
counter/6/0/0/0,3486:1747647652924:,1747647657027
counter/4/0/0/0,4031:1747647652888:,1747647657029
counter/4/0/0/0,4032:1747647652888:,1747647657029
counter/4/0/0/0,4033:1747647652888:,1747647657029
counter/4/0/0/0,4034:1747647652888:,1747647657029
counter/1/0/0/0,3966:1747647652872:,1747647657030
counter/1/0/0/0,3967:1747647652877:,1747647657030
counter/1/0/0/0,3968:1747647652877:,1747647657030
counter/6/0/0/0,3487:1747647652924:,1747647657030
counter/8/0/0/0,4021:1747647652374:,1747647657033
counter/8/0/0/0,4022:1747647652374:,1747647657033
counter/8/0/0/0,4023:1747647652374:,1747647657033
counter/8/0/0/0,4024:1747647652375:,1747647657033
counter/8/0/0/0,4025:1747647652375:,1747647657033
counter/8/0/0/0,4026:1747647652375:,1747647657033
counter/8/0/0/0,4027:1747647652375:,1747647657033
counter/8/0/0/0,4028:1747647652375:,1747647657033
counter/8/0/0/0,4029:1747647652375:,1747647657034
counter/8/0/0/0,4030:1747647652375:,1747647657034
counter/3/0/0/0,3826:1747647652507:,1747647657034
counter/8/0/0/0,4031:1747647652375:,1747647657034
counter/9/0/0/0,3976:1747647652771:,1747647657034
counter/4/0/0/0,4035:1747647652888:,1747647657035
counter/10/0/0/0,3420:1747647652509:,1747647657035
counter/4/0/0/0,4036:1747647652888:,1747647657036
counter/6/0/0/0,3488:1747647652924:,1747647657036
counter/10/0/0/0,3421:1747647652509:,1747647657036
counter/10/0/0/0,3422:1747647652510:,1747647657036
counter/10/0/0/0,3423:1747647652520:,1747647657036
counter/10/0/0/0,3424:1747647652520:,1747647657036
counter/10/0/0/0,3425:1747647652520:,1747647657036
counter/10/0/0/0,3426:1747647652520:,1747647657036
counter/10/0/0/0,3427:1747647652520:,1747647657036
counter/10/0/0/0,3428:1747647652520:,1747647657037
counter/10/0/0/0,3429:1747647652520:,1747647657037
counter/2/0/0/0,3499:1747647652097:,1747647657037
counter/4/0/0/0,4037:1747647652888:,1747647657038
counter/6/0/0/0,3489:1747647652924:,1747647657038
counter/6/0/0/0,3490:1747647652924:,1747647657038
counter/6/0/0/0,3491:1747647652924:,1747647657038
counter/6/0/0/0,3492:1747647652924:,1747647657038
counter/6/0/0/0,3493:1747647652924:,1747647657038
counter/6/0/0/0,3494:1747647652924:,1747647657038
counter/6/0/0/0,3495:1747647652924:,1747647657038
counter/8/0/0/0,4032:1747647652375:,1747647657042
counter/8/0/0/0,4033:1747647652375:,1747647657042
counter/8/0/0/0,4034:1747647652375:,1747647657042
counter/8/0/0/0,4035:1747647652375:,1747647657042
counter/8/0/0/0,4036:1747647652375:,1747647657042
counter/8/0/0/0,4037:1747647652375:,1747647657042
counter/8/0/0/0,4038:1747647652375:,1747647657042
counter/8/0/0/0,4039:1747647652375:,1747647657042
counter/9/0/0/0,3977:1747647652771:,1747647657043
counter/9/0/0/0,3978:1747647652771:,1747647657043
counter/9/0/0/0,3979:1747647652771:,1747647657043
counter/9/0/0/0,3980:1747647652771:,1747647657043
counter/9/0/0/0,3981:1747647652771:,1747647657043
counter/9/0/0/0,3982:1747647652771:,1747647657043
counter/3/0/0/0,3827:1747647652507:,1747647657043
counter/2/0/0/0,3500:1747647652097:,1747647657043
counter/6/0/0/0,3496:1747647652924:,1747647657044
counter/2/0/0/0,3501:1747647652103:,1747647657045
counter/8/0/0/0,4040:1747647652375:,1747647657045
counter/8/0/0/0,4041:1747647652375:,1747647657045
counter/8/0/0/0,4042:1747647652375:,1747647657045
counter/8/0/0/0,4043:1747647652375:,1747647657045
counter/8/0/0/0,4044:1747647652375:,1747647657045
counter/8/0/0/0,4045:1747647652377:,1747647657045
counter/8/0/0/0,4046:1747647652377:,1747647657045
counter/1/0/0/0,3969:1747647652877:,1747647657046
counter/6/0/0/0,3497:1747647652924:,1747647657047
counter/5/0/0/0,3731:1747647652352:,1747647657047
counter/5/0/0/0,3732:1747647652352:,1747647657047
counter/5/0/0/0,3733:1747647652352:,1747647657047
counter/4/0/0/0,4038:1747647652888:,1747647657048
counter/4/0/0/0,4039:1747647652888:,1747647657048
counter/5/0/0/0,3734:1747647652352:,1747647657048
counter/2/0/0/0,3502:1747647652104:,1747647657048
counter/8/0/0/0,4047:1747647652377:,1747647657048
counter/2/0/0/0,3503:1747647652104:,1747647657048
counter/10/0/0/0,3430:1747647652520:,1747647657048
counter/2/0/0/0,3504:1747647652104:,1747647657048
counter/2/0/0/0,3505:1747647652104:,1747647657048
counter/9/0/0/0,3983:1747647652778:,1747647657051
counter/3/0/0/0,3828:1747647652507:,1747647657052
counter/3/0/0/0,3829:1747647652507:,1747647657052
counter/3/0/0/0,3830:1747647652507:,1747647657052
counter/3/0/0/0,3831:1747647652507:,1747647657052
counter/3/0/0/0,3832:1747647652508:,1747647657052
counter/3/0/0/0,3833:1747647652508:,1747647657052
counter/3/0/0/0,3834:1747647652508:,1747647657052
counter/3/0/0/0,3835:1747647652508:,1747647657053
counter/3/0/0/0,3836:1747647652508:,1747647657053
counter/3/0/0/0,3837:1747647652508:,1747647657053
counter/3/0/0/0,3838:1747647652508:,1747647657053
counter/3/0/0/0,3839:1747647652508:,1747647657053
counter/1/0/0/0,3970:1747647652877:,1747647657053
counter/1/0/0/0,3971:1747647652877:,1747647657053
counter/1/0/0/0,3972:1747647652877:,1747647657053
counter/1/0/0/0,3973:1747647652877:,1747647657053
counter/1/0/0/0,3974:1747647652877:,1747647657053
counter/1/0/0/0,3975:1747647652877:,1747647657053
counter/1/0/0/0,3976:1747647652877:,1747647657053
counter/5/0/0/0,3735:1747647652352:,1747647657053
counter/5/0/0/0,3736:1747647652363:,1747647657053
counter/5/0/0/0,3737:1747647652364:,1747647657053
counter/5/0/0/0,3738:1747647652364:,1747647657053
counter/5/0/0/0,3739:1747647652364:,1747647657053
counter/5/0/0/0,3740:1747647652364:,1747647657054
counter/5/0/0/0,3741:1747647652364:,1747647657054
counter/5/0/0/0,3742:1747647652364:,1747647657054
counter/6/0/0/0,3498:1747647652928:,1747647657054
counter/10/0/0/0,3431:1747647652520:,1747647657054
counter/2/0/0/0,3506:1747647652104:,1747647657055
counter/2/0/0/0,3507:1747647652104:,1747647657055
counter/9/0/0/0,3984:1747647652778:,1747647657055
counter/9/0/0/0,3985:1747647652778:,1747647657055
counter/9/0/0/0,3986:1747647652778:,1747647657055
counter/9/0/0/0,3987:1747647652778:,1747647657055
counter/9/0/0/0,3988:1747647652778:,1747647657055
counter/9/0/0/0,3989:1747647652778:,1747647657055
counter/7/0/0/0,3653:1747647652593:,1747647657055
counter/1/0/0/0,3977:1747647652877:,1747647657057
counter/1/0/0/0,3978:1747647652885:,1747647657057
counter/1/0/0/0,3979:1747647652885:,1747647657057
counter/1/0/0/0,3980:1747647652885:,1747647657057
counter/1/0/0/0,3981:1747647652885:,1747647657057
counter/1/0/0/0,3982:1747647652887:,1747647657057
counter/1/0/0/0,3983:1747647652887:,1747647657057
counter/1/0/0/0,3984:1747647652887:,1747647657057
counter/1/0/0/0,3985:1747647652887:,1747647657057
counter/4/0/0/0,4040:1747647652888:,1747647657058
counter/1/0/0/0,3986:1747647652887:,1747647657060
counter/1/0/0/0,3987:1747647652887:,1747647657060
counter/1/0/0/0,3988:1747647652887:,1747647657060
counter/1/0/0/0,3989:1747647652887:,1747647657060
counter/1/0/0/0,3990:1747647652887:,1747647657060
counter/1/0/0/0,3991:1747647652892:,1747647657060
counter/1/0/0/0,3992:1747647652892:,1747647657060
counter/7/0/0/0,3654:1747647652604:,1747647657063
counter/7/0/0/0,3655:1747647652604:,1747647657063
counter/7/0/0/0,3656:1747647652604:,1747647657063
counter/7/0/0/0,3657:1747647652604:,1747647657063
counter/7/0/0/0,3658:1747647652604:,1747647657063
counter/7/0/0/0,3659:1747647652604:,1747647657063
counter/3/0/0/0,3840:1747647652515:,1747647657064
counter/3/0/0/0,3841:1747647652515:,1747647657064
counter/3/0/0/0,3842:1747647652516:,1747647657064
counter/3/0/0/0,3843:1747647652516:,1747647657064
counter/3/0/0/0,3844:1747647652516:,1747647657064
counter/3/0/0/0,3845:1747647652516:,1747647657064
counter/3/0/0/0,3846:1747647652516:,1747647657064
counter/3/0/0/0,3847:1747647652516:,1747647657064
counter/7/0/0/0,3660:1747647652604:,1747647657064
counter/7/0/0/0,3661:1747647652604:,1747647657065
counter/7/0/0/0,3662:1747647652604:,1747647657065
counter/7/0/0/0,3663:1747647652604:,1747647657065
counter/1/0/0/0,3993:1747647652892:,1747647657065
counter/1/0/0/0,3994:1747647652892:,1747647657065
counter/1/0/0/0,3995:1747647652892:,1747647657065
counter/8/0/0/0,4048:1747647652377:,1747647657065
counter/8/0/0/0,4049:1747647652377:,1747647657066
counter/8/0/0/0,4050:1747647652377:,1747647657066
counter/8/0/0/0,4051:1747647652377:,1747647657067
counter/9/0/0/0,3990:1747647652778:,1747647657067
counter/8/0/0/0,4052:1747647652377:,1747647657067
counter/9/0/0/0,3991:1747647652778:,1747647657067
counter/8/0/0/0,4053:1747647652377:,1747647657067
counter/9/0/0/0,3992:1747647652778:,1747647657067
counter/8/0/0/0,4054:1747647652377:,1747647657067
counter/9/0/0/0,3993:1747647652778:,1747647657067
counter/8/0/0/0,4055:1747647652377:,1747647657067
counter/8/0/0/0,4056:1747647652377:,1747647657067
counter/5/0/0/0,3743:1747647652364:,1747647657067
counter/5/0/0/0,3744:1747647652385:,1747647657067
counter/7/0/0/0,3664:1747647652604:,1747647657067
counter/2/0/0/0,3508:1747647652104:,1747647657067
counter/2/0/0/0,3509:1747647652104:,1747647657067
counter/9/0/0/0,3994:1747647652778:,1747647657068
counter/4/0/0/0,4041:1747647652888:,1747647657069
counter/8/0/0/0,4057:1747647652377:,1747647657069
counter/8/0/0/0,4058:1747647652377:,1747647657069
counter/6/0/0/0,3499:1747647652928:,1747647657069
counter/3/0/0/0,3848:1747647652516:,1747647657070
counter/3/0/0/0,3849:1747647652516:,1747647657070
counter/3/0/0/0,3850:1747647652516:,1747647657070
counter/3/0/0/0,3851:1747647652516:,1747647657072
counter/3/0/0/0,3852:1747647652516:,1747647657072
counter/3/0/0/0,3853:1747647652516:,1747647657072
counter/3/0/0/0,3854:1747647652516:,1747647657072
counter/3/0/0/0,3855:1747647652516:,1747647657072
counter/2/0/0/0,3510:1747647652104:,1747647657073
counter/2/0/0/0,3511:1747647652104:,1747647657073
counter/2/0/0/0,3512:1747647652104:,1747647657073
counter/4/0/0/0,4042:1747647652888:,1747647657075
counter/8/0/0/0,4059:1747647652377:,1747647657075
counter/1/0/0/0,3996:1747647652892:,1747647657077
counter/1/0/0/0,3997:1747647652892:,1747647657077
counter/1/0/0/0,3998:1747647652892:,1747647657077
counter/9/0/0/0,3995:1747647652778:,1747647657078
counter/1/0/0/0,3999:1747647652892:,1747647657078
counter/1/0/0/0,4000:1747647652892:,1747647657078
counter/9/0/0/0,3996:1747647652778:,1747647657078
counter/1/0/0/0,4001:1747647652919:,1747647657078
counter/4/0/0/0,4043:1747647652888:,1747647657079
counter/1/0/0/0,4002:1747647652919:,1747647657079
counter/9/0/0/0,3997:1747647652778:,1747647657080
counter/6/0/0/0,3500:1747647652928:,1747647657080
counter/6/0/0/0,3501:1747647652943:,1747647657080
counter/6/0/0/0,3502:1747647652943:,1747647657080
counter/6/0/0/0,3503:1747647652943:,1747647657080
counter/6/0/0/0,3504:1747647652943:,1747647657080
counter/6/0/0/0,3505:1747647652943:,1747647657080
counter/6/0/0/0,3506:1747647652943:,1747647657080
counter/3/0/0/0,3856:1747647652516:,1747647657080
counter/6/0/0/0,3507:1747647652943:,1747647657081
counter/6/0/0/0,3508:1747647652943:,1747647657081
counter/6/0/0/0,3509:1747647652943:,1747647657081
counter/9/0/0/0,3998:1747647652779:,1747647657081
counter/6/0/0/0,3510:1747647652943:,1747647657081
counter/6/0/0/0,3511:1747647652945:,1747647657081
counter/6/0/0/0,3512:1747647652945:,1747647657081
counter/6/0/0/0,3513:1747647652945:,1747647657081
counter/6/0/0/0,3514:1747647652945:,1747647657081
counter/6/0/0/0,3515:1747647652945:,1747647657081
counter/6/0/0/0,3516:1747647652945:,1747647657081
counter/6/0/0/0,3517:1747647652947:,1747647657082
counter/6/0/0/0,3518:1747647652947:,1747647657082
counter/6/0/0/0,3519:1747647652947:,1747647657082
counter/6/0/0/0,3520:1747647652947:,1747647657082
counter/6/0/0/0,3521:1747647652948:,1747647657082
counter/3/0/0/0,3857:1747647652517:,1747647657082
counter/7/0/0/0,3665:1747647652604:,1747647657082
counter/7/0/0/0,3666:1747647652604:,1747647657082
counter/7/0/0/0,3667:1747647652604:,1747647657082
counter/7/0/0/0,3668:1747647652622:,1747647657082
counter/5/0/0/0,3745:1747647652385:,1747647657082
counter/5/0/0/0,3746:1747647652385:,1747647657083
counter/5/0/0/0,3747:1747647652385:,1747647657083
counter/5/0/0/0,3748:1747647652385:,1747647657083
counter/5/0/0/0,3749:1747647652385:,1747647657083
counter/8/0/0/0,4060:1747647652377:,1747647657083
counter/5/0/0/0,3750:1747647652385:,1747647657083
counter/5/0/0/0,3751:1747647652385:,1747647657083
counter/6/0/0/0,3522:1747647652948:,1747647657084
counter/6/0/0/0,3523:1747647652948:,1747647657084
counter/6/0/0/0,3524:1747647652948:,1747647657084
counter/6/0/0/0,3525:1747647652948:,1747647657084
counter/6/0/0/0,3526:1747647652948:,1747647657084
counter/6/0/0/0,3527:1747647652948:,1747647657084
counter/6/0/0/0,3528:1747647652948:,1747647657084
counter/6/0/0/0,3529:1747647652948:,1747647657084
counter/1/0/0/0,4003:1747647652919:,1747647657084
counter/4/0/0/0,4044:1747647652888:,1747647657084
counter/5/0/0/0,3752:1747647652385:,1747647657085
counter/5/0/0/0,3753:1747647652385:,1747647657085
counter/8/0/0/0,4061:1747647652377:,1747647657085
counter/1/0/0/0,4004:1747647652919:,1747647657085
counter/1/0/0/0,4005:1747647652919:,1747647657085
counter/1/0/0/0,4006:1747647652923:,1747647657086
counter/1/0/0/0,4007:1747647652935:,1747647657086
counter/1/0/0/0,4008:1747647652936:,1747647657086
counter/1/0/0/0,4009:1747647652936:,1747647657086
counter/5/0/0/0,3754:1747647652385:,1747647657086
counter/1/0/0/0,4010:1747647652937:,1747647657087
counter/1/0/0/0,4011:1747647652937:,1747647657087
counter/1/0/0/0,4012:1747647652937:,1747647657087
counter/1/0/0/0,4013:1747647652937:,1747647657087
counter/1/0/0/0,4014:1747647652937:,1747647657087
counter/6/0/0/0,3530:1747647652948:,1747647657087
counter/9/0/0/0,3999:1747647652779:,1747647657088
counter/9/0/0/0,4000:1747647652779:,1747647657088
counter/9/0/0/0,4001:1747647652779:,1747647657088
counter/9/0/0/0,4002:1747647652779:,1747647657088
counter/9/0/0/0,4003:1747647652779:,1747647657089
counter/9/0/0/0,4004:1747647652779:,1747647657089
counter/9/0/0/0,4005:1747647652779:,1747647657089
counter/9/0/0/0,4006:1747647652779:,1747647657089
counter/10/0/0/0,3432:1747647652520:,1747647657089
counter/1/0/0/0,4015:1747647652983:,1747647657089
counter/1/0/0/0,4016:1747647652984:,1747647657089
counter/1/0/0/0,4017:1747647652984:,1747647657089
counter/1/0/0/0,4018:1747647652984:,1747647657089
counter/1/0/0/0,4019:1747647652984:,1747647657089
counter/7/0/0/0,3669:1747647652622:,1747647657089
counter/7/0/0/0,3670:1747647652622:,1747647657090
counter/7/0/0/0,3671:1747647652622:,1747647657090
counter/7/0/0/0,3672:1747647652622:,1747647657090
counter/7/0/0/0,3673:1747647652622:,1747647657090
counter/4/0/0/0,4045:1747647652888:,1747647657091
counter/4/0/0/0,4046:1747647652888:,1747647657091
counter/10/0/0/0,3433:1747647652520:,1747647657092
counter/7/0/0/0,3674:1747647652622:,1747647657092
counter/3/0/0/0,3858:1747647652517:,1747647657092
counter/7/0/0/0,3675:1747647652622:,1747647657092
counter/1/0/0/0,4020:1747647652984:,1747647657094
counter/9/0/0/0,4007:1747647652779:,1747647657094
counter/5/0/0/0,3755:1747647652385:,1747647657095
counter/5/0/0/0,3756:1747647652385:,1747647657095
counter/10/0/0/0,3434:1747647652520:,1747647657095
counter/10/0/0/0,3435:1747647652520:,1747647657095
counter/7/0/0/0,3676:1747647652622:,1747647657095
counter/9/0/0/0,4008:1747647652779:,1747647657096
counter/9/0/0/0,4009:1747647652779:,1747647657096
counter/6/0/0/0,3531:1747647652948:,1747647657096
counter/6/0/0/0,3532:1747647652948:,1747647657096
counter/6/0/0/0,3533:1747647652948:,1747647657096
counter/6/0/0/0,3534:1747647652948:,1747647657096
counter/6/0/0/0,3535:1747647652948:,1747647657097
counter/6/0/0/0,3536:1747647652959:,1747647657097
counter/6/0/0/0,3537:1747647652959:,1747647657097
counter/7/0/0/0,3677:1747647652622:,1747647657098
counter/10/0/0/0,3436:1747647652520:,1747647657098
counter/1/0/0/0,4021:1747647652984:,1747647657100
counter/1/0/0/0,4022:1747647652984:,1747647657100
counter/1/0/0/0,4023:1747647652984:,1747647657101
counter/4/0/0/0,4047:1747647652888:,1747647657101
counter/1/0/0/0,4024:1747647652984:,1747647657101
counter/4/0/0/0,4048:1747647652888:,1747647657101
counter/1/0/0/0,4025:1747647653021:,1747647657101
counter/4/0/0/0,4049:1747647652888:,1747647657101
counter/1/0/0/0,4026:1747647653030:,1747647657101
counter/4/0/0/0,4050:1747647652888:,1747647657101
counter/1/0/0/0,4027:1747647653030:,1747647657101
counter/4/0/0/0,4051:1747647652888:,1747647657101
counter/1/0/0/0,4028:1747647653031:,1747647657101
counter/4/0/0/0,4052:1747647652888:,1747647657101
counter/8/0/0/0,4062:1747647652377:,1747647657101
counter/4/0/0/0,4053:1747647652888:,1747647657102
counter/8/0/0/0,4063:1747647652377:,1747647657102
counter/8/0/0/0,4064:1747647652377:,1747647657102
counter/8/0/0/0,4065:1747647652377:,1747647657102
counter/8/0/0/0,4066:1747647652377:,1747647657102
counter/8/0/0/0,4067:1747647652383:,1747647657102
counter/8/0/0/0,4068:1747647652383:,1747647657102
counter/8/0/0/0,4069:1747647652383:,1747647657102
counter/8/0/0/0,4070:1747647652383:,1747647657102
counter/2/0/0/0,3513:1747647652104:,1747647657102
counter/6/0/0/0,3538:1747647652959:,1747647657102
counter/6/0/0/0,3539:1747647652959:,1747647657102
counter/6/0/0/0,3540:1747647652959:,1747647657102
counter/6/0/0/0,3541:1747647652959:,1747647657102
counter/6/0/0/0,3542:1747647652959:,1747647657102
counter/6/0/0/0,3543:1747647652959:,1747647657102
counter/4/0/0/0,4054:1747647652888:,1747647657103
counter/4/0/0/0,4055:1747647652888:,1747647657103
counter/4/0/0/0,4056:1747647652889:,1747647657103
counter/10/0/0/0,3437:1747647652540:,1747647657103
counter/8/0/0/0,4071:1747647652383:,1747647657103
counter/10/0/0/0,3438:1747647652540:,1747647657103
counter/7/0/0/0,3678:1747647652622:,1747647657103
counter/2/0/0/0,3514:1747647652114:,1747647657103
counter/6/0/0/0,3544:1747647652959:,1747647657104
counter/8/0/0/0,4072:1747647652383:,1747647657105
counter/8/0/0/0,4073:1747647652383:,1747647657105
counter/8/0/0/0,4074:1747647652383:,1747647657105
counter/8/0/0/0,4075:1747647652383:,1747647657105
counter/3/0/0/0,3859:1747647652517:,1747647657105
counter/3/0/0/0,3860:1747647652517:,1747647657105
counter/3/0/0/0,3861:1747647652517:,1747647657105
counter/3/0/0/0,3862:1747647652517:,1747647657106
counter/3/0/0/0,3863:1747647652517:,1747647657106
counter/3/0/0/0,3864:1747647652517:,1747647657106
counter/3/0/0/0,3865:1747647652517:,1747647657106
counter/6/0/0/0,3545:1747647652959:,1747647657106
counter/6/0/0/0,3546:1747647652959:,1747647657106
counter/6/0/0/0,3547:1747647652959:,1747647657106
counter/6/0/0/0,3548:1747647652964:,1747647657106
counter/6/0/0/0,3549:1747647652964:,1747647657106
counter/1/0/0/0,4029:1747647653031:,1747647657106
counter/10/0/0/0,3439:1747647652540:,1747647657106
counter/1/0/0/0,4030:1747647653031:,1747647657108
counter/1/0/0/0,4031:1747647653032:,1747647657108
counter/3/0/0/0,3866:1747647652517:,1747647657108
counter/3/0/0/0,3867:1747647652517:,1747647657108
counter/3/0/0/0,3868:1747647652517:,1747647657108
counter/3/0/0/0,3869:1747647652518:,1747647657108
counter/3/0/0/0,3870:1747647652518:,1747647657108
counter/3/0/0/0,3871:1747647652518:,1747647657108
counter/3/0/0/0,3872:1747647652518:,1747647657109
counter/6/0/0/0,3550:1747647652964:,1747647657109
counter/1/0/0/0,4032:1747647653032:,1747647657109
counter/5/0/0/0,3757:1747647652386:,1747647657109
counter/5/0/0/0,3758:1747647652386:,1747647657109
counter/3/0/0/0,3873:1747647652518:,1747647657109
counter/3/0/0/0,3874:1747647652518:,1747647657109
counter/3/0/0/0,3875:1747647652518:,1747647657109
counter/3/0/0/0,3876:1747647652518:,1747647657109
counter/6/0/0/0,3551:1747647652964:,1747647657109
counter/6/0/0/0,3552:1747647652964:,1747647657110
counter/6/0/0/0,3553:1747647652964:,1747647657110
counter/6/0/0/0,3554:1747647652968:,1747647657110
counter/9/0/0/0,4010:1747647652779:,1747647657110
counter/4/0/0/0,4057:1747647652889:,1747647657110
counter/3/0/0/0,3877:1747647652518:,1747647657110
counter/3/0/0/0,3878:1747647652521:,1747647657110
counter/3/0/0/0,3879:1747647652525:,1747647657110
counter/3/0/0/0,3880:1747647652525:,1747647657111
counter/6/0/0/0,3555:1747647652972:,1747647657111
counter/10/0/0/0,3440:1747647652540:,1747647657111
counter/1/0/0/0,4033:1747647653032:,1747647657112
counter/1/0/0/0,4034:1747647653032:,1747647657112
counter/1/0/0/0,4035:1747647653032:,1747647657112
counter/1/0/0/0,4036:1747647653032:,1747647657112
counter/1/0/0/0,4037:1747647653032:,1747647657112
counter/1/0/0/0,4038:1747647653032:,1747647657112
counter/10/0/0/0,3441:1747647652540:,1747647657112
counter/6/0/0/0,3556:1747647652973:,1747647657113
counter/2/0/0/0,3515:1747647652116:,1747647657113
counter/7/0/0/0,3679:1747647652622:,1747647657114
counter/7/0/0/0,3680:1747647652622:,1747647657114
counter/7/0/0/0,3681:1747647652622:,1747647657114
counter/2/0/0/0,3516:1747647652116:,1747647657114
counter/5/0/0/0,3759:1747647652386:,1747647657114
counter/2/0/0/0,3517:1747647652116:,1747647657114
counter/4/0/0/0,4058:1747647652889:,1747647657115
counter/6/0/0/0,3557:1747647652973:,1747647657115
counter/10/0/0/0,3442:1747647652540:,1747647657115
counter/7/0/0/0,3682:1747647652622:,1747647657116
counter/9/0/0/0,4011:1747647652779:,1747647657116
counter/1/0/0/0,4039:1747647653032:,1747647657116
counter/8/0/0/0,4076:1747647652383:,1747647657116
counter/3/0/0/0,3881:1747647652525:,1747647657117
counter/1/0/0/0,4040:1747647653032:,1747647657117
counter/2/0/0/0,3518:1747647652116:,1747647657118
counter/9/0/0/0,4012:1747647652779:,1747647657118
counter/9/0/0/0,4013:1747647652779:,1747647657118
counter/3/0/0/0,3882:1747647652525:,1747647657118
counter/3/0/0/0,3883:1747647652525:,1747647657118
counter/3/0/0/0,3884:1747647652529:,1747647657118
counter/3/0/0/0,3885:1747647652529:,1747647657118
counter/10/0/0/0,3443:1747647652540:,1747647657119
counter/6/0/0/0,3558:1747647652973:,1747647657121
counter/6/0/0/0,3559:1747647652974:,1747647657121
counter/3/0/0/0,3886:1747647652529:,1747647657121
counter/10/0/0/0,3444:1747647652540:,1747647657122
counter/8/0/0/0,4077:1747647652383:,1747647657122
counter/8/0/0/0,4078:1747647652386:,1747647657122
counter/8/0/0/0,4079:1747647652386:,1747647657122
counter/8/0/0/0,4080:1747647652386:,1747647657122
counter/8/0/0/0,4081:1747647652386:,1747647657122
counter/8/0/0/0,4082:1747647652386:,1747647657122
counter/8/0/0/0,4083:1747647652386:,1747647657122
counter/5/0/0/0,3760:1747647652386:,1747647657122
counter/10/0/0/0,3445:1747647652540:,1747647657122
counter/4/0/0/0,4059:1747647652889:,1747647657122
counter/9/0/0/0,4014:1747647652779:,1747647657122
counter/10/0/0/0,3446:1747647652540:,1747647657123
counter/10/0/0/0,3447:1747647652541:,1747647657123
counter/10/0/0/0,3448:1747647652541:,1747647657123
counter/10/0/0/0,3449:1747647652541:,1747647657124
counter/10/0/0/0,3450:1747647652541:,1747647657124
counter/10/0/0/0,3451:1747647652541:,1747647657124
counter/5/0/0/0,3761:1747647652386:,1747647657124
counter/5/0/0/0,3762:1747647652386:,1747647657124
counter/5/0/0/0,3763:1747647652386:,1747647657124
counter/3/0/0/0,3887:1747647652530:,1747647657126
counter/8/0/0/0,4084:1747647652386:,1747647657126
counter/8/0/0/0,4085:1747647652386:,1747647657126
counter/8/0/0/0,4086:1747647652386:,1747647657126
counter/8/0/0/0,4087:1747647652387:,1747647657126
counter/8/0/0/0,4088:1747647652388:,1747647657126
counter/8/0/0/0,4089:1747647652388:,1747647657126
counter/8/0/0/0,4090:1747647652388:,1747647657126
counter/5/0/0/0,3764:1747647652386:,1747647657126
counter/10/0/0/0,3452:1747647652541:,1747647657126
counter/6/0/0/0,3560:1747647652974:,1747647657126
counter/3/0/0/0,3888:1747647652530:,1747647657128
counter/8/0/0/0,4091:1747647652388:,1747647657129
counter/8/0/0/0,4092:1747647652388:,1747647657129
counter/8/0/0/0,4093:1747647652388:,1747647657129
counter/8/0/0/0,4094:1747647652388:,1747647657129
counter/8/0/0/0,4095:1747647652388:,1747647657129
counter/8/0/0/0,4096:1747647652388:,1747647657129
counter/8/0/0/0,4097:1747647652388:,1747647657129
counter/8/0/0/0,4098:1747647652388:,1747647657130
counter/10/0/0/0,3453:1747647652541:,1747647657130
counter/10/0/0/0,3454:1747647652541:,1747647657130
counter/10/0/0/0,3455:1747647652541:,1747647657130
counter/4/0/0/0,4060:1747647652889:,1747647657130
counter/4/0/0/0,4061:1747647652889:,1747647657130
counter/4/0/0/0,4062:1747647652889:,1747647657130
counter/4/0/0/0,4063:1747647652889:,1747647657130
counter/4/0/0/0,4064:1747647652889:,1747647657131
counter/4/0/0/0,4065:1747647652889:,1747647657131
counter/4/0/0/0,4066:1747647652889:,1747647657131
counter/4/0/0/0,4067:1747647652889:,1747647657131
counter/4/0/0/0,4068:1747647652889:,1747647657131
counter/4/0/0/0,4069:1747647652889:,1747647657131
counter/4/0/0/0,4070:1747647652889:,1747647657131
counter/4/0/0/0,4071:1747647652889:,1747647657131
counter/5/0/0/0,3765:1747647652386:,1747647657133
counter/8/0/0/0,4099:1747647652388:,1747647657134
counter/8/0/0/0,4100:1747647652388:,1747647657134
counter/8/0/0/0,4101:1747647652393:,1747647657134
counter/9/0/0/0,4015:1747647652779:,1747647657134
counter/3/0/0/0,3889:1747647652530:,1747647657134
counter/5/0/0/0,3766:1747647652386:,1747647657134
counter/3/0/0/0,3890:1747647652530:,1747647657134
counter/3/0/0/0,3891:1747647652530:,1747647657134
counter/3/0/0/0,3892:1747647652530:,1747647657135
counter/3/0/0/0,3893:1747647652530:,1747647657135
counter/2/0/0/0,3519:1747647652116:,1747647657135
counter/2/0/0/0,3520:1747647652116:,1747647657136
counter/2/0/0/0,3521:1747647652116:,1747647657136
counter/2/0/0/0,3522:1747647652116:,1747647657136
counter/2/0/0/0,3523:1747647652116:,1747647657136
counter/2/0/0/0,3524:1747647652116:,1747647657136
counter/6/0/0/0,3561:1747647652974:,1747647657136
counter/6/0/0/0,3562:1747647652974:,1747647657136
counter/1/0/0/0,4041:1747647653032:,1747647657136
counter/1/0/0/0,4042:1747647653032:,1747647657136
counter/1/0/0/0,4043:1747647653032:,1747647657136
counter/3/0/0/0,3894:1747647652531:,1747647657137
counter/10/0/0/0,3456:1747647652541:,1747647657137
counter/10/0/0/0,3457:1747647652541:,1747647657137
counter/10/0/0/0,3458:1747647652541:,1747647657137
counter/10/0/0/0,3459:1747647652541:,1747647657137
counter/10/0/0/0,3460:1747647652541:,1747647657137
counter/10/0/0/0,3461:1747647652541:,1747647657137
counter/10/0/0/0,3462:1747647652541:,1747647657137
counter/3/0/0/0,3895:1747647652531:,1747647657138
counter/10/0/0/0,3463:1747647652541:,1747647657138
counter/6/0/0/0,3563:1747647652974:,1747647657138
counter/6/0/0/0,3564:1747647652974:,1747647657138
counter/6/0/0/0,3565:1747647652974:,1747647657138
counter/6/0/0/0,3566:1747647652974:,1747647657138
counter/6/0/0/0,3567:1747647652974:,1747647657138
counter/6/0/0/0,3568:1747647652974:,1747647657138
counter/6/0/0/0,3569:1747647652974:,1747647657138
counter/6/0/0/0,3570:1747647652974:,1747647657138
counter/7/0/0/0,3683:1747647652622:,1747647657138
counter/7/0/0/0,3684:1747647652622:,1747647657138
counter/7/0/0/0,3685:1747647652622:,1747647657138
counter/7/0/0/0,3686:1747647652622:,1747647657138
counter/7/0/0/0,3687:1747647652622:,1747647657138
counter/7/0/0/0,3688:1747647652622:,1747647657138
counter/7/0/0/0,3689:1747647652622:,1747647657138
counter/7/0/0/0,3690:1747647652625:,1747647657138
counter/7/0/0/0,3691:1747647652625:,1747647657139
counter/7/0/0/0,3692:1747647652625:,1747647657139
counter/7/0/0/0,3693:1747647652625:,1747647657139
counter/7/0/0/0,3694:1747647652626:,1747647657139
counter/3/0/0/0,3896:1747647652531:,1747647657139
counter/1/0/0/0,4044:1747647653032:,1747647657139
counter/1/0/0/0,4045:1747647653032:,1747647657139
counter/4/0/0/0,4072:1747647652889:,1747647657139
counter/1/0/0/0,4046:1747647653032:,1747647657139
counter/1/0/0/0,4047:1747647653032:,1747647657139
counter/1/0/0/0,4048:1747647653032:,1747647657139
counter/1/0/0/0,4049:1747647653032:,1747647657139
counter/1/0/0/0,4050:1747647653032:,1747647657139
counter/1/0/0/0,4051:1747647653032:,1747647657139
counter/1/0/0/0,4052:1747647653033:,1747647657139
counter/1/0/0/0,4053:1747647653033:,1747647657139
counter/1/0/0/0,4054:1747647653033:,1747647657139
counter/3/0/0/0,3897:1747647652531:,1747647657140
counter/1/0/0/0,4055:1747647653033:,1747647657140
counter/6/0/0/0,3571:1747647652974:,1747647657140
counter/1/0/0/0,4056:1747647653037:,1747647657140
counter/6/0/0/0,3572:1747647652974:,1747647657140
counter/1/0/0/0,4057:1747647653037:,1747647657140
counter/1/0/0/0,4058:1747647653037:,1747647657140
counter/1/0/0/0,4059:1747647653037:,1747647657140
counter/6/0/0/0,3573:1747647652974:,1747647657140
counter/2/0/0/0,3525:1747647652116:,1747647657140
counter/5/0/0/0,3767:1747647652386:,1747647657140
counter/8/0/0/0,4102:1747647652393:,1747647657140
counter/8/0/0/0,4103:1747647652393:,1747647657140
counter/8/0/0/0,4104:1747647652393:,1747647657140
counter/8/0/0/0,4105:1747647652393:,1747647657140
counter/8/0/0/0,4106:1747647652393:,1747647657140
counter/2/0/0/0,3526:1747647652116:,1747647657140
counter/3/0/0/0,3898:1747647652531:,1747647657140
counter/6/0/0/0,3574:1747647652974:,1747647657141
counter/4/0/0/0,4073:1747647652890:,1747647657141
counter/7/0/0/0,3695:1747647652626:,1747647657141
counter/7/0/0/0,3696:1747647652626:,1747647657141
counter/7/0/0/0,3697:1747647652626:,1747647657141
counter/7/0/0/0,3698:1747647652626:,1747647657141
counter/7/0/0/0,3699:1747647652627:,1747647657141
counter/4/0/0/0,4074:1747647652890:,1747647657144
counter/8/0/0/0,4107:1747647652393:,1747647657145
counter/8/0/0/0,4108:1747647652393:,1747647657145
counter/7/0/0/0,3700:1747647652627:,1747647657145
counter/7/0/0/0,3701:1747647652627:,1747647657145
counter/7/0/0/0,3702:1747647652627:,1747647657145
counter/7/0/0/0,3703:1747647652627:,1747647657145
counter/7/0/0/0,3704:1747647652627:,1747647657145
counter/7/0/0/0,3705:1747647652627:,1747647657145
counter/7/0/0/0,3706:1747647652627:,1747647657146
counter/1/0/0/0,4060:1747647653037:,1747647657146
counter/7/0/0/0,3707:1747647652627:,1747647657146
counter/7/0/0/0,3708:1747647652627:,1747647657146
counter/3/0/0/0,3899:1747647652531:,1747647657146
counter/3/0/0/0,3900:1747647652531:,1747647657146
counter/3/0/0/0,3901:1747647652531:,1747647657146
counter/3/0/0/0,3902:1747647652531:,1747647657146
counter/3/0/0/0,3903:1747647652534:,1747647657146
counter/10/0/0/0,3464:1747647652541:,1747647657147
counter/9/0/0/0,4016:1747647652779:,1747647657147
counter/9/0/0/0,4017:1747647652784:,1747647657147
counter/9/0/0/0,4018:1747647652784:,1747647657147
counter/9/0/0/0,4019:1747647652784:,1747647657147
counter/5/0/0/0,3768:1747647652386:,1747647657148
counter/5/0/0/0,3769:1747647652386:,1747647657148
counter/5/0/0/0,3770:1747647652392:,1747647657148
counter/5/0/0/0,3771:1747647652414:,1747647657148
counter/2/0/0/0,3527:1747647652117:,1747647657149
counter/7/0/0/0,3709:1747647652638:,1747647657149
counter/7/0/0/0,3710:1747647652639:,1747647657149
counter/7/0/0/0,3711:1747647652639:,1747647657149
counter/7/0/0/0,3712:1747647652639:,1747647657149
counter/7/0/0/0,3713:1747647652639:,1747647657149
counter/8/0/0/0,4109:1747647652393:,1747647657149
counter/8/0/0/0,4110:1747647652393:,1747647657149
counter/8/0/0/0,4111:1747647652393:,1747647657149
counter/8/0/0/0,4112:1747647652393:,1747647657149
counter/8/0/0/0,4113:1747647652393:,1747647657150
counter/8/0/0/0,4114:1747647652393:,1747647657150
counter/8/0/0/0,4115:1747647652393:,1747647657150
counter/4/0/0/0,4075:1747647652890:,1747647657151
counter/1/0/0/0,4061:1747647653037:,1747647657151
counter/6/0/0/0,3575:1747647652974:,1747647657151
counter/7/0/0/0,3714:1747647652639:,1747647657151
counter/7/0/0/0,3715:1747647652639:,1747647657151
counter/7/0/0/0,3716:1747647652639:,1747647657151
counter/7/0/0/0,3717:1747647652639:,1747647657151
counter/7/0/0/0,3718:1747647652639:,1747647657151
counter/4/0/0/0,4076:1747647652890:,1747647657151
counter/3/0/0/0,3904:1747647652538:,1747647657152
counter/6/0/0/0,3576:1747647652974:,1747647657152
counter/6/0/0/0,3577:1747647652974:,1747647657152
counter/6/0/0/0,3578:1747647652975:,1747647657152
counter/6/0/0/0,3579:1747647652975:,1747647657152
counter/6/0/0/0,3580:1747647652975:,1747647657153
counter/6/0/0/0,3581:1747647652975:,1747647657153
counter/6/0/0/0,3582:1747647652975:,1747647657153
counter/6/0/0/0,3583:1747647652975:,1747647657153
counter/6/0/0/0,3584:1747647652975:,1747647657153
counter/6/0/0/0,3585:1747647652982:,1747647657153
counter/6/0/0/0,3586:1747647652982:,1747647657153
counter/6/0/0/0,3587:1747647652982:,1747647657153
counter/3/0/0/0,3905:1747647652538:,1747647657153
counter/8/0/0/0,4116:1747647652393:,1747647657153
counter/10/0/0/0,3465:1747647652541:,1747647657153
counter/10/0/0/0,3466:1747647652541:,1747647657153
counter/10/0/0/0,3467:1747647652541:,1747647657153
counter/10/0/0/0,3468:1747647652541:,1747647657153
counter/5/0/0/0,3772:1747647652421:,1747647657153
counter/5/0/0/0,3773:1747647652421:,1747647657154
counter/2/0/0/0,3528:1747647652117:,1747647657154
counter/6/0/0/0,3588:1747647652982:,1747647657154
counter/3/0/0/0,3906:1747647652538:,1747647657154
counter/3/0/0/0,3907:1747647652538:,1747647657154
counter/3/0/0/0,3908:1747647652538:,1747647657155
counter/10/0/0/0,3469:1747647652541:,1747647657155
counter/7/0/0/0,3719:1747647652639:,1747647657155
counter/3/0/0/0,3909:1747647652538:,1747647657156
counter/3/0/0/0,3910:1747647652538:,1747647657156
counter/3/0/0/0,3911:1747647652539:,1747647657156
counter/3/0/0/0,3912:1747647652542:,1747647657156
counter/3/0/0/0,3913:1747647652542:,1747647657156
counter/10/0/0/0,3470:1747647652541:,1747647657157
counter/7/0/0/0,3720:1747647652639:,1747647657157
counter/7/0/0/0,3721:1747647652653:,1747647657157
counter/7/0/0/0,3722:1747647652653:,1747647657157
counter/7/0/0/0,3723:1747647652653:,1747647657157
counter/7/0/0/0,3724:1747647652653:,1747647657157
counter/7/0/0/0,3725:1747647652653:,1747647657158
counter/6/0/0/0,3589:1747647652982:,1747647657160
counter/8/0/0/0,4117:1747647652393:,1747647657160
counter/10/0/0/0,3471:1747647652541:,1747647657162
counter/10/0/0/0,3472:1747647652541:,1747647657162
counter/10/0/0/0,3473:1747647652541:,1747647657162
counter/3/0/0/0,3914:1747647652547:,1747647657162
counter/10/0/0/0,3474:1747647652541:,1747647657162
counter/6/0/0/0,3590:1747647652982:,1747647657163
counter/10/0/0/0,3475:1747647652541:,1747647657163
counter/3/0/0/0,3915:1747647652547:,1747647657163
counter/8/0/0/0,4118:1747647652393:,1747647657163
counter/8/0/0/0,4119:1747647652393:,1747647657163
counter/3/0/0/0,3916:1747647652547:,1747647657165
counter/8/0/0/0,4120:1747647652393:,1747647657165
counter/1/0/0/0,4062:1747647653037:,1747647657165
counter/1/0/0/0,4063:1747647653037:,1747647657165
counter/10/0/0/0,3476:1747647652541:,1747647657166
counter/6/0/0/0,3591:1747647652982:,1747647657166
counter/6/0/0/0,3592:1747647652982:,1747647657170
counter/8/0/0/0,4121:1747647652393:,1747647657170
counter/9/0/0/0,4020:1747647652784:,1747647657170
counter/8/0/0/0,4122:1747647652393:,1747647657170
counter/9/0/0/0,4021:1747647652784:,1747647657170
counter/9/0/0/0,4022:1747647652784:,1747647657170
counter/9/0/0/0,4023:1747647652784:,1747647657170
counter/7/0/0/0,3726:1747647652653:,1747647657171
counter/8/0/0/0,4123:1747647652399:,1747647657171
counter/7/0/0/0,3727:1747647652654:,1747647657171
counter/2/0/0/0,3529:1747647652117:,1747647657171
counter/2/0/0/0,3530:1747647652117:,1747647657171
counter/2/0/0/0,3531:1747647652127:,1747647657171
counter/8/0/0/0,4124:1747647652400:,1747647657171
counter/7/0/0/0,3728:1747647652654:,1747647657172
counter/7/0/0/0,3729:1747647652654:,1747647657172
counter/7/0/0/0,3730:1747647652656:,1747647657172
counter/7/0/0/0,3731:1747647652664:,1747647657172
counter/7/0/0/0,3732:1747647652664:,1747647657172
counter/7/0/0/0,3733:1747647652664:,1747647657172
counter/7/0/0/0,3734:1747647652664:,1747647657172
counter/7/0/0/0,3735:1747647652664:,1747647657172
counter/6/0/0/0,3593:1747647652982:,1747647657172
counter/8/0/0/0,4125:1747647652400:,1747647657172
counter/2/0/0/0,3532:1747647652127:,1747647657174
counter/2/0/0/0,3533:1747647652127:,1747647657174
counter/2/0/0/0,3534:1747647652127:,1747647657174
counter/2/0/0/0,3535:1747647652127:,1747647657174
counter/4/0/0/0,4077:1747647652890:,1747647657174
counter/2/0/0/0,3536:1747647652127:,1747647657174
counter/4/0/0/0,4078:1747647652891:,1747647657174
counter/4/0/0/0,4079:1747647652894:,1747647657174
counter/4/0/0/0,4080:1747647652894:,1747647657174
counter/4/0/0/0,4081:1747647652894:,1747647657174
counter/4/0/0/0,4082:1747647652894:,1747647657174
counter/4/0/0/0,4083:1747647652897:,1747647657174
counter/4/0/0/0,4084:1747647652897:,1747647657174
counter/4/0/0/0,4085:1747647652897:,1747647657175
counter/4/0/0/0,4086:1747647652897:,1747647657175
counter/7/0/0/0,3736:1747647652664:,1747647657175
counter/10/0/0/0,3477:1747647652541:,1747647657176
counter/10/0/0/0,3478:1747647652541:,1747647657176
counter/10/0/0/0,3479:1747647652541:,1747647657176
counter/10/0/0/0,3480:1747647652542:,1747647657176
counter/5/0/0/0,3774:1747647652421:,1747647657178
counter/5/0/0/0,3775:1747647652421:,1747647657178
counter/5/0/0/0,3776:1747647652421:,1747647657179
counter/5/0/0/0,3777:1747647652421:,1747647657179
counter/3/0/0/0,3917:1747647652547:,1747647657179
counter/9/0/0/0,4024:1747647652784:,1747647657179
counter/6/0/0/0,3594:1747647652983:,1747647657179
counter/9/0/0/0,4025:1747647652784:,1747647657179
counter/7/0/0/0,3737:1747647652664:,1747647657179
counter/5/0/0/0,3778:1747647652421:,1747647657180
counter/7/0/0/0,3738:1747647652752:,1747647657181
counter/7/0/0/0,3739:1747647652752:,1747647657181
counter/7/0/0/0,3740:1747647652752:,1747647657181
counter/7/0/0/0,3741:1747647652752:,1747647657181
counter/3/0/0/0,3918:1747647652547:,1747647657182
counter/3/0/0/0,3919:1747647652547:,1747647657182
counter/3/0/0/0,3920:1747647652547:,1747647657182
counter/3/0/0/0,3921:1747647652547:,1747647657182
counter/3/0/0/0,3922:1747647652547:,1747647657182
counter/3/0/0/0,3923:1747647652547:,1747647657182
counter/3/0/0/0,3924:1747647652555:,1747647657182
counter/3/0/0/0,3925:1747647652555:,1747647657182
counter/3/0/0/0,3926:1747647652555:,1747647657182
counter/3/0/0/0,3927:1747647652555:,1747647657182
counter/3/0/0/0,3928:1747647652556:,1747647657182
counter/3/0/0/0,3929:1747647652556:,1747647657183
counter/3/0/0/0,3930:1747647652556:,1747647657183
counter/3/0/0/0,3931:1747647652556:,1747647657183
counter/1/0/0/0,4064:1747647653037:,1747647657183
counter/3/0/0/0,3932:1747647652556:,1747647657183
counter/7/0/0/0,3742:1747647652752:,1747647657183
counter/1/0/0/0,4065:1747647653037:,1747647657183
counter/7/0/0/0,3743:1747647652752:,1747647657183
counter/7/0/0/0,3744:1747647652752:,1747647657183
counter/7/0/0/0,3745:1747647652752:,1747647657183
counter/7/0/0/0,3746:1747647652758:,1747647657183
counter/7/0/0/0,3747:1747647652759:,1747647657183
counter/1/0/0/0,4066:1747647653037:,1747647657184
counter/1/0/0/0,4067:1747647653037:,1747647657184
counter/1/0/0/0,4068:1747647653037:,1747647657184
counter/1/0/0/0,4069:1747647653037:,1747647657184
counter/5/0/0/0,3779:1747647652421:,1747647657184
counter/1/0/0/0,4070:1747647653037:,1747647657185
counter/1/0/0/0,4071:1747647653043:,1747647657185
counter/1/0/0/0,4072:1747647653043:,1747647657185
counter/1/0/0/0,4073:1747647653043:,1747647657185
counter/2/0/0/0,3537:1747647652127:,1747647657185
counter/2/0/0/0,3538:1747647652127:,1747647657185
counter/2/0/0/0,3539:1747647652127:,1747647657185
counter/2/0/0/0,3540:1747647652128:,1747647657185
counter/2/0/0/0,3541:1747647652128:,1747647657185
counter/2/0/0/0,3542:1747647652128:,1747647657185
counter/2/0/0/0,3543:1747647652129:,1747647657185
counter/2/0/0/0,3544:1747647652129:,1747647657185
counter/2/0/0/0,3545:1747647652129:,1747647657185
counter/2/0/0/0,3546:1747647652129:,1747647657185
counter/2/0/0/0,3547:1747647652129:,1747647657185
counter/2/0/0/0,3548:1747647652129:,1747647657185
counter/2/0/0/0,3549:1747647652129:,1747647657186
counter/3/0/0/0,3933:1747647652556:,1747647657187
counter/5/0/0/0,3780:1747647652421:,1747647657188
counter/10/0/0/0,3481:1747647652548:,1747647657188
counter/10/0/0/0,3482:1747647652549:,1747647657188
counter/10/0/0/0,3483:1747647652549:,1747647657188
counter/10/0/0/0,3484:1747647652549:,1747647657188
counter/10/0/0/0,3485:1747647652549:,1747647657188
counter/10/0/0/0,3486:1747647652549:,1747647657188
counter/10/0/0/0,3487:1747647652549:,1747647657188
counter/10/0/0/0,3488:1747647652549:,1747647657188
counter/3/0/0/0,3934:1747647652556:,1747647657188
counter/5/0/0/0,3781:1747647652421:,1747647657188
counter/4/0/0/0,4087:1747647652897:,1747647657189
counter/10/0/0/0,3489:1747647652549:,1747647657190
counter/3/0/0/0,3935:1747647652556:,1747647657191
counter/6/0/0/0,3595:1747647652987:,1747647657191
counter/6/0/0/0,3596:1747647652987:,1747647657191
counter/6/0/0/0,3597:1747647652987:,1747647657191
counter/6/0/0/0,3598:1747647652987:,1747647657191
counter/6/0/0/0,3599:1747647652987:,1747647657191
counter/6/0/0/0,3600:1747647652987:,1747647657191
counter/6/0/0/0,3601:1747647652987:,1747647657191
counter/6/0/0/0,3602:1747647652987:,1747647657191
counter/6/0/0/0,3603:1747647652988:,1747647657191
counter/5/0/0/0,3782:1747647652421:,1747647657191
counter/5/0/0/0,3783:1747647652426:,1747647657191
counter/9/0/0/0,4026:1747647652784:,1747647657192
counter/9/0/0/0,4027:1747647652784:,1747647657192
counter/9/0/0/0,4028:1747647652784:,1747647657192
counter/10/0/0/0,3490:1747647652549:,1747647657193
counter/2/0/0/0,3550:1747647652129:,1747647657193
counter/6/0/0/0,3604:1747647652988:,1747647657193
counter/5/0/0/0,3784:1747647652426:,1747647657193
counter/5/0/0/0,3785:1747647652426:,1747647657193
counter/1/0/0/0,4074:1747647653043:,1747647657194
counter/6/0/0/0,3605:1747647652988:,1747647657194
counter/9/0/0/0,4029:1747647652784:,1747647657194
counter/6/0/0/0,3606:1747647652988:,1747647657194
counter/10/0/0/0,3491:1747647652549:,1747647657196
counter/5/0/0/0,3786:1747647652426:,1747647657197
counter/9/0/0/0,4030:1747647652784:,1747647657197
counter/3/0/0/0,3936:1747647652557:,1747647657197
counter/2/0/0/0,3551:1747647652129:,1747647657197
counter/3/0/0/0,3937:1747647652557:,1747647657197
counter/4/0/0/0,4088:1747647652912:,1747647657197
counter/7/0/0/0,3748:1747647652759:,1747647657198
counter/7/0/0/0,3749:1747647652759:,1747647657198
counter/7/0/0/0,3750:1747647652759:,1747647657198
counter/7/0/0/0,3751:1747647652759:,1747647657198
counter/7/0/0/0,3752:1747647652759:,1747647657198
counter/6/0/0/0,3607:1747647652988:,1747647657198
counter/6/0/0/0,3608:1747647652988:,1747647657198
counter/6/0/0/0,3609:1747647652988:,1747647657198
counter/6/0/0/0,3610:1747647652988:,1747647657198
counter/6/0/0/0,3611:1747647652988:,1747647657199
counter/6/0/0/0,3612:1747647652988:,1747647657199
counter/6/0/0/0,3613:1747647652988:,1747647657199
counter/6/0/0/0,3614:1747647652988:,1747647657199
counter/6/0/0/0,3615:1747647652988:,1747647657199
counter/6/0/0/0,3616:1747647652988:,1747647657199
counter/6/0/0/0,3617:1747647652988:,1747647657199
counter/6/0/0/0,3618:1747647652988:,1747647657199
counter/2/0/0/0,3552:1747647652129:,1747647657199
counter/5/0/0/0,3787:1747647652426:,1747647657200
counter/5/0/0/0,3788:1747647652426:,1747647657200
counter/5/0/0/0,3789:1747647652430:,1747647657200
counter/5/0/0/0,3790:1747647652430:,1747647657200
counter/10/0/0/0,3492:1747647652549:,1747647657200
counter/7/0/0/0,3753:1747647652759:,1747647657200
counter/4/0/0/0,4089:1747647652912:,1747647657200
counter/4/0/0/0,4090:1747647652920:,1747647657200
counter/4/0/0/0,4091:1747647652920:,1747647657200
counter/4/0/0/0,4092:1747647652920:,1747647657200
counter/4/0/0/0,4093:1747647652920:,1747647657200
counter/4/0/0/0,4094:1747647652920:,1747647657201
counter/4/0/0/0,4095:1747647652920:,1747647657201
counter/2/0/0/0,3553:1747647652129:,1747647657201
counter/1/0/0/0,4075:1747647653043:,1747647657201
counter/1/0/0/0,4076:1747647653043:,1747647657201
counter/1/0/0/0,4077:1747647653043:,1747647657201
counter/1/0/0/0,4078:1747647653043:,1747647657201
counter/1/0/0/0,4079:1747647653043:,1747647657201
counter/1/0/0/0,4080:1747647653044:,1747647657201
counter/5/0/0/0,3791:1747647652430:,1747647657202
counter/5/0/0/0,3792:1747647652430:,1747647657202
counter/5/0/0/0,3793:1747647652430:,1747647657202
counter/5/0/0/0,3794:1747647652430:,1747647657202
counter/5/0/0/0,3795:1747647652430:,1747647657202
counter/5/0/0/0,3796:1747647652430:,1747647657202
counter/5/0/0/0,3797:1747647652430:,1747647657202
counter/5/0/0/0,3798:1747647652430:,1747647657202
counter/1/0/0/0,4081:1747647653044:,1747647657202
counter/3/0/0/0,3938:1747647652557:,1747647657203
counter/3/0/0/0,3939:1747647652557:,1747647657203
counter/3/0/0/0,3940:1747647652557:,1747647657203
counter/3/0/0/0,3941:1747647652557:,1747647657203
counter/3/0/0/0,3942:1747647652557:,1747647657203
counter/3/0/0/0,3943:1747647652557:,1747647657203
counter/3/0/0/0,3944:1747647652557:,1747647657203
counter/3/0/0/0,3945:1747647652557:,1747647657203
counter/3/0/0/0,3946:1747647652557:,1747647657203
counter/3/0/0/0,3947:1747647652557:,1747647657203
counter/3/0/0/0,3948:1747647652557:,1747647657203
counter/3/0/0/0,3949:1747647652557:,1747647657203
counter/1/0/0/0,4082:1747647653044:,1747647657203
counter/3/0/0/0,3950:1747647652557:,1747647657203
counter/8/0/0/0,4126:1747647652400:,1747647657204
counter/5/0/0/0,3799:1747647652430:,1747647657204
counter/5/0/0/0,3800:1747647652442:,1747647657204
counter/1/0/0/0,4083:1747647653044:,1747647657204
counter/1/0/0/0,4084:1747647653044:,1747647657204
counter/1/0/0/0,4085:1747647653044:,1747647657204
counter/1/0/0/0,4086:1747647653044:,1747647657204
counter/6/0/0/0,3619:1747647652988:,1747647657204
counter/4/0/0/0,4096:1747647652920:,1747647657204
counter/6/0/0/0,3620:1747647652988:,1747647657204
counter/4/0/0/0,4097:1747647652920:,1747647657204
counter/2/0/0/0,3554:1747647652132:,1747647657204
counter/2/0/0/0,3555:1747647652132:,1747647657204
counter/2/0/0/0,3556:1747647652132:,1747647657205
counter/2/0/0/0,3557:1747647652132:,1747647657205
counter/2/0/0/0,3558:1747647652132:,1747647657205
counter/3/0/0/0,3951:1747647652557:,1747647657205
counter/3/0/0/0,3952:1747647652557:,1747647657205
counter/3/0/0/0,3953:1747647652557:,1747647657205
counter/10/0/0/0,3493:1747647652549:,1747647657205
counter/10/0/0/0,3494:1747647652549:,1747647657205
counter/8/0/0/0,4127:1747647652400:,1747647657205
counter/5/0/0/0,3801:1747647652460:,1747647657206
counter/8/0/0/0,4128:1747647652400:,1747647657207
counter/5/0/0/0,3802:1747647652460:,1747647657207
counter/9/0/0/0,4031:1747647652794:,1747647657207
counter/9/0/0/0,4032:1747647652794:,1747647657207
counter/9/0/0/0,4033:1747647652794:,1747647657207
counter/9/0/0/0,4034:1747647652794:,1747647657207
counter/9/0/0/0,4035:1747647652794:,1747647657207
counter/4/0/0/0,4098:1747647652939:,1747647657207
counter/7/0/0/0,3754:1747647652763:,1747647657207
counter/7/0/0/0,3755:1747647652763:,1747647657208
counter/7/0/0/0,3756:1747647652769:,1747647657208
counter/7/0/0/0,3757:1747647652769:,1747647657208
counter/7/0/0/0,3758:1747647652769:,1747647657208
counter/1/0/0/0,4087:1747647653044:,1747647657208
counter/1/0/0/0,4088:1747647653044:,1747647657208
counter/1/0/0/0,4089:1747647653050:,1747647657208
counter/1/0/0/0,4090:1747647653050:,1747647657208
counter/1/0/0/0,4091:1747647653050:,1747647657209
counter/1/0/0/0,4092:1747647653050:,1747647657209
counter/1/0/0/0,4093:1747647653050:,1747647657209
counter/1/0/0/0,4094:1747647653050:,1747647657209
counter/1/0/0/0,4095:1747647653050:,1747647657209
counter/4/0/0/0,4099:1747647652939:,1747647657211
counter/8/0/0/0,4129:1747647652400:,1747647657211
counter/8/0/0/0,4130:1747647652401:,1747647657211
counter/9/0/0/0,4036:1747647652794:,1747647657211
counter/9/0/0/0,4037:1747647652794:,1747647657211
counter/9/0/0/0,4038:1747647652794:,1747647657211
counter/7/0/0/0,3759:1747647652769:,1747647657211
counter/10/0/0/0,3495:1747647652550:,1747647657212
counter/9/0/0/0,4039:1747647652794:,1747647657212
counter/2/0/0/0,3559:1747647652132:,1747647657212
counter/2/0/0/0,3560:1747647652132:,1747647657212
counter/2/0/0/0,3561:1747647652132:,1747647657213
counter/2/0/0/0,3562:1747647652132:,1747647657213
counter/2/0/0/0,3563:1747647652132:,1747647657213
counter/2/0/0/0,3564:1747647652132:,1747647657213
counter/2/0/0/0,3565:1747647652132:,1747647657213
counter/3/0/0/0,3954:1747647652557:,1747647657213
counter/1/0/0/0,4096:1747647653050:,1747647657213
counter/4/0/0/0,4100:1747647652939:,1747647657213
counter/5/0/0/0,3803:1747647652460:,1747647657213
counter/2/0/0/0,3566:1747647652132:,1747647657213
counter/2/0/0/0,3567:1747647652132:,1747647657213
counter/2/0/0/0,3568:1747647652132:,1747647657213
counter/2/0/0/0,3569:1747647652132:,1747647657213
counter/7/0/0/0,3760:1747647652769:,1747647657214
counter/9/0/0/0,4040:1747647652794:,1747647657214
counter/9/0/0/0,4041:1747647652794:,1747647657214
counter/9/0/0/0,4042:1747647652794:,1747647657214
counter/4/0/0/0,4101:1747647652939:,1747647657214
counter/4/0/0/0,4102:1747647652939:,1747647657214
counter/4/0/0/0,4103:1747647652939:,1747647657214
counter/4/0/0/0,4104:1747647652939:,1747647657214
counter/6/0/0/0,3621:1747647652988:,1747647657215
counter/3/0/0/0,3955:1747647652557:,1747647657215
counter/8/0/0/0,4131:1747647652401:,1747647657215
counter/2/0/0/0,3570:1747647652132:,1747647657216
counter/6/0/0/0,3622:1747647652988:,1747647657217
counter/3/0/0/0,3956:1747647652561:,1747647657217
counter/10/0/0/0,3496:1747647652550:,1747647657217
counter/7/0/0/0,3761:1747647652769:,1747647657219
counter/7/0/0/0,3762:1747647652769:,1747647657219
counter/7/0/0/0,3763:1747647652769:,1747647657219
counter/7/0/0/0,3764:1747647652769:,1747647657219
counter/7/0/0/0,3765:1747647652769:,1747647657220
counter/1/0/0/0,4097:1747647653050:,1747647657220
counter/1/0/0/0,4098:1747647653050:,1747647657220
counter/7/0/0/0,3766:1747647652770:,1747647657220
counter/1/0/0/0,4099:1747647653050:,1747647657220
counter/7/0/0/0,3767:1747647652770:,1747647657220
counter/7/0/0/0,3768:1747647652770:,1747647657220
counter/7/0/0/0,3769:1747647652770:,1747647657220
counter/7/0/0/0,3770:1747647652770:,1747647657220
counter/7/0/0/0,3771:1747647652770:,1747647657220
counter/7/0/0/0,3772:1747647652770:,1747647657221
counter/3/0/0/0,3957:1747647652561:,1747647657221
counter/3/0/0/0,3958:1747647652561:,1747647657221
counter/1/0/0/0,4100:1747647653050:,1747647657221
counter/1/0/0/0,4101:1747647653051:,1747647657221
counter/10/0/0/0,3497:1747647652550:,1747647657221
counter/10/0/0/0,3498:1747647652550:,1747647657221
counter/10/0/0/0,3499:1747647652550:,1747647657222
counter/10/0/0/0,3500:1747647652550:,1747647657222
counter/10/0/0/0,3501:1747647652550:,1747647657222
counter/10/0/0/0,3502:1747647652550:,1747647657222
counter/10/0/0/0,3503:1747647652550:,1747647657222
counter/10/0/0/0,3504:1747647652550:,1747647657222
counter/10/0/0/0,3505:1747647652550:,1747647657222
counter/1/0/0/0,4102:1747647653051:,1747647657222
counter/6/0/0/0,3623:1747647652988:,1747647657222
counter/6/0/0/0,3624:1747647652988:,1747647657222
counter/6/0/0/0,3625:1747647652988:,1747647657222
counter/6/0/0/0,3626:1747647652988:,1747647657222
counter/2/0/0/0,3571:1747647652133:,1747647657222
counter/2/0/0/0,3572:1747647652133:,1747647657222
counter/7/0/0/0,3773:1747647652770:,1747647657223
counter/5/0/0/0,3804:1747647652460:,1747647657223
counter/5/0/0/0,3805:1747647652460:,1747647657223
counter/5/0/0/0,3806:1747647652460:,1747647657223
counter/5/0/0/0,3807:1747647652460:,1747647657223
counter/5/0/0/0,3808:1747647652461:,1747647657223
counter/5/0/0/0,3809:1747647652462:,1747647657223
counter/5/0/0/0,3810:1747647652462:,1747647657223
counter/5/0/0/0,3811:1747647652462:,1747647657223
counter/8/0/0/0,4132:1747647652401:,1747647657224
counter/5/0/0/0,3812:1747647652462:,1747647657224
counter/7/0/0/0,3774:1747647652770:,1747647657225
counter/8/0/0/0,4133:1747647652401:,1747647657225
counter/1/0/0/0,4103:1747647653051:,1747647657225
counter/2/0/0/0,3573:1747647652133:,1747647657225
counter/2/0/0/0,3574:1747647652133:,1747647657225
counter/8/0/0/0,4134:1747647652401:,1747647657225
counter/3/0/0/0,3959:1747647652561:,1747647657225
counter/6/0/0/0,3627:1747647652988:,1747647657226
counter/1/0/0/0,4104:1747647653057:,1747647657226
counter/2/0/0/0,3575:1747647652133:,1747647657226
counter/7/0/0/0,3775:1747647652770:,1747647657226
counter/10/0/0/0,3506:1747647652550:,1747647657227
counter/2/0/0/0,3576:1747647652133:,1747647657228
counter/1/0/0/0,4105:1747647653057:,1747647657228
counter/1/0/0/0,4106:1747647653057:,1747647657228
counter/1/0/0/0,4107:1747647653057:,1747647657228
counter/1/0/0/0,4108:1747647653059:,1747647657228
counter/1/0/0/0,4109:1747647653060:,1747647657228
counter/1/0/0/0,4110:1747647653072:,1747647657228
counter/5/0/0/0,3813:1747647652462:,1747647657230
counter/9/0/0/0,4043:1747647652794:,1747647657230
counter/6/0/0/0,3628:1747647652991:,1747647657230
counter/9/0/0/0,4044:1747647652794:,1747647657230
counter/9/0/0/0,4045:1747647652813:,1747647657230
counter/2/0/0/0,3577:1747647652133:,1747647657232
counter/9/0/0/0,4046:1747647652813:,1747647657232
counter/9/0/0/0,4047:1747647652813:,1747647657232
counter/9/0/0/0,4048:1747647652813:,1747647657232
counter/9/0/0/0,4049:1747647652813:,1747647657232
counter/9/0/0/0,4050:1747647652813:,1747647657232
counter/9/0/0/0,4051:1747647652813:,1747647657232
counter/9/0/0/0,4052:1747647652813:,1747647657232
counter/9/0/0/0,4053:1747647652813:,1747647657232
counter/9/0/0/0,4054:1747647652819:,1747647657233
counter/7/0/0/0,3776:1747647652770:,1747647657234
counter/3/0/0/0,3960:1747647652561:,1747647657234
counter/3/0/0/0,3961:1747647652561:,1747647657234
counter/3/0/0/0,3962:1747647652561:,1747647657234
counter/3/0/0/0,3963:1747647652561:,1747647657234
counter/3/0/0/0,3964:1747647652561:,1747647657234
counter/8/0/0/0,4135:1747647652401:,1747647657234
counter/8/0/0/0,4136:1747647652402:,1747647657235
counter/8/0/0/0,4137:1747647652404:,1747647657235
counter/1/0/0/0,4111:1747647653072:,1747647657235
counter/2/0/0/0,3578:1747647652133:,1747647657235
counter/5/0/0/0,3814:1747647652462:,1747647657235
counter/5/0/0/0,3815:1747647652462:,1747647657235
counter/5/0/0/0,3816:1747647652462:,1747647657235
counter/5/0/0/0,3817:1747647652462:,1747647657235
counter/5/0/0/0,3818:1747647652462:,1747647657235
counter/5/0/0/0,3819:1747647652462:,1747647657235
counter/5/0/0/0,3820:1747647652462:,1747647657236
counter/9/0/0/0,4055:1747647652819:,1747647657236
counter/5/0/0/0,3821:1747647652463:,1747647657236
counter/5/0/0/0,3822:1747647652466:,1747647657236
counter/5/0/0/0,3823:1747647652470:,1747647657236
counter/1/0/0/0,4112:1747647653072:,1747647657238
counter/5/0/0/0,3824:1747647652470:,1747647657239
counter/7/0/0/0,3777:1747647652770:,1747647657239
counter/4/0/0/0,4105:1747647652943:,1747647657239
counter/10/0/0/0,3507:1747647652550:,1747647657240
counter/3/0/0/0,3965:1747647652561:,1747647657242
counter/3/0/0/0,3966:1747647652561:,1747647657242
counter/3/0/0/0,3967:1747647652561:,1747647657242
counter/3/0/0/0,3968:1747647652561:,1747647657242
counter/3/0/0/0,3969:1747647652561:,1747647657242
counter/3/0/0/0,3970:1747647652561:,1747647657242
counter/8/0/0/0,4138:1747647652408:,1747647657244
counter/8/0/0/0,4139:1747647652408:,1747647657244
counter/8/0/0/0,4140:1747647652408:,1747647657244
counter/8/0/0/0,4141:1747647652408:,1747647657244
counter/4/0/0/0,4106:1747647652944:,1747647657247
counter/6/0/0/0,3629:1747647652991:,1747647657247
counter/8/0/0/0,4142:1747647652409:,1747647657251
counter/3/0/0/0,3971:1747647652561:,1747647657251
counter/4/0/0/0,4107:1747647652944:,1747647657252
counter/4/0/0/0,4108:1747647652944:,1747647657252
counter/4/0/0/0,4109:1747647652944:,1747647657252
counter/4/0/0/0,4110:1747647652944:,1747647657252
counter/4/0/0/0,4111:1747647652944:,1747647657252
counter/4/0/0/0,4112:1747647652944:,1747647657252
counter/4/0/0/0,4113:1747647652944:,1747647657252
counter/4/0/0/0,4114:1747647652944:,1747647657252
counter/4/0/0/0,4115:1747647652944:,1747647657252
counter/4/0/0/0,4116:1747647652944:,1747647657252
counter/4/0/0/0,4117:1747647652945:,1747647657252
counter/8/0/0/0,4143:1747647652409:,1747647657252
counter/3/0/0/0,3972:1747647652561:,1747647657252
counter/2/0/0/0,3579:1747647652133:,1747647657252
counter/10/0/0/0,3508:1747647652550:,1747647657253
counter/10/0/0/0,3509:1747647652550:,1747647657253
counter/1/0/0/0,4113:1747647653072:,1747647657254
counter/5/0/0/0,3825:1747647652470:,1747647657254
counter/8/0/0/0,4144:1747647652409:,1747647657255
counter/8/0/0/0,4145:1747647652409:,1747647657255
counter/8/0/0/0,4146:1747647652409:,1747647657255
counter/8/0/0/0,4147:1747647652409:,1747647657255
counter/7/0/0/0,3778:1747647652774:,1747647657255
counter/7/0/0/0,3779:1747647652774:,1747647657255
counter/10/0/0/0,3510:1747647652550:,1747647657256
counter/10/0/0/0,3511:1747647652550:,1747647657256
counter/10/0/0/0,3512:1747647652550:,1747647657256
counter/10/0/0/0,3513:1747647652550:,1747647657256
counter/10/0/0/0,3514:1747647652550:,1747647657256
counter/1/0/0/0,4114:1747647653072:,1747647657482
counter/8/0/0/0,4148:1747647652415:,1747647657483
counter/8/0/0/0,4149:1747647652415:,1747647657483
counter/8/0/0/0,4150:1747647652416:,1747647657483
counter/8/0/0/0,4151:1747647652416:,1747647657483
counter/9/0/0/0,4056:1747647652819:,1747647657483
counter/7/0/0/0,3780:1747647652774:,1747647657484
counter/4/0/0/0,4118:1747647652945:,1747647657485
counter/9/0/0/0,4057:1747647652819:,1747647657486
counter/5/0/0/0,3826:1747647652470:,1747647657486
counter/7/0/0/0,3781:1747647652774:,1747647657487
counter/8/0/0/0,4152:1747647652416:,1747647657487
counter/8/0/0/0,4153:1747647652416:,1747647657487
counter/8/0/0/0,4154:1747647652416:,1747647657488
counter/8/0/0/0,4155:1747647652416:,1747647657489
counter/2/0/0/0,3580:1747647652133:,1747647657489
counter/10/0/0/0,3515:1747647652550:,1747647657490
counter/4/0/0/0,4119:1747647652945:,1747647657490
counter/4/0/0/0,4120:1747647652945:,1747647657490
counter/5/0/0/0,3827:1747647652470:,1747647657490
counter/3/0/0/0,3973:1747647652561:,1747647657491
counter/3/0/0/0,3974:1747647652561:,1747647657491
counter/6/0/0/0,3630:1747647652991:,1747647657491
counter/2/0/0/0,3581:1747647652133:,1747647657491
counter/10/0/0/0,3516:1747647652550:,1747647657491
counter/9/0/0/0,4058:1747647652819:,1747647657491
counter/4/0/0/0,4121:1747647652945:,1747647657491
counter/4/0/0/0,4122:1747647652946:,1747647657491
counter/5/0/0/0,3828:1747647652470:,1747647657492
counter/7/0/0/0,3782:1747647652775:,1747647657492
counter/6/0/0/0,3631:1747647652991:,1747647657492
counter/7/0/0/0,3783:1747647652775:,1747647657493
counter/3/0/0/0,3975:1747647652561:,1747647657494
counter/8/0/0/0,4156:1747647652416:,1747647657494
counter/8/0/0/0,4157:1747647652416:,1747647657494
counter/8/0/0/0,4158:1747647652416:,1747647657494
counter/1/0/0/0,4115:1747647653072:,1747647657494
counter/7/0/0/0,3784:1747647652775:,1747647657494
counter/3/0/0/0,3976:1747647652562:,1747647657494
counter/8/0/0/0,4159:1747647652416:,1747647657494
counter/8/0/0/0,4160:1747647652418:,1747647657495
counter/8/0/0/0,4161:1747647652418:,1747647657495
counter/8/0/0/0,4162:1747647652418:,1747647657495
counter/10/0/0/0,3517:1747647652550:,1747647657495
counter/9/0/0/0,4059:1747647652819:,1747647657495
counter/4/0/0/0,4123:1747647652946:,1747647657495
counter/9/0/0/0,4060:1747647652819:,1747647657495
counter/4/0/0/0,4124:1747647652972:,1747647657495
counter/4/0/0/0,4125:1747647652972:,1747647657495
counter/6/0/0/0,3632:1747647652991:,1747647657495
counter/4/0/0/0,4126:1747647652972:,1747647657495
counter/7/0/0/0,3785:1747647652775:,1747647657495
counter/7/0/0/0,3786:1747647652775:,1747647657495
counter/7/0/0/0,3787:1747647652775:,1747647657495
counter/3/0/0/0,3977:1747647652562:,1747647657495
counter/2/0/0/0,3582:1747647652133:,1747647657495
counter/2/0/0/0,3583:1747647652133:,1747647657495
counter/2/0/0/0,3584:1747647652133:,1747647657495
counter/2/0/0/0,3585:1747647652133:,1747647657495
counter/1/0/0/0,4116:1747647653072:,1747647657495
counter/10/0/0/0,3518:1747647652552:,1747647657495
counter/10/0/0/0,3519:1747647652552:,1747647657495
counter/9/0/0/0,4061:1747647652819:,1747647657495
counter/5/0/0/0,3829:1747647652470:,1747647657495
counter/6/0/0/0,3633:1747647652991:,1747647657495
counter/6/0/0/0,3634:1747647652991:,1747647657495
counter/4/0/0/0,4127:1747647652972:,1747647657495
counter/4/0/0/0,4128:1747647652973:,1747647657495
counter/7/0/0/0,3788:1747647652775:,1747647657495
counter/7/0/0/0,3789:1747647652775:,1747647657495
counter/2/0/0/0,3586:1747647652133:,1747647657496
counter/2/0/0/0,3587:1747647652133:,1747647657496
counter/2/0/0/0,3588:1747647652133:,1747647657496
counter/10/0/0/0,3520:1747647652552:,1747647657496
counter/10/0/0/0,3521:1747647652552:,1747647657497
counter/10/0/0/0,3522:1747647652552:,1747647657497
counter/10/0/0/0,3523:1747647652552:,1747647657497
counter/9/0/0/0,4062:1747647652819:,1747647657497
counter/6/0/0/0,3635:1747647652991:,1747647657497
counter/6/0/0/0,3636:1747647652991:,1747647657497
counter/5/0/0/0,3830:1747647652471:,1747647657497
counter/4/0/0/0,4129:1747647652973:,1747647657497
counter/7/0/0/0,3790:1747647652780:,1747647657497
counter/7/0/0/0,3791:1747647652780:,1747647657497
counter/7/0/0/0,3792:1747647652780:,1747647657497
counter/1/0/0/0,4117:1747647653072:,1747647657497
counter/8/0/0/0,4163:1747647652418:,1747647657498
counter/4/0/0/0,4130:1747647652990:,1747647657498
counter/4/0/0/0,4131:1747647652990:,1747647657498
counter/2/0/0/0,3589:1747647652141:,1747647657498
counter/2/0/0/0,3590:1747647652141:,1747647657499
counter/2/0/0/0,3591:1747647652141:,1747647657499
counter/2/0/0/0,3592:1747647652141:,1747647657500
counter/2/0/0/0,3593:1747647652141:,1747647657500
counter/2/0/0/0,3594:1747647652141:,1747647657500
counter/2/0/0/0,3595:1747647652141:,1747647657500
counter/10/0/0/0,3524:1747647652552:,1747647657500
counter/3/0/0/0,3978:1747647652562:,1747647657500
counter/3/0/0/0,3979:1747647652562:,1747647657500
counter/10/0/0/0,3525:1747647652554:,1747647657501
counter/3/0/0/0,3980:1747647652562:,1747647657501
counter/3/0/0/0,3981:1747647652562:,1747647657501
counter/3/0/0/0,3982:1747647652562:,1747647657501
counter/4/0/0/0,4132:1747647653001:,1747647657501
counter/10/0/0/0,3526:1747647652554:,1747647657501
counter/3/0/0/0,3983:1747647652562:,1747647657502
counter/8/0/0/0,4164:1747647652418:,1747647657502
counter/2/0/0/0,3596:1747647652141:,1747647657502
counter/7/0/0/0,3793:1747647652780:,1747647657502
counter/10/0/0/0,3527:1747647652554:,1747647657502
counter/5/0/0/0,3831:1747647652471:,1747647657503
counter/6/0/0/0,3637:1747647652991:,1747647657503
counter/5/0/0/0,3832:1747647652471:,1747647657503
counter/6/0/0/0,3638:1747647652991:,1747647657503
counter/5/0/0/0,3833:1747647652471:,1747647657503
counter/6/0/0/0,3639:1747647652991:,1747647657503
counter/9/0/0/0,4063:1747647652822:,1747647657505
counter/3/0/0/0,3984:1747647652562:,1747647657505
counter/9/0/0/0,4064:1747647652822:,1747647657505
counter/5/0/0/0,3834:1747647652471:,1747647657505
counter/5/0/0/0,3835:1747647652471:,1747647657505
counter/5/0/0/0,3836:1747647652471:,1747647657505
counter/2/0/0/0,3597:1747647652143:,1747647657505
counter/7/0/0/0,3794:1747647652780:,1747647657505
counter/8/0/0/0,4165:1747647652420:,1747647657506
counter/3/0/0/0,3985:1747647652562:,1747647657506
counter/3/0/0/0,3986:1747647652562:,1747647657506
counter/3/0/0/0,3987:1747647652562:,1747647657506
counter/3/0/0/0,3988:1747647652562:,1747647657506
counter/6/0/0/0,3640:1747647652991:,1747647657507
counter/6/0/0/0,3641:1747647652991:,1747647657507
counter/6/0/0/0,3642:1747647652991:,1747647657507
counter/4/0/0/0,4133:1747647653002:,1747647657507
counter/10/0/0/0,3528:1747647652554:,1747647657507
counter/6/0/0/0,3643:1747647652991:,1747647657507
counter/6/0/0/0,3644:1747647652991:,1747647657507
counter/6/0/0/0,3645:1747647652991:,1747647657507
counter/1/0/0/0,4118:1747647653072:,1747647657507
counter/10/0/0/0,3529:1747647652554:,1747647657508
counter/2/0/0/0,3598:1747647652143:,1747647657508
counter/8/0/0/0,4166:1747647652420:,1747647657508
counter/9/0/0/0,4065:1747647652822:,1747647657510
counter/9/0/0/0,4066:1747647652827:,1747647657510
counter/9/0/0/0,4067:1747647652829:,1747647657510
counter/9/0/0/0,4068:1747647652829:,1747647657510
counter/3/0/0/0,3989:1747647652562:,1747647657510
counter/9/0/0/0,4069:1747647652829:,1747647657510
counter/9/0/0/0,4070:1747647652829:,1747647657510
counter/9/0/0/0,4071:1747647652829:,1747647657510
counter/9/0/0/0,4072:1747647652829:,1747647657510
counter/4/0/0/0,4134:1747647653002:,1747647657511
counter/4/0/0/0,4135:1747647653002:,1747647657511
counter/10/0/0/0,3530:1747647652554:,1747647657511
counter/1/0/0/0,4119:1747647653072:,1747647657511
counter/1/0/0/0,4120:1747647653072:,1747647657511
counter/9/0/0/0,4073:1747647652829:,1747647657511
counter/9/0/0/0,4074:1747647652829:,1747647657511
counter/8/0/0/0,4167:1747647652427:,1747647657511
counter/8/0/0/0,4168:1747647652427:,1747647657512
counter/7/0/0/0,3795:1747647652780:,1747647657512
counter/7/0/0/0,3796:1747647652780:,1747647657512
counter/9/0/0/0,4075:1747647652829:,1747647657512
counter/8/0/0/0,4169:1747647652434:,1747647657513
counter/10/0/0/0,3531:1747647652554:,1747647657513
counter/7/0/0/0,3797:1747647652780:,1747647657513
counter/7/0/0/0,3798:1747647652780:,1747647657513
counter/4/0/0/0,4136:1747647653002:,1747647657513
counter/1/0/0/0,4121:1747647653072:,1747647657514
counter/6/0/0/0,3646:1747647652991:,1747647657514
counter/7/0/0/0,3799:1747647652781:,1747647657514
counter/7/0/0/0,3800:1747647652781:,1747647657514
counter/7/0/0/0,3801:1747647652781:,1747647657514
counter/4/0/0/0,4137:1747647653002:,1747647657514
counter/4/0/0/0,4138:1747647653006:,1747647657514
counter/4/0/0/0,4139:1747647653006:,1747647657514
counter/1/0/0/0,4122:1747647653072:,1747647657514
counter/7/0/0/0,3802:1747647652781:,1747647657517
counter/10/0/0/0,3532:1747647652554:,1747647657517
counter/2/0/0/0,3599:1747647652143:,1747647657517
counter/2/0/0/0,3600:1747647652143:,1747647657517
counter/2/0/0/0,3601:1747647652143:,1747647657517
counter/2/0/0/0,3602:1747647652143:,1747647657517
counter/4/0/0/0,4140:1747647653006:,1747647657517
counter/5/0/0/0,3837:1747647652471:,1747647657517
counter/4/0/0/0,4141:1747647653006:,1747647657517
counter/3/0/0/0,3990:1747647652562:,1747647657517
counter/4/0/0/0,4142:1747647653006:,1747647657517
counter/3/0/0/0,3991:1747647652562:,1747647657517
counter/3/0/0/0,3992:1747647652562:,1747647657517
counter/3/0/0/0,3993:1747647652562:,1747647657517
counter/3/0/0/0,3994:1747647652562:,1747647657517
counter/3/0/0/0,3995:1747647652562:,1747647657517
counter/3/0/0/0,3996:1747647652562:,1747647657517
counter/3/0/0/0,3997:1747647652562:,1747647657517
counter/2/0/0/0,3603:1747647652143:,1747647657518
counter/2/0/0/0,3604:1747647652143:,1747647657518
counter/2/0/0/0,3605:1747647652143:,1747647657518
counter/2/0/0/0,3606:1747647652143:,1747647657518
counter/3/0/0/0,3998:1747647652562:,1747647657519
counter/4/0/0/0,4143:1747647653007:,1747647657520
counter/5/0/0/0,3838:1747647652471:,1747647657521
counter/2/0/0/0,3607:1747647652153:,1747647657522
counter/5/0/0/0,3839:1747647652471:,1747647657522
counter/8/0/0/0,4170:1747647652435:,1747647657522
counter/8/0/0/0,4171:1747647652435:,1747647657523
counter/8/0/0/0,4172:1747647652435:,1747647657523
counter/8/0/0/0,4173:1747647652435:,1747647657523
counter/8/0/0/0,4174:1747647652436:,1747647657523
counter/1/0/0/0,4123:1747647653072:,1747647657523
counter/10/0/0/0,3533:1747647652554:,1747647657524
counter/10/0/0/0,3534:1747647652554:,1747647657525
counter/10/0/0/0,3535:1747647652554:,1747647657525
counter/10/0/0/0,3536:1747647652554:,1747647657525
counter/10/0/0/0,3537:1747647652554:,1747647657525
counter/10/0/0/0,3538:1747647652554:,1747647657525
counter/10/0/0/0,3539:1747647652554:,1747647657525
counter/10/0/0/0,3540:1747647652554:,1747647657525
counter/10/0/0/0,3541:1747647652554:,1747647657525
counter/10/0/0/0,3542:1747647652554:,1747647657525
counter/4/0/0/0,4144:1747647653007:,1747647657525
counter/2/0/0/0,3608:1747647652155:,1747647657526
counter/1/0/0/0,4124:1747647653072:,1747647657528
counter/7/0/0/0,3803:1747647652781:,1747647657530
counter/2/0/0/0,3609:1747647652155:,1747647657531
counter/5/0/0/0,3840:1747647652471:,1747647657532
counter/3/0/0/0,3999:1747647652562:,1747647657533
counter/3/0/0/0,4000:1747647652562:,1747647657533
counter/8/0/0/0,4175:1747647652436:,1747647657534
counter/8/0/0/0,4176:1747647652436:,1747647657534
counter/8/0/0/0,4177:1747647652436:,1747647657534
counter/8/0/0/0,4178:1747647652436:,1747647657534
counter/8/0/0/0,4179:1747647652436:,1747647657534
counter/8/0/0/0,4180:1747647652436:,1747647657534
counter/8/0/0/0,4181:1747647652436:,1747647657534
counter/8/0/0/0,4182:1747647652436:,1747647657534
counter/8/0/0/0,4183:1747647652436:,1747647657534
counter/3/0/0/0,4001:1747647652562:,1747647657534
counter/8/0/0/0,4184:1747647652436:,1747647657534
counter/8/0/0/0,4185:1747647652440:,1747647657534
counter/8/0/0/0,4186:1747647652440:,1747647657534
counter/5/0/0/0,3841:1747647652471:,1747647657534
counter/8/0/0/0,4187:1747647652440:,1747647657535
counter/2/0/0/0,3610:1747647652155:,1747647657535
counter/8/0/0/0,4188:1747647652440:,1747647657535
counter/8/0/0/0,4189:1747647652440:,1747647657537
counter/10/0/0/0,3543:1747647652554:,1747647657537
counter/9/0/0/0,4076:1747647652832:,1747647657538
counter/5/0/0/0,3842:1747647652471:,1747647657538
counter/5/0/0/0,3843:1747647652471:,1747647657538
counter/5/0/0/0,3844:1747647652471:,1747647657538
counter/5/0/0/0,3845:1747647652471:,1747647657538
counter/5/0/0/0,3846:1747647652471:,1747647657538
counter/5/0/0/0,3847:1747647652471:,1747647657538
counter/5/0/0/0,3848:1747647652471:,1747647657538
counter/5/0/0/0,3849:1747647652473:,1747647657538
counter/5/0/0/0,3850:1747647652473:,1747647657538
counter/7/0/0/0,3804:1747647652783:,1747647657539
counter/7/0/0/0,3805:1747647652783:,1747647657539
counter/8/0/0/0,4190:1747647652440:,1747647657540
counter/8/0/0/0,4191:1747647652440:,1747647657540
counter/2/0/0/0,3611:1747647652155:,1747647657540
counter/2/0/0/0,3612:1747647652155:,1747647657540
counter/2/0/0/0,3613:1747647652162:,1747647657540
counter/2/0/0/0,3614:1747647652162:,1747647657540
counter/2/0/0/0,3615:1747647652162:,1747647657540
counter/2/0/0/0,3616:1747647652162:,1747647657540
counter/4/0/0/0,4145:1747647653007:,1747647657540
counter/1/0/0/0,4125:1747647653072:,1747647657541
counter/1/0/0/0,4126:1747647653072:,1747647657541
counter/3/0/0/0,4002:1747647652562:,1747647657542
counter/7/0/0/0,3806:1747647652783:,1747647657543
counter/8/0/0/0,4192:1747647652441:,1747647657545
counter/8/0/0/0,4193:1747647652441:,1747647657545
counter/4/0/0/0,4146:1747647653008:,1747647657545
counter/4/0/0/0,4147:1747647653008:,1747647657545
counter/4/0/0/0,4148:1747647653008:,1747647657545
counter/2/0/0/0,3617:1747647652162:,1747647657546
counter/8/0/0/0,4194:1747647652441:,1747647657548
counter/4/0/0/0,4149:1747647653008:,1747647657550
counter/4/0/0/0,4150:1747647653008:,1747647657550
counter/4/0/0/0,4151:1747647653008:,1747647657550
counter/4/0/0/0,4152:1747647653008:,1747647657550
counter/10/0/0/0,3544:1747647652554:,1747647657551
counter/7/0/0/0,3807:1747647652783:,1747647657551
counter/9/0/0/0,4077:1747647652832:,1747647657551
counter/8/0/0/0,4195:1747647652441:,1747647657552
counter/9/0/0/0,4078:1747647652832:,1747647657552
counter/8/0/0/0,4196:1747647652441:,1747647657552
counter/8/0/0/0,4197:1747647652441:,1747647657552
counter/8/0/0/0,4198:1747647652441:,1747647657552
counter/2/0/0/0,3618:1747647652162:,1747647657552
counter/8/0/0/0,4199:1747647652441:,1747647657552
counter/2/0/0/0,3619:1747647652162:,1747647657552
counter/8/0/0/0,4200:1747647652441:,1747647657552
counter/8/0/0/0,4201:1747647652441:,1747647657552
counter/8/0/0/0,4202:1747647652441:,1747647657552
counter/8/0/0/0,4203:1747647652446:,1747647657552
counter/2/0/0/0,3620:1747647652162:,1747647657552
counter/7/0/0/0,3808:1747647652783:,1747647657552
counter/3/0/0/0,4003:1747647652562:,1747647657552
counter/6/0/0/0,3647:1747647652992:,1747647657552
counter/3/0/0/0,4004:1747647652562:,1747647657552
counter/3/0/0/0,4005:1747647652562:,1747647657554
counter/4/0/0/0,4153:1747647653008:,1747647657554
counter/9/0/0/0,4079:1747647652832:,1747647657554
counter/5/0/0/0,3851:1747647652473:,1747647657554
counter/9/0/0/0,4080:1747647652832:,1747647657555
counter/5/0/0/0,3852:1747647652473:,1747647657555
counter/7/0/0/0,3809:1747647652783:,1747647657555
counter/7/0/0/0,3810:1747647652783:,1747647657555
counter/7/0/0/0,3811:1747647652783:,1747647657555
counter/6/0/0/0,3648:1747647652992:,1747647657556
counter/6/0/0/0,3649:1747647652992:,1747647657556
counter/10/0/0/0,3545:1747647652554:,1747647657556
counter/10/0/0/0,3546:1747647652554:,1747647657556
counter/8/0/0/0,4204:1747647652447:,1747647657556
counter/5/0/0/0,3853:1747647652473:,1747647657556
counter/1/0/0/0,4127:1747647653073:,1747647657557
counter/6/0/0/0,3650:1747647652992:,1747647657557
counter/6/0/0/0,3651:1747647652992:,1747647657557
counter/6/0/0/0,3652:1747647652992:,1747647657557
counter/5/0/0/0,3854:1747647652474:,1747647657560
counter/8/0/0/0,4205:1747647652447:,1747647657560
counter/7/0/0/0,3812:1747647652783:,1747647657562
counter/7/0/0/0,3813:1747647652783:,1747647657562
counter/4/0/0/0,4154:1747647653008:,1747647657562
counter/7/0/0/0,3814:1747647652787:,1747647657562
counter/9/0/0/0,4081:1747647652846:,1747647657562
counter/9/0/0/0,4082:1747647652846:,1747647657562
counter/9/0/0/0,4083:1747647652846:,1747647657562
counter/9/0/0/0,4084:1747647652846:,1747647657562
counter/9/0/0/0,4085:1747647652846:,1747647657562
counter/9/0/0/0,4086:1747647652846:,1747647657562
counter/8/0/0/0,4206:1747647652447:,1747647657562
counter/10/0/0/0,3547:1747647652554:,1747647657562
counter/4/0/0/0,4155:1747647653008:,1747647657562
counter/6/0/0/0,3653:1747647652992:,1747647657563
counter/8/0/0/0,4207:1747647652447:,1747647657563
counter/1/0/0/0,4128:1747647653073:,1747647657563
counter/8/0/0/0,4208:1747647652447:,1747647657564
counter/10/0/0/0,3548:1747647652555:,1747647657564
counter/1/0/0/0,4129:1747647653073:,1747647657572
counter/8/0/0/0,4209:1747647652447:,1747647657572
counter/8/0/0/0,4210:1747647652447:,1747647657572
counter/8/0/0/0,4211:1747647652447:,1747647657572
counter/8/0/0/0,4212:1747647652447:,1747647657572
counter/8/0/0/0,4213:1747647652452:,1747647657573
counter/8/0/0/0,4214:1747647652452:,1747647657573
counter/9/0/0/0,4087:1747647652846:,1747647657573
counter/9/0/0/0,4088:1747647652846:,1747647657573
counter/9/0/0/0,4089:1747647652846:,1747647657573
counter/9/0/0/0,4090:1747647652846:,1747647657573
counter/9/0/0/0,4091:1747647652847:,1747647657573
counter/9/0/0/0,4092:1747647652847:,1747647657573
counter/2/0/0/0,3621:1747647652162:,1747647657573
counter/10/0/0/0,3549:1747647652555:,1747647657573
counter/2/0/0/0,3622:1747647652162:,1747647657574
counter/4/0/0/0,4156:1747647653008:,1747647657575
counter/4/0/0/0,4157:1747647653008:,1747647657575
counter/4/0/0/0,4158:1747647653008:,1747647657575
counter/4/0/0/0,4159:1747647653008:,1747647657575
counter/7/0/0/0,3815:1747647652787:,1747647657575
counter/4/0/0/0,4160:1747647653008:,1747647657575
counter/7/0/0/0,3816:1747647652792:,1747647657575
counter/4/0/0/0,4161:1747647653008:,1747647657575
counter/7/0/0/0,3817:1747647652792:,1747647657575
counter/7/0/0/0,3818:1747647652793:,1747647657578
counter/8/0/0/0,4215:1747647652452:,1747647657578
counter/9/0/0/0,4093:1747647652847:,1747647657579
counter/9/0/0/0,4094:1747647652848:,1747647657579
counter/9/0/0/0,4095:1747647652858:,1747647657579
counter/9/0/0/0,4096:1747647652858:,1747647657579
counter/9/0/0/0,4097:1747647652858:,1747647657579
counter/1/0/0/0,4130:1747647653074:,1747647657579
counter/1/0/0/0,4131:1747647653074:,1747647657579
counter/1/0/0/0,4132:1747647653074:,1747647657579
counter/1/0/0/0,4133:1747647653074:,1747647657579
counter/1/0/0/0,4134:1747647653074:,1747647657580
counter/1/0/0/0,4135:1747647653074:,1747647657580
counter/1/0/0/0,4136:1747647653074:,1747647657580
counter/1/0/0/0,4137:1747647653074:,1747647657580
counter/1/0/0/0,4138:1747647653074:,1747647657580
counter/10/0/0/0,3550:1747647652555:,1747647657580
counter/5/0/0/0,3855:1747647652474:,1747647657580
counter/1/0/0/0,4139:1747647653074:,1747647657580
counter/1/0/0/0,4140:1747647653074:,1747647657580
counter/1/0/0/0,4141:1747647653074:,1747647657580
counter/1/0/0/0,4142:1747647653074:,1747647657580
counter/1/0/0/0,4143:1747647653078:,1747647657580
counter/1/0/0/0,4144:1747647653078:,1747647657581
counter/1/0/0/0,4145:1747647653078:,1747647657581
counter/1/0/0/0,4146:1747647653078:,1747647657581
counter/10/0/0/0,3551:1747647652555:,1747647657581
counter/10/0/0/0,3552:1747647652555:,1747647657581
counter/10/0/0/0,3553:1747647652555:,1747647657581
counter/10/0/0/0,3554:1747647652555:,1747647657581
counter/10/0/0/0,3555:1747647652555:,1747647657581
counter/10/0/0/0,3556:1747647652558:,1747647657581
counter/10/0/0/0,3557:1747647652558:,1747647657581
counter/10/0/0/0,3558:1747647652558:,1747647657581
counter/10/0/0/0,3559:1747647652558:,1747647657581
counter/10/0/0/0,3560:1747647652558:,1747647657581
counter/4/0/0/0,4162:1747647653015:,1747647657582
counter/4/0/0/0,4163:1747647653015:,1747647657582
counter/4/0/0/0,4164:1747647653016:,1747647657582
counter/1/0/0/0,4147:1747647653078:,1747647657582
counter/10/0/0/0,3561:1747647652558:,1747647657582
counter/10/0/0/0,3562:1747647652559:,1747647657582
counter/10/0/0/0,3563:1747647652559:,1747647657582
counter/6/0/0/0,3654:1747647652992:,1747647657582
counter/6/0/0/0,3655:1747647652992:,1747647657582
counter/8/0/0/0,4216:1747647652452:,1747647657583
counter/8/0/0/0,4217:1747647652452:,1747647657583
counter/8/0/0/0,4218:1747647652452:,1747647657583
counter/10/0/0/0,3564:1747647652559:,1747647657583
counter/6/0/0/0,3656:1747647652992:,1747647657583
counter/5/0/0/0,3856:1747647652474:,1747647657584
counter/5/0/0/0,3857:1747647652474:,1747647657584
counter/5/0/0/0,3858:1747647652474:,1747647657584
counter/5/0/0/0,3859:1747647652474:,1747647657584
counter/5/0/0/0,3860:1747647652474:,1747647657584
counter/3/0/0/0,4006:1747647652562:,1747647657584
counter/5/0/0/0,3861:1747647652474:,1747647657584
counter/7/0/0/0,3819:1747647652793:,1747647657584
counter/7/0/0/0,3820:1747647652793:,1747647657584
counter/7/0/0/0,3821:1747647652793:,1747647657584
counter/7/0/0/0,3822:1747647652793:,1747647657584
counter/7/0/0/0,3823:1747647652793:,1747647657584
counter/1/0/0/0,4148:1747647653078:,1747647657584
counter/1/0/0/0,4149:1747647653078:,1747647657584
counter/10/0/0/0,3565:1747647652559:,1747647657584
counter/9/0/0/0,4098:1747647652858:,1747647657584
counter/10/0/0/0,3566:1747647652559:,1747647657585
counter/2/0/0/0,3623:1747647652162:,1747647657585
counter/4/0/0/0,4165:1747647653016:,1747647657585
counter/4/0/0/0,4166:1747647653016:,1747647657585
counter/4/0/0/0,4167:1747647653016:,1747647657585
counter/4/0/0/0,4168:1747647653016:,1747647657585
counter/4/0/0/0,4169:1747647653016:,1747647657585
counter/4/0/0/0,4170:1747647653016:,1747647657586
counter/9/0/0/0,4099:1747647652858:,1747647657586
counter/5/0/0/0,3862:1747647652474:,1747647657586
counter/8/0/0/0,4219:1747647652452:,1747647657587
counter/4/0/0/0,4171:1747647653016:,1747647657587
counter/4/0/0/0,4172:1747647653019:,1747647657587
counter/4/0/0/0,4173:1747647653020:,1747647657587
counter/4/0/0/0,4174:1747647653020:,1747647657587
counter/4/0/0/0,4175:1747647653020:,1747647657587
counter/4/0/0/0,4176:1747647653029:,1747647657587
counter/3/0/0/0,4007:1747647652563:,1747647657587
counter/5/0/0/0,3863:1747647652474:,1747647657587
counter/1/0/0/0,4150:1747647653078:,1747647657587
counter/1/0/0/0,4151:1747647653078:,1747647657587
counter/4/0/0/0,4177:1747647653044:,1747647657588
counter/3/0/0/0,4008:1747647652563:,1747647657588
counter/3/0/0/0,4009:1747647652579:,1747647657588
counter/10/0/0/0,3567:1747647652559:,1747647657588
counter/5/0/0/0,3864:1747647652474:,1747647657588
counter/5/0/0/0,3865:1747647652474:,1747647657588
counter/4/0/0/0,4178:1747647653044:,1747647657590
counter/4/0/0/0,4179:1747647653044:,1747647657590
counter/4/0/0/0,4180:1747647653044:,1747647657590
counter/4/0/0/0,4181:1747647653044:,1747647657590
counter/4/0/0/0,4182:1747647653044:,1747647657590
counter/4/0/0/0,4183:1747647653044:,1747647657590
counter/4/0/0/0,4184:1747647653044:,1747647657590
counter/4/0/0/0,4185:1747647653044:,1747647657590
counter/4/0/0/0,4186:1747647653044:,1747647657590
counter/5/0/0/0,3866:1747647652474:,1747647657590
counter/1/0/0/0,4152:1747647653078:,1747647657590
counter/1/0/0/0,4153:1747647653078:,1747647657590
counter/2/0/0/0,3624:1747647652163:,1747647657591
counter/2/0/0/0,3625:1747647652163:,1747647657592
counter/1/0/0/0,4154:1747647653078:,1747647657593
counter/3/0/0/0,4010:1747647652579:,1747647657593
counter/3/0/0/0,4011:1747647652579:,1747647657593
counter/3/0/0/0,4012:1747647652579:,1747647657593
counter/3/0/0/0,4013:1747647652579:,1747647657593
counter/3/0/0/0,4014:1747647652579:,1747647657593
counter/8/0/0/0,4220:1747647652452:,1747647657593
counter/1/0/0/0,4155:1747647653078:,1747647657595
counter/1/0/0/0,4156:1747647653078:,1747647657595
counter/2/0/0/0,3626:1747647652168:,1747647657595
counter/2/0/0/0,3627:1747647652168:,1747647657595
counter/5/0/0/0,3867:1747647652474:,1747647657595
counter/5/0/0/0,3868:1747647652474:,1747647657595
counter/7/0/0/0,3824:1747647652793:,1747647657595
counter/5/0/0/0,3869:1747647652475:,1747647657595
counter/5/0/0/0,3870:1747647652475:,1747647657595
counter/5/0/0/0,3871:1747647652475:,1747647657595
counter/5/0/0/0,3872:1747647652475:,1747647657595
counter/5/0/0/0,3873:1747647652475:,1747647657595
counter/5/0/0/0,3874:1747647652475:,1747647657596
counter/4/0/0/0,4187:1747647653044:,1747647657596
counter/5/0/0/0,3875:1747647652475:,1747647657596
counter/5/0/0/0,3876:1747647652475:,1747647657596
counter/5/0/0/0,3877:1747647652475:,1747647657596
counter/5/0/0/0,3878:1747647652475:,1747647657596
counter/5/0/0/0,3879:1747647652475:,1747647657596
counter/5/0/0/0,3880:1747647652476:,1747647657596
counter/5/0/0/0,3881:1747647652476:,1747647657596
counter/5/0/0/0,3882:1747647652476:,1747647657596
counter/8/0/0/0,4221:1747647652452:,1747647657596
counter/8/0/0/0,4222:1747647652452:,1747647657597
counter/2/0/0/0,3628:1747647652168:,1747647657597
counter/2/0/0/0,3629:1747647652168:,1747647657597
counter/2/0/0/0,3630:1747647652168:,1747647657597
counter/2/0/0/0,3631:1747647652168:,1747647657597
counter/4/0/0/0,4188:1747647653044:,1747647657598
counter/6/0/0/0,3657:1747647652992:,1747647657599
counter/4/0/0/0,4189:1747647653052:,1747647657599
counter/10/0/0/0,3568:1747647652559:,1747647657599
counter/10/0/0/0,3569:1747647652559:,1747647657599
counter/10/0/0/0,3570:1747647652559:,1747647657599
counter/8/0/0/0,4223:1747647652452:,1747647657600
counter/8/0/0/0,4224:1747647652452:,1747647657600
counter/8/0/0/0,4225:1747647652453:,1747647657600
counter/8/0/0/0,4226:1747647652453:,1747647657600
counter/8/0/0/0,4227:1747647652456:,1747647657600
counter/8/0/0/0,4228:1747647652457:,1747647657600
counter/8/0/0/0,4229:1747647652457:,1747647657600
counter/1/0/0/0,4157:1747647653078:,1747647657600
counter/3/0/0/0,4015:1747647652579:,1747647657600
counter/3/0/0/0,4016:1747647652582:,1747647657600
counter/3/0/0/0,4017:1747647652582:,1747647657600
counter/3/0/0/0,4018:1747647652582:,1747647657600
counter/3/0/0/0,4019:1747647652582:,1747647657600
counter/3/0/0/0,4020:1747647652582:,1747647657600
counter/2/0/0/0,3632:1747647652168:,1747647657600
counter/9/0/0/0,4100:1747647652859:,1747647657600
counter/2/0/0/0,3633:1747647652168:,1747647657600
counter/8/0/0/0,4230:1747647652457:,1747647657602
counter/8/0/0/0,4231:1747647652457:,1747647657602
counter/10/0/0/0,3571:1747647652559:,1747647657604
counter/6/0/0/0,3658:1747647652992:,1747647657604
counter/9/0/0/0,4101:1747647652859:,1747647657606
counter/10/0/0/0,3572:1747647652559:,1747647657607
counter/9/0/0/0,4102:1747647652860:,1747647657607
counter/9/0/0/0,4103:1747647652860:,1747647657607
counter/9/0/0/0,4104:1747647652860:,1747647657607
counter/9/0/0/0,4105:1747647652860:,1747647657607
counter/1/0/0/0,4158:1747647653078:,1747647657607
counter/9/0/0/0,4106:1747647652860:,1747647657607
counter/1/0/0/0,4159:1747647653078:,1747647657608
counter/9/0/0/0,4107:1747647652860:,1747647657608
counter/6/0/0/0,3659:1747647652992:,1747647657609
counter/3/0/0/0,4021:1747647652582:,1747647657610
counter/6/0/0/0,3660:1747647652992:,1747647657610
counter/4/0/0/0,4190:1747647653052:,1747647657610
counter/4/0/0/0,4191:1747647653052:,1747647657610
counter/6/0/0/0,3661:1747647652992:,1747647657610
counter/2/0/0/0,3634:1747647652168:,1747647657611
counter/3/0/0/0,4022:1747647652582:,1747647657611
counter/3/0/0/0,4023:1747647652582:,1747647657611
counter/3/0/0/0,4024:1747647652582:,1747647657611
counter/3/0/0/0,4025:1747647652582:,1747647657611
counter/3/0/0/0,4026:1747647652582:,1747647657611
counter/3/0/0/0,4027:1747647652582:,1747647657611
counter/6/0/0/0,3662:1747647652992:,1747647657612
counter/8/0/0/0,4232:1747647652457:,1747647657612
counter/6/0/0/0,3663:1747647652992:,1747647657612
counter/8/0/0/0,4233:1747647652457:,1747647657613
counter/8/0/0/0,4234:1747647652457:,1747647657613
counter/8/0/0/0,4235:1747647652457:,1747647657613
counter/3/0/0/0,4028:1747647652582:,1747647657614
counter/3/0/0/0,4029:1747647652582:,1747647657614
counter/3/0/0/0,4030:1747647652584:,1747647657614
counter/3/0/0/0,4031:1747647652584:,1747647657614
counter/10/0/0/0,3573:1747647652559:,1747647657614
counter/1/0/0/0,4160:1747647653078:,1747647657615
counter/5/0/0/0,3883:1747647652476:,1747647657615
counter/5/0/0/0,3884:1747647652476:,1747647657615
counter/5/0/0/0,3885:1747647652476:,1747647657615
counter/5/0/0/0,3886:1747647652476:,1747647657615
counter/9/0/0/0,4108:1747647652860:,1747647657615
counter/9/0/0/0,4109:1747647652860:,1747647657615
counter/9/0/0/0,4110:1747647652860:,1747647657615
counter/9/0/0/0,4111:1747647652860:,1747647657615
counter/4/0/0/0,4192:1747647653052:,1747647657615
counter/2/0/0/0,3635:1747647652168:,1747647657616
counter/3/0/0/0,4032:1747647652584:,1747647657616
counter/3/0/0/0,4033:1747647652584:,1747647657616
counter/2/0/0/0,3636:1747647652168:,1747647657616
counter/3/0/0/0,4034:1747647652584:,1747647657616
counter/3/0/0/0,4035:1747647652584:,1747647657616
counter/3/0/0/0,4036:1747647652584:,1747647657616
counter/3/0/0/0,4037:1747647652584:,1747647657616
counter/3/0/0/0,4038:1747647652584:,1747647657616
counter/8/0/0/0,4236:1747647652457:,1747647657617
counter/3/0/0/0,4039:1747647652584:,1747647657617
counter/3/0/0/0,4040:1747647652584:,1747647657617
counter/3/0/0/0,4041:1747647652584:,1747647657617
counter/3/0/0/0,4042:1747647652584:,1747647657617
counter/3/0/0/0,4043:1747647652584:,1747647657617
counter/7/0/0/0,3825:1747647652793:,1747647657617
counter/10/0/0/0,3574:1747647652559:,1747647657618
counter/5/0/0/0,3887:1747647652476:,1747647657619
counter/8/0/0/0,4237:1747647652457:,1747647657619
counter/8/0/0/0,4238:1747647652457:,1747647657619
counter/4/0/0/0,4193:1747647653052:,1747647657619
counter/2/0/0/0,3637:1747647652168:,1747647657621
counter/2/0/0/0,3638:1747647652168:,1747647657621
counter/2/0/0/0,3639:1747647652168:,1747647657621
counter/3/0/0/0,4044:1747647652594:,1747647657621
counter/8/0/0/0,4239:1747647652457:,1747647657621
counter/8/0/0/0,4240:1747647652462:,1747647657621
counter/8/0/0/0,4241:1747647652462:,1747647657621
counter/8/0/0/0,4242:1747647652462:,1747647657621
counter/8/0/0/0,4243:1747647652462:,1747647657621
counter/8/0/0/0,4244:1747647652462:,1747647657622
counter/6/0/0/0,3664:1747647652992:,1747647657622
counter/6/0/0/0,3665:1747647652995:,1747647657622
counter/6/0/0/0,3666:1747647652995:,1747647657622
counter/6/0/0/0,3667:1747647652995:,1747647657622
counter/6/0/0/0,3668:1747647652995:,1747647657622
counter/6/0/0/0,3669:1747647652995:,1747647657622
counter/5/0/0/0,3888:1747647652476:,1747647657622
counter/5/0/0/0,3889:1747647652476:,1747647657622
counter/2/0/0/0,3640:1747647652168:,1747647657622
counter/1/0/0/0,4161:1747647653080:,1747647657622
counter/4/0/0/0,4194:1747647653052:,1747647657623
counter/2/0/0/0,3641:1747647652168:,1747647657625
counter/2/0/0/0,3642:1747647652168:,1747647657625
counter/2/0/0/0,3643:1747647652168:,1747647657625
counter/2/0/0/0,3644:1747647652168:,1747647657625
counter/2/0/0/0,3645:1747647652168:,1747647657625
counter/2/0/0/0,3646:1747647652169:,1747647657625
counter/4/0/0/0,4195:1747647653052:,1747647657626
counter/4/0/0/0,4196:1747647653052:,1747647657626
counter/10/0/0/0,3575:1747647652559:,1747647657627
counter/4/0/0/0,4197:1747647653057:,1747647657627
counter/2/0/0/0,3647:1747647652169:,1747647657627
counter/2/0/0/0,3648:1747647652169:,1747647657627
counter/2/0/0/0,3649:1747647652169:,1747647657627
counter/2/0/0/0,3650:1747647652169:,1747647657628
counter/9/0/0/0,4112:1747647652860:,1747647657629
counter/9/0/0/0,4113:1747647652860:,1747647657629
counter/9/0/0/0,4114:1747647652861:,1747647657629
counter/9/0/0/0,4115:1747647652861:,1747647657629
counter/7/0/0/0,3826:1747647652793:,1747647657629
counter/8/0/0/0,4245:1747647652462:,1747647657629
counter/7/0/0/0,3827:1747647652794:,1747647657630
counter/7/0/0/0,3828:1747647652794:,1747647657630
counter/8/0/0/0,4246:1747647652462:,1747647657631
counter/3/0/0/0,4045:1747647652594:,1747647657631
counter/4/0/0/0,4198:1747647653057:,1747647657631
counter/7/0/0/0,3829:1747647652794:,1747647657631
counter/7/0/0/0,3830:1747647652794:,1747647657631
counter/7/0/0/0,3831:1747647652794:,1747647657631
counter/5/0/0/0,3890:1747647652476:,1747647657631
counter/9/0/0/0,4116:1747647652861:,1747647657631
counter/6/0/0/0,3670:1747647652995:,1747647657632
counter/4/0/0/0,4199:1747647653057:,1747647657632
counter/6/0/0/0,3671:1747647652995:,1747647657632
counter/7/0/0/0,3832:1747647652794:,1747647657632
counter/6/0/0/0,3672:1747647652995:,1747647657632
counter/7/0/0/0,3833:1747647652794:,1747647657632
counter/7/0/0/0,3834:1747647652794:,1747647657632
counter/1/0/0/0,4162:1747647653081:,1747647657633
counter/1/0/0/0,4163:1747647653081:,1747647657633
counter/1/0/0/0,4164:1747647653081:,1747647657633
counter/1/0/0/0,4165:1747647653081:,1747647657633
counter/1/0/0/0,4166:1747647653083:,1747647657634
counter/1/0/0/0,4167:1747647653083:,1747647657634
counter/1/0/0/0,4168:1747647653083:,1747647657634
counter/1/0/0/0,4169:1747647653083:,1747647657634
counter/1/0/0/0,4170:1747647653083:,1747647657634
counter/1/0/0/0,4171:1747647653083:,1747647657634
counter/1/0/0/0,4172:1747647653083:,1747647657634
counter/1/0/0/0,4173:1747647653084:,1747647657634
counter/1/0/0/0,4174:1747647653084:,1747647657634
counter/1/0/0/0,4175:1747647653084:,1747647657634
counter/1/0/0/0,4176:1747647653084:,1747647657634
counter/1/0/0/0,4177:1747647653084:,1747647657634
counter/1/0/0/0,4178:1747647653084:,1747647657634
counter/1/0/0/0,4179:1747647653084:,1747647657634
counter/6/0/0/0,3673:1747647652995:,1747647657634
counter/6/0/0/0,3674:1747647652995:,1747647657634
counter/7/0/0/0,3835:1747647652795:,1747647657634
counter/1/0/0/0,4180:1747647653084:,1747647657634
counter/1/0/0/0,4181:1747647653084:,1747647657634
counter/1/0/0/0,4182:1747647653084:,1747647657635
counter/1/0/0/0,4183:1747647653084:,1747647657635
counter/1/0/0/0,4184:1747647653088:,1747647657635
counter/1/0/0/0,4185:1747647653088:,1747647657635
counter/1/0/0/0,4186:1747647653088:,1747647657635
counter/4/0/0/0,4200:1747647653057:,1747647657635
counter/1/0/0/0,4187:1747647653088:,1747647657635
counter/1/0/0/0,4188:1747647653088:,1747647657635
counter/1/0/0/0,4189:1747647653088:,1747647657635
counter/1/0/0/0,4190:1747647653088:,1747647657635
counter/1/0/0/0,4191:1747647653088:,1747647657635
counter/1/0/0/0,4192:1747647653088:,1747647657635
counter/1/0/0/0,4193:1747647653088:,1747647657635
counter/1/0/0/0,4194:1747647653088:,1747647657635
counter/1/0/0/0,4195:1747647653088:,1747647657635
counter/1/0/0/0,4196:1747647653100:,1747647657635
counter/3/0/0/0,4046:1747647652594:,1747647657635
counter/3/0/0/0,4047:1747647652594:,1747647657635
counter/10/0/0/0,3576:1747647652559:,1747647657636
counter/3/0/0/0,4048:1747647652594:,1747647657637
counter/10/0/0/0,3577:1747647652559:,1747647657637
counter/10/0/0/0,3578:1747647652559:,1747647657637
counter/10/0/0/0,3579:1747647652559:,1747647657638
counter/10/0/0/0,3580:1747647652559:,1747647657638
counter/10/0/0/0,3581:1747647652559:,1747647657638
counter/2/0/0/0,3651:1747647652169:,1747647657638
counter/10/0/0/0,3582:1747647652559:,1747647657638
counter/10/0/0/0,3583:1747647652563:,1747647657638
counter/10/0/0/0,3584:1747647652563:,1747647657638
counter/5/0/0/0,3891:1747647652477:,1747647657640
counter/10/0/0/0,3585:1747647652563:,1747647657640
counter/6/0/0/0,3675:1747647652995:,1747647657640
counter/2/0/0/0,3652:1747647652169:,1747647657640
counter/8/0/0/0,4247:1747647652462:,1747647657642
counter/4/0/0/0,4201:1747647653057:,1747647657642
counter/4/0/0/0,4202:1747647653057:,1747647657642
counter/4/0/0/0,4203:1747647653057:,1747647657642
counter/4/0/0/0,4204:1747647653057:,1747647657642
counter/4/0/0/0,4205:1747647653057:,1747647657642
counter/1/0/0/0,4197:1747647653101:,1747647657644
counter/2/0/0/0,3653:1747647652169:,1747647657645
counter/9/0/0/0,4117:1747647652861:,1747647657645
counter/9/0/0/0,4118:1747647652861:,1747647657645
counter/9/0/0/0,4119:1747647652861:,1747647657645
counter/9/0/0/0,4120:1747647652861:,1747647657646
counter/9/0/0/0,4121:1747647652867:,1747647657646
counter/9/0/0/0,4122:1747647652867:,1747647657646
counter/9/0/0/0,4123:1747647652867:,1747647657646
counter/4/0/0/0,4206:1747647653057:,1747647657646
counter/9/0/0/0,4124:1747647652867:,1747647657646
counter/4/0/0/0,4207:1747647653057:,1747647657646
counter/9/0/0/0,4125:1747647652867:,1747647657646
counter/4/0/0/0,4208:1747647653057:,1747647657646
counter/4/0/0/0,4209:1747647653057:,1747647657646
counter/4/0/0/0,4210:1747647653057:,1747647657646
counter/4/0/0/0,4211:1747647653057:,1747647657646
counter/3/0/0/0,4049:1747647652594:,1747647657646
counter/1/0/0/0,4198:1747647653101:,1747647657646
counter/1/0/0/0,4199:1747647653101:,1747647657646
counter/1/0/0/0,4200:1747647653101:,1747647657646
counter/10/0/0/0,3586:1747647652563:,1747647657647
counter/10/0/0/0,3587:1747647652563:,1747647657647
counter/10/0/0/0,3588:1747647652563:,1747647657647
counter/10/0/0/0,3589:1747647652563:,1747647657647
counter/10/0/0/0,3590:1747647652563:,1747647657647
counter/10/0/0/0,3591:1747647652563:,1747647657647
counter/10/0/0/0,3592:1747647652563:,1747647657647
counter/10/0/0/0,3593:1747647652563:,1747647657647
counter/10/0/0/0,3594:1747647652563:,1747647657647
counter/2/0/0/0,3654:1747647652169:,1747647657647
counter/3/0/0/0,4050:1747647652594:,1747647657647
counter/2/0/0/0,3655:1747647652169:,1747647657647
counter/3/0/0/0,4051:1747647652594:,1747647657647
counter/10/0/0/0,3595:1747647652563:,1747647657648
counter/2/0/0/0,3656:1747647652171:,1747647657648
counter/3/0/0/0,4052:1747647652594:,1747647657648
counter/8/0/0/0,4248:1747647652462:,1747647657648
counter/8/0/0/0,4249:1747647652462:,1747647657648
counter/8/0/0/0,4250:1747647652462:,1747647657648
counter/8/0/0/0,4251:1747647652462:,1747647657648
counter/8/0/0/0,4252:1747647652463:,1747647657648
counter/8/0/0/0,4253:1747647652478:,1747647657648
counter/8/0/0/0,4254:1747647652478:,1747647657648
counter/8/0/0/0,4255:1747647652478:,1747647657648
counter/8/0/0/0,4256:1747647652478:,1747647657648
counter/8/0/0/0,4257:1747647652478:,1747647657649
counter/8/0/0/0,4258:1747647652479:,1747647657649
counter/8/0/0/0,4259:1747647652479:,1747647657649
counter/8/0/0/0,4260:1747647652479:,1747647657649
counter/4/0/0/0,4212:1747647653057:,1747647657649
counter/7/0/0/0,3836:1747647652795:,1747647657649
counter/10/0/0/0,3596:1747647652563:,1747647657650
counter/9/0/0/0,4126:1747647652868:,1747647657650
counter/9/0/0/0,4127:1747647652870:,1747647657651
counter/9/0/0/0,4128:1747647652871:,1747647657651
counter/9/0/0/0,4129:1747647652871:,1747647657651
counter/2/0/0/0,3657:1747647652171:,1747647657651
counter/4/0/0/0,4213:1747647653058:,1747647657651
counter/2/0/0/0,3658:1747647652171:,1747647657651
counter/7/0/0/0,3837:1747647652795:,1747647657651
counter/7/0/0/0,3838:1747647652795:,1747647657651
counter/7/0/0/0,3839:1747647652795:,1747647657651
counter/7/0/0/0,3840:1747647652795:,1747647657651
counter/1/0/0/0,4201:1747647653101:,1747647657651
counter/1/0/0/0,4202:1747647653101:,1747647657651
counter/7/0/0/0,3841:1747647652795:,1747647657652
counter/7/0/0/0,3842:1747647652795:,1747647657653
counter/5/0/0/0,3892:1747647652477:,1747647657653
counter/5/0/0/0,3893:1747647652477:,1747647657653
counter/5/0/0/0,3894:1747647652477:,1747647657654
counter/8/0/0/0,4261:1747647652479:,1747647657654
counter/8/0/0/0,4262:1747647652479:,1747647657654
counter/8/0/0/0,4263:1747647652479:,1747647657654
counter/3/0/0/0,4053:1747647652594:,1747647657654
counter/3/0/0/0,4054:1747647652594:,1747647657654
counter/3/0/0/0,4055:1747647652594:,1747647657654
counter/3/0/0/0,4056:1747647652594:,1747647657654
counter/9/0/0/0,4130:1747647652871:,1747647657654
counter/8/0/0/0,4264:1747647652479:,1747647657654
counter/10/0/0/0,3597:1747647652563:,1747647657655
counter/4/0/0/0,4214:1747647653058:,1747647657655
counter/1/0/0/0,4203:1747647653101:,1747647657658
counter/1/0/0/0,4204:1747647653101:,1747647657658
counter/1/0/0/0,4205:1747647653101:,1747647657658
counter/1/0/0/0,4206:1747647653101:,1747647657658
counter/1/0/0/0,4207:1747647653101:,1747647657658
counter/3/0/0/0,4057:1747647652594:,1747647657658
counter/8/0/0/0,4265:1747647652480:,1747647657658
counter/8/0/0/0,4266:1747647652480:,1747647657658
counter/8/0/0/0,4267:1747647652480:,1747647657658
counter/8/0/0/0,4268:1747647652480:,1747647657658
counter/8/0/0/0,4269:1747647652480:,1747647657658
counter/8/0/0/0,4270:1747647652480:,1747647657658
counter/6/0/0/0,3676:1747647652995:,1747647657659
counter/9/0/0/0,4131:1747647652871:,1747647657659
counter/3/0/0/0,4058:1747647652594:,1747647657661
counter/8/0/0/0,4271:1747647652480:,1747647657661
counter/8/0/0/0,4272:1747647652480:,1747647657661
counter/8/0/0/0,4273:1747647652486:,1747647657661
counter/2/0/0/0,3659:1747647652171:,1747647657661
counter/2/0/0/0,3660:1747647652171:,1747647657661
counter/6/0/0/0,3677:1747647652995:,1747647657661
counter/6/0/0/0,3678:1747647652995:,1747647657661
counter/6/0/0/0,3679:1747647652995:,1747647657661
counter/5/0/0/0,3895:1747647652477:,1747647657661
counter/4/0/0/0,4215:1747647653058:,1747647657662
counter/8/0/0/0,4274:1747647652486:,1747647657662
counter/9/0/0/0,4132:1747647652871:,1747647657662
counter/1/0/0/0,4208:1747647653101:,1747647657663
counter/7/0/0/0,3843:1747647652795:,1747647657664
counter/7/0/0/0,3844:1747647652795:,1747647657664
counter/7/0/0/0,3845:1747647652795:,1747647657664
counter/7/0/0/0,3846:1747647652795:,1747647657664
counter/1/0/0/0,4209:1747647653101:,1747647657664
counter/10/0/0/0,3598:1747647652563:,1747647657664
counter/10/0/0/0,3599:1747647652563:,1747647657664
counter/10/0/0/0,3600:1747647652563:,1747647657664
counter/10/0/0/0,3601:1747647652563:,1747647657664
counter/10/0/0/0,3602:1747647652563:,1747647657664
counter/10/0/0/0,3603:1747647652563:,1747647657664
counter/10/0/0/0,3604:1747647652563:,1747647657664
counter/10/0/0/0,3605:1747647652563:,1747647657664
counter/10/0/0/0,3606:1747647652563:,1747647657664
counter/10/0/0/0,3607:1747647652567:,1747647657664
counter/6/0/0/0,3680:1747647652995:,1747647657664
counter/7/0/0/0,3847:1747647652795:,1747647657664
counter/6/0/0/0,3681:1747647652995:,1747647657664
counter/7/0/0/0,3848:1747647652795:,1747647657665
counter/6/0/0/0,3682:1747647652995:,1747647657665
counter/7/0/0/0,3849:1747647652795:,1747647657665
counter/6/0/0/0,3683:1747647652995:,1747647657666
counter/4/0/0/0,4216:1747647653058:,1747647657666
counter/6/0/0/0,3684:1747647652995:,1747647657666
counter/6/0/0/0,3685:1747647652995:,1747647657666
counter/6/0/0/0,3686:1747647652995:,1747647657666
counter/6/0/0/0,3687:1747647652995:,1747647657666
counter/6/0/0/0,3688:1747647652995:,1747647657666
counter/6/0/0/0,3689:1747647652995:,1747647657667
counter/6/0/0/0,3690:1747647652995:,1747647657667
counter/6/0/0/0,3691:1747647652995:,1747647657667
counter/6/0/0/0,3692:1747647652995:,1747647657667
counter/8/0/0/0,4275:1747647652490:,1747647657667
counter/2/0/0/0,3661:1747647652171:,1747647657667
counter/9/0/0/0,4133:1747647652871:,1747647657667
counter/6/0/0/0,3693:1747647652995:,1747647657667
counter/9/0/0/0,4134:1747647652871:,1747647657667
counter/1/0/0/0,4210:1747647653101:,1747647657669
counter/1/0/0/0,4211:1747647653101:,1747647657669
counter/1/0/0/0,4212:1747647653114:,1747647657669
counter/1/0/0/0,4213:1747647653114:,1747647657669
counter/2/0/0/0,3662:1747647652171:,1747647657669
counter/5/0/0/0,3896:1747647652477:,1747647657670
counter/3/0/0/0,4059:1747647652594:,1747647657670
counter/3/0/0/0,4060:1747647652594:,1747647657670
counter/3/0/0/0,4061:1747647652594:,1747647657670
counter/3/0/0/0,4062:1747647652594:,1747647657670
counter/9/0/0/0,4135:1747647652871:,1747647657671
counter/2/0/0/0,3663:1747647652171:,1747647657671
counter/3/0/0/0,4063:1747647652594:,1747647657671
counter/2/0/0/0,3664:1747647652171:,1747647657671
counter/2/0/0/0,3665:1747647652171:,1747647657671
counter/2/0/0/0,3666:1747647652172:,1747647657671
counter/4/0/0/0,4217:1747647653058:,1747647657671
counter/2/0/0/0,3667:1747647652172:,1747647657672
counter/4/0/0/0,4218:1747647653058:,1747647657672
counter/9/0/0/0,4136:1747647652875:,1747647657673
counter/6/0/0/0,3694:1747647652995:,1747647657673
counter/3/0/0/0,4064:1747647652594:,1747647657673
counter/7/0/0/0,3850:1747647652795:,1747647657673
counter/7/0/0/0,3851:1747647652795:,1747647657673
counter/7/0/0/0,3852:1747647652795:,1747647657673
counter/10/0/0/0,3608:1747647652567:,1747647657673
counter/4/0/0/0,4219:1747647653058:,1747647657673
counter/4/0/0/0,4220:1747647653058:,1747647657673
counter/4/0/0/0,4221:1747647653058:,1747647657673
counter/4/0/0/0,4222:1747647653058:,1747647657673
counter/4/0/0/0,4223:1747647653058:,1747647657673
counter/4/0/0/0,4224:1747647653058:,1747647657673
counter/4/0/0/0,4225:1747647653058:,1747647657673
counter/10/0/0/0,3609:1747647652567:,1747647657675
counter/2/0/0/0,3668:1747647652172:,1747647657675
counter/6/0/0/0,3695:1747647652995:,1747647657675
counter/9/0/0/0,4137:1747647652876:,1747647657676
counter/9/0/0/0,4138:1747647652876:,1747647657676
counter/9/0/0/0,4139:1747647652876:,1747647657676
counter/9/0/0/0,4140:1747647652876:,1747647657676
counter/9/0/0/0,4141:1747647652876:,1747647657676
counter/9/0/0/0,4142:1747647652876:,1747647657676
counter/10/0/0/0,3610:1747647652567:,1747647657676
counter/2/0/0/0,3669:1747647652172:,1747647657676
counter/4/0/0/0,4226:1747647653058:,1747647657677
counter/7/0/0/0,3853:1747647652795:,1747647657677
counter/3/0/0/0,4065:1747647652594:,1747647657677
counter/9/0/0/0,4143:1747647652876:,1747647657677
counter/3/0/0/0,4066:1747647652594:,1747647657677
counter/3/0/0/0,4067:1747647652594:,1747647657677
counter/10/0/0/0,3611:1747647652567:,1747647657678
counter/4/0/0/0,4227:1747647653058:,1747647657678
counter/8/0/0/0,4276:1747647652490:,1747647657678
counter/2/0/0/0,3670:1747647652173:,1747647657679
counter/5/0/0/0,3897:1747647652477:,1747647657680
counter/2/0/0/0,3671:1747647652173:,1747647657680
counter/8/0/0/0,4277:1747647652490:,1747647657681
counter/2/0/0/0,3672:1747647652173:,1747647657682
counter/5/0/0/0,3898:1747647652477:,1747647657682
counter/1/0/0/0,4214:1747647653114:,1747647657682
counter/1/0/0/0,4215:1747647653115:,1747647657682
counter/1/0/0/0,4216:1747647653115:,1747647657682
counter/1/0/0/0,4217:1747647653115:,1747647657682
counter/1/0/0/0,4218:1747647653115:,1747647657683
counter/1/0/0/0,4219:1747647653115:,1747647657683
counter/1/0/0/0,4220:1747647653115:,1747647657683
counter/7/0/0/0,3854:1747647652795:,1747647657683
counter/7/0/0/0,3855:1747647652795:,1747647657683
counter/3/0/0/0,4068:1747647652594:,1747647657683
counter/9/0/0/0,4144:1747647652876:,1747647657683
counter/1/0/0/0,4221:1747647653115:,1747647657683
counter/1/0/0/0,4222:1747647653116:,1747647657683
counter/1/0/0/0,4223:1747647653116:,1747647657684
counter/6/0/0/0,3696:1747647652995:,1747647657684
counter/6/0/0/0,3697:1747647652996:,1747647657684
counter/6/0/0/0,3698:1747647652996:,1747647657684
counter/6/0/0/0,3699:1747647652996:,1747647657684
counter/6/0/0/0,3700:1747647652996:,1747647657684
counter/6/0/0/0,3701:1747647652996:,1747647657684
counter/6/0/0/0,3702:1747647652996:,1747647657684
counter/6/0/0/0,3703:1747647652996:,1747647657684
counter/7/0/0/0,3856:1747647652795:,1747647657684
counter/2/0/0/0,3673:1747647652173:,1747647657684
counter/9/0/0/0,4145:1747647652876:,1747647657685
counter/1/0/0/0,4224:1747647653116:,1747647657685
counter/4/0/0/0,4228:1747647653058:,1747647657685
counter/1/0/0/0,4225:1747647653116:,1747647657685
counter/1/0/0/0,4226:1747647653116:,1747647657685
counter/1/0/0/0,4227:1747647653118:,1747647657685
counter/10/0/0/0,3612:1747647652568:,1747647657686
counter/1/0/0/0,4228:1747647653118:,1747647657686
counter/1/0/0/0,4229:1747647653119:,1747647657686
counter/1/0/0/0,4230:1747647653122:,1747647657686
counter/1/0/0/0,4231:1747647653122:,1747647657686
counter/1/0/0/0,4232:1747647653122:,1747647657686
counter/1/0/0/0,4233:1747647653122:,1747647657686
counter/1/0/0/0,4234:1747647653122:,1747647657686
counter/7/0/0/0,3857:1747647652795:,1747647657686
counter/1/0/0/0,4235:1747647653122:,1747647657686
counter/2/0/0/0,3674:1747647652173:,1747647657686
counter/4/0/0/0,4229:1747647653058:,1747647657686
counter/4/0/0/0,4230:1747647653060:,1747647657687
counter/4/0/0/0,4231:1747647653060:,1747647657687
counter/3/0/0/0,4069:1747647652594:,1747647657687
counter/3/0/0/0,4070:1747647652595:,1747647657687
counter/3/0/0/0,4071:1747647652595:,1747647657687
counter/3/0/0/0,4072:1747647652595:,1747647657687
counter/8/0/0/0,4278:1747647652490:,1747647657687
counter/7/0/0/0,3858:1747647652795:,1747647657687
counter/7/0/0/0,3859:1747647652795:,1747647657687
counter/7/0/0/0,3860:1747647652795:,1747647657687
counter/7/0/0/0,3861:1747647652796:,1747647657687
counter/2/0/0/0,3675:1747647652173:,1747647657687
counter/2/0/0/0,3676:1747647652173:,1747647657687
counter/2/0/0/0,3677:1747647652183:,1747647657687
counter/2/0/0/0,3678:1747647652183:,1747647657687
counter/5/0/0/0,3899:1747647652477:,1747647657688
counter/1/0/0/0,4236:1747647653122:,1747647657688
counter/1/0/0/0,4237:1747647653122:,1747647657688
counter/1/0/0/0,4238:1747647653123:,1747647657688
counter/1/0/0/0,4239:1747647653123:,1747647657688
counter/1/0/0/0,4240:1747647653123:,1747647657688
counter/1/0/0/0,4241:1747647653123:,1747647657688
counter/1/0/0/0,4242:1747647653123:,1747647657688
counter/1/0/0/0,4243:1747647653123:,1747647657688
counter/1/0/0/0,4244:1747647653123:,1747647657688
counter/1/0/0/0,4245:1747647653123:,1747647657688
counter/4/0/0/0,4232:1747647653060:,1747647657689
counter/8/0/0/0,4279:1747647652490:,1747647657689
counter/8/0/0/0,4280:1747647652490:,1747647657689
counter/10/0/0/0,3613:1747647652568:,1747647657689
counter/8/0/0/0,4281:1747647652490:,1747647657689
counter/10/0/0/0,3614:1747647652568:,1747647657689
counter/8/0/0/0,4282:1747647652490:,1747647657689
counter/10/0/0/0,3615:1747647652568:,1747647657689
counter/10/0/0/0,3616:1747647652568:,1747647657689
counter/10/0/0/0,3617:1747647652568:,1747647657689
counter/6/0/0/0,3704:1747647652996:,1747647657689
counter/10/0/0/0,3618:1747647652568:,1747647657689
counter/6/0/0/0,3705:1747647652996:,1747647657689
counter/10/0/0/0,3619:1747647652568:,1747647657689
counter/6/0/0/0,3706:1747647652996:,1747647657689
counter/2/0/0/0,3679:1747647652183:,1747647657690
counter/10/0/0/0,3620:1747647652568:,1747647657690
counter/2/0/0/0,3680:1747647652183:,1747647657690
counter/10/0/0/0,3621:1747647652572:,1747647657690
counter/2/0/0/0,3681:1747647652183:,1747647657690
counter/10/0/0/0,3622:1747647652572:,1747647657690
counter/2/0/0/0,3682:1747647652183:,1747647657690
counter/9/0/0/0,4146:1747647652876:,1747647657690
counter/6/0/0/0,3707:1747647652996:,1747647657690
counter/1/0/0/0,4246:1747647653124:,1747647657691
counter/9/0/0/0,4147:1747647652876:,1747647657691
counter/6/0/0/0,3708:1747647652996:,1747647657692
counter/6/0/0/0,3709:1747647652996:,1747647657692
counter/6/0/0/0,3710:1747647652996:,1747647657692
counter/3/0/0/0,4073:1747647652595:,1747647657692
counter/6/0/0/0,3711:1747647652996:,1747647657692
counter/1/0/0/0,4247:1747647653124:,1747647657692
counter/1/0/0/0,4248:1747647653125:,1747647657692
counter/4/0/0/0,4233:1747647653060:,1747647657692
counter/2/0/0/0,3683:1747647652185:,1747647657692
counter/9/0/0/0,4148:1747647652881:,1747647657692
counter/2/0/0/0,3684:1747647652186:,1747647657692
counter/8/0/0/0,4283:1747647652491:,1747647657692
counter/3/0/0/0,4074:1747647652595:,1747647657692
counter/3/0/0/0,4075:1747647652595:,1747647657692
counter/3/0/0/0,4076:1747647652595:,1747647657692
counter/1/0/0/0,4249:1747647653125:,1747647657693
counter/4/0/0/0,4234:1747647653060:,1747647657693
counter/4/0/0/0,4235:1747647653060:,1747647657693
counter/4/0/0/0,4236:1747647653060:,1747647657693
counter/4/0/0/0,4237:1747647653060:,1747647657694
counter/4/0/0/0,4238:1747647653060:,1747647657694
counter/4/0/0/0,4239:1747647653060:,1747647657694
counter/4/0/0/0,4240:1747647653060:,1747647657694
counter/8/0/0/0,4284:1747647652491:,1747647657694
counter/4/0/0/0,4241:1747647653060:,1747647657694
counter/8/0/0/0,4285:1747647652492:,1747647657694
counter/8/0/0/0,4286:1747647652492:,1747647657694
counter/8/0/0/0,4287:1747647652492:,1747647657694
counter/8/0/0/0,4288:1747647652492:,1747647657694
counter/7/0/0/0,3862:1747647652796:,1747647657694
counter/2/0/0/0,3685:1747647652186:,1747647657695
counter/2/0/0/0,3686:1747647652186:,1747647657695
counter/2/0/0/0,3687:1747647652186:,1747647657695
counter/1/0/0/0,4250:1747647653125:,1747647657695
counter/5/0/0/0,3900:1747647652477:,1747647657695
counter/8/0/0/0,4289:1747647652492:,1747647657695
counter/8/0/0/0,4290:1747647652492:,1747647657695
counter/8/0/0/0,4291:1747647652500:,1747647657695
counter/8/0/0/0,4292:1747647652502:,1747647657695
counter/7/0/0/0,3863:1747647652796:,1747647657696
counter/8/0/0/0,4293:1747647652502:,1747647657696
counter/7/0/0/0,3864:1747647652796:,1747647657696
counter/8/0/0/0,4294:1747647652502:,1747647657696
counter/7/0/0/0,3865:1747647652796:,1747647657696
counter/7/0/0/0,3866:1747647652796:,1747647657696
counter/7/0/0/0,3867:1747647652796:,1747647657696
counter/3/0/0/0,4077:1747647652595:,1747647657696
counter/5/0/0/0,3901:1747647652477:,1747647657696
counter/10/0/0/0,3623:1747647652572:,1747647657696
counter/10/0/0/0,3624:1747647652572:,1747647657696
counter/10/0/0/0,3625:1747647652572:,1747647657696
counter/10/0/0/0,3626:1747647652572:,1747647657696
counter/9/0/0/0,4149:1747647652881:,1747647657697
counter/9/0/0/0,4150:1747647652881:,1747647657698
counter/2/0/0/0,3688:1747647652186:,1747647657698
counter/4/0/0/0,4242:1747647653060:,1747647657699
counter/6/0/0/0,3712:1747647652996:,1747647657700
counter/6/0/0/0,3713:1747647652996:,1747647657700
counter/6/0/0/0,3714:1747647652996:,1747647657700
counter/6/0/0/0,3715:1747647652997:,1747647657700
counter/6/0/0/0,3716:1747647652998:,1747647657700
counter/6/0/0/0,3717:1747647652998:,1747647657700
counter/6/0/0/0,3718:1747647652998:,1747647657700
counter/4/0/0/0,4243:1747647653060:,1747647657700
counter/6/0/0/0,3719:1747647652998:,1747647657700
counter/6/0/0/0,3720:1747647652998:,1747647657700
counter/1/0/0/0,4251:1747647653125:,1747647657700
counter/6/0/0/0,3721:1747647652998:,1747647657700
counter/6/0/0/0,3722:1747647652998:,1747647657700
counter/6/0/0/0,3723:1747647652998:,1747647657700
counter/6/0/0/0,3724:1747647652998:,1747647657700
counter/6/0/0/0,3725:1747647652998:,1747647657700
counter/6/0/0/0,3726:1747647652998:,1747647657701
counter/9/0/0/0,4151:1747647652881:,1747647657701
counter/6/0/0/0,3727:1747647652998:,1747647657701
counter/9/0/0/0,4152:1747647652881:,1747647657701
counter/6/0/0/0,3728:1747647652998:,1747647657701
counter/9/0/0/0,4153:1747647652881:,1747647657701
counter/10/0/0/0,3627:1747647652572:,1747647657701
counter/7/0/0/0,3868:1747647652796:,1747647657701
counter/3/0/0/0,4078:1747647652595:,1747647657701
counter/3/0/0/0,4079:1747647652595:,1747647657701
counter/10/0/0/0,3628:1747647652572:,1747647657702
counter/10/0/0/0,3629:1747647652572:,1747647657702
counter/4/0/0/0,4244:1747647653061:,1747647657702
counter/10/0/0/0,3630:1747647652573:,1747647657702
counter/4/0/0/0,4245:1747647653061:,1747647657702
counter/10/0/0/0,3631:1747647652573:,1747647657702
counter/4/0/0/0,4246:1747647653061:,1747647657702
counter/10/0/0/0,3632:1747647652573:,1747647657702
counter/4/0/0/0,4247:1747647653061:,1747647657702
counter/4/0/0/0,4248:1747647653061:,1747647657702
counter/4/0/0/0,4249:1747647653061:,1747647657702
counter/4/0/0/0,4250:1747647653061:,1747647657702
counter/4/0/0/0,4251:1747647653061:,1747647657702
counter/4/0/0/0,4252:1747647653061:,1747647657702
counter/2/0/0/0,3689:1747647652186:,1747647657702
counter/2/0/0/0,3690:1747647652186:,1747647657702
counter/2/0/0/0,3691:1747647652186:,1747647657702
counter/2/0/0/0,3692:1747647652186:,1747647657703
counter/2/0/0/0,3693:1747647652186:,1747647657703
counter/2/0/0/0,3694:1747647652186:,1747647657703
counter/2/0/0/0,3695:1747647652186:,1747647657703
counter/1/0/0/0,4252:1747647653125:,1747647657703
counter/2/0/0/0,3696:1747647652187:,1747647657703
counter/2/0/0/0,3697:1747647652187:,1747647657703
counter/2/0/0/0,3698:1747647652187:,1747647657704
counter/10/0/0/0,3633:1747647652573:,1747647657705
counter/6/0/0/0,3729:1747647652998:,1747647657706
counter/2/0/0/0,3699:1747647652187:,1747647657706
counter/2/0/0/0,3700:1747647652187:,1747647657706
counter/2/0/0/0,3701:1747647652187:,1747647657706
counter/2/0/0/0,3702:1747647652187:,1747647657706
counter/2/0/0/0,3703:1747647652187:,1747647657706
counter/2/0/0/0,3704:1747647652187:,1747647657706
counter/2/0/0/0,3705:1747647652187:,1747647657706
counter/3/0/0/0,4080:1747647652599:,1747647657706
counter/2/0/0/0,3706:1747647652187:,1747647657706
counter/2/0/0/0,3707:1747647652187:,1747647657706
counter/2/0/0/0,3708:1747647652187:,1747647657706
counter/4/0/0/0,4253:1747647653063:,1747647657706
counter/4/0/0/0,4254:1747647653063:,1747647657706
counter/4/0/0/0,4255:1747647653063:,1747647657706
counter/4/0/0/0,4256:1747647653063:,1747647657706
counter/1/0/0/0,4253:1747647653125:,1747647657707
counter/1/0/0/0,4254:1747647653126:,1747647657707
counter/1/0/0/0,4255:1747647653126:,1747647657707
counter/1/0/0/0,4256:1747647653126:,1747647657707
counter/1/0/0/0,4257:1747647653126:,1747647657707
counter/1/0/0/0,4258:1747647653126:,1747647657707
counter/1/0/0/0,4259:1747647653126:,1747647657707
counter/5/0/0/0,3902:1747647652477:,1747647657707
counter/5/0/0/0,3903:1747647652477:,1747647657707
counter/10/0/0/0,3634:1747647652573:,1747647657707
counter/5/0/0/0,3904:1747647652477:,1747647657707
counter/5/0/0/0,3905:1747647652479:,1747647657707
counter/5/0/0/0,3906:1747647652479:,1747647657707
counter/5/0/0/0,3907:1747647652479:,1747647657707
counter/5/0/0/0,3908:1747647652479:,1747647657708
counter/5/0/0/0,3909:1747647652479:,1747647657708
counter/5/0/0/0,3910:1747647652479:,1747647657708
counter/5/0/0/0,3911:1747647652479:,1747647657708
counter/5/0/0/0,3912:1747647652479:,1747647657708
counter/4/0/0/0,4257:1747647653063:,1747647657708
counter/5/0/0/0,3913:1747647652480:,1747647657708
counter/2/0/0/0,3709:1747647652188:,1747647657708
counter/2/0/0/0,3710:1747647652188:,1747647657708
counter/2/0/0/0,3711:1747647652188:,1747647657708
counter/2/0/0/0,3712:1747647652188:,1747647657708
counter/2/0/0/0,3713:1747647652188:,1747647657708
counter/3/0/0/0,4081:1747647652599:,1747647657708
counter/2/0/0/0,3714:1747647652188:,1747647657708
counter/1/0/0/0,4260:1747647653126:,1747647657708
counter/1/0/0/0,4261:1747647653126:,1747647657708
counter/1/0/0/0,4262:1747647653126:,1747647657708
counter/10/0/0/0,3635:1747647652573:,1747647657708
counter/6/0/0/0,3730:1747647652998:,1747647657709
counter/9/0/0/0,4154:1747647652881:,1747647657709
counter/9/0/0/0,4155:1747647652881:,1747647657710
counter/4/0/0/0,4258:1747647653064:,1747647657711
counter/7/0/0/0,3869:1747647652803:,1747647657711
counter/7/0/0/0,3870:1747647652803:,1747647657711
counter/10/0/0/0,3636:1747647652573:,1747647657711
counter/10/0/0/0,3637:1747647652573:,1747647657711
counter/10/0/0/0,3638:1747647652573:,1747647657711
counter/10/0/0/0,3639:1747647652573:,1747647657711
counter/10/0/0/0,3640:1747647652573:,1747647657711
counter/10/0/0/0,3641:1747647652573:,1747647657711
counter/10/0/0/0,3642:1747647652573:,1747647657711
counter/10/0/0/0,3643:1747647652573:,1747647657711
counter/10/0/0/0,3644:1747647652573:,1747647657712
counter/10/0/0/0,3645:1747647652573:,1747647657712
counter/10/0/0/0,3646:1747647652580:,1747647657712
counter/2/0/0/0,3715:1747647652188:,1747647657712
counter/2/0/0/0,3716:1747647652188:,1747647657712
counter/2/0/0/0,3717:1747647652188:,1747647657712
counter/2/0/0/0,3718:1747647652188:,1747647657712
counter/2/0/0/0,3719:1747647652188:,1747647657712
counter/2/0/0/0,3720:1747647652188:,1747647657712
counter/3/0/0/0,4082:1747647652599:,1747647657712
counter/3/0/0/0,4083:1747647652599:,1747647657712
counter/3/0/0/0,4084:1747647652599:,1747647657712
counter/3/0/0/0,4085:1747647652599:,1747647657712
counter/3/0/0/0,4086:1747647652599:,1747647657712
counter/3/0/0/0,4087:1747647652599:,1747647657712
counter/3/0/0/0,4088:1747647652599:,1747647657712
counter/3/0/0/0,4089:1747647652599:,1747647657712
counter/5/0/0/0,3914:1747647652480:,1747647657712
counter/3/0/0/0,4090:1747647652599:,1747647657712
counter/4/0/0/0,4259:1747647653064:,1747647657713
counter/10/0/0/0,3647:1747647652580:,1747647657713
counter/10/0/0/0,3648:1747647652580:,1747647657713
counter/10/0/0/0,3649:1747647652580:,1747647657713
counter/10/0/0/0,3650:1747647652580:,1747647657713
counter/10/0/0/0,3651:1747647652580:,1747647657713
counter/2/0/0/0,3721:1747647652188:,1747647657713
counter/5/0/0/0,3915:1747647652480:,1747647657713
counter/10/0/0/0,3652:1747647652580:,1747647657714
counter/10/0/0/0,3653:1747647652580:,1747647657714
counter/10/0/0/0,3654:1747647652580:,1747647657714
counter/10/0/0/0,3655:1747647652580:,1747647657714
counter/10/0/0/0,3656:1747647652580:,1747647657714
counter/10/0/0/0,3657:1747647652580:,1747647657714
counter/7/0/0/0,3871:1747647652803:,1747647657714
counter/10/0/0/0,3658:1747647652580:,1747647657714
counter/7/0/0/0,3872:1747647652803:,1747647657714
counter/7/0/0/0,3873:1747647652803:,1747647657714
counter/7/0/0/0,3874:1747647652808:,1747647657714
counter/7/0/0/0,3875:1747647652808:,1747647657714
counter/1/0/0/0,4263:1747647653134:,1747647657714
counter/8/0/0/0,4295:1747647652502:,1747647657714
counter/8/0/0/0,4296:1747647652502:,1747647657714
counter/8/0/0/0,4297:1747647652502:,1747647657714
counter/8/0/0/0,4298:1747647652502:,1747647657714
counter/3/0/0/0,4091:1747647652599:,1747647657715
counter/2/0/0/0,3722:1747647652188:,1747647657716
counter/4/0/0/0,4260:1747647653064:,1747647657716
counter/2/0/0/0,3723:1747647652188:,1747647657716
counter/4/0/0/0,4261:1747647653064:,1747647657716
counter/4/0/0/0,4262:1747647653065:,1747647657716
counter/5/0/0/0,3916:1747647652480:,1747647657716
counter/4/0/0/0,4263:1747647653065:,1747647657716
counter/4/0/0/0,4264:1747647653089:,1747647657716
counter/1/0/0/0,4264:1747647653134:,1747647657716
counter/1/0/0/0,4265:1747647653134:,1747647657716
counter/1/0/0/0,4266:1747647653134:,1747647657716
counter/1/0/0/0,4267:1747647653134:,1747647657716
counter/1/0/0/0,4268:1747647653134:,1747647657717
counter/10/0/0/0,3659:1747647652580:,1747647657717
counter/10/0/0/0,3660:1747647652580:,1747647657717
counter/10/0/0/0,3661:1747647652580:,1747647657717
counter/4/0/0/0,4265:1747647653089:,1747647657718
counter/2/0/0/0,3724:1747647652188:,1747647657718
counter/10/0/0/0,3662:1747647652580:,1747647657718
counter/5/0/0/0,3917:1747647652480:,1747647657719
counter/5/0/0/0,3918:1747647652480:,1747647657719
counter/5/0/0/0,3919:1747647652480:,1747647657719
counter/5/0/0/0,3920:1747647652483:,1747647657719
counter/5/0/0/0,3921:1747647652483:,1747647657720
counter/8/0/0/0,4299:1747647652502:,1747647657720
counter/7/0/0/0,3876:1747647652808:,1747647657720
counter/8/0/0/0,4300:1747647652502:,1747647657720
counter/10/0/0/0,3663:1747647652580:,1747647657720
counter/8/0/0/0,4301:1747647652502:,1747647657721
counter/10/0/0/0,3664:1747647652580:,1747647657722
counter/10/0/0/0,3665:1747647652580:,1747647657722
counter/10/0/0/0,3666:1747647652589:,1747647657722
counter/3/0/0/0,4092:1747647652599:,1747647657722
counter/3/0/0/0,4093:1747647652599:,1747647657722
counter/3/0/0/0,4094:1747647652599:,1747647657722
counter/3/0/0/0,4095:1747647652599:,1747647657722
counter/3/0/0/0,4096:1747647652599:,1747647657722
counter/3/0/0/0,4097:1747647652599:,1747647657722
counter/5/0/0/0,3922:1747647652483:,1747647657723
counter/2/0/0/0,3725:1747647652188:,1747647657723
counter/2/0/0/0,3726:1747647652188:,1747647657723
counter/2/0/0/0,3727:1747647652188:,1747647657723
counter/2/0/0/0,3728:1747647652188:,1747647657723
counter/2/0/0/0,3729:1747647652188:,1747647657723
counter/2/0/0/0,3730:1747647652188:,1747647657724
counter/2/0/0/0,3731:1747647652188:,1747647657724
counter/2/0/0/0,3732:1747647652188:,1747647657724
counter/1/0/0/0,4269:1747647653134:,1747647657724
counter/2/0/0/0,3733:1747647652188:,1747647657725
counter/5/0/0/0,3923:1747647652483:,1747647657725
counter/9/0/0/0,4156:1747647652883:,1747647657725
counter/5/0/0/0,3924:1747647652483:,1747647657725
counter/5/0/0/0,3925:1747647652483:,1747647657725
counter/5/0/0/0,3926:1747647652483:,1747647657725
counter/1/0/0/0,4270:1747647653134:,1747647657725
counter/10/0/0/0,3667:1747647652589:,1747647657726
counter/9/0/0/0,4157:1747647652895:,1747647657726
counter/2/0/0/0,3734:1747647652188:,1747647657726
counter/6/0/0/0,3731:1747647652998:,1747647657726
counter/2/0/0/0,3735:1747647652188:,1747647657727
counter/7/0/0/0,3877:1747647652808:,1747647657728
counter/3/0/0/0,4098:1747647652599:,1747647657729
counter/3/0/0/0,4099:1747647652599:,1747647657729
counter/3/0/0/0,4100:1747647652599:,1747647657729
counter/3/0/0/0,4101:1747647652600:,1747647657729
counter/3/0/0/0,4102:1747647652600:,1747647657729
counter/3/0/0/0,4103:1747647652600:,1747647657729
counter/9/0/0/0,4158:1747647652895:,1747647657729
counter/9/0/0/0,4159:1747647652895:,1747647657729
counter/9/0/0/0,4160:1747647652895:,1747647657729
counter/9/0/0/0,4161:1747647652895:,1747647657729
counter/10/0/0/0,3668:1747647652589:,1747647657729
counter/3/0/0/0,4104:1747647652600:,1747647657729
counter/2/0/0/0,3736:1747647652188:,1747647657729
counter/9/0/0/0,4162:1747647652895:,1747647657730
counter/6/0/0/0,3732:1747647652998:,1747647657731
counter/6/0/0/0,3733:1747647652998:,1747647657731
counter/10/0/0/0,3669:1747647652589:,1747647657732
counter/10/0/0/0,3670:1747647652589:,1747647657732
counter/10/0/0/0,3671:1747647652589:,1747647657732
counter/10/0/0/0,3672:1747647652589:,1747647657732
counter/10/0/0/0,3673:1747647652589:,1747647657732
counter/10/0/0/0,3674:1747647652589:,1747647657732
counter/10/0/0/0,3675:1747647652589:,1747647657732
counter/10/0/0/0,3676:1747647652589:,1747647657732
counter/9/0/0/0,4163:1747647652895:,1747647657732
counter/10/0/0/0,3677:1747647652589:,1747647657732
counter/9/0/0/0,4164:1747647652895:,1747647657732
counter/10/0/0/0,3678:1747647652589:,1747647657732
counter/9/0/0/0,4165:1747647652895:,1747647657732
counter/9/0/0/0,4166:1747647652895:,1747647657732
counter/8/0/0/0,4302:1747647652502:,1747647657732
counter/10/0/0/0,3679:1747647652589:,1747647657732
counter/5/0/0/0,3927:1747647652483:,1747647657733
counter/6/0/0/0,3734:1747647652998:,1747647657735
counter/4/0/0/0,4266:1747647653089:,1747647657735
counter/4/0/0/0,4267:1747647653089:,1747647657736
counter/4/0/0/0,4268:1747647653089:,1747647657736
counter/4/0/0/0,4269:1747647653089:,1747647657736
counter/4/0/0/0,4270:1747647653089:,1747647657736
counter/4/0/0/0,4271:1747647653099:,1747647657736
counter/4/0/0/0,4272:1747647653102:,1747647657736
counter/4/0/0/0,4273:1747647653102:,1747647657736
counter/4/0/0/0,4274:1747647653103:,1747647657736
counter/3/0/0/0,4105:1747647652600:,1747647657736
counter/2/0/0/0,3737:1747647652188:,1747647657736
counter/2/0/0/0,3738:1747647652188:,1747647657737
counter/8/0/0/0,4303:1747647652502:,1747647657737
counter/8/0/0/0,4304:1747647652502:,1747647657737
counter/8/0/0/0,4305:1747647652502:,1747647657737
counter/8/0/0/0,4306:1747647652502:,1747647657737
counter/8/0/0/0,4307:1747647652502:,1747647657737
counter/8/0/0/0,4308:1747647652502:,1747647657737
counter/9/0/0/0,4167:1747647652896:,1747647657737
counter/9/0/0/0,4168:1747647652896:,1747647657737
counter/9/0/0/0,4169:1747647652896:,1747647657738
counter/9/0/0/0,4170:1747647652896:,1747647657738
counter/5/0/0/0,3928:1747647652483:,1747647657738
counter/9/0/0/0,4171:1747647652896:,1747647657738
counter/9/0/0/0,4172:1747647652896:,1747647657738
counter/10/0/0/0,3680:1747647652589:,1747647657738
counter/9/0/0/0,4173:1747647652897:,1747647657738
counter/9/0/0/0,4174:1747647652898:,1747647657738
counter/9/0/0/0,4175:1747647652898:,1747647657738
counter/9/0/0/0,4176:1747647652898:,1747647657738
counter/9/0/0/0,4177:1747647652898:,1747647657738
counter/9/0/0/0,4178:1747647652898:,1747647657739
counter/9/0/0/0,4179:1747647652898:,1747647657739
counter/9/0/0/0,4180:1747647652898:,1747647657739
counter/5/0/0/0,3929:1747647652483:,1747647657739
counter/5/0/0/0,3930:1747647652484:,1747647657739
counter/3/0/0/0,4106:1747647652600:,1747647657739
counter/10/0/0/0,3681:1747647652589:,1747647657739
counter/10/0/0/0,3682:1747647652589:,1747647657739
counter/9/0/0/0,4181:1747647652898:,1747647657739
counter/1/0/0/0,4271:1747647653134:,1747647657739
counter/10/0/0/0,3683:1747647652589:,1747647657739
counter/10/0/0/0,3684:1747647652590:,1747647657739
counter/8/0/0/0,4309:1747647652502:,1747647657741
counter/8/0/0/0,4310:1747647652506:,1747647657741
counter/8/0/0/0,4311:1747647652506:,1747647657741
counter/8/0/0/0,4312:1747647652506:,1747647657741
counter/8/0/0/0,4313:1747647652506:,1747647657741
counter/8/0/0/0,4314:1747647652506:,1747647657741
counter/8/0/0/0,4315:1747647652506:,1747647657741
counter/7/0/0/0,3878:1747647652808:,1747647657741
counter/7/0/0/0,3879:1747647652808:,1747647657741
counter/10/0/0/0,3685:1747647652590:,1747647657742
counter/7/0/0/0,3880:1747647652808:,1747647657742
counter/7/0/0/0,3881:1747647652808:,1747647657742
counter/7/0/0/0,3882:1747647652808:,1747647657742
counter/7/0/0/0,3883:1747647652808:,1747647657742
counter/5/0/0/0,3931:1747647652484:,1747647657742
counter/8/0/0/0,4316:1747647652506:,1747647657742
counter/6/0/0/0,3735:1747647652998:,1747647657743
counter/6/0/0/0,3736:1747647652998:,1747647657743
counter/10/0/0/0,3686:1747647652590:,1747647657744
counter/10/0/0/0,3687:1747647652590:,1747647657744
counter/10/0/0/0,3688:1747647652590:,1747647657744
counter/10/0/0/0,3689:1747647652590:,1747647657744
counter/10/0/0/0,3690:1747647652590:,1747647657744
counter/10/0/0/0,3691:1747647652597:,1747647657744
counter/10/0/0/0,3692:1747647652598:,1747647657744
counter/10/0/0/0,3693:1747647652598:,1747647657744
counter/10/0/0/0,3694:1747647652598:,1747647657744
counter/1/0/0/0,4272:1747647653134:,1747647657744
counter/10/0/0/0,3695:1747647652598:,1747647657744
counter/1/0/0/0,4273:1747647653134:,1747647657745
counter/2/0/0/0,3739:1747647652188:,1747647657745
counter/5/0/0/0,3932:1747647652491:,1747647657745
counter/5/0/0/0,3933:1747647652491:,1747647657746
counter/5/0/0/0,3934:1747647652491:,1747647657746
counter/5/0/0/0,3935:1747647652491:,1747647657746
counter/5/0/0/0,3936:1747647652491:,1747647657746
counter/5/0/0/0,3937:1747647652497:,1747647657746
counter/10/0/0/0,3696:1747647652598:,1747647657746
counter/5/0/0/0,3938:1747647652497:,1747647657746
counter/5/0/0/0,3939:1747647652497:,1747647657746
counter/5/0/0/0,3940:1747647652497:,1747647657747
counter/9/0/0/0,4182:1747647652898:,1747647657747
counter/9/0/0/0,4183:1747647652898:,1747647657747
counter/9/0/0/0,4184:1747647652898:,1747647657747
counter/9/0/0/0,4185:1747647652898:,1747647657747
counter/9/0/0/0,4186:1747647652898:,1747647657747
counter/9/0/0/0,4187:1747647652898:,1747647657747
counter/3/0/0/0,4107:1747647652600:,1747647657747
counter/6/0/0/0,3737:1747647652998:,1747647657747
counter/8/0/0/0,4317:1747647652506:,1747647657747
counter/9/0/0/0,4188:1747647652898:,1747647657748
counter/8/0/0/0,4318:1747647652506:,1747647657749
counter/8/0/0/0,4319:1747647652506:,1747647657749
counter/8/0/0/0,4320:1747647652506:,1747647657749
counter/8/0/0/0,4321:1747647652506:,1747647657749
counter/8/0/0/0,4322:1747647652506:,1747647657749
counter/8/0/0/0,4323:1747647652506:,1747647657749
counter/8/0/0/0,4324:1747647652506:,1747647657749
counter/8/0/0/0,4325:1747647652506:,1747647657749
counter/8/0/0/0,4326:1747647652506:,1747647657749
counter/8/0/0/0,4327:1747647652506:,1747647657749
counter/7/0/0/0,3884:1747647652808:,1747647657749
counter/8/0/0/0,4328:1747647652506:,1747647657750
counter/8/0/0/0,4329:1747647652507:,1747647657750
counter/8/0/0/0,4330:1747647652518:,1747647657750
counter/8/0/0/0,4331:1747647652518:,1747647657750
counter/8/0/0/0,4332:1747647652518:,1747647657750
counter/8/0/0/0,4333:1747647652518:,1747647657750
counter/8/0/0/0,4334:1747647652518:,1747647657750
counter/8/0/0/0,4335:1747647652518:,1747647657750
counter/8/0/0/0,4336:1747647652518:,1747647657750
counter/5/0/0/0,3941:1747647652497:,1747647657750
counter/5/0/0/0,3942:1747647652497:,1747647657750
counter/9/0/0/0,4189:1747647652922:,1747647657750
counter/5/0/0/0,3943:1747647652497:,1747647657751
counter/5/0/0/0,3944:1747647652497:,1747647657751
counter/5/0/0/0,3945:1747647652497:,1747647657751
counter/5/0/0/0,3946:1747647652497:,1747647657751
counter/1/0/0/0,4274:1747647653134:,1747647657751
counter/6/0/0/0,3738:1747647652998:,1747647657752
counter/10/0/0/0,3697:1747647652598:,1747647657752
counter/10/0/0/0,3698:1747647652598:,1747647657752
counter/10/0/0/0,3699:1747647652598:,1747647657752
counter/10/0/0/0,3700:1747647652598:,1747647657753
counter/10/0/0/0,3701:1747647652598:,1747647657753
counter/6/0/0/0,3739:1747647652998:,1747647657753
counter/1/0/0/0,4275:1747647653134:,1747647657753
counter/10/0/0/0,3702:1747647652598:,1747647657753
counter/3/0/0/0,4108:1747647652600:,1747647657754
counter/10/0/0/0,3703:1747647652606:,1747647657754
counter/10/0/0/0,3704:1747647652606:,1747647657754
counter/7/0/0/0,3885:1747647652809:,1747647657755
counter/8/0/0/0,4337:1747647652519:,1747647657756
counter/5/0/0/0,3947:1747647652497:,1747647657756
counter/5/0/0/0,3948:1747647652497:,1747647657756
counter/5/0/0/0,3949:1747647652497:,1747647657756
counter/5/0/0/0,3950:1747647652501:,1747647657756
counter/5/0/0/0,3951:1747647652501:,1747647657756
counter/5/0/0/0,3952:1747647652501:,1747647657756
counter/5/0/0/0,3953:1747647652507:,1747647657756
counter/2/0/0/0,3740:1747647652188:,1747647657756
counter/9/0/0/0,4190:1747647652931:,1747647657756
counter/2/0/0/0,3741:1747647652188:,1747647657756
counter/2/0/0/0,3742:1747647652188:,1747647657756
counter/2/0/0/0,3743:1747647652188:,1747647657756
counter/5/0/0/0,3954:1747647652507:,1747647657757
counter/9/0/0/0,4191:1747647652931:,1747647657757
counter/5/0/0/0,3955:1747647652507:,1747647657757
counter/5/0/0/0,3956:1747647652507:,1747647657757
counter/3/0/0/0,4109:1747647652600:,1747647657757
counter/2/0/0/0,3744:1747647652188:,1747647657759
counter/2/0/0/0,3745:1747647652189:,1747647657759
counter/2/0/0/0,3746:1747647652189:,1747647657759
counter/2/0/0/0,3747:1747647652189:,1747647657759
counter/2/0/0/0,3748:1747647652189:,1747647657759
counter/2/0/0/0,3749:1747647652192:,1747647657759
counter/2/0/0/0,3750:1747647652192:,1747647657759
counter/2/0/0/0,3751:1747647652194:,1747647657759
counter/2/0/0/0,3752:1747647652194:,1747647657760
counter/2/0/0/0,3753:1747647652194:,1747647657760
counter/2/0/0/0,3754:1747647652194:,1747647657760
counter/2/0/0/0,3755:1747647652194:,1747647657760
counter/2/0/0/0,3756:1747647652194:,1747647657760
counter/6/0/0/0,3740:1747647652998:,1747647657760
counter/9/0/0/0,4192:1747647652931:,1747647657760
counter/9/0/0/0,4193:1747647652931:,1747647657760
counter/9/0/0/0,4194:1747647652931:,1747647657760
counter/9/0/0/0,4195:1747647652931:,1747647657760
counter/5/0/0/0,3957:1747647652507:,1747647657760
counter/7/0/0/0,3886:1747647652809:,1747647657760
counter/1/0/0/0,4276:1747647653134:,1747647657760
counter/8/0/0/0,4338:1747647652519:,1747647657761
counter/7/0/0/0,3887:1747647652809:,1747647657761
counter/7/0/0/0,3888:1747647652809:,1747647657761
counter/7/0/0/0,3889:1747647652809:,1747647657761
counter/2/0/0/0,3757:1747647652194:,1747647657761
counter/2/0/0/0,3758:1747647652194:,1747647657761
counter/2/0/0/0,3759:1747647652194:,1747647657761
counter/2/0/0/0,3760:1747647652194:,1747647657761
counter/4/0/0/0,4275:1747647653103:,1747647657762
counter/4/0/0/0,4276:1747647653103:,1747647657764
counter/10/0/0/0,3705:1747647652606:,1747647657764
counter/5/0/0/0,3958:1747647652507:,1747647657765
counter/5/0/0/0,3959:1747647652508:,1747647657765
counter/4/0/0/0,4277:1747647653103:,1747647657766
counter/8/0/0/0,4339:1747647652519:,1747647657766
counter/8/0/0/0,4340:1747647652519:,1747647657766
counter/8/0/0/0,4341:1747647652527:,1747647657766
counter/8/0/0/0,4342:1747647652528:,1747647657766
counter/2/0/0/0,3761:1747647652194:,1747647657767
counter/2/0/0/0,3762:1747647652194:,1747647657767
counter/2/0/0/0,3763:1747647652194:,1747647657767
counter/6/0/0/0,3741:1747647653000:,1747647657767
counter/6/0/0/0,3742:1747647653000:,1747647657767
counter/9/0/0/0,4196:1747647652934:,1747647657767
counter/6/0/0/0,3743:1747647653000:,1747647657767
counter/10/0/0/0,3706:1747647652606:,1747647657767
counter/10/0/0/0,3707:1747647652606:,1747647657767
counter/10/0/0/0,3708:1747647652606:,1747647657767
counter/10/0/0/0,3709:1747647652606:,1747647657767
counter/10/0/0/0,3710:1747647652606:,1747647657768
counter/10/0/0/0,3711:1747647652606:,1747647657768
counter/10/0/0/0,3712:1747647652606:,1747647657768
counter/10/0/0/0,3713:1747647652606:,1747647657768
counter/10/0/0/0,3714:1747647652606:,1747647657768
counter/10/0/0/0,3715:1747647652606:,1747647657768
counter/10/0/0/0,3716:1747647652611:,1747647657768
counter/10/0/0/0,3717:1747647652611:,1747647657768
counter/10/0/0/0,3718:1747647652611:,1747647657768
counter/10/0/0/0,3719:1747647652615:,1747647657768
counter/10/0/0/0,3720:1747647652615:,1747647657768
counter/10/0/0/0,3721:1747647652615:,1747647657768
counter/10/0/0/0,3722:1747647652615:,1747647657768
counter/10/0/0/0,3723:1747647652630:,1747647657768
counter/10/0/0/0,3724:1747647652630:,1747647657768
counter/10/0/0/0,3725:1747647652630:,1747647657768
counter/10/0/0/0,3726:1747647652630:,1747647657768
counter/10/0/0/0,3727:1747647652630:,1747647657768
counter/10/0/0/0,3728:1747647652630:,1747647657768
counter/10/0/0/0,3729:1747647652630:,1747647657768
counter/10/0/0/0,3730:1747647652630:,1747647657768
counter/10/0/0/0,3731:1747647652630:,1747647657768
counter/10/0/0/0,3732:1747647652630:,1747647657768
counter/6/0/0/0,3744:1747647653000:,1747647657768
counter/8/0/0/0,4343:1747647652528:,1747647657768
counter/8/0/0/0,4344:1747647652528:,1747647657769
counter/1/0/0/0,4277:1747647653137:,1747647657769
counter/1/0/0/0,4278:1747647653137:,1747647657769
counter/1/0/0/0,4279:1747647653137:,1747647657769
counter/1/0/0/0,4280:1747647653137:,1747647657769
counter/1/0/0/0,4281:1747647653137:,1747647657771
counter/1/0/0/0,4282:1747647653137:,1747647657771
counter/1/0/0/0,4283:1747647653151:,1747647657771
counter/1/0/0/0,4284:1747647653153:,1747647657771
counter/1/0/0/0,4285:1747647653153:,1747647657771
counter/1/0/0/0,4286:1747647653153:,1747647657771
counter/1/0/0/0,4287:1747647653153:,1747647657771
counter/2/0/0/0,3764:1747647652194:,1747647657771
counter/5/0/0/0,3960:1747647652508:,1747647657771
counter/10/0/0/0,3733:1747647652630:,1747647657772
counter/3/0/0/0,4110:1747647652600:,1747647657772
counter/1/0/0/0,4288:1747647653153:,1747647657772
counter/3/0/0/0,4111:1747647652600:,1747647657772
counter/3/0/0/0,4112:1747647652600:,1747647657772
counter/3/0/0/0,4113:1747647652600:,1747647657773
counter/3/0/0/0,4114:1747647652600:,1747647657773
counter/8/0/0/0,4345:1747647652528:,1747647657774
counter/10/0/0/0,3734:1747647652631:,1747647657777
counter/8/0/0/0,4346:1747647652528:,1747647657777
counter/10/0/0/0,3735:1747647652631:,1747647657778
counter/10/0/0/0,3736:1747647652631:,1747647657778
counter/10/0/0/0,3737:1747647652634:,1747647657778
counter/10/0/0/0,3738:1747647652640:,1747647657778
counter/8/0/0/0,4347:1747647652529:,1747647657778
counter/8/0/0/0,4348:1747647652529:,1747647657778
counter/8/0/0/0,4349:1747647652529:,1747647657778
counter/8/0/0/0,4350:1747647652529:,1747647657778
counter/10/0/0/0,3739:1747647652640:,1747647657778
counter/9/0/0/0,4197:1747647652934:,1747647657778
counter/9/0/0/0,4198:1747647652934:,1747647657780
counter/2/0/0/0,3765:1747647652194:,1747647657780
counter/1/0/0/0,4289:1747647653153:,1747647657780
counter/10/0/0/0,3740:1747647652640:,1747647657780
counter/5/0/0/0,3961:1747647652508:,1747647657781
counter/10/0/0/0,3741:1747647652640:,1747647657781
counter/6/0/0/0,3745:1747647653000:,1747647657781
counter/6/0/0/0,3746:1747647653001:,1747647657781
counter/6/0/0/0,3747:1747647653001:,1747647657781
counter/6/0/0/0,3748:1747647653001:,1747647657781
counter/6/0/0/0,3749:1747647653001:,1747647657781
counter/6/0/0/0,3750:1747647653001:,1747647657782
counter/6/0/0/0,3751:1747647653001:,1747647657782
counter/2/0/0/0,3766:1747647652194:,1747647657782
counter/3/0/0/0,4115:1747647652616:,1747647657782
counter/5/0/0/0,3962:1747647652508:,1747647657783
counter/9/0/0/0,4199:1747647652934:,1747647657783
counter/9/0/0/0,4200:1747647652934:,1747647657783
counter/9/0/0/0,4201:1747647652934:,1747647657783
counter/4/0/0/0,4278:1747647653103:,1747647657783
counter/4/0/0/0,4279:1747647653105:,1747647657783
counter/4/0/0/0,4280:1747647653111:,1747647657783
counter/4/0/0/0,4281:1747647653111:,1747647657783
counter/4/0/0/0,4282:1747647653111:,1747647657784
counter/2/0/0/0,3767:1747647652194:,1747647657784
counter/9/0/0/0,4202:1747647652935:,1747647657784
counter/7/0/0/0,3890:1747647652821:,1747647657784
counter/4/0/0/0,4283:1747647653111:,1747647657784
counter/4/0/0/0,4284:1747647653111:,1747647657784
counter/4/0/0/0,4285:1747647653111:,1747647657784
counter/4/0/0/0,4286:1747647653111:,1747647657784
counter/4/0/0/0,4287:1747647653111:,1747647657784
counter/4/0/0/0,4288:1747647653111:,1747647657784
counter/4/0/0/0,4289:1747647653111:,1747647657784
counter/8/0/0/0,4351:1747647652529:,1747647657784
counter/5/0/0/0,3963:1747647652508:,1747647657784
counter/8/0/0/0,4352:1747647652529:,1747647657784
counter/10/0/0/0,3742:1747647652640:,1747647657785
counter/1/0/0/0,4290:1747647653164:,1747647657786
counter/8/0/0/0,4353:1747647652529:,1747647657786
counter/10/0/0/0,3743:1747647652640:,1747647657787
counter/10/0/0/0,3744:1747647652640:,1747647657787
counter/10/0/0/0,3745:1747647652640:,1747647657787
counter/10/0/0/0,3746:1747647652640:,1747647657787
counter/9/0/0/0,4203:1747647652935:,1747647657787
counter/9/0/0/0,4204:1747647652940:,1747647657787
counter/9/0/0/0,4205:1747647652940:,1747647657787
counter/9/0/0/0,4206:1747647652940:,1747647657787
counter/9/0/0/0,4207:1747647652940:,1747647657788
counter/3/0/0/0,4116:1747647652616:,1747647657788
counter/3/0/0/0,4117:1747647652616:,1747647657788
counter/3/0/0/0,4118:1747647652616:,1747647657788
counter/3/0/0/0,4119:1747647652616:,1747647657788
counter/10/0/0/0,3747:1747647652640:,1747647657788
counter/9/0/0/0,4208:1747647652940:,1747647657788
counter/4/0/0/0,4290:1747647653111:,1747647657788
counter/4/0/0/0,4291:1747647653111:,1747647657788
counter/4/0/0/0,4292:1747647653111:,1747647657788
counter/4/0/0/0,4293:1747647653111:,1747647657788
counter/4/0/0/0,4294:1747647653111:,1747647657789
counter/4/0/0/0,4295:1747647653111:,1747647657789
counter/4/0/0/0,4296:1747647653111:,1747647657789
counter/4/0/0/0,4297:1747647653127:,1747647657789
counter/4/0/0/0,4298:1747647653127:,1747647657789
counter/4/0/0/0,4299:1747647653127:,1747647657789
counter/4/0/0/0,4300:1747647653127:,1747647657789
counter/3/0/0/0,4120:1747647652616:,1747647657789
counter/2/0/0/0,3768:1747647652194:,1747647657789
counter/9/0/0/0,4209:1747647652940:,1747647657789
counter/6/0/0/0,3752:1747647653001:,1747647657789
counter/4/0/0/0,4301:1747647653127:,1747647657790
counter/7/0/0/0,3891:1747647652823:,1747647657790
counter/4/0/0/0,4302:1747647653127:,1747647657790
counter/3/0/0/0,4121:1747647652616:,1747647657791
counter/4/0/0/0,4303:1747647653129:,1747647657791
counter/3/0/0/0,4122:1747647652616:,1747647657791
counter/3/0/0/0,4123:1747647652616:,1747647657791
counter/3/0/0/0,4124:1747647652616:,1747647657791
counter/8/0/0/0,4354:1747647652529:,1747647657793
counter/2/0/0/0,3769:1747647652194:,1747647657794
counter/8/0/0/0,4355:1747647652529:,1747647657794
counter/8/0/0/0,4356:1747647652529:,1747647657794
counter/2/0/0/0,3770:1747647652194:,1747647657795
counter/3/0/0/0,4125:1747647652616:,1747647657795
counter/10/0/0/0,3748:1747647652640:,1747647657796
counter/4/0/0/0,4304:1747647653129:,1747647657796
counter/4/0/0/0,4305:1747647653129:,1747647657796
counter/4/0/0/0,4306:1747647653129:,1747647657796
counter/4/0/0/0,4307:1747647653129:,1747647657796
counter/7/0/0/0,3892:1747647652823:,1747647657796
counter/7/0/0/0,3893:1747647652824:,1747647657796
counter/7/0/0/0,3894:1747647652824:,1747647657796
counter/7/0/0/0,3895:1747647652824:,1747647657796
counter/2/0/0/0,3771:1747647652194:,1747647657797
counter/7/0/0/0,3896:1747647652824:,1747647657797
counter/7/0/0/0,3897:1747647652824:,1747647657797
counter/7/0/0/0,3898:1747647652826:,1747647657797
counter/7/0/0/0,3899:1747647652833:,1747647657797
counter/7/0/0/0,3900:1747647652837:,1747647657797
counter/8/0/0/0,4357:1747647652529:,1747647657798
counter/8/0/0/0,4358:1747647652529:,1747647657798
counter/8/0/0/0,4359:1747647652529:,1747647657798
counter/8/0/0/0,4360:1747647652529:,1747647657798
counter/8/0/0/0,4361:1747647652533:,1747647657798
counter/8/0/0/0,4362:1747647652533:,1747647657798
counter/8/0/0/0,4363:1747647652533:,1747647657799
counter/8/0/0/0,4364:1747647652533:,1747647657799
counter/6/0/0/0,3753:1747647653001:,1747647657799
counter/8/0/0/0,4365:1747647652533:,1747647657800
counter/5/0/0/0,3964:1747647652508:,1747647657800
counter/9/0/0/0,4210:1747647652940:,1747647657800
counter/1/0/0/0,4291:1747647653168:,1747647657800
counter/9/0/0/0,4211:1747647652940:,1747647657800
counter/1/0/0/0,4292:1747647653168:,1747647657800
counter/1/0/0/0,4293:1747647653168:,1747647657800
counter/1/0/0/0,4294:1747647653168:,1747647657800
counter/1/0/0/0,4295:1747647653168:,1747647657800
counter/1/0/0/0,4296:1747647653168:,1747647657800
counter/1/0/0/0,4297:1747647653180:,1747647657801
counter/1/0/0/0,4298:1747647653180:,1747647657801
counter/1/0/0/0,4299:1747647653180:,1747647657801
counter/1/0/0/0,4300:1747647653181:,1747647657801
counter/10/0/0/0,3749:1747647652640:,1747647657801
counter/1/0/0/0,4301:1747647653181:,1747647657801
counter/10/0/0/0,3750:1747647652640:,1747647657801
counter/1/0/0/0,4302:1747647653181:,1747647657801
counter/6/0/0/0,3754:1747647653001:,1747647657801
counter/6/0/0/0,3755:1747647653001:,1747647657801
counter/6/0/0/0,3756:1747647653001:,1747647657801
counter/6/0/0/0,3757:1747647653001:,1747647657801
counter/10/0/0/0,3751:1747647652642:,1747647657801
counter/1/0/0/0,4303:1747647653181:,1747647657802
counter/10/0/0/0,3752:1747647652642:,1747647657802
counter/10/0/0/0,3753:1747647652642:,1747647657802
counter/10/0/0/0,3754:1747647652642:,1747647657802
counter/10/0/0/0,3755:1747647652642:,1747647657802
counter/10/0/0/0,3756:1747647652642:,1747647657802
counter/10/0/0/0,3757:1747647652642:,1747647657802
counter/8/0/0/0,4366:1747647652533:,1747647657803
counter/8/0/0/0,4367:1747647652533:,1747647657803
counter/8/0/0/0,4368:1747647652533:,1747647657803
counter/4/0/0/0,4308:1747647653140:,1747647657803
counter/7/0/0/0,3901:1747647652837:,1747647657803
counter/7/0/0/0,3902:1747647652837:,1747647657803
counter/9/0/0/0,4212:1747647652940:,1747647657803
counter/9/0/0/0,4213:1747647652940:,1747647657803
counter/6/0/0/0,3758:1747647653030:,1747647657804
counter/2/0/0/0,3772:1747647652194:,1747647657805
counter/2/0/0/0,3773:1747647652194:,1747647657805
counter/8/0/0/0,4369:1747647652533:,1747647657805
counter/8/0/0/0,4370:1747647652533:,1747647657805
counter/10/0/0/0,3758:1747647652642:,1747647657805
counter/10/0/0/0,3759:1747647652642:,1747647657805
counter/10/0/0/0,3760:1747647652642:,1747647657805
counter/10/0/0/0,3761:1747647652642:,1747647657805
counter/10/0/0/0,3762:1747647652642:,1747647657805
counter/10/0/0/0,3763:1747647652642:,1747647657805
counter/10/0/0/0,3764:1747647652642:,1747647657805
counter/10/0/0/0,3765:1747647652642:,1747647657805
counter/10/0/0/0,3766:1747647652642:,1747647657805
counter/10/0/0/0,3767:1747647652643:,1747647657806
counter/10/0/0/0,3768:1747647652643:,1747647657806
counter/10/0/0/0,3769:1747647652643:,1747647657806
counter/10/0/0/0,3770:1747647652656:,1747647657806
counter/9/0/0/0,4214:1747647652940:,1747647657806
counter/5/0/0/0,3965:1747647652513:,1747647657807
counter/4/0/0/0,4309:1747647653140:,1747647657807
counter/8/0/0/0,4371:1747647652533:,1747647657808
counter/6/0/0/0,3759:1747647653030:,1747647657808
counter/6/0/0/0,3760:1747647653030:,1747647657808
counter/6/0/0/0,3761:1747647653030:,1747647657808
counter/6/0/0/0,3762:1747647653030:,1747647657808
counter/6/0/0/0,3763:1747647653030:,1747647657808
counter/6/0/0/0,3764:1747647653030:,1747647657808
counter/6/0/0/0,3765:1747647653030:,1747647657808
counter/6/0/0/0,3766:1747647653030:,1747647657808
counter/6/0/0/0,3767:1747647653037:,1747647657808
counter/6/0/0/0,3768:1747647653037:,1747647657808
counter/10/0/0/0,3771:1747647652656:,1747647657808
counter/8/0/0/0,4372:1747647652533:,1747647657808
counter/10/0/0/0,3772:1747647652656:,1747647657809
counter/10/0/0/0,3773:1747647652656:,1747647657809
counter/10/0/0/0,3774:1747647652656:,1747647657809
counter/10/0/0/0,3775:1747647652656:,1747647657809
counter/3/0/0/0,4126:1747647652616:,1747647657809
counter/1/0/0/0,4304:1747647653181:,1747647657809
counter/9/0/0/0,4215:1747647652941:,1747647657809
counter/7/0/0/0,3903:1747647652837:,1747647657809
counter/7/0/0/0,3904:1747647652837:,1747647657809
counter/7/0/0/0,3905:1747647652837:,1747647657809
counter/7/0/0/0,3906:1747647652844:,1747647657809
counter/7/0/0/0,3907:1747647652844:,1747647657809
counter/7/0/0/0,3908:1747647652844:,1747647657809
counter/2/0/0/0,3774:1747647652194:,1747647657809
counter/10/0/0/0,3776:1747647652656:,1747647657810
counter/3/0/0/0,4127:1747647652616:,1747647657810
counter/5/0/0/0,3966:1747647652514:,1747647657810
counter/5/0/0/0,3967:1747647652514:,1747647657810
counter/5/0/0/0,3968:1747647652514:,1747647657810
counter/5/0/0/0,3969:1747647652514:,1747647657810
counter/1/0/0/0,4305:1747647653181:,1747647657810
counter/8/0/0/0,4373:1747647652533:,1747647657812
counter/2/0/0/0,3775:1747647652194:,1747647657812
counter/9/0/0/0,4216:1747647652941:,1747647657813
counter/9/0/0/0,4217:1747647652941:,1747647657813
counter/6/0/0/0,3769:1747647653037:,1747647657813
counter/6/0/0/0,3770:1747647653040:,1747647657813
counter/6/0/0/0,3771:1747647653040:,1747647657813
counter/10/0/0/0,3777:1747647652656:,1747647657813
counter/1/0/0/0,4306:1747647653181:,1747647657813
counter/1/0/0/0,4307:1747647653181:,1747647657813
counter/7/0/0/0,3909:1747647652844:,1747647657814
counter/8/0/0/0,4374:1747647652540:,1747647657814
counter/8/0/0/0,4375:1747647652543:,1747647657814
counter/8/0/0/0,4376:1747647652544:,1747647657814
counter/8/0/0/0,4377:1747647652544:,1747647657814
counter/8/0/0/0,4378:1747647652544:,1747647657814
counter/8/0/0/0,4379:1747647652544:,1747647657814
counter/8/0/0/0,4380:1747647652544:,1747647657814
counter/8/0/0/0,4381:1747647652544:,1747647657814
counter/8/0/0/0,4382:1747647652544:,1747647657814
counter/6/0/0/0,3772:1747647653040:,1747647657814
counter/9/0/0/0,4218:1747647652941:,1747647657814
counter/6/0/0/0,3773:1747647653040:,1747647657814
counter/9/0/0/0,4219:1747647652969:,1747647657814
counter/7/0/0/0,3910:1747647652844:,1747647657815
counter/1/0/0/0,4308:1747647653181:,1747647657815
counter/2/0/0/0,3776:1747647652194:,1747647657815
counter/2/0/0/0,3777:1747647652194:,1747647657815
counter/10/0/0/0,3778:1747647652657:,1747647657815
counter/9/0/0/0,4220:1747647652969:,1747647657817
counter/3/0/0/0,4128:1747647652616:,1747647657817
counter/8/0/0/0,4383:1747647652544:,1747647657820
counter/8/0/0/0,4384:1747647652544:,1747647657820
counter/8/0/0/0,4385:1747647652544:,1747647657820
counter/8/0/0/0,4386:1747647652544:,1747647657820
counter/8/0/0/0,4387:1747647652544:,1747647657820
counter/8/0/0/0,4388:1747647652544:,1747647657820
counter/8/0/0/0,4389:1747647652580:,1747647657820
counter/6/0/0/0,3774:1747647653040:,1747647657820
counter/3/0/0/0,4129:1747647652616:,1747647657820
counter/3/0/0/0,4130:1747647652617:,1747647657820
counter/3/0/0/0,4131:1747647652638:,1747647657820
counter/3/0/0/0,4132:1747647652638:,1747647657820
counter/3/0/0/0,4133:1747647652638:,1747647657820
counter/7/0/0/0,3911:1747647652844:,1747647657821
counter/3/0/0/0,4134:1747647652638:,1747647657821
counter/1/0/0/0,4309:1747647653181:,1747647657822
counter/1/0/0/0,4310:1747647653181:,1747647657822
counter/10/0/0/0,3779:1747647652657:,1747647657822
counter/9/0/0/0,4221:1747647652969:,1747647657822
counter/9/0/0/0,4222:1747647652969:,1747647657822
counter/9/0/0/0,4223:1747647652969:,1747647657822
counter/9/0/0/0,4224:1747647652969:,1747647657822
counter/6/0/0/0,3775:1747647653040:,1747647657822
counter/7/0/0/0,3912:1747647652844:,1747647657822
counter/2/0/0/0,3778:1747647652194:,1747647657822
counter/3/0/0/0,4135:1747647652638:,1747647657822
counter/2/0/0/0,3779:1747647652194:,1747647657823
counter/7/0/0/0,3913:1747647652844:,1747647657823
counter/7/0/0/0,3914:1747647652844:,1747647657823
counter/7/0/0/0,3915:1747647652844:,1747647657823
counter/7/0/0/0,3916:1747647652844:,1747647657823
counter/3/0/0/0,4136:1747647652638:,1747647657824
counter/6/0/0/0,3776:1747647653040:,1747647657824
counter/5/0/0/0,3970:1747647652514:,1747647657824
counter/8/0/0/0,4390:1747647652581:,1747647657824
counter/8/0/0/0,4391:1747647652581:,1747647657824
counter/10/0/0/0,3780:1747647652657:,1747647657824
counter/6/0/0/0,3777:1747647653040:,1747647657825
counter/5/0/0/0,3971:1747647652514:,1747647657825
counter/5/0/0/0,3972:1747647652514:,1747647657825
counter/5/0/0/0,3973:1747647652514:,1747647657825
counter/9/0/0/0,4225:1747647652969:,1747647657825
counter/9/0/0/0,4226:1747647652969:,1747647657826
counter/9/0/0/0,4227:1747647652969:,1747647657826
counter/9/0/0/0,4228:1747647652969:,1747647657826
counter/9/0/0/0,4229:1747647652969:,1747647657826
counter/4/0/0/0,4310:1747647653140:,1747647657826
counter/7/0/0/0,3917:1747647652844:,1747647657826
counter/7/0/0/0,3918:1747647652844:,1747647657826
counter/7/0/0/0,3919:1747647652844:,1747647657826
counter/2/0/0/0,3780:1747647652194:,1747647657826
counter/1/0/0/0,4311:1747647653182:,1747647657827
counter/9/0/0/0,4230:1747647652969:,1747647657828
counter/5/0/0/0,3974:1747647652514:,1747647657828
counter/10/0/0/0,3781:1747647652657:,1747647657828
counter/8/0/0/0,4392:1747647652581:,1747647657829
counter/5/0/0/0,3975:1747647652514:,1747647657830
counter/5/0/0/0,3976:1747647652514:,1747647657830
counter/5/0/0/0,3977:1747647652519:,1747647657830
counter/5/0/0/0,3978:1747647652519:,1747647657830
counter/5/0/0/0,3979:1747647652519:,1747647657830
counter/3/0/0/0,4137:1747647652638:,1747647657830
counter/7/0/0/0,3920:1747647652844:,1747647657830
counter/3/0/0/0,4138:1747647652638:,1747647657831
counter/5/0/0/0,3980:1747647652519:,1747647657831
counter/5/0/0/0,3981:1747647652520:,1747647657831
counter/1/0/0/0,4312:1747647653182:,1747647657831
counter/5/0/0/0,3982:1747647652520:,1747647657831
counter/6/0/0/0,3778:1747647653040:,1747647657831
counter/5/0/0/0,3983:1747647652520:,1747647657832
counter/5/0/0/0,3984:1747647652521:,1747647657832
counter/5/0/0/0,3985:1747647652522:,1747647657832
counter/5/0/0/0,3986:1747647652522:,1747647657832
counter/5/0/0/0,3987:1747647652522:,1747647657832
counter/5/0/0/0,3988:1747647652522:,1747647657832
counter/5/0/0/0,3989:1747647652522:,1747647657832
counter/4/0/0/0,4311:1747647653140:,1747647657833
counter/5/0/0/0,3990:1747647652522:,1747647657833
counter/6/0/0/0,3779:1747647653040:,1747647657833
counter/7/0/0/0,3921:1747647652844:,1747647657833
counter/10/0/0/0,3782:1747647652657:,1747647657833
counter/5/0/0/0,3991:1747647652522:,1747647657834
counter/7/0/0/0,3922:1747647652844:,1747647657835
counter/3/0/0/0,4139:1747647652638:,1747647657836
counter/5/0/0/0,3992:1747647652535:,1747647657837
counter/10/0/0/0,3783:1747647652657:,1747647657837
counter/8/0/0/0,4393:1747647652581:,1747647657838
counter/8/0/0/0,4394:1747647652581:,1747647657838
counter/8/0/0/0,4395:1747647652581:,1747647657838
counter/8/0/0/0,4396:1747647652581:,1747647657838
counter/8/0/0/0,4397:1747647652581:,1747647657838
counter/7/0/0/0,3923:1747647652852:,1747647657840
counter/1/0/0/0,4313:1747647653182:,1747647657840
counter/6/0/0/0,3780:1747647653040:,1747647657840
counter/3/0/0/0,4140:1747647652638:,1747647657840
counter/7/0/0/0,3924:1747647652852:,1747647657841
counter/3/0/0/0,4141:1747647652638:,1747647657842
counter/2/0/0/0,3781:1747647652194:,1747647657842
counter/1/0/0/0,4314:1747647653182:,1747647657847
counter/4/0/0/0,4312:1747647653140:,1747647657847
counter/4/0/0/0,4313:1747647653140:,1747647657847
counter/4/0/0/0,4314:1747647653140:,1747647657847
counter/4/0/0/0,4315:1747647653140:,1747647657847
counter/4/0/0/0,4316:1747647653140:,1747647657847
counter/4/0/0/0,4317:1747647653140:,1747647657848
counter/10/0/0/0,3784:1747647652660:,1747647657848
counter/4/0/0/0,4318:1747647653140:,1747647657848
counter/7/0/0/0,3925:1747647652852:,1747647657848
counter/3/0/0/0,4142:1747647652643:,1747647657848
counter/3/0/0/0,4143:1747647652643:,1747647657848
counter/6/0/0/0,3781:1747647653040:,1747647657849
counter/9/0/0/0,4231:1747647652975:,1747647657849
counter/1/0/0/0,4315:1747647653182:,1747647657849
counter/1/0/0/0,4316:1747647653182:,1747647657849
counter/1/0/0/0,4317:1747647653182:,1747647657849
counter/1/0/0/0,4318:1747647653182:,1747647657849
counter/1/0/0/0,4319:1747647653182:,1747647657849
counter/1/0/0/0,4320:1747647653182:,1747647657849
counter/1/0/0/0,4321:1747647653183:,1747647657849
counter/3/0/0/0,4144:1747647652643:,1747647657849
counter/1/0/0/0,4322:1747647653183:,1747647657850
counter/3/0/0/0,4145:1747647652650:,1747647657850
counter/1/0/0/0,4323:1747647653183:,1747647657850
counter/8/0/0/0,4398:1747647652581:,1747647657850
counter/9/0/0/0,4232:1747647652975:,1747647657850
counter/4/0/0/0,4319:1747647653140:,1747647657854
counter/6/0/0/0,3782:1747647653040:,1747647657854
counter/10/0/0/0,3785:1747647652660:,1747647657855
counter/1/0/0/0,4324:1747647653183:,1747647657855
counter/1/0/0/0,4325:1747647653183:,1747647657855
counter/8/0/0/0,4399:1747647652581:,1747647657855
counter/8/0/0/0,4400:1747647652581:,1747647657855
counter/7/0/0/0,3926:1747647652852:,1747647657856
counter/7/0/0/0,3927:1747647652852:,1747647657856
counter/3/0/0/0,4146:1747647652660:,1747647657856
counter/3/0/0/0,4147:1747647652660:,1747647657856
counter/3/0/0/0,4148:1747647652660:,1747647657856
counter/3/0/0/0,4149:1747647652661:,1747647657856
counter/3/0/0/0,4150:1747647652661:,1747647657856
counter/3/0/0/0,4151:1747647652661:,1747647657856
counter/3/0/0/0,4152:1747647652661:,1747647657857
counter/3/0/0/0,4153:1747647652661:,1747647657857
counter/3/0/0/0,4154:1747647652661:,1747647657857
counter/3/0/0/0,4155:1747647652661:,1747647657857
counter/3/0/0/0,4156:1747647652661:,1747647657857
counter/3/0/0/0,4157:1747647652661:,1747647657857
counter/3/0/0/0,4158:1747647652662:,1747647657857
counter/3/0/0/0,4159:1747647652662:,1747647657857
counter/3/0/0/0,4160:1747647652662:,1747647657857
counter/3/0/0/0,4161:1747647652662:,1747647657857
counter/9/0/0/0,4233:1747647652976:,1747647657857
counter/5/0/0/0,3993:1747647652557:,1747647657857
counter/5/0/0/0,3994:1747647652557:,1747647657858
counter/2/0/0/0,3782:1747647652195:,1747647657858
counter/6/0/0/0,3783:1747647653040:,1747647657858
counter/6/0/0/0,3784:1747647653040:,1747647657858
counter/6/0/0/0,3785:1747647653041:,1747647657858
counter/4/0/0/0,4320:1747647653140:,1747647657858
counter/4/0/0/0,4321:1747647653140:,1747647657859
counter/4/0/0/0,4322:1747647653140:,1747647657859
counter/2/0/0/0,3783:1747647652196:,1747647657859
counter/4/0/0/0,4323:1747647653140:,1747647657859
counter/6/0/0/0,3786:1747647653041:,1747647657859
counter/6/0/0/0,3787:1747647653048:,1747647657859
counter/6/0/0/0,3788:1747647653048:,1747647657859
counter/7/0/0/0,3928:1747647652852:,1747647657859
counter/3/0/0/0,4162:1747647652662:,1747647657859
counter/1/0/0/0,4326:1747647653183:,1747647657859
counter/8/0/0/0,4401:1747647652581:,1747647657859
counter/3/0/0/0,4163:1747647652662:,1747647657860
counter/8/0/0/0,4402:1747647652581:,1747647657862
counter/6/0/0/0,3789:1747647653048:,1747647657862
counter/8/0/0/0,4403:1747647652581:,1747647657862
counter/8/0/0/0,4404:1747647652581:,1747647657862
counter/8/0/0/0,4405:1747647652581:,1747647657862
counter/1/0/0/0,4327:1747647653184:,1747647657862
counter/10/0/0/0,3786:1747647652660:,1747647657863
counter/3/0/0/0,4164:1747647652662:,1747647657864
counter/8/0/0/0,4406:1747647652586:,1747647657864
counter/9/0/0/0,4234:1747647652976:,1747647657864
counter/5/0/0/0,3995:1747647652557:,1747647657864
counter/2/0/0/0,3784:1747647652196:,1747647657864
counter/4/0/0/0,4324:1747647653141:,1747647657864
counter/4/0/0/0,4325:1747647653141:,1747647657864
counter/4/0/0/0,4326:1747647653141:,1747647657864
counter/8/0/0/0,4407:1747647652586:,1747647657865
counter/9/0/0/0,4235:1747647652976:,1747647657865
counter/5/0/0/0,3996:1747647652557:,1747647657865
counter/2/0/0/0,3785:1747647652196:,1747647657865
counter/2/0/0/0,3786:1747647652196:,1747647657865
counter/2/0/0/0,3787:1747647652196:,1747647657865
counter/2/0/0/0,3788:1747647652196:,1747647657865
counter/2/0/0/0,3789:1747647652196:,1747647657865
counter/2/0/0/0,3790:1747647652196:,1747647657866
counter/2/0/0/0,3791:1747647652196:,1747647657866
counter/2/0/0/0,3792:1747647652196:,1747647657866
counter/1/0/0/0,4328:1747647653184:,1747647657866
counter/8/0/0/0,4408:1747647652586:,1747647657867
counter/2/0/0/0,3793:1747647652196:,1747647657867
counter/10/0/0/0,3787:1747647652750:,1747647657868
counter/2/0/0/0,3794:1747647652196:,1747647657869
counter/2/0/0/0,3795:1747647652196:,1747647657869
counter/2/0/0/0,3796:1747647652196:,1747647657869
counter/2/0/0/0,3797:1747647652196:,1747647657869
counter/2/0/0/0,3798:1747647652212:,1747647657869
counter/2/0/0/0,3799:1747647652212:,1747647657869
counter/3/0/0/0,4165:1747647652662:,1747647657869
counter/9/0/0/0,4236:1747647652976:,1747647657869
counter/3/0/0/0,4166:1747647652662:,1747647657870
counter/3/0/0/0,4167:1747647652662:,1747647657870
counter/5/0/0/0,3997:1747647652557:,1747647657870
counter/2/0/0/0,3800:1747647652212:,1747647657870
counter/5/0/0/0,3998:1747647652559:,1747647657870
counter/10/0/0/0,3788:1747647652762:,1747647657870
counter/10/0/0/0,3789:1747647652762:,1747647657870
counter/3/0/0/0,4168:1747647652666:,1747647657870
counter/5/0/0/0,3999:1747647652560:,1747647657871
counter/5/0/0/0,4000:1747647652560:,1747647657871
counter/5/0/0/0,4001:1747647652560:,1747647657871
counter/5/0/0/0,4002:1747647652560:,1747647657871
counter/5/0/0/0,4003:1747647652560:,1747647657871
counter/5/0/0/0,4004:1747647652560:,1747647657871
counter/8/0/0/0,4409:1747647652586:,1747647657871
counter/5/0/0/0,4005:1747647652564:,1747647657871
counter/8/0/0/0,4410:1747647652587:,1747647657871
counter/5/0/0/0,4006:1747647652570:,1747647657871
counter/5/0/0/0,4007:1747647652573:,1747647657871
counter/5/0/0/0,4008:1747647652573:,1747647657872
counter/6/0/0/0,3790:1747647653048:,1747647657873
counter/6/0/0/0,3791:1747647653048:,1747647657873
counter/6/0/0/0,3792:1747647653048:,1747647657873
counter/6/0/0/0,3793:1747647653048:,1747647657873
counter/6/0/0/0,3794:1747647653049:,1747647657873
counter/10/0/0/0,3790:1747647652765:,1747647657873
counter/10/0/0/0,3791:1747647652765:,1747647657874
counter/10/0/0/0,3792:1747647652765:,1747647657874
counter/9/0/0/0,4237:1747647652976:,1747647657874
counter/7/0/0/0,3929:1747647652852:,1747647657874
counter/7/0/0/0,3930:1747647652861:,1747647657874
counter/4/0/0/0,4327:1747647653141:,1747647657874
counter/4/0/0/0,4328:1747647653141:,1747647657874
counter/4/0/0/0,4329:1747647653141:,1747647657874
counter/4/0/0/0,4330:1747647653142:,1747647657874
counter/4/0/0/0,4331:1747647653142:,1747647657874
counter/4/0/0/0,4332:1747647653142:,1747647657874
counter/4/0/0/0,4333:1747647653143:,1747647657874
counter/4/0/0/0,4334:1747647653143:,1747647657874
counter/4/0/0/0,4335:1747647653143:,1747647657875
counter/4/0/0/0,4336:1747647653143:,1747647657875
counter/4/0/0/0,4337:1747647653143:,1747647657875
counter/2/0/0/0,3801:1747647652212:,1747647657875
counter/8/0/0/0,4411:1747647652587:,1747647657875
counter/2/0/0/0,3802:1747647652212:,1747647657875
counter/2/0/0/0,3803:1747647652212:,1747647657875
counter/2/0/0/0,3804:1747647652212:,1747647657875
counter/9/0/0/0,4238:1747647652976:,1747647657875
counter/6/0/0/0,3795:1747647653049:,1747647657876
counter/6/0/0/0,3796:1747647653049:,1747647657876
counter/3/0/0/0,4169:1747647652666:,1747647657876
counter/6/0/0/0,3797:1747647653049:,1747647657876
counter/8/0/0/0,4412:1747647652587:,1747647657876
counter/10/0/0/0,3793:1747647652765:,1747647657876
counter/10/0/0/0,3794:1747647652765:,1747647657876
counter/10/0/0/0,3795:1747647652765:,1747647657876
counter/10/0/0/0,3796:1747647652765:,1747647657876
counter/10/0/0/0,3797:1747647652766:,1747647657877
counter/10/0/0/0,3798:1747647652766:,1747647657877
counter/2/0/0/0,3805:1747647652212:,1747647657877
counter/3/0/0/0,4170:1747647652666:,1747647657877
counter/10/0/0/0,3799:1747647652766:,1747647657877
counter/3/0/0/0,4171:1747647652666:,1747647657879
counter/10/0/0/0,3800:1747647652766:,1747647657879
counter/10/0/0/0,3801:1747647652766:,1747647657879
counter/10/0/0/0,3802:1747647652766:,1747647657879
counter/10/0/0/0,3803:1747647652766:,1747647657879
counter/10/0/0/0,3804:1747647652766:,1747647657879
counter/10/0/0/0,3805:1747647652766:,1747647657879
counter/10/0/0/0,3806:1747647652766:,1747647657879
counter/1/0/0/0,4329:1747647653185:,1747647657879
counter/9/0/0/0,4239:1747647652977:,1747647657879
counter/1/0/0/0,4330:1747647653186:,1747647657879
counter/2/0/0/0,3806:1747647652212:,1747647657880
counter/5/0/0/0,4009:1747647652573:,1747647657880
counter/1/0/0/0,4331:1747647653186:,1747647657881
counter/1/0/0/0,4332:1747647653186:,1747647657881
counter/1/0/0/0,4333:1747647653187:,1747647657881
counter/1/0/0/0,4334:1747647653187:,1747647657881
counter/5/0/0/0,4010:1747647652573:,1747647657882
counter/1/0/0/0,4335:1747647653187:,1747647657883
counter/8/0/0/0,4413:1747647652587:,1747647657883
counter/8/0/0/0,4414:1747647652587:,1747647657883
counter/5/0/0/0,4011:1747647652573:,1747647657883
counter/1/0/0/0,4336:1747647653188:,1747647657885
counter/9/0/0/0,4240:1747647652977:,1747647657885
counter/9/0/0/0,4241:1747647652986:,1747647657885
counter/9/0/0/0,4242:1747647652986:,1747647657886
counter/7/0/0/0,3931:1747647652861:,1747647657886
counter/4/0/0/0,4338:1747647653143:,1747647657889
counter/6/0/0/0,3798:1747647653049:,1747647657889
counter/9/0/0/0,4243:1747647652986:,1747647657889
counter/1/0/0/0,4337:1747647653188:,1747647657890
counter/5/0/0/0,4012:1747647652573:,1747647657890
counter/5/0/0/0,4013:1747647652573:,1747647657890
counter/6/0/0/0,3799:1747647653049:,1747647657890
counter/3/0/0/0,4172:1747647652666:,1747647657890
counter/3/0/0/0,4173:1747647652756:,1747647657890
counter/3/0/0/0,4174:1747647652763:,1747647657890
counter/9/0/0/0,4244:1747647652986:,1747647657890
counter/3/0/0/0,4175:1747647652766:,1747647657893
counter/1/0/0/0,4338:1747647653188:,1747647657893
counter/2/0/0/0,3807:1747647652212:,1747647657893
counter/10/0/0/0,3807:1747647652782:,1747647657893
counter/7/0/0/0,3932:1747647652861:,1747647657894
counter/7/0/0/0,3933:1747647652861:,1747647657894
counter/7/0/0/0,3934:1747647652862:,1747647657894
counter/7/0/0/0,3935:1747647652862:,1747647657894
counter/7/0/0/0,3936:1747647652862:,1747647657894
counter/8/0/0/0,4415:1747647652587:,1747647657894
counter/9/0/0/0,4245:1747647652986:,1747647657894
counter/2/0/0/0,3808:1747647652221:,1747647657895
counter/10/0/0/0,3808:1747647652782:,1747647657895
counter/5/0/0/0,4014:1747647652573:,1747647657895
counter/8/0/0/0,4416:1747647652587:,1747647657895
counter/8/0/0/0,4417:1747647652587:,1747647657896
counter/8/0/0/0,4418:1747647652587:,1747647657896
counter/8/0/0/0,4419:1747647652587:,1747647657896
counter/3/0/0/0,4176:1747647652767:,1747647657896
counter/8/0/0/0,4420:1747647652587:,1747647657897
counter/8/0/0/0,4421:1747647652587:,1747647657897
counter/2/0/0/0,3809:1747647652221:,1747647657897
counter/10/0/0/0,3809:1747647652782:,1747647657897
counter/8/0/0/0,4422:1747647652587:,1747647657897
counter/10/0/0/0,3810:1747647652782:,1747647657897
counter/10/0/0/0,3811:1747647652782:,1747647657898
counter/8/0/0/0,4423:1747647652587:,1747647657899
counter/10/0/0/0,3812:1747647652782:,1747647657899
counter/10/0/0/0,3813:1747647652782:,1747647657899
counter/10/0/0/0,3814:1747647652782:,1747647657899
counter/10/0/0/0,3815:1747647652782:,1747647657899
counter/10/0/0/0,3816:1747647652782:,1747647657899
counter/7/0/0/0,3937:1747647652862:,1747647657899
counter/6/0/0/0,3800:1747647653053:,1747647657900
counter/5/0/0/0,4015:1747647652573:,1747647657901
counter/5/0/0/0,4016:1747647652573:,1747647657901
counter/2/0/0/0,3810:1747647652221:,1747647657901
counter/8/0/0/0,4424:1747647652587:,1747647657901
counter/4/0/0/0,4339:1747647653143:,1747647657901
counter/2/0/0/0,3811:1747647652221:,1747647657904
counter/5/0/0/0,4017:1747647652574:,1747647657904
counter/9/0/0/0,4246:1747647652986:,1747647657904
counter/9/0/0/0,4247:1747647652986:,1747647657904
counter/9/0/0/0,4248:1747647652986:,1747647657904
counter/10/0/0/0,3817:1747647652782:,1747647657904
counter/10/0/0/0,3818:1747647652782:,1747647657904
counter/10/0/0/0,3819:1747647652784:,1747647657904
counter/4/0/0/0,4340:1747647653143:,1747647657904
counter/4/0/0/0,4341:1747647653143:,1747647657904
counter/4/0/0/0,4342:1747647653143:,1747647657904
counter/2/0/0/0,3812:1747647652221:,1747647657905
counter/1/0/0/0,4339:1747647653188:,1747647657905
counter/1/0/0/0,4340:1747647653188:,1747647657905
counter/6/0/0/0,3801:1747647653053:,1747647657905
counter/6/0/0/0,3802:1747647653054:,1747647657905
counter/9/0/0/0,4249:1747647652986:,1747647657905
counter/8/0/0/0,4425:1747647652607:,1747647657906
counter/8/0/0/0,4426:1747647652607:,1747647657906
counter/8/0/0/0,4427:1747647652607:,1747647657906
counter/5/0/0/0,4018:1747647652574:,1747647657906
counter/5/0/0/0,4019:1747647652574:,1747647657906
counter/5/0/0/0,4020:1747647652574:,1747647657906
counter/7/0/0/0,3938:1747647652862:,1747647657906
counter/10/0/0/0,3820:1747647652784:,1747647657906
counter/10/0/0/0,3821:1747647652784:,1747647657906
counter/10/0/0/0,3822:1747647652784:,1747647657906
counter/10/0/0/0,3823:1747647652784:,1747647657906
counter/10/0/0/0,3824:1747647652784:,1747647657907
counter/9/0/0/0,4250:1747647652986:,1747647657907
counter/3/0/0/0,4177:1747647652767:,1747647657908
counter/7/0/0/0,3939:1747647652862:,1747647657908
counter/4/0/0/0,4343:1747647653143:,1747647657908
counter/7/0/0/0,3940:1747647652862:,1747647657908
counter/4/0/0/0,4344:1747647653143:,1747647657908
counter/10/0/0/0,3825:1747647652784:,1747647657908
counter/10/0/0/0,3826:1747647652784:,1747647657908
counter/10/0/0/0,3827:1747647652784:,1747647657908
counter/10/0/0/0,3828:1747647652784:,1747647657908
counter/10/0/0/0,3829:1747647652785:,1747647657908
counter/10/0/0/0,3830:1747647652785:,1747647657908
counter/1/0/0/0,4341:1747647653188:,1747647657908
counter/7/0/0/0,3941:1747647652865:,1747647657908
counter/4/0/0/0,4345:1747647653143:,1747647657908
counter/4/0/0/0,4346:1747647653147:,1747647657908
counter/4/0/0/0,4347:1747647653148:,1747647657908
counter/4/0/0/0,4348:1747647653148:,1747647657909
counter/3/0/0/0,4178:1747647652767:,1747647657909
counter/1/0/0/0,4342:1747647653188:,1747647657909
counter/1/0/0/0,4343:1747647653188:,1747647657910
counter/1/0/0/0,4344:1747647653188:,1747647657910
counter/1/0/0/0,4345:1747647653188:,1747647657910
counter/1/0/0/0,4346:1747647653188:,1747647657910
counter/2/0/0/0,3813:1747647652221:,1747647657910
counter/10/0/0/0,3831:1747647652785:,1747647657910
counter/6/0/0/0,3803:1747647653054:,1747647657912
counter/6/0/0/0,3804:1747647653054:,1747647657912
counter/6/0/0/0,3805:1747647653054:,1747647657912
counter/4/0/0/0,4349:1747647653148:,1747647657912
counter/1/0/0/0,4347:1747647653188:,1747647657912
counter/4/0/0/0,4350:1747647653148:,1747647657914
counter/4/0/0/0,4351:1747647653148:,1747647657914
counter/1/0/0/0,4348:1747647653188:,1747647657914
counter/4/0/0/0,4352:1747647653148:,1747647657914
counter/9/0/0/0,4251:1747647652986:,1747647657914
counter/6/0/0/0,3806:1747647653054:,1747647657914
counter/6/0/0/0,3807:1747647653054:,1747647657914
counter/8/0/0/0,4428:1747647652607:,1747647657915
counter/4/0/0/0,4353:1747647653148:,1747647657917
counter/4/0/0/0,4354:1747647653148:,1747647657917
counter/4/0/0/0,4355:1747647653148:,1747647657917
counter/4/0/0/0,4356:1747647653148:,1747647657917
counter/8/0/0/0,4429:1747647652607:,1747647657917
counter/4/0/0/0,4357:1747647653148:,1747647657917
counter/4/0/0/0,4358:1747647653148:,1747647657917
counter/10/0/0/0,3832:1747647652785:,1747647657917
counter/10/0/0/0,3833:1747647652785:,1747647657917
counter/10/0/0/0,3834:1747647652785:,1747647657917
counter/10/0/0/0,3835:1747647652785:,1747647657917
counter/10/0/0/0,3836:1747647652785:,1747647657917
counter/1/0/0/0,4349:1747647653188:,1747647657918
counter/4/0/0/0,4359:1747647653148:,1747647657918
counter/9/0/0/0,4252:1747647652986:,1747647657919
counter/9/0/0/0,4253:1747647652986:,1747647657919
counter/9/0/0/0,4254:1747647653005:,1747647657919
counter/2/0/0/0,3814:1747647652221:,1747647657919
counter/4/0/0/0,4360:1747647653148:,1747647657919
counter/4/0/0/0,4361:1747647653150:,1747647657919
counter/4/0/0/0,4362:1747647653150:,1747647657919
counter/4/0/0/0,4363:1747647653150:,1747647657919
counter/9/0/0/0,4255:1747647653005:,1747647657921
counter/9/0/0/0,4256:1747647653005:,1747647657921
counter/9/0/0/0,4257:1747647653005:,1747647657921
counter/9/0/0/0,4258:1747647653005:,1747647657921
counter/9/0/0/0,4259:1747647653008:,1747647657921
counter/9/0/0/0,4260:1747647653009:,1747647657922
counter/9/0/0/0,4261:1747647653009:,1747647657922
counter/9/0/0/0,4262:1747647653009:,1747647657922
counter/9/0/0/0,4263:1747647653009:,1747647657922
counter/9/0/0/0,4264:1747647653009:,1747647657922
counter/5/0/0/0,4021:1747647652574:,1747647657922
counter/6/0/0/0,3808:1747647653055:,1747647657922
counter/2/0/0/0,3815:1747647652223:,1747647657922
counter/8/0/0/0,4430:1747647652607:,1747647657922
counter/2/0/0/0,3816:1747647652228:,1747647657922
counter/8/0/0/0,4431:1747647652607:,1747647657922
counter/2/0/0/0,3817:1747647652231:,1747647657922
counter/3/0/0/0,4179:1747647652767:,1747647657922
counter/3/0/0/0,4180:1747647652767:,1747647657922
counter/9/0/0/0,4265:1747647653009:,1747647657923
counter/9/0/0/0,4266:1747647653009:,1747647657923
counter/9/0/0/0,4267:1747647653009:,1747647657923
counter/9/0/0/0,4268:1747647653009:,1747647657923
counter/9/0/0/0,4269:1747647653009:,1747647657923
counter/9/0/0/0,4270:1747647653009:,1747647657923
counter/9/0/0/0,4271:1747647653009:,1747647657923
counter/10/0/0/0,3837:1747647652785:,1747647657923
counter/8/0/0/0,4432:1747647652607:,1747647657924
counter/6/0/0/0,3809:1747647653055:,1747647657925
counter/3/0/0/0,4181:1747647652767:,1747647657927
counter/3/0/0/0,4182:1747647652767:,1747647657927
counter/3/0/0/0,4183:1747647652767:,1747647657927
counter/3/0/0/0,4184:1747647652767:,1747647657927
counter/1/0/0/0,4350:1747647653188:,1747647657928
counter/8/0/0/0,4433:1747647652607:,1747647657929
counter/2/0/0/0,3818:1747647652231:,1747647657929
counter/2/0/0/0,3819:1747647652231:,1747647657929
counter/2/0/0/0,3820:1747647652231:,1747647657929
counter/2/0/0/0,3821:1747647652231:,1747647657929
counter/2/0/0/0,3822:1747647652231:,1747647657930
counter/3/0/0/0,4185:1747647652767:,1747647657930
counter/3/0/0/0,4186:1747647652767:,1747647657930
counter/3/0/0/0,4187:1747647652767:,1747647657930
counter/10/0/0/0,3838:1747647652785:,1747647657930
counter/9/0/0/0,4272:1747647653009:,1747647657930
counter/6/0/0/0,3810:1747647653055:,1747647657930
counter/9/0/0/0,4273:1747647653009:,1747647657930
counter/9/0/0/0,4274:1747647653009:,1747647657930
counter/9/0/0/0,4275:1747647653009:,1747647657930
counter/9/0/0/0,4276:1747647653009:,1747647657930
counter/9/0/0/0,4277:1747647653009:,1747647657930
counter/9/0/0/0,4278:1747647653009:,1747647657930
counter/9/0/0/0,4279:1747647653009:,1747647657930
counter/9/0/0/0,4280:1747647653009:,1747647657930
counter/8/0/0/0,4434:1747647652607:,1747647657930
counter/8/0/0/0,4435:1747647652607:,1747647657930
counter/8/0/0/0,4436:1747647652608:,1747647657930
counter/8/0/0/0,4437:1747647652608:,1747647657930
counter/4/0/0/0,4364:1747647653150:,1747647657930
counter/4/0/0/0,4365:1747647653150:,1747647657930
counter/4/0/0/0,4366:1747647653150:,1747647657931
counter/4/0/0/0,4367:1747647653150:,1747647657931
counter/4/0/0/0,4368:1747647653150:,1747647657931
counter/4/0/0/0,4369:1747647653150:,1747647657931
counter/4/0/0/0,4370:1747647653150:,1747647657931
counter/6/0/0/0,3811:1747647653056:,1747647657931
counter/9/0/0/0,4281:1747647653009:,1747647657931
counter/2/0/0/0,3823:1747647652231:,1747647657932
counter/1/0/0/0,4351:1747647653191:,1747647657932
counter/7/0/0/0,3942:1747647652865:,1747647657932
counter/7/0/0/0,3943:1747647652865:,1747647657932
counter/7/0/0/0,3944:1747647652865:,1747647657932
counter/4/0/0/0,4371:1747647653150:,1747647657932
counter/4/0/0/0,4372:1747647653150:,1747647657932
counter/1/0/0/0,4352:1747647653191:,1747647657933
counter/2/0/0/0,3824:1747647652231:,1747647657934
counter/2/0/0/0,3825:1747647652231:,1747647657934
counter/2/0/0/0,3826:1747647652231:,1747647657934
counter/2/0/0/0,3827:1747647652231:,1747647657934
counter/2/0/0/0,3828:1747647652233:,1747647657934
counter/2/0/0/0,3829:1747647652236:,1747647657934
counter/3/0/0/0,4188:1747647652767:,1747647657934
counter/9/0/0/0,4282:1747647653011:,1747647657935
counter/9/0/0/0,4283:1747647653016:,1747647657935
counter/9/0/0/0,4284:1747647653017:,1747647657935
counter/9/0/0/0,4285:1747647653017:,1747647657935
counter/9/0/0/0,4286:1747647653017:,1747647657935
counter/9/0/0/0,4287:1747647653020:,1747647657935
counter/9/0/0/0,4288:1747647653026:,1747647657935
counter/9/0/0/0,4289:1747647653026:,1747647657935
counter/9/0/0/0,4290:1747647653026:,1747647657935
counter/4/0/0/0,4373:1747647653150:,1747647657935
counter/4/0/0/0,4374:1747647653150:,1747647657935
counter/4/0/0/0,4375:1747647653150:,1747647657935
counter/4/0/0/0,4376:1747647653150:,1747647657935
counter/8/0/0/0,4438:1747647652608:,1747647657936
counter/8/0/0/0,4439:1747647652608:,1747647657936
counter/9/0/0/0,4291:1747647653026:,1747647657938
counter/1/0/0/0,4353:1747647653191:,1747647657939
counter/5/0/0/0,4022:1747647652574:,1747647657939
counter/5/0/0/0,4023:1747647652575:,1747647657939
counter/9/0/0/0,4292:1747647653026:,1747647657940
counter/4/0/0/0,4377:1747647653150:,1747647657940
counter/9/0/0/0,4293:1747647653026:,1747647657943
counter/5/0/0/0,4024:1747647652575:,1747647657944
counter/4/0/0/0,4378:1747647653150:,1747647657945
counter/9/0/0/0,4294:1747647653026:,1747647657945
counter/9/0/0/0,4295:1747647653026:,1747647657945
counter/9/0/0/0,4296:1747647653026:,1747647657945
counter/7/0/0/0,3945:1747647652865:,1747647657945
counter/7/0/0/0,3946:1747647652865:,1747647657945
counter/7/0/0/0,3947:1747647652865:,1747647657945
counter/7/0/0/0,3948:1747647652893:,1747647657945
counter/7/0/0/0,3949:1747647652893:,1747647657945
counter/7/0/0/0,3950:1747647652893:,1747647657945
counter/7/0/0/0,3951:1747647652893:,1747647657945
counter/1/0/0/0,4354:1747647653191:,1747647657945
counter/7/0/0/0,3952:1747647652893:,1747647657946
counter/7/0/0/0,3953:1747647652893:,1747647657946
counter/9/0/0/0,4297:1747647653026:,1747647657946
counter/9/0/0/0,4298:1747647653026:,1747647657946
counter/9/0/0/0,4299:1747647653046:,1747647657946
counter/9/0/0/0,4300:1747647653046:,1747647657946
counter/9/0/0/0,4301:1747647653046:,1747647657946
counter/9/0/0/0,4302:1747647653046:,1747647657946
counter/6/0/0/0,3812:1747647653056:,1747647657949
counter/7/0/0/0,3954:1747647652893:,1747647657949
counter/7/0/0/0,3955:1747647652893:,1747647657949
counter/7/0/0/0,3956:1747647652894:,1747647657949
counter/7/0/0/0,3957:1747647652894:,1747647657950
counter/7/0/0/0,3958:1747647652894:,1747647657950
counter/1/0/0/0,4355:1747647653199:,1747647657952
counter/7/0/0/0,3959:1747647652894:,1747647657953
counter/4/0/0/0,4379:1747647653150:,1747647657953
counter/2/0/0/0,3830:1747647652237:,1747647657954
counter/2/0/0/0,3831:1747647652237:,1747647657954
counter/2/0/0/0,3832:1747647652237:,1747647657955
counter/2/0/0/0,3833:1747647652237:,1747647657955
counter/2/0/0/0,3834:1747647652237:,1747647657955
counter/2/0/0/0,3835:1747647652237:,1747647657955
counter/2/0/0/0,3836:1747647652237:,1747647657955
counter/2/0/0/0,3837:1747647652237:,1747647657955
counter/2/0/0/0,3838:1747647652237:,1747647657955
counter/9/0/0/0,4303:1747647653046:,1747647657955
counter/1/0/0/0,4356:1747647653199:,1747647657955
counter/7/0/0/0,3960:1747647652894:,1747647657955
counter/4/0/0/0,4380:1747647653150:,1747647657956
counter/8/0/0/0,4440:1747647652608:,1747647657956
counter/8/0/0/0,4441:1747647652614:,1747647657956
counter/8/0/0/0,4442:1747647652614:,1747647657956
counter/8/0/0/0,4443:1747647652614:,1747647657957
counter/8/0/0/0,4444:1747647652614:,1747647657957
counter/3/0/0/0,4189:1747647652772:,1747647657957
counter/8/0/0/0,4445:1747647652614:,1747647657957
counter/2/0/0/0,3839:1747647652237:,1747647657957
counter/9/0/0/0,4304:1747647653046:,1747647657957
counter/8/0/0/0,4446:1747647652614:,1747647657959
counter/3/0/0/0,4190:1747647652772:,1747647657959
counter/3/0/0/0,4191:1747647652772:,1747647657960
counter/3/0/0/0,4192:1747647652772:,1747647657960
counter/8/0/0/0,4447:1747647652617:,1747647657961
counter/2/0/0/0,3840:1747647652237:,1747647657961
counter/3/0/0/0,4193:1747647652772:,1747647657961
counter/3/0/0/0,4194:1747647652772:,1747647657962
counter/3/0/0/0,4195:1747647652772:,1747647657962
counter/3/0/0/0,4196:1747647652772:,1747647657962
counter/7/0/0/0,3961:1747647652894:,1747647657962
counter/3/0/0/0,4197:1747647652772:,1747647657962
counter/3/0/0/0,4198:1747647652772:,1747647657962
counter/5/0/0/0,4025:1747647652575:,1747647657962
counter/5/0/0/0,4026:1747647652575:,1747647657962
counter/5/0/0/0,4027:1747647652575:,1747647657962
counter/5/0/0/0,4028:1747647652575:,1747647657962
counter/2/0/0/0,3841:1747647652239:,1747647657962
counter/1/0/0/0,4357:1747647653199:,1747647657962
counter/7/0/0/0,3962:1747647652894:,1747647657963
counter/7/0/0/0,3963:1747647652894:,1747647657964
counter/3/0/0/0,4199:1747647652773:,1747647657964
counter/10/0/0/0,3839:1747647652785:,1747647657964
counter/10/0/0/0,3840:1747647652785:,1747647657964
counter/10/0/0/0,3841:1747647652785:,1747647657964
counter/10/0/0/0,3842:1747647652785:,1747647657964
counter/10/0/0/0,3843:1747647652785:,1747647657964
counter/4/0/0/0,4381:1747647653151:,1747647657964
counter/6/0/0/0,3813:1747647653056:,1747647657964
counter/5/0/0/0,4029:1747647652575:,1747647657965
counter/3/0/0/0,4200:1747647652773:,1747647657967
counter/10/0/0/0,3844:1747647652785:,1747647657968
counter/10/0/0/0,3845:1747647652785:,1747647657968
counter/10/0/0/0,3846:1747647652785:,1747647657968
counter/1/0/0/0,4358:1747647653199:,1747647657968
counter/9/0/0/0,4305:1747647653046:,1747647657968
counter/9/0/0/0,4306:1747647653046:,1747647657968
counter/9/0/0/0,4307:1747647653046:,1747647657968
counter/9/0/0/0,4308:1747647653046:,1747647657968
counter/9/0/0/0,4309:1747647653046:,1747647657968
counter/10/0/0/0,3847:1747647652785:,1747647657968
counter/4/0/0/0,4382:1747647653151:,1747647657969
counter/5/0/0/0,4030:1747647652575:,1747647657969
counter/5/0/0/0,4031:1747647652575:,1747647657969
counter/5/0/0/0,4032:1747647652575:,1747647657969
counter/5/0/0/0,4033:1747647652575:,1747647657969
counter/5/0/0/0,4034:1747647652575:,1747647657969
counter/5/0/0/0,4035:1747647652575:,1747647657969
counter/10/0/0/0,3848:1747647652785:,1747647657970
counter/8/0/0/0,4448:1747647652617:,1747647657970
counter/8/0/0/0,4449:1747647652617:,1747647657970
counter/8/0/0/0,4450:1747647652617:,1747647657970
counter/8/0/0/0,4451:1747647652617:,1747647657970
counter/8/0/0/0,4452:1747647652617:,1747647657970
counter/1/0/0/0,4359:1747647653199:,1747647657970
counter/1/0/0/0,4360:1747647653199:,1747647657972
counter/8/0/0/0,4453:1747647652617:,1747647657974
counter/3/0/0/0,4201:1747647652773:,1747647657976
counter/3/0/0/0,4202:1747647652773:,1747647657976
counter/3/0/0/0,4203:1747647652774:,1747647657976
counter/3/0/0/0,4204:1747647652774:,1747647657976
counter/3/0/0/0,4205:1747647652774:,1747647657976
counter/3/0/0/0,4206:1747647652774:,1747647657976
counter/1/0/0/0,4361:1747647653199:,1747647657979
counter/3/0/0/0,4207:1747647652774:,1747647657979
counter/3/0/0/0,4208:1747647652774:,1747647657980
counter/3/0/0/0,4209:1747647652774:,1747647657980
counter/3/0/0/0,4210:1747647652776:,1747647657980
counter/3/0/0/0,4211:1747647652777:,1747647657980
counter/3/0/0/0,4212:1747647652777:,1747647657980
counter/3/0/0/0,4213:1747647652777:,1747647657980
counter/3/0/0/0,4214:1747647652777:,1747647657980
counter/2/0/0/0,3842:1747647652239:,1747647657980
counter/9/0/0/0,4310:1747647653046:,1747647657980
counter/7/0/0/0,3964:1747647652894:,1747647657981
counter/4/0/0/0,4383:1747647653151:,1747647657981
counter/1/0/0/0,4362:1747647653199:,1747647657981
counter/3/0/0/0,4215:1747647652783:,1747647657981
counter/3/0/0/0,4216:1747647652783:,1747647657981
counter/3/0/0/0,4217:1747647652783:,1747647657982
counter/3/0/0/0,4218:1747647652783:,1747647657982
counter/3/0/0/0,4219:1747647652783:,1747647657982
counter/3/0/0/0,4220:1747647652783:,1747647657982
counter/10/0/0/0,3849:1747647652785:,1747647657983
counter/8/0/0/0,4454:1747647652617:,1747647657983
counter/8/0/0/0,4455:1747647652617:,1747647657983
counter/2/0/0/0,3843:1747647652239:,1747647657984
counter/10/0/0/0,3850:1747647652785:,1747647657984
counter/8/0/0/0,4456:1747647652617:,1747647657984
counter/8/0/0/0,4457:1747647652617:,1747647657984
counter/8/0/0/0,4458:1747647652617:,1747647657984
counter/8/0/0/0,4459:1747647652617:,1747647657984
counter/8/0/0/0,4460:1747647652617:,1747647657984
counter/8/0/0/0,4461:1747647652618:,1747647657984
counter/8/0/0/0,4462:1747647652618:,1747647657984
counter/1/0/0/0,4363:1747647653199:,1747647657985
counter/1/0/0/0,4364:1747647653199:,1747647657985
counter/4/0/0/0,4384:1747647653151:,1747647657985
counter/7/0/0/0,3965:1747647652894:,1747647657986
counter/8/0/0/0,4463:1747647652618:,1747647657988
counter/1/0/0/0,4365:1747647653199:,1747647657990
counter/5/0/0/0,4036:1747647652575:,1747647657990
counter/8/0/0/0,4464:1747647652618:,1747647657990
counter/8/0/0/0,4465:1747647652618:,1747647657990
counter/8/0/0/0,4466:1747647652621:,1747647657990
counter/8/0/0/0,4467:1747647652621:,1747647657990
counter/8/0/0/0,4468:1747647652621:,1747647657990
counter/9/0/0/0,4311:1747647653046:,1747647657993
counter/3/0/0/0,4221:1747647652783:,1747647657993
counter/3/0/0/0,4222:1747647652783:,1747647657993
counter/2/0/0/0,3844:1747647652239:,1747647657993
counter/2/0/0/0,3845:1747647652239:,1747647657993
counter/2/0/0/0,3846:1747647652239:,1747647657994
counter/10/0/0/0,3851:1747647652785:,1747647657994
counter/10/0/0/0,3852:1747647652785:,1747647657994
counter/2/0/0/0,3847:1747647652239:,1747647657994
counter/7/0/0/0,3966:1747647652894:,1747647657994
counter/2/0/0/0,3848:1747647652240:,1747647657994
counter/3/0/0/0,4223:1747647652783:,1747647657996
counter/3/0/0/0,4224:1747647652783:,1747647657996
counter/3/0/0/0,4225:1747647652790:,1747647657996
counter/3/0/0/0,4226:1747647652790:,1747647657996
counter/3/0/0/0,4227:1747647652790:,1747647657996
counter/3/0/0/0,4228:1747647652790:,1747647657996
counter/7/0/0/0,3967:1747647652894:,1747647657996
counter/3/0/0/0,4229:1747647652790:,1747647657996
counter/7/0/0/0,3968:1747647652894:,1747647657997
counter/7/0/0/0,3969:1747647652894:,1747647657997
counter/5/0/0/0,4037:1747647652575:,1747647657997
counter/6/0/0/0,3814:1747647653056:,1747647657998
counter/2/0/0/0,3849:1747647652240:,1747647657998
counter/2/0/0/0,3850:1747647652240:,1747647657998
counter/4/0/0/0,4385:1747647653151:,1747647657998
counter/4/0/0/0,4386:1747647653151:,1747647657998
counter/4/0/0/0,4387:1747647653151:,1747647657998
counter/4/0/0/0,4388:1747647653151:,1747647657998
counter/4/0/0/0,4389:1747647653151:,1747647657998
counter/7/0/0/0,3970:1747647652894:,1747647657999
counter/10/0/0/0,3853:1747647652785:,1747647658000
counter/8/0/0/0,4469:1747647652621:,1747647658000
counter/6/0/0/0,3815:1747647653056:,1747647658000
counter/8/0/0/0,4470:1747647652621:,1747647658000
counter/6/0/0/0,3816:1747647653056:,1747647658000
counter/2/0/0/0,3851:1747647652240:,1747647658001
counter/10/0/0/0,3854:1747647652785:,1747647658001
counter/5/0/0/0,4038:1747647652578:,1747647658001
counter/8/0/0/0,4471:1747647652621:,1747647658001
counter/8/0/0/0,4472:1747647652621:,1747647658001
counter/1/0/0/0,4366:1747647653199:,1747647658002
counter/7/0/0/0,3971:1747647652897:,1747647658002
counter/7/0/0/0,3972:1747647652897:,1747647658002
counter/7/0/0/0,3973:1747647652897:,1747647658003
counter/7/0/0/0,3974:1747647652899:,1747647658003
counter/7/0/0/0,3975:1747647652899:,1747647658003
counter/7/0/0/0,3976:1747647652899:,1747647658003
counter/7/0/0/0,3977:1747647652899:,1747647658003
counter/7/0/0/0,3978:1747647652899:,1747647658003
counter/7/0/0/0,3979:1747647652899:,1747647658003
counter/7/0/0/0,3980:1747647652899:,1747647658003
counter/1/0/0/0,4367:1747647653200:,1747647658003
counter/9/0/0/0,4312:1747647653046:,1747647658004
counter/2/0/0/0,3852:1747647652240:,1747647658005
counter/2/0/0/0,3853:1747647652240:,1747647658005
counter/2/0/0/0,3854:1747647652240:,1747647658005
counter/2/0/0/0,3855:1747647652240:,1747647658005
counter/1/0/0/0,4368:1747647653201:,1747647658006
counter/1/0/0/0,4369:1747647653201:,1747647658006
counter/6/0/0/0,3817:1747647653056:,1747647658006
counter/6/0/0/0,3818:1747647653056:,1747647658006
counter/6/0/0/0,3819:1747647653056:,1747647658006
counter/6/0/0/0,3820:1747647653056:,1747647658006
counter/9/0/0/0,4313:1747647653046:,1747647658007
counter/2/0/0/0,3856:1747647652240:,1747647658008
counter/2/0/0/0,3857:1747647652240:,1747647658008
counter/2/0/0/0,3858:1747647652240:,1747647658008
counter/2/0/0/0,3859:1747647652240:,1747647658008
counter/2/0/0/0,3860:1747647652241:,1747647658008
counter/2/0/0/0,3861:1747647652241:,1747647658008
counter/2/0/0/0,3862:1747647652241:,1747647658008
counter/2/0/0/0,3863:1747647652241:,1747647658008
counter/5/0/0/0,4039:1747647652578:,1747647658008
counter/2/0/0/0,3864:1747647652241:,1747647658008
counter/6/0/0/0,3821:1747647653066:,1747647658008
counter/10/0/0/0,3855:1747647652785:,1747647658009
counter/10/0/0/0,3856:1747647652785:,1747647658009
counter/1/0/0/0,4370:1747647653201:,1747647658009
counter/7/0/0/0,3981:1747647652899:,1747647658009
counter/7/0/0/0,3982:1747647652907:,1747647658009
counter/7/0/0/0,3983:1747647652907:,1747647658009
counter/7/0/0/0,3984:1747647652908:,1747647658009
counter/7/0/0/0,3985:1747647652908:,1747647658009
counter/7/0/0/0,3986:1747647652908:,1747647658009
counter/7/0/0/0,3987:1747647652908:,1747647658009
counter/7/0/0/0,3988:1747647652908:,1747647658009
counter/7/0/0/0,3989:1747647652908:,1747647658009
counter/3/0/0/0,4230:1747647652790:,1747647658009
counter/5/0/0/0,4040:1747647652578:,1747647658009
counter/8/0/0/0,4473:1747647652621:,1747647658009
counter/8/0/0/0,4474:1747647652621:,1747647658009
counter/8/0/0/0,4475:1747647652621:,1747647658009
counter/8/0/0/0,4476:1747647652621:,1747647658009
counter/8/0/0/0,4477:1747647652621:,1747647658009
counter/8/0/0/0,4478:1747647652621:,1747647658009
counter/8/0/0/0,4479:1747647652621:,1747647658009
counter/8/0/0/0,4480:1747647652621:,1747647658009
counter/8/0/0/0,4481:1747647652622:,1747647658009
counter/8/0/0/0,4482:1747647652634:,1747647658010
counter/8/0/0/0,4483:1747647652634:,1747647658010
counter/8/0/0/0,4484:1747647652634:,1747647658010
counter/9/0/0/0,4314:1747647653051:,1747647658011
counter/2/0/0/0,3865:1747647652241:,1747647658011
counter/1/0/0/0,4371:1747647653201:,1747647658011
counter/1/0/0/0,4372:1747647653201:,1747647658011
counter/1/0/0/0,4373:1747647653201:,1747647658011
counter/1/0/0/0,4374:1747647653201:,1747647658011
counter/1/0/0/0,4375:1747647653201:,1747647658011
counter/1/0/0/0,4376:1747647653201:,1747647658011
counter/1/0/0/0,4377:1747647653201:,1747647658011
counter/7/0/0/0,3990:1747647652910:,1747647658012
counter/5/0/0/0,4041:1747647652578:,1747647658012
counter/2/0/0/0,3866:1747647652241:,1747647658013
counter/2/0/0/0,3867:1747647652244:,1747647658013
counter/2/0/0/0,3868:1747647652244:,1747647658013
counter/2/0/0/0,3869:1747647652244:,1747647658013
counter/2/0/0/0,3870:1747647652244:,1747647658013
counter/2/0/0/0,3871:1747647652253:,1747647658013
counter/2/0/0/0,3872:1747647652254:,1747647658013
counter/2/0/0/0,3873:1747647652254:,1747647658013
counter/2/0/0/0,3874:1747647652254:,1747647658013
counter/2/0/0/0,3875:1747647652254:,1747647658013
counter/2/0/0/0,3876:1747647652254:,1747647658013
counter/2/0/0/0,3877:1747647652258:,1747647658013
counter/2/0/0/0,3878:1747647652258:,1747647658013
counter/2/0/0/0,3879:1747647652258:,1747647658013
counter/2/0/0/0,3880:1747647652258:,1747647658013
counter/2/0/0/0,3881:1747647652258:,1747647658013
counter/2/0/0/0,3882:1747647652258:,1747647658013
counter/2/0/0/0,3883:1747647652258:,1747647658013
counter/2/0/0/0,3884:1747647652259:,1747647658014
counter/3/0/0/0,4231:1747647652790:,1747647658014
counter/8/0/0/0,4485:1747647652634:,1747647658014
counter/2/0/0/0,3885:1747647652259:,1747647658017
counter/9/0/0/0,4315:1747647653051:,1747647658017
counter/7/0/0/0,3991:1747647652910:,1747647658018
counter/7/0/0/0,3992:1747647652910:,1747647658018
counter/7/0/0/0,3993:1747647652910:,1747647658018
counter/7/0/0/0,3994:1747647652910:,1747647658018
counter/4/0/0/0,4390:1747647653151:,1747647658018
counter/1/0/0/0,4378:1747647653207:,1747647658018
counter/2/0/0/0,3886:1747647652259:,1747647658018
counter/2/0/0/0,3887:1747647652259:,1747647658018
counter/9/0/0/0,4316:1747647653051:,1747647658018
counter/6/0/0/0,3822:1747647653066:,1747647658019
counter/1/0/0/0,4379:1747647653207:,1747647658019
counter/2/0/0/0,3888:1747647652259:,1747647658020
counter/9/0/0/0,4317:1747647653051:,1747647658020
counter/8/0/0/0,4486:1747647652634:,1747647658020
counter/8/0/0/0,4487:1747647652634:,1747647658020
counter/8/0/0/0,4488:1747647652634:,1747647658020
counter/8/0/0/0,4489:1747647652634:,1747647658020
counter/8/0/0/0,4490:1747647652641:,1747647658020
counter/8/0/0/0,4491:1747647652641:,1747647658021
counter/8/0/0/0,4492:1747647652641:,1747647658021
counter/10/0/0/0,3857:1747647652785:,1747647658022
counter/10/0/0/0,3858:1747647652785:,1747647658022
counter/10/0/0/0,3859:1747647652785:,1747647658022
counter/4/0/0/0,4391:1747647653151:,1747647658022
counter/10/0/0/0,3860:1747647652785:,1747647658022
counter/4/0/0/0,4392:1747647653151:,1747647658022
counter/10/0/0/0,3861:1747647652785:,1747647658022
counter/4/0/0/0,4393:1747647653151:,1747647658022
counter/10/0/0/0,3862:1747647652786:,1747647658022
counter/4/0/0/0,4394:1747647653151:,1747647658022
counter/4/0/0/0,4395:1747647653151:,1747647658022
counter/4/0/0/0,4396:1747647653151:,1747647658022
counter/4/0/0/0,4397:1747647653151:,1747647658022
counter/4/0/0/0,4398:1747647653151:,1747647658022
counter/4/0/0/0,4399:1747647653151:,1747647658023
counter/4/0/0/0,4400:1747647653151:,1747647658023
counter/4/0/0/0,4401:1747647653151:,1747647658023
counter/4/0/0/0,4402:1747647653151:,1747647658023
counter/7/0/0/0,3995:1747647652913:,1747647658023
counter/6/0/0/0,3823:1747647653066:,1747647658023
counter/7/0/0/0,3996:1747647652913:,1747647658023
counter/7/0/0/0,3997:1747647652913:,1747647658024
counter/7/0/0/0,3998:1747647652913:,1747647658024
counter/7/0/0/0,3999:1747647652913:,1747647658024
counter/7/0/0/0,4000:1747647652913:,1747647658024
counter/7/0/0/0,4001:1747647652913:,1747647658024
counter/7/0/0/0,4002:1747647652913:,1747647658024
counter/8/0/0/0,4493:1747647652641:,1747647658024
counter/5/0/0/0,4042:1747647652578:,1747647658025
counter/5/0/0/0,4043:1747647652578:,1747647658025
counter/9/0/0/0,4318:1747647653052:,1747647658025
counter/5/0/0/0,4044:1747647652578:,1747647658025
counter/7/0/0/0,4003:1747647652913:,1747647658026
counter/4/0/0/0,4403:1747647653151:,1747647658029
counter/9/0/0/0,4319:1747647653052:,1747647658030
counter/10/0/0/0,3863:1747647652786:,1747647658030
counter/10/0/0/0,3864:1747647652786:,1747647658030
counter/10/0/0/0,3865:1747647652786:,1747647658030
counter/7/0/0/0,4004:1747647652914:,1747647658033
counter/7/0/0/0,4005:1747647652914:,1747647658033
counter/7/0/0/0,4006:1747647652914:,1747647658033
counter/1/0/0/0,4380:1747647653207:,1747647658033
counter/10/0/0/0,3866:1747647652786:,1747647658033
counter/9/0/0/0,4320:1747647653061:,1747647658033
counter/5/0/0/0,4045:1747647652578:,1747647658034
counter/5/0/0/0,4046:1747647652592:,1747647658034
counter/1/0/0/0,4381:1747647653207:,1747647658034
counter/1/0/0/0,4382:1747647653207:,1747647658034
counter/1/0/0/0,4383:1747647653207:,1747647658034
counter/1/0/0/0,4384:1747647653208:,1747647658034
counter/1/0/0/0,4385:1747647653208:,1747647658034
counter/1/0/0/0,4386:1747647653208:,1747647658034
counter/1/0/0/0,4387:1747647653222:,1747647658035
counter/1/0/0/0,4388:1747647653222:,1747647658035
counter/3/0/0/0,4232:1747647652790:,1747647658035
counter/7/0/0/0,4007:1747647652914:,1747647658036
counter/10/0/0/0,3867:1747647652786:,1747647658036
counter/5/0/0/0,4047:1747647652595:,1747647658037
counter/1/0/0/0,4389:1747647653222:,1747647658037
counter/6/0/0/0,3824:1747647653066:,1747647658037
counter/6/0/0/0,3825:1747647653066:,1747647658037
counter/6/0/0/0,3826:1747647653066:,1747647658037
counter/6/0/0/0,3827:1747647653066:,1747647658037
counter/6/0/0/0,3828:1747647653066:,1747647658037
counter/6/0/0/0,3829:1747647653066:,1747647658037
counter/6/0/0/0,3830:1747647653066:,1747647658038
counter/6/0/0/0,3831:1747647653066:,1747647658038
counter/6/0/0/0,3832:1747647653069:,1747647658038
counter/9/0/0/0,4321:1747647653061:,1747647658038
counter/8/0/0/0,4494:1747647652641:,1747647658041
counter/3/0/0/0,4233:1747647652790:,1747647658041
counter/3/0/0/0,4234:1747647652790:,1747647658041
counter/3/0/0/0,4235:1747647652790:,1747647658041
counter/3/0/0/0,4236:1747647652790:,1747647658041
counter/3/0/0/0,4237:1747647652798:,1747647658041
counter/3/0/0/0,4238:1747647652798:,1747647658041
counter/7/0/0/0,4008:1747647652914:,1747647658041
counter/1/0/0/0,4390:1747647653222:,1747647658041
counter/8/0/0/0,4495:1747647652641:,1747647658043
counter/8/0/0/0,4496:1747647652641:,1747647658043
counter/8/0/0/0,4497:1747647652641:,1747647658043
counter/8/0/0/0,4498:1747647652641:,1747647658043
counter/7/0/0/0,4009:1747647652914:,1747647658043
counter/8/0/0/0,4499:1747647652641:,1747647658043
counter/7/0/0/0,4010:1747647652921:,1747647658043
counter/7/0/0/0,4011:1747647652921:,1747647658043
counter/7/0/0/0,4012:1747647652921:,1747647658043
counter/7/0/0/0,4013:1747647652921:,1747647658043
counter/7/0/0/0,4014:1747647652926:,1747647658044
counter/7/0/0/0,4015:1747647652926:,1747647658044
counter/7/0/0/0,4016:1747647652926:,1747647658044
counter/7/0/0/0,4017:1747647652926:,1747647658044
counter/7/0/0/0,4018:1747647652926:,1747647658044
counter/7/0/0/0,4019:1747647652926:,1747647658044
counter/10/0/0/0,3868:1747647652786:,1747647658044
counter/3/0/0/0,4239:1747647652798:,1747647658044
counter/10/0/0/0,3869:1747647652788:,1747647658044
counter/10/0/0/0,3870:1747647652788:,1747647658044
counter/10/0/0/0,3871:1747647652788:,1747647658044
counter/10/0/0/0,3872:1747647652788:,1747647658044
counter/10/0/0/0,3873:1747647652788:,1747647658044
counter/10/0/0/0,3874:1747647652788:,1747647658044
counter/10/0/0/0,3875:1747647652788:,1747647658044
counter/10/0/0/0,3876:1747647652800:,1747647658044
counter/7/0/0/0,4020:1747647652926:,1747647658044
counter/8/0/0/0,4500:1747647652641:,1747647658044
counter/10/0/0/0,3877:1747647652800:,1747647658045
counter/10/0/0/0,3878:1747647652800:,1747647658045
counter/10/0/0/0,3879:1747647652800:,1747647658045
counter/10/0/0/0,3880:1747647652800:,1747647658045
counter/10/0/0/0,3881:1747647652800:,1747647658045
counter/10/0/0/0,3882:1747647652801:,1747647658045
counter/10/0/0/0,3883:1747647652801:,1747647658045
counter/10/0/0/0,3884:1747647652801:,1747647658045
counter/8/0/0/0,4501:1747647652641:,1747647658046
counter/4/0/0/0,4404:1747647653151:,1747647658046
counter/5/0/0/0,4048:1747647652595:,1747647658046
counter/10/0/0/0,3885:1747647652801:,1747647658047
counter/1/0/0/0,4391:1747647653222:,1747647658048
counter/5/0/0/0,4049:1747647652595:,1747647658048
counter/5/0/0/0,4050:1747647652595:,1747647658048
counter/5/0/0/0,4051:1747647652595:,1747647658048
counter/5/0/0/0,4052:1747647652600:,1747647658048
counter/5/0/0/0,4053:1747647652600:,1747647658048
counter/5/0/0/0,4054:1747647652600:,1747647658048
counter/5/0/0/0,4055:1747647652600:,1747647658048
counter/5/0/0/0,4056:1747647652600:,1747647658048
counter/5/0/0/0,4057:1747647652600:,1747647658048
counter/5/0/0/0,4058:1747647652600:,1747647658048
counter/5/0/0/0,4059:1747647652600:,1747647658048
counter/7/0/0/0,4021:1747647652926:,1747647658050
counter/8/0/0/0,4502:1747647652646:,1747647658050
counter/10/0/0/0,3886:1747647652801:,1747647658050
counter/10/0/0/0,3887:1747647652801:,1747647658050
counter/10/0/0/0,3888:1747647652801:,1747647658050
counter/3/0/0/0,4240:1747647652798:,1747647658051
counter/1/0/0/0,4392:1747647653222:,1747647658053
counter/9/0/0/0,4322:1747647653062:,1747647658053
counter/9/0/0/0,4323:1747647653062:,1747647658053
counter/9/0/0/0,4324:1747647653062:,1747647658053
counter/9/0/0/0,4325:1747647653062:,1747647658053
counter/9/0/0/0,4326:1747647653062:,1747647658053
counter/1/0/0/0,4393:1747647653222:,1747647658056
counter/7/0/0/0,4022:1747647652926:,1747647658056
counter/9/0/0/0,4327:1747647653068:,1747647658056
counter/9/0/0/0,4328:1747647653070:,1747647658056
counter/9/0/0/0,4329:1747647653070:,1747647658056
counter/6/0/0/0,3833:1747647653069:,1747647658057
counter/8/0/0/0,4503:1747647652646:,1747647658058
counter/2/0/0/0,3889:1747647652259:,1747647658059
counter/10/0/0/0,3889:1747647652801:,1747647658060
counter/8/0/0/0,4504:1747647652646:,1747647658060
counter/3/0/0/0,4241:1747647652798:,1747647658060
counter/3/0/0/0,4242:1747647652798:,1747647658060
counter/3/0/0/0,4243:1747647652807:,1747647658060
counter/3/0/0/0,4244:1747647652807:,1747647658060
counter/3/0/0/0,4245:1747647652815:,1747647658060
counter/3/0/0/0,4246:1747647652815:,1747647658060
counter/3/0/0/0,4247:1747647652815:,1747647658060
counter/3/0/0/0,4248:1747647652815:,1747647658060
counter/1/0/0/0,4394:1747647653222:,1747647658061
counter/10/0/0/0,3890:1747647652801:,1747647658061
counter/9/0/0/0,4330:1747647653070:,1747647658063
counter/9/0/0/0,4331:1747647653086:,1747647658063
counter/9/0/0/0,4332:1747647653086:,1747647658063
counter/9/0/0/0,4333:1747647653086:,1747647658063
counter/9/0/0/0,4334:1747647653086:,1747647658063
counter/9/0/0/0,4335:1747647653100:,1747647658063
counter/9/0/0/0,4336:1747647653100:,1747647658063
counter/9/0/0/0,4337:1747647653100:,1747647658063
counter/9/0/0/0,4338:1747647653100:,1747647658063
counter/9/0/0/0,4339:1747647653100:,1747647658063
counter/9/0/0/0,4340:1747647653100:,1747647658064
counter/9/0/0/0,4341:1747647653100:,1747647658064
counter/9/0/0/0,4342:1747647653100:,1747647658064
counter/8/0/0/0,4505:1747647652646:,1747647658065
counter/5/0/0/0,4060:1747647652600:,1747647658066
counter/5/0/0/0,4061:1747647652600:,1747647658066
counter/5/0/0/0,4062:1747647652600:,1747647658066
counter/5/0/0/0,4063:1747647652600:,1747647658066
counter/5/0/0/0,4064:1747647652600:,1747647658066
counter/5/0/0/0,4065:1747647652600:,1747647658066
counter/5/0/0/0,4066:1747647652616:,1747647658066
counter/5/0/0/0,4067:1747647652616:,1747647658066
counter/5/0/0/0,4068:1747647652616:,1747647658066
counter/5/0/0/0,4069:1747647652616:,1747647658067
counter/5/0/0/0,4070:1747647652616:,1747647658067
counter/5/0/0/0,4071:1747647652616:,1747647658067
counter/5/0/0/0,4072:1747647652616:,1747647658067
counter/5/0/0/0,4073:1747647652616:,1747647658067
counter/1/0/0/0,4395:1747647653222:,1747647658067
counter/8/0/0/0,4506:1747647652646:,1747647658067
counter/3/0/0/0,4249:1747647652815:,1747647658067
counter/3/0/0/0,4250:1747647652816:,1747647658068
counter/3/0/0/0,4251:1747647652816:,1747647658068
counter/3/0/0/0,4252:1747647652816:,1747647658069
counter/3/0/0/0,4253:1747647652816:,1747647658069
counter/3/0/0/0,4254:1747647652816:,1747647658069
counter/2/0/0/0,3890:1747647652259:,1747647658069
counter/7/0/0/0,4023:1747647652926:,1747647658070
counter/2/0/0/0,3891:1747647652259:,1747647658071
counter/3/0/0/0,4255:1747647652816:,1747647658072
counter/5/0/0/0,4074:1747647652616:,1747647658072
counter/5/0/0/0,4075:1747647652617:,1747647658072
counter/7/0/0/0,4024:1747647652926:,1747647658072
counter/7/0/0/0,4025:1747647652927:,1747647658072
counter/7/0/0/0,4026:1747647652927:,1747647658073
counter/7/0/0/0,4027:1747647652927:,1747647658073
counter/5/0/0/0,4076:1747647652625:,1747647658075
counter/10/0/0/0,3891:1747647652801:,1747647658075
counter/10/0/0/0,3892:1747647652801:,1747647658076
counter/10/0/0/0,3893:1747647652801:,1747647658076
counter/4/0/0/0,4405:1747647653157:,1747647658076
counter/7/0/0/0,4028:1747647652931:,1747647658077
counter/2/0/0/0,3892:1747647652259:,1747647658078
counter/5/0/0/0,4077:1747647652625:,1747647658078
counter/10/0/0/0,3894:1747647652801:,1747647658078
counter/10/0/0/0,3895:1747647652801:,1747647658078
counter/10/0/0/0,3896:1747647652801:,1747647658078
counter/10/0/0/0,3897:1747647652801:,1747647658078
counter/10/0/0/0,3898:1747647652801:,1747647658078
counter/10/0/0/0,3899:1747647652801:,1747647658078
counter/10/0/0/0,3900:1747647652801:,1747647658078
counter/10/0/0/0,3901:1747647652801:,1747647658078
counter/10/0/0/0,3902:1747647652801:,1747647658078
counter/10/0/0/0,3903:1747647652801:,1747647658078
counter/8/0/0/0,4507:1747647652646:,1747647658079
counter/8/0/0/0,4508:1747647652646:,1747647658079
counter/8/0/0/0,4509:1747647652649:,1747647658079
counter/8/0/0/0,4510:1747647652650:,1747647658079
counter/8/0/0/0,4511:1747647652650:,1747647658079
counter/8/0/0/0,4512:1747647652650:,1747647658079
counter/8/0/0/0,4513:1747647652650:,1747647658079
counter/8/0/0/0,4514:1747647652650:,1747647658079
counter/8/0/0/0,4515:1747647652650:,1747647658079
counter/2/0/0/0,3893:1747647652285:,1747647658079
counter/8/0/0/0,4516:1747647652650:,1747647658080
counter/8/0/0/0,4517:1747647652650:,1747647658080
counter/8/0/0/0,4518:1747647652650:,1747647658080
counter/8/0/0/0,4519:1747647652650:,1747647658080
counter/8/0/0/0,4520:1747647652650:,1747647658080
counter/8/0/0/0,4521:1747647652650:,1747647658080
counter/8/0/0/0,4522:1747647652650:,1747647658080
counter/4/0/0/0,4406:1747647653157:,1747647658081
counter/5/0/0/0,4078:1747647652625:,1747647658081
counter/4/0/0/0,4407:1747647653157:,1747647658081
counter/5/0/0/0,4079:1747647652625:,1747647658081
counter/2/0/0/0,3894:1747647652285:,1747647658081
counter/1/0/0/0,4396:1747647653222:,1747647658081
counter/7/0/0/0,4029:1747647652931:,1747647658081
counter/9/0/0/0,4343:1747647653100:,1747647658081
counter/9/0/0/0,4344:1747647653100:,1747647658081
counter/6/0/0/0,3834:1747647653069:,1747647658081
counter/9/0/0/0,4345:1747647653100:,1747647658081
counter/9/0/0/0,4346:1747647653100:,1747647658082
counter/9/0/0/0,4347:1747647653100:,1747647658082
counter/9/0/0/0,4348:1747647653106:,1747647658082
counter/5/0/0/0,4080:1747647652625:,1747647658082
counter/2/0/0/0,3895:1747647652285:,1747647658082
counter/1/0/0/0,4397:1747647653222:,1747647658083
counter/10/0/0/0,3904:1747647652805:,1747647658083
counter/9/0/0/0,4349:1747647653106:,1747647658084
counter/9/0/0/0,4350:1747647653106:,1747647658084
counter/9/0/0/0,4351:1747647653106:,1747647658084
counter/9/0/0/0,4352:1747647653107:,1747647658084
counter/9/0/0/0,4353:1747647653107:,1747647658084
counter/9/0/0/0,4354:1747647653107:,1747647658084
counter/9/0/0/0,4355:1747647653107:,1747647658084
counter/5/0/0/0,4081:1747647652625:,1747647658085
counter/4/0/0/0,4408:1747647653157:,1747647658086
counter/4/0/0/0,4409:1747647653157:,1747647658086
counter/4/0/0/0,4410:1747647653161:,1747647658086
counter/4/0/0/0,4411:1747647653163:,1747647658086
counter/10/0/0/0,3905:1747647652805:,1747647658088
counter/10/0/0/0,3906:1747647652805:,1747647658089
counter/10/0/0/0,3907:1747647652805:,1747647658089
counter/10/0/0/0,3908:1747647652805:,1747647658089
counter/10/0/0/0,3909:1747647652805:,1747647658089
counter/10/0/0/0,3910:1747647652806:,1747647658089
counter/10/0/0/0,3911:1747647652806:,1747647658089
counter/10/0/0/0,3912:1747647652806:,1747647658089
counter/10/0/0/0,3913:1747647652806:,1747647658089
counter/10/0/0/0,3914:1747647652806:,1747647658089
counter/10/0/0/0,3915:1747647652806:,1747647658089
counter/10/0/0/0,3916:1747647652806:,1747647658089
counter/10/0/0/0,3917:1747647652810:,1747647658089
counter/10/0/0/0,3918:1747647652810:,1747647658089
counter/10/0/0/0,3919:1747647652810:,1747647658089
counter/10/0/0/0,3920:1747647652810:,1747647658089
counter/10/0/0/0,3921:1747647652810:,1747647658089
counter/4/0/0/0,4412:1747647653163:,1747647658090
counter/4/0/0/0,4413:1747647653163:,1747647658090
counter/4/0/0/0,4414:1747647653165:,1747647658090
counter/8/0/0/0,4523:1747647652650:,1747647658090
counter/8/0/0/0,4524:1747647652650:,1747647658090
counter/8/0/0/0,4525:1747647652650:,1747647658090
counter/8/0/0/0,4526:1747647652650:,1747647658090
counter/8/0/0/0,4527:1747647652650:,1747647658090
counter/7/0/0/0,4030:1747647652931:,1747647658090
counter/7/0/0/0,4031:1747647652931:,1747647658090
counter/7/0/0/0,4032:1747647652931:,1747647658090
counter/7/0/0/0,4033:1747647652931:,1747647658090
counter/1/0/0/0,4398:1747647653222:,1747647658091
counter/8/0/0/0,4528:1747647652650:,1747647658091
counter/8/0/0/0,4529:1747647652650:,1747647658091
counter/8/0/0/0,4530:1747647652650:,1747647658091
counter/8/0/0/0,4531:1747647652650:,1747647658092
counter/8/0/0/0,4532:1747647652650:,1747647658092
counter/8/0/0/0,4533:1747647652658:,1747647658092
counter/8/0/0/0,4534:1747647652658:,1747647658092
counter/1/0/0/0,4399:1747647653222:,1747647658092
counter/5/0/0/0,4082:1747647652625:,1747647658093
counter/5/0/0/0,4083:1747647652625:,1747647658093
counter/5/0/0/0,4084:1747647652626:,1747647658093
counter/5/0/0/0,4085:1747647652626:,1747647658093
counter/6/0/0/0,3835:1747647653069:,1747647658093
counter/6/0/0/0,3836:1747647653069:,1747647658093
counter/4/0/0/0,4415:1747647653165:,1747647658093
counter/2/0/0/0,3896:1747647652285:,1747647658093
counter/2/0/0/0,3897:1747647652285:,1747647658093
counter/8/0/0/0,4535:1747647652658:,1747647658093
counter/8/0/0/0,4536:1747647652658:,1747647658093
counter/8/0/0/0,4537:1747647652658:,1747647658094
counter/8/0/0/0,4538:1747647652658:,1747647658094
counter/8/0/0/0,4539:1747647652658:,1747647658094
counter/8/0/0/0,4540:1747647652658:,1747647658094
counter/3/0/0/0,4256:1747647652816:,1747647658094
counter/8/0/0/0,4541:1747647652658:,1747647658094
counter/3/0/0/0,4257:1747647652817:,1747647658094
counter/3/0/0/0,4258:1747647652821:,1747647658094
counter/3/0/0/0,4259:1747647652822:,1747647658094
counter/3/0/0/0,4260:1747647652822:,1747647658094
counter/3/0/0/0,4261:1747647652822:,1747647658094
counter/3/0/0/0,4262:1747647652822:,1747647658094
counter/3/0/0/0,4263:1747647652822:,1747647658094
counter/3/0/0/0,4264:1747647652822:,1747647658094
counter/9/0/0/0,4356:1747647653107:,1747647658094
counter/1/0/0/0,4400:1747647653222:,1747647658094
counter/8/0/0/0,4542:1747647652658:,1747647658094
counter/8/0/0/0,4543:1747647652668:,1747647658095
counter/8/0/0/0,4544:1747647652668:,1747647658095
counter/8/0/0/0,4545:1747647652668:,1747647658095
counter/8/0/0/0,4546:1747647652668:,1747647658095
counter/8/0/0/0,4547:1747647652668:,1747647658095
counter/7/0/0/0,4034:1747647652931:,1747647658095
counter/8/0/0/0,4548:1747647652668:,1747647658095
counter/8/0/0/0,4549:1747647652668:,1747647658095
counter/7/0/0/0,4035:1747647652931:,1747647658095
counter/8/0/0/0,4550:1747647652668:,1747647658095
counter/7/0/0/0,4036:1747647652931:,1747647658095
counter/7/0/0/0,4037:1747647652931:,1747647658095
counter/7/0/0/0,4038:1747647652931:,1747647658095
counter/7/0/0/0,4039:1747647652932:,1747647658095
counter/4/0/0/0,4416:1747647653165:,1747647658095
counter/9/0/0/0,4357:1747647653107:,1747647658096
counter/1/0/0/0,4401:1747647653231:,1747647658096
counter/1/0/0/0,4402:1747647653231:,1747647658096
counter/8/0/0/0,4551:1747647652668:,1747647658096
counter/10/0/0/0,3922:1747647652810:,1747647658096
counter/5/0/0/0,4086:1747647652626:,1747647658096
counter/2/0/0/0,3898:1747647652285:,1747647658096
counter/2/0/0/0,3899:1747647652288:,1747647658096
counter/2/0/0/0,3900:1747647652288:,1747647658096
counter/2/0/0/0,3901:1747647652288:,1747647658096
counter/8/0/0/0,4552:1747647652668:,1747647658096
counter/8/0/0/0,4553:1747647652668:,1747647658096
counter/8/0/0/0,4554:1747647652668:,1747647658096
counter/1/0/0/0,4403:1747647653231:,1747647658097
counter/1/0/0/0,4404:1747647653231:,1747647658097
counter/1/0/0/0,4405:1747647653231:,1747647658097
counter/5/0/0/0,4087:1747647652626:,1747647658098
counter/2/0/0/0,3902:1747647652300:,1747647658099
counter/1/0/0/0,4406:1747647653231:,1747647658100
counter/1/0/0/0,4407:1747647653231:,1747647658100
counter/1/0/0/0,4408:1747647653238:,1747647658100
counter/6/0/0/0,3837:1747647653069:,1747647658100
counter/6/0/0/0,3838:1747647653070:,1747647658100
counter/6/0/0/0,3839:1747647653070:,1747647658100
counter/6/0/0/0,3840:1747647653070:,1747647658100
counter/6/0/0/0,3841:1747647653070:,1747647658100
counter/8/0/0/0,4555:1747647652752:,1747647658100
counter/8/0/0/0,4556:1747647652752:,1747647658100
counter/8/0/0/0,4557:1747647652752:,1747647658100
counter/8/0/0/0,4558:1747647652752:,1747647658100
counter/8/0/0/0,4559:1747647652752:,1747647658100
counter/9/0/0/0,4358:1747647653107:,1747647658101
counter/9/0/0/0,4359:1747647653107:,1747647658101
counter/9/0/0/0,4360:1747647653107:,1747647658101
counter/9/0/0/0,4361:1747647653107:,1747647658101
counter/9/0/0/0,4362:1747647653107:,1747647658101
counter/9/0/0/0,4363:1747647653107:,1747647658101
counter/9/0/0/0,4364:1747647653108:,1747647658101
counter/8/0/0/0,4560:1747647652752:,1747647658101
counter/1/0/0/0,4409:1747647653238:,1747647658101
counter/4/0/0/0,4417:1747647653165:,1747647658102
counter/3/0/0/0,4265:1747647652822:,1747647658102
counter/5/0/0/0,4088:1747647652626:,1747647658102
counter/5/0/0/0,4089:1747647652626:,1747647658102
counter/5/0/0/0,4090:1747647652626:,1747647658102
counter/7/0/0/0,4040:1747647652932:,1747647658102
counter/7/0/0/0,4041:1747647652932:,1747647658102
counter/7/0/0/0,4042:1747647652932:,1747647658102
counter/7/0/0/0,4043:1747647652932:,1747647658103
counter/7/0/0/0,4044:1747647652932:,1747647658103
counter/7/0/0/0,4045:1747647652932:,1747647658103
counter/7/0/0/0,4046:1747647652932:,1747647658103
counter/7/0/0/0,4047:1747647652932:,1747647658103
counter/7/0/0/0,4048:1747647652932:,1747647658103
counter/7/0/0/0,4049:1747647652932:,1747647658103
counter/7/0/0/0,4050:1747647652932:,1747647658103
counter/9/0/0/0,4365:1747647653110:,1747647658103
counter/9/0/0/0,4366:1747647653110:,1747647658103
counter/8/0/0/0,4561:1747647652752:,1747647658103
counter/9/0/0/0,4367:1747647653110:,1747647658104
counter/9/0/0/0,4368:1747647653110:,1747647658104
counter/9/0/0/0,4369:1747647653110:,1747647658104
counter/2/0/0/0,3903:1747647652308:,1747647658104
counter/9/0/0/0,4370:1747647653110:,1747647658104
counter/2/0/0/0,3904:1747647652308:,1747647658104
counter/5/0/0/0,4091:1747647652626:,1747647658104
counter/2/0/0/0,3905:1747647652308:,1747647658105
counter/9/0/0/0,4371:1747647653110:,1747647658106
counter/9/0/0/0,4372:1747647653110:,1747647658107
counter/9/0/0/0,4373:1747647653110:,1747647658107
counter/9/0/0/0,4374:1747647653110:,1747647658107
counter/9/0/0/0,4375:1747647653110:,1747647658107
counter/9/0/0/0,4376:1747647653110:,1747647658107
counter/9/0/0/0,4377:1747647653110:,1747647658107
counter/8/0/0/0,4562:1747647652752:,1747647658107
counter/5/0/0/0,4092:1747647652626:,1747647658107
counter/8/0/0/0,4563:1747647652752:,1747647658107
counter/9/0/0/0,4378:1747647653110:,1747647658108
counter/5/0/0/0,4093:1747647652626:,1747647658108
counter/5/0/0/0,4094:1747647652626:,1747647658108
counter/5/0/0/0,4095:1747647652626:,1747647658108
counter/5/0/0/0,4096:1747647652626:,1747647658108
counter/5/0/0/0,4097:1747647652626:,1747647658108
counter/5/0/0/0,4098:1747647652626:,1747647658108
counter/5/0/0/0,4099:1747647652626:,1747647658108
counter/3/0/0/0,4266:1747647652832:,1747647658108
counter/3/0/0/0,4267:1747647652832:,1747647658108
counter/3/0/0/0,4268:1747647652832:,1747647658108
counter/4/0/0/0,4418:1747647653165:,1747647658108
counter/1/0/0/0,4410:1747647653238:,1747647658108
counter/4/0/0/0,4419:1747647653165:,1747647658108
counter/1/0/0/0,4411:1747647653238:,1747647658108
counter/5/0/0/0,4100:1747647652626:,1747647658109
counter/5/0/0/0,4101:1747647652626:,1747647658109
counter/5/0/0/0,4102:1747647652626:,1747647658109
counter/5/0/0/0,4103:1747647652626:,1747647658109
counter/5/0/0/0,4104:1747647652626:,1747647658109
counter/5/0/0/0,4105:1747647652626:,1747647658109
counter/3/0/0/0,4269:1747647652832:,1747647658109
counter/5/0/0/0,4106:1747647652626:,1747647658109
counter/10/0/0/0,3923:1747647652810:,1747647658109
counter/5/0/0/0,4107:1747647652626:,1747647658109
counter/2/0/0/0,3906:1747647652309:,1747647658109
counter/2/0/0/0,3907:1747647652309:,1747647658109
counter/2/0/0/0,3908:1747647652311:,1747647658109
counter/2/0/0/0,3909:1747647652313:,1747647658109
counter/2/0/0/0,3910:1747647652313:,1747647658109
counter/2/0/0/0,3911:1747647652313:,1747647658109
counter/2/0/0/0,3912:1747647652313:,1747647658109
counter/5/0/0/0,4108:1747647652626:,1747647658109
counter/1/0/0/0,4412:1747647653238:,1747647658110
counter/1/0/0/0,4413:1747647653239:,1747647658110
counter/1/0/0/0,4414:1747647653239:,1747647658110
counter/1/0/0/0,4415:1747647653239:,1747647658110
counter/1/0/0/0,4416:1747647653239:,1747647658110
counter/1/0/0/0,4417:1747647653239:,1747647658110
counter/1/0/0/0,4418:1747647653239:,1747647658110
counter/1/0/0/0,4419:1747647653239:,1747647658110
counter/1/0/0/0,4420:1747647653239:,1747647658110
counter/1/0/0/0,4421:1747647653239:,1747647658110
counter/1/0/0/0,4422:1747647653239:,1747647658110
counter/1/0/0/0,4423:1747647653239:,1747647658110
counter/5/0/0/0,4109:1747647652626:,1747647658111
counter/5/0/0/0,4110:1747647652626:,1747647658111
counter/5/0/0/0,4111:1747647652626:,1747647658111
counter/5/0/0/0,4112:1747647652627:,1747647658111
counter/5/0/0/0,4113:1747647652627:,1747647658111
counter/5/0/0/0,4114:1747647652627:,1747647658111
counter/5/0/0/0,4115:1747647652627:,1747647658111
counter/5/0/0/0,4116:1747647652627:,1747647658111
counter/5/0/0/0,4117:1747647652628:,1747647658111
counter/5/0/0/0,4118:1747647652628:,1747647658111
counter/5/0/0/0,4119:1747647652628:,1747647658111
counter/3/0/0/0,4270:1747647652832:,1747647658111
counter/7/0/0/0,4051:1747647652932:,1747647658111
counter/2/0/0/0,3913:1747647652313:,1747647658111
counter/7/0/0/0,4052:1747647652932:,1747647658111
counter/10/0/0/0,3924:1747647652810:,1747647658111
counter/7/0/0/0,4053:1747647652932:,1747647658111
counter/10/0/0/0,3925:1747647652810:,1747647658111
counter/10/0/0/0,3926:1747647652810:,1747647658111
counter/10/0/0/0,3927:1747647652810:,1747647658111
counter/10/0/0/0,3928:1747647652810:,1747647658111
counter/10/0/0/0,3929:1747647652810:,1747647658112
counter/10/0/0/0,3930:1747647652810:,1747647658112
counter/10/0/0/0,3931:1747647652815:,1747647658112
counter/10/0/0/0,3932:1747647652816:,1747647658112
counter/10/0/0/0,3933:1747647652816:,1747647658112
counter/10/0/0/0,3934:1747647652816:,1747647658112
counter/10/0/0/0,3935:1747647652816:,1747647658112
counter/10/0/0/0,3936:1747647652817:,1747647658112
counter/9/0/0/0,4379:1747647653110:,1747647658112
counter/8/0/0/0,4564:1747647652752:,1747647658113
counter/8/0/0/0,4565:1747647652752:,1747647658113
counter/8/0/0/0,4566:1747647652754:,1747647658113
counter/8/0/0/0,4567:1747647652754:,1747647658113
counter/8/0/0/0,4568:1747647652754:,1747647658113
counter/8/0/0/0,4569:1747647652754:,1747647658114
counter/8/0/0/0,4570:1747647652754:,1747647658114
counter/8/0/0/0,4571:1747647652754:,1747647658114
counter/8/0/0/0,4572:1747647652754:,1747647658114
counter/8/0/0/0,4573:1747647652756:,1747647658114
counter/4/0/0/0,4420:1747647653165:,1747647658114
counter/8/0/0/0,4574:1747647652756:,1747647658114
counter/4/0/0/0,4421:1747647653165:,1747647658114
counter/4/0/0/0,4422:1747647653165:,1747647658114
counter/4/0/0/0,4423:1747647653165:,1747647658114
counter/4/0/0/0,4424:1747647653165:,1747647658114
counter/8/0/0/0,4575:1747647652757:,1747647658114
counter/7/0/0/0,4054:1747647652932:,1747647658114
counter/10/0/0/0,3937:1747647652817:,1747647658114
counter/3/0/0/0,4271:1747647652849:,1747647658115
counter/3/0/0/0,4272:1747647652853:,1747647658115
counter/3/0/0/0,4273:1747647652854:,1747647658115
counter/3/0/0/0,4274:1747647652854:,1747647658115
counter/3/0/0/0,4275:1747647652854:,1747647658115
counter/3/0/0/0,4276:1747647652854:,1747647658115
counter/3/0/0/0,4277:1747647652854:,1747647658115
counter/3/0/0/0,4278:1747647652869:,1747647658115
counter/3/0/0/0,4279:1747647652869:,1747647658115
counter/3/0/0/0,4280:1747647652869:,1747647658115
counter/3/0/0/0,4281:1747647652869:,1747647658115
counter/3/0/0/0,4282:1747647652869:,1747647658115
counter/3/0/0/0,4283:1747647652869:,1747647658115
counter/6/0/0/0,3842:1747647653070:,1747647658115
counter/6/0/0/0,3843:1747647653070:,1747647658115
counter/6/0/0/0,3844:1747647653070:,1747647658115
counter/5/0/0/0,4120:1747647652628:,1747647658115
counter/5/0/0/0,4121:1747647652628:,1747647658116
counter/5/0/0/0,4122:1747647652628:,1747647658116
counter/5/0/0/0,4123:1747647652628:,1747647658116
counter/5/0/0/0,4124:1747647652628:,1747647658116
counter/5/0/0/0,4125:1747647652628:,1747647658116
counter/5/0/0/0,4126:1747647652628:,1747647658116
counter/5/0/0/0,4127:1747647652629:,1747647658116
counter/5/0/0/0,4128:1747647652630:,1747647658116
counter/3/0/0/0,4284:1747647652869:,1747647658116
counter/1/0/0/0,4424:1747647653241:,1747647658116
counter/4/0/0/0,4425:1747647653165:,1747647658116
counter/1/0/0/0,4425:1747647653241:,1747647658116
counter/8/0/0/0,4576:1747647652757:,1747647658116
counter/8/0/0/0,4577:1747647652757:,1747647658116
counter/8/0/0/0,4578:1747647652757:,1747647658116
counter/8/0/0/0,4579:1747647652757:,1747647658116
counter/8/0/0/0,4580:1747647652758:,1747647658116
counter/8/0/0/0,4581:1747647652760:,1747647658116
counter/8/0/0/0,4582:1747647652760:,1747647658116
counter/8/0/0/0,4583:1747647652760:,1747647658116
counter/8/0/0/0,4584:1747647652760:,1747647658116
counter/8/0/0/0,4585:1747647652760:,1747647658116
counter/8/0/0/0,4586:1747647652760:,1747647658116
counter/8/0/0/0,4587:1747647652760:,1747647658117
counter/8/0/0/0,4588:1747647652760:,1747647658117
counter/5/0/0/0,4129:1747647652630:,1747647658117
counter/7/0/0/0,4055:1747647652932:,1747647658117
counter/7/0/0/0,4056:1747647652932:,1747647658117
counter/10/0/0/0,3938:1747647652817:,1747647658117
counter/7/0/0/0,4057:1747647652932:,1747647658117
counter/1/0/0/0,4426:1747647653241:,1747647658117
counter/1/0/0/0,4427:1747647653241:,1747647658117
counter/1/0/0/0,4428:1747647653241:,1747647658117
counter/8/0/0/0,4589:1747647652760:,1747647658117
counter/3/0/0/0,4285:1747647652869:,1747647658117
counter/6/0/0/0,3845:1747647653070:,1747647658117
counter/6/0/0/0,3846:1747647653070:,1747647658117
counter/5/0/0/0,4130:1747647652630:,1747647658118
counter/5/0/0/0,4131:1747647652630:,1747647658118
counter/5/0/0/0,4132:1747647652630:,1747647658118
counter/5/0/0/0,4133:1747647652630:,1747647658118
counter/5/0/0/0,4134:1747647652630:,1747647658118
counter/6/0/0/0,3847:1747647653070:,1747647658118
counter/9/0/0/0,4380:1747647653110:,1747647658118
counter/7/0/0/0,4058:1747647652932:,1747647658118
counter/8/0/0/0,4590:1747647652760:,1747647658119
counter/2/0/0/0,3914:1747647652313:,1747647658119
counter/9/0/0/0,4381:1747647653117:,1747647658120
counter/5/0/0/0,4135:1747647652630:,1747647658121
counter/9/0/0/0,4382:1747647653117:,1747647658121
counter/9/0/0/0,4383:1747647653117:,1747647658121
counter/9/0/0/0,4384:1747647653117:,1747647658121
counter/9/0/0/0,4385:1747647653117:,1747647658121
counter/9/0/0/0,4386:1747647653117:,1747647658121
counter/10/0/0/0,3939:1747647652817:,1747647658121
counter/10/0/0/0,3940:1747647652817:,1747647658121
counter/10/0/0/0,3941:1747647652817:,1747647658121
counter/10/0/0/0,3942:1747647652817:,1747647658121
counter/10/0/0/0,3943:1747647652817:,1747647658121
counter/10/0/0/0,3944:1747647652818:,1747647658121
counter/10/0/0/0,3945:1747647652818:,1747647658121
counter/10/0/0/0,3946:1747647652818:,1747647658121
counter/10/0/0/0,3947:1747647652818:,1747647658121
counter/10/0/0/0,3948:1747647652818:,1747647658121
counter/1/0/0/0,4429:1747647653241:,1747647658121
counter/5/0/0/0,4136:1747647652630:,1747647658121
counter/4/0/0/0,4426:1747647653165:,1747647658121
counter/4/0/0/0,4427:1747647653165:,1747647658121
counter/2/0/0/0,3915:1747647652313:,1747647658122
counter/8/0/0/0,4591:1747647652760:,1747647658122
counter/2/0/0/0,3916:1747647652313:,1747647658122
counter/10/0/0/0,3949:1747647652818:,1747647658122
counter/10/0/0/0,3950:1747647652818:,1747647658122
counter/10/0/0/0,3951:1747647652818:,1747647658122
counter/10/0/0/0,3952:1747647652818:,1747647658122
counter/10/0/0/0,3953:1747647652818:,1747647658122
counter/10/0/0/0,3954:1747647652818:,1747647658122
counter/10/0/0/0,3955:1747647652818:,1747647658122
counter/10/0/0/0,3956:1747647652818:,1747647658122
counter/1/0/0/0,4430:1747647653241:,1747647658122
counter/10/0/0/0,3957:1747647652818:,1747647658122
counter/10/0/0/0,3958:1747647652818:,1747647658122
counter/10/0/0/0,3959:1747647652818:,1747647658122
counter/10/0/0/0,3960:1747647652818:,1747647658122
counter/10/0/0/0,3961:1747647652818:,1747647658122
counter/1/0/0/0,4431:1747647653241:,1747647658122
counter/9/0/0/0,4387:1747647653117:,1747647658124
counter/6/0/0/0,3848:1747647653070:,1747647658124
counter/9/0/0/0,4388:1747647653117:,1747647658124
counter/7/0/0/0,4059:1747647652932:,1747647658124
counter/7/0/0/0,4060:1747647652932:,1747647658124
counter/4/0/0/0,4428:1747647653165:,1747647658125
counter/4/0/0/0,4429:1747647653165:,1747647658125
counter/4/0/0/0,4430:1747647653165:,1747647658125
counter/4/0/0/0,4431:1747647653165:,1747647658125
counter/4/0/0/0,4432:1747647653165:,1747647658125
counter/4/0/0/0,4433:1747647653166:,1747647658125
counter/4/0/0/0,4434:1747647653166:,1747647658125
counter/4/0/0/0,4435:1747647653166:,1747647658125
counter/4/0/0/0,4436:1747647653166:,1747647658125
counter/4/0/0/0,4437:1747647653166:,1747647658125
counter/4/0/0/0,4438:1747647653166:,1747647658125
counter/4/0/0/0,4439:1747647653166:,1747647658125
counter/8/0/0/0,4592:1747647652760:,1747647658125
counter/4/0/0/0,4440:1747647653171:,1747647658125
counter/5/0/0/0,4137:1747647652630:,1747647658125
counter/1/0/0/0,4432:1747647653241:,1747647658125
counter/5/0/0/0,4138:1747647652630:,1747647658126
counter/5/0/0/0,4139:1747647652630:,1747647658126
counter/5/0/0/0,4140:1747647652630:,1747647658126
counter/5/0/0/0,4141:1747647652630:,1747647658127
counter/7/0/0/0,4061:1747647652932:,1747647658127
counter/1/0/0/0,4433:1747647653241:,1747647658127
counter/7/0/0/0,4062:1747647652932:,1747647658127
counter/4/0/0/0,4441:1747647653171:,1747647658127
counter/3/0/0/0,4286:1747647652869:,1747647658127
counter/3/0/0/0,4287:1747647652869:,1747647658127
counter/3/0/0/0,4288:1747647652869:,1747647658128
counter/7/0/0/0,4063:1747647652932:,1747647658128
counter/10/0/0/0,3962:1747647652819:,1747647658128
counter/10/0/0/0,3963:1747647652819:,1747647658128
counter/10/0/0/0,3964:1747647652827:,1747647658128
counter/10/0/0/0,3965:1747647652828:,1747647658128
counter/10/0/0/0,3966:1747647652828:,1747647658129
counter/10/0/0/0,3967:1747647652828:,1747647658129
counter/10/0/0/0,3968:1747647652828:,1747647658129
counter/2/0/0/0,3917:1747647652313:,1747647658129
counter/9/0/0/0,4389:1747647653117:,1747647658129
counter/9/0/0/0,4390:1747647653117:,1747647658129
counter/6/0/0/0,3849:1747647653070:,1747647658129
counter/5/0/0/0,4142:1747647652630:,1747647658129
counter/5/0/0/0,4143:1747647652633:,1747647658129
counter/5/0/0/0,4144:1747647652633:,1747647658129
counter/5/0/0/0,4145:1747647652633:,1747647658129
counter/5/0/0/0,4146:1747647652633:,1747647658129
counter/1/0/0/0,4434:1747647653241:,1747647658130
counter/4/0/0/0,4442:1747647653174:,1747647658130
counter/1/0/0/0,4435:1747647653241:,1747647658130
counter/4/0/0/0,4443:1747647653174:,1747647658130
counter/3/0/0/0,4289:1747647652869:,1747647658130
counter/3/0/0/0,4290:1747647652869:,1747647658130
counter/3/0/0/0,4291:1747647652869:,1747647658130
counter/3/0/0/0,4292:1747647652869:,1747647658130
counter/3/0/0/0,4293:1747647652869:,1747647658130
counter/3/0/0/0,4294:1747647652869:,1747647658130
counter/3/0/0/0,4295:1747647652869:,1747647658130
counter/3/0/0/0,4296:1747647652869:,1747647658130
counter/3/0/0/0,4297:1747647652870:,1747647658130
counter/3/0/0/0,4298:1747647652870:,1747647658130
counter/3/0/0/0,4299:1747647652870:,1747647658130
counter/6/0/0/0,3850:1747647653070:,1747647658130
counter/1/0/0/0,4436:1747647653241:,1747647658130
counter/4/0/0/0,4444:1747647653174:,1747647658130
counter/4/0/0/0,4445:1747647653174:,1747647658130
counter/4/0/0/0,4446:1747647653174:,1747647658130
counter/7/0/0/0,4064:1747647652932:,1747647658130
counter/8/0/0/0,4593:1747647652761:,1747647658131
counter/8/0/0/0,4594:1747647652761:,1747647658131
counter/8/0/0/0,4595:1747647652761:,1747647658131
counter/8/0/0/0,4596:1747647652761:,1747647658131
counter/2/0/0/0,3918:1747647652313:,1747647658132
counter/8/0/0/0,4597:1747647652761:,1747647658132
counter/8/0/0/0,4598:1747647652761:,1747647658132
counter/2/0/0/0,3919:1747647652320:,1747647658132
counter/8/0/0/0,4599:1747647652761:,1747647658132
counter/8/0/0/0,4600:1747647652761:,1747647658132
counter/4/0/0/0,4447:1747647653174:,1747647658132
counter/8/0/0/0,4601:1747647652761:,1747647658132
counter/8/0/0/0,4602:1747647652761:,1747647658132
counter/8/0/0/0,4603:1747647652761:,1747647658132
counter/10/0/0/0,3969:1747647652828:,1747647658132
counter/10/0/0/0,3970:1747647652828:,1747647658132
counter/10/0/0/0,3971:1747647652828:,1747647658132
counter/10/0/0/0,3972:1747647652828:,1747647658132
counter/10/0/0/0,3973:1747647652828:,1747647658132
counter/10/0/0/0,3974:1747647652828:,1747647658132
counter/7/0/0/0,4065:1747647652932:,1747647658133
counter/6/0/0/0,3851:1747647653070:,1747647658133
counter/8/0/0/0,4604:1747647652761:,1747647658133
counter/8/0/0/0,4605:1747647652761:,1747647658133
counter/5/0/0/0,4147:1747647652633:,1747647658133
counter/5/0/0/0,4148:1747647652633:,1747647658133
counter/5/0/0/0,4149:1747647652633:,1747647658133
counter/5/0/0/0,4150:1747647652635:,1747647658133
counter/5/0/0/0,4151:1747647652635:,1747647658133
counter/5/0/0/0,4152:1747647652635:,1747647658134
counter/7/0/0/0,4066:1747647652932:,1747647658134
counter/2/0/0/0,3920:1747647652320:,1747647658134
counter/2/0/0/0,3921:1747647652320:,1747647658135
counter/2/0/0/0,3922:1747647652321:,1747647658135
counter/10/0/0/0,3975:1747647652828:,1747647658135
counter/2/0/0/0,3923:1747647652321:,1747647658135
counter/10/0/0/0,3976:1747647652828:,1747647658135
counter/2/0/0/0,3924:1747647652321:,1747647658135
counter/10/0/0/0,3977:1747647652828:,1747647658135
counter/2/0/0/0,3925:1747647652321:,1747647658135
counter/10/0/0/0,3978:1747647652828:,1747647658135
counter/10/0/0/0,3979:1747647652828:,1747647658135
counter/10/0/0/0,3980:1747647652828:,1747647658135
counter/10/0/0/0,3981:1747647652828:,1747647658135
counter/10/0/0/0,3982:1747647652828:,1747647658135
counter/10/0/0/0,3983:1747647652828:,1747647658135
counter/10/0/0/0,3984:1747647652828:,1747647658135
counter/10/0/0/0,3985:1747647652829:,1747647658136
counter/10/0/0/0,3986:1747647652829:,1747647658136
counter/10/0/0/0,3987:1747647652829:,1747647658136
counter/10/0/0/0,3988:1747647652829:,1747647658136
counter/10/0/0/0,3989:1747647652829:,1747647658136
counter/10/0/0/0,3990:1747647652835:,1747647658136
counter/1/0/0/0,4437:1747647653241:,1747647658136
counter/7/0/0/0,4067:1747647652932:,1747647658136
counter/7/0/0/0,4068:1747647652932:,1747647658136
counter/3/0/0/0,4300:1747647652870:,1747647658136
counter/5/0/0/0,4153:1747647652636:,1747647658138
counter/5/0/0/0,4154:1747647652636:,1747647658138
counter/5/0/0/0,4155:1747647652636:,1747647658138
counter/5/0/0/0,4156:1747647652636:,1747647658138
counter/10/0/0/0,3991:1747647652835:,1747647658138
counter/10/0/0/0,3992:1747647652835:,1747647658138
counter/10/0/0/0,3993:1747647652836:,1747647658138
counter/10/0/0/0,3994:1747647652836:,1747647658138
counter/10/0/0/0,3995:1747647652836:,1747647658139
counter/10/0/0/0,3996:1747647652836:,1747647658139
counter/10/0/0/0,3997:1747647652836:,1747647658139
counter/10/0/0/0,3998:1747647652836:,1747647658139
counter/10/0/0/0,3999:1747647652836:,1747647658139
counter/2/0/0/0,3926:1747647652321:,1747647658139
counter/2/0/0/0,3927:1747647652321:,1747647658139
counter/2/0/0/0,3928:1747647652321:,1747647658139
counter/2/0/0/0,3929:1747647652321:,1747647658139
counter/2/0/0/0,3930:1747647652321:,1747647658139
counter/2/0/0/0,3931:1747647652321:,1747647658139
counter/2/0/0/0,3932:1747647652321:,1747647658139
counter/10/0/0/0,4000:1747647652836:,1747647658139
counter/10/0/0/0,4001:1747647652836:,1747647658139
counter/10/0/0/0,4002:1747647652836:,1747647658139
counter/10/0/0/0,4003:1747647652836:,1747647658139
counter/10/0/0/0,4004:1747647652836:,1747647658139
counter/10/0/0/0,4005:1747647652836:,1747647658139
counter/10/0/0/0,4006:1747647652836:,1747647658139
counter/10/0/0/0,4007:1747647652836:,1747647658139
counter/10/0/0/0,4008:1747647652836:,1747647658139
counter/10/0/0/0,4009:1747647652836:,1747647658140
counter/10/0/0/0,4010:1747647652836:,1747647658140
counter/7/0/0/0,4069:1747647652932:,1747647658141
counter/3/0/0/0,4301:1747647652870:,1747647658141
counter/10/0/0/0,4011:1747647652836:,1747647658141
counter/8/0/0/0,4606:1747647652761:,1747647658142
counter/4/0/0/0,4448:1747647653174:,1747647658142
counter/4/0/0/0,4449:1747647653174:,1747647658142
counter/4/0/0/0,4450:1747647653174:,1747647658142
counter/4/0/0/0,4451:1747647653174:,1747647658142
counter/4/0/0/0,4452:1747647653174:,1747647658142
counter/4/0/0/0,4453:1747647653174:,1747647658142
counter/4/0/0/0,4454:1747647653174:,1747647658142
counter/4/0/0/0,4455:1747647653175:,1747647658142
counter/4/0/0/0,4456:1747647653175:,1747647658142
counter/4/0/0/0,4457:1747647653175:,1747647658142
counter/4/0/0/0,4458:1747647653176:,1747647658142
counter/4/0/0/0,4459:1747647653176:,1747647658142
counter/4/0/0/0,4460:1747647653177:,1747647658142
counter/3/0/0/0,4302:1747647652870:,1747647658142
counter/10/0/0/0,4012:1747647652836:,1747647658143
counter/10/0/0/0,4013:1747647652836:,1747647658143
counter/10/0/0/0,4014:1747647652836:,1747647658143
counter/10/0/0/0,4015:1747647652836:,1747647658143
counter/10/0/0/0,4016:1747647652836:,1747647658143
counter/10/0/0/0,4017:1747647652836:,1747647658143
counter/10/0/0/0,4018:1747647652840:,1747647658143
counter/10/0/0/0,4019:1747647652840:,1747647658143
counter/10/0/0/0,4020:1747647652840:,1747647658143
counter/10/0/0/0,4021:1747647652840:,1747647658143
counter/10/0/0/0,4022:1747647652840:,1747647658144
counter/10/0/0/0,4023:1747647652840:,1747647658144
counter/7/0/0/0,4070:1747647652932:,1747647658144
counter/4/0/0/0,4461:1747647653177:,1747647658144
counter/10/0/0/0,4024:1747647652840:,1747647658144
counter/10/0/0/0,4025:1747647652840:,1747647658144
counter/10/0/0/0,4026:1747647652840:,1747647658144
counter/10/0/0/0,4027:1747647652840:,1747647658144
counter/2/0/0/0,3933:1747647652321:,1747647658144
counter/1/0/0/0,4438:1747647653241:,1747647658144
counter/3/0/0/0,4303:1747647652870:,1747647658144
counter/2/0/0/0,3934:1747647652321:,1747647658145
counter/2/0/0/0,3935:1747647652321:,1747647658145
counter/2/0/0/0,3936:1747647652321:,1747647658145
counter/2/0/0/0,3937:1747647652321:,1747647658145
counter/2/0/0/0,3938:1747647652321:,1747647658145
counter/2/0/0/0,3939:1747647652321:,1747647658145
counter/2/0/0/0,3940:1747647652321:,1747647658145
counter/2/0/0/0,3941:1747647652321:,1747647658145
counter/2/0/0/0,3942:1747647652321:,1747647658146
counter/5/0/0/0,4157:1747647652637:,1747647658146
counter/5/0/0/0,4158:1747647652637:,1747647658146
counter/5/0/0/0,4159:1747647652637:,1747647658146
counter/5/0/0/0,4160:1747647652639:,1747647658146
counter/5/0/0/0,4161:1747647652639:,1747647658146
counter/5/0/0/0,4162:1747647652639:,1747647658146
counter/5/0/0/0,4163:1747647652639:,1747647658146
counter/5/0/0/0,4164:1747647652639:,1747647658146
counter/5/0/0/0,4165:1747647652639:,1747647658146
counter/1/0/0/0,4439:1747647653242:,1747647658146
counter/7/0/0/0,4071:1747647652932:,1747647658147
counter/7/0/0/0,4072:1747647652932:,1747647658147
counter/7/0/0/0,4073:1747647652932:,1747647658147
counter/3/0/0/0,4304:1747647652886:,1747647658147
counter/2/0/0/0,3943:1747647652321:,1747647658147
counter/9/0/0/0,4391:1747647653117:,1747647658148
counter/9/0/0/0,4392:1747647653117:,1747647658148
counter/9/0/0/0,4393:1747647653117:,1747647658148
counter/9/0/0/0,4394:1747647653117:,1747647658148
counter/9/0/0/0,4395:1747647653118:,1747647658148
counter/9/0/0/0,4396:1747647653118:,1747647658148
counter/9/0/0/0,4397:1747647653118:,1747647658148
counter/3/0/0/0,4305:1747647652887:,1747647658149
counter/3/0/0/0,4306:1747647652887:,1747647658149
counter/3/0/0/0,4307:1747647652887:,1747647658149
counter/3/0/0/0,4308:1747647652890:,1747647658149
counter/3/0/0/0,4309:1747647652891:,1747647658149
counter/2/0/0/0,3944:1747647652321:,1747647658150
counter/3/0/0/0,4310:1747647652891:,1747647658150
counter/3/0/0/0,4311:1747647652891:,1747647658150
counter/3/0/0/0,4312:1747647652896:,1747647658150
counter/3/0/0/0,4313:1747647652899:,1747647658150
counter/5/0/0/0,4166:1747647652642:,1747647658150
counter/5/0/0/0,4167:1747647652642:,1747647658150
counter/5/0/0/0,4168:1747647652642:,1747647658150
counter/5/0/0/0,4169:1747647652642:,1747647658150
counter/5/0/0/0,4170:1747647652642:,1747647658150
counter/5/0/0/0,4171:1747647652646:,1747647658150
counter/5/0/0/0,4172:1747647652647:,1747647658150
counter/5/0/0/0,4173:1747647652647:,1747647658150
counter/5/0/0/0,4174:1747647652647:,1747647658150
counter/5/0/0/0,4175:1747647652647:,1747647658150
counter/5/0/0/0,4176:1747647652647:,1747647658150
counter/1/0/0/0,4440:1747647653242:,1747647658150
counter/5/0/0/0,4177:1747647652665:,1747647658152
counter/5/0/0/0,4178:1747647652665:,1747647658152
counter/5/0/0/0,4179:1747647652666:,1747647658152
counter/5/0/0/0,4180:1747647652666:,1747647658152
counter/5/0/0/0,4181:1747647652666:,1747647658152
counter/5/0/0/0,4182:1747647652666:,1747647658152
counter/5/0/0/0,4183:1747647652666:,1747647658152
counter/5/0/0/0,4184:1747647652666:,1747647658152
counter/5/0/0/0,4185:1747647652666:,1747647658152
counter/5/0/0/0,4186:1747647652666:,1747647658152
counter/5/0/0/0,4187:1747647652666:,1747647658152
counter/10/0/0/0,4028:1747647652840:,1747647658152
counter/10/0/0/0,4029:1747647652840:,1747647658152
counter/10/0/0/0,4030:1747647652840:,1747647658152
counter/10/0/0/0,4031:1747647652840:,1747647658152
counter/10/0/0/0,4032:1747647652840:,1747647658152
counter/10/0/0/0,4033:1747647652840:,1747647658152
counter/10/0/0/0,4034:1747647652840:,1747647658152
counter/10/0/0/0,4035:1747647652840:,1747647658153
counter/10/0/0/0,4036:1747647652840:,1747647658153
counter/10/0/0/0,4037:1747647652840:,1747647658153
counter/10/0/0/0,4038:1747647652840:,1747647658153
counter/7/0/0/0,4074:1747647652957:,1747647658153
counter/7/0/0/0,4075:1747647652957:,1747647658153
counter/10/0/0/0,4039:1747647652840:,1747647658153
counter/6/0/0/0,3852:1747647653070:,1747647658154
counter/2/0/0/0,3945:1747647652321:,1747647658154
counter/9/0/0/0,4398:1747647653118:,1747647658154
counter/4/0/0/0,4462:1747647653177:,1747647658155
counter/4/0/0/0,4463:1747647653177:,1747647658155
counter/4/0/0/0,4464:1747647653177:,1747647658155
counter/8/0/0/0,4607:1747647652761:,1747647658156
counter/7/0/0/0,4076:1747647652957:,1747647658156
counter/10/0/0/0,4040:1747647652840:,1747647658157
counter/8/0/0/0,4608:1747647652761:,1747647658157
counter/8/0/0/0,4609:1747647652761:,1747647658157
counter/8/0/0/0,4610:1747647652761:,1747647658157
counter/8/0/0/0,4611:1747647652761:,1747647658157
counter/8/0/0/0,4612:1747647652761:,1747647658157
counter/8/0/0/0,4613:1747647652761:,1747647658157
counter/8/0/0/0,4614:1747647652761:,1747647658157
counter/1/0/0/0,4441:1747647653242:,1747647658158
counter/1/0/0/0,4442:1747647653242:,1747647658158
counter/1/0/0/0,4443:1747647653242:,1747647658158
counter/10/0/0/0,4041:1747647652840:,1747647658159
counter/10/0/0/0,4042:1747647652840:,1747647658159
counter/10/0/0/0,4043:1747647652840:,1747647658159
counter/10/0/0/0,4044:1747647652841:,1747647658159
counter/10/0/0/0,4045:1747647652841:,1747647658159
counter/10/0/0/0,4046:1747647652841:,1747647658159
counter/10/0/0/0,4047:1747647652841:,1747647658159
counter/5/0/0/0,4188:1747647652666:,1747647658159
counter/10/0/0/0,4048:1747647652841:,1747647658159
counter/10/0/0/0,4049:1747647652841:,1747647658159
counter/5/0/0/0,4189:1747647652666:,1747647658159
counter/3/0/0/0,4314:1747647652900:,1747647658159
counter/3/0/0/0,4315:1747647652900:,1747647658160
counter/2/0/0/0,3946:1747647652321:,1747647658162
counter/7/0/0/0,4077:1747647652957:,1747647658162
counter/9/0/0/0,4399:1747647653118:,1747647658162
counter/9/0/0/0,4400:1747647653118:,1747647658162
counter/1/0/0/0,4444:1747647653242:,1747647658163
counter/4/0/0/0,4465:1747647653177:,1747647658164
counter/9/0/0/0,4401:1747647653118:,1747647658164
counter/9/0/0/0,4402:1747647653118:,1747647658164
counter/9/0/0/0,4403:1747647653118:,1747647658164
counter/9/0/0/0,4404:1747647653118:,1747647658165
counter/9/0/0/0,4405:1747647653118:,1747647658165
counter/9/0/0/0,4406:1747647653126:,1747647658165
counter/7/0/0/0,4078:1747647652957:,1747647658165
counter/10/0/0/0,4050:1747647652841:,1747647658165
counter/6/0/0/0,3853:1747647653070:,1747647658165
counter/7/0/0/0,4079:1747647652957:,1747647658165
counter/7/0/0/0,4080:1747647652957:,1747647658165
counter/2/0/0/0,3947:1747647652321:,1747647658165
counter/2/0/0/0,3948:1747647652321:,1747647658165
counter/2/0/0/0,3949:1747647652321:,1747647658166
counter/2/0/0/0,3950:1747647652321:,1747647658166
counter/10/0/0/0,4051:1747647652841:,1747647658166
counter/10/0/0/0,4052:1747647652841:,1747647658166
counter/10/0/0/0,4053:1747647652841:,1747647658166
counter/10/0/0/0,4054:1747647652841:,1747647658166
counter/10/0/0/0,4055:1747647652841:,1747647658166
counter/10/0/0/0,4056:1747647652841:,1747647658167
counter/10/0/0/0,4057:1747647652841:,1747647658167
counter/2/0/0/0,3951:1747647652321:,1747647658168
counter/2/0/0/0,3952:1747647652321:,1747647658168
counter/2/0/0/0,3953:1747647652321:,1747647658168
counter/2/0/0/0,3954:1747647652321:,1747647658168
counter/7/0/0/0,4081:1747647652957:,1747647658168
counter/10/0/0/0,4058:1747647652841:,1747647658168
counter/10/0/0/0,4059:1747647652841:,1747647658168
counter/10/0/0/0,4060:1747647652841:,1747647658168
counter/10/0/0/0,4061:1747647652841:,1747647658168
counter/1/0/0/0,4445:1747647653242:,1747647658168
counter/1/0/0/0,4446:1747647653242:,1747647658168
counter/1/0/0/0,4447:1747647653244:,1747647658169
counter/1/0/0/0,4448:1747647653244:,1747647658169
counter/1/0/0/0,4449:1747647653244:,1747647658169
counter/3/0/0/0,4316:1747647652900:,1747647658173
counter/10/0/0/0,4062:1747647652841:,1747647658173
counter/10/0/0/0,4063:1747647652841:,1747647658173
counter/10/0/0/0,4064:1747647652841:,1747647658173
counter/10/0/0/0,4065:1747647652841:,1747647658173
counter/10/0/0/0,4066:1747647652841:,1747647658173
counter/10/0/0/0,4067:1747647652841:,1747647658173
counter/10/0/0/0,4068:1747647652841:,1747647658173
counter/10/0/0/0,4069:1747647652841:,1747647658173
counter/2/0/0/0,3955:1747647652321:,1747647658174
counter/9/0/0/0,4407:1747647653126:,1747647658174
counter/9/0/0/0,4408:1747647653126:,1747647658174
counter/6/0/0/0,3854:1747647653071:,1747647658174
counter/5/0/0/0,4190:1747647652666:,1747647658175
counter/5/0/0/0,4191:1747647652667:,1747647658175
counter/5/0/0/0,4192:1747647652667:,1747647658175
counter/5/0/0/0,4193:1747647652751:,1747647658175
counter/5/0/0/0,4194:1747647652754:,1747647658175
counter/5/0/0/0,4195:1747647652768:,1747647658176
counter/5/0/0/0,4196:1747647652768:,1747647658176
counter/6/0/0/0,3855:1747647653071:,1747647658176
counter/3/0/0/0,4317:1747647652900:,1747647658176
counter/3/0/0/0,4318:1747647652900:,1747647658176
counter/7/0/0/0,4082:1747647652957:,1747647658176
counter/4/0/0/0,4466:1747647653177:,1747647658178
counter/4/0/0/0,4467:1747647653177:,1747647658178
counter/4/0/0/0,4468:1747647653177:,1747647658178
counter/6/0/0/0,3856:1747647653071:,1747647658178
counter/4/0/0/0,4469:1747647653177:,1747647658178
counter/4/0/0/0,4470:1747647653177:,1747647658178
counter/9/0/0/0,4409:1747647653127:,1747647658178
counter/4/0/0/0,4471:1747647653177:,1747647658178
counter/4/0/0/0,4472:1747647653177:,1747647658178
counter/2/0/0/0,3956:1747647652321:,1747647658179
counter/1/0/0/0,4450:1747647653244:,1747647658179
counter/1/0/0/0,4451:1747647653244:,1747647658179
counter/1/0/0/0,4452:1747647653244:,1747647658179
counter/1/0/0/0,4453:1747647653244:,1747647658179
counter/1/0/0/0,4454:1747647653244:,1747647658179
counter/7/0/0/0,4083:1747647652957:,1747647658179
counter/1/0/0/0,4455:1747647653244:,1747647658179
counter/1/0/0/0,4456:1747647653244:,1747647658179
counter/1/0/0/0,4457:1747647653244:,1747647658179
counter/1/0/0/0,4458:1747647653244:,1747647658179
counter/1/0/0/0,4459:1747647653244:,1747647658179
counter/1/0/0/0,4460:1747647653245:,1747647658180
counter/1/0/0/0,4461:1747647653245:,1747647658180
counter/1/0/0/0,4462:1747647653245:,1747647658180
counter/1/0/0/0,4463:1747647653245:,1747647658180
counter/6/0/0/0,3857:1747647653071:,1747647658180
counter/3/0/0/0,4319:1747647652900:,1747647658180
counter/3/0/0/0,4320:1747647652904:,1747647658180
counter/3/0/0/0,4321:1747647652905:,1747647658180
counter/3/0/0/0,4322:1747647652910:,1747647658180
counter/3/0/0/0,4323:1747647652910:,1747647658180
counter/3/0/0/0,4324:1747647652910:,1747647658180
counter/3/0/0/0,4325:1747647652910:,1747647658180
counter/4/0/0/0,4473:1747647653177:,1747647658180
counter/5/0/0/0,4197:1747647652768:,1747647658180
counter/7/0/0/0,4084:1747647652957:,1747647658181
counter/9/0/0/0,4410:1747647653127:,1747647658181
counter/7/0/0/0,4085:1747647652958:,1747647658181
counter/5/0/0/0,4198:1747647652768:,1747647658181
counter/5/0/0/0,4199:1747647652768:,1747647658181
counter/5/0/0/0,4200:1747647652768:,1747647658181
counter/5/0/0/0,4201:1747647652768:,1747647658181
counter/5/0/0/0,4202:1747647652768:,1747647658181
counter/5/0/0/0,4203:1747647652768:,1747647658181
counter/8/0/0/0,4615:1747647652761:,1747647658181
counter/9/0/0/0,4411:1747647653127:,1747647658181
counter/2/0/0/0,3957:1747647652322:,1747647658181
counter/2/0/0/0,3958:1747647652322:,1747647658182
counter/5/0/0/0,4204:1747647652768:,1747647658182
counter/5/0/0/0,4205:1747647652768:,1747647658182
counter/5/0/0/0,4206:1747647652768:,1747647658182
counter/5/0/0/0,4207:1747647652768:,1747647658182
counter/5/0/0/0,4208:1747647652768:,1747647658182
counter/4/0/0/0,4474:1747647653184:,1747647658182
counter/4/0/0/0,4475:1747647653184:,1747647658182
counter/4/0/0/0,4476:1747647653184:,1747647658182
counter/4/0/0/0,4477:1747647653184:,1747647658182
counter/8/0/0/0,4616:1747647652763:,1747647658182
counter/8/0/0/0,4617:1747647652763:,1747647658182
counter/8/0/0/0,4618:1747647652763:,1747647658182
counter/2/0/0/0,3959:1747647652322:,1747647658184
counter/3/0/0/0,4326:1747647652914:,1747647658184
counter/5/0/0/0,4209:1747647652770:,1747647658184
counter/5/0/0/0,4210:1747647652770:,1747647658184
counter/5/0/0/0,4211:1747647652770:,1747647658184
counter/5/0/0/0,4212:1747647652770:,1747647658184
counter/5/0/0/0,4213:1747647652770:,1747647658184
counter/5/0/0/0,4214:1747647652770:,1747647658184
counter/5/0/0/0,4215:1747647652770:,1747647658184
counter/5/0/0/0,4216:1747647652770:,1747647658184
counter/5/0/0/0,4217:1747647652770:,1747647658185
counter/4/0/0/0,4478:1747647653184:,1747647658185
counter/4/0/0/0,4479:1747647653184:,1747647658185
counter/4/0/0/0,4480:1747647653184:,1747647658185
counter/4/0/0/0,4481:1747647653184:,1747647658185
counter/4/0/0/0,4482:1747647653184:,1747647658185
counter/4/0/0/0,4483:1747647653184:,1747647658185
counter/4/0/0/0,4484:1747647653184:,1747647658185
counter/4/0/0/0,4485:1747647653184:,1747647658185
counter/2/0/0/0,3960:1747647652322:,1747647658185
counter/2/0/0/0,3961:1747647652322:,1747647658186
counter/2/0/0/0,3962:1747647652322:,1747647658186
counter/2/0/0/0,3963:1747647652322:,1747647658186
counter/2/0/0/0,3964:1747647652322:,1747647658186
counter/9/0/0/0,4412:1747647653127:,1747647658186
counter/2/0/0/0,3965:1747647652322:,1747647658186
counter/2/0/0/0,3966:1747647652322:,1747647658186
counter/2/0/0/0,3967:1747647652322:,1747647658186
counter/2/0/0/0,3968:1747647652322:,1747647658186
counter/5/0/0/0,4218:1747647652770:,1747647658186
counter/5/0/0/0,4219:1747647652774:,1747647658186
counter/5/0/0/0,4220:1747647652776:,1747647658186
counter/4/0/0/0,4486:1747647653184:,1747647658187
counter/4/0/0/0,4487:1747647653184:,1747647658187
counter/4/0/0/0,4488:1747647653184:,1747647658187
counter/4/0/0/0,4489:1747647653184:,1747647658188
counter/4/0/0/0,4490:1747647653184:,1747647658188
counter/4/0/0/0,4491:1747647653197:,1747647658188
counter/4/0/0/0,4492:1747647653197:,1747647658188
counter/4/0/0/0,4493:1747647653197:,1747647658188
counter/4/0/0/0,4494:1747647653197:,1747647658188
counter/4/0/0/0,4495:1747647653197:,1747647658188
counter/4/0/0/0,4496:1747647653197:,1747647658188
counter/4/0/0/0,4497:1747647653197:,1747647658188
counter/4/0/0/0,4498:1747647653197:,1747647658189
counter/4/0/0/0,4499:1747647653197:,1747647658189
counter/4/0/0/0,4500:1747647653197:,1747647658189
counter/4/0/0/0,4501:1747647653197:,1747647658189
counter/4/0/0/0,4502:1747647653197:,1747647658189
counter/4/0/0/0,4503:1747647653198:,1747647658189
counter/4/0/0/0,4504:1747647653198:,1747647658189
counter/4/0/0/0,4505:1747647653200:,1747647658189
counter/3/0/0/0,4327:1747647652914:,1747647658189
counter/7/0/0/0,4086:1747647652958:,1747647658189
counter/2/0/0/0,3969:1747647652322:,1747647658189
counter/2/0/0/0,3970:1747647652322:,1747647658190
counter/2/0/0/0,3971:1747647652328:,1747647658190
counter/2/0/0/0,3972:1747647652328:,1747647658190
counter/2/0/0/0,3973:1747647652328:,1747647658190
counter/9/0/0/0,4413:1747647653128:,1747647658190
counter/3/0/0/0,4328:1747647652925:,1747647658192
counter/3/0/0/0,4329:1747647652925:,1747647658192
counter/3/0/0/0,4330:1747647652925:,1747647658192
counter/3/0/0/0,4331:1747647652925:,1747647658192
counter/3/0/0/0,4332:1747647652925:,1747647658192
counter/3/0/0/0,4333:1747647652925:,1747647658192
counter/3/0/0/0,4334:1747647652925:,1747647658192
counter/3/0/0/0,4335:1747647652925:,1747647658192
counter/3/0/0/0,4336:1747647652925:,1747647658193
counter/3/0/0/0,4337:1747647652925:,1747647658193
counter/3/0/0/0,4338:1747647652925:,1747647658193
counter/3/0/0/0,4339:1747647652925:,1747647658193
counter/3/0/0/0,4340:1747647652925:,1747647658193
counter/3/0/0/0,4341:1747647652925:,1747647658193
counter/3/0/0/0,4342:1747647652925:,1747647658193
counter/3/0/0/0,4343:1747647652926:,1747647658193
counter/3/0/0/0,4344:1747647652926:,1747647658193
counter/5/0/0/0,4221:1747647652776:,1747647658193
counter/3/0/0/0,4345:1747647652938:,1747647658193
counter/1/0/0/0,4464:1747647653246:,1747647658193
counter/3/0/0/0,4346:1747647652938:,1747647658193
counter/6/0/0/0,3858:1747647653071:,1747647658194
counter/6/0/0/0,3859:1747647653071:,1747647658194
counter/6/0/0/0,3860:1747647653071:,1747647658194
counter/6/0/0/0,3861:1747647653071:,1747647658194
counter/6/0/0/0,3862:1747647653071:,1747647658194
counter/6/0/0/0,3863:1747647653071:,1747647658194
counter/7/0/0/0,4087:1747647652958:,1747647658194
counter/5/0/0/0,4222:1747647652776:,1747647658194
counter/5/0/0/0,4223:1747647652776:,1747647658194
counter/5/0/0/0,4224:1747647652776:,1747647658194
counter/5/0/0/0,4225:1747647652776:,1747647658194
counter/5/0/0/0,4226:1747647652776:,1747647658194
counter/1/0/0/0,4465:1747647653246:,1747647658195
counter/1/0/0/0,4466:1747647653246:,1747647658195
counter/1/0/0/0,4467:1747647653246:,1747647658195
counter/9/0/0/0,4414:1747647653128:,1747647658196
counter/2/0/0/0,3974:1747647652328:,1747647658196
counter/9/0/0/0,4415:1747647653128:,1747647658196
counter/2/0/0/0,3975:1747647652328:,1747647658196
counter/5/0/0/0,4227:1747647652776:,1747647658196
counter/2/0/0/0,3976:1747647652328:,1747647658196
counter/5/0/0/0,4228:1747647652776:,1747647658196
counter/5/0/0/0,4229:1747647652776:,1747647658196
counter/5/0/0/0,4230:1747647652776:,1747647658196
counter/5/0/0/0,4231:1747647652776:,1747647658196
counter/5/0/0/0,4232:1747647652776:,1747647658196
counter/5/0/0/0,4233:1747647652776:,1747647658196
counter/5/0/0/0,4234:1747647652776:,1747647658197
counter/5/0/0/0,4235:1747647652780:,1747647658197
counter/5/0/0/0,4236:1747647652780:,1747647658197
counter/5/0/0/0,4237:1747647652780:,1747647658197
counter/8/0/0/0,4619:1747647652763:,1747647658197
counter/4/0/0/0,4506:1747647653200:,1747647658197
counter/6/0/0/0,3864:1747647653071:,1747647658198
counter/6/0/0/0,3865:1747647653071:,1747647658198
counter/1/0/0/0,4468:1747647653246:,1747647658198
counter/2/0/0/0,3977:1747647652328:,1747647658199
counter/7/0/0/0,4088:1747647652958:,1747647658199
counter/10/0/0/0,4070:1747647652847:,1747647658200
counter/7/0/0/0,4089:1747647652958:,1747647658200
counter/2/0/0/0,3978:1747647652330:,1747647658201
counter/2/0/0/0,3979:1747647652332:,1747647658201
counter/2/0/0/0,3980:1747647652332:,1747647658201
counter/2/0/0/0,3981:1747647652332:,1747647658201
counter/3/0/0/0,4347:1747647652938:,1747647658201
counter/3/0/0/0,4348:1747647652938:,1747647658201
counter/9/0/0/0,4416:1747647653128:,1747647658201
counter/9/0/0/0,4417:1747647653128:,1747647658203
counter/1/0/0/0,4469:1747647653246:,1747647658204
counter/1/0/0/0,4470:1747647653246:,1747647658204
counter/1/0/0/0,4471:1747647653246:,1747647658204
counter/1/0/0/0,4472:1747647653246:,1747647658204
counter/1/0/0/0,4473:1747647653246:,1747647658204
counter/1/0/0/0,4474:1747647653257:,1747647658204
counter/1/0/0/0,4475:1747647653278:,1747647658204
counter/1/0/0/0,4476:1747647653278:,1747647658204
counter/1/0/0/0,4477:1747647653279:,1747647658204
counter/6/0/0/0,3866:1747647653071:,1747647658204
counter/3/0/0/0,4349:1747647652938:,1747647658204
counter/7/0/0/0,4090:1747647652959:,1747647658204
counter/3/0/0/0,4350:1747647652938:,1747647658204
counter/2/0/0/0,3982:1747647652332:,1747647658205
counter/9/0/0/0,4418:1747647653128:,1747647658205
counter/9/0/0/0,4419:1747647653128:,1747647658206
counter/9/0/0/0,4420:1747647653131:,1747647658206
counter/9/0/0/0,4421:1747647653132:,1747647658206
counter/9/0/0/0,4422:1747647653132:,1747647658206
counter/9/0/0/0,4423:1747647653132:,1747647658206
counter/9/0/0/0,4424:1747647653132:,1747647658206
counter/9/0/0/0,4425:1747647653132:,1747647658206
counter/9/0/0/0,4426:1747647653132:,1747647658206
counter/9/0/0/0,4427:1747647653132:,1747647658206
counter/9/0/0/0,4428:1747647653132:,1747647658206
counter/10/0/0/0,4071:1747647652847:,1747647658206
counter/10/0/0/0,4072:1747647652847:,1747647658206
counter/8/0/0/0,4620:1747647652763:,1747647658206
counter/7/0/0/0,4091:1747647652959:,1747647658206
counter/7/0/0/0,4092:1747647652959:,1747647658206
counter/3/0/0/0,4351:1747647652938:,1747647658206
counter/3/0/0/0,4352:1747647652938:,1747647658207
counter/3/0/0/0,4353:1747647652942:,1747647658207
counter/9/0/0/0,4429:1747647653133:,1747647658209
counter/9/0/0/0,4430:1747647653133:,1747647658209
counter/9/0/0/0,4431:1747647653133:,1747647658209
counter/9/0/0/0,4432:1747647653133:,1747647658209
counter/10/0/0/0,4073:1747647652848:,1747647658209
counter/10/0/0/0,4074:1747647652848:,1747647658209
counter/10/0/0/0,4075:1747647652848:,1747647658209
counter/1/0/0/0,4478:1747647653279:,1747647658209
counter/1/0/0/0,4479:1747647653279:,1747647658209
counter/1/0/0/0,4480:1747647653280:,1747647658209
counter/1/0/0/0,4481:1747647653280:,1747647658209
counter/1/0/0/0,4482:1747647653281:,1747647658209
counter/1/0/0/0,4483:1747647653281:,1747647658209
counter/1/0/0/0,4484:1747647653286:,1747647658209
counter/1/0/0/0,4485:1747647653286:,1747647658209
counter/6/0/0/0,3867:1747647653071:,1747647658209
counter/4/0/0/0,4507:1747647653200:,1747647658209
counter/4/0/0/0,4508:1747647653200:,1747647658209
counter/4/0/0/0,4509:1747647653200:,1747647658209
counter/2/0/0/0,3983:1747647652332:,1747647658210
counter/2/0/0/0,3984:1747647652332:,1747647658210
counter/2/0/0/0,3985:1747647652332:,1747647658210
counter/6/0/0/0,3868:1747647653071:,1747647658210
counter/2/0/0/0,3986:1747647652332:,1747647658210
counter/4/0/0/0,4510:1747647653200:,1747647658211
counter/4/0/0/0,4511:1747647653200:,1747647658211
counter/4/0/0/0,4512:1747647653200:,1747647658211
counter/5/0/0/0,4238:1747647652780:,1747647658211
counter/2/0/0/0,3987:1747647652332:,1747647658212
counter/2/0/0/0,3988:1747647652332:,1747647658212
counter/2/0/0/0,3989:1747647652332:,1747647658212
counter/2/0/0/0,3990:1747647652332:,1747647658212
counter/2/0/0/0,3991:1747647652332:,1747647658212
counter/2/0/0/0,3992:1747647652332:,1747647658212
counter/2/0/0/0,3993:1747647652332:,1747647658212
counter/2/0/0/0,3994:1747647652333:,1747647658213
counter/2/0/0/0,3995:1747647652333:,1747647658213
counter/2/0/0/0,3996:1747647652337:,1747647658213
counter/2/0/0/0,3997:1747647652337:,1747647658213
counter/2/0/0/0,3998:1747647652341:,1747647658213
counter/2/0/0/0,3999:1747647652341:,1747647658213
counter/2/0/0/0,4000:1747647652341:,1747647658213
counter/2/0/0/0,4001:1747647652341:,1747647658213
counter/2/0/0/0,4002:1747647652341:,1747647658213
counter/2/0/0/0,4003:1747647652341:,1747647658213
counter/2/0/0/0,4004:1747647652341:,1747647658213
counter/2/0/0/0,4005:1747647652341:,1747647658213
counter/2/0/0/0,4006:1747647652341:,1747647658213
counter/2/0/0/0,4007:1747647652341:,1747647658213
counter/2/0/0/0,4008:1747647652341:,1747647658213
counter/2/0/0/0,4009:1747647652341:,1747647658213
counter/2/0/0/0,4010:1747647652341:,1747647658213
counter/2/0/0/0,4011:1747647652341:,1747647658213
counter/1/0/0/0,4486:1747647653286:,1747647658213
counter/5/0/0/0,4239:1747647652780:,1747647658213
counter/10/0/0/0,4076:1747647652848:,1747647658213
counter/10/0/0/0,4077:1747647652849:,1747647658213
counter/10/0/0/0,4078:1747647652849:,1747647658214
counter/10/0/0/0,4079:1747647652849:,1747647658214
counter/10/0/0/0,4080:1747647652849:,1747647658214
counter/10/0/0/0,4081:1747647652849:,1747647658214
counter/10/0/0/0,4082:1747647652849:,1747647658214
counter/10/0/0/0,4083:1747647652857:,1747647658214
counter/10/0/0/0,4084:1747647652857:,1747647658214
counter/10/0/0/0,4085:1747647652857:,1747647658214
counter/9/0/0/0,4433:1747647653133:,1747647658214
counter/9/0/0/0,4434:1747647653138:,1747647658214
counter/9/0/0/0,4435:1747647653138:,1747647658214
counter/3/0/0/0,4354:1747647652942:,1747647658214
counter/2/0/0/0,4012:1747647652348:,1747647658214
counter/2/0/0/0,4013:1747647652348:,1747647658214
counter/2/0/0/0,4014:1747647652348:,1747647658214
counter/7/0/0/0,4093:1747647652959:,1747647658214
counter/10/0/0/0,4086:1747647652857:,1747647658214
counter/10/0/0/0,4087:1747647652857:,1747647658215
counter/10/0/0/0,4088:1747647652857:,1747647658215
counter/10/0/0/0,4089:1747647652857:,1747647658215
counter/10/0/0/0,4090:1747647652857:,1747647658215
counter/10/0/0/0,4091:1747647652857:,1747647658215
counter/10/0/0/0,4092:1747647652857:,1747647658215
counter/10/0/0/0,4093:1747647652857:,1747647658215
counter/5/0/0/0,4240:1747647652780:,1747647658215
counter/4/0/0/0,4513:1747647653204:,1747647658215
counter/4/0/0/0,4514:1747647653205:,1747647658216
counter/4/0/0/0,4515:1747647653205:,1747647658216
counter/4/0/0/0,4516:1747647653205:,1747647658216
counter/4/0/0/0,4517:1747647653205:,1747647658216
counter/10/0/0/0,4094:1747647652857:,1747647658216
counter/3/0/0/0,4355:1747647652942:,1747647658216
counter/8/0/0/0,4621:1747647652763:,1747647658216
counter/2/0/0/0,4015:1747647652348:,1747647658216
counter/2/0/0/0,4016:1747647652348:,1747647658216
counter/2/0/0/0,4017:1747647652348:,1747647658216
counter/2/0/0/0,4018:1747647652348:,1747647658216
counter/2/0/0/0,4019:1747647652348:,1747647658216
counter/2/0/0/0,4020:1747647652348:,1747647658216
counter/2/0/0/0,4021:1747647652349:,1747647658216
counter/1/0/0/0,4487:1747647653286:,1747647658216
counter/1/0/0/0,4488:1747647653286:,1747647658216
counter/1/0/0/0,4489:1747647653286:,1747647658216
counter/10/0/0/0,4095:1747647652857:,1747647658217
counter/5/0/0/0,4241:1747647652780:,1747647658217
counter/4/0/0/0,4518:1747647653205:,1747647658218
counter/1/0/0/0,4490:1747647653286:,1747647658218
counter/1/0/0/0,4491:1747647653286:,1747647658218
counter/1/0/0/0,4492:1747647653287:,1747647658219
counter/1/0/0/0,4493:1747647653287:,1747647658219
counter/1/0/0/0,4494:1747647653287:,1747647658219
counter/1/0/0/0,4495:1747647653287:,1747647658219
counter/1/0/0/0,4496:1747647653287:,1747647658219
counter/1/0/0/0,4497:1747647653292:,1747647658219
counter/1/0/0/0,4498:1747647653292:,1747647658219
counter/1/0/0/0,4499:1747647653292:,1747647658219
counter/1/0/0/0,4500:1747647653292:,1747647658219
counter/8/0/0/0,4622:1747647652763:,1747647658219
counter/5/0/0/0,4242:1747647652781:,1747647658219
counter/6/0/0/0,3869:1747647653079:,1747647658219
counter/6/0/0/0,3870:1747647653079:,1747647658219
counter/1/0/0/0,4501:1747647653292:,1747647658219
counter/1/0/0/0,4502:1747647653292:,1747647658219
counter/1/0/0/0,4503:1747647653292:,1747647658219
counter/1/0/0/0,4504:1747647653292:,1747647658219
counter/1/0/0/0,4505:1747647653292:,1747647658220
counter/1/0/0/0,4506:1747647653292:,1747647658220
counter/1/0/0/0,4507:1747647653292:,1747647658220
counter/1/0/0/0,4508:1747647653296:,1747647658220
counter/1/0/0/0,4509:1747647653296:,1747647658220
counter/1/0/0/0,4510:1747647653296:,1747647658220
counter/1/0/0/0,4511:1747647653296:,1747647658220
counter/1/0/0/0,4512:1747647653296:,1747647658220
counter/8/0/0/0,4623:1747647652763:,1747647658220
counter/4/0/0/0,4519:1747647653205:,1747647658221
counter/2/0/0/0,4022:1747647652349:,1747647658222
counter/2/0/0/0,4023:1747647652349:,1747647658222
counter/2/0/0/0,4024:1747647652349:,1747647658222
counter/2/0/0/0,4025:1747647652349:,1747647658222
counter/2/0/0/0,4026:1747647652349:,1747647658222
counter/2/0/0/0,4027:1747647652349:,1747647658222
counter/2/0/0/0,4028:1747647652349:,1747647658222
counter/2/0/0/0,4029:1747647652359:,1747647658222
counter/3/0/0/0,4356:1747647652942:,1747647658222
counter/7/0/0/0,4094:1747647652959:,1747647658223
counter/7/0/0/0,4095:1747647652959:,1747647658223
counter/2/0/0/0,4030:1747647652359:,1747647658223
counter/2/0/0/0,4031:1747647652359:,1747647658225
counter/7/0/0/0,4096:1747647652959:,1747647658225
counter/1/0/0/0,4513:1747647653303:,1747647658225
counter/1/0/0/0,4514:1747647653303:,1747647658225
counter/4/0/0/0,4520:1747647653205:,1747647658225
counter/4/0/0/0,4521:1747647653205:,1747647658225
counter/3/0/0/0,4357:1747647652942:,1747647658225
counter/6/0/0/0,3871:1747647653079:,1747647658226
counter/5/0/0/0,4243:1747647652781:,1747647658226
counter/5/0/0/0,4244:1747647652781:,1747647658226
counter/2/0/0/0,4032:1747647652361:,1747647658226
counter/6/0/0/0,3872:1747647653079:,1747647658227
counter/9/0/0/0,4436:1747647653138:,1747647658227
counter/10/0/0/0,4096:1747647652857:,1747647658227
counter/3/0/0/0,4358:1747647652942:,1747647658227
counter/3/0/0/0,4359:1747647652943:,1747647658227
counter/3/0/0/0,4360:1747647652943:,1747647658227
counter/3/0/0/0,4361:1747647652943:,1747647658227
counter/3/0/0/0,4362:1747647652943:,1747647658227
counter/3/0/0/0,4363:1747647652949:,1747647658227
counter/3/0/0/0,4364:1747647652950:,1747647658227
counter/3/0/0/0,4365:1747647652950:,1747647658227
counter/3/0/0/0,4366:1747647652950:,1747647658227
counter/3/0/0/0,4367:1747647652950:,1747647658228
counter/3/0/0/0,4368:1747647652950:,1747647658228
counter/2/0/0/0,4033:1747647652361:,1747647658228
counter/5/0/0/0,4245:1747647652781:,1747647658228
counter/7/0/0/0,4097:1747647652960:,1747647658228
counter/6/0/0/0,3873:1747647653079:,1747647658228
counter/2/0/0/0,4034:1747647652361:,1747647658228
counter/2/0/0/0,4035:1747647652362:,1747647658228
counter/2/0/0/0,4036:1747647652362:,1747647658228
counter/2/0/0/0,4037:1747647652362:,1747647658228
counter/2/0/0/0,4038:1747647652362:,1747647658229
counter/2/0/0/0,4039:1747647652362:,1747647658229
counter/2/0/0/0,4040:1747647652362:,1747647658229
counter/2/0/0/0,4041:1747647652362:,1747647658229
counter/2/0/0/0,4042:1747647652362:,1747647658229
counter/2/0/0/0,4043:1747647652364:,1747647658229
counter/6/0/0/0,3874:1747647653079:,1747647658229
counter/6/0/0/0,3875:1747647653079:,1747647658229
counter/2/0/0/0,4044:1747647652365:,1747647658229
counter/2/0/0/0,4045:1747647652365:,1747647658229
counter/2/0/0/0,4046:1747647652365:,1747647658229
counter/4/0/0/0,4522:1747647653205:,1747647658229
counter/9/0/0/0,4437:1747647653138:,1747647658230
counter/9/0/0/0,4438:1747647653138:,1747647658230
counter/9/0/0/0,4439:1747647653138:,1747647658230
counter/9/0/0/0,4440:1747647653138:,1747647658230
counter/9/0/0/0,4441:1747647653138:,1747647658230
counter/9/0/0/0,4442:1747647653138:,1747647658230
counter/9/0/0/0,4443:1747647653138:,1747647658230
counter/9/0/0/0,4444:1747647653138:,1747647658230
counter/9/0/0/0,4445:1747647653138:,1747647658230
counter/9/0/0/0,4446:1747647653138:,1747647658230
counter/1/0/0/0,4515:1747647653303:,1747647658230
counter/5/0/0/0,4246:1747647652781:,1747647658230
counter/5/0/0/0,4247:1747647652781:,1747647658230
counter/3/0/0/0,4369:1747647652950:,1747647658231
counter/5/0/0/0,4248:1747647652781:,1747647658231
counter/2/0/0/0,4047:1747647652365:,1747647658231
counter/1/0/0/0,4516:1747647653303:,1747647658232
counter/6/0/0/0,3876:1747647653089:,1747647658233
counter/6/0/0/0,3877:1747647653089:,1747647658233
counter/2/0/0/0,4048:1747647652365:,1747647658233
counter/10/0/0/0,4097:1747647652857:,1747647658233
counter/9/0/0/0,4447:1747647653138:,1747647658233
counter/8/0/0/0,4624:1747647652763:,1747647658233
counter/8/0/0/0,4625:1747647652763:,1747647658233
counter/8/0/0/0,4626:1747647652763:,1747647658234
counter/5/0/0/0,4249:1747647652781:,1747647658234
counter/8/0/0/0,4627:1747647652763:,1747647658235
counter/2/0/0/0,4049:1747647652365:,1747647658235
counter/4/0/0/0,4523:1747647653205:,1747647658236
counter/4/0/0/0,4524:1747647653232:,1747647658236
counter/6/0/0/0,3878:1747647653089:,1747647658236
counter/4/0/0/0,4525:1747647653232:,1747647658236
counter/8/0/0/0,4628:1747647652763:,1747647658237
counter/10/0/0/0,4098:1747647652857:,1747647658237
counter/6/0/0/0,3879:1747647653089:,1747647658237
counter/4/0/0/0,4526:1747647653232:,1747647658237
counter/6/0/0/0,3880:1747647653089:,1747647658237
counter/10/0/0/0,4099:1747647652857:,1747647658237
counter/10/0/0/0,4100:1747647652858:,1747647658237
counter/10/0/0/0,4101:1747647652858:,1747647658237
counter/10/0/0/0,4102:1747647652858:,1747647658237
counter/10/0/0/0,4103:1747647652874:,1747647658237
counter/10/0/0/0,4104:1747647652874:,1747647658237
counter/7/0/0/0,4098:1747647652961:,1747647658238
counter/7/0/0/0,4099:1747647652961:,1747647658238
counter/7/0/0/0,4100:1747647652961:,1747647658238
counter/7/0/0/0,4101:1747647652961:,1747647658238
counter/7/0/0/0,4102:1747647652961:,1747647658238
counter/2/0/0/0,4050:1747647652365:,1747647658238
counter/7/0/0/0,4103:1747647652961:,1747647658239
counter/7/0/0/0,4104:1747647652961:,1747647658239
counter/7/0/0/0,4105:1747647652961:,1747647658239
counter/7/0/0/0,4106:1747647652961:,1747647658239
counter/4/0/0/0,4527:1747647653232:,1747647658239
counter/6/0/0/0,3881:1747647653090:,1747647658239
counter/6/0/0/0,3882:1747647653090:,1747647658239
counter/1/0/0/0,4517:1747647653303:,1747647658239
counter/1/0/0/0,4518:1747647653303:,1747647658239
counter/1/0/0/0,4519:1747647653303:,1747647658239
counter/1/0/0/0,4520:1747647653303:,1747647658239
counter/1/0/0/0,4521:1747647653303:,1747647658239
counter/1/0/0/0,4522:1747647653303:,1747647658239
counter/1/0/0/0,4523:1747647653303:,1747647658239
counter/1/0/0/0,4524:1747647653305:,1747647658239
counter/1/0/0/0,4525:1747647653305:,1747647658239
counter/1/0/0/0,4526:1747647653305:,1747647658239
counter/1/0/0/0,4527:1747647653305:,1747647658239
counter/1/0/0/0,4528:1747647653305:,1747647658239
counter/8/0/0/0,4629:1747647652763:,1747647658240
counter/10/0/0/0,4105:1747647652874:,1747647658240
counter/10/0/0/0,4106:1747647652874:,1747647658240
counter/10/0/0/0,4107:1747647652874:,1747647658240
counter/10/0/0/0,4108:1747647652874:,1747647658240
counter/10/0/0/0,4109:1747647652874:,1747647658240
counter/10/0/0/0,4110:1747647652875:,1747647658240
counter/10/0/0/0,4111:1747647652875:,1747647658240
counter/10/0/0/0,4112:1747647652875:,1747647658240
counter/10/0/0/0,4113:1747647652891:,1747647658240
counter/10/0/0/0,4114:1747647652891:,1747647658241
counter/10/0/0/0,4115:1747647652891:,1747647658241
counter/10/0/0/0,4116:1747647652891:,1747647658241
counter/10/0/0/0,4117:1747647652898:,1747647658241
counter/10/0/0/0,4118:1747647652898:,1747647658241
counter/10/0/0/0,4119:1747647652899:,1747647658241
counter/10/0/0/0,4120:1747647652899:,1747647658241
counter/10/0/0/0,4121:1747647652899:,1747647658241
counter/10/0/0/0,4122:1747647652911:,1747647658241
counter/1/0/0/0,4529:1747647653305:,1747647658242
counter/5/0/0/0,4250:1747647652796:,1747647658242
counter/2/0/0/0,4051:1747647652365:,1747647658242
counter/5/0/0/0,4251:1747647652796:,1747647658242
counter/9/0/0/0,4448:1747647653138:,1747647658242
counter/4/0/0/0,4528:1747647653234:,1747647658242
counter/2/0/0/0,4052:1747647652365:,1747647658243
counter/2/0/0/0,4053:1747647652365:,1747647658244
counter/10/0/0/0,4123:1747647652911:,1747647658244
counter/2/0/0/0,4054:1747647652365:,1747647658244
counter/2/0/0/0,4055:1747647652365:,1747647658244
counter/2/0/0/0,4056:1747647652365:,1747647658244
counter/2/0/0/0,4057:1747647652365:,1747647658244
counter/2/0/0/0,4058:1747647652365:,1747647658244
counter/2/0/0/0,4059:1747647652366:,1747647658244
counter/10/0/0/0,4124:1747647652911:,1747647658245
counter/10/0/0/0,4125:1747647652911:,1747647658245
counter/6/0/0/0,3883:1747647653090:,1747647658245
counter/10/0/0/0,4126:1747647652911:,1747647658245
counter/8/0/0/0,4630:1747647652763:,1747647658246
counter/8/0/0/0,4631:1747647652765:,1747647658246
counter/8/0/0/0,4632:1747647652765:,1747647658246
counter/8/0/0/0,4633:1747647652766:,1747647658247
counter/8/0/0/0,4634:1747647652766:,1747647658247
counter/8/0/0/0,4635:1747647652766:,1747647658247
counter/8/0/0/0,4636:1747647652766:,1747647658247
counter/8/0/0/0,4637:1747647652766:,1747647658247
counter/1/0/0/0,4530:1747647653305:,1747647658248
counter/1/0/0/0,4531:1747647653305:,1747647658248
counter/1/0/0/0,4532:1747647653305:,1747647658248
counter/1/0/0/0,4533:1747647653305:,1747647658248
counter/1/0/0/0,4534:1747647653305:,1747647658248
counter/1/0/0/0,4535:1747647653305:,1747647658248
counter/1/0/0/0,4536:1747647653305:,1747647658248
counter/1/0/0/0,4537:1747647653305:,1747647658248
counter/1/0/0/0,4538:1747647653305:,1747647658248
counter/1/0/0/0,4539:1747647653305:,1747647658248
counter/7/0/0/0,4107:1747647652961:,1747647658248
counter/1/0/0/0,4540:1747647653305:,1747647658248
counter/7/0/0/0,4108:1747647652961:,1747647658248
counter/1/0/0/0,4541:1747647653306:,1747647658248
counter/7/0/0/0,4109:1747647652961:,1747647658248
counter/1/0/0/0,4542:1747647653306:,1747647658248
counter/7/0/0/0,4110:1747647652961:,1747647658248
counter/1/0/0/0,4543:1747647653306:,1747647658248
counter/7/0/0/0,4111:1747647652961:,1747647658248
counter/7/0/0/0,4112:1747647652961:,1747647658248
counter/7/0/0/0,4113:1747647652961:,1747647658249
counter/7/0/0/0,4114:1747647652961:,1747647658249
counter/7/0/0/0,4115:1747647652961:,1747647658249
counter/7/0/0/0,4116:1747647652961:,1747647658249
counter/7/0/0/0,4117:1747647652961:,1747647658249
counter/7/0/0/0,4118:1747647652961:,1747647658249
counter/9/0/0/0,4449:1747647653138:,1747647658249
counter/3/0/0/0,4370:1747647652950:,1747647658249
counter/10/0/0/0,4127:1747647652911:,1747647658249
counter/8/0/0/0,4638:1747647652766:,1747647658249
counter/10/0/0/0,4128:1747647652914:,1747647658249
counter/6/0/0/0,3884:1747647653090:,1747647658249
counter/6/0/0/0,3885:1747647653090:,1747647658249
counter/6/0/0/0,3886:1747647653090:,1747647658249
counter/6/0/0/0,3887:1747647653090:,1747647658250
counter/6/0/0/0,3888:1747647653090:,1747647658250
counter/6/0/0/0,3889:1747647653090:,1747647658250
counter/6/0/0/0,3890:1747647653090:,1747647658250
counter/6/0/0/0,3891:1747647653090:,1747647658250
counter/6/0/0/0,3892:1747647653092:,1747647658250
counter/6/0/0/0,3893:1747647653092:,1747647658250
counter/6/0/0/0,3894:1747647653093:,1747647658250
counter/6/0/0/0,3895:1747647653093:,1747647658250
counter/6/0/0/0,3896:1747647653093:,1747647658250
counter/6/0/0/0,3897:1747647653093:,1747647658250
counter/9/0/0/0,4450:1747647653138:,1747647658250
counter/9/0/0/0,4451:1747647653138:,1747647658250
counter/9/0/0/0,4452:1747647653154:,1747647658250
counter/5/0/0/0,4252:1747647652796:,1747647658250
counter/8/0/0/0,4639:1747647652766:,1747647658250
counter/5/0/0/0,4253:1747647652796:,1747647658250
counter/8/0/0/0,4640:1747647652766:,1747647658250
counter/5/0/0/0,4254:1747647652796:,1747647658250
counter/2/0/0/0,4060:1747647652368:,1747647658250
counter/5/0/0/0,4255:1747647652796:,1747647658251
counter/5/0/0/0,4256:1747647652796:,1747647658252
counter/5/0/0/0,4257:1747647652800:,1747647658252
counter/7/0/0/0,4119:1747647652961:,1747647658255
counter/7/0/0/0,4120:1747647652961:,1747647658255
counter/7/0/0/0,4121:1747647652961:,1747647658255
counter/4/0/0/0,4529:1747647653234:,1747647658255
counter/7/0/0/0,4122:1747647652961:,1747647658255
counter/7/0/0/0,4123:1747647652961:,1747647658255
counter/7/0/0/0,4124:1747647652961:,1747647658256
counter/8/0/0/0,4641:1747647652766:,1747647658256
counter/8/0/0/0,4642:1747647652766:,1747647658256
counter/5/0/0/0,4258:1747647652800:,1747647658256
counter/9/0/0/0,4453:1747647653154:,1747647658256
counter/3/0/0/0,4371:1747647652950:,1747647658257
counter/3/0/0/0,4372:1747647652950:,1747647658257
counter/3/0/0/0,4373:1747647652950:,1747647658257
counter/3/0/0/0,4374:1747647652950:,1747647658257
counter/3/0/0/0,4375:1747647652950:,1747647658257
counter/3/0/0/0,4376:1747647652950:,1747647658257
counter/3/0/0/0,4377:1747647652950:,1747647658257
counter/3/0/0/0,4378:1747647652950:,1747647658257
counter/3/0/0/0,4379:1747647652950:,1747647658257
counter/3/0/0/0,4380:1747647652950:,1747647658258
counter/2/0/0/0,4061:1747647652372:,1747647658258
counter/2/0/0/0,4062:1747647652373:,1747647658258
counter/2/0/0/0,4063:1747647652373:,1747647658258
counter/2/0/0/0,4064:1747647652373:,1747647658258
counter/1/0/0/0,4544:1747647653306:,1747647658258
counter/8/0/0/0,4643:1747647652766:,1747647658259
counter/8/0/0/0,4644:1747647652781:,1747647658259
counter/8/0/0/0,4645:1747647652781:,1747647658259
counter/8/0/0/0,4646:1747647652781:,1747647658259
counter/8/0/0/0,4647:1747647652781:,1747647658259
counter/8/0/0/0,4648:1747647652781:,1747647658259
counter/10/0/0/0,4129:1747647652914:,1747647658259
counter/3/0/0/0,4381:1747647652950:,1747647658259
counter/5/0/0/0,4259:1747647652800:,1747647658260
counter/9/0/0/0,4454:1747647653154:,1747647658260
counter/8/0/0/0,4649:1747647652781:,1747647658260
counter/2/0/0/0,4065:1747647652373:,1747647658261
counter/2/0/0/0,4066:1747647652373:,1747647658261
counter/1/0/0/0,4545:1747647653306:,1747647658262
counter/1/0/0/0,4546:1747647653306:,1747647658262
counter/1/0/0/0,4547:1747647653307:,1747647658262
counter/1/0/0/0,4548:1747647653316:,1747647658262
counter/2/0/0/0,4067:1747647652373:,1747647658262
counter/2/0/0/0,4068:1747647652373:,1747647658262
counter/3/0/0/0,4382:1747647652950:,1747647658263
counter/10/0/0/0,4130:1747647652915:,1747647658264
counter/5/0/0/0,4260:1747647652800:,1747647658264
counter/10/0/0/0,4131:1747647652915:,1747647658264
counter/1/0/0/0,4549:1747647653316:,1747647658265
counter/9/0/0/0,4455:1747647653155:,1747647658265
counter/2/0/0/0,4069:1747647652373:,1747647658266
counter/2/0/0/0,4070:1747647652373:,1747647658266
counter/2/0/0/0,4071:1747647652373:,1747647658266
counter/2/0/0/0,4072:1747647652373:,1747647658266
counter/2/0/0/0,4073:1747647652373:,1747647658267
counter/2/0/0/0,4074:1747647652373:,1747647658267
counter/2/0/0/0,4075:1747647652373:,1747647658267
counter/2/0/0/0,4076:1747647652373:,1747647658267
counter/2/0/0/0,4077:1747647652373:,1747647658267
counter/2/0/0/0,4078:1747647652373:,1747647658267
counter/3/0/0/0,4383:1747647652950:,1747647658269
counter/10/0/0/0,4132:1747647652915:,1747647658269
counter/10/0/0/0,4133:1747647652915:,1747647658269
counter/10/0/0/0,4134:1747647652915:,1747647658269
counter/10/0/0/0,4135:1747647652915:,1747647658269
counter/10/0/0/0,4136:1747647652915:,1747647658269
counter/10/0/0/0,4137:1747647652915:,1747647658269
counter/10/0/0/0,4138:1747647652915:,1747647658270
counter/10/0/0/0,4139:1747647652915:,1747647658270
counter/10/0/0/0,4140:1747647652915:,1747647658270
counter/10/0/0/0,4141:1747647652915:,1747647658270
counter/10/0/0/0,4142:1747647652915:,1747647658270
counter/10/0/0/0,4143:1747647652915:,1747647658270
counter/10/0/0/0,4144:1747647652918:,1747647658270
counter/10/0/0/0,4145:1747647652918:,1747647658270
counter/8/0/0/0,4650:1747647652781:,1747647658270
counter/7/0/0/0,4125:1747647652961:,1747647658270
counter/5/0/0/0,4261:1747647652800:,1747647658270
counter/7/0/0/0,4126:1747647652961:,1747647658272
counter/2/0/0/0,4079:1747647652373:,1747647658274
counter/10/0/0/0,4146:1747647652918:,1747647658274
counter/9/0/0/0,4456:1747647653156:,1747647658274
counter/4/0/0/0,4530:1747647653234:,1747647658274
counter/6/0/0/0,3898:1747647653093:,1747647658277
counter/6/0/0/0,3899:1747647653093:,1747647658277
counter/6/0/0/0,3900:1747647653093:,1747647658277
counter/6/0/0/0,3901:1747647653093:,1747647658277
counter/6/0/0/0,3902:1747647653093:,1747647658277
counter/3/0/0/0,4384:1747647652950:,1747647658277
counter/6/0/0/0,3903:1747647653099:,1747647658278
counter/2/0/0/0,4080:1747647652373:,1747647658278
counter/10/0/0/0,4147:1747647652919:,1747647658278
counter/9/0/0/0,4457:1747647653156:,1747647658278
counter/4/0/0/0,4531:1747647653234:,1747647658278
counter/4/0/0/0,4532:1747647653234:,1747647658278
counter/4/0/0/0,4533:1747647653234:,1747647658278
counter/4/0/0/0,4534:1747647653234:,1747647658278
counter/4/0/0/0,4535:1747647653234:,1747647658278
counter/4/0/0/0,4536:1747647653234:,1747647658278
counter/4/0/0/0,4537:1747647653234:,1747647658278
counter/10/0/0/0,4148:1747647652919:,1747647658278
counter/6/0/0/0,3904:1747647653114:,1747647658279
counter/6/0/0/0,3905:1747647653114:,1747647658279
counter/3/0/0/0,4385:1747647652950:,1747647658280
counter/8/0/0/0,4651:1747647652782:,1747647658280
counter/3/0/0/0,4386:1747647652950:,1747647658280
counter/3/0/0/0,4387:1747647652950:,1747647658280
counter/1/0/0/0,4550:1747647653316:,1747647658280
counter/6/0/0/0,3906:1747647653114:,1747647658280
counter/6/0/0/0,3907:1747647653114:,1747647658280
counter/6/0/0/0,3908:1747647653114:,1747647658280
counter/6/0/0/0,3909:1747647653115:,1747647658280
counter/6/0/0/0,3910:1747647653115:,1747647658281
counter/2/0/0/0,4081:1747647652387:,1747647658281
counter/10/0/0/0,4149:1747647652919:,1747647658281
counter/9/0/0/0,4458:1747647653156:,1747647658281
counter/9/0/0/0,4459:1747647653158:,1747647658281
counter/3/0/0/0,4388:1747647652950:,1747647658281
counter/7/0/0/0,4127:1747647652961:,1747647658283
counter/3/0/0/0,4389:1747647652951:,1747647658283
counter/7/0/0/0,4128:1747647652961:,1747647658288
counter/4/0/0/0,4538:1747647653234:,1747647658288
counter/9/0/0/0,4460:1747647653158:,1747647658288
counter/4/0/0/0,4539:1747647653234:,1747647658290
counter/4/0/0/0,4540:1747647653234:,1747647658290
counter/4/0/0/0,4541:1747647653258:,1747647658290
counter/4/0/0/0,4542:1747647653260:,1747647658290
counter/4/0/0/0,4543:1747647653264:,1747647658290
counter/8/0/0/0,4652:1747647652782:,1747647658290
counter/8/0/0/0,4653:1747647652782:,1747647658290
counter/8/0/0/0,4654:1747647652782:,1747647658290
counter/10/0/0/0,4150:1747647652919:,1747647658291
counter/7/0/0/0,4129:1747647652961:,1747647658291
counter/3/0/0/0,4390:1747647652951:,1747647658291
counter/3/0/0/0,4391:1747647652951:,1747647658291
counter/3/0/0/0,4392:1747647652951:,1747647658291
counter/3/0/0/0,4393:1747647652951:,1747647658291
counter/3/0/0/0,4394:1747647652954:,1747647658291
counter/3/0/0/0,4395:1747647652954:,1747647658291
counter/5/0/0/0,4262:1747647652807:,1747647658291
counter/4/0/0/0,4544:1747647653264:,1747647658293
counter/7/0/0/0,4130:1747647652961:,1747647658293
counter/3/0/0/0,4396:1747647652954:,1747647658294
counter/8/0/0/0,4655:1747647652782:,1747647658297
counter/4/0/0/0,4545:1747647653264:,1747647658297
counter/2/0/0/0,4082:1747647652387:,1747647658297
counter/2/0/0/0,4083:1747647652387:,1747647658297
counter/2/0/0/0,4084:1747647652387:,1747647658297
counter/2/0/0/0,4085:1747647652387:,1747647658297
counter/1/0/0/0,4551:1747647653316:,1747647658297
counter/1/0/0/0,4552:1747647653316:,1747647658297
counter/1/0/0/0,4553:1747647653316:,1747647658297
counter/10/0/0/0,4151:1747647652919:,1747647658299
counter/10/0/0/0,4152:1747647652919:,1747647658299
counter/10/0/0/0,4153:1747647652922:,1747647658299
counter/10/0/0/0,4154:1747647652922:,1747647658299
counter/7/0/0/0,4131:1747647652962:,1747647658299
counter/10/0/0/0,4155:1747647652922:,1747647658299
counter/10/0/0/0,4156:1747647652922:,1747647658300
counter/4/0/0/0,4546:1747647653266:,1747647658300
counter/1/0/0/0,4554:1747647653316:,1747647658300
counter/3/0/0/0,4397:1747647652955:,1747647658300
counter/3/0/0/0,4398:1747647652955:,1747647658300
counter/5/0/0/0,4263:1747647652807:,1747647658300
counter/5/0/0/0,4264:1747647652807:,1747647658300
counter/5/0/0/0,4265:1747647652807:,1747647658300
counter/9/0/0/0,4461:1747647653158:,1747647658300
counter/9/0/0/0,4462:1747647653158:,1747647658300
counter/9/0/0/0,4463:1747647653159:,1747647658300
counter/9/0/0/0,4464:1747647653159:,1747647658301
counter/9/0/0/0,4465:1747647653159:,1747647658301
counter/9/0/0/0,4466:1747647653159:,1747647658301
counter/9/0/0/0,4467:1747647653159:,1747647658301
counter/7/0/0/0,4132:1747647652962:,1747647658301
counter/9/0/0/0,4468:1747647653159:,1747647658301
counter/5/0/0/0,4266:1747647652807:,1747647658301
counter/1/0/0/0,4555:1747647653316:,1747647658303
counter/4/0/0/0,4547:1747647653266:,1747647658303
counter/4/0/0/0,4548:1747647653266:,1747647658303
counter/4/0/0/0,4549:1747647653266:,1747647658303
counter/4/0/0/0,4550:1747647653266:,1747647658303
counter/4/0/0/0,4551:1747647653266:,1747647658304
counter/4/0/0/0,4552:1747647653266:,1747647658304
counter/4/0/0/0,4553:1747647653269:,1747647658304
counter/4/0/0/0,4554:1747647653294:,1747647658304
counter/4/0/0/0,4555:1747647653294:,1747647658304
counter/4/0/0/0,4556:1747647653303:,1747647658304
counter/4/0/0/0,4557:1747647653303:,1747647658304
counter/4/0/0/0,4558:1747647653303:,1747647658304
counter/4/0/0/0,4559:1747647653303:,1747647658304
counter/4/0/0/0,4560:1747647653303:,1747647658304
counter/4/0/0/0,4561:1747647653303:,1747647658304
counter/4/0/0/0,4562:1747647653303:,1747647658304
counter/4/0/0/0,4563:1747647653311:,1747647658305
counter/4/0/0/0,4564:1747647653311:,1747647658305
counter/4/0/0/0,4565:1747647653311:,1747647658305
counter/4/0/0/0,4566:1747647653311:,1747647658305
counter/1/0/0/0,4556:1747647653319:,1747647658305
counter/8/0/0/0,4656:1747647652782:,1747647658305
counter/2/0/0/0,4086:1747647652387:,1747647658305
counter/7/0/0/0,4133:1747647652962:,1747647658305
counter/7/0/0/0,4134:1747647652962:,1747647658305
counter/7/0/0/0,4135:1747647652962:,1747647658305
counter/7/0/0/0,4136:1747647652962:,1747647658305
counter/7/0/0/0,4137:1747647652962:,1747647658305
counter/7/0/0/0,4138:1747647652962:,1747647658305
counter/7/0/0/0,4139:1747647652962:,1747647658305
counter/7/0/0/0,4140:1747647652962:,1747647658305
counter/7/0/0/0,4141:1747647652962:,1747647658306
counter/7/0/0/0,4142:1747647652962:,1747647658306
counter/5/0/0/0,4267:1747647652807:,1747647658306
counter/10/0/0/0,4157:1747647652922:,1747647658306
counter/1/0/0/0,4557:1747647653319:,1747647658306
counter/10/0/0/0,4158:1747647652922:,1747647658306
counter/1/0/0/0,4558:1747647653319:,1747647658306
counter/1/0/0/0,4559:1747647653319:,1747647658306
counter/1/0/0/0,4560:1747647653319:,1747647658306
counter/1/0/0/0,4561:1747647653319:,1747647658306
counter/1/0/0/0,4562:1747647653319:,1747647658306
counter/1/0/0/0,4563:1747647653319:,1747647658306
counter/1/0/0/0,4564:1747647653319:,1747647658306
counter/1/0/0/0,4565:1747647653319:,1747647658306
counter/1/0/0/0,4566:1747647653319:,1747647658306
counter/1/0/0/0,4567:1747647653319:,1747647658306
counter/1/0/0/0,4568:1747647653320:,1747647658306
counter/1/0/0/0,4569:1747647653320:,1747647658307
counter/1/0/0/0,4570:1747647653320:,1747647658307
counter/8/0/0/0,4657:1747647652782:,1747647658307
counter/8/0/0/0,4658:1747647652782:,1747647658307
counter/4/0/0/0,4567:1747647653311:,1747647658307
counter/8/0/0/0,4659:1747647652783:,1747647658307
counter/4/0/0/0,4568:1747647653311:,1747647658307
counter/4/0/0/0,4569:1747647653311:,1747647658307
counter/4/0/0/0,4570:1747647653311:,1747647658307
counter/4/0/0/0,4571:1747647653311:,1747647658307
counter/4/0/0/0,4572:1747647653311:,1747647658307
counter/10/0/0/0,4159:1747647652928:,1747647658307
counter/10/0/0/0,4160:1747647652928:,1747647658307
counter/10/0/0/0,4161:1747647652928:,1747647658307
counter/10/0/0/0,4162:1747647652928:,1747647658307
counter/2/0/0/0,4087:1747647652387:,1747647658308
counter/10/0/0/0,4163:1747647652928:,1747647658310
counter/2/0/0/0,4088:1747647652387:,1747647658310
counter/5/0/0/0,4268:1747647652810:,1747647658311
counter/5/0/0/0,4269:1747647652810:,1747647658311
counter/5/0/0/0,4270:1747647652810:,1747647658311
counter/5/0/0/0,4271:1747647652810:,1747647658311
counter/5/0/0/0,4272:1747647652810:,1747647658311
counter/5/0/0/0,4273:1747647652811:,1747647658311
counter/5/0/0/0,4274:1747647652811:,1747647658311
counter/7/0/0/0,4143:1747647652962:,1747647658312
counter/7/0/0/0,4144:1747647652962:,1747647658312
counter/7/0/0/0,4145:1747647652962:,1747647658312
counter/7/0/0/0,4146:1747647652962:,1747647658312
counter/7/0/0/0,4147:1747647652962:,1747647658312
counter/7/0/0/0,4148:1747647652962:,1747647658312
counter/7/0/0/0,4149:1747647652962:,1747647658312
counter/7/0/0/0,4150:1747647652962:,1747647658312
counter/5/0/0/0,4275:1747647652811:,1747647658312
counter/5/0/0/0,4276:1747647652811:,1747647658313
counter/5/0/0/0,4277:1747647652811:,1747647658313
counter/5/0/0/0,4278:1747647652811:,1747647658313
counter/8/0/0/0,4660:1747647652803:,1747647658314
counter/8/0/0/0,4661:1747647652803:,1747647658314
counter/8/0/0/0,4662:1747647652803:,1747647658314
counter/8/0/0/0,4663:1747647652803:,1747647658314
counter/8/0/0/0,4664:1747647652803:,1747647658314
counter/4/0/0/0,4573:1747647653311:,1747647658314
counter/4/0/0/0,4574:1747647653311:,1747647658314
counter/9/0/0/0,4469:1747647653159:,1747647658316
counter/9/0/0/0,4470:1747647653160:,1747647658316
counter/1/0/0/0,4571:1747647653320:,1747647658316
counter/1/0/0/0,4572:1747647653327:,1747647658316
counter/10/0/0/0,4164:1747647652928:,1747647658316
counter/3/0/0/0,4399:1747647652955:,1747647658316
counter/10/0/0/0,4165:1747647652928:,1747647658316
counter/3/0/0/0,4400:1747647652955:,1747647658316
counter/3/0/0/0,4401:1747647652955:,1747647658316
counter/3/0/0/0,4402:1747647652955:,1747647658316
counter/3/0/0/0,4403:1747647652955:,1747647658316
counter/3/0/0/0,4404:1747647652955:,1747647658316
counter/3/0/0/0,4405:1747647652955:,1747647658316
counter/2/0/0/0,4089:1747647652387:,1747647658316
counter/8/0/0/0,4665:1747647652806:,1747647658317
counter/5/0/0/0,4279:1747647652811:,1747647658318
counter/5/0/0/0,4280:1747647652811:,1747647658318
counter/5/0/0/0,4281:1747647652811:,1747647658318
counter/5/0/0/0,4282:1747647652811:,1747647658318
counter/5/0/0/0,4283:1747647652814:,1747647658318
counter/5/0/0/0,4284:1747647652814:,1747647658318
counter/10/0/0/0,4166:1747647652929:,1747647658318
counter/2/0/0/0,4090:1747647652387:,1747647658318
counter/2/0/0/0,4091:1747647652387:,1747647658320
counter/3/0/0/0,4406:1747647652955:,1747647658320
counter/9/0/0/0,4471:1747647653160:,1747647658321
counter/1/0/0/0,4573:1747647653329:,1747647658321
counter/1/0/0/0,4574:1747647653329:,1747647658321
counter/1/0/0/0,4575:1747647653329:,1747647658321
counter/1/0/0/0,4576:1747647653329:,1747647658321
counter/6/0/0/0,3911:1747647653115:,1747647658321
counter/6/0/0/0,3912:1747647653115:,1747647658321
counter/6/0/0/0,3913:1747647653115:,1747647658321
counter/6/0/0/0,3914:1747647653115:,1747647658321
counter/6/0/0/0,3915:1747647653115:,1747647658321
counter/6/0/0/0,3916:1747647653115:,1747647658321
counter/6/0/0/0,3917:1747647653115:,1747647658321
counter/10/0/0/0,4167:1747647652929:,1747647658322
counter/9/0/0/0,4472:1747647653160:,1747647658322
counter/5/0/0/0,4285:1747647652814:,1747647658322
counter/5/0/0/0,4286:1747647652814:,1747647658322
counter/5/0/0/0,4287:1747647652814:,1747647658322
counter/5/0/0/0,4288:1747647652814:,1747647658322
counter/5/0/0/0,4289:1747647652814:,1747647658322
counter/5/0/0/0,4290:1747647652814:,1747647658322
counter/5/0/0/0,4291:1747647652814:,1747647658322
counter/5/0/0/0,4292:1747647652833:,1747647658322
counter/5/0/0/0,4293:1747647652833:,1747647658322
counter/5/0/0/0,4294:1747647652833:,1747647658322
counter/5/0/0/0,4295:1747647652833:,1747647658322
counter/5/0/0/0,4296:1747647652834:,1747647658322
counter/5/0/0/0,4297:1747647652834:,1747647658323
counter/5/0/0/0,4298:1747647652834:,1747647658323
counter/4/0/0/0,4575:1747647653311:,1747647658325
counter/8/0/0/0,4666:1747647652806:,1747647658326
counter/9/0/0/0,4473:1747647653160:,1747647658326
counter/9/0/0/0,4474:1747647653160:,1747647658326
counter/7/0/0/0,4151:1747647652962:,1747647658326
counter/9/0/0/0,4475:1747647653160:,1747647658326
counter/3/0/0/0,4407:1747647652955:,1747647658326
counter/9/0/0/0,4476:1747647653160:,1747647658326
counter/3/0/0/0,4408:1747647652955:,1747647658327
counter/7/0/0/0,4152:1747647652962:,1747647658328
counter/10/0/0/0,4168:1747647652929:,1747647658328
counter/9/0/0/0,4477:1747647653160:,1747647658328
counter/9/0/0/0,4478:1747647653164:,1747647658328
counter/9/0/0/0,4479:1747647653166:,1747647658328
counter/9/0/0/0,4480:1747647653166:,1747647658328
counter/9/0/0/0,4481:1747647653166:,1747647658329
counter/4/0/0/0,4576:1747647653311:,1747647658329
counter/10/0/0/0,4169:1747647652929:,1747647658329
counter/9/0/0/0,4482:1747647653166:,1747647658329
counter/9/0/0/0,4483:1747647653166:,1747647658329
counter/9/0/0/0,4484:1747647653166:,1747647658329
counter/9/0/0/0,4485:1747647653166:,1747647658329
counter/9/0/0/0,4486:1747647653166:,1747647658329
counter/9/0/0/0,4487:1747647653168:,1747647658330
counter/9/0/0/0,4488:1747647653168:,1747647658330
counter/9/0/0/0,4489:1747647653168:,1747647658330
counter/2/0/0/0,4092:1747647652387:,1747647658332
counter/5/0/0/0,4299:1747647652834:,1747647658333
counter/9/0/0/0,4490:1747647653168:,1747647658333
counter/9/0/0/0,4491:1747647653168:,1747647658334
counter/9/0/0/0,4492:1747647653168:,1747647658334
counter/9/0/0/0,4493:1747647653168:,1747647658334
counter/2/0/0/0,4093:1747647652387:,1747647658334
counter/2/0/0/0,4094:1747647652387:,1747647658334
counter/2/0/0/0,4095:1747647652387:,1747647658334
counter/2/0/0/0,4096:1747647652387:,1747647658334
counter/2/0/0/0,4097:1747647652387:,1747647658334
counter/10/0/0/0,4170:1747647652929:,1747647658336
counter/3/0/0/0,4409:1747647652956:,1747647658336
counter/4/0/0/0,4577:1747647653312:,1747647658336
counter/4/0/0/0,4578:1747647653312:,1747647658336
counter/5/0/0/0,4300:1747647652834:,1747647658338
counter/5/0/0/0,4301:1747647652839:,1747647658338
counter/5/0/0/0,4302:1747647652841:,1747647658338
counter/6/0/0/0,3918:1747647653115:,1747647658338
counter/10/0/0/0,4171:1747647652929:,1747647658339
counter/10/0/0/0,4172:1747647652929:,1747647658339
counter/10/0/0/0,4173:1747647652929:,1747647658339
counter/10/0/0/0,4174:1747647652929:,1747647658339
counter/10/0/0/0,4175:1747647652929:,1747647658339
counter/10/0/0/0,4176:1747647652929:,1747647658339
counter/3/0/0/0,4410:1747647652956:,1747647658339
counter/2/0/0/0,4098:1747647652387:,1747647658341
counter/2/0/0/0,4099:1747647652387:,1747647658341
counter/2/0/0/0,4100:1747647652387:,1747647658341
counter/2/0/0/0,4101:1747647652387:,1747647658341
counter/2/0/0/0,4102:1747647652387:,1747647658341
counter/2/0/0/0,4103:1747647652387:,1747647658341
counter/2/0/0/0,4104:1747647652387:,1747647658341
counter/2/0/0/0,4105:1747647652387:,1747647658341
counter/5/0/0/0,4303:1747647652842:,1747647658341
counter/10/0/0/0,4177:1747647652929:,1747647658341
counter/5/0/0/0,4304:1747647652842:,1747647658341
counter/10/0/0/0,4178:1747647652929:,1747647658341
counter/4/0/0/0,4579:1747647653312:,1747647658341
counter/4/0/0/0,4580:1747647653312:,1747647658342
counter/3/0/0/0,4411:1747647652957:,1747647658342
counter/9/0/0/0,4494:1747647653168:,1747647658342
counter/9/0/0/0,4495:1747647653169:,1747647658342
counter/5/0/0/0,4305:1747647652842:,1747647658343
counter/5/0/0/0,4306:1747647652842:,1747647658343
counter/5/0/0/0,4307:1747647652842:,1747647658344
counter/5/0/0/0,4308:1747647652842:,1747647658344
counter/5/0/0/0,4309:1747647652842:,1747647658344
counter/5/0/0/0,4310:1747647652842:,1747647658344
counter/5/0/0/0,4311:1747647652843:,1747647658344
counter/3/0/0/0,4412:1747647652957:,1747647658344
counter/3/0/0/0,4413:1747647652957:,1747647658344
counter/2/0/0/0,4106:1747647652395:,1747647658344
counter/2/0/0/0,4107:1747647652395:,1747647658344
counter/2/0/0/0,4108:1747647652395:,1747647658344
counter/2/0/0/0,4109:1747647652395:,1747647658344
counter/2/0/0/0,4110:1747647652395:,1747647658344
counter/2/0/0/0,4111:1747647652395:,1747647658344
counter/5/0/0/0,4312:1747647652843:,1747647658345
counter/5/0/0/0,4313:1747647652843:,1747647658345
counter/5/0/0/0,4314:1747647652852:,1747647658345
counter/5/0/0/0,4315:1747647652852:,1747647658345
counter/5/0/0/0,4316:1747647652852:,1747647658345
counter/2/0/0/0,4112:1747647652395:,1747647658347
counter/2/0/0/0,4113:1747647652397:,1747647658347
counter/2/0/0/0,4114:1747647652397:,1747647658347
counter/1/0/0/0,4577:1747647653329:,1747647658348
counter/7/0/0/0,4153:1747647652962:,1747647658348
counter/1/0/0/0,4578:1747647653329:,1747647658348
counter/7/0/0/0,4154:1747647652962:,1747647658348
counter/8/0/0/0,4667:1747647652806:,1747647658348
counter/3/0/0/0,4414:1747647652957:,1747647658348
counter/5/0/0/0,4317:1747647652853:,1747647658348
counter/2/0/0/0,4115:1747647652397:,1747647658348
counter/7/0/0/0,4155:1747647652962:,1747647658348
counter/7/0/0/0,4156:1747647652962:,1747647658349
counter/7/0/0/0,4157:1747647652962:,1747647658349
counter/1/0/0/0,4579:1747647653329:,1747647658349
counter/7/0/0/0,4158:1747647652962:,1747647658350
counter/7/0/0/0,4159:1747647652962:,1747647658350
counter/7/0/0/0,4160:1747647652962:,1747647658350
counter/7/0/0/0,4161:1747647652962:,1747647658350
counter/7/0/0/0,4162:1747647652962:,1747647658350
counter/7/0/0/0,4163:1747647652962:,1747647658350
counter/7/0/0/0,4164:1747647652962:,1747647658350
counter/7/0/0/0,4165:1747647652963:,1747647658350
counter/7/0/0/0,4166:1747647652963:,1747647658350
counter/5/0/0/0,4318:1747647652853:,1747647658350
counter/7/0/0/0,4167:1747647652963:,1747647658350
counter/6/0/0/0,3919:1747647653115:,1747647658354
counter/4/0/0/0,4581:1747647653312:,1747647658354
counter/4/0/0/0,4582:1747647653316:,1747647658354
counter/4/0/0/0,4583:1747647653316:,1747647658354
counter/4/0/0/0,4584:1747647653316:,1747647658354
counter/4/0/0/0,4585:1747647653316:,1747647658354
counter/3/0/0/0,4415:1747647652960:,1747647658354
counter/9/0/0/0,4496:1747647653169:,1747647658354
counter/9/0/0/0,4497:1747647653169:,1747647658354
counter/8/0/0/0,4668:1747647652806:,1747647658354
counter/8/0/0/0,4669:1747647652810:,1747647658354
counter/8/0/0/0,4670:1747647652810:,1747647658354
counter/8/0/0/0,4671:1747647652813:,1747647658354
counter/8/0/0/0,4672:1747647652813:,1747647658354
counter/3/0/0/0,4416:1747647652960:,1747647658355
counter/3/0/0/0,4417:1747647652960:,1747647658356
counter/10/0/0/0,4179:1747647652933:,1747647658356
counter/10/0/0/0,4180:1747647652933:,1747647658356
counter/10/0/0/0,4181:1747647652934:,1747647658357
counter/9/0/0/0,4498:1747647653169:,1747647658357
counter/9/0/0/0,4499:1747647653169:,1747647658357
counter/9/0/0/0,4500:1747647653169:,1747647658357
counter/9/0/0/0,4501:1747647653169:,1747647658357
counter/9/0/0/0,4502:1747647653169:,1747647658357
counter/4/0/0/0,4586:1747647653322:,1747647658358
counter/3/0/0/0,4418:1747647652960:,1747647658359
counter/3/0/0/0,4419:1747647652960:,1747647658359
counter/3/0/0/0,4420:1747647652960:,1747647658359
counter/3/0/0/0,4421:1747647652960:,1747647658359
counter/3/0/0/0,4422:1747647652960:,1747647658359
counter/4/0/0/0,4587:1747647653322:,1747647658359
counter/9/0/0/0,4503:1747647653169:,1747647658360
counter/9/0/0/0,4504:1747647653169:,1747647658360
counter/3/0/0/0,4423:1747647652960:,1747647658360
counter/3/0/0/0,4424:1747647652960:,1747647658360
counter/3/0/0/0,4425:1747647652960:,1747647658360
counter/3/0/0/0,4426:1747647652960:,1747647658360
counter/3/0/0/0,4427:1747647652960:,1747647658360
counter/4/0/0/0,4588:1747647653322:,1747647658360
counter/8/0/0/0,4673:1747647652813:,1747647658360
counter/7/0/0/0,4168:1747647652963:,1747647658361
counter/7/0/0/0,4169:1747647652963:,1747647658361
counter/3/0/0/0,4428:1747647652960:,1747647658361
counter/6/0/0/0,3920:1747647653115:,1747647658361
counter/6/0/0/0,3921:1747647653115:,1747647658361
counter/6/0/0/0,3922:1747647653115:,1747647658361
counter/6/0/0/0,3923:1747647653115:,1747647658361
counter/6/0/0/0,3924:1747647653135:,1747647658361
counter/8/0/0/0,4674:1747647652814:,1747647658361
counter/2/0/0/0,4116:1747647652397:,1747647658361
counter/1/0/0/0,4580:1747647653329:,1747647658363
counter/3/0/0/0,4429:1747647652960:,1747647658363
counter/1/0/0/0,4581:1747647653329:,1747647658363
counter/4/0/0/0,4589:1747647653322:,1747647658363
counter/4/0/0/0,4590:1747647653322:,1747647658363
counter/4/0/0/0,4591:1747647653322:,1747647658363
counter/4/0/0/0,4592:1747647653322:,1747647658363
counter/6/0/0/0,3925:1747647653135:,1747647658363
counter/6/0/0/0,3926:1747647653135:,1747647658364
counter/6/0/0/0,3927:1747647653135:,1747647658364
counter/9/0/0/0,4505:1747647653169:,1747647658364
counter/10/0/0/0,4182:1747647652934:,1747647658364
counter/10/0/0/0,4183:1747647652934:,1747647658365
counter/4/0/0/0,4593:1747647653322:,1747647658365
counter/4/0/0/0,4594:1747647653324:,1747647658365
counter/4/0/0/0,4595:1747647653325:,1747647658365
counter/4/0/0/0,4596:1747647653325:,1747647658365
counter/4/0/0/0,4597:1747647653325:,1747647658365
counter/4/0/0/0,4598:1747647653325:,1747647658365
counter/4/0/0/0,4599:1747647653325:,1747647658365
counter/4/0/0/0,4600:1747647653325:,1747647658365
counter/10/0/0/0,4184:1747647652934:,1747647658366
counter/4/0/0/0,4601:1747647653333:,1747647658366
counter/4/0/0/0,4602:1747647653333:,1747647658366
counter/4/0/0/0,4603:1747647653333:,1747647658366
counter/6/0/0/0,3928:1747647653135:,1747647658366
counter/3/0/0/0,4430:1747647652960:,1747647658366
counter/8/0/0/0,4675:1747647652814:,1747647658366
counter/8/0/0/0,4676:1747647652814:,1747647658366
counter/8/0/0/0,4677:1747647652814:,1747647658366
counter/8/0/0/0,4678:1747647652814:,1747647658366
counter/8/0/0/0,4679:1747647652814:,1747647658366
counter/8/0/0/0,4680:1747647652814:,1747647658366
counter/8/0/0/0,4681:1747647652814:,1747647658366
counter/8/0/0/0,4682:1747647652814:,1747647658366
counter/8/0/0/0,4683:1747647652814:,1747647658367
counter/8/0/0/0,4684:1747647652814:,1747647658367
counter/9/0/0/0,4506:1747647653169:,1747647658367
counter/2/0/0/0,4117:1747647652397:,1747647658367
counter/2/0/0/0,4118:1747647652401:,1747647658369
counter/5/0/0/0,4319:1747647652853:,1747647658369
counter/6/0/0/0,3929:1747647653135:,1747647658369
counter/1/0/0/0,4582:1747647653329:,1747647658370
counter/9/0/0/0,4507:1747647653169:,1747647658370
counter/9/0/0/0,4508:1747647653169:,1747647658370
counter/4/0/0/0,4604:1747647653333:,1747647658372
counter/4/0/0/0,4605:1747647653333:,1747647658372
counter/9/0/0/0,4509:1747647653169:,1747647658373
counter/9/0/0/0,4510:1747647653170:,1747647658373
counter/9/0/0/0,4511:1747647653170:,1747647658373
counter/1/0/0/0,4583:1747647653330:,1747647658374
counter/1/0/0/0,4584:1747647653330:,1747647658374
counter/1/0/0/0,4585:1747647653330:,1747647658374
counter/1/0/0/0,4586:1747647653330:,1747647658374
counter/1/0/0/0,4587:1747647653330:,1747647658374
counter/1/0/0/0,4588:1747647653330:,1747647658374
counter/1/0/0/0,4589:1747647653332:,1747647658375
counter/1/0/0/0,4590:1747647653332:,1747647658375
counter/1/0/0/0,4591:1747647653332:,1747647658375
counter/8/0/0/0,4685:1747647652814:,1747647658375
counter/6/0/0/0,3930:1747647653135:,1747647658375
counter/8/0/0/0,4686:1747647652814:,1747647658375
counter/1/0/0/0,4592:1747647653332:,1747647658376
counter/1/0/0/0,4593:1747647653332:,1747647658376
counter/1/0/0/0,4594:1747647653332:,1747647658376
counter/7/0/0/0,4170:1747647652963:,1747647658376
counter/1/0/0/0,4595:1747647653332:,1747647658376
counter/1/0/0/0,4596:1747647653334:,1747647658376
counter/1/0/0/0,4597:1747647653334:,1747647658376
counter/8/0/0/0,4687:1747647652816:,1747647658376
counter/1/0/0/0,4598:1747647653334:,1747647658376
counter/1/0/0/0,4599:1747647653334:,1747647658376
counter/1/0/0/0,4600:1747647653334:,1747647658376
counter/9/0/0/0,4512:1747647653170:,1747647658376
counter/1/0/0/0,4601:1747647653334:,1747647658376
counter/2/0/0/0,4119:1747647652401:,1747647658376
counter/4/0/0/0,4606:1747647653333:,1747647658376
counter/9/0/0/0,4513:1747647653170:,1747647658377
counter/9/0/0/0,4514:1747647653170:,1747647658377
counter/9/0/0/0,4515:1747647653170:,1747647658377
counter/9/0/0/0,4516:1747647653170:,1747647658377
counter/9/0/0/0,4517:1747647653170:,1747647658377
counter/9/0/0/0,4518:1747647653170:,1747647658377
counter/9/0/0/0,4519:1747647653170:,1747647658377
counter/9/0/0/0,4520:1747647653170:,1747647658377
counter/9/0/0/0,4521:1747647653170:,1747647658377
counter/3/0/0/0,4431:1747647652960:,1747647658378
counter/9/0/0/0,4522:1747647653170:,1747647658379
counter/3/0/0/0,4432:1747647652968:,1747647658379
counter/1/0/0/0,4602:1747647653334:,1747647658379
counter/1/0/0/0,4603:1747647653334:,1747647658379
counter/1/0/0/0,4604:1747647653334:,1747647658379
counter/1/0/0/0,4605:1747647653335:,1747647658379
counter/1/0/0/0,4606:1747647653336:,1747647658380
counter/1/0/0/0,4607:1747647653337:,1747647658380
counter/1/0/0/0,4608:1747647653337:,1747647658380
counter/1/0/0/0,4609:1747647653337:,1747647658380
counter/1/0/0/0,4610:1747647653337:,1747647658380
counter/5/0/0/0,4320:1747647652853:,1747647658380
counter/3/0/0/0,4433:1747647652968:,1747647658382
counter/4/0/0/0,4607:1747647653333:,1747647658382
counter/3/0/0/0,4434:1747647652968:,1747647658388
counter/3/0/0/0,4435:1747647652968:,1747647658388
counter/3/0/0/0,4436:1747647652976:,1747647658388
counter/3/0/0/0,4437:1747647652976:,1747647658388
counter/3/0/0/0,4438:1747647652976:,1747647658388
counter/3/0/0/0,4439:1747647652976:,1747647658389
counter/3/0/0/0,4440:1747647652976:,1747647658389
counter/3/0/0/0,4441:1747647652976:,1747647658389
counter/3/0/0/0,4442:1747647652976:,1747647658389
counter/3/0/0/0,4443:1747647652977:,1747647658389
counter/9/0/0/0,4523:1747647653170:,1747647658390
counter/9/0/0/0,4524:1747647653170:,1747647658390
counter/9/0/0/0,4525:1747647653172:,1747647658390
counter/9/0/0/0,4526:1747647653172:,1747647658390
counter/9/0/0/0,4527:1747647653172:,1747647658390
counter/9/0/0/0,4528:1747647653173:,1747647658390
counter/9/0/0/0,4529:1747647653173:,1747647658391
counter/9/0/0/0,4530:1747647653173:,1747647658391
counter/9/0/0/0,4531:1747647653173:,1747647658391
counter/9/0/0/0,4532:1747647653173:,1747647658391
counter/9/0/0/0,4533:1747647653173:,1747647658391
counter/9/0/0/0,4534:1747647653173:,1747647658391
counter/9/0/0/0,4535:1747647653173:,1747647658391
counter/9/0/0/0,4536:1747647653173:,1747647658391
counter/9/0/0/0,4537:1747647653173:,1747647658391
counter/5/0/0/0,4321:1747647652853:,1747647658391
counter/3/0/0/0,4444:1747647652977:,1747647658391
counter/5/0/0/0,4322:1747647652853:,1747647658391
counter/3/0/0/0,4445:1747647652977:,1747647658391
counter/4/0/0/0,4608:1747647653352:,1747647658391
counter/7/0/0/0,4171:1747647652963:,1747647658391
counter/7/0/0/0,4172:1747647652963:,1747647658391
counter/8/0/0/0,4688:1747647652816:,1747647658391
counter/8/0/0/0,4689:1747647652816:,1747647658391
counter/8/0/0/0,4690:1747647652816:,1747647658391
counter/8/0/0/0,4691:1747647652816:,1747647658391
counter/9/0/0/0,4538:1747647653173:,1747647658392
counter/9/0/0/0,4539:1747647653173:,1747647658392
counter/9/0/0/0,4540:1747647653173:,1747647658392
counter/9/0/0/0,4541:1747647653173:,1747647658393
counter/9/0/0/0,4542:1747647653173:,1747647658393
counter/8/0/0/0,4692:1747647652816:,1747647658395
counter/9/0/0/0,4543:1747647653173:,1747647658396
counter/5/0/0/0,4323:1747647652853:,1747647658396
counter/5/0/0/0,4324:1747647652853:,1747647658396
counter/5/0/0/0,4325:1747647652853:,1747647658396
counter/3/0/0/0,4446:1747647652977:,1747647658396
counter/2/0/0/0,4120:1747647652401:,1747647658396
counter/2/0/0/0,4121:1747647652401:,1747647658396
counter/7/0/0/0,4173:1747647652963:,1747647658397
counter/10/0/0/0,4185:1747647652934:,1747647658398
counter/9/0/0/0,4544:1747647653173:,1747647658398
counter/9/0/0/0,4545:1747647653173:,1747647658398
counter/9/0/0/0,4546:1747647653173:,1747647658398
counter/9/0/0/0,4547:1747647653173:,1747647658398
counter/9/0/0/0,4548:1747647653173:,1747647658398
counter/9/0/0/0,4549:1747647653173:,1747647658398
counter/4/0/0/0,4609:1747647653352:,1747647658399
counter/9/0/0/0,4550:1747647653173:,1747647658399
counter/7/0/0/0,4174:1747647652963:,1747647658400
counter/4/0/0/0,4610:1747647653352:,1747647658400
counter/5/0/0/0,4326:1747647652853:,1747647658400
counter/9/0/0/0,4551:1747647653173:,1747647658400
counter/9/0/0/0,4552:1747647653173:,1747647658400
counter/9/0/0/0,4553:1747647653173:,1747647658400
counter/2/0/0/0,4122:1747647652401:,1747647658400
counter/4/0/0/0,4611:1747647653352:,1747647658401
counter/5/0/0/0,4327:1747647652853:,1747647658401
counter/4/0/0/0,4612:1747647653354:,1747647658402
counter/4/0/0/0,4613:1747647653354:,1747647658402
counter/4/0/0/0,4614:1747647653354:,1747647658402
counter/7/0/0/0,4175:1747647652963:,1747647658402
counter/7/0/0/0,4176:1747647652963:,1747647658402
counter/7/0/0/0,4177:1747647652963:,1747647658402
counter/7/0/0/0,4178:1747647652963:,1747647658403
counter/7/0/0/0,4179:1747647652963:,1747647658403
counter/9/0/0/0,4554:1747647653173:,1747647658403
counter/7/0/0/0,4180:1747647652963:,1747647658403
counter/7/0/0/0,4181:1747647652963:,1747647658403
counter/4/0/0/0,4615:1747647653354:,1747647658404
counter/4/0/0/0,4616:1747647653354:,1747647658404
counter/4/0/0/0,4617:1747647653354:,1747647658404
counter/4/0/0/0,4618:1747647653354:,1747647658404
counter/10/0/0/0,4186:1747647652934:,1747647658404
counter/8/0/0/0,4693:1747647652817:,1747647658404
counter/3/0/0/0,4447:1747647652977:,1747647658404
counter/1/0/0/0,4611:1747647653337:,1747647658404
counter/3/0/0/0,4448:1747647652977:,1747647658404
counter/1/0/0/0,4612:1747647653337:,1747647658404
counter/6/0/0/0,3931:1747647653136:,1747647658404
counter/2/0/0/0,4123:1747647652401:,1747647658404
counter/7/0/0/0,4182:1747647652963:,1747647658404
counter/9/0/0/0,4555:1747647653174:,1747647658404
counter/7/0/0/0,4183:1747647652963:,1747647658405
counter/7/0/0/0,4184:1747647652963:,1747647658407
counter/3/0/0/0,4449:1747647652978:,1747647658407
counter/5/0/0/0,4328:1747647652853:,1747647658407
counter/6/0/0/0,3932:1747647653136:,1747647658407
counter/10/0/0/0,4187:1747647652934:,1747647658407
counter/10/0/0/0,4188:1747647652934:,1747647658407
counter/10/0/0/0,4189:1747647652934:,1747647658407
counter/10/0/0/0,4190:1747647652934:,1747647658407
counter/10/0/0/0,4191:1747647652934:,1747647658407
counter/10/0/0/0,4192:1747647652934:,1747647658407
counter/10/0/0/0,4193:1747647652934:,1747647658407
counter/3/0/0/0,4450:1747647652978:,1747647658409
counter/3/0/0/0,4451:1747647652978:,1747647658409
counter/3/0/0/0,4452:1747647652978:,1747647658409
counter/3/0/0/0,4453:1747647652979:,1747647658409
counter/3/0/0/0,4454:1747647652979:,1747647658409
counter/3/0/0/0,4455:1747647652983:,1747647658409
counter/3/0/0/0,4456:1747647652983:,1747647658409
counter/3/0/0/0,4457:1747647652983:,1747647658409
counter/3/0/0/0,4458:1747647652983:,1747647658409
counter/4/0/0/0,4619:1747647653354:,1747647658410
counter/4/0/0/0,4620:1747647653354:,1747647658410
counter/8/0/0/0,4694:1747647652817:,1747647658410
counter/8/0/0/0,4695:1747647652817:,1747647658410
counter/7/0/0/0,4185:1747647652963:,1747647658410
counter/7/0/0/0,4186:1747647652963:,1747647658410
counter/7/0/0/0,4187:1747647652963:,1747647658410
counter/7/0/0/0,4188:1747647652963:,1747647658410
counter/7/0/0/0,4189:1747647652963:,1747647658410
counter/7/0/0/0,4190:1747647652963:,1747647658410
counter/6/0/0/0,3933:1747647653136:,1747647658410
counter/4/0/0/0,4621:1747647653354:,1747647658410
counter/4/0/0/0,4622:1747647653354:,1747647658411
counter/4/0/0/0,4623:1747647653354:,1747647658411
counter/4/0/0/0,4624:1747647653354:,1747647658411
counter/4/0/0/0,4625:1747647653354:,1747647658411
counter/2/0/0/0,4124:1747647652401:,1747647658411
counter/4/0/0/0,4626:1747647653354:,1747647658411
counter/4/0/0/0,4627:1747647653355:,1747647658411
counter/2/0/0/0,4125:1747647652401:,1747647658411
counter/2/0/0/0,4126:1747647652402:,1747647658411
counter/2/0/0/0,4127:1747647652402:,1747647658411
counter/2/0/0/0,4128:1747647652402:,1747647658411
counter/2/0/0/0,4129:1747647652402:,1747647658411
counter/6/0/0/0,3934:1747647653136:,1747647658411
counter/3/0/0/0,4459:1747647653007:,1747647658411
counter/9/0/0/0,4556:1747647653174:,1747647658412
counter/3/0/0/0,4460:1747647653007:,1747647658412
counter/3/0/0/0,4461:1747647653007:,1747647658412
counter/3/0/0/0,4462:1747647653007:,1747647658412
counter/3/0/0/0,4463:1747647653007:,1747647658412
counter/3/0/0/0,4464:1747647653023:,1747647658412
counter/3/0/0/0,4465:1747647653023:,1747647658412
counter/3/0/0/0,4466:1747647653023:,1747647658412
counter/3/0/0/0,4467:1747647653023:,1747647658412
counter/3/0/0/0,4468:1747647653023:,1747647658413
counter/4/0/0/0,4628:1747647653355:,1747647658413
counter/2/0/0/0,4130:1747647652402:,1747647658413
counter/2/0/0/0,4131:1747647652402:,1747647658413
counter/2/0/0/0,4132:1747647652402:,1747647658413
counter/2/0/0/0,4133:1747647652402:,1747647658413
counter/7/0/0/0,4191:1747647652963:,1747647658413
counter/10/0/0/0,4194:1747647652934:,1747647658413
counter/5/0/0/0,4329:1747647652853:,1747647658413
counter/6/0/0/0,3935:1747647653136:,1747647658413
counter/6/0/0/0,3936:1747647653136:,1747647658413
counter/3/0/0/0,4469:1747647653043:,1747647658413
counter/4/0/0/0,4629:1747647653355:,1747647658414
counter/2/0/0/0,4134:1747647652402:,1747647658414
counter/4/0/0/0,4630:1747647653355:,1747647658414
counter/2/0/0/0,4135:1747647652402:,1747647658414
counter/10/0/0/0,4195:1747647652934:,1747647658414
counter/5/0/0/0,4330:1747647652853:,1747647658414
counter/5/0/0/0,4331:1747647652853:,1747647658414
counter/5/0/0/0,4332:1747647652853:,1747647658414
counter/5/0/0/0,4333:1747647652853:,1747647658414
counter/5/0/0/0,4334:1747647652855:,1747647658414
counter/5/0/0/0,4335:1747647652856:,1747647658414
counter/2/0/0/0,4136:1747647652402:,1747647658415
counter/7/0/0/0,4192:1747647652963:,1747647658416
counter/6/0/0/0,3937:1747647653136:,1747647658416
counter/1/0/0/0,4613:1747647653337:,1747647658416
counter/1/0/0/0,4614:1747647653337:,1747647658416
counter/1/0/0/0,4615:1747647653338:,1747647658416
counter/1/0/0/0,4616:1747647653338:,1747647658416
counter/1/0/0/0,4617:1747647653338:,1747647658416
counter/1/0/0/0,4618:1747647653338:,1747647658416
counter/1/0/0/0,4619:1747647653338:,1747647658416
counter/1/0/0/0,4620:1747647653339:,1747647658416
counter/1/0/0/0,4621:1747647653339:,1747647658416
counter/1/0/0/0,4622:1747647653348:,1747647658416
counter/7/0/0/0,4193:1747647652963:,1747647658418
counter/6/0/0/0,3938:1747647653136:,1747647658418
counter/7/0/0/0,4194:1747647652963:,1747647658418
counter/7/0/0/0,4195:1747647652963:,1747647658418
counter/7/0/0/0,4196:1747647652963:,1747647658418
counter/7/0/0/0,4197:1747647652963:,1747647658418
counter/7/0/0/0,4198:1747647652963:,1747647658418
counter/7/0/0/0,4199:1747647652963:,1747647658418
counter/7/0/0/0,4200:1747647652971:,1747647658418
counter/7/0/0/0,4201:1747647652971:,1747647658418
counter/7/0/0/0,4202:1747647652971:,1747647658418
counter/7/0/0/0,4203:1747647652971:,1747647658418
counter/3/0/0/0,4470:1747647653043:,1747647658419
counter/9/0/0/0,4557:1747647653174:,1747647658419
counter/3/0/0/0,4471:1747647653043:,1747647658420
counter/9/0/0/0,4558:1747647653179:,1747647658420
counter/9/0/0/0,4559:1747647653179:,1747647658420
counter/9/0/0/0,4560:1747647653179:,1747647658420
counter/9/0/0/0,4561:1747647653179:,1747647658420
counter/9/0/0/0,4562:1747647653179:,1747647658420
counter/9/0/0/0,4563:1747647653179:,1747647658420
counter/9/0/0/0,4564:1747647653179:,1747647658420
counter/9/0/0/0,4565:1747647653180:,1747647658420
counter/9/0/0/0,4566:1747647653180:,1747647658420
counter/9/0/0/0,4567:1747647653180:,1747647658420
counter/9/0/0/0,4568:1747647653180:,1747647658420
counter/9/0/0/0,4569:1747647653180:,1747647658420
counter/9/0/0/0,4570:1747647653180:,1747647658420
counter/2/0/0/0,4137:1747647652402:,1747647658420
counter/3/0/0/0,4472:1747647653043:,1747647658422
counter/3/0/0/0,4473:1747647653043:,1747647658422
counter/3/0/0/0,4474:1747647653043:,1747647658422
counter/3/0/0/0,4475:1747647653044:,1747647658422
counter/9/0/0/0,4571:1747647653180:,1747647658424
counter/7/0/0/0,4204:1747647652971:,1747647658424
counter/7/0/0/0,4205:1747647652971:,1747647658425
counter/7/0/0/0,4206:1747647652971:,1747647658425
counter/7/0/0/0,4207:1747647652972:,1747647658425
counter/7/0/0/0,4208:1747647652972:,1747647658425
counter/2/0/0/0,4138:1747647652402:,1747647658425
counter/6/0/0/0,3939:1747647653136:,1747647658425
counter/4/0/0/0,4631:1747647653355:,1747647658425
counter/4/0/0/0,4632:1747647653355:,1747647658425
counter/4/0/0/0,4633:1747647653365:,1747647658425
counter/4/0/0/0,4634:1747647653365:,1747647658425
counter/4/0/0/0,4635:1747647653365:,1747647658425
counter/7/0/0/0,4209:1747647652972:,1747647658426
counter/7/0/0/0,4210:1747647652972:,1747647658426
counter/7/0/0/0,4211:1747647652972:,1747647658426
counter/7/0/0/0,4212:1747647652972:,1747647658426
counter/7/0/0/0,4213:1747647652973:,1747647658426
counter/7/0/0/0,4214:1747647652973:,1747647658426
counter/3/0/0/0,4476:1747647653044:,1747647658426
counter/3/0/0/0,4477:1747647653045:,1747647658426
counter/6/0/0/0,3940:1747647653136:,1747647658427
counter/7/0/0/0,4215:1747647652973:,1747647658427
counter/7/0/0/0,4216:1747647652973:,1747647658427
counter/7/0/0/0,4217:1747647652975:,1747647658427
counter/7/0/0/0,4218:1747647652975:,1747647658427
counter/7/0/0/0,4219:1747647652975:,1747647658427
counter/7/0/0/0,4220:1747647652975:,1747647658427
counter/9/0/0/0,4572:1747647653180:,1747647658427
counter/7/0/0/0,4221:1747647652975:,1747647658428
counter/7/0/0/0,4222:1747647652975:,1747647658428
counter/7/0/0/0,4223:1747647652976:,1747647658428
counter/8/0/0/0,4696:1747647652817:,1747647658428
counter/7/0/0/0,4224:1747647652976:,1747647658428
counter/7/0/0/0,4225:1747647652976:,1747647658428
counter/9/0/0/0,4573:1747647653180:,1747647658430
counter/5/0/0/0,4336:1747647652856:,1747647658430
counter/5/0/0/0,4337:1747647652856:,1747647658430
counter/5/0/0/0,4338:1747647652856:,1747647658430
counter/5/0/0/0,4339:1747647652856:,1747647658430
counter/5/0/0/0,4340:1747647652856:,1747647658430
counter/5/0/0/0,4341:1747647652856:,1747647658430
counter/6/0/0/0,3941:1747647653136:,1747647658430
counter/5/0/0/0,4342:1747647652856:,1747647658430
counter/4/0/0/0,4636:1747647653365:,1747647658432
counter/9/0/0/0,4574:1747647653180:,1747647658432
counter/9/0/0/0,4575:1747647653180:,1747647658432
counter/9/0/0/0,4576:1747647653180:,1747647658432
counter/9/0/0/0,4577:1747647653180:,1747647658432
counter/9/0/0/0,4578:1747647653180:,1747647658432
counter/9/0/0/0,4579:1747647653180:,1747647658432
counter/9/0/0/0,4580:1747647653180:,1747647658432
counter/9/0/0/0,4581:1747647653180:,1747647658433
counter/5/0/0/0,4343:1747647652856:,1747647658433
counter/9/0/0/0,4582:1747647653183:,1747647658433
counter/3/0/0/0,4478:1747647653045:,1747647658433
counter/3/0/0/0,4479:1747647653045:,1747647658433
counter/3/0/0/0,4480:1747647653045:,1747647658433
counter/3/0/0/0,4481:1747647653045:,1747647658433
counter/3/0/0/0,4482:1747647653045:,1747647658433
counter/3/0/0/0,4483:1747647653081:,1747647658433
counter/3/0/0/0,4484:1747647653081:,1747647658433
counter/3/0/0/0,4485:1747647653081:,1747647658433
counter/3/0/0/0,4486:1747647653081:,1747647658433
counter/3/0/0/0,4487:1747647653081:,1747647658433
counter/3/0/0/0,4488:1747647653081:,1747647658433
counter/3/0/0/0,4489:1747647653081:,1747647658433
counter/8/0/0/0,4697:1747647652817:,1747647658433
counter/4/0/0/0,4637:1747647653365:,1747647658433
counter/6/0/0/0,3942:1747647653136:,1747647658435
counter/4/0/0/0,4638:1747647653365:,1747647658436
counter/5/0/0/0,4344:1747647652856:,1747647658436
counter/4/0/0/0,4639:1747647653365:,1747647658436
counter/4/0/0/0,4640:1747647653365:,1747647658436
counter/4/0/0/0,4641:1747647653365:,1747647658436
counter/10/0/0/0,4196:1747647652941:,1747647658437
counter/1/0/0/0,4623:1747647653348:,1747647658437
counter/3/0/0/0,4490:1747647653081:,1747647658437
counter/8/0/0/0,4698:1747647652817:,1747647658437
counter/4/0/0/0,4642:1747647653365:,1747647658438
counter/10/0/0/0,4197:1747647652971:,1747647658439
counter/3/0/0/0,4491:1747647653081:,1747647658439
counter/3/0/0/0,4492:1747647653081:,1747647658439
counter/3/0/0/0,4493:1747647653081:,1747647658439
counter/3/0/0/0,4494:1747647653081:,1747647658439
counter/3/0/0/0,4495:1747647653082:,1747647658439
counter/3/0/0/0,4496:1747647653082:,1747647658439
counter/3/0/0/0,4497:1747647653084:,1747647658439
counter/3/0/0/0,4498:1747647653084:,1747647658439
counter/3/0/0/0,4499:1747647653084:,1747647658439
counter/3/0/0/0,4500:1747647653084:,1747647658439
counter/3/0/0/0,4501:1747647653084:,1747647658439
counter/3/0/0/0,4502:1747647653084:,1747647658440
counter/4/0/0/0,4643:1747647653365:,1747647658442
counter/6/0/0/0,3943:1747647653136:,1747647658443
counter/6/0/0/0,3944:1747647653136:,1747647658443
counter/6/0/0/0,3945:1747647653143:,1747647658443
counter/6/0/0/0,3946:1747647653143:,1747647658443
counter/6/0/0/0,3947:1747647653143:,1747647658443
counter/7/0/0/0,4226:1747647652976:,1747647658443
counter/6/0/0/0,3948:1747647653143:,1747647658443
counter/6/0/0/0,3949:1747647653143:,1747647658443
counter/6/0/0/0,3950:1747647653143:,1747647658443
counter/7/0/0/0,4227:1747647652976:,1747647658444
counter/7/0/0/0,4228:1747647652977:,1747647658444
counter/6/0/0/0,3951:1747647653143:,1747647658444
counter/6/0/0/0,3952:1747647653143:,1747647658444
counter/6/0/0/0,3953:1747647653143:,1747647658444
counter/10/0/0/0,4198:1747647652971:,1747647658444
counter/5/0/0/0,4345:1747647652856:,1747647658444
counter/5/0/0/0,4346:1747647652856:,1747647658444
counter/7/0/0/0,4229:1747647652977:,1747647658446
counter/7/0/0/0,4230:1747647652977:,1747647658446
counter/7/0/0/0,4231:1747647652978:,1747647658446
counter/7/0/0/0,4232:1747647652981:,1747647658446
counter/10/0/0/0,4199:1747647652972:,1747647658446
counter/10/0/0/0,4200:1747647652972:,1747647658446
counter/10/0/0/0,4201:1747647652972:,1747647658446
counter/4/0/0/0,4644:1747647653365:,1747647658446
counter/4/0/0/0,4645:1747647653365:,1747647658447
counter/2/0/0/0,4139:1747647652402:,1747647658447
counter/2/0/0/0,4140:1747647652403:,1747647658447
counter/2/0/0/0,4141:1747647652403:,1747647658448
counter/2/0/0/0,4142:1747647652403:,1747647658448
counter/2/0/0/0,4143:1747647652403:,1747647658448
counter/2/0/0/0,4144:1747647652403:,1747647658448
counter/6/0/0/0,3954:1747647653143:,1747647658448
counter/4/0/0/0,4646:1747647653365:,1747647658449
counter/8/0/0/0,4699:1747647652817:,1747647658449
counter/5/0/0/0,4347:1747647652856:,1747647658449
counter/1/0/0/0,4624:1747647653348:,1747647658450
counter/8/0/0/0,4700:1747647652817:,1747647658452
counter/8/0/0/0,4701:1747647652817:,1747647658452
counter/8/0/0/0,4702:1747647652820:,1747647658452
counter/4/0/0/0,4647:1747647653365:,1747647658452
counter/4/0/0/0,4648:1747647653365:,1747647658452
counter/3/0/0/0,4503:1747647653084:,1747647658452
counter/10/0/0/0,4202:1747647652972:,1747647658453
counter/3/0/0/0,4504:1747647653084:,1747647658453
counter/8/0/0/0,4703:1747647652821:,1747647658453
counter/3/0/0/0,4505:1747647653087:,1747647658453
counter/8/0/0/0,4704:1747647652821:,1747647658453
counter/3/0/0/0,4506:1747647653087:,1747647658453
counter/8/0/0/0,4705:1747647652821:,1747647658453
counter/8/0/0/0,4706:1747647652821:,1747647658453
counter/8/0/0/0,4707:1747647652821:,1747647658453
counter/8/0/0/0,4708:1747647652821:,1747647658453
counter/8/0/0/0,4709:1747647652821:,1747647658453
counter/8/0/0/0,4710:1747647652821:,1747647658454
counter/7/0/0/0,4233:1747647652982:,1747647658454
counter/1/0/0/0,4625:1747647653348:,1747647658454
counter/6/0/0/0,3955:1747647653144:,1747647658454
counter/3/0/0/0,4507:1747647653088:,1747647658454
counter/7/0/0/0,4234:1747647652982:,1747647658454
counter/2/0/0/0,4145:1747647652403:,1747647658454
counter/2/0/0/0,4146:1747647652403:,1747647658455
counter/2/0/0/0,4147:1747647652403:,1747647658455
counter/2/0/0/0,4148:1747647652403:,1747647658455
counter/2/0/0/0,4149:1747647652406:,1747647658455
counter/2/0/0/0,4150:1747647652406:,1747647658455
counter/7/0/0/0,4235:1747647652982:,1747647658455
counter/10/0/0/0,4203:1747647652972:,1747647658455
counter/10/0/0/0,4204:1747647652983:,1747647658456
counter/10/0/0/0,4205:1747647652983:,1747647658456
counter/10/0/0/0,4206:1747647652983:,1747647658456
counter/10/0/0/0,4207:1747647652983:,1747647658456
counter/10/0/0/0,4208:1747647652991:,1747647658456
counter/10/0/0/0,4209:1747647652992:,1747647658456
counter/10/0/0/0,4210:1747647652992:,1747647658456
counter/10/0/0/0,4211:1747647652992:,1747647658456
counter/3/0/0/0,4508:1747647653096:,1747647658456
counter/10/0/0/0,4212:1747647652992:,1747647658456
counter/4/0/0/0,4649:1747647653365:,1747647658456
counter/1/0/0/0,4626:1747647653348:,1747647658456
counter/2/0/0/0,4151:1747647652406:,1747647658457
counter/8/0/0/0,4711:1747647652821:,1747647658457
counter/10/0/0/0,4213:1747647652992:,1747647658459
counter/1/0/0/0,4627:1747647653348:,1747647658459
counter/1/0/0/0,4628:1747647653348:,1747647658459
counter/1/0/0/0,4629:1747647653348:,1747647658459
counter/7/0/0/0,4236:1747647652982:,1747647658459
counter/7/0/0/0,4237:1747647652982:,1747647658459
counter/1/0/0/0,4630:1747647653348:,1747647658460
counter/9/0/0/0,4583:1747647653183:,1747647658460
counter/9/0/0/0,4584:1747647653183:,1747647658460
counter/5/0/0/0,4348:1747647652864:,1747647658460
counter/9/0/0/0,4585:1747647653183:,1747647658460
counter/6/0/0/0,3956:1747647653144:,1747647658460
counter/5/0/0/0,4349:1747647652864:,1747647658460
counter/6/0/0/0,3957:1747647653144:,1747647658461
counter/6/0/0/0,3958:1747647653144:,1747647658461
counter/6/0/0/0,3959:1747647653144:,1747647658461
counter/6/0/0/0,3960:1747647653144:,1747647658461
counter/6/0/0/0,3961:1747647653145:,1747647658461
counter/6/0/0/0,3962:1747647653145:,1747647658461
counter/6/0/0/0,3963:1747647653145:,1747647658461
counter/6/0/0/0,3964:1747647653145:,1747647658461
counter/6/0/0/0,3965:1747647653149:,1747647658461
counter/6/0/0/0,3966:1747647653149:,1747647658461
counter/6/0/0/0,3967:1747647653149:,1747647658461
counter/3/0/0/0,4509:1747647653096:,1747647658462
counter/6/0/0/0,3968:1747647653149:,1747647658462
counter/4/0/0/0,4650:1747647653365:,1747647658462
counter/3/0/0/0,4510:1747647653096:,1747647658463
counter/3/0/0/0,4511:1747647653096:,1747647658463
counter/3/0/0/0,4512:1747647653096:,1747647658463
counter/3/0/0/0,4513:1747647653096:,1747647658463
counter/6/0/0/0,3969:1747647653149:,1747647658463
counter/6/0/0/0,3970:1747647653154:,1747647658463
counter/6/0/0/0,3971:1747647653154:,1747647658463
counter/1/0/0/0,4631:1747647653348:,1747647658465
counter/5/0/0/0,4350:1747647652864:,1747647658465
counter/8/0/0/0,4712:1747647652821:,1747647658465
counter/7/0/0/0,4238:1747647652982:,1747647658465
counter/7/0/0/0,4239:1747647652982:,1747647658465
counter/7/0/0/0,4240:1747647652982:,1747647658465
counter/7/0/0/0,4241:1747647652982:,1747647658465
counter/7/0/0/0,4242:1747647652982:,1747647658465
counter/7/0/0/0,4243:1747647652982:,1747647658465
counter/7/0/0/0,4244:1747647652982:,1747647658465
counter/7/0/0/0,4245:1747647652982:,1747647658465
counter/7/0/0/0,4246:1747647652982:,1747647658465
counter/7/0/0/0,4247:1747647652982:,1747647658465
counter/4/0/0/0,4651:1747647653365:,1747647658466
counter/6/0/0/0,3972:1747647653154:,1747647658466
counter/4/0/0/0,4652:1747647653369:,1747647658467
counter/5/0/0/0,4351:1747647652872:,1747647658468
counter/6/0/0/0,3973:1747647653154:,1747647658468
counter/6/0/0/0,3974:1747647653154:,1747647658469
counter/6/0/0/0,3975:1747647653155:,1747647658469
counter/6/0/0/0,3976:1747647653155:,1747647658469
counter/6/0/0/0,3977:1747647653155:,1747647658469
counter/6/0/0/0,3978:1747647653155:,1747647658469
counter/6/0/0/0,3979:1747647653155:,1747647658469
counter/6/0/0/0,3980:1747647653155:,1747647658469
counter/6/0/0/0,3981:1747647653155:,1747647658469
counter/5/0/0/0,4352:1747647652873:,1747647658469
counter/6/0/0/0,3982:1747647653158:,1747647658469
counter/5/0/0/0,4353:1747647652873:,1747647658469
counter/3/0/0/0,4514:1747647653096:,1747647658469
counter/10/0/0/0,4214:1747647652992:,1747647658471
counter/4/0/0/0,4653:1747647653387:,1747647658471
counter/4/0/0/0,4654:1747647653387:,1747647658471
counter/4/0/0/0,4655:1747647653387:,1747647658471
counter/6/0/0/0,3983:1747647653161:,1747647658472
counter/7/0/0/0,4248:1747647652983:,1747647658472
counter/7/0/0/0,4249:1747647652983:,1747647658472
counter/7/0/0/0,4250:1747647652983:,1747647658472
counter/7/0/0/0,4251:1747647652983:,1747647658472
counter/7/0/0/0,4252:1747647652983:,1747647658472
counter/7/0/0/0,4253:1747647652983:,1747647658472
counter/7/0/0/0,4254:1747647652983:,1747647658472
counter/7/0/0/0,4255:1747647652983:,1747647658473
counter/7/0/0/0,4256:1747647652983:,1747647658474
counter/7/0/0/0,4257:1747647652985:,1747647658474
counter/10/0/0/0,4215:1747647652992:,1747647658474
counter/8/0/0/0,4713:1747647652821:,1747647658474
counter/9/0/0/0,4586:1747647653183:,1747647658475
counter/10/0/0/0,4216:1747647652993:,1747647658475
counter/1/0/0/0,4632:1747647653348:,1747647658475
counter/1/0/0/0,4633:1747647653348:,1747647658475
counter/1/0/0/0,4634:1747647653353:,1747647658475
counter/7/0/0/0,4258:1747647652985:,1747647658475
counter/6/0/0/0,3984:1747647653161:,1747647658475
counter/10/0/0/0,4217:1747647652993:,1747647658476
counter/1/0/0/0,4635:1747647653353:,1747647658476
counter/1/0/0/0,4636:1747647653353:,1747647658476
counter/1/0/0/0,4637:1747647653360:,1747647658476
counter/1/0/0/0,4638:1747647653360:,1747647658476
counter/1/0/0/0,4639:1747647653360:,1747647658476
counter/1/0/0/0,4640:1747647653360:,1747647658476
counter/1/0/0/0,4641:1747647653360:,1747647658476
counter/1/0/0/0,4642:1747647653360:,1747647658476
counter/8/0/0/0,4714:1747647652821:,1747647658478
counter/5/0/0/0,4354:1747647652873:,1747647658478
counter/1/0/0/0,4643:1747647653360:,1747647658478
counter/5/0/0/0,4355:1747647652873:,1747647658478
counter/5/0/0/0,4356:1747647652873:,1747647658478
counter/3/0/0/0,4515:1747647653096:,1747647658478
counter/9/0/0/0,4587:1747647653183:,1747647658479
counter/5/0/0/0,4357:1747647652873:,1747647658479
counter/7/0/0/0,4259:1747647652985:,1747647658479
counter/3/0/0/0,4516:1747647653097:,1747647658480
counter/3/0/0/0,4517:1747647653097:,1747647658481
counter/3/0/0/0,4518:1747647653097:,1747647658481
counter/3/0/0/0,4519:1747647653097:,1747647658481
counter/3/0/0/0,4520:1747647653098:,1747647658481
counter/3/0/0/0,4521:1747647653098:,1747647658481
counter/3/0/0/0,4522:1747647653098:,1747647658481
counter/8/0/0/0,4715:1747647652821:,1747647658481
counter/9/0/0/0,4588:1747647653183:,1747647658481
counter/9/0/0/0,4589:1747647653183:,1747647658481
counter/9/0/0/0,4590:1747647653183:,1747647658481
counter/9/0/0/0,4591:1747647653183:,1747647658481
counter/9/0/0/0,4592:1747647653183:,1747647658481
counter/7/0/0/0,4260:1747647652985:,1747647658482
counter/7/0/0/0,4261:1747647652985:,1747647658482
counter/7/0/0/0,4262:1747647652985:,1747647658482
counter/8/0/0/0,4716:1747647652821:,1747647658482
counter/2/0/0/0,4152:1747647652406:,1747647658482
counter/8/0/0/0,4717:1747647652825:,1747647658482
counter/2/0/0/0,4153:1747647652406:,1747647658482
counter/2/0/0/0,4154:1747647652406:,1747647658483
counter/2/0/0/0,4155:1747647652406:,1747647658483
counter/9/0/0/0,4593:1747647653183:,1747647658483
counter/8/0/0/0,4718:1747647652825:,1747647658483
counter/8/0/0/0,4719:1747647652825:,1747647658483
counter/8/0/0/0,4720:1747647652825:,1747647658484
counter/4/0/0/0,4656:1747647653387:,1747647658484
counter/4/0/0/0,4657:1747647653387:,1747647658484
counter/2/0/0/0,4156:1747647652406:,1747647658484
counter/6/0/0/0,3985:1747647653161:,1747647658484
counter/6/0/0/0,3986:1747647653161:,1747647658484
counter/3/0/0/0,4523:1747647653098:,1747647658484
counter/5/0/0/0,4358:1747647652874:,1747647658484
counter/5/0/0/0,4359:1747647652874:,1747647658484
counter/5/0/0/0,4360:1747647652874:,1747647658484
counter/5/0/0/0,4361:1747647652874:,1747647658484
counter/5/0/0/0,4362:1747647652874:,1747647658484
counter/5/0/0/0,4363:1747647652874:,1747647658484
counter/5/0/0/0,4364:1747647652874:,1747647658484
counter/5/0/0/0,4365:1747647652874:,1747647658484
counter/9/0/0/0,4594:1747647653183:,1747647658486
counter/7/0/0/0,4263:1747647652985:,1747647658486
counter/7/0/0/0,4264:1747647652985:,1747647658486
counter/5/0/0/0,4366:1747647652874:,1747647658487
counter/9/0/0/0,4595:1747647653183:,1747647658488
counter/9/0/0/0,4596:1747647653183:,1747647658488
counter/7/0/0/0,4265:1747647652985:,1747647658488
counter/4/0/0/0,4658:1747647653387:,1747647658488
counter/4/0/0/0,4659:1747647653387:,1747647658488
counter/4/0/0/0,4660:1747647653387:,1747647658488
counter/4/0/0/0,4661:1747647653387:,1747647658488
counter/5/0/0/0,4367:1747647652874:,1747647658489
counter/8/0/0/0,4721:1747647652825:,1747647658489
counter/8/0/0/0,4722:1747647652825:,1747647658489
counter/8/0/0/0,4723:1747647652826:,1747647658489
counter/8/0/0/0,4724:1747647652826:,1747647658489
counter/8/0/0/0,4725:1747647652826:,1747647658489
counter/8/0/0/0,4726:1747647652826:,1747647658489
counter/8/0/0/0,4727:1747647652826:,1747647658489
counter/3/0/0/0,4524:1747647653098:,1747647658489
counter/3/0/0/0,4525:1747647653103:,1747647658489
counter/3/0/0/0,4526:1747647653103:,1747647658489
counter/3/0/0/0,4527:1747647653103:,1747647658489
counter/3/0/0/0,4528:1747647653103:,1747647658489
counter/3/0/0/0,4529:1747647653103:,1747647658489
counter/3/0/0/0,4530:1747647653103:,1747647658489
counter/2/0/0/0,4157:1747647652406:,1747647658490
counter/2/0/0/0,4158:1747647652406:,1747647658490
counter/2/0/0/0,4159:1747647652406:,1747647658490
counter/2/0/0/0,4160:1747647652406:,1747647658490
counter/2/0/0/0,4161:1747647652406:,1747647658490
counter/2/0/0/0,4162:1747647652406:,1747647658490
counter/1/0/0/0,4644:1747647653360:,1747647658490
counter/1/0/0/0,4645:1747647653360:,1747647658490
counter/1/0/0/0,4646:1747647653360:,1747647658490
counter/1/0/0/0,4647:1747647653361:,1747647658490
counter/1/0/0/0,4648:1747647653361:,1747647658490
counter/1/0/0/0,4649:1747647653361:,1747647658491
counter/7/0/0/0,4266:1747647652986:,1747647658491
counter/5/0/0/0,4368:1747647652874:,1747647658491
counter/3/0/0/0,4531:1747647653103:,1747647658498
counter/7/0/0/0,4267:1747647652986:,1747647658498
counter/3/0/0/0,4532:1747647653103:,1747647658498
counter/3/0/0/0,4533:1747647653103:,1747647658498
counter/3/0/0/0,4534:1747647653104:,1747647658498
counter/2/0/0/0,4163:1747647652406:,1747647658499
counter/2/0/0/0,4164:1747647652406:,1747647658500
counter/10/0/0/0,4218:1747647652993:,1747647658500
counter/10/0/0/0,4219:1747647652993:,1747647658500
counter/10/0/0/0,4220:1747647652993:,1747647658500
counter/10/0/0/0,4221:1747647652993:,1747647658500
counter/10/0/0/0,4222:1747647652993:,1747647658500
counter/10/0/0/0,4223:1747647652993:,1747647658500
counter/10/0/0/0,4224:1747647652993:,1747647658500
counter/5/0/0/0,4369:1747647652874:,1747647658500
counter/10/0/0/0,4225:1747647652993:,1747647658500
counter/7/0/0/0,4268:1747647652986:,1747647658500
counter/5/0/0/0,4370:1747647652874:,1747647658501
counter/8/0/0/0,4728:1747647652826:,1747647658501
counter/8/0/0/0,4729:1747647652838:,1747647658501
counter/8/0/0/0,4730:1747647652838:,1747647658502
counter/8/0/0/0,4731:1747647652838:,1747647658502
counter/7/0/0/0,4269:1747647652986:,1747647658502
counter/7/0/0/0,4270:1747647652986:,1747647658502
counter/7/0/0/0,4271:1747647652986:,1747647658502
counter/7/0/0/0,4272:1747647652987:,1747647658502
counter/5/0/0/0,4371:1747647652874:,1747647658502
counter/1/0/0/0,4650:1747647653361:,1747647658504
counter/1/0/0/0,4651:1747647653361:,1747647658504
counter/1/0/0/0,4652:1747647653361:,1747647658504
counter/1/0/0/0,4653:1747647653368:,1747647658504
counter/4/0/0/0,4662:1747647653387:,1747647658504
counter/1/0/0/0,4654:1747647653368:,1747647658504
counter/4/0/0/0,4663:1747647653387:,1747647658504
counter/1/0/0/0,4655:1747647653368:,1747647658504
counter/4/0/0/0,4664:1747647653387:,1747647658504
counter/1/0/0/0,4656:1747647653368:,1747647658504
counter/1/0/0/0,4657:1747647653368:,1747647658505
counter/5/0/0/0,4372:1747647652874:,1747647658505
counter/1/0/0/0,4658:1747647653368:,1747647658505
counter/1/0/0/0,4659:1747647653368:,1747647658505
counter/10/0/0/0,4226:1747647652993:,1747647658507
counter/10/0/0/0,4227:1747647652993:,1747647658507
counter/10/0/0/0,4228:1747647652993:,1747647658507
counter/10/0/0/0,4229:1747647652993:,1747647658507
counter/10/0/0/0,4230:1747647652993:,1747647658507
counter/10/0/0/0,4231:1747647652993:,1747647658507
counter/10/0/0/0,4232:1747647652993:,1747647658507
counter/9/0/0/0,4597:1747647653183:,1747647658509
counter/9/0/0/0,4598:1747647653183:,1747647658510
counter/2/0/0/0,4165:1747647652406:,1747647658510
counter/4/0/0/0,4665:1747647653387:,1747647658510
counter/4/0/0/0,4666:1747647653387:,1747647658510
counter/4/0/0/0,4667:1747647653387:,1747647658510
counter/7/0/0/0,4273:1747647652987:,1747647658510
counter/8/0/0/0,4732:1747647652838:,1747647658510
counter/8/0/0/0,4733:1747647652838:,1747647658510
counter/8/0/0/0,4734:1747647652838:,1747647658510
counter/8/0/0/0,4735:1747647652838:,1747647658510
counter/8/0/0/0,4736:1747647652838:,1747647658510
counter/8/0/0/0,4737:1747647652838:,1747647658510
counter/6/0/0/0,3987:1747647653161:,1747647658510
counter/6/0/0/0,3988:1747647653161:,1747647658511
counter/6/0/0/0,3989:1747647653161:,1747647658511
counter/6/0/0/0,3990:1747647653172:,1747647658511
counter/6/0/0/0,3991:1747647653172:,1747647658511
counter/10/0/0/0,4233:1747647652993:,1747647658511
counter/10/0/0/0,4234:1747647652993:,1747647658511
counter/10/0/0/0,4235:1747647652993:,1747647658511
counter/10/0/0/0,4236:1747647652994:,1747647658511
counter/10/0/0/0,4237:1747647652994:,1747647658511
counter/4/0/0/0,4668:1747647653388:,1747647658511
counter/7/0/0/0,4274:1747647652987:,1747647658511
counter/7/0/0/0,4275:1747647652987:,1747647658511
counter/7/0/0/0,4276:1747647652987:,1747647658511
counter/7/0/0/0,4277:1747647652987:,1747647658511
counter/7/0/0/0,4278:1747647652990:,1747647658511
counter/7/0/0/0,4279:1747647652990:,1747647658511
counter/7/0/0/0,4280:1747647652990:,1747647658512
counter/7/0/0/0,4281:1747647652990:,1747647658512
counter/7/0/0/0,4282:1747647652991:,1747647658512
counter/7/0/0/0,4283:1747647652991:,1747647658512
counter/7/0/0/0,4284:1747647653001:,1747647658512
counter/7/0/0/0,4285:1747647653001:,1747647658512
counter/7/0/0/0,4286:1747647653001:,1747647658512
counter/4/0/0/0,4669:1747647653388:,1747647658512
counter/7/0/0/0,4287:1747647653001:,1747647658512
counter/7/0/0/0,4288:1747647653001:,1747647658512
counter/7/0/0/0,4289:1747647653001:,1747647658512
counter/9/0/0/0,4599:1747647653183:,1747647658512
counter/9/0/0/0,4600:1747647653183:,1747647658512
counter/9/0/0/0,4601:1747647653183:,1747647658512
counter/9/0/0/0,4602:1747647653183:,1747647658512
counter/9/0/0/0,4603:1747647653183:,1747647658512
counter/3/0/0/0,4535:1747647653104:,1747647658512
counter/3/0/0/0,4536:1747647653104:,1747647658513
counter/1/0/0/0,4660:1747647653368:,1747647658513
counter/1/0/0/0,4661:1747647653368:,1747647658513
counter/1/0/0/0,4662:1747647653368:,1747647658513
counter/4/0/0/0,4670:1747647653388:,1747647658513
counter/4/0/0/0,4671:1747647653388:,1747647658513
counter/4/0/0/0,4672:1747647653388:,1747647658513
counter/5/0/0/0,4373:1747647652874:,1747647658513
counter/6/0/0/0,3992:1747647653172:,1747647658513
counter/1/0/0/0,4663:1747647653368:,1747647658513
counter/1/0/0/0,4664:1747647653368:,1747647658514
counter/1/0/0/0,4665:1747647653368:,1747647658514
counter/1/0/0/0,4666:1747647653369:,1747647658514
counter/4/0/0/0,4673:1747647653388:,1747647658514
counter/5/0/0/0,4374:1747647652874:,1747647658514
counter/9/0/0/0,4604:1747647653183:,1747647658514
counter/9/0/0/0,4605:1747647653188:,1747647658514
counter/9/0/0/0,4606:1747647653188:,1747647658514
counter/9/0/0/0,4607:1747647653190:,1747647658514
counter/9/0/0/0,4608:1747647653190:,1747647658514
counter/9/0/0/0,4609:1747647653190:,1747647658514
counter/1/0/0/0,4667:1747647653369:,1747647658516
counter/5/0/0/0,4375:1747647652875:,1747647658516
counter/10/0/0/0,4238:1747647652994:,1747647658516
counter/5/0/0/0,4376:1747647652875:,1747647658516
counter/5/0/0/0,4377:1747647652879:,1747647658516
counter/5/0/0/0,4378:1747647652879:,1747647658516
counter/5/0/0/0,4379:1747647652879:,1747647658516
counter/3/0/0/0,4537:1747647653104:,1747647658516
counter/8/0/0/0,4738:1747647652838:,1747647658516
counter/2/0/0/0,4166:1747647652406:,1747647658517
counter/2/0/0/0,4167:1747647652406:,1747647658519
counter/7/0/0/0,4290:1747647653001:,1747647658520
counter/7/0/0/0,4291:1747647653001:,1747647658520
counter/7/0/0/0,4292:1747647653001:,1747647658520
counter/7/0/0/0,4293:1747647653001:,1747647658520
counter/7/0/0/0,4294:1747647653001:,1747647658520
counter/4/0/0/0,4674:1747647653388:,1747647658520
counter/10/0/0/0,4239:1747647652994:,1747647658520
counter/10/0/0/0,4240:1747647652994:,1747647658520
counter/10/0/0/0,4241:1747647652994:,1747647658520
counter/10/0/0/0,4242:1747647652994:,1747647658520
counter/10/0/0/0,4243:1747647652996:,1747647658521
counter/8/0/0/0,4739:1747647652838:,1747647658521
counter/8/0/0/0,4740:1747647652838:,1747647658521
counter/1/0/0/0,4668:1747647653369:,1747647658521
counter/5/0/0/0,4380:1747647652879:,1747647658521
counter/1/0/0/0,4669:1747647653369:,1747647658522
counter/3/0/0/0,4538:1747647653104:,1747647658522
counter/6/0/0/0,3993:1747647653172:,1747647658522
counter/10/0/0/0,4244:1747647652997:,1747647658523
counter/10/0/0/0,4245:1747647652997:,1747647658523
counter/10/0/0/0,4246:1747647652997:,1747647658523
counter/2/0/0/0,4168:1747647652406:,1747647658523
counter/3/0/0/0,4539:1747647653104:,1747647658523
counter/8/0/0/0,4741:1747647652838:,1747647658524
counter/8/0/0/0,4742:1747647652838:,1747647658524
counter/8/0/0/0,4743:1747647652847:,1747647658524
counter/8/0/0/0,4744:1747647652847:,1747647658524
counter/8/0/0/0,4745:1747647652847:,1747647658524
counter/8/0/0/0,4746:1747647652847:,1747647658524
counter/8/0/0/0,4747:1747647652847:,1747647658524
counter/8/0/0/0,4748:1747647652847:,1747647658524
counter/5/0/0/0,4381:1747647652879:,1747647658524
counter/5/0/0/0,4382:1747647652879:,1747647658525
counter/2/0/0/0,4169:1747647652414:,1747647658525
counter/7/0/0/0,4295:1747647653001:,1747647658525
counter/7/0/0/0,4296:1747647653001:,1747647658525
counter/7/0/0/0,4297:1747647653001:,1747647658525
counter/7/0/0/0,4298:1747647653001:,1747647658525
counter/7/0/0/0,4299:1747647653001:,1747647658525
counter/7/0/0/0,4300:1747647653001:,1747647658525
counter/7/0/0/0,4301:1747647653003:,1747647658525
counter/7/0/0/0,4302:1747647653004:,1747647658525
counter/7/0/0/0,4303:1747647653004:,1747647658525
counter/7/0/0/0,4304:1747647653004:,1747647658525
counter/7/0/0/0,4305:1747647653004:,1747647658525
counter/2/0/0/0,4170:1747647652414:,1747647658525
counter/2/0/0/0,4171:1747647652414:,1747647658526
counter/2/0/0/0,4172:1747647652414:,1747647658526
counter/2/0/0/0,4173:1747647652414:,1747647658526
counter/2/0/0/0,4174:1747647652414:,1747647658526
counter/3/0/0/0,4540:1747647653108:,1747647658528
counter/6/0/0/0,3994:1747647653172:,1747647658528
counter/6/0/0/0,3995:1747647653174:,1747647658528
counter/9/0/0/0,4610:1747647653190:,1747647658528
counter/7/0/0/0,4306:1747647653004:,1747647658529
counter/7/0/0/0,4307:1747647653004:,1747647658529
counter/7/0/0/0,4308:1747647653004:,1747647658529
counter/7/0/0/0,4309:1747647653004:,1747647658529
counter/7/0/0/0,4310:1747647653004:,1747647658529
counter/7/0/0/0,4311:1747647653006:,1747647658529
counter/7/0/0/0,4312:1747647653006:,1747647658529
counter/7/0/0/0,4313:1747647653006:,1747647658529
counter/7/0/0/0,4314:1747647653007:,1747647658529
counter/10/0/0/0,4247:1747647652997:,1747647658529
counter/6/0/0/0,3996:1747647653174:,1747647658530
counter/6/0/0/0,3997:1747647653175:,1747647658530
counter/6/0/0/0,3998:1747647653175:,1747647658530
counter/1/0/0/0,4670:1747647653369:,1747647658531
counter/8/0/0/0,4749:1747647652847:,1747647658531
counter/6/0/0/0,3999:1747647653175:,1747647658532
counter/8/0/0/0,4750:1747647652847:,1747647658532
counter/1/0/0/0,4671:1747647653369:,1747647658532
counter/9/0/0/0,4611:1747647653190:,1747647658532
counter/9/0/0/0,4612:1747647653208:,1747647658532
counter/9/0/0/0,4613:1747647653208:,1747647658532
counter/9/0/0/0,4614:1747647653209:,1747647658532
counter/9/0/0/0,4615:1747647653209:,1747647658532
counter/9/0/0/0,4616:1747647653209:,1747647658532
counter/9/0/0/0,4617:1747647653209:,1747647658533
counter/3/0/0/0,4541:1747647653108:,1747647658533
counter/3/0/0/0,4542:1747647653108:,1747647658533
counter/3/0/0/0,4543:1747647653108:,1747647658533
counter/3/0/0/0,4544:1747647653108:,1747647658533
counter/3/0/0/0,4545:1747647653108:,1747647658533
counter/3/0/0/0,4546:1747647653108:,1747647658533
counter/3/0/0/0,4547:1747647653108:,1747647658533
counter/5/0/0/0,4383:1747647652879:,1747647658533
counter/10/0/0/0,4248:1747647652997:,1747647658534
counter/3/0/0/0,4548:1747647653108:,1747647658534
counter/10/0/0/0,4249:1747647652997:,1747647658536
counter/3/0/0/0,4549:1747647653108:,1747647658536
counter/3/0/0/0,4550:1747647653108:,1747647658536
counter/3/0/0/0,4551:1747647653109:,1747647658536
counter/3/0/0/0,4552:1747647653109:,1747647658536
counter/3/0/0/0,4553:1747647653109:,1747647658536
counter/3/0/0/0,4554:1747647653109:,1747647658536
counter/3/0/0/0,4555:1747647653110:,1747647658536
counter/3/0/0/0,4556:1747647653110:,1747647658536
counter/8/0/0/0,4751:1747647652847:,1747647658536
counter/9/0/0/0,4618:1747647653209:,1747647658539
counter/6/0/0/0,4000:1747647653175:,1747647658539
counter/6/0/0/0,4001:1747647653176:,1747647658539
counter/6/0/0/0,4002:1747647653176:,1747647658539
counter/2/0/0/0,4175:1747647652414:,1747647658539
counter/6/0/0/0,4003:1747647653176:,1747647658540
counter/5/0/0/0,4384:1747647652880:,1747647658541
counter/9/0/0/0,4619:1747647653209:,1747647658541
counter/5/0/0/0,4385:1747647652880:,1747647658542
counter/5/0/0/0,4386:1747647652880:,1747647658542
counter/7/0/0/0,4315:1747647653007:,1747647658542
counter/8/0/0/0,4752:1747647652847:,1747647658542
counter/8/0/0/0,4753:1747647652847:,1747647658542
counter/8/0/0/0,4754:1747647652848:,1747647658542
counter/8/0/0/0,4755:1747647652849:,1747647658542
counter/9/0/0/0,4620:1747647653209:,1747647658542
counter/5/0/0/0,4387:1747647652880:,1747647658542
counter/9/0/0/0,4621:1747647653209:,1747647658542
counter/9/0/0/0,4622:1747647653209:,1747647658542
counter/9/0/0/0,4623:1747647653209:,1747647658543
counter/9/0/0/0,4624:1747647653209:,1747647658543
counter/9/0/0/0,4625:1747647653213:,1747647658543
counter/9/0/0/0,4626:1747647653213:,1747647658543
counter/7/0/0/0,4316:1747647653007:,1747647658543
counter/7/0/0/0,4317:1747647653013:,1747647658543
counter/7/0/0/0,4318:1747647653025:,1747647658543
counter/7/0/0/0,4319:1747647653025:,1747647658543
counter/7/0/0/0,4320:1747647653025:,1747647658545
counter/2/0/0/0,4176:1747647652414:,1747647658545
counter/9/0/0/0,4627:1747647653213:,1747647658545
counter/9/0/0/0,4628:1747647653213:,1747647658545
counter/9/0/0/0,4629:1747647653213:,1747647658545
counter/3/0/0/0,4557:1747647653110:,1747647658545
counter/1/0/0/0,4672:1747647653370:,1747647658545
counter/6/0/0/0,4004:1747647653176:,1747647658545
counter/3/0/0/0,4558:1747647653110:,1747647658546
counter/3/0/0/0,4559:1747647653113:,1747647658546
counter/4/0/0/0,4675:1747647653388:,1747647658546
counter/5/0/0/0,4388:1747647652880:,1747647658547
counter/5/0/0/0,4389:1747647652880:,1747647658547
counter/5/0/0/0,4390:1747647652880:,1747647658547
counter/6/0/0/0,4005:1747647653176:,1747647658548
counter/1/0/0/0,4673:1747647653370:,1747647658548
counter/8/0/0/0,4756:1747647652849:,1747647658548
counter/8/0/0/0,4757:1747647652849:,1747647658549
counter/6/0/0/0,4006:1747647653176:,1747647658549
counter/1/0/0/0,4674:1747647653373:,1747647658549
counter/1/0/0/0,4675:1747647653393:,1747647658549
counter/10/0/0/0,4250:1747647652997:,1747647658549
counter/10/0/0/0,4251:1747647653003:,1747647658549
counter/10/0/0/0,4252:1747647653003:,1747647658549
counter/10/0/0/0,4253:1747647653003:,1747647658549
counter/10/0/0/0,4254:1747647653003:,1747647658549
counter/10/0/0/0,4255:1747647653003:,1747647658549
counter/9/0/0/0,4630:1747647653214:,1747647658550
counter/9/0/0/0,4631:1747647653214:,1747647658550
counter/9/0/0/0,4632:1747647653214:,1747647658550
counter/9/0/0/0,4633:1747647653214:,1747647658550
counter/9/0/0/0,4634:1747647653214:,1747647658550
counter/9/0/0/0,4635:1747647653214:,1747647658550
counter/9/0/0/0,4636:1747647653214:,1747647658550
counter/9/0/0/0,4637:1747647653214:,1747647658550
counter/9/0/0/0,4638:1747647653214:,1747647658550
counter/4/0/0/0,4676:1747647653388:,1747647658550
counter/3/0/0/0,4560:1747647653114:,1747647658551
counter/3/0/0/0,4561:1747647653114:,1747647658551
counter/3/0/0/0,4562:1747647653114:,1747647658551
counter/3/0/0/0,4563:1747647653114:,1747647658551
counter/9/0/0/0,4639:1747647653214:,1747647658551
counter/9/0/0/0,4640:1747647653221:,1747647658551
counter/9/0/0/0,4641:1747647653221:,1747647658551
counter/4/0/0/0,4677:1747647653388:,1747647658551
counter/1/0/0/0,4676:1747647653402:,1747647658552
counter/3/0/0/0,4564:1747647653114:,1747647658552
counter/3/0/0/0,4565:1747647653114:,1747647658552
counter/3/0/0/0,4566:1747647653114:,1747647658552
counter/3/0/0/0,4567:1747647653114:,1747647658552
counter/3/0/0/0,4568:1747647653114:,1747647658552
counter/3/0/0/0,4569:1747647653114:,1747647658552
counter/6/0/0/0,4007:1747647653176:,1747647658553
counter/6/0/0/0,4008:1747647653176:,1747647658553
counter/9/0/0/0,4642:1747647653221:,1747647658553
counter/3/0/0/0,4570:1747647653121:,1747647658555
counter/3/0/0/0,4571:1747647653121:,1747647658555
counter/3/0/0/0,4572:1747647653121:,1747647658555
counter/3/0/0/0,4573:1747647653121:,1747647658555
counter/3/0/0/0,4574:1747647653127:,1747647658555
counter/5/0/0/0,4391:1747647652884:,1747647658555
counter/7/0/0/0,4321:1747647653025:,1747647658556
counter/7/0/0/0,4322:1747647653025:,1747647658556
counter/7/0/0/0,4323:1747647653025:,1747647658556
counter/7/0/0/0,4324:1747647653025:,1747647658556
counter/7/0/0/0,4325:1747647653025:,1747647658556
counter/7/0/0/0,4326:1747647653025:,1747647658556
counter/7/0/0/0,4327:1747647653027:,1747647658556
counter/3/0/0/0,4575:1747647653127:,1747647658556
counter/4/0/0/0,4678:1747647653391:,1747647658557
counter/3/0/0/0,4576:1747647653127:,1747647658557
counter/3/0/0/0,4577:1747647653127:,1747647658557
counter/5/0/0/0,4392:1747647652884:,1747647658557
counter/5/0/0/0,4393:1747647652884:,1747647658557
counter/5/0/0/0,4394:1747647652884:,1747647658557
counter/5/0/0/0,4395:1747647652884:,1747647658557
counter/5/0/0/0,4396:1747647652884:,1747647658557
counter/5/0/0/0,4397:1747647652884:,1747647658557
counter/5/0/0/0,4398:1747647652884:,1747647658557
counter/3/0/0/0,4578:1747647653127:,1747647658560
counter/5/0/0/0,4399:1747647652884:,1747647658560
counter/3/0/0/0,4579:1747647653134:,1747647658560
counter/5/0/0/0,4400:1747647652884:,1747647658561
counter/5/0/0/0,4401:1747647652885:,1747647658561
counter/5/0/0/0,4402:1747647652885:,1747647658561
counter/10/0/0/0,4256:1747647653003:,1747647658561
counter/5/0/0/0,4403:1747647652885:,1747647658561
counter/10/0/0/0,4257:1747647653005:,1747647658561
counter/5/0/0/0,4404:1747647652885:,1747647658561
counter/5/0/0/0,4405:1747647652885:,1747647658561
counter/7/0/0/0,4328:1747647653028:,1747647658561
counter/7/0/0/0,4329:1747647653028:,1747647658561
counter/7/0/0/0,4330:1747647653037:,1747647658561
counter/7/0/0/0,4331:1747647653038:,1747647658561
counter/7/0/0/0,4332:1747647653051:,1747647658561
counter/7/0/0/0,4333:1747647653052:,1747647658561
counter/7/0/0/0,4334:1747647653052:,1747647658561
counter/9/0/0/0,4643:1747647653221:,1747647658561
counter/1/0/0/0,4677:1747647653402:,1747647658564
counter/4/0/0/0,4679:1747647653391:,1747647658565
counter/8/0/0/0,4758:1747647652849:,1747647658565
counter/2/0/0/0,4177:1747647652424:,1747647658566
counter/3/0/0/0,4580:1747647653134:,1747647658566
counter/5/0/0/0,4406:1747647652885:,1747647658566
counter/3/0/0/0,4581:1747647653134:,1747647658566
counter/5/0/0/0,4407:1747647652885:,1747647658567
counter/5/0/0/0,4408:1747647652885:,1747647658567
counter/5/0/0/0,4409:1747647652886:,1747647658567
counter/10/0/0/0,4258:1747647653005:,1747647658567
counter/3/0/0/0,4582:1747647653134:,1747647658567
counter/2/0/0/0,4178:1747647652424:,1747647658569
counter/10/0/0/0,4259:1747647653005:,1747647658569
counter/1/0/0/0,4678:1747647653402:,1747647658570
counter/6/0/0/0,4009:1747647653176:,1747647658570
counter/6/0/0/0,4010:1747647653181:,1747647658570
counter/2/0/0/0,4179:1747647652424:,1747647658570
counter/3/0/0/0,4583:1747647653134:,1747647658570
counter/10/0/0/0,4260:1747647653005:,1747647658570
counter/8/0/0/0,4759:1747647652849:,1747647658571
counter/8/0/0/0,4760:1747647652850:,1747647658571
counter/7/0/0/0,4335:1747647653053:,1747647658571
counter/1/0/0/0,4679:1747647653402:,1747647658571
counter/1/0/0/0,4680:1747647653402:,1747647658571
counter/1/0/0/0,4681:1747647653402:,1747647658571
counter/1/0/0/0,4682:1747647653403:,1747647658571
counter/1/0/0/0,4683:1747647653403:,1747647658571
counter/1/0/0/0,4684:1747647653403:,1747647658571
counter/1/0/0/0,4685:1747647653403:,1747647658572
counter/1/0/0/0,4686:1747647653403:,1747647658572
counter/1/0/0/0,4687:1747647653403:,1747647658572
counter/1/0/0/0,4688:1747647653403:,1747647658572
counter/1/0/0/0,4689:1747647653403:,1747647658572
counter/4/0/0/0,4680:1747647653391:,1747647658572
counter/4/0/0/0,4681:1747647653391:,1747647658572
counter/4/0/0/0,4682:1747647653391:,1747647658572
counter/4/0/0/0,4683:1747647653391:,1747647658572
counter/4/0/0/0,4684:1747647653391:,1747647658572
counter/4/0/0/0,4685:1747647653391:,1747647658572
counter/4/0/0/0,4686:1747647653391:,1747647658572
counter/4/0/0/0,4687:1747647653391:,1747647658572
counter/5/0/0/0,4410:1747647652886:,1747647658572
counter/9/0/0/0,4644:1747647653221:,1747647658572
counter/9/0/0/0,4645:1747647653221:,1747647658572
counter/6/0/0/0,4011:1747647653182:,1747647658572
counter/6/0/0/0,4012:1747647653184:,1747647658573
counter/6/0/0/0,4013:1747647653184:,1747647658573
counter/6/0/0/0,4014:1747647653184:,1747647658573
counter/6/0/0/0,4015:1747647653185:,1747647658573
counter/6/0/0/0,4016:1747647653185:,1747647658573
counter/6/0/0/0,4017:1747647653185:,1747647658573
counter/6/0/0/0,4018:1747647653185:,1747647658573
counter/6/0/0/0,4019:1747647653185:,1747647658573
counter/3/0/0/0,4584:1747647653134:,1747647658574
counter/1/0/0/0,4690:1747647653410:,1747647658575
counter/6/0/0/0,4020:1747647653185:,1747647658575
counter/10/0/0/0,4261:1747647653005:,1747647658575
counter/6/0/0/0,4021:1747647653185:,1747647658575
counter/6/0/0/0,4022:1747647653185:,1747647658575
counter/6/0/0/0,4023:1747647653185:,1747647658575
counter/6/0/0/0,4024:1747647653185:,1747647658575
counter/6/0/0/0,4025:1747647653185:,1747647658575
counter/2/0/0/0,4180:1747647652424:,1747647658576
counter/8/0/0/0,4761:1747647652850:,1747647658576
counter/1/0/0/0,4691:1747647653421:,1747647658576
counter/5/0/0/0,4411:1747647652886:,1747647658577
counter/5/0/0/0,4412:1747647652886:,1747647658577
counter/5/0/0/0,4413:1747647652886:,1747647658577
counter/5/0/0/0,4414:1747647652886:,1747647658577
counter/3/0/0/0,4585:1747647653134:,1747647658581
counter/9/0/0/0,4646:1747647653221:,1747647658582
counter/5/0/0/0,4415:1747647652886:,1747647658582
counter/5/0/0/0,4416:1747647652886:,1747647658582
counter/5/0/0/0,4417:1747647652886:,1747647658582
counter/5/0/0/0,4418:1747647652886:,1747647658582
counter/6/0/0/0,4026:1747647653185:,1747647658583
counter/6/0/0/0,4027:1747647653185:,1747647658584
counter/6/0/0/0,4028:1747647653185:,1747647658584
counter/6/0/0/0,4029:1747647653185:,1747647658584
counter/6/0/0/0,4030:1747647653192:,1747647658584
counter/6/0/0/0,4031:1747647653192:,1747647658584
counter/6/0/0/0,4032:1747647653192:,1747647658584
counter/6/0/0/0,4033:1747647653192:,1747647658584
counter/6/0/0/0,4034:1747647653192:,1747647658585
counter/5/0/0/0,4419:1747647652886:,1747647658866
counter/5/0/0/0,4420:1747647652886:,1747647658866
counter/5/0/0/0,4421:1747647652886:,1747647658866
counter/2/0/0/0,4181:1747647652424:,1747647658866
counter/2/0/0/0,4182:1747647652424:,1747647658867
counter/8/0/0/0,4762:1747647652850:,1747647658867
counter/6/0/0/0,4035:1747647653192:,1747647658867
counter/6/0/0/0,4036:1747647653192:,1747647658867
counter/6/0/0/0,4037:1747647653192:,1747647658867
counter/7/0/0/0,4336:1747647653053:,1747647658867
counter/10/0/0/0,4262:1747647653006:,1747647658868
counter/10/0/0/0,4263:1747647653006:,1747647658868
counter/10/0/0/0,4264:1747647653006:,1747647658868
counter/2/0/0/0,4183:1747647652424:,1747647658868
counter/2/0/0/0,4184:1747647652427:,1747647658869
counter/8/0/0/0,4763:1747647652850:,1747647658869
counter/2/0/0/0,4185:1747647652427:,1747647658869
counter/2/0/0/0,4186:1747647652427:,1747647658869
counter/2/0/0/0,4187:1747647652427:,1747647658869
counter/2/0/0/0,4188:1747647652428:,1747647658869
counter/3/0/0/0,4586:1747647653134:,1747647658869
counter/2/0/0/0,4189:1747647652433:,1747647658869
counter/2/0/0/0,4190:1747647652433:,1747647658869
counter/9/0/0/0,4647:1747647653221:,1747647658869
counter/7/0/0/0,4337:1747647653053:,1747647658870
counter/9/0/0/0,4648:1747647653221:,1747647658870
counter/9/0/0/0,4649:1747647653221:,1747647658870
counter/9/0/0/0,4650:1747647653221:,1747647658870
counter/10/0/0/0,4265:1747647653006:,1747647658870
counter/10/0/0/0,4266:1747647653006:,1747647658870
counter/8/0/0/0,4764:1747647652850:,1747647658870
counter/8/0/0/0,4765:1747647652850:,1747647658870
counter/8/0/0/0,4766:1747647652850:,1747647658870
counter/6/0/0/0,4038:1747647653192:,1747647658870
counter/3/0/0/0,4587:1747647653134:,1747647658870
counter/4/0/0/0,4688:1747647653392:,1747647658870
counter/7/0/0/0,4338:1747647653053:,1747647658870
counter/9/0/0/0,4651:1747647653221:,1747647658870
counter/7/0/0/0,4339:1747647653053:,1747647658870
counter/1/0/0/0,4692:1747647653421:,1747647658871
counter/4/0/0/0,4689:1747647653392:,1747647658872
counter/9/0/0/0,4652:1747647653221:,1747647658872
counter/8/0/0/0,4767:1747647652850:,1747647658873
counter/8/0/0/0,4768:1747647652850:,1747647658873
counter/6/0/0/0,4039:1747647653192:,1747647658873
counter/3/0/0/0,4588:1747647653134:,1747647658874
counter/7/0/0/0,4340:1747647653053:,1747647658874
counter/9/0/0/0,4653:1747647653221:,1747647658874
counter/1/0/0/0,4693:1747647653421:,1747647658875
counter/1/0/0/0,4694:1747647653421:,1747647658875
counter/1/0/0/0,4695:1747647653421:,1747647658875
counter/1/0/0/0,4696:1747647653421:,1747647658875
counter/2/0/0/0,4191:1747647652433:,1747647658875
counter/2/0/0/0,4192:1747647652433:,1747647658875
counter/6/0/0/0,4040:1747647653192:,1747647658875
counter/3/0/0/0,4589:1747647653134:,1747647658875
counter/6/0/0/0,4041:1747647653192:,1747647658875
counter/3/0/0/0,4590:1747647653134:,1747647658876
counter/7/0/0/0,4341:1747647653053:,1747647658876
counter/10/0/0/0,4267:1747647653006:,1747647658876
counter/3/0/0/0,4591:1747647653134:,1747647658877
counter/5/0/0/0,4422:1747647652886:,1747647658877
counter/8/0/0/0,4769:1747647652850:,1747647658878
counter/1/0/0/0,4697:1747647653422:,1747647658878
counter/4/0/0/0,4690:1747647653392:,1747647658878
counter/4/0/0/0,4691:1747647653392:,1747647658878
counter/4/0/0/0,4692:1747647653405:,1747647658878
counter/4/0/0/0,4693:1747647653405:,1747647658879
counter/4/0/0/0,4694:1747647653405:,1747647658879
counter/4/0/0/0,4695:1747647653405:,1747647658879
counter/4/0/0/0,4696:1747647653405:,1747647658879
counter/4/0/0/0,4697:1747647653405:,1747647658879
counter/4/0/0/0,4698:1747647653405:,1747647658879
counter/4/0/0/0,4699:1747647653405:,1747647658879
counter/4/0/0/0,4700:1747647653405:,1747647658879
counter/4/0/0/0,4701:1747647653405:,1747647658879
counter/4/0/0/0,4702:1747647653405:,1747647658879
counter/4/0/0/0,4703:1747647653405:,1747647658879
counter/6/0/0/0,4042:1747647653192:,1747647658879
counter/6/0/0/0,4043:1747647653192:,1747647658879
counter/7/0/0/0,4342:1747647653053:,1747647658879
counter/8/0/0/0,4770:1747647652850:,1747647658879
counter/7/0/0/0,4343:1747647653053:,1747647658880
counter/2/0/0/0,4193:1747647652433:,1747647658880
counter/2/0/0/0,4194:1747647652433:,1747647658880
counter/4/0/0/0,4704:1747647653405:,1747647658880
counter/4/0/0/0,4705:1747647653405:,1747647658880
counter/4/0/0/0,4706:1747647653405:,1747647658880
counter/5/0/0/0,4423:1747647652886:,1747647658880
counter/1/0/0/0,4698:1747647653422:,1747647658880
counter/3/0/0/0,4592:1747647653135:,1747647658881
counter/3/0/0/0,4593:1747647653135:,1747647658881
counter/3/0/0/0,4594:1747647653135:,1747647658881
counter/3/0/0/0,4595:1747647653135:,1747647658881
counter/3/0/0/0,4596:1747647653135:,1747647658881
counter/3/0/0/0,4597:1747647653135:,1747647658881
counter/3/0/0/0,4598:1747647653135:,1747647658881
counter/9/0/0/0,4654:1747647653221:,1747647658881
counter/5/0/0/0,4424:1747647652886:,1747647658882
counter/1/0/0/0,4699:1747647653422:,1747647658882
counter/8/0/0/0,4771:1747647652850:,1747647658882
counter/10/0/0/0,4268:1747647653006:,1747647658882
counter/2/0/0/0,4195:1747647652433:,1747647658882
counter/2/0/0/0,4196:1747647652434:,1747647658882
counter/2/0/0/0,4197:1747647652435:,1747647658882
counter/7/0/0/0,4344:1747647653053:,1747647658882
counter/5/0/0/0,4425:1747647652886:,1747647658883
counter/7/0/0/0,4345:1747647653053:,1747647658884
counter/9/0/0/0,4655:1747647653228:,1747647658884
counter/9/0/0/0,4656:1747647653228:,1747647658884
counter/1/0/0/0,4700:1747647653422:,1747647658885
counter/1/0/0/0,4701:1747647653422:,1747647658885
counter/1/0/0/0,4702:1747647653422:,1747647658885
counter/1/0/0/0,4703:1747647653422:,1747647658885
counter/1/0/0/0,4704:1747647653423:,1747647658885
counter/1/0/0/0,4705:1747647653423:,1747647658885
counter/5/0/0/0,4426:1747647652886:,1747647658885
counter/2/0/0/0,4198:1747647652435:,1747647658885
counter/9/0/0/0,4657:1747647653228:,1747647658886
counter/8/0/0/0,4772:1747647652850:,1747647658886
counter/8/0/0/0,4773:1747647652850:,1747647658886
counter/6/0/0/0,4044:1747647653192:,1747647658886
counter/6/0/0/0,4045:1747647653193:,1747647658886
counter/6/0/0/0,4046:1747647653196:,1747647658886
counter/6/0/0/0,4047:1747647653196:,1747647658886
counter/6/0/0/0,4048:1747647653197:,1747647658887
counter/5/0/0/0,4427:1747647652905:,1747647658887
counter/5/0/0/0,4428:1747647652905:,1747647658887
counter/5/0/0/0,4429:1747647652905:,1747647658887
counter/5/0/0/0,4430:1747647652905:,1747647658887
counter/5/0/0/0,4431:1747647652905:,1747647658887
counter/5/0/0/0,4432:1747647652905:,1747647658888
counter/9/0/0/0,4658:1747647653228:,1747647658888
counter/8/0/0/0,4774:1747647652850:,1747647658888
counter/8/0/0/0,4775:1747647652851:,1747647658888
counter/8/0/0/0,4776:1747647652851:,1747647658888
counter/8/0/0/0,4777:1747647652851:,1747647658889
counter/6/0/0/0,4049:1747647653197:,1747647658889
counter/6/0/0/0,4050:1747647653197:,1747647658889
counter/6/0/0/0,4051:1747647653197:,1747647658889
counter/6/0/0/0,4052:1747647653197:,1747647658889
counter/6/0/0/0,4053:1747647653203:,1747647658889
counter/6/0/0/0,4054:1747647653203:,1747647658889
counter/7/0/0/0,4346:1747647653053:,1747647658889
counter/7/0/0/0,4347:1747647653062:,1747647658889
counter/7/0/0/0,4348:1747647653062:,1747647658890
counter/9/0/0/0,4659:1747647653228:,1747647658891
counter/1/0/0/0,4706:1747647653423:,1747647658891
counter/9/0/0/0,4660:1747647653229:,1747647658891
counter/4/0/0/0,4707:1747647653405:,1747647658891
counter/4/0/0/0,4708:1747647653405:,1747647658891
counter/3/0/0/0,4599:1747647653135:,1747647658891
counter/2/0/0/0,4199:1747647652435:,1747647658891
counter/5/0/0/0,4433:1747647652905:,1747647658892
counter/7/0/0/0,4349:1747647653062:,1747647658894
counter/8/0/0/0,4778:1747647652851:,1747647658895
counter/3/0/0/0,4600:1747647653135:,1747647658895
counter/8/0/0/0,4779:1747647652856:,1747647658896
counter/8/0/0/0,4780:1747647652856:,1747647658896
counter/8/0/0/0,4781:1747647652856:,1747647658896
counter/9/0/0/0,4661:1747647653229:,1747647658896
counter/9/0/0/0,4662:1747647653229:,1747647658896
counter/9/0/0/0,4663:1747647653229:,1747647658897
counter/9/0/0/0,4664:1747647653229:,1747647658897
counter/9/0/0/0,4665:1747647653229:,1747647658897
counter/9/0/0/0,4666:1747647653229:,1747647658897
counter/1/0/0/0,4707:1747647653423:,1747647658899
counter/2/0/0/0,4200:1747647652435:,1747647658899
counter/2/0/0/0,4201:1747647652435:,1747647658899
counter/2/0/0/0,4202:1747647652435:,1747647658899
counter/2/0/0/0,4203:1747647652443:,1747647658899
counter/9/0/0/0,4667:1747647653229:,1747647658899
counter/9/0/0/0,4668:1747647653229:,1747647658900
counter/9/0/0/0,4669:1747647653229:,1747647658900
counter/9/0/0/0,4670:1747647653229:,1747647658900
counter/9/0/0/0,4671:1747647653229:,1747647658900
counter/9/0/0/0,4672:1747647653242:,1747647658900
counter/9/0/0/0,4673:1747647653242:,1747647658900
counter/9/0/0/0,4674:1747647653242:,1747647658900
counter/9/0/0/0,4675:1747647653242:,1747647658900
counter/9/0/0/0,4676:1747647653243:,1747647658900
counter/9/0/0/0,4677:1747647653243:,1747647658901
counter/9/0/0/0,4678:1747647653243:,1747647658901
counter/9/0/0/0,4679:1747647653243:,1747647658901
counter/9/0/0/0,4680:1747647653251:,1747647658901
counter/8/0/0/0,4782:1747647652856:,1747647658901
counter/8/0/0/0,4783:1747647652856:,1747647658901
counter/6/0/0/0,4055:1747647653203:,1747647658901
counter/6/0/0/0,4056:1747647653203:,1747647658901
counter/6/0/0/0,4057:1747647653210:,1747647658901
counter/6/0/0/0,4058:1747647653210:,1747647658901
counter/6/0/0/0,4059:1747647653210:,1747647658901
counter/6/0/0/0,4060:1747647653218:,1747647658901
counter/6/0/0/0,4061:1747647653218:,1747647658901
counter/6/0/0/0,4062:1747647653218:,1747647658901
counter/6/0/0/0,4063:1747647653218:,1747647658901
counter/3/0/0/0,4601:1747647653135:,1747647658902
counter/3/0/0/0,4602:1747647653135:,1747647658902
counter/3/0/0/0,4603:1747647653135:,1747647658902
counter/9/0/0/0,4681:1747647653254:,1747647658902
counter/1/0/0/0,4708:1747647653423:,1747647658902
counter/5/0/0/0,4434:1747647652905:,1747647658902
counter/5/0/0/0,4435:1747647652905:,1747647658903
counter/5/0/0/0,4436:1747647652905:,1747647658903
counter/5/0/0/0,4437:1747647652905:,1747647658903
counter/6/0/0/0,4064:1747647653218:,1747647658903
counter/9/0/0/0,4682:1747647653254:,1747647658903
counter/10/0/0/0,4269:1747647653006:,1747647658903
counter/1/0/0/0,4709:1747647653423:,1747647658903
counter/1/0/0/0,4710:1747647653423:,1747647658903
counter/1/0/0/0,4711:1747647653423:,1747647658903
counter/1/0/0/0,4712:1747647653423:,1747647658903
counter/1/0/0/0,4713:1747647653423:,1747647658903
counter/1/0/0/0,4714:1747647653423:,1747647658904
counter/1/0/0/0,4715:1747647653423:,1747647658904
counter/1/0/0/0,4716:1747647653423:,1747647658904
counter/1/0/0/0,4717:1747647653423:,1747647658904
counter/1/0/0/0,4718:1747647653423:,1747647658904
counter/1/0/0/0,4719:1747647653438:,1747647658904
counter/9/0/0/0,4683:1747647653254:,1747647658904
counter/1/0/0/0,4720:1747647653438:,1747647658904
counter/1/0/0/0,4721:1747647653438:,1747647658904
counter/1/0/0/0,4722:1747647653438:,1747647658904
counter/2/0/0/0,4204:1747647652443:,1747647658904
counter/1/0/0/0,4723:1747647653438:,1747647658904
counter/3/0/0/0,4604:1747647653137:,1747647658904
counter/9/0/0/0,4684:1747647653254:,1747647658905
counter/7/0/0/0,4350:1747647653062:,1747647658905
counter/7/0/0/0,4351:1747647653062:,1747647658905
counter/7/0/0/0,4352:1747647653062:,1747647658905
counter/7/0/0/0,4353:1747647653062:,1747647658905
counter/4/0/0/0,4709:1747647653407:,1747647658905
counter/8/0/0/0,4784:1747647652856:,1747647658905
counter/4/0/0/0,4710:1747647653407:,1747647658905
counter/1/0/0/0,4724:1747647653438:,1747647658906
counter/8/0/0/0,4785:1747647652856:,1747647658907
counter/8/0/0/0,4786:1747647652857:,1747647658907
counter/4/0/0/0,4711:1747647653407:,1747647658907
counter/8/0/0/0,4787:1747647652857:,1747647658907
counter/8/0/0/0,4788:1747647652857:,1747647658907
counter/8/0/0/0,4789:1747647652859:,1747647658907
counter/8/0/0/0,4790:1747647652859:,1747647658907
counter/1/0/0/0,4725:1747647653438:,1747647658907
counter/1/0/0/0,4726:1747647653438:,1747647658907
counter/1/0/0/0,4727:1747647653439:,1747647658907
counter/1/0/0/0,4728:1747647653441:,1747647658908
counter/1/0/0/0,4729:1747647653441:,1747647658908
counter/1/0/0/0,4730:1747647653441:,1747647658908
counter/1/0/0/0,4731:1747647653441:,1747647658908
counter/9/0/0/0,4685:1747647653254:,1747647658908
counter/9/0/0/0,4686:1747647653254:,1747647658908
counter/9/0/0/0,4687:1747647653254:,1747647658908
counter/9/0/0/0,4688:1747647653254:,1747647658908
counter/9/0/0/0,4689:1747647653256:,1747647658908
counter/9/0/0/0,4690:1747647653256:,1747647658908
counter/2/0/0/0,4205:1747647652443:,1747647658908
counter/6/0/0/0,4065:1747647653218:,1747647658908
counter/1/0/0/0,4732:1747647653441:,1747647658908
counter/1/0/0/0,4733:1747647653441:,1747647658908
counter/1/0/0/0,4734:1747647653441:,1747647658908
counter/1/0/0/0,4735:1747647653443:,1747647658909
counter/1/0/0/0,4736:1747647653443:,1747647658909
counter/1/0/0/0,4737:1747647653443:,1747647658909
counter/1/0/0/0,4738:1747647653443:,1747647658909
counter/7/0/0/0,4354:1747647653062:,1747647658909
counter/8/0/0/0,4791:1747647652860:,1747647658909
counter/9/0/0/0,4691:1747647653256:,1747647658909
counter/9/0/0/0,4692:1747647653256:,1747647658909
counter/9/0/0/0,4693:1747647653256:,1747647658909
counter/9/0/0/0,4694:1747647653256:,1747647658909
counter/9/0/0/0,4695:1747647653256:,1747647658909
counter/10/0/0/0,4270:1747647653007:,1747647658909
counter/7/0/0/0,4355:1747647653062:,1747647658909
counter/8/0/0/0,4792:1747647652860:,1747647658910
counter/9/0/0/0,4696:1747647653256:,1747647658910
counter/9/0/0/0,4697:1747647653256:,1747647658910
counter/9/0/0/0,4698:1747647653257:,1747647658910
counter/9/0/0/0,4699:1747647653257:,1747647658910
counter/9/0/0/0,4700:1747647653257:,1747647658910
counter/9/0/0/0,4701:1747647653263:,1747647658910
counter/1/0/0/0,4739:1747647653443:,1747647658910
counter/2/0/0/0,4206:1747647652443:,1747647658910
counter/4/0/0/0,4712:1747647653407:,1747647658910
counter/4/0/0/0,4713:1747647653407:,1747647658911
counter/8/0/0/0,4793:1747647652860:,1747647658912
counter/4/0/0/0,4714:1747647653407:,1747647658912
counter/4/0/0/0,4715:1747647653407:,1747647658912
counter/4/0/0/0,4716:1747647653407:,1747647658912
counter/10/0/0/0,4271:1747647653007:,1747647658912
counter/10/0/0/0,4272:1747647653007:,1747647658912
counter/9/0/0/0,4702:1747647653269:,1747647658912
counter/9/0/0/0,4703:1747647653270:,1747647658912
counter/8/0/0/0,4794:1747647652860:,1747647658912
counter/9/0/0/0,4704:1747647653270:,1747647658913
counter/9/0/0/0,4705:1747647653270:,1747647658913
counter/9/0/0/0,4706:1747647653270:,1747647658913
counter/9/0/0/0,4707:1747647653270:,1747647658913
counter/9/0/0/0,4708:1747647653270:,1747647658913
counter/9/0/0/0,4709:1747647653270:,1747647658913
counter/9/0/0/0,4710:1747647653270:,1747647658913
counter/1/0/0/0,4740:1747647653443:,1747647658913
counter/1/0/0/0,4741:1747647653443:,1747647658913
counter/1/0/0/0,4742:1747647653443:,1747647658913
counter/1/0/0/0,4743:1747647653443:,1747647658913
counter/1/0/0/0,4744:1747647653443:,1747647658913
counter/1/0/0/0,4745:1747647653443:,1747647658913
counter/8/0/0/0,4795:1747647652860:,1747647658913
counter/8/0/0/0,4796:1747647652860:,1747647658913
counter/8/0/0/0,4797:1747647652860:,1747647658914
counter/8/0/0/0,4798:1747647652867:,1747647658914
counter/8/0/0/0,4799:1747647652867:,1747647658914
counter/8/0/0/0,4800:1747647652881:,1747647658914
counter/1/0/0/0,4746:1747647653444:,1747647658914
counter/7/0/0/0,4356:1747647653062:,1747647658914
counter/1/0/0/0,4747:1747647653444:,1747647658914
counter/7/0/0/0,4357:1747647653063:,1747647658915
counter/4/0/0/0,4717:1747647653407:,1747647658918
counter/7/0/0/0,4358:1747647653063:,1747647658918
counter/4/0/0/0,4718:1747647653407:,1747647658918
counter/4/0/0/0,4719:1747647653407:,1747647658918
counter/4/0/0/0,4720:1747647653407:,1747647658918
counter/4/0/0/0,4721:1747647653407:,1747647658918
counter/4/0/0/0,4722:1747647653407:,1747647658918
counter/8/0/0/0,4801:1747647652882:,1747647658918
counter/2/0/0/0,4207:1747647652443:,1747647658919
counter/4/0/0/0,4723:1747647653407:,1747647658919
counter/4/0/0/0,4724:1747647653407:,1747647658919
counter/4/0/0/0,4725:1747647653407:,1747647658919
counter/4/0/0/0,4726:1747647653407:,1747647658919
counter/1/0/0/0,4748:1747647653444:,1747647658919
counter/1/0/0/0,4749:1747647653447:,1747647658919
counter/1/0/0/0,4750:1747647653447:,1747647658919
counter/1/0/0/0,4751:1747647653447:,1747647658919
counter/1/0/0/0,4752:1747647653447:,1747647658919
counter/1/0/0/0,4753:1747647653447:,1747647658919
counter/1/0/0/0,4754:1747647653447:,1747647658919
counter/1/0/0/0,4755:1747647653447:,1747647658919
counter/1/0/0/0,4756:1747647653447:,1747647658919
counter/1/0/0/0,4757:1747647653447:,1747647658919
counter/1/0/0/0,4758:1747647653447:,1747647658919
counter/1/0/0/0,4759:1747647653447:,1747647658919
counter/1/0/0/0,4760:1747647653447:,1747647658919
counter/1/0/0/0,4761:1747647653447:,1747647658919
counter/1/0/0/0,4762:1747647653447:,1747647658919
counter/1/0/0/0,4763:1747647653447:,1747647658919
counter/8/0/0/0,4802:1747647652882:,1747647658920
counter/7/0/0/0,4359:1747647653063:,1747647658920
counter/2/0/0/0,4208:1747647652443:,1747647658920
counter/1/0/0/0,4764:1747647653447:,1747647658920
counter/2/0/0/0,4209:1747647652443:,1747647658920
counter/10/0/0/0,4273:1747647653007:,1747647658920
counter/10/0/0/0,4274:1747647653012:,1747647658920
counter/10/0/0/0,4275:1747647653012:,1747647658920
counter/8/0/0/0,4803:1747647652882:,1747647658920
counter/3/0/0/0,4605:1747647653137:,1747647658920
counter/4/0/0/0,4727:1747647653407:,1747647658922
counter/1/0/0/0,4765:1747647653447:,1747647658922
counter/1/0/0/0,4766:1747647653447:,1747647658922
counter/1/0/0/0,4767:1747647653456:,1747647658922
counter/1/0/0/0,4768:1747647653456:,1747647658922
counter/2/0/0/0,4210:1747647652443:,1747647658922
counter/7/0/0/0,4360:1747647653063:,1747647658923
counter/7/0/0/0,4361:1747647653063:,1747647658923
counter/7/0/0/0,4362:1747647653063:,1747647658923
counter/7/0/0/0,4363:1747647653065:,1747647658923
counter/7/0/0/0,4364:1747647653065:,1747647658923
counter/6/0/0/0,4066:1747647653219:,1747647658924
counter/5/0/0/0,4438:1747647652905:,1747647658924
counter/1/0/0/0,4769:1747647653457:,1747647658925
counter/8/0/0/0,4804:1747647652882:,1747647658925
counter/6/0/0/0,4067:1747647653219:,1747647658926
counter/8/0/0/0,4805:1747647652882:,1747647658926
counter/8/0/0/0,4806:1747647652882:,1747647658926
counter/8/0/0/0,4807:1747647652882:,1747647658926
counter/8/0/0/0,4808:1747647652882:,1747647658927
counter/8/0/0/0,4809:1747647652882:,1747647658927
counter/8/0/0/0,4810:1747647652882:,1747647658927
counter/8/0/0/0,4811:1747647652882:,1747647658927
counter/8/0/0/0,4812:1747647652882:,1747647658927
counter/8/0/0/0,4813:1747647652882:,1747647658927
counter/5/0/0/0,4439:1747647652906:,1747647658927
counter/8/0/0/0,4814:1747647652882:,1747647658927
counter/5/0/0/0,4440:1747647652906:,1747647658927
counter/5/0/0/0,4441:1747647652906:,1747647658927
counter/5/0/0/0,4442:1747647652906:,1747647658927
counter/5/0/0/0,4443:1747647652906:,1747647658927
counter/5/0/0/0,4444:1747647652906:,1747647658927
counter/5/0/0/0,4445:1747647652906:,1747647658927
counter/5/0/0/0,4446:1747647652906:,1747647658927
counter/5/0/0/0,4447:1747647652906:,1747647658927
counter/5/0/0/0,4448:1747647652906:,1747647658927
counter/5/0/0/0,4449:1747647652906:,1747647658927
counter/5/0/0/0,4450:1747647652906:,1747647658927
counter/5/0/0/0,4451:1747647652906:,1747647658927
counter/5/0/0/0,4452:1747647652906:,1747647658927
counter/2/0/0/0,4211:1747647652443:,1747647658928
counter/8/0/0/0,4815:1747647652882:,1747647658928
counter/5/0/0/0,4453:1747647652906:,1747647658928
counter/10/0/0/0,4276:1747647653012:,1747647658928
counter/6/0/0/0,4068:1747647653219:,1747647658929
counter/1/0/0/0,4770:1747647653460:,1747647658929
counter/2/0/0/0,4212:1747647652443:,1747647658930
counter/8/0/0/0,4816:1747647652882:,1747647658930
counter/8/0/0/0,4817:1747647652885:,1747647658930
counter/5/0/0/0,4454:1747647652907:,1747647658930
counter/5/0/0/0,4455:1747647652907:,1747647658930
counter/5/0/0/0,4456:1747647652907:,1747647658930
counter/5/0/0/0,4457:1747647652909:,1747647658930
counter/5/0/0/0,4458:1747647652909:,1747647658930
counter/4/0/0/0,4728:1747647653407:,1747647658930
counter/4/0/0/0,4729:1747647653407:,1747647658930
counter/4/0/0/0,4730:1747647653407:,1747647658930
counter/9/0/0/0,4711:1747647653270:,1747647658930
counter/7/0/0/0,4365:1747647653065:,1747647658930
counter/7/0/0/0,4366:1747647653065:,1747647658930
counter/7/0/0/0,4367:1747647653065:,1747647658930
counter/6/0/0/0,4069:1747647653222:,1747647658930
counter/8/0/0/0,4818:1747647652891:,1747647658931
counter/8/0/0/0,4819:1747647652891:,1747647658931
counter/8/0/0/0,4820:1747647652891:,1747647658931
counter/5/0/0/0,4459:1747647652909:,1747647658931
counter/4/0/0/0,4731:1747647653408:,1747647658931
counter/4/0/0/0,4732:1747647653408:,1747647658931
counter/4/0/0/0,4733:1747647653408:,1747647658931
counter/4/0/0/0,4734:1747647653408:,1747647658931
counter/4/0/0/0,4735:1747647653408:,1747647658931
counter/9/0/0/0,4712:1747647653270:,1747647658931
counter/4/0/0/0,4736:1747647653408:,1747647658931
counter/9/0/0/0,4713:1747647653270:,1747647658931
counter/9/0/0/0,4714:1747647653270:,1747647658931
counter/9/0/0/0,4715:1747647653270:,1747647658931
counter/9/0/0/0,4716:1747647653270:,1747647658931
counter/9/0/0/0,4717:1747647653270:,1747647658931
counter/9/0/0/0,4718:1747647653270:,1747647658931
counter/9/0/0/0,4719:1747647653274:,1747647658931
counter/9/0/0/0,4720:1747647653274:,1747647658931
counter/9/0/0/0,4721:1747647653274:,1747647658931
counter/1/0/0/0,4771:1747647653460:,1747647658932
counter/4/0/0/0,4737:1747647653408:,1747647658932
counter/4/0/0/0,4738:1747647653420:,1747647658933
counter/4/0/0/0,4739:1747647653420:,1747647658933
counter/4/0/0/0,4740:1747647653420:,1747647658933
counter/4/0/0/0,4741:1747647653420:,1747647658933
counter/4/0/0/0,4742:1747647653420:,1747647658933
counter/4/0/0/0,4743:1747647653420:,1747647658933
counter/4/0/0/0,4744:1747647653420:,1747647658933
counter/4/0/0/0,4745:1747647653420:,1747647658933
counter/5/0/0/0,4460:1747647652909:,1747647658933
counter/6/0/0/0,4070:1747647653222:,1747647658933
counter/1/0/0/0,4772:1747647653460:,1747647658933
counter/6/0/0/0,4071:1747647653222:,1747647658933
counter/8/0/0/0,4821:1747647652891:,1747647658933
counter/8/0/0/0,4822:1747647652891:,1747647658933
counter/8/0/0/0,4823:1747647652891:,1747647658933
counter/8/0/0/0,4824:1747647652892:,1747647658933
counter/8/0/0/0,4825:1747647652892:,1747647658933
counter/8/0/0/0,4826:1747647652892:,1747647658933
counter/4/0/0/0,4746:1747647653420:,1747647658933
counter/5/0/0/0,4461:1747647652909:,1747647658933
counter/5/0/0/0,4462:1747647652909:,1747647658934
counter/5/0/0/0,4463:1747647652909:,1747647658934
counter/5/0/0/0,4464:1747647652909:,1747647658934
counter/5/0/0/0,4465:1747647652909:,1747647658934
counter/1/0/0/0,4773:1747647653470:,1747647658934
counter/6/0/0/0,4072:1747647653222:,1747647658934
counter/2/0/0/0,4213:1747647652443:,1747647658935
counter/2/0/0/0,4214:1747647652443:,1747647658935
counter/8/0/0/0,4827:1747647652892:,1747647658935
counter/8/0/0/0,4828:1747647652892:,1747647658935
counter/8/0/0/0,4829:1747647652892:,1747647658935
counter/8/0/0/0,4830:1747647652892:,1747647658935
counter/8/0/0/0,4831:1747647652892:,1747647658935
counter/8/0/0/0,4832:1747647652901:,1747647658935
counter/8/0/0/0,4833:1747647652901:,1747647658935
counter/8/0/0/0,4834:1747647652901:,1747647658935
counter/8/0/0/0,4835:1747647652901:,1747647658935
counter/8/0/0/0,4836:1747647652901:,1747647658935
counter/8/0/0/0,4837:1747647652901:,1747647658935
counter/8/0/0/0,4838:1747647652901:,1747647658935
counter/8/0/0/0,4839:1747647652901:,1747647658935
counter/8/0/0/0,4840:1747647652902:,1747647658935
counter/8/0/0/0,4841:1747647652902:,1747647658935
counter/8/0/0/0,4842:1747647652902:,1747647658935
counter/8/0/0/0,4843:1747647652902:,1747647658935
counter/8/0/0/0,4844:1747647652902:,1747647658935
counter/8/0/0/0,4845:1747647652902:,1747647658935
counter/8/0/0/0,4846:1747647652902:,1747647658936
counter/8/0/0/0,4847:1747647652902:,1747647658936
counter/3/0/0/0,4606:1747647653137:,1747647658936
counter/8/0/0/0,4848:1747647652902:,1747647658936
counter/8/0/0/0,4849:1747647652902:,1747647658936
counter/3/0/0/0,4607:1747647653139:,1747647658936
counter/8/0/0/0,4850:1747647652902:,1747647658936
counter/3/0/0/0,4608:1747647653139:,1747647658936
counter/6/0/0/0,4073:1747647653223:,1747647658936
counter/8/0/0/0,4851:1747647652902:,1747647658936
counter/8/0/0/0,4852:1747647652902:,1747647658936
counter/8/0/0/0,4853:1747647652902:,1747647658936
counter/8/0/0/0,4854:1747647652903:,1747647658936
counter/8/0/0/0,4855:1747647652903:,1747647658936
counter/8/0/0/0,4856:1747647652904:,1747647658936
counter/8/0/0/0,4857:1747647652904:,1747647658936
counter/8/0/0/0,4858:1747647652909:,1747647658936
counter/8/0/0/0,4859:1747647652912:,1747647658936
counter/3/0/0/0,4609:1747647653139:,1747647658936
counter/2/0/0/0,4215:1747647652443:,1747647658937
counter/2/0/0/0,4216:1747647652443:,1747647658937
counter/4/0/0/0,4747:1747647653420:,1747647658937
counter/2/0/0/0,4217:1747647652443:,1747647658937
counter/2/0/0/0,4218:1747647652443:,1747647658937
counter/2/0/0/0,4219:1747647652443:,1747647658937
counter/2/0/0/0,4220:1747647652443:,1747647658937
counter/2/0/0/0,4221:1747647652443:,1747647658937
counter/8/0/0/0,4860:1747647652912:,1747647658937
counter/10/0/0/0,4277:1747647653012:,1747647658937
counter/10/0/0/0,4278:1747647653012:,1747647658938
counter/7/0/0/0,4368:1747647653065:,1747647658938
counter/7/0/0/0,4369:1747647653071:,1747647658938
counter/1/0/0/0,4774:1747647653470:,1747647658938
counter/7/0/0/0,4370:1747647653071:,1747647658938
counter/3/0/0/0,4610:1747647653139:,1747647658938
counter/3/0/0/0,4611:1747647653139:,1747647658938
counter/3/0/0/0,4612:1747647653139:,1747647658938
counter/3/0/0/0,4613:1747647653139:,1747647658938
counter/3/0/0/0,4614:1747647653142:,1747647658938
counter/3/0/0/0,4615:1747647653142:,1747647658938
counter/3/0/0/0,4616:1747647653142:,1747647658938
counter/3/0/0/0,4617:1747647653142:,1747647658938
counter/3/0/0/0,4618:1747647653142:,1747647658938
counter/9/0/0/0,4722:1747647653274:,1747647658938
counter/7/0/0/0,4371:1747647653071:,1747647658938
counter/9/0/0/0,4723:1747647653274:,1747647658938
counter/9/0/0/0,4724:1747647653275:,1747647658939
counter/9/0/0/0,4725:1747647653275:,1747647658939
counter/9/0/0/0,4726:1747647653275:,1747647658939
counter/9/0/0/0,4727:1747647653275:,1747647658939
counter/9/0/0/0,4728:1747647653275:,1747647658939
counter/9/0/0/0,4729:1747647653275:,1747647658939
counter/9/0/0/0,4730:1747647653275:,1747647658939
counter/8/0/0/0,4861:1747647652912:,1747647658939
counter/2/0/0/0,4222:1747647652443:,1747647658939
counter/7/0/0/0,4372:1747647653071:,1747647658939
counter/6/0/0/0,4074:1747647653223:,1747647658940
counter/7/0/0/0,4373:1747647653072:,1747647658940
counter/7/0/0/0,4374:1747647653072:,1747647658940
counter/6/0/0/0,4075:1747647653223:,1747647658941
counter/8/0/0/0,4862:1747647652912:,1747647658941
counter/6/0/0/0,4076:1747647653223:,1747647658941
counter/6/0/0/0,4077:1747647653223:,1747647658941
counter/3/0/0/0,4619:1747647653142:,1747647658941
counter/1/0/0/0,4775:1747647653470:,1747647658941
counter/1/0/0/0,4776:1747647653471:,1747647658941
counter/8/0/0/0,4863:1747647652912:,1747647658941
counter/8/0/0/0,4864:1747647652920:,1747647658941
counter/8/0/0/0,4865:1747647652920:,1747647658941
counter/8/0/0/0,4866:1747647652920:,1747647658941
counter/8/0/0/0,4867:1747647652920:,1747647658941
counter/8/0/0/0,4868:1747647652920:,1747647658941
counter/8/0/0/0,4869:1747647652920:,1747647658941
counter/10/0/0/0,4279:1747647653012:,1747647658942
counter/1/0/0/0,4777:1747647653475:,1747647658942
counter/7/0/0/0,4375:1747647653079:,1747647658942
counter/7/0/0/0,4376:1747647653079:,1747647658942
counter/9/0/0/0,4731:1747647653275:,1747647658942
counter/8/0/0/0,4870:1747647652920:,1747647658944
counter/9/0/0/0,4732:1747647653275:,1747647658944
counter/2/0/0/0,4223:1747647652443:,1747647658944
counter/10/0/0/0,4280:1747647653012:,1747647658944
counter/2/0/0/0,4224:1747647652443:,1747647658944
counter/10/0/0/0,4281:1747647653013:,1747647658944
counter/5/0/0/0,4466:1747647652909:,1747647658944
counter/7/0/0/0,4377:1747647653079:,1747647658944
counter/7/0/0/0,4378:1747647653079:,1747647658944
counter/7/0/0/0,4379:1747647653079:,1747647658944
counter/7/0/0/0,4380:1747647653079:,1747647658944
counter/1/0/0/0,4778:1747647653475:,1747647658945
counter/8/0/0/0,4871:1747647652920:,1747647658945
counter/8/0/0/0,4872:1747647652920:,1747647658945
counter/8/0/0/0,4873:1747647652920:,1747647658945
counter/8/0/0/0,4874:1747647652920:,1747647658945
counter/8/0/0/0,4875:1747647652920:,1747647658945
counter/8/0/0/0,4876:1747647652920:,1747647658945
counter/8/0/0/0,4877:1747647652921:,1747647658945
counter/8/0/0/0,4878:1747647652924:,1747647658945
counter/8/0/0/0,4879:1747647652924:,1747647658945
counter/6/0/0/0,4078:1747647653223:,1747647658945
counter/10/0/0/0,4282:1747647653013:,1747647658945
counter/6/0/0/0,4079:1747647653223:,1747647658945
counter/10/0/0/0,4283:1747647653013:,1747647658945
counter/5/0/0/0,4467:1747647652909:,1747647658945
counter/7/0/0/0,4381:1747647653080:,1747647658945
counter/7/0/0/0,4382:1747647653080:,1747647658945
counter/7/0/0/0,4383:1747647653080:,1747647658945
counter/7/0/0/0,4384:1747647653080:,1747647658946
counter/7/0/0/0,4385:1747647653080:,1747647658946
counter/1/0/0/0,4779:1747647653475:,1747647658946
counter/8/0/0/0,4880:1747647652925:,1747647658946
counter/1/0/0/0,4780:1747647653475:,1747647658946
counter/4/0/0/0,4748:1747647653420:,1747647658946
counter/4/0/0/0,4749:1747647653420:,1747647658946
counter/9/0/0/0,4733:1747647653275:,1747647658946
counter/9/0/0/0,4734:1747647653275:,1747647658946
counter/6/0/0/0,4080:1747647653223:,1747647658946
counter/2/0/0/0,4225:1747647652443:,1747647658946
counter/5/0/0/0,4468:1747647652909:,1747647658946
counter/5/0/0/0,4469:1747647652909:,1747647658946
counter/5/0/0/0,4470:1747647652909:,1747647658946
counter/5/0/0/0,4471:1747647652909:,1747647658946
counter/5/0/0/0,4472:1747647652909:,1747647658946
counter/7/0/0/0,4386:1747647653080:,1747647658947
counter/7/0/0/0,4387:1747647653080:,1747647658947
counter/1/0/0/0,4781:1747647653475:,1747647658947
counter/4/0/0/0,4750:1747647653420:,1747647658948
counter/1/0/0/0,4782:1747647653475:,1747647658948
counter/4/0/0/0,4751:1747647653420:,1747647658948
counter/4/0/0/0,4752:1747647653420:,1747647658948
counter/2/0/0/0,4226:1747647652443:,1747647658948
counter/4/0/0/0,4753:1747647653420:,1747647658948
counter/6/0/0/0,4081:1747647653223:,1747647658948
counter/4/0/0/0,4754:1747647653420:,1747647658948
counter/5/0/0/0,4473:1747647652909:,1747647658948
counter/8/0/0/0,4881:1747647652926:,1747647658949
counter/8/0/0/0,4882:1747647652926:,1747647658949
counter/8/0/0/0,4883:1747647652926:,1747647658949
counter/3/0/0/0,4620:1747647653142:,1747647658949
counter/3/0/0/0,4621:1747647653142:,1747647658949
counter/3/0/0/0,4622:1747647653142:,1747647658949
counter/2/0/0/0,4227:1747647652444:,1747647658949
counter/2/0/0/0,4228:1747647652444:,1747647658949
counter/1/0/0/0,4783:1747647653475:,1747647658950
counter/7/0/0/0,4388:1747647653080:,1747647658951
counter/8/0/0/0,4884:1747647652926:,1747647658952
counter/9/0/0/0,4735:1747647653275:,1747647658953
counter/10/0/0/0,4284:1747647653013:,1747647658953
counter/10/0/0/0,4285:1747647653013:,1747647658953
counter/10/0/0/0,4286:1747647653013:,1747647658954
counter/5/0/0/0,4474:1747647652911:,1747647658954
counter/7/0/0/0,4389:1747647653080:,1747647658954
counter/7/0/0/0,4390:1747647653082:,1747647658954
counter/7/0/0/0,4391:1747647653093:,1747647658954
counter/7/0/0/0,4392:1747647653093:,1747647658954
counter/10/0/0/0,4287:1747647653013:,1747647658954
counter/10/0/0/0,4288:1747647653013:,1747647658954
counter/6/0/0/0,4082:1747647653223:,1747647658955
counter/6/0/0/0,4083:1747647653223:,1747647658955
counter/6/0/0/0,4084:1747647653225:,1747647658955
counter/6/0/0/0,4085:1747647653226:,1747647658955
counter/6/0/0/0,4086:1747647653226:,1747647658955
counter/6/0/0/0,4087:1747647653226:,1747647658955
counter/6/0/0/0,4088:1747647653226:,1747647658955
counter/6/0/0/0,4089:1747647653226:,1747647658955
counter/6/0/0/0,4090:1747647653226:,1747647658955
counter/6/0/0/0,4091:1747647653227:,1747647658955
counter/6/0/0/0,4092:1747647653227:,1747647658955
counter/10/0/0/0,4289:1747647653013:,1747647658955
counter/10/0/0/0,4290:1747647653017:,1747647658955
counter/3/0/0/0,4623:1747647653142:,1747647658955
counter/3/0/0/0,4624:1747647653142:,1747647658955
counter/3/0/0/0,4625:1747647653142:,1747647658955
counter/7/0/0/0,4393:1747647653093:,1747647658956
counter/6/0/0/0,4093:1747647653227:,1747647658957
counter/8/0/0/0,4885:1747647652926:,1747647658958
counter/8/0/0/0,4886:1747647652926:,1747647658958
counter/8/0/0/0,4887:1747647652926:,1747647658958
counter/8/0/0/0,4888:1747647652926:,1747647658958
counter/8/0/0/0,4889:1747647652926:,1747647658958
counter/8/0/0/0,4890:1747647652926:,1747647658958
counter/6/0/0/0,4094:1747647653227:,1747647658958
counter/4/0/0/0,4755:1747647653420:,1747647658958
counter/4/0/0/0,4756:1747647653427:,1747647658958
counter/1/0/0/0,4784:1747647653475:,1747647658958
counter/10/0/0/0,4291:1747647653017:,1747647658960
counter/10/0/0/0,4292:1747647653018:,1747647658960
counter/10/0/0/0,4293:1747647653018:,1747647658960
counter/3/0/0/0,4626:1747647653142:,1747647658960
counter/3/0/0/0,4627:1747647653142:,1747647658960
counter/9/0/0/0,4736:1747647653275:,1747647658960
counter/1/0/0/0,4785:1747647653476:,1747647658961
counter/10/0/0/0,4294:1747647653018:,1747647658961
counter/10/0/0/0,4295:1747647653018:,1747647658961
counter/3/0/0/0,4628:1747647653142:,1747647658961
counter/3/0/0/0,4629:1747647653142:,1747647658961
counter/3/0/0/0,4630:1747647653144:,1747647658961
counter/3/0/0/0,4631:1747647653145:,1747647658961
counter/9/0/0/0,4737:1747647653275:,1747647658962
counter/9/0/0/0,4738:1747647653275:,1747647658962
counter/9/0/0/0,4739:1747647653276:,1747647658962
counter/6/0/0/0,4095:1747647653227:,1747647658962
counter/6/0/0/0,4096:1747647653227:,1747647658962
counter/6/0/0/0,4097:1747647653228:,1747647658962
counter/6/0/0/0,4098:1747647653228:,1747647658962
counter/7/0/0/0,4394:1747647653093:,1747647658963
counter/4/0/0/0,4757:1747647653427:,1747647658964
counter/4/0/0/0,4758:1747647653427:,1747647658964
counter/4/0/0/0,4759:1747647653427:,1747647658964
counter/4/0/0/0,4760:1747647653427:,1747647658964
counter/4/0/0/0,4761:1747647653434:,1747647658964
counter/7/0/0/0,4395:1747647653094:,1747647658964
counter/2/0/0/0,4229:1747647652444:,1747647658965
counter/2/0/0/0,4230:1747647652444:,1747647658965
counter/2/0/0/0,4231:1747647652444:,1747647658965
counter/2/0/0/0,4232:1747647652444:,1747647658965
counter/2/0/0/0,4233:1747647652444:,1747647658965
counter/2/0/0/0,4234:1747647652444:,1747647658965
counter/2/0/0/0,4235:1747647652444:,1747647658965
counter/2/0/0/0,4236:1747647652444:,1747647658965
counter/2/0/0/0,4237:1747647652444:,1747647658965
counter/2/0/0/0,4238:1747647652444:,1747647658965
counter/4/0/0/0,4762:1747647653443:,1747647658965
counter/4/0/0/0,4763:1747647653444:,1747647658965
counter/4/0/0/0,4764:1747647653444:,1747647658966
counter/4/0/0/0,4765:1747647653444:,1747647658966
counter/4/0/0/0,4766:1747647653444:,1747647658966
counter/4/0/0/0,4767:1747647653444:,1747647658966
counter/4/0/0/0,4768:1747647653444:,1747647658966
counter/7/0/0/0,4396:1747647653094:,1747647658966
counter/7/0/0/0,4397:1747647653103:,1747647658966
counter/3/0/0/0,4632:1747647653145:,1747647658967
counter/7/0/0/0,4398:1747647653103:,1747647658968
counter/7/0/0/0,4399:1747647653103:,1747647658968
counter/5/0/0/0,4475:1747647652911:,1747647658968
counter/1/0/0/0,4786:1747647653480:,1747647658968
counter/2/0/0/0,4239:1747647652444:,1747647658968
counter/10/0/0/0,4296:1747647653018:,1747647658969
counter/7/0/0/0,4400:1747647653103:,1747647658969
counter/5/0/0/0,4476:1747647652911:,1747647658969
counter/7/0/0/0,4401:1747647653103:,1747647658969
counter/4/0/0/0,4769:1747647653444:,1747647658970
counter/5/0/0/0,4477:1747647652911:,1747647658971
counter/5/0/0/0,4478:1747647652911:,1747647658971
counter/5/0/0/0,4479:1747647652911:,1747647658971
counter/5/0/0/0,4480:1747647652913:,1747647658971
counter/5/0/0/0,4481:1747647652913:,1747647658971
counter/5/0/0/0,4482:1747647652913:,1747647658971
counter/5/0/0/0,4483:1747647652913:,1747647658971
counter/5/0/0/0,4484:1747647652913:,1747647658972
counter/5/0/0/0,4485:1747647652913:,1747647658972
counter/5/0/0/0,4486:1747647652913:,1747647658972
counter/6/0/0/0,4099:1747647653228:,1747647658972
counter/4/0/0/0,4770:1747647653444:,1747647658972
counter/4/0/0/0,4771:1747647653444:,1747647658972
counter/4/0/0/0,4772:1747647653444:,1747647658972
counter/4/0/0/0,4773:1747647653444:,1747647658972
counter/4/0/0/0,4774:1747647653444:,1747647658972
counter/4/0/0/0,4775:1747647653444:,1747647658972
counter/4/0/0/0,4776:1747647653444:,1747647658972
counter/4/0/0/0,4777:1747647653444:,1747647658972
counter/4/0/0/0,4778:1747647653453:,1747647658972
counter/4/0/0/0,4779:1747647653454:,1747647658972
counter/5/0/0/0,4487:1747647652913:,1747647658972
counter/4/0/0/0,4780:1747647653454:,1747647658972
counter/4/0/0/0,4781:1747647653454:,1747647658972
counter/6/0/0/0,4100:1747647653228:,1747647658972
counter/1/0/0/0,4787:1747647653485:,1747647658972
counter/2/0/0/0,4240:1747647652444:,1747647658972
counter/1/0/0/0,4788:1747647653485:,1747647658972
counter/1/0/0/0,4789:1747647653485:,1747647658972
counter/6/0/0/0,4101:1747647653228:,1747647658973
counter/7/0/0/0,4402:1747647653103:,1747647658973
counter/7/0/0/0,4403:1747647653103:,1747647658973
counter/7/0/0/0,4404:1747647653103:,1747647658973
counter/7/0/0/0,4405:1747647653105:,1747647658974
counter/7/0/0/0,4406:1747647653131:,1747647658974
counter/7/0/0/0,4407:1747647653131:,1747647658974
counter/7/0/0/0,4408:1747647653131:,1747647658974
counter/7/0/0/0,4409:1747647653131:,1747647658974
counter/1/0/0/0,4790:1747647653485:,1747647658975
counter/9/0/0/0,4740:1747647653276:,1747647658976
counter/9/0/0/0,4741:1747647653276:,1747647658976
counter/9/0/0/0,4742:1747647653276:,1747647658976
counter/10/0/0/0,4297:1747647653018:,1747647658976
counter/10/0/0/0,4298:1747647653018:,1747647658977
counter/10/0/0/0,4299:1747647653018:,1747647658977
counter/10/0/0/0,4300:1747647653020:,1747647658977
counter/10/0/0/0,4301:1747647653020:,1747647658977
counter/10/0/0/0,4302:1747647653023:,1747647658977
counter/10/0/0/0,4303:1747647653023:,1747647658977
counter/7/0/0/0,4410:1747647653131:,1747647658977
counter/7/0/0/0,4411:1747647653131:,1747647658977
counter/5/0/0/0,4488:1747647652914:,1747647658977
counter/5/0/0/0,4489:1747647652914:,1747647658978
counter/4/0/0/0,4782:1747647653454:,1747647658980
counter/2/0/0/0,4241:1747647652444:,1747647658981
counter/10/0/0/0,4304:1747647653031:,1747647658981
counter/2/0/0/0,4242:1747647652444:,1747647658981
counter/10/0/0/0,4305:1747647653036:,1747647658981
counter/10/0/0/0,4306:1747647653036:,1747647658981
counter/10/0/0/0,4307:1747647653036:,1747647658981
counter/10/0/0/0,4308:1747647653036:,1747647658982
counter/8/0/0/0,4891:1747647652926:,1747647658982
counter/8/0/0/0,4892:1747647652926:,1747647658982
counter/8/0/0/0,4893:1747647652926:,1747647658982
counter/8/0/0/0,4894:1747647652927:,1747647658982
counter/5/0/0/0,4490:1747647652914:,1747647658982
counter/5/0/0/0,4491:1747647652914:,1747647658982
counter/2/0/0/0,4243:1747647652444:,1747647658982
counter/7/0/0/0,4412:1747647653131:,1747647658982
counter/9/0/0/0,4743:1747647653276:,1747647658983
counter/5/0/0/0,4492:1747647652914:,1747647658984
counter/5/0/0/0,4493:1747647652940:,1747647658985
counter/8/0/0/0,4895:1747647652927:,1747647658985
counter/9/0/0/0,4744:1747647653276:,1747647658985
counter/10/0/0/0,4309:1747647653036:,1747647658985
counter/10/0/0/0,4310:1747647653036:,1747647658986
counter/10/0/0/0,4311:1747647653036:,1747647658986
counter/5/0/0/0,4494:1747647652940:,1747647658986
counter/1/0/0/0,4791:1747647653485:,1747647658986
counter/4/0/0/0,4783:1747647653454:,1747647658986
counter/3/0/0/0,4633:1747647653145:,1747647658986
counter/9/0/0/0,4745:1747647653276:,1747647658986
counter/6/0/0/0,4102:1747647653228:,1747647658986
counter/2/0/0/0,4244:1747647652446:,1747647658986
counter/6/0/0/0,4103:1747647653234:,1747647658986
counter/6/0/0/0,4104:1747647653234:,1747647658987
counter/7/0/0/0,4413:1747647653132:,1747647658987
counter/4/0/0/0,4784:1747647653454:,1747647658988
counter/1/0/0/0,4792:1747647653485:,1747647658989
counter/7/0/0/0,4414:1747647653132:,1747647658994
counter/7/0/0/0,4415:1747647653132:,1747647658994
counter/7/0/0/0,4416:1747647653132:,1747647658994
counter/7/0/0/0,4417:1747647653132:,1747647658994
counter/8/0/0/0,4896:1747647652927:,1747647658994
counter/7/0/0/0,4418:1747647653132:,1747647658994
counter/7/0/0/0,4419:1747647653132:,1747647658994
counter/7/0/0/0,4420:1747647653132:,1747647658994
counter/7/0/0/0,4421:1747647653133:,1747647658994
counter/4/0/0/0,4785:1747647653473:,1747647658994
counter/9/0/0/0,4746:1747647653276:,1747647658994
counter/3/0/0/0,4634:1747647653145:,1747647658994
counter/2/0/0/0,4245:1747647652446:,1747647658995
counter/1/0/0/0,4793:1747647653485:,1747647658995
counter/5/0/0/0,4495:1747647652940:,1747647658996
counter/5/0/0/0,4496:1747647652940:,1747647658996
counter/6/0/0/0,4105:1747647653234:,1747647658996
counter/6/0/0/0,4106:1747647653234:,1747647658996
counter/4/0/0/0,4786:1747647653513:,1747647658996
counter/4/0/0/0,4787:1747647653513:,1747647658996
counter/9/0/0/0,4747:1747647653276:,1747647658996
counter/9/0/0/0,4748:1747647653276:,1747647658996
counter/8/0/0/0,4897:1747647652929:,1747647658997
counter/8/0/0/0,4898:1747647652929:,1747647658997
counter/8/0/0/0,4899:1747647652929:,1747647658997
counter/8/0/0/0,4900:1747647652930:,1747647658997
counter/1/0/0/0,4794:1747647653486:,1747647658997
counter/8/0/0/0,4901:1747647652930:,1747647658997
counter/8/0/0/0,4902:1747647652930:,1747647658997
counter/10/0/0/0,4312:1747647653036:,1747647658997
counter/8/0/0/0,4903:1747647652930:,1747647658997
counter/3/0/0/0,4635:1747647653145:,1747647658998
counter/3/0/0/0,4636:1747647653145:,1747647658998
counter/3/0/0/0,4637:1747647653145:,1747647658998
counter/3/0/0/0,4638:1747647653145:,1747647658998
counter/3/0/0/0,4639:1747647653145:,1747647658998
counter/3/0/0/0,4640:1747647653145:,1747647658998
counter/3/0/0/0,4641:1747647653146:,1747647658999
counter/3/0/0/0,4642:1747647653146:,1747647658999
counter/3/0/0/0,4643:1747647653146:,1747647658999
counter/3/0/0/0,4644:1747647653146:,1747647658999
counter/3/0/0/0,4645:1747647653146:,1747647658999
counter/3/0/0/0,4646:1747647653146:,1747647658999
counter/3/0/0/0,4647:1747647653146:,1747647658999
counter/8/0/0/0,4904:1747647652930:,1747647659000
counter/7/0/0/0,4422:1747647653133:,1747647659000
counter/7/0/0/0,4423:1747647653133:,1747647659000
counter/10/0/0/0,4313:1747647653036:,1747647659000
counter/10/0/0/0,4314:1747647653036:,1747647659000
counter/7/0/0/0,4424:1747647653133:,1747647659001
counter/9/0/0/0,4749:1747647653283:,1747647659001
counter/9/0/0/0,4750:1747647653297:,1747647659001
counter/9/0/0/0,4751:1747647653297:,1747647659001
counter/9/0/0/0,4752:1747647653297:,1747647659001
counter/9/0/0/0,4753:1747647653297:,1747647659001
counter/9/0/0/0,4754:1747647653297:,1747647659001
counter/9/0/0/0,4755:1747647653297:,1747647659001
counter/8/0/0/0,4905:1747647652930:,1747647659001
counter/8/0/0/0,4906:1747647652930:,1747647659001
counter/3/0/0/0,4648:1747647653146:,1747647659001
counter/8/0/0/0,4907:1747647652930:,1747647659001
counter/8/0/0/0,4908:1747647652930:,1747647659001
counter/8/0/0/0,4909:1747647652930:,1747647659002
counter/8/0/0/0,4910:1747647652930:,1747647659002
counter/8/0/0/0,4911:1747647652930:,1747647659002
counter/8/0/0/0,4912:1747647652930:,1747647659002
counter/8/0/0/0,4913:1747647652930:,1747647659002
counter/8/0/0/0,4914:1747647652930:,1747647659002
counter/10/0/0/0,4315:1747647653036:,1747647659002
counter/10/0/0/0,4316:1747647653036:,1747647659002
counter/5/0/0/0,4497:1747647652940:,1747647659002
counter/5/0/0/0,4498:1747647652940:,1747647659002
counter/5/0/0/0,4499:1747647652940:,1747647659002
counter/5/0/0/0,4500:1747647652940:,1747647659002
counter/5/0/0/0,4501:1747647652940:,1747647659002
counter/5/0/0/0,4502:1747647652940:,1747647659002
counter/5/0/0/0,4503:1747647652940:,1747647659002
counter/5/0/0/0,4504:1747647652940:,1747647659002
counter/2/0/0/0,4246:1747647652446:,1747647659002
counter/5/0/0/0,4505:1747647652940:,1747647659002
counter/8/0/0/0,4915:1747647652930:,1747647659002
counter/4/0/0/0,4788:1747647653513:,1747647659002
counter/7/0/0/0,4425:1747647653152:,1747647659003
counter/6/0/0/0,4107:1747647653235:,1747647659003
counter/6/0/0/0,4108:1747647653235:,1747647659003
counter/8/0/0/0,4916:1747647652930:,1747647659003
counter/10/0/0/0,4317:1747647653036:,1747647659003
counter/8/0/0/0,4917:1747647652930:,1747647659003
counter/8/0/0/0,4918:1747647652930:,1747647659003
counter/8/0/0/0,4919:1747647652930:,1747647659003
counter/8/0/0/0,4920:1747647652930:,1747647659003
counter/7/0/0/0,4426:1747647653152:,1747647659004
counter/7/0/0/0,4427:1747647653152:,1747647659004
counter/7/0/0/0,4428:1747647653152:,1747647659004
counter/7/0/0/0,4429:1747647653152:,1747647659004
counter/7/0/0/0,4430:1747647653178:,1747647659004
counter/6/0/0/0,4109:1747647653235:,1747647659004
counter/2/0/0/0,4247:1747647652446:,1747647659006
counter/2/0/0/0,4248:1747647652446:,1747647659006
counter/2/0/0/0,4249:1747647652446:,1747647659006
counter/1/0/0/0,4795:1747647653486:,1747647659006
counter/2/0/0/0,4250:1747647652446:,1747647659007
counter/2/0/0/0,4251:1747647652446:,1747647659007
counter/4/0/0/0,4789:1747647653514:,1747647659007
counter/2/0/0/0,4252:1747647652449:,1747647659007
counter/2/0/0/0,4253:1747647652449:,1747647659007
counter/2/0/0/0,4254:1747647652449:,1747647659007
counter/5/0/0/0,4506:1747647652940:,1747647659007
counter/3/0/0/0,4649:1747647653148:,1747647659008
counter/4/0/0/0,4790:1747647653514:,1747647659008
counter/7/0/0/0,4431:1747647653178:,1747647659008
counter/7/0/0/0,4432:1747647653178:,1747647659008
counter/7/0/0/0,4433:1747647653178:,1747647659009
counter/7/0/0/0,4434:1747647653178:,1747647659009
counter/7/0/0/0,4435:1747647653178:,1747647659009
counter/7/0/0/0,4436:1747647653178:,1747647659009
counter/7/0/0/0,4437:1747647653178:,1747647659009
counter/7/0/0/0,4438:1747647653179:,1747647659009
counter/7/0/0/0,4439:1747647653179:,1747647659009
counter/7/0/0/0,4440:1747647653179:,1747647659009
counter/7/0/0/0,4441:1747647653179:,1747647659009
counter/7/0/0/0,4442:1747647653179:,1747647659009
counter/7/0/0/0,4443:1747647653179:,1747647659009
counter/1/0/0/0,4796:1747647653486:,1747647659009
counter/1/0/0/0,4797:1747647653486:,1747647659009
counter/1/0/0/0,4798:1747647653486:,1747647659009
counter/1/0/0/0,4799:1747647653486:,1747647659009
counter/1/0/0/0,4800:1747647653486:,1747647659009
counter/2/0/0/0,4255:1747647652449:,1747647659009
counter/2/0/0/0,4256:1747647652449:,1747647659009
counter/2/0/0/0,4257:1747647652449:,1747647659009
counter/2/0/0/0,4258:1747647652452:,1747647659009
counter/2/0/0/0,4259:1747647652453:,1747647659010
counter/2/0/0/0,4260:1747647652453:,1747647659010
counter/2/0/0/0,4261:1747647652453:,1747647659010
counter/2/0/0/0,4262:1747647652453:,1747647659010
counter/2/0/0/0,4263:1747647652453:,1747647659010
counter/2/0/0/0,4264:1747647652453:,1747647659010
counter/2/0/0/0,4265:1747647652453:,1747647659010
counter/2/0/0/0,4266:1747647652453:,1747647659010
counter/2/0/0/0,4267:1747647652453:,1747647659010
counter/2/0/0/0,4268:1747647652453:,1747647659010
counter/2/0/0/0,4269:1747647652453:,1747647659010
counter/5/0/0/0,4507:1747647652941:,1747647659010
counter/7/0/0/0,4444:1747647653179:,1747647659010
counter/4/0/0/0,4791:1747647653517:,1747647659011
counter/7/0/0/0,4445:1747647653179:,1747647659011
counter/7/0/0/0,4446:1747647653179:,1747647659011
counter/7/0/0/0,4447:1747647653179:,1747647659011
counter/7/0/0/0,4448:1747647653179:,1747647659011
counter/7/0/0/0,4449:1747647653179:,1747647659011
counter/7/0/0/0,4450:1747647653202:,1747647659011
counter/7/0/0/0,4451:1747647653203:,1747647659011
counter/7/0/0/0,4452:1747647653203:,1747647659011
counter/7/0/0/0,4453:1747647653203:,1747647659011
counter/7/0/0/0,4454:1747647653203:,1747647659012
counter/7/0/0/0,4455:1747647653205:,1747647659012
counter/7/0/0/0,4456:1747647653205:,1747647659012
counter/7/0/0/0,4457:1747647653205:,1747647659012
counter/7/0/0/0,4458:1747647653205:,1747647659012
counter/10/0/0/0,4318:1747647653036:,1747647659012
counter/3/0/0/0,4650:1747647653148:,1747647659012
counter/6/0/0/0,4110:1747647653235:,1747647659012
counter/6/0/0/0,4111:1747647653235:,1747647659012
counter/4/0/0/0,4792:1747647653517:,1747647659012
counter/5/0/0/0,4508:1747647652941:,1747647659012
counter/5/0/0/0,4509:1747647652941:,1747647659012
counter/5/0/0/0,4510:1747647652941:,1747647659012
counter/5/0/0/0,4511:1747647652941:,1747647659012
counter/5/0/0/0,4512:1747647652941:,1747647659012
counter/5/0/0/0,4513:1747647652941:,1747647659012
counter/5/0/0/0,4514:1747647652941:,1747647659012
counter/8/0/0/0,4921:1747647652930:,1747647659012
counter/10/0/0/0,4319:1747647653036:,1747647659013
counter/8/0/0/0,4922:1747647652930:,1747647659013
counter/3/0/0/0,4651:1747647653148:,1747647659013
counter/7/0/0/0,4459:1747647653205:,1747647659013
counter/6/0/0/0,4112:1747647653235:,1747647659013
counter/3/0/0/0,4652:1747647653148:,1747647659014
counter/1/0/0/0,4801:1747647653486:,1747647659014
counter/10/0/0/0,4320:1747647653036:,1747647659014
counter/8/0/0/0,4923:1747647652931:,1747647659014
counter/6/0/0/0,4113:1747647653235:,1747647659014
counter/6/0/0/0,4114:1747647653235:,1747647659014
counter/6/0/0/0,4115:1747647653235:,1747647659014
counter/3/0/0/0,4653:1747647653148:,1747647659015
counter/5/0/0/0,4515:1747647652941:,1747647659016
counter/1/0/0/0,4802:1747647653488:,1747647659016
counter/1/0/0/0,4803:1747647653488:,1747647659016
counter/1/0/0/0,4804:1747647653488:,1747647659016
counter/1/0/0/0,4805:1747647653488:,1747647659016
counter/1/0/0/0,4806:1747647653502:,1747647659016
counter/1/0/0/0,4807:1747647653502:,1747647659016
counter/1/0/0/0,4808:1747647653502:,1747647659016
counter/1/0/0/0,4809:1747647653502:,1747647659016
counter/1/0/0/0,4810:1747647653502:,1747647659016
counter/4/0/0/0,4793:1747647653517:,1747647659017
counter/4/0/0/0,4794:1747647653517:,1747647659017
counter/10/0/0/0,4321:1747647653036:,1747647659018
counter/8/0/0/0,4924:1747647652931:,1747647659018
counter/8/0/0/0,4925:1747647652935:,1747647659018
counter/8/0/0/0,4926:1747647652935:,1747647659018
counter/8/0/0/0,4927:1747647652935:,1747647659019
counter/8/0/0/0,4928:1747647652935:,1747647659019
counter/8/0/0/0,4929:1747647652935:,1747647659019
counter/8/0/0/0,4930:1747647652935:,1747647659019
counter/8/0/0/0,4931:1747647652935:,1747647659019
counter/8/0/0/0,4932:1747647652935:,1747647659019
counter/8/0/0/0,4933:1747647652935:,1747647659019
counter/8/0/0/0,4934:1747647652935:,1747647659019
counter/8/0/0/0,4935:1747647652935:,1747647659019
counter/8/0/0/0,4936:1747647652935:,1747647659019
counter/7/0/0/0,4460:1747647653205:,1747647659019
counter/4/0/0/0,4795:1747647653517:,1747647659019
counter/5/0/0/0,4516:1747647652941:,1747647659019
counter/4/0/0/0,4796:1747647653517:,1747647659020
counter/5/0/0/0,4517:1747647652941:,1747647659020
counter/9/0/0/0,4756:1747647653297:,1747647659021
counter/4/0/0/0,4797:1747647653517:,1747647659021
counter/4/0/0/0,4798:1747647653517:,1747647659021
counter/4/0/0/0,4799:1747647653517:,1747647659021
counter/4/0/0/0,4800:1747647653517:,1747647659021
counter/4/0/0/0,4801:1747647653517:,1747647659022
counter/10/0/0/0,4322:1747647653036:,1747647659022
counter/2/0/0/0,4270:1747647652453:,1747647659022
counter/1/0/0/0,4811:1747647653502:,1747647659022
counter/7/0/0/0,4461:1747647653205:,1747647659022
counter/5/0/0/0,4518:1747647652941:,1747647659022
counter/7/0/0/0,4462:1747647653205:,1747647659023
counter/7/0/0/0,4463:1747647653205:,1747647659023
counter/7/0/0/0,4464:1747647653206:,1747647659023
counter/5/0/0/0,4519:1747647652941:,1747647659023
counter/5/0/0/0,4520:1747647652941:,1747647659023
counter/10/0/0/0,4323:1747647653036:,1747647659023
counter/10/0/0/0,4324:1747647653036:,1747647659024
counter/10/0/0/0,4325:1747647653036:,1747647659024
counter/10/0/0/0,4326:1747647653036:,1747647659024
counter/10/0/0/0,4327:1747647653037:,1747647659024
counter/10/0/0/0,4328:1747647653038:,1747647659024
counter/10/0/0/0,4329:1747647653038:,1747647659024
counter/10/0/0/0,4330:1747647653038:,1747647659024
counter/10/0/0/0,4331:1747647653046:,1747647659024
counter/10/0/0/0,4332:1747647653046:,1747647659024
counter/10/0/0/0,4333:1747647653046:,1747647659024
counter/10/0/0/0,4334:1747647653046:,1747647659024
counter/10/0/0/0,4335:1747647653046:,1747647659024
counter/10/0/0/0,4336:1747647653046:,1747647659024
counter/10/0/0/0,4337:1747647653046:,1747647659024
counter/4/0/0/0,4802:1747647653534:,1747647659024
counter/3/0/0/0,4654:1747647653148:,1747647659024
counter/8/0/0/0,4937:1747647652935:,1747647659024
counter/2/0/0/0,4271:1747647652454:,1747647659025
counter/8/0/0/0,4938:1747647652935:,1747647659025
counter/1/0/0/0,4812:1747647653502:,1747647659026
counter/7/0/0/0,4465:1747647653206:,1747647659026
counter/9/0/0/0,4757:1747647653297:,1747647659026
counter/2/0/0/0,4272:1747647652454:,1747647659027
counter/5/0/0/0,4521:1747647652941:,1747647659027
counter/2/0/0/0,4273:1747647652454:,1747647659027
counter/1/0/0/0,4813:1747647653502:,1747647659027
counter/1/0/0/0,4814:1747647653502:,1747647659027
counter/1/0/0/0,4815:1747647653502:,1747647659027
counter/1/0/0/0,4816:1747647653502:,1747647659028
counter/1/0/0/0,4817:1747647653502:,1747647659028
counter/1/0/0/0,4818:1747647653502:,1747647659028
counter/1/0/0/0,4819:1747647653502:,1747647659028
counter/8/0/0/0,4939:1747647652935:,1747647659028
counter/8/0/0/0,4940:1747647652935:,1747647659028
counter/8/0/0/0,4941:1747647652936:,1747647659028
counter/8/0/0/0,4942:1747647652936:,1747647659028
counter/2/0/0/0,4274:1747647652454:,1747647659028
counter/4/0/0/0,4803:1747647653543:,1747647659028
counter/3/0/0/0,4655:1747647653157:,1747647659029
counter/5/0/0/0,4522:1747647652941:,1747647659029
counter/3/0/0/0,4656:1747647653157:,1747647659029
counter/3/0/0/0,4657:1747647653157:,1747647659029
counter/4/0/0/0,4804:1747647653545:,1747647659029
counter/4/0/0/0,4805:1747647653562:,1747647659029
counter/4/0/0/0,4806:1747647653562:,1747647659029
counter/4/0/0/0,4807:1747647653562:,1747647659029
counter/8/0/0/0,4943:1747647652936:,1747647659030
counter/2/0/0/0,4275:1747647652454:,1747647659030
counter/2/0/0/0,4276:1747647652454:,1747647659030
counter/2/0/0/0,4277:1747647652454:,1747647659030
counter/2/0/0/0,4278:1747647652456:,1747647659030
counter/2/0/0/0,4279:1747647652456:,1747647659030
counter/2/0/0/0,4280:1747647652456:,1747647659030
counter/2/0/0/0,4281:1747647652456:,1747647659030
counter/2/0/0/0,4282:1747647652456:,1747647659030
counter/4/0/0/0,4808:1747647653562:,1747647659031
counter/2/0/0/0,4283:1747647652461:,1747647659031
counter/9/0/0/0,4758:1747647653309:,1747647659031
counter/9/0/0/0,4759:1747647653309:,1747647659031
counter/9/0/0/0,4760:1747647653309:,1747647659031
counter/9/0/0/0,4761:1747647653309:,1747647659031
counter/9/0/0/0,4762:1747647653309:,1747647659032
counter/8/0/0/0,4944:1747647652936:,1747647659032
counter/3/0/0/0,4658:1747647653157:,1747647659033
counter/8/0/0/0,4945:1747647652936:,1747647659033
counter/3/0/0/0,4659:1747647653161:,1747647659034
counter/3/0/0/0,4660:1747647653161:,1747647659034
counter/2/0/0/0,4284:1747647652461:,1747647659035
counter/3/0/0/0,4661:1747647653161:,1747647659035
counter/3/0/0/0,4662:1747647653161:,1747647659035
counter/3/0/0/0,4663:1747647653161:,1747647659035
counter/10/0/0/0,4338:1747647653046:,1747647659035
counter/10/0/0/0,4339:1747647653046:,1747647659035
counter/10/0/0/0,4340:1747647653047:,1747647659035
counter/10/0/0/0,4341:1747647653047:,1747647659035
counter/10/0/0/0,4342:1747647653048:,1747647659035
counter/10/0/0/0,4343:1747647653049:,1747647659035
counter/6/0/0/0,4116:1747647653235:,1747647659037
counter/5/0/0/0,4523:1747647652941:,1747647659037
counter/10/0/0/0,4344:1747647653049:,1747647659037
counter/1/0/0/0,4820:1747647653502:,1747647659037
counter/10/0/0/0,4345:1747647653049:,1747647659037
counter/8/0/0/0,4946:1747647652946:,1747647659038
counter/8/0/0/0,4947:1747647652952:,1747647659038
counter/8/0/0/0,4948:1747647652952:,1747647659038
counter/2/0/0/0,4285:1747647652461:,1747647659039
counter/2/0/0/0,4286:1747647652461:,1747647659040
counter/2/0/0/0,4287:1747647652461:,1747647659040
counter/1/0/0/0,4821:1747647653502:,1747647659041
counter/1/0/0/0,4822:1747647653502:,1747647659041
counter/1/0/0/0,4823:1747647653502:,1747647659041
counter/8/0/0/0,4949:1747647652952:,1747647659042
counter/7/0/0/0,4466:1747647653206:,1747647659042
counter/3/0/0/0,4664:1747647653161:,1747647659042
counter/8/0/0/0,4950:1747647652952:,1747647659043
counter/8/0/0/0,4951:1747647652952:,1747647659043
counter/8/0/0/0,4952:1747647652952:,1747647659043
counter/8/0/0/0,4953:1747647652952:,1747647659043
counter/8/0/0/0,4954:1747647652952:,1747647659043
counter/5/0/0/0,4524:1747647652946:,1747647659043
counter/8/0/0/0,4955:1747647652952:,1747647659043
counter/10/0/0/0,4346:1747647653049:,1747647659044
counter/10/0/0/0,4347:1747647653049:,1747647659045
counter/4/0/0/0,4809:1747647653563:,1747647659045
counter/10/0/0/0,4348:1747647653049:,1747647659045
counter/5/0/0/0,4525:1747647652946:,1747647659045
counter/5/0/0/0,4526:1747647652946:,1747647659045
counter/5/0/0/0,4527:1747647652946:,1747647659045
counter/4/0/0/0,4810:1747647653568:,1747647659046
counter/4/0/0/0,4811:1747647653568:,1747647659046
counter/4/0/0/0,4812:1747647653568:,1747647659047
counter/4/0/0/0,4813:1747647653568:,1747647659047
counter/4/0/0/0,4814:1747647653568:,1747647659047
counter/4/0/0/0,4815:1747647653568:,1747647659047
counter/4/0/0/0,4816:1747647653568:,1747647659047
counter/9/0/0/0,4763:1747647653309:,1747647659047
counter/7/0/0/0,4467:1747647653206:,1747647659047
counter/1/0/0/0,4824:1747647653502:,1747647659047
counter/1/0/0/0,4825:1747647653503:,1747647659047
counter/1/0/0/0,4826:1747647653503:,1747647659047
counter/5/0/0/0,4528:1747647652946:,1747647659048
counter/4/0/0/0,4817:1747647653568:,1747647659048
counter/10/0/0/0,4349:1747647653049:,1747647659048
counter/2/0/0/0,4288:1747647652461:,1747647659048
counter/9/0/0/0,4764:1747647653309:,1747647659048
counter/10/0/0/0,4350:1747647653049:,1747647659048
counter/5/0/0/0,4529:1747647652946:,1747647659049
counter/6/0/0/0,4117:1747647653236:,1747647659050
counter/6/0/0/0,4118:1747647653236:,1747647659050
counter/2/0/0/0,4289:1747647652461:,1747647659050
counter/3/0/0/0,4665:1747647653161:,1747647659050
counter/5/0/0/0,4530:1747647652946:,1747647659052
counter/5/0/0/0,4531:1747647652946:,1747647659052
counter/5/0/0/0,4532:1747647652963:,1747647659052
counter/5/0/0/0,4533:1747647652977:,1747647659053
counter/6/0/0/0,4119:1747647653236:,1747647659053
counter/3/0/0/0,4666:1747647653161:,1747647659055
counter/10/0/0/0,4351:1747647653049:,1747647659055
counter/5/0/0/0,4534:1747647652979:,1747647659055
counter/5/0/0/0,4535:1747647652979:,1747647659055
counter/5/0/0/0,4536:1747647652979:,1747647659055
counter/5/0/0/0,4537:1747647652979:,1747647659055
counter/5/0/0/0,4538:1747647652979:,1747647659055
counter/5/0/0/0,4539:1747647652979:,1747647659055
counter/5/0/0/0,4540:1747647652980:,1747647659055
counter/5/0/0/0,4541:1747647652980:,1747647659055
counter/5/0/0/0,4542:1747647652980:,1747647659055
counter/5/0/0/0,4543:1747647652980:,1747647659055
counter/5/0/0/0,4544:1747647652980:,1747647659055
counter/5/0/0/0,4545:1747647652980:,1747647659055
counter/5/0/0/0,4546:1747647652980:,1747647659055
counter/10/0/0/0,4352:1747647653049:,1747647659056
counter/6/0/0/0,4120:1747647653236:,1747647659056
counter/6/0/0/0,4121:1747647653236:,1747647659056
counter/7/0/0/0,4468:1747647653209:,1747647659056
counter/9/0/0/0,4765:1747647653309:,1747647659056
counter/6/0/0/0,4122:1747647653236:,1747647659057
counter/4/0/0/0,4818:1747647653568:,1747647659060
counter/8/0/0/0,4956:1747647652952:,1747647659061
counter/8/0/0/0,4957:1747647652953:,1747647659061
counter/8/0/0/0,4958:1747647652953:,1747647659061
counter/7/0/0/0,4469:1747647653209:,1747647659061
counter/7/0/0/0,4470:1747647653215:,1747647659061
counter/7/0/0/0,4471:1747647653215:,1747647659061
counter/7/0/0/0,4472:1747647653224:,1747647659062
counter/7/0/0/0,4473:1747647653224:,1747647659062
counter/7/0/0/0,4474:1747647653224:,1747647659062
counter/7/0/0/0,4475:1747647653224:,1747647659062
counter/7/0/0/0,4476:1747647653224:,1747647659062
counter/7/0/0/0,4477:1747647653225:,1747647659062
counter/7/0/0/0,4478:1747647653225:,1747647659062
counter/7/0/0/0,4479:1747647653225:,1747647659062
counter/7/0/0/0,4480:1747647653225:,1747647659062
counter/7/0/0/0,4481:1747647653225:,1747647659062
counter/7/0/0/0,4482:1747647653225:,1747647659062
counter/7/0/0/0,4483:1747647653225:,1747647659062
counter/7/0/0/0,4484:1747647653225:,1747647659062
counter/7/0/0/0,4485:1747647653225:,1747647659062
counter/7/0/0/0,4486:1747647653225:,1747647659062
counter/7/0/0/0,4487:1747647653225:,1747647659062
counter/8/0/0/0,4959:1747647652953:,1747647659062
counter/9/0/0/0,4766:1747647653309:,1747647659062
counter/5/0/0/0,4547:1747647652980:,1747647659063
counter/4/0/0/0,4819:1747647653568:,1747647659063
counter/4/0/0/0,4820:1747647653568:,1747647659063
counter/4/0/0/0,4821:1747647653568:,1747647659063
counter/4/0/0/0,4822:1747647653568:,1747647659063
counter/4/0/0/0,4823:1747647653568:,1747647659063
counter/4/0/0/0,4824:1747647653568:,1747647659063
counter/4/0/0/0,4825:1747647653568:,1747647659063
counter/6/0/0/0,4123:1747647653236:,1747647659063
counter/2/0/0/0,4290:1747647652461:,1747647659064
counter/6/0/0/0,4124:1747647653236:,1747647659064
counter/5/0/0/0,4548:1747647652988:,1747647659065
counter/5/0/0/0,4549:1747647652989:,1747647659065
counter/5/0/0/0,4550:1747647652989:,1747647659066
counter/5/0/0/0,4551:1747647652989:,1747647659066
counter/5/0/0/0,4552:1747647652989:,1747647659066
counter/5/0/0/0,4553:1747647652989:,1747647659066
counter/5/0/0/0,4554:1747647652989:,1747647659066
counter/5/0/0/0,4555:1747647652989:,1747647659066
counter/5/0/0/0,4556:1747647652989:,1747647659066
counter/2/0/0/0,4291:1747647652461:,1747647659066
counter/5/0/0/0,4557:1747647652989:,1747647659066
counter/9/0/0/0,4767:1747647653309:,1747647659066
counter/3/0/0/0,4667:1747647653161:,1747647659066
counter/10/0/0/0,4353:1747647653049:,1747647659066
counter/10/0/0/0,4354:1747647653049:,1747647659066
counter/4/0/0/0,4826:1747647653568:,1747647659067
counter/1/0/0/0,4827:1747647653505:,1747647659067
counter/1/0/0/0,4828:1747647653505:,1747647659067
counter/1/0/0/0,4829:1747647653505:,1747647659067
counter/1/0/0/0,4830:1747647653505:,1747647659067
counter/1/0/0/0,4831:1747647653505:,1747647659067
counter/1/0/0/0,4832:1747647653505:,1747647659067
counter/1/0/0/0,4833:1747647653505:,1747647659068
counter/1/0/0/0,4834:1747647653505:,1747647659068
counter/1/0/0/0,4835:1747647653505:,1747647659068
counter/1/0/0/0,4836:1747647653505:,1747647659068
counter/1/0/0/0,4837:1747647653505:,1747647659068
counter/1/0/0/0,4838:1747647653505:,1747647659068
counter/9/0/0/0,4768:1747647653310:,1747647659069
counter/9/0/0/0,4769:1747647653310:,1747647659070
counter/9/0/0/0,4770:1747647653310:,1747647659070
counter/9/0/0/0,4771:1747647653310:,1747647659070
counter/9/0/0/0,4772:1747647653310:,1747647659070
counter/1/0/0/0,4839:1747647653505:,1747647659072
counter/5/0/0/0,4558:1747647652989:,1747647659072
counter/7/0/0/0,4488:1747647653225:,1747647659072
counter/1/0/0/0,4840:1747647653505:,1747647659072
counter/10/0/0/0,4355:1747647653050:,1747647659073
counter/6/0/0/0,4125:1747647653237:,1747647659073
counter/6/0/0/0,4126:1747647653237:,1747647659073
counter/6/0/0/0,4127:1747647653237:,1747647659073
counter/7/0/0/0,4489:1747647653225:,1747647659073
counter/6/0/0/0,4128:1747647653237:,1747647659073
counter/7/0/0/0,4490:1747647653225:,1747647659073
counter/6/0/0/0,4129:1747647653237:,1747647659073
counter/7/0/0/0,4491:1747647653225:,1747647659073
counter/7/0/0/0,4492:1747647653225:,1747647659073
counter/7/0/0/0,4493:1747647653228:,1747647659073
counter/3/0/0/0,4668:1747647653161:,1747647659074
counter/2/0/0/0,4292:1747647652461:,1747647659074
counter/2/0/0/0,4293:1747647652461:,1747647659074
counter/2/0/0/0,4294:1747647652461:,1747647659074
counter/2/0/0/0,4295:1747647652461:,1747647659074
counter/2/0/0/0,4296:1747647652461:,1747647659074
counter/3/0/0/0,4669:1747647653161:,1747647659074
counter/9/0/0/0,4773:1747647653310:,1747647659075
counter/5/0/0/0,4559:1747647652989:,1747647659076
counter/4/0/0/0,4827:1747647653568:,1747647659078
counter/8/0/0/0,4960:1747647652953:,1747647659078
counter/4/0/0/0,4828:1747647653568:,1747647659078
counter/4/0/0/0,4829:1747647653568:,1747647659078
counter/4/0/0/0,4830:1747647653569:,1747647659078
counter/4/0/0/0,4831:1747647653569:,1747647659078
counter/4/0/0/0,4832:1747647653569:,1747647659078
counter/4/0/0/0,4833:1747647653569:,1747647659078
counter/4/0/0/0,4834:1747647653569:,1747647659078
counter/7/0/0/0,4494:1747647653228:,1747647659078
counter/7/0/0/0,4495:1747647653228:,1747647659078
counter/7/0/0/0,4496:1747647653228:,1747647659078
counter/7/0/0/0,4497:1747647653228:,1747647659078
counter/2/0/0/0,4297:1747647652461:,1747647659078
counter/7/0/0/0,4498:1747647653228:,1747647659078
counter/2/0/0/0,4298:1747647652462:,1747647659079
counter/2/0/0/0,4299:1747647652462:,1747647659079
counter/8/0/0/0,4961:1747647652953:,1747647659079
counter/3/0/0/0,4670:1747647653161:,1747647659079
counter/3/0/0/0,4671:1747647653163:,1747647659079
counter/3/0/0/0,4672:1747647653163:,1747647659079
counter/3/0/0/0,4673:1747647653163:,1747647659079
counter/3/0/0/0,4674:1747647653163:,1747647659079
counter/3/0/0/0,4675:1747647653164:,1747647659079
counter/3/0/0/0,4676:1747647653166:,1747647659079
counter/3/0/0/0,4677:1747647653167:,1747647659079
counter/3/0/0/0,4678:1747647653167:,1747647659079
counter/9/0/0/0,4774:1747647653314:,1747647659079
counter/3/0/0/0,4679:1747647653167:,1747647659079
counter/1/0/0/0,4841:1747647653505:,1747647659079
counter/3/0/0/0,4680:1747647653167:,1747647659080
counter/9/0/0/0,4775:1747647653314:,1747647659080
counter/10/0/0/0,4356:1747647653050:,1747647659080
counter/4/0/0/0,4835:1747647653571:,1747647659080
counter/6/0/0/0,4130:1747647653237:,1747647659080
counter/6/0/0/0,4131:1747647653237:,1747647659080
counter/6/0/0/0,4132:1747647653237:,1747647659080
counter/6/0/0/0,4133:1747647653237:,1747647659080
counter/6/0/0/0,4134:1747647653237:,1747647659080
counter/6/0/0/0,4135:1747647653237:,1747647659080
counter/6/0/0/0,4136:1747647653237:,1747647659080
counter/6/0/0/0,4137:1747647653245:,1747647659080
counter/6/0/0/0,4138:1747647653245:,1747647659080
counter/6/0/0/0,4139:1747647653248:,1747647659080
counter/6/0/0/0,4140:1747647653248:,1747647659080
counter/4/0/0/0,4836:1747647653576:,1747647659080
counter/9/0/0/0,4776:1747647653314:,1747647659082
counter/8/0/0/0,4962:1747647652953:,1747647659082
counter/8/0/0/0,4963:1747647652953:,1747647659082
counter/8/0/0/0,4964:1747647652953:,1747647659082
counter/8/0/0/0,4965:1747647652953:,1747647659082
counter/8/0/0/0,4966:1747647652953:,1747647659082
counter/8/0/0/0,4967:1747647652953:,1747647659082
counter/8/0/0/0,4968:1747647652953:,1747647659082
counter/8/0/0/0,4969:1747647652953:,1747647659082
counter/8/0/0/0,4970:1747647652953:,1747647659082
counter/8/0/0/0,4971:1747647652953:,1747647659082
counter/10/0/0/0,4357:1747647653050:,1747647659082
counter/3/0/0/0,4681:1747647653167:,1747647659083
counter/3/0/0/0,4682:1747647653171:,1747647659083
counter/3/0/0/0,4683:1747647653176:,1747647659083
counter/4/0/0/0,4837:1747647653576:,1747647659083
counter/7/0/0/0,4499:1747647653230:,1747647659083
counter/4/0/0/0,4838:1747647653576:,1747647659083
counter/4/0/0/0,4839:1747647653576:,1747647659083
counter/4/0/0/0,4840:1747647653576:,1747647659083
counter/4/0/0/0,4841:1747647653576:,1747647659083
counter/4/0/0/0,4842:1747647653576:,1747647659083
counter/4/0/0/0,4843:1747647653576:,1747647659083
counter/4/0/0/0,4844:1747647653576:,1747647659083
counter/4/0/0/0,4845:1747647653576:,1747647659083
counter/6/0/0/0,4141:1747647653248:,1747647659083
counter/3/0/0/0,4684:1747647653194:,1747647659083
counter/7/0/0/0,4500:1747647653230:,1747647659083
counter/10/0/0/0,4358:1747647653050:,1747647659084
counter/7/0/0/0,4501:1747647653230:,1747647659084
counter/9/0/0/0,4777:1747647653314:,1747647659085
counter/10/0/0/0,4359:1747647653055:,1747647659085
counter/2/0/0/0,4300:1747647652464:,1747647659085
counter/2/0/0/0,4301:1747647652464:,1747647659085
counter/2/0/0/0,4302:1747647652464:,1747647659085
counter/2/0/0/0,4303:1747647652464:,1747647659085
counter/2/0/0/0,4304:1747647652464:,1747647659085
counter/2/0/0/0,4305:1747647652464:,1747647659085
counter/8/0/0/0,4972:1747647652953:,1747647659085
counter/8/0/0/0,4973:1747647652953:,1747647659086
counter/4/0/0/0,4846:1747647653576:,1747647659086
counter/6/0/0/0,4142:1747647653248:,1747647659087
counter/3/0/0/0,4685:1747647653194:,1747647659087
counter/3/0/0/0,4686:1747647653194:,1747647659087
counter/2/0/0/0,4306:1747647652464:,1747647659087
counter/7/0/0/0,4502:1747647653230:,1747647659091
counter/5/0/0/0,4560:1747647652989:,1747647659091
counter/5/0/0/0,4561:1747647652989:,1747647659091
counter/5/0/0/0,4562:1747647652989:,1747647659091
counter/5/0/0/0,4563:1747647652989:,1747647659091
counter/5/0/0/0,4564:1747647652989:,1747647659091
counter/5/0/0/0,4565:1747647652989:,1747647659091
counter/5/0/0/0,4566:1747647652989:,1747647659091
counter/5/0/0/0,4567:1747647652989:,1747647659091
counter/1/0/0/0,4842:1747647653505:,1747647659091
counter/8/0/0/0,4974:1747647652953:,1747647659091
counter/1/0/0/0,4843:1747647653505:,1747647659092
counter/4/0/0/0,4847:1747647653576:,1747647659092
counter/4/0/0/0,4848:1747647653576:,1747647659092
counter/7/0/0/0,4503:1747647653230:,1747647659093
counter/7/0/0/0,4504:1747647653230:,1747647659093
counter/7/0/0/0,4505:1747647653230:,1747647659093
counter/10/0/0/0,4360:1747647653055:,1747647659093
counter/10/0/0/0,4361:1747647653055:,1747647659093
counter/8/0/0/0,4975:1747647652954:,1747647659093
counter/1/0/0/0,4844:1747647653505:,1747647659093
counter/6/0/0/0,4143:1747647653248:,1747647659095
counter/6/0/0/0,4144:1747647653248:,1747647659095
counter/6/0/0/0,4145:1747647653248:,1747647659095
counter/6/0/0/0,4146:1747647653248:,1747647659095
counter/6/0/0/0,4147:1747647653248:,1747647659095
counter/6/0/0/0,4148:1747647653263:,1747647659095
counter/6/0/0/0,4149:1747647653264:,1747647659095
counter/6/0/0/0,4150:1747647653264:,1747647659095
counter/6/0/0/0,4151:1747647653264:,1747647659095
counter/6/0/0/0,4152:1747647653264:,1747647659095
counter/6/0/0/0,4153:1747647653264:,1747647659096
counter/6/0/0/0,4154:1747647653264:,1747647659096
counter/6/0/0/0,4155:1747647653275:,1747647659096
counter/6/0/0/0,4156:1747647653276:,1747647659096
counter/2/0/0/0,4307:1747647652464:,1747647659096
counter/2/0/0/0,4308:1747647652464:,1747647659096
counter/1/0/0/0,4845:1747647653505:,1747647659097
counter/1/0/0/0,4846:1747647653505:,1747647659097
counter/1/0/0/0,4847:1747647653506:,1747647659097
counter/1/0/0/0,4848:1747647653506:,1747647659097
counter/1/0/0/0,4849:1747647653506:,1747647659097
counter/1/0/0/0,4850:1747647653506:,1747647659097
counter/7/0/0/0,4506:1747647653230:,1747647659098
counter/7/0/0/0,4507:1747647653231:,1747647659098
counter/6/0/0/0,4157:1747647653277:,1747647659098
counter/1/0/0/0,4851:1747647653506:,1747647659098
counter/10/0/0/0,4362:1747647653055:,1747647659098
counter/6/0/0/0,4158:1747647653277:,1747647659099
counter/6/0/0/0,4159:1747647653277:,1747647659099
counter/6/0/0/0,4160:1747647653277:,1747647659099
counter/6/0/0/0,4161:1747647653277:,1747647659099
counter/6/0/0/0,4162:1747647653277:,1747647659099
counter/6/0/0/0,4163:1747647653277:,1747647659100
counter/6/0/0/0,4164:1747647653281:,1747647659100
counter/6/0/0/0,4165:1747647653281:,1747647659100
counter/6/0/0/0,4166:1747647653281:,1747647659100
counter/6/0/0/0,4167:1747647653281:,1747647659100
counter/6/0/0/0,4168:1747647653281:,1747647659100
counter/10/0/0/0,4363:1747647653055:,1747647659100
counter/8/0/0/0,4976:1747647652954:,1747647659101
counter/3/0/0/0,4687:1747647653194:,1747647659101
counter/8/0/0/0,4977:1747647652954:,1747647659102
counter/8/0/0/0,4978:1747647652954:,1747647659102
counter/8/0/0/0,4979:1747647652954:,1747647659102
counter/8/0/0/0,4980:1747647652955:,1747647659102
counter/8/0/0/0,4981:1747647652956:,1747647659102
counter/8/0/0/0,4982:1747647652956:,1747647659102
counter/8/0/0/0,4983:1747647652956:,1747647659102
counter/10/0/0/0,4364:1747647653055:,1747647659102
counter/6/0/0/0,4169:1747647653281:,1747647659104
counter/7/0/0/0,4508:1747647653231:,1747647659104
counter/6/0/0/0,4170:1747647653296:,1747647659104
counter/2/0/0/0,4309:1747647652464:,1747647659106
counter/2/0/0/0,4310:1747647652464:,1747647659106
counter/2/0/0/0,4311:1747647652464:,1747647659106
counter/5/0/0/0,4568:1747647652989:,1747647659106
counter/2/0/0/0,4312:1747647652464:,1747647659106
counter/8/0/0/0,4984:1747647652956:,1747647659106
counter/2/0/0/0,4313:1747647652466:,1747647659106
counter/2/0/0/0,4314:1747647652466:,1747647659106
counter/3/0/0/0,4688:1747647653195:,1747647659106
counter/6/0/0/0,4171:1747647653298:,1747647659107
counter/8/0/0/0,4985:1747647652956:,1747647659107
counter/8/0/0/0,4986:1747647652956:,1747647659107
counter/8/0/0/0,4987:1747647652956:,1747647659107
counter/8/0/0/0,4988:1747647652956:,1747647659107
counter/7/0/0/0,4509:1747647653231:,1747647659107
counter/8/0/0/0,4989:1747647652956:,1747647659108
counter/8/0/0/0,4990:1747647652956:,1747647659108
counter/8/0/0/0,4991:1747647652956:,1747647659108
counter/8/0/0/0,4992:1747647652956:,1747647659108
counter/8/0/0/0,4993:1747647652956:,1747647659108
counter/8/0/0/0,4994:1747647652956:,1747647659109
counter/8/0/0/0,4995:1747647652980:,1747647659109
counter/8/0/0/0,4996:1747647652980:,1747647659109
counter/1/0/0/0,4852:1747647653506:,1747647659109
counter/1/0/0/0,4853:1747647653506:,1747647659111
counter/8/0/0/0,4997:1747647652980:,1747647659112
counter/1/0/0/0,4854:1747647653506:,1747647659112
counter/1/0/0/0,4855:1747647653506:,1747647659112
counter/1/0/0/0,4856:1747647653506:,1747647659112
counter/1/0/0/0,4857:1747647653506:,1747647659112
counter/1/0/0/0,4858:1747647653506:,1747647659112
counter/1/0/0/0,4859:1747647653506:,1747647659112
counter/1/0/0/0,4860:1747647653506:,1747647659112
counter/1/0/0/0,4861:1747647653506:,1747647659112
counter/1/0/0/0,4862:1747647653506:,1747647659112
counter/1/0/0/0,4863:1747647653506:,1747647659112
counter/1/0/0/0,4864:1747647653506:,1747647659112
counter/1/0/0/0,4865:1747647653506:,1747647659112
counter/1/0/0/0,4866:1747647653506:,1747647659112
counter/10/0/0/0,4365:1747647653055:,1747647659112
counter/2/0/0/0,4315:1747647652466:,1747647659112
counter/2/0/0/0,4316:1747647652466:,1747647659112
counter/6/0/0/0,4172:1747647653298:,1747647659112
counter/2/0/0/0,4317:1747647652466:,1747647659112
counter/7/0/0/0,4510:1747647653231:,1747647659113
counter/5/0/0/0,4569:1747647652989:,1747647659113
counter/6/0/0/0,4173:1747647653298:,1747647659113
counter/6/0/0/0,4174:1747647653298:,1747647659113
counter/6/0/0/0,4175:1747647653298:,1747647659113
counter/6/0/0/0,4176:1747647653298:,1747647659113
counter/6/0/0/0,4177:1747647653298:,1747647659113
counter/6/0/0/0,4178:1747647653298:,1747647659113
counter/1/0/0/0,4867:1747647653506:,1747647659113
counter/8/0/0/0,4998:1747647652980:,1747647659113
counter/1/0/0/0,4868:1747647653506:,1747647659113
counter/7/0/0/0,4511:1747647653231:,1747647659114
counter/5/0/0/0,4570:1747647652989:,1747647659114
counter/5/0/0/0,4571:1747647652990:,1747647659114
counter/5/0/0/0,4572:1747647652990:,1747647659115
counter/5/0/0/0,4573:1747647652990:,1747647659115
counter/10/0/0/0,4366:1747647653068:,1747647659115
counter/8/0/0/0,4999:1747647652981:,1747647659115
counter/6/0/0/0,4179:1747647653298:,1747647659115
counter/8/0/0/0,5000:1747647652981:,1747647659116
counter/6/0/0/0,4180:1747647653304:,1747647659116
counter/6/0/0/0,4181:1747647653304:,1747647659116
counter/6/0/0/0,4182:1747647653304:,1747647659116
counter/6/0/0/0,4183:1747647653304:,1747647659116
counter/6/0/0/0,4184:1747647653304:,1747647659116
counter/6/0/0/0,4185:1747647653304:,1747647659116
counter/6/0/0/0,4186:1747647653304:,1747647659116
counter/6/0/0/0,4187:1747647653304:,1747647659116
counter/3/0/0/0,4689:1747647653195:,1747647659116
counter/2/0/0/0,4318:1747647652466:,1747647659119
counter/8/0/0/0,5001:1747647652981:,1747647659119
counter/8/0/0/0,5002:1747647652981:,1747647659119
counter/8/0/0/0,5003:1747647652981:,1747647659119
counter/8/0/0/0,5004:1747647652981:,1747647659119
counter/8/0/0/0,5005:1747647652981:,1747647659119
counter/8/0/0/0,5006:1747647652981:,1747647659119
counter/8/0/0/0,5007:1747647652981:,1747647659119
counter/8/0/0/0,5008:1747647652981:,1747647659119
counter/8/0/0/0,5009:1747647652981:,1747647659119
counter/3/0/0/0,4690:1747647653195:,1747647659119
counter/4/0/0/0,4849:1747647653576:,1747647659120
counter/6/0/0/0,4188:1747647653304:,1747647659120
counter/8/0/0/0,5010:1747647652981:,1747647659121
counter/8/0/0/0,5011:1747647652984:,1747647659121
counter/1/0/0/0,4869:1747647653507:,1747647659121
counter/9/0/0/0,4778:1747647653314:,1747647659121
counter/8/0/0/0,5012:1747647652984:,1747647659121
counter/3/0/0/0,4691:1747647653195:,1747647659122
counter/7/0/0/0,4512:1747647653231:,1747647659122
counter/3/0/0/0,4692:1747647653196:,1747647659122
counter/4/0/0/0,4850:1747647653576:,1747647659122
counter/4/0/0/0,4851:1747647653576:,1747647659123
counter/4/0/0/0,4852:1747647653576:,1747647659123
counter/4/0/0/0,4853:1747647653583:,1747647659123
counter/3/0/0/0,4693:1747647653196:,1747647659123
counter/10/0/0/0,4367:1747647653082:,1747647659124
counter/8/0/0/0,5013:1747647652984:,1747647659124
counter/6/0/0/0,4189:1747647653304:,1747647659124
counter/6/0/0/0,4190:1747647653304:,1747647659124
counter/6/0/0/0,4191:1747647653304:,1747647659124
counter/6/0/0/0,4192:1747647653308:,1747647659124
counter/6/0/0/0,4193:1747647653308:,1747647659124
counter/6/0/0/0,4194:1747647653308:,1747647659124
counter/6/0/0/0,4195:1747647653308:,1747647659124
counter/6/0/0/0,4196:1747647653308:,1747647659124
counter/6/0/0/0,4197:1747647653308:,1747647659124
counter/6/0/0/0,4198:1747647653308:,1747647659124
counter/6/0/0/0,4199:1747647653308:,1747647659124
counter/6/0/0/0,4200:1747647653308:,1747647659125
counter/1/0/0/0,4870:1747647653507:,1747647659125
counter/1/0/0/0,4871:1747647653507:,1747647659125
counter/1/0/0/0,4872:1747647653507:,1747647659125
counter/1/0/0/0,4873:1747647653507:,1747647659125
counter/7/0/0/0,4513:1747647653231:,1747647659125
counter/1/0/0/0,4874:1747647653507:,1747647659126
counter/1/0/0/0,4875:1747647653507:,1747647659126
counter/1/0/0/0,4876:1747647653507:,1747647659126
counter/2/0/0/0,4319:1747647652467:,1747647659126
counter/2/0/0/0,4320:1747647652467:,1747647659126
counter/7/0/0/0,4514:1747647653231:,1747647659126
counter/4/0/0/0,4854:1747647653584:,1747647659126
counter/6/0/0/0,4201:1747647653308:,1747647659126
counter/1/0/0/0,4877:1747647653507:,1747647659127
counter/1/0/0/0,4878:1747647653507:,1747647659127
counter/3/0/0/0,4694:1747647653196:,1747647659127
counter/5/0/0/0,4574:1747647652990:,1747647659127
counter/4/0/0/0,4855:1747647653584:,1747647659127
counter/2/0/0/0,4321:1747647652467:,1747647659127
counter/2/0/0/0,4322:1747647652467:,1747647659127
counter/2/0/0/0,4323:1747647652467:,1747647659127
counter/8/0/0/0,5014:1747647652984:,1747647659127
counter/10/0/0/0,4368:1747647653082:,1747647659127
counter/9/0/0/0,4779:1747647653314:,1747647659128
counter/5/0/0/0,4575:1747647652990:,1747647659129
counter/4/0/0/0,4856:1747647653584:,1747647659129
counter/2/0/0/0,4324:1747647652467:,1747647659129
counter/4/0/0/0,4857:1747647653584:,1747647659129
counter/3/0/0/0,4695:1747647653196:,1747647659130
counter/9/0/0/0,4780:1747647653314:,1747647659131
counter/10/0/0/0,4369:1747647653082:,1747647659131
counter/9/0/0/0,4781:1747647653314:,1747647659131
counter/10/0/0/0,4370:1747647653082:,1747647659131
counter/10/0/0/0,4371:1747647653083:,1747647659131
counter/10/0/0/0,4372:1747647653083:,1747647659132
counter/10/0/0/0,4373:1747647653083:,1747647659132
counter/10/0/0/0,4374:1747647653083:,1747647659132
counter/10/0/0/0,4375:1747647653083:,1747647659132
counter/10/0/0/0,4376:1747647653083:,1747647659132
counter/4/0/0/0,4858:1747647653584:,1747647659132
counter/4/0/0/0,4859:1747647653584:,1747647659132
counter/9/0/0/0,4782:1747647653316:,1747647659132
counter/1/0/0/0,4879:1747647653507:,1747647659132
counter/2/0/0/0,4325:1747647652467:,1747647659133
counter/2/0/0/0,4326:1747647652467:,1747647659133
counter/2/0/0/0,4327:1747647652467:,1747647659133
counter/2/0/0/0,4328:1747647652467:,1747647659133
counter/6/0/0/0,4202:1747647653308:,1747647659133
counter/8/0/0/0,5015:1747647652984:,1747647659134
counter/2/0/0/0,4329:1747647652468:,1747647659134
counter/2/0/0/0,4330:1747647652468:,1747647659134
counter/2/0/0/0,4331:1747647652468:,1747647659134
counter/2/0/0/0,4332:1747647652468:,1747647659134
counter/2/0/0/0,4333:1747647652468:,1747647659134
counter/2/0/0/0,4334:1747647652468:,1747647659134
counter/2/0/0/0,4335:1747647652468:,1747647659134
counter/2/0/0/0,4336:1747647652476:,1747647659134
counter/1/0/0/0,4880:1747647653507:,1747647659134
counter/1/0/0/0,4881:1747647653507:,1747647659134
counter/1/0/0/0,4882:1747647653507:,1747647659134
counter/1/0/0/0,4883:1747647653507:,1747647659134
counter/1/0/0/0,4884:1747647653507:,1747647659134
counter/1/0/0/0,4885:1747647653507:,1747647659134
counter/1/0/0/0,4886:1747647653507:,1747647659134
counter/1/0/0/0,4887:1747647653507:,1747647659134
counter/10/0/0/0,4377:1747647653083:,1747647659134
counter/1/0/0/0,4888:1747647653507:,1747647659135
counter/4/0/0/0,4860:1747647653584:,1747647659135
counter/10/0/0/0,4378:1747647653083:,1747647659135
counter/4/0/0/0,4861:1747647653584:,1747647659136
counter/4/0/0/0,4862:1747647653584:,1747647659137
counter/6/0/0/0,4203:1747647653308:,1747647659137
counter/1/0/0/0,4889:1747647653507:,1747647659137
counter/6/0/0/0,4204:1747647653308:,1747647659138
counter/6/0/0/0,4205:1747647653313:,1747647659138
counter/6/0/0/0,4206:1747647653313:,1747647659138
counter/6/0/0/0,4207:1747647653313:,1747647659138
counter/6/0/0/0,4208:1747647653313:,1747647659138
counter/6/0/0/0,4209:1747647653314:,1747647659138
counter/6/0/0/0,4210:1747647653314:,1747647659138
counter/8/0/0/0,5016:1747647652984:,1747647659138
counter/4/0/0/0,4863:1747647653584:,1747647659139
counter/9/0/0/0,4783:1747647653316:,1747647659140
counter/10/0/0/0,4379:1747647653086:,1747647659140
counter/1/0/0/0,4890:1747647653507:,1747647659140
counter/1/0/0/0,4891:1747647653507:,1747647659140
counter/1/0/0/0,4892:1747647653507:,1747647659140
counter/1/0/0/0,4893:1747647653507:,1747647659140
counter/1/0/0/0,4894:1747647653507:,1747647659140
counter/1/0/0/0,4895:1747647653508:,1747647659140
counter/1/0/0/0,4896:1747647653508:,1747647659140
counter/1/0/0/0,4897:1747647653508:,1747647659140
counter/1/0/0/0,4898:1747647653508:,1747647659140
counter/1/0/0/0,4899:1747647653508:,1747647659140
counter/1/0/0/0,4900:1747647653508:,1747647659140
counter/2/0/0/0,4337:1747647652476:,1747647659140
counter/4/0/0/0,4864:1747647653584:,1747647659141
counter/2/0/0/0,4338:1747647652476:,1747647659141
counter/4/0/0/0,4865:1747647653584:,1747647659142
counter/3/0/0/0,4696:1747647653196:,1747647659142
counter/6/0/0/0,4211:1747647653314:,1747647659143
counter/6/0/0/0,4212:1747647653314:,1747647659143
counter/2/0/0/0,4339:1747647652476:,1747647659143
counter/6/0/0/0,4213:1747647653315:,1747647659143
counter/6/0/0/0,4214:1747647653315:,1747647659143
counter/6/0/0/0,4215:1747647653315:,1747647659143
counter/6/0/0/0,4216:1747647653315:,1747647659143
counter/3/0/0/0,4697:1747647653196:,1747647659144
counter/3/0/0/0,4698:1747647653196:,1747647659144
counter/3/0/0/0,4699:1747647653196:,1747647659144
counter/9/0/0/0,4784:1747647653316:,1747647659144
counter/6/0/0/0,4217:1747647653317:,1747647659144
counter/6/0/0/0,4218:1747647653317:,1747647659144
counter/6/0/0/0,4219:1747647653317:,1747647659144
counter/10/0/0/0,4380:1747647653086:,1747647659145
counter/8/0/0/0,5017:1747647652984:,1747647659145
counter/1/0/0/0,4901:1747647653508:,1747647659147
counter/1/0/0/0,4902:1747647653508:,1747647659147
counter/1/0/0/0,4903:1747647653511:,1747647659147
counter/1/0/0/0,4904:1747647653511:,1747647659147
counter/1/0/0/0,4905:1747647653511:,1747647659147
counter/1/0/0/0,4906:1747647653511:,1747647659147
counter/1/0/0/0,4907:1747647653511:,1747647659147
counter/1/0/0/0,4908:1747647653511:,1747647659147
counter/1/0/0/0,4909:1747647653511:,1747647659147
counter/1/0/0/0,4910:1747647653511:,1747647659147
counter/1/0/0/0,4911:1747647653514:,1747647659147
counter/1/0/0/0,4912:1747647653514:,1747647659147
counter/3/0/0/0,4700:1747647653196:,1747647659147
counter/10/0/0/0,4381:1747647653086:,1747647659148
counter/1/0/0/0,4913:1747647653514:,1747647659148
counter/1/0/0/0,4914:1747647653514:,1747647659148
counter/1/0/0/0,4915:1747647653514:,1747647659149
counter/1/0/0/0,4916:1747647653514:,1747647659149
counter/1/0/0/0,4917:1747647653514:,1747647659149
counter/1/0/0/0,4918:1747647653514:,1747647659149
counter/1/0/0/0,4919:1747647653514:,1747647659149
counter/1/0/0/0,4920:1747647653514:,1747647659149
counter/1/0/0/0,4921:1747647653514:,1747647659149
counter/7/0/0/0,4515:1747647653231:,1747647659149
counter/10/0/0/0,4382:1747647653086:,1747647659149
counter/1/0/0/0,4922:1747647653514:,1747647659149
counter/10/0/0/0,4383:1747647653086:,1747647659149
counter/1/0/0/0,4923:1747647653514:,1747647659149
counter/10/0/0/0,4384:1747647653094:,1747647659149
counter/10/0/0/0,4385:1747647653106:,1747647659149
counter/10/0/0/0,4386:1747647653106:,1747647659149
counter/10/0/0/0,4387:1747647653106:,1747647659149
counter/10/0/0/0,4388:1747647653106:,1747647659149
counter/10/0/0/0,4389:1747647653106:,1747647659149
counter/9/0/0/0,4785:1747647653316:,1747647659149
counter/3/0/0/0,4701:1747647653196:,1747647659149
counter/9/0/0/0,4786:1747647653316:,1747647659149
counter/8/0/0/0,5018:1747647652985:,1747647659150
counter/4/0/0/0,4866:1747647653584:,1747647659150
counter/8/0/0/0,5019:1747647652985:,1747647659150
counter/8/0/0/0,5020:1747647652985:,1747647659150
counter/7/0/0/0,4516:1747647653231:,1747647659150
counter/1/0/0/0,4924:1747647653523:,1747647659151
counter/1/0/0/0,4925:1747647653523:,1747647659151
counter/8/0/0/0,5021:1747647652985:,1747647659151
counter/1/0/0/0,4926:1747647653523:,1747647659151
counter/8/0/0/0,5022:1747647652985:,1747647659151
counter/8/0/0/0,5023:1747647652985:,1747647659151
counter/8/0/0/0,5024:1747647652985:,1747647659151
counter/8/0/0/0,5025:1747647652985:,1747647659151
counter/8/0/0/0,5026:1747647652985:,1747647659151
counter/8/0/0/0,5027:1747647652985:,1747647659151
counter/10/0/0/0,4390:1747647653106:,1747647659151
counter/3/0/0/0,4702:1747647653196:,1747647659151
counter/1/0/0/0,4927:1747647653523:,1747647659152
counter/1/0/0/0,4928:1747647653534:,1747647659152
counter/1/0/0/0,4929:1747647653534:,1747647659152
counter/1/0/0/0,4930:1747647653534:,1747647659152
counter/1/0/0/0,4931:1747647653534:,1747647659152
counter/6/0/0/0,4220:1747647653317:,1747647659152
counter/4/0/0/0,4867:1747647653584:,1747647659152
counter/7/0/0/0,4517:1747647653231:,1747647659152
counter/5/0/0/0,4576:1747647652990:,1747647659152
counter/5/0/0/0,4577:1747647652990:,1747647659153
counter/5/0/0/0,4578:1747647652997:,1747647659153
counter/9/0/0/0,4787:1747647653326:,1747647659153
counter/9/0/0/0,4788:1747647653331:,1747647659153
counter/9/0/0/0,4789:1747647653331:,1747647659153
counter/9/0/0/0,4790:1747647653331:,1747647659153
counter/9/0/0/0,4791:1747647653331:,1747647659153
counter/9/0/0/0,4792:1747647653331:,1747647659154
counter/2/0/0/0,4340:1747647652476:,1747647659154
counter/8/0/0/0,5028:1747647653011:,1747647659154
counter/10/0/0/0,4391:1747647653106:,1747647659154
counter/9/0/0/0,4793:1747647653336:,1747647659155
counter/6/0/0/0,4221:1747647653317:,1747647659155
counter/6/0/0/0,4222:1747647653317:,1747647659155
counter/2/0/0/0,4341:1747647652476:,1747647659155
counter/2/0/0/0,4342:1747647652476:,1747647659155
counter/4/0/0/0,4868:1747647653584:,1747647659155
counter/4/0/0/0,4869:1747647653584:,1747647659155
counter/1/0/0/0,4932:1747647653534:,1747647659155
counter/1/0/0/0,4933:1747647653534:,1747647659155
counter/1/0/0/0,4934:1747647653536:,1747647659155
counter/1/0/0/0,4935:1747647653536:,1747647659155
counter/1/0/0/0,4936:1747647653536:,1747647659155
counter/1/0/0/0,4937:1747647653536:,1747647659156
counter/1/0/0/0,4938:1747647653536:,1747647659157
counter/1/0/0/0,4939:1747647653536:,1747647659157
counter/1/0/0/0,4940:1747647653550:,1747647659157
counter/1/0/0/0,4941:1747647653550:,1747647659157
counter/1/0/0/0,4942:1747647653550:,1747647659157
counter/1/0/0/0,4943:1747647653550:,1747647659157
counter/1/0/0/0,4944:1747647653550:,1747647659157
counter/1/0/0/0,4945:1747647653550:,1747647659157
counter/1/0/0/0,4946:1747647653550:,1747647659157
counter/3/0/0/0,4703:1747647653196:,1747647659157
counter/6/0/0/0,4223:1747647653317:,1747647659157
counter/3/0/0/0,4704:1747647653196:,1747647659157
counter/4/0/0/0,4870:1747647653584:,1747647659157
counter/5/0/0/0,4579:1747647652997:,1747647659157
counter/5/0/0/0,4580:1747647652997:,1747647659157
counter/5/0/0/0,4581:1747647652997:,1747647659157
counter/5/0/0/0,4582:1747647652997:,1747647659157
counter/5/0/0/0,4583:1747647652997:,1747647659157
counter/5/0/0/0,4584:1747647652997:,1747647659157
counter/5/0/0/0,4585:1747647652997:,1747647659157
counter/5/0/0/0,4586:1747647652997:,1747647659157
counter/5/0/0/0,4587:1747647652997:,1747647659158
counter/5/0/0/0,4588:1747647653003:,1747647659158
counter/5/0/0/0,4589:1747647653003:,1747647659158
counter/3/0/0/0,4705:1747647653224:,1747647659158
counter/4/0/0/0,4871:1747647653584:,1747647659158
counter/4/0/0/0,4872:1747647653585:,1747647659158
counter/4/0/0/0,4873:1747647653585:,1747647659158
counter/4/0/0/0,4874:1747647653585:,1747647659158
counter/4/0/0/0,4875:1747647653585:,1747647659158
counter/5/0/0/0,4590:1747647653003:,1747647659158
counter/4/0/0/0,4876:1747647653585:,1747647659158
counter/10/0/0/0,4392:1747647653106:,1747647659158
counter/10/0/0/0,4393:1747647653109:,1747647659158
counter/2/0/0/0,4343:1747647652476:,1747647659158
counter/10/0/0/0,4394:1747647653109:,1747647659158
counter/2/0/0/0,4344:1747647652477:,1747647659159
counter/2/0/0/0,4345:1747647652477:,1747647659159
counter/2/0/0/0,4346:1747647652477:,1747647659159
counter/2/0/0/0,4347:1747647652477:,1747647659159
counter/2/0/0/0,4348:1747647652477:,1747647659159
counter/3/0/0/0,4706:1747647653224:,1747647659159
counter/7/0/0/0,4518:1747647653232:,1747647659159
counter/4/0/0/0,4877:1747647653585:,1747647659160
counter/4/0/0/0,4878:1747647653586:,1747647659160
counter/3/0/0/0,4707:1747647653226:,1747647659161
counter/4/0/0/0,4879:1747647653586:,1747647659161
counter/4/0/0/0,4880:1747647653586:,1747647659161
counter/1/0/0/0,4947:1747647653550:,1747647659161
counter/4/0/0/0,4881:1747647653587:,1747647659161
counter/10/0/0/0,4395:1747647653109:,1747647659161
counter/6/0/0/0,4224:1747647653317:,1747647659161
counter/6/0/0/0,4225:1747647653317:,1747647659161
counter/4/0/0/0,4882:1747647653587:,1747647659161
counter/4/0/0/0,4883:1747647653587:,1747647659161
counter/4/0/0/0,4884:1747647653587:,1747647659161
counter/4/0/0/0,4885:1747647653587:,1747647659161
counter/4/0/0/0,4886:1747647653589:,1747647659161
counter/4/0/0/0,4887:1747647653589:,1747647659161
counter/4/0/0/0,4888:1747647653589:,1747647659162
counter/4/0/0/0,4889:1747647653605:,1747647659162
counter/4/0/0/0,4890:1747647653605:,1747647659162
counter/4/0/0/0,4891:1747647653605:,1747647659162
counter/4/0/0/0,4892:1747647653618:,1747647659162
counter/4/0/0/0,4893:1747647653618:,1747647659162
counter/4/0/0/0,4894:1747647653618:,1747647659162
counter/4/0/0/0,4895:1747647653618:,1747647659162
counter/4/0/0/0,4896:1747647653618:,1747647659162
counter/4/0/0/0,4897:1747647653618:,1747647659162
counter/4/0/0/0,4898:1747647653619:,1747647659162
counter/4/0/0/0,4899:1747647653619:,1747647659162
counter/7/0/0/0,4519:1747647653232:,1747647659162
counter/7/0/0/0,4520:1747647653232:,1747647659162
counter/7/0/0/0,4521:1747647653232:,1747647659162
counter/7/0/0/0,4522:1747647653232:,1747647659162
counter/7/0/0/0,4523:1747647653232:,1747647659162
counter/7/0/0/0,4524:1747647653232:,1747647659162
counter/7/0/0/0,4525:1747647653232:,1747647659162
counter/7/0/0/0,4526:1747647653232:,1747647659162
counter/7/0/0/0,4527:1747647653232:,1747647659162
counter/7/0/0/0,4528:1747647653232:,1747647659162
counter/7/0/0/0,4529:1747647653232:,1747647659162
counter/7/0/0/0,4530:1747647653232:,1747647659162
counter/2/0/0/0,4349:1747647652477:,1747647659163
counter/4/0/0/0,4900:1747647653619:,1747647659163
counter/2/0/0/0,4350:1747647652477:,1747647659163
counter/1/0/0/0,4948:1747647653550:,1747647659163
counter/3/0/0/0,4708:1747647653226:,1747647659163
counter/8/0/0/0,5029:1747647653011:,1747647659163
counter/3/0/0/0,4709:1747647653226:,1747647659163
counter/7/0/0/0,4531:1747647653232:,1747647659163
counter/7/0/0/0,4532:1747647653232:,1747647659163
counter/7/0/0/0,4533:1747647653232:,1747647659163
counter/7/0/0/0,4534:1747647653232:,1747647659163
counter/7/0/0/0,4535:1747647653232:,1747647659163
counter/7/0/0/0,4536:1747647653233:,1747647659163
counter/7/0/0/0,4537:1747647653233:,1747647659163
counter/7/0/0/0,4538:1747647653240:,1747647659163
counter/7/0/0/0,4539:1747647653240:,1747647659163
counter/7/0/0/0,4540:1747647653240:,1747647659163
counter/10/0/0/0,4396:1747647653109:,1747647659164
counter/9/0/0/0,4794:1747647653336:,1747647659165
counter/9/0/0/0,4795:1747647653336:,1747647659165
counter/9/0/0/0,4796:1747647653336:,1747647659165
counter/3/0/0/0,4710:1747647653226:,1747647659166
counter/9/0/0/0,4797:1747647653336:,1747647659167
counter/9/0/0/0,4798:1747647653336:,1747647659167
counter/9/0/0/0,4799:1747647653336:,1747647659167
counter/9/0/0/0,4800:1747647653336:,1747647659167
counter/9/0/0/0,4801:1747647653336:,1747647659167
counter/9/0/0/0,4802:1747647653336:,1747647659167
counter/9/0/0/0,4803:1747647653336:,1747647659167
counter/9/0/0/0,4804:1747647653337:,1747647659167
counter/8/0/0/0,5030:1747647653011:,1747647659167
counter/9/0/0/0,4805:1747647653344:,1747647659167
counter/9/0/0/0,4806:1747647653344:,1747647659167
counter/7/0/0/0,4541:1747647653240:,1747647659167
counter/9/0/0/0,4807:1747647653344:,1747647659167
counter/9/0/0/0,4808:1747647653344:,1747647659167
counter/9/0/0/0,4809:1747647653344:,1747647659167
counter/9/0/0/0,4810:1747647653349:,1747647659167
counter/9/0/0/0,4811:1747647653349:,1747647659167
counter/6/0/0/0,4226:1747647653317:,1747647659167
counter/10/0/0/0,4397:1747647653110:,1747647659168
counter/9/0/0/0,4812:1747647653349:,1747647659168
counter/9/0/0/0,4813:1747647653349:,1747647659168
counter/9/0/0/0,4814:1747647653349:,1747647659169
counter/9/0/0/0,4815:1747647653349:,1747647659169
counter/5/0/0/0,4591:1747647653009:,1747647659169
counter/1/0/0/0,4949:1747647653550:,1747647659169
counter/1/0/0/0,4950:1747647653550:,1747647659169
counter/1/0/0/0,4951:1747647653550:,1747647659169
counter/1/0/0/0,4952:1747647653550:,1747647659170
counter/1/0/0/0,4953:1747647653550:,1747647659170
counter/1/0/0/0,4954:1747647653550:,1747647659170
counter/1/0/0/0,4955:1747647653550:,1747647659170
counter/1/0/0/0,4956:1747647653550:,1747647659170
counter/7/0/0/0,4542:1747647653240:,1747647659171
counter/3/0/0/0,4711:1747647653226:,1747647659173
counter/7/0/0/0,4543:1747647653240:,1747647659173
counter/7/0/0/0,4544:1747647653240:,1747647659173
counter/7/0/0/0,4545:1747647653240:,1747647659173
counter/7/0/0/0,4546:1747647653240:,1747647659173
counter/7/0/0/0,4547:1747647653240:,1747647659173
counter/7/0/0/0,4548:1747647653248:,1747647659173
counter/7/0/0/0,4549:1747647653248:,1747647659173
counter/7/0/0/0,4550:1747647653248:,1747647659173
counter/7/0/0/0,4551:1747647653248:,1747647659173
counter/7/0/0/0,4552:1747647653248:,1747647659173
counter/10/0/0/0,4398:1747647653110:,1747647659173
counter/10/0/0/0,4399:1747647653110:,1747647659173
counter/6/0/0/0,4227:1747647653317:,1747647659173
counter/10/0/0/0,4400:1747647653110:,1747647659173
counter/6/0/0/0,4228:1747647653317:,1747647659173
counter/8/0/0/0,5031:1747647653011:,1747647659175
counter/10/0/0/0,4401:1747647653116:,1747647659175
counter/3/0/0/0,4712:1747647653226:,1747647659175
counter/7/0/0/0,4553:1747647653248:,1747647659176
counter/4/0/0/0,4901:1747647653619:,1747647659176
counter/6/0/0/0,4229:1747647653317:,1747647659176
counter/6/0/0/0,4230:1747647653318:,1747647659176
counter/6/0/0/0,4231:1747647653318:,1747647659176
counter/6/0/0/0,4232:1747647653318:,1747647659176
counter/8/0/0/0,5032:1747647653011:,1747647659176
counter/8/0/0/0,5033:1747647653011:,1747647659177
counter/8/0/0/0,5034:1747647653011:,1747647659177
counter/10/0/0/0,4402:1747647653116:,1747647659177
counter/1/0/0/0,4957:1747647653551:,1747647659178
counter/1/0/0/0,4958:1747647653551:,1747647659179
counter/8/0/0/0,5035:1747647653011:,1747647659180
counter/7/0/0/0,4554:1747647653248:,1747647659180
counter/8/0/0/0,5036:1747647653012:,1747647659180
counter/3/0/0/0,4713:1747647653226:,1747647659180
counter/1/0/0/0,4959:1747647653551:,1747647659180
counter/1/0/0/0,4960:1747647653551:,1747647659180
counter/1/0/0/0,4961:1747647653554:,1747647659180
counter/1/0/0/0,4962:1747647653554:,1747647659180
counter/1/0/0/0,4963:1747647653554:,1747647659180
counter/1/0/0/0,4964:1747647653554:,1747647659180
counter/8/0/0/0,5037:1747647653012:,1747647659182
counter/3/0/0/0,4714:1747647653226:,1747647659183
counter/2/0/0/0,4351:1747647652498:,1747647659184
counter/5/0/0/0,4592:1747647653009:,1747647659184
counter/5/0/0/0,4593:1747647653010:,1747647659184
counter/5/0/0/0,4594:1747647653010:,1747647659184
counter/2/0/0/0,4352:1747647652498:,1747647659184
counter/9/0/0/0,4816:1747647653349:,1747647659185
counter/9/0/0/0,4817:1747647653349:,1747647659185
counter/9/0/0/0,4818:1747647653353:,1747647659185
counter/4/0/0/0,4902:1747647653619:,1747647659185
counter/4/0/0/0,4903:1747647653619:,1747647659185
counter/4/0/0/0,4904:1747647653619:,1747647659185
counter/4/0/0/0,4905:1747647653619:,1747647659185
counter/4/0/0/0,4906:1747647653619:,1747647659185
counter/4/0/0/0,4907:1747647653632:,1747647659185
counter/4/0/0/0,4908:1747647653632:,1747647659185
counter/4/0/0/0,4909:1747647653632:,1747647659185
counter/10/0/0/0,4403:1747647653116:,1747647659186
counter/1/0/0/0,4965:1747647653554:,1747647659187
counter/1/0/0/0,4966:1747647653555:,1747647659187
counter/1/0/0/0,4967:1747647653555:,1747647659187
counter/1/0/0/0,4968:1747647653555:,1747647659187
counter/1/0/0/0,4969:1747647653555:,1747647659187
counter/1/0/0/0,4970:1747647653555:,1747647659187
counter/1/0/0/0,4971:1747647653558:,1747647659187
counter/4/0/0/0,4910:1747647653632:,1747647659187
counter/8/0/0/0,5038:1747647653012:,1747647659187
counter/5/0/0/0,4595:1747647653010:,1747647659187
counter/5/0/0/0,4596:1747647653010:,1747647659187
counter/5/0/0/0,4597:1747647653010:,1747647659187
counter/7/0/0/0,4555:1747647653248:,1747647659188
counter/7/0/0/0,4556:1747647653248:,1747647659188
counter/7/0/0/0,4557:1747647653248:,1747647659188
counter/8/0/0/0,5039:1747647653012:,1747647659188
counter/5/0/0/0,4598:1747647653010:,1747647659188
counter/5/0/0/0,4599:1747647653010:,1747647659188
counter/5/0/0/0,4600:1747647653010:,1747647659188
counter/2/0/0/0,4353:1747647652498:,1747647659188
counter/2/0/0/0,4354:1747647652498:,1747647659188
counter/10/0/0/0,4404:1747647653116:,1747647659188
counter/10/0/0/0,4405:1747647653116:,1747647659188
counter/10/0/0/0,4406:1747647653116:,1747647659188
counter/10/0/0/0,4407:1747647653116:,1747647659189
counter/6/0/0/0,4233:1747647653318:,1747647659189
counter/5/0/0/0,4601:1747647653010:,1747647659189
counter/3/0/0/0,4715:1747647653226:,1747647659189
counter/1/0/0/0,4972:1747647653558:,1747647659191
counter/5/0/0/0,4602:1747647653010:,1747647659191
counter/3/0/0/0,4716:1747647653226:,1747647659191
counter/3/0/0/0,4717:1747647653226:,1747647659191
counter/9/0/0/0,4819:1747647653353:,1747647659191
counter/9/0/0/0,4820:1747647653353:,1747647659191
counter/9/0/0/0,4821:1747647653354:,1747647659191
counter/9/0/0/0,4822:1747647653354:,1747647659191
counter/9/0/0/0,4823:1747647653354:,1747647659191
counter/9/0/0/0,4824:1747647653354:,1747647659192
counter/9/0/0/0,4825:1747647653354:,1747647659192
counter/9/0/0/0,4826:1747647653354:,1747647659192
counter/2/0/0/0,4355:1747647652498:,1747647659192
counter/2/0/0/0,4356:1747647652498:,1747647659192
counter/4/0/0/0,4911:1747647653632:,1747647659192
counter/2/0/0/0,4357:1747647652498:,1747647659192
counter/4/0/0/0,4912:1747647653632:,1747647659192
counter/4/0/0/0,4913:1747647653632:,1747647659192
counter/4/0/0/0,4914:1747647653632:,1747647659193
counter/4/0/0/0,4915:1747647653644:,1747647659193
counter/4/0/0/0,4916:1747647653644:,1747647659193
counter/7/0/0/0,4558:1747647653248:,1747647659193
counter/5/0/0/0,4603:1747647653010:,1747647659194
counter/4/0/0/0,4917:1747647653644:,1747647659194
counter/5/0/0/0,4604:1747647653011:,1747647659195
counter/4/0/0/0,4918:1747647653644:,1747647659195
counter/4/0/0/0,4919:1747647653644:,1747647659195
counter/4/0/0/0,4920:1747647653646:,1747647659195
counter/7/0/0/0,4559:1747647653248:,1747647659195
counter/4/0/0/0,4921:1747647653646:,1747647659195
counter/7/0/0/0,4560:1747647653249:,1747647659195
counter/4/0/0/0,4922:1747647653646:,1747647659195
counter/7/0/0/0,4561:1747647653249:,1747647659195
counter/7/0/0/0,4562:1747647653249:,1747647659195
counter/3/0/0/0,4718:1747647653226:,1747647659195
counter/7/0/0/0,4563:1747647653249:,1747647659195
counter/7/0/0/0,4564:1747647653249:,1747647659195
counter/5/0/0/0,4605:1747647653017:,1747647659197
counter/5/0/0/0,4606:1747647653017:,1747647659197
counter/5/0/0/0,4607:1747647653017:,1747647659197
counter/5/0/0/0,4608:1747647653017:,1747647659197
counter/7/0/0/0,4565:1747647653249:,1747647659197
counter/7/0/0/0,4566:1747647653249:,1747647659197
counter/7/0/0/0,4567:1747647653249:,1747647659197
counter/7/0/0/0,4568:1747647653249:,1747647659197
counter/7/0/0/0,4569:1747647653249:,1747647659197
counter/8/0/0/0,5040:1747647653012:,1747647659197
counter/5/0/0/0,4609:1747647653017:,1747647659199
counter/6/0/0/0,4234:1747647653318:,1747647659199
counter/6/0/0/0,4235:1747647653318:,1747647659199
counter/6/0/0/0,4236:1747647653318:,1747647659200
counter/6/0/0/0,4237:1747647653318:,1747647659200
counter/3/0/0/0,4719:1747647653226:,1747647659200
counter/9/0/0/0,4827:1747647653354:,1747647659200
counter/6/0/0/0,4238:1747647653318:,1747647659200
counter/6/0/0/0,4239:1747647653318:,1747647659201
counter/6/0/0/0,4240:1747647653318:,1747647659201
counter/6/0/0/0,4241:1747647653318:,1747647659201
counter/6/0/0/0,4242:1747647653318:,1747647659201
counter/6/0/0/0,4243:1747647653318:,1747647659201
counter/6/0/0/0,4244:1747647653318:,1747647659201
counter/6/0/0/0,4245:1747647653318:,1747647659201
counter/6/0/0/0,4246:1747647653318:,1747647659201
counter/6/0/0/0,4247:1747647653318:,1747647659201
counter/6/0/0/0,4248:1747647653318:,1747647659201
counter/6/0/0/0,4249:1747647653318:,1747647659201
counter/10/0/0/0,4408:1747647653116:,1747647659201
counter/10/0/0/0,4409:1747647653116:,1747647659201
counter/10/0/0/0,4410:1747647653116:,1747647659201
counter/10/0/0/0,4411:1747647653117:,1747647659201
counter/10/0/0/0,4412:1747647653117:,1747647659201
counter/10/0/0/0,4413:1747647653117:,1747647659201
counter/3/0/0/0,4720:1747647653233:,1747647659202
counter/3/0/0/0,4721:1747647653246:,1747647659202
counter/9/0/0/0,4828:1747647653354:,1747647659202
counter/3/0/0/0,4722:1747647653246:,1747647659202
counter/3/0/0/0,4723:1747647653246:,1747647659202
counter/1/0/0/0,4973:1747647653558:,1747647659203
counter/1/0/0/0,4974:1747647653558:,1747647659204
counter/2/0/0/0,4358:1747647652498:,1747647659206
counter/2/0/0/0,4359:1747647652511:,1747647659207
counter/2/0/0/0,4360:1747647652511:,1747647659207
counter/2/0/0/0,4361:1747647652511:,1747647659207
counter/2/0/0/0,4362:1747647652511:,1747647659207
counter/2/0/0/0,4363:1747647652511:,1747647659207
counter/8/0/0/0,5041:1747647653012:,1747647659207
counter/8/0/0/0,5042:1747647653012:,1747647659207
counter/8/0/0/0,5043:1747647653012:,1747647659207
counter/8/0/0/0,5044:1747647653012:,1747647659208
counter/3/0/0/0,4724:1747647653246:,1747647659208
counter/4/0/0/0,4923:1747647653646:,1747647659208
counter/4/0/0/0,4924:1747647653646:,1747647659208
counter/4/0/0/0,4925:1747647653646:,1747647659208
counter/4/0/0/0,4926:1747647653665:,1747647659208
counter/4/0/0/0,4927:1747647653665:,1747647659208
counter/10/0/0/0,4414:1747647653117:,1747647659209
counter/4/0/0/0,4928:1747647653665:,1747647659209
counter/4/0/0/0,4929:1747647653665:,1747647659209
counter/10/0/0/0,4415:1747647653117:,1747647659209
counter/7/0/0/0,4570:1747647653249:,1747647659209
counter/3/0/0/0,4725:1747647653246:,1747647659209
counter/3/0/0/0,4726:1747647653246:,1747647659209
counter/3/0/0/0,4727:1747647653246:,1747647659209
counter/3/0/0/0,4728:1747647653246:,1747647659209
counter/3/0/0/0,4729:1747647653246:,1747647659209
counter/3/0/0/0,4730:1747647653246:,1747647659209
counter/3/0/0/0,4731:1747647653246:,1747647659210
counter/3/0/0/0,4732:1747647653247:,1747647659210
counter/9/0/0/0,4829:1747647653354:,1747647659210
counter/9/0/0/0,4830:1747647653354:,1747647659211
counter/9/0/0/0,4831:1747647653371:,1747647659211
counter/4/0/0/0,4930:1747647653665:,1747647659211
counter/7/0/0/0,4571:1747647653249:,1747647659211
counter/3/0/0/0,4733:1747647653247:,1747647659212
counter/3/0/0/0,4734:1747647653247:,1747647659212
counter/3/0/0/0,4735:1747647653247:,1747647659212
counter/3/0/0/0,4736:1747647653247:,1747647659212
counter/3/0/0/0,4737:1747647653250:,1747647659212
counter/4/0/0/0,4931:1747647653665:,1747647659212
counter/4/0/0/0,4932:1747647653665:,1747647659212
counter/4/0/0/0,4933:1747647653665:,1747647659212
counter/4/0/0/0,4934:1747647653665:,1747647659212
counter/1/0/0/0,4975:1747647653558:,1747647659212
counter/6/0/0/0,4250:1747647653318:,1747647659212
counter/6/0/0/0,4251:1747647653318:,1747647659212
counter/6/0/0/0,4252:1747647653318:,1747647659213
counter/6/0/0/0,4253:1747647653318:,1747647659213
counter/7/0/0/0,4572:1747647653249:,1747647659213
counter/3/0/0/0,4738:1747647653250:,1747647659213
counter/3/0/0/0,4739:1747647653250:,1747647659213
counter/3/0/0/0,4740:1747647653250:,1747647659213
counter/3/0/0/0,4741:1747647653250:,1747647659213
counter/3/0/0/0,4742:1747647653251:,1747647659213
counter/3/0/0/0,4743:1747647653251:,1747647659213
counter/3/0/0/0,4744:1747647653251:,1747647659213
counter/3/0/0/0,4745:1747647653256:,1747647659213
counter/3/0/0/0,4746:1747647653256:,1747647659213
counter/3/0/0/0,4747:1747647653256:,1747647659213
counter/1/0/0/0,4976:1747647653558:,1747647659213
counter/7/0/0/0,4573:1747647653249:,1747647659213
counter/7/0/0/0,4574:1747647653249:,1747647659213
counter/7/0/0/0,4575:1747647653249:,1747647659213
counter/5/0/0/0,4610:1747647653019:,1747647659213
counter/9/0/0/0,4832:1747647653371:,1747647659214
counter/9/0/0/0,4833:1747647653371:,1747647659214
counter/9/0/0/0,4834:1747647653371:,1747647659214
counter/9/0/0/0,4835:1747647653371:,1747647659214
counter/5/0/0/0,4611:1747647653019:,1747647659214
counter/3/0/0/0,4748:1747647653256:,1747647659214
counter/8/0/0/0,5045:1747647653014:,1747647659215
counter/5/0/0/0,4612:1747647653019:,1747647659215
counter/8/0/0/0,5046:1747647653014:,1747647659216
counter/8/0/0/0,5047:1747647653014:,1747647659216
counter/8/0/0/0,5048:1747647653014:,1747647659216
counter/8/0/0/0,5049:1747647653014:,1747647659216
counter/8/0/0/0,5050:1747647653014:,1747647659216
counter/10/0/0/0,4416:1747647653117:,1747647659216
counter/7/0/0/0,4576:1747647653249:,1747647659217
counter/7/0/0/0,4577:1747647653249:,1747647659217
counter/9/0/0/0,4836:1747647653371:,1747647659217
counter/9/0/0/0,4837:1747647653371:,1747647659217
counter/9/0/0/0,4838:1747647653371:,1747647659217
counter/9/0/0/0,4839:1747647653371:,1747647659217
counter/9/0/0/0,4840:1747647653371:,1747647659217
counter/9/0/0/0,4841:1747647653371:,1747647659217
counter/9/0/0/0,4842:1747647653371:,1747647659217
counter/9/0/0/0,4843:1747647653371:,1747647659217
counter/2/0/0/0,4364:1747647652511:,1747647659218
counter/4/0/0/0,4935:1747647653665:,1747647659219
counter/7/0/0/0,4578:1747647653249:,1747647659219
counter/3/0/0/0,4749:1747647653256:,1747647659220
counter/1/0/0/0,4977:1747647653563:,1747647659220
counter/3/0/0/0,4750:1747647653256:,1747647659220
counter/8/0/0/0,5051:1747647653014:,1747647659220
counter/8/0/0/0,5052:1747647653015:,1747647659220
counter/8/0/0/0,5053:1747647653015:,1747647659220
counter/8/0/0/0,5054:1747647653015:,1747647659220
counter/8/0/0/0,5055:1747647653015:,1747647659220
counter/8/0/0/0,5056:1747647653015:,1747647659220
counter/8/0/0/0,5057:1747647653015:,1747647659220
counter/8/0/0/0,5058:1747647653015:,1747647659220
counter/8/0/0/0,5059:1747647653015:,1747647659220
counter/3/0/0/0,4751:1747647653257:,1747647659222
counter/1/0/0/0,4978:1747647653563:,1747647659222
counter/1/0/0/0,4979:1747647653563:,1747647659222
counter/1/0/0/0,4980:1747647653563:,1747647659222
counter/8/0/0/0,5060:1747647653015:,1747647659222
counter/8/0/0/0,5061:1747647653018:,1747647659222
counter/8/0/0/0,5062:1747647653018:,1747647659222
counter/8/0/0/0,5063:1747647653018:,1747647659222
counter/8/0/0/0,5064:1747647653018:,1747647659222
counter/8/0/0/0,5065:1747647653018:,1747647659222
counter/8/0/0/0,5066:1747647653018:,1747647659222
counter/8/0/0/0,5067:1747647653018:,1747647659222
counter/8/0/0/0,5068:1747647653018:,1747647659222
counter/2/0/0/0,4365:1747647652511:,1747647659223
counter/1/0/0/0,4981:1747647653563:,1747647659223
counter/10/0/0/0,4417:1747647653117:,1747647659223
counter/10/0/0/0,4418:1747647653117:,1747647659223
counter/5/0/0/0,4613:1747647653021:,1747647659223
counter/4/0/0/0,4936:1747647653665:,1747647659223
counter/4/0/0/0,4937:1747647653665:,1747647659223
counter/4/0/0/0,4938:1747647653665:,1747647659223
counter/4/0/0/0,4939:1747647653665:,1747647659224
counter/4/0/0/0,4940:1747647653666:,1747647659224
counter/4/0/0/0,4941:1747647653666:,1747647659224
counter/4/0/0/0,4942:1747647653666:,1747647659224
counter/4/0/0/0,4943:1747647653667:,1747647659224
counter/10/0/0/0,4419:1747647653117:,1747647659225
counter/10/0/0/0,4420:1747647653119:,1747647659225
counter/10/0/0/0,4421:1747647653119:,1747647659225
counter/10/0/0/0,4422:1747647653119:,1747647659225
counter/10/0/0/0,4423:1747647653119:,1747647659225
counter/3/0/0/0,4752:1747647653257:,1747647659225
counter/3/0/0/0,4753:1747647653257:,1747647659225
counter/3/0/0/0,4754:1747647653257:,1747647659225
counter/3/0/0/0,4755:1747647653257:,1747647659225
counter/3/0/0/0,4756:1747647653257:,1747647659225
counter/3/0/0/0,4757:1747647653257:,1747647659225
counter/3/0/0/0,4758:1747647653257:,1747647659225
counter/3/0/0/0,4759:1747647653257:,1747647659225
counter/3/0/0/0,4760:1747647653257:,1747647659225
counter/3/0/0/0,4761:1747647653257:,1747647659225
counter/3/0/0/0,4762:1747647653257:,1747647659225
counter/6/0/0/0,4254:1747647653318:,1747647659225
counter/3/0/0/0,4763:1747647653257:,1747647659226
counter/3/0/0/0,4764:1747647653257:,1747647659226
counter/3/0/0/0,4765:1747647653265:,1747647659226
counter/3/0/0/0,4766:1747647653265:,1747647659226
counter/3/0/0/0,4767:1747647653265:,1747647659226
counter/3/0/0/0,4768:1747647653265:,1747647659226
counter/3/0/0/0,4769:1747647653265:,1747647659226
counter/3/0/0/0,4770:1747647653265:,1747647659226
counter/8/0/0/0,5069:1747647653018:,1747647659226
counter/7/0/0/0,4579:1747647653249:,1747647659226
counter/7/0/0/0,4580:1747647653249:,1747647659226
counter/7/0/0/0,4581:1747647653249:,1747647659226
counter/7/0/0/0,4582:1747647653249:,1747647659226
counter/7/0/0/0,4583:1747647653249:,1747647659226
counter/4/0/0/0,4944:1747647653667:,1747647659227
counter/4/0/0/0,4945:1747647653667:,1747647659227
counter/4/0/0/0,4946:1747647653667:,1747647659227
counter/4/0/0/0,4947:1747647653667:,1747647659227
counter/4/0/0/0,4948:1747647653669:,1747647659227
counter/4/0/0/0,4949:1747647653669:,1747647659227
counter/4/0/0/0,4950:1747647653669:,1747647659227
counter/4/0/0/0,4951:1747647653669:,1747647659227
counter/4/0/0/0,4952:1747647653669:,1747647659227
counter/4/0/0/0,4953:1747647653669:,1747647659227
counter/4/0/0/0,4954:1747647653669:,1747647659227
counter/4/0/0/0,4955:1747647653669:,1747647659227
counter/4/0/0/0,4956:1747647653669:,1747647659227
counter/4/0/0/0,4957:1747647653669:,1747647659227
counter/4/0/0/0,4958:1747647653676:,1747647659228
counter/8/0/0/0,5070:1747647653018:,1747647659229
counter/5/0/0/0,4614:1747647653021:,1747647659229
counter/3/0/0/0,4771:1747647653265:,1747647659230
counter/8/0/0/0,5071:1747647653018:,1747647659230
counter/5/0/0/0,4615:1747647653021:,1747647659230
counter/5/0/0/0,4616:1747647653021:,1747647659231
counter/5/0/0/0,4617:1747647653021:,1747647659231
counter/5/0/0/0,4618:1747647653021:,1747647659231
counter/5/0/0/0,4619:1747647653021:,1747647659231
counter/5/0/0/0,4620:1747647653021:,1747647659231
counter/5/0/0/0,4621:1747647653021:,1747647659231
counter/5/0/0/0,4622:1747647653021:,1747647659231
counter/8/0/0/0,5072:1747647653019:,1747647659231
counter/9/0/0/0,4844:1747647653371:,1747647659232
counter/2/0/0/0,4366:1747647652511:,1747647659232
counter/2/0/0/0,4367:1747647652511:,1747647659232
counter/2/0/0/0,4368:1747647652511:,1747647659232
counter/2/0/0/0,4369:1747647652513:,1747647659232
counter/2/0/0/0,4370:1747647652513:,1747647659232
counter/2/0/0/0,4371:1747647652513:,1747647659232
counter/2/0/0/0,4372:1747647652513:,1747647659232
counter/2/0/0/0,4373:1747647652513:,1747647659232
counter/2/0/0/0,4374:1747647652513:,1747647659232
counter/2/0/0/0,4375:1747647652513:,1747647659232
counter/5/0/0/0,4623:1747647653021:,1747647659232
counter/3/0/0/0,4772:1747647653265:,1747647659232
counter/8/0/0/0,5073:1747647653019:,1747647659232
counter/1/0/0/0,4982:1747647653563:,1747647659233
counter/2/0/0/0,4376:1747647652513:,1747647659233
counter/1/0/0/0,4983:1747647653563:,1747647659233
counter/10/0/0/0,4424:1747647653119:,1747647659233
counter/5/0/0/0,4624:1747647653021:,1747647659234
counter/5/0/0/0,4625:1747647653021:,1747647659234
counter/3/0/0/0,4773:1747647653266:,1747647659234
counter/5/0/0/0,4626:1747647653021:,1747647659234
counter/3/0/0/0,4774:1747647653266:,1747647659234
counter/8/0/0/0,5074:1747647653019:,1747647659234
counter/8/0/0/0,5075:1747647653019:,1747647659234
counter/8/0/0/0,5076:1747647653019:,1747647659234
counter/8/0/0/0,5077:1747647653019:,1747647659234
counter/8/0/0/0,5078:1747647653019:,1747647659234
counter/8/0/0/0,5079:1747647653019:,1747647659234
counter/9/0/0/0,4845:1747647653371:,1747647659234
counter/1/0/0/0,4984:1747647653563:,1747647659234
counter/1/0/0/0,4985:1747647653563:,1747647659236
counter/2/0/0/0,4377:1747647652513:,1747647659236
counter/4/0/0/0,4959:1747647653679:,1747647659236
counter/4/0/0/0,4960:1747647653680:,1747647659236
counter/4/0/0/0,4961:1747647653680:,1747647659236
counter/4/0/0/0,4962:1747647653680:,1747647659236
counter/5/0/0/0,4627:1747647653022:,1747647659237
counter/2/0/0/0,4378:1747647652513:,1747647659237
counter/2/0/0/0,4379:1747647652513:,1747647659237
counter/2/0/0/0,4380:1747647652514:,1747647659237
counter/2/0/0/0,4381:1747647652514:,1747647659237
counter/5/0/0/0,4628:1747647653022:,1747647659237
counter/4/0/0/0,4963:1747647653680:,1747647659238
counter/3/0/0/0,4775:1747647653266:,1747647659238
counter/5/0/0/0,4629:1747647653022:,1747647659240
counter/8/0/0/0,5080:1747647653019:,1747647659240
counter/5/0/0/0,4630:1747647653022:,1747647659240
counter/5/0/0/0,4631:1747647653022:,1747647659240
counter/5/0/0/0,4632:1747647653022:,1747647659240
counter/5/0/0/0,4633:1747647653022:,1747647659240
counter/5/0/0/0,4634:1747647653022:,1747647659240
counter/7/0/0/0,4584:1747647653249:,1747647659241
counter/1/0/0/0,4986:1747647653563:,1747647659242
counter/2/0/0/0,4382:1747647652514:,1747647659242
counter/3/0/0/0,4776:1747647653266:,1747647659243
counter/5/0/0/0,4635:1747647653022:,1747647659243
counter/5/0/0/0,4636:1747647653022:,1747647659243
counter/7/0/0/0,4585:1747647653249:,1747647659243
counter/7/0/0/0,4586:1747647653249:,1747647659243
counter/7/0/0/0,4587:1747647653249:,1747647659243
counter/7/0/0/0,4588:1747647653249:,1747647659243
counter/7/0/0/0,4589:1747647653249:,1747647659243
counter/7/0/0/0,4590:1747647653249:,1747647659244
counter/7/0/0/0,4591:1747647653249:,1747647659244
counter/4/0/0/0,4964:1747647653683:,1747647659244
counter/4/0/0/0,4965:1747647653683:,1747647659244
counter/4/0/0/0,4966:1747647653683:,1747647659244
counter/9/0/0/0,4846:1747647653371:,1747647659244
counter/2/0/0/0,4383:1747647652514:,1747647659244
counter/2/0/0/0,4384:1747647652514:,1747647659244
counter/2/0/0/0,4385:1747647652514:,1747647659244
counter/1/0/0/0,4987:1747647653569:,1747647659244
counter/1/0/0/0,4988:1747647653569:,1747647659245
counter/3/0/0/0,4777:1747647653266:,1747647659245
counter/7/0/0/0,4592:1747647653249:,1747647659246
counter/10/0/0/0,4425:1747647653119:,1747647659246
counter/1/0/0/0,4989:1747647653569:,1747647659246
counter/6/0/0/0,4255:1747647653318:,1747647659250
counter/6/0/0/0,4256:1747647653318:,1747647659250
counter/5/0/0/0,4637:1747647653022:,1747647659250
counter/5/0/0/0,4638:1747647653022:,1747647659250
counter/5/0/0/0,4639:1747647653022:,1747647659250
counter/5/0/0/0,4640:1747647653022:,1747647659250
counter/2/0/0/0,4386:1747647652514:,1747647659250
counter/1/0/0/0,4990:1747647653576:,1747647659250
counter/1/0/0/0,4991:1747647653577:,1747647659250
counter/8/0/0/0,5081:1747647653025:,1747647659251
counter/10/0/0/0,4426:1747647653119:,1747647659252
counter/3/0/0/0,4778:1747647653276:,1747647659252
counter/5/0/0/0,4641:1747647653022:,1747647659252
counter/5/0/0/0,4642:1747647653022:,1747647659252
counter/5/0/0/0,4643:1747647653022:,1747647659252
counter/5/0/0/0,4644:1747647653022:,1747647659252
counter/5/0/0/0,4645:1747647653022:,1747647659253
counter/5/0/0/0,4646:1747647653022:,1747647659253
counter/10/0/0/0,4427:1747647653119:,1747647659253
counter/8/0/0/0,5082:1747647653025:,1747647659253
counter/8/0/0/0,5083:1747647653025:,1747647659253
counter/8/0/0/0,5084:1747647653025:,1747647659253
counter/8/0/0/0,5085:1747647653025:,1747647659253
counter/8/0/0/0,5086:1747647653025:,1747647659253
counter/8/0/0/0,5087:1747647653025:,1747647659253
counter/8/0/0/0,5088:1747647653025:,1747647659253
counter/8/0/0/0,5089:1747647653025:,1747647659253
counter/2/0/0/0,4387:1747647652523:,1747647659254
counter/1/0/0/0,4992:1747647653580:,1747647659254
counter/9/0/0/0,4847:1747647653371:,1747647659254
counter/9/0/0/0,4848:1747647653371:,1747647659254
counter/3/0/0/0,4779:1747647653281:,1747647659256
counter/7/0/0/0,4593:1747647653250:,1747647659256
counter/4/0/0/0,4967:1747647653687:,1747647659256
counter/4/0/0/0,4968:1747647653687:,1747647659256
counter/4/0/0/0,4969:1747647653687:,1747647659256
counter/4/0/0/0,4970:1747647653688:,1747647659256
counter/4/0/0/0,4971:1747647653688:,1747647659256
counter/4/0/0/0,4972:1747647653688:,1747647659256
counter/3/0/0/0,4780:1747647653281:,1747647659257
counter/9/0/0/0,4849:1747647653371:,1747647659258
counter/8/0/0/0,5090:1747647653025:,1747647659258
counter/8/0/0/0,5091:1747647653025:,1747647659258
counter/8/0/0/0,5092:1747647653025:,1747647659258
counter/5/0/0/0,4647:1747647653022:,1747647659258
counter/5/0/0/0,4648:1747647653022:,1747647659258
counter/5/0/0/0,4649:1747647653022:,1747647659258
counter/5/0/0/0,4650:1747647653022:,1747647659258
counter/5/0/0/0,4651:1747647653022:,1747647659258
counter/7/0/0/0,4594:1747647653250:,1747647659260
counter/4/0/0/0,4973:1747647653688:,1747647659260
counter/7/0/0/0,4595:1747647653250:,1747647659260
counter/7/0/0/0,4596:1747647653250:,1747647659260
counter/7/0/0/0,4597:1747647653250:,1747647659260
counter/7/0/0/0,4598:1747647653250:,1747647659260
counter/7/0/0/0,4599:1747647653250:,1747647659260
counter/4/0/0/0,4974:1747647653688:,1747647659261
counter/4/0/0/0,4975:1747647653688:,1747647659261
counter/4/0/0/0,4976:1747647653688:,1747647659261
counter/4/0/0/0,4977:1747647653688:,1747647659261
counter/4/0/0/0,4978:1747647653695:,1747647659261
counter/1/0/0/0,4993:1747647653580:,1747647659261
counter/4/0/0/0,4979:1747647653696:,1747647659261
counter/4/0/0/0,4980:1747647653696:,1747647659261
counter/8/0/0/0,5093:1747647653025:,1747647659262
counter/9/0/0/0,4850:1747647653372:,1747647659262
counter/6/0/0/0,4257:1747647653318:,1747647659262
counter/4/0/0/0,4981:1747647653697:,1747647659262
counter/4/0/0/0,4982:1747647653697:,1747647659262
counter/4/0/0/0,4983:1747647653697:,1747647659262
counter/4/0/0/0,4984:1747647653697:,1747647659262
counter/4/0/0/0,4985:1747647653697:,1747647659262
counter/4/0/0/0,4986:1747647653698:,1747647659262
counter/7/0/0/0,4600:1747647653251:,1747647659262
counter/5/0/0/0,4652:1747647653034:,1747647659262
counter/5/0/0/0,4653:1747647653034:,1747647659262
counter/5/0/0/0,4654:1747647653034:,1747647659262
counter/3/0/0/0,4781:1747647653281:,1747647659262
counter/3/0/0/0,4782:1747647653281:,1747647659262
counter/3/0/0/0,4783:1747647653281:,1747647659262
counter/3/0/0/0,4784:1747647653281:,1747647659262
counter/3/0/0/0,4785:1747647653281:,1747647659263
counter/3/0/0/0,4786:1747647653294:,1747647659263
counter/2/0/0/0,4388:1747647652523:,1747647659263
counter/6/0/0/0,4258:1747647653318:,1747647659263
counter/7/0/0/0,4601:1747647653251:,1747647659263
counter/5/0/0/0,4655:1747647653034:,1747647659264
counter/5/0/0/0,4656:1747647653034:,1747647659264
counter/5/0/0/0,4657:1747647653034:,1747647659264
counter/8/0/0/0,5094:1747647653026:,1747647659264
counter/8/0/0/0,5095:1747647653026:,1747647659264
counter/10/0/0/0,4428:1747647653119:,1747647659264
counter/9/0/0/0,4851:1747647653372:,1747647659264
counter/3/0/0/0,4787:1747647653294:,1747647659265
counter/10/0/0/0,4429:1747647653119:,1747647659265
counter/9/0/0/0,4852:1747647653372:,1747647659265
counter/9/0/0/0,4853:1747647653372:,1747647659265
counter/9/0/0/0,4854:1747647653372:,1747647659265
counter/9/0/0/0,4855:1747647653372:,1747647659265
counter/9/0/0/0,4856:1747647653379:,1747647659265
counter/9/0/0/0,4857:1747647653379:,1747647659265
counter/9/0/0/0,4858:1747647653379:,1747647659266
counter/9/0/0/0,4859:1747647653379:,1747647659266
counter/9/0/0/0,4860:1747647653379:,1747647659266
counter/9/0/0/0,4861:1747647653379:,1747647659266
counter/3/0/0/0,4788:1747647653294:,1747647659267
counter/3/0/0/0,4789:1747647653294:,1747647659267
counter/3/0/0/0,4790:1747647653294:,1747647659267
counter/3/0/0/0,4791:1747647653294:,1747647659267
counter/3/0/0/0,4792:1747647653294:,1747647659267
counter/3/0/0/0,4793:1747647653294:,1747647659267
counter/3/0/0/0,4794:1747647653294:,1747647659267
counter/3/0/0/0,4795:1747647653295:,1747647659268
counter/7/0/0/0,4602:1747647653251:,1747647659268
counter/4/0/0/0,4987:1747647653698:,1747647659268
counter/7/0/0/0,4603:1747647653251:,1747647659268
counter/7/0/0/0,4604:1747647653251:,1747647659268
counter/6/0/0/0,4259:1747647653318:,1747647659268
counter/5/0/0/0,4658:1747647653034:,1747647659268
counter/3/0/0/0,4796:1747647653295:,1747647659268
counter/9/0/0/0,4862:1747647653379:,1747647659268
counter/9/0/0/0,4863:1747647653379:,1747647659268
counter/9/0/0/0,4864:1747647653379:,1747647659268
counter/9/0/0/0,4865:1747647653379:,1747647659268
counter/7/0/0/0,4605:1747647653251:,1747647659268
counter/4/0/0/0,4988:1747647653698:,1747647659269
counter/4/0/0/0,4989:1747647653698:,1747647659269
counter/4/0/0/0,4990:1747647653698:,1747647659269
counter/4/0/0/0,4991:1747647653698:,1747647659269
counter/4/0/0/0,4992:1747647653698:,1747647659269
counter/4/0/0/0,4993:1747647653698:,1747647659269
counter/4/0/0/0,4994:1747647653698:,1747647659269
counter/10/0/0/0,4430:1747647653120:,1747647659269
counter/10/0/0/0,4431:1747647653121:,1747647659269
counter/9/0/0/0,4866:1747647653379:,1747647659269
counter/8/0/0/0,5096:1747647653026:,1747647659269
counter/8/0/0/0,5097:1747647653027:,1747647659269
counter/10/0/0/0,4432:1747647653123:,1747647659270
counter/10/0/0/0,4433:1747647653123:,1747647659270
counter/10/0/0/0,4434:1747647653123:,1747647659270
counter/4/0/0/0,4995:1747647653698:,1747647659270
counter/10/0/0/0,4435:1747647653123:,1747647659270
counter/4/0/0/0,4996:1747647653698:,1747647659270
counter/4/0/0/0,4997:1747647653698:,1747647659271
counter/6/0/0/0,4260:1747647653318:,1747647659271
counter/8/0/0/0,5098:1747647653027:,1747647659271
counter/1/0/0/0,4994:1747647653580:,1747647659271
counter/8/0/0/0,5099:1747647653027:,1747647659271
counter/8/0/0/0,5100:1747647653027:,1747647659271
counter/8/0/0/0,5101:1747647653027:,1747647659271
counter/8/0/0/0,5102:1747647653027:,1747647659271
counter/5/0/0/0,4659:1747647653034:,1747647659271
counter/5/0/0/0,4660:1747647653034:,1747647659271
counter/3/0/0/0,4797:1747647653295:,1747647659271
counter/7/0/0/0,4606:1747647653252:,1747647659271
counter/3/0/0/0,4798:1747647653295:,1747647659271
counter/3/0/0/0,4799:1747647653295:,1747647659271
counter/3/0/0/0,4800:1747647653295:,1747647659271
counter/3/0/0/0,4801:1747647653295:,1747647659271
counter/3/0/0/0,4802:1747647653295:,1747647659271
counter/3/0/0/0,4803:1747647653295:,1747647659271
counter/3/0/0/0,4804:1747647653295:,1747647659271
counter/3/0/0/0,4805:1747647653295:,1747647659271
counter/6/0/0/0,4261:1747647653319:,1747647659271
counter/4/0/0/0,4998:1747647653698:,1747647659271
counter/1/0/0/0,4995:1747647653580:,1747647659272
counter/9/0/0/0,4867:1747647653379:,1747647659272
counter/8/0/0/0,5103:1747647653027:,1747647659272
counter/8/0/0/0,5104:1747647653027:,1747647659272
counter/5/0/0/0,4661:1747647653034:,1747647659272
counter/7/0/0/0,4607:1747647653252:,1747647659272
counter/10/0/0/0,4436:1747647653123:,1747647659272
counter/10/0/0/0,4437:1747647653123:,1747647659272
counter/10/0/0/0,4438:1747647653123:,1747647659272
counter/10/0/0/0,4439:1747647653123:,1747647659272
counter/10/0/0/0,4440:1747647653127:,1747647659272
counter/10/0/0/0,4441:1747647653139:,1747647659272
counter/6/0/0/0,4262:1747647653319:,1747647659273
counter/6/0/0/0,4263:1747647653319:,1747647659273
counter/4/0/0/0,4999:1747647653699:,1747647659273
counter/6/0/0/0,4264:1747647653323:,1747647659273
counter/4/0/0/0,5000:1747647653699:,1747647659273
counter/4/0/0/0,5001:1747647653699:,1747647659273
counter/4/0/0/0,5002:1747647653701:,1747647659273
counter/4/0/0/0,5003:1747647653701:,1747647659273
counter/4/0/0/0,5004:1747647653702:,1747647659273
counter/4/0/0/0,5005:1747647653702:,1747647659273
counter/3/0/0/0,4806:1747647653295:,1747647659273
counter/10/0/0/0,4442:1747647653146:,1747647659273
counter/7/0/0/0,4608:1747647653252:,1747647659273
counter/2/0/0/0,4389:1747647652523:,1747647659274
counter/2/0/0/0,4390:1747647652523:,1747647659274
counter/4/0/0/0,5006:1747647653702:,1747647659274
counter/4/0/0/0,5007:1747647653702:,1747647659274
counter/4/0/0/0,5008:1747647653702:,1747647659274
counter/4/0/0/0,5009:1747647653702:,1747647659274
counter/4/0/0/0,5010:1747647653702:,1747647659274
counter/4/0/0/0,5011:1747647653702:,1747647659274
counter/4/0/0/0,5012:1747647653702:,1747647659274
counter/4/0/0/0,5013:1747647653702:,1747647659274
counter/4/0/0/0,5014:1747647653702:,1747647659274
counter/4/0/0/0,5015:1747647653702:,1747647659274
counter/4/0/0/0,5016:1747647653702:,1747647659275
counter/4/0/0/0,5017:1747647653702:,1747647659275
counter/4/0/0/0,5018:1747647653703:,1747647659275
counter/4/0/0/0,5019:1747647653703:,1747647659275
counter/4/0/0/0,5020:1747647653703:,1747647659275
counter/4/0/0/0,5021:1747647653703:,1747647659275
counter/4/0/0/0,5022:1747647653703:,1747647659275
counter/4/0/0/0,5023:1747647653703:,1747647659275
counter/4/0/0/0,5024:1747647653703:,1747647659275
counter/4/0/0/0,5025:1747647653703:,1747647659275
counter/7/0/0/0,4609:1747647653252:,1747647659275
counter/4/0/0/0,5026:1747647653703:,1747647659275
counter/3/0/0/0,4807:1747647653295:,1747647659275
counter/2/0/0/0,4391:1747647652523:,1747647659276
counter/5/0/0/0,4662:1747647653034:,1747647659276
counter/2/0/0/0,4392:1747647652523:,1747647659276
counter/2/0/0/0,4393:1747647652524:,1747647659276
counter/2/0/0/0,4394:1747647652524:,1747647659276
counter/2/0/0/0,4395:1747647652524:,1747647659276
counter/2/0/0/0,4396:1747647652524:,1747647659276
counter/9/0/0/0,4868:1747647653379:,1747647659276
counter/2/0/0/0,4397:1747647652524:,1747647659276
counter/5/0/0/0,4663:1747647653039:,1747647659277
counter/5/0/0/0,4664:1747647653047:,1747647659277
counter/5/0/0/0,4665:1747647653048:,1747647659277
counter/5/0/0/0,4666:1747647653048:,1747647659277
counter/3/0/0/0,4808:1747647653295:,1747647659277
counter/3/0/0/0,4809:1747647653295:,1747647659277
counter/2/0/0/0,4398:1747647652526:,1747647659277
counter/2/0/0/0,4399:1747647652527:,1747647659278
counter/2/0/0/0,4400:1747647652527:,1747647659278
counter/2/0/0/0,4401:1747647652527:,1747647659278
counter/2/0/0/0,4402:1747647652527:,1747647659278
counter/5/0/0/0,4667:1747647653048:,1747647659278
counter/8/0/0/0,5105:1747647653027:,1747647659278
counter/8/0/0/0,5106:1747647653027:,1747647659278
counter/8/0/0/0,5107:1747647653029:,1747647659278
counter/8/0/0/0,5108:1747647653033:,1747647659278
counter/8/0/0/0,5109:1747647653033:,1747647659278
counter/9/0/0/0,4869:1747647653379:,1747647659279
counter/8/0/0/0,5110:1747647653033:,1747647659280
counter/9/0/0/0,4870:1747647653379:,1747647659281
counter/9/0/0/0,4871:1747647653379:,1747647659281
counter/9/0/0/0,4872:1747647653379:,1747647659281
counter/9/0/0/0,4873:1747647653379:,1747647659281
counter/9/0/0/0,4874:1747647653380:,1747647659281
counter/9/0/0/0,4875:1747647653380:,1747647659281
counter/9/0/0/0,4876:1747647653380:,1747647659281
counter/2/0/0/0,4403:1747647652527:,1747647659281
counter/8/0/0/0,5111:1747647653033:,1747647659282
counter/8/0/0/0,5112:1747647653033:,1747647659282
counter/8/0/0/0,5113:1747647653033:,1747647659282
counter/8/0/0/0,5114:1747647653033:,1747647659282
counter/8/0/0/0,5115:1747647653033:,1747647659282
counter/10/0/0/0,4443:1747647653146:,1747647659282
counter/5/0/0/0,4668:1747647653048:,1747647659282
counter/9/0/0/0,4877:1747647653380:,1747647659282
counter/9/0/0/0,4878:1747647653380:,1747647659283
counter/9/0/0/0,4879:1747647653380:,1747647659283
counter/9/0/0/0,4880:1747647653380:,1747647659283
counter/9/0/0/0,4881:1747647653380:,1747647659283
counter/9/0/0/0,4882:1747647653385:,1747647659283
counter/4/0/0/0,5027:1747647653703:,1747647659285
counter/1/0/0/0,4996:1747647653580:,1747647659286
counter/4/0/0/0,5028:1747647653703:,1747647659286
counter/1/0/0/0,4997:1747647653580:,1747647659287
counter/1/0/0/0,4998:1747647653580:,1747647659288
counter/1/0/0/0,4999:1747647653589:,1747647659288
counter/1/0/0/0,5000:1747647653589:,1747647659288
counter/1/0/0/0,5001:1747647653589:,1747647659288
counter/1/0/0/0,5002:1747647653595:,1747647659288
counter/1/0/0/0,5003:1747647653595:,1747647659288
counter/1/0/0/0,5004:1747647653601:,1747647659288
counter/5/0/0/0,4669:1747647653054:,1747647659288
counter/3/0/0/0,4810:1747647653295:,1747647659288
counter/10/0/0/0,4444:1747647653158:,1747647659289
counter/5/0/0/0,4670:1747647653054:,1747647659290
counter/6/0/0/0,4265:1747647653323:,1747647659290
counter/6/0/0/0,4266:1747647653323:,1747647659290
counter/6/0/0/0,4267:1747647653323:,1747647659290
counter/6/0/0/0,4268:1747647653323:,1747647659290
counter/9/0/0/0,4883:1747647653385:,1747647659290
counter/9/0/0/0,4884:1747647653394:,1747647659290
counter/9/0/0/0,4885:1747647653394:,1747647659290
counter/10/0/0/0,4445:1747647653158:,1747647659290
counter/8/0/0/0,5116:1747647653033:,1747647659290
counter/2/0/0/0,4404:1747647652536:,1747647659290
counter/8/0/0/0,5117:1747647653033:,1747647659291
counter/2/0/0/0,4405:1747647652536:,1747647659291
counter/2/0/0/0,4406:1747647652536:,1747647659291
counter/2/0/0/0,4407:1747647652536:,1747647659291
counter/7/0/0/0,4610:1747647653255:,1747647659291
counter/7/0/0/0,4611:1747647653255:,1747647659291
counter/5/0/0/0,4671:1747647653054:,1747647659291
counter/3/0/0/0,4811:1747647653295:,1747647659292
counter/3/0/0/0,4812:1747647653295:,1747647659292
counter/3/0/0/0,4813:1747647653295:,1747647659292
counter/2/0/0/0,4408:1747647652536:,1747647659292
counter/2/0/0/0,4409:1747647652543:,1747647659292
counter/1/0/0/0,5005:1747647653601:,1747647659292
counter/5/0/0/0,4672:1747647653054:,1747647659292
counter/2/0/0/0,4410:1747647652543:,1747647659294
counter/2/0/0/0,4411:1747647652543:,1747647659294
counter/2/0/0/0,4412:1747647652543:,1747647659294
counter/2/0/0/0,4413:1747647652543:,1747647659294
counter/2/0/0/0,4414:1747647652543:,1747647659294
counter/2/0/0/0,4415:1747647652543:,1747647659294
counter/4/0/0/0,5029:1747647653703:,1747647659294
counter/6/0/0/0,4269:1747647653323:,1747647659294
counter/6/0/0/0,4270:1747647653323:,1747647659294
counter/9/0/0/0,4886:1747647653394:,1747647659294
counter/6/0/0/0,4271:1747647653323:,1747647659294
counter/9/0/0/0,4887:1747647653394:,1747647659295
counter/6/0/0/0,4272:1747647653323:,1747647659295
counter/9/0/0/0,4888:1747647653394:,1747647659295
counter/9/0/0/0,4889:1747647653394:,1747647659295
counter/9/0/0/0,4890:1747647653394:,1747647659295
counter/7/0/0/0,4612:1747647653255:,1747647659295
counter/9/0/0/0,4891:1747647653394:,1747647659295
counter/9/0/0/0,4892:1747647653394:,1747647659295
counter/9/0/0/0,4893:1747647653394:,1747647659295
counter/3/0/0/0,4814:1747647653295:,1747647659295
counter/9/0/0/0,4894:1747647653394:,1747647659295
counter/3/0/0/0,4815:1747647653295:,1747647659295
counter/9/0/0/0,4895:1747647653394:,1747647659295
counter/3/0/0/0,4816:1747647653295:,1747647659295
counter/3/0/0/0,4817:1747647653295:,1747647659295
counter/3/0/0/0,4818:1747647653306:,1747647659295
counter/3/0/0/0,4819:1747647653307:,1747647659295
counter/3/0/0/0,4820:1747647653307:,1747647659295
counter/3/0/0/0,4821:1747647653307:,1747647659295
counter/3/0/0/0,4822:1747647653307:,1747647659295
counter/3/0/0/0,4823:1747647653307:,1747647659296
counter/9/0/0/0,4896:1747647653401:,1747647659296
counter/10/0/0/0,4446:1747647653158:,1747647659296
counter/2/0/0/0,4416:1747647652543:,1747647659296
counter/2/0/0/0,4417:1747647652544:,1747647659296
counter/2/0/0/0,4418:1747647652544:,1747647659296
counter/2/0/0/0,4419:1747647652544:,1747647659296
counter/2/0/0/0,4420:1747647652544:,1747647659296
counter/6/0/0/0,4273:1747647653323:,1747647659296
counter/6/0/0/0,4274:1747647653323:,1747647659296
counter/6/0/0/0,4275:1747647653323:,1747647659296
counter/6/0/0/0,4276:1747647653323:,1747647659296
counter/6/0/0/0,4277:1747647653323:,1747647659296
counter/6/0/0/0,4278:1747647653323:,1747647659297
counter/6/0/0/0,4279:1747647653323:,1747647659297
counter/6/0/0/0,4280:1747647653323:,1747647659297
counter/6/0/0/0,4281:1747647653323:,1747647659297
counter/6/0/0/0,4282:1747647653323:,1747647659297
counter/6/0/0/0,4283:1747647653324:,1747647659297
counter/8/0/0/0,5118:1747647653033:,1747647659297
counter/6/0/0/0,4284:1747647653324:,1747647659297
counter/6/0/0/0,4285:1747647653324:,1747647659297
counter/6/0/0/0,4286:1747647653324:,1747647659297
counter/6/0/0/0,4287:1747647653324:,1747647659297
counter/6/0/0/0,4288:1747647653324:,1747647659297
counter/7/0/0/0,4613:1747647653255:,1747647659297
counter/4/0/0/0,5030:1747647653703:,1747647659297
counter/2/0/0/0,4421:1747647652545:,1747647659298
counter/5/0/0/0,4673:1747647653054:,1747647659298
counter/10/0/0/0,4447:1747647653158:,1747647659298
counter/10/0/0/0,4448:1747647653158:,1747647659298
counter/10/0/0/0,4449:1747647653158:,1747647659298
counter/9/0/0/0,4897:1747647653401:,1747647659298
counter/9/0/0/0,4898:1747647653401:,1747647659298
counter/9/0/0/0,4899:1747647653403:,1747647659298
counter/9/0/0/0,4900:1747647653403:,1747647659298
counter/1/0/0/0,5006:1747647653601:,1747647659299
counter/1/0/0/0,5007:1747647653601:,1747647659299
counter/1/0/0/0,5008:1747647653601:,1747647659299
counter/1/0/0/0,5009:1747647653601:,1747647659299
counter/1/0/0/0,5010:1747647653601:,1747647659299
counter/1/0/0/0,5011:1747647653601:,1747647659299
counter/1/0/0/0,5012:1747647653602:,1747647659299
counter/1/0/0/0,5013:1747647653602:,1747647659299
counter/1/0/0/0,5014:1747647653602:,1747647659299
counter/1/0/0/0,5015:1747647653602:,1747647659299
counter/1/0/0/0,5016:1747647653602:,1747647659299
counter/2/0/0/0,4422:1747647652546:,1747647659299
counter/1/0/0/0,5017:1747647653602:,1747647659299
counter/8/0/0/0,5119:1747647653033:,1747647659299
counter/5/0/0/0,4674:1747647653054:,1747647659299
counter/3/0/0/0,4824:1747647653307:,1747647659299
counter/3/0/0/0,4825:1747647653307:,1747647659299
counter/3/0/0/0,4826:1747647653307:,1747647659300
counter/3/0/0/0,4827:1747647653307:,1747647659300
counter/3/0/0/0,4828:1747647653307:,1747647659300
counter/3/0/0/0,4829:1747647653307:,1747647659300
counter/3/0/0/0,4830:1747647653307:,1747647659300
counter/3/0/0/0,4831:1747647653307:,1747647659300
counter/3/0/0/0,4832:1747647653307:,1747647659300
counter/5/0/0/0,4675:1747647653054:,1747647659300
counter/5/0/0/0,4676:1747647653054:,1747647659300
counter/5/0/0/0,4677:1747647653064:,1747647659300
counter/5/0/0/0,4678:1747647653067:,1747647659300
counter/2/0/0/0,4423:1747647652546:,1747647659300
counter/3/0/0/0,4833:1747647653307:,1747647659300
counter/10/0/0/0,4450:1747647653158:,1747647659300
counter/6/0/0/0,4289:1747647653326:,1747647659301
counter/10/0/0/0,4451:1747647653167:,1747647659301
counter/10/0/0/0,4452:1747647653167:,1747647659301
counter/10/0/0/0,4453:1747647653167:,1747647659301
counter/9/0/0/0,4901:1747647653403:,1747647659301
counter/8/0/0/0,5120:1747647653034:,1747647659301
counter/4/0/0/0,5031:1747647653703:,1747647659302
counter/4/0/0/0,5032:1747647653703:,1747647659302
counter/7/0/0/0,4614:1747647653255:,1747647659302
counter/7/0/0/0,4615:1747647653255:,1747647659302
counter/7/0/0/0,4616:1747647653255:,1747647659302
counter/7/0/0/0,4617:1747647653255:,1747647659302
counter/7/0/0/0,4618:1747647653255:,1747647659302
counter/3/0/0/0,4834:1747647653307:,1747647659302
counter/7/0/0/0,4619:1747647653255:,1747647659302
counter/7/0/0/0,4620:1747647653255:,1747647659302
counter/7/0/0/0,4621:1747647653255:,1747647659302
counter/7/0/0/0,4622:1747647653255:,1747647659302
counter/7/0/0/0,4623:1747647653255:,1747647659302
counter/7/0/0/0,4624:1747647653255:,1747647659302
counter/7/0/0/0,4625:1747647653255:,1747647659303
counter/7/0/0/0,4626:1747647653256:,1747647659303
counter/7/0/0/0,4627:1747647653256:,1747647659303
counter/7/0/0/0,4628:1747647653256:,1747647659303
counter/7/0/0/0,4629:1747647653256:,1747647659303
counter/7/0/0/0,4630:1747647653256:,1747647659303
counter/7/0/0/0,4631:1747647653258:,1747647659303
counter/7/0/0/0,4632:1747647653258:,1747647659303
counter/8/0/0/0,5121:1747647653034:,1747647659303
counter/4/0/0/0,5033:1747647653706:,1747647659303
counter/9/0/0/0,4902:1747647653403:,1747647659304
counter/9/0/0/0,4903:1747647653403:,1747647659304
counter/9/0/0/0,4904:1747647653403:,1747647659304
counter/9/0/0/0,4905:1747647653403:,1747647659304
counter/2/0/0/0,4424:1747647652546:,1747647659304
counter/5/0/0/0,4679:1747647653067:,1747647659304
counter/10/0/0/0,4454:1747647653167:,1747647659304
counter/5/0/0/0,4680:1747647653067:,1747647659304
counter/5/0/0/0,4681:1747647653067:,1747647659304
counter/5/0/0/0,4682:1747647653067:,1747647659304
counter/5/0/0/0,4683:1747647653067:,1747647659304
counter/5/0/0/0,4684:1747647653067:,1747647659304
counter/5/0/0/0,4685:1747647653067:,1747647659304
counter/5/0/0/0,4686:1747647653067:,1747647659304
counter/7/0/0/0,4633:1747647653258:,1747647659305
counter/7/0/0/0,4634:1747647653258:,1747647659305
counter/7/0/0/0,4635:1747647653258:,1747647659305
counter/7/0/0/0,4636:1747647653258:,1747647659305
counter/7/0/0/0,4637:1747647653258:,1747647659305
counter/8/0/0/0,5122:1747647653034:,1747647659305
counter/8/0/0/0,5123:1747647653034:,1747647659305
counter/9/0/0/0,4906:1747647653403:,1747647659305
counter/9/0/0/0,4907:1747647653404:,1747647659305
counter/9/0/0/0,4908:1747647653404:,1747647659306
counter/1/0/0/0,5018:1747647653602:,1747647659306
counter/8/0/0/0,5124:1747647653035:,1747647659307
counter/4/0/0/0,5034:1747647653706:,1747647659308
counter/5/0/0/0,4687:1747647653067:,1747647659308
counter/5/0/0/0,4688:1747647653067:,1747647659309
counter/5/0/0/0,4689:1747647653067:,1747647659309
counter/5/0/0/0,4690:1747647653067:,1747647659309
counter/5/0/0/0,4691:1747647653067:,1747647659309
counter/5/0/0/0,4692:1747647653067:,1747647659309
counter/8/0/0/0,5125:1747647653038:,1747647659309
counter/1/0/0/0,5019:1747647653609:,1747647659310
counter/1/0/0/0,5020:1747647653609:,1747647659310
counter/1/0/0/0,5021:1747647653609:,1747647659310
counter/3/0/0/0,4835:1747647653307:,1747647659310
counter/1/0/0/0,5022:1747647653609:,1747647659310
counter/3/0/0/0,4836:1747647653307:,1747647659310
counter/1/0/0/0,5023:1747647653609:,1747647659310
counter/3/0/0/0,4837:1747647653308:,1747647659310
counter/3/0/0/0,4838:1747647653321:,1747647659310
counter/3/0/0/0,4839:1747647653321:,1747647659310
counter/3/0/0/0,4840:1747647653321:,1747647659310
counter/1/0/0/0,5024:1747647653623:,1747647659312
counter/4/0/0/0,5035:1747647653706:,1747647659312
counter/7/0/0/0,4638:1747647653258:,1747647659312
counter/4/0/0/0,5036:1747647653706:,1747647659312
counter/3/0/0/0,4841:1747647653321:,1747647659312
counter/4/0/0/0,5037:1747647653707:,1747647659312
counter/3/0/0/0,4842:1747647653321:,1747647659312
counter/3/0/0/0,4843:1747647653321:,1747647659312
counter/3/0/0/0,4844:1747647653321:,1747647659312
counter/3/0/0/0,4845:1747647653321:,1747647659312
counter/6/0/0/0,4290:1747647653326:,1747647659312
counter/3/0/0/0,4846:1747647653321:,1747647659312
counter/6/0/0/0,4291:1747647653326:,1747647659312
counter/9/0/0/0,4909:1747647653409:,1747647659312
counter/7/0/0/0,4639:1747647653258:,1747647659313
counter/8/0/0/0,5126:1747647653038:,1747647659314
counter/8/0/0/0,5127:1747647653038:,1747647659315
counter/2/0/0/0,4425:1747647652546:,1747647659315
counter/6/0/0/0,4292:1747647653326:,1747647659317
counter/8/0/0/0,5128:1747647653038:,1747647659317
counter/2/0/0/0,4426:1747647652549:,1747647659317
counter/2/0/0/0,4427:1747647652549:,1747647659317
counter/2/0/0/0,4428:1747647652549:,1747647659317
counter/2/0/0/0,4429:1747647652549:,1747647659317
counter/2/0/0/0,4430:1747647652549:,1747647659317
counter/6/0/0/0,4293:1747647653326:,1747647659318
counter/4/0/0/0,5038:1747647653707:,1747647659318
counter/5/0/0/0,4693:1747647653068:,1747647659319
counter/3/0/0/0,4847:1747647653321:,1747647659319
counter/8/0/0/0,5129:1747647653038:,1747647659320
counter/6/0/0/0,4294:1747647653326:,1747647659321
counter/6/0/0/0,4295:1747647653326:,1747647659321
counter/5/0/0/0,4694:1747647653073:,1747647659321
counter/6/0/0/0,4296:1747647653326:,1747647659321
counter/6/0/0/0,4297:1747647653328:,1747647659322
counter/5/0/0/0,4695:1747647653073:,1747647659322
counter/5/0/0/0,4696:1747647653073:,1747647659322
counter/5/0/0/0,4697:1747647653073:,1747647659322
counter/5/0/0/0,4698:1747647653073:,1747647659322
counter/5/0/0/0,4699:1747647653073:,1747647659322
counter/3/0/0/0,4848:1747647653321:,1747647659322
counter/6/0/0/0,4298:1747647653328:,1747647659322
counter/5/0/0/0,4700:1747647653073:,1747647659322
counter/3/0/0/0,4849:1747647653321:,1747647659322
counter/3/0/0/0,4850:1747647653321:,1747647659322
counter/3/0/0/0,4851:1747647653321:,1747647659323
counter/3/0/0/0,4852:1747647653321:,1747647659323
counter/3/0/0/0,4853:1747647653323:,1747647659323
counter/1/0/0/0,5025:1747647653623:,1747647659323
counter/3/0/0/0,4854:1747647653323:,1747647659323
counter/3/0/0/0,4855:1747647653323:,1747647659323
counter/3/0/0/0,4856:1747647653323:,1747647659323
counter/3/0/0/0,4857:1747647653323:,1747647659323
counter/3/0/0/0,4858:1747647653323:,1747647659323
counter/10/0/0/0,4455:1747647653167:,1747647659323
counter/3/0/0/0,4859:1747647653323:,1747647659325
counter/6/0/0/0,4299:1747647653328:,1747647659330
counter/10/0/0/0,4456:1747647653167:,1747647659330
counter/10/0/0/0,4457:1747647653167:,1747647659330
counter/10/0/0/0,4458:1747647653167:,1747647659330
counter/10/0/0/0,4459:1747647653167:,1747647659330
counter/10/0/0/0,4460:1747647653167:,1747647659330
counter/10/0/0/0,4461:1747647653167:,1747647659330
counter/10/0/0/0,4462:1747647653168:,1747647659330
counter/10/0/0/0,4463:1747647653168:,1747647659330
counter/7/0/0/0,4640:1747647653258:,1747647659330
counter/5/0/0/0,4701:1747647653073:,1747647659330
counter/7/0/0/0,4641:1747647653259:,1747647659330
counter/7/0/0/0,4642:1747647653260:,1747647659332
counter/7/0/0/0,4643:1747647653260:,1747647659332
counter/7/0/0/0,4644:1747647653260:,1747647659332
counter/7/0/0/0,4645:1747647653260:,1747647659332
counter/7/0/0/0,4646:1747647653260:,1747647659332
counter/7/0/0/0,4647:1747647653260:,1747647659332
counter/7/0/0/0,4648:1747647653260:,1747647659332
counter/7/0/0/0,4649:1747647653260:,1747647659332
counter/7/0/0/0,4650:1747647653260:,1747647659332
counter/1/0/0/0,5026:1747647653623:,1747647659334
counter/1/0/0/0,5027:1747647653623:,1747647659334
counter/1/0/0/0,5028:1747647653623:,1747647659334
counter/1/0/0/0,5029:1747647653623:,1747647659334
counter/1/0/0/0,5030:1747647653623:,1747647659334
counter/8/0/0/0,5130:1747647653038:,1747647659334
counter/3/0/0/0,4860:1747647653326:,1747647659335
counter/3/0/0/0,4861:1747647653326:,1747647659335
counter/3/0/0/0,4862:1747647653326:,1747647659335
counter/3/0/0/0,4863:1747647653326:,1747647659335
counter/3/0/0/0,4864:1747647653326:,1747647659335
counter/3/0/0/0,4865:1747647653326:,1747647659335
counter/5/0/0/0,4702:1747647653073:,1747647659335
counter/5/0/0/0,4703:1747647653074:,1747647659335
counter/5/0/0/0,4704:1747647653074:,1747647659335
counter/5/0/0/0,4705:1747647653074:,1747647659335
counter/5/0/0/0,4706:1747647653074:,1747647659335
counter/5/0/0/0,4707:1747647653074:,1747647659335
counter/3/0/0/0,4866:1747647653326:,1747647659335
counter/1/0/0/0,5031:1747647653623:,1747647659336
counter/1/0/0/0,5032:1747647653623:,1747647659336
counter/1/0/0/0,5033:1747647653623:,1747647659336
counter/1/0/0/0,5034:1747647653623:,1747647659336
counter/1/0/0/0,5035:1747647653624:,1747647659336
counter/1/0/0/0,5036:1747647653624:,1747647659336
counter/1/0/0/0,5037:1747647653624:,1747647659336
counter/1/0/0/0,5038:1747647653624:,1747647659336
counter/5/0/0/0,4708:1747647653074:,1747647659336
counter/1/0/0/0,5039:1747647653624:,1747647659336
counter/7/0/0/0,4651:1747647653260:,1747647659337
counter/8/0/0/0,5131:1747647653039:,1747647659337
counter/10/0/0/0,4464:1747647653168:,1747647659337
counter/10/0/0/0,4465:1747647653171:,1747647659337
counter/9/0/0/0,4910:1747647653409:,1747647659337
counter/9/0/0/0,4911:1747647653409:,1747647659337
counter/9/0/0/0,4912:1747647653409:,1747647659337
counter/9/0/0/0,4913:1747647653409:,1747647659337
counter/9/0/0/0,4914:1747647653409:,1747647659337
counter/8/0/0/0,5132:1747647653039:,1747647659338
counter/5/0/0/0,4709:1747647653074:,1747647659338
counter/5/0/0/0,4710:1747647653074:,1747647659338
counter/10/0/0/0,4466:1747647653178:,1747647659338
counter/10/0/0/0,4467:1747647653178:,1747647659338
counter/10/0/0/0,4468:1747647653178:,1747647659338
counter/10/0/0/0,4469:1747647653178:,1747647659338
counter/10/0/0/0,4470:1747647653178:,1747647659338
counter/10/0/0/0,4471:1747647653178:,1747647659339
counter/10/0/0/0,4472:1747647653179:,1747647659339
counter/10/0/0/0,4473:1747647653179:,1747647659339
counter/4/0/0/0,5039:1747647653707:,1747647659339
counter/8/0/0/0,5133:1747647653039:,1747647659340
counter/8/0/0/0,5134:1747647653039:,1747647659340
counter/8/0/0/0,5135:1747647653039:,1747647659340
counter/9/0/0/0,4915:1747647653409:,1747647659341
counter/3/0/0/0,4867:1747647653326:,1747647659341
counter/3/0/0/0,4868:1747647653326:,1747647659341
counter/3/0/0/0,4869:1747647653328:,1747647659341
counter/3/0/0/0,4870:1747647653328:,1747647659341
counter/3/0/0/0,4871:1747647653328:,1747647659341
counter/3/0/0/0,4872:1747647653328:,1747647659341
counter/3/0/0/0,4873:1747647653328:,1747647659341
counter/3/0/0/0,4874:1747647653329:,1747647659341
counter/3/0/0/0,4875:1747647653329:,1747647659341
counter/3/0/0/0,4876:1747647653329:,1747647659341
counter/3/0/0/0,4877:1747647653329:,1747647659341
counter/3/0/0/0,4878:1747647653329:,1747647659341
counter/3/0/0/0,4879:1747647653329:,1747647659341
counter/3/0/0/0,4880:1747647653330:,1747647659341
counter/3/0/0/0,4881:1747647653346:,1747647659341
counter/3/0/0/0,4882:1747647653346:,1747647659341
counter/3/0/0/0,4883:1747647653346:,1747647659341
counter/10/0/0/0,4474:1747647653179:,1747647659342
counter/10/0/0/0,4475:1747647653186:,1747647659342
counter/10/0/0/0,4476:1747647653186:,1747647659342
counter/10/0/0/0,4477:1747647653186:,1747647659342
counter/4/0/0/0,5040:1747647653707:,1747647659342
counter/1/0/0/0,5040:1747647653624:,1747647659342
counter/1/0/0/0,5041:1747647653645:,1747647659342
counter/1/0/0/0,5042:1747647653645:,1747647659342
counter/1/0/0/0,5043:1747647653645:,1747647659342
counter/1/0/0/0,5044:1747647653646:,1747647659342
counter/1/0/0/0,5045:1747647653646:,1747647659342
counter/1/0/0/0,5046:1747647653646:,1747647659343
counter/1/0/0/0,5047:1747647653654:,1747647659343
counter/1/0/0/0,5048:1747647653654:,1747647659343
counter/1/0/0/0,5049:1747647653654:,1747647659343
counter/1/0/0/0,5050:1747647653654:,1747647659343
counter/1/0/0/0,5051:1747647653654:,1747647659343
counter/1/0/0/0,5052:1747647653654:,1747647659343
counter/10/0/0/0,4478:1747647653186:,1747647659343
counter/4/0/0/0,5041:1747647653707:,1747647659343
counter/10/0/0/0,4479:1747647653186:,1747647659343
counter/10/0/0/0,4480:1747647653186:,1747647659343
counter/8/0/0/0,5136:1747647653045:,1747647659343
counter/10/0/0/0,4481:1747647653186:,1747647659343
counter/10/0/0/0,4482:1747647653186:,1747647659343
counter/3/0/0/0,4884:1747647653346:,1747647659345
counter/3/0/0/0,4885:1747647653346:,1747647659345
counter/3/0/0/0,4886:1747647653346:,1747647659345
counter/3/0/0/0,4887:1747647653346:,1747647659345
counter/4/0/0/0,5042:1747647653707:,1747647659345
counter/6/0/0/0,4300:1747647653328:,1747647659345
counter/6/0/0/0,4301:1747647653328:,1747647659345
counter/6/0/0/0,4302:1747647653328:,1747647659345
counter/7/0/0/0,4652:1747647653260:,1747647659345
counter/8/0/0/0,5137:1747647653051:,1747647659345
counter/1/0/0/0,5053:1747647653654:,1747647659345
counter/8/0/0/0,5138:1747647653051:,1747647659345
counter/8/0/0/0,5139:1747647653051:,1747647659345
counter/8/0/0/0,5140:1747647653051:,1747647659345
counter/8/0/0/0,5141:1747647653058:,1747647659345
counter/8/0/0/0,5142:1747647653058:,1747647659345
counter/8/0/0/0,5143:1747647653058:,1747647659345
counter/8/0/0/0,5144:1747647653058:,1747647659345
counter/2/0/0/0,4431:1747647652549:,1747647659346
counter/2/0/0/0,4432:1747647652549:,1747647659346
counter/2/0/0/0,4433:1747647652549:,1747647659346
counter/2/0/0/0,4434:1747647652549:,1747647659346
counter/9/0/0/0,4916:1747647653409:,1747647659346
counter/9/0/0/0,4917:1747647653409:,1747647659346
counter/9/0/0/0,4918:1747647653409:,1747647659346
counter/6/0/0/0,4303:1747647653328:,1747647659346
counter/6/0/0/0,4304:1747647653328:,1747647659347
counter/6/0/0/0,4305:1747647653328:,1747647659347
counter/7/0/0/0,4653:1747647653260:,1747647659347
counter/6/0/0/0,4306:1747647653328:,1747647659347
counter/7/0/0/0,4654:1747647653260:,1747647659347
counter/7/0/0/0,4655:1747647653260:,1747647659347
counter/7/0/0/0,4656:1747647653260:,1747647659347
counter/7/0/0/0,4657:1747647653260:,1747647659347
counter/7/0/0/0,4658:1747647653260:,1747647659347
counter/2/0/0/0,4435:1747647652549:,1747647659347
counter/5/0/0/0,4711:1747647653074:,1747647659347
counter/5/0/0/0,4712:1747647653074:,1747647659347
counter/5/0/0/0,4713:1747647653075:,1747647659348
counter/5/0/0/0,4714:1747647653075:,1747647659348
counter/5/0/0/0,4715:1747647653076:,1747647659348
counter/10/0/0/0,4483:1747647653186:,1747647659348
counter/10/0/0/0,4484:1747647653199:,1747647659348
counter/1/0/0/0,5054:1747647653656:,1747647659348
counter/1/0/0/0,5055:1747647653657:,1747647659348
counter/1/0/0/0,5056:1747647653657:,1747647659348
counter/6/0/0/0,4307:1747647653328:,1747647659348
counter/6/0/0/0,4308:1747647653330:,1747647659349
counter/6/0/0/0,4309:1747647653330:,1747647659349
counter/6/0/0/0,4310:1747647653330:,1747647659349
counter/6/0/0/0,4311:1747647653330:,1747647659349
counter/6/0/0/0,4312:1747647653330:,1747647659349
counter/6/0/0/0,4313:1747647653335:,1747647659349
counter/4/0/0/0,5043:1747647653707:,1747647659349
counter/4/0/0/0,5044:1747647653707:,1747647659349
counter/4/0/0/0,5045:1747647653707:,1747647659349
counter/4/0/0/0,5046:1747647653707:,1747647659349
counter/1/0/0/0,5057:1747647653657:,1747647659349
counter/6/0/0/0,4314:1747647653335:,1747647659349
counter/7/0/0/0,4659:1747647653260:,1747647659351
counter/7/0/0/0,4660:1747647653260:,1747647659351
counter/7/0/0/0,4661:1747647653260:,1747647659351
counter/7/0/0/0,4662:1747647653260:,1747647659351
counter/7/0/0/0,4663:1747647653261:,1747647659351
counter/7/0/0/0,4664:1747647653261:,1747647659351
counter/7/0/0/0,4665:1747647653261:,1747647659351
counter/7/0/0/0,4666:1747647653261:,1747647659351
counter/7/0/0/0,4667:1747647653261:,1747647659351
counter/5/0/0/0,4716:1747647653076:,1747647659351
counter/8/0/0/0,5145:1747647653058:,1747647659351
counter/8/0/0/0,5146:1747647653058:,1747647659351
counter/10/0/0/0,4485:1747647653199:,1747647659351
counter/10/0/0/0,4486:1747647653199:,1747647659351
counter/5/0/0/0,4717:1747647653076:,1747647659352
counter/5/0/0/0,4718:1747647653076:,1747647659352
counter/5/0/0/0,4719:1747647653076:,1747647659352
counter/5/0/0/0,4720:1747647653076:,1747647659352
counter/5/0/0/0,4721:1747647653076:,1747647659352
counter/5/0/0/0,4722:1747647653076:,1747647659352
counter/5/0/0/0,4723:1747647653076:,1747647659352
counter/10/0/0/0,4487:1747647653199:,1747647659352
counter/6/0/0/0,4315:1747647653335:,1747647659352
counter/6/0/0/0,4316:1747647653335:,1747647659352
counter/7/0/0/0,4668:1747647653261:,1747647659353
counter/7/0/0/0,4669:1747647653261:,1747647659353
counter/7/0/0/0,4670:1747647653261:,1747647659353
counter/7/0/0/0,4671:1747647653261:,1747647659353
counter/4/0/0/0,5047:1747647653720:,1747647659353
counter/5/0/0/0,4724:1747647653076:,1747647659357
counter/7/0/0/0,4672:1747647653261:,1747647659357
counter/7/0/0/0,4673:1747647653261:,1747647659357
counter/7/0/0/0,4674:1747647653261:,1747647659358
counter/2/0/0/0,4436:1747647652549:,1747647659358
counter/2/0/0/0,4437:1747647652550:,1747647659358
counter/2/0/0/0,4438:1747647652550:,1747647659358
counter/8/0/0/0,5147:1747647653058:,1747647659360
counter/2/0/0/0,4439:1747647652550:,1747647659361
counter/8/0/0/0,5148:1747647653058:,1747647659361
counter/4/0/0/0,5048:1747647653720:,1747647659362
counter/10/0/0/0,4488:1747647653199:,1747647659363
counter/5/0/0/0,4725:1747647653077:,1747647659363
counter/5/0/0/0,4726:1747647653077:,1747647659363
counter/5/0/0/0,4727:1747647653077:,1747647659363
counter/5/0/0/0,4728:1747647653077:,1747647659363
counter/7/0/0/0,4675:1747647653261:,1747647659364
counter/7/0/0/0,4676:1747647653261:,1747647659364
counter/7/0/0/0,4677:1747647653262:,1747647659364
counter/7/0/0/0,4678:1747647653262:,1747647659364
counter/7/0/0/0,4679:1747647653262:,1747647659364
counter/6/0/0/0,4317:1747647653335:,1747647659364
counter/3/0/0/0,4888:1747647653346:,1747647659365
counter/7/0/0/0,4680:1747647653262:,1747647659365
counter/7/0/0/0,4681:1747647653262:,1747647659365
counter/7/0/0/0,4682:1747647653262:,1747647659365
counter/7/0/0/0,4683:1747647653262:,1747647659365
counter/7/0/0/0,4684:1747647653262:,1747647659365
counter/7/0/0/0,4685:1747647653267:,1747647659365
counter/7/0/0/0,4686:1747647653267:,1747647659365
counter/7/0/0/0,4687:1747647653267:,1747647659365
counter/7/0/0/0,4688:1747647653267:,1747647659365
counter/7/0/0/0,4689:1747647653267:,1747647659365
counter/8/0/0/0,5149:1747647653058:,1747647659365
counter/8/0/0/0,5150:1747647653058:,1747647659365
counter/3/0/0/0,4889:1747647653346:,1747647659366
counter/3/0/0/0,4890:1747647653357:,1747647659366
counter/3/0/0/0,4891:1747647653378:,1747647659366
counter/3/0/0/0,4892:1747647653378:,1747647659366
counter/3/0/0/0,4893:1747647653378:,1747647659366
counter/3/0/0/0,4894:1747647653378:,1747647659366
counter/3/0/0/0,4895:1747647653378:,1747647659366
counter/4/0/0/0,5049:1747647653720:,1747647659366
counter/1/0/0/0,5058:1747647653657:,1747647659366
counter/5/0/0/0,4729:1747647653077:,1747647659366
counter/5/0/0/0,4730:1747647653077:,1747647659366
counter/3/0/0/0,4896:1747647653378:,1747647659367
counter/8/0/0/0,5151:1747647653059:,1747647659367
counter/8/0/0/0,5152:1747647653059:,1747647659367
counter/8/0/0/0,5153:1747647653062:,1747647659367
counter/1/0/0/0,5059:1747647653657:,1747647659367
counter/5/0/0/0,4731:1747647653077:,1747647659367
counter/1/0/0/0,5060:1747647653657:,1747647659370
counter/1/0/0/0,5061:1747647653657:,1747647659370
counter/1/0/0/0,5062:1747647653657:,1747647659370
counter/1/0/0/0,5063:1747647653657:,1747647659370
counter/1/0/0/0,5064:1747647653658:,1747647659370
counter/2/0/0/0,4440:1747647652550:,1747647659371
counter/2/0/0/0,4441:1747647652565:,1747647659371
counter/2/0/0/0,4442:1747647652565:,1747647659371
counter/2/0/0/0,4443:1747647652566:,1747647659371
counter/2/0/0/0,4444:1747647652566:,1747647659371
counter/2/0/0/0,4445:1747647652566:,1747647659371
counter/2/0/0/0,4446:1747647652566:,1747647659371
counter/4/0/0/0,5050:1747647653721:,1747647659371
counter/8/0/0/0,5154:1747647653062:,1747647659371
counter/8/0/0/0,5155:1747647653062:,1747647659371
counter/8/0/0/0,5156:1747647653062:,1747647659371
counter/1/0/0/0,5065:1747647653658:,1747647659372
counter/1/0/0/0,5066:1747647653658:,1747647659372
counter/1/0/0/0,5067:1747647653658:,1747647659372
counter/1/0/0/0,5068:1747647653661:,1747647659372
counter/1/0/0/0,5069:1747647653661:,1747647659372
counter/1/0/0/0,5070:1747647653661:,1747647659372
counter/1/0/0/0,5071:1747647653661:,1747647659372
counter/1/0/0/0,5072:1747647653661:,1747647659372
counter/3/0/0/0,4897:1747647653378:,1747647659372
counter/3/0/0/0,4898:1747647653378:,1747647659372
counter/7/0/0/0,4690:1747647653267:,1747647659373
counter/10/0/0/0,4489:1747647653202:,1747647659373
counter/9/0/0/0,4919:1747647653410:,1747647659373
counter/10/0/0/0,4490:1747647653202:,1747647659373
counter/7/0/0/0,4691:1747647653267:,1747647659374
counter/7/0/0/0,4692:1747647653267:,1747647659374
counter/7/0/0/0,4693:1747647653267:,1747647659374
counter/7/0/0/0,4694:1747647653268:,1747647659374
counter/7/0/0/0,4695:1747647653268:,1747647659374
counter/7/0/0/0,4696:1747647653268:,1747647659374
counter/7/0/0/0,4697:1747647653268:,1747647659374
counter/7/0/0/0,4698:1747647653268:,1747647659374
counter/7/0/0/0,4699:1747647653268:,1747647659374
counter/7/0/0/0,4700:1747647653268:,1747647659374
counter/7/0/0/0,4701:1747647653268:,1747647659375
counter/3/0/0/0,4899:1747647653378:,1747647659375
counter/3/0/0/0,4900:1747647653378:,1747647659375
counter/1/0/0/0,5073:1747647653661:,1747647659375
counter/1/0/0/0,5074:1747647653674:,1747647659375
counter/1/0/0/0,5075:1747647653674:,1747647659375
counter/1/0/0/0,5076:1747647653674:,1747647659375
counter/5/0/0/0,4732:1747647653077:,1747647659375
counter/5/0/0/0,4733:1747647653077:,1747647659375
counter/5/0/0/0,4734:1747647653077:,1747647659375
counter/5/0/0/0,4735:1747647653077:,1747647659375
counter/2/0/0/0,4447:1747647652567:,1747647659376
counter/3/0/0/0,4901:1747647653378:,1747647659376
counter/1/0/0/0,5077:1747647653674:,1747647659376
counter/2/0/0/0,4448:1747647652567:,1747647659377
counter/2/0/0/0,4449:1747647652567:,1747647659377
counter/2/0/0/0,4450:1747647652567:,1747647659377
counter/2/0/0/0,4451:1747647652567:,1747647659377
counter/2/0/0/0,4452:1747647652567:,1747647659377
counter/4/0/0/0,5051:1747647653721:,1747647659377
counter/8/0/0/0,5157:1747647653062:,1747647659377
counter/3/0/0/0,4902:1747647653378:,1747647659377
counter/6/0/0/0,4318:1747647653335:,1747647659378
counter/7/0/0/0,4702:1747647653268:,1747647659379
counter/7/0/0/0,4703:1747647653268:,1747647659379
counter/3/0/0/0,4903:1747647653379:,1747647659379
counter/2/0/0/0,4453:1747647652584:,1747647659379
counter/2/0/0/0,4454:1747647652598:,1747647659379
counter/7/0/0/0,4704:1747647653268:,1747647659379
counter/10/0/0/0,4491:1747647653202:,1747647659379
counter/9/0/0/0,4920:1747647653410:,1747647659379
counter/9/0/0/0,4921:1747647653410:,1747647659379
counter/9/0/0/0,4922:1747647653410:,1747647659379
counter/9/0/0/0,4923:1747647653410:,1747647659379
counter/3/0/0/0,4904:1747647653379:,1747647659379
counter/6/0/0/0,4319:1747647653335:,1747647659380
counter/8/0/0/0,5158:1747647653062:,1747647659380
counter/8/0/0/0,5159:1747647653062:,1747647659381
counter/8/0/0/0,5160:1747647653062:,1747647659381
counter/8/0/0/0,5161:1747647653064:,1747647659381
counter/8/0/0/0,5162:1747647653064:,1747647659381
counter/8/0/0/0,5163:1747647653064:,1747647659381
counter/8/0/0/0,5164:1747647653065:,1747647659381
counter/8/0/0/0,5165:1747647653065:,1747647659381
counter/2/0/0/0,4455:1747647652604:,1747647659381
counter/2/0/0/0,4456:1747647652604:,1747647659381
counter/2/0/0/0,4457:1747647652604:,1747647659381
counter/1/0/0/0,5078:1747647653674:,1747647659382
counter/1/0/0/0,5079:1747647653674:,1747647659383
counter/1/0/0/0,5080:1747647653683:,1747647659383
counter/1/0/0/0,5081:1747647653683:,1747647659383
counter/1/0/0/0,5082:1747647653683:,1747647659383
counter/1/0/0/0,5083:1747647653683:,1747647659383
counter/1/0/0/0,5084:1747647653683:,1747647659383
counter/1/0/0/0,5085:1747647653683:,1747647659383
counter/1/0/0/0,5086:1747647653683:,1747647659383
counter/1/0/0/0,5087:1747647653699:,1747647659383
counter/1/0/0/0,5088:1747647653706:,1747647659383
counter/6/0/0/0,4320:1747647653335:,1747647659383
counter/1/0/0/0,5089:1747647653719:,1747647659383
counter/2/0/0/0,4458:1747647652604:,1747647659383
counter/1/0/0/0,5090:1747647653719:,1747647659383
counter/1/0/0/0,5091:1747647653719:,1747647659383
counter/1/0/0/0,5092:1747647653719:,1747647659383
counter/1/0/0/0,5093:1747647653720:,1747647659383
counter/1/0/0/0,5094:1747647653720:,1747647659383
counter/1/0/0/0,5095:1747647653720:,1747647659384
counter/2/0/0/0,4459:1747647652604:,1747647659384
counter/2/0/0/0,4460:1747647652604:,1747647659384
counter/1/0/0/0,5096:1747647653720:,1747647659384
counter/7/0/0/0,4705:1747647653268:,1747647659384
counter/8/0/0/0,5166:1747647653065:,1747647659385
counter/7/0/0/0,4706:1747647653268:,1747647659385
counter/8/0/0/0,5167:1747647653065:,1747647659385
counter/8/0/0/0,5168:1747647653066:,1747647659385
counter/8/0/0/0,5169:1747647653066:,1747647659385
counter/8/0/0/0,5170:1747647653076:,1747647659385
counter/8/0/0/0,5171:1747647653076:,1747647659385
counter/4/0/0/0,5052:1747647653721:,1747647659385
counter/6/0/0/0,4321:1747647653335:,1747647659386
counter/6/0/0/0,4322:1747647653335:,1747647659386
counter/6/0/0/0,4323:1747647653335:,1747647659386
counter/3/0/0/0,4905:1747647653379:,1747647659386
counter/6/0/0/0,4324:1747647653336:,1747647659386
counter/5/0/0/0,4736:1747647653077:,1747647659386
counter/6/0/0/0,4325:1747647653336:,1747647659387
counter/6/0/0/0,4326:1747647653336:,1747647659387
counter/10/0/0/0,4492:1747647653202:,1747647659387
counter/6/0/0/0,4327:1747647653336:,1747647659388
counter/4/0/0/0,5053:1747647653721:,1747647659388
counter/6/0/0/0,4328:1747647653336:,1747647659389
counter/4/0/0/0,5054:1747647653721:,1747647659389
counter/4/0/0/0,5055:1747647653721:,1747647659389
counter/4/0/0/0,5056:1747647653721:,1747647659389
counter/10/0/0/0,4493:1747647653202:,1747647659389
counter/10/0/0/0,4494:1747647653202:,1747647659389
counter/1/0/0/0,5097:1747647653720:,1747647659389
counter/1/0/0/0,5098:1747647653720:,1747647659389
counter/1/0/0/0,5099:1747647653735:,1747647659389
counter/1/0/0/0,5100:1747647653755:,1747647659389
counter/10/0/0/0,4495:1747647653202:,1747647659391
counter/7/0/0/0,4707:1747647653268:,1747647659391
counter/10/0/0/0,4496:1747647653202:,1747647659391
counter/7/0/0/0,4708:1747647653268:,1747647659392
counter/7/0/0/0,4709:1747647653272:,1747647659392
counter/7/0/0/0,4710:1747647653273:,1747647659392
counter/2/0/0/0,4461:1747647652604:,1747647659392
counter/7/0/0/0,4711:1747647653273:,1747647659392
counter/2/0/0/0,4462:1747647652604:,1747647659392
counter/4/0/0/0,5057:1747647653721:,1747647659392
counter/7/0/0/0,4712:1747647653273:,1747647659392
counter/7/0/0/0,4713:1747647653273:,1747647659392
counter/7/0/0/0,4714:1747647653273:,1747647659392
counter/8/0/0/0,5172:1747647653076:,1747647659392
counter/5/0/0/0,4737:1747647653077:,1747647659392
counter/4/0/0/0,5058:1747647653721:,1747647659392
counter/4/0/0/0,5059:1747647653721:,1747647659392
counter/4/0/0/0,5060:1747647653721:,1747647659392
counter/4/0/0/0,5061:1747647653721:,1747647659392
counter/4/0/0/0,5062:1747647653721:,1747647659393
counter/2/0/0/0,4463:1747647652608:,1747647659393
counter/4/0/0/0,5063:1747647653721:,1747647659393
counter/2/0/0/0,4464:1747647652608:,1747647659393
counter/2/0/0/0,4465:1747647652608:,1747647659393
counter/2/0/0/0,4466:1747647652608:,1747647659393
counter/2/0/0/0,4467:1747647652608:,1747647659393
counter/10/0/0/0,4497:1747647653204:,1747647659393
counter/2/0/0/0,4468:1747647652608:,1747647659393
counter/6/0/0/0,4329:1747647653336:,1747647659393
counter/2/0/0/0,4469:1747647652608:,1747647659394
counter/6/0/0/0,4330:1747647653336:,1747647659395
counter/6/0/0/0,4331:1747647653338:,1747647659395
counter/5/0/0/0,4738:1747647653077:,1747647659395
counter/6/0/0/0,4332:1747647653338:,1747647659395
counter/5/0/0/0,4739:1747647653077:,1747647659395
counter/6/0/0/0,4333:1747647653338:,1747647659395
counter/4/0/0/0,5064:1747647653721:,1747647659395
counter/6/0/0/0,4334:1747647653338:,1747647659395
counter/4/0/0/0,5065:1747647653721:,1747647659395
counter/6/0/0/0,4335:1747647653338:,1747647659395
counter/4/0/0/0,5066:1747647653721:,1747647659395
counter/6/0/0/0,4336:1747647653338:,1747647659395
counter/4/0/0/0,5067:1747647653721:,1747647659395
counter/6/0/0/0,4337:1747647653338:,1747647659395
counter/4/0/0/0,5068:1747647653721:,1747647659395
counter/4/0/0/0,5069:1747647653721:,1747647659395
counter/8/0/0/0,5173:1747647653076:,1747647659395
counter/1/0/0/0,5101:1747647653755:,1747647659395
counter/3/0/0/0,4906:1747647653379:,1747647659395
counter/3/0/0/0,4907:1747647653379:,1747647659395
counter/3/0/0/0,4908:1747647653379:,1747647659395
counter/5/0/0/0,4740:1747647653077:,1747647659396
counter/3/0/0/0,4909:1747647653379:,1747647659397
counter/7/0/0/0,4715:1747647653273:,1747647659397
counter/7/0/0/0,4716:1747647653273:,1747647659397
counter/7/0/0/0,4717:1747647653273:,1747647659397
counter/7/0/0/0,4718:1747647653273:,1747647659397
counter/7/0/0/0,4719:1747647653273:,1747647659397
counter/7/0/0/0,4720:1747647653273:,1747647659397
counter/7/0/0/0,4721:1747647653277:,1747647659397
counter/10/0/0/0,4498:1747647653204:,1747647659397
counter/10/0/0/0,4499:1747647653204:,1747647659397
counter/10/0/0/0,4500:1747647653204:,1747647659397
counter/10/0/0/0,4501:1747647653204:,1747647659397
counter/3/0/0/0,4910:1747647653379:,1747647659397
counter/9/0/0/0,4924:1747647653410:,1747647659397
counter/3/0/0/0,4911:1747647653379:,1747647659397
counter/1/0/0/0,5102:1747647653755:,1747647659398
counter/8/0/0/0,5174:1747647653076:,1747647659398
counter/5/0/0/0,4741:1747647653077:,1747647659398
counter/7/0/0/0,4722:1747647653277:,1747647659400
counter/2/0/0/0,4470:1747647652611:,1747647659400
counter/2/0/0/0,4471:1747647652611:,1747647659401
counter/2/0/0/0,4472:1747647652611:,1747647659401
counter/2/0/0/0,4473:1747647652611:,1747647659401
counter/2/0/0/0,4474:1747647652613:,1747647659401
counter/5/0/0/0,4742:1747647653077:,1747647659401
counter/5/0/0/0,4743:1747647653077:,1747647659401
counter/6/0/0/0,4338:1747647653338:,1747647659403
counter/8/0/0/0,5175:1747647653076:,1747647659403
counter/6/0/0/0,4339:1747647653340:,1747647659403
counter/6/0/0/0,4340:1747647653340:,1747647659403
counter/6/0/0/0,4341:1747647653341:,1747647659404
counter/6/0/0/0,4342:1747647653341:,1747647659404
counter/6/0/0/0,4343:1747647653341:,1747647659404
counter/6/0/0/0,4344:1747647653341:,1747647659404
counter/6/0/0/0,4345:1747647653341:,1747647659404
counter/6/0/0/0,4346:1747647653341:,1747647659405
counter/7/0/0/0,4723:1747647653277:,1747647659405
counter/3/0/0/0,4912:1747647653382:,1747647659405
counter/3/0/0/0,4913:1747647653382:,1747647659405
counter/3/0/0/0,4914:1747647653382:,1747647659405
counter/3/0/0/0,4915:1747647653383:,1747647659405
counter/2/0/0/0,4475:1747647652614:,1747647659405
counter/8/0/0/0,5176:1747647653076:,1747647659405
counter/8/0/0/0,5177:1747647653076:,1747647659405
counter/8/0/0/0,5178:1747647653076:,1747647659405
counter/2/0/0/0,4476:1747647652614:,1747647659406
counter/2/0/0/0,4477:1747647652619:,1747647659406
counter/2/0/0/0,4478:1747647652619:,1747647659406
counter/2/0/0/0,4479:1747647652619:,1747647659406
counter/2/0/0/0,4480:1747647652619:,1747647659406
counter/2/0/0/0,4481:1747647652622:,1747647659407
counter/2/0/0/0,4482:1747647652623:,1747647659407
counter/2/0/0/0,4483:1747647652623:,1747647659407
counter/2/0/0/0,4484:1747647652623:,1747647659407
counter/2/0/0/0,4485:1747647652623:,1747647659407
counter/2/0/0/0,4486:1747647652623:,1747647659407
counter/10/0/0/0,4502:1747647653208:,1747647659407
counter/10/0/0/0,4503:1747647653216:,1747647659407
counter/10/0/0/0,4504:1747647653216:,1747647659407
counter/10/0/0/0,4505:1747647653216:,1747647659407
counter/10/0/0/0,4506:1747647653216:,1747647659408
counter/10/0/0/0,4507:1747647653216:,1747647659408
counter/6/0/0/0,4347:1747647653341:,1747647659408
counter/6/0/0/0,4348:1747647653341:,1747647659408
counter/3/0/0/0,4916:1747647653383:,1747647659408
counter/8/0/0/0,5179:1747647653076:,1747647659409
counter/8/0/0/0,5180:1747647653076:,1747647659409
counter/8/0/0/0,5181:1747647653076:,1747647659409
counter/8/0/0/0,5182:1747647653076:,1747647659409
counter/8/0/0/0,5183:1747647653076:,1747647659409
counter/8/0/0/0,5184:1747647653076:,1747647659409
counter/8/0/0/0,5185:1747647653079:,1747647659409
counter/8/0/0/0,5186:1747647653079:,1747647659409
counter/9/0/0/0,4925:1747647653413:,1747647659409
counter/4/0/0/0,5070:1747647653721:,1747647659410
counter/4/0/0/0,5071:1747647653721:,1747647659410
counter/4/0/0/0,5072:1747647653721:,1747647659410
counter/4/0/0/0,5073:1747647653721:,1747647659410
counter/4/0/0/0,5074:1747647653721:,1747647659410
counter/4/0/0/0,5075:1747647653721:,1747647659410
counter/3/0/0/0,4917:1747647653383:,1747647659411
counter/8/0/0/0,5187:1747647653079:,1747647659411
counter/3/0/0/0,4918:1747647653383:,1747647659411
counter/9/0/0/0,4926:1747647653414:,1747647659411
counter/8/0/0/0,5188:1747647653079:,1747647659411
counter/9/0/0/0,4927:1747647653414:,1747647659411
counter/9/0/0/0,4928:1747647653414:,1747647659411
counter/9/0/0/0,4929:1747647653414:,1747647659411
counter/10/0/0/0,4508:1747647653216:,1747647659412
counter/4/0/0/0,5076:1747647653721:,1747647659412
counter/5/0/0/0,4744:1747647653077:,1747647659413
counter/4/0/0/0,5077:1747647653721:,1747647659414
counter/4/0/0/0,5078:1747647653721:,1747647659414
counter/6/0/0/0,4349:1747647653342:,1747647659414
counter/4/0/0/0,5079:1747647653721:,1747647659414
counter/4/0/0/0,5080:1747647653721:,1747647659414
counter/4/0/0/0,5081:1747647653721:,1747647659414
counter/4/0/0/0,5082:1747647653722:,1747647659414
counter/4/0/0/0,5083:1747647653722:,1747647659414
counter/4/0/0/0,5084:1747647653722:,1747647659414
counter/4/0/0/0,5085:1747647653722:,1747647659414
counter/4/0/0/0,5086:1747647653722:,1747647659414
counter/4/0/0/0,5087:1747647653722:,1747647659414
counter/4/0/0/0,5088:1747647653722:,1747647659414
counter/4/0/0/0,5089:1747647653722:,1747647659414
counter/6/0/0/0,4350:1747647653342:,1747647659415
counter/6/0/0/0,4351:1747647653342:,1747647659415
counter/6/0/0/0,4352:1747647653342:,1747647659415
counter/6/0/0/0,4353:1747647653342:,1747647659415
counter/6/0/0/0,4354:1747647653342:,1747647659415
counter/6/0/0/0,4355:1747647653351:,1747647659415
counter/6/0/0/0,4356:1747647653351:,1747647659415
counter/6/0/0/0,4357:1747647653351:,1747647659415
counter/2/0/0/0,4487:1747647652623:,1747647659415
counter/9/0/0/0,4930:1747647653414:,1747647659415
counter/1/0/0/0,5103:1747647653755:,1747647659415
counter/9/0/0/0,4931:1747647653414:,1747647659415
counter/10/0/0/0,4509:1747647653216:,1747647659415
counter/5/0/0/0,4745:1747647653078:,1747647659416
counter/1/0/0/0,5104:1747647653755:,1747647659417
counter/9/0/0/0,4932:1747647653414:,1747647659420
counter/9/0/0/0,4933:1747647653414:,1747647659420
counter/4/0/0/0,5090:1747647653722:,1747647659420
counter/9/0/0/0,4934:1747647653414:,1747647659420
counter/8/0/0/0,5189:1747647653079:,1747647659421
counter/9/0/0/0,4935:1747647653414:,1747647659421
counter/8/0/0/0,5190:1747647653079:,1747647659421
counter/8/0/0/0,5191:1747647653080:,1747647659421
counter/8/0/0/0,5192:1747647653080:,1747647659421
counter/4/0/0/0,5091:1747647653722:,1747647659421
counter/7/0/0/0,4724:1747647653277:,1747647659422
counter/8/0/0/0,5193:1747647653080:,1747647659422
counter/9/0/0/0,4936:1747647653414:,1747647659422
counter/8/0/0/0,5194:1747647653080:,1747647659423
counter/8/0/0/0,5195:1747647653080:,1747647659423
counter/2/0/0/0,4488:1747647652623:,1747647659423
counter/2/0/0/0,4489:1747647652623:,1747647659423
counter/5/0/0/0,4746:1747647653078:,1747647659423
counter/2/0/0/0,4490:1747647652627:,1747647659423
counter/2/0/0/0,4491:1747647652627:,1747647659424
counter/10/0/0/0,4510:1747647653216:,1747647659425
counter/10/0/0/0,4511:1747647653216:,1747647659425
counter/10/0/0/0,4512:1747647653216:,1747647659425
counter/10/0/0/0,4513:1747647653216:,1747647659425
counter/10/0/0/0,4514:1747647653216:,1747647659425
counter/9/0/0/0,4937:1747647653414:,1747647659425
counter/10/0/0/0,4515:1747647653216:,1747647659425
counter/7/0/0/0,4725:1747647653277:,1747647659425
counter/7/0/0/0,4726:1747647653277:,1747647659425
counter/8/0/0/0,5196:1747647653085:,1747647659425
counter/6/0/0/0,4358:1747647653351:,1747647659425
counter/1/0/0/0,5105:1747647653755:,1747647659426
counter/3/0/0/0,4919:1747647653383:,1747647659426
counter/3/0/0/0,4920:1747647653383:,1747647659426
counter/3/0/0/0,4921:1747647653386:,1747647659426
counter/3/0/0/0,4922:1747647653386:,1747647659426
counter/3/0/0/0,4923:1747647653386:,1747647659426
counter/3/0/0/0,4924:1747647653386:,1747647659426
counter/1/0/0/0,5106:1747647653755:,1747647659426
counter/2/0/0/0,4492:1747647652628:,1747647659426
counter/2/0/0/0,4493:1747647652628:,1747647659427
counter/5/0/0/0,4747:1747647653078:,1747647659427
counter/2/0/0/0,4494:1747647652628:,1747647659427
counter/4/0/0/0,5092:1747647653722:,1747647659427
counter/4/0/0/0,5093:1747647653722:,1747647659427
counter/4/0/0/0,5094:1747647653722:,1747647659427
counter/4/0/0/0,5095:1747647653722:,1747647659427
counter/4/0/0/0,5096:1747647653722:,1747647659427
counter/4/0/0/0,5097:1747647653722:,1747647659427
counter/10/0/0/0,4516:1747647653216:,1747647659427
counter/10/0/0/0,4517:1747647653216:,1747647659427
counter/10/0/0/0,4518:1747647653216:,1747647659427
counter/10/0/0/0,4519:1747647653216:,1747647659427
counter/10/0/0/0,4520:1747647653216:,1747647659427
counter/10/0/0/0,4521:1747647653216:,1747647659428
counter/10/0/0/0,4522:1747647653216:,1747647659428
counter/10/0/0/0,4523:1747647653217:,1747647659428
counter/10/0/0/0,4524:1747647653217:,1747647659428
counter/10/0/0/0,4525:1747647653217:,1747647659428
counter/10/0/0/0,4526:1747647653217:,1747647659428
counter/10/0/0/0,4527:1747647653217:,1747647659428
counter/9/0/0/0,4938:1747647653414:,1747647659428
counter/9/0/0/0,4939:1747647653414:,1747647659428
counter/4/0/0/0,5098:1747647653722:,1747647659428
counter/9/0/0/0,4940:1747647653414:,1747647659428
counter/3/0/0/0,4925:1747647653386:,1747647659428
counter/3/0/0/0,4926:1747647653386:,1747647659428
counter/3/0/0/0,4927:1747647653386:,1747647659428
counter/3/0/0/0,4928:1747647653386:,1747647659428
counter/3/0/0/0,4929:1747647653386:,1747647659428
counter/8/0/0/0,5197:1747647653085:,1747647659428
counter/7/0/0/0,4727:1747647653277:,1747647659429
counter/7/0/0/0,4728:1747647653277:,1747647659429
counter/7/0/0/0,4729:1747647653277:,1747647659429
counter/7/0/0/0,4730:1747647653277:,1747647659429
counter/7/0/0/0,4731:1747647653277:,1747647659429
counter/7/0/0/0,4732:1747647653277:,1747647659429
counter/7/0/0/0,4733:1747647653277:,1747647659429
counter/6/0/0/0,4359:1747647653351:,1747647659429
counter/7/0/0/0,4734:1747647653277:,1747647659429
counter/6/0/0/0,4360:1747647653351:,1747647659429
counter/6/0/0/0,4361:1747647653351:,1747647659429
counter/6/0/0/0,4362:1747647653351:,1747647659429
counter/6/0/0/0,4363:1747647653351:,1747647659429
counter/6/0/0/0,4364:1747647653351:,1747647659429
counter/9/0/0/0,4941:1747647653414:,1747647659430
counter/9/0/0/0,4942:1747647653414:,1747647659430
counter/9/0/0/0,4943:1747647653414:,1747647659430
counter/9/0/0/0,4944:1747647653414:,1747647659430
counter/9/0/0/0,4945:1747647653414:,1747647659430
counter/3/0/0/0,4930:1747647653386:,1747647659430
counter/9/0/0/0,4946:1747647653414:,1747647659430
counter/9/0/0/0,4947:1747647653414:,1747647659430
counter/9/0/0/0,4948:1747647653414:,1747647659430
counter/9/0/0/0,4949:1747647653415:,1747647659430
counter/9/0/0/0,4950:1747647653416:,1747647659430
counter/9/0/0/0,4951:1747647653417:,1747647659431
counter/9/0/0/0,4952:1747647653417:,1747647659431
counter/9/0/0/0,4953:1747647653417:,1747647659431
counter/9/0/0/0,4954:1747647653417:,1747647659431
counter/9/0/0/0,4955:1747647653417:,1747647659431
counter/9/0/0/0,4956:1747647653417:,1747647659431
counter/3/0/0/0,4931:1747647653386:,1747647659431
counter/9/0/0/0,4957:1747647653417:,1747647659431
counter/8/0/0/0,5198:1747647653085:,1747647659431
counter/6/0/0/0,4365:1747647653351:,1747647659431
counter/8/0/0/0,5199:1747647653085:,1747647659431
counter/5/0/0/0,4748:1747647653084:,1747647659431
counter/4/0/0/0,5099:1747647653722:,1747647659431
counter/5/0/0/0,4749:1747647653084:,1747647659431
counter/4/0/0/0,5100:1747647653728:,1747647659431
counter/4/0/0/0,5101:1747647653728:,1747647659432
counter/4/0/0/0,5102:1747647653728:,1747647659432
counter/4/0/0/0,5103:1747647653728:,1747647659432
counter/4/0/0/0,5104:1747647653728:,1747647659432
counter/4/0/0/0,5105:1747647653728:,1747647659432
counter/4/0/0/0,5106:1747647653728:,1747647659432
counter/4/0/0/0,5107:1747647653728:,1747647659432
counter/4/0/0/0,5108:1747647653728:,1747647659432
counter/4/0/0/0,5109:1747647653728:,1747647659432
counter/4/0/0/0,5110:1747647653728:,1747647659432
counter/4/0/0/0,5111:1747647653728:,1747647659432
counter/4/0/0/0,5112:1747647653728:,1747647659432
counter/4/0/0/0,5113:1747647653728:,1747647659432
counter/4/0/0/0,5114:1747647653728:,1747647659432
counter/4/0/0/0,5115:1747647653728:,1747647659432
counter/8/0/0/0,5200:1747647653085:,1747647659432
counter/10/0/0/0,4528:1747647653217:,1747647659432
counter/7/0/0/0,4735:1747647653277:,1747647659433
counter/5/0/0/0,4750:1747647653085:,1747647659434
counter/1/0/0/0,5107:1747647653755:,1747647659434
counter/1/0/0/0,5108:1747647653755:,1747647659434
counter/9/0/0/0,4958:1747647653418:,1747647659434
counter/5/0/0/0,4751:1747647653085:,1747647659435
counter/5/0/0/0,4752:1747647653085:,1747647659435
counter/9/0/0/0,4959:1747647653418:,1747647659435
counter/9/0/0/0,4960:1747647653418:,1747647659435
counter/9/0/0/0,4961:1747647653418:,1747647659435
counter/9/0/0/0,4962:1747647653418:,1747647659435
counter/9/0/0/0,4963:1747647653418:,1747647659435
counter/8/0/0/0,5201:1747647653085:,1747647659435
counter/8/0/0/0,5202:1747647653085:,1747647659435
counter/10/0/0/0,4529:1747647653217:,1747647659435
counter/10/0/0/0,4530:1747647653217:,1747647659438
counter/10/0/0/0,4531:1747647653217:,1747647659438
counter/4/0/0/0,5116:1747647653728:,1747647659438
counter/7/0/0/0,4736:1747647653278:,1747647659438
counter/9/0/0/0,4964:1747647653418:,1747647659439
counter/5/0/0/0,4753:1747647653085:,1747647659439
counter/6/0/0/0,4366:1747647653351:,1747647659440
counter/6/0/0/0,4367:1747647653351:,1747647659440
counter/5/0/0/0,4754:1747647653085:,1747647659440
counter/5/0/0/0,4755:1747647653085:,1747647659440
counter/5/0/0/0,4756:1747647653085:,1747647659440
counter/5/0/0/0,4757:1747647653085:,1747647659440
counter/5/0/0/0,4758:1747647653085:,1747647659440
counter/5/0/0/0,4759:1747647653098:,1747647659440
counter/5/0/0/0,4760:1747647653098:,1747647659440
counter/10/0/0/0,4532:1747647653218:,1747647659440
counter/1/0/0/0,5109:1747647653755:,1747647659440
counter/1/0/0/0,5110:1747647653755:,1747647659440
counter/8/0/0/0,5203:1747647653085:,1747647659440
counter/8/0/0/0,5204:1747647653085:,1747647659441
counter/8/0/0/0,5205:1747647653085:,1747647659441
counter/8/0/0/0,5206:1747647653085:,1747647659441
counter/8/0/0/0,5207:1747647653087:,1747647659441
counter/8/0/0/0,5208:1747647653087:,1747647659441
counter/6/0/0/0,4368:1747647653351:,1747647659441
counter/6/0/0/0,4369:1747647653351:,1747647659441
counter/6/0/0/0,4370:1747647653351:,1747647659441
counter/4/0/0/0,5117:1747647653728:,1747647659441
counter/6/0/0/0,4371:1747647653352:,1747647659441
counter/7/0/0/0,4737:1747647653278:,1747647659441
counter/10/0/0/0,4533:1747647653218:,1747647659443
counter/2/0/0/0,4495:1747647652628:,1747647659443
counter/10/0/0/0,4534:1747647653218:,1747647659443
counter/8/0/0/0,5209:1747647653094:,1747647659443
counter/10/0/0/0,4535:1747647653218:,1747647659444
counter/2/0/0/0,4496:1747647652628:,1747647659444
counter/2/0/0/0,4497:1747647652628:,1747647659444
counter/2/0/0/0,4498:1747647652628:,1747647659444
counter/2/0/0/0,4499:1747647652628:,1747647659444
counter/2/0/0/0,4500:1747647652628:,1747647659444
counter/2/0/0/0,4501:1747647652628:,1747647659444
counter/9/0/0/0,4965:1747647653418:,1747647659445
counter/5/0/0/0,4761:1747647653098:,1747647659446
counter/5/0/0/0,4762:1747647653098:,1747647659446
counter/7/0/0/0,4738:1747647653278:,1747647659446
counter/5/0/0/0,4763:1747647653098:,1747647659447
counter/5/0/0/0,4764:1747647653098:,1747647659447
counter/5/0/0/0,4765:1747647653098:,1747647659447
counter/5/0/0/0,4766:1747647653098:,1747647659447
counter/5/0/0/0,4767:1747647653098:,1747647659447
counter/9/0/0/0,4966:1747647653418:,1747647659448
counter/3/0/0/0,4932:1747647653386:,1747647659448
counter/7/0/0/0,4739:1747647653278:,1747647659449
counter/5/0/0/0,4768:1747647653098:,1747647659449
counter/5/0/0/0,4769:1747647653098:,1747647659449
counter/5/0/0/0,4770:1747647653117:,1747647659449
counter/5/0/0/0,4771:1747647653117:,1747647659449
counter/5/0/0/0,4772:1747647653120:,1747647659449
counter/5/0/0/0,4773:1747647653122:,1747647659449
counter/5/0/0/0,4774:1747647653130:,1747647659449
counter/5/0/0/0,4775:1747647653130:,1747647659449
counter/7/0/0/0,4740:1747647653278:,1747647659451
counter/8/0/0/0,5210:1747647653094:,1747647659451
counter/7/0/0/0,4741:1747647653278:,1747647659451
counter/5/0/0/0,4776:1747647653130:,1747647659452
counter/5/0/0/0,4777:1747647653130:,1747647659452
counter/5/0/0/0,4778:1747647653130:,1747647659452
counter/5/0/0/0,4779:1747647653130:,1747647659452
counter/5/0/0/0,4780:1747647653130:,1747647659452
counter/2/0/0/0,4502:1747647652628:,1747647659452
counter/7/0/0/0,4742:1747647653278:,1747647659452
counter/6/0/0/0,4372:1747647653356:,1747647659452
counter/4/0/0/0,5118:1747647653728:,1747647659452
counter/6/0/0/0,4373:1747647653356:,1747647659452
counter/3/0/0/0,4933:1747647653386:,1747647659452
counter/10/0/0/0,4536:1747647653218:,1747647659453
counter/9/0/0/0,4967:1747647653418:,1747647659453
counter/1/0/0/0,5111:1747647653755:,1747647659454
counter/10/0/0/0,4537:1747647653218:,1747647659454
counter/7/0/0/0,4743:1747647653278:,1747647659454
counter/4/0/0/0,5119:1747647653729:,1747647659454
counter/4/0/0/0,5120:1747647653729:,1747647659454
counter/4/0/0/0,5121:1747647653729:,1747647659454
counter/4/0/0/0,5122:1747647653729:,1747647659455
counter/4/0/0/0,5123:1747647653731:,1747647659455
counter/4/0/0/0,5124:1747647653731:,1747647659455
counter/4/0/0/0,5125:1747647653731:,1747647659455
counter/4/0/0/0,5126:1747647653731:,1747647659455
counter/3/0/0/0,4934:1747647653386:,1747647659455
counter/7/0/0/0,4744:1747647653278:,1747647659455
counter/7/0/0/0,4745:1747647653278:,1747647659455
counter/9/0/0/0,4968:1747647653418:,1747647659455
counter/9/0/0/0,4969:1747647653418:,1747647659455
counter/4/0/0/0,5127:1747647653731:,1747647659456
counter/4/0/0/0,5128:1747647653731:,1747647659456
counter/7/0/0/0,4746:1747647653278:,1747647659456
counter/3/0/0/0,4935:1747647653386:,1747647659456
counter/9/0/0/0,4970:1747647653418:,1747647659458
counter/9/0/0/0,4971:1747647653418:,1747647659458
counter/9/0/0/0,4972:1747647653418:,1747647659458
counter/9/0/0/0,4973:1747647653418:,1747647659458
counter/9/0/0/0,4974:1747647653422:,1747647659458
counter/9/0/0/0,4975:1747647653422:,1747647659458
counter/9/0/0/0,4976:1747647653422:,1747647659458
counter/9/0/0/0,4977:1747647653422:,1747647659458
counter/9/0/0/0,4978:1747647653423:,1747647659458
counter/9/0/0/0,4979:1747647653429:,1747647659458
counter/9/0/0/0,4980:1747647653429:,1747647659458
counter/3/0/0/0,4936:1747647653386:,1747647659458
counter/3/0/0/0,4937:1747647653386:,1747647659458
counter/3/0/0/0,4938:1747647653392:,1747647659458
counter/3/0/0/0,4939:1747647653392:,1747647659458
counter/3/0/0/0,4940:1747647653392:,1747647659458
counter/3/0/0/0,4941:1747647653392:,1747647659459
counter/6/0/0/0,4374:1747647653356:,1747647659459
counter/9/0/0/0,4981:1747647653432:,1747647659459
counter/6/0/0/0,4375:1747647653356:,1747647659459
counter/6/0/0/0,4376:1747647653359:,1747647659459
counter/6/0/0/0,4377:1747647653359:,1747647659459
counter/6/0/0/0,4378:1747647653359:,1747647659459
counter/6/0/0/0,4379:1747647653359:,1747647659459
counter/6/0/0/0,4380:1747647653359:,1747647659459
counter/6/0/0/0,4381:1747647653359:,1747647659459
counter/6/0/0/0,4382:1747647653359:,1747647659459
counter/6/0/0/0,4383:1747647653359:,1747647659459
counter/6/0/0/0,4384:1747647653359:,1747647659459
counter/6/0/0/0,4385:1747647653359:,1747647659459
counter/6/0/0/0,4386:1747647653359:,1747647659459
counter/3/0/0/0,4942:1747647653392:,1747647659459
counter/1/0/0/0,5112:1747647653756:,1747647659460
counter/1/0/0/0,5113:1747647653756:,1747647659460
counter/1/0/0/0,5114:1747647653756:,1747647659460
counter/1/0/0/0,5115:1747647653768:,1747647659460
counter/1/0/0/0,5116:1747647653768:,1747647659460
counter/8/0/0/0,5211:1747647653094:,1747647659460
counter/8/0/0/0,5212:1747647653094:,1747647659460
counter/4/0/0/0,5129:1747647653731:,1747647659460
counter/8/0/0/0,5213:1747647653097:,1747647659460
counter/8/0/0/0,5214:1747647653097:,1747647659460
counter/1/0/0/0,5117:1747647653768:,1747647659460
counter/1/0/0/0,5118:1747647653768:,1747647659461
counter/1/0/0/0,5119:1747647653768:,1747647659461
counter/1/0/0/0,5120:1747647653768:,1747647659461
counter/1/0/0/0,5121:1747647653768:,1747647659461
counter/5/0/0/0,4781:1747647653130:,1747647659461
counter/10/0/0/0,4538:1747647653219:,1747647659461
counter/7/0/0/0,4747:1747647653278:,1747647659462
counter/1/0/0/0,5122:1747647653768:,1747647659462
counter/10/0/0/0,4539:1747647653219:,1747647659462
counter/9/0/0/0,4982:1747647653432:,1747647659464
counter/2/0/0/0,4503:1747647652631:,1747647659464
counter/2/0/0/0,4504:1747647652631:,1747647659464
counter/2/0/0/0,4505:1747647652631:,1747647659464
counter/2/0/0/0,4506:1747647652631:,1747647659464
counter/2/0/0/0,4507:1747647652631:,1747647659464
counter/2/0/0/0,4508:1747647652631:,1747647659464
counter/4/0/0/0,5130:1747647653731:,1747647659464
counter/7/0/0/0,4748:1747647653278:,1747647659464
counter/6/0/0/0,4387:1747647653359:,1747647659465
counter/8/0/0/0,5215:1747647653097:,1747647659465
counter/9/0/0/0,4983:1747647653432:,1747647659465
counter/10/0/0/0,4540:1747647653219:,1747647659465
counter/9/0/0/0,4984:1747647653432:,1747647659466
counter/9/0/0/0,4985:1747647653432:,1747647659466
counter/9/0/0/0,4986:1747647653432:,1747647659466
counter/10/0/0/0,4541:1747647653219:,1747647659466
counter/2/0/0/0,4509:1747647652631:,1747647659466
counter/2/0/0/0,4510:1747647652632:,1747647659466
counter/6/0/0/0,4388:1747647653359:,1747647659466
counter/1/0/0/0,5123:1747647653768:,1747647659467
counter/7/0/0/0,4749:1747647653278:,1747647659467
counter/9/0/0/0,4987:1747647653432:,1747647659469
counter/1/0/0/0,5124:1747647653768:,1747647659470
counter/1/0/0/0,5125:1747647653768:,1747647659470
counter/1/0/0/0,5126:1747647653768:,1747647659470
counter/10/0/0/0,4542:1747647653219:,1747647659470
counter/10/0/0/0,4543:1747647653219:,1747647659470
counter/10/0/0/0,4544:1747647653219:,1747647659470
counter/10/0/0/0,4545:1747647653219:,1747647659470
counter/10/0/0/0,4546:1747647653219:,1747647659470
counter/10/0/0/0,4547:1747647653219:,1747647659470
counter/10/0/0/0,4548:1747647653219:,1747647659470
counter/10/0/0/0,4549:1747647653220:,1747647659470
counter/10/0/0/0,4550:1747647653220:,1747647659470
counter/10/0/0/0,4551:1747647653220:,1747647659470
counter/10/0/0/0,4552:1747647653220:,1747647659470
counter/10/0/0/0,4553:1747647653220:,1747647659470
counter/10/0/0/0,4554:1747647653220:,1747647659470
counter/10/0/0/0,4555:1747647653220:,1747647659470
counter/10/0/0/0,4556:1747647653220:,1747647659470
counter/9/0/0/0,4988:1747647653432:,1747647659470
counter/10/0/0/0,4557:1747647653220:,1747647659470
counter/10/0/0/0,4558:1747647653220:,1747647659470
counter/10/0/0/0,4559:1747647653220:,1747647659470
counter/1/0/0/0,5127:1747647653880:,1747647659470
counter/10/0/0/0,4560:1747647653220:,1747647659470
counter/7/0/0/0,4750:1747647653279:,1747647659470
counter/1/0/0/0,5128:1747647653880:,1747647659471
counter/1/0/0/0,5129:1747647653880:,1747647659471
counter/1/0/0/0,5130:1747647653880:,1747647659471
counter/2/0/0/0,4511:1747647652632:,1747647659471
counter/2/0/0/0,4512:1747647652632:,1747647659471
counter/4/0/0/0,5131:1747647653731:,1747647659471
counter/4/0/0/0,5132:1747647653731:,1747647659471
counter/4/0/0/0,5133:1747647653731:,1747647659471
counter/4/0/0/0,5134:1747647653734:,1747647659471
counter/4/0/0/0,5135:1747647653735:,1747647659472
counter/4/0/0/0,5136:1747647653735:,1747647659472
counter/4/0/0/0,5137:1747647653735:,1747647659472
counter/8/0/0/0,5216:1747647653097:,1747647659472
counter/8/0/0/0,5217:1747647653097:,1747647659472
counter/9/0/0/0,4989:1747647653432:,1747647659472
counter/9/0/0/0,4990:1747647653432:,1747647659472
counter/9/0/0/0,4991:1747647653432:,1747647659472
counter/9/0/0/0,4992:1747647653432:,1747647659472
counter/9/0/0/0,4993:1747647653433:,1747647659473
counter/9/0/0/0,4994:1747647653433:,1747647659473
counter/9/0/0/0,4995:1747647653433:,1747647659473
counter/9/0/0/0,4996:1747647653433:,1747647659473
counter/1/0/0/0,5131:1747647653880:,1747647659473
counter/2/0/0/0,4513:1747647652632:,1747647659473
counter/1/0/0/0,5132:1747647653880:,1747647659473
counter/2/0/0/0,4514:1747647652632:,1747647659473
counter/8/0/0/0,5218:1747647653097:,1747647659475
counter/4/0/0/0,5138:1747647653735:,1747647659475
counter/10/0/0/0,4561:1747647653220:,1747647659475
counter/10/0/0/0,4562:1747647653220:,1747647659476
counter/10/0/0/0,4563:1747647653220:,1747647659476
counter/10/0/0/0,4564:1747647653220:,1747647659476
counter/10/0/0/0,4565:1747647653220:,1747647659476
counter/10/0/0/0,4566:1747647653221:,1747647659476
counter/10/0/0/0,4567:1747647653221:,1747647659476
counter/2/0/0/0,4515:1747647652632:,1747647659476
counter/4/0/0/0,5139:1747647653735:,1747647659476
counter/1/0/0/0,5133:1747647653881:,1747647659476
counter/3/0/0/0,4943:1747647653392:,1747647659476
counter/3/0/0/0,4944:1747647653392:,1747647659476
counter/3/0/0/0,4945:1747647653399:,1747647659477
counter/3/0/0/0,4946:1747647653399:,1747647659477
counter/3/0/0/0,4947:1747647653399:,1747647659477
counter/3/0/0/0,4948:1747647653399:,1747647659477
counter/3/0/0/0,4949:1747647653399:,1747647659477
counter/3/0/0/0,4950:1747647653399:,1747647659477
counter/3/0/0/0,4951:1747647653400:,1747647659477
counter/5/0/0/0,4782:1747647653130:,1747647659478
counter/5/0/0/0,4783:1747647653130:,1747647659478
counter/5/0/0/0,4784:1747647653130:,1747647659478
counter/4/0/0/0,5140:1747647653735:,1747647659478
counter/4/0/0/0,5141:1747647653739:,1747647659478
counter/4/0/0/0,5142:1747647653739:,1747647659478
counter/4/0/0/0,5143:1747647653739:,1747647659478
counter/4/0/0/0,5144:1747647653739:,1747647659478
counter/9/0/0/0,4997:1747647653440:,1747647659478
counter/4/0/0/0,5145:1747647653739:,1747647659479
counter/5/0/0/0,4785:1747647653130:,1747647659479
counter/5/0/0/0,4786:1747647653130:,1747647659479
counter/5/0/0/0,4787:1747647653130:,1747647659479
counter/5/0/0/0,4788:1747647653130:,1747647659479
counter/5/0/0/0,4789:1747647653130:,1747647659479
counter/5/0/0/0,4790:1747647653137:,1747647659479
counter/6/0/0/0,4389:1747647653359:,1747647659479
counter/9/0/0/0,4998:1747647653440:,1747647659480
counter/4/0/0/0,5146:1747647653739:,1747647659480
counter/8/0/0/0,5219:1747647653097:,1747647659481
counter/8/0/0/0,5220:1747647653097:,1747647659481
counter/8/0/0/0,5221:1747647653097:,1747647659481
counter/1/0/0/0,5134:1747647653881:,1747647659481
counter/1/0/0/0,5135:1747647653881:,1747647659481
counter/1/0/0/0,5136:1747647653881:,1747647659481
counter/1/0/0/0,5137:1747647653884:,1747647659481
counter/1/0/0/0,5138:1747647653884:,1747647659481
counter/1/0/0/0,5139:1747647653884:,1747647659481
counter/5/0/0/0,4791:1747647653138:,1747647659483
counter/6/0/0/0,4390:1747647653359:,1747647659483
counter/7/0/0/0,4751:1747647653279:,1747647659485
counter/3/0/0/0,4952:1747647653400:,1747647659485
counter/1/0/0/0,5140:1747647653884:,1747647659485
counter/1/0/0/0,5141:1747647653884:,1747647659485
counter/1/0/0/0,5142:1747647653884:,1747647659485
counter/9/0/0/0,4999:1747647653440:,1747647659486
counter/9/0/0/0,5000:1747647653440:,1747647659487
counter/9/0/0/0,5001:1747647653440:,1747647659487
counter/9/0/0/0,5002:1747647653440:,1747647659487
counter/9/0/0/0,5003:1747647653440:,1747647659487
counter/9/0/0/0,5004:1747647653440:,1747647659487
counter/9/0/0/0,5005:1747647653440:,1747647659487
counter/9/0/0/0,5006:1747647653440:,1747647659487
counter/8/0/0/0,5222:1747647653097:,1747647659488
counter/9/0/0/0,5007:1747647653445:,1747647659489
counter/3/0/0/0,4953:1747647653400:,1747647659489
counter/3/0/0/0,4954:1747647653400:,1747647659490
counter/3/0/0/0,4955:1747647653400:,1747647659490
counter/3/0/0/0,4956:1747647653400:,1747647659490
counter/3/0/0/0,4957:1747647653400:,1747647659490
counter/3/0/0/0,4958:1747647653401:,1747647659490
counter/3/0/0/0,4959:1747647653402:,1747647659490
counter/3/0/0/0,4960:1747647653402:,1747647659490
counter/8/0/0/0,5223:1747647653097:,1747647659490
counter/2/0/0/0,4516:1747647652632:,1747647659491
counter/9/0/0/0,5008:1747647653448:,1747647659491
counter/9/0/0/0,5009:1747647653448:,1747647659491
counter/9/0/0/0,5010:1747647653448:,1747647659491
counter/9/0/0/0,5011:1747647653448:,1747647659491
counter/9/0/0/0,5012:1747647653448:,1747647659492
counter/9/0/0/0,5013:1747647653448:,1747647659492
counter/9/0/0/0,5014:1747647653448:,1747647659492
counter/9/0/0/0,5015:1747647653448:,1747647659492
counter/9/0/0/0,5016:1747647653449:,1747647659492
counter/5/0/0/0,4792:1747647653138:,1747647659492
counter/9/0/0/0,5017:1747647653449:,1747647659492
counter/7/0/0/0,4752:1747647653280:,1747647659492
counter/9/0/0/0,5018:1747647653449:,1747647659492
counter/9/0/0/0,5019:1747647653449:,1747647659492
counter/1/0/0/0,5143:1747647653884:,1747647659492
counter/1/0/0/0,5144:1747647653884:,1747647659492
counter/9/0/0/0,5020:1747647653449:,1747647659493
counter/9/0/0/0,5021:1747647653449:,1747647659493
counter/9/0/0/0,5022:1747647653449:,1747647659493
counter/9/0/0/0,5023:1747647653449:,1747647659493
counter/9/0/0/0,5024:1747647653449:,1747647659493
counter/9/0/0/0,5025:1747647653458:,1747647659493
counter/9/0/0/0,5026:1747647653458:,1747647659493
counter/9/0/0/0,5027:1747647653458:,1747647659493
counter/9/0/0/0,5028:1747647653458:,1747647659493
counter/9/0/0/0,5029:1747647653458:,1747647659493
counter/3/0/0/0,4961:1747647653402:,1747647659493
counter/9/0/0/0,5030:1747647653458:,1747647659493
counter/9/0/0/0,5031:1747647653458:,1747647659493
counter/9/0/0/0,5032:1747647653458:,1747647659493
counter/9/0/0/0,5033:1747647653458:,1747647659493
counter/9/0/0/0,5034:1747647653458:,1747647659493
counter/9/0/0/0,5035:1747647653458:,1747647659493
counter/9/0/0/0,5036:1747647653458:,1747647659493
counter/9/0/0/0,5037:1747647653459:,1747647659493
counter/5/0/0/0,4793:1747647653138:,1747647659494
counter/9/0/0/0,5038:1747647653459:,1747647659494
counter/9/0/0/0,5039:1747647653459:,1747647659494
counter/9/0/0/0,5040:1747647653459:,1747647659494
counter/1/0/0/0,5145:1747647653884:,1747647659494
counter/9/0/0/0,5041:1747647653461:,1747647659494
counter/4/0/0/0,5147:1747647653739:,1747647659495
counter/4/0/0/0,5148:1747647653739:,1747647659495
counter/4/0/0/0,5149:1747647653739:,1747647659495
counter/4/0/0/0,5150:1747647653739:,1747647659495
counter/4/0/0/0,5151:1747647653739:,1747647659495
counter/6/0/0/0,4391:1747647653359:,1747647659495
counter/7/0/0/0,4753:1747647653280:,1747647659496
counter/2/0/0/0,4517:1747647652632:,1747647659496
counter/4/0/0/0,5152:1747647653739:,1747647659496
counter/4/0/0/0,5153:1747647653739:,1747647659496
counter/4/0/0/0,5154:1747647653739:,1747647659496
counter/4/0/0/0,5155:1747647653739:,1747647659496
counter/4/0/0/0,5156:1747647653739:,1747647659496
counter/4/0/0/0,5157:1747647653740:,1747647659496
counter/4/0/0/0,5158:1747647653740:,1747647659496
counter/4/0/0/0,5159:1747647653740:,1747647659496
counter/4/0/0/0,5160:1747647653740:,1747647659496
counter/4/0/0/0,5161:1747647653740:,1747647659496
counter/5/0/0/0,4794:1747647653138:,1747647659497
counter/5/0/0/0,4795:1747647653138:,1747647659497
counter/5/0/0/0,4796:1747647653138:,1747647659497
counter/5/0/0/0,4797:1747647653138:,1747647659497
counter/4/0/0/0,5162:1747647653740:,1747647659498
counter/9/0/0/0,5042:1747647653461:,1747647659498
counter/9/0/0/0,5043:1747647653461:,1747647659498
counter/9/0/0/0,5044:1747647653461:,1747647659498
counter/9/0/0/0,5045:1747647653461:,1747647659498
counter/9/0/0/0,5046:1747647653461:,1747647659498
counter/9/0/0/0,5047:1747647653461:,1747647659498
counter/5/0/0/0,4798:1747647653138:,1747647659498
counter/10/0/0/0,4568:1747647653221:,1747647659498
counter/4/0/0/0,5163:1747647653740:,1747647659498
counter/4/0/0/0,5164:1747647653740:,1747647659498
counter/4/0/0/0,5165:1747647653740:,1747647659499
counter/4/0/0/0,5166:1747647653740:,1747647659499
counter/4/0/0/0,5167:1747647653740:,1747647659499
counter/4/0/0/0,5168:1747647653741:,1747647659499
counter/4/0/0/0,5169:1747647653741:,1747647659499
counter/1/0/0/0,5146:1747647653884:,1747647659499
counter/1/0/0/0,5147:1747647653884:,1747647659499
counter/3/0/0/0,4962:1747647653402:,1747647659499
counter/1/0/0/0,5148:1747647653884:,1747647659500
counter/1/0/0/0,5149:1747647653884:,1747647659500
counter/1/0/0/0,5150:1747647653884:,1747647659500
counter/1/0/0/0,5151:1747647653884:,1747647659500
counter/1/0/0/0,5152:1747647653884:,1747647659500
counter/1/0/0/0,5153:1747647653884:,1747647659500
counter/1/0/0/0,5154:1747647653885:,1747647659500
counter/1/0/0/0,5155:1747647653885:,1747647659500
counter/2/0/0/0,4518:1747647652636:,1747647659502
counter/10/0/0/0,4569:1747647653221:,1747647659502
counter/3/0/0/0,4963:1747647653402:,1747647659502
counter/5/0/0/0,4799:1747647653148:,1747647659502
counter/5/0/0/0,4800:1747647653149:,1747647659502
counter/5/0/0/0,4801:1747647653149:,1747647659502
counter/5/0/0/0,4802:1747647653149:,1747647659503
counter/5/0/0/0,4803:1747647653149:,1747647659503
counter/5/0/0/0,4804:1747647653149:,1747647659503
counter/5/0/0/0,4805:1747647653149:,1747647659503
counter/5/0/0/0,4806:1747647653149:,1747647659503
counter/5/0/0/0,4807:1747647653153:,1747647659503
counter/5/0/0/0,4808:1747647653153:,1747647659503
counter/5/0/0/0,4809:1747647653154:,1747647659503
counter/5/0/0/0,4810:1747647653157:,1747647659503
counter/5/0/0/0,4811:1747647653158:,1747647659503
counter/5/0/0/0,4812:1747647653158:,1747647659503
counter/5/0/0/0,4813:1747647653158:,1747647659503
counter/5/0/0/0,4814:1747647653160:,1747647659503
counter/5/0/0/0,4815:1747647653160:,1747647659503
counter/5/0/0/0,4816:1747647653160:,1747647659503
counter/5/0/0/0,4817:1747647653160:,1747647659503
counter/8/0/0/0,5224:1747647653097:,1747647659504
counter/6/0/0/0,4392:1747647653360:,1747647659504
counter/6/0/0/0,4393:1747647653360:,1747647659504
counter/10/0/0/0,4570:1747647653223:,1747647659504
counter/10/0/0/0,4571:1747647653223:,1747647659504
counter/10/0/0/0,4572:1747647653223:,1747647659504
counter/10/0/0/0,4573:1747647653223:,1747647659504
counter/10/0/0/0,4574:1747647653223:,1747647659505
counter/6/0/0/0,4394:1747647653368:,1747647659505
counter/4/0/0/0,5170:1747647653741:,1747647659506
counter/8/0/0/0,5225:1747647653097:,1747647659508
counter/1/0/0/0,5156:1747647653885:,1747647659508
counter/7/0/0/0,4754:1747647653280:,1747647659508
counter/1/0/0/0,5157:1747647653885:,1747647659508
counter/1/0/0/0,5158:1747647653885:,1747647659508
counter/1/0/0/0,5159:1747647653885:,1747647659508
counter/1/0/0/0,5160:1747647653885:,1747647659508
counter/4/0/0/0,5171:1747647653741:,1747647659508
counter/10/0/0/0,4575:1747647653223:,1747647659508
counter/1/0/0/0,5161:1747647653886:,1747647659509
counter/1/0/0/0,5162:1747647653886:,1747647659509
counter/10/0/0/0,4576:1747647653223:,1747647659509
counter/1/0/0/0,5163:1747647653895:,1747647659509
counter/6/0/0/0,4395:1747647653368:,1747647659513
counter/5/0/0/0,4818:1747647653160:,1747647659513
counter/5/0/0/0,4819:1747647653160:,1747647659514
counter/4/0/0/0,5172:1747647653741:,1747647659514
counter/2/0/0/0,4519:1747647652636:,1747647659514
counter/10/0/0/0,4577:1747647653224:,1747647659514
counter/3/0/0/0,4964:1747647653402:,1747647659515
counter/2/0/0/0,4520:1747647652636:,1747647659515
counter/6/0/0/0,4396:1747647653368:,1747647659515
counter/1/0/0/0,5164:1747647653895:,1747647659515
counter/1/0/0/0,5165:1747647653895:,1747647659515
counter/1/0/0/0,5166:1747647653895:,1747647659515
counter/1/0/0/0,5167:1747647653895:,1747647659516
counter/1/0/0/0,5168:1747647653895:,1747647659516
counter/1/0/0/0,5169:1747647653896:,1747647659516
counter/1/0/0/0,5170:1747647653910:,1747647659516
counter/1/0/0/0,5171:1747647653910:,1747647659516
counter/1/0/0/0,5172:1747647653910:,1747647659516
counter/1/0/0/0,5173:1747647653910:,1747647659516
counter/1/0/0/0,5174:1747647653914:,1747647659516
counter/1/0/0/0,5175:1747647653915:,1747647659516
counter/1/0/0/0,5176:1747647653915:,1747647659516
counter/1/0/0/0,5177:1747647653915:,1747647659516
counter/1/0/0/0,5178:1747647653915:,1747647659516
counter/7/0/0/0,4755:1747647653283:,1747647659516
counter/1/0/0/0,5179:1747647653915:,1747647659516
counter/3/0/0/0,4965:1747647653410:,1747647659516
counter/4/0/0/0,5173:1747647653741:,1747647659517
counter/6/0/0/0,4397:1747647653368:,1747647659517
counter/6/0/0/0,4398:1747647653368:,1747647659517
counter/10/0/0/0,4578:1747647653224:,1747647659517
counter/1/0/0/0,5180:1747647653915:,1747647659517
counter/10/0/0/0,4579:1747647653224:,1747647659517
counter/1/0/0/0,5181:1747647653915:,1747647659518
counter/10/0/0/0,4580:1747647653224:,1747647659518
counter/1/0/0/0,5182:1747647653915:,1747647659518
counter/10/0/0/0,4581:1747647653224:,1747647659518
counter/1/0/0/0,5183:1747647653919:,1747647659518
counter/10/0/0/0,4582:1747647653224:,1747647659518
counter/1/0/0/0,5184:1747647653919:,1747647659518
counter/10/0/0/0,4583:1747647653224:,1747647659518
counter/3/0/0/0,4966:1747647653410:,1747647659519
counter/4/0/0/0,5174:1747647653741:,1747647659519
counter/2/0/0/0,4521:1747647652636:,1747647659519
counter/6/0/0/0,4399:1747647653368:,1747647659519
counter/6/0/0/0,4400:1747647653368:,1747647659519
counter/2/0/0/0,4522:1747647652636:,1747647659520
counter/6/0/0/0,4401:1747647653368:,1747647659520
counter/2/0/0/0,4523:1747647652636:,1747647659520
counter/8/0/0/0,5226:1747647653097:,1747647659521
counter/8/0/0/0,5227:1747647653097:,1747647659521
counter/8/0/0/0,5228:1747647653100:,1747647659521
counter/8/0/0/0,5229:1747647653100:,1747647659522
counter/8/0/0/0,5230:1747647653100:,1747647659522
counter/8/0/0/0,5231:1747647653100:,1747647659522
counter/8/0/0/0,5232:1747647653100:,1747647659522
counter/5/0/0/0,4820:1747647653160:,1747647659522
counter/6/0/0/0,4402:1747647653369:,1747647659523
counter/6/0/0/0,4403:1747647653369:,1747647659523
counter/6/0/0/0,4404:1747647653369:,1747647659523
counter/6/0/0/0,4405:1747647653369:,1747647659523
counter/6/0/0/0,4406:1747647653369:,1747647659523
counter/3/0/0/0,4967:1747647653410:,1747647659524
counter/3/0/0/0,4968:1747647653410:,1747647659524
counter/6/0/0/0,4407:1747647653369:,1747647659524
counter/3/0/0/0,4969:1747647653410:,1747647659524
counter/3/0/0/0,4970:1747647653410:,1747647659524
counter/3/0/0/0,4971:1747647653410:,1747647659524
counter/3/0/0/0,4972:1747647653411:,1747647659524
counter/3/0/0/0,4973:1747647653411:,1747647659524
counter/3/0/0/0,4974:1747647653411:,1747647659524
counter/3/0/0/0,4975:1747647653411:,1747647659524
counter/10/0/0/0,4584:1747647653224:,1747647659524
counter/10/0/0/0,4585:1747647653229:,1747647659524
counter/10/0/0/0,4586:1747647653229:,1747647659525
counter/1/0/0/0,5185:1747647653919:,1747647659525
counter/3/0/0/0,4976:1747647653411:,1747647659525
counter/9/0/0/0,5048:1747647653461:,1747647659526
counter/9/0/0/0,5049:1747647653464:,1747647659526
counter/9/0/0/0,5050:1747647653465:,1747647659526
counter/9/0/0/0,5051:1747647653465:,1747647659526
counter/9/0/0/0,5052:1747647653465:,1747647659526
counter/9/0/0/0,5053:1747647653465:,1747647659526
counter/9/0/0/0,5054:1747647653465:,1747647659526
counter/9/0/0/0,5055:1747647653465:,1747647659526
counter/2/0/0/0,4524:1747647652636:,1747647659527
counter/6/0/0/0,4408:1747647653369:,1747647659527
counter/8/0/0/0,5233:1747647653100:,1747647659529
counter/7/0/0/0,4756:1747647653283:,1747647659530
counter/7/0/0/0,4757:1747647653283:,1747647659530
counter/7/0/0/0,4758:1747647653283:,1747647659530
counter/7/0/0/0,4759:1747647653283:,1747647659530
counter/7/0/0/0,4760:1747647653283:,1747647659530
counter/7/0/0/0,4761:1747647653283:,1747647659530
counter/7/0/0/0,4762:1747647653283:,1747647659530
counter/7/0/0/0,4763:1747647653283:,1747647659530
counter/4/0/0/0,5175:1747647653741:,1747647659530
counter/4/0/0/0,5176:1747647653741:,1747647659530
counter/4/0/0/0,5177:1747647653741:,1747647659531
counter/4/0/0/0,5178:1747647653741:,1747647659531
counter/6/0/0/0,4409:1747647653369:,1747647659531
counter/6/0/0/0,4410:1747647653369:,1747647659531
counter/6/0/0/0,4411:1747647653374:,1747647659531
counter/7/0/0/0,4764:1747647653283:,1747647659531
counter/7/0/0/0,4765:1747647653286:,1747647659531
counter/7/0/0/0,4766:1747647653286:,1747647659531
counter/7/0/0/0,4767:1747647653286:,1747647659531
counter/7/0/0/0,4768:1747647653286:,1747647659531
counter/7/0/0/0,4769:1747647653286:,1747647659531
counter/7/0/0/0,4770:1747647653286:,1747647659531
counter/4/0/0/0,5179:1747647653741:,1747647659531
counter/4/0/0/0,5180:1747647653741:,1747647659531
counter/6/0/0/0,4412:1747647653374:,1747647659531
counter/3/0/0/0,4977:1747647653411:,1747647659532
counter/3/0/0/0,4978:1747647653411:,1747647659532
counter/3/0/0/0,4979:1747647653411:,1747647659532
counter/3/0/0/0,4980:1747647653411:,1747647659532
counter/10/0/0/0,4587:1747647653229:,1747647659532
counter/9/0/0/0,5056:1747647653465:,1747647659532
counter/1/0/0/0,5186:1747647653919:,1747647659534
counter/1/0/0/0,5187:1747647653919:,1747647659534
counter/1/0/0/0,5188:1747647653919:,1747647659534
counter/1/0/0/0,5189:1747647653919:,1747647659534
counter/1/0/0/0,5190:1747647653919:,1747647659534
counter/1/0/0/0,5191:1747647653926:,1747647659534
counter/1/0/0/0,5192:1747647653926:,1747647659534
counter/1/0/0/0,5193:1747647653926:,1747647659534
counter/2/0/0/0,4525:1747647652636:,1747647659535
counter/5/0/0/0,4821:1747647653160:,1747647659535
counter/6/0/0/0,4413:1747647653374:,1747647659535
counter/3/0/0/0,4981:1747647653411:,1747647659535
counter/3/0/0/0,4982:1747647653411:,1747647659535
counter/3/0/0/0,4983:1747647653411:,1747647659535
counter/3/0/0/0,4984:1747647653411:,1747647659535
counter/3/0/0/0,4985:1747647653411:,1747647659535
counter/3/0/0/0,4986:1747647653411:,1747647659535
counter/9/0/0/0,5057:1747647653465:,1747647659535
counter/9/0/0/0,5058:1747647653465:,1747647659535
counter/9/0/0/0,5059:1747647653465:,1747647659535
counter/9/0/0/0,5060:1747647653465:,1747647659535
counter/9/0/0/0,5061:1747647653465:,1747647659535
counter/9/0/0/0,5062:1747647653471:,1747647659535
counter/9/0/0/0,5063:1747647653471:,1747647659535
counter/9/0/0/0,5064:1747647653471:,1747647659535
counter/4/0/0/0,5181:1747647653741:,1747647659535
counter/5/0/0/0,4822:1747647653160:,1747647659535
counter/5/0/0/0,4823:1747647653160:,1747647659535
counter/6/0/0/0,4414:1747647653374:,1747647659535
counter/8/0/0/0,5234:1747647653101:,1747647659536
counter/6/0/0/0,4415:1747647653374:,1747647659537
counter/5/0/0/0,4824:1747647653160:,1747647659537
counter/8/0/0/0,5235:1747647653101:,1747647659537
counter/8/0/0/0,5236:1747647653101:,1747647659537
counter/8/0/0/0,5237:1747647653101:,1747647659537
counter/8/0/0/0,5238:1747647653102:,1747647659537
counter/8/0/0/0,5239:1747647653102:,1747647659537
counter/8/0/0/0,5240:1747647653102:,1747647659537
counter/8/0/0/0,5241:1747647653102:,1747647659537
counter/8/0/0/0,5242:1747647653102:,1747647659537
counter/9/0/0/0,5065:1747647653471:,1747647659538
counter/10/0/0/0,4588:1747647653230:,1747647659538
counter/7/0/0/0,4771:1747647653286:,1747647659538
counter/10/0/0/0,4589:1747647653230:,1747647659538
counter/10/0/0/0,4590:1747647653230:,1747647659538
counter/10/0/0/0,4591:1747647653230:,1747647659538
counter/10/0/0/0,4592:1747647653230:,1747647659538
counter/10/0/0/0,4593:1747647653240:,1747647659538
counter/10/0/0/0,4594:1747647653240:,1747647659538
counter/4/0/0/0,5182:1747647653742:,1747647659538
counter/2/0/0/0,4526:1747647652636:,1747647659538
counter/6/0/0/0,4416:1747647653375:,1747647659538
counter/5/0/0/0,4825:1747647653169:,1747647659539
counter/5/0/0/0,4826:1747647653169:,1747647659539
counter/5/0/0/0,4827:1747647653169:,1747647659539
counter/4/0/0/0,5183:1747647653742:,1747647659539
counter/10/0/0/0,4595:1747647653241:,1747647659541
counter/10/0/0/0,4596:1747647653241:,1747647659541
counter/10/0/0/0,4597:1747647653241:,1747647659541
counter/6/0/0/0,4417:1747647653375:,1747647659541
counter/6/0/0/0,4418:1747647653375:,1747647659541
counter/6/0/0/0,4419:1747647653375:,1747647659541
counter/6/0/0/0,4420:1747647653375:,1747647659541
counter/3/0/0/0,4987:1747647653411:,1747647659541
counter/9/0/0/0,5066:1747647653471:,1747647659541
counter/9/0/0/0,5067:1747647653475:,1747647659542
counter/9/0/0/0,5068:1747647653475:,1747647659542
counter/9/0/0/0,5069:1747647653475:,1747647659542
counter/9/0/0/0,5070:1747647653475:,1747647659542
counter/10/0/0/0,4598:1747647653241:,1747647659542
counter/9/0/0/0,5071:1747647653475:,1747647659542
counter/10/0/0/0,4599:1747647653241:,1747647659542
counter/9/0/0/0,5072:1747647653483:,1747647659543
counter/10/0/0/0,4600:1747647653241:,1747647659543
counter/9/0/0/0,5073:1747647653483:,1747647659543
counter/6/0/0/0,4421:1747647653375:,1747647659543
counter/9/0/0/0,5074:1747647653483:,1747647659543
counter/3/0/0/0,4988:1747647653411:,1747647659543
counter/5/0/0/0,4828:1747647653169:,1747647659543
counter/1/0/0/0,5194:1747647653926:,1747647659544
counter/7/0/0/0,4772:1747647653286:,1747647659544
counter/10/0/0/0,4601:1747647653241:,1747647659544
counter/4/0/0/0,5184:1747647653742:,1747647659544
counter/4/0/0/0,5185:1747647653742:,1747647659544
counter/4/0/0/0,5186:1747647653742:,1747647659545
counter/4/0/0/0,5187:1747647653742:,1747647659545
counter/2/0/0/0,4527:1747647652636:,1747647659545
counter/8/0/0/0,5243:1747647653102:,1747647659545
counter/3/0/0/0,4989:1747647653411:,1747647659545
counter/8/0/0/0,5244:1747647653102:,1747647659545
counter/10/0/0/0,4602:1747647653241:,1747647659545
counter/10/0/0/0,4603:1747647653241:,1747647659545
counter/10/0/0/0,4604:1747647653241:,1747647659546
counter/10/0/0/0,4605:1747647653251:,1747647659546
counter/10/0/0/0,4606:1747647653251:,1747647659546
counter/10/0/0/0,4607:1747647653251:,1747647659546
counter/10/0/0/0,4608:1747647653251:,1747647659546
counter/10/0/0/0,4609:1747647653252:,1747647659546
counter/10/0/0/0,4610:1747647653252:,1747647659546
counter/6/0/0/0,4422:1747647653375:,1747647659546
counter/9/0/0/0,5075:1747647653484:,1747647659546
counter/9/0/0/0,5076:1747647653484:,1747647659546
counter/9/0/0/0,5077:1747647653484:,1747647659546
counter/8/0/0/0,5245:1747647653102:,1747647659546
counter/8/0/0/0,5246:1747647653102:,1747647659546
counter/8/0/0/0,5247:1747647653102:,1747647659546
counter/4/0/0/0,5188:1747647653742:,1747647659546
counter/4/0/0/0,5189:1747647653742:,1747647659546
counter/10/0/0/0,4611:1747647653252:,1747647659547
counter/5/0/0/0,4829:1747647653169:,1747647659547
counter/5/0/0/0,4830:1747647653169:,1747647659547
counter/5/0/0/0,4831:1747647653169:,1747647659547
counter/5/0/0/0,4832:1747647653169:,1747647659547
counter/1/0/0/0,5195:1747647653926:,1747647659547
counter/2/0/0/0,4528:1747647652636:,1747647659547
counter/2/0/0/0,4529:1747647652641:,1747647659547
counter/2/0/0/0,4530:1747647652641:,1747647659547
counter/2/0/0/0,4531:1747647652645:,1747647659547
counter/2/0/0/0,4532:1747647652645:,1747647659548
counter/2/0/0/0,4533:1747647652645:,1747647659548
counter/3/0/0/0,4990:1747647653411:,1747647659548
counter/3/0/0/0,4991:1747647653411:,1747647659548
counter/3/0/0/0,4992:1747647653413:,1747647659549
counter/3/0/0/0,4993:1747647653413:,1747647659549
counter/3/0/0/0,4994:1747647653413:,1747647659549
counter/3/0/0/0,4995:1747647653413:,1747647659549
counter/3/0/0/0,4996:1747647653413:,1747647659549
counter/4/0/0/0,5190:1747647653751:,1747647659549
counter/4/0/0/0,5191:1747647653751:,1747647659549
counter/5/0/0/0,4833:1747647653169:,1747647659549
counter/1/0/0/0,5196:1747647653926:,1747647659550
counter/1/0/0/0,5197:1747647653926:,1747647659551
counter/1/0/0/0,5198:1747647653927:,1747647659551
counter/1/0/0/0,5199:1747647653927:,1747647659551
counter/1/0/0/0,5200:1747647653927:,1747647659551
counter/9/0/0/0,5078:1747647653484:,1747647659551
counter/6/0/0/0,4423:1747647653375:,1747647659551
counter/6/0/0/0,4424:1747647653375:,1747647659551
counter/6/0/0/0,4425:1747647653375:,1747647659551
counter/6/0/0/0,4426:1747647653375:,1747647659551
counter/6/0/0/0,4427:1747647653375:,1747647659551
counter/6/0/0/0,4428:1747647653377:,1747647659552
counter/6/0/0/0,4429:1747647653377:,1747647659552
counter/6/0/0/0,4430:1747647653377:,1747647659552
counter/8/0/0/0,5248:1747647653102:,1747647659552
counter/8/0/0/0,5249:1747647653102:,1747647659552
counter/8/0/0/0,5250:1747647653102:,1747647659552
counter/8/0/0/0,5251:1747647653108:,1747647659552
counter/8/0/0/0,5252:1747647653112:,1747647659552
counter/8/0/0/0,5253:1747647653112:,1747647659552
counter/8/0/0/0,5254:1747647653112:,1747647659553
counter/8/0/0/0,5255:1747647653112:,1747647659553
counter/8/0/0/0,5256:1747647653112:,1747647659553
counter/8/0/0/0,5257:1747647653112:,1747647659553
counter/6/0/0/0,4431:1747647653377:,1747647659553
counter/6/0/0/0,4432:1747647653377:,1747647659553
counter/3/0/0/0,4997:1747647653413:,1747647659553
counter/3/0/0/0,4998:1747647653416:,1747647659553
counter/3/0/0/0,4999:1747647653416:,1747647659553
counter/3/0/0/0,5000:1747647653416:,1747647659553
counter/3/0/0/0,5001:1747647653416:,1747647659553
counter/3/0/0/0,5002:1747647653416:,1747647659553
counter/3/0/0/0,5003:1747647653416:,1747647659553
counter/3/0/0/0,5004:1747647653416:,1747647659554
counter/3/0/0/0,5005:1747647653416:,1747647659554
counter/3/0/0/0,5006:1747647653422:,1747647659554
counter/3/0/0/0,5007:1747647653422:,1747647659554
counter/1/0/0/0,5201:1747647653927:,1747647659554
counter/2/0/0/0,4534:1747647652645:,1747647659554
counter/1/0/0/0,5202:1747647653927:,1747647659554
counter/1/0/0/0,5203:1747647653927:,1747647659554
counter/1/0/0/0,5204:1747647653927:,1747647659554
counter/1/0/0/0,5205:1747647653927:,1747647659554
counter/1/0/0/0,5206:1747647653927:,1747647659554
counter/1/0/0/0,5207:1747647653927:,1747647659554
counter/1/0/0/0,5208:1747647653927:,1747647659554
counter/5/0/0/0,4834:1747647653170:,1747647659554
counter/4/0/0/0,5192:1747647653751:,1747647659555
counter/4/0/0/0,5193:1747647653752:,1747647659555
counter/4/0/0/0,5194:1747647653752:,1747647659555
counter/4/0/0/0,5195:1747647653752:,1747647659555
counter/4/0/0/0,5196:1747647653752:,1747647659555
counter/4/0/0/0,5197:1747647653752:,1747647659555
counter/4/0/0/0,5198:1747647653761:,1747647659555
counter/9/0/0/0,5079:1747647653484:,1747647659555
counter/1/0/0/0,5209:1747647653927:,1747647659555
counter/5/0/0/0,4835:1747647653170:,1747647659555
counter/3/0/0/0,5008:1747647653422:,1747647659555
counter/8/0/0/0,5258:1747647653112:,1747647659555
counter/8/0/0/0,5259:1747647653112:,1747647659555
counter/7/0/0/0,4773:1747647653288:,1747647659555
counter/6/0/0/0,4433:1747647653377:,1747647659556
counter/6/0/0/0,4434:1747647653377:,1747647659556
counter/6/0/0/0,4435:1747647653377:,1747647659556
counter/6/0/0/0,4436:1747647653377:,1747647659556
counter/6/0/0/0,4437:1747647653377:,1747647659557
counter/6/0/0/0,4438:1747647653381:,1747647659557
counter/6/0/0/0,4439:1747647653381:,1747647659557
counter/6/0/0/0,4440:1747647653381:,1747647659557
counter/2/0/0/0,4535:1747647652646:,1747647659557
counter/2/0/0/0,4536:1747647652647:,1747647659557
counter/2/0/0/0,4537:1747647652647:,1747647659557
counter/3/0/0/0,5009:1747647653422:,1747647659557
counter/5/0/0/0,4836:1747647653170:,1747647659557
counter/5/0/0/0,4837:1747647653170:,1747647659557
counter/4/0/0/0,5199:1747647653761:,1747647659557
counter/5/0/0/0,4838:1747647653170:,1747647659559
counter/5/0/0/0,4839:1747647653170:,1747647659559
counter/5/0/0/0,4840:1747647653170:,1747647659559
counter/5/0/0/0,4841:1747647653190:,1747647659559
counter/5/0/0/0,4842:1747647653190:,1747647659559
counter/5/0/0/0,4843:1747647653191:,1747647659560
counter/5/0/0/0,4844:1747647653191:,1747647659560
counter/5/0/0/0,4845:1747647653206:,1747647659560
counter/5/0/0/0,4846:1747647653206:,1747647659560
counter/5/0/0/0,4847:1747647653206:,1747647659560
counter/5/0/0/0,4848:1747647653206:,1747647659560
counter/5/0/0/0,4849:1747647653206:,1747647659560
counter/5/0/0/0,4850:1747647653206:,1747647659560
counter/2/0/0/0,4538:1747647652647:,1747647659560
counter/7/0/0/0,4774:1747647653289:,1747647659560
counter/5/0/0/0,4851:1747647653206:,1747647659560
counter/5/0/0/0,4852:1747647653206:,1747647659560
counter/5/0/0/0,4853:1747647653206:,1747647659560
counter/5/0/0/0,4854:1747647653206:,1747647659560
counter/5/0/0/0,4855:1747647653210:,1747647659560
counter/5/0/0/0,4856:1747647653210:,1747647659560
counter/5/0/0/0,4857:1747647653210:,1747647659560
counter/5/0/0/0,4858:1747647653210:,1747647659561
counter/10/0/0/0,4612:1747647653252:,1747647659561
counter/1/0/0/0,5210:1747647653927:,1747647659561
counter/4/0/0/0,5200:1747647653761:,1747647659561
counter/4/0/0/0,5201:1747647653761:,1747647659561
counter/4/0/0/0,5202:1747647653761:,1747647659561
counter/4/0/0/0,5203:1747647653761:,1747647659561
counter/4/0/0/0,5204:1747647653761:,1747647659562
counter/4/0/0/0,5205:1747647653761:,1747647659562
counter/9/0/0/0,5080:1747647653484:,1747647659562
counter/3/0/0/0,5010:1747647653434:,1747647659562
counter/7/0/0/0,4775:1747647653290:,1747647659562
counter/3/0/0/0,5011:1747647653434:,1747647659562
counter/3/0/0/0,5012:1747647653434:,1747647659562
counter/3/0/0/0,5013:1747647653435:,1747647659562
counter/3/0/0/0,5014:1747647653435:,1747647659562
counter/8/0/0/0,5260:1747647653112:,1747647659562
counter/2/0/0/0,4539:1747647652647:,1747647659562
counter/3/0/0/0,5015:1747647653435:,1747647659563
counter/3/0/0/0,5016:1747647653435:,1747647659563
counter/3/0/0/0,5017:1747647653435:,1747647659563
counter/3/0/0/0,5018:1747647653435:,1747647659563
counter/3/0/0/0,5019:1747647653435:,1747647659563
counter/3/0/0/0,5020:1747647653435:,1747647659564
counter/3/0/0/0,5021:1747647653435:,1747647659564
counter/4/0/0/0,5206:1747647653761:,1747647659564
counter/4/0/0/0,5207:1747647653761:,1747647659564
counter/4/0/0/0,5208:1747647653761:,1747647659564
counter/4/0/0/0,5209:1747647653761:,1747647659564
counter/4/0/0/0,5210:1747647653761:,1747647659564
counter/4/0/0/0,5211:1747647653761:,1747647659564
counter/4/0/0/0,5212:1747647653761:,1747647659564
counter/4/0/0/0,5213:1747647653762:,1747647659564
counter/4/0/0/0,5214:1747647653762:,1747647659564
counter/7/0/0/0,4776:1747647653290:,1747647659564
counter/7/0/0/0,4777:1747647653290:,1747647659564
counter/7/0/0/0,4778:1747647653290:,1747647659564
counter/10/0/0/0,4613:1747647653252:,1747647659564
counter/7/0/0/0,4779:1747647653291:,1747647659564
counter/10/0/0/0,4614:1747647653252:,1747647659564
counter/10/0/0/0,4615:1747647653252:,1747647659564
counter/9/0/0/0,5081:1747647653484:,1747647659564
counter/10/0/0/0,4616:1747647653252:,1747647659565
counter/10/0/0/0,4617:1747647653252:,1747647659565
counter/3/0/0/0,5022:1747647653435:,1747647659565
counter/10/0/0/0,4618:1747647653252:,1747647659565
counter/10/0/0/0,4619:1747647653252:,1747647659565
counter/4/0/0/0,5215:1747647653762:,1747647659565
counter/8/0/0/0,5261:1747647653112:,1747647659566
counter/2/0/0/0,4540:1747647652651:,1747647659566
counter/10/0/0/0,4620:1747647653252:,1747647659567
counter/8/0/0/0,5262:1747647653113:,1747647659568
counter/8/0/0/0,5263:1747647653113:,1747647659568
counter/5/0/0/0,4859:1747647653210:,1747647659568
counter/1/0/0/0,5211:1747647653927:,1747647659568
counter/10/0/0/0,4621:1747647653255:,1747647659568
counter/1/0/0/0,5212:1747647653927:,1747647659568
counter/7/0/0/0,4780:1747647653291:,1747647659568
counter/3/0/0/0,5023:1747647653435:,1747647659568
counter/8/0/0/0,5264:1747647653113:,1747647659568
counter/4/0/0/0,5216:1747647653766:,1747647659570
counter/4/0/0/0,5217:1747647653766:,1747647659570
counter/4/0/0/0,5218:1747647653767:,1747647659570
counter/4/0/0/0,5219:1747647653767:,1747647659570
counter/4/0/0/0,5220:1747647653767:,1747647659570
counter/4/0/0/0,5221:1747647653881:,1747647659570
counter/3/0/0/0,5024:1747647653438:,1747647659570
counter/4/0/0/0,5222:1747647653894:,1747647659570
counter/3/0/0/0,5025:1747647653438:,1747647659570
counter/4/0/0/0,5223:1747647653894:,1747647659570
counter/3/0/0/0,5026:1747647653438:,1747647659570
counter/4/0/0/0,5224:1747647653897:,1747647659571
counter/3/0/0/0,5027:1747647653438:,1747647659571
counter/4/0/0/0,5225:1747647653897:,1747647659571
counter/3/0/0/0,5028:1747647653438:,1747647659571
counter/3/0/0/0,5029:1747647653438:,1747647659571
counter/3/0/0/0,5030:1747647653438:,1747647659571
counter/3/0/0/0,5031:1747647653449:,1747647659571
counter/3/0/0/0,5032:1747647653449:,1747647659571
counter/3/0/0/0,5033:1747647653449:,1747647659571
counter/3/0/0/0,5034:1747647653449:,1747647659571
counter/1/0/0/0,5213:1747647653930:,1747647659572
counter/1/0/0/0,5214:1747647653930:,1747647659572
counter/6/0/0/0,4441:1747647653381:,1747647659572
counter/9/0/0/0,5082:1747647653484:,1747647659572
counter/6/0/0/0,4442:1747647653381:,1747647659572
counter/1/0/0/0,5215:1747647653930:,1747647659572
counter/4/0/0/0,5226:1747647653897:,1747647659572
counter/4/0/0/0,5227:1747647653897:,1747647659572
counter/4/0/0/0,5228:1747647653897:,1747647659572
counter/4/0/0/0,5229:1747647653897:,1747647659572
counter/4/0/0/0,5230:1747647653897:,1747647659572
counter/4/0/0/0,5231:1747647653897:,1747647659572
counter/10/0/0/0,4622:1747647653255:,1747647659573
counter/10/0/0/0,4623:1747647653258:,1747647659573
counter/10/0/0/0,4624:1747647653258:,1747647659573
counter/9/0/0/0,5083:1747647653484:,1747647659573
counter/9/0/0/0,5084:1747647653488:,1747647659573
counter/9/0/0/0,5085:1747647653488:,1747647659573
counter/9/0/0/0,5086:1747647653488:,1747647659573
counter/9/0/0/0,5087:1747647653493:,1747647659573
counter/9/0/0/0,5088:1747647653493:,1747647659573
counter/9/0/0/0,5089:1747647653493:,1747647659573
counter/9/0/0/0,5090:1747647653493:,1747647659574
counter/9/0/0/0,5091:1747647653493:,1747647659574
counter/1/0/0/0,5216:1747647653930:,1747647659574
counter/1/0/0/0,5217:1747647653930:,1747647659576
counter/1/0/0/0,5218:1747647653931:,1747647659576
counter/1/0/0/0,5219:1747647653931:,1747647659577
counter/1/0/0/0,5220:1747647653931:,1747647659577
counter/10/0/0/0,4625:1747647653258:,1747647659577
counter/1/0/0/0,5221:1747647653932:,1747647659577
counter/10/0/0/0,4626:1747647653258:,1747647659577
counter/10/0/0/0,4627:1747647653258:,1747647659577
counter/10/0/0/0,4628:1747647653258:,1747647659577
counter/10/0/0/0,4629:1747647653258:,1747647659577
counter/10/0/0/0,4630:1747647653258:,1747647659577
counter/10/0/0/0,4631:1747647653258:,1747647659577
counter/10/0/0/0,4632:1747647653259:,1747647659577
counter/10/0/0/0,4633:1747647653259:,1747647659577
counter/9/0/0/0,5092:1747647653493:,1747647659577
counter/9/0/0/0,5093:1747647653493:,1747647659577
counter/9/0/0/0,5094:1747647653493:,1747647659577
counter/9/0/0/0,5095:1747647653493:,1747647659577
counter/9/0/0/0,5096:1747647653493:,1747647659577
counter/9/0/0/0,5097:1747647653494:,1747647659577
counter/9/0/0/0,5098:1747647653494:,1747647659577
counter/9/0/0/0,5099:1747647653494:,1747647659577
counter/9/0/0/0,5100:1747647653494:,1747647659577
counter/9/0/0/0,5101:1747647653494:,1747647659578
counter/9/0/0/0,5102:1747647653497:,1747647659578
counter/9/0/0/0,5103:1747647653497:,1747647659578
counter/9/0/0/0,5104:1747647653497:,1747647659578
counter/9/0/0/0,5105:1747647653497:,1747647659578
counter/9/0/0/0,5106:1747647653497:,1747647659578
counter/2/0/0/0,4541:1747647652652:,1747647659578
counter/2/0/0/0,4542:1747647652653:,1747647659578
counter/2/0/0/0,4543:1747647652653:,1747647659578
counter/7/0/0/0,4781:1747647653291:,1747647659578
counter/6/0/0/0,4443:1747647653381:,1747647659580
counter/5/0/0/0,4860:1747647653210:,1747647659580
counter/3/0/0/0,5035:1747647653449:,1747647659581
counter/8/0/0/0,5265:1747647653113:,1747647659581
counter/8/0/0/0,5266:1747647653113:,1747647659581
counter/8/0/0/0,5267:1747647653120:,1747647659581
counter/8/0/0/0,5268:1747647653122:,1747647659581
counter/5/0/0/0,4861:1747647653210:,1747647659582
counter/6/0/0/0,4444:1747647653381:,1747647659582
counter/5/0/0/0,4862:1747647653210:,1747647659582
counter/6/0/0/0,4445:1747647653381:,1747647659582
counter/7/0/0/0,4782:1747647653291:,1747647659582
counter/6/0/0/0,4446:1747647653381:,1747647659582
counter/10/0/0/0,4634:1747647653259:,1747647659583
counter/2/0/0/0,4544:1747647652653:,1747647659583
counter/2/0/0/0,4545:1747647652653:,1747647659583
counter/2/0/0/0,4546:1747647652653:,1747647659583
counter/2/0/0/0,4547:1747647652653:,1747647659583
counter/8/0/0/0,5269:1747647653122:,1747647659583
counter/8/0/0/0,5270:1747647653122:,1747647659583
counter/8/0/0/0,5271:1747647653136:,1747647659583
counter/8/0/0/0,5272:1747647653136:,1747647659583
counter/9/0/0/0,5107:1747647653497:,1747647659583
counter/1/0/0/0,5222:1747647653932:,1747647659584
counter/9/0/0/0,5108:1747647653497:,1747647659585
counter/2/0/0/0,4548:1747647652653:,1747647659585
counter/7/0/0/0,4783:1747647653291:,1747647659585
counter/3/0/0/0,5036:1747647653449:,1747647659585
counter/10/0/0/0,4635:1747647653259:,1747647659586
counter/8/0/0/0,5273:1747647653136:,1747647659586
counter/8/0/0/0,5274:1747647653136:,1747647659586
counter/3/0/0/0,5037:1747647653449:,1747647659586
counter/8/0/0/0,5275:1747647653136:,1747647659586
counter/3/0/0/0,5038:1747647653450:,1747647659586
counter/8/0/0/0,5276:1747647653136:,1747647659586
counter/8/0/0/0,5277:1747647653136:,1747647659586
counter/3/0/0/0,5039:1747647653450:,1747647659586
counter/3/0/0/0,5040:1747647653450:,1747647659586
counter/3/0/0/0,5041:1747647653450:,1747647659586
counter/3/0/0/0,5042:1747647653459:,1747647659586
counter/3/0/0/0,5043:1747647653459:,1747647659587
counter/7/0/0/0,4784:1747647653291:,1747647659587
counter/3/0/0/0,5044:1747647653459:,1747647659587
counter/3/0/0/0,5045:1747647653459:,1747647659587
counter/3/0/0/0,5046:1747647653460:,1747647659587
counter/3/0/0/0,5047:1747647653460:,1747647659587
counter/10/0/0/0,4636:1747647653261:,1747647659588
counter/10/0/0/0,4637:1747647653261:,1747647659588
counter/4/0/0/0,5232:1747647653897:,1747647659588
counter/10/0/0/0,4638:1747647653261:,1747647659588
counter/4/0/0/0,5233:1747647653897:,1747647659589
counter/4/0/0/0,5234:1747647653897:,1747647659589
counter/4/0/0/0,5235:1747647653897:,1747647659589
counter/8/0/0/0,5278:1747647653136:,1747647659589
counter/7/0/0/0,4785:1747647653291:,1747647659589
counter/1/0/0/0,5223:1747647653932:,1747647659589
counter/9/0/0/0,5109:1747647653497:,1747647659590
counter/6/0/0/0,4447:1747647653381:,1747647659591
counter/6/0/0/0,4448:1747647653381:,1747647659591
counter/6/0/0/0,4449:1747647653381:,1747647659591
counter/6/0/0/0,4450:1747647653381:,1747647659591
counter/6/0/0/0,4451:1747647653381:,1747647659591
counter/6/0/0/0,4452:1747647653381:,1747647659591
counter/6/0/0/0,4453:1747647653381:,1747647659591
counter/6/0/0/0,4454:1747647653381:,1747647659591
counter/6/0/0/0,4455:1747647653381:,1747647659591
counter/6/0/0/0,4456:1747647653381:,1747647659591
counter/6/0/0/0,4457:1747647653381:,1747647659591
counter/6/0/0/0,4458:1747647653381:,1747647659591
counter/6/0/0/0,4459:1747647653381:,1747647659591
counter/6/0/0/0,4460:1747647653381:,1747647659592
counter/2/0/0/0,4549:1747647652653:,1747647659592
counter/2/0/0/0,4550:1747647652653:,1747647659592
counter/2/0/0/0,4551:1747647652653:,1747647659592
counter/2/0/0/0,4552:1747647652653:,1747647659592
counter/2/0/0/0,4553:1747647652653:,1747647659592
counter/2/0/0/0,4554:1747647652653:,1747647659592
counter/2/0/0/0,4555:1747647652753:,1747647659592
counter/2/0/0/0,4556:1747647652753:,1747647659592
counter/1/0/0/0,5224:1747647653932:,1747647659593
counter/4/0/0/0,5236:1747647653897:,1747647659593
counter/4/0/0/0,5237:1747647653897:,1747647659593
counter/3/0/0/0,5048:1747647653460:,1747647659593
counter/3/0/0/0,5049:1747647653460:,1747647659593
counter/3/0/0/0,5050:1747647653460:,1747647659593
counter/3/0/0/0,5051:1747647653460:,1747647659593
counter/9/0/0/0,5110:1747647653497:,1747647659593
counter/9/0/0/0,5111:1747647653497:,1747647659593
counter/9/0/0/0,5112:1747647653499:,1747647659593
counter/9/0/0/0,5113:1747647653499:,1747647659593
counter/9/0/0/0,5114:1747647653499:,1747647659593
counter/9/0/0/0,5115:1747647653499:,1747647659594
counter/9/0/0/0,5116:1747647653499:,1747647659594
counter/9/0/0/0,5117:1747647653499:,1747647659594
counter/1/0/0/0,5225:1747647653932:,1747647659594
counter/4/0/0/0,5238:1747647653898:,1747647659594
counter/8/0/0/0,5279:1747647653136:,1747647659594
counter/4/0/0/0,5239:1747647653898:,1747647659594
counter/4/0/0/0,5240:1747647653900:,1747647659594
counter/4/0/0/0,5241:1747647653900:,1747647659594
counter/4/0/0/0,5242:1747647653900:,1747647659594
counter/4/0/0/0,5243:1747647653900:,1747647659594
counter/3/0/0/0,5052:1747647653460:,1747647659594
counter/5/0/0/0,4863:1747647653210:,1747647659594
counter/4/0/0/0,5244:1747647653900:,1747647659595
counter/10/0/0/0,4639:1747647653261:,1747647659596
counter/6/0/0/0,4461:1747647653381:,1747647659596
counter/6/0/0/0,4462:1747647653382:,1747647659596
counter/2/0/0/0,4557:1747647652753:,1747647659596
counter/3/0/0/0,5053:1747647653460:,1747647659597
counter/3/0/0/0,5054:1747647653466:,1747647659597
counter/5/0/0/0,4864:1747647653210:,1747647659597
counter/5/0/0/0,4865:1747647653210:,1747647659597
counter/6/0/0/0,4463:1747647653382:,1747647659597
counter/6/0/0/0,4464:1747647653382:,1747647659597
counter/2/0/0/0,4558:1747647652753:,1747647659597
counter/7/0/0/0,4786:1747647653291:,1747647659598
counter/7/0/0/0,4787:1747647653291:,1747647659598
counter/7/0/0/0,4788:1747647653291:,1747647659598
counter/7/0/0/0,4789:1747647653296:,1747647659598
counter/7/0/0/0,4790:1747647653296:,1747647659598
counter/7/0/0/0,4791:1747647653297:,1747647659598
counter/7/0/0/0,4792:1747647653297:,1747647659598
counter/6/0/0/0,4465:1747647653382:,1747647659598
counter/6/0/0/0,4466:1747647653382:,1747647659599
counter/7/0/0/0,4793:1747647653297:,1747647659599
counter/7/0/0/0,4794:1747647653297:,1747647659599
counter/7/0/0/0,4795:1747647653297:,1747647659599
counter/7/0/0/0,4796:1747647653297:,1747647659599
counter/7/0/0/0,4797:1747647653297:,1747647659599
counter/7/0/0/0,4798:1747647653298:,1747647659599
counter/3/0/0/0,5055:1747647653466:,1747647659599
counter/8/0/0/0,5280:1747647653141:,1747647659599
counter/8/0/0/0,5281:1747647653141:,1747647659599
counter/4/0/0/0,5245:1747647653900:,1747647659605
counter/7/0/0/0,4799:1747647653298:,1747647659605
counter/6/0/0/0,4467:1747647653382:,1747647659605
counter/7/0/0/0,4800:1747647653298:,1747647659605
counter/1/0/0/0,5226:1747647653932:,1747647659605
counter/5/0/0/0,4866:1747647653210:,1747647659607
counter/5/0/0/0,4867:1747647653210:,1747647659607
counter/5/0/0/0,4868:1747647653210:,1747647659607
counter/5/0/0/0,4869:1747647653211:,1747647659607
counter/5/0/0/0,4870:1747647653218:,1747647659607
counter/5/0/0/0,4871:1747647653218:,1747647659607
counter/5/0/0/0,4872:1747647653218:,1747647659607
counter/5/0/0/0,4873:1747647653218:,1747647659607
counter/8/0/0/0,5282:1747647653141:,1747647659608
counter/9/0/0/0,5118:1747647653500:,1747647659608
counter/9/0/0/0,5119:1747647653500:,1747647659608
counter/9/0/0/0,5120:1747647653500:,1747647659608
counter/9/0/0/0,5121:1747647653500:,1747647659608
counter/9/0/0/0,5122:1747647653500:,1747647659608
counter/9/0/0/0,5123:1747647653500:,1747647659610
counter/2/0/0/0,4559:1747647652754:,1747647659610
counter/6/0/0/0,4468:1747647653382:,1747647659610
counter/1/0/0/0,5227:1747647653932:,1747647659610
counter/5/0/0/0,4874:1747647653225:,1747647659610
counter/10/0/0/0,4640:1747647653261:,1747647659611
counter/8/0/0/0,5283:1747647653141:,1747647659611
counter/8/0/0/0,5284:1747647653141:,1747647659611
counter/8/0/0/0,5285:1747647653141:,1747647659611
counter/8/0/0/0,5286:1747647653141:,1747647659611
counter/8/0/0/0,5287:1747647653141:,1747647659611
counter/8/0/0/0,5288:1747647653141:,1747647659612
counter/8/0/0/0,5289:1747647653141:,1747647659612
counter/2/0/0/0,4560:1747647652754:,1747647659612
counter/2/0/0/0,4561:1747647652754:,1747647659612
counter/2/0/0/0,4562:1747647652754:,1747647659612
counter/2/0/0/0,4563:1747647652754:,1747647659612
counter/7/0/0/0,4801:1747647653298:,1747647659612
counter/8/0/0/0,5290:1747647653141:,1747647659612
counter/9/0/0/0,5124:1747647653500:,1747647659613
counter/9/0/0/0,5125:1747647653500:,1747647659613
counter/9/0/0/0,5126:1747647653500:,1747647659613
counter/9/0/0/0,5127:1747647653500:,1747647659614
counter/10/0/0/0,4641:1747647653261:,1747647659614
counter/9/0/0/0,5128:1747647653500:,1747647659614
counter/9/0/0/0,5129:1747647653500:,1747647659614
counter/9/0/0/0,5130:1747647653500:,1747647659614
counter/4/0/0/0,5246:1747647653912:,1747647659614
counter/9/0/0/0,5131:1747647653500:,1747647659614
counter/9/0/0/0,5132:1747647653500:,1747647659614
counter/10/0/0/0,4642:1747647653261:,1747647659614
counter/9/0/0/0,5133:1747647653500:,1747647659614
counter/9/0/0/0,5134:1747647653500:,1747647659615
counter/9/0/0/0,5135:1747647653500:,1747647659615
counter/2/0/0/0,4564:1747647652757:,1747647659616
counter/9/0/0/0,5136:1747647653500:,1747647659616
counter/9/0/0/0,5137:1747647653500:,1747647659616
counter/9/0/0/0,5138:1747647653500:,1747647659617
counter/9/0/0/0,5139:1747647653500:,1747647659617
counter/9/0/0/0,5140:1747647653500:,1747647659617
counter/9/0/0/0,5141:1747647653500:,1747647659617
counter/5/0/0/0,4875:1747647653225:,1747647659617
counter/5/0/0/0,4876:1747647653225:,1747647659617
counter/5/0/0/0,4877:1747647653225:,1747647659617
counter/5/0/0/0,4878:1747647653225:,1747647659617
counter/5/0/0/0,4879:1747647653225:,1747647659617
counter/5/0/0/0,4880:1747647653225:,1747647659617
counter/5/0/0/0,4881:1747647653225:,1747647659617
counter/4/0/0/0,5247:1747647653912:,1747647659618
counter/4/0/0/0,5248:1747647653912:,1747647659618
counter/3/0/0/0,5056:1747647653467:,1747647659618
counter/6/0/0/0,4469:1747647653382:,1747647659619
counter/2/0/0/0,4565:1747647652757:,1747647659619
counter/4/0/0/0,5249:1747647653913:,1747647659619
counter/5/0/0/0,4882:1747647653235:,1747647659620
counter/5/0/0/0,4883:1747647653235:,1747647659620
counter/5/0/0/0,4884:1747647653235:,1747647659620
counter/5/0/0/0,4885:1747647653235:,1747647659620
counter/3/0/0/0,5057:1747647653467:,1747647659620
counter/5/0/0/0,4886:1747647653235:,1747647659620
counter/9/0/0/0,5142:1747647653516:,1747647659621
counter/9/0/0/0,5143:1747647653516:,1747647659621
counter/5/0/0/0,4887:1747647653235:,1747647659621
counter/9/0/0/0,5144:1747647653516:,1747647659621
counter/9/0/0/0,5145:1747647653516:,1747647659621
counter/9/0/0/0,5146:1747647653516:,1747647659621
counter/5/0/0/0,4888:1747647653235:,1747647659622
counter/2/0/0/0,4566:1747647652757:,1747647659622
counter/2/0/0/0,4567:1747647652757:,1747647659622
counter/2/0/0/0,4568:1747647652758:,1747647659622
counter/2/0/0/0,4569:1747647652758:,1747647659623
counter/2/0/0/0,4570:1747647652758:,1747647659623
counter/2/0/0/0,4571:1747647652758:,1747647659623
counter/2/0/0/0,4572:1747647652758:,1747647659623
counter/10/0/0/0,4643:1747647653261:,1747647659623
counter/2/0/0/0,4573:1747647652758:,1747647659623
counter/2/0/0/0,4574:1747647652758:,1747647659623
counter/9/0/0/0,5147:1747647653516:,1747647659623
counter/5/0/0/0,4889:1747647653235:,1747647659623
counter/5/0/0/0,4890:1747647653236:,1747647659623
counter/5/0/0/0,4891:1747647653236:,1747647659623
counter/5/0/0/0,4892:1747647653236:,1747647659623
counter/5/0/0/0,4893:1747647653236:,1747647659623
counter/5/0/0/0,4894:1747647653236:,1747647659623
counter/5/0/0/0,4895:1747647653236:,1747647659623
counter/3/0/0/0,5058:1747647653467:,1747647659624
counter/3/0/0/0,5059:1747647653467:,1747647659624
counter/3/0/0/0,5060:1747647653467:,1747647659624
counter/3/0/0/0,5061:1747647653467:,1747647659624
counter/10/0/0/0,4644:1747647653261:,1747647659625
counter/5/0/0/0,4896:1747647653236:,1747647659627
counter/6/0/0/0,4470:1747647653382:,1747647659627
counter/6/0/0/0,4471:1747647653382:,1747647659627
counter/6/0/0/0,4472:1747647653383:,1747647659627
counter/6/0/0/0,4473:1747647653383:,1747647659627
counter/6/0/0/0,4474:1747647653383:,1747647659627
counter/6/0/0/0,4475:1747647653383:,1747647659627
counter/6/0/0/0,4476:1747647653383:,1747647659627
counter/9/0/0/0,5148:1747647653516:,1747647659627
counter/9/0/0/0,5149:1747647653516:,1747647659627
counter/9/0/0/0,5150:1747647653516:,1747647659628
counter/9/0/0/0,5151:1747647653516:,1747647659628
counter/9/0/0/0,5152:1747647653516:,1747647659628
counter/9/0/0/0,5153:1747647653516:,1747647659628
counter/9/0/0/0,5154:1747647653517:,1747647659628
counter/9/0/0/0,5155:1747647653524:,1747647659628
counter/3/0/0/0,5062:1747647653467:,1747647659628
counter/3/0/0/0,5063:1747647653467:,1747647659628
counter/3/0/0/0,5064:1747647653467:,1747647659628
counter/3/0/0/0,5065:1747647653467:,1747647659629
counter/3/0/0/0,5066:1747647653467:,1747647659629
counter/3/0/0/0,5067:1747647653467:,1747647659629
counter/5/0/0/0,4897:1747647653243:,1747647659629
counter/5/0/0/0,4898:1747647653243:,1747647659629
counter/5/0/0/0,4899:1747647653243:,1747647659629
counter/7/0/0/0,4802:1747647653298:,1747647659629
counter/2/0/0/0,4575:1747647652764:,1747647659629
counter/9/0/0/0,5156:1747647653524:,1747647659630
counter/9/0/0/0,5157:1747647653524:,1747647659630
counter/9/0/0/0,5158:1747647653524:,1747647659630
counter/9/0/0/0,5159:1747647653524:,1747647659630
counter/9/0/0/0,5160:1747647653524:,1747647659630
counter/9/0/0/0,5161:1747647653524:,1747647659630
counter/9/0/0/0,5162:1747647653524:,1747647659630
counter/9/0/0/0,5163:1747647653524:,1747647659630
counter/9/0/0/0,5164:1747647653524:,1747647659630
counter/9/0/0/0,5165:1747647653524:,1747647659630
counter/9/0/0/0,5166:1747647653524:,1747647659630
counter/9/0/0/0,5167:1747647653529:,1747647659630
counter/2/0/0/0,4576:1747647652764:,1747647659630
counter/2/0/0/0,4577:1747647652764:,1747647659632
counter/5/0/0/0,4900:1747647653244:,1747647659633
counter/5/0/0/0,4901:1747647653244:,1747647659633
counter/5/0/0/0,4902:1747647653244:,1747647659633
counter/5/0/0/0,4903:1747647653244:,1747647659633
counter/8/0/0/0,5291:1747647653141:,1747647659633
counter/1/0/0/0,5228:1747647653932:,1747647659635
counter/3/0/0/0,5068:1747647653467:,1747647659635
counter/1/0/0/0,5229:1747647653934:,1747647659636
counter/10/0/0/0,4645:1747647653261:,1747647659637
counter/7/0/0/0,4803:1747647653298:,1747647659637
counter/7/0/0/0,4804:1747647653306:,1747647659637
counter/7/0/0/0,4805:1747647653311:,1747647659637
counter/3/0/0/0,5069:1747647653467:,1747647659637
counter/4/0/0/0,5250:1747647653913:,1747647659637
counter/5/0/0/0,4904:1747647653244:,1747647659638
counter/1/0/0/0,5230:1747647653934:,1747647659638
counter/6/0/0/0,4477:1747647653384:,1747647659639
counter/8/0/0/0,5292:1747647653141:,1747647659639
counter/7/0/0/0,4806:1747647653312:,1747647659639
counter/8/0/0/0,5293:1747647653141:,1747647659640
counter/4/0/0/0,5251:1747647653913:,1747647659640
counter/4/0/0/0,5252:1747647653913:,1747647659640
counter/2/0/0/0,4578:1747647652764:,1747647659640
counter/2/0/0/0,4579:1747647652764:,1747647659640
counter/2/0/0/0,4580:1747647652764:,1747647659640
counter/9/0/0/0,5168:1747647653529:,1747647659641
counter/10/0/0/0,4646:1747647653261:,1747647659641
counter/2/0/0/0,4581:1747647652764:,1747647659641
counter/10/0/0/0,4647:1747647653273:,1747647659641
counter/10/0/0/0,4648:1747647653273:,1747647659641
counter/5/0/0/0,4905:1747647653244:,1747647659643
counter/6/0/0/0,4478:1747647653384:,1747647659643
counter/6/0/0/0,4479:1747647653384:,1747647659643
counter/6/0/0/0,4480:1747647653384:,1747647659643
counter/4/0/0/0,5253:1747647653913:,1747647659643
counter/10/0/0/0,4649:1747647653273:,1747647659643
counter/10/0/0/0,4650:1747647653273:,1747647659643
counter/5/0/0/0,4906:1747647653244:,1747647659643
counter/8/0/0/0,5294:1747647653141:,1747647659644
counter/8/0/0/0,5295:1747647653141:,1747647659644
counter/8/0/0/0,5296:1747647653141:,1747647659644
counter/8/0/0/0,5297:1747647653142:,1747647659644
counter/6/0/0/0,4481:1747647653384:,1747647659644
counter/6/0/0/0,4482:1747647653384:,1747647659644
counter/7/0/0/0,4807:1747647653312:,1747647659644
counter/7/0/0/0,4808:1747647653312:,1747647659644
counter/7/0/0/0,4809:1747647653312:,1747647659644
counter/7/0/0/0,4810:1747647653312:,1747647659644
counter/7/0/0/0,4811:1747647653312:,1747647659644
counter/5/0/0/0,4907:1747647653244:,1747647659644
counter/5/0/0/0,4908:1747647653247:,1747647659644
counter/5/0/0/0,4909:1747647653247:,1747647659644
counter/5/0/0/0,4910:1747647653247:,1747647659644
counter/1/0/0/0,5231:1747647653934:,1747647659644
counter/1/0/0/0,5232:1747647653934:,1747647659645
counter/4/0/0/0,5254:1747647653914:,1747647659647
counter/10/0/0/0,4651:1747647653273:,1747647659648
counter/6/0/0/0,4483:1747647653388:,1747647659648
counter/6/0/0/0,4484:1747647653388:,1747647659648
counter/6/0/0/0,4485:1747647653388:,1747647659648
counter/6/0/0/0,4486:1747647653388:,1747647659648
counter/8/0/0/0,5298:1747647653142:,1747647659651
counter/1/0/0/0,5233:1747647653934:,1747647659652
counter/4/0/0/0,5255:1747647653919:,1747647659653
counter/9/0/0/0,5169:1747647653531:,1747647659654
counter/4/0/0/0,5256:1747647653919:,1747647659655
counter/4/0/0/0,5257:1747647653919:,1747647659655
counter/4/0/0/0,5258:1747647653919:,1747647659655
counter/4/0/0/0,5259:1747647653919:,1747647659655
counter/4/0/0/0,5260:1747647653919:,1747647659655
counter/9/0/0/0,5170:1747647653531:,1747647659655
counter/4/0/0/0,5261:1747647653919:,1747647659655
counter/9/0/0/0,5171:1747647653538:,1747647659655
counter/6/0/0/0,4487:1747647653388:,1747647659655
counter/8/0/0/0,5299:1747647653144:,1747647659656
counter/5/0/0/0,4911:1747647653247:,1747647659656
counter/5/0/0/0,4912:1747647653253:,1747647659656
counter/5/0/0/0,4913:1747647653253:,1747647659656
counter/5/0/0/0,4914:1747647653253:,1747647659656
counter/5/0/0/0,4915:1747647653253:,1747647659656
counter/5/0/0/0,4916:1747647653253:,1747647659656
counter/7/0/0/0,4812:1747647653313:,1747647659657
counter/7/0/0/0,4813:1747647653313:,1747647659657
counter/7/0/0/0,4814:1747647653313:,1747647659657
counter/7/0/0/0,4815:1747647653313:,1747647659657
counter/7/0/0/0,4816:1747647653313:,1747647659657
counter/7/0/0/0,4817:1747647653314:,1747647659657
counter/7/0/0/0,4818:1747647653314:,1747647659657
counter/7/0/0/0,4819:1747647653314:,1747647659657
counter/7/0/0/0,4820:1747647653314:,1747647659657
counter/4/0/0/0,5262:1747647653920:,1747647659658
counter/4/0/0/0,5263:1747647653920:,1747647659658
counter/4/0/0/0,5264:1747647653920:,1747647659658
counter/4/0/0/0,5265:1747647653920:,1747647659658
counter/4/0/0/0,5266:1747647653922:,1747647659658
counter/6/0/0/0,4488:1747647653388:,1747647659658
counter/5/0/0/0,4917:1747647653253:,1747647659659
counter/5/0/0/0,4918:1747647653253:,1747647659659
counter/5/0/0/0,4919:1747647653253:,1747647659659
counter/5/0/0/0,4920:1747647653253:,1747647659659
counter/5/0/0/0,4921:1747647653253:,1747647659659
counter/5/0/0/0,4922:1747647653253:,1747647659659
counter/9/0/0/0,5172:1747647653538:,1747647659660
counter/9/0/0/0,5173:1747647653538:,1747647659660
counter/9/0/0/0,5174:1747647653538:,1747647659660
counter/9/0/0/0,5175:1747647653538:,1747647659660
counter/8/0/0/0,5300:1747647653144:,1747647659660
counter/6/0/0/0,4489:1747647653388:,1747647659660
counter/10/0/0/0,4652:1747647653273:,1747647659664
counter/10/0/0/0,4653:1747647653273:,1747647659664
counter/10/0/0/0,4654:1747647653274:,1747647659664
counter/10/0/0/0,4655:1747647653276:,1747647659664
counter/7/0/0/0,4821:1747647653314:,1747647659665
counter/8/0/0/0,5301:1747647653144:,1747647659665
counter/4/0/0/0,5267:1747647653923:,1747647659665
counter/1/0/0/0,5234:1747647653934:,1747647659665
counter/6/0/0/0,4490:1747647653388:,1747647659666
counter/6/0/0/0,4491:1747647653388:,1747647659666
counter/6/0/0/0,4492:1747647653388:,1747647659666
counter/6/0/0/0,4493:1747647653389:,1747647659667
counter/6/0/0/0,4494:1747647653389:,1747647659667
counter/6/0/0/0,4495:1747647653389:,1747647659667
counter/6/0/0/0,4496:1747647653389:,1747647659667
counter/6/0/0/0,4497:1747647653389:,1747647659667
counter/4/0/0/0,5268:1747647653923:,1747647659667
counter/6/0/0/0,4498:1747647653389:,1747647659667
counter/8/0/0/0,5302:1747647653144:,1747647659668
counter/10/0/0/0,4656:1747647653278:,1747647659668
counter/10/0/0/0,4657:1747647653278:,1747647659668
counter/7/0/0/0,4822:1747647653314:,1747647659668
counter/9/0/0/0,5176:1747647653538:,1747647659668
counter/4/0/0/0,5269:1747647653923:,1747647659669
counter/4/0/0/0,5270:1747647653923:,1747647659669
counter/4/0/0/0,5271:1747647653923:,1747647659669
counter/4/0/0/0,5272:1747647653923:,1747647659669
counter/4/0/0/0,5273:1747647653928:,1747647659669
counter/4/0/0/0,5274:1747647653928:,1747647659669
counter/2/0/0/0,4582:1747647652764:,1747647659669
counter/2/0/0/0,4583:1747647652764:,1747647659670
counter/8/0/0/0,5303:1747647653144:,1747647659670
counter/4/0/0/0,5275:1747647653928:,1747647659670
counter/4/0/0/0,5276:1747647653928:,1747647659670
counter/4/0/0/0,5277:1747647653928:,1747647659670
counter/5/0/0/0,4923:1747647653253:,1747647659670
counter/2/0/0/0,4584:1747647652764:,1747647659670
counter/5/0/0/0,4924:1747647653253:,1747647659670
counter/6/0/0/0,4499:1747647653401:,1747647659670
counter/6/0/0/0,4500:1747647653401:,1747647659670
counter/8/0/0/0,5304:1747647653145:,1747647659671
counter/8/0/0/0,5305:1747647653145:,1747647659671
counter/8/0/0/0,5306:1747647653145:,1747647659671
counter/8/0/0/0,5307:1747647653145:,1747647659671
counter/8/0/0/0,5308:1747647653147:,1747647659671
counter/8/0/0/0,5309:1747647653153:,1747647659671
counter/1/0/0/0,5235:1747647653934:,1747647659671
counter/1/0/0/0,5236:1747647653934:,1747647659671
counter/1/0/0/0,5237:1747647653934:,1747647659671
counter/1/0/0/0,5238:1747647653934:,1747647659672
counter/1/0/0/0,5239:1747647653934:,1747647659672
counter/1/0/0/0,5240:1747647653934:,1747647659672
counter/1/0/0/0,5241:1747647653934:,1747647659672
counter/1/0/0/0,5242:1747647653934:,1747647659672
counter/1/0/0/0,5243:1747647653934:,1747647659672
counter/1/0/0/0,5244:1747647653934:,1747647659672
counter/4/0/0/0,5278:1747647653928:,1747647659672
counter/4/0/0/0,5279:1747647653928:,1747647659673
counter/2/0/0/0,4585:1747647652764:,1747647659673
counter/10/0/0/0,4658:1747647653278:,1747647659673
counter/10/0/0/0,4659:1747647653282:,1747647659673
counter/10/0/0/0,4660:1747647653282:,1747647659673
counter/10/0/0/0,4661:1747647653282:,1747647659674
counter/10/0/0/0,4662:1747647653282:,1747647659674
counter/10/0/0/0,4663:1747647653282:,1747647659674
counter/9/0/0/0,5177:1747647653538:,1747647659674
counter/9/0/0/0,5178:1747647653538:,1747647659674
counter/4/0/0/0,5280:1747647653928:,1747647659674
counter/7/0/0/0,4823:1747647653314:,1747647659674
counter/7/0/0/0,4824:1747647653314:,1747647659674
counter/7/0/0/0,4825:1747647653314:,1747647659675
counter/7/0/0/0,4826:1747647653314:,1747647659675
counter/7/0/0/0,4827:1747647653315:,1747647659675
counter/7/0/0/0,4828:1747647653315:,1747647659675
counter/7/0/0/0,4829:1747647653315:,1747647659675
counter/5/0/0/0,4925:1747647653253:,1747647659675
counter/2/0/0/0,4586:1747647652764:,1747647659675
counter/10/0/0/0,4664:1747647653282:,1747647659675
counter/2/0/0/0,4587:1747647652764:,1747647659675
counter/1/0/0/0,5245:1747647653934:,1747647659675
counter/2/0/0/0,4588:1747647652764:,1747647659675
counter/3/0/0/0,5070:1747647653474:,1747647659675
counter/6/0/0/0,4501:1747647653401:,1747647659676
counter/7/0/0/0,4830:1747647653315:,1747647659676
counter/7/0/0/0,4831:1747647653316:,1747647659676
counter/7/0/0/0,4832:1747647653316:,1747647659676
counter/7/0/0/0,4833:1747647653316:,1747647659676
counter/7/0/0/0,4834:1747647653327:,1747647659676
counter/7/0/0/0,4835:1747647653327:,1747647659676
counter/10/0/0/0,4665:1747647653282:,1747647659676
counter/10/0/0/0,4666:1747647653282:,1747647659676
counter/10/0/0/0,4667:1747647653282:,1747647659676
counter/10/0/0/0,4668:1747647653282:,1747647659676
counter/10/0/0/0,4669:1747647653282:,1747647659676
counter/10/0/0/0,4670:1747647653282:,1747647659677
counter/8/0/0/0,5310:1747647653153:,1747647659677
counter/8/0/0/0,5311:1747647653153:,1747647659677
counter/8/0/0/0,5312:1747647653153:,1747647659677
counter/8/0/0/0,5313:1747647653153:,1747647659677
counter/5/0/0/0,4926:1747647653253:,1747647659678
counter/1/0/0/0,5246:1747647653935:,1747647659678
counter/8/0/0/0,5314:1747647653153:,1747647659678
counter/8/0/0/0,5315:1747647653153:,1747647659679
counter/7/0/0/0,4836:1747647653327:,1747647659681
counter/5/0/0/0,4927:1747647653253:,1747647659681
counter/3/0/0/0,5071:1747647653474:,1747647659682
counter/9/0/0/0,5179:1747647653538:,1747647659682
counter/9/0/0/0,5180:1747647653539:,1747647659682
counter/9/0/0/0,5181:1747647653539:,1747647659682
counter/9/0/0/0,5182:1747647653539:,1747647659682
counter/10/0/0/0,4671:1747647653282:,1747647659683
counter/2/0/0/0,4589:1747647652764:,1747647659683
counter/10/0/0/0,4672:1747647653284:,1747647659684
counter/2/0/0/0,4590:1747647652764:,1747647659684
counter/2/0/0/0,4591:1747647652767:,1747647659684
counter/2/0/0/0,4592:1747647652767:,1747647659684
counter/2/0/0/0,4593:1747647652767:,1747647659684
counter/2/0/0/0,4594:1747647652767:,1747647659684
counter/2/0/0/0,4595:1747647652767:,1747647659684
counter/10/0/0/0,4673:1747647653284:,1747647659685
counter/10/0/0/0,4674:1747647653284:,1747647659685
counter/1/0/0/0,5247:1747647653935:,1747647659685
counter/1/0/0/0,5248:1747647653935:,1747647659685
counter/1/0/0/0,5249:1747647653935:,1747647659685
counter/2/0/0/0,4596:1747647652767:,1747647659686
counter/6/0/0/0,4502:1747647653401:,1747647659686
counter/10/0/0/0,4675:1747647653284:,1747647659686
counter/1/0/0/0,5250:1747647653935:,1747647659686
counter/10/0/0/0,4676:1747647653284:,1747647659687
counter/3/0/0/0,5072:1747647653474:,1747647659690
counter/2/0/0/0,4597:1747647652767:,1747647659691
counter/7/0/0/0,4837:1747647653327:,1747647659691
counter/7/0/0/0,4838:1747647653327:,1747647659692
counter/7/0/0/0,4839:1747647653327:,1747647659692
counter/7/0/0/0,4840:1747647653327:,1747647659692
counter/7/0/0/0,4841:1747647653327:,1747647659692
counter/10/0/0/0,4677:1747647653284:,1747647659692
counter/7/0/0/0,4842:1747647653327:,1747647659692
counter/4/0/0/0,5281:1747647653929:,1747647659692
counter/7/0/0/0,4843:1747647653327:,1747647659692
counter/3/0/0/0,5073:1747647653474:,1747647659692
counter/7/0/0/0,4844:1747647653327:,1747647659695
counter/10/0/0/0,4678:1747647653284:,1747647659695
counter/10/0/0/0,4679:1747647653284:,1747647659695
counter/10/0/0/0,4680:1747647653284:,1747647659695
counter/10/0/0/0,4681:1747647653288:,1747647659695
counter/3/0/0/0,5074:1747647653474:,1747647659695
counter/3/0/0/0,5075:1747647653474:,1747647659695
counter/3/0/0/0,5076:1747647653474:,1747647659695
counter/5/0/0/0,4928:1747647653253:,1747647659695
counter/10/0/0/0,4682:1747647653288:,1747647659699
counter/6/0/0/0,4503:1747647653401:,1747647659700
counter/6/0/0/0,4504:1747647653405:,1747647659700
counter/6/0/0/0,4505:1747647653405:,1747647659700
counter/6/0/0/0,4506:1747647653405:,1747647659700
counter/6/0/0/0,4507:1747647653405:,1747647659700
counter/6/0/0/0,4508:1747647653405:,1747647659700
counter/6/0/0/0,4509:1747647653405:,1747647659700
counter/6/0/0/0,4510:1747647653405:,1747647659700
counter/6/0/0/0,4511:1747647653405:,1747647659700
counter/6/0/0/0,4512:1747647653406:,1747647659700
counter/6/0/0/0,4513:1747647653406:,1747647659701
counter/4/0/0/0,5282:1747647653929:,1747647659701
counter/4/0/0/0,5283:1747647653929:,1747647659701
counter/4/0/0/0,5284:1747647653929:,1747647659701
counter/4/0/0/0,5285:1747647653929:,1747647659701
counter/4/0/0/0,5286:1747647653929:,1747647659701
counter/4/0/0/0,5287:1747647653931:,1747647659701
counter/4/0/0/0,5288:1747647653966:,1747647659701
counter/4/0/0/0,5289:1747647653966:,1747647659701
counter/4/0/0/0,5290:1747647653966:,1747647659701
counter/8/0/0/0,5316:1747647653153:,1747647659701
counter/3/0/0/0,5077:1747647653474:,1747647659701
counter/7/0/0/0,4845:1747647653327:,1747647659701
counter/10/0/0/0,4683:1747647653288:,1747647659701
counter/10/0/0/0,4684:1747647653288:,1747647659701
counter/1/0/0/0,5251:1747647653935:,1747647659701
counter/3/0/0/0,5078:1747647653475:,1747647659703
counter/1/0/0/0,5252:1747647653935:,1747647659703
counter/10/0/0/0,4685:1747647653288:,1747647659703
counter/4/0/0/0,5291:1747647653966:,1747647659703
counter/7/0/0/0,4846:1747647653327:,1747647659704
counter/1/0/0/0,5253:1747647653935:,1747647659704
counter/7/0/0/0,4847:1747647653330:,1747647659704
counter/7/0/0/0,4848:1747647653332:,1747647659704
counter/7/0/0/0,4849:1747647653332:,1747647659704
counter/7/0/0/0,4850:1747647653332:,1747647659704
counter/7/0/0/0,4851:1747647653332:,1747647659704
counter/7/0/0/0,4852:1747647653332:,1747647659704
counter/4/0/0/0,5292:1747647653966:,1747647659705
counter/6/0/0/0,4514:1747647653406:,1747647659705
counter/8/0/0/0,5317:1747647653156:,1747647659705
counter/8/0/0/0,5318:1747647653156:,1747647659705
counter/8/0/0/0,5319:1747647653156:,1747647659705
counter/8/0/0/0,5320:1747647653156:,1747647659705
counter/8/0/0/0,5321:1747647653156:,1747647659705
counter/8/0/0/0,5322:1747647653156:,1747647659705
counter/8/0/0/0,5323:1747647653156:,1747647659705
counter/8/0/0/0,5324:1747647653156:,1747647659705
counter/1/0/0/0,5254:1747647653935:,1747647659705
counter/1/0/0/0,5255:1747647653935:,1747647659706
counter/1/0/0/0,5256:1747647653935:,1747647659706
counter/1/0/0/0,5257:1747647653935:,1747647659706
counter/7/0/0/0,4853:1747647653332:,1747647659706
counter/10/0/0/0,4686:1747647653288:,1747647659706
counter/6/0/0/0,4515:1747647653406:,1747647659707
counter/4/0/0/0,5293:1747647653966:,1747647659707
counter/4/0/0/0,5294:1747647653966:,1747647659707
counter/4/0/0/0,5295:1747647653966:,1747647659707
counter/4/0/0/0,5296:1747647653966:,1747647659707
counter/1/0/0/0,5258:1747647653935:,1747647659708
counter/10/0/0/0,4687:1747647653288:,1747647659708
counter/1/0/0/0,5259:1747647653935:,1747647659708
counter/1/0/0/0,5260:1747647653935:,1747647659708
counter/10/0/0/0,4688:1747647653288:,1747647659708
counter/10/0/0/0,4689:1747647653288:,1747647659708
counter/10/0/0/0,4690:1747647653288:,1747647659708
counter/3/0/0/0,5079:1747647653480:,1747647659709
counter/10/0/0/0,4691:1747647653288:,1747647659710
counter/6/0/0/0,4516:1747647653406:,1747647659710
counter/5/0/0/0,4929:1747647653253:,1747647659710
counter/5/0/0/0,4930:1747647653254:,1747647659710
counter/5/0/0/0,4931:1747647653254:,1747647659710
counter/5/0/0/0,4932:1747647653254:,1747647659710
counter/4/0/0/0,5297:1747647653966:,1747647659710
counter/8/0/0/0,5325:1747647653156:,1747647659710
counter/8/0/0/0,5326:1747647653156:,1747647659710
counter/8/0/0/0,5327:1747647653156:,1747647659710
counter/8/0/0/0,5328:1747647653156:,1747647659710
counter/8/0/0/0,5329:1747647653157:,1747647659710
counter/8/0/0/0,5330:1747647653157:,1747647659710
counter/8/0/0/0,5331:1747647653162:,1747647659711
counter/9/0/0/0,5183:1747647653539:,1747647659711
counter/5/0/0/0,4933:1747647653254:,1747647659712
counter/4/0/0/0,5298:1747647653966:,1747647659712
counter/8/0/0/0,5332:1747647653162:,1747647659712
counter/4/0/0/0,5299:1747647653966:,1747647659712
counter/4/0/0/0,5300:1747647653966:,1747647659712
counter/9/0/0/0,5184:1747647653539:,1747647659712
counter/2/0/0/0,4598:1747647652767:,1747647659713
counter/3/0/0/0,5080:1747647653480:,1747647659713
counter/3/0/0/0,5081:1747647653480:,1747647659713
counter/3/0/0/0,5082:1747647653480:,1747647659713
counter/3/0/0/0,5083:1747647653480:,1747647659713
counter/3/0/0/0,5084:1747647653480:,1747647659713
counter/3/0/0/0,5085:1747647653480:,1747647659713
counter/5/0/0/0,4934:1747647653255:,1747647659713
counter/10/0/0/0,4692:1747647653289:,1747647659714
counter/10/0/0/0,4693:1747647653289:,1747647659714
counter/10/0/0/0,4694:1747647653289:,1747647659714
counter/10/0/0/0,4695:1747647653289:,1747647659714
counter/10/0/0/0,4696:1747647653289:,1747647659714
counter/10/0/0/0,4697:1747647653289:,1747647659714
counter/10/0/0/0,4698:1747647653289:,1747647659714
counter/10/0/0/0,4699:1747647653289:,1747647659714
counter/10/0/0/0,4700:1747647653289:,1747647659714
counter/10/0/0/0,4701:1747647653289:,1747647659714
counter/10/0/0/0,4702:1747647653289:,1747647659714
counter/10/0/0/0,4703:1747647653289:,1747647659714
counter/8/0/0/0,5333:1747647653162:,1747647659714
counter/8/0/0/0,5334:1747647653162:,1747647659714
counter/8/0/0/0,5335:1747647653162:,1747647659714
counter/8/0/0/0,5336:1747647653162:,1747647659714
counter/7/0/0/0,4854:1747647653332:,1747647659714
counter/5/0/0/0,4935:1747647653267:,1747647659715
counter/5/0/0/0,4936:1747647653267:,1747647659715
counter/5/0/0/0,4937:1747647653267:,1747647659715
counter/5/0/0/0,4938:1747647653267:,1747647659715
counter/7/0/0/0,4855:1747647653332:,1747647659715
counter/6/0/0/0,4517:1747647653406:,1747647659715
counter/7/0/0/0,4856:1747647653334:,1747647659715
counter/2/0/0/0,4599:1747647652767:,1747647659715
counter/2/0/0/0,4600:1747647652767:,1747647659715
counter/2/0/0/0,4601:1747647652767:,1747647659715
counter/2/0/0/0,4602:1747647652767:,1747647659715
counter/10/0/0/0,4704:1747647653290:,1747647659717
counter/9/0/0/0,5185:1747647653539:,1747647659717
counter/9/0/0/0,5186:1747647653539:,1747647659717
counter/9/0/0/0,5187:1747647653539:,1747647659717
counter/9/0/0/0,5188:1747647653539:,1747647659717
counter/5/0/0/0,4939:1747647653267:,1747647659717
counter/5/0/0/0,4940:1747647653267:,1747647659717
counter/5/0/0/0,4941:1747647653267:,1747647659717
counter/6/0/0/0,4518:1747647653406:,1747647659717
counter/7/0/0/0,4857:1747647653334:,1747647659718
counter/7/0/0/0,4858:1747647653334:,1747647659718
counter/3/0/0/0,5086:1747647653480:,1747647659718
counter/1/0/0/0,5261:1747647653935:,1747647659718
counter/1/0/0/0,5262:1747647653935:,1747647659718
counter/1/0/0/0,5263:1747647653935:,1747647659718
counter/3/0/0/0,5087:1747647653481:,1747647659719
counter/3/0/0/0,5088:1747647653481:,1747647659719
counter/3/0/0/0,5089:1747647653481:,1747647659719
counter/3/0/0/0,5090:1747647653481:,1747647659719
counter/7/0/0/0,4859:1747647653334:,1747647659719
counter/10/0/0/0,4705:1747647653290:,1747647659719
counter/9/0/0/0,5189:1747647653539:,1747647659719
counter/10/0/0/0,4706:1747647653290:,1747647659719
counter/10/0/0/0,4707:1747647653290:,1747647659719
counter/10/0/0/0,4708:1747647653290:,1747647659719
counter/4/0/0/0,5301:1747647653966:,1747647659719
counter/1/0/0/0,5264:1747647653935:,1747647659720
counter/1/0/0/0,5265:1747647653935:,1747647659720
counter/1/0/0/0,5266:1747647653938:,1747647659720
counter/1/0/0/0,5267:1747647653938:,1747647659720
counter/1/0/0/0,5268:1747647653938:,1747647659720
counter/1/0/0/0,5269:1747647653938:,1747647659720
counter/1/0/0/0,5270:1747647653938:,1747647659720
counter/1/0/0/0,5271:1747647653938:,1747647659720
counter/1/0/0/0,5272:1747647653938:,1747647659720
counter/1/0/0/0,5273:1747647653938:,1747647659720
counter/4/0/0/0,5302:1747647653966:,1747647659720
counter/1/0/0/0,5274:1747647653942:,1747647659721
counter/1/0/0/0,5275:1747647653942:,1747647659721
counter/1/0/0/0,5276:1747647653942:,1747647659721
counter/1/0/0/0,5277:1747647653943:,1747647659721
counter/1/0/0/0,5278:1747647653943:,1747647659721
counter/1/0/0/0,5279:1747647653947:,1747647659721
counter/1/0/0/0,5280:1747647653949:,1747647659721
counter/1/0/0/0,5281:1747647653951:,1747647659722
counter/1/0/0/0,5282:1747647653951:,1747647659722
counter/1/0/0/0,5283:1747647653951:,1747647659722
counter/1/0/0/0,5284:1747647653951:,1747647659722
counter/1/0/0/0,5285:1747647653951:,1747647659722
counter/1/0/0/0,5286:1747647653951:,1747647659722
counter/1/0/0/0,5287:1747647653952:,1747647659722
counter/3/0/0/0,5091:1747647653481:,1747647659722
counter/10/0/0/0,4709:1747647653290:,1747647659722
counter/8/0/0/0,5337:1747647653162:,1747647659722
counter/1/0/0/0,5288:1747647653952:,1747647659722
counter/2/0/0/0,4603:1747647652767:,1747647659722
counter/5/0/0/0,4942:1747647653267:,1747647659723
counter/3/0/0/0,5092:1747647653482:,1747647659723
counter/3/0/0/0,5093:1747647653482:,1747647659723
counter/3/0/0/0,5094:1747647653482:,1747647659723
counter/3/0/0/0,5095:1747647653482:,1747647659723
counter/1/0/0/0,5289:1747647653952:,1747647659724
counter/7/0/0/0,4860:1747647653334:,1747647659724
counter/1/0/0/0,5290:1747647653955:,1747647659724
counter/1/0/0/0,5291:1747647653955:,1747647659724
counter/9/0/0/0,5190:1747647653545:,1747647659724
counter/1/0/0/0,5292:1747647653955:,1747647659724
counter/7/0/0/0,4861:1747647653334:,1747647659724
counter/1/0/0/0,5293:1747647653955:,1747647659725
counter/9/0/0/0,5191:1747647653545:,1747647659725
counter/3/0/0/0,5096:1747647653482:,1747647659725
counter/3/0/0/0,5097:1747647653489:,1747647659725
counter/3/0/0/0,5098:1747647653489:,1747647659725
counter/3/0/0/0,5099:1747647653489:,1747647659725
counter/3/0/0/0,5100:1747647653489:,1747647659725
counter/3/0/0/0,5101:1747647653489:,1747647659725
counter/3/0/0/0,5102:1747647653489:,1747647659725
counter/3/0/0/0,5103:1747647653489:,1747647659725
counter/3/0/0/0,5104:1747647653489:,1747647659725
counter/3/0/0/0,5105:1747647653489:,1747647659725
counter/3/0/0/0,5106:1747647653489:,1747647659725
counter/5/0/0/0,4943:1747647653267:,1747647659725
counter/9/0/0/0,5192:1747647653545:,1747647659725
counter/9/0/0/0,5193:1747647653545:,1747647659725
counter/9/0/0/0,5194:1747647653545:,1747647659725
counter/9/0/0/0,5195:1747647653545:,1747647659725
counter/9/0/0/0,5196:1747647653545:,1747647659725
counter/9/0/0/0,5197:1747647653546:,1747647659725
counter/3/0/0/0,5107:1747647653489:,1747647659726
counter/9/0/0/0,5198:1747647653546:,1747647659726
counter/5/0/0/0,4944:1747647653267:,1747647659726
counter/5/0/0/0,4945:1747647653267:,1747647659726
counter/5/0/0/0,4946:1747647653268:,1747647659726
counter/5/0/0/0,4947:1747647653268:,1747647659726
counter/5/0/0/0,4948:1747647653268:,1747647659726
counter/5/0/0/0,4949:1747647653268:,1747647659726
counter/7/0/0/0,4862:1747647653334:,1747647659726
counter/4/0/0/0,5303:1747647653966:,1747647659727
counter/2/0/0/0,4604:1747647652767:,1747647659727
counter/8/0/0/0,5338:1747647653162:,1747647659727
counter/8/0/0/0,5339:1747647653162:,1747647659727
counter/1/0/0/0,5294:1747647653955:,1747647659728
counter/8/0/0/0,5340:1747647653162:,1747647659728
counter/8/0/0/0,5341:1747647653162:,1747647659728
counter/8/0/0/0,5342:1747647653162:,1747647659728
counter/7/0/0/0,4863:1747647653334:,1747647659729
counter/7/0/0/0,4864:1747647653334:,1747647659729
counter/7/0/0/0,4865:1747647653334:,1747647659729
counter/7/0/0/0,4866:1747647653334:,1747647659729
counter/1/0/0/0,5295:1747647653956:,1747647659729
counter/6/0/0/0,4519:1747647653406:,1747647659729
counter/8/0/0/0,5343:1747647653163:,1747647659730
counter/1/0/0/0,5296:1747647653956:,1747647659730
counter/8/0/0/0,5344:1747647653163:,1747647659730
counter/6/0/0/0,4520:1747647653406:,1747647659730
counter/10/0/0/0,4710:1747647653290:,1747647659731
counter/3/0/0/0,5108:1747647653489:,1747647659731
counter/10/0/0/0,4711:1747647653290:,1747647659734
counter/3/0/0/0,5109:1747647653498:,1747647659734
counter/6/0/0/0,4521:1747647653406:,1747647659734
counter/4/0/0/0,5304:1747647653967:,1747647659735
counter/4/0/0/0,5305:1747647653967:,1747647659735
counter/2/0/0/0,4605:1747647652767:,1747647659735
counter/2/0/0/0,4606:1747647652767:,1747647659735
counter/2/0/0/0,4607:1747647652767:,1747647659735
counter/2/0/0/0,4608:1747647652767:,1747647659735
counter/8/0/0/0,5345:1747647653163:,1747647659735
counter/8/0/0/0,5346:1747647653163:,1747647659735
counter/2/0/0/0,4609:1747647652772:,1747647659735
counter/8/0/0/0,5347:1747647653182:,1747647659735
counter/2/0/0/0,4610:1747647652772:,1747647659736
counter/8/0/0/0,5348:1747647653182:,1747647659736
counter/2/0/0/0,4611:1747647652772:,1747647659736
counter/8/0/0/0,5349:1747647653182:,1747647659736
counter/2/0/0/0,4612:1747647652772:,1747647659736
counter/2/0/0/0,4613:1747647652772:,1747647659736
counter/2/0/0/0,4614:1747647652772:,1747647659736
counter/2/0/0/0,4615:1747647652772:,1747647659736
counter/2/0/0/0,4616:1747647652772:,1747647659736
counter/2/0/0/0,4617:1747647652772:,1747647659736
counter/2/0/0/0,4618:1747647652772:,1747647659736
counter/2/0/0/0,4619:1747647652772:,1747647659736
counter/2/0/0/0,4620:1747647652772:,1747647659736
counter/2/0/0/0,4621:1747647652772:,1747647659736
counter/4/0/0/0,5306:1747647653967:,1747647659736
counter/1/0/0/0,5297:1747647653957:,1747647659736
counter/1/0/0/0,5298:1747647653957:,1747647659736
counter/1/0/0/0,5299:1747647653957:,1747647659736
counter/1/0/0/0,5300:1747647653957:,1747647659736
counter/7/0/0/0,4867:1747647653334:,1747647659737
counter/2/0/0/0,4622:1747647652772:,1747647659737
counter/10/0/0/0,4712:1747647653290:,1747647659737
counter/9/0/0/0,5199:1747647653546:,1747647659737
counter/10/0/0/0,4713:1747647653290:,1747647659737
counter/10/0/0/0,4714:1747647653290:,1747647659737
counter/10/0/0/0,4715:1747647653290:,1747647659737
counter/5/0/0/0,4950:1747647653268:,1747647659737
counter/10/0/0/0,4716:1747647653290:,1747647659737
counter/3/0/0/0,5110:1747647653498:,1747647659737
counter/8/0/0/0,5350:1747647653182:,1747647659737
counter/7/0/0/0,4868:1747647653337:,1747647659738
counter/5/0/0/0,4951:1747647653269:,1747647659739
counter/6/0/0/0,4522:1747647653406:,1747647659739
counter/6/0/0/0,4523:1747647653406:,1747647659739
counter/6/0/0/0,4524:1747647653412:,1747647659739
counter/6/0/0/0,4525:1747647653413:,1747647659740
counter/6/0/0/0,4526:1747647653413:,1747647659740
counter/6/0/0/0,4527:1747647653413:,1747647659740
counter/3/0/0/0,5111:1747647653520:,1747647659740
counter/6/0/0/0,4528:1747647653413:,1747647659740
counter/5/0/0/0,4952:1747647653269:,1747647659741
counter/4/0/0/0,5307:1747647653967:,1747647659741
counter/6/0/0/0,4529:1747647653413:,1747647659741
counter/4/0/0/0,5308:1747647653967:,1747647659741
counter/9/0/0/0,5200:1747647653546:,1747647659741
counter/4/0/0/0,5309:1747647653967:,1747647659741
counter/9/0/0/0,5201:1747647653546:,1747647659741
counter/9/0/0/0,5202:1747647653546:,1747647659741
counter/9/0/0/0,5203:1747647653546:,1747647659741
counter/10/0/0/0,4717:1747647653292:,1747647659741
counter/10/0/0/0,4718:1747647653292:,1747647659741
counter/5/0/0/0,4953:1747647653269:,1747647659742
counter/9/0/0/0,5204:1747647653546:,1747647659743
counter/7/0/0/0,4869:1747647653337:,1747647659743
counter/3/0/0/0,5112:1747647653520:,1747647659743
counter/10/0/0/0,4719:1747647653292:,1747647659743
counter/10/0/0/0,4720:1747647653292:,1747647659743
counter/10/0/0/0,4721:1747647653292:,1747647659743
counter/10/0/0/0,4722:1747647653293:,1747647659743
counter/2/0/0/0,4623:1747647652772:,1747647659745
counter/2/0/0/0,4624:1747647652772:,1747647659745
counter/2/0/0/0,4625:1747647652772:,1747647659745
counter/2/0/0/0,4626:1747647652773:,1747647659745
counter/3/0/0/0,5113:1747647653520:,1747647659745
counter/2/0/0/0,4627:1747647652773:,1747647659745
counter/2/0/0/0,4628:1747647652773:,1747647659745
counter/7/0/0/0,4870:1747647653337:,1747647659745
counter/1/0/0/0,5301:1747647653964:,1747647659745
counter/7/0/0/0,4871:1747647653337:,1747647659745
counter/7/0/0/0,4872:1747647653337:,1747647659745
counter/7/0/0/0,4873:1747647653337:,1747647659745
counter/7/0/0/0,4874:1747647653337:,1747647659745
counter/7/0/0/0,4875:1747647653337:,1747647659745
counter/6/0/0/0,4530:1747647653413:,1747647659745
counter/3/0/0/0,5114:1747647653520:,1747647659745
counter/7/0/0/0,4876:1747647653337:,1747647659746
counter/7/0/0/0,4877:1747647653337:,1747647659746
counter/7/0/0/0,4878:1747647653340:,1747647659746
counter/7/0/0/0,4879:1747647653340:,1747647659746
counter/7/0/0/0,4880:1747647653340:,1747647659746
counter/7/0/0/0,4881:1747647653340:,1747647659746
counter/7/0/0/0,4882:1747647653340:,1747647659746
counter/7/0/0/0,4883:1747647653340:,1747647659746
counter/7/0/0/0,4884:1747647653340:,1747647659746
counter/1/0/0/0,5302:1747647653965:,1747647659747
counter/1/0/0/0,5303:1747647653965:,1747647659748
counter/1/0/0/0,5304:1747647653965:,1747647659748
counter/1/0/0/0,5305:1747647653965:,1747647659748
counter/1/0/0/0,5306:1747647653968:,1747647659748
counter/1/0/0/0,5307:1747647653969:,1747647659748
counter/9/0/0/0,5205:1747647653546:,1747647659748
counter/1/0/0/0,5308:1747647653969:,1747647659748
counter/10/0/0/0,4723:1747647653293:,1747647659748
counter/6/0/0/0,4531:1747647653413:,1747647659750
counter/6/0/0/0,4532:1747647653413:,1747647659750
counter/6/0/0/0,4533:1747647653413:,1747647659750
counter/6/0/0/0,4534:1747647653413:,1747647659750
counter/6/0/0/0,4535:1747647653413:,1747647659750
counter/6/0/0/0,4536:1747647653413:,1747647659750
counter/6/0/0/0,4537:1747647653421:,1747647659750
counter/6/0/0/0,4538:1747647653421:,1747647659750
counter/9/0/0/0,5206:1747647653546:,1747647659750
counter/7/0/0/0,4885:1747647653340:,1747647659752
counter/1/0/0/0,5309:1747647653969:,1747647659752
counter/2/0/0/0,4629:1747647652773:,1747647659752
counter/2/0/0/0,4630:1747647652773:,1747647659753
counter/2/0/0/0,4631:1747647652773:,1747647659753
counter/2/0/0/0,4632:1747647652773:,1747647659753
counter/2/0/0/0,4633:1747647652773:,1747647659753
counter/2/0/0/0,4634:1747647652773:,1747647659753
counter/2/0/0/0,4635:1747647652773:,1747647659753
counter/2/0/0/0,4636:1747647652773:,1747647659753
counter/5/0/0/0,4954:1747647653269:,1747647659753
counter/5/0/0/0,4955:1747647653269:,1747647659753
counter/4/0/0/0,5310:1747647653967:,1747647659753
counter/7/0/0/0,4886:1747647653340:,1747647659754
counter/7/0/0/0,4887:1747647653341:,1747647659754
counter/2/0/0/0,4637:1747647652773:,1747647659754
counter/6/0/0/0,4539:1747647653421:,1747647659754
counter/6/0/0/0,4540:1747647653421:,1747647659755
counter/6/0/0/0,4541:1747647653421:,1747647659755
counter/7/0/0/0,4888:1747647653341:,1747647659755
counter/1/0/0/0,5310:1747647653969:,1747647659755
counter/1/0/0/0,5311:1747647653969:,1747647659755
counter/1/0/0/0,5312:1747647653969:,1747647659755
counter/1/0/0/0,5313:1747647653969:,1747647659756
counter/1/0/0/0,5314:1747647653969:,1747647659756
counter/4/0/0/0,5311:1747647653967:,1747647659756
counter/1/0/0/0,5315:1747647653969:,1747647659756
counter/1/0/0/0,5316:1747647653969:,1747647659756
counter/5/0/0/0,4956:1747647653269:,1747647659757
counter/3/0/0/0,5115:1747647653520:,1747647659757
counter/5/0/0/0,4957:1747647653269:,1747647659757
counter/3/0/0/0,5116:1747647653520:,1747647659757
counter/3/0/0/0,5117:1747647653520:,1747647659757
counter/6/0/0/0,4542:1747647653421:,1747647659757
counter/3/0/0/0,5118:1747647653520:,1747647659757
counter/2/0/0/0,4638:1747647652773:,1747647659757
counter/2/0/0/0,4639:1747647652773:,1747647659757
counter/2/0/0/0,4640:1747647652773:,1747647659757
counter/10/0/0/0,4724:1747647653293:,1747647659757
counter/8/0/0/0,5351:1747647653182:,1747647659758
counter/8/0/0/0,5352:1747647653186:,1747647659758
counter/8/0/0/0,5353:1747647653187:,1747647659758
counter/8/0/0/0,5354:1747647653187:,1747647659758
counter/8/0/0/0,5355:1747647653187:,1747647659758
counter/4/0/0/0,5312:1747647653967:,1747647659759
counter/10/0/0/0,4725:1747647653293:,1747647659759
counter/4/0/0/0,5313:1747647653967:,1747647659759
counter/4/0/0/0,5314:1747647653967:,1747647659760
counter/4/0/0/0,5315:1747647653967:,1747647659760
counter/4/0/0/0,5316:1747647653969:,1747647659760
counter/4/0/0/0,5317:1747647653969:,1747647659760
counter/10/0/0/0,4726:1747647653293:,1747647659760
counter/5/0/0/0,4958:1747647653269:,1747647659761
counter/9/0/0/0,5207:1747647653546:,1747647659762
counter/8/0/0/0,5356:1747647653187:,1747647659762
counter/3/0/0/0,5119:1747647653520:,1747647659762
counter/9/0/0/0,5208:1747647653546:,1747647659762
counter/5/0/0/0,4959:1747647653269:,1747647659762
counter/2/0/0/0,4641:1747647652773:,1747647659762
counter/8/0/0/0,5357:1747647653187:,1747647659763
counter/8/0/0/0,5358:1747647653187:,1747647659763
counter/8/0/0/0,5359:1747647653187:,1747647659763
counter/8/0/0/0,5360:1747647653187:,1747647659763
counter/8/0/0/0,5361:1747647653187:,1747647659763
counter/2/0/0/0,4642:1747647652774:,1747647659763
counter/1/0/0/0,5317:1747647653969:,1747647659763
counter/4/0/0/0,5318:1747647653971:,1747647659763
counter/1/0/0/0,5318:1747647653969:,1747647659763
counter/1/0/0/0,5319:1747647653971:,1747647659763
counter/4/0/0/0,5319:1747647653971:,1747647659764
counter/10/0/0/0,4727:1747647653293:,1747647659765
counter/5/0/0/0,4960:1747647653269:,1747647659765
counter/7/0/0/0,4889:1747647653341:,1747647659766
counter/5/0/0/0,4961:1747647653269:,1747647659767
counter/3/0/0/0,5120:1747647653520:,1747647659767
counter/4/0/0/0,5320:1747647653971:,1747647659767
counter/1/0/0/0,5320:1747647653971:,1747647659767
counter/2/0/0/0,4643:1747647652774:,1747647659767
counter/8/0/0/0,5362:1747647653187:,1747647659767
counter/3/0/0/0,5121:1747647653520:,1747647659767
counter/5/0/0/0,4962:1747647653269:,1747647659768
counter/7/0/0/0,4890:1747647653341:,1747647659768
counter/3/0/0/0,5122:1747647653520:,1747647659768
counter/2/0/0/0,4644:1747647652774:,1747647659769
counter/9/0/0/0,5209:1747647653546:,1747647659770
counter/10/0/0/0,4728:1747647653293:,1747647659770
counter/10/0/0/0,4729:1747647653293:,1747647659770
counter/10/0/0/0,4730:1747647653293:,1747647659770
counter/10/0/0/0,4731:1747647653293:,1747647659770
counter/10/0/0/0,4732:1747647653293:,1747647659770
counter/8/0/0/0,5363:1747647653187:,1747647659770
counter/8/0/0/0,5364:1747647653187:,1747647659770
counter/1/0/0/0,5321:1747647653971:,1747647659770
counter/1/0/0/0,5322:1747647653972:,1747647659770
counter/8/0/0/0,5365:1747647653193:,1747647659771
counter/3/0/0/0,5123:1747647653521:,1747647659771
counter/3/0/0/0,5124:1747647653521:,1747647659771
counter/3/0/0/0,5125:1747647653521:,1747647659771
counter/3/0/0/0,5126:1747647653521:,1747647659771
counter/3/0/0/0,5127:1747647653521:,1747647659772
counter/2/0/0/0,4645:1747647652774:,1747647659772
counter/2/0/0/0,4646:1747647652774:,1747647659772
counter/6/0/0/0,4543:1747647653421:,1747647659772
counter/10/0/0/0,4733:1747647653293:,1747647659773
counter/9/0/0/0,5210:1747647653546:,1747647659773
counter/9/0/0/0,5211:1747647653546:,1747647659773
counter/5/0/0/0,4963:1747647653269:,1747647659773
counter/5/0/0/0,4964:1747647653269:,1747647659773
counter/5/0/0/0,4965:1747647653269:,1747647659773
counter/5/0/0/0,4966:1747647653269:,1747647659773
counter/5/0/0/0,4967:1747647653269:,1747647659773
counter/5/0/0/0,4968:1747647653269:,1747647659773
counter/3/0/0/0,5128:1747647653521:,1747647659773
counter/1/0/0/0,5323:1747647653972:,1747647659773
counter/1/0/0/0,5324:1747647653972:,1747647659773
counter/3/0/0/0,5129:1747647653521:,1747647659774
counter/1/0/0/0,5325:1747647653972:,1747647659774
counter/3/0/0/0,5130:1747647653521:,1747647659774
counter/3/0/0/0,5131:1747647653521:,1747647659774
counter/3/0/0/0,5132:1747647653522:,1747647659774
counter/3/0/0/0,5133:1747647653522:,1747647659774
counter/3/0/0/0,5134:1747647653526:,1747647659774
counter/6/0/0/0,4544:1747647653421:,1747647659775
counter/3/0/0/0,5135:1747647653526:,1747647659775
counter/10/0/0/0,4734:1747647653299:,1747647659775
counter/3/0/0/0,5136:1747647653526:,1747647659777
counter/3/0/0/0,5137:1747647653526:,1747647659778
counter/8/0/0/0,5366:1747647653193:,1747647659778
counter/1/0/0/0,5326:1747647653972:,1747647659778
counter/2/0/0/0,4647:1747647652774:,1747647659778
counter/2/0/0/0,4648:1747647652774:,1747647659778
counter/2/0/0/0,4649:1747647652774:,1747647659778
counter/2/0/0/0,4650:1747647652774:,1747647659779
counter/10/0/0/0,4735:1747647653299:,1747647659779
counter/7/0/0/0,4891:1747647653341:,1747647659779
counter/7/0/0/0,4892:1747647653341:,1747647659779
counter/9/0/0/0,5212:1747647653549:,1747647659779
counter/10/0/0/0,4736:1747647653299:,1747647659779
counter/3/0/0/0,5138:1747647653526:,1747647659780
counter/3/0/0/0,5139:1747647653526:,1747647659780
counter/3/0/0/0,5140:1747647653526:,1747647659780
counter/3/0/0/0,5141:1747647653526:,1747647659780
counter/3/0/0/0,5142:1747647653526:,1747647659780
counter/3/0/0/0,5143:1747647653526:,1747647659780
counter/3/0/0/0,5144:1747647653526:,1747647659780
counter/3/0/0/0,5145:1747647653537:,1747647659780
counter/3/0/0/0,5146:1747647653537:,1747647659781
counter/3/0/0/0,5147:1747647653537:,1747647659781
counter/3/0/0/0,5148:1747647653537:,1747647659781
counter/3/0/0/0,5149:1747647653544:,1747647659781
counter/3/0/0/0,5150:1747647653544:,1747647659781
counter/3/0/0/0,5151:1747647653544:,1747647659781
counter/3/0/0/0,5152:1747647653544:,1747647659781
counter/3/0/0/0,5153:1747647653544:,1747647659781
counter/10/0/0/0,4737:1747647653299:,1747647659782
counter/5/0/0/0,4969:1747647653270:,1747647659782
counter/5/0/0/0,4970:1747647653270:,1747647659783
counter/5/0/0/0,4971:1747647653271:,1747647659783
counter/5/0/0/0,4972:1747647653271:,1747647659783
counter/5/0/0/0,4973:1747647653271:,1747647659783
counter/7/0/0/0,4893:1747647653342:,1747647659783
counter/8/0/0/0,5367:1747647653193:,1747647659783
counter/6/0/0/0,4545:1747647653421:,1747647659783
counter/6/0/0/0,4546:1747647653421:,1747647659783
counter/6/0/0/0,4547:1747647653421:,1747647659783
counter/6/0/0/0,4548:1747647653421:,1747647659783
counter/5/0/0/0,4974:1747647653271:,1747647659783
counter/5/0/0/0,4975:1747647653271:,1747647659783
counter/5/0/0/0,4976:1747647653271:,1747647659784
counter/5/0/0/0,4977:1747647653271:,1747647659784
counter/5/0/0/0,4978:1747647653271:,1747647659784
counter/5/0/0/0,4979:1747647653271:,1747647659784
counter/5/0/0/0,4980:1747647653271:,1747647659784
counter/5/0/0/0,4981:1747647653271:,1747647659784
counter/2/0/0/0,4651:1747647652777:,1747647659784
counter/6/0/0/0,4549:1747647653421:,1747647659785
counter/1/0/0/0,5327:1747647653972:,1747647659785
counter/3/0/0/0,5154:1747647653544:,1747647659785
counter/8/0/0/0,5368:1747647653193:,1747647659786
counter/2/0/0/0,4652:1747647652777:,1747647659787
counter/8/0/0/0,5369:1747647653193:,1747647659787
counter/3/0/0/0,5155:1747647653544:,1747647659787
counter/3/0/0/0,5156:1747647653544:,1747647659787
counter/9/0/0/0,5213:1747647653550:,1747647659787
counter/9/0/0/0,5214:1747647653550:,1747647659787
counter/9/0/0/0,5215:1747647653550:,1747647659788
counter/9/0/0/0,5216:1747647653550:,1747647659788
counter/9/0/0/0,5217:1747647653550:,1747647659788
counter/9/0/0/0,5218:1747647653559:,1747647659788
counter/9/0/0/0,5219:1747647653559:,1747647659788
counter/9/0/0/0,5220:1747647653559:,1747647659788
counter/9/0/0/0,5221:1747647653560:,1747647659788
counter/9/0/0/0,5222:1747647653561:,1747647659788
counter/9/0/0/0,5223:1747647653571:,1747647659788
counter/9/0/0/0,5224:1747647653571:,1747647659788
counter/9/0/0/0,5225:1747647653571:,1747647659788
counter/9/0/0/0,5226:1747647653571:,1747647659788
counter/7/0/0/0,4894:1747647653342:,1747647659788
counter/7/0/0/0,4895:1747647653342:,1747647659788
counter/7/0/0/0,4896:1747647653342:,1747647659788
counter/7/0/0/0,4897:1747647653342:,1747647659788
counter/7/0/0/0,4898:1747647653342:,1747647659788
counter/7/0/0/0,4899:1747647653342:,1747647659788
counter/2/0/0/0,4653:1747647652777:,1747647659788
counter/10/0/0/0,4738:1747647653299:,1747647659790
counter/2/0/0/0,4654:1747647652777:,1747647659790
counter/2/0/0/0,4655:1747647652777:,1747647659790
counter/5/0/0/0,4982:1747647653271:,1747647659790
counter/2/0/0/0,4656:1747647652777:,1747647659790
counter/5/0/0/0,4983:1747647653277:,1747647659790
counter/2/0/0/0,4657:1747647652777:,1747647659790
counter/5/0/0/0,4984:1747647653278:,1747647659790
counter/5/0/0/0,4985:1747647653280:,1747647659790
counter/5/0/0/0,4986:1747647653280:,1747647659790
counter/5/0/0/0,4987:1747647653280:,1747647659790
counter/5/0/0/0,4988:1747647653280:,1747647659790
counter/5/0/0/0,4989:1747647653280:,1747647659790
counter/5/0/0/0,4990:1747647653283:,1747647659790
counter/5/0/0/0,4991:1747647653285:,1747647659790
counter/5/0/0/0,4992:1747647653285:,1747647659790
counter/5/0/0/0,4993:1747647653285:,1747647659790
counter/5/0/0/0,4994:1747647653285:,1747647659791
counter/5/0/0/0,4995:1747647653285:,1747647659791
counter/5/0/0/0,4996:1747647653285:,1747647659791
counter/5/0/0/0,4997:1747647653285:,1747647659791
counter/5/0/0/0,4998:1747647653285:,1747647659791
counter/5/0/0/0,4999:1747647653285:,1747647659791
counter/8/0/0/0,5370:1747647653193:,1747647659791
counter/5/0/0/0,5000:1747647653285:,1747647659791
counter/5/0/0/0,5001:1747647653285:,1747647659791
counter/10/0/0/0,4739:1747647653299:,1747647659791
counter/10/0/0/0,4740:1747647653299:,1747647659791
counter/10/0/0/0,4741:1747647653299:,1747647659791
counter/10/0/0/0,4742:1747647653299:,1747647659791
counter/10/0/0/0,4743:1747647653300:,1747647659791
counter/4/0/0/0,5321:1747647653971:,1747647659791
counter/6/0/0/0,4550:1747647653425:,1747647659791
counter/9/0/0/0,5227:1747647653571:,1747647659792
counter/7/0/0/0,4900:1747647653342:,1747647659792
counter/7/0/0/0,4901:1747647653342:,1747647659792
counter/7/0/0/0,4902:1747647653342:,1747647659792
counter/7/0/0/0,4903:1747647653342:,1747647659792
counter/7/0/0/0,4904:1747647653342:,1747647659792
counter/7/0/0/0,4905:1747647653342:,1747647659792
counter/7/0/0/0,4906:1747647653342:,1747647659792
counter/7/0/0/0,4907:1747647653342:,1747647659792
counter/7/0/0/0,4908:1747647653342:,1747647659792
counter/7/0/0/0,4909:1747647653342:,1747647659792
counter/7/0/0/0,4910:1747647653342:,1747647659792
counter/8/0/0/0,5371:1747647653193:,1747647659792
counter/8/0/0/0,5372:1747647653193:,1747647659792
counter/8/0/0/0,5373:1747647653193:,1747647659792
counter/8/0/0/0,5374:1747647653193:,1747647659792
counter/8/0/0/0,5375:1747647653193:,1747647659793
counter/8/0/0/0,5376:1747647653193:,1747647659793
counter/8/0/0/0,5377:1747647653193:,1747647659793
counter/8/0/0/0,5378:1747647653193:,1747647659793
counter/8/0/0/0,5379:1747647653193:,1747647659793
counter/8/0/0/0,5380:1747647653193:,1747647659793
counter/1/0/0/0,5328:1747647653972:,1747647659793
counter/1/0/0/0,5329:1747647653972:,1747647659793
counter/10/0/0/0,4744:1747647653300:,1747647659793
counter/1/0/0/0,5330:1747647653972:,1747647659793
counter/1/0/0/0,5331:1747647653981:,1747647659794
counter/1/0/0/0,5332:1747647653981:,1747647659794
counter/1/0/0/0,5333:1747647653981:,1747647659794
counter/1/0/0/0,5334:1747647653981:,1747647659794
counter/1/0/0/0,5335:1747647653981:,1747647659794
counter/1/0/0/0,5336:1747647653981:,1747647659794
counter/1/0/0/0,5337:1747647653981:,1747647659794
counter/5/0/0/0,5002:1747647653285:,1747647659794
counter/5/0/0/0,5003:1747647653291:,1747647659794
counter/5/0/0/0,5004:1747647653291:,1747647659794
counter/5/0/0/0,5005:1747647653291:,1747647659794
counter/5/0/0/0,5006:1747647653291:,1747647659794
counter/6/0/0/0,4551:1747647653425:,1747647659794
counter/7/0/0/0,4911:1747647653342:,1747647659794
counter/3/0/0/0,5157:1747647653544:,1747647659794
counter/1/0/0/0,5338:1747647653981:,1747647659794
counter/3/0/0/0,5158:1747647653545:,1747647659794
counter/3/0/0/0,5159:1747647653545:,1747647659795
counter/3/0/0/0,5160:1747647653545:,1747647659795
counter/4/0/0/0,5322:1747647653971:,1747647659795
counter/3/0/0/0,5161:1747647653545:,1747647659795
counter/9/0/0/0,5228:1747647653571:,1747647659795
counter/5/0/0/0,5007:1747647653291:,1747647659796
counter/8/0/0/0,5381:1747647653207:,1747647659796
counter/1/0/0/0,5339:1747647653981:,1747647659796
counter/6/0/0/0,4552:1747647653425:,1747647659796
counter/6/0/0/0,4553:1747647653425:,1747647659796
counter/10/0/0/0,4745:1747647653300:,1747647659797
counter/3/0/0/0,5162:1747647653545:,1747647659797
counter/3/0/0/0,5163:1747647653545:,1747647659797
counter/3/0/0/0,5164:1747647653545:,1747647659797
counter/3/0/0/0,5165:1747647653545:,1747647659797
counter/4/0/0/0,5323:1747647653971:,1747647659797
counter/5/0/0/0,5008:1747647653292:,1747647659797
counter/9/0/0/0,5229:1747647653571:,1747647659798
counter/2/0/0/0,4658:1747647652777:,1747647659798
counter/5/0/0/0,5009:1747647653292:,1747647659799
counter/3/0/0/0,5166:1747647653545:,1747647659799
counter/9/0/0/0,5230:1747647653571:,1747647659799
counter/4/0/0/0,5324:1747647653971:,1747647659799
counter/4/0/0/0,5325:1747647653978:,1747647659799
counter/4/0/0/0,5326:1747647653978:,1747647659799
counter/10/0/0/0,4746:1747647653300:,1747647659799
counter/1/0/0/0,5340:1747647653981:,1747647659800
counter/1/0/0/0,5341:1747647653981:,1747647659800
counter/1/0/0/0,5342:1747647653981:,1747647659800
counter/1/0/0/0,5343:1747647653981:,1747647659800
counter/1/0/0/0,5344:1747647653981:,1747647659800
counter/1/0/0/0,5345:1747647653981:,1747647659800
counter/1/0/0/0,5346:1747647653981:,1747647659800
counter/3/0/0/0,5167:1747647653545:,1747647659800
counter/2/0/0/0,4659:1747647652777:,1747647659800
counter/1/0/0/0,5347:1747647653981:,1747647659801
counter/1/0/0/0,5348:1747647653981:,1747647659801
counter/1/0/0/0,5349:1747647653981:,1747647659801
counter/1/0/0/0,5350:1747647653981:,1747647659801
counter/1/0/0/0,5351:1747647653982:,1747647659801
counter/2/0/0/0,4660:1747647652777:,1747647659801
counter/1/0/0/0,5352:1747647653982:,1747647659801
counter/1/0/0/0,5353:1747647653982:,1747647659801
counter/4/0/0/0,5327:1747647653978:,1747647659801
counter/1/0/0/0,5354:1747647653982:,1747647659801
counter/4/0/0/0,5328:1747647653978:,1747647659801
counter/1/0/0/0,5355:1747647653982:,1747647659801
counter/4/0/0/0,5329:1747647653978:,1747647659801
counter/1/0/0/0,5356:1747647653982:,1747647659801
counter/10/0/0/0,4747:1747647653300:,1747647659802
counter/10/0/0/0,4748:1747647653300:,1747647659802
counter/10/0/0/0,4749:1747647653300:,1747647659802
counter/10/0/0/0,4750:1747647653302:,1747647659802
counter/10/0/0/0,4751:1747647653302:,1747647659802
counter/10/0/0/0,4752:1747647653302:,1747647659802
counter/10/0/0/0,4753:1747647653302:,1747647659802
counter/10/0/0/0,4754:1747647653302:,1747647659802
counter/1/0/0/0,5357:1747647653982:,1747647659802
counter/10/0/0/0,4755:1747647653302:,1747647659802
counter/1/0/0/0,5358:1747647653982:,1747647659802
counter/10/0/0/0,4756:1747647653302:,1747647659802
counter/1/0/0/0,5359:1747647653982:,1747647659802
counter/10/0/0/0,4757:1747647653302:,1747647659802
counter/5/0/0/0,5010:1747647653292:,1747647659803
counter/5/0/0/0,5011:1747647653292:,1747647659803
counter/5/0/0/0,5012:1747647653292:,1747647659803
counter/5/0/0/0,5013:1747647653292:,1747647659803
counter/5/0/0/0,5014:1747647653330:,1747647659803
counter/5/0/0/0,5015:1747647653330:,1747647659803
counter/3/0/0/0,5168:1747647653545:,1747647659803
counter/9/0/0/0,5231:1747647653571:,1747647659803
counter/1/0/0/0,5360:1747647653982:,1747647659803
counter/7/0/0/0,4912:1747647653342:,1747647659803
counter/10/0/0/0,4758:1747647653302:,1747647659803
counter/1/0/0/0,5361:1747647653982:,1747647659803
counter/7/0/0/0,4913:1747647653342:,1747647659804
counter/10/0/0/0,4759:1747647653302:,1747647659804
counter/10/0/0/0,4760:1747647653302:,1747647659804
counter/10/0/0/0,4761:1747647653302:,1747647659804
counter/1/0/0/0,5362:1747647653982:,1747647659805
counter/6/0/0/0,4554:1747647653425:,1747647659805
counter/2/0/0/0,4661:1747647652777:,1747647659805
counter/1/0/0/0,5363:1747647653982:,1747647659805
counter/9/0/0/0,5232:1747647653571:,1747647659805
counter/5/0/0/0,5016:1747647653330:,1747647659805
counter/5/0/0/0,5017:1747647653330:,1747647659805
counter/5/0/0/0,5018:1747647653330:,1747647659805
counter/5/0/0/0,5019:1747647653338:,1747647659805
counter/5/0/0/0,5020:1747647653338:,1747647659806
counter/5/0/0/0,5021:1747647653338:,1747647659806
counter/5/0/0/0,5022:1747647653339:,1747647659806
counter/5/0/0/0,5023:1747647653339:,1747647659806
counter/10/0/0/0,4762:1747647653302:,1747647659806
counter/1/0/0/0,5364:1747647653982:,1747647659806
counter/1/0/0/0,5365:1747647653982:,1747647659806
counter/1/0/0/0,5366:1747647653982:,1747647659806
counter/4/0/0/0,5330:1747647653978:,1747647659806
counter/4/0/0/0,5331:1747647653978:,1747647659806
counter/4/0/0/0,5332:1747647653978:,1747647659806
counter/4/0/0/0,5333:1747647653978:,1747647659806
counter/4/0/0/0,5334:1747647653978:,1747647659806
counter/1/0/0/0,5367:1747647653982:,1747647659806
counter/10/0/0/0,4763:1747647653305:,1747647659806
counter/8/0/0/0,5382:1747647653207:,1747647659806
counter/2/0/0/0,4662:1747647652777:,1747647659807
counter/2/0/0/0,4663:1747647652777:,1747647659807
counter/2/0/0/0,4664:1747647652777:,1747647659807
counter/1/0/0/0,5368:1747647653982:,1747647659809
counter/1/0/0/0,5369:1747647653982:,1747647659809
counter/1/0/0/0,5370:1747647653982:,1747647659810
counter/1/0/0/0,5371:1747647653982:,1747647659810
counter/1/0/0/0,5372:1747647653982:,1747647659810
counter/1/0/0/0,5373:1747647653982:,1747647659810
counter/1/0/0/0,5374:1747647653982:,1747647659810
counter/1/0/0/0,5375:1747647653982:,1747647659810
counter/1/0/0/0,5376:1747647653982:,1747647659810
counter/1/0/0/0,5377:1747647653982:,1747647659810
counter/1/0/0/0,5378:1747647653982:,1747647659810
counter/1/0/0/0,5379:1747647653982:,1747647659810
counter/1/0/0/0,5380:1747647653982:,1747647659810
counter/1/0/0/0,5381:1747647653982:,1747647659810
counter/1/0/0/0,5382:1747647653983:,1747647659810
counter/1/0/0/0,5383:1747647653983:,1747647659810
counter/1/0/0/0,5384:1747647653983:,1747647659810
counter/5/0/0/0,5024:1747647653343:,1747647659810
counter/10/0/0/0,4764:1747647653305:,1747647659811
counter/1/0/0/0,5385:1747647653983:,1747647659812
counter/1/0/0/0,5386:1747647653983:,1747647659812
counter/1/0/0/0,5387:1747647653983:,1747647659812
counter/1/0/0/0,5388:1747647653983:,1747647659812
counter/1/0/0/0,5389:1747647653983:,1747647659812
counter/1/0/0/0,5390:1747647653983:,1747647659812
counter/1/0/0/0,5391:1747647653983:,1747647659812
counter/1/0/0/0,5392:1747647653983:,1747647659812
counter/8/0/0/0,5383:1747647653207:,1747647659813
counter/9/0/0/0,5233:1747647653571:,1747647659813
counter/5/0/0/0,5025:1747647653343:,1747647659813
counter/9/0/0/0,5234:1747647653571:,1747647659813
counter/1/0/0/0,5393:1747647653983:,1747647659813
counter/9/0/0/0,5235:1747647653571:,1747647659814
counter/9/0/0/0,5236:1747647653571:,1747647659814
counter/9/0/0/0,5237:1747647653571:,1747647659814
counter/9/0/0/0,5238:1747647653571:,1747647659814
counter/9/0/0/0,5239:1747647653571:,1747647659814
counter/9/0/0/0,5240:1747647653571:,1747647659814
counter/9/0/0/0,5241:1747647653571:,1747647659814
counter/9/0/0/0,5242:1747647653571:,1747647659814
counter/9/0/0/0,5243:1747647653571:,1747647659815
counter/2/0/0/0,4665:1747647652777:,1747647659815
counter/1/0/0/0,5394:1747647653983:,1747647659815
counter/1/0/0/0,5395:1747647653983:,1747647659815
counter/1/0/0/0,5396:1747647653983:,1747647659815
counter/1/0/0/0,5397:1747647653983:,1747647659815
counter/1/0/0/0,5398:1747647653983:,1747647659815
counter/1/0/0/0,5399:1747647653983:,1747647659815
counter/1/0/0/0,5400:1747647653983:,1747647659815
counter/1/0/0/0,5401:1747647653983:,1747647659815
counter/1/0/0/0,5402:1747647653983:,1747647659815
counter/1/0/0/0,5403:1747647653983:,1747647659815
counter/3/0/0/0,5169:1747647653545:,1747647659815
counter/1/0/0/0,5404:1747647653983:,1747647659815
counter/1/0/0/0,5405:1747647653983:,1747647659815
counter/10/0/0/0,4765:1747647653305:,1747647659815
counter/1/0/0/0,5406:1747647653983:,1747647659815
counter/10/0/0/0,4766:1747647653309:,1747647659815
counter/5/0/0/0,5026:1747647653343:,1747647659815
counter/5/0/0/0,5027:1747647653343:,1747647659815
counter/5/0/0/0,5028:1747647653343:,1747647659815
counter/5/0/0/0,5029:1747647653344:,1747647659816
counter/5/0/0/0,5030:1747647653344:,1747647659816
counter/8/0/0/0,5384:1747647653207:,1747647659816
counter/1/0/0/0,5407:1747647653983:,1747647659816
counter/1/0/0/0,5408:1747647653983:,1747647659816
counter/5/0/0/0,5031:1747647653344:,1747647659816
counter/6/0/0/0,4555:1747647653425:,1747647659816
counter/9/0/0/0,5244:1747647653571:,1747647659816
counter/9/0/0/0,5245:1747647653572:,1747647659817
counter/10/0/0/0,4767:1747647653309:,1747647659818
counter/8/0/0/0,5385:1747647653207:,1747647659818
counter/8/0/0/0,5386:1747647653207:,1747647659818
counter/8/0/0/0,5387:1747647653207:,1747647659818
counter/8/0/0/0,5388:1747647653207:,1747647659818
counter/8/0/0/0,5389:1747647653211:,1747647659818
counter/8/0/0/0,5390:1747647653211:,1747647659818
counter/8/0/0/0,5391:1747647653211:,1747647659818
counter/8/0/0/0,5392:1747647653211:,1747647659818
counter/5/0/0/0,5032:1747647653344:,1747647659818
counter/5/0/0/0,5033:1747647653344:,1747647659818
counter/5/0/0/0,5034:1747647653344:,1747647659818
counter/10/0/0/0,4768:1747647653309:,1747647659820
counter/1/0/0/0,5409:1747647653983:,1747647659820
counter/1/0/0/0,5410:1747647653983:,1747647659820
counter/1/0/0/0,5411:1747647653983:,1747647659820
counter/1/0/0/0,5412:1747647653983:,1747647659820
counter/1/0/0/0,5413:1747647653983:,1747647659820
counter/1/0/0/0,5414:1747647653983:,1747647659820
counter/1/0/0/0,5415:1747647653983:,1747647659820
counter/2/0/0/0,4666:1747647652777:,1747647659820
counter/5/0/0/0,5035:1747647653344:,1747647659820
counter/5/0/0/0,5036:1747647653344:,1747647659821
counter/5/0/0/0,5037:1747647653347:,1747647659821
counter/5/0/0/0,5038:1747647653347:,1747647659821
counter/5/0/0/0,5039:1747647653347:,1747647659821
counter/5/0/0/0,5040:1747647653347:,1747647659821
counter/5/0/0/0,5041:1747647653347:,1747647659821
counter/7/0/0/0,4914:1747647653342:,1747647659821
counter/8/0/0/0,5393:1747647653211:,1747647659821
counter/1/0/0/0,5416:1747647653983:,1747647659822
counter/1/0/0/0,5417:1747647653983:,1747647659822
counter/1/0/0/0,5418:1747647653983:,1747647659822
counter/1/0/0/0,5419:1747647653983:,1747647659822
counter/2/0/0/0,4667:1747647652777:,1747647659822
counter/1/0/0/0,5420:1747647653984:,1747647659822
counter/6/0/0/0,4556:1747647653425:,1747647659822
counter/7/0/0/0,4915:1747647653344:,1747647659822
counter/9/0/0/0,5246:1747647653572:,1747647659822
counter/1/0/0/0,5421:1747647653984:,1747647659822
counter/9/0/0/0,5247:1747647653572:,1747647659822
counter/9/0/0/0,5248:1747647653572:,1747647659822
counter/9/0/0/0,5249:1747647653572:,1747647659822
counter/9/0/0/0,5250:1747647653575:,1747647659822
counter/9/0/0/0,5251:1747647653580:,1747647659822
counter/2/0/0/0,4668:1747647652777:,1747647659823
counter/5/0/0/0,5042:1747647653347:,1747647659823
counter/5/0/0/0,5043:1747647653347:,1747647659823
counter/5/0/0/0,5044:1747647653347:,1747647659823
counter/5/0/0/0,5045:1747647653347:,1747647659823
counter/2/0/0/0,4669:1747647652777:,1747647659823
counter/3/0/0/0,5170:1747647653545:,1747647659823
counter/4/0/0/0,5335:1747647653978:,1747647659824
counter/1/0/0/0,5422:1747647653984:,1747647659824
counter/10/0/0/0,4769:1747647653309:,1747647659824
counter/1/0/0/0,5423:1747647653984:,1747647659824
counter/1/0/0/0,5424:1747647653984:,1747647659824
counter/1/0/0/0,5425:1747647653984:,1747647659824
counter/1/0/0/0,5426:1747647653984:,1747647659824
counter/1/0/0/0,5427:1747647653984:,1747647659824
counter/7/0/0/0,4916:1747647653344:,1747647659824
counter/9/0/0/0,5252:1747647653580:,1747647659824
counter/9/0/0/0,5253:1747647653580:,1747647659825
counter/8/0/0/0,5394:1747647653211:,1747647659825
counter/9/0/0/0,5254:1747647653585:,1747647659825
counter/9/0/0/0,5255:1747647653585:,1747647659825
counter/9/0/0/0,5256:1747647653585:,1747647659825
counter/9/0/0/0,5257:1747647653585:,1747647659825
counter/9/0/0/0,5258:1747647653585:,1747647659825
counter/9/0/0/0,5259:1747647653585:,1747647659825
counter/9/0/0/0,5260:1747647653585:,1747647659825
counter/9/0/0/0,5261:1747647653585:,1747647659825
counter/9/0/0/0,5262:1747647653585:,1747647659825
counter/9/0/0/0,5263:1747647653585:,1747647659825
counter/2/0/0/0,4670:1747647652777:,1747647659825
counter/2/0/0/0,4671:1747647652777:,1747647659826
counter/5/0/0/0,5046:1747647653347:,1747647659826
counter/4/0/0/0,5336:1747647653978:,1747647659826
counter/4/0/0/0,5337:1747647653978:,1747647659826
counter/10/0/0/0,4770:1747647653309:,1747647659826
counter/7/0/0/0,4917:1747647653344:,1747647659826
counter/3/0/0/0,5171:1747647653545:,1747647659826
counter/1/0/0/0,5428:1747647653984:,1747647659826
counter/1/0/0/0,5429:1747647653984:,1747647659826
counter/1/0/0/0,5430:1747647653984:,1747647659826
counter/1/0/0/0,5431:1747647653984:,1747647659826
counter/1/0/0/0,5432:1747647653984:,1747647659826
counter/1/0/0/0,5433:1747647653984:,1747647659827
counter/10/0/0/0,4771:1747647653309:,1747647659827
counter/5/0/0/0,5047:1747647653347:,1747647659827
counter/5/0/0/0,5048:1747647653347:,1747647659827
counter/5/0/0/0,5049:1747647653347:,1747647659827
counter/5/0/0/0,5050:1747647653347:,1747647659827
counter/5/0/0/0,5051:1747647653348:,1747647659827
counter/6/0/0/0,4557:1747647653426:,1747647659827
counter/6/0/0/0,4558:1747647653426:,1747647659827
counter/6/0/0/0,4559:1747647653426:,1747647659827
counter/6/0/0/0,4560:1747647653426:,1747647659827
counter/6/0/0/0,4561:1747647653426:,1747647659827
counter/6/0/0/0,4562:1747647653426:,1747647659827
counter/6/0/0/0,4563:1747647653428:,1747647659827
counter/7/0/0/0,4918:1747647653344:,1747647659828
counter/6/0/0/0,4564:1747647653431:,1747647659828
counter/7/0/0/0,4919:1747647653344:,1747647659828
counter/7/0/0/0,4920:1747647653344:,1747647659828
counter/7/0/0/0,4921:1747647653344:,1747647659828
counter/5/0/0/0,5052:1747647653348:,1747647659828
counter/5/0/0/0,5053:1747647653352:,1747647659828
counter/5/0/0/0,5054:1747647653360:,1747647659828
counter/5/0/0/0,5055:1747647653361:,1747647659828
counter/5/0/0/0,5056:1747647653361:,1747647659828
counter/5/0/0/0,5057:1747647653361:,1747647659828
counter/5/0/0/0,5058:1747647653361:,1747647659828
counter/5/0/0/0,5059:1747647653361:,1747647659828
counter/5/0/0/0,5060:1747647653361:,1747647659828
counter/5/0/0/0,5061:1747647653361:,1747647659828
counter/5/0/0/0,5062:1747647653361:,1747647659828
counter/5/0/0/0,5063:1747647653361:,1747647659828
counter/5/0/0/0,5064:1747647653367:,1747647659828
counter/5/0/0/0,5065:1747647653367:,1747647659828
counter/5/0/0/0,5066:1747647653367:,1747647659828
counter/5/0/0/0,5067:1747647653367:,1747647659828
counter/5/0/0/0,5068:1747647653367:,1747647659828
counter/5/0/0/0,5069:1747647653392:,1747647659828
counter/5/0/0/0,5070:1747647653392:,1747647659828
counter/7/0/0/0,4922:1747647653344:,1747647659828
counter/8/0/0/0,5395:1747647653211:,1747647659828
counter/10/0/0/0,4772:1747647653309:,1747647659828
counter/3/0/0/0,5172:1747647653545:,1747647659828
counter/6/0/0/0,4565:1747647653432:,1747647659829
counter/3/0/0/0,5173:1747647653552:,1747647659829
counter/5/0/0/0,5071:1747647653392:,1747647659829
counter/5/0/0/0,5072:1747647653392:,1747647659829
counter/5/0/0/0,5073:1747647653393:,1747647659829
counter/5/0/0/0,5074:1747647653393:,1747647659829
counter/5/0/0/0,5075:1747647653393:,1747647659829
counter/5/0/0/0,5076:1747647653396:,1747647659829
counter/5/0/0/0,5077:1747647653396:,1747647659829
counter/5/0/0/0,5078:1747647653396:,1747647659829
counter/2/0/0/0,4672:1747647652777:,1747647659829
counter/1/0/0/0,5434:1747647653984:,1747647659829
counter/10/0/0/0,4773:1747647653309:,1747647659829
counter/6/0/0/0,4566:1747647653432:,1747647659830
counter/6/0/0/0,4567:1747647653432:,1747647659830
counter/3/0/0/0,5174:1747647653552:,1747647659830
counter/7/0/0/0,4923:1747647653344:,1747647659830
counter/8/0/0/0,5396:1747647653211:,1747647659830
counter/9/0/0/0,5264:1747647653585:,1747647659831
counter/5/0/0/0,5079:1747647653396:,1747647659831
counter/5/0/0/0,5080:1747647653396:,1747647659831
counter/5/0/0/0,5081:1747647653396:,1747647659831
counter/5/0/0/0,5082:1747647653396:,1747647659831
counter/5/0/0/0,5083:1747647653396:,1747647659831
counter/5/0/0/0,5084:1747647653396:,1747647659832
counter/5/0/0/0,5085:1747647653396:,1747647659832
counter/5/0/0/0,5086:1747647653396:,1747647659832
counter/5/0/0/0,5087:1747647653396:,1747647659832
counter/5/0/0/0,5088:1747647653396:,1747647659832
counter/5/0/0/0,5089:1747647653396:,1747647659832
counter/8/0/0/0,5397:1747647653211:,1747647659832
counter/10/0/0/0,4774:1747647653309:,1747647659832
counter/7/0/0/0,4924:1747647653344:,1747647659832
counter/10/0/0/0,4775:1747647653309:,1747647659832
counter/8/0/0/0,5398:1747647653215:,1747647659832
counter/6/0/0/0,4568:1747647653432:,1747647659832
counter/3/0/0/0,5175:1747647653552:,1747647659832
counter/9/0/0/0,5265:1747647653585:,1747647659832
counter/9/0/0/0,5266:1747647653586:,1747647659832
counter/9/0/0/0,5267:1747647653586:,1747647659832
counter/5/0/0/0,5090:1747647653399:,1747647659832
counter/5/0/0/0,5091:1747647653399:,1747647659832
counter/5/0/0/0,5092:1747647653399:,1747647659832
counter/5/0/0/0,5093:1747647653399:,1747647659832
counter/5/0/0/0,5094:1747647653400:,1747647659832
counter/5/0/0/0,5095:1747647653400:,1747647659832
counter/5/0/0/0,5096:1747647653400:,1747647659832
counter/5/0/0/0,5097:1747647653400:,1747647659832
counter/5/0/0/0,5098:1747647653400:,1747647659832
counter/5/0/0/0,5099:1747647653400:,1747647659832
counter/5/0/0/0,5100:1747647653400:,1747647659833
counter/5/0/0/0,5101:1747647653401:,1747647659833
counter/5/0/0/0,5102:1747647653401:,1747647659833
counter/10/0/0/0,4776:1747647653309:,1747647659833
counter/5/0/0/0,5103:1747647653406:,1747647659833
counter/5/0/0/0,5104:1747647653406:,1747647659833
counter/5/0/0/0,5105:1747647653408:,1747647659833
counter/5/0/0/0,5106:1747647653408:,1747647659833
counter/5/0/0/0,5107:1747647653408:,1747647659833
counter/5/0/0/0,5108:1747647653408:,1747647659833
counter/5/0/0/0,5109:1747647653408:,1747647659833
counter/5/0/0/0,5110:1747647653408:,1747647659833
counter/5/0/0/0,5111:1747647653409:,1747647659833
counter/8/0/0/0,5399:1747647653215:,1747647659833
counter/3/0/0/0,5176:1747647653552:,1747647659833
counter/4/0/0/0,5338:1747647653978:,1747647659833
counter/5/0/0/0,5112:1747647653409:,1747647659834
counter/5/0/0/0,5113:1747647653409:,1747647659834
counter/5/0/0/0,5114:1747647653409:,1747647659834
counter/5/0/0/0,5115:1747647653411:,1747647659834
counter/5/0/0/0,5116:1747647653411:,1747647659834
counter/9/0/0/0,5268:1747647653586:,1747647659834
counter/5/0/0/0,5117:1747647653411:,1747647659835
counter/6/0/0/0,4569:1747647653439:,1747647659835
counter/4/0/0/0,5339:1747647653981:,1747647659835
counter/6/0/0/0,4570:1747647653453:,1747647659836
counter/7/0/0/0,4925:1747647653344:,1747647659836
counter/9/0/0/0,5269:1747647653586:,1747647659836
counter/5/0/0/0,5118:1747647653411:,1747647659836
counter/2/0/0/0,4673:1747647652778:,1747647659837
counter/3/0/0/0,5177:1747647653552:,1747647659837
counter/10/0/0/0,4777:1747647653309:,1747647659838
counter/1/0/0/0,5435:1747647653984:,1747647659838
counter/10/0/0/0,4778:1747647653310:,1747647659838
counter/10/0/0/0,4779:1747647653310:,1747647659838
counter/10/0/0/0,4780:1747647653310:,1747647659838
counter/9/0/0/0,5270:1747647653586:,1747647659839
counter/9/0/0/0,5271:1747647653586:,1747647659839
counter/9/0/0/0,5272:1747647653586:,1747647659839
counter/9/0/0/0,5273:1747647653586:,1747647659839
counter/9/0/0/0,5274:1747647653586:,1747647659839
counter/10/0/0/0,4781:1747647653310:,1747647659840
counter/5/0/0/0,5119:1747647653411:,1747647659840
counter/5/0/0/0,5120:1747647653411:,1747647659840
counter/5/0/0/0,5121:1747647653411:,1747647659840
counter/5/0/0/0,5122:1747647653411:,1747647659840
counter/5/0/0/0,5123:1747647653411:,1747647659840
counter/5/0/0/0,5124:1747647653412:,1747647659840
counter/5/0/0/0,5125:1747647653424:,1747647659840
counter/5/0/0/0,5126:1747647653424:,1747647659840
counter/5/0/0/0,5127:1747647653424:,1747647659840
counter/5/0/0/0,5128:1747647653424:,1747647659840
counter/5/0/0/0,5129:1747647653424:,1747647659840
counter/5/0/0/0,5130:1747647653424:,1747647659840
counter/5/0/0/0,5131:1747647653424:,1747647659840
counter/3/0/0/0,5178:1747647653552:,1747647659840
counter/5/0/0/0,5132:1747647653425:,1747647659840
counter/9/0/0/0,5275:1747647653586:,1747647659840
counter/1/0/0/0,5436:1747647653984:,1747647659840
counter/1/0/0/0,5437:1747647653984:,1747647659840
counter/1/0/0/0,5438:1747647653984:,1747647659840
counter/1/0/0/0,5439:1747647653984:,1747647659840
counter/1/0/0/0,5440:1747647653984:,1747647659840
counter/1/0/0/0,5441:1747647653984:,1747647659840
counter/1/0/0/0,5442:1747647653984:,1747647659840
counter/1/0/0/0,5443:1747647653993:,1747647659841
counter/1/0/0/0,5444:1747647653993:,1747647659841
counter/1/0/0/0,5445:1747647653993:,1747647659841
counter/1/0/0/0,5446:1747647653993:,1747647659841
counter/1/0/0/0,5447:1747647653993:,1747647659841
counter/10/0/0/0,4782:1747647653310:,1747647659841
counter/5/0/0/0,5133:1747647653425:,1747647659841
counter/5/0/0/0,5134:1747647653425:,1747647659841
counter/5/0/0/0,5135:1747647653425:,1747647659841
counter/5/0/0/0,5136:1747647653425:,1747647659841
counter/4/0/0/0,5340:1747647653981:,1747647659841
counter/4/0/0/0,5341:1747647653981:,1747647659841
counter/5/0/0/0,5137:1747647653425:,1747647659841
counter/3/0/0/0,5179:1747647653552:,1747647659841
counter/9/0/0/0,5276:1747647653587:,1747647659841
counter/2/0/0/0,4674:1747647652778:,1747647659842
counter/3/0/0/0,5180:1747647653552:,1747647659842
counter/9/0/0/0,5277:1747647653587:,1747647659842
counter/9/0/0/0,5278:1747647653587:,1747647659842
counter/9/0/0/0,5279:1747647653587:,1747647659842
counter/9/0/0/0,5280:1747647653587:,1747647659842
counter/8/0/0/0,5400:1747647653215:,1747647659842
counter/10/0/0/0,4783:1747647653310:,1747647659842
counter/8/0/0/0,5401:1747647653215:,1747647659842
counter/8/0/0/0,5402:1747647653215:,1747647659842
counter/1/0/0/0,5448:1747647653993:,1747647659843
counter/2/0/0/0,4675:1747647652778:,1747647659843
counter/8/0/0/0,5403:1747647653215:,1747647659843
counter/8/0/0/0,5404:1747647653215:,1747647659843
counter/6/0/0/0,4571:1747647653453:,1747647659843
counter/5/0/0/0,5138:1747647653425:,1747647659843
counter/5/0/0/0,5139:1747647653428:,1747647659843
counter/5/0/0/0,5140:1747647653428:,1747647659843
counter/5/0/0/0,5141:1747647653428:,1747647659843
counter/5/0/0/0,5142:1747647653428:,1747647659843
counter/5/0/0/0,5143:1747647653428:,1747647659843
counter/5/0/0/0,5144:1747647653428:,1747647659843
counter/5/0/0/0,5145:1747647653428:,1747647659843
counter/5/0/0/0,5146:1747647653428:,1747647659843
counter/5/0/0/0,5147:1747647653428:,1747647659844
counter/5/0/0/0,5148:1747647653428:,1747647659844
counter/5/0/0/0,5149:1747647653428:,1747647659844
counter/5/0/0/0,5150:1747647653428:,1747647659844
counter/5/0/0/0,5151:1747647653428:,1747647659844
counter/5/0/0/0,5152:1747647653428:,1747647659844
counter/10/0/0/0,4784:1747647653310:,1747647659844
counter/8/0/0/0,5405:1747647653215:,1747647659846
counter/5/0/0/0,5153:1747647653428:,1747647659847
counter/6/0/0/0,4572:1747647653453:,1747647659848
counter/6/0/0/0,4573:1747647653453:,1747647659848
counter/5/0/0/0,5154:1747647653429:,1747647659848
counter/1/0/0/0,5449:1747647653993:,1747647659848
counter/2/0/0/0,4676:1747647652778:,1747647659848
counter/1/0/0/0,5450:1747647653993:,1747647659848
counter/1/0/0/0,5451:1747647653993:,1747647659848
counter/1/0/0/0,5452:1747647653993:,1747647659848
counter/1/0/0/0,5453:1747647653993:,1747647659849
counter/1/0/0/0,5454:1747647653993:,1747647659849
counter/6/0/0/0,4574:1747647653453:,1747647659849
counter/6/0/0/0,4575:1747647653453:,1747647659849
counter/6/0/0/0,4576:1747647653453:,1747647659849
counter/6/0/0/0,4577:1747647653470:,1747647659849
counter/1/0/0/0,5455:1747647653993:,1747647659849
counter/1/0/0/0,5456:1747647653994:,1747647659849
counter/1/0/0/0,5457:1747647653994:,1747647659849
counter/1/0/0/0,5458:1747647653994:,1747647659849
counter/1/0/0/0,5459:1747647653994:,1747647659849
counter/1/0/0/0,5460:1747647653994:,1747647659850
counter/1/0/0/0,5461:1747647653994:,1747647659850
counter/1/0/0/0,5462:1747647653994:,1747647659850
counter/1/0/0/0,5463:1747647653995:,1747647659850
counter/1/0/0/0,5464:1747647653995:,1747647659850
counter/1/0/0/0,5465:1747647653995:,1747647659850
counter/1/0/0/0,5466:1747647653995:,1747647659850
counter/1/0/0/0,5467:1747647653995:,1747647659850
counter/1/0/0/0,5468:1747647653995:,1747647659850
counter/1/0/0/0,5469:1747647653996:,1747647659850
counter/4/0/0/0,5342:1747647653986:,1747647659850
counter/9/0/0/0,5281:1747647653587:,1747647659850
counter/9/0/0/0,5282:1747647653587:,1747647659850
counter/9/0/0/0,5283:1747647653587:,1747647659850
counter/9/0/0/0,5284:1747647653587:,1747647659850
counter/9/0/0/0,5285:1747647653604:,1747647659851
counter/10/0/0/0,4785:1747647653310:,1747647659851
counter/7/0/0/0,4926:1747647653344:,1747647659851
counter/10/0/0/0,4786:1747647653310:,1747647659851
counter/3/0/0/0,5181:1747647653555:,1747647659851
counter/3/0/0/0,5182:1747647653555:,1747647659851
counter/3/0/0/0,5183:1747647653555:,1747647659851
counter/3/0/0/0,5184:1747647653555:,1747647659851
counter/3/0/0/0,5185:1747647653555:,1747647659851
counter/3/0/0/0,5186:1747647653555:,1747647659851
counter/3/0/0/0,5187:1747647653555:,1747647659851
counter/3/0/0/0,5188:1747647653555:,1747647659851
counter/3/0/0/0,5189:1747647653559:,1747647659851
counter/9/0/0/0,5286:1747647653604:,1747647659852
counter/3/0/0/0,5190:1747647653560:,1747647659852
counter/5/0/0/0,5155:1747647653429:,1747647659852
counter/5/0/0/0,5156:1747647653429:,1747647659852
counter/5/0/0/0,5157:1747647653429:,1747647659852
counter/5/0/0/0,5158:1747647653429:,1747647659853
counter/5/0/0/0,5159:1747647653429:,1747647659853
counter/5/0/0/0,5160:1747647653430:,1747647659853
counter/5/0/0/0,5161:1747647653430:,1747647659853
counter/5/0/0/0,5162:1747647653430:,1747647659853
counter/5/0/0/0,5163:1747647653430:,1747647659853
counter/9/0/0/0,5287:1747647653615:,1747647659853
counter/9/0/0/0,5288:1747647653615:,1747647659853
counter/9/0/0/0,5289:1747647653615:,1747647659853
counter/9/0/0/0,5290:1747647653616:,1747647659853
counter/9/0/0/0,5291:1747647653616:,1747647659853
counter/7/0/0/0,4927:1747647653345:,1747647659853
counter/1/0/0/0,5470:1747647654000:,1747647659853
counter/1/0/0/0,5471:1747647654007:,1747647659854
counter/1/0/0/0,5472:1747647654007:,1747647659854
counter/1/0/0/0,5473:1747647654007:,1747647659854
counter/1/0/0/0,5474:1747647654007:,1747647659854
counter/1/0/0/0,5475:1747647654007:,1747647659854
counter/1/0/0/0,5476:1747647654007:,1747647659854
counter/1/0/0/0,5477:1747647654007:,1747647659854
counter/1/0/0/0,5478:1747647654007:,1747647659854
counter/1/0/0/0,5479:1747647654007:,1747647659854
counter/1/0/0/0,5480:1747647654007:,1747647659854
counter/1/0/0/0,5481:1747647654007:,1747647659854
counter/1/0/0/0,5482:1747647654007:,1747647659854
counter/1/0/0/0,5483:1747647654007:,1747647659855
counter/1/0/0/0,5484:1747647654007:,1747647659855
counter/1/0/0/0,5485:1747647654007:,1747647659855
counter/1/0/0/0,5486:1747647654007:,1747647659855
counter/1/0/0/0,5487:1747647654019:,1747647659855
counter/8/0/0/0,5406:1747647653215:,1747647659855
counter/1/0/0/0,5488:1747647654019:,1747647659855
counter/2/0/0/0,4677:1747647652778:,1747647659855
counter/3/0/0/0,5191:1747647653560:,1747647659855
counter/4/0/0/0,5343:1747647653993:,1747647659855
counter/3/0/0/0,5192:1747647653560:,1747647659855
counter/3/0/0/0,5193:1747647653560:,1747647659855
counter/3/0/0/0,5194:1747647653560:,1747647659856
counter/3/0/0/0,5195:1747647653560:,1747647659856
counter/3/0/0/0,5196:1747647653560:,1747647659856
counter/1/0/0/0,5489:1747647654019:,1747647659856
counter/8/0/0/0,5407:1747647653225:,1747647659856
counter/1/0/0/0,5490:1747647654019:,1747647659856
counter/1/0/0/0,5491:1747647654019:,1747647659856
counter/1/0/0/0,5492:1747647654019:,1747647659856
counter/1/0/0/0,5493:1747647654019:,1747647659856
counter/9/0/0/0,5292:1747647653616:,1747647659857
counter/1/0/0/0,5494:1747647654019:,1747647659857
counter/10/0/0/0,4787:1747647653310:,1747647659857
counter/6/0/0/0,4578:1747647653470:,1747647659857
counter/10/0/0/0,4788:1747647653310:,1747647659857
counter/6/0/0/0,4579:1747647653470:,1747647659858
counter/5/0/0/0,5164:1747647653430:,1747647659858
counter/5/0/0/0,5165:1747647653430:,1747647659858
counter/5/0/0/0,5166:1747647653430:,1747647659858
counter/5/0/0/0,5167:1747647653430:,1747647659858
counter/5/0/0/0,5168:1747647653430:,1747647659858
counter/5/0/0/0,5169:1747647653430:,1747647659858
counter/5/0/0/0,5170:1747647653430:,1747647659858
counter/5/0/0/0,5171:1747647653433:,1747647659859
counter/5/0/0/0,5172:1747647653433:,1747647659859
counter/5/0/0/0,5173:1747647653433:,1747647659859
counter/5/0/0/0,5174:1747647653450:,1747647659859
counter/5/0/0/0,5175:1747647653450:,1747647659859
counter/5/0/0/0,5176:1747647653450:,1747647659859
counter/5/0/0/0,5177:1747647653450:,1747647659859
counter/5/0/0/0,5178:1747647653450:,1747647659859
counter/5/0/0/0,5179:1747647653450:,1747647659859
counter/7/0/0/0,4928:1747647653345:,1747647659859
counter/10/0/0/0,4789:1747647653310:,1747647659860
counter/6/0/0/0,4580:1747647653470:,1747647659860
counter/4/0/0/0,5344:1747647653993:,1747647659861
counter/5/0/0/0,5180:1747647653450:,1747647659865
counter/5/0/0/0,5181:1747647653450:,1747647659866
counter/5/0/0/0,5182:1747647653450:,1747647659866
counter/5/0/0/0,5183:1747647653450:,1747647659866
counter/5/0/0/0,5184:1747647653450:,1747647659867
counter/2/0/0/0,4678:1747647652778:,1747647659867
counter/2/0/0/0,4679:1747647652778:,1747647659867
counter/2/0/0/0,4680:1747647652778:,1747647659867
counter/2/0/0/0,4681:1747647652787:,1747647659867
counter/2/0/0/0,4682:1747647652787:,1747647659867
counter/2/0/0/0,4683:1747647652787:,1747647659867
counter/2/0/0/0,4684:1747647652787:,1747647659867
counter/8/0/0/0,5408:1747647653230:,1747647659867
counter/8/0/0/0,5409:1747647653230:,1747647659867
counter/8/0/0/0,5410:1747647653230:,1747647659867
counter/8/0/0/0,5411:1747647653233:,1747647659867
counter/8/0/0/0,5412:1747647653233:,1747647659867
counter/8/0/0/0,5413:1747647653233:,1747647659867
counter/9/0/0/0,5293:1747647653616:,1747647659867
counter/9/0/0/0,5294:1747647653616:,1747647659868
counter/5/0/0/0,5185:1747647653463:,1747647659868
counter/5/0/0/0,5186:1747647653463:,1747647659868
counter/5/0/0/0,5187:1747647653463:,1747647659868
counter/5/0/0/0,5188:1747647653463:,1747647659868
counter/5/0/0/0,5189:1747647653464:,1747647659868
counter/5/0/0/0,5190:1747647653464:,1747647659868
counter/4/0/0/0,5345:1747647653993:,1747647659868
counter/9/0/0/0,5295:1747647653618:,1747647659868
counter/9/0/0/0,5296:1747647653618:,1747647659868
counter/9/0/0/0,5297:1747647653618:,1747647659868
counter/9/0/0/0,5298:1747647653618:,1747647659868
counter/1/0/0/0,5495:1747647654019:,1747647659868
counter/1/0/0/0,5496:1747647654019:,1747647659868
counter/1/0/0/0,5497:1747647654019:,1747647659868
counter/1/0/0/0,5498:1747647654019:,1747647659869
counter/1/0/0/0,5499:1747647654019:,1747647659869
counter/1/0/0/0,5500:1747647654019:,1747647659869
counter/1/0/0/0,5501:1747647654019:,1747647659869
counter/1/0/0/0,5502:1747647654021:,1747647659869
counter/1/0/0/0,5503:1747647654021:,1747647659869
counter/1/0/0/0,5504:1747647654021:,1747647659869
counter/1/0/0/0,5505:1747647654036:,1747647659869
counter/1/0/0/0,5506:1747647654036:,1747647659869
counter/7/0/0/0,4929:1747647653345:,1747647659869
counter/10/0/0/0,4790:1747647653310:,1747647659869
counter/10/0/0/0,4791:1747647653310:,1747647659869
counter/4/0/0/0,5346:1747647653993:,1747647659869
counter/9/0/0/0,5299:1747647653618:,1747647659869
counter/4/0/0/0,5347:1747647653993:,1747647659869
counter/6/0/0/0,4581:1747647653475:,1747647659869
counter/2/0/0/0,4685:1747647652787:,1747647659869
counter/2/0/0/0,4686:1747647652787:,1747647659869
counter/2/0/0/0,4687:1747647652787:,1747647659869
counter/4/0/0/0,5348:1747647653993:,1747647659870
counter/4/0/0/0,5349:1747647653993:,1747647659870
counter/4/0/0/0,5350:1747647653994:,1747647659870
counter/4/0/0/0,5351:1747647653994:,1747647659870
counter/4/0/0/0,5352:1747647653994:,1747647659870
counter/2/0/0/0,4688:1747647652787:,1747647659870
counter/1/0/0/0,5507:1747647654036:,1747647659870
counter/2/0/0/0,4689:1747647652787:,1747647659870
counter/1/0/0/0,5508:1747647654036:,1747647659870
counter/1/0/0/0,5509:1747647654036:,1747647659870
counter/1/0/0/0,5510:1747647654036:,1747647659870
counter/1/0/0/0,5511:1747647654036:,1747647659870
counter/3/0/0/0,5197:1747647653560:,1747647659871
counter/9/0/0/0,5300:1747647653618:,1747647659871
counter/10/0/0/0,4792:1747647653310:,1747647659872
counter/4/0/0/0,5353:1747647653994:,1747647659872
counter/2/0/0/0,4690:1747647652787:,1747647659873
counter/4/0/0/0,5354:1747647653994:,1747647659873
counter/2/0/0/0,4691:1747647652787:,1747647659873
counter/10/0/0/0,4793:1747647653313:,1747647659875
counter/6/0/0/0,4582:1747647653476:,1747647659875
counter/8/0/0/0,5414:1747647653262:,1747647659875
counter/10/0/0/0,4794:1747647653313:,1747647659876
counter/8/0/0/0,5415:1747647653262:,1747647659876
counter/8/0/0/0,5416:1747647653262:,1747647659876
counter/1/0/0/0,5512:1747647654036:,1747647659876
counter/1/0/0/0,5513:1747647654036:,1747647659876
counter/1/0/0/0,5514:1747647654036:,1747647659876
counter/1/0/0/0,5515:1747647654036:,1747647659876
counter/1/0/0/0,5516:1747647654036:,1747647659876
counter/1/0/0/0,5517:1747647654037:,1747647659876
counter/1/0/0/0,5518:1747647654037:,1747647659876
counter/1/0/0/0,5519:1747647654037:,1747647659876
counter/1/0/0/0,5520:1747647654037:,1747647659877
counter/1/0/0/0,5521:1747647654037:,1747647659877
counter/3/0/0/0,5198:1747647653560:,1747647659877
counter/4/0/0/0,5355:1747647653994:,1747647659878
counter/6/0/0/0,4583:1747647653476:,1747647659878
counter/5/0/0/0,5191:1747647653464:,1747647659878
counter/1/0/0/0,5522:1747647654037:,1747647659881
counter/1/0/0/0,5523:1747647654037:,1747647659881
counter/1/0/0/0,5524:1747647654037:,1747647659881
counter/1/0/0/0,5525:1747647654037:,1747647659881
counter/1/0/0/0,5526:1747647654037:,1747647659881
counter/1/0/0/0,5527:1747647654037:,1747647659881
counter/1/0/0/0,5528:1747647654037:,1747647659881
counter/1/0/0/0,5529:1747647654042:,1747647659881
counter/9/0/0/0,5301:1747647653618:,1747647659881
counter/1/0/0/0,5530:1747647654042:,1747647659881
counter/1/0/0/0,5531:1747647654042:,1747647659881
counter/10/0/0/0,4795:1747647653313:,1747647659881
counter/10/0/0/0,4796:1747647653313:,1747647659881
counter/10/0/0/0,4797:1747647653313:,1747647659881
counter/10/0/0/0,4798:1747647653313:,1747647659881
counter/10/0/0/0,4799:1747647653313:,1747647659882
counter/10/0/0/0,4800:1747647653313:,1747647659882
counter/7/0/0/0,4930:1747647653345:,1747647659882
counter/2/0/0/0,4692:1747647652787:,1747647659882
counter/3/0/0/0,5199:1747647653560:,1747647659882
counter/3/0/0/0,5200:1747647653560:,1747647659882
counter/3/0/0/0,5201:1747647653560:,1747647659882
counter/4/0/0/0,5356:1747647653996:,1747647659882
counter/1/0/0/0,5532:1747647654042:,1747647659882
counter/1/0/0/0,5533:1747647654042:,1747647659882
counter/1/0/0/0,5534:1747647654042:,1747647659882
counter/1/0/0/0,5535:1747647654042:,1747647659882
counter/1/0/0/0,5536:1747647654042:,1747647659882
counter/1/0/0/0,5537:1747647654042:,1747647659882
counter/1/0/0/0,5538:1747647654042:,1747647659882
counter/10/0/0/0,4801:1747647653313:,1747647659884
counter/8/0/0/0,5417:1747647653262:,1747647659885
counter/4/0/0/0,5357:1747647653998:,1747647659885
counter/6/0/0/0,4584:1747647653476:,1747647659885
counter/6/0/0/0,4585:1747647653476:,1747647659885
counter/10/0/0/0,4802:1747647653313:,1747647659886
counter/7/0/0/0,4931:1747647653350:,1747647659886
counter/4/0/0/0,5358:1747647653998:,1747647659887
counter/4/0/0/0,5359:1747647653998:,1747647659887
counter/3/0/0/0,5202:1747647653561:,1747647659887
counter/3/0/0/0,5203:1747647653561:,1747647659887
counter/3/0/0/0,5204:1747647653561:,1747647659887
counter/3/0/0/0,5205:1747647653564:,1747647659887
counter/3/0/0/0,5206:1747647653564:,1747647659887
counter/3/0/0/0,5207:1747647653564:,1747647659887
counter/3/0/0/0,5208:1747647653564:,1747647659887
counter/3/0/0/0,5209:1747647653564:,1747647659887
counter/3/0/0/0,5210:1747647653564:,1747647659887
counter/4/0/0/0,5360:1747647653998:,1747647659890
counter/5/0/0/0,5192:1747647653464:,1747647659890
counter/10/0/0/0,4803:1747647653313:,1747647659890
counter/10/0/0/0,4804:1747647653313:,1747647659891
counter/3/0/0/0,5211:1747647653564:,1747647659891
counter/3/0/0/0,5212:1747647653564:,1747647659891
counter/3/0/0/0,5213:1747647653569:,1747647659891
counter/3/0/0/0,5214:1747647653569:,1747647659891
counter/3/0/0/0,5215:1747647653570:,1747647659891
counter/3/0/0/0,5216:1747647653570:,1747647659891
counter/3/0/0/0,5217:1747647653570:,1747647659891
counter/3/0/0/0,5218:1747647653570:,1747647659891
counter/3/0/0/0,5219:1747647653570:,1747647659891
counter/3/0/0/0,5220:1747647653570:,1747647659891
counter/3/0/0/0,5221:1747647653570:,1747647659891
counter/3/0/0/0,5222:1747647653570:,1747647659891
counter/3/0/0/0,5223:1747647653570:,1747647659891
counter/2/0/0/0,4693:1747647652787:,1747647659892
counter/2/0/0/0,4694:1747647652787:,1747647659892
counter/2/0/0/0,4695:1747647652787:,1747647659893
counter/2/0/0/0,4696:1747647652787:,1747647659893
counter/2/0/0/0,4697:1747647652796:,1747647659893
counter/2/0/0/0,4698:1747647652797:,1747647659893
counter/2/0/0/0,4699:1747647652797:,1747647659893
counter/2/0/0/0,4700:1747647652797:,1747647659893
counter/2/0/0/0,4701:1747647652797:,1747647659893
counter/2/0/0/0,4702:1747647652797:,1747647659893
counter/2/0/0/0,4703:1747647652797:,1747647659893
counter/10/0/0/0,4805:1747647653313:,1747647659893
counter/10/0/0/0,4806:1747647653313:,1747647659893
counter/10/0/0/0,4807:1747647653313:,1747647659893
counter/10/0/0/0,4808:1747647653313:,1747647659893
counter/10/0/0/0,4809:1747647653324:,1747647659893
counter/10/0/0/0,4810:1747647653324:,1747647659893
counter/10/0/0/0,4811:1747647653324:,1747647659894
counter/10/0/0/0,4812:1747647653324:,1747647659894
counter/10/0/0/0,4813:1747647653324:,1747647659894
counter/10/0/0/0,4814:1747647653330:,1747647659894
counter/10/0/0/0,4815:1747647653331:,1747647659894
counter/2/0/0/0,4704:1747647652797:,1747647659894
counter/2/0/0/0,4705:1747647652798:,1747647659894
counter/2/0/0/0,4706:1747647652798:,1747647659894
counter/2/0/0/0,4707:1747647652798:,1747647659894
counter/2/0/0/0,4708:1747647652798:,1747647659894
counter/2/0/0/0,4709:1747647652799:,1747647659894
counter/2/0/0/0,4710:1747647652799:,1747647659894
counter/2/0/0/0,4711:1747647652799:,1747647659894
counter/2/0/0/0,4712:1747647652799:,1747647659894
counter/8/0/0/0,5418:1747647653262:,1747647659894
counter/4/0/0/0,5361:1747647653998:,1747647659894
counter/3/0/0/0,5224:1747647653570:,1747647659895
counter/5/0/0/0,5193:1747647653464:,1747647659895
counter/8/0/0/0,5419:1747647653262:,1747647659895
counter/5/0/0/0,5194:1747647653464:,1747647659895
counter/5/0/0/0,5195:1747647653478:,1747647659895
counter/5/0/0/0,5196:1747647653478:,1747647659896
counter/5/0/0/0,5197:1747647653478:,1747647659896
counter/5/0/0/0,5198:1747647653478:,1747647659896
counter/5/0/0/0,5199:1747647653478:,1747647659896
counter/5/0/0/0,5200:1747647653478:,1747647659896
counter/5/0/0/0,5201:1747647653478:,1747647659896
counter/5/0/0/0,5202:1747647653487:,1747647659896
counter/5/0/0/0,5203:1747647653487:,1747647659896
counter/5/0/0/0,5204:1747647653487:,1747647659896
counter/5/0/0/0,5205:1747647653487:,1747647659896
counter/6/0/0/0,4586:1747647653476:,1747647659896
counter/5/0/0/0,5206:1747647653487:,1747647659896
counter/9/0/0/0,5302:1747647653618:,1747647659896
counter/4/0/0/0,5362:1747647653998:,1747647659897
counter/4/0/0/0,5363:1747647653998:,1747647659897
counter/4/0/0/0,5364:1747647653998:,1747647659898
counter/4/0/0/0,5365:1747647653998:,1747647659898
counter/4/0/0/0,5366:1747647653998:,1747647659898
counter/4/0/0/0,5367:1747647653998:,1747647659898
counter/4/0/0/0,5368:1747647653998:,1747647659898
counter/3/0/0/0,5225:1747647653570:,1747647659898
counter/7/0/0/0,4932:1747647653350:,1747647659899
counter/1/0/0/0,5539:1747647654042:,1747647659899
counter/8/0/0/0,5420:1747647653262:,1747647659900
counter/1/0/0/0,5540:1747647654042:,1747647659901
counter/6/0/0/0,4587:1747647653476:,1747647659901
counter/6/0/0/0,4588:1747647653476:,1747647659901
counter/5/0/0/0,5207:1747647653487:,1747647659901
counter/4/0/0/0,5369:1747647653998:,1747647659901
counter/10/0/0/0,4816:1747647653331:,1747647659901
counter/8/0/0/0,5421:1747647653262:,1747647659901
counter/3/0/0/0,5226:1747647653570:,1747647659902
counter/3/0/0/0,5227:1747647653570:,1747647659902
counter/3/0/0/0,5228:1747647653570:,1747647659902
counter/3/0/0/0,5229:1747647653570:,1747647659902
counter/3/0/0/0,5230:1747647653570:,1747647659902
counter/4/0/0/0,5370:1747647653998:,1747647659903
counter/9/0/0/0,5303:1747647653619:,1747647659903
counter/9/0/0/0,5304:1747647653619:,1747647659903
counter/9/0/0/0,5305:1747647653619:,1747647659903
counter/9/0/0/0,5306:1747647653619:,1747647659903
counter/9/0/0/0,5307:1747647653619:,1747647659903
counter/3/0/0/0,5231:1747647653570:,1747647659903
counter/6/0/0/0,4589:1747647653476:,1747647659905
counter/6/0/0/0,4590:1747647653476:,1747647659905
counter/6/0/0/0,4591:1747647653476:,1747647659905
counter/2/0/0/0,4713:1747647652799:,1747647659906
counter/2/0/0/0,4714:1747647652799:,1747647659906
counter/2/0/0/0,4715:1747647652799:,1747647659906
counter/2/0/0/0,4716:1747647652799:,1747647659906
counter/7/0/0/0,4933:1747647653350:,1747647659906
counter/2/0/0/0,4717:1747647652799:,1747647659906
counter/2/0/0/0,4718:1747647652799:,1747647659906
counter/5/0/0/0,5208:1747647653487:,1747647659907
counter/1/0/0/0,5541:1747647654042:,1747647659907
counter/10/0/0/0,4817:1747647653331:,1747647659908
counter/10/0/0/0,4818:1747647653331:,1747647659908
counter/10/0/0/0,4819:1747647653331:,1747647659908
counter/10/0/0/0,4820:1747647653331:,1747647659908
counter/7/0/0/0,4934:1747647653350:,1747647659910
counter/9/0/0/0,5308:1747647653619:,1747647659910
counter/9/0/0/0,5309:1747647653619:,1747647659910
counter/9/0/0/0,5310:1747647653619:,1747647659910
counter/5/0/0/0,5209:1747647653487:,1747647659910
counter/4/0/0/0,5371:1747647653998:,1747647659911
counter/7/0/0/0,4935:1747647653350:,1747647659912
counter/6/0/0/0,4592:1747647653476:,1747647659912
counter/6/0/0/0,4593:1747647653477:,1747647659913
counter/1/0/0/0,5542:1747647654042:,1747647659914
counter/2/0/0/0,4719:1747647652799:,1747647659914
counter/9/0/0/0,5311:1747647653619:,1747647659917
counter/7/0/0/0,4936:1747647653350:,1747647659917
counter/3/0/0/0,5232:1747647653570:,1747647659917
counter/4/0/0/0,5372:1747647653998:,1747647659917
counter/1/0/0/0,5543:1747647654042:,1747647659918
counter/4/0/0/0,5373:1747647653998:,1747647659918
counter/4/0/0/0,5374:1747647654010:,1747647659918
counter/1/0/0/0,5544:1747647654047:,1747647659918
counter/4/0/0/0,5375:1747647654010:,1747647659919
counter/9/0/0/0,5312:1747647653619:,1747647659919
counter/4/0/0/0,5376:1747647654010:,1747647659919
counter/4/0/0/0,5377:1747647654010:,1747647659919
counter/4/0/0/0,5378:1747647654010:,1747647659919
counter/4/0/0/0,5379:1747647654010:,1747647659919
counter/6/0/0/0,4594:1747647653477:,1747647659920
counter/6/0/0/0,4595:1747647653477:,1747647659920
counter/6/0/0/0,4596:1747647653478:,1747647659920
counter/6/0/0/0,4597:1747647653480:,1747647659920
counter/6/0/0/0,4598:1747647653480:,1747647659920
counter/6/0/0/0,4599:1747647653480:,1747647659920
counter/6/0/0/0,4600:1747647653480:,1747647659920
counter/6/0/0/0,4601:1747647653481:,1747647659920
counter/6/0/0/0,4602:1747647653484:,1747647659920
counter/6/0/0/0,4603:1747647653485:,1747647659920
counter/6/0/0/0,4604:1747647653485:,1747647659920
counter/6/0/0/0,4605:1747647653485:,1747647659920
counter/6/0/0/0,4606:1747647653485:,1747647659920
counter/2/0/0/0,4720:1747647652799:,1747647659922
counter/6/0/0/0,4607:1747647653485:,1747647659924
counter/6/0/0/0,4608:1747647653485:,1747647659924
counter/6/0/0/0,4609:1747647653485:,1747647659924
counter/6/0/0/0,4610:1747647653485:,1747647659925
counter/1/0/0/0,5545:1747647654047:,1747647659925
counter/9/0/0/0,5313:1747647653619:,1747647659926
counter/9/0/0/0,5314:1747647653619:,1747647659926
counter/9/0/0/0,5315:1747647653619:,1747647659926
counter/9/0/0/0,5316:1747647653619:,1747647659926
counter/9/0/0/0,5317:1747647653625:,1747647659926
counter/9/0/0/0,5318:1747647653625:,1747647659926
counter/9/0/0/0,5319:1747647653625:,1747647659926
counter/10/0/0/0,4821:1747647653331:,1747647659927
counter/7/0/0/0,4937:1747647653355:,1747647659927
counter/10/0/0/0,4822:1747647653331:,1747647659927
counter/10/0/0/0,4823:1747647653331:,1747647659927
counter/10/0/0/0,4824:1747647653331:,1747647659927
counter/10/0/0/0,4825:1747647653331:,1747647659927
counter/10/0/0/0,4826:1747647653331:,1747647659927
counter/10/0/0/0,4827:1747647653342:,1747647659927
counter/4/0/0/0,5380:1747647654010:,1747647659928
counter/4/0/0/0,5381:1747647654010:,1747647659928
counter/4/0/0/0,5382:1747647654010:,1747647659928
counter/4/0/0/0,5383:1747647654010:,1747647659928
counter/1/0/0/0,5546:1747647654047:,1747647659928
counter/1/0/0/0,5547:1747647654047:,1747647659928
counter/4/0/0/0,5384:1747647654010:,1747647659930
counter/4/0/0/0,5385:1747647654010:,1747647659930
counter/4/0/0/0,5386:1747647654010:,1747647659930
counter/4/0/0/0,5387:1747647654010:,1747647659930
counter/4/0/0/0,5388:1747647654010:,1747647659930
counter/3/0/0/0,5233:1747647653570:,1747647659930
counter/4/0/0/0,5389:1747647654010:,1747647659930
counter/8/0/0/0,5422:1747647653262:,1747647659930
counter/8/0/0/0,5423:1747647653262:,1747647659930
counter/9/0/0/0,5320:1747647653625:,1747647659930
counter/1/0/0/0,5548:1747647654047:,1747647659931
counter/6/0/0/0,4611:1747647653486:,1747647659931
counter/1/0/0/0,5549:1747647654047:,1747647659931
counter/6/0/0/0,4612:1747647653486:,1747647659931
counter/7/0/0/0,4938:1747647653359:,1747647659931
counter/7/0/0/0,4939:1747647653362:,1747647659931
counter/7/0/0/0,4940:1747647653362:,1747647659932
counter/7/0/0/0,4941:1747647653362:,1747647659932
counter/7/0/0/0,4942:1747647653362:,1747647659932
counter/7/0/0/0,4943:1747647653362:,1747647659932
counter/7/0/0/0,4944:1747647653362:,1747647659932
counter/3/0/0/0,5234:1747647653570:,1747647659932
counter/3/0/0/0,5235:1747647653575:,1747647659932
counter/3/0/0/0,5236:1747647653575:,1747647659932
counter/3/0/0/0,5237:1747647653575:,1747647659932
counter/3/0/0/0,5238:1747647653578:,1747647659932
counter/3/0/0/0,5239:1747647653578:,1747647659932
counter/3/0/0/0,5240:1747647653578:,1747647659932
counter/3/0/0/0,5241:1747647653578:,1747647659932
counter/3/0/0/0,5242:1747647653578:,1747647659932
counter/2/0/0/0,4721:1747647652799:,1747647659932
counter/10/0/0/0,4828:1747647653342:,1747647659933
counter/5/0/0/0,5210:1747647653487:,1747647659933
counter/5/0/0/0,5211:1747647653487:,1747647659933
counter/5/0/0/0,5212:1747647653487:,1747647659933
counter/5/0/0/0,5213:1747647653492:,1747647659933
counter/5/0/0/0,5214:1747647653492:,1747647659933
counter/5/0/0/0,5215:1747647653492:,1747647659933
counter/5/0/0/0,5216:1747647653492:,1747647659933
counter/5/0/0/0,5217:1747647653492:,1747647659933
counter/5/0/0/0,5218:1747647653492:,1747647659933
counter/5/0/0/0,5219:1747647653492:,1747647659933
counter/5/0/0/0,5220:1747647653492:,1747647659933
counter/5/0/0/0,5221:1747647653492:,1747647659933
counter/5/0/0/0,5222:1747647653492:,1747647659933
counter/5/0/0/0,5223:1747647653493:,1747647659933
counter/10/0/0/0,4829:1747647653343:,1747647659933
counter/3/0/0/0,5243:1747647653578:,1747647659933
counter/10/0/0/0,4830:1747647653343:,1747647659934
counter/10/0/0/0,4831:1747647653343:,1747647659934
counter/10/0/0/0,4832:1747647653343:,1747647659934
counter/10/0/0/0,4833:1747647653343:,1747647659934
counter/10/0/0/0,4834:1747647653343:,1747647659934
counter/9/0/0/0,5321:1747647653625:,1747647659935
counter/5/0/0/0,5224:1747647653493:,1747647659935
counter/5/0/0/0,5225:1747647653494:,1747647659935
counter/5/0/0/0,5226:1747647653495:,1747647659935
counter/5/0/0/0,5227:1747647653495:,1747647659935
counter/1/0/0/0,5550:1747647654047:,1747647659935
counter/4/0/0/0,5390:1747647654011:,1747647659935
counter/5/0/0/0,5228:1747647653495:,1747647659935
counter/1/0/0/0,5551:1747647654068:,1747647659937
counter/7/0/0/0,4945:1747647653362:,1747647659937
counter/4/0/0/0,5391:1747647654011:,1747647659937
counter/5/0/0/0,5229:1747647653495:,1747647659937
counter/1/0/0/0,5552:1747647654068:,1747647659937
counter/6/0/0/0,4613:1747647653486:,1747647659937
counter/9/0/0/0,5322:1747647653625:,1747647659939
counter/10/0/0/0,4835:1747647653343:,1747647659939
counter/10/0/0/0,4836:1747647653343:,1747647659939
counter/3/0/0/0,5244:1747647653578:,1747647659940
counter/1/0/0/0,5553:1747647654068:,1747647659940
counter/9/0/0/0,5323:1747647653625:,1747647659940
counter/10/0/0/0,4837:1747647653343:,1747647659940
counter/3/0/0/0,5245:1747647653578:,1747647659941
counter/3/0/0/0,5246:1747647653578:,1747647659941
counter/3/0/0/0,5247:1747647653578:,1747647659941
counter/1/0/0/0,5554:1747647654068:,1747647659942
counter/4/0/0/0,5392:1747647654011:,1747647659943
counter/4/0/0/0,5393:1747647654011:,1747647659943
counter/4/0/0/0,5394:1747647654011:,1747647659943
counter/4/0/0/0,5395:1747647654011:,1747647659943
counter/4/0/0/0,5396:1747647654011:,1747647659943
counter/4/0/0/0,5397:1747647654011:,1747647659943
counter/4/0/0/0,5398:1747647654011:,1747647659943
counter/4/0/0/0,5399:1747647654011:,1747647659943
counter/6/0/0/0,4614:1747647653486:,1747647659943
counter/6/0/0/0,4615:1747647653486:,1747647659943
counter/6/0/0/0,4616:1747647653486:,1747647659943
counter/6/0/0/0,4617:1747647653486:,1747647659944
counter/6/0/0/0,4618:1747647653486:,1747647659944
counter/9/0/0/0,5324:1747647653625:,1747647659944
counter/4/0/0/0,5400:1747647654011:,1747647659948
counter/4/0/0/0,5401:1747647654011:,1747647659948
counter/4/0/0/0,5402:1747647654011:,1747647659948
counter/4/0/0/0,5403:1747647654011:,1747647659948
counter/4/0/0/0,5404:1747647654011:,1747647659948
counter/4/0/0/0,5405:1747647654011:,1747647659948
counter/4/0/0/0,5406:1747647654012:,1747647659948
counter/4/0/0/0,5407:1747647654021:,1747647659948
counter/4/0/0/0,5408:1747647654021:,1747647659948
counter/2/0/0/0,4722:1747647652799:,1747647659948
counter/10/0/0/0,4838:1747647653363:,1747647659948
counter/5/0/0/0,5230:1747647653495:,1747647659948
counter/10/0/0/0,4839:1747647653363:,1747647659948
counter/10/0/0/0,4840:1747647653363:,1747647659948
counter/10/0/0/0,4841:1747647653363:,1747647659948
counter/10/0/0/0,4842:1747647653363:,1747647659948
counter/9/0/0/0,5325:1747647653625:,1747647659948
counter/9/0/0/0,5326:1747647653626:,1747647659948
counter/9/0/0/0,5327:1747647653626:,1747647659948
counter/9/0/0/0,5328:1747647653626:,1747647659948
counter/2/0/0/0,4723:1747647652799:,1747647659950
counter/2/0/0/0,4724:1747647652799:,1747647659950
counter/2/0/0/0,4725:1747647652799:,1747647659950
counter/2/0/0/0,4726:1747647652799:,1747647659950
counter/2/0/0/0,4727:1747647652799:,1747647659950
counter/2/0/0/0,4728:1747647652799:,1747647659950
counter/2/0/0/0,4729:1747647652799:,1747647659950
counter/2/0/0/0,4730:1747647652799:,1747647659950
counter/3/0/0/0,5248:1747647653578:,1747647659950
counter/2/0/0/0,4731:1747647652799:,1747647659950
counter/2/0/0/0,4732:1747647652809:,1747647659950
counter/2/0/0/0,4733:1747647652809:,1747647659950
counter/4/0/0/0,5409:1747647654021:,1747647659950
counter/1/0/0/0,5555:1747647654068:,1747647659953
counter/5/0/0/0,5231:1747647653495:,1747647659953
counter/1/0/0/0,5556:1747647654068:,1747647659954
counter/5/0/0/0,5232:1747647653495:,1747647659954
counter/5/0/0/0,5233:1747647653495:,1747647659954
counter/5/0/0/0,5234:1747647653495:,1747647659954
counter/5/0/0/0,5235:1747647653495:,1747647659954
counter/5/0/0/0,5236:1747647653495:,1747647659954
counter/5/0/0/0,5237:1747647653495:,1747647659954
counter/5/0/0/0,5238:1747647653495:,1747647659954
counter/10/0/0/0,4843:1747647653363:,1747647659955
counter/2/0/0/0,4734:1747647652812:,1747647659955
counter/7/0/0/0,4946:1747647653362:,1747647659956
counter/9/0/0/0,5329:1747647653626:,1747647659958
counter/7/0/0/0,4947:1747647653362:,1747647659958
counter/8/0/0/0,5424:1747647653262:,1747647659958
counter/7/0/0/0,4948:1747647653362:,1747647659958
counter/6/0/0/0,4619:1747647653486:,1747647659960
counter/2/0/0/0,4735:1747647652812:,1747647659960
counter/6/0/0/0,4620:1747647653486:,1747647659961
counter/2/0/0/0,4736:1747647652812:,1747647659961
counter/2/0/0/0,4737:1747647652814:,1747647659961
counter/2/0/0/0,4738:1747647652815:,1747647659961
counter/2/0/0/0,4739:1747647652815:,1747647659961
counter/2/0/0/0,4740:1747647652815:,1747647659961
counter/2/0/0/0,4741:1747647652815:,1747647659961
counter/2/0/0/0,4742:1747647652815:,1747647659961
counter/2/0/0/0,4743:1747647652815:,1747647659961
counter/2/0/0/0,4744:1747647652815:,1747647659961
counter/2/0/0/0,4745:1747647652815:,1747647659961
counter/2/0/0/0,4746:1747647652815:,1747647659961
counter/1/0/0/0,5557:1747647654069:,1747647659962
counter/6/0/0/0,4621:1747647653486:,1747647659962
counter/10/0/0/0,4844:1747647653363:,1747647659964
counter/10/0/0/0,4845:1747647653363:,1747647659964
counter/10/0/0/0,4846:1747647653363:,1747647659964
counter/10/0/0/0,4847:1747647653363:,1747647659964
counter/6/0/0/0,4622:1747647653487:,1747647659966
counter/9/0/0/0,5330:1747647653626:,1747647659966
counter/2/0/0/0,4747:1747647652818:,1747647659966
counter/2/0/0/0,4748:1747647652818:,1747647659966
counter/2/0/0/0,4749:1747647652818:,1747647659966
counter/2/0/0/0,4750:1747647652818:,1747647659966
counter/1/0/0/0,5558:1747647654069:,1747647659966
counter/1/0/0/0,5559:1747647654069:,1747647659966
counter/1/0/0/0,5560:1747647654073:,1747647659966
counter/1/0/0/0,5561:1747647654073:,1747647659967
counter/1/0/0/0,5562:1747647654074:,1747647659967
counter/1/0/0/0,5563:1747647654074:,1747647659967
counter/1/0/0/0,5564:1747647654074:,1747647659967
counter/1/0/0/0,5565:1747647654074:,1747647659967
counter/6/0/0/0,4623:1747647653487:,1747647659967
counter/1/0/0/0,5566:1747647654074:,1747647659967
counter/2/0/0/0,4751:1747647652818:,1747647659967
counter/1/0/0/0,5567:1747647654074:,1747647659967
counter/2/0/0/0,4752:1747647652818:,1747647659967
counter/2/0/0/0,4753:1747647652818:,1747647659967
counter/2/0/0/0,4754:1747647652818:,1747647659967
counter/2/0/0/0,4755:1747647652824:,1747647659967
counter/4/0/0/0,5410:1747647654022:,1747647659967
counter/4/0/0/0,5411:1747647654022:,1747647659967
counter/4/0/0/0,5412:1747647654022:,1747647659967
counter/4/0/0/0,5413:1747647654022:,1747647659967
counter/10/0/0/0,4848:1747647653363:,1747647659967
counter/8/0/0/0,5425:1747647653262:,1747647659967
counter/8/0/0/0,5426:1747647653262:,1747647659967
counter/10/0/0/0,4849:1747647653363:,1747647659967
counter/4/0/0/0,5414:1747647654022:,1747647659968
counter/3/0/0/0,5249:1747647653582:,1747647659968
counter/4/0/0/0,5415:1747647654022:,1747647659969
counter/4/0/0/0,5416:1747647654022:,1747647659969
counter/4/0/0/0,5417:1747647654022:,1747647659969
counter/4/0/0/0,5418:1747647654022:,1747647659969
counter/4/0/0/0,5419:1747647654028:,1747647659969
counter/4/0/0/0,5420:1747647654028:,1747647659969
counter/4/0/0/0,5421:1747647654028:,1747647659969
counter/4/0/0/0,5422:1747647654029:,1747647659969
counter/4/0/0/0,5423:1747647654029:,1747647659969
counter/4/0/0/0,5424:1747647654029:,1747647659969
counter/4/0/0/0,5425:1747647654029:,1747647659969
counter/4/0/0/0,5426:1747647654039:,1747647659969
counter/4/0/0/0,5427:1747647654040:,1747647659969
counter/4/0/0/0,5428:1747647654040:,1747647659969
counter/1/0/0/0,5568:1747647654074:,1747647659969
counter/1/0/0/0,5569:1747647654074:,1747647659970
counter/1/0/0/0,5570:1747647654074:,1747647659970
counter/1/0/0/0,5571:1747647654074:,1747647659970
counter/5/0/0/0,5239:1747647653495:,1747647659970
counter/5/0/0/0,5240:1747647653495:,1747647659970
counter/5/0/0/0,5241:1747647653495:,1747647659970
counter/9/0/0/0,5331:1747647653626:,1747647659970
counter/3/0/0/0,5250:1747647653588:,1747647659971
counter/3/0/0/0,5251:1747647653588:,1747647659971
counter/3/0/0/0,5252:1747647653588:,1747647659971
counter/2/0/0/0,4756:1747647652824:,1747647659971
counter/2/0/0/0,4757:1747647652824:,1747647659971
counter/2/0/0/0,4758:1747647652826:,1747647659971
counter/2/0/0/0,4759:1747647652826:,1747647659971
counter/2/0/0/0,4760:1747647652826:,1747647659971
counter/5/0/0/0,5242:1747647653495:,1747647659971
counter/5/0/0/0,5243:1747647653512:,1747647659971
counter/5/0/0/0,5244:1747647653512:,1747647659971
counter/5/0/0/0,5245:1747647653512:,1747647659971
counter/5/0/0/0,5246:1747647653512:,1747647659971
counter/5/0/0/0,5247:1747647653512:,1747647659971
counter/5/0/0/0,5248:1747647653512:,1747647659971
counter/5/0/0/0,5249:1747647653512:,1747647659971
counter/5/0/0/0,5250:1747647653512:,1747647659971
counter/4/0/0/0,5429:1747647654040:,1747647659971
counter/10/0/0/0,4850:1747647653363:,1747647659971
counter/1/0/0/0,5572:1747647654085:,1747647659972
counter/1/0/0/0,5573:1747647654085:,1747647659972
counter/2/0/0/0,4761:1747647652826:,1747647659972
counter/4/0/0/0,5430:1747647654040:,1747647659972
counter/10/0/0/0,4851:1747647653363:,1747647659972
counter/10/0/0/0,4852:1747647653367:,1747647659973
counter/10/0/0/0,4853:1747647653367:,1747647659973
counter/6/0/0/0,4624:1747647653487:,1747647659973
counter/5/0/0/0,5251:1747647653512:,1747647659973
counter/8/0/0/0,5427:1747647653265:,1747647659974
counter/1/0/0/0,5574:1747647654085:,1747647659974
counter/1/0/0/0,5575:1747647654085:,1747647659974
counter/1/0/0/0,5576:1747647654085:,1747647659974
counter/1/0/0/0,5577:1747647654085:,1747647659974
counter/1/0/0/0,5578:1747647654085:,1747647659974
counter/1/0/0/0,5579:1747647654085:,1747647659974
counter/4/0/0/0,5431:1747647654040:,1747647659974
counter/6/0/0/0,4625:1747647653494:,1747647659975
counter/5/0/0/0,5252:1747647653512:,1747647659975
counter/9/0/0/0,5332:1747647653626:,1747647659975
counter/9/0/0/0,5333:1747647653626:,1747647659975
counter/9/0/0/0,5334:1747647653626:,1747647659975
counter/9/0/0/0,5335:1747647653626:,1747647659975
counter/9/0/0/0,5336:1747647653626:,1747647659975
counter/7/0/0/0,4949:1747647653362:,1747647659975
counter/6/0/0/0,4626:1747647653498:,1747647659976
counter/2/0/0/0,4762:1747647652826:,1747647659977
counter/9/0/0/0,5337:1747647653626:,1747647659980
counter/9/0/0/0,5338:1747647653626:,1747647659980
counter/9/0/0/0,5339:1747647653626:,1747647659980
counter/9/0/0/0,5340:1747647653626:,1747647659980
counter/9/0/0/0,5341:1747647653626:,1747647659980
counter/9/0/0/0,5342:1747647653626:,1747647659980
counter/9/0/0/0,5343:1747647653627:,1747647659980
counter/4/0/0/0,5432:1747647654040:,1747647659980
counter/10/0/0/0,4854:1747647653367:,1747647659980
counter/2/0/0/0,4763:1747647652826:,1747647659980
counter/10/0/0/0,4855:1747647653367:,1747647659980
counter/6/0/0/0,4627:1747647653501:,1747647659981
counter/5/0/0/0,5253:1747647653512:,1747647659981
counter/5/0/0/0,5254:1747647653512:,1747647659981
counter/2/0/0/0,4764:1747647652826:,1747647659981
counter/2/0/0/0,4765:1747647652826:,1747647659982
counter/2/0/0/0,4766:1747647652826:,1747647659982
counter/6/0/0/0,4628:1747647653501:,1747647659982
counter/5/0/0/0,5255:1747647653512:,1747647659982
counter/5/0/0/0,5256:1747647653513:,1747647659982
counter/5/0/0/0,5257:1747647653513:,1747647659982
counter/5/0/0/0,5258:1747647653513:,1747647659982
counter/5/0/0/0,5259:1747647653523:,1747647659982
counter/5/0/0/0,5260:1747647653523:,1747647659982
counter/5/0/0/0,5261:1747647653523:,1747647659982
counter/5/0/0/0,5262:1747647653542:,1747647659982
counter/7/0/0/0,4950:1747647653362:,1747647659982
counter/4/0/0/0,5433:1747647654050:,1747647659982
counter/4/0/0/0,5434:1747647654050:,1747647659982
counter/4/0/0/0,5435:1747647654051:,1747647659982
counter/4/0/0/0,5436:1747647654051:,1747647659982
counter/4/0/0/0,5437:1747647654051:,1747647659982
counter/4/0/0/0,5438:1747647654051:,1747647659982
counter/2/0/0/0,4767:1747647652826:,1747647659982
counter/4/0/0/0,5439:1747647654051:,1747647659983
counter/2/0/0/0,4768:1747647652826:,1747647659983
counter/4/0/0/0,5440:1747647654051:,1747647659983
counter/4/0/0/0,5441:1747647654051:,1747647659983
counter/4/0/0/0,5442:1747647654051:,1747647659983
counter/4/0/0/0,5443:1747647654051:,1747647659983
counter/4/0/0/0,5444:1747647654051:,1747647659983
counter/4/0/0/0,5445:1747647654051:,1747647659983
counter/4/0/0/0,5446:1747647654051:,1747647659983
counter/3/0/0/0,5253:1747647653588:,1747647659983
counter/5/0/0/0,5263:1747647653542:,1747647659983
counter/5/0/0/0,5264:1747647653543:,1747647659983
counter/5/0/0/0,5265:1747647653543:,1747647659984
counter/5/0/0/0,5266:1747647653543:,1747647659984
counter/1/0/0/0,5580:1747647654085:,1747647659984
counter/7/0/0/0,4951:1747647653362:,1747647659984
counter/10/0/0/0,4856:1747647653367:,1747647659984
counter/2/0/0/0,4769:1747647652826:,1747647659985
counter/9/0/0/0,5344:1747647653627:,1747647659985
counter/9/0/0/0,5345:1747647653627:,1747647659985
counter/6/0/0/0,4629:1747647653501:,1747647659987
counter/6/0/0/0,4630:1747647653501:,1747647659987
counter/8/0/0/0,5428:1747647653265:,1747647659988
counter/8/0/0/0,5429:1747647653265:,1747647659988
counter/8/0/0/0,5430:1747647653265:,1747647659988
counter/8/0/0/0,5431:1747647653265:,1747647659988
counter/8/0/0/0,5432:1747647653265:,1747647659988
counter/8/0/0/0,5433:1747647653271:,1747647659988
counter/8/0/0/0,5434:1747647653271:,1747647659988
counter/8/0/0/0,5435:1747647653271:,1747647659988
counter/8/0/0/0,5436:1747647653271:,1747647659988
counter/8/0/0/0,5437:1747647653284:,1747647659988
counter/5/0/0/0,5267:1747647653543:,1747647659991
counter/5/0/0/0,5268:1747647653543:,1747647659991
counter/5/0/0/0,5269:1747647653543:,1747647659991
counter/2/0/0/0,4770:1747647652826:,1747647659991
counter/2/0/0/0,4771:1747647652826:,1747647659991
counter/2/0/0/0,4772:1747647652826:,1747647659991
counter/2/0/0/0,4773:1747647652826:,1747647659991
counter/2/0/0/0,4774:1747647652832:,1747647659992
counter/2/0/0/0,4775:1747647652839:,1747647659992
counter/2/0/0/0,4776:1747647652839:,1747647659992
counter/2/0/0/0,4777:1747647652839:,1747647659992
counter/2/0/0/0,4778:1747647652839:,1747647659992
counter/2/0/0/0,4779:1747647652839:,1747647659992
counter/2/0/0/0,4780:1747647652839:,1747647659992
counter/2/0/0/0,4781:1747647652839:,1747647659992
counter/2/0/0/0,4782:1747647652839:,1747647659992
counter/2/0/0/0,4783:1747647652839:,1747647659992
counter/2/0/0/0,4784:1747647652839:,1747647659992
counter/2/0/0/0,4785:1747647652839:,1747647659992
counter/10/0/0/0,4857:1747647653367:,1747647659992
counter/1/0/0/0,5581:1747647654085:,1747647659992
counter/4/0/0/0,5447:1747647654051:,1747647659992
counter/9/0/0/0,5346:1747647653627:,1747647659992
counter/1/0/0/0,5582:1747647654085:,1747647659993
counter/4/0/0/0,5448:1747647654051:,1747647659994
counter/8/0/0/0,5438:1747647653284:,1747647659994
counter/8/0/0/0,5439:1747647653284:,1747647659994
counter/8/0/0/0,5440:1747647653284:,1747647659994
counter/8/0/0/0,5441:1747647653284:,1747647659994
counter/8/0/0/0,5442:1747647653284:,1747647659994
counter/8/0/0/0,5443:1747647653284:,1747647659994
counter/8/0/0/0,5444:1747647653284:,1747647659994
counter/10/0/0/0,4858:1747647653367:,1747647659994
counter/10/0/0/0,4859:1747647653367:,1747647659994
counter/10/0/0/0,4860:1747647653367:,1747647659994
counter/10/0/0/0,4861:1747647653367:,1747647659994
counter/10/0/0/0,4862:1747647653367:,1747647659995
counter/1/0/0/0,5583:1747647654085:,1747647659995
counter/3/0/0/0,5254:1747647653588:,1747647659995
counter/5/0/0/0,5270:1747647653543:,1747647659996
counter/8/0/0/0,5445:1747647653284:,1747647659996
counter/8/0/0/0,5446:1747647653284:,1747647659996
counter/8/0/0/0,5447:1747647653287:,1747647659996
counter/8/0/0/0,5448:1747647653287:,1747647659996
counter/8/0/0/0,5449:1747647653287:,1747647659996
counter/8/0/0/0,5450:1747647653287:,1747647659996
counter/8/0/0/0,5451:1747647653288:,1747647659996
counter/3/0/0/0,5255:1747647653589:,1747647659997
counter/4/0/0/0,5449:1747647654058:,1747647659997
counter/4/0/0/0,5450:1747647654058:,1747647659997
counter/9/0/0/0,5347:1747647653627:,1747647659997
counter/9/0/0/0,5348:1747647653627:,1747647659997
counter/9/0/0/0,5349:1747647653627:,1747647659997
counter/9/0/0/0,5350:1747647653627:,1747647659997
counter/9/0/0/0,5351:1747647653627:,1747647659997
counter/9/0/0/0,5352:1747647653627:,1747647659999
counter/9/0/0/0,5353:1747647653628:,1747647659999
counter/9/0/0/0,5354:1747647653628:,1747647659999
counter/9/0/0/0,5355:1747647653628:,1747647659999
counter/9/0/0/0,5356:1747647653629:,1747647659999
counter/9/0/0/0,5357:1747647653643:,1747647660000
counter/3/0/0/0,5256:1747647653589:,1747647660000
counter/9/0/0/0,5358:1747647653661:,1747647660000
counter/3/0/0/0,5257:1747647653589:,1747647660000
counter/9/0/0/0,5359:1747647653661:,1747647660000
counter/3/0/0/0,5258:1747647653589:,1747647660000
counter/9/0/0/0,5360:1747647653661:,1747647660000
counter/3/0/0/0,5259:1747647653591:,1747647660000
counter/9/0/0/0,5361:1747647653661:,1747647660000
counter/3/0/0/0,5260:1747647653591:,1747647660000
counter/3/0/0/0,5261:1747647653591:,1747647660000
counter/5/0/0/0,5271:1747647653543:,1747647660000
counter/3/0/0/0,5262:1747647653591:,1747647660000
counter/1/0/0/0,5584:1747647654085:,1747647660000
counter/1/0/0/0,5585:1747647654085:,1747647660000
counter/1/0/0/0,5586:1747647654085:,1747647660000
counter/1/0/0/0,5587:1747647654085:,1747647660000
counter/1/0/0/0,5588:1747647654085:,1747647660000
counter/3/0/0/0,5263:1747647653591:,1747647660000
counter/1/0/0/0,5589:1747647654085:,1747647660001
counter/6/0/0/0,4631:1747647653501:,1747647660001
counter/9/0/0/0,5362:1747647653661:,1747647660001
counter/9/0/0/0,5363:1747647653661:,1747647660001
counter/9/0/0/0,5364:1747647653661:,1747647660001
counter/1/0/0/0,5590:1747647654085:,1747647660001
counter/1/0/0/0,5591:1747647654085:,1747647660001
counter/4/0/0/0,5451:1747647654058:,1747647660001
counter/4/0/0/0,5452:1747647654058:,1747647660001
counter/4/0/0/0,5453:1747647654059:,1747647660001
counter/4/0/0/0,5454:1747647654059:,1747647660001
counter/5/0/0/0,5272:1747647653543:,1747647660001
counter/3/0/0/0,5264:1747647653591:,1747647660001
counter/3/0/0/0,5265:1747647653591:,1747647660001
counter/3/0/0/0,5266:1747647653591:,1747647660002
counter/10/0/0/0,4863:1747647653367:,1747647660002
counter/10/0/0/0,4864:1747647653367:,1747647660002
counter/10/0/0/0,4865:1747647653367:,1747647660002
counter/1/0/0/0,5592:1747647654085:,1747647660002
counter/10/0/0/0,4866:1747647653367:,1747647660002
counter/7/0/0/0,4952:1747647653362:,1747647660002
counter/1/0/0/0,5593:1747647654085:,1747647660002
counter/1/0/0/0,5594:1747647654097:,1747647660003
counter/2/0/0/0,4786:1747647652839:,1747647660003
counter/2/0/0/0,4787:1747647652839:,1747647660003
counter/2/0/0/0,4788:1747647652845:,1747647660003
counter/2/0/0/0,4789:1747647652845:,1747647660003
counter/2/0/0/0,4790:1747647652845:,1747647660003
counter/3/0/0/0,5267:1747647653591:,1747647660003
counter/1/0/0/0,5595:1747647654097:,1747647660003
counter/1/0/0/0,5596:1747647654097:,1747647660003
counter/1/0/0/0,5597:1747647654097:,1747647660003
counter/1/0/0/0,5598:1747647654097:,1747647660003
counter/1/0/0/0,5599:1747647654097:,1747647660003
counter/1/0/0/0,5600:1747647654097:,1747647660003
counter/1/0/0/0,5601:1747647654097:,1747647660003
counter/4/0/0/0,5455:1747647654059:,1747647660004
counter/5/0/0/0,5273:1747647653543:,1747647660004
counter/4/0/0/0,5456:1747647654059:,1747647660004
counter/4/0/0/0,5457:1747647654059:,1747647660004
counter/8/0/0/0,5452:1747647653288:,1747647660004
counter/4/0/0/0,5458:1747647654059:,1747647660004
counter/1/0/0/0,5602:1747647654098:,1747647660005
counter/1/0/0/0,5603:1747647654098:,1747647660005
counter/4/0/0/0,5459:1747647654059:,1747647660005
counter/1/0/0/0,5604:1747647654098:,1747647660005
counter/1/0/0/0,5605:1747647654098:,1747647660005
counter/6/0/0/0,4632:1747647653501:,1747647660005
counter/1/0/0/0,5606:1747647654098:,1747647660006
counter/10/0/0/0,4867:1747647653370:,1747647660008
counter/4/0/0/0,5460:1747647654059:,1747647660008
counter/4/0/0/0,5461:1747647654059:,1747647660010
counter/6/0/0/0,4633:1747647653501:,1747647660010
counter/6/0/0/0,4634:1747647653501:,1747647660010
counter/6/0/0/0,4635:1747647653501:,1747647660010
counter/6/0/0/0,4636:1747647653501:,1747647660010
counter/6/0/0/0,4637:1747647653501:,1747647660010
counter/2/0/0/0,4791:1747647652845:,1747647660011
counter/1/0/0/0,5607:1747647654098:,1747647660011
counter/3/0/0/0,5268:1747647653591:,1747647660011
counter/3/0/0/0,5269:1747647653602:,1747647660011
counter/3/0/0/0,5270:1747647653602:,1747647660011
counter/3/0/0/0,5271:1747647653602:,1747647660011
counter/3/0/0/0,5272:1747647653602:,1747647660011
counter/5/0/0/0,5274:1747647653543:,1747647660012
counter/9/0/0/0,5365:1747647653661:,1747647660012
counter/9/0/0/0,5366:1747647653662:,1747647660012
counter/9/0/0/0,5367:1747647653662:,1747647660012
counter/9/0/0/0,5368:1747647653662:,1747647660012
counter/9/0/0/0,5369:1747647653662:,1747647660012
counter/9/0/0/0,5370:1747647653662:,1747647660012
counter/10/0/0/0,4868:1747647653370:,1747647660013
counter/9/0/0/0,5371:1747647653662:,1747647660014
counter/5/0/0/0,5275:1747647653543:,1747647660015
counter/5/0/0/0,5276:1747647653543:,1747647660015
counter/5/0/0/0,5277:1747647653543:,1747647660015
counter/5/0/0/0,5278:1747647653543:,1747647660015
counter/5/0/0/0,5279:1747647653543:,1747647660015
counter/8/0/0/0,5453:1747647653288:,1747647660015
counter/1/0/0/0,5608:1747647654098:,1747647660015
counter/7/0/0/0,4953:1747647653362:,1747647660015
counter/7/0/0/0,4954:1747647653362:,1747647660015
counter/7/0/0/0,4955:1747647653362:,1747647660015
counter/7/0/0/0,4956:1747647653362:,1747647660016
counter/7/0/0/0,4957:1747647653362:,1747647660016
counter/7/0/0/0,4958:1747647653362:,1747647660016
counter/7/0/0/0,4959:1747647653362:,1747647660016
counter/2/0/0/0,4792:1747647652845:,1747647660016
counter/7/0/0/0,4960:1747647653362:,1747647660017
counter/7/0/0/0,4961:1747647653362:,1747647660017
counter/7/0/0/0,4962:1747647653362:,1747647660017
counter/7/0/0/0,4963:1747647653363:,1747647660017
counter/7/0/0/0,4964:1747647653363:,1747647660017
counter/7/0/0/0,4965:1747647653363:,1747647660017
counter/5/0/0/0,5280:1747647653543:,1747647660017
counter/10/0/0/0,4869:1747647653370:,1747647660017
counter/1/0/0/0,5609:1747647654098:,1747647660017
counter/10/0/0/0,4870:1747647653370:,1747647660017
counter/2/0/0/0,4793:1747647652845:,1747647660018
counter/2/0/0/0,4794:1747647652845:,1747647660018
counter/10/0/0/0,4871:1747647653370:,1747647660018
counter/10/0/0/0,4872:1747647653370:,1747647660019
counter/10/0/0/0,4873:1747647653370:,1747647660019
counter/3/0/0/0,5273:1747647653602:,1747647660019
counter/3/0/0/0,5274:1747647653603:,1747647660019
counter/3/0/0/0,5275:1747647653603:,1747647660019
counter/3/0/0/0,5276:1747647653603:,1747647660019
counter/1/0/0/0,5610:1747647654098:,1747647660020
counter/6/0/0/0,4638:1747647653501:,1747647660020
counter/6/0/0/0,4639:1747647653501:,1747647660020
counter/6/0/0/0,4640:1747647653501:,1747647660020
counter/6/0/0/0,4641:1747647653501:,1747647660020
counter/8/0/0/0,5454:1747647653304:,1747647660021
counter/8/0/0/0,5455:1747647653304:,1747647660021
counter/8/0/0/0,5456:1747647653304:,1747647660021
counter/2/0/0/0,4795:1747647652845:,1747647660021
counter/6/0/0/0,4642:1747647653504:,1747647660021
counter/6/0/0/0,4643:1747647653504:,1747647660021
counter/6/0/0/0,4644:1747647653504:,1747647660022
counter/6/0/0/0,4645:1747647653511:,1747647660022
counter/10/0/0/0,4874:1747647653370:,1747647660022
counter/3/0/0/0,5277:1747647653603:,1747647660022
counter/7/0/0/0,4966:1747647653363:,1747647660022
counter/1/0/0/0,5611:1747647654098:,1747647660022
counter/1/0/0/0,5612:1747647654098:,1747647660022
counter/6/0/0/0,4646:1747647653512:,1747647660022
counter/6/0/0/0,4647:1747647653512:,1747647660022
counter/6/0/0/0,4648:1747647653512:,1747647660022
counter/9/0/0/0,5372:1747647653662:,1747647660022
counter/9/0/0/0,5373:1747647653662:,1747647660022
counter/9/0/0/0,5374:1747647653662:,1747647660022
counter/9/0/0/0,5375:1747647653662:,1747647660022
counter/9/0/0/0,5376:1747647653662:,1747647660022
counter/9/0/0/0,5377:1747647653662:,1747647660022
counter/9/0/0/0,5378:1747647653662:,1747647660023
counter/9/0/0/0,5379:1747647653662:,1747647660023
counter/9/0/0/0,5380:1747647653669:,1747647660023
counter/9/0/0/0,5381:1747647653669:,1747647660023
counter/9/0/0/0,5382:1747647653669:,1747647660023
counter/9/0/0/0,5383:1747647653669:,1747647660023
counter/3/0/0/0,5278:1747647653603:,1747647660023
counter/5/0/0/0,5281:1747647653543:,1747647660023
counter/6/0/0/0,4649:1747647653512:,1747647660024
counter/8/0/0/0,5457:1747647653304:,1747647660024
counter/8/0/0/0,5458:1747647653304:,1747647660024
counter/2/0/0/0,4796:1747647652845:,1747647660024
counter/2/0/0/0,4797:1747647652845:,1747647660025
counter/9/0/0/0,5384:1747647653669:,1747647660027
counter/9/0/0/0,5385:1747647653669:,1747647660027
counter/9/0/0/0,5386:1747647653669:,1747647660027
counter/9/0/0/0,5387:1747647653669:,1747647660027
counter/9/0/0/0,5388:1747647653669:,1747647660028
counter/9/0/0/0,5389:1747647653669:,1747647660028
counter/9/0/0/0,5390:1747647653680:,1747647660028
counter/9/0/0/0,5391:1747647653680:,1747647660028
counter/9/0/0/0,5392:1747647653680:,1747647660028
counter/9/0/0/0,5393:1747647653680:,1747647660028
counter/2/0/0/0,4798:1747647652845:,1747647660028
counter/2/0/0/0,4799:1747647652845:,1747647660028
counter/2/0/0/0,4800:1747647652845:,1747647660028
counter/2/0/0/0,4801:1747647652845:,1747647660028
counter/2/0/0/0,4802:1747647652845:,1747647660028
counter/2/0/0/0,4803:1747647652845:,1747647660028
counter/2/0/0/0,4804:1747647652845:,1747647660028
counter/2/0/0/0,4805:1747647652845:,1747647660028
counter/2/0/0/0,4806:1747647652845:,1747647660028
counter/2/0/0/0,4807:1747647652845:,1747647660028
counter/2/0/0/0,4808:1747647652845:,1747647660028
counter/2/0/0/0,4809:1747647652845:,1747647660028
counter/2/0/0/0,4810:1747647652845:,1747647660028
counter/7/0/0/0,4967:1747647653363:,1747647660028
counter/1/0/0/0,5613:1747647654098:,1747647660028
counter/1/0/0/0,5614:1747647654098:,1747647660028
counter/2/0/0/0,4811:1747647652845:,1747647660029
counter/6/0/0/0,4650:1747647653512:,1747647660029
counter/10/0/0/0,4875:1747647653370:,1747647660029
counter/10/0/0/0,4876:1747647653370:,1747647660029
counter/10/0/0/0,4877:1747647653370:,1747647660029
counter/10/0/0/0,4878:1747647653370:,1747647660029
counter/2/0/0/0,4812:1747647652845:,1747647660029
counter/2/0/0/0,4813:1747647652845:,1747647660029
counter/7/0/0/0,4968:1747647653363:,1747647660029
counter/3/0/0/0,5279:1747647653603:,1747647660030
counter/1/0/0/0,5615:1747647654098:,1747647660034
counter/8/0/0/0,5459:1747647653304:,1747647660034
counter/1/0/0/0,5616:1747647654098:,1747647660035
counter/8/0/0/0,5460:1747647653304:,1747647660035
counter/8/0/0/0,5461:1747647653304:,1747647660035
counter/8/0/0/0,5462:1747647653304:,1747647660035
counter/8/0/0/0,5463:1747647653304:,1747647660035
counter/8/0/0/0,5464:1747647653304:,1747647660035
counter/8/0/0/0,5465:1747647653304:,1747647660035
counter/8/0/0/0,5466:1747647653304:,1747647660035
counter/8/0/0/0,5467:1747647653304:,1747647660035
counter/4/0/0/0,5462:1747647654062:,1747647660035
counter/5/0/0/0,5282:1747647653543:,1747647660036
counter/3/0/0/0,5280:1747647653603:,1747647660036
counter/8/0/0/0,5468:1747647653304:,1747647660037
counter/3/0/0/0,5281:1747647653603:,1747647660038
counter/3/0/0/0,5282:1747647653603:,1747647660038
counter/3/0/0/0,5283:1747647653603:,1747647660038
counter/3/0/0/0,5284:1747647653603:,1747647660038
counter/3/0/0/0,5285:1747647653605:,1747647660038
counter/3/0/0/0,5286:1747647653610:,1747647660038
counter/3/0/0/0,5287:1747647653610:,1747647660038
counter/3/0/0/0,5288:1747647653610:,1747647660038
counter/3/0/0/0,5289:1747647653610:,1747647660038
$SYS/broker/uptime,238579 seconds,1747647660138
$SYS/broker/load/messages/received/1min,979410.26,1747647660138
$SYS/broker/load/messages/sent/1min,554358.66,1747647660138
$SYS/broker/load/publish/dropped/1min,418162.11,1747647660139
$SYS/broker/load/publish/received/1min,979382.12,1747647660139
$SYS/broker/load/publish/sent/1min,554322.92,1747647660139
$SYS/broker/load/bytes/received/1min,38637619.02,1747647660139
$SYS/broker/load/bytes/sent/1min,21706815.41,1747647660139
$SYS/broker/load/sockets/1min,4.01,1747647660139
$SYS/broker/load/connections/1min,4.01,1747647660139
$SYS/broker/load/messages/received/5min,741585.47,1747647660139
$SYS/broker/load/messages/sent/5min,357271.92,1747647660139
$SYS/broker/load/publish/dropped/5min,361762.62,1747647660139
$SYS/broker/load/publish/received/5min,741547.76,1747647660139
$SYS/broker/load/publish/sent/5min,357230.91,1747647660139
$SYS/broker/load/bytes/received/5min,29453173.03,1747647660140
$SYS/broker/load/bytes/sent/5min,14077965.17,1747647660140
$SYS/broker/load/sockets/5min,5.77,1747647660140
$SYS/broker/load/connections/5min,5.76,1747647660140
$SYS/broker/load/messages/received/15min,566317.28,1747647660140
$SYS/broker/load/messages/sent/15min,279087.00,1747647660140
$SYS/broker/load/publish/dropped/15min,259351.47,1747647660140
$SYS/broker/load/publish/received/15min,566235.67,1747647660140
$SYS/broker/load/publish/sent/15min,279009.14,1747647660140
$SYS/broker/load/bytes/received/15min,22514291.22,1747647660140
$SYS/broker/load/bytes/sent/15min,11012096.78,1747647660140
$SYS/broker/load/sockets/15min,12.28,1747647660140
$SYS/broker/load/connections/15min,12.21,1747647660140
$SYS/broker/messages/stored,43,1747647660140
$SYS/broker/store/messages/count,43,1747647660140
$SYS/broker/store/messages/bytes,363,1747647660140
$SYS/broker/retained messages/count,43,1747647660140
$SYS/broker/heap/current,153008,1747647660140
$SYS/broker/messages/received,77778100,1747647660141
$SYS/broker/messages/sent,31553986,1747647660141
$SYS/broker/publish/messages/received,77760625,1747647660141
$SYS/broker/publish/messages/sent,31536096,1747647660141
$SYS/broker/bytes/received,3098234124,1747647660141
$SYS/broker/bytes/sent,1246390712,1747647660141
$SYS/broker/publish/bytes/received,1619782218,1747647660141
$SYS/broker/publish/bytes/sent,646248797,1747647660141
counter/4/0/0/0,5463:1747647654062:,1747647660461
counter/4/0/0/0,5464:1747647654062:,1747647660461
counter/8/0/0/0,5469:1747647653304:,1747647660462
counter/2/0/0/0,4814:1747647652846:,1747647660462
counter/5/0/0/0,5283:1747647653543:,1747647660462
counter/5/0/0/0,5284:1747647653547:,1747647660462
counter/10/0/0/0,4879:1747647653370:,1747647660462
counter/10/0/0/0,4880:1747647653370:,1747647660462
counter/1/0/0/0,5617:1747647654098:,1747647660462
counter/1/0/0/0,5618:1747647654104:,1747647660462
counter/10/0/0/0,4881:1747647653370:,1747647660462
counter/3/0/0/0,5290:1747647653610:,1747647660462
counter/7/0/0/0,4969:1747647653363:,1747647660463
counter/2/0/0/0,4815:1747647652846:,1747647660463
counter/5/0/0/0,5285:1747647653547:,1747647660464
counter/5/0/0/0,5286:1747647653547:,1747647660464
counter/5/0/0/0,5287:1747647653547:,1747647660464
counter/5/0/0/0,5288:1747647653548:,1747647660464
counter/5/0/0/0,5289:1747647653549:,1747647660464
counter/5/0/0/0,5290:1747647653549:,1747647660464
counter/9/0/0/0,5394:1747647653680:,1747647660464
counter/7/0/0/0,4970:1747647653363:,1747647660465
counter/6/0/0/0,4651:1747647653513:,1747647660465
counter/6/0/0/0,4652:1747647653513:,1747647660465
counter/5/0/0/0,5291:1747647653549:,1747647660466
counter/6/0/0/0,4653:1747647653513:,1747647660466
counter/4/0/0/0,5465:1747647654062:,1747647660466
counter/10/0/0/0,4882:1747647653373:,1747647660466
counter/8/0/0/0,5470:1747647653311:,1747647660466
counter/2/0/0/0,4816:1747647652846:,1747647660467
counter/1/0/0/0,5619:1747647654105:,1747647660467
counter/1/0/0/0,5620:1747647654105:,1747647660467
counter/1/0/0/0,5621:1747647654105:,1747647660467
counter/1/0/0/0,5622:1747647654105:,1747647660467
counter/1/0/0/0,5623:1747647654105:,1747647660467
counter/1/0/0/0,5624:1747647654105:,1747647660468
counter/1/0/0/0,5625:1747647654105:,1747647660468
counter/1/0/0/0,5626:1747647654105:,1747647660468
counter/1/0/0/0,5627:1747647654105:,1747647660468
counter/1/0/0/0,5628:1747647654105:,1747647660468
counter/1/0/0/0,5629:1747647654105:,1747647660469
counter/1/0/0/0,5630:1747647654105:,1747647660469
counter/1/0/0/0,5631:1747647654105:,1747647660469
counter/2/0/0/0,4817:1747647652846:,1747647660469
counter/6/0/0/0,4654:1747647653513:,1747647660469
counter/9/0/0/0,5395:1747647653680:,1747647660469
counter/4/0/0/0,5466:1747647654062:,1747647660469
counter/3/0/0/0,5291:1747647653610:,1747647660469
counter/3/0/0/0,5292:1747647653610:,1747647660469
counter/3/0/0/0,5293:1747647653610:,1747647660469
counter/8/0/0/0,5471:1747647653315:,1747647660469
counter/5/0/0/0,5292:1747647653551:,1747647660470
counter/5/0/0/0,5293:1747647653551:,1747647660470
counter/5/0/0/0,5294:1747647653551:,1747647660470
counter/5/0/0/0,5295:1747647653551:,1747647660470
counter/5/0/0/0,5296:1747647653551:,1747647660470
counter/5/0/0/0,5297:1747647653551:,1747647660470
counter/4/0/0/0,5467:1747647654062:,1747647660470
counter/5/0/0/0,5298:1747647653551:,1747647660470
counter/5/0/0/0,5299:1747647653551:,1747647660470
counter/10/0/0/0,4883:1747647653373:,1747647660470
counter/3/0/0/0,5294:1747647653610:,1747647660471
counter/8/0/0/0,5472:1747647653315:,1747647660471
counter/7/0/0/0,4971:1747647653363:,1747647660471
counter/1/0/0/0,5632:1747647654105:,1747647660471
counter/2/0/0/0,4818:1747647652846:,1747647660472
counter/1/0/0/0,5633:1747647654105:,1747647660472
counter/6/0/0/0,4655:1747647653513:,1747647660472
counter/1/0/0/0,5634:1747647654107:,1747647660472
counter/9/0/0/0,5396:1747647653680:,1747647660472
counter/4/0/0/0,5468:1747647654062:,1747647660472
counter/4/0/0/0,5469:1747647654062:,1747647660472
counter/4/0/0/0,5470:1747647654062:,1747647660472
counter/4/0/0/0,5471:1747647654062:,1747647660472
counter/8/0/0/0,5473:1747647653315:,1747647660473
counter/1/0/0/0,5635:1747647654107:,1747647660473
counter/1/0/0/0,5636:1747647654107:,1747647660473
counter/6/0/0/0,4656:1747647653513:,1747647660473
counter/6/0/0/0,4657:1747647653513:,1747647660473
counter/10/0/0/0,4884:1747647653373:,1747647660474
counter/4/0/0/0,5472:1747647654064:,1747647660474
counter/10/0/0/0,4885:1747647653373:,1747647660474
counter/4/0/0/0,5473:1747647654064:,1747647660474
counter/2/0/0/0,4819:1747647652846:,1747647660474
counter/2/0/0/0,4820:1747647652846:,1747647660474
counter/9/0/0/0,5397:1747647653680:,1747647660474
counter/5/0/0/0,5300:1747647653551:,1747647660474
counter/6/0/0/0,4658:1747647653513:,1747647660474
counter/3/0/0/0,5295:1747647653610:,1747647660474
counter/8/0/0/0,5474:1747647653315:,1747647660475
counter/4/0/0/0,5474:1747647654064:,1747647660475
counter/7/0/0/0,4972:1747647653363:,1747647660475
counter/2/0/0/0,4821:1747647652846:,1747647660475
counter/9/0/0/0,5398:1747647653680:,1747647660475
counter/3/0/0/0,5296:1747647653610:,1747647660476
counter/3/0/0/0,5297:1747647653611:,1747647660476
counter/3/0/0/0,5298:1747647653611:,1747647660476
counter/3/0/0/0,5299:1747647653611:,1747647660476
counter/3/0/0/0,5300:1747647653611:,1747647660476
counter/3/0/0/0,5301:1747647653611:,1747647660476
counter/2/0/0/0,4822:1747647652846:,1747647660477
counter/2/0/0/0,4823:1747647652853:,1747647660477
counter/2/0/0/0,4824:1747647652853:,1747647660477
counter/2/0/0/0,4825:1747647652853:,1747647660477
counter/2/0/0/0,4826:1747647652853:,1747647660477
counter/2/0/0/0,4827:1747647652853:,1747647660477
counter/2/0/0/0,4828:1747647652853:,1747647660477
counter/2/0/0/0,4829:1747647652853:,1747647660477
counter/2/0/0/0,4830:1747647652853:,1747647660477
counter/2/0/0/0,4831:1747647652853:,1747647660477
counter/8/0/0/0,5475:1747647653315:,1747647660477
counter/4/0/0/0,5475:1747647654064:,1747647660477
counter/4/0/0/0,5476:1747647654064:,1747647660477
counter/4/0/0/0,5477:1747647654076:,1747647660477
counter/4/0/0/0,5478:1747647654076:,1747647660477
counter/4/0/0/0,5479:1747647654076:,1747647660477
counter/4/0/0/0,5480:1747647654076:,1747647660477
counter/4/0/0/0,5481:1747647654076:,1747647660477
counter/4/0/0/0,5482:1747647654084:,1747647660477
counter/4/0/0/0,5483:1747647654084:,1747647660477
counter/4/0/0/0,5484:1747647654084:,1747647660477
counter/4/0/0/0,5485:1747647654084:,1747647660477
counter/4/0/0/0,5486:1747647654084:,1747647660477
counter/10/0/0/0,4886:1747647653373:,1747647660477
counter/2/0/0/0,4832:1747647652866:,1747647660478
counter/10/0/0/0,4887:1747647653373:,1747647660478
counter/6/0/0/0,4659:1747647653513:,1747647660478
counter/8/0/0/0,5476:1747647653315:,1747647660478
counter/3/0/0/0,5302:1747647653611:,1747647660478
counter/4/0/0/0,5487:1747647654084:,1747647660478
counter/9/0/0/0,5399:1747647653680:,1747647660478
counter/10/0/0/0,4888:1747647653373:,1747647660478
counter/6/0/0/0,4660:1747647653515:,1747647660478
counter/6/0/0/0,4661:1747647653515:,1747647660478
counter/6/0/0/0,4662:1747647653515:,1747647660478
counter/6/0/0/0,4663:1747647653515:,1747647660479
counter/6/0/0/0,4664:1747647653515:,1747647660479
counter/6/0/0/0,4665:1747647653515:,1747647660479
counter/6/0/0/0,4666:1747647653515:,1747647660479
counter/3/0/0/0,5303:1747647653611:,1747647660479
counter/4/0/0/0,5488:1747647654084:,1747647660479
counter/8/0/0/0,5477:1747647653333:,1747647660479
counter/8/0/0/0,5478:1747647653345:,1747647660479
counter/8/0/0/0,5479:1747647653345:,1747647660480
counter/6/0/0/0,4667:1747647653515:,1747647660480
counter/1/0/0/0,5637:1747647654107:,1747647660480
counter/1/0/0/0,5638:1747647654107:,1747647660480
counter/3/0/0/0,5304:1747647653612:,1747647660480
counter/1/0/0/0,5639:1747647654107:,1747647660480
counter/4/0/0/0,5489:1747647654084:,1747647660480
counter/4/0/0/0,5490:1747647654084:,1747647660480
counter/4/0/0/0,5491:1747647654085:,1747647660480
counter/6/0/0/0,4668:1747647653515:,1747647660481
counter/7/0/0/0,4973:1747647653363:,1747647660481
counter/3/0/0/0,5305:1747647653612:,1747647660481
counter/7/0/0/0,4974:1747647653363:,1747647660481
counter/4/0/0/0,5492:1747647654089:,1747647660481
counter/9/0/0/0,5400:1747647653680:,1747647660481
counter/10/0/0/0,4889:1747647653373:,1747647660481
counter/10/0/0/0,4890:1747647653373:,1747647660482
counter/10/0/0/0,4891:1747647653373:,1747647660482
counter/10/0/0/0,4892:1747647653373:,1747647660482
counter/6/0/0/0,4669:1747647653515:,1747647660483
counter/6/0/0/0,4670:1747647653517:,1747647660483
counter/6/0/0/0,4671:1747647653517:,1747647660483
counter/6/0/0/0,4672:1747647653517:,1747647660483
counter/6/0/0/0,4673:1747647653517:,1747647660483
counter/6/0/0/0,4674:1747647653517:,1747647660483
counter/6/0/0/0,4675:1747647653517:,1747647660483
counter/6/0/0/0,4676:1747647653517:,1747647660483
counter/6/0/0/0,4677:1747647653518:,1747647660483
counter/6/0/0/0,4678:1747647653518:,1747647660483
counter/10/0/0/0,4893:1747647653373:,1747647660483
counter/6/0/0/0,4679:1747647653518:,1747647660484
counter/6/0/0/0,4680:1747647653518:,1747647660484
counter/6/0/0/0,4681:1747647653518:,1747647660484
counter/6/0/0/0,4682:1747647653518:,1747647660484
counter/6/0/0/0,4683:1747647653519:,1747647660484
counter/6/0/0/0,4684:1747647653519:,1747647660484
counter/1/0/0/0,5640:1747647654107:,1747647660484
counter/6/0/0/0,4685:1747647653519:,1747647660484
counter/1/0/0/0,5641:1747647654107:,1747647660484
counter/2/0/0/0,4833:1747647652866:,1747647660484
counter/9/0/0/0,5401:1747647653680:,1747647660484
counter/9/0/0/0,5402:1747647653680:,1747647660484
counter/9/0/0/0,5403:1747647653680:,1747647660484
counter/9/0/0/0,5404:1747647653680:,1747647660484
counter/9/0/0/0,5405:1747647653681:,1747647660484
counter/9/0/0/0,5406:1747647653682:,1747647660484
counter/1/0/0/0,5642:1747647654107:,1747647660485
counter/2/0/0/0,4834:1747647652866:,1747647660485
counter/1/0/0/0,5643:1747647654107:,1747647660485
counter/1/0/0/0,5644:1747647654107:,1747647660485
counter/1/0/0/0,5645:1747647654107:,1747647660485
counter/1/0/0/0,5646:1747647654107:,1747647660485
counter/1/0/0/0,5647:1747647654107:,1747647660485
counter/1/0/0/0,5648:1747647654107:,1747647660485
counter/1/0/0/0,5649:1747647654109:,1747647660485
counter/1/0/0/0,5650:1747647654109:,1747647660485
counter/1/0/0/0,5651:1747647654109:,1747647660486
counter/1/0/0/0,5652:1747647654109:,1747647660486
counter/1/0/0/0,5653:1747647654109:,1747647660486
counter/3/0/0/0,5306:1747647653612:,1747647660486
counter/5/0/0/0,5301:1747647653557:,1747647660486
counter/8/0/0/0,5480:1747647653345:,1747647660486
counter/2/0/0/0,4835:1747647652866:,1747647660486
counter/2/0/0/0,4836:1747647652866:,1747647660486
counter/2/0/0/0,4837:1747647652866:,1747647660486
counter/7/0/0/0,4975:1747647653363:,1747647660487
counter/7/0/0/0,4976:1747647653364:,1747647660487
counter/5/0/0/0,5302:1747647653557:,1747647660487
counter/6/0/0/0,4686:1747647653519:,1747647660487
counter/2/0/0/0,4838:1747647652866:,1747647660487
counter/1/0/0/0,5654:1747647654109:,1747647660487
counter/1/0/0/0,5655:1747647654109:,1747647660487
counter/1/0/0/0,5656:1747647654109:,1747647660487
counter/1/0/0/0,5657:1747647654109:,1747647660487
counter/1/0/0/0,5658:1747647654109:,1747647660487
counter/1/0/0/0,5659:1747647654109:,1747647660487
counter/3/0/0/0,5307:1747647653613:,1747647660488
counter/5/0/0/0,5303:1747647653557:,1747647660488
counter/5/0/0/0,5304:1747647653557:,1747647660488
counter/5/0/0/0,5305:1747647653557:,1747647660488
counter/1/0/0/0,5660:1747647654109:,1747647660488
counter/9/0/0/0,5407:1747647653682:,1747647660488
counter/4/0/0/0,5493:1747647654089:,1747647660488
counter/9/0/0/0,5408:1747647653682:,1747647660488
counter/3/0/0/0,5308:1747647653613:,1747647660489
counter/2/0/0/0,4839:1747647652866:,1747647660489
counter/3/0/0/0,5309:1747647653613:,1747647660490
counter/3/0/0/0,5310:1747647653613:,1747647660490
counter/2/0/0/0,4840:1747647652870:,1747647660490
counter/10/0/0/0,4894:1747647653373:,1747647660491
counter/1/0/0/0,5661:1747647654109:,1747647660491
counter/10/0/0/0,4895:1747647653373:,1747647660492
counter/6/0/0/0,4687:1747647653519:,1747647660492
counter/5/0/0/0,5306:1747647653577:,1747647660492
counter/5/0/0/0,5307:1747647653577:,1747647660492
counter/8/0/0/0,5481:1747647653345:,1747647660492
counter/8/0/0/0,5482:1747647653345:,1747647660492
counter/8/0/0/0,5483:1747647653345:,1747647660492
counter/1/0/0/0,5662:1747647654109:,1747647660492
counter/9/0/0/0,5409:1747647653682:,1747647660492
counter/10/0/0/0,4896:1747647653374:,1747647660492
counter/8/0/0/0,5484:1747647653345:,1747647660494
counter/8/0/0/0,5485:1747647653345:,1747647660494
counter/2/0/0/0,4841:1747647652870:,1747647660494
counter/4/0/0/0,5494:1747647654089:,1747647660495
counter/4/0/0/0,5495:1747647654089:,1747647660495
counter/4/0/0/0,5496:1747647654089:,1747647660495
counter/4/0/0/0,5497:1747647654089:,1747647660495
counter/4/0/0/0,5498:1747647654089:,1747647660495
counter/5/0/0/0,5308:1747647653577:,1747647660495
counter/6/0/0/0,4688:1747647653524:,1747647660495
counter/10/0/0/0,4897:1747647653374:,1747647660496
counter/10/0/0/0,4898:1747647653374:,1747647660496
counter/10/0/0/0,4899:1747647653374:,1747647660496
counter/10/0/0/0,4900:1747647653374:,1747647660496
counter/10/0/0/0,4901:1747647653380:,1747647660496
counter/10/0/0/0,4902:1747647653380:,1747647660496
counter/10/0/0/0,4903:1747647653380:,1747647660496
counter/10/0/0/0,4904:1747647653380:,1747647660496
counter/10/0/0/0,4905:1747647653380:,1747647660496
counter/10/0/0/0,4906:1747647653380:,1747647660496
counter/10/0/0/0,4907:1747647653380:,1747647660496
counter/10/0/0/0,4908:1747647653380:,1747647660496
counter/3/0/0/0,5311:1747647653614:,1747647660497
counter/2/0/0/0,4842:1747647652870:,1747647660497
counter/3/0/0/0,5312:1747647653614:,1747647660497
counter/1/0/0/0,5663:1747647654109:,1747647660497
counter/1/0/0/0,5664:1747647654109:,1747647660497
counter/1/0/0/0,5665:1747647654109:,1747647660498
counter/1/0/0/0,5666:1747647654109:,1747647660498
counter/1/0/0/0,5667:1747647654109:,1747647660498
counter/1/0/0/0,5668:1747647654109:,1747647660498
counter/10/0/0/0,4909:1747647653380:,1747647660498
counter/7/0/0/0,4977:1747647653364:,1747647660498
counter/9/0/0/0,5410:1747647653682:,1747647660498
counter/9/0/0/0,5411:1747647653682:,1747647660498
counter/10/0/0/0,4910:1747647653380:,1747647660499
counter/7/0/0/0,4978:1747647653364:,1747647660499
counter/5/0/0/0,5309:1747647653577:,1747647660499
counter/5/0/0/0,5310:1747647653577:,1747647660499
counter/5/0/0/0,5311:1747647653577:,1747647660499
counter/5/0/0/0,5312:1747647653577:,1747647660499
counter/5/0/0/0,5313:1747647653577:,1747647660499
counter/5/0/0/0,5314:1747647653578:,1747647660499
counter/5/0/0/0,5315:1747647653578:,1747647660499
counter/8/0/0/0,5486:1747647653345:,1747647660499
counter/4/0/0/0,5499:1747647654089:,1747647660499
counter/4/0/0/0,5500:1747647654089:,1747647660499
counter/4/0/0/0,5501:1747647654089:,1747647660499
counter/4/0/0/0,5502:1747647654089:,1747647660499
counter/4/0/0/0,5503:1747647654092:,1747647660499
counter/4/0/0/0,5504:1747647654093:,1747647660500
counter/7/0/0/0,4979:1747647653364:,1747647660500
counter/6/0/0/0,4689:1747647653525:,1747647660500
counter/6/0/0/0,4690:1747647653525:,1747647660500
counter/6/0/0/0,4691:1747647653525:,1747647660500
counter/6/0/0/0,4692:1747647653525:,1747647660500
counter/6/0/0/0,4693:1747647653525:,1747647660500
counter/9/0/0/0,5412:1747647653682:,1747647660501
counter/9/0/0/0,5413:1747647653682:,1747647660501
counter/9/0/0/0,5414:1747647653682:,1747647660501
counter/9/0/0/0,5415:1747647653682:,1747647660501
counter/6/0/0/0,4694:1747647653525:,1747647660501
counter/2/0/0/0,4843:1747647652870:,1747647660501
counter/3/0/0/0,5313:1747647653614:,1747647660502
counter/2/0/0/0,4844:1747647652870:,1747647660502
counter/3/0/0/0,5314:1747647653614:,1747647660502
counter/5/0/0/0,5316:1747647653578:,1747647660502
counter/9/0/0/0,5416:1747647653682:,1747647660502
counter/9/0/0/0,5417:1747647653687:,1747647660503
counter/6/0/0/0,4695:1747647653525:,1747647660503
counter/6/0/0/0,4696:1747647653525:,1747647660503
counter/6/0/0/0,4697:1747647653526:,1747647660503
counter/6/0/0/0,4698:1747647653526:,1747647660503
counter/1/0/0/0,5669:1747647654109:,1747647660503
counter/1/0/0/0,5670:1747647654109:,1747647660503
counter/8/0/0/0,5487:1747647653345:,1747647660503
counter/8/0/0/0,5488:1747647653345:,1747647660503
counter/2/0/0/0,4845:1747647652870:,1747647660503
counter/2/0/0/0,4846:1747647652870:,1747647660503
counter/2/0/0/0,4847:1747647652873:,1747647660503
counter/2/0/0/0,4848:1747647652873:,1747647660504
counter/2/0/0/0,4849:1747647652873:,1747647660504
counter/2/0/0/0,4850:1747647652873:,1747647660504
counter/2/0/0/0,4851:1747647652873:,1747647660504
counter/2/0/0/0,4852:1747647652873:,1747647660504
counter/9/0/0/0,5418:1747647653696:,1747647660504
counter/6/0/0/0,4699:1747647653533:,1747647660504
counter/9/0/0/0,5419:1747647653696:,1747647660504
counter/9/0/0/0,5420:1747647653696:,1747647660504
counter/9/0/0/0,5421:1747647653696:,1747647660504
counter/6/0/0/0,4700:1747647653533:,1747647660505
counter/10/0/0/0,4911:1747647653380:,1747647660505
counter/10/0/0/0,4912:1747647653384:,1747647660505
counter/10/0/0/0,4913:1747647653384:,1747647660505
counter/10/0/0/0,4914:1747647653384:,1747647660505
counter/2/0/0/0,4853:1747647652873:,1747647660505
counter/10/0/0/0,4915:1747647653384:,1747647660505
counter/10/0/0/0,4916:1747647653384:,1747647660505
counter/5/0/0/0,5317:1747647653578:,1747647660505
counter/10/0/0/0,4917:1747647653385:,1747647660505
counter/10/0/0/0,4918:1747647653385:,1747647660505
counter/10/0/0/0,4919:1747647653385:,1747647660505
counter/8/0/0/0,5489:1747647653345:,1747647660505
counter/10/0/0/0,4920:1747647653385:,1747647660505
counter/8/0/0/0,5490:1747647653345:,1747647660506
counter/10/0/0/0,4921:1747647653385:,1747647660506
counter/8/0/0/0,5491:1747647653345:,1747647660506
counter/8/0/0/0,5492:1747647653346:,1747647660506
counter/8/0/0/0,5493:1747647653350:,1747647660506
counter/8/0/0/0,5494:1747647653350:,1747647660506
counter/8/0/0/0,5495:1747647653350:,1747647660506
counter/8/0/0/0,5496:1747647653350:,1747647660506
counter/3/0/0/0,5315:1747647653615:,1747647660506
counter/3/0/0/0,5316:1747647653615:,1747647660506
counter/3/0/0/0,5317:1747647653615:,1747647660506
counter/3/0/0/0,5318:1747647653615:,1747647660506
counter/3/0/0/0,5319:1747647653615:,1747647660506
counter/3/0/0/0,5320:1747647653615:,1747647660506
counter/3/0/0/0,5321:1747647653615:,1747647660506
counter/3/0/0/0,5322:1747647653615:,1747647660506
counter/7/0/0/0,4980:1747647653364:,1747647660506
counter/6/0/0/0,4701:1747647653533:,1747647660506
counter/7/0/0/0,4981:1747647653364:,1747647660506
counter/8/0/0/0,5497:1747647653350:,1747647660506
counter/10/0/0/0,4922:1747647653385:,1747647660506
counter/8/0/0/0,5498:1747647653350:,1747647660506
counter/8/0/0/0,5499:1747647653350:,1747647660506
counter/8/0/0/0,5500:1747647653351:,1747647660506
counter/8/0/0/0,5501:1747647653351:,1747647660507
counter/8/0/0/0,5502:1747647653351:,1747647660507
counter/8/0/0/0,5503:1747647653351:,1747647660507
counter/8/0/0/0,5504:1747647653351:,1747647660507
counter/8/0/0/0,5505:1747647653351:,1747647660507
counter/8/0/0/0,5506:1747647653351:,1747647660507
counter/8/0/0/0,5507:1747647653351:,1747647660507
counter/8/0/0/0,5508:1747647653355:,1747647660507
counter/9/0/0/0,5422:1747647653698:,1747647660508
counter/9/0/0/0,5423:1747647653698:,1747647660508
counter/1/0/0/0,5671:1747647654109:,1747647660508
counter/2/0/0/0,4854:1747647652873:,1747647660508
counter/9/0/0/0,5424:1747647653698:,1747647660508
counter/1/0/0/0,5672:1747647654109:,1747647660508
counter/9/0/0/0,5425:1747647653698:,1747647660508
counter/1/0/0/0,5673:1747647654109:,1747647660508
counter/9/0/0/0,5426:1747647653698:,1747647660508
counter/1/0/0/0,5674:1747647654109:,1747647660508
counter/1/0/0/0,5675:1747647654109:,1747647660508
counter/6/0/0/0,4702:1747647653533:,1747647660508
counter/1/0/0/0,5676:1747647654109:,1747647660508
counter/6/0/0/0,4703:1747647653533:,1747647660508
counter/1/0/0/0,5677:1747647654109:,1747647660508
counter/6/0/0/0,4704:1747647653533:,1747647660508
counter/8/0/0/0,5509:1747647653355:,1747647660508
counter/7/0/0/0,4982:1747647653364:,1747647660509
counter/7/0/0/0,4983:1747647653364:,1747647660509
counter/6/0/0/0,4705:1747647653533:,1747647660509
counter/6/0/0/0,4706:1747647653533:,1747647660509
counter/6/0/0/0,4707:1747647653533:,1747647660509
counter/6/0/0/0,4708:1747647653533:,1747647660509
counter/4/0/0/0,5505:1747647654093:,1747647660509
counter/8/0/0/0,5510:1747647653355:,1747647660510
counter/3/0/0/0,5323:1747647653615:,1747647660511
counter/3/0/0/0,5324:1747647653615:,1747647660511
counter/3/0/0/0,5325:1747647653617:,1747647660511
counter/3/0/0/0,5326:1747647653617:,1747647660511
counter/3/0/0/0,5327:1747647653618:,1747647660511
counter/3/0/0/0,5328:1747647653618:,1747647660512
counter/3/0/0/0,5329:1747647653622:,1747647660512
counter/3/0/0/0,5330:1747647653622:,1747647660512
counter/3/0/0/0,5331:1747647653622:,1747647660512
counter/3/0/0/0,5332:1747647653622:,1747647660512
counter/3/0/0/0,5333:1747647653622:,1747647660512
counter/3/0/0/0,5334:1747647653622:,1747647660512
counter/5/0/0/0,5318:1747647653578:,1747647660512
counter/8/0/0/0,5511:1747647653356:,1747647660512
counter/1/0/0/0,5678:1747647654111:,1747647660512
counter/3/0/0/0,5335:1747647653622:,1747647660513
counter/3/0/0/0,5336:1747647653622:,1747647660513
counter/3/0/0/0,5337:1747647653622:,1747647660513
counter/3/0/0/0,5338:1747647653624:,1747647660513
counter/3/0/0/0,5339:1747647653624:,1747647660513
counter/3/0/0/0,5340:1747647653624:,1747647660513
counter/3/0/0/0,5341:1747647653624:,1747647660513
counter/10/0/0/0,4923:1747647653385:,1747647660514
counter/3/0/0/0,5342:1747647653624:,1747647660514
counter/6/0/0/0,4709:1747647653533:,1747647660514
counter/4/0/0/0,5506:1747647654100:,1747647660514
counter/3/0/0/0,5343:1747647653624:,1747647660514
counter/4/0/0/0,5507:1747647654100:,1747647660514
counter/2/0/0/0,4855:1747647652873:,1747647660514
counter/3/0/0/0,5344:1747647653624:,1747647660514
counter/4/0/0/0,5508:1747647654100:,1747647660514
counter/3/0/0/0,5345:1747647653624:,1747647660514
counter/4/0/0/0,5509:1747647654100:,1747647660514
counter/3/0/0/0,5346:1747647653624:,1747647660514
counter/4/0/0/0,5510:1747647654100:,1747647660514
counter/3/0/0/0,5347:1747647653624:,1747647660514
counter/4/0/0/0,5511:1747647654100:,1747647660514
counter/7/0/0/0,4984:1747647653364:,1747647660514
counter/3/0/0/0,5348:1747647653624:,1747647660514
counter/4/0/0/0,5512:1747647654100:,1747647660514
counter/9/0/0/0,5427:1747647653698:,1747647660514
counter/9/0/0/0,5428:1747647653698:,1747647660514
counter/9/0/0/0,5429:1747647653698:,1747647660514
counter/9/0/0/0,5430:1747647653698:,1747647660514
counter/6/0/0/0,4710:1747647653533:,1747647660514
counter/4/0/0/0,5513:1747647654100:,1747647660514
counter/7/0/0/0,4985:1747647653364:,1747647660514
counter/1/0/0/0,5679:1747647654111:,1747647660515
counter/9/0/0/0,5431:1747647653698:,1747647660515
counter/10/0/0/0,4924:1747647653385:,1747647660515
counter/6/0/0/0,4711:1747647653533:,1747647660515
counter/6/0/0/0,4712:1747647653533:,1747647660515
counter/6/0/0/0,4713:1747647653533:,1747647660515
counter/6/0/0/0,4714:1747647653565:,1747647660515
counter/6/0/0/0,4715:1747647653565:,1747647660515
counter/6/0/0/0,4716:1747647653565:,1747647660515
counter/5/0/0/0,5319:1747647653578:,1747647660515
counter/10/0/0/0,4925:1747647653385:,1747647660516
counter/10/0/0/0,4926:1747647653385:,1747647660516
counter/10/0/0/0,4927:1747647653385:,1747647660516
counter/6/0/0/0,4717:1747647653565:,1747647660516
counter/8/0/0/0,5512:1747647653358:,1747647660516
counter/8/0/0/0,5513:1747647653358:,1747647660516
counter/8/0/0/0,5514:1747647653364:,1747647660516
counter/5/0/0/0,5320:1747647653578:,1747647660517
counter/3/0/0/0,5349:1747647653624:,1747647660517
counter/3/0/0/0,5350:1747647653624:,1747647660517
counter/6/0/0/0,4718:1747647653565:,1747647660517
counter/10/0/0/0,4928:1747647653385:,1747647660517
counter/2/0/0/0,4856:1747647652873:,1747647660517
counter/5/0/0/0,5321:1747647653578:,1747647660517
counter/4/0/0/0,5514:1747647654100:,1747647660517
counter/5/0/0/0,5322:1747647653578:,1747647660517
counter/4/0/0/0,5515:1747647654100:,1747647660517
counter/10/0/0/0,4929:1747647653389:,1747647660519
counter/10/0/0/0,4930:1747647653389:,1747647660519
counter/10/0/0/0,4931:1747647653389:,1747647660519
counter/10/0/0/0,4932:1747647653389:,1747647660519
counter/10/0/0/0,4933:1747647653389:,1747647660519
counter/10/0/0/0,4934:1747647653389:,1747647660519
counter/10/0/0/0,4935:1747647653389:,1747647660519
counter/10/0/0/0,4936:1747647653389:,1747647660519
counter/9/0/0/0,5432:1747647653698:,1747647660519
counter/8/0/0/0,5515:1747647653364:,1747647660520
counter/9/0/0/0,5433:1747647653698:,1747647660520
counter/4/0/0/0,5516:1747647654100:,1747647660522
counter/4/0/0/0,5517:1747647654100:,1747647660522
counter/4/0/0/0,5518:1747647654112:,1747647660522
counter/4/0/0/0,5519:1747647654112:,1747647660522
counter/5/0/0/0,5323:1747647653578:,1747647660522
counter/10/0/0/0,4937:1747647653389:,1747647660523
counter/10/0/0/0,4938:1747647653389:,1747647660523
counter/10/0/0/0,4939:1747647653389:,1747647660523
counter/10/0/0/0,4940:1747647653389:,1747647660523
counter/10/0/0/0,4941:1747647653389:,1747647660523
counter/10/0/0/0,4942:1747647653389:,1747647660523
counter/1/0/0/0,5680:1747647654115:,1747647660523
counter/3/0/0/0,5351:1747647653624:,1747647660523
counter/4/0/0/0,5520:1747647654112:,1747647660523
counter/8/0/0/0,5516:1747647653364:,1747647660523
counter/7/0/0/0,4986:1747647653364:,1747647660523
counter/8/0/0/0,5517:1747647653364:,1747647660524
counter/9/0/0/0,5434:1747647653698:,1747647660524
counter/7/0/0/0,4987:1747647653364:,1747647660524
counter/1/0/0/0,5681:1747647654115:,1747647660524
counter/1/0/0/0,5682:1747647654115:,1747647660524
counter/3/0/0/0,5352:1747647653624:,1747647660524
counter/3/0/0/0,5353:1747647653625:,1747647660524
counter/3/0/0/0,5354:1747647653633:,1747647660524
counter/3/0/0/0,5355:1747647653636:,1747647660524
counter/3/0/0/0,5356:1747647653636:,1747647660524
counter/3/0/0/0,5357:1747647653636:,1747647660524
counter/2/0/0/0,4857:1747647652880:,1747647660525
counter/10/0/0/0,4943:1747647653389:,1747647660525
counter/1/0/0/0,5683:1747647654115:,1747647660525
counter/10/0/0/0,4944:1747647653389:,1747647660525
counter/4/0/0/0,5521:1747647654112:,1747647660525
counter/3/0/0/0,5358:1747647653636:,1747647660526
counter/2/0/0/0,4858:1747647652881:,1747647660527
counter/2/0/0/0,4859:1747647652881:,1747647660527
counter/2/0/0/0,4860:1747647652881:,1747647660527
counter/2/0/0/0,4861:1747647652881:,1747647660527
counter/2/0/0/0,4862:1747647652883:,1747647660527
counter/2/0/0/0,4863:1747647652883:,1747647660527
counter/5/0/0/0,5324:1747647653578:,1747647660527
counter/2/0/0/0,4864:1747647652883:,1747647660527
counter/5/0/0/0,5325:1747647653578:,1747647660527
counter/1/0/0/0,5684:1747647654115:,1747647660527
counter/1/0/0/0,5685:1747647654115:,1747647660527
counter/3/0/0/0,5359:1747647653640:,1747647660527
counter/3/0/0/0,5360:1747647653641:,1747647660527
counter/3/0/0/0,5361:1747647653641:,1747647660527
counter/3/0/0/0,5362:1747647653641:,1747647660527
counter/3/0/0/0,5363:1747647653641:,1747647660527
counter/3/0/0/0,5364:1747647653641:,1747647660527
counter/3/0/0/0,5365:1747647653641:,1747647660527
counter/6/0/0/0,4719:1747647653565:,1747647660528
counter/6/0/0/0,4720:1747647653565:,1747647660529
counter/10/0/0/0,4945:1747647653389:,1747647660529
counter/10/0/0/0,4946:1747647653389:,1747647660529
counter/10/0/0/0,4947:1747647653389:,1747647660529
counter/2/0/0/0,4865:1747647652883:,1747647660529
counter/2/0/0/0,4866:1747647652910:,1747647660529
counter/2/0/0/0,4867:1747647652911:,1747647660529
counter/2/0/0/0,4868:1747647652911:,1747647660529
counter/2/0/0/0,4869:1747647652911:,1747647660529
counter/2/0/0/0,4870:1747647652924:,1747647660529
counter/2/0/0/0,4871:1747647652924:,1747647660529
counter/5/0/0/0,5326:1747647653578:,1747647660529
counter/9/0/0/0,5435:1747647653698:,1747647660529
counter/5/0/0/0,5327:1747647653583:,1747647660530
counter/9/0/0/0,5436:1747647653702:,1747647660530
counter/5/0/0/0,5328:1747647653583:,1747647660530
counter/8/0/0/0,5518:1747647653364:,1747647660530
counter/2/0/0/0,4872:1747647652924:,1747647660530
counter/4/0/0/0,5522:1747647654112:,1747647660531
counter/4/0/0/0,5523:1747647654112:,1747647660531
counter/4/0/0/0,5524:1747647654112:,1747647660531
counter/4/0/0/0,5525:1747647654116:,1747647660531
counter/10/0/0/0,4948:1747647653390:,1747647660533
counter/9/0/0/0,5437:1747647653702:,1747647660533
counter/9/0/0/0,5438:1747647653702:,1747647660533
counter/9/0/0/0,5439:1747647653702:,1747647660533
counter/9/0/0/0,5440:1747647653702:,1747647660533
counter/9/0/0/0,5441:1747647653702:,1747647660534
counter/9/0/0/0,5442:1747647653702:,1747647660534
counter/8/0/0/0,5519:1747647653364:,1747647660534
counter/8/0/0/0,5520:1747647653364:,1747647660534
counter/10/0/0/0,4949:1747647653390:,1747647660534
counter/1/0/0/0,5686:1747647654115:,1747647660534
counter/1/0/0/0,5687:1747647654122:,1747647660534
counter/5/0/0/0,5329:1747647653583:,1747647660535
counter/4/0/0/0,5526:1747647654116:,1747647660535
counter/4/0/0/0,5527:1747647654116:,1747647660535
counter/4/0/0/0,5528:1747647654116:,1747647660535
counter/4/0/0/0,5529:1747647654116:,1747647660535
counter/4/0/0/0,5530:1747647654116:,1747647660535
counter/5/0/0/0,5330:1747647653583:,1747647660537
counter/1/0/0/0,5688:1747647654122:,1747647660537
counter/1/0/0/0,5689:1747647654124:,1747647660537
counter/1/0/0/0,5690:1747647654124:,1747647660537
counter/1/0/0/0,5691:1747647654124:,1747647660537
counter/1/0/0/0,5692:1747647654124:,1747647660537
counter/1/0/0/0,5693:1747647654124:,1747647660537
counter/1/0/0/0,5694:1747647654131:,1747647660537
counter/1/0/0/0,5695:1747647654131:,1747647660539
counter/3/0/0/0,5366:1747647653641:,1747647660539
counter/7/0/0/0,4988:1747647653364:,1747647660539
counter/8/0/0/0,5521:1747647653364:,1747647660540
counter/7/0/0/0,4989:1747647653364:,1747647660540
counter/7/0/0/0,4990:1747647653364:,1747647660540
counter/7/0/0/0,4991:1747647653366:,1747647660540
counter/7/0/0/0,4992:1747647653366:,1747647660540
counter/7/0/0/0,4993:1747647653366:,1747647660540
counter/7/0/0/0,4994:1747647653366:,1747647660540
counter/7/0/0/0,4995:1747647653366:,1747647660540
counter/7/0/0/0,4996:1747647653366:,1747647660540
counter/7/0/0/0,4997:1747647653366:,1747647660540
counter/9/0/0/0,5443:1747647653702:,1747647660540
counter/9/0/0/0,5444:1747647653702:,1747647660540
counter/9/0/0/0,5445:1747647653702:,1747647660540
counter/9/0/0/0,5446:1747647653702:,1747647660540
counter/9/0/0/0,5447:1747647653702:,1747647660540
counter/6/0/0/0,4721:1747647653565:,1747647660540
counter/6/0/0/0,4722:1747647653565:,1747647660540
counter/6/0/0/0,4723:1747647653574:,1747647660540
counter/4/0/0/0,5531:1747647654116:,1747647660541
counter/4/0/0/0,5532:1747647654117:,1747647660541
counter/5/0/0/0,5331:1747647653583:,1747647660541
counter/1/0/0/0,5696:1747647654131:,1747647660541
counter/5/0/0/0,5332:1747647653583:,1747647660541
counter/10/0/0/0,4950:1747647653390:,1747647660542
counter/10/0/0/0,4951:1747647653390:,1747647660542
counter/10/0/0/0,4952:1747647653390:,1747647660542
counter/10/0/0/0,4953:1747647653390:,1747647660542
counter/10/0/0/0,4954:1747647653390:,1747647660542
counter/10/0/0/0,4955:1747647653390:,1747647660542
counter/10/0/0/0,4956:1747647653390:,1747647660542
counter/10/0/0/0,4957:1747647653390:,1747647660542
counter/10/0/0/0,4958:1747647653390:,1747647660542
counter/10/0/0/0,4959:1747647653390:,1747647660542
counter/9/0/0/0,5448:1747647653711:,1747647660542
counter/6/0/0/0,4724:1747647653574:,1747647660542
counter/10/0/0/0,4960:1747647653390:,1747647660543
counter/10/0/0/0,4961:1747647653390:,1747647660543
counter/10/0/0/0,4962:1747647653390:,1747647660543
counter/10/0/0/0,4963:1747647653390:,1747647660543
counter/10/0/0/0,4964:1747647653390:,1747647660543
counter/10/0/0/0,4965:1747647653390:,1747647660543
counter/1/0/0/0,5697:1747647654131:,1747647660543
counter/9/0/0/0,5449:1747647653711:,1747647660543
counter/1/0/0/0,5698:1747647654131:,1747647660544
counter/1/0/0/0,5699:1747647654131:,1747647660544
counter/1/0/0/0,5700:1747647654131:,1747647660544
counter/1/0/0/0,5701:1747647654131:,1747647660544
counter/1/0/0/0,5702:1747647654131:,1747647660544
counter/1/0/0/0,5703:1747647654131:,1747647660544
counter/1/0/0/0,5704:1747647654131:,1747647660544
counter/9/0/0/0,5450:1747647653711:,1747647660544
counter/9/0/0/0,5451:1747647653711:,1747647660544
counter/9/0/0/0,5452:1747647653711:,1747647660544
counter/9/0/0/0,5453:1747647653711:,1747647660544
counter/6/0/0/0,4725:1747647653574:,1747647660544
counter/7/0/0/0,4998:1747647653366:,1747647660544
counter/8/0/0/0,5522:1747647653364:,1747647660544
counter/10/0/0/0,4966:1747647653390:,1747647660544
counter/3/0/0/0,5367:1747647653641:,1747647660544
counter/4/0/0/0,5533:1747647654117:,1747647660544
counter/4/0/0/0,5534:1747647654118:,1747647660545
counter/4/0/0/0,5535:1747647654118:,1747647660545
counter/4/0/0/0,5536:1747647654118:,1747647660545
counter/4/0/0/0,5537:1747647654118:,1747647660545
counter/4/0/0/0,5538:1747647654118:,1747647660545
counter/4/0/0/0,5539:1747647654118:,1747647660545
counter/4/0/0/0,5540:1747647654124:,1747647660545
counter/4/0/0/0,5541:1747647654124:,1747647660545
counter/4/0/0/0,5542:1747647654124:,1747647660545
counter/4/0/0/0,5543:1747647654124:,1747647660545
counter/5/0/0/0,5333:1747647653583:,1747647660545
counter/5/0/0/0,5334:1747647653583:,1747647660545
counter/10/0/0/0,4967:1747647653390:,1747647660545
counter/3/0/0/0,5368:1747647653641:,1747647660545
counter/7/0/0/0,4999:1747647653367:,1747647660545
counter/3/0/0/0,5369:1747647653641:,1747647660545
counter/5/0/0/0,5335:1747647653591:,1747647660546
counter/2/0/0/0,4873:1747647652927:,1747647660546
counter/3/0/0/0,5370:1747647653641:,1747647660546
counter/3/0/0/0,5371:1747647653641:,1747647660546
counter/3/0/0/0,5372:1747647653641:,1747647660546
counter/3/0/0/0,5373:1747647653660:,1747647660546
counter/3/0/0/0,5374:1747647653661:,1747647660546
counter/3/0/0/0,5375:1747647653661:,1747647660546
counter/6/0/0/0,4726:1747647653574:,1747647660546
counter/3/0/0/0,5376:1747647653661:,1747647660546
counter/1/0/0/0,5705:1747647654131:,1747647660547
counter/1/0/0/0,5706:1747647654133:,1747647660547
counter/1/0/0/0,5707:1747647654133:,1747647660547
counter/9/0/0/0,5454:1747647653711:,1747647660547
counter/9/0/0/0,5455:1747647653711:,1747647660547
counter/9/0/0/0,5456:1747647653711:,1747647660547
counter/9/0/0/0,5457:1747647653711:,1747647660547
counter/9/0/0/0,5458:1747647653713:,1747647660547
counter/7/0/0/0,5000:1747647653367:,1747647660548
counter/7/0/0/0,5001:1747647653367:,1747647660548
counter/7/0/0/0,5002:1747647653367:,1747647660548
counter/7/0/0/0,5003:1747647653367:,1747647660548
counter/7/0/0/0,5004:1747647653367:,1747647660548
counter/7/0/0/0,5005:1747647653367:,1747647660548
counter/7/0/0/0,5006:1747647653367:,1747647660548
counter/3/0/0/0,5377:1747647653661:,1747647660548
counter/2/0/0/0,4874:1747647652927:,1747647660548
counter/2/0/0/0,4875:1747647652927:,1747647660549
counter/2/0/0/0,4876:1747647652927:,1747647660549
counter/9/0/0/0,5459:1747647653713:,1747647660549
counter/10/0/0/0,4968:1747647653390:,1747647660549
counter/10/0/0/0,4969:1747647653390:,1747647660549
counter/10/0/0/0,4970:1747647653390:,1747647660550
counter/10/0/0/0,4971:1747647653390:,1747647660550
counter/8/0/0/0,5523:1747647653364:,1747647660550
counter/3/0/0/0,5378:1747647653661:,1747647660551
counter/2/0/0/0,4877:1747647652927:,1747647660551
counter/2/0/0/0,4878:1747647652927:,1747647660551
counter/2/0/0/0,4879:1747647652927:,1747647660551
counter/2/0/0/0,4880:1747647652928:,1747647660551
counter/2/0/0/0,4881:1747647652928:,1747647660551
counter/2/0/0/0,4882:1747647652928:,1747647660552
counter/2/0/0/0,4883:1747647652933:,1747647660552
counter/2/0/0/0,4884:1747647652933:,1747647660552
counter/2/0/0/0,4885:1747647652933:,1747647660552
counter/10/0/0/0,4972:1747647653390:,1747647660552
counter/10/0/0/0,4973:1747647653390:,1747647660552
counter/10/0/0/0,4974:1747647653390:,1747647660552
counter/10/0/0/0,4975:1747647653390:,1747647660553
counter/10/0/0/0,4976:1747647653390:,1747647660553
counter/10/0/0/0,4977:1747647653424:,1747647660553
counter/10/0/0/0,4978:1747647653426:,1747647660553
counter/10/0/0/0,4979:1747647653426:,1747647660553
counter/10/0/0/0,4980:1747647653426:,1747647660553
counter/10/0/0/0,4981:1747647653426:,1747647660553
counter/10/0/0/0,4982:1747647653426:,1747647660553
counter/10/0/0/0,4983:1747647653426:,1747647660553
counter/10/0/0/0,4984:1747647653426:,1747647660553
counter/10/0/0/0,4985:1747647653426:,1747647660553
counter/8/0/0/0,5524:1747647653364:,1747647660553
counter/9/0/0/0,5460:1747647653713:,1747647660554
counter/9/0/0/0,5461:1747647653713:,1747647660554
counter/9/0/0/0,5462:1747647653713:,1747647660554
counter/9/0/0/0,5463:1747647653713:,1747647660554
counter/8/0/0/0,5525:1747647653364:,1747647660554
counter/9/0/0/0,5464:1747647653713:,1747647660556
counter/1/0/0/0,5708:1747647654133:,1747647660556
counter/8/0/0/0,5526:1747647653364:,1747647660556
counter/8/0/0/0,5527:1747647653365:,1747647660557
counter/8/0/0/0,5528:1747647653365:,1747647660557
counter/8/0/0/0,5529:1747647653371:,1747647660557
counter/8/0/0/0,5530:1747647653371:,1747647660557
counter/1/0/0/0,5709:1747647654133:,1747647660557
counter/8/0/0/0,5531:1747647653371:,1747647660557
counter/1/0/0/0,5710:1747647654143:,1747647660557
counter/6/0/0/0,4727:1747647653574:,1747647660557
counter/6/0/0/0,4728:1747647653574:,1747647660557
counter/6/0/0/0,4729:1747647653574:,1747647660557
counter/6/0/0/0,4730:1747647653576:,1747647660557
counter/6/0/0/0,4731:1747647653576:,1747647660557
counter/6/0/0/0,4732:1747647653576:,1747647660557
counter/6/0/0/0,4733:1747647653576:,1747647660557
counter/6/0/0/0,4734:1747647653590:,1747647660557
counter/6/0/0/0,4735:1747647653590:,1747647660557
counter/6/0/0/0,4736:1747647653590:,1747647660557
counter/6/0/0/0,4737:1747647653590:,1747647660557
counter/6/0/0/0,4738:1747647653590:,1747647660557
counter/6/0/0/0,4739:1747647653590:,1747647660557
counter/5/0/0/0,5336:1747647653591:,1747647660557
counter/5/0/0/0,5337:1747647653591:,1747647660557
counter/2/0/0/0,4886:1747647652937:,1747647660557
counter/5/0/0/0,5338:1747647653598:,1747647660558
counter/10/0/0/0,4986:1747647653426:,1747647660558
counter/10/0/0/0,4987:1747647653426:,1747647660558
counter/10/0/0/0,4988:1747647653426:,1747647660558
counter/10/0/0/0,4989:1747647653426:,1747647660558
counter/10/0/0/0,4990:1747647653426:,1747647660558
counter/10/0/0/0,4991:1747647653435:,1747647660558
counter/10/0/0/0,4992:1747647653435:,1747647660558
counter/10/0/0/0,4993:1747647653435:,1747647660559
counter/10/0/0/0,4994:1747647653435:,1747647660559
counter/9/0/0/0,5465:1747647653723:,1747647660559
counter/9/0/0/0,5466:1747647653723:,1747647660559
counter/9/0/0/0,5467:1747647653723:,1747647660559
counter/2/0/0/0,4887:1747647652937:,1747647660559
counter/5/0/0/0,5339:1747647653598:,1747647660560
counter/5/0/0/0,5340:1747647653598:,1747647660560
counter/5/0/0/0,5341:1747647653598:,1747647660560
counter/5/0/0/0,5342:1747647653598:,1747647660560
counter/4/0/0/0,5544:1747647654124:,1747647660560
counter/10/0/0/0,4995:1747647653435:,1747647660561
counter/5/0/0/0,5343:1747647653598:,1747647660561
counter/7/0/0/0,5007:1747647653367:,1747647660561
counter/5/0/0/0,5344:1747647653598:,1747647660561
counter/8/0/0/0,5532:1747647653372:,1747647660561
counter/8/0/0/0,5533:1747647653372:,1747647660562
counter/8/0/0/0,5534:1747647653372:,1747647660562
counter/8/0/0/0,5535:1747647653372:,1747647660562
counter/8/0/0/0,5536:1747647653372:,1747647660562
counter/8/0/0/0,5537:1747647653373:,1747647660562
counter/8/0/0/0,5538:1747647653373:,1747647660562
counter/8/0/0/0,5539:1747647653373:,1747647660562
counter/8/0/0/0,5540:1747647653373:,1747647660562
counter/8/0/0/0,5541:1747647653373:,1747647660563
counter/8/0/0/0,5542:1747647653373:,1747647660563
counter/8/0/0/0,5543:1747647653373:,1747647660563
counter/8/0/0/0,5544:1747647653395:,1747647660563
counter/8/0/0/0,5545:1747647653395:,1747647660563
counter/8/0/0/0,5546:1747647653395:,1747647660563
counter/8/0/0/0,5547:1747647653395:,1747647660563
counter/8/0/0/0,5548:1747647653395:,1747647660563
counter/8/0/0/0,5549:1747647653395:,1747647660563
counter/4/0/0/0,5545:1747647654124:,1747647660563
counter/4/0/0/0,5546:1747647654124:,1747647660563
counter/2/0/0/0,4888:1747647652947:,1747647660563
counter/2/0/0/0,4889:1747647652947:,1747647660563
counter/2/0/0/0,4890:1747647652947:,1747647660563
counter/2/0/0/0,4891:1747647652947:,1747647660563
counter/2/0/0/0,4892:1747647652947:,1747647660563
counter/2/0/0/0,4893:1747647652947:,1747647660563
counter/2/0/0/0,4894:1747647652947:,1747647660563
counter/4/0/0/0,5547:1747647654124:,1747647660564
counter/4/0/0/0,5548:1747647654124:,1747647660564
counter/4/0/0/0,5549:1747647654124:,1747647660564
counter/4/0/0/0,5550:1747647654124:,1747647660564
counter/4/0/0/0,5551:1747647654124:,1747647660564
counter/4/0/0/0,5552:1747647654124:,1747647660564
counter/6/0/0/0,4740:1747647653590:,1747647660564
counter/4/0/0/0,5553:1747647654124:,1747647660564
counter/8/0/0/0,5550:1747647653395:,1747647660565
counter/8/0/0/0,5551:1747647653395:,1747647660565
counter/4/0/0/0,5554:1747647654124:,1747647660565
counter/4/0/0/0,5555:1747647654125:,1747647660565
counter/4/0/0/0,5556:1747647654125:,1747647660566
counter/4/0/0/0,5557:1747647654125:,1747647660566
counter/4/0/0/0,5558:1747647654125:,1747647660566
counter/4/0/0/0,5559:1747647654130:,1747647660566
counter/4/0/0/0,5560:1747647654132:,1747647660566
counter/4/0/0/0,5561:1747647654132:,1747647660566
counter/4/0/0/0,5562:1747647654132:,1747647660566
counter/10/0/0/0,4996:1747647653435:,1747647660566
counter/10/0/0/0,4997:1747647653435:,1747647660566
counter/10/0/0/0,4998:1747647653435:,1747647660566
counter/1/0/0/0,5711:1747647654150:,1747647660566
counter/10/0/0/0,4999:1747647653435:,1747647660566
counter/1/0/0/0,5712:1747647654156:,1747647660567
counter/1/0/0/0,5713:1747647654156:,1747647660567
counter/1/0/0/0,5714:1747647654156:,1747647660567
counter/1/0/0/0,5715:1747647654156:,1747647660567
counter/1/0/0/0,5716:1747647654156:,1747647660567
counter/1/0/0/0,5717:1747647654156:,1747647660567
counter/1/0/0/0,5718:1747647654156:,1747647660567
counter/3/0/0/0,5379:1747647653661:,1747647660567
counter/8/0/0/0,5552:1747647653397:,1747647660567
counter/3/0/0/0,5380:1747647653661:,1747647660568
counter/3/0/0/0,5381:1747647653661:,1747647660568
counter/3/0/0/0,5382:1747647653661:,1747647660568
counter/3/0/0/0,5383:1747647653661:,1747647660568
counter/3/0/0/0,5384:1747647653661:,1747647660568
counter/3/0/0/0,5385:1747647653661:,1747647660568
counter/6/0/0/0,4741:1747647653590:,1747647660568
counter/7/0/0/0,5008:1747647653374:,1747647660568
counter/6/0/0/0,4742:1747647653590:,1747647660568
counter/7/0/0/0,5009:1747647653382:,1747647660568
counter/7/0/0/0,5010:1747647653382:,1747647660568
counter/2/0/0/0,4895:1747647652947:,1747647660568
counter/2/0/0/0,4896:1747647652947:,1747647660569
counter/2/0/0/0,4897:1747647652947:,1747647660569
counter/2/0/0/0,4898:1747647652947:,1747647660569
counter/2/0/0/0,4899:1747647652947:,1747647660569
counter/2/0/0/0,4900:1747647652954:,1747647660569
counter/2/0/0/0,4901:1747647652954:,1747647660569
counter/2/0/0/0,4902:1747647652954:,1747647660569
counter/2/0/0/0,4903:1747647652954:,1747647660569
counter/2/0/0/0,4904:1747647652954:,1747647660569
counter/2/0/0/0,4905:1747647652954:,1747647660569
counter/2/0/0/0,4906:1747647652970:,1747647660569
counter/2/0/0/0,4907:1747647652970:,1747647660569
counter/2/0/0/0,4908:1747647652970:,1747647660569
counter/2/0/0/0,4909:1747647652970:,1747647660569
counter/1/0/0/0,5719:1747647654156:,1747647660569
counter/5/0/0/0,5345:1747647653598:,1747647660569
counter/8/0/0/0,5553:1747647653397:,1747647660569
counter/8/0/0/0,5554:1747647653397:,1747647660569
counter/8/0/0/0,5555:1747647653397:,1747647660569
counter/8/0/0/0,5556:1747647653397:,1747647660569
counter/3/0/0/0,5386:1747647653661:,1747647660569
counter/3/0/0/0,5387:1747647653661:,1747647660569
counter/10/0/0/0,5000:1747647653435:,1747647660569
counter/6/0/0/0,4743:1747647653590:,1747647660570
counter/10/0/0/0,5001:1747647653435:,1747647660570
counter/10/0/0/0,5002:1747647653435:,1747647660570
counter/10/0/0/0,5003:1747647653435:,1747647660570
counter/10/0/0/0,5004:1747647653435:,1747647660570
counter/10/0/0/0,5005:1747647653435:,1747647660570
counter/10/0/0/0,5006:1747647653442:,1747647660570
counter/10/0/0/0,5007:1747647653442:,1747647660570
counter/10/0/0/0,5008:1747647653442:,1747647660570
counter/10/0/0/0,5009:1747647653442:,1747647660570
counter/10/0/0/0,5010:1747647653442:,1747647660570
counter/10/0/0/0,5011:1747647653442:,1747647660570
counter/10/0/0/0,5012:1747647653442:,1747647660570
counter/10/0/0/0,5013:1747647653442:,1747647660570
counter/10/0/0/0,5014:1747647653442:,1747647660570
counter/10/0/0/0,5015:1747647653442:,1747647660570
counter/10/0/0/0,5016:1747647653445:,1747647660570
counter/3/0/0/0,5388:1747647653683:,1747647660570
counter/6/0/0/0,4744:1747647653590:,1747647660570
counter/8/0/0/0,5557:1747647653397:,1747647660570
counter/8/0/0/0,5558:1747647653397:,1747647660570
counter/8/0/0/0,5559:1747647653397:,1747647660570
counter/9/0/0/0,5468:1747647653723:,1747647660570
counter/10/0/0/0,5017:1747647653445:,1747647660570
counter/9/0/0/0,5469:1747647653723:,1747647660571
counter/9/0/0/0,5470:1747647653723:,1747647660571
counter/7/0/0/0,5011:1747647653382:,1747647660571
counter/7/0/0/0,5012:1747647653382:,1747647660571
counter/7/0/0/0,5013:1747647653382:,1747647660571
counter/7/0/0/0,5014:1747647653382:,1747647660571
counter/7/0/0/0,5015:1747647653382:,1747647660571
counter/6/0/0/0,4745:1747647653590:,1747647660571
counter/5/0/0/0,5346:1747647653598:,1747647660571
counter/3/0/0/0,5389:1747647653684:,1747647660571
counter/5/0/0/0,5347:1747647653598:,1747647660571
counter/3/0/0/0,5390:1747647653684:,1747647660571
counter/10/0/0/0,5018:1747647653445:,1747647660573
counter/10/0/0/0,5019:1747647653445:,1747647660573
counter/9/0/0/0,5471:1747647653723:,1747647660573
counter/9/0/0/0,5472:1747647653737:,1747647660573
counter/9/0/0/0,5473:1747647653737:,1747647660573
counter/1/0/0/0,5720:1747647654156:,1747647660574
counter/5/0/0/0,5348:1747647653598:,1747647660574
counter/3/0/0/0,5391:1747647653684:,1747647660575
counter/3/0/0/0,5392:1747647653684:,1747647660575
counter/3/0/0/0,5393:1747647653684:,1747647660575
counter/3/0/0/0,5394:1747647653684:,1747647660575
counter/3/0/0/0,5395:1747647653695:,1747647660575
counter/3/0/0/0,5396:1747647653695:,1747647660575
counter/3/0/0/0,5397:1747647653695:,1747647660575
counter/3/0/0/0,5398:1747647653695:,1747647660575
counter/3/0/0/0,5399:1747647653695:,1747647660575
counter/3/0/0/0,5400:1747647653695:,1747647660575
counter/9/0/0/0,5474:1747647653737:,1747647660575
counter/2/0/0/0,4910:1747647652970:,1747647660575
counter/9/0/0/0,5475:1747647653738:,1747647660575
counter/4/0/0/0,5563:1747647654132:,1747647660575
counter/4/0/0/0,5564:1747647654141:,1747647660575
counter/4/0/0/0,5565:1747647654141:,1747647660575
counter/4/0/0/0,5566:1747647654141:,1747647660575
counter/4/0/0/0,5567:1747647654141:,1747647660575
counter/5/0/0/0,5349:1747647653598:,1747647660575
counter/3/0/0/0,5401:1747647653695:,1747647660576
counter/10/0/0/0,5020:1747647653445:,1747647660577
counter/10/0/0/0,5021:1747647653445:,1747647660577
counter/10/0/0/0,5022:1747647653448:,1747647660577
counter/10/0/0/0,5023:1747647653448:,1747647660577
counter/10/0/0/0,5024:1747647653449:,1747647660577
counter/6/0/0/0,4746:1747647653590:,1747647660577
counter/10/0/0/0,5025:1747647653456:,1747647660578
counter/10/0/0/0,5026:1747647653456:,1747647660578
counter/10/0/0/0,5027:1747647653456:,1747647660578
counter/10/0/0/0,5028:1747647653456:,1747647660578
counter/10/0/0/0,5029:1747647653456:,1747647660578
counter/10/0/0/0,5030:1747647653456:,1747647660578
counter/10/0/0/0,5031:1747647653456:,1747647660578
counter/5/0/0/0,5350:1747647653598:,1747647660578
counter/5/0/0/0,5351:1747647653600:,1747647660578
counter/5/0/0/0,5352:1747647653600:,1747647660578
counter/4/0/0/0,5568:1747647654141:,1747647660578
counter/6/0/0/0,4747:1747647653590:,1747647660578
counter/1/0/0/0,5721:1747647654156:,1747647660578
counter/1/0/0/0,5722:1747647654157:,1747647660578
counter/1/0/0/0,5723:1747647654157:,1747647660578
counter/1/0/0/0,5724:1747647654157:,1747647660578
counter/1/0/0/0,5725:1747647654157:,1747647660578
counter/1/0/0/0,5726:1747647654157:,1747647660578
counter/10/0/0/0,5032:1747647653456:,1747647660579
counter/10/0/0/0,5033:1747647653456:,1747647660579
counter/10/0/0/0,5034:1747647653456:,1747647660579
counter/10/0/0/0,5035:1747647653456:,1747647660579
counter/10/0/0/0,5036:1747647653456:,1747647660579
counter/10/0/0/0,5037:1747647653456:,1747647660579
counter/2/0/0/0,4911:1747647652970:,1747647660579
counter/2/0/0/0,4912:1747647652970:,1747647660579
counter/2/0/0/0,4913:1747647652970:,1747647660579
counter/2/0/0/0,4914:1747647652970:,1747647660579
counter/2/0/0/0,4915:1747647653002:,1747647660579
counter/2/0/0/0,4916:1747647653002:,1747647660579
counter/2/0/0/0,4917:1747647653002:,1747647660579
counter/2/0/0/0,4918:1747647653002:,1747647660579
counter/2/0/0/0,4919:1747647653004:,1747647660579
counter/2/0/0/0,4920:1747647653010:,1747647660579
counter/2/0/0/0,4921:1747647653010:,1747647660579
counter/2/0/0/0,4922:1747647653010:,1747647660579
counter/2/0/0/0,4923:1747647653010:,1747647660579
counter/2/0/0/0,4924:1747647653010:,1747647660579
counter/2/0/0/0,4925:1747647653010:,1747647660579
counter/2/0/0/0,4926:1747647653010:,1747647660579
counter/9/0/0/0,5476:1747647653738:,1747647660579
counter/3/0/0/0,5402:1747647653695:,1747647660580
counter/5/0/0/0,5353:1747647653600:,1747647660581
counter/5/0/0/0,5354:1747647653605:,1747647660581
counter/5/0/0/0,5355:1747647653605:,1747647660581
counter/5/0/0/0,5356:1747647653606:,1747647660581
counter/9/0/0/0,5477:1747647653738:,1747647660581
counter/9/0/0/0,5478:1747647653738:,1747647660581
counter/9/0/0/0,5479:1747647653738:,1747647660581
counter/9/0/0/0,5480:1747647653738:,1747647660581
counter/3/0/0/0,5403:1747647653716:,1747647660581
counter/5/0/0/0,5357:1747647653606:,1747647660582
counter/9/0/0/0,5481:1747647653738:,1747647660582
counter/9/0/0/0,5482:1747647653738:,1747647660582
counter/3/0/0/0,5404:1747647653717:,1747647660582
counter/8/0/0/0,5560:1747647653398:,1747647660583
counter/1/0/0/0,5727:1747647654157:,1747647660583
counter/1/0/0/0,5728:1747647654157:,1747647660583
counter/1/0/0/0,5729:1747647654157:,1747647660583
counter/1/0/0/0,5730:1747647654157:,1747647660583
counter/1/0/0/0,5731:1747647654157:,1747647660583
counter/6/0/0/0,4748:1747647653591:,1747647660583
counter/3/0/0/0,5405:1747647653717:,1747647660584
counter/3/0/0/0,5406:1747647653717:,1747647660584
counter/3/0/0/0,5407:1747647653717:,1747647660584
counter/3/0/0/0,5408:1747647653719:,1747647660584
counter/3/0/0/0,5409:1747647653720:,1747647660584
counter/3/0/0/0,5410:1747647653720:,1747647660584
counter/3/0/0/0,5411:1747647653720:,1747647660584
counter/10/0/0/0,5038:1747647653456:,1747647660584
counter/9/0/0/0,5483:1747647653738:,1747647660584
counter/5/0/0/0,5358:1747647653606:,1747647660584
counter/1/0/0/0,5732:1747647654157:,1747647660585
counter/5/0/0/0,5359:1747647653606:,1747647660585
counter/1/0/0/0,5733:1747647654158:,1747647660585
counter/9/0/0/0,5484:1747647653738:,1747647660585
counter/9/0/0/0,5485:1747647653744:,1747647660585
counter/9/0/0/0,5486:1747647653744:,1747647660585
counter/9/0/0/0,5487:1747647653745:,1747647660586
counter/1/0/0/0,5734:1747647654158:,1747647660586
counter/9/0/0/0,5488:1747647653745:,1747647660586
counter/9/0/0/0,5489:1747647653745:,1747647660586
counter/5/0/0/0,5360:1747647653606:,1747647660586
counter/3/0/0/0,5412:1747647653725:,1747647660586
counter/4/0/0/0,5569:1747647654141:,1747647660586
counter/1/0/0/0,5735:1747647654158:,1747647660586
counter/1/0/0/0,5736:1747647654158:,1747647660586
counter/1/0/0/0,5737:1747647654158:,1747647660586
counter/1/0/0/0,5738:1747647654158:,1747647660587
counter/5/0/0/0,5361:1747647653606:,1747647660587
counter/5/0/0/0,5362:1747647653606:,1747647660587
counter/5/0/0/0,5363:1747647653610:,1747647660587
counter/10/0/0/0,5039:1747647653456:,1747647660587
counter/4/0/0/0,5570:1747647654141:,1747647660587
counter/3/0/0/0,5413:1747647653725:,1747647660587
counter/3/0/0/0,5414:1747647653725:,1747647660587
counter/1/0/0/0,5739:1747647654158:,1747647660587
counter/1/0/0/0,5740:1747647654158:,1747647660587
counter/1/0/0/0,5741:1747647654158:,1747647660587
counter/1/0/0/0,5742:1747647654158:,1747647660587
counter/1/0/0/0,5743:1747647654158:,1747647660588
counter/9/0/0/0,5490:1747647653745:,1747647660588
counter/2/0/0/0,4927:1747647653010:,1747647660588
counter/9/0/0/0,5491:1747647653745:,1747647660588
counter/9/0/0/0,5492:1747647653745:,1747647660588
counter/9/0/0/0,5493:1747647653745:,1747647660588
counter/9/0/0/0,5494:1747647653745:,1747647660588
counter/9/0/0/0,5495:1747647653745:,1747647660589
counter/5/0/0/0,5364:1747647653610:,1747647660589
counter/5/0/0/0,5365:1747647653610:,1747647660589
counter/8/0/0/0,5561:1747647653398:,1747647660590
counter/4/0/0/0,5571:1747647654141:,1747647660590
counter/3/0/0/0,5415:1747647653725:,1747647660590
counter/3/0/0/0,5416:1747647653725:,1747647660591
counter/3/0/0/0,5417:1747647653725:,1747647660591
counter/3/0/0/0,5418:1747647653725:,1747647660591
counter/3/0/0/0,5419:1747647653725:,1747647660591
counter/1/0/0/0,5744:1747647654158:,1747647660591
counter/1/0/0/0,5745:1747647654158:,1747647660591
counter/1/0/0/0,5746:1747647654158:,1747647660591
counter/9/0/0/0,5496:1747647653745:,1747647660591
counter/4/0/0/0,5572:1747647654141:,1747647660592
counter/4/0/0/0,5573:1747647654141:,1747647660592
counter/4/0/0/0,5574:1747647654141:,1747647660592
counter/4/0/0/0,5575:1747647654141:,1747647660592
counter/4/0/0/0,5576:1747647654141:,1747647660592
counter/4/0/0/0,5577:1747647654142:,1747647660592
counter/4/0/0/0,5578:1747647654142:,1747647660593
counter/4/0/0/0,5579:1747647654142:,1747647660593
counter/9/0/0/0,5497:1747647653745:,1747647660593
counter/8/0/0/0,5562:1747647653398:,1747647660593
counter/8/0/0/0,5563:1747647653398:,1747647660593
counter/4/0/0/0,5580:1747647654142:,1747647660594
counter/1/0/0/0,5747:1747647654158:,1747647660594
counter/10/0/0/0,5040:1747647653460:,1747647660594
counter/4/0/0/0,5581:1747647654142:,1747647660594
counter/4/0/0/0,5582:1747647654150:,1747647660594
counter/4/0/0/0,5583:1747647654155:,1747647660594
counter/9/0/0/0,5498:1747647653745:,1747647660594
counter/9/0/0/0,5499:1747647653747:,1747647660594
counter/9/0/0/0,5500:1747647653760:,1747647660594
counter/7/0/0/0,5016:1747647653382:,1747647660594
counter/7/0/0/0,5017:1747647653382:,1747647660594
counter/3/0/0/0,5420:1747647653727:,1747647660594
counter/6/0/0/0,4749:1747647653597:,1747647660594
counter/3/0/0/0,5421:1747647653727:,1747647660594
counter/3/0/0/0,5422:1747647653727:,1747647660595
counter/3/0/0/0,5423:1747647653727:,1747647660595
counter/7/0/0/0,5018:1747647653382:,1747647660596
counter/7/0/0/0,5019:1747647653383:,1747647660596
counter/6/0/0/0,4750:1747647653597:,1747647660596
counter/3/0/0/0,5424:1747647653727:,1747647660596
counter/3/0/0/0,5425:1747647653728:,1747647660596
counter/3/0/0/0,5426:1747647653728:,1747647660596
counter/3/0/0/0,5427:1747647653728:,1747647660596
counter/3/0/0/0,5428:1747647653728:,1747647660596
counter/8/0/0/0,5564:1747647653411:,1747647660596
counter/5/0/0/0,5366:1747647653611:,1747647660597
counter/8/0/0/0,5565:1747647653416:,1747647660597
counter/5/0/0/0,5367:1747647653612:,1747647660597
counter/10/0/0/0,5041:1747647653460:,1747647660597
counter/3/0/0/0,5429:1747647653728:,1747647660597
counter/3/0/0/0,5430:1747647653733:,1747647660597
counter/4/0/0/0,5584:1747647654155:,1747647660597
counter/9/0/0/0,5501:1747647653761:,1747647660600
counter/3/0/0/0,5431:1747647653733:,1747647660600
counter/3/0/0/0,5432:1747647653733:,1747647660600
counter/3/0/0/0,5433:1747647653733:,1747647660600
counter/3/0/0/0,5434:1747647653733:,1747647660600
counter/3/0/0/0,5435:1747647653733:,1747647660600
counter/3/0/0/0,5436:1747647653733:,1747647660600
counter/3/0/0/0,5437:1747647653733:,1747647660600
counter/3/0/0/0,5438:1747647653733:,1747647660600
counter/3/0/0/0,5439:1747647653733:,1747647660601
counter/9/0/0/0,5502:1747647653761:,1747647660601
counter/9/0/0/0,5503:1747647653761:,1747647660601
counter/9/0/0/0,5504:1747647653761:,1747647660601
counter/9/0/0/0,5505:1747647653761:,1747647660601
counter/1/0/0/0,5748:1747647654158:,1747647660601
counter/7/0/0/0,5020:1747647653383:,1747647660601
counter/5/0/0/0,5368:1747647653612:,1747647660601
counter/5/0/0/0,5369:1747647653612:,1747647660601
counter/8/0/0/0,5566:1747647653416:,1747647660601
counter/8/0/0/0,5567:1747647653416:,1747647660601
counter/10/0/0/0,5042:1747647653460:,1747647660601
counter/6/0/0/0,4751:1747647653597:,1747647660602
counter/9/0/0/0,5506:1747647653761:,1747647660602
counter/9/0/0/0,5507:1747647653761:,1747647660602
counter/9/0/0/0,5508:1747647653761:,1747647660602
counter/9/0/0/0,5509:1747647653761:,1747647660602
counter/9/0/0/0,5510:1747647653761:,1747647660602
counter/9/0/0/0,5511:1747647653761:,1747647660602
counter/1/0/0/0,5749:1747647654158:,1747647660602
counter/4/0/0/0,5585:1747647654155:,1747647660602
counter/3/0/0/0,5440:1747647653733:,1747647660602
counter/2/0/0/0,4928:1747647653013:,1747647660603
counter/2/0/0/0,4929:1747647653014:,1747647660603
counter/9/0/0/0,5512:1747647653761:,1747647660603
counter/4/0/0/0,5586:1747647654155:,1747647660603
counter/6/0/0/0,4752:1747647653597:,1747647660603
counter/2/0/0/0,4930:1747647653014:,1747647660603
counter/6/0/0/0,4753:1747647653597:,1747647660604
counter/6/0/0/0,4754:1747647653597:,1747647660604
counter/6/0/0/0,4755:1747647653603:,1747647660604
counter/6/0/0/0,4756:1747647653603:,1747647660604
counter/6/0/0/0,4757:1747647653603:,1747647660605
counter/2/0/0/0,4931:1747647653014:,1747647660605
counter/6/0/0/0,4758:1747647653603:,1747647660605
counter/4/0/0/0,5587:1747647654155:,1747647660605
counter/9/0/0/0,5513:1747647653761:,1747647660605
counter/4/0/0/0,5588:1747647654155:,1747647660605
counter/1/0/0/0,5750:1747647654158:,1747647660605
counter/1/0/0/0,5751:1747647654158:,1747647660605
counter/1/0/0/0,5752:1747647654158:,1747647660605
counter/1/0/0/0,5753:1747647654158:,1747647660605
counter/1/0/0/0,5754:1747647654158:,1747647660605
counter/1/0/0/0,5755:1747647654158:,1747647660605
counter/1/0/0/0,5756:1747647654158:,1747647660605
counter/1/0/0/0,5757:1747647654158:,1747647660605
counter/1/0/0/0,5758:1747647654158:,1747647660605
counter/8/0/0/0,5568:1747647653416:,1747647660605
counter/6/0/0/0,4759:1747647653603:,1747647660605
counter/8/0/0/0,5569:1747647653416:,1747647660605
counter/8/0/0/0,5570:1747647653416:,1747647660605
counter/3/0/0/0,5441:1747647653733:,1747647660605
counter/4/0/0/0,5589:1747647654155:,1747647660605
counter/4/0/0/0,5590:1747647654155:,1747647660605
counter/4/0/0/0,5591:1747647654155:,1747647660605
counter/4/0/0/0,5592:1747647654160:,1747647660605
counter/10/0/0/0,5043:1747647653460:,1747647660606
counter/9/0/0/0,5514:1747647653761:,1747647660606
counter/9/0/0/0,5515:1747647653762:,1747647660606
counter/9/0/0/0,5516:1747647653770:,1747647660606
counter/9/0/0/0,5517:1747647653770:,1747647660606
counter/9/0/0/0,5518:1747647653770:,1747647660606
counter/9/0/0/0,5519:1747647653770:,1747647660606
counter/9/0/0/0,5520:1747647653770:,1747647660606
counter/9/0/0/0,5521:1747647653770:,1747647660606
counter/9/0/0/0,5522:1747647653770:,1747647660606
counter/1/0/0/0,5759:1747647654158:,1747647660607
counter/6/0/0/0,4760:1747647653603:,1747647660607
counter/6/0/0/0,4761:1747647653603:,1747647660607
counter/6/0/0/0,4762:1747647653603:,1747647660607
counter/6/0/0/0,4763:1747647653603:,1747647660607
counter/10/0/0/0,5044:1747647653460:,1747647660607
counter/10/0/0/0,5045:1747647653460:,1747647660607
counter/10/0/0/0,5046:1747647653460:,1747647660607
counter/7/0/0/0,5021:1747647653383:,1747647660607
counter/2/0/0/0,4932:1747647653014:,1747647660607
counter/8/0/0/0,5571:1747647653419:,1747647660608
counter/6/0/0/0,4764:1747647653603:,1747647660609
counter/6/0/0/0,4765:1747647653606:,1747647660609
counter/6/0/0/0,4766:1747647653606:,1747647660609
counter/6/0/0/0,4767:1747647653606:,1747647660609
counter/6/0/0/0,4768:1747647653606:,1747647660609
counter/6/0/0/0,4769:1747647653606:,1747647660609
counter/6/0/0/0,4770:1747647653607:,1747647660609
counter/6/0/0/0,4771:1747647653607:,1747647660609
counter/9/0/0/0,5523:1747647653770:,1747647660610
counter/8/0/0/0,5572:1747647653419:,1747647660610
counter/6/0/0/0,4772:1747647653607:,1747647660610
counter/8/0/0/0,5573:1747647653419:,1747647660611
counter/6/0/0/0,4773:1747647653607:,1747647660611
counter/8/0/0/0,5574:1747647653419:,1747647660611
counter/8/0/0/0,5575:1747647653419:,1747647660611
counter/5/0/0/0,5370:1747647653612:,1747647660611
counter/5/0/0/0,5371:1747647653612:,1747647660611
counter/1/0/0/0,5760:1747647654159:,1747647660611
counter/1/0/0/0,5761:1747647654159:,1747647660611
counter/1/0/0/0,5762:1747647654159:,1747647660611
counter/1/0/0/0,5763:1747647654159:,1747647660612
counter/1/0/0/0,5764:1747647654159:,1747647660612
counter/1/0/0/0,5765:1747647654159:,1747647660612
counter/1/0/0/0,5766:1747647654159:,1747647660612
counter/1/0/0/0,5767:1747647654159:,1747647660612
counter/1/0/0/0,5768:1747647654159:,1747647660612
counter/1/0/0/0,5769:1747647654159:,1747647660612
counter/2/0/0/0,4933:1747647653014:,1747647660612
counter/2/0/0/0,4934:1747647653014:,1747647660612
counter/2/0/0/0,4935:1747647653014:,1747647660612
counter/2/0/0/0,4936:1747647653014:,1747647660612
counter/2/0/0/0,4937:1747647653014:,1747647660612
counter/2/0/0/0,4938:1747647653014:,1747647660612
counter/2/0/0/0,4939:1747647653017:,1747647660612
counter/2/0/0/0,4940:1747647653017:,1747647660612
counter/2/0/0/0,4941:1747647653017:,1747647660612
counter/2/0/0/0,4942:1747647653020:,1747647660612
counter/2/0/0/0,4943:1747647653020:,1747647660612
counter/10/0/0/0,5047:1747647653460:,1747647660613
counter/2/0/0/0,4944:1747647653020:,1747647660613
counter/5/0/0/0,5372:1747647653612:,1747647660613
counter/4/0/0/0,5593:1747647654160:,1747647660613
counter/4/0/0/0,5594:1747647654160:,1747647660613
counter/4/0/0/0,5595:1747647654160:,1747647660613
counter/4/0/0/0,5596:1747647654160:,1747647660613
counter/4/0/0/0,5597:1747647654160:,1747647660613
counter/4/0/0/0,5598:1747647654160:,1747647660613
counter/4/0/0/0,5599:1747647654160:,1747647660613
counter/4/0/0/0,5600:1747647654160:,1747647660613
counter/4/0/0/0,5601:1747647654161:,1747647660613
counter/4/0/0/0,5602:1747647654161:,1747647660613
counter/4/0/0/0,5603:1747647654161:,1747647660613
counter/4/0/0/0,5604:1747647654161:,1747647660613
counter/4/0/0/0,5605:1747647654161:,1747647660613
counter/3/0/0/0,5442:1747647653733:,1747647660613
counter/5/0/0/0,5373:1747647653612:,1747647660614
counter/9/0/0/0,5524:1747647653875:,1747647660614
counter/9/0/0/0,5525:1747647653875:,1747647660614
counter/9/0/0/0,5526:1747647653875:,1747647660614
counter/9/0/0/0,5527:1747647653875:,1747647660614
counter/9/0/0/0,5528:1747647653875:,1747647660614
counter/9/0/0/0,5529:1747647653875:,1747647660614
counter/3/0/0/0,5443:1747647653733:,1747647660614
counter/9/0/0/0,5530:1747647653875:,1747647660615
counter/9/0/0/0,5531:1747647653875:,1747647660615
counter/9/0/0/0,5532:1747647653875:,1747647660615
counter/9/0/0/0,5533:1747647653875:,1747647660615
counter/6/0/0/0,4774:1747647653607:,1747647660615
counter/9/0/0/0,5534:1747647653875:,1747647660615
counter/5/0/0/0,5374:1747647653612:,1747647660615
counter/6/0/0/0,4775:1747647653607:,1747647660615
counter/2/0/0/0,4945:1747647653020:,1747647660616
counter/3/0/0/0,5444:1747647653733:,1747647660616
counter/7/0/0/0,5022:1747647653383:,1747647660616
counter/7/0/0/0,5023:1747647653383:,1747647660616
counter/7/0/0/0,5024:1747647653383:,1747647660616
counter/7/0/0/0,5025:1747647653388:,1747647660616
counter/7/0/0/0,5026:1747647653388:,1747647660616
counter/1/0/0/0,5770:1747647654159:,1747647660616
counter/9/0/0/0,5535:1747647653875:,1747647660616
counter/6/0/0/0,4776:1747647653607:,1747647660616
counter/9/0/0/0,5536:1747647653875:,1747647660617
counter/6/0/0/0,4777:1747647653607:,1747647660617
counter/5/0/0/0,5375:1747647653612:,1747647660617
counter/8/0/0/0,5576:1747647653419:,1747647660617
counter/6/0/0/0,4778:1747647653607:,1747647660617
counter/2/0/0/0,4946:1747647653020:,1747647660618
counter/1/0/0/0,5771:1747647654159:,1747647660619
counter/7/0/0/0,5027:1747647653388:,1747647660619
counter/7/0/0/0,5028:1747647653388:,1747647660619
counter/7/0/0/0,5029:1747647653398:,1747647660619
counter/7/0/0/0,5030:1747647653398:,1747647660620
counter/7/0/0/0,5031:1747647653398:,1747647660620
counter/7/0/0/0,5032:1747647653398:,1747647660620
counter/7/0/0/0,5033:1747647653398:,1747647660620
counter/7/0/0/0,5034:1747647653399:,1747647660620
counter/7/0/0/0,5035:1747647653399:,1747647660620
counter/7/0/0/0,5036:1747647653409:,1747647660620
counter/7/0/0/0,5037:1747647653409:,1747647660620
counter/7/0/0/0,5038:1747647653409:,1747647660620
counter/7/0/0/0,5039:1747647653409:,1747647660620
counter/7/0/0/0,5040:1747647653412:,1747647660620
counter/7/0/0/0,5041:1747647653412:,1747647660620
counter/7/0/0/0,5042:1747647653412:,1747647660620
counter/10/0/0/0,5048:1747647653463:,1747647660620
counter/6/0/0/0,4779:1747647653608:,1747647660620
counter/3/0/0/0,5445:1747647653733:,1747647660620
counter/6/0/0/0,4780:1747647653608:,1747647660620
counter/6/0/0/0,4781:1747647653608:,1747647660620
counter/6/0/0/0,4782:1747647653608:,1747647660620
counter/6/0/0/0,4783:1747647653608:,1747647660620
counter/8/0/0/0,5577:1747647653419:,1747647660620
counter/5/0/0/0,5376:1747647653612:,1747647660620
counter/8/0/0/0,5578:1747647653419:,1747647660620
counter/4/0/0/0,5606:1747647654161:,1747647660620
counter/4/0/0/0,5607:1747647654163:,1747647660620
counter/4/0/0/0,5608:1747647654163:,1747647660620
counter/4/0/0/0,5609:1747647654163:,1747647660620
counter/4/0/0/0,5610:1747647654163:,1747647660620
counter/4/0/0/0,5611:1747647654163:,1747647660621
counter/4/0/0/0,5612:1747647654171:,1747647660621
counter/4/0/0/0,5613:1747647654171:,1747647660621
counter/7/0/0/0,5043:1747647653412:,1747647660621
counter/1/0/0/0,5772:1747647654159:,1747647660621
counter/10/0/0/0,5049:1747647653463:,1747647660621
counter/10/0/0/0,5050:1747647653463:,1747647660621
counter/10/0/0/0,5051:1747647653463:,1747647660621
counter/10/0/0/0,5052:1747647653463:,1747647660621
counter/10/0/0/0,5053:1747647653463:,1747647660621
counter/10/0/0/0,5054:1747647653477:,1747647660621
counter/10/0/0/0,5055:1747647653477:,1747647660621
counter/1/0/0/0,5773:1747647654159:,1747647660621
counter/8/0/0/0,5579:1747647653419:,1747647660622
counter/8/0/0/0,5580:1747647653419:,1747647660622
counter/8/0/0/0,5581:1747647653419:,1747647660622
counter/8/0/0/0,5582:1747647653419:,1747647660622
counter/8/0/0/0,5583:1747647653419:,1747647660622
counter/7/0/0/0,5044:1747647653412:,1747647660622
counter/8/0/0/0,5584:1747647653420:,1747647660622
counter/8/0/0/0,5585:1747647653421:,1747647660622
counter/3/0/0/0,5446:1747647653733:,1747647660622
counter/9/0/0/0,5537:1747647653876:,1747647660622
counter/5/0/0/0,5377:1747647653614:,1747647660624
counter/2/0/0/0,4947:1747647653020:,1747647660624
counter/9/0/0/0,5538:1747647653876:,1747647660626
counter/9/0/0/0,5539:1747647653876:,1747647660626
counter/5/0/0/0,5378:1747647653614:,1747647660626
counter/6/0/0/0,4784:1747647653608:,1747647660626
counter/6/0/0/0,4785:1747647653608:,1747647660626
counter/4/0/0/0,5614:1747647654171:,1747647660626
counter/6/0/0/0,4786:1747647653608:,1747647660626
counter/2/0/0/0,4948:1747647653020:,1747647660626
counter/9/0/0/0,5540:1747647653881:,1747647660627
counter/8/0/0/0,5586:1747647653421:,1747647660627
counter/8/0/0/0,5587:1747647653421:,1747647660627
counter/8/0/0/0,5588:1747647653421:,1747647660627
counter/8/0/0/0,5589:1747647653427:,1747647660627
counter/3/0/0/0,5447:1747647653733:,1747647660627
counter/4/0/0/0,5615:1747647654171:,1747647660627
counter/4/0/0/0,5616:1747647654175:,1747647660627
counter/4/0/0/0,5617:1747647654175:,1747647660627
counter/4/0/0/0,5618:1747647654175:,1747647660627
counter/4/0/0/0,5619:1747647654175:,1747647660627
counter/4/0/0/0,5620:1747647654175:,1747647660627
counter/4/0/0/0,5621:1747647654178:,1747647660627
counter/4/0/0/0,5622:1747647654178:,1747647660627
counter/4/0/0/0,5623:1747647654178:,1747647660627
counter/4/0/0/0,5624:1747647654178:,1747647660627
counter/8/0/0/0,5590:1747647653427:,1747647660627
counter/8/0/0/0,5591:1747647653427:,1747647660627
counter/2/0/0/0,4949:1747647653020:,1747647660628
counter/2/0/0/0,4950:1747647653020:,1747647660628
counter/2/0/0/0,4951:1747647653020:,1747647660628
counter/2/0/0/0,4952:1747647653027:,1747647660628
counter/2/0/0/0,4953:1747647653027:,1747647660628
counter/2/0/0/0,4954:1747647653027:,1747647660628
counter/2/0/0/0,4955:1747647653027:,1747647660628
counter/5/0/0/0,5379:1747647653614:,1747647660628
counter/4/0/0/0,5625:1747647654178:,1747647660629
counter/5/0/0/0,5380:1747647653614:,1747647660629
counter/5/0/0/0,5381:1747647653614:,1747647660629
counter/5/0/0/0,5382:1747647653616:,1747647660629
counter/5/0/0/0,5383:1747647653616:,1747647660629
counter/5/0/0/0,5384:1747647653616:,1747647660629
counter/5/0/0/0,5385:1747647653616:,1747647660629
counter/5/0/0/0,5386:1747647653616:,1747647660629
counter/4/0/0/0,5626:1747647654178:,1747647660629
counter/6/0/0/0,4787:1747647653608:,1747647660629
counter/2/0/0/0,4956:1747647653027:,1747647660629
counter/2/0/0/0,4957:1747647653027:,1747647660629
counter/6/0/0/0,4788:1747647653608:,1747647660630
counter/2/0/0/0,4958:1747647653029:,1747647660630
counter/6/0/0/0,4789:1747647653609:,1747647660630
counter/6/0/0/0,4790:1747647653609:,1747647660630
counter/6/0/0/0,4791:1747647653609:,1747647660630
counter/6/0/0/0,4792:1747647653609:,1747647660630
counter/6/0/0/0,4793:1747647653609:,1747647660630
counter/6/0/0/0,4794:1747647653609:,1747647660630
counter/6/0/0/0,4795:1747647653609:,1747647660630
counter/6/0/0/0,4796:1747647653609:,1747647660630
counter/6/0/0/0,4797:1747647653609:,1747647660630
counter/6/0/0/0,4798:1747647653609:,1747647660630
counter/6/0/0/0,4799:1747647653609:,1747647660630
counter/6/0/0/0,4800:1747647653609:,1747647660630
counter/6/0/0/0,4801:1747647653621:,1747647660630
counter/6/0/0/0,4802:1747647653631:,1747647660630
counter/6/0/0/0,4803:1747647653631:,1747647660630
counter/6/0/0/0,4804:1747647653631:,1747647660630
counter/6/0/0/0,4805:1747647653631:,1747647660630
counter/9/0/0/0,5541:1747647653881:,1747647660630
counter/9/0/0/0,5542:1747647653882:,1747647660630
counter/9/0/0/0,5543:1747647653882:,1747647660630
counter/9/0/0/0,5544:1747647653882:,1747647660630
counter/3/0/0/0,5448:1747647653733:,1747647660630
counter/10/0/0/0,5056:1747647653477:,1747647660630
counter/4/0/0/0,5627:1747647654178:,1747647660630
counter/4/0/0/0,5628:1747647654178:,1747647660631
counter/4/0/0/0,5629:1747647654178:,1747647660631
counter/4/0/0/0,5630:1747647654179:,1747647660631
counter/4/0/0/0,5631:1747647654179:,1747647660631
counter/4/0/0/0,5632:1747647654179:,1747647660631
counter/4/0/0/0,5633:1747647654179:,1747647660631
counter/1/0/0/0,5774:1747647654159:,1747647660631
counter/6/0/0/0,4806:1747647653631:,1747647660631
counter/7/0/0/0,5045:1747647653412:,1747647660631
counter/5/0/0/0,5387:1747647653616:,1747647660631
counter/9/0/0/0,5545:1747647653882:,1747647660631
counter/5/0/0/0,5388:1747647653616:,1747647660631
counter/5/0/0/0,5389:1747647653616:,1747647660631
counter/5/0/0/0,5390:1747647653616:,1747647660631
counter/5/0/0/0,5391:1747647653617:,1747647660631
counter/5/0/0/0,5392:1747647653617:,1747647660631
counter/9/0/0/0,5546:1747647653882:,1747647660631
counter/1/0/0/0,5775:1747647654159:,1747647660632
counter/5/0/0/0,5393:1747647653617:,1747647660632
counter/5/0/0/0,5394:1747647653630:,1747647660632
counter/5/0/0/0,5395:1747647653630:,1747647660633
counter/5/0/0/0,5396:1747647653637:,1747647660633
counter/5/0/0/0,5397:1747647653637:,1747647660633
counter/5/0/0/0,5398:1747647653649:,1747647660633
counter/5/0/0/0,5399:1747647653649:,1747647660633
counter/5/0/0/0,5400:1747647653649:,1747647660633
counter/5/0/0/0,5401:1747647653649:,1747647660633
counter/5/0/0/0,5402:1747647653649:,1747647660633
counter/7/0/0/0,5046:1747647653412:,1747647660633
counter/9/0/0/0,5547:1747647653882:,1747647660633
counter/9/0/0/0,5548:1747647653882:,1747647660633
counter/9/0/0/0,5549:1747647653882:,1747647660633
counter/9/0/0/0,5550:1747647653882:,1747647660633
counter/9/0/0/0,5551:1747647653882:,1747647660633
counter/9/0/0/0,5552:1747647653882:,1747647660633
counter/9/0/0/0,5553:1747647653882:,1747647660633
counter/9/0/0/0,5554:1747647653882:,1747647660633
counter/9/0/0/0,5555:1747647653886:,1747647660633
counter/9/0/0/0,5556:1747647653886:,1747647660633
counter/9/0/0/0,5557:1747647653886:,1747647660633
counter/9/0/0/0,5558:1747647653886:,1747647660633
counter/9/0/0/0,5559:1747647653886:,1747647660633
counter/9/0/0/0,5560:1747647653886:,1747647660634
counter/9/0/0/0,5561:1747647653886:,1747647660634
counter/9/0/0/0,5562:1747647653887:,1747647660634
counter/9/0/0/0,5563:1747647653887:,1747647660634
counter/6/0/0/0,4807:1747647653631:,1747647660634
counter/2/0/0/0,4959:1747647653029:,1747647660634
counter/2/0/0/0,4960:1747647653029:,1747647660634
counter/2/0/0/0,4961:1747647653029:,1747647660634
counter/5/0/0/0,5403:1747647653649:,1747647660634
counter/5/0/0/0,5404:1747647653649:,1747647660634
counter/5/0/0/0,5405:1747647653651:,1747647660634
counter/5/0/0/0,5406:1747647653652:,1747647660634
counter/5/0/0/0,5407:1747647653652:,1747647660634
counter/7/0/0/0,5047:1747647653412:,1747647660634
counter/10/0/0/0,5057:1747647653477:,1747647660634
counter/10/0/0/0,5058:1747647653477:,1747647660634
counter/3/0/0/0,5449:1747647653733:,1747647660634
counter/3/0/0/0,5450:1747647653733:,1747647660634
counter/3/0/0/0,5451:1747647653733:,1747647660634
counter/9/0/0/0,5564:1747647653887:,1747647660634
counter/9/0/0/0,5565:1747647653887:,1747647660634
counter/9/0/0/0,5566:1747647653887:,1747647660634
counter/8/0/0/0,5592:1747647653427:,1747647660634
counter/7/0/0/0,5048:1747647653412:,1747647660634
counter/8/0/0/0,5593:1747647653427:,1747647660635
counter/8/0/0/0,5594:1747647653427:,1747647660635
counter/8/0/0/0,5595:1747647653427:,1747647660635
counter/8/0/0/0,5596:1747647653430:,1747647660635
counter/8/0/0/0,5597:1747647653430:,1747647660635
counter/8/0/0/0,5598:1747647653430:,1747647660635
counter/8/0/0/0,5599:1747647653430:,1747647660635
counter/5/0/0/0,5408:1747647653675:,1747647660635
counter/5/0/0/0,5409:1747647653676:,1747647660635
counter/5/0/0/0,5410:1747647653676:,1747647660635
counter/5/0/0/0,5411:1747647653676:,1747647660636
counter/5/0/0/0,5412:1747647653676:,1747647660636
counter/5/0/0/0,5413:1747647653676:,1747647660636
counter/5/0/0/0,5414:1747647653679:,1747647660636
counter/5/0/0/0,5415:1747647653681:,1747647660636
counter/5/0/0/0,5416:1747647653681:,1747647660636
counter/5/0/0/0,5417:1747647653681:,1747647660636
counter/5/0/0/0,5418:1747647653681:,1747647660636
counter/5/0/0/0,5419:1747647653681:,1747647660636
counter/5/0/0/0,5420:1747647653681:,1747647660636
counter/5/0/0/0,5421:1747647653681:,1747647660636
counter/5/0/0/0,5422:1747647653681:,1747647660636
counter/5/0/0/0,5423:1747647653681:,1747647660636
counter/5/0/0/0,5424:1747647653681:,1747647660636
counter/5/0/0/0,5425:1747647653681:,1747647660636
counter/5/0/0/0,5426:1747647653681:,1747647660636
counter/5/0/0/0,5427:1747647653681:,1747647660636
counter/5/0/0/0,5428:1747647653681:,1747647660636
counter/8/0/0/0,5600:1747647653430:,1747647660636
counter/1/0/0/0,5776:1747647654159:,1747647660636
counter/2/0/0/0,4962:1747647653029:,1747647660636
counter/1/0/0/0,5777:1747647654159:,1747647660636
counter/1/0/0/0,5778:1747647654159:,1747647660636
counter/1/0/0/0,5779:1747647654159:,1747647660636
counter/1/0/0/0,5780:1747647654165:,1747647660636
counter/1/0/0/0,5781:1747647654165:,1747647660636
counter/1/0/0/0,5782:1747647654165:,1747647660636
counter/1/0/0/0,5783:1747647654165:,1747647660636
counter/1/0/0/0,5784:1747647654165:,1747647660636
counter/1/0/0/0,5785:1747647654165:,1747647660637
counter/1/0/0/0,5786:1747647654165:,1747647660637
counter/1/0/0/0,5787:1747647654165:,1747647660637
counter/1/0/0/0,5788:1747647654165:,1747647660637
counter/1/0/0/0,5789:1747647654165:,1747647660637
counter/5/0/0/0,5429:1747647653681:,1747647660637
counter/5/0/0/0,5430:1747647653681:,1747647660637
counter/5/0/0/0,5431:1747647653681:,1747647660637
counter/5/0/0/0,5432:1747647653681:,1747647660637
counter/5/0/0/0,5433:1747647653682:,1747647660637
counter/5/0/0/0,5434:1747647653682:,1747647660637
counter/5/0/0/0,5435:1747647653683:,1747647660637
counter/5/0/0/0,5436:1747647653695:,1747647660637
counter/5/0/0/0,5437:1747647653695:,1747647660637
counter/4/0/0/0,5634:1747647654180:,1747647660637
counter/10/0/0/0,5059:1747647653477:,1747647660637
counter/2/0/0/0,4963:1747647653029:,1747647660637
counter/2/0/0/0,4964:1747647653029:,1747647660637
counter/2/0/0/0,4965:1747647653029:,1747647660637
counter/2/0/0/0,4966:1747647653029:,1747647660637
counter/2/0/0/0,4967:1747647653029:,1747647660637
counter/8/0/0/0,5601:1747647653455:,1747647660637
counter/8/0/0/0,5602:1747647653457:,1747647660637
counter/8/0/0/0,5603:1747647653457:,1747647660637
counter/8/0/0/0,5604:1747647653457:,1747647660637
counter/9/0/0/0,5567:1747647653891:,1747647660637
counter/10/0/0/0,5060:1747647653477:,1747647660637
counter/10/0/0/0,5061:1747647653478:,1747647660637
counter/10/0/0/0,5062:1747647653478:,1747647660637
counter/10/0/0/0,5063:1747647653478:,1747647660637
counter/7/0/0/0,5049:1747647653412:,1747647660638
counter/7/0/0/0,5050:1747647653412:,1747647660638
counter/7/0/0/0,5051:1747647653412:,1747647660638
counter/7/0/0/0,5052:1747647653412:,1747647660638
counter/7/0/0/0,5053:1747647653424:,1747647660638
counter/7/0/0/0,5054:1747647653424:,1747647660638
counter/7/0/0/0,5055:1747647653424:,1747647660638
counter/7/0/0/0,5056:1747647653424:,1747647660638
counter/7/0/0/0,5057:1747647653424:,1747647660638
counter/7/0/0/0,5058:1747647653424:,1747647660638
counter/7/0/0/0,5059:1747647653424:,1747647660638
counter/7/0/0/0,5060:1747647653424:,1747647660638
counter/4/0/0/0,5635:1747647654180:,1747647660638
counter/7/0/0/0,5061:1747647653424:,1747647660638
counter/3/0/0/0,5452:1747647653733:,1747647660638
counter/8/0/0/0,5605:1747647653457:,1747647660639
counter/5/0/0/0,5438:1747647653695:,1747647660639
counter/5/0/0/0,5439:1747647653695:,1747647660639
counter/5/0/0/0,5440:1747647653695:,1747647660639
counter/5/0/0/0,5441:1747647653695:,1747647660639
counter/5/0/0/0,5442:1747647653695:,1747647660639
counter/5/0/0/0,5443:1747647653695:,1747647660639
counter/5/0/0/0,5444:1747647653695:,1747647660639
counter/5/0/0/0,5445:1747647653695:,1747647660639
counter/5/0/0/0,5446:1747647653695:,1747647660640
counter/7/0/0/0,5062:1747647653424:,1747647660640
counter/5/0/0/0,5447:1747647653695:,1747647660640
counter/5/0/0/0,5448:1747647653695:,1747647660640
counter/5/0/0/0,5449:1747647653695:,1747647660640
counter/5/0/0/0,5450:1747647653695:,1747647660640
counter/5/0/0/0,5451:1747647653695:,1747647660640
counter/5/0/0/0,5452:1747647653695:,1747647660640
counter/5/0/0/0,5453:1747647653701:,1747647660640
counter/5/0/0/0,5454:1747647653701:,1747647660640
counter/5/0/0/0,5455:1747647653701:,1747647660640
counter/5/0/0/0,5456:1747647653701:,1747647660640
counter/5/0/0/0,5457:1747647653701:,1747647660640
counter/5/0/0/0,5458:1747647653701:,1747647660640
counter/5/0/0/0,5459:1747647653701:,1747647660641
counter/5/0/0/0,5460:1747647653701:,1747647660641
counter/5/0/0/0,5461:1747647653701:,1747647660641
counter/5/0/0/0,5462:1747647653701:,1747647660641
counter/4/0/0/0,5636:1747647654180:,1747647660641
counter/5/0/0/0,5463:1747647653701:,1747647660641
counter/4/0/0/0,5637:1747647654180:,1747647660641
counter/5/0/0/0,5464:1747647653701:,1747647660641
counter/4/0/0/0,5638:1747647654186:,1747647660641
counter/5/0/0/0,5465:1747647653708:,1747647660641
counter/4/0/0/0,5639:1747647654187:,1747647660641
counter/4/0/0/0,5640:1747647654187:,1747647660641
counter/10/0/0/0,5064:1747647653478:,1747647660641
counter/7/0/0/0,5063:1747647653424:,1747647660641
counter/4/0/0/0,5641:1747647654187:,1747647660641
counter/4/0/0/0,5642:1747647654188:,1747647660641
counter/4/0/0/0,5643:1747647654188:,1747647660641
counter/4/0/0/0,5644:1747647654188:,1747647660641
counter/4/0/0/0,5645:1747647654188:,1747647660641
counter/5/0/0/0,5466:1747647653708:,1747647660641
counter/4/0/0/0,5646:1747647654188:,1747647660641
counter/6/0/0/0,4808:1747647653631:,1747647660641
counter/4/0/0/0,5647:1747647654188:,1747647660641
counter/4/0/0/0,5648:1747647654188:,1747647660641
counter/4/0/0/0,5649:1747647654188:,1747647660641
counter/4/0/0/0,5650:1747647654188:,1747647660641
counter/4/0/0/0,5651:1747647654188:,1747647660641
counter/4/0/0/0,5652:1747647654188:,1747647660641
counter/4/0/0/0,5653:1747647654188:,1747647660641
counter/4/0/0/0,5654:1747647654188:,1747647660641
counter/4/0/0/0,5655:1747647654188:,1747647660642
counter/4/0/0/0,5656:1747647654188:,1747647660642
counter/4/0/0/0,5657:1747647654188:,1747647660642
counter/4/0/0/0,5658:1747647654188:,1747647660642
counter/4/0/0/0,5659:1747647654188:,1747647660642
counter/4/0/0/0,5660:1747647654188:,1747647660642
counter/4/0/0/0,5661:1747647654188:,1747647660642
counter/4/0/0/0,5662:1747647654188:,1747647660642
counter/9/0/0/0,5568:1747647653891:,1747647660642
counter/6/0/0/0,4809:1747647653631:,1747647660642
counter/9/0/0/0,5569:1747647653891:,1747647660642
counter/10/0/0/0,5065:1747647653478:,1747647660642
counter/1/0/0/0,5790:1747647654165:,1747647660642
counter/2/0/0/0,4968:1747647653029:,1747647660642
counter/2/0/0/0,4969:1747647653029:,1747647660642
counter/2/0/0/0,4970:1747647653029:,1747647660642
counter/2/0/0/0,4971:1747647653031:,1747647660642
counter/2/0/0/0,4972:1747647653031:,1747647660642
counter/9/0/0/0,5570:1747647653891:,1747647660642
counter/2/0/0/0,4973:1747647653031:,1747647660642
counter/2/0/0/0,4974:1747647653031:,1747647660642
counter/2/0/0/0,4975:1747647653031:,1747647660642
counter/2/0/0/0,4976:1747647653031:,1747647660642
counter/2/0/0/0,4977:1747647653034:,1747647660642
counter/6/0/0/0,4810:1747647653631:,1747647660642
counter/2/0/0/0,4978:1747647653034:,1747647660642
counter/6/0/0/0,4811:1747647653631:,1747647660642
counter/5/0/0/0,5467:1747647653708:,1747647660642
counter/5/0/0/0,5468:1747647653708:,1747647660642
counter/5/0/0/0,5469:1747647653708:,1747647660642
counter/5/0/0/0,5470:1747647653708:,1747647660643
counter/5/0/0/0,5471:1747647653709:,1747647660643
counter/5/0/0/0,5472:1747647653709:,1747647660643
counter/5/0/0/0,5473:1747647653709:,1747647660643
counter/5/0/0/0,5474:1747647653709:,1747647660643
counter/5/0/0/0,5475:1747647653709:,1747647660643
counter/5/0/0/0,5476:1747647653709:,1747647660643
counter/1/0/0/0,5791:1747647654165:,1747647660643
counter/3/0/0/0,5453:1747647653733:,1747647660643
counter/3/0/0/0,5454:1747647653733:,1747647660643
counter/9/0/0/0,5571:1747647653891:,1747647660643
counter/8/0/0/0,5606:1747647653457:,1747647660643
counter/7/0/0/0,5064:1747647653424:,1747647660644
counter/10/0/0/0,5066:1747647653478:,1747647660644
counter/7/0/0/0,5065:1747647653424:,1747647660644
counter/7/0/0/0,5066:1747647653424:,1747647660644
counter/7/0/0/0,5067:1747647653424:,1747647660644
counter/7/0/0/0,5068:1747647653424:,1747647660644
counter/7/0/0/0,5069:1747647653425:,1747647660644
counter/7/0/0/0,5070:1747647653425:,1747647660644
counter/7/0/0/0,5071:1747647653425:,1747647660644
counter/7/0/0/0,5072:1747647653425:,1747647660644
counter/7/0/0/0,5073:1747647653425:,1747647660644
counter/7/0/0/0,5074:1747647653425:,1747647660645
counter/7/0/0/0,5075:1747647653425:,1747647660645
counter/7/0/0/0,5076:1747647653425:,1747647660645
counter/7/0/0/0,5077:1747647653425:,1747647660645
counter/7/0/0/0,5078:1747647653425:,1747647660645
counter/7/0/0/0,5079:1747647653425:,1747647660645
counter/4/0/0/0,5663:1747647654188:,1747647660645
counter/4/0/0/0,5664:1747647654188:,1747647660645
counter/4/0/0/0,5665:1747647654188:,1747647660645
counter/4/0/0/0,5666:1747647654188:,1747647660645
counter/4/0/0/0,5667:1747647654188:,1747647660645
counter/4/0/0/0,5668:1747647654188:,1747647660645
counter/4/0/0/0,5669:1747647654201:,1747647660645
counter/4/0/0/0,5670:1747647654201:,1747647660645
counter/4/0/0/0,5671:1747647654201:,1747647660645
counter/4/0/0/0,5672:1747647654201:,1747647660645
counter/4/0/0/0,5673:1747647654201:,1747647660645
counter/4/0/0/0,5674:1747647654202:,1747647660645
counter/4/0/0/0,5675:1747647654202:,1747647660645
counter/4/0/0/0,5676:1747647654203:,1747647660645
counter/7/0/0/0,5080:1747647653431:,1747647660645
counter/7/0/0/0,5081:1747647653431:,1747647660645
counter/7/0/0/0,5082:1747647653431:,1747647660645
counter/7/0/0/0,5083:1747647653433:,1747647660645
counter/7/0/0/0,5084:1747647653433:,1747647660645
counter/7/0/0/0,5085:1747647653433:,1747647660645
counter/7/0/0/0,5086:1747647653433:,1747647660645
counter/10/0/0/0,5067:1747647653482:,1747647660645
counter/8/0/0/0,5607:1747647653457:,1747647660645
counter/5/0/0/0,5477:1747647653709:,1747647660645
counter/5/0/0/0,5478:1747647653709:,1747647660646
counter/5/0/0/0,5479:1747647653709:,1747647660646
counter/4/0/0/0,5677:1747647654208:,1747647660646
counter/7/0/0/0,5087:1747647653433:,1747647660646
counter/7/0/0/0,5088:1747647653433:,1747647660646
counter/7/0/0/0,5089:1747647653433:,1747647660646
counter/7/0/0/0,5090:1747647653433:,1747647660646
counter/7/0/0/0,5091:1747647653433:,1747647660646
counter/7/0/0/0,5092:1747647653433:,1747647660646
counter/7/0/0/0,5093:1747647653433:,1747647660646
counter/3/0/0/0,5455:1747647653733:,1747647660646
counter/10/0/0/0,5068:1747647653482:,1747647660646
counter/10/0/0/0,5069:1747647653482:,1747647660646
counter/10/0/0/0,5070:1747647653496:,1747647660646
counter/7/0/0/0,5094:1747647653434:,1747647660646
counter/6/0/0/0,4812:1747647653631:,1747647660647
counter/8/0/0/0,5608:1747647653457:,1747647660647
counter/8/0/0/0,5609:1747647653457:,1747647660647
counter/4/0/0/0,5678:1747647654208:,1747647660647
counter/5/0/0/0,5480:1747647653709:,1747647660647
counter/5/0/0/0,5481:1747647653709:,1747647660647
counter/5/0/0/0,5482:1747647653709:,1747647660647
counter/5/0/0/0,5483:1747647653713:,1747647660647
counter/5/0/0/0,5484:1747647653713:,1747647660647
counter/5/0/0/0,5485:1747647653713:,1747647660647
counter/7/0/0/0,5095:1747647653434:,1747647660647
counter/10/0/0/0,5071:1747647653496:,1747647660647
counter/10/0/0/0,5072:1747647653496:,1747647660647
counter/10/0/0/0,5073:1747647653496:,1747647660647
counter/10/0/0/0,5074:1747647653496:,1747647660647
counter/10/0/0/0,5075:1747647653496:,1747647660647
counter/10/0/0/0,5076:1747647653497:,1747647660647
counter/10/0/0/0,5077:1747647653501:,1747647660647
counter/10/0/0/0,5078:1747647653501:,1747647660647
counter/10/0/0/0,5079:1747647653501:,1747647660647
counter/10/0/0/0,5080:1747647653501:,1747647660647
counter/10/0/0/0,5081:1747647653504:,1747647660647
counter/10/0/0/0,5082:1747647653508:,1747647660647
counter/2/0/0/0,4979:1747647653034:,1747647660647
counter/10/0/0/0,5083:1747647653508:,1747647660647
counter/5/0/0/0,5486:1747647653713:,1747647660647
counter/8/0/0/0,5610:1747647653457:,1747647660648
counter/5/0/0/0,5487:1747647653713:,1747647660648
counter/9/0/0/0,5572:1747647653891:,1747647660648
counter/9/0/0/0,5573:1747647653891:,1747647660648
counter/1/0/0/0,5792:1747647654165:,1747647660648
counter/1/0/0/0,5793:1747647654165:,1747647660648
counter/1/0/0/0,5794:1747647654165:,1747647660648
counter/2/0/0/0,4980:1747647653034:,1747647660648
counter/10/0/0/0,5084:1747647653508:,1747647660648
counter/4/0/0/0,5679:1747647654208:,1747647660648
counter/9/0/0/0,5574:1747647653891:,1747647660649
counter/4/0/0/0,5680:1747647654208:,1747647660649
counter/4/0/0/0,5681:1747647654208:,1747647660649
counter/4/0/0/0,5682:1747647654208:,1747647660649
counter/4/0/0/0,5683:1747647654208:,1747647660649
counter/4/0/0/0,5684:1747647654208:,1747647660649
counter/4/0/0/0,5685:1747647654208:,1747647660649
counter/4/0/0/0,5686:1747647654208:,1747647660650
counter/4/0/0/0,5687:1747647654208:,1747647660650
counter/4/0/0/0,5688:1747647654209:,1747647660650
counter/4/0/0/0,5689:1747647654209:,1747647660650
counter/4/0/0/0,5690:1747647654209:,1747647660650
counter/4/0/0/0,5691:1747647654217:,1747647660650
counter/4/0/0/0,5692:1747647654217:,1747647660650
counter/4/0/0/0,5693:1747647654217:,1747647660650
counter/4/0/0/0,5694:1747647654217:,1747647660650
counter/4/0/0/0,5695:1747647654217:,1747647660650
counter/4/0/0/0,5696:1747647654218:,1747647660650
counter/4/0/0/0,5697:1747647654218:,1747647660650
counter/4/0/0/0,5698:1747647654218:,1747647660650
counter/4/0/0/0,5699:1747647654218:,1747647660650
counter/8/0/0/0,5611:1747647653457:,1747647660650
counter/10/0/0/0,5085:1747647653508:,1747647660650
counter/8/0/0/0,5612:1747647653457:,1747647660650
counter/5/0/0/0,5488:1747647653713:,1747647660650
counter/5/0/0/0,5489:1747647653713:,1747647660650
counter/5/0/0/0,5490:1747647653713:,1747647660650
counter/5/0/0/0,5491:1747647653713:,1747647660650
counter/5/0/0/0,5492:1747647653714:,1747647660650
counter/5/0/0/0,5493:1747647653714:,1747647660650
counter/5/0/0/0,5494:1747647653714:,1747647660650
counter/5/0/0/0,5495:1747647653714:,1747647660650
counter/9/0/0/0,5575:1747647653891:,1747647660650
counter/2/0/0/0,4981:1747647653034:,1747647660650
counter/9/0/0/0,5576:1747647653891:,1747647660650
counter/9/0/0/0,5577:1747647653891:,1747647660650
counter/7/0/0/0,5096:1747647653434:,1747647660650
counter/7/0/0/0,5097:1747647653434:,1747647660650
counter/7/0/0/0,5098:1747647653434:,1747647660650
counter/7/0/0/0,5099:1747647653434:,1747647660650
counter/10/0/0/0,5086:1747647653508:,1747647660651
counter/4/0/0/0,5700:1747647654218:,1747647660651
counter/4/0/0/0,5701:1747647654218:,1747647660651
counter/4/0/0/0,5702:1747647654218:,1747647660651
counter/4/0/0/0,5703:1747647654218:,1747647660651
counter/4/0/0/0,5704:1747647654218:,1747647660651
counter/4/0/0/0,5705:1747647654218:,1747647660651
counter/4/0/0/0,5706:1747647654218:,1747647660651
counter/4/0/0/0,5707:1747647654218:,1747647660651
counter/4/0/0/0,5708:1747647654218:,1747647660651
counter/4/0/0/0,5709:1747647654218:,1747647660651
counter/4/0/0/0,5710:1747647654218:,1747647660651
counter/4/0/0/0,5711:1747647654218:,1747647660651
counter/4/0/0/0,5712:1747647654218:,1747647660651
counter/9/0/0/0,5578:1747647653892:,1747647660651
counter/9/0/0/0,5579:1747647653892:,1747647660651
counter/8/0/0/0,5613:1747647653459:,1747647660651
counter/8/0/0/0,5614:1747647653459:,1747647660651
counter/10/0/0/0,5087:1747647653509:,1747647660651
counter/1/0/0/0,5795:1747647654165:,1747647660651
counter/4/0/0/0,5713:1747647654218:,1747647660651
counter/1/0/0/0,5796:1747647654166:,1747647660651
counter/6/0/0/0,4813:1747647653631:,1747647660652
counter/3/0/0/0,5456:1747647653733:,1747647660652
counter/7/0/0/0,5100:1747647653434:,1747647660652
counter/9/0/0/0,5580:1747647653892:,1747647660652
counter/9/0/0/0,5581:1747647653892:,1747647660652
counter/9/0/0/0,5582:1747647653892:,1747647660652
counter/10/0/0/0,5088:1747647653509:,1747647660652
counter/10/0/0/0,5089:1747647653509:,1747647660652
counter/10/0/0/0,5090:1747647653509:,1747647660652
counter/10/0/0/0,5091:1747647653509:,1747647660653
counter/2/0/0/0,4982:1747647653034:,1747647660653
counter/2/0/0/0,4983:1747647653034:,1747647660653
counter/2/0/0/0,4984:1747647653034:,1747647660653
counter/2/0/0/0,4985:1747647653039:,1747647660653
counter/1/0/0/0,5797:1747647654166:,1747647660653
counter/1/0/0/0,5798:1747647654166:,1747647660653
counter/7/0/0/0,5101:1747647653434:,1747647660653
counter/7/0/0/0,5102:1747647653434:,1747647660653
counter/7/0/0/0,5103:1747647653434:,1747647660653
counter/7/0/0/0,5104:1747647653434:,1747647660653
counter/7/0/0/0,5105:1747647653434:,1747647660653
counter/7/0/0/0,5106:1747647653434:,1747647660653
counter/9/0/0/0,5583:1747647653892:,1747647660653
counter/10/0/0/0,5092:1747647653509:,1747647660653
counter/10/0/0/0,5093:1747647653509:,1747647660653
counter/10/0/0/0,5094:1747647653509:,1747647660653
counter/10/0/0/0,5095:1747647653509:,1747647660653
counter/10/0/0/0,5096:1747647653509:,1747647660653
counter/10/0/0/0,5097:1747647653509:,1747647660653
counter/10/0/0/0,5098:1747647653509:,1747647660653
counter/10/0/0/0,5099:1747647653509:,1747647660653
counter/10/0/0/0,5100:1747647653509:,1747647660653
counter/6/0/0/0,4814:1747647653631:,1747647660653
counter/3/0/0/0,5457:1747647653733:,1747647660653
counter/1/0/0/0,5799:1747647654166:,1747647660653
counter/5/0/0/0,5496:1747647653714:,1747647660654
counter/1/0/0/0,5800:1747647654166:,1747647660654
counter/7/0/0/0,5107:1747647653446:,1747647660654
counter/7/0/0/0,5108:1747647653446:,1747647660654
counter/7/0/0/0,5109:1747647653446:,1747647660654
counter/7/0/0/0,5110:1747647653446:,1747647660654
counter/7/0/0/0,5111:1747647653446:,1747647660654
counter/7/0/0/0,5112:1747647653446:,1747647660654
counter/8/0/0/0,5615:1747647653459:,1747647660655
counter/7/0/0/0,5113:1747647653446:,1747647660655
counter/7/0/0/0,5114:1747647653451:,1747647660655
counter/7/0/0/0,5115:1747647653451:,1747647660655
counter/7/0/0/0,5116:1747647653451:,1747647660655
counter/1/0/0/0,5801:1747647654166:,1747647660656
counter/10/0/0/0,5101:1747647653509:,1747647660656
counter/10/0/0/0,5102:1747647653509:,1747647660656
counter/10/0/0/0,5103:1747647653509:,1747647660656
counter/10/0/0/0,5104:1747647653509:,1747647660656
counter/6/0/0/0,4815:1747647653633:,1747647660657
counter/1/0/0/0,5802:1747647654167:,1747647660657
counter/4/0/0/0,5714:1747647654219:,1747647660657
counter/1/0/0/0,5803:1747647654167:,1747647660657
counter/2/0/0/0,4986:1747647653039:,1747647660657
counter/2/0/0/0,4987:1747647653039:,1747647660657
counter/2/0/0/0,4988:1747647653039:,1747647660657
counter/2/0/0/0,4989:1747647653039:,1747647660657
counter/10/0/0/0,5105:1747647653509:,1747647660657
counter/10/0/0/0,5106:1747647653509:,1747647660657
counter/10/0/0/0,5107:1747647653509:,1747647660657
counter/10/0/0/0,5108:1747647653509:,1747647660657
counter/10/0/0/0,5109:1747647653509:,1747647660657
counter/10/0/0/0,5110:1747647653509:,1747647660657
counter/3/0/0/0,5458:1747647653734:,1747647660657
counter/5/0/0/0,5497:1747647653714:,1747647660657
counter/2/0/0/0,4990:1747647653039:,1747647660658
counter/2/0/0/0,4991:1747647653039:,1747647660660
counter/2/0/0/0,4992:1747647653039:,1747647660660
counter/2/0/0/0,4993:1747647653039:,1747647660660
counter/2/0/0/0,4994:1747647653040:,1747647660660
counter/2/0/0/0,4995:1747647653040:,1747647660660
counter/2/0/0/0,4996:1747647653040:,1747647660660
counter/2/0/0/0,4997:1747647653040:,1747647660660
counter/9/0/0/0,5584:1747647653892:,1747647660661
counter/10/0/0/0,5111:1747647653509:,1747647660661
counter/10/0/0/0,5112:1747647653510:,1747647660662
counter/4/0/0/0,5715:1747647654219:,1747647660662
counter/10/0/0/0,5113:1747647653510:,1747647660662
counter/8/0/0/0,5616:1747647653463:,1747647660662
counter/6/0/0/0,4816:1747647653634:,1747647660662
counter/6/0/0/0,4817:1747647653634:,1747647660662
counter/2/0/0/0,4998:1747647653040:,1747647660662
counter/2/0/0/0,4999:1747647653041:,1747647660662
counter/9/0/0/0,5585:1747647653892:,1747647660663
counter/7/0/0/0,5117:1747647653451:,1747647660663
counter/7/0/0/0,5118:1747647653451:,1747647660663
counter/7/0/0/0,5119:1747647653451:,1747647660663
counter/5/0/0/0,5498:1747647653714:,1747647660663
counter/5/0/0/0,5499:1747647653714:,1747647660663
counter/5/0/0/0,5500:1747647653714:,1747647660663
counter/5/0/0/0,5501:1747647653714:,1747647660663
counter/5/0/0/0,5502:1747647653714:,1747647660663
counter/5/0/0/0,5503:1747647653714:,1747647660663
counter/1/0/0/0,5804:1747647654167:,1747647660663
counter/1/0/0/0,5805:1747647654167:,1747647660663
counter/1/0/0/0,5806:1747647654167:,1747647660663
counter/1/0/0/0,5807:1747647654167:,1747647660663
counter/1/0/0/0,5808:1747647654167:,1747647660664
counter/10/0/0/0,5114:1747647653510:,1747647660664
counter/2/0/0/0,5000:1747647653041:,1747647660664
counter/5/0/0/0,5504:1747647653714:,1747647660664
counter/5/0/0/0,5505:1747647653714:,1747647660665
counter/8/0/0/0,5617:1747647653463:,1747647660665
counter/8/0/0/0,5618:1747647653463:,1747647660665
counter/8/0/0/0,5619:1747647653463:,1747647660665
counter/8/0/0/0,5620:1747647653463:,1747647660665
counter/8/0/0/0,5621:1747647653463:,1747647660665
counter/8/0/0/0,5622:1747647653464:,1747647660665
counter/6/0/0/0,4818:1747647653634:,1747647660666
counter/1/0/0/0,5809:1747647654167:,1747647660666
counter/3/0/0/0,5459:1747647653734:,1747647660666
counter/9/0/0/0,5586:1747647653892:,1747647660666
counter/10/0/0/0,5115:1747647653510:,1747647660666
counter/10/0/0/0,5116:1747647653510:,1747647660666
counter/10/0/0/0,5117:1747647653510:,1747647660666
counter/10/0/0/0,5118:1747647653510:,1747647660666
counter/10/0/0/0,5119:1747647653510:,1747647660666
counter/10/0/0/0,5120:1747647653510:,1747647660667
counter/10/0/0/0,5121:1747647653510:,1747647660667
counter/10/0/0/0,5122:1747647653510:,1747647660667
counter/10/0/0/0,5123:1747647653510:,1747647660667
counter/10/0/0/0,5124:1747647653510:,1747647660667
counter/10/0/0/0,5125:1747647653510:,1747647660667
counter/10/0/0/0,5126:1747647653510:,1747647660667
counter/10/0/0/0,5127:1747647653510:,1747647660667
counter/4/0/0/0,5716:1747647654219:,1747647660667
counter/4/0/0/0,5717:1747647654219:,1747647660667
counter/4/0/0/0,5718:1747647654219:,1747647660667
counter/4/0/0/0,5719:1747647654219:,1747647660667
counter/2/0/0/0,5001:1747647653041:,1747647660668
counter/2/0/0/0,5002:1747647653041:,1747647660668
counter/2/0/0/0,5003:1747647653041:,1747647660668
counter/2/0/0/0,5004:1747647653041:,1747647660668
counter/2/0/0/0,5005:1747647653041:,1747647660668
counter/3/0/0/0,5460:1747647653734:,1747647660668
counter/8/0/0/0,5623:1747647653464:,1747647660669
counter/8/0/0/0,5624:1747647653464:,1747647660669
counter/1/0/0/0,5810:1747647654167:,1747647660669
counter/8/0/0/0,5625:1747647653465:,1747647660669
counter/5/0/0/0,5506:1747647653714:,1747647660669
counter/8/0/0/0,5626:1747647653465:,1747647660669
counter/5/0/0/0,5507:1747647653715:,1747647660669
counter/5/0/0/0,5508:1747647653715:,1747647660669
counter/5/0/0/0,5509:1747647653715:,1747647660669
counter/5/0/0/0,5510:1747647653717:,1747647660669
counter/6/0/0/0,4819:1747647653634:,1747647660669
counter/2/0/0/0,5006:1747647653041:,1747647660669
counter/2/0/0/0,5007:1747647653041:,1747647660669
counter/2/0/0/0,5008:1747647653041:,1747647660669
counter/2/0/0/0,5009:1747647653041:,1747647660669
counter/2/0/0/0,5010:1747647653041:,1747647660669
counter/2/0/0/0,5011:1747647653041:,1747647660669
counter/2/0/0/0,5012:1747647653041:,1747647660669
counter/2/0/0/0,5013:1747647653041:,1747647660669
counter/8/0/0/0,5627:1747647653465:,1747647660670
counter/8/0/0/0,5628:1747647653465:,1747647660670
counter/1/0/0/0,5811:1747647654167:,1747647660671
counter/1/0/0/0,5812:1747647654167:,1747647660671
counter/7/0/0/0,5120:1747647653451:,1747647660671
counter/1/0/0/0,5813:1747647654167:,1747647660671
counter/1/0/0/0,5814:1747647654167:,1747647660671
counter/1/0/0/0,5815:1747647654167:,1747647660671
counter/9/0/0/0,5587:1747647653892:,1747647660671
counter/9/0/0/0,5588:1747647653892:,1747647660671
counter/10/0/0/0,5128:1747647653510:,1747647660671
counter/10/0/0/0,5129:1747647653510:,1747647660671
counter/2/0/0/0,5014:1747647653041:,1747647660671
counter/8/0/0/0,5629:1747647653465:,1747647660671
counter/8/0/0/0,5630:1747647653465:,1747647660671
counter/8/0/0/0,5631:1747647653465:,1747647660671
counter/8/0/0/0,5632:1747647653465:,1747647660671
counter/8/0/0/0,5633:1747647653465:,1747647660671
counter/4/0/0/0,5720:1747647654219:,1747647660671
counter/4/0/0/0,5721:1747647654219:,1747647660671
counter/4/0/0/0,5722:1747647654219:,1747647660671
counter/4/0/0/0,5723:1747647654236:,1747647660671
counter/4/0/0/0,5724:1747647654236:,1747647660671
counter/4/0/0/0,5725:1747647654236:,1747647660671
counter/4/0/0/0,5726:1747647654236:,1747647660671
counter/4/0/0/0,5727:1747647654236:,1747647660671
counter/1/0/0/0,5816:1747647654167:,1747647660672
counter/4/0/0/0,5728:1747647654237:,1747647660672
counter/1/0/0/0,5817:1747647654167:,1747647660672
counter/6/0/0/0,4820:1747647653634:,1747647660672
counter/1/0/0/0,5818:1747647654167:,1747647660672
counter/2/0/0/0,5015:1747647653041:,1747647660672
counter/2/0/0/0,5016:1747647653041:,1747647660672
counter/2/0/0/0,5017:1747647653041:,1747647660672
counter/2/0/0/0,5018:1747647653041:,1747647660672
counter/2/0/0/0,5019:1747647653041:,1747647660672
counter/2/0/0/0,5020:1747647653041:,1747647660672
counter/2/0/0/0,5021:1747647653041:,1747647660672
counter/2/0/0/0,5022:1747647653041:,1747647660672
counter/2/0/0/0,5023:1747647653041:,1747647660672
counter/2/0/0/0,5024:1747647653041:,1747647660672
counter/10/0/0/0,5130:1747647653510:,1747647660672
counter/6/0/0/0,4821:1747647653634:,1747647660673
counter/3/0/0/0,5461:1747647653734:,1747647660673
counter/2/0/0/0,5025:1747647653041:,1747647660673
counter/8/0/0/0,5634:1747647653466:,1747647660674
counter/8/0/0/0,5635:1747647653466:,1747647660674
counter/8/0/0/0,5636:1747647653466:,1747647660674
counter/8/0/0/0,5637:1747647653466:,1747647660674
counter/8/0/0/0,5638:1747647653466:,1747647660675
counter/8/0/0/0,5639:1747647653466:,1747647660675
counter/8/0/0/0,5640:1747647653466:,1747647660675
counter/8/0/0/0,5641:1747647653466:,1747647660675
counter/8/0/0/0,5642:1747647653466:,1747647660675
counter/1/0/0/0,5819:1747647654167:,1747647660675
counter/6/0/0/0,4822:1747647653634:,1747647660675
counter/6/0/0/0,4823:1747647653634:,1747647660675
counter/10/0/0/0,5131:1747647653510:,1747647660675
counter/10/0/0/0,5132:1747647653510:,1747647660675
counter/10/0/0/0,5133:1747647653510:,1747647660675
counter/10/0/0/0,5134:1747647653510:,1747647660675
counter/9/0/0/0,5589:1747647653892:,1747647660675
counter/4/0/0/0,5729:1747647654237:,1747647660675
counter/7/0/0/0,5121:1747647653451:,1747647660676
counter/7/0/0/0,5122:1747647653451:,1747647660676
counter/8/0/0/0,5643:1747647653466:,1747647660676
counter/7/0/0/0,5123:1747647653451:,1747647660676
counter/8/0/0/0,5644:1747647653466:,1747647660676
counter/8/0/0/0,5645:1747647653466:,1747647660676
counter/8/0/0/0,5646:1747647653466:,1747647660676
counter/2/0/0/0,5026:1747647653041:,1747647660676
counter/8/0/0/0,5647:1747647653466:,1747647660676
counter/8/0/0/0,5648:1747647653466:,1747647660677
counter/8/0/0/0,5649:1747647653466:,1747647660677
counter/8/0/0/0,5650:1747647653471:,1747647660677
counter/8/0/0/0,5651:1747647653471:,1747647660677
counter/8/0/0/0,5652:1747647653471:,1747647660677
counter/7/0/0/0,5124:1747647653451:,1747647660677
counter/1/0/0/0,5820:1747647654171:,1747647660677
counter/4/0/0/0,5730:1747647654237:,1747647660678
counter/4/0/0/0,5731:1747647654237:,1747647660678
counter/4/0/0/0,5732:1747647654237:,1747647660678
counter/4/0/0/0,5733:1747647654237:,1747647660678
counter/3/0/0/0,5462:1747647653734:,1747647660678
counter/1/0/0/0,5821:1747647654173:,1747647660678
counter/8/0/0/0,5653:1747647653471:,1747647660678
counter/6/0/0/0,4824:1747647653634:,1747647660678
counter/9/0/0/0,5590:1747647653892:,1747647660678
counter/6/0/0/0,4825:1747647653634:,1747647660678
counter/8/0/0/0,5654:1747647653471:,1747647660679
counter/1/0/0/0,5822:1747647654173:,1747647660679
counter/1/0/0/0,5823:1747647654173:,1747647660680
counter/1/0/0/0,5824:1747647654173:,1747647660680
counter/1/0/0/0,5825:1747647654173:,1747647660680
counter/1/0/0/0,5826:1747647654173:,1747647660680
counter/1/0/0/0,5827:1747647654173:,1747647660680
counter/1/0/0/0,5828:1747647654173:,1747647660680
counter/1/0/0/0,5829:1747647654173:,1747647660680
counter/8/0/0/0,5655:1747647653471:,1747647660680
counter/9/0/0/0,5591:1747647653892:,1747647660680
counter/6/0/0/0,4826:1747647653634:,1747647660682
counter/6/0/0/0,4827:1747647653634:,1747647660682
counter/3/0/0/0,5463:1747647653734:,1747647660682
counter/2/0/0/0,5027:1747647653041:,1747647660682
counter/2/0/0/0,5028:1747647653041:,1747647660682
counter/2/0/0/0,5029:1747647653041:,1747647660682
counter/2/0/0/0,5030:1747647653041:,1747647660682
counter/2/0/0/0,5031:1747647653041:,1747647660682
counter/2/0/0/0,5032:1747647653041:,1747647660682
counter/2/0/0/0,5033:1747647653042:,1747647660682
counter/2/0/0/0,5034:1747647653042:,1747647660682
counter/2/0/0/0,5035:1747647653042:,1747647660682
counter/2/0/0/0,5036:1747647653042:,1747647660682
counter/2/0/0/0,5037:1747647653042:,1747647660682
counter/2/0/0/0,5038:1747647653042:,1747647660682
counter/2/0/0/0,5039:1747647653042:,1747647660682
counter/2/0/0/0,5040:1747647653042:,1747647660682
counter/3/0/0/0,5464:1747647653734:,1747647660683
counter/3/0/0/0,5465:1747647653734:,1747647660683
counter/3/0/0/0,5466:1747647653734:,1747647660683
counter/3/0/0/0,5467:1747647653736:,1747647660683
counter/3/0/0/0,5468:1747647653736:,1747647660683
counter/3/0/0/0,5469:1747647653736:,1747647660683
counter/3/0/0/0,5470:1747647653736:,1747647660683
counter/1/0/0/0,5830:1747647654173:,1747647660683
counter/4/0/0/0,5734:1747647654270:,1747647660683
counter/4/0/0/0,5735:1747647654270:,1747647660683
counter/4/0/0/0,5736:1747647654270:,1747647660683
counter/4/0/0/0,5737:1747647654270:,1747647660683
counter/4/0/0/0,5738:1747647654270:,1747647660683
counter/4/0/0/0,5739:1747647654270:,1747647660683
counter/4/0/0/0,5740:1747647654270:,1747647660683
counter/9/0/0/0,5592:1747647653892:,1747647660683
counter/10/0/0/0,5135:1747647653510:,1747647660683
counter/3/0/0/0,5471:1747647653736:,1747647660683
counter/6/0/0/0,4828:1747647653634:,1747647660683
counter/8/0/0/0,5656:1747647653471:,1747647660683
counter/3/0/0/0,5472:1747647653736:,1747647660684
counter/6/0/0/0,4829:1747647653634:,1747647660684
counter/8/0/0/0,5657:1747647653471:,1747647660684
counter/5/0/0/0,5511:1747647653717:,1747647660685
counter/5/0/0/0,5512:1747647653717:,1747647660686
counter/5/0/0/0,5513:1747647653717:,1747647660686
counter/5/0/0/0,5514:1747647653717:,1747647660686
counter/5/0/0/0,5515:1747647653717:,1747647660686
counter/5/0/0/0,5516:1747647653717:,1747647660686
counter/5/0/0/0,5517:1747647653717:,1747647660686
counter/5/0/0/0,5518:1747647653717:,1747647660686
counter/2/0/0/0,5041:1747647653042:,1747647660686
counter/5/0/0/0,5519:1747647653717:,1747647660686
counter/1/0/0/0,5831:1747647654173:,1747647660686
counter/6/0/0/0,4830:1747647653634:,1747647660686
counter/6/0/0/0,4831:1747647653634:,1747647660686
counter/2/0/0/0,5042:1747647653042:,1747647660687
counter/2/0/0/0,5043:1747647653042:,1747647660688
counter/8/0/0/0,5658:1747647653471:,1747647660688
counter/2/0/0/0,5044:1747647653042:,1747647660688
counter/6/0/0/0,4832:1747647653634:,1747647660688
counter/8/0/0/0,5659:1747647653472:,1747647660688
counter/4/0/0/0,5741:1747647654270:,1747647660689
counter/8/0/0/0,5660:1747647653472:,1747647660689
counter/7/0/0/0,5125:1747647653451:,1747647660689
counter/8/0/0/0,5661:1747647653472:,1747647660689
counter/8/0/0/0,5662:1747647653472:,1747647660689
counter/8/0/0/0,5663:1747647653472:,1747647660689
counter/8/0/0/0,5664:1747647653472:,1747647660689
counter/8/0/0/0,5665:1747647653472:,1747647660689
counter/8/0/0/0,5666:1747647653472:,1747647660689
counter/8/0/0/0,5667:1747647653472:,1747647660689
counter/8/0/0/0,5668:1747647653472:,1747647660689
counter/8/0/0/0,5669:1747647653472:,1747647660689
counter/5/0/0/0,5520:1747647653717:,1747647660689
counter/5/0/0/0,5521:1747647653717:,1747647660689
counter/1/0/0/0,5832:1747647654176:,1747647660689
counter/2/0/0/0,5045:1747647653042:,1747647660690
counter/6/0/0/0,4833:1747647653634:,1747647660690
counter/6/0/0/0,4834:1747647653635:,1747647660690
counter/8/0/0/0,5670:1747647653472:,1747647660690
counter/8/0/0/0,5671:1747647653472:,1747647660690
counter/8/0/0/0,5672:1747647653479:,1747647660690
counter/8/0/0/0,5673:1747647653479:,1747647660690
counter/8/0/0/0,5674:1747647653479:,1747647660690
counter/8/0/0/0,5675:1747647653479:,1747647660690
counter/6/0/0/0,4835:1747647653635:,1747647660691
counter/2/0/0/0,5046:1747647653042:,1747647660691
counter/2/0/0/0,5047:1747647653042:,1747647660691
counter/2/0/0/0,5048:1747647653042:,1747647660691
counter/2/0/0/0,5049:1747647653042:,1747647660691
counter/2/0/0/0,5050:1747647653042:,1747647660691
counter/2/0/0/0,5051:1747647653042:,1747647660691
counter/2/0/0/0,5052:1747647653042:,1747647660692
counter/2/0/0/0,5053:1747647653042:,1747647660692
counter/2/0/0/0,5054:1747647653042:,1747647660692
counter/6/0/0/0,4836:1747647653635:,1747647660692
counter/2/0/0/0,5055:1747647653042:,1747647660692
counter/2/0/0/0,5056:1747647653042:,1747647660692
counter/1/0/0/0,5833:1747647654176:,1747647660692
counter/3/0/0/0,5473:1747647653736:,1747647660692
counter/1/0/0/0,5834:1747647654176:,1747647660692
counter/4/0/0/0,5742:1747647654271:,1747647660692
counter/1/0/0/0,5835:1747647654181:,1747647660692
counter/7/0/0/0,5126:1747647653451:,1747647660692
counter/9/0/0/0,5593:1747647653908:,1747647660692
counter/6/0/0/0,4837:1747647653635:,1747647660692
counter/5/0/0/0,5522:1747647653717:,1747647660692
counter/4/0/0/0,5743:1747647654272:,1747647660692
counter/1/0/0/0,5836:1747647654181:,1747647660692
counter/7/0/0/0,5127:1747647653451:,1747647660692
counter/7/0/0/0,5128:1747647653451:,1747647660692
counter/7/0/0/0,5129:1747647653451:,1747647660692
counter/7/0/0/0,5130:1747647653451:,1747647660692
counter/7/0/0/0,5131:1747647653451:,1747647660692
counter/7/0/0/0,5132:1747647653451:,1747647660693
counter/7/0/0/0,5133:1747647653451:,1747647660693
counter/7/0/0/0,5134:1747647653452:,1747647660693
counter/7/0/0/0,5135:1747647653452:,1747647660693
counter/7/0/0/0,5136:1747647653452:,1747647660693
counter/7/0/0/0,5137:1747647653452:,1747647660693
counter/2/0/0/0,5057:1747647653042:,1747647660693
counter/3/0/0/0,5474:1747647653736:,1747647660693
counter/4/0/0/0,5744:1747647654272:,1747647660693
counter/3/0/0/0,5475:1747647653736:,1747647660693
counter/3/0/0/0,5476:1747647653736:,1747647660693
counter/3/0/0/0,5477:1747647653736:,1747647660693
counter/3/0/0/0,5478:1747647653736:,1747647660693
counter/9/0/0/0,5594:1747647653908:,1747647660693
counter/2/0/0/0,5058:1747647653042:,1747647660693
counter/4/0/0/0,5745:1747647654272:,1747647660694
counter/4/0/0/0,5746:1747647654272:,1747647660694
counter/4/0/0/0,5747:1747647654272:,1747647660694
counter/4/0/0/0,5748:1747647654272:,1747647660694
counter/4/0/0/0,5749:1747647654272:,1747647660694
counter/4/0/0/0,5750:1747647654272:,1747647660694
counter/4/0/0/0,5751:1747647654272:,1747647660694
counter/4/0/0/0,5752:1747647654272:,1747647660694
counter/4/0/0/0,5753:1747647654276:,1747647660694
counter/4/0/0/0,5754:1747647654276:,1747647660694
counter/4/0/0/0,5755:1747647654276:,1747647660694
counter/4/0/0/0,5756:1747647654277:,1747647660694
counter/4/0/0/0,5757:1747647654277:,1747647660694
counter/4/0/0/0,5758:1747647654277:,1747647660694
counter/4/0/0/0,5759:1747647654277:,1747647660694
counter/4/0/0/0,5760:1747647654277:,1747647660694
counter/4/0/0/0,5761:1747647654277:,1747647660694
counter/4/0/0/0,5762:1747647654277:,1747647660694
counter/1/0/0/0,5837:1747647654181:,1747647660694
counter/10/0/0/0,5136:1747647653510:,1747647660694
counter/1/0/0/0,5838:1747647654181:,1747647660694
counter/7/0/0/0,5138:1747647653452:,1747647660694
counter/4/0/0/0,5763:1747647654277:,1747647660694
counter/4/0/0/0,5764:1747647654277:,1747647660694
counter/4/0/0/0,5765:1747647654277:,1747647660694
counter/4/0/0/0,5766:1747647654277:,1747647660694
counter/7/0/0/0,5139:1747647653452:,1747647660695
counter/5/0/0/0,5523:1747647653717:,1747647660695
counter/2/0/0/0,5059:1747647653042:,1747647660695
counter/2/0/0/0,5060:1747647653042:,1747647660695
counter/2/0/0/0,5061:1747647653042:,1747647660695
counter/6/0/0/0,4838:1747647653635:,1747647660695
counter/4/0/0/0,5767:1747647654277:,1747647660695
counter/5/0/0/0,5524:1747647653717:,1747647660695
counter/2/0/0/0,5062:1747647653042:,1747647660695
counter/5/0/0/0,5525:1747647653717:,1747647660695
counter/7/0/0/0,5140:1747647653452:,1747647660695
counter/7/0/0/0,5141:1747647653452:,1747647660695
counter/7/0/0/0,5142:1747647653452:,1747647660695
counter/7/0/0/0,5143:1747647653452:,1747647660695
counter/7/0/0/0,5144:1747647653452:,1747647660695
counter/7/0/0/0,5145:1747647653452:,1747647660695
counter/7/0/0/0,5146:1747647653452:,1747647660695
counter/7/0/0/0,5147:1747647653452:,1747647660695
counter/8/0/0/0,5676:1747647653479:,1747647660695
counter/10/0/0/0,5137:1747647653510:,1747647660695
counter/10/0/0/0,5138:1747647653510:,1747647660695
counter/8/0/0/0,5677:1747647653479:,1747647660696
counter/10/0/0/0,5139:1747647653511:,1747647660696
counter/8/0/0/0,5678:1747647653479:,1747647660696
counter/8/0/0/0,5679:1747647653479:,1747647660696
counter/8/0/0/0,5680:1747647653479:,1747647660696
counter/1/0/0/0,5839:1747647654181:,1747647660696
counter/8/0/0/0,5681:1747647653479:,1747647660696
counter/9/0/0/0,5595:1747647653908:,1747647660696
counter/6/0/0/0,4839:1747647653635:,1747647660697
counter/10/0/0/0,5140:1747647653516:,1747647660697
counter/6/0/0/0,4840:1747647653635:,1747647660697
counter/6/0/0/0,4841:1747647653635:,1747647660697
counter/6/0/0/0,4842:1747647653636:,1747647660697
counter/6/0/0/0,4843:1747647653636:,1747647660697
counter/6/0/0/0,4844:1747647653636:,1747647660697
counter/1/0/0/0,5840:1747647654181:,1747647660697
counter/9/0/0/0,5596:1747647653921:,1747647660697
counter/6/0/0/0,4845:1747647653636:,1747647660698
counter/10/0/0/0,5141:1747647653516:,1747647660698
counter/4/0/0/0,5768:1747647654277:,1747647660698
counter/5/0/0/0,5526:1747647653717:,1747647660698
counter/4/0/0/0,5769:1747647654277:,1747647660698
counter/4/0/0/0,5770:1747647654280:,1747647660698
counter/4/0/0/0,5771:1747647654284:,1747647660698
counter/6/0/0/0,4846:1747647653636:,1747647660698
counter/8/0/0/0,5682:1747647653479:,1747647660699
counter/3/0/0/0,5479:1747647653736:,1747647660699
counter/8/0/0/0,5683:1747647653479:,1747647660699
counter/8/0/0/0,5684:1747647653479:,1747647660699
counter/8/0/0/0,5685:1747647653479:,1747647660699
counter/7/0/0/0,5148:1747647653452:,1747647660699
counter/5/0/0/0,5527:1747647653717:,1747647660699
counter/4/0/0/0,5772:1747647654284:,1747647660699
counter/9/0/0/0,5597:1747647653921:,1747647660700
counter/8/0/0/0,5686:1747647653479:,1747647660700
counter/9/0/0/0,5598:1747647653921:,1747647660700
counter/8/0/0/0,5687:1747647653479:,1747647660700
counter/6/0/0/0,4847:1747647653636:,1747647660701
counter/10/0/0/0,5142:1747647653516:,1747647660701
counter/10/0/0/0,5143:1747647653517:,1747647660701
counter/10/0/0/0,5144:1747647653517:,1747647660701
counter/10/0/0/0,5145:1747647653517:,1747647660701
counter/3/0/0/0,5480:1747647653736:,1747647660702
counter/3/0/0/0,5481:1747647653736:,1747647660702
counter/3/0/0/0,5482:1747647653736:,1747647660702
counter/3/0/0/0,5483:1747647653739:,1747647660702
counter/3/0/0/0,5484:1747647653743:,1747647660702
counter/3/0/0/0,5485:1747647653743:,1747647660702
counter/3/0/0/0,5486:1747647653743:,1747647660702
counter/3/0/0/0,5487:1747647653743:,1747647660702
counter/3/0/0/0,5488:1747647653743:,1747647660702
counter/3/0/0/0,5489:1747647653743:,1747647660702
counter/3/0/0/0,5490:1747647653743:,1747647660702
counter/3/0/0/0,5491:1747647653743:,1747647660702
counter/3/0/0/0,5492:1747647653747:,1747647660702
counter/3/0/0/0,5493:1747647653747:,1747647660702
counter/2/0/0/0,5063:1747647653042:,1747647660702
counter/3/0/0/0,5494:1747647653751:,1747647660702
counter/3/0/0/0,5495:1747647653751:,1747647660702
counter/6/0/0/0,4848:1747647653636:,1747647660702
counter/7/0/0/0,5149:1747647653453:,1747647660703
counter/7/0/0/0,5150:1747647653453:,1747647660703
counter/7/0/0/0,5151:1747647653455:,1747647660703
counter/7/0/0/0,5152:1747647653455:,1747647660703
counter/7/0/0/0,5153:1747647653455:,1747647660703
counter/7/0/0/0,5154:1747647653455:,1747647660703
counter/7/0/0/0,5155:1747647653455:,1747647660704
counter/7/0/0/0,5156:1747647653455:,1747647660704
counter/7/0/0/0,5157:1747647653455:,1747647660704
counter/7/0/0/0,5158:1747647653455:,1747647660704
counter/10/0/0/0,5146:1747647653518:,1747647660704
counter/7/0/0/0,5159:1747647653455:,1747647660704
counter/7/0/0/0,5160:1747647653455:,1747647660704
counter/7/0/0/0,5161:1747647653455:,1747647660704
counter/9/0/0/0,5599:1747647653921:,1747647660704
counter/4/0/0/0,5773:1747647654284:,1747647660704
counter/4/0/0/0,5774:1747647654284:,1747647660704
counter/4/0/0/0,5775:1747647654284:,1747647660704
counter/4/0/0/0,5776:1747647654284:,1747647660704
counter/4/0/0/0,5777:1747647654284:,1747647660704
counter/4/0/0/0,5778:1747647654284:,1747647660704
counter/4/0/0/0,5779:1747647654284:,1747647660704
counter/4/0/0/0,5780:1747647654284:,1747647660704
counter/3/0/0/0,5496:1747647653751:,1747647660704
counter/10/0/0/0,5147:1747647653518:,1747647660704
counter/2/0/0/0,5064:1747647653042:,1747647660704
counter/1/0/0/0,5841:1747647654181:,1747647660704
counter/2/0/0/0,5065:1747647653042:,1747647660704
counter/1/0/0/0,5842:1747647654181:,1747647660705
counter/5/0/0/0,5528:1747647653726:,1747647660705
counter/8/0/0/0,5688:1747647653481:,1747647660705
counter/7/0/0/0,5162:1747647653455:,1747647660706
counter/7/0/0/0,5163:1747647653457:,1747647660706
counter/2/0/0/0,5066:1747647653042:,1747647660706
counter/7/0/0/0,5164:1747647653457:,1747647660706
counter/7/0/0/0,5165:1747647653457:,1747647660706
counter/7/0/0/0,5166:1747647653457:,1747647660706
counter/6/0/0/0,4849:1747647653636:,1747647660706
counter/7/0/0/0,5167:1747647653462:,1747647660706
counter/7/0/0/0,5168:1747647653462:,1747647660706
counter/6/0/0/0,4850:1747647653636:,1747647660707
counter/9/0/0/0,5600:1747647653937:,1747647660707
counter/9/0/0/0,5601:1747647653937:,1747647660707
counter/4/0/0/0,5781:1747647654284:,1747647660707
counter/8/0/0/0,5689:1747647653481:,1747647660708
counter/4/0/0/0,5782:1747647654284:,1747647660708
counter/5/0/0/0,5529:1747647653726:,1747647660708
counter/4/0/0/0,5783:1747647654284:,1747647660708
counter/10/0/0/0,5148:1747647653518:,1747647660708
counter/10/0/0/0,5149:1747647653518:,1747647660708
counter/10/0/0/0,5150:1747647653518:,1747647660708
counter/9/0/0/0,5602:1747647653937:,1747647660708
counter/8/0/0/0,5690:1747647653481:,1747647660709
counter/8/0/0/0,5691:1747647653481:,1747647660709
counter/8/0/0/0,5692:1747647653482:,1747647660709
counter/8/0/0/0,5693:1747647653482:,1747647660709
counter/8/0/0/0,5694:1747647653482:,1747647660710
counter/3/0/0/0,5497:1747647653751:,1747647660710
counter/8/0/0/0,5695:1747647653482:,1747647660710
counter/8/0/0/0,5696:1747647653482:,1747647660710
counter/8/0/0/0,5697:1747647653482:,1747647660710
counter/8/0/0/0,5698:1747647653483:,1747647660710
counter/8/0/0/0,5699:1747647653483:,1747647660710
counter/8/0/0/0,5700:1747647653483:,1747647660710
counter/8/0/0/0,5701:1747647653483:,1747647660710
counter/1/0/0/0,5843:1747647654181:,1747647660710
counter/1/0/0/0,5844:1747647654181:,1747647660710
counter/4/0/0/0,5784:1747647654284:,1747647660710
counter/2/0/0/0,5067:1747647653042:,1747647660710
counter/2/0/0/0,5068:1747647653042:,1747647660710
counter/2/0/0/0,5069:1747647653042:,1747647660711
counter/2/0/0/0,5070:1747647653042:,1747647660711
counter/2/0/0/0,5071:1747647653042:,1747647660711
counter/2/0/0/0,5072:1747647653042:,1747647660711
counter/2/0/0/0,5073:1747647653042:,1747647660711
counter/2/0/0/0,5074:1747647653043:,1747647660711
counter/2/0/0/0,5075:1747647653043:,1747647660711
counter/2/0/0/0,5076:1747647653043:,1747647660711
counter/2/0/0/0,5077:1747647653043:,1747647660711
counter/5/0/0/0,5530:1747647653726:,1747647660711
counter/5/0/0/0,5531:1747647653726:,1747647660711
counter/5/0/0/0,5532:1747647653726:,1747647660711
counter/6/0/0/0,4851:1747647653636:,1747647660712
counter/7/0/0/0,5169:1747647653462:,1747647660712
counter/1/0/0/0,5845:1747647654181:,1747647660713
counter/1/0/0/0,5846:1747647654181:,1747647660713
counter/1/0/0/0,5847:1747647654182:,1747647660713
counter/2/0/0/0,5078:1747647653043:,1747647660713
counter/5/0/0/0,5533:1747647653726:,1747647660713
counter/4/0/0/0,5785:1747647654285:,1747647660713
counter/4/0/0/0,5786:1747647654290:,1747647660713
counter/4/0/0/0,5787:1747647654290:,1747647660713
counter/10/0/0/0,5151:1747647653518:,1747647660714
counter/8/0/0/0,5702:1747647653483:,1747647660714
counter/1/0/0/0,5848:1747647654182:,1747647660714
counter/1/0/0/0,5849:1747647654182:,1747647660714
counter/2/0/0/0,5079:1747647653043:,1747647660714
counter/7/0/0/0,5170:1747647653462:,1747647660714
counter/8/0/0/0,5703:1747647653483:,1747647660714
counter/2/0/0/0,5080:1747647653051:,1747647660714
counter/8/0/0/0,5704:1747647653483:,1747647660714
counter/8/0/0/0,5705:1747647653483:,1747647660715
counter/8/0/0/0,5706:1747647653483:,1747647660715
counter/8/0/0/0,5707:1747647653490:,1747647660715
counter/8/0/0/0,5708:1747647653490:,1747647660715
counter/8/0/0/0,5709:1747647653490:,1747647660715
counter/7/0/0/0,5171:1747647653462:,1747647660715
counter/7/0/0/0,5172:1747647653462:,1747647660715
counter/7/0/0/0,5173:1747647653462:,1747647660715
counter/7/0/0/0,5174:1747647653462:,1747647660715
counter/7/0/0/0,5175:1747647653462:,1747647660715
counter/7/0/0/0,5176:1747647653462:,1747647660715
counter/7/0/0/0,5177:1747647653462:,1747647660715
counter/5/0/0/0,5534:1747647653727:,1747647660715
counter/6/0/0/0,4852:1747647653636:,1747647660715
counter/10/0/0/0,5152:1747647653518:,1747647660715
counter/6/0/0/0,4853:1747647653636:,1747647660715
counter/1/0/0/0,5850:1747647654182:,1747647660715
counter/9/0/0/0,5603:1747647653937:,1747647660715
counter/2/0/0/0,5081:1747647653052:,1747647660715
counter/9/0/0/0,5604:1747647653937:,1747647660716
counter/9/0/0/0,5605:1747647653937:,1747647660716
counter/9/0/0/0,5606:1747647653937:,1747647660716
counter/2/0/0/0,5082:1747647653052:,1747647660716
counter/6/0/0/0,4854:1747647653636:,1747647660716
counter/6/0/0/0,4855:1747647653636:,1747647660716
counter/8/0/0/0,5710:1747647653490:,1747647660716
counter/9/0/0/0,5607:1747647653937:,1747647660716
counter/1/0/0/0,5851:1747647654182:,1747647660716
counter/1/0/0/0,5852:1747647654182:,1747647660716
counter/4/0/0/0,5788:1747647654290:,1747647660716
counter/1/0/0/0,5853:1747647654182:,1747647660717
counter/1/0/0/0,5854:1747647654182:,1747647660717
counter/1/0/0/0,5855:1747647654182:,1747647660717
counter/1/0/0/0,5856:1747647654182:,1747647660717
counter/1/0/0/0,5857:1747647654182:,1747647660717
counter/8/0/0/0,5711:1747647653490:,1747647660718
counter/8/0/0/0,5712:1747647653490:,1747647660718
counter/8/0/0/0,5713:1747647653490:,1747647660718
counter/8/0/0/0,5714:1747647653490:,1747647660718
counter/8/0/0/0,5715:1747647653490:,1747647660718
counter/8/0/0/0,5716:1747647653490:,1747647660718
counter/4/0/0/0,5789:1747647654290:,1747647660718
counter/4/0/0/0,5790:1747647654290:,1747647660718
counter/4/0/0/0,5791:1747647654290:,1747647660718
counter/4/0/0/0,5792:1747647654290:,1747647660718
counter/4/0/0/0,5793:1747647654290:,1747647660718
counter/4/0/0/0,5794:1747647654290:,1747647660719
counter/4/0/0/0,5795:1747647654307:,1747647660719
counter/4/0/0/0,5796:1747647654307:,1747647660719
counter/6/0/0/0,4856:1747647653638:,1747647660719
counter/6/0/0/0,4857:1747647653638:,1747647660719
counter/6/0/0/0,4858:1747647653638:,1747647660719
counter/9/0/0/0,5608:1747647653937:,1747647660719
counter/8/0/0/0,5717:1747647653490:,1747647660719
counter/9/0/0/0,5609:1747647653939:,1747647660719
counter/4/0/0/0,5797:1747647654307:,1747647660719
counter/7/0/0/0,5178:1747647653473:,1747647660720
counter/2/0/0/0,5083:1747647653052:,1747647660720
counter/7/0/0/0,5179:1747647653473:,1747647660720
counter/2/0/0/0,5084:1747647653056:,1747647660720
counter/2/0/0/0,5085:1747647653056:,1747647660720
counter/2/0/0/0,5086:1747647653056:,1747647660720
counter/2/0/0/0,5087:1747647653056:,1747647660720
counter/2/0/0/0,5088:1747647653056:,1747647660720
counter/2/0/0/0,5089:1747647653056:,1747647660720
counter/9/0/0/0,5610:1747647653940:,1747647660720
counter/3/0/0/0,5498:1747647653751:,1747647660721
counter/6/0/0/0,4859:1747647653638:,1747647660721
counter/6/0/0/0,4860:1747647653638:,1747647660721
counter/6/0/0/0,4861:1747647653638:,1747647660721
counter/6/0/0/0,4862:1747647653638:,1747647660721
counter/6/0/0/0,4863:1747647653638:,1747647660721
counter/6/0/0/0,4864:1747647653638:,1747647660721
counter/6/0/0/0,4865:1747647653638:,1747647660721
counter/6/0/0/0,4866:1747647653638:,1747647660721
counter/6/0/0/0,4867:1747647653653:,1747647660721
counter/6/0/0/0,4868:1747647653653:,1747647660721
counter/6/0/0/0,4869:1747647653654:,1747647660721
counter/8/0/0/0,5718:1747647653490:,1747647660722
counter/10/0/0/0,5153:1747647653518:,1747647660722
counter/4/0/0/0,5798:1747647654307:,1747647660722
counter/10/0/0/0,5154:1747647653518:,1747647660722
counter/2/0/0/0,5090:1747647653056:,1747647660722
counter/5/0/0/0,5535:1747647653727:,1747647660722
counter/9/0/0/0,5611:1747647653940:,1747647660722
counter/9/0/0/0,5612:1747647653940:,1747647660722
counter/8/0/0/0,5719:1747647653490:,1747647660723
counter/8/0/0/0,5720:1747647653490:,1747647660723
counter/8/0/0/0,5721:1747647653490:,1747647660724
counter/8/0/0/0,5722:1747647653491:,1747647660724
counter/8/0/0/0,5723:1747647653491:,1747647660724
counter/10/0/0/0,5155:1747647653518:,1747647660724
counter/8/0/0/0,5724:1747647653491:,1747647660724
counter/8/0/0/0,5725:1747647653491:,1747647660724
counter/8/0/0/0,5726:1747647653491:,1747647660724
counter/9/0/0/0,5613:1747647653941:,1747647660724
counter/4/0/0/0,5799:1747647654307:,1747647660725
counter/4/0/0/0,5800:1747647654307:,1747647660725
counter/4/0/0/0,5801:1747647654310:,1747647660725
counter/4/0/0/0,5802:1747647654310:,1747647660725
counter/4/0/0/0,5803:1747647654310:,1747647660725
counter/4/0/0/0,5804:1747647654310:,1747647660725
counter/4/0/0/0,5805:1747647654312:,1747647660725
counter/4/0/0/0,5806:1747647654312:,1747647660725
counter/4/0/0/0,5807:1747647654312:,1747647660725
counter/4/0/0/0,5808:1747647654312:,1747647660725
counter/4/0/0/0,5809:1747647654312:,1747647660725
counter/4/0/0/0,5810:1747647654312:,1747647660725
counter/4/0/0/0,5811:1747647654312:,1747647660725
counter/4/0/0/0,5812:1747647654312:,1747647660725
counter/8/0/0/0,5727:1747647653491:,1747647660725
counter/4/0/0/0,5813:1747647654312:,1747647660725
counter/4/0/0/0,5814:1747647654312:,1747647660725
counter/4/0/0/0,5815:1747647654312:,1747647660725
counter/4/0/0/0,5816:1747647654312:,1747647660725
counter/4/0/0/0,5817:1747647654312:,1747647660725
counter/8/0/0/0,5728:1747647653491:,1747647660725
counter/2/0/0/0,5091:1747647653056:,1747647660726
counter/1/0/0/0,5858:1747647654182:,1747647660726
counter/7/0/0/0,5180:1747647653473:,1747647660726
counter/1/0/0/0,5859:1747647654182:,1747647660726
counter/1/0/0/0,5860:1747647654182:,1747647660726
counter/1/0/0/0,5861:1747647654182:,1747647660726
counter/1/0/0/0,5862:1747647654182:,1747647660726
counter/1/0/0/0,5863:1747647654202:,1747647660726
counter/5/0/0/0,5536:1747647653727:,1747647660726
counter/6/0/0/0,4870:1747647653654:,1747647660726
counter/2/0/0/0,5092:1747647653059:,1747647660726
counter/6/0/0/0,4871:1747647653654:,1747647660726
counter/7/0/0/0,5181:1747647653473:,1747647660726
counter/7/0/0/0,5182:1747647653473:,1747647660726
counter/7/0/0/0,5183:1747647653473:,1747647660726
counter/7/0/0/0,5184:1747647653473:,1747647660727
counter/7/0/0/0,5185:1747647653489:,1747647660727
counter/7/0/0/0,5186:1747647653492:,1747647660727
counter/7/0/0/0,5187:1747647653492:,1747647660727
counter/7/0/0/0,5188:1747647653492:,1747647660727
counter/7/0/0/0,5189:1747647653492:,1747647660727
counter/7/0/0/0,5190:1747647653492:,1747647660727
counter/7/0/0/0,5191:1747647653492:,1747647660727
counter/7/0/0/0,5192:1747647653492:,1747647660727
counter/8/0/0/0,5729:1747647653491:,1747647660727
counter/9/0/0/0,5614:1747647653941:,1747647660727
counter/9/0/0/0,5615:1747647653941:,1747647660727
counter/8/0/0/0,5730:1747647653491:,1747647660728
counter/8/0/0/0,5731:1747647653491:,1747647660728
counter/8/0/0/0,5732:1747647653491:,1747647660728
counter/8/0/0/0,5733:1747647653491:,1747647660728
counter/1/0/0/0,5864:1747647654202:,1747647660728
counter/8/0/0/0,5734:1747647653491:,1747647660728
counter/1/0/0/0,5865:1747647654202:,1747647660728
counter/8/0/0/0,5735:1747647653499:,1747647660728
counter/8/0/0/0,5736:1747647653499:,1747647660728
counter/8/0/0/0,5737:1747647653499:,1747647660728
counter/8/0/0/0,5738:1747647653499:,1747647660728
counter/8/0/0/0,5739:1747647653499:,1747647660728
counter/2/0/0/0,5093:1747647653059:,1747647660728
counter/10/0/0/0,5156:1747647653518:,1747647660728
counter/10/0/0/0,5157:1747647653518:,1747647660728
counter/10/0/0/0,5158:1747647653518:,1747647660728
counter/10/0/0/0,5159:1747647653518:,1747647660729
counter/9/0/0/0,5616:1747647653941:,1747647660729
counter/9/0/0/0,5617:1747647653941:,1747647660729
counter/9/0/0/0,5618:1747647653941:,1747647660729
counter/9/0/0/0,5619:1747647653941:,1747647660729
counter/9/0/0/0,5620:1747647653941:,1747647660729
counter/1/0/0/0,5866:1747647654202:,1747647660729
counter/9/0/0/0,5621:1747647653941:,1747647660729
counter/9/0/0/0,5622:1747647653941:,1747647660729
counter/9/0/0/0,5623:1747647653942:,1747647660729
counter/9/0/0/0,5624:1747647653942:,1747647660729
counter/9/0/0/0,5625:1747647653942:,1747647660729
counter/7/0/0/0,5193:1747647653492:,1747647660729
counter/9/0/0/0,5626:1747647653942:,1747647660730
counter/7/0/0/0,5194:1747647653496:,1747647660730
counter/7/0/0/0,5195:1747647653496:,1747647660730
counter/7/0/0/0,5196:1747647653496:,1747647660730
counter/4/0/0/0,5818:1747647654312:,1747647660730
counter/7/0/0/0,5197:1747647653496:,1747647660730
counter/7/0/0/0,5198:1747647653496:,1747647660730
counter/7/0/0/0,5199:1747647653496:,1747647660730
counter/8/0/0/0,5740:1747647653499:,1747647660730
counter/7/0/0/0,5200:1747647653496:,1747647660730
counter/7/0/0/0,5201:1747647653496:,1747647660730
counter/10/0/0/0,5160:1747647653518:,1747647660730
counter/7/0/0/0,5202:1747647653496:,1747647660730
counter/7/0/0/0,5203:1747647653499:,1747647660730
counter/2/0/0/0,5094:1747647653059:,1747647660730
counter/7/0/0/0,5204:1747647653499:,1747647660730
counter/2/0/0/0,5095:1747647653059:,1747647660730
counter/2/0/0/0,5096:1747647653059:,1747647660730
counter/2/0/0/0,5097:1747647653059:,1747647660730
counter/2/0/0/0,5098:1747647653059:,1747647660730
counter/2/0/0/0,5099:1747647653059:,1747647660730
counter/2/0/0/0,5100:1747647653059:,1747647660730
counter/2/0/0/0,5101:1747647653059:,1747647660730
counter/2/0/0/0,5102:1747647653059:,1747647660730
counter/1/0/0/0,5867:1747647654202:,1747647660730
counter/4/0/0/0,5819:1747647654312:,1747647660730
counter/4/0/0/0,5820:1747647654312:,1747647660731
counter/4/0/0/0,5821:1747647654312:,1747647660731
counter/9/0/0/0,5627:1747647653943:,1747647660731
counter/7/0/0/0,5205:1747647653499:,1747647660731
counter/3/0/0/0,5499:1747647653751:,1747647660731
counter/2/0/0/0,5103:1747647653059:,1747647660731
counter/3/0/0/0,5500:1747647653751:,1747647660731
counter/3/0/0/0,5501:1747647653751:,1747647660731
counter/3/0/0/0,5502:1747647653751:,1747647660731
counter/3/0/0/0,5503:1747647653752:,1747647660731
counter/3/0/0/0,5504:1747647653752:,1747647660731
counter/3/0/0/0,5505:1747647653752:,1747647660731
counter/3/0/0/0,5506:1747647653753:,1747647660731
counter/3/0/0/0,5507:1747647653753:,1747647660731
counter/1/0/0/0,5868:1747647654202:,1747647660731
counter/8/0/0/0,5741:1747647653499:,1747647660731
counter/8/0/0/0,5742:1747647653499:,1747647660731
counter/8/0/0/0,5743:1747647653499:,1747647660731
counter/8/0/0/0,5744:1747647653521:,1747647660731
counter/10/0/0/0,5161:1747647653518:,1747647660731
counter/7/0/0/0,5206:1747647653499:,1747647660731
counter/7/0/0/0,5207:1747647653508:,1747647660731
counter/7/0/0/0,5208:1747647653508:,1747647660731
counter/2/0/0/0,5104:1747647653059:,1747647660731
counter/7/0/0/0,5209:1747647653508:,1747647660731
counter/2/0/0/0,5105:1747647653059:,1747647660731
counter/7/0/0/0,5210:1747647653508:,1747647660731
counter/2/0/0/0,5106:1747647653059:,1747647660732
counter/2/0/0/0,5107:1747647653059:,1747647660732
counter/2/0/0/0,5108:1747647653059:,1747647660732
counter/2/0/0/0,5109:1747647653063:,1747647660732
counter/2/0/0/0,5110:1747647653065:,1747647660732
counter/2/0/0/0,5111:1747647653065:,1747647660732
counter/2/0/0/0,5112:1747647653066:,1747647660732
counter/2/0/0/0,5113:1747647653066:,1747647660732
counter/2/0/0/0,5114:1747647653066:,1747647660732
counter/2/0/0/0,5115:1747647653067:,1747647660732
counter/2/0/0/0,5116:1747647653067:,1747647660732
counter/2/0/0/0,5117:1747647653067:,1747647660732
counter/2/0/0/0,5118:1747647653069:,1747647660732
counter/2/0/0/0,5119:1747647653069:,1747647660732
counter/2/0/0/0,5120:1747647653074:,1747647660732
counter/2/0/0/0,5121:1747647653075:,1747647660732
counter/2/0/0/0,5122:1747647653075:,1747647660732
counter/2/0/0/0,5123:1747647653075:,1747647660732
counter/2/0/0/0,5124:1747647653075:,1747647660732
counter/2/0/0/0,5125:1747647653075:,1747647660732
counter/8/0/0/0,5745:1747647653521:,1747647660732
counter/6/0/0/0,4872:1747647653654:,1747647660732
counter/6/0/0/0,4873:1747647653654:,1747647660732
counter/4/0/0/0,5822:1747647654312:,1747647660732
counter/2/0/0/0,5126:1747647653075:,1747647660732
counter/2/0/0/0,5127:1747647653075:,1747647660732
counter/2/0/0/0,5128:1747647653075:,1747647660732
counter/2/0/0/0,5129:1747647653075:,1747647660732
counter/2/0/0/0,5130:1747647653075:,1747647660732
counter/7/0/0/0,5211:1747647653508:,1747647660732
counter/2/0/0/0,5131:1747647653075:,1747647660732
counter/2/0/0/0,5132:1747647653080:,1747647660732
counter/2/0/0/0,5133:1747647653088:,1747647660733
counter/2/0/0/0,5134:1747647653088:,1747647660733
counter/6/0/0/0,4874:1747647653654:,1747647660733
counter/8/0/0/0,5746:1747647653521:,1747647660733
counter/8/0/0/0,5747:1747647653521:,1747647660733
counter/8/0/0/0,5748:1747647653521:,1747647660733
counter/8/0/0/0,5749:1747647653521:,1747647660733
counter/8/0/0/0,5750:1747647653521:,1747647660733
counter/8/0/0/0,5751:1747647653521:,1747647660733
counter/5/0/0/0,5537:1747647653727:,1747647660733
counter/10/0/0/0,5162:1747647653525:,1747647660733
counter/2/0/0/0,5135:1747647653088:,1747647660733
counter/2/0/0/0,5136:1747647653088:,1747647660733
counter/2/0/0/0,5137:1747647653088:,1747647660733
counter/2/0/0/0,5138:1747647653088:,1747647660733
counter/2/0/0/0,5139:1747647653089:,1747647660733
counter/2/0/0/0,5140:1747647653095:,1747647660733
counter/2/0/0/0,5141:1747647653095:,1747647660733
counter/2/0/0/0,5142:1747647653095:,1747647660733
counter/2/0/0/0,5143:1747647653095:,1747647660733
counter/2/0/0/0,5144:1747647653095:,1747647660733
counter/2/0/0/0,5145:1747647653095:,1747647660733
counter/2/0/0/0,5146:1747647653095:,1747647660733
counter/2/0/0/0,5147:1747647653095:,1747647660733
counter/2/0/0/0,5148:1747647653095:,1747647660733
counter/2/0/0/0,5149:1747647653099:,1747647660733
counter/2/0/0/0,5150:1747647653099:,1747647660733
counter/2/0/0/0,5151:1747647653099:,1747647660733
counter/2/0/0/0,5152:1747647653099:,1747647660734
counter/2/0/0/0,5153:1747647653099:,1747647660734
counter/8/0/0/0,5752:1747647653521:,1747647660734
counter/2/0/0/0,5154:1747647653106:,1747647660734
counter/4/0/0/0,5823:1747647654312:,1747647660734
counter/4/0/0/0,5824:1747647654313:,1747647660734
counter/4/0/0/0,5825:1747647654313:,1747647660734
counter/4/0/0/0,5826:1747647654342:,1747647660734
counter/4/0/0/0,5827:1747647654342:,1747647660734
counter/10/0/0/0,5163:1747647653525:,1747647660734
counter/4/0/0/0,5828:1747647654343:,1747647660734
counter/7/0/0/0,5212:1747647653508:,1747647660734
counter/7/0/0/0,5213:1747647653508:,1747647660734
counter/7/0/0/0,5214:1747647653514:,1747647660734
counter/7/0/0/0,5215:1747647653534:,1747647660734
counter/7/0/0/0,5216:1747647653534:,1747647660734
counter/7/0/0/0,5217:1747647653544:,1747647660734
counter/7/0/0/0,5218:1747647653544:,1747647660735
counter/7/0/0/0,5219:1747647653561:,1747647660735
counter/7/0/0/0,5220:1747647653561:,1747647660735
counter/7/0/0/0,5221:1747647653561:,1747647660735
counter/7/0/0/0,5222:1747647653561:,1747647660735
counter/7/0/0/0,5223:1747647653561:,1747647660735
counter/7/0/0/0,5224:1747647653561:,1747647660735
counter/7/0/0/0,5225:1747647653561:,1747647660735
counter/7/0/0/0,5226:1747647653561:,1747647660735
counter/7/0/0/0,5227:1747647653561:,1747647660735
counter/7/0/0/0,5228:1747647653561:,1747647660735
counter/7/0/0/0,5229:1747647653562:,1747647660735
counter/7/0/0/0,5230:1747647653562:,1747647660735
counter/7/0/0/0,5231:1747647653562:,1747647660735
counter/1/0/0/0,5869:1747647654202:,1747647660735
counter/7/0/0/0,5232:1747647653562:,1747647660735
counter/1/0/0/0,5870:1747647654202:,1747647660735
counter/1/0/0/0,5871:1747647654202:,1747647660735
counter/1/0/0/0,5872:1747647654213:,1747647660736
counter/1/0/0/0,5873:1747647654213:,1747647660736
counter/1/0/0/0,5874:1747647654213:,1747647660736
counter/1/0/0/0,5875:1747647654214:,1747647660736
counter/10/0/0/0,5164:1747647653525:,1747647660736
counter/10/0/0/0,5165:1747647653525:,1747647660736
counter/4/0/0/0,5829:1747647654343:,1747647660736
counter/10/0/0/0,5166:1747647653525:,1747647660736
counter/10/0/0/0,5167:1747647653525:,1747647660736
counter/10/0/0/0,5168:1747647653525:,1747647660736
counter/10/0/0/0,5169:1747647653525:,1747647660736
counter/10/0/0/0,5170:1747647653528:,1747647660736
counter/5/0/0/0,5538:1747647653727:,1747647660736
counter/8/0/0/0,5753:1747647653521:,1747647660736
counter/8/0/0/0,5754:1747647653521:,1747647660736
counter/1/0/0/0,5876:1747647654214:,1747647660736
counter/2/0/0/0,5155:1747647653107:,1747647660736
counter/1/0/0/0,5877:1747647654214:,1747647660736
counter/6/0/0/0,4875:1747647653655:,1747647660736
counter/6/0/0/0,4876:1747647653655:,1747647660736
counter/8/0/0/0,5755:1747647653521:,1747647660737
counter/2/0/0/0,5156:1747647653108:,1747647660737
counter/8/0/0/0,5756:1747647653521:,1747647660737
counter/8/0/0/0,5757:1747647653522:,1747647660737
counter/8/0/0/0,5758:1747647653525:,1747647660737
counter/1/0/0/0,5878:1747647654214:,1747647660737
counter/8/0/0/0,5759:1747647653526:,1747647660737
counter/4/0/0/0,5830:1747647654343:,1747647660737
counter/5/0/0/0,5539:1747647653727:,1747647660737
counter/2/0/0/0,5157:1747647653108:,1747647660737
counter/2/0/0/0,5158:1747647653108:,1747647660737
counter/2/0/0/0,5159:1747647653108:,1747647660737
counter/2/0/0/0,5160:1747647653108:,1747647660737
counter/2/0/0/0,5161:1747647653108:,1747647660737
counter/2/0/0/0,5162:1747647653108:,1747647660737
counter/2/0/0/0,5163:1747647653108:,1747647660737
counter/2/0/0/0,5164:1747647653108:,1747647660737
counter/2/0/0/0,5165:1747647653108:,1747647660737
counter/2/0/0/0,5166:1747647653110:,1747647660738
counter/2/0/0/0,5167:1747647653110:,1747647660738
counter/10/0/0/0,5171:1747647653528:,1747647660738
counter/2/0/0/0,5168:1747647653111:,1747647660738
counter/3/0/0/0,5508:1747647653753:,1747647660738
counter/9/0/0/0,5628:1747647653943:,1747647660738
counter/9/0/0/0,5629:1747647653943:,1747647660738
counter/4/0/0/0,5831:1747647654343:,1747647660738
counter/2/0/0/0,5169:1747647653111:,1747647660739
counter/2/0/0/0,5170:1747647653111:,1747647660739
counter/2/0/0/0,5171:1747647653111:,1747647660740
counter/2/0/0/0,5172:1747647653111:,1747647660740
counter/2/0/0/0,5173:1747647653111:,1747647660740
counter/1/0/0/0,5879:1747647654216:,1747647660740
counter/2/0/0/0,5174:1747647653111:,1747647660740
counter/3/0/0/0,5509:1747647653754:,1747647660740
counter/2/0/0/0,5175:1747647653112:,1747647660740
counter/3/0/0/0,5510:1747647653754:,1747647660740
counter/2/0/0/0,5176:1747647653112:,1747647660740
counter/2/0/0/0,5177:1747647653112:,1747647660740
counter/2/0/0/0,5178:1747647653112:,1747647660740
counter/5/0/0/0,5540:1747647653727:,1747647660740
counter/8/0/0/0,5760:1747647653526:,1747647660740
counter/9/0/0/0,5630:1747647653943:,1747647660740
counter/1/0/0/0,5880:1747647654217:,1747647660744
counter/6/0/0/0,4877:1747647653655:,1747647660744
counter/4/0/0/0,5832:1747647654343:,1747647660745
counter/4/0/0/0,5833:1747647654343:,1747647660745
counter/4/0/0/0,5834:1747647654343:,1747647660745
counter/4/0/0/0,5835:1747647654343:,1747647660745
counter/4/0/0/0,5836:1747647654343:,1747647660745
counter/4/0/0/0,5837:1747647654343:,1747647660745
counter/4/0/0/0,5838:1747647654343:,1747647660745
counter/4/0/0/0,5839:1747647654343:,1747647660745
counter/4/0/0/0,5840:1747647654343:,1747647660745
counter/4/0/0/0,5841:1747647654343:,1747647660745
counter/4/0/0/0,5842:1747647654343:,1747647660745
counter/4/0/0/0,5843:1747647654343:,1747647660745
counter/4/0/0/0,5844:1747647654343:,1747647660745
counter/4/0/0/0,5845:1747647654343:,1747647660745
counter/1/0/0/0,5881:1747647654224:,1747647660747
counter/1/0/0/0,5882:1747647654224:,1747647660747
counter/1/0/0/0,5883:1747647654224:,1747647660747
counter/1/0/0/0,5884:1747647654225:,1747647660747
counter/1/0/0/0,5885:1747647654226:,1747647660747
counter/8/0/0/0,5761:1747647653526:,1747647660747
counter/8/0/0/0,5762:1747647653526:,1747647660747
counter/8/0/0/0,5763:1747647653526:,1747647660747
counter/8/0/0/0,5764:1747647653527:,1747647660747
counter/8/0/0/0,5765:1747647653527:,1747647660747
counter/6/0/0/0,4878:1747647653655:,1747647660748
counter/6/0/0/0,4879:1747647653655:,1747647660749
counter/6/0/0/0,4880:1747647653658:,1747647660749
counter/6/0/0/0,4881:1747647653658:,1747647660749
counter/6/0/0/0,4882:1747647653658:,1747647660749
counter/6/0/0/0,4883:1747647653658:,1747647660749
counter/3/0/0/0,5511:1747647653754:,1747647660749
counter/3/0/0/0,5512:1747647653754:,1747647660749
counter/4/0/0/0,5846:1747647654344:,1747647660749
counter/4/0/0/0,5847:1747647654344:,1747647660749
counter/4/0/0/0,5848:1747647654344:,1747647660749
counter/4/0/0/0,5849:1747647654344:,1747647660749
counter/4/0/0/0,5850:1747647654344:,1747647660749
counter/4/0/0/0,5851:1747647654345:,1747647660749
counter/5/0/0/0,5541:1747647653727:,1747647660749
counter/5/0/0/0,5542:1747647653738:,1747647660749
counter/5/0/0/0,5543:1747647653738:,1747647660749
counter/2/0/0/0,5179:1747647653113:,1747647660749
counter/2/0/0/0,5180:1747647653113:,1747647660749
counter/2/0/0/0,5181:1747647653113:,1747647660749
counter/5/0/0/0,5544:1747647653739:,1747647660750
counter/5/0/0/0,5545:1747647653739:,1747647660750
counter/5/0/0/0,5546:1747647653742:,1747647660750
counter/5/0/0/0,5547:1747647653742:,1747647660750
counter/5/0/0/0,5548:1747647653742:,1747647660750
counter/6/0/0/0,4884:1747647653658:,1747647660750
counter/8/0/0/0,5766:1747647653527:,1747647660751
counter/3/0/0/0,5513:1747647653754:,1747647660751
counter/2/0/0/0,5182:1747647653113:,1747647660751
counter/2/0/0/0,5183:1747647653120:,1747647660751
counter/7/0/0/0,5233:1747647653562:,1747647660751
counter/2/0/0/0,5184:1747647653120:,1747647660751
counter/2/0/0/0,5185:1747647653120:,1747647660751
counter/2/0/0/0,5186:1747647653120:,1747647660751
counter/2/0/0/0,5187:1747647653120:,1747647660751
counter/9/0/0/0,5631:1747647653943:,1747647660751
counter/9/0/0/0,5632:1747647653943:,1747647660751
counter/9/0/0/0,5633:1747647653943:,1747647660751
counter/9/0/0/0,5634:1747647653943:,1747647660751
counter/9/0/0/0,5635:1747647653943:,1747647660751
counter/6/0/0/0,4885:1747647653658:,1747647660751
counter/9/0/0/0,5636:1747647653943:,1747647660753
counter/9/0/0/0,5637:1747647653943:,1747647660753
counter/9/0/0/0,5638:1747647653952:,1747647660753
counter/9/0/0/0,5639:1747647653952:,1747647660753
counter/9/0/0/0,5640:1747647653952:,1747647660753
counter/9/0/0/0,5641:1747647653952:,1747647660753
counter/9/0/0/0,5642:1747647653952:,1747647660753
counter/9/0/0/0,5643:1747647653952:,1747647660753
counter/9/0/0/0,5644:1747647653952:,1747647660753
counter/9/0/0/0,5645:1747647653952:,1747647660753
counter/9/0/0/0,5646:1747647653952:,1747647660753
counter/8/0/0/0,5767:1747647653527:,1747647660755
counter/8/0/0/0,5768:1747647653528:,1747647660755
counter/8/0/0/0,5769:1747647653528:,1747647660755
counter/8/0/0/0,5770:1747647653528:,1747647660755
counter/9/0/0/0,5647:1747647653954:,1747647660755
counter/3/0/0/0,5514:1747647653754:,1747647660755
counter/4/0/0/0,5852:1747647654345:,1747647660756
counter/8/0/0/0,5771:1747647653528:,1747647660756
counter/8/0/0/0,5772:1747647653529:,1747647660756
counter/8/0/0/0,5773:1747647653529:,1747647660756
counter/8/0/0/0,5774:1747647653530:,1747647660756
counter/8/0/0/0,5775:1747647653530:,1747647660756
counter/8/0/0/0,5776:1747647653530:,1747647660756
counter/6/0/0/0,4886:1747647653658:,1747647660757
counter/8/0/0/0,5777:1747647653530:,1747647660757
counter/3/0/0/0,5515:1747647653754:,1747647660757
counter/9/0/0/0,5648:1747647653954:,1747647660758
counter/1/0/0/0,5886:1747647654226:,1747647660758
counter/5/0/0/0,5549:1747647653742:,1747647660758
counter/5/0/0/0,5550:1747647653742:,1747647660758
counter/5/0/0/0,5551:1747647653742:,1747647660758
counter/5/0/0/0,5552:1747647653742:,1747647660759
counter/5/0/0/0,5553:1747647653742:,1747647660759
counter/5/0/0/0,5554:1747647653742:,1747647660759
counter/2/0/0/0,5188:1747647653123:,1747647660759
counter/6/0/0/0,4887:1747647653658:,1747647660759
counter/9/0/0/0,5649:1747647653954:,1747647660759
counter/1/0/0/0,5887:1747647654226:,1747647660759
counter/8/0/0/0,5778:1747647653530:,1747647660760
counter/8/0/0/0,5779:1747647653530:,1747647660760
counter/8/0/0/0,5780:1747647653530:,1747647660760
counter/8/0/0/0,5781:1747647653530:,1747647660760
counter/8/0/0/0,5782:1747647653530:,1747647660761
counter/8/0/0/0,5783:1747647653530:,1747647660761
counter/8/0/0/0,5784:1747647653530:,1747647660761
counter/8/0/0/0,5785:1747647653530:,1747647660761
counter/8/0/0/0,5786:1747647653530:,1747647660761
counter/8/0/0/0,5787:1747647653531:,1747647660761
counter/8/0/0/0,5788:1747647653531:,1747647660761
counter/5/0/0/0,5555:1747647653742:,1747647660761
counter/2/0/0/0,5189:1747647653123:,1747647660761
counter/2/0/0/0,5190:1747647653123:,1747647660761
counter/2/0/0/0,5191:1747647653124:,1747647660761
counter/2/0/0/0,5192:1747647653124:,1747647660761
counter/9/0/0/0,5650:1747647653954:,1747647660762
counter/8/0/0/0,5789:1747647653531:,1747647660762
counter/7/0/0/0,5234:1747647653562:,1747647660762
counter/7/0/0/0,5235:1747647653572:,1747647660762
counter/7/0/0/0,5236:1747647653572:,1747647660762
counter/7/0/0/0,5237:1747647653572:,1747647660762
counter/7/0/0/0,5238:1747647653572:,1747647660763
counter/10/0/0/0,5172:1747647653528:,1747647660763
counter/6/0/0/0,4888:1747647653658:,1747647660763
counter/3/0/0/0,5516:1747647653754:,1747647660763
counter/6/0/0/0,4889:1747647653658:,1747647660763
counter/4/0/0/0,5853:1747647654345:,1747647660763
counter/1/0/0/0,5888:1747647654226:,1747647660763
counter/9/0/0/0,5651:1747647653958:,1747647660764
counter/8/0/0/0,5790:1747647653531:,1747647660764
counter/9/0/0/0,5652:1747647653958:,1747647660764
counter/8/0/0/0,5791:1747647653531:,1747647660764
counter/8/0/0/0,5792:1747647653531:,1747647660764
counter/8/0/0/0,5793:1747647653531:,1747647660764
counter/8/0/0/0,5794:1747647653531:,1747647660764
counter/8/0/0/0,5795:1747647653531:,1747647660764
counter/8/0/0/0,5796:1747647653531:,1747647660764
counter/1/0/0/0,5889:1747647654226:,1747647660764
counter/8/0/0/0,5797:1747647653531:,1747647660764
counter/5/0/0/0,5556:1747647653742:,1747647660764
counter/1/0/0/0,5890:1747647654226:,1747647660765
counter/10/0/0/0,5173:1747647653528:,1747647660765
counter/10/0/0/0,5174:1747647653528:,1747647660765
counter/10/0/0/0,5175:1747647653528:,1747647660765
counter/10/0/0/0,5176:1747647653528:,1747647660765
counter/10/0/0/0,5177:1747647653528:,1747647660765
counter/10/0/0/0,5178:1747647653528:,1747647660765
counter/10/0/0/0,5179:1747647653528:,1747647660765
counter/10/0/0/0,5180:1747647653528:,1747647660765
counter/10/0/0/0,5181:1747647653528:,1747647660765
counter/10/0/0/0,5182:1747647653528:,1747647660765
counter/10/0/0/0,5183:1747647653528:,1747647660766
counter/8/0/0/0,5798:1747647653531:,1747647660766
counter/8/0/0/0,5799:1747647653535:,1747647660766
counter/8/0/0/0,5800:1747647653535:,1747647660766
counter/8/0/0/0,5801:1747647653535:,1747647660766
counter/8/0/0/0,5802:1747647653535:,1747647660766
counter/8/0/0/0,5803:1747647653535:,1747647660766
counter/2/0/0/0,5193:1747647653124:,1747647660766
counter/1/0/0/0,5891:1747647654226:,1747647660766
counter/3/0/0/0,5517:1747647653754:,1747647660766
counter/1/0/0/0,5892:1747647654226:,1747647660766
counter/1/0/0/0,5893:1747647654227:,1747647660766
counter/7/0/0/0,5239:1747647653572:,1747647660766
counter/10/0/0/0,5184:1747647653528:,1747647660766
counter/10/0/0/0,5185:1747647653530:,1747647660766
counter/10/0/0/0,5186:1747647653530:,1747647660766
counter/10/0/0/0,5187:1747647653530:,1747647660766
counter/10/0/0/0,5188:1747647653530:,1747647660766
counter/10/0/0/0,5189:1747647653530:,1747647660766
counter/9/0/0/0,5653:1747647653958:,1747647660766
counter/8/0/0/0,5804:1747647653535:,1747647660767
counter/9/0/0/0,5654:1747647653958:,1747647660767
counter/9/0/0/0,5655:1747647653958:,1747647660767
counter/9/0/0/0,5656:1747647653958:,1747647660767
counter/2/0/0/0,5194:1747647653124:,1747647660767
counter/2/0/0/0,5195:1747647653129:,1747647660767
counter/2/0/0/0,5196:1747647653129:,1747647660767
counter/2/0/0/0,5197:1747647653129:,1747647660767
counter/2/0/0/0,5198:1747647653129:,1747647660767
counter/2/0/0/0,5199:1747647653129:,1747647660767
counter/2/0/0/0,5200:1747647653129:,1747647660767
counter/2/0/0/0,5201:1747647653129:,1747647660767
counter/2/0/0/0,5202:1747647653147:,1747647660767
counter/2/0/0/0,5203:1747647653147:,1747647660767
counter/2/0/0/0,5204:1747647653147:,1747647660767
counter/2/0/0/0,5205:1747647653147:,1747647660767
counter/2/0/0/0,5206:1747647653147:,1747647660767
counter/2/0/0/0,5207:1747647653149:,1747647660767
counter/2/0/0/0,5208:1747647653149:,1747647660767
counter/10/0/0/0,5190:1747647653530:,1747647660767
counter/2/0/0/0,5209:1747647653149:,1747647660768
counter/1/0/0/0,5894:1747647654227:,1747647660769
counter/2/0/0/0,5210:1747647653149:,1747647660769
counter/1/0/0/0,5895:1747647654227:,1747647660769
counter/8/0/0/0,5805:1747647653535:,1747647660769
counter/10/0/0/0,5191:1747647653530:,1747647660769
counter/10/0/0/0,5192:1747647653530:,1747647660769
counter/10/0/0/0,5193:1747647653530:,1747647660769
counter/6/0/0/0,4890:1747647653658:,1747647660770
counter/6/0/0/0,4891:1747647653658:,1747647660770
counter/6/0/0/0,4892:1747647653658:,1747647660770
counter/3/0/0/0,5518:1747647653754:,1747647660770
counter/4/0/0/0,5854:1747647654345:,1747647660770
counter/4/0/0/0,5855:1747647654345:,1747647660770
counter/4/0/0/0,5856:1747647654345:,1747647660770
counter/8/0/0/0,5806:1747647653535:,1747647660770
counter/2/0/0/0,5211:1747647653149:,1747647660771
counter/2/0/0/0,5212:1747647653149:,1747647660771
counter/2/0/0/0,5213:1747647653149:,1747647660771
counter/2/0/0/0,5214:1747647653154:,1747647660771
counter/2/0/0/0,5215:1747647653159:,1747647660771
counter/2/0/0/0,5216:1747647653159:,1747647660771
counter/2/0/0/0,5217:1747647653159:,1747647660771
counter/1/0/0/0,5896:1747647654227:,1747647660771
counter/8/0/0/0,5807:1747647653535:,1747647660771
counter/2/0/0/0,5218:1747647653159:,1747647660771
counter/8/0/0/0,5808:1747647653536:,1747647660773
counter/9/0/0/0,5657:1747647653958:,1747647660773
counter/9/0/0/0,5658:1747647653974:,1747647660773
counter/2/0/0/0,5219:1747647653159:,1747647660773
counter/2/0/0/0,5220:1747647653159:,1747647660773
counter/2/0/0/0,5221:1747647653159:,1747647660773
counter/2/0/0/0,5222:1747647653159:,1747647660773
counter/2/0/0/0,5223:1747647653159:,1747647660773
counter/2/0/0/0,5224:1747647653159:,1747647660773
counter/2/0/0/0,5225:1747647653159:,1747647660773
counter/2/0/0/0,5226:1747647653159:,1747647660773
counter/2/0/0/0,5227:1747647653159:,1747647660773
counter/2/0/0/0,5228:1747647653159:,1747647660773
counter/9/0/0/0,5659:1747647653974:,1747647660773
counter/1/0/0/0,5897:1747647654227:,1747647660774
counter/1/0/0/0,5898:1747647654227:,1747647660774
counter/10/0/0/0,5194:1747647653532:,1747647660775
counter/9/0/0/0,5660:1747647653974:,1747647660775
counter/5/0/0/0,5557:1747647653743:,1747647660775
counter/10/0/0/0,5195:1747647653532:,1747647660775
counter/9/0/0/0,5661:1747647653974:,1747647660776
counter/5/0/0/0,5558:1747647653743:,1747647660776
counter/9/0/0/0,5662:1747647653974:,1747647660776
counter/9/0/0/0,5663:1747647653974:,1747647660776
counter/1/0/0/0,5899:1747647654227:,1747647660776
counter/2/0/0/0,5229:1747647653171:,1747647660776
counter/3/0/0/0,5519:1747647653754:,1747647660776
counter/3/0/0/0,5520:1747647653760:,1747647660776
counter/3/0/0/0,5521:1747647653760:,1747647660776
counter/3/0/0/0,5522:1747647653760:,1747647660776
counter/3/0/0/0,5523:1747647653760:,1747647660776
counter/1/0/0/0,5900:1747647654227:,1747647660777
counter/5/0/0/0,5559:1747647653743:,1747647660777
counter/5/0/0/0,5560:1747647653750:,1747647660777
counter/5/0/0/0,5561:1747647653759:,1747647660777
counter/5/0/0/0,5562:1747647653759:,1747647660777
counter/3/0/0/0,5524:1747647653760:,1747647660779
counter/3/0/0/0,5525:1747647653760:,1747647660779
counter/3/0/0/0,5526:1747647653760:,1747647660779
counter/3/0/0/0,5527:1747647653760:,1747647660779
counter/3/0/0/0,5528:1747647653760:,1747647660779
counter/3/0/0/0,5529:1747647653760:,1747647660779
counter/3/0/0/0,5530:1747647653760:,1747647660779
counter/3/0/0/0,5531:1747647653760:,1747647660779
counter/3/0/0/0,5532:1747647653760:,1747647660779
counter/7/0/0/0,5240:1747647653574:,1747647660779
counter/3/0/0/0,5533:1747647653760:,1747647660779
counter/1/0/0/0,5901:1747647654227:,1747647660779
counter/3/0/0/0,5534:1747647653760:,1747647660779
counter/3/0/0/0,5535:1747647653760:,1747647660779
counter/9/0/0/0,5664:1747647653974:,1747647660780
counter/9/0/0/0,5665:1747647653974:,1747647660780
counter/9/0/0/0,5666:1747647653974:,1747647660780
counter/9/0/0/0,5667:1747647653974:,1747647660780
counter/9/0/0/0,5668:1747647653974:,1747647660780
counter/9/0/0/0,5669:1747647653975:,1747647660780
counter/9/0/0/0,5670:1747647653975:,1747647660780
counter/1/0/0/0,5902:1747647654227:,1747647660780
counter/5/0/0/0,5563:1747647653759:,1747647660780
counter/9/0/0/0,5671:1747647653975:,1747647660780
counter/1/0/0/0,5903:1747647654227:,1747647660780
counter/8/0/0/0,5809:1747647653536:,1747647660780
counter/8/0/0/0,5810:1747647653536:,1747647660780
counter/8/0/0/0,5811:1747647653536:,1747647660780
counter/8/0/0/0,5812:1747647653540:,1747647660780
counter/8/0/0/0,5813:1747647653566:,1747647660780
counter/8/0/0/0,5814:1747647653566:,1747647660780
counter/8/0/0/0,5815:1747647653566:,1747647660780
counter/8/0/0/0,5816:1747647653566:,1747647660780
counter/8/0/0/0,5817:1747647653566:,1747647660780
counter/6/0/0/0,4893:1747647653659:,1747647660780
counter/5/0/0/0,5564:1747647653759:,1747647660780
counter/5/0/0/0,5565:1747647653759:,1747647660781
counter/5/0/0/0,5566:1747647653759:,1747647660781
counter/5/0/0/0,5567:1747647653759:,1747647660781
counter/5/0/0/0,5568:1747647653759:,1747647660781
counter/5/0/0/0,5569:1747647653759:,1747647660781
counter/5/0/0/0,5570:1747647653759:,1747647660781
counter/5/0/0/0,5571:1747647653760:,1747647660781
counter/5/0/0/0,5572:1747647653760:,1747647660781
counter/5/0/0/0,5573:1747647653760:,1747647660781
counter/5/0/0/0,5574:1747647653771:,1747647660781
counter/5/0/0/0,5575:1747647653771:,1747647660781
counter/5/0/0/0,5576:1747647653771:,1747647660781
counter/3/0/0/0,5536:1747647653760:,1747647660781
counter/2/0/0/0,5230:1747647653175:,1747647660781
counter/2/0/0/0,5231:1747647653175:,1747647660781
counter/2/0/0/0,5232:1747647653175:,1747647660781
counter/2/0/0/0,5233:1747647653175:,1747647660781
counter/2/0/0/0,5234:1747647653175:,1747647660781
counter/2/0/0/0,5235:1747647653175:,1747647660781
counter/2/0/0/0,5236:1747647653175:,1747647660781
counter/2/0/0/0,5237:1747647653175:,1747647660781
counter/2/0/0/0,5238:1747647653175:,1747647660781
counter/2/0/0/0,5239:1747647653175:,1747647660781
counter/2/0/0/0,5240:1747647653175:,1747647660781
counter/2/0/0/0,5241:1747647653175:,1747647660781
counter/2/0/0/0,5242:1747647653175:,1747647660782
counter/2/0/0/0,5243:1747647653175:,1747647660782
counter/2/0/0/0,5244:1747647653176:,1747647660782
counter/5/0/0/0,5577:1747647653771:,1747647660782
counter/10/0/0/0,5196:1747647653532:,1747647660782
counter/10/0/0/0,5197:1747647653532:,1747647660782
counter/10/0/0/0,5198:1747647653532:,1747647660782
counter/10/0/0/0,5199:1747647653532:,1747647660782
counter/10/0/0/0,5200:1747647653532:,1747647660782
counter/10/0/0/0,5201:1747647653532:,1747647660782
counter/10/0/0/0,5202:1747647653532:,1747647660782
counter/10/0/0/0,5203:1747647653532:,1747647660782
counter/10/0/0/0,5204:1747647653532:,1747647660782
counter/10/0/0/0,5205:1747647653532:,1747647660782
counter/10/0/0/0,5206:1747647653532:,1747647660782
counter/8/0/0/0,5818:1747647653566:,1747647660782
counter/8/0/0/0,5819:1747647653566:,1747647660782
counter/8/0/0/0,5820:1747647653566:,1747647660783
counter/8/0/0/0,5821:1747647653566:,1747647660783
counter/8/0/0/0,5822:1747647653566:,1747647660783
counter/10/0/0/0,5207:1747647653532:,1747647660783
counter/2/0/0/0,5245:1747647653185:,1747647660783
counter/2/0/0/0,5246:1747647653185:,1747647660783
counter/9/0/0/0,5672:1747647653975:,1747647660783
counter/5/0/0/0,5578:1747647653771:,1747647660783
counter/7/0/0/0,5241:1747647653574:,1747647660783
counter/3/0/0/0,5537:1747647653768:,1747647660784
counter/10/0/0/0,5208:1747647653532:,1747647660784
counter/2/0/0/0,5247:1747647653185:,1747647660784
counter/2/0/0/0,5248:1747647653185:,1747647660784
counter/2/0/0/0,5249:1747647653185:,1747647660784
counter/2/0/0/0,5250:1747647653185:,1747647660785
counter/2/0/0/0,5251:1747647653187:,1747647660785
counter/2/0/0/0,5252:1747647653187:,1747647660785
counter/2/0/0/0,5253:1747647653187:,1747647660785
counter/2/0/0/0,5254:1747647653187:,1747647660785
counter/3/0/0/0,5538:1747647653880:,1747647660785
counter/8/0/0/0,5823:1747647653566:,1747647660785
counter/2/0/0/0,5255:1747647653187:,1747647660785
counter/2/0/0/0,5256:1747647653187:,1747647660785
counter/2/0/0/0,5257:1747647653187:,1747647660785
counter/3/0/0/0,5539:1747647653880:,1747647660785
counter/10/0/0/0,5209:1747647653532:,1747647660786
counter/10/0/0/0,5210:1747647653532:,1747647660786
counter/10/0/0/0,5211:1747647653537:,1747647660786
counter/10/0/0/0,5212:1747647653537:,1747647660786
counter/10/0/0/0,5213:1747647653537:,1747647660786
counter/10/0/0/0,5214:1747647653537:,1747647660786
counter/10/0/0/0,5215:1747647653537:,1747647660786
counter/10/0/0/0,5216:1747647653537:,1747647660786
counter/6/0/0/0,4894:1747647653659:,1747647660786
counter/10/0/0/0,5217:1747647653537:,1747647660786
counter/6/0/0/0,4895:1747647653675:,1747647660786
counter/6/0/0/0,4896:1747647653675:,1747647660786
counter/6/0/0/0,4897:1747647653675:,1747647660786
counter/6/0/0/0,4898:1747647653675:,1747647660786
counter/6/0/0/0,4899:1747647653675:,1747647660787
counter/6/0/0/0,4900:1747647653675:,1747647660787
counter/8/0/0/0,5824:1747647653566:,1747647660788
counter/9/0/0/0,5673:1747647653975:,1747647660789
counter/3/0/0/0,5540:1747647653880:,1747647660790
counter/3/0/0/0,5541:1747647653880:,1747647660790
counter/9/0/0/0,5674:1747647653975:,1747647660790
counter/9/0/0/0,5675:1747647653975:,1747647660790
counter/9/0/0/0,5676:1747647653976:,1747647660790
counter/9/0/0/0,5677:1747647653977:,1747647660790
counter/9/0/0/0,5678:1747647653977:,1747647660790
counter/9/0/0/0,5679:1747647653977:,1747647660790
counter/9/0/0/0,5680:1747647653977:,1747647660790
counter/9/0/0/0,5681:1747647653977:,1747647660790
counter/9/0/0/0,5682:1747647653977:,1747647660790
counter/9/0/0/0,5683:1747647653977:,1747647660791
counter/9/0/0/0,5684:1747647653977:,1747647660791
counter/9/0/0/0,5685:1747647653977:,1747647660791
counter/9/0/0/0,5686:1747647653977:,1747647660791
counter/6/0/0/0,4901:1747647653675:,1747647660791
counter/9/0/0/0,5687:1747647653977:,1747647660791
counter/9/0/0/0,5688:1747647653977:,1747647660791
counter/9/0/0/0,5689:1747647653977:,1747647660791
counter/9/0/0/0,5690:1747647653977:,1747647660791
counter/9/0/0/0,5691:1747647653977:,1747647660791
counter/9/0/0/0,5692:1747647653979:,1747647660791
counter/9/0/0/0,5693:1747647653979:,1747647660791
counter/9/0/0/0,5694:1747647653980:,1747647660791
counter/9/0/0/0,5695:1747647653985:,1747647660791
counter/9/0/0/0,5696:1747647653985:,1747647660791
counter/9/0/0/0,5697:1747647653985:,1747647660792
counter/1/0/0/0,5904:1747647654227:,1747647660792
counter/3/0/0/0,5542:1747647653880:,1747647660792
counter/9/0/0/0,5698:1747647653985:,1747647660793
counter/10/0/0/0,5218:1747647653537:,1747647660793
counter/10/0/0/0,5219:1747647653537:,1747647660793
counter/10/0/0/0,5220:1747647653537:,1747647660793
counter/10/0/0/0,5221:1747647653538:,1747647660793
counter/10/0/0/0,5222:1747647653538:,1747647660793
counter/10/0/0/0,5223:1747647653538:,1747647660793
counter/10/0/0/0,5224:1747647653538:,1747647660793
counter/10/0/0/0,5225:1747647653538:,1747647660793
counter/10/0/0/0,5226:1747647653538:,1747647660793
counter/4/0/0/0,5857:1747647654345:,1747647660793
counter/10/0/0/0,5227:1747647653538:,1747647660793
counter/6/0/0/0,4902:1747647653676:,1747647660793
counter/7/0/0/0,5242:1747647653574:,1747647660793
counter/1/0/0/0,5905:1747647654227:,1747647660793
counter/8/0/0/0,5825:1747647653569:,1747647660793
counter/1/0/0/0,5906:1747647654227:,1747647660793
counter/1/0/0/0,5907:1747647654227:,1747647660793
counter/9/0/0/0,5699:1747647653985:,1747647660793
counter/1/0/0/0,5908:1747647654227:,1747647660793
counter/8/0/0/0,5826:1747647653569:,1747647660794
counter/10/0/0/0,5228:1747647653538:,1747647660794
counter/8/0/0/0,5827:1747647653569:,1747647660794
counter/6/0/0/0,4903:1747647653676:,1747647660794
counter/9/0/0/0,5700:1747647653985:,1747647660794
counter/9/0/0/0,5701:1747647653985:,1747647660794
counter/9/0/0/0,5702:1747647653985:,1747647660794
counter/9/0/0/0,5703:1747647653985:,1747647660794
counter/9/0/0/0,5704:1747647653985:,1747647660794
counter/9/0/0/0,5705:1747647653985:,1747647660794
counter/9/0/0/0,5706:1747647653985:,1747647660794
counter/9/0/0/0,5707:1747647653985:,1747647660794
counter/9/0/0/0,5708:1747647653985:,1747647660794
counter/9/0/0/0,5709:1747647653987:,1747647660794
counter/9/0/0/0,5710:1747647653987:,1747647660794
counter/9/0/0/0,5711:1747647653987:,1747647660794
counter/9/0/0/0,5712:1747647653987:,1747647660794
counter/9/0/0/0,5713:1747647653987:,1747647660795
counter/9/0/0/0,5714:1747647653987:,1747647660795
counter/9/0/0/0,5715:1747647653987:,1747647660795
counter/9/0/0/0,5716:1747647653987:,1747647660795
counter/9/0/0/0,5717:1747647653987:,1747647660795
counter/9/0/0/0,5718:1747647653987:,1747647660795
counter/9/0/0/0,5719:1747647653987:,1747647660795
counter/9/0/0/0,5720:1747647653987:,1747647660795
counter/9/0/0/0,5721:1747647653992:,1747647660795
counter/9/0/0/0,5722:1747647653995:,1747647660795
counter/6/0/0/0,4904:1747647653676:,1747647660795
counter/3/0/0/0,5543:1747647653880:,1747647660795
counter/6/0/0/0,4905:1747647653676:,1747647660795
counter/6/0/0/0,4906:1747647653676:,1747647660795
counter/2/0/0/0,5258:1747647653187:,1747647660795
counter/6/0/0/0,4907:1747647653680:,1747647660796
counter/8/0/0/0,5828:1747647653569:,1747647660796
counter/8/0/0/0,5829:1747647653569:,1747647660796
counter/4/0/0/0,5858:1747647654345:,1747647660796
counter/5/0/0/0,5579:1747647653771:,1747647660796
counter/10/0/0/0,5229:1747647653538:,1747647660796
counter/5/0/0/0,5580:1747647653879:,1747647660796
counter/7/0/0/0,5243:1747647653574:,1747647660796
counter/2/0/0/0,5259:1747647653187:,1747647660797
counter/2/0/0/0,5260:1747647653187:,1747647660797
counter/2/0/0/0,5261:1747647653195:,1747647660797
counter/2/0/0/0,5262:1747647653195:,1747647660797
counter/2/0/0/0,5263:1747647653195:,1747647660797
counter/5/0/0/0,5581:1747647653879:,1747647660798
counter/3/0/0/0,5544:1747647653880:,1747647660798
counter/9/0/0/0,5723:1747647653995:,1747647660798
counter/9/0/0/0,5724:1747647653996:,1747647660798
counter/9/0/0/0,5725:1747647653996:,1747647660798
counter/9/0/0/0,5726:1747647654001:,1747647660798
counter/9/0/0/0,5727:1747647654012:,1747647660798
counter/9/0/0/0,5728:1747647654012:,1747647660798
counter/9/0/0/0,5729:1747647654012:,1747647660798
counter/9/0/0/0,5730:1747647654012:,1747647660798
counter/10/0/0/0,5230:1747647653538:,1747647660798
counter/8/0/0/0,5830:1747647653569:,1747647660799
counter/9/0/0/0,5731:1747647654012:,1747647660799
counter/8/0/0/0,5831:1747647653569:,1747647660799
counter/1/0/0/0,5909:1747647654227:,1747647660800
counter/1/0/0/0,5910:1747647654227:,1747647660800
counter/1/0/0/0,5911:1747647654227:,1747647660800
counter/1/0/0/0,5912:1747647654227:,1747647660800
counter/6/0/0/0,4908:1747647653681:,1747647660800
counter/6/0/0/0,4909:1747647653681:,1747647660800
counter/10/0/0/0,5231:1747647653538:,1747647660800
counter/10/0/0/0,5232:1747647653538:,1747647660800
counter/10/0/0/0,5233:1747647653538:,1747647660800
counter/10/0/0/0,5234:1747647653541:,1747647660800
counter/10/0/0/0,5235:1747647653541:,1747647660800
counter/10/0/0/0,5236:1747647653541:,1747647660800
counter/10/0/0/0,5237:1747647653541:,1747647660800
counter/10/0/0/0,5238:1747647653541:,1747647660800
counter/10/0/0/0,5239:1747647653541:,1747647660800
counter/10/0/0/0,5240:1747647653541:,1747647660800
counter/10/0/0/0,5241:1747647653541:,1747647660800
counter/10/0/0/0,5242:1747647653541:,1747647660800
counter/10/0/0/0,5243:1747647653541:,1747647660800
counter/10/0/0/0,5244:1747647653542:,1747647660801
counter/10/0/0/0,5245:1747647653542:,1747647660801
counter/10/0/0/0,5246:1747647653542:,1747647660801
counter/10/0/0/0,5247:1747647653542:,1747647660801
counter/1/0/0/0,5913:1747647654227:,1747647660801
counter/6/0/0/0,4910:1747647653681:,1747647660801
counter/4/0/0/0,5859:1747647654345:,1747647660801
counter/10/0/0/0,5248:1747647653542:,1747647660801
counter/4/0/0/0,5860:1747647654345:,1747647660801
counter/4/0/0/0,5861:1747647654346:,1747647660802
counter/4/0/0/0,5862:1747647654347:,1747647660802
counter/4/0/0/0,5863:1747647654347:,1747647660802
counter/4/0/0/0,5864:1747647654350:,1747647660802
counter/4/0/0/0,5865:1747647654359:,1747647660802
counter/4/0/0/0,5866:1747647654359:,1747647660802
counter/5/0/0/0,5582:1747647653879:,1747647660802
counter/2/0/0/0,5264:1747647653195:,1747647660803
counter/3/0/0/0,5545:1747647653880:,1747647660804
counter/4/0/0/0,5867:1747647654359:,1747647660805
counter/6/0/0/0,4911:1747647653689:,1747647660805
counter/1/0/0/0,5914:1747647654227:,1747647660805
counter/6/0/0/0,4912:1747647653689:,1747647660806
counter/2/0/0/0,5265:1747647653195:,1747647660806
counter/9/0/0/0,5732:1747647654012:,1747647660807
counter/9/0/0/0,5733:1747647654012:,1747647660807
counter/9/0/0/0,5734:1747647654013:,1747647660807
counter/9/0/0/0,5735:1747647654013:,1747647660807
counter/9/0/0/0,5736:1747647654013:,1747647660807
counter/9/0/0/0,5737:1747647654013:,1747647660807
counter/9/0/0/0,5738:1747647654013:,1747647660807
counter/9/0/0/0,5739:1747647654015:,1747647660807
counter/9/0/0/0,5740:1747647654015:,1747647660807
counter/9/0/0/0,5741:1747647654015:,1747647660807
counter/9/0/0/0,5742:1747647654015:,1747647660807
counter/9/0/0/0,5743:1747647654016:,1747647660807
counter/6/0/0/0,4913:1747647653689:,1747647660807
counter/8/0/0/0,5832:1747647653574:,1747647660808
counter/8/0/0/0,5833:1747647653574:,1747647660808
counter/8/0/0/0,5834:1747647653574:,1747647660808
counter/8/0/0/0,5835:1747647653575:,1747647660808
counter/8/0/0/0,5836:1747647653575:,1747647660808
counter/8/0/0/0,5837:1747647653576:,1747647660808
counter/8/0/0/0,5838:1747647653579:,1747647660808
counter/3/0/0/0,5546:1747647653885:,1747647660808
counter/8/0/0/0,5839:1747647653579:,1747647660809
counter/5/0/0/0,5583:1747647653879:,1747647660809
counter/3/0/0/0,5547:1747647653885:,1747647660809
counter/1/0/0/0,5915:1747647654227:,1747647660810
counter/8/0/0/0,5840:1747647653579:,1747647660811
counter/5/0/0/0,5584:1747647653879:,1747647660811
counter/5/0/0/0,5585:1747647653879:,1747647660811
counter/1/0/0/0,5916:1747647654227:,1747647660811
counter/8/0/0/0,5841:1747647653579:,1747647660812
counter/8/0/0/0,5842:1747647653579:,1747647660812
counter/6/0/0/0,4914:1747647653689:,1747647660814
counter/10/0/0/0,5249:1747647653542:,1747647660816
counter/3/0/0/0,5548:1747647653885:,1747647660817
counter/6/0/0/0,4915:1747647653689:,1747647660817
counter/6/0/0/0,4916:1747647653689:,1747647660817
counter/6/0/0/0,4917:1747647653689:,1747647660817
counter/6/0/0/0,4918:1747647653689:,1747647660817
counter/6/0/0/0,4919:1747647653690:,1747647660818
counter/6/0/0/0,4920:1747647653690:,1747647660818
counter/6/0/0/0,4921:1747647653690:,1747647660818
counter/6/0/0/0,4922:1747647653690:,1747647660818
counter/6/0/0/0,4923:1747647653690:,1747647660818
counter/6/0/0/0,4924:1747647653690:,1747647660818
counter/8/0/0/0,5843:1747647653579:,1747647660819
counter/10/0/0/0,5250:1747647653542:,1747647660819
counter/7/0/0/0,5244:1747647653574:,1747647660819
counter/1/0/0/0,5917:1747647654227:,1747647660820
counter/8/0/0/0,5844:1747647653579:,1747647660820
counter/9/0/0/0,5744:1747647654016:,1747647660820
counter/9/0/0/0,5745:1747647654016:,1747647660820
counter/9/0/0/0,5746:1747647654016:,1747647660820
counter/9/0/0/0,5747:1747647654016:,1747647660820
counter/9/0/0/0,5748:1747647654016:,1747647660820
counter/9/0/0/0,5749:1747647654016:,1747647660820
counter/9/0/0/0,5750:1747647654016:,1747647660820
counter/9/0/0/0,5751:1747647654016:,1747647660820
counter/9/0/0/0,5752:1747647654016:,1747647660821
counter/9/0/0/0,5753:1747647654016:,1747647660821
counter/9/0/0/0,5754:1747647654017:,1747647660821
counter/9/0/0/0,5755:1747647654017:,1747647660821
counter/4/0/0/0,5868:1747647654360:,1747647660821
counter/5/0/0/0,5586:1747647653879:,1747647660821
counter/5/0/0/0,5587:1747647653879:,1747647660821
counter/5/0/0/0,5588:1747647653879:,1747647660821
counter/5/0/0/0,5589:1747647653879:,1747647660821
counter/5/0/0/0,5590:1747647653879:,1747647660821
counter/5/0/0/0,5591:1747647653882:,1747647660821
counter/5/0/0/0,5592:1747647653882:,1747647660821
counter/5/0/0/0,5593:1747647653882:,1747647660821
counter/5/0/0/0,5594:1747647653882:,1747647660821
counter/5/0/0/0,5595:1747647653882:,1747647660821
counter/5/0/0/0,5596:1747647653883:,1747647660821
counter/5/0/0/0,5597:1747647653883:,1747647660821
counter/5/0/0/0,5598:1747647653883:,1747647660822
counter/10/0/0/0,5251:1747647653542:,1747647660822
counter/3/0/0/0,5549:1747647653885:,1747647660822
counter/3/0/0/0,5550:1747647653885:,1747647660822
counter/3/0/0/0,5551:1747647653885:,1747647660822
counter/3/0/0/0,5552:1747647653885:,1747647660822
counter/3/0/0/0,5553:1747647653886:,1747647660822
counter/3/0/0/0,5554:1747647653886:,1747647660822
counter/3/0/0/0,5555:1747647653886:,1747647660822
counter/8/0/0/0,5845:1747647653581:,1747647660822
counter/6/0/0/0,4925:1747647653691:,1747647660822
counter/9/0/0/0,5756:1747647654017:,1747647660822
counter/7/0/0/0,5245:1747647653574:,1747647660823
counter/2/0/0/0,5266:1747647653195:,1747647660823
counter/8/0/0/0,5846:1747647653581:,1747647660823
counter/6/0/0/0,4926:1747647653691:,1747647660823
counter/9/0/0/0,5757:1747647654040:,1747647660823
counter/6/0/0/0,4927:1747647653691:,1747647660823
counter/6/0/0/0,4928:1747647653691:,1747647660823
counter/6/0/0/0,4929:1747647653691:,1747647660823
counter/6/0/0/0,4930:1747647653691:,1747647660823
counter/6/0/0/0,4931:1747647653691:,1747647660823
counter/3/0/0/0,5556:1747647653886:,1747647660824
counter/1/0/0/0,5918:1747647654227:,1747647660824
counter/9/0/0/0,5758:1747647654040:,1747647660824
counter/4/0/0/0,5869:1747647654360:,1747647660824
counter/4/0/0/0,5870:1747647654360:,1747647660826
counter/1/0/0/0,5919:1747647654227:,1747647660826
counter/10/0/0/0,5252:1747647653542:,1747647660826
counter/10/0/0/0,5253:1747647653542:,1747647660826
counter/6/0/0/0,4932:1747647653691:,1747647660826
counter/3/0/0/0,5557:1747647653886:,1747647660827
counter/9/0/0/0,5759:1747647654040:,1747647660827
counter/10/0/0/0,5254:1747647653542:,1747647660827
counter/10/0/0/0,5255:1747647653542:,1747647660827
counter/10/0/0/0,5256:1747647653542:,1747647660828
counter/10/0/0/0,5257:1747647653542:,1747647660828
counter/10/0/0/0,5258:1747647653542:,1747647660828
counter/10/0/0/0,5259:1747647653542:,1747647660828
counter/10/0/0/0,5260:1747647653542:,1747647660828
counter/7/0/0/0,5246:1747647653574:,1747647660828
counter/9/0/0/0,5760:1747647654040:,1747647660828
counter/6/0/0/0,4933:1747647653691:,1747647660828
counter/9/0/0/0,5761:1747647654041:,1747647660829
counter/10/0/0/0,5261:1747647653542:,1747647660829
counter/10/0/0/0,5262:1747647653542:,1747647660829
counter/10/0/0/0,5263:1747647653542:,1747647660829
counter/10/0/0/0,5264:1747647653542:,1747647660829
counter/10/0/0/0,5265:1747647653542:,1747647660829
counter/10/0/0/0,5266:1747647653542:,1747647660829
counter/10/0/0/0,5267:1747647653542:,1747647660829
counter/3/0/0/0,5558:1747647653886:,1747647660829
counter/9/0/0/0,5762:1747647654041:,1747647660829
counter/3/0/0/0,5559:1747647653886:,1747647660829
counter/3/0/0/0,5560:1747647653886:,1747647660829
counter/3/0/0/0,5561:1747647653886:,1747647660830
counter/3/0/0/0,5562:1747647653886:,1747647660830
counter/10/0/0/0,5268:1747647653542:,1747647660830
counter/9/0/0/0,5763:1747647654041:,1747647660830
counter/9/0/0/0,5764:1747647654041:,1747647660830
counter/9/0/0/0,5765:1747647654041:,1747647660830
counter/7/0/0/0,5247:1747647653574:,1747647660831
counter/7/0/0/0,5248:1747647653575:,1747647660831
counter/7/0/0/0,5249:1747647653575:,1747647660831
counter/7/0/0/0,5250:1747647653577:,1747647660831
counter/7/0/0/0,5251:1747647653577:,1747647660831
counter/9/0/0/0,5766:1747647654041:,1747647660831
counter/9/0/0/0,5767:1747647654041:,1747647660831
counter/9/0/0/0,5768:1747647654041:,1747647660831
counter/3/0/0/0,5563:1747647653886:,1747647660831
counter/3/0/0/0,5564:1747647653886:,1747647660831
counter/3/0/0/0,5565:1747647653886:,1747647660832
counter/3/0/0/0,5566:1747647653886:,1747647660832
counter/9/0/0/0,5769:1747647654041:,1747647660832
counter/7/0/0/0,5252:1747647653577:,1747647660832
counter/7/0/0/0,5253:1747647653577:,1747647660832
counter/1/0/0/0,5920:1747647654231:,1747647660833
counter/9/0/0/0,5770:1747647654043:,1747647660833
counter/9/0/0/0,5771:1747647654043:,1747647660833
counter/9/0/0/0,5772:1747647654043:,1747647660833
counter/9/0/0/0,5773:1747647654043:,1747647660833
counter/9/0/0/0,5774:1747647654043:,1747647660833
counter/9/0/0/0,5775:1747647654043:,1747647660833
counter/9/0/0/0,5776:1747647654044:,1747647660833
counter/9/0/0/0,5777:1747647654044:,1747647660833
counter/4/0/0/0,5871:1747647654360:,1747647660833
counter/9/0/0/0,5778:1747647654044:,1747647660833
counter/9/0/0/0,5779:1747647654044:,1747647660833
counter/9/0/0/0,5780:1747647654044:,1747647660833
counter/10/0/0/0,5269:1747647653542:,1747647660835
counter/10/0/0/0,5270:1747647653542:,1747647660835
counter/10/0/0/0,5271:1747647653546:,1747647660835
counter/10/0/0/0,5272:1747647653546:,1747647660835
counter/10/0/0/0,5273:1747647653548:,1747647660835
counter/10/0/0/0,5274:1747647653553:,1747647660835
counter/10/0/0/0,5275:1747647653553:,1747647660835
counter/10/0/0/0,5276:1747647653553:,1747647660835
counter/10/0/0/0,5277:1747647653553:,1747647660835
counter/2/0/0/0,5267:1747647653195:,1747647660835
counter/6/0/0/0,4934:1747647653691:,1747647660835
counter/2/0/0/0,5268:1747647653195:,1747647660835
counter/3/0/0/0,5567:1747647653887:,1747647660836
counter/3/0/0/0,5568:1747647653887:,1747647660836
counter/3/0/0/0,5569:1747647653887:,1747647660836
counter/3/0/0/0,5570:1747647653887:,1747647660836
counter/3/0/0/0,5571:1747647653887:,1747647660836
counter/3/0/0/0,5572:1747647653887:,1747647660836
counter/3/0/0/0,5573:1747647653887:,1747647660836
counter/3/0/0/0,5574:1747647653889:,1747647660836
counter/5/0/0/0,5599:1747647653883:,1747647660836
counter/3/0/0/0,5575:1747647653889:,1747647660836
counter/9/0/0/0,5781:1747647654044:,1747647660836
counter/5/0/0/0,5600:1747647653883:,1747647660837
counter/5/0/0/0,5601:1747647653883:,1747647660837
counter/5/0/0/0,5602:1747647653883:,1747647660837
counter/5/0/0/0,5603:1747647653883:,1747647660837
counter/3/0/0/0,5576:1747647653889:,1747647660837
counter/3/0/0/0,5577:1747647653891:,1747647660837
counter/3/0/0/0,5578:1747647653892:,1747647660837
counter/3/0/0/0,5579:1747647653892:,1747647660837
counter/3/0/0/0,5580:1747647653892:,1747647660838
counter/8/0/0/0,5847:1747647653581:,1747647660838
counter/9/0/0/0,5782:1747647654044:,1747647660839
counter/3/0/0/0,5581:1747647653892:,1747647660839
counter/3/0/0/0,5582:1747647653892:,1747647660839
counter/3/0/0/0,5583:1747647653893:,1747647660839
counter/3/0/0/0,5584:1747647653893:,1747647660839
counter/3/0/0/0,5585:1747647653893:,1747647660839
counter/3/0/0/0,5586:1747647653893:,1747647660839
counter/3/0/0/0,5587:1747647653893:,1747647660839
counter/8/0/0/0,5848:1747647653581:,1747647660839
counter/4/0/0/0,5872:1747647654360:,1747647660839
counter/10/0/0/0,5278:1747647653553:,1747647660839
counter/8/0/0/0,5849:1747647653581:,1747647660843
counter/8/0/0/0,5850:1747647653586:,1747647660843
counter/8/0/0/0,5851:1747647653586:,1747647660843
counter/8/0/0/0,5852:1747647653586:,1747647660843
counter/8/0/0/0,5853:1747647653586:,1747647660843
counter/8/0/0/0,5854:1747647653586:,1747647660843
counter/10/0/0/0,5279:1747647653553:,1747647660843
counter/4/0/0/0,5873:1747647654361:,1747647660844
counter/1/0/0/0,5921:1747647654231:,1747647660844
counter/1/0/0/0,5922:1747647654231:,1747647660844
counter/1/0/0/0,5923:1747647654231:,1747647660844
counter/1/0/0/0,5924:1747647654231:,1747647660844
counter/1/0/0/0,5925:1747647654232:,1747647660844
counter/1/0/0/0,5926:1747647654232:,1747647660844
counter/1/0/0/0,5927:1747647654232:,1747647660844
counter/1/0/0/0,5928:1747647654232:,1747647660844
counter/1/0/0/0,5929:1747647654232:,1747647660844
counter/1/0/0/0,5930:1747647654232:,1747647660844
counter/3/0/0/0,5588:1747647653893:,1747647660845
counter/3/0/0/0,5589:1747647653893:,1747647660845
counter/3/0/0/0,5590:1747647653893:,1747647660845
counter/3/0/0/0,5591:1747647653893:,1747647660845
counter/3/0/0/0,5592:1747647653893:,1747647660846
counter/3/0/0/0,5593:1747647653893:,1747647660846
counter/3/0/0/0,5594:1747647653893:,1747647660846
counter/1/0/0/0,5931:1747647654232:,1747647660846
counter/2/0/0/0,5269:1747647653195:,1747647660846
counter/7/0/0/0,5254:1747647653577:,1747647660846
counter/6/0/0/0,4935:1747647653691:,1747647660846
counter/7/0/0/0,5255:1747647653577:,1747647660846
counter/7/0/0/0,5256:1747647653577:,1747647660846
counter/7/0/0/0,5257:1747647653577:,1747647660847
counter/7/0/0/0,5258:1747647653577:,1747647660847
counter/7/0/0/0,5259:1747647653577:,1747647660847
counter/7/0/0/0,5260:1747647653577:,1747647660847
counter/5/0/0/0,5604:1747647653883:,1747647660847
counter/10/0/0/0,5280:1747647653553:,1747647660848
counter/10/0/0/0,5281:1747647653553:,1747647660848
counter/10/0/0/0,5282:1747647653553:,1747647660848
counter/10/0/0/0,5283:1747647653553:,1747647660848
counter/6/0/0/0,4936:1747647653691:,1747647660848
counter/6/0/0/0,4937:1747647653691:,1747647660848
counter/6/0/0/0,4938:1747647653691:,1747647660848
counter/6/0/0/0,4939:1747647653691:,1747647660848
counter/6/0/0/0,4940:1747647653692:,1747647660848
counter/6/0/0/0,4941:1747647653694:,1747647660848
counter/7/0/0/0,5261:1747647653577:,1747647660848
counter/3/0/0/0,5595:1747647653893:,1747647660849
counter/3/0/0/0,5596:1747647653896:,1747647660850
counter/5/0/0/0,5605:1747647653883:,1747647660850
counter/5/0/0/0,5606:1747647653889:,1747647660850
counter/6/0/0/0,4942:1747647653694:,1747647660850
counter/6/0/0/0,4943:1747647653694:,1747647660850
counter/6/0/0/0,4944:1747647653694:,1747647660850
counter/6/0/0/0,4945:1747647653694:,1747647660850
counter/6/0/0/0,4946:1747647653694:,1747647660850
counter/6/0/0/0,4947:1747647653695:,1747647660850
counter/5/0/0/0,5607:1747647653889:,1747647660851
counter/8/0/0/0,5855:1747647653586:,1747647660851
counter/6/0/0/0,4948:1747647653696:,1747647660851
counter/6/0/0/0,4949:1747647653696:,1747647660851
counter/6/0/0/0,4950:1747647653696:,1747647660851
counter/6/0/0/0,4951:1747647653697:,1747647660851
counter/6/0/0/0,4952:1747647653697:,1747647660852
counter/6/0/0/0,4953:1747647653697:,1747647660852
counter/6/0/0/0,4954:1747647653697:,1747647660852
counter/6/0/0/0,4955:1747647653697:,1747647660852
counter/6/0/0/0,4956:1747647653705:,1747647660852
counter/6/0/0/0,4957:1747647653705:,1747647660852
counter/6/0/0/0,4958:1747647653705:,1747647660852
counter/6/0/0/0,4959:1747647653705:,1747647660852
counter/6/0/0/0,4960:1747647653705:,1747647660852
counter/6/0/0/0,4961:1747647653705:,1747647660852
counter/6/0/0/0,4962:1747647653705:,1747647660852
counter/6/0/0/0,4963:1747647653705:,1747647660852
counter/6/0/0/0,4964:1747647653705:,1747647660852
counter/6/0/0/0,4965:1747647653706:,1747647660852
counter/6/0/0/0,4966:1747647653706:,1747647660852
counter/6/0/0/0,4967:1747647653706:,1747647660853
counter/6/0/0/0,4968:1747647653706:,1747647660853
counter/6/0/0/0,4969:1747647653706:,1747647660853
counter/8/0/0/0,5856:1747647653586:,1747647660853
counter/8/0/0/0,5857:1747647653586:,1747647660853
counter/6/0/0/0,4970:1747647653706:,1747647660853
counter/6/0/0/0,4971:1747647653706:,1747647660853
counter/6/0/0/0,4972:1747647653709:,1747647660853
counter/6/0/0/0,4973:1747647653709:,1747647660853
counter/6/0/0/0,4974:1747647653710:,1747647660853
counter/6/0/0/0,4975:1747647653710:,1747647660853
counter/6/0/0/0,4976:1747647653710:,1747647660853
counter/6/0/0/0,4977:1747647653710:,1747647660853
counter/6/0/0/0,4978:1747647653710:,1747647660853
counter/2/0/0/0,5270:1747647653195:,1747647660853
counter/2/0/0/0,5271:1747647653195:,1747647660853
counter/2/0/0/0,5272:1747647653195:,1747647660853
counter/1/0/0/0,5932:1747647654232:,1747647660854
counter/1/0/0/0,5933:1747647654232:,1747647660854
counter/1/0/0/0,5934:1747647654232:,1747647660854
counter/9/0/0/0,5783:1747647654044:,1747647660854
counter/4/0/0/0,5874:1747647654361:,1747647660855
counter/1/0/0/0,5935:1747647654232:,1747647660855
counter/5/0/0/0,5608:1747647653889:,1747647660855
counter/4/0/0/0,5875:1747647654361:,1747647660856
counter/10/0/0/0,5284:1747647653553:,1747647660856
counter/9/0/0/0,5784:1747647654044:,1747647660856
counter/1/0/0/0,5936:1747647654232:,1747647660857
counter/5/0/0/0,5609:1747647653889:,1747647660857
counter/5/0/0/0,5610:1747647653889:,1747647660857
counter/5/0/0/0,5611:1747647653889:,1747647660857
counter/5/0/0/0,5612:1747647653889:,1747647660857
counter/5/0/0/0,5613:1747647653889:,1747647660857
counter/5/0/0/0,5614:1747647653889:,1747647660857
counter/5/0/0/0,5615:1747647653889:,1747647660857
counter/5/0/0/0,5616:1747647653889:,1747647660858
counter/5/0/0/0,5617:1747647653889:,1747647660858
counter/5/0/0/0,5618:1747647653889:,1747647660858
counter/5/0/0/0,5619:1747647653889:,1747647660858
counter/5/0/0/0,5620:1747647653890:,1747647660858
counter/5/0/0/0,5621:1747647653890:,1747647660858
counter/5/0/0/0,5622:1747647653890:,1747647660858
counter/10/0/0/0,5285:1747647653553:,1747647660858
counter/10/0/0/0,5286:1747647653553:,1747647660858
counter/10/0/0/0,5287:1747647653553:,1747647660858
counter/10/0/0/0,5288:1747647653556:,1747647660858
counter/10/0/0/0,5289:1747647653556:,1747647660858
counter/10/0/0/0,5290:1747647653556:,1747647660858
counter/10/0/0/0,5291:1747647653556:,1747647660859
counter/1/0/0/0,5937:1747647654232:,1747647660860
counter/5/0/0/0,5623:1747647653890:,1747647660860
counter/2/0/0/0,5273:1747647653195:,1747647660860
counter/1/0/0/0,5938:1747647654232:,1747647660861
counter/9/0/0/0,5785:1747647654046:,1747647660863
counter/2/0/0/0,5274:1747647653195:,1747647660863
counter/2/0/0/0,5275:1747647653195:,1747647660863
counter/2/0/0/0,5276:1747647653195:,1747647660863
counter/8/0/0/0,5858:1747647653586:,1747647660864
counter/2/0/0/0,5277:1747647653195:,1747647660864
counter/2/0/0/0,5278:1747647653195:,1747647660864
counter/1/0/0/0,5939:1747647654233:,1747647660864
counter/1/0/0/0,5940:1747647654233:,1747647660865
counter/1/0/0/0,5941:1747647654233:,1747647660865
counter/1/0/0/0,5942:1747647654233:,1747647660865
counter/1/0/0/0,5943:1747647654233:,1747647660865
counter/1/0/0/0,5944:1747647654233:,1747647660865
counter/1/0/0/0,5945:1747647654233:,1747647660865
counter/1/0/0/0,5946:1747647654233:,1747647660865
counter/1/0/0/0,5947:1747647654237:,1747647660865
counter/1/0/0/0,5948:1747647654237:,1747647660865
counter/1/0/0/0,5949:1747647654237:,1747647660865
counter/4/0/0/0,5876:1747647654361:,1747647660865
counter/5/0/0/0,5624:1747647653890:,1747647660865
counter/5/0/0/0,5625:1747647653890:,1747647660865
counter/1/0/0/0,5950:1747647654237:,1747647660865
counter/6/0/0/0,4979:1747647653710:,1747647660866
counter/6/0/0/0,4980:1747647653710:,1747647660866
counter/6/0/0/0,4981:1747647653710:,1747647660866
counter/6/0/0/0,4982:1747647653710:,1747647660866
counter/6/0/0/0,4983:1747647653710:,1747647660866
counter/8/0/0/0,5859:1747647653586:,1747647660866
counter/8/0/0/0,5860:1747647653586:,1747647660866
counter/8/0/0/0,5861:1747647653588:,1747647660866
counter/8/0/0/0,5862:1747647653588:,1747647660866
counter/8/0/0/0,5863:1747647653588:,1747647660866
counter/8/0/0/0,5864:1747647653588:,1747647660866
counter/8/0/0/0,5865:1747647653588:,1747647660866
counter/8/0/0/0,5866:1747647653588:,1747647660866
counter/9/0/0/0,5786:1747647654046:,1747647660866
counter/5/0/0/0,5626:1747647653890:,1747647660867
counter/5/0/0/0,5627:1747647653890:,1747647660867
counter/5/0/0/0,5628:1747647653890:,1747647660867
counter/5/0/0/0,5629:1747647653890:,1747647660867
counter/5/0/0/0,5630:1747647653890:,1747647660867
counter/5/0/0/0,5631:1747647653890:,1747647660867
counter/10/0/0/0,5292:1747647653556:,1747647660867
counter/2/0/0/0,5279:1747647653195:,1747647660867
counter/2/0/0/0,5280:1747647653195:,1747647660867
counter/2/0/0/0,5281:1747647653195:,1747647660867
counter/2/0/0/0,5282:1747647653195:,1747647660868
counter/8/0/0/0,5867:1747647653588:,1747647660868
counter/7/0/0/0,5262:1747647653577:,1747647660868
counter/7/0/0/0,5263:1747647653579:,1747647660868
counter/7/0/0/0,5264:1747647653579:,1747647660868
counter/1/0/0/0,5951:1747647654237:,1747647660869
counter/10/0/0/0,5293:1747647653556:,1747647660869
counter/3/0/0/0,5597:1747647653897:,1747647660869
counter/7/0/0/0,5265:1747647653579:,1747647660870
counter/1/0/0/0,5952:1747647654237:,1747647660870
counter/7/0/0/0,5266:1747647653579:,1747647660870
counter/7/0/0/0,5267:1747647653579:,1747647660870
counter/4/0/0/0,5877:1747647654361:,1747647660871
counter/10/0/0/0,5294:1747647653556:,1747647660871
counter/1/0/0/0,5953:1747647654239:,1747647660871
counter/3/0/0/0,5598:1747647653897:,1747647660871
counter/3/0/0/0,5599:1747647653897:,1747647660873
counter/5/0/0/0,5632:1747647653890:,1747647660874
counter/9/0/0/0,5787:1747647654046:,1747647660875
counter/8/0/0/0,5868:1747647653588:,1747647660875
counter/6/0/0/0,4984:1747647653710:,1747647660875
counter/8/0/0/0,5869:1747647653593:,1747647660876
counter/8/0/0/0,5870:1747647653593:,1747647660876
counter/3/0/0/0,5600:1747647653897:,1747647660876
counter/5/0/0/0,5633:1747647653890:,1747647660877
counter/3/0/0/0,5601:1747647653897:,1747647660877
counter/9/0/0/0,5788:1747647654046:,1747647660877
counter/9/0/0/0,5789:1747647654046:,1747647660877
counter/9/0/0/0,5790:1747647654046:,1747647660877
counter/4/0/0/0,5878:1747647654361:,1747647660878
counter/4/0/0/0,5879:1747647654370:,1747647660878
counter/9/0/0/0,5791:1747647654046:,1747647660878
counter/6/0/0/0,4985:1747647653710:,1747647660878
counter/7/0/0/0,5268:1747647653579:,1747647660878
counter/1/0/0/0,5954:1747647654239:,1747647660879
counter/1/0/0/0,5955:1747647654239:,1747647660879
counter/1/0/0/0,5956:1747647654239:,1747647660879
counter/1/0/0/0,5957:1747647654239:,1747647660879
counter/9/0/0/0,5792:1747647654046:,1747647660880
counter/3/0/0/0,5602:1747647653897:,1747647660880
counter/3/0/0/0,5603:1747647653897:,1747647660880
counter/3/0/0/0,5604:1747647653897:,1747647660880
counter/9/0/0/0,5793:1747647654046:,1747647660881
counter/1/0/0/0,5958:1747647654239:,1747647660881
counter/6/0/0/0,4986:1747647653710:,1747647660881
counter/8/0/0/0,5871:1747647653593:,1747647660881
counter/8/0/0/0,5872:1747647653593:,1747647660881
counter/8/0/0/0,5873:1747647653593:,1747647660881
counter/8/0/0/0,5874:1747647653593:,1747647660881
counter/1/0/0/0,5959:1747647654239:,1747647660882
counter/1/0/0/0,5960:1747647654240:,1747647660882
counter/1/0/0/0,5961:1747647654240:,1747647660882
counter/1/0/0/0,5962:1747647654240:,1747647660882
counter/1/0/0/0,5963:1747647654240:,1747647660882
counter/1/0/0/0,5964:1747647654240:,1747647660882
counter/6/0/0/0,4987:1747647653710:,1747647660882
counter/1/0/0/0,5965:1747647654240:,1747647660882
counter/6/0/0/0,4988:1747647653710:,1747647660883
counter/4/0/0/0,5880:1747647654382:,1747647660883
counter/10/0/0/0,5295:1747647653556:,1747647660885
counter/10/0/0/0,5296:1747647653556:,1747647660885
counter/10/0/0/0,5297:1747647653556:,1747647660885
counter/10/0/0/0,5298:1747647653556:,1747647660885
counter/10/0/0/0,5299:1747647653558:,1747647660885
counter/10/0/0/0,5300:1747647653558:,1747647660885
counter/9/0/0/0,5794:1747647654046:,1747647660885
counter/8/0/0/0,5875:1747647653593:,1747647660885
counter/8/0/0/0,5876:1747647653593:,1747647660885
counter/8/0/0/0,5877:1747647653593:,1747647660885
counter/8/0/0/0,5878:1747647653593:,1747647660886
counter/5/0/0/0,5634:1747647653890:,1747647660886
counter/2/0/0/0,5283:1747647653195:,1747647660886
counter/5/0/0/0,5635:1747647653890:,1747647660886
counter/5/0/0/0,5636:1747647653891:,1747647660886
counter/5/0/0/0,5637:1747647653891:,1747647660886
counter/5/0/0/0,5638:1747647653891:,1747647660887
counter/5/0/0/0,5639:1747647653896:,1747647660887
counter/5/0/0/0,5640:1747647653896:,1747647660887
counter/5/0/0/0,5641:1747647653896:,1747647660887
counter/1/0/0/0,5966:1747647654240:,1747647660887
counter/7/0/0/0,5269:1747647653579:,1747647660887
counter/6/0/0/0,4989:1747647653710:,1747647660887
counter/6/0/0/0,4990:1747647653710:,1747647660887
counter/6/0/0/0,4991:1747647653710:,1747647660888
counter/10/0/0/0,5301:1747647653558:,1747647660888
counter/7/0/0/0,5270:1747647653579:,1747647660889
counter/9/0/0/0,5795:1747647654046:,1747647660889
counter/7/0/0/0,5271:1747647653579:,1747647660889
counter/7/0/0/0,5272:1747647653582:,1747647660889
counter/7/0/0/0,5273:1747647653582:,1747647660889
counter/7/0/0/0,5274:1747647653582:,1747647660889
counter/7/0/0/0,5275:1747647653582:,1747647660889
counter/7/0/0/0,5276:1747647653582:,1747647660889
counter/2/0/0/0,5284:1747647653195:,1747647660890
counter/4/0/0/0,5881:1747647654385:,1747647660891
counter/2/0/0/0,5285:1747647653195:,1747647660891
counter/2/0/0/0,5286:1747647653195:,1747647660891
counter/2/0/0/0,5287:1747647653195:,1747647660891
counter/6/0/0/0,4992:1747647653710:,1747647660891
counter/6/0/0/0,4993:1747647653710:,1747647660891
counter/6/0/0/0,4994:1747647653710:,1747647660891
counter/5/0/0/0,5642:1747647653896:,1747647660892
counter/5/0/0/0,5643:1747647653896:,1747647660892
counter/6/0/0/0,4995:1747647653710:,1747647660893
counter/10/0/0/0,5302:1747647653558:,1747647660894
counter/10/0/0/0,5303:1747647653558:,1747647660894
counter/10/0/0/0,5304:1747647653558:,1747647660894
counter/10/0/0/0,5305:1747647653558:,1747647660894
counter/9/0/0/0,5796:1747647654046:,1747647660894
counter/9/0/0/0,5797:1747647654046:,1747647660894
counter/9/0/0/0,5798:1747647654046:,1747647660894
counter/10/0/0/0,5306:1747647653558:,1747647660895
counter/10/0/0/0,5307:1747647653558:,1747647660895
counter/10/0/0/0,5308:1747647653558:,1747647660895
counter/10/0/0/0,5309:1747647653558:,1747647660895
counter/10/0/0/0,5310:1747647653558:,1747647660896
counter/10/0/0/0,5311:1747647653558:,1747647660896
counter/10/0/0/0,5312:1747647653558:,1747647660896
counter/1/0/0/0,5967:1747647654240:,1747647660896
counter/6/0/0/0,4996:1747647653711:,1747647660896
counter/5/0/0/0,5644:1747647653896:,1747647660896
counter/5/0/0/0,5645:1747647653896:,1747647660896
counter/10/0/0/0,5313:1747647653559:,1747647660896
counter/10/0/0/0,5314:1747647653559:,1747647660896
counter/10/0/0/0,5315:1747647653559:,1747647660896
counter/10/0/0/0,5316:1747647653567:,1747647660897
counter/10/0/0/0,5317:1747647653567:,1747647660897
counter/1/0/0/0,5968:1747647654240:,1747647660897
counter/1/0/0/0,5969:1747647654240:,1747647660897
counter/6/0/0/0,4997:1747647653711:,1747647660897
counter/5/0/0/0,5646:1747647653896:,1747647660897
counter/5/0/0/0,5647:1747647653896:,1747647660897
counter/5/0/0/0,5648:1747647653896:,1747647660897
counter/5/0/0/0,5649:1747647653896:,1747647660897
counter/5/0/0/0,5650:1747647653896:,1747647660897
counter/5/0/0/0,5651:1747647653896:,1747647660897
counter/5/0/0/0,5652:1747647653896:,1747647660898
counter/5/0/0/0,5653:1747647653896:,1747647660898
counter/1/0/0/0,5970:1747647654240:,1747647660898
counter/5/0/0/0,5654:1747647653896:,1747647660898
counter/7/0/0/0,5277:1747647653582:,1747647660898
counter/7/0/0/0,5278:1747647653582:,1747647660898
counter/7/0/0/0,5279:1747647653582:,1747647660898
counter/7/0/0/0,5280:1747647653582:,1747647660899
counter/7/0/0/0,5281:1747647653604:,1747647660899
counter/7/0/0/0,5282:1747647653604:,1747647660899
counter/7/0/0/0,5283:1747647653604:,1747647660899
counter/7/0/0/0,5284:1747647653604:,1747647660899
counter/9/0/0/0,5799:1747647654046:,1747647660899
counter/2/0/0/0,5288:1747647653197:,1747647660899
counter/2/0/0/0,5289:1747647653200:,1747647660899
counter/2/0/0/0,5290:1747647653200:,1747647660899
counter/2/0/0/0,5291:1747647653204:,1747647660899
counter/2/0/0/0,5292:1747647653204:,1747647660899
counter/2/0/0/0,5293:1747647653204:,1747647660899
counter/2/0/0/0,5294:1747647653204:,1747647660899
counter/2/0/0/0,5295:1747647653204:,1747647660899
counter/2/0/0/0,5296:1747647653204:,1747647660900
counter/2/0/0/0,5297:1747647653204:,1747647660900
counter/2/0/0/0,5298:1747647653204:,1747647660900
counter/2/0/0/0,5299:1747647653204:,1747647660900
counter/2/0/0/0,5300:1747647653204:,1747647660900
counter/2/0/0/0,5301:1747647653209:,1747647660900
counter/2/0/0/0,5302:1747647653212:,1747647660900
counter/7/0/0/0,5285:1747647653604:,1747647660900
counter/10/0/0/0,5318:1747647653567:,1747647660900
counter/1/0/0/0,5971:1747647654241:,1747647660902
counter/1/0/0/0,5972:1747647654241:,1747647660902
counter/1/0/0/0,5973:1747647654241:,1747647660902
counter/1/0/0/0,5974:1747647654241:,1747647660902
counter/1/0/0/0,5975:1747647654241:,1747647660902
counter/1/0/0/0,5976:1747647654241:,1747647660902
counter/1/0/0/0,5977:1747647654241:,1747647660902
counter/1/0/0/0,5978:1747647654241:,1747647660902
counter/1/0/0/0,5979:1747647654241:,1747647660902
counter/6/0/0/0,4998:1747647653716:,1747647660902
counter/1/0/0/0,5980:1747647654241:,1747647660902
counter/1/0/0/0,5981:1747647654241:,1747647660902
counter/1/0/0/0,5982:1747647654241:,1747647660903
counter/1/0/0/0,5983:1747647654241:,1747647660903
counter/10/0/0/0,5319:1747647653567:,1747647660903
counter/2/0/0/0,5303:1747647653212:,1747647660903
counter/2/0/0/0,5304:1747647653212:,1747647660903
counter/9/0/0/0,5800:1747647654046:,1747647660903
counter/9/0/0/0,5801:1747647654046:,1747647660903
counter/9/0/0/0,5802:1747647654046:,1747647660903
counter/9/0/0/0,5803:1747647654046:,1747647660903
counter/9/0/0/0,5804:1747647654055:,1747647660903
counter/9/0/0/0,5805:1747647654055:,1747647660903
counter/9/0/0/0,5806:1747647654055:,1747647660903
counter/9/0/0/0,5807:1747647654055:,1747647660904
counter/9/0/0/0,5808:1747647654055:,1747647660904
counter/9/0/0/0,5809:1747647654055:,1747647660904
counter/9/0/0/0,5810:1747647654055:,1747647660904
counter/9/0/0/0,5811:1747647654055:,1747647660904
counter/3/0/0/0,5605:1747647653899:,1747647660904
counter/3/0/0/0,5606:1747647653899:,1747647660904
counter/3/0/0/0,5607:1747647653899:,1747647660904
counter/3/0/0/0,5608:1747647653899:,1747647660904
counter/3/0/0/0,5609:1747647653899:,1747647660904
counter/3/0/0/0,5610:1747647653899:,1747647660904
counter/3/0/0/0,5611:1747647653899:,1747647660904
counter/3/0/0/0,5612:1747647653899:,1747647660904
counter/3/0/0/0,5613:1747647653900:,1747647660904
counter/3/0/0/0,5614:1747647653900:,1747647660904
counter/1/0/0/0,5984:1747647654241:,1747647660904
counter/10/0/0/0,5320:1747647653567:,1747647660904
counter/6/0/0/0,4999:1747647653719:,1747647660904
counter/6/0/0/0,5000:1747647653719:,1747647660904
counter/6/0/0/0,5001:1747647653719:,1747647660904
counter/6/0/0/0,5002:1747647653719:,1747647660904
counter/6/0/0/0,5003:1747647653719:,1747647660904
counter/6/0/0/0,5004:1747647653719:,1747647660904
counter/6/0/0/0,5005:1747647653719:,1747647660904
counter/6/0/0/0,5006:1747647653719:,1747647660904
counter/3/0/0/0,5615:1747647653900:,1747647660904
counter/4/0/0/0,5882:1747647654385:,1747647660906
counter/4/0/0/0,5883:1747647654385:,1747647660906
counter/4/0/0/0,5884:1747647654385:,1747647660906
counter/4/0/0/0,5885:1747647654385:,1747647660906
counter/4/0/0/0,5886:1747647654385:,1747647660906
counter/4/0/0/0,5887:1747647654385:,1747647660906
counter/4/0/0/0,5888:1747647654385:,1747647660906
counter/4/0/0/0,5889:1747647654385:,1747647660906
counter/4/0/0/0,5890:1747647654385:,1747647660906
counter/4/0/0/0,5891:1747647654385:,1747647660906
counter/4/0/0/0,5892:1747647654385:,1747647660906
counter/4/0/0/0,5893:1747647654385:,1747647660906
counter/4/0/0/0,5894:1747647654385:,1747647660906
counter/4/0/0/0,5895:1747647654385:,1747647660906
counter/4/0/0/0,5896:1747647654401:,1747647660906
counter/4/0/0/0,5897:1747647654401:,1747647660906
counter/4/0/0/0,5898:1747647654401:,1747647660906
counter/4/0/0/0,5899:1747647654401:,1747647660906
counter/4/0/0/0,5900:1747647654401:,1747647660907
counter/9/0/0/0,5812:1747647654055:,1747647660909
counter/8/0/0/0,5879:1747647653593:,1747647660909
counter/8/0/0/0,5880:1747647653597:,1747647660909
counter/8/0/0/0,5881:1747647653597:,1747647660909
counter/8/0/0/0,5882:1747647653597:,1747647660909
counter/8/0/0/0,5883:1747647653617:,1747647660909
counter/8/0/0/0,5884:1747647653617:,1747647660909
counter/8/0/0/0,5885:1747647653617:,1747647660909
counter/8/0/0/0,5886:1747647653617:,1747647660909
counter/6/0/0/0,5007:1747647653719:,1747647660909
counter/8/0/0/0,5887:1747647653617:,1747647660909
counter/8/0/0/0,5888:1747647653617:,1747647660909
counter/8/0/0/0,5889:1747647653627:,1747647660909
counter/8/0/0/0,5890:1747647653628:,1747647660909
counter/2/0/0/0,5305:1747647653212:,1747647660912
counter/1/0/0/0,5985:1747647654241:,1747647660912
counter/8/0/0/0,5891:1747647653628:,1747647660913
counter/8/0/0/0,5892:1747647653628:,1747647660913
counter/4/0/0/0,5901:1747647654401:,1747647660914
counter/8/0/0/0,5893:1747647653628:,1747647660914
counter/4/0/0/0,5902:1747647654401:,1747647660914
counter/8/0/0/0,5894:1747647653628:,1747647660914
counter/4/0/0/0,5903:1747647654404:,1747647660914
counter/8/0/0/0,5895:1747647653628:,1747647660914
counter/4/0/0/0,5904:1747647654404:,1747647660914
counter/9/0/0/0,5813:1747647654055:,1747647660914
counter/1/0/0/0,5986:1747647654241:,1747647660914
counter/1/0/0/0,5987:1747647654241:,1747647660914
counter/1/0/0/0,5988:1747647654241:,1747647660914
counter/1/0/0/0,5989:1747647654241:,1747647660914
counter/1/0/0/0,5990:1747647654241:,1747647660914
counter/5/0/0/0,5655:1747647653898:,1747647660914
counter/10/0/0/0,5321:1747647653567:,1747647660914
counter/3/0/0/0,5616:1747647653900:,1747647660914
counter/3/0/0/0,5617:1747647653900:,1747647660914
counter/7/0/0/0,5286:1747647653604:,1747647660914
counter/7/0/0/0,5287:1747647653604:,1747647660914
counter/2/0/0/0,5306:1747647653212:,1747647660914
counter/10/0/0/0,5322:1747647653567:,1747647660916
counter/5/0/0/0,5656:1747647653898:,1747647660917
counter/5/0/0/0,5657:1747647653898:,1747647660917
counter/5/0/0/0,5658:1747647653898:,1747647660917
counter/5/0/0/0,5659:1747647653898:,1747647660918
counter/5/0/0/0,5660:1747647653898:,1747647660918
counter/6/0/0/0,5008:1747647653723:,1747647660918
counter/9/0/0/0,5814:1747647654055:,1747647660918
counter/9/0/0/0,5815:1747647654056:,1747647660918
counter/9/0/0/0,5816:1747647654056:,1747647660918
counter/6/0/0/0,5009:1747647653723:,1747647660920
counter/6/0/0/0,5010:1747647653723:,1747647660920
counter/2/0/0/0,5307:1747647653212:,1747647660920
counter/6/0/0/0,5011:1747647653723:,1747647660920
counter/6/0/0/0,5012:1747647653723:,1747647660920
counter/6/0/0/0,5013:1747647653723:,1747647660920
counter/1/0/0/0,5991:1747647654241:,1747647660920
counter/3/0/0/0,5618:1747647653900:,1747647660921
counter/4/0/0/0,5905:1747647654404:,1747647660921
counter/1/0/0/0,5992:1747647654242:,1747647660922
counter/10/0/0/0,5323:1747647653567:,1747647660922
counter/10/0/0/0,5324:1747647653567:,1747647660922
counter/3/0/0/0,5619:1747647653900:,1747647660926
counter/8/0/0/0,5896:1747647653628:,1747647660927
counter/8/0/0/0,5897:1747647653628:,1747647660927
counter/8/0/0/0,5898:1747647653631:,1747647660927
counter/8/0/0/0,5899:1747647653632:,1747647660927
counter/9/0/0/0,5817:1747647654056:,1747647660927
counter/9/0/0/0,5818:1747647654056:,1747647660927
counter/9/0/0/0,5819:1747647654056:,1747647660927
counter/9/0/0/0,5820:1747647654056:,1747647660927
counter/9/0/0/0,5821:1747647654056:,1747647660927
counter/9/0/0/0,5822:1747647654056:,1747647660927
counter/9/0/0/0,5823:1747647654056:,1747647660927
counter/9/0/0/0,5824:1747647654056:,1747647660927
counter/9/0/0/0,5825:1747647654056:,1747647660927
counter/9/0/0/0,5826:1747647654056:,1747647660927
counter/9/0/0/0,5827:1747647654056:,1747647660928
counter/9/0/0/0,5828:1747647654056:,1747647660928
counter/9/0/0/0,5829:1747647654056:,1747647660928
counter/9/0/0/0,5830:1747647654056:,1747647660928
counter/6/0/0/0,5014:1747647653723:,1747647660928
counter/5/0/0/0,5661:1747647653899:,1747647660928
counter/10/0/0/0,5325:1747647653567:,1747647660928
counter/3/0/0/0,5620:1747647653900:,1747647660928
counter/10/0/0/0,5326:1747647653567:,1747647660928
counter/3/0/0/0,5621:1747647653900:,1747647660928
counter/9/0/0/0,5831:1747647654056:,1747647660929
counter/4/0/0/0,5906:1747647654404:,1747647660929
counter/9/0/0/0,5832:1747647654056:,1747647660929
counter/2/0/0/0,5308:1747647653212:,1747647660929
counter/9/0/0/0,5833:1747647654056:,1747647660930
counter/4/0/0/0,5907:1747647654404:,1747647660930
counter/1/0/0/0,5993:1747647654242:,1747647660930
counter/1/0/0/0,5994:1747647654242:,1747647660931
counter/1/0/0/0,5995:1747647654242:,1747647660931
counter/1/0/0/0,5996:1747647654242:,1747647660931
counter/1/0/0/0,5997:1747647654242:,1747647660931
counter/8/0/0/0,5900:1747647653639:,1747647660931
counter/2/0/0/0,5309:1747647653212:,1747647660932
counter/5/0/0/0,5662:1747647653899:,1747647660933
counter/9/0/0/0,5834:1747647654056:,1747647660933
counter/9/0/0/0,5835:1747647654056:,1747647660934
counter/9/0/0/0,5836:1747647654056:,1747647660934
counter/9/0/0/0,5837:1747647654056:,1747647660934
counter/9/0/0/0,5838:1747647654056:,1747647660934
counter/9/0/0/0,5839:1747647654056:,1747647660934
counter/9/0/0/0,5840:1747647654057:,1747647660934
counter/3/0/0/0,5622:1747647653900:,1747647660934
counter/3/0/0/0,5623:1747647653900:,1747647660935
counter/9/0/0/0,5841:1747647654057:,1747647660935
counter/9/0/0/0,5842:1747647654057:,1747647660935
counter/9/0/0/0,5843:1747647654066:,1747647660935
counter/9/0/0/0,5844:1747647654066:,1747647660935
counter/9/0/0/0,5845:1747647654066:,1747647660935
counter/9/0/0/0,5846:1747647654066:,1747647660935
counter/9/0/0/0,5847:1747647654066:,1747647660935
counter/9/0/0/0,5848:1747647654066:,1747647660935
counter/9/0/0/0,5849:1747647654066:,1747647660935
counter/9/0/0/0,5850:1747647654067:,1747647660935
counter/9/0/0/0,5851:1747647654067:,1747647660935
counter/9/0/0/0,5852:1747647654067:,1747647660936
counter/9/0/0/0,5853:1747647654067:,1747647660936
counter/9/0/0/0,5854:1747647654069:,1747647660936
counter/9/0/0/0,5855:1747647654069:,1747647660936
counter/9/0/0/0,5856:1747647654069:,1747647660936
counter/9/0/0/0,5857:1747647654069:,1747647660936
counter/9/0/0/0,5858:1747647654069:,1747647660937
counter/9/0/0/0,5859:1747647654069:,1747647660937
counter/9/0/0/0,5860:1747647654069:,1747647660937
counter/6/0/0/0,5015:1747647653723:,1747647660937
counter/8/0/0/0,5901:1747647653652:,1747647660937
counter/8/0/0/0,5902:1747647653653:,1747647660937
counter/8/0/0/0,5903:1747647653653:,1747647660937
counter/1/0/0/0,5998:1747647654248:,1747647660937
counter/1/0/0/0,5999:1747647654248:,1747647660937
counter/1/0/0/0,6000:1747647654248:,1747647660937
counter/1/0/0/0,6001:1747647654248:,1747647660937
counter/10/0/0/0,5327:1747647653567:,1747647660938
counter/3/0/0/0,5624:1747647653900:,1747647660938
counter/3/0/0/0,5625:1747647653900:,1747647660939
counter/3/0/0/0,5626:1747647653900:,1747647660939
counter/3/0/0/0,5627:1747647653900:,1747647660939
counter/3/0/0/0,5628:1747647653900:,1747647660939
counter/3/0/0/0,5629:1747647653901:,1747647660939
counter/9/0/0/0,5861:1747647654069:,1747647660940
counter/9/0/0/0,5862:1747647654069:,1747647660941
counter/9/0/0/0,5863:1747647654069:,1747647660941
counter/9/0/0/0,5864:1747647654070:,1747647660941
counter/9/0/0/0,5865:1747647654070:,1747647660941
counter/9/0/0/0,5866:1747647654070:,1747647660941
counter/9/0/0/0,5867:1747647654070:,1747647660941
counter/9/0/0/0,5868:1747647654070:,1747647660942
counter/9/0/0/0,5869:1747647654070:,1747647660942
counter/9/0/0/0,5870:1747647654070:,1747647660942
counter/9/0/0/0,5871:1747647654070:,1747647660942
counter/9/0/0/0,5872:1747647654070:,1747647660942
counter/9/0/0/0,5873:1747647654070:,1747647660942
counter/5/0/0/0,5663:1747647653913:,1747647660942
counter/6/0/0/0,5016:1747647653724:,1747647660942
counter/6/0/0/0,5017:1747647653724:,1747647660942
counter/6/0/0/0,5018:1747647653724:,1747647660942
counter/6/0/0/0,5019:1747647653724:,1747647660942
counter/6/0/0/0,5020:1747647653724:,1747647660942
counter/6/0/0/0,5021:1747647653726:,1747647660942
counter/6/0/0/0,5022:1747647653727:,1747647660943
counter/9/0/0/0,5874:1747647654070:,1747647660943
counter/9/0/0/0,5875:1747647654070:,1747647660943
counter/9/0/0/0,5876:1747647654070:,1747647660943
counter/5/0/0/0,5664:1747647653913:,1747647660943
counter/4/0/0/0,5908:1747647654404:,1747647660943
counter/4/0/0/0,5909:1747647654404:,1747647660943
counter/3/0/0/0,5630:1747647653901:,1747647660944
counter/7/0/0/0,5288:1747647653604:,1747647660945
counter/7/0/0/0,5289:1747647653604:,1747647660945
counter/7/0/0/0,5290:1747647653604:,1747647660945
counter/7/0/0/0,5291:1747647653604:,1747647660945
counter/7/0/0/0,5292:1747647653604:,1747647660945
counter/7/0/0/0,5293:1747647653611:,1747647660945
counter/7/0/0/0,5294:1747647653611:,1747647660946
counter/7/0/0/0,5295:1747647653611:,1747647660946
counter/7/0/0/0,5296:1747647653611:,1747647660946
counter/7/0/0/0,5297:1747647653611:,1747647660946
counter/10/0/0/0,5328:1747647653567:,1747647660947
counter/3/0/0/0,5631:1747647653901:,1747647660947
counter/3/0/0/0,5632:1747647653901:,1747647660947
counter/8/0/0/0,5904:1747647653653:,1747647660947
counter/6/0/0/0,5023:1747647653727:,1747647660947
counter/8/0/0/0,5905:1747647653653:,1747647660947
counter/8/0/0/0,5906:1747647653653:,1747647660947
counter/9/0/0/0,5877:1747647654070:,1747647660947
counter/9/0/0/0,5878:1747647654076:,1747647660947
counter/5/0/0/0,5665:1747647653913:,1747647660947
counter/3/0/0/0,5633:1747647653901:,1747647660948
counter/3/0/0/0,5634:1747647653901:,1747647660948
counter/3/0/0/0,5635:1747647653901:,1747647660948
counter/3/0/0/0,5636:1747647653901:,1747647660948
counter/3/0/0/0,5637:1747647653901:,1747647660948
counter/3/0/0/0,5638:1747647653901:,1747647660948
counter/1/0/0/0,6002:1747647654248:,1747647660949
counter/9/0/0/0,5879:1747647654076:,1747647660949
counter/9/0/0/0,5880:1747647654076:,1747647660949
counter/9/0/0/0,5881:1747647654076:,1747647660949
counter/9/0/0/0,5882:1747647654076:,1747647660949
counter/9/0/0/0,5883:1747647654077:,1747647660949
counter/10/0/0/0,5329:1747647653567:,1747647660949
counter/3/0/0/0,5639:1747647653901:,1747647660949
counter/3/0/0/0,5640:1747647653901:,1747647660949
counter/3/0/0/0,5641:1747647653901:,1747647660950
counter/3/0/0/0,5642:1747647653901:,1747647660950
counter/3/0/0/0,5643:1747647653901:,1747647660950
counter/3/0/0/0,5644:1747647653901:,1747647660950
counter/3/0/0/0,5645:1747647653901:,1747647660950
counter/3/0/0/0,5646:1747647653901:,1747647660950
counter/3/0/0/0,5647:1747647653901:,1747647660950
counter/3/0/0/0,5648:1747647653901:,1747647660950
counter/3/0/0/0,5649:1747647653901:,1747647660950
counter/3/0/0/0,5650:1747647653901:,1747647660950
counter/1/0/0/0,6003:1747647654248:,1747647660950
counter/1/0/0/0,6004:1747647654248:,1747647660950
counter/9/0/0/0,5884:1747647654077:,1747647660950
counter/9/0/0/0,5885:1747647654077:,1747647660950
counter/9/0/0/0,5886:1747647654077:,1747647660950
counter/9/0/0/0,5887:1747647654077:,1747647660951
counter/9/0/0/0,5888:1747647654079:,1747647660951
counter/9/0/0/0,5889:1747647654079:,1747647660951
counter/9/0/0/0,5890:1747647654079:,1747647660951
counter/9/0/0/0,5891:1747647654079:,1747647660951
counter/9/0/0/0,5892:1747647654084:,1747647660951
counter/9/0/0/0,5893:1747647654084:,1747647660951
counter/9/0/0/0,5894:1747647654084:,1747647660951
counter/9/0/0/0,5895:1747647654084:,1747647660951
counter/9/0/0/0,5896:1747647654084:,1747647660951
counter/9/0/0/0,5897:1747647654098:,1747647660951
counter/9/0/0/0,5898:1747647654098:,1747647660951
counter/9/0/0/0,5899:1747647654103:,1747647660951
counter/9/0/0/0,5900:1747647654103:,1747647660951
counter/10/0/0/0,5330:1747647653567:,1747647660951
counter/9/0/0/0,5901:1747647654103:,1747647660951
counter/10/0/0/0,5331:1747647653567:,1747647660952
counter/2/0/0/0,5310:1747647653212:,1747647660952
counter/9/0/0/0,5902:1747647654103:,1747647660952
counter/6/0/0/0,5024:1747647653727:,1747647660952
counter/6/0/0/0,5025:1747647653727:,1747647660952
counter/6/0/0/0,5026:1747647653727:,1747647660952
counter/6/0/0/0,5027:1747647653727:,1747647660952
counter/6/0/0/0,5028:1747647653727:,1747647660952
counter/1/0/0/0,6005:1747647654248:,1747647660952
counter/6/0/0/0,5029:1747647653727:,1747647660952
counter/1/0/0/0,6006:1747647654248:,1747647660952
counter/6/0/0/0,5030:1747647653730:,1747647660952
counter/1/0/0/0,6007:1747647654250:,1747647660952
counter/5/0/0/0,5666:1747647653913:,1747647660952
counter/2/0/0/0,5311:1747647653212:,1747647660952
counter/2/0/0/0,5312:1747647653212:,1747647660952
counter/2/0/0/0,5313:1747647653212:,1747647660952
counter/2/0/0/0,5314:1747647653212:,1747647660953
counter/2/0/0/0,5315:1747647653212:,1747647660953
counter/2/0/0/0,5316:1747647653212:,1747647660953
counter/2/0/0/0,5317:1747647653212:,1747647660953
counter/2/0/0/0,5318:1747647653212:,1747647660953
counter/2/0/0/0,5319:1747647653237:,1747647660953
counter/8/0/0/0,5907:1747647653653:,1747647660953
counter/4/0/0/0,5910:1747647654404:,1747647660953
counter/7/0/0/0,5298:1747647653611:,1747647660953
counter/4/0/0/0,5911:1747647654404:,1747647660953
counter/9/0/0/0,5903:1747647654103:,1747647660953
counter/8/0/0/0,5908:1747647653653:,1747647660953
counter/8/0/0/0,5909:1747647653653:,1747647660953
counter/8/0/0/0,5910:1747647653653:,1747647660953
counter/9/0/0/0,5904:1747647654103:,1747647660953
counter/8/0/0/0,5911:1747647653653:,1747647660954
counter/8/0/0/0,5912:1747647653653:,1747647660954
counter/8/0/0/0,5913:1747647653662:,1747647660954
counter/8/0/0/0,5914:1747647653662:,1747647660954
counter/8/0/0/0,5915:1747647653662:,1747647660954
counter/8/0/0/0,5916:1747647653662:,1747647660954
counter/8/0/0/0,5917:1747647653662:,1747647660954
counter/3/0/0/0,5651:1747647653901:,1747647660954
counter/8/0/0/0,5918:1747647653662:,1747647660954
counter/2/0/0/0,5320:1747647653237:,1747647660954
counter/9/0/0/0,5905:1747647654103:,1747647660955
counter/9/0/0/0,5906:1747647654103:,1747647660955
counter/9/0/0/0,5907:1747647654103:,1747647660955
counter/9/0/0/0,5908:1747647654103:,1747647660955
counter/9/0/0/0,5909:1747647654106:,1747647660956
counter/9/0/0/0,5910:1747647654106:,1747647660956
counter/9/0/0/0,5911:1747647654112:,1747647660956
counter/9/0/0/0,5912:1747647654112:,1747647660956
counter/9/0/0/0,5913:1747647654112:,1747647660956
counter/9/0/0/0,5914:1747647654112:,1747647660956
counter/9/0/0/0,5915:1747647654113:,1747647660956
counter/9/0/0/0,5916:1747647654113:,1747647660956
counter/9/0/0/0,5917:1747647654113:,1747647660956
counter/7/0/0/0,5299:1747647653611:,1747647660956
counter/7/0/0/0,5300:1747647653611:,1747647660956
counter/4/0/0/0,5912:1747647654422:,1747647660956
counter/4/0/0/0,5913:1747647654422:,1747647660956
counter/5/0/0/0,5667:1747647653913:,1747647660958
counter/6/0/0/0,5031:1747647653730:,1747647660958
counter/5/0/0/0,5668:1747647653913:,1747647660958
counter/6/0/0/0,5032:1747647653730:,1747647660958
counter/6/0/0/0,5033:1747647653730:,1747647660958
counter/10/0/0/0,5332:1747647653581:,1747647660958
counter/8/0/0/0,5919:1747647653662:,1747647660958
counter/8/0/0/0,5920:1747647653663:,1747647660958
counter/9/0/0/0,5918:1747647654128:,1747647660958
counter/2/0/0/0,5321:1747647653237:,1747647660958
counter/6/0/0/0,5034:1747647653730:,1747647660959
counter/10/0/0/0,5333:1747647653585:,1747647660959
counter/8/0/0/0,5921:1747647653663:,1747647660959
counter/8/0/0/0,5922:1747647653663:,1747647660959
counter/8/0/0/0,5923:1747647653671:,1747647660959
counter/8/0/0/0,5924:1747647653671:,1747647660959
counter/2/0/0/0,5322:1747647653237:,1747647660959
counter/2/0/0/0,5323:1747647653237:,1747647660959
counter/7/0/0/0,5301:1747647653611:,1747647660959
counter/4/0/0/0,5914:1747647654422:,1747647660959
counter/7/0/0/0,5302:1747647653613:,1747647660960
counter/7/0/0/0,5303:1747647653613:,1747647660960
counter/1/0/0/0,6008:1747647654250:,1747647660960
counter/1/0/0/0,6009:1747647654250:,1747647660960
counter/1/0/0/0,6010:1747647654250:,1747647660960
counter/1/0/0/0,6011:1747647654250:,1747647660960
counter/1/0/0/0,6012:1747647654250:,1747647660960
counter/1/0/0/0,6013:1747647654250:,1747647660961
counter/10/0/0/0,5334:1747647653585:,1747647660962
counter/9/0/0/0,5919:1747647654128:,1747647660962
counter/3/0/0/0,5652:1747647653902:,1747647660962
counter/3/0/0/0,5653:1747647653902:,1747647660962
counter/3/0/0/0,5654:1747647653902:,1747647660962
counter/3/0/0/0,5655:1747647653902:,1747647660962
counter/3/0/0/0,5656:1747647653902:,1747647660962
counter/3/0/0/0,5657:1747647653902:,1747647660962
counter/3/0/0/0,5658:1747647653902:,1747647660963
counter/3/0/0/0,5659:1747647653902:,1747647660963
counter/3/0/0/0,5660:1747647653902:,1747647660963
counter/3/0/0/0,5661:1747647653902:,1747647660963
counter/3/0/0/0,5662:1747647653902:,1747647660963
counter/1/0/0/0,6014:1747647654250:,1747647660963
counter/10/0/0/0,5335:1747647653585:,1747647660965
counter/1/0/0/0,6015:1747647654250:,1747647660967
counter/1/0/0/0,6016:1747647654250:,1747647660967
counter/9/0/0/0,5920:1747647654128:,1747647660967
counter/1/0/0/0,6017:1747647654255:,1747647660967
counter/9/0/0/0,5921:1747647654135:,1747647660967
counter/1/0/0/0,6018:1747647654255:,1747647660968
counter/9/0/0/0,5922:1747647654135:,1747647660968
counter/9/0/0/0,5923:1747647654135:,1747647660968
counter/9/0/0/0,5924:1747647654135:,1747647660968
counter/2/0/0/0,5324:1747647653237:,1747647660968
counter/2/0/0/0,5325:1747647653237:,1747647660968
counter/2/0/0/0,5326:1747647653238:,1747647660968
counter/2/0/0/0,5327:1747647653238:,1747647660968
counter/2/0/0/0,5328:1747647653238:,1747647660968
counter/3/0/0/0,5663:1747647653908:,1747647660968
counter/3/0/0/0,5664:1747647653908:,1747647660968
counter/3/0/0/0,5665:1747647653908:,1747647660968
counter/3/0/0/0,5666:1747647653908:,1747647660968
counter/3/0/0/0,5667:1747647653908:,1747647660968
counter/3/0/0/0,5668:1747647653909:,1747647660969
counter/10/0/0/0,5336:1747647653585:,1747647660969
counter/10/0/0/0,5337:1747647653590:,1747647660969
counter/10/0/0/0,5338:1747647653590:,1747647660969
counter/10/0/0/0,5339:1747647653590:,1747647660969
counter/10/0/0/0,5340:1747647653591:,1747647660969
counter/10/0/0/0,5341:1747647653591:,1747647660969
counter/10/0/0/0,5342:1747647653591:,1747647660969
counter/10/0/0/0,5343:1747647653591:,1747647660969
counter/5/0/0/0,5669:1747647653913:,1747647660969
counter/8/0/0/0,5925:1747647653671:,1747647660970
counter/9/0/0/0,5925:1747647654135:,1747647660970
counter/8/0/0/0,5926:1747647653671:,1747647660970
counter/10/0/0/0,5344:1747647653593:,1747647660971
counter/10/0/0/0,5345:1747647653593:,1747647660971
counter/9/0/0/0,5926:1747647654137:,1747647660971
counter/10/0/0/0,5346:1747647653593:,1747647660971
counter/5/0/0/0,5670:1747647653913:,1747647660972
counter/5/0/0/0,5671:1747647653914:,1747647660972
counter/5/0/0/0,5672:1747647653914:,1747647660972
counter/5/0/0/0,5673:1747647653914:,1747647660972
counter/5/0/0/0,5674:1747647653930:,1747647660972
counter/5/0/0/0,5675:1747647653930:,1747647660972
counter/5/0/0/0,5676:1747647653930:,1747647660972
counter/5/0/0/0,5677:1747647653930:,1747647660972
counter/5/0/0/0,5678:1747647653930:,1747647660972
counter/5/0/0/0,5679:1747647653930:,1747647660972
counter/5/0/0/0,5680:1747647653930:,1747647660972
counter/8/0/0/0,5927:1747647653671:,1747647660972
counter/4/0/0/0,5915:1747647654422:,1747647660972
counter/3/0/0/0,5669:1747647653909:,1747647660973
counter/1/0/0/0,6019:1747647654255:,1747647660973
counter/2/0/0/0,5329:1747647653238:,1747647660973
counter/5/0/0/0,5681:1747647653930:,1747647660973
counter/5/0/0/0,5682:1747647653930:,1747647660973
counter/5/0/0/0,5683:1747647653930:,1747647660973
counter/5/0/0/0,5684:1747647653930:,1747647660973
counter/5/0/0/0,5685:1747647653930:,1747647660973
counter/5/0/0/0,5686:1747647653930:,1747647660973
counter/5/0/0/0,5687:1747647653933:,1747647660973
counter/5/0/0/0,5688:1747647653933:,1747647660973
counter/5/0/0/0,5689:1747647653933:,1747647660973
counter/5/0/0/0,5690:1747647653933:,1747647660973
counter/5/0/0/0,5691:1747647653933:,1747647660973
counter/5/0/0/0,5692:1747647653933:,1747647660973
counter/5/0/0/0,5693:1747647653933:,1747647660973
counter/7/0/0/0,5304:1747647653613:,1747647660973
counter/6/0/0/0,5035:1747647653737:,1747647660973
counter/3/0/0/0,5670:1747647653909:,1747647660974
counter/3/0/0/0,5671:1747647653909:,1747647660974
counter/3/0/0/0,5672:1747647653909:,1747647660974
counter/3/0/0/0,5673:1747647653909:,1747647660974
counter/10/0/0/0,5347:1747647653593:,1747647660976
counter/10/0/0/0,5348:1747647653593:,1747647660977
counter/10/0/0/0,5349:1747647653596:,1747647660977
counter/10/0/0/0,5350:1747647653596:,1747647660977
counter/10/0/0/0,5351:1747647653596:,1747647660977
counter/10/0/0/0,5352:1747647653596:,1747647660977
counter/10/0/0/0,5353:1747647653596:,1747647660977
counter/10/0/0/0,5354:1747647653596:,1747647660977
counter/10/0/0/0,5355:1747647653596:,1747647660977
counter/10/0/0/0,5356:1747647653601:,1747647660977
counter/10/0/0/0,5357:1747647653601:,1747647660977
counter/10/0/0/0,5358:1747647653601:,1747647660978
counter/1/0/0/0,6020:1747647654258:,1747647660978
counter/8/0/0/0,5928:1747647653671:,1747647660978
counter/6/0/0/0,5036:1747647653752:,1747647660981
counter/5/0/0/0,5694:1747647653933:,1747647660981
counter/6/0/0/0,5037:1747647653752:,1747647660981
counter/6/0/0/0,5038:1747647653752:,1747647660981
counter/9/0/0/0,5927:1747647654148:,1747647660981
counter/4/0/0/0,5916:1747647654422:,1747647660983
counter/8/0/0/0,5929:1747647653671:,1747647660984
counter/1/0/0/0,6021:1747647654258:,1747647660984
counter/3/0/0/0,5674:1747647653909:,1747647660984
counter/3/0/0/0,5675:1747647653909:,1747647660984
counter/3/0/0/0,5676:1747647653909:,1747647660984
counter/3/0/0/0,5677:1747647653909:,1747647660984
counter/3/0/0/0,5678:1747647653909:,1747647660984
counter/3/0/0/0,5679:1747647653909:,1747647660984
counter/3/0/0/0,5680:1747647653909:,1747647660984
counter/3/0/0/0,5681:1747647653909:,1747647660984
counter/3/0/0/0,5682:1747647653909:,1747647660984
counter/3/0/0/0,5683:1747647653909:,1747647660984
counter/3/0/0/0,5684:1747647653910:,1747647660984
counter/3/0/0/0,5685:1747647653910:,1747647660984
counter/3/0/0/0,5686:1747647653910:,1747647660984
counter/3/0/0/0,5687:1747647653910:,1747647660985
counter/1/0/0/0,6022:1747647654258:,1747647660986
counter/9/0/0/0,5928:1747647654152:,1747647660988
counter/3/0/0/0,5688:1747647653910:,1747647660988
counter/1/0/0/0,6023:1747647654258:,1747647660989
counter/5/0/0/0,5695:1747647653933:,1747647660990
counter/9/0/0/0,5929:1747647654152:,1747647660990
counter/7/0/0/0,5305:1747647653613:,1747647660990
counter/9/0/0/0,5930:1747647654152:,1747647660991
counter/1/0/0/0,6024:1747647654258:,1747647660991
counter/9/0/0/0,5931:1747647654152:,1747647660991
counter/9/0/0/0,5932:1747647654152:,1747647660992
counter/9/0/0/0,5933:1747647654152:,1747647660992
counter/8/0/0/0,5930:1747647653671:,1747647660993
counter/8/0/0/0,5931:1747647653691:,1747647660993
counter/10/0/0/0,5359:1747647653602:,1747647660994
counter/6/0/0/0,5039:1747647653752:,1747647660995
counter/4/0/0/0,5917:1747647654422:,1747647660995
counter/4/0/0/0,5918:1747647654422:,1747647660995
counter/8/0/0/0,5932:1747647653691:,1747647660996
counter/3/0/0/0,5689:1747647653910:,1747647660996
counter/10/0/0/0,5360:1747647653602:,1747647660997
counter/10/0/0/0,5361:1747647653602:,1747647660997
counter/3/0/0/0,5690:1747647653910:,1747647660997
counter/3/0/0/0,5691:1747647653910:,1747647660998
counter/3/0/0/0,5692:1747647653910:,1747647660998
counter/3/0/0/0,5693:1747647653910:,1747647660998
counter/3/0/0/0,5694:1747647653910:,1747647660998
counter/3/0/0/0,5695:1747647653910:,1747647660998
counter/3/0/0/0,5696:1747647653910:,1747647660998
counter/3/0/0/0,5697:1747647653910:,1747647660998
counter/9/0/0/0,5934:1747647654152:,1747647660998
counter/4/0/0/0,5919:1747647654422:,1747647660998
counter/9/0/0/0,5935:1747647654154:,1747647661001
counter/9/0/0/0,5936:1747647654155:,1747647661001
counter/9/0/0/0,5937:1747647654155:,1747647661001
counter/4/0/0/0,5920:1747647654422:,1747647661002
counter/7/0/0/0,5306:1747647653614:,1747647661002
counter/7/0/0/0,5307:1747647653614:,1747647661002
counter/4/0/0/0,5921:1747647654422:,1747647661002
counter/4/0/0/0,5922:1747647654422:,1747647661002
counter/1/0/0/0,6025:1747647654258:,1747647661002
counter/1/0/0/0,6026:1747647654258:,1747647661002
counter/4/0/0/0,5923:1747647654422:,1747647661002
counter/4/0/0/0,5924:1747647654422:,1747647661002
counter/3/0/0/0,5698:1747647653910:,1747647661002
counter/4/0/0/0,5925:1747647654422:,1747647661002
counter/3/0/0/0,5699:1747647653910:,1747647661002
counter/3/0/0/0,5700:1747647653911:,1747647661002
counter/3/0/0/0,5701:1747647653911:,1747647661002
counter/9/0/0/0,5938:1747647654155:,1747647661002
counter/9/0/0/0,5939:1747647654155:,1747647661003
counter/10/0/0/0,5362:1747647653602:,1747647661005
counter/8/0/0/0,5933:1747647653691:,1747647661006
counter/7/0/0/0,5308:1747647653620:,1747647661006
counter/8/0/0/0,5934:1747647653691:,1747647661006
counter/8/0/0/0,5935:1747647653691:,1747647661006
counter/8/0/0/0,5936:1747647653692:,1747647661007
counter/8/0/0/0,5937:1747647653693:,1747647661007
counter/8/0/0/0,5938:1747647653693:,1747647661007
counter/8/0/0/0,5939:1747647653693:,1747647661007
counter/8/0/0/0,5940:1747647653693:,1747647661007
counter/9/0/0/0,5940:1747647654155:,1747647661007
counter/8/0/0/0,5941:1747647653693:,1747647661007
counter/8/0/0/0,5942:1747647653693:,1747647661007
counter/2/0/0/0,5330:1747647653238:,1747647661007
counter/9/0/0/0,5941:1747647654155:,1747647661007
counter/2/0/0/0,5331:1747647653238:,1747647661007
counter/3/0/0/0,5702:1747647653911:,1747647661008
counter/9/0/0/0,5942:1747647654155:,1747647661008
counter/3/0/0/0,5703:1747647653911:,1747647661008
counter/3/0/0/0,5704:1747647653911:,1747647661008
counter/3/0/0/0,5705:1747647653911:,1747647661008
counter/3/0/0/0,5706:1747647653911:,1747647661008
counter/3/0/0/0,5707:1747647653911:,1747647661008
counter/3/0/0/0,5708:1747647653911:,1747647661008
counter/3/0/0/0,5709:1747647653911:,1747647661008
counter/3/0/0/0,5710:1747647653911:,1747647661008
counter/3/0/0/0,5711:1747647653911:,1747647661008
counter/3/0/0/0,5712:1747647653911:,1747647661008
counter/3/0/0/0,5713:1747647653911:,1747647661008
counter/3/0/0/0,5714:1747647653911:,1747647661008
counter/9/0/0/0,5943:1747647654155:,1747647661008
counter/10/0/0/0,5363:1747647653602:,1747647661009
counter/10/0/0/0,5364:1747647653607:,1747647661009
counter/10/0/0/0,5365:1747647653607:,1747647661009
counter/10/0/0/0,5366:1747647653607:,1747647661009
counter/7/0/0/0,5309:1747647653620:,1747647661009
counter/10/0/0/0,5367:1747647653607:,1747647661009
counter/10/0/0/0,5368:1747647653607:,1747647661009
counter/3/0/0/0,5715:1747647653911:,1747647661010
counter/4/0/0/0,5926:1747647654422:,1747647661010
counter/3/0/0/0,5716:1747647653911:,1747647661010
counter/4/0/0/0,5927:1747647654422:,1747647661011
counter/9/0/0/0,5944:1747647654155:,1747647661011
counter/7/0/0/0,5310:1747647653620:,1747647661011
counter/7/0/0/0,5311:1747647653620:,1747647661012
counter/10/0/0/0,5369:1747647653607:,1747647661012
counter/10/0/0/0,5370:1747647653607:,1747647661012
counter/10/0/0/0,5371:1747647653607:,1747647661012
counter/3/0/0/0,5717:1747647653911:,1747647661012
counter/4/0/0/0,5928:1747647654423:,1747647661012
counter/3/0/0/0,5718:1747647653911:,1747647661013
counter/4/0/0/0,5929:1747647654423:,1747647661013
counter/4/0/0/0,5930:1747647654423:,1747647661013
counter/4/0/0/0,5931:1747647654423:,1747647661013
counter/3/0/0/0,5719:1747647653911:,1747647661015
counter/2/0/0/0,5332:1747647653238:,1747647661015
counter/4/0/0/0,5932:1747647654428:,1747647661015
counter/8/0/0/0,5943:1747647653693:,1747647661015
counter/6/0/0/0,5040:1747647653752:,1747647661016
counter/8/0/0/0,5944:1747647653693:,1747647661018
counter/8/0/0/0,5945:1747647653693:,1747647661018
counter/8/0/0/0,5946:1747647653693:,1747647661018
counter/8/0/0/0,5947:1747647653693:,1747647661018
counter/8/0/0/0,5948:1747647653693:,1747647661018
counter/8/0/0/0,5949:1747647653693:,1747647661018
counter/8/0/0/0,5950:1747647653693:,1747647661018
counter/7/0/0/0,5312:1747647653620:,1747647661018
counter/3/0/0/0,5720:1747647653911:,1747647661018
counter/3/0/0/0,5721:1747647653916:,1747647661019
counter/1/0/0/0,6027:1747647654273:,1747647661019
counter/5/0/0/0,5696:1747647653933:,1747647661019
counter/5/0/0/0,5697:1747647653933:,1747647661021
counter/1/0/0/0,6028:1747647654274:,1747647661021
counter/2/0/0/0,5333:1747647653238:,1747647661021
counter/1/0/0/0,6029:1747647654274:,1747647661021
counter/1/0/0/0,6030:1747647654274:,1747647661021
counter/1/0/0/0,6031:1747647654274:,1747647661021
counter/1/0/0/0,6032:1747647654274:,1747647661021
counter/1/0/0/0,6033:1747647654274:,1747647661021
counter/5/0/0/0,5698:1747647653937:,1747647661021
counter/5/0/0/0,5699:1747647653937:,1747647661021
counter/5/0/0/0,5700:1747647653937:,1747647661022
counter/5/0/0/0,5701:1747647653937:,1747647661022
counter/5/0/0/0,5702:1747647653937:,1747647661022
counter/5/0/0/0,5703:1747647653937:,1747647661022
counter/9/0/0/0,5945:1747647654155:,1747647661022
counter/1/0/0/0,6034:1747647654274:,1747647661024
counter/9/0/0/0,5946:1747647654155:,1747647661024
counter/4/0/0/0,5933:1747647654428:,1747647661025
counter/4/0/0/0,5934:1747647654428:,1747647661025
counter/1/0/0/0,6035:1747647654274:,1747647661025
counter/4/0/0/0,5935:1747647654428:,1747647661026
counter/7/0/0/0,5313:1747647653620:,1747647661026
counter/4/0/0/0,5936:1747647654428:,1747647661026
counter/7/0/0/0,5314:1747647653621:,1747647661026
counter/7/0/0/0,5315:1747647653621:,1747647661026
counter/3/0/0/0,5722:1747647653917:,1747647661026
counter/5/0/0/0,5704:1747647653937:,1747647661026
counter/8/0/0/0,5951:1747647653693:,1747647661026
counter/2/0/0/0,5334:1747647653238:,1747647661026
counter/8/0/0/0,5952:1747647653704:,1747647661026
counter/1/0/0/0,6036:1747647654274:,1747647661028
counter/10/0/0/0,5372:1747647653607:,1747647661028
counter/10/0/0/0,5373:1747647653608:,1747647661028
counter/10/0/0/0,5374:1747647653608:,1747647661028
counter/10/0/0/0,5375:1747647653608:,1747647661028
counter/10/0/0/0,5376:1747647653608:,1747647661028
counter/10/0/0/0,5377:1747647653608:,1747647661028
counter/10/0/0/0,5378:1747647653608:,1747647661028
counter/10/0/0/0,5379:1747647653619:,1747647661028
counter/10/0/0/0,5380:1747647653620:,1747647661028
counter/1/0/0/0,6037:1747647654274:,1747647661029
counter/2/0/0/0,5335:1747647653238:,1747647661029
counter/2/0/0/0,5336:1747647653238:,1747647661029
counter/2/0/0/0,5337:1747647653238:,1747647661030
counter/2/0/0/0,5338:1747647653238:,1747647661030
counter/2/0/0/0,5339:1747647653238:,1747647661030
counter/1/0/0/0,6038:1747647654295:,1747647661031
counter/6/0/0/0,5041:1747647653752:,1747647661031
counter/6/0/0/0,5042:1747647653752:,1747647661031
counter/6/0/0/0,5043:1747647653752:,1747647661031
counter/6/0/0/0,5044:1747647653752:,1747647661031
counter/6/0/0/0,5045:1747647653752:,1747647661031
counter/6/0/0/0,5046:1747647653752:,1747647661031
counter/6/0/0/0,5047:1747647653752:,1747647661031
counter/4/0/0/0,5937:1747647654428:,1747647661032
counter/2/0/0/0,5340:1747647653238:,1747647661032
counter/2/0/0/0,5341:1747647653238:,1747647661032
counter/2/0/0/0,5342:1747647653238:,1747647661032
counter/2/0/0/0,5343:1747647653239:,1747647661032
counter/1/0/0/0,6039:1747647654295:,1747647661033
counter/9/0/0/0,5947:1747647654155:,1747647661033
counter/9/0/0/0,5948:1747647654159:,1747647661033
counter/9/0/0/0,5949:1747647654160:,1747647661033
counter/9/0/0/0,5950:1747647654160:,1747647661034
counter/9/0/0/0,5951:1747647654160:,1747647661034
counter/9/0/0/0,5952:1747647654160:,1747647661034
counter/9/0/0/0,5953:1747647654160:,1747647661034
counter/9/0/0/0,5954:1747647654160:,1747647661034
counter/4/0/0/0,5938:1747647654428:,1747647661035
counter/1/0/0/0,6040:1747647654295:,1747647661037
counter/1/0/0/0,6041:1747647654295:,1747647661037
counter/9/0/0/0,5955:1747647654160:,1747647661037
counter/1/0/0/0,6042:1747647654295:,1747647661037
counter/1/0/0/0,6043:1747647654295:,1747647661037
counter/1/0/0/0,6044:1747647654295:,1747647661037
counter/10/0/0/0,5381:1747647653620:,1747647661037
counter/10/0/0/0,5382:1747647653620:,1747647661037
counter/10/0/0/0,5383:1747647653620:,1747647661037
counter/10/0/0/0,5384:1747647653620:,1747647661037
counter/10/0/0/0,5385:1747647653620:,1747647661037
counter/10/0/0/0,5386:1747647653620:,1747647661037
counter/10/0/0/0,5387:1747647653620:,1747647661037
counter/10/0/0/0,5388:1747647653620:,1747647661037
counter/4/0/0/0,5939:1747647654428:,1747647661038
counter/3/0/0/0,5723:1747647653918:,1747647661039
counter/2/0/0/0,5344:1747647653239:,1747647661039
counter/2/0/0/0,5345:1747647653239:,1747647661039
counter/2/0/0/0,5346:1747647653239:,1747647661039
counter/2/0/0/0,5347:1747647653239:,1747647661039
counter/2/0/0/0,5348:1747647653239:,1747647661039
counter/2/0/0/0,5349:1747647653239:,1747647661039
counter/1/0/0/0,6045:1747647654295:,1747647661039
counter/4/0/0/0,5940:1747647654428:,1747647661039
counter/4/0/0/0,5941:1747647654428:,1747647661039
counter/5/0/0/0,5705:1747647653937:,1747647661040
counter/7/0/0/0,5316:1747647653621:,1747647661040
counter/6/0/0/0,5048:1747647653752:,1747647661040
counter/7/0/0/0,5317:1747647653621:,1747647661040
counter/10/0/0/0,5389:1747647653620:,1747647661040
counter/4/0/0/0,5942:1747647654428:,1747647661040
counter/6/0/0/0,5049:1747647653752:,1747647661041
counter/4/0/0/0,5943:1747647654428:,1747647661041
counter/5/0/0/0,5706:1747647653937:,1747647661042
counter/3/0/0/0,5724:1747647653918:,1747647661042
counter/3/0/0/0,5725:1747647653918:,1747647661042
counter/2/0/0/0,5350:1747647653255:,1747647661042
counter/2/0/0/0,5351:1747647653255:,1747647661043
counter/2/0/0/0,5352:1747647653255:,1747647661043
counter/2/0/0/0,5353:1747647653255:,1747647661043
counter/2/0/0/0,5354:1747647653255:,1747647661043
counter/2/0/0/0,5355:1747647653259:,1747647661043
counter/9/0/0/0,5956:1747647654160:,1747647661043
counter/9/0/0/0,5957:1747647654160:,1747647661043
counter/5/0/0/0,5707:1747647653937:,1747647661043
counter/5/0/0/0,5708:1747647653937:,1747647661043
counter/5/0/0/0,5709:1747647653937:,1747647661043
counter/8/0/0/0,5953:1747647653704:,1747647661044
counter/3/0/0/0,5726:1747647653918:,1747647661044
counter/3/0/0/0,5727:1747647653918:,1747647661044
counter/2/0/0/0,5356:1747647653259:,1747647661045
counter/9/0/0/0,5958:1747647654160:,1747647661045
counter/5/0/0/0,5710:1747647653937:,1747647661045
counter/5/0/0/0,5711:1747647653937:,1747647661045
counter/5/0/0/0,5712:1747647653942:,1747647661045
counter/5/0/0/0,5713:1747647653942:,1747647661045
counter/5/0/0/0,5714:1747647653942:,1747647661045
counter/1/0/0/0,6046:1747647654295:,1747647661047
counter/1/0/0/0,6047:1747647654295:,1747647661047
counter/1/0/0/0,6048:1747647654296:,1747647661047
counter/1/0/0/0,6049:1747647654296:,1747647661047
counter/1/0/0/0,6050:1747647654296:,1747647661047
counter/1/0/0/0,6051:1747647654296:,1747647661047
counter/1/0/0/0,6052:1747647654296:,1747647661047
counter/9/0/0/0,5959:1747647654160:,1747647661048
counter/1/0/0/0,6053:1747647654296:,1747647661048
counter/1/0/0/0,6054:1747647654296:,1747647661048
counter/1/0/0/0,6055:1747647654296:,1747647661048
counter/1/0/0/0,6056:1747647654296:,1747647661048
counter/1/0/0/0,6057:1747647654296:,1747647661048
counter/1/0/0/0,6058:1747647654296:,1747647661048
counter/10/0/0/0,5390:1747647653620:,1747647661050
counter/10/0/0/0,5391:1747647653620:,1747647661051
counter/10/0/0/0,5392:1747647653620:,1747647661051
counter/10/0/0/0,5393:1747647653620:,1747647661051
counter/4/0/0/0,5944:1747647654428:,1747647661052
counter/1/0/0/0,6059:1747647654296:,1747647661053
counter/1/0/0/0,6060:1747647654296:,1747647661058
counter/1/0/0/0,6061:1747647654296:,1747647661058
counter/10/0/0/0,5394:1747647653633:,1747647661058
counter/1/0/0/0,6062:1747647654296:,1747647661058
counter/1/0/0/0,6063:1747647654296:,1747647661059
counter/3/0/0/0,5728:1747647653918:,1747647661059
counter/1/0/0/0,6064:1747647654296:,1747647661060
counter/10/0/0/0,5395:1747647653633:,1747647661060
counter/10/0/0/0,5396:1747647653633:,1747647661060
counter/10/0/0/0,5397:1747647653633:,1747647661060
counter/10/0/0/0,5398:1747647653633:,1747647661060
counter/10/0/0/0,5399:1747647653633:,1747647661060
counter/10/0/0/0,5400:1747647653633:,1747647661060
counter/10/0/0/0,5401:1747647653633:,1747647661060
counter/10/0/0/0,5402:1747647653636:,1747647661060
counter/10/0/0/0,5403:1747647653637:,1747647661060
counter/10/0/0/0,5404:1747647653637:,1747647661060
counter/10/0/0/0,5405:1747647653637:,1747647661060
counter/10/0/0/0,5406:1747647653637:,1747647661060
counter/10/0/0/0,5407:1747647653637:,1747647661060
counter/1/0/0/0,6065:1747647654296:,1747647661062
counter/1/0/0/0,6066:1747647654296:,1747647661062
counter/1/0/0/0,6067:1747647654296:,1747647661062
counter/7/0/0/0,5318:1747647653622:,1747647661062
counter/1/0/0/0,6068:1747647654296:,1747647661062
counter/10/0/0/0,5408:1747647653637:,1747647661063
counter/1/0/0/0,6069:1747647654299:,1747647661063
counter/9/0/0/0,5960:1747647654168:,1747647661063
counter/3/0/0/0,5729:1747647653918:,1747647661063
counter/1/0/0/0,6070:1747647654299:,1747647661064
counter/1/0/0/0,6071:1747647654299:,1747647661064
counter/1/0/0/0,6072:1747647654301:,1747647661064
counter/1/0/0/0,6073:1747647654301:,1747647661064
counter/1/0/0/0,6074:1747647654301:,1747647661064
counter/1/0/0/0,6075:1747647654301:,1747647661064
counter/10/0/0/0,5409:1747647653637:,1747647661065
counter/10/0/0/0,5410:1747647653637:,1747647661066
counter/10/0/0/0,5411:1747647653637:,1747647661066
counter/10/0/0/0,5412:1747647653637:,1747647661066
counter/10/0/0/0,5413:1747647653637:,1747647661066
counter/10/0/0/0,5414:1747647653637:,1747647661066
counter/10/0/0/0,5415:1747647653637:,1747647661066
counter/9/0/0/0,5961:1747647654168:,1747647661068
counter/9/0/0/0,5962:1747647654168:,1747647661068
counter/9/0/0/0,5963:1747647654168:,1747647661068
counter/9/0/0/0,5964:1747647654168:,1747647661068
counter/10/0/0/0,5416:1747647653637:,1747647661068
counter/9/0/0/0,5965:1747647654168:,1747647661068
counter/10/0/0/0,5417:1747647653637:,1747647661068
counter/10/0/0/0,5418:1747647653637:,1747647661068
counter/10/0/0/0,5419:1747647653646:,1747647661069
counter/9/0/0/0,5966:1747647654168:,1747647661069
counter/3/0/0/0,5730:1747647653918:,1747647661070
counter/7/0/0/0,5319:1747647653622:,1747647661073
counter/10/0/0/0,5420:1747647653646:,1747647661074
counter/10/0/0/0,5421:1747647653646:,1747647661074
counter/10/0/0/0,5422:1747647653646:,1747647661074
counter/10/0/0/0,5423:1747647653646:,1747647661074
counter/10/0/0/0,5424:1747647653647:,1747647661074
counter/10/0/0/0,5425:1747647653647:,1747647661074
counter/10/0/0/0,5426:1747647653647:,1747647661074
counter/10/0/0/0,5427:1747647653651:,1747647661075
counter/6/0/0/0,5050:1747647653753:,1747647661075
counter/6/0/0/0,5051:1747647653753:,1747647661075
counter/6/0/0/0,5052:1747647653768:,1747647661075
counter/6/0/0/0,5053:1747647653769:,1747647661075
counter/6/0/0/0,5054:1747647653769:,1747647661075
counter/6/0/0/0,5055:1747647653770:,1747647661075
counter/6/0/0/0,5056:1747647653874:,1747647661075
counter/6/0/0/0,5057:1747647653877:,1747647661075
counter/6/0/0/0,5058:1747647653877:,1747647661076
counter/8/0/0/0,5954:1747647653704:,1747647661076
counter/1/0/0/0,6076:1747647654301:,1747647661077
counter/1/0/0/0,6077:1747647654301:,1747647661077
counter/1/0/0/0,6078:1747647654301:,1747647661077
counter/1/0/0/0,6079:1747647654301:,1747647661078
counter/1/0/0/0,6080:1747647654301:,1747647661078
counter/1/0/0/0,6081:1747647654301:,1747647661078
counter/1/0/0/0,6082:1747647654301:,1747647661078
counter/10/0/0/0,5428:1747647653651:,1747647661078
counter/9/0/0/0,5967:1747647654168:,1747647661078
counter/9/0/0/0,5968:1747647654168:,1747647661078
counter/9/0/0/0,5969:1747647654169:,1747647661078
counter/9/0/0/0,5970:1747647654169:,1747647661078
counter/9/0/0/0,5971:1747647654169:,1747647661078
counter/2/0/0/0,5357:1747647653259:,1747647661080
counter/2/0/0/0,5358:1747647653259:,1747647661080
counter/2/0/0/0,5359:1747647653259:,1747647661080
counter/2/0/0/0,5360:1747647653260:,1747647661080
counter/2/0/0/0,5361:1747647653260:,1747647661080
counter/2/0/0/0,5362:1747647653260:,1747647661080
counter/2/0/0/0,5363:1747647653260:,1747647661080
counter/10/0/0/0,5429:1747647653651:,1747647661081
counter/5/0/0/0,5715:1747647653942:,1747647661081
counter/7/0/0/0,5320:1747647653622:,1747647661081
counter/7/0/0/0,5321:1747647653629:,1747647661081
counter/7/0/0/0,5322:1747647653629:,1747647661081
counter/9/0/0/0,5972:1747647654169:,1747647661081
counter/9/0/0/0,5973:1747647654169:,1747647661083
counter/4/0/0/0,5945:1747647654428:,1747647661083
counter/10/0/0/0,5430:1747647653651:,1747647661083
counter/10/0/0/0,5431:1747647653651:,1747647661083
counter/10/0/0/0,5432:1747647653651:,1747647661083
counter/5/0/0/0,5716:1747647653942:,1747647661084
counter/2/0/0/0,5364:1747647653265:,1747647661088
counter/2/0/0/0,5365:1747647653265:,1747647661088
counter/7/0/0/0,5323:1747647653629:,1747647661088
counter/2/0/0/0,5366:1747647653265:,1747647661088
counter/2/0/0/0,5367:1747647653267:,1747647661088
counter/2/0/0/0,5368:1747647653267:,1747647661088
counter/2/0/0/0,5369:1747647653267:,1747647661088
counter/2/0/0/0,5370:1747647653267:,1747647661088
counter/2/0/0/0,5371:1747647653267:,1747647661088
counter/2/0/0/0,5372:1747647653268:,1747647661088
counter/2/0/0/0,5373:1747647653268:,1747647661088
counter/2/0/0/0,5374:1747647653268:,1747647661088
counter/4/0/0/0,5946:1747647654428:,1747647661088
counter/7/0/0/0,5324:1747647653629:,1747647661088
counter/7/0/0/0,5325:1747647653629:,1747647661088
counter/7/0/0/0,5326:1747647653629:,1747647661089
counter/7/0/0/0,5327:1747647653629:,1747647661089
counter/7/0/0/0,5328:1747647653629:,1747647661089
counter/7/0/0/0,5329:1747647653629:,1747647661089
counter/7/0/0/0,5330:1747647653629:,1747647661089
counter/7/0/0/0,5331:1747647653629:,1747647661089
counter/7/0/0/0,5332:1747647653629:,1747647661089
counter/7/0/0/0,5333:1747647653630:,1747647661089
counter/6/0/0/0,5059:1747647653877:,1747647661091
counter/9/0/0/0,5974:1747647654169:,1747647661091
counter/9/0/0/0,5975:1747647654175:,1747647661091
counter/9/0/0/0,5976:1747647654176:,1747647661091
counter/9/0/0/0,5977:1747647654176:,1747647661091
counter/9/0/0/0,5978:1747647654176:,1747647661091
counter/9/0/0/0,5979:1747647654176:,1747647661091
counter/9/0/0/0,5980:1747647654176:,1747647661092
counter/9/0/0/0,5981:1747647654176:,1747647661092
counter/9/0/0/0,5982:1747647654176:,1747647661092
counter/2/0/0/0,5375:1747647653268:,1747647661092
counter/6/0/0/0,5060:1747647653877:,1747647661092
counter/7/0/0/0,5334:1747647653630:,1747647661093
counter/7/0/0/0,5335:1747647653630:,1747647661093
counter/7/0/0/0,5336:1747647653630:,1747647661093
counter/7/0/0/0,5337:1747647653630:,1747647661093
counter/7/0/0/0,5338:1747647653630:,1747647661093
counter/7/0/0/0,5339:1747647653630:,1747647661093
counter/7/0/0/0,5340:1747647653632:,1747647661093
counter/7/0/0/0,5341:1747647653632:,1747647661093
counter/7/0/0/0,5342:1747647653632:,1747647661093
counter/9/0/0/0,5983:1747647654176:,1747647661093
counter/9/0/0/0,5984:1747647654176:,1747647661093
counter/7/0/0/0,5343:1747647653639:,1747647661093
counter/9/0/0/0,5985:1747647654190:,1747647661093
counter/7/0/0/0,5344:1747647653639:,1747647661094
counter/9/0/0/0,5986:1747647654190:,1747647661094
counter/7/0/0/0,5345:1747647653639:,1747647661094
counter/7/0/0/0,5346:1747647653639:,1747647661094
counter/7/0/0/0,5347:1747647653639:,1747647661094
counter/7/0/0/0,5348:1747647653639:,1747647661094
counter/2/0/0/0,5376:1747647653268:,1747647661094
counter/10/0/0/0,5433:1747647653651:,1747647661094
counter/10/0/0/0,5434:1747647653651:,1747647661095
counter/9/0/0/0,5987:1747647654190:,1747647661096
counter/4/0/0/0,5947:1747647654428:,1747647661096
counter/7/0/0/0,5349:1747647653639:,1747647661096
counter/7/0/0/0,5350:1747647653640:,1747647661096
counter/7/0/0/0,5351:1747647653640:,1747647661096
counter/7/0/0/0,5352:1747647653640:,1747647661096
counter/7/0/0/0,5353:1747647653640:,1747647661096
counter/7/0/0/0,5354:1747647653640:,1747647661096
counter/7/0/0/0,5355:1747647653640:,1747647661096
counter/7/0/0/0,5356:1747647653640:,1747647661096
counter/7/0/0/0,5357:1747647653640:,1747647661096
counter/7/0/0/0,5358:1747647653652:,1747647661096
counter/2/0/0/0,5377:1747647653268:,1747647661096
counter/1/0/0/0,6083:1747647654301:,1747647661097
counter/5/0/0/0,5717:1747647653942:,1747647661097
counter/1/0/0/0,6084:1747647654301:,1747647661097
counter/6/0/0/0,5061:1747647653877:,1747647661097
counter/6/0/0/0,5062:1747647653903:,1747647661097
counter/6/0/0/0,5063:1747647653903:,1747647661097
counter/7/0/0/0,5359:1747647653652:,1747647661098
counter/10/0/0/0,5435:1747647653651:,1747647661098
counter/10/0/0/0,5436:1747647653651:,1747647661098
counter/2/0/0/0,5378:1747647653272:,1747647661098
counter/2/0/0/0,5379:1747647653272:,1747647661098
counter/2/0/0/0,5380:1747647653272:,1747647661098
counter/2/0/0/0,5381:1747647653272:,1747647661098
counter/6/0/0/0,5064:1747647653903:,1747647661099
counter/7/0/0/0,5360:1747647653652:,1747647661100
counter/7/0/0/0,5361:1747647653652:,1747647661100
counter/7/0/0/0,5362:1747647653652:,1747647661100
counter/7/0/0/0,5363:1747647653652:,1747647661100
counter/7/0/0/0,5364:1747647653652:,1747647661100
counter/2/0/0/0,5382:1747647653272:,1747647661100
counter/8/0/0/0,5955:1747647653704:,1747647661100
counter/8/0/0/0,5956:1747647653704:,1747647661100
counter/8/0/0/0,5957:1747647653704:,1747647661100
counter/5/0/0/0,5718:1747647653942:,1747647661100
counter/5/0/0/0,5719:1747647653942:,1747647661100
counter/5/0/0/0,5720:1747647653942:,1747647661100
counter/7/0/0/0,5365:1747647653665:,1747647661101
counter/8/0/0/0,5958:1747647653704:,1747647661101
counter/9/0/0/0,5988:1747647654190:,1747647661101
counter/4/0/0/0,5948:1747647654429:,1747647661101
counter/3/0/0/0,5731:1747647653918:,1747647661102
counter/4/0/0/0,5949:1747647654429:,1747647661102
counter/9/0/0/0,5989:1747647654190:,1747647661103
counter/9/0/0/0,5990:1747647654190:,1747647661103
counter/9/0/0/0,5991:1747647654190:,1747647661103
counter/9/0/0/0,5992:1747647654190:,1747647661103
counter/9/0/0/0,5993:1747647654190:,1747647661103
counter/9/0/0/0,5994:1747647654190:,1747647661103
counter/9/0/0/0,5995:1747647654190:,1747647661103
counter/10/0/0/0,5437:1747647653656:,1747647661103
counter/2/0/0/0,5383:1747647653272:,1747647661103
counter/2/0/0/0,5384:1747647653273:,1747647661103
counter/2/0/0/0,5385:1747647653273:,1747647661103
counter/2/0/0/0,5386:1747647653274:,1747647661104
counter/2/0/0/0,5387:1747647653274:,1747647661104
counter/2/0/0/0,5388:1747647653274:,1747647661104
counter/2/0/0/0,5389:1747647653274:,1747647661104
counter/2/0/0/0,5390:1747647653274:,1747647661104
counter/2/0/0/0,5391:1747647653274:,1747647661104
counter/2/0/0/0,5392:1747647653276:,1747647661105
counter/5/0/0/0,5721:1747647653942:,1747647661107
counter/6/0/0/0,5065:1747647653903:,1747647661107
counter/6/0/0/0,5066:1747647653903:,1747647661107
counter/6/0/0/0,5067:1747647653903:,1747647661107
counter/6/0/0/0,5068:1747647653903:,1747647661107
counter/6/0/0/0,5069:1747647653903:,1747647661107
counter/6/0/0/0,5070:1747647653903:,1747647661108
counter/6/0/0/0,5071:1747647653903:,1747647661108
counter/2/0/0/0,5393:1747647653285:,1747647661108
counter/6/0/0/0,5072:1747647653904:,1747647661108
counter/6/0/0/0,5073:1747647653904:,1747647661108
counter/6/0/0/0,5074:1747647653904:,1747647661108
counter/5/0/0/0,5722:1747647653942:,1747647661108
counter/1/0/0/0,6085:1747647654301:,1747647661108
counter/1/0/0/0,6086:1747647654301:,1747647661108
counter/4/0/0/0,5950:1747647654429:,1747647661108
counter/4/0/0/0,5951:1747647654429:,1747647661109
counter/8/0/0/0,5959:1747647653704:,1747647661110
counter/8/0/0/0,5960:1747647653704:,1747647661110
counter/8/0/0/0,5961:1747647653704:,1747647661110
counter/8/0/0/0,5962:1747647653704:,1747647661110
counter/1/0/0/0,6087:1747647654301:,1747647661110
counter/1/0/0/0,6088:1747647654302:,1747647661110
counter/1/0/0/0,6089:1747647654302:,1747647661111
counter/5/0/0/0,5723:1747647653942:,1747647661111
counter/6/0/0/0,5075:1747647653904:,1747647661111
counter/6/0/0/0,5076:1747647653904:,1747647661111
counter/6/0/0/0,5077:1747647653904:,1747647661111
counter/6/0/0/0,5078:1747647653904:,1747647661111
counter/4/0/0/0,5952:1747647654430:,1747647661111
counter/6/0/0/0,5079:1747647653906:,1747647661111
counter/9/0/0/0,5996:1747647654190:,1747647661112
counter/10/0/0/0,5438:1747647653656:,1747647661112
counter/9/0/0/0,5997:1747647654191:,1747647661113
counter/9/0/0/0,5998:1747647654191:,1747647661113
counter/9/0/0/0,5999:1747647654191:,1747647661113
counter/9/0/0/0,6000:1747647654191:,1747647661113
counter/1/0/0/0,6090:1747647654302:,1747647661113
counter/1/0/0/0,6091:1747647654305:,1747647661113
counter/5/0/0/0,5724:1747647653942:,1747647661113
counter/10/0/0/0,5439:1747647653656:,1747647661113
counter/10/0/0/0,5440:1747647653656:,1747647661113
counter/10/0/0/0,5441:1747647653656:,1747647661113
counter/10/0/0/0,5442:1747647653656:,1747647661113
counter/9/0/0/0,6001:1747647654197:,1747647661114
counter/1/0/0/0,6092:1747647654306:,1747647661114
counter/1/0/0/0,6093:1747647654306:,1747647661114
counter/1/0/0/0,6094:1747647654306:,1747647661114
counter/1/0/0/0,6095:1747647654306:,1747647661114
counter/1/0/0/0,6096:1747647654306:,1747647661115
counter/1/0/0/0,6097:1747647654306:,1747647661115
counter/1/0/0/0,6098:1747647654306:,1747647661115
counter/5/0/0/0,5725:1747647653942:,1747647661115
counter/1/0/0/0,6099:1747647654306:,1747647661115
counter/1/0/0/0,6100:1747647654306:,1747647661115
counter/1/0/0/0,6101:1747647654306:,1747647661115
counter/1/0/0/0,6102:1747647654306:,1747647661115
counter/1/0/0/0,6103:1747647654306:,1747647661116
counter/1/0/0/0,6104:1747647654306:,1747647661116
counter/1/0/0/0,6105:1747647654306:,1747647661116
counter/1/0/0/0,6106:1747647654306:,1747647661116
counter/1/0/0/0,6107:1747647654306:,1747647661116
counter/1/0/0/0,6108:1747647654306:,1747647661116
counter/1/0/0/0,6109:1747647654306:,1747647661116
counter/1/0/0/0,6110:1747647654307:,1747647661116
counter/1/0/0/0,6111:1747647654307:,1747647661116
counter/7/0/0/0,5366:1747647653665:,1747647661117
counter/5/0/0/0,5726:1747647653944:,1747647661118
counter/5/0/0/0,5727:1747647653944:,1747647661118
counter/5/0/0/0,5728:1747647653944:,1747647661119
counter/5/0/0/0,5729:1747647653944:,1747647661119
counter/5/0/0/0,5730:1747647653944:,1747647661119
counter/5/0/0/0,5731:1747647653944:,1747647661119
counter/4/0/0/0,5953:1747647654430:,1747647661119
counter/4/0/0/0,5954:1747647654430:,1747647661119
counter/4/0/0/0,5955:1747647654430:,1747647661119
counter/4/0/0/0,5956:1747647654430:,1747647661119
counter/9/0/0/0,6002:1747647654197:,1747647661119
counter/9/0/0/0,6003:1747647654197:,1747647661119
counter/2/0/0/0,5394:1747647653285:,1747647661122
counter/2/0/0/0,5395:1747647653285:,1747647661122
counter/2/0/0/0,5396:1747647653285:,1747647661122
counter/2/0/0/0,5397:1747647653285:,1747647661122
counter/2/0/0/0,5398:1747647653285:,1747647661123
counter/5/0/0/0,5732:1747647653944:,1747647661123
counter/9/0/0/0,6004:1747647654198:,1747647661124
counter/3/0/0/0,5732:1747647653918:,1747647661124
counter/3/0/0/0,5733:1747647653918:,1747647661124
counter/3/0/0/0,5734:1747647653918:,1747647661124
counter/3/0/0/0,5735:1747647653918:,1747647661124
counter/3/0/0/0,5736:1747647653918:,1747647661124
counter/3/0/0/0,5737:1747647653918:,1747647661124
counter/3/0/0/0,5738:1747647653918:,1747647661124
counter/3/0/0/0,5739:1747647653918:,1747647661124
counter/3/0/0/0,5740:1747647653918:,1747647661124
counter/3/0/0/0,5741:1747647653918:,1747647661125
counter/3/0/0/0,5742:1747647653918:,1747647661125
counter/1/0/0/0,6112:1747647654307:,1747647661125
counter/1/0/0/0,6113:1747647654315:,1747647661125
counter/1/0/0/0,6114:1747647654315:,1747647661125
counter/1/0/0/0,6115:1747647654315:,1747647661125
counter/1/0/0/0,6116:1747647654315:,1747647661125
counter/1/0/0/0,6117:1747647654315:,1747647661125
counter/1/0/0/0,6118:1747647654315:,1747647661125
counter/1/0/0/0,6119:1747647654315:,1747647661125
counter/1/0/0/0,6120:1747647654315:,1747647661125
counter/2/0/0/0,5399:1747647653285:,1747647661125
counter/5/0/0/0,5733:1747647653945:,1747647661125
counter/5/0/0/0,5734:1747647653945:,1747647661125
counter/10/0/0/0,5443:1747647653656:,1747647661126
counter/10/0/0/0,5444:1747647653656:,1747647661126
counter/10/0/0/0,5445:1747647653656:,1747647661126
counter/10/0/0/0,5446:1747647653659:,1747647661126
counter/10/0/0/0,5447:1747647653659:,1747647661126
counter/10/0/0/0,5448:1747647653659:,1747647661126
counter/3/0/0/0,5743:1747647653918:,1747647661126
counter/1/0/0/0,6121:1747647654315:,1747647661126
counter/9/0/0/0,6005:1747647654198:,1747647661126
counter/1/0/0/0,6122:1747647654315:,1747647661128
counter/1/0/0/0,6123:1747647654315:,1747647661129
counter/1/0/0/0,6124:1747647654315:,1747647661129
counter/1/0/0/0,6125:1747647654315:,1747647661129
counter/1/0/0/0,6126:1747647654318:,1747647661129
counter/1/0/0/0,6127:1747647654318:,1747647661129
counter/1/0/0/0,6128:1747647654318:,1747647661129
counter/2/0/0/0,5400:1747647653285:,1747647661129
counter/5/0/0/0,5735:1747647653945:,1747647661129
counter/6/0/0/0,5080:1747647653906:,1747647661129
counter/9/0/0/0,6006:1747647654198:,1747647661129
counter/1/0/0/0,6129:1747647654318:,1747647661130
counter/1/0/0/0,6130:1747647654318:,1747647661130
counter/1/0/0/0,6131:1747647654318:,1747647661130
counter/1/0/0/0,6132:1747647654318:,1747647661130
counter/1/0/0/0,6133:1747647654318:,1747647661130
counter/1/0/0/0,6134:1747647654319:,1747647661130
counter/1/0/0/0,6135:1747647654319:,1747647661130
counter/1/0/0/0,6136:1747647654319:,1747647661130
counter/3/0/0/0,5744:1747647653918:,1747647661131
counter/3/0/0/0,5745:1747647653918:,1747647661132
counter/3/0/0/0,5746:1747647653918:,1747647661132
counter/3/0/0/0,5747:1747647653918:,1747647661132
counter/3/0/0/0,5748:1747647653918:,1747647661132
counter/3/0/0/0,5749:1747647653918:,1747647661132
counter/1/0/0/0,6137:1747647654319:,1747647661132
counter/1/0/0/0,6138:1747647654319:,1747647661132
counter/1/0/0/0,6139:1747647654319:,1747647661132
counter/1/0/0/0,6140:1747647654319:,1747647661132
counter/1/0/0/0,6141:1747647654319:,1747647661132
counter/1/0/0/0,6142:1747647654328:,1747647661132
counter/1/0/0/0,6143:1747647654328:,1747647661132
counter/3/0/0/0,5750:1747647653919:,1747647661132
counter/3/0/0/0,5751:1747647653922:,1747647661132
counter/1/0/0/0,6144:1747647654328:,1747647661133
counter/1/0/0/0,6145:1747647654328:,1747647661134
counter/1/0/0/0,6146:1747647654328:,1747647661134
counter/1/0/0/0,6147:1747647654328:,1747647661134
counter/1/0/0/0,6148:1747647654336:,1747647661134
counter/1/0/0/0,6149:1747647654336:,1747647661134
counter/1/0/0/0,6150:1747647654336:,1747647661134
counter/1/0/0/0,6151:1747647654336:,1747647661134
counter/1/0/0/0,6152:1747647654336:,1747647661134
counter/4/0/0/0,5957:1747647654430:,1747647661134
counter/5/0/0/0,5736:1747647653945:,1747647661134
counter/8/0/0/0,5963:1747647653704:,1747647661134
counter/8/0/0/0,5964:1747647653704:,1747647661134
counter/8/0/0/0,5965:1747647653704:,1747647661134
counter/8/0/0/0,5966:1747647653704:,1747647661134
counter/8/0/0/0,5967:1747647653704:,1747647661134
counter/8/0/0/0,5968:1747647653704:,1747647661134
counter/8/0/0/0,5969:1747647653704:,1747647661134
counter/8/0/0/0,5970:1747647653724:,1747647661134
counter/2/0/0/0,5401:1747647653285:,1747647661135
counter/2/0/0/0,5402:1747647653285:,1747647661135
counter/1/0/0/0,6153:1747647654336:,1747647661135
counter/8/0/0/0,5971:1747647653724:,1747647661135
counter/8/0/0/0,5972:1747647653731:,1747647661135
counter/8/0/0/0,5973:1747647653731:,1747647661135
counter/8/0/0/0,5974:1747647653731:,1747647661135
counter/8/0/0/0,5975:1747647653732:,1747647661135
counter/3/0/0/0,5752:1747647653922:,1747647661136
counter/3/0/0/0,5753:1747647653922:,1747647661136
counter/3/0/0/0,5754:1747647653922:,1747647661136
counter/3/0/0/0,5755:1747647653928:,1747647661136
counter/3/0/0/0,5756:1747647653928:,1747647661136
counter/3/0/0/0,5757:1747647653928:,1747647661136
counter/4/0/0/0,5958:1747647654430:,1747647661136
counter/3/0/0/0,5758:1747647653928:,1747647661136
counter/4/0/0/0,5959:1747647654432:,1747647661136
counter/2/0/0/0,5403:1747647653285:,1747647661136
counter/9/0/0/0,6007:1747647654198:,1747647661137
counter/9/0/0/0,6008:1747647654198:,1747647661137
counter/9/0/0/0,6009:1747647654198:,1747647661137
counter/3/0/0/0,5759:1747647653928:,1747647661138
counter/3/0/0/0,5760:1747647653928:,1747647661138
counter/3/0/0/0,5761:1747647653928:,1747647661138
counter/3/0/0/0,5762:1747647653929:,1747647661138
counter/3/0/0/0,5763:1747647653929:,1747647661138
counter/3/0/0/0,5764:1747647653929:,1747647661138
counter/9/0/0/0,6010:1747647654198:,1747647661138
counter/9/0/0/0,6011:1747647654198:,1747647661138
counter/9/0/0/0,6012:1747647654200:,1747647661138
counter/9/0/0/0,6013:1747647654200:,1747647661138
counter/9/0/0/0,6014:1747647654200:,1747647661138
counter/9/0/0/0,6015:1747647654200:,1747647661138
counter/9/0/0/0,6016:1747647654200:,1747647661138
counter/9/0/0/0,6017:1747647654200:,1747647661138
counter/1/0/0/0,6154:1747647654336:,1747647661139
counter/1/0/0/0,6155:1747647654336:,1747647661139
counter/1/0/0/0,6156:1747647654339:,1747647661139
counter/1/0/0/0,6157:1747647654379:,1747647661139
counter/1/0/0/0,6158:1747647654380:,1747647661140
counter/1/0/0/0,6159:1747647654380:,1747647661140
counter/1/0/0/0,6160:1747647654380:,1747647661140
counter/1/0/0/0,6161:1747647654380:,1747647661140
counter/1/0/0/0,6162:1747647654380:,1747647661140
counter/4/0/0/0,5960:1747647654432:,1747647661140
counter/4/0/0/0,5961:1747647654432:,1747647661140
counter/3/0/0/0,5765:1747647653929:,1747647661140
counter/3/0/0/0,5766:1747647653930:,1747647661140
counter/3/0/0/0,5767:1747647653930:,1747647661140
counter/8/0/0/0,5976:1747647653732:,1747647661140
counter/10/0/0/0,5449:1747647653659:,1747647661142
counter/2/0/0/0,5404:1747647653285:,1747647661145
counter/2/0/0/0,5405:1747647653294:,1747647661145
counter/2/0/0/0,5406:1747647653294:,1747647661145
counter/2/0/0/0,5407:1747647653294:,1747647661145
counter/2/0/0/0,5408:1747647653294:,1747647661145
counter/2/0/0/0,5409:1747647653294:,1747647661145
counter/2/0/0/0,5410:1747647653294:,1747647661145
counter/2/0/0/0,5411:1747647653294:,1747647661145
counter/2/0/0/0,5412:1747647653294:,1747647661145
counter/2/0/0/0,5413:1747647653294:,1747647661145
counter/7/0/0/0,5367:1747647653665:,1747647661145
counter/7/0/0/0,5368:1747647653666:,1747647661145
counter/7/0/0/0,5369:1747647653666:,1747647661145
counter/7/0/0/0,5370:1747647653666:,1747647661145
counter/7/0/0/0,5371:1747647653666:,1747647661146
counter/7/0/0/0,5372:1747647653666:,1747647661146
counter/7/0/0/0,5373:1747647653666:,1747647661146
counter/7/0/0/0,5374:1747647653666:,1747647661146
counter/7/0/0/0,5375:1747647653666:,1747647661146
counter/7/0/0/0,5376:1747647653667:,1747647661146
counter/7/0/0/0,5377:1747647653667:,1747647661146
counter/7/0/0/0,5378:1747647653668:,1747647661146
counter/7/0/0/0,5379:1747647653668:,1747647661146
counter/7/0/0/0,5380:1747647653668:,1747647661146
counter/7/0/0/0,5381:1747647653673:,1747647661146
counter/8/0/0/0,5977:1747647653732:,1747647661146
counter/9/0/0/0,6018:1747647654200:,1747647661146
counter/9/0/0/0,6019:1747647654200:,1747647661146
counter/1/0/0/0,6163:1747647654380:,1747647661146
counter/1/0/0/0,6164:1747647654380:,1747647661146
counter/5/0/0/0,5737:1747647653945:,1747647661146
counter/4/0/0/0,5962:1747647654437:,1747647661147
counter/4/0/0/0,5963:1747647654438:,1747647661147
counter/4/0/0/0,5964:1747647654438:,1747647661147
counter/4/0/0/0,5965:1747647654438:,1747647661147
counter/4/0/0/0,5966:1747647654438:,1747647661147
counter/4/0/0/0,5967:1747647654440:,1747647661147
counter/4/0/0/0,5968:1747647654440:,1747647661147
counter/3/0/0/0,5768:1747647653930:,1747647661147
counter/4/0/0/0,5969:1747647654440:,1747647661147
counter/10/0/0/0,5450:1747647653659:,1747647661147
counter/10/0/0/0,5451:1747647653659:,1747647661147
counter/10/0/0/0,5452:1747647653659:,1747647661148
counter/7/0/0/0,5382:1747647653673:,1747647661148
counter/7/0/0/0,5383:1747647653673:,1747647661148
counter/7/0/0/0,5384:1747647653673:,1747647661148
counter/9/0/0/0,6020:1747647654200:,1747647661148
counter/9/0/0/0,6021:1747647654215:,1747647661148
counter/9/0/0/0,6022:1747647654215:,1747647661148
counter/4/0/0/0,5970:1747647654440:,1747647661148
counter/4/0/0/0,5971:1747647654440:,1747647661148
counter/4/0/0/0,5972:1747647654440:,1747647661148
counter/8/0/0/0,5978:1747647653732:,1747647661149
counter/5/0/0/0,5738:1747647653945:,1747647661149
counter/2/0/0/0,5414:1747647653299:,1747647661150
counter/10/0/0/0,5453:1747647653659:,1747647661150
counter/10/0/0/0,5454:1747647653659:,1747647661150
counter/10/0/0/0,5455:1747647653659:,1747647661150
counter/10/0/0/0,5456:1747647653659:,1747647661150
counter/10/0/0/0,5457:1747647653659:,1747647661150
counter/10/0/0/0,5458:1747647653659:,1747647661150
counter/10/0/0/0,5459:1747647653660:,1747647661150
counter/10/0/0/0,5460:1747647653660:,1747647661150
counter/7/0/0/0,5385:1747647653673:,1747647661150
counter/3/0/0/0,5769:1747647653930:,1747647661150
counter/9/0/0/0,6023:1747647654215:,1747647661150
counter/4/0/0/0,5973:1747647654440:,1747647661150
counter/9/0/0/0,6024:1747647654215:,1747647661150
counter/9/0/0/0,6025:1747647654215:,1747647661153
counter/5/0/0/0,5739:1747647653945:,1747647661153
counter/8/0/0/0,5979:1747647653734:,1747647661154
counter/9/0/0/0,6026:1747647654215:,1747647661155
counter/10/0/0/0,5461:1747647653660:,1747647661155
counter/10/0/0/0,5462:1747647653660:,1747647661155
counter/10/0/0/0,5463:1747647653660:,1747647661155
counter/10/0/0/0,5464:1747647653660:,1747647661155
counter/10/0/0/0,5465:1747647653660:,1747647661156
counter/10/0/0/0,5466:1747647653660:,1747647661156
counter/10/0/0/0,5467:1747647653660:,1747647661156
counter/10/0/0/0,5468:1747647653660:,1747647661156
counter/10/0/0/0,5469:1747647653664:,1747647661156
counter/10/0/0/0,5470:1747647653664:,1747647661156
counter/3/0/0/0,5770:1747647653930:,1747647661157
counter/10/0/0/0,5471:1747647653664:,1747647661157
counter/4/0/0/0,5974:1747647654440:,1747647661157
counter/8/0/0/0,5980:1747647653745:,1747647661157
counter/8/0/0/0,5981:1747647653745:,1747647661158
counter/8/0/0/0,5982:1747647653745:,1747647661159
counter/8/0/0/0,5983:1747647653745:,1747647661159
counter/8/0/0/0,5984:1747647653745:,1747647661159
counter/8/0/0/0,5985:1747647653745:,1747647661159
counter/8/0/0/0,5986:1747647653745:,1747647661159
counter/8/0/0/0,5987:1747647653745:,1747647661159
counter/8/0/0/0,5988:1747647653745:,1747647661159
counter/8/0/0/0,5989:1747647653745:,1747647661159
counter/8/0/0/0,5990:1747647653745:,1747647661159
counter/8/0/0/0,5991:1747647653745:,1747647661159
counter/8/0/0/0,5992:1747647653746:,1747647661159
counter/8/0/0/0,5993:1747647653746:,1747647661159
counter/8/0/0/0,5994:1747647653746:,1747647661159
counter/3/0/0/0,5771:1747647653930:,1747647661160
counter/8/0/0/0,5995:1747647653746:,1747647661160
counter/8/0/0/0,5996:1747647653746:,1747647661160
counter/1/0/0/0,6165:1747647654380:,1747647661160
counter/1/0/0/0,6166:1747647654380:,1747647661160
counter/3/0/0/0,5772:1747647653948:,1747647661162
counter/3/0/0/0,5773:1747647653948:,1747647661162
counter/3/0/0/0,5774:1747647653948:,1747647661162
counter/3/0/0/0,5775:1747647653948:,1747647661162
counter/3/0/0/0,5776:1747647653948:,1747647661162
counter/9/0/0/0,6027:1747647654215:,1747647661162
counter/4/0/0/0,5975:1747647654441:,1747647661162
counter/6/0/0/0,5081:1747647653906:,1747647661162
counter/7/0/0/0,5386:1747647653674:,1747647661162
counter/3/0/0/0,5777:1747647653948:,1747647661163
counter/3/0/0/0,5778:1747647653948:,1747647661163
counter/3/0/0/0,5779:1747647653948:,1747647661163
counter/3/0/0/0,5780:1747647653948:,1747647661163
counter/3/0/0/0,5781:1747647653948:,1747647661163
counter/3/0/0/0,5782:1747647653948:,1747647661163
counter/3/0/0/0,5783:1747647653948:,1747647661163
counter/3/0/0/0,5784:1747647653948:,1747647661163
counter/3/0/0/0,5785:1747647653949:,1747647661163
counter/8/0/0/0,5997:1747647653746:,1747647661163
counter/3/0/0/0,5786:1747647653949:,1747647661163
counter/3/0/0/0,5787:1747647653949:,1747647661163
counter/3/0/0/0,5788:1747647653949:,1747647661163
counter/3/0/0/0,5789:1747647653949:,1747647661164
counter/3/0/0/0,5790:1747647653949:,1747647661164
counter/7/0/0/0,5387:1747647653674:,1747647661164
counter/8/0/0/0,5998:1747647653746:,1747647661164
counter/7/0/0/0,5388:1747647653674:,1747647661164
counter/8/0/0/0,5999:1747647653746:,1747647661165
counter/8/0/0/0,6000:1747647653747:,1747647661165
counter/3/0/0/0,5791:1747647653949:,1747647661165
counter/3/0/0/0,5792:1747647653949:,1747647661165
counter/3/0/0/0,5793:1747647653949:,1747647661165
counter/3/0/0/0,5794:1747647653949:,1747647661165
counter/3/0/0/0,5795:1747647653949:,1747647661165
counter/3/0/0/0,5796:1747647653949:,1747647661165
counter/8/0/0/0,6001:1747647653747:,1747647661165
counter/2/0/0/0,5415:1747647653299:,1747647661165
counter/5/0/0/0,5740:1747647653945:,1747647661165
counter/5/0/0/0,5741:1747647653945:,1747647661165
counter/5/0/0/0,5742:1747647653945:,1747647661165
counter/5/0/0/0,5743:1747647653945:,1747647661165
counter/5/0/0/0,5744:1747647653945:,1747647661165
counter/6/0/0/0,5082:1747647653906:,1747647661165
counter/4/0/0/0,5976:1747647654441:,1747647661165
counter/1/0/0/0,6167:1747647654380:,1747647661167
counter/3/0/0/0,5797:1747647653949:,1747647661168
counter/9/0/0/0,6028:1747647654215:,1747647661169
counter/9/0/0/0,6029:1747647654219:,1747647661169
counter/9/0/0/0,6030:1747647654219:,1747647661169
counter/9/0/0/0,6031:1747647654219:,1747647661169
counter/9/0/0/0,6032:1747647654219:,1747647661169
counter/1/0/0/0,6168:1747647654380:,1747647661169
counter/1/0/0/0,6169:1747647654380:,1747647661169
counter/3/0/0/0,5798:1747647653949:,1747647661169
counter/9/0/0/0,6033:1747647654219:,1747647661170
counter/9/0/0/0,6034:1747647654219:,1747647661170
counter/9/0/0/0,6035:1747647654219:,1747647661170
counter/9/0/0/0,6036:1747647654219:,1747647661170
counter/9/0/0/0,6037:1747647654219:,1747647661170
counter/9/0/0/0,6038:1747647654219:,1747647661170
counter/3/0/0/0,5799:1747647653949:,1747647661171
counter/3/0/0/0,5800:1747647653949:,1747647661171
counter/3/0/0/0,5801:1747647653949:,1747647661171
counter/8/0/0/0,6002:1747647653748:,1747647661172
counter/2/0/0/0,5416:1747647653299:,1747647661172
counter/2/0/0/0,5417:1747647653299:,1747647661172
counter/2/0/0/0,5418:1747647653299:,1747647661172
counter/2/0/0/0,5419:1747647653299:,1747647661172
counter/2/0/0/0,5420:1747647653299:,1747647661172
counter/1/0/0/0,6170:1747647654380:,1747647661173
counter/8/0/0/0,6003:1747647653748:,1747647661174
counter/10/0/0/0,5472:1747647653664:,1747647661180
counter/9/0/0/0,6039:1747647654219:,1747647661180
counter/6/0/0/0,5083:1747647653906:,1747647661180
counter/1/0/0/0,6171:1747647654384:,1747647661183
counter/1/0/0/0,6172:1747647654394:,1747647661183
counter/1/0/0/0,6173:1747647654394:,1747647661184
counter/1/0/0/0,6174:1747647654394:,1747647661184
counter/1/0/0/0,6175:1747647654394:,1747647661184
counter/1/0/0/0,6176:1747647654394:,1747647661184
counter/1/0/0/0,6177:1747647654394:,1747647661184
counter/4/0/0/0,5977:1747647654441:,1747647661184
counter/6/0/0/0,5084:1747647653906:,1747647661184
counter/10/0/0/0,5473:1747647653664:,1747647661185
counter/10/0/0/0,5474:1747647653664:,1747647661185
counter/10/0/0/0,5475:1747647653664:,1747647661185
counter/10/0/0/0,5476:1747647653664:,1747647661185
counter/10/0/0/0,5477:1747647653664:,1747647661186
counter/10/0/0/0,5478:1747647653664:,1747647661186
counter/6/0/0/0,5085:1747647653906:,1747647661187
counter/6/0/0/0,5086:1747647653906:,1747647661187
counter/6/0/0/0,5087:1747647653906:,1747647661187
counter/6/0/0/0,5088:1747647653906:,1747647661187
counter/6/0/0/0,5089:1747647653906:,1747647661187
counter/6/0/0/0,5090:1747647653906:,1747647661187
counter/6/0/0/0,5091:1747647653906:,1747647661187
counter/6/0/0/0,5092:1747647653906:,1747647661187
counter/5/0/0/0,5745:1747647653945:,1747647661187
counter/6/0/0/0,5093:1747647653906:,1747647661187
counter/7/0/0/0,5389:1747647653674:,1747647661187
counter/7/0/0/0,5390:1747647653674:,1747647661187
counter/7/0/0/0,5391:1747647653706:,1747647661187
counter/7/0/0/0,5392:1747647653706:,1747647661187
counter/7/0/0/0,5393:1747647653706:,1747647661187
counter/7/0/0/0,5394:1747647653706:,1747647661188
counter/7/0/0/0,5395:1747647653706:,1747647661188
counter/7/0/0/0,5396:1747647653706:,1747647661188
counter/10/0/0/0,5479:1747647653664:,1747647661188
counter/7/0/0/0,5397:1747647653707:,1747647661188
counter/7/0/0/0,5398:1747647653707:,1747647661188
counter/7/0/0/0,5399:1747647653707:,1747647661188
counter/7/0/0/0,5400:1747647653707:,1747647661188
counter/7/0/0/0,5401:1747647653707:,1747647661189
counter/7/0/0/0,5402:1747647653707:,1747647661189
counter/7/0/0/0,5403:1747647653707:,1747647661189
counter/7/0/0/0,5404:1747647653712:,1747647661189
counter/7/0/0/0,5405:1747647653712:,1747647661189
counter/3/0/0/0,5802:1747647653949:,1747647661189
counter/3/0/0/0,5803:1747647653949:,1747647661189
counter/3/0/0/0,5804:1747647653949:,1747647661189
counter/10/0/0/0,5480:1747647653667:,1747647661190
counter/10/0/0/0,5481:1747647653667:,1747647661190
counter/10/0/0/0,5482:1747647653667:,1747647661190
counter/10/0/0/0,5483:1747647653667:,1747647661190
counter/10/0/0/0,5484:1747647653667:,1747647661190
counter/10/0/0/0,5485:1747647653670:,1747647661190
counter/2/0/0/0,5421:1747647653299:,1747647661190
counter/3/0/0/0,5805:1747647653949:,1747647661190
counter/3/0/0/0,5806:1747647653949:,1747647661190
counter/3/0/0/0,5807:1747647653972:,1747647661190
counter/3/0/0/0,5808:1747647653975:,1747647661190
counter/3/0/0/0,5809:1747647653976:,1747647661190
counter/3/0/0/0,5810:1747647653976:,1747647661190
counter/3/0/0/0,5811:1747647653976:,1747647661190
counter/3/0/0/0,5812:1747647653976:,1747647661190
counter/3/0/0/0,5813:1747647653976:,1747647661191
counter/3/0/0/0,5814:1747647653976:,1747647661191
counter/3/0/0/0,5815:1747647653976:,1747647661191
counter/4/0/0/0,5978:1747647654441:,1747647661191
counter/7/0/0/0,5406:1747647653712:,1747647661191
counter/7/0/0/0,5407:1747647653712:,1747647661191
counter/7/0/0/0,5408:1747647653712:,1747647661191
counter/6/0/0/0,5094:1747647653906:,1747647661191
counter/8/0/0/0,6004:1747647653748:,1747647661192
counter/8/0/0/0,6005:1747647653748:,1747647661192
counter/8/0/0/0,6006:1747647653748:,1747647661192
counter/4/0/0/0,5979:1747647654441:,1747647661192
counter/4/0/0/0,5980:1747647654441:,1747647661192
counter/7/0/0/0,5409:1747647653712:,1747647661192
counter/6/0/0/0,5095:1747647653907:,1747647661192
counter/6/0/0/0,5096:1747647653908:,1747647661192
counter/6/0/0/0,5097:1747647653908:,1747647661192
counter/6/0/0/0,5098:1747647653908:,1747647661192
counter/6/0/0/0,5099:1747647653912:,1747647661192
counter/6/0/0/0,5100:1747647653912:,1747647661193
counter/6/0/0/0,5101:1747647653912:,1747647661193
counter/1/0/0/0,6178:1747647654394:,1747647661193
counter/2/0/0/0,5422:1747647653317:,1747647661193
counter/3/0/0/0,5816:1747647653976:,1747647661193
counter/9/0/0/0,6040:1747647654219:,1747647661193
counter/9/0/0/0,6041:1747647654220:,1747647661193
counter/4/0/0/0,5981:1747647654441:,1747647661193
counter/2/0/0/0,5423:1747647653317:,1747647661194
counter/9/0/0/0,6042:1747647654220:,1747647661195
counter/5/0/0/0,5746:1747647653945:,1747647661195
counter/4/0/0/0,5982:1747647654441:,1747647661198
counter/4/0/0/0,5983:1747647654441:,1747647661198
counter/4/0/0/0,5984:1747647654442:,1747647661198
counter/4/0/0/0,5985:1747647654443:,1747647661198
counter/4/0/0/0,5986:1747647654443:,1747647661198
counter/7/0/0/0,5410:1747647653712:,1747647661198
counter/1/0/0/0,6179:1747647654394:,1747647661199
counter/1/0/0/0,6180:1747647654395:,1747647661199
counter/1/0/0/0,6181:1747647654395:,1747647661199
counter/1/0/0/0,6182:1747647654395:,1747647661199
counter/1/0/0/0,6183:1747647654395:,1747647661199
counter/1/0/0/0,6184:1747647654395:,1747647661199
counter/1/0/0/0,6185:1747647654395:,1747647661199
counter/1/0/0/0,6186:1747647654395:,1747647661199
counter/1/0/0/0,6187:1747647654398:,1747647661199
counter/1/0/0/0,6188:1747647654398:,1747647661201
counter/1/0/0/0,6189:1747647654398:,1747647661202
counter/1/0/0/0,6190:1747647654398:,1747647661202
counter/1/0/0/0,6191:1747647654398:,1747647661202
counter/7/0/0/0,5411:1747647653712:,1747647661203
counter/10/0/0/0,5486:1747647653670:,1747647661204
counter/10/0/0/0,5487:1747647653670:,1747647661204
counter/3/0/0/0,5817:1747647653976:,1747647661204
counter/2/0/0/0,5424:1747647653317:,1747647661205
counter/7/0/0/0,5412:1747647653712:,1747647661205
counter/2/0/0/0,5425:1747647653317:,1747647661205
counter/7/0/0/0,5413:1747647653712:,1747647661205
counter/2/0/0/0,5426:1747647653317:,1747647661205
counter/7/0/0/0,5414:1747647653712:,1747647661205
counter/2/0/0/0,5427:1747647653317:,1747647661205
counter/7/0/0/0,5415:1747647653712:,1747647661205
counter/7/0/0/0,5416:1747647653712:,1747647661205
counter/7/0/0/0,5417:1747647653712:,1747647661205
counter/7/0/0/0,5418:1747647653712:,1747647661205
counter/7/0/0/0,5419:1747647653712:,1747647661205
counter/7/0/0/0,5420:1747647653712:,1747647661205
counter/3/0/0/0,5818:1747647653976:,1747647661206
counter/5/0/0/0,5747:1747647653945:,1747647661207
counter/5/0/0/0,5748:1747647653965:,1747647661207
counter/5/0/0/0,5749:1747647653965:,1747647661207
counter/5/0/0/0,5750:1747647653965:,1747647661207
counter/5/0/0/0,5751:1747647653965:,1747647661207
counter/5/0/0/0,5752:1747647653966:,1747647661207
counter/10/0/0/0,5488:1747647653670:,1747647661207
counter/4/0/0/0,5987:1747647654443:,1747647661207
counter/2/0/0/0,5428:1747647653317:,1747647661208
counter/4/0/0/0,5988:1747647654443:,1747647661208
counter/7/0/0/0,5421:1747647653712:,1747647661209
counter/7/0/0/0,5422:1747647653738:,1747647661209
counter/7/0/0/0,5423:1747647653738:,1747647661209
counter/7/0/0/0,5424:1747647653738:,1747647661209
counter/7/0/0/0,5425:1747647653738:,1747647661209
counter/7/0/0/0,5426:1747647653738:,1747647661209
counter/8/0/0/0,6007:1747647653748:,1747647661209
counter/2/0/0/0,5429:1747647653317:,1747647661210
counter/2/0/0/0,5430:1747647653320:,1747647661211
counter/2/0/0/0,5431:1747647653320:,1747647661211
counter/2/0/0/0,5432:1747647653320:,1747647661211
counter/2/0/0/0,5433:1747647653320:,1747647661211
counter/2/0/0/0,5434:1747647653320:,1747647661211
counter/2/0/0/0,5435:1747647653320:,1747647661211
counter/2/0/0/0,5436:1747647653320:,1747647661211
counter/2/0/0/0,5437:1747647653320:,1747647661211
counter/2/0/0/0,5438:1747647653320:,1747647661211
counter/10/0/0/0,5489:1747647653670:,1747647661212
counter/1/0/0/0,6192:1747647654398:,1747647661212
counter/4/0/0/0,5989:1747647654443:,1747647661212
counter/9/0/0/0,6043:1747647654221:,1747647661212
counter/4/0/0/0,5990:1747647654443:,1747647661212
counter/9/0/0/0,6044:1747647654221:,1747647661212
counter/4/0/0/0,5991:1747647654443:,1747647661212
counter/4/0/0/0,5992:1747647654443:,1747647661212
counter/3/0/0/0,5819:1747647653976:,1747647661212
counter/6/0/0/0,5102:1747647653912:,1747647661215
counter/7/0/0/0,5427:1747647653738:,1747647661215
counter/7/0/0/0,5428:1747647653738:,1747647661215
counter/7/0/0/0,5429:1747647653738:,1747647661215
counter/7/0/0/0,5430:1747647653738:,1747647661215
counter/8/0/0/0,6008:1747647653748:,1747647661215
counter/8/0/0/0,6009:1747647653748:,1747647661215
counter/8/0/0/0,6010:1747647653748:,1747647661215
counter/9/0/0/0,6045:1747647654221:,1747647661218
counter/9/0/0/0,6046:1747647654221:,1747647661218
counter/9/0/0/0,6047:1747647654221:,1747647661218
counter/9/0/0/0,6048:1747647654221:,1747647661218
counter/9/0/0/0,6049:1747647654221:,1747647661218
counter/9/0/0/0,6050:1747647654221:,1747647661218
counter/9/0/0/0,6051:1747647654221:,1747647661218
counter/9/0/0/0,6052:1747647654221:,1747647661218
counter/9/0/0/0,6053:1747647654221:,1747647661218
counter/3/0/0/0,5820:1747647653976:,1747647661218
counter/6/0/0/0,5103:1747647653912:,1747647661219
counter/6/0/0/0,5104:1747647653912:,1747647661219
counter/6/0/0/0,5105:1747647653912:,1747647661219
counter/6/0/0/0,5106:1747647653912:,1747647661219
counter/6/0/0/0,5107:1747647653912:,1747647661219
counter/6/0/0/0,5108:1747647653912:,1747647661219
counter/6/0/0/0,5109:1747647653912:,1747647661219
counter/4/0/0/0,5993:1747647654443:,1747647661219
counter/10/0/0/0,5490:1747647653670:,1747647661220
counter/1/0/0/0,6193:1747647654398:,1747647661220
counter/4/0/0/0,5994:1747647654443:,1747647661220
counter/4/0/0/0,5995:1747647654443:,1747647661220
counter/4/0/0/0,5996:1747647654443:,1747647661220
counter/7/0/0/0,5431:1747647653738:,1747647661221
counter/7/0/0/0,5432:1747647653738:,1747647661221
counter/7/0/0/0,5433:1747647653738:,1747647661221
counter/5/0/0/0,5753:1747647653966:,1747647661221
counter/3/0/0/0,5821:1747647653988:,1747647661222
counter/1/0/0/0,6194:1747647654400:,1747647661222
counter/1/0/0/0,6195:1747647654400:,1747647661222
counter/1/0/0/0,6196:1747647654400:,1747647661222
counter/1/0/0/0,6197:1747647654400:,1747647661223
counter/1/0/0/0,6198:1747647654400:,1747647661223
counter/7/0/0/0,5434:1747647653738:,1747647661223
counter/6/0/0/0,5110:1747647653925:,1747647661223
counter/7/0/0/0,5435:1747647653738:,1747647661223
counter/5/0/0/0,5754:1747647653966:,1747647661223
counter/5/0/0/0,5755:1747647653969:,1747647661223
counter/2/0/0/0,5439:1747647653320:,1747647661225
counter/10/0/0/0,5491:1747647653670:,1747647661225
counter/9/0/0/0,6054:1747647654221:,1747647661226
counter/9/0/0/0,6055:1747647654221:,1747647661226
counter/9/0/0/0,6056:1747647654221:,1747647661226
counter/9/0/0/0,6057:1747647654221:,1747647661226
counter/9/0/0/0,6058:1747647654221:,1747647661226
counter/9/0/0/0,6059:1747647654221:,1747647661226
counter/9/0/0/0,6060:1747647654221:,1747647661226
counter/9/0/0/0,6061:1747647654221:,1747647661226
counter/9/0/0/0,6062:1747647654221:,1747647661226
counter/1/0/0/0,6199:1747647654400:,1747647661226
counter/6/0/0/0,5111:1747647653945:,1747647661226
counter/7/0/0/0,5436:1747647653738:,1747647661227
counter/8/0/0/0,6011:1747647653876:,1747647661227
counter/7/0/0/0,5437:1747647653740:,1747647661227
counter/8/0/0/0,6012:1747647653876:,1747647661228
counter/6/0/0/0,5112:1747647653945:,1747647661228
counter/9/0/0/0,6063:1747647654221:,1747647661228
counter/6/0/0/0,5113:1747647653945:,1747647661228
counter/6/0/0/0,5114:1747647653945:,1747647661228
counter/7/0/0/0,5438:1747647653740:,1747647661228
counter/7/0/0/0,5439:1747647653740:,1747647661229
counter/7/0/0/0,5440:1747647653754:,1747647661229
counter/7/0/0/0,5441:1747647653754:,1747647661229
counter/7/0/0/0,5442:1747647653754:,1747647661229
counter/4/0/0/0,5997:1747647654443:,1747647661229
counter/5/0/0/0,5756:1747647653969:,1747647661229
counter/2/0/0/0,5440:1747647653320:,1747647661230
counter/8/0/0/0,6013:1747647653876:,1747647661230
counter/8/0/0/0,6014:1747647653876:,1747647661230
counter/8/0/0/0,6015:1747647653881:,1747647661230
counter/8/0/0/0,6016:1747647653881:,1747647661230
counter/8/0/0/0,6017:1747647653881:,1747647661230
counter/9/0/0/0,6064:1747647654221:,1747647661230
counter/9/0/0/0,6065:1747647654221:,1747647661230
counter/9/0/0/0,6066:1747647654222:,1747647661230
counter/9/0/0/0,6067:1747647654222:,1747647661231
counter/9/0/0/0,6068:1747647654222:,1747647661231
counter/3/0/0/0,5822:1747647653988:,1747647661232
counter/4/0/0/0,5998:1747647654443:,1747647661232
counter/7/0/0/0,5443:1747647653762:,1747647661233
counter/7/0/0/0,5444:1747647653762:,1747647661233
counter/7/0/0/0,5445:1747647653762:,1747647661233
counter/7/0/0/0,5446:1747647653762:,1747647661233
counter/7/0/0/0,5447:1747647653762:,1747647661233
counter/7/0/0/0,5448:1747647653762:,1747647661233
counter/7/0/0/0,5449:1747647653762:,1747647661234
counter/7/0/0/0,5450:1747647653762:,1747647661234
counter/5/0/0/0,5757:1747647653969:,1747647661235
counter/10/0/0/0,5492:1747647653670:,1747647661235
counter/10/0/0/0,5493:1747647653670:,1747647661235
counter/3/0/0/0,5823:1747647653988:,1747647661235
counter/9/0/0/0,6069:1747647654222:,1747647661235
counter/1/0/0/0,6200:1747647654401:,1747647661236
counter/1/0/0/0,6201:1747647654401:,1747647661236
counter/1/0/0/0,6202:1747647654403:,1747647661236
counter/2/0/0/0,5441:1747647653320:,1747647661236
counter/8/0/0/0,6018:1747647653881:,1747647661236
counter/8/0/0/0,6019:1747647653881:,1747647661236
counter/8/0/0/0,6020:1747647653881:,1747647661236
counter/8/0/0/0,6021:1747647653889:,1747647661236
counter/6/0/0/0,5115:1747647653946:,1747647661236
counter/6/0/0/0,5116:1747647653946:,1747647661237
counter/9/0/0/0,6070:1747647654222:,1747647661237
counter/6/0/0/0,5117:1747647653946:,1747647661237
counter/1/0/0/0,6203:1747647654403:,1747647661237
counter/1/0/0/0,6204:1747647654403:,1747647661237
counter/1/0/0/0,6205:1747647654404:,1747647661237
counter/8/0/0/0,6022:1747647653889:,1747647661237
counter/8/0/0/0,6023:1747647653890:,1747647661237
counter/8/0/0/0,6024:1747647653895:,1747647661237
counter/8/0/0/0,6025:1747647653895:,1747647661237
counter/8/0/0/0,6026:1747647653895:,1747647661237
counter/8/0/0/0,6027:1747647653895:,1747647661237
counter/8/0/0/0,6028:1747647653895:,1747647661237
counter/10/0/0/0,5494:1747647653670:,1747647661237
counter/1/0/0/0,6206:1747647654404:,1747647661239
counter/4/0/0/0,5999:1747647654444:,1747647661240
counter/10/0/0/0,5495:1747647653670:,1747647661240
counter/9/0/0/0,6071:1747647654222:,1747647661241
counter/7/0/0/0,5451:1747647653762:,1747647661242
counter/10/0/0/0,5496:1747647653671:,1747647661242
counter/10/0/0/0,5497:1747647653671:,1747647661242
counter/9/0/0/0,6072:1747647654222:,1747647661242
counter/6/0/0/0,5118:1747647653946:,1747647661243
counter/9/0/0/0,6073:1747647654222:,1747647661243
counter/9/0/0/0,6074:1747647654222:,1747647661243
counter/9/0/0/0,6075:1747647654222:,1747647661243
counter/9/0/0/0,6076:1747647654222:,1747647661243
counter/2/0/0/0,5442:1747647653320:,1747647661243
counter/9/0/0/0,6077:1747647654222:,1747647661243
counter/9/0/0/0,6078:1747647654222:,1747647661243
counter/9/0/0/0,6079:1747647654222:,1747647661243
counter/9/0/0/0,6080:1747647654222:,1747647661243
counter/5/0/0/0,5758:1747647653969:,1747647661243
counter/5/0/0/0,5759:1747647653969:,1747647661243
counter/10/0/0/0,5498:1747647653671:,1747647661243
counter/5/0/0/0,5760:1747647653969:,1747647661243
counter/10/0/0/0,5499:1747647653671:,1747647661243
counter/10/0/0/0,5500:1747647653671:,1747647661243
counter/10/0/0/0,5501:1747647653671:,1747647661243
counter/7/0/0/0,5452:1747647653762:,1747647661243
counter/10/0/0/0,5502:1747647653671:,1747647661243
counter/10/0/0/0,5503:1747647653671:,1747647661243
counter/1/0/0/0,6207:1747647654404:,1747647661244
counter/7/0/0/0,5453:1747647653764:,1747647661244
counter/7/0/0/0,5454:1747647653764:,1747647661244
counter/7/0/0/0,5455:1747647653764:,1747647661244
counter/7/0/0/0,5456:1747647653764:,1747647661244
counter/7/0/0/0,5457:1747647653769:,1747647661244
counter/7/0/0/0,5458:1747647653769:,1747647661244
counter/7/0/0/0,5459:1747647653769:,1747647661244
counter/7/0/0/0,5460:1747647653876:,1747647661245
counter/3/0/0/0,5824:1747647653990:,1747647661245
counter/7/0/0/0,5461:1747647653878:,1747647661246
counter/3/0/0/0,5825:1747647653990:,1747647661246
counter/3/0/0/0,5826:1747647653990:,1747647661246
counter/3/0/0/0,5827:1747647653991:,1747647661246
counter/3/0/0/0,5828:1747647653991:,1747647661246
counter/3/0/0/0,5829:1747647653991:,1747647661246
counter/1/0/0/0,6208:1747647654407:,1747647661247
counter/2/0/0/0,5443:1747647653320:,1747647661247
counter/5/0/0/0,5761:1747647653971:,1747647661247
counter/5/0/0/0,5762:1747647653971:,1747647661247
counter/5/0/0/0,5763:1747647653971:,1747647661247
counter/5/0/0/0,5764:1747647653971:,1747647661247
counter/5/0/0/0,5765:1747647653971:,1747647661247
counter/3/0/0/0,5830:1747647653991:,1747647661247
counter/3/0/0/0,5831:1747647653993:,1747647661247
counter/6/0/0/0,5119:1747647653946:,1747647661249
counter/6/0/0/0,5120:1747647653946:,1747647661249
counter/6/0/0/0,5121:1747647653946:,1747647661249
counter/8/0/0/0,6029:1747647653895:,1747647661249
counter/6/0/0/0,5122:1747647653946:,1747647661249
counter/8/0/0/0,6030:1747647653895:,1747647661250
counter/8/0/0/0,6031:1747647653905:,1747647661250
counter/2/0/0/0,5444:1747647653320:,1747647661250
counter/9/0/0/0,6081:1747647654222:,1747647661250
counter/2/0/0/0,5445:1747647653320:,1747647661250
counter/3/0/0/0,5832:1747647653993:,1747647661251
counter/3/0/0/0,5833:1747647654001:,1747647661251
counter/3/0/0/0,5834:1747647654001:,1747647661251
counter/10/0/0/0,5504:1747647653672:,1747647661251
counter/10/0/0/0,5505:1747647653672:,1747647661251
counter/10/0/0/0,5506:1747647653672:,1747647661251
counter/7/0/0/0,5462:1747647653878:,1747647661251
counter/7/0/0/0,5463:1747647653878:,1747647661251
counter/4/0/0/0,6000:1747647654444:,1747647661251
counter/4/0/0/0,6001:1747647654444:,1747647661252
counter/4/0/0/0,6002:1747647654444:,1747647661252
counter/4/0/0/0,6003:1747647654444:,1747647661252
counter/4/0/0/0,6004:1747647654444:,1747647661252
counter/5/0/0/0,5766:1747647653971:,1747647661252
counter/5/0/0/0,5767:1747647653973:,1747647661252
counter/9/0/0/0,6082:1747647654222:,1747647661252
counter/5/0/0/0,5768:1747647653973:,1747647661252
counter/5/0/0/0,5769:1747647653986:,1747647661252
counter/5/0/0/0,5770:1747647653986:,1747647661252
counter/5/0/0/0,5771:1747647653986:,1747647661252
counter/3/0/0/0,5835:1747647654001:,1747647661252
counter/5/0/0/0,5772:1747647653986:,1747647661252
counter/3/0/0/0,5836:1747647654001:,1747647661253
counter/3/0/0/0,5837:1747647654006:,1747647661253
counter/3/0/0/0,5838:1747647654006:,1747647661253
counter/5/0/0/0,5773:1747647653986:,1747647661253
counter/1/0/0/0,6209:1747647654407:,1747647661254
counter/2/0/0/0,5446:1747647653320:,1747647661255
counter/6/0/0/0,5123:1747647653946:,1747647661256
counter/6/0/0/0,5124:1747647653946:,1747647661256
counter/6/0/0/0,5125:1747647653955:,1747647661257
counter/6/0/0/0,5126:1747647653955:,1747647661257
counter/3/0/0/0,5839:1747647654006:,1747647661257
counter/1/0/0/0,6210:1747647654407:,1747647661257
counter/1/0/0/0,6211:1747647654407:,1747647661257
counter/1/0/0/0,6212:1747647654407:,1747647661257
counter/1/0/0/0,6213:1747647654407:,1747647661257
counter/1/0/0/0,6214:1747647654407:,1747647661257
counter/1/0/0/0,6215:1747647654407:,1747647661257
counter/1/0/0/0,6216:1747647654411:,1747647661257
counter/1/0/0/0,6217:1747647654411:,1747647661258
counter/1/0/0/0,6218:1747647654411:,1747647661258
counter/1/0/0/0,6219:1747647654411:,1747647661258
counter/1/0/0/0,6220:1747647654411:,1747647661258
counter/1/0/0/0,6221:1747647654411:,1747647661258
counter/1/0/0/0,6222:1747647654411:,1747647661258
counter/1/0/0/0,6223:1747647654411:,1747647661258
counter/4/0/0/0,6005:1747647654444:,1747647661258
counter/4/0/0/0,6006:1747647654444:,1747647661258
counter/4/0/0/0,6007:1747647654444:,1747647661258
counter/5/0/0/0,5774:1747647653986:,1747647661258
counter/9/0/0/0,6083:1747647654222:,1747647661258
counter/9/0/0/0,6084:1747647654222:,1747647661258
counter/10/0/0/0,5507:1747647653672:,1747647661259
counter/5/0/0/0,5775:1747647653987:,1747647661260
counter/9/0/0/0,6085:1747647654222:,1747647661260
counter/5/0/0/0,5776:1747647653987:,1747647661260
counter/10/0/0/0,5508:1747647653672:,1747647661260
counter/8/0/0/0,6032:1747647653905:,1747647661261
counter/8/0/0/0,6033:1747647653905:,1747647661261
counter/2/0/0/0,5447:1747647653320:,1747647661261
counter/8/0/0/0,6034:1747647653905:,1747647661261
counter/8/0/0/0,6035:1747647653905:,1747647661261
counter/9/0/0/0,6086:1747647654222:,1747647661261
counter/8/0/0/0,6036:1747647653905:,1747647661261
counter/8/0/0/0,6037:1747647653905:,1747647661262
counter/8/0/0/0,6038:1747647653905:,1747647661262
counter/8/0/0/0,6039:1747647653905:,1747647661262
counter/8/0/0/0,6040:1747647653905:,1747647661262
counter/8/0/0/0,6041:1747647653905:,1747647661262
counter/8/0/0/0,6042:1747647653906:,1747647661262
counter/8/0/0/0,6043:1747647653906:,1747647661262
counter/8/0/0/0,6044:1747647653916:,1747647661262
counter/6/0/0/0,5127:1747647653955:,1747647661262
counter/8/0/0/0,6045:1747647653916:,1747647661262
counter/3/0/0/0,5840:1747647654006:,1747647661262
counter/3/0/0/0,5841:1747647654020:,1747647661262
counter/1/0/0/0,6224:1747647654411:,1747647661263
counter/1/0/0/0,6225:1747647654411:,1747647661263
counter/3/0/0/0,5842:1747647654020:,1747647661263
counter/1/0/0/0,6226:1747647654411:,1747647661263
counter/1/0/0/0,6227:1747647654411:,1747647661264
counter/1/0/0/0,6228:1747647654417:,1747647661264
counter/1/0/0/0,6229:1747647654418:,1747647661264
counter/1/0/0/0,6230:1747647654418:,1747647661264
counter/1/0/0/0,6231:1747647654418:,1747647661264
counter/1/0/0/0,6232:1747647654418:,1747647661264
counter/1/0/0/0,6233:1747647654418:,1747647661264
counter/7/0/0/0,5464:1747647653878:,1747647661264
counter/2/0/0/0,5448:1747647653320:,1747647661264
counter/1/0/0/0,6234:1747647654418:,1747647661265
counter/3/0/0/0,5843:1747647654020:,1747647661265
counter/5/0/0/0,5777:1747647653987:,1747647661265
counter/10/0/0/0,5509:1747647653672:,1747647661266
counter/4/0/0/0,6008:1747647654444:,1747647661266
counter/4/0/0/0,6009:1747647654445:,1747647661266
counter/4/0/0/0,6010:1747647654445:,1747647661266
counter/4/0/0/0,6011:1747647654445:,1747647661266
counter/4/0/0/0,6012:1747647654445:,1747647661266
counter/4/0/0/0,6013:1747647654445:,1747647661266
counter/4/0/0/0,6014:1747647654445:,1747647661266
counter/3/0/0/0,5844:1747647654020:,1747647661266
counter/1/0/0/0,6235:1747647654418:,1747647661267
counter/6/0/0/0,5128:1747647653955:,1747647661269
counter/4/0/0/0,6015:1747647654458:,1747647661269
counter/4/0/0/0,6016:1747647654458:,1747647661269
counter/4/0/0/0,6017:1747647654461:,1747647661269
counter/4/0/0/0,6018:1747647654461:,1747647661269
counter/3/0/0/0,5845:1747647654020:,1747647661269
counter/3/0/0/0,5846:1747647654020:,1747647661269
counter/3/0/0/0,5847:1747647654020:,1747647661269
counter/3/0/0/0,5848:1747647654021:,1747647661269
counter/3/0/0/0,5849:1747647654021:,1747647661269
counter/3/0/0/0,5850:1747647654021:,1747647661269
counter/9/0/0/0,6087:1747647654222:,1747647661269
counter/3/0/0/0,5851:1747647654024:,1747647661269
counter/2/0/0/0,5449:1747647653321:,1747647661273
counter/4/0/0/0,6019:1747647654461:,1747647661273
counter/4/0/0/0,6020:1747647654463:,1747647661273
counter/4/0/0/0,6021:1747647654463:,1747647661273
counter/4/0/0/0,6022:1747647654463:,1747647661273
counter/4/0/0/0,6023:1747647654463:,1747647661273
counter/4/0/0/0,6024:1747647654463:,1747647661273
counter/4/0/0/0,6025:1747647654463:,1747647661273
counter/4/0/0/0,6026:1747647654463:,1747647661273
counter/3/0/0/0,5852:1747647654024:,1747647661274
counter/4/0/0/0,6027:1747647654472:,1747647661274
counter/10/0/0/0,5510:1747647653672:,1747647661275
counter/3/0/0/0,5853:1747647654024:,1747647661275
counter/4/0/0/0,6028:1747647654472:,1747647661275
counter/4/0/0/0,6029:1747647654472:,1747647661275
counter/4/0/0/0,6030:1747647654472:,1747647661275
counter/4/0/0/0,6031:1747647654472:,1747647661275
counter/4/0/0/0,6032:1747647654472:,1747647661275
counter/7/0/0/0,5465:1747647653878:,1747647661276
counter/3/0/0/0,5854:1747647654024:,1747647661276
counter/10/0/0/0,5511:1747647653672:,1747647661280
counter/5/0/0/0,5778:1747647653987:,1747647661280
counter/3/0/0/0,5855:1747647654024:,1747647661280
counter/5/0/0/0,5779:1747647653987:,1747647661280
counter/7/0/0/0,5466:1747647653878:,1747647661281
counter/7/0/0/0,5467:1747647653878:,1747647661281
counter/7/0/0/0,5468:1747647653878:,1747647661281
counter/7/0/0/0,5469:1747647653878:,1747647661281
counter/2/0/0/0,5450:1747647653321:,1747647661281
counter/6/0/0/0,5129:1747647653955:,1747647661281
counter/6/0/0/0,5130:1747647653955:,1747647661281
counter/6/0/0/0,5131:1747647653956:,1747647661281
counter/6/0/0/0,5132:1747647653956:,1747647661281
counter/6/0/0/0,5133:1747647653956:,1747647661281
counter/6/0/0/0,5134:1747647653956:,1747647661281
counter/6/0/0/0,5135:1747647653956:,1747647661281
counter/6/0/0/0,5136:1747647653964:,1747647661281
counter/6/0/0/0,5137:1747647653964:,1747647661281
counter/5/0/0/0,5780:1747647653987:,1747647661281
counter/8/0/0/0,6046:1747647653916:,1747647661283
counter/10/0/0/0,5512:1747647653673:,1747647661283
counter/2/0/0/0,5451:1747647653321:,1747647661283
counter/2/0/0/0,5452:1747647653321:,1747647661283
counter/2/0/0/0,5453:1747647653321:,1747647661284
counter/2/0/0/0,5454:1747647653322:,1747647661284
counter/2/0/0/0,5455:1747647653322:,1747647661284
counter/2/0/0/0,5456:1747647653325:,1747647661284
counter/2/0/0/0,5457:1747647653325:,1747647661284
counter/2/0/0/0,5458:1747647653325:,1747647661284
counter/2/0/0/0,5459:1747647653325:,1747647661284
counter/2/0/0/0,5460:1747647653325:,1747647661284
counter/2/0/0/0,5461:1747647653325:,1747647661284
counter/2/0/0/0,5462:1747647653339:,1747647661284
counter/2/0/0/0,5463:1747647653345:,1747647661284
counter/9/0/0/0,6088:1747647654222:,1747647661284
counter/9/0/0/0,6089:1747647654222:,1747647661284
counter/9/0/0/0,6090:1747647654222:,1747647661284
counter/2/0/0/0,5464:1747647653345:,1747647661284
counter/9/0/0/0,6091:1747647654222:,1747647661284
counter/2/0/0/0,5465:1747647653345:,1747647661284
counter/10/0/0/0,5513:1747647653673:,1747647661284
counter/3/0/0/0,5856:1747647654024:,1747647661284
counter/3/0/0/0,5857:1747647654025:,1747647661285
counter/3/0/0/0,5858:1747647654025:,1747647661285
counter/4/0/0/0,6033:1747647654474:,1747647661285
counter/3/0/0/0,5859:1747647654025:,1747647661285
counter/3/0/0/0,5860:1747647654025:,1747647661285
counter/8/0/0/0,6047:1747647653916:,1747647661285
counter/5/0/0/0,5781:1747647653987:,1747647661286
counter/7/0/0/0,5470:1747647653878:,1747647661286
counter/5/0/0/0,5782:1747647653987:,1747647661286
counter/5/0/0/0,5783:1747647653992:,1747647661286
counter/5/0/0/0,5784:1747647653992:,1747647661286
counter/10/0/0/0,5514:1747647653673:,1747647661286
counter/5/0/0/0,5785:1747647653992:,1747647661286
counter/6/0/0/0,5138:1747647653964:,1747647661286
counter/10/0/0/0,5515:1747647653673:,1747647661287
counter/10/0/0/0,5516:1747647653673:,1747647661287
counter/10/0/0/0,5517:1747647653673:,1747647661287
counter/10/0/0/0,5518:1747647653673:,1747647661287
counter/10/0/0/0,5519:1747647653673:,1747647661287
counter/10/0/0/0,5520:1747647653673:,1747647661287
counter/3/0/0/0,5861:1747647654025:,1747647661288
counter/9/0/0/0,6092:1747647654222:,1747647661288
counter/9/0/0/0,6093:1747647654223:,1747647661288
counter/9/0/0/0,6094:1747647654223:,1747647661288
counter/9/0/0/0,6095:1747647654223:,1747647661288
counter/7/0/0/0,5471:1747647653878:,1747647661290
counter/10/0/0/0,5521:1747647653673:,1747647661290
counter/10/0/0/0,5522:1747647653676:,1747647661290
counter/10/0/0/0,5523:1747647653676:,1747647661291
counter/10/0/0/0,5524:1747647653676:,1747647661291
counter/10/0/0/0,5525:1747647653676:,1747647661291
counter/10/0/0/0,5526:1747647653676:,1747647661291
counter/10/0/0/0,5527:1747647653684:,1747647661291
counter/10/0/0/0,5528:1747647653684:,1747647661291
counter/10/0/0/0,5529:1747647653684:,1747647661291
counter/10/0/0/0,5530:1747647653685:,1747647661291
counter/5/0/0/0,5786:1747647653992:,1747647661291
counter/5/0/0/0,5787:1747647654013:,1747647661291
counter/1/0/0/0,6236:1747647654419:,1747647661292
counter/3/0/0/0,5862:1747647654025:,1747647661292
counter/7/0/0/0,5472:1747647653878:,1747647661292
counter/8/0/0/0,6048:1747647653916:,1747647661293
counter/1/0/0/0,6237:1747647654419:,1747647661293
counter/1/0/0/0,6238:1747647654419:,1747647661293
counter/1/0/0/0,6239:1747647654419:,1747647661293
counter/1/0/0/0,6240:1747647654420:,1747647661293
counter/1/0/0/0,6241:1747647654420:,1747647661293
counter/1/0/0/0,6242:1747647654420:,1747647661293
counter/3/0/0/0,5863:1747647654025:,1747647661294
counter/3/0/0/0,5864:1747647654025:,1747647661294
counter/3/0/0/0,5865:1747647654025:,1747647661294
counter/3/0/0/0,5866:1747647654025:,1747647661295
counter/3/0/0/0,5867:1747647654025:,1747647661295
counter/3/0/0/0,5868:1747647654026:,1747647661295
counter/3/0/0/0,5869:1747647654026:,1747647661296
counter/3/0/0/0,5870:1747647654026:,1747647661296
counter/3/0/0/0,5871:1747647654026:,1747647661296
counter/3/0/0/0,5872:1747647654026:,1747647661296
counter/3/0/0/0,5873:1747647654026:,1747647661296
counter/3/0/0/0,5874:1747647654026:,1747647661296
counter/3/0/0/0,5875:1747647654026:,1747647661296
counter/3/0/0/0,5876:1747647654026:,1747647661296
counter/3/0/0/0,5877:1747647654026:,1747647661296
counter/3/0/0/0,5878:1747647654026:,1747647661296
counter/3/0/0/0,5879:1747647654026:,1747647661296
counter/3/0/0/0,5880:1747647654026:,1747647661296
counter/3/0/0/0,5881:1747647654026:,1747647661296
counter/7/0/0/0,5473:1747647653878:,1747647661296
counter/4/0/0/0,6034:1747647654474:,1747647661297
counter/7/0/0/0,5474:1747647653898:,1747647661298
counter/7/0/0/0,5475:1747647653898:,1747647661298
counter/7/0/0/0,5476:1747647653898:,1747647661299
counter/7/0/0/0,5477:1747647653898:,1747647661299
counter/7/0/0/0,5478:1747647653898:,1747647661299
counter/7/0/0/0,5479:1747647653898:,1747647661299
counter/6/0/0/0,5139:1747647653964:,1747647661299
counter/7/0/0/0,5480:1747647653898:,1747647661299
counter/7/0/0/0,5481:1747647653898:,1747647661299
counter/7/0/0/0,5482:1747647653902:,1747647661299
counter/10/0/0/0,5531:1747647653685:,1747647661299
counter/4/0/0/0,6035:1747647654474:,1747647661299
counter/7/0/0/0,5483:1747647653902:,1747647661299
counter/7/0/0/0,5484:1747647653902:,1747647661299
counter/7/0/0/0,5485:1747647653902:,1747647661299
counter/7/0/0/0,5486:1747647653902:,1747647661299
counter/5/0/0/0,5788:1747647654013:,1747647661299
counter/7/0/0/0,5487:1747647653902:,1747647661299
counter/5/0/0/0,5789:1747647654013:,1747647661299
counter/7/0/0/0,5488:1747647653902:,1747647661300
counter/5/0/0/0,5790:1747647654014:,1747647661300
counter/5/0/0/0,5791:1747647654014:,1747647661300
counter/5/0/0/0,5792:1747647654014:,1747647661300
counter/5/0/0/0,5793:1747647654014:,1747647661300
counter/5/0/0/0,5794:1747647654014:,1747647661300
counter/5/0/0/0,5795:1747647654014:,1747647661300
counter/5/0/0/0,5796:1747647654014:,1747647661300
counter/1/0/0/0,6243:1747647654420:,1747647661300
counter/4/0/0/0,6036:1747647654483:,1747647661300
counter/9/0/0/0,6096:1747647654228:,1747647661300
counter/1/0/0/0,6244:1747647654420:,1747647661301
counter/1/0/0/0,6245:1747647654420:,1747647661301
counter/1/0/0/0,6246:1747647654441:,1747647661301
counter/1/0/0/0,6247:1747647654464:,1747647661301
counter/3/0/0/0,5882:1747647654026:,1747647661302
counter/9/0/0/0,6097:1747647654228:,1747647661303
counter/9/0/0/0,6098:1747647654228:,1747647661303
counter/9/0/0/0,6099:1747647654228:,1747647661303
counter/7/0/0/0,5489:1747647653902:,1747647661303
counter/7/0/0/0,5490:1747647653903:,1747647661303
counter/7/0/0/0,5491:1747647653903:,1747647661304
counter/7/0/0/0,5492:1747647653903:,1747647661304
counter/7/0/0/0,5493:1747647653903:,1747647661304
counter/7/0/0/0,5494:1747647653903:,1747647661304
counter/7/0/0/0,5495:1747647653919:,1747647661304
counter/7/0/0/0,5496:1747647653919:,1747647661304
counter/7/0/0/0,5497:1747647653919:,1747647661304
counter/7/0/0/0,5498:1747647653920:,1747647661304
counter/7/0/0/0,5499:1747647653920:,1747647661304
counter/6/0/0/0,5140:1747647653965:,1747647661304
counter/7/0/0/0,5500:1747647653920:,1747647661304
counter/5/0/0/0,5797:1747647654014:,1747647661304
counter/5/0/0/0,5798:1747647654014:,1747647661304
counter/5/0/0/0,5799:1747647654014:,1747647661304
counter/5/0/0/0,5800:1747647654016:,1747647661304
counter/5/0/0/0,5801:1747647654016:,1747647661304
counter/8/0/0/0,6049:1747647653916:,1747647661305
counter/1/0/0/0,6248:1747647654464:,1747647661306
counter/3/0/0/0,5883:1747647654044:,1747647661307
counter/9/0/0/0,6100:1747647654228:,1747647661307
counter/3/0/0/0,5884:1747647654044:,1747647661307
counter/9/0/0/0,6101:1747647654228:,1747647661307
counter/9/0/0/0,6102:1747647654228:,1747647661307
counter/9/0/0/0,6103:1747647654228:,1747647661307
counter/9/0/0/0,6104:1747647654228:,1747647661307
counter/9/0/0/0,6105:1747647654228:,1747647661307
counter/9/0/0/0,6106:1747647654228:,1747647661307
counter/10/0/0/0,5532:1747647653685:,1747647661307
counter/6/0/0/0,5141:1747647653965:,1747647661309
counter/3/0/0/0,5885:1747647654044:,1747647661309
counter/3/0/0/0,5886:1747647654044:,1747647661309
counter/3/0/0/0,5887:1747647654044:,1747647661309
counter/3/0/0/0,5888:1747647654044:,1747647661309
counter/10/0/0/0,5533:1747647653685:,1747647661310
counter/10/0/0/0,5534:1747647653685:,1747647661310
counter/10/0/0/0,5535:1747647653685:,1747647661310
counter/10/0/0/0,5536:1747647653685:,1747647661310
counter/10/0/0/0,5537:1747647653685:,1747647661310
counter/10/0/0/0,5538:1747647653685:,1747647661310
counter/10/0/0/0,5539:1747647653685:,1747647661311
counter/1/0/0/0,6249:1747647654464:,1747647661312
counter/1/0/0/0,6250:1747647654464:,1747647661312
counter/1/0/0/0,6251:1747647654464:,1747647661312
counter/7/0/0/0,5501:1747647653920:,1747647661312
counter/7/0/0/0,5502:1747647653920:,1747647661312
counter/7/0/0/0,5503:1747647653920:,1747647661312
counter/7/0/0/0,5504:1747647653920:,1747647661312
counter/6/0/0/0,5142:1747647653965:,1747647661312
counter/5/0/0/0,5802:1747647654016:,1747647661312
counter/3/0/0/0,5889:1747647654044:,1747647661312
counter/3/0/0/0,5890:1747647654044:,1747647661312
counter/3/0/0/0,5891:1747647654044:,1747647661312
counter/9/0/0/0,6107:1747647654228:,1747647661313
counter/9/0/0/0,6108:1747647654228:,1747647661313
counter/9/0/0/0,6109:1747647654228:,1747647661313
counter/9/0/0/0,6110:1747647654229:,1747647661313
counter/2/0/0/0,5466:1747647653345:,1747647661313
counter/4/0/0/0,6037:1747647654487:,1747647661313
counter/10/0/0/0,5540:1747647653685:,1747647661313
counter/6/0/0/0,5143:1747647653965:,1747647661314
counter/9/0/0/0,6111:1747647654229:,1747647661314
counter/2/0/0/0,5467:1747647653345:,1747647661314
counter/8/0/0/0,6050:1747647653916:,1747647661315
counter/7/0/0/0,5505:1747647653920:,1747647661315
counter/4/0/0/0,6038:1747647654487:,1747647661315
counter/3/0/0/0,5892:1747647654044:,1747647661318
counter/3/0/0/0,5893:1747647654071:,1747647661318
counter/3/0/0/0,5894:1747647654071:,1747647661318
counter/3/0/0/0,5895:1747647654071:,1747647661318
counter/10/0/0/0,5541:1747647653685:,1747647661318
counter/3/0/0/0,5896:1747647654071:,1747647661318
counter/9/0/0/0,6112:1747647654229:,1747647661318
counter/9/0/0/0,6113:1747647654229:,1747647661318
counter/9/0/0/0,6114:1747647654229:,1747647661318
counter/9/0/0/0,6115:1747647654229:,1747647661318
counter/9/0/0/0,6116:1747647654229:,1747647661318
counter/1/0/0/0,6252:1747647654464:,1747647661319
counter/9/0/0/0,6117:1747647654229:,1747647661319
counter/9/0/0/0,6118:1747647654229:,1747647661319
counter/1/0/0/0,6253:1747647654464:,1747647661319
counter/1/0/0/0,6254:1747647654470:,1747647661319
counter/1/0/0/0,6255:1747647654470:,1747647661319
counter/5/0/0/0,5803:1747647654016:,1747647661319
counter/5/0/0/0,5804:1747647654016:,1747647661319
counter/5/0/0/0,5805:1747647654016:,1747647661320
counter/5/0/0/0,5806:1747647654022:,1747647661320
counter/8/0/0/0,6051:1747647653916:,1747647661320
counter/8/0/0/0,6052:1747647653916:,1747647661320
counter/1/0/0/0,6256:1747647654471:,1747647661320
counter/4/0/0/0,6039:1747647654487:,1747647661320
counter/5/0/0/0,5807:1747647654024:,1747647661320
counter/5/0/0/0,5808:1747647654024:,1747647661320
counter/5/0/0/0,5809:1747647654024:,1747647661321
counter/5/0/0/0,5810:1747647654024:,1747647661321
counter/5/0/0/0,5811:1747647654024:,1747647661321
counter/8/0/0/0,6053:1747647653916:,1747647661321
counter/8/0/0/0,6054:1747647653917:,1747647661321
counter/8/0/0/0,6055:1747647653940:,1747647661321
counter/5/0/0/0,5812:1747647654024:,1747647661321
counter/5/0/0/0,5813:1747647654024:,1747647661321
counter/5/0/0/0,5814:1747647654024:,1747647661321
counter/10/0/0/0,5542:1747647653685:,1747647661321
counter/10/0/0/0,5543:1747647653685:,1747647661321
counter/10/0/0/0,5544:1747647653685:,1747647661322
counter/10/0/0/0,5545:1747647653685:,1747647661322
counter/10/0/0/0,5546:1747647653685:,1747647661322
counter/7/0/0/0,5506:1747647653920:,1747647661322
counter/3/0/0/0,5897:1747647654075:,1747647661322
counter/6/0/0/0,5144:1747647653965:,1747647661322
counter/5/0/0/0,5815:1747647654024:,1747647661323
counter/5/0/0/0,5816:1747647654024:,1747647661323
counter/5/0/0/0,5817:1747647654024:,1747647661323
counter/4/0/0/0,6040:1747647654487:,1747647661323
counter/3/0/0/0,5898:1747647654075:,1747647661324
counter/8/0/0/0,6056:1747647653940:,1747647661324
counter/8/0/0/0,6057:1747647653940:,1747647661324
counter/5/0/0/0,5818:1747647654024:,1747647661324
counter/5/0/0/0,5819:1747647654033:,1747647661324
counter/9/0/0/0,6119:1747647654229:,1747647661324
counter/9/0/0/0,6120:1747647654229:,1747647661324
counter/9/0/0/0,6121:1747647654229:,1747647661324
counter/6/0/0/0,5145:1747647653967:,1747647661325
counter/4/0/0/0,6041:1747647654487:,1747647661326
counter/4/0/0/0,6042:1747647654487:,1747647661326
counter/4/0/0/0,6043:1747647654487:,1747647661326
counter/4/0/0/0,6044:1747647654487:,1747647661326
counter/4/0/0/0,6045:1747647654487:,1747647661326
counter/10/0/0/0,5547:1747647653685:,1747647661326
counter/5/0/0/0,5820:1747647654033:,1747647661326
counter/5/0/0/0,5821:1747647654033:,1747647661326
counter/5/0/0/0,5822:1747647654033:,1747647661326
counter/5/0/0/0,5823:1747647654033:,1747647661326
counter/5/0/0/0,5824:1747647654033:,1747647661326
counter/5/0/0/0,5825:1747647654033:,1747647661326
counter/9/0/0/0,6122:1747647654229:,1747647661326
counter/1/0/0/0,6257:1747647654471:,1747647661327
counter/3/0/0/0,5899:1747647654075:,1747647661327
counter/9/0/0/0,6123:1747647654229:,1747647661328
counter/9/0/0/0,6124:1747647654230:,1747647661328
counter/9/0/0/0,6125:1747647654230:,1747647661328
counter/9/0/0/0,6126:1747647654230:,1747647661328
counter/9/0/0/0,6127:1747647654230:,1747647661328
counter/9/0/0/0,6128:1747647654230:,1747647661328
counter/9/0/0/0,6129:1747647654231:,1747647661328
counter/9/0/0/0,6130:1747647654231:,1747647661328
counter/9/0/0/0,6131:1747647654234:,1747647661328
counter/9/0/0/0,6132:1747647654234:,1747647661329
counter/9/0/0/0,6133:1747647654234:,1747647661329
counter/9/0/0/0,6134:1747647654234:,1747647661329
counter/3/0/0/0,5900:1747647654075:,1747647661329
counter/9/0/0/0,6135:1747647654234:,1747647661329
counter/3/0/0/0,5901:1747647654075:,1747647661330
counter/9/0/0/0,6136:1747647654234:,1747647661330
counter/9/0/0/0,6137:1747647654234:,1747647661330
counter/9/0/0/0,6138:1747647654234:,1747647661330
counter/9/0/0/0,6139:1747647654234:,1747647661330
counter/9/0/0/0,6140:1747647654234:,1747647661330
counter/9/0/0/0,6141:1747647654234:,1747647661330
counter/5/0/0/0,5826:1747647654033:,1747647661333
counter/5/0/0/0,5827:1747647654033:,1747647661333
counter/6/0/0/0,5146:1747647653968:,1747647661334
counter/5/0/0/0,5828:1747647654033:,1747647661334
counter/5/0/0/0,5829:1747647654034:,1747647661335
counter/5/0/0/0,5830:1747647654047:,1747647661335
counter/5/0/0/0,5831:1747647654047:,1747647661335
counter/5/0/0/0,5832:1747647654047:,1747647661335
counter/5/0/0/0,5833:1747647654047:,1747647661335
counter/5/0/0/0,5834:1747647654047:,1747647661335
counter/5/0/0/0,5835:1747647654047:,1747647661335
counter/5/0/0/0,5836:1747647654079:,1747647661335
counter/5/0/0/0,5837:1747647654080:,1747647661335
counter/10/0/0/0,5548:1747647653685:,1747647661337
counter/3/0/0/0,5902:1747647654076:,1747647661337
counter/6/0/0/0,5147:1747647653968:,1747647661338
counter/1/0/0/0,6258:1747647654471:,1747647661338
counter/1/0/0/0,6259:1747647654471:,1747647661338
counter/1/0/0/0,6260:1747647654471:,1747647661338
counter/1/0/0/0,6261:1747647654477:,1747647661338
counter/1/0/0/0,6262:1747647654477:,1747647661338
counter/1/0/0/0,6263:1747647654477:,1747647661338
counter/1/0/0/0,6264:1747647654477:,1747647661338
counter/1/0/0/0,6265:1747647654493:,1747647661338
counter/1/0/0/0,6266:1747647654493:,1747647661339
counter/4/0/0/0,6046:1747647654493:,1747647661339
counter/1/0/0/0,6267:1747647654496:,1747647661339
counter/3/0/0/0,5903:1747647654076:,1747647661339
counter/5/0/0/0,5838:1747647654080:,1747647661340
counter/5/0/0/0,5839:1747647654080:,1747647661340
counter/5/0/0/0,5840:1747647654080:,1747647661340
counter/5/0/0/0,5841:1747647654080:,1747647661340
counter/10/0/0/0,5549:1747647653686:,1747647661340
counter/3/0/0/0,5904:1747647654076:,1747647661340
counter/3/0/0/0,5905:1747647654076:,1747647661340
counter/3/0/0/0,5906:1747647654076:,1747647661340
counter/3/0/0/0,5907:1747647654076:,1747647661340
counter/3/0/0/0,5908:1747647654079:,1747647661340
counter/3/0/0/0,5909:1747647654079:,1747647661341
counter/3/0/0/0,5910:1747647654079:,1747647661341
counter/3/0/0/0,5911:1747647654079:,1747647661341
counter/2/0/0/0,5468:1747647653345:,1747647661341
counter/2/0/0/0,5469:1747647653345:,1747647661341
counter/10/0/0/0,5550:1747647653686:,1747647661341
counter/2/0/0/0,5470:1747647653345:,1747647661341
counter/3/0/0/0,5912:1747647654079:,1747647661341
counter/2/0/0/0,5471:1747647653346:,1747647661342
counter/3/0/0/0,5913:1747647654079:,1747647661342
counter/3/0/0/0,5914:1747647654084:,1747647661342
counter/3/0/0/0,5915:1747647654085:,1747647661342
counter/3/0/0/0,5916:1747647654086:,1747647661342
counter/3/0/0/0,5917:1747647654086:,1747647661342
counter/3/0/0/0,5918:1747647654086:,1747647661342
counter/3/0/0/0,5919:1747647654086:,1747647661342
counter/3/0/0/0,5920:1747647654086:,1747647661342
counter/10/0/0/0,5551:1747647653686:,1747647661342
counter/4/0/0/0,6047:1747647654493:,1747647661342
counter/4/0/0/0,6048:1747647654493:,1747647661342
counter/4/0/0/0,6049:1747647654506:,1747647661342
counter/4/0/0/0,6050:1747647654506:,1747647661342
counter/10/0/0/0,5552:1747647653686:,1747647661343
counter/3/0/0/0,5921:1747647654086:,1747647661343
counter/10/0/0/0,5553:1747647653686:,1747647661343
counter/9/0/0/0,6142:1747647654234:,1747647661343
counter/9/0/0/0,6143:1747647654234:,1747647661343
counter/9/0/0/0,6144:1747647654234:,1747647661343
counter/9/0/0/0,6145:1747647654234:,1747647661343
counter/9/0/0/0,6146:1747647654234:,1747647661343
counter/9/0/0/0,6147:1747647654234:,1747647661343
counter/9/0/0/0,6148:1747647654234:,1747647661343
counter/9/0/0/0,6149:1747647654234:,1747647661344
counter/9/0/0/0,6150:1747647654234:,1747647661344
counter/4/0/0/0,6051:1747647654506:,1747647661344
counter/4/0/0/0,6052:1747647654506:,1747647661344
counter/4/0/0/0,6053:1747647654520:,1747647661344
counter/4/0/0/0,6054:1747647654534:,1747647661344
counter/4/0/0/0,6055:1747647654534:,1747647661345
counter/3/0/0/0,5922:1747647654086:,1747647661345
counter/3/0/0/0,5923:1747647654086:,1747647661345
counter/10/0/0/0,5554:1747647653686:,1747647661345
counter/3/0/0/0,5924:1747647654086:,1747647661345
counter/5/0/0/0,5842:1747647654080:,1747647661345
counter/3/0/0/0,5925:1747647654086:,1747647661345
counter/3/0/0/0,5926:1747647654086:,1747647661345
counter/9/0/0/0,6151:1747647654234:,1747647661346
counter/9/0/0/0,6152:1747647654237:,1747647661346
counter/9/0/0/0,6153:1747647654238:,1747647661346
counter/9/0/0/0,6154:1747647654238:,1747647661346
counter/5/0/0/0,5843:1747647654080:,1747647661346
counter/9/0/0/0,6155:1747647654238:,1747647661346
counter/8/0/0/0,6058:1747647653940:,1747647661346
counter/9/0/0/0,6156:1747647654238:,1747647661346
counter/8/0/0/0,6059:1747647653940:,1747647661346
counter/9/0/0/0,6157:1747647654238:,1747647661346
counter/8/0/0/0,6060:1747647653940:,1747647661346
counter/8/0/0/0,6061:1747647653940:,1747647661347
counter/8/0/0/0,6062:1747647653941:,1747647661347
counter/8/0/0/0,6063:1747647653941:,1747647661347
counter/7/0/0/0,5507:1747647653921:,1747647661350
counter/6/0/0/0,5148:1747647653968:,1747647661351
counter/2/0/0/0,5472:1747647653346:,1747647661351
counter/3/0/0/0,5927:1747647654086:,1747647661351
counter/3/0/0/0,5928:1747647654086:,1747647661351
counter/3/0/0/0,5929:1747647654086:,1747647661351
counter/3/0/0/0,5930:1747647654086:,1747647661351
counter/3/0/0/0,5931:1747647654086:,1747647661351
counter/3/0/0/0,5932:1747647654086:,1747647661351
counter/3/0/0/0,5933:1747647654086:,1747647661351
counter/3/0/0/0,5934:1747647654086:,1747647661351
counter/3/0/0/0,5935:1747647654090:,1747647661351
counter/3/0/0/0,5936:1747647654090:,1747647661351
counter/3/0/0/0,5937:1747647654090:,1747647661351
counter/4/0/0/0,6056:1747647654534:,1747647661351
counter/3/0/0/0,5938:1747647654090:,1747647661351
counter/3/0/0/0,5939:1747647654090:,1747647661351
counter/3/0/0/0,5940:1747647654091:,1747647661351
counter/10/0/0/0,5555:1747647653686:,1747647661351
counter/10/0/0/0,5556:1747647653686:,1747647661352
counter/10/0/0/0,5557:1747647653686:,1747647661352
counter/10/0/0/0,5558:1747647653690:,1747647661352
counter/10/0/0/0,5559:1747647653690:,1747647661352
counter/10/0/0/0,5560:1747647653690:,1747647661352
counter/10/0/0/0,5561:1747647653690:,1747647661352
counter/10/0/0/0,5562:1747647653690:,1747647661352
counter/10/0/0/0,5563:1747647653690:,1747647661352
counter/10/0/0/0,5564:1747647653690:,1747647661352
counter/10/0/0/0,5565:1747647653690:,1747647661352
counter/10/0/0/0,5566:1747647653690:,1747647661352
counter/10/0/0/0,5567:1747647653690:,1747647661352
counter/8/0/0/0,6064:1747647653941:,1747647661352
counter/5/0/0/0,5844:1747647654080:,1747647661352
counter/5/0/0/0,5845:1747647654081:,1747647661352
counter/5/0/0/0,5846:1747647654081:,1747647661354
counter/7/0/0/0,5508:1747647653921:,1747647661356
counter/2/0/0/0,5473:1747647653346:,1747647661357
counter/7/0/0/0,5509:1747647653922:,1747647661357
counter/8/0/0/0,6065:1747647653941:,1747647661358
counter/8/0/0/0,6066:1747647653941:,1747647661358
counter/8/0/0/0,6067:1747647653945:,1747647661358
counter/1/0/0/0,6268:1747647654496:,1747647661359
counter/1/0/0/0,6269:1747647654496:,1747647661359
counter/1/0/0/0,6270:1747647654500:,1747647661359
counter/1/0/0/0,6271:1747647654500:,1747647661359
counter/1/0/0/0,6272:1747647654500:,1747647661359
counter/1/0/0/0,6273:1747647654500:,1747647661360
counter/3/0/0/0,5941:1747647654091:,1747647661360
counter/3/0/0/0,5942:1747647654091:,1747647661360
counter/3/0/0/0,5943:1747647654091:,1747647661360
counter/3/0/0/0,5944:1747647654091:,1747647661360
counter/3/0/0/0,5945:1747647654091:,1747647661360
counter/3/0/0/0,5946:1747647654091:,1747647661360
counter/3/0/0/0,5947:1747647654091:,1747647661360
counter/3/0/0/0,5948:1747647654091:,1747647661360
counter/3/0/0/0,5949:1747647654091:,1747647661360
counter/3/0/0/0,5950:1747647654091:,1747647661361
counter/3/0/0/0,5951:1747647654091:,1747647661361
counter/3/0/0/0,5952:1747647654091:,1747647661361
counter/3/0/0/0,5953:1747647654091:,1747647661361
counter/10/0/0/0,5568:1747647653690:,1747647661361
counter/10/0/0/0,5569:1747647653690:,1747647661361
counter/10/0/0/0,5570:1747647653700:,1747647661361
counter/10/0/0/0,5571:1747647653700:,1747647661361
counter/10/0/0/0,5572:1747647653700:,1747647661361
counter/10/0/0/0,5573:1747647653700:,1747647661361
counter/10/0/0/0,5574:1747647653700:,1747647661361
counter/10/0/0/0,5575:1747647653700:,1747647661361
counter/10/0/0/0,5576:1747647653700:,1747647661361
counter/10/0/0/0,5577:1747647653700:,1747647661361
counter/10/0/0/0,5578:1747647653700:,1747647661361
counter/10/0/0/0,5579:1747647653700:,1747647661361
counter/8/0/0/0,6068:1747647653945:,1747647661362
counter/10/0/0/0,5580:1747647653700:,1747647661362
counter/5/0/0/0,5847:1747647654081:,1747647661362
counter/9/0/0/0,6158:1747647654238:,1747647661362
counter/5/0/0/0,5848:1747647654081:,1747647661362
counter/5/0/0/0,5849:1747647654081:,1747647661362
counter/5/0/0/0,5850:1747647654081:,1747647661362
counter/5/0/0/0,5851:1747647654081:,1747647661362
counter/5/0/0/0,5852:1747647654090:,1747647661362
counter/5/0/0/0,5853:1747647654093:,1747647661362
counter/9/0/0/0,6159:1747647654238:,1747647661363
counter/5/0/0/0,5854:1747647654093:,1747647661363
counter/4/0/0/0,6057:1747647654534:,1747647661364
counter/5/0/0/0,5855:1747647654093:,1747647661364
counter/8/0/0/0,6069:1747647653945:,1747647661365
counter/5/0/0/0,5856:1747647654093:,1747647661365
counter/5/0/0/0,5857:1747647654093:,1747647661365
counter/5/0/0/0,5858:1747647654093:,1747647661365
counter/3/0/0/0,5954:1747647654091:,1747647661367
counter/6/0/0/0,5149:1747647653968:,1747647661367
counter/10/0/0/0,5581:1747647653700:,1747647661367
counter/4/0/0/0,6058:1747647654534:,1747647661367
counter/4/0/0/0,6059:1747647654534:,1747647661367
counter/4/0/0/0,6060:1747647654534:,1747647661367
counter/4/0/0/0,6061:1747647654534:,1747647661368
counter/4/0/0/0,6062:1747647654534:,1747647661368
counter/4/0/0/0,6063:1747647654534:,1747647661368
counter/3/0/0/0,5955:1747647654091:,1747647661368
counter/6/0/0/0,5150:1747647653968:,1747647661368
counter/6/0/0/0,5151:1747647653968:,1747647661368
counter/6/0/0/0,5152:1747647653968:,1747647661368
counter/6/0/0/0,5153:1747647653968:,1747647661368
counter/1/0/0/0,6274:1747647654500:,1747647661368
counter/3/0/0/0,5956:1747647654091:,1747647661369
counter/5/0/0/0,5859:1747647654093:,1747647661369
counter/6/0/0/0,5154:1747647653968:,1747647661369
counter/6/0/0/0,5155:1747647653968:,1747647661369
counter/6/0/0/0,5156:1747647653968:,1747647661369
counter/6/0/0/0,5157:1747647653968:,1747647661369
counter/6/0/0/0,5158:1747647653968:,1747647661369
counter/6/0/0/0,5159:1747647653970:,1747647661369
counter/6/0/0/0,5160:1747647653970:,1747647661369
counter/6/0/0/0,5161:1747647653970:,1747647661369
counter/10/0/0/0,5582:1747647653700:,1747647661369
counter/3/0/0/0,5957:1747647654091:,1747647661370
counter/3/0/0/0,5958:1747647654091:,1747647661370
counter/3/0/0/0,5959:1747647654091:,1747647661370
counter/3/0/0/0,5960:1747647654091:,1747647661370
counter/5/0/0/0,5860:1747647654094:,1747647661370
counter/9/0/0/0,6160:1747647654238:,1747647661370
counter/7/0/0/0,5510:1747647653922:,1747647661370
counter/7/0/0/0,5511:1747647653922:,1747647661370
counter/7/0/0/0,5512:1747647653922:,1747647661370
counter/7/0/0/0,5513:1747647653922:,1747647661370
counter/7/0/0/0,5514:1747647653922:,1747647661370
counter/7/0/0/0,5515:1747647653922:,1747647661370
counter/7/0/0/0,5516:1747647653922:,1747647661370
counter/7/0/0/0,5517:1747647653922:,1747647661370
counter/7/0/0/0,5518:1747647653922:,1747647661371
counter/7/0/0/0,5519:1747647653922:,1747647661371
counter/7/0/0/0,5520:1747647653922:,1747647661371
counter/8/0/0/0,6070:1747647653945:,1747647661371
counter/5/0/0/0,5861:1747647654094:,1747647661371
counter/1/0/0/0,6275:1747647654500:,1747647661371
counter/5/0/0/0,5862:1747647654094:,1747647661372
counter/5/0/0/0,5863:1747647654094:,1747647661372
counter/5/0/0/0,5864:1747647654094:,1747647661372
counter/1/0/0/0,6276:1747647654500:,1747647661372
counter/9/0/0/0,6161:1747647654238:,1747647661373
counter/4/0/0/0,6064:1747647654534:,1747647661373
counter/5/0/0/0,5865:1747647654094:,1747647661374
counter/5/0/0/0,5866:1747647654094:,1747647661374
counter/5/0/0/0,5867:1747647654094:,1747647661374
counter/5/0/0/0,5868:1747647654104:,1747647661374
counter/5/0/0/0,5869:1747647654104:,1747647661374
counter/5/0/0/0,5870:1747647654104:,1747647661374
counter/5/0/0/0,5871:1747647654104:,1747647661374
counter/5/0/0/0,5872:1747647654104:,1747647661374
counter/8/0/0/0,6071:1747647653945:,1747647661374
counter/1/0/0/0,6277:1747647654510:,1747647661375
counter/10/0/0/0,5583:1747647653700:,1747647661375
counter/3/0/0/0,5961:1747647654091:,1747647661376
counter/3/0/0/0,5962:1747647654091:,1747647661376
counter/3/0/0/0,5963:1747647654091:,1747647661376
counter/3/0/0/0,5964:1747647654091:,1747647661376
counter/2/0/0/0,5474:1747647653346:,1747647661376
counter/6/0/0/0,5162:1747647653970:,1747647661376
counter/2/0/0/0,5475:1747647653346:,1747647661376
counter/2/0/0/0,5476:1747647653346:,1747647661376
counter/8/0/0/0,6072:1747647653947:,1747647661376
counter/4/0/0/0,6065:1747647654535:,1747647661376
counter/4/0/0/0,6066:1747647654541:,1747647661376
counter/4/0/0/0,6067:1747647654541:,1747647661376
counter/4/0/0/0,6068:1747647654541:,1747647661376
counter/8/0/0/0,6073:1747647653947:,1747647661377
counter/9/0/0/0,6162:1747647654238:,1747647661377
counter/9/0/0/0,6163:1747647654238:,1747647661377
counter/9/0/0/0,6164:1747647654238:,1747647661377
counter/4/0/0/0,6069:1747647654548:,1747647661377
counter/10/0/0/0,5584:1747647653700:,1747647661377
counter/1/0/0/0,6278:1747647654510:,1747647661377
counter/8/0/0/0,6074:1747647653947:,1747647661382
counter/1/0/0/0,6279:1747647654510:,1747647661383
counter/10/0/0/0,5585:1747647653704:,1747647661385
counter/3/0/0/0,5965:1747647654092:,1747647661385
counter/4/0/0/0,6070:1747647654548:,1747647661385
counter/4/0/0/0,6071:1747647654548:,1747647661385
counter/4/0/0/0,6072:1747647654550:,1747647661385
counter/4/0/0/0,6073:1747647654550:,1747647661385
counter/4/0/0/0,6074:1747647654550:,1747647661385
counter/4/0/0/0,6075:1747647654550:,1747647661385
counter/3/0/0/0,5966:1747647654092:,1747647661385
counter/3/0/0/0,5967:1747647654092:,1747647661386
counter/3/0/0/0,5968:1747647654092:,1747647661386
counter/3/0/0/0,5969:1747647654092:,1747647661386
counter/3/0/0/0,5970:1747647654092:,1747647661386
counter/3/0/0/0,5971:1747647654092:,1747647661386
counter/3/0/0/0,5972:1747647654092:,1747647661386
counter/3/0/0/0,5973:1747647654092:,1747647661386
counter/3/0/0/0,5974:1747647654092:,1747647661386
counter/3/0/0/0,5975:1747647654092:,1747647661386
counter/3/0/0/0,5976:1747647654095:,1747647661386
counter/3/0/0/0,5977:1747647654095:,1747647661386
counter/5/0/0/0,5873:1747647654104:,1747647661386
counter/3/0/0/0,5978:1747647654095:,1747647661386
counter/2/0/0/0,5477:1747647653346:,1747647661386
counter/9/0/0/0,6165:1747647654238:,1747647661386
counter/9/0/0/0,6166:1747647654238:,1747647661386
counter/9/0/0/0,6167:1747647654238:,1747647661386
counter/9/0/0/0,6168:1747647654238:,1747647661386
counter/4/0/0/0,6076:1747647654550:,1747647661386
counter/9/0/0/0,6169:1747647654238:,1747647661387
counter/9/0/0/0,6170:1747647654238:,1747647661387
counter/9/0/0/0,6171:1747647654238:,1747647661387
counter/9/0/0/0,6172:1747647654238:,1747647661387
counter/8/0/0/0,6075:1747647653957:,1747647661388
counter/8/0/0/0,6076:1747647653957:,1747647661388
counter/9/0/0/0,6173:1747647654238:,1747647661388
counter/9/0/0/0,6174:1747647654238:,1747647661388
counter/9/0/0/0,6175:1747647654238:,1747647661388
counter/9/0/0/0,6176:1747647654238:,1747647661388
counter/9/0/0/0,6177:1747647654238:,1747647661388
counter/1/0/0/0,6280:1747647654510:,1747647661388
counter/10/0/0/0,5586:1747647653704:,1747647661389
counter/5/0/0/0,5874:1747647654104:,1747647661389
counter/10/0/0/0,5587:1747647653704:,1747647661389
counter/5/0/0/0,5875:1747647654104:,1747647661389
counter/5/0/0/0,5876:1747647654104:,1747647661389
counter/5/0/0/0,5877:1747647654104:,1747647661389
counter/5/0/0/0,5878:1747647654104:,1747647661389
counter/5/0/0/0,5879:1747647654104:,1747647661389
counter/5/0/0/0,5880:1747647654104:,1747647661389
counter/5/0/0/0,5881:1747647654104:,1747647661389
counter/5/0/0/0,5882:1747647654104:,1747647661389
counter/5/0/0/0,5883:1747647654104:,1747647661389
counter/5/0/0/0,5884:1747647654104:,1747647661389
counter/5/0/0/0,5885:1747647654112:,1747647661389
counter/5/0/0/0,5886:1747647654112:,1747647661390
counter/2/0/0/0,5478:1747647653347:,1747647661390
counter/2/0/0/0,5479:1747647653348:,1747647661390
counter/8/0/0/0,6077:1747647653957:,1747647661390
counter/8/0/0/0,6078:1747647653958:,1747647661390
counter/2/0/0/0,5480:1747647653348:,1747647661391
counter/8/0/0/0,6079:1747647653958:,1747647661391
counter/8/0/0/0,6080:1747647653958:,1747647661391
counter/8/0/0/0,6081:1747647653958:,1747647661391
counter/7/0/0/0,5521:1747647653922:,1747647661391
counter/3/0/0/0,5979:1747647654096:,1747647661392
counter/5/0/0/0,5887:1747647654112:,1747647661392
counter/6/0/0/0,5163:1747647653970:,1747647661392
counter/5/0/0/0,5888:1747647654112:,1747647661392
counter/5/0/0/0,5889:1747647654124:,1747647661392
counter/5/0/0/0,5890:1747647654127:,1747647661393
counter/5/0/0/0,5891:1747647654127:,1747647661393
counter/5/0/0/0,5892:1747647654127:,1747647661393
counter/5/0/0/0,5893:1747647654127:,1747647661393
counter/5/0/0/0,5894:1747647654127:,1747647661393
counter/5/0/0/0,5895:1747647654127:,1747647661393
counter/8/0/0/0,6082:1747647653965:,1747647661393
counter/5/0/0/0,5896:1747647654127:,1747647661394
counter/5/0/0/0,5897:1747647654127:,1747647661394
counter/5/0/0/0,5898:1747647654127:,1747647661394
counter/5/0/0/0,5899:1747647654127:,1747647661394
counter/5/0/0/0,5900:1747647654127:,1747647661394
counter/5/0/0/0,5901:1747647654127:,1747647661394
counter/5/0/0/0,5902:1747647654127:,1747647661395
counter/5/0/0/0,5903:1747647654134:,1747647661395
counter/5/0/0/0,5904:1747647654134:,1747647661395
counter/5/0/0/0,5905:1747647654134:,1747647661395
counter/5/0/0/0,5906:1747647654134:,1747647661395
counter/5/0/0/0,5907:1747647654134:,1747647661395
counter/5/0/0/0,5908:1747647654134:,1747647661395
counter/3/0/0/0,5980:1747647654096:,1747647661395
counter/1/0/0/0,6281:1747647654510:,1747647661395
counter/1/0/0/0,6282:1747647654510:,1747647661395
counter/1/0/0/0,6283:1747647654510:,1747647661395
counter/1/0/0/0,6284:1747647654510:,1747647661395
counter/6/0/0/0,5164:1747647653970:,1747647661395
counter/6/0/0/0,5165:1747647653970:,1747647661395
counter/6/0/0/0,5166:1747647653970:,1747647661395
counter/6/0/0/0,5167:1747647653970:,1747647661395
counter/8/0/0/0,6083:1747647653965:,1747647661395
counter/10/0/0/0,5588:1747647653704:,1747647661395
counter/5/0/0/0,5909:1747647654134:,1747647661395
counter/5/0/0/0,5910:1747647654134:,1747647661395
counter/5/0/0/0,5911:1747647654134:,1747647661395
counter/5/0/0/0,5912:1747647654134:,1747647661395
counter/5/0/0/0,5913:1747647654134:,1747647661395
counter/8/0/0/0,6084:1747647653965:,1747647661396
counter/8/0/0/0,6085:1747647653978:,1747647661396
counter/8/0/0/0,6086:1747647653979:,1747647661396
counter/8/0/0/0,6087:1747647653979:,1747647661396
counter/8/0/0/0,6088:1747647653979:,1747647661396
counter/8/0/0/0,6089:1747647653979:,1747647661396
counter/8/0/0/0,6090:1747647653979:,1747647661396
counter/8/0/0/0,6091:1747647653979:,1747647661396
counter/8/0/0/0,6092:1747647653979:,1747647661396
counter/3/0/0/0,5981:1747647654096:,1747647661397
counter/9/0/0/0,6178:1747647654238:,1747647661398
counter/9/0/0/0,6179:1747647654238:,1747647661398
counter/9/0/0/0,6180:1747647654239:,1747647661398
counter/9/0/0/0,6181:1747647654239:,1747647661398
counter/9/0/0/0,6182:1747647654244:,1747647661398
counter/9/0/0/0,6183:1747647654244:,1747647661398
counter/7/0/0/0,5522:1747647653922:,1747647661398
counter/7/0/0/0,5523:1747647653923:,1747647661398
counter/7/0/0/0,5524:1747647653923:,1747647661398
counter/7/0/0/0,5525:1747647653924:,1747647661398
counter/9/0/0/0,6184:1747647654245:,1747647661398
counter/7/0/0/0,5526:1747647653924:,1747647661399
counter/9/0/0/0,6185:1747647654245:,1747647661399
counter/7/0/0/0,5527:1747647653924:,1747647661399
counter/9/0/0/0,6186:1747647654246:,1747647661399
counter/7/0/0/0,5528:1747647653924:,1747647661399
counter/9/0/0/0,6187:1747647654246:,1747647661399
counter/9/0/0/0,6188:1747647654246:,1747647661399
counter/9/0/0/0,6189:1747647654246:,1747647661399
counter/9/0/0/0,6190:1747647654246:,1747647661399
counter/9/0/0/0,6191:1747647654250:,1747647661399
counter/9/0/0/0,6192:1747647654252:,1747647661399
counter/9/0/0/0,6193:1747647654252:,1747647661399
counter/10/0/0/0,5589:1747647653708:,1747647661399
counter/8/0/0/0,6093:1747647653979:,1747647661399
counter/10/0/0/0,5590:1747647653708:,1747647661400
counter/9/0/0/0,6194:1747647654252:,1747647661403
counter/9/0/0/0,6195:1747647654252:,1747647661403
counter/9/0/0/0,6196:1747647654252:,1747647661403
counter/9/0/0/0,6197:1747647654252:,1747647661403
counter/9/0/0/0,6198:1747647654252:,1747647661403
counter/9/0/0/0,6199:1747647654252:,1747647661403
counter/9/0/0/0,6200:1747647654252:,1747647661403
counter/9/0/0/0,6201:1747647654252:,1747647661403
counter/8/0/0/0,6094:1747647653979:,1747647661403
counter/2/0/0/0,5481:1747647653348:,1747647661403
counter/9/0/0/0,6202:1747647654252:,1747647661404
counter/9/0/0/0,6203:1747647654252:,1747647661404
counter/9/0/0/0,6204:1747647654252:,1747647661404
counter/9/0/0/0,6205:1747647654252:,1747647661404
counter/3/0/0/0,5982:1747647654096:,1747647661404
counter/3/0/0/0,5983:1747647654096:,1747647661404
counter/5/0/0/0,5914:1747647654134:,1747647661405
counter/3/0/0/0,5984:1747647654096:,1747647661405
counter/5/0/0/0,5915:1747647654134:,1747647661405
counter/3/0/0/0,5985:1747647654096:,1747647661405
counter/5/0/0/0,5916:1747647654134:,1747647661405
counter/3/0/0/0,5986:1747647654096:,1747647661405
counter/5/0/0/0,5917:1747647654134:,1747647661405
counter/3/0/0/0,5987:1747647654096:,1747647661405
counter/7/0/0/0,5529:1747647653925:,1747647661405
counter/7/0/0/0,5530:1747647653925:,1747647661405
counter/7/0/0/0,5531:1747647653925:,1747647661405
counter/7/0/0/0,5532:1747647653925:,1747647661405
counter/7/0/0/0,5533:1747647653925:,1747647661405
counter/7/0/0/0,5534:1747647653925:,1747647661405
counter/7/0/0/0,5535:1747647653925:,1747647661405
counter/7/0/0/0,5536:1747647653925:,1747647661405
counter/7/0/0/0,5537:1747647653925:,1747647661405
counter/10/0/0/0,5591:1747647653708:,1747647661406
counter/6/0/0/0,5168:1747647653970:,1747647661406
counter/4/0/0/0,6077:1747647654550:,1747647661406
counter/4/0/0/0,6078:1747647654550:,1747647661406
counter/4/0/0/0,6079:1747647654550:,1747647661406
counter/4/0/0/0,6080:1747647654551:,1747647661406
counter/4/0/0/0,6081:1747647654551:,1747647661406
counter/1/0/0/0,6285:1747647654510:,1747647661407
counter/1/0/0/0,6286:1747647654510:,1747647661407
counter/1/0/0/0,6287:1747647654510:,1747647661408
counter/3/0/0/0,5988:1747647654096:,1747647661408
counter/1/0/0/0,6288:1747647654510:,1747647661408
counter/9/0/0/0,6206:1747647654252:,1747647661408
counter/9/0/0/0,6207:1747647654252:,1747647661408
counter/9/0/0/0,6208:1747647654253:,1747647661408
counter/9/0/0/0,6209:1747647654253:,1747647661408
counter/9/0/0/0,6210:1747647654253:,1747647661408
counter/9/0/0/0,6211:1747647654253:,1747647661408
counter/9/0/0/0,6212:1747647654253:,1747647661408
counter/9/0/0/0,6213:1747647654253:,1747647661408
counter/8/0/0/0,6095:1747647653979:,1747647661408
counter/7/0/0/0,5538:1747647653928:,1747647661409
counter/3/0/0/0,5989:1747647654096:,1747647661409
counter/3/0/0/0,5990:1747647654096:,1747647661409
counter/8/0/0/0,6096:1747647653979:,1747647661410
counter/8/0/0/0,6097:1747647653979:,1747647661410
counter/8/0/0/0,6098:1747647653984:,1747647661410
counter/8/0/0/0,6099:1747647653989:,1747647661410
counter/8/0/0/0,6100:1747647654004:,1747647661410
counter/2/0/0/0,5482:1747647653348:,1747647661411
counter/6/0/0/0,5169:1747647653970:,1747647661411
counter/2/0/0/0,5483:1747647653348:,1747647661411
counter/2/0/0/0,5484:1747647653348:,1747647661411
counter/2/0/0/0,5485:1747647653349:,1747647661411
counter/8/0/0/0,6101:1747647654004:,1747647661411
counter/2/0/0/0,5486:1747647653349:,1747647661411
counter/2/0/0/0,5487:1747647653349:,1747647661411
counter/2/0/0/0,5488:1747647653349:,1747647661411
counter/2/0/0/0,5489:1747647653349:,1747647661411
counter/4/0/0/0,6082:1747647654551:,1747647661412
counter/4/0/0/0,6083:1747647654551:,1747647661412
counter/4/0/0/0,6084:1747647654551:,1747647661412
counter/4/0/0/0,6085:1747647654551:,1747647661412
counter/5/0/0/0,5918:1747647654134:,1747647661413
counter/4/0/0/0,6086:1747647654551:,1747647661414
counter/7/0/0/0,5539:1747647653928:,1747647661414
counter/8/0/0/0,6102:1747647654004:,1747647661414
counter/8/0/0/0,6103:1747647654004:,1747647661414
counter/9/0/0/0,6214:1747647654253:,1747647661414
counter/9/0/0/0,6215:1747647654253:,1747647661414
counter/9/0/0/0,6216:1747647654253:,1747647661414
counter/6/0/0/0,5170:1747647653970:,1747647661414
counter/9/0/0/0,6217:1747647654253:,1747647661414
counter/9/0/0/0,6218:1747647654253:,1747647661414
counter/9/0/0/0,6219:1747647654253:,1747647661414
counter/5/0/0/0,5919:1747647654134:,1747647661414
counter/8/0/0/0,6104:1747647654004:,1747647661415
counter/8/0/0/0,6105:1747647654004:,1747647661415
counter/8/0/0/0,6106:1747647654004:,1747647661415
counter/8/0/0/0,6107:1747647654004:,1747647661415
counter/7/0/0/0,5540:1747647653931:,1747647661415
counter/5/0/0/0,5920:1747647654134:,1747647661416
counter/7/0/0/0,5541:1747647653931:,1747647661416
counter/7/0/0/0,5542:1747647653931:,1747647661416
counter/7/0/0/0,5543:1747647653931:,1747647661416
counter/7/0/0/0,5544:1747647653931:,1747647661416
counter/7/0/0/0,5545:1747647653932:,1747647661416
counter/7/0/0/0,5546:1747647653932:,1747647661416
counter/7/0/0/0,5547:1747647653932:,1747647661416
counter/7/0/0/0,5548:1747647653932:,1747647661416
counter/10/0/0/0,5592:1747647653708:,1747647661416
counter/5/0/0/0,5921:1747647654134:,1747647661416
counter/5/0/0/0,5922:1747647654135:,1747647661416
counter/5/0/0/0,5923:1747647654135:,1747647661416
counter/8/0/0/0,6108:1747647654004:,1747647661416
counter/5/0/0/0,5924:1747647654135:,1747647661416
counter/5/0/0/0,5925:1747647654138:,1747647661416
counter/5/0/0/0,5926:1747647654138:,1747647661416
counter/3/0/0/0,5991:1747647654096:,1747647661417
counter/7/0/0/0,5549:1747647653933:,1747647661417
counter/7/0/0/0,5550:1747647653933:,1747647661417
counter/7/0/0/0,5551:1747647653933:,1747647661417
counter/7/0/0/0,5552:1747647653933:,1747647661417
counter/10/0/0/0,5593:1747647653708:,1747647661417
counter/10/0/0/0,5594:1747647653708:,1747647661417
counter/2/0/0/0,5490:1747647653349:,1747647661417
counter/2/0/0/0,5491:1747647653349:,1747647661417
counter/2/0/0/0,5492:1747647653349:,1747647661417
counter/2/0/0/0,5493:1747647653349:,1747647661417
counter/1/0/0/0,6289:1747647654510:,1747647661417
counter/5/0/0/0,5927:1747647654139:,1747647661417
counter/5/0/0/0,5928:1747647654139:,1747647661417
counter/5/0/0/0,5929:1747647654139:,1747647661417
counter/5/0/0/0,5930:1747647654139:,1747647661417
counter/5/0/0/0,5931:1747647654139:,1747647661417
counter/5/0/0/0,5932:1747647654139:,1747647661418
counter/5/0/0/0,5933:1747647654139:,1747647661418
counter/8/0/0/0,6109:1747647654004:,1747647661418
counter/5/0/0/0,5934:1747647654142:,1747647661418
counter/8/0/0/0,6110:1747647654004:,1747647661418
counter/8/0/0/0,6111:1747647654004:,1747647661418
counter/8/0/0/0,6112:1747647654004:,1747647661418
counter/7/0/0/0,5553:1747647653933:,1747647661418
counter/3/0/0/0,5992:1747647654096:,1747647661418
counter/8/0/0/0,6113:1747647654004:,1747647661418
counter/8/0/0/0,6114:1747647654005:,1747647661418
counter/8/0/0/0,6115:1747647654005:,1747647661418
counter/8/0/0/0,6116:1747647654005:,1747647661418
counter/8/0/0/0,6117:1747647654005:,1747647661418
counter/8/0/0/0,6118:1747647654005:,1747647661418
counter/8/0/0/0,6119:1747647654005:,1747647661418
counter/3/0/0/0,5993:1747647654096:,1747647661419
counter/3/0/0/0,5994:1747647654096:,1747647661419
counter/3/0/0/0,5995:1747647654096:,1747647661419
counter/3/0/0/0,5996:1747647654096:,1747647661419
counter/3/0/0/0,5997:1747647654096:,1747647661419
counter/3/0/0/0,5998:1747647654097:,1747647661419
counter/3/0/0/0,5999:1747647654097:,1747647661419
counter/3/0/0/0,6000:1747647654097:,1747647661419
counter/3/0/0/0,6001:1747647654097:,1747647661419
counter/1/0/0/0,6290:1747647654513:,1747647661419
counter/3/0/0/0,6002:1747647654097:,1747647661419
counter/9/0/0/0,6220:1747647654253:,1747647661419
counter/3/0/0/0,6003:1747647654099:,1747647661419
counter/9/0/0/0,6221:1747647654253:,1747647661419
counter/9/0/0/0,6222:1747647654253:,1747647661419
counter/9/0/0/0,6223:1747647654253:,1747647661419
counter/9/0/0/0,6224:1747647654253:,1747647661419
counter/9/0/0/0,6225:1747647654273:,1747647661419
counter/9/0/0/0,6226:1747647654273:,1747647661420
counter/9/0/0/0,6227:1747647654273:,1747647661420
counter/8/0/0/0,6120:1747647654005:,1747647661420
counter/9/0/0/0,6228:1747647654278:,1747647661420
counter/10/0/0/0,5595:1747647653708:,1747647661420
counter/10/0/0/0,5596:1747647653709:,1747647661421
counter/10/0/0/0,5597:1747647653709:,1747647661421
counter/10/0/0/0,5598:1747647653709:,1747647661421
counter/10/0/0/0,5599:1747647653709:,1747647661421
counter/10/0/0/0,5600:1747647653709:,1747647661421
counter/10/0/0/0,5601:1747647653709:,1747647661421
counter/10/0/0/0,5602:1747647653709:,1747647661421
counter/1/0/0/0,6291:1747647654513:,1747647661421
counter/1/0/0/0,6292:1747647654513:,1747647661421
counter/1/0/0/0,6293:1747647654519:,1747647661421
counter/8/0/0/0,6121:1747647654005:,1747647661421
counter/8/0/0/0,6122:1747647654005:,1747647661422
counter/8/0/0/0,6123:1747647654011:,1747647661422
counter/8/0/0/0,6124:1747647654011:,1747647661422
counter/8/0/0/0,6125:1747647654011:,1747647661422
counter/8/0/0/0,6126:1747647654011:,1747647661422
counter/8/0/0/0,6127:1747647654011:,1747647661422
counter/8/0/0/0,6128:1747647654011:,1747647661422
counter/2/0/0/0,5494:1747647653352:,1747647661422
counter/6/0/0/0,5171:1747647653970:,1747647661422
counter/2/0/0/0,5495:1747647653356:,1747647661422
counter/2/0/0/0,5496:1747647653356:,1747647661422
counter/9/0/0/0,6229:1747647654278:,1747647661422
counter/2/0/0/0,5497:1747647653356:,1747647661423
counter/10/0/0/0,5603:1747647653715:,1747647661424
counter/3/0/0/0,6004:1747647654099:,1747647661424
counter/1/0/0/0,6294:1747647654519:,1747647661424
counter/1/0/0/0,6295:1747647654519:,1747647661425
counter/1/0/0/0,6296:1747647654519:,1747647661425
counter/9/0/0/0,6230:1747647654278:,1747647661425
counter/9/0/0/0,6231:1747647654278:,1747647661425
counter/9/0/0/0,6232:1747647654278:,1747647661425
counter/9/0/0/0,6233:1747647654278:,1747647661425
counter/9/0/0/0,6234:1747647654278:,1747647661425
counter/9/0/0/0,6235:1747647654278:,1747647661425
counter/9/0/0/0,6236:1747647654278:,1747647661425
counter/9/0/0/0,6237:1747647654278:,1747647661425
counter/9/0/0/0,6238:1747647654278:,1747647661425
counter/9/0/0/0,6239:1747647654278:,1747647661425
counter/9/0/0/0,6240:1747647654282:,1747647661425
counter/9/0/0/0,6241:1747647654285:,1747647661425
counter/8/0/0/0,6129:1747647654011:,1747647661428
counter/8/0/0/0,6130:1747647654011:,1747647661428
counter/3/0/0/0,6005:1747647654099:,1747647661429
counter/5/0/0/0,5935:1747647654142:,1747647661429
counter/5/0/0/0,5936:1747647654142:,1747647661429
counter/5/0/0/0,5937:1747647654142:,1747647661429
counter/5/0/0/0,5938:1747647654142:,1747647661429
counter/5/0/0/0,5939:1747647654142:,1747647661429
counter/1/0/0/0,6297:1747647654519:,1747647661429
counter/5/0/0/0,5940:1747647654144:,1747647661430
counter/5/0/0/0,5941:1747647654144:,1747647661430
counter/5/0/0/0,5942:1747647654144:,1747647661430
counter/5/0/0/0,5943:1747647654144:,1747647661430
counter/10/0/0/0,5604:1747647653715:,1747647661430
counter/3/0/0/0,6006:1747647654099:,1747647661430
counter/4/0/0/0,6087:1747647654551:,1747647661430
counter/10/0/0/0,5605:1747647653715:,1747647661430
counter/10/0/0/0,5606:1747647653715:,1747647661430
counter/10/0/0/0,5607:1747647653716:,1747647661430
counter/10/0/0/0,5608:1747647653718:,1747647661430
counter/10/0/0/0,5609:1747647653718:,1747647661431
counter/7/0/0/0,5554:1747647653933:,1747647661431
counter/1/0/0/0,6298:1747647654519:,1747647661431
counter/6/0/0/0,5172:1747647653970:,1747647661431
counter/2/0/0/0,5498:1747647653356:,1747647661431
counter/7/0/0/0,5555:1747647653933:,1747647661431
counter/1/0/0/0,6299:1747647654519:,1747647661431
counter/6/0/0/0,5173:1747647653970:,1747647661431
counter/7/0/0/0,5556:1747647653933:,1747647661431
counter/6/0/0/0,5174:1747647653973:,1747647661431
counter/7/0/0/0,5557:1747647653933:,1747647661431
counter/6/0/0/0,5175:1747647653974:,1747647661432
counter/7/0/0/0,5558:1747647653933:,1747647661432
counter/1/0/0/0,6300:1747647654523:,1747647661432
counter/7/0/0/0,5559:1747647653934:,1747647661432
counter/1/0/0/0,6301:1747647654523:,1747647661432
counter/1/0/0/0,6302:1747647654523:,1747647661432
counter/1/0/0/0,6303:1747647654523:,1747647661432
counter/1/0/0/0,6304:1747647654523:,1747647661432
counter/1/0/0/0,6305:1747647654523:,1747647661432
counter/6/0/0/0,5176:1747647653974:,1747647661432
counter/6/0/0/0,5177:1747647653974:,1747647661432
counter/3/0/0/0,6007:1747647654099:,1747647661432
counter/10/0/0/0,5610:1747647653718:,1747647661432
counter/1/0/0/0,6306:1747647654523:,1747647661432
counter/3/0/0/0,6008:1747647654099:,1747647661432
counter/1/0/0/0,6307:1747647654523:,1747647661432
counter/3/0/0/0,6009:1747647654099:,1747647661432
counter/1/0/0/0,6308:1747647654523:,1747647661433
counter/3/0/0/0,6010:1747647654099:,1747647661433
counter/1/0/0/0,6309:1747647654526:,1747647661433
counter/3/0/0/0,6011:1747647654099:,1747647661433
counter/1/0/0/0,6310:1747647654526:,1747647661433
counter/3/0/0/0,6012:1747647654099:,1747647661433
counter/1/0/0/0,6311:1747647654526:,1747647661433
counter/3/0/0/0,6013:1747647654099:,1747647661433
counter/1/0/0/0,6312:1747647654533:,1747647661433
counter/3/0/0/0,6014:1747647654101:,1747647661433
counter/1/0/0/0,6313:1747647654533:,1747647661433
counter/1/0/0/0,6314:1747647654533:,1747647661433
counter/1/0/0/0,6315:1747647654533:,1747647661433
counter/3/0/0/0,6015:1747647654101:,1747647661433
counter/3/0/0/0,6016:1747647654101:,1747647661433
counter/3/0/0/0,6017:1747647654101:,1747647661433
counter/3/0/0/0,6018:1747647654101:,1747647661433
counter/10/0/0/0,5611:1747647653718:,1747647661434
counter/3/0/0/0,6019:1747647654101:,1747647661435
counter/3/0/0/0,6020:1747647654102:,1747647661435
counter/5/0/0/0,5944:1747647654144:,1747647661435
counter/3/0/0/0,6021:1747647654102:,1747647661435
counter/9/0/0/0,6242:1747647654285:,1747647661438
counter/9/0/0/0,6243:1747647654285:,1747647661438
counter/9/0/0/0,6244:1747647654285:,1747647661439
counter/9/0/0/0,6245:1747647654285:,1747647661439
counter/9/0/0/0,6246:1747647654285:,1747647661439
counter/9/0/0/0,6247:1747647654286:,1747647661439
counter/3/0/0/0,6022:1747647654102:,1747647661439
counter/2/0/0/0,5499:1747647653356:,1747647661439
counter/9/0/0/0,6248:1747647654286:,1747647661439
counter/9/0/0/0,6249:1747647654286:,1747647661439
counter/9/0/0/0,6250:1747647654286:,1747647661439
counter/2/0/0/0,5500:1747647653356:,1747647661441
counter/3/0/0/0,6023:1747647654102:,1747647661442
counter/3/0/0/0,6024:1747647654102:,1747647661442
counter/3/0/0/0,6025:1747647654102:,1747647661442
counter/3/0/0/0,6026:1747647654102:,1747647661442
counter/3/0/0/0,6027:1747647654102:,1747647661442
counter/3/0/0/0,6028:1747647654102:,1747647661442
counter/5/0/0/0,5945:1747647654144:,1747647661442
counter/5/0/0/0,5946:1747647654144:,1747647661442
counter/5/0/0/0,5947:1747647654144:,1747647661442
counter/8/0/0/0,6131:1747647654011:,1747647661443
counter/4/0/0/0,6088:1747647654551:,1747647661443
counter/10/0/0/0,5612:1747647653718:,1747647661446
counter/1/0/0/0,6316:1747647654533:,1747647661447
counter/7/0/0/0,5560:1747647653934:,1747647661447
counter/7/0/0/0,5561:1747647653934:,1747647661447
counter/7/0/0/0,5562:1747647653934:,1747647661447
counter/7/0/0/0,5563:1747647653934:,1747647661447
counter/6/0/0/0,5178:1747647653986:,1747647661447
counter/5/0/0/0,5948:1747647654144:,1747647661447
counter/4/0/0/0,6089:1747647654551:,1747647661447
counter/5/0/0/0,5949:1747647654144:,1747647661447
counter/5/0/0/0,5950:1747647654144:,1747647661447
counter/3/0/0/0,6029:1747647654102:,1747647661447
counter/3/0/0/0,6030:1747647654102:,1747647661447
counter/3/0/0/0,6031:1747647654102:,1747647661447
counter/3/0/0/0,6032:1747647654102:,1747647661447
counter/3/0/0/0,6033:1747647654102:,1747647661447
counter/3/0/0/0,6034:1747647654102:,1747647661448
counter/3/0/0/0,6035:1747647654102:,1747647661448
counter/3/0/0/0,6036:1747647654102:,1747647661448
counter/8/0/0/0,6132:1747647654011:,1747647661448
counter/2/0/0/0,5501:1747647653356:,1747647661448
counter/2/0/0/0,5502:1747647653356:,1747647661448
counter/2/0/0/0,5503:1747647653358:,1747647661448
counter/2/0/0/0,5504:1747647653358:,1747647661448
counter/2/0/0/0,5505:1747647653358:,1747647661448
counter/2/0/0/0,5506:1747647653358:,1747647661448
counter/4/0/0/0,6090:1747647654551:,1747647661448
counter/4/0/0/0,6091:1747647654551:,1747647661448
counter/4/0/0/0,6092:1747647654551:,1747647661449
counter/4/0/0/0,6093:1747647654551:,1747647661449
counter/6/0/0/0,5179:1747647653991:,1747647661449
counter/8/0/0/0,6133:1747647654011:,1747647661449
counter/6/0/0/0,5180:1747647653991:,1747647661449
counter/4/0/0/0,6094:1747647654551:,1747647661449
counter/4/0/0/0,6095:1747647654551:,1747647661449
counter/4/0/0/0,6096:1747647654551:,1747647661449
counter/4/0/0/0,6097:1747647654551:,1747647661449
counter/6/0/0/0,5181:1747647653991:,1747647661449
counter/9/0/0/0,6251:1747647654286:,1747647661450
counter/8/0/0/0,6134:1747647654012:,1747647661450
counter/1/0/0/0,6317:1747647654533:,1747647661450
counter/7/0/0/0,5564:1747647653934:,1747647661450
counter/1/0/0/0,6318:1747647654533:,1747647661452
counter/7/0/0/0,5565:1747647653934:,1747647661452
counter/3/0/0/0,6037:1747647654102:,1747647661453
counter/4/0/0/0,6098:1747647654551:,1747647661453
counter/9/0/0/0,6252:1747647654286:,1747647661453
counter/8/0/0/0,6135:1747647654012:,1747647661454
counter/1/0/0/0,6319:1747647654533:,1747647661455
counter/6/0/0/0,5182:1747647653991:,1747647661456
counter/2/0/0/0,5507:1747647653358:,1747647661456
counter/4/0/0/0,6099:1747647654551:,1747647661457
counter/4/0/0/0,6100:1747647654552:,1747647661457
counter/4/0/0/0,6101:1747647654552:,1747647661457
counter/4/0/0/0,6102:1747647654552:,1747647661458
counter/4/0/0/0,6103:1747647654552:,1747647661458
counter/10/0/0/0,5613:1747647653718:,1747647661458
counter/4/0/0/0,6104:1747647654552:,1747647661458
counter/2/0/0/0,5508:1747647653358:,1747647661459
counter/6/0/0/0,5183:1747647653991:,1747647661461
counter/6/0/0/0,5184:1747647653991:,1747647661461
counter/4/0/0/0,6105:1747647654553:,1747647661461
counter/4/0/0/0,6106:1747647654553:,1747647661461
counter/4/0/0/0,6107:1747647654553:,1747647661461
counter/4/0/0/0,6108:1747647654553:,1747647661461
counter/2/0/0/0,5509:1747647653358:,1747647661461
counter/2/0/0/0,5510:1747647653358:,1747647661461
counter/2/0/0/0,5511:1747647653358:,1747647661461
counter/5/0/0/0,5951:1747647654145:,1747647661461
counter/5/0/0/0,5952:1747647654145:,1747647661461
counter/10/0/0/0,5614:1747647653718:,1747647661462
counter/3/0/0/0,6038:1747647654103:,1747647661462
counter/3/0/0/0,6039:1747647654108:,1747647661462
counter/3/0/0/0,6040:1747647654108:,1747647661462
counter/3/0/0/0,6041:1747647654108:,1747647661462
counter/9/0/0/0,6253:1747647654286:,1747647661462
counter/7/0/0/0,5566:1747647653934:,1747647661462
counter/5/0/0/0,5953:1747647654150:,1747647661462
counter/1/0/0/0,6320:1747647654533:,1747647661463
counter/1/0/0/0,6321:1747647654533:,1747647661463
counter/1/0/0/0,6322:1747647654533:,1747647661463
counter/1/0/0/0,6323:1747647654533:,1747647661463
counter/1/0/0/0,6324:1747647654533:,1747647661463
counter/4/0/0/0,6109:1747647654553:,1747647661463
counter/4/0/0/0,6110:1747647654553:,1747647661463
counter/4/0/0/0,6111:1747647654553:,1747647661463
counter/4/0/0/0,6112:1747647654553:,1747647661463
counter/4/0/0/0,6113:1747647654554:,1747647661464
counter/1/0/0/0,6325:1747647654533:,1747647661464
counter/1/0/0/0,6326:1747647654533:,1747647661464
counter/10/0/0/0,5615:1747647653718:,1747647661464
counter/10/0/0/0,5616:1747647653718:,1747647661464
counter/10/0/0/0,5617:1747647653718:,1747647661464
counter/6/0/0/0,5185:1747647653991:,1747647661464
counter/9/0/0/0,6254:1747647654286:,1747647661464
counter/9/0/0/0,6255:1747647654286:,1747647661464
counter/9/0/0/0,6256:1747647654286:,1747647661464
counter/9/0/0/0,6257:1747647654286:,1747647661464
counter/2/0/0/0,5512:1747647653358:,1747647661464
counter/5/0/0/0,5954:1747647654151:,1747647661464
counter/2/0/0/0,5513:1747647653358:,1747647661465
counter/5/0/0/0,5955:1747647654151:,1747647661465
counter/8/0/0/0,6136:1747647654012:,1747647661465
counter/8/0/0/0,6137:1747647654033:,1747647661465
counter/8/0/0/0,6138:1747647654033:,1747647661465
counter/8/0/0/0,6139:1747647654033:,1747647661465
counter/8/0/0/0,6140:1747647654034:,1747647661465
counter/6/0/0/0,5186:1747647653991:,1747647661466
counter/4/0/0/0,6114:1747647654554:,1747647661467
counter/9/0/0/0,6258:1747647654286:,1747647661467
counter/4/0/0/0,6115:1747647654554:,1747647661467
counter/9/0/0/0,6259:1747647654286:,1747647661468
counter/4/0/0/0,6116:1747647654554:,1747647661468
counter/4/0/0/0,6117:1747647654581:,1747647661468
counter/4/0/0/0,6118:1747647654581:,1747647661468
counter/5/0/0/0,5956:1747647654151:,1747647661468
counter/1/0/0/0,6327:1747647654533:,1747647661469
counter/6/0/0/0,5187:1747647653991:,1747647661469
counter/1/0/0/0,6328:1747647654533:,1747647661470
counter/1/0/0/0,6329:1747647654534:,1747647661470
counter/1/0/0/0,6330:1747647654539:,1747647661470
counter/1/0/0/0,6331:1747647654540:,1747647661470
counter/1/0/0/0,6332:1747647654540:,1747647661470
counter/1/0/0/0,6333:1747647654540:,1747647661470
counter/1/0/0/0,6334:1747647654540:,1747647661470
counter/9/0/0/0,6260:1747647654286:,1747647661470
counter/5/0/0/0,5957:1747647654151:,1747647661470
counter/5/0/0/0,5958:1747647654151:,1747647661470
counter/8/0/0/0,6141:1747647654034:,1747647661470
counter/7/0/0/0,5567:1747647653944:,1747647661470
counter/8/0/0/0,6142:1747647654034:,1747647661470
counter/7/0/0/0,5568:1747647653946:,1747647661470
counter/6/0/0/0,5188:1747647653991:,1747647661471
counter/10/0/0/0,5618:1747647653718:,1747647661471
counter/10/0/0/0,5619:1747647653718:,1747647661471
counter/1/0/0/0,6335:1747647654540:,1747647661471
counter/1/0/0/0,6336:1747647654540:,1747647661471
counter/4/0/0/0,6119:1747647654582:,1747647661471
counter/4/0/0/0,6120:1747647654582:,1747647661471
counter/4/0/0/0,6121:1747647654582:,1747647661471
counter/4/0/0/0,6122:1747647654584:,1747647661471
counter/4/0/0/0,6123:1747647654584:,1747647661471
counter/4/0/0/0,6124:1747647654584:,1747647661471
counter/4/0/0/0,6125:1747647654584:,1747647661471
counter/3/0/0/0,6042:1747647654108:,1747647661471
counter/8/0/0/0,6143:1747647654034:,1747647661471
counter/8/0/0/0,6144:1747647654034:,1747647661472
counter/8/0/0/0,6145:1747647654034:,1747647661472
counter/8/0/0/0,6146:1747647654034:,1747647661472
counter/8/0/0/0,6147:1747647654034:,1747647661472
counter/8/0/0/0,6148:1747647654034:,1747647661472
counter/8/0/0/0,6149:1747647654034:,1747647661472
counter/8/0/0/0,6150:1747647654050:,1747647661472
counter/8/0/0/0,6151:1747647654050:,1747647661472
counter/8/0/0/0,6152:1747647654050:,1747647661472
counter/8/0/0/0,6153:1747647654050:,1747647661472
counter/8/0/0/0,6154:1747647654050:,1747647661472
counter/8/0/0/0,6155:1747647654050:,1747647661472
counter/1/0/0/0,6337:1747647654540:,1747647661472
counter/9/0/0/0,6261:1747647654286:,1747647661472
counter/10/0/0/0,5620:1747647653718:,1747647661473
counter/8/0/0/0,6156:1747647654050:,1747647661474
counter/8/0/0/0,6157:1747647654050:,1747647661474
counter/8/0/0/0,6158:1747647654055:,1747647661474
counter/4/0/0/0,6126:1747647654584:,1747647661474
counter/9/0/0/0,6262:1747647654286:,1747647661474
counter/9/0/0/0,6263:1747647654286:,1747647661474
counter/2/0/0/0,5514:1747647653358:,1747647661474
counter/7/0/0/0,5569:1747647653946:,1747647661474
counter/3/0/0/0,6043:1747647654108:,1747647661474
counter/5/0/0/0,5959:1747647654151:,1747647661476
counter/9/0/0/0,6264:1747647654286:,1747647661476
counter/5/0/0/0,5960:1747647654151:,1747647661476
counter/9/0/0/0,6265:1747647654286:,1747647661476
counter/9/0/0/0,6266:1747647654286:,1747647661476
counter/5/0/0/0,5961:1747647654151:,1747647661476
counter/4/0/0/0,6127:1747647654585:,1747647661477
counter/9/0/0/0,6267:1747647654286:,1747647661477
counter/7/0/0/0,5570:1747647653946:,1747647661477
counter/10/0/0/0,5621:1747647653718:,1747647661478
counter/10/0/0/0,5622:1747647653718:,1747647661478
counter/10/0/0/0,5623:1747647653718:,1747647661478
counter/10/0/0/0,5624:1747647653718:,1747647661478
counter/10/0/0/0,5625:1747647653720:,1747647661478
counter/10/0/0/0,5626:1747647653720:,1747647661478
counter/10/0/0/0,5627:1747647653720:,1747647661478
counter/10/0/0/0,5628:1747647653732:,1747647661478
counter/10/0/0/0,5629:1747647653732:,1747647661478
counter/8/0/0/0,6159:1747647654055:,1747647661478
counter/5/0/0/0,5962:1747647654151:,1747647661483
counter/3/0/0/0,6044:1747647654108:,1747647661483
counter/1/0/0/0,6338:1747647654540:,1747647661483
counter/7/0/0/0,5571:1747647653946:,1747647661483
counter/6/0/0/0,5189:1747647653991:,1747647661483
counter/8/0/0/0,6160:1747647654055:,1747647661483
counter/3/0/0/0,6045:1747647654108:,1747647661484
counter/1/0/0/0,6339:1747647654540:,1747647661484
counter/7/0/0/0,5572:1747647653946:,1747647661484
counter/1/0/0/0,6340:1747647654540:,1747647661484
counter/3/0/0/0,6046:1747647654108:,1747647661485
counter/3/0/0/0,6047:1747647654108:,1747647661485
counter/3/0/0/0,6048:1747647654108:,1747647661485
counter/3/0/0/0,6049:1747647654108:,1747647661485
counter/3/0/0/0,6050:1747647654113:,1747647661485
counter/3/0/0/0,6051:1747647654114:,1747647661485
counter/1/0/0/0,6341:1747647654540:,1747647661486
counter/10/0/0/0,5630:1747647653732:,1747647661486
counter/8/0/0/0,6161:1747647654055:,1747647661486
counter/4/0/0/0,6128:1747647654585:,1747647661486
counter/8/0/0/0,6162:1747647654055:,1747647661486
counter/8/0/0/0,6163:1747647654055:,1747647661486
counter/8/0/0/0,6164:1747647654055:,1747647661486
counter/10/0/0/0,5631:1747647653732:,1747647661486
counter/3/0/0/0,6052:1747647654114:,1747647661487
counter/3/0/0/0,6053:1747647654114:,1747647661487
counter/3/0/0/0,6054:1747647654114:,1747647661487
counter/9/0/0/0,6268:1747647654286:,1747647661489
counter/9/0/0/0,6269:1747647654286:,1747647661489
counter/1/0/0/0,6342:1747647654541:,1747647661489
counter/5/0/0/0,5963:1747647654151:,1747647661490
counter/4/0/0/0,6129:1747647654585:,1747647661490
counter/7/0/0/0,5573:1747647653946:,1747647661490
counter/6/0/0/0,5190:1747647653991:,1747647661491
counter/6/0/0/0,5191:1747647653991:,1747647661491
counter/6/0/0/0,5192:1747647653991:,1747647661491
counter/6/0/0/0,5193:1747647653991:,1747647661491
counter/1/0/0/0,6343:1747647654541:,1747647661491
counter/1/0/0/0,6344:1747647654541:,1747647661491
counter/1/0/0/0,6345:1747647654541:,1747647661491
counter/1/0/0/0,6346:1747647654541:,1747647661492
counter/3/0/0/0,6055:1747647654114:,1747647661492
counter/6/0/0/0,5194:1747647653992:,1747647661493
counter/6/0/0/0,5195:1747647653994:,1747647661493
counter/6/0/0/0,5196:1747647653994:,1747647661493
counter/5/0/0/0,5964:1747647654151:,1747647661494
counter/10/0/0/0,5632:1747647653732:,1747647661494
counter/10/0/0/0,5633:1747647653732:,1747647661494
counter/10/0/0/0,5634:1747647653732:,1747647661494
counter/10/0/0/0,5635:1747647653732:,1747647661494
counter/10/0/0/0,5636:1747647653732:,1747647661494
counter/10/0/0/0,5637:1747647653732:,1747647661494
counter/4/0/0/0,6130:1747647654585:,1747647661494
counter/4/0/0/0,6131:1747647654585:,1747647661494
counter/9/0/0/0,6270:1747647654286:,1747647661494
counter/1/0/0/0,6347:1747647654542:,1747647661494
counter/5/0/0/0,5965:1747647654151:,1747647661494
counter/1/0/0/0,6348:1747647654542:,1747647661495
counter/7/0/0/0,5574:1747647653946:,1747647661495
counter/5/0/0/0,5966:1747647654151:,1747647661495
counter/10/0/0/0,5638:1747647653732:,1747647661495
counter/3/0/0/0,6056:1747647654114:,1747647661495
counter/3/0/0/0,6057:1747647654115:,1747647661495
counter/3/0/0/0,6058:1747647654115:,1747647661495
counter/5/0/0/0,5967:1747647654151:,1747647661495
counter/10/0/0/0,5639:1747647653732:,1747647661495
counter/2/0/0/0,5515:1747647653358:,1747647661495
counter/2/0/0/0,5516:1747647653358:,1747647661495
counter/4/0/0/0,6132:1747647654587:,1747647661497
counter/6/0/0/0,5197:1747647653994:,1747647661497
counter/10/0/0/0,5640:1747647653734:,1747647661497
counter/6/0/0/0,5198:1747647653994:,1747647661497
counter/4/0/0/0,6133:1747647654587:,1747647661498
counter/4/0/0/0,6134:1747647654587:,1747647661498
counter/4/0/0/0,6135:1747647654587:,1747647661498
counter/4/0/0/0,6136:1747647654587:,1747647661498
counter/4/0/0/0,6137:1747647654590:,1747647661498
counter/4/0/0/0,6138:1747647654590:,1747647661498
counter/4/0/0/0,6139:1747647654590:,1747647661499
counter/4/0/0/0,6140:1747647654590:,1747647661499
counter/4/0/0/0,6141:1747647654590:,1747647661499
counter/4/0/0/0,6142:1747647654590:,1747647661499
counter/9/0/0/0,6271:1747647654286:,1747647661499
counter/2/0/0/0,5517:1747647653358:,1747647661499
counter/2/0/0/0,5518:1747647653358:,1747647661499
counter/10/0/0/0,5641:1747647653735:,1747647661499
counter/7/0/0/0,5575:1747647653951:,1747647661500
counter/8/0/0/0,6165:1747647654074:,1747647661500
counter/3/0/0/0,6059:1747647654115:,1747647661500
counter/3/0/0/0,6060:1747647654115:,1747647661500
counter/2/0/0/0,5519:1747647653358:,1747647661501
counter/2/0/0/0,5520:1747647653358:,1747647661501
counter/4/0/0/0,6143:1747647654590:,1747647661501
counter/6/0/0/0,5199:1747647653994:,1747647661501
counter/5/0/0/0,5968:1747647654151:,1747647661501
counter/5/0/0/0,5969:1747647654151:,1747647661501
counter/5/0/0/0,5970:1747647654151:,1747647661501
counter/5/0/0/0,5971:1747647654151:,1747647661501
counter/9/0/0/0,6272:1747647654288:,1747647661501
counter/5/0/0/0,5972:1747647654152:,1747647661501
counter/9/0/0/0,6273:1747647654288:,1747647661501
counter/9/0/0/0,6274:1747647654288:,1747647661501
counter/9/0/0/0,6275:1747647654288:,1747647661501
counter/9/0/0/0,6276:1747647654288:,1747647661501
counter/6/0/0/0,5200:1747647653997:,1747647661501
counter/2/0/0/0,5521:1747647653358:,1747647661501
counter/6/0/0/0,5201:1747647653997:,1747647661501
counter/4/0/0/0,6144:1747647654601:,1747647661501
counter/4/0/0/0,6145:1747647654601:,1747647661501
counter/4/0/0/0,6146:1747647654601:,1747647661501
counter/4/0/0/0,6147:1747647654601:,1747647661501
counter/4/0/0/0,6148:1747647654601:,1747647661501
counter/2/0/0/0,5522:1747647653358:,1747647661502
counter/2/0/0/0,5523:1747647653358:,1747647661502
counter/2/0/0/0,5524:1747647653395:,1747647661502
counter/5/0/0/0,5973:1747647654152:,1747647661502
counter/6/0/0/0,5202:1747647653997:,1747647661505
counter/9/0/0/0,6277:1747647654288:,1747647661506
counter/10/0/0/0,5642:1747647653735:,1747647661506
counter/10/0/0/0,5643:1747647653735:,1747647661506
counter/1/0/0/0,6349:1747647654542:,1747647661506
counter/6/0/0/0,5203:1747647653998:,1747647661506
counter/2/0/0/0,5525:1747647653395:,1747647661506
counter/2/0/0/0,5526:1747647653395:,1747647661506
counter/2/0/0/0,5527:1747647653404:,1747647661506
counter/2/0/0/0,5528:1747647653404:,1747647661506
counter/2/0/0/0,5529:1747647653404:,1747647661507
counter/2/0/0/0,5530:1747647653404:,1747647661507
counter/2/0/0/0,5531:1747647653404:,1747647661507
counter/2/0/0/0,5532:1747647653404:,1747647661507
counter/2/0/0/0,5533:1747647653404:,1747647661507
counter/4/0/0/0,6149:1747647654601:,1747647661508
counter/4/0/0/0,6150:1747647654601:,1747647661508
counter/4/0/0/0,6151:1747647654601:,1747647661508
counter/4/0/0/0,6152:1747647654601:,1747647661508
counter/4/0/0/0,6153:1747647654601:,1747647661508
counter/4/0/0/0,6154:1747647654601:,1747647661508
counter/4/0/0/0,6155:1747647654605:,1747647661508
counter/4/0/0/0,6156:1747647654605:,1747647661508
counter/4/0/0/0,6157:1747647654605:,1747647661509
counter/4/0/0/0,6158:1747647654605:,1747647661509
counter/4/0/0/0,6159:1747647654605:,1747647661509
counter/4/0/0/0,6160:1747647654606:,1747647661509
counter/8/0/0/0,6166:1747647654074:,1747647661509
counter/1/0/0/0,6350:1747647654542:,1747647661509
counter/1/0/0/0,6351:1747647654542:,1747647661509
counter/8/0/0/0,6167:1747647654074:,1747647661509
counter/5/0/0/0,5974:1747647654152:,1747647661509
counter/1/0/0/0,6352:1747647654542:,1747647661509
counter/4/0/0/0,6161:1747647654608:,1747647661509
counter/8/0/0/0,6168:1747647654074:,1747647661509
counter/4/0/0/0,6162:1747647654608:,1747647661509
counter/5/0/0/0,5975:1747647654152:,1747647661509
counter/5/0/0/0,5976:1747647654152:,1747647661509
counter/4/0/0/0,6163:1747647654608:,1747647661511
counter/9/0/0/0,6278:1747647654288:,1747647661511
counter/10/0/0/0,5644:1747647653735:,1747647661511
counter/10/0/0/0,5645:1747647653735:,1747647661511
counter/10/0/0/0,5646:1747647653737:,1747647661511
counter/10/0/0/0,5647:1747647653737:,1747647661512
counter/10/0/0/0,5648:1747647653737:,1747647661512
counter/10/0/0/0,5649:1747647653737:,1747647661512
counter/10/0/0/0,5650:1747647653740:,1747647661512
counter/10/0/0/0,5651:1747647653744:,1747647661512
counter/10/0/0/0,5652:1747647653744:,1747647661512
counter/10/0/0/0,5653:1747647653744:,1747647661512
counter/10/0/0/0,5654:1747647653744:,1747647661512
counter/10/0/0/0,5655:1747647653744:,1747647661512
counter/10/0/0/0,5656:1747647653744:,1747647661512
counter/10/0/0/0,5657:1747647653744:,1747647661512
counter/8/0/0/0,6169:1747647654074:,1747647661512
counter/10/0/0/0,5658:1747647653744:,1747647661513
counter/9/0/0/0,6279:1747647654288:,1747647661513
counter/9/0/0/0,6280:1747647654288:,1747647661514
counter/9/0/0/0,6281:1747647654288:,1747647661514
counter/6/0/0/0,5204:1747647653998:,1747647661514
counter/1/0/0/0,6353:1747647654542:,1747647661514
counter/10/0/0/0,5659:1747647653744:,1747647661514
counter/8/0/0/0,6170:1747647654074:,1747647661514
counter/8/0/0/0,6171:1747647654074:,1747647661514
counter/7/0/0/0,5576:1747647653951:,1747647661514
counter/2/0/0/0,5534:1747647653404:,1747647661514
counter/8/0/0/0,6172:1747647654074:,1747647661514
counter/8/0/0/0,6173:1747647654074:,1747647661514
counter/8/0/0/0,6174:1747647654074:,1747647661514
counter/8/0/0/0,6175:1747647654075:,1747647661514
counter/8/0/0/0,6176:1747647654081:,1747647661514
counter/4/0/0/0,6164:1747647654608:,1747647661514
counter/4/0/0/0,6165:1747647654608:,1747647661514
counter/5/0/0/0,5977:1747647654152:,1747647661514
counter/5/0/0/0,5978:1747647654152:,1747647661514
counter/7/0/0/0,5577:1747647653959:,1747647661514
counter/7/0/0/0,5578:1747647653959:,1747647661514
counter/7/0/0/0,5579:1747647653959:,1747647661514
counter/7/0/0/0,5580:1747647653959:,1747647661514
counter/7/0/0/0,5581:1747647653979:,1747647661514
counter/7/0/0/0,5582:1747647653979:,1747647661514
counter/7/0/0/0,5583:1747647653979:,1747647661514
counter/1/0/0/0,6354:1747647654542:,1747647661514
counter/2/0/0/0,5535:1747647653404:,1747647661514
counter/4/0/0/0,6166:1747647654608:,1747647661515
counter/5/0/0/0,5979:1747647654152:,1747647661515
counter/5/0/0/0,5980:1747647654152:,1747647661515
counter/5/0/0/0,5981:1747647654153:,1747647661515
counter/5/0/0/0,5982:1747647654153:,1747647661515
counter/5/0/0/0,5983:1747647654153:,1747647661515
counter/5/0/0/0,5984:1747647654153:,1747647661515
counter/5/0/0/0,5985:1747647654153:,1747647661515
counter/5/0/0/0,5986:1747647654153:,1747647661516
counter/5/0/0/0,5987:1747647654156:,1747647661516
counter/1/0/0/0,6355:1747647654542:,1747647661516
counter/1/0/0/0,6356:1747647654552:,1747647661516
counter/2/0/0/0,5536:1747647653404:,1747647661516
counter/9/0/0/0,6282:1747647654288:,1747647661517
counter/2/0/0/0,5537:1747647653404:,1747647661517
counter/2/0/0/0,5538:1747647653429:,1747647661517
counter/2/0/0/0,5539:1747647653429:,1747647661517
counter/2/0/0/0,5540:1747647653431:,1747647661517
counter/2/0/0/0,5541:1747647653431:,1747647661517
counter/2/0/0/0,5542:1747647653431:,1747647661517
counter/2/0/0/0,5543:1747647653431:,1747647661517
counter/4/0/0/0,6167:1747647654608:,1747647661517
counter/10/0/0/0,5660:1747647653744:,1747647661517
counter/10/0/0/0,5661:1747647653744:,1747647661517
counter/3/0/0/0,6061:1747647654115:,1747647661517
counter/6/0/0/0,5205:1747647653998:,1747647661517
counter/6/0/0/0,5206:1747647653998:,1747647661517
counter/6/0/0/0,5207:1747647653998:,1747647661517
counter/6/0/0/0,5208:1747647653998:,1747647661517
counter/6/0/0/0,5209:1747647653998:,1747647661517
counter/6/0/0/0,5210:1747647653999:,1747647661517
counter/6/0/0/0,5211:1747647653999:,1747647661518
counter/7/0/0/0,5584:1747647653979:,1747647661518
counter/5/0/0/0,5988:1747647654156:,1747647661518
counter/5/0/0/0,5989:1747647654156:,1747647661518
counter/1/0/0/0,6357:1747647654552:,1747647661518
counter/1/0/0/0,6358:1747647654552:,1747647661518
counter/1/0/0/0,6359:1747647654552:,1747647661518
counter/1/0/0/0,6360:1747647654552:,1747647661518
counter/1/0/0/0,6361:1747647654552:,1747647661518
counter/1/0/0/0,6362:1747647654552:,1747647661518
counter/1/0/0/0,6363:1747647654554:,1747647661518
counter/1/0/0/0,6364:1747647654555:,1747647661518
counter/1/0/0/0,6365:1747647654555:,1747647661518
counter/2/0/0/0,5544:1747647653431:,1747647661518
counter/4/0/0/0,6168:1747647654609:,1747647661518
counter/6/0/0/0,5212:1747647653999:,1747647661518
counter/4/0/0/0,6169:1747647654609:,1747647661518
counter/4/0/0/0,6170:1747647654609:,1747647661518
counter/4/0/0/0,6171:1747647654609:,1747647661518
counter/4/0/0/0,6172:1747647654609:,1747647661518
counter/4/0/0/0,6173:1747647654609:,1747647661518
counter/4/0/0/0,6174:1747647654609:,1747647661518
counter/4/0/0/0,6175:1747647654609:,1747647661519
counter/6/0/0/0,5213:1747647653999:,1747647661520
counter/6/0/0/0,5214:1747647654007:,1747647661520
counter/6/0/0/0,5215:1747647654007:,1747647661520
counter/6/0/0/0,5216:1747647654007:,1747647661521
counter/6/0/0/0,5217:1747647654023:,1747647661521
counter/6/0/0/0,5218:1747647654028:,1747647661521
counter/1/0/0/0,6366:1747647654555:,1747647661521
counter/1/0/0/0,6367:1747647654555:,1747647661521
counter/1/0/0/0,6368:1747647654555:,1747647661521
counter/1/0/0/0,6369:1747647654555:,1747647661521
counter/1/0/0/0,6370:1747647654557:,1747647661521
counter/1/0/0/0,6371:1747647654558:,1747647661521
counter/1/0/0/0,6372:1747647654558:,1747647661521
counter/1/0/0/0,6373:1747647654558:,1747647661521
counter/1/0/0/0,6374:1747647654558:,1747647661521
counter/1/0/0/0,6375:1747647654558:,1747647661521
counter/2/0/0/0,5545:1747647653431:,1747647661521
counter/4/0/0/0,6176:1747647654609:,1747647661521
counter/4/0/0/0,6177:1747647654609:,1747647661521
counter/1/0/0/0,6376:1747647654558:,1747647661522
counter/6/0/0/0,5219:1747647654028:,1747647661523
counter/6/0/0/0,5220:1747647654028:,1747647661523
counter/6/0/0/0,5221:1747647654028:,1747647661523
counter/6/0/0/0,5222:1747647654028:,1747647661523
counter/6/0/0/0,5223:1747647654028:,1747647661523
counter/6/0/0/0,5224:1747647654028:,1747647661523
counter/6/0/0/0,5225:1747647654028:,1747647661523
counter/6/0/0/0,5226:1747647654028:,1747647661523
counter/6/0/0/0,5227:1747647654028:,1747647661523
counter/6/0/0/0,5228:1747647654045:,1747647661524
counter/6/0/0/0,5229:1747647654045:,1747647661524
counter/6/0/0/0,5230:1747647654045:,1747647661524
counter/6/0/0/0,5231:1747647654050:,1747647661524
counter/6/0/0/0,5232:1747647654050:,1747647661524
counter/6/0/0/0,5233:1747647654050:,1747647661524
counter/8/0/0/0,6177:1747647654081:,1747647661524
counter/8/0/0/0,6178:1747647654081:,1747647661524
counter/8/0/0/0,6179:1747647654081:,1747647661524
counter/8/0/0/0,6180:1747647654081:,1747647661524
counter/8/0/0/0,6181:1747647654081:,1747647661524
counter/2/0/0/0,5546:1747647653431:,1747647661524
counter/6/0/0/0,5234:1747647654050:,1747647661524
counter/8/0/0/0,6182:1747647654086:,1747647661524
counter/8/0/0/0,6183:1747647654086:,1747647661524
counter/8/0/0/0,6184:1747647654086:,1747647661524
counter/8/0/0/0,6185:1747647654086:,1747647661524
counter/8/0/0/0,6186:1747647654086:,1747647661524
counter/8/0/0/0,6187:1747647654087:,1747647661525
counter/4/0/0/0,6178:1747647654609:,1747647661525
counter/5/0/0/0,5990:1747647654163:,1747647661525
counter/5/0/0/0,5991:1747647654163:,1747647661525
counter/5/0/0/0,5992:1747647654163:,1747647661525
counter/4/0/0/0,6179:1747647654609:,1747647661525
counter/4/0/0/0,6180:1747647654612:,1747647661525
counter/4/0/0/0,6181:1747647654612:,1747647661525
counter/4/0/0/0,6182:1747647654612:,1747647661525
counter/4/0/0/0,6183:1747647654612:,1747647661525
counter/9/0/0/0,6283:1747647654288:,1747647661526
counter/9/0/0/0,6284:1747647654288:,1747647661526
counter/9/0/0/0,6285:1747647654288:,1747647661526
counter/9/0/0/0,6286:1747647654288:,1747647661526
counter/9/0/0/0,6287:1747647654288:,1747647661526
counter/9/0/0/0,6288:1747647654288:,1747647661526
counter/9/0/0/0,6289:1747647654288:,1747647661526
counter/9/0/0/0,6290:1747647654288:,1747647661526
counter/4/0/0/0,6184:1747647654612:,1747647661526
counter/7/0/0/0,5585:1747647653979:,1747647661526
counter/7/0/0/0,5586:1747647653979:,1747647661526
counter/2/0/0/0,5547:1747647653431:,1747647661527
counter/5/0/0/0,5993:1747647654163:,1747647661527
counter/8/0/0/0,6188:1747647654087:,1747647661527
counter/10/0/0/0,5662:1747647653744:,1747647661528
counter/1/0/0/0,6377:1747647654563:,1747647661528
counter/1/0/0/0,6378:1747647654563:,1747647661528
counter/1/0/0/0,6379:1747647654563:,1747647661528
counter/1/0/0/0,6380:1747647654563:,1747647661528
counter/1/0/0/0,6381:1747647654563:,1747647661528
counter/1/0/0/0,6382:1747647654563:,1747647661528
counter/1/0/0/0,6383:1747647654563:,1747647661528
counter/1/0/0/0,6384:1747647654563:,1747647661528
counter/10/0/0/0,5663:1747647653744:,1747647661528
counter/1/0/0/0,6385:1747647654563:,1747647661528
counter/1/0/0/0,6386:1747647654563:,1747647661528
counter/1/0/0/0,6387:1747647654569:,1747647661528
counter/1/0/0/0,6388:1747647654569:,1747647661528
counter/1/0/0/0,6389:1747647654569:,1747647661528
counter/1/0/0/0,6390:1747647654569:,1747647661528
counter/1/0/0/0,6391:1747647654569:,1747647661529
counter/9/0/0/0,6291:1747647654288:,1747647661530
counter/5/0/0/0,5994:1747647654163:,1747647661530
counter/8/0/0/0,6189:1747647654087:,1747647661530
counter/5/0/0/0,5995:1747647654163:,1747647661530
counter/5/0/0/0,5996:1747647654163:,1747647661530
counter/5/0/0/0,5997:1747647654163:,1747647661530
counter/5/0/0/0,5998:1747647654163:,1747647661530
counter/5/0/0/0,5999:1747647654164:,1747647661530
counter/5/0/0/0,6000:1747647654164:,1747647661530
counter/3/0/0/0,6062:1747647654115:,1747647661530
counter/2/0/0/0,5548:1747647653431:,1747647661531
counter/4/0/0/0,6185:1747647654612:,1747647661531
counter/2/0/0/0,5549:1747647653431:,1747647661531
counter/2/0/0/0,5550:1747647653431:,1747647661532
counter/2/0/0/0,5551:1747647653436:,1747647661532
counter/2/0/0/0,5552:1747647653436:,1747647661532
counter/2/0/0/0,5553:1747647653436:,1747647661532
counter/2/0/0/0,5554:1747647653436:,1747647661532
counter/10/0/0/0,5664:1747647653744:,1747647661532
counter/9/0/0/0,6292:1747647654288:,1747647661532
counter/9/0/0/0,6293:1747647654288:,1747647661532
counter/9/0/0/0,6294:1747647654288:,1747647661532
counter/9/0/0/0,6295:1747647654288:,1747647661532
counter/9/0/0/0,6296:1747647654289:,1747647661532
counter/9/0/0/0,6297:1747647654289:,1747647661532
counter/9/0/0/0,6298:1747647654291:,1747647661532
counter/6/0/0/0,5235:1747647654050:,1747647661532
counter/4/0/0/0,6186:1747647654612:,1747647661532
counter/6/0/0/0,5236:1747647654067:,1747647661532
counter/6/0/0/0,5237:1747647654070:,1747647661532
counter/2/0/0/0,5555:1747647653436:,1747647661532
counter/9/0/0/0,6299:1747647654291:,1747647661532
counter/9/0/0/0,6300:1747647654291:,1747647661533
counter/9/0/0/0,6301:1747647654292:,1747647661533
counter/9/0/0/0,6302:1747647654292:,1747647661533
counter/9/0/0/0,6303:1747647654292:,1747647661533
counter/9/0/0/0,6304:1747647654292:,1747647661533
counter/9/0/0/0,6305:1747647654292:,1747647661533
counter/9/0/0/0,6306:1747647654292:,1747647661533
counter/9/0/0/0,6307:1747647654292:,1747647661533
counter/9/0/0/0,6308:1747647654293:,1747647661533
counter/2/0/0/0,5556:1747647653436:,1747647661533
counter/9/0/0/0,6309:1747647654293:,1747647661533
counter/2/0/0/0,5557:1747647653436:,1747647661533
counter/4/0/0/0,6187:1747647654612:,1747647661533
counter/8/0/0/0,6190:1747647654092:,1747647661533
counter/8/0/0/0,6191:1747647654092:,1747647661533
counter/8/0/0/0,6192:1747647654092:,1747647661533
counter/8/0/0/0,6193:1747647654092:,1747647661534
counter/8/0/0/0,6194:1747647654092:,1747647661534
counter/8/0/0/0,6195:1747647654092:,1747647661534
counter/4/0/0/0,6188:1747647654644:,1747647661534
counter/7/0/0/0,5587:1747647653980:,1747647661534
counter/8/0/0/0,6196:1747647654092:,1747647661534
counter/7/0/0/0,5588:1747647653980:,1747647661534
counter/1/0/0/0,6392:1747647654569:,1747647661534
counter/2/0/0/0,5558:1747647653436:,1747647661534
counter/7/0/0/0,5589:1747647653980:,1747647661534
counter/7/0/0/0,5590:1747647653980:,1747647661534
counter/5/0/0/0,6001:1747647654164:,1747647661535
counter/9/0/0/0,6310:1747647654294:,1747647661535
counter/2/0/0/0,5559:1747647653436:,1747647661535
counter/6/0/0/0,5238:1747647654070:,1747647661535
counter/1/0/0/0,6393:1747647654569:,1747647661535
counter/6/0/0/0,5239:1747647654070:,1747647661535
counter/5/0/0/0,6002:1747647654164:,1747647661536
counter/1/0/0/0,6394:1747647654569:,1747647661536
counter/7/0/0/0,5591:1747647653980:,1747647661536
counter/7/0/0/0,5592:1747647653980:,1747647661536
counter/7/0/0/0,5593:1747647653980:,1747647661536
counter/5/0/0/0,6003:1747647654164:,1747647661537
counter/1/0/0/0,6395:1747647654569:,1747647661537
counter/10/0/0/0,5665:1747647653744:,1747647661537
counter/5/0/0/0,6004:1747647654164:,1747647661538
counter/1/0/0/0,6396:1747647654570:,1747647661539
counter/5/0/0/0,6005:1747647654164:,1747647661539
counter/9/0/0/0,6311:1747647654294:,1747647661539
counter/2/0/0/0,5560:1747647653436:,1747647661539
counter/8/0/0/0,6197:1747647654092:,1747647661540
counter/1/0/0/0,6397:1747647654583:,1747647661540
counter/2/0/0/0,5561:1747647653436:,1747647661540
counter/1/0/0/0,6398:1747647654583:,1747647661540
counter/10/0/0/0,5666:1747647653754:,1747647661540
counter/10/0/0/0,5667:1747647653755:,1747647661540
counter/3/0/0/0,6063:1747647654115:,1747647661541
counter/4/0/0/0,6189:1747647654644:,1747647661541
counter/9/0/0/0,6312:1747647654294:,1747647661541
counter/4/0/0/0,6190:1747647654644:,1747647661541
counter/8/0/0/0,6198:1747647654092:,1747647661541
counter/8/0/0/0,6199:1747647654096:,1747647661541
counter/8/0/0/0,6200:1747647654096:,1747647661541
counter/8/0/0/0,6201:1747647654100:,1747647661541
counter/8/0/0/0,6202:1747647654100:,1747647661541
counter/8/0/0/0,6203:1747647654100:,1747647661541
counter/8/0/0/0,6204:1747647654100:,1747647661541
counter/8/0/0/0,6205:1747647654100:,1747647661541
counter/8/0/0/0,6206:1747647654100:,1747647661541
counter/8/0/0/0,6207:1747647654100:,1747647661541
counter/8/0/0/0,6208:1747647654100:,1747647661541
counter/8/0/0/0,6209:1747647654100:,1747647661541
counter/8/0/0/0,6210:1747647654101:,1747647661541
counter/8/0/0/0,6211:1747647654101:,1747647661541
counter/8/0/0/0,6212:1747647654101:,1747647661541
counter/8/0/0/0,6213:1747647654101:,1747647661541
counter/8/0/0/0,6214:1747647654103:,1747647661542
counter/6/0/0/0,5240:1747647654070:,1747647661542
counter/4/0/0/0,6191:1747647654644:,1747647661542
counter/5/0/0/0,6006:1747647654186:,1747647661542
counter/9/0/0/0,6313:1747647654294:,1747647661543
counter/5/0/0/0,6007:1747647654186:,1747647661543
counter/5/0/0/0,6008:1747647654186:,1747647661543
counter/5/0/0/0,6009:1747647654186:,1747647661543
counter/5/0/0/0,6010:1747647654186:,1747647661543
counter/5/0/0/0,6011:1747647654186:,1747647661543
counter/5/0/0/0,6012:1747647654186:,1747647661543
counter/4/0/0/0,6192:1747647654645:,1747647661543
counter/5/0/0/0,6013:1747647654186:,1747647661543
counter/10/0/0/0,5668:1747647653755:,1747647661544
counter/9/0/0/0,6314:1747647654294:,1747647661544
counter/9/0/0/0,6315:1747647654302:,1747647661544
counter/9/0/0/0,6316:1747647654302:,1747647661544
counter/9/0/0/0,6317:1747647654302:,1747647661544
counter/9/0/0/0,6318:1747647654302:,1747647661545
counter/9/0/0/0,6319:1747647654302:,1747647661545
counter/9/0/0/0,6320:1747647654302:,1747647661545
counter/9/0/0/0,6321:1747647654302:,1747647661545
counter/7/0/0/0,5594:1747647653980:,1747647661545
counter/8/0/0/0,6215:1747647654105:,1747647661545
counter/5/0/0/0,6014:1747647654186:,1747647661545
counter/5/0/0/0,6015:1747647654193:,1747647661545
counter/5/0/0/0,6016:1747647654193:,1747647661545
counter/5/0/0/0,6017:1747647654193:,1747647661545
counter/5/0/0/0,6018:1747647654198:,1747647661545
counter/5/0/0/0,6019:1747647654198:,1747647661545
counter/5/0/0/0,6020:1747647654198:,1747647661545
counter/7/0/0/0,5595:1747647653980:,1747647661545
counter/7/0/0/0,5596:1747647653980:,1747647661545
counter/1/0/0/0,6399:1747647654583:,1747647661546
counter/1/0/0/0,6400:1747647654583:,1747647661546
counter/1/0/0/0,6401:1747647654583:,1747647661546
counter/1/0/0/0,6402:1747647654583:,1747647661546
counter/1/0/0/0,6403:1747647654583:,1747647661546
counter/6/0/0/0,5241:1747647654070:,1747647661547
counter/8/0/0/0,6216:1747647654105:,1747647661547
counter/6/0/0/0,5242:1747647654070:,1747647661548
counter/2/0/0/0,5562:1747647653436:,1747647661548
counter/3/0/0/0,6064:1747647654115:,1747647661548
counter/2/0/0/0,5563:1747647653436:,1747647661548
counter/7/0/0/0,5597:1747647653980:,1747647661548
counter/2/0/0/0,5564:1747647653436:,1747647661548
counter/2/0/0/0,5565:1747647653437:,1747647661548
counter/2/0/0/0,5566:1747647653437:,1747647661548
counter/10/0/0/0,5669:1747647653755:,1747647661548
counter/5/0/0/0,6021:1747647654198:,1747647661549
counter/1/0/0/0,6404:1747647654583:,1747647661549
counter/1/0/0/0,6405:1747647654583:,1747647661549
counter/1/0/0/0,6406:1747647654583:,1747647661549
counter/1/0/0/0,6407:1747647654583:,1747647661549
counter/6/0/0/0,5243:1747647654070:,1747647661549
counter/3/0/0/0,6065:1747647654115:,1747647661549
counter/6/0/0/0,5244:1747647654070:,1747647661549
counter/6/0/0/0,5245:1747647654071:,1747647661549
counter/6/0/0/0,5246:1747647654071:,1747647661549
counter/6/0/0/0,5247:1747647654071:,1747647661549
counter/4/0/0/0,6193:1747647654648:,1747647661550
counter/10/0/0/0,5670:1747647653755:,1747647661550
counter/10/0/0/0,5671:1747647653755:,1747647661550
counter/10/0/0/0,5672:1747647653755:,1747647661550
counter/7/0/0/0,5598:1747647653996:,1747647661550
counter/7/0/0/0,5599:1747647653996:,1747647661551
counter/7/0/0/0,5600:1747647653996:,1747647661551
counter/7/0/0/0,5601:1747647653996:,1747647661551
counter/2/0/0/0,5567:1747647653437:,1747647661551
counter/2/0/0/0,5568:1747647653437:,1747647661552
counter/3/0/0/0,6066:1747647654115:,1747647661552
counter/2/0/0/0,5569:1747647653437:,1747647661552
counter/2/0/0/0,5570:1747647653437:,1747647661552
counter/3/0/0/0,6067:1747647654115:,1747647661552
counter/2/0/0/0,5571:1747647653437:,1747647661552
counter/2/0/0/0,5572:1747647653437:,1747647661552
counter/2/0/0/0,5573:1747647653437:,1747647661552
counter/4/0/0/0,6194:1747647654648:,1747647661552
counter/9/0/0/0,6322:1747647654302:,1747647661553
counter/8/0/0/0,6217:1747647654105:,1747647661553
counter/4/0/0/0,6195:1747647654648:,1747647661553
counter/4/0/0/0,6196:1747647654648:,1747647661553
counter/4/0/0/0,6197:1747647654648:,1747647661553
counter/4/0/0/0,6198:1747647654648:,1747647661553
counter/4/0/0/0,6199:1747647654648:,1747647661554
counter/9/0/0/0,6323:1747647654302:,1747647661555
counter/3/0/0/0,6068:1747647654115:,1747647661555
counter/3/0/0/0,6069:1747647654115:,1747647661555
counter/3/0/0/0,6070:1747647654115:,1747647661555
counter/2/0/0/0,5574:1747647653437:,1747647661555
counter/2/0/0/0,5575:1747647653437:,1747647661555
counter/2/0/0/0,5576:1747647653437:,1747647661555
counter/2/0/0/0,5577:1747647653437:,1747647661555
counter/6/0/0/0,5248:1747647654071:,1747647661556
counter/10/0/0/0,5673:1747647653755:,1747647661556
counter/2/0/0/0,5578:1747647653437:,1747647661556
counter/8/0/0/0,6218:1747647654105:,1747647661557
counter/5/0/0/0,6022:1747647654198:,1747647661557
counter/6/0/0/0,5249:1747647654071:,1747647661558
counter/6/0/0/0,5250:1747647654077:,1747647661558
counter/6/0/0/0,5251:1747647654077:,1747647661558
counter/6/0/0/0,5252:1747647654077:,1747647661558
counter/6/0/0/0,5253:1747647654077:,1747647661558
counter/6/0/0/0,5254:1747647654077:,1747647661558
counter/6/0/0/0,5255:1747647654077:,1747647661558
counter/6/0/0/0,5256:1747647654077:,1747647661558
counter/6/0/0/0,5257:1747647654077:,1747647661558
counter/6/0/0/0,5258:1747647654077:,1747647661558
counter/3/0/0/0,6071:1747647654121:,1747647661558
counter/1/0/0/0,6408:1747647654583:,1747647661559
counter/1/0/0/0,6409:1747647654583:,1747647661559
counter/1/0/0/0,6410:1747647654585:,1747647661559
counter/1/0/0/0,6411:1747647654585:,1747647661559
counter/1/0/0/0,6412:1747647654590:,1747647661559
counter/1/0/0/0,6413:1747647654590:,1747647661560
counter/1/0/0/0,6414:1747647654590:,1747647661560
counter/1/0/0/0,6415:1747647654590:,1747647661560
counter/1/0/0/0,6416:1747647654590:,1747647661560
counter/1/0/0/0,6417:1747647654598:,1747647661560
counter/4/0/0/0,6200:1747647654649:,1747647661560
counter/7/0/0/0,5602:1747647653996:,1747647661560
counter/2/0/0/0,5579:1747647653437:,1747647661560
counter/1/0/0/0,6418:1747647654598:,1747647661560
counter/3/0/0/0,6072:1747647654121:,1747647661561
counter/3/0/0/0,6073:1747647654121:,1747647661561
counter/3/0/0/0,6074:1747647654121:,1747647661561
counter/3/0/0/0,6075:1747647654121:,1747647661561
counter/3/0/0/0,6076:1747647654121:,1747647661561
counter/3/0/0/0,6077:1747647654121:,1747647661561
counter/3/0/0/0,6078:1747647654122:,1747647661562
counter/3/0/0/0,6079:1747647654122:,1747647661562
counter/3/0/0/0,6080:1747647654122:,1747647661562
counter/3/0/0/0,6081:1747647654122:,1747647661562
counter/3/0/0/0,6082:1747647654122:,1747647661562
counter/3/0/0/0,6083:1747647654122:,1747647661562
counter/3/0/0/0,6084:1747647654122:,1747647661562
counter/3/0/0/0,6085:1747647654122:,1747647661562
counter/3/0/0/0,6086:1747647654122:,1747647661562
counter/6/0/0/0,5259:1747647654077:,1747647661562
counter/10/0/0/0,5674:1747647653756:,1747647661562
counter/4/0/0/0,6201:1747647654649:,1747647661562
counter/4/0/0/0,6202:1747647654649:,1747647661562
counter/4/0/0/0,6203:1747647654649:,1747647661562
counter/4/0/0/0,6204:1747647654649:,1747647661562
counter/7/0/0/0,5603:1747647654007:,1747647661562
counter/7/0/0/0,5604:1747647654007:,1747647661562
counter/7/0/0/0,5605:1747647654008:,1747647661562
counter/7/0/0/0,5606:1747647654008:,1747647661563
counter/7/0/0/0,5607:1747647654008:,1747647661563
counter/7/0/0/0,5608:1747647654019:,1747647661563
counter/10/0/0/0,5675:1747647653756:,1747647661563
counter/5/0/0/0,6023:1747647654198:,1747647661563
counter/3/0/0/0,6087:1747647654122:,1747647661564
counter/1/0/0/0,6419:1747647654598:,1747647661564
counter/2/0/0/0,5580:1747647653437:,1747647661564
counter/2/0/0/0,5581:1747647653437:,1747647661564
counter/2/0/0/0,5582:1747647653437:,1747647661564
counter/2/0/0/0,5583:1747647653437:,1747647661564
counter/2/0/0/0,5584:1747647653437:,1747647661564
counter/2/0/0/0,5585:1747647653437:,1747647661565
counter/2/0/0/0,5586:1747647653437:,1747647661565
counter/2/0/0/0,5587:1747647653437:,1747647661565
counter/3/0/0/0,6088:1747647654122:,1747647661565
counter/3/0/0/0,6089:1747647654122:,1747647661565
counter/8/0/0/0,6219:1747647654105:,1747647661565
counter/8/0/0/0,6220:1747647654105:,1747647661565
counter/7/0/0/0,5609:1747647654019:,1747647661565
counter/10/0/0/0,5676:1747647653756:,1747647661565
counter/10/0/0/0,5677:1747647653756:,1747647661565
counter/10/0/0/0,5678:1747647653765:,1747647661565
counter/10/0/0/0,5679:1747647653765:,1747647661565
counter/10/0/0/0,5680:1747647653765:,1747647661565
counter/10/0/0/0,5681:1747647653765:,1747647661565
counter/10/0/0/0,5682:1747647653765:,1747647661565
counter/10/0/0/0,5683:1747647653765:,1747647661565
counter/10/0/0/0,5684:1747647653765:,1747647661566
counter/10/0/0/0,5685:1747647653765:,1747647661566
counter/10/0/0/0,5686:1747647653766:,1747647661566
counter/8/0/0/0,6221:1747647654105:,1747647661566
counter/2/0/0/0,5588:1747647653437:,1747647661566
counter/9/0/0/0,6324:1747647654308:,1747647661566
counter/6/0/0/0,5260:1747647654077:,1747647661567
counter/6/0/0/0,5261:1747647654077:,1747647661567
counter/6/0/0/0,5262:1747647654077:,1747647661567
counter/10/0/0/0,5687:1747647653766:,1747647661567
counter/5/0/0/0,6024:1747647654198:,1747647661568
counter/3/0/0/0,6090:1747647654122:,1747647661568
counter/1/0/0/0,6420:1747647654598:,1747647661568
counter/9/0/0/0,6325:1747647654308:,1747647661568
counter/5/0/0/0,6025:1747647654198:,1747647661570
counter/2/0/0/0,5589:1747647653437:,1747647661570
counter/1/0/0/0,6421:1747647654598:,1747647661571
counter/9/0/0/0,6326:1747647654308:,1747647661571
counter/1/0/0/0,6422:1747647654598:,1747647661573
counter/1/0/0/0,6423:1747647654598:,1747647661573
counter/1/0/0/0,6424:1747647654598:,1747647661573
counter/1/0/0/0,6425:1747647654598:,1747647661573
counter/9/0/0/0,6327:1747647654308:,1747647661573
counter/5/0/0/0,6026:1747647654199:,1747647661574
counter/5/0/0/0,6027:1747647654199:,1747647661574
counter/1/0/0/0,6426:1747647654600:,1747647661574
counter/1/0/0/0,6427:1747647654600:,1747647661574
counter/1/0/0/0,6428:1747647654600:,1747647661574
counter/8/0/0/0,6222:1747647654105:,1747647661575
counter/1/0/0/0,6429:1747647654600:,1747647661575
counter/2/0/0/0,5590:1747647653438:,1747647661575
counter/1/0/0/0,6430:1747647654600:,1747647661575
counter/1/0/0/0,6431:1747647654600:,1747647661575
counter/7/0/0/0,5610:1747647654019:,1747647661576
counter/4/0/0/0,6205:1747647654649:,1747647661576
counter/4/0/0/0,6206:1747647654649:,1747647661576
counter/4/0/0/0,6207:1747647654649:,1747647661576
counter/4/0/0/0,6208:1747647654649:,1747647661576
counter/4/0/0/0,6209:1747647654649:,1747647661577
counter/7/0/0/0,5611:1747647654019:,1747647661577
counter/10/0/0/0,5688:1747647653766:,1747647661577
counter/10/0/0/0,5689:1747647653766:,1747647661577
counter/10/0/0/0,5690:1747647653766:,1747647661577
counter/9/0/0/0,6328:1747647654308:,1747647661577
counter/9/0/0/0,6329:1747647654308:,1747647661577
counter/9/0/0/0,6330:1747647654308:,1747647661577
counter/2/0/0/0,5591:1747647653438:,1747647661578
counter/2/0/0/0,5592:1747647653438:,1747647661578
counter/2/0/0/0,5593:1747647653438:,1747647661578
counter/2/0/0/0,5594:1747647653442:,1747647661578
counter/2/0/0/0,5595:1747647653442:,1747647661578
counter/2/0/0/0,5596:1747647653442:,1747647661578
counter/2/0/0/0,5597:1747647653442:,1747647661578
counter/5/0/0/0,6028:1747647654199:,1747647661578
counter/4/0/0/0,6210:1747647654649:,1747647661578
counter/4/0/0/0,6211:1747647654649:,1747647661579
counter/4/0/0/0,6212:1747647654649:,1747647661579
counter/4/0/0/0,6213:1747647654649:,1747647661579
counter/4/0/0/0,6214:1747647654649:,1747647661579
counter/4/0/0/0,6215:1747647654649:,1747647661579
counter/4/0/0/0,6216:1747647654649:,1747647661579
counter/4/0/0/0,6217:1747647654649:,1747647661579
counter/4/0/0/0,6218:1747647654649:,1747647661579
counter/4/0/0/0,6219:1747647654649:,1747647661579
counter/5/0/0/0,6029:1747647654199:,1747647661579
counter/10/0/0/0,5691:1747647653766:,1747647661579
counter/5/0/0/0,6030:1747647654199:,1747647661579
counter/10/0/0/0,5692:1747647653766:,1747647661584
counter/10/0/0/0,5693:1747647653766:,1747647661584
counter/9/0/0/0,6331:1747647654308:,1747647661585
counter/8/0/0/0,6223:1747647654105:,1747647661585
counter/5/0/0/0,6031:1747647654199:,1747647661586
counter/1/0/0/0,6432:1747647654600:,1747647661587
counter/1/0/0/0,6433:1747647654600:,1747647661587
counter/1/0/0/0,6434:1747647654600:,1747647661587
counter/1/0/0/0,6435:1747647654600:,1747647661588
counter/1/0/0/0,6436:1747647654601:,1747647661588
counter/1/0/0/0,6437:1747647654607:,1747647661588
counter/1/0/0/0,6438:1747647654607:,1747647661588
counter/1/0/0/0,6439:1747647654607:,1747647661588
counter/1/0/0/0,6440:1747647654607:,1747647661588
counter/1/0/0/0,6441:1747647654607:,1747647661588
counter/1/0/0/0,6442:1747647654607:,1747647661588
counter/1/0/0/0,6443:1747647654607:,1747647661589
counter/1/0/0/0,6444:1747647654607:,1747647661589
counter/1/0/0/0,6445:1747647654607:,1747647661589
counter/1/0/0/0,6446:1747647654607:,1747647661589
counter/1/0/0/0,6447:1747647654607:,1747647661589
counter/7/0/0/0,5612:1747647654019:,1747647661589
counter/10/0/0/0,5694:1747647653766:,1747647661589
counter/10/0/0/0,5695:1747647653766:,1747647661589
counter/3/0/0/0,6091:1747647654122:,1747647661589
counter/2/0/0/0,5598:1747647653443:,1747647661590
counter/8/0/0/0,6224:1747647654105:,1747647661590
counter/4/0/0/0,6220:1747647654649:,1747647661590
counter/10/0/0/0,5696:1747647653766:,1747647661591
counter/3/0/0/0,6092:1747647654122:,1747647661591
counter/3/0/0/0,6093:1747647654122:,1747647661591
counter/3/0/0/0,6094:1747647654126:,1747647661591
counter/3/0/0/0,6095:1747647654126:,1747647661591
counter/3/0/0/0,6096:1747647654126:,1747647661591
counter/3/0/0/0,6097:1747647654126:,1747647661591
counter/3/0/0/0,6098:1747647654126:,1747647661591
counter/10/0/0/0,5697:1747647653766:,1747647661591
counter/8/0/0/0,6225:1747647654105:,1747647661592
counter/7/0/0/0,5613:1747647654019:,1747647661593
counter/3/0/0/0,6099:1747647654126:,1747647661594
counter/3/0/0/0,6100:1747647654126:,1747647661594
counter/3/0/0/0,6101:1747647654127:,1747647661594
counter/3/0/0/0,6102:1747647654127:,1747647661594
counter/3/0/0/0,6103:1747647654127:,1747647661594
counter/3/0/0/0,6104:1747647654127:,1747647661594
counter/3/0/0/0,6105:1747647654129:,1747647661594
counter/3/0/0/0,6106:1747647654129:,1747647661594
counter/3/0/0/0,6107:1747647654129:,1747647661594
counter/2/0/0/0,5599:1747647653446:,1747647661594
counter/6/0/0/0,5263:1747647654077:,1747647661595
counter/6/0/0/0,5264:1747647654077:,1747647661595
counter/4/0/0/0,6221:1747647654649:,1747647661595
counter/9/0/0/0,6332:1747647654308:,1747647661595
counter/4/0/0/0,6222:1747647654650:,1747647661595
counter/7/0/0/0,5614:1747647654019:,1747647661595
counter/7/0/0/0,5615:1747647654020:,1747647661595
counter/7/0/0/0,5616:1747647654020:,1747647661595
counter/10/0/0/0,5698:1747647653766:,1747647661595
counter/9/0/0/0,6333:1747647654308:,1747647661595
counter/10/0/0/0,5699:1747647653766:,1747647661596
counter/9/0/0/0,6334:1747647654308:,1747647661596
counter/9/0/0/0,6335:1747647654308:,1747647661596
counter/9/0/0/0,6336:1747647654308:,1747647661596
counter/9/0/0/0,6337:1747647654308:,1747647661596
counter/5/0/0/0,6032:1747647654199:,1747647661596
counter/8/0/0/0,6226:1747647654105:,1747647661596
counter/7/0/0/0,5617:1747647654020:,1747647661596
counter/2/0/0/0,5600:1747647653447:,1747647661596
counter/6/0/0/0,5265:1747647654077:,1747647661596
counter/6/0/0/0,5266:1747647654078:,1747647661596
counter/6/0/0/0,5267:1747647654078:,1747647661596
counter/6/0/0/0,5268:1747647654079:,1747647661596
counter/6/0/0/0,5269:1747647654079:,1747647661596
counter/10/0/0/0,5700:1747647653766:,1747647661596
counter/10/0/0/0,5701:1747647653769:,1747647661596
counter/10/0/0/0,5702:1747647653770:,1747647661597
counter/7/0/0/0,5618:1747647654020:,1747647661597
counter/7/0/0/0,5619:1747647654020:,1747647661597
counter/7/0/0/0,5620:1747647654020:,1747647661597
counter/7/0/0/0,5621:1747647654020:,1747647661597
counter/7/0/0/0,5622:1747647654020:,1747647661597
counter/7/0/0/0,5623:1747647654020:,1747647661597
counter/7/0/0/0,5624:1747647654020:,1747647661597
counter/7/0/0/0,5625:1747647654020:,1747647661597
counter/7/0/0/0,5626:1747647654020:,1747647661598
counter/7/0/0/0,5627:1747647654020:,1747647661598
counter/7/0/0/0,5628:1747647654020:,1747647661598
counter/7/0/0/0,5629:1747647654020:,1747647661598
counter/7/0/0/0,5630:1747647654022:,1747647661598
counter/7/0/0/0,5631:1747647654022:,1747647661598
counter/2/0/0/0,5601:1747647653447:,1747647661598
counter/9/0/0/0,6338:1747647654308:,1747647661598
counter/9/0/0/0,6339:1747647654308:,1747647661598
counter/8/0/0/0,6227:1747647654105:,1747647661598
counter/6/0/0/0,5270:1747647654079:,1747647661598
counter/6/0/0/0,5271:1747647654079:,1747647661598
counter/6/0/0/0,5272:1747647654079:,1747647661598
counter/6/0/0/0,5273:1747647654079:,1747647661599
counter/4/0/0/0,6223:1747647654650:,1747647661599
counter/4/0/0/0,6224:1747647654650:,1747647661599
counter/9/0/0/0,6340:1747647654308:,1747647661599
counter/4/0/0/0,6225:1747647654650:,1747647661600
counter/1/0/0/0,6448:1747647654607:,1747647661601
counter/5/0/0/0,6033:1747647654199:,1747647661601
counter/3/0/0/0,6108:1747647654129:,1747647661601
counter/3/0/0/0,6109:1747647654129:,1747647661601
counter/2/0/0/0,5602:1747647653447:,1747647661601
counter/6/0/0/0,5274:1747647654080:,1747647661601
counter/9/0/0/0,6341:1747647654308:,1747647661602
counter/7/0/0/0,5632:1747647654022:,1747647661602
counter/9/0/0/0,6342:1747647654308:,1747647661603
counter/9/0/0/0,6343:1747647654308:,1747647661603
counter/9/0/0/0,6344:1747647654309:,1747647661603
counter/9/0/0/0,6345:1747647654309:,1747647661603
counter/9/0/0/0,6346:1747647654309:,1747647661603
counter/3/0/0/0,6110:1747647654129:,1747647661604
counter/10/0/0/0,5703:1747647653770:,1747647661604
counter/10/0/0/0,5704:1747647653770:,1747647661604
counter/10/0/0/0,5705:1747647653770:,1747647661604
counter/2/0/0/0,5603:1747647653458:,1747647661604
counter/6/0/0/0,5275:1747647654080:,1747647661604
counter/1/0/0/0,6449:1747647654607:,1747647661604
counter/1/0/0/0,6450:1747647654607:,1747647661604
counter/1/0/0/0,6451:1747647654611:,1747647661604
counter/1/0/0/0,6452:1747647654611:,1747647661604
counter/7/0/0/0,5633:1747647654022:,1747647661604
counter/6/0/0/0,5276:1747647654080:,1747647661605
counter/6/0/0/0,5277:1747647654080:,1747647661605
counter/6/0/0/0,5278:1747647654080:,1747647661605
counter/6/0/0/0,5279:1747647654080:,1747647661605
counter/9/0/0/0,6347:1747647654309:,1747647661606
counter/2/0/0/0,5604:1747647653461:,1747647661606
counter/9/0/0/0,6348:1747647654309:,1747647661606
counter/6/0/0/0,5280:1747647654082:,1747647661607
counter/4/0/0/0,6226:1747647654650:,1747647661608
counter/8/0/0/0,6228:1747647654105:,1747647661608
counter/6/0/0/0,5281:1747647654082:,1747647661608
counter/6/0/0/0,5282:1747647654082:,1747647661610
counter/4/0/0/0,6227:1747647654650:,1747647661610
counter/7/0/0/0,5634:1747647654022:,1747647661611
counter/7/0/0/0,5635:1747647654022:,1747647661612
counter/7/0/0/0,5636:1747647654023:,1747647661612
counter/7/0/0/0,5637:1747647654023:,1747647661612
counter/7/0/0/0,5638:1747647654023:,1747647661612
counter/10/0/0/0,5706:1747647653770:,1747647661612
counter/10/0/0/0,5707:1747647653770:,1747647661612
counter/10/0/0/0,5708:1747647653770:,1747647661612
counter/10/0/0/0,5709:1747647653770:,1747647661612
counter/9/0/0/0,6349:1747647654309:,1747647661612
counter/1/0/0/0,6453:1747647654611:,1747647661612
counter/6/0/0/0,5283:1747647654082:,1747647661612
counter/6/0/0/0,5284:1747647654082:,1747647661612
counter/6/0/0/0,5285:1747647654082:,1747647661612
counter/6/0/0/0,5286:1747647654087:,1747647661612
counter/6/0/0/0,5287:1747647654087:,1747647661612
counter/6/0/0/0,5288:1747647654087:,1747647661612
counter/7/0/0/0,5639:1747647654023:,1747647661612
counter/4/0/0/0,6228:1747647654678:,1747647661612
counter/5/0/0/0,6034:1747647654199:,1747647661613
counter/4/0/0/0,6229:1747647654680:,1747647661613
counter/2/0/0/0,5605:1747647653461:,1747647661613
counter/4/0/0/0,6230:1747647654680:,1747647661613
counter/2/0/0/0,5606:1747647653461:,1747647661613
counter/4/0/0/0,6231:1747647654680:,1747647661614
counter/5/0/0/0,6035:1747647654199:,1747647661615
counter/5/0/0/0,6036:1747647654199:,1747647661615
counter/5/0/0/0,6037:1747647654199:,1747647661615
counter/5/0/0/0,6038:1747647654199:,1747647661615
counter/5/0/0/0,6039:1747647654199:,1747647661615
counter/5/0/0/0,6040:1747647654199:,1747647661616
counter/9/0/0/0,6350:1747647654309:,1747647661616
counter/6/0/0/0,5289:1747647654087:,1747647661616
counter/6/0/0/0,5290:1747647654087:,1747647661616
counter/6/0/0/0,5291:1747647654087:,1747647661617
counter/6/0/0/0,5292:1747647654087:,1747647661617
counter/6/0/0/0,5293:1747647654087:,1747647661617
counter/6/0/0/0,5294:1747647654087:,1747647661617
counter/6/0/0/0,5295:1747647654087:,1747647661617
counter/6/0/0/0,5296:1747647654087:,1747647661617
counter/6/0/0/0,5297:1747647654087:,1747647661617
counter/6/0/0/0,5298:1747647654087:,1747647661617
counter/6/0/0/0,5299:1747647654087:,1747647661617
counter/6/0/0/0,5300:1747647654100:,1747647661618
counter/6/0/0/0,5301:1747647654104:,1747647661618
counter/6/0/0/0,5302:1747647654113:,1747647661618
counter/2/0/0/0,5607:1747647653461:,1747647661618
counter/9/0/0/0,6351:1747647654309:,1747647661618
counter/9/0/0/0,6352:1747647654310:,1747647661618
counter/3/0/0/0,6111:1747647654129:,1747647661618
counter/2/0/0/0,5608:1747647653461:,1747647661618
counter/10/0/0/0,5710:1747647653770:,1747647661619
counter/10/0/0/0,5711:1747647653770:,1747647661619
counter/10/0/0/0,5712:1747647653770:,1747647661619
counter/10/0/0/0,5713:1747647653887:,1747647661619
counter/6/0/0/0,5303:1747647654113:,1747647661620
counter/6/0/0/0,5304:1747647654113:,1747647661620
counter/6/0/0/0,5305:1747647654113:,1747647661620
counter/6/0/0/0,5306:1747647654113:,1747647661620
counter/6/0/0/0,5307:1747647654113:,1747647661620
counter/9/0/0/0,6353:1747647654310:,1747647661620
counter/9/0/0/0,6354:1747647654310:,1747647661620
counter/9/0/0/0,6355:1747647654310:,1747647661620
counter/9/0/0/0,6356:1747647654311:,1747647661620
counter/9/0/0/0,6357:1747647654311:,1747647661621
counter/9/0/0/0,6358:1747647654311:,1747647661621
counter/9/0/0/0,6359:1747647654311:,1747647661621
counter/9/0/0/0,6360:1747647654311:,1747647661621
counter/9/0/0/0,6361:1747647654311:,1747647661621
counter/9/0/0/0,6362:1747647654311:,1747647661621
counter/9/0/0/0,6363:1747647654311:,1747647661621
counter/4/0/0/0,6232:1747647654680:,1747647661621
counter/4/0/0/0,6233:1747647654680:,1747647661621
counter/6/0/0/0,5308:1747647654113:,1747647661621
counter/4/0/0/0,6234:1747647654680:,1747647661621
counter/2/0/0/0,5609:1747647653472:,1747647661621
counter/4/0/0/0,6235:1747647654680:,1747647661621
counter/2/0/0/0,5610:1747647653472:,1747647661621
counter/2/0/0/0,5611:1747647653472:,1747647661621
counter/1/0/0/0,6454:1747647654611:,1747647661621
counter/1/0/0/0,6455:1747647654611:,1747647661621
counter/1/0/0/0,6456:1747647654611:,1747647661621
counter/3/0/0/0,6112:1747647654129:,1747647661622
counter/9/0/0/0,6364:1747647654311:,1747647661622
counter/9/0/0/0,6365:1747647654311:,1747647661622
counter/9/0/0/0,6366:1747647654311:,1747647661622
counter/6/0/0/0,5309:1747647654114:,1747647661622
counter/6/0/0/0,5310:1747647654114:,1747647661622
counter/6/0/0/0,5311:1747647654114:,1747647661622
counter/6/0/0/0,5312:1747647654114:,1747647661622
counter/6/0/0/0,5313:1747647654114:,1747647661622
counter/6/0/0/0,5314:1747647654114:,1747647661622
counter/8/0/0/0,6229:1747647654106:,1747647661623
counter/1/0/0/0,6457:1747647654611:,1747647661623
counter/7/0/0/0,5640:1747647654023:,1747647661623
counter/7/0/0/0,5641:1747647654023:,1747647661623
counter/7/0/0/0,5642:1747647654023:,1747647661623
counter/7/0/0/0,5643:1747647654023:,1747647661623
counter/7/0/0/0,5644:1747647654023:,1747647661624
counter/7/0/0/0,5645:1747647654023:,1747647661624
counter/7/0/0/0,5646:1747647654023:,1747647661624
counter/6/0/0/0,5315:1747647654114:,1747647661625
counter/9/0/0/0,6367:1747647654311:,1747647661625
counter/8/0/0/0,6230:1747647654106:,1747647661625
counter/6/0/0/0,5316:1747647654114:,1747647661625
counter/2/0/0/0,5612:1747647653473:,1747647661625
counter/2/0/0/0,5613:1747647653473:,1747647661625
counter/2/0/0/0,5614:1747647653473:,1747647661625
counter/2/0/0/0,5615:1747647653473:,1747647661625
counter/6/0/0/0,5317:1747647654114:,1747647661626
counter/6/0/0/0,5318:1747647654117:,1747647661627
counter/7/0/0/0,5647:1747647654023:,1747647661627
counter/7/0/0/0,5648:1747647654023:,1747647661627
counter/5/0/0/0,6041:1747647654199:,1747647661627
counter/10/0/0/0,5714:1747647653887:,1747647661628
counter/9/0/0/0,6368:1747647654311:,1747647661628
counter/8/0/0/0,6231:1747647654106:,1747647661628
counter/9/0/0/0,6369:1747647654311:,1747647661628
counter/9/0/0/0,6370:1747647654313:,1747647661628
counter/9/0/0/0,6371:1747647654313:,1747647661629
counter/9/0/0/0,6372:1747647654313:,1747647661629
counter/3/0/0/0,6113:1747647654129:,1747647661629
counter/1/0/0/0,6458:1747647654611:,1747647661629
counter/7/0/0/0,5649:1747647654023:,1747647661629
counter/7/0/0/0,5650:1747647654038:,1747647661629
counter/7/0/0/0,5651:1747647654038:,1747647661629
counter/7/0/0/0,5652:1747647654038:,1747647661629
counter/4/0/0/0,6236:1747647654680:,1747647661629
counter/10/0/0/0,5715:1747647653887:,1747647661630
counter/10/0/0/0,5716:1747647653888:,1747647661630
counter/10/0/0/0,5717:1747647653888:,1747647661630
counter/4/0/0/0,6237:1747647654680:,1747647661630
counter/2/0/0/0,5616:1747647653473:,1747647661630
counter/2/0/0/0,5617:1747647653474:,1747647661630
counter/2/0/0/0,5618:1747647653478:,1747647661630
counter/9/0/0/0,6373:1747647654313:,1747647661630
counter/2/0/0/0,5619:1747647653484:,1747647661630
counter/1/0/0/0,6459:1747647654611:,1747647661630
counter/1/0/0/0,6460:1747647654611:,1747647661630
counter/3/0/0/0,6114:1747647654129:,1747647661630
counter/1/0/0/0,6461:1747647654612:,1747647661630
counter/3/0/0/0,6115:1747647654129:,1747647661630
counter/3/0/0/0,6116:1747647654129:,1747647661630
counter/3/0/0/0,6117:1747647654129:,1747647661630
counter/3/0/0/0,6118:1747647654129:,1747647661630
counter/3/0/0/0,6119:1747647654129:,1747647661630
counter/3/0/0/0,6120:1747647654129:,1747647661631
counter/3/0/0/0,6121:1747647654129:,1747647661631
counter/7/0/0/0,5653:1747647654038:,1747647661631
counter/3/0/0/0,6122:1747647654129:,1747647661631
counter/7/0/0/0,5654:1747647654038:,1747647661631
counter/3/0/0/0,6123:1747647654129:,1747647661631
counter/7/0/0/0,5655:1747647654038:,1747647661631
counter/3/0/0/0,6124:1747647654129:,1747647661631
counter/7/0/0/0,5656:1747647654038:,1747647661631
counter/3/0/0/0,6125:1747647654129:,1747647661631
counter/7/0/0/0,5657:1747647654039:,1747647661631
counter/4/0/0/0,6238:1747647654680:,1747647661631
counter/3/0/0/0,6126:1747647654129:,1747647661631
counter/3/0/0/0,6127:1747647654129:,1747647661631
counter/3/0/0/0,6128:1747647654130:,1747647661632
counter/3/0/0/0,6129:1747647654130:,1747647661632
counter/3/0/0/0,6130:1747647654130:,1747647661632
counter/3/0/0/0,6131:1747647654130:,1747647661632
counter/3/0/0/0,6132:1747647654154:,1747647661632
counter/3/0/0/0,6133:1747647654154:,1747647661632
counter/3/0/0/0,6134:1747647654154:,1747647661632
counter/3/0/0/0,6135:1747647654154:,1747647661632
counter/3/0/0/0,6136:1747647654154:,1747647661632
counter/8/0/0/0,6232:1747647654106:,1747647661632
counter/4/0/0/0,6239:1747647654680:,1747647661634
counter/5/0/0/0,6042:1747647654199:,1747647661634
counter/5/0/0/0,6043:1747647654199:,1747647661634
counter/5/0/0/0,6044:1747647654199:,1747647661634
counter/5/0/0/0,6045:1747647654199:,1747647661634
counter/5/0/0/0,6046:1747647654199:,1747647661634
counter/5/0/0/0,6047:1747647654199:,1747647661634
counter/10/0/0/0,5718:1747647653888:,1747647661634
counter/10/0/0/0,5719:1747647653888:,1747647661634
counter/10/0/0/0,5720:1747647653888:,1747647661634
counter/10/0/0/0,5721:1747647653888:,1747647661634
counter/10/0/0/0,5722:1747647653888:,1747647661634
counter/10/0/0/0,5723:1747647653888:,1747647661635
counter/9/0/0/0,6374:1747647654313:,1747647661635
counter/3/0/0/0,6137:1747647654154:,1747647661635
counter/3/0/0/0,6138:1747647654155:,1747647661635
counter/7/0/0/0,5658:1747647654039:,1747647661635
counter/7/0/0/0,5659:1747647654039:,1747647661635
counter/7/0/0/0,5660:1747647654039:,1747647661635
counter/7/0/0/0,5661:1747647654039:,1747647661635
counter/4/0/0/0,6240:1747647654680:,1747647661635
counter/5/0/0/0,6048:1747647654200:,1747647661635
counter/5/0/0/0,6049:1747647654201:,1747647661635
counter/5/0/0/0,6050:1747647654201:,1747647661635
counter/10/0/0/0,5724:1747647653888:,1747647661635
counter/6/0/0/0,5319:1747647654117:,1747647661635
counter/6/0/0/0,5320:1747647654117:,1747647661635
counter/7/0/0/0,5662:1747647654039:,1747647661636
counter/7/0/0/0,5663:1747647654039:,1747647661636
counter/6/0/0/0,5321:1747647654117:,1747647661636
counter/6/0/0/0,5322:1747647654117:,1747647661636
counter/6/0/0/0,5323:1747647654117:,1747647661636
counter/2/0/0/0,5620:1747647653484:,1747647661636
counter/2/0/0/0,5621:1747647653484:,1747647661636
counter/2/0/0/0,5622:1747647653484:,1747647661636
counter/1/0/0/0,6462:1747647654636:,1747647661636
counter/1/0/0/0,6463:1747647654636:,1747647661636
counter/1/0/0/0,6464:1747647654636:,1747647661636
counter/10/0/0/0,5725:1747647653888:,1747647661636
counter/9/0/0/0,6375:1747647654313:,1747647661636
counter/1/0/0/0,6465:1747647654636:,1747647661637
counter/9/0/0/0,6376:1747647654313:,1747647661638
counter/9/0/0/0,6377:1747647654313:,1747647661638
counter/9/0/0/0,6378:1747647654313:,1747647661638
counter/9/0/0/0,6379:1747647654313:,1747647661638
counter/9/0/0/0,6380:1747647654313:,1747647661638
counter/9/0/0/0,6381:1747647654316:,1747647661638
counter/9/0/0/0,6382:1747647654316:,1747647661638
counter/9/0/0/0,6383:1747647654316:,1747647661638
counter/9/0/0/0,6384:1747647654316:,1747647661638
counter/9/0/0/0,6385:1747647654316:,1747647661638
counter/3/0/0/0,6139:1747647654161:,1747647661638
counter/2/0/0/0,5623:1747647653484:,1747647661638
counter/2/0/0/0,5624:1747647653484:,1747647661638
counter/3/0/0/0,6140:1747647654161:,1747647661639
counter/8/0/0/0,6233:1747647654106:,1747647661639
counter/8/0/0/0,6234:1747647654106:,1747647661639
counter/8/0/0/0,6235:1747647654107:,1747647661639
counter/10/0/0/0,5726:1747647653888:,1747647661640
counter/10/0/0/0,5727:1747647653888:,1747647661640
counter/10/0/0/0,5728:1747647653888:,1747647661640
counter/10/0/0/0,5729:1747647653888:,1747647661640
counter/10/0/0/0,5730:1747647653888:,1747647661640
counter/10/0/0/0,5731:1747647653888:,1747647661640
counter/10/0/0/0,5732:1747647653888:,1747647661640
counter/2/0/0/0,5625:1747647653484:,1747647661640
counter/2/0/0/0,5626:1747647653487:,1747647661640
counter/2/0/0/0,5627:1747647653487:,1747647661640
counter/4/0/0/0,6241:1747647654680:,1747647661640
counter/6/0/0/0,5324:1747647654117:,1747647661640
counter/3/0/0/0,6141:1747647654161:,1747647661640
counter/7/0/0/0,5664:1747647654039:,1747647661640
counter/1/0/0/0,6466:1747647654636:,1747647661640
counter/1/0/0/0,6467:1747647654636:,1747647661640
counter/1/0/0/0,6468:1747647654636:,1747647661640
counter/1/0/0/0,6469:1747647654636:,1747647661640
counter/1/0/0/0,6470:1747647654636:,1747647661641
counter/2/0/0/0,5628:1747647653487:,1747647661641
counter/6/0/0/0,5325:1747647654117:,1747647661642
counter/4/0/0/0,6242:1747647654680:,1747647661643
counter/4/0/0/0,6243:1747647654689:,1747647661643
counter/4/0/0/0,6244:1747647654689:,1747647661643
counter/4/0/0/0,6245:1747647654689:,1747647661643
counter/8/0/0/0,6236:1747647654107:,1747647661644
counter/3/0/0/0,6142:1747647654161:,1747647661644
counter/8/0/0/0,6237:1747647654107:,1747647661645
counter/1/0/0/0,6471:1747647654636:,1747647661645
counter/1/0/0/0,6472:1747647654638:,1747647661645
counter/1/0/0/0,6473:1747647654642:,1747647661645
counter/1/0/0/0,6474:1747647654642:,1747647661645
counter/1/0/0/0,6475:1747647654642:,1747647661645
counter/1/0/0/0,6476:1747647654642:,1747647661645
counter/1/0/0/0,6477:1747647654642:,1747647661646
counter/3/0/0/0,6143:1747647654162:,1747647661647
counter/3/0/0/0,6144:1747647654183:,1747647661647
counter/9/0/0/0,6386:1747647654316:,1747647661647
counter/3/0/0/0,6145:1747647654183:,1747647661648
counter/4/0/0/0,6246:1747647654689:,1747647661648
counter/4/0/0/0,6247:1747647654689:,1747647661648
counter/4/0/0/0,6248:1747647654689:,1747647661648
counter/4/0/0/0,6249:1747647654689:,1747647661648
counter/4/0/0/0,6250:1747647654689:,1747647661648
counter/4/0/0/0,6251:1747647654689:,1747647661648
counter/4/0/0/0,6252:1747647654689:,1747647661648
counter/4/0/0/0,6253:1747647654689:,1747647661649
counter/2/0/0/0,5629:1747647653488:,1747647661649
counter/2/0/0/0,5630:1747647653488:,1747647661649
counter/2/0/0/0,5631:1747647653488:,1747647661649
counter/2/0/0/0,5632:1747647653503:,1747647661649
counter/2/0/0/0,5633:1747647653503:,1747647661649
counter/2/0/0/0,5634:1747647653503:,1747647661649
counter/2/0/0/0,5635:1747647653503:,1747647661649
counter/2/0/0/0,5636:1747647653503:,1747647661649
counter/2/0/0/0,5637:1747647653503:,1747647661649
counter/8/0/0/0,6238:1747647654107:,1747647661649
counter/4/0/0/0,6254:1747647654689:,1747647661649
counter/10/0/0/0,5733:1747647653888:,1747647661649
counter/3/0/0/0,6146:1747647654183:,1747647661649
counter/3/0/0/0,6147:1747647654183:,1747647661650
counter/3/0/0/0,6148:1747647654183:,1747647661650
counter/7/0/0/0,5665:1747647654039:,1747647661650
counter/5/0/0/0,6051:1747647654203:,1747647661650
counter/6/0/0/0,5326:1747647654117:,1747647661650
counter/6/0/0/0,5327:1747647654117:,1747647661650
counter/5/0/0/0,6052:1747647654203:,1747647661650
counter/9/0/0/0,6387:1747647654317:,1747647661650
counter/10/0/0/0,5734:1747647653888:,1747647661650
counter/10/0/0/0,5735:1747647653888:,1747647661650
counter/10/0/0/0,5736:1747647653888:,1747647661651
counter/10/0/0/0,5737:1747647653888:,1747647661651
counter/4/0/0/0,6255:1747647654694:,1747647661651
counter/4/0/0/0,6256:1747647654694:,1747647661651
counter/1/0/0/0,6478:1747647654642:,1747647661651
counter/10/0/0/0,5738:1747647653888:,1747647661651
counter/10/0/0/0,5739:1747647653888:,1747647661651
counter/10/0/0/0,5740:1747647653888:,1747647661651
counter/10/0/0/0,5741:1747647653888:,1747647661651
counter/8/0/0/0,6239:1747647654107:,1747647661652
counter/8/0/0/0,6240:1747647654107:,1747647661652
counter/7/0/0/0,5666:1747647654039:,1747647661652
counter/8/0/0/0,6241:1747647654108:,1747647661652
counter/8/0/0/0,6242:1747647654108:,1747647661652
counter/8/0/0/0,6243:1747647654112:,1747647661652
counter/8/0/0/0,6244:1747647654112:,1747647661652
counter/8/0/0/0,6245:1747647654112:,1747647661652
counter/8/0/0/0,6246:1747647654125:,1747647661652
counter/8/0/0/0,6247:1747647654128:,1747647661652
counter/2/0/0/0,5638:1747647653503:,1747647661652
counter/2/0/0/0,5639:1747647653503:,1747647661652
counter/2/0/0/0,5640:1747647653503:,1747647661652
counter/2/0/0/0,5641:1747647653514:,1747647661652
counter/3/0/0/0,6149:1747647654183:,1747647661653
counter/4/0/0/0,6257:1747647654694:,1747647661654
counter/10/0/0/0,5742:1747647653888:,1747647661654
counter/2/0/0/0,5642:1747647653514:,1747647661654
counter/10/0/0/0,5743:1747647653891:,1747647661654
counter/2/0/0/0,5643:1747647653514:,1747647661654
counter/8/0/0/0,6248:1747647654128:,1747647661654
counter/3/0/0/0,6150:1747647654183:,1747647661654
counter/7/0/0/0,5667:1747647654039:,1747647661654
counter/5/0/0/0,6053:1747647654203:,1747647661654
counter/9/0/0/0,6388:1747647654317:,1747647661654
counter/9/0/0/0,6389:1747647654317:,1747647661654
counter/8/0/0/0,6249:1747647654128:,1747647661655
counter/10/0/0/0,5744:1747647653891:,1747647661655
counter/10/0/0/0,5745:1747647653891:,1747647661655
counter/10/0/0/0,5746:1747647653904:,1747647661655
counter/10/0/0/0,5747:1747647653904:,1747647661656
counter/3/0/0/0,6151:1747647654183:,1747647661656
counter/7/0/0/0,5668:1747647654039:,1747647661656
counter/5/0/0/0,6054:1747647654203:,1747647661656
counter/1/0/0/0,6479:1747647654642:,1747647661656
counter/9/0/0/0,6390:1747647654317:,1747647661656
counter/9/0/0/0,6391:1747647654317:,1747647661656
counter/4/0/0/0,6258:1747647654694:,1747647661656
counter/4/0/0/0,6259:1747647654695:,1747647661656
counter/4/0/0/0,6260:1747647654696:,1747647661656
counter/5/0/0/0,6055:1747647654203:,1747647661656
counter/1/0/0/0,6480:1747647654642:,1747647661656
counter/9/0/0/0,6392:1747647654317:,1747647661657
counter/2/0/0/0,5644:1747647653514:,1747647661657
counter/2/0/0/0,5645:1747647653514:,1747647661657
counter/2/0/0/0,5646:1747647653514:,1747647661657
counter/4/0/0/0,6261:1747647654696:,1747647661657
counter/6/0/0/0,5328:1747647654117:,1747647661657
counter/10/0/0/0,5748:1747647653904:,1747647661658
counter/6/0/0/0,5329:1747647654117:,1747647661658
counter/6/0/0/0,5330:1747647654117:,1747647661658
counter/7/0/0/0,5669:1747647654039:,1747647661658
counter/6/0/0/0,5331:1747647654117:,1747647661660
counter/7/0/0/0,5670:1747647654039:,1747647661660
counter/9/0/0/0,6393:1747647654317:,1747647661660
counter/9/0/0/0,6394:1747647654317:,1747647661660
counter/9/0/0/0,6395:1747647654317:,1747647661660
counter/9/0/0/0,6396:1747647654317:,1747647661660
counter/9/0/0/0,6397:1747647654317:,1747647661660
counter/2/0/0/0,5647:1747647653514:,1747647661660
counter/7/0/0/0,5671:1747647654039:,1747647661661
counter/1/0/0/0,6481:1747647654652:,1747647661661
counter/4/0/0/0,6262:1747647654696:,1747647661661
counter/9/0/0/0,6398:1747647654317:,1747647661661
counter/2/0/0/0,5648:1747647653514:,1747647661661
counter/2/0/0/0,5649:1747647653514:,1747647661661
counter/2/0/0/0,5650:1747647653519:,1747647661661
counter/2/0/0/0,5651:1747647653519:,1747647661661
counter/2/0/0/0,5652:1747647653519:,1747647661661
counter/10/0/0/0,5749:1747647653904:,1747647661661
counter/1/0/0/0,6482:1747647654652:,1747647661662
counter/4/0/0/0,6263:1747647654696:,1747647661662
counter/9/0/0/0,6399:1747647654317:,1747647661662
counter/9/0/0/0,6400:1747647654317:,1747647661662
counter/9/0/0/0,6401:1747647654318:,1747647661662
counter/8/0/0/0,6250:1747647654128:,1747647661662
counter/4/0/0/0,6264:1747647654696:,1747647661663
counter/4/0/0/0,6265:1747647654697:,1747647661663
counter/1/0/0/0,6483:1747647654652:,1747647661663
counter/9/0/0/0,6402:1747647654318:,1747647661663
counter/10/0/0/0,5750:1747647653904:,1747647661665
counter/5/0/0/0,6056:1747647654203:,1747647661665
counter/9/0/0/0,6403:1747647654318:,1747647661665
counter/9/0/0/0,6404:1747647654318:,1747647661665
counter/9/0/0/0,6405:1747647654318:,1747647661665
counter/9/0/0/0,6406:1747647654318:,1747647661665
counter/4/0/0/0,6266:1747647654697:,1747647661668
counter/4/0/0/0,6267:1747647654697:,1747647661668
counter/4/0/0/0,6268:1747647654697:,1747647661668
counter/9/0/0/0,6407:1747647654318:,1747647661668
counter/4/0/0/0,6269:1747647654697:,1747647661668
counter/1/0/0/0,6484:1747647654652:,1747647661668
counter/10/0/0/0,5751:1747647653904:,1747647661669
counter/10/0/0/0,5752:1747647653904:,1747647661669
counter/10/0/0/0,5753:1747647653905:,1747647661669
counter/10/0/0/0,5754:1747647653905:,1747647661669
counter/2/0/0/0,5653:1747647653519:,1747647661669
counter/8/0/0/0,6251:1747647654128:,1747647661669
counter/2/0/0/0,5654:1747647653519:,1747647661669
counter/8/0/0/0,6252:1747647654128:,1747647661669
counter/7/0/0/0,5672:1747647654039:,1747647661669
counter/7/0/0/0,5673:1747647654039:,1747647661669
counter/7/0/0/0,5674:1747647654039:,1747647661669
counter/2/0/0/0,5655:1747647653519:,1747647661669
counter/2/0/0/0,5656:1747647653519:,1747647661669
counter/2/0/0/0,5657:1747647653520:,1747647661669
counter/2/0/0/0,5658:1747647653520:,1747647661669
counter/2/0/0/0,5659:1747647653520:,1747647661670
counter/4/0/0/0,6270:1747647654697:,1747647661670
counter/10/0/0/0,5755:1747647653905:,1747647661671
counter/1/0/0/0,6485:1747647654653:,1747647661671
counter/3/0/0/0,6152:1747647654183:,1747647661671
counter/1/0/0/0,6486:1747647654653:,1747647661671
counter/1/0/0/0,6487:1747647654653:,1747647661671
counter/7/0/0/0,5675:1747647654039:,1747647661671
counter/7/0/0/0,5676:1747647654039:,1747647661671
counter/7/0/0/0,5677:1747647654039:,1747647661671
counter/7/0/0/0,5678:1747647654039:,1747647661671
counter/7/0/0/0,5679:1747647654039:,1747647661672
counter/7/0/0/0,5680:1747647654039:,1747647661672
counter/7/0/0/0,5681:1747647654042:,1747647661672
counter/7/0/0/0,5682:1747647654048:,1747647661672
counter/7/0/0/0,5683:1747647654048:,1747647661672
counter/7/0/0/0,5684:1747647654048:,1747647661672
counter/7/0/0/0,5685:1747647654048:,1747647661672
counter/7/0/0/0,5686:1747647654048:,1747647661672
counter/7/0/0/0,5687:1747647654048:,1747647661672
counter/7/0/0/0,5688:1747647654048:,1747647661672
counter/7/0/0/0,5689:1747647654049:,1747647661672
counter/7/0/0/0,5690:1747647654049:,1747647661672
counter/1/0/0/0,6488:1747647654653:,1747647661672
counter/4/0/0/0,6271:1747647654697:,1747647661672
counter/10/0/0/0,5756:1747647653905:,1747647661672
counter/7/0/0/0,5691:1747647654049:,1747647661673
counter/10/0/0/0,5757:1747647653905:,1747647661673
counter/3/0/0/0,6153:1747647654183:,1747647661674
counter/5/0/0/0,6057:1747647654203:,1747647661674
counter/10/0/0/0,5758:1747647653905:,1747647661674
counter/8/0/0/0,6253:1747647654128:,1747647661674
counter/2/0/0/0,5660:1747647653531:,1747647661674
counter/8/0/0/0,6254:1747647654128:,1747647661674
counter/8/0/0/0,6255:1747647654130:,1747647661674
counter/8/0/0/0,6256:1747647654130:,1747647661675
counter/8/0/0/0,6257:1747647654130:,1747647661675
counter/8/0/0/0,6258:1747647654130:,1747647661675
counter/1/0/0/0,6489:1747647654654:,1747647661675
counter/9/0/0/0,6408:1747647654318:,1747647661675
counter/2/0/0/0,5661:1747647653532:,1747647661675
counter/6/0/0/0,5332:1747647654117:,1747647661675
counter/4/0/0/0,6272:1747647654701:,1747647661676
counter/6/0/0/0,5333:1747647654117:,1747647661676
counter/4/0/0/0,6273:1747647654701:,1747647661676
counter/4/0/0/0,6274:1747647654701:,1747647661676
counter/7/0/0/0,5692:1747647654049:,1747647661676
counter/7/0/0/0,5693:1747647654049:,1747647661676
counter/7/0/0/0,5694:1747647654049:,1747647661676
counter/7/0/0/0,5695:1747647654049:,1747647661676
counter/6/0/0/0,5334:1747647654117:,1747647661676
counter/7/0/0/0,5696:1747647654049:,1747647661677
counter/7/0/0/0,5697:1747647654049:,1747647661677
counter/7/0/0/0,5698:1747647654049:,1747647661677
counter/7/0/0/0,5699:1747647654049:,1747647661677
counter/1/0/0/0,6490:1747647654654:,1747647661677
counter/7/0/0/0,5700:1747647654049:,1747647661677
counter/1/0/0/0,6491:1747647654654:,1747647661677
counter/7/0/0/0,5701:1747647654049:,1747647661677
counter/6/0/0/0,5335:1747647654117:,1747647661677
counter/4/0/0/0,6275:1747647654701:,1747647661677
counter/6/0/0/0,5336:1747647654118:,1747647661677
counter/6/0/0/0,5337:1747647654118:,1747647661678
counter/10/0/0/0,5759:1747647653905:,1747647661678
counter/6/0/0/0,5338:1747647654118:,1747647661678
counter/10/0/0/0,5760:1747647653905:,1747647661678
counter/10/0/0/0,5761:1747647653907:,1747647661678
counter/10/0/0/0,5762:1747647653907:,1747647661678
counter/7/0/0/0,5702:1747647654049:,1747647661678
counter/6/0/0/0,5339:1747647654118:,1747647661678
counter/1/0/0/0,6492:1747647654654:,1747647661679
counter/2/0/0/0,5662:1747647653532:,1747647661679
counter/2/0/0/0,5663:1747647653539:,1747647661679
counter/1/0/0/0,6493:1747647654654:,1747647661679
counter/2/0/0/0,5664:1747647653539:,1747647661679
counter/2/0/0/0,5665:1747647653539:,1747647661679
counter/2/0/0/0,5666:1747647653539:,1747647661679
counter/5/0/0/0,6058:1747647654203:,1747647661679
counter/5/0/0/0,6059:1747647654203:,1747647661679
counter/3/0/0/0,6154:1747647654183:,1747647661679
counter/10/0/0/0,5763:1747647653907:,1747647661679
counter/8/0/0/0,6259:1747647654130:,1747647661680
counter/2/0/0/0,5667:1747647653540:,1747647661680
counter/1/0/0/0,6494:1747647654654:,1747647661685
counter/1/0/0/0,6495:1747647654654:,1747647661685
counter/1/0/0/0,6496:1747647654654:,1747647661685
counter/1/0/0/0,6497:1747647654654:,1747647661685
counter/1/0/0/0,6498:1747647654654:,1747647661685
counter/1/0/0/0,6499:1747647654654:,1747647661686
counter/5/0/0/0,6060:1747647654203:,1747647661686
counter/3/0/0/0,6155:1747647654183:,1747647661686
counter/4/0/0/0,6276:1747647654702:,1747647661686
counter/8/0/0/0,6260:1747647654130:,1747647661686
counter/7/0/0/0,5703:1747647654049:,1747647661686
counter/8/0/0/0,6261:1747647654130:,1747647661687
counter/10/0/0/0,5764:1747647653907:,1747647661687
counter/1/0/0/0,6500:1747647654655:,1747647661687
counter/1/0/0/0,6501:1747647654655:,1747647661687
counter/1/0/0/0,6502:1747647654655:,1747647661687
counter/1/0/0/0,6503:1747647654655:,1747647661687
counter/1/0/0/0,6504:1747647654655:,1747647661687
counter/1/0/0/0,6505:1747647654655:,1747647661687
counter/1/0/0/0,6506:1747647654655:,1747647661687
counter/3/0/0/0,6156:1747647654183:,1747647661688
counter/4/0/0/0,6277:1747647654739:,1747647661688
counter/7/0/0/0,5704:1747647654049:,1747647661688
counter/4/0/0/0,6278:1747647654739:,1747647661688
counter/8/0/0/0,6262:1747647654130:,1747647661688
counter/8/0/0/0,6263:1747647654130:,1747647661688
counter/10/0/0/0,5765:1747647653907:,1747647661688
counter/6/0/0/0,5340:1747647654118:,1747647661688
counter/10/0/0/0,5766:1747647653909:,1747647661688
counter/10/0/0/0,5767:1747647653909:,1747647661688
counter/1/0/0/0,6507:1747647654655:,1747647661689
counter/3/0/0/0,6157:1747647654183:,1747647661689
counter/3/0/0/0,6158:1747647654183:,1747647661689
counter/3/0/0/0,6159:1747647654183:,1747647661689
counter/4/0/0/0,6279:1747647654739:,1747647661690
counter/2/0/0/0,5668:1747647653540:,1747647661690
counter/5/0/0/0,6061:1747647654203:,1747647661690
counter/10/0/0/0,5768:1747647653909:,1747647661690
counter/10/0/0/0,5769:1747647653909:,1747647661690
counter/5/0/0/0,6062:1747647654203:,1747647661690
counter/5/0/0/0,6063:1747647654203:,1747647661690
counter/5/0/0/0,6064:1747647654203:,1747647661691
counter/5/0/0/0,6065:1747647654204:,1747647661691
counter/6/0/0/0,5341:1747647654118:,1747647661691
counter/6/0/0/0,5342:1747647654118:,1747647661691
counter/6/0/0/0,5343:1747647654118:,1747647661691
counter/6/0/0/0,5344:1747647654118:,1747647661691
counter/6/0/0/0,5345:1747647654118:,1747647661691
counter/6/0/0/0,5346:1747647654119:,1747647661691
counter/6/0/0/0,5347:1747647654119:,1747647661691
counter/6/0/0/0,5348:1747647654119:,1747647661692
counter/7/0/0/0,5705:1747647654049:,1747647661692
counter/7/0/0/0,5706:1747647654049:,1747647661692
counter/7/0/0/0,5707:1747647654049:,1747647661692
counter/7/0/0/0,5708:1747647654050:,1747647661692
counter/7/0/0/0,5709:1747647654050:,1747647661692
counter/7/0/0/0,5710:1747647654050:,1747647661692
counter/7/0/0/0,5711:1747647654050:,1747647661692
counter/7/0/0/0,5712:1747647654050:,1747647661692
counter/7/0/0/0,5713:1747647654050:,1747647661692
counter/4/0/0/0,6280:1747647654739:,1747647661692
counter/10/0/0/0,5770:1747647653909:,1747647661693
counter/8/0/0/0,6264:1747647654130:,1747647661693
counter/8/0/0/0,6265:1747647654131:,1747647661693
counter/2/0/0/0,5669:1747647653540:,1747647661693
counter/9/0/0/0,6409:1747647654318:,1747647661693
counter/9/0/0/0,6410:1747647654318:,1747647661693
counter/9/0/0/0,6411:1747647654328:,1747647661693
counter/1/0/0/0,6508:1747647654655:,1747647661693
counter/6/0/0/0,5349:1747647654119:,1747647661693
counter/6/0/0/0,5350:1747647654119:,1747647661693
counter/5/0/0/0,6066:1747647654204:,1747647661693
counter/10/0/0/0,5771:1747647653909:,1747647661693
counter/10/0/0/0,5772:1747647653909:,1747647661693
counter/3/0/0/0,6160:1747647654183:,1747647661693
counter/3/0/0/0,6161:1747647654184:,1747647661693
counter/2/0/0/0,5670:1747647653540:,1747647661693
counter/8/0/0/0,6266:1747647654131:,1747647661694
counter/8/0/0/0,6267:1747647654131:,1747647661694
counter/9/0/0/0,6412:1747647654328:,1747647661694
counter/9/0/0/0,6413:1747647654328:,1747647661694
counter/9/0/0/0,6414:1747647654328:,1747647661694
counter/9/0/0/0,6415:1747647654328:,1747647661694
counter/4/0/0/0,6281:1747647654741:,1747647661694
counter/2/0/0/0,5671:1747647653540:,1747647661694
counter/10/0/0/0,5773:1747647653924:,1747647661694
counter/3/0/0/0,6162:1747647654184:,1747647661694
counter/10/0/0/0,5774:1747647653924:,1747647661694
counter/8/0/0/0,6268:1747647654131:,1747647661694
counter/8/0/0/0,6269:1747647654131:,1747647661694
counter/8/0/0/0,6270:1747647654136:,1747647661694
counter/4/0/0/0,6282:1747647654741:,1747647661694
counter/8/0/0/0,6271:1747647654136:,1747647661695
counter/8/0/0/0,6272:1747647654136:,1747647661696
counter/8/0/0/0,6273:1747647654136:,1747647661696
counter/8/0/0/0,6274:1747647654136:,1747647661696
counter/8/0/0/0,6275:1747647654136:,1747647661696
counter/8/0/0/0,6276:1747647654136:,1747647661696
counter/8/0/0/0,6277:1747647654136:,1747647661696
counter/8/0/0/0,6278:1747647654136:,1747647661696
counter/8/0/0/0,6279:1747647654136:,1747647661696
counter/8/0/0/0,6280:1747647654136:,1747647661696
counter/8/0/0/0,6281:1747647654136:,1747647661697
counter/3/0/0/0,6163:1747647654184:,1747647661697
counter/3/0/0/0,6164:1747647654184:,1747647661697
counter/3/0/0/0,6165:1747647654184:,1747647661697
counter/9/0/0/0,6416:1747647654328:,1747647661697
counter/10/0/0/0,5775:1747647653924:,1747647661697
counter/1/0/0/0,6509:1747647654658:,1747647661697
counter/5/0/0/0,6067:1747647654204:,1747647661697
counter/1/0/0/0,6510:1747647654658:,1747647661697
counter/7/0/0/0,5714:1747647654050:,1747647661697
counter/9/0/0/0,6417:1747647654328:,1747647661697
counter/9/0/0/0,6418:1747647654328:,1747647661697
counter/10/0/0/0,5776:1747647653924:,1747647661697
counter/10/0/0/0,5777:1747647653924:,1747647661698
counter/1/0/0/0,6511:1747647654658:,1747647661698
counter/1/0/0/0,6512:1747647654658:,1747647661698
counter/5/0/0/0,6068:1747647654204:,1747647661698
counter/5/0/0/0,6069:1747647654204:,1747647661698
counter/2/0/0/0,5672:1747647653540:,1747647661699
counter/2/0/0/0,5673:1747647653540:,1747647661699
counter/2/0/0/0,5674:1747647653543:,1747647661699
counter/2/0/0/0,5675:1747647653543:,1747647661699
counter/2/0/0/0,5676:1747647653543:,1747647661699
counter/2/0/0/0,5677:1747647653543:,1747647661699
counter/10/0/0/0,5778:1747647653924:,1747647661699
counter/5/0/0/0,6070:1747647654204:,1747647661699
counter/10/0/0/0,5779:1747647653924:,1747647661699
counter/4/0/0/0,6283:1747647654741:,1747647661699
counter/6/0/0/0,5351:1747647654119:,1747647661699
counter/6/0/0/0,5352:1747647654119:,1747647661699
counter/6/0/0/0,5353:1747647654119:,1747647661700
counter/6/0/0/0,5354:1747647654119:,1747647661700
counter/2/0/0/0,5678:1747647653543:,1747647661700
counter/9/0/0/0,6419:1747647654334:,1747647661700
counter/9/0/0/0,6420:1747647654341:,1747647661700
counter/9/0/0/0,6421:1747647654341:,1747647661701
counter/7/0/0/0,5715:1747647654052:,1747647661701
counter/7/0/0/0,5716:1747647654052:,1747647661701
counter/7/0/0/0,5717:1747647654052:,1747647661701
counter/7/0/0/0,5718:1747647654052:,1747647661701
counter/8/0/0/0,6282:1747647654136:,1747647661701
counter/8/0/0/0,6283:1747647654136:,1747647661701
counter/8/0/0/0,6284:1747647654136:,1747647661701
counter/1/0/0/0,6513:1747647654658:,1747647661701
counter/3/0/0/0,6166:1747647654184:,1747647661701
counter/3/0/0/0,6167:1747647654184:,1747647661701
counter/3/0/0/0,6168:1747647654184:,1747647661702
counter/3/0/0/0,6169:1747647654184:,1747647661702
counter/2/0/0/0,5679:1747647653544:,1747647661702
counter/2/0/0/0,5680:1747647653544:,1747647661702
counter/2/0/0/0,5681:1747647653544:,1747647661702
counter/2/0/0/0,5682:1747647653544:,1747647661702
counter/2/0/0/0,5683:1747647653547:,1747647661702
counter/5/0/0/0,6071:1747647654204:,1747647661702
counter/5/0/0/0,6072:1747647654204:,1747647661702
counter/5/0/0/0,6073:1747647654204:,1747647661702
counter/10/0/0/0,5780:1747647653924:,1747647661702
counter/6/0/0/0,5355:1747647654119:,1747647661702
counter/10/0/0/0,5781:1747647653924:,1747647661702
counter/10/0/0/0,5782:1747647653924:,1747647661702
counter/3/0/0/0,6170:1747647654193:,1747647661703
counter/3/0/0/0,6171:1747647654193:,1747647661703
counter/3/0/0/0,6172:1747647654193:,1747647661703
counter/3/0/0/0,6173:1747647654193:,1747647661703
counter/3/0/0/0,6174:1747647654193:,1747647661703
counter/4/0/0/0,6284:1747647654741:,1747647661703
counter/7/0/0/0,5719:1747647654052:,1747647661703
counter/10/0/0/0,5783:1747647653924:,1747647661704
counter/4/0/0/0,6285:1747647654741:,1747647661704
counter/4/0/0/0,6286:1747647654741:,1747647661704
counter/4/0/0/0,6287:1747647654741:,1747647661704
counter/10/0/0/0,5784:1747647653924:,1747647661705
counter/5/0/0/0,6074:1747647654204:,1747647661705
counter/7/0/0/0,5720:1747647654052:,1747647661705
counter/5/0/0/0,6075:1747647654204:,1747647661705
counter/7/0/0/0,5721:1747647654052:,1747647661705
counter/4/0/0/0,6288:1747647654741:,1747647661705
counter/7/0/0/0,5722:1747647654052:,1747647661705
counter/1/0/0/0,6514:1747647654658:,1747647661707
counter/2/0/0/0,5684:1747647653547:,1747647661707
counter/2/0/0/0,5685:1747647653551:,1747647661707
counter/2/0/0/0,5686:1747647653551:,1747647661707
counter/8/0/0/0,6285:1747647654136:,1747647661707
counter/5/0/0/0,6076:1747647654204:,1747647661707
counter/3/0/0/0,6175:1747647654193:,1747647661707
counter/10/0/0/0,5785:1747647653924:,1747647661708
counter/3/0/0/0,6176:1747647654193:,1747647661708
counter/1/0/0/0,6515:1747647654658:,1747647661708
counter/7/0/0/0,5723:1747647654052:,1747647661708
counter/7/0/0/0,5724:1747647654052:,1747647661708
counter/9/0/0/0,6422:1747647654341:,1747647661708
counter/6/0/0/0,5356:1747647654119:,1747647661708
counter/2/0/0/0,5687:1747647653551:,1747647661708
counter/4/0/0/0,6289:1747647654741:,1747647661709
counter/10/0/0/0,5786:1747647653924:,1747647661709
counter/3/0/0/0,6177:1747647654193:,1747647661709
counter/3/0/0/0,6178:1747647654193:,1747647661709
counter/3/0/0/0,6179:1747647654194:,1747647661709
counter/3/0/0/0,6180:1747647654194:,1747647661709
counter/3/0/0/0,6181:1747647654194:,1747647661709
counter/3/0/0/0,6182:1747647654194:,1747647661709
counter/3/0/0/0,6183:1747647654194:,1747647661709
counter/3/0/0/0,6184:1747647654194:,1747647661709
counter/3/0/0/0,6185:1747647654194:,1747647661709
counter/3/0/0/0,6186:1747647654194:,1747647661709
counter/3/0/0/0,6187:1747647654194:,1747647661709
counter/8/0/0/0,6286:1747647654139:,1747647661710
counter/2/0/0/0,5688:1747647653551:,1747647661710
counter/2/0/0/0,5689:1747647653551:,1747647661710
counter/6/0/0/0,5357:1747647654119:,1747647661711
counter/3/0/0/0,6188:1747647654194:,1747647661711
counter/3/0/0/0,6189:1747647654194:,1747647661711
counter/3/0/0/0,6190:1747647654194:,1747647661711
counter/3/0/0/0,6191:1747647654194:,1747647661711
counter/3/0/0/0,6192:1747647654194:,1747647661711
counter/3/0/0/0,6193:1747647654194:,1747647661711
counter/3/0/0/0,6194:1747647654195:,1747647661711
counter/3/0/0/0,6195:1747647654195:,1747647661711
counter/3/0/0/0,6196:1747647654195:,1747647661711
counter/3/0/0/0,6197:1747647654195:,1747647661711
counter/3/0/0/0,6198:1747647654195:,1747647661711
counter/3/0/0/0,6199:1747647654195:,1747647661712
counter/3/0/0/0,6200:1747647654195:,1747647661712
counter/7/0/0/0,5725:1747647654052:,1747647661712
counter/3/0/0/0,6201:1747647654195:,1747647661712
counter/7/0/0/0,5726:1747647654052:,1747647661712
counter/7/0/0/0,5727:1747647654052:,1747647661712
counter/7/0/0/0,5728:1747647654052:,1747647661712
counter/1/0/0/0,6516:1747647654658:,1747647661712
counter/2/0/0/0,5690:1747647653551:,1747647661712
counter/2/0/0/0,5691:1747647653551:,1747647661712
counter/2/0/0/0,5692:1747647653551:,1747647661712
counter/2/0/0/0,5693:1747647653551:,1747647661712
counter/2/0/0/0,5694:1747647653552:,1747647661712
counter/2/0/0/0,5695:1747647653552:,1747647661712
counter/9/0/0/0,6423:1747647654344:,1747647661713
counter/9/0/0/0,6424:1747647654344:,1747647661713
counter/9/0/0/0,6425:1747647654344:,1747647661713
counter/9/0/0/0,6426:1747647654344:,1747647661713
counter/9/0/0/0,6427:1747647654344:,1747647661713
counter/9/0/0/0,6428:1747647654344:,1747647661713
counter/3/0/0/0,6202:1747647654195:,1747647661713
counter/9/0/0/0,6429:1747647654346:,1747647661713
counter/3/0/0/0,6203:1747647654195:,1747647661713
counter/9/0/0/0,6430:1747647654346:,1747647661713
counter/3/0/0/0,6204:1747647654195:,1747647661713
counter/3/0/0/0,6205:1747647654195:,1747647661713
counter/3/0/0/0,6206:1747647654195:,1747647661713
counter/3/0/0/0,6207:1747647654195:,1747647661713
counter/3/0/0/0,6208:1747647654195:,1747647661713
counter/3/0/0/0,6209:1747647654195:,1747647661713
counter/3/0/0/0,6210:1747647654195:,1747647661713
counter/3/0/0/0,6211:1747647654195:,1747647661714
counter/3/0/0/0,6212:1747647654195:,1747647661714
counter/3/0/0/0,6213:1747647654195:,1747647661714
counter/9/0/0/0,6431:1747647654350:,1747647661714
counter/3/0/0/0,6214:1747647654196:,1747647661714
counter/3/0/0/0,6215:1747647654196:,1747647661714
counter/3/0/0/0,6216:1747647654196:,1747647661714
counter/3/0/0/0,6217:1747647654196:,1747647661714
counter/3/0/0/0,6218:1747647654196:,1747647661714
counter/3/0/0/0,6219:1747647654196:,1747647661714
counter/2/0/0/0,5696:1747647653552:,1747647661714
counter/10/0/0/0,5787:1747647653924:,1747647661715
counter/10/0/0/0,5788:1747647653924:,1747647661715
counter/8/0/0/0,6287:1747647654139:,1747647661715
counter/10/0/0/0,5789:1747647653935:,1747647661715
counter/10/0/0/0,5790:1747647653935:,1747647661715
counter/10/0/0/0,5791:1747647653935:,1747647661715
counter/10/0/0/0,5792:1747647653936:,1747647661715
counter/9/0/0/0,6432:1747647654350:,1747647661715
counter/10/0/0/0,5793:1747647653936:,1747647661715
counter/10/0/0/0,5794:1747647653936:,1747647661715
counter/10/0/0/0,5795:1747647653936:,1747647661715
counter/3/0/0/0,6220:1747647654196:,1747647661715
counter/10/0/0/0,5796:1747647653936:,1747647661717
counter/9/0/0/0,6433:1747647654350:,1747647661717
counter/9/0/0/0,6434:1747647654350:,1747647661717
counter/8/0/0/0,6288:1747647654139:,1747647661717
counter/1/0/0/0,6517:1747647654658:,1747647661717
counter/2/0/0/0,5697:1747647653552:,1747647661718
counter/2/0/0/0,5698:1747647653552:,1747647661718
counter/2/0/0/0,5699:1747647653556:,1747647661718
counter/7/0/0/0,5729:1747647654052:,1747647661718
counter/7/0/0/0,5730:1747647654052:,1747647661719
counter/9/0/0/0,6435:1747647654350:,1747647661720
counter/10/0/0/0,5797:1747647653936:,1747647661721
counter/10/0/0/0,5798:1747647653936:,1747647661722
counter/10/0/0/0,5799:1747647653936:,1747647661722
counter/10/0/0/0,5800:1747647653936:,1747647661722
counter/7/0/0/0,5731:1747647654052:,1747647661722
counter/4/0/0/0,6290:1747647654742:,1747647661722
counter/4/0/0/0,6291:1747647654742:,1747647661722
counter/9/0/0/0,6436:1747647654350:,1747647661722
counter/7/0/0/0,5732:1747647654052:,1747647661724
counter/5/0/0/0,6077:1747647654204:,1747647661725
counter/5/0/0/0,6078:1747647654204:,1747647661725
counter/5/0/0/0,6079:1747647654204:,1747647661725
counter/5/0/0/0,6080:1747647654204:,1747647661725
counter/5/0/0/0,6081:1747647654204:,1747647661725
counter/5/0/0/0,6082:1747647654204:,1747647661725
counter/1/0/0/0,6518:1747647654658:,1747647661726
counter/5/0/0/0,6083:1747647654204:,1747647661726
counter/1/0/0/0,6519:1747647654661:,1747647661726
counter/5/0/0/0,6084:1747647654204:,1747647661726
counter/1/0/0/0,6520:1747647654661:,1747647661726
counter/5/0/0/0,6085:1747647654204:,1747647661726
counter/1/0/0/0,6521:1747647654661:,1747647661726
counter/5/0/0/0,6086:1747647654204:,1747647661726
counter/1/0/0/0,6522:1747647654661:,1747647661726
counter/2/0/0/0,5700:1747647653556:,1747647661726
counter/1/0/0/0,6523:1747647654661:,1747647661726
counter/10/0/0/0,5801:1747647653936:,1747647661726
counter/3/0/0/0,6221:1747647654196:,1747647661726
counter/3/0/0/0,6222:1747647654196:,1747647661726
counter/10/0/0/0,5802:1747647653936:,1747647661726
counter/7/0/0/0,5733:1747647654052:,1747647661726
counter/7/0/0/0,5734:1747647654052:,1747647661726
counter/7/0/0/0,5735:1747647654053:,1747647661726
counter/7/0/0/0,5736:1747647654053:,1747647661726
counter/7/0/0/0,5737:1747647654053:,1747647661727
counter/7/0/0/0,5738:1747647654053:,1747647661727
counter/5/0/0/0,6087:1747647654204:,1747647661727
counter/2/0/0/0,5701:1747647653556:,1747647661728
counter/6/0/0/0,5358:1747647654119:,1747647661728
counter/3/0/0/0,6223:1747647654196:,1747647661728
counter/8/0/0/0,6289:1747647654139:,1747647661728
counter/8/0/0/0,6290:1747647654139:,1747647661728
counter/8/0/0/0,6291:1747647654139:,1747647661728
counter/2/0/0/0,5702:1747647653556:,1747647661729
counter/2/0/0/0,5703:1747647653556:,1747647661729
counter/2/0/0/0,5704:1747647653556:,1747647661729
counter/2/0/0/0,5705:1747647653556:,1747647661729
counter/2/0/0/0,5706:1747647653556:,1747647661729
counter/2/0/0/0,5707:1747647653556:,1747647661729
counter/2/0/0/0,5708:1747647653560:,1747647661729
counter/2/0/0/0,5709:1747647653560:,1747647661729
counter/2/0/0/0,5710:1747647653560:,1747647661729
counter/2/0/0/0,5711:1747647653560:,1747647661729
counter/2/0/0/0,5712:1747647653560:,1747647661729
counter/2/0/0/0,5713:1747647653560:,1747647661730
counter/1/0/0/0,6524:1747647654661:,1747647661730
counter/4/0/0/0,6292:1747647654742:,1747647661730
counter/10/0/0/0,5803:1747647653936:,1747647661732
counter/10/0/0/0,5804:1747647653938:,1747647661732
counter/10/0/0/0,5805:1747647653938:,1747647661732
counter/10/0/0/0,5806:1747647653949:,1747647661732
counter/4/0/0/0,6293:1747647654742:,1747647661732
counter/4/0/0/0,6294:1747647654742:,1747647661732
counter/4/0/0/0,6295:1747647654742:,1747647661732
counter/6/0/0/0,5359:1747647654120:,1747647661732
counter/7/0/0/0,5739:1747647654053:,1747647661732
counter/1/0/0/0,6525:1747647654661:,1747647661732
counter/8/0/0/0,6292:1747647654139:,1747647661733
counter/8/0/0/0,6293:1747647654139:,1747647661733
counter/8/0/0/0,6294:1747647654143:,1747647661733
counter/8/0/0/0,6295:1747647654143:,1747647661733
counter/8/0/0/0,6296:1747647654143:,1747647661733
counter/9/0/0/0,6437:1747647654351:,1747647661733
counter/9/0/0/0,6438:1747647654351:,1747647661733
counter/9/0/0/0,6439:1747647654351:,1747647661733
counter/5/0/0/0,6088:1747647654204:,1747647661733
counter/9/0/0/0,6440:1747647654351:,1747647661734
counter/7/0/0/0,5740:1747647654053:,1747647661734
counter/10/0/0/0,5807:1747647653950:,1747647661734
counter/10/0/0/0,5808:1747647653950:,1747647661734
counter/3/0/0/0,6224:1747647654196:,1747647661734
counter/3/0/0/0,6225:1747647654196:,1747647661734
counter/3/0/0/0,6226:1747647654196:,1747647661734
counter/3/0/0/0,6227:1747647654196:,1747647661734
counter/2/0/0/0,5714:1747647653560:,1747647661734
counter/1/0/0/0,6526:1747647654661:,1747647661734
counter/1/0/0/0,6527:1747647654668:,1747647661734
counter/1/0/0/0,6528:1747647654668:,1747647661734
counter/1/0/0/0,6529:1747647654669:,1747647661734
counter/1/0/0/0,6530:1747647654669:,1747647661735
counter/1/0/0/0,6531:1747647654669:,1747647661735
counter/9/0/0/0,6441:1747647654351:,1747647661735
counter/9/0/0/0,6442:1747647654351:,1747647661735
counter/9/0/0/0,6443:1747647654351:,1747647661735
counter/9/0/0/0,6444:1747647654351:,1747647661735
counter/9/0/0/0,6445:1747647654351:,1747647661735
counter/9/0/0/0,6446:1747647654351:,1747647661735
counter/9/0/0/0,6447:1747647654351:,1747647661735
counter/4/0/0/0,6296:1747647654746:,1747647661735
counter/9/0/0/0,6448:1747647654351:,1747647661735
counter/9/0/0/0,6449:1747647654351:,1747647661735
counter/9/0/0/0,6450:1747647654351:,1747647661735
counter/9/0/0/0,6451:1747647654351:,1747647661735
counter/9/0/0/0,6452:1747647654351:,1747647661736
counter/3/0/0/0,6228:1747647654196:,1747647661736
counter/9/0/0/0,6453:1747647654351:,1747647661736
counter/9/0/0/0,6454:1747647654351:,1747647661736
counter/9/0/0/0,6455:1747647654351:,1747647661736
counter/8/0/0/0,6297:1747647654143:,1747647661736
counter/1/0/0/0,6532:1747647654669:,1747647661736
counter/1/0/0/0,6533:1747647654669:,1747647661736
counter/1/0/0/0,6534:1747647654669:,1747647661736
counter/1/0/0/0,6535:1747647654669:,1747647661737
counter/10/0/0/0,5809:1747647653950:,1747647661737
counter/7/0/0/0,5741:1747647654053:,1747647661737
counter/5/0/0/0,6089:1747647654204:,1747647661737
counter/2/0/0/0,5715:1747647653562:,1747647661737
counter/4/0/0/0,6297:1747647654746:,1747647661738
counter/10/0/0/0,5810:1747647653950:,1747647661738
counter/3/0/0/0,6229:1747647654196:,1747647661740
counter/1/0/0/0,6536:1747647654681:,1747647661740
counter/8/0/0/0,6298:1747647654143:,1747647661740
counter/5/0/0/0,6090:1747647654204:,1747647661740
counter/5/0/0/0,6091:1747647654204:,1747647661740
counter/4/0/0/0,6298:1747647654746:,1747647661740
counter/4/0/0/0,6299:1747647654746:,1747647661740
counter/4/0/0/0,6300:1747647654746:,1747647661740
counter/4/0/0/0,6301:1747647654746:,1747647661740
counter/4/0/0/0,6302:1747647654746:,1747647661741
counter/4/0/0/0,6303:1747647654746:,1747647661741
counter/4/0/0/0,6304:1747647654746:,1747647661741
counter/4/0/0/0,6305:1747647654746:,1747647661741
counter/4/0/0/0,6306:1747647654746:,1747647661741
counter/8/0/0/0,6299:1747647654143:,1747647661741
counter/5/0/0/0,6092:1747647654204:,1747647661741
counter/5/0/0/0,6093:1747647654205:,1747647661741
counter/5/0/0/0,6094:1747647654205:,1747647661741
counter/5/0/0/0,6095:1747647654205:,1747647661741
counter/6/0/0/0,5360:1747647654120:,1747647661742
counter/6/0/0/0,5361:1747647654120:,1747647661742
counter/6/0/0/0,5362:1747647654120:,1747647661742
counter/6/0/0/0,5363:1747647654120:,1747647661742
counter/6/0/0/0,5364:1747647654120:,1747647661742
counter/6/0/0/0,5365:1747647654120:,1747647661742
counter/6/0/0/0,5366:1747647654120:,1747647661742
counter/6/0/0/0,5367:1747647654120:,1747647661742
counter/6/0/0/0,5368:1747647654120:,1747647661742
counter/6/0/0/0,5369:1747647654120:,1747647661742
counter/6/0/0/0,5370:1747647654120:,1747647661742
counter/8/0/0/0,6300:1747647654143:,1747647661742
counter/6/0/0/0,5371:1747647654120:,1747647661742
counter/8/0/0/0,6301:1747647654143:,1747647661742
counter/6/0/0/0,5372:1747647654120:,1747647661743
counter/8/0/0/0,6302:1747647654143:,1747647661743
counter/8/0/0/0,6303:1747647654143:,1747647661743
counter/3/0/0/0,6230:1747647654196:,1747647661743
counter/8/0/0/0,6304:1747647654143:,1747647661743
counter/3/0/0/0,6231:1747647654196:,1747647661743
counter/9/0/0/0,6456:1747647654356:,1747647661743
counter/8/0/0/0,6305:1747647654143:,1747647661743
counter/3/0/0/0,6232:1747647654196:,1747647661743
counter/8/0/0/0,6306:1747647654143:,1747647661743
counter/3/0/0/0,6233:1747647654196:,1747647661743
counter/3/0/0/0,6234:1747647654196:,1747647661743
counter/2/0/0/0,5716:1747647653562:,1747647661743
counter/3/0/0/0,6235:1747647654196:,1747647661743
counter/6/0/0/0,5373:1747647654125:,1747647661743
counter/1/0/0/0,6537:1747647654681:,1747647661743
counter/1/0/0/0,6538:1747647654681:,1747647661743
counter/1/0/0/0,6539:1747647654681:,1747647661743
counter/1/0/0/0,6540:1747647654681:,1747647661743
counter/7/0/0/0,5742:1747647654053:,1747647661743
counter/7/0/0/0,5743:1747647654053:,1747647661743
counter/8/0/0/0,6307:1747647654150:,1747647661743
counter/5/0/0/0,6096:1747647654205:,1747647661743
counter/8/0/0/0,6308:1747647654150:,1747647661743
counter/5/0/0/0,6097:1747647654205:,1747647661743
counter/5/0/0/0,6098:1747647654205:,1747647661744
counter/5/0/0/0,6099:1747647654205:,1747647661744
counter/1/0/0/0,6541:1747647654681:,1747647661745
counter/7/0/0/0,5744:1747647654053:,1747647661745
counter/1/0/0/0,6542:1747647654681:,1747647661745
counter/7/0/0/0,5745:1747647654053:,1747647661745
counter/10/0/0/0,5811:1747647653959:,1747647661745
counter/2/0/0/0,5717:1747647653562:,1747647661745
counter/7/0/0/0,5746:1747647654053:,1747647661746
counter/7/0/0/0,5747:1747647654053:,1747647661746
counter/7/0/0/0,5748:1747647654053:,1747647661746
counter/7/0/0/0,5749:1747647654053:,1747647661746
counter/7/0/0/0,5750:1747647654057:,1747647661746
counter/3/0/0/0,6236:1747647654196:,1747647661746
counter/3/0/0/0,6237:1747647654197:,1747647661746
counter/3/0/0/0,6238:1747647654197:,1747647661746
counter/3/0/0/0,6239:1747647654197:,1747647661746
counter/1/0/0/0,6543:1747647654681:,1747647661746
counter/1/0/0/0,6544:1747647654681:,1747647661746
counter/1/0/0/0,6545:1747647654681:,1747647661746
counter/1/0/0/0,6546:1747647654681:,1747647661747
counter/7/0/0/0,5751:1747647654057:,1747647661747
counter/7/0/0/0,5752:1747647654057:,1747647661747
counter/8/0/0/0,6309:1747647654150:,1747647661747
counter/9/0/0/0,6457:1747647654356:,1747647661747
counter/9/0/0/0,6458:1747647654357:,1747647661747
counter/5/0/0/0,6100:1747647654205:,1747647661747
counter/5/0/0/0,6101:1747647654205:,1747647661748
counter/4/0/0/0,6307:1747647654746:,1747647661748
counter/1/0/0/0,6547:1747647654681:,1747647661748
counter/1/0/0/0,6548:1747647654682:,1747647661748
counter/1/0/0/0,6549:1747647654682:,1747647661748
counter/1/0/0/0,6550:1747647654682:,1747647661748
counter/7/0/0/0,5753:1747647654057:,1747647661748
counter/7/0/0/0,5754:1747647654057:,1747647661748
counter/7/0/0/0,5755:1747647654057:,1747647661748
counter/7/0/0/0,5756:1747647654057:,1747647661748
counter/7/0/0/0,5757:1747647654057:,1747647661748
counter/7/0/0/0,5758:1747647654057:,1747647661748
counter/7/0/0/0,5759:1747647654057:,1747647661748
counter/7/0/0/0,5760:1747647654057:,1747647661748
counter/7/0/0/0,5761:1747647654057:,1747647661748
counter/5/0/0/0,6102:1747647654205:,1747647661748
counter/2/0/0/0,5718:1747647653563:,1747647661748
counter/1/0/0/0,6551:1747647654682:,1747647661748
counter/6/0/0/0,5374:1747647654125:,1747647661748
counter/1/0/0/0,6552:1747647654682:,1747647661749
counter/1/0/0/0,6553:1747647654682:,1747647661749
counter/1/0/0/0,6554:1747647654682:,1747647661749
counter/1/0/0/0,6555:1747647654682:,1747647661750
counter/1/0/0/0,6556:1747647654682:,1747647661750
counter/1/0/0/0,6557:1747647654682:,1747647661750
counter/1/0/0/0,6558:1747647654682:,1747647661750
counter/1/0/0/0,6559:1747647654682:,1747647661750
counter/10/0/0/0,5812:1747647653959:,1747647661750
counter/8/0/0/0,6310:1747647654150:,1747647661750
counter/7/0/0/0,5762:1747647654057:,1747647661750
counter/7/0/0/0,5763:1747647654057:,1747647661750
counter/7/0/0/0,5764:1747647654057:,1747647661750
counter/7/0/0/0,5765:1747647654058:,1747647661750
counter/7/0/0/0,5766:1747647654058:,1747647661750
counter/7/0/0/0,5767:1747647654058:,1747647661750
counter/7/0/0/0,5768:1747647654058:,1747647661751
counter/6/0/0/0,5375:1747647654125:,1747647661751
counter/1/0/0/0,6560:1747647654682:,1747647661752
counter/9/0/0/0,6459:1747647654357:,1747647661752
counter/1/0/0/0,6561:1747647654710:,1747647661752
counter/3/0/0/0,6240:1747647654200:,1747647661752
counter/1/0/0/0,6562:1747647654710:,1747647661752
counter/1/0/0/0,6563:1747647654727:,1747647661752
counter/1/0/0/0,6564:1747647654727:,1747647661752
counter/1/0/0/0,6565:1747647654727:,1747647661752
counter/1/0/0/0,6566:1747647654727:,1747647661752
counter/1/0/0/0,6567:1747647654734:,1747647661753
counter/6/0/0/0,5376:1747647654125:,1747647661753
counter/10/0/0/0,5813:1747647653959:,1747647661753
counter/6/0/0/0,5377:1747647654125:,1747647661753
counter/1/0/0/0,6568:1747647654734:,1747647661754
counter/10/0/0/0,5814:1747647653959:,1747647661754
counter/10/0/0/0,5815:1747647653959:,1747647661756
counter/7/0/0/0,5769:1747647654058:,1747647661756
counter/10/0/0/0,5816:1747647653959:,1747647661756
counter/6/0/0/0,5378:1747647654125:,1747647661756
counter/8/0/0/0,6311:1747647654150:,1747647661756
counter/5/0/0/0,6103:1747647654205:,1747647661757
counter/5/0/0/0,6104:1747647654205:,1747647661758
counter/9/0/0/0,6460:1747647654357:,1747647661758
counter/9/0/0/0,6461:1747647654357:,1747647661758
counter/4/0/0/0,6308:1747647654750:,1747647661758
counter/8/0/0/0,6312:1747647654150:,1747647661758
counter/1/0/0/0,6569:1747647654734:,1747647661759
counter/1/0/0/0,6570:1747647654734:,1747647661759
counter/1/0/0/0,6571:1747647654734:,1747647661759
counter/3/0/0/0,6241:1747647654202:,1747647661759
counter/1/0/0/0,6572:1747647654734:,1747647661760
counter/9/0/0/0,6462:1747647654357:,1747647661760
counter/9/0/0/0,6463:1747647654357:,1747647661760
counter/1/0/0/0,6573:1747647654734:,1747647661761
counter/9/0/0/0,6464:1747647654357:,1747647661761
counter/9/0/0/0,6465:1747647654357:,1747647661761
counter/4/0/0/0,6309:1747647654750:,1747647661761
counter/9/0/0/0,6466:1747647654358:,1747647661761
counter/4/0/0/0,6310:1747647654750:,1747647661761
counter/9/0/0/0,6467:1747647654358:,1747647661761
counter/4/0/0/0,6311:1747647654750:,1747647661761
counter/4/0/0/0,6312:1747647654750:,1747647661761
counter/4/0/0/0,6313:1747647654750:,1747647661761
counter/4/0/0/0,6314:1747647654750:,1747647661761
counter/4/0/0/0,6315:1747647654982:,1747647661761
counter/4/0/0/0,6316:1747647654986:,1747647661761
counter/4/0/0/0,6317:1747647654986:,1747647661762
counter/4/0/0/0,6318:1747647654987:,1747647661762
counter/4/0/0/0,6319:1747647654992:,1747647661762
counter/4/0/0/0,6320:1747647654995:,1747647661762
counter/4/0/0/0,6321:1747647655018:,1747647661762
counter/4/0/0/0,6322:1747647655018:,1747647661762
counter/4/0/0/0,6323:1747647655018:,1747647661762
counter/4/0/0/0,6324:1747647655026:,1747647661762
counter/4/0/0/0,6325:1747647655029:,1747647661763
counter/4/0/0/0,6326:1747647655032:,1747647661763
counter/4/0/0/0,6327:1747647655034:,1747647661763
counter/4/0/0/0,6328:1747647655035:,1747647661763
counter/4/0/0/0,6329:1747647655035:,1747647661763
counter/4/0/0/0,6330:1747647655036:,1747647661763
counter/4/0/0/0,6331:1747647655036:,1747647661763
counter/4/0/0/0,6332:1747647655040:,1747647661763
counter/4/0/0/0,6333:1747647655040:,1747647661764
counter/4/0/0/0,6334:1747647655040:,1747647661764
counter/1/0/0/0,6574:1747647654741:,1747647661764
counter/7/0/0/0,5770:1747647654058:,1747647661764
counter/2/0/0/0,5719:1747647653563:,1747647661764
counter/10/0/0/0,5817:1747647653959:,1747647661764
counter/10/0/0/0,5818:1747647653959:,1747647661764
counter/5/0/0/0,6105:1747647654205:,1747647661765
counter/3/0/0/0,6242:1747647654202:,1747647661765
counter/1/0/0/0,6575:1747647654749:,1747647661765
counter/1/0/0/0,6576:1747647654749:,1747647661765
counter/1/0/0/0,6577:1747647654749:,1747647661765
counter/2/0/0/0,5720:1747647653563:,1747647661765
counter/4/0/0/0,6335:1747647655040:,1747647661765
counter/10/0/0/0,5819:1747647653959:,1747647661765
counter/10/0/0/0,5820:1747647653959:,1747647661765
counter/3/0/0/0,6243:1747647654202:,1747647661765
counter/6/0/0/0,5379:1747647654125:,1747647661765
counter/6/0/0/0,5380:1747647654125:,1747647661765
counter/6/0/0/0,5381:1747647654125:,1747647661765
counter/6/0/0/0,5382:1747647654125:,1747647661765
counter/6/0/0/0,5383:1747647654125:,1747647661766
counter/1/0/0/0,6578:1747647654749:,1747647661766
counter/5/0/0/0,6106:1747647654205:,1747647661766
counter/10/0/0/0,5821:1747647653959:,1747647661766
counter/3/0/0/0,6244:1747647654202:,1747647661766
counter/9/0/0/0,6468:1747647654363:,1747647661766
counter/6/0/0/0,5384:1747647654125:,1747647661766
counter/6/0/0/0,5385:1747647654125:,1747647661766
counter/6/0/0/0,5386:1747647654125:,1747647661766
counter/5/0/0/0,6107:1747647654205:,1747647661766
counter/5/0/0/0,6108:1747647654205:,1747647661766
counter/10/0/0/0,5822:1747647653959:,1747647661766
counter/3/0/0/0,6245:1747647654210:,1747647661766
counter/9/0/0/0,6469:1747647654363:,1747647661766
counter/6/0/0/0,5387:1747647654125:,1747647661766
counter/6/0/0/0,5388:1747647654125:,1747647661766
counter/6/0/0/0,5389:1747647654125:,1747647661766
counter/6/0/0/0,5390:1747647654126:,1747647661766
counter/1/0/0/0,6579:1747647654749:,1747647661766
counter/1/0/0/0,6580:1747647654749:,1747647661766
counter/7/0/0/0,5771:1747647654058:,1747647661766
counter/2/0/0/0,5721:1747647653563:,1747647661766
counter/2/0/0/0,5722:1747647653563:,1747647661766
counter/2/0/0/0,5723:1747647653563:,1747647661766
counter/2/0/0/0,5724:1747647653563:,1747647661766
counter/2/0/0/0,5725:1747647653563:,1747647661766
counter/5/0/0/0,6109:1747647654205:,1747647661766
counter/10/0/0/0,5823:1747647653959:,1747647661766
counter/5/0/0/0,6110:1747647654205:,1747647661766
counter/3/0/0/0,6246:1747647654210:,1747647661766
counter/10/0/0/0,5824:1747647653959:,1747647661766
counter/3/0/0/0,6247:1747647654215:,1747647661767
counter/9/0/0/0,6470:1747647654363:,1747647661767
counter/9/0/0/0,6471:1747647654363:,1747647661767
counter/9/0/0/0,6472:1747647654363:,1747647661767
counter/9/0/0/0,6473:1747647654363:,1747647661767
counter/9/0/0/0,6474:1747647654363:,1747647661767
counter/9/0/0/0,6475:1747647654363:,1747647661767
counter/9/0/0/0,6476:1747647654363:,1747647661767
counter/9/0/0/0,6477:1747647654363:,1747647661767
counter/5/0/0/0,6111:1747647654205:,1747647661767
counter/9/0/0/0,6478:1747647654363:,1747647661767
counter/1/0/0/0,6581:1747647654780:,1747647661767
counter/9/0/0/0,6479:1747647654363:,1747647661768
counter/5/0/0/0,6112:1747647654205:,1747647661769
counter/3/0/0/0,6248:1747647654233:,1747647661769
counter/6/0/0/0,5391:1747647654126:,1747647661769
counter/6/0/0/0,5392:1747647654126:,1747647661769
counter/6/0/0/0,5393:1747647654126:,1747647661769
counter/6/0/0/0,5394:1747647654126:,1747647661769
counter/6/0/0/0,5395:1747647654128:,1747647661769
counter/6/0/0/0,5396:1747647654128:,1747647661769
counter/6/0/0/0,5397:1747647654128:,1747647661769
counter/6/0/0/0,5398:1747647654128:,1747647661769
counter/6/0/0/0,5399:1747647654132:,1747647661769
counter/6/0/0/0,5400:1747647654133:,1747647661769
counter/6/0/0/0,5401:1747647654133:,1747647661769
counter/6/0/0/0,5402:1747647654133:,1747647661769
counter/6/0/0/0,5403:1747647654133:,1747647661769
counter/6/0/0/0,5404:1747647654133:,1747647661770
counter/6/0/0/0,5405:1747647654133:,1747647661770
counter/6/0/0/0,5406:1747647654133:,1747647661770
counter/6/0/0/0,5407:1747647654133:,1747647661770
counter/1/0/0/0,6582:1747647654780:,1747647661770
counter/1/0/0/0,6583:1747647654780:,1747647661770
counter/1/0/0/0,6584:1747647654780:,1747647661770
counter/1/0/0/0,6585:1747647654780:,1747647661770
counter/1/0/0/0,6586:1747647654780:,1747647661770
counter/6/0/0/0,5408:1747647654136:,1747647661770
counter/1/0/0/0,6587:1747647654780:,1747647661771
counter/5/0/0/0,6113:1747647654205:,1747647661771
counter/8/0/0/0,6313:1747647654150:,1747647661772
counter/4/0/0/0,6336:1747647655040:,1747647661772
counter/7/0/0/0,5772:1747647654058:,1747647661772
counter/7/0/0/0,5773:1747647654058:,1747647661772
counter/7/0/0/0,5774:1747647654058:,1747647661772
counter/8/0/0/0,6314:1747647654150:,1747647661772
counter/7/0/0/0,5775:1747647654058:,1747647661772
counter/5/0/0/0,6114:1747647654205:,1747647661773
counter/5/0/0/0,6115:1747647654205:,1747647661773
counter/5/0/0/0,6116:1747647654206:,1747647661773
counter/3/0/0/0,6249:1747647654259:,1747647661773
counter/1/0/0/0,6588:1747647654780:,1747647661773
counter/9/0/0/0,6480:1747647654363:,1747647661774
counter/9/0/0/0,6481:1747647654363:,1747647661774
counter/9/0/0/0,6482:1747647654363:,1747647661774
counter/9/0/0/0,6483:1747647654363:,1747647661774
counter/9/0/0/0,6484:1747647654363:,1747647661774
counter/9/0/0/0,6485:1747647654370:,1747647661774
counter/9/0/0/0,6486:1747647654370:,1747647661774
counter/9/0/0/0,6487:1747647654370:,1747647661774
counter/9/0/0/0,6488:1747647654370:,1747647661774
counter/2/0/0/0,5726:1747647653563:,1747647661774
counter/6/0/0/0,5409:1747647654137:,1747647661774
counter/6/0/0/0,5410:1747647654137:,1747647661774
counter/1/0/0/0,6589:1747647654780:,1747647661774
counter/1/0/0/0,6590:1747647654780:,1747647661774
counter/6/0/0/0,5411:1747647654137:,1747647661774
counter/10/0/0/0,5825:1747647653959:,1747647661774
counter/7/0/0/0,5776:1747647654058:,1747647661775
counter/5/0/0/0,6117:1747647654206:,1747647661775
counter/5/0/0/0,6118:1747647654206:,1747647661775
counter/5/0/0/0,6119:1747647654206:,1747647661775
counter/5/0/0/0,6120:1747647654206:,1747647661775
counter/5/0/0/0,6121:1747647654206:,1747647661775
counter/5/0/0/0,6122:1747647654206:,1747647661775
counter/5/0/0/0,6123:1747647654206:,1747647661775
counter/5/0/0/0,6124:1747647654206:,1747647661775
counter/5/0/0/0,6125:1747647654209:,1747647661775
counter/5/0/0/0,6126:1747647654209:,1747647661775
counter/5/0/0/0,6127:1747647654209:,1747647661775
counter/5/0/0/0,6128:1747647654209:,1747647661775
counter/4/0/0/0,6337:1747647655040:,1747647661775
counter/4/0/0/0,6338:1747647655040:,1747647661775
counter/8/0/0/0,6315:1747647654150:,1747647661776
counter/4/0/0/0,6339:1747647655040:,1747647661776
counter/8/0/0/0,6316:1747647654150:,1747647661776
counter/8/0/0/0,6317:1747647654150:,1747647661776
counter/1/0/0/0,6591:1747647654780:,1747647661776
counter/9/0/0/0,6489:1747647654370:,1747647661776
counter/6/0/0/0,5412:1747647654137:,1747647661777
counter/6/0/0/0,5413:1747647654137:,1747647661777
counter/7/0/0/0,5777:1747647654058:,1747647661777
counter/7/0/0/0,5778:1747647654059:,1747647661777
counter/2/0/0/0,5727:1747647653563:,1747647661777
counter/2/0/0/0,5728:1747647653563:,1747647661777
counter/2/0/0/0,5729:1747647653563:,1747647661777
counter/2/0/0/0,5730:1747647653570:,1747647661777
counter/1/0/0/0,6592:1747647654780:,1747647661777
counter/1/0/0/0,6593:1747647654780:,1747647661777
counter/1/0/0/0,6594:1747647654780:,1747647661777
counter/1/0/0/0,6595:1747647654780:,1747647661777
counter/1/0/0/0,6596:1747647654983:,1747647661777
counter/8/0/0/0,6318:1747647654151:,1747647661778
counter/1/0/0/0,6597:1747647654984:,1747647661778
counter/9/0/0/0,6490:1747647654370:,1747647661778
counter/3/0/0/0,6250:1747647654259:,1747647661779
counter/7/0/0/0,5779:1747647654059:,1747647661779
counter/7/0/0/0,5780:1747647654059:,1747647661779
counter/5/0/0/0,6129:1747647654209:,1747647661779
counter/3/0/0/0,6251:1747647654259:,1747647661784
counter/8/0/0/0,6319:1747647654152:,1747647661784
counter/8/0/0/0,6320:1747647654152:,1747647661784
counter/8/0/0/0,6321:1747647654152:,1747647661784
counter/8/0/0/0,6322:1747647654152:,1747647661784
counter/8/0/0/0,6323:1747647654161:,1747647661784
counter/8/0/0/0,6324:1747647654166:,1747647661784
counter/8/0/0/0,6325:1747647654166:,1747647661784
counter/8/0/0/0,6326:1747647654166:,1747647661785
counter/7/0/0/0,5781:1747647654059:,1747647661785
counter/6/0/0/0,5414:1747647654137:,1747647661785
counter/7/0/0/0,5782:1747647654060:,1747647661785
counter/2/0/0/0,5731:1747647653570:,1747647661785
counter/7/0/0/0,5783:1747647654060:,1747647661785
counter/5/0/0/0,6130:1747647654209:,1747647661786
counter/5/0/0/0,6131:1747647654209:,1747647661786
counter/5/0/0/0,6132:1747647654209:,1747647661786
counter/5/0/0/0,6133:1747647654209:,1747647661786
counter/5/0/0/0,6134:1747647654209:,1747647661786
counter/5/0/0/0,6135:1747647654209:,1747647661786
counter/5/0/0/0,6136:1747647654209:,1747647661786
counter/5/0/0/0,6137:1747647654209:,1747647661787
counter/5/0/0/0,6138:1747647654212:,1747647661787
counter/5/0/0/0,6139:1747647654212:,1747647661787
counter/5/0/0/0,6140:1747647654212:,1747647661787
counter/5/0/0/0,6141:1747647654212:,1747647661787
counter/5/0/0/0,6142:1747647654212:,1747647661787
counter/5/0/0/0,6143:1747647654212:,1747647661787
counter/5/0/0/0,6144:1747647654212:,1747647661787
counter/5/0/0/0,6145:1747647654212:,1747647661787
counter/5/0/0/0,6146:1747647654212:,1747647661787
counter/5/0/0/0,6147:1747647654212:,1747647661787
counter/5/0/0/0,6148:1747647654212:,1747647661787
counter/5/0/0/0,6149:1747647654212:,1747647661787
counter/5/0/0/0,6150:1747647654212:,1747647661787
counter/5/0/0/0,6151:1747647654212:,1747647661788
counter/5/0/0/0,6152:1747647654212:,1747647661788
counter/5/0/0/0,6153:1747647654212:,1747647661788
counter/5/0/0/0,6154:1747647654212:,1747647661789
counter/5/0/0/0,6155:1747647654212:,1747647661789
counter/5/0/0/0,6156:1747647654212:,1747647661789
counter/5/0/0/0,6157:1747647654213:,1747647661789
counter/9/0/0/0,6491:1747647654370:,1747647661789
counter/6/0/0/0,5415:1747647654137:,1747647661789
counter/6/0/0/0,5416:1747647654137:,1747647661789
counter/6/0/0/0,5417:1747647654137:,1747647661789
counter/6/0/0/0,5418:1747647654137:,1747647661789
counter/2/0/0/0,5732:1747647653570:,1747647661789
counter/10/0/0/0,5826:1747647653960:,1747647661789
counter/3/0/0/0,6252:1747647654259:,1747647661789
counter/3/0/0/0,6253:1747647654259:,1747647661789
counter/9/0/0/0,6492:1747647654370:,1747647661789
counter/9/0/0/0,6493:1747647654370:,1747647661790
counter/9/0/0/0,6494:1747647654370:,1747647661790
counter/9/0/0/0,6495:1747647654370:,1747647661790
counter/7/0/0/0,5784:1747647654060:,1747647661790
counter/2/0/0/0,5733:1747647653570:,1747647661790
counter/10/0/0/0,5827:1747647653960:,1747647661790
counter/10/0/0/0,5828:1747647653960:,1747647661790
counter/10/0/0/0,5829:1747647653960:,1747647661790
counter/10/0/0/0,5830:1747647653960:,1747647661790
counter/10/0/0/0,5831:1747647653960:,1747647661790
counter/10/0/0/0,5832:1747647653960:,1747647661790
counter/10/0/0/0,5833:1747647653960:,1747647661790
counter/10/0/0/0,5834:1747647653960:,1747647661790
counter/4/0/0/0,6340:1747647655040:,1747647661790
counter/10/0/0/0,5835:1747647653960:,1747647661790
counter/10/0/0/0,5836:1747647653960:,1747647661791
counter/6/0/0/0,5419:1747647654137:,1747647661791
counter/9/0/0/0,6496:1747647654370:,1747647661791
counter/2/0/0/0,5734:1747647653571:,1747647661791
counter/2/0/0/0,5735:1747647653571:,1747647661791
counter/2/0/0/0,5736:1747647653571:,1747647661791
counter/2/0/0/0,5737:1747647653571:,1747647661791
counter/2/0/0/0,5738:1747647653592:,1747647661791
counter/2/0/0/0,5739:1747647653592:,1747647661791
counter/2/0/0/0,5740:1747647653592:,1747647661791
counter/2/0/0/0,5741:1747647653592:,1747647661791
counter/2/0/0/0,5742:1747647653592:,1747647661791
counter/2/0/0/0,5743:1747647653592:,1747647661791
counter/2/0/0/0,5744:1747647653592:,1747647661791
counter/2/0/0/0,5745:1747647653592:,1747647661791
counter/2/0/0/0,5746:1747647653592:,1747647661791
counter/2/0/0/0,5747:1747647653592:,1747647661791
counter/3/0/0/0,6254:1747647654259:,1747647661791
counter/5/0/0/0,6158:1747647654213:,1747647661791
counter/4/0/0/0,6341:1747647655040:,1747647661791
counter/10/0/0/0,5837:1747647653960:,1747647661791
counter/2/0/0/0,5748:1747647653592:,1747647661791
counter/2/0/0/0,5749:1747647653592:,1747647661792
counter/2/0/0/0,5750:1747647653593:,1747647661792
counter/2/0/0/0,5751:1747647653593:,1747647661792
counter/2/0/0/0,5752:1747647653594:,1747647661792
counter/2/0/0/0,5753:1747647653594:,1747647661792
counter/2/0/0/0,5754:1747647653599:,1747647661792
counter/2/0/0/0,5755:1747647653599:,1747647661792
counter/2/0/0/0,5756:1747647653599:,1747647661792
counter/2/0/0/0,5757:1747647653599:,1747647661792
counter/9/0/0/0,6497:1747647654370:,1747647661792
counter/1/0/0/0,6598:1747647654984:,1747647661792
counter/2/0/0/0,5758:1747647653599:,1747647661792
counter/2/0/0/0,5759:1747647653599:,1747647661792
counter/2/0/0/0,5760:1747647653599:,1747647661792
counter/2/0/0/0,5761:1747647653599:,1747647661792
counter/2/0/0/0,5762:1747647653600:,1747647661792
counter/2/0/0/0,5763:1747647653600:,1747647661792
counter/2/0/0/0,5764:1747647653600:,1747647661792
counter/2/0/0/0,5765:1747647653600:,1747647661792
counter/2/0/0/0,5766:1747647653600:,1747647661792
counter/2/0/0/0,5767:1747647653600:,1747647661792
counter/2/0/0/0,5768:1747647653600:,1747647661792
counter/2/0/0/0,5769:1747647653600:,1747647661792
counter/2/0/0/0,5770:1747647653600:,1747647661792
counter/2/0/0/0,5771:1747647653635:,1747647661792
counter/4/0/0/0,6342:1747647655040:,1747647661792
counter/2/0/0/0,5772:1747647653638:,1747647661792
counter/10/0/0/0,5838:1747647653960:,1747647661793
counter/5/0/0/0,6159:1747647654213:,1747647661793
counter/8/0/0/0,6327:1747647654166:,1747647661793
counter/7/0/0/0,5785:1747647654060:,1747647661794
counter/8/0/0/0,6328:1747647654166:,1747647661794
counter/8/0/0/0,6329:1747647654166:,1747647661794
counter/8/0/0/0,6330:1747647654166:,1747647661794
counter/8/0/0/0,6331:1747647654166:,1747647661794
counter/8/0/0/0,6332:1747647654167:,1747647661794
counter/8/0/0/0,6333:1747647654167:,1747647661794
counter/8/0/0/0,6334:1747647654167:,1747647661794
counter/8/0/0/0,6335:1747647654169:,1747647661794
counter/8/0/0/0,6336:1747647654169:,1747647661794
counter/8/0/0/0,6337:1747647654169:,1747647661794
counter/8/0/0/0,6338:1747647654169:,1747647661795
counter/8/0/0/0,6339:1747647654169:,1747647661795
counter/8/0/0/0,6340:1747647654170:,1747647661795
counter/9/0/0/0,6498:1747647654370:,1747647661795
counter/7/0/0/0,5786:1747647654060:,1747647661795
counter/4/0/0/0,6343:1747647655040:,1747647661795
counter/4/0/0/0,6344:1747647655040:,1747647661795
counter/4/0/0/0,6345:1747647655040:,1747647661795
counter/4/0/0/0,6346:1747647655040:,1747647661795
counter/7/0/0/0,5787:1747647654060:,1747647661795
counter/7/0/0/0,5788:1747647654060:,1747647661795
counter/7/0/0/0,5789:1747647654060:,1747647661796
counter/1/0/0/0,6599:1747647654984:,1747647661796
counter/9/0/0/0,6499:1747647654370:,1747647661796
counter/2/0/0/0,5773:1747647653638:,1747647661796
counter/2/0/0/0,5774:1747647653638:,1747647661796
counter/2/0/0/0,5775:1747647653638:,1747647661796
counter/2/0/0/0,5776:1747647653638:,1747647661797
counter/2/0/0/0,5777:1747647653638:,1747647661797
counter/2/0/0/0,5778:1747647653638:,1747647661797
counter/2/0/0/0,5779:1747647653638:,1747647661797
counter/2/0/0/0,5780:1747647653638:,1747647661797
counter/2/0/0/0,5781:1747647653638:,1747647661797
counter/6/0/0/0,5420:1747647654137:,1747647661797
counter/2/0/0/0,5782:1747647653638:,1747647661797
counter/2/0/0/0,5783:1747647653638:,1747647661798
counter/2/0/0/0,5784:1747647653638:,1747647661798
counter/2/0/0/0,5785:1747647653642:,1747647661798
counter/2/0/0/0,5786:1747647653642:,1747647661798
counter/2/0/0/0,5787:1747647653642:,1747647661798
counter/10/0/0/0,5839:1747647653960:,1747647661798
counter/2/0/0/0,5788:1747647653642:,1747647661798
counter/2/0/0/0,5789:1747647653642:,1747647661798
counter/2/0/0/0,5790:1747647653642:,1747647661798
counter/2/0/0/0,5791:1747647653642:,1747647661798
counter/2/0/0/0,5792:1747647653642:,1747647661798
counter/2/0/0/0,5793:1747647653643:,1747647661798
counter/8/0/0/0,6341:1747647654170:,1747647661799
counter/4/0/0/0,6347:1747647655040:,1747647661799
counter/4/0/0/0,6348:1747647655040:,1747647661799
counter/4/0/0/0,6349:1747647655040:,1747647661800
counter/2/0/0/0,5794:1747647653643:,1747647661800
counter/4/0/0/0,6350:1747647655040:,1747647661800
counter/2/0/0/0,5795:1747647653643:,1747647661800
counter/2/0/0/0,5796:1747647653643:,1747647661800
counter/2/0/0/0,5797:1747647653643:,1747647661800
counter/2/0/0/0,5798:1747647653643:,1747647661800
counter/2/0/0/0,5799:1747647653643:,1747647661800
counter/2/0/0/0,5800:1747647653643:,1747647661800
counter/2/0/0/0,5801:1747647653643:,1747647661800
counter/2/0/0/0,5802:1747647653643:,1747647661800
counter/2/0/0/0,5803:1747647653643:,1747647661800
counter/2/0/0/0,5804:1747647653643:,1747647661800
counter/2/0/0/0,5805:1747647653643:,1747647661800
counter/1/0/0/0,6600:1747647654984:,1747647661801
counter/5/0/0/0,6160:1747647654213:,1747647661801
counter/3/0/0/0,6255:1747647654259:,1747647661801
counter/3/0/0/0,6256:1747647654259:,1747647661801
counter/3/0/0/0,6257:1747647654259:,1747647661801
counter/3/0/0/0,6258:1747647654259:,1747647661801
counter/3/0/0/0,6259:1747647654259:,1747647661802
counter/2/0/0/0,5806:1747647653643:,1747647661802
counter/2/0/0/0,5807:1747647653643:,1747647661802
counter/3/0/0/0,6260:1747647654259:,1747647661802
counter/3/0/0/0,6261:1747647654259:,1747647661802
counter/3/0/0/0,6262:1747647654259:,1747647661802
counter/3/0/0/0,6263:1747647654259:,1747647661802
counter/3/0/0/0,6264:1747647654259:,1747647661802
counter/3/0/0/0,6265:1747647654260:,1747647661802
counter/4/0/0/0,6351:1747647655040:,1747647661802
counter/1/0/0/0,6601:1747647654984:,1747647661802
counter/4/0/0/0,6352:1747647655040:,1747647661802
counter/4/0/0/0,6353:1747647655040:,1747647661802
counter/4/0/0/0,6354:1747647655040:,1747647661802
counter/5/0/0/0,6161:1747647654213:,1747647661802
counter/5/0/0/0,6162:1747647654213:,1747647661802
counter/10/0/0/0,5840:1747647653973:,1747647661802
counter/10/0/0/0,5841:1747647653973:,1747647661802
counter/7/0/0/0,5790:1747647654060:,1747647661802
counter/4/0/0/0,6355:1747647655040:,1747647661802
counter/1/0/0/0,6602:1747647654984:,1747647661803
counter/1/0/0/0,6603:1747647654984:,1747647661803
counter/6/0/0/0,5421:1747647654137:,1747647661803
counter/3/0/0/0,6266:1747647654260:,1747647661803
counter/3/0/0/0,6267:1747647654260:,1747647661803
counter/3/0/0/0,6268:1747647654260:,1747647661803
counter/3/0/0/0,6269:1747647654260:,1747647661803
counter/3/0/0/0,6270:1747647654260:,1747647661803
counter/3/0/0/0,6271:1747647654260:,1747647661803
counter/3/0/0/0,6272:1747647654260:,1747647661803
counter/3/0/0/0,6273:1747647654260:,1747647661804
counter/6/0/0/0,5422:1747647654137:,1747647661804
counter/6/0/0/0,5423:1747647654137:,1747647661804
counter/9/0/0/0,6500:1747647654373:,1747647661804
counter/10/0/0/0,5842:1747647653973:,1747647661804
counter/10/0/0/0,5843:1747647653973:,1747647661804
counter/10/0/0/0,5844:1747647653973:,1747647661804
counter/10/0/0/0,5845:1747647653988:,1747647661804
counter/2/0/0/0,5808:1747647653643:,1747647661804
counter/10/0/0/0,5846:1747647653988:,1747647661804
counter/3/0/0/0,6274:1747647654260:,1747647661804
counter/3/0/0/0,6275:1747647654260:,1747647661804
counter/3/0/0/0,6276:1747647654260:,1747647661805
counter/3/0/0/0,6277:1747647654260:,1747647661805
counter/3/0/0/0,6278:1747647654260:,1747647661805
counter/3/0/0/0,6279:1747647654260:,1747647661805
counter/3/0/0/0,6280:1747647654260:,1747647661805
counter/7/0/0/0,5791:1747647654060:,1747647661806
counter/9/0/0/0,6501:1747647654373:,1747647661806
counter/2/0/0/0,5809:1747647653643:,1747647661806
counter/5/0/0/0,6163:1747647654213:,1747647661806
counter/7/0/0/0,5792:1747647654060:,1747647661808
counter/7/0/0/0,5793:1747647654060:,1747647661808
counter/7/0/0/0,5794:1747647654060:,1747647661808
counter/7/0/0/0,5795:1747647654060:,1747647661808
counter/7/0/0/0,5796:1747647654060:,1747647661808
counter/7/0/0/0,5797:1747647654064:,1747647661808
counter/7/0/0/0,5798:1747647654066:,1747647661808
counter/7/0/0/0,5799:1747647654066:,1747647661808
counter/7/0/0/0,5800:1747647654066:,1747647661808
counter/7/0/0/0,5801:1747647654066:,1747647661808
counter/7/0/0/0,5802:1747647654066:,1747647661809
counter/7/0/0/0,5803:1747647654066:,1747647661809
counter/7/0/0/0,5804:1747647654066:,1747647661809
counter/7/0/0/0,5805:1747647654066:,1747647661809
counter/7/0/0/0,5806:1747647654068:,1747647661809
counter/7/0/0/0,5807:1747647654081:,1747647661809
counter/7/0/0/0,5808:1747647654081:,1747647661809
counter/7/0/0/0,5809:1747647654082:,1747647661809
counter/7/0/0/0,5810:1747647654082:,1747647661809
counter/7/0/0/0,5811:1747647654082:,1747647661809
counter/7/0/0/0,5812:1747647654082:,1747647661809
counter/7/0/0/0,5813:1747647654082:,1747647661809
counter/7/0/0/0,5814:1747647654082:,1747647661809
counter/7/0/0/0,5815:1747647654082:,1747647661809
counter/7/0/0/0,5816:1747647654090:,1747647661809
counter/7/0/0/0,5817:1747647654090:,1747647661809
counter/7/0/0/0,5818:1747647654090:,1747647661809
counter/7/0/0/0,5819:1747647654090:,1747647661809
counter/7/0/0/0,5820:1747647654094:,1747647661809
counter/7/0/0/0,5821:1747647654094:,1747647661809
counter/7/0/0/0,5822:1747647654094:,1747647661810
counter/7/0/0/0,5823:1747647654094:,1747647661810
counter/7/0/0/0,5824:1747647654113:,1747647661810
counter/7/0/0/0,5825:1747647654116:,1747647661810
counter/7/0/0/0,5826:1747647654116:,1747647661810
counter/7/0/0/0,5827:1747647654116:,1747647661810
counter/7/0/0/0,5828:1747647654119:,1747647661810
counter/7/0/0/0,5829:1747647654120:,1747647661810
counter/7/0/0/0,5830:1747647654120:,1747647661810
counter/7/0/0/0,5831:1747647654120:,1747647661810
counter/7/0/0/0,5832:1747647654120:,1747647661810
counter/7/0/0/0,5833:1747647654120:,1747647661810
counter/7/0/0/0,5834:1747647654120:,1747647661810
counter/7/0/0/0,5835:1747647654120:,1747647661810
counter/8/0/0/0,6342:1747647654170:,1747647661810
counter/8/0/0/0,6343:1747647654170:,1747647661810
counter/8/0/0/0,6344:1747647654170:,1747647661810
counter/8/0/0/0,6345:1747647654170:,1747647661810
counter/1/0/0/0,6604:1747647654984:,1747647661811
counter/10/0/0/0,5847:1747647653988:,1747647661811
counter/9/0/0/0,6502:1747647654373:,1747647661811
counter/1/0/0/0,6605:1747647654984:,1747647661811
counter/9/0/0/0,6503:1747647654373:,1747647661811
counter/6/0/0/0,5424:1747647654137:,1747647661811
counter/2/0/0/0,5810:1747647653643:,1747647661811
counter/8/0/0/0,6346:1747647654170:,1747647661811
counter/8/0/0/0,6347:1747647654170:,1747647661811
counter/1/0/0/0,6606:1747647654984:,1747647661811
counter/10/0/0/0,5848:1747647653988:,1747647661811
counter/5/0/0/0,6164:1747647654213:,1747647661811
counter/6/0/0/0,5425:1747647654137:,1747647661811
counter/5/0/0/0,6165:1747647654213:,1747647661811
counter/8/0/0/0,6348:1747647654170:,1747647661812
counter/1/0/0/0,6607:1747647654985:,1747647661812
counter/8/0/0/0,6349:1747647654170:,1747647661812
counter/8/0/0/0,6350:1747647654170:,1747647661812
counter/2/0/0/0,5811:1747647653643:,1747647661812
counter/6/0/0/0,5426:1747647654137:,1747647661812
counter/10/0/0/0,5849:1747647653988:,1747647661814
counter/10/0/0/0,5850:1747647653988:,1747647661815
counter/10/0/0/0,5851:1747647653988:,1747647661815
counter/10/0/0/0,5852:1747647653988:,1747647661815
counter/10/0/0/0,5853:1747647653988:,1747647661815
counter/10/0/0/0,5854:1747647653996:,1747647661815
counter/10/0/0/0,5855:1747647653996:,1747647661815
counter/10/0/0/0,5856:1747647653996:,1747647661815
counter/10/0/0/0,5857:1747647653996:,1747647661815
counter/10/0/0/0,5858:1747647653996:,1747647661815
counter/10/0/0/0,5859:1747647653996:,1747647661815
counter/4/0/0/0,6356:1747647655057:,1747647661815
counter/4/0/0/0,6357:1747647655057:,1747647661815
counter/4/0/0/0,6358:1747647655057:,1747647661815
counter/4/0/0/0,6359:1747647655057:,1747647661815
counter/4/0/0/0,6360:1747647655057:,1747647661815
counter/4/0/0/0,6361:1747647655057:,1747647661815
counter/4/0/0/0,6362:1747647655058:,1747647661815
counter/4/0/0/0,6363:1747647655058:,1747647661815
counter/4/0/0/0,6364:1747647655058:,1747647661815
counter/4/0/0/0,6365:1747647655058:,1747647661815
counter/4/0/0/0,6366:1747647655058:,1747647661816
counter/4/0/0/0,6367:1747647655058:,1747647661816
counter/4/0/0/0,6368:1747647655058:,1747647661816
counter/4/0/0/0,6369:1747647655058:,1747647661816
counter/4/0/0/0,6370:1747647655058:,1747647661816
counter/4/0/0/0,6371:1747647655058:,1747647661816
counter/4/0/0/0,6372:1747647655058:,1747647661816
counter/4/0/0/0,6373:1747647655058:,1747647661816
counter/4/0/0/0,6374:1747647655058:,1747647661816
counter/4/0/0/0,6375:1747647655058:,1747647661816
counter/5/0/0/0,6166:1747647654213:,1747647661816
counter/5/0/0/0,6167:1747647654213:,1747647661816
counter/10/0/0/0,5860:1747647653996:,1747647661817
counter/8/0/0/0,6351:1747647654170:,1747647661817
counter/9/0/0/0,6504:1747647654373:,1747647661817
counter/3/0/0/0,6281:1747647654260:,1747647661817
counter/3/0/0/0,6282:1747647654260:,1747647661817
counter/1/0/0/0,6608:1747647654985:,1747647661817
counter/6/0/0/0,5427:1747647654137:,1747647661817
counter/7/0/0/0,5836:1747647654120:,1747647661817
counter/7/0/0/0,5837:1747647654120:,1747647661817
counter/7/0/0/0,5838:1747647654120:,1747647661817
counter/7/0/0/0,5839:1747647654120:,1747647661817
counter/7/0/0/0,5840:1747647654133:,1747647661817
counter/2/0/0/0,5812:1747647653643:,1747647661817
counter/2/0/0/0,5813:1747647653643:,1747647661817
counter/2/0/0/0,5814:1747647653643:,1747647661817
counter/5/0/0/0,6168:1747647654213:,1747647661817
counter/7/0/0/0,5841:1747647654133:,1747647661817
counter/7/0/0/0,5842:1747647654133:,1747647661817
counter/7/0/0/0,5843:1747647654133:,1747647661817
counter/7/0/0/0,5844:1747647654134:,1747647661817
counter/7/0/0/0,5845:1747647654134:,1747647661817
counter/7/0/0/0,5846:1747647654138:,1747647661817
counter/6/0/0/0,5428:1747647654137:,1747647661817
counter/6/0/0/0,5429:1747647654137:,1747647661817
counter/5/0/0/0,6169:1747647654213:,1747647661818
counter/5/0/0/0,6170:1747647654213:,1747647661818
counter/3/0/0/0,6283:1747647654260:,1747647661818
counter/9/0/0/0,6505:1747647654373:,1747647661818
counter/4/0/0/0,6376:1747647655058:,1747647661818
counter/5/0/0/0,6171:1747647654213:,1747647661819
counter/3/0/0/0,6284:1747647654260:,1747647661819
counter/9/0/0/0,6506:1747647654373:,1747647661819
counter/4/0/0/0,6377:1747647655058:,1747647661819
counter/10/0/0/0,5861:1747647653996:,1747647661819
counter/5/0/0/0,6172:1747647654213:,1747647661820
counter/3/0/0/0,6285:1747647654260:,1747647661820
counter/3/0/0/0,6286:1747647654260:,1747647661820
counter/3/0/0/0,6287:1747647654260:,1747647661820
counter/3/0/0/0,6288:1747647654260:,1747647661820
counter/1/0/0/0,6609:1747647654985:,1747647661820
counter/3/0/0/0,6289:1747647654260:,1747647661821
counter/3/0/0/0,6290:1747647654260:,1747647661821
counter/3/0/0/0,6291:1747647654260:,1747647661821
counter/3/0/0/0,6292:1747647654260:,1747647661821
counter/3/0/0/0,6293:1747647654261:,1747647661821
counter/2/0/0/0,5815:1747647653643:,1747647661821
counter/3/0/0/0,6294:1747647654262:,1747647661822
counter/2/0/0/0,5816:1747647653643:,1747647661822
counter/2/0/0/0,5817:1747647653644:,1747647661822
counter/2/0/0/0,5818:1747647653644:,1747647661822
counter/2/0/0/0,5819:1747647653644:,1747647661822
counter/2/0/0/0,5820:1747647653644:,1747647661822
counter/2/0/0/0,5821:1747647653644:,1747647661822
counter/2/0/0/0,5822:1747647653644:,1747647661822
counter/2/0/0/0,5823:1747647653644:,1747647661822
counter/2/0/0/0,5824:1747647653644:,1747647661822
counter/5/0/0/0,6173:1747647654213:,1747647661822
counter/3/0/0/0,6295:1747647654262:,1747647661822
counter/3/0/0/0,6296:1747647654262:,1747647661822
counter/3/0/0/0,6297:1747647654262:,1747647661822
counter/3/0/0/0,6298:1747647654262:,1747647661823
counter/3/0/0/0,6299:1747647654263:,1747647661823
counter/3/0/0/0,6300:1747647654263:,1747647661823
counter/3/0/0/0,6301:1747647654263:,1747647661823
counter/3/0/0/0,6302:1747647654263:,1747647661823
counter/3/0/0/0,6303:1747647654263:,1747647661823
counter/10/0/0/0,5862:1747647653996:,1747647661823
counter/5/0/0/0,6174:1747647654213:,1747647661823
counter/8/0/0/0,6352:1747647654170:,1747647661824
counter/8/0/0/0,6353:1747647654170:,1747647661824
counter/7/0/0/0,5847:1747647654138:,1747647661824
counter/2/0/0/0,5825:1747647653644:,1747647661824
counter/3/0/0/0,6304:1747647654263:,1747647661824
counter/2/0/0/0,5826:1747647653644:,1747647661824
counter/6/0/0/0,5430:1747647654137:,1747647661824
counter/7/0/0/0,5848:1747647654138:,1747647661824
counter/2/0/0/0,5827:1747647653644:,1747647661825
counter/7/0/0/0,5849:1747647654138:,1747647661825
counter/7/0/0/0,5850:1747647654138:,1747647661825
counter/7/0/0/0,5851:1747647654138:,1747647661825
counter/7/0/0/0,5852:1747647654138:,1747647661825
counter/7/0/0/0,5853:1747647654139:,1747647661825
counter/7/0/0/0,5854:1747647654146:,1747647661825
counter/7/0/0/0,5855:1747647654146:,1747647661825
counter/7/0/0/0,5856:1747647654146:,1747647661825
counter/8/0/0/0,6354:1747647654170:,1747647661826
counter/2/0/0/0,5828:1747647653648:,1747647661826
counter/5/0/0/0,6175:1747647654220:,1747647661826
counter/8/0/0/0,6355:1747647654170:,1747647661827
counter/9/0/0/0,6507:1747647654373:,1747647661827
counter/9/0/0/0,6508:1747647654373:,1747647661828
counter/9/0/0/0,6509:1747647654373:,1747647661828
counter/9/0/0/0,6510:1747647654377:,1747647661828
counter/5/0/0/0,6176:1747647654220:,1747647661829
counter/3/0/0/0,6305:1747647654263:,1747647661829
counter/10/0/0/0,5863:1747647653996:,1747647661830
counter/2/0/0/0,5829:1747647653648:,1747647661830
counter/2/0/0/0,5830:1747647653648:,1747647661830
counter/2/0/0/0,5831:1747647653648:,1747647661830
counter/2/0/0/0,5832:1747647653648:,1747647661830
counter/2/0/0/0,5833:1747647653648:,1747647661830
counter/2/0/0/0,5834:1747647653648:,1747647661830
counter/2/0/0/0,5835:1747647653648:,1747647661830
counter/5/0/0/0,6177:1747647654220:,1747647661830
counter/1/0/0/0,6610:1747647654985:,1747647661830
counter/8/0/0/0,6356:1747647654170:,1747647661831
counter/8/0/0/0,6357:1747647654170:,1747647661831
counter/7/0/0/0,5857:1747647654146:,1747647661831
counter/7/0/0/0,5858:1747647654146:,1747647661831
counter/7/0/0/0,5859:1747647654147:,1747647661831
counter/3/0/0/0,6306:1747647654263:,1747647661832
counter/2/0/0/0,5836:1747647653648:,1747647661832
counter/2/0/0/0,5837:1747647653648:,1747647661832
counter/2/0/0/0,5838:1747647653648:,1747647661833
counter/1/0/0/0,6611:1747647654985:,1747647661833
counter/1/0/0/0,6612:1747647654985:,1747647661833
counter/9/0/0/0,6511:1747647654377:,1747647661833
counter/9/0/0/0,6512:1747647654377:,1747647661833
counter/4/0/0/0,6378:1747647655058:,1747647661833
counter/1/0/0/0,6613:1747647654989:,1747647661833
counter/7/0/0/0,5860:1747647654147:,1747647661835
counter/2/0/0/0,5839:1747647653648:,1747647661835
counter/3/0/0/0,6307:1747647654263:,1747647661835
counter/9/0/0/0,6513:1747647654377:,1747647661836
counter/8/0/0/0,6358:1747647654170:,1747647661836
counter/5/0/0/0,6178:1747647654220:,1747647661836
counter/8/0/0/0,6359:1747647654170:,1747647661836
counter/8/0/0/0,6360:1747647654170:,1747647661836
counter/8/0/0/0,6361:1747647654170:,1747647661836
counter/8/0/0/0,6362:1747647654170:,1747647661836
counter/8/0/0/0,6363:1747647654170:,1747647661836
counter/8/0/0/0,6364:1747647654170:,1747647661837
counter/8/0/0/0,6365:1747647654170:,1747647661837
counter/8/0/0/0,6366:1747647654170:,1747647661837
counter/8/0/0/0,6367:1747647654170:,1747647661837
counter/1/0/0/0,6614:1747647654989:,1747647661837
counter/1/0/0/0,6615:1747647654989:,1747647661837
counter/1/0/0/0,6616:1747647654989:,1747647661837
counter/1/0/0/0,6617:1747647654990:,1747647661837
counter/1/0/0/0,6618:1747647654990:,1747647661837
counter/8/0/0/0,6368:1747647654171:,1747647661838
counter/8/0/0/0,6369:1747647654171:,1747647661838
counter/5/0/0/0,6179:1747647654220:,1747647661838
counter/5/0/0/0,6180:1747647654223:,1747647661838
counter/5/0/0/0,6181:1747647654223:,1747647661838
counter/3/0/0/0,6308:1747647654263:,1747647661838
counter/2/0/0/0,5840:1747647653648:,1747647661838
counter/10/0/0/0,5864:1747647653996:,1747647661838
counter/10/0/0/0,5865:1747647653996:,1747647661838
counter/4/0/0/0,6379:1747647655058:,1747647661838
counter/4/0/0/0,6380:1747647655058:,1747647661838
counter/4/0/0/0,6381:1747647655061:,1747647661838
counter/6/0/0/0,5431:1747647654139:,1747647661839
counter/6/0/0/0,5432:1747647654139:,1747647661839
counter/7/0/0/0,5861:1747647654147:,1747647661840
counter/1/0/0/0,6619:1747647654990:,1747647661841
counter/7/0/0/0,5862:1747647654147:,1747647661841
counter/7/0/0/0,5863:1747647654150:,1747647661842
counter/4/0/0/0,6382:1747647655061:,1747647661842
counter/5/0/0/0,6182:1747647654223:,1747647661844
counter/10/0/0/0,5866:1747647653997:,1747647661845
counter/10/0/0/0,5867:1747647653997:,1747647661845
counter/10/0/0/0,5868:1747647653997:,1747647661845
counter/10/0/0/0,5869:1747647653997:,1747647661845
counter/10/0/0/0,5870:1747647653997:,1747647661845
counter/10/0/0/0,5871:1747647653997:,1747647661845
counter/10/0/0/0,5872:1747647653997:,1747647661845
counter/10/0/0/0,5873:1747647653997:,1747647661845
counter/10/0/0/0,5874:1747647653997:,1747647661845
counter/10/0/0/0,5875:1747647653997:,1747647661845
counter/10/0/0/0,5876:1747647653997:,1747647661845
counter/10/0/0/0,5877:1747647653997:,1747647661845
counter/10/0/0/0,5878:1747647653997:,1747647661845
counter/2/0/0/0,5841:1747647653648:,1747647661845
counter/3/0/0/0,6309:1747647654263:,1747647661845
counter/3/0/0/0,6310:1747647654263:,1747647661845
counter/2/0/0/0,5842:1747647653648:,1747647661846
counter/7/0/0/0,5864:1747647654150:,1747647661848
counter/1/0/0/0,6620:1747647654990:,1747647661849
counter/1/0/0/0,6621:1747647654990:,1747647661849
counter/10/0/0/0,5879:1747647653997:,1747647661849
counter/8/0/0/0,6370:1747647654171:,1747647661849
counter/8/0/0/0,6371:1747647654171:,1747647661849
counter/8/0/0/0,6372:1747647654171:,1747647661849
counter/8/0/0/0,6373:1747647654171:,1747647661849
counter/8/0/0/0,6374:1747647654171:,1747647661850
counter/8/0/0/0,6375:1747647654171:,1747647661850
counter/7/0/0/0,5865:1747647654150:,1747647661850
counter/8/0/0/0,6376:1747647654171:,1747647661850
counter/5/0/0/0,6183:1747647654223:,1747647661850
counter/8/0/0/0,6377:1747647654171:,1747647661850
counter/7/0/0/0,5866:1747647654150:,1747647661852
counter/8/0/0/0,6378:1747647654172:,1747647661852
counter/8/0/0/0,6379:1747647654172:,1747647661852
counter/8/0/0/0,6380:1747647654172:,1747647661852
counter/8/0/0/0,6381:1747647654172:,1747647661852
counter/8/0/0/0,6382:1747647654172:,1747647661852
counter/8/0/0/0,6383:1747647654172:,1747647661852
counter/8/0/0/0,6384:1747647654172:,1747647661852
counter/8/0/0/0,6385:1747647654172:,1747647661852
counter/8/0/0/0,6386:1747647654172:,1747647661852
counter/8/0/0/0,6387:1747647654172:,1747647661852
counter/8/0/0/0,6388:1747647654172:,1747647661853
counter/8/0/0/0,6389:1747647654172:,1747647661853
counter/8/0/0/0,6390:1747647654179:,1747647661853
counter/8/0/0/0,6391:1747647654180:,1747647661853
counter/8/0/0/0,6392:1747647654181:,1747647661853
counter/8/0/0/0,6393:1747647654181:,1747647661853
counter/8/0/0/0,6394:1747647654181:,1747647661853
counter/8/0/0/0,6395:1747647654181:,1747647661853
counter/2/0/0/0,5843:1747647653648:,1747647661853
counter/8/0/0/0,6396:1747647654181:,1747647661853
counter/8/0/0/0,6397:1747647654181:,1747647661853
counter/8/0/0/0,6398:1747647654181:,1747647661853
counter/8/0/0/0,6399:1747647654181:,1747647661853
counter/8/0/0/0,6400:1747647654182:,1747647661853
counter/8/0/0/0,6401:1747647654182:,1747647661853
counter/8/0/0/0,6402:1747647654182:,1747647661853
counter/8/0/0/0,6403:1747647654182:,1747647661853
counter/8/0/0/0,6404:1747647654182:,1747647661853
counter/8/0/0/0,6405:1747647654182:,1747647661853
counter/8/0/0/0,6406:1747647654182:,1747647661853
counter/8/0/0/0,6407:1747647654182:,1747647661853
counter/8/0/0/0,6408:1747647654182:,1747647661853
counter/8/0/0/0,6409:1747647654183:,1747647661853
counter/8/0/0/0,6410:1747647654183:,1747647661853
counter/8/0/0/0,6411:1747647654183:,1747647661854
counter/8/0/0/0,6412:1747647654183:,1747647661854
counter/1/0/0/0,6622:1747647654990:,1747647661854
counter/9/0/0/0,6514:1747647654377:,1747647661854
counter/3/0/0/0,6311:1747647654263:,1747647661854
counter/8/0/0/0,6413:1747647654183:,1747647661855
counter/8/0/0/0,6414:1747647654183:,1747647661855
counter/8/0/0/0,6415:1747647654190:,1747647661855
counter/8/0/0/0,6416:1747647654190:,1747647661855
counter/8/0/0/0,6417:1747647654190:,1747647661855
counter/8/0/0/0,6418:1747647654190:,1747647661855
counter/8/0/0/0,6419:1747647654191:,1747647661855
counter/6/0/0/0,5433:1747647654139:,1747647661855
counter/8/0/0/0,6420:1747647654191:,1747647661855
counter/4/0/0/0,6383:1747647655061:,1747647661855
counter/4/0/0/0,6384:1747647655061:,1747647661855
counter/4/0/0/0,6385:1747647655061:,1747647661855
counter/4/0/0/0,6386:1747647655061:,1747647661855
counter/4/0/0/0,6387:1747647655061:,1747647661855
counter/7/0/0/0,5867:1747647654150:,1747647661855
counter/8/0/0/0,6421:1747647654191:,1747647661856
counter/8/0/0/0,6422:1747647654210:,1747647661856
counter/8/0/0/0,6423:1747647654210:,1747647661856
counter/8/0/0/0,6424:1747647654210:,1747647661856
counter/8/0/0/0,6425:1747647654210:,1747647661856
counter/8/0/0/0,6426:1747647654210:,1747647661856
counter/8/0/0/0,6427:1747647654210:,1747647661856
counter/8/0/0/0,6428:1747647654210:,1747647661856
counter/8/0/0/0,6429:1747647654210:,1747647661856
counter/8/0/0/0,6430:1747647654210:,1747647661856
counter/8/0/0/0,6431:1747647654210:,1747647661856
counter/1/0/0/0,6623:1747647654990:,1747647661857
counter/1/0/0/0,6624:1747647654990:,1747647661858
counter/1/0/0/0,6625:1747647654990:,1747647661858
counter/1/0/0/0,6626:1747647654990:,1747647661859
counter/1/0/0/0,6627:1747647654990:,1747647661861
counter/5/0/0/0,6184:1747647654223:,1747647661861
counter/1/0/0/0,6628:1747647654991:,1747647661861
counter/5/0/0/0,6185:1747647654224:,1747647661861
counter/1/0/0/0,6629:1747647654991:,1747647661861
counter/5/0/0/0,6186:1747647654224:,1747647661861
counter/1/0/0/0,6630:1747647654991:,1747647661861
counter/5/0/0/0,6187:1747647654224:,1747647661861
counter/2/0/0/0,5844:1747647653648:,1747647661861
counter/5/0/0/0,6188:1747647654224:,1747647661862
counter/2/0/0/0,5845:1747647653648:,1747647661862
counter/10/0/0/0,5880:1747647653997:,1747647661862
counter/5/0/0/0,6189:1747647654224:,1747647661862
counter/6/0/0/0,5434:1747647654139:,1747647661862
counter/7/0/0/0,5868:1747647654150:,1747647661862
counter/5/0/0/0,6190:1747647654224:,1747647661862
counter/3/0/0/0,6312:1747647654263:,1747647661862
counter/3/0/0/0,6313:1747647654268:,1747647661862
counter/3/0/0/0,6314:1747647654268:,1747647661862
counter/8/0/0/0,6432:1747647654210:,1747647661862
counter/3/0/0/0,6315:1747647654268:,1747647661862
counter/9/0/0/0,6515:1747647654377:,1747647661862
counter/4/0/0/0,6388:1747647655061:,1747647661862
counter/9/0/0/0,6516:1747647654377:,1747647661862
counter/1/0/0/0,6631:1747647654991:,1747647661862
counter/1/0/0/0,6632:1747647654991:,1747647661862
counter/1/0/0/0,6633:1747647654991:,1747647661863
counter/1/0/0/0,6634:1747647655008:,1747647661863
counter/1/0/0/0,6635:1747647655008:,1747647661863
counter/1/0/0/0,6636:1747647655008:,1747647661863
counter/1/0/0/0,6637:1747647655008:,1747647661863
counter/1/0/0/0,6638:1747647655008:,1747647661863
counter/1/0/0/0,6639:1747647655010:,1747647661863
counter/1/0/0/0,6640:1747647655010:,1747647661863
counter/1/0/0/0,6641:1747647655010:,1747647661863
counter/3/0/0/0,6316:1747647654268:,1747647661863
counter/1/0/0/0,6642:1747647655010:,1747647661864
counter/3/0/0/0,6317:1747647654268:,1747647661864
counter/4/0/0/0,6389:1747647655061:,1747647661864
counter/1/0/0/0,6643:1747647655010:,1747647661864
counter/3/0/0/0,6318:1747647654268:,1747647661864
counter/3/0/0/0,6319:1747647654268:,1747647661864
counter/7/0/0/0,5869:1747647654150:,1747647661864
counter/7/0/0/0,5870:1747647654150:,1747647661864
counter/7/0/0/0,5871:1747647654150:,1747647661864
counter/7/0/0/0,5872:1747647654150:,1747647661864
counter/7/0/0/0,5873:1747647654150:,1747647661864
counter/7/0/0/0,5874:1747647654150:,1747647661864
counter/7/0/0/0,5875:1747647654153:,1747647661864
counter/7/0/0/0,5876:1747647654154:,1747647661864
counter/7/0/0/0,5877:1747647654154:,1747647661864
counter/7/0/0/0,5878:1747647654154:,1747647661864
counter/7/0/0/0,5879:1747647654154:,1747647661864
counter/7/0/0/0,5880:1747647654154:,1747647661864
counter/7/0/0/0,5881:1747647654154:,1747647661864
counter/5/0/0/0,6191:1747647654224:,1747647661864
counter/5/0/0/0,6192:1747647654224:,1747647661864
counter/5/0/0/0,6193:1747647654224:,1747647661864
counter/5/0/0/0,6194:1747647654224:,1747647661864
counter/5/0/0/0,6195:1747647654246:,1747647661865
counter/5/0/0/0,6196:1747647654246:,1747647661865
counter/5/0/0/0,6197:1747647654246:,1747647661865
counter/5/0/0/0,6198:1747647654246:,1747647661865
counter/5/0/0/0,6199:1747647654246:,1747647661865
counter/5/0/0/0,6200:1747647654246:,1747647661865
counter/5/0/0/0,6201:1747647654246:,1747647661865
counter/5/0/0/0,6202:1747647654246:,1747647661865
counter/5/0/0/0,6203:1747647654249:,1747647661865
counter/8/0/0/0,6433:1747647654210:,1747647661865
counter/8/0/0/0,6434:1747647654210:,1747647661865
counter/3/0/0/0,6320:1747647654268:,1747647661865
counter/8/0/0/0,6435:1747647654210:,1747647661865
counter/8/0/0/0,6436:1747647654210:,1747647661865
counter/9/0/0/0,6517:1747647654378:,1747647661866
counter/8/0/0/0,6437:1747647654211:,1747647661866
counter/6/0/0/0,5435:1747647654139:,1747647661866
counter/8/0/0/0,6438:1747647654211:,1747647661866
counter/8/0/0/0,6439:1747647654211:,1747647661866
counter/5/0/0/0,6204:1747647654254:,1747647661866
counter/1/0/0/0,6644:1747647655010:,1747647661866
counter/9/0/0/0,6518:1747647654378:,1747647661866
counter/6/0/0/0,5436:1747647654139:,1747647661866
counter/5/0/0/0,6205:1747647654254:,1747647661866
counter/1/0/0/0,6645:1747647655010:,1747647661866
counter/5/0/0/0,6206:1747647654254:,1747647661866
counter/1/0/0/0,6646:1747647655010:,1747647661866
counter/1/0/0/0,6647:1747647655010:,1747647661866
counter/1/0/0/0,6648:1747647655010:,1747647661866
counter/1/0/0/0,6649:1747647655010:,1747647661866
counter/3/0/0/0,6321:1747647654268:,1747647661866
counter/3/0/0/0,6322:1747647654273:,1747647661866
counter/3/0/0/0,6323:1747647654273:,1747647661866
counter/3/0/0/0,6324:1747647654273:,1747647661866
counter/3/0/0/0,6325:1747647654273:,1747647661866
counter/8/0/0/0,6440:1747647654214:,1747647661866
counter/6/0/0/0,5437:1747647654139:,1747647661867
counter/8/0/0/0,6441:1747647654214:,1747647661867
counter/6/0/0/0,5438:1747647654139:,1747647661867
counter/8/0/0/0,6442:1747647654214:,1747647661867
counter/10/0/0/0,5881:1747647653997:,1747647661867
counter/5/0/0/0,6207:1747647654254:,1747647661867
counter/5/0/0/0,6208:1747647654254:,1747647661867
counter/5/0/0/0,6209:1747647654254:,1747647661867
counter/5/0/0/0,6210:1747647654254:,1747647661867
counter/3/0/0/0,6326:1747647654273:,1747647661867
counter/3/0/0/0,6327:1747647654273:,1747647661867
counter/3/0/0/0,6328:1747647654273:,1747647661867
counter/3/0/0/0,6329:1747647654273:,1747647661867
counter/3/0/0/0,6330:1747647654273:,1747647661867
counter/3/0/0/0,6331:1747647654281:,1747647661867
counter/3/0/0/0,6332:1747647654281:,1747647661868
counter/3/0/0/0,6333:1747647654281:,1747647661868
counter/3/0/0/0,6334:1747647654282:,1747647661868
counter/3/0/0/0,6335:1747647654282:,1747647661868
counter/10/0/0/0,5882:1747647653997:,1747647661868
counter/7/0/0/0,5882:1747647654154:,1747647661868
counter/7/0/0/0,5883:1747647654154:,1747647661868
counter/7/0/0/0,5884:1747647654154:,1747647661868
counter/7/0/0/0,5885:1747647654169:,1747647661868
counter/7/0/0/0,5886:1747647654169:,1747647661868
counter/7/0/0/0,5887:1747647654169:,1747647661868
counter/7/0/0/0,5888:1747647654173:,1747647661868
counter/7/0/0/0,5889:1747647654173:,1747647661868
counter/7/0/0/0,5890:1747647654173:,1747647661868
counter/8/0/0/0,6443:1747647654214:,1747647661868
counter/3/0/0/0,6336:1747647654282:,1747647661868
counter/3/0/0/0,6337:1747647654282:,1747647661868
counter/3/0/0/0,6338:1747647654282:,1747647661868
counter/3/0/0/0,6339:1747647654282:,1747647661868
counter/3/0/0/0,6340:1747647654283:,1747647661868
counter/3/0/0/0,6341:1747647654283:,1747647661868
counter/10/0/0/0,5883:1747647653997:,1747647661868
counter/5/0/0/0,6211:1747647654254:,1747647661868
counter/5/0/0/0,6212:1747647654254:,1747647661868
counter/5/0/0/0,6213:1747647654254:,1747647661868
counter/5/0/0/0,6214:1747647654254:,1747647661868
counter/4/0/0/0,6390:1747647655061:,1747647661868
counter/9/0/0/0,6519:1747647654378:,1747647661868
counter/6/0/0/0,5439:1747647654139:,1747647661868
counter/1/0/0/0,6650:1747647655010:,1747647661869
counter/9/0/0/0,6520:1747647654378:,1747647661869
counter/2/0/0/0,5846:1747647653648:,1747647661869
counter/10/0/0/0,5884:1747647653997:,1747647661869
counter/10/0/0/0,5885:1747647653997:,1747647661869
counter/10/0/0/0,5886:1747647653997:,1747647661869
counter/10/0/0/0,5887:1747647653997:,1747647661869
counter/9/0/0/0,6521:1747647654378:,1747647661869
counter/9/0/0/0,6522:1747647654378:,1747647661869
counter/9/0/0/0,6523:1747647654378:,1747647661869
counter/9/0/0/0,6524:1747647654378:,1747647661869
counter/7/0/0/0,5891:1747647654173:,1747647661869
counter/8/0/0/0,6444:1747647654214:,1747647661869
counter/8/0/0/0,6445:1747647654214:,1747647661869
counter/3/0/0/0,6342:1747647654283:,1747647661869
counter/8/0/0/0,6446:1747647654214:,1747647661870
counter/3/0/0/0,6343:1747647654283:,1747647661870
counter/8/0/0/0,6447:1747647654214:,1747647661870
counter/8/0/0/0,6448:1747647654214:,1747647661870
counter/8/0/0/0,6449:1747647654214:,1747647661870
counter/8/0/0/0,6450:1747647654215:,1747647661870
counter/8/0/0/0,6451:1747647654215:,1747647661870
counter/6/0/0/0,5440:1747647654144:,1747647661870
counter/2/0/0/0,5847:1747647653648:,1747647661871
counter/2/0/0/0,5848:1747647653649:,1747647661871
counter/7/0/0/0,5892:1747647654173:,1747647661871
counter/7/0/0/0,5893:1747647654173:,1747647661871
counter/7/0/0/0,5894:1747647654173:,1747647661871
counter/7/0/0/0,5895:1747647654173:,1747647661871
counter/5/0/0/0,6215:1747647654254:,1747647661871
counter/1/0/0/0,6651:1747647655010:,1747647661871
counter/8/0/0/0,6452:1747647654215:,1747647661871
counter/8/0/0/0,6453:1747647654215:,1747647661871
counter/8/0/0/0,6454:1747647654215:,1747647661871
counter/4/0/0/0,6391:1747647655061:,1747647661871
counter/5/0/0/0,6216:1747647654255:,1747647661872
counter/5/0/0/0,6217:1747647654261:,1747647661872
counter/5/0/0/0,6218:1747647654261:,1747647661872
counter/5/0/0/0,6219:1747647654261:,1747647661872
counter/5/0/0/0,6220:1747647654261:,1747647661872
counter/1/0/0/0,6652:1747647655010:,1747647661873
counter/1/0/0/0,6653:1747647655013:,1747647661873
counter/1/0/0/0,6654:1747647655013:,1747647661873
counter/1/0/0/0,6655:1747647655013:,1747647661873
counter/1/0/0/0,6656:1747647655013:,1747647661873
counter/5/0/0/0,6221:1747647654261:,1747647661874
counter/1/0/0/0,6657:1747647655013:,1747647661874
counter/8/0/0/0,6455:1747647654215:,1747647661874
counter/4/0/0/0,6392:1747647655061:,1747647661874
counter/8/0/0/0,6456:1747647654216:,1747647661874
counter/8/0/0/0,6457:1747647654216:,1747647661875
counter/8/0/0/0,6458:1747647654216:,1747647661875
counter/8/0/0/0,6459:1747647654216:,1747647661876
counter/8/0/0/0,6460:1747647654216:,1747647661876
counter/8/0/0/0,6461:1747647654216:,1747647661876
counter/8/0/0/0,6462:1747647654216:,1747647661876
counter/8/0/0/0,6463:1747647654217:,1747647661876
counter/8/0/0/0,6464:1747647654217:,1747647661876
counter/8/0/0/0,6465:1747647654220:,1747647661876
counter/8/0/0/0,6466:1747647654220:,1747647661876
counter/8/0/0/0,6467:1747647654220:,1747647661876
counter/8/0/0/0,6468:1747647654220:,1747647661876
counter/8/0/0/0,6469:1747647654220:,1747647661876
counter/7/0/0/0,5896:1747647654173:,1747647661876
counter/10/0/0/0,5888:1747647653997:,1747647661877
counter/5/0/0/0,6222:1747647654261:,1747647661877
counter/10/0/0/0,5889:1747647653997:,1747647661877
counter/9/0/0/0,6525:1747647654378:,1747647661877
counter/9/0/0/0,6526:1747647654379:,1747647661877
counter/9/0/0/0,6527:1747647654382:,1747647661877
counter/9/0/0/0,6528:1747647654382:,1747647661877
counter/9/0/0/0,6529:1747647654382:,1747647661877
counter/9/0/0/0,6530:1747647654382:,1747647661877
counter/9/0/0/0,6531:1747647654384:,1747647661877
counter/9/0/0/0,6532:1747647654384:,1747647661877
counter/9/0/0/0,6533:1747647654384:,1747647661877
counter/9/0/0/0,6534:1747647654394:,1747647661877
counter/9/0/0/0,6535:1747647654394:,1747647661877
counter/9/0/0/0,6536:1747647654394:,1747647661877
counter/9/0/0/0,6537:1747647654396:,1747647661877
counter/9/0/0/0,6538:1747647654396:,1747647661877
counter/9/0/0/0,6539:1747647654396:,1747647661877
counter/4/0/0/0,6393:1747647655061:,1747647661877
counter/9/0/0/0,6540:1747647654396:,1747647661877
counter/10/0/0/0,5890:1747647653997:,1747647661877
counter/5/0/0/0,6223:1747647654261:,1747647661877
counter/6/0/0/0,5441:1747647654144:,1747647661877
counter/4/0/0/0,6394:1747647655061:,1747647661878
counter/2/0/0/0,5849:1747647653649:,1747647661878
counter/3/0/0/0,6344:1747647654283:,1747647661878
counter/3/0/0/0,6345:1747647654283:,1747647661878
counter/3/0/0/0,6346:1747647654283:,1747647661878
counter/3/0/0/0,6347:1747647654291:,1747647661878
counter/3/0/0/0,6348:1747647654291:,1747647661878
counter/3/0/0/0,6349:1747647654291:,1747647661878
counter/3/0/0/0,6350:1747647654291:,1747647661878
counter/1/0/0/0,6658:1747647655013:,1747647661878
counter/10/0/0/0,5891:1747647653997:,1747647661878
counter/10/0/0/0,5892:1747647653997:,1747647661878
counter/10/0/0/0,5893:1747647653997:,1747647661878
counter/4/0/0/0,6395:1747647655069:,1747647661878
counter/2/0/0/0,5850:1747647653649:,1747647661878
counter/4/0/0/0,6396:1747647655069:,1747647661879
counter/8/0/0/0,6470:1747647654220:,1747647661879
counter/2/0/0/0,5851:1747647653649:,1747647661879
counter/3/0/0/0,6351:1747647654291:,1747647661879
counter/3/0/0/0,6352:1747647654291:,1747647661879
counter/3/0/0/0,6353:1747647654291:,1747647661879
counter/3/0/0/0,6354:1747647654299:,1747647661879
counter/5/0/0/0,6224:1747647654262:,1747647661879
counter/8/0/0/0,6471:1747647654220:,1747647661880
counter/8/0/0/0,6472:1747647654220:,1747647661880
counter/8/0/0/0,6473:1747647654220:,1747647661880
counter/8/0/0/0,6474:1747647654220:,1747647661880
counter/7/0/0/0,5897:1747647654173:,1747647661880
counter/8/0/0/0,6475:1747647654220:,1747647661881
counter/9/0/0/0,6541:1747647654396:,1747647661881
counter/8/0/0/0,6476:1747647654220:,1747647661881
counter/9/0/0/0,6542:1747647654396:,1747647661882
counter/8/0/0/0,6477:1747647654220:,1747647661882
counter/9/0/0/0,6543:1747647654397:,1747647661882
counter/8/0/0/0,6478:1747647654231:,1747647661883
counter/9/0/0/0,6544:1747647654397:,1747647661883
counter/8/0/0/0,6479:1747647654235:,1747647661884
counter/8/0/0/0,6480:1747647654235:,1747647661884
counter/5/0/0/0,6225:1747647654263:,1747647661884
counter/5/0/0/0,6226:1747647654263:,1747647661884
counter/5/0/0/0,6227:1747647654263:,1747647661884
counter/5/0/0/0,6228:1747647654264:,1747647661884
counter/5/0/0/0,6229:1747647654264:,1747647661884
counter/6/0/0/0,5442:1747647654144:,1747647661884
counter/6/0/0/0,5443:1747647654144:,1747647661884
counter/6/0/0/0,5444:1747647654144:,1747647661884
counter/1/0/0/0,6659:1747647655013:,1747647661885
counter/7/0/0/0,5898:1747647654173:,1747647661885
counter/4/0/0/0,6397:1747647655069:,1747647661885
counter/6/0/0/0,5445:1747647654144:,1747647661885
counter/6/0/0/0,5446:1747647654146:,1747647661885
counter/6/0/0/0,5447:1747647654146:,1747647661885
counter/6/0/0/0,5448:1747647654146:,1747647661885
counter/6/0/0/0,5449:1747647654146:,1747647661885
counter/2/0/0/0,5852:1747647653649:,1747647661886
counter/2/0/0/0,5853:1747647653649:,1747647661886
counter/2/0/0/0,5854:1747647653649:,1747647661886
counter/2/0/0/0,5855:1747647653650:,1747647661886
counter/2/0/0/0,5856:1747647653650:,1747647661886
counter/2/0/0/0,5857:1747647653650:,1747647661886
counter/2/0/0/0,5858:1747647653650:,1747647661886
counter/2/0/0/0,5859:1747647653650:,1747647661886
counter/2/0/0/0,5860:1747647653650:,1747647661887
counter/2/0/0/0,5861:1747647653650:,1747647661887
counter/7/0/0/0,5899:1747647654173:,1747647661891
counter/1/0/0/0,6660:1747647655013:,1747647661891
counter/1/0/0/0,6661:1747647655013:,1747647661891
counter/3/0/0/0,6355:1747647654299:,1747647661891
counter/5/0/0/0,6230:1747647654264:,1747647661892
counter/5/0/0/0,6231:1747647654267:,1747647661892
counter/5/0/0/0,6232:1747647654267:,1747647661892
counter/5/0/0/0,6233:1747647654267:,1747647661892
counter/5/0/0/0,6234:1747647654267:,1747647661892
counter/5/0/0/0,6235:1747647654267:,1747647661892
counter/8/0/0/0,6481:1747647654235:,1747647661892
counter/1/0/0/0,6662:1747647655014:,1747647661892
counter/7/0/0/0,5900:1747647654173:,1747647661893
counter/7/0/0/0,5901:1747647654173:,1747647661893
counter/7/0/0/0,5902:1747647654173:,1747647661893
counter/1/0/0/0,6663:1747647655019:,1747647661893
counter/7/0/0/0,5903:1747647654173:,1747647661893
counter/7/0/0/0,5904:1747647654173:,1747647661893
counter/7/0/0/0,5905:1747647654174:,1747647661894
counter/7/0/0/0,5906:1747647654174:,1747647661894
counter/7/0/0/0,5907:1747647654174:,1747647661894
counter/1/0/0/0,6664:1747647655019:,1747647661894
counter/7/0/0/0,5908:1747647654174:,1747647661894
counter/2/0/0/0,5862:1747647653650:,1747647661895
counter/2/0/0/0,5863:1747647653650:,1747647661895
counter/2/0/0/0,5864:1747647653650:,1747647661895
counter/1/0/0/0,6665:1747647655019:,1747647661895
counter/1/0/0/0,6666:1747647655019:,1747647661895
counter/1/0/0/0,6667:1747647655019:,1747647661895
counter/8/0/0/0,6482:1747647654235:,1747647661896
counter/8/0/0/0,6483:1747647654235:,1747647661896
counter/8/0/0/0,6484:1747647654235:,1747647661896
counter/8/0/0/0,6485:1747647654235:,1747647661896
counter/1/0/0/0,6668:1747647655020:,1747647661896
counter/9/0/0/0,6545:1747647654397:,1747647661897
counter/9/0/0/0,6546:1747647654397:,1747647661897
counter/3/0/0/0,6356:1747647654299:,1747647661897
counter/3/0/0/0,6357:1747647654299:,1747647661897
counter/2/0/0/0,5865:1747647653650:,1747647661897
counter/2/0/0/0,5866:1747647653650:,1747647661897
counter/2/0/0/0,5867:1747647653650:,1747647661897
counter/2/0/0/0,5868:1747647653650:,1747647661897
counter/2/0/0/0,5869:1747647653650:,1747647661897
counter/2/0/0/0,5870:1747647653650:,1747647661897
counter/2/0/0/0,5871:1747647653650:,1747647661897
counter/2/0/0/0,5872:1747647653650:,1747647661897
counter/4/0/0/0,6398:1747647655069:,1747647661897
counter/8/0/0/0,6486:1747647654235:,1747647661897
counter/8/0/0/0,6487:1747647654235:,1747647661897
counter/8/0/0/0,6488:1747647654235:,1747647661898
counter/8/0/0/0,6489:1747647654235:,1747647661898
counter/8/0/0/0,6490:1747647654235:,1747647661898
counter/8/0/0/0,6491:1747647654235:,1747647661898
counter/8/0/0/0,6492:1747647654235:,1747647661898
counter/8/0/0/0,6493:1747647654235:,1747647661898
counter/8/0/0/0,6494:1747647654235:,1747647661898
counter/8/0/0/0,6495:1747647654235:,1747647661898
counter/8/0/0/0,6496:1747647654235:,1747647661898
counter/8/0/0/0,6497:1747647654235:,1747647661898
counter/4/0/0/0,6399:1747647655069:,1747647661898
counter/1/0/0/0,6669:1747647655021:,1747647661898
counter/5/0/0/0,6236:1747647654267:,1747647661898
counter/2/0/0/0,5873:1747647653650:,1747647661898
counter/9/0/0/0,6547:1747647654397:,1747647661899
counter/8/0/0/0,6498:1747647654235:,1747647661900
counter/8/0/0/0,6499:1747647654236:,1747647661900
counter/2/0/0/0,5874:1747647653650:,1747647661900
counter/5/0/0/0,6237:1747647654267:,1747647661900
counter/6/0/0/0,5450:1747647654146:,1747647661901
counter/2/0/0/0,5875:1747647653650:,1747647661901
counter/5/0/0/0,6238:1747647654267:,1747647661901
counter/3/0/0/0,6358:1747647654299:,1747647661901
counter/8/0/0/0,6500:1747647654236:,1747647661901
counter/8/0/0/0,6501:1747647654236:,1747647661901
counter/8/0/0/0,6502:1747647654236:,1747647661901
counter/7/0/0/0,5909:1747647654174:,1747647661901
counter/9/0/0/0,6548:1747647654397:,1747647662354
counter/8/0/0/0,6503:1747647654236:,1747647662354
counter/7/0/0/0,5910:1747647654174:,1747647662354
counter/8/0/0/0,6504:1747647654236:,1747647662354
counter/10/0/0/0,5894:1747647653999:,1747647662354
counter/10/0/0/0,5895:1747647653999:,1747647662355
counter/10/0/0/0,5896:1747647653999:,1747647662355
counter/6/0/0/0,5451:1747647654147:,1747647662355
counter/2/0/0/0,5876:1747647653650:,1747647662355
counter/4/0/0/0,6400:1747647655072:,1747647662355
counter/4/0/0/0,6401:1747647655072:,1747647662356
counter/4/0/0/0,6402:1747647655072:,1747647662356
counter/4/0/0/0,6403:1747647655072:,1747647662356
counter/4/0/0/0,6404:1747647655075:,1747647662356
counter/4/0/0/0,6405:1747647655075:,1747647662356
counter/4/0/0/0,6406:1747647655075:,1747647662356
counter/4/0/0/0,6407:1747647655075:,1747647662356
counter/4/0/0/0,6408:1747647655075:,1747647662356
counter/4/0/0/0,6409:1747647655075:,1747647662356
counter/4/0/0/0,6410:1747647655075:,1747647662356
counter/4/0/0/0,6411:1747647655083:,1747647662357
counter/4/0/0/0,6412:1747647655083:,1747647662357
counter/8/0/0/0,6505:1747647654236:,1747647662357
counter/4/0/0/0,6413:1747647655083:,1747647662357
counter/1/0/0/0,6670:1747647655021:,1747647662357
counter/9/0/0/0,6549:1747647654407:,1747647662357
counter/9/0/0/0,6550:1747647654407:,1747647662357
counter/3/0/0/0,6359:1747647654299:,1747647662357
counter/3/0/0/0,6360:1747647654299:,1747647662357
counter/6/0/0/0,5452:1747647654147:,1747647662357
counter/5/0/0/0,6239:1747647654267:,1747647662357
counter/6/0/0/0,5453:1747647654147:,1747647662357
counter/4/0/0/0,6414:1747647655083:,1747647662357
counter/8/0/0/0,6506:1747647654236:,1747647662357
counter/9/0/0/0,6551:1747647654407:,1747647662358
counter/3/0/0/0,6361:1747647654299:,1747647662359
counter/3/0/0/0,6362:1747647654299:,1747647662359
counter/3/0/0/0,6363:1747647654323:,1747647662359
counter/3/0/0/0,6364:1747647654323:,1747647662359
counter/3/0/0/0,6365:1747647654323:,1747647662359
counter/3/0/0/0,6366:1747647654323:,1747647662359
counter/3/0/0/0,6367:1747647654323:,1747647662360
counter/3/0/0/0,6368:1747647654324:,1747647662360
counter/3/0/0/0,6369:1747647654324:,1747647662360
counter/3/0/0/0,6370:1747647654324:,1747647662360
counter/3/0/0/0,6371:1747647654324:,1747647662360
counter/3/0/0/0,6372:1747647654324:,1747647662360
counter/7/0/0/0,5911:1747647654174:,1747647662360
counter/7/0/0/0,5912:1747647654180:,1747647662360
counter/7/0/0/0,5913:1747647654180:,1747647662360
counter/6/0/0/0,5454:1747647654147:,1747647662360
counter/7/0/0/0,5914:1747647654180:,1747647662360
counter/4/0/0/0,6415:1747647655083:,1747647662360
counter/7/0/0/0,5915:1747647654180:,1747647662360
counter/4/0/0/0,6416:1747647655083:,1747647662360
counter/7/0/0/0,5916:1747647654180:,1747647662361
counter/3/0/0/0,6373:1747647654326:,1747647662361
counter/3/0/0/0,6374:1747647654326:,1747647662361
counter/3/0/0/0,6375:1747647654326:,1747647662361
counter/8/0/0/0,6507:1747647654236:,1747647662361
counter/2/0/0/0,5877:1747647653650:,1747647662361
counter/2/0/0/0,5878:1747647653650:,1747647662361
counter/2/0/0/0,5879:1747647653650:,1747647662361
counter/2/0/0/0,5880:1747647653650:,1747647662361
counter/2/0/0/0,5881:1747647653650:,1747647662361
counter/9/0/0/0,6552:1747647654407:,1747647662361
counter/2/0/0/0,5882:1747647653650:,1747647662362
counter/2/0/0/0,5883:1747647653650:,1747647662362
counter/5/0/0/0,6240:1747647654267:,1747647662362
counter/2/0/0/0,5884:1747647653651:,1747647662362
counter/5/0/0/0,6241:1747647654269:,1747647662362
counter/5/0/0/0,6242:1747647654279:,1747647662362
counter/5/0/0/0,6243:1747647654279:,1747647662362
counter/3/0/0/0,6376:1747647654326:,1747647662362
counter/3/0/0/0,6377:1747647654326:,1747647662362
counter/3/0/0/0,6378:1747647654326:,1747647662362
counter/1/0/0/0,6671:1747647655021:,1747647662362
counter/1/0/0/0,6672:1747647655021:,1747647662362
counter/1/0/0/0,6673:1747647655021:,1747647662362
counter/1/0/0/0,6674:1747647655021:,1747647662363
counter/1/0/0/0,6675:1747647655021:,1747647662363
counter/1/0/0/0,6676:1747647655021:,1747647662363
counter/4/0/0/0,6417:1747647655083:,1747647662363
counter/1/0/0/0,6677:1747647655021:,1747647662363
counter/4/0/0/0,6418:1747647655083:,1747647662363
counter/4/0/0/0,6419:1747647655083:,1747647662363
counter/4/0/0/0,6420:1747647655083:,1747647662363
counter/4/0/0/0,6421:1747647655083:,1747647662363
counter/7/0/0/0,5917:1747647654180:,1747647662363
counter/4/0/0/0,6422:1747647655083:,1747647662363
counter/7/0/0/0,5918:1747647654180:,1747647662363
counter/3/0/0/0,6379:1747647654326:,1747647662363
counter/4/0/0/0,6423:1747647655083:,1747647662363
counter/4/0/0/0,6424:1747647655109:,1747647662363
counter/4/0/0/0,6425:1747647655109:,1747647662363
counter/4/0/0/0,6426:1747647655109:,1747647662363
counter/9/0/0/0,6553:1747647654407:,1747647662364
counter/4/0/0/0,6427:1747647655109:,1747647662364
counter/9/0/0/0,6554:1747647654407:,1747647662364
counter/5/0/0/0,6244:1747647654279:,1747647662364
counter/1/0/0/0,6678:1747647655021:,1747647662364
counter/7/0/0/0,5919:1747647654180:,1747647662364
counter/7/0/0/0,5920:1747647654180:,1747647662364
counter/7/0/0/0,5921:1747647654180:,1747647662364
counter/7/0/0/0,5922:1747647654191:,1747647662364
counter/7/0/0/0,5923:1747647654191:,1747647662364
counter/9/0/0/0,6555:1747647654407:,1747647662364
counter/9/0/0/0,6556:1747647654407:,1747647662364
counter/9/0/0/0,6557:1747647654425:,1747647662365
counter/9/0/0/0,6558:1747647654425:,1747647662365
counter/8/0/0/0,6508:1747647654236:,1747647662365
counter/4/0/0/0,6428:1747647655109:,1747647662365
counter/1/0/0/0,6679:1747647655021:,1747647662366
counter/1/0/0/0,6680:1747647655021:,1747647662366
counter/1/0/0/0,6681:1747647655021:,1747647662366
counter/1/0/0/0,6682:1747647655031:,1747647662366
counter/2/0/0/0,5885:1747647653651:,1747647662366
counter/10/0/0/0,5897:1747647653999:,1747647662367
counter/9/0/0/0,6559:1747647654425:,1747647662367
counter/9/0/0/0,6560:1747647654425:,1747647662367
counter/5/0/0/0,6245:1747647654279:,1747647662368
counter/8/0/0/0,6509:1747647654236:,1747647662368
counter/3/0/0/0,6380:1747647654327:,1747647662368
counter/7/0/0/0,5924:1747647654191:,1747647662368
counter/7/0/0/0,5925:1747647654191:,1747647662368
counter/7/0/0/0,5926:1747647654191:,1747647662368
counter/7/0/0/0,5927:1747647654191:,1747647662368
counter/7/0/0/0,5928:1747647654191:,1747647662368
counter/7/0/0/0,5929:1747647654191:,1747647662368
counter/7/0/0/0,5930:1747647654191:,1747647662368
counter/7/0/0/0,5931:1747647654191:,1747647662368
counter/9/0/0/0,6561:1747647654425:,1747647662368
counter/7/0/0/0,5932:1747647654191:,1747647662368
counter/5/0/0/0,6246:1747647654279:,1747647662368
counter/4/0/0/0,6429:1747647655115:,1747647662368
counter/8/0/0/0,6510:1747647654236:,1747647662368
counter/8/0/0/0,6511:1747647654236:,1747647662368
counter/8/0/0/0,6512:1747647654236:,1747647662369
counter/8/0/0/0,6513:1747647654236:,1747647662369
counter/8/0/0/0,6514:1747647654236:,1747647662369
counter/8/0/0/0,6515:1747647654236:,1747647662369
counter/8/0/0/0,6516:1747647654236:,1747647662369
counter/3/0/0/0,6381:1747647654327:,1747647662369
counter/6/0/0/0,5455:1747647654147:,1747647662369
counter/8/0/0/0,6517:1747647654236:,1747647662369
counter/8/0/0/0,6518:1747647654236:,1747647662369
counter/8/0/0/0,6519:1747647654236:,1747647662369
counter/8/0/0/0,6520:1747647654245:,1747647662369
counter/8/0/0/0,6521:1747647654245:,1747647662369
counter/8/0/0/0,6522:1747647654245:,1747647662369
counter/8/0/0/0,6523:1747647654245:,1747647662369
counter/10/0/0/0,5898:1747647653999:,1747647662370
counter/9/0/0/0,6562:1747647654425:,1747647662370
counter/4/0/0/0,6430:1747647655115:,1747647662370
counter/5/0/0/0,6247:1747647654279:,1747647662370
counter/5/0/0/0,6248:1747647654279:,1747647662370
counter/1/0/0/0,6683:1747647655031:,1747647662370
counter/8/0/0/0,6524:1747647654245:,1747647662371
counter/8/0/0/0,6525:1747647654245:,1747647662371
counter/8/0/0/0,6526:1747647654245:,1747647662371
counter/8/0/0/0,6527:1747647654245:,1747647662371
counter/7/0/0/0,5933:1747647654191:,1747647662371
counter/9/0/0/0,6563:1747647654434:,1747647662371
counter/1/0/0/0,6684:1747647655031:,1747647662371
counter/10/0/0/0,5899:1747647653999:,1747647662372
counter/7/0/0/0,5934:1747647654191:,1747647662372
counter/7/0/0/0,5935:1747647654191:,1747647662372
counter/2/0/0/0,5886:1747647653651:,1747647662372
counter/4/0/0/0,6431:1747647655115:,1747647662372
counter/6/0/0/0,5456:1747647654147:,1747647662373
counter/6/0/0/0,5457:1747647654147:,1747647662373
counter/6/0/0/0,5458:1747647654148:,1747647662373
counter/3/0/0/0,6382:1747647654327:,1747647662373
counter/3/0/0/0,6383:1747647654327:,1747647662373
counter/1/0/0/0,6685:1747647655031:,1747647662373
counter/1/0/0/0,6686:1747647655031:,1747647662373
counter/1/0/0/0,6687:1747647655031:,1747647662373
counter/1/0/0/0,6688:1747647655031:,1747647662373
counter/1/0/0/0,6689:1747647655031:,1747647662373
counter/1/0/0/0,6690:1747647655031:,1747647662373
counter/1/0/0/0,6691:1747647655031:,1747647662373
counter/1/0/0/0,6692:1747647655031:,1747647662373
counter/9/0/0/0,6564:1747647654434:,1747647662374
counter/4/0/0/0,6432:1747647655115:,1747647662374
counter/8/0/0/0,6528:1747647654245:,1747647662374
counter/1/0/0/0,6693:1747647655031:,1747647662374
counter/1/0/0/0,6694:1747647655031:,1747647662374
counter/1/0/0/0,6695:1747647655031:,1747647662374
counter/1/0/0/0,6696:1747647655031:,1747647662374
counter/1/0/0/0,6697:1747647655031:,1747647662374
counter/1/0/0/0,6698:1747647655037:,1747647662374
counter/1/0/0/0,6699:1747647655038:,1747647662374
counter/1/0/0/0,6700:1747647655038:,1747647662374
counter/1/0/0/0,6701:1747647655038:,1747647662375
counter/1/0/0/0,6702:1747647655038:,1747647662375
counter/4/0/0/0,6433:1747647655115:,1747647662375
counter/1/0/0/0,6703:1747647655038:,1747647662376
counter/7/0/0/0,5936:1747647654191:,1747647662376
counter/5/0/0/0,6249:1747647654279:,1747647662376
counter/2/0/0/0,5887:1747647653654:,1747647662376
counter/3/0/0/0,6384:1747647654332:,1747647662376
counter/4/0/0/0,6434:1747647655115:,1747647662376
counter/4/0/0/0,6435:1747647655115:,1747647662376
counter/4/0/0/0,6436:1747647655116:,1747647662376
counter/4/0/0/0,6437:1747647655116:,1747647662376
counter/4/0/0/0,6438:1747647655116:,1747647662376
counter/10/0/0/0,5900:1747647654001:,1747647662376
counter/3/0/0/0,6385:1747647654333:,1747647662377
counter/6/0/0/0,5459:1747647654149:,1747647662377
counter/4/0/0/0,6439:1747647655117:,1747647662377
counter/4/0/0/0,6440:1747647655132:,1747647662377
counter/4/0/0/0,6441:1747647655132:,1747647662377
counter/1/0/0/0,6704:1747647655038:,1747647662377
counter/9/0/0/0,6565:1747647654434:,1747647662377
counter/7/0/0/0,5937:1747647654191:,1747647662378
counter/5/0/0/0,6250:1747647654280:,1747647662378
counter/5/0/0/0,6251:1747647654280:,1747647662378
counter/5/0/0/0,6252:1747647654307:,1747647662378
counter/5/0/0/0,6253:1747647654307:,1747647662378
counter/5/0/0/0,6254:1747647654307:,1747647662378
counter/4/0/0/0,6442:1747647655132:,1747647662378
counter/4/0/0/0,6443:1747647655132:,1747647662378
counter/4/0/0/0,6444:1747647655132:,1747647662378
counter/4/0/0/0,6445:1747647655132:,1747647662378
counter/4/0/0/0,6446:1747647655132:,1747647662378
counter/3/0/0/0,6386:1747647654333:,1747647662379
counter/6/0/0/0,5460:1747647654149:,1747647662379
counter/10/0/0/0,5901:1747647654002:,1747647662379
counter/10/0/0/0,5902:1747647654002:,1747647662379
counter/8/0/0/0,6529:1747647654245:,1747647662380
counter/1/0/0/0,6705:1747647655038:,1747647662380
counter/3/0/0/0,6387:1747647654333:,1747647662381
counter/6/0/0/0,5461:1747647654149:,1747647662381
counter/4/0/0/0,6447:1747647655132:,1747647662381
counter/1/0/0/0,6706:1747647655038:,1747647662383
counter/9/0/0/0,6566:1747647654434:,1747647662384
counter/9/0/0/0,6567:1747647654434:,1747647662384
counter/9/0/0/0,6568:1747647654442:,1747647662384
counter/9/0/0/0,6569:1747647654442:,1747647662384
counter/9/0/0/0,6570:1747647654442:,1747647662384
counter/9/0/0/0,6571:1747647654442:,1747647662384
counter/9/0/0/0,6572:1747647654442:,1747647662384
counter/9/0/0/0,6573:1747647654442:,1747647662384
counter/9/0/0/0,6574:1747647654442:,1747647662384
counter/9/0/0/0,6575:1747647654442:,1747647662384
counter/9/0/0/0,6576:1747647654442:,1747647662384
counter/9/0/0/0,6577:1747647654444:,1747647662384
counter/3/0/0/0,6388:1747647654333:,1747647662384
counter/3/0/0/0,6389:1747647654333:,1747647662385
counter/10/0/0/0,5903:1747647654002:,1747647662385
counter/4/0/0/0,6448:1747647655132:,1747647662385
counter/10/0/0/0,5904:1747647654002:,1747647662385
counter/8/0/0/0,6530:1747647654245:,1747647662385
counter/1/0/0/0,6707:1747647655038:,1747647662385
counter/8/0/0/0,6531:1747647654245:,1747647662385
counter/1/0/0/0,6708:1747647655038:,1747647662386
counter/5/0/0/0,6255:1747647654310:,1747647662386
counter/5/0/0/0,6256:1747647654316:,1747647662386
counter/5/0/0/0,6257:1747647654329:,1747647662386
counter/5/0/0/0,6258:1747647654329:,1747647662386
counter/7/0/0/0,5938:1747647654191:,1747647662386
counter/7/0/0/0,5939:1747647654191:,1747647662386
counter/9/0/0/0,6578:1747647654444:,1747647662386
counter/9/0/0/0,6579:1747647654444:,1747647662386
counter/9/0/0/0,6580:1747647654444:,1747647662386
counter/3/0/0/0,6390:1747647654333:,1747647662386
counter/3/0/0/0,6391:1747647654333:,1747647662386
counter/3/0/0/0,6392:1747647654333:,1747647662386
counter/10/0/0/0,5905:1747647654003:,1747647662386
counter/4/0/0/0,6449:1747647655135:,1747647662387
counter/4/0/0/0,6450:1747647655135:,1747647662387
counter/8/0/0/0,6532:1747647654245:,1747647662387
counter/8/0/0/0,6533:1747647654245:,1747647662387
counter/8/0/0/0,6534:1747647654245:,1747647662387
counter/8/0/0/0,6535:1747647654245:,1747647662387
counter/8/0/0/0,6536:1747647654245:,1747647662387
counter/2/0/0/0,5888:1747647653654:,1747647662387
counter/5/0/0/0,6259:1747647654329:,1747647662387
counter/5/0/0/0,6260:1747647654329:,1747647662387
counter/5/0/0/0,6261:1747647654329:,1747647662387
counter/7/0/0/0,5940:1747647654192:,1747647662387
counter/9/0/0/0,6581:1747647654449:,1747647662387
counter/9/0/0/0,6582:1747647654449:,1747647662388
counter/7/0/0/0,5941:1747647654192:,1747647662392
counter/10/0/0/0,5906:1747647654003:,1747647662392
counter/2/0/0/0,5889:1747647653654:,1747647662392
counter/8/0/0/0,6537:1747647654245:,1747647662395
counter/5/0/0/0,6262:1747647654329:,1747647662395
counter/2/0/0/0,5890:1747647653655:,1747647662395
counter/9/0/0/0,6583:1747647654449:,1747647662396
counter/7/0/0/0,5942:1747647654192:,1747647662397
counter/3/0/0/0,6393:1747647654333:,1747647662397
counter/10/0/0/0,5907:1747647654003:,1747647662397
counter/3/0/0/0,6394:1747647654333:,1747647662397
counter/4/0/0/0,6451:1747647655135:,1747647662397
counter/1/0/0/0,6709:1747647655040:,1747647662398
counter/1/0/0/0,6710:1747647655041:,1747647662398
counter/5/0/0/0,6263:1747647654329:,1747647662398
counter/1/0/0/0,6711:1747647655041:,1747647662398
counter/7/0/0/0,5943:1747647654192:,1747647662399
counter/7/0/0/0,5944:1747647654192:,1747647662399
counter/7/0/0/0,5945:1747647654192:,1747647662399
counter/10/0/0/0,5908:1747647654003:,1747647662400
counter/7/0/0/0,5946:1747647654192:,1747647662400
counter/10/0/0/0,5909:1747647654003:,1747647662400
counter/4/0/0/0,6452:1747647655135:,1747647662400
counter/4/0/0/0,6453:1747647655135:,1747647662400
counter/4/0/0/0,6454:1747647655135:,1747647662400
counter/6/0/0/0,5462:1747647654149:,1747647662400
counter/6/0/0/0,5463:1747647654149:,1747647662400
counter/6/0/0/0,5464:1747647654157:,1747647662400
counter/9/0/0/0,6584:1747647654449:,1747647662400
counter/6/0/0/0,5465:1747647654157:,1747647662400
counter/3/0/0/0,6395:1747647654333:,1747647662401
counter/1/0/0/0,6712:1747647655041:,1747647662401
counter/3/0/0/0,6396:1747647654333:,1747647662401
counter/3/0/0/0,6397:1747647654333:,1747647662401
counter/3/0/0/0,6398:1747647654338:,1747647662401
counter/3/0/0/0,6399:1747647654338:,1747647662401
counter/3/0/0/0,6400:1747647654338:,1747647662402
counter/3/0/0/0,6401:1747647654338:,1747647662402
counter/2/0/0/0,5891:1747647653655:,1747647662402
counter/3/0/0/0,6402:1747647654338:,1747647662402
counter/9/0/0/0,6585:1747647654449:,1747647662403
counter/7/0/0/0,5947:1747647654192:,1747647662403
counter/1/0/0/0,6713:1747647655041:,1747647662403
counter/4/0/0/0,6455:1747647655136:,1747647662404
counter/4/0/0/0,6456:1747647655136:,1747647662405
counter/4/0/0/0,6457:1747647655136:,1747647662405
counter/4/0/0/0,6458:1747647655136:,1747647662405
counter/4/0/0/0,6459:1747647655136:,1747647662405
counter/4/0/0/0,6460:1747647655136:,1747647662405
counter/4/0/0/0,6461:1747647655138:,1747647662406
counter/4/0/0/0,6462:1747647655138:,1747647662406
counter/4/0/0/0,6463:1747647655138:,1747647662407
counter/4/0/0/0,6464:1747647655138:,1747647662407
counter/4/0/0/0,6465:1747647655138:,1747647662407
counter/4/0/0/0,6466:1747647655138:,1747647662407
counter/2/0/0/0,5892:1747647653655:,1747647662407
counter/7/0/0/0,5948:1747647654192:,1747647662407
counter/4/0/0/0,6467:1747647655138:,1747647662407
counter/4/0/0/0,6468:1747647655139:,1747647662408
counter/4/0/0/0,6469:1747647655139:,1747647662408
counter/4/0/0/0,6470:1747647655139:,1747647662408
counter/4/0/0/0,6471:1747647655139:,1747647662408
counter/4/0/0/0,6472:1747647655139:,1747647662408
counter/4/0/0/0,6473:1747647655139:,1747647662408
counter/4/0/0/0,6474:1747647655139:,1747647662408
counter/4/0/0/0,6475:1747647655149:,1747647662408
counter/4/0/0/0,6476:1747647655149:,1747647662409
counter/4/0/0/0,6477:1747647655149:,1747647662409
counter/4/0/0/0,6478:1747647655149:,1747647662409
counter/4/0/0/0,6479:1747647655149:,1747647662409
counter/4/0/0/0,6480:1747647655149:,1747647662409
counter/4/0/0/0,6481:1747647655149:,1747647662409
counter/4/0/0/0,6482:1747647655149:,1747647662409
counter/4/0/0/0,6483:1747647655150:,1747647662409
counter/9/0/0/0,6586:1747647654449:,1747647662409
counter/4/0/0/0,6484:1747647655150:,1747647662409
counter/4/0/0/0,6485:1747647655150:,1747647662409
counter/4/0/0/0,6486:1747647655150:,1747647662409
counter/4/0/0/0,6487:1747647655150:,1747647662409
counter/4/0/0/0,6488:1747647655150:,1747647662409
counter/4/0/0/0,6489:1747647655150:,1747647662409
counter/4/0/0/0,6490:1747647655150:,1747647662409
counter/6/0/0/0,5466:1747647654157:,1747647662409
counter/3/0/0/0,6403:1747647654338:,1747647662409
counter/10/0/0/0,5910:1747647654003:,1747647662409
counter/10/0/0/0,5911:1747647654003:,1747647662409
counter/10/0/0/0,5912:1747647654003:,1747647662409
counter/10/0/0/0,5913:1747647654003:,1747647662409
counter/10/0/0/0,5914:1747647654003:,1747647662410
counter/10/0/0/0,5915:1747647654003:,1747647662410
counter/10/0/0/0,5916:1747647654003:,1747647662410
counter/2/0/0/0,5893:1747647653655:,1747647662410
counter/3/0/0/0,6404:1747647654338:,1747647662410
counter/3/0/0/0,6405:1747647654338:,1747647662411
counter/1/0/0/0,6714:1747647655041:,1747647662411
counter/7/0/0/0,5949:1747647654192:,1747647662412
counter/5/0/0/0,6264:1747647654329:,1747647662412
counter/4/0/0/0,6491:1747647655150:,1747647662413
counter/3/0/0/0,6406:1747647654339:,1747647662413
counter/7/0/0/0,5950:1747647654192:,1747647662413
counter/3/0/0/0,6407:1747647654339:,1747647662413
counter/6/0/0/0,5467:1747647654157:,1747647662413
counter/6/0/0/0,5468:1747647654157:,1747647662414
counter/6/0/0/0,5469:1747647654157:,1747647662414
counter/6/0/0/0,5470:1747647654157:,1747647662414
counter/6/0/0/0,5471:1747647654157:,1747647662414
counter/6/0/0/0,5472:1747647654157:,1747647662414
counter/6/0/0/0,5473:1747647654157:,1747647662414
counter/1/0/0/0,6715:1747647655041:,1747647662414
counter/6/0/0/0,5474:1747647654157:,1747647662414
counter/6/0/0/0,5475:1747647654165:,1747647662414
counter/4/0/0/0,6492:1747647655150:,1747647662414
counter/4/0/0/0,6493:1747647655156:,1747647662414
counter/4/0/0/0,6494:1747647655180:,1747647662414
counter/4/0/0/0,6495:1747647655180:,1747647662414
counter/4/0/0/0,6496:1747647655180:,1747647662414
counter/4/0/0/0,6497:1747647655180:,1747647662414
counter/4/0/0/0,6498:1747647655180:,1747647662414
counter/4/0/0/0,6499:1747647655180:,1747647662414
counter/4/0/0/0,6500:1747647655180:,1747647662414
counter/4/0/0/0,6501:1747647655180:,1747647662414
counter/2/0/0/0,5894:1747647653655:,1747647662414
counter/9/0/0/0,6587:1747647654449:,1747647662415
counter/7/0/0/0,5951:1747647654192:,1747647662416
counter/8/0/0/0,6538:1747647654248:,1747647662416
counter/8/0/0/0,6539:1747647654248:,1747647662416
counter/8/0/0/0,6540:1747647654251:,1747647662416
counter/8/0/0/0,6541:1747647654251:,1747647662416
counter/8/0/0/0,6542:1747647654251:,1747647662416
counter/8/0/0/0,6543:1747647654251:,1747647662416
counter/8/0/0/0,6544:1747647654251:,1747647662417
counter/8/0/0/0,6545:1747647654251:,1747647662417
counter/8/0/0/0,6546:1747647654251:,1747647662417
counter/8/0/0/0,6547:1747647654251:,1747647662417
counter/8/0/0/0,6548:1747647654251:,1747647662417
counter/3/0/0/0,6408:1747647654339:,1747647662417
counter/10/0/0/0,5917:1747647654003:,1747647662417
counter/6/0/0/0,5476:1747647654165:,1747647662417
counter/8/0/0/0,6549:1747647654251:,1747647662417
counter/3/0/0/0,6409:1747647654339:,1747647662417
counter/9/0/0/0,6588:1747647654449:,1747647662418
counter/6/0/0/0,5477:1747647654165:,1747647662418
counter/9/0/0/0,6589:1747647654449:,1747647662418
counter/9/0/0/0,6590:1747647654449:,1747647662418
counter/9/0/0/0,6591:1747647654449:,1747647662419
counter/9/0/0/0,6592:1747647654449:,1747647662419
counter/9/0/0/0,6593:1747647654449:,1747647662419
counter/9/0/0/0,6594:1747647654449:,1747647662419
counter/9/0/0/0,6595:1747647654449:,1747647662419
counter/9/0/0/0,6596:1747647654449:,1747647662419
counter/9/0/0/0,6597:1747647654449:,1747647662419
counter/4/0/0/0,6502:1747647655180:,1747647662419
counter/6/0/0/0,5478:1747647654165:,1747647662420
counter/8/0/0/0,6550:1747647654251:,1747647662420
counter/8/0/0/0,6551:1747647654251:,1747647662420
counter/8/0/0/0,6552:1747647654251:,1747647662420
counter/8/0/0/0,6553:1747647654251:,1747647662420
counter/10/0/0/0,5918:1747647654003:,1747647662421
counter/3/0/0/0,6410:1747647654339:,1747647662421
counter/4/0/0/0,6503:1747647655180:,1747647662421
counter/4/0/0/0,6504:1747647655183:,1747647662421
counter/4/0/0/0,6505:1747647655183:,1747647662421
counter/4/0/0/0,6506:1747647655197:,1747647662421
counter/4/0/0/0,6507:1747647655197:,1747647662421
counter/4/0/0/0,6508:1747647655197:,1747647662421
counter/4/0/0/0,6509:1747647655197:,1747647662421
counter/4/0/0/0,6510:1747647655197:,1747647662421
counter/4/0/0/0,6511:1747647655219:,1747647662421
counter/4/0/0/0,6512:1747647655219:,1747647662421
counter/7/0/0/0,5952:1747647654192:,1747647662422
counter/8/0/0/0,6554:1747647654266:,1747647662422
counter/2/0/0/0,5895:1747647653655:,1747647662422
counter/5/0/0/0,6265:1747647654329:,1747647662422
counter/3/0/0/0,6411:1747647654345:,1747647662424
counter/4/0/0/0,6513:1747647655219:,1747647662424
counter/5/0/0/0,6266:1747647654329:,1747647662424
counter/5/0/0/0,6267:1747647654329:,1747647662424
counter/5/0/0/0,6268:1747647654329:,1747647662424
counter/7/0/0/0,5953:1747647654192:,1747647662424
counter/7/0/0/0,5954:1747647654192:,1747647662425
counter/7/0/0/0,5955:1747647654192:,1747647662425
counter/7/0/0/0,5956:1747647654192:,1747647662425
counter/7/0/0/0,5957:1747647654192:,1747647662425
counter/9/0/0/0,6598:1747647654449:,1747647662425
counter/9/0/0/0,6599:1747647654450:,1747647662425
counter/5/0/0/0,6269:1747647654329:,1747647662425
counter/6/0/0/0,5479:1747647654165:,1747647662425
counter/3/0/0/0,6412:1747647654345:,1747647662425
counter/3/0/0/0,6413:1747647654345:,1747647662425
counter/3/0/0/0,6414:1747647654346:,1747647662425
counter/3/0/0/0,6415:1747647654346:,1747647662425
counter/3/0/0/0,6416:1747647654346:,1747647662425
counter/3/0/0/0,6417:1747647654346:,1747647662425
counter/3/0/0/0,6418:1747647654348:,1747647662426
counter/3/0/0/0,6419:1747647654348:,1747647662426
counter/3/0/0/0,6420:1747647654348:,1747647662426
counter/3/0/0/0,6421:1747647654348:,1747647662426
counter/10/0/0/0,5919:1747647654003:,1747647662426
counter/1/0/0/0,6716:1747647655041:,1747647662426
counter/5/0/0/0,6270:1747647654329:,1747647662426
counter/5/0/0/0,6271:1747647654329:,1747647662426
counter/2/0/0/0,5896:1747647653655:,1747647662426
counter/2/0/0/0,5897:1747647653655:,1747647662426
counter/5/0/0/0,6272:1747647654329:,1747647662426
counter/7/0/0/0,5958:1747647654192:,1747647662427
counter/7/0/0/0,5959:1747647654192:,1747647662428
counter/7/0/0/0,5960:1747647654192:,1747647662428
counter/7/0/0/0,5961:1747647654192:,1747647662428
counter/7/0/0/0,5962:1747647654192:,1747647662428
counter/7/0/0/0,5963:1747647654192:,1747647662428
counter/3/0/0/0,6422:1747647654348:,1747647662428
counter/3/0/0/0,6423:1747647654348:,1747647662428
counter/3/0/0/0,6424:1747647654348:,1747647662428
counter/2/0/0/0,5898:1747647653655:,1747647662428
counter/5/0/0/0,6273:1747647654331:,1747647662428
counter/4/0/0/0,6514:1747647655219:,1747647662428
counter/4/0/0/0,6515:1747647655219:,1747647662428
counter/4/0/0/0,6516:1747647655219:,1747647662428
counter/4/0/0/0,6517:1747647655219:,1747647662429
counter/7/0/0/0,5964:1747647654192:,1747647662429
counter/7/0/0/0,5965:1747647654193:,1747647662429
counter/7/0/0/0,5966:1747647654193:,1747647662429
counter/7/0/0/0,5967:1747647654193:,1747647662429
counter/7/0/0/0,5968:1747647654193:,1747647662429
counter/6/0/0/0,5480:1747647654165:,1747647662429
counter/5/0/0/0,6274:1747647654331:,1747647662429
counter/5/0/0/0,6275:1747647654331:,1747647662429
counter/5/0/0/0,6276:1747647654331:,1747647662429
counter/5/0/0/0,6277:1747647654331:,1747647662429
counter/5/0/0/0,6278:1747647654331:,1747647662429
counter/5/0/0/0,6279:1747647654331:,1747647662429
counter/5/0/0/0,6280:1747647654331:,1747647662430
counter/5/0/0/0,6281:1747647654333:,1747647662430
counter/7/0/0/0,5969:1747647654193:,1747647662430
counter/5/0/0/0,6282:1747647654333:,1747647662430
counter/5/0/0/0,6283:1747647654333:,1747647662430
counter/5/0/0/0,6284:1747647654333:,1747647662430
counter/3/0/0/0,6425:1747647654348:,1747647662430
counter/3/0/0/0,6426:1747647654348:,1747647662431
counter/3/0/0/0,6427:1747647654348:,1747647662431
counter/3/0/0/0,6428:1747647654348:,1747647662431
counter/3/0/0/0,6429:1747647654348:,1747647662431
counter/4/0/0/0,6518:1747647655219:,1747647662431
counter/5/0/0/0,6285:1747647654333:,1747647662431
counter/5/0/0/0,6286:1747647654333:,1747647662431
counter/5/0/0/0,6287:1747647654333:,1747647662431
counter/5/0/0/0,6288:1747647654333:,1747647662432
counter/2/0/0/0,5899:1747647653655:,1747647662432
counter/3/0/0/0,6430:1747647654348:,1747647662433
counter/3/0/0/0,6431:1747647654348:,1747647662433
counter/3/0/0/0,6432:1747647654348:,1747647662433
counter/3/0/0/0,6433:1747647654348:,1747647662434
counter/3/0/0/0,6434:1747647654354:,1747647662434
counter/3/0/0/0,6435:1747647654354:,1747647662434
counter/3/0/0/0,6436:1747647654354:,1747647662434
counter/3/0/0/0,6437:1747647654354:,1747647662434
counter/3/0/0/0,6438:1747647654354:,1747647662434
counter/3/0/0/0,6439:1747647654354:,1747647662434
counter/3/0/0/0,6440:1747647654354:,1747647662434
counter/10/0/0/0,5920:1747647654003:,1747647662434
counter/2/0/0/0,5900:1747647653655:,1747647662434
counter/7/0/0/0,5970:1747647654200:,1747647662434
counter/2/0/0/0,5901:1747647653655:,1747647662434
counter/7/0/0/0,5971:1747647654200:,1747647662434
counter/2/0/0/0,5902:1747647653655:,1747647662434
counter/2/0/0/0,5903:1747647653655:,1747647662434
counter/2/0/0/0,5904:1747647653655:,1747647662435
counter/1/0/0/0,6717:1747647655062:,1747647662435
counter/4/0/0/0,6519:1747647655219:,1747647662435
counter/8/0/0/0,6555:1747647654266:,1747647662435
counter/9/0/0/0,6600:1747647654450:,1747647662435
counter/9/0/0/0,6601:1747647654450:,1747647662435
counter/9/0/0/0,6602:1747647654450:,1747647662435
counter/9/0/0/0,6603:1747647654450:,1747647662435
counter/9/0/0/0,6604:1747647654450:,1747647662435
counter/3/0/0/0,6441:1747647654354:,1747647662435
counter/3/0/0/0,6442:1747647654354:,1747647662435
counter/3/0/0/0,6443:1747647654354:,1747647662436
counter/3/0/0/0,6444:1747647654354:,1747647662436
counter/3/0/0/0,6445:1747647654354:,1747647662436
counter/3/0/0/0,6446:1747647654354:,1747647662436
counter/3/0/0/0,6447:1747647654356:,1747647662436
counter/7/0/0/0,5972:1747647654200:,1747647662436
counter/2/0/0/0,5905:1747647653655:,1747647662437
counter/8/0/0/0,6556:1747647654266:,1747647662437
counter/8/0/0/0,6557:1747647654266:,1747647662437
counter/8/0/0/0,6558:1747647654266:,1747647662437
counter/8/0/0/0,6559:1747647654266:,1747647662437
counter/8/0/0/0,6560:1747647654266:,1747647662437
counter/8/0/0/0,6561:1747647654266:,1747647662437
counter/8/0/0/0,6562:1747647654267:,1747647662438
counter/8/0/0/0,6563:1747647654267:,1747647662438
counter/5/0/0/0,6289:1747647654334:,1747647662438
counter/8/0/0/0,6564:1747647654267:,1747647662438
counter/7/0/0/0,5973:1747647654200:,1747647662438
counter/2/0/0/0,5906:1747647653657:,1747647662439
counter/3/0/0/0,6448:1747647654356:,1747647662439
counter/5/0/0/0,6290:1747647654334:,1747647662439
counter/5/0/0/0,6291:1747647654334:,1747647662439
counter/5/0/0/0,6292:1747647654334:,1747647662439
counter/5/0/0/0,6293:1747647654334:,1747647662439
counter/5/0/0/0,6294:1747647654334:,1747647662439
counter/5/0/0/0,6295:1747647654334:,1747647662439
counter/5/0/0/0,6296:1747647654335:,1747647662439
counter/5/0/0/0,6297:1747647654335:,1747647662439
counter/5/0/0/0,6298:1747647654335:,1747647662439
counter/5/0/0/0,6299:1747647654335:,1747647662439
counter/5/0/0/0,6300:1747647654335:,1747647662439
counter/5/0/0/0,6301:1747647654335:,1747647662439
counter/5/0/0/0,6302:1747647654335:,1747647662439
counter/5/0/0/0,6303:1747647654336:,1747647662439
counter/5/0/0/0,6304:1747647654336:,1747647662440
counter/5/0/0/0,6305:1747647654336:,1747647662440
counter/5/0/0/0,6306:1747647654336:,1747647662440
counter/9/0/0/0,6605:1747647654450:,1747647662440
counter/3/0/0/0,6449:1747647654356:,1747647662440
counter/2/0/0/0,5907:1747647653657:,1747647662440
counter/9/0/0/0,6606:1747647654450:,1747647662440
counter/2/0/0/0,5908:1747647653660:,1747647662440
counter/9/0/0/0,6607:1747647654450:,1747647662440
counter/2/0/0/0,5909:1747647653663:,1747647662440
counter/4/0/0/0,6520:1747647655234:,1747647662440
counter/6/0/0/0,5481:1747647654174:,1747647662440
counter/4/0/0/0,6521:1747647655234:,1747647662441
counter/6/0/0/0,5482:1747647654174:,1747647662441
counter/6/0/0/0,5483:1747647654174:,1747647662441
counter/6/0/0/0,5484:1747647654174:,1747647662441
counter/6/0/0/0,5485:1747647654174:,1747647662441
counter/6/0/0/0,5486:1747647654174:,1747647662441
counter/6/0/0/0,5487:1747647654174:,1747647662441
counter/7/0/0/0,5974:1747647654200:,1747647662442
counter/7/0/0/0,5975:1747647654200:,1747647662443
counter/4/0/0/0,6522:1747647655234:,1747647662443
counter/4/0/0/0,6523:1747647655234:,1747647662443
counter/4/0/0/0,6524:1747647655234:,1747647662443
counter/4/0/0/0,6525:1747647655234:,1747647662443
counter/4/0/0/0,6526:1747647655234:,1747647662443
counter/4/0/0/0,6527:1747647655234:,1747647662443
counter/4/0/0/0,6528:1747647655235:,1747647662443
counter/4/0/0/0,6529:1747647655235:,1747647662443
counter/4/0/0/0,6530:1747647655235:,1747647662443
counter/6/0/0/0,5488:1747647654174:,1747647662443
counter/1/0/0/0,6718:1747647655062:,1747647662443
counter/10/0/0/0,5921:1747647654003:,1747647662443
counter/1/0/0/0,6719:1747647655062:,1747647662443
counter/1/0/0/0,6720:1747647655062:,1747647662443
counter/1/0/0/0,6721:1747647655063:,1747647662443
counter/1/0/0/0,6722:1747647655063:,1747647662443
counter/1/0/0/0,6723:1747647655063:,1747647662444
counter/1/0/0/0,6724:1747647655063:,1747647662444
counter/1/0/0/0,6725:1747647655063:,1747647662444
counter/1/0/0/0,6726:1747647655063:,1747647662444
counter/1/0/0/0,6727:1747647655063:,1747647662444
counter/1/0/0/0,6728:1747647655063:,1747647662444
counter/1/0/0/0,6729:1747647655063:,1747647662444
counter/1/0/0/0,6730:1747647655078:,1747647662444
counter/1/0/0/0,6731:1747647655078:,1747647662444
counter/1/0/0/0,6732:1747647655078:,1747647662444
counter/1/0/0/0,6733:1747647655078:,1747647662444
counter/1/0/0/0,6734:1747647655078:,1747647662444
counter/1/0/0/0,6735:1747647655078:,1747647662444
counter/1/0/0/0,6736:1747647655078:,1747647662444
counter/1/0/0/0,6737:1747647655078:,1747647662444
counter/1/0/0/0,6738:1747647655078:,1747647662444
counter/1/0/0/0,6739:1747647655078:,1747647662444
counter/1/0/0/0,6740:1747647655078:,1747647662444
counter/1/0/0/0,6741:1747647655078:,1747647662444
counter/1/0/0/0,6742:1747647655079:,1747647662444
counter/1/0/0/0,6743:1747647655079:,1747647662444
counter/1/0/0/0,6744:1747647655079:,1747647662444
counter/1/0/0/0,6745:1747647655079:,1747647662444
counter/1/0/0/0,6746:1747647655079:,1747647662444
counter/1/0/0/0,6747:1747647655089:,1747647662444
counter/1/0/0/0,6748:1747647655089:,1747647662444
counter/1/0/0/0,6749:1747647655089:,1747647662444
counter/1/0/0/0,6750:1747647655089:,1747647662444
counter/1/0/0/0,6751:1747647655089:,1747647662445
counter/1/0/0/0,6752:1747647655089:,1747647662445
counter/1/0/0/0,6753:1747647655089:,1747647662445
counter/1/0/0/0,6754:1747647655089:,1747647662445
counter/3/0/0/0,6450:1747647654356:,1747647662445
counter/7/0/0/0,5976:1747647654200:,1747647662445
counter/3/0/0/0,6451:1747647654360:,1747647662445
counter/7/0/0/0,5977:1747647654201:,1747647662445
counter/6/0/0/0,5489:1747647654174:,1747647662445
counter/6/0/0/0,5490:1747647654174:,1747647662445
counter/4/0/0/0,6531:1747647655235:,1747647662445
counter/9/0/0/0,6608:1747647654450:,1747647662446
counter/9/0/0/0,6609:1747647654450:,1747647662446
counter/9/0/0/0,6610:1747647654455:,1747647662446
counter/9/0/0/0,6611:1747647654455:,1747647662446
counter/9/0/0/0,6612:1747647654455:,1747647662447
counter/9/0/0/0,6613:1747647654455:,1747647662447
counter/9/0/0/0,6614:1747647654455:,1747647662447
counter/10/0/0/0,5922:1747647654003:,1747647662447
counter/3/0/0/0,6452:1747647654385:,1747647662447
counter/6/0/0/0,5491:1747647654175:,1747647662448
counter/7/0/0/0,5978:1747647654201:,1747647662448
counter/1/0/0/0,6755:1747647655089:,1747647662448
counter/3/0/0/0,6453:1747647654385:,1747647662448
counter/1/0/0/0,6756:1747647655089:,1747647662448
counter/3/0/0/0,6454:1747647654385:,1747647662448
counter/3/0/0/0,6455:1747647654385:,1747647662449
counter/6/0/0/0,5492:1747647654175:,1747647662449
counter/9/0/0/0,6615:1747647654455:,1747647662450
counter/9/0/0/0,6616:1747647654455:,1747647662450
counter/2/0/0/0,5910:1747647653663:,1747647662450
counter/9/0/0/0,6617:1747647654455:,1747647662450
counter/9/0/0/0,6618:1747647654455:,1747647662450
counter/9/0/0/0,6619:1747647654456:,1747647662450
counter/9/0/0/0,6620:1747647654456:,1747647662450
counter/9/0/0/0,6621:1747647654456:,1747647662450
counter/4/0/0/0,6532:1747647655235:,1747647662450
counter/10/0/0/0,5923:1747647654003:,1747647662450
counter/7/0/0/0,5979:1747647654201:,1747647662450
counter/8/0/0/0,6565:1747647654267:,1747647662450
counter/7/0/0/0,5980:1747647654201:,1747647662450
counter/3/0/0/0,6456:1747647654385:,1747647662450
counter/3/0/0/0,6457:1747647654386:,1747647662450
counter/3/0/0/0,6458:1747647654386:,1747647662450
counter/3/0/0/0,6459:1747647654386:,1747647662450
counter/2/0/0/0,5911:1747647653663:,1747647662451
counter/2/0/0/0,5912:1747647653663:,1747647662452
counter/5/0/0/0,6307:1747647654336:,1747647662452
counter/3/0/0/0,6460:1747647654386:,1747647662453
counter/3/0/0/0,6461:1747647654386:,1747647662453
counter/3/0/0/0,6462:1747647654386:,1747647662453
counter/9/0/0/0,6622:1747647654456:,1747647662453
counter/3/0/0/0,6463:1747647654386:,1747647662453
counter/6/0/0/0,5493:1747647654175:,1747647662453
counter/3/0/0/0,6464:1747647654386:,1747647662453
counter/4/0/0/0,6533:1747647655235:,1747647662453
counter/10/0/0/0,5924:1747647654003:,1747647662453
counter/3/0/0/0,6465:1747647654386:,1747647662453
counter/3/0/0/0,6466:1747647654386:,1747647662453
counter/3/0/0/0,6467:1747647654386:,1747647662454
counter/3/0/0/0,6468:1747647654386:,1747647662454
counter/6/0/0/0,5494:1747647654175:,1747647662454
counter/4/0/0/0,6534:1747647655235:,1747647662456
counter/3/0/0/0,6469:1747647654388:,1747647662459
counter/3/0/0/0,6470:1747647654388:,1747647662459
counter/10/0/0/0,5925:1747647654003:,1747647662459
counter/3/0/0/0,6471:1747647654388:,1747647662459
counter/10/0/0/0,5926:1747647654003:,1747647662459
counter/3/0/0/0,6472:1747647654388:,1747647662459
counter/10/0/0/0,5927:1747647654003:,1747647662459
counter/10/0/0/0,5928:1747647654003:,1747647662459
counter/9/0/0/0,6623:1747647654456:,1747647662459
counter/10/0/0/0,5929:1747647654003:,1747647662459
counter/1/0/0/0,6757:1747647655089:,1747647662459
counter/2/0/0/0,5913:1747647653663:,1747647662459
counter/2/0/0/0,5914:1747647653663:,1747647662459
counter/2/0/0/0,5915:1747647653663:,1747647662460
counter/4/0/0/0,6535:1747647655237:,1747647662460
counter/2/0/0/0,5916:1747647653663:,1747647662460
counter/10/0/0/0,5930:1747647654003:,1747647662460
counter/2/0/0/0,5917:1747647653664:,1747647662460
counter/2/0/0/0,5918:1747647653664:,1747647662460
counter/2/0/0/0,5919:1747647653664:,1747647662460
counter/2/0/0/0,5920:1747647653664:,1747647662460
counter/7/0/0/0,5981:1747647654201:,1747647662460
counter/2/0/0/0,5921:1747647653664:,1747647662460
counter/7/0/0/0,5982:1747647654201:,1747647662460
counter/2/0/0/0,5922:1747647653664:,1747647662460
counter/7/0/0/0,5983:1747647654201:,1747647662460
counter/9/0/0/0,6624:1747647654456:,1747647662460
counter/2/0/0/0,5923:1747647653664:,1747647662460
counter/7/0/0/0,5984:1747647654201:,1747647662460
counter/2/0/0/0,5924:1747647653664:,1747647662460
counter/7/0/0/0,5985:1747647654201:,1747647662460
counter/9/0/0/0,6625:1747647654456:,1747647662464
counter/9/0/0/0,6626:1747647654456:,1747647662464
counter/9/0/0/0,6627:1747647654456:,1747647662464
counter/9/0/0/0,6628:1747647654470:,1747647662464
counter/9/0/0/0,6629:1747647654470:,1747647662464
counter/9/0/0/0,6630:1747647654470:,1747647662464
counter/4/0/0/0,6536:1747647655237:,1747647662464
counter/5/0/0/0,6308:1747647654336:,1747647662464
counter/5/0/0/0,6309:1747647654336:,1747647662464
counter/9/0/0/0,6631:1747647654470:,1747647662465
counter/9/0/0/0,6632:1747647654473:,1747647662465
counter/9/0/0/0,6633:1747647654473:,1747647662465
counter/9/0/0/0,6634:1747647654473:,1747647662465
counter/2/0/0/0,5925:1747647653664:,1747647662465
counter/2/0/0/0,5926:1747647653664:,1747647662465
counter/4/0/0/0,6537:1747647655237:,1747647662466
counter/6/0/0/0,5495:1747647654175:,1747647662466
counter/3/0/0/0,6473:1747647654388:,1747647662467
counter/1/0/0/0,6758:1747647655089:,1747647662468
counter/1/0/0/0,6759:1747647655089:,1747647662468
counter/7/0/0/0,5986:1747647654206:,1747647662468
counter/3/0/0/0,6474:1747647654388:,1747647662468
counter/7/0/0/0,5987:1747647654207:,1747647662468
counter/3/0/0/0,6475:1747647654388:,1747647662468
counter/3/0/0/0,6476:1747647654388:,1747647662468
counter/4/0/0/0,6538:1747647655238:,1747647662469
counter/6/0/0/0,5496:1747647654175:,1747647662469
counter/6/0/0/0,5497:1747647654175:,1747647662469
counter/8/0/0/0,6566:1747647654267:,1747647662469
counter/1/0/0/0,6760:1747647655089:,1747647662469
counter/8/0/0/0,6567:1747647654267:,1747647662469
counter/10/0/0/0,5931:1747647654003:,1747647662470
counter/9/0/0/0,6635:1747647654473:,1747647662470
counter/9/0/0/0,6636:1747647654473:,1747647662470
counter/9/0/0/0,6637:1747647654477:,1747647662470
counter/9/0/0/0,6638:1747647654477:,1747647662470
counter/9/0/0/0,6639:1747647654477:,1747647662470
counter/9/0/0/0,6640:1747647654477:,1747647662471
counter/9/0/0/0,6641:1747647654477:,1747647662471
counter/9/0/0/0,6642:1747647654477:,1747647662471
counter/7/0/0/0,5988:1747647654207:,1747647662471
counter/9/0/0/0,6643:1747647654477:,1747647662471
counter/9/0/0/0,6644:1747647654477:,1747647662471
counter/9/0/0/0,6645:1747647654477:,1747647662471
counter/7/0/0/0,5989:1747647654207:,1747647662472
counter/9/0/0/0,6646:1747647654479:,1747647662472
counter/2/0/0/0,5927:1747647653664:,1747647662472
counter/9/0/0/0,6647:1747647654479:,1747647662472
counter/6/0/0/0,5498:1747647654175:,1747647662472
counter/9/0/0/0,6648:1747647654479:,1747647662472
counter/6/0/0/0,5499:1747647654175:,1747647662472
counter/9/0/0/0,6649:1747647654482:,1747647662472
counter/6/0/0/0,5500:1747647654175:,1747647662472
counter/9/0/0/0,6650:1747647654482:,1747647662472
counter/6/0/0/0,5501:1747647654175:,1747647662472
counter/9/0/0/0,6651:1747647654482:,1747647662472
counter/6/0/0/0,5502:1747647654175:,1747647662472
counter/9/0/0/0,6652:1747647654482:,1747647662472
counter/1/0/0/0,6761:1747647655089:,1747647662472
counter/4/0/0/0,6539:1747647655243:,1747647662473
counter/5/0/0/0,6310:1747647654336:,1747647662473
counter/4/0/0/0,6540:1747647655243:,1747647662474
counter/5/0/0/0,6311:1747647654336:,1747647662474
counter/9/0/0/0,6653:1747647654482:,1747647662474
counter/10/0/0/0,5932:1747647654003:,1747647662474
counter/8/0/0/0,6568:1747647654268:,1747647662479
counter/5/0/0/0,6312:1747647654336:,1747647662479
counter/5/0/0/0,6313:1747647654336:,1747647662479
counter/5/0/0/0,6314:1747647654347:,1747647662479
counter/5/0/0/0,6315:1747647654347:,1747647662479
counter/5/0/0/0,6316:1747647654347:,1747647662479
counter/8/0/0/0,6569:1747647654268:,1747647662483
counter/1/0/0/0,6762:1747647655089:,1747647662483
counter/8/0/0/0,6570:1747647654268:,1747647662483
counter/4/0/0/0,6541:1747647655243:,1747647662483
counter/5/0/0/0,6317:1747647654347:,1747647662483
counter/3/0/0/0,6477:1747647654388:,1747647662485
counter/3/0/0/0,6478:1747647654388:,1747647662485
counter/6/0/0/0,5503:1747647654175:,1747647662485
counter/3/0/0/0,6479:1747647654389:,1747647662485
counter/3/0/0/0,6480:1747647654390:,1747647662485
counter/9/0/0/0,6654:1747647654482:,1747647662491
counter/9/0/0/0,6655:1747647654483:,1747647662491
counter/2/0/0/0,5928:1747647653664:,1747647662491
counter/9/0/0/0,6656:1747647654483:,1747647662491
counter/2/0/0/0,5929:1747647653664:,1747647662491
counter/2/0/0/0,5930:1747647653664:,1747647662491
counter/2/0/0/0,5931:1747647653668:,1747647662491
counter/2/0/0/0,5932:1747647653668:,1747647662491
counter/8/0/0/0,6571:1747647654268:,1747647662491
counter/2/0/0/0,5933:1747647653668:,1747647662491
counter/3/0/0/0,6481:1747647654390:,1747647662491
counter/2/0/0/0,5934:1747647653668:,1747647662491
counter/3/0/0/0,6482:1747647654391:,1747647662491
counter/3/0/0/0,6483:1747647654391:,1747647662492
counter/3/0/0/0,6484:1747647654391:,1747647662492
counter/3/0/0/0,6485:1747647654391:,1747647662492
counter/5/0/0/0,6318:1747647654347:,1747647662492
counter/3/0/0/0,6486:1747647654391:,1747647662492
counter/3/0/0/0,6487:1747647654391:,1747647662492
counter/3/0/0/0,6488:1747647654391:,1747647662492
counter/3/0/0/0,6489:1747647654408:,1747647662492
counter/5/0/0/0,6319:1747647654352:,1747647662492
counter/5/0/0/0,6320:1747647654352:,1747647662492
counter/5/0/0/0,6321:1747647654352:,1747647662492
counter/5/0/0/0,6322:1747647654352:,1747647662492
counter/5/0/0/0,6323:1747647654352:,1747647662492
counter/5/0/0/0,6324:1747647654352:,1747647662492
counter/5/0/0/0,6325:1747647654352:,1747647662492
counter/4/0/0/0,6542:1747647655243:,1747647662492
counter/4/0/0/0,6543:1747647655243:,1747647662492
counter/4/0/0/0,6544:1747647655243:,1747647662493
counter/7/0/0/0,5990:1747647654207:,1747647662493
counter/5/0/0/0,6326:1747647654352:,1747647662493
counter/6/0/0/0,5504:1747647654175:,1747647662493
counter/8/0/0/0,6572:1747647654268:,1747647662493
counter/6/0/0/0,5505:1747647654184:,1747647662493
counter/6/0/0/0,5506:1747647654184:,1747647662493
counter/7/0/0/0,5991:1747647654207:,1747647662493
counter/7/0/0/0,5992:1747647654207:,1747647662493
counter/5/0/0/0,6327:1747647654352:,1747647662493
counter/6/0/0/0,5507:1747647654184:,1747647662494
counter/3/0/0/0,6490:1747647654408:,1747647662494
counter/3/0/0/0,6491:1747647654408:,1747647662494
counter/3/0/0/0,6492:1747647654408:,1747647662494
counter/3/0/0/0,6493:1747647654408:,1747647662494
counter/3/0/0/0,6494:1747647654409:,1747647662494
counter/3/0/0/0,6495:1747647654409:,1747647662494
counter/3/0/0/0,6496:1747647654409:,1747647662494
counter/3/0/0/0,6497:1747647654409:,1747647662494
counter/3/0/0/0,6498:1747647654409:,1747647662494
counter/3/0/0/0,6499:1747647654410:,1747647662494
counter/3/0/0/0,6500:1747647654410:,1747647662494
counter/3/0/0/0,6501:1747647654410:,1747647662494
counter/3/0/0/0,6502:1747647654410:,1747647662494
counter/3/0/0/0,6503:1747647654410:,1747647662494
counter/3/0/0/0,6504:1747647654410:,1747647662494
counter/6/0/0/0,5508:1747647654185:,1747647662494
counter/6/0/0/0,5509:1747647654185:,1747647662495
counter/6/0/0/0,5510:1747647654185:,1747647662495
counter/2/0/0/0,5935:1747647653668:,1747647662495
counter/6/0/0/0,5511:1747647654185:,1747647662495
counter/3/0/0/0,6505:1747647654413:,1747647662495
counter/3/0/0/0,6506:1747647654413:,1747647662495
counter/3/0/0/0,6507:1747647654413:,1747647662495
counter/3/0/0/0,6508:1747647654413:,1747647662496
counter/3/0/0/0,6509:1747647654413:,1747647662496
counter/3/0/0/0,6510:1747647654414:,1747647662496
counter/3/0/0/0,6511:1747647654414:,1747647662496
counter/3/0/0/0,6512:1747647654414:,1747647662496
counter/7/0/0/0,5993:1747647654207:,1747647662496
counter/7/0/0/0,5994:1747647654207:,1747647662496
counter/9/0/0/0,6657:1747647654483:,1747647662496
counter/7/0/0/0,5995:1747647654207:,1747647662496
counter/7/0/0/0,5996:1747647654207:,1747647662496
counter/7/0/0/0,5997:1747647654207:,1747647662496
counter/6/0/0/0,5512:1747647654185:,1747647662496
counter/4/0/0/0,6545:1747647655243:,1747647662496
counter/6/0/0/0,5513:1747647654185:,1747647662496
counter/5/0/0/0,6328:1747647654352:,1747647662496
counter/5/0/0/0,6329:1747647654352:,1747647662496
counter/5/0/0/0,6330:1747647654352:,1747647662496
counter/5/0/0/0,6331:1747647654352:,1747647662496
counter/6/0/0/0,5514:1747647654185:,1747647662497
counter/9/0/0/0,6658:1747647654483:,1747647662497
counter/7/0/0/0,5998:1747647654207:,1747647662499
counter/10/0/0/0,5933:1747647654003:,1747647662499
counter/10/0/0/0,5934:1747647654003:,1747647662499
counter/10/0/0/0,5935:1747647654003:,1747647662499
counter/10/0/0/0,5936:1747647654003:,1747647662499
counter/10/0/0/0,5937:1747647654003:,1747647662499
counter/3/0/0/0,6513:1747647654414:,1747647662499
counter/5/0/0/0,6332:1747647654352:,1747647662499
counter/3/0/0/0,6514:1747647654414:,1747647662499
counter/3/0/0/0,6515:1747647654414:,1747647662499
counter/3/0/0/0,6516:1747647654414:,1747647662499
counter/3/0/0/0,6517:1747647654414:,1747647662499
counter/3/0/0/0,6518:1747647654414:,1747647662499
counter/3/0/0/0,6519:1747647654414:,1747647662499
counter/3/0/0/0,6520:1747647654414:,1747647662499
counter/3/0/0/0,6521:1747647654414:,1747647662499
counter/3/0/0/0,6522:1747647654414:,1747647662499
counter/3/0/0/0,6523:1747647654416:,1747647662500
counter/3/0/0/0,6524:1747647654416:,1747647662500
counter/3/0/0/0,6525:1747647654416:,1747647662500
counter/9/0/0/0,6659:1747647654483:,1747647662500
counter/4/0/0/0,6546:1747647655243:,1747647662501
counter/4/0/0/0,6547:1747647655243:,1747647662501
counter/4/0/0/0,6548:1747647655245:,1747647662501
counter/4/0/0/0,6549:1747647655245:,1747647662501
counter/4/0/0/0,6550:1747647655245:,1747647662501
counter/4/0/0/0,6551:1747647655245:,1747647662501
counter/4/0/0/0,6552:1747647655245:,1747647662501
counter/4/0/0/0,6553:1747647655245:,1747647662501
counter/4/0/0/0,6554:1747647655245:,1747647662501
counter/4/0/0/0,6555:1747647655245:,1747647662502
counter/4/0/0/0,6556:1747647655245:,1747647662502
counter/4/0/0/0,6557:1747647655245:,1747647662502
counter/1/0/0/0,6763:1747647655089:,1747647662502
counter/1/0/0/0,6764:1747647655090:,1747647662502
counter/1/0/0/0,6765:1747647655090:,1747647662502
counter/1/0/0/0,6766:1747647655090:,1747647662502
counter/1/0/0/0,6767:1747647655090:,1747647662502
counter/1/0/0/0,6768:1747647655094:,1747647662502
counter/9/0/0/0,6660:1747647654483:,1747647662503
counter/3/0/0/0,6526:1747647654416:,1747647662504
counter/5/0/0/0,6333:1747647654352:,1747647662504
counter/10/0/0/0,5938:1747647654003:,1747647662505
counter/2/0/0/0,5936:1747647653668:,1747647662505
counter/2/0/0/0,5937:1747647653668:,1747647662505
counter/2/0/0/0,5938:1747647653668:,1747647662505
counter/2/0/0/0,5939:1747647653668:,1747647662505
counter/6/0/0/0,5515:1747647654185:,1747647662505
counter/6/0/0/0,5516:1747647654185:,1747647662505
counter/5/0/0/0,6334:1747647654352:,1747647662505
counter/6/0/0/0,5517:1747647654185:,1747647662505
counter/8/0/0/0,6573:1747647654268:,1747647662505
counter/6/0/0/0,5518:1747647654185:,1747647662505
counter/6/0/0/0,5519:1747647654185:,1747647662505
counter/8/0/0/0,6574:1747647654268:,1747647662505
counter/6/0/0/0,5520:1747647654185:,1747647662505
counter/6/0/0/0,5521:1747647654185:,1747647662505
counter/6/0/0/0,5522:1747647654185:,1747647662505
counter/6/0/0/0,5523:1747647654185:,1747647662505
counter/9/0/0/0,6661:1747647654483:,1747647662505
counter/9/0/0/0,6662:1747647654483:,1747647662505
counter/6/0/0/0,5524:1747647654188:,1747647662507
counter/9/0/0/0,6663:1747647654483:,1747647662507
counter/5/0/0/0,6335:1747647654352:,1747647662509
counter/5/0/0/0,6336:1747647654352:,1747647662509
counter/5/0/0/0,6337:1747647654361:,1747647662509
counter/9/0/0/0,6664:1747647654483:,1747647662510
counter/10/0/0/0,5939:1747647654003:,1747647662510
counter/10/0/0/0,5940:1747647654003:,1747647662510
counter/7/0/0/0,5999:1747647654207:,1747647662512
counter/5/0/0/0,6338:1747647654361:,1747647662512
counter/7/0/0/0,6000:1747647654207:,1747647662512
counter/4/0/0/0,6558:1747647655245:,1747647662512
counter/2/0/0/0,5940:1747647653668:,1747647662512
counter/2/0/0/0,5941:1747647653669:,1747647662512
counter/2/0/0/0,5942:1747647653669:,1747647662512
counter/4/0/0/0,6559:1747647655245:,1747647662513
counter/2/0/0/0,5943:1747647653669:,1747647662513
counter/2/0/0/0,5944:1747647653669:,1747647662513
counter/2/0/0/0,5945:1747647653671:,1747647662513
counter/2/0/0/0,5946:1747647653671:,1747647662513
counter/2/0/0/0,5947:1747647653671:,1747647662514
counter/2/0/0/0,5948:1747647653671:,1747647662514
counter/2/0/0/0,5949:1747647653671:,1747647662514
counter/2/0/0/0,5950:1747647653671:,1747647662514
counter/2/0/0/0,5951:1747647653671:,1747647662514
counter/2/0/0/0,5952:1747647653672:,1747647662514
counter/2/0/0/0,5953:1747647653672:,1747647662514
counter/2/0/0/0,5954:1747647653672:,1747647662514
counter/3/0/0/0,6527:1747647654416:,1747647662514
counter/3/0/0/0,6528:1747647654420:,1747647662514
counter/3/0/0/0,6529:1747647654420:,1747647662514
counter/3/0/0/0,6530:1747647654420:,1747647662514
counter/3/0/0/0,6531:1747647654420:,1747647662514
counter/3/0/0/0,6532:1747647654420:,1747647662514
counter/3/0/0/0,6533:1747647654424:,1747647662514
counter/6/0/0/0,5525:1747647654188:,1747647662514
counter/2/0/0/0,5955:1747647653672:,1747647662515
counter/6/0/0/0,5526:1747647654188:,1747647662515
counter/8/0/0/0,6575:1747647654275:,1747647662515
counter/2/0/0/0,5956:1747647653672:,1747647662515
counter/6/0/0/0,5527:1747647654188:,1747647662515
counter/1/0/0/0,6769:1747647655094:,1747647662518
counter/1/0/0/0,6770:1747647655094:,1747647662518
counter/1/0/0/0,6771:1747647655094:,1747647662518
counter/1/0/0/0,6772:1747647655094:,1747647662518
counter/1/0/0/0,6773:1747647655094:,1747647662518
counter/1/0/0/0,6774:1747647655094:,1747647662518
counter/1/0/0/0,6775:1747647655094:,1747647662518
counter/1/0/0/0,6776:1747647655094:,1747647662519
counter/1/0/0/0,6777:1747647655094:,1747647662519
counter/1/0/0/0,6778:1747647655094:,1747647662519
counter/1/0/0/0,6779:1747647655094:,1747647662519
counter/9/0/0/0,6665:1747647654483:,1747647662519
counter/7/0/0/0,6001:1747647654207:,1747647662520
counter/4/0/0/0,6560:1747647655245:,1747647662520
counter/4/0/0/0,6561:1747647655250:,1747647662520
counter/4/0/0/0,6562:1747647655250:,1747647662520
counter/4/0/0/0,6563:1747647655250:,1747647662520
counter/2/0/0/0,5957:1747647653672:,1747647662520
counter/6/0/0/0,5528:1747647654188:,1747647662520
counter/6/0/0/0,5529:1747647654189:,1747647662521
counter/6/0/0/0,5530:1747647654189:,1747647662521
counter/9/0/0/0,6666:1747647654483:,1747647662521
counter/7/0/0/0,6002:1747647654207:,1747647662521
counter/7/0/0/0,6003:1747647654207:,1747647662521
counter/7/0/0/0,6004:1747647654207:,1747647662521
counter/10/0/0/0,5941:1747647654003:,1747647662521
counter/7/0/0/0,6005:1747647654207:,1747647662521
counter/2/0/0/0,5958:1747647653672:,1747647662521
counter/7/0/0/0,6006:1747647654207:,1747647662521
counter/5/0/0/0,6339:1747647654361:,1747647662521
counter/5/0/0/0,6340:1747647654361:,1747647662522
counter/8/0/0/0,6576:1747647654275:,1747647662522
counter/8/0/0/0,6577:1747647654275:,1747647662522
counter/8/0/0/0,6578:1747647654275:,1747647662522
counter/3/0/0/0,6534:1747647654424:,1747647662522
counter/7/0/0/0,6007:1747647654207:,1747647662522
counter/6/0/0/0,5531:1747647654189:,1747647662522
counter/7/0/0/0,6008:1747647654208:,1747647662522
counter/1/0/0/0,6780:1747647655094:,1747647662522
counter/1/0/0/0,6781:1747647655094:,1747647662522
counter/1/0/0/0,6782:1747647655094:,1747647662522
counter/1/0/0/0,6783:1747647655094:,1747647662522
counter/9/0/0/0,6667:1747647654483:,1747647662522
counter/9/0/0/0,6668:1747647654483:,1747647662522
counter/9/0/0/0,6669:1747647654483:,1747647662523
counter/9/0/0/0,6670:1747647654483:,1747647662523
counter/9/0/0/0,6671:1747647654483:,1747647662523
counter/9/0/0/0,6672:1747647654483:,1747647662523
counter/9/0/0/0,6673:1747647654483:,1747647662523
counter/9/0/0/0,6674:1747647654483:,1747647662523
counter/6/0/0/0,5532:1747647654189:,1747647662523
counter/6/0/0/0,5533:1747647654189:,1747647662523
counter/6/0/0/0,5534:1747647654189:,1747647662523
counter/1/0/0/0,6784:1747647655094:,1747647662523
counter/7/0/0/0,6009:1747647654208:,1747647662523
counter/1/0/0/0,6785:1747647655094:,1747647662524
counter/7/0/0/0,6010:1747647654208:,1747647662524
counter/7/0/0/0,6011:1747647654208:,1747647662524
counter/7/0/0/0,6012:1747647654208:,1747647662524
counter/4/0/0/0,6564:1747647655250:,1747647662524
counter/2/0/0/0,5959:1747647653673:,1747647662524
counter/9/0/0/0,6675:1747647654483:,1747647662524
counter/2/0/0/0,5960:1747647653673:,1747647662524
counter/2/0/0/0,5961:1747647653673:,1747647662524
counter/2/0/0/0,5962:1747647653673:,1747647662524
counter/2/0/0/0,5963:1747647653673:,1747647662524
counter/2/0/0/0,5964:1747647653673:,1747647662524
counter/2/0/0/0,5965:1747647653673:,1747647662524
counter/2/0/0/0,5966:1747647653673:,1747647662525
counter/2/0/0/0,5967:1747647653673:,1747647662525
counter/7/0/0/0,6013:1747647654208:,1747647662525
counter/9/0/0/0,6676:1747647654483:,1747647662525
counter/9/0/0/0,6677:1747647654498:,1747647662525
counter/9/0/0/0,6678:1747647654498:,1747647662525
counter/9/0/0/0,6679:1747647654498:,1747647662525
counter/9/0/0/0,6680:1747647654498:,1747647662525
counter/9/0/0/0,6681:1747647654498:,1747647662525
counter/9/0/0/0,6682:1747647654498:,1747647662525
counter/9/0/0/0,6683:1747647654498:,1747647662525
counter/9/0/0/0,6684:1747647654498:,1747647662525
counter/9/0/0/0,6685:1747647654498:,1747647662525
counter/5/0/0/0,6341:1747647654361:,1747647662525
counter/1/0/0/0,6786:1747647655094:,1747647662525
counter/5/0/0/0,6342:1747647654361:,1747647662525
counter/5/0/0/0,6343:1747647654361:,1747647662526
counter/5/0/0/0,6344:1747647654362:,1747647662526
counter/5/0/0/0,6345:1747647654362:,1747647662526
counter/5/0/0/0,6346:1747647654362:,1747647662526
counter/3/0/0/0,6535:1747647654424:,1747647662526
counter/3/0/0/0,6536:1747647654424:,1747647662526
counter/3/0/0/0,6537:1747647654424:,1747647662526
counter/3/0/0/0,6538:1747647654424:,1747647662526
counter/3/0/0/0,6539:1747647654424:,1747647662526
counter/3/0/0/0,6540:1747647654424:,1747647662526
counter/3/0/0/0,6541:1747647654424:,1747647662526
counter/9/0/0/0,6686:1747647654503:,1747647662526
counter/6/0/0/0,5535:1747647654189:,1747647662527
counter/6/0/0/0,5536:1747647654190:,1747647662527
counter/6/0/0/0,5537:1747647654211:,1747647662527
counter/6/0/0/0,5538:1747647654211:,1747647662527
counter/6/0/0/0,5539:1747647654211:,1747647662527
counter/6/0/0/0,5540:1747647654211:,1747647662527
counter/6/0/0/0,5541:1747647654211:,1747647662527
counter/6/0/0/0,5542:1747647654211:,1747647662527
counter/6/0/0/0,5543:1747647654211:,1747647662527
counter/6/0/0/0,5544:1747647654211:,1747647662527
counter/1/0/0/0,6787:1747647655094:,1747647662527
counter/9/0/0/0,6687:1747647654517:,1747647662527
counter/7/0/0/0,6014:1747647654208:,1747647662528
counter/9/0/0/0,6688:1747647654517:,1747647662528
counter/5/0/0/0,6347:1747647654362:,1747647662528
counter/9/0/0/0,6689:1747647654517:,1747647662528
counter/7/0/0/0,6015:1747647654209:,1747647662528
counter/8/0/0/0,6579:1747647654275:,1747647662528
counter/8/0/0/0,6580:1747647654276:,1747647662528
counter/6/0/0/0,5545:1747647654211:,1747647662528
counter/6/0/0/0,5546:1747647654211:,1747647662528
counter/6/0/0/0,5547:1747647654211:,1747647662528
counter/6/0/0/0,5548:1747647654216:,1747647662529
counter/6/0/0/0,5549:1747647654216:,1747647662529
counter/1/0/0/0,6788:1747647655094:,1747647662529
counter/1/0/0/0,6789:1747647655095:,1747647662529
counter/1/0/0/0,6790:1747647655095:,1747647662529
counter/1/0/0/0,6791:1747647655095:,1747647662529
counter/1/0/0/0,6792:1747647655095:,1747647662529
counter/1/0/0/0,6793:1747647655095:,1747647662529
counter/7/0/0/0,6016:1747647654209:,1747647662529
counter/10/0/0/0,5942:1747647654003:,1747647662529
counter/7/0/0/0,6017:1747647654209:,1747647662529
counter/9/0/0/0,6690:1747647654517:,1747647662529
counter/9/0/0/0,6691:1747647654517:,1747647662530
counter/9/0/0/0,6692:1747647654517:,1747647662530
counter/5/0/0/0,6348:1747647654362:,1747647662530
counter/1/0/0/0,6794:1747647655095:,1747647662530
counter/1/0/0/0,6795:1747647655095:,1747647662530
counter/1/0/0/0,6796:1747647655095:,1747647662530
counter/1/0/0/0,6797:1747647655095:,1747647662530
counter/9/0/0/0,6693:1747647654517:,1747647662530
counter/9/0/0/0,6694:1747647654517:,1747647662530
counter/9/0/0/0,6695:1747647654517:,1747647662530
counter/9/0/0/0,6696:1747647654517:,1747647662530
counter/9/0/0/0,6697:1747647654517:,1747647662530
counter/9/0/0/0,6698:1747647654517:,1747647662530
counter/9/0/0/0,6699:1747647654517:,1747647662530
counter/9/0/0/0,6700:1747647654518:,1747647662530
counter/9/0/0/0,6701:1747647654518:,1747647662530
counter/9/0/0/0,6702:1747647654518:,1747647662530
counter/9/0/0/0,6703:1747647654518:,1747647662530
counter/9/0/0/0,6704:1747647654518:,1747647662530
counter/2/0/0/0,5968:1747647653674:,1747647662530
counter/2/0/0/0,5969:1747647653674:,1747647662530
counter/2/0/0/0,5970:1747647653674:,1747647662530
counter/2/0/0/0,5971:1747647653674:,1747647662530
counter/2/0/0/0,5972:1747647653674:,1747647662530
counter/2/0/0/0,5973:1747647653674:,1747647662530
counter/7/0/0/0,6018:1747647654209:,1747647662530
counter/2/0/0/0,5974:1747647653674:,1747647662530
counter/9/0/0/0,6705:1747647654522:,1747647662530
counter/2/0/0/0,5975:1747647653674:,1747647662531
counter/9/0/0/0,6706:1747647654522:,1747647662531
counter/2/0/0/0,5976:1747647653674:,1747647662531
counter/9/0/0/0,6707:1747647654522:,1747647662531
counter/2/0/0/0,5977:1747647653674:,1747647662531
counter/9/0/0/0,6708:1747647654522:,1747647662531
counter/2/0/0/0,5978:1747647653675:,1747647662531
counter/9/0/0/0,6709:1747647654522:,1747647662531
counter/9/0/0/0,6710:1747647654522:,1747647662531
counter/3/0/0/0,6542:1747647654424:,1747647662531
counter/9/0/0/0,6711:1747647654522:,1747647662531
counter/9/0/0/0,6712:1747647654522:,1747647662531
counter/9/0/0/0,6713:1747647654522:,1747647662531
counter/9/0/0/0,6714:1747647654522:,1747647662531
counter/9/0/0/0,6715:1747647654522:,1747647662531
counter/9/0/0/0,6716:1747647654522:,1747647662531
counter/8/0/0/0,6581:1747647654276:,1747647662531
counter/8/0/0/0,6582:1747647654276:,1747647662531
counter/5/0/0/0,6349:1747647654362:,1747647662531
counter/5/0/0/0,6350:1747647654362:,1747647662531
counter/8/0/0/0,6583:1747647654276:,1747647662531
counter/9/0/0/0,6717:1747647654551:,1747647662532
counter/6/0/0/0,5550:1747647654216:,1747647662532
counter/7/0/0/0,6019:1747647654209:,1747647662532
counter/7/0/0/0,6020:1747647654209:,1747647662532
counter/7/0/0/0,6021:1747647654224:,1747647662532
counter/7/0/0/0,6022:1747647654224:,1747647662532
counter/8/0/0/0,6584:1747647654276:,1747647662533
counter/6/0/0/0,5551:1747647654216:,1747647662533
counter/6/0/0/0,5552:1747647654216:,1747647662533
counter/6/0/0/0,5553:1747647654216:,1747647662534
counter/6/0/0/0,5554:1747647654216:,1747647662534
counter/6/0/0/0,5555:1747647654216:,1747647662534
counter/6/0/0/0,5556:1747647654216:,1747647662534
counter/6/0/0/0,5557:1747647654216:,1747647662534
counter/6/0/0/0,5558:1747647654216:,1747647662534
counter/6/0/0/0,5559:1747647654216:,1747647662534
counter/6/0/0/0,5560:1747647654217:,1747647662534
counter/6/0/0/0,5561:1747647654217:,1747647662534
counter/6/0/0/0,5562:1747647654217:,1747647662534
counter/4/0/0/0,6565:1747647655250:,1747647662535
counter/6/0/0/0,5563:1747647654227:,1747647662535
counter/6/0/0/0,5564:1747647654227:,1747647662535
counter/6/0/0/0,5565:1747647654227:,1747647662535
counter/6/0/0/0,5566:1747647654228:,1747647662535
counter/8/0/0/0,6585:1747647654276:,1747647662536
counter/8/0/0/0,6586:1747647654276:,1747647662536
counter/8/0/0/0,6587:1747647654289:,1747647662537
counter/8/0/0/0,6588:1747647654289:,1747647662537
counter/8/0/0/0,6589:1747647654289:,1747647662537
counter/8/0/0/0,6590:1747647654297:,1747647662537
counter/8/0/0/0,6591:1747647654298:,1747647662537
counter/8/0/0/0,6592:1747647654298:,1747647662537
counter/8/0/0/0,6593:1747647654298:,1747647662537
counter/8/0/0/0,6594:1747647654298:,1747647662537
counter/8/0/0/0,6595:1747647654298:,1747647662537
counter/8/0/0/0,6596:1747647654298:,1747647662538
counter/8/0/0/0,6597:1747647654300:,1747647662538
counter/5/0/0/0,6351:1747647654362:,1747647662538
counter/8/0/0/0,6598:1747647654300:,1747647662538
counter/9/0/0/0,6718:1747647654551:,1747647662538
counter/9/0/0/0,6719:1747647654552:,1747647662538
counter/9/0/0/0,6720:1747647654552:,1747647662538
counter/9/0/0/0,6721:1747647654552:,1747647662538
counter/9/0/0/0,6722:1747647654552:,1747647662538
counter/9/0/0/0,6723:1747647654552:,1747647662538
counter/9/0/0/0,6724:1747647654552:,1747647662538
counter/9/0/0/0,6725:1747647654552:,1747647662538
counter/8/0/0/0,6599:1747647654300:,1747647662538
counter/9/0/0/0,6726:1747647654552:,1747647662538
counter/9/0/0/0,6727:1747647654553:,1747647662538
counter/9/0/0/0,6728:1747647654555:,1747647662538
counter/9/0/0/0,6729:1747647654555:,1747647662538
counter/9/0/0/0,6730:1747647654555:,1747647662538
counter/9/0/0/0,6731:1747647654555:,1747647662538
counter/9/0/0/0,6732:1747647654555:,1747647662539
counter/9/0/0/0,6733:1747647654555:,1747647662539
counter/8/0/0/0,6600:1747647654300:,1747647662539
counter/9/0/0/0,6734:1747647654555:,1747647662539
counter/9/0/0/0,6735:1747647654555:,1747647662539
counter/3/0/0/0,6543:1747647654424:,1747647662539
counter/3/0/0/0,6544:1747647654424:,1747647662539
counter/7/0/0/0,6023:1747647654224:,1747647662539
counter/1/0/0/0,6798:1747647655095:,1747647662539
counter/6/0/0/0,5567:1747647654228:,1747647662539
counter/9/0/0/0,6736:1747647654555:,1747647662539
counter/9/0/0/0,6737:1747647654555:,1747647662539
counter/6/0/0/0,5568:1747647654228:,1747647662539
counter/9/0/0/0,6738:1747647654555:,1747647662539
counter/6/0/0/0,5569:1747647654228:,1747647662539
counter/6/0/0/0,5570:1747647654228:,1747647662539
counter/3/0/0/0,6545:1747647654424:,1747647662539
counter/3/0/0/0,6546:1747647654425:,1747647662539
counter/9/0/0/0,6739:1747647654555:,1747647662539
counter/1/0/0/0,6799:1747647655095:,1747647662539
counter/4/0/0/0,6566:1747647655250:,1747647662540
counter/5/0/0/0,6352:1747647654362:,1747647662540
counter/4/0/0/0,6567:1747647655250:,1747647662540
counter/4/0/0/0,6568:1747647655251:,1747647662540
counter/6/0/0/0,5571:1747647654230:,1747647662541
counter/6/0/0/0,5572:1747647654230:,1747647662541
counter/6/0/0/0,5573:1747647654230:,1747647662541
counter/6/0/0/0,5574:1747647654230:,1747647662541
counter/6/0/0/0,5575:1747647654230:,1747647662541
counter/6/0/0/0,5576:1747647654230:,1747647662541
counter/6/0/0/0,5577:1747647654230:,1747647662541
counter/6/0/0/0,5578:1747647654232:,1747647662541
counter/8/0/0/0,6601:1747647654300:,1747647662543
counter/8/0/0/0,6602:1747647654300:,1747647662543
counter/8/0/0/0,6603:1747647654300:,1747647662543
counter/8/0/0/0,6604:1747647654300:,1747647662543
counter/8/0/0/0,6605:1747647654300:,1747647662543
counter/8/0/0/0,6606:1747647654300:,1747647662544
counter/8/0/0/0,6607:1747647654301:,1747647662544
counter/8/0/0/0,6608:1747647654301:,1747647662544
counter/9/0/0/0,6740:1747647654555:,1747647662544
counter/9/0/0/0,6741:1747647654556:,1747647662544
counter/9/0/0/0,6742:1747647654556:,1747647662544
counter/9/0/0/0,6743:1747647654556:,1747647662544
counter/9/0/0/0,6744:1747647654556:,1747647662544
counter/9/0/0/0,6745:1747647654556:,1747647662544
counter/1/0/0/0,6800:1747647655095:,1747647662544
counter/5/0/0/0,6353:1747647654362:,1747647662545
counter/6/0/0/0,5579:1747647654232:,1747647662545
counter/6/0/0/0,5580:1747647654232:,1747647662545
counter/6/0/0/0,5581:1747647654232:,1747647662545
counter/6/0/0/0,5582:1747647654232:,1747647662545
counter/4/0/0/0,6569:1747647655251:,1747647662545
counter/2/0/0/0,5979:1747647653675:,1747647662545
counter/2/0/0/0,5980:1747647653675:,1747647662545
counter/8/0/0/0,6609:1747647654320:,1747647662545
counter/8/0/0/0,6610:1747647654320:,1747647662545
counter/3/0/0/0,6547:1747647654430:,1747647662545
counter/7/0/0/0,6024:1747647654224:,1747647662545
counter/7/0/0/0,6025:1747647654224:,1747647662545
counter/7/0/0/0,6026:1747647654243:,1747647662546
counter/7/0/0/0,6027:1747647654243:,1747647662546
counter/6/0/0/0,5583:1747647654232:,1747647662546
counter/4/0/0/0,6570:1747647655251:,1747647662546
counter/5/0/0/0,6354:1747647654362:,1747647662547
counter/4/0/0/0,6571:1747647655254:,1747647662547
counter/9/0/0/0,6746:1747647654556:,1747647662547
counter/9/0/0/0,6747:1747647654556:,1747647662549
counter/9/0/0/0,6748:1747647654556:,1747647662549
counter/9/0/0/0,6749:1747647654556:,1747647662549
counter/9/0/0/0,6750:1747647654556:,1747647662550
counter/9/0/0/0,6751:1747647654556:,1747647662550
counter/9/0/0/0,6752:1747647654556:,1747647662550
counter/9/0/0/0,6753:1747647654556:,1747647662550
counter/9/0/0/0,6754:1747647654556:,1747647662550
counter/9/0/0/0,6755:1747647654556:,1747647662550
counter/9/0/0/0,6756:1747647654556:,1747647662550
counter/9/0/0/0,6757:1747647654556:,1747647662550
counter/5/0/0/0,6355:1747647654362:,1747647662551
counter/5/0/0/0,6356:1747647654362:,1747647662552
counter/4/0/0/0,6572:1747647655254:,1747647662552
counter/7/0/0/0,6028:1747647654243:,1747647662552
counter/7/0/0/0,6029:1747647654243:,1747647662552
counter/1/0/0/0,6801:1747647655095:,1747647662552
counter/9/0/0/0,6758:1747647654558:,1747647662553
counter/9/0/0/0,6759:1747647654576:,1747647662553
counter/9/0/0/0,6760:1747647654576:,1747647662553
counter/10/0/0/0,5943:1747647654003:,1747647662553
counter/8/0/0/0,6611:1747647654320:,1747647662553
counter/5/0/0/0,6357:1747647654362:,1747647662553
counter/1/0/0/0,6802:1747647655095:,1747647662553
counter/1/0/0/0,6803:1747647655095:,1747647662553
counter/1/0/0/0,6804:1747647655099:,1747647662553
counter/1/0/0/0,6805:1747647655099:,1747647662554
counter/5/0/0/0,6358:1747647654364:,1747647662554
counter/1/0/0/0,6806:1747647655099:,1747647662555
counter/5/0/0/0,6359:1747647654364:,1747647662555
counter/5/0/0/0,6360:1747647654364:,1747647662555
counter/6/0/0/0,5584:1747647654232:,1747647662555
counter/6/0/0/0,5585:1747647654232:,1747647662555
counter/7/0/0/0,6030:1747647654243:,1747647662556
counter/7/0/0/0,6031:1747647654243:,1747647662556
counter/4/0/0/0,6573:1747647655277:,1747647662556
counter/8/0/0/0,6612:1747647654320:,1747647662557
counter/8/0/0/0,6613:1747647654320:,1747647662557
counter/8/0/0/0,6614:1747647654320:,1747647662557
counter/8/0/0/0,6615:1747647654320:,1747647662557
counter/8/0/0/0,6616:1747647654320:,1747647662557
counter/8/0/0/0,6617:1747647654320:,1747647662557
counter/6/0/0/0,5586:1747647654232:,1747647662559
counter/10/0/0/0,5944:1747647654004:,1747647662559
counter/10/0/0/0,5945:1747647654005:,1747647662559
counter/10/0/0/0,5946:1747647654005:,1747647662559
counter/8/0/0/0,6618:1747647654320:,1747647662559
counter/8/0/0/0,6619:1747647654320:,1747647662559
counter/2/0/0/0,5981:1747647653675:,1747647662559
counter/2/0/0/0,5982:1747647653688:,1747647662559
counter/10/0/0/0,5947:1747647654005:,1747647662563
counter/6/0/0/0,5587:1747647654233:,1747647662563
counter/2/0/0/0,5983:1747647653692:,1747647662563
counter/4/0/0/0,6574:1747647655277:,1747647662563
counter/4/0/0/0,6575:1747647655277:,1747647662563
counter/4/0/0/0,6576:1747647655277:,1747647662563
counter/4/0/0/0,6577:1747647655277:,1747647662563
counter/4/0/0/0,6578:1747647655277:,1747647662563
counter/4/0/0/0,6579:1747647655277:,1747647662563
counter/4/0/0/0,6580:1747647655277:,1747647662564
counter/4/0/0/0,6581:1747647655277:,1747647662564
counter/6/0/0/0,5588:1747647654233:,1747647662565
counter/7/0/0/0,6032:1747647654243:,1747647662566
counter/1/0/0/0,6807:1747647655099:,1747647662566
counter/1/0/0/0,6808:1747647655099:,1747647662566
counter/1/0/0/0,6809:1747647655099:,1747647662566
counter/1/0/0/0,6810:1747647655099:,1747647662566
counter/1/0/0/0,6811:1747647655099:,1747647662566
counter/1/0/0/0,6812:1747647655099:,1747647662566
counter/1/0/0/0,6813:1747647655099:,1747647662566
counter/1/0/0/0,6814:1747647655104:,1747647662566
counter/1/0/0/0,6815:1747647655104:,1747647662566
counter/1/0/0/0,6816:1747647655104:,1747647662566
counter/1/0/0/0,6817:1747647655124:,1747647662566
counter/9/0/0/0,6761:1747647654576:,1747647662567
counter/6/0/0/0,5589:1747647654233:,1747647662568
counter/1/0/0/0,6818:1747647655124:,1747647662568
counter/1/0/0/0,6819:1747647655124:,1747647662568
counter/9/0/0/0,6762:1747647654576:,1747647662568
counter/9/0/0/0,6763:1747647654576:,1747647662568
counter/9/0/0/0,6764:1747647654578:,1747647662568
counter/9/0/0/0,6765:1747647654579:,1747647662568
counter/9/0/0/0,6766:1747647654579:,1747647662568
counter/9/0/0/0,6767:1747647654579:,1747647662568
counter/2/0/0/0,5984:1747647653692:,1747647662568
counter/4/0/0/0,6582:1747647655277:,1747647662569
counter/8/0/0/0,6620:1747647654320:,1747647662569
counter/8/0/0/0,6621:1747647654320:,1747647662569
counter/8/0/0/0,6622:1747647654321:,1747647662569
counter/5/0/0/0,6361:1747647654364:,1747647662570
counter/5/0/0/0,6362:1747647654364:,1747647662570
counter/5/0/0/0,6363:1747647654364:,1747647662570
counter/5/0/0/0,6364:1747647654364:,1747647662570
counter/5/0/0/0,6365:1747647654364:,1747647662570
counter/8/0/0/0,6623:1747647654321:,1747647662570
counter/1/0/0/0,6820:1747647655124:,1747647662570
counter/9/0/0/0,6768:1747647654579:,1747647662571
counter/1/0/0/0,6821:1747647655124:,1747647662571
counter/1/0/0/0,6822:1747647655124:,1747647662571
counter/1/0/0/0,6823:1747647655124:,1747647662571
counter/10/0/0/0,5948:1747647654006:,1747647662571
counter/10/0/0/0,5949:1747647654006:,1747647662571
counter/9/0/0/0,6769:1747647654579:,1747647662571
counter/9/0/0/0,6770:1747647654579:,1747647662571
counter/9/0/0/0,6771:1747647654580:,1747647662571
counter/9/0/0/0,6772:1747647654580:,1747647662571
counter/9/0/0/0,6773:1747647654580:,1747647662571
counter/9/0/0/0,6774:1747647654580:,1747647662571
counter/9/0/0/0,6775:1747647654580:,1747647662571
counter/9/0/0/0,6776:1747647654580:,1747647662571
counter/9/0/0/0,6777:1747647654580:,1747647662571
counter/9/0/0/0,6778:1747647654580:,1747647662572
counter/9/0/0/0,6779:1747647654581:,1747647662572
counter/9/0/0/0,6780:1747647654581:,1747647662572
counter/9/0/0/0,6781:1747647654581:,1747647662572
counter/9/0/0/0,6782:1747647654581:,1747647662572
counter/7/0/0/0,6033:1747647654243:,1747647662572
counter/7/0/0/0,6034:1747647654243:,1747647662572
counter/7/0/0/0,6035:1747647654243:,1747647662572
counter/7/0/0/0,6036:1747647654243:,1747647662572
counter/5/0/0/0,6366:1747647654364:,1747647662572
counter/5/0/0/0,6367:1747647654364:,1747647662572
counter/4/0/0/0,6583:1747647655277:,1747647662573
counter/9/0/0/0,6783:1747647654583:,1747647662573
counter/4/0/0/0,6584:1747647655282:,1747647662573
counter/4/0/0/0,6585:1747647655282:,1747647662573
counter/4/0/0/0,6586:1747647655282:,1747647662573
counter/4/0/0/0,6587:1747647655282:,1747647662573
counter/4/0/0/0,6588:1747647655282:,1747647662573
counter/4/0/0/0,6589:1747647655282:,1747647662574
counter/4/0/0/0,6590:1747647655282:,1747647662574
counter/4/0/0/0,6591:1747647655282:,1747647662574
counter/4/0/0/0,6592:1747647655282:,1747647662574
counter/4/0/0/0,6593:1747647655285:,1747647662574
counter/4/0/0/0,6594:1747647655285:,1747647662574
counter/4/0/0/0,6595:1747647655285:,1747647662574
counter/4/0/0/0,6596:1747647655285:,1747647662574
counter/4/0/0/0,6597:1747647655285:,1747647662574
counter/4/0/0/0,6598:1747647655285:,1747647662574
counter/4/0/0/0,6599:1747647655298:,1747647662574
counter/6/0/0/0,5590:1747647654233:,1747647662574
counter/6/0/0/0,5591:1747647654233:,1747647662574
counter/6/0/0/0,5592:1747647654233:,1747647662574
counter/9/0/0/0,6784:1747647654590:,1747647662574
counter/3/0/0/0,6548:1747647654430:,1747647662576
counter/3/0/0/0,6549:1747647654430:,1747647662576
counter/3/0/0/0,6550:1747647654430:,1747647662576
counter/4/0/0/0,6600:1747647655298:,1747647662576
counter/1/0/0/0,6824:1747647655131:,1747647662577
counter/1/0/0/0,6825:1747647655131:,1747647662577
counter/9/0/0/0,6785:1747647654596:,1747647662577
counter/8/0/0/0,6624:1747647654322:,1747647662577
counter/9/0/0/0,6786:1747647654596:,1747647662578
counter/8/0/0/0,6625:1747647654322:,1747647662578
counter/7/0/0/0,6037:1747647654243:,1747647662578
counter/8/0/0/0,6626:1747647654322:,1747647662580
counter/5/0/0/0,6368:1747647654364:,1747647662580
counter/5/0/0/0,6369:1747647654364:,1747647662580
counter/3/0/0/0,6551:1747647654430:,1747647662580
counter/3/0/0/0,6552:1747647654430:,1747647662580
counter/3/0/0/0,6553:1747647654430:,1747647662580
counter/6/0/0/0,5593:1747647654233:,1747647662581
counter/7/0/0/0,6038:1747647654243:,1747647662581
counter/6/0/0/0,5594:1747647654233:,1747647662581
counter/7/0/0/0,6039:1747647654243:,1747647662581
counter/6/0/0/0,5595:1747647654233:,1747647662581
counter/9/0/0/0,6787:1747647654596:,1747647662583
counter/8/0/0/0,6627:1747647654322:,1747647662585
counter/1/0/0/0,6826:1747647655131:,1747647662585
counter/1/0/0/0,6827:1747647655131:,1747647662585
counter/1/0/0/0,6828:1747647655131:,1747647662585
counter/9/0/0/0,6788:1747647654596:,1747647662589
counter/9/0/0/0,6789:1747647654596:,1747647662589
counter/9/0/0/0,6790:1747647654596:,1747647662589
counter/9/0/0/0,6791:1747647654596:,1747647662589
counter/9/0/0/0,6792:1747647654596:,1747647662589
counter/4/0/0/0,6601:1747647655298:,1747647662589
counter/9/0/0/0,6793:1747647654596:,1747647662589
counter/3/0/0/0,6554:1747647654430:,1747647662589
counter/3/0/0/0,6555:1747647654430:,1747647662589
counter/3/0/0/0,6556:1747647654430:,1747647662590
counter/3/0/0/0,6557:1747647654430:,1747647662590
counter/3/0/0/0,6558:1747647654430:,1747647662590
counter/3/0/0/0,6559:1747647654430:,1747647662590
counter/6/0/0/0,5596:1747647654237:,1747647662590
counter/3/0/0/0,6560:1747647654430:,1747647662590
counter/7/0/0/0,6040:1747647654243:,1747647662590
counter/3/0/0/0,6561:1747647654430:,1747647662590
counter/7/0/0/0,6041:1747647654243:,1747647662590
counter/7/0/0/0,6042:1747647654244:,1747647662590
counter/7/0/0/0,6043:1747647654244:,1747647662592
counter/2/0/0/0,5985:1747647653692:,1747647662592
counter/2/0/0/0,5986:1747647653692:,1747647662592
counter/2/0/0/0,5987:1747647653692:,1747647662592
counter/2/0/0/0,5988:1747647653692:,1747647662593
counter/2/0/0/0,5989:1747647653692:,1747647662593
counter/2/0/0/0,5990:1747647653692:,1747647662593
counter/2/0/0/0,5991:1747647653692:,1747647662593
counter/2/0/0/0,5992:1747647653692:,1747647662593
counter/2/0/0/0,5993:1747647653692:,1747647662593
counter/2/0/0/0,5994:1747647653692:,1747647662593
counter/2/0/0/0,5995:1747647653692:,1747647662593
counter/2/0/0/0,5996:1747647653692:,1747647662593
counter/2/0/0/0,5997:1747647653692:,1747647662593
counter/8/0/0/0,6628:1747647654322:,1747647662593
counter/6/0/0/0,5597:1747647654237:,1747647662593
counter/8/0/0/0,6629:1747647654322:,1747647662593
counter/3/0/0/0,6562:1747647654430:,1747647662593
counter/1/0/0/0,6829:1747647655131:,1747647662594
counter/1/0/0/0,6830:1747647655131:,1747647662594
counter/1/0/0/0,6831:1747647655131:,1747647662594
counter/1/0/0/0,6832:1747647655137:,1747647662594
counter/1/0/0/0,6833:1747647655137:,1747647662594
counter/1/0/0/0,6834:1747647655137:,1747647662594
counter/1/0/0/0,6835:1747647655137:,1747647662594
counter/1/0/0/0,6836:1747647655137:,1747647662594
counter/4/0/0/0,6602:1747647655305:,1747647662596
counter/9/0/0/0,6794:1747647654596:,1747647662596
counter/4/0/0/0,6603:1747647655306:,1747647662596
counter/4/0/0/0,6604:1747647655306:,1747647662597
counter/8/0/0/0,6630:1747647654322:,1747647662597
counter/8/0/0/0,6631:1747647654322:,1747647662598
counter/8/0/0/0,6632:1747647654322:,1747647662598
counter/8/0/0/0,6633:1747647654322:,1747647662598
counter/6/0/0/0,5598:1747647654237:,1747647662598
counter/10/0/0/0,5950:1747647654006:,1747647662598
counter/3/0/0/0,6563:1747647654430:,1747647662598
counter/10/0/0/0,5951:1747647654006:,1747647662599
counter/8/0/0/0,6634:1747647654322:,1747647662599
counter/8/0/0/0,6635:1747647654322:,1747647662599
counter/8/0/0/0,6636:1747647654322:,1747647662600
counter/8/0/0/0,6637:1747647654322:,1747647662600
counter/8/0/0/0,6638:1747647654322:,1747647662600
counter/8/0/0/0,6639:1747647654322:,1747647662600
counter/8/0/0/0,6640:1747647654322:,1747647662600
counter/8/0/0/0,6641:1747647654322:,1747647662600
counter/8/0/0/0,6642:1747647654322:,1747647662600
counter/7/0/0/0,6044:1747647654244:,1747647662600
counter/8/0/0/0,6643:1747647654322:,1747647662600
counter/8/0/0/0,6644:1747647654322:,1747647662601
counter/8/0/0/0,6645:1747647654322:,1747647662601
counter/1/0/0/0,6837:1747647655138:,1747647662601
counter/1/0/0/0,6838:1747647655138:,1747647662601
counter/7/0/0/0,6045:1747647654244:,1747647662601
counter/7/0/0/0,6046:1747647654244:,1747647662601
counter/7/0/0/0,6047:1747647654244:,1747647662601
counter/7/0/0/0,6048:1747647654244:,1747647662601
counter/7/0/0/0,6049:1747647654244:,1747647662601
counter/7/0/0/0,6050:1747647654244:,1747647662601
counter/6/0/0/0,5599:1747647654237:,1747647662602
counter/6/0/0/0,5600:1747647654237:,1747647662602
counter/6/0/0/0,5601:1747647654237:,1747647662602
counter/6/0/0/0,5602:1747647654237:,1747647662602
counter/6/0/0/0,5603:1747647654249:,1747647662602
counter/6/0/0/0,5604:1747647654249:,1747647662602
counter/6/0/0/0,5605:1747647654249:,1747647662602
counter/6/0/0/0,5606:1747647654249:,1747647662602
counter/6/0/0/0,5607:1747647654249:,1747647662602
counter/3/0/0/0,6564:1747647654430:,1747647662602
counter/10/0/0/0,5952:1747647654006:,1747647662603
counter/10/0/0/0,5953:1747647654006:,1747647662603
counter/8/0/0/0,6646:1747647654323:,1747647662603
counter/1/0/0/0,6839:1747647655138:,1747647662603
counter/1/0/0/0,6840:1747647655138:,1747647662603
counter/1/0/0/0,6841:1747647655138:,1747647662603
counter/1/0/0/0,6842:1747647655138:,1747647662603
counter/1/0/0/0,6843:1747647655138:,1747647662603
counter/1/0/0/0,6844:1747647655138:,1747647662603
counter/1/0/0/0,6845:1747647655139:,1747647662603
counter/1/0/0/0,6846:1747647655149:,1747647662603
counter/1/0/0/0,6847:1747647655150:,1747647662604
counter/1/0/0/0,6848:1747647655150:,1747647662604
counter/1/0/0/0,6849:1747647655150:,1747647662604
counter/1/0/0/0,6850:1747647655150:,1747647662604
counter/1/0/0/0,6851:1747647655150:,1747647662604
counter/1/0/0/0,6852:1747647655150:,1747647662605
counter/6/0/0/0,5608:1747647654249:,1747647662605
counter/1/0/0/0,6853:1747647655150:,1747647662605
counter/6/0/0/0,5609:1747647654249:,1747647662605
counter/8/0/0/0,6647:1747647654323:,1747647662605
counter/10/0/0/0,5954:1747647654006:,1747647662605
counter/10/0/0/0,5955:1747647654006:,1747647662605
counter/7/0/0/0,6051:1747647654244:,1747647662605
counter/7/0/0/0,6052:1747647654244:,1747647662605
counter/7/0/0/0,6053:1747647654244:,1747647662605
counter/7/0/0/0,6054:1747647654246:,1747647662605
counter/7/0/0/0,6055:1747647654246:,1747647662605
counter/7/0/0/0,6056:1747647654246:,1747647662605
counter/9/0/0/0,6795:1747647654611:,1747647662605
counter/2/0/0/0,5998:1747647653692:,1747647662605
counter/6/0/0/0,5610:1747647654249:,1747647662606
counter/4/0/0/0,6605:1747647655306:,1747647662606
counter/4/0/0/0,6606:1747647655306:,1747647662606
counter/4/0/0/0,6607:1747647655306:,1747647662606
counter/4/0/0/0,6608:1747647655306:,1747647662606
counter/4/0/0/0,6609:1747647655306:,1747647662606
counter/8/0/0/0,6648:1747647654323:,1747647662606
counter/3/0/0/0,6565:1747647654430:,1747647662606
counter/6/0/0/0,5611:1747647654249:,1747647662606
counter/6/0/0/0,5612:1747647654250:,1747647662606
counter/4/0/0/0,6610:1747647655306:,1747647662606
counter/4/0/0/0,6611:1747647655306:,1747647662606
counter/4/0/0/0,6612:1747647655306:,1747647662606
counter/4/0/0/0,6613:1747647655306:,1747647662606
counter/6/0/0/0,5613:1747647654250:,1747647662606
counter/6/0/0/0,5614:1747647654250:,1747647662606
counter/6/0/0/0,5615:1747647654250:,1747647662606
counter/6/0/0/0,5616:1747647654250:,1747647662606
counter/7/0/0/0,6057:1747647654246:,1747647662606
counter/7/0/0/0,6058:1747647654246:,1747647662606
counter/7/0/0/0,6059:1747647654246:,1747647662606
counter/1/0/0/0,6854:1747647655150:,1747647662607
counter/2/0/0/0,5999:1747647653692:,1747647662607
counter/2/0/0/0,6000:1747647653692:,1747647662607
counter/2/0/0/0,6001:1747647653692:,1747647662607
counter/2/0/0/0,6002:1747647653693:,1747647662607
counter/5/0/0/0,6370:1747647654364:,1747647662607
counter/5/0/0/0,6371:1747647654364:,1747647662607
counter/6/0/0/0,5617:1747647654250:,1747647662607
counter/3/0/0/0,6566:1747647654430:,1747647662607
counter/3/0/0/0,6567:1747647654430:,1747647662607
counter/3/0/0/0,6568:1747647654430:,1747647662607
counter/3/0/0/0,6569:1747647654430:,1747647662607
counter/3/0/0/0,6570:1747647654431:,1747647662607
counter/3/0/0/0,6571:1747647654431:,1747647662607
counter/3/0/0/0,6572:1747647654431:,1747647662607
counter/3/0/0/0,6573:1747647654431:,1747647662607
counter/10/0/0/0,5956:1747647654006:,1747647662607
counter/10/0/0/0,5957:1747647654006:,1747647662607
counter/10/0/0/0,5958:1747647654006:,1747647662607
counter/10/0/0/0,5959:1747647654006:,1747647662608
counter/10/0/0/0,5960:1747647654006:,1747647662608
counter/10/0/0/0,5961:1747647654007:,1747647662608
counter/10/0/0/0,5962:1747647654012:,1747647662608
counter/10/0/0/0,5963:1747647654012:,1747647662608
counter/3/0/0/0,6574:1747647654431:,1747647662608
counter/3/0/0/0,6575:1747647654431:,1747647662608
counter/3/0/0/0,6576:1747647654431:,1747647662608
counter/3/0/0/0,6577:1747647654431:,1747647662608
counter/6/0/0/0,5618:1747647654250:,1747647662609
counter/9/0/0/0,6796:1747647654613:,1747647662609
counter/2/0/0/0,6003:1747647653693:,1747647662609
counter/9/0/0/0,6797:1747647654613:,1747647662609
counter/7/0/0/0,6060:1747647654246:,1747647662610
counter/4/0/0/0,6614:1747647655306:,1747647662611
counter/7/0/0/0,6061:1747647654246:,1747647662611
counter/7/0/0/0,6062:1747647654247:,1747647662611
counter/7/0/0/0,6063:1747647654247:,1747647662611
counter/7/0/0/0,6064:1747647654247:,1747647662611
counter/5/0/0/0,6372:1747647654364:,1747647662612
counter/1/0/0/0,6855:1747647655150:,1747647662612
counter/5/0/0/0,6373:1747647654364:,1747647662612
counter/2/0/0/0,6004:1747647653693:,1747647662612
counter/2/0/0/0,6005:1747647653694:,1747647662613
counter/2/0/0/0,6006:1747647653694:,1747647662613
counter/2/0/0/0,6007:1747647653694:,1747647662613
counter/5/0/0/0,6374:1747647654364:,1747647662613
counter/6/0/0/0,5619:1747647654250:,1747647662614
counter/9/0/0/0,6798:1747647654613:,1747647662614
counter/8/0/0/0,6649:1747647654323:,1747647662614
counter/8/0/0/0,6650:1747647654324:,1747647662614
counter/8/0/0/0,6651:1747647654324:,1747647662614
counter/8/0/0/0,6652:1747647654324:,1747647662614
counter/8/0/0/0,6653:1747647654324:,1747647662614
counter/3/0/0/0,6578:1747647654431:,1747647662614
counter/3/0/0/0,6579:1747647654431:,1747647662614
counter/3/0/0/0,6580:1747647654431:,1747647662614
counter/7/0/0/0,6065:1747647654247:,1747647662614
counter/5/0/0/0,6375:1747647654366:,1747647662614
counter/5/0/0/0,6376:1747647654366:,1747647662614
counter/5/0/0/0,6377:1747647654366:,1747647662614
counter/5/0/0/0,6378:1747647654366:,1747647662614
counter/5/0/0/0,6379:1747647654366:,1747647662614
counter/5/0/0/0,6380:1747647654366:,1747647662614
counter/5/0/0/0,6381:1747647654366:,1747647662614
counter/8/0/0/0,6654:1747647654324:,1747647662614
counter/9/0/0/0,6799:1747647654613:,1747647662614
counter/9/0/0/0,6800:1747647654613:,1747647662614
counter/6/0/0/0,5620:1747647654251:,1747647662614
counter/9/0/0/0,6801:1747647654616:,1747647662615
counter/5/0/0/0,6382:1747647654366:,1747647662616
counter/5/0/0/0,6383:1747647654366:,1747647662616
counter/5/0/0/0,6384:1747647654366:,1747647662616
counter/5/0/0/0,6385:1747647654366:,1747647662616
counter/5/0/0/0,6386:1747647654366:,1747647662616
counter/5/0/0/0,6387:1747647654366:,1747647662616
counter/5/0/0/0,6388:1747647654366:,1747647662616
counter/5/0/0/0,6389:1747647654366:,1747647662616
counter/6/0/0/0,5621:1747647654251:,1747647662616
counter/3/0/0/0,6581:1747647654431:,1747647662618
counter/8/0/0/0,6655:1747647654324:,1747647662618
counter/5/0/0/0,6390:1747647654366:,1747647662618
counter/5/0/0/0,6391:1747647654366:,1747647662618
counter/5/0/0/0,6392:1747647654366:,1747647662618
counter/5/0/0/0,6393:1747647654366:,1747647662619
counter/5/0/0/0,6394:1747647654398:,1747647662619
counter/2/0/0/0,6008:1747647653694:,1747647662619
counter/5/0/0/0,6395:1747647654399:,1747647662619
counter/2/0/0/0,6009:1747647653694:,1747647662619
counter/5/0/0/0,6396:1747647654399:,1747647662619
counter/2/0/0/0,6010:1747647653694:,1747647662619
counter/2/0/0/0,6011:1747647653694:,1747647662619
counter/7/0/0/0,6066:1747647654247:,1747647662619
counter/2/0/0/0,6012:1747647653694:,1747647662619
counter/4/0/0/0,6615:1747647655306:,1747647662619
counter/9/0/0/0,6802:1747647654616:,1747647662619
counter/5/0/0/0,6397:1747647654399:,1747647662620
counter/5/0/0/0,6398:1747647654399:,1747647662620
counter/5/0/0/0,6399:1747647654399:,1747647662620
counter/5/0/0/0,6400:1747647654399:,1747647662620
counter/5/0/0/0,6401:1747647654399:,1747647662620
counter/8/0/0/0,6656:1747647654324:,1747647662621
counter/8/0/0/0,6657:1747647654324:,1747647662621
counter/8/0/0/0,6658:1747647654332:,1747647662621
counter/8/0/0/0,6659:1747647654332:,1747647662621
counter/8/0/0/0,6660:1747647654332:,1747647662621
counter/8/0/0/0,6661:1747647654332:,1747647662621
counter/8/0/0/0,6662:1747647654332:,1747647662621
counter/8/0/0/0,6663:1747647654332:,1747647662621
counter/2/0/0/0,6013:1747647653694:,1747647662622
counter/4/0/0/0,6616:1747647655310:,1747647662622
counter/2/0/0/0,6014:1747647653694:,1747647662623
counter/2/0/0/0,6015:1747647653694:,1747647662623
counter/2/0/0/0,6016:1747647653694:,1747647662623
counter/7/0/0/0,6067:1747647654247:,1747647662623
counter/2/0/0/0,6017:1747647653694:,1747647662624
counter/7/0/0/0,6068:1747647654247:,1747647662624
counter/2/0/0/0,6018:1747647653694:,1747647662624
counter/8/0/0/0,6664:1747647654332:,1747647662624
counter/8/0/0/0,6665:1747647654332:,1747647662625
counter/4/0/0/0,6617:1747647655310:,1747647662625
counter/4/0/0/0,6618:1747647655310:,1747647662625
counter/4/0/0/0,6619:1747647655310:,1747647662625
counter/4/0/0/0,6620:1747647655310:,1747647662625
counter/4/0/0/0,6621:1747647655310:,1747647662625
counter/4/0/0/0,6622:1747647655310:,1747647662626
counter/4/0/0/0,6623:1747647655310:,1747647662626
counter/9/0/0/0,6803:1747647654616:,1747647662626
counter/3/0/0/0,6582:1747647654431:,1747647662626
counter/9/0/0/0,6804:1747647654616:,1747647662626
counter/10/0/0/0,5964:1747647654012:,1747647662626
counter/10/0/0/0,5965:1747647654012:,1747647662626
counter/7/0/0/0,6069:1747647654247:,1747647662626
counter/7/0/0/0,6070:1747647654253:,1747647662626
counter/10/0/0/0,5966:1747647654012:,1747647662626
counter/10/0/0/0,5967:1747647654012:,1747647662626
counter/10/0/0/0,5968:1747647654012:,1747647662626
counter/10/0/0/0,5969:1747647654013:,1747647662626
counter/10/0/0/0,5970:1747647654013:,1747647662626
counter/10/0/0/0,5971:1747647654013:,1747647662626
counter/10/0/0/0,5972:1747647654013:,1747647662626
counter/10/0/0/0,5973:1747647654013:,1747647662626
counter/10/0/0/0,5974:1747647654013:,1747647662627
counter/10/0/0/0,5975:1747647654013:,1747647662627
counter/6/0/0/0,5622:1747647654251:,1747647662627
counter/10/0/0/0,5976:1747647654017:,1747647662627
counter/6/0/0/0,5623:1747647654251:,1747647662627
counter/6/0/0/0,5624:1747647654251:,1747647662627
counter/6/0/0/0,5625:1747647654251:,1747647662627
counter/6/0/0/0,5626:1747647654251:,1747647662627
counter/6/0/0/0,5627:1747647654251:,1747647662628
counter/6/0/0/0,5628:1747647654265:,1747647662628
counter/6/0/0/0,5629:1747647654265:,1747647662628
counter/6/0/0/0,5630:1747647654265:,1747647662628
counter/6/0/0/0,5631:1747647654265:,1747647662628
counter/6/0/0/0,5632:1747647654265:,1747647662628
counter/6/0/0/0,5633:1747647654265:,1747647662628
counter/6/0/0/0,5634:1747647654265:,1747647662628
counter/5/0/0/0,6402:1747647654399:,1747647662628
counter/5/0/0/0,6403:1747647654399:,1747647662628
counter/5/0/0/0,6404:1747647654399:,1747647662628
counter/5/0/0/0,6405:1747647654399:,1747647662628
counter/2/0/0/0,6019:1747647653694:,1747647662628
counter/1/0/0/0,6856:1747647655150:,1747647662631
counter/8/0/0/0,6666:1747647654332:,1747647662631
counter/4/0/0/0,6624:1747647655312:,1747647662632
counter/3/0/0/0,6583:1747647654431:,1747647662632
counter/3/0/0/0,6584:1747647654431:,1747647662632
counter/3/0/0/0,6585:1747647654431:,1747647662632
counter/3/0/0/0,6586:1747647654431:,1747647662632
counter/3/0/0/0,6587:1747647654431:,1747647662632
counter/3/0/0/0,6588:1747647654431:,1747647662632
counter/3/0/0/0,6589:1747647654431:,1747647662632
counter/3/0/0/0,6590:1747647654432:,1747647662632
counter/3/0/0/0,6591:1747647654432:,1747647662632
counter/4/0/0/0,6625:1747647655331:,1747647662632
counter/4/0/0/0,6626:1747647655331:,1747647662632
counter/6/0/0/0,5635:1747647654266:,1747647662634
counter/6/0/0/0,5636:1747647654266:,1747647662634
counter/6/0/0/0,5637:1747647654266:,1747647662634
counter/6/0/0/0,5638:1747647654266:,1747647662634
counter/6/0/0/0,5639:1747647654266:,1747647662634
counter/6/0/0/0,5640:1747647654269:,1747647662634
counter/6/0/0/0,5641:1747647654269:,1747647662634
counter/5/0/0/0,6406:1747647654399:,1747647662634
counter/6/0/0/0,5642:1747647654269:,1747647662634
counter/5/0/0/0,6407:1747647654399:,1747647662634
counter/6/0/0/0,5643:1747647654269:,1747647662634
counter/5/0/0/0,6408:1747647654399:,1747647662634
counter/6/0/0/0,5644:1747647654269:,1747647662634
counter/5/0/0/0,6409:1747647654399:,1747647662634
counter/5/0/0/0,6410:1747647654399:,1747647662634
counter/5/0/0/0,6411:1747647654399:,1747647662635
counter/5/0/0/0,6412:1747647654399:,1747647662635
counter/5/0/0/0,6413:1747647654399:,1747647662635
counter/3/0/0/0,6592:1747647654432:,1747647662635
counter/3/0/0/0,6593:1747647654432:,1747647662635
counter/3/0/0/0,6594:1747647654432:,1747647662635
counter/3/0/0/0,6595:1747647654432:,1747647662635
counter/3/0/0/0,6596:1747647654432:,1747647662635
counter/7/0/0/0,6071:1747647654253:,1747647662635
counter/4/0/0/0,6627:1747647655335:,1747647662635
counter/5/0/0/0,6414:1747647654399:,1747647662635
counter/5/0/0/0,6415:1747647654399:,1747647662635
counter/1/0/0/0,6857:1747647655150:,1747647662635
counter/2/0/0/0,6020:1747647653694:,1747647662635
counter/1/0/0/0,6858:1747647655150:,1747647662635
counter/4/0/0/0,6628:1747647655335:,1747647662635
counter/4/0/0/0,6629:1747647655335:,1747647662635
counter/4/0/0/0,6630:1747647655335:,1747647662635
counter/8/0/0/0,6667:1747647654339:,1747647662636
counter/8/0/0/0,6668:1747647654339:,1747647662636
counter/8/0/0/0,6669:1747647654339:,1747647662636
counter/8/0/0/0,6670:1747647654339:,1747647662636
counter/10/0/0/0,5977:1747647654017:,1747647662636
counter/6/0/0/0,5645:1747647654269:,1747647662636
counter/6/0/0/0,5646:1747647654269:,1747647662636
counter/6/0/0/0,5647:1747647654281:,1747647662636
counter/6/0/0/0,5648:1747647654281:,1747647662636
counter/6/0/0/0,5649:1747647654281:,1747647662636
counter/7/0/0/0,6072:1747647654254:,1747647662636
counter/7/0/0/0,6073:1747647654254:,1747647662636
counter/7/0/0/0,6074:1747647654254:,1747647662636
counter/9/0/0/0,6805:1747647654616:,1747647662637
counter/4/0/0/0,6631:1747647655335:,1747647662637
counter/4/0/0/0,6632:1747647655335:,1747647662637
counter/1/0/0/0,6859:1747647655150:,1747647662638
counter/3/0/0/0,6597:1747647654432:,1747647662639
counter/1/0/0/0,6860:1747647655153:,1747647662639
counter/6/0/0/0,5650:1747647654281:,1747647662639
counter/1/0/0/0,6861:1747647655154:,1747647662639
counter/6/0/0/0,5651:1747647654281:,1747647662639
counter/1/0/0/0,6862:1747647655155:,1747647662639
counter/6/0/0/0,5652:1747647654281:,1747647662639
counter/6/0/0/0,5653:1747647654281:,1747647662639
counter/6/0/0/0,5654:1747647654281:,1747647662639
counter/6/0/0/0,5655:1747647654281:,1747647662639
counter/6/0/0/0,5656:1747647654282:,1747647662639
counter/6/0/0/0,5657:1747647654282:,1747647662639
counter/6/0/0/0,5658:1747647654282:,1747647662639
counter/5/0/0/0,6416:1747647654399:,1747647662639
counter/8/0/0/0,6671:1747647654339:,1747647662639
counter/9/0/0/0,6806:1747647654616:,1747647662639
counter/9/0/0/0,6807:1747647654616:,1747647662639
counter/9/0/0/0,6808:1747647654616:,1747647662639
counter/9/0/0/0,6809:1747647654617:,1747647662639
counter/9/0/0/0,6810:1747647654617:,1747647662639
counter/9/0/0/0,6811:1747647654617:,1747647662639
counter/9/0/0/0,6812:1747647654617:,1747647662639
counter/9/0/0/0,6813:1747647654617:,1747647662639
counter/9/0/0/0,6814:1747647654617:,1747647662640
counter/5/0/0/0,6417:1747647654399:,1747647662640
counter/8/0/0/0,6672:1747647654341:,1747647662640
counter/10/0/0/0,5978:1747647654017:,1747647662640
counter/10/0/0/0,5979:1747647654017:,1747647662640
counter/3/0/0/0,6598:1747647654432:,1747647662640
counter/1/0/0/0,6863:1747647655155:,1747647662641
counter/1/0/0/0,6864:1747647655155:,1747647662641
counter/1/0/0/0,6865:1747647655155:,1747647662641
counter/1/0/0/0,6866:1747647655163:,1747647662641
counter/1/0/0/0,6867:1747647655163:,1747647662641
counter/1/0/0/0,6868:1747647655163:,1747647662641
counter/1/0/0/0,6869:1747647655176:,1747647662641
counter/1/0/0/0,6870:1747647655176:,1747647662642
counter/1/0/0/0,6871:1747647655176:,1747647662642
counter/1/0/0/0,6872:1747647655176:,1747647662642
counter/1/0/0/0,6873:1747647655176:,1747647662642
counter/1/0/0/0,6874:1747647655176:,1747647662642
counter/1/0/0/0,6875:1747647655176:,1747647662642
counter/6/0/0/0,5659:1747647654282:,1747647662642
counter/6/0/0/0,5660:1747647654287:,1747647662642
counter/6/0/0/0,5661:1747647654287:,1747647662642
counter/6/0/0/0,5662:1747647654287:,1747647662642
counter/6/0/0/0,5663:1747647654288:,1747647662642
counter/6/0/0/0,5664:1747647654294:,1747647662642
counter/6/0/0/0,5665:1747647654294:,1747647662642
counter/6/0/0/0,5666:1747647654294:,1747647662642
counter/6/0/0/0,5667:1747647654294:,1747647662642
counter/6/0/0/0,5668:1747647654297:,1747647662642
counter/6/0/0/0,5669:1747647654297:,1747647662642
counter/6/0/0/0,5670:1747647654297:,1747647662642
counter/10/0/0/0,5980:1747647654017:,1747647662642
counter/8/0/0/0,6673:1747647654341:,1747647662643
counter/8/0/0/0,6674:1747647654341:,1747647662643
counter/8/0/0/0,6675:1747647654341:,1747647662643
counter/8/0/0/0,6676:1747647654342:,1747647662643
counter/6/0/0/0,5671:1747647654297:,1747647662645
counter/6/0/0/0,5672:1747647654297:,1747647662645
counter/6/0/0/0,5673:1747647654308:,1747647662645
counter/6/0/0/0,5674:1747647654308:,1747647662645
counter/6/0/0/0,5675:1747647654308:,1747647662645
counter/6/0/0/0,5676:1747647654308:,1747647662646
counter/7/0/0/0,6075:1747647654254:,1747647662646
counter/1/0/0/0,6876:1747647655178:,1747647662646
counter/1/0/0/0,6877:1747647655178:,1747647662646
counter/1/0/0/0,6878:1747647655179:,1747647662646
counter/1/0/0/0,6879:1747647655186:,1747647662647
counter/5/0/0/0,6418:1747647654399:,1747647662647
counter/1/0/0/0,6880:1747647655186:,1747647662647
counter/5/0/0/0,6419:1747647654400:,1747647662647
counter/9/0/0/0,6815:1747647654617:,1747647662647
counter/9/0/0/0,6816:1747647654617:,1747647662647
counter/9/0/0/0,6817:1747647654617:,1747647662647
counter/9/0/0/0,6818:1747647654617:,1747647662647
counter/9/0/0/0,6819:1747647654617:,1747647662647
counter/7/0/0/0,6076:1747647654254:,1747647662647
counter/7/0/0/0,6077:1747647654254:,1747647662647
counter/1/0/0/0,6881:1747647655186:,1747647662647
counter/1/0/0/0,6882:1747647655201:,1747647662647
counter/1/0/0/0,6883:1747647655202:,1747647662647
counter/1/0/0/0,6884:1747647655202:,1747647662647
counter/1/0/0/0,6885:1747647655202:,1747647662647
counter/1/0/0/0,6886:1747647655202:,1747647662647
counter/1/0/0/0,6887:1747647655202:,1747647662648
counter/1/0/0/0,6888:1747647655202:,1747647662648
counter/1/0/0/0,6889:1747647655202:,1747647662648
counter/4/0/0/0,6633:1747647655335:,1747647662649
counter/3/0/0/0,6599:1747647654432:,1747647662649
counter/4/0/0/0,6634:1747647655335:,1747647662649
counter/6/0/0/0,5677:1747647654308:,1747647662649
counter/9/0/0/0,6820:1747647654617:,1747647662649
counter/4/0/0/0,6635:1747647655335:,1747647662649
counter/8/0/0/0,6677:1747647654342:,1747647662650
counter/2/0/0/0,6021:1747647653694:,1747647662650
counter/2/0/0/0,6022:1747647653698:,1747647662650
counter/2/0/0/0,6023:1747647653699:,1747647662650
counter/2/0/0/0,6024:1747647653699:,1747647662650
counter/2/0/0/0,6025:1747647653699:,1747647662650
counter/2/0/0/0,6026:1747647653705:,1747647662650
counter/2/0/0/0,6027:1747647653714:,1747647662650
counter/2/0/0/0,6028:1747647653714:,1747647662650
counter/2/0/0/0,6029:1747647653715:,1747647662650
counter/2/0/0/0,6030:1747647653715:,1747647662650
counter/2/0/0/0,6031:1747647653715:,1747647662650
counter/8/0/0/0,6678:1747647654342:,1747647662650
counter/6/0/0/0,5678:1747647654311:,1747647662650
counter/8/0/0/0,6679:1747647654342:,1747647662650
counter/6/0/0/0,5679:1747647654311:,1747647662650
counter/8/0/0/0,6680:1747647654342:,1747647662650
counter/9/0/0/0,6821:1747647654627:,1747647662651
counter/9/0/0/0,6822:1747647654627:,1747647662651
counter/9/0/0/0,6823:1747647654627:,1747647662652
counter/9/0/0/0,6824:1747647654627:,1747647662652
counter/9/0/0/0,6825:1747647654627:,1747647662652
counter/9/0/0/0,6826:1747647654627:,1747647662652
counter/9/0/0/0,6827:1747647654627:,1747647662652
counter/9/0/0/0,6828:1747647654627:,1747647662652
counter/7/0/0/0,6078:1747647654254:,1747647662652
counter/7/0/0/0,6079:1747647654254:,1747647662652
counter/7/0/0/0,6080:1747647654254:,1747647662652
counter/7/0/0/0,6081:1747647654254:,1747647662652
counter/7/0/0/0,6082:1747647654254:,1747647662652
counter/7/0/0/0,6083:1747647654255:,1747647662652
counter/7/0/0/0,6084:1747647654255:,1747647662653
counter/7/0/0/0,6085:1747647654255:,1747647662653
counter/7/0/0/0,6086:1747647654255:,1747647662653
counter/7/0/0/0,6087:1747647654255:,1747647662653
counter/2/0/0/0,6032:1747647653715:,1747647662653
counter/2/0/0/0,6033:1747647653715:,1747647662653
counter/2/0/0/0,6034:1747647653715:,1747647662653
counter/2/0/0/0,6035:1747647653715:,1747647662653
counter/2/0/0/0,6036:1747647653715:,1747647662653
counter/2/0/0/0,6037:1747647653715:,1747647662653
counter/2/0/0/0,6038:1747647653715:,1747647662653
counter/2/0/0/0,6039:1747647653715:,1747647662653
counter/2/0/0/0,6040:1747647653715:,1747647662653
counter/1/0/0/0,6890:1747647655202:,1747647662653
counter/10/0/0/0,5981:1747647654017:,1747647662653
counter/10/0/0/0,5982:1747647654017:,1747647662653
counter/10/0/0/0,5983:1747647654017:,1747647662653
counter/10/0/0/0,5984:1747647654017:,1747647662653
counter/7/0/0/0,6088:1747647654255:,1747647662653
counter/10/0/0/0,5985:1747647654017:,1747647662654
counter/2/0/0/0,6041:1747647653716:,1747647662655
counter/2/0/0/0,6042:1747647653716:,1747647662655
counter/2/0/0/0,6043:1747647653716:,1747647662655
counter/2/0/0/0,6044:1747647653716:,1747647662655
counter/2/0/0/0,6045:1747647653716:,1747647662655
counter/2/0/0/0,6046:1747647653716:,1747647662655
counter/2/0/0/0,6047:1747647653716:,1747647662655
counter/2/0/0/0,6048:1747647653722:,1747647662655
counter/2/0/0/0,6049:1747647653722:,1747647662655
counter/2/0/0/0,6050:1747647653722:,1747647662655
counter/2/0/0/0,6051:1747647653722:,1747647662655
counter/2/0/0/0,6052:1747647653722:,1747647662655
counter/2/0/0/0,6053:1747647653722:,1747647662655
counter/2/0/0/0,6054:1747647653722:,1747647662655
counter/3/0/0/0,6600:1747647654432:,1747647662656
counter/3/0/0/0,6601:1747647654432:,1747647662656
counter/3/0/0/0,6602:1747647654432:,1747647662656
counter/3/0/0/0,6603:1747647654437:,1747647662656
counter/8/0/0/0,6681:1747647654342:,1747647662656
counter/3/0/0/0,6604:1747647654437:,1747647662656
counter/3/0/0/0,6605:1747647654437:,1747647662656
counter/3/0/0/0,6606:1747647654437:,1747647662656
counter/4/0/0/0,6636:1747647655335:,1747647662656
counter/7/0/0/0,6089:1747647654255:,1747647662656
counter/5/0/0/0,6420:1747647654400:,1747647662657
counter/5/0/0/0,6421:1747647654400:,1747647662657
counter/5/0/0/0,6422:1747647654400:,1747647662657
counter/5/0/0/0,6423:1747647654400:,1747647662657
counter/2/0/0/0,6055:1747647653722:,1747647662657
counter/5/0/0/0,6424:1747647654415:,1747647662657
counter/2/0/0/0,6056:1747647653723:,1747647662657
counter/5/0/0/0,6425:1747647654415:,1747647662658
counter/2/0/0/0,6057:1747647653723:,1747647662658
counter/5/0/0/0,6426:1747647654415:,1747647662658
counter/2/0/0/0,6058:1747647653723:,1747647662658
counter/2/0/0/0,6059:1747647653723:,1747647662658
counter/2/0/0/0,6060:1747647653723:,1747647662658
counter/2/0/0/0,6061:1747647653723:,1747647662658
counter/2/0/0/0,6062:1747647653725:,1747647662659
counter/2/0/0/0,6063:1747647653726:,1747647662659
counter/2/0/0/0,6064:1747647653729:,1747647662659
counter/2/0/0/0,6065:1747647653729:,1747647662659
counter/5/0/0/0,6427:1747647654415:,1747647662659
counter/5/0/0/0,6428:1747647654415:,1747647662659
counter/5/0/0/0,6429:1747647654415:,1747647662659
counter/5/0/0/0,6430:1747647654415:,1747647662659
counter/5/0/0/0,6431:1747647654415:,1747647662659
counter/5/0/0/0,6432:1747647654418:,1747647662659
counter/5/0/0/0,6433:1747647654418:,1747647662659
counter/5/0/0/0,6434:1747647654418:,1747647662659
counter/5/0/0/0,6435:1747647654418:,1747647662659
counter/5/0/0/0,6436:1747647654418:,1747647662659
counter/7/0/0/0,6090:1747647654255:,1747647662660
counter/7/0/0/0,6091:1747647654255:,1747647662660
counter/7/0/0/0,6092:1747647654255:,1747647662660
counter/7/0/0/0,6093:1747647654255:,1747647662660
counter/7/0/0/0,6094:1747647654255:,1747647662660
counter/1/0/0/0,6891:1747647655202:,1747647662660
counter/6/0/0/0,5680:1747647654311:,1747647662660
counter/10/0/0/0,5986:1747647654017:,1747647662660
counter/10/0/0/0,5987:1747647654017:,1747647662660
counter/10/0/0/0,5988:1747647654018:,1747647662660
counter/7/0/0/0,6095:1747647654255:,1747647662660
counter/8/0/0/0,6682:1747647654342:,1747647662660
counter/5/0/0/0,6437:1747647654418:,1747647662661
counter/3/0/0/0,6607:1747647654437:,1747647662661
counter/3/0/0/0,6608:1747647654437:,1747647662661
counter/3/0/0/0,6609:1747647654437:,1747647662661
counter/4/0/0/0,6637:1747647655335:,1747647662661
counter/4/0/0/0,6638:1747647655335:,1747647662662
counter/4/0/0/0,6639:1747647655335:,1747647662662
counter/4/0/0/0,6640:1747647655335:,1747647662662
counter/4/0/0/0,6641:1747647655335:,1747647662662
counter/4/0/0/0,6642:1747647655335:,1747647662662
counter/4/0/0/0,6643:1747647655335:,1747647662662
counter/4/0/0/0,6644:1747647655336:,1747647662662
counter/4/0/0/0,6645:1747647655336:,1747647662662
counter/9/0/0/0,6829:1747647654627:,1747647662663
counter/9/0/0/0,6830:1747647654627:,1747647662663
counter/9/0/0/0,6831:1747647654627:,1747647662663
counter/6/0/0/0,5681:1747647654311:,1747647662663
counter/6/0/0/0,5682:1747647654311:,1747647662663
counter/6/0/0/0,5683:1747647654311:,1747647662663
counter/6/0/0/0,5684:1747647654311:,1747647662663
counter/6/0/0/0,5685:1747647654311:,1747647662663
counter/7/0/0/0,6096:1747647654255:,1747647662663
counter/7/0/0/0,6097:1747647654255:,1747647662664
counter/7/0/0/0,6098:1747647654255:,1747647662664
counter/7/0/0/0,6099:1747647654255:,1747647662664
counter/7/0/0/0,6100:1747647654255:,1747647662664
counter/1/0/0/0,6892:1747647655204:,1747647662664
counter/10/0/0/0,5989:1747647654018:,1747647662664
counter/10/0/0/0,5990:1747647654018:,1747647662664
counter/10/0/0/0,5991:1747647654018:,1747647662664
counter/8/0/0/0,6683:1747647654342:,1747647662664
counter/10/0/0/0,5992:1747647654018:,1747647662664
counter/8/0/0/0,6684:1747647654342:,1747647662664
counter/1/0/0/0,6893:1747647655206:,1747647662664
counter/9/0/0/0,6832:1747647654628:,1747647662664
counter/9/0/0/0,6833:1747647654628:,1747647662664
counter/9/0/0/0,6834:1747647654628:,1747647662664
counter/9/0/0/0,6835:1747647654630:,1747647662664
counter/9/0/0/0,6836:1747647654630:,1747647662665
counter/9/0/0/0,6837:1747647654630:,1747647662665
counter/3/0/0/0,6610:1747647654437:,1747647662665
counter/2/0/0/0,6066:1747647653729:,1747647662665
counter/9/0/0/0,6838:1747647654630:,1747647662665
counter/7/0/0/0,6101:1747647654256:,1747647662665
counter/10/0/0/0,5993:1747647654018:,1747647662665
counter/5/0/0/0,6438:1747647654418:,1747647662666
counter/5/0/0/0,6439:1747647654418:,1747647662666
counter/5/0/0/0,6440:1747647654421:,1747647662666
counter/5/0/0/0,6441:1747647654421:,1747647662666
counter/5/0/0/0,6442:1747647654421:,1747647662666
counter/9/0/0/0,6839:1747647654630:,1747647662666
counter/3/0/0/0,6611:1747647654437:,1747647662667
counter/2/0/0/0,6067:1747647653729:,1747647662667
counter/7/0/0/0,6102:1747647654256:,1747647662667
counter/5/0/0/0,6443:1747647654421:,1747647662667
counter/3/0/0/0,6612:1747647654437:,1747647662668
counter/3/0/0/0,6613:1747647654437:,1747647662668
counter/3/0/0/0,6614:1747647654437:,1747647662668
counter/9/0/0/0,6840:1747647654630:,1747647662668
counter/7/0/0/0,6103:1747647654256:,1747647662668
counter/5/0/0/0,6444:1747647654421:,1747647662668
counter/5/0/0/0,6445:1747647654421:,1747647662668
counter/8/0/0/0,6685:1747647654342:,1747647662668
counter/3/0/0/0,6615:1747647654437:,1747647662670
counter/3/0/0/0,6616:1747647654437:,1747647662670
counter/3/0/0/0,6617:1747647654437:,1747647662670
counter/3/0/0/0,6618:1747647654437:,1747647662670
counter/3/0/0/0,6619:1747647654437:,1747647662670
counter/3/0/0/0,6620:1747647654437:,1747647662670
counter/3/0/0/0,6621:1747647654437:,1747647662670
counter/1/0/0/0,6894:1747647655206:,1747647662670
counter/3/0/0/0,6622:1747647654439:,1747647662670
counter/1/0/0/0,6895:1747647655206:,1747647662671
counter/3/0/0/0,6623:1747647654440:,1747647662671
counter/1/0/0/0,6896:1747647655206:,1747647662671
counter/1/0/0/0,6897:1747647655206:,1747647662671
counter/1/0/0/0,6898:1747647655206:,1747647662671
counter/1/0/0/0,6899:1747647655206:,1747647662671
counter/10/0/0/0,5994:1747647654018:,1747647662671
counter/10/0/0/0,5995:1747647654018:,1747647662671
counter/4/0/0/0,6646:1747647655336:,1747647662671
counter/3/0/0/0,6624:1747647654440:,1747647662671
counter/3/0/0/0,6625:1747647654440:,1747647662671
counter/3/0/0/0,6626:1747647654440:,1747647662671
counter/3/0/0/0,6627:1747647654440:,1747647662671
counter/3/0/0/0,6628:1747647654440:,1747647662671
counter/3/0/0/0,6629:1747647654440:,1747647662671
counter/3/0/0/0,6630:1747647654440:,1747647662672
counter/10/0/0/0,5996:1747647654018:,1747647662672
counter/3/0/0/0,6631:1747647654440:,1747647662672
counter/7/0/0/0,6104:1747647654256:,1747647662672
counter/4/0/0/0,6647:1747647655336:,1747647662673
counter/8/0/0/0,6686:1747647654342:,1747647662673
counter/6/0/0/0,5686:1747647654311:,1747647662674
counter/5/0/0/0,6446:1747647654421:,1747647662674
counter/5/0/0/0,6447:1747647654421:,1747647662674
counter/5/0/0/0,6448:1747647654421:,1747647662674
counter/5/0/0/0,6449:1747647654421:,1747647662674
counter/5/0/0/0,6450:1747647654433:,1747647662674
counter/5/0/0/0,6451:1747647654433:,1747647662674
counter/5/0/0/0,6452:1747647654433:,1747647662674
counter/5/0/0/0,6453:1747647654433:,1747647662675
counter/5/0/0/0,6454:1747647654433:,1747647662675
counter/5/0/0/0,6455:1747647654433:,1747647662675
counter/5/0/0/0,6456:1747647654433:,1747647662675
counter/5/0/0/0,6457:1747647654433:,1747647662675
counter/5/0/0/0,6458:1747647654433:,1747647662675
counter/8/0/0/0,6687:1747647654347:,1747647662675
counter/5/0/0/0,6459:1747647654433:,1747647662675
counter/5/0/0/0,6460:1747647654433:,1747647662675
counter/3/0/0/0,6632:1747647654440:,1747647662675
counter/6/0/0/0,5687:1747647654311:,1747647662675
counter/6/0/0/0,5688:1747647654313:,1747647662675
counter/4/0/0/0,6648:1747647655336:,1747647662675
counter/4/0/0/0,6649:1747647655336:,1747647662675
counter/4/0/0/0,6650:1747647655348:,1747647662675
counter/4/0/0/0,6651:1747647655348:,1747647662676
counter/5/0/0/0,6461:1747647654433:,1747647662676
counter/7/0/0/0,6105:1747647654256:,1747647662676
counter/10/0/0/0,5997:1747647654018:,1747647662676
counter/8/0/0/0,6688:1747647654347:,1747647662676
counter/1/0/0/0,6900:1747647655206:,1747647662677
counter/1/0/0/0,6901:1747647655206:,1747647662677
counter/8/0/0/0,6689:1747647654347:,1747647662678
counter/2/0/0/0,6068:1747647653729:,1747647662678
counter/2/0/0/0,6069:1747647653729:,1747647662678
counter/2/0/0/0,6070:1747647653730:,1747647662678
counter/2/0/0/0,6071:1747647653730:,1747647662678
counter/2/0/0/0,6072:1747647653730:,1747647662678
counter/2/0/0/0,6073:1747647653730:,1747647662678
counter/2/0/0/0,6074:1747647653730:,1747647662678
counter/2/0/0/0,6075:1747647653730:,1747647662678
counter/2/0/0/0,6076:1747647653730:,1747647662678
counter/2/0/0/0,6077:1747647653730:,1747647662678
counter/1/0/0/0,6902:1747647655212:,1747647662679
counter/1/0/0/0,6903:1747647655212:,1747647662679
counter/1/0/0/0,6904:1747647655212:,1747647662679
counter/1/0/0/0,6905:1747647655216:,1747647662679
counter/1/0/0/0,6906:1747647655218:,1747647662679
counter/10/0/0/0,5998:1747647654018:,1747647662679
counter/8/0/0/0,6690:1747647654347:,1747647662679
counter/2/0/0/0,6078:1747647653730:,1747647662679
counter/7/0/0/0,6106:1747647654256:,1747647662679
counter/7/0/0/0,6107:1747647654257:,1747647662679
counter/8/0/0/0,6691:1747647654347:,1747647662679
counter/8/0/0/0,6692:1747647654349:,1747647662679
counter/2/0/0/0,6079:1747647653730:,1747647662679
counter/6/0/0/0,5689:1747647654313:,1747647662679
counter/9/0/0/0,6841:1747647654630:,1747647662681
counter/9/0/0/0,6842:1747647654630:,1747647662681
counter/9/0/0/0,6843:1747647654630:,1747647662681
counter/9/0/0/0,6844:1747647654630:,1747647662681
counter/9/0/0/0,6845:1747647654630:,1747647662681
counter/9/0/0/0,6846:1747647654630:,1747647662681
counter/9/0/0/0,6847:1747647654630:,1747647662681
counter/9/0/0/0,6848:1747647654630:,1747647662681
counter/9/0/0/0,6849:1747647654630:,1747647662681
counter/9/0/0/0,6850:1747647654635:,1747647662681
counter/9/0/0/0,6851:1747647654635:,1747647662681
counter/9/0/0/0,6852:1747647654635:,1747647662681
counter/3/0/0/0,6633:1747647654440:,1747647662682
counter/4/0/0/0,6652:1747647655348:,1747647662682
counter/4/0/0/0,6653:1747647655348:,1747647662682
counter/4/0/0/0,6654:1747647655348:,1747647662683
counter/5/0/0/0,6462:1747647654433:,1747647662683
counter/4/0/0/0,6655:1747647655348:,1747647662683
counter/4/0/0/0,6656:1747647655349:,1747647662683
counter/4/0/0/0,6657:1747647655349:,1747647662683
counter/4/0/0/0,6658:1747647655349:,1747647662683
counter/6/0/0/0,5690:1747647654314:,1747647662683
counter/5/0/0/0,6463:1747647654433:,1747647662683
counter/5/0/0/0,6464:1747647654434:,1747647662683
counter/5/0/0/0,6465:1747647654434:,1747647662684
counter/5/0/0/0,6466:1747647654434:,1747647662684
counter/8/0/0/0,6693:1747647654350:,1747647662684
counter/5/0/0/0,6467:1747647654434:,1747647662685
counter/9/0/0/0,6853:1747647654636:,1747647662685
counter/7/0/0/0,6108:1747647654257:,1747647662685
counter/1/0/0/0,6907:1747647655218:,1747647662685
counter/8/0/0/0,6694:1747647654350:,1747647662685
counter/10/0/0/0,5999:1747647654018:,1747647662685
counter/8/0/0/0,6695:1747647654355:,1747647662685
counter/8/0/0/0,6696:1747647654355:,1747647662685
counter/8/0/0/0,6697:1747647654355:,1747647662685
counter/8/0/0/0,6698:1747647654355:,1747647662685
counter/7/0/0/0,6109:1747647654257:,1747647662685
counter/9/0/0/0,6854:1747647654636:,1747647662685
counter/9/0/0/0,6855:1747647654636:,1747647662686
counter/9/0/0/0,6856:1747647654636:,1747647662686
counter/9/0/0/0,6857:1747647654636:,1747647662686
counter/8/0/0/0,6699:1747647654355:,1747647662686
counter/9/0/0/0,6858:1747647654636:,1747647662686
counter/9/0/0/0,6859:1747647654638:,1747647662686
counter/2/0/0/0,6080:1747647653730:,1747647662687
counter/9/0/0/0,6860:1747647654638:,1747647662687
counter/2/0/0/0,6081:1747647653746:,1747647662687
counter/9/0/0/0,6861:1747647654638:,1747647662687
counter/2/0/0/0,6082:1747647653746:,1747647662687
counter/9/0/0/0,6862:1747647654638:,1747647662687
counter/2/0/0/0,6083:1747647653746:,1747647662687
counter/2/0/0/0,6084:1747647653746:,1747647662687
counter/2/0/0/0,6085:1747647653746:,1747647662687
counter/2/0/0/0,6086:1747647653746:,1747647662687
counter/2/0/0/0,6087:1747647653746:,1747647662687
counter/2/0/0/0,6088:1747647653746:,1747647662687
counter/2/0/0/0,6089:1747647653746:,1747647662687
counter/2/0/0/0,6090:1747647653756:,1747647662687
counter/2/0/0/0,6091:1747647653756:,1747647662687
counter/1/0/0/0,6908:1747647655218:,1747647662687
counter/6/0/0/0,5691:1747647654326:,1747647662687
counter/5/0/0/0,6468:1747647654434:,1747647662688
counter/7/0/0/0,6110:1747647654257:,1747647662688
counter/2/0/0/0,6092:1747647653756:,1747647662688
counter/7/0/0/0,6111:1747647654257:,1747647662688
counter/2/0/0/0,6093:1747647653756:,1747647662688
counter/2/0/0/0,6094:1747647653756:,1747647662688
counter/2/0/0/0,6095:1747647653757:,1747647662688
counter/2/0/0/0,6096:1747647653757:,1747647662688
counter/2/0/0/0,6097:1747647653757:,1747647662688
counter/2/0/0/0,6098:1747647653757:,1747647662688
counter/2/0/0/0,6099:1747647653757:,1747647662688
counter/2/0/0/0,6100:1747647653757:,1747647662688
counter/2/0/0/0,6101:1747647653757:,1747647662688
counter/2/0/0/0,6102:1747647653757:,1747647662688
counter/2/0/0/0,6103:1747647653757:,1747647662688
counter/2/0/0/0,6104:1747647653757:,1747647662688
counter/8/0/0/0,6700:1747647654355:,1747647662688
counter/4/0/0/0,6659:1747647655349:,1747647662689
counter/4/0/0/0,6660:1747647655349:,1747647662689
counter/4/0/0/0,6661:1747647655349:,1747647662689
counter/7/0/0/0,6112:1747647654257:,1747647662689
counter/1/0/0/0,6909:1747647655218:,1747647662689
counter/9/0/0/0,6863:1747647654638:,1747647662689
counter/9/0/0/0,6864:1747647654638:,1747647662689
counter/9/0/0/0,6865:1747647654638:,1747647662690
counter/9/0/0/0,6866:1747647654638:,1747647662690
counter/9/0/0/0,6867:1747647654638:,1747647662690
counter/4/0/0/0,6662:1747647655349:,1747647662690
counter/7/0/0/0,6113:1747647654257:,1747647662690
counter/7/0/0/0,6114:1747647654257:,1747647662690
counter/7/0/0/0,6115:1747647654257:,1747647662690
counter/1/0/0/0,6910:1747647655223:,1747647662690
counter/1/0/0/0,6911:1747647655223:,1747647662690
counter/1/0/0/0,6912:1747647655223:,1747647662690
counter/2/0/0/0,6105:1747647653757:,1747647662690
counter/2/0/0/0,6106:1747647653757:,1747647662690
counter/2/0/0/0,6107:1747647653758:,1747647662690
counter/9/0/0/0,6868:1747647654638:,1747647662690
counter/9/0/0/0,6869:1747647654638:,1747647662690
counter/9/0/0/0,6870:1747647654638:,1747647662690
counter/9/0/0/0,6871:1747647654638:,1747647662690
counter/9/0/0/0,6872:1747647654642:,1747647662690
counter/9/0/0/0,6873:1747647654676:,1747647662690
counter/9/0/0/0,6874:1747647654676:,1747647662691
counter/6/0/0/0,5692:1747647654326:,1747647662691
counter/4/0/0/0,6663:1747647655349:,1747647662691
counter/3/0/0/0,6634:1747647654440:,1747647662691
counter/9/0/0/0,6875:1747647654676:,1747647662691
counter/9/0/0/0,6876:1747647654676:,1747647662691
counter/9/0/0/0,6877:1747647654676:,1747647662691
counter/9/0/0/0,6878:1747647654676:,1747647662691
counter/9/0/0/0,6879:1747647654676:,1747647662691
counter/6/0/0/0,5693:1747647654326:,1747647662691
counter/9/0/0/0,6880:1747647654676:,1747647662692
counter/9/0/0/0,6881:1747647654676:,1747647662692
counter/2/0/0/0,6108:1747647653758:,1747647662692
counter/3/0/0/0,6635:1747647654440:,1747647662692
counter/3/0/0/0,6636:1747647654440:,1747647662692
counter/3/0/0/0,6637:1747647654440:,1747647662692
counter/9/0/0/0,6882:1747647654677:,1747647662693
counter/2/0/0/0,6109:1747647653758:,1747647662693
counter/10/0/0/0,6000:1747647654018:,1747647662693
counter/3/0/0/0,6638:1747647654440:,1747647662693
counter/3/0/0/0,6639:1747647654440:,1747647662694
counter/3/0/0/0,6640:1747647654440:,1747647662694
counter/3/0/0/0,6641:1747647654440:,1747647662694
counter/3/0/0/0,6642:1747647654440:,1747647662694
counter/3/0/0/0,6643:1747647654441:,1747647662694
counter/3/0/0/0,6644:1747647654441:,1747647662694
counter/8/0/0/0,6701:1747647654355:,1747647662694
counter/5/0/0/0,6469:1747647654434:,1747647662694
counter/5/0/0/0,6470:1747647654443:,1747647662694
counter/4/0/0/0,6664:1747647655349:,1747647662694
counter/4/0/0/0,6665:1747647655349:,1747647662694
counter/4/0/0/0,6666:1747647655350:,1747647662694
counter/4/0/0/0,6667:1747647655378:,1747647662694
counter/4/0/0/0,6668:1747647655378:,1747647662694
counter/4/0/0/0,6669:1747647655378:,1747647662694
counter/6/0/0/0,5694:1747647654326:,1747647662695
counter/6/0/0/0,5695:1747647654326:,1747647662696
counter/6/0/0/0,5696:1747647654326:,1747647662696
counter/6/0/0/0,5697:1747647654326:,1747647662696
counter/6/0/0/0,5698:1747647654326:,1747647662696
counter/6/0/0/0,5699:1747647654331:,1747647662697
counter/6/0/0/0,5700:1747647654331:,1747647662697
counter/6/0/0/0,5701:1747647654336:,1747647662697
counter/6/0/0/0,5702:1747647654336:,1747647662697
counter/6/0/0/0,5703:1747647654336:,1747647662697
counter/6/0/0/0,5704:1747647654336:,1747647662697
counter/2/0/0/0,6110:1747647653758:,1747647662697
counter/2/0/0/0,6111:1747647653758:,1747647662697
counter/2/0/0/0,6112:1747647653758:,1747647662697
counter/2/0/0/0,6113:1747647653758:,1747647662697
counter/2/0/0/0,6114:1747647653758:,1747647662697
counter/2/0/0/0,6115:1747647653758:,1747647662697
counter/2/0/0/0,6116:1747647653758:,1747647662697
counter/2/0/0/0,6117:1747647653758:,1747647662697
counter/7/0/0/0,6116:1747647654257:,1747647662697
counter/5/0/0/0,6471:1747647654443:,1747647662697
counter/5/0/0/0,6472:1747647654443:,1747647662697
counter/5/0/0/0,6473:1747647654443:,1747647662697
counter/5/0/0/0,6474:1747647654443:,1747647662697
counter/6/0/0/0,5705:1747647654337:,1747647662697
counter/6/0/0/0,5706:1747647654338:,1747647662698
counter/6/0/0/0,5707:1747647654338:,1747647662698
counter/6/0/0/0,5708:1747647654338:,1747647662698
counter/10/0/0/0,6001:1747647654019:,1747647662698
counter/10/0/0/0,6002:1747647654034:,1747647662698
counter/9/0/0/0,6883:1747647654678:,1747647662699
counter/6/0/0/0,5709:1747647654338:,1747647662699
counter/2/0/0/0,6118:1747647653758:,1747647662699
counter/2/0/0/0,6119:1747647653758:,1747647662699
counter/2/0/0/0,6120:1747647653758:,1747647662699
counter/1/0/0/0,6913:1747647655223:,1747647662699
counter/4/0/0/0,6670:1747647655378:,1747647662699
counter/4/0/0/0,6671:1747647655378:,1747647662699
counter/4/0/0/0,6672:1747647655378:,1747647662700
counter/4/0/0/0,6673:1747647655378:,1747647662700
counter/4/0/0/0,6674:1747647655409:,1747647662700
counter/4/0/0/0,6675:1747647655410:,1747647662700
counter/4/0/0/0,6676:1747647655410:,1747647662700
counter/4/0/0/0,6677:1747647655410:,1747647662700
counter/4/0/0/0,6678:1747647655410:,1747647662700
counter/3/0/0/0,6645:1747647654441:,1747647662700
counter/3/0/0/0,6646:1747647654441:,1747647662700
counter/3/0/0/0,6647:1747647654441:,1747647662700
counter/1/0/0/0,6914:1747647655229:,1747647662700
counter/5/0/0/0,6475:1747647654443:,1747647662700
counter/9/0/0/0,6884:1747647654679:,1747647662701
counter/8/0/0/0,6702:1747647654360:,1747647662701
counter/6/0/0/0,5710:1747647654338:,1747647662701
counter/10/0/0/0,6003:1747647654034:,1747647662702
counter/10/0/0/0,6004:1747647654035:,1747647662702
counter/10/0/0/0,6005:1747647654035:,1747647662702
counter/10/0/0/0,6006:1747647654035:,1747647662703
counter/4/0/0/0,6679:1747647655410:,1747647662703
counter/4/0/0/0,6680:1747647655410:,1747647662703
counter/4/0/0/0,6681:1747647655411:,1747647662703
counter/4/0/0/0,6682:1747647655411:,1747647662703
counter/4/0/0/0,6683:1747647655412:,1747647662703
counter/4/0/0/0,6684:1747647655418:,1747647662703
counter/4/0/0/0,6685:1747647655418:,1747647662703
counter/4/0/0/0,6686:1747647655418:,1747647662703
counter/4/0/0/0,6687:1747647655418:,1747647662703
counter/4/0/0/0,6688:1747647655418:,1747647662703
counter/4/0/0/0,6689:1747647655418:,1747647662703
counter/4/0/0/0,6690:1747647655418:,1747647662703
counter/4/0/0/0,6691:1747647655418:,1747647662703
counter/4/0/0/0,6692:1747647655418:,1747647662703
counter/10/0/0/0,6007:1747647654035:,1747647662703
counter/2/0/0/0,6121:1747647653758:,1747647662703
counter/5/0/0/0,6476:1747647654443:,1747647662703
counter/5/0/0/0,6477:1747647654443:,1747647662703
counter/5/0/0/0,6478:1747647654443:,1747647662704
counter/3/0/0/0,6648:1747647654441:,1747647662704
counter/3/0/0/0,6649:1747647654441:,1747647662704
counter/3/0/0/0,6650:1747647654441:,1747647662704
counter/1/0/0/0,6915:1747647655229:,1747647662704
counter/1/0/0/0,6916:1747647655229:,1747647662704
counter/1/0/0/0,6917:1747647655229:,1747647662704
counter/4/0/0/0,6693:1747647655418:,1747647662704
counter/6/0/0/0,5711:1747647654338:,1747647662704
counter/2/0/0/0,6122:1747647653758:,1747647662704
counter/6/0/0/0,5712:1747647654338:,1747647662704
counter/4/0/0/0,6694:1747647655419:,1747647662704
counter/3/0/0/0,6651:1747647654441:,1747647662704
counter/3/0/0/0,6652:1747647654441:,1747647662705
counter/3/0/0/0,6653:1747647654441:,1747647662705
counter/3/0/0/0,6654:1747647654442:,1747647662705
counter/3/0/0/0,6655:1747647654442:,1747647662705
counter/3/0/0/0,6656:1747647654442:,1747647662705
counter/7/0/0/0,6117:1747647654257:,1747647662705
counter/1/0/0/0,6918:1747647655229:,1747647662705
counter/2/0/0/0,6123:1747647653758:,1747647662705
counter/8/0/0/0,6703:1747647654360:,1747647662705
counter/10/0/0/0,6008:1747647654035:,1747647662705
counter/10/0/0/0,6009:1747647654045:,1747647662705
counter/10/0/0/0,6010:1747647654045:,1747647662705
counter/10/0/0/0,6011:1747647654045:,1747647662706
counter/10/0/0/0,6012:1747647654045:,1747647662706
counter/10/0/0/0,6013:1747647654045:,1747647662706
counter/10/0/0/0,6014:1747647654045:,1747647662706
counter/10/0/0/0,6015:1747647654045:,1747647662706
counter/10/0/0/0,6016:1747647654045:,1747647662706
counter/10/0/0/0,6017:1747647654046:,1747647662706
counter/10/0/0/0,6018:1747647654060:,1747647662706
counter/10/0/0/0,6019:1747647654060:,1747647662706
counter/8/0/0/0,6704:1747647654360:,1747647662707
counter/6/0/0/0,5713:1747647654339:,1747647662707
counter/6/0/0/0,5714:1747647654339:,1747647662707
counter/6/0/0/0,5715:1747647654340:,1747647662707
counter/6/0/0/0,5716:1747647654340:,1747647662707
counter/6/0/0/0,5717:1747647654340:,1747647662707
counter/6/0/0/0,5718:1747647654340:,1747647662707
counter/6/0/0/0,5719:1747647654340:,1747647662708
counter/6/0/0/0,5720:1747647654340:,1747647662708
counter/6/0/0/0,5721:1747647654340:,1747647662708
counter/6/0/0/0,5722:1747647654340:,1747647662708
counter/1/0/0/0,6919:1747647655230:,1747647662708
counter/1/0/0/0,6920:1747647655230:,1747647662708
counter/2/0/0/0,6124:1747647653758:,1747647662708
counter/2/0/0/0,6125:1747647653758:,1747647662708
counter/2/0/0/0,6126:1747647653758:,1747647662708
counter/2/0/0/0,6127:1747647653764:,1747647662708
counter/2/0/0/0,6128:1747647653764:,1747647662708
counter/2/0/0/0,6129:1747647653764:,1747647662708
counter/2/0/0/0,6130:1747647653764:,1747647662708
counter/2/0/0/0,6131:1747647653764:,1747647662708
counter/3/0/0/0,6657:1747647654442:,1747647662712
counter/5/0/0/0,6479:1747647654444:,1747647662712
counter/3/0/0/0,6658:1747647654442:,1747647662712
counter/5/0/0/0,6480:1747647654444:,1747647662712
counter/5/0/0/0,6481:1747647654444:,1747647662712
counter/5/0/0/0,6482:1747647654444:,1747647662713
counter/5/0/0/0,6483:1747647654444:,1747647662713
counter/5/0/0/0,6484:1747647654444:,1747647662713
counter/5/0/0/0,6485:1747647654451:,1747647662713
counter/10/0/0/0,6020:1747647654060:,1747647662713
counter/3/0/0/0,6659:1747647654442:,1747647662713
counter/2/0/0/0,6132:1747647653764:,1747647662713
counter/6/0/0/0,5723:1747647654340:,1747647662713
counter/6/0/0/0,5724:1747647654340:,1747647662713
counter/5/0/0/0,6486:1747647654451:,1747647662713
counter/4/0/0/0,6695:1747647655419:,1747647662714
counter/10/0/0/0,6021:1747647654060:,1747647662715
counter/3/0/0/0,6660:1747647654442:,1747647662715
counter/3/0/0/0,6661:1747647654442:,1747647662715
counter/3/0/0/0,6662:1747647654442:,1747647662715
counter/3/0/0/0,6663:1747647654442:,1747647662715
counter/3/0/0/0,6664:1747647654442:,1747647662715
counter/4/0/0/0,6696:1747647655419:,1747647662715
counter/5/0/0/0,6487:1747647654451:,1747647662716
counter/5/0/0/0,6488:1747647654451:,1747647662716
counter/5/0/0/0,6489:1747647654451:,1747647662716
counter/6/0/0/0,5725:1747647654340:,1747647662716
counter/6/0/0/0,5726:1747647654340:,1747647662716
counter/1/0/0/0,6921:1747647655230:,1747647662716
counter/1/0/0/0,6922:1747647655230:,1747647662716
counter/1/0/0/0,6923:1747647655230:,1747647662716
counter/1/0/0/0,6924:1747647655230:,1747647662716
counter/8/0/0/0,6705:1747647654360:,1747647662716
counter/7/0/0/0,6118:1747647654257:,1747647662718
counter/1/0/0/0,6925:1747647655239:,1747647662718
counter/1/0/0/0,6926:1747647655240:,1747647662718
counter/3/0/0/0,6665:1747647654442:,1747647662718
counter/3/0/0/0,6666:1747647654456:,1747647662719
counter/3/0/0/0,6667:1747647654460:,1747647662719
counter/9/0/0/0,6885:1747647654682:,1747647662719
counter/9/0/0/0,6886:1747647654682:,1747647662719
counter/9/0/0/0,6887:1747647654691:,1747647662719
counter/9/0/0/0,6888:1747647654691:,1747647662719
counter/1/0/0/0,6927:1747647655240:,1747647662719
counter/1/0/0/0,6928:1747647655240:,1747647662719
counter/1/0/0/0,6929:1747647655244:,1747647662719
counter/8/0/0/0,6706:1747647654360:,1747647662719
counter/8/0/0/0,6707:1747647654360:,1747647662720
counter/1/0/0/0,6930:1747647655244:,1747647662720
counter/8/0/0/0,6708:1747647654360:,1747647662720
counter/1/0/0/0,6931:1747647655244:,1747647662720
counter/1/0/0/0,6932:1747647655244:,1747647662720
counter/1/0/0/0,6933:1747647655247:,1747647662721
counter/1/0/0/0,6934:1747647655249:,1747647662721
counter/3/0/0/0,6668:1747647654460:,1747647662721
counter/9/0/0/0,6889:1747647654691:,1747647662721
counter/10/0/0/0,6022:1747647654060:,1747647662722
counter/10/0/0/0,6023:1747647654060:,1747647662722
counter/10/0/0/0,6024:1747647654061:,1747647662722
counter/10/0/0/0,6025:1747647654063:,1747647662722
counter/10/0/0/0,6026:1747647654063:,1747647662722
counter/9/0/0/0,6890:1747647654691:,1747647662722
counter/9/0/0/0,6891:1747647654691:,1747647662722
counter/9/0/0/0,6892:1747647654691:,1747647662723
counter/9/0/0/0,6893:1747647654691:,1747647662723
counter/9/0/0/0,6894:1747647654691:,1747647662723
counter/9/0/0/0,6895:1747647654691:,1747647662723
counter/9/0/0/0,6896:1747647654703:,1747647662723
counter/9/0/0/0,6897:1747647654705:,1747647662723
counter/9/0/0/0,6898:1747647654705:,1747647662723
counter/9/0/0/0,6899:1747647654705:,1747647662723
counter/8/0/0/0,6709:1747647654362:,1747647662723
counter/9/0/0/0,6900:1747647654705:,1747647662723
counter/4/0/0/0,6697:1747647655419:,1747647662723
counter/4/0/0/0,6698:1747647655419:,1747647662723
counter/4/0/0/0,6699:1747647655421:,1747647662723
counter/4/0/0/0,6700:1747647655421:,1747647662723
counter/4/0/0/0,6701:1747647655425:,1747647662723
counter/4/0/0/0,6702:1747647655425:,1747647662724
counter/4/0/0/0,6703:1747647655425:,1747647662724
counter/4/0/0/0,6704:1747647655425:,1747647662724
counter/4/0/0/0,6705:1747647655425:,1747647662724
counter/4/0/0/0,6706:1747647655425:,1747647662724
counter/4/0/0/0,6707:1747647655425:,1747647662724
counter/4/0/0/0,6708:1747647655431:,1747647662724
counter/3/0/0/0,6669:1747647654460:,1747647662724
counter/3/0/0/0,6670:1747647654460:,1747647662724
counter/3/0/0/0,6671:1747647654460:,1747647662724
counter/3/0/0/0,6672:1747647654460:,1747647662724
counter/3/0/0/0,6673:1747647654460:,1747647662724
counter/3/0/0/0,6674:1747647654460:,1747647662724
counter/3/0/0/0,6675:1747647654460:,1747647662724
counter/3/0/0/0,6676:1747647654460:,1747647662724
counter/3/0/0/0,6677:1747647654460:,1747647662724
counter/3/0/0/0,6678:1747647654460:,1747647662724
counter/3/0/0/0,6679:1747647654460:,1747647662724
counter/3/0/0/0,6680:1747647654460:,1747647662724
counter/3/0/0/0,6681:1747647654460:,1747647662725
counter/3/0/0/0,6682:1747647654460:,1747647662725
counter/4/0/0/0,6709:1747647655431:,1747647662725
counter/4/0/0/0,6710:1747647655431:,1747647662725
counter/4/0/0/0,6711:1747647655431:,1747647662725
counter/2/0/0/0,6133:1747647653764:,1747647662725
counter/7/0/0/0,6119:1747647654257:,1747647662725
counter/5/0/0/0,6490:1747647654451:,1747647662725
counter/1/0/0/0,6935:1747647655249:,1747647662725
counter/1/0/0/0,6936:1747647655249:,1747647662726
counter/9/0/0/0,6901:1747647654705:,1747647662726
counter/3/0/0/0,6683:1747647654460:,1747647662726
counter/3/0/0/0,6684:1747647654460:,1747647662726
counter/3/0/0/0,6685:1747647654460:,1747647662726
counter/3/0/0/0,6686:1747647654460:,1747647662726
counter/3/0/0/0,6687:1747647654460:,1747647662726
counter/4/0/0/0,6712:1747647655431:,1747647662726
counter/8/0/0/0,6710:1747647654362:,1747647662727
counter/4/0/0/0,6713:1747647655431:,1747647662727
counter/8/0/0/0,6711:1747647654365:,1747647662727
counter/8/0/0/0,6712:1747647654365:,1747647662727
counter/10/0/0/0,6027:1747647654063:,1747647662727
counter/7/0/0/0,6120:1747647654257:,1747647662727
counter/5/0/0/0,6491:1747647654451:,1747647662727
counter/1/0/0/0,6937:1747647655249:,1747647662727
counter/1/0/0/0,6938:1747647655249:,1747647662727
counter/1/0/0/0,6939:1747647655249:,1747647662728
counter/9/0/0/0,6902:1747647654705:,1747647662728
counter/7/0/0/0,6121:1747647654257:,1747647662728
counter/8/0/0/0,6713:1747647654365:,1747647662728
counter/8/0/0/0,6714:1747647654368:,1747647662728
counter/8/0/0/0,6715:1747647654368:,1747647662728
counter/8/0/0/0,6716:1747647654368:,1747647662729
counter/8/0/0/0,6717:1747647654368:,1747647662729
counter/8/0/0/0,6718:1747647654368:,1747647662729
counter/3/0/0/0,6688:1747647654460:,1747647662729
counter/1/0/0/0,6940:1747647655249:,1747647662729
counter/1/0/0/0,6941:1747647655249:,1747647662729
counter/9/0/0/0,6903:1747647654711:,1747647662729
counter/4/0/0/0,6714:1747647655431:,1747647662729
counter/7/0/0/0,6122:1747647654257:,1747647662729
counter/8/0/0/0,6719:1747647654369:,1747647662730
counter/7/0/0/0,6123:1747647654257:,1747647662730
counter/7/0/0/0,6124:1747647654257:,1747647662731
counter/1/0/0/0,6942:1747647655249:,1747647662731
counter/5/0/0/0,6492:1747647654454:,1747647662731
counter/3/0/0/0,6689:1747647654460:,1747647662732
counter/3/0/0/0,6690:1747647654460:,1747647662732
counter/1/0/0/0,6943:1747647655249:,1747647662732
counter/1/0/0/0,6944:1747647655249:,1747647662732
counter/1/0/0/0,6945:1747647655256:,1747647662732
counter/1/0/0/0,6946:1747647655256:,1747647662732
counter/8/0/0/0,6720:1747647654369:,1747647662732
counter/7/0/0/0,6125:1747647654257:,1747647662732
counter/1/0/0/0,6947:1747647655256:,1747647662733
counter/7/0/0/0,6126:1747647654258:,1747647662733
counter/1/0/0/0,6948:1747647655256:,1747647662733
counter/7/0/0/0,6127:1747647654258:,1747647662733
counter/1/0/0/0,6949:1747647655257:,1747647662733
counter/7/0/0/0,6128:1747647654258:,1747647662733
counter/1/0/0/0,6950:1747647655258:,1747647662733
counter/7/0/0/0,6129:1747647654258:,1747647662733
counter/1/0/0/0,6951:1747647655258:,1747647662733
counter/7/0/0/0,6130:1747647654258:,1747647662733
counter/1/0/0/0,6952:1747647655258:,1747647662733
counter/7/0/0/0,6131:1747647654258:,1747647662733
counter/6/0/0/0,5727:1747647654340:,1747647662733
counter/6/0/0/0,5728:1747647654340:,1747647662733
counter/6/0/0/0,5729:1747647654340:,1747647662733
counter/6/0/0/0,5730:1747647654340:,1747647662733
counter/6/0/0/0,5731:1747647654340:,1747647662733
counter/7/0/0/0,6132:1747647654258:,1747647662733
counter/7/0/0/0,6133:1747647654258:,1747647662733
counter/7/0/0/0,6134:1747647654258:,1747647662733
counter/5/0/0/0,6493:1747647654454:,1747647662733
counter/7/0/0/0,6135:1747647654258:,1747647662733
counter/5/0/0/0,6494:1747647654454:,1747647662733
counter/7/0/0/0,6136:1747647654258:,1747647662733
counter/5/0/0/0,6495:1747647654454:,1747647662733
counter/7/0/0/0,6137:1747647654258:,1747647662733
counter/5/0/0/0,6496:1747647654454:,1747647662733
counter/7/0/0/0,6138:1747647654258:,1747647662733
counter/5/0/0/0,6497:1747647654454:,1747647662733
counter/5/0/0/0,6498:1747647654454:,1747647662734
counter/5/0/0/0,6499:1747647654454:,1747647662734
counter/9/0/0/0,6904:1747647654711:,1747647662734
counter/3/0/0/0,6691:1747647654463:,1747647662734
counter/3/0/0/0,6692:1747647654463:,1747647662734
counter/3/0/0/0,6693:1747647654463:,1747647662734
counter/3/0/0/0,6694:1747647654463:,1747647662734
counter/3/0/0/0,6695:1747647654464:,1747647662734
counter/10/0/0/0,6028:1747647654068:,1747647662734
counter/7/0/0/0,6139:1747647654258:,1747647662734
counter/10/0/0/0,6029:1747647654068:,1747647662734
counter/10/0/0/0,6030:1747647654068:,1747647662734
counter/10/0/0/0,6031:1747647654068:,1747647662734
counter/10/0/0/0,6032:1747647654068:,1747647662734
counter/10/0/0/0,6033:1747647654068:,1747647662734
counter/10/0/0/0,6034:1747647654068:,1747647662735
counter/10/0/0/0,6035:1747647654071:,1747647662735
counter/10/0/0/0,6036:1747647654071:,1747647662735
counter/2/0/0/0,6134:1747647653764:,1747647662735
counter/3/0/0/0,6696:1747647654464:,1747647662735
counter/3/0/0/0,6697:1747647654464:,1747647662735
counter/3/0/0/0,6698:1747647654464:,1747647662735
counter/3/0/0/0,6699:1747647654464:,1747647662735
counter/3/0/0/0,6700:1747647654464:,1747647662735
counter/7/0/0/0,6140:1747647654258:,1747647662735
counter/7/0/0/0,6141:1747647654258:,1747647662735
counter/7/0/0/0,6142:1747647654264:,1747647662735
counter/3/0/0/0,6701:1747647654464:,1747647662735
counter/7/0/0/0,6143:1747647654271:,1747647662735
counter/7/0/0/0,6144:1747647654272:,1747647662735
counter/7/0/0/0,6145:1747647654272:,1747647662735
counter/7/0/0/0,6146:1747647654272:,1747647662735
counter/7/0/0/0,6147:1747647654272:,1747647662735
counter/1/0/0/0,6953:1747647655258:,1747647662736
counter/1/0/0/0,6954:1747647655258:,1747647662736
counter/5/0/0/0,6500:1747647654457:,1747647662736
counter/1/0/0/0,6955:1747647655258:,1747647662736
counter/1/0/0/0,6956:1747647655258:,1747647662736
counter/1/0/0/0,6957:1747647655258:,1747647662736
counter/6/0/0/0,5732:1747647654340:,1747647662736
counter/1/0/0/0,6958:1747647655258:,1747647662736
counter/1/0/0/0,6959:1747647655258:,1747647662736
counter/1/0/0/0,6960:1747647655258:,1747647662736
counter/1/0/0/0,6961:1747647655258:,1747647662736
counter/1/0/0/0,6962:1747647655258:,1747647662736
counter/1/0/0/0,6963:1747647655258:,1747647662736
counter/1/0/0/0,6964:1747647655258:,1747647662736
counter/5/0/0/0,6501:1747647654457:,1747647662737
counter/3/0/0/0,6702:1747647654464:,1747647662737
counter/2/0/0/0,6135:1747647653767:,1747647662737
counter/6/0/0/0,5733:1747647654340:,1747647662737
counter/6/0/0/0,5734:1747647654340:,1747647662737
counter/8/0/0/0,6721:1747647654369:,1747647662737
counter/6/0/0/0,5735:1747647654340:,1747647662737
counter/1/0/0/0,6965:1747647655263:,1747647662737
counter/1/0/0/0,6966:1747647655263:,1747647662737
counter/1/0/0/0,6967:1747647655263:,1747647662737
counter/1/0/0/0,6968:1747647655264:,1747647662737
counter/10/0/0/0,6037:1747647654071:,1747647662738
counter/1/0/0/0,6969:1747647655264:,1747647662738
counter/7/0/0/0,6148:1747647654283:,1747647662738
counter/1/0/0/0,6970:1747647655264:,1747647662738
counter/7/0/0/0,6149:1747647654284:,1747647662738
counter/7/0/0/0,6150:1747647654284:,1747647662738
counter/7/0/0/0,6151:1747647654284:,1747647662738
counter/7/0/0/0,6152:1747647654284:,1747647662738
counter/9/0/0/0,6905:1747647654711:,1747647662738
counter/7/0/0/0,6153:1747647654284:,1747647662738
counter/7/0/0/0,6154:1747647654284:,1747647662738
counter/3/0/0/0,6703:1747647654465:,1747647662738
counter/4/0/0/0,6715:1747647655431:,1747647662738
counter/4/0/0/0,6716:1747647655431:,1747647662738
counter/4/0/0/0,6717:1747647655431:,1747647662738
counter/4/0/0/0,6718:1747647655431:,1747647662738
counter/1/0/0/0,6971:1747647655264:,1747647662739
counter/1/0/0/0,6972:1747647655264:,1747647662739
counter/1/0/0/0,6973:1747647655265:,1747647662739
counter/1/0/0/0,6974:1747647655265:,1747647662739
counter/1/0/0/0,6975:1747647655265:,1747647662739
counter/1/0/0/0,6976:1747647655265:,1747647662739
counter/1/0/0/0,6977:1747647655265:,1747647662739
counter/1/0/0/0,6978:1747647655265:,1747647662739
counter/1/0/0/0,6979:1747647655265:,1747647662739
counter/1/0/0/0,6980:1747647655265:,1747647662739
counter/1/0/0/0,6981:1747647655265:,1747647662739
counter/1/0/0/0,6982:1747647655265:,1747647662739
counter/1/0/0/0,6983:1747647655286:,1747647662739
counter/1/0/0/0,6984:1747647655286:,1747647662739
counter/1/0/0/0,6985:1747647655286:,1747647662739
counter/6/0/0/0,5736:1747647654340:,1747647662739
counter/9/0/0/0,6906:1747647654711:,1747647662739
counter/5/0/0/0,6502:1747647654457:,1747647662739
counter/5/0/0/0,6503:1747647654457:,1747647662739
counter/5/0/0/0,6504:1747647654457:,1747647662739
counter/5/0/0/0,6505:1747647654457:,1747647662739
counter/5/0/0/0,6506:1747647654457:,1747647662739
counter/7/0/0/0,6155:1747647654285:,1747647662739
counter/6/0/0/0,5737:1747647654346:,1747647662739
counter/7/0/0/0,6156:1747647654285:,1747647662739
counter/6/0/0/0,5738:1747647654346:,1747647662739
counter/6/0/0/0,5739:1747647654346:,1747647662739
counter/6/0/0/0,5740:1747647654346:,1747647662739
counter/7/0/0/0,6157:1747647654285:,1747647662739
counter/7/0/0/0,6158:1747647654285:,1747647662740
counter/7/0/0/0,6159:1747647654285:,1747647662740
counter/7/0/0/0,6160:1747647654285:,1747647662740
counter/7/0/0/0,6161:1747647654285:,1747647662740
counter/7/0/0/0,6162:1747647654292:,1747647662740
counter/7/0/0/0,6163:1747647654292:,1747647662740
counter/7/0/0/0,6164:1747647654292:,1747647662740
counter/7/0/0/0,6165:1747647654292:,1747647662740
counter/7/0/0/0,6166:1747647654292:,1747647662740
counter/7/0/0/0,6167:1747647654292:,1747647662740
counter/2/0/0/0,6136:1747647653767:,1747647662740
counter/7/0/0/0,6168:1747647654292:,1747647662740
counter/2/0/0/0,6137:1747647653767:,1747647662740
counter/7/0/0/0,6169:1747647654292:,1747647662740
counter/7/0/0/0,6170:1747647654292:,1747647662740
counter/2/0/0/0,6138:1747647653767:,1747647662740
counter/10/0/0/0,6038:1747647654071:,1747647662740
counter/10/0/0/0,6039:1747647654071:,1747647662741
counter/10/0/0/0,6040:1747647654071:,1747647662741
counter/10/0/0/0,6041:1747647654071:,1747647662741
counter/10/0/0/0,6042:1747647654071:,1747647662741
counter/10/0/0/0,6043:1747647654071:,1747647662741
counter/1/0/0/0,6986:1747647655286:,1747647662741
counter/10/0/0/0,6044:1747647654071:,1747647662741
counter/1/0/0/0,6987:1747647655286:,1747647662741
counter/3/0/0/0,6704:1747647654465:,1747647662741
counter/10/0/0/0,6045:1747647654080:,1747647662741
counter/1/0/0/0,6988:1747647655286:,1747647662741
counter/3/0/0/0,6705:1747647654465:,1747647662741
counter/1/0/0/0,6989:1747647655286:,1747647662741
counter/3/0/0/0,6706:1747647654465:,1747647662741
counter/2/0/0/0,6139:1747647653767:,1747647662741
counter/1/0/0/0,6990:1747647655286:,1747647662741
counter/3/0/0/0,6707:1747647654465:,1747647662741
counter/2/0/0/0,6140:1747647653767:,1747647662741
counter/2/0/0/0,6141:1747647653767:,1747647662741
counter/2/0/0/0,6142:1747647653767:,1747647662741
counter/2/0/0/0,6143:1747647653767:,1747647662741
counter/2/0/0/0,6144:1747647653767:,1747647662741
counter/2/0/0/0,6145:1747647653767:,1747647662741
counter/2/0/0/0,6146:1747647653767:,1747647662741
counter/5/0/0/0,6507:1747647654457:,1747647662741
counter/5/0/0/0,6508:1747647654457:,1747647662741
counter/6/0/0/0,5741:1747647654346:,1747647662741
counter/2/0/0/0,6147:1747647653767:,1747647662742
counter/3/0/0/0,6708:1747647654465:,1747647662742
counter/5/0/0/0,6509:1747647654457:,1747647662742
counter/3/0/0/0,6709:1747647654465:,1747647662742
counter/10/0/0/0,6046:1747647654080:,1747647662742
counter/1/0/0/0,6991:1747647655286:,1747647662742
counter/5/0/0/0,6510:1747647654457:,1747647662742
counter/5/0/0/0,6511:1747647654457:,1747647662742
counter/3/0/0/0,6710:1747647654465:,1747647662742
counter/3/0/0/0,6711:1747647654465:,1747647662742
counter/3/0/0/0,6712:1747647654465:,1747647662742
counter/8/0/0/0,6722:1747647654369:,1747647662743
counter/8/0/0/0,6723:1747647654369:,1747647662743
counter/3/0/0/0,6713:1747647654465:,1747647662743
counter/8/0/0/0,6724:1747647654369:,1747647662743
counter/8/0/0/0,6725:1747647654369:,1747647662743
counter/8/0/0/0,6726:1747647654369:,1747647662744
counter/8/0/0/0,6727:1747647654369:,1747647662744
counter/8/0/0/0,6728:1747647654369:,1747647662744
counter/8/0/0/0,6729:1747647654369:,1747647662744
counter/2/0/0/0,6148:1747647653767:,1747647662744
counter/1/0/0/0,6992:1747647655286:,1747647662744
counter/10/0/0/0,6047:1747647654080:,1747647662744
counter/7/0/0/0,6171:1747647654292:,1747647662744
counter/3/0/0/0,6714:1747647654465:,1747647662744
counter/3/0/0/0,6715:1747647654465:,1747647662744
counter/2/0/0/0,6149:1747647653767:,1747647662744
counter/2/0/0/0,6150:1747647653767:,1747647662744
counter/2/0/0/0,6151:1747647653768:,1747647662744
counter/1/0/0/0,6993:1747647655286:,1747647662745
counter/4/0/0/0,6719:1747647655431:,1747647662745
counter/4/0/0/0,6720:1747647655431:,1747647662746
counter/4/0/0/0,6721:1747647655431:,1747647662746
counter/4/0/0/0,6722:1747647655432:,1747647662746
counter/4/0/0/0,6723:1747647655432:,1747647662746
counter/4/0/0/0,6724:1747647655432:,1747647662746
counter/4/0/0/0,6725:1747647655433:,1747647662746
counter/4/0/0/0,6726:1747647655433:,1747647662746
counter/3/0/0/0,6716:1747647654465:,1747647662746
counter/2/0/0/0,6152:1747647653768:,1747647662746
counter/3/0/0/0,6717:1747647654465:,1747647662746
counter/10/0/0/0,6048:1747647654080:,1747647662746
counter/10/0/0/0,6049:1747647654080:,1747647662746
counter/10/0/0/0,6050:1747647654084:,1747647662746
counter/10/0/0/0,6051:1747647654084:,1747647662746
counter/10/0/0/0,6052:1747647654084:,1747647662746
counter/7/0/0/0,6172:1747647654293:,1747647662746
counter/6/0/0/0,5742:1747647654346:,1747647662747
counter/1/0/0/0,6994:1747647655286:,1747647662747
counter/1/0/0/0,6995:1747647655286:,1747647662747
counter/1/0/0/0,6996:1747647655290:,1747647662747
counter/1/0/0/0,6997:1747647655290:,1747647662747
counter/1/0/0/0,6998:1747647655294:,1747647662747
counter/1/0/0/0,6999:1747647655294:,1747647662747
counter/10/0/0/0,6053:1747647654084:,1747647662747
counter/10/0/0/0,6054:1747647654084:,1747647662749
counter/5/0/0/0,6512:1747647654457:,1747647662749
counter/10/0/0/0,6055:1747647654084:,1747647662749
counter/5/0/0/0,6513:1747647654457:,1747647662750
counter/7/0/0/0,6173:1747647654293:,1747647662750
counter/7/0/0/0,6174:1747647654299:,1747647662750
counter/7/0/0/0,6175:1747647654299:,1747647662750
counter/7/0/0/0,6176:1747647654299:,1747647662750
counter/7/0/0/0,6177:1747647654299:,1747647662750
counter/7/0/0/0,6178:1747647654299:,1747647662750
counter/7/0/0/0,6179:1747647654309:,1747647662750
counter/7/0/0/0,6180:1747647654309:,1747647662750
counter/7/0/0/0,6181:1747647654309:,1747647662750
counter/7/0/0/0,6182:1747647654309:,1747647662750
counter/7/0/0/0,6183:1747647654309:,1747647662751
counter/7/0/0/0,6184:1747647654309:,1747647662751
counter/7/0/0/0,6185:1747647654309:,1747647662751
counter/6/0/0/0,5743:1747647654346:,1747647662751
counter/6/0/0/0,5744:1747647654346:,1747647662751
counter/6/0/0/0,5745:1747647654347:,1747647662751
counter/2/0/0/0,6153:1747647653768:,1747647662751
counter/2/0/0/0,6154:1747647653768:,1747647662751
counter/2/0/0/0,6155:1747647653768:,1747647662751
counter/2/0/0/0,6156:1747647653768:,1747647662751
counter/2/0/0/0,6157:1747647653768:,1747647662751
counter/2/0/0/0,6158:1747647653768:,1747647662751
counter/2/0/0/0,6159:1747647653768:,1747647662751
counter/2/0/0/0,6160:1747647653768:,1747647662751
counter/2/0/0/0,6161:1747647653768:,1747647662751
counter/2/0/0/0,6162:1747647653768:,1747647662751
counter/7/0/0/0,6186:1747647654309:,1747647662751
counter/6/0/0/0,5746:1747647654347:,1747647662751
counter/2/0/0/0,6163:1747647653874:,1747647662751
counter/6/0/0/0,5747:1747647654347:,1747647662751
counter/9/0/0/0,6907:1747647654711:,1747647662751
counter/3/0/0/0,6718:1747647654465:,1747647662751
counter/3/0/0/0,6719:1747647654465:,1747647662751
counter/10/0/0/0,6056:1747647654084:,1747647662751
counter/10/0/0/0,6057:1747647654084:,1747647662752
counter/4/0/0/0,6727:1747647655433:,1747647662752
counter/4/0/0/0,6728:1747647655433:,1747647662752
counter/4/0/0/0,6729:1747647655433:,1747647662752
counter/8/0/0/0,6730:1747647654371:,1747647662753
counter/8/0/0/0,6731:1747647654371:,1747647662753
counter/8/0/0/0,6732:1747647654371:,1747647662753
counter/8/0/0/0,6733:1747647654371:,1747647662753
counter/8/0/0/0,6734:1747647654371:,1747647662753
counter/8/0/0/0,6735:1747647654371:,1747647662753
counter/8/0/0/0,6736:1747647654371:,1747647662753
counter/8/0/0/0,6737:1747647654371:,1747647662753
counter/8/0/0/0,6738:1747647654371:,1747647662753
counter/5/0/0/0,6514:1747647654457:,1747647662753
counter/4/0/0/0,6730:1747647655433:,1747647662754
counter/5/0/0/0,6515:1747647654457:,1747647662754
counter/7/0/0/0,6187:1747647654309:,1747647662754
counter/7/0/0/0,6188:1747647654310:,1747647662754
counter/7/0/0/0,6189:1747647654310:,1747647662754
counter/7/0/0/0,6190:1747647654317:,1747647662754
counter/9/0/0/0,6908:1747647654711:,1747647662754
counter/6/0/0/0,5748:1747647654347:,1747647662755
counter/6/0/0/0,5749:1747647654347:,1747647662755
counter/6/0/0/0,5750:1747647654347:,1747647662755
counter/6/0/0/0,5751:1747647654349:,1747647662755
counter/6/0/0/0,5752:1747647654349:,1747647662755
counter/6/0/0/0,5753:1747647654349:,1747647662755
counter/6/0/0/0,5754:1747647654349:,1747647662755
counter/4/0/0/0,6731:1747647655433:,1747647662755
counter/4/0/0/0,6732:1747647655433:,1747647662756
counter/4/0/0/0,6733:1747647655433:,1747647662756
counter/4/0/0/0,6734:1747647655433:,1747647662756
counter/4/0/0/0,6735:1747647655433:,1747647662756
counter/4/0/0/0,6736:1747647655433:,1747647662756
counter/4/0/0/0,6737:1747647655441:,1747647662756
counter/4/0/0/0,6738:1747647655441:,1747647662756
counter/4/0/0/0,6739:1747647655441:,1747647662756
counter/4/0/0/0,6740:1747647655443:,1747647662756
counter/4/0/0/0,6741:1747647655443:,1747647662756
counter/4/0/0/0,6742:1747647655443:,1747647662756
counter/4/0/0/0,6743:1747647655443:,1747647662756
counter/4/0/0/0,6744:1747647655444:,1747647662756
counter/4/0/0/0,6745:1747647655444:,1747647662756
counter/4/0/0/0,6746:1747647655444:,1747647662756
counter/4/0/0/0,6747:1747647655444:,1747647662756
counter/8/0/0/0,6739:1747647654371:,1747647662756
counter/6/0/0/0,5755:1747647654349:,1747647662757
counter/6/0/0/0,5756:1747647654349:,1747647662757
counter/10/0/0/0,6058:1747647654084:,1747647662757
counter/6/0/0/0,5757:1747647654349:,1747647662757
counter/6/0/0/0,5758:1747647654349:,1747647662757
counter/6/0/0/0,5759:1747647654349:,1747647662757
counter/6/0/0/0,5760:1747647654357:,1747647662757
counter/6/0/0/0,5761:1747647654357:,1747647662757
counter/6/0/0/0,5762:1747647654358:,1747647662757
counter/6/0/0/0,5763:1747647654358:,1747647662757
counter/6/0/0/0,5764:1747647654358:,1747647662757
counter/7/0/0/0,6191:1747647654317:,1747647662757
counter/7/0/0/0,6192:1747647654337:,1747647662757
counter/2/0/0/0,6164:1747647653874:,1747647662757
counter/7/0/0/0,6193:1747647654337:,1747647662757
counter/2/0/0/0,6165:1747647653874:,1747647662757
counter/6/0/0/0,5765:1747647654358:,1747647662757
counter/2/0/0/0,6166:1747647653874:,1747647662757
counter/3/0/0/0,6720:1747647654465:,1747647662757
counter/5/0/0/0,6516:1747647654457:,1747647662758
counter/9/0/0/0,6909:1747647654711:,1747647662759
counter/9/0/0/0,6910:1747647654711:,1747647662760
counter/9/0/0/0,6911:1747647654711:,1747647662760
counter/9/0/0/0,6912:1747647654711:,1747647662760
counter/9/0/0/0,6913:1747647654711:,1747647662760
counter/3/0/0/0,6721:1747647654465:,1747647662760
counter/3/0/0/0,6722:1747647654465:,1747647662760
counter/8/0/0/0,6740:1747647654371:,1747647662760
counter/6/0/0/0,5766:1747647654358:,1747647662760
counter/4/0/0/0,6748:1747647655444:,1747647662761
counter/7/0/0/0,6194:1747647654337:,1747647662761
counter/1/0/0/0,7000:1747647655294:,1747647662761
counter/1/0/0/0,7001:1747647655295:,1747647662761
counter/1/0/0/0,7002:1747647655295:,1747647662761
counter/1/0/0/0,7003:1747647655295:,1747647662761
counter/2/0/0/0,6167:1747647653874:,1747647662762
counter/2/0/0/0,6168:1747647653874:,1747647662762
counter/8/0/0/0,6741:1747647654371:,1747647662762
counter/9/0/0/0,6914:1747647654711:,1747647662762
counter/10/0/0/0,6059:1747647654084:,1747647662762
counter/10/0/0/0,6060:1747647654085:,1747647662762
counter/10/0/0/0,6061:1747647654085:,1747647662762
counter/9/0/0/0,6915:1747647654714:,1747647662762
counter/9/0/0/0,6916:1747647654714:,1747647662763
counter/10/0/0/0,6062:1747647654085:,1747647662763
counter/4/0/0/0,6749:1747647655444:,1747647662763
counter/3/0/0/0,6723:1747647654465:,1747647662763
counter/7/0/0/0,6195:1747647654337:,1747647662763
counter/7/0/0/0,6196:1747647654337:,1747647662764
counter/7/0/0/0,6197:1747647654337:,1747647662764
counter/7/0/0/0,6198:1747647654337:,1747647662764
counter/7/0/0/0,6199:1747647654337:,1747647662764
counter/8/0/0/0,6742:1747647654371:,1747647662764
counter/9/0/0/0,6917:1747647654714:,1747647662764
counter/9/0/0/0,6918:1747647654714:,1747647662764
counter/9/0/0/0,6919:1747647654714:,1747647662764
counter/9/0/0/0,6920:1747647654714:,1747647662764
counter/3/0/0/0,6724:1747647654466:,1747647662764
counter/3/0/0/0,6725:1747647654466:,1747647662764
counter/3/0/0/0,6726:1747647654466:,1747647662764
counter/3/0/0/0,6727:1747647654466:,1747647662765
counter/1/0/0/0,7004:1747647655295:,1747647662765
counter/3/0/0/0,6728:1747647654466:,1747647662765
counter/10/0/0/0,6063:1747647654087:,1747647662765
counter/7/0/0/0,6200:1747647654337:,1747647662766
counter/3/0/0/0,6729:1747647654466:,1747647662766
counter/8/0/0/0,6743:1747647654371:,1747647662766
counter/3/0/0/0,6730:1747647654466:,1747647662766
counter/3/0/0/0,6731:1747647654466:,1747647662766
counter/3/0/0/0,6732:1747647654466:,1747647662766
counter/3/0/0/0,6733:1747647654470:,1747647662766
counter/3/0/0/0,6734:1747647654470:,1747647662766
counter/3/0/0/0,6735:1747647654470:,1747647662766
counter/3/0/0/0,6736:1747647654470:,1747647662767
counter/2/0/0/0,6169:1747647653876:,1747647662767
counter/5/0/0/0,6517:1747647654457:,1747647662767
counter/1/0/0/0,7005:1747647655295:,1747647662767
counter/1/0/0/0,7006:1747647655295:,1747647662768
counter/1/0/0/0,7007:1747647655295:,1747647662768
counter/1/0/0/0,7008:1747647655295:,1747647662768
counter/1/0/0/0,7009:1747647655295:,1747647662768
counter/1/0/0/0,7010:1747647655295:,1747647662768
counter/1/0/0/0,7011:1747647655295:,1747647662769
counter/1/0/0/0,7012:1747647655295:,1747647662769
counter/9/0/0/0,6921:1747647654715:,1747647662769
counter/9/0/0/0,6922:1747647654715:,1747647662769
counter/5/0/0/0,6518:1747647654458:,1747647662769
counter/9/0/0/0,6923:1747647654715:,1747647662769
counter/3/0/0/0,6737:1747647654470:,1747647662770
counter/4/0/0/0,6750:1747647655444:,1747647662770
counter/1/0/0/0,7013:1747647655295:,1747647662770
counter/2/0/0/0,6170:1747647653876:,1747647662770
counter/10/0/0/0,6064:1747647654087:,1747647662770
counter/3/0/0/0,6738:1747647654470:,1747647662771
counter/3/0/0/0,6739:1747647654470:,1747647662771
counter/3/0/0/0,6740:1747647654470:,1747647662771
counter/3/0/0/0,6741:1747647654470:,1747647662771
counter/1/0/0/0,7014:1747647655295:,1747647662771
counter/8/0/0/0,6744:1747647654371:,1747647662772
counter/8/0/0/0,6745:1747647654371:,1747647662772
counter/8/0/0/0,6746:1747647654371:,1747647662772
counter/8/0/0/0,6747:1747647654373:,1747647662772
counter/4/0/0/0,6751:1747647655444:,1747647662773
counter/10/0/0/0,6065:1747647654093:,1747647662773
counter/4/0/0/0,6752:1747647655444:,1747647662773
counter/10/0/0/0,6066:1747647654093:,1747647662773
counter/4/0/0/0,6753:1747647655460:,1747647662773
counter/4/0/0/0,6754:1747647655461:,1747647662773
counter/4/0/0/0,6755:1747647655461:,1747647662773
counter/1/0/0/0,7015:1747647655297:,1747647662773
counter/1/0/0/0,7016:1747647655297:,1747647662773
counter/1/0/0/0,7017:1747647655298:,1747647662773
counter/1/0/0/0,7018:1747647655298:,1747647662773
counter/10/0/0/0,6067:1747647654093:,1747647662775
counter/10/0/0/0,6068:1747647654093:,1747647662775
counter/10/0/0/0,6069:1747647654103:,1747647662775
counter/1/0/0/0,7019:1747647655298:,1747647662775
counter/1/0/0/0,7020:1747647655298:,1747647662775
counter/1/0/0/0,7021:1747647655298:,1747647662775
counter/1/0/0/0,7022:1747647655298:,1747647662775
counter/1/0/0/0,7023:1747647655303:,1747647662775
counter/8/0/0/0,6748:1747647654373:,1747647662775
counter/4/0/0/0,6756:1747647655461:,1747647662776
counter/5/0/0/0,6519:1747647654458:,1747647662776
counter/5/0/0/0,6520:1747647654458:,1747647662776
counter/5/0/0/0,6521:1747647654458:,1747647662776
counter/9/0/0/0,6924:1747647654720:,1747647662776
counter/9/0/0/0,6925:1747647654720:,1747647662776
counter/6/0/0/0,5767:1747647654358:,1747647662776
counter/3/0/0/0,6742:1747647654474:,1747647662777
counter/3/0/0/0,6743:1747647654474:,1747647662777
counter/8/0/0/0,6749:1747647654373:,1747647662779
counter/8/0/0/0,6750:1747647654373:,1747647662779
counter/8/0/0/0,6751:1747647654373:,1747647662779
counter/9/0/0/0,6926:1747647654720:,1747647662779
counter/6/0/0/0,5768:1747647654358:,1747647662779
counter/2/0/0/0,6171:1747647653876:,1747647662779
counter/6/0/0/0,5769:1747647654358:,1747647662779
counter/5/0/0/0,6522:1747647654458:,1747647662779
counter/2/0/0/0,6172:1747647653876:,1747647662780
counter/10/0/0/0,6070:1747647654103:,1747647662780
counter/3/0/0/0,6744:1747647654474:,1747647662780
counter/3/0/0/0,6745:1747647654474:,1747647662780
counter/3/0/0/0,6746:1747647654474:,1747647662780
counter/1/0/0/0,7024:1747647655303:,1747647662780
counter/4/0/0/0,6757:1747647655461:,1747647662780
counter/6/0/0/0,5770:1747647654358:,1747647662781
counter/6/0/0/0,5771:1747647654358:,1747647662781
counter/6/0/0/0,5772:1747647654358:,1747647662781
counter/6/0/0/0,5773:1747647654358:,1747647662781
counter/6/0/0/0,5774:1747647654358:,1747647662781
counter/6/0/0/0,5775:1747647654358:,1747647662781
counter/8/0/0/0,6752:1747647654374:,1747647662781
counter/5/0/0/0,6523:1747647654458:,1747647662782
counter/9/0/0/0,6927:1747647654720:,1747647662782
counter/7/0/0/0,6201:1747647654337:,1747647662782
counter/3/0/0/0,6747:1747647654474:,1747647662782
counter/3/0/0/0,6748:1747647654474:,1747647662782
counter/3/0/0/0,6749:1747647654474:,1747647662782
counter/3/0/0/0,6750:1747647654474:,1747647662782
counter/3/0/0/0,6751:1747647654474:,1747647662782
counter/3/0/0/0,6752:1747647654474:,1747647662782
counter/3/0/0/0,6753:1747647654474:,1747647662782
counter/5/0/0/0,6524:1747647654458:,1747647662782
counter/10/0/0/0,6071:1747647654106:,1747647662782
counter/6/0/0/0,5776:1747647654358:,1747647662783
counter/6/0/0/0,5777:1747647654358:,1747647662784
counter/6/0/0/0,5778:1747647654358:,1747647662784
counter/6/0/0/0,5779:1747647654358:,1747647662784
counter/6/0/0/0,5780:1747647654358:,1747647662784
counter/6/0/0/0,5781:1747647654358:,1747647662784
counter/6/0/0/0,5782:1747647654358:,1747647662784
counter/6/0/0/0,5783:1747647654366:,1747647662784
counter/9/0/0/0,6928:1747647654720:,1747647662785
counter/3/0/0/0,6754:1747647654474:,1747647662785
counter/8/0/0/0,6753:1747647654374:,1747647662786
counter/4/0/0/0,6758:1747647655461:,1747647662786
counter/10/0/0/0,6072:1747647654106:,1747647662787
counter/1/0/0/0,7025:1747647655303:,1747647662787
counter/3/0/0/0,6755:1747647654474:,1747647662787
counter/7/0/0/0,6202:1747647654337:,1747647662788
counter/7/0/0/0,6203:1747647654337:,1747647662788
counter/7/0/0/0,6204:1747647654337:,1747647662788
counter/2/0/0/0,6173:1747647653876:,1747647662788
counter/4/0/0/0,6759:1747647655461:,1747647662788
counter/2/0/0/0,6174:1747647653876:,1747647662788
counter/4/0/0/0,6760:1747647655461:,1747647662788
counter/4/0/0/0,6761:1747647655461:,1747647662788
counter/6/0/0/0,5784:1747647654367:,1747647662788
counter/6/0/0/0,5785:1747647654367:,1747647662788
counter/6/0/0/0,5786:1747647654367:,1747647662788
counter/6/0/0/0,5787:1747647654367:,1747647662788
counter/5/0/0/0,6525:1747647654458:,1747647662789
counter/1/0/0/0,7026:1747647655303:,1747647662789
counter/5/0/0/0,6526:1747647654458:,1747647662790
counter/2/0/0/0,6175:1747647653876:,1747647662790
counter/10/0/0/0,6073:1747647654106:,1747647662790
counter/9/0/0/0,6929:1747647654720:,1747647662790
counter/9/0/0/0,6930:1747647654720:,1747647662790
counter/9/0/0/0,6931:1747647654720:,1747647662790
counter/3/0/0/0,6756:1747647654474:,1747647662791
counter/3/0/0/0,6757:1747647654474:,1747647662791
counter/3/0/0/0,6758:1747647654474:,1747647662791
counter/3/0/0/0,6759:1747647654474:,1747647662791
counter/3/0/0/0,6760:1747647654474:,1747647662791
counter/3/0/0/0,6761:1747647654474:,1747647662791
counter/2/0/0/0,6176:1747647653876:,1747647662791
counter/4/0/0/0,6762:1747647655468:,1747647662791
counter/6/0/0/0,5788:1747647654367:,1747647662792
counter/8/0/0/0,6754:1747647654374:,1747647662792
counter/4/0/0/0,6763:1747647655469:,1747647662792
counter/1/0/0/0,7027:1747647655304:,1747647662793
counter/2/0/0/0,6177:1747647653894:,1747647662793
counter/10/0/0/0,6074:1747647654106:,1747647662795
counter/5/0/0/0,6527:1747647654458:,1747647662795
counter/5/0/0/0,6528:1747647654458:,1747647662795
counter/5/0/0/0,6529:1747647654458:,1747647662795
counter/5/0/0/0,6530:1747647654458:,1747647662795
counter/5/0/0/0,6531:1747647654459:,1747647662795
counter/5/0/0/0,6532:1747647654459:,1747647662795
counter/5/0/0/0,6533:1747647654459:,1747647662795
counter/5/0/0/0,6534:1747647654459:,1747647662795
counter/5/0/0/0,6535:1747647654459:,1747647662795
counter/5/0/0/0,6536:1747647654459:,1747647662795
counter/6/0/0/0,5789:1747647654367:,1747647662795
counter/6/0/0/0,5790:1747647654367:,1747647662796
counter/6/0/0/0,5791:1747647654367:,1747647662796
counter/6/0/0/0,5792:1747647654367:,1747647662796
counter/6/0/0/0,5793:1747647654367:,1747647662796
counter/6/0/0/0,5794:1747647654367:,1747647662796
counter/9/0/0/0,6932:1747647654720:,1747647662796
counter/10/0/0/0,6075:1747647654106:,1747647662796
counter/4/0/0/0,6764:1747647655469:,1747647662796
counter/9/0/0/0,6933:1747647654720:,1747647662797
counter/1/0/0/0,7028:1747647655304:,1747647662797
counter/1/0/0/0,7029:1747647655304:,1747647662797
counter/1/0/0/0,7030:1747647655308:,1747647662797
counter/2/0/0/0,6178:1747647653902:,1747647662797
counter/2/0/0/0,6179:1747647653902:,1747647662797
counter/5/0/0/0,6537:1747647654459:,1747647662797
counter/5/0/0/0,6538:1747647654459:,1747647662797
counter/8/0/0/0,6755:1747647654374:,1747647662802
counter/4/0/0/0,6765:1747647655469:,1747647662802
counter/1/0/0/0,7031:1747647655308:,1747647662802
counter/7/0/0/0,6205:1747647654342:,1747647662802
counter/1/0/0/0,7032:1747647655308:,1747647662803
counter/1/0/0/0,7033:1747647655308:,1747647662803
counter/7/0/0/0,6206:1747647654342:,1747647662803
counter/2/0/0/0,6180:1747647653902:,1747647662803
counter/4/0/0/0,6766:1747647655469:,1747647662804
counter/7/0/0/0,6207:1747647654342:,1747647662804
counter/5/0/0/0,6539:1747647654459:,1747647662804
counter/5/0/0/0,6540:1747647654459:,1747647662804
counter/5/0/0/0,6541:1747647654459:,1747647662804
counter/1/0/0/0,7034:1747647655308:,1747647662804
counter/4/0/0/0,6767:1747647655469:,1747647662804
counter/1/0/0/0,7035:1747647655308:,1747647662805
counter/1/0/0/0,7036:1747647655308:,1747647662805
counter/1/0/0/0,7037:1747647655308:,1747647662805
counter/1/0/0/0,7038:1747647655312:,1747647662805
counter/1/0/0/0,7039:1747647655312:,1747647662805
counter/1/0/0/0,7040:1747647655312:,1747647662805
counter/1/0/0/0,7041:1747647655312:,1747647662805
counter/1/0/0/0,7042:1747647655312:,1747647662805
counter/9/0/0/0,6934:1747647654723:,1747647662805
counter/4/0/0/0,6768:1747647655469:,1747647662806
counter/9/0/0/0,6935:1747647654724:,1747647662806
counter/4/0/0/0,6769:1747647655469:,1747647662806
counter/9/0/0/0,6936:1747647654747:,1747647662806
counter/4/0/0/0,6770:1747647655471:,1747647662806
counter/1/0/0/0,7043:1747647655312:,1747647662806
counter/4/0/0/0,6771:1747647655471:,1747647662806
counter/1/0/0/0,7044:1747647655314:,1747647662806
counter/8/0/0/0,6756:1747647654374:,1747647662807
counter/4/0/0/0,6772:1747647655471:,1747647662807
counter/8/0/0/0,6757:1747647654374:,1747647662807
counter/8/0/0/0,6758:1747647654374:,1747647662807
counter/4/0/0/0,6773:1747647655471:,1747647662807
counter/2/0/0/0,6181:1747647653902:,1747647662808
counter/1/0/0/0,7045:1747647655323:,1747647662809
counter/10/0/0/0,6076:1747647654106:,1747647662809
counter/9/0/0/0,6937:1747647654747:,1747647662810
counter/6/0/0/0,5795:1747647654367:,1747647662810
counter/6/0/0/0,5796:1747647654367:,1747647662810
counter/8/0/0/0,6759:1747647654374:,1747647662810
counter/8/0/0/0,6760:1747647654374:,1747647662810
counter/8/0/0/0,6761:1747647654374:,1747647662810
counter/8/0/0/0,6762:1747647654374:,1747647662810
counter/8/0/0/0,6763:1747647654374:,1747647662810
counter/8/0/0/0,6764:1747647654379:,1747647662810
counter/8/0/0/0,6765:1747647654380:,1747647662810
counter/8/0/0/0,6766:1747647654380:,1747647662810
counter/8/0/0/0,6767:1747647654380:,1747647662810
counter/8/0/0/0,6768:1747647654380:,1747647662810
counter/8/0/0/0,6769:1747647654380:,1747647662810
counter/8/0/0/0,6770:1747647654380:,1747647662811
counter/8/0/0/0,6771:1747647654380:,1747647662811
counter/7/0/0/0,6208:1747647654342:,1747647662811
counter/7/0/0/0,6209:1747647654342:,1747647662811
counter/7/0/0/0,6210:1747647654342:,1747647662811
counter/7/0/0/0,6211:1747647654342:,1747647662811
counter/10/0/0/0,6077:1747647654106:,1747647662811
counter/7/0/0/0,6212:1747647654342:,1747647662811
counter/10/0/0/0,6078:1747647654106:,1747647662811
counter/10/0/0/0,6079:1747647654106:,1747647662811
counter/9/0/0/0,6938:1747647654747:,1747647662811
counter/5/0/0/0,6542:1747647654459:,1747647662811
counter/5/0/0/0,6543:1747647654459:,1747647662811
counter/5/0/0/0,6544:1747647654459:,1747647662811
counter/5/0/0/0,6545:1747647654459:,1747647662811
counter/5/0/0/0,6546:1747647654459:,1747647662811
counter/8/0/0/0,6772:1747647654380:,1747647662811
counter/8/0/0/0,6773:1747647654380:,1747647662811
counter/8/0/0/0,6774:1747647654382:,1747647662811
counter/8/0/0/0,6775:1747647654382:,1747647662811
counter/8/0/0/0,6776:1747647654382:,1747647662811
counter/8/0/0/0,6777:1747647654382:,1747647662811
counter/8/0/0/0,6778:1747647654382:,1747647662812
counter/2/0/0/0,6182:1747647653904:,1747647662812
counter/4/0/0/0,6774:1747647655471:,1747647662812
counter/3/0/0/0,6762:1747647654474:,1747647662812
counter/9/0/0/0,6939:1747647654747:,1747647662812
counter/6/0/0/0,5797:1747647654370:,1747647662812
counter/6/0/0/0,5798:1747647654374:,1747647662812
counter/5/0/0/0,6547:1747647654459:,1747647662812
counter/5/0/0/0,6548:1747647654460:,1747647662812
counter/1/0/0/0,7046:1747647655323:,1747647662812
counter/5/0/0/0,6549:1747647654460:,1747647662813
counter/5/0/0/0,6550:1747647654465:,1747647662813
counter/5/0/0/0,6551:1747647654465:,1747647662813
counter/5/0/0/0,6552:1747647654465:,1747647662813
counter/5/0/0/0,6553:1747647654465:,1747647662813
counter/1/0/0/0,7047:1747647655323:,1747647662813
counter/8/0/0/0,6779:1747647654383:,1747647662813
counter/8/0/0/0,6780:1747647654383:,1747647662813
counter/8/0/0/0,6781:1747647654383:,1747647662813
counter/8/0/0/0,6782:1747647654383:,1747647662813
counter/8/0/0/0,6783:1747647654383:,1747647662813
counter/8/0/0/0,6784:1747647654383:,1747647662813
counter/8/0/0/0,6785:1747647654383:,1747647662813
counter/8/0/0/0,6786:1747647654383:,1747647662813
counter/8/0/0/0,6787:1747647654383:,1747647662813
counter/8/0/0/0,6788:1747647654384:,1747647662813
counter/8/0/0/0,6789:1747647654384:,1747647662813
counter/8/0/0/0,6790:1747647654384:,1747647662813
counter/8/0/0/0,6791:1747647654384:,1747647662814
counter/8/0/0/0,6792:1747647654389:,1747647662814
counter/9/0/0/0,6940:1747647654754:,1747647662814
counter/5/0/0/0,6554:1747647654465:,1747647662814
counter/2/0/0/0,6183:1747647653904:,1747647662814
counter/2/0/0/0,6184:1747647653904:,1747647662814
counter/8/0/0/0,6793:1747647654390:,1747647662814
counter/4/0/0/0,6775:1747647655472:,1747647662814
counter/4/0/0/0,6776:1747647655472:,1747647662814
counter/9/0/0/0,6941:1747647654754:,1747647662814
counter/5/0/0/0,6555:1747647654465:,1747647662814
counter/5/0/0/0,6556:1747647654466:,1747647662814
counter/5/0/0/0,6557:1747647654466:,1747647662814
counter/5/0/0/0,6558:1747647654466:,1747647662814
counter/1/0/0/0,7048:1747647655323:,1747647662815
counter/3/0/0/0,6763:1747647654480:,1747647662815
counter/3/0/0/0,6764:1747647654480:,1747647662815
counter/3/0/0/0,6765:1747647654480:,1747647662815
counter/3/0/0/0,6766:1747647654480:,1747647662815
counter/3/0/0/0,6767:1747647654480:,1747647662815
counter/7/0/0/0,6213:1747647654343:,1747647662815
counter/7/0/0/0,6214:1747647654343:,1747647662815
counter/7/0/0/0,6215:1747647654344:,1747647662816
counter/7/0/0/0,6216:1747647654344:,1747647662816
counter/1/0/0/0,7049:1747647655323:,1747647662816
counter/1/0/0/0,7050:1747647655323:,1747647662816
counter/10/0/0/0,6080:1747647654106:,1747647662816
counter/8/0/0/0,6794:1747647654390:,1747647662816
counter/1/0/0/0,7051:1747647655323:,1747647662817
counter/1/0/0/0,7052:1747647655323:,1747647662819
counter/3/0/0/0,6768:1747647654480:,1747647662819
counter/8/0/0/0,6795:1747647654390:,1747647662819
counter/2/0/0/0,6185:1747647653906:,1747647662819
counter/4/0/0/0,6777:1747647655472:,1747647662820
counter/4/0/0/0,6778:1747647655472:,1747647662820
counter/4/0/0/0,6779:1747647655472:,1747647662820
counter/4/0/0/0,6780:1747647655472:,1747647662820
counter/3/0/0/0,6769:1747647654480:,1747647662821
counter/7/0/0/0,6217:1747647654344:,1747647662821
counter/2/0/0/0,6186:1747647653906:,1747647662821
counter/4/0/0/0,6781:1747647655472:,1747647662821
counter/2/0/0/0,6187:1747647653906:,1747647662821
counter/4/0/0/0,6782:1747647655472:,1747647662821
counter/4/0/0/0,6783:1747647655472:,1747647662821
counter/9/0/0/0,6942:1747647654757:,1747647662821
counter/4/0/0/0,6784:1747647655472:,1747647662821
counter/5/0/0/0,6559:1747647654466:,1747647662822
counter/4/0/0/0,6785:1747647655472:,1747647662822
counter/5/0/0/0,6560:1747647654466:,1747647662822
counter/3/0/0/0,6770:1747647654480:,1747647662822
counter/5/0/0/0,6561:1747647654466:,1747647662823
counter/5/0/0/0,6562:1747647654466:,1747647662823
counter/5/0/0/0,6563:1747647654466:,1747647662823
counter/5/0/0/0,6564:1747647654466:,1747647662824
counter/10/0/0/0,6081:1747647654106:,1747647662824
counter/5/0/0/0,6565:1747647654466:,1747647662824
counter/5/0/0/0,6566:1747647654468:,1747647662824
counter/5/0/0/0,6567:1747647654468:,1747647662824
counter/1/0/0/0,7053:1747647655323:,1747647662824
counter/2/0/0/0,6188:1747647653906:,1747647662825
counter/3/0/0/0,6771:1747647654481:,1747647662825
counter/3/0/0/0,6772:1747647654481:,1747647662825
counter/4/0/0/0,6786:1747647655472:,1747647662825
counter/9/0/0/0,6943:1747647654759:,1747647662826
counter/7/0/0/0,6218:1747647654344:,1747647662826
counter/2/0/0/0,6189:1747647653906:,1747647662826
counter/2/0/0/0,6190:1747647653906:,1747647662827
counter/4/0/0/0,6787:1747647655477:,1747647662827
counter/4/0/0/0,6788:1747647655477:,1747647662827
counter/8/0/0/0,6796:1747647654390:,1747647662827
counter/8/0/0/0,6797:1747647654390:,1747647662827
counter/6/0/0/0,5799:1747647654374:,1747647662827
counter/8/0/0/0,6798:1747647654390:,1747647662828
counter/6/0/0/0,5800:1747647654375:,1747647662828
counter/8/0/0/0,6799:1747647654390:,1747647662828
counter/8/0/0/0,6800:1747647654390:,1747647662828
counter/5/0/0/0,6568:1747647654468:,1747647662828
counter/5/0/0/0,6569:1747647654468:,1747647662828
counter/5/0/0/0,6570:1747647654468:,1747647662828
counter/5/0/0/0,6571:1747647654468:,1747647662828
counter/5/0/0/0,6572:1747647654468:,1747647662828
counter/5/0/0/0,6573:1747647654468:,1747647662829
counter/5/0/0/0,6574:1747647654468:,1747647662829
counter/5/0/0/0,6575:1747647654468:,1747647662829
counter/5/0/0/0,6576:1747647654468:,1747647662829
counter/5/0/0/0,6577:1747647654469:,1747647662829
counter/5/0/0/0,6578:1747647654469:,1747647662829
counter/5/0/0/0,6579:1747647654469:,1747647662829
counter/5/0/0/0,6580:1747647654469:,1747647662829
counter/5/0/0/0,6581:1747647654469:,1747647662829
counter/5/0/0/0,6582:1747647654469:,1747647662829
counter/5/0/0/0,6583:1747647654469:,1747647662829
counter/5/0/0/0,6584:1747647654469:,1747647662829
counter/5/0/0/0,6585:1747647654469:,1747647662829
counter/5/0/0/0,6586:1747647654469:,1747647662829
counter/5/0/0/0,6587:1747647654469:,1747647662829
counter/7/0/0/0,6219:1747647654348:,1747647662829
counter/1/0/0/0,7054:1747647655323:,1747647662830
counter/10/0/0/0,6082:1747647654107:,1747647662830
counter/3/0/0/0,6773:1747647654481:,1747647662830
counter/5/0/0/0,6588:1747647654472:,1747647662830
counter/5/0/0/0,6589:1747647654472:,1747647662830
counter/5/0/0/0,6590:1747647654472:,1747647662830
counter/5/0/0/0,6591:1747647654472:,1747647662830
counter/5/0/0/0,6592:1747647654472:,1747647662830
counter/5/0/0/0,6593:1747647654472:,1747647662830
counter/8/0/0/0,6801:1747647654390:,1747647662830
counter/4/0/0/0,6789:1747647655477:,1747647662830
counter/4/0/0/0,6790:1747647655477:,1747647662830
counter/4/0/0/0,6791:1747647655477:,1747647662830
counter/1/0/0/0,7055:1747647655323:,1747647662830
counter/3/0/0/0,6774:1747647654481:,1747647662830
counter/3/0/0/0,6775:1747647654481:,1747647662831
counter/3/0/0/0,6776:1747647654481:,1747647662831
counter/3/0/0/0,6777:1747647654481:,1747647662831
counter/3/0/0/0,6778:1747647654481:,1747647662831
counter/8/0/0/0,6802:1747647654390:,1747647662831
counter/8/0/0/0,6803:1747647654390:,1747647662831
counter/8/0/0/0,6804:1747647654390:,1747647662831
counter/8/0/0/0,6805:1747647654390:,1747647662831
counter/8/0/0/0,6806:1747647654390:,1747647662831
counter/8/0/0/0,6807:1747647654390:,1747647662831
counter/8/0/0/0,6808:1747647654390:,1747647662831
counter/8/0/0/0,6809:1747647654390:,1747647662831
counter/8/0/0/0,6810:1747647654390:,1747647662831
counter/10/0/0/0,6083:1747647654108:,1747647662831
counter/8/0/0/0,6811:1747647654391:,1747647662831
counter/3/0/0/0,6779:1747647654494:,1747647662831
counter/3/0/0/0,6780:1747647654494:,1747647662832
counter/3/0/0/0,6781:1747647654494:,1747647662832
counter/3/0/0/0,6782:1747647654494:,1747647662832
counter/3/0/0/0,6783:1747647654494:,1747647662833
counter/3/0/0/0,6784:1747647654494:,1747647662833
counter/2/0/0/0,6191:1747647653907:,1747647662833
counter/2/0/0/0,6192:1747647653907:,1747647662833
counter/5/0/0/0,6594:1747647654472:,1747647662833
counter/5/0/0/0,6595:1747647654472:,1747647662833
counter/1/0/0/0,7056:1747647655323:,1747647662833
counter/1/0/0/0,7057:1747647655325:,1747647662834
counter/1/0/0/0,7058:1747647655325:,1747647662834
counter/1/0/0/0,7059:1747647655325:,1747647662834
counter/1/0/0/0,7060:1747647655325:,1747647662834
counter/1/0/0/0,7061:1747647655325:,1747647662834
counter/1/0/0/0,7062:1747647655325:,1747647662834
counter/1/0/0/0,7063:1747647655325:,1747647662834
counter/1/0/0/0,7064:1747647655325:,1747647662834
counter/1/0/0/0,7065:1747647655329:,1747647662834
counter/1/0/0/0,7066:1747647655329:,1747647662834
counter/1/0/0/0,7067:1747647655330:,1747647662834
counter/1/0/0/0,7068:1747647655330:,1747647662834
counter/1/0/0/0,7069:1747647655330:,1747647662834
counter/1/0/0/0,7070:1747647655330:,1747647662834
counter/3/0/0/0,6785:1747647654496:,1747647662834
counter/3/0/0/0,6786:1747647654496:,1747647662835
counter/4/0/0/0,6792:1747647655477:,1747647662835
counter/7/0/0/0,6220:1747647654348:,1747647662835
counter/3/0/0/0,6787:1747647654496:,1747647662835
counter/6/0/0/0,5801:1747647654375:,1747647662835
counter/3/0/0/0,6788:1747647654497:,1747647662835
counter/6/0/0/0,5802:1747647654375:,1747647662835
counter/8/0/0/0,6812:1747647654391:,1747647662835
counter/1/0/0/0,7071:1747647655330:,1747647662835
counter/1/0/0/0,7072:1747647655330:,1747647662836
counter/1/0/0/0,7073:1747647655330:,1747647662836
counter/1/0/0/0,7074:1747647655330:,1747647662836
counter/1/0/0/0,7075:1747647655330:,1747647662836
counter/1/0/0/0,7076:1747647655330:,1747647662836
counter/1/0/0/0,7077:1747647655330:,1747647662836
counter/10/0/0/0,6084:1747647654108:,1747647662836
counter/10/0/0/0,6085:1747647654108:,1747647662836
counter/4/0/0/0,6793:1747647655477:,1747647662836
counter/6/0/0/0,5803:1747647654375:,1747647662836
counter/2/0/0/0,6193:1747647653907:,1747647662836
counter/5/0/0/0,6596:1747647654472:,1747647662836
counter/9/0/0/0,6944:1747647654759:,1747647662836
counter/4/0/0/0,6794:1747647655477:,1747647662836
counter/6/0/0/0,5804:1747647654375:,1747647662837
counter/2/0/0/0,6194:1747647653907:,1747647662837
counter/5/0/0/0,6597:1747647654472:,1747647662837
counter/6/0/0/0,5805:1747647654375:,1747647662837
counter/6/0/0/0,5806:1747647654375:,1747647662837
counter/7/0/0/0,6221:1747647654349:,1747647662837
counter/7/0/0/0,6222:1747647654349:,1747647662837
counter/7/0/0/0,6223:1747647654349:,1747647662837
counter/7/0/0/0,6224:1747647654349:,1747647662837
counter/6/0/0/0,5807:1747647654375:,1747647662837
counter/6/0/0/0,5808:1747647654375:,1747647662837
counter/7/0/0/0,6225:1747647654349:,1747647662838
counter/7/0/0/0,6226:1747647654349:,1747647662838
counter/7/0/0/0,6227:1747647654349:,1747647662838
counter/7/0/0/0,6228:1747647654349:,1747647662838
counter/1/0/0/0,7078:1747647655330:,1747647662838
counter/1/0/0/0,7079:1747647655330:,1747647662838
counter/1/0/0/0,7080:1747647655330:,1747647662838
counter/1/0/0/0,7081:1747647655330:,1747647662838
counter/1/0/0/0,7082:1747647655330:,1747647662838
counter/3/0/0/0,6789:1747647654497:,1747647662839
counter/2/0/0/0,6195:1747647653907:,1747647662840
counter/3/0/0/0,6790:1747647654497:,1747647662841
counter/7/0/0/0,6229:1747647654349:,1747647662841
counter/9/0/0/0,6945:1747647654759:,1747647662841
counter/4/0/0/0,6795:1747647655477:,1747647662842
counter/10/0/0/0,6086:1747647654108:,1747647662842
counter/1/0/0/0,7083:1747647655330:,1747647662842
counter/1/0/0/0,7084:1747647655330:,1747647662842
counter/1/0/0/0,7085:1747647655330:,1747647662842
counter/8/0/0/0,6813:1747647654392:,1747647662842
counter/8/0/0/0,6814:1747647654392:,1747647662842
counter/8/0/0/0,6815:1747647654392:,1747647662843
counter/8/0/0/0,6816:1747647654392:,1747647662843
counter/5/0/0/0,6598:1747647654472:,1747647662843
counter/8/0/0/0,6817:1747647654392:,1747647662843
counter/2/0/0/0,6196:1747647653907:,1747647662844
counter/6/0/0/0,5809:1747647654375:,1747647662844
counter/7/0/0/0,6230:1747647654349:,1747647662845
counter/4/0/0/0,6796:1747647655487:,1747647662845
counter/9/0/0/0,6946:1747647654760:,1747647662845
counter/4/0/0/0,6797:1747647655487:,1747647662845
counter/1/0/0/0,7086:1747647655330:,1747647662845
counter/2/0/0/0,6197:1747647653907:,1747647662845
counter/6/0/0/0,5810:1747647654375:,1747647662845
counter/2/0/0/0,6198:1747647653907:,1747647662846
counter/2/0/0/0,6199:1747647653907:,1747647662846
counter/8/0/0/0,6818:1747647654392:,1747647662846
counter/4/0/0/0,6798:1747647655487:,1747647662846
counter/1/0/0/0,7087:1747647655330:,1747647662846
counter/4/0/0/0,6799:1747647655487:,1747647662846
counter/4/0/0/0,6800:1747647655487:,1747647662846
counter/5/0/0/0,6599:1747647654472:,1747647662846
counter/6/0/0/0,5811:1747647654375:,1747647662846
counter/2/0/0/0,6200:1747647653907:,1747647662847
counter/2/0/0/0,6201:1747647653907:,1747647662848
counter/7/0/0/0,6231:1747647654349:,1747647662848
counter/7/0/0/0,6232:1747647654355:,1747647662848
counter/10/0/0/0,6087:1747647654108:,1747647662848
counter/9/0/0/0,6947:1747647654760:,1747647662848
counter/9/0/0/0,6948:1747647654760:,1747647662848
counter/1/0/0/0,7088:1747647655330:,1747647662848
counter/1/0/0/0,7089:1747647655331:,1747647662848
counter/9/0/0/0,6949:1747647654760:,1747647662848
counter/1/0/0/0,7090:1747647655331:,1747647662848
counter/10/0/0/0,6088:1747647654108:,1747647662849
counter/1/0/0/0,7091:1747647655332:,1747647662849
counter/10/0/0/0,6089:1747647654108:,1747647662849
counter/7/0/0/0,6233:1747647654364:,1747647662850
counter/7/0/0/0,6234:1747647654365:,1747647662850
counter/4/0/0/0,6801:1747647655487:,1747647662850
counter/5/0/0/0,6600:1747647654472:,1747647662851
counter/5/0/0/0,6601:1747647654472:,1747647662851
counter/5/0/0/0,6602:1747647654472:,1747647662851
counter/5/0/0/0,6603:1747647654472:,1747647662851
counter/5/0/0/0,6604:1747647654472:,1747647662851
counter/5/0/0/0,6605:1747647654474:,1747647662851
counter/5/0/0/0,6606:1747647654475:,1747647662851
counter/5/0/0/0,6607:1747647654475:,1747647662851
counter/5/0/0/0,6608:1747647654475:,1747647662851
counter/2/0/0/0,6202:1747647653907:,1747647662851
counter/8/0/0/0,6819:1747647654392:,1747647662851
counter/2/0/0/0,6203:1747647653923:,1747647662851
counter/2/0/0/0,6204:1747647653923:,1747647662851
counter/6/0/0/0,5812:1747647654375:,1747647662851
counter/6/0/0/0,5813:1747647654381:,1747647662852
counter/8/0/0/0,6820:1747647654392:,1747647662852
counter/6/0/0/0,5814:1747647654381:,1747647662852
counter/8/0/0/0,6821:1747647654392:,1747647662852
counter/6/0/0/0,5815:1747647654381:,1747647662852
counter/3/0/0/0,6791:1747647654497:,1747647662852
counter/1/0/0/0,7092:1747647655333:,1747647662854
counter/5/0/0/0,6609:1747647654475:,1747647662854
counter/1/0/0/0,7093:1747647655333:,1747647662854
counter/6/0/0/0,5816:1747647654381:,1747647662854
counter/2/0/0/0,6205:1747647653923:,1747647662854
counter/6/0/0/0,5817:1747647654381:,1747647662854
counter/2/0/0/0,6206:1747647653923:,1747647662854
counter/3/0/0/0,6792:1747647654497:,1747647662854
counter/6/0/0/0,5818:1747647654381:,1747647662855
counter/1/0/0/0,7094:1747647655333:,1747647662856
counter/1/0/0/0,7095:1747647655333:,1747647662856
counter/1/0/0/0,7096:1747647655333:,1747647662856
counter/1/0/0/0,7097:1747647655333:,1747647662856
counter/5/0/0/0,6610:1747647654481:,1747647662856
counter/2/0/0/0,6207:1747647653931:,1747647662857
counter/1/0/0/0,7098:1747647655333:,1747647662857
counter/2/0/0/0,6208:1747647653931:,1747647662857
counter/2/0/0/0,6209:1747647653931:,1747647662857
counter/2/0/0/0,6210:1747647653931:,1747647662857
counter/5/0/0/0,6611:1747647654481:,1747647662857
counter/4/0/0/0,6802:1747647655487:,1747647662857
counter/8/0/0/0,6822:1747647654392:,1747647662857
counter/8/0/0/0,6823:1747647654392:,1747647662857
counter/8/0/0/0,6824:1747647654392:,1747647662857
counter/8/0/0/0,6825:1747647654392:,1747647662858
counter/8/0/0/0,6826:1747647654392:,1747647662858
counter/8/0/0/0,6827:1747647654392:,1747647662858
counter/5/0/0/0,6612:1747647654481:,1747647662858
counter/4/0/0/0,6803:1747647655488:,1747647662858
counter/4/0/0/0,6804:1747647655488:,1747647662858
counter/7/0/0/0,6235:1747647654365:,1747647662858
counter/4/0/0/0,6805:1747647655488:,1747647662858
counter/7/0/0/0,6236:1747647654365:,1747647662858
counter/4/0/0/0,6806:1747647655489:,1747647662858
counter/8/0/0/0,6828:1747647654394:,1747647662858
counter/4/0/0/0,6807:1747647655490:,1747647662858
counter/4/0/0/0,6808:1747647655490:,1747647662858
counter/3/0/0/0,6793:1747647654497:,1747647662859
counter/10/0/0/0,6090:1747647654108:,1747647662860
counter/2/0/0/0,6211:1747647653931:,1747647662860
counter/4/0/0/0,6809:1747647655490:,1747647662860
counter/9/0/0/0,6950:1747647654760:,1747647662860
counter/4/0/0/0,6810:1747647655490:,1747647662860
counter/1/0/0/0,7099:1747647655333:,1747647662860
counter/1/0/0/0,7100:1747647655333:,1747647662860
counter/4/0/0/0,6811:1747647655490:,1747647662860
counter/2/0/0/0,6212:1747647653932:,1747647662860
counter/2/0/0/0,6213:1747647653932:,1747647662861
counter/5/0/0/0,6613:1747647654481:,1747647662861
counter/10/0/0/0,6091:1747647654113:,1747647662861
counter/10/0/0/0,6092:1747647654113:,1747647662861
counter/5/0/0/0,6614:1747647654481:,1747647662861
counter/5/0/0/0,6615:1747647654481:,1747647662861
counter/5/0/0/0,6616:1747647654481:,1747647662861
counter/5/0/0/0,6617:1747647654481:,1747647662861
counter/8/0/0/0,6829:1747647654395:,1747647662862
counter/9/0/0/0,6951:1747647654760:,1747647662862
counter/8/0/0/0,6830:1747647654395:,1747647662862
counter/3/0/0/0,6794:1747647654497:,1747647662862
counter/1/0/0/0,7101:1747647655333:,1747647662862
counter/1/0/0/0,7102:1747647655333:,1747647662862
counter/1/0/0/0,7103:1747647655333:,1747647662862
counter/1/0/0/0,7104:1747647655333:,1747647662862
counter/1/0/0/0,7105:1747647655333:,1747647662862
counter/1/0/0/0,7106:1747647655333:,1747647662862
counter/1/0/0/0,7107:1747647655333:,1747647662862
counter/4/0/0/0,6812:1747647655490:,1747647662862
counter/6/0/0/0,5819:1747647654381:,1747647662863
counter/10/0/0/0,6093:1747647654113:,1747647662863
counter/3/0/0/0,6795:1747647654497:,1747647662863
counter/3/0/0/0,6796:1747647654497:,1747647662863
counter/3/0/0/0,6797:1747647654497:,1747647662863
counter/1/0/0/0,7108:1747647655336:,1747647662863
counter/3/0/0/0,6798:1747647654497:,1747647662863
counter/3/0/0/0,6799:1747647654497:,1747647662864
counter/3/0/0/0,6800:1747647654497:,1747647662864
counter/3/0/0/0,6801:1747647654497:,1747647662865
counter/1/0/0/0,7109:1747647655336:,1747647662865
counter/1/0/0/0,7110:1747647655336:,1747647662865
counter/1/0/0/0,7111:1747647655336:,1747647662865
counter/1/0/0/0,7112:1747647655336:,1747647662865
counter/1/0/0/0,7113:1747647655336:,1747647662865
counter/1/0/0/0,7114:1747647655336:,1747647662865
counter/4/0/0/0,6813:1747647655490:,1747647662865
counter/6/0/0/0,5820:1747647654382:,1747647662865
counter/10/0/0/0,6094:1747647654113:,1747647662865
counter/4/0/0/0,6814:1747647655490:,1747647662866
counter/10/0/0/0,6095:1747647654113:,1747647662866
counter/9/0/0/0,6952:1747647654760:,1747647662866
counter/6/0/0/0,5821:1747647654382:,1747647662866
counter/6/0/0/0,5822:1747647654384:,1747647662866
counter/9/0/0/0,6953:1747647654760:,1747647662866
counter/3/0/0/0,6802:1747647654497:,1747647662866
counter/2/0/0/0,6214:1747647653932:,1747647662868
counter/8/0/0/0,6831:1747647654395:,1747647662868
counter/9/0/0/0,6954:1747647654760:,1747647662868
counter/2/0/0/0,6215:1747647653932:,1747647662868
counter/4/0/0/0,6815:1747647655492:,1747647662869
counter/8/0/0/0,6832:1747647654395:,1747647662869
counter/1/0/0/0,7115:1747647655336:,1747647662869
counter/1/0/0/0,7116:1747647655336:,1747647662870
counter/5/0/0/0,6618:1747647654481:,1747647662870
counter/1/0/0/0,7117:1747647655336:,1747647662870
counter/1/0/0/0,7118:1747647655337:,1747647662870
counter/5/0/0/0,6619:1747647654481:,1747647662870
counter/5/0/0/0,6620:1747647654481:,1747647662870
counter/5/0/0/0,6621:1747647654481:,1747647662870
counter/5/0/0/0,6622:1747647654481:,1747647662870
counter/10/0/0/0,6096:1747647654113:,1747647662870
counter/1/0/0/0,7119:1747647655337:,1747647662871
counter/3/0/0/0,6803:1747647654497:,1747647662871
counter/1/0/0/0,7120:1747647655337:,1747647662872
counter/3/0/0/0,6804:1747647654497:,1747647662872
counter/5/0/0/0,6623:1747647654481:,1747647662872
counter/3/0/0/0,6805:1747647654497:,1747647662872
counter/3/0/0/0,6806:1747647654497:,1747647662872
counter/10/0/0/0,6097:1747647654113:,1747647662872
counter/4/0/0/0,6816:1747647655495:,1747647662872
counter/4/0/0/0,6817:1747647655495:,1747647662872
counter/6/0/0/0,5823:1747647654384:,1747647662872
counter/7/0/0/0,6237:1747647654365:,1747647662872
counter/7/0/0/0,6238:1747647654365:,1747647662872
counter/7/0/0/0,6239:1747647654365:,1747647662872
counter/7/0/0/0,6240:1747647654365:,1747647662872
counter/7/0/0/0,6241:1747647654368:,1747647662872
counter/7/0/0/0,6242:1747647654368:,1747647662873
counter/2/0/0/0,6216:1747647653932:,1747647662873
counter/9/0/0/0,6955:1747647654760:,1747647662873
counter/9/0/0/0,6956:1747647654760:,1747647662873
counter/9/0/0/0,6957:1747647654760:,1747647662873
counter/6/0/0/0,5824:1747647654384:,1747647662873
counter/8/0/0/0,6833:1747647654395:,1747647662873
counter/6/0/0/0,5825:1747647654384:,1747647662873
counter/2/0/0/0,6217:1747647653932:,1747647662873
counter/1/0/0/0,7121:1747647655337:,1747647662874
counter/3/0/0/0,6807:1747647654497:,1747647662874
counter/6/0/0/0,5826:1747647654384:,1747647662875
counter/3/0/0/0,6808:1747647654497:,1747647662876
counter/2/0/0/0,6218:1747647653938:,1747647662876
counter/2/0/0/0,6219:1747647653938:,1747647662877
counter/8/0/0/0,6834:1747647654395:,1747647662878
counter/2/0/0/0,6220:1747647653938:,1747647662879
counter/8/0/0/0,6835:1747647654395:,1747647662879
counter/7/0/0/0,6243:1747647654368:,1747647662880
counter/2/0/0/0,6221:1747647653938:,1747647662880
counter/9/0/0/0,6958:1747647654764:,1747647662880
counter/6/0/0/0,5827:1747647654384:,1747647662880
counter/6/0/0/0,5828:1747647654391:,1747647662880
counter/6/0/0/0,5829:1747647654391:,1747647662880
counter/8/0/0/0,6836:1747647654395:,1747647662881
counter/10/0/0/0,6098:1747647654113:,1747647662881
counter/3/0/0/0,6809:1747647654499:,1747647662881
counter/3/0/0/0,6810:1747647654500:,1747647662881
counter/3/0/0/0,6811:1747647654501:,1747647662881
counter/3/0/0/0,6812:1747647654501:,1747647662881
counter/2/0/0/0,6222:1747647653938:,1747647662881
counter/2/0/0/0,6223:1747647653938:,1747647662881
counter/2/0/0/0,6224:1747647653938:,1747647662881
counter/2/0/0/0,6225:1747647653938:,1747647662881
counter/2/0/0/0,6226:1747647653950:,1747647662882
counter/2/0/0/0,6227:1747647653950:,1747647662882
counter/2/0/0/0,6228:1747647653950:,1747647662882
counter/2/0/0/0,6229:1747647653950:,1747647662882
counter/2/0/0/0,6230:1747647653950:,1747647662882
counter/2/0/0/0,6231:1747647653950:,1747647662882
counter/3/0/0/0,6813:1747647654501:,1747647662882
counter/2/0/0/0,6232:1747647653950:,1747647662882
counter/6/0/0/0,5830:1747647654391:,1747647662884
counter/2/0/0/0,6233:1747647653950:,1747647662884
counter/2/0/0/0,6234:1747647653950:,1747647662884
counter/2/0/0/0,6235:1747647653950:,1747647662885
counter/2/0/0/0,6236:1747647653950:,1747647662885
counter/2/0/0/0,6237:1747647653950:,1747647662885
counter/2/0/0/0,6238:1747647653951:,1747647662885
counter/2/0/0/0,6239:1747647653951:,1747647662885
counter/2/0/0/0,6240:1747647653951:,1747647662885
counter/2/0/0/0,6241:1747647653951:,1747647662885
counter/2/0/0/0,6242:1747647653953:,1747647662885
counter/2/0/0/0,6243:1747647653953:,1747647662885
counter/2/0/0/0,6244:1747647653953:,1747647662885
counter/2/0/0/0,6245:1747647653953:,1747647662885
counter/2/0/0/0,6246:1747647653953:,1747647662885
counter/8/0/0/0,6837:1747647654395:,1747647662885
counter/2/0/0/0,6247:1747647653953:,1747647662886
counter/7/0/0/0,6244:1747647654368:,1747647662887
counter/3/0/0/0,6814:1747647654501:,1747647662887
counter/6/0/0/0,5831:1747647654391:,1747647662891
counter/6/0/0/0,5832:1747647654391:,1747647662891
counter/6/0/0/0,5833:1747647654391:,1747647662891
counter/10/0/0/0,6099:1747647654113:,1747647662891
counter/9/0/0/0,6959:1747647654764:,1747647662893
counter/9/0/0/0,6960:1747647654764:,1747647662893
counter/9/0/0/0,6961:1747647654764:,1747647662893
counter/9/0/0/0,6962:1747647654764:,1747647662893
counter/9/0/0/0,6963:1747647654764:,1747647662893
counter/9/0/0/0,6964:1747647654764:,1747647662893
counter/9/0/0/0,6965:1747647654764:,1747647662893
counter/9/0/0/0,6966:1747647654773:,1747647662893
counter/9/0/0/0,6967:1747647654773:,1747647662893
counter/9/0/0/0,6968:1747647654773:,1747647662893
counter/9/0/0/0,6969:1747647654773:,1747647662893
counter/9/0/0/0,6970:1747647654984:,1747647662893
counter/8/0/0/0,6838:1747647654395:,1747647662894
counter/5/0/0/0,6624:1747647654481:,1747647662894
counter/9/0/0/0,6971:1747647654985:,1747647662894
counter/6/0/0/0,5834:1747647654391:,1747647662894
counter/5/0/0/0,6625:1747647654481:,1747647662895
counter/8/0/0/0,6839:1747647654395:,1747647662895
counter/9/0/0/0,6972:1747647654985:,1747647662896
counter/7/0/0/0,6245:1747647654368:,1747647662896
counter/7/0/0/0,6246:1747647654368:,1747647662896
counter/7/0/0/0,6247:1747647654368:,1747647662896
counter/7/0/0/0,6248:1747647654372:,1747647662896
counter/7/0/0/0,6249:1747647654372:,1747647662896
counter/7/0/0/0,6250:1747647654372:,1747647662896
counter/1/0/0/0,7122:1747647655337:,1747647662896
counter/1/0/0/0,7123:1747647655337:,1747647662896
counter/1/0/0/0,7124:1747647655337:,1747647662896
counter/1/0/0/0,7125:1747647655337:,1747647662896
counter/1/0/0/0,7126:1747647655339:,1747647662896
counter/1/0/0/0,7127:1747647655340:,1747647662896
counter/1/0/0/0,7128:1747647655340:,1747647662897
counter/1/0/0/0,7129:1747647655340:,1747647662897
counter/1/0/0/0,7130:1747647655340:,1747647662897
counter/9/0/0/0,6973:1747647654985:,1747647662897
counter/9/0/0/0,6974:1747647654985:,1747647662897
counter/9/0/0/0,6975:1747647654994:,1747647662897
counter/9/0/0/0,6976:1747647654996:,1747647662897
counter/7/0/0/0,6251:1747647654372:,1747647662897
counter/7/0/0/0,6252:1747647654372:,1747647662897
counter/6/0/0/0,5835:1747647654391:,1747647662897
counter/4/0/0/0,6818:1747647655495:,1747647662897
counter/10/0/0/0,6100:1747647654113:,1747647662898
counter/2/0/0/0,6248:1747647653953:,1747647662899
counter/2/0/0/0,6249:1747647653953:,1747647662900
counter/2/0/0/0,6250:1747647653953:,1747647662900
counter/2/0/0/0,6251:1747647653953:,1747647662900
counter/8/0/0/0,6840:1747647654395:,1747647662900
counter/7/0/0/0,6253:1747647654372:,1747647662900
counter/3/0/0/0,6815:1747647654501:,1747647662902
counter/1/0/0/0,7131:1747647655340:,1747647662902
counter/5/0/0/0,6626:1747647654481:,1747647662902
counter/5/0/0/0,6627:1747647654481:,1747647662902
counter/5/0/0/0,6628:1747647654481:,1747647662902
counter/5/0/0/0,6629:1747647654481:,1747647662903
counter/5/0/0/0,6630:1747647654481:,1747647662903
counter/5/0/0/0,6631:1747647654481:,1747647662903
counter/5/0/0/0,6632:1747647654482:,1747647662903
counter/5/0/0/0,6633:1747647654482:,1747647662903
counter/5/0/0/0,6634:1747647654482:,1747647662903
counter/5/0/0/0,6635:1747647654482:,1747647662903
counter/6/0/0/0,5836:1747647654391:,1747647662903
counter/4/0/0/0,6819:1747647655495:,1747647662903
counter/8/0/0/0,6841:1747647654395:,1747647662903
counter/8/0/0/0,6842:1747647654395:,1747647662903
counter/8/0/0/0,6843:1747647654401:,1747647662903
counter/8/0/0/0,6844:1747647654402:,1747647662904
counter/4/0/0/0,6820:1747647655495:,1747647662904
counter/4/0/0/0,6821:1747647655495:,1747647662904
counter/9/0/0/0,6977:1747647654996:,1747647662904
counter/9/0/0/0,6978:1747647654996:,1747647662904
counter/9/0/0/0,6979:1747647654996:,1747647662904
counter/9/0/0/0,6980:1747647654996:,1747647662904
counter/9/0/0/0,6981:1747647654996:,1747647662904
counter/10/0/0/0,6101:1747647654118:,1747647662904
counter/10/0/0/0,6102:1747647654119:,1747647662904
counter/7/0/0/0,6254:1747647654372:,1747647662904
counter/7/0/0/0,6255:1747647654372:,1747647662904
counter/3/0/0/0,6816:1747647654501:,1747647662904
counter/3/0/0/0,6817:1747647654501:,1747647662904
counter/3/0/0/0,6818:1747647654501:,1747647662905
counter/8/0/0/0,6845:1747647654402:,1747647662905
counter/4/0/0/0,6822:1747647655495:,1747647662905
counter/5/0/0/0,6636:1747647654482:,1747647662905
counter/2/0/0/0,6252:1747647653953:,1747647662905
counter/9/0/0/0,6982:1747647654996:,1747647662905
counter/9/0/0/0,6983:1747647654996:,1747647662905
counter/10/0/0/0,6103:1747647654119:,1747647662905
counter/10/0/0/0,6104:1747647654119:,1747647662905
counter/10/0/0/0,6105:1747647654119:,1747647662905
counter/10/0/0/0,6106:1747647654121:,1747647662905
counter/10/0/0/0,6107:1747647654121:,1747647662905
counter/10/0/0/0,6108:1747647654121:,1747647662905
counter/10/0/0/0,6109:1747647654121:,1747647662905
counter/10/0/0/0,6110:1747647654121:,1747647662905
counter/10/0/0/0,6111:1747647654121:,1747647662905
counter/10/0/0/0,6112:1747647654121:,1747647662906
counter/7/0/0/0,6256:1747647654372:,1747647662906
counter/1/0/0/0,7132:1747647655340:,1747647662906
counter/4/0/0/0,6823:1747647655495:,1747647662906
counter/5/0/0/0,6637:1747647654482:,1747647662906
counter/2/0/0/0,6253:1747647653953:,1747647662906
counter/9/0/0/0,6984:1747647654996:,1747647662906
counter/2/0/0/0,6254:1747647653953:,1747647662906
counter/8/0/0/0,6846:1747647654402:,1747647662906
counter/10/0/0/0,6113:1747647654121:,1747647662906
counter/10/0/0/0,6114:1747647654121:,1747647662906
counter/10/0/0/0,6115:1747647654121:,1747647662906
counter/10/0/0/0,6116:1747647654121:,1747647662906
counter/10/0/0/0,6117:1747647654132:,1747647662906
counter/10/0/0/0,6118:1747647654132:,1747647662906
counter/10/0/0/0,6119:1747647654147:,1747647662907
counter/10/0/0/0,6120:1747647654147:,1747647662907
counter/10/0/0/0,6121:1747647654147:,1747647662907
counter/10/0/0/0,6122:1747647654147:,1747647662907
counter/1/0/0/0,7133:1747647655340:,1747647662907
counter/4/0/0/0,6824:1747647655495:,1747647662907
counter/1/0/0/0,7134:1747647655340:,1747647662907
counter/9/0/0/0,6985:1747647654996:,1747647662907
counter/9/0/0/0,6986:1747647654996:,1747647662907
counter/2/0/0/0,6255:1747647653953:,1747647662907
counter/1/0/0/0,7135:1747647655340:,1747647662907
counter/1/0/0/0,7136:1747647655340:,1747647662908
counter/8/0/0/0,6847:1747647654402:,1747647662908
counter/2/0/0/0,6256:1747647653953:,1747647662908
counter/8/0/0/0,6848:1747647654402:,1747647662908
counter/6/0/0/0,5837:1747647654391:,1747647662908
counter/1/0/0/0,7137:1747647655340:,1747647662909
counter/1/0/0/0,7138:1747647655341:,1747647662909
counter/1/0/0/0,7139:1747647655341:,1747647662910
counter/9/0/0/0,6987:1747647654996:,1747647662910
counter/2/0/0/0,6257:1747647653953:,1747647662910
counter/8/0/0/0,6849:1747647654402:,1747647662910
counter/8/0/0/0,6850:1747647654402:,1747647662910
counter/6/0/0/0,5838:1747647654391:,1747647662911
counter/5/0/0/0,6638:1747647654482:,1747647662911
counter/6/0/0/0,5839:1747647654391:,1747647662911
counter/6/0/0/0,5840:1747647654391:,1747647662911
counter/6/0/0/0,5841:1747647654392:,1747647662911
counter/1/0/0/0,7140:1747647655341:,1747647662911
counter/9/0/0/0,6988:1747647655012:,1747647662911
counter/6/0/0/0,5842:1747647654393:,1747647662912
counter/6/0/0/0,5843:1747647654393:,1747647662912
counter/6/0/0/0,5844:1747647654393:,1747647662912
counter/6/0/0/0,5845:1747647654396:,1747647662912
counter/9/0/0/0,6989:1747647655012:,1747647662912
counter/9/0/0/0,6990:1747647655012:,1747647662912
counter/9/0/0/0,6991:1747647655014:,1747647662912
counter/9/0/0/0,6992:1747647655014:,1747647662912
counter/9/0/0/0,6993:1747647655014:,1747647662912
counter/5/0/0/0,6639:1747647654482:,1747647662913
counter/6/0/0/0,5846:1747647654396:,1747647662913
counter/6/0/0/0,5847:1747647654396:,1747647662913
counter/6/0/0/0,5848:1747647654396:,1747647662913
counter/6/0/0/0,5849:1747647654396:,1747647662913
counter/6/0/0/0,5850:1747647654396:,1747647662913
counter/6/0/0/0,5851:1747647654396:,1747647662913
counter/7/0/0/0,6257:1747647654383:,1747647662913
counter/7/0/0/0,6258:1747647654393:,1747647662913
counter/7/0/0/0,6259:1747647654406:,1747647662914
counter/3/0/0/0,6819:1747647654501:,1747647662914
counter/1/0/0/0,7141:1747647655341:,1747647662915
counter/1/0/0/0,7142:1747647655341:,1747647662915
counter/1/0/0/0,7143:1747647655341:,1747647662915
counter/1/0/0/0,7144:1747647655341:,1747647662915
counter/3/0/0/0,6820:1747647654501:,1747647662916
counter/3/0/0/0,6821:1747647654501:,1747647662916
counter/3/0/0/0,6822:1747647654501:,1747647662916
counter/3/0/0/0,6823:1747647654501:,1747647662916
counter/7/0/0/0,6260:1747647654406:,1747647662916
counter/7/0/0/0,6261:1747647654406:,1747647662916
counter/7/0/0/0,6262:1747647654406:,1747647662916
counter/7/0/0/0,6263:1747647654406:,1747647662916
counter/7/0/0/0,6264:1747647654415:,1747647662916
counter/2/0/0/0,6258:1747647653953:,1747647662916
counter/6/0/0/0,5852:1747647654397:,1747647662917
counter/3/0/0/0,6824:1747647654501:,1747647662918
counter/7/0/0/0,6265:1747647654416:,1747647662918
counter/7/0/0/0,6266:1747647654416:,1747647662918
counter/7/0/0/0,6267:1747647654416:,1747647662918
counter/7/0/0/0,6268:1747647654416:,1747647662918
counter/7/0/0/0,6269:1747647654416:,1747647662918
counter/7/0/0/0,6270:1747647654416:,1747647662919
counter/7/0/0/0,6271:1747647654416:,1747647662919
counter/10/0/0/0,6123:1747647654147:,1747647662919
counter/1/0/0/0,7145:1747647655341:,1747647662919
counter/10/0/0/0,6124:1747647654148:,1747647662919
counter/1/0/0/0,7146:1747647655341:,1747647662919
counter/2/0/0/0,6259:1747647653953:,1747647662919
counter/10/0/0/0,6125:1747647654148:,1747647662919
counter/10/0/0/0,6126:1747647654148:,1747647662920
counter/10/0/0/0,6127:1747647654148:,1747647662920
counter/10/0/0/0,6128:1747647654148:,1747647662920
counter/6/0/0/0,5853:1747647654397:,1747647662920
counter/3/0/0/0,6825:1747647654501:,1747647662920
counter/3/0/0/0,6826:1747647654501:,1747647662920
counter/3/0/0/0,6827:1747647654501:,1747647662920
counter/3/0/0/0,6828:1747647654501:,1747647662920
counter/9/0/0/0,6994:1747647655014:,1747647662920
counter/8/0/0/0,6851:1747647654402:,1747647662921
counter/8/0/0/0,6852:1747647654402:,1747647662921
counter/2/0/0/0,6260:1747647653953:,1747647662921
counter/10/0/0/0,6129:1747647654148:,1747647662922
counter/2/0/0/0,6261:1747647653953:,1747647662922
counter/7/0/0/0,6272:1747647654416:,1747647662922
counter/7/0/0/0,6273:1747647654425:,1747647662922
counter/1/0/0/0,7147:1747647655341:,1747647662924
counter/1/0/0/0,7148:1747647655341:,1747647662924
counter/1/0/0/0,7149:1747647655341:,1747647662924
counter/1/0/0/0,7150:1747647655341:,1747647662924
counter/1/0/0/0,7151:1747647655341:,1747647662924
counter/1/0/0/0,7152:1747647655351:,1747647662924
counter/1/0/0/0,7153:1747647655351:,1747647662924
counter/1/0/0/0,7154:1747647655351:,1747647662924
counter/1/0/0/0,7155:1747647655351:,1747647662924
counter/1/0/0/0,7156:1747647655352:,1747647662924
counter/3/0/0/0,6829:1747647654501:,1747647662924
counter/1/0/0/0,7157:1747647655355:,1747647662924
counter/1/0/0/0,7158:1747647655355:,1747647662924
counter/2/0/0/0,6262:1747647653953:,1747647662924
counter/7/0/0/0,6274:1747647654450:,1747647662924
counter/4/0/0/0,6825:1747647655495:,1747647662924
counter/5/0/0/0,6640:1747647654482:,1747647662924
counter/8/0/0/0,6853:1747647654402:,1747647662925
counter/8/0/0/0,6854:1747647654402:,1747647662926
counter/8/0/0/0,6855:1747647654402:,1747647662926
counter/3/0/0/0,6830:1747647654501:,1747647662926
counter/9/0/0/0,6995:1747647655015:,1747647662926
counter/7/0/0/0,6275:1747647654455:,1747647662927
counter/4/0/0/0,6826:1747647655495:,1747647662927
counter/4/0/0/0,6827:1747647655495:,1747647662927
counter/4/0/0/0,6828:1747647655495:,1747647662928
counter/4/0/0/0,6829:1747647655495:,1747647662928
counter/4/0/0/0,6830:1747647655496:,1747647662928
counter/4/0/0/0,6831:1747647655496:,1747647662928
counter/4/0/0/0,6832:1747647655496:,1747647662928
counter/4/0/0/0,6833:1747647655500:,1747647662928
counter/4/0/0/0,6834:1747647655501:,1747647662928
counter/4/0/0/0,6835:1747647655511:,1747647662928
counter/4/0/0/0,6836:1747647655518:,1747647662928
counter/9/0/0/0,6996:1747647655015:,1747647662929
counter/9/0/0/0,6997:1747647655015:,1747647662929
counter/3/0/0/0,6831:1747647654504:,1747647662929
counter/3/0/0/0,6832:1747647654504:,1747647662929
counter/6/0/0/0,5854:1747647654397:,1747647662929
counter/4/0/0/0,6837:1747647655518:,1747647662929
counter/4/0/0/0,6838:1747647655518:,1747647662929
counter/4/0/0/0,6839:1747647655518:,1747647662929
counter/4/0/0/0,6840:1747647655518:,1747647662929
counter/1/0/0/0,7159:1747647655355:,1747647662929
counter/6/0/0/0,5855:1747647654397:,1747647662930
counter/2/0/0/0,6263:1747647653953:,1747647662930
counter/2/0/0/0,6264:1747647653953:,1747647662930
counter/2/0/0/0,6265:1747647653953:,1747647662930
counter/2/0/0/0,6266:1747647653954:,1747647662930
counter/2/0/0/0,6267:1747647653954:,1747647662930
counter/2/0/0/0,6268:1747647653954:,1747647662930
counter/2/0/0/0,6269:1747647653954:,1747647662930
counter/2/0/0/0,6270:1747647653954:,1747647662930
counter/1/0/0/0,7160:1747647655355:,1747647662931
counter/8/0/0/0,6856:1747647654402:,1747647662931
counter/2/0/0/0,6271:1747647653954:,1747647662931
counter/2/0/0/0,6272:1747647653954:,1747647662931
counter/2/0/0/0,6273:1747647653954:,1747647662931
counter/2/0/0/0,6274:1747647653954:,1747647662931
counter/2/0/0/0,6275:1747647653954:,1747647662931
counter/5/0/0/0,6641:1747647654482:,1747647662931
counter/5/0/0/0,6642:1747647654482:,1747647662931
counter/5/0/0/0,6643:1747647654482:,1747647662931
counter/5/0/0/0,6644:1747647654482:,1747647662931
counter/3/0/0/0,6833:1747647654504:,1747647662931
counter/3/0/0/0,6834:1747647654504:,1747647662931
counter/3/0/0/0,6835:1747647654504:,1747647662931
counter/3/0/0/0,6836:1747647654504:,1747647662931
counter/3/0/0/0,6837:1747647654504:,1747647662931
counter/3/0/0/0,6838:1747647654504:,1747647662931
counter/4/0/0/0,6841:1747647655518:,1747647662931
counter/4/0/0/0,6842:1747647655518:,1747647662931
counter/4/0/0/0,6843:1747647655518:,1747647662932
counter/1/0/0/0,7161:1747647655355:,1747647662932
counter/1/0/0/0,7162:1747647655355:,1747647662932
counter/1/0/0/0,7163:1747647655356:,1747647662932
counter/1/0/0/0,7164:1747647655356:,1747647662932
counter/8/0/0/0,6857:1747647654402:,1747647662932
counter/1/0/0/0,7165:1747647655356:,1747647662932
counter/1/0/0/0,7166:1747647655356:,1747647662932
counter/10/0/0/0,6130:1747647654148:,1747647662932
counter/1/0/0/0,7167:1747647655356:,1747647662932
counter/10/0/0/0,6131:1747647654148:,1747647662932
counter/5/0/0/0,6645:1747647654482:,1747647662933
counter/5/0/0/0,6646:1747647654482:,1747647662933
counter/3/0/0/0,6839:1747647654504:,1747647662933
counter/6/0/0/0,5856:1747647654397:,1747647662934
counter/4/0/0/0,6844:1747647655518:,1747647662934
counter/4/0/0/0,6845:1747647655518:,1747647662934
counter/4/0/0/0,6846:1747647655518:,1747647662934
counter/4/0/0/0,6847:1747647655518:,1747647662934
counter/4/0/0/0,6848:1747647655519:,1747647662934
counter/4/0/0/0,6849:1747647655519:,1747647662934
counter/4/0/0/0,6850:1747647655519:,1747647662934
counter/1/0/0/0,7168:1747647655356:,1747647662934
counter/1/0/0/0,7169:1747647655356:,1747647662934
counter/1/0/0/0,7170:1747647655356:,1747647662934
counter/8/0/0/0,6858:1747647654402:,1747647662934
counter/1/0/0/0,7171:1747647655356:,1747647662935
counter/8/0/0/0,6859:1747647654402:,1747647662935
counter/1/0/0/0,7172:1747647655357:,1747647662935
counter/8/0/0/0,6860:1747647654402:,1747647662935
counter/1/0/0/0,7173:1747647655357:,1747647662935
counter/8/0/0/0,6861:1747647654402:,1747647662935
counter/5/0/0/0,6647:1747647654482:,1747647662935
counter/1/0/0/0,7174:1747647655357:,1747647662935
counter/5/0/0/0,6648:1747647654482:,1747647662935
counter/1/0/0/0,7175:1747647655357:,1747647662935
counter/5/0/0/0,6649:1747647654482:,1747647662935
counter/5/0/0/0,6650:1747647654482:,1747647662935
counter/6/0/0/0,5857:1747647654397:,1747647662935
counter/5/0/0/0,6651:1747647654482:,1747647662935
counter/5/0/0/0,6652:1747647654482:,1747647662935
counter/9/0/0/0,6998:1747647655015:,1747647662935
counter/8/0/0/0,6862:1747647654402:,1747647662935
counter/5/0/0/0,6653:1747647654482:,1747647662935
counter/8/0/0/0,6863:1747647654402:,1747647662935
counter/8/0/0/0,6864:1747647654402:,1747647662935
counter/3/0/0/0,6840:1747647654504:,1747647662935
counter/3/0/0/0,6841:1747647654504:,1747647662936
counter/3/0/0/0,6842:1747647654504:,1747647662936
counter/3/0/0/0,6843:1747647654504:,1747647662936
counter/3/0/0/0,6844:1747647654504:,1747647662936
counter/3/0/0/0,6845:1747647654504:,1747647662936
counter/3/0/0/0,6846:1747647654504:,1747647662936
counter/3/0/0/0,6847:1747647654504:,1747647662936
counter/2/0/0/0,6276:1747647653954:,1747647662936
counter/1/0/0/0,7176:1747647655357:,1747647662936
counter/4/0/0/0,6851:1747647655519:,1747647662940
counter/1/0/0/0,7177:1747647655357:,1747647662940
counter/4/0/0/0,6852:1747647655519:,1747647662940
counter/4/0/0/0,6853:1747647655519:,1747647662940
counter/4/0/0/0,6854:1747647655519:,1747647662940
counter/10/0/0/0,6132:1747647654148:,1747647662940
counter/4/0/0/0,6855:1747647655519:,1747647662940
counter/5/0/0/0,6654:1747647654482:,1747647662941
counter/1/0/0/0,7178:1747647655357:,1747647662941
counter/1/0/0/0,7179:1747647655357:,1747647662941
counter/1/0/0/0,7180:1747647655359:,1747647662941
counter/1/0/0/0,7181:1747647655359:,1747647662941
counter/1/0/0/0,7182:1747647655359:,1747647662941
counter/2/0/0/0,6277:1747647653954:,1747647662941
counter/2/0/0/0,6278:1747647653954:,1747647662941
counter/2/0/0/0,6279:1747647653954:,1747647662941
counter/2/0/0/0,6280:1747647653954:,1747647662941
counter/3/0/0/0,6848:1747647654504:,1747647662944
counter/3/0/0/0,6849:1747647654504:,1747647662944
counter/9/0/0/0,6999:1747647655015:,1747647662944
counter/3/0/0/0,6850:1747647654504:,1747647662944
counter/9/0/0/0,7000:1747647655015:,1747647662944
counter/3/0/0/0,6851:1747647654504:,1747647662944
counter/9/0/0/0,7001:1747647655017:,1747647662944
counter/3/0/0/0,6852:1747647654504:,1747647662944
counter/10/0/0/0,6133:1747647654148:,1747647662944
counter/6/0/0/0,5858:1747647654397:,1747647662944
counter/10/0/0/0,6134:1747647654148:,1747647662944
counter/10/0/0/0,6135:1747647654148:,1747647662944
counter/10/0/0/0,6136:1747647654149:,1747647662944
counter/10/0/0/0,6137:1747647654149:,1747647662944
counter/10/0/0/0,6138:1747647654149:,1747647662944
counter/10/0/0/0,6139:1747647654149:,1747647662944
counter/10/0/0/0,6140:1747647654149:,1747647662944
counter/4/0/0/0,6856:1747647655519:,1747647662944
counter/1/0/0/0,7183:1747647655359:,1747647662945
counter/5/0/0/0,6655:1747647654482:,1747647662945
counter/8/0/0/0,6865:1747647654402:,1747647662945
counter/1/0/0/0,7184:1747647655359:,1747647662945
counter/1/0/0/0,7185:1747647655359:,1747647662945
counter/1/0/0/0,7186:1747647655359:,1747647662945
counter/1/0/0/0,7187:1747647655359:,1747647662945
counter/1/0/0/0,7188:1747647655359:,1747647662946
counter/1/0/0/0,7189:1747647655370:,1747647662946
counter/1/0/0/0,7190:1747647655371:,1747647662946
counter/1/0/0/0,7191:1747647655371:,1747647662946
counter/1/0/0/0,7192:1747647655371:,1747647662946
counter/3/0/0/0,6853:1747647654504:,1747647662946
counter/8/0/0/0,6866:1747647654402:,1747647662946
counter/1/0/0/0,7193:1747647655371:,1747647662947
counter/3/0/0/0,6854:1747647654508:,1747647662947
counter/1/0/0/0,7194:1747647655371:,1747647662948
counter/3/0/0/0,6855:1747647654508:,1747647662948
counter/3/0/0/0,6856:1747647654508:,1747647662948
counter/6/0/0/0,5859:1747647654397:,1747647662948
counter/8/0/0/0,6867:1747647654402:,1747647662949
counter/1/0/0/0,7195:1747647655371:,1747647662949
counter/1/0/0/0,7196:1747647655371:,1747647662949
counter/1/0/0/0,7197:1747647655371:,1747647662949
counter/9/0/0/0,7002:1747647655017:,1747647662949
counter/4/0/0/0,6857:1747647655519:,1747647662949
counter/4/0/0/0,6858:1747647655519:,1747647662949
counter/5/0/0/0,6656:1747647654482:,1747647662949
counter/4/0/0/0,6859:1747647655519:,1747647662950
counter/5/0/0/0,6657:1747647654482:,1747647662950
counter/5/0/0/0,6658:1747647654482:,1747647662950
counter/5/0/0/0,6659:1747647654482:,1747647662950
counter/9/0/0/0,7003:1747647655017:,1747647662950
counter/9/0/0/0,7004:1747647655017:,1747647662950
counter/9/0/0/0,7005:1747647655021:,1747647662950
counter/9/0/0/0,7006:1747647655021:,1747647662950
counter/9/0/0/0,7007:1747647655029:,1747647662950
counter/9/0/0/0,7008:1747647655029:,1747647662950
counter/9/0/0/0,7009:1747647655029:,1747647662951
counter/9/0/0/0,7010:1747647655030:,1747647662951
counter/3/0/0/0,6857:1747647654508:,1747647662951
counter/8/0/0/0,6868:1747647654402:,1747647662951
counter/8/0/0/0,6869:1747647654402:,1747647662951
counter/8/0/0/0,6870:1747647654402:,1747647662951
counter/8/0/0/0,6871:1747647654403:,1747647662951
counter/8/0/0/0,6872:1747647654403:,1747647662951
counter/8/0/0/0,6873:1747647654403:,1747647662951
counter/8/0/0/0,6874:1747647654403:,1747647662951
counter/8/0/0/0,6875:1747647654403:,1747647662951
counter/8/0/0/0,6876:1747647654405:,1747647662951
counter/8/0/0/0,6877:1747647654405:,1747647662951
counter/8/0/0/0,6878:1747647654405:,1747647662951
counter/5/0/0/0,6660:1747647654482:,1747647662951
counter/2/0/0/0,6281:1747647653954:,1747647662951
counter/7/0/0/0,6276:1747647654455:,1747647662951
counter/2/0/0/0,6282:1747647653954:,1747647662951
counter/2/0/0/0,6283:1747647653954:,1747647662951
counter/2/0/0/0,6284:1747647653954:,1747647662952
counter/3/0/0/0,6858:1747647654516:,1747647662952
counter/3/0/0/0,6859:1747647654516:,1747647662952
counter/3/0/0/0,6860:1747647654516:,1747647662952
counter/3/0/0/0,6861:1747647654516:,1747647662952
counter/9/0/0/0,7011:1747647655030:,1747647662952
counter/9/0/0/0,7012:1747647655030:,1747647662952
counter/4/0/0/0,6860:1747647655519:,1747647662952
counter/10/0/0/0,6141:1747647654149:,1747647662952
counter/10/0/0/0,6142:1747647654149:,1747647662952
counter/7/0/0/0,6277:1747647654455:,1747647662952
counter/10/0/0/0,6143:1747647654162:,1747647662952
counter/10/0/0/0,6144:1747647654162:,1747647662952
counter/10/0/0/0,6145:1747647654162:,1747647662952
counter/10/0/0/0,6146:1747647654162:,1747647662952
counter/10/0/0/0,6147:1747647654162:,1747647662952
counter/10/0/0/0,6148:1747647654162:,1747647662953
counter/3/0/0/0,6862:1747647654516:,1747647662953
counter/3/0/0/0,6863:1747647654516:,1747647662953
counter/8/0/0/0,6879:1747647654405:,1747647662953
counter/1/0/0/0,7198:1747647655371:,1747647662953
counter/3/0/0/0,6864:1747647654516:,1747647662953
counter/1/0/0/0,7199:1747647655373:,1747647662953
counter/1/0/0/0,7200:1747647655376:,1747647662954
counter/1/0/0/0,7201:1747647655376:,1747647662954
counter/3/0/0/0,6865:1747647654519:,1747647662954
counter/3/0/0/0,6866:1747647654520:,1747647662954
counter/3/0/0/0,6867:1747647654520:,1747647662954
counter/3/0/0/0,6868:1747647654520:,1747647662954
counter/3/0/0/0,6869:1747647654520:,1747647662954
counter/1/0/0/0,7202:1747647655376:,1747647662955
counter/1/0/0/0,7203:1747647655376:,1747647662955
counter/1/0/0/0,7204:1747647655376:,1747647662955
counter/1/0/0/0,7205:1747647655376:,1747647662955
counter/1/0/0/0,7206:1747647655376:,1747647662955
counter/2/0/0/0,6285:1747647653954:,1747647662956
counter/2/0/0/0,6286:1747647653954:,1747647662957
counter/10/0/0/0,6149:1747647654162:,1747647662957
counter/10/0/0/0,6150:1747647654162:,1747647662957
counter/10/0/0/0,6151:1747647654162:,1747647662957
counter/10/0/0/0,6152:1747647654162:,1747647662957
counter/10/0/0/0,6153:1747647654162:,1747647662957
counter/10/0/0/0,6154:1747647654162:,1747647662957
counter/10/0/0/0,6155:1747647654162:,1747647662957
counter/10/0/0/0,6156:1747647654162:,1747647662957
counter/1/0/0/0,7207:1747647655376:,1747647662957
counter/10/0/0/0,6157:1747647654162:,1747647662957
counter/3/0/0/0,6870:1747647654520:,1747647662957
counter/10/0/0/0,6158:1747647654162:,1747647662958
counter/8/0/0/0,6880:1747647654405:,1747647662958
counter/8/0/0/0,6881:1747647654405:,1747647662958
counter/8/0/0/0,6882:1747647654405:,1747647662958
counter/3/0/0/0,6871:1747647654520:,1747647662958
counter/8/0/0/0,6883:1747647654405:,1747647662958
counter/8/0/0/0,6884:1747647654405:,1747647662959
counter/8/0/0/0,6885:1747647654405:,1747647662959
counter/8/0/0/0,6886:1747647654405:,1747647662959
counter/8/0/0/0,6887:1747647654405:,1747647662959
counter/10/0/0/0,6159:1747647654162:,1747647662959
counter/10/0/0/0,6160:1747647654164:,1747647662959
counter/10/0/0/0,6161:1747647654174:,1747647662959
counter/10/0/0/0,6162:1747647654174:,1747647662959
counter/10/0/0/0,6163:1747647654174:,1747647662959
counter/10/0/0/0,6164:1747647654174:,1747647662960
counter/6/0/0/0,5860:1747647654397:,1747647662961
counter/9/0/0/0,7013:1747647655030:,1747647662961
counter/1/0/0/0,7208:1747647655376:,1747647662961
counter/1/0/0/0,7209:1747647655376:,1747647662961
counter/1/0/0/0,7210:1747647655376:,1747647662961
counter/3/0/0/0,6872:1747647654520:,1747647662961
counter/2/0/0/0,6287:1747647653954:,1747647662962
counter/6/0/0/0,5861:1747647654406:,1747647662962
counter/2/0/0/0,6288:1747647653954:,1747647662963
counter/9/0/0/0,7014:1747647655035:,1747647662963
counter/3/0/0/0,6873:1747647654520:,1747647662964
counter/3/0/0/0,6874:1747647654520:,1747647662965
counter/3/0/0/0,6875:1747647654540:,1747647662965
counter/3/0/0/0,6876:1747647654540:,1747647662965
counter/3/0/0/0,6877:1747647654548:,1747647662965
counter/3/0/0/0,6878:1747647654548:,1747647662965
counter/3/0/0/0,6879:1747647654548:,1747647662965
counter/3/0/0/0,6880:1747647654548:,1747647662965
counter/3/0/0/0,6881:1747647654548:,1747647662965
counter/3/0/0/0,6882:1747647654548:,1747647662965
counter/3/0/0/0,6883:1747647654549:,1747647662965
counter/8/0/0/0,6888:1747647654405:,1747647662965
counter/1/0/0/0,7211:1747647655376:,1747647662965
counter/10/0/0/0,6165:1747647654174:,1747647662965
counter/10/0/0/0,6166:1747647654174:,1747647662965
counter/10/0/0/0,6167:1747647654174:,1747647662965
counter/10/0/0/0,6168:1747647654176:,1747647662965
counter/10/0/0/0,6169:1747647654176:,1747647662965
counter/10/0/0/0,6170:1747647654176:,1747647662966
counter/10/0/0/0,6171:1747647654176:,1747647662966
counter/10/0/0/0,6172:1747647654176:,1747647662966
counter/10/0/0/0,6173:1747647654176:,1747647662966
counter/3/0/0/0,6884:1747647654549:,1747647662966
counter/9/0/0/0,7015:1747647655035:,1747647662966
counter/3/0/0/0,6885:1747647654557:,1747647662968
counter/4/0/0/0,6861:1747647655519:,1747647662968
counter/7/0/0/0,6278:1747647654455:,1747647662968
counter/7/0/0/0,6279:1747647654455:,1747647662968
counter/7/0/0/0,6280:1747647654455:,1747647662968
counter/1/0/0/0,7212:1747647655376:,1747647662968
counter/2/0/0/0,6289:1747647653955:,1747647662968
counter/6/0/0/0,5862:1747647654406:,1747647662968
counter/9/0/0/0,7016:1747647655035:,1747647662968
counter/5/0/0/0,6661:1747647654487:,1747647662969
counter/1/0/0/0,7213:1747647655376:,1747647662969
counter/1/0/0/0,7214:1747647655379:,1747647662969
counter/1/0/0/0,7215:1747647655379:,1747647662969
counter/1/0/0/0,7216:1747647655379:,1747647662969
counter/1/0/0/0,7217:1747647655379:,1747647662969
counter/1/0/0/0,7218:1747647655379:,1747647662969
counter/1/0/0/0,7219:1747647655379:,1747647662969
counter/1/0/0/0,7220:1747647655379:,1747647662969
counter/10/0/0/0,6174:1747647654176:,1747647662970
counter/2/0/0/0,6290:1747647653956:,1747647662971
counter/7/0/0/0,6281:1747647654472:,1747647662971
counter/6/0/0/0,5863:1747647654406:,1747647662971
counter/6/0/0/0,5864:1747647654406:,1747647662971
counter/6/0/0/0,5865:1747647654406:,1747647662971
counter/6/0/0/0,5866:1747647654406:,1747647662971
counter/3/0/0/0,6886:1747647654563:,1747647662973
counter/3/0/0/0,6887:1747647654564:,1747647662973
counter/3/0/0/0,6888:1747647654564:,1747647662973
counter/3/0/0/0,6889:1747647654564:,1747647662973
counter/3/0/0/0,6890:1747647654564:,1747647662973
counter/3/0/0/0,6891:1747647654564:,1747647662974
counter/3/0/0/0,6892:1747647654564:,1747647662974
counter/3/0/0/0,6893:1747647654565:,1747647662974
counter/3/0/0/0,6894:1747647654565:,1747647662974
counter/3/0/0/0,6895:1747647654565:,1747647662974
counter/3/0/0/0,6896:1747647654565:,1747647662974
counter/3/0/0/0,6897:1747647654565:,1747647662974
counter/3/0/0/0,6898:1747647654565:,1747647662980
counter/6/0/0/0,5867:1747647654406:,1747647662980
counter/10/0/0/0,6175:1747647654176:,1747647662981
counter/10/0/0/0,6176:1747647654176:,1747647662981
counter/10/0/0/0,6177:1747647654179:,1747647662981
counter/10/0/0/0,6178:1747647654179:,1747647662981
counter/10/0/0/0,6179:1747647654179:,1747647662981
counter/10/0/0/0,6180:1747647654179:,1747647662981
counter/10/0/0/0,6181:1747647654179:,1747647662981
counter/6/0/0/0,5868:1747647654406:,1747647662981
counter/6/0/0/0,5869:1747647654406:,1747647662981
counter/2/0/0/0,6291:1747647653956:,1747647662982
counter/6/0/0/0,5870:1747647654406:,1747647662982
counter/6/0/0/0,5871:1747647654406:,1747647662982
counter/6/0/0/0,5872:1747647654406:,1747647662983
counter/6/0/0/0,5873:1747647654407:,1747647662983
counter/6/0/0/0,5874:1747647654408:,1747647662983
counter/6/0/0/0,5875:1747647654408:,1747647662983
counter/7/0/0/0,6282:1747647654472:,1747647662983
counter/8/0/0/0,6889:1747647654405:,1747647662983
counter/9/0/0/0,7017:1747647655043:,1747647662984
counter/10/0/0/0,6182:1747647654179:,1747647662984
counter/10/0/0/0,6183:1747647654179:,1747647662984
counter/10/0/0/0,6184:1747647654179:,1747647662984
counter/6/0/0/0,5876:1747647654408:,1747647662984
counter/6/0/0/0,5877:1747647654408:,1747647662984
counter/6/0/0/0,5878:1747647654408:,1747647662984
counter/6/0/0/0,5879:1747647654408:,1747647662985
counter/6/0/0/0,5880:1747647654412:,1747647662985
counter/6/0/0/0,5881:1747647654412:,1747647662985
counter/6/0/0/0,5882:1747647654413:,1747647662985
counter/6/0/0/0,5883:1747647654413:,1747647662985
counter/6/0/0/0,5884:1747647654413:,1747647662985
counter/6/0/0/0,5885:1747647654413:,1747647662985
counter/6/0/0/0,5886:1747647654413:,1747647662985
counter/6/0/0/0,5887:1747647654413:,1747647662985
counter/3/0/0/0,6899:1747647654566:,1747647662985
counter/5/0/0/0,6662:1747647654487:,1747647662985
counter/5/0/0/0,6663:1747647654487:,1747647662985
counter/4/0/0/0,6862:1747647655519:,1747647662985
counter/5/0/0/0,6664:1747647654494:,1747647662985
counter/5/0/0/0,6665:1747647654494:,1747647662985
counter/5/0/0/0,6666:1747647654495:,1747647662985
counter/5/0/0/0,6667:1747647654495:,1747647662985
counter/5/0/0/0,6668:1747647654495:,1747647662985
counter/1/0/0/0,7221:1747647655379:,1747647662985
counter/5/0/0/0,6669:1747647654495:,1747647662986
counter/2/0/0/0,6292:1747647653956:,1747647662986
counter/3/0/0/0,6900:1747647654566:,1747647662986
counter/3/0/0/0,6901:1747647654566:,1747647662986
counter/3/0/0/0,6902:1747647654566:,1747647662986
counter/3/0/0/0,6903:1747647654566:,1747647662986
counter/3/0/0/0,6904:1747647654567:,1747647662987
counter/8/0/0/0,6890:1747647654405:,1747647662987
counter/8/0/0/0,6891:1747647654406:,1747647662987
counter/8/0/0/0,6892:1747647654407:,1747647662987
counter/8/0/0/0,6893:1747647654407:,1747647662987
counter/8/0/0/0,6894:1747647654407:,1747647662987
counter/1/0/0/0,7222:1747647655379:,1747647662987
counter/1/0/0/0,7223:1747647655379:,1747647662988
counter/1/0/0/0,7224:1747647655379:,1747647662988
counter/1/0/0/0,7225:1747647655379:,1747647662988
counter/1/0/0/0,7226:1747647655379:,1747647662988
counter/1/0/0/0,7227:1747647655383:,1747647662988
counter/1/0/0/0,7228:1747647655390:,1747647662988
counter/1/0/0/0,7229:1747647655390:,1747647662988
counter/1/0/0/0,7230:1747647655390:,1747647662988
counter/1/0/0/0,7231:1747647655390:,1747647662988
counter/9/0/0/0,7018:1747647655043:,1747647662988
counter/6/0/0/0,5888:1747647654413:,1747647662988
counter/2/0/0/0,6293:1747647653956:,1747647662988
counter/6/0/0/0,5889:1747647654413:,1747647662988
counter/6/0/0/0,5890:1747647654413:,1747647662988
counter/3/0/0/0,6905:1747647654567:,1747647662988
counter/8/0/0/0,6895:1747647654438:,1747647662988
counter/8/0/0/0,6896:1747647654438:,1747647662988
counter/4/0/0/0,6863:1747647655519:,1747647662988
counter/5/0/0/0,6670:1747647654495:,1747647662989
counter/5/0/0/0,6671:1747647654495:,1747647662989
counter/5/0/0/0,6672:1747647654495:,1747647662989
counter/5/0/0/0,6673:1747647654495:,1747647662989
counter/5/0/0/0,6674:1747647654495:,1747647662989
counter/5/0/0/0,6675:1747647654495:,1747647662989
counter/5/0/0/0,6676:1747647654495:,1747647662989
counter/4/0/0/0,6864:1747647655519:,1747647662989
counter/4/0/0/0,6865:1747647655520:,1747647662989
counter/4/0/0/0,6866:1747647655520:,1747647662989
counter/5/0/0/0,6677:1747647654495:,1747647662989
counter/5/0/0/0,6678:1747647654495:,1747647662989
counter/5/0/0/0,6679:1747647654495:,1747647662989
counter/5/0/0/0,6680:1747647654495:,1747647662989
counter/5/0/0/0,6681:1747647654499:,1747647662989
counter/5/0/0/0,6682:1747647654499:,1747647662989
counter/2/0/0/0,6294:1747647653956:,1747647662989
counter/5/0/0/0,6683:1747647654499:,1747647662990
counter/5/0/0/0,6684:1747647654499:,1747647662990
counter/2/0/0/0,6295:1747647653956:,1747647662990
counter/5/0/0/0,6685:1747647654499:,1747647662991
counter/5/0/0/0,6686:1747647654499:,1747647662991
counter/5/0/0/0,6687:1747647654499:,1747647662991
counter/5/0/0/0,6688:1747647654499:,1747647662991
counter/5/0/0/0,6689:1747647654499:,1747647662991
counter/5/0/0/0,6690:1747647654499:,1747647662991
counter/2/0/0/0,6296:1747647653957:,1747647662991
counter/7/0/0/0,6283:1747647654472:,1747647662991
counter/3/0/0/0,6906:1747647654567:,1747647662992
counter/3/0/0/0,6907:1747647654567:,1747647662992
counter/3/0/0/0,6908:1747647654572:,1747647662992
counter/3/0/0/0,6909:1747647654572:,1747647662992
counter/3/0/0/0,6910:1747647654572:,1747647662992
counter/3/0/0/0,6911:1747647654577:,1747647662992
counter/3/0/0/0,6912:1747647654577:,1747647662992
counter/3/0/0/0,6913:1747647654577:,1747647662992
counter/3/0/0/0,6914:1747647654577:,1747647662992
counter/3/0/0/0,6915:1747647654577:,1747647662992
counter/3/0/0/0,6916:1747647654577:,1747647662992
counter/3/0/0/0,6917:1747647654577:,1747647662992
counter/7/0/0/0,6284:1747647654475:,1747647662993
counter/6/0/0/0,5891:1747647654416:,1747647662993
counter/5/0/0/0,6691:1747647654499:,1747647662994
counter/3/0/0/0,6918:1747647654580:,1747647662994
counter/10/0/0/0,6185:1747647654179:,1747647662994
counter/2/0/0/0,6297:1747647653957:,1747647662994
counter/2/0/0/0,6298:1747647653957:,1747647662994
counter/2/0/0/0,6299:1747647653957:,1747647662994
counter/2/0/0/0,6300:1747647653957:,1747647662994
counter/2/0/0/0,6301:1747647653957:,1747647662994
counter/5/0/0/0,6692:1747647654499:,1747647662994
counter/5/0/0/0,6693:1747647654499:,1747647662994
counter/5/0/0/0,6694:1747647654520:,1747647662994
counter/5/0/0/0,6695:1747647654520:,1747647662994
counter/5/0/0/0,6696:1747647654520:,1747647662995
counter/5/0/0/0,6697:1747647654520:,1747647662995
counter/5/0/0/0,6698:1747647654520:,1747647662995
counter/10/0/0/0,6186:1747647654179:,1747647662995
counter/1/0/0/0,7232:1747647655390:,1747647662995
counter/1/0/0/0,7233:1747647655390:,1747647662995
counter/9/0/0/0,7019:1747647655043:,1747647662995
counter/9/0/0/0,7020:1747647655043:,1747647662995
counter/9/0/0/0,7021:1747647655044:,1747647662995
counter/5/0/0/0,6699:1747647654520:,1747647662995
counter/5/0/0/0,6700:1747647654523:,1747647662995
counter/5/0/0/0,6701:1747647654523:,1747647662995
counter/5/0/0/0,6702:1747647654524:,1747647662995
counter/5/0/0/0,6703:1747647654524:,1747647662995
counter/6/0/0/0,5892:1747647654416:,1747647662996
counter/8/0/0/0,6897:1747647654438:,1747647662996
counter/5/0/0/0,6704:1747647654524:,1747647662997
counter/2/0/0/0,6302:1747647653957:,1747647662997
counter/5/0/0/0,6705:1747647654524:,1747647662997
counter/5/0/0/0,6706:1747647654529:,1747647662997
counter/5/0/0/0,6707:1747647654529:,1747647662997
counter/5/0/0/0,6708:1747647654529:,1747647662997
counter/5/0/0/0,6709:1747647654529:,1747647662997
counter/5/0/0/0,6710:1747647654529:,1747647662997
counter/5/0/0/0,6711:1747647654529:,1747647662997
counter/5/0/0/0,6712:1747647654529:,1747647662997
counter/5/0/0/0,6713:1747647654529:,1747647662998
counter/5/0/0/0,6714:1747647654529:,1747647662998
counter/8/0/0/0,6898:1747647654438:,1747647662998
counter/3/0/0/0,6919:1747647654580:,1747647662998
counter/2/0/0/0,6303:1747647653957:,1747647662998
counter/2/0/0/0,6304:1747647653957:,1747647662998
counter/2/0/0/0,6305:1747647653957:,1747647662998
counter/2/0/0/0,6306:1747647653957:,1747647662998
counter/2/0/0/0,6307:1747647653957:,1747647662998
counter/7/0/0/0,6285:1747647654475:,1747647662999
counter/3/0/0/0,6920:1747647654580:,1747647662999
counter/4/0/0/0,6867:1747647655520:,1747647662999
counter/4/0/0/0,6868:1747647655520:,1747647663000
counter/4/0/0/0,6869:1747647655523:,1747647663000
counter/4/0/0/0,6870:1747647655523:,1747647663000
counter/4/0/0/0,6871:1747647655523:,1747647663000
counter/4/0/0/0,6872:1747647655523:,1747647663000
counter/9/0/0/0,7022:1747647655045:,1747647663000
counter/2/0/0/0,6308:1747647653957:,1747647663001
counter/5/0/0/0,6715:1747647654529:,1747647663004
counter/1/0/0/0,7234:1747647655393:,1747647663004
counter/1/0/0/0,7235:1747647655393:,1747647663004
counter/1/0/0/0,7236:1747647655393:,1747647663004
counter/2/0/0/0,6309:1747647653957:,1747647663005
counter/8/0/0/0,6899:1747647654438:,1747647663005
counter/8/0/0/0,6900:1747647654439:,1747647663005
counter/7/0/0/0,6286:1747647654475:,1747647663006
counter/10/0/0/0,6187:1747647654179:,1747647663006
counter/3/0/0/0,6921:1747647654580:,1747647663006
counter/3/0/0/0,6922:1747647654585:,1747647663006
counter/1/0/0/0,7237:1747647655393:,1747647663006
counter/1/0/0/0,7238:1747647655394:,1747647663006
counter/1/0/0/0,7239:1747647655394:,1747647663006
counter/9/0/0/0,7023:1747647655045:,1747647663006
counter/9/0/0/0,7024:1747647655045:,1747647663006
counter/9/0/0/0,7025:1747647655045:,1747647663007
counter/10/0/0/0,6188:1747647654179:,1747647663007
counter/4/0/0/0,6873:1747647655523:,1747647663007
counter/8/0/0/0,6901:1747647654439:,1747647663008
counter/6/0/0/0,5893:1747647654416:,1747647663009
counter/1/0/0/0,7240:1747647655399:,1747647663010
counter/1/0/0/0,7241:1747647655399:,1747647663010
counter/1/0/0/0,7242:1747647655407:,1747647663010
counter/1/0/0/0,7243:1747647655407:,1747647663010
counter/1/0/0/0,7244:1747647655407:,1747647663010
counter/1/0/0/0,7245:1747647655407:,1747647663010
counter/10/0/0/0,6189:1747647654179:,1747647663010
counter/10/0/0/0,6190:1747647654180:,1747647663011
counter/3/0/0/0,6923:1747647654585:,1747647663011
counter/10/0/0/0,6191:1747647654180:,1747647663011
counter/10/0/0/0,6192:1747647654180:,1747647663011
counter/10/0/0/0,6193:1747647654180:,1747647663011
counter/10/0/0/0,6194:1747647654180:,1747647663011
counter/2/0/0/0,6310:1747647653957:,1747647663011
counter/1/0/0/0,7246:1747647655407:,1747647663011
counter/3/0/0/0,6924:1747647654586:,1747647663012
counter/10/0/0/0,6195:1747647654180:,1747647663012
counter/10/0/0/0,6196:1747647654180:,1747647663012
counter/10/0/0/0,6197:1747647654180:,1747647663012
counter/10/0/0/0,6198:1747647654180:,1747647663012
counter/10/0/0/0,6199:1747647654184:,1747647663012
counter/10/0/0/0,6200:1747647654184:,1747647663012
counter/10/0/0/0,6201:1747647654184:,1747647663012
counter/10/0/0/0,6202:1747647654184:,1747647663012
counter/10/0/0/0,6203:1747647654184:,1747647663012
counter/10/0/0/0,6204:1747647654184:,1747647663012
counter/10/0/0/0,6205:1747647654184:,1747647663012
counter/10/0/0/0,6206:1747647654184:,1747647663013
counter/10/0/0/0,6207:1747647654184:,1747647663013
counter/5/0/0/0,6716:1747647654529:,1747647663013
counter/9/0/0/0,7026:1747647655045:,1747647663013
counter/1/0/0/0,7247:1747647655407:,1747647663013
counter/4/0/0/0,6874:1747647655530:,1747647663014
counter/6/0/0/0,5894:1747647654416:,1747647663015
counter/7/0/0/0,6287:1747647654475:,1747647663016
counter/9/0/0/0,7027:1747647655045:,1747647663017
counter/1/0/0/0,7248:1747647655407:,1747647663017
counter/6/0/0/0,5895:1747647654416:,1747647663018
counter/8/0/0/0,6902:1747647654439:,1747647663018
counter/8/0/0/0,6903:1747647654439:,1747647663018
counter/8/0/0/0,6904:1747647654439:,1747647663018
counter/8/0/0/0,6905:1747647654439:,1747647663019
counter/8/0/0/0,6906:1747647654439:,1747647663019
counter/8/0/0/0,6907:1747647654439:,1747647663019
counter/8/0/0/0,6908:1747647654448:,1747647663019
counter/8/0/0/0,6909:1747647654448:,1747647663019
counter/8/0/0/0,6910:1747647654448:,1747647663019
counter/8/0/0/0,6911:1747647654448:,1747647663019
counter/3/0/0/0,6925:1747647654586:,1747647663019
counter/4/0/0/0,6875:1747647655550:,1747647663019
counter/9/0/0/0,7028:1747647655045:,1747647663019
counter/9/0/0/0,7029:1747647655052:,1747647663019
counter/9/0/0/0,7030:1747647655052:,1747647663019
counter/5/0/0/0,6717:1747647654530:,1747647663020
counter/10/0/0/0,6208:1747647654184:,1747647663020
counter/9/0/0/0,7031:1747647655052:,1747647663020
counter/8/0/0/0,6912:1747647654448:,1747647663021
counter/5/0/0/0,6718:1747647654530:,1747647663021
counter/5/0/0/0,6719:1747647654530:,1747647663021
counter/5/0/0/0,6720:1747647654530:,1747647663021
counter/5/0/0/0,6721:1747647654530:,1747647663021
counter/5/0/0/0,6722:1747647654530:,1747647663021
counter/3/0/0/0,6926:1747647654593:,1747647663021
counter/2/0/0/0,6311:1747647653957:,1747647663021
counter/1/0/0/0,7249:1747647655407:,1747647663022
counter/5/0/0/0,6723:1747647654542:,1747647663022
counter/1/0/0/0,7250:1747647655407:,1747647663022
counter/1/0/0/0,7251:1747647655407:,1747647663022
counter/1/0/0/0,7252:1747647655407:,1747647663022
counter/2/0/0/0,6312:1747647653957:,1747647663023
counter/2/0/0/0,6313:1747647653958:,1747647663023
counter/2/0/0/0,6314:1747647653958:,1747647663023
counter/2/0/0/0,6315:1747647653958:,1747647663023
counter/2/0/0/0,6316:1747647653958:,1747647663023
counter/2/0/0/0,6317:1747647653958:,1747647663023
counter/2/0/0/0,6318:1747647653958:,1747647663023
counter/2/0/0/0,6319:1747647653960:,1747647663023
counter/2/0/0/0,6320:1747647653960:,1747647663023
counter/2/0/0/0,6321:1747647653960:,1747647663024
counter/2/0/0/0,6322:1747647653960:,1747647663024
counter/2/0/0/0,6323:1747647653960:,1747647663024
counter/2/0/0/0,6324:1747647653960:,1747647663024
counter/2/0/0/0,6325:1747647653960:,1747647663024
counter/2/0/0/0,6326:1747647653960:,1747647663024
counter/8/0/0/0,6913:1747647654448:,1747647663024
counter/6/0/0/0,5896:1747647654434:,1747647663024
counter/2/0/0/0,6327:1747647653960:,1747647663025
counter/6/0/0/0,5897:1747647654434:,1747647663025
counter/4/0/0/0,6876:1747647655550:,1747647663025
counter/7/0/0/0,6288:1747647654475:,1747647663025
counter/4/0/0/0,6877:1747647655550:,1747647663026
counter/4/0/0/0,6878:1747647655550:,1747647663026
counter/4/0/0/0,6879:1747647655550:,1747647663026
counter/4/0/0/0,6880:1747647655550:,1747647663026
counter/4/0/0/0,6881:1747647655550:,1747647663026
counter/4/0/0/0,6882:1747647655550:,1747647663026
counter/4/0/0/0,6883:1747647655552:,1747647663026
counter/5/0/0/0,6724:1747647654542:,1747647663027
counter/8/0/0/0,6914:1747647654448:,1747647663027
counter/8/0/0/0,6915:1747647654448:,1747647663027
counter/8/0/0/0,6916:1747647654448:,1747647663027
counter/8/0/0/0,6917:1747647654462:,1747647663027
counter/8/0/0/0,6918:1747647654462:,1747647663027
counter/8/0/0/0,6919:1747647654462:,1747647663027
counter/1/0/0/0,7253:1747647655407:,1747647663027
counter/8/0/0/0,6920:1747647654462:,1747647663027
counter/1/0/0/0,7254:1747647655407:,1747647663027
counter/1/0/0/0,7255:1747647655407:,1747647663027
counter/6/0/0/0,5898:1747647654434:,1747647663029
counter/4/0/0/0,6884:1747647655552:,1747647663029
counter/7/0/0/0,6289:1747647654477:,1747647663029
counter/3/0/0/0,6927:1747647654596:,1747647663029
counter/3/0/0/0,6928:1747647654618:,1747647663029
counter/6/0/0/0,5899:1747647654434:,1747647663030
counter/4/0/0/0,6885:1747647655552:,1747647663030
counter/4/0/0/0,6886:1747647655552:,1747647663030
counter/4/0/0/0,6887:1747647655557:,1747647663030
counter/4/0/0/0,6888:1747647655557:,1747647663030
counter/4/0/0/0,6889:1747647655557:,1747647663030
counter/4/0/0/0,6890:1747647655559:,1747647663030
counter/3/0/0/0,6929:1747647654618:,1747647663030
counter/4/0/0/0,6891:1747647655559:,1747647663030
counter/5/0/0/0,6725:1747647654544:,1747647663030
counter/4/0/0/0,6892:1747647655559:,1747647663030
counter/5/0/0/0,6726:1747647654544:,1747647663030
counter/4/0/0/0,6893:1747647655559:,1747647663030
counter/5/0/0/0,6727:1747647654544:,1747647663030
counter/5/0/0/0,6728:1747647654544:,1747647663030
counter/5/0/0/0,6729:1747647654544:,1747647663030
counter/5/0/0/0,6730:1747647654559:,1747647663030
counter/2/0/0/0,6328:1747647653960:,1747647663031
counter/2/0/0/0,6329:1747647653962:,1747647663031
counter/2/0/0/0,6330:1747647653963:,1747647663031
counter/2/0/0/0,6331:1747647653963:,1747647663031
counter/2/0/0/0,6332:1747647653963:,1747647663031
counter/6/0/0/0,5900:1747647654434:,1747647663031
counter/7/0/0/0,6290:1747647654477:,1747647663031
counter/2/0/0/0,6333:1747647653963:,1747647663031
counter/3/0/0/0,6930:1747647654618:,1747647663031
counter/2/0/0/0,6334:1747647653963:,1747647663031
counter/8/0/0/0,6921:1747647654462:,1747647663031
counter/2/0/0/0,6335:1747647653963:,1747647663031
counter/8/0/0/0,6922:1747647654462:,1747647663031
counter/2/0/0/0,6336:1747647653963:,1747647663031
counter/8/0/0/0,6923:1747647654462:,1747647663031
counter/8/0/0/0,6924:1747647654462:,1747647663031
counter/8/0/0/0,6925:1747647654462:,1747647663031
counter/8/0/0/0,6926:1747647654462:,1747647663031
counter/8/0/0/0,6927:1747647654462:,1747647663032
counter/8/0/0/0,6928:1747647654462:,1747647663032
counter/8/0/0/0,6929:1747647654462:,1747647663032
counter/8/0/0/0,6930:1747647654462:,1747647663032
counter/8/0/0/0,6931:1747647654462:,1747647663032
counter/6/0/0/0,5901:1747647654434:,1747647663032
counter/2/0/0/0,6337:1747647653964:,1747647663032
counter/2/0/0/0,6338:1747647653964:,1747647663032
counter/2/0/0/0,6339:1747647653964:,1747647663032
counter/2/0/0/0,6340:1747647653964:,1747647663032
counter/2/0/0/0,6341:1747647653964:,1747647663032
counter/2/0/0/0,6342:1747647653964:,1747647663032
counter/2/0/0/0,6343:1747647653964:,1747647663033
counter/2/0/0/0,6344:1747647653964:,1747647663033
counter/2/0/0/0,6345:1747647653964:,1747647663033
counter/2/0/0/0,6346:1747647653964:,1747647663033
counter/2/0/0/0,6347:1747647653964:,1747647663033
counter/9/0/0/0,7032:1747647655052:,1747647663034
counter/9/0/0/0,7033:1747647655052:,1747647663034
counter/8/0/0/0,6932:1747647654462:,1747647663034
counter/9/0/0/0,7034:1747647655052:,1747647663034
counter/8/0/0/0,6933:1747647654462:,1747647663035
counter/8/0/0/0,6934:1747647654462:,1747647663035
counter/9/0/0/0,7035:1747647655052:,1747647663035
counter/8/0/0/0,6935:1747647654462:,1747647663035
counter/6/0/0/0,5902:1747647654434:,1747647663035
counter/6/0/0/0,5903:1747647654434:,1747647663035
counter/6/0/0/0,5904:1747647654434:,1747647663035
counter/6/0/0/0,5905:1747647654435:,1747647663035
counter/6/0/0/0,5906:1747647654435:,1747647663035
counter/4/0/0/0,6894:1747647655559:,1747647663036
counter/4/0/0/0,6895:1747647655559:,1747647663036
counter/4/0/0/0,6896:1747647655559:,1747647663036
counter/4/0/0/0,6897:1747647655559:,1747647663036
counter/4/0/0/0,6898:1747647655559:,1747647663036
counter/4/0/0/0,6899:1747647655559:,1747647663036
counter/4/0/0/0,6900:1747647655559:,1747647663036
counter/4/0/0/0,6901:1747647655559:,1747647663036
counter/4/0/0/0,6902:1747647655559:,1747647663036
counter/4/0/0/0,6903:1747647655559:,1747647663036
counter/4/0/0/0,6904:1747647655559:,1747647663036
counter/5/0/0/0,6731:1747647654559:,1747647663036
counter/7/0/0/0,6291:1747647654477:,1747647663037
counter/10/0/0/0,6209:1747647654184:,1747647663037
counter/9/0/0/0,7036:1747647655052:,1747647663037
counter/6/0/0/0,5907:1747647654435:,1747647663037
counter/6/0/0/0,5908:1747647654435:,1747647663037
counter/8/0/0/0,6936:1747647654462:,1747647663039
counter/8/0/0/0,6937:1747647654462:,1747647663039
counter/8/0/0/0,6938:1747647654462:,1747647663039
counter/8/0/0/0,6939:1747647654463:,1747647663039
counter/8/0/0/0,6940:1747647654463:,1747647663039
counter/8/0/0/0,6941:1747647654463:,1747647663039
counter/8/0/0/0,6942:1747647654463:,1747647663039
counter/8/0/0/0,6943:1747647654463:,1747647663039
counter/4/0/0/0,6905:1747647655559:,1747647663039
counter/5/0/0/0,6732:1747647654559:,1747647663039
counter/4/0/0/0,6906:1747647655559:,1747647663039
counter/5/0/0/0,6733:1747647654559:,1747647663039
counter/5/0/0/0,6734:1747647654560:,1747647663039
counter/2/0/0/0,6348:1747647653964:,1747647663039
counter/2/0/0/0,6349:1747647653964:,1747647663039
counter/2/0/0/0,6350:1747647653964:,1747647663039
counter/2/0/0/0,6351:1747647653964:,1747647663039
counter/2/0/0/0,6352:1747647653964:,1747647663040
counter/10/0/0/0,6210:1747647654184:,1747647663040
counter/10/0/0/0,6211:1747647654185:,1747647663040
counter/9/0/0/0,7037:1747647655065:,1747647663040
counter/9/0/0/0,7038:1747647655065:,1747647663040
counter/8/0/0/0,6944:1747647654463:,1747647663040
counter/8/0/0/0,6945:1747647654465:,1747647663040
counter/8/0/0/0,6946:1747647654476:,1747647663040
counter/4/0/0/0,6907:1747647655559:,1747647663040
counter/4/0/0/0,6908:1747647655559:,1747647663040
counter/8/0/0/0,6947:1747647654476:,1747647663042
counter/8/0/0/0,6948:1747647654476:,1747647663042
counter/10/0/0/0,6212:1747647654185:,1747647663042
counter/10/0/0/0,6213:1747647654185:,1747647663042
counter/10/0/0/0,6214:1747647654185:,1747647663042
counter/10/0/0/0,6215:1747647654185:,1747647663042
counter/10/0/0/0,6216:1747647654223:,1747647663042
counter/10/0/0/0,6217:1747647654223:,1747647663042
counter/2/0/0/0,6353:1747647653965:,1747647663042
counter/7/0/0/0,6292:1747647654477:,1747647663042
counter/2/0/0/0,6354:1747647653968:,1747647663042
counter/2/0/0/0,6355:1747647653968:,1747647663042
counter/2/0/0/0,6356:1747647653968:,1747647663042
counter/6/0/0/0,5909:1747647654435:,1747647663042
counter/3/0/0/0,6931:1747647654618:,1747647663042
counter/6/0/0/0,5910:1747647654435:,1747647663042
counter/9/0/0/0,7039:1747647655065:,1747647663042
counter/9/0/0/0,7040:1747647655065:,1747647663042
counter/8/0/0/0,6949:1747647654476:,1747647663042
counter/8/0/0/0,6950:1747647654476:,1747647663043
counter/8/0/0/0,6951:1747647654476:,1747647663043
counter/4/0/0/0,6909:1747647655559:,1747647663043
counter/10/0/0/0,6218:1747647654223:,1747647663043
counter/7/0/0/0,6293:1747647654477:,1747647663043
counter/2/0/0/0,6357:1747647653968:,1747647663043
counter/2/0/0/0,6358:1747647653968:,1747647663043
counter/2/0/0/0,6359:1747647653968:,1747647663043
counter/2/0/0/0,6360:1747647653968:,1747647663043
counter/2/0/0/0,6361:1747647653968:,1747647663043
counter/2/0/0/0,6362:1747647653968:,1747647663043
counter/2/0/0/0,6363:1747647653968:,1747647663043
counter/6/0/0/0,5911:1747647654435:,1747647663044
counter/6/0/0/0,5912:1747647654435:,1747647663044
counter/6/0/0/0,5913:1747647654435:,1747647663044
counter/6/0/0/0,5914:1747647654435:,1747647663044
counter/6/0/0/0,5915:1747647654435:,1747647663044
counter/6/0/0/0,5916:1747647654435:,1747647663044
counter/9/0/0/0,7041:1747647655065:,1747647663044
counter/4/0/0/0,6910:1747647655559:,1747647663044
counter/10/0/0/0,6219:1747647654223:,1747647663044
counter/4/0/0/0,6911:1747647655560:,1747647663044
counter/4/0/0/0,6912:1747647655560:,1747647663044
counter/5/0/0/0,6735:1747647654560:,1747647663045
counter/5/0/0/0,6736:1747647654560:,1747647663045
counter/5/0/0/0,6737:1747647654560:,1747647663045
counter/5/0/0/0,6738:1747647654560:,1747647663045
counter/5/0/0/0,6739:1747647654560:,1747647663045
counter/5/0/0/0,6740:1747647654560:,1747647663045
counter/5/0/0/0,6741:1747647654560:,1747647663045
counter/5/0/0/0,6742:1747647654560:,1747647663045
counter/8/0/0/0,6952:1747647654476:,1747647663045
counter/1/0/0/0,7256:1747647655409:,1747647663045
counter/9/0/0/0,7042:1747647655065:,1747647663045
counter/9/0/0/0,7043:1747647655065:,1747647663045
counter/4/0/0/0,6913:1747647655560:,1747647663045
counter/2/0/0/0,6364:1747647653968:,1747647663045
counter/2/0/0/0,6365:1747647653968:,1747647663046
counter/2/0/0/0,6366:1747647653968:,1747647663046
counter/2/0/0/0,6367:1747647653972:,1747647663046
counter/2/0/0/0,6368:1747647653972:,1747647663046
counter/2/0/0/0,6369:1747647653972:,1747647663046
counter/2/0/0/0,6370:1747647653972:,1747647663046
counter/2/0/0/0,6371:1747647653972:,1747647663046
counter/1/0/0/0,7257:1747647655409:,1747647663046
counter/3/0/0/0,6932:1747647654619:,1747647663046
counter/6/0/0/0,5917:1747647654435:,1747647663046
counter/6/0/0/0,5918:1747647654435:,1747647663046
counter/9/0/0/0,7044:1747647655075:,1747647663047
counter/8/0/0/0,6953:1747647654476:,1747647663048
counter/10/0/0/0,6220:1747647654223:,1747647663048
counter/8/0/0/0,6954:1747647654476:,1747647663048
counter/8/0/0/0,6955:1747647654476:,1747647663048
counter/8/0/0/0,6956:1747647654476:,1747647663049
counter/8/0/0/0,6957:1747647654476:,1747647663049
counter/8/0/0/0,6958:1747647654476:,1747647663049
counter/8/0/0/0,6959:1747647654476:,1747647663049
counter/8/0/0/0,6960:1747647654476:,1747647663049
counter/8/0/0/0,6961:1747647654476:,1747647663049
counter/8/0/0/0,6962:1747647654476:,1747647663049
counter/8/0/0/0,6963:1747647654480:,1747647663049
counter/8/0/0/0,6964:1747647654484:,1747647663049
counter/8/0/0/0,6965:1747647654485:,1747647663049
counter/8/0/0/0,6966:1747647654485:,1747647663049
counter/2/0/0/0,6372:1747647653972:,1747647663049
counter/5/0/0/0,6743:1747647654560:,1747647663049
counter/5/0/0/0,6744:1747647654560:,1747647663049
counter/5/0/0/0,6745:1747647654560:,1747647663049
counter/5/0/0/0,6746:1747647654560:,1747647663049
counter/5/0/0/0,6747:1747647654560:,1747647663049
counter/5/0/0/0,6748:1747647654560:,1747647663049
counter/5/0/0/0,6749:1747647654560:,1747647663049
counter/5/0/0/0,6750:1747647654567:,1747647663049
counter/2/0/0/0,6373:1747647653972:,1747647663049
counter/5/0/0/0,6751:1747647654567:,1747647663049
counter/2/0/0/0,6374:1747647653972:,1747647663050
counter/5/0/0/0,6752:1747647654567:,1747647663050
counter/2/0/0/0,6375:1747647653972:,1747647663050
counter/2/0/0/0,6376:1747647653972:,1747647663050
counter/2/0/0/0,6377:1747647653972:,1747647663050
counter/10/0/0/0,6221:1747647654224:,1747647663050
counter/7/0/0/0,6294:1747647654478:,1747647663050
counter/1/0/0/0,7258:1747647655409:,1747647663050
counter/7/0/0/0,6295:1747647654478:,1747647663050
counter/1/0/0/0,7259:1747647655409:,1747647663050
counter/1/0/0/0,7260:1747647655409:,1747647663050
counter/1/0/0/0,7261:1747647655409:,1747647663050
counter/1/0/0/0,7262:1747647655409:,1747647663050
counter/1/0/0/0,7263:1747647655409:,1747647663050
counter/1/0/0/0,7264:1747647655410:,1747647663050
counter/1/0/0/0,7265:1747647655410:,1747647663050
counter/1/0/0/0,7266:1747647655410:,1747647663050
counter/1/0/0/0,7267:1747647655427:,1747647663050
counter/1/0/0/0,7268:1747647655429:,1747647663050
counter/1/0/0/0,7269:1747647655429:,1747647663050
counter/2/0/0/0,6378:1747647653977:,1747647663050
counter/2/0/0/0,6379:1747647653977:,1747647663050
counter/2/0/0/0,6380:1747647653977:,1747647663050
counter/2/0/0/0,6381:1747647653977:,1747647663050
counter/2/0/0/0,6382:1747647653977:,1747647663050
counter/2/0/0/0,6383:1747647653977:,1747647663050
counter/2/0/0/0,6384:1747647653978:,1747647663050
counter/2/0/0/0,6385:1747647653978:,1747647663051
counter/2/0/0/0,6386:1747647653978:,1747647663051
counter/5/0/0/0,6753:1747647654567:,1747647663051
counter/8/0/0/0,6967:1747647654485:,1747647663051
counter/4/0/0/0,6914:1747647655569:,1747647663051
counter/7/0/0/0,6296:1747647654503:,1747647663052
counter/7/0/0/0,6297:1747647654503:,1747647663052
counter/9/0/0/0,7045:1747647655075:,1747647663052
counter/7/0/0/0,6298:1747647654503:,1747647663052
counter/5/0/0/0,6754:1747647654567:,1747647663052
counter/8/0/0/0,6968:1747647654485:,1747647663052
counter/8/0/0/0,6969:1747647654485:,1747647663052
counter/1/0/0/0,7270:1747647655429:,1747647663052
counter/1/0/0/0,7271:1747647655429:,1747647663052
counter/1/0/0/0,7272:1747647655429:,1747647663052
counter/1/0/0/0,7273:1747647655429:,1747647663052
counter/1/0/0/0,7274:1747647655429:,1747647663052
counter/4/0/0/0,6915:1747647655570:,1747647663053
counter/3/0/0/0,6933:1747647654619:,1747647663053
counter/3/0/0/0,6934:1747647654619:,1747647663053
counter/3/0/0/0,6935:1747647654619:,1747647663053
counter/3/0/0/0,6936:1747647654619:,1747647663053
counter/3/0/0/0,6937:1747647654620:,1747647663053
counter/3/0/0/0,6938:1747647654620:,1747647663053
counter/9/0/0/0,7046:1747647655075:,1747647663054
counter/3/0/0/0,6939:1747647654620:,1747647663054
counter/3/0/0/0,6940:1747647654620:,1747647663054
counter/3/0/0/0,6941:1747647654620:,1747647663054
counter/7/0/0/0,6299:1747647654503:,1747647663054
counter/5/0/0/0,6755:1747647654567:,1747647663054
counter/7/0/0/0,6300:1747647654503:,1747647663054
counter/10/0/0/0,6222:1747647654224:,1747647663054
counter/7/0/0/0,6301:1747647654503:,1747647663054
counter/5/0/0/0,6756:1747647654567:,1747647663054
counter/4/0/0/0,6916:1747647655570:,1747647663054
counter/5/0/0/0,6757:1747647654567:,1747647663055
counter/5/0/0/0,6758:1747647654567:,1747647663055
counter/5/0/0/0,6759:1747647654567:,1747647663055
counter/5/0/0/0,6760:1747647654567:,1747647663055
counter/5/0/0/0,6761:1747647654573:,1747647663055
counter/5/0/0/0,6762:1747647654573:,1747647663055
counter/4/0/0/0,6917:1747647655570:,1747647663056
counter/9/0/0/0,7047:1747647655075:,1747647663056
counter/9/0/0/0,7048:1747647655075:,1747647663056
counter/9/0/0/0,7049:1747647655075:,1747647663056
counter/9/0/0/0,7050:1747647655075:,1747647663056
counter/2/0/0/0,6387:1747647653989:,1747647663056
counter/2/0/0/0,6388:1747647653989:,1747647663056
counter/2/0/0/0,6389:1747647653989:,1747647663056
counter/2/0/0/0,6390:1747647653989:,1747647663057
counter/3/0/0/0,6942:1747647654620:,1747647663057
counter/3/0/0/0,6943:1747647654620:,1747647663057
counter/3/0/0/0,6944:1747647654620:,1747647663057
counter/7/0/0/0,6302:1747647654503:,1747647663057
counter/10/0/0/0,6223:1747647654224:,1747647663057
counter/10/0/0/0,6224:1747647654225:,1747647663057
counter/10/0/0/0,6225:1747647654225:,1747647663057
counter/10/0/0/0,6226:1747647654225:,1747647663057
counter/1/0/0/0,7275:1747647655429:,1747647663057
counter/6/0/0/0,5919:1747647654435:,1747647663057
counter/8/0/0/0,6970:1747647654485:,1747647663058
counter/3/0/0/0,6945:1747647654620:,1747647663058
counter/8/0/0/0,6971:1747647654485:,1747647663058
counter/7/0/0/0,6303:1747647654518:,1747647663058
counter/8/0/0/0,6972:1747647654485:,1747647663059
counter/7/0/0/0,6304:1747647654518:,1747647663059
counter/1/0/0/0,7276:1747647655429:,1747647663059
counter/4/0/0/0,6918:1747647655570:,1747647663059
counter/9/0/0/0,7051:1747647655075:,1747647663059
counter/5/0/0/0,6763:1747647654573:,1747647663060
counter/1/0/0/0,7277:1747647655429:,1747647663060
counter/10/0/0/0,6227:1747647654225:,1747647663060
counter/1/0/0/0,7278:1747647655429:,1747647663060
counter/2/0/0/0,6391:1747647653989:,1747647663060
counter/1/0/0/0,7279:1747647655429:,1747647663062
counter/1/0/0/0,7280:1747647655429:,1747647663062
counter/1/0/0/0,7281:1747647655429:,1747647663062
counter/1/0/0/0,7282:1747647655432:,1747647663062
counter/1/0/0/0,7283:1747647655432:,1747647663062
counter/1/0/0/0,7284:1747647655432:,1747647663062
counter/1/0/0/0,7285:1747647655432:,1747647663062
counter/1/0/0/0,7286:1747647655432:,1747647663062
counter/1/0/0/0,7287:1747647655432:,1747647663062
counter/1/0/0/0,7288:1747647655432:,1747647663062
counter/1/0/0/0,7289:1747647655433:,1747647663062
counter/1/0/0/0,7290:1747647655433:,1747647663062
counter/1/0/0/0,7291:1747647655433:,1747647663062
counter/1/0/0/0,7292:1747647655440:,1747647663062
counter/1/0/0/0,7293:1747647655440:,1747647663062
counter/1/0/0/0,7294:1747647655440:,1747647663062
counter/7/0/0/0,6305:1747647654518:,1747647663062
counter/3/0/0/0,6946:1747647654620:,1747647663063
counter/3/0/0/0,6947:1747647654620:,1747647663063
counter/3/0/0/0,6948:1747647654620:,1747647663063
counter/3/0/0/0,6949:1747647654620:,1747647663063
counter/3/0/0/0,6950:1747647654620:,1747647663063
counter/8/0/0/0,6973:1747647654485:,1747647663063
counter/9/0/0/0,7052:1747647655075:,1747647663063
counter/9/0/0/0,7053:1747647655075:,1747647663063
counter/9/0/0/0,7054:1747647655075:,1747647663063
counter/8/0/0/0,6974:1747647654485:,1747647663064
counter/8/0/0/0,6975:1747647654485:,1747647663064
counter/8/0/0/0,6976:1747647654485:,1747647663064
counter/8/0/0/0,6977:1747647654485:,1747647663064
counter/9/0/0/0,7055:1747647655075:,1747647663064
counter/7/0/0/0,6306:1747647654518:,1747647663065
counter/7/0/0/0,6307:1747647654524:,1747647663065
counter/5/0/0/0,6764:1747647654573:,1747647663065
counter/8/0/0/0,6978:1747647654485:,1747647663065
counter/8/0/0/0,6979:1747647654485:,1747647663065
counter/10/0/0/0,6228:1747647654225:,1747647663065
counter/8/0/0/0,6980:1747647654485:,1747647663065
counter/8/0/0/0,6981:1747647654485:,1747647663065
counter/8/0/0/0,6982:1747647654485:,1747647663065
counter/1/0/0/0,7295:1747647655440:,1747647663066
counter/3/0/0/0,6951:1747647654621:,1747647663067
counter/1/0/0/0,7296:1747647655440:,1747647663067
counter/1/0/0/0,7297:1747647655440:,1747647663067
counter/1/0/0/0,7298:1747647655440:,1747647663067
counter/1/0/0/0,7299:1747647655440:,1747647663067
counter/1/0/0/0,7300:1747647655440:,1747647663067
counter/1/0/0/0,7301:1747647655440:,1747647663067
counter/1/0/0/0,7302:1747647655440:,1747647663067
counter/1/0/0/0,7303:1747647655440:,1747647663067
counter/7/0/0/0,6308:1747647654524:,1747647663067
counter/7/0/0/0,6309:1747647654524:,1747647663067
counter/3/0/0/0,6952:1747647654621:,1747647663067
counter/7/0/0/0,6310:1747647654524:,1747647663067
counter/6/0/0/0,5920:1747647654435:,1747647663067
counter/7/0/0/0,6311:1747647654524:,1747647663067
counter/4/0/0/0,6919:1747647655570:,1747647663068
counter/2/0/0/0,6392:1747647653989:,1747647663069
counter/2/0/0/0,6393:1747647653989:,1747647663069
counter/4/0/0/0,6920:1747647655570:,1747647663069
counter/2/0/0/0,6394:1747647653989:,1747647663069
counter/2/0/0/0,6395:1747647653989:,1747647663069
counter/2/0/0/0,6396:1747647653989:,1747647663069
counter/2/0/0/0,6397:1747647653989:,1747647663070
counter/2/0/0/0,6398:1747647653989:,1747647663070
counter/9/0/0/0,7056:1747647655075:,1747647663070
counter/9/0/0/0,7057:1747647655076:,1747647663070
counter/9/0/0/0,7058:1747647655076:,1747647663070
counter/9/0/0/0,7059:1747647655076:,1747647663070
counter/9/0/0/0,7060:1747647655076:,1747647663070
counter/9/0/0/0,7061:1747647655076:,1747647663070
counter/9/0/0/0,7062:1747647655076:,1747647663070
counter/2/0/0/0,6399:1747647653989:,1747647663070
counter/9/0/0/0,7063:1747647655076:,1747647663070
counter/4/0/0/0,6921:1747647655570:,1747647663070
counter/4/0/0/0,6922:1747647655570:,1747647663070
counter/8/0/0/0,6983:1747647654485:,1747647663070
counter/8/0/0/0,6984:1747647654490:,1747647663070
counter/5/0/0/0,6765:1747647654573:,1747647663070
counter/5/0/0/0,6766:1747647654573:,1747647663070
counter/3/0/0/0,6953:1747647654622:,1747647663070
counter/10/0/0/0,6229:1747647654225:,1747647663070
counter/10/0/0/0,6230:1747647654225:,1747647663070
counter/10/0/0/0,6231:1747647654225:,1747647663071
counter/6/0/0/0,5921:1747647654435:,1747647663071
counter/9/0/0/0,7064:1747647655084:,1747647663071
counter/6/0/0/0,5922:1747647654435:,1747647663071
counter/6/0/0/0,5923:1747647654435:,1747647663071
counter/6/0/0/0,5924:1747647654435:,1747647663071
counter/6/0/0/0,5925:1747647654435:,1747647663071
counter/9/0/0/0,7065:1747647655084:,1747647663072
counter/6/0/0/0,5926:1747647654435:,1747647663072
counter/9/0/0/0,7066:1747647655084:,1747647663072
counter/9/0/0/0,7067:1747647655084:,1747647663072
counter/9/0/0/0,7068:1747647655084:,1747647663072
counter/2/0/0/0,6400:1747647653989:,1747647663072
counter/2/0/0/0,6401:1747647653989:,1747647663072
counter/2/0/0/0,6402:1747647653989:,1747647663072
counter/8/0/0/0,6985:1747647654490:,1747647663072
counter/8/0/0/0,6986:1747647654490:,1747647663072
counter/8/0/0/0,6987:1747647654490:,1747647663072
counter/2/0/0/0,6403:1747647653989:,1747647663072
counter/1/0/0/0,7304:1747647655440:,1747647663072
counter/2/0/0/0,6404:1747647653989:,1747647663073
counter/1/0/0/0,7305:1747647655440:,1747647663073
counter/2/0/0/0,6405:1747647653989:,1747647663073
counter/1/0/0/0,7306:1747647655440:,1747647663073
counter/6/0/0/0,5927:1747647654435:,1747647663073
counter/2/0/0/0,6406:1747647653989:,1747647663073
counter/1/0/0/0,7307:1747647655440:,1747647663074
counter/2/0/0/0,6407:1747647653989:,1747647663074
counter/1/0/0/0,7308:1747647655440:,1747647663074
counter/2/0/0/0,6408:1747647653990:,1747647663074
counter/1/0/0/0,7309:1747647655440:,1747647663074
counter/1/0/0/0,7310:1747647655440:,1747647663074
counter/1/0/0/0,7311:1747647655440:,1747647663074
counter/5/0/0/0,6767:1747647654573:,1747647663074
counter/1/0/0/0,7312:1747647655440:,1747647663074
counter/9/0/0/0,7069:1747647655084:,1747647663074
counter/9/0/0/0,7070:1747647655084:,1747647663074
counter/7/0/0/0,6312:1747647654524:,1747647663074
counter/7/0/0/0,6313:1747647654524:,1747647663074
counter/7/0/0/0,6314:1747647654524:,1747647663074
counter/7/0/0/0,6315:1747647654524:,1747647663074
counter/4/0/0/0,6923:1747647655570:,1747647663074
counter/8/0/0/0,6988:1747647654490:,1747647663075
counter/8/0/0/0,6989:1747647654490:,1747647663075
counter/8/0/0/0,6990:1747647654490:,1747647663075
counter/8/0/0/0,6991:1747647654490:,1747647663075
counter/8/0/0/0,6992:1747647654493:,1747647663075
counter/8/0/0/0,6993:1747647654494:,1747647663076
counter/8/0/0/0,6994:1747647654494:,1747647663076
counter/8/0/0/0,6995:1747647654500:,1747647663076
counter/5/0/0/0,6768:1747647654573:,1747647663076
counter/6/0/0/0,5928:1747647654435:,1747647663076
counter/5/0/0/0,6769:1747647654573:,1747647663076
counter/5/0/0/0,6770:1747647654573:,1747647663076
counter/9/0/0/0,7071:1747647655084:,1747647663076
counter/9/0/0/0,7072:1747647655084:,1747647663076
counter/9/0/0/0,7073:1747647655084:,1747647663076
counter/9/0/0/0,7074:1747647655088:,1747647663076
counter/9/0/0/0,7075:1747647655092:,1747647663076
counter/9/0/0/0,7076:1747647655092:,1747647663076
counter/2/0/0/0,6409:1747647653990:,1747647663076
counter/9/0/0/0,7077:1747647655092:,1747647663077
counter/8/0/0/0,6996:1747647654501:,1747647663078
counter/4/0/0/0,6924:1747647655570:,1747647663079
counter/2/0/0/0,6410:1747647653990:,1747647663079
counter/2/0/0/0,6411:1747647653990:,1747647663079
counter/2/0/0/0,6412:1747647653990:,1747647663079
counter/2/0/0/0,6413:1747647653990:,1747647663079
counter/1/0/0/0,7313:1747647655440:,1747647663079
counter/1/0/0/0,7314:1747647655444:,1747647663079
counter/1/0/0/0,7315:1747647655444:,1747647663079
counter/1/0/0/0,7316:1747647655444:,1747647663079
counter/1/0/0/0,7317:1747647655444:,1747647663079
counter/1/0/0/0,7318:1747647655445:,1747647663079
counter/1/0/0/0,7319:1747647655445:,1747647663080
counter/1/0/0/0,7320:1747647655445:,1747647663080
counter/1/0/0/0,7321:1747647655445:,1747647663080
counter/1/0/0/0,7322:1747647655445:,1747647663080
counter/1/0/0/0,7323:1747647655445:,1747647663080
counter/1/0/0/0,7324:1747647655445:,1747647663080
counter/1/0/0/0,7325:1747647655445:,1747647663080
counter/1/0/0/0,7326:1747647655445:,1747647663080
counter/1/0/0/0,7327:1747647655445:,1747647663080
counter/1/0/0/0,7328:1747647655445:,1747647663080
counter/4/0/0/0,6925:1747647655570:,1747647663080
counter/2/0/0/0,6414:1747647653990:,1747647663080
counter/4/0/0/0,6926:1747647655570:,1747647663080
counter/4/0/0/0,6927:1747647655570:,1747647663080
counter/4/0/0/0,6928:1747647655570:,1747647663080
counter/4/0/0/0,6929:1747647655570:,1747647663081
counter/4/0/0/0,6930:1747647655570:,1747647663081
counter/4/0/0/0,6931:1747647655570:,1747647663081
counter/4/0/0/0,6932:1747647655570:,1747647663081
counter/4/0/0/0,6933:1747647655570:,1747647663081
counter/4/0/0/0,6934:1747647655570:,1747647663081
counter/4/0/0/0,6935:1747647655570:,1747647663081
counter/4/0/0/0,6936:1747647655570:,1747647663081
counter/4/0/0/0,6937:1747647655570:,1747647663081
counter/4/0/0/0,6938:1747647655570:,1747647663081
counter/4/0/0/0,6939:1747647655571:,1747647663081
counter/4/0/0/0,6940:1747647655571:,1747647663081
counter/9/0/0/0,7078:1747647655092:,1747647663081
counter/9/0/0/0,7079:1747647655095:,1747647663081
counter/9/0/0/0,7080:1747647655096:,1747647663082
counter/9/0/0/0,7081:1747647655096:,1747647663082
counter/9/0/0/0,7082:1747647655096:,1747647663082
counter/9/0/0/0,7083:1747647655096:,1747647663082
counter/9/0/0/0,7084:1747647655096:,1747647663082
counter/8/0/0/0,6997:1747647654501:,1747647663082
counter/4/0/0/0,6941:1747647655571:,1747647663083
counter/10/0/0/0,6232:1747647654225:,1747647663083
counter/5/0/0/0,6771:1747647654573:,1747647663084
counter/5/0/0/0,6772:1747647654573:,1747647663084
counter/8/0/0/0,6998:1747647654502:,1747647663084
counter/8/0/0/0,6999:1747647654502:,1747647663084
counter/3/0/0/0,6954:1747647654622:,1747647663085
counter/2/0/0/0,6415:1747647653990:,1747647663085
counter/2/0/0/0,6416:1747647653992:,1747647663085
counter/3/0/0/0,6955:1747647654622:,1747647663086
counter/8/0/0/0,7000:1747647654502:,1747647663087
counter/8/0/0/0,7001:1747647654502:,1747647663087
counter/8/0/0/0,7002:1747647654502:,1747647663087
counter/8/0/0/0,7003:1747647654502:,1747647663087
counter/3/0/0/0,6956:1747647654622:,1747647663087
counter/4/0/0/0,6942:1747647655571:,1747647663087
counter/4/0/0/0,6943:1747647655572:,1747647663087
counter/2/0/0/0,6417:1747647653992:,1747647663087
counter/1/0/0/0,7329:1747647655445:,1747647663088
counter/1/0/0/0,7330:1747647655476:,1747647663088
counter/3/0/0/0,6957:1747647654622:,1747647663088
counter/1/0/0/0,7331:1747647655476:,1747647663088
counter/3/0/0/0,6958:1747647654622:,1747647663088
counter/1/0/0/0,7332:1747647655476:,1747647663088
counter/3/0/0/0,6959:1747647654622:,1747647663088
counter/1/0/0/0,7333:1747647655476:,1747647663088
counter/3/0/0/0,6960:1747647654622:,1747647663088
counter/1/0/0/0,7334:1747647655476:,1747647663088
counter/3/0/0/0,6961:1747647654622:,1747647663088
counter/3/0/0/0,6962:1747647654622:,1747647663088
counter/3/0/0/0,6963:1747647654622:,1747647663088
counter/3/0/0/0,6964:1747647654622:,1747647663089
counter/3/0/0/0,6965:1747647654622:,1747647663089
counter/3/0/0/0,6966:1747647654622:,1747647663089
counter/3/0/0/0,6967:1747647654622:,1747647663089
counter/3/0/0/0,6968:1747647654622:,1747647663089
counter/3/0/0/0,6969:1747647654622:,1747647663089
counter/8/0/0/0,7004:1747647654502:,1747647663089
counter/3/0/0/0,6970:1747647654622:,1747647663089
counter/3/0/0/0,6971:1747647654622:,1747647663089
counter/3/0/0/0,6972:1747647654622:,1747647663089
counter/4/0/0/0,6944:1747647655572:,1747647663089
counter/4/0/0/0,6945:1747647655572:,1747647663089
counter/4/0/0/0,6946:1747647655572:,1747647663089
counter/6/0/0/0,5929:1747647654435:,1747647663089
counter/1/0/0/0,7335:1747647655496:,1747647663089
counter/10/0/0/0,6233:1747647654225:,1747647663089
counter/2/0/0/0,6418:1747647653992:,1747647663089
counter/2/0/0/0,6419:1747647653992:,1747647663089
counter/2/0/0/0,6420:1747647653992:,1747647663089
counter/2/0/0/0,6421:1747647653992:,1747647663089
counter/2/0/0/0,6422:1747647653992:,1747647663089
counter/2/0/0/0,6423:1747647653992:,1747647663089
counter/8/0/0/0,7005:1747647654502:,1747647663089
counter/8/0/0/0,7006:1747647654502:,1747647663091
counter/4/0/0/0,6947:1747647655572:,1747647663092
counter/6/0/0/0,5930:1747647654435:,1747647663092
counter/6/0/0/0,5931:1747647654435:,1747647663093
counter/1/0/0/0,7336:1747647655496:,1747647663093
counter/6/0/0/0,5932:1747647654435:,1747647663093
counter/6/0/0/0,5933:1747647654435:,1747647663093
counter/5/0/0/0,6773:1747647654573:,1747647663093
counter/5/0/0/0,6774:1747647654573:,1747647663093
counter/5/0/0/0,6775:1747647654573:,1747647663093
counter/5/0/0/0,6776:1747647654573:,1747647663093
counter/5/0/0/0,6777:1747647654573:,1747647663093
counter/5/0/0/0,6778:1747647654573:,1747647663093
counter/5/0/0/0,6779:1747647654573:,1747647663093
counter/8/0/0/0,7007:1747647654502:,1747647663094
counter/8/0/0/0,7008:1747647654503:,1747647663094
counter/2/0/0/0,6424:1747647653992:,1747647663094
counter/8/0/0/0,7009:1747647654503:,1747647663094
counter/8/0/0/0,7010:1747647654503:,1747647663094
counter/2/0/0/0,6425:1747647653992:,1747647663094
counter/2/0/0/0,6426:1747647653999:,1747647663094
counter/2/0/0/0,6427:1747647653999:,1747647663094
counter/2/0/0/0,6428:1747647653999:,1747647663094
counter/2/0/0/0,6429:1747647653999:,1747647663094
counter/2/0/0/0,6430:1747647653999:,1747647663094
counter/6/0/0/0,5934:1747647654436:,1747647663094
counter/6/0/0/0,5935:1747647654436:,1747647663094
counter/6/0/0/0,5936:1747647654436:,1747647663095
counter/6/0/0/0,5937:1747647654436:,1747647663095
counter/6/0/0/0,5938:1747647654436:,1747647663095
counter/6/0/0/0,5939:1747647654436:,1747647663095
counter/4/0/0/0,6948:1747647655572:,1747647663095
counter/4/0/0/0,6949:1747647655572:,1747647663095
counter/9/0/0/0,7085:1747647655096:,1747647663095
counter/8/0/0/0,7011:1747647654503:,1747647663095
counter/5/0/0/0,6780:1747647654574:,1747647663095
counter/5/0/0/0,6781:1747647654574:,1747647663095
counter/4/0/0/0,6950:1747647655572:,1747647663095
counter/5/0/0/0,6782:1747647654574:,1747647663096
counter/2/0/0/0,6431:1747647653999:,1747647663097
counter/2/0/0/0,6432:1747647653999:,1747647663097
counter/2/0/0/0,6433:1747647653999:,1747647663097
counter/2/0/0/0,6434:1747647653999:,1747647663097
counter/2/0/0/0,6435:1747647653999:,1747647663098
counter/2/0/0/0,6436:1747647653999:,1747647663098
counter/2/0/0/0,6437:1747647654000:,1747647663098
counter/4/0/0/0,6951:1747647655572:,1747647663098
counter/2/0/0/0,6438:1747647654000:,1747647663098
counter/6/0/0/0,5940:1747647654436:,1747647663098
counter/2/0/0/0,6439:1747647654000:,1747647663098
counter/6/0/0/0,5941:1747647654436:,1747647663098
counter/6/0/0/0,5942:1747647654436:,1747647663098
counter/6/0/0/0,5943:1747647654436:,1747647663098
counter/6/0/0/0,5944:1747647654436:,1747647663098
counter/9/0/0/0,7086:1747647655096:,1747647663098
counter/3/0/0/0,6973:1747647654622:,1747647663098
counter/5/0/0/0,6783:1747647654574:,1747647663098
counter/8/0/0/0,7012:1747647654503:,1747647663098
counter/8/0/0/0,7013:1747647654506:,1747647663099
counter/8/0/0/0,7014:1747647654506:,1747647663099
counter/8/0/0/0,7015:1747647654506:,1747647663099
counter/7/0/0/0,6316:1747647654530:,1747647663099
counter/8/0/0/0,7016:1747647654512:,1747647663099
counter/7/0/0/0,6317:1747647654530:,1747647663099
counter/8/0/0/0,7017:1747647654512:,1747647663099
counter/7/0/0/0,6318:1747647654530:,1747647663099
counter/7/0/0/0,6319:1747647654530:,1747647663099
counter/9/0/0/0,7087:1747647655096:,1747647663099
counter/6/0/0/0,5945:1747647654436:,1747647663099
counter/1/0/0/0,7337:1747647655496:,1747647663099
counter/1/0/0/0,7338:1747647655496:,1747647663099
counter/1/0/0/0,7339:1747647655496:,1747647663100
counter/1/0/0/0,7340:1747647655496:,1747647663100
counter/10/0/0/0,6234:1747647654225:,1747647663100
counter/2/0/0/0,6440:1747647654000:,1747647663100
counter/8/0/0/0,7018:1747647654512:,1747647663100
counter/3/0/0/0,6974:1747647654622:,1747647663100
counter/10/0/0/0,6235:1747647654225:,1747647663100
counter/7/0/0/0,6320:1747647654530:,1747647663100
counter/7/0/0/0,6321:1747647654531:,1747647663100
counter/9/0/0/0,7088:1747647655096:,1747647663100
counter/5/0/0/0,6784:1747647654574:,1747647663100
counter/1/0/0/0,7341:1747647655496:,1747647663104
counter/2/0/0/0,6441:1747647654000:,1747647663105
counter/2/0/0/0,6442:1747647654000:,1747647663105
counter/6/0/0/0,5946:1747647654436:,1747647663105
counter/2/0/0/0,6443:1747647654000:,1747647663105
counter/2/0/0/0,6444:1747647654000:,1747647663105
counter/2/0/0/0,6445:1747647654000:,1747647663105
counter/2/0/0/0,6446:1747647654000:,1747647663105
counter/2/0/0/0,6447:1747647654000:,1747647663105
counter/2/0/0/0,6448:1747647654000:,1747647663105
counter/2/0/0/0,6449:1747647654000:,1747647663105
counter/2/0/0/0,6450:1747647654000:,1747647663105
counter/7/0/0/0,6322:1747647654531:,1747647663105
counter/8/0/0/0,7019:1747647654512:,1747647663106
counter/4/0/0/0,6952:1747647655572:,1747647663106
counter/7/0/0/0,6323:1747647654531:,1747647663106
counter/6/0/0/0,5947:1747647654436:,1747647663106
counter/9/0/0/0,7089:1747647655096:,1747647663107
counter/5/0/0/0,6785:1747647654575:,1747647663107
counter/5/0/0/0,6786:1747647654578:,1747647663107
counter/5/0/0/0,6787:1747647654578:,1747647663107
counter/8/0/0/0,7020:1747647654512:,1747647663108
counter/8/0/0/0,7021:1747647654512:,1747647663108
counter/4/0/0/0,6953:1747647655572:,1747647663108
counter/4/0/0/0,6954:1747647655572:,1747647663108
counter/1/0/0/0,7342:1747647655497:,1747647663108
counter/2/0/0/0,6451:1747647654000:,1747647663108
counter/1/0/0/0,7343:1747647655505:,1747647663108
counter/1/0/0/0,7344:1747647655505:,1747647663108
counter/9/0/0/0,7090:1747647655096:,1747647663110
counter/4/0/0/0,6955:1747647655572:,1747647663110
counter/1/0/0/0,7345:1747647655505:,1747647663110
counter/4/0/0/0,6956:1747647655572:,1747647663110
counter/1/0/0/0,7346:1747647655505:,1747647663110
counter/4/0/0/0,6957:1747647655572:,1747647663110
counter/1/0/0/0,7347:1747647655505:,1747647663110
counter/4/0/0/0,6958:1747647655572:,1747647663110
counter/1/0/0/0,7348:1747647655505:,1747647663110
counter/4/0/0/0,6959:1747647655572:,1747647663110
counter/1/0/0/0,7349:1747647655505:,1747647663110
counter/4/0/0/0,6960:1747647655580:,1747647663110
counter/1/0/0/0,7350:1747647655505:,1747647663110
counter/4/0/0/0,6961:1747647655584:,1747647663110
counter/4/0/0/0,6962:1747647655584:,1747647663110
counter/4/0/0/0,6963:1747647655584:,1747647663111
counter/4/0/0/0,6964:1747647655584:,1747647663111
counter/4/0/0/0,6965:1747647655584:,1747647663111
counter/4/0/0/0,6966:1747647655584:,1747647663111
counter/4/0/0/0,6967:1747647655584:,1747647663111
counter/7/0/0/0,6324:1747647654531:,1747647663111
counter/7/0/0/0,6325:1747647654531:,1747647663111
counter/7/0/0/0,6326:1747647654531:,1747647663111
counter/7/0/0/0,6327:1747647654531:,1747647663111
counter/7/0/0/0,6328:1747647654531:,1747647663111
counter/7/0/0/0,6329:1747647654531:,1747647663111
counter/7/0/0/0,6330:1747647654531:,1747647663111
counter/7/0/0/0,6331:1747647654531:,1747647663111
counter/1/0/0/0,7351:1747647655513:,1747647663111
counter/1/0/0/0,7352:1747647655513:,1747647663112
counter/1/0/0/0,7353:1747647655513:,1747647663112
counter/1/0/0/0,7354:1747647655513:,1747647663112
counter/1/0/0/0,7355:1747647655514:,1747647663112
counter/1/0/0/0,7356:1747647655514:,1747647663112
counter/3/0/0/0,6975:1747647654622:,1747647663112
counter/3/0/0/0,6976:1747647654622:,1747647663112
counter/3/0/0/0,6977:1747647654622:,1747647663112
counter/3/0/0/0,6978:1747647654623:,1747647663112
counter/10/0/0/0,6236:1747647654225:,1747647663112
counter/10/0/0/0,6237:1747647654225:,1747647663112
counter/10/0/0/0,6238:1747647654225:,1747647663112
counter/10/0/0/0,6239:1747647654225:,1747647663112
counter/9/0/0/0,7091:1747647655096:,1747647663112
counter/9/0/0/0,7092:1747647655096:,1747647663112
counter/1/0/0/0,7357:1747647655514:,1747647663112
counter/1/0/0/0,7358:1747647655514:,1747647663112
counter/5/0/0/0,6788:1747647654578:,1747647663112
counter/7/0/0/0,6332:1747647654531:,1747647663113
counter/5/0/0/0,6789:1747647654578:,1747647663113
counter/3/0/0/0,6979:1747647654623:,1747647663113
counter/3/0/0/0,6980:1747647654623:,1747647663113
counter/3/0/0/0,6981:1747647654623:,1747647663113
counter/6/0/0/0,5948:1747647654436:,1747647663114
counter/5/0/0/0,6790:1747647654578:,1747647663114
counter/3/0/0/0,6982:1747647654623:,1747647663114
counter/3/0/0/0,6983:1747647654623:,1747647663114
counter/3/0/0/0,6984:1747647654623:,1747647663114
counter/8/0/0/0,7022:1747647654512:,1747647663114
counter/8/0/0/0,7023:1747647654513:,1747647663114
counter/8/0/0/0,7024:1747647654513:,1747647663114
counter/8/0/0/0,7025:1747647654513:,1747647663114
counter/8/0/0/0,7026:1747647654513:,1747647663114
counter/8/0/0/0,7027:1747647654513:,1747647663114
counter/8/0/0/0,7028:1747647654513:,1747647663114
counter/8/0/0/0,7029:1747647654514:,1747647663114
counter/8/0/0/0,7030:1747647654514:,1747647663114
counter/8/0/0/0,7031:1747647654514:,1747647663114
counter/9/0/0/0,7093:1747647655096:,1747647663114
counter/7/0/0/0,6333:1747647654531:,1747647663114
counter/4/0/0/0,6968:1747647655584:,1747647663115
counter/7/0/0/0,6334:1747647654531:,1747647663116
counter/2/0/0/0,6452:1747647654000:,1747647663118
counter/10/0/0/0,6240:1747647654225:,1747647663119
counter/8/0/0/0,7032:1747647654514:,1747647663119
counter/9/0/0/0,7094:1747647655096:,1747647663119
counter/3/0/0/0,6985:1747647654623:,1747647663119
counter/3/0/0/0,6986:1747647654623:,1747647663119
counter/3/0/0/0,6987:1747647654623:,1747647663120
counter/3/0/0/0,6988:1747647654623:,1747647663120
counter/3/0/0/0,6989:1747647654623:,1747647663120
counter/1/0/0/0,7359:1747647655514:,1747647663120
counter/8/0/0/0,7033:1747647654514:,1747647663120
counter/5/0/0/0,6791:1747647654578:,1747647663120
counter/5/0/0/0,6792:1747647654578:,1747647663120
counter/5/0/0/0,6793:1747647654594:,1747647663120
counter/5/0/0/0,6794:1747647654594:,1747647663120
counter/5/0/0/0,6795:1747647654594:,1747647663120
counter/8/0/0/0,7034:1747647654514:,1747647663120
counter/8/0/0/0,7035:1747647654514:,1747647663121
counter/2/0/0/0,6453:1747647654000:,1747647663121
counter/10/0/0/0,6241:1747647654225:,1747647663121
counter/3/0/0/0,6990:1747647654623:,1747647663122
counter/2/0/0/0,6454:1747647654000:,1747647663122
counter/8/0/0/0,7036:1747647654514:,1747647663122
counter/8/0/0/0,7037:1747647654514:,1747647663122
counter/8/0/0/0,7038:1747647654514:,1747647663122
counter/4/0/0/0,6969:1747647655584:,1747647663122
counter/9/0/0/0,7095:1747647655105:,1747647663124
counter/3/0/0/0,6991:1747647654623:,1747647663125
counter/4/0/0/0,6970:1747647655584:,1747647663125
counter/1/0/0/0,7360:1747647655514:,1747647663125
counter/5/0/0/0,6796:1747647654594:,1747647663126
counter/5/0/0/0,6797:1747647654594:,1747647663126
counter/5/0/0/0,6798:1747647654594:,1747647663126
counter/5/0/0/0,6799:1747647654594:,1747647663126
counter/3/0/0/0,6992:1747647654623:,1747647663126
counter/3/0/0/0,6993:1747647654623:,1747647663126
counter/3/0/0/0,6994:1747647654623:,1747647663126
counter/3/0/0/0,6995:1747647654623:,1747647663126
counter/8/0/0/0,7039:1747647654514:,1747647663126
counter/8/0/0/0,7040:1747647654514:,1747647663126
counter/8/0/0/0,7041:1747647654514:,1747647663126
counter/8/0/0/0,7042:1747647654514:,1747647663127
counter/10/0/0/0,6242:1747647654225:,1747647663127
counter/10/0/0/0,6243:1747647654225:,1747647663127
counter/10/0/0/0,6244:1747647654225:,1747647663127
counter/3/0/0/0,6996:1747647654623:,1747647663130
counter/2/0/0/0,6455:1747647654000:,1747647663130
counter/10/0/0/0,6245:1747647654225:,1747647663130
counter/10/0/0/0,6246:1747647654231:,1747647663130
counter/10/0/0/0,6247:1747647654249:,1747647663130
counter/1/0/0/0,7361:1747647655515:,1747647663130
counter/1/0/0/0,7362:1747647655515:,1747647663130
counter/5/0/0/0,6800:1747647654594:,1747647663130
counter/9/0/0/0,7096:1747647655105:,1747647663130
counter/5/0/0/0,6801:1747647654594:,1747647663131
counter/9/0/0/0,7097:1747647655105:,1747647663131
counter/2/0/0/0,6456:1747647654000:,1747647663131
counter/2/0/0/0,6457:1747647654000:,1747647663132
counter/2/0/0/0,6458:1747647654000:,1747647663132
counter/2/0/0/0,6459:1747647654000:,1747647663132
counter/2/0/0/0,6460:1747647654000:,1747647663132
counter/2/0/0/0,6461:1747647654000:,1747647663132
counter/2/0/0/0,6462:1747647654000:,1747647663132
counter/2/0/0/0,6463:1747647654000:,1747647663132
counter/2/0/0/0,6464:1747647654000:,1747647663132
counter/2/0/0/0,6465:1747647654000:,1747647663132
counter/3/0/0/0,6997:1747647654623:,1747647663132
counter/4/0/0/0,6971:1747647655584:,1747647663132
counter/6/0/0/0,5949:1747647654436:,1747647663132
counter/4/0/0/0,6972:1747647655584:,1747647663132
counter/6/0/0/0,5950:1747647654436:,1747647663132
counter/7/0/0/0,6335:1747647654531:,1747647663133
counter/10/0/0/0,6248:1747647654250:,1747647663133
counter/6/0/0/0,5951:1747647654436:,1747647663134
counter/6/0/0/0,5952:1747647654436:,1747647663134
counter/1/0/0/0,7363:1747647655515:,1747647663134
counter/1/0/0/0,7364:1747647655515:,1747647663134
counter/1/0/0/0,7365:1747647655515:,1747647663134
counter/10/0/0/0,6249:1747647654250:,1747647663134
counter/5/0/0/0,6802:1747647654594:,1747647663135
counter/5/0/0/0,6803:1747647654594:,1747647663135
counter/5/0/0/0,6804:1747647654594:,1747647663135
counter/5/0/0/0,6805:1747647654594:,1747647663135
counter/5/0/0/0,6806:1747647654594:,1747647663135
counter/5/0/0/0,6807:1747647654594:,1747647663135
counter/5/0/0/0,6808:1747647654594:,1747647663135
counter/5/0/0/0,6809:1747647654594:,1747647663135
counter/5/0/0/0,6810:1747647654598:,1747647663135
counter/5/0/0/0,6811:1747647654599:,1747647663135
counter/5/0/0/0,6812:1747647654599:,1747647663135
counter/5/0/0/0,6813:1747647654599:,1747647663135
counter/4/0/0/0,6973:1747647655584:,1747647663135
counter/7/0/0/0,6336:1747647654531:,1747647663135
counter/4/0/0/0,6974:1747647655584:,1747647663135
counter/8/0/0/0,7043:1747647654514:,1747647663136
counter/8/0/0/0,7044:1747647654514:,1747647663136
counter/8/0/0/0,7045:1747647654514:,1747647663136
counter/8/0/0/0,7046:1747647654515:,1747647663137
counter/1/0/0/0,7366:1747647655521:,1747647663137
counter/8/0/0/0,7047:1747647654515:,1747647663137
counter/9/0/0/0,7098:1747647655105:,1747647663137
counter/9/0/0/0,7099:1747647655105:,1747647663137
counter/9/0/0/0,7100:1747647655105:,1747647663137
counter/9/0/0/0,7101:1747647655105:,1747647663137
counter/9/0/0/0,7102:1747647655105:,1747647663137
counter/9/0/0/0,7103:1747647655105:,1747647663137
counter/9/0/0/0,7104:1747647655105:,1747647663137
counter/9/0/0/0,7105:1747647655105:,1747647663137
counter/2/0/0/0,6466:1747647654000:,1747647663137
counter/5/0/0/0,6814:1747647654599:,1747647663137
counter/5/0/0/0,6815:1747647654599:,1747647663137
counter/5/0/0/0,6816:1747647654599:,1747647663137
counter/10/0/0/0,6250:1747647654250:,1747647663138
counter/10/0/0/0,6251:1747647654250:,1747647663138
counter/10/0/0/0,6252:1747647654250:,1747647663138
counter/10/0/0/0,6253:1747647654264:,1747647663138
counter/10/0/0/0,6254:1747647654264:,1747647663138
counter/2/0/0/0,6467:1747647654000:,1747647663138
counter/8/0/0/0,7048:1747647654515:,1747647663138
counter/8/0/0/0,7049:1747647654515:,1747647663139
counter/8/0/0/0,7050:1747647654515:,1747647663139
counter/9/0/0/0,7106:1747647655105:,1747647663140
counter/9/0/0/0,7107:1747647655118:,1747647663140
counter/9/0/0/0,7108:1747647655118:,1747647663140
counter/1/0/0/0,7367:1747647655540:,1747647663142
counter/2/0/0/0,6468:1747647654000:,1747647663142
counter/6/0/0/0,5953:1747647654436:,1747647663143
counter/7/0/0/0,6337:1747647654531:,1747647663143
counter/7/0/0/0,6338:1747647654531:,1747647663143
counter/10/0/0/0,6255:1747647654264:,1747647663143
counter/7/0/0/0,6339:1747647654531:,1747647663143
counter/7/0/0/0,6340:1747647654531:,1747647663143
counter/7/0/0/0,6341:1747647654531:,1747647663143
counter/7/0/0/0,6342:1747647654531:,1747647663143
counter/7/0/0/0,6343:1747647654544:,1747647663143
counter/1/0/0/0,7368:1747647655543:,1747647663143
counter/5/0/0/0,6817:1747647654599:,1747647663144
counter/5/0/0/0,6818:1747647654599:,1747647663144
counter/5/0/0/0,6819:1747647654599:,1747647663144
counter/9/0/0/0,7109:1747647655118:,1747647663144
counter/9/0/0/0,7110:1747647655118:,1747647663144
counter/9/0/0/0,7111:1747647655118:,1747647663144
counter/9/0/0/0,7112:1747647655123:,1747647663144
counter/9/0/0/0,7113:1747647655123:,1747647663144
counter/9/0/0/0,7114:1747647655123:,1747647663144
counter/7/0/0/0,6344:1747647654544:,1747647663144
counter/7/0/0/0,6345:1747647654545:,1747647663145
counter/7/0/0/0,6346:1747647654545:,1747647663146
counter/7/0/0/0,6347:1747647654545:,1747647663146
counter/1/0/0/0,7369:1747647655543:,1747647663146
counter/1/0/0/0,7370:1747647655543:,1747647663146
counter/1/0/0/0,7371:1747647655544:,1747647663146
counter/1/0/0/0,7372:1747647655544:,1747647663146
counter/3/0/0/0,6998:1747647654624:,1747647663146
counter/2/0/0/0,6469:1747647654000:,1747647663146
counter/8/0/0/0,7051:1747647654515:,1747647663146
counter/8/0/0/0,7052:1747647654515:,1747647663146
counter/6/0/0/0,5954:1747647654436:,1747647663147
counter/6/0/0/0,5955:1747647654436:,1747647663147
counter/6/0/0/0,5956:1747647654436:,1747647663147
counter/6/0/0/0,5957:1747647654436:,1747647663147
counter/6/0/0/0,5958:1747647654436:,1747647663147
counter/9/0/0/0,7115:1747647655123:,1747647663147
counter/9/0/0/0,7116:1747647655123:,1747647663148
counter/9/0/0/0,7117:1747647655123:,1747647663149
counter/7/0/0/0,6348:1747647654545:,1747647663151
counter/2/0/0/0,6470:1747647654000:,1747647663151
counter/8/0/0/0,7053:1747647654515:,1747647663151
counter/2/0/0/0,6471:1747647654000:,1747647663151
counter/7/0/0/0,6349:1747647654545:,1747647663151
counter/7/0/0/0,6350:1747647654546:,1747647663151
counter/5/0/0/0,6820:1747647654599:,1747647663151
counter/7/0/0/0,6351:1747647654546:,1747647663151
counter/5/0/0/0,6821:1747647654599:,1747647663151
counter/5/0/0/0,6822:1747647654599:,1747647663151
counter/5/0/0/0,6823:1747647654599:,1747647663151
counter/5/0/0/0,6824:1747647654599:,1747647663151
counter/5/0/0/0,6825:1747647654599:,1747647663151
counter/1/0/0/0,7373:1747647655552:,1747647663152
counter/1/0/0/0,7374:1747647655552:,1747647663152
counter/1/0/0/0,7375:1747647655552:,1747647663152
counter/1/0/0/0,7376:1747647655552:,1747647663152
counter/1/0/0/0,7377:1747647655552:,1747647663152
counter/1/0/0/0,7378:1747647655558:,1747647663152
counter/1/0/0/0,7379:1747647655561:,1747647663152
counter/1/0/0/0,7380:1747647655561:,1747647663152
counter/5/0/0/0,6826:1747647654600:,1747647663154
counter/5/0/0/0,6827:1747647654600:,1747647663155
counter/1/0/0/0,7381:1747647655561:,1747647663155
counter/3/0/0/0,6999:1747647654624:,1747647663156
counter/2/0/0/0,6472:1747647654000:,1747647663156
counter/5/0/0/0,6828:1747647654600:,1747647663156
counter/4/0/0/0,6975:1747647655584:,1747647663156
counter/5/0/0/0,6829:1747647654600:,1747647663157
counter/5/0/0/0,6830:1747647654600:,1747647663157
counter/5/0/0/0,6831:1747647654600:,1747647663157
counter/5/0/0/0,6832:1747647654602:,1747647663157
counter/5/0/0/0,6833:1747647654603:,1747647663157
counter/5/0/0/0,6834:1747647654603:,1747647663157
counter/5/0/0/0,6835:1747647654603:,1747647663157
counter/5/0/0/0,6836:1747647654608:,1747647663157
counter/5/0/0/0,6837:1747647654608:,1747647663157
counter/5/0/0/0,6838:1747647654608:,1747647663157
counter/5/0/0/0,6839:1747647654608:,1747647663157
counter/5/0/0/0,6840:1747647654608:,1747647663157
counter/5/0/0/0,6841:1747647654608:,1747647663158
counter/5/0/0/0,6842:1747647654610:,1747647663158
counter/5/0/0/0,6843:1747647654610:,1747647663158
counter/9/0/0/0,7118:1747647655123:,1747647663158
counter/1/0/0/0,7382:1747647655561:,1747647663158
counter/8/0/0/0,7054:1747647654515:,1747647663158
counter/8/0/0/0,7055:1747647654515:,1747647663158
counter/8/0/0/0,7056:1747647654515:,1747647663158
counter/8/0/0/0,7057:1747647654515:,1747647663159
counter/5/0/0/0,6844:1747647654610:,1747647663159
counter/5/0/0/0,6845:1747647654610:,1747647663159
counter/5/0/0/0,6846:1747647654610:,1747647663159
counter/5/0/0/0,6847:1747647654610:,1747647663159
counter/5/0/0/0,6848:1747647654610:,1747647663159
counter/9/0/0/0,7119:1747647655123:,1747647663160
counter/5/0/0/0,6849:1747647654610:,1747647663160
counter/5/0/0/0,6850:1747647654610:,1747647663160
counter/5/0/0/0,6851:1747647654617:,1747647663160
counter/5/0/0/0,6852:1747647654617:,1747647663160
counter/5/0/0/0,6853:1747647654617:,1747647663160
counter/5/0/0/0,6854:1747647654618:,1747647663160
counter/5/0/0/0,6855:1747647654618:,1747647663160
counter/5/0/0/0,6856:1747647654618:,1747647663160
counter/5/0/0/0,6857:1747647654626:,1747647663160
counter/5/0/0/0,6858:1747647654640:,1747647663160
counter/10/0/0/0,6256:1747647654264:,1747647663160
counter/10/0/0/0,6257:1747647654264:,1747647663161
counter/10/0/0/0,6258:1747647654264:,1747647663161
counter/8/0/0/0,7058:1747647654515:,1747647663161
counter/9/0/0/0,7120:1747647655123:,1747647663161
counter/8/0/0/0,7059:1747647654515:,1747647663161
counter/1/0/0/0,7383:1747647655569:,1747647663161
counter/10/0/0/0,6259:1747647654269:,1747647663162
counter/2/0/0/0,6473:1747647654000:,1747647663162
counter/2/0/0/0,6474:1747647654000:,1747647663162
counter/3/0/0/0,7000:1747647654624:,1747647663162
counter/3/0/0/0,7001:1747647654624:,1747647663162
counter/1/0/0/0,7384:1747647655569:,1747647663163
counter/1/0/0/0,7385:1747647655569:,1747647663163
counter/1/0/0/0,7386:1747647655569:,1747647663163
counter/3/0/0/0,7002:1747647654624:,1747647663163
counter/9/0/0/0,7121:1747647655123:,1747647663164
counter/6/0/0/0,5959:1747647654436:,1747647663165
counter/2/0/0/0,6475:1747647654008:,1747647663165
counter/1/0/0/0,7387:1747647655569:,1747647663165
counter/1/0/0/0,7388:1747647655569:,1747647663165
counter/10/0/0/0,6260:1747647654269:,1747647663165
counter/1/0/0/0,7389:1747647655569:,1747647663165
counter/1/0/0/0,7390:1747647655569:,1747647663165
counter/7/0/0/0,6352:1747647654546:,1747647663165
counter/5/0/0/0,6859:1747647654640:,1747647663165
counter/7/0/0/0,6353:1747647654546:,1747647663165
counter/6/0/0/0,5960:1747647654436:,1747647663165
counter/7/0/0/0,6354:1747647654546:,1747647663166
counter/3/0/0/0,7003:1747647654624:,1747647663167
counter/3/0/0/0,7004:1747647654626:,1747647663167
counter/3/0/0/0,7005:1747647654627:,1747647663167
counter/3/0/0/0,7006:1747647654627:,1747647663167
counter/8/0/0/0,7060:1747647654515:,1747647663167
counter/7/0/0/0,6355:1747647654546:,1747647663167
counter/5/0/0/0,6860:1747647654641:,1747647663168
counter/4/0/0/0,6976:1747647655584:,1747647663169
counter/5/0/0/0,6861:1747647654641:,1747647663169
counter/7/0/0/0,6356:1747647654546:,1747647663169
counter/3/0/0/0,7007:1747647654627:,1747647663169
counter/3/0/0/0,7008:1747647654627:,1747647663169
counter/3/0/0/0,7009:1747647654627:,1747647663169
counter/3/0/0/0,7010:1747647654627:,1747647663169
counter/3/0/0/0,7011:1747647654627:,1747647663169
counter/3/0/0/0,7012:1747647654627:,1747647663169
counter/4/0/0/0,6977:1747647655584:,1747647663170
counter/9/0/0/0,7122:1747647655123:,1747647663170
counter/9/0/0/0,7123:1747647655125:,1747647663170
counter/9/0/0/0,7124:1747647655125:,1747647663170
counter/9/0/0/0,7125:1747647655125:,1747647663170
counter/9/0/0/0,7126:1747647655125:,1747647663170
counter/9/0/0/0,7127:1747647655125:,1747647663170
counter/9/0/0/0,7128:1747647655125:,1747647663170
counter/9/0/0/0,7129:1747647655125:,1747647663170
counter/9/0/0/0,7130:1747647655125:,1747647663170
counter/9/0/0/0,7131:1747647655125:,1747647663170
counter/9/0/0/0,7132:1747647655125:,1747647663170
counter/9/0/0/0,7133:1747647655125:,1747647663170
counter/9/0/0/0,7134:1747647655125:,1747647663170
counter/10/0/0/0,6261:1747647654270:,1747647663170
counter/10/0/0/0,6262:1747647654270:,1747647663170
counter/10/0/0/0,6263:1747647654270:,1747647663170
counter/10/0/0/0,6264:1747647654270:,1747647663170
counter/10/0/0/0,6265:1747647654270:,1747647663170
counter/10/0/0/0,6266:1747647654270:,1747647663170
counter/10/0/0/0,6267:1747647654270:,1747647663170
counter/10/0/0/0,6268:1747647654270:,1747647663170
counter/2/0/0/0,6476:1747647654008:,1747647663171
counter/5/0/0/0,6862:1747647654641:,1747647663172
counter/8/0/0/0,7061:1747647654515:,1747647663172
counter/5/0/0/0,6863:1747647654641:,1747647663172
counter/5/0/0/0,6864:1747647654641:,1747647663172
counter/5/0/0/0,6865:1747647654641:,1747647663172
counter/5/0/0/0,6866:1747647654641:,1747647663172
counter/2/0/0/0,6477:1747647654008:,1747647663172
counter/5/0/0/0,6867:1747647654641:,1747647663173
counter/5/0/0/0,6868:1747647654641:,1747647663173
counter/5/0/0/0,6869:1747647654641:,1747647663173
counter/5/0/0/0,6870:1747647654641:,1747647663173
counter/5/0/0/0,6871:1747647654641:,1747647663173
counter/3/0/0/0,7013:1747647654627:,1747647663173
counter/3/0/0/0,7014:1747647654628:,1747647663173
counter/3/0/0/0,7015:1747647654628:,1747647663173
counter/3/0/0/0,7016:1747647654628:,1747647663173
counter/3/0/0/0,7017:1747647654628:,1747647663173
counter/5/0/0/0,6872:1747647654641:,1747647663173
counter/3/0/0/0,7018:1747647654628:,1747647663173
counter/4/0/0/0,6978:1747647655584:,1747647663174
counter/3/0/0/0,7019:1747647654628:,1747647663174
counter/4/0/0/0,6979:1747647655584:,1747647663174
counter/1/0/0/0,7391:1747647655569:,1747647663174
counter/8/0/0/0,7062:1747647654515:,1747647663174
counter/7/0/0/0,6357:1747647654547:,1747647663174
counter/7/0/0/0,6358:1747647654547:,1747647663174
counter/7/0/0/0,6359:1747647654547:,1747647663174
counter/7/0/0/0,6360:1747647654547:,1747647663174
counter/10/0/0/0,6269:1747647654270:,1747647663174
counter/10/0/0/0,6270:1747647654270:,1747647663174
counter/10/0/0/0,6271:1747647654270:,1747647663174
counter/10/0/0/0,6272:1747647654270:,1747647663174
counter/10/0/0/0,6273:1747647654274:,1747647663174
counter/10/0/0/0,6274:1747647654274:,1747647663174
counter/4/0/0/0,6980:1747647655584:,1747647663174
counter/6/0/0/0,5961:1747647654436:,1747647663174
counter/9/0/0/0,7135:1747647655125:,1747647663174
counter/9/0/0/0,7136:1747647655125:,1747647663174
counter/5/0/0/0,6873:1747647654641:,1747647663174
counter/10/0/0/0,6275:1747647654274:,1747647663175
counter/10/0/0/0,6276:1747647654274:,1747647663175
counter/10/0/0/0,6277:1747647654275:,1747647663175
counter/10/0/0/0,6278:1747647654275:,1747647663175
counter/10/0/0/0,6279:1747647654275:,1747647663175
counter/10/0/0/0,6280:1747647654275:,1747647663175
counter/1/0/0/0,7392:1747647655569:,1747647663175
counter/5/0/0/0,6874:1747647654643:,1747647663176
counter/10/0/0/0,6281:1747647654275:,1747647663176
counter/10/0/0/0,6282:1747647654283:,1747647663176
counter/10/0/0/0,6283:1747647654283:,1747647663176
counter/10/0/0/0,6284:1747647654283:,1747647663176
counter/10/0/0/0,6285:1747647654283:,1747647663176
counter/10/0/0/0,6286:1747647654283:,1747647663176
counter/10/0/0/0,6287:1747647654283:,1747647663176
counter/10/0/0/0,6288:1747647654283:,1747647663176
counter/10/0/0/0,6289:1747647654287:,1747647663176
counter/10/0/0/0,6290:1747647654287:,1747647663176
counter/10/0/0/0,6291:1747647654287:,1747647663176
counter/10/0/0/0,6292:1747647654287:,1747647663176
counter/10/0/0/0,6293:1747647654287:,1747647663177
counter/10/0/0/0,6294:1747647654287:,1747647663177
counter/10/0/0/0,6295:1747647654287:,1747647663177
counter/10/0/0/0,6296:1747647654287:,1747647663177
counter/10/0/0/0,6297:1747647654287:,1747647663177
counter/1/0/0/0,7393:1747647655569:,1747647663177
counter/8/0/0/0,7063:1747647654515:,1747647663177
counter/8/0/0/0,7064:1747647654515:,1747647663178
counter/2/0/0/0,6478:1747647654008:,1747647663178
counter/4/0/0/0,6981:1747647655584:,1747647663178
counter/10/0/0/0,6298:1747647654287:,1747647663178
counter/2/0/0/0,6479:1747647654008:,1747647663179
counter/6/0/0/0,5962:1747647654436:,1747647663179
counter/6/0/0/0,5963:1747647654436:,1747647663179
counter/6/0/0/0,5964:1747647654436:,1747647663179
counter/4/0/0/0,6982:1747647655585:,1747647663179
counter/4/0/0/0,6983:1747647655594:,1747647663179
counter/4/0/0/0,6984:1747647655594:,1747647663179
counter/6/0/0/0,5965:1747647654436:,1747647663182
counter/6/0/0/0,5966:1747647654436:,1747647663182
counter/6/0/0/0,5967:1747647654436:,1747647663182
counter/9/0/0/0,7137:1747647655125:,1747647663182
counter/7/0/0/0,6361:1747647654547:,1747647663183
counter/8/0/0/0,7065:1747647654515:,1747647663183
counter/2/0/0/0,6480:1747647654008:,1747647663183
counter/8/0/0/0,7066:1747647654515:,1747647663183
counter/1/0/0/0,7394:1747647655569:,1747647663183
counter/1/0/0/0,7395:1747647655569:,1747647663183
counter/1/0/0/0,7396:1747647655569:,1747647663183
counter/1/0/0/0,7397:1747647655569:,1747647663184
counter/1/0/0/0,7398:1747647655582:,1747647663184
counter/1/0/0/0,7399:1747647655582:,1747647663184
counter/1/0/0/0,7400:1747647655582:,1747647663184
counter/1/0/0/0,7401:1747647655583:,1747647663184
counter/7/0/0/0,6362:1747647654547:,1747647663185
counter/6/0/0/0,5968:1747647654436:,1747647663185
counter/5/0/0/0,6875:1747647654643:,1747647663186
counter/5/0/0/0,6876:1747647654643:,1747647663187
counter/3/0/0/0,7020:1747647654628:,1747647663187
counter/5/0/0/0,6877:1747647654644:,1747647663187
counter/5/0/0/0,6878:1747647654644:,1747647663187
counter/5/0/0/0,6879:1747647654644:,1747647663187
counter/5/0/0/0,6880:1747647654644:,1747647663187
counter/8/0/0/0,7067:1747647654519:,1747647663187
counter/9/0/0/0,7138:1747647655125:,1747647663187
counter/10/0/0/0,6299:1747647654287:,1747647663187
counter/10/0/0/0,6300:1747647654287:,1747647663187
counter/4/0/0/0,6985:1747647655594:,1747647663187
counter/4/0/0/0,6986:1747647655594:,1747647663188
counter/4/0/0/0,6987:1747647655594:,1747647663188
counter/4/0/0/0,6988:1747647655594:,1747647663188
counter/4/0/0/0,6989:1747647655594:,1747647663188
counter/8/0/0/0,7068:1747647654519:,1747647663188
counter/10/0/0/0,6301:1747647654287:,1747647663188
counter/8/0/0/0,7069:1747647654519:,1747647663188
counter/7/0/0/0,6363:1747647654547:,1747647663188
counter/4/0/0/0,6990:1747647655594:,1747647663189
counter/8/0/0/0,7070:1747647654519:,1747647663189
counter/8/0/0/0,7071:1747647654519:,1747647663189
counter/9/0/0/0,7139:1747647655130:,1747647663189
counter/10/0/0/0,6302:1747647654287:,1747647663190
counter/10/0/0/0,6303:1747647654289:,1747647663190
counter/10/0/0/0,6304:1747647654289:,1747647663190
counter/4/0/0/0,6991:1747647655597:,1747647663190
counter/5/0/0/0,6881:1747647654644:,1747647663190
counter/7/0/0/0,6364:1747647654547:,1747647663191
counter/3/0/0/0,7021:1747647654628:,1747647663191
counter/4/0/0/0,6992:1747647655597:,1747647663192
counter/5/0/0/0,6882:1747647654644:,1747647663192
counter/4/0/0/0,6993:1747647655597:,1747647663192
counter/4/0/0/0,6994:1747647655597:,1747647663192
counter/4/0/0/0,6995:1747647655597:,1747647663192
counter/4/0/0/0,6996:1747647655597:,1747647663192
counter/7/0/0/0,6365:1747647654547:,1747647663192
counter/10/0/0/0,6305:1747647654289:,1747647663192
counter/8/0/0/0,7072:1747647654519:,1747647663193
counter/7/0/0/0,6366:1747647654547:,1747647663193
counter/9/0/0/0,7140:1747647655131:,1747647663193
counter/1/0/0/0,7402:1747647655583:,1747647663193
counter/8/0/0/0,7073:1747647654521:,1747647663194
counter/10/0/0/0,6306:1747647654289:,1747647663194
counter/10/0/0/0,6307:1747647654289:,1747647663194
counter/10/0/0/0,6308:1747647654289:,1747647663194
counter/10/0/0/0,6309:1747647654289:,1747647663194
counter/10/0/0/0,6310:1747647654289:,1747647663194
counter/10/0/0/0,6311:1747647654289:,1747647663194
counter/6/0/0/0,5969:1747647654437:,1747647663194
counter/6/0/0/0,5970:1747647654437:,1747647663194
counter/6/0/0/0,5971:1747647654437:,1747647663194
counter/6/0/0/0,5972:1747647654437:,1747647663195
counter/10/0/0/0,6312:1747647654289:,1747647663195
counter/6/0/0/0,5973:1747647654437:,1747647663195
counter/6/0/0/0,5974:1747647654450:,1747647663195
counter/6/0/0/0,5975:1747647654450:,1747647663195
counter/4/0/0/0,6997:1747647655597:,1747647663195
counter/8/0/0/0,7074:1747647654521:,1747647663196
counter/8/0/0/0,7075:1747647654521:,1747647663196
counter/7/0/0/0,6367:1747647654547:,1747647663196
counter/7/0/0/0,6368:1747647654553:,1747647663196
counter/1/0/0/0,7403:1747647655583:,1747647663197
counter/2/0/0/0,6481:1747647654008:,1747647663197
counter/10/0/0/0,6313:1747647654290:,1747647663198
counter/7/0/0/0,6369:1747647654553:,1747647663198
counter/3/0/0/0,7022:1747647654628:,1747647663200
counter/8/0/0/0,7076:1747647654521:,1747647663200
counter/2/0/0/0,6482:1747647654008:,1747647663200
counter/8/0/0/0,7077:1747647654521:,1747647663200
counter/8/0/0/0,7078:1747647654521:,1747647663200
counter/8/0/0/0,7079:1747647654521:,1747647663200
counter/8/0/0/0,7080:1747647654521:,1747647663200
counter/8/0/0/0,7081:1747647654521:,1747647663200
counter/7/0/0/0,6370:1747647654553:,1747647663200
counter/3/0/0/0,7023:1747647654629:,1747647663200
counter/3/0/0/0,7024:1747647654629:,1747647663200
counter/3/0/0/0,7025:1747647654629:,1747647663200
counter/3/0/0/0,7026:1747647654629:,1747647663200
counter/3/0/0/0,7027:1747647654629:,1747647663201
counter/3/0/0/0,7028:1747647654629:,1747647663201
counter/3/0/0/0,7029:1747647654629:,1747647663201
counter/7/0/0/0,6371:1747647654553:,1747647663201
counter/7/0/0/0,6372:1747647654553:,1747647663201
counter/7/0/0/0,6373:1747647654553:,1747647663201
counter/7/0/0/0,6374:1747647654553:,1747647663201
counter/7/0/0/0,6375:1747647654553:,1747647663201
counter/7/0/0/0,6376:1747647654553:,1747647663201
counter/7/0/0/0,6377:1747647654553:,1747647663201
counter/7/0/0/0,6378:1747647654553:,1747647663201
counter/10/0/0/0,6314:1747647654290:,1747647663201
counter/9/0/0/0,7141:1747647655131:,1747647663202
counter/1/0/0/0,7404:1747647655583:,1747647663203
counter/1/0/0/0,7405:1747647655583:,1747647663203
counter/1/0/0/0,7406:1747647655583:,1747647663203
counter/6/0/0/0,5976:1747647654450:,1747647663203
counter/6/0/0/0,5977:1747647654450:,1747647663203
counter/6/0/0/0,5978:1747647654450:,1747647663203
counter/6/0/0/0,5979:1747647654450:,1747647663203
counter/6/0/0/0,5980:1747647654450:,1747647663203
counter/6/0/0/0,5981:1747647654456:,1747647663203
counter/6/0/0/0,5982:1747647654456:,1747647663203
counter/6/0/0/0,5983:1747647654456:,1747647663203
counter/6/0/0/0,5984:1747647654456:,1747647663203
counter/6/0/0/0,5985:1747647654456:,1747647663203
counter/6/0/0/0,5986:1747647654456:,1747647663203
counter/6/0/0/0,5987:1747647654456:,1747647663203
counter/10/0/0/0,6315:1747647654290:,1747647663203
counter/10/0/0/0,6316:1747647654291:,1747647663203
counter/1/0/0/0,7407:1747647655583:,1747647663203
counter/9/0/0/0,7142:1747647655131:,1747647663204
counter/3/0/0/0,7030:1747647654629:,1747647663204
counter/9/0/0/0,7143:1747647655131:,1747647663204
counter/3/0/0/0,7031:1747647654655:,1747647663204
counter/3/0/0/0,7032:1747647654655:,1747647663204
counter/3/0/0/0,7033:1747647654655:,1747647663205
counter/3/0/0/0,7034:1747647654656:,1747647663205
counter/3/0/0/0,7035:1747647654656:,1747647663205
counter/3/0/0/0,7036:1747647654656:,1747647663205
counter/3/0/0/0,7037:1747647654656:,1747647663205
counter/3/0/0/0,7038:1747647654657:,1747647663205
counter/3/0/0/0,7039:1747647654657:,1747647663205
counter/3/0/0/0,7040:1747647654657:,1747647663205
counter/7/0/0/0,6379:1747647654553:,1747647663205
counter/7/0/0/0,6380:1747647654564:,1747647663205
counter/1/0/0/0,7408:1747647655583:,1747647663206
counter/1/0/0/0,7409:1747647655583:,1747647663206
counter/3/0/0/0,7041:1747647654657:,1747647663206
counter/7/0/0/0,6381:1747647654564:,1747647663208
counter/7/0/0/0,6382:1747647654564:,1747647663208
counter/7/0/0/0,6383:1747647654564:,1747647663208
counter/7/0/0/0,6384:1747647654564:,1747647663208
counter/7/0/0/0,6385:1747647654564:,1747647663208
counter/7/0/0/0,6386:1747647654564:,1747647663208
counter/6/0/0/0,5988:1747647654456:,1747647663208
counter/7/0/0/0,6387:1747647654564:,1747647663208
counter/4/0/0/0,6998:1747647655599:,1747647663208
counter/7/0/0/0,6388:1747647654565:,1747647663208
counter/7/0/0/0,6389:1747647654566:,1747647663208
counter/3/0/0/0,7042:1747647654657:,1747647663208
counter/1/0/0/0,7410:1747647655585:,1747647663209
counter/1/0/0/0,7411:1747647655588:,1747647663209
counter/7/0/0/0,6390:1747647654566:,1747647663209
counter/7/0/0/0,6391:1747647654566:,1747647663209
counter/6/0/0/0,5989:1747647654456:,1747647663209
counter/10/0/0/0,6317:1747647654291:,1747647663209
counter/10/0/0/0,6318:1747647654291:,1747647663209
counter/10/0/0/0,6319:1747647654291:,1747647663209
counter/1/0/0/0,7412:1747647655588:,1747647663209
counter/1/0/0/0,7413:1747647655588:,1747647663209
counter/1/0/0/0,7414:1747647655588:,1747647663210
counter/1/0/0/0,7415:1747647655588:,1747647663210
counter/1/0/0/0,7416:1747647655588:,1747647663210
counter/1/0/0/0,7417:1747647655588:,1747647663210
counter/1/0/0/0,7418:1747647655588:,1747647663210
counter/1/0/0/0,7419:1747647655588:,1747647663210
counter/6/0/0/0,5990:1747647654456:,1747647663211
counter/6/0/0/0,5991:1747647654456:,1747647663211
counter/6/0/0/0,5992:1747647654456:,1747647663211
counter/6/0/0/0,5993:1747647654460:,1747647663211
counter/6/0/0/0,5994:1747647654460:,1747647663211
counter/10/0/0/0,6320:1747647654291:,1747647663211
counter/4/0/0/0,6999:1747647655599:,1747647663213
counter/4/0/0/0,7000:1747647655599:,1747647663213
counter/5/0/0/0,6883:1747647654644:,1747647663213
counter/7/0/0/0,6392:1747647654566:,1747647663213
counter/6/0/0/0,5995:1747647654460:,1747647663215
counter/8/0/0/0,7082:1747647654527:,1747647663215
counter/8/0/0/0,7083:1747647654531:,1747647663215
counter/10/0/0/0,6321:1747647654291:,1747647663215
counter/4/0/0/0,7001:1747647655599:,1747647663215
counter/4/0/0/0,7002:1747647655599:,1747647663215
counter/4/0/0/0,7003:1747647655599:,1747647663215
counter/4/0/0/0,7004:1747647655599:,1747647663215
counter/4/0/0/0,7005:1747647655599:,1747647663216
counter/4/0/0/0,7006:1747647655599:,1747647663216
counter/4/0/0/0,7007:1747647655599:,1747647663216
counter/8/0/0/0,7084:1747647654531:,1747647663216
counter/4/0/0/0,7008:1747647655599:,1747647663216
counter/8/0/0/0,7085:1747647654531:,1747647663216
counter/9/0/0/0,7144:1747647655131:,1747647663216
counter/8/0/0/0,7086:1747647654532:,1747647663216
counter/8/0/0/0,7087:1747647654532:,1747647663216
counter/8/0/0/0,7088:1747647654532:,1747647663217
counter/8/0/0/0,7089:1747647654532:,1747647663217
counter/5/0/0/0,6884:1747647654644:,1747647663217
counter/4/0/0/0,7009:1747647655601:,1747647663217
counter/5/0/0/0,6885:1747647654644:,1747647663218
counter/7/0/0/0,6393:1747647654570:,1747647663218
counter/2/0/0/0,6483:1747647654008:,1747647663218
counter/7/0/0/0,6394:1747647654570:,1747647663218
counter/7/0/0/0,6395:1747647654570:,1747647663218
counter/7/0/0/0,6396:1747647654570:,1747647663218
counter/7/0/0/0,6397:1747647654570:,1747647663218
counter/7/0/0/0,6398:1747647654571:,1747647663218
counter/7/0/0/0,6399:1747647654571:,1747647663218
counter/7/0/0/0,6400:1747647654571:,1747647663218
counter/8/0/0/0,7090:1747647654532:,1747647663218
counter/8/0/0/0,7091:1747647654532:,1747647663218
counter/8/0/0/0,7092:1747647654532:,1747647663219
counter/8/0/0/0,7093:1747647654532:,1747647663219
counter/3/0/0/0,7043:1747647654657:,1747647663219
counter/8/0/0/0,7094:1747647654532:,1747647663219
counter/8/0/0/0,7095:1747647654532:,1747647663219
counter/8/0/0/0,7096:1747647654532:,1747647663219
counter/8/0/0/0,7097:1747647654532:,1747647663219
counter/8/0/0/0,7098:1747647654532:,1747647663219
counter/8/0/0/0,7099:1747647654532:,1747647663219
counter/1/0/0/0,7420:1747647655588:,1747647663220
counter/7/0/0/0,6401:1747647654571:,1747647663220
counter/1/0/0/0,7421:1747647655588:,1747647663220
counter/5/0/0/0,6886:1747647654644:,1747647663220
counter/1/0/0/0,7422:1747647655600:,1747647663220
counter/8/0/0/0,7100:1747647654532:,1747647663220
counter/1/0/0/0,7423:1747647655604:,1747647663220
counter/8/0/0/0,7101:1747647654532:,1747647663220
counter/1/0/0/0,7424:1747647655606:,1747647663220
counter/8/0/0/0,7102:1747647654532:,1747647663220
counter/1/0/0/0,7425:1747647655606:,1747647663220
counter/8/0/0/0,7103:1747647654532:,1747647663220
counter/8/0/0/0,7104:1747647654532:,1747647663220
counter/8/0/0/0,7105:1747647654533:,1747647663220
counter/8/0/0/0,7106:1747647654533:,1747647663221
counter/8/0/0/0,7107:1747647654533:,1747647663221
counter/8/0/0/0,7108:1747647654533:,1747647663221
counter/8/0/0/0,7109:1747647654533:,1747647663221
counter/7/0/0/0,6402:1747647654571:,1747647663221
counter/7/0/0/0,6403:1747647654571:,1747647663221
counter/1/0/0/0,7426:1747647655606:,1747647663221
counter/7/0/0/0,6404:1747647654571:,1747647663222
counter/1/0/0/0,7427:1747647655606:,1747647663222
counter/7/0/0/0,6405:1747647654571:,1747647663222
counter/1/0/0/0,7428:1747647655606:,1747647663222
counter/3/0/0/0,7044:1747647654657:,1747647663222
counter/7/0/0/0,6406:1747647654571:,1747647663222
counter/1/0/0/0,7429:1747647655606:,1747647663222
counter/7/0/0/0,6407:1747647654571:,1747647663222
counter/1/0/0/0,7430:1747647655606:,1747647663222
counter/7/0/0/0,6408:1747647654571:,1747647663222
counter/1/0/0/0,7431:1747647655606:,1747647663222
counter/1/0/0/0,7432:1747647655606:,1747647663222
counter/3/0/0/0,7045:1747647654657:,1747647663224
counter/3/0/0/0,7046:1747647654657:,1747647663224
counter/7/0/0/0,6409:1747647654571:,1747647663224
counter/3/0/0/0,7047:1747647654657:,1747647663224
counter/7/0/0/0,6410:1747647654571:,1747647663224
counter/3/0/0/0,7048:1747647654657:,1747647663224
counter/3/0/0/0,7049:1747647654657:,1747647663224
counter/7/0/0/0,6411:1747647654571:,1747647663224
counter/7/0/0/0,6412:1747647654571:,1747647663224
counter/7/0/0/0,6413:1747647654571:,1747647663224
counter/7/0/0/0,6414:1747647654571:,1747647663224
counter/7/0/0/0,6415:1747647654571:,1747647663224
counter/7/0/0/0,6416:1747647654571:,1747647663224
counter/5/0/0/0,6887:1747647654644:,1747647663224
counter/1/0/0/0,7433:1747647655607:,1747647663224
counter/1/0/0/0,7434:1747647655607:,1747647663225
counter/3/0/0/0,7050:1747647654658:,1747647663226
counter/8/0/0/0,7110:1747647654533:,1747647663226
counter/4/0/0/0,7010:1747647655601:,1747647663226
counter/4/0/0/0,7011:1747647655601:,1747647663226
counter/4/0/0/0,7012:1747647655601:,1747647663226
counter/4/0/0/0,7013:1747647655601:,1747647663226
counter/4/0/0/0,7014:1747647655601:,1747647663226
counter/4/0/0/0,7015:1747647655601:,1747647663227
counter/4/0/0/0,7016:1747647655601:,1747647663227
counter/4/0/0/0,7017:1747647655601:,1747647663227
counter/4/0/0/0,7018:1747647655601:,1747647663227
counter/4/0/0/0,7019:1747647655601:,1747647663227
counter/10/0/0/0,6322:1747647654291:,1747647663227
counter/4/0/0/0,7020:1747647655601:,1747647663227
counter/10/0/0/0,6323:1747647654298:,1747647663227
counter/10/0/0/0,6324:1747647654298:,1747647663227
counter/10/0/0/0,6325:1747647654298:,1747647663227
counter/10/0/0/0,6326:1747647654298:,1747647663227
counter/10/0/0/0,6327:1747647654298:,1747647663227
counter/10/0/0/0,6328:1747647654298:,1747647663227
counter/8/0/0/0,7111:1747647654533:,1747647663227
counter/8/0/0/0,7112:1747647654533:,1747647663227
counter/8/0/0/0,7113:1747647654533:,1747647663227
counter/8/0/0/0,7114:1747647654533:,1747647663227
counter/8/0/0/0,7115:1747647654533:,1747647663227
counter/8/0/0/0,7116:1747647654533:,1747647663227
counter/8/0/0/0,7117:1747647654534:,1747647663228
counter/8/0/0/0,7118:1747647654534:,1747647663228
counter/8/0/0/0,7119:1747647654535:,1747647663228
counter/8/0/0/0,7120:1747647654535:,1747647663228
counter/8/0/0/0,7121:1747647654535:,1747647663228
counter/7/0/0/0,6417:1747647654574:,1747647663228
counter/7/0/0/0,6418:1747647654584:,1747647663228
counter/7/0/0/0,6419:1747647654584:,1747647663228
counter/7/0/0/0,6420:1747647654584:,1747647663228
counter/7/0/0/0,6421:1747647654584:,1747647663228
counter/7/0/0/0,6422:1747647654584:,1747647663228
counter/7/0/0/0,6423:1747647654584:,1747647663228
counter/7/0/0/0,6424:1747647654584:,1747647663228
counter/7/0/0/0,6425:1747647654584:,1747647663228
counter/7/0/0/0,6426:1747647654584:,1747647663228
counter/1/0/0/0,7435:1747647655607:,1747647663228
counter/9/0/0/0,7145:1747647655131:,1747647663229
counter/8/0/0/0,7122:1747647654535:,1747647663230
counter/8/0/0/0,7123:1747647654535:,1747647663230
counter/8/0/0/0,7124:1747647654535:,1747647663230
counter/8/0/0/0,7125:1747647654535:,1747647663230
counter/2/0/0/0,6484:1747647654008:,1747647663230
counter/8/0/0/0,7126:1747647654535:,1747647663230
counter/3/0/0/0,7051:1747647654659:,1747647663230
counter/10/0/0/0,6329:1747647654302:,1747647663231
counter/9/0/0/0,7146:1747647655131:,1747647663231
counter/5/0/0/0,6888:1747647654645:,1747647663231
counter/7/0/0/0,6427:1747647654584:,1747647663231
counter/7/0/0/0,6428:1747647654584:,1747647663233
counter/7/0/0/0,6429:1747647654585:,1747647663233
counter/7/0/0/0,6430:1747647654585:,1747647663233
counter/7/0/0/0,6431:1747647654588:,1747647663233
counter/7/0/0/0,6432:1747647654588:,1747647663233
counter/8/0/0/0,7127:1747647654535:,1747647663233
counter/3/0/0/0,7052:1747647654669:,1747647663233
counter/3/0/0/0,7053:1747647654669:,1747647663233
counter/3/0/0/0,7054:1747647654669:,1747647663233
counter/3/0/0/0,7055:1747647654669:,1747647663233
counter/3/0/0/0,7056:1747647654669:,1747647663233
counter/3/0/0/0,7057:1747647654669:,1747647663233
counter/5/0/0/0,6889:1747647654646:,1747647663234
counter/10/0/0/0,6330:1747647654303:,1747647663235
counter/10/0/0/0,6331:1747647654303:,1747647663235
counter/10/0/0/0,6332:1747647654303:,1747647663235
counter/9/0/0/0,7147:1747647655132:,1747647663235
counter/10/0/0/0,6333:1747647654303:,1747647663235
counter/7/0/0/0,6433:1747647654588:,1747647663235
counter/7/0/0/0,6434:1747647654595:,1747647663235
counter/7/0/0/0,6435:1747647654595:,1747647663235
counter/7/0/0/0,6436:1747647654595:,1747647663235
counter/7/0/0/0,6437:1747647654596:,1747647663235
counter/1/0/0/0,7436:1747647655607:,1747647663236
counter/4/0/0/0,7021:1747647655601:,1747647663236
counter/4/0/0/0,7022:1747647655602:,1747647663236
counter/8/0/0/0,7128:1747647654535:,1747647663236
counter/4/0/0/0,7023:1747647655602:,1747647663236
counter/8/0/0/0,7129:1747647654535:,1747647663236
counter/8/0/0/0,7130:1747647654535:,1747647663236
counter/8/0/0/0,7131:1747647654535:,1747647663236
counter/8/0/0/0,7132:1747647654535:,1747647663236
counter/8/0/0/0,7133:1747647654535:,1747647663236
counter/8/0/0/0,7134:1747647654535:,1747647663236
counter/1/0/0/0,7437:1747647655607:,1747647663237
counter/7/0/0/0,6438:1747647654596:,1747647663237
counter/4/0/0/0,7024:1747647655602:,1747647663239
counter/4/0/0/0,7025:1747647655602:,1747647663240
counter/4/0/0/0,7026:1747647655602:,1747647663240
counter/4/0/0/0,7027:1747647655602:,1747647663240
counter/4/0/0/0,7028:1747647655602:,1747647663240
counter/4/0/0/0,7029:1747647655602:,1747647663240
counter/4/0/0/0,7030:1747647655602:,1747647663240
counter/4/0/0/0,7031:1747647655602:,1747647663240
counter/4/0/0/0,7032:1747647655602:,1747647663240
counter/4/0/0/0,7033:1747647655602:,1747647663240
counter/4/0/0/0,7034:1747647655602:,1747647663240
counter/4/0/0/0,7035:1747647655602:,1747647663240
counter/4/0/0/0,7036:1747647655602:,1747647663240
counter/6/0/0/0,5996:1747647654460:,1747647663241
counter/1/0/0/0,7438:1747647655607:,1747647663242
counter/5/0/0/0,6890:1747647654646:,1747647663242
counter/5/0/0/0,6891:1747647654646:,1747647663242
counter/5/0/0/0,6892:1747647654646:,1747647663242
counter/5/0/0/0,6893:1747647654653:,1747647663242
counter/5/0/0/0,6894:1747647654654:,1747647663242
counter/5/0/0/0,6895:1747647654654:,1747647663242
counter/3/0/0/0,7058:1747647654669:,1747647663242
counter/3/0/0/0,7059:1747647654669:,1747647663242
counter/3/0/0/0,7060:1747647654669:,1747647663242
counter/3/0/0/0,7061:1747647654669:,1747647663242
counter/3/0/0/0,7062:1747647654669:,1747647663242
counter/3/0/0/0,7063:1747647654669:,1747647663242
counter/3/0/0/0,7064:1747647654683:,1747647663243
counter/3/0/0/0,7065:1747647654684:,1747647663243
counter/3/0/0/0,7066:1747647654684:,1747647663243
counter/3/0/0/0,7067:1747647654684:,1747647663243
counter/3/0/0/0,7068:1747647654684:,1747647663243
counter/3/0/0/0,7069:1747647654684:,1747647663243
counter/7/0/0/0,6439:1747647654596:,1747647663243
counter/3/0/0/0,7070:1747647654684:,1747647663243
counter/3/0/0/0,7071:1747647654684:,1747647663243
counter/3/0/0/0,7072:1747647654684:,1747647663243
counter/8/0/0/0,7135:1747647654535:,1747647663244
counter/10/0/0/0,6334:1747647654303:,1747647663244
counter/10/0/0/0,6335:1747647654303:,1747647663244
counter/10/0/0/0,6336:1747647654305:,1747647663244
counter/10/0/0/0,6337:1747647654305:,1747647663244
counter/10/0/0/0,6338:1747647654305:,1747647663244
counter/10/0/0/0,6339:1747647654305:,1747647663244
counter/10/0/0/0,6340:1747647654305:,1747647663244
counter/10/0/0/0,6341:1747647654305:,1747647663244
counter/8/0/0/0,7136:1747647654535:,1747647663245
counter/5/0/0/0,6896:1747647654654:,1747647663246
counter/9/0/0/0,7148:1747647655133:,1747647663246
counter/8/0/0/0,7137:1747647654536:,1747647663246
counter/3/0/0/0,7073:1747647654684:,1747647663246
counter/5/0/0/0,6897:1747647654654:,1747647663246
counter/4/0/0/0,7037:1747647655602:,1747647663246
counter/3/0/0/0,7074:1747647654685:,1747647663246
counter/3/0/0/0,7075:1747647654685:,1747647663246
counter/3/0/0/0,7076:1747647654686:,1747647663247
counter/10/0/0/0,6342:1747647654305:,1747647663248
counter/7/0/0/0,6440:1747647654596:,1747647663248
counter/9/0/0/0,7149:1747647655133:,1747647663248
counter/9/0/0/0,7150:1747647655133:,1747647663248
counter/9/0/0/0,7151:1747647655133:,1747647663248
counter/5/0/0/0,6898:1747647654654:,1747647663248
counter/9/0/0/0,7152:1747647655133:,1747647663248
counter/6/0/0/0,5997:1747647654461:,1747647663248
counter/6/0/0/0,5998:1747647654461:,1747647663248
counter/4/0/0/0,7038:1747647655602:,1747647663249
counter/4/0/0/0,7039:1747647655602:,1747647663249
counter/4/0/0/0,7040:1747647655602:,1747647663249
counter/4/0/0/0,7041:1747647655602:,1747647663249
counter/4/0/0/0,7042:1747647655602:,1747647663249
counter/4/0/0/0,7043:1747647655602:,1747647663249
counter/8/0/0/0,7138:1747647654538:,1747647663252
counter/8/0/0/0,7139:1747647654538:,1747647663252
counter/8/0/0/0,7140:1747647654538:,1747647663253
counter/9/0/0/0,7153:1747647655133:,1747647663253
counter/8/0/0/0,7141:1747647654538:,1747647663253
counter/9/0/0/0,7154:1747647655133:,1747647663253
counter/4/0/0/0,7044:1747647655610:,1747647663253
counter/8/0/0/0,7142:1747647654538:,1747647663253
counter/7/0/0/0,6441:1747647654596:,1747647663254
counter/7/0/0/0,6442:1747647654596:,1747647663254
counter/7/0/0/0,6443:1747647654596:,1747647663254
counter/7/0/0/0,6444:1747647654596:,1747647663254
counter/7/0/0/0,6445:1747647654604:,1747647663254
counter/7/0/0/0,6446:1747647654604:,1747647663254
counter/5/0/0/0,6899:1747647654654:,1747647663255
counter/4/0/0/0,7045:1747647655610:,1747647663255
counter/5/0/0/0,6900:1747647654665:,1747647663256
counter/4/0/0/0,7046:1747647655610:,1747647663256
counter/4/0/0/0,7047:1747647655610:,1747647663256
counter/4/0/0/0,7048:1747647655622:,1747647663257
counter/4/0/0/0,7049:1747647655631:,1747647663257
counter/4/0/0/0,7050:1747647655631:,1747647663257
counter/4/0/0/0,7051:1747647655631:,1747647663257
counter/4/0/0/0,7052:1747647655631:,1747647663257
counter/4/0/0/0,7053:1747647655631:,1747647663257
counter/4/0/0/0,7054:1747647655632:,1747647663257
counter/4/0/0/0,7055:1747647655632:,1747647663257
counter/4/0/0/0,7056:1747647655633:,1747647663257
counter/1/0/0/0,7439:1747647655607:,1747647663257
counter/8/0/0/0,7143:1747647654538:,1747647663257
counter/1/0/0/0,7440:1747647655607:,1747647663257
counter/8/0/0/0,7144:1747647654538:,1747647663257
counter/5/0/0/0,6901:1747647654665:,1747647663257
counter/9/0/0/0,7155:1747647655133:,1747647663257
counter/6/0/0/0,5999:1747647654461:,1747647663257
counter/8/0/0/0,7145:1747647654538:,1747647663258
counter/5/0/0/0,6902:1747647654665:,1747647663258
counter/9/0/0/0,7156:1747647655133:,1747647663258
counter/3/0/0/0,7077:1747647654686:,1747647663260
counter/3/0/0/0,7078:1747647654686:,1747647663260
counter/1/0/0/0,7441:1747647655607:,1747647663263
counter/6/0/0/0,6000:1747647654461:,1747647663264
counter/8/0/0/0,7146:1747647654538:,1747647663264
counter/7/0/0/0,6447:1747647654604:,1747647663264
counter/7/0/0/0,6448:1747647654604:,1747647663264
counter/7/0/0/0,6449:1747647654604:,1747647663265
counter/1/0/0/0,7442:1747647655607:,1747647663265
counter/1/0/0/0,7443:1747647655607:,1747647663265
counter/3/0/0/0,7079:1747647654686:,1747647663265
counter/3/0/0/0,7080:1747647654686:,1747647663265
counter/3/0/0/0,7081:1747647654686:,1747647663265
counter/3/0/0/0,7082:1747647654686:,1747647663265
counter/5/0/0/0,6903:1747647654665:,1747647663265
counter/4/0/0/0,7057:1747647655633:,1747647663265
counter/9/0/0/0,7157:1747647655133:,1747647663265
counter/5/0/0/0,6904:1747647654665:,1747647663266
counter/4/0/0/0,7058:1747647655633:,1747647663266
counter/9/0/0/0,7158:1747647655133:,1747647663266
counter/1/0/0/0,7444:1747647655607:,1747647663267
counter/5/0/0/0,6905:1747647654665:,1747647663267
counter/9/0/0/0,7159:1747647655133:,1747647663268
counter/7/0/0/0,6450:1747647654604:,1747647663268
counter/7/0/0/0,6451:1747647654604:,1747647663268
counter/7/0/0/0,6452:1747647654604:,1747647663268
counter/7/0/0/0,6453:1747647654604:,1747647663268
counter/7/0/0/0,6454:1747647654604:,1747647663268
counter/7/0/0/0,6455:1747647654604:,1747647663268
counter/10/0/0/0,6343:1747647654305:,1747647663268
counter/1/0/0/0,7445:1747647655607:,1747647663268
counter/1/0/0/0,7446:1747647655607:,1747647663268
counter/9/0/0/0,7160:1747647655134:,1747647663268
counter/2/0/0/0,6485:1747647654008:,1747647663268
counter/6/0/0/0,6001:1747647654461:,1747647663269
counter/6/0/0/0,6002:1747647654461:,1747647663269
counter/6/0/0/0,6003:1747647654461:,1747647663269
counter/6/0/0/0,6004:1747647654461:,1747647663269
counter/6/0/0/0,6005:1747647654461:,1747647663269
counter/6/0/0/0,6006:1747647654461:,1747647663269
counter/10/0/0/0,6344:1747647654316:,1747647663270
counter/10/0/0/0,6345:1747647654316:,1747647663271
counter/10/0/0/0,6346:1747647654316:,1747647663271
counter/5/0/0/0,6906:1747647654665:,1747647663271
counter/2/0/0/0,6486:1747647654008:,1747647663271
counter/3/0/0/0,7083:1747647654686:,1747647663272
counter/10/0/0/0,6347:1747647654316:,1747647663273
counter/6/0/0/0,6007:1747647654475:,1747647663273
counter/9/0/0/0,7161:1747647655134:,1747647663273
counter/9/0/0/0,7162:1747647655134:,1747647663273
counter/9/0/0/0,7163:1747647655139:,1747647663273
counter/9/0/0/0,7164:1747647655139:,1747647663274
counter/9/0/0/0,7165:1747647655139:,1747647663274
counter/9/0/0/0,7166:1747647655139:,1747647663274
counter/9/0/0/0,7167:1747647655139:,1747647663274
counter/9/0/0/0,7168:1747647655139:,1747647663274
counter/9/0/0/0,7169:1747647655151:,1747647663274
counter/1/0/0/0,7447:1747647655607:,1747647663274
counter/8/0/0/0,7147:1747647654538:,1747647663274
counter/7/0/0/0,6456:1747647654604:,1747647663274
counter/7/0/0/0,6457:1747647654604:,1747647663274
counter/7/0/0/0,6458:1747647654605:,1747647663274
counter/7/0/0/0,6459:1747647654605:,1747647663274
counter/7/0/0/0,6460:1747647654605:,1747647663274
counter/7/0/0/0,6461:1747647654605:,1747647663274
counter/7/0/0/0,6462:1747647654605:,1747647663274
counter/7/0/0/0,6463:1747647654605:,1747647663274
counter/7/0/0/0,6464:1747647654605:,1747647663274
counter/7/0/0/0,6465:1747647654605:,1747647663274
counter/9/0/0/0,7170:1747647655151:,1747647663274
counter/5/0/0/0,6907:1747647654665:,1747647663274
counter/1/0/0/0,7448:1747647655607:,1747647663274
counter/9/0/0/0,7171:1747647655151:,1747647663275
counter/7/0/0/0,6466:1747647654605:,1747647663275
counter/10/0/0/0,6348:1747647654321:,1747647663276
counter/10/0/0/0,6349:1747647654321:,1747647663276
counter/10/0/0/0,6350:1747647654321:,1747647663276
counter/10/0/0/0,6351:1747647654321:,1747647663276
counter/10/0/0/0,6352:1747647654321:,1747647663276
counter/10/0/0/0,6353:1747647654321:,1747647663276
counter/3/0/0/0,7084:1747647654686:,1747647663278
counter/8/0/0/0,7148:1747647654538:,1747647663278
counter/6/0/0/0,6008:1747647654475:,1747647663279
counter/6/0/0/0,6009:1747647654475:,1747647663279
counter/6/0/0/0,6010:1747647654475:,1747647663279
counter/4/0/0/0,7059:1747647655633:,1747647663281
counter/2/0/0/0,6487:1747647654008:,1747647663281
counter/4/0/0/0,7060:1747647655635:,1747647663281
counter/4/0/0/0,7061:1747647655635:,1747647663281
counter/4/0/0/0,7062:1747647655635:,1747647663281
counter/6/0/0/0,6011:1747647654475:,1747647663283
counter/6/0/0/0,6012:1747647654475:,1747647663283
counter/2/0/0/0,6488:1747647654008:,1747647663283
counter/3/0/0/0,7085:1747647654686:,1747647663283
counter/7/0/0/0,6467:1747647654605:,1747647663283
counter/7/0/0/0,6468:1747647654605:,1747647663283
counter/7/0/0/0,6469:1747647654605:,1747647663283
counter/7/0/0/0,6470:1747647654605:,1747647663283
counter/9/0/0/0,7172:1747647655151:,1747647663284
counter/10/0/0/0,6354:1747647654321:,1747647663284
counter/10/0/0/0,6355:1747647654321:,1747647663284
counter/7/0/0/0,6471:1747647654613:,1747647663284
counter/7/0/0/0,6472:1747647654613:,1747647663285
counter/9/0/0/0,7173:1747647655180:,1747647663285
counter/9/0/0/0,7174:1747647655180:,1747647663285
counter/9/0/0/0,7175:1747647655180:,1747647663285
counter/9/0/0/0,7176:1747647655180:,1747647663285
counter/9/0/0/0,7177:1747647655180:,1747647663285
counter/10/0/0/0,6356:1747647654321:,1747647663285
counter/10/0/0/0,6357:1747647654325:,1747647663285
counter/3/0/0/0,7086:1747647654686:,1747647663285
counter/3/0/0/0,7087:1747647654687:,1747647663285
counter/6/0/0/0,6013:1747647654475:,1747647663286
counter/5/0/0/0,6908:1747647654665:,1747647663286
counter/6/0/0/0,6014:1747647654475:,1747647663286
counter/7/0/0/0,6473:1747647654613:,1747647663286
counter/8/0/0/0,7149:1747647654538:,1747647663286
counter/4/0/0/0,7063:1747647655636:,1747647663287
counter/3/0/0/0,7088:1747647654687:,1747647663287
counter/3/0/0/0,7089:1747647654687:,1747647663287
counter/3/0/0/0,7090:1747647654687:,1747647663288
counter/3/0/0/0,7091:1747647654687:,1747647663288
counter/3/0/0/0,7092:1747647654687:,1747647663288
counter/6/0/0/0,6015:1747647654476:,1747647663288
counter/7/0/0/0,6474:1747647654613:,1747647663288
counter/6/0/0/0,6016:1747647654477:,1747647663288
counter/6/0/0/0,6017:1747647654477:,1747647663288
counter/6/0/0/0,6018:1747647654480:,1747647663288
counter/9/0/0/0,7178:1747647655181:,1747647663288
counter/10/0/0/0,6358:1747647654325:,1747647663288
counter/10/0/0/0,6359:1747647654325:,1747647663288
counter/2/0/0/0,6489:1747647654008:,1747647663288
counter/8/0/0/0,7150:1747647654538:,1747647663288
counter/2/0/0/0,6490:1747647654008:,1747647663288
counter/2/0/0/0,6491:1747647654009:,1747647663289
counter/2/0/0/0,6492:1747647654009:,1747647663289
counter/2/0/0/0,6493:1747647654009:,1747647663289
counter/3/0/0/0,7093:1747647654688:,1747647663289
counter/3/0/0/0,7094:1747647654688:,1747647663289
counter/6/0/0/0,6019:1747647654480:,1747647663289
counter/6/0/0/0,6020:1747647654480:,1747647663289
counter/6/0/0/0,6021:1747647654484:,1747647663291
counter/6/0/0/0,6022:1747647654484:,1747647663291
counter/6/0/0/0,6023:1747647654484:,1747647663291
counter/6/0/0/0,6024:1747647654484:,1747647663291
counter/6/0/0/0,6025:1747647654484:,1747647663291
counter/6/0/0/0,6026:1747647654487:,1747647663291
counter/6/0/0/0,6027:1747647654488:,1747647663291
counter/6/0/0/0,6028:1747647654488:,1747647663291
counter/1/0/0/0,7449:1747647655607:,1747647663291
counter/1/0/0/0,7450:1747647655607:,1747647663291
counter/6/0/0/0,6029:1747647654488:,1747647663292
counter/7/0/0/0,6475:1747647654613:,1747647663292
counter/10/0/0/0,6360:1747647654325:,1747647663292
counter/10/0/0/0,6361:1747647654325:,1747647663292
counter/10/0/0/0,6362:1747647654325:,1747647663292
counter/10/0/0/0,6363:1747647654327:,1747647663292
counter/10/0/0/0,6364:1747647654327:,1747647663292
counter/10/0/0/0,6365:1747647654328:,1747647663292
counter/10/0/0/0,6366:1747647654328:,1747647663292
counter/10/0/0/0,6367:1747647654328:,1747647663292
counter/10/0/0/0,6368:1747647654329:,1747647663292
counter/10/0/0/0,6369:1747647654329:,1747647663292
counter/9/0/0/0,7179:1747647655181:,1747647663292
counter/1/0/0/0,7451:1747647655607:,1747647663292
counter/7/0/0/0,6476:1747647654613:,1747647663292
counter/6/0/0/0,6030:1747647654488:,1747647663293
counter/10/0/0/0,6370:1747647654329:,1747647663293
counter/10/0/0/0,6371:1747647654329:,1747647663293
counter/10/0/0/0,6372:1747647654330:,1747647663293
counter/4/0/0/0,7064:1747647655637:,1747647663293
counter/8/0/0/0,7151:1747647654539:,1747647663293
counter/5/0/0/0,6909:1747647654670:,1747647663293
counter/5/0/0/0,6910:1747647654670:,1747647663293
counter/5/0/0/0,6911:1747647654670:,1747647663293
counter/9/0/0/0,7180:1747647655181:,1747647663293
counter/1/0/0/0,7452:1747647655607:,1747647663293
counter/1/0/0/0,7453:1747647655608:,1747647663293
counter/1/0/0/0,7454:1747647655608:,1747647663293
counter/1/0/0/0,7455:1747647655608:,1747647663293
counter/10/0/0/0,6373:1747647654330:,1747647663294
counter/10/0/0/0,6374:1747647654330:,1747647663294
counter/10/0/0/0,6375:1747647654330:,1747647663294
counter/10/0/0/0,6376:1747647654330:,1747647663294
counter/3/0/0/0,7095:1747647654688:,1747647663294
counter/3/0/0/0,7096:1747647654688:,1747647663294
counter/3/0/0/0,7097:1747647654688:,1747647663294
counter/3/0/0/0,7098:1747647654708:,1747647663294
counter/3/0/0/0,7099:1747647654708:,1747647663294
counter/3/0/0/0,7100:1747647654708:,1747647663294
counter/3/0/0/0,7101:1747647654708:,1747647663294
counter/3/0/0/0,7102:1747647654708:,1747647663294
counter/2/0/0/0,6494:1747647654009:,1747647663294
counter/2/0/0/0,6495:1747647654009:,1747647663294
counter/2/0/0/0,6496:1747647654009:,1747647663295
counter/2/0/0/0,6497:1747647654009:,1747647663295
counter/6/0/0/0,6031:1747647654488:,1747647663295
counter/8/0/0/0,7152:1747647654539:,1747647663295
counter/8/0/0/0,7153:1747647654539:,1747647663295
counter/9/0/0/0,7181:1747647655181:,1747647663295
counter/1/0/0/0,7456:1747647655608:,1747647663295
counter/1/0/0/0,7457:1747647655608:,1747647663295
counter/5/0/0/0,6912:1747647654670:,1747647663295
counter/5/0/0/0,6913:1747647654670:,1747647663295
counter/5/0/0/0,6914:1747647654673:,1747647663295
counter/5/0/0/0,6915:1747647654673:,1747647663295
counter/5/0/0/0,6916:1747647654673:,1747647663295
counter/4/0/0/0,7065:1747647655637:,1747647663296
counter/4/0/0/0,7066:1747647655637:,1747647663296
counter/4/0/0/0,7067:1747647655637:,1747647663296
counter/8/0/0/0,7154:1747647654539:,1747647663296
counter/8/0/0/0,7155:1747647654539:,1747647663296
counter/8/0/0/0,7156:1747647654539:,1747647663297
counter/3/0/0/0,7103:1747647654708:,1747647663297
counter/9/0/0/0,7182:1747647655181:,1747647663298
counter/9/0/0/0,7183:1747647655181:,1747647663298
counter/9/0/0/0,7184:1747647655181:,1747647663298
counter/9/0/0/0,7185:1747647655181:,1747647663298
counter/9/0/0/0,7186:1747647655181:,1747647663298
counter/9/0/0/0,7187:1747647655181:,1747647663298
counter/9/0/0/0,7188:1747647655181:,1747647663298
counter/3/0/0/0,7104:1747647654708:,1747647663298
counter/3/0/0/0,7105:1747647654708:,1747647663298
counter/3/0/0/0,7106:1747647654708:,1747647663298
counter/3/0/0/0,7107:1747647654708:,1747647663298
counter/7/0/0/0,6477:1747647654613:,1747647663298
counter/2/0/0/0,6498:1747647654009:,1747647663299
counter/10/0/0/0,6377:1747647654330:,1747647663299
counter/3/0/0/0,7108:1747647654708:,1747647663300
counter/3/0/0/0,7109:1747647654708:,1747647663300
counter/3/0/0/0,7110:1747647654708:,1747647663300
counter/3/0/0/0,7111:1747647654712:,1747647663300
counter/3/0/0/0,7112:1747647654713:,1747647663300
counter/3/0/0/0,7113:1747647654713:,1747647663300
counter/3/0/0/0,7114:1747647654713:,1747647663300
counter/3/0/0/0,7115:1747647654713:,1747647663301
counter/3/0/0/0,7116:1747647654714:,1747647663301
counter/3/0/0/0,7117:1747647654714:,1747647663301
counter/3/0/0/0,7118:1747647654714:,1747647663301
counter/3/0/0/0,7119:1747647654714:,1747647663301
counter/5/0/0/0,6917:1747647654673:,1747647663301
counter/1/0/0/0,7458:1747647655608:,1747647663301
counter/10/0/0/0,6378:1747647654330:,1747647663301
counter/10/0/0/0,6379:1747647654330:,1747647663301
counter/10/0/0/0,6380:1747647654330:,1747647663301
counter/10/0/0/0,6381:1747647654330:,1747647663301
counter/10/0/0/0,6382:1747647654330:,1747647663301
counter/10/0/0/0,6383:1747647654330:,1747647663301
counter/10/0/0/0,6384:1747647654330:,1747647663301
counter/10/0/0/0,6385:1747647654332:,1747647663301
counter/8/0/0/0,7157:1747647654539:,1747647663301
counter/2/0/0/0,6499:1747647654009:,1747647663302
counter/4/0/0/0,7068:1747647655637:,1747647663303
counter/4/0/0/0,7069:1747647655637:,1747647663303
counter/4/0/0/0,7070:1747647655637:,1747647663303
counter/4/0/0/0,7071:1747647655637:,1747647663303
counter/4/0/0/0,7072:1747647655637:,1747647663303
counter/4/0/0/0,7073:1747647655637:,1747647663303
counter/4/0/0/0,7074:1747647655637:,1747647663303
counter/8/0/0/0,7158:1747647654539:,1747647663303
counter/4/0/0/0,7075:1747647655637:,1747647663303
counter/9/0/0/0,7189:1747647655181:,1747647663303
counter/6/0/0/0,6032:1747647654488:,1747647663304
counter/1/0/0/0,7459:1747647655608:,1747647663304
counter/1/0/0/0,7460:1747647655608:,1747647663304
counter/1/0/0/0,7461:1747647655608:,1747647663304
counter/6/0/0/0,6033:1747647654488:,1747647663305
counter/5/0/0/0,6918:1747647654673:,1747647663305
counter/1/0/0/0,7462:1747647655612:,1747647663306
counter/1/0/0/0,7463:1747647655612:,1747647663306
counter/1/0/0/0,7464:1747647655612:,1747647663306
counter/1/0/0/0,7465:1747647655612:,1747647663306
counter/1/0/0/0,7466:1747647655612:,1747647663306
counter/2/0/0/0,6500:1747647654009:,1747647663306
counter/2/0/0/0,6501:1747647654009:,1747647663306
counter/2/0/0/0,6502:1747647654009:,1747647663306
counter/2/0/0/0,6503:1747647654009:,1747647663306
counter/2/0/0/0,6504:1747647654009:,1747647663306
counter/3/0/0/0,7120:1747647654714:,1747647663306
counter/10/0/0/0,6386:1747647654332:,1747647663306
counter/10/0/0/0,6387:1747647654332:,1747647663306
counter/10/0/0/0,6388:1747647654332:,1747647663306
counter/10/0/0/0,6389:1747647654332:,1747647663306
counter/7/0/0/0,6478:1747647654613:,1747647663307
counter/7/0/0/0,6479:1747647654637:,1747647663307
counter/9/0/0/0,7190:1747647655181:,1747647663307
counter/5/0/0/0,6919:1747647654674:,1747647663307
counter/6/0/0/0,6034:1747647654488:,1747647663307
counter/10/0/0/0,6390:1747647654332:,1747647663308
counter/3/0/0/0,7121:1747647654714:,1747647663308
counter/10/0/0/0,6391:1747647654332:,1747647663308
counter/10/0/0/0,6392:1747647654332:,1747647663308
counter/10/0/0/0,6393:1747647654332:,1747647663308
counter/9/0/0/0,7191:1747647655181:,1747647663309
counter/1/0/0/0,7467:1747647655612:,1747647663309
counter/1/0/0/0,7468:1747647655612:,1747647663309
counter/1/0/0/0,7469:1747647655612:,1747647663309
counter/1/0/0/0,7470:1747647655612:,1747647663309
counter/1/0/0/0,7471:1747647655613:,1747647663309
counter/1/0/0/0,7472:1747647655613:,1747647663309
counter/1/0/0/0,7473:1747647655613:,1747647663310
counter/9/0/0/0,7192:1747647655181:,1747647663310
counter/9/0/0/0,7193:1747647655181:,1747647663310
counter/9/0/0/0,7194:1747647655181:,1747647663310
counter/9/0/0/0,7195:1747647655181:,1747647663310
counter/9/0/0/0,7196:1747647655181:,1747647663310
counter/9/0/0/0,7197:1747647655181:,1747647663310
counter/9/0/0/0,7198:1747647655181:,1747647663310
counter/9/0/0/0,7199:1747647655181:,1747647663310
counter/9/0/0/0,7200:1747647655181:,1747647663310
counter/9/0/0/0,7201:1747647655181:,1747647663310
counter/9/0/0/0,7202:1747647655181:,1747647663310
counter/9/0/0/0,7203:1747647655181:,1747647663310
counter/9/0/0/0,7204:1747647655181:,1747647663310
counter/9/0/0/0,7205:1747647655181:,1747647663310
counter/1/0/0/0,7474:1747647655613:,1747647663310
counter/1/0/0/0,7475:1747647655613:,1747647663311
counter/1/0/0/0,7476:1747647655613:,1747647663311
counter/1/0/0/0,7477:1747647655613:,1747647663311
counter/1/0/0/0,7478:1747647655613:,1747647663311
counter/1/0/0/0,7479:1747647655613:,1747647663311
counter/1/0/0/0,7480:1747647655613:,1747647663311
counter/1/0/0/0,7481:1747647655613:,1747647663311
counter/1/0/0/0,7482:1747647655615:,1747647663311
counter/1/0/0/0,7483:1747647655615:,1747647663311
counter/3/0/0/0,7122:1747647654714:,1747647663311
counter/2/0/0/0,6505:1747647654009:,1747647663311
counter/5/0/0/0,6920:1747647654674:,1747647663311
counter/2/0/0/0,6506:1747647654009:,1747647663311
counter/10/0/0/0,6394:1747647654353:,1747647663311
counter/10/0/0/0,6395:1747647654353:,1747647663311
counter/10/0/0/0,6396:1747647654353:,1747647663311
counter/10/0/0/0,6397:1747647654353:,1747647663311
counter/10/0/0/0,6398:1747647654353:,1747647663311
counter/10/0/0/0,6399:1747647654353:,1747647663311
counter/10/0/0/0,6400:1747647654353:,1747647663311
counter/10/0/0/0,6401:1747647654353:,1747647663311
counter/10/0/0/0,6402:1747647654354:,1747647663311
counter/10/0/0/0,6403:1747647654355:,1747647663311
counter/3/0/0/0,7123:1747647654715:,1747647663312
counter/1/0/0/0,7484:1747647655615:,1747647663313
counter/1/0/0/0,7485:1747647655615:,1747647663313
counter/9/0/0/0,7206:1747647655182:,1747647663313
counter/1/0/0/0,7486:1747647655615:,1747647663313
counter/1/0/0/0,7487:1747647655615:,1747647663313
counter/1/0/0/0,7488:1747647655615:,1747647663313
counter/5/0/0/0,6921:1747647654674:,1747647663314
counter/8/0/0/0,7159:1747647654539:,1747647663314
counter/1/0/0/0,7489:1747647655615:,1747647663314
counter/1/0/0/0,7490:1747647655615:,1747647663314
counter/10/0/0/0,6404:1747647654355:,1747647663314
counter/10/0/0/0,6405:1747647654355:,1747647663314
counter/10/0/0/0,6406:1747647654355:,1747647663314
counter/1/0/0/0,7491:1747647655615:,1747647663315
counter/1/0/0/0,7492:1747647655615:,1747647663315
counter/1/0/0/0,7493:1747647655615:,1747647663315
counter/1/0/0/0,7494:1747647655619:,1747647663315
counter/1/0/0/0,7495:1747647655619:,1747647663315
counter/1/0/0/0,7496:1747647655619:,1747647663315
counter/1/0/0/0,7497:1747647655619:,1747647663315
counter/1/0/0/0,7498:1747647655619:,1747647663315
counter/1/0/0/0,7499:1747647655619:,1747647663315
counter/1/0/0/0,7500:1747647655619:,1747647663315
counter/1/0/0/0,7501:1747647655619:,1747647663315
counter/1/0/0/0,7502:1747647655619:,1747647663315
counter/1/0/0/0,7503:1747647655620:,1747647663315
counter/1/0/0/0,7504:1747647655626:,1747647663315
counter/8/0/0/0,7160:1747647654539:,1747647663316
counter/10/0/0/0,6407:1747647654355:,1747647663316
counter/10/0/0/0,6408:1747647654356:,1747647663316
counter/10/0/0/0,6409:1747647654356:,1747647663316
counter/10/0/0/0,6410:1747647654356:,1747647663316
counter/1/0/0/0,7505:1747647655626:,1747647663316
counter/1/0/0/0,7506:1747647655626:,1747647663316
counter/1/0/0/0,7507:1747647655626:,1747647663316
counter/1/0/0/0,7508:1747647655626:,1747647663316
counter/1/0/0/0,7509:1747647655626:,1747647663316
counter/1/0/0/0,7510:1747647655626:,1747647663316
counter/1/0/0/0,7511:1747647655626:,1747647663316
counter/1/0/0/0,7512:1747647655626:,1747647663316
counter/1/0/0/0,7513:1747647655626:,1747647663316
counter/1/0/0/0,7514:1747647655626:,1747647663316
counter/1/0/0/0,7515:1747647655626:,1747647663316
counter/1/0/0/0,7516:1747647655626:,1747647663316
counter/3/0/0/0,7124:1747647654715:,1747647663317
counter/9/0/0/0,7207:1747647655182:,1747647663317
counter/5/0/0/0,6922:1747647654674:,1747647663317
counter/5/0/0/0,6923:1747647654674:,1747647663317
counter/5/0/0/0,6924:1747647654674:,1747647663317
counter/5/0/0/0,6925:1747647654679:,1747647663317
counter/5/0/0/0,6926:1747647654679:,1747647663317
counter/5/0/0/0,6927:1747647654679:,1747647663317
counter/5/0/0/0,6928:1747647654679:,1747647663317
counter/5/0/0/0,6929:1747647654679:,1747647663317
counter/5/0/0/0,6930:1747647654679:,1747647663317
counter/5/0/0/0,6931:1747647654679:,1747647663317
counter/5/0/0/0,6932:1747647654679:,1747647663317
counter/5/0/0/0,6933:1747647654679:,1747647663318
counter/5/0/0/0,6934:1747647654679:,1747647663318
counter/5/0/0/0,6935:1747647654679:,1747647663318
counter/1/0/0/0,7517:1747647655626:,1747647663318
counter/5/0/0/0,6936:1747647654679:,1747647663318
counter/5/0/0/0,6937:1747647654679:,1747647663318
counter/3/0/0/0,7125:1747647654715:,1747647663318
counter/5/0/0/0,6938:1747647654684:,1747647663318
counter/3/0/0/0,7126:1747647654715:,1747647663318
counter/3/0/0/0,7127:1747647654715:,1747647663318
counter/3/0/0/0,7128:1747647654715:,1747647663318
counter/3/0/0/0,7129:1747647654715:,1747647663318
counter/3/0/0/0,7130:1747647654715:,1747647663318
counter/6/0/0/0,6035:1747647654489:,1747647663318
counter/5/0/0/0,6939:1747647654684:,1747647663318
counter/7/0/0/0,6480:1747647654637:,1747647663318
counter/7/0/0/0,6481:1747647654637:,1747647663318
counter/7/0/0/0,6482:1747647654637:,1747647663318
counter/7/0/0/0,6483:1747647654637:,1747647663319
counter/4/0/0/0,7076:1747647655637:,1747647663319
counter/9/0/0/0,7208:1747647655182:,1747647663319
counter/10/0/0/0,6411:1747647654356:,1747647663319
counter/3/0/0/0,7131:1747647654715:,1747647663319
counter/3/0/0/0,7132:1747647654715:,1747647663319
counter/3/0/0/0,7133:1747647654715:,1747647663319
counter/3/0/0/0,7134:1747647654716:,1747647663319
counter/3/0/0/0,7135:1747647654716:,1747647663319
counter/7/0/0/0,6484:1747647654637:,1747647663321
counter/7/0/0/0,6485:1747647654637:,1747647663321
counter/7/0/0/0,6486:1747647654638:,1747647663321
counter/7/0/0/0,6487:1747647654646:,1747647663321
counter/7/0/0/0,6488:1747647654646:,1747647663321
counter/7/0/0/0,6489:1747647654646:,1747647663321
counter/7/0/0/0,6490:1747647654646:,1747647663321
counter/7/0/0/0,6491:1747647654646:,1747647663321
counter/7/0/0/0,6492:1747647654646:,1747647663321
counter/5/0/0/0,6940:1747647654684:,1747647663321
counter/5/0/0/0,6941:1747647654685:,1747647663321
counter/5/0/0/0,6942:1747647654685:,1747647663321
counter/5/0/0/0,6943:1747647654685:,1747647663321
counter/5/0/0/0,6944:1747647654685:,1747647663321
counter/5/0/0/0,6945:1747647654685:,1747647663321
counter/5/0/0/0,6946:1747647654685:,1747647663321
counter/5/0/0/0,6947:1747647654685:,1747647663321
counter/5/0/0/0,6948:1747647654685:,1747647663321
counter/5/0/0/0,6949:1747647654685:,1747647663321
counter/1/0/0/0,7518:1747647655626:,1747647663321
counter/1/0/0/0,7519:1747647655626:,1747647663321
counter/8/0/0/0,7161:1747647654539:,1747647663322
counter/1/0/0/0,7520:1747647655626:,1747647663322
counter/1/0/0/0,7521:1747647655626:,1747647663322
counter/1/0/0/0,7522:1747647655626:,1747647663322
counter/1/0/0/0,7523:1747647655626:,1747647663322
counter/1/0/0/0,7524:1747647655626:,1747647663322
counter/7/0/0/0,6493:1747647654646:,1747647663322
counter/2/0/0/0,6507:1747647654009:,1747647663322
counter/3/0/0/0,7136:1747647654716:,1747647663322
counter/2/0/0/0,6508:1747647654009:,1747647663322
counter/2/0/0/0,6509:1747647654009:,1747647663322
counter/2/0/0/0,6510:1747647654009:,1747647663323
counter/2/0/0/0,6511:1747647654009:,1747647663323
counter/2/0/0/0,6512:1747647654009:,1747647663323
counter/2/0/0/0,6513:1747647654009:,1747647663323
counter/2/0/0/0,6514:1747647654009:,1747647663323
counter/2/0/0/0,6515:1747647654009:,1747647663323
counter/2/0/0/0,6516:1747647654009:,1747647663323
counter/8/0/0/0,7162:1747647654539:,1747647663323
counter/8/0/0/0,7163:1747647654539:,1747647663323
counter/1/0/0/0,7525:1747647655627:,1747647663323
counter/9/0/0/0,7209:1747647655182:,1747647663323
counter/3/0/0/0,7137:1747647654716:,1747647663323
counter/3/0/0/0,7138:1747647654716:,1747647663323
counter/3/0/0/0,7139:1747647654716:,1747647663323
counter/3/0/0/0,7140:1747647654716:,1747647663323
counter/10/0/0/0,6412:1747647654356:,1747647663323
counter/3/0/0/0,7141:1747647654717:,1747647663323
counter/5/0/0/0,6950:1747647654685:,1747647663324
counter/3/0/0/0,7142:1747647654717:,1747647663324
counter/10/0/0/0,6413:1747647654356:,1747647663324
counter/3/0/0/0,7143:1747647654717:,1747647663324
counter/3/0/0/0,7144:1747647654717:,1747647663324
counter/3/0/0/0,7145:1747647654717:,1747647663324
counter/3/0/0/0,7146:1747647654717:,1747647663324
counter/3/0/0/0,7147:1747647654717:,1747647663324
counter/3/0/0/0,7148:1747647654717:,1747647663324
counter/3/0/0/0,7149:1747647654717:,1747647663324
counter/3/0/0/0,7150:1747647654717:,1747647663324
counter/6/0/0/0,6036:1747647654489:,1747647663324
counter/9/0/0/0,7210:1747647655182:,1747647663325
counter/9/0/0/0,7211:1747647655182:,1747647663325
counter/9/0/0/0,7212:1747647655182:,1747647663325
counter/9/0/0/0,7213:1747647655182:,1747647663325
counter/9/0/0/0,7214:1747647655182:,1747647663325
counter/9/0/0/0,7215:1747647655182:,1747647663325
counter/9/0/0/0,7216:1747647655183:,1747647663325
counter/9/0/0/0,7217:1747647655184:,1747647663325
counter/5/0/0/0,6951:1747647654690:,1747647663325
counter/7/0/0/0,6494:1747647654646:,1747647663327
counter/7/0/0/0,6495:1747647654647:,1747647663327
counter/10/0/0/0,6414:1747647654356:,1747647663327
counter/7/0/0/0,6496:1747647654647:,1747647663327
counter/10/0/0/0,6415:1747647654356:,1747647663327
counter/7/0/0/0,6497:1747647654647:,1747647663327
counter/10/0/0/0,6416:1747647654356:,1747647663327
counter/7/0/0/0,6498:1747647654647:,1747647663327
counter/10/0/0/0,6417:1747647654356:,1747647663327
counter/10/0/0/0,6418:1747647654356:,1747647663327
counter/10/0/0/0,6419:1747647654357:,1747647663327
counter/10/0/0/0,6420:1747647654357:,1747647663327
counter/10/0/0/0,6421:1747647654357:,1747647663327
counter/10/0/0/0,6422:1747647654357:,1747647663328
counter/10/0/0/0,6423:1747647654357:,1747647663328
counter/10/0/0/0,6424:1747647654357:,1747647663328
counter/10/0/0/0,6425:1747647654357:,1747647663328
counter/10/0/0/0,6426:1747647654357:,1747647663328
counter/6/0/0/0,6037:1747647654489:,1747647663328
counter/1/0/0/0,7526:1747647655628:,1747647663328
counter/1/0/0/0,7527:1747647655628:,1747647663328
counter/5/0/0/0,6952:1747647654690:,1747647663328
counter/7/0/0/0,6499:1747647654647:,1747647663328
counter/9/0/0/0,7218:1747647655184:,1747647663328
counter/9/0/0/0,7219:1747647655184:,1747647663328
counter/9/0/0/0,7220:1747647655184:,1747647663328
counter/5/0/0/0,6953:1747647654690:,1747647663328
counter/9/0/0/0,7221:1747647655184:,1747647663328
counter/2/0/0/0,6517:1747647654009:,1747647663328
counter/9/0/0/0,7222:1747647655184:,1747647663328
counter/2/0/0/0,6518:1747647654010:,1747647663328
counter/9/0/0/0,7223:1747647655184:,1747647663328
counter/2/0/0/0,6519:1747647654010:,1747647663328
counter/10/0/0/0,6427:1747647654357:,1747647663328
counter/9/0/0/0,7224:1747647655184:,1747647663328
counter/2/0/0/0,6520:1747647654010:,1747647663328
counter/10/0/0/0,6428:1747647654357:,1747647663328
counter/9/0/0/0,7225:1747647655184:,1747647663329
counter/10/0/0/0,6429:1747647654357:,1747647663329
counter/10/0/0/0,6430:1747647654366:,1747647663329
counter/10/0/0/0,6431:1747647654366:,1747647663329
counter/10/0/0/0,6432:1747647654366:,1747647663329
counter/10/0/0/0,6433:1747647654366:,1747647663329
counter/10/0/0/0,6434:1747647654366:,1747647663329
counter/10/0/0/0,6435:1747647654367:,1747647663329
counter/10/0/0/0,6436:1747647654367:,1747647663329
counter/10/0/0/0,6437:1747647654367:,1747647663329
counter/10/0/0/0,6438:1747647654367:,1747647663329
counter/10/0/0/0,6439:1747647654368:,1747647663329
counter/6/0/0/0,6038:1747647654489:,1747647663330
counter/9/0/0/0,7226:1747647655184:,1747647663330
counter/7/0/0/0,6500:1747647654647:,1747647663330
counter/3/0/0/0,7151:1747647654717:,1747647663331
counter/10/0/0/0,6440:1747647654375:,1747647663331
counter/3/0/0/0,7152:1747647654717:,1747647663332
counter/3/0/0/0,7153:1747647654718:,1747647663332
counter/9/0/0/0,7227:1747647655184:,1747647663332
counter/3/0/0/0,7154:1747647654718:,1747647663332
counter/3/0/0/0,7155:1747647654718:,1747647663332
counter/9/0/0/0,7228:1747647655186:,1747647663332
counter/3/0/0/0,7156:1747647654718:,1747647663332
counter/8/0/0/0,7164:1747647654539:,1747647663332
counter/8/0/0/0,7165:1747647654539:,1747647663332
counter/8/0/0/0,7166:1747647654539:,1747647663332
counter/2/0/0/0,6521:1747647654010:,1747647663333
counter/7/0/0/0,6501:1747647654651:,1747647663333
counter/2/0/0/0,6522:1747647654010:,1747647663333
counter/2/0/0/0,6523:1747647654010:,1747647663333
counter/2/0/0/0,6524:1747647654014:,1747647663333
counter/2/0/0/0,6525:1747647654014:,1747647663333
counter/2/0/0/0,6526:1747647654014:,1747647663334
counter/4/0/0/0,7077:1747647655637:,1747647663335
counter/9/0/0/0,7229:1747647655186:,1747647663335
counter/9/0/0/0,7230:1747647655186:,1747647663335
counter/9/0/0/0,7231:1747647655186:,1747647663335
counter/9/0/0/0,7232:1747647655186:,1747647663335
counter/9/0/0/0,7233:1747647655186:,1747647663335
counter/8/0/0/0,7167:1747647654539:,1747647663335
counter/3/0/0/0,7157:1747647654718:,1747647663336
counter/3/0/0/0,7158:1747647654718:,1747647663336
counter/3/0/0/0,7159:1747647654718:,1747647663336
counter/3/0/0/0,7160:1747647654718:,1747647663336
counter/3/0/0/0,7161:1747647654718:,1747647663336
counter/3/0/0/0,7162:1747647654718:,1747647663336
counter/3/0/0/0,7163:1747647654718:,1747647663336
counter/5/0/0/0,6954:1747647654690:,1747647663337
counter/5/0/0/0,6955:1747647654690:,1747647663337
counter/5/0/0/0,6956:1747647654690:,1747647663337
counter/5/0/0/0,6957:1747647654690:,1747647663337
counter/5/0/0/0,6958:1747647654690:,1747647663337
counter/5/0/0/0,6959:1747647654702:,1747647663337
counter/5/0/0/0,6960:1747647654702:,1747647663337
counter/5/0/0/0,6961:1747647654702:,1747647663337
counter/9/0/0/0,7234:1747647655187:,1747647663337
counter/5/0/0/0,6962:1747647654702:,1747647663337
counter/5/0/0/0,6963:1747647654711:,1747647663337
counter/6/0/0/0,6039:1747647654490:,1747647663338
counter/6/0/0/0,6040:1747647654490:,1747647663338
counter/1/0/0/0,7528:1747647655628:,1747647663338
counter/6/0/0/0,6041:1747647654494:,1747647663338
counter/7/0/0/0,6502:1747647654651:,1747647663339
counter/4/0/0/0,7078:1747647655637:,1747647663339
counter/4/0/0/0,7079:1747647655637:,1747647663339
counter/6/0/0/0,6042:1747647654496:,1747647663339
counter/6/0/0/0,6043:1747647654496:,1747647663339
counter/6/0/0/0,6044:1747647654496:,1747647663339
counter/9/0/0/0,7235:1747647655187:,1747647663340
counter/9/0/0/0,7236:1747647655187:,1747647663340
counter/9/0/0/0,7237:1747647655187:,1747647663340
counter/9/0/0/0,7238:1747647655187:,1747647663340
counter/9/0/0/0,7239:1747647655187:,1747647663340
counter/9/0/0/0,7240:1747647655188:,1747647663340
counter/6/0/0/0,6045:1747647654496:,1747647663340
counter/6/0/0/0,6046:1747647654496:,1747647663340
counter/6/0/0/0,6047:1747647654496:,1747647663340
counter/3/0/0/0,7164:1747647654733:,1747647663341
counter/3/0/0/0,7165:1747647654739:,1747647663341
counter/3/0/0/0,7166:1747647654753:,1747647663341
counter/3/0/0/0,7167:1747647654753:,1747647663341
counter/3/0/0/0,7168:1747647654753:,1747647663341
counter/3/0/0/0,7169:1747647654753:,1747647663341
counter/3/0/0/0,7170:1747647654753:,1747647663341
counter/1/0/0/0,7529:1747647655628:,1747647663341
counter/1/0/0/0,7530:1747647655628:,1747647663341
counter/1/0/0/0,7531:1747647655628:,1747647663341
counter/1/0/0/0,7532:1747647655628:,1747647663341
counter/1/0/0/0,7533:1747647655628:,1747647663341
counter/6/0/0/0,6048:1747647654502:,1747647663341
counter/2/0/0/0,6527:1747647654014:,1747647663341
counter/10/0/0/0,6441:1747647654376:,1747647663341
counter/2/0/0/0,6528:1747647654014:,1747647663342
counter/1/0/0/0,7534:1747647655628:,1747647663342
counter/1/0/0/0,7535:1747647655628:,1747647663342
counter/1/0/0/0,7536:1747647655628:,1747647663342
counter/9/0/0/0,7241:1747647655188:,1747647663342
counter/6/0/0/0,6049:1747647654502:,1747647663343
counter/9/0/0/0,7242:1747647655188:,1747647663343
counter/10/0/0/0,6442:1747647654376:,1747647663343
counter/9/0/0/0,7243:1747647655188:,1747647663347
counter/9/0/0/0,7244:1747647655188:,1747647663347
counter/9/0/0/0,7245:1747647655188:,1747647663347
counter/9/0/0/0,7246:1747647655188:,1747647663347
counter/9/0/0/0,7247:1747647655188:,1747647663347
counter/10/0/0/0,6443:1747647654376:,1747647663347
counter/9/0/0/0,7248:1747647655188:,1747647663347
counter/9/0/0/0,7249:1747647655188:,1747647663347
counter/3/0/0/0,7171:1747647654753:,1747647663347
counter/6/0/0/0,6050:1747647654502:,1747647663347
counter/6/0/0/0,6051:1747647654502:,1747647663347
counter/6/0/0/0,6052:1747647654502:,1747647663348
counter/6/0/0/0,6053:1747647654502:,1747647663348
counter/6/0/0/0,6054:1747647654511:,1747647663348
counter/6/0/0/0,6055:1747647654511:,1747647663348
counter/6/0/0/0,6056:1747647654511:,1747647663348
counter/6/0/0/0,6057:1747647654516:,1747647663348
counter/6/0/0/0,6058:1747647654516:,1747647663348
counter/6/0/0/0,6059:1747647654516:,1747647663348
counter/6/0/0/0,6060:1747647654527:,1747647663348
counter/6/0/0/0,6061:1747647654527:,1747647663348
counter/6/0/0/0,6062:1747647654527:,1747647663348
counter/6/0/0/0,6063:1747647654527:,1747647663348
counter/6/0/0/0,6064:1747647654527:,1747647663348
counter/6/0/0/0,6065:1747647654527:,1747647663348
counter/6/0/0/0,6066:1747647654527:,1747647663348
counter/6/0/0/0,6067:1747647654527:,1747647663348
counter/6/0/0/0,6068:1747647654540:,1747647663348
counter/6/0/0/0,6069:1747647654540:,1747647663348
counter/6/0/0/0,6070:1747647654540:,1747647663348
counter/6/0/0/0,6071:1747647654541:,1747647663348
counter/6/0/0/0,6072:1747647654541:,1747647663348
counter/9/0/0/0,7250:1747647655189:,1747647663348
counter/9/0/0/0,7251:1747647655189:,1747647663348
counter/9/0/0/0,7252:1747647655189:,1747647663348
counter/9/0/0/0,7253:1747647655189:,1747647663348
counter/9/0/0/0,7254:1747647655189:,1747647663348
counter/9/0/0/0,7255:1747647655194:,1747647663348
counter/4/0/0/0,7080:1747647655644:,1747647663349
counter/5/0/0/0,6964:1747647654712:,1747647663349
counter/6/0/0/0,6073:1747647654541:,1747647663349
counter/10/0/0/0,6444:1747647654376:,1747647663349
counter/10/0/0/0,6445:1747647654376:,1747647663349
counter/5/0/0/0,6965:1747647654712:,1747647663350
counter/5/0/0/0,6966:1747647654712:,1747647663350
counter/5/0/0/0,6967:1747647654712:,1747647663350
counter/5/0/0/0,6968:1747647654712:,1747647663350
counter/9/0/0/0,7256:1747647655196:,1747647663350
counter/9/0/0/0,7257:1747647655196:,1747647663350
counter/9/0/0/0,7258:1747647655196:,1747647663350
counter/9/0/0/0,7259:1747647655203:,1747647663350
counter/9/0/0/0,7260:1747647655203:,1747647663350
counter/9/0/0/0,7261:1747647655203:,1747647663350
counter/6/0/0/0,6074:1747647654541:,1747647663351
counter/8/0/0/0,7168:1747647654547:,1747647663351
counter/7/0/0/0,6503:1747647654651:,1747647663351
counter/7/0/0/0,6504:1747647654651:,1747647663351
counter/10/0/0/0,6446:1747647654376:,1747647663352
counter/2/0/0/0,6529:1747647654014:,1747647663352
counter/8/0/0/0,7169:1747647654547:,1747647663352
counter/8/0/0/0,7170:1747647654547:,1747647663352
counter/8/0/0/0,7171:1747647654547:,1747647663352
counter/8/0/0/0,7172:1747647654547:,1747647663352
counter/5/0/0/0,6969:1747647654712:,1747647663352
counter/5/0/0/0,6970:1747647654712:,1747647663352
counter/5/0/0/0,6971:1747647654712:,1747647663352
counter/9/0/0/0,7262:1747647655204:,1747647663352
counter/9/0/0/0,7263:1747647655204:,1747647663353
counter/9/0/0/0,7264:1747647655205:,1747647663353
counter/9/0/0/0,7265:1747647655205:,1747647663353
counter/9/0/0/0,7266:1747647655205:,1747647663353
counter/9/0/0/0,7267:1747647655205:,1747647663353
counter/9/0/0/0,7268:1747647655205:,1747647663353
counter/9/0/0/0,7269:1747647655205:,1747647663353
counter/9/0/0/0,7270:1747647655205:,1747647663353
counter/9/0/0/0,7271:1747647655205:,1747647663353
counter/9/0/0/0,7272:1747647655205:,1747647663353
counter/9/0/0/0,7273:1747647655205:,1747647663353
counter/9/0/0/0,7274:1747647655205:,1747647663353
counter/9/0/0/0,7275:1747647655205:,1747647663353
counter/9/0/0/0,7276:1747647655205:,1747647663353
counter/1/0/0/0,7537:1747647655628:,1747647663354
counter/1/0/0/0,7538:1747647655628:,1747647663354
counter/1/0/0/0,7539:1747647655632:,1747647663354
counter/1/0/0/0,7540:1747647655632:,1747647663354
counter/1/0/0/0,7541:1747647655632:,1747647663354
counter/1/0/0/0,7542:1747647655632:,1747647663354
counter/1/0/0/0,7543:1747647655632:,1747647663354
counter/1/0/0/0,7544:1747647655632:,1747647663354
counter/1/0/0/0,7545:1747647655632:,1747647663354
counter/1/0/0/0,7546:1747647655632:,1747647663354
counter/1/0/0/0,7547:1747647655632:,1747647663354
counter/10/0/0/0,6447:1747647654376:,1747647663355
counter/7/0/0/0,6505:1747647654651:,1747647663356
counter/3/0/0/0,7172:1747647654754:,1747647663356
counter/10/0/0/0,6448:1747647654376:,1747647663356
counter/10/0/0/0,6449:1747647654376:,1747647663356
counter/9/0/0/0,7277:1747647655206:,1747647663356
counter/10/0/0/0,6450:1747647654376:,1747647663356
counter/10/0/0/0,6451:1747647654376:,1747647663356
counter/8/0/0/0,7173:1747647654547:,1747647663356
counter/2/0/0/0,6530:1747647654014:,1747647663356
counter/2/0/0/0,6531:1747647654014:,1747647663356
counter/2/0/0/0,6532:1747647654014:,1747647663356
counter/1/0/0/0,7548:1747647655632:,1747647663357
counter/1/0/0/0,7549:1747647655632:,1747647663357
counter/1/0/0/0,7550:1747647655632:,1747647663357
counter/1/0/0/0,7551:1747647655632:,1747647663357
counter/6/0/0/0,6075:1747647654543:,1747647663357
counter/4/0/0/0,7081:1747647655645:,1747647663357
counter/4/0/0/0,7082:1747647655645:,1747647663357
counter/4/0/0/0,7083:1747647655645:,1747647663357
counter/10/0/0/0,6452:1747647654376:,1747647663357
counter/8/0/0/0,7174:1747647654547:,1747647663357
counter/10/0/0/0,6453:1747647654378:,1747647663357
counter/2/0/0/0,6533:1747647654014:,1747647663358
counter/8/0/0/0,7175:1747647654554:,1747647663359
counter/8/0/0/0,7176:1747647654554:,1747647663359
counter/8/0/0/0,7177:1747647654554:,1747647663359
counter/8/0/0/0,7178:1747647654556:,1747647663359
counter/2/0/0/0,6534:1747647654014:,1747647663361
counter/4/0/0/0,7084:1747647655645:,1747647663361
counter/4/0/0/0,7085:1747647655645:,1747647663362
counter/4/0/0/0,7086:1747647655645:,1747647663362
counter/4/0/0/0,7087:1747647655657:,1747647663362
counter/4/0/0/0,7088:1747647655657:,1747647663362
counter/4/0/0/0,7089:1747647655657:,1747647663362
counter/4/0/0/0,7090:1747647655657:,1747647663362
counter/4/0/0/0,7091:1747647655657:,1747647663362
counter/4/0/0/0,7092:1747647655657:,1747647663362
counter/4/0/0/0,7093:1747647655658:,1747647663362
counter/1/0/0/0,7552:1747647655643:,1747647663362
counter/1/0/0/0,7553:1747647655644:,1747647663362
counter/5/0/0/0,6972:1747647654715:,1747647663362
counter/2/0/0/0,6535:1747647654014:,1747647663362
counter/2/0/0/0,6536:1747647654014:,1747647663362
counter/8/0/0/0,7179:1747647654556:,1747647663362
counter/2/0/0/0,6537:1747647654014:,1747647663362
counter/2/0/0/0,6538:1747647654014:,1747647663362
counter/2/0/0/0,6539:1747647654015:,1747647663362
counter/1/0/0/0,7554:1747647655644:,1747647663363
counter/6/0/0/0,6076:1747647654543:,1747647663363
counter/9/0/0/0,7278:1747647655206:,1747647663364
counter/2/0/0/0,6540:1747647654015:,1747647663364
counter/10/0/0/0,6454:1747647654382:,1747647663364
counter/1/0/0/0,7555:1747647655644:,1747647663364
counter/3/0/0/0,7173:1747647654754:,1747647663364
counter/3/0/0/0,7174:1747647654754:,1747647663364
counter/6/0/0/0,6077:1747647654545:,1747647663364
counter/5/0/0/0,6973:1747647654715:,1747647663365
counter/1/0/0/0,7556:1747647655645:,1747647663365
counter/10/0/0/0,6455:1747647654382:,1747647663365
counter/10/0/0/0,6456:1747647654389:,1747647663365
counter/10/0/0/0,6457:1747647654389:,1747647663365
counter/10/0/0/0,6458:1747647654389:,1747647663365
counter/10/0/0/0,6459:1747647654389:,1747647663365
counter/10/0/0/0,6460:1747647654389:,1747647663365
counter/10/0/0/0,6461:1747647654393:,1747647663366
counter/10/0/0/0,6462:1747647654393:,1747647663366
counter/10/0/0/0,6463:1747647654393:,1747647663366
counter/10/0/0/0,6464:1747647654393:,1747647663366
counter/10/0/0/0,6465:1747647654393:,1747647663366
counter/10/0/0/0,6466:1747647654400:,1747647663366
counter/7/0/0/0,6506:1747647654651:,1747647663366
counter/2/0/0/0,6541:1747647654015:,1747647663366
counter/2/0/0/0,6542:1747647654015:,1747647663366
counter/2/0/0/0,6543:1747647654015:,1747647663366
counter/9/0/0/0,7279:1747647655206:,1747647663367
counter/9/0/0/0,7280:1747647655207:,1747647663367
counter/9/0/0/0,7281:1747647655207:,1747647663367
counter/9/0/0/0,7282:1747647655207:,1747647663368
counter/9/0/0/0,7283:1747647655207:,1747647663368
counter/9/0/0/0,7284:1747647655207:,1747647663368
counter/10/0/0/0,6467:1747647654403:,1747647663368
counter/9/0/0/0,7285:1747647655207:,1747647663368
counter/9/0/0/0,7286:1747647655207:,1747647663368
counter/10/0/0/0,6468:1747647654403:,1747647663368
counter/1/0/0/0,7557:1747647655646:,1747647663368
counter/1/0/0/0,7558:1747647655646:,1747647663368
counter/1/0/0/0,7559:1747647655646:,1747647663368
counter/1/0/0/0,7560:1747647655646:,1747647663368
counter/8/0/0/0,7180:1747647654556:,1747647663368
counter/1/0/0/0,7561:1747647655646:,1747647663368
counter/2/0/0/0,6544:1747647654015:,1747647663368
counter/7/0/0/0,6507:1747647654651:,1747647663369
counter/7/0/0/0,6508:1747647654651:,1747647663369
counter/7/0/0/0,6509:1747647654651:,1747647663369
counter/7/0/0/0,6510:1747647654651:,1747647663369
counter/7/0/0/0,6511:1747647654651:,1747647663369
counter/7/0/0/0,6512:1747647654651:,1747647663369
counter/7/0/0/0,6513:1747647654651:,1747647663369
counter/9/0/0/0,7287:1747647655207:,1747647663369
counter/2/0/0/0,6545:1747647654015:,1747647663369
counter/8/0/0/0,7181:1747647654556:,1747647663369
counter/8/0/0/0,7182:1747647654556:,1747647663370
counter/8/0/0/0,7183:1747647654556:,1747647663370
counter/8/0/0/0,7184:1747647654557:,1747647663370
counter/9/0/0/0,7288:1747647655207:,1747647663370
counter/4/0/0/0,7094:1747647655658:,1747647663370
counter/5/0/0/0,6974:1747647654715:,1747647663370
counter/10/0/0/0,6469:1747647654403:,1747647663370
counter/3/0/0/0,7175:1747647654754:,1747647663370
counter/3/0/0/0,7176:1747647654757:,1747647663370
counter/3/0/0/0,7177:1747647654757:,1747647663370
counter/3/0/0/0,7178:1747647654757:,1747647663370
counter/3/0/0/0,7179:1747647654757:,1747647663370
counter/3/0/0/0,7180:1747647654757:,1747647663370
counter/3/0/0/0,7181:1747647654758:,1747647663370
counter/3/0/0/0,7182:1747647654772:,1747647663370
counter/7/0/0/0,6514:1747647654651:,1747647663371
counter/7/0/0/0,6515:1747647654651:,1747647663371
counter/7/0/0/0,6516:1747647654665:,1747647663371
counter/7/0/0/0,6517:1747647654665:,1747647663371
counter/7/0/0/0,6518:1747647654665:,1747647663371
counter/7/0/0/0,6519:1747647654665:,1747647663371
counter/7/0/0/0,6520:1747647654665:,1747647663371
counter/7/0/0/0,6521:1747647654665:,1747647663371
counter/7/0/0/0,6522:1747647654666:,1747647663371
counter/7/0/0/0,6523:1747647654666:,1747647663371
counter/4/0/0/0,7095:1747647655658:,1747647663371
counter/4/0/0/0,7096:1747647655658:,1747647663371
counter/4/0/0/0,7097:1747647655658:,1747647663371
counter/9/0/0/0,7289:1747647655207:,1747647663371
counter/9/0/0/0,7290:1747647655207:,1747647663371
counter/9/0/0/0,7291:1747647655207:,1747647663371
counter/9/0/0/0,7292:1747647655207:,1747647663371
counter/5/0/0/0,6975:1747647654719:,1747647663371
counter/3/0/0/0,7183:1747647654987:,1747647663371
counter/5/0/0/0,6976:1747647654719:,1747647663371
counter/5/0/0/0,6977:1747647654719:,1747647663371
counter/2/0/0/0,6546:1747647654015:,1747647663372
counter/2/0/0/0,6547:1747647654015:,1747647663372
counter/2/0/0/0,6548:1747647654015:,1747647663372
counter/2/0/0/0,6549:1747647654015:,1747647663372
counter/2/0/0/0,6550:1747647654015:,1747647663372
counter/10/0/0/0,6470:1747647654403:,1747647663372
counter/6/0/0/0,6078:1747647654545:,1747647663372
counter/10/0/0/0,6471:1747647654403:,1747647663372
counter/10/0/0/0,6472:1747647654403:,1747647663372
counter/10/0/0/0,6473:1747647654403:,1747647663372
counter/10/0/0/0,6474:1747647654403:,1747647663372
counter/6/0/0/0,6079:1747647654545:,1747647663373
counter/10/0/0/0,6475:1747647654404:,1747647663373
counter/3/0/0/0,7184:1747647654987:,1747647663373
counter/10/0/0/0,6476:1747647654404:,1747647663373
counter/10/0/0/0,6477:1747647654404:,1747647663373
counter/5/0/0/0,6978:1747647654719:,1747647663373
counter/10/0/0/0,6478:1747647654405:,1747647663373
counter/3/0/0/0,7185:1747647654987:,1747647663374
counter/9/0/0/0,7293:1747647655207:,1747647663374
counter/9/0/0/0,7294:1747647655207:,1747647663374
counter/9/0/0/0,7295:1747647655207:,1747647663374
counter/9/0/0/0,7296:1747647655207:,1747647663374
counter/9/0/0/0,7297:1747647655207:,1747647663374
counter/2/0/0/0,6551:1747647654015:,1747647663374
counter/10/0/0/0,6479:1747647654405:,1747647663374
counter/1/0/0/0,7562:1747647655646:,1747647663375
counter/5/0/0/0,6979:1747647654720:,1747647663376
counter/5/0/0/0,6980:1747647654731:,1747647663376
counter/6/0/0/0,6080:1747647654546:,1747647663376
counter/6/0/0/0,6081:1747647654546:,1747647663376
counter/10/0/0/0,6480:1747647654405:,1747647663377
counter/3/0/0/0,7186:1747647654987:,1747647663377
counter/10/0/0/0,6481:1747647654405:,1747647663377
counter/10/0/0/0,6482:1747647654405:,1747647663377
counter/10/0/0/0,6483:1747647654405:,1747647663377
counter/10/0/0/0,6484:1747647654408:,1747647663377
counter/10/0/0/0,6485:1747647654408:,1747647663377
counter/10/0/0/0,6486:1747647654410:,1747647663377
counter/10/0/0/0,6487:1747647654412:,1747647663377
counter/10/0/0/0,6488:1747647654412:,1747647663377
counter/10/0/0/0,6489:1747647654412:,1747647663377
counter/10/0/0/0,6490:1747647654412:,1747647663377
counter/9/0/0/0,7298:1747647655207:,1747647663377
counter/5/0/0/0,6981:1747647654731:,1747647663377
counter/8/0/0/0,7185:1747647654557:,1747647663377
counter/6/0/0/0,6082:1747647654546:,1747647663377
counter/5/0/0/0,6982:1747647654731:,1747647663378
counter/3/0/0/0,7187:1747647654987:,1747647663378
counter/5/0/0/0,6983:1747647654731:,1747647663378
counter/5/0/0/0,6984:1747647654731:,1747647663378
counter/5/0/0/0,6985:1747647654731:,1747647663378
counter/5/0/0/0,6986:1747647654731:,1747647663378
counter/5/0/0/0,6987:1747647654732:,1747647663378
counter/5/0/0/0,6988:1747647654732:,1747647663378
counter/5/0/0/0,6989:1747647654732:,1747647663378
counter/5/0/0/0,6990:1747647654733:,1747647663378
counter/5/0/0/0,6991:1747647654733:,1747647663378
counter/7/0/0/0,6524:1747647654666:,1747647663379
counter/9/0/0/0,7299:1747647655207:,1747647663379
counter/6/0/0/0,6083:1747647654546:,1747647663380
counter/6/0/0/0,6084:1747647654546:,1747647663380
counter/6/0/0/0,6085:1747647654546:,1747647663380
counter/6/0/0/0,6086:1747647654578:,1747647663380
counter/6/0/0/0,6087:1747647654578:,1747647663380
counter/6/0/0/0,6088:1747647654578:,1747647663380
counter/6/0/0/0,6089:1747647654578:,1747647663380
counter/2/0/0/0,6552:1747647654015:,1747647663380
counter/3/0/0/0,7188:1747647654987:,1747647663380
counter/2/0/0/0,6553:1747647654015:,1747647663380
counter/2/0/0/0,6554:1747647654015:,1747647663380
counter/2/0/0/0,6555:1747647654015:,1747647663380
counter/2/0/0/0,6556:1747647654015:,1747647663380
counter/2/0/0/0,6557:1747647654015:,1747647663380
counter/2/0/0/0,6558:1747647654017:,1747647663380
counter/2/0/0/0,6559:1747647654017:,1747647663380
counter/2/0/0/0,6560:1747647654017:,1747647663381
counter/2/0/0/0,6561:1747647654017:,1747647663381
counter/2/0/0/0,6562:1747647654017:,1747647663381
counter/2/0/0/0,6563:1747647654017:,1747647663381
counter/9/0/0/0,7300:1747647655207:,1747647663381
counter/10/0/0/0,6491:1747647654412:,1747647663382
counter/6/0/0/0,6090:1747647654578:,1747647663382
counter/6/0/0/0,6091:1747647654578:,1747647663382
counter/6/0/0/0,6092:1747647654578:,1747647663382
counter/6/0/0/0,6093:1747647654578:,1747647663383
counter/6/0/0/0,6094:1747647654586:,1747647663383
counter/6/0/0/0,6095:1747647654586:,1747647663383
counter/6/0/0/0,6096:1747647654586:,1747647663383
counter/6/0/0/0,6097:1747647654586:,1747647663383
counter/6/0/0/0,6098:1747647654586:,1747647663383
counter/6/0/0/0,6099:1747647654586:,1747647663383
counter/6/0/0/0,6100:1747647654586:,1747647663383
counter/6/0/0/0,6101:1747647654602:,1747647663383
counter/6/0/0/0,6102:1747647654602:,1747647663383
counter/7/0/0/0,6525:1747647654666:,1747647663383
counter/7/0/0/0,6526:1747647654666:,1747647663384
counter/2/0/0/0,6564:1747647654017:,1747647663384
counter/6/0/0/0,6103:1747647654602:,1747647663384
counter/2/0/0/0,6565:1747647654017:,1747647663384
counter/6/0/0/0,6104:1747647654602:,1747647663384
counter/9/0/0/0,7301:1747647655207:,1747647663385
counter/9/0/0/0,7302:1747647655207:,1747647663385
counter/9/0/0/0,7303:1747647655207:,1747647663385
counter/9/0/0/0,7304:1747647655207:,1747647663385
counter/9/0/0/0,7305:1747647655207:,1747647663386
counter/9/0/0/0,7306:1747647655207:,1747647663386
counter/9/0/0/0,7307:1747647655209:,1747647663386
counter/8/0/0/0,7186:1747647654557:,1747647663386
counter/1/0/0/0,7563:1747647655646:,1747647663386
counter/1/0/0/0,7564:1747647655646:,1747647663386
counter/1/0/0/0,7565:1747647655646:,1747647663386
counter/2/0/0/0,6566:1747647654017:,1747647663386
counter/6/0/0/0,6105:1747647654602:,1747647663386
counter/4/0/0/0,7098:1747647655658:,1747647663386
counter/4/0/0/0,7099:1747647655664:,1747647663386
counter/4/0/0/0,7100:1747647655664:,1747647663386
counter/4/0/0/0,7101:1747647655668:,1747647663386
counter/4/0/0/0,7102:1747647655669:,1747647663386
counter/10/0/0/0,6492:1747647654412:,1747647663386
counter/8/0/0/0,7187:1747647654557:,1747647663387
counter/3/0/0/0,7189:1747647654998:,1747647663388
counter/2/0/0/0,6567:1747647654026:,1747647663389
counter/1/0/0/0,7566:1747647655646:,1747647663389
counter/2/0/0/0,6568:1747647654027:,1747647663389
counter/2/0/0/0,6569:1747647654027:,1747647663389
counter/3/0/0/0,7190:1747647654998:,1747647663389
counter/3/0/0/0,7191:1747647654998:,1747647663389
counter/3/0/0/0,7192:1747647654998:,1747647663389
counter/3/0/0/0,7193:1747647654998:,1747647663389
counter/3/0/0/0,7194:1747647654998:,1747647663389
counter/3/0/0/0,7195:1747647654998:,1747647663389
counter/3/0/0/0,7196:1747647654998:,1747647663389
counter/7/0/0/0,6527:1747647654666:,1747647663389
counter/7/0/0/0,6528:1747647654666:,1747647663389
counter/5/0/0/0,6992:1747647654733:,1747647663389
counter/5/0/0/0,6993:1747647654733:,1747647663389
counter/3/0/0/0,7197:1747647654998:,1747647663390
counter/3/0/0/0,7198:1747647655000:,1747647663390
counter/3/0/0/0,7199:1747647655000:,1747647663390
counter/7/0/0/0,6529:1747647654666:,1747647663390
counter/5/0/0/0,6994:1747647654733:,1747647663390
counter/5/0/0/0,6995:1747647654733:,1747647663390
counter/8/0/0/0,7188:1747647654557:,1747647663390
counter/8/0/0/0,7189:1747647654557:,1747647663390
counter/8/0/0/0,7190:1747647654557:,1747647663391
counter/6/0/0/0,6106:1747647654602:,1747647663391
counter/7/0/0/0,6530:1747647654666:,1747647663391
counter/7/0/0/0,6531:1747647654666:,1747647663391
counter/7/0/0/0,6532:1747647654666:,1747647663391
counter/7/0/0/0,6533:1747647654666:,1747647663391
counter/9/0/0/0,7308:1747647655209:,1747647663392
counter/4/0/0/0,7103:1747647655669:,1747647663392
counter/4/0/0/0,7104:1747647655669:,1747647663392
counter/4/0/0/0,7105:1747647655669:,1747647663392
counter/9/0/0/0,7309:1747647655209:,1747647663393
counter/4/0/0/0,7106:1747647655669:,1747647663393
counter/4/0/0/0,7107:1747647655669:,1747647663393
counter/4/0/0/0,7108:1747647655669:,1747647663393
counter/4/0/0/0,7109:1747647655670:,1747647663393
counter/4/0/0/0,7110:1747647655670:,1747647663393
counter/5/0/0/0,6996:1747647654733:,1747647663393
counter/9/0/0/0,7310:1747647655210:,1747647663393
counter/8/0/0/0,7191:1747647654557:,1747647663394
counter/2/0/0/0,6570:1747647654027:,1747647663394
counter/2/0/0/0,6571:1747647654027:,1747647663394
counter/3/0/0/0,7200:1747647655000:,1747647663394
counter/2/0/0/0,6572:1747647654027:,1747647663395
counter/3/0/0/0,7201:1747647655000:,1747647663395
counter/3/0/0/0,7202:1747647655000:,1747647663395
counter/7/0/0/0,6534:1747647654666:,1747647663395
counter/6/0/0/0,6107:1747647654602:,1747647663395
counter/2/0/0/0,6573:1747647654027:,1747647663396
counter/2/0/0/0,6574:1747647654027:,1747647663396
counter/2/0/0/0,6575:1747647654027:,1747647663396
counter/2/0/0/0,6576:1747647654027:,1747647663396
counter/2/0/0/0,6577:1747647654027:,1747647663396
counter/2/0/0/0,6578:1747647654027:,1747647663396
counter/2/0/0/0,6579:1747647654027:,1747647663396
counter/2/0/0/0,6580:1747647654027:,1747647663396
counter/2/0/0/0,6581:1747647654027:,1747647663396
counter/2/0/0/0,6582:1747647654027:,1747647663396
counter/2/0/0/0,6583:1747647654027:,1747647663396
counter/2/0/0/0,6584:1747647654027:,1747647663397
counter/2/0/0/0,6585:1747647654027:,1747647663397
counter/1/0/0/0,7567:1747647655646:,1747647663397
counter/3/0/0/0,7203:1747647655006:,1747647663397
counter/5/0/0/0,6997:1747647654733:,1747647663397
counter/1/0/0/0,7568:1747647655646:,1747647663398
counter/1/0/0/0,7569:1747647655656:,1747647663398
counter/1/0/0/0,7570:1747647655657:,1747647663398
counter/1/0/0/0,7571:1747647655657:,1747647663398
counter/1/0/0/0,7572:1747647655657:,1747647663399
counter/1/0/0/0,7573:1747647655657:,1747647663399
counter/1/0/0/0,7574:1747647655657:,1747647663399
counter/1/0/0/0,7575:1747647655657:,1747647663399
counter/1/0/0/0,7576:1747647655657:,1747647663399
counter/6/0/0/0,6108:1747647654602:,1747647663399
counter/1/0/0/0,7577:1747647655658:,1747647663399
counter/1/0/0/0,7578:1747647655673:,1747647663399
counter/1/0/0/0,7579:1747647655673:,1747647663399
counter/6/0/0/0,6109:1747647654602:,1747647663399
counter/10/0/0/0,6493:1747647654412:,1747647663399
counter/3/0/0/0,7204:1747647655006:,1747647663400
counter/3/0/0/0,7205:1747647655006:,1747647663400
counter/3/0/0/0,7206:1747647655006:,1747647663400
counter/9/0/0/0,7311:1747647655210:,1747647663400
counter/8/0/0/0,7192:1747647654557:,1747647663400
counter/9/0/0/0,7312:1747647655210:,1747647663400
counter/9/0/0/0,7313:1747647655210:,1747647663400
counter/9/0/0/0,7314:1747647655210:,1747647663400
counter/9/0/0/0,7315:1747647655210:,1747647663400
counter/5/0/0/0,6998:1747647654733:,1747647663400
counter/7/0/0/0,6535:1747647654666:,1747647663401
counter/6/0/0/0,6110:1747647654602:,1747647663401
counter/7/0/0/0,6536:1747647654666:,1747647663401
counter/7/0/0/0,6537:1747647654666:,1747647663401
counter/7/0/0/0,6538:1747647654666:,1747647663401
counter/7/0/0/0,6539:1747647654666:,1747647663401
counter/9/0/0/0,7316:1747647655210:,1747647663401
counter/2/0/0/0,6586:1747647654027:,1747647663401
counter/9/0/0/0,7317:1747647655210:,1747647663402
counter/9/0/0/0,7318:1747647655210:,1747647663402
counter/3/0/0/0,7207:1747647655007:,1747647663402
counter/5/0/0/0,6999:1747647654733:,1747647663402
counter/4/0/0/0,7111:1747647655670:,1747647663402
counter/1/0/0/0,7580:1747647655673:,1747647663403
counter/1/0/0/0,7581:1747647655673:,1747647663403
counter/1/0/0/0,7582:1747647655673:,1747647663403
counter/1/0/0/0,7583:1747647655673:,1747647663403
counter/1/0/0/0,7584:1747647655673:,1747647663403
counter/9/0/0/0,7319:1747647655210:,1747647663403
counter/9/0/0/0,7320:1747647655210:,1747647663403
counter/9/0/0/0,7321:1747647655210:,1747647663403
counter/9/0/0/0,7322:1747647655210:,1747647663403
counter/9/0/0/0,7323:1747647655210:,1747647663403
counter/9/0/0/0,7324:1747647655210:,1747647663403
counter/9/0/0/0,7325:1747647655210:,1747647663403
counter/4/0/0/0,7112:1747647655671:,1747647663403
counter/4/0/0/0,7113:1747647655671:,1747647663403
counter/4/0/0/0,7114:1747647655671:,1747647663403
counter/4/0/0/0,7115:1747647655671:,1747647663403
counter/10/0/0/0,6494:1747647654412:,1747647663404
counter/10/0/0/0,6495:1747647654412:,1747647663404
counter/7/0/0/0,6540:1747647654666:,1747647663404
counter/1/0/0/0,7585:1747647655673:,1747647663404
counter/5/0/0/0,7000:1747647654733:,1747647663404
counter/5/0/0/0,7001:1747647654737:,1747647663404
counter/7/0/0/0,6541:1747647654666:,1747647663404
counter/3/0/0/0,7208:1747647655007:,1747647663404
counter/3/0/0/0,7209:1747647655022:,1747647663404
counter/3/0/0/0,7210:1747647655022:,1747647663404
counter/3/0/0/0,7211:1747647655022:,1747647663404
counter/3/0/0/0,7212:1747647655022:,1747647663405
counter/3/0/0/0,7213:1747647655022:,1747647663405
counter/3/0/0/0,7214:1747647655022:,1747647663405
counter/3/0/0/0,7215:1747647655023:,1747647663405
counter/3/0/0/0,7216:1747647655023:,1747647663405
counter/3/0/0/0,7217:1747647655023:,1747647663405
counter/3/0/0/0,7218:1747647655024:,1747647663405
counter/3/0/0/0,7219:1747647655024:,1747647663405
counter/3/0/0/0,7220:1747647655024:,1747647663405
counter/3/0/0/0,7221:1747647655024:,1747647663405
counter/3/0/0/0,7222:1747647655028:,1747647663405
counter/3/0/0/0,7223:1747647655028:,1747647663405
counter/3/0/0/0,7224:1747647655028:,1747647663405
counter/3/0/0/0,7225:1747647655029:,1747647663405
counter/5/0/0/0,7002:1747647654737:,1747647663405
counter/5/0/0/0,7003:1747647654737:,1747647663405
counter/9/0/0/0,7326:1747647655210:,1747647663405
counter/1/0/0/0,7586:1747647655673:,1747647663405
counter/1/0/0/0,7587:1747647655673:,1747647663405
counter/1/0/0/0,7588:1747647655673:,1747647663405
counter/1/0/0/0,7589:1747647655673:,1747647663405
counter/1/0/0/0,7590:1747647655673:,1747647663405
counter/1/0/0/0,7591:1747647655673:,1747647663405
counter/1/0/0/0,7592:1747647655681:,1747647663405
counter/1/0/0/0,7593:1747647655681:,1747647663405
counter/1/0/0/0,7594:1747647655681:,1747647663405
counter/1/0/0/0,7595:1747647655681:,1747647663406
counter/2/0/0/0,6587:1747647654027:,1747647663406
counter/3/0/0/0,7226:1747647655029:,1747647663406
counter/7/0/0/0,6542:1747647654666:,1747647663407
counter/9/0/0/0,7327:1747647655210:,1747647663408
counter/9/0/0/0,7328:1747647655210:,1747647663408
counter/6/0/0/0,6111:1747647654602:,1747647663408
counter/6/0/0/0,6112:1747647654602:,1747647663408
counter/1/0/0/0,7596:1747647655681:,1747647663408
counter/1/0/0/0,7597:1747647655681:,1747647663408
counter/1/0/0/0,7598:1747647655682:,1747647663408
counter/1/0/0/0,7599:1747647655682:,1747647663408
counter/1/0/0/0,7600:1747647655682:,1747647663408
counter/8/0/0/0,7193:1747647654557:,1747647663408
counter/2/0/0/0,6588:1747647654027:,1747647663408
counter/2/0/0/0,6589:1747647654027:,1747647663408
counter/9/0/0/0,7329:1747647655210:,1747647663409
counter/9/0/0/0,7330:1747647655210:,1747647663409
counter/2/0/0/0,6590:1747647654027:,1747647663409
counter/6/0/0/0,6113:1747647654609:,1747647663409
counter/2/0/0/0,6591:1747647654027:,1747647663409
counter/6/0/0/0,6114:1747647654609:,1747647663409
counter/7/0/0/0,6543:1747647654666:,1747647663409
counter/1/0/0/0,7601:1747647655682:,1747647663410
counter/7/0/0/0,6544:1747647654666:,1747647663410
counter/7/0/0/0,6545:1747647654670:,1747647663410
counter/7/0/0/0,6546:1747647654670:,1747647663410
counter/7/0/0/0,6547:1747647654686:,1747647663410
counter/7/0/0/0,6548:1747647654686:,1747647663410
counter/7/0/0/0,6549:1747647654686:,1747647663410
counter/7/0/0/0,6550:1747647654686:,1747647663410
counter/7/0/0/0,6551:1747647654686:,1747647663410
counter/7/0/0/0,6552:1747647654686:,1747647663410
counter/7/0/0/0,6553:1747647654686:,1747647663410
counter/7/0/0/0,6554:1747647654694:,1747647663410
counter/5/0/0/0,7004:1747647654737:,1747647663410
counter/9/0/0/0,7331:1747647655211:,1747647663411
counter/7/0/0/0,6555:1747647654694:,1747647663411
counter/5/0/0/0,7005:1747647654737:,1747647663411
counter/6/0/0/0,6115:1747647654609:,1747647663411
counter/5/0/0/0,7006:1747647654737:,1747647663411
counter/5/0/0/0,7007:1747647654737:,1747647663411
counter/5/0/0/0,7008:1747647654757:,1747647663411
counter/5/0/0/0,7009:1747647654757:,1747647663411
counter/5/0/0/0,7010:1747647654757:,1747647663411
counter/3/0/0/0,7227:1747647655029:,1747647663412
counter/3/0/0/0,7228:1747647655029:,1747647663412
counter/3/0/0/0,7229:1747647655029:,1747647663412
counter/3/0/0/0,7230:1747647655029:,1747647663412
counter/3/0/0/0,7231:1747647655029:,1747647663412
counter/3/0/0/0,7232:1747647655029:,1747647663412
counter/3/0/0/0,7233:1747647655030:,1747647663412
counter/3/0/0/0,7234:1747647655030:,1747647663412
counter/3/0/0/0,7235:1747647655030:,1747647663412
counter/3/0/0/0,7236:1747647655030:,1747647663412
counter/3/0/0/0,7237:1747647655030:,1747647663412
counter/3/0/0/0,7238:1747647655044:,1747647663412
counter/3/0/0/0,7239:1747647655044:,1747647663412
counter/3/0/0/0,7240:1747647655044:,1747647663412
counter/3/0/0/0,7241:1747647655044:,1747647663412
counter/3/0/0/0,7242:1747647655044:,1747647663412
counter/3/0/0/0,7243:1747647655044:,1747647663412
counter/3/0/0/0,7244:1747647655044:,1747647663412
counter/3/0/0/0,7245:1747647655044:,1747647663412
counter/3/0/0/0,7246:1747647655044:,1747647663412
counter/3/0/0/0,7247:1747647655044:,1747647663412
counter/3/0/0/0,7248:1747647655044:,1747647663412
counter/3/0/0/0,7249:1747647655044:,1747647663412
counter/3/0/0/0,7250:1747647655044:,1747647663412
counter/3/0/0/0,7251:1747647655044:,1747647663413
counter/3/0/0/0,7252:1747647655044:,1747647663413
counter/5/0/0/0,7011:1747647654757:,1747647663413
counter/6/0/0/0,6116:1747647654609:,1747647663413
counter/5/0/0/0,7012:1747647654757:,1747647663413
counter/5/0/0/0,7013:1747647654757:,1747647663413
counter/5/0/0/0,7014:1747647654757:,1747647663413
counter/3/0/0/0,7253:1747647655044:,1747647663413
counter/5/0/0/0,7015:1747647654757:,1747647663414
counter/3/0/0/0,7254:1747647655044:,1747647663414
counter/5/0/0/0,7016:1747647654758:,1747647663414
counter/3/0/0/0,7255:1747647655044:,1747647663414
counter/3/0/0/0,7256:1747647655044:,1747647663414
counter/3/0/0/0,7257:1747647655044:,1747647663414
counter/3/0/0/0,7258:1747647655064:,1747647663414
counter/3/0/0/0,7259:1747647655064:,1747647663414
counter/3/0/0/0,7260:1747647655064:,1747647663414
counter/3/0/0/0,7261:1747647655064:,1747647663414
counter/6/0/0/0,6117:1747647654609:,1747647663414
counter/2/0/0/0,6592:1747647654027:,1747647663414
counter/3/0/0/0,7262:1747647655064:,1747647663414
counter/6/0/0/0,6118:1747647654609:,1747647663414
counter/6/0/0/0,6119:1747647654643:,1747647663414
counter/6/0/0/0,6120:1747647654643:,1747647663414
counter/8/0/0/0,7194:1747647654557:,1747647663414
counter/6/0/0/0,6121:1747647654643:,1747647663414
counter/6/0/0/0,6122:1747647654643:,1747647663414
counter/6/0/0/0,6123:1747647654643:,1747647663414
counter/5/0/0/0,7017:1747647654758:,1747647663414
counter/5/0/0/0,7018:1747647654758:,1747647663414
counter/9/0/0/0,7332:1747647655211:,1747647663414
counter/9/0/0/0,7333:1747647655211:,1747647663414
counter/3/0/0/0,7263:1747647655064:,1747647663414
counter/2/0/0/0,6593:1747647654027:,1747647663415
counter/6/0/0/0,6124:1747647654643:,1747647663415
counter/2/0/0/0,6594:1747647654027:,1747647663415
counter/2/0/0/0,6595:1747647654027:,1747647663415
counter/2/0/0/0,6596:1747647654028:,1747647663416
counter/2/0/0/0,6597:1747647654028:,1747647663416
counter/2/0/0/0,6598:1747647654028:,1747647663416
counter/2/0/0/0,6599:1747647654028:,1747647663416
counter/2/0/0/0,6600:1747647654028:,1747647663416
counter/2/0/0/0,6601:1747647654028:,1747647663416
counter/8/0/0/0,7195:1747647654557:,1747647663416
counter/8/0/0/0,7196:1747647654557:,1747647663416
counter/5/0/0/0,7019:1747647654758:,1747647663416
counter/5/0/0/0,7020:1747647654758:,1747647663416
counter/5/0/0/0,7021:1747647654759:,1747647663416
counter/7/0/0/0,6556:1747647654694:,1747647663416
counter/7/0/0/0,6557:1747647654694:,1747647663416
counter/7/0/0/0,6558:1747647654694:,1747647663416
counter/10/0/0/0,6496:1747647654412:,1747647663416
counter/10/0/0/0,6497:1747647654412:,1747647663417
counter/1/0/0/0,7602:1747647655686:,1747647663417
counter/1/0/0/0,7603:1747647655686:,1747647663417
counter/1/0/0/0,7604:1747647655686:,1747647663417
counter/4/0/0/0,7116:1747647655671:,1747647663417
counter/2/0/0/0,6602:1747647654028:,1747647663417
counter/9/0/0/0,7334:1747647655211:,1747647663417
counter/6/0/0/0,6125:1747647654643:,1747647663417
counter/9/0/0/0,7335:1747647655211:,1747647663417
counter/9/0/0/0,7336:1747647655212:,1747647663417
counter/9/0/0/0,7337:1747647655212:,1747647663417
counter/9/0/0/0,7338:1747647655212:,1747647663417
counter/1/0/0/0,7605:1747647655686:,1747647663418
counter/1/0/0/0,7606:1747647655686:,1747647663419
counter/1/0/0/0,7607:1747647655686:,1747647663419
counter/1/0/0/0,7608:1747647655686:,1747647663419
counter/1/0/0/0,7609:1747647655686:,1747647663419
counter/1/0/0/0,7610:1747647655686:,1747647663419
counter/1/0/0/0,7611:1747647655686:,1747647663419
counter/1/0/0/0,7612:1747647655686:,1747647663419
counter/1/0/0/0,7613:1747647655686:,1747647663419
counter/1/0/0/0,7614:1747647655695:,1747647663419
counter/6/0/0/0,6126:1747647654643:,1747647663419
counter/6/0/0/0,6127:1747647654643:,1747647663419
counter/6/0/0/0,6128:1747647654643:,1747647663419
counter/6/0/0/0,6129:1747647654643:,1747647663419
counter/6/0/0/0,6130:1747647654643:,1747647663419
counter/6/0/0/0,6131:1747647654643:,1747647663419
counter/7/0/0/0,6559:1747647654694:,1747647663419
counter/2/0/0/0,6603:1747647654029:,1747647663420
counter/9/0/0/0,7339:1747647655213:,1747647663420
counter/9/0/0/0,7340:1747647655213:,1747647663420
counter/9/0/0/0,7341:1747647655213:,1747647663420
counter/7/0/0/0,6560:1747647654694:,1747647663420
counter/7/0/0/0,6561:1747647654694:,1747647663420
counter/3/0/0/0,7264:1747647655064:,1747647663420
counter/5/0/0/0,7022:1747647654759:,1747647663420
counter/10/0/0/0,6498:1747647654412:,1747647663420
counter/6/0/0/0,6132:1747647654643:,1747647663420
counter/10/0/0/0,6499:1747647654418:,1747647663420
counter/10/0/0/0,6500:1747647654418:,1747647663420
counter/10/0/0/0,6501:1747647654418:,1747647663420
counter/9/0/0/0,7342:1747647655213:,1747647663420
counter/9/0/0/0,7343:1747647655213:,1747647663420
counter/3/0/0/0,7265:1747647655067:,1747647663420
counter/3/0/0/0,7266:1747647655067:,1747647663420
counter/3/0/0/0,7267:1747647655067:,1747647663421
counter/3/0/0/0,7268:1747647655067:,1747647663421
counter/3/0/0/0,7269:1747647655067:,1747647663421
counter/3/0/0/0,7270:1747647655068:,1747647663421
counter/1/0/0/0,7615:1747647655695:,1747647663421
counter/6/0/0/0,6133:1747647654643:,1747647663422
counter/6/0/0/0,6134:1747647654643:,1747647663422
counter/6/0/0/0,6135:1747647654658:,1747647663422
counter/6/0/0/0,6136:1747647654663:,1747647663422
counter/6/0/0/0,6137:1747647654663:,1747647663422
counter/6/0/0/0,6138:1747647654663:,1747647663422
counter/7/0/0/0,6562:1747647654694:,1747647663422
counter/6/0/0/0,6139:1747647654663:,1747647663422
counter/6/0/0/0,6140:1747647654663:,1747647663422
counter/9/0/0/0,7344:1747647655213:,1747647663422
counter/6/0/0/0,6141:1747647654663:,1747647663422
counter/10/0/0/0,6502:1747647654418:,1747647663423
counter/4/0/0/0,7117:1747647655671:,1747647663423
counter/10/0/0/0,6503:1747647654418:,1747647663423
counter/6/0/0/0,6142:1747647654663:,1747647663423
counter/10/0/0/0,6504:1747647654418:,1747647663423
counter/6/0/0/0,6143:1747647654663:,1747647663423
counter/10/0/0/0,6505:1747647654418:,1747647663423
counter/6/0/0/0,6144:1747647654663:,1747647663423
counter/5/0/0/0,7023:1747647654759:,1747647663423
counter/6/0/0/0,6145:1747647654663:,1747647663423
counter/6/0/0/0,6146:1747647654663:,1747647663423
counter/6/0/0/0,6147:1747647654663:,1747647663423
counter/6/0/0/0,6148:1747647654664:,1747647663423
counter/6/0/0/0,6149:1747647654664:,1747647663423
counter/4/0/0/0,7118:1747647655671:,1747647663423
counter/2/0/0/0,6604:1747647654029:,1747647663424
counter/2/0/0/0,6605:1747647654029:,1747647663424
counter/5/0/0/0,7024:1747647654759:,1747647663424
counter/5/0/0/0,7025:1747647654759:,1747647663424
counter/5/0/0/0,7026:1747647654762:,1747647663424
counter/5/0/0/0,7027:1747647654762:,1747647663424
counter/3/0/0/0,7271:1747647655068:,1747647663424
counter/3/0/0/0,7272:1747647655068:,1747647663424
counter/3/0/0/0,7273:1747647655069:,1747647663424
counter/3/0/0/0,7274:1747647655069:,1747647663424
counter/3/0/0/0,7275:1747647655071:,1747647663424
counter/3/0/0/0,7276:1747647655071:,1747647663424
counter/3/0/0/0,7277:1747647655074:,1747647663424
counter/7/0/0/0,6563:1747647654694:,1747647663424
counter/6/0/0/0,6150:1747647654664:,1747647663426
counter/5/0/0/0,7028:1747647654762:,1747647663426
counter/5/0/0/0,7029:1747647654762:,1747647663426
counter/5/0/0/0,7030:1747647654762:,1747647663426
counter/5/0/0/0,7031:1747647654763:,1747647663429
counter/9/0/0/0,7345:1747647655213:,1747647663429
counter/2/0/0/0,6606:1747647654029:,1747647663430
counter/3/0/0/0,7278:1747647655074:,1747647663430
counter/9/0/0/0,7346:1747647655216:,1747647663430
counter/5/0/0/0,7032:1747647654763:,1747647663430
counter/1/0/0/0,7616:1747647655695:,1747647663431
counter/1/0/0/0,7617:1747647655695:,1747647663431
counter/1/0/0/0,7618:1747647655695:,1747647663431
counter/1/0/0/0,7619:1747647655695:,1747647663431
counter/1/0/0/0,7620:1747647655695:,1747647663431
counter/5/0/0/0,7033:1747647654763:,1747647663431
counter/8/0/0/0,7197:1747647654557:,1747647663431
counter/8/0/0/0,7198:1747647654583:,1747647663431
counter/6/0/0/0,6151:1747647654664:,1747647663431
counter/6/0/0/0,6152:1747647654672:,1747647663431
counter/6/0/0/0,6153:1747647654672:,1747647663431
counter/6/0/0/0,6154:1747647654672:,1747647663431
counter/7/0/0/0,6564:1747647654705:,1747647663432
counter/2/0/0/0,6607:1747647654029:,1747647663432
counter/2/0/0/0,6608:1747647654029:,1747647663432
counter/2/0/0/0,6609:1747647654029:,1747647663432
counter/2/0/0/0,6610:1747647654029:,1747647663432
counter/2/0/0/0,6611:1747647654029:,1747647663432
counter/2/0/0/0,6612:1747647654029:,1747647663432
counter/2/0/0/0,6613:1747647654029:,1747647663433
counter/2/0/0/0,6614:1747647654031:,1747647663433
counter/4/0/0/0,7119:1747647655671:,1747647663433
counter/2/0/0/0,6615:1747647654031:,1747647663433
counter/3/0/0/0,7279:1747647655074:,1747647663433
counter/2/0/0/0,6616:1747647654031:,1747647663433
counter/2/0/0/0,6617:1747647654031:,1747647663433
counter/2/0/0/0,6618:1747647654031:,1747647663433
counter/2/0/0/0,6619:1747647654031:,1747647663433
counter/2/0/0/0,6620:1747647654031:,1747647663433
counter/2/0/0/0,6621:1747647654031:,1747647663433
counter/2/0/0/0,6622:1747647654031:,1747647663433
counter/2/0/0/0,6623:1747647654031:,1747647663433
counter/2/0/0/0,6624:1747647654031:,1747647663433
counter/9/0/0/0,7347:1747647655216:,1747647663434
counter/7/0/0/0,6565:1747647654705:,1747647663434
counter/7/0/0/0,6566:1747647654705:,1747647663434
counter/10/0/0/0,6506:1747647654418:,1747647663434
counter/7/0/0/0,6567:1747647654705:,1747647663434
counter/7/0/0/0,6568:1747647654705:,1747647663434
counter/7/0/0/0,6569:1747647654705:,1747647663434
counter/7/0/0/0,6570:1747647654705:,1747647663434
counter/7/0/0/0,6571:1747647654705:,1747647663434
counter/7/0/0/0,6572:1747647654705:,1747647663434
counter/6/0/0/0,6155:1747647654672:,1747647663434
counter/7/0/0/0,6573:1747647654705:,1747647663434
counter/6/0/0/0,6156:1747647654672:,1747647663434
counter/7/0/0/0,6574:1747647654714:,1747647663434
counter/6/0/0/0,6157:1747647654672:,1747647663434
counter/6/0/0/0,6158:1747647654672:,1747647663434
counter/6/0/0/0,6159:1747647654673:,1747647663435
counter/6/0/0/0,6160:1747647654673:,1747647663435
counter/6/0/0/0,6161:1747647654673:,1747647663435
counter/6/0/0/0,6162:1747647654673:,1747647663435
counter/6/0/0/0,6163:1747647654673:,1747647663435
counter/6/0/0/0,6164:1747647654673:,1747647663435
counter/6/0/0/0,6165:1747647654675:,1747647663435
counter/6/0/0/0,6166:1747647654675:,1747647663435
counter/6/0/0/0,6167:1747647654675:,1747647663435
counter/10/0/0/0,6507:1747647654445:,1747647663435
counter/8/0/0/0,7199:1747647654583:,1747647663435
counter/10/0/0/0,6508:1747647654446:,1747647663436
counter/10/0/0/0,6509:1747647654446:,1747647663436
counter/10/0/0/0,6510:1747647654446:,1747647663436
counter/8/0/0/0,7200:1747647654584:,1747647663436
counter/7/0/0/0,6575:1747647654714:,1747647663436
counter/7/0/0/0,6576:1747647654721:,1747647663436
counter/1/0/0/0,7621:1747647655695:,1747647663437
counter/1/0/0/0,7622:1747647655695:,1747647663437
counter/1/0/0/0,7623:1747647655695:,1747647663437
counter/1/0/0/0,7624:1747647655695:,1747647663437
counter/1/0/0/0,7625:1747647655695:,1747647663437
counter/1/0/0/0,7626:1747647655695:,1747647663437
counter/6/0/0/0,6168:1747647654676:,1747647663437
counter/6/0/0/0,6169:1747647654692:,1747647663437
counter/6/0/0/0,6170:1747647654692:,1747647663437
counter/6/0/0/0,6171:1747647654692:,1747647663437
counter/6/0/0/0,6172:1747647654692:,1747647663437
counter/6/0/0/0,6173:1747647654692:,1747647663437
counter/6/0/0/0,6174:1747647654692:,1747647663437
counter/6/0/0/0,6175:1747647654692:,1747647663437
counter/6/0/0/0,6176:1747647654692:,1747647663437
counter/6/0/0/0,6177:1747647654692:,1747647663437
counter/6/0/0/0,6178:1747647654692:,1747647663437
counter/6/0/0/0,6179:1747647654692:,1747647663437
counter/6/0/0/0,6180:1747647654692:,1747647663437
counter/9/0/0/0,7348:1747647655216:,1747647663438
counter/9/0/0/0,7349:1747647655216:,1747647663438
counter/9/0/0/0,7350:1747647655216:,1747647663438
counter/9/0/0/0,7351:1747647655216:,1747647663438
counter/4/0/0/0,7120:1747647655671:,1747647663438
counter/9/0/0/0,7352:1747647655231:,1747647663438
counter/3/0/0/0,7280:1747647655074:,1747647663439
counter/3/0/0/0,7281:1747647655074:,1747647663439
counter/1/0/0/0,7627:1747647655695:,1747647663439
counter/6/0/0/0,6181:1747647654693:,1747647663439
counter/3/0/0/0,7282:1747647655074:,1747647663439
counter/1/0/0/0,7628:1747647655701:,1747647663439
counter/3/0/0/0,7283:1747647655074:,1747647663439
counter/1/0/0/0,7629:1747647655701:,1747647663439
counter/3/0/0/0,7284:1747647655074:,1747647663439
counter/1/0/0/0,7630:1747647655701:,1747647663439
counter/3/0/0/0,7285:1747647655074:,1747647663439
counter/1/0/0/0,7631:1747647655709:,1747647663439
counter/3/0/0/0,7286:1747647655081:,1747647663439
counter/1/0/0/0,7632:1747647655709:,1747647663439
counter/1/0/0/0,7633:1747647655709:,1747647663439
counter/1/0/0/0,7634:1747647655710:,1747647663439
counter/2/0/0/0,6625:1747647654031:,1747647663439
counter/2/0/0/0,6626:1747647654031:,1747647663439
counter/9/0/0/0,7353:1747647655231:,1747647663440
counter/8/0/0/0,7201:1747647654609:,1747647663440
counter/1/0/0/0,7635:1747647655710:,1747647663440
counter/8/0/0/0,7202:1747647654610:,1747647663441
counter/1/0/0/0,7636:1747647655710:,1747647663441
counter/1/0/0/0,7637:1747647655710:,1747647663441
counter/3/0/0/0,7287:1747647655082:,1747647663441
counter/3/0/0/0,7288:1747647655082:,1747647663441
counter/3/0/0/0,7289:1747647655082:,1747647663441
counter/3/0/0/0,7290:1747647655082:,1747647663441
counter/2/0/0/0,6627:1747647654031:,1747647663441
counter/3/0/0/0,7291:1747647655082:,1747647663442
counter/2/0/0/0,6628:1747647654032:,1747647663442
counter/6/0/0/0,6182:1747647654693:,1747647663442
counter/2/0/0/0,6629:1747647654032:,1747647663442
counter/2/0/0/0,6630:1747647654032:,1747647663442
counter/10/0/0/0,6511:1747647654446:,1747647663442
counter/2/0/0/0,6631:1747647654032:,1747647663442
counter/7/0/0/0,6577:1747647654721:,1747647663443
counter/7/0/0/0,6578:1747647654721:,1747647663443
counter/7/0/0/0,6579:1747647654721:,1747647663443
counter/1/0/0/0,7638:1747647655710:,1747647663443
counter/7/0/0/0,6580:1747647654721:,1747647663443
counter/5/0/0/0,7034:1747647654763:,1747647663443
counter/5/0/0/0,7035:1747647654763:,1747647663443
counter/6/0/0/0,6183:1747647654693:,1747647663443
counter/6/0/0/0,6184:1747647654693:,1747647663443
counter/5/0/0/0,7036:1747647654763:,1747647663443
counter/3/0/0/0,7292:1747647655092:,1747647663444
counter/9/0/0/0,7354:1747647655231:,1747647663446
counter/9/0/0/0,7355:1747647655231:,1747647663446
counter/9/0/0/0,7356:1747647655231:,1747647663446
counter/9/0/0/0,7357:1747647655231:,1747647663446
counter/9/0/0/0,7358:1747647655231:,1747647663446
counter/9/0/0/0,7359:1747647655231:,1747647663446
counter/9/0/0/0,7360:1747647655231:,1747647663446
counter/2/0/0/0,6632:1747647654032:,1747647663446
counter/9/0/0/0,7361:1747647655231:,1747647663446
counter/9/0/0/0,7362:1747647655231:,1747647663446
counter/5/0/0/0,7037:1747647654763:,1747647663446
counter/9/0/0/0,7363:1747647655231:,1747647663446
counter/3/0/0/0,7293:1747647655092:,1747647663446
counter/9/0/0/0,7364:1747647655231:,1747647663447
counter/3/0/0/0,7294:1747647655092:,1747647663447
counter/3/0/0/0,7295:1747647655092:,1747647663447
counter/3/0/0/0,7296:1747647655092:,1747647663447
counter/3/0/0/0,7297:1747647655092:,1747647663447
counter/3/0/0/0,7298:1747647655092:,1747647663447
counter/3/0/0/0,7299:1747647655093:,1747647663447
counter/3/0/0/0,7300:1747647655093:,1747647663447
counter/3/0/0/0,7301:1747647655098:,1747647663447
counter/3/0/0/0,7302:1747647655098:,1747647663447
counter/1/0/0/0,7639:1747647655710:,1747647663447
counter/8/0/0/0,7203:1747647654610:,1747647663447
counter/5/0/0/0,7038:1747647654763:,1747647663447
counter/3/0/0/0,7303:1747647655098:,1747647663447
counter/5/0/0/0,7039:1747647654780:,1747647663448
counter/5/0/0/0,7040:1747647654780:,1747647663448
counter/5/0/0/0,7041:1747647654782:,1747647663448
counter/5/0/0/0,7042:1747647654782:,1747647663448
counter/5/0/0/0,7043:1747647654782:,1747647663448
counter/5/0/0/0,7044:1747647654782:,1747647663448
counter/5/0/0/0,7045:1747647654782:,1747647663448
counter/5/0/0/0,7046:1747647654782:,1747647663448
counter/5/0/0/0,7047:1747647654782:,1747647663448
counter/5/0/0/0,7048:1747647654783:,1747647663448
counter/5/0/0/0,7049:1747647654783:,1747647663448
counter/5/0/0/0,7050:1747647654783:,1747647663449
counter/2/0/0/0,6633:1747647654032:,1747647663449
counter/2/0/0/0,6634:1747647654032:,1747647663451
counter/6/0/0/0,6185:1747647654693:,1747647663452
counter/6/0/0/0,6186:1747647654693:,1747647663452
counter/6/0/0/0,6187:1747647654693:,1747647663452
counter/6/0/0/0,6188:1747647654693:,1747647663452
counter/6/0/0/0,6189:1747647654693:,1747647663452
counter/6/0/0/0,6190:1747647654693:,1747647663452
counter/8/0/0/0,7204:1747647654610:,1747647663453
counter/8/0/0/0,7205:1747647654610:,1747647663453
counter/2/0/0/0,6635:1747647654032:,1747647663453
counter/2/0/0/0,6636:1747647654032:,1747647663453
counter/2/0/0/0,6637:1747647654032:,1747647663453
counter/2/0/0/0,6638:1747647654032:,1747647663453
counter/2/0/0/0,6639:1747647654032:,1747647663453
counter/2/0/0/0,6640:1747647654032:,1747647663453
counter/2/0/0/0,6641:1747647654032:,1747647663453
counter/2/0/0/0,6642:1747647654032:,1747647663453
counter/2/0/0/0,6643:1747647654032:,1747647663453
counter/2/0/0/0,6644:1747647654032:,1747647663453
counter/2/0/0/0,6645:1747647654032:,1747647663453
counter/2/0/0/0,6646:1747647654032:,1747647663453
counter/7/0/0/0,6581:1747647654721:,1747647663453
counter/9/0/0/0,7365:1747647655231:,1747647663453
counter/9/0/0/0,7366:1747647655231:,1747647663453
counter/9/0/0/0,7367:1747647655231:,1747647663453
counter/9/0/0/0,7368:1747647655231:,1747647663454
counter/9/0/0/0,7369:1747647655231:,1747647663454
counter/5/0/0/0,7051:1747647654783:,1747647663454
counter/9/0/0/0,7370:1747647655231:,1747647663454
counter/1/0/0/0,7640:1747647655710:,1747647663455
counter/3/0/0/0,7304:1747647655098:,1747647663455
counter/3/0/0/0,7305:1747647655098:,1747647663455
counter/3/0/0/0,7306:1747647655113:,1747647663456
counter/3/0/0/0,7307:1747647655113:,1747647663456
counter/3/0/0/0,7308:1747647655113:,1747647663456
counter/3/0/0/0,7309:1747647655114:,1747647663456
counter/9/0/0/0,7371:1747647655231:,1747647663456
counter/9/0/0/0,7372:1747647655231:,1747647663456
counter/4/0/0/0,7121:1747647655671:,1747647663456
counter/8/0/0/0,7206:1747647654610:,1747647663456
counter/7/0/0/0,6582:1747647654721:,1747647663456
counter/1/0/0/0,7641:1747647655710:,1747647663456
counter/6/0/0/0,6191:1747647654693:,1747647663463
counter/4/0/0/0,7122:1747647655671:,1747647663463
counter/3/0/0/0,7310:1747647655114:,1747647663463
counter/7/0/0/0,6583:1747647654721:,1747647663463
counter/8/0/0/0,7207:1747647654610:,1747647663463
counter/10/0/0/0,6512:1747647654446:,1747647663463
counter/4/0/0/0,7123:1747647655671:,1747647663463
counter/2/0/0/0,6647:1747647654032:,1747647663464
counter/5/0/0/0,7052:1747647654784:,1747647663464
counter/5/0/0/0,7053:1747647654994:,1747647663464
counter/5/0/0/0,7054:1747647654996:,1747647663464
counter/5/0/0/0,7055:1747647654996:,1747647663464
counter/6/0/0/0,6192:1747647654693:,1747647663464
counter/5/0/0/0,7056:1747647655011:,1747647663465
counter/3/0/0/0,7311:1747647655114:,1747647663465
counter/4/0/0/0,7124:1747647655671:,1747647663465
counter/4/0/0/0,7125:1747647655671:,1747647663465
counter/4/0/0/0,7126:1747647655681:,1747647663465
counter/4/0/0/0,7127:1747647655683:,1747647663465
counter/4/0/0/0,7128:1747647655683:,1747647663465
counter/4/0/0/0,7129:1747647655683:,1747647663465
counter/4/0/0/0,7130:1747647655683:,1747647663465
counter/4/0/0/0,7131:1747647655683:,1747647663465
counter/7/0/0/0,6584:1747647654721:,1747647663465
counter/1/0/0/0,7642:1747647655714:,1747647663465
counter/5/0/0/0,7057:1747647655011:,1747647663465
counter/6/0/0/0,6193:1747647654693:,1747647663465
counter/5/0/0/0,7058:1747647655019:,1747647663465
counter/8/0/0/0,7208:1747647654610:,1747647663465
counter/3/0/0/0,7312:1747647655114:,1747647663465
counter/10/0/0/0,6513:1747647654446:,1747647663465
counter/10/0/0/0,6514:1747647654446:,1747647663465
counter/10/0/0/0,6515:1747647654446:,1747647663465
counter/10/0/0/0,6516:1747647654446:,1747647663465
counter/3/0/0/0,7313:1747647655114:,1747647663466
counter/5/0/0/0,7059:1747647655020:,1747647663466
counter/3/0/0/0,7314:1747647655114:,1747647663466
counter/10/0/0/0,6517:1747647654446:,1747647663466
counter/10/0/0/0,6518:1747647654446:,1747647663466
counter/10/0/0/0,6519:1747647654447:,1747647663466
counter/10/0/0/0,6520:1747647654447:,1747647663466
counter/10/0/0/0,6521:1747647654447:,1747647663466
counter/10/0/0/0,6522:1747647654447:,1747647663467
counter/10/0/0/0,6523:1747647654448:,1747647663467
counter/10/0/0/0,6524:1747647654448:,1747647663467
counter/10/0/0/0,6525:1747647654448:,1747647663467
counter/10/0/0/0,6526:1747647654448:,1747647663467
counter/2/0/0/0,6648:1747647654032:,1747647663467
counter/2/0/0/0,6649:1747647654032:,1747647663467
counter/2/0/0/0,6650:1747647654032:,1747647663467
counter/2/0/0/0,6651:1747647654032:,1747647663467
counter/2/0/0/0,6652:1747647654032:,1747647663467
counter/5/0/0/0,7060:1747647655020:,1747647663468
counter/10/0/0/0,6527:1747647654448:,1747647663468
counter/5/0/0/0,7061:1747647655020:,1747647663468
counter/5/0/0/0,7062:1747647655020:,1747647663468
counter/5/0/0/0,7063:1747647655020:,1747647663468
counter/5/0/0/0,7064:1747647655020:,1747647663468
counter/5/0/0/0,7065:1747647655020:,1747647663468
counter/7/0/0/0,6585:1747647654721:,1747647663468
counter/3/0/0/0,7315:1747647655114:,1747647663469
counter/10/0/0/0,6528:1747647654448:,1747647663469
counter/3/0/0/0,7316:1747647655114:,1747647663469
counter/3/0/0/0,7317:1747647655115:,1747647663470
counter/3/0/0/0,7318:1747647655115:,1747647663470
counter/3/0/0/0,7319:1747647655115:,1747647663470
counter/3/0/0/0,7320:1747647655115:,1747647663470
counter/3/0/0/0,7321:1747647655115:,1747647663470
counter/3/0/0/0,7322:1747647655115:,1747647663470
counter/3/0/0/0,7323:1747647655115:,1747647663470
counter/3/0/0/0,7324:1747647655116:,1747647663470
counter/7/0/0/0,6586:1747647654721:,1747647663470
counter/3/0/0/0,7325:1747647655116:,1747647663470
counter/6/0/0/0,6194:1747647654693:,1747647663471
counter/8/0/0/0,7209:1747647654610:,1747647663471
counter/2/0/0/0,6653:1747647654032:,1747647663472
counter/2/0/0/0,6654:1747647654032:,1747647663472
counter/2/0/0/0,6655:1747647654033:,1747647663472
counter/2/0/0/0,6656:1747647654033:,1747647663472
counter/8/0/0/0,7210:1747647654611:,1747647663472
counter/2/0/0/0,6657:1747647654033:,1747647663472
counter/2/0/0/0,6658:1747647654033:,1747647663472
counter/5/0/0/0,7066:1747647655020:,1747647663472
counter/10/0/0/0,6529:1747647654448:,1747647663473
counter/2/0/0/0,6659:1747647654033:,1747647663473
counter/10/0/0/0,6530:1747647654448:,1747647663473
counter/10/0/0/0,6531:1747647654448:,1747647663473
counter/6/0/0/0,6195:1747647654693:,1747647663474
counter/6/0/0/0,6196:1747647654693:,1747647663474
counter/6/0/0/0,6197:1747647654693:,1747647663474
counter/6/0/0/0,6198:1747647654693:,1747647663474
counter/6/0/0/0,6199:1747647654693:,1747647663474
counter/6/0/0/0,6200:1747647654693:,1747647663474
counter/6/0/0/0,6201:1747647654693:,1747647663474
counter/6/0/0/0,6202:1747647654693:,1747647663474
counter/6/0/0/0,6203:1747647654694:,1747647663474
counter/6/0/0/0,6204:1747647654699:,1747647663474
counter/6/0/0/0,6205:1747647654699:,1747647663474
counter/2/0/0/0,6660:1747647654033:,1747647663474
counter/9/0/0/0,7373:1747647655231:,1747647663474
counter/6/0/0/0,6206:1747647654699:,1747647663474
counter/6/0/0/0,6207:1747647654699:,1747647663474
counter/6/0/0/0,6208:1747647654699:,1747647663474
counter/6/0/0/0,6209:1747647654699:,1747647663474
counter/6/0/0/0,6210:1747647654699:,1747647663474
counter/2/0/0/0,6661:1747647654033:,1747647663475
counter/2/0/0/0,6662:1747647654033:,1747647663475
counter/2/0/0/0,6663:1747647654035:,1747647663475
counter/2/0/0/0,6664:1747647654035:,1747647663475
counter/2/0/0/0,6665:1747647654035:,1747647663475
counter/2/0/0/0,6666:1747647654035:,1747647663475
counter/2/0/0/0,6667:1747647654035:,1747647663476
counter/2/0/0/0,6668:1747647654035:,1747647663476
counter/4/0/0/0,7132:1747647655686:,1747647663476
counter/2/0/0/0,6669:1747647654035:,1747647663476
counter/2/0/0/0,6670:1747647654035:,1747647663476
counter/2/0/0/0,6671:1747647654035:,1747647663476
counter/8/0/0/0,7211:1747647654612:,1747647663476
counter/8/0/0/0,7212:1747647654612:,1747647663477
counter/6/0/0/0,6211:1747647654699:,1747647663477
counter/6/0/0/0,6212:1747647654699:,1747647663477
counter/6/0/0/0,6213:1747647654699:,1747647663477
counter/6/0/0/0,6214:1747647654699:,1747647663477
counter/6/0/0/0,6215:1747647654699:,1747647663478
counter/6/0/0/0,6216:1747647654699:,1747647663478
counter/6/0/0/0,6217:1747647654699:,1747647663478
counter/9/0/0/0,7374:1747647655232:,1747647663479
counter/10/0/0/0,6532:1747647654448:,1747647663479
counter/8/0/0/0,7213:1747647654612:,1747647663479
counter/2/0/0/0,6672:1747647654035:,1747647663480
counter/7/0/0/0,6587:1747647654721:,1747647663480
counter/7/0/0/0,6588:1747647654721:,1747647663481
counter/7/0/0/0,6589:1747647654728:,1747647663481
counter/7/0/0/0,6590:1747647654728:,1747647663481
counter/7/0/0/0,6591:1747647654728:,1747647663481
counter/7/0/0/0,6592:1747647654728:,1747647663481
counter/3/0/0/0,7326:1747647655116:,1747647663481
counter/8/0/0/0,7214:1747647654612:,1747647663481
counter/3/0/0/0,7327:1747647655116:,1747647663481
counter/3/0/0/0,7328:1747647655116:,1747647663481
counter/3/0/0/0,7329:1747647655116:,1747647663481
counter/3/0/0/0,7330:1747647655135:,1747647663481
counter/3/0/0/0,7331:1747647655135:,1747647663481
counter/7/0/0/0,6593:1747647654728:,1747647663481
counter/7/0/0/0,6594:1747647654728:,1747647663481
counter/5/0/0/0,7067:1747647655020:,1747647663481
counter/1/0/0/0,7643:1747647655714:,1747647663481
counter/1/0/0/0,7644:1747647655714:,1747647663481
counter/4/0/0/0,7133:1747647655686:,1747647663482
counter/9/0/0/0,7375:1747647655243:,1747647663482
counter/9/0/0/0,7376:1747647655243:,1747647663482
counter/9/0/0/0,7377:1747647655243:,1747647663482
counter/9/0/0/0,7378:1747647655243:,1747647663482
counter/9/0/0/0,7379:1747647655244:,1747647663483
counter/4/0/0/0,7134:1747647655687:,1747647663483
counter/2/0/0/0,6673:1747647654035:,1747647663483
counter/4/0/0/0,7135:1747647655687:,1747647663483
counter/2/0/0/0,6674:1747647654035:,1747647663483
counter/4/0/0/0,7136:1747647655687:,1747647663483
counter/6/0/0/0,6218:1747647654699:,1747647663483
counter/1/0/0/0,7645:1747647655714:,1747647663483
counter/2/0/0/0,6675:1747647654035:,1747647663483
counter/2/0/0/0,6676:1747647654035:,1747647663483
counter/2/0/0/0,6677:1747647654035:,1747647663484
counter/2/0/0/0,6678:1747647654035:,1747647663484
counter/2/0/0/0,6679:1747647654035:,1747647663484
counter/2/0/0/0,6680:1747647654035:,1747647663484
counter/2/0/0/0,6681:1747647654036:,1747647663484
counter/2/0/0/0,6682:1747647654036:,1747647663484
counter/2/0/0/0,6683:1747647654036:,1747647663484
counter/3/0/0/0,7332:1747647655135:,1747647663484
counter/8/0/0/0,7215:1747647654612:,1747647663485
counter/8/0/0/0,7216:1747647654612:,1747647663485
counter/8/0/0/0,7217:1747647654615:,1747647663485
counter/8/0/0/0,7218:1747647654615:,1747647663485
counter/4/0/0/0,7137:1747647655699:,1747647663487
counter/2/0/0/0,6684:1747647654036:,1747647663487
counter/4/0/0/0,7138:1747647655699:,1747647663487
counter/4/0/0/0,7139:1747647655699:,1747647663487
counter/4/0/0/0,7140:1747647655699:,1747647663487
counter/4/0/0/0,7141:1747647655699:,1747647663487
counter/4/0/0/0,7142:1747647655699:,1747647663487
counter/8/0/0/0,7219:1747647654615:,1747647663487
counter/4/0/0/0,7143:1747647655699:,1747647663487
counter/8/0/0/0,7220:1747647654615:,1747647663487
counter/8/0/0/0,7221:1747647654615:,1747647663487
counter/8/0/0/0,7222:1747647654615:,1747647663487
counter/8/0/0/0,7223:1747647654621:,1747647663487
counter/8/0/0/0,7224:1747647654621:,1747647663487
counter/8/0/0/0,7225:1747647654621:,1747647663487
counter/8/0/0/0,7226:1747647654621:,1747647663487
counter/8/0/0/0,7227:1747647654626:,1747647663487
counter/8/0/0/0,7228:1747647654626:,1747647663487
counter/8/0/0/0,7229:1747647654626:,1747647663487
counter/8/0/0/0,7230:1747647654637:,1747647663487
counter/6/0/0/0,6219:1747647654703:,1747647663487
counter/10/0/0/0,6533:1747647654448:,1747647663487
counter/10/0/0/0,6534:1747647654449:,1747647663487
counter/8/0/0/0,7231:1747647654645:,1747647663488
counter/8/0/0/0,7232:1747647654645:,1747647663488
counter/8/0/0/0,7233:1747647654645:,1747647663488
counter/8/0/0/0,7234:1747647654645:,1747647663488
counter/8/0/0/0,7235:1747647654645:,1747647663489
counter/8/0/0/0,7236:1747647654645:,1747647663489
counter/8/0/0/0,7237:1747647654645:,1747647663489
counter/8/0/0/0,7238:1747647654659:,1747647663489
counter/8/0/0/0,7239:1747647654659:,1747647663489
counter/8/0/0/0,7240:1747647654659:,1747647663489
counter/8/0/0/0,7241:1747647654659:,1747647663489
counter/8/0/0/0,7242:1747647654660:,1747647663490
counter/5/0/0/0,7068:1747647655022:,1747647663490
counter/6/0/0/0,6220:1747647654703:,1747647663490
counter/4/0/0/0,7144:1747647655699:,1747647663490
counter/2/0/0/0,6685:1747647654036:,1747647663490
counter/7/0/0/0,6595:1747647654728:,1747647663490
counter/5/0/0/0,7069:1747647655022:,1747647663490
counter/10/0/0/0,6535:1747647654449:,1747647663490
counter/1/0/0/0,7646:1747647655715:,1747647663490
counter/1/0/0/0,7647:1747647655716:,1747647663490
counter/1/0/0/0,7648:1747647655716:,1747647663490
counter/1/0/0/0,7649:1747647655716:,1747647663490
counter/1/0/0/0,7650:1747647655716:,1747647663490
counter/1/0/0/0,7651:1747647655716:,1747647663490
counter/1/0/0/0,7652:1747647655716:,1747647663490
counter/1/0/0/0,7653:1747647655716:,1747647663490
counter/1/0/0/0,7654:1747647655716:,1747647663490
counter/1/0/0/0,7655:1747647655716:,1747647663491
counter/1/0/0/0,7656:1747647655729:,1747647663491
counter/1/0/0/0,7657:1747647655729:,1747647663491
counter/9/0/0/0,7380:1747647655244:,1747647663491
counter/10/0/0/0,6536:1747647654451:,1747647663492
counter/10/0/0/0,6537:1747647654451:,1747647663492
counter/7/0/0/0,6596:1747647654728:,1747647663492
counter/7/0/0/0,6597:1747647654728:,1747647663493
counter/7/0/0/0,6598:1747647654728:,1747647663493
counter/2/0/0/0,6686:1747647654036:,1747647663494
counter/6/0/0/0,6221:1747647654703:,1747647663494
counter/9/0/0/0,7381:1747647655244:,1747647663494
counter/9/0/0/0,7382:1747647655244:,1747647663494
counter/9/0/0/0,7383:1747647655244:,1747647663494
counter/9/0/0/0,7384:1747647655244:,1747647663494
counter/9/0/0/0,7385:1747647655244:,1747647663494
counter/9/0/0/0,7386:1747647655254:,1747647663494
counter/9/0/0/0,7387:1747647655254:,1747647663494
counter/8/0/0/0,7243:1747647654660:,1747647663494
counter/8/0/0/0,7244:1747647654660:,1747647663494
counter/8/0/0/0,7245:1747647654661:,1747647663494
counter/7/0/0/0,6599:1747647654732:,1747647663495
counter/5/0/0/0,7070:1747647655022:,1747647663495
counter/6/0/0/0,6222:1747647654703:,1747647663495
counter/4/0/0/0,7145:1747647655699:,1747647663496
counter/2/0/0/0,6687:1747647654037:,1747647663496
counter/3/0/0/0,7333:1747647655135:,1747647663496
counter/1/0/0/0,7658:1747647655729:,1747647663496
counter/10/0/0/0,6538:1747647654453:,1747647663496
counter/9/0/0/0,7388:1747647655254:,1747647663496
counter/9/0/0/0,7389:1747647655254:,1747647663496
counter/9/0/0/0,7390:1747647655255:,1747647663496
counter/3/0/0/0,7334:1747647655142:,1747647663496
counter/9/0/0/0,7391:1747647655255:,1747647663496
counter/3/0/0/0,7335:1747647655142:,1747647663497
counter/9/0/0/0,7392:1747647655255:,1747647663497
counter/9/0/0/0,7393:1747647655255:,1747647663497
counter/9/0/0/0,7394:1747647655255:,1747647663497
counter/9/0/0/0,7395:1747647655255:,1747647663497
counter/9/0/0/0,7396:1747647655255:,1747647663497
counter/9/0/0/0,7397:1747647655256:,1747647663497
counter/2/0/0/0,6688:1747647654037:,1747647663497
counter/2/0/0/0,6689:1747647654037:,1747647663497
counter/2/0/0/0,6690:1747647654037:,1747647663497
counter/2/0/0/0,6691:1747647654037:,1747647663498
counter/2/0/0/0,6692:1747647654037:,1747647663498
counter/2/0/0/0,6693:1747647654037:,1747647663498
counter/2/0/0/0,6694:1747647654037:,1747647663498
counter/2/0/0/0,6695:1747647654037:,1747647663498
counter/2/0/0/0,6696:1747647654037:,1747647663498
counter/4/0/0/0,7146:1747647655699:,1747647663499
counter/10/0/0/0,6539:1747647654453:,1747647663499
counter/4/0/0/0,7147:1747647655700:,1747647663499
counter/6/0/0/0,6223:1747647654703:,1747647663499
counter/4/0/0/0,7148:1747647655700:,1747647663499
counter/9/0/0/0,7398:1747647655256:,1747647663499
counter/4/0/0/0,7149:1747647655700:,1747647663499
counter/3/0/0/0,7336:1747647655142:,1747647663499
counter/10/0/0/0,6540:1747647654453:,1747647663500
counter/2/0/0/0,6697:1747647654037:,1747647663500
counter/2/0/0/0,6698:1747647654037:,1747647663500
counter/4/0/0/0,7150:1747647655700:,1747647663500
counter/9/0/0/0,7399:1747647655256:,1747647663500
counter/3/0/0/0,7337:1747647655142:,1747647663500
counter/1/0/0/0,7659:1747647655729:,1747647663500
counter/10/0/0/0,6541:1747647654453:,1747647663500
counter/9/0/0/0,7400:1747647655256:,1747647663500
counter/9/0/0/0,7401:1747647655256:,1747647663500
counter/4/0/0/0,7151:1747647655700:,1747647663501
counter/4/0/0/0,7152:1747647655700:,1747647663501
counter/7/0/0/0,6600:1747647654732:,1747647663501
counter/3/0/0/0,7338:1747647655142:,1747647663501
counter/8/0/0/0,7246:1747647654661:,1747647663502
counter/7/0/0/0,6601:1747647654732:,1747647663502
counter/8/0/0/0,7247:1747647654667:,1747647663502
counter/8/0/0/0,7248:1747647654667:,1747647663503
counter/8/0/0/0,7249:1747647654667:,1747647663503
counter/8/0/0/0,7250:1747647654667:,1747647663503
counter/8/0/0/0,7251:1747647654667:,1747647663503
counter/8/0/0/0,7252:1747647654667:,1747647663503
counter/8/0/0/0,7253:1747647654667:,1747647663503
counter/9/0/0/0,7402:1747647655256:,1747647663503
counter/8/0/0/0,7254:1747647654667:,1747647663503
counter/8/0/0/0,7255:1747647654667:,1747647663503
counter/8/0/0/0,7256:1747647654667:,1747647663503
counter/1/0/0/0,7660:1747647655729:,1747647663504
counter/5/0/0/0,7071:1747647655022:,1747647663504
counter/5/0/0/0,7072:1747647655022:,1747647663504
counter/5/0/0/0,7073:1747647655022:,1747647663504
counter/5/0/0/0,7074:1747647655022:,1747647663504
counter/5/0/0/0,7075:1747647655023:,1747647663504
counter/5/0/0/0,7076:1747647655023:,1747647663504
counter/5/0/0/0,7077:1747647655026:,1747647663504
counter/4/0/0/0,7153:1747647655700:,1747647663505
counter/7/0/0/0,6602:1747647654732:,1747647663505
counter/4/0/0/0,7154:1747647655700:,1747647663505
counter/6/0/0/0,6224:1747647654703:,1747647663505
counter/4/0/0/0,7155:1747647655700:,1747647663505
counter/6/0/0/0,6225:1747647654704:,1747647663505
counter/6/0/0/0,6226:1747647654704:,1747647663505
counter/6/0/0/0,6227:1747647654704:,1747647663505
counter/6/0/0/0,6228:1747647654704:,1747647663505
counter/6/0/0/0,6229:1747647654704:,1747647663505
counter/6/0/0/0,6230:1747647654704:,1747647663505
counter/4/0/0/0,7156:1747647655700:,1747647663506
counter/8/0/0/0,7257:1747647654667:,1747647663506
counter/4/0/0/0,7157:1747647655700:,1747647663506
counter/4/0/0/0,7158:1747647655700:,1747647663506
counter/9/0/0/0,7403:1747647655256:,1747647663506
counter/9/0/0/0,7404:1747647655256:,1747647663506
counter/9/0/0/0,7405:1747647655263:,1747647663507
counter/7/0/0/0,6603:1747647654732:,1747647663508
counter/10/0/0/0,6542:1747647654453:,1747647663508
counter/2/0/0/0,6699:1747647654037:,1747647663508
counter/10/0/0/0,6543:1747647654453:,1747647663508
counter/10/0/0/0,6544:1747647654453:,1747647663508
counter/9/0/0/0,7406:1747647655263:,1747647663508
counter/9/0/0/0,7407:1747647655263:,1747647663508
counter/9/0/0/0,7408:1747647655263:,1747647663508
counter/9/0/0/0,7409:1747647655263:,1747647663508
counter/9/0/0/0,7410:1747647655263:,1747647663508
counter/9/0/0/0,7411:1747647655263:,1747647663508
counter/4/0/0/0,7159:1747647655700:,1747647663509
counter/9/0/0/0,7412:1747647655263:,1747647663509
counter/4/0/0/0,7160:1747647655700:,1747647663509
counter/1/0/0/0,7661:1747647655729:,1747647663509
counter/1/0/0/0,7662:1747647655729:,1747647663510
counter/1/0/0/0,7663:1747647655729:,1747647663510
counter/1/0/0/0,7664:1747647655729:,1747647663510
counter/1/0/0/0,7665:1747647655729:,1747647663510
counter/1/0/0/0,7666:1747647655729:,1747647663510
counter/1/0/0/0,7667:1747647655729:,1747647663510
counter/1/0/0/0,7668:1747647655729:,1747647663510
counter/1/0/0/0,7669:1747647655729:,1747647663510
counter/1/0/0/0,7670:1747647655729:,1747647663510
counter/1/0/0/0,7671:1747647655729:,1747647663510
counter/1/0/0/0,7672:1747647655729:,1747647663510
counter/1/0/0/0,7673:1747647655751:,1747647663510
counter/1/0/0/0,7674:1747647655755:,1747647663510
counter/10/0/0/0,6545:1747647654453:,1747647663510
counter/2/0/0/0,6700:1747647654037:,1747647663510
counter/9/0/0/0,7413:1747647655263:,1747647663510
counter/9/0/0/0,7414:1747647655263:,1747647663510
counter/9/0/0/0,7415:1747647655266:,1747647663510
counter/9/0/0/0,7416:1747647655266:,1747647663510
counter/10/0/0/0,6546:1747647654454:,1747647663512
counter/1/0/0/0,7675:1747647655755:,1747647663512
counter/7/0/0/0,6604:1747647654735:,1747647663512
counter/4/0/0/0,7161:1747647655700:,1747647663513
counter/2/0/0/0,6701:1747647654037:,1747647663513
counter/4/0/0/0,7162:1747647655700:,1747647663513
counter/4/0/0/0,7163:1747647655700:,1747647663513
counter/9/0/0/0,7417:1747647655266:,1747647663514
counter/4/0/0/0,7164:1747647655711:,1747647663514
counter/4/0/0/0,7165:1747647655711:,1747647663514
counter/10/0/0/0,6547:1747647654454:,1747647663514
counter/4/0/0/0,7166:1747647655711:,1747647663515
counter/3/0/0/0,7339:1747647655142:,1747647663515
counter/3/0/0/0,7340:1747647655142:,1747647663515
counter/3/0/0/0,7341:1747647655151:,1747647663515
counter/3/0/0/0,7342:1747647655151:,1747647663515
counter/3/0/0/0,7343:1747647655151:,1747647663515
counter/3/0/0/0,7344:1747647655160:,1747647663515
counter/3/0/0/0,7345:1747647655160:,1747647663515
counter/3/0/0/0,7346:1747647655160:,1747647663516
counter/3/0/0/0,7347:1747647655160:,1747647663516
counter/3/0/0/0,7348:1747647655160:,1747647663516
counter/3/0/0/0,7349:1747647655160:,1747647663516
counter/5/0/0/0,7078:1747647655026:,1747647663516
counter/5/0/0/0,7079:1747647655026:,1747647663516
counter/5/0/0/0,7080:1747647655026:,1747647663516
counter/5/0/0/0,7081:1747647655026:,1747647663516
counter/5/0/0/0,7082:1747647655026:,1747647663516
counter/5/0/0/0,7083:1747647655026:,1747647663516
counter/5/0/0/0,7084:1747647655026:,1747647663516
counter/5/0/0/0,7085:1747647655026:,1747647663516
counter/5/0/0/0,7086:1747647655026:,1747647663516
counter/3/0/0/0,7350:1747647655160:,1747647663516
counter/7/0/0/0,6605:1747647654736:,1747647663518
counter/4/0/0/0,7167:1747647655711:,1747647663519
counter/6/0/0/0,6231:1747647654704:,1747647663519
counter/6/0/0/0,6232:1747647654704:,1747647663519
counter/6/0/0/0,6233:1747647654719:,1747647663519
counter/6/0/0/0,6234:1747647654725:,1747647663519
counter/6/0/0/0,6235:1747647654726:,1747647663519
counter/1/0/0/0,7676:1747647655755:,1747647663519
counter/1/0/0/0,7677:1747647655756:,1747647663519
counter/1/0/0/0,7678:1747647655756:,1747647663519
counter/1/0/0/0,7679:1747647655756:,1747647663519
counter/7/0/0/0,6606:1747647654736:,1747647663520
counter/9/0/0/0,7418:1747647655266:,1747647663520
counter/9/0/0/0,7419:1747647655266:,1747647663520
counter/9/0/0/0,7420:1747647655266:,1747647663520
counter/10/0/0/0,6548:1747647654454:,1747647663520
counter/9/0/0/0,7421:1747647655266:,1747647663520
counter/9/0/0/0,7422:1747647655266:,1747647663520
counter/9/0/0/0,7423:1747647655266:,1747647663520
counter/9/0/0/0,7424:1747647655266:,1747647663520
counter/9/0/0/0,7425:1747647655266:,1747647663520
counter/9/0/0/0,7426:1747647655270:,1747647663520
counter/9/0/0/0,7427:1747647655270:,1747647663520
counter/9/0/0/0,7428:1747647655270:,1747647663520
counter/8/0/0/0,7258:1747647654667:,1747647663520
counter/6/0/0/0,6236:1747647654726:,1747647663520
counter/6/0/0/0,6237:1747647654726:,1747647663520
counter/8/0/0/0,7259:1747647654668:,1747647663521
counter/5/0/0/0,7087:1747647655026:,1747647663522
counter/5/0/0/0,7088:1747647655026:,1747647663522
counter/3/0/0/0,7351:1747647655161:,1747647663523
counter/3/0/0/0,7352:1747647655161:,1747647663523
counter/3/0/0/0,7353:1747647655161:,1747647663523
counter/3/0/0/0,7354:1747647655161:,1747647663523
counter/3/0/0/0,7355:1747647655161:,1747647663523
counter/3/0/0/0,7356:1747647655161:,1747647663523
counter/3/0/0/0,7357:1747647655161:,1747647663523
counter/4/0/0/0,7168:1747647655711:,1747647663524
counter/7/0/0/0,6607:1747647654736:,1747647663524
counter/4/0/0/0,7169:1747647655711:,1747647663524
counter/7/0/0/0,6608:1747647654736:,1747647663524
counter/7/0/0/0,6609:1747647654736:,1747647663524
counter/7/0/0/0,6610:1747647654736:,1747647663524
counter/7/0/0/0,6611:1747647654736:,1747647663524
counter/7/0/0/0,6612:1747647654736:,1747647663524
counter/7/0/0/0,6613:1747647654736:,1747647663524
counter/7/0/0/0,6614:1747647654736:,1747647663524
counter/7/0/0/0,6615:1747647654740:,1747647663524
counter/7/0/0/0,6616:1747647654740:,1747647663524
counter/7/0/0/0,6617:1747647654740:,1747647663524
counter/7/0/0/0,6618:1747647654740:,1747647663525
counter/7/0/0/0,6619:1747647654740:,1747647663525
counter/7/0/0/0,6620:1747647654740:,1747647663525
counter/7/0/0/0,6621:1747647654740:,1747647663525
counter/7/0/0/0,6622:1747647654740:,1747647663525
counter/7/0/0/0,6623:1747647654740:,1747647663525
counter/7/0/0/0,6624:1747647654740:,1747647663525
counter/7/0/0/0,6625:1747647654740:,1747647663525
counter/4/0/0/0,7170:1747647655711:,1747647663525
counter/4/0/0/0,7171:1747647655711:,1747647663525
counter/4/0/0/0,7172:1747647655711:,1747647663525
counter/4/0/0/0,7173:1747647655712:,1747647663525
counter/4/0/0/0,7174:1747647655712:,1747647663525
counter/4/0/0/0,7175:1747647655712:,1747647663525
counter/4/0/0/0,7176:1747647655712:,1747647663525
counter/4/0/0/0,7177:1747647655712:,1747647663525
counter/4/0/0/0,7178:1747647655712:,1747647663525
counter/6/0/0/0,6238:1747647654726:,1747647663525
counter/3/0/0/0,7358:1747647655161:,1747647663525
counter/6/0/0/0,6239:1747647654735:,1747647663525
counter/3/0/0/0,7359:1747647655163:,1747647663525
counter/1/0/0/0,7680:1747647655756:,1747647663526
counter/10/0/0/0,6549:1747647654454:,1747647663526
counter/1/0/0/0,7681:1747647655756:,1747647663526
counter/6/0/0/0,6240:1747647654735:,1747647663526
counter/10/0/0/0,6550:1747647654454:,1747647663527
counter/10/0/0/0,6551:1747647654454:,1747647663527
counter/10/0/0/0,6552:1747647654466:,1747647663527
counter/10/0/0/0,6553:1747647654466:,1747647663527
counter/6/0/0/0,6241:1747647654735:,1747647663528
counter/6/0/0/0,6242:1747647654735:,1747647663528
counter/6/0/0/0,6243:1747647654735:,1747647663528
counter/6/0/0/0,6244:1747647654735:,1747647663528
counter/6/0/0/0,6245:1747647654735:,1747647663528
counter/6/0/0/0,6246:1747647654735:,1747647663528
counter/6/0/0/0,6247:1747647654735:,1747647663528
counter/6/0/0/0,6248:1747647654735:,1747647663528
counter/6/0/0/0,6249:1747647654756:,1747647663528
counter/6/0/0/0,6250:1747647654756:,1747647663528
counter/5/0/0/0,7089:1747647655026:,1747647663528
counter/5/0/0/0,7090:1747647655027:,1747647663528
counter/5/0/0/0,7091:1747647655027:,1747647663528
counter/5/0/0/0,7092:1747647655027:,1747647663529
counter/9/0/0/0,7429:1747647655270:,1747647663529
counter/5/0/0/0,7093:1747647655027:,1747647663529
counter/5/0/0/0,7094:1747647655027:,1747647663529
counter/5/0/0/0,7095:1747647655027:,1747647663529
counter/7/0/0/0,6626:1747647654740:,1747647663529
counter/7/0/0/0,6627:1747647654740:,1747647663529
counter/7/0/0/0,6628:1747647654740:,1747647663529
counter/7/0/0/0,6629:1747647654740:,1747647663529
counter/7/0/0/0,6630:1747647654740:,1747647663529
counter/7/0/0/0,6631:1747647654740:,1747647663529
counter/7/0/0/0,6632:1747647654740:,1747647663529
counter/7/0/0/0,6633:1747647654740:,1747647663529
counter/7/0/0/0,6634:1747647654740:,1747647663529
counter/9/0/0/0,7430:1747647655270:,1747647663529
counter/5/0/0/0,7096:1747647655027:,1747647663530
counter/1/0/0/0,7682:1747647655756:,1747647663532
counter/2/0/0/0,6702:1747647654037:,1747647663532
counter/5/0/0/0,7097:1747647655027:,1747647663534
counter/5/0/0/0,7098:1747647655027:,1747647663534
counter/5/0/0/0,7099:1747647655027:,1747647663534
counter/5/0/0/0,7100:1747647655027:,1747647663534
counter/5/0/0/0,7101:1747647655027:,1747647663534
counter/5/0/0/0,7102:1747647655033:,1747647663534
counter/5/0/0/0,7103:1747647655033:,1747647663534
counter/5/0/0/0,7104:1747647655033:,1747647663534
counter/5/0/0/0,7105:1747647655033:,1747647663534
counter/5/0/0/0,7106:1747647655033:,1747647663534
counter/5/0/0/0,7107:1747647655033:,1747647663534
counter/5/0/0/0,7108:1747647655033:,1747647663534
counter/5/0/0/0,7109:1747647655033:,1747647663534
counter/5/0/0/0,7110:1747647655033:,1747647663534
counter/5/0/0/0,7111:1747647655034:,1747647663534
counter/5/0/0/0,7112:1747647655034:,1747647663534
counter/1/0/0/0,7683:1747647655756:,1747647663534
counter/8/0/0/0,7260:1747647654668:,1747647663534
counter/5/0/0/0,7113:1747647655037:,1747647663534
counter/8/0/0/0,7261:1747647654668:,1747647663534
counter/3/0/0/0,7360:1747647655163:,1747647663534
counter/8/0/0/0,7262:1747647654668:,1747647663535
counter/7/0/0/0,6635:1747647654740:,1747647663535
counter/7/0/0/0,6636:1747647654740:,1747647663535
counter/7/0/0/0,6637:1747647654740:,1747647663535
counter/7/0/0/0,6638:1747647654741:,1747647663535
counter/7/0/0/0,6639:1747647654741:,1747647663535
counter/1/0/0/0,7684:1747647655756:,1747647663535
counter/2/0/0/0,6703:1747647654037:,1747647663536
counter/2/0/0/0,6704:1747647654037:,1747647663536
counter/2/0/0/0,6705:1747647654038:,1747647663536
counter/2/0/0/0,6706:1747647654038:,1747647663536
counter/2/0/0/0,6707:1747647654038:,1747647663536
counter/2/0/0/0,6708:1747647654038:,1747647663536
counter/2/0/0/0,6709:1747647654038:,1747647663537
counter/2/0/0/0,6710:1747647654038:,1747647663537
counter/2/0/0/0,6711:1747647654038:,1747647663537
counter/2/0/0/0,6712:1747647654038:,1747647663537
counter/4/0/0/0,7179:1747647655712:,1747647663541
counter/2/0/0/0,6713:1747647654038:,1747647663541
counter/10/0/0/0,6554:1747647654466:,1747647663541
counter/4/0/0/0,7180:1747647655718:,1747647663541
counter/6/0/0/0,6251:1747647654756:,1747647663542
counter/4/0/0/0,7181:1747647655719:,1747647663543
counter/3/0/0/0,7361:1747647655164:,1747647663543
counter/1/0/0/0,7685:1747647655756:,1747647663543
counter/1/0/0/0,7686:1747647655756:,1747647663543
counter/1/0/0/0,7687:1747647655756:,1747647663543
counter/6/0/0/0,6252:1747647654756:,1747647663544
counter/10/0/0/0,6555:1747647654466:,1747647663544
counter/8/0/0/0,7263:1747647654668:,1747647663545
counter/7/0/0/0,6640:1747647654743:,1747647663545
counter/7/0/0/0,6641:1747647654743:,1747647663545
counter/5/0/0/0,7114:1747647655037:,1747647663545
counter/5/0/0/0,7115:1747647655037:,1747647663545
counter/5/0/0/0,7116:1747647655037:,1747647663545
counter/5/0/0/0,7117:1747647655037:,1747647663545
counter/5/0/0/0,7118:1747647655038:,1747647663545
counter/3/0/0/0,7362:1747647655164:,1747647663545
counter/1/0/0/0,7688:1747647655756:,1747647663546
counter/1/0/0/0,7689:1747647655756:,1747647663546
counter/9/0/0/0,7431:1747647655270:,1747647663547
counter/9/0/0/0,7432:1747647655270:,1747647663547
counter/10/0/0/0,6556:1747647654466:,1747647663547
counter/10/0/0/0,6557:1747647654466:,1747647663547
counter/10/0/0/0,6558:1747647654466:,1747647663547
counter/4/0/0/0,7182:1747647655719:,1747647663547
counter/1/0/0/0,7690:1747647655756:,1747647663547
counter/1/0/0/0,7691:1747647655756:,1747647663547
counter/1/0/0/0,7692:1747647655756:,1747647663547
counter/1/0/0/0,7693:1747647655756:,1747647663548
counter/1/0/0/0,7694:1747647655756:,1747647663548
counter/5/0/0/0,7119:1747647655038:,1747647663548
counter/5/0/0/0,7120:1747647655038:,1747647663548
counter/7/0/0/0,6642:1747647654743:,1747647663548
counter/5/0/0/0,7121:1747647655038:,1747647663548
counter/5/0/0/0,7122:1747647655038:,1747647663548
counter/5/0/0/0,7123:1747647655038:,1747647663548
counter/5/0/0/0,7124:1747647655038:,1747647663548
counter/10/0/0/0,6559:1747647654467:,1747647663548
counter/6/0/0/0,6253:1747647654756:,1747647663549
counter/6/0/0/0,6254:1747647654756:,1747647663549
counter/10/0/0/0,6560:1747647654487:,1747647663549
counter/6/0/0/0,6255:1747647654756:,1747647663549
counter/6/0/0/0,6256:1747647654756:,1747647663549
counter/8/0/0/0,7264:1747647654668:,1747647663549
counter/1/0/0/0,7695:1747647655764:,1747647663550
counter/1/0/0/0,7696:1747647655764:,1747647663550
counter/10/0/0/0,6561:1747647654487:,1747647663550
counter/1/0/0/0,7697:1747647655764:,1747647663550
counter/1/0/0/0,7698:1747647655764:,1747647663550
counter/1/0/0/0,7699:1747647655764:,1747647663550
counter/1/0/0/0,7700:1747647655764:,1747647663550
counter/1/0/0/0,7701:1747647655769:,1747647663550
counter/1/0/0/0,7702:1747647655769:,1747647663550
counter/1/0/0/0,7703:1747647655769:,1747647663550
counter/7/0/0/0,6643:1747647654743:,1747647663550
counter/7/0/0/0,6644:1747647654743:,1747647663550
counter/7/0/0/0,6645:1747647654743:,1747647663550
counter/7/0/0/0,6646:1747647654743:,1747647663550
counter/7/0/0/0,6647:1747647654743:,1747647663550
counter/8/0/0/0,7265:1747647654668:,1747647663551
counter/2/0/0/0,6714:1747647654038:,1747647663551
counter/4/0/0/0,7183:1747647655719:,1747647663553
counter/9/0/0/0,7433:1747647655270:,1747647663553
counter/9/0/0/0,7434:1747647655270:,1747647663553
counter/7/0/0/0,6648:1747647654743:,1747647663554
counter/7/0/0/0,6649:1747647654743:,1747647663554
counter/7/0/0/0,6650:1747647654743:,1747647663554
counter/7/0/0/0,6651:1747647654752:,1747647663555
counter/7/0/0/0,6652:1747647654752:,1747647663555
counter/7/0/0/0,6653:1747647654752:,1747647663555
counter/10/0/0/0,6562:1747647654487:,1747647663555
counter/7/0/0/0,6654:1747647654752:,1747647663555
counter/7/0/0/0,6655:1747647654752:,1747647663555
counter/7/0/0/0,6656:1747647654752:,1747647663555
counter/7/0/0/0,6657:1747647654752:,1747647663555
counter/7/0/0/0,6658:1747647654758:,1747647663555
counter/7/0/0/0,6659:1747647654759:,1747647663555
counter/1/0/0/0,7704:1747647655769:,1747647663555
counter/5/0/0/0,7125:1747647655038:,1747647663556
counter/6/0/0/0,6257:1747647654756:,1747647663556
counter/6/0/0/0,6258:1747647654756:,1747647663556
counter/6/0/0/0,6259:1747647654756:,1747647663556
counter/6/0/0/0,6260:1747647654756:,1747647663556
counter/6/0/0/0,6261:1747647654756:,1747647663556
counter/7/0/0/0,6660:1747647654759:,1747647663557
counter/3/0/0/0,7363:1747647655164:,1747647663557
counter/10/0/0/0,6563:1747647654487:,1747647663557
counter/3/0/0/0,7364:1747647655164:,1747647663557
counter/3/0/0/0,7365:1747647655164:,1747647663558
counter/3/0/0/0,7366:1747647655165:,1747647663558
counter/3/0/0/0,7367:1747647655165:,1747647663558
counter/3/0/0/0,7368:1747647655165:,1747647663558
counter/3/0/0/0,7369:1747647655165:,1747647663558
counter/3/0/0/0,7370:1747647655165:,1747647663558
counter/3/0/0/0,7371:1747647655165:,1747647663558
counter/3/0/0/0,7372:1747647655165:,1747647663558
counter/2/0/0/0,6715:1747647654038:,1747647663558
counter/2/0/0/0,6716:1747647654038:,1747647663558
counter/2/0/0/0,6717:1747647654038:,1747647663558
counter/2/0/0/0,6718:1747647654038:,1747647663558
counter/2/0/0/0,6719:1747647654038:,1747647663558
counter/2/0/0/0,6720:1747647654038:,1747647663558
counter/2/0/0/0,6721:1747647654038:,1747647663558
counter/5/0/0/0,7126:1747647655038:,1747647663559
counter/5/0/0/0,7127:1747647655038:,1747647663559
counter/8/0/0/0,7266:1747647654668:,1747647663559
counter/6/0/0/0,6262:1747647654756:,1747647663559
counter/6/0/0/0,6263:1747647654756:,1747647663559
counter/9/0/0/0,7435:1747647655271:,1747647663559
counter/9/0/0/0,7436:1747647655271:,1747647663560
counter/9/0/0/0,7437:1747647655271:,1747647663560
counter/9/0/0/0,7438:1747647655271:,1747647663560
counter/9/0/0/0,7439:1747647655271:,1747647663560
counter/9/0/0/0,7440:1747647655271:,1747647663560
counter/9/0/0/0,7441:1747647655271:,1747647663560
counter/5/0/0/0,7128:1747647655038:,1747647663561
counter/6/0/0/0,6264:1747647654762:,1747647663561
counter/6/0/0/0,6265:1747647654762:,1747647663561
counter/6/0/0/0,6266:1747647654762:,1747647663561
counter/6/0/0/0,6267:1747647654762:,1747647663561
counter/6/0/0/0,6268:1747647654762:,1747647663561
counter/9/0/0/0,7442:1747647655271:,1747647663562
counter/9/0/0/0,7443:1747647655271:,1747647663562
counter/9/0/0/0,7444:1747647655271:,1747647663562
counter/7/0/0/0,6661:1747647654759:,1747647663562
counter/7/0/0/0,6662:1747647654759:,1747647663562
counter/7/0/0/0,6663:1747647654759:,1747647663562
counter/7/0/0/0,6664:1747647654759:,1747647663562
counter/7/0/0/0,6665:1747647654759:,1747647663562
counter/7/0/0/0,6666:1747647654765:,1747647663562
counter/7/0/0/0,6667:1747647654765:,1747647663562
counter/7/0/0/0,6668:1747647654765:,1747647663562
counter/7/0/0/0,6669:1747647654765:,1747647663562
counter/4/0/0/0,7184:1747647655719:,1747647663563
counter/4/0/0/0,7185:1747647655719:,1747647663563
counter/6/0/0/0,6269:1747647654762:,1747647663563
counter/7/0/0/0,6670:1747647654765:,1747647663563
counter/7/0/0/0,6671:1747647654765:,1747647663563
counter/7/0/0/0,6672:1747647654765:,1747647663563
counter/7/0/0/0,6673:1747647654765:,1747647663563
counter/7/0/0/0,6674:1747647654765:,1747647663563
counter/2/0/0/0,6722:1747647654042:,1747647663564
counter/2/0/0/0,6723:1747647654046:,1747647663564
counter/2/0/0/0,6724:1747647654046:,1747647663564
counter/2/0/0/0,6725:1747647654046:,1747647663565
counter/2/0/0/0,6726:1747647654047:,1747647663565
counter/7/0/0/0,6675:1747647654765:,1747647663566
counter/7/0/0/0,6676:1747647654765:,1747647663566
counter/7/0/0/0,6677:1747647654765:,1747647663566
counter/7/0/0/0,6678:1747647654765:,1747647663566
counter/7/0/0/0,6679:1747647654765:,1747647663566
counter/5/0/0/0,7129:1747647655038:,1747647663566
counter/5/0/0/0,7130:1747647655038:,1747647663566
counter/1/0/0/0,7705:1747647655769:,1747647663566
counter/5/0/0/0,7131:1747647655041:,1747647663566
counter/1/0/0/0,7706:1747647655769:,1747647663566
counter/1/0/0/0,7707:1747647655769:,1747647663566
counter/1/0/0/0,7708:1747647655769:,1747647663566
counter/1/0/0/0,7709:1747647655769:,1747647663567
counter/1/0/0/0,7710:1747647655769:,1747647663567
counter/1/0/0/0,7711:1747647655769:,1747647663567
counter/1/0/0/0,7712:1747647655769:,1747647663567
counter/8/0/0/0,7267:1747647654668:,1747647663567
counter/2/0/0/0,6727:1747647654047:,1747647663567
counter/8/0/0/0,7268:1747647654668:,1747647663567
counter/10/0/0/0,6564:1747647654487:,1747647663567
counter/8/0/0/0,7269:1747647654668:,1747647663567
counter/8/0/0/0,7270:1747647654676:,1747647663567
counter/8/0/0/0,7271:1747647654677:,1747647663567
counter/6/0/0/0,6270:1747647654762:,1747647663568
counter/5/0/0/0,7132:1747647655041:,1747647663569
counter/6/0/0/0,6271:1747647654762:,1747647663569
counter/2/0/0/0,6728:1747647654047:,1747647663569
counter/9/0/0/0,7445:1747647655271:,1747647663569
counter/9/0/0/0,7446:1747647655272:,1747647663569
counter/8/0/0/0,7272:1747647654677:,1747647663569
counter/8/0/0/0,7273:1747647654677:,1747647663569
counter/8/0/0/0,7274:1747647654677:,1747647663569
counter/3/0/0/0,7373:1747647655165:,1747647663569
counter/3/0/0/0,7374:1747647655184:,1747647663569
counter/3/0/0/0,7375:1747647655184:,1747647663569
counter/3/0/0/0,7376:1747647655184:,1747647663569
counter/6/0/0/0,6272:1747647654762:,1747647663571
counter/7/0/0/0,6680:1747647654765:,1747647663571
counter/6/0/0/0,6273:1747647654762:,1747647663571
counter/6/0/0/0,6274:1747647654762:,1747647663571
counter/1/0/0/0,7713:1747647655769:,1747647663571
counter/1/0/0/0,7714:1747647655769:,1747647663571
counter/4/0/0/0,7186:1747647655719:,1747647663571
counter/1/0/0/0,7715:1747647655769:,1747647663571
counter/1/0/0/0,7716:1747647655769:,1747647663571
counter/1/0/0/0,7717:1747647655769:,1747647663571
counter/1/0/0/0,7718:1747647655769:,1747647663571
counter/1/0/0/0,7719:1747647655769:,1747647663571
counter/5/0/0/0,7133:1747647655041:,1747647663571
counter/2/0/0/0,6729:1747647654047:,1747647663571
counter/5/0/0/0,7134:1747647655041:,1747647663572
counter/2/0/0/0,6730:1747647654048:,1747647663572
counter/3/0/0/0,7377:1747647655184:,1747647663573
counter/5/0/0/0,7135:1747647655041:,1747647663573
counter/5/0/0/0,7136:1747647655041:,1747647663573
counter/8/0/0/0,7275:1747647654677:,1747647663573
counter/5/0/0/0,7137:1747647655041:,1747647663573
counter/8/0/0/0,7276:1747647654677:,1747647663574
counter/5/0/0/0,7138:1747647655041:,1747647663574
counter/7/0/0/0,6681:1747647654765:,1747647663574
counter/1/0/0/0,7720:1747647655769:,1747647663576
counter/8/0/0/0,7277:1747647654677:,1747647663576
counter/1/0/0/0,7721:1747647655773:,1747647663576
counter/3/0/0/0,7378:1747647655185:,1747647663576
counter/1/0/0/0,7722:1747647655773:,1747647663576
counter/3/0/0/0,7379:1747647655185:,1747647663576
counter/3/0/0/0,7380:1747647655185:,1747647663576
counter/3/0/0/0,7381:1747647655185:,1747647663576
counter/3/0/0/0,7382:1747647655185:,1747647663576
counter/3/0/0/0,7383:1747647655185:,1747647663576
counter/3/0/0/0,7384:1747647655185:,1747647663577
counter/3/0/0/0,7385:1747647655187:,1747647663577
counter/3/0/0/0,7386:1747647655187:,1747647663577
counter/3/0/0/0,7387:1747647655187:,1747647663577
counter/2/0/0/0,6731:1747647654048:,1747647663577
counter/6/0/0/0,6275:1747647654762:,1747647663577
counter/6/0/0/0,6276:1747647654762:,1747647663577
counter/7/0/0/0,6682:1747647654765:,1747647663577
counter/3/0/0/0,7388:1747647655190:,1747647663578
counter/1/0/0/0,7723:1747647655773:,1747647663578
counter/1/0/0/0,7724:1747647655773:,1747647663578
counter/4/0/0/0,7187:1747647655719:,1747647663578
counter/1/0/0/0,7725:1747647655773:,1747647663578
counter/4/0/0/0,7188:1747647655719:,1747647663578
counter/1/0/0/0,7726:1747647655773:,1747647663578
counter/4/0/0/0,7189:1747647655719:,1747647663578
counter/1/0/0/0,7727:1747647655773:,1747647663578
counter/4/0/0/0,7190:1747647655719:,1747647663578
counter/6/0/0/0,6277:1747647654771:,1747647663578
counter/4/0/0/0,7191:1747647655721:,1747647663578
counter/6/0/0/0,6278:1747647654771:,1747647663578
counter/4/0/0/0,7192:1747647655721:,1747647663578
counter/4/0/0/0,7193:1747647655721:,1747647663578
counter/4/0/0/0,7194:1747647655721:,1747647663578
counter/6/0/0/0,6279:1747647654771:,1747647663579
counter/6/0/0/0,6280:1747647654771:,1747647663579
counter/6/0/0/0,6281:1747647654771:,1747647663579
counter/6/0/0/0,6282:1747647654775:,1747647663579
counter/6/0/0/0,6283:1747647654775:,1747647663579
counter/6/0/0/0,6284:1747647654775:,1747647663579
counter/9/0/0/0,7447:1747647655272:,1747647663579
counter/9/0/0/0,7448:1747647655272:,1747647663579
counter/9/0/0/0,7449:1747647655272:,1747647663579
counter/9/0/0/0,7450:1747647655272:,1747647663579
counter/2/0/0/0,6732:1747647654048:,1747647663579
counter/2/0/0/0,6733:1747647654048:,1747647663579
counter/3/0/0/0,7389:1747647655190:,1747647663579
counter/3/0/0/0,7390:1747647655190:,1747647663579
counter/3/0/0/0,7391:1747647655194:,1747647663579
counter/9/0/0/0,7451:1747647655272:,1747647663580
counter/7/0/0/0,6683:1747647654765:,1747647663581
counter/7/0/0/0,6684:1747647654765:,1747647663581
counter/7/0/0/0,6685:1747647654765:,1747647663581
counter/7/0/0/0,6686:1747647654765:,1747647663581
counter/7/0/0/0,6687:1747647654769:,1747647663581
counter/7/0/0/0,6688:1747647654769:,1747647663581
counter/7/0/0/0,6689:1747647654769:,1747647663581
counter/9/0/0/0,7452:1747647655272:,1747647663582
counter/1/0/0/0,7728:1747647655773:,1747647663583
counter/2/0/0/0,6734:1747647654048:,1747647663583
counter/5/0/0/0,7139:1747647655041:,1747647663583
counter/5/0/0/0,7140:1747647655041:,1747647663583
counter/6/0/0/0,6285:1747647654775:,1747647663583
counter/5/0/0/0,7141:1747647655042:,1747647663584
counter/5/0/0/0,7142:1747647655042:,1747647663584
counter/5/0/0/0,7143:1747647655042:,1747647663584
counter/5/0/0/0,7144:1747647655042:,1747647663584
counter/5/0/0/0,7145:1747647655042:,1747647663584
counter/3/0/0/0,7392:1747647655194:,1747647663585
counter/8/0/0/0,7278:1747647654677:,1747647663585
counter/9/0/0/0,7453:1747647655272:,1747647663588
counter/10/0/0/0,6565:1747647654487:,1747647663588
counter/8/0/0/0,7279:1747647654677:,1747647663588
counter/8/0/0/0,7280:1747647654677:,1747647663589
counter/3/0/0/0,7393:1747647655194:,1747647663589
counter/3/0/0/0,7394:1747647655203:,1747647663589
counter/8/0/0/0,7281:1747647654677:,1747647663590
counter/9/0/0/0,7454:1747647655272:,1747647663592
counter/9/0/0/0,7455:1747647655272:,1747647663592
counter/8/0/0/0,7282:1747647654677:,1747647663593
counter/9/0/0/0,7456:1747647655273:,1747647663593
counter/9/0/0/0,7457:1747647655273:,1747647663593
counter/9/0/0/0,7458:1747647655274:,1747647663593
counter/9/0/0/0,7459:1747647655274:,1747647663593
counter/9/0/0/0,7460:1747647655274:,1747647663593
counter/9/0/0/0,7461:1747647655274:,1747647663593
counter/4/0/0/0,7195:1747647655721:,1747647663593
counter/4/0/0/0,7196:1747647655722:,1747647663593
counter/4/0/0/0,7197:1747647655722:,1747647663593
counter/4/0/0/0,7198:1747647655732:,1747647663593
counter/4/0/0/0,7199:1747647655732:,1747647663593
counter/4/0/0/0,7200:1747647655732:,1747647663593
counter/4/0/0/0,7201:1747647655732:,1747647663593
counter/4/0/0/0,7202:1747647655732:,1747647663593
counter/4/0/0/0,7203:1747647655732:,1747647663593
counter/4/0/0/0,7204:1747647655736:,1747647663593
counter/4/0/0/0,7205:1747647655736:,1747647663593
counter/4/0/0/0,7206:1747647655736:,1747647663593
counter/4/0/0/0,7207:1747647655736:,1747647663593
counter/4/0/0/0,7208:1747647655737:,1747647663594
counter/4/0/0/0,7209:1747647655737:,1747647663594
counter/4/0/0/0,7210:1747647655737:,1747647663594
counter/4/0/0/0,7211:1747647655737:,1747647663594
counter/4/0/0/0,7212:1747647655737:,1747647663594
counter/4/0/0/0,7213:1747647655737:,1747647663594
counter/2/0/0/0,6735:1747647654052:,1747647663594
counter/1/0/0/0,7729:1747647655773:,1747647663594
counter/9/0/0/0,7462:1747647655274:,1747647663596
counter/5/0/0/0,7146:1747647655042:,1747647663596
counter/5/0/0/0,7147:1747647655042:,1747647663596
counter/5/0/0/0,7148:1747647655042:,1747647663596
counter/5/0/0/0,7149:1747647655042:,1747647663596
counter/5/0/0/0,7150:1747647655042:,1747647663596
counter/5/0/0/0,7151:1747647655042:,1747647663596
counter/2/0/0/0,6736:1747647654052:,1747647663597
counter/2/0/0/0,6737:1747647654052:,1747647663597
counter/4/0/0/0,7214:1747647655737:,1747647663597
counter/2/0/0/0,6738:1747647654052:,1747647663598
counter/6/0/0/0,6286:1747647654775:,1747647663598
counter/7/0/0/0,6690:1747647654769:,1747647663598
counter/2/0/0/0,6739:1747647654052:,1747647663598
counter/2/0/0/0,6740:1747647654053:,1747647663598
counter/3/0/0/0,7395:1747647655203:,1747647663598
counter/2/0/0/0,6741:1747647654053:,1747647663598
counter/3/0/0/0,7396:1747647655203:,1747647663598
counter/2/0/0/0,6742:1747647654053:,1747647663598
counter/3/0/0/0,7397:1747647655203:,1747647663598
counter/2/0/0/0,6743:1747647654053:,1747647663598
counter/3/0/0/0,7398:1747647655203:,1747647663598
counter/2/0/0/0,6744:1747647654053:,1747647663598
counter/3/0/0/0,7399:1747647655203:,1747647663598
counter/2/0/0/0,6745:1747647654053:,1747647663598
counter/3/0/0/0,7400:1747647655203:,1747647663598
counter/3/0/0/0,7401:1747647655203:,1747647663598
counter/3/0/0/0,7402:1747647655209:,1747647663598
counter/3/0/0/0,7403:1747647655212:,1747647663599
counter/3/0/0/0,7404:1747647655212:,1747647663599
counter/3/0/0/0,7405:1747647655212:,1747647663599
counter/7/0/0/0,6691:1747647654769:,1747647663599
counter/4/0/0/0,7215:1747647655737:,1747647663599
counter/4/0/0/0,7216:1747647655737:,1747647663599
counter/9/0/0/0,7463:1747647655274:,1747647663599
counter/4/0/0/0,7217:1747647655737:,1747647663599
counter/10/0/0/0,6566:1747647654487:,1747647663599
counter/6/0/0/0,6287:1747647654775:,1747647663599
counter/6/0/0/0,6288:1747647654775:,1747647663599
counter/6/0/0/0,6289:1747647654776:,1747647663599
counter/8/0/0/0,7283:1747647654677:,1747647663599
counter/7/0/0/0,6692:1747647654769:,1747647663599
counter/7/0/0/0,6693:1747647654769:,1747647663599
counter/2/0/0/0,6746:1747647654053:,1747647663599
counter/7/0/0/0,6694:1747647654769:,1747647663599
counter/7/0/0/0,6695:1747647654770:,1747647663599
counter/7/0/0/0,6696:1747647654770:,1747647663599
counter/7/0/0/0,6697:1747647654770:,1747647663599
counter/10/0/0/0,6567:1747647654487:,1747647663599
counter/6/0/0/0,6290:1747647654776:,1747647663601
counter/6/0/0/0,6291:1747647654776:,1747647663601
counter/6/0/0/0,6292:1747647654776:,1747647663601
counter/6/0/0/0,6293:1747647654776:,1747647663601
counter/6/0/0/0,6294:1747647654776:,1747647663601
counter/6/0/0/0,6295:1747647654776:,1747647663601
counter/6/0/0/0,6296:1747647654776:,1747647663601
counter/6/0/0/0,6297:1747647654776:,1747647663601
counter/6/0/0/0,6298:1747647654776:,1747647663601
counter/9/0/0/0,7464:1747647655274:,1747647663601
counter/1/0/0/0,7730:1747647655773:,1747647663601
counter/3/0/0/0,7406:1747647655212:,1747647663601
counter/1/0/0/0,7731:1747647655773:,1747647663602
counter/10/0/0/0,6568:1747647654488:,1747647663603
counter/10/0/0/0,6569:1747647654488:,1747647663603
counter/10/0/0/0,6570:1747647654488:,1747647663603
counter/10/0/0/0,6571:1747647654488:,1747647663603
counter/10/0/0/0,6572:1747647654488:,1747647663603
counter/10/0/0/0,6573:1747647654488:,1747647663603
counter/10/0/0/0,6574:1747647654492:,1747647663603
counter/7/0/0/0,6698:1747647654770:,1747647663603
counter/1/0/0/0,7732:1747647655773:,1747647663603
counter/8/0/0/0,7284:1747647654677:,1747647663603
counter/8/0/0/0,7285:1747647654677:,1747647663603
counter/8/0/0/0,7286:1747647654678:,1747647663604
counter/8/0/0/0,7287:1747647654678:,1747647663604
counter/8/0/0/0,7288:1747647654678:,1747647663604
counter/5/0/0/0,7152:1747647655046:,1747647663604
counter/5/0/0/0,7153:1747647655046:,1747647663604
counter/1/0/0/0,7733:1747647655773:,1747647663604
counter/1/0/0/0,7734:1747647655773:,1747647663604
counter/1/0/0/0,7735:1747647655773:,1747647663604
counter/1/0/0/0,7736:1747647655773:,1747647663604
counter/1/0/0/0,7737:1747647655773:,1747647663604
counter/7/0/0/0,6699:1747647654770:,1747647663607
counter/10/0/0/0,6575:1747647654492:,1747647663607
counter/1/0/0/0,7738:1747647655773:,1747647663607
counter/6/0/0/0,6299:1747647654783:,1747647663607
counter/3/0/0/0,7407:1747647655212:,1747647663608
counter/3/0/0/0,7408:1747647655212:,1747647663608
counter/3/0/0/0,7409:1747647655213:,1747647663609
counter/3/0/0/0,7410:1747647655213:,1747647663609
counter/3/0/0/0,7411:1747647655213:,1747647663609
counter/3/0/0/0,7412:1747647655213:,1747647663609
counter/3/0/0/0,7413:1747647655220:,1747647663609
counter/3/0/0/0,7414:1747647655220:,1747647663609
counter/8/0/0/0,7289:1747647654695:,1747647663609
counter/7/0/0/0,6700:1747647654770:,1747647663609
counter/7/0/0/0,6701:1747647654770:,1747647663609
counter/7/0/0/0,6702:1747647654770:,1747647663609
counter/7/0/0/0,6703:1747647654770:,1747647663609
counter/7/0/0/0,6704:1747647654770:,1747647663609
counter/7/0/0/0,6705:1747647654770:,1747647663610
counter/7/0/0/0,6706:1747647654770:,1747647663610
counter/7/0/0/0,6707:1747647654770:,1747647663610
counter/7/0/0/0,6708:1747647654770:,1747647663610
counter/9/0/0/0,7465:1747647655274:,1747647663610
counter/8/0/0/0,7290:1747647654695:,1747647663610
counter/8/0/0/0,7291:1747647654695:,1747647663610
counter/8/0/0/0,7292:1747647654695:,1747647663610
counter/8/0/0/0,7293:1747647654695:,1747647663610
counter/9/0/0/0,7466:1747647655274:,1747647663611
counter/9/0/0/0,7467:1747647655274:,1747647663615
counter/6/0/0/0,6300:1747647654784:,1747647663616
counter/6/0/0/0,6301:1747647654784:,1747647663616
counter/6/0/0/0,6302:1747647654784:,1747647663616
counter/6/0/0/0,6303:1747647654784:,1747647663616
counter/6/0/0/0,6304:1747647654784:,1747647663616
counter/6/0/0/0,6305:1747647654784:,1747647663616
counter/6/0/0/0,6306:1747647654784:,1747647663616
counter/6/0/0/0,6307:1747647654784:,1747647663616
counter/3/0/0/0,7415:1747647655221:,1747647663616
counter/3/0/0/0,7416:1747647655221:,1747647663616
counter/1/0/0/0,7739:1747647655773:,1747647663617
counter/1/0/0/0,7740:1747647655773:,1747647663617
counter/1/0/0/0,7741:1747647655773:,1747647663617
counter/1/0/0/0,7742:1747647655773:,1747647663617
counter/1/0/0/0,7743:1747647655773:,1747647663617
counter/1/0/0/0,7744:1747647655773:,1747647663617
counter/7/0/0/0,6709:1747647654770:,1747647663619
counter/7/0/0/0,6710:1747647654770:,1747647663619
counter/7/0/0/0,6711:1747647654770:,1747647663619
counter/5/0/0/0,7154:1747647655046:,1747647663621
counter/7/0/0/0,6712:1747647654770:,1747647663621
counter/5/0/0/0,7155:1747647655046:,1747647663621
counter/5/0/0/0,7156:1747647655046:,1747647663621
counter/5/0/0/0,7157:1747647655046:,1747647663621
counter/5/0/0/0,7158:1747647655046:,1747647663621
counter/5/0/0/0,7159:1747647655046:,1747647663621
counter/5/0/0/0,7160:1747647655046:,1747647663621
counter/5/0/0/0,7161:1747647655046:,1747647663621
counter/5/0/0/0,7162:1747647655046:,1747647663621
counter/5/0/0/0,7163:1747647655046:,1747647663621
counter/5/0/0/0,7164:1747647655048:,1747647663621
counter/5/0/0/0,7165:1747647655049:,1747647663621
counter/5/0/0/0,7166:1747647655049:,1747647663621
counter/6/0/0/0,6308:1747647654988:,1747647663621
counter/4/0/0/0,7218:1747647655755:,1747647663622
counter/4/0/0/0,7219:1747647655755:,1747647663622
counter/4/0/0/0,7220:1747647655755:,1747647663622
counter/4/0/0/0,7221:1747647655755:,1747647663623
counter/4/0/0/0,7222:1747647655755:,1747647663623
counter/9/0/0/0,7468:1747647655274:,1747647663623
counter/9/0/0/0,7469:1747647655274:,1747647663623
counter/5/0/0/0,7167:1747647655049:,1747647663624
counter/5/0/0/0,7168:1747647655049:,1747647663624
counter/5/0/0/0,7169:1747647655049:,1747647663624
counter/5/0/0/0,7170:1747647655049:,1747647663624
counter/5/0/0/0,7171:1747647655049:,1747647663624
counter/5/0/0/0,7172:1747647655049:,1747647663624
counter/6/0/0/0,6309:1747647654995:,1747647663624
counter/1/0/0/0,7745:1747647655773:,1747647663624
counter/1/0/0/0,7746:1747647655774:,1747647663625
counter/5/0/0/0,7173:1747647655049:,1747647663627
counter/2/0/0/0,6747:1747647654053:,1747647663628
counter/2/0/0/0,6748:1747647654053:,1747647663628
counter/2/0/0/0,6749:1747647654053:,1747647663628
counter/2/0/0/0,6750:1747647654053:,1747647663628
counter/2/0/0/0,6751:1747647654053:,1747647663628
counter/2/0/0/0,6752:1747647654053:,1747647663629
counter/2/0/0/0,6753:1747647654053:,1747647663629
counter/8/0/0/0,7294:1747647654695:,1747647663629
counter/8/0/0/0,7295:1747647654695:,1747647663629
counter/8/0/0/0,7296:1747647654695:,1747647663629
counter/1/0/0/0,7747:1747647655774:,1747647663629
counter/1/0/0/0,7748:1747647655774:,1747647663629
counter/1/0/0/0,7749:1747647655774:,1747647663629
counter/9/0/0/0,7470:1747647655274:,1747647663629
counter/3/0/0/0,7417:1747647655221:,1747647663630
counter/3/0/0/0,7418:1747647655240:,1747647663631
counter/3/0/0/0,7419:1747647655240:,1747647663631
counter/3/0/0/0,7420:1747647655240:,1747647663631
counter/3/0/0/0,7421:1747647655240:,1747647663631
counter/3/0/0/0,7422:1747647655240:,1747647663631
counter/6/0/0/0,6310:1747647654995:,1747647663632
counter/6/0/0/0,6311:1747647654995:,1747647663632
counter/6/0/0/0,6312:1747647654995:,1747647663632
counter/2/0/0/0,6754:1747647654054:,1747647663632
counter/6/0/0/0,6313:1747647654995:,1747647663633
counter/6/0/0/0,6314:1747647654995:,1747647663633
counter/6/0/0/0,6315:1747647654995:,1747647663633
counter/6/0/0/0,6316:1747647654995:,1747647663633
counter/7/0/0/0,6713:1747647654770:,1747647663633
counter/7/0/0/0,6714:1747647654770:,1747647663633
counter/7/0/0/0,6715:1747647654770:,1747647663634
counter/9/0/0/0,7471:1747647655274:,1747647663634
counter/10/0/0/0,6576:1747647654492:,1747647663634
counter/10/0/0/0,6577:1747647654492:,1747647663634
counter/10/0/0/0,6578:1747647654492:,1747647663634
counter/3/0/0/0,7423:1747647655240:,1747647663634
counter/9/0/0/0,7472:1747647655274:,1747647663635
counter/10/0/0/0,6579:1747647654492:,1747647663635
counter/9/0/0/0,7473:1747647655274:,1747647663636
counter/3/0/0/0,7424:1747647655241:,1747647663636
counter/9/0/0/0,7474:1747647655274:,1747647663636
counter/3/0/0/0,7425:1747647655241:,1747647663636
counter/9/0/0/0,7475:1747647655274:,1747647663636
counter/3/0/0/0,7426:1747647655241:,1747647663636
counter/9/0/0/0,7476:1747647655274:,1747647663636
counter/1/0/0/0,7750:1747647655774:,1747647663636
counter/8/0/0/0,7297:1747647654695:,1747647663636
counter/8/0/0/0,7298:1747647654695:,1747647663636
counter/9/0/0/0,7477:1747647655274:,1747647663636
counter/2/0/0/0,6755:1747647654054:,1747647663636
counter/2/0/0/0,6756:1747647654054:,1747647663636
counter/2/0/0/0,6757:1747647654054:,1747647663636
counter/2/0/0/0,6758:1747647654054:,1747647663636
counter/2/0/0/0,6759:1747647654054:,1747647663636
counter/10/0/0/0,6580:1747647654492:,1747647663637
counter/6/0/0/0,6317:1747647654995:,1747647663637
counter/10/0/0/0,6581:1747647654492:,1747647663637
counter/9/0/0/0,7478:1747647655274:,1747647663637
counter/7/0/0/0,6716:1747647654773:,1747647663638
counter/7/0/0/0,6717:1747647654773:,1747647663638
counter/7/0/0/0,6718:1747647654773:,1747647663638
counter/7/0/0/0,6719:1747647654773:,1747647663638
counter/7/0/0/0,6720:1747647654773:,1747647663638
counter/7/0/0/0,6721:1747647654773:,1747647663638
counter/7/0/0/0,6722:1747647654773:,1747647663638
counter/7/0/0/0,6723:1747647654773:,1747647663638
counter/7/0/0/0,6724:1747647654773:,1747647663638
counter/7/0/0/0,6725:1747647654773:,1747647663638
counter/7/0/0/0,6726:1747647654773:,1747647663638
counter/7/0/0/0,6727:1747647654773:,1747647663638
counter/7/0/0/0,6728:1747647654773:,1747647663638
counter/7/0/0/0,6729:1747647654774:,1747647663638
counter/7/0/0/0,6730:1747647654774:,1747647663638
counter/7/0/0/0,6731:1747647654774:,1747647663638
counter/7/0/0/0,6732:1747647654776:,1747647663638
counter/7/0/0/0,6733:1747647654776:,1747647663638
counter/7/0/0/0,6734:1747647654776:,1747647663639
counter/9/0/0/0,7479:1747647655274:,1747647663639
counter/9/0/0/0,7480:1747647655275:,1747647663639
counter/9/0/0/0,7481:1747647655276:,1747647663639
counter/9/0/0/0,7482:1747647655276:,1747647663639
counter/9/0/0/0,7483:1747647655276:,1747647663639
counter/9/0/0/0,7484:1747647655276:,1747647663639
counter/4/0/0/0,7223:1747647655755:,1747647663639
counter/9/0/0/0,7485:1747647655276:,1747647663639
counter/7/0/0/0,6735:1747647654776:,1747647663640
counter/1/0/0/0,7751:1747647655774:,1747647663640
counter/8/0/0/0,7299:1747647654695:,1747647663640
counter/8/0/0/0,7300:1747647654695:,1747647663640
counter/8/0/0/0,7301:1747647654695:,1747647663640
counter/8/0/0/0,7302:1747647654695:,1747647663640
counter/8/0/0/0,7303:1747647654695:,1747647663640
counter/8/0/0/0,7304:1747647654695:,1747647663640
counter/3/0/0/0,7427:1747647655241:,1747647663641
counter/3/0/0/0,7428:1747647655241:,1747647663641
counter/3/0/0/0,7429:1747647655241:,1747647663641
counter/3/0/0/0,7430:1747647655241:,1747647663641
counter/3/0/0/0,7431:1747647655241:,1747647663641
counter/5/0/0/0,7174:1747647655051:,1747647663641
counter/3/0/0/0,7432:1747647655241:,1747647663641
counter/3/0/0/0,7433:1747647655241:,1747647663641
counter/3/0/0/0,7434:1747647655247:,1747647663641
counter/3/0/0/0,7435:1747647655247:,1747647663642
counter/3/0/0/0,7436:1747647655247:,1747647663642
counter/2/0/0/0,6760:1747647654061:,1747647663642
counter/1/0/0/0,7752:1747647655774:,1747647663643
counter/1/0/0/0,7753:1747647655774:,1747647663643
counter/8/0/0/0,7305:1747647654698:,1747647663643
counter/1/0/0/0,7754:1747647655774:,1747647663643
counter/1/0/0/0,7755:1747647655774:,1747647663643
counter/1/0/0/0,7756:1747647655774:,1747647663643
counter/1/0/0/0,7757:1747647655777:,1747647663643
counter/1/0/0/0,7758:1747647655777:,1747647663643
counter/1/0/0/0,7759:1747647655777:,1747647663643
counter/6/0/0/0,6318:1747647654995:,1747647663644
counter/1/0/0/0,7760:1747647655777:,1747647663644
counter/4/0/0/0,7224:1747647655755:,1747647663644
counter/6/0/0/0,6319:1747647654995:,1747647663644
counter/4/0/0/0,7225:1747647655755:,1747647663645
counter/4/0/0/0,7226:1747647655755:,1747647663645
counter/4/0/0/0,7227:1747647655757:,1747647663645
counter/4/0/0/0,7228:1747647655757:,1747647663645
counter/4/0/0/0,7229:1747647655757:,1747647663645
counter/1/0/0/0,7761:1747647655777:,1747647663645
counter/2/0/0/0,6761:1747647654061:,1747647663645
counter/2/0/0/0,6762:1747647654061:,1747647663645
counter/2/0/0/0,6763:1747647654061:,1747647663645
counter/2/0/0/0,6764:1747647654061:,1747647663646
counter/2/0/0/0,6765:1747647654061:,1747647663646
counter/2/0/0/0,6766:1747647654061:,1747647663646
counter/3/0/0/0,7437:1747647655248:,1747647663646
counter/3/0/0/0,7438:1747647655248:,1747647663646
counter/3/0/0/0,7439:1747647655253:,1747647663646
counter/2/0/0/0,6767:1747647654061:,1747647663646
counter/9/0/0/0,7486:1747647655276:,1747647663646
counter/9/0/0/0,7487:1747647655287:,1747647663646
counter/9/0/0/0,7488:1747647655288:,1747647663647
counter/9/0/0/0,7489:1747647655288:,1747647663647
counter/9/0/0/0,7490:1747647655288:,1747647663647
counter/9/0/0/0,7491:1747647655288:,1747647663647
counter/9/0/0/0,7492:1747647655288:,1747647663647
counter/6/0/0/0,6320:1747647654995:,1747647663647
counter/9/0/0/0,7493:1747647655288:,1747647663647
counter/7/0/0/0,6736:1747647654781:,1747647663647
counter/5/0/0/0,7175:1747647655051:,1747647663648
counter/5/0/0/0,7176:1747647655051:,1747647663649
counter/5/0/0/0,7177:1747647655051:,1747647663649
counter/5/0/0/0,7178:1747647655060:,1747647663649
counter/5/0/0/0,7179:1747647655060:,1747647663649
counter/5/0/0/0,7180:1747647655060:,1747647663649
counter/5/0/0/0,7181:1747647655060:,1747647663649
counter/5/0/0/0,7182:1747647655060:,1747647663649
counter/6/0/0/0,6321:1747647654995:,1747647663649
counter/10/0/0/0,6582:1747647654492:,1747647663650
counter/2/0/0/0,6768:1747647654061:,1747647663650
counter/2/0/0/0,6769:1747647654063:,1747647663650
counter/2/0/0/0,6770:1747647654063:,1747647663651
counter/2/0/0/0,6771:1747647654064:,1747647663651
counter/2/0/0/0,6772:1747647654064:,1747647663651
counter/2/0/0/0,6773:1747647654064:,1747647663651
counter/2/0/0/0,6774:1747647654064:,1747647663651
counter/2/0/0/0,6775:1747647654064:,1747647663651
counter/2/0/0/0,6776:1747647654064:,1747647663651
counter/2/0/0/0,6777:1747647654065:,1747647663651
counter/8/0/0/0,7306:1747647654698:,1747647663652
counter/6/0/0/0,6322:1747647654995:,1747647663652
counter/6/0/0/0,6323:1747647654997:,1747647663652
counter/6/0/0/0,6324:1747647654998:,1747647663652
counter/6/0/0/0,6325:1747647654998:,1747647663652
counter/6/0/0/0,6326:1747647654998:,1747647663652
counter/6/0/0/0,6327:1747647654998:,1747647663652
counter/6/0/0/0,6328:1747647654998:,1747647663652
counter/1/0/0/0,7762:1747647655777:,1747647663652
counter/1/0/0/0,7763:1747647655777:,1747647663652
counter/1/0/0/0,7764:1747647655792:,1747647663652
counter/1/0/0/0,7765:1747647655792:,1747647663652
counter/4/0/0/0,7230:1747647655757:,1747647663652
counter/3/0/0/0,7440:1747647655253:,1747647663652
counter/10/0/0/0,6583:1747647654492:,1747647663652
counter/9/0/0/0,7494:1747647655288:,1747647663652
counter/9/0/0/0,7495:1747647655288:,1747647663652
counter/9/0/0/0,7496:1747647655292:,1747647663652
counter/10/0/0/0,6584:1747647654492:,1747647663653
counter/7/0/0/0,6737:1747647654781:,1747647663654
counter/8/0/0/0,7307:1747647654698:,1747647663655
counter/9/0/0/0,7497:1747647655292:,1747647663656
counter/9/0/0/0,7498:1747647655292:,1747647663656
counter/9/0/0/0,7499:1747647655292:,1747647663656
counter/9/0/0/0,7500:1747647655292:,1747647663656
counter/9/0/0/0,7501:1747647655292:,1747647663656
counter/9/0/0/0,7502:1747647655292:,1747647663656
counter/9/0/0/0,7503:1747647655293:,1747647663656
counter/9/0/0/0,7504:1747647655293:,1747647663656
counter/9/0/0/0,7505:1747647655293:,1747647663656
counter/9/0/0/0,7506:1747647655293:,1747647663657
counter/4/0/0/0,7231:1747647655757:,1747647663657
counter/4/0/0/0,7232:1747647655757:,1747647663657
counter/4/0/0/0,7233:1747647655757:,1747647663657
counter/4/0/0/0,7234:1747647655757:,1747647663657
counter/4/0/0/0,7235:1747647655757:,1747647663657
counter/5/0/0/0,7183:1747647655060:,1747647663657
counter/5/0/0/0,7184:1747647655060:,1747647663657
counter/5/0/0/0,7185:1747647655065:,1747647663657
counter/2/0/0/0,6778:1747647654065:,1747647663657
counter/2/0/0/0,6779:1747647654065:,1747647663657
counter/7/0/0/0,6738:1747647654783:,1747647663657
counter/4/0/0/0,7236:1747647655757:,1747647663657
counter/4/0/0/0,7237:1747647655757:,1747647663657
counter/4/0/0/0,7238:1747647655757:,1747647663657
counter/4/0/0/0,7239:1747647655757:,1747647663657
counter/4/0/0/0,7240:1747647655757:,1747647663657
counter/10/0/0/0,6585:1747647654492:,1747647663657
counter/2/0/0/0,6780:1747647654065:,1747647663658
counter/2/0/0/0,6781:1747647654065:,1747647663658
counter/9/0/0/0,7507:1747647655293:,1747647663658
counter/2/0/0/0,6782:1747647654065:,1747647663658
counter/1/0/0/0,7766:1747647655792:,1747647663660
counter/2/0/0/0,6783:1747647654065:,1747647663660
counter/8/0/0/0,7308:1747647654698:,1747647663660
counter/8/0/0/0,7309:1747647654698:,1747647663661
counter/8/0/0/0,7310:1747647654698:,1747647663661
counter/8/0/0/0,7311:1747647654698:,1747647663662
counter/8/0/0/0,7312:1747647654698:,1747647663662
counter/8/0/0/0,7313:1747647654698:,1747647663662
counter/8/0/0/0,7314:1747647654698:,1747647663662
counter/8/0/0/0,7315:1747647654698:,1747647663662
counter/8/0/0/0,7316:1747647654698:,1747647663662
counter/8/0/0/0,7317:1747647654698:,1747647663662
counter/8/0/0/0,7318:1747647654698:,1747647663662
counter/8/0/0/0,7319:1747647654698:,1747647663662
counter/8/0/0/0,7320:1747647654698:,1747647663662
counter/7/0/0/0,6739:1747647654783:,1747647663662
counter/7/0/0/0,6740:1747647654783:,1747647663662
counter/7/0/0/0,6741:1747647654783:,1747647663662
counter/7/0/0/0,6742:1747647654783:,1747647663662
counter/7/0/0/0,6743:1747647654783:,1747647663662
counter/1/0/0/0,7767:1747647655792:,1747647663664
counter/6/0/0/0,6329:1747647654998:,1747647663664
counter/4/0/0/0,7241:1747647655757:,1747647663664
counter/3/0/0/0,7441:1747647655254:,1747647663664
counter/3/0/0/0,7442:1747647655254:,1747647663664
counter/3/0/0/0,7443:1747647655254:,1747647663664
counter/3/0/0/0,7444:1747647655254:,1747647663664
counter/3/0/0/0,7445:1747647655254:,1747647663664
counter/7/0/0/0,6744:1747647654783:,1747647663664
counter/9/0/0/0,7508:1747647655293:,1747647663665
counter/9/0/0/0,7509:1747647655298:,1747647663665
counter/9/0/0/0,7510:1747647655298:,1747647663665
counter/9/0/0/0,7511:1747647655298:,1747647663665
counter/9/0/0/0,7512:1747647655298:,1747647663665
counter/9/0/0/0,7513:1747647655298:,1747647663665
counter/9/0/0/0,7514:1747647655298:,1747647663665
counter/9/0/0/0,7515:1747647655298:,1747647663665
counter/10/0/0/0,6586:1747647654492:,1747647663665
counter/3/0/0/0,7446:1747647655254:,1747647663666
counter/10/0/0/0,6587:1747647654492:,1747647663666
counter/3/0/0/0,7447:1747647655254:,1747647663666
counter/10/0/0/0,6588:1747647654492:,1747647663666
counter/10/0/0/0,6589:1747647654492:,1747647663666
counter/10/0/0/0,6590:1747647654492:,1747647663666
counter/10/0/0/0,6591:1747647654492:,1747647663666
counter/10/0/0/0,6592:1747647654504:,1747647663666
counter/10/0/0/0,6593:1747647654504:,1747647663666
counter/10/0/0/0,6594:1747647654505:,1747647663667
counter/5/0/0/0,7186:1747647655065:,1747647663667
counter/9/0/0/0,7516:1747647655298:,1747647663667
counter/9/0/0/0,7517:1747647655298:,1747647663667
counter/9/0/0/0,7518:1747647655298:,1747647663667
counter/9/0/0/0,7519:1747647655299:,1747647663667
counter/9/0/0/0,7520:1747647655300:,1747647663667
counter/9/0/0/0,7521:1747647655300:,1747647663667
counter/4/0/0/0,7242:1747647655758:,1747647663667
counter/9/0/0/0,7522:1747647655300:,1747647663667
counter/9/0/0/0,7523:1747647655300:,1747647663668
counter/9/0/0/0,7524:1747647655305:,1747647663668
counter/9/0/0/0,7525:1747647655305:,1747647663668
counter/9/0/0/0,7526:1747647655305:,1747647663668
counter/9/0/0/0,7527:1747647655305:,1747647663668
counter/9/0/0/0,7528:1747647655305:,1747647663668
counter/9/0/0/0,7529:1747647655310:,1747647663668
counter/9/0/0/0,7530:1747647655310:,1747647663668
counter/9/0/0/0,7531:1747647655310:,1747647663668
counter/9/0/0/0,7532:1747647655310:,1747647663668
counter/9/0/0/0,7533:1747647655310:,1747647663668
counter/9/0/0/0,7534:1747647655310:,1747647663668
counter/9/0/0/0,7535:1747647655310:,1747647663668
counter/9/0/0/0,7536:1747647655310:,1747647663668
counter/2/0/0/0,6784:1747647654065:,1747647663669
counter/9/0/0/0,7537:1747647655310:,1747647663669
counter/9/0/0/0,7538:1747647655311:,1747647663669
counter/9/0/0/0,7539:1747647655311:,1747647663669
counter/9/0/0/0,7540:1747647655311:,1747647663670
counter/9/0/0/0,7541:1747647655311:,1747647663670
counter/2/0/0/0,6785:1747647654065:,1747647663670
counter/9/0/0/0,7542:1747647655311:,1747647663670
counter/2/0/0/0,6786:1747647654065:,1747647663670
counter/9/0/0/0,7543:1747647655311:,1747647663670
counter/2/0/0/0,6787:1747647654065:,1747647663670
counter/7/0/0/0,6745:1747647654783:,1747647663670
counter/6/0/0/0,6330:1747647655002:,1747647663670
counter/5/0/0/0,7187:1747647655065:,1747647663671
counter/1/0/0/0,7768:1747647655792:,1747647663671
counter/9/0/0/0,7544:1747647655311:,1747647663672
counter/8/0/0/0,7321:1747647654698:,1747647663672
counter/3/0/0/0,7448:1747647655254:,1747647663673
counter/3/0/0/0,7449:1747647655254:,1747647663673
counter/9/0/0/0,7545:1747647655311:,1747647663673
counter/9/0/0/0,7546:1747647655311:,1747647663673
counter/9/0/0/0,7547:1747647655311:,1747647663673
counter/8/0/0/0,7322:1747647654698:,1747647663673
counter/5/0/0/0,7188:1747647655065:,1747647663673
counter/6/0/0/0,6331:1747647655002:,1747647663673
counter/6/0/0/0,6332:1747647655002:,1747647663673
counter/7/0/0/0,6746:1747647654783:,1747647663674
counter/7/0/0/0,6747:1747647654783:,1747647663674
counter/10/0/0/0,6595:1747647654505:,1747647663674
counter/10/0/0/0,6596:1747647654505:,1747647663674
counter/7/0/0/0,6748:1747647654981:,1747647663674
counter/10/0/0/0,6597:1747647654505:,1747647663675
counter/2/0/0/0,6788:1747647654065:,1747647663675
counter/2/0/0/0,6789:1747647654071:,1747647663675
counter/2/0/0/0,6790:1747647654072:,1747647663675
counter/2/0/0/0,6791:1747647654072:,1747647663675
counter/6/0/0/0,6333:1747647655002:,1747647663675
counter/10/0/0/0,6598:1747647654505:,1747647663676
counter/10/0/0/0,6599:1747647654505:,1747647663676
counter/10/0/0/0,6600:1747647654505:,1747647663676
counter/10/0/0/0,6601:1747647654505:,1747647663676
counter/10/0/0/0,6602:1747647654505:,1747647663676
counter/2/0/0/0,6792:1747647654072:,1747647663676
counter/10/0/0/0,6603:1747647654505:,1747647663676
counter/9/0/0/0,7548:1747647655311:,1747647663676
counter/10/0/0/0,6604:1747647654505:,1747647663677
counter/2/0/0/0,6793:1747647654072:,1747647663677
counter/9/0/0/0,7549:1747647655311:,1747647663677
counter/9/0/0/0,7550:1747647655315:,1747647663677
counter/9/0/0/0,7551:1747647655316:,1747647663677
counter/9/0/0/0,7552:1747647655316:,1747647663677
counter/9/0/0/0,7553:1747647655316:,1747647663677
counter/9/0/0/0,7554:1747647655316:,1747647663677
counter/9/0/0/0,7555:1747647655316:,1747647663677
counter/4/0/0/0,7243:1747647655758:,1747647663677
counter/5/0/0/0,7189:1747647655065:,1747647663680
counter/8/0/0/0,7323:1747647654698:,1747647663680
counter/8/0/0/0,7324:1747647654698:,1747647663680
counter/8/0/0/0,7325:1747647654698:,1747647663680
counter/8/0/0/0,7326:1747647654703:,1747647663680
counter/8/0/0/0,7327:1747647654703:,1747647663680
counter/8/0/0/0,7328:1747647654703:,1747647663680
counter/8/0/0/0,7329:1747647654703:,1747647663680
counter/2/0/0/0,6794:1747647654072:,1747647663680
counter/3/0/0/0,7450:1747647655254:,1747647663681
counter/9/0/0/0,7556:1747647655316:,1747647663681
counter/8/0/0/0,7330:1747647654703:,1747647663681
counter/7/0/0/0,6749:1747647654985:,1747647663683
counter/7/0/0/0,6750:1747647654985:,1747647663684
counter/9/0/0/0,7557:1747647655316:,1747647663684
counter/9/0/0/0,7558:1747647655316:,1747647663684
counter/9/0/0/0,7559:1747647655316:,1747647663684
counter/9/0/0/0,7560:1747647655316:,1747647663684
counter/9/0/0/0,7561:1747647655316:,1747647663684
counter/9/0/0/0,7562:1747647655316:,1747647663684
counter/9/0/0/0,7563:1747647655316:,1747647663684
counter/6/0/0/0,6334:1747647655002:,1747647663684
counter/6/0/0/0,6335:1747647655002:,1747647663684
counter/6/0/0/0,6336:1747647655002:,1747647663684
counter/6/0/0/0,6337:1747647655002:,1747647663684
counter/6/0/0/0,6338:1747647655002:,1747647663684
counter/6/0/0/0,6339:1747647655002:,1747647663684
counter/6/0/0/0,6340:1747647655002:,1747647663684
counter/6/0/0/0,6341:1747647655002:,1747647663684
counter/6/0/0/0,6342:1747647655002:,1747647663684
counter/6/0/0/0,6343:1747647655002:,1747647663684
counter/6/0/0/0,6344:1747647655002:,1747647663684
counter/7/0/0/0,6751:1747647654985:,1747647663684
counter/9/0/0/0,7564:1747647655316:,1747647663684
counter/9/0/0/0,7565:1747647655316:,1747647663685
counter/9/0/0/0,7566:1747647655316:,1747647663685
counter/9/0/0/0,7567:1747647655316:,1747647663685
counter/9/0/0/0,7568:1747647655316:,1747647663685
counter/9/0/0/0,7569:1747647655316:,1747647663685
counter/9/0/0/0,7570:1747647655316:,1747647663685
counter/9/0/0/0,7571:1747647655316:,1747647663685
counter/9/0/0/0,7572:1747647655316:,1747647663685
counter/9/0/0/0,7573:1747647655316:,1747647663685
counter/9/0/0/0,7574:1747647655316:,1747647663685
counter/9/0/0/0,7575:1747647655316:,1747647663685
counter/4/0/0/0,7244:1747647655758:,1747647663685
counter/5/0/0/0,7190:1747647655065:,1747647663685
counter/8/0/0/0,7331:1747647654703:,1747647663685
counter/8/0/0/0,7332:1747647654703:,1747647663690
counter/8/0/0/0,7333:1747647654703:,1747647663690
counter/8/0/0/0,7334:1747647654703:,1747647663690
counter/9/0/0/0,7576:1747647655316:,1747647663690
counter/3/0/0/0,7451:1747647655254:,1747647663690
counter/7/0/0/0,6752:1747647654986:,1747647663691
counter/2/0/0/0,6795:1747647654072:,1747647663692
counter/2/0/0/0,6796:1747647654072:,1747647663692
counter/7/0/0/0,6753:1747647654987:,1747647663692
counter/5/0/0/0,7191:1747647655065:,1747647663693
counter/5/0/0/0,7192:1747647655065:,1747647663693
counter/5/0/0/0,7193:1747647655065:,1747647663693
counter/8/0/0/0,7335:1747647654705:,1747647663694
counter/8/0/0/0,7336:1747647654706:,1747647663694
counter/2/0/0/0,6797:1747647654072:,1747647663694
counter/7/0/0/0,6754:1747647654987:,1747647663694
counter/7/0/0/0,6755:1747647654987:,1747647663694
counter/7/0/0/0,6756:1747647654989:,1747647663695
counter/7/0/0/0,6757:1747647654989:,1747647663695
counter/7/0/0/0,6758:1747647654992:,1747647663695
counter/7/0/0/0,6759:1747647654992:,1747647663695
counter/7/0/0/0,6760:1747647654992:,1747647663695
counter/7/0/0/0,6761:1747647654992:,1747647663695
counter/7/0/0/0,6762:1747647654992:,1747647663695
counter/7/0/0/0,6763:1747647654992:,1747647663695
counter/7/0/0/0,6764:1747647654992:,1747647663695
counter/7/0/0/0,6765:1747647654992:,1747647663695
counter/7/0/0/0,6766:1747647654992:,1747647663695
counter/7/0/0/0,6767:1747647654992:,1747647663695
counter/8/0/0/0,7337:1747647654706:,1747647663695
counter/7/0/0/0,6768:1747647654992:,1747647663696
counter/8/0/0/0,7338:1747647654706:,1747647663696
counter/2/0/0/0,6798:1747647654072:,1747647663696
counter/6/0/0/0,6345:1747647655002:,1747647663696
counter/6/0/0/0,6346:1747647655004:,1747647663696
counter/6/0/0/0,6347:1747647655004:,1747647663696
counter/6/0/0/0,6348:1747647655004:,1747647663696
counter/6/0/0/0,6349:1747647655004:,1747647663696
counter/9/0/0/0,7577:1747647655319:,1747647663699
counter/1/0/0/0,7769:1747647655792:,1747647663700
counter/6/0/0/0,6350:1747647655004:,1747647663700
counter/6/0/0/0,6351:1747647655005:,1747647663700
counter/3/0/0/0,7452:1747647655254:,1747647663700
counter/3/0/0/0,7453:1747647655255:,1747647663700
counter/3/0/0/0,7454:1747647655255:,1747647663701
counter/3/0/0/0,7455:1747647655270:,1747647663701
counter/3/0/0/0,7456:1747647655270:,1747647663701
counter/3/0/0/0,7457:1747647655270:,1747647663701
counter/3/0/0/0,7458:1747647655270:,1747647663701
counter/3/0/0/0,7459:1747647655270:,1747647663701
counter/3/0/0/0,7460:1747647655279:,1747647663701
counter/3/0/0/0,7461:1747647655279:,1747647663701
counter/3/0/0/0,7462:1747647655280:,1747647663701
counter/3/0/0/0,7463:1747647655280:,1747647663701
counter/3/0/0/0,7464:1747647655280:,1747647663701
counter/3/0/0/0,7465:1747647655280:,1747647663701
counter/3/0/0/0,7466:1747647655280:,1747647663701
counter/3/0/0/0,7467:1747647655280:,1747647663701
counter/6/0/0/0,6352:1747647655005:,1747647663701
counter/2/0/0/0,6799:1747647654072:,1747647663701
counter/1/0/0/0,7770:1747647655792:,1747647663701
counter/8/0/0/0,7339:1747647654706:,1747647663702
counter/8/0/0/0,7340:1747647654706:,1747647663702
counter/5/0/0/0,7194:1747647655066:,1747647663704
counter/3/0/0/0,7468:1747647655280:,1747647663704
counter/5/0/0/0,7195:1747647655066:,1747647663704
counter/7/0/0/0,6769:1747647654992:,1747647663705
counter/1/0/0/0,7771:1747647655792:,1747647663705
counter/2/0/0/0,6800:1747647654072:,1747647663705
counter/1/0/0/0,7772:1747647655792:,1747647663706
counter/1/0/0/0,7773:1747647655792:,1747647663706
counter/1/0/0/0,7774:1747647655793:,1747647663706
counter/1/0/0/0,7775:1747647655793:,1747647663706
counter/1/0/0/0,7776:1747647655793:,1747647663706
counter/1/0/0/0,7777:1747647655793:,1747647663706
counter/5/0/0/0,7196:1747647655066:,1747647663706
counter/1/0/0/0,7778:1747647655793:,1747647663706
counter/7/0/0/0,6770:1747647654992:,1747647663706
counter/1/0/0/0,7779:1747647655793:,1747647663706
counter/5/0/0/0,7197:1747647655066:,1747647663706
counter/2/0/0/0,6801:1747647654072:,1747647663707
counter/9/0/0/0,7578:1747647655319:,1747647663707
counter/3/0/0/0,7469:1747647655280:,1747647663707
counter/3/0/0/0,7470:1747647655280:,1747647663707
counter/3/0/0/0,7471:1747647655280:,1747647663707
counter/1/0/0/0,7780:1747647655794:,1747647663707
counter/3/0/0/0,7472:1747647655280:,1747647663708
counter/3/0/0/0,7473:1747647655280:,1747647663708
counter/5/0/0/0,7198:1747647655066:,1747647663708
counter/3/0/0/0,7474:1747647655284:,1747647663708
counter/3/0/0/0,7475:1747647655284:,1747647663708
counter/3/0/0/0,7476:1747647655284:,1747647663708
counter/3/0/0/0,7477:1747647655284:,1747647663708
counter/3/0/0/0,7478:1747647655284:,1747647663708
counter/3/0/0/0,7479:1747647655284:,1747647663708
counter/6/0/0/0,6353:1747647655005:,1747647663708
counter/1/0/0/0,7781:1747647655794:,1747647663708
counter/6/0/0/0,6354:1747647655005:,1747647663709
counter/6/0/0/0,6355:1747647655005:,1747647663709
counter/6/0/0/0,6356:1747647655005:,1747647663709
counter/6/0/0/0,6357:1747647655005:,1747647663709
counter/10/0/0/0,6605:1747647654505:,1747647663710
counter/4/0/0/0,7245:1747647655758:,1747647663710
counter/4/0/0/0,7246:1747647655758:,1747647663710
counter/4/0/0/0,7247:1747647655758:,1747647663710
counter/4/0/0/0,7248:1747647655758:,1747647663710
counter/4/0/0/0,7249:1747647655758:,1747647663710
counter/4/0/0/0,7250:1747647655758:,1747647663710
counter/5/0/0/0,7199:1747647655066:,1747647663710
counter/10/0/0/0,6606:1747647654505:,1747647663710
counter/10/0/0/0,6607:1747647654505:,1747647663710
counter/10/0/0/0,6608:1747647654505:,1747647663710
counter/10/0/0/0,6609:1747647654505:,1747647663711
counter/10/0/0/0,6610:1747647654507:,1747647663711
counter/8/0/0/0,7341:1747647654706:,1747647663711
counter/10/0/0/0,6611:1747647654507:,1747647663711
counter/8/0/0/0,7342:1747647654706:,1747647663711
counter/10/0/0/0,6612:1747647654507:,1747647663711
counter/8/0/0/0,7343:1747647654706:,1747647663711
counter/8/0/0/0,7344:1747647654706:,1747647663711
counter/7/0/0/0,6771:1747647654992:,1747647663711
counter/7/0/0/0,6772:1747647654993:,1747647663711
counter/7/0/0/0,6773:1747647654993:,1747647663711
counter/7/0/0/0,6774:1747647654993:,1747647663711
counter/6/0/0/0,6358:1747647655005:,1747647663711
counter/7/0/0/0,6775:1747647654993:,1747647663711
counter/6/0/0/0,6359:1747647655005:,1747647663711
counter/6/0/0/0,6360:1747647655009:,1747647663711
counter/6/0/0/0,6361:1747647655009:,1747647663711
counter/6/0/0/0,6362:1747647655009:,1747647663711
counter/6/0/0/0,6363:1747647655009:,1747647663711
counter/6/0/0/0,6364:1747647655009:,1747647663711
counter/6/0/0/0,6365:1747647655009:,1747647663711
counter/6/0/0/0,6366:1747647655009:,1747647663711
counter/6/0/0/0,6367:1747647655009:,1747647663711
counter/6/0/0/0,6368:1747647655009:,1747647663712
counter/6/0/0/0,6369:1747647655009:,1747647663712
counter/6/0/0/0,6370:1747647655009:,1747647663712
counter/9/0/0/0,7579:1747647655319:,1747647663712
counter/5/0/0/0,7200:1747647655066:,1747647663712
counter/9/0/0/0,7580:1747647655319:,1747647663712
counter/5/0/0/0,7201:1747647655080:,1747647663712
counter/10/0/0/0,6613:1747647654507:,1747647663712
counter/8/0/0/0,7345:1747647654706:,1747647663712
counter/10/0/0/0,6614:1747647654507:,1747647663712
counter/7/0/0/0,6776:1747647654994:,1747647663712
counter/2/0/0/0,6802:1747647654072:,1747647663714
counter/7/0/0/0,6777:1747647654994:,1747647663714
counter/8/0/0/0,7346:1747647654706:,1747647663714
counter/8/0/0/0,7347:1747647654707:,1747647663714
counter/8/0/0/0,7348:1747647654707:,1747647663714
counter/8/0/0/0,7349:1747647654707:,1747647663714
counter/1/0/0/0,7782:1747647655794:,1747647663715
counter/4/0/0/0,7251:1747647655758:,1747647663716
counter/1/0/0/0,7783:1747647655810:,1747647663716
counter/7/0/0/0,6778:1747647654994:,1747647663716
counter/1/0/0/0,7784:1747647655810:,1747647663716
counter/1/0/0/0,7785:1747647655810:,1747647663716
counter/1/0/0/0,7786:1747647655810:,1747647663716
counter/1/0/0/0,7787:1747647655810:,1747647663716
counter/1/0/0/0,7788:1747647655810:,1747647663716
counter/3/0/0/0,7480:1747647655284:,1747647663717
counter/3/0/0/0,7481:1747647655284:,1747647663717
counter/3/0/0/0,7482:1747647655284:,1747647663717
counter/3/0/0/0,7483:1747647655284:,1747647663717
counter/3/0/0/0,7484:1747647655284:,1747647663717
counter/3/0/0/0,7485:1747647655284:,1747647663717
counter/3/0/0/0,7486:1747647655284:,1747647663717
counter/3/0/0/0,7487:1747647655290:,1747647663717
counter/3/0/0/0,7488:1747647655290:,1747647663717
counter/3/0/0/0,7489:1747647655290:,1747647663717
counter/3/0/0/0,7490:1747647655290:,1747647663717
counter/3/0/0/0,7491:1747647655290:,1747647663717
counter/3/0/0/0,7492:1747647655305:,1747647663718
counter/3/0/0/0,7493:1747647655305:,1747647663718
counter/3/0/0/0,7494:1747647655305:,1747647663718
counter/3/0/0/0,7495:1747647655305:,1747647663718
counter/3/0/0/0,7496:1747647655305:,1747647663718
counter/3/0/0/0,7497:1747647655305:,1747647663718
counter/3/0/0/0,7498:1747647655305:,1747647663718
counter/3/0/0/0,7499:1747647655305:,1747647663719
counter/1/0/0/0,7789:1747647655810:,1747647663719
counter/3/0/0/0,7500:1747647655305:,1747647663719
counter/3/0/0/0,7501:1747647655305:,1747647663719
counter/3/0/0/0,7502:1747647655305:,1747647663719
counter/3/0/0/0,7503:1747647655305:,1747647663719
counter/3/0/0/0,7504:1747647655305:,1747647663719
counter/3/0/0/0,7505:1747647655305:,1747647663719
counter/3/0/0/0,7506:1747647655317:,1747647663719
counter/8/0/0/0,7350:1747647654707:,1747647663719
counter/3/0/0/0,7507:1747647655317:,1747647663719
counter/9/0/0/0,7581:1747647655319:,1747647663719
counter/9/0/0/0,7582:1747647655319:,1747647663719
counter/2/0/0/0,6803:1747647654072:,1747647663719
counter/5/0/0/0,7202:1747647655080:,1747647663719
counter/7/0/0/0,6779:1747647654994:,1747647663719
counter/5/0/0/0,7203:1747647655088:,1747647663719
counter/4/0/0/0,7252:1747647655759:,1747647663719
counter/5/0/0/0,7204:1747647655088:,1747647663719
counter/4/0/0/0,7253:1747647655759:,1747647663719
counter/5/0/0/0,7205:1747647655088:,1747647663719
counter/4/0/0/0,7254:1747647655759:,1747647663719
counter/4/0/0/0,7255:1747647655759:,1747647663719
counter/4/0/0/0,7256:1747647655776:,1747647663719
counter/4/0/0/0,7257:1747647655776:,1747647663720
counter/4/0/0/0,7258:1747647655776:,1747647663720
counter/4/0/0/0,7259:1747647655776:,1747647663720
counter/4/0/0/0,7260:1747647655776:,1747647663720
counter/4/0/0/0,7261:1747647655776:,1747647663720
counter/4/0/0/0,7262:1747647655776:,1747647663720
counter/4/0/0/0,7263:1747647655777:,1747647663720
counter/4/0/0/0,7264:1747647655777:,1747647663720
counter/4/0/0/0,7265:1747647655779:,1747647663720
counter/4/0/0/0,7266:1747647655779:,1747647663720
counter/4/0/0/0,7267:1747647655779:,1747647663720
counter/4/0/0/0,7268:1747647655779:,1747647663720
counter/7/0/0/0,6780:1747647654994:,1747647663720
counter/4/0/0/0,7269:1747647655779:,1747647663720
counter/7/0/0/0,6781:1747647654994:,1747647663720
counter/4/0/0/0,7270:1747647655779:,1747647663720
counter/7/0/0/0,6782:1747647654994:,1747647663720
counter/4/0/0/0,7271:1747647655779:,1747647663720
counter/7/0/0/0,6783:1747647654997:,1747647663720
counter/7/0/0/0,6784:1747647654997:,1747647663720
counter/7/0/0/0,6785:1747647654997:,1747647663720
counter/7/0/0/0,6786:1747647654997:,1747647663720
counter/7/0/0/0,6787:1747647654997:,1747647663720
counter/7/0/0/0,6788:1747647654997:,1747647663720
counter/7/0/0/0,6789:1747647654997:,1747647663721
counter/7/0/0/0,6790:1747647654997:,1747647663721
counter/1/0/0/0,7790:1747647655810:,1747647663721
counter/8/0/0/0,7351:1747647654707:,1747647663721
counter/1/0/0/0,7791:1747647655810:,1747647663721
counter/2/0/0/0,6804:1747647654072:,1747647663721
counter/1/0/0/0,7792:1747647655810:,1747647663721
counter/1/0/0/0,7793:1747647655810:,1747647663722
counter/7/0/0/0,6791:1747647655007:,1747647663722
counter/1/0/0/0,7794:1747647655810:,1747647663722
counter/9/0/0/0,7583:1747647655319:,1747647663722
counter/4/0/0/0,7272:1747647655779:,1747647663722
counter/1/0/0/0,7795:1747647655817:,1747647663722
counter/10/0/0/0,6615:1747647654507:,1747647663722
counter/1/0/0/0,7796:1747647655817:,1747647663722
counter/1/0/0/0,7797:1747647655817:,1747647663722
counter/10/0/0/0,6616:1747647654507:,1747647663723
counter/10/0/0/0,6617:1747647654507:,1747647663723
counter/10/0/0/0,6618:1747647654507:,1747647663723
counter/10/0/0/0,6619:1747647654507:,1747647663723
counter/10/0/0/0,6620:1747647654507:,1747647663723
counter/2/0/0/0,6805:1747647654072:,1747647663723
counter/5/0/0/0,7206:1747647655088:,1747647663723
counter/3/0/0/0,7508:1747647655317:,1747647663723
counter/5/0/0/0,7207:1747647655088:,1747647663723
counter/5/0/0/0,7208:1747647655088:,1747647663723
counter/5/0/0/0,7209:1747647655088:,1747647663723
counter/5/0/0/0,7210:1747647655101:,1747647663724
counter/5/0/0/0,7211:1747647655102:,1747647663724
counter/5/0/0/0,7212:1747647655102:,1747647663724
counter/5/0/0/0,7213:1747647655102:,1747647663724
counter/5/0/0/0,7214:1747647655102:,1747647663724
counter/5/0/0/0,7215:1747647655102:,1747647663724
counter/5/0/0/0,7216:1747647655102:,1747647663724
counter/3/0/0/0,7509:1747647655317:,1747647663724
counter/5/0/0/0,7217:1747647655110:,1747647663724
counter/5/0/0/0,7218:1747647655110:,1747647663724
counter/5/0/0/0,7219:1747647655110:,1747647663724
counter/6/0/0/0,6371:1747647655010:,1747647663724
counter/6/0/0/0,6372:1747647655010:,1747647663724
counter/6/0/0/0,6373:1747647655015:,1747647663724
counter/6/0/0/0,6374:1747647655016:,1747647663724
counter/6/0/0/0,6375:1747647655016:,1747647663724
counter/2/0/0/0,6806:1747647654072:,1747647663724
counter/6/0/0/0,6376:1747647655016:,1747647663724
counter/2/0/0/0,6807:1747647654072:,1747647663724
counter/6/0/0/0,6377:1747647655016:,1747647663724
counter/2/0/0/0,6808:1747647654072:,1747647663725
counter/2/0/0/0,6809:1747647654072:,1747647663725
counter/4/0/0/0,7273:1747647655779:,1747647663725
counter/2/0/0/0,6810:1747647654072:,1747647663725
counter/4/0/0/0,7274:1747647655779:,1747647663725
counter/5/0/0/0,7220:1747647655110:,1747647663725
counter/2/0/0/0,6811:1747647654072:,1747647663725
counter/4/0/0/0,7275:1747647655779:,1747647663725
counter/2/0/0/0,6812:1747647654072:,1747647663725
counter/4/0/0/0,7276:1747647655781:,1747647663725
counter/2/0/0/0,6813:1747647654072:,1747647663725
counter/4/0/0/0,7277:1747647655781:,1747647663725
counter/10/0/0/0,6621:1747647654507:,1747647663725
counter/2/0/0/0,6814:1747647654072:,1747647663725
counter/4/0/0/0,7278:1747647655781:,1747647663725
counter/2/0/0/0,6815:1747647654072:,1747647663725
counter/4/0/0/0,7279:1747647655781:,1747647663725
counter/4/0/0/0,7280:1747647655781:,1747647663725
counter/5/0/0/0,7221:1747647655110:,1747647663725
counter/5/0/0/0,7222:1747647655110:,1747647663725
counter/5/0/0/0,7223:1747647655111:,1747647663725
counter/5/0/0/0,7224:1747647655111:,1747647663725
counter/5/0/0/0,7225:1747647655111:,1747647663725
counter/5/0/0/0,7226:1747647655111:,1747647663725
counter/3/0/0/0,7510:1747647655317:,1747647663726
counter/3/0/0/0,7511:1747647655317:,1747647663726
counter/3/0/0/0,7512:1747647655318:,1747647663726
counter/3/0/0/0,7513:1747647655318:,1747647663726
counter/3/0/0/0,7514:1747647655318:,1747647663726
counter/3/0/0/0,7515:1747647655318:,1747647663726
counter/3/0/0/0,7516:1747647655318:,1747647663726
counter/3/0/0/0,7517:1747647655318:,1747647663726
counter/3/0/0/0,7518:1747647655318:,1747647663727
counter/8/0/0/0,7352:1747647654707:,1747647663727
counter/8/0/0/0,7353:1747647654707:,1747647663727
counter/8/0/0/0,7354:1747647654707:,1747647663727
counter/8/0/0/0,7355:1747647654707:,1747647663727
counter/8/0/0/0,7356:1747647654707:,1747647663727
counter/8/0/0/0,7357:1747647654707:,1747647663727
counter/8/0/0/0,7358:1747647654707:,1747647663727
counter/8/0/0/0,7359:1747647654728:,1747647663727
counter/8/0/0/0,7360:1747647654728:,1747647663727
counter/9/0/0/0,7584:1747647655321:,1747647663727
counter/8/0/0/0,7361:1747647654729:,1747647663727
counter/9/0/0/0,7585:1747647655321:,1747647663727
counter/5/0/0/0,7227:1747647655111:,1747647663727
counter/7/0/0/0,6792:1747647655007:,1747647663729
counter/7/0/0/0,6793:1747647655007:,1747647663729
counter/7/0/0/0,6794:1747647655007:,1747647663729
counter/7/0/0/0,6795:1747647655007:,1747647663729
counter/7/0/0/0,6796:1747647655007:,1747647663729
counter/7/0/0/0,6797:1747647655007:,1747647663729
counter/7/0/0/0,6798:1747647655007:,1747647663729
counter/7/0/0/0,6799:1747647655028:,1747647663729
counter/6/0/0/0,6378:1747647655016:,1747647663729
counter/1/0/0/0,7798:1747647655817:,1747647663729
counter/1/0/0/0,7799:1747647655817:,1747647663729
counter/1/0/0/0,7800:1747647655817:,1747647663730
counter/1/0/0/0,7801:1747647655817:,1747647663730
counter/1/0/0/0,7802:1747647655817:,1747647663730
counter/1/0/0/0,7803:1747647655817:,1747647663730
counter/1/0/0/0,7804:1747647655818:,1747647663730
counter/1/0/0/0,7805:1747647655818:,1747647663730
counter/3/0/0/0,7519:1747647655318:,1747647663730
counter/4/0/0/0,7281:1747647655781:,1747647663730
counter/4/0/0/0,7282:1747647655781:,1747647663730
counter/4/0/0/0,7283:1747647655781:,1747647663730
counter/4/0/0/0,7284:1747647655781:,1747647663730
counter/4/0/0/0,7285:1747647655781:,1747647663730
counter/4/0/0/0,7286:1747647655781:,1747647663730
counter/4/0/0/0,7287:1747647655781:,1747647663730
counter/4/0/0/0,7288:1747647655781:,1747647663730
counter/4/0/0/0,7289:1747647655781:,1747647663730
counter/4/0/0/0,7290:1747647655784:,1747647663730
counter/4/0/0/0,7291:1747647655789:,1747647663730
counter/4/0/0/0,7292:1747647655789:,1747647663730
counter/6/0/0/0,6379:1747647655016:,1747647663730
counter/3/0/0/0,7520:1747647655318:,1747647663730
counter/6/0/0/0,6380:1747647655016:,1747647663730
counter/7/0/0/0,6800:1747647655028:,1747647663730
counter/5/0/0/0,7228:1747647655111:,1747647663731
counter/6/0/0/0,6381:1747647655016:,1747647663731
counter/10/0/0/0,6622:1747647654507:,1747647663731
counter/6/0/0/0,6382:1747647655016:,1747647663733
counter/9/0/0/0,7586:1747647655321:,1747647663733
counter/9/0/0/0,7587:1747647655321:,1747647663733
counter/9/0/0/0,7588:1747647655321:,1747647663733
counter/9/0/0/0,7589:1747647655342:,1747647663733
counter/9/0/0/0,7590:1747647655342:,1747647663733
counter/3/0/0/0,7521:1747647655318:,1747647663733
counter/3/0/0/0,7522:1747647655320:,1747647663733
counter/3/0/0/0,7523:1747647655353:,1747647663733
counter/3/0/0/0,7524:1747647655353:,1747647663733
counter/3/0/0/0,7525:1747647655353:,1747647663733
counter/3/0/0/0,7526:1747647655354:,1747647663733
counter/3/0/0/0,7527:1747647655354:,1747647663733
counter/3/0/0/0,7528:1747647655354:,1747647663733
counter/5/0/0/0,7229:1747647655111:,1747647663733
counter/6/0/0/0,6383:1747647655016:,1747647663733
counter/8/0/0/0,7362:1747647654730:,1747647663733
counter/6/0/0/0,6384:1747647655016:,1747647663734
counter/6/0/0/0,6385:1747647655016:,1747647663734
counter/10/0/0/0,6623:1747647654521:,1747647663734
counter/9/0/0/0,7591:1747647655342:,1747647663734
counter/10/0/0/0,6624:1747647654521:,1747647663734
counter/6/0/0/0,6386:1747647655016:,1747647663734
counter/9/0/0/0,7592:1747647655342:,1747647663735
counter/1/0/0/0,7806:1747647655818:,1747647663735
counter/6/0/0/0,6387:1747647655016:,1747647663735
counter/6/0/0/0,6388:1747647655016:,1747647663735
counter/7/0/0/0,6801:1747647655028:,1747647663735
counter/7/0/0/0,6802:1747647655028:,1747647663735
counter/7/0/0/0,6803:1747647655028:,1747647663735
counter/7/0/0/0,6804:1747647655028:,1747647663735
counter/7/0/0/0,6805:1747647655028:,1747647663736
counter/7/0/0/0,6806:1747647655028:,1747647663736
counter/7/0/0/0,6807:1747647655028:,1747647663736
counter/7/0/0/0,6808:1747647655028:,1747647663736
counter/7/0/0/0,6809:1747647655028:,1747647663736
counter/7/0/0/0,6810:1747647655028:,1747647663736
counter/7/0/0/0,6811:1747647655028:,1747647663736
counter/7/0/0/0,6812:1747647655028:,1747647663736
counter/7/0/0/0,6813:1747647655028:,1747647663736
counter/8/0/0/0,7363:1747647654730:,1747647663736
counter/5/0/0/0,7230:1747647655111:,1747647663737
counter/3/0/0/0,7529:1747647655354:,1747647663737
counter/3/0/0/0,7530:1747647655354:,1747647663737
counter/5/0/0/0,7231:1747647655111:,1747647663737
counter/6/0/0/0,6389:1747647655016:,1747647663737
counter/7/0/0/0,6814:1747647655029:,1747647663737
counter/6/0/0/0,6390:1747647655016:,1747647663737
counter/10/0/0/0,6625:1747647654521:,1747647663739
counter/4/0/0/0,7293:1747647655789:,1747647663739
counter/4/0/0/0,7294:1747647655789:,1747647663739
counter/4/0/0/0,7295:1747647655789:,1747647663739
counter/9/0/0/0,7593:1747647655342:,1747647663739
counter/4/0/0/0,7296:1747647655789:,1747647663739
counter/9/0/0/0,7594:1747647655342:,1747647663739
counter/3/0/0/0,7531:1747647655354:,1747647663739
counter/2/0/0/0,6816:1747647654073:,1747647663739
counter/2/0/0/0,6817:1747647654073:,1747647663739
counter/2/0/0/0,6818:1747647654073:,1747647663739
counter/2/0/0/0,6819:1747647654073:,1747647663739
counter/2/0/0/0,6820:1747647654073:,1747647663739
counter/2/0/0/0,6821:1747647654073:,1747647663740
counter/5/0/0/0,7232:1747647655111:,1747647663740
counter/8/0/0/0,7364:1747647654730:,1747647663740
counter/4/0/0/0,7297:1747647655789:,1747647663740
counter/4/0/0/0,7298:1747647655789:,1747647663740
counter/4/0/0/0,7299:1747647655789:,1747647663740
counter/4/0/0/0,7300:1747647655789:,1747647663740
counter/1/0/0/0,7807:1747647655818:,1747647663740
counter/1/0/0/0,7808:1747647655818:,1747647663740
counter/1/0/0/0,7809:1747647655818:,1747647663740
counter/1/0/0/0,7810:1747647655818:,1747647663740
counter/7/0/0/0,6815:1747647655029:,1747647663741
counter/6/0/0/0,6391:1747647655016:,1747647663742
counter/6/0/0/0,6392:1747647655016:,1747647663742
counter/6/0/0/0,6393:1747647655016:,1747647663742
counter/6/0/0/0,6394:1747647655016:,1747647663742
counter/6/0/0/0,6395:1747647655016:,1747647663742
counter/6/0/0/0,6396:1747647655016:,1747647663742
counter/6/0/0/0,6397:1747647655016:,1747647663742
counter/6/0/0/0,6398:1747647655016:,1747647663742
counter/6/0/0/0,6399:1747647655016:,1747647663742
counter/6/0/0/0,6400:1747647655017:,1747647663742
counter/6/0/0/0,6401:1747647655017:,1747647663742
counter/6/0/0/0,6402:1747647655017:,1747647663742
counter/3/0/0/0,7532:1747647655354:,1747647663742
counter/3/0/0/0,7533:1747647655354:,1747647663742
counter/3/0/0/0,7534:1747647655354:,1747647663742
counter/8/0/0/0,7365:1747647654730:,1747647663742
counter/8/0/0/0,7366:1747647654730:,1747647663742
counter/8/0/0/0,7367:1747647654730:,1747647663743
counter/9/0/0/0,7595:1747647655342:,1747647663743
counter/7/0/0/0,6816:1747647655029:,1747647663744
counter/7/0/0/0,6817:1747647655046:,1747647663744
counter/7/0/0/0,6818:1747647655047:,1747647663744
counter/7/0/0/0,6819:1747647655047:,1747647663744
counter/7/0/0/0,6820:1747647655047:,1747647663744
counter/7/0/0/0,6821:1747647655047:,1747647663744
counter/7/0/0/0,6822:1747647655047:,1747647663744
counter/7/0/0/0,6823:1747647655047:,1747647663744
counter/7/0/0/0,6824:1747647655047:,1747647663744
counter/7/0/0/0,6825:1747647655047:,1747647663744
counter/7/0/0/0,6826:1747647655047:,1747647663744
counter/7/0/0/0,6827:1747647655047:,1747647663744
counter/3/0/0/0,7535:1747647655354:,1747647663744
counter/5/0/0/0,7233:1747647655118:,1747647663744
counter/5/0/0/0,7234:1747647655118:,1747647663745
counter/10/0/0/0,6626:1747647654521:,1747647663745
counter/8/0/0/0,7368:1747647654730:,1747647663745
counter/8/0/0/0,7369:1747647654731:,1747647663745
counter/8/0/0/0,7370:1747647654731:,1747647663745
counter/8/0/0/0,7371:1747647654731:,1747647663745
counter/1/0/0/0,7811:1747647655818:,1747647663745
counter/2/0/0/0,6822:1747647654073:,1747647663745
counter/2/0/0/0,6823:1747647654073:,1747647663745
counter/2/0/0/0,6824:1747647654073:,1747647663745
counter/2/0/0/0,6825:1747647654073:,1747647663745
counter/2/0/0/0,6826:1747647654073:,1747647663745
counter/2/0/0/0,6827:1747647654073:,1747647663745
counter/2/0/0/0,6828:1747647654073:,1747647663745
counter/2/0/0/0,6829:1747647654073:,1747647663745
counter/3/0/0/0,7536:1747647655354:,1747647663745
counter/2/0/0/0,6830:1747647654073:,1747647663745
counter/3/0/0/0,7537:1747647655354:,1747647663745
counter/3/0/0/0,7538:1747647655354:,1747647663745
counter/3/0/0/0,7539:1747647655354:,1747647663746
counter/3/0/0/0,7540:1747647655357:,1747647663746
counter/3/0/0/0,7541:1747647655357:,1747647663746
counter/3/0/0/0,7542:1747647655357:,1747647663746
counter/3/0/0/0,7543:1747647655357:,1747647663746
counter/2/0/0/0,6831:1747647654078:,1747647663746
counter/7/0/0/0,6828:1747647655047:,1747647663746
counter/7/0/0/0,6829:1747647655047:,1747647663746
counter/7/0/0/0,6830:1747647655047:,1747647663746
counter/6/0/0/0,6403:1747647655017:,1747647663746
counter/3/0/0/0,7544:1747647655357:,1747647663746
counter/10/0/0/0,6627:1747647654521:,1747647663746
counter/8/0/0/0,7372:1747647654731:,1747647663746
counter/9/0/0/0,7596:1747647655342:,1747647663747
counter/10/0/0/0,6628:1747647654521:,1747647663747
counter/7/0/0/0,6831:1747647655047:,1747647663748
counter/3/0/0/0,7545:1747647655357:,1747647663748
counter/3/0/0/0,7546:1747647655357:,1747647663748
counter/3/0/0/0,7547:1747647655357:,1747647663748
counter/3/0/0/0,7548:1747647655357:,1747647663748
counter/7/0/0/0,6832:1747647655047:,1747647663748
counter/3/0/0/0,7549:1747647655358:,1747647663748
counter/3/0/0/0,7550:1747647655358:,1747647663748
counter/3/0/0/0,7551:1747647655358:,1747647663748
counter/3/0/0/0,7552:1747647655358:,1747647663748
counter/3/0/0/0,7553:1747647655358:,1747647663748
counter/3/0/0/0,7554:1747647655363:,1747647663748
counter/3/0/0/0,7555:1747647655363:,1747647663748
counter/1/0/0/0,7812:1747647655818:,1747647663748
counter/5/0/0/0,7235:1747647655118:,1747647663748
counter/1/0/0/0,7813:1747647655818:,1747647663748
counter/7/0/0/0,6833:1747647655047:,1747647663749
counter/7/0/0/0,6834:1747647655051:,1747647663749
counter/7/0/0/0,6835:1747647655051:,1747647663749
counter/7/0/0/0,6836:1747647655051:,1747647663749
counter/7/0/0/0,6837:1747647655051:,1747647663749
counter/7/0/0/0,6838:1747647655051:,1747647663749
counter/7/0/0/0,6839:1747647655051:,1747647663749
counter/7/0/0/0,6840:1747647655051:,1747647663749
counter/7/0/0/0,6841:1747647655051:,1747647663749
counter/7/0/0/0,6842:1747647655051:,1747647663749
counter/7/0/0/0,6843:1747647655052:,1747647663749
counter/7/0/0/0,6844:1747647655052:,1747647663749
counter/7/0/0/0,6845:1747647655052:,1747647663749
counter/7/0/0/0,6846:1747647655052:,1747647663749
counter/7/0/0/0,6847:1747647655052:,1747647663749
counter/6/0/0/0,6404:1747647655017:,1747647663749
counter/2/0/0/0,6832:1747647654078:,1747647663749
counter/5/0/0/0,7236:1747647655118:,1747647663751
counter/9/0/0/0,7597:1747647655348:,1747647663751
counter/7/0/0/0,6848:1747647655052:,1747647663751
counter/6/0/0/0,6405:1747647655017:,1747647663751
counter/2/0/0/0,6833:1747647654078:,1747647663751
counter/2/0/0/0,6834:1747647654078:,1747647663751
counter/2/0/0/0,6835:1747647654078:,1747647663751
counter/2/0/0/0,6836:1747647654078:,1747647663751
counter/2/0/0/0,6837:1747647654078:,1747647663751
counter/2/0/0/0,6838:1747647654078:,1747647663751
counter/2/0/0/0,6839:1747647654078:,1747647663751
counter/2/0/0/0,6840:1747647654078:,1747647663751
counter/2/0/0/0,6841:1747647654078:,1747647663751
counter/10/0/0/0,6629:1747647654522:,1747647663751
counter/4/0/0/0,7301:1747647655789:,1747647663751
counter/10/0/0/0,6630:1747647654522:,1747647663751
counter/7/0/0/0,6849:1747647655052:,1747647663751
counter/7/0/0/0,6850:1747647655052:,1747647663751
counter/7/0/0/0,6851:1747647655053:,1747647663752
counter/7/0/0/0,6852:1747647655053:,1747647663752
counter/7/0/0/0,6853:1747647655053:,1747647663752
counter/7/0/0/0,6854:1747647655053:,1747647663752
counter/7/0/0/0,6855:1747647655053:,1747647663752
counter/7/0/0/0,6856:1747647655053:,1747647663752
counter/7/0/0/0,6857:1747647655053:,1747647663752
counter/7/0/0/0,6858:1747647655053:,1747647663752
counter/2/0/0/0,6842:1747647654078:,1747647663752
counter/9/0/0/0,7598:1747647655348:,1747647663752
counter/9/0/0/0,7599:1747647655348:,1747647663752
counter/7/0/0/0,6859:1747647655053:,1747647663752
counter/1/0/0/0,7814:1747647655818:,1747647663752
counter/2/0/0/0,6843:1747647654078:,1747647663752
counter/10/0/0/0,6631:1747647654522:,1747647663753
counter/6/0/0/0,6406:1747647655018:,1747647663753
counter/9/0/0/0,7600:1747647655348:,1747647663753
counter/8/0/0/0,7373:1747647654747:,1747647663754
counter/9/0/0/0,7601:1747647655348:,1747647663755
counter/7/0/0/0,6860:1747647655053:,1747647663755
counter/1/0/0/0,7815:1747647655818:,1747647663755
counter/1/0/0/0,7816:1747647655818:,1747647663755
counter/1/0/0/0,7817:1747647655818:,1747647663755
counter/9/0/0/0,7602:1747647655348:,1747647663756
counter/3/0/0/0,7556:1747647655363:,1747647663756
counter/9/0/0/0,7603:1747647655348:,1747647663756
counter/9/0/0/0,7604:1747647655348:,1747647663756
counter/9/0/0/0,7605:1747647655348:,1747647663756
counter/9/0/0/0,7606:1747647655348:,1747647663756
counter/9/0/0/0,7607:1747647655348:,1747647663756
counter/9/0/0/0,7608:1747647655348:,1747647663756
counter/9/0/0/0,7609:1747647655351:,1747647663756
counter/9/0/0/0,7610:1747647655351:,1747647663756
counter/9/0/0/0,7611:1747647655351:,1747647663756
counter/9/0/0/0,7612:1747647655351:,1747647663756
counter/9/0/0/0,7613:1747647655351:,1747647663756
counter/9/0/0/0,7614:1747647655355:,1747647663756
counter/9/0/0/0,7615:1747647655355:,1747647663756
counter/9/0/0/0,7616:1747647655355:,1747647663756
counter/9/0/0/0,7617:1747647655355:,1747647663756
counter/9/0/0/0,7618:1747647655363:,1747647663756
counter/7/0/0/0,6861:1747647655053:,1747647663756
counter/3/0/0/0,7557:1747647655363:,1747647663756
counter/3/0/0/0,7558:1747647655363:,1747647663759
counter/3/0/0/0,7559:1747647655363:,1747647663759
counter/8/0/0/0,7374:1747647654747:,1747647663759
counter/6/0/0/0,6407:1747647655024:,1747647663759
counter/5/0/0/0,7237:1747647655118:,1747647663760
counter/9/0/0/0,7619:1747647655363:,1747647663760
counter/9/0/0/0,7620:1747647655363:,1747647663760
counter/9/0/0/0,7621:1747647655363:,1747647663760
counter/9/0/0/0,7622:1747647655364:,1747647663760
counter/9/0/0/0,7623:1747647655364:,1747647663760
counter/9/0/0/0,7624:1747647655364:,1747647663760
counter/9/0/0/0,7625:1747647655364:,1747647663760
counter/9/0/0/0,7626:1747647655369:,1747647663760
counter/9/0/0/0,7627:1747647655369:,1747647663760
counter/9/0/0/0,7628:1747647655369:,1747647663760
counter/9/0/0/0,7629:1747647655369:,1747647663760
counter/6/0/0/0,6408:1747647655024:,1747647663761
counter/6/0/0/0,6409:1747647655024:,1747647663761
counter/6/0/0/0,6410:1747647655024:,1747647663761
counter/6/0/0/0,6411:1747647655024:,1747647663761
counter/6/0/0/0,6412:1747647655024:,1747647663761
counter/6/0/0/0,6413:1747647655024:,1747647663761
counter/6/0/0/0,6414:1747647655024:,1747647663761
counter/6/0/0/0,6415:1747647655024:,1747647663761
counter/9/0/0/0,7630:1747647655369:,1747647663761
counter/7/0/0/0,6862:1747647655053:,1747647663762
counter/10/0/0/0,6632:1747647654522:,1747647663762
counter/1/0/0/0,7818:1747647655818:,1747647663762
counter/6/0/0/0,6416:1747647655024:,1747647663763
counter/6/0/0/0,6417:1747647655025:,1747647663763
counter/6/0/0/0,6418:1747647655025:,1747647663763
counter/9/0/0/0,7631:1747647655369:,1747647663763
counter/9/0/0/0,7632:1747647655369:,1747647663763
counter/9/0/0/0,7633:1747647655369:,1747647663763
counter/9/0/0/0,7634:1747647655369:,1747647663763
counter/9/0/0/0,7635:1747647655369:,1747647663763
counter/9/0/0/0,7636:1747647655369:,1747647663764
counter/9/0/0/0,7637:1747647655369:,1747647663764
counter/9/0/0/0,7638:1747647655369:,1747647663764
counter/9/0/0/0,7639:1747647655380:,1747647663764
counter/9/0/0/0,7640:1747647655381:,1747647663764
counter/8/0/0/0,7375:1747647654747:,1747647663764
counter/3/0/0/0,7560:1747647655363:,1747647663764
counter/3/0/0/0,7561:1747647655363:,1747647663764
counter/3/0/0/0,7562:1747647655363:,1747647663764
counter/2/0/0/0,6844:1747647654078:,1747647663765
counter/2/0/0/0,6845:1747647654078:,1747647663765
counter/10/0/0/0,6633:1747647654522:,1747647663765
counter/10/0/0/0,6634:1747647654522:,1747647663765
counter/5/0/0/0,7238:1747647655118:,1747647663766
counter/9/0/0/0,7641:1747647655381:,1747647663766
counter/9/0/0/0,7642:1747647655381:,1747647663766
counter/2/0/0/0,6846:1747647654078:,1747647663766
counter/1/0/0/0,7819:1747647655818:,1747647663766
counter/1/0/0/0,7820:1747647655818:,1747647663766
counter/1/0/0/0,7821:1747647655818:,1747647663766
counter/8/0/0/0,7376:1747647654747:,1747647663767
counter/3/0/0/0,7563:1747647655368:,1747647663767
counter/3/0/0/0,7564:1747647655368:,1747647663768
counter/3/0/0/0,7565:1747647655368:,1747647663768
counter/3/0/0/0,7566:1747647655368:,1747647663768
counter/3/0/0/0,7567:1747647655368:,1747647663768
counter/3/0/0/0,7568:1747647655369:,1747647663768
counter/3/0/0/0,7569:1747647655369:,1747647663768
counter/3/0/0/0,7570:1747647655369:,1747647663768
counter/3/0/0/0,7571:1747647655369:,1747647663768
counter/5/0/0/0,7239:1747647655118:,1747647663768
counter/9/0/0/0,7643:1747647655381:,1747647663768
counter/1/0/0/0,7822:1747647655818:,1747647663768
counter/6/0/0/0,6419:1747647655025:,1747647663768
counter/9/0/0/0,7644:1747647655381:,1747647663769
counter/9/0/0/0,7645:1747647655381:,1747647663769
counter/2/0/0/0,6847:1747647654078:,1747647663769
counter/9/0/0/0,7646:1747647655381:,1747647663769
counter/2/0/0/0,6848:1747647654078:,1747647663769
counter/1/0/0/0,7823:1747647655818:,1747647663769
counter/2/0/0/0,6849:1747647654079:,1747647663769
counter/2/0/0/0,6850:1747647654079:,1747647663769
counter/6/0/0/0,6420:1747647655025:,1747647663769
counter/5/0/0/0,7240:1747647655118:,1747647663771
counter/8/0/0/0,7377:1747647654776:,1747647663771
counter/8/0/0/0,7378:1747647654780:,1747647663771
counter/8/0/0/0,7379:1747647654781:,1747647663771
counter/8/0/0/0,7380:1747647654980:,1747647663771
counter/8/0/0/0,7381:1747647654986:,1747647663771
counter/8/0/0/0,7382:1747647654986:,1747647663771
counter/8/0/0/0,7383:1747647654986:,1747647663771
counter/8/0/0/0,7384:1747647654986:,1747647663771
counter/8/0/0/0,7385:1747647654986:,1747647663771
counter/5/0/0/0,7241:1747647655126:,1747647663772
counter/5/0/0/0,7242:1747647655126:,1747647663772
counter/5/0/0/0,7243:1747647655126:,1747647663772
counter/5/0/0/0,7244:1747647655126:,1747647663772
counter/5/0/0/0,7245:1747647655126:,1747647663772
counter/5/0/0/0,7246:1747647655126:,1747647663772
counter/5/0/0/0,7247:1747647655126:,1747647663773
counter/5/0/0/0,7248:1747647655126:,1747647663773
counter/5/0/0/0,7249:1747647655126:,1747647663773
counter/2/0/0/0,6851:1747647654081:,1747647663773
counter/7/0/0/0,6863:1747647655053:,1747647663773
counter/7/0/0/0,6864:1747647655053:,1747647663773
counter/7/0/0/0,6865:1747647655053:,1747647663773
counter/7/0/0/0,6866:1747647655053:,1747647663773
counter/1/0/0/0,7824:1747647655818:,1747647663775
counter/10/0/0/0,6635:1747647654522:,1747647663775
counter/6/0/0/0,6421:1747647655032:,1747647663775
counter/3/0/0/0,7572:1747647655369:,1747647663775
counter/8/0/0/0,7386:1747647654986:,1747647663775
counter/3/0/0/0,7573:1747647655370:,1747647663775
counter/2/0/0/0,6852:1747647654082:,1747647663775
counter/7/0/0/0,6867:1747647655053:,1747647663776
counter/7/0/0/0,6868:1747647655055:,1747647663776
counter/7/0/0/0,6869:1747647655055:,1747647663776
counter/7/0/0/0,6870:1747647655055:,1747647663776
counter/7/0/0/0,6871:1747647655055:,1747647663776
counter/7/0/0/0,6872:1747647655055:,1747647663776
counter/7/0/0/0,6873:1747647655055:,1747647663776
counter/9/0/0/0,7647:1747647655381:,1747647663776
counter/3/0/0/0,7574:1747647655370:,1747647663776
counter/2/0/0/0,6853:1747647654082:,1747647663776
counter/7/0/0/0,6874:1747647655056:,1747647663776
counter/7/0/0/0,6875:1747647655056:,1747647663776
counter/7/0/0/0,6876:1747647655056:,1747647663776
counter/7/0/0/0,6877:1747647655056:,1747647663776
counter/7/0/0/0,6878:1747647655056:,1747647663776
counter/7/0/0/0,6879:1747647655056:,1747647663776
counter/9/0/0/0,7648:1747647655381:,1747647663776
counter/7/0/0/0,6880:1747647655056:,1747647663776
counter/5/0/0/0,7250:1747647655126:,1747647663777
counter/6/0/0/0,6422:1747647655032:,1747647663778
counter/6/0/0/0,6423:1747647655032:,1747647663778
counter/6/0/0/0,6424:1747647655032:,1747647663778
counter/2/0/0/0,6854:1747647654083:,1747647663778
counter/7/0/0/0,6881:1747647655058:,1747647663778
counter/7/0/0/0,6882:1747647655059:,1747647663778
counter/7/0/0/0,6883:1747647655059:,1747647663778
counter/7/0/0/0,6884:1747647655066:,1747647663778
counter/7/0/0/0,6885:1747647655066:,1747647663778
counter/7/0/0/0,6886:1747647655066:,1747647663778
counter/7/0/0/0,6887:1747647655066:,1747647663778
counter/7/0/0/0,6888:1747647655066:,1747647663778
counter/7/0/0/0,6889:1747647655066:,1747647663778
counter/1/0/0/0,7825:1747647655818:,1747647663778
counter/10/0/0/0,6636:1747647654522:,1747647663778
counter/8/0/0/0,7387:1747647654986:,1747647663778
counter/10/0/0/0,6637:1747647654522:,1747647663778
counter/10/0/0/0,6638:1747647654525:,1747647663778
counter/9/0/0/0,7649:1747647655381:,1747647663779
counter/4/0/0/0,7302:1747647655790:,1747647663779
counter/9/0/0/0,7650:1747647655381:,1747647663779
counter/9/0/0/0,7651:1747647655381:,1747647663779
counter/9/0/0/0,7652:1747647655381:,1747647663779
counter/9/0/0/0,7653:1747647655381:,1747647663779
counter/9/0/0/0,7654:1747647655381:,1747647663779
counter/9/0/0/0,7655:1747647655381:,1747647663779
counter/9/0/0/0,7656:1747647655381:,1747647663779
counter/8/0/0/0,7388:1747647654986:,1747647663779
counter/7/0/0/0,6890:1747647655066:,1747647663781
counter/2/0/0/0,6855:1747647654083:,1747647663782
counter/2/0/0/0,6856:1747647654083:,1747647663782
counter/2/0/0/0,6857:1747647654083:,1747647663782
counter/2/0/0/0,6858:1747647654083:,1747647663782
counter/2/0/0/0,6859:1747647654083:,1747647663782
counter/2/0/0/0,6860:1747647654083:,1747647663782
counter/2/0/0/0,6861:1747647654083:,1747647663782
counter/5/0/0/0,7251:1747647655152:,1747647663783
counter/6/0/0/0,6425:1747647655032:,1747647663783
counter/8/0/0/0,7389:1747647654986:,1747647663783
counter/6/0/0/0,6426:1747647655032:,1747647663783
counter/8/0/0/0,7390:1747647654986:,1747647663783
counter/9/0/0/0,7657:1747647655381:,1747647663784
counter/9/0/0/0,7658:1747647655381:,1747647663784
counter/10/0/0/0,6639:1747647654525:,1747647663784
counter/9/0/0/0,7659:1747647655381:,1747647663784
counter/1/0/0/0,7826:1747647655818:,1747647663784
counter/1/0/0/0,7827:1747647655818:,1747647663784
counter/1/0/0/0,7828:1747647655821:,1747647663784
counter/1/0/0/0,7829:1747647655821:,1747647663784
counter/1/0/0/0,7830:1747647655821:,1747647663784
counter/6/0/0/0,6427:1747647655032:,1747647663784
counter/3/0/0/0,7575:1747647655370:,1747647663785
counter/6/0/0/0,6428:1747647655032:,1747647663785
counter/6/0/0/0,6429:1747647655032:,1747647663785
counter/6/0/0/0,6430:1747647655032:,1747647663785
counter/6/0/0/0,6431:1747647655032:,1747647663785
counter/6/0/0/0,6432:1747647655032:,1747647663785
counter/6/0/0/0,6433:1747647655032:,1747647663785
counter/6/0/0/0,6434:1747647655032:,1747647663785
counter/6/0/0/0,6435:1747647655034:,1747647663785
counter/6/0/0/0,6436:1747647655034:,1747647663785
counter/6/0/0/0,6437:1747647655034:,1747647663785
counter/6/0/0/0,6438:1747647655034:,1747647663785
counter/6/0/0/0,6439:1747647655034:,1747647663785
counter/6/0/0/0,6440:1747647655034:,1747647663785
counter/1/0/0/0,7831:1747647655821:,1747647663785
counter/5/0/0/0,7252:1747647655152:,1747647663787
counter/6/0/0/0,6441:1747647655034:,1747647663787
counter/6/0/0/0,6442:1747647655034:,1747647663787
counter/10/0/0/0,6640:1747647654525:,1747647663787
counter/10/0/0/0,6641:1747647654525:,1747647663787
counter/10/0/0/0,6642:1747647654525:,1747647663787
counter/10/0/0/0,6643:1747647654525:,1747647663787
counter/10/0/0/0,6644:1747647654525:,1747647663787
counter/10/0/0/0,6645:1747647654525:,1747647663787
counter/10/0/0/0,6646:1747647654525:,1747647663787
counter/2/0/0/0,6862:1747647654083:,1747647663787
counter/5/0/0/0,7253:1747647655152:,1747647663788
counter/6/0/0/0,6443:1747647655034:,1747647663788
counter/8/0/0/0,7391:1747647654986:,1747647663788
counter/8/0/0/0,7392:1747647654986:,1747647663788
counter/8/0/0/0,7393:1747647654987:,1747647663788
counter/8/0/0/0,7394:1747647654988:,1747647663788
counter/8/0/0/0,7395:1747647654988:,1747647663788
counter/8/0/0/0,7396:1747647654988:,1747647663788
counter/8/0/0/0,7397:1747647654988:,1747647663788
counter/8/0/0/0,7398:1747647654988:,1747647663788
counter/8/0/0/0,7399:1747647654988:,1747647663788
counter/8/0/0/0,7400:1747647654988:,1747647663788
counter/8/0/0/0,7401:1747647654988:,1747647663788
counter/8/0/0/0,7402:1747647654988:,1747647663788
counter/8/0/0/0,7403:1747647654988:,1747647663788
counter/8/0/0/0,7404:1747647654988:,1747647663788
counter/8/0/0/0,7405:1747647654988:,1747647663788
counter/8/0/0/0,7406:1747647654988:,1747647663788
counter/8/0/0/0,7407:1747647654988:,1747647663788
counter/1/0/0/0,7832:1747647655821:,1747647663788
counter/4/0/0/0,7303:1747647655790:,1747647663788
counter/9/0/0/0,7660:1747647655382:,1747647663789
counter/9/0/0/0,7661:1747647655386:,1747647663789
counter/6/0/0/0,6444:1747647655034:,1747647663790
counter/9/0/0/0,7662:1747647655396:,1747647663790
counter/9/0/0/0,7663:1747647655396:,1747647663790
counter/9/0/0/0,7664:1747647655396:,1747647663790
counter/9/0/0/0,7665:1747647655396:,1747647663790
counter/9/0/0/0,7666:1747647655396:,1747647663790
counter/9/0/0/0,7667:1747647655398:,1747647663790
counter/9/0/0/0,7668:1747647655398:,1747647663790
counter/9/0/0/0,7669:1747647655398:,1747647663790
counter/9/0/0/0,7670:1747647655398:,1747647663790
counter/9/0/0/0,7671:1747647655398:,1747647663790
counter/9/0/0/0,7672:1747647655398:,1747647663790
counter/2/0/0/0,6863:1747647654083:,1747647663790
counter/9/0/0/0,7673:1747647655398:,1747647663790
counter/2/0/0/0,6864:1747647654083:,1747647663790
counter/2/0/0/0,6865:1747647654083:,1747647663790
counter/2/0/0/0,6866:1747647654083:,1747647663790
counter/2/0/0/0,6867:1747647654083:,1747647663790
counter/2/0/0/0,6868:1747647654083:,1747647663791
counter/2/0/0/0,6869:1747647654083:,1747647663791
counter/2/0/0/0,6870:1747647654085:,1747647663791
counter/2/0/0/0,6871:1747647654094:,1747647663791
counter/2/0/0/0,6872:1747647654094:,1747647663791
counter/2/0/0/0,6873:1747647654094:,1747647663791
counter/2/0/0/0,6874:1747647654095:,1747647663791
counter/2/0/0/0,6875:1747647654095:,1747647663791
counter/4/0/0/0,7304:1747647655790:,1747647663791
counter/1/0/0/0,7833:1747647655821:,1747647663791
counter/5/0/0/0,7254:1747647655152:,1747647663791
counter/6/0/0/0,6445:1747647655034:,1747647663791
counter/3/0/0/0,7576:1747647655370:,1747647663791
counter/3/0/0/0,7577:1747647655370:,1747647663791
counter/3/0/0/0,7578:1747647655370:,1747647663791
counter/8/0/0/0,7408:1747647654988:,1747647663791
counter/8/0/0/0,7409:1747647654993:,1747647663793
counter/7/0/0/0,6891:1747647655066:,1747647663793
counter/7/0/0/0,6892:1747647655076:,1747647663793
counter/7/0/0/0,6893:1747647655076:,1747647663793
counter/7/0/0/0,6894:1747647655076:,1747647663793
counter/7/0/0/0,6895:1747647655076:,1747647663793
counter/7/0/0/0,6896:1747647655076:,1747647663793
counter/7/0/0/0,6897:1747647655077:,1747647663793
counter/7/0/0/0,6898:1747647655077:,1747647663793
counter/7/0/0/0,6899:1747647655077:,1747647663793
counter/7/0/0/0,6900:1747647655077:,1747647663793
counter/7/0/0/0,6901:1747647655077:,1747647663793
counter/7/0/0/0,6902:1747647655077:,1747647663793
counter/7/0/0/0,6903:1747647655077:,1747647663794
counter/8/0/0/0,7410:1747647654993:,1747647663799
counter/8/0/0/0,7411:1747647654993:,1747647663799
counter/5/0/0/0,7255:1747647655152:,1747647663799
counter/5/0/0/0,7256:1747647655152:,1747647663799
counter/5/0/0/0,7257:1747647655152:,1747647663799
counter/5/0/0/0,7258:1747647655152:,1747647663799
counter/5/0/0/0,7259:1747647655152:,1747647663799
counter/1/0/0/0,7834:1747647655822:,1747647663799
counter/1/0/0/0,7835:1747647655824:,1747647663799
counter/7/0/0/0,6904:1747647655077:,1747647663799
counter/6/0/0/0,6446:1747647655034:,1747647663799
counter/4/0/0/0,7305:1747647655790:,1747647663799
counter/6/0/0/0,6447:1747647655034:,1747647663799
counter/3/0/0/0,7579:1747647655370:,1747647663799
counter/3/0/0/0,7580:1747647655370:,1747647663799
counter/3/0/0/0,7581:1747647655370:,1747647663799
counter/6/0/0/0,6448:1747647655034:,1747647663800
counter/6/0/0/0,6449:1747647655034:,1747647663800
counter/6/0/0/0,6450:1747647655034:,1747647663800
counter/8/0/0/0,7412:1747647654993:,1747647663800
counter/6/0/0/0,6451:1747647655037:,1747647663800
counter/6/0/0/0,6452:1747647655048:,1747647663800
counter/6/0/0/0,6453:1747647655048:,1747647663800
counter/2/0/0/0,6876:1747647654116:,1747647663801
counter/10/0/0/0,6647:1747647654525:,1747647663802
counter/1/0/0/0,7836:1747647655825:,1747647663803
counter/1/0/0/0,7837:1747647655825:,1747647663803
counter/1/0/0/0,7838:1747647655825:,1747647663803
counter/1/0/0/0,7839:1747647655833:,1747647663803
counter/9/0/0/0,7674:1747647655398:,1747647663805
counter/9/0/0/0,7675:1747647655398:,1747647663805
counter/9/0/0/0,7676:1747647655398:,1747647663805
counter/9/0/0/0,7677:1747647655398:,1747647663805
counter/9/0/0/0,7678:1747647655398:,1747647663805
counter/9/0/0/0,7679:1747647655406:,1747647663805
counter/9/0/0/0,7680:1747647655406:,1747647663805
counter/9/0/0/0,7681:1747647655406:,1747647663805
counter/3/0/0/0,7582:1747647655370:,1747647663806
counter/3/0/0/0,7583:1747647655370:,1747647663806
counter/3/0/0/0,7584:1747647655370:,1747647663806
counter/3/0/0/0,7585:1747647655370:,1747647663806
counter/3/0/0/0,7586:1747647655370:,1747647663806
counter/3/0/0/0,7587:1747647655370:,1747647663806
counter/5/0/0/0,7260:1747647655152:,1747647663806
counter/6/0/0/0,6454:1747647655048:,1747647663807
counter/4/0/0/0,7306:1747647655798:,1747647663807
counter/2/0/0/0,6877:1747647654118:,1747647663809
counter/8/0/0/0,7413:1747647654993:,1747647663810
counter/6/0/0/0,6455:1747647655048:,1747647663810
counter/7/0/0/0,6905:1747647655077:,1747647663810
counter/7/0/0/0,6906:1747647655077:,1747647663810
counter/7/0/0/0,6907:1747647655077:,1747647663810
counter/7/0/0/0,6908:1747647655077:,1747647663810
counter/7/0/0/0,6909:1747647655077:,1747647663810
counter/7/0/0/0,6910:1747647655077:,1747647663810
counter/7/0/0/0,6911:1747647655077:,1747647663810
counter/7/0/0/0,6912:1747647655077:,1747647663810
counter/7/0/0/0,6913:1747647655077:,1747647663810
counter/7/0/0/0,6914:1747647655077:,1747647663810
counter/7/0/0/0,6915:1747647655077:,1747647663810
counter/1/0/0/0,7840:1747647655833:,1747647663811
counter/9/0/0/0,7682:1747647655406:,1747647663812
counter/9/0/0/0,7683:1747647655406:,1747647663812
counter/9/0/0/0,7684:1747647655406:,1747647663812
counter/9/0/0/0,7685:1747647655406:,1747647663812
counter/9/0/0/0,7686:1747647655406:,1747647663812
counter/7/0/0/0,6916:1747647655077:,1747647663814
counter/7/0/0/0,6917:1747647655079:,1747647663814
counter/2/0/0/0,6878:1747647654118:,1747647663815
counter/8/0/0/0,7414:1747647654993:,1747647663815
counter/8/0/0/0,7415:1747647654993:,1747647663815
counter/8/0/0/0,7416:1747647654993:,1747647663815
counter/3/0/0/0,7588:1747647655372:,1747647663815
counter/6/0/0/0,6456:1747647655048:,1747647663816
counter/4/0/0/0,7307:1747647655798:,1747647663816
counter/6/0/0/0,6457:1747647655048:,1747647663816
counter/4/0/0/0,7308:1747647655798:,1747647663816
counter/7/0/0/0,6918:1747647655079:,1747647663816
counter/8/0/0/0,7417:1747647654993:,1747647663816
counter/9/0/0/0,7687:1747647655412:,1747647663816
counter/9/0/0/0,7688:1747647655412:,1747647663816
counter/9/0/0/0,7689:1747647655412:,1747647663816
counter/9/0/0/0,7690:1747647655412:,1747647663816
counter/9/0/0/0,7691:1747647655412:,1747647663816
counter/9/0/0/0,7692:1747647655412:,1747647663816
counter/9/0/0/0,7693:1747647655412:,1747647663816
counter/4/0/0/0,7309:1747647655798:,1747647663817
counter/9/0/0/0,7694:1747647655412:,1747647663818
counter/7/0/0/0,6919:1747647655080:,1747647663819
counter/1/0/0/0,7841:1747647655833:,1747647663820
counter/1/0/0/0,7842:1747647655833:,1747647663820
counter/1/0/0/0,7843:1747647655833:,1747647663820
counter/1/0/0/0,7844:1747647655833:,1747647663820
counter/1/0/0/0,7845:1747647655833:,1747647663820
counter/1/0/0/0,7846:1747647655833:,1747647663820
counter/1/0/0/0,7847:1747647655834:,1747647663820
counter/1/0/0/0,7848:1747647655834:,1747647663820
counter/1/0/0/0,7849:1747647655834:,1747647663820
counter/1/0/0/0,7850:1747647655834:,1747647663820
counter/1/0/0/0,7851:1747647655834:,1747647663820
counter/9/0/0/0,7695:1747647655419:,1747647663820
counter/3/0/0/0,7589:1747647655372:,1747647663820
counter/7/0/0/0,6920:1747647655080:,1747647663820
counter/3/0/0/0,7590:1747647655372:,1747647663820
counter/3/0/0/0,7591:1747647655372:,1747647663821
counter/7/0/0/0,6921:1747647655080:,1747647663822
counter/7/0/0/0,6922:1747647655080:,1747647663822
counter/7/0/0/0,6923:1747647655080:,1747647663822
counter/7/0/0/0,6924:1747647655081:,1747647663822
counter/7/0/0/0,6925:1747647655081:,1747647663822
counter/7/0/0/0,6926:1747647655081:,1747647663822
counter/7/0/0/0,6927:1747647655081:,1747647663822
counter/7/0/0/0,6928:1747647655081:,1747647663822
counter/7/0/0/0,6929:1747647655081:,1747647663822
counter/10/0/0/0,6648:1747647654525:,1747647663822
counter/6/0/0/0,6458:1747647655048:,1747647663822
counter/6/0/0/0,6459:1747647655048:,1747647663822
counter/6/0/0/0,6460:1747647655048:,1747647663822
counter/7/0/0/0,6930:1747647655081:,1747647663823
counter/1/0/0/0,7852:1747647655836:,1747647663823
counter/2/0/0/0,6879:1747647654118:,1747647663823
counter/3/0/0/0,7592:1747647655372:,1747647663824
counter/3/0/0/0,7593:1747647655372:,1747647663824
counter/3/0/0/0,7594:1747647655372:,1747647663824
counter/3/0/0/0,7595:1747647655372:,1747647663824
counter/3/0/0/0,7596:1747647655373:,1747647663824
counter/3/0/0/0,7597:1747647655373:,1747647663824
counter/3/0/0/0,7598:1747647655373:,1747647663824
counter/3/0/0/0,7599:1747647655374:,1747647663824
counter/7/0/0/0,6931:1747647655082:,1747647663824
counter/8/0/0/0,7418:1747647654998:,1747647663825
counter/4/0/0/0,7310:1747647655801:,1747647663825
counter/5/0/0/0,7261:1747647655152:,1747647663825
counter/4/0/0/0,7311:1747647655804:,1747647663825
counter/4/0/0/0,7312:1747647655804:,1747647663825
counter/7/0/0/0,6932:1747647655082:,1747647663825
counter/7/0/0/0,6933:1747647655082:,1747647663825
counter/7/0/0/0,6934:1747647655082:,1747647663825
counter/7/0/0/0,6935:1747647655082:,1747647663825
counter/7/0/0/0,6936:1747647655082:,1747647663825
counter/7/0/0/0,6937:1747647655082:,1747647663825
counter/7/0/0/0,6938:1747647655082:,1747647663825
counter/7/0/0/0,6939:1747647655082:,1747647663825
counter/7/0/0/0,6940:1747647655082:,1747647663825
counter/7/0/0/0,6941:1747647655082:,1747647663825
counter/7/0/0/0,6942:1747647655082:,1747647663825
counter/7/0/0/0,6943:1747647655082:,1747647663825
counter/7/0/0/0,6944:1747647655082:,1747647663825
counter/7/0/0/0,6945:1747647655082:,1747647663825
counter/9/0/0/0,7696:1747647655419:,1747647663826
counter/9/0/0/0,7697:1747647655419:,1747647663826
counter/9/0/0/0,7698:1747647655419:,1747647663826
counter/9/0/0/0,7699:1747647655419:,1747647663826
counter/9/0/0/0,7700:1747647655419:,1747647663826
counter/9/0/0/0,7701:1747647655419:,1747647663826
counter/9/0/0/0,7702:1747647655419:,1747647663826
counter/9/0/0/0,7703:1747647655419:,1747647663826
counter/9/0/0/0,7704:1747647655419:,1747647663826
counter/9/0/0/0,7705:1747647655419:,1747647663826
counter/9/0/0/0,7706:1747647655419:,1747647663826
counter/9/0/0/0,7707:1747647655419:,1747647663826
counter/9/0/0/0,7708:1747647655419:,1747647663826
counter/2/0/0/0,6880:1747647654118:,1747647663826
counter/3/0/0/0,7600:1747647655374:,1747647663826
counter/2/0/0/0,6881:1747647654122:,1747647663827
counter/2/0/0/0,6882:1747647654122:,1747647663827
counter/2/0/0/0,6883:1747647654122:,1747647663827
counter/9/0/0/0,7709:1747647655419:,1747647663827
counter/6/0/0/0,6461:1747647655048:,1747647663828
counter/9/0/0/0,7710:1747647655419:,1747647663828
counter/6/0/0/0,6462:1747647655049:,1747647663828
counter/6/0/0/0,6463:1747647655049:,1747647663828
counter/6/0/0/0,6464:1747647655049:,1747647663828
counter/6/0/0/0,6465:1747647655049:,1747647663829
counter/6/0/0/0,6466:1747647655049:,1747647663829
counter/1/0/0/0,7853:1747647655837:,1747647663829
counter/10/0/0/0,6649:1747647654526:,1747647663831
counter/3/0/0/0,7601:1747647655374:,1747647663832
counter/6/0/0/0,6467:1747647655049:,1747647663832
counter/6/0/0/0,6468:1747647655050:,1747647663832
counter/6/0/0/0,6469:1747647655050:,1747647663832
counter/6/0/0/0,6470:1747647655050:,1747647663832
counter/6/0/0/0,6471:1747647655050:,1747647663832
counter/6/0/0/0,6472:1747647655050:,1747647663832
counter/6/0/0/0,6473:1747647655050:,1747647663832
counter/6/0/0/0,6474:1747647655050:,1747647663832
counter/6/0/0/0,6475:1747647655050:,1747647663832
counter/8/0/0/0,7419:1747647654998:,1747647663832
counter/6/0/0/0,6476:1747647655050:,1747647663833
counter/6/0/0/0,6477:1747647655050:,1747647663836
counter/3/0/0/0,7602:1747647655374:,1747647663836
counter/1/0/0/0,7854:1747647655837:,1747647663836
counter/5/0/0/0,7262:1747647655154:,1747647663836
counter/5/0/0/0,7263:1747647655154:,1747647663836
counter/5/0/0/0,7264:1747647655154:,1747647663836
counter/10/0/0/0,6650:1747647654527:,1747647663836
counter/10/0/0/0,6651:1747647654527:,1747647663836
counter/10/0/0/0,6652:1747647654527:,1747647663836
counter/10/0/0/0,6653:1747647654527:,1747647663836
counter/10/0/0/0,6654:1747647654527:,1747647663836
counter/10/0/0/0,6655:1747647654528:,1747647663836
counter/10/0/0/0,6656:1747647654528:,1747647663836
counter/4/0/0/0,7313:1747647655804:,1747647663836
counter/3/0/0/0,7603:1747647655374:,1747647663837
counter/6/0/0/0,6478:1747647655050:,1747647663838
counter/7/0/0/0,6946:1747647655082:,1747647663838
counter/7/0/0/0,6947:1747647655083:,1747647663838
counter/7/0/0/0,6948:1747647655098:,1747647663838
counter/7/0/0/0,6949:1747647655098:,1747647663838
counter/7/0/0/0,6950:1747647655098:,1747647663838
counter/7/0/0/0,6951:1747647655099:,1747647663838
counter/7/0/0/0,6952:1747647655100:,1747647663839
counter/7/0/0/0,6953:1747647655100:,1747647663839
counter/7/0/0/0,6954:1747647655100:,1747647663839
counter/8/0/0/0,7420:1747647654998:,1747647663839
counter/3/0/0/0,7604:1747647655374:,1747647663840
counter/3/0/0/0,7605:1747647655375:,1747647663841
counter/3/0/0/0,7606:1747647655375:,1747647663841
counter/3/0/0/0,7607:1747647655375:,1747647663841
counter/3/0/0/0,7608:1747647655375:,1747647663841
counter/3/0/0/0,7609:1747647655375:,1747647663841
counter/3/0/0/0,7610:1747647655375:,1747647663841
counter/3/0/0/0,7611:1747647655375:,1747647663841
counter/3/0/0/0,7612:1747647655375:,1747647663841
counter/3/0/0/0,7613:1747647655375:,1747647663841
counter/8/0/0/0,7421:1747647654998:,1747647663842
counter/5/0/0/0,7265:1747647655154:,1747647663842
counter/3/0/0/0,7614:1747647655375:,1747647663842
counter/9/0/0/0,7711:1747647655419:,1747647663845
counter/9/0/0/0,7712:1747647655419:,1747647663845
counter/9/0/0/0,7713:1747647655419:,1747647663845
counter/9/0/0/0,7714:1747647655419:,1747647663845
counter/9/0/0/0,7715:1747647655419:,1747647663845
counter/9/0/0/0,7716:1747647655419:,1747647663845
counter/9/0/0/0,7717:1747647655421:,1747647663845
counter/9/0/0/0,7718:1747647655422:,1747647663845
counter/10/0/0/0,6657:1747647654528:,1747647663845
counter/9/0/0/0,7719:1747647655422:,1747647663846
counter/9/0/0/0,7720:1747647655422:,1747647663846
counter/9/0/0/0,7721:1747647655422:,1747647663846
counter/9/0/0/0,7722:1747647655422:,1747647663846
counter/9/0/0/0,7723:1747647655422:,1747647663846
counter/9/0/0/0,7724:1747647655422:,1747647663846
counter/9/0/0/0,7725:1747647655422:,1747647663846
counter/9/0/0/0,7726:1747647655422:,1747647663846
counter/2/0/0/0,6884:1747647654122:,1747647663846
counter/3/0/0/0,7615:1747647655375:,1747647663846
counter/5/0/0/0,7266:1747647655156:,1747647663846
counter/3/0/0/0,7616:1747647655375:,1747647663847
counter/3/0/0/0,7617:1747647655375:,1747647663847
counter/3/0/0/0,7618:1747647655375:,1747647663847
counter/3/0/0/0,7619:1747647655375:,1747647663847
counter/3/0/0/0,7620:1747647655375:,1747647663847
counter/5/0/0/0,7267:1747647655156:,1747647663848
counter/1/0/0/0,7855:1747647655854:,1747647663848
counter/1/0/0/0,7856:1747647655854:,1747647663849
counter/1/0/0/0,7857:1747647655854:,1747647663849
counter/1/0/0/0,7858:1747647655855:,1747647663849
counter/1/0/0/0,7859:1747647655866:,1747647663849
counter/1/0/0/0,7860:1747647655866:,1747647663849
counter/1/0/0/0,7861:1747647655866:,1747647663849
counter/1/0/0/0,7862:1747647655866:,1747647663849
counter/8/0/0/0,7422:1747647654998:,1747647663850
counter/5/0/0/0,7268:1747647655156:,1747647663850
counter/5/0/0/0,7269:1747647655156:,1747647663850
counter/1/0/0/0,7863:1747647655866:,1747647663850
counter/5/0/0/0,7270:1747647655156:,1747647663851
counter/2/0/0/0,6885:1747647654122:,1747647663851
counter/6/0/0/0,6479:1747647655050:,1747647663851
counter/6/0/0/0,6480:1747647655050:,1747647663851
counter/6/0/0/0,6481:1747647655055:,1747647663851
counter/6/0/0/0,6482:1747647655055:,1747647663851
counter/6/0/0/0,6483:1747647655055:,1747647663851
counter/6/0/0/0,6484:1747647655055:,1747647663851
counter/5/0/0/0,7271:1747647655156:,1747647663851
counter/5/0/0/0,7272:1747647655157:,1747647663851
counter/3/0/0/0,7621:1747647655377:,1747647663852
counter/8/0/0/0,7423:1747647654998:,1747647663854
counter/8/0/0/0,7424:1747647654999:,1747647663855
counter/1/0/0/0,7864:1747647655866:,1747647663855
counter/1/0/0/0,7865:1747647655866:,1747647663855
counter/1/0/0/0,7866:1747647655866:,1747647663855
counter/1/0/0/0,7867:1747647655866:,1747647663855
counter/1/0/0/0,7868:1747647655866:,1747647663855
counter/1/0/0/0,7869:1747647655866:,1747647663855
counter/1/0/0/0,7870:1747647655866:,1747647663855
counter/1/0/0/0,7871:1747647655866:,1747647663855
counter/2/0/0/0,6886:1747647654122:,1747647663855
counter/5/0/0/0,7273:1747647655157:,1747647663855
counter/9/0/0/0,7727:1747647655422:,1747647663857
counter/9/0/0/0,7728:1747647655422:,1747647663858
counter/9/0/0/0,7729:1747647655422:,1747647663858
counter/9/0/0/0,7730:1747647655422:,1747647663858
counter/9/0/0/0,7731:1747647655422:,1747647663858
counter/3/0/0/0,7622:1747647655377:,1747647663858
counter/3/0/0/0,7623:1747647655377:,1747647663858
counter/3/0/0/0,7624:1747647655377:,1747647663858
counter/1/0/0/0,7872:1747647655866:,1747647663858
counter/10/0/0/0,6658:1747647654528:,1747647663858
counter/6/0/0/0,6485:1747647655055:,1747647663858
counter/6/0/0/0,6486:1747647655055:,1747647663858
counter/2/0/0/0,6887:1747647654123:,1747647663858
counter/9/0/0/0,7732:1747647655422:,1747647663859
counter/9/0/0/0,7733:1747647655422:,1747647663859
counter/9/0/0/0,7734:1747647655422:,1747647663859
counter/9/0/0/0,7735:1747647655422:,1747647663859
counter/9/0/0/0,7736:1747647655422:,1747647663860
counter/3/0/0/0,7625:1747647655377:,1747647663860
counter/8/0/0/0,7425:1747647654999:,1747647663860
counter/9/0/0/0,7737:1747647655423:,1747647663860
counter/8/0/0/0,7426:1747647654999:,1747647663863
counter/8/0/0/0,7427:1747647654999:,1747647663863
counter/1/0/0/0,7873:1747647655866:,1747647663863
counter/9/0/0/0,7738:1747647655423:,1747647663863
counter/4/0/0/0,7314:1747647655804:,1747647663863
counter/4/0/0/0,7315:1747647655804:,1747647663863
counter/4/0/0/0,7316:1747647655804:,1747647663864
counter/3/0/0/0,7626:1747647655377:,1747647663865
counter/3/0/0/0,7627:1747647655377:,1747647663865
counter/3/0/0/0,7628:1747647655377:,1747647663865
counter/3/0/0/0,7629:1747647655377:,1747647663865
counter/8/0/0/0,7428:1747647654999:,1747647663865
counter/8/0/0/0,7429:1747647654999:,1747647663865
counter/8/0/0/0,7430:1747647654999:,1747647663865
counter/8/0/0/0,7431:1747647654999:,1747647663865
counter/8/0/0/0,7432:1747647654999:,1747647663865
counter/8/0/0/0,7433:1747647654999:,1747647663865
counter/4/0/0/0,7317:1747647655804:,1747647663865
counter/10/0/0/0,6659:1747647654528:,1747647663865
counter/9/0/0/0,7739:1747647655423:,1747647663866
counter/9/0/0/0,7740:1747647655423:,1747647663866
counter/8/0/0/0,7434:1747647654999:,1747647663866
counter/9/0/0/0,7741:1747647655423:,1747647663866
counter/9/0/0/0,7742:1747647655423:,1747647663866
counter/4/0/0/0,7318:1747647655804:,1747647663866
counter/1/0/0/0,7874:1747647655866:,1747647663866
counter/8/0/0/0,7435:1747647654999:,1747647663867
counter/10/0/0/0,6660:1747647654528:,1747647664376
counter/10/0/0/0,6661:1747647654528:,1747647664377
counter/8/0/0/0,7436:1747647654999:,1747647664377
counter/3/0/0/0,7630:1747647655377:,1747647664377
counter/10/0/0/0,6662:1747647654528:,1747647664377
counter/3/0/0/0,7631:1747647655377:,1747647664377
counter/3/0/0/0,7632:1747647655377:,1747647664377
counter/3/0/0/0,7633:1747647655377:,1747647664377
counter/3/0/0/0,7634:1747647655377:,1747647664377
counter/3/0/0/0,7635:1747647655377:,1747647664377
counter/3/0/0/0,7636:1747647655377:,1747647664377
counter/3/0/0/0,7637:1747647655385:,1747647664377
counter/3/0/0/0,7638:1747647655385:,1747647664377
counter/3/0/0/0,7639:1747647655385:,1747647664378
counter/3/0/0/0,7640:1747647655385:,1747647664378
counter/3/0/0/0,7641:1747647655385:,1747647664378
counter/3/0/0/0,7642:1747647655385:,1747647664378
counter/3/0/0/0,7643:1747647655386:,1747647664378
counter/2/0/0/0,6888:1747647654123:,1747647664378
counter/4/0/0/0,7319:1747647655804:,1747647664378
counter/6/0/0/0,6487:1747647655055:,1747647664378
counter/9/0/0/0,7743:1747647655423:,1747647664378
counter/9/0/0/0,7744:1747647655423:,1747647664378
counter/9/0/0/0,7745:1747647655423:,1747647664378
counter/9/0/0/0,7746:1747647655423:,1747647664378
counter/9/0/0/0,7747:1747647655423:,1747647664378
counter/1/0/0/0,7875:1747647655866:,1747647664378
counter/8/0/0/0,7437:1747647654999:,1747647664379
counter/10/0/0/0,6663:1747647654528:,1747647664379
counter/8/0/0/0,7438:1747647654999:,1747647664379
counter/3/0/0/0,7644:1747647655386:,1747647664379
counter/8/0/0/0,7439:1747647654999:,1747647664379
counter/8/0/0/0,7440:1747647654999:,1747647664379
counter/8/0/0/0,7441:1747647654999:,1747647664379
counter/9/0/0/0,7748:1747647655423:,1747647664379
counter/9/0/0/0,7749:1747647655423:,1747647664379
counter/9/0/0/0,7750:1747647655424:,1747647664379
counter/9/0/0/0,7751:1747647655424:,1747647664379
counter/7/0/0/0,6955:1747647655100:,1747647664379
counter/7/0/0/0,6956:1747647655100:,1747647664380
counter/2/0/0/0,6889:1747647654123:,1747647664380
counter/2/0/0/0,6890:1747647654123:,1747647664380
counter/2/0/0/0,6891:1747647654123:,1747647664380
counter/2/0/0/0,6892:1747647654123:,1747647664381
counter/2/0/0/0,6893:1747647654123:,1747647664381
counter/3/0/0/0,7645:1747647655386:,1747647664381
counter/8/0/0/0,7442:1747647654999:,1747647664381
counter/9/0/0/0,7752:1747647655424:,1747647664381
counter/8/0/0/0,7443:1747647654999:,1747647664381
counter/9/0/0/0,7753:1747647655443:,1747647664381
counter/5/0/0/0,7274:1747647655157:,1747647664381
counter/5/0/0/0,7275:1747647655157:,1747647664381
counter/5/0/0/0,7276:1747647655157:,1747647664381
counter/5/0/0/0,7277:1747647655157:,1747647664381
counter/5/0/0/0,7278:1747647655158:,1747647664381
counter/5/0/0/0,7279:1747647655158:,1747647664381
counter/5/0/0/0,7280:1747647655158:,1747647664382
counter/5/0/0/0,7281:1747647655158:,1747647664382
counter/5/0/0/0,7282:1747647655158:,1747647664382
counter/2/0/0/0,6894:1747647654123:,1747647664382
counter/6/0/0/0,6488:1747647655055:,1747647664382
counter/10/0/0/0,6664:1747647654528:,1747647664382
counter/10/0/0/0,6665:1747647654528:,1747647664382
counter/10/0/0/0,6666:1747647654528:,1747647664382
counter/10/0/0/0,6667:1747647654541:,1747647664382
counter/3/0/0/0,7646:1747647655386:,1747647664382
counter/3/0/0/0,7647:1747647655386:,1747647664382
counter/7/0/0/0,6957:1747647655100:,1747647664382
counter/8/0/0/0,7444:1747647654999:,1747647664382
counter/8/0/0/0,7445:1747647654999:,1747647664382
counter/2/0/0/0,6895:1747647654123:,1747647664382
counter/2/0/0/0,6896:1747647654123:,1747647664383
counter/2/0/0/0,6897:1747647654123:,1747647664383
counter/2/0/0/0,6898:1747647654123:,1747647664383
counter/2/0/0/0,6899:1747647654123:,1747647664383
counter/2/0/0/0,6900:1747647654123:,1747647664383
counter/2/0/0/0,6901:1747647654123:,1747647664383
counter/2/0/0/0,6902:1747647654123:,1747647664383
counter/2/0/0/0,6903:1747647654123:,1747647664383
counter/2/0/0/0,6904:1747647654123:,1747647664383
counter/4/0/0/0,7320:1747647655804:,1747647664383
counter/4/0/0/0,7321:1747647655804:,1747647664383
counter/4/0/0/0,7322:1747647655804:,1747647664383
counter/4/0/0/0,7323:1747647655805:,1747647664383
counter/4/0/0/0,7324:1747647655805:,1747647664383
counter/4/0/0/0,7325:1747647655805:,1747647664383
counter/8/0/0/0,7446:1747647654999:,1747647664384
counter/10/0/0/0,6668:1747647654541:,1747647664384
counter/10/0/0/0,6669:1747647654541:,1747647664384
counter/9/0/0/0,7754:1747647655443:,1747647664384
counter/9/0/0/0,7755:1747647655443:,1747647664384
counter/2/0/0/0,6905:1747647654123:,1747647664384
counter/2/0/0/0,6906:1747647654123:,1747647664384
counter/2/0/0/0,6907:1747647654123:,1747647664384
counter/2/0/0/0,6908:1747647654123:,1747647664384
counter/2/0/0/0,6909:1747647654123:,1747647664384
counter/2/0/0/0,6910:1747647654123:,1747647664384
counter/2/0/0/0,6911:1747647654123:,1747647664384
counter/2/0/0/0,6912:1747647654123:,1747647664384
counter/2/0/0/0,6913:1747647654124:,1747647664384
counter/2/0/0/0,6914:1747647654124:,1747647664384
counter/2/0/0/0,6915:1747647654124:,1747647664384
counter/2/0/0/0,6916:1747647654133:,1747647664384
counter/2/0/0/0,6917:1747647654133:,1747647664385
counter/10/0/0/0,6670:1747647654541:,1747647664385
counter/10/0/0/0,6671:1747647654542:,1747647664385
counter/3/0/0/0,7648:1747647655386:,1747647664385
counter/3/0/0/0,7649:1747647655386:,1747647664385
counter/3/0/0/0,7650:1747647655386:,1747647664385
counter/3/0/0/0,7651:1747647655386:,1747647664385
counter/2/0/0/0,6918:1747647654133:,1747647664385
counter/4/0/0/0,7326:1747647655805:,1747647664385
counter/1/0/0/0,7876:1747647655873:,1747647664385
counter/1/0/0/0,7877:1747647655873:,1747647664385
counter/5/0/0/0,7283:1747647655158:,1747647664386
counter/5/0/0/0,7284:1747647655167:,1747647664386
counter/5/0/0/0,7285:1747647655167:,1747647664386
counter/5/0/0/0,7286:1747647655167:,1747647664386
counter/5/0/0/0,7287:1747647655167:,1747647664387
counter/5/0/0/0,7288:1747647655167:,1747647664387
counter/5/0/0/0,7289:1747647655170:,1747647664387
counter/5/0/0/0,7290:1747647655170:,1747647664387
counter/5/0/0/0,7291:1747647655170:,1747647664387
counter/5/0/0/0,7292:1747647655170:,1747647664387
counter/4/0/0/0,7327:1747647655805:,1747647664387
counter/1/0/0/0,7878:1747647655873:,1747647664387
counter/1/0/0/0,7879:1747647655873:,1747647664387
counter/1/0/0/0,7880:1747647655873:,1747647664387
counter/1/0/0/0,7881:1747647655873:,1747647664387
counter/1/0/0/0,7882:1747647655878:,1747647664387
counter/1/0/0/0,7883:1747647655882:,1747647664387
counter/8/0/0/0,7447:1747647654999:,1747647664387
counter/8/0/0/0,7448:1747647655000:,1747647664387
counter/10/0/0/0,6672:1747647654542:,1747647664388
counter/4/0/0/0,7328:1747647655806:,1747647664388
counter/4/0/0/0,7329:1747647655806:,1747647664388
counter/7/0/0/0,6958:1747647655100:,1747647664388
counter/7/0/0/0,6959:1747647655100:,1747647664388
counter/7/0/0/0,6960:1747647655100:,1747647664388
counter/7/0/0/0,6961:1747647655100:,1747647664388
counter/8/0/0/0,7449:1747647655000:,1747647664389
counter/8/0/0/0,7450:1747647655000:,1747647664389
counter/10/0/0/0,6673:1747647654542:,1747647664389
counter/1/0/0/0,7884:1747647655882:,1747647664389
counter/1/0/0/0,7885:1747647655882:,1747647664389
counter/1/0/0/0,7886:1747647655882:,1747647664389
counter/1/0/0/0,7887:1747647655882:,1747647664389
counter/1/0/0/0,7888:1747647655882:,1747647664390
counter/5/0/0/0,7293:1747647655170:,1747647664390
counter/3/0/0/0,7652:1747647655389:,1747647664390
counter/10/0/0/0,6674:1747647654543:,1747647664390
counter/3/0/0/0,7653:1747647655390:,1747647664390
counter/9/0/0/0,7756:1747647655443:,1747647664390
counter/9/0/0/0,7757:1747647655443:,1747647664390
counter/9/0/0/0,7758:1747647655443:,1747647664390
counter/1/0/0/0,7889:1747647655882:,1747647664391
counter/1/0/0/0,7890:1747647655882:,1747647664391
counter/1/0/0/0,7891:1747647655882:,1747647664391
counter/5/0/0/0,7294:1747647655170:,1747647664391
counter/1/0/0/0,7892:1747647655882:,1747647664391
counter/1/0/0/0,7893:1747647655882:,1747647664391
counter/4/0/0/0,7330:1747647655806:,1747647664391
counter/10/0/0/0,6675:1747647654547:,1747647664391
counter/10/0/0/0,6676:1747647654547:,1747647664391
counter/8/0/0/0,7451:1747647655000:,1747647664391
counter/3/0/0/0,7654:1747647655390:,1747647664391
counter/8/0/0/0,7452:1747647655000:,1747647664391
counter/8/0/0/0,7453:1747647655000:,1747647664391
counter/9/0/0/0,7759:1747647655443:,1747647664391
counter/9/0/0/0,7760:1747647655443:,1747647664392
counter/6/0/0/0,6489:1747647655055:,1747647664392
counter/1/0/0/0,7894:1747647655882:,1747647664392
counter/1/0/0/0,7895:1747647655882:,1747647664392
counter/5/0/0/0,7295:1747647655170:,1747647664392
counter/2/0/0/0,6919:1747647654133:,1747647664392
counter/2/0/0/0,6920:1747647654133:,1747647664392
counter/2/0/0/0,6921:1747647654133:,1747647664392
counter/3/0/0/0,7655:1747647655390:,1747647664392
counter/10/0/0/0,6677:1747647654547:,1747647664392
counter/8/0/0/0,7454:1747647655000:,1747647664392
counter/9/0/0/0,7761:1747647655443:,1747647664393
counter/7/0/0/0,6962:1747647655100:,1747647664393
counter/7/0/0/0,6963:1747647655100:,1747647664393
counter/2/0/0/0,6922:1747647654137:,1747647664393
counter/2/0/0/0,6923:1747647654137:,1747647664393
counter/2/0/0/0,6924:1747647654137:,1747647664393
counter/2/0/0/0,6925:1747647654138:,1747647664393
counter/2/0/0/0,6926:1747647654138:,1747647664394
counter/4/0/0/0,7331:1747647655808:,1747647664394
counter/10/0/0/0,6678:1747647654547:,1747647664394
counter/1/0/0/0,7896:1747647655890:,1747647664394
counter/8/0/0/0,7455:1747647655001:,1747647664395
counter/9/0/0/0,7762:1747647655443:,1747647664395
counter/9/0/0/0,7763:1747647655443:,1747647664395
counter/9/0/0/0,7764:1747647655446:,1747647664395
counter/6/0/0/0,6490:1747647655055:,1747647664395
counter/7/0/0/0,6964:1747647655100:,1747647664395
counter/5/0/0/0,7296:1747647655170:,1747647664395
counter/2/0/0/0,6927:1747647654138:,1747647664395
counter/2/0/0/0,6928:1747647654138:,1747647664395
counter/3/0/0/0,7656:1747647655390:,1747647664395
counter/8/0/0/0,7456:1747647655001:,1747647664396
counter/6/0/0/0,6491:1747647655055:,1747647664396
counter/7/0/0/0,6965:1747647655101:,1747647664396
counter/1/0/0/0,7897:1747647655890:,1747647664397
counter/5/0/0/0,7297:1747647655171:,1747647664397
counter/1/0/0/0,7898:1747647655890:,1747647664397
counter/1/0/0/0,7899:1747647655890:,1747647664397
counter/1/0/0/0,7900:1747647655891:,1747647664397
counter/1/0/0/0,7901:1747647655891:,1747647664397
counter/1/0/0/0,7902:1747647655891:,1747647664397
counter/1/0/0/0,7903:1747647655891:,1747647664397
counter/10/0/0/0,6679:1747647654548:,1747647664397
counter/9/0/0/0,7765:1747647655446:,1747647664397
counter/9/0/0/0,7766:1747647655446:,1747647664398
counter/7/0/0/0,6966:1747647655101:,1747647664398
counter/9/0/0/0,7767:1747647655446:,1747647664401
counter/9/0/0/0,7768:1747647655446:,1747647664401
counter/5/0/0/0,7298:1747647655171:,1747647664402
counter/2/0/0/0,6929:1747647654138:,1747647664402
counter/2/0/0/0,6930:1747647654138:,1747647664402
counter/2/0/0/0,6931:1747647654138:,1747647664402
counter/2/0/0/0,6932:1747647654138:,1747647664402
counter/2/0/0/0,6933:1747647654138:,1747647664402
counter/2/0/0/0,6934:1747647654138:,1747647664403
counter/2/0/0/0,6935:1747647654138:,1747647664403
counter/2/0/0/0,6936:1747647654138:,1747647664403
counter/7/0/0/0,6967:1747647655101:,1747647664403
counter/8/0/0/0,7457:1747647655001:,1747647664403
counter/1/0/0/0,7904:1747647655891:,1747647664403
counter/1/0/0/0,7905:1747647655891:,1747647664403
counter/1/0/0/0,7906:1747647655891:,1747647664403
counter/1/0/0/0,7907:1747647655898:,1747647664403
counter/1/0/0/0,7908:1747647655898:,1747647664403
counter/9/0/0/0,7769:1747647655446:,1747647664404
counter/1/0/0/0,7909:1747647655898:,1747647664404
counter/5/0/0/0,7299:1747647655171:,1747647664404
counter/6/0/0/0,6492:1747647655056:,1747647664404
counter/5/0/0/0,7300:1747647655171:,1747647664404
counter/5/0/0/0,7301:1747647655171:,1747647664404
counter/5/0/0/0,7302:1747647655171:,1747647664404
counter/5/0/0/0,7303:1747647655171:,1747647664404
counter/5/0/0/0,7304:1747647655171:,1747647664404
counter/5/0/0/0,7305:1747647655171:,1747647664404
counter/2/0/0/0,6937:1747647654138:,1747647664404
counter/8/0/0/0,7458:1747647655001:,1747647664404
counter/8/0/0/0,7459:1747647655001:,1747647664405
counter/3/0/0/0,7657:1747647655390:,1747647664405
counter/3/0/0/0,7658:1747647655390:,1747647664405
counter/3/0/0/0,7659:1747647655390:,1747647664405
counter/10/0/0/0,6680:1747647654548:,1747647664405
counter/10/0/0/0,6681:1747647654548:,1747647664405
counter/7/0/0/0,6968:1747647655101:,1747647664405
counter/10/0/0/0,6682:1747647654548:,1747647664405
counter/10/0/0/0,6683:1747647654548:,1747647664405
counter/10/0/0/0,6684:1747647654548:,1747647664406
counter/8/0/0/0,7460:1747647655001:,1747647664406
counter/3/0/0/0,7660:1747647655393:,1747647664406
counter/3/0/0/0,7661:1747647655393:,1747647664406
counter/3/0/0/0,7662:1747647655393:,1747647664406
counter/3/0/0/0,7663:1747647655393:,1747647664406
counter/3/0/0/0,7664:1747647655393:,1747647664406
counter/3/0/0/0,7665:1747647655393:,1747647664406
counter/3/0/0/0,7666:1747647655393:,1747647664406
counter/2/0/0/0,6938:1747647654138:,1747647664406
counter/4/0/0/0,7332:1747647655811:,1747647664406
counter/1/0/0/0,7910:1747647655898:,1747647664406
counter/4/0/0/0,7333:1747647655811:,1747647664406
counter/6/0/0/0,6493:1747647655056:,1747647664407
counter/6/0/0/0,6494:1747647655056:,1747647664407
counter/6/0/0/0,6495:1747647655056:,1747647664407
counter/8/0/0/0,7461:1747647655001:,1747647664407
counter/3/0/0/0,7667:1747647655393:,1747647664407
counter/10/0/0/0,6685:1747647654549:,1747647664407
counter/10/0/0/0,6686:1747647654549:,1747647664407
counter/6/0/0/0,6496:1747647655056:,1747647664407
counter/7/0/0/0,6969:1747647655101:,1747647664408
counter/3/0/0/0,7668:1747647655397:,1747647664409
counter/10/0/0/0,6687:1747647654549:,1747647664409
counter/1/0/0/0,7911:1747647655899:,1747647664409
counter/6/0/0/0,6497:1747647655056:,1747647664409
counter/7/0/0/0,6970:1747647655101:,1747647664411
counter/8/0/0/0,7462:1747647655001:,1747647664411
counter/8/0/0/0,7463:1747647655001:,1747647664411
counter/8/0/0/0,7464:1747647655001:,1747647664411
counter/8/0/0/0,7465:1747647655001:,1747647664411
counter/9/0/0/0,7770:1747647655447:,1747647664411
counter/9/0/0/0,7771:1747647655450:,1747647664411
counter/9/0/0/0,7772:1747647655450:,1747647664411
counter/10/0/0/0,6688:1747647654549:,1747647664412
counter/7/0/0/0,6971:1747647655101:,1747647664412
counter/7/0/0/0,6972:1747647655101:,1747647664412
counter/7/0/0/0,6973:1747647655101:,1747647664412
counter/7/0/0/0,6974:1747647655102:,1747647664412
counter/7/0/0/0,6975:1747647655102:,1747647664412
counter/7/0/0/0,6976:1747647655102:,1747647664412
counter/3/0/0/0,7669:1747647655397:,1747647664412
counter/7/0/0/0,6977:1747647655102:,1747647664412
counter/3/0/0/0,7670:1747647655397:,1747647664413
counter/9/0/0/0,7773:1747647655450:,1747647664413
counter/9/0/0/0,7774:1747647655450:,1747647664413
counter/9/0/0/0,7775:1747647655450:,1747647664413
counter/2/0/0/0,6939:1747647654140:,1747647664413
counter/2/0/0/0,6940:1747647654140:,1747647664413
counter/2/0/0/0,6941:1747647654140:,1747647664413
counter/2/0/0/0,6942:1747647654140:,1747647664413
counter/6/0/0/0,6498:1747647655063:,1747647664413
counter/2/0/0/0,6943:1747647654140:,1747647664414
counter/2/0/0/0,6944:1747647654140:,1747647664414
counter/2/0/0/0,6945:1747647654140:,1747647664414
counter/2/0/0/0,6946:1747647654140:,1747647664414
counter/2/0/0/0,6947:1747647654140:,1747647664414
counter/5/0/0/0,7306:1747647655171:,1747647664414
counter/2/0/0/0,6948:1747647654140:,1747647664414
counter/2/0/0/0,6949:1747647654140:,1747647664414
counter/6/0/0/0,6499:1747647655063:,1747647664414
counter/1/0/0/0,7912:1747647655899:,1747647664415
counter/7/0/0/0,6978:1747647655102:,1747647664415
counter/10/0/0/0,6689:1747647654549:,1747647664415
counter/4/0/0/0,7334:1747647655811:,1747647664415
counter/4/0/0/0,7335:1747647655811:,1747647664415
counter/4/0/0/0,7336:1747647655811:,1747647664415
counter/4/0/0/0,7337:1747647655811:,1747647664415
counter/4/0/0/0,7338:1747647655811:,1747647664415
counter/4/0/0/0,7339:1747647655811:,1747647664415
counter/4/0/0/0,7340:1747647655811:,1747647664415
counter/4/0/0/0,7341:1747647655813:,1747647664415
counter/4/0/0/0,7342:1747647655813:,1747647664415
counter/4/0/0/0,7343:1747647655813:,1747647664415
counter/4/0/0/0,7344:1747647655813:,1747647664415
counter/2/0/0/0,6950:1747647654140:,1747647664415
counter/2/0/0/0,6951:1747647654140:,1747647664416
counter/5/0/0/0,7307:1747647655171:,1747647664417
counter/5/0/0/0,7308:1747647655171:,1747647664417
counter/3/0/0/0,7671:1747647655397:,1747647664417
counter/5/0/0/0,7309:1747647655171:,1747647664417
counter/3/0/0/0,7672:1747647655397:,1747647664417
counter/5/0/0/0,7310:1747647655171:,1747647664417
counter/5/0/0/0,7311:1747647655171:,1747647664417
counter/3/0/0/0,7673:1747647655397:,1747647664417
counter/9/0/0/0,7776:1747647655450:,1747647664417
counter/6/0/0/0,6500:1747647655063:,1747647664418
counter/6/0/0/0,6501:1747647655063:,1747647664418
counter/6/0/0/0,6502:1747647655063:,1747647664418
counter/5/0/0/0,7312:1747647655189:,1747647664422
counter/7/0/0/0,6979:1747647655102:,1747647664422
counter/7/0/0/0,6980:1747647655102:,1747647664422
counter/8/0/0/0,7466:1747647655001:,1747647664422
counter/7/0/0/0,6981:1747647655103:,1747647664422
counter/6/0/0/0,6503:1747647655066:,1747647664423
counter/6/0/0/0,6504:1747647655073:,1747647664425
counter/2/0/0/0,6952:1747647654140:,1747647664425
counter/2/0/0/0,6953:1747647654140:,1747647664425
counter/3/0/0/0,7674:1747647655397:,1747647664426
counter/1/0/0/0,7913:1747647655899:,1747647664426
counter/5/0/0/0,7313:1747647655189:,1747647664426
counter/5/0/0/0,7314:1747647655189:,1747647664426
counter/5/0/0/0,7315:1747647655189:,1747647664426
counter/5/0/0/0,7316:1747647655189:,1747647664426
counter/5/0/0/0,7317:1747647655189:,1747647664426
counter/5/0/0/0,7318:1747647655189:,1747647664426
counter/8/0/0/0,7467:1747647655001:,1747647664427
counter/8/0/0/0,7468:1747647655001:,1747647664427
counter/9/0/0/0,7777:1747647655450:,1747647664427
counter/8/0/0/0,7469:1747647655001:,1747647664427
counter/8/0/0/0,7470:1747647655001:,1747647664427
counter/8/0/0/0,7471:1747647655001:,1747647664427
counter/8/0/0/0,7472:1747647655001:,1747647664427
counter/8/0/0/0,7473:1747647655001:,1747647664427
counter/8/0/0/0,7474:1747647655001:,1747647664428
counter/8/0/0/0,7475:1747647655001:,1747647664428
counter/8/0/0/0,7476:1747647655001:,1747647664428
counter/8/0/0/0,7477:1747647655001:,1747647664428
counter/8/0/0/0,7478:1747647655001:,1747647664428
counter/8/0/0/0,7479:1747647655001:,1747647664428
counter/10/0/0/0,6690:1747647654549:,1747647664430
counter/10/0/0/0,6691:1747647654549:,1747647664430
counter/10/0/0/0,6692:1747647654550:,1747647664431
counter/10/0/0/0,6693:1747647654550:,1747647664431
counter/10/0/0/0,6694:1747647654550:,1747647664431
counter/10/0/0/0,6695:1747647654550:,1747647664431
counter/10/0/0/0,6696:1747647654550:,1747647664431
counter/10/0/0/0,6697:1747647654550:,1747647664431
counter/10/0/0/0,6698:1747647654550:,1747647664431
counter/10/0/0/0,6699:1747647654550:,1747647664431
counter/10/0/0/0,6700:1747647654550:,1747647664431
counter/10/0/0/0,6701:1747647654552:,1747647664431
counter/10/0/0/0,6702:1747647654557:,1747647664431
counter/10/0/0/0,6703:1747647654557:,1747647664431
counter/10/0/0/0,6704:1747647654557:,1747647664431
counter/9/0/0/0,7778:1747647655450:,1747647664433
counter/9/0/0/0,7779:1747647655450:,1747647664433
counter/9/0/0/0,7780:1747647655450:,1747647664433
counter/9/0/0/0,7781:1747647655455:,1747647664433
counter/6/0/0/0,6505:1747647655073:,1747647664433
counter/6/0/0/0,6506:1747647655093:,1747647664434
counter/6/0/0/0,6507:1747647655093:,1747647664434
counter/6/0/0/0,6508:1747647655093:,1747647664434
counter/6/0/0/0,6509:1747647655093:,1747647664434
counter/6/0/0/0,6510:1747647655097:,1747647664434
counter/6/0/0/0,6511:1747647655097:,1747647664434
counter/6/0/0/0,6512:1747647655097:,1747647664434
counter/9/0/0/0,7782:1747647655455:,1747647664435
counter/2/0/0/0,6954:1747647654140:,1747647664435
counter/6/0/0/0,6513:1747647655099:,1747647664436
counter/8/0/0/0,7480:1747647655001:,1747647664437
counter/9/0/0/0,7783:1747647655455:,1747647664437
counter/1/0/0/0,7914:1747647655904:,1747647664439
counter/1/0/0/0,7915:1747647655904:,1747647664439
counter/1/0/0/0,7916:1747647655904:,1747647664439
counter/1/0/0/0,7917:1747647655904:,1747647664439
counter/1/0/0/0,7918:1747647655915:,1747647664439
counter/7/0/0/0,6982:1747647655103:,1747647664439
counter/1/0/0/0,7919:1747647655915:,1747647664439
counter/1/0/0/0,7920:1747647655946:,1747647664439
counter/1/0/0/0,7921:1747647655946:,1747647664440
counter/7/0/0/0,6983:1747647655103:,1747647664440
counter/6/0/0/0,6514:1747647655099:,1747647664440
counter/2/0/0/0,6955:1747647654140:,1747647664440
counter/6/0/0/0,6515:1747647655099:,1747647664440
counter/6/0/0/0,6516:1747647655099:,1747647664440
counter/6/0/0/0,6517:1747647655099:,1747647664440
counter/6/0/0/0,6518:1747647655107:,1747647664441
counter/6/0/0/0,6519:1747647655107:,1747647664441
counter/3/0/0/0,7675:1747647655397:,1747647664441
counter/6/0/0/0,6520:1747647655107:,1747647664441
counter/3/0/0/0,7676:1747647655397:,1747647664441
counter/9/0/0/0,7784:1747647655455:,1747647664441
counter/4/0/0/0,7345:1747647655813:,1747647664441
counter/8/0/0/0,7481:1747647655001:,1747647664441
counter/8/0/0/0,7482:1747647655001:,1747647664442
counter/8/0/0/0,7483:1747647655002:,1747647664442
counter/8/0/0/0,7484:1747647655002:,1747647664442
counter/8/0/0/0,7485:1747647655002:,1747647664442
counter/8/0/0/0,7486:1747647655002:,1747647664442
counter/8/0/0/0,7487:1747647655002:,1747647664442
counter/8/0/0/0,7488:1747647655002:,1747647664442
counter/8/0/0/0,7489:1747647655002:,1747647664442
counter/8/0/0/0,7490:1747647655002:,1747647664442
counter/1/0/0/0,7922:1747647655946:,1747647664443
counter/1/0/0/0,7923:1747647655946:,1747647664443
counter/1/0/0/0,7924:1747647655946:,1747647664443
counter/1/0/0/0,7925:1747647655946:,1747647664443
counter/1/0/0/0,7926:1747647655946:,1747647664443
counter/1/0/0/0,7927:1747647655946:,1747647664443
counter/1/0/0/0,7928:1747647655946:,1747647664443
counter/1/0/0/0,7929:1747647655946:,1747647664443
counter/1/0/0/0,7930:1747647655946:,1747647664443
counter/7/0/0/0,6984:1747647655103:,1747647664443
counter/7/0/0/0,6985:1747647655103:,1747647664444
counter/3/0/0/0,7677:1747647655397:,1747647664444
counter/5/0/0/0,7319:1747647655189:,1747647664444
counter/6/0/0/0,6521:1747647655107:,1747647664445
counter/10/0/0/0,6705:1747647654557:,1747647664446
counter/10/0/0/0,6706:1747647654557:,1747647664446
counter/10/0/0/0,6707:1747647654557:,1747647664446
counter/10/0/0/0,6708:1747647654557:,1747647664446
counter/10/0/0/0,6709:1747647654557:,1747647664446
counter/10/0/0/0,6710:1747647654558:,1747647664446
counter/10/0/0/0,6711:1747647654558:,1747647664446
counter/10/0/0/0,6712:1747647654559:,1747647664446
counter/10/0/0/0,6713:1747647654559:,1747647664446
counter/1/0/0/0,7931:1747647655946:,1747647664448
counter/6/0/0/0,6522:1747647655107:,1747647664450
counter/6/0/0/0,6523:1747647655108:,1747647664450
counter/6/0/0/0,6524:1747647655108:,1747647664450
counter/6/0/0/0,6525:1747647655108:,1747647664450
counter/6/0/0/0,6526:1747647655108:,1747647664450
counter/10/0/0/0,6714:1747647654559:,1747647664450
counter/3/0/0/0,7678:1747647655401:,1747647664450
counter/7/0/0/0,6986:1747647655103:,1747647664452
counter/7/0/0/0,6987:1747647655103:,1747647664452
counter/7/0/0/0,6988:1747647655119:,1747647664452
counter/7/0/0/0,6989:1747647655119:,1747647664452
counter/7/0/0/0,6990:1747647655119:,1747647664452
counter/7/0/0/0,6991:1747647655119:,1747647664452
counter/1/0/0/0,7932:1747647655946:,1747647664452
counter/4/0/0/0,7346:1747647655817:,1747647664452
counter/9/0/0/0,7785:1747647655455:,1747647664453
counter/4/0/0/0,7347:1747647655829:,1747647664453
counter/4/0/0/0,7348:1747647655834:,1747647664453
counter/2/0/0/0,6956:1747647654140:,1747647664453
counter/7/0/0/0,6992:1747647655119:,1747647664453
counter/7/0/0/0,6993:1747647655119:,1747647664453
counter/7/0/0/0,6994:1747647655119:,1747647664453
counter/7/0/0/0,6995:1747647655119:,1747647664453
counter/7/0/0/0,6996:1747647655119:,1747647664453
counter/7/0/0/0,6997:1747647655119:,1747647664453
counter/1/0/0/0,7933:1747647655946:,1747647664453
counter/4/0/0/0,7349:1747647655843:,1747647664453
counter/4/0/0/0,7350:1747647655843:,1747647664453
counter/4/0/0/0,7351:1747647655843:,1747647664453
counter/4/0/0/0,7352:1747647655843:,1747647664453
counter/10/0/0/0,6715:1747647654559:,1747647664454
counter/5/0/0/0,7320:1747647655189:,1747647664454
counter/5/0/0/0,7321:1747647655196:,1747647664454
counter/4/0/0/0,7353:1747647655843:,1747647664455
counter/6/0/0/0,6527:1747647655110:,1747647664456
counter/3/0/0/0,7679:1747647655401:,1747647664456
counter/10/0/0/0,6716:1747647654559:,1747647664456
counter/10/0/0/0,6717:1747647654559:,1747647664456
counter/10/0/0/0,6718:1747647654559:,1747647664456
counter/10/0/0/0,6719:1747647654559:,1747647664457
counter/10/0/0/0,6720:1747647654559:,1747647664457
counter/10/0/0/0,6721:1747647654559:,1747647664457
counter/10/0/0/0,6722:1747647654559:,1747647664457
counter/10/0/0/0,6723:1747647654559:,1747647664457
counter/10/0/0/0,6724:1747647654559:,1747647664457
counter/10/0/0/0,6725:1747647654559:,1747647664457
counter/10/0/0/0,6726:1747647654567:,1747647664457
counter/9/0/0/0,7786:1747647655455:,1747647664457
counter/9/0/0/0,7787:1747647655455:,1747647664457
counter/9/0/0/0,7788:1747647655455:,1747647664457
counter/9/0/0/0,7789:1747647655459:,1747647664458
counter/9/0/0/0,7790:1747647655459:,1747647664458
counter/9/0/0/0,7791:1747647655459:,1747647664458
counter/9/0/0/0,7792:1747647655467:,1747647664458
counter/9/0/0/0,7793:1747647655467:,1747647664458
counter/9/0/0/0,7794:1747647655468:,1747647664458
counter/2/0/0/0,6957:1747647654140:,1747647664458
counter/8/0/0/0,7491:1747647655002:,1747647664459
counter/4/0/0/0,7354:1747647655843:,1747647664459
counter/9/0/0/0,7795:1747647655468:,1747647664459
counter/9/0/0/0,7796:1747647655468:,1747647664459
counter/4/0/0/0,7355:1747647655849:,1747647664459
counter/7/0/0/0,6998:1747647655119:,1747647664459
counter/4/0/0/0,7356:1747647655849:,1747647664459
counter/7/0/0/0,6999:1747647655119:,1747647664459
counter/7/0/0/0,7000:1747647655119:,1747647664460
counter/7/0/0/0,7001:1747647655119:,1747647664460
counter/7/0/0/0,7002:1747647655119:,1747647664460
counter/7/0/0/0,7003:1747647655119:,1747647664460
counter/10/0/0/0,6727:1747647654567:,1747647664463
counter/3/0/0/0,7680:1747647655401:,1747647664463
counter/9/0/0/0,7797:1747647655468:,1747647664463
counter/10/0/0/0,6728:1747647654568:,1747647664463
counter/10/0/0/0,6729:1747647654568:,1747647664463
counter/10/0/0/0,6730:1747647654568:,1747647664464
counter/10/0/0/0,6731:1747647654568:,1747647664464
counter/10/0/0/0,6732:1747647654568:,1747647664464
counter/10/0/0/0,6733:1747647654568:,1747647664464
counter/10/0/0/0,6734:1747647654568:,1747647664464
counter/10/0/0/0,6735:1747647654568:,1747647664464
counter/2/0/0/0,6958:1747647654140:,1747647664464
counter/8/0/0/0,7492:1747647655002:,1747647664464
counter/2/0/0/0,6959:1747647654140:,1747647664464
counter/8/0/0/0,7493:1747647655003:,1747647664464
counter/8/0/0/0,7494:1747647655003:,1747647664465
counter/2/0/0/0,6960:1747647654140:,1747647664467
counter/2/0/0/0,6961:1747647654140:,1747647664467
counter/2/0/0/0,6962:1747647654140:,1747647664467
counter/2/0/0/0,6963:1747647654140:,1747647664467
counter/2/0/0/0,6964:1747647654140:,1747647664467
counter/5/0/0/0,7322:1747647655196:,1747647664468
counter/5/0/0/0,7323:1747647655197:,1747647664468
counter/9/0/0/0,7798:1747647655468:,1747647664468
counter/9/0/0/0,7799:1747647655468:,1747647664468
counter/9/0/0/0,7800:1747647655468:,1747647664468
counter/9/0/0/0,7801:1747647655468:,1747647664468
counter/9/0/0/0,7802:1747647655468:,1747647664468
counter/9/0/0/0,7803:1747647655468:,1747647664468
counter/10/0/0/0,6736:1747647654568:,1747647664468
counter/4/0/0/0,7357:1747647655849:,1747647664468
counter/6/0/0/0,6528:1747647655116:,1747647664469
counter/9/0/0/0,7804:1747647655474:,1747647664469
counter/5/0/0/0,7324:1747647655197:,1747647664470
counter/5/0/0/0,7325:1747647655197:,1747647664470
counter/5/0/0/0,7326:1747647655197:,1747647664470
counter/5/0/0/0,7327:1747647655215:,1747647664470
counter/5/0/0/0,7328:1747647655221:,1747647664470
counter/5/0/0/0,7329:1747647655221:,1747647664470
counter/5/0/0/0,7330:1747647655242:,1747647664470
counter/5/0/0/0,7331:1747647655242:,1747647664471
counter/5/0/0/0,7332:1747647655242:,1747647664471
counter/5/0/0/0,7333:1747647655242:,1747647664471
counter/2/0/0/0,6965:1747647654140:,1747647664471
counter/3/0/0/0,7681:1747647655401:,1747647664471
counter/4/0/0/0,7358:1747647655849:,1747647664471
counter/4/0/0/0,7359:1747647655849:,1747647664471
counter/4/0/0/0,7360:1747647655849:,1747647664471
counter/4/0/0/0,7361:1747647655849:,1747647664471
counter/1/0/0/0,7934:1747647655947:,1747647664472
counter/7/0/0/0,7004:1747647655119:,1747647664472
counter/1/0/0/0,7935:1747647655947:,1747647664472
counter/1/0/0/0,7936:1747647655947:,1747647664472
counter/1/0/0/0,7937:1747647655954:,1747647664472
counter/1/0/0/0,7938:1747647655954:,1747647664472
counter/1/0/0/0,7939:1747647655954:,1747647664472
counter/1/0/0/0,7940:1747647655954:,1747647664472
counter/1/0/0/0,7941:1747647655954:,1747647664472
counter/1/0/0/0,7942:1747647655954:,1747647664472
counter/1/0/0/0,7943:1747647655955:,1747647664472
counter/1/0/0/0,7944:1747647655955:,1747647664472
counter/9/0/0/0,7805:1747647655474:,1747647664472
counter/3/0/0/0,7682:1747647655401:,1747647664472
counter/1/0/0/0,7945:1747647655955:,1747647664474
counter/1/0/0/0,7946:1747647655955:,1747647664474
counter/1/0/0/0,7947:1747647655955:,1747647664474
counter/1/0/0/0,7948:1747647655955:,1747647664474
counter/1/0/0/0,7949:1747647655955:,1747647664474
counter/1/0/0/0,7950:1747647655955:,1747647664474
counter/1/0/0/0,7951:1747647655955:,1747647664474
counter/1/0/0/0,7952:1747647655955:,1747647664474
counter/1/0/0/0,7953:1747647655955:,1747647664474
counter/9/0/0/0,7806:1747647655474:,1747647664475
counter/8/0/0/0,7495:1747647655003:,1747647664475
counter/5/0/0/0,7334:1747647655244:,1747647664475
counter/8/0/0/0,7496:1747647655003:,1747647664475
counter/7/0/0/0,7005:1747647655119:,1747647664475
counter/8/0/0/0,7497:1747647655003:,1747647664475
counter/7/0/0/0,7006:1747647655119:,1747647664475
counter/8/0/0/0,7498:1747647655003:,1747647664475
counter/2/0/0/0,6966:1747647654140:,1747647664475
counter/8/0/0/0,7499:1747647655003:,1747647664476
counter/8/0/0/0,7500:1747647655003:,1747647664476
counter/8/0/0/0,7501:1747647655003:,1747647664476
counter/8/0/0/0,7502:1747647655003:,1747647664476
counter/8/0/0/0,7503:1747647655003:,1747647664476
counter/8/0/0/0,7504:1747647655003:,1747647664476
counter/8/0/0/0,7505:1747647655003:,1747647664476
counter/8/0/0/0,7506:1747647655003:,1747647664476
counter/2/0/0/0,6967:1747647654140:,1747647664476
counter/2/0/0/0,6968:1747647654140:,1747647664476
counter/9/0/0/0,7807:1747647655474:,1747647664476
counter/2/0/0/0,6969:1747647654140:,1747647664476
counter/3/0/0/0,7683:1747647655401:,1747647664476
counter/2/0/0/0,6970:1747647654140:,1747647664476
counter/6/0/0/0,6529:1747647655116:,1747647664477
counter/7/0/0/0,7007:1747647655119:,1747647664477
counter/6/0/0/0,6530:1747647655116:,1747647664477
counter/6/0/0/0,6531:1747647655116:,1747647664477
counter/6/0/0/0,6532:1747647655116:,1747647664477
counter/6/0/0/0,6533:1747647655116:,1747647664477
counter/6/0/0/0,6534:1747647655127:,1747647664477
counter/6/0/0/0,6535:1747647655127:,1747647664477
counter/1/0/0/0,7954:1747647655955:,1747647664477
counter/1/0/0/0,7955:1747647655955:,1747647664478
counter/4/0/0/0,7362:1747647655849:,1747647664478
counter/4/0/0/0,7363:1747647655858:,1747647664478
counter/4/0/0/0,7364:1747647655858:,1747647664478
counter/4/0/0/0,7365:1747647655858:,1747647664478
counter/4/0/0/0,7366:1747647655858:,1747647664478
counter/4/0/0/0,7367:1747647655858:,1747647664478
counter/4/0/0/0,7368:1747647655858:,1747647664478
counter/4/0/0/0,7369:1747647655858:,1747647664478
counter/4/0/0/0,7370:1747647655858:,1747647664478
counter/5/0/0/0,7335:1747647655244:,1747647664478
counter/5/0/0/0,7336:1747647655244:,1747647664479
counter/5/0/0/0,7337:1747647655245:,1747647664479
counter/5/0/0/0,7338:1747647655245:,1747647664479
counter/3/0/0/0,7684:1747647655401:,1747647664479
counter/1/0/0/0,7956:1747647655955:,1747647664479
counter/1/0/0/0,7957:1747647655955:,1747647664479
counter/1/0/0/0,7958:1747647655959:,1747647664479
counter/1/0/0/0,7959:1747647655960:,1747647664479
counter/1/0/0/0,7960:1747647655960:,1747647664479
counter/9/0/0/0,7808:1747647655474:,1747647664479
counter/7/0/0/0,7008:1747647655119:,1747647664479
counter/7/0/0/0,7009:1747647655119:,1747647664480
counter/7/0/0/0,7010:1747647655120:,1747647664480
counter/7/0/0/0,7011:1747647655120:,1747647664480
counter/7/0/0/0,7012:1747647655120:,1747647664480
counter/7/0/0/0,7013:1747647655120:,1747647664480
counter/7/0/0/0,7014:1747647655120:,1747647664480
counter/7/0/0/0,7015:1747647655120:,1747647664480
counter/6/0/0/0,6536:1747647655127:,1747647664480
counter/9/0/0/0,7809:1747647655474:,1747647664482
counter/9/0/0/0,7810:1747647655474:,1747647664482
counter/9/0/0/0,7811:1747647655474:,1747647664482
counter/9/0/0/0,7812:1747647655474:,1747647664482
counter/9/0/0/0,7813:1747647655474:,1747647664482
counter/4/0/0/0,7371:1747647655868:,1747647664482
counter/4/0/0/0,7372:1747647655868:,1747647664483
counter/4/0/0/0,7373:1747647655868:,1747647664483
counter/4/0/0/0,7374:1747647655868:,1747647664483
counter/3/0/0/0,7685:1747647655401:,1747647664484
counter/2/0/0/0,6971:1747647654140:,1747647664484
counter/6/0/0/0,6537:1747647655127:,1747647664486
counter/3/0/0/0,7686:1747647655401:,1747647664486
counter/6/0/0/0,6538:1747647655127:,1747647664486
counter/10/0/0/0,6737:1747647654568:,1747647664486
counter/6/0/0/0,6539:1747647655127:,1747647664486
counter/10/0/0/0,6738:1747647654568:,1747647664486
counter/10/0/0/0,6739:1747647654568:,1747647664486
counter/10/0/0/0,6740:1747647654568:,1747647664486
counter/10/0/0/0,6741:1747647654568:,1747647664486
counter/10/0/0/0,6742:1747647654571:,1747647664486
counter/10/0/0/0,6743:1747647654572:,1747647664487
counter/3/0/0/0,7687:1747647655403:,1747647664487
counter/3/0/0/0,7688:1747647655403:,1747647664487
counter/3/0/0/0,7689:1747647655403:,1747647664487
counter/8/0/0/0,7507:1747647655007:,1747647664487
counter/3/0/0/0,7690:1747647655403:,1747647664487
counter/8/0/0/0,7508:1747647655008:,1747647664487
counter/8/0/0/0,7509:1747647655008:,1747647664487
counter/7/0/0/0,7016:1747647655120:,1747647664487
counter/8/0/0/0,7510:1747647655008:,1747647664487
counter/8/0/0/0,7511:1747647655008:,1747647664487
counter/2/0/0/0,6972:1747647654141:,1747647664488
counter/2/0/0/0,6973:1747647654141:,1747647664488
counter/6/0/0/0,6540:1747647655127:,1747647664488
counter/9/0/0/0,7814:1747647655474:,1747647664488
counter/9/0/0/0,7815:1747647655474:,1747647664488
counter/6/0/0/0,6541:1747647655127:,1747647664488
counter/3/0/0/0,7691:1747647655403:,1747647664488
counter/2/0/0/0,6974:1747647654141:,1747647664488
counter/6/0/0/0,6542:1747647655127:,1747647664489
counter/6/0/0/0,6543:1747647655128:,1747647664489
counter/6/0/0/0,6544:1747647655129:,1747647664489
counter/6/0/0/0,6545:1747647655129:,1747647664489
counter/6/0/0/0,6546:1747647655129:,1747647664489
counter/6/0/0/0,6547:1747647655130:,1747647664489
counter/6/0/0/0,6548:1747647655130:,1747647664489
counter/6/0/0/0,6549:1747647655130:,1747647664489
counter/7/0/0/0,7017:1747647655120:,1747647664490
counter/5/0/0/0,7339:1747647655245:,1747647664491
counter/3/0/0/0,7692:1747647655403:,1747647664491
counter/10/0/0/0,6744:1747647654572:,1747647664491
counter/7/0/0/0,7018:1747647655120:,1747647664491
counter/7/0/0/0,7019:1747647655120:,1747647664491
counter/7/0/0/0,7020:1747647655120:,1747647664491
counter/7/0/0/0,7021:1747647655120:,1747647664491
counter/7/0/0/0,7022:1747647655120:,1747647664491
counter/6/0/0/0,6550:1747647655130:,1747647664491
counter/4/0/0/0,7375:1747647655868:,1747647664491
counter/10/0/0/0,6745:1747647654572:,1747647664492
counter/7/0/0/0,7023:1747647655120:,1747647664492
counter/8/0/0/0,7512:1747647655008:,1747647664492
counter/4/0/0/0,7376:1747647655868:,1747647664492
counter/4/0/0/0,7377:1747647655868:,1747647664492
counter/1/0/0/0,7961:1747647655960:,1747647664492
counter/1/0/0/0,7962:1747647655960:,1747647664493
counter/7/0/0/0,7024:1747647655120:,1747647664493
counter/4/0/0/0,7378:1747647655868:,1747647664493
counter/4/0/0/0,7379:1747647655874:,1747647664493
counter/4/0/0/0,7380:1747647655874:,1747647664493
counter/4/0/0/0,7381:1747647655874:,1747647664493
counter/4/0/0/0,7382:1747647655874:,1747647664493
counter/4/0/0/0,7383:1747647655874:,1747647664493
counter/4/0/0/0,7384:1747647655874:,1747647664493
counter/4/0/0/0,7385:1747647655875:,1747647664493
counter/9/0/0/0,7816:1747647655474:,1747647664493
counter/6/0/0/0,6551:1747647655130:,1747647664494
counter/10/0/0/0,6746:1747647654572:,1747647664495
counter/7/0/0/0,7025:1747647655120:,1747647664495
counter/7/0/0/0,7026:1747647655120:,1747647664495
counter/7/0/0/0,7027:1747647655120:,1747647664495
counter/7/0/0/0,7028:1747647655120:,1747647664495
counter/7/0/0/0,7029:1747647655120:,1747647664495
counter/7/0/0/0,7030:1747647655121:,1747647664495
counter/7/0/0/0,7031:1747647655121:,1747647664495
counter/3/0/0/0,7693:1747647655405:,1747647664496
counter/1/0/0/0,7963:1747647655960:,1747647664496
counter/9/0/0/0,7817:1747647655474:,1747647664496
counter/1/0/0/0,7964:1747647655960:,1747647664496
counter/5/0/0/0,7340:1747647655245:,1747647664496
counter/1/0/0/0,7965:1747647655960:,1747647664496
counter/4/0/0/0,7386:1747647655875:,1747647664496
counter/1/0/0/0,7966:1747647655960:,1747647664496
counter/4/0/0/0,7387:1747647655892:,1747647664496
counter/1/0/0/0,7967:1747647655960:,1747647664496
counter/4/0/0/0,7388:1747647655892:,1747647664496
counter/4/0/0/0,7389:1747647655892:,1747647664497
counter/4/0/0/0,7390:1747647655892:,1747647664497
counter/4/0/0/0,7391:1747647655892:,1747647664497
counter/4/0/0/0,7392:1747647655892:,1747647664497
counter/4/0/0/0,7393:1747647655892:,1747647664497
counter/4/0/0/0,7394:1747647655892:,1747647664497
counter/4/0/0/0,7395:1747647655892:,1747647664497
counter/4/0/0/0,7396:1747647655895:,1747647664497
counter/8/0/0/0,7513:1747647655008:,1747647664497
counter/2/0/0/0,6975:1747647654141:,1747647664497
counter/1/0/0/0,7968:1747647655960:,1747647664497
counter/5/0/0/0,7341:1747647655245:,1747647664497
counter/10/0/0/0,6747:1747647654572:,1747647664498
counter/4/0/0/0,7397:1747647655903:,1747647664498
counter/6/0/0/0,6552:1747647655130:,1747647664498
counter/9/0/0/0,7818:1747647655474:,1747647664499
counter/1/0/0/0,7969:1747647655960:,1747647664499
counter/1/0/0/0,7970:1747647655960:,1747647664499
counter/1/0/0/0,7971:1747647655960:,1747647664499
counter/5/0/0/0,7342:1747647655245:,1747647664499
counter/1/0/0/0,7972:1747647655960:,1747647664500
counter/1/0/0/0,7973:1747647655960:,1747647664500
counter/1/0/0/0,7974:1747647655960:,1747647664500
counter/1/0/0/0,7975:1747647655960:,1747647664500
counter/1/0/0/0,7976:1747647655960:,1747647664500
counter/1/0/0/0,7977:1747647655960:,1747647664500
counter/1/0/0/0,7978:1747647655960:,1747647664500
counter/1/0/0/0,7979:1747647655960:,1747647664500
counter/1/0/0/0,7980:1747647655960:,1747647664500
counter/6/0/0/0,6553:1747647655130:,1747647664503
counter/6/0/0/0,6554:1747647655130:,1747647664503
counter/6/0/0/0,6555:1747647655130:,1747647664503
counter/6/0/0/0,6556:1747647655130:,1747647664503
counter/6/0/0/0,6557:1747647655130:,1747647664503
counter/6/0/0/0,6558:1747647655130:,1747647664503
counter/8/0/0/0,7514:1747647655008:,1747647664503
counter/8/0/0/0,7515:1747647655008:,1747647664504
counter/8/0/0/0,7516:1747647655011:,1747647664504
counter/8/0/0/0,7517:1747647655011:,1747647664504
counter/8/0/0/0,7518:1747647655011:,1747647664504
counter/8/0/0/0,7519:1747647655011:,1747647664504
counter/8/0/0/0,7520:1747647655011:,1747647664504
counter/3/0/0/0,7694:1747647655405:,1747647664506
counter/8/0/0/0,7521:1747647655011:,1747647664506
counter/1/0/0/0,7981:1747647655960:,1747647664506
counter/1/0/0/0,7982:1747647655960:,1747647664506
counter/1/0/0/0,7983:1747647655960:,1747647664506
counter/1/0/0/0,7984:1747647655960:,1747647664506
counter/1/0/0/0,7985:1747647655960:,1747647664506
counter/1/0/0/0,7986:1747647655960:,1747647664506
counter/2/0/0/0,6976:1747647654145:,1747647664506
counter/4/0/0/0,7398:1747647655904:,1747647664506
counter/2/0/0/0,6977:1747647654145:,1747647664506
counter/4/0/0/0,7399:1747647655904:,1747647664506
counter/2/0/0/0,6978:1747647654145:,1747647664506
counter/10/0/0/0,6748:1747647654575:,1747647664507
counter/8/0/0/0,7522:1747647655011:,1747647664510
counter/7/0/0/0,7032:1747647655121:,1747647664510
counter/7/0/0/0,7033:1747647655121:,1747647664510
counter/3/0/0/0,7695:1747647655405:,1747647664511
counter/7/0/0/0,7034:1747647655121:,1747647664511
counter/3/0/0/0,7696:1747647655405:,1747647664511
counter/1/0/0/0,7987:1747647655961:,1747647664511
counter/1/0/0/0,7988:1747647655961:,1747647664511
counter/1/0/0/0,7989:1747647655961:,1747647664511
counter/1/0/0/0,7990:1747647655961:,1747647664511
counter/1/0/0/0,7991:1747647655961:,1747647664511
counter/1/0/0/0,7992:1747647655961:,1747647664512
counter/1/0/0/0,7993:1747647655961:,1747647664513
counter/1/0/0/0,7994:1747647655961:,1747647664513
counter/1/0/0/0,7995:1747647655961:,1747647664513
counter/1/0/0/0,7996:1747647655961:,1747647664513
counter/1/0/0/0,7997:1747647655961:,1747647664513
counter/1/0/0/0,7998:1747647655961:,1747647664513
counter/1/0/0/0,7999:1747647655961:,1747647664513
counter/1/0/0/0,8000:1747647655961:,1747647664513
counter/1/0/0/0,8001:1747647655961:,1747647664513
counter/7/0/0/0,7035:1747647655121:,1747647664513
counter/7/0/0/0,7036:1747647655121:,1747647664513
counter/7/0/0/0,7037:1747647655121:,1747647664514
counter/7/0/0/0,7038:1747647655121:,1747647664514
counter/9/0/0/0,7819:1747647655474:,1747647664514
counter/7/0/0/0,7039:1747647655121:,1747647664514
counter/2/0/0/0,6979:1747647654145:,1747647664514
counter/7/0/0/0,7040:1747647655121:,1747647664514
counter/7/0/0/0,7041:1747647655121:,1747647664515
counter/8/0/0/0,7523:1747647655011:,1747647664515
counter/3/0/0/0,7697:1747647655407:,1747647664515
counter/6/0/0/0,6559:1747647655130:,1747647664515
counter/7/0/0/0,7042:1747647655121:,1747647664515
counter/7/0/0/0,7043:1747647655121:,1747647664515
counter/7/0/0/0,7044:1747647655121:,1747647664515
counter/7/0/0/0,7045:1747647655121:,1747647664515
counter/9/0/0/0,7820:1747647655474:,1747647664515
counter/2/0/0/0,6980:1747647654145:,1747647664516
counter/2/0/0/0,6981:1747647654145:,1747647664516
counter/2/0/0/0,6982:1747647654145:,1747647664516
counter/2/0/0/0,6983:1747647654145:,1747647664516
counter/3/0/0/0,7698:1747647655407:,1747647664516
counter/4/0/0/0,7400:1747647655904:,1747647664516
counter/4/0/0/0,7401:1747647655904:,1747647664516
counter/4/0/0/0,7402:1747647655904:,1747647664516
counter/9/0/0/0,7821:1747647655474:,1747647664516
counter/8/0/0/0,7524:1747647655011:,1747647664516
counter/2/0/0/0,6984:1747647654145:,1747647664516
counter/2/0/0/0,6985:1747647654145:,1747647664516
counter/10/0/0/0,6749:1747647654586:,1747647664516
counter/2/0/0/0,6986:1747647654145:,1747647664517
counter/2/0/0/0,6987:1747647654145:,1747647664517
counter/2/0/0/0,6988:1747647654145:,1747647664517
counter/2/0/0/0,6989:1747647654145:,1747647664517
counter/2/0/0/0,6990:1747647654145:,1747647664517
counter/2/0/0/0,6991:1747647654145:,1747647664517
counter/9/0/0/0,7822:1747647655474:,1747647664517
counter/9/0/0/0,7823:1747647655474:,1747647664517
counter/9/0/0/0,7824:1747647655474:,1747647664517
counter/9/0/0/0,7825:1747647655474:,1747647664517
counter/9/0/0/0,7826:1747647655474:,1747647664518
counter/9/0/0/0,7827:1747647655475:,1747647664518
counter/9/0/0/0,7828:1747647655475:,1747647664518
counter/8/0/0/0,7525:1747647655011:,1747647664518
counter/9/0/0/0,7829:1747647655475:,1747647664518
counter/6/0/0/0,6560:1747647655130:,1747647664519
counter/6/0/0/0,6561:1747647655130:,1747647664519
counter/1/0/0/0,8002:1747647655962:,1747647664519
counter/6/0/0/0,6562:1747647655130:,1747647664519
counter/6/0/0/0,6563:1747647655130:,1747647664520
counter/3/0/0/0,7699:1747647655407:,1747647664520
counter/2/0/0/0,6992:1747647654145:,1747647664520
counter/4/0/0/0,7403:1747647655904:,1747647664520
counter/2/0/0/0,6993:1747647654145:,1747647664520
counter/7/0/0/0,7046:1747647655121:,1747647664523
counter/6/0/0/0,6564:1747647655130:,1747647664524
counter/6/0/0/0,6565:1747647655130:,1747647664524
counter/6/0/0/0,6566:1747647655130:,1747647664524
counter/6/0/0/0,6567:1747647655130:,1747647664524
counter/6/0/0/0,6568:1747647655130:,1747647664524
counter/6/0/0/0,6569:1747647655130:,1747647664524
counter/6/0/0/0,6570:1747647655130:,1747647664524
counter/3/0/0/0,7700:1747647655408:,1747647664526
counter/3/0/0/0,7701:1747647655408:,1747647664526
counter/3/0/0/0,7702:1747647655408:,1747647664526
counter/8/0/0/0,7526:1747647655011:,1747647664527
counter/3/0/0/0,7703:1747647655408:,1747647664527
counter/3/0/0/0,7704:1747647655408:,1747647664527
counter/2/0/0/0,6994:1747647654146:,1747647664527
counter/2/0/0/0,6995:1747647654146:,1747647664527
counter/2/0/0/0,6996:1747647654146:,1747647664527
counter/2/0/0/0,6997:1747647654146:,1747647664527
counter/2/0/0/0,6998:1747647654149:,1747647664527
counter/2/0/0/0,6999:1747647654149:,1747647664527
counter/2/0/0/0,7000:1747647654168:,1747647664527
counter/4/0/0/0,7404:1747647655909:,1747647664528
counter/4/0/0/0,7405:1747647655909:,1747647664528
counter/4/0/0/0,7406:1747647655909:,1747647664528
counter/4/0/0/0,7407:1747647655909:,1747647664528
counter/4/0/0/0,7408:1747647655909:,1747647664528
counter/4/0/0/0,7409:1747647655909:,1747647664528
counter/4/0/0/0,7410:1747647655909:,1747647664528
counter/4/0/0/0,7411:1747647655909:,1747647664528
counter/4/0/0/0,7412:1747647655913:,1747647664528
counter/4/0/0/0,7413:1747647655913:,1747647664528
counter/10/0/0/0,6750:1747647654586:,1747647664528
counter/9/0/0/0,7830:1747647655475:,1747647664528
counter/3/0/0/0,7705:1747647655408:,1747647664529
counter/4/0/0/0,7414:1747647655913:,1747647664529
counter/10/0/0/0,6751:1747647654586:,1747647664529
counter/6/0/0/0,6571:1747647655130:,1747647664529
counter/3/0/0/0,7706:1747647655408:,1747647664529
counter/7/0/0/0,7047:1747647655121:,1747647664530
counter/7/0/0/0,7048:1747647655121:,1747647664530
counter/7/0/0/0,7049:1747647655121:,1747647664530
counter/1/0/0/0,8003:1747647655962:,1747647664530
counter/1/0/0/0,8004:1747647655962:,1747647664530
counter/1/0/0/0,8005:1747647655962:,1747647664530
counter/1/0/0/0,8006:1747647655965:,1747647664530
counter/1/0/0/0,8007:1747647655965:,1747647664530
counter/1/0/0/0,8008:1747647655965:,1747647664530
counter/1/0/0/0,8009:1747647655967:,1747647664531
counter/1/0/0/0,8010:1747647655967:,1747647664531
counter/1/0/0/0,8011:1747647655967:,1747647664531
counter/8/0/0/0,7527:1747647655011:,1747647664531
counter/9/0/0/0,7831:1747647655475:,1747647664532
counter/9/0/0/0,7832:1747647655475:,1747647664532
counter/9/0/0/0,7833:1747647655475:,1747647664532
counter/9/0/0/0,7834:1747647655475:,1747647664532
counter/9/0/0/0,7835:1747647655475:,1747647664532
counter/9/0/0/0,7836:1747647655475:,1747647664532
counter/9/0/0/0,7837:1747647655477:,1747647664532
counter/9/0/0/0,7838:1747647655477:,1747647664532
counter/9/0/0/0,7839:1747647655477:,1747647664532
counter/9/0/0/0,7840:1747647655477:,1747647664532
counter/9/0/0/0,7841:1747647655477:,1747647664532
counter/9/0/0/0,7842:1747647655477:,1747647664532
counter/9/0/0/0,7843:1747647655477:,1747647664532
counter/9/0/0/0,7844:1747647655477:,1747647664532
counter/9/0/0/0,7845:1747647655477:,1747647664532
counter/1/0/0/0,8012:1747647655967:,1747647664532
counter/9/0/0/0,7846:1747647655478:,1747647664532
counter/1/0/0/0,8013:1747647655967:,1747647664532
counter/9/0/0/0,7847:1747647655478:,1747647664532
counter/1/0/0/0,8014:1747647655967:,1747647664532
counter/9/0/0/0,7848:1747647655478:,1747647664532
counter/1/0/0/0,8015:1747647655967:,1747647664532
counter/1/0/0/0,8016:1747647655967:,1747647664532
counter/1/0/0/0,8017:1747647655967:,1747647664532
counter/6/0/0/0,6572:1747647655130:,1747647664533
counter/3/0/0/0,7707:1747647655408:,1747647664533
counter/10/0/0/0,6752:1747647654586:,1747647664534
counter/3/0/0/0,7708:1747647655408:,1747647664534
counter/9/0/0/0,7849:1747647655478:,1747647664535
counter/10/0/0/0,6753:1747647654587:,1747647664535
counter/7/0/0/0,7050:1747647655121:,1747647664536
counter/4/0/0/0,7415:1747647655913:,1747647664536
counter/4/0/0/0,7416:1747647655913:,1747647664536
counter/4/0/0/0,7417:1747647655913:,1747647664536
counter/4/0/0/0,7418:1747647655913:,1747647664536
counter/4/0/0/0,7419:1747647655913:,1747647664536
counter/4/0/0/0,7420:1747647655913:,1747647664536
counter/4/0/0/0,7421:1747647655913:,1747647664536
counter/4/0/0/0,7422:1747647655913:,1747647664537
counter/4/0/0/0,7423:1747647655913:,1747647664537
counter/10/0/0/0,6754:1747647654587:,1747647664537
counter/3/0/0/0,7709:1747647655408:,1747647664537
counter/10/0/0/0,6755:1747647654587:,1747647664537
counter/4/0/0/0,7424:1747647655913:,1747647664537
counter/4/0/0/0,7425:1747647655913:,1747647664537
counter/4/0/0/0,7426:1747647655913:,1747647664537
counter/4/0/0/0,7427:1747647655922:,1747647664537
counter/4/0/0/0,7428:1747647655922:,1747647664537
counter/1/0/0/0,8018:1747647655967:,1747647664537
counter/10/0/0/0,6756:1747647654587:,1747647664538
counter/5/0/0/0,7343:1747647655245:,1747647664538
counter/5/0/0/0,7344:1747647655245:,1747647664538
counter/5/0/0/0,7345:1747647655253:,1747647664538
counter/5/0/0/0,7346:1747647655253:,1747647664538
counter/5/0/0/0,7347:1747647655253:,1747647664539
counter/5/0/0/0,7348:1747647655255:,1747647664539
counter/5/0/0/0,7349:1747647655255:,1747647664539
counter/3/0/0/0,7710:1747647655408:,1747647664539
counter/3/0/0/0,7711:1747647655408:,1747647664539
counter/7/0/0/0,7051:1747647655121:,1747647664539
counter/10/0/0/0,6757:1747647654587:,1747647664539
counter/4/0/0/0,7429:1747647655922:,1747647664539
counter/4/0/0/0,7430:1747647655922:,1747647664539
counter/4/0/0/0,7431:1747647655922:,1747647664539
counter/4/0/0/0,7432:1747647655922:,1747647664539
counter/4/0/0/0,7433:1747647655922:,1747647664539
counter/4/0/0/0,7434:1747647655922:,1747647664540
counter/4/0/0/0,7435:1747647655922:,1747647664540
counter/4/0/0/0,7436:1747647655922:,1747647664540
counter/4/0/0/0,7437:1747647655924:,1747647664540
counter/4/0/0/0,7438:1747647655924:,1747647664540
counter/4/0/0/0,7439:1747647655924:,1747647664540
counter/4/0/0/0,7440:1747647655924:,1747647664540
counter/4/0/0/0,7441:1747647655924:,1747647664540
counter/4/0/0/0,7442:1747647655924:,1747647664540
counter/4/0/0/0,7443:1747647655924:,1747647664541
counter/4/0/0/0,7444:1747647655924:,1747647664541
counter/4/0/0/0,7445:1747647655924:,1747647664541
counter/7/0/0/0,7052:1747647655121:,1747647664541
counter/7/0/0/0,7053:1747647655121:,1747647664541
counter/7/0/0/0,7054:1747647655122:,1747647664541
counter/7/0/0/0,7055:1747647655122:,1747647664541
counter/7/0/0/0,7056:1747647655122:,1747647664541
counter/7/0/0/0,7057:1747647655122:,1747647664541
counter/9/0/0/0,7850:1747647655497:,1747647664541
counter/1/0/0/0,8019:1747647655967:,1747647664541
counter/1/0/0/0,8020:1747647655967:,1747647664541
counter/1/0/0/0,8021:1747647655982:,1747647664542
counter/1/0/0/0,8022:1747647655982:,1747647664542
counter/1/0/0/0,8023:1747647655982:,1747647664542
counter/1/0/0/0,8024:1747647655982:,1747647664542
counter/1/0/0/0,8025:1747647655982:,1747647664542
counter/4/0/0/0,7446:1747647655924:,1747647664542
counter/4/0/0/0,7447:1747647655924:,1747647664542
counter/4/0/0/0,7448:1747647655924:,1747647664542
counter/4/0/0/0,7449:1747647655938:,1747647664542
counter/6/0/0/0,6573:1747647655130:,1747647664542
counter/2/0/0/0,7001:1747647654168:,1747647664543
counter/6/0/0/0,6574:1747647655130:,1747647664543
counter/7/0/0/0,7058:1747647655122:,1747647664543
counter/6/0/0/0,6575:1747647655137:,1747647664543
counter/2/0/0/0,7002:1747647654169:,1747647664544
counter/10/0/0/0,6758:1747647654587:,1747647664544
counter/4/0/0/0,7450:1747647655938:,1747647664547
counter/4/0/0/0,7451:1747647655939:,1747647664547
counter/4/0/0/0,7452:1747647655939:,1747647664547
counter/6/0/0/0,6576:1747647655137:,1747647664547
counter/6/0/0/0,6577:1747647655137:,1747647664547
counter/7/0/0/0,7059:1747647655122:,1747647664547
counter/7/0/0/0,7060:1747647655122:,1747647664548
counter/7/0/0/0,7061:1747647655122:,1747647664548
counter/7/0/0/0,7062:1747647655122:,1747647664548
counter/7/0/0/0,7063:1747647655122:,1747647664548
counter/7/0/0/0,7064:1747647655122:,1747647664548
counter/7/0/0/0,7065:1747647655122:,1747647664548
counter/2/0/0/0,7003:1747647654169:,1747647664549
counter/2/0/0/0,7004:1747647654169:,1747647664549
counter/2/0/0/0,7005:1747647654169:,1747647664549
counter/2/0/0/0,7006:1747647654169:,1747647664549
counter/2/0/0/0,7007:1747647654169:,1747647664549
counter/2/0/0/0,7008:1747647654169:,1747647664549
counter/2/0/0/0,7009:1747647654169:,1747647664549
counter/2/0/0/0,7010:1747647654171:,1747647664549
counter/2/0/0/0,7011:1747647654187:,1747647664549
counter/5/0/0/0,7350:1747647655255:,1747647664549
counter/6/0/0/0,6578:1747647655137:,1747647664550
counter/6/0/0/0,6579:1747647655137:,1747647664550
counter/4/0/0/0,7453:1747647655939:,1747647664550
counter/6/0/0/0,6580:1747647655137:,1747647664550
counter/4/0/0/0,7454:1747647655951:,1747647664550
counter/2/0/0/0,7012:1747647654187:,1747647664550
counter/5/0/0/0,7351:1747647655256:,1747647664550
counter/2/0/0/0,7013:1747647654187:,1747647664550
counter/10/0/0/0,6759:1747647654587:,1747647664551
counter/7/0/0/0,7066:1747647655122:,1747647664551
counter/7/0/0/0,7067:1747647655122:,1747647664551
counter/7/0/0/0,7068:1747647655122:,1747647664551
counter/7/0/0/0,7069:1747647655122:,1747647664551
counter/7/0/0/0,7070:1747647655122:,1747647664551
counter/5/0/0/0,7352:1747647655256:,1747647664552
counter/6/0/0/0,6581:1747647655137:,1747647664553
counter/6/0/0/0,6582:1747647655140:,1747647664553
counter/10/0/0/0,6760:1747647654587:,1747647664553
counter/7/0/0/0,7071:1747647655122:,1747647664553
counter/7/0/0/0,7072:1747647655122:,1747647664553
counter/5/0/0/0,7353:1747647655256:,1747647664554
counter/7/0/0/0,7073:1747647655122:,1747647664554
counter/7/0/0/0,7074:1747647655127:,1747647664554
counter/7/0/0/0,7075:1747647655127:,1747647664554
counter/7/0/0/0,7076:1747647655127:,1747647664554
counter/3/0/0/0,7712:1747647655408:,1747647664554
counter/9/0/0/0,7851:1747647655497:,1747647664555
counter/5/0/0/0,7354:1747647655257:,1747647664556
counter/6/0/0/0,6583:1747647655143:,1747647664556
counter/10/0/0/0,6761:1747647654587:,1747647664557
counter/10/0/0/0,6762:1747647654587:,1747647664558
counter/10/0/0/0,6763:1747647654587:,1747647664558
counter/10/0/0/0,6764:1747647654587:,1747647664558
counter/10/0/0/0,6765:1747647654587:,1747647664558
counter/10/0/0/0,6766:1747647654597:,1747647664558
counter/10/0/0/0,6767:1747647654597:,1747647664558
counter/10/0/0/0,6768:1747647654597:,1747647664559
counter/10/0/0/0,6769:1747647654597:,1747647664559
counter/5/0/0/0,7355:1747647655264:,1747647664559
counter/7/0/0/0,7077:1747647655135:,1747647664559
counter/7/0/0/0,7078:1747647655135:,1747647664559
counter/7/0/0/0,7079:1747647655135:,1747647664559
counter/1/0/0/0,8026:1747647655983:,1747647664559
counter/10/0/0/0,6770:1747647654597:,1747647664559
counter/3/0/0/0,7713:1747647655411:,1747647664560
counter/3/0/0/0,7714:1747647655411:,1747647664560
counter/3/0/0/0,7715:1747647655411:,1747647664560
counter/3/0/0/0,7716:1747647655411:,1747647664560
counter/10/0/0/0,6771:1747647654597:,1747647664561
counter/9/0/0/0,7852:1747647655497:,1747647664561
counter/2/0/0/0,7014:1747647654187:,1747647664562
counter/2/0/0/0,7015:1747647654187:,1747647664562
counter/8/0/0/0,7528:1747647655011:,1747647664564
counter/8/0/0/0,7529:1747647655012:,1747647664564
counter/10/0/0/0,6772:1747647654597:,1747647664564
counter/8/0/0/0,7530:1747647655012:,1747647664564
counter/8/0/0/0,7531:1747647655012:,1747647664564
counter/8/0/0/0,7532:1747647655012:,1747647664564
counter/1/0/0/0,8027:1747647655983:,1747647664564
counter/1/0/0/0,8028:1747647655983:,1747647664564
counter/1/0/0/0,8029:1747647655983:,1747647664564
counter/1/0/0/0,8030:1747647655983:,1747647664564
counter/4/0/0/0,7455:1747647655951:,1747647664564
counter/1/0/0/0,8031:1747647655983:,1747647664565
counter/4/0/0/0,7456:1747647655951:,1747647664565
counter/10/0/0/0,6773:1747647654597:,1747647664565
counter/4/0/0/0,7457:1747647655951:,1747647664566
counter/10/0/0/0,6774:1747647654597:,1747647664566
counter/10/0/0/0,6775:1747647654597:,1747647664567
counter/10/0/0/0,6776:1747647654597:,1747647664567
counter/10/0/0/0,6777:1747647654597:,1747647664567
counter/10/0/0/0,6778:1747647654597:,1747647664567
counter/10/0/0/0,6779:1747647654597:,1747647664567
counter/6/0/0/0,6584:1747647655143:,1747647664567
counter/3/0/0/0,7717:1747647655425:,1747647664567
counter/4/0/0/0,7458:1747647655951:,1747647664567
counter/6/0/0/0,6585:1747647655143:,1747647664568
counter/3/0/0/0,7718:1747647655425:,1747647664570
counter/6/0/0/0,6586:1747647655143:,1747647664570
counter/7/0/0/0,7080:1747647655135:,1747647664571
counter/6/0/0/0,6587:1747647655143:,1747647664572
counter/6/0/0/0,6588:1747647655143:,1747647664572
counter/6/0/0/0,6589:1747647655143:,1747647664572
counter/6/0/0/0,6590:1747647655143:,1747647664572
counter/8/0/0/0,7533:1747647655013:,1747647664572
counter/8/0/0/0,7534:1747647655013:,1747647664572
counter/8/0/0/0,7535:1747647655013:,1747647664572
counter/8/0/0/0,7536:1747647655013:,1747647664572
counter/8/0/0/0,7537:1747647655013:,1747647664572
counter/8/0/0/0,7538:1747647655013:,1747647664572
counter/8/0/0/0,7539:1747647655013:,1747647664572
counter/8/0/0/0,7540:1747647655013:,1747647664572
counter/8/0/0/0,7541:1747647655013:,1747647664572
counter/8/0/0/0,7542:1747647655013:,1747647664572
counter/8/0/0/0,7543:1747647655014:,1747647664572
counter/8/0/0/0,7544:1747647655014:,1747647664572
counter/9/0/0/0,7853:1747647655497:,1747647664572
counter/9/0/0/0,7854:1747647655497:,1747647664572
counter/10/0/0/0,6780:1747647654614:,1747647664573
counter/7/0/0/0,7081:1747647655140:,1747647664573
counter/1/0/0/0,8032:1747647655983:,1747647664573
counter/6/0/0/0,6591:1747647655143:,1747647664574
counter/1/0/0/0,8033:1747647655983:,1747647664574
counter/3/0/0/0,7719:1747647655426:,1747647664575
counter/7/0/0/0,7082:1747647655140:,1747647664575
counter/3/0/0/0,7720:1747647655426:,1747647664575
counter/2/0/0/0,7016:1747647654187:,1747647664575
counter/2/0/0/0,7017:1747647654187:,1747647664575
counter/2/0/0/0,7018:1747647654187:,1747647664575
counter/2/0/0/0,7019:1747647654187:,1747647664575
counter/2/0/0/0,7020:1747647654187:,1747647664576
counter/2/0/0/0,7021:1747647654187:,1747647664576
counter/2/0/0/0,7022:1747647654187:,1747647664576
counter/2/0/0/0,7023:1747647654187:,1747647664576
counter/2/0/0/0,7024:1747647654187:,1747647664576
counter/2/0/0/0,7025:1747647654187:,1747647664576
counter/2/0/0/0,7026:1747647654189:,1747647664576
counter/2/0/0/0,7027:1747647654189:,1747647664576
counter/3/0/0/0,7721:1747647655426:,1747647664576
counter/2/0/0/0,7028:1747647654189:,1747647664576
counter/5/0/0/0,7356:1747647655264:,1747647664576
counter/2/0/0/0,7029:1747647654189:,1747647664576
counter/8/0/0/0,7545:1747647655014:,1747647664576
counter/8/0/0/0,7546:1747647655014:,1747647664576
counter/8/0/0/0,7547:1747647655014:,1747647664576
counter/9/0/0/0,7855:1747647655497:,1747647664576
counter/7/0/0/0,7083:1747647655140:,1747647664576
counter/7/0/0/0,7084:1747647655140:,1747647664576
counter/7/0/0/0,7085:1747647655140:,1747647664576
counter/7/0/0/0,7086:1747647655140:,1747647664576
counter/7/0/0/0,7087:1747647655148:,1747647664576
counter/7/0/0/0,7088:1747647655149:,1747647664576
counter/7/0/0/0,7089:1747647655149:,1747647664576
counter/7/0/0/0,7090:1747647655149:,1747647664577
counter/8/0/0/0,7548:1747647655014:,1747647664577
counter/1/0/0/0,8034:1747647655983:,1747647664577
counter/2/0/0/0,7030:1747647654189:,1747647664577
counter/2/0/0/0,7031:1747647654189:,1747647664577
counter/2/0/0/0,7032:1747647654189:,1747647664577
counter/7/0/0/0,7091:1747647655149:,1747647664577
counter/2/0/0/0,7033:1747647654189:,1747647664578
counter/2/0/0/0,7034:1747647654189:,1747647664579
counter/2/0/0/0,7035:1747647654189:,1747647664579
counter/2/0/0/0,7036:1747647654189:,1747647664579
counter/3/0/0/0,7722:1747647655426:,1747647664579
counter/4/0/0/0,7459:1747647655951:,1747647664579
counter/10/0/0/0,6781:1747647654614:,1747647664580
counter/9/0/0/0,7856:1747647655497:,1747647664580
counter/1/0/0/0,8035:1747647655983:,1747647664580
counter/3/0/0/0,7723:1747647655430:,1747647664580
counter/3/0/0/0,7724:1747647655436:,1747647664580
counter/1/0/0/0,8036:1747647655983:,1747647664581
counter/1/0/0/0,8037:1747647655983:,1747647664581
counter/1/0/0/0,8038:1747647655983:,1747647664581
counter/1/0/0/0,8039:1747647655983:,1747647664581
counter/1/0/0/0,8040:1747647655983:,1747647664581
counter/1/0/0/0,8041:1747647655983:,1747647664581
counter/1/0/0/0,8042:1747647655983:,1747647664581
counter/1/0/0/0,8043:1747647655983:,1747647664581
counter/1/0/0/0,8044:1747647655983:,1747647664581
counter/1/0/0/0,8045:1747647655983:,1747647664581
counter/1/0/0/0,8046:1747647655983:,1747647664582
counter/1/0/0/0,8047:1747647655983:,1747647664582
counter/3/0/0/0,7725:1747647655436:,1747647664582
counter/1/0/0/0,8048:1747647655983:,1747647664582
counter/2/0/0/0,7037:1747647654189:,1747647664583
counter/5/0/0/0,7357:1747647655264:,1747647664583
counter/2/0/0/0,7038:1747647654189:,1747647664583
counter/2/0/0/0,7039:1747647654189:,1747647664584
counter/2/0/0/0,7040:1747647654226:,1747647664584
counter/2/0/0/0,7041:1747647654226:,1747647664584
counter/2/0/0/0,7042:1747647654226:,1747647664584
counter/2/0/0/0,7043:1747647654226:,1747647664584
counter/2/0/0/0,7044:1747647654226:,1747647664584
counter/2/0/0/0,7045:1747647654226:,1747647664584
counter/6/0/0/0,6592:1747647655143:,1747647664584
counter/1/0/0/0,8049:1747647655983:,1747647664584
counter/4/0/0/0,7460:1747647655951:,1747647664584
counter/4/0/0/0,7461:1747647655956:,1747647664585
counter/3/0/0/0,7726:1747647655436:,1747647664585
counter/3/0/0/0,7727:1747647655436:,1747647664585
counter/6/0/0/0,6593:1747647655143:,1747647664587
counter/2/0/0/0,7046:1747647654226:,1747647664588
counter/5/0/0/0,7358:1747647655264:,1747647664588
counter/5/0/0/0,7359:1747647655264:,1747647664588
counter/5/0/0/0,7360:1747647655264:,1747647664588
counter/3/0/0/0,7728:1747647655447:,1747647664588
counter/3/0/0/0,7729:1747647655447:,1747647664588
counter/8/0/0/0,7549:1747647655014:,1747647664588
counter/1/0/0/0,8050:1747647655983:,1747647664588
counter/7/0/0/0,7092:1747647655149:,1747647664588
counter/1/0/0/0,8051:1747647655983:,1747647664588
counter/8/0/0/0,7550:1747647655014:,1747647664588
counter/8/0/0/0,7551:1747647655014:,1747647664589
counter/7/0/0/0,7093:1747647655149:,1747647664589
counter/2/0/0/0,7047:1747647654239:,1747647664589
counter/3/0/0/0,7730:1747647655447:,1747647664591
counter/7/0/0/0,7094:1747647655149:,1747647664591
counter/3/0/0/0,7731:1747647655447:,1747647664591
counter/3/0/0/0,7732:1747647655466:,1747647664591
counter/3/0/0/0,7733:1747647655466:,1747647664591
counter/3/0/0/0,7734:1747647655466:,1747647664591
counter/3/0/0/0,7735:1747647655466:,1747647664591
counter/3/0/0/0,7736:1747647655476:,1747647664591
counter/3/0/0/0,7737:1747647655478:,1747647664591
counter/9/0/0/0,7857:1747647655497:,1747647664591
counter/10/0/0/0,6782:1747647654614:,1747647664591
counter/5/0/0/0,7361:1747647655264:,1747647664591
counter/10/0/0/0,6783:1747647654614:,1747647664591
counter/5/0/0/0,7362:1747647655264:,1747647664592
counter/5/0/0/0,7363:1747647655264:,1747647664592
counter/5/0/0/0,7364:1747647655264:,1747647664592
counter/5/0/0/0,7365:1747647655264:,1747647664592
counter/3/0/0/0,7738:1747647655478:,1747647664593
counter/3/0/0/0,7739:1747647655478:,1747647664594
counter/3/0/0/0,7740:1747647655478:,1747647664594
counter/3/0/0/0,7741:1747647655478:,1747647664594
counter/3/0/0/0,7742:1747647655478:,1747647664594
counter/1/0/0/0,8052:1747647655984:,1747647664594
counter/1/0/0/0,8053:1747647655984:,1747647664594
counter/1/0/0/0,8054:1747647655984:,1747647664594
counter/1/0/0/0,8055:1747647655984:,1747647664594
counter/1/0/0/0,8056:1747647655984:,1747647664594
counter/1/0/0/0,8057:1747647655991:,1747647664594
counter/1/0/0/0,8058:1747647655996:,1747647664594
counter/6/0/0/0,6594:1747647655143:,1747647664594
counter/9/0/0/0,7858:1747647655498:,1747647664594
counter/2/0/0/0,7048:1747647654239:,1747647664595
counter/6/0/0/0,6595:1747647655143:,1747647664595
counter/6/0/0/0,6596:1747647655143:,1747647664595
counter/6/0/0/0,6597:1747647655143:,1747647664595
counter/6/0/0/0,6598:1747647655143:,1747647664595
counter/6/0/0/0,6599:1747647655144:,1747647664595
counter/6/0/0/0,6600:1747647655144:,1747647664595
counter/6/0/0/0,6601:1747647655144:,1747647664595
counter/6/0/0/0,6602:1747647655144:,1747647664595
counter/6/0/0/0,6603:1747647655144:,1747647664595
counter/6/0/0/0,6604:1747647655144:,1747647664595
counter/6/0/0/0,6605:1747647655144:,1747647664595
counter/6/0/0/0,6606:1747647655144:,1747647664595
counter/6/0/0/0,6607:1747647655144:,1747647664595
counter/6/0/0/0,6608:1747647655144:,1747647664595
counter/3/0/0/0,7743:1747647655478:,1747647664597
counter/6/0/0/0,6609:1747647655144:,1747647664597
counter/3/0/0/0,7744:1747647655478:,1747647664597
counter/8/0/0/0,7552:1747647655014:,1747647664597
counter/5/0/0/0,7366:1747647655265:,1747647664598
counter/7/0/0/0,7095:1747647655149:,1747647664598
counter/1/0/0/0,8059:1747647655996:,1747647664598
counter/5/0/0/0,7367:1747647655265:,1747647664598
counter/8/0/0/0,7553:1747647655014:,1747647664598
counter/1/0/0/0,8060:1747647655996:,1747647664598
counter/1/0/0/0,8061:1747647655996:,1747647664599
counter/10/0/0/0,6784:1747647654614:,1747647664599
counter/1/0/0/0,8062:1747647655996:,1747647664599
counter/6/0/0/0,6610:1747647655144:,1747647664599
counter/9/0/0/0,7859:1747647655502:,1747647664599
counter/2/0/0/0,7049:1747647654240:,1747647664599
counter/4/0/0/0,7462:1747647655956:,1747647664599
counter/7/0/0/0,7096:1747647655154:,1747647664601
counter/7/0/0/0,7097:1747647655154:,1747647664601
counter/7/0/0/0,7098:1747647655154:,1747647664601
counter/7/0/0/0,7099:1747647655154:,1747647664601
counter/7/0/0/0,7100:1747647655154:,1747647664601
counter/7/0/0/0,7101:1747647655154:,1747647664601
counter/7/0/0/0,7102:1747647655154:,1747647664601
counter/7/0/0/0,7103:1747647655154:,1747647664601
counter/7/0/0/0,7104:1747647655154:,1747647664601
counter/7/0/0/0,7105:1747647655154:,1747647664602
counter/7/0/0/0,7106:1747647655154:,1747647664602
counter/7/0/0/0,7107:1747647655154:,1747647664602
counter/7/0/0/0,7108:1747647655155:,1747647664602
counter/7/0/0/0,7109:1747647655158:,1747647664602
counter/2/0/0/0,7050:1747647654240:,1747647664602
counter/7/0/0/0,7110:1747647655158:,1747647664602
counter/7/0/0/0,7111:1747647655158:,1747647664602
counter/3/0/0/0,7745:1747647655478:,1747647664602
counter/9/0/0/0,7860:1747647655502:,1747647664602
counter/3/0/0/0,7746:1747647655478:,1747647664602
counter/2/0/0/0,7051:1747647654240:,1747647664603
counter/2/0/0/0,7052:1747647654240:,1747647664603
counter/2/0/0/0,7053:1747647654240:,1747647664603
counter/2/0/0/0,7054:1747647654240:,1747647664603
counter/2/0/0/0,7055:1747647654242:,1747647664603
counter/2/0/0/0,7056:1747647654242:,1747647664603
counter/2/0/0/0,7057:1747647654242:,1747647664603
counter/2/0/0/0,7058:1747647654242:,1747647664603
counter/2/0/0/0,7059:1747647654242:,1747647664603
counter/2/0/0/0,7060:1747647654242:,1747647664603
counter/2/0/0/0,7061:1747647654242:,1747647664603
counter/2/0/0/0,7062:1747647654242:,1747647664603
counter/1/0/0/0,8063:1747647655996:,1747647664604
counter/3/0/0/0,7747:1747647655478:,1747647664604
counter/2/0/0/0,7063:1747647654242:,1747647664604
counter/2/0/0/0,7064:1747647654242:,1747647664604
counter/2/0/0/0,7065:1747647654242:,1747647664604
counter/2/0/0/0,7066:1747647654242:,1747647664604
counter/2/0/0/0,7067:1747647654242:,1747647664604
counter/7/0/0/0,7112:1747647655159:,1747647664605
counter/9/0/0/0,7861:1747647655502:,1747647664605
counter/1/0/0/0,8064:1747647655996:,1747647664605
counter/1/0/0/0,8065:1747647655996:,1747647664605
counter/1/0/0/0,8066:1747647655996:,1747647664605
counter/1/0/0/0,8067:1747647655996:,1747647664605
counter/1/0/0/0,8068:1747647655996:,1747647664605
counter/1/0/0/0,8069:1747647655996:,1747647664605
counter/1/0/0/0,8070:1747647655997:,1747647664605
counter/1/0/0/0,8071:1747647655997:,1747647664605
counter/1/0/0/0,8072:1747647655997:,1747647664605
counter/1/0/0/0,8073:1747647655997:,1747647664605
counter/1/0/0/0,8074:1747647655997:,1747647664606
counter/8/0/0/0,7554:1747647655014:,1747647664606
counter/6/0/0/0,6611:1747647655148:,1747647664606
counter/6/0/0/0,6612:1747647655148:,1747647664606
counter/9/0/0/0,7862:1747647655502:,1747647664607
counter/9/0/0/0,7863:1747647655502:,1747647664607
counter/9/0/0/0,7864:1747647655502:,1747647664607
counter/3/0/0/0,7748:1747647655478:,1747647664608
counter/1/0/0/0,8075:1747647655997:,1747647664608
counter/3/0/0/0,7749:1747647655478:,1747647664608
counter/3/0/0/0,7750:1747647655481:,1747647664608
counter/3/0/0/0,7751:1747647655481:,1747647664608
counter/3/0/0/0,7752:1747647655481:,1747647664608
counter/7/0/0/0,7113:1747647655159:,1747647664608
counter/7/0/0/0,7114:1747647655159:,1747647664608
counter/7/0/0/0,7115:1747647655159:,1747647664608
counter/7/0/0/0,7116:1747647655159:,1747647664608
counter/7/0/0/0,7117:1747647655159:,1747647664608
counter/7/0/0/0,7118:1747647655159:,1747647664608
counter/5/0/0/0,7368:1747647655265:,1747647664608
counter/10/0/0/0,6785:1747647654614:,1747647664608
counter/5/0/0/0,7369:1747647655265:,1747647664608
counter/10/0/0/0,6786:1747647654614:,1747647664608
counter/4/0/0/0,7463:1747647655957:,1747647664608
counter/1/0/0/0,8076:1747647655997:,1747647664609
counter/1/0/0/0,8077:1747647655997:,1747647664609
counter/1/0/0/0,8078:1747647656005:,1747647664609
counter/1/0/0/0,8079:1747647656005:,1747647664609
counter/1/0/0/0,8080:1747647656005:,1747647664609
counter/7/0/0/0,7119:1747647655159:,1747647664609
counter/7/0/0/0,7120:1747647655159:,1747647664609
counter/7/0/0/0,7121:1747647655159:,1747647664609
counter/7/0/0/0,7122:1747647655159:,1747647664609
counter/7/0/0/0,7123:1747647655159:,1747647664609
counter/7/0/0/0,7124:1747647655159:,1747647664609
counter/7/0/0/0,7125:1747647655159:,1747647664609
counter/5/0/0/0,7370:1747647655272:,1747647664609
counter/3/0/0/0,7753:1747647655481:,1747647664609
counter/5/0/0/0,7371:1747647655272:,1747647664609
counter/5/0/0/0,7372:1747647655272:,1747647664609
counter/10/0/0/0,6787:1747647654614:,1747647664609
counter/2/0/0/0,7068:1747647654242:,1747647664609
counter/2/0/0/0,7069:1747647654243:,1747647664609
counter/6/0/0/0,6613:1747647655148:,1747647664610
counter/7/0/0/0,7126:1747647655159:,1747647664610
counter/7/0/0/0,7127:1747647655159:,1747647664610
counter/7/0/0/0,7128:1747647655159:,1747647664610
counter/7/0/0/0,7129:1747647655159:,1747647664610
counter/7/0/0/0,7130:1747647655159:,1747647664610
counter/7/0/0/0,7131:1747647655160:,1747647664610
counter/7/0/0/0,7132:1747647655160:,1747647664610
counter/7/0/0/0,7133:1747647655160:,1747647664610
counter/2/0/0/0,7070:1747647654252:,1747647664610
counter/2/0/0/0,7071:1747647654252:,1747647664610
counter/2/0/0/0,7072:1747647654252:,1747647664610
counter/2/0/0/0,7073:1747647654252:,1747647664610
counter/2/0/0/0,7074:1747647654260:,1747647664610
counter/2/0/0/0,7075:1747647654261:,1747647664610
counter/2/0/0/0,7076:1747647654261:,1747647664611
counter/2/0/0/0,7077:1747647654261:,1747647664611
counter/2/0/0/0,7078:1747647654262:,1747647664611
counter/7/0/0/0,7134:1747647655160:,1747647664611
counter/7/0/0/0,7135:1747647655160:,1747647664611
counter/7/0/0/0,7136:1747647655160:,1747647664611
counter/7/0/0/0,7137:1747647655160:,1747647664611
counter/7/0/0/0,7138:1747647655160:,1747647664611
counter/7/0/0/0,7139:1747647655187:,1747647664611
counter/7/0/0/0,7140:1747647655187:,1747647664611
counter/9/0/0/0,7865:1747647655502:,1747647664611
counter/9/0/0/0,7866:1747647655502:,1747647664611
counter/9/0/0/0,7867:1747647655502:,1747647664611
counter/9/0/0/0,7868:1747647655502:,1747647664611
counter/3/0/0/0,7754:1747647655481:,1747647664612
counter/2/0/0/0,7079:1747647654262:,1747647664612
counter/7/0/0/0,7141:1747647655187:,1747647664612
counter/2/0/0/0,7080:1747647654262:,1747647664612
counter/8/0/0/0,7555:1747647655016:,1747647664612
counter/8/0/0/0,7556:1747647655016:,1747647664612
counter/8/0/0/0,7557:1747647655016:,1747647664612
counter/8/0/0/0,7558:1747647655016:,1747647664612
counter/8/0/0/0,7559:1747647655017:,1747647664612
counter/1/0/0/0,8081:1747647656005:,1747647664612
counter/10/0/0/0,6788:1747647654614:,1747647664613
counter/1/0/0/0,8082:1747647656005:,1747647664613
counter/1/0/0/0,8083:1747647656005:,1747647664613
counter/1/0/0/0,8084:1747647656005:,1747647664613
counter/1/0/0/0,8085:1747647656005:,1747647664613
counter/1/0/0/0,8086:1747647656005:,1747647664613
counter/1/0/0/0,8087:1747647656005:,1747647664613
counter/1/0/0/0,8088:1747647656005:,1747647664613
counter/2/0/0/0,7081:1747647654262:,1747647664614
counter/6/0/0/0,6614:1747647655148:,1747647664614
counter/2/0/0/0,7082:1747647654262:,1747647664614
counter/2/0/0/0,7083:1747647654262:,1747647664614
counter/2/0/0/0,7084:1747647654262:,1747647664615
counter/2/0/0/0,7085:1747647654262:,1747647664615
counter/2/0/0/0,7086:1747647654262:,1747647664615
counter/2/0/0/0,7087:1747647654262:,1747647664615
counter/2/0/0/0,7088:1747647654265:,1747647664615
counter/5/0/0/0,7373:1747647655273:,1747647664615
counter/7/0/0/0,7142:1747647655188:,1747647664615
counter/7/0/0/0,7143:1747647655188:,1747647664615
counter/7/0/0/0,7144:1747647655188:,1747647664615
counter/7/0/0/0,7145:1747647655188:,1747647664615
counter/7/0/0/0,7146:1747647655188:,1747647664615
counter/7/0/0/0,7147:1747647655188:,1747647664615
counter/7/0/0/0,7148:1747647655188:,1747647664615
counter/7/0/0/0,7149:1747647655188:,1747647664615
counter/7/0/0/0,7150:1747647655188:,1747647664615
counter/7/0/0/0,7151:1747647655188:,1747647664615
counter/7/0/0/0,7152:1747647655188:,1747647664615
counter/7/0/0/0,7153:1747647655188:,1747647664615
counter/4/0/0/0,7464:1747647655957:,1747647664615
counter/7/0/0/0,7154:1747647655197:,1747647664615
counter/7/0/0/0,7155:1747647655198:,1747647664616
counter/6/0/0/0,6615:1747647655148:,1747647664616
counter/2/0/0/0,7089:1747647654265:,1747647664616
counter/2/0/0/0,7090:1747647654265:,1747647664616
counter/2/0/0/0,7091:1747647654265:,1747647664616
counter/2/0/0/0,7092:1747647654265:,1747647664616
counter/9/0/0/0,7869:1747647655502:,1747647664619
counter/9/0/0/0,7870:1747647655502:,1747647664619
counter/7/0/0/0,7156:1747647655198:,1747647664619
counter/8/0/0/0,7560:1747647655017:,1747647664619
counter/8/0/0/0,7561:1747647655025:,1747647664619
counter/8/0/0/0,7562:1747647655025:,1747647664619
counter/8/0/0/0,7563:1747647655026:,1747647664620
counter/3/0/0/0,7755:1747647655481:,1747647664620
counter/7/0/0/0,7157:1747647655198:,1747647664620
counter/6/0/0/0,6616:1747647655148:,1747647664620
counter/6/0/0/0,6617:1747647655148:,1747647664620
counter/6/0/0/0,6618:1747647655148:,1747647664620
counter/6/0/0/0,6619:1747647655148:,1747647664620
counter/6/0/0/0,6620:1747647655148:,1747647664620
counter/8/0/0/0,7564:1747647655026:,1747647664621
counter/4/0/0/0,7465:1747647655957:,1747647664621
counter/3/0/0/0,7756:1747647655481:,1747647664622
counter/5/0/0/0,7374:1747647655273:,1747647664623
counter/3/0/0/0,7757:1747647655481:,1747647664624
counter/3/0/0/0,7758:1747647655481:,1747647664625
counter/3/0/0/0,7759:1747647655481:,1747647664625
counter/5/0/0/0,7375:1747647655273:,1747647664625
counter/3/0/0/0,7760:1747647655481:,1747647664625
counter/5/0/0/0,7376:1747647655273:,1747647664625
counter/5/0/0/0,7377:1747647655273:,1747647664625
counter/6/0/0/0,6621:1747647655148:,1747647664625
counter/1/0/0/0,8089:1747647656005:,1747647664625
counter/2/0/0/0,7093:1747647654265:,1747647664626
counter/2/0/0/0,7094:1747647654265:,1747647664627
counter/5/0/0/0,7378:1747647655273:,1747647664627
counter/4/0/0/0,7466:1747647655969:,1747647664628
counter/1/0/0/0,8090:1747647656033:,1747647664630
counter/1/0/0/0,8091:1747647656033:,1747647664630
counter/7/0/0/0,7158:1747647655198:,1747647664630
counter/10/0/0/0,6789:1747647654614:,1747647664630
counter/10/0/0/0,6790:1747647654614:,1747647664630
counter/10/0/0/0,6791:1747647654614:,1747647664630
counter/10/0/0/0,6792:1747647654614:,1747647664630
counter/10/0/0/0,6793:1747647654616:,1747647664630
counter/5/0/0/0,7379:1747647655273:,1747647664630
counter/3/0/0/0,7761:1747647655481:,1747647664630
counter/3/0/0/0,7762:1747647655481:,1747647664630
counter/3/0/0/0,7763:1747647655481:,1747647664630
counter/6/0/0/0,6622:1747647655148:,1747647664630
counter/5/0/0/0,7380:1747647655273:,1747647664631
counter/5/0/0/0,7381:1747647655273:,1747647664631
counter/5/0/0/0,7382:1747647655273:,1747647664631
counter/5/0/0/0,7383:1747647655273:,1747647664631
counter/3/0/0/0,7764:1747647655481:,1747647664631
counter/3/0/0/0,7765:1747647655482:,1747647664632
counter/8/0/0/0,7565:1747647655026:,1747647664632
counter/8/0/0/0,7566:1747647655026:,1747647664632
counter/4/0/0/0,7467:1747647655969:,1747647664632
counter/4/0/0/0,7468:1747647655969:,1747647664632
counter/4/0/0/0,7469:1747647655970:,1747647664633
counter/4/0/0/0,7470:1747647655970:,1747647664633
counter/4/0/0/0,7471:1747647655970:,1747647664633
counter/4/0/0/0,7472:1747647655970:,1747647664633
counter/4/0/0/0,7473:1747647655970:,1747647664633
counter/4/0/0/0,7474:1747647655970:,1747647664633
counter/4/0/0/0,7475:1747647655970:,1747647664633
counter/9/0/0/0,7871:1747647655502:,1747647664633
counter/4/0/0/0,7476:1747647655970:,1747647664633
counter/9/0/0/0,7872:1747647655509:,1747647664633
counter/9/0/0/0,7873:1747647655509:,1747647664633
counter/9/0/0/0,7874:1747647655512:,1747647664633
counter/9/0/0/0,7875:1747647655512:,1747647664633
counter/9/0/0/0,7876:1747647655512:,1747647664633
counter/9/0/0/0,7877:1747647655512:,1747647664633
counter/8/0/0/0,7567:1747647655026:,1747647664634
counter/8/0/0/0,7568:1747647655026:,1747647664634
counter/8/0/0/0,7569:1747647655026:,1747647664634
counter/1/0/0/0,8092:1747647656033:,1747647664634
counter/6/0/0/0,6623:1747647655148:,1747647664634
counter/6/0/0/0,6624:1747647655148:,1747647664634
counter/1/0/0/0,8093:1747647656033:,1747647664634
counter/3/0/0/0,7766:1747647655492:,1747647664634
counter/1/0/0/0,8094:1747647656033:,1747647664634
counter/3/0/0/0,7767:1747647655493:,1747647664634
counter/8/0/0/0,7570:1747647655026:,1747647664634
counter/3/0/0/0,7768:1747647655493:,1747647664635
counter/3/0/0/0,7769:1747647655493:,1747647664636
counter/7/0/0/0,7159:1747647655198:,1747647664636
counter/10/0/0/0,6794:1747647654616:,1747647664636
counter/10/0/0/0,6795:1747647654616:,1747647664636
counter/3/0/0/0,7770:1747647655493:,1747647664636
counter/3/0/0/0,7771:1747647655493:,1747647664636
counter/8/0/0/0,7571:1747647655032:,1747647664636
counter/8/0/0/0,7572:1747647655033:,1747647664636
counter/8/0/0/0,7573:1747647655033:,1747647664636
counter/4/0/0/0,7477:1747647655970:,1747647664636
counter/2/0/0/0,7095:1747647654265:,1747647664636
counter/5/0/0/0,7384:1747647655273:,1747647664636
counter/6/0/0/0,6625:1747647655148:,1747647664637
counter/10/0/0/0,6796:1747647654616:,1747647664637
counter/3/0/0/0,7772:1747647655493:,1747647664638
counter/3/0/0/0,7773:1747647655493:,1747647664638
counter/3/0/0/0,7774:1747647655494:,1747647664638
counter/8/0/0/0,7574:1747647655033:,1747647664638
counter/3/0/0/0,7775:1747647655494:,1747647664639
counter/7/0/0/0,7160:1747647655198:,1747647664639
counter/7/0/0/0,7161:1747647655202:,1747647664639
counter/2/0/0/0,7096:1747647654265:,1747647664639
counter/5/0/0/0,7385:1747647655301:,1747647664640
counter/5/0/0/0,7386:1747647655301:,1747647664640
counter/5/0/0/0,7387:1747647655301:,1747647664640
counter/2/0/0/0,7097:1747647654266:,1747647664640
counter/3/0/0/0,7776:1747647655494:,1747647664641
counter/6/0/0/0,6626:1747647655148:,1747647664642
counter/2/0/0/0,7098:1747647654266:,1747647664642
counter/8/0/0/0,7575:1747647655033:,1747647664642
counter/8/0/0/0,7576:1747647655033:,1747647664642
counter/8/0/0/0,7577:1747647655033:,1747647664642
counter/8/0/0/0,7578:1747647655038:,1747647664642
counter/8/0/0/0,7579:1747647655039:,1747647664642
counter/8/0/0/0,7580:1747647655039:,1747647664642
counter/8/0/0/0,7581:1747647655039:,1747647664643
counter/3/0/0/0,7777:1747647655494:,1747647664643
counter/7/0/0/0,7162:1747647655202:,1747647664643
counter/5/0/0/0,7388:1747647655301:,1747647664643
counter/2/0/0/0,7099:1747647654266:,1747647664643
counter/1/0/0/0,8095:1747647656033:,1747647664644
counter/8/0/0/0,7582:1747647655039:,1747647664645
counter/10/0/0/0,6797:1747647654616:,1747647664645
counter/5/0/0/0,7389:1747647655301:,1747647664645
counter/9/0/0/0,7878:1747647655512:,1747647664646
counter/1/0/0/0,8096:1747647656033:,1747647664646
counter/6/0/0/0,6627:1747647655148:,1747647664646
counter/5/0/0/0,7390:1747647655301:,1747647664647
counter/7/0/0/0,7163:1747647655202:,1747647664647
counter/9/0/0/0,7879:1747647655512:,1747647664647
counter/8/0/0/0,7583:1747647655039:,1747647664647
counter/9/0/0/0,7880:1747647655512:,1747647664647
counter/9/0/0/0,7881:1747647655512:,1747647664647
counter/9/0/0/0,7882:1747647655512:,1747647664647
counter/9/0/0/0,7883:1747647655513:,1747647664647
counter/9/0/0/0,7884:1747647655513:,1747647664647
counter/9/0/0/0,7885:1747647655513:,1747647664647
counter/9/0/0/0,7886:1747647655515:,1747647664647
counter/6/0/0/0,6628:1747647655148:,1747647664648
counter/6/0/0/0,6629:1747647655148:,1747647664648
counter/8/0/0/0,7584:1747647655039:,1747647664648
counter/2/0/0/0,7100:1747647654266:,1747647664648
counter/2/0/0/0,7101:1747647654266:,1747647664648
counter/2/0/0/0,7102:1747647654266:,1747647664648
counter/9/0/0/0,7887:1747647655515:,1747647664648
counter/2/0/0/0,7103:1747647654266:,1747647664648
counter/2/0/0/0,7104:1747647654300:,1747647664648
counter/2/0/0/0,7105:1747647654317:,1747647664649
counter/3/0/0/0,7778:1747647655494:,1747647664650
counter/7/0/0/0,7164:1747647655203:,1747647664651
counter/2/0/0/0,7106:1747647654317:,1747647664651
counter/5/0/0/0,7391:1747647655301:,1747647664651
counter/9/0/0/0,7888:1747647655515:,1747647664651
counter/7/0/0/0,7165:1747647655209:,1747647664651
counter/9/0/0/0,7889:1747647655515:,1747647664653
counter/9/0/0/0,7890:1747647655517:,1747647664653
counter/9/0/0/0,7891:1747647655518:,1747647664653
counter/9/0/0/0,7892:1747647655524:,1747647664653
counter/9/0/0/0,7893:1747647655525:,1747647664653
counter/8/0/0/0,7585:1747647655039:,1747647664653
counter/8/0/0/0,7586:1747647655039:,1747647664653
counter/8/0/0/0,7587:1747647655039:,1747647664654
counter/5/0/0/0,7392:1747647655301:,1747647664654
counter/5/0/0/0,7393:1747647655301:,1747647664654
counter/3/0/0/0,7779:1747647655494:,1747647664654
counter/3/0/0/0,7780:1747647655494:,1747647664655
counter/3/0/0/0,7781:1747647655494:,1747647664655
counter/3/0/0/0,7782:1747647655494:,1747647664655
counter/3/0/0/0,7783:1747647655494:,1747647664655
counter/3/0/0/0,7784:1747647655494:,1747647664655
counter/3/0/0/0,7785:1747647655494:,1747647664655
counter/3/0/0/0,7786:1747647655500:,1747647664655
counter/3/0/0/0,7787:1747647655500:,1747647664655
counter/2/0/0/0,7107:1747647654319:,1747647664656
counter/2/0/0/0,7108:1747647654319:,1747647664656
counter/2/0/0/0,7109:1747647654319:,1747647664656
counter/2/0/0/0,7110:1747647654319:,1747647664657
counter/2/0/0/0,7111:1747647654319:,1747647664657
counter/2/0/0/0,7112:1747647654319:,1747647664657
counter/2/0/0/0,7113:1747647654319:,1747647664657
counter/2/0/0/0,7114:1747647654319:,1747647664657
counter/2/0/0/0,7115:1747647654323:,1747647664657
counter/3/0/0/0,7788:1747647655500:,1747647664657
counter/3/0/0/0,7789:1747647655500:,1747647664658
counter/3/0/0/0,7790:1747647655500:,1747647664658
counter/3/0/0/0,7791:1747647655500:,1747647664658
counter/3/0/0/0,7792:1747647655500:,1747647664658
counter/3/0/0/0,7793:1747647655500:,1747647664658
counter/3/0/0/0,7794:1747647655500:,1747647664658
counter/7/0/0/0,7166:1747647655209:,1747647664659
counter/1/0/0/0,8097:1747647656033:,1747647664659
counter/3/0/0/0,7795:1747647655500:,1747647664659
counter/3/0/0/0,7796:1747647655500:,1747647664659
counter/3/0/0/0,7797:1747647655509:,1747647664659
counter/3/0/0/0,7798:1747647655509:,1747647664659
counter/3/0/0/0,7799:1747647655509:,1747647664659
counter/1/0/0/0,8098:1747647656033:,1747647664659
counter/5/0/0/0,7394:1747647655301:,1747647664659
counter/5/0/0/0,7395:1747647655302:,1747647664660
counter/1/0/0/0,8099:1747647656033:,1747647664660
counter/6/0/0/0,6630:1747647655148:,1747647664661
counter/3/0/0/0,7800:1747647655509:,1747647664661
counter/1/0/0/0,8100:1747647656033:,1747647664662
counter/7/0/0/0,7167:1747647655209:,1747647664663
counter/10/0/0/0,6798:1747647654619:,1747647664663
counter/10/0/0/0,6799:1747647654619:,1747647664663
counter/1/0/0/0,8101:1747647656034:,1747647664663
counter/1/0/0/0,8102:1747647656034:,1747647664663
counter/3/0/0/0,7801:1747647655509:,1747647664664
counter/1/0/0/0,8103:1747647656034:,1747647664664
counter/4/0/0/0,7478:1747647655970:,1747647664665
counter/6/0/0/0,6631:1747647655156:,1747647664666
counter/9/0/0/0,7894:1747647655525:,1747647664666
counter/2/0/0/0,7116:1747647654323:,1747647664666
counter/1/0/0/0,8104:1747647656035:,1747647664666
counter/1/0/0/0,8105:1747647656038:,1747647664667
counter/6/0/0/0,6632:1747647655156:,1747647664667
counter/9/0/0/0,7895:1747647655525:,1747647664667
counter/9/0/0/0,7896:1747647655525:,1747647664667
counter/9/0/0/0,7897:1747647655525:,1747647664667
counter/9/0/0/0,7898:1747647655525:,1747647664668
counter/9/0/0/0,7899:1747647655525:,1747647664668
counter/7/0/0/0,7168:1747647655209:,1747647664668
counter/3/0/0/0,7802:1747647655509:,1747647664668
counter/9/0/0/0,7900:1747647655525:,1747647664668
counter/6/0/0/0,6633:1747647655156:,1747647664669
counter/7/0/0/0,7169:1747647655221:,1747647664669
counter/7/0/0/0,7170:1747647655221:,1747647664670
counter/7/0/0/0,7171:1747647655225:,1747647664670
counter/7/0/0/0,7172:1747647655225:,1747647664670
counter/7/0/0/0,7173:1747647655225:,1747647664670
counter/7/0/0/0,7174:1747647655225:,1747647664670
counter/6/0/0/0,6634:1747647655156:,1747647664670
counter/3/0/0/0,7803:1747647655510:,1747647664670
counter/7/0/0/0,7175:1747647655225:,1747647664671
counter/7/0/0/0,7176:1747647655226:,1747647664671
counter/7/0/0/0,7177:1747647655226:,1747647664671
counter/7/0/0/0,7178:1747647655226:,1747647664671
counter/7/0/0/0,7179:1747647655226:,1747647664671
counter/7/0/0/0,7180:1747647655226:,1747647664671
counter/7/0/0/0,7181:1747647655226:,1747647664671
counter/2/0/0/0,7117:1747647654323:,1747647664672
counter/2/0/0/0,7118:1747647654323:,1747647664672
counter/2/0/0/0,7119:1747647654323:,1747647664672
counter/2/0/0/0,7120:1747647654323:,1747647664672
counter/2/0/0/0,7121:1747647654327:,1747647664672
counter/2/0/0/0,7122:1747647654327:,1747647664672
counter/2/0/0/0,7123:1747647654327:,1747647664672
counter/2/0/0/0,7124:1747647654327:,1747647664672
counter/3/0/0/0,7804:1747647655510:,1747647664672
counter/1/0/0/0,8106:1747647656039:,1747647664672
counter/8/0/0/0,7588:1747647655043:,1747647664673
counter/9/0/0/0,7901:1747647655525:,1747647664675
counter/9/0/0/0,7902:1747647655525:,1747647664675
counter/9/0/0/0,7903:1747647655525:,1747647664675
counter/6/0/0/0,6635:1747647655156:,1747647664675
counter/6/0/0/0,6636:1747647655156:,1747647664675
counter/3/0/0/0,7805:1747647655510:,1747647664675
counter/6/0/0/0,6637:1747647655156:,1747647664675
counter/7/0/0/0,7182:1747647655226:,1747647664676
counter/7/0/0/0,7183:1747647655236:,1747647664676
counter/7/0/0/0,7184:1747647655236:,1747647664676
counter/7/0/0/0,7185:1747647655236:,1747647664676
counter/7/0/0/0,7186:1747647655236:,1747647664676
counter/7/0/0/0,7187:1747647655236:,1747647664676
counter/2/0/0/0,7125:1747647654327:,1747647664676
counter/2/0/0/0,7126:1747647654327:,1747647664676
counter/2/0/0/0,7127:1747647654327:,1747647664676
counter/2/0/0/0,7128:1747647654330:,1747647664676
counter/2/0/0/0,7129:1747647654330:,1747647664676
counter/8/0/0/0,7589:1747647655043:,1747647664676
counter/6/0/0/0,6638:1747647655156:,1747647664676
counter/7/0/0/0,7188:1747647655236:,1747647664677
counter/8/0/0/0,7590:1747647655043:,1747647664677
counter/8/0/0/0,7591:1747647655043:,1747647664677
counter/8/0/0/0,7592:1747647655043:,1747647664677
counter/8/0/0/0,7593:1747647655043:,1747647664677
counter/8/0/0/0,7594:1747647655043:,1747647664677
counter/8/0/0/0,7595:1747647655043:,1747647664677
counter/6/0/0/0,6639:1747647655156:,1747647664678
counter/6/0/0/0,6640:1747647655156:,1747647664678
counter/6/0/0/0,6641:1747647655156:,1747647664678
counter/6/0/0/0,6642:1747647655156:,1747647664678
counter/5/0/0/0,7396:1747647655302:,1747647664679
counter/5/0/0/0,7397:1747647655302:,1747647664679
counter/5/0/0/0,7398:1747647655307:,1747647664679
counter/5/0/0/0,7399:1747647655307:,1747647664679
counter/5/0/0/0,7400:1747647655307:,1747647664679
counter/5/0/0/0,7401:1747647655307:,1747647664679
counter/5/0/0/0,7402:1747647655307:,1747647664679
counter/5/0/0/0,7403:1747647655307:,1747647664679
counter/5/0/0/0,7404:1747647655307:,1747647664679
counter/5/0/0/0,7405:1747647655307:,1747647664679
counter/5/0/0/0,7406:1747647655307:,1747647664679
counter/5/0/0/0,7407:1747647655307:,1747647664680
counter/5/0/0/0,7408:1747647655307:,1747647664680
counter/5/0/0/0,7409:1747647655307:,1747647664680
counter/5/0/0/0,7410:1747647655307:,1747647664680
counter/5/0/0/0,7411:1747647655307:,1747647664680
counter/2/0/0/0,7130:1747647654330:,1747647664680
counter/5/0/0/0,7412:1747647655307:,1747647664680
counter/3/0/0/0,7806:1747647655510:,1747647664680
counter/1/0/0/0,8107:1747647656039:,1747647664680
counter/6/0/0/0,6643:1747647655156:,1747647664681
counter/4/0/0/0,7479:1747647655970:,1747647664682
counter/7/0/0/0,7189:1747647655236:,1747647664682
counter/1/0/0/0,8108:1747647656039:,1747647664682
counter/7/0/0/0,7190:1747647655236:,1747647664683
counter/1/0/0/0,8109:1747647656039:,1747647664683
counter/2/0/0/0,7131:1747647654330:,1747647664683
counter/2/0/0/0,7132:1747647654330:,1747647664683
counter/9/0/0/0,7904:1747647655525:,1747647664683
counter/3/0/0/0,7807:1747647655510:,1747647664683
counter/9/0/0/0,7905:1747647655525:,1747647664683
counter/9/0/0/0,7906:1747647655525:,1747647664683
counter/9/0/0/0,7907:1747647655529:,1747647664684
counter/7/0/0/0,7191:1747647655236:,1747647664684
counter/7/0/0/0,7192:1747647655250:,1747647664684
counter/1/0/0/0,8110:1747647656299:,1747647664684
counter/1/0/0/0,8111:1747647656305:,1747647664684
counter/1/0/0/0,8112:1747647656306:,1747647664684
counter/1/0/0/0,8113:1747647656306:,1747647664684
counter/1/0/0/0,8114:1747647656308:,1747647664684
counter/5/0/0/0,7413:1747647655307:,1747647664684
counter/5/0/0/0,7414:1747647655308:,1747647664684
counter/7/0/0/0,7193:1747647655250:,1747647664684
counter/6/0/0/0,6644:1747647655157:,1747647664686
counter/5/0/0/0,7415:1747647655308:,1747647664686
counter/1/0/0/0,8115:1747647656308:,1747647664687
counter/4/0/0/0,7480:1747647655970:,1747647664687
counter/7/0/0/0,7194:1747647655250:,1747647664687
counter/7/0/0/0,7195:1747647655250:,1747647664687
counter/7/0/0/0,7196:1747647655250:,1747647664687
counter/7/0/0/0,7197:1747647655250:,1747647664687
counter/7/0/0/0,7198:1747647655250:,1747647664687
counter/7/0/0/0,7199:1747647655251:,1747647664687
counter/7/0/0/0,7200:1747647655251:,1747647664687
counter/7/0/0/0,7201:1747647655251:,1747647664687
counter/8/0/0/0,7596:1747647655043:,1747647664690
counter/8/0/0/0,7597:1747647655043:,1747647664691
counter/2/0/0/0,7133:1747647654330:,1747647664692
counter/2/0/0/0,7134:1747647654330:,1747647664692
counter/4/0/0/0,7481:1747647655970:,1747647664692
counter/2/0/0/0,7135:1747647654330:,1747647664692
counter/1/0/0/0,8116:1747647656312:,1747647664692
counter/2/0/0/0,7136:1747647654330:,1747647664692
counter/1/0/0/0,8117:1747647656313:,1747647664692
counter/2/0/0/0,7137:1747647654335:,1747647664692
counter/1/0/0/0,8118:1747647656313:,1747647664693
counter/1/0/0/0,8119:1747647656313:,1747647664693
counter/7/0/0/0,7202:1747647655251:,1747647664693
counter/1/0/0/0,8120:1747647656315:,1747647664693
counter/1/0/0/0,8121:1747647656315:,1747647664693
counter/2/0/0/0,7138:1747647654335:,1747647664694
counter/2/0/0/0,7139:1747647654335:,1747647664694
counter/4/0/0/0,7482:1747647655970:,1747647664694
counter/2/0/0/0,7140:1747647654335:,1747647664694
counter/6/0/0/0,6645:1747647655157:,1747647664694
counter/9/0/0/0,7908:1747647655529:,1747647664694
counter/2/0/0/0,7141:1747647654335:,1747647664695
counter/7/0/0/0,7203:1747647655251:,1747647664696
counter/7/0/0/0,7204:1747647655251:,1747647664697
counter/2/0/0/0,7142:1747647654345:,1747647664697
counter/2/0/0/0,7143:1747647654345:,1747647664697
counter/2/0/0/0,7144:1747647654345:,1747647664697
counter/2/0/0/0,7145:1747647654345:,1747647664698
counter/3/0/0/0,7808:1747647655510:,1747647664698
counter/3/0/0/0,7809:1747647655510:,1747647664698
counter/3/0/0/0,7810:1747647655510:,1747647664698
counter/9/0/0/0,7909:1747647655529:,1747647664698
counter/6/0/0/0,6646:1747647655157:,1747647664698
counter/4/0/0/0,7483:1747647655970:,1747647664698
counter/6/0/0/0,6647:1747647655157:,1747647664698
counter/6/0/0/0,6648:1747647655157:,1747647664698
counter/6/0/0/0,6649:1747647655157:,1747647664698
counter/7/0/0/0,7205:1747647655276:,1747647664698
counter/6/0/0/0,6650:1747647655157:,1747647664698
counter/9/0/0/0,7910:1747647655529:,1747647664698
counter/9/0/0/0,7911:1747647655529:,1747647664698
counter/9/0/0/0,7912:1747647655529:,1747647664698
counter/2/0/0/0,7146:1747647654345:,1747647664700
counter/6/0/0/0,6651:1747647655157:,1747647664700
counter/6/0/0/0,6652:1747647655157:,1747647664700
counter/6/0/0/0,6653:1747647655157:,1747647664700
counter/6/0/0/0,6654:1747647655157:,1747647664700
counter/6/0/0/0,6655:1747647655157:,1747647664700
counter/6/0/0/0,6656:1747647655157:,1747647664700
counter/4/0/0/0,7484:1747647655970:,1747647664700
counter/4/0/0/0,7485:1747647655970:,1747647664700
counter/8/0/0/0,7598:1747647655056:,1747647664700
counter/8/0/0/0,7599:1747647655056:,1747647664700
counter/8/0/0/0,7600:1747647655056:,1747647664700
counter/2/0/0/0,7147:1747647654345:,1747647664701
counter/2/0/0/0,7148:1747647654345:,1747647664701
counter/2/0/0/0,7149:1747647654345:,1747647664701
counter/9/0/0/0,7913:1747647655529:,1747647664702
counter/9/0/0/0,7914:1747647655529:,1747647664702
counter/7/0/0/0,7206:1747647655276:,1747647664702
counter/6/0/0/0,6657:1747647655157:,1747647664702
counter/4/0/0/0,7486:1747647655970:,1747647664703
counter/4/0/0/0,7487:1747647655970:,1747647664703
counter/4/0/0/0,7488:1747647655970:,1747647664703
counter/9/0/0/0,7915:1747647655529:,1747647664703
counter/10/0/0/0,6800:1747647654620:,1747647664703
counter/7/0/0/0,7207:1747647655276:,1747647664703
counter/3/0/0/0,7811:1747647655514:,1747647664704
counter/4/0/0/0,7489:1747647655970:,1747647664704
counter/9/0/0/0,7916:1747647655529:,1747647664704
counter/5/0/0/0,7416:1747647655308:,1747647664704
counter/9/0/0/0,7917:1747647655530:,1747647664704
counter/2/0/0/0,7150:1747647654345:,1747647664706
counter/10/0/0/0,6801:1747647654620:,1747647664706
counter/4/0/0/0,7490:1747647655970:,1747647664706
counter/10/0/0/0,6802:1747647654621:,1747647664706
counter/4/0/0/0,7491:1747647655970:,1747647664706
counter/3/0/0/0,7812:1747647655520:,1747647664707
counter/5/0/0/0,7417:1747647655308:,1747647664708
counter/7/0/0/0,7208:1747647655276:,1747647664709
counter/7/0/0/0,7209:1747647655288:,1747647664709
counter/7/0/0/0,7210:1747647655288:,1747647664709
counter/2/0/0/0,7151:1747647654350:,1747647664709
counter/8/0/0/0,7601:1747647655056:,1747647664709
counter/8/0/0/0,7602:1747647655056:,1747647664709
counter/1/0/0/0,8122:1747647656315:,1747647664710
counter/6/0/0/0,6658:1747647655157:,1747647664711
counter/2/0/0/0,7152:1747647654350:,1747647664711
counter/1/0/0/0,8123:1747647656320:,1747647664711
counter/2/0/0/0,7153:1747647654358:,1747647664711
counter/2/0/0/0,7154:1747647654358:,1747647664711
counter/4/0/0/0,7492:1747647655970:,1747647664712
counter/7/0/0/0,7211:1747647655288:,1747647664712
counter/6/0/0/0,6659:1747647655157:,1747647664712
counter/7/0/0/0,7212:1747647655288:,1747647664712
counter/7/0/0/0,7213:1747647655291:,1747647664713
counter/10/0/0/0,6803:1747647654621:,1747647664713
counter/1/0/0/0,8124:1747647656320:,1747647664713
counter/1/0/0/0,8125:1747647656320:,1747647664713
counter/10/0/0/0,6804:1747647654621:,1747647664713
counter/10/0/0/0,6805:1747647654621:,1747647664713
counter/8/0/0/0,7603:1747647655057:,1747647664713
counter/7/0/0/0,7214:1747647655291:,1747647664715
counter/6/0/0/0,6660:1747647655166:,1747647664715
counter/10/0/0/0,6806:1747647654621:,1747647664716
counter/4/0/0/0,7493:1747647655970:,1747647664716
counter/1/0/0/0,8126:1747647656320:,1747647664717
counter/6/0/0/0,6661:1747647655166:,1747647664717
counter/2/0/0/0,7155:1747647654358:,1747647664717
counter/2/0/0/0,7156:1747647654359:,1747647664717
counter/10/0/0/0,6807:1747647654621:,1747647664717
counter/1/0/0/0,8127:1747647656320:,1747647664717
counter/6/0/0/0,6662:1747647655166:,1747647664718
counter/2/0/0/0,7157:1747647654359:,1747647664718
counter/2/0/0/0,7158:1747647654359:,1747647664718
counter/10/0/0/0,6808:1747647654621:,1747647664718
counter/7/0/0/0,7215:1747647655291:,1747647664719
counter/2/0/0/0,7159:1747647654359:,1747647664720
counter/5/0/0/0,7418:1747647655308:,1747647664720
counter/5/0/0/0,7419:1747647655308:,1747647664720
counter/5/0/0/0,7420:1747647655308:,1747647664720
counter/10/0/0/0,6809:1747647654621:,1747647664720
counter/7/0/0/0,7216:1747647655291:,1747647664720
counter/7/0/0/0,7217:1747647655291:,1747647664720
counter/7/0/0/0,7218:1747647655291:,1747647664720
counter/7/0/0/0,7219:1747647655291:,1747647664720
counter/7/0/0/0,7220:1747647655291:,1747647664721
counter/7/0/0/0,7221:1747647655299:,1747647664721
counter/7/0/0/0,7222:1747647655299:,1747647664721
counter/1/0/0/0,8128:1747647656320:,1747647664721
counter/10/0/0/0,6810:1747647654621:,1747647664721
counter/4/0/0/0,7494:1747647655970:,1747647664721
counter/2/0/0/0,7160:1747647654359:,1747647664721
counter/4/0/0/0,7495:1747647655970:,1747647664721
counter/4/0/0/0,7496:1747647655971:,1747647664722
counter/7/0/0/0,7223:1747647655299:,1747647664722
counter/2/0/0/0,7161:1747647654359:,1747647664722
counter/1/0/0/0,8129:1747647656320:,1747647664722
counter/1/0/0/0,8130:1747647656320:,1747647664722
counter/1/0/0/0,8131:1747647656320:,1747647664722
counter/9/0/0/0,7918:1747647655530:,1747647664722
counter/8/0/0/0,7604:1747647655057:,1747647664723
counter/4/0/0/0,7497:1747647655971:,1747647664723
counter/8/0/0/0,7605:1747647655057:,1747647664723
counter/5/0/0/0,7421:1747647655308:,1747647664723
counter/5/0/0/0,7422:1747647655308:,1747647664723
counter/10/0/0/0,6811:1747647654621:,1747647664723
counter/5/0/0/0,7423:1747647655308:,1747647664723
counter/5/0/0/0,7424:1747647655308:,1747647664723
counter/10/0/0/0,6812:1747647654624:,1747647664723
counter/6/0/0/0,6663:1747647655166:,1747647664723
counter/7/0/0/0,7224:1747647655299:,1747647664723
counter/6/0/0/0,6664:1747647655166:,1747647664724
counter/8/0/0/0,7606:1747647655057:,1747647664724
counter/8/0/0/0,7607:1747647655057:,1747647664724
counter/8/0/0/0,7608:1747647655057:,1747647664724
counter/8/0/0/0,7609:1747647655057:,1747647664724
counter/8/0/0/0,7610:1747647655057:,1747647664724
counter/8/0/0/0,7611:1747647655057:,1747647664724
counter/5/0/0/0,7425:1747647655308:,1747647664724
counter/5/0/0/0,7426:1747647655315:,1747647664724
counter/5/0/0/0,7427:1747647655315:,1747647664724
counter/10/0/0/0,6813:1747647654624:,1747647664724
counter/10/0/0/0,6814:1747647654624:,1747647664724
counter/2/0/0/0,7162:1747647654359:,1747647664725
counter/2/0/0/0,7163:1747647654359:,1747647664725
counter/4/0/0/0,7498:1747647655971:,1747647664725
counter/5/0/0/0,7428:1747647655315:,1747647664725
counter/3/0/0/0,7813:1747647655520:,1747647664725
counter/6/0/0/0,6665:1747647655166:,1747647664726
counter/6/0/0/0,6666:1747647655166:,1747647664726
counter/6/0/0/0,6667:1747647655166:,1747647664726
counter/6/0/0/0,6668:1747647655166:,1747647664726
counter/6/0/0/0,6669:1747647655166:,1747647664726
counter/6/0/0/0,6670:1747647655166:,1747647664726
counter/6/0/0/0,6671:1747647655166:,1747647664726
counter/6/0/0/0,6672:1747647655166:,1747647664726
counter/6/0/0/0,6673:1747647655166:,1747647664726
counter/6/0/0/0,6674:1747647655168:,1747647664726
counter/9/0/0/0,7919:1747647655530:,1747647664726
counter/10/0/0/0,6815:1747647654624:,1747647664726
counter/9/0/0/0,7920:1747647655530:,1747647664727
counter/1/0/0/0,8132:1747647656320:,1747647664727
counter/2/0/0/0,7164:1747647654359:,1747647664728
counter/2/0/0/0,7165:1747647654359:,1747647664728
counter/2/0/0/0,7166:1747647654374:,1747647664728
counter/2/0/0/0,7167:1747647654374:,1747647664728
counter/2/0/0/0,7168:1747647654374:,1747647664728
counter/2/0/0/0,7169:1747647654374:,1747647664728
counter/2/0/0/0,7170:1747647654374:,1747647664728
counter/5/0/0/0,7429:1747647655315:,1747647664728
counter/5/0/0/0,7430:1747647655315:,1747647664728
counter/5/0/0/0,7431:1747647655315:,1747647664728
counter/5/0/0/0,7432:1747647655315:,1747647664728
counter/5/0/0/0,7433:1747647655315:,1747647664728
counter/10/0/0/0,6816:1747647654624:,1747647664728
counter/9/0/0/0,7921:1747647655530:,1747647664728
counter/9/0/0/0,7922:1747647655530:,1747647664728
counter/9/0/0/0,7923:1747647655530:,1747647664728
counter/9/0/0/0,7924:1747647655530:,1747647664728
counter/9/0/0/0,7925:1747647655530:,1747647664728
counter/10/0/0/0,6817:1747647654624:,1747647664731
counter/4/0/0/0,7499:1747647655971:,1747647664731
counter/4/0/0/0,7500:1747647655971:,1747647664731
counter/10/0/0/0,6818:1747647654624:,1747647664731
counter/10/0/0/0,6819:1747647654625:,1747647664731
counter/1/0/0/0,8133:1747647656320:,1747647664733
counter/10/0/0/0,6820:1747647654625:,1747647664733
counter/1/0/0/0,8134:1747647656320:,1747647664733
counter/2/0/0/0,7171:1747647654374:,1747647664733
counter/5/0/0/0,7434:1747647655315:,1747647664733
counter/5/0/0/0,7435:1747647655315:,1747647664733
counter/5/0/0/0,7436:1747647655315:,1747647664733
counter/5/0/0/0,7437:1747647655315:,1747647664733
counter/5/0/0/0,7438:1747647655315:,1747647664733
counter/5/0/0/0,7439:1747647655315:,1747647664733
counter/9/0/0/0,7926:1747647655530:,1747647664734
counter/4/0/0/0,7501:1747647655974:,1747647664734
counter/10/0/0/0,6821:1747647654625:,1747647664734
counter/1/0/0/0,8135:1747647656320:,1747647664734
counter/1/0/0/0,8136:1747647656320:,1747647664734
counter/2/0/0/0,7172:1747647654374:,1747647664734
counter/2/0/0/0,7173:1747647654377:,1747647664734
counter/2/0/0/0,7174:1747647654377:,1747647664734
counter/2/0/0/0,7175:1747647654377:,1747647664734
counter/2/0/0/0,7176:1747647654377:,1747647664734
counter/2/0/0/0,7177:1747647654377:,1747647664734
counter/2/0/0/0,7178:1747647654377:,1747647664734
counter/2/0/0/0,7179:1747647654377:,1747647664734
counter/2/0/0/0,7180:1747647654377:,1747647664734
counter/2/0/0/0,7181:1747647654377:,1747647664734
counter/2/0/0/0,7182:1747647654377:,1747647664734
counter/3/0/0/0,7814:1747647655520:,1747647664734
counter/6/0/0/0,6675:1747647655168:,1747647664735
counter/6/0/0/0,6676:1747647655168:,1747647664735
counter/6/0/0/0,6677:1747647655168:,1747647664735
counter/6/0/0/0,6678:1747647655168:,1747647664735
counter/6/0/0/0,6679:1747647655168:,1747647664735
counter/7/0/0/0,7225:1747647655299:,1747647664735
counter/1/0/0/0,8137:1747647656320:,1747647664735
counter/5/0/0/0,7440:1747647655315:,1747647664736
counter/6/0/0/0,6680:1747647655168:,1747647664737
counter/6/0/0/0,6681:1747647655168:,1747647664737
counter/6/0/0/0,6682:1747647655168:,1747647664737
counter/6/0/0/0,6683:1747647655168:,1747647664738
counter/9/0/0/0,7927:1747647655530:,1747647664738
counter/5/0/0/0,7441:1747647655315:,1747647664739
counter/5/0/0/0,7442:1747647655315:,1747647664739
counter/5/0/0/0,7443:1747647655315:,1747647664739
counter/5/0/0/0,7444:1747647655315:,1747647664739
counter/5/0/0/0,7445:1747647655317:,1747647664739
counter/5/0/0/0,7446:1747647655317:,1747647664739
counter/8/0/0/0,7612:1747647655057:,1747647664739
counter/6/0/0/0,6684:1747647655168:,1747647664739
counter/4/0/0/0,7502:1747647655974:,1747647664739
counter/4/0/0/0,7503:1747647655974:,1747647664739
counter/10/0/0/0,6822:1747647654625:,1747647664740
counter/1/0/0/0,8138:1747647656320:,1747647664740
counter/1/0/0/0,8139:1747647656320:,1747647664740
counter/1/0/0/0,8140:1747647656320:,1747647664740
counter/8/0/0/0,7613:1747647655062:,1747647664740
counter/8/0/0/0,7614:1747647655062:,1747647664740
counter/8/0/0/0,7615:1747647655062:,1747647664740
counter/8/0/0/0,7616:1747647655062:,1747647664740
counter/8/0/0/0,7617:1747647655062:,1747647664740
counter/3/0/0/0,7815:1747647655520:,1747647664741
counter/9/0/0/0,7928:1747647655531:,1747647664741
counter/4/0/0/0,7504:1747647655974:,1747647664741
counter/4/0/0/0,7505:1747647655974:,1747647664741
counter/4/0/0/0,7506:1747647655977:,1747647664741
counter/8/0/0/0,7618:1747647655064:,1747647664741
counter/6/0/0/0,6685:1747647655168:,1747647664741
counter/6/0/0/0,6686:1747647655173:,1747647664741
counter/6/0/0/0,6687:1747647655174:,1747647664741
counter/6/0/0/0,6688:1747647655174:,1747647664742
counter/6/0/0/0,6689:1747647655175:,1747647664743
counter/6/0/0/0,6690:1747647655175:,1747647664743
counter/1/0/0/0,8141:1747647656320:,1747647664743
counter/1/0/0/0,8142:1747647656320:,1747647664743
counter/1/0/0/0,8143:1747647656320:,1747647664743
counter/1/0/0/0,8144:1747647656321:,1747647664743
counter/1/0/0/0,8145:1747647656321:,1747647664743
counter/1/0/0/0,8146:1747647656321:,1747647664743
counter/1/0/0/0,8147:1747647656321:,1747647664743
counter/1/0/0/0,8148:1747647656321:,1747647664743
counter/1/0/0/0,8149:1747647656321:,1747647664743
counter/1/0/0/0,8150:1747647656321:,1747647664743
counter/1/0/0/0,8151:1747647656321:,1747647664743
counter/8/0/0/0,7619:1747647655064:,1747647664743
counter/8/0/0/0,7620:1747647655064:,1747647664743
counter/8/0/0/0,7621:1747647655064:,1747647664743
counter/8/0/0/0,7622:1747647655064:,1747647664743
counter/8/0/0/0,7623:1747647655073:,1747647664744
counter/8/0/0/0,7624:1747647655073:,1747647664744
counter/8/0/0/0,7625:1747647655073:,1747647664744
counter/8/0/0/0,7626:1747647655073:,1747647664744
counter/8/0/0/0,7627:1747647655073:,1747647664744
counter/8/0/0/0,7628:1747647655073:,1747647664744
counter/8/0/0/0,7629:1747647655073:,1747647664744
counter/8/0/0/0,7630:1747647655073:,1747647664744
counter/8/0/0/0,7631:1747647655073:,1747647664744
counter/8/0/0/0,7632:1747647655073:,1747647664744
counter/2/0/0/0,7183:1747647654377:,1747647664744
counter/2/0/0/0,7184:1747647654377:,1747647664744
counter/6/0/0/0,6691:1747647655179:,1747647664744
counter/2/0/0/0,7185:1747647654377:,1747647664744
counter/7/0/0/0,7226:1747647655304:,1747647664744
counter/7/0/0/0,7227:1747647655304:,1747647664744
counter/1/0/0/0,8152:1747647656321:,1747647664745
counter/1/0/0/0,8153:1747647656321:,1747647664745
counter/1/0/0/0,8154:1747647656321:,1747647664745
counter/6/0/0/0,6692:1747647655179:,1747647664746
counter/1/0/0/0,8155:1747647656321:,1747647664746
counter/1/0/0/0,8156:1747647656326:,1747647664746
counter/1/0/0/0,8157:1747647656326:,1747647664746
counter/1/0/0/0,8158:1747647656326:,1747647664746
counter/1/0/0/0,8159:1747647656326:,1747647664746
counter/1/0/0/0,8160:1747647656326:,1747647664746
counter/1/0/0/0,8161:1747647656326:,1747647664746
counter/1/0/0/0,8162:1747647656328:,1747647664746
counter/1/0/0/0,8163:1747647656328:,1747647664746
counter/1/0/0/0,8164:1747647656328:,1747647664746
counter/1/0/0/0,8165:1747647656328:,1747647664746
counter/1/0/0/0,8166:1747647656328:,1747647664746
counter/1/0/0/0,8167:1747647656330:,1747647664746
counter/1/0/0/0,8168:1747647656330:,1747647664746
counter/5/0/0/0,7447:1747647655317:,1747647664746
counter/7/0/0/0,7228:1747647655304:,1747647664747
counter/6/0/0/0,6693:1747647655179:,1747647664747
counter/6/0/0/0,6694:1747647655179:,1747647664747
counter/6/0/0/0,6695:1747647655179:,1747647664747
counter/6/0/0/0,6696:1747647655180:,1747647664747
counter/6/0/0/0,6697:1747647655182:,1747647664747
counter/6/0/0/0,6698:1747647655185:,1747647664747
counter/6/0/0/0,6699:1747647655185:,1747647664747
counter/6/0/0/0,6700:1747647655185:,1747647664747
counter/6/0/0/0,6701:1747647655185:,1747647664747
counter/6/0/0/0,6702:1747647655185:,1747647664747
counter/6/0/0/0,6703:1747647655185:,1747647664748
counter/6/0/0/0,6704:1747647655185:,1747647664748
counter/6/0/0/0,6705:1747647655185:,1747647664748
counter/6/0/0/0,6706:1747647655185:,1747647664748
counter/6/0/0/0,6707:1747647655185:,1747647664748
counter/9/0/0/0,7929:1747647655531:,1747647664748
counter/9/0/0/0,7930:1747647655532:,1747647664748
counter/2/0/0/0,7186:1747647654377:,1747647664748
counter/2/0/0/0,7187:1747647654377:,1747647664748
counter/2/0/0/0,7188:1747647654377:,1747647664748
counter/7/0/0/0,7229:1747647655304:,1747647664748
counter/1/0/0/0,8169:1747647656330:,1747647664748
counter/1/0/0/0,8170:1747647656330:,1747647664748
counter/1/0/0/0,8171:1747647656330:,1747647664748
counter/1/0/0/0,8172:1747647656331:,1747647664748
counter/1/0/0/0,8173:1747647656331:,1747647664748
counter/5/0/0/0,7448:1747647655317:,1747647664748
counter/5/0/0/0,7449:1747647655317:,1747647664748
counter/5/0/0/0,7450:1747647655317:,1747647664748
counter/5/0/0/0,7451:1747647655317:,1747647664748
counter/5/0/0/0,7452:1747647655317:,1747647664748
counter/8/0/0/0,7633:1747647655073:,1747647664748
counter/8/0/0/0,7634:1747647655084:,1747647664749
counter/2/0/0/0,7189:1747647654378:,1747647664749
counter/2/0/0/0,7190:1747647654378:,1747647664749
counter/2/0/0/0,7191:1747647654378:,1747647664749
counter/2/0/0/0,7192:1747647654378:,1747647664749
counter/2/0/0/0,7193:1747647654378:,1747647664749
counter/2/0/0/0,7194:1747647654378:,1747647664749
counter/2/0/0/0,7195:1747647654378:,1747647664749
counter/2/0/0/0,7196:1747647654378:,1747647664749
counter/2/0/0/0,7197:1747647654378:,1747647664749
counter/2/0/0/0,7198:1747647654383:,1747647664749
counter/9/0/0/0,7931:1747647655532:,1747647664749
counter/7/0/0/0,7230:1747647655304:,1747647664749
counter/1/0/0/0,8174:1747647656332:,1747647664749
counter/1/0/0/0,8175:1747647656332:,1747647664749
counter/1/0/0/0,8176:1747647656332:,1747647664749
counter/1/0/0/0,8177:1747647656332:,1747647664750
counter/1/0/0/0,8178:1747647656332:,1747647664750
counter/1/0/0/0,8179:1747647656332:,1747647664750
counter/1/0/0/0,8180:1747647656332:,1747647664750
counter/1/0/0/0,8181:1747647656332:,1747647664750
counter/1/0/0/0,8182:1747647656332:,1747647664750
counter/1/0/0/0,8183:1747647656332:,1747647664750
counter/2/0/0/0,7199:1747647654383:,1747647664750
counter/6/0/0/0,6708:1747647655195:,1747647664750
counter/7/0/0/0,7231:1747647655304:,1747647664750
counter/1/0/0/0,8184:1747647656332:,1747647664750
counter/1/0/0/0,8185:1747647656332:,1747647664750
counter/1/0/0/0,8186:1747647656332:,1747647664750
counter/1/0/0/0,8187:1747647656332:,1747647664750
counter/1/0/0/0,8188:1747647656332:,1747647664750
counter/1/0/0/0,8189:1747647656332:,1747647664750
counter/1/0/0/0,8190:1747647656332:,1747647664750
counter/1/0/0/0,8191:1747647656333:,1747647664750
counter/1/0/0/0,8192:1747647656333:,1747647664750
counter/1/0/0/0,8193:1747647656333:,1747647664750
counter/1/0/0/0,8194:1747647656333:,1747647664750
counter/1/0/0/0,8195:1747647656333:,1747647664750
counter/2/0/0/0,7200:1747647654383:,1747647664752
counter/2/0/0/0,7201:1747647654383:,1747647664752
counter/10/0/0/0,6823:1747647654625:,1747647664752
counter/5/0/0/0,7453:1747647655317:,1747647664753
counter/1/0/0/0,8196:1747647656333:,1747647664753
counter/5/0/0/0,7454:1747647655321:,1747647664753
counter/7/0/0/0,7232:1747647655304:,1747647664756
counter/1/0/0/0,8197:1747647656333:,1747647664756
counter/5/0/0/0,7455:1747647655327:,1747647664756
counter/1/0/0/0,8198:1747647656333:,1747647664757
counter/7/0/0/0,7233:1747647655304:,1747647664757
counter/7/0/0/0,7234:1747647655304:,1747647664758
counter/7/0/0/0,7235:1747647655304:,1747647664758
counter/7/0/0/0,7236:1747647655304:,1747647664758
counter/7/0/0/0,7237:1747647655304:,1747647664758
counter/9/0/0/0,7932:1747647655532:,1747647664758
counter/3/0/0/0,7816:1747647655520:,1747647664758
counter/3/0/0/0,7817:1747647655520:,1747647664758
counter/3/0/0/0,7818:1747647655521:,1747647664758
counter/3/0/0/0,7819:1747647655521:,1747647664758
counter/3/0/0/0,7820:1747647655521:,1747647664758
counter/6/0/0/0,6709:1747647655195:,1747647664758
counter/6/0/0/0,6710:1747647655195:,1747647664758
counter/6/0/0/0,6711:1747647655195:,1747647664758
counter/6/0/0/0,6712:1747647655200:,1747647664758
counter/6/0/0/0,6713:1747647655200:,1747647664758
counter/5/0/0/0,7456:1747647655328:,1747647664758
counter/10/0/0/0,6824:1747647654625:,1747647664760
counter/8/0/0/0,7635:1747647655093:,1747647664760
counter/8/0/0/0,7636:1747647655093:,1747647664760
counter/8/0/0/0,7637:1747647655093:,1747647664760
counter/8/0/0/0,7638:1747647655093:,1747647664760
counter/3/0/0/0,7821:1747647655521:,1747647664760
counter/8/0/0/0,7639:1747647655093:,1747647664760
counter/8/0/0/0,7640:1747647655104:,1747647664760
counter/1/0/0/0,8199:1747647656333:,1747647664760
counter/1/0/0/0,8200:1747647656333:,1747647664760
counter/1/0/0/0,8201:1747647656333:,1747647664760
counter/1/0/0/0,8202:1747647656333:,1747647664760
counter/1/0/0/0,8203:1747647656333:,1747647664760
counter/1/0/0/0,8204:1747647656333:,1747647664760
counter/4/0/0/0,7507:1747647655977:,1747647664760
counter/4/0/0/0,7508:1747647655977:,1747647664761
counter/10/0/0/0,6825:1747647654625:,1747647664761
counter/9/0/0/0,7933:1747647655532:,1747647664761
counter/1/0/0/0,8205:1747647656338:,1747647664761
counter/1/0/0/0,8206:1747647656338:,1747647664761
counter/1/0/0/0,8207:1747647656338:,1747647664762
counter/7/0/0/0,7238:1747647655304:,1747647664762
counter/3/0/0/0,7822:1747647655521:,1747647664763
counter/4/0/0/0,7509:1747647655977:,1747647664763
counter/10/0/0/0,6826:1747647654625:,1747647664764
counter/4/0/0/0,7510:1747647655977:,1747647664764
counter/4/0/0/0,7511:1747647655977:,1747647664764
counter/4/0/0/0,7512:1747647655977:,1747647664764
counter/4/0/0/0,7513:1747647655978:,1747647664764
counter/4/0/0/0,7514:1747647655978:,1747647664764
counter/4/0/0/0,7515:1747647655980:,1747647664764
counter/4/0/0/0,7516:1747647655980:,1747647664764
counter/9/0/0/0,7934:1747647655532:,1747647664764
counter/6/0/0/0,6714:1747647655200:,1747647664765
counter/6/0/0/0,6715:1747647655200:,1747647664765
counter/7/0/0/0,7239:1747647655306:,1747647664765
counter/6/0/0/0,6716:1747647655200:,1747647664765
counter/9/0/0/0,7935:1747647655532:,1747647664766
counter/3/0/0/0,7823:1747647655521:,1747647664766
counter/10/0/0/0,6827:1747647654625:,1747647664766
counter/8/0/0/0,7641:1747647655104:,1747647664770
counter/2/0/0/0,7202:1747647654388:,1747647664770
counter/8/0/0/0,7642:1747647655104:,1747647664770
counter/2/0/0/0,7203:1747647654389:,1747647664770
counter/2/0/0/0,7204:1747647654389:,1747647664770
counter/2/0/0/0,7205:1747647654389:,1747647664770
counter/2/0/0/0,7206:1747647654389:,1747647664771
counter/4/0/0/0,7517:1747647655980:,1747647664771
counter/2/0/0/0,7207:1747647654389:,1747647664771
counter/2/0/0/0,7208:1747647654409:,1747647664771
counter/2/0/0/0,7209:1747647654409:,1747647664771
counter/2/0/0/0,7210:1747647654409:,1747647664771
counter/2/0/0/0,7211:1747647654409:,1747647664771
counter/2/0/0/0,7212:1747647654409:,1747647664771
counter/3/0/0/0,7824:1747647655521:,1747647664772
counter/3/0/0/0,7825:1747647655521:,1747647664772
counter/3/0/0/0,7826:1747647655521:,1747647664772
counter/3/0/0/0,7827:1747647655521:,1747647664772
counter/3/0/0/0,7828:1747647655521:,1747647664772
counter/3/0/0/0,7829:1747647655521:,1747647664772
counter/8/0/0/0,7643:1747647655104:,1747647664772
counter/3/0/0/0,7830:1747647655521:,1747647664772
counter/7/0/0/0,7240:1747647655306:,1747647664772
counter/9/0/0/0,7936:1747647655532:,1747647664772
counter/3/0/0/0,7831:1747647655521:,1747647664772
counter/5/0/0/0,7457:1747647655328:,1747647664772
counter/5/0/0/0,7458:1747647655328:,1747647664772
counter/5/0/0/0,7459:1747647655328:,1747647664772
counter/5/0/0/0,7460:1747647655328:,1747647664772
counter/5/0/0/0,7461:1747647655360:,1747647664772
counter/5/0/0/0,7462:1747647655363:,1747647664772
counter/5/0/0/0,7463:1747647655382:,1747647664772
counter/5/0/0/0,7464:1747647655382:,1747647664772
counter/8/0/0/0,7644:1747647655108:,1747647664772
counter/8/0/0/0,7645:1747647655108:,1747647664772
counter/8/0/0/0,7646:1747647655108:,1747647664773
counter/8/0/0/0,7647:1747647655108:,1747647664773
counter/8/0/0/0,7648:1747647655108:,1747647664773
counter/8/0/0/0,7649:1747647655108:,1747647664773
counter/6/0/0/0,6717:1747647655200:,1747647664773
counter/5/0/0/0,7465:1747647655382:,1747647664774
counter/5/0/0/0,7466:1747647655382:,1747647664774
counter/5/0/0/0,7467:1747647655382:,1747647664774
counter/5/0/0/0,7468:1747647655382:,1747647664774
counter/5/0/0/0,7469:1747647655382:,1747647664774
counter/5/0/0/0,7470:1747647655382:,1747647664774
counter/2/0/0/0,7213:1747647654409:,1747647664774
counter/4/0/0/0,7518:1747647655987:,1747647664774
counter/4/0/0/0,7519:1747647655988:,1747647664774
counter/4/0/0/0,7520:1747647655988:,1747647664774
counter/1/0/0/0,8208:1747647656338:,1747647664774
counter/5/0/0/0,7471:1747647655382:,1747647664775
counter/8/0/0/0,7650:1747647655108:,1747647664776
counter/3/0/0/0,7832:1747647655524:,1747647664777
counter/1/0/0/0,8209:1747647656338:,1747647664777
counter/7/0/0/0,7241:1747647655306:,1747647664777
counter/5/0/0/0,7472:1747647655382:,1747647664777
counter/3/0/0/0,7833:1747647655524:,1747647664778
counter/1/0/0/0,8210:1747647656338:,1747647664778
counter/1/0/0/0,8211:1747647656338:,1747647664778
counter/1/0/0/0,8212:1747647656338:,1747647664778
counter/10/0/0/0,6828:1747647654625:,1747647664779
counter/2/0/0/0,7214:1747647654409:,1747647664780
counter/2/0/0/0,7215:1747647654409:,1747647664780
counter/2/0/0/0,7216:1747647654409:,1747647664780
counter/2/0/0/0,7217:1747647654409:,1747647664780
counter/2/0/0/0,7218:1747647654409:,1747647664780
counter/2/0/0/0,7219:1747647654409:,1747647664780
counter/1/0/0/0,8213:1747647656338:,1747647664780
counter/3/0/0/0,7834:1747647655524:,1747647664780
counter/7/0/0/0,7242:1747647655307:,1747647664781
counter/5/0/0/0,7473:1747647655382:,1747647664781
counter/3/0/0/0,7835:1747647655524:,1747647664781
counter/4/0/0/0,7521:1747647655988:,1747647664781
counter/3/0/0/0,7836:1747647655524:,1747647664781
counter/2/0/0/0,7220:1747647654413:,1747647664781
counter/2/0/0/0,7221:1747647654415:,1747647664782
counter/2/0/0/0,7222:1747647654417:,1747647664782
counter/2/0/0/0,7223:1747647654417:,1747647664782
counter/6/0/0/0,6718:1747647655200:,1747647664782
counter/6/0/0/0,6719:1747647655200:,1747647664782
counter/6/0/0/0,6720:1747647655200:,1747647664782
counter/6/0/0/0,6721:1747647655200:,1747647664782
counter/6/0/0/0,6722:1747647655201:,1747647664782
counter/6/0/0/0,6723:1747647655201:,1747647664782
counter/9/0/0/0,7937:1747647655532:,1747647664783
counter/9/0/0/0,7938:1747647655532:,1747647664783
counter/9/0/0/0,7939:1747647655532:,1747647664783
counter/9/0/0/0,7940:1747647655542:,1747647664783
counter/9/0/0/0,7941:1747647655542:,1747647664784
counter/9/0/0/0,7942:1747647655542:,1747647664784
counter/9/0/0/0,7943:1747647655542:,1747647664784
counter/2/0/0/0,7224:1747647654417:,1747647664784
counter/3/0/0/0,7837:1747647655524:,1747647664785
counter/10/0/0/0,6829:1747647654625:,1747647664785
counter/3/0/0/0,7838:1747647655524:,1747647664785
counter/8/0/0/0,7651:1747647655108:,1747647664785
counter/3/0/0/0,7839:1747647655526:,1747647664785
counter/2/0/0/0,7225:1747647654417:,1747647664786
counter/2/0/0/0,7226:1747647654417:,1747647664786
counter/2/0/0/0,7227:1747647654417:,1747647664786
counter/2/0/0/0,7228:1747647654419:,1747647664786
counter/2/0/0/0,7229:1747647654419:,1747647664786
counter/2/0/0/0,7230:1747647654419:,1747647664786
counter/3/0/0/0,7840:1747647655526:,1747647664786
counter/2/0/0/0,7231:1747647654419:,1747647664786
counter/2/0/0/0,7232:1747647654419:,1747647664786
counter/8/0/0/0,7652:1747647655108:,1747647664786
counter/8/0/0/0,7653:1747647655108:,1747647664786
counter/8/0/0/0,7654:1747647655108:,1747647664786
counter/8/0/0/0,7655:1747647655111:,1747647664786
counter/8/0/0/0,7656:1747647655112:,1747647664787
counter/8/0/0/0,7657:1747647655112:,1747647664787
counter/8/0/0/0,7658:1747647655112:,1747647664787
counter/6/0/0/0,6724:1747647655201:,1747647664789
counter/9/0/0/0,7944:1747647655542:,1747647664789
counter/9/0/0/0,7945:1747647655542:,1747647664789
counter/9/0/0/0,7946:1747647655542:,1747647664789
counter/9/0/0/0,7947:1747647655542:,1747647664789
counter/9/0/0/0,7948:1747647655542:,1747647664789
counter/9/0/0/0,7949:1747647655542:,1747647664790
counter/6/0/0/0,6725:1747647655201:,1747647664791
counter/6/0/0/0,6726:1747647655201:,1747647664791
counter/2/0/0/0,7233:1747647654419:,1747647664791
counter/2/0/0/0,7234:1747647654419:,1747647664791
counter/10/0/0/0,6830:1747647654630:,1747647664791
counter/4/0/0/0,7522:1747647655988:,1747647664791
counter/3/0/0/0,7841:1747647655531:,1747647664793
counter/2/0/0/0,7235:1747647654420:,1747647664794
counter/9/0/0/0,7950:1747647655542:,1747647664794
counter/3/0/0/0,7842:1747647655536:,1747647664794
counter/5/0/0/0,7474:1747647655382:,1747647664794
counter/5/0/0/0,7475:1747647655382:,1747647664795
counter/7/0/0/0,7243:1747647655307:,1747647664795
counter/7/0/0/0,7244:1747647655307:,1747647664795
counter/7/0/0/0,7245:1747647655307:,1747647664795
counter/7/0/0/0,7246:1747647655307:,1747647664795
counter/7/0/0/0,7247:1747647655307:,1747647664795
counter/7/0/0/0,7248:1747647655308:,1747647664795
counter/7/0/0/0,7249:1747647655308:,1747647664795
counter/7/0/0/0,7250:1747647655308:,1747647664795
counter/6/0/0/0,6727:1747647655221:,1747647664795
counter/7/0/0/0,7251:1747647655309:,1747647664795
counter/7/0/0/0,7252:1747647655309:,1747647664795
counter/2/0/0/0,7236:1747647654421:,1747647664798
counter/6/0/0/0,6728:1747647655229:,1747647664798
counter/6/0/0/0,6729:1747647655229:,1747647664798
counter/6/0/0/0,6730:1747647655229:,1747647664798
counter/6/0/0/0,6731:1747647655229:,1747647664798
counter/6/0/0/0,6732:1747647655229:,1747647664798
counter/8/0/0/0,7659:1747647655112:,1747647664798
counter/5/0/0/0,7476:1747647655382:,1747647664798
counter/9/0/0/0,7951:1747647655542:,1747647664799
counter/4/0/0/0,7523:1747647655988:,1747647664799
counter/10/0/0/0,6831:1747647654630:,1747647664800
counter/10/0/0/0,6832:1747647654631:,1747647664800
counter/10/0/0/0,6833:1747647654631:,1747647664800
counter/10/0/0/0,6834:1747647654631:,1747647664800
counter/9/0/0/0,7952:1747647655542:,1747647664800
counter/5/0/0/0,7477:1747647655382:,1747647664800
counter/5/0/0/0,7478:1747647655382:,1747647664800
counter/4/0/0/0,7524:1747647655988:,1747647664800
counter/8/0/0/0,7660:1747647655112:,1747647664800
counter/3/0/0/0,7843:1747647655536:,1747647664800
counter/1/0/0/0,8214:1747647656338:,1747647664801
counter/9/0/0/0,7953:1747647655542:,1747647664801
counter/4/0/0/0,7525:1747647655988:,1747647664801
counter/9/0/0/0,7954:1747647655542:,1747647664801
counter/8/0/0/0,7661:1747647655114:,1747647664801
counter/3/0/0/0,7844:1747647655536:,1747647664802
counter/7/0/0/0,7253:1747647655309:,1747647664803
counter/8/0/0/0,7662:1747647655114:,1747647664804
counter/6/0/0/0,6733:1747647655229:,1747647664804
counter/3/0/0/0,7845:1747647655536:,1747647664805
counter/2/0/0/0,7237:1747647654421:,1747647664806
counter/10/0/0/0,6835:1747647654631:,1747647664806
counter/10/0/0/0,6836:1747647654631:,1747647664806
counter/10/0/0/0,6837:1747647654631:,1747647664806
counter/10/0/0/0,6838:1747647654631:,1747647664806
counter/7/0/0/0,7254:1747647655309:,1747647664806
counter/8/0/0/0,7663:1747647655114:,1747647664807
counter/5/0/0/0,7479:1747647655383:,1747647664807
counter/5/0/0/0,7480:1747647655383:,1747647664807
counter/9/0/0/0,7955:1747647655542:,1747647664807
counter/9/0/0/0,7956:1747647655542:,1747647664807
counter/9/0/0/0,7957:1747647655542:,1747647664807
counter/9/0/0/0,7958:1747647655543:,1747647664807
counter/9/0/0/0,7959:1747647655543:,1747647664808
counter/9/0/0/0,7960:1747647655543:,1747647664808
counter/9/0/0/0,7961:1747647655543:,1747647664808
counter/9/0/0/0,7962:1747647655543:,1747647664808
counter/9/0/0/0,7963:1747647655548:,1747647664808
counter/9/0/0/0,7964:1747647655548:,1747647664808
counter/10/0/0/0,6839:1747647654631:,1747647664808
counter/10/0/0/0,6840:1747647654631:,1747647664808
counter/10/0/0/0,6841:1747647654631:,1747647664808
counter/10/0/0/0,6842:1747647654634:,1747647664808
counter/6/0/0/0,6734:1747647655229:,1747647664808
counter/6/0/0/0,6735:1747647655229:,1747647664808
counter/6/0/0/0,6736:1747647655229:,1747647664808
counter/6/0/0/0,6737:1747647655229:,1747647664808
counter/7/0/0/0,7255:1747647655309:,1747647664808
counter/5/0/0/0,7481:1747647655383:,1747647664808
counter/7/0/0/0,7256:1747647655313:,1747647664808
counter/3/0/0/0,7846:1747647655536:,1747647664808
counter/2/0/0/0,7238:1747647654421:,1747647664809
counter/10/0/0/0,6843:1747647654634:,1747647664809
counter/10/0/0/0,6844:1747647654634:,1747647664809
counter/10/0/0/0,6845:1747647654634:,1747647664809
counter/10/0/0/0,6846:1747647654634:,1747647664809
counter/9/0/0/0,7965:1747647655548:,1747647664811
counter/4/0/0/0,7526:1747647655988:,1747647664811
counter/2/0/0/0,7239:1747647654421:,1747647664811
counter/3/0/0/0,7847:1747647655536:,1747647664811
counter/8/0/0/0,7664:1747647655114:,1747647664811
counter/1/0/0/0,8215:1747647656339:,1747647664811
counter/10/0/0/0,6847:1747647654660:,1747647664811
counter/1/0/0/0,8216:1747647656339:,1747647664811
counter/10/0/0/0,6848:1747647654660:,1747647664812
counter/6/0/0/0,6738:1747647655229:,1747647664812
counter/6/0/0/0,6739:1747647655233:,1747647664813
counter/6/0/0/0,6740:1747647655233:,1747647664813
counter/6/0/0/0,6741:1747647655233:,1747647664813
counter/6/0/0/0,6742:1747647655233:,1747647664813
counter/6/0/0/0,6743:1747647655233:,1747647664813
counter/6/0/0/0,6744:1747647655233:,1747647664813
counter/6/0/0/0,6745:1747647655233:,1747647664813
counter/4/0/0/0,7527:1747647655988:,1747647664814
counter/7/0/0/0,7257:1747647655314:,1747647664814
counter/7/0/0/0,7258:1747647655314:,1747647664814
counter/7/0/0/0,7259:1747647655314:,1747647664814
counter/7/0/0/0,7260:1747647655314:,1747647664814
counter/1/0/0/0,8217:1747647656339:,1747647664815
counter/9/0/0/0,7966:1747647655548:,1747647664815
counter/4/0/0/0,7528:1747647655997:,1747647664815
counter/4/0/0/0,7529:1747647655997:,1747647664815
counter/4/0/0/0,7530:1747647655997:,1747647664815
counter/4/0/0/0,7531:1747647655997:,1747647664815
counter/4/0/0/0,7532:1747647655998:,1747647664815
counter/2/0/0/0,7240:1747647654423:,1747647664815
counter/2/0/0/0,7241:1747647654423:,1747647664815
counter/3/0/0/0,7848:1747647655536:,1747647664816
counter/3/0/0/0,7849:1747647655536:,1747647664816
counter/3/0/0/0,7850:1747647655536:,1747647664816
counter/3/0/0/0,7851:1747647655536:,1747647664816
counter/3/0/0/0,7852:1747647655536:,1747647664816
counter/3/0/0/0,7853:1747647655536:,1747647664816
counter/3/0/0/0,7854:1747647655536:,1747647664816
counter/3/0/0/0,7855:1747647655536:,1747647664816
counter/9/0/0/0,7967:1747647655548:,1747647664817
counter/9/0/0/0,7968:1747647655548:,1747647664817
counter/9/0/0/0,7969:1747647655549:,1747647664817
counter/9/0/0/0,7970:1747647655549:,1747647664817
counter/9/0/0/0,7971:1747647655549:,1747647664817
counter/9/0/0/0,7972:1747647655549:,1747647664818
counter/9/0/0/0,7973:1747647655579:,1747647664818
counter/4/0/0/0,7533:1747647655998:,1747647664818
counter/2/0/0/0,7242:1747647654423:,1747647664818
counter/9/0/0/0,7974:1747647655591:,1747647664818
counter/9/0/0/0,7975:1747647655591:,1747647664818
counter/9/0/0/0,7976:1747647655591:,1747647664818
counter/9/0/0/0,7977:1747647655591:,1747647664818
counter/9/0/0/0,7978:1747647655591:,1747647664818
counter/9/0/0/0,7979:1747647655591:,1747647664819
counter/6/0/0/0,6746:1747647655233:,1747647664819
counter/3/0/0/0,7856:1747647655536:,1747647664819
counter/5/0/0/0,7482:1747647655383:,1747647664819
counter/7/0/0/0,7261:1747647655314:,1747647664819
counter/7/0/0/0,7262:1747647655314:,1747647664819
counter/8/0/0/0,7665:1747647655114:,1747647664819
counter/8/0/0/0,7666:1747647655114:,1747647664819
counter/8/0/0/0,7667:1747647655114:,1747647664819
counter/8/0/0/0,7668:1747647655114:,1747647664819
counter/1/0/0/0,8218:1747647656339:,1747647664820
counter/1/0/0/0,8219:1747647656340:,1747647664820
counter/5/0/0/0,7483:1747647655387:,1747647664820
counter/7/0/0/0,7263:1747647655314:,1747647664820
counter/3/0/0/0,7857:1747647655536:,1747647664822
counter/6/0/0/0,6747:1747647655233:,1747647664822
counter/6/0/0/0,6748:1747647655234:,1747647664822
counter/6/0/0/0,6749:1747647655234:,1747647664822
counter/6/0/0/0,6750:1747647655234:,1747647664822
counter/6/0/0/0,6751:1747647655234:,1747647664822
counter/6/0/0/0,6752:1747647655234:,1747647664822
counter/6/0/0/0,6753:1747647655234:,1747647664822
counter/6/0/0/0,6754:1747647655234:,1747647664822
counter/6/0/0/0,6755:1747647655246:,1747647664822
counter/5/0/0/0,7484:1747647655387:,1747647664823
counter/5/0/0/0,7485:1747647655387:,1747647664823
counter/5/0/0/0,7486:1747647655387:,1747647664823
counter/5/0/0/0,7487:1747647655387:,1747647664823
counter/5/0/0/0,7488:1747647655387:,1747647664823
counter/5/0/0/0,7489:1747647655387:,1747647664823
counter/5/0/0/0,7490:1747647655387:,1747647664823
counter/5/0/0/0,7491:1747647655387:,1747647664823
counter/8/0/0/0,7669:1747647655114:,1747647664824
counter/2/0/0/0,7243:1747647654423:,1747647664824
counter/2/0/0/0,7244:1747647654423:,1747647664824
counter/2/0/0/0,7245:1747647654423:,1747647664824
counter/9/0/0/0,7980:1747647655591:,1747647664825
counter/4/0/0/0,7534:1747647655998:,1747647664825
counter/9/0/0/0,7981:1747647655596:,1747647664825
counter/4/0/0/0,7535:1747647655998:,1747647664825
counter/4/0/0/0,7536:1747647655998:,1747647664825
counter/4/0/0/0,7537:1747647656000:,1747647664825
counter/8/0/0/0,7670:1747647655122:,1747647664825
counter/8/0/0/0,7671:1747647655123:,1747647664825
counter/8/0/0/0,7672:1747647655123:,1747647664826
counter/8/0/0/0,7673:1747647655136:,1747647664826
counter/8/0/0/0,7674:1747647655136:,1747647664826
counter/7/0/0/0,7264:1747647655314:,1747647664826
counter/1/0/0/0,8220:1747647656340:,1747647664826
counter/6/0/0/0,6756:1747647655246:,1747647664826
counter/6/0/0/0,6757:1747647655246:,1747647664826
counter/6/0/0/0,6758:1747647655246:,1747647664826
counter/8/0/0/0,7675:1747647655136:,1747647664827
counter/5/0/0/0,7492:1747647655387:,1747647664827
counter/5/0/0/0,7493:1747647655387:,1747647664827
counter/5/0/0/0,7494:1747647655387:,1747647664827
counter/5/0/0/0,7495:1747647655387:,1747647664828
counter/5/0/0/0,7496:1747647655387:,1747647664828
counter/5/0/0/0,7497:1747647655395:,1747647664828
counter/5/0/0/0,7498:1747647655395:,1747647664828
counter/5/0/0/0,7499:1747647655395:,1747647664828
counter/5/0/0/0,7500:1747647655395:,1747647664828
counter/5/0/0/0,7501:1747647655395:,1747647664828
counter/2/0/0/0,7246:1747647654423:,1747647664828
counter/2/0/0/0,7247:1747647654423:,1747647664828
counter/2/0/0/0,7248:1747647654423:,1747647664828
counter/2/0/0/0,7249:1747647654423:,1747647664828
counter/2/0/0/0,7250:1747647654423:,1747647664828
counter/2/0/0/0,7251:1747647654423:,1747647664828
counter/7/0/0/0,7265:1747647655314:,1747647664828
counter/7/0/0/0,7266:1747647655315:,1747647664828
counter/5/0/0/0,7502:1747647655395:,1747647664828
counter/5/0/0/0,7503:1747647655395:,1747647664828
counter/5/0/0/0,7504:1747647655395:,1747647664828
counter/5/0/0/0,7505:1747647655395:,1747647664829
counter/9/0/0/0,7982:1747647655596:,1747647664829
counter/1/0/0/0,8221:1747647656340:,1747647664829
counter/1/0/0/0,8222:1747647656340:,1747647664829
counter/9/0/0/0,7983:1747647655596:,1747647664829
counter/9/0/0/0,7984:1747647655596:,1747647664829
counter/8/0/0/0,7676:1747647655136:,1747647664829
counter/9/0/0/0,7985:1747647655596:,1747647664829
counter/9/0/0/0,7986:1747647655596:,1747647664829
counter/10/0/0/0,6849:1747647654660:,1747647664829
counter/10/0/0/0,6850:1747647654660:,1747647664829
counter/2/0/0/0,7252:1747647654423:,1747647664829
counter/10/0/0/0,6851:1747647654660:,1747647664829
counter/10/0/0/0,6852:1747647654660:,1747647664830
counter/10/0/0/0,6853:1747647654660:,1747647664830
counter/6/0/0/0,6759:1747647655246:,1747647664830
counter/6/0/0/0,6760:1747647655246:,1747647664830
counter/6/0/0/0,6761:1747647655246:,1747647664830
counter/6/0/0/0,6762:1747647655246:,1747647664830
counter/6/0/0/0,6763:1747647655246:,1747647664830
counter/6/0/0/0,6764:1747647655246:,1747647664830
counter/6/0/0/0,6765:1747647655246:,1747647664831
counter/6/0/0/0,6766:1747647655246:,1747647664831
counter/6/0/0/0,6767:1747647655246:,1747647664831
counter/6/0/0/0,6768:1747647655246:,1747647664831
counter/6/0/0/0,6769:1747647655246:,1747647664831
counter/6/0/0/0,6770:1747647655250:,1747647664831
counter/2/0/0/0,7253:1747647654424:,1747647664831
counter/9/0/0/0,7987:1747647655596:,1747647664831
counter/9/0/0/0,7988:1747647655596:,1747647664831
counter/9/0/0/0,7989:1747647655597:,1747647664831
counter/9/0/0/0,7990:1747647655597:,1747647664831
counter/9/0/0/0,7991:1747647655597:,1747647664831
counter/9/0/0/0,7992:1747647655597:,1747647664831
counter/1/0/0/0,8223:1747647656340:,1747647664831
counter/10/0/0/0,6854:1747647654660:,1747647664831
counter/10/0/0/0,6855:1747647654660:,1747647664831
counter/8/0/0/0,7677:1747647655136:,1747647664831
counter/6/0/0/0,6771:1747647655250:,1747647664832
counter/6/0/0/0,6772:1747647655250:,1747647664832
counter/6/0/0/0,6773:1747647655250:,1747647664832
counter/6/0/0/0,6774:1747647655251:,1747647664832
counter/6/0/0/0,6775:1747647655251:,1747647664832
counter/6/0/0/0,6776:1747647655251:,1747647664832
counter/6/0/0/0,6777:1747647655251:,1747647664832
counter/6/0/0/0,6778:1747647655251:,1747647664832
counter/9/0/0/0,7993:1747647655597:,1747647664833
counter/5/0/0/0,7506:1747647655395:,1747647664833
counter/5/0/0/0,7507:1747647655395:,1747647664833
counter/5/0/0/0,7508:1747647655395:,1747647664833
counter/5/0/0/0,7509:1747647655395:,1747647664833
counter/5/0/0/0,7510:1747647655395:,1747647664833
counter/5/0/0/0,7511:1747647655396:,1747647664833
counter/5/0/0/0,7512:1747647655400:,1747647664833
counter/5/0/0/0,7513:1747647655400:,1747647664833
counter/5/0/0/0,7514:1747647655401:,1747647664833
counter/5/0/0/0,7515:1747647655401:,1747647664833
counter/5/0/0/0,7516:1747647655401:,1747647664833
counter/5/0/0/0,7517:1747647655401:,1747647664833
counter/2/0/0/0,7254:1747647654424:,1747647664833
counter/2/0/0/0,7255:1747647654424:,1747647664833
counter/2/0/0/0,7256:1747647654425:,1747647664833
counter/2/0/0/0,7257:1747647654426:,1747647664833
counter/2/0/0/0,7258:1747647654426:,1747647664833
counter/7/0/0/0,7267:1747647655315:,1747647664834
counter/7/0/0/0,7268:1747647655321:,1747647664834
counter/7/0/0/0,7269:1747647655322:,1747647664834
counter/7/0/0/0,7270:1747647655322:,1747647664834
counter/7/0/0/0,7271:1747647655322:,1747647664834
counter/7/0/0/0,7272:1747647655322:,1747647664834
counter/7/0/0/0,7273:1747647655322:,1747647664834
counter/8/0/0/0,7678:1747647655136:,1747647664835
counter/8/0/0/0,7679:1747647655136:,1747647664835
counter/2/0/0/0,7259:1747647654426:,1747647664835
counter/8/0/0/0,7680:1747647655136:,1747647664835
counter/8/0/0/0,7681:1747647655136:,1747647664835
counter/6/0/0/0,6779:1747647655252:,1747647664835
counter/10/0/0/0,6856:1747647654662:,1747647664835
counter/4/0/0/0,7538:1747647656000:,1747647664835
counter/3/0/0/0,7858:1747647655537:,1747647664835
counter/3/0/0/0,7859:1747647655537:,1747647664835
counter/3/0/0/0,7860:1747647655543:,1747647664835
counter/5/0/0/0,7518:1747647655401:,1747647664835
counter/7/0/0/0,7274:1747647655322:,1747647664836
counter/8/0/0/0,7682:1747647655136:,1747647664839
counter/10/0/0/0,6857:1747647654662:,1747647664841
counter/4/0/0/0,7539:1747647656000:,1747647664841
counter/4/0/0/0,7540:1747647656000:,1747647664841
counter/4/0/0/0,7541:1747647656007:,1747647664841
counter/4/0/0/0,7542:1747647656008:,1747647664841
counter/4/0/0/0,7543:1747647656008:,1747647664841
counter/4/0/0/0,7544:1747647656008:,1747647664841
counter/4/0/0/0,7545:1747647656009:,1747647664841
counter/4/0/0/0,7546:1747647656009:,1747647664841
counter/8/0/0/0,7683:1747647655136:,1747647664841
counter/4/0/0/0,7547:1747647656009:,1747647664841
counter/8/0/0/0,7684:1747647655136:,1747647664841
counter/4/0/0/0,7548:1747647656009:,1747647664841
counter/8/0/0/0,7685:1747647655136:,1747647664841
counter/4/0/0/0,7549:1747647656010:,1747647664841
counter/7/0/0/0,7275:1747647655322:,1747647664843
counter/7/0/0/0,7276:1747647655322:,1747647664843
counter/7/0/0/0,7277:1747647655322:,1747647664843
counter/7/0/0/0,7278:1747647655322:,1747647664843
counter/7/0/0/0,7279:1747647655322:,1747647664843
counter/7/0/0/0,7280:1747647655322:,1747647664843
counter/4/0/0/0,7550:1747647656010:,1747647664843
counter/8/0/0/0,7686:1747647655136:,1747647664844
counter/8/0/0/0,7687:1747647655136:,1747647664844
counter/9/0/0/0,7994:1747647655597:,1747647664844
counter/1/0/0/0,8224:1747647656340:,1747647664844
counter/1/0/0/0,8225:1747647656340:,1747647664844
counter/1/0/0/0,8226:1747647656341:,1747647664844
counter/1/0/0/0,8227:1747647656341:,1747647664844
counter/1/0/0/0,8228:1747647656341:,1747647664844
counter/1/0/0/0,8229:1747647656341:,1747647664844
counter/1/0/0/0,8230:1747647656341:,1747647664844
counter/1/0/0/0,8231:1747647656341:,1747647664844
counter/5/0/0/0,7519:1747647655401:,1747647664845
counter/2/0/0/0,7260:1747647654426:,1747647664845
counter/2/0/0/0,7261:1747647654426:,1747647664845
counter/2/0/0/0,7262:1747647654426:,1747647664845
counter/2/0/0/0,7263:1747647654426:,1747647664845
counter/2/0/0/0,7264:1747647654426:,1747647664845
counter/3/0/0/0,7861:1747647655543:,1747647664845
counter/4/0/0/0,7551:1747647656010:,1747647664846
counter/3/0/0/0,7862:1747647655543:,1747647664846
counter/7/0/0/0,7281:1747647655322:,1747647664846
counter/7/0/0/0,7282:1747647655322:,1747647664846
counter/7/0/0/0,7283:1747647655322:,1747647664846
counter/7/0/0/0,7284:1747647655323:,1747647664846
counter/7/0/0/0,7285:1747647655323:,1747647664846
counter/7/0/0/0,7286:1747647655323:,1747647664846
counter/8/0/0/0,7688:1747647655137:,1747647664846
counter/8/0/0/0,7689:1747647655137:,1747647664846
counter/8/0/0/0,7690:1747647655137:,1747647664846
counter/8/0/0/0,7691:1747647655142:,1747647664846
counter/8/0/0/0,7692:1747647655142:,1747647664846
counter/8/0/0/0,7693:1747647655142:,1747647664846
counter/8/0/0/0,7694:1747647655142:,1747647664847
counter/8/0/0/0,7695:1747647655142:,1747647664847
counter/8/0/0/0,7696:1747647655145:,1747647664847
counter/2/0/0/0,7265:1747647654426:,1747647664847
counter/5/0/0/0,7520:1747647655406:,1747647664847
counter/8/0/0/0,7697:1747647655145:,1747647664848
counter/9/0/0/0,7995:1747647655597:,1747647664848
counter/2/0/0/0,7266:1747647654426:,1747647664848
counter/9/0/0/0,7996:1747647655597:,1747647664848
counter/10/0/0/0,6858:1747647654662:,1747647664849
counter/4/0/0/0,7552:1747647656010:,1747647664850
counter/6/0/0/0,6780:1747647655252:,1747647664851
counter/2/0/0/0,7267:1747647654426:,1747647664851
counter/4/0/0/0,7553:1747647656010:,1747647664851
counter/9/0/0/0,7997:1747647655597:,1747647664852
counter/9/0/0/0,7998:1747647655597:,1747647664852
counter/9/0/0/0,7999:1747647655597:,1747647664852
counter/9/0/0/0,8000:1747647655597:,1747647664852
counter/9/0/0/0,8001:1747647655604:,1747647664852
counter/9/0/0/0,8002:1747647655604:,1747647664852
counter/9/0/0/0,8003:1747647655604:,1747647664852
counter/10/0/0/0,6859:1747647654662:,1747647664852
counter/7/0/0/0,7287:1747647655323:,1747647664852
counter/4/0/0/0,7554:1747647656010:,1747647664853
counter/1/0/0/0,8232:1747647656341:,1747647664853
counter/9/0/0/0,8004:1747647655604:,1747647664853
counter/7/0/0/0,7288:1747647655323:,1747647664853
counter/4/0/0/0,7555:1747647656010:,1747647664853
counter/1/0/0/0,8233:1747647656347:,1747647664854
counter/9/0/0/0,8005:1747647655604:,1747647664855
counter/9/0/0/0,8006:1747647655604:,1747647664855
counter/9/0/0/0,8007:1747647655604:,1747647664855
counter/9/0/0/0,8008:1747647655604:,1747647664855
counter/9/0/0/0,8009:1747647655604:,1747647664855
counter/9/0/0/0,8010:1747647655604:,1747647664855
counter/9/0/0/0,8011:1747647655604:,1747647664855
counter/6/0/0/0,6781:1747647655252:,1747647664858
counter/6/0/0/0,6782:1747647655252:,1747647664858
counter/6/0/0/0,6783:1747647655252:,1747647664858
counter/6/0/0/0,6784:1747647655257:,1747647664858
counter/6/0/0/0,6785:1747647655257:,1747647664858
counter/1/0/0/0,8234:1747647656347:,1747647664859
counter/5/0/0/0,7521:1747647655406:,1747647664860
counter/1/0/0/0,8235:1747647656348:,1747647664860
counter/1/0/0/0,8236:1747647656348:,1747647664860
counter/1/0/0/0,8237:1747647656348:,1747647664860
counter/1/0/0/0,8238:1747647656348:,1747647664860
counter/1/0/0/0,8239:1747647656352:,1747647664860
counter/1/0/0/0,8240:1747647656352:,1747647664860
counter/1/0/0/0,8241:1747647656352:,1747647664861
counter/3/0/0/0,7863:1747647655543:,1747647664861
counter/8/0/0/0,7698:1747647655162:,1747647664861
counter/7/0/0/0,7289:1747647655323:,1747647664862
counter/7/0/0/0,7290:1747647655324:,1747647664862
counter/7/0/0/0,7291:1747647655324:,1747647664862
counter/7/0/0/0,7292:1747647655324:,1747647664862
counter/7/0/0/0,7293:1747647655324:,1747647664862
counter/7/0/0/0,7294:1747647655324:,1747647664862
counter/7/0/0/0,7295:1747647655324:,1747647664862
counter/7/0/0/0,7296:1747647655324:,1747647664863
counter/9/0/0/0,8012:1747647655604:,1747647664863
counter/9/0/0/0,8013:1747647655604:,1747647664863
counter/9/0/0/0,8014:1747647655604:,1747647664863
counter/9/0/0/0,8015:1747647655604:,1747647664863
counter/3/0/0/0,7864:1747647655543:,1747647664863
counter/2/0/0/0,7268:1747647654426:,1747647664863
counter/6/0/0/0,6786:1747647655257:,1747647664863
counter/1/0/0/0,8242:1747647656352:,1747647664865
counter/1/0/0/0,8243:1747647656353:,1747647664865
counter/10/0/0/0,6860:1747647654662:,1747647664865
counter/9/0/0/0,8016:1747647655612:,1747647664865
counter/10/0/0/0,6861:1747647654666:,1747647664865
counter/10/0/0/0,6862:1747647654667:,1747647664865
counter/10/0/0/0,6863:1747647654667:,1747647664865
counter/10/0/0/0,6864:1747647654667:,1747647664865
counter/2/0/0/0,7269:1747647654426:,1747647664865
counter/2/0/0/0,7270:1747647654426:,1747647664865
counter/2/0/0/0,7271:1747647654426:,1747647664865
counter/2/0/0/0,7272:1747647654427:,1747647664865
counter/7/0/0/0,7297:1747647655324:,1747647664865
counter/7/0/0/0,7298:1747647655325:,1747647664865
counter/7/0/0/0,7299:1747647655325:,1747647664865
counter/7/0/0/0,7300:1747647655325:,1747647664865
counter/7/0/0/0,7301:1747647655325:,1747647664866
counter/7/0/0/0,7302:1747647655325:,1747647664866
counter/7/0/0/0,7303:1747647655331:,1747647664866
counter/7/0/0/0,7304:1747647655331:,1747647664866
counter/7/0/0/0,7305:1747647655331:,1747647664867
counter/8/0/0/0,7699:1747647655162:,1747647664867
counter/9/0/0/0,8017:1747647655614:,1747647664867
counter/3/0/0/0,7865:1747647655543:,1747647664867
counter/10/0/0/0,6865:1747647654667:,1747647664867
counter/10/0/0/0,6866:1747647654667:,1747647664867
counter/10/0/0/0,6867:1747647654673:,1747647664867
counter/6/0/0/0,6787:1747647655257:,1747647664868
counter/2/0/0/0,7273:1747647654427:,1747647664868
counter/2/0/0/0,7274:1747647654427:,1747647664868
counter/2/0/0/0,7275:1747647654427:,1747647664868
counter/3/0/0/0,7866:1747647655543:,1747647664868
counter/2/0/0/0,7276:1747647654427:,1747647664868
counter/2/0/0/0,7277:1747647654427:,1747647664869
counter/1/0/0/0,8244:1747647656373:,1747647664869
counter/4/0/0/0,7556:1747647656010:,1747647664869
counter/8/0/0/0,7700:1747647655162:,1747647664869
counter/8/0/0/0,7701:1747647655162:,1747647664869
counter/8/0/0/0,7702:1747647655162:,1747647664870
counter/8/0/0/0,7703:1747647655162:,1747647664870
counter/8/0/0/0,7704:1747647655162:,1747647664870
counter/8/0/0/0,7705:1747647655162:,1747647664870
counter/8/0/0/0,7706:1747647655162:,1747647664870
counter/8/0/0/0,7707:1747647655162:,1747647664870
counter/8/0/0/0,7708:1747647655162:,1747647664870
counter/8/0/0/0,7709:1747647655162:,1747647664870
counter/2/0/0/0,7278:1747647654427:,1747647664870
counter/8/0/0/0,7710:1747647655162:,1747647664870
counter/9/0/0/0,8018:1747647655614:,1747647664870
counter/9/0/0/0,8019:1747647655614:,1747647664870
counter/9/0/0/0,8020:1747647655614:,1747647664870
counter/9/0/0/0,8021:1747647655614:,1747647664871
counter/9/0/0/0,8022:1747647655614:,1747647664871
counter/9/0/0/0,8023:1747647655635:,1747647664871
counter/9/0/0/0,8024:1747647655635:,1747647664871
counter/9/0/0/0,8025:1747647655636:,1747647664871
counter/9/0/0/0,8026:1747647655636:,1747647664871
counter/9/0/0/0,8027:1747647655636:,1747647664871
counter/9/0/0/0,8028:1747647655636:,1747647664871
counter/2/0/0/0,7279:1747647654427:,1747647664871
counter/2/0/0/0,7280:1747647654427:,1747647664871
counter/10/0/0/0,6868:1747647654673:,1747647664871
counter/10/0/0/0,6869:1747647654688:,1747647664871
counter/10/0/0/0,6870:1747647654688:,1747647664871
counter/6/0/0/0,6788:1747647655257:,1747647664871
counter/6/0/0/0,6789:1747647655257:,1747647664871
counter/9/0/0/0,8029:1747647655639:,1747647664871
counter/3/0/0/0,7867:1747647655550:,1747647664872
counter/5/0/0/0,7522:1747647655406:,1747647664872
counter/8/0/0/0,7711:1747647655162:,1747647664872
counter/5/0/0/0,7523:1747647655406:,1747647664872
counter/5/0/0/0,7524:1747647655406:,1747647664872
counter/5/0/0/0,7525:1747647655406:,1747647664872
counter/5/0/0/0,7526:1747647655406:,1747647664872
counter/5/0/0/0,7527:1747647655406:,1747647664872
counter/5/0/0/0,7528:1747647655406:,1747647664872
counter/5/0/0/0,7529:1747647655406:,1747647664872
counter/5/0/0/0,7530:1747647655406:,1747647664872
counter/5/0/0/0,7531:1747647655406:,1747647664873
counter/5/0/0/0,7532:1747647655406:,1747647664874
counter/5/0/0/0,7533:1747647655406:,1747647664874
counter/5/0/0/0,7534:1747647655406:,1747647664874
counter/5/0/0/0,7535:1747647655406:,1747647664874
counter/6/0/0/0,6790:1747647655257:,1747647664874
counter/2/0/0/0,7281:1747647654427:,1747647664874
counter/5/0/0/0,7536:1747647655406:,1747647664874
counter/5/0/0/0,7537:1747647655408:,1747647664874
counter/5/0/0/0,7538:1747647655408:,1747647664874
counter/5/0/0/0,7539:1747647655408:,1747647664874
counter/5/0/0/0,7540:1747647655408:,1747647664875
counter/3/0/0/0,7868:1747647655561:,1747647664875
counter/8/0/0/0,7712:1747647655162:,1747647664875
counter/3/0/0/0,7869:1747647655561:,1747647664875
counter/9/0/0/0,8030:1747647655639:,1747647664875
counter/5/0/0/0,7541:1747647655408:,1747647664875
counter/10/0/0/0,6871:1747647654689:,1747647664875
counter/10/0/0/0,6872:1747647654697:,1747647664875
counter/8/0/0/0,7713:1747647655162:,1747647664875
counter/8/0/0/0,7714:1747647655162:,1747647664875
counter/8/0/0/0,7715:1747647655162:,1747647664875
counter/8/0/0/0,7716:1747647655162:,1747647664875
counter/8/0/0/0,7717:1747647655162:,1747647664877
counter/8/0/0/0,7718:1747647655162:,1747647664877
counter/8/0/0/0,7719:1747647655162:,1747647664877
counter/8/0/0/0,7720:1747647655163:,1747647664877
counter/8/0/0/0,7721:1747647655163:,1747647664877
counter/8/0/0/0,7722:1747647655163:,1747647664877
counter/8/0/0/0,7723:1747647655163:,1747647664877
counter/8/0/0/0,7724:1747647655163:,1747647664877
counter/8/0/0/0,7725:1747647655163:,1747647664877
counter/8/0/0/0,7726:1747647655163:,1747647664878
counter/5/0/0/0,7542:1747647655408:,1747647664878
counter/10/0/0/0,6873:1747647654697:,1747647664878
counter/10/0/0/0,6874:1747647654697:,1747647664878
counter/10/0/0/0,6875:1747647654697:,1747647664878
counter/10/0/0/0,6876:1747647654700:,1747647664878
counter/10/0/0/0,6877:1747647654700:,1747647664878
counter/1/0/0/0,8245:1747647656373:,1747647664879
counter/8/0/0/0,7727:1747647655163:,1747647664879
counter/8/0/0/0,7728:1747647655163:,1747647664879
counter/8/0/0/0,7729:1747647655163:,1747647664879
counter/8/0/0/0,7730:1747647655163:,1747647664879
counter/6/0/0/0,6791:1747647655257:,1747647664879
counter/5/0/0/0,7543:1747647655408:,1747647664880
counter/5/0/0/0,7544:1747647655409:,1747647664880
counter/1/0/0/0,8246:1747647656373:,1747647664880
counter/10/0/0/0,6878:1747647654700:,1747647664880
counter/10/0/0/0,6879:1747647654700:,1747647664880
counter/10/0/0/0,6880:1747647654700:,1747647664880
counter/10/0/0/0,6881:1747647654700:,1747647664880
counter/10/0/0/0,6882:1747647654700:,1747647664880
counter/10/0/0/0,6883:1747647654700:,1747647664880
counter/10/0/0/0,6884:1747647654700:,1747647664880
counter/10/0/0/0,6885:1747647654700:,1747647664880
counter/10/0/0/0,6886:1747647654700:,1747647664880
counter/6/0/0/0,6792:1747647655257:,1747647664880
counter/7/0/0/0,7306:1747647655331:,1747647664881
counter/3/0/0/0,7870:1747647655561:,1747647664881
counter/3/0/0/0,7871:1747647655562:,1747647664881
counter/3/0/0/0,7872:1747647655562:,1747647664881
counter/3/0/0/0,7873:1747647655562:,1747647664881
counter/6/0/0/0,6793:1747647655257:,1747647664881
counter/3/0/0/0,7874:1747647655562:,1747647664881
counter/6/0/0/0,6794:1747647655257:,1747647664881
counter/5/0/0/0,7545:1747647655409:,1747647664881
counter/2/0/0/0,7282:1747647654427:,1747647664881
counter/8/0/0/0,7731:1747647655163:,1747647664882
counter/6/0/0/0,6795:1747647655257:,1747647664883
counter/8/0/0/0,7732:1747647655163:,1747647664883
counter/8/0/0/0,7733:1747647655163:,1747647664883
counter/8/0/0/0,7734:1747647655163:,1747647664883
counter/8/0/0/0,7735:1747647655163:,1747647664883
counter/8/0/0/0,7736:1747647655163:,1747647664883
counter/8/0/0/0,7737:1747647655163:,1747647664883
counter/1/0/0/0,8247:1747647656373:,1747647664883
counter/8/0/0/0,7738:1747647655170:,1747647664884
counter/8/0/0/0,7739:1747647655170:,1747647664884
counter/8/0/0/0,7740:1747647655170:,1747647664884
counter/5/0/0/0,7546:1747647655412:,1747647664884
counter/1/0/0/0,8248:1747647656373:,1747647664884
counter/1/0/0/0,8249:1747647656373:,1747647664885
counter/1/0/0/0,8250:1747647656373:,1747647664885
counter/1/0/0/0,8251:1747647656373:,1747647664885
counter/1/0/0/0,8252:1747647656373:,1747647664885
counter/1/0/0/0,8253:1747647656373:,1747647664885
counter/1/0/0/0,8254:1747647656373:,1747647664885
counter/1/0/0/0,8255:1747647656373:,1747647664885
counter/1/0/0/0,8256:1747647656373:,1747647664885
counter/1/0/0/0,8257:1747647656373:,1747647664885
counter/7/0/0/0,7307:1747647655331:,1747647664885
counter/7/0/0/0,7308:1747647655331:,1747647664885
counter/10/0/0/0,6887:1747647654700:,1747647664885
counter/4/0/0/0,7557:1747647656010:,1747647664886
counter/9/0/0/0,8031:1747647655639:,1747647664886
counter/4/0/0/0,7558:1747647656010:,1747647664887
counter/4/0/0/0,7559:1747647656010:,1747647664887
counter/9/0/0/0,8032:1747647655643:,1747647664887
counter/1/0/0/0,8258:1747647656373:,1747647664888
counter/1/0/0/0,8259:1747647656374:,1747647664888
counter/1/0/0/0,8260:1747647656374:,1747647664888
counter/1/0/0/0,8261:1747647656374:,1747647664888
counter/8/0/0/0,7741:1747647655170:,1747647664888
counter/1/0/0/0,8262:1747647656374:,1747647664888
counter/1/0/0/0,8263:1747647656374:,1747647664888
counter/1/0/0/0,8264:1747647656374:,1747647664888
counter/1/0/0/0,8265:1747647656374:,1747647664889
counter/1/0/0/0,8266:1747647656374:,1747647664889
counter/7/0/0/0,7309:1747647655332:,1747647664889
counter/6/0/0/0,6796:1747647655260:,1747647664889
counter/2/0/0/0,7283:1747647654427:,1747647664889
counter/10/0/0/0,6888:1747647654702:,1747647664889
counter/6/0/0/0,6797:1747647655260:,1747647664890
counter/2/0/0/0,7284:1747647654427:,1747647664890
counter/5/0/0/0,7547:1747647655412:,1747647664890
counter/5/0/0/0,7548:1747647655412:,1747647664890
counter/5/0/0/0,7549:1747647655413:,1747647664890
counter/5/0/0/0,7550:1747647655413:,1747647664890
counter/5/0/0/0,7551:1747647655413:,1747647664890
counter/5/0/0/0,7552:1747647655413:,1747647664890
counter/5/0/0/0,7553:1747647655413:,1747647664890
counter/5/0/0/0,7554:1747647655413:,1747647664890
counter/5/0/0/0,7555:1747647655413:,1747647664890
counter/9/0/0/0,8033:1747647655643:,1747647664890
counter/9/0/0/0,8034:1747647655643:,1747647664890
counter/9/0/0/0,8035:1747647655643:,1747647664890
counter/9/0/0/0,8036:1747647655643:,1747647664890
counter/3/0/0/0,7875:1747647655562:,1747647664891
counter/3/0/0/0,7876:1747647655562:,1747647664892
counter/3/0/0/0,7877:1747647655564:,1747647664892
counter/3/0/0/0,7878:1747647655564:,1747647664892
counter/3/0/0/0,7879:1747647655564:,1747647664892
counter/3/0/0/0,7880:1747647655581:,1747647664892
counter/3/0/0/0,7881:1747647655581:,1747647664892
counter/3/0/0/0,7882:1747647655581:,1747647664892
counter/3/0/0/0,7883:1747647655581:,1747647664892
counter/3/0/0/0,7884:1747647655581:,1747647664892
counter/6/0/0/0,6798:1747647655260:,1747647664892
counter/4/0/0/0,7560:1747647656010:,1747647664892
counter/7/0/0/0,7310:1747647655332:,1747647664893
counter/7/0/0/0,7311:1747647655332:,1747647664893
counter/7/0/0/0,7312:1747647655332:,1747647664893
counter/7/0/0/0,7313:1747647655332:,1747647664893
counter/7/0/0/0,7314:1747647655332:,1747647664893
counter/7/0/0/0,7315:1747647655337:,1747647664893
counter/7/0/0/0,7316:1747647655337:,1747647664893
counter/7/0/0/0,7317:1747647655337:,1747647664893
counter/7/0/0/0,7318:1747647655337:,1747647664893
counter/7/0/0/0,7319:1747647655337:,1747647664893
counter/7/0/0/0,7320:1747647655337:,1747647664893
counter/7/0/0/0,7321:1747647655337:,1747647664893
counter/7/0/0/0,7322:1747647655337:,1747647664893
counter/7/0/0/0,7323:1747647655342:,1747647664893
counter/7/0/0/0,7324:1747647655342:,1747647664893
counter/7/0/0/0,7325:1747647655342:,1747647664894
counter/7/0/0/0,7326:1747647655342:,1747647664894
counter/7/0/0/0,7327:1747647655342:,1747647664894
counter/7/0/0/0,7328:1747647655344:,1747647664894
counter/7/0/0/0,7329:1747647655344:,1747647664894
counter/8/0/0/0,7742:1747647655172:,1747647664894
counter/8/0/0/0,7743:1747647655172:,1747647664894
counter/8/0/0/0,7744:1747647655172:,1747647664894
counter/1/0/0/0,8267:1747647656374:,1747647664894
counter/6/0/0/0,6799:1747647655260:,1747647664894
counter/1/0/0/0,8268:1747647656374:,1747647664895
counter/6/0/0/0,6800:1747647655260:,1747647664895
counter/6/0/0/0,6801:1747647655260:,1747647664895
counter/6/0/0/0,6802:1747647655260:,1747647664895
counter/6/0/0/0,6803:1747647655260:,1747647664895
counter/6/0/0/0,6804:1747647655260:,1747647664895
counter/6/0/0/0,6805:1747647655260:,1747647664895
counter/6/0/0/0,6806:1747647655260:,1747647664895
counter/6/0/0/0,6807:1747647655261:,1747647664895
counter/9/0/0/0,8037:1747647655643:,1747647664895
counter/3/0/0/0,7885:1747647655581:,1747647664895
counter/1/0/0/0,8269:1747647656374:,1747647664897
counter/1/0/0/0,8270:1747647656374:,1747647664897
counter/6/0/0/0,6808:1747647655261:,1747647664897
counter/1/0/0/0,8271:1747647656374:,1747647664897
counter/10/0/0/0,6889:1747647654702:,1747647664897
counter/7/0/0/0,7330:1747647655344:,1747647664897
counter/9/0/0/0,8038:1747647655647:,1747647664898
counter/3/0/0/0,7886:1747647655582:,1747647664898
counter/2/0/0/0,7285:1747647654427:,1747647664898
counter/6/0/0/0,6809:1747647655261:,1747647664898
counter/2/0/0/0,7286:1747647654427:,1747647664899
counter/9/0/0/0,8039:1747647655647:,1747647664899
counter/9/0/0/0,8040:1747647655647:,1747647664899
counter/9/0/0/0,8041:1747647655651:,1747647664899
counter/9/0/0/0,8042:1747647655652:,1747647664899
counter/9/0/0/0,8043:1747647655652:,1747647664899
counter/6/0/0/0,6810:1747647655261:,1747647664899
counter/4/0/0/0,7561:1747647656010:,1747647664899
counter/2/0/0/0,7287:1747647654427:,1747647664900
counter/2/0/0/0,7288:1747647654427:,1747647664900
counter/2/0/0/0,7289:1747647654427:,1747647664900
counter/2/0/0/0,7290:1747647654427:,1747647664900
counter/2/0/0/0,7291:1747647654427:,1747647664900
counter/2/0/0/0,7292:1747647654427:,1747647664900
counter/2/0/0/0,7293:1747647654428:,1747647664900
counter/2/0/0/0,7294:1747647654428:,1747647664900
counter/2/0/0/0,7295:1747647654428:,1747647664900
counter/2/0/0/0,7296:1747647654428:,1747647664900
counter/2/0/0/0,7297:1747647654428:,1747647664900
counter/2/0/0/0,7298:1747647654429:,1747647664900
counter/2/0/0/0,7299:1747647654429:,1747647664900
counter/6/0/0/0,6811:1747647655261:,1747647664901
counter/4/0/0/0,7562:1747647656010:,1747647664901
counter/8/0/0/0,7745:1747647655172:,1747647664901
counter/2/0/0/0,7300:1747647654429:,1747647664901
counter/10/0/0/0,6890:1747647654702:,1747647664901
counter/10/0/0/0,6891:1747647654702:,1747647664901
counter/10/0/0/0,6892:1747647654702:,1747647664901
counter/10/0/0/0,6893:1747647654709:,1747647664901
counter/10/0/0/0,6894:1747647654709:,1747647664901
counter/10/0/0/0,6895:1747647654709:,1747647664901
counter/10/0/0/0,6896:1747647654709:,1747647664901
counter/10/0/0/0,6897:1747647654709:,1747647664901
counter/10/0/0/0,6898:1747647654709:,1747647664901
counter/10/0/0/0,6899:1747647654709:,1747647664902
counter/10/0/0/0,6900:1747647654709:,1747647664902
counter/10/0/0/0,6901:1747647654709:,1747647664902
counter/10/0/0/0,6902:1747647654709:,1747647664902
counter/10/0/0/0,6903:1747647654709:,1747647664902
counter/10/0/0/0,6904:1747647654709:,1747647664902
counter/10/0/0/0,6905:1747647654709:,1747647664902
counter/1/0/0/0,8272:1747647656374:,1747647664902
counter/5/0/0/0,7556:1747647655413:,1747647664903
counter/9/0/0/0,8044:1747647655652:,1747647664903
counter/10/0/0/0,6906:1747647654709:,1747647664903
counter/4/0/0/0,7563:1747647656010:,1747647664904
counter/1/0/0/0,8273:1747647656374:,1747647664904
counter/2/0/0/0,7301:1747647654429:,1747647664904
counter/4/0/0/0,7564:1747647656010:,1747647664905
counter/7/0/0/0,7331:1747647655344:,1747647664905
counter/7/0/0/0,7332:1747647655344:,1747647664905
counter/6/0/0/0,6812:1747647655261:,1747647664905
counter/9/0/0/0,8045:1747647655652:,1747647664905
counter/9/0/0/0,8046:1747647655652:,1747647664905
counter/10/0/0/0,6907:1747647654709:,1747647664905
counter/10/0/0/0,6908:1747647654709:,1747647664905
counter/9/0/0/0,8047:1747647655653:,1747647664906
counter/8/0/0/0,7746:1747647655172:,1747647664906
counter/8/0/0/0,7747:1747647655172:,1747647664907
counter/8/0/0/0,7748:1747647655172:,1747647664907
counter/8/0/0/0,7749:1747647655172:,1747647664907
counter/3/0/0/0,7887:1747647655582:,1747647664907
counter/3/0/0/0,7888:1747647655582:,1747647664907
counter/3/0/0/0,7889:1747647655582:,1747647664907
counter/3/0/0/0,7890:1747647655582:,1747647664907
counter/3/0/0/0,7891:1747647655582:,1747647664907
counter/3/0/0/0,7892:1747647655582:,1747647664907
counter/3/0/0/0,7893:1747647655582:,1747647664907
counter/8/0/0/0,7750:1747647655172:,1747647664907
counter/3/0/0/0,7894:1747647655582:,1747647664908
counter/3/0/0/0,7895:1747647655587:,1747647664908
counter/3/0/0/0,7896:1747647655587:,1747647664908
counter/9/0/0/0,8048:1747647655653:,1747647664908
counter/6/0/0/0,6813:1747647655261:,1747647664908
counter/6/0/0/0,6814:1747647655261:,1747647664908
counter/6/0/0/0,6815:1747647655261:,1747647664908
counter/6/0/0/0,6816:1747647655261:,1747647664908
counter/6/0/0/0,6817:1747647655261:,1747647664908
counter/4/0/0/0,7565:1747647656010:,1747647664908
counter/6/0/0/0,6818:1747647655261:,1747647664908
counter/2/0/0/0,7302:1747647654429:,1747647664911
counter/2/0/0/0,7303:1747647654429:,1747647664911
counter/2/0/0/0,7304:1747647654429:,1747647664911
counter/2/0/0/0,7305:1747647654429:,1747647664911
counter/2/0/0/0,7306:1747647654429:,1747647664911
counter/2/0/0/0,7307:1747647654429:,1747647664911
counter/2/0/0/0,7308:1747647654429:,1747647664912
counter/7/0/0/0,7333:1747647655344:,1747647664912
counter/7/0/0/0,7334:1747647655344:,1747647664912
counter/8/0/0/0,7751:1747647655172:,1747647664912
counter/9/0/0/0,8049:1747647655653:,1747647664912
counter/10/0/0/0,6909:1747647654709:,1747647664914
counter/10/0/0/0,6910:1747647654713:,1747647664914
counter/8/0/0/0,7752:1747647655173:,1747647664914
counter/10/0/0/0,6911:1747647654713:,1747647664914
counter/8/0/0/0,7753:1747647655173:,1747647664914
counter/8/0/0/0,7754:1747647655173:,1747647664914
counter/8/0/0/0,7755:1747647655173:,1747647664914
counter/8/0/0/0,7756:1747647655173:,1747647664914
counter/8/0/0/0,7757:1747647655173:,1747647664914
counter/9/0/0/0,8050:1747647655653:,1747647664915
counter/2/0/0/0,7309:1747647654429:,1747647664915
counter/9/0/0/0,8051:1747647655653:,1747647664915
counter/8/0/0/0,7758:1747647655173:,1747647664915
counter/10/0/0/0,6912:1747647654713:,1747647664915
counter/1/0/0/0,8274:1747647656374:,1747647664915
counter/1/0/0/0,8275:1747647656374:,1747647664915
counter/1/0/0/0,8276:1747647656374:,1747647664915
counter/2/0/0/0,7310:1747647654429:,1747647664915
counter/2/0/0/0,7311:1747647654429:,1747647664915
counter/2/0/0/0,7312:1747647654429:,1747647664915
counter/2/0/0/0,7313:1747647654429:,1747647664915
counter/9/0/0/0,8052:1747647655653:,1747647664916
counter/9/0/0/0,8053:1747647655653:,1747647664916
counter/9/0/0/0,8054:1747647655653:,1747647664917
counter/9/0/0/0,8055:1747647655653:,1747647664917
counter/9/0/0/0,8056:1747647655653:,1747647664917
counter/9/0/0/0,8057:1747647655653:,1747647664917
counter/9/0/0/0,8058:1747647655653:,1747647664917
counter/10/0/0/0,6913:1747647654713:,1747647664917
counter/2/0/0/0,7314:1747647654429:,1747647664917
counter/6/0/0/0,6819:1747647655261:,1747647664918
counter/6/0/0/0,6820:1747647655261:,1747647664918
counter/9/0/0/0,8059:1747647655653:,1747647664918
counter/6/0/0/0,6821:1747647655261:,1747647664918
counter/6/0/0/0,6822:1747647655261:,1747647664918
counter/6/0/0/0,6823:1747647655261:,1747647664918
counter/6/0/0/0,6824:1747647655261:,1747647664918
counter/2/0/0/0,7315:1747647654431:,1747647664919
counter/2/0/0/0,7316:1747647654431:,1747647664919
counter/6/0/0/0,6825:1747647655261:,1747647664919
counter/6/0/0/0,6826:1747647655261:,1747647664919
counter/6/0/0/0,6827:1747647655261:,1747647664919
counter/6/0/0/0,6828:1747647655276:,1747647664919
counter/6/0/0/0,6829:1747647655276:,1747647664919
counter/6/0/0/0,6830:1747647655276:,1747647664919
counter/1/0/0/0,8277:1747647656379:,1747647664919
counter/7/0/0/0,7335:1747647655344:,1747647664920
counter/7/0/0/0,7336:1747647655344:,1747647664921
counter/7/0/0/0,7337:1747647655344:,1747647664921
counter/7/0/0/0,7338:1747647655349:,1747647664921
counter/7/0/0/0,7339:1747647655349:,1747647664921
counter/7/0/0/0,7340:1747647655349:,1747647664921
counter/7/0/0/0,7341:1747647655349:,1747647664921
counter/9/0/0/0,8060:1747647655653:,1747647664921
counter/7/0/0/0,7342:1747647655360:,1747647664921
counter/7/0/0/0,7343:1747647655361:,1747647664921
counter/9/0/0/0,8061:1747647655654:,1747647664922
counter/3/0/0/0,7897:1747647655587:,1747647664922
counter/3/0/0/0,7898:1747647655587:,1747647664922
counter/3/0/0/0,7899:1747647655587:,1747647664922
counter/5/0/0/0,7557:1747647655413:,1747647664923
counter/3/0/0/0,7900:1747647655587:,1747647664925
counter/10/0/0/0,6914:1747647654713:,1747647664925
counter/10/0/0/0,6915:1747647654713:,1747647664925
counter/10/0/0/0,6916:1747647654713:,1747647664925
counter/10/0/0/0,6917:1747647654713:,1747647664925
counter/10/0/0/0,6918:1747647654713:,1747647664925
counter/10/0/0/0,6919:1747647654713:,1747647664925
counter/10/0/0/0,6920:1747647654713:,1747647664925
counter/10/0/0/0,6921:1747647654713:,1747647664925
counter/1/0/0/0,8278:1747647656379:,1747647664925
counter/7/0/0/0,7344:1747647655383:,1747647664925
counter/10/0/0/0,6922:1747647654713:,1747647664925
counter/7/0/0/0,7345:1747647655383:,1747647664926
counter/10/0/0/0,6923:1747647654713:,1747647664926
counter/10/0/0/0,6924:1747647654722:,1747647664926
counter/10/0/0/0,6925:1747647654722:,1747647664926
counter/10/0/0/0,6926:1747647654722:,1747647664926
counter/10/0/0/0,6927:1747647654722:,1747647664926
counter/10/0/0/0,6928:1747647654722:,1747647664926
counter/10/0/0/0,6929:1747647654722:,1747647664926
counter/10/0/0/0,6930:1747647654722:,1747647664926
counter/10/0/0/0,6931:1747647654722:,1747647664926
counter/9/0/0/0,8062:1747647655654:,1747647664927
counter/6/0/0/0,6831:1747647655276:,1747647664928
counter/6/0/0/0,6832:1747647655276:,1747647664928
counter/6/0/0/0,6833:1747647655276:,1747647664928
counter/6/0/0/0,6834:1747647655276:,1747647664928
counter/6/0/0/0,6835:1747647655276:,1747647664928
counter/6/0/0/0,6836:1747647655276:,1747647664928
counter/6/0/0/0,6837:1747647655276:,1747647664928
counter/6/0/0/0,6838:1747647655277:,1747647664928
counter/6/0/0/0,6839:1747647655277:,1747647664928
counter/6/0/0/0,6840:1747647655277:,1747647664929
counter/6/0/0/0,6841:1747647655277:,1747647664929
counter/1/0/0/0,8279:1747647656379:,1747647664929
counter/1/0/0/0,8280:1747647656379:,1747647664929
counter/1/0/0/0,8281:1747647656379:,1747647664929
counter/1/0/0/0,8282:1747647656379:,1747647664929
counter/9/0/0/0,8063:1747647655654:,1747647664929
counter/5/0/0/0,7558:1747647655413:,1747647664929
counter/5/0/0/0,7559:1747647655414:,1747647664929
counter/5/0/0/0,7560:1747647655414:,1747647664929
counter/5/0/0/0,7561:1747647655414:,1747647664929
counter/5/0/0/0,7562:1747647655416:,1747647664929
counter/5/0/0/0,7563:1747647655416:,1747647664929
counter/5/0/0/0,7564:1747647655416:,1747647664929
counter/5/0/0/0,7565:1747647655416:,1747647664930
counter/5/0/0/0,7566:1747647655416:,1747647664930
counter/5/0/0/0,7567:1747647655416:,1747647664930
counter/5/0/0/0,7568:1747647655416:,1747647664930
counter/5/0/0/0,7569:1747647655417:,1747647664930
counter/5/0/0/0,7570:1747647655417:,1747647664930
counter/1/0/0/0,8283:1747647656379:,1747647664930
counter/9/0/0/0,8064:1747647655654:,1747647664930
counter/7/0/0/0,7346:1747647655383:,1747647664930
counter/7/0/0/0,7347:1747647655383:,1747647664930
counter/7/0/0/0,7348:1747647655383:,1747647664930
counter/7/0/0/0,7349:1747647655383:,1747647664931
counter/7/0/0/0,7350:1747647655383:,1747647664931
counter/7/0/0/0,7351:1747647655383:,1747647664931
counter/7/0/0/0,7352:1747647655383:,1747647664931
counter/7/0/0/0,7353:1747647655383:,1747647664931
counter/7/0/0/0,7354:1747647655384:,1747647664931
counter/7/0/0/0,7355:1747647655384:,1747647664931
counter/7/0/0/0,7356:1747647655384:,1747647664931
counter/9/0/0/0,8065:1747647655654:,1747647664931
counter/5/0/0/0,7571:1747647655417:,1747647664931
counter/8/0/0/0,7759:1747647655173:,1747647664931
counter/6/0/0/0,6842:1747647655277:,1747647664931
counter/6/0/0/0,6843:1747647655277:,1747647664931
counter/6/0/0/0,6844:1747647655281:,1747647664931
counter/6/0/0/0,6845:1747647655282:,1747647664931
counter/6/0/0/0,6846:1747647655282:,1747647664931
counter/7/0/0/0,7357:1747647655384:,1747647664932
counter/7/0/0/0,7358:1747647655384:,1747647664932
counter/7/0/0/0,7359:1747647655384:,1747647664932
counter/6/0/0/0,6847:1747647655282:,1747647664932
counter/6/0/0/0,6848:1747647655282:,1747647664932
counter/6/0/0/0,6849:1747647655282:,1747647664932
counter/6/0/0/0,6850:1747647655282:,1747647664932
counter/6/0/0/0,6851:1747647655282:,1747647664932
counter/6/0/0/0,6852:1747647655282:,1747647664932
counter/7/0/0/0,7360:1747647655384:,1747647664932
counter/6/0/0/0,6853:1747647655282:,1747647664932
counter/7/0/0/0,7361:1747647655384:,1747647664932
counter/6/0/0/0,6854:1747647655282:,1747647664932
counter/7/0/0/0,7362:1747647655384:,1747647664932
counter/6/0/0/0,6855:1747647655282:,1747647664933
counter/7/0/0/0,7363:1747647655384:,1747647664933
counter/7/0/0/0,7364:1747647655384:,1747647664933
counter/8/0/0/0,7760:1747647655173:,1747647664933
counter/7/0/0/0,7365:1747647655384:,1747647664933
counter/3/0/0/0,7901:1747647655587:,1747647664933
counter/1/0/0/0,8284:1747647656379:,1747647664934
counter/3/0/0/0,7902:1747647655587:,1747647664937
counter/3/0/0/0,7903:1747647655587:,1747647664937
counter/3/0/0/0,7904:1747647655587:,1747647664937
counter/2/0/0/0,7317:1747647654431:,1747647664938
counter/2/0/0/0,7318:1747647654431:,1747647664938
counter/3/0/0/0,7905:1747647655587:,1747647664938
counter/2/0/0/0,7319:1747647654432:,1747647664938
counter/2/0/0/0,7320:1747647654432:,1747647664938
counter/2/0/0/0,7321:1747647654432:,1747647664938
counter/2/0/0/0,7322:1747647654432:,1747647664938
counter/2/0/0/0,7323:1747647654432:,1747647664938
counter/2/0/0/0,7324:1747647654432:,1747647664938
counter/7/0/0/0,7366:1747647655387:,1747647664938
counter/2/0/0/0,7325:1747647654432:,1747647664938
counter/3/0/0/0,7906:1747647655587:,1747647664938
counter/3/0/0/0,7907:1747647655587:,1747647664938
counter/3/0/0/0,7908:1747647655587:,1747647664938
counter/3/0/0/0,7909:1747647655587:,1747647664938
counter/3/0/0/0,7910:1747647655587:,1747647664938
counter/5/0/0/0,7572:1747647655442:,1747647664939
counter/5/0/0/0,7573:1747647655442:,1747647664939
counter/7/0/0/0,7367:1747647655388:,1747647664939
counter/7/0/0/0,7368:1747647655388:,1747647664939
counter/7/0/0/0,7369:1747647655388:,1747647664940
counter/6/0/0/0,6856:1747647655282:,1747647664940
counter/6/0/0/0,6857:1747647655282:,1747647664940
counter/6/0/0/0,6858:1747647655282:,1747647664940
counter/6/0/0/0,6859:1747647655282:,1747647664940
counter/6/0/0/0,6860:1747647655283:,1747647664940
counter/3/0/0/0,7911:1747647655592:,1747647664940
counter/1/0/0/0,8285:1747647656379:,1747647664940
counter/3/0/0/0,7912:1747647655592:,1747647664940
counter/3/0/0/0,7913:1747647655592:,1747647664940
counter/3/0/0/0,7914:1747647655592:,1747647664940
counter/3/0/0/0,7915:1747647655592:,1747647664940
counter/3/0/0/0,7916:1747647655592:,1747647664940
counter/3/0/0/0,7917:1747647655592:,1747647664940
counter/3/0/0/0,7918:1747647655592:,1747647664940
counter/3/0/0/0,7919:1747647655592:,1747647664940
counter/3/0/0/0,7920:1747647655592:,1747647664940
counter/3/0/0/0,7921:1747647655592:,1747647664940
counter/4/0/0/0,7566:1747647656010:,1747647664940
counter/3/0/0/0,7922:1747647655592:,1747647664940
counter/4/0/0/0,7567:1747647656010:,1747647664940
counter/1/0/0/0,8286:1747647656379:,1747647664941
counter/3/0/0/0,7923:1747647655592:,1747647664941
counter/3/0/0/0,7924:1747647655592:,1747647664941
counter/3/0/0/0,7925:1747647655599:,1747647664941
counter/3/0/0/0,7926:1747647655599:,1747647664941
counter/3/0/0/0,7927:1747647655600:,1747647664941
counter/3/0/0/0,7928:1747647655600:,1747647664941
counter/9/0/0/0,8066:1747647655654:,1747647664941
counter/3/0/0/0,7929:1747647655600:,1747647664941
counter/3/0/0/0,7930:1747647655600:,1747647664941
counter/9/0/0/0,8067:1747647655654:,1747647664942
counter/9/0/0/0,8068:1747647655654:,1747647664942
counter/2/0/0/0,7326:1747647654432:,1747647664942
counter/2/0/0/0,7327:1747647654438:,1747647664942
counter/2/0/0/0,7328:1747647654438:,1747647664942
counter/2/0/0/0,7329:1747647654438:,1747647664943
counter/2/0/0/0,7330:1747647654438:,1747647664943
counter/2/0/0/0,7331:1747647654438:,1747647664943
counter/1/0/0/0,8287:1747647656379:,1747647664943
counter/10/0/0/0,6932:1747647654722:,1747647664943
counter/8/0/0/0,7761:1747647655173:,1747647664943
counter/6/0/0/0,6861:1747647655289:,1747647664943
counter/6/0/0/0,6862:1747647655289:,1747647664943
counter/3/0/0/0,7931:1747647655600:,1747647664943
counter/3/0/0/0,7932:1747647655600:,1747647664943
counter/3/0/0/0,7933:1747647655600:,1747647664943
counter/3/0/0/0,7934:1747647655600:,1747647664943
counter/3/0/0/0,7935:1747647655600:,1747647664943
counter/3/0/0/0,7936:1747647655600:,1747647664943
counter/3/0/0/0,7937:1747647655600:,1747647664943
counter/5/0/0/0,7574:1747647655442:,1747647664943
counter/2/0/0/0,7332:1747647654445:,1747647664943
counter/7/0/0/0,7370:1747647655388:,1747647664943
counter/3/0/0/0,7938:1747647655600:,1747647664944
counter/5/0/0/0,7575:1747647655442:,1747647664945
counter/5/0/0/0,7576:1747647655442:,1747647664945
counter/5/0/0/0,7577:1747647655442:,1747647664945
counter/8/0/0/0,7762:1747647655173:,1747647664945
counter/8/0/0/0,7763:1747647655173:,1747647664945
counter/8/0/0/0,7764:1747647655173:,1747647664945
counter/8/0/0/0,7765:1747647655173:,1747647664945
counter/8/0/0/0,7766:1747647655189:,1747647664945
counter/8/0/0/0,7767:1747647655189:,1747647664945
counter/8/0/0/0,7768:1747647655189:,1747647664945
counter/9/0/0/0,8069:1747647655654:,1747647664945
counter/9/0/0/0,8070:1747647655654:,1747647664945
counter/9/0/0/0,8071:1747647655654:,1747647664945
counter/9/0/0/0,8072:1747647655668:,1747647664945
counter/9/0/0/0,8073:1747647655668:,1747647664945
counter/6/0/0/0,6863:1747647655289:,1747647664945
counter/8/0/0/0,7769:1747647655189:,1747647664945
counter/10/0/0/0,6933:1747647654722:,1747647664945
counter/10/0/0/0,6934:1747647654722:,1747647664945
counter/10/0/0/0,6935:1747647654722:,1747647664946
counter/10/0/0/0,6936:1747647654722:,1747647664946
counter/10/0/0/0,6937:1747647654722:,1747647664946
counter/10/0/0/0,6938:1747647654722:,1747647664946
counter/10/0/0/0,6939:1747647654729:,1747647664946
counter/10/0/0/0,6940:1747647654729:,1747647664946
counter/10/0/0/0,6941:1747647654729:,1747647664946
counter/10/0/0/0,6942:1747647654744:,1747647664946
counter/9/0/0/0,8074:1747647655668:,1747647664949
counter/9/0/0/0,8075:1747647655668:,1747647664949
counter/9/0/0/0,8076:1747647655668:,1747647664949
counter/9/0/0/0,8077:1747647655668:,1747647664949
counter/9/0/0/0,8078:1747647655676:,1747647664949
counter/9/0/0/0,8079:1747647655676:,1747647664949
counter/9/0/0/0,8080:1747647655676:,1747647664949
counter/10/0/0/0,6943:1747647654744:,1747647664949
counter/10/0/0/0,6944:1747647654744:,1747647664949
counter/10/0/0/0,6945:1747647654744:,1747647664949
counter/10/0/0/0,6946:1747647654744:,1747647664949
counter/10/0/0/0,6947:1747647654744:,1747647664950
counter/10/0/0/0,6948:1747647654745:,1747647664950
counter/10/0/0/0,6949:1747647654745:,1747647664950
counter/10/0/0/0,6950:1747647654745:,1747647664950
counter/10/0/0/0,6951:1747647654745:,1747647664950
counter/10/0/0/0,6952:1747647654745:,1747647664950
counter/10/0/0/0,6953:1747647654745:,1747647664950
counter/10/0/0/0,6954:1747647654745:,1747647664950
counter/7/0/0/0,7371:1747647655388:,1747647664950
counter/7/0/0/0,7372:1747647655388:,1747647664950
counter/7/0/0/0,7373:1747647655388:,1747647664950
counter/9/0/0/0,8081:1747647655676:,1747647664950
counter/9/0/0/0,8082:1747647655676:,1747647664950
counter/8/0/0/0,7770:1747647655189:,1747647664951
counter/8/0/0/0,7771:1747647655189:,1747647664951
counter/8/0/0/0,7772:1747647655189:,1747647664951
counter/8/0/0/0,7773:1747647655190:,1747647664951
counter/8/0/0/0,7774:1747647655190:,1747647664951
counter/8/0/0/0,7775:1747647655190:,1747647664951
counter/8/0/0/0,7776:1747647655190:,1747647664951
counter/8/0/0/0,7777:1747647655190:,1747647664951
counter/8/0/0/0,7778:1747647655190:,1747647664951
counter/10/0/0/0,6955:1747647654745:,1747647664951
counter/10/0/0/0,6956:1747647654748:,1747647664951
counter/10/0/0/0,6957:1747647654748:,1747647664951
counter/10/0/0/0,6958:1747647654748:,1747647664951
counter/10/0/0/0,6959:1747647654748:,1747647664951
counter/10/0/0/0,6960:1747647654748:,1747647664951
counter/10/0/0/0,6961:1747647654748:,1747647664951
counter/2/0/0/0,7333:1747647654445:,1747647664952
counter/2/0/0/0,7334:1747647654445:,1747647664952
counter/8/0/0/0,7779:1747647655190:,1747647664952
counter/4/0/0/0,7568:1747647656010:,1747647664953
counter/4/0/0/0,7569:1747647656010:,1747647664953
counter/4/0/0/0,7570:1747647656010:,1747647664953
counter/4/0/0/0,7571:1747647656010:,1747647664953
counter/4/0/0/0,7572:1747647656010:,1747647664953
counter/9/0/0/0,8083:1747647655676:,1747647664953
counter/2/0/0/0,7335:1747647654445:,1747647664953
counter/9/0/0/0,8084:1747647655676:,1747647664953
counter/1/0/0/0,8288:1747647656379:,1747647664953
counter/10/0/0/0,6962:1747647654749:,1747647664953
counter/10/0/0/0,6963:1747647654749:,1747647664954
counter/10/0/0/0,6964:1747647654749:,1747647664954
counter/10/0/0/0,6965:1747647654749:,1747647664954
counter/10/0/0/0,6966:1747647654749:,1747647664954
counter/6/0/0/0,6864:1747647655289:,1747647664954
counter/7/0/0/0,7374:1747647655388:,1747647664955
counter/7/0/0/0,7375:1747647655388:,1747647664955
counter/7/0/0/0,7376:1747647655388:,1747647664955
counter/7/0/0/0,7377:1747647655388:,1747647664955
counter/7/0/0/0,7378:1747647655388:,1747647664955
counter/7/0/0/0,7379:1747647655388:,1747647664955
counter/1/0/0/0,8289:1747647656379:,1747647664955
counter/5/0/0/0,7578:1747647655442:,1747647664955
counter/2/0/0/0,7336:1747647654445:,1747647664955
counter/6/0/0/0,6865:1747647655289:,1747647664956
counter/7/0/0/0,7380:1747647655388:,1747647664956
counter/7/0/0/0,7381:1747647655388:,1747647664956
counter/7/0/0/0,7382:1747647655388:,1747647664956
counter/7/0/0/0,7383:1747647655388:,1747647664956
counter/7/0/0/0,7384:1747647655388:,1747647664956
counter/7/0/0/0,7385:1747647655388:,1747647664956
counter/7/0/0/0,7386:1747647655388:,1747647664956
counter/7/0/0/0,7387:1747647655388:,1747647664957
counter/7/0/0/0,7388:1747647655388:,1747647664957
counter/4/0/0/0,7573:1747647656010:,1747647664957
counter/2/0/0/0,7337:1747647654445:,1747647664957
counter/5/0/0/0,7579:1747647655442:,1747647664958
counter/5/0/0/0,7580:1747647655442:,1747647664958
counter/5/0/0/0,7581:1747647655442:,1747647664958
counter/5/0/0/0,7582:1747647655442:,1747647664958
counter/5/0/0/0,7583:1747647655449:,1747647664958
counter/5/0/0/0,7584:1747647655449:,1747647664958
counter/5/0/0/0,7585:1747647655449:,1747647664958
counter/5/0/0/0,7586:1747647655449:,1747647664958
counter/5/0/0/0,7587:1747647655449:,1747647664958
counter/5/0/0/0,7588:1747647655449:,1747647664958
counter/5/0/0/0,7589:1747647655449:,1747647664958
counter/1/0/0/0,8290:1747647656379:,1747647664958
counter/8/0/0/0,7780:1747647655190:,1747647664958
counter/7/0/0/0,7389:1747647655388:,1747647664959
counter/7/0/0/0,7390:1747647655388:,1747647664959
counter/7/0/0/0,7391:1747647655388:,1747647664959
counter/7/0/0/0,7392:1747647655388:,1747647664959
counter/7/0/0/0,7393:1747647655388:,1747647664959
counter/7/0/0/0,7394:1747647655389:,1747647664960
counter/7/0/0/0,7395:1747647655389:,1747647664960
counter/7/0/0/0,7396:1747647655389:,1747647664960
counter/7/0/0/0,7397:1747647655389:,1747647664960
counter/7/0/0/0,7398:1747647655389:,1747647664960
counter/7/0/0/0,7399:1747647655389:,1747647664960
counter/7/0/0/0,7400:1747647655389:,1747647664960
counter/7/0/0/0,7401:1747647655389:,1747647664960
counter/2/0/0/0,7338:1747647654445:,1747647664960
counter/7/0/0/0,7402:1747647655389:,1747647664960
counter/7/0/0/0,7403:1747647655389:,1747647664960
counter/4/0/0/0,7574:1747647656011:,1747647664960
counter/1/0/0/0,8291:1747647656379:,1747647664960
counter/8/0/0/0,7781:1747647655190:,1747647664960
counter/8/0/0/0,7782:1747647655190:,1747647664960
counter/8/0/0/0,7783:1747647655198:,1747647664960
counter/8/0/0/0,7784:1747647655198:,1747647664960
counter/8/0/0/0,7785:1747647655198:,1747647664960
counter/6/0/0/0,6866:1747647655289:,1747647664960
counter/3/0/0/0,7939:1747647655600:,1747647664960
counter/9/0/0/0,8085:1747647655676:,1747647664960
counter/4/0/0/0,7575:1747647656011:,1747647664960
counter/4/0/0/0,7576:1747647656011:,1747647664960
counter/4/0/0/0,7577:1747647656013:,1747647664960
counter/4/0/0/0,7578:1747647656013:,1747647664960
counter/4/0/0/0,7579:1747647656013:,1747647664960
counter/1/0/0/0,8292:1747647656379:,1747647664960
counter/2/0/0/0,7339:1747647654445:,1747647664961
counter/2/0/0/0,7340:1747647654446:,1747647664961
counter/2/0/0/0,7341:1747647654446:,1747647664962
counter/10/0/0/0,6967:1747647654751:,1747647664962
counter/2/0/0/0,7342:1747647654446:,1747647664962
counter/2/0/0/0,7343:1747647654446:,1747647664962
counter/2/0/0/0,7344:1747647654446:,1747647664962
counter/7/0/0/0,7404:1747647655389:,1747647664963
counter/7/0/0/0,7405:1747647655400:,1747647664963
counter/7/0/0/0,7406:1747647655400:,1747647664963
counter/7/0/0/0,7407:1747647655400:,1747647664963
counter/7/0/0/0,7408:1747647655400:,1747647664963
counter/8/0/0/0,7786:1747647655198:,1747647664963
counter/3/0/0/0,7940:1747647655610:,1747647664963
counter/8/0/0/0,7787:1747647655198:,1747647664963
counter/3/0/0/0,7941:1747647655610:,1747647664963
counter/3/0/0/0,7942:1747647655610:,1747647664963
counter/10/0/0/0,6968:1747647654751:,1747647664966
counter/3/0/0/0,7943:1747647655610:,1747647664966
counter/5/0/0/0,7590:1747647655449:,1747647664967
counter/5/0/0/0,7591:1747647655449:,1747647664968
counter/5/0/0/0,7592:1747647655449:,1747647664968
counter/5/0/0/0,7593:1747647655449:,1747647664968
counter/5/0/0/0,7594:1747647655449:,1747647664968
counter/5/0/0/0,7595:1747647655451:,1747647664968
counter/5/0/0/0,7596:1747647655451:,1747647664968
counter/5/0/0/0,7597:1747647655451:,1747647664968
counter/5/0/0/0,7598:1747647655451:,1747647664968
counter/5/0/0/0,7599:1747647655451:,1747647664968
counter/5/0/0/0,7600:1747647655451:,1747647664968
counter/5/0/0/0,7601:1747647655451:,1747647664968
counter/5/0/0/0,7602:1747647655451:,1747647664968
counter/5/0/0/0,7603:1747647655451:,1747647664968
counter/1/0/0/0,8293:1747647656379:,1747647664968
counter/1/0/0/0,8294:1747647656379:,1747647664968
counter/7/0/0/0,7409:1747647655410:,1747647664969
counter/7/0/0/0,7410:1747647655410:,1747647664969
counter/7/0/0/0,7411:1747647655410:,1747647664970
counter/7/0/0/0,7412:1747647655410:,1747647664970
counter/7/0/0/0,7413:1747647655415:,1747647664971
counter/7/0/0/0,7414:1747647655415:,1747647664971
counter/7/0/0/0,7415:1747647655415:,1747647664971
counter/7/0/0/0,7416:1747647655415:,1747647664971
counter/3/0/0/0,7944:1747647655610:,1747647664971
counter/9/0/0/0,8086:1747647655676:,1747647664972
counter/7/0/0/0,7417:1747647655415:,1747647664972
counter/9/0/0/0,8087:1747647655676:,1747647664973
counter/10/0/0/0,6969:1747647654751:,1747647664975
counter/8/0/0/0,7788:1747647655198:,1747647664975
counter/8/0/0/0,7789:1747647655198:,1747647664975
counter/8/0/0/0,7790:1747647655198:,1747647664975
counter/8/0/0/0,7791:1747647655198:,1747647664975
counter/8/0/0/0,7792:1747647655198:,1747647664975
counter/9/0/0/0,8088:1747647655676:,1747647664975
counter/9/0/0/0,8089:1747647655676:,1747647664975
counter/2/0/0/0,7345:1747647654446:,1747647664975
counter/2/0/0/0,7346:1747647654446:,1747647664975
counter/2/0/0/0,7347:1747647654446:,1747647664975
counter/2/0/0/0,7348:1747647654446:,1747647664975
counter/2/0/0/0,7349:1747647654446:,1747647664975
counter/2/0/0/0,7350:1747647654453:,1747647664975
counter/2/0/0/0,7351:1747647654454:,1747647664975
counter/5/0/0/0,7604:1747647655451:,1747647664975
counter/5/0/0/0,7605:1747647655452:,1747647664975
counter/5/0/0/0,7606:1747647655452:,1747647664975
counter/7/0/0/0,7418:1747647655415:,1747647664975
counter/10/0/0/0,6970:1747647654752:,1747647664975
counter/2/0/0/0,7352:1747647654454:,1747647664976
counter/9/0/0/0,8090:1747647655676:,1747647664976
counter/9/0/0/0,8091:1747647655676:,1747647664977
counter/8/0/0/0,7793:1747647655198:,1747647664977
counter/8/0/0/0,7794:1747647655199:,1747647664977
counter/8/0/0/0,7795:1747647655199:,1747647664977
counter/1/0/0/0,8295:1747647656379:,1747647664977
counter/1/0/0/0,8296:1747647656384:,1747647664977
counter/1/0/0/0,8297:1747647656385:,1747647664977
counter/1/0/0/0,8298:1747647656385:,1747647664977
counter/1/0/0/0,8299:1747647656385:,1747647664977
counter/1/0/0/0,8300:1747647656385:,1747647664977
counter/1/0/0/0,8301:1747647656385:,1747647664977
counter/1/0/0/0,8302:1747647656385:,1747647664977
counter/10/0/0/0,6971:1747647654755:,1747647664978
counter/10/0/0/0,6972:1747647654755:,1747647664978
counter/10/0/0/0,6973:1747647654755:,1747647664978
counter/10/0/0/0,6974:1747647654755:,1747647664978
counter/10/0/0/0,6975:1747647654755:,1747647664978
counter/10/0/0/0,6976:1747647654755:,1747647664978
counter/10/0/0/0,6977:1747647654755:,1747647664978
counter/10/0/0/0,6978:1747647654755:,1747647664978
counter/10/0/0/0,6979:1747647654755:,1747647664978
counter/7/0/0/0,7419:1747647655415:,1747647664978
counter/7/0/0/0,7420:1747647655415:,1747647664978
counter/7/0/0/0,7421:1747647655415:,1747647664978
counter/7/0/0/0,7422:1747647655415:,1747647664978
counter/7/0/0/0,7423:1747647655415:,1747647664978
counter/7/0/0/0,7424:1747647655416:,1747647664978
counter/7/0/0/0,7425:1747647655416:,1747647664979
counter/7/0/0/0,7426:1747647655416:,1747647664979
counter/7/0/0/0,7427:1747647655416:,1747647664979
counter/7/0/0/0,7428:1747647655416:,1747647664979
counter/5/0/0/0,7607:1747647655452:,1747647664979
counter/7/0/0/0,7429:1747647655426:,1747647664979
counter/3/0/0/0,7945:1747647655610:,1747647664979
counter/7/0/0/0,7430:1747647655426:,1747647664979
counter/3/0/0/0,7946:1747647655623:,1747647664979
counter/7/0/0/0,7431:1747647655426:,1747647664979
counter/3/0/0/0,7947:1747647655623:,1747647664979
counter/3/0/0/0,7948:1747647655623:,1747647664979
counter/3/0/0/0,7949:1747647655623:,1747647664979
counter/3/0/0/0,7950:1747647655623:,1747647664979
counter/4/0/0/0,7580:1747647656013:,1747647664980
counter/6/0/0/0,6867:1747647655289:,1747647664981
counter/7/0/0/0,7432:1747647655426:,1747647664982
counter/2/0/0/0,7353:1747647654455:,1747647664983
counter/10/0/0/0,6980:1747647654755:,1747647664984
counter/2/0/0/0,7354:1747647654455:,1747647664984
counter/2/0/0/0,7355:1747647654455:,1747647664984
counter/2/0/0/0,7356:1747647654455:,1747647664984
counter/2/0/0/0,7357:1747647654459:,1747647664984
counter/2/0/0/0,7358:1747647654459:,1747647664984
counter/2/0/0/0,7359:1747647654463:,1747647664984
counter/2/0/0/0,7360:1747647654464:,1747647664984
counter/2/0/0/0,7361:1747647654464:,1747647664984
counter/5/0/0/0,7608:1747647655458:,1747647664985
counter/4/0/0/0,7581:1747647656013:,1747647664986
counter/4/0/0/0,7582:1747647656013:,1747647664986
counter/3/0/0/0,7951:1747647655640:,1747647664986
counter/3/0/0/0,7952:1747647655640:,1747647664986
counter/3/0/0/0,7953:1747647655640:,1747647664986
counter/3/0/0/0,7954:1747647655641:,1747647664986
counter/3/0/0/0,7955:1747647655641:,1747647664986
counter/3/0/0/0,7956:1747647655641:,1747647664986
counter/10/0/0/0,6981:1747647654755:,1747647664986
counter/3/0/0/0,7957:1747647655641:,1747647664987
counter/1/0/0/0,8303:1747647656386:,1747647664987
counter/3/0/0/0,7958:1747647655641:,1747647664987
counter/3/0/0/0,7959:1747647655641:,1747647664987
counter/10/0/0/0,6982:1747647654755:,1747647664987
counter/2/0/0/0,7362:1747647654464:,1747647664987
counter/4/0/0/0,7583:1747647656013:,1747647664987
counter/9/0/0/0,8092:1747647655689:,1747647664988
counter/7/0/0/0,7433:1747647655426:,1747647664988
counter/8/0/0/0,7796:1747647655199:,1747647664989
counter/8/0/0/0,7797:1747647655199:,1747647664989
counter/1/0/0/0,8304:1747647656386:,1747647664989
counter/2/0/0/0,7363:1747647654464:,1747647664989
counter/4/0/0/0,7584:1747647656013:,1747647664989
counter/6/0/0/0,6868:1747647655289:,1747647664989
counter/6/0/0/0,6869:1747647655289:,1747647664989
counter/6/0/0/0,6870:1747647655289:,1747647664989
counter/6/0/0/0,6871:1747647655302:,1747647664989
counter/9/0/0/0,8093:1747647655689:,1747647664990
counter/2/0/0/0,7364:1747647654464:,1747647664990
counter/9/0/0/0,8094:1747647655689:,1747647664990
counter/3/0/0/0,7960:1747647655641:,1747647664991
counter/9/0/0/0,8095:1747647655689:,1747647664991
counter/8/0/0/0,7798:1747647655199:,1747647664992
counter/6/0/0/0,6872:1747647655302:,1747647664992
counter/9/0/0/0,8096:1747647655689:,1747647664992
counter/9/0/0/0,8097:1747647655689:,1747647664993
counter/9/0/0/0,8098:1747647655689:,1747647664993
counter/9/0/0/0,8099:1747647655698:,1747647664993
counter/9/0/0/0,8100:1747647655698:,1747647664993
counter/9/0/0/0,8101:1747647655698:,1747647664993
counter/9/0/0/0,8102:1747647655698:,1747647664993
counter/3/0/0/0,7961:1747647655641:,1747647664993
counter/3/0/0/0,7962:1747647655641:,1747647664993
counter/3/0/0/0,7963:1747647655641:,1747647664993
counter/8/0/0/0,7799:1747647655199:,1747647664994
counter/5/0/0/0,7609:1747647655458:,1747647664994
counter/2/0/0/0,7365:1747647654464:,1747647664994
counter/2/0/0/0,7366:1747647654467:,1747647664994
counter/2/0/0/0,7367:1747647654467:,1747647664994
counter/2/0/0/0,7368:1747647654467:,1747647664995
counter/2/0/0/0,7369:1747647654467:,1747647664995
counter/2/0/0/0,7370:1747647654467:,1747647664995
counter/2/0/0/0,7371:1747647654467:,1747647664995
counter/2/0/0/0,7372:1747647654467:,1747647664995
counter/2/0/0/0,7373:1747647654467:,1747647664995
counter/10/0/0/0,6983:1747647654761:,1747647664995
counter/4/0/0/0,7585:1747647656024:,1747647664995
counter/4/0/0/0,7586:1747647656024:,1747647664995
counter/4/0/0/0,7587:1747647656024:,1747647664995
counter/8/0/0/0,7800:1747647655199:,1747647664995
counter/7/0/0/0,7434:1747647655426:,1747647664995
counter/7/0/0/0,7435:1747647655426:,1747647664995
counter/7/0/0/0,7436:1747647655426:,1747647664995
counter/7/0/0/0,7437:1747647655426:,1747647664996
counter/7/0/0/0,7438:1747647655437:,1747647664996
counter/7/0/0/0,7439:1747647655437:,1747647664996
counter/7/0/0/0,7440:1747647655437:,1747647664996
counter/7/0/0/0,7441:1747647655437:,1747647664996
counter/7/0/0/0,7442:1747647655437:,1747647664996
counter/7/0/0/0,7443:1747647655437:,1747647664996
counter/4/0/0/0,7588:1747647656024:,1747647664996
counter/4/0/0/0,7589:1747647656024:,1747647664996
counter/5/0/0/0,7610:1747647655458:,1747647664996
counter/4/0/0/0,7590:1747647656024:,1747647664997
counter/5/0/0/0,7611:1747647655458:,1747647664997
counter/4/0/0/0,7591:1747647656300:,1747647664998
counter/8/0/0/0,7801:1747647655199:,1747647664998
counter/4/0/0/0,7592:1747647656300:,1747647664999
counter/8/0/0/0,7802:1747647655199:,1747647664999
counter/8/0/0/0,7803:1747647655199:,1747647664999
counter/8/0/0/0,7804:1747647655199:,1747647664999
counter/8/0/0/0,7805:1747647655199:,1747647664999
counter/8/0/0/0,7806:1747647655199:,1747647664999
counter/8/0/0/0,7807:1747647655199:,1747647664999
counter/8/0/0/0,7808:1747647655199:,1747647664999
counter/8/0/0/0,7809:1747647655199:,1747647664999
counter/3/0/0/0,7964:1747647655641:,1747647665000
counter/3/0/0/0,7965:1747647655641:,1747647665000
counter/3/0/0/0,7966:1747647655641:,1747647665000
counter/3/0/0/0,7967:1747647655650:,1747647665000
counter/3/0/0/0,7968:1747647655650:,1747647665000
counter/7/0/0/0,7444:1747647655438:,1747647665000
counter/8/0/0/0,7810:1747647655205:,1747647665000
counter/2/0/0/0,7374:1747647654467:,1747647665001
counter/2/0/0/0,7375:1747647654467:,1747647665001
counter/2/0/0/0,7376:1747647654467:,1747647665001
counter/7/0/0/0,7445:1747647655438:,1747647665002
counter/2/0/0/0,7377:1747647654467:,1747647665002
counter/4/0/0/0,7593:1747647656300:,1747647665002
counter/6/0/0/0,6873:1747647655302:,1747647665003
counter/3/0/0/0,7969:1747647655651:,1747647665003
counter/8/0/0/0,7811:1747647655206:,1747647665005
counter/9/0/0/0,8103:1747647655698:,1747647665006
counter/9/0/0/0,8104:1747647655698:,1747647665006
counter/9/0/0/0,8105:1747647655698:,1747647665006
counter/9/0/0/0,8106:1747647655698:,1747647665006
counter/5/0/0/0,7612:1747647655458:,1747647665006
counter/4/0/0/0,7594:1747647656300:,1747647665006
counter/4/0/0/0,7595:1747647656301:,1747647665007
counter/4/0/0/0,7596:1747647656302:,1747647665007
counter/4/0/0/0,7597:1747647656302:,1747647665007
counter/4/0/0/0,7598:1747647656302:,1747647665007
counter/4/0/0/0,7599:1747647656302:,1747647665007
counter/10/0/0/0,6984:1747647654761:,1747647665007
counter/8/0/0/0,7812:1747647655206:,1747647665007
counter/8/0/0/0,7813:1747647655206:,1747647665007
counter/8/0/0/0,7814:1747647655206:,1747647665007
counter/7/0/0/0,7446:1747647655439:,1747647665007
counter/4/0/0/0,7600:1747647656302:,1747647665008
counter/4/0/0/0,7601:1747647656307:,1747647665008
counter/4/0/0/0,7602:1747647656309:,1747647665008
counter/4/0/0/0,7603:1747647656312:,1747647665008
counter/4/0/0/0,7604:1747647656314:,1747647665008
counter/4/0/0/0,7605:1747647656317:,1747647665008
counter/10/0/0/0,6985:1747647654761:,1747647665008
counter/6/0/0/0,6874:1747647655302:,1747647665008
counter/6/0/0/0,6875:1747647655302:,1747647665008
counter/6/0/0/0,6876:1747647655303:,1747647665008
counter/6/0/0/0,6877:1747647655303:,1747647665009
counter/6/0/0/0,6878:1747647655303:,1747647665009
counter/6/0/0/0,6879:1747647655303:,1747647665009
counter/6/0/0/0,6880:1747647655303:,1747647665009
counter/6/0/0/0,6881:1747647655303:,1747647665009
counter/4/0/0/0,7606:1747647656318:,1747647665009
counter/4/0/0/0,7607:1747647656319:,1747647665009
counter/4/0/0/0,7608:1747647656322:,1747647665009
counter/4/0/0/0,7609:1747647656322:,1747647665009
counter/4/0/0/0,7610:1747647656322:,1747647665009
counter/4/0/0/0,7611:1747647656322:,1747647665009
counter/4/0/0/0,7612:1747647656322:,1747647665009
counter/4/0/0/0,7613:1747647656322:,1747647665009
counter/4/0/0/0,7614:1747647656322:,1747647665009
counter/4/0/0/0,7615:1747647656322:,1747647665009
counter/4/0/0/0,7616:1747647656322:,1747647665009
counter/6/0/0/0,6882:1747647655303:,1747647665009
counter/8/0/0/0,7815:1747647655206:,1747647665010
counter/8/0/0/0,7816:1747647655206:,1747647665010
counter/4/0/0/0,7617:1747647656322:,1747647665010
counter/1/0/0/0,8305:1747647656386:,1747647665010
counter/1/0/0/0,8306:1747647656386:,1747647665010
counter/1/0/0/0,8307:1747647656386:,1747647665010
counter/1/0/0/0,8308:1747647656386:,1747647665010
counter/1/0/0/0,8309:1747647656386:,1747647665010
counter/1/0/0/0,8310:1747647656386:,1747647665010
counter/1/0/0/0,8311:1747647656386:,1747647665010
counter/1/0/0/0,8312:1747647656386:,1747647665010
counter/5/0/0/0,7613:1747647655458:,1747647665010
counter/7/0/0/0,7447:1747647655439:,1747647665010
counter/9/0/0/0,8107:1747647655698:,1747647665010
counter/9/0/0/0,8108:1747647655702:,1747647665010
counter/9/0/0/0,8109:1747647655702:,1747647665010
counter/9/0/0/0,8110:1747647655702:,1747647665010
counter/9/0/0/0,8111:1747647655702:,1747647665011
counter/9/0/0/0,8112:1747647655702:,1747647665011
counter/6/0/0/0,6883:1747647655303:,1747647665011
counter/7/0/0/0,7448:1747647655439:,1747647665011
counter/7/0/0/0,7449:1747647655439:,1747647665011
counter/7/0/0/0,7450:1747647655439:,1747647665011
counter/3/0/0/0,7970:1747647655663:,1747647665012
counter/4/0/0/0,7618:1747647656322:,1747647665012
counter/4/0/0/0,7619:1747647656323:,1747647665012
counter/8/0/0/0,7817:1747647655206:,1747647665012
counter/8/0/0/0,7818:1747647655214:,1747647665012
counter/8/0/0/0,7819:1747647655214:,1747647665012
counter/8/0/0/0,7820:1747647655214:,1747647665012
counter/8/0/0/0,7821:1747647655214:,1747647665012
counter/4/0/0/0,7620:1747647656323:,1747647665012
counter/4/0/0/0,7621:1747647656323:,1747647665012
counter/4/0/0/0,7622:1747647656323:,1747647665013
counter/6/0/0/0,6884:1747647655303:,1747647665013
counter/1/0/0/0,8313:1747647656386:,1747647665013
counter/5/0/0/0,7614:1747647655458:,1747647665013
counter/5/0/0/0,7615:1747647655458:,1747647665014
counter/5/0/0/0,7616:1747647655458:,1747647665014
counter/5/0/0/0,7617:1747647655469:,1747647665014
counter/5/0/0/0,7618:1747647655469:,1747647665014
counter/5/0/0/0,7619:1747647655469:,1747647665014
counter/5/0/0/0,7620:1747647655469:,1747647665014
counter/5/0/0/0,7621:1747647655469:,1747647665014
counter/7/0/0/0,7451:1747647655439:,1747647665014
counter/3/0/0/0,7971:1747647655663:,1747647665014
counter/10/0/0/0,6986:1747647654761:,1747647665014
counter/2/0/0/0,7378:1747647654469:,1747647665014
counter/2/0/0/0,7379:1747647654469:,1747647665014
counter/2/0/0/0,7380:1747647654469:,1747647665014
counter/2/0/0/0,7381:1747647654469:,1747647665014
counter/2/0/0/0,7382:1747647654469:,1747647665014
counter/2/0/0/0,7383:1747647654469:,1747647665014
counter/2/0/0/0,7384:1747647654469:,1747647665015
counter/2/0/0/0,7385:1747647654469:,1747647665015
counter/2/0/0/0,7386:1747647654469:,1747647665015
counter/2/0/0/0,7387:1747647654469:,1747647665015
counter/2/0/0/0,7388:1747647654470:,1747647665015
counter/2/0/0/0,7389:1747647654470:,1747647665015
counter/4/0/0/0,7623:1747647656323:,1747647665016
counter/8/0/0/0,7822:1747647655214:,1747647665016
counter/5/0/0/0,7622:1747647655470:,1747647665016
counter/4/0/0/0,7624:1747647656323:,1747647665016
counter/4/0/0/0,7625:1747647656323:,1747647665016
counter/4/0/0/0,7626:1747647656323:,1747647665016
counter/4/0/0/0,7627:1747647656323:,1747647665017
counter/9/0/0/0,8113:1747647655702:,1747647665017
counter/8/0/0/0,7823:1747647655217:,1747647665017
counter/9/0/0/0,8114:1747647655702:,1747647665017
counter/2/0/0/0,7390:1747647654470:,1747647665017
counter/2/0/0/0,7391:1747647654470:,1747647665017
counter/2/0/0/0,7392:1747647654471:,1747647665017
counter/2/0/0/0,7393:1747647654471:,1747647665017
counter/2/0/0/0,7394:1747647654471:,1747647665017
counter/2/0/0/0,7395:1747647654471:,1747647665017
counter/4/0/0/0,7628:1747647656323:,1747647665018
counter/10/0/0/0,6987:1747647654761:,1747647665018
counter/9/0/0/0,8115:1747647655702:,1747647665018
counter/9/0/0/0,8116:1747647655702:,1747647665018
counter/9/0/0/0,8117:1747647655702:,1747647665018
counter/6/0/0/0,6885:1747647655303:,1747647665018
counter/9/0/0/0,8118:1747647655703:,1747647665020
counter/9/0/0/0,8119:1747647655736:,1747647665021
counter/9/0/0/0,8120:1747647655736:,1747647665021
counter/9/0/0/0,8121:1747647655736:,1747647665021
counter/9/0/0/0,8122:1747647655736:,1747647665021
counter/9/0/0/0,8123:1747647655736:,1747647665021
counter/9/0/0/0,8124:1747647655736:,1747647665021
counter/9/0/0/0,8125:1747647655736:,1747647665021
counter/9/0/0/0,8126:1747647655736:,1747647665021
counter/9/0/0/0,8127:1747647655736:,1747647665021
counter/9/0/0/0,8128:1747647655736:,1747647665021
counter/4/0/0/0,7629:1747647656323:,1747647665021
counter/5/0/0/0,7623:1747647655470:,1747647665021
counter/3/0/0/0,7972:1747647655663:,1747647665021
counter/6/0/0/0,6886:1747647655303:,1747647665021
counter/2/0/0/0,7396:1747647654471:,1747647665021
counter/6/0/0/0,6887:1747647655303:,1747647665021
counter/6/0/0/0,6888:1747647655303:,1747647665021
counter/6/0/0/0,6889:1747647655303:,1747647665021
counter/7/0/0/0,7452:1747647655441:,1747647665023
counter/7/0/0/0,7453:1747647655442:,1747647665023
counter/6/0/0/0,6890:1747647655303:,1747647665023
counter/5/0/0/0,7624:1747647655471:,1747647665024
counter/3/0/0/0,7973:1747647655663:,1747647665025
counter/3/0/0/0,7974:1747647655663:,1747647665025
counter/3/0/0/0,7975:1747647655663:,1747647665025
counter/3/0/0/0,7976:1747647655663:,1747647665025
counter/3/0/0/0,7977:1747647655663:,1747647665025
counter/3/0/0/0,7978:1747647655663:,1747647665025
counter/3/0/0/0,7979:1747647655663:,1747647665025
counter/5/0/0/0,7625:1747647655471:,1747647665025
counter/9/0/0/0,8129:1747647655736:,1747647665025
counter/5/0/0/0,7626:1747647655471:,1747647665025
counter/9/0/0/0,8130:1747647655736:,1747647665025
counter/10/0/0/0,6988:1747647654761:,1747647665025
counter/7/0/0/0,7454:1747647655448:,1747647665025
counter/6/0/0/0,6891:1747647655303:,1747647665025
counter/1/0/0/0,8314:1747647656386:,1747647665026
counter/7/0/0/0,7455:1747647655448:,1747647665027
counter/6/0/0/0,6892:1747647655303:,1747647665027
counter/3/0/0/0,7980:1747647655664:,1747647665027
counter/3/0/0/0,7981:1747647655664:,1747647665027
counter/8/0/0/0,7824:1747647655217:,1747647665027
counter/4/0/0/0,7630:1747647656323:,1747647665028
counter/4/0/0/0,7631:1747647656323:,1747647665029
counter/8/0/0/0,7825:1747647655217:,1747647665029
counter/1/0/0/0,8315:1747647656387:,1747647665029
counter/10/0/0/0,6989:1747647654761:,1747647665029
counter/9/0/0/0,8131:1747647655736:,1747647665029
counter/10/0/0/0,6990:1747647654761:,1747647665029
counter/4/0/0/0,7632:1747647656323:,1747647665029
counter/8/0/0/0,7826:1747647655217:,1747647665029
counter/7/0/0/0,7456:1747647655448:,1747647665030
counter/6/0/0/0,6893:1747647655303:,1747647665030
counter/5/0/0/0,7627:1747647655471:,1747647665030
counter/7/0/0/0,7457:1747647655448:,1747647665032
counter/7/0/0/0,7458:1747647655451:,1747647665032
counter/7/0/0/0,7459:1747647655451:,1747647665032
counter/7/0/0/0,7460:1747647655451:,1747647665032
counter/3/0/0/0,7982:1747647655664:,1747647665032
counter/7/0/0/0,7461:1747647655451:,1747647665032
counter/3/0/0/0,7983:1747647655666:,1747647665032
counter/3/0/0/0,7984:1747647655666:,1747647665032
counter/3/0/0/0,7985:1747647655666:,1747647665032
counter/3/0/0/0,7986:1747647655666:,1747647665033
counter/4/0/0/0,7633:1747647656323:,1747647665033
counter/4/0/0/0,7634:1747647656323:,1747647665033
counter/1/0/0/0,8316:1747647656387:,1747647665033
counter/8/0/0/0,7827:1747647655217:,1747647665033
counter/8/0/0/0,7828:1747647655217:,1747647665033
counter/8/0/0/0,7829:1747647655217:,1747647665033
counter/8/0/0/0,7830:1747647655217:,1747647665033
counter/8/0/0/0,7831:1747647655217:,1747647665033
counter/8/0/0/0,7832:1747647655218:,1747647665034
counter/8/0/0/0,7833:1747647655218:,1747647665034
counter/7/0/0/0,7462:1747647655451:,1747647665034
counter/8/0/0/0,7834:1747647655218:,1747647665034
counter/8/0/0/0,7835:1747647655221:,1747647665034
counter/8/0/0/0,7836:1747647655221:,1747647665034
counter/8/0/0/0,7837:1747647655222:,1747647665034
counter/8/0/0/0,7838:1747647655222:,1747647665035
counter/8/0/0/0,7839:1747647655222:,1747647665035
counter/8/0/0/0,7840:1747647655222:,1747647665035
counter/8/0/0/0,7841:1747647655222:,1747647665035
counter/2/0/0/0,7397:1747647654471:,1747647665035
counter/4/0/0/0,7635:1747647656323:,1747647665035
counter/4/0/0/0,7636:1747647656323:,1747647665035
counter/4/0/0/0,7637:1747647656323:,1747647665035
counter/4/0/0/0,7638:1747647656324:,1747647665035
counter/4/0/0/0,7639:1747647656324:,1747647665035
counter/4/0/0/0,7640:1747647656324:,1747647665035
counter/1/0/0/0,8317:1747647656387:,1747647665036
counter/6/0/0/0,6894:1747647655303:,1747647665036
counter/7/0/0/0,7463:1747647655451:,1747647665039
counter/7/0/0/0,7464:1747647655452:,1747647665039
counter/10/0/0/0,6991:1747647654761:,1747647665039
counter/4/0/0/0,7641:1747647656324:,1747647665039
counter/4/0/0/0,7642:1747647656324:,1747647665039
counter/9/0/0/0,8132:1747647655736:,1747647665039
counter/9/0/0/0,8133:1747647655736:,1747647665039
counter/9/0/0/0,8134:1747647655737:,1747647665040
counter/3/0/0/0,7987:1747647655666:,1747647665040
counter/8/0/0/0,7842:1747647655222:,1747647665040
counter/2/0/0/0,7398:1747647654473:,1747647665040
counter/1/0/0/0,8318:1747647656387:,1747647665040
counter/3/0/0/0,7988:1747647655666:,1747647665040
counter/1/0/0/0,8319:1747647656387:,1747647665041
counter/3/0/0/0,7989:1747647655666:,1747647665041
counter/8/0/0/0,7843:1747647655222:,1747647665041
counter/2/0/0/0,7399:1747647654473:,1747647665041
counter/7/0/0/0,7465:1747647655452:,1747647665041
counter/10/0/0/0,6992:1747647654761:,1747647665042
counter/4/0/0/0,7643:1747647656324:,1747647665042
counter/4/0/0/0,7644:1747647656324:,1747647665042
counter/4/0/0/0,7645:1747647656324:,1747647665042
counter/4/0/0/0,7646:1747647656324:,1747647665042
counter/4/0/0/0,7647:1747647656324:,1747647665042
counter/9/0/0/0,8135:1747647655737:,1747647665042
counter/9/0/0/0,8136:1747647655737:,1747647665043
counter/9/0/0/0,8137:1747647655737:,1747647665043
counter/9/0/0/0,8138:1747647655737:,1747647665044
counter/9/0/0/0,8139:1747647655741:,1747647665044
counter/9/0/0/0,8140:1747647655741:,1747647665044
counter/5/0/0/0,7628:1747647655471:,1747647665044
counter/4/0/0/0,7648:1747647656324:,1747647665044
counter/10/0/0/0,6993:1747647654774:,1747647665044
counter/10/0/0/0,6994:1747647654775:,1747647665045
counter/2/0/0/0,7400:1747647654473:,1747647665045
counter/7/0/0/0,7466:1747647655452:,1747647665045
counter/7/0/0/0,7467:1747647655452:,1747647665045
counter/1/0/0/0,8320:1747647656387:,1747647665046
counter/9/0/0/0,8141:1747647655741:,1747647665046
counter/1/0/0/0,8321:1747647656387:,1747647665046
counter/9/0/0/0,8142:1747647655741:,1747647665046
counter/9/0/0/0,8143:1747647655741:,1747647665046
counter/9/0/0/0,8144:1747647655741:,1747647665046
counter/8/0/0/0,7844:1747647655222:,1747647665046
counter/1/0/0/0,8322:1747647656387:,1747647665046
counter/3/0/0/0,7990:1747647655666:,1747647665046
counter/1/0/0/0,8323:1747647656387:,1747647665046
counter/4/0/0/0,7649:1747647656324:,1747647665046
counter/4/0/0/0,7650:1747647656324:,1747647665047
counter/4/0/0/0,7651:1747647656324:,1747647665047
counter/4/0/0/0,7652:1747647656324:,1747647665047
counter/4/0/0/0,7653:1747647656324:,1747647665047
counter/4/0/0/0,7654:1747647656324:,1747647665047
counter/4/0/0/0,7655:1747647656324:,1747647665047
counter/4/0/0/0,7656:1747647656324:,1747647665047
counter/4/0/0/0,7657:1747647656324:,1747647665047
counter/4/0/0/0,7658:1747647656324:,1747647665047
counter/4/0/0/0,7659:1747647656324:,1747647665047
counter/10/0/0/0,6995:1747647654775:,1747647665047
counter/8/0/0/0,7845:1747647655222:,1747647665047
counter/7/0/0/0,7468:1747647655452:,1747647665047
counter/7/0/0/0,7469:1747647655452:,1747647665047
counter/3/0/0/0,7991:1747647655666:,1747647665047
counter/3/0/0/0,7992:1747647655666:,1747647665047
counter/3/0/0/0,7993:1747647655666:,1747647665047
counter/3/0/0/0,7994:1747647655666:,1747647665047
counter/1/0/0/0,8324:1747647656387:,1747647665047
counter/1/0/0/0,8325:1747647656387:,1747647665047
counter/2/0/0/0,7401:1747647654473:,1747647665048
counter/1/0/0/0,8326:1747647656388:,1747647665048
counter/2/0/0/0,7402:1747647654473:,1747647665048
counter/2/0/0/0,7403:1747647654478:,1747647665048
counter/2/0/0/0,7404:1747647654478:,1747647665048
counter/2/0/0/0,7405:1747647654478:,1747647665048
counter/4/0/0/0,7660:1747647656324:,1747647665048
counter/4/0/0/0,7661:1747647656324:,1747647665048
counter/8/0/0/0,7846:1747647655222:,1747647665049
counter/8/0/0/0,7847:1747647655222:,1747647665049
counter/7/0/0/0,7470:1747647655452:,1747647665049
counter/7/0/0/0,7471:1747647655452:,1747647665049
counter/5/0/0/0,7629:1747647655471:,1747647665050
counter/5/0/0/0,7630:1747647655471:,1747647665050
counter/5/0/0/0,7631:1747647655471:,1747647665050
counter/5/0/0/0,7632:1747647655471:,1747647665050
counter/5/0/0/0,7633:1747647655471:,1747647665050
counter/5/0/0/0,7634:1747647655471:,1747647665050
counter/7/0/0/0,7472:1747647655452:,1747647665051
counter/8/0/0/0,7848:1747647655222:,1747647665051
counter/8/0/0/0,7849:1747647655222:,1747647665051
counter/9/0/0/0,8145:1747647655741:,1747647665051
counter/5/0/0/0,7635:1747647655471:,1747647665052
counter/5/0/0/0,7636:1747647655480:,1747647665052
counter/3/0/0/0,7995:1747647655667:,1747647665053
counter/3/0/0/0,7996:1747647655667:,1747647665053
counter/4/0/0/0,7662:1747647656325:,1747647665053
counter/4/0/0/0,7663:1747647656325:,1747647665053
counter/4/0/0/0,7664:1747647656325:,1747647665053
counter/7/0/0/0,7473:1747647655452:,1747647665053
counter/9/0/0/0,8146:1747647655741:,1747647665053
counter/9/0/0/0,8147:1747647655741:,1747647665054
counter/9/0/0/0,8148:1747647655741:,1747647665054
counter/8/0/0/0,7850:1747647655222:,1747647665054
counter/10/0/0/0,6996:1747647654775:,1747647665054
counter/3/0/0/0,7997:1747647655667:,1747647665054
counter/8/0/0/0,7851:1747647655222:,1747647665055
counter/4/0/0/0,7665:1747647656325:,1747647665055
counter/8/0/0/0,7852:1747647655222:,1747647665055
counter/4/0/0/0,7666:1747647656325:,1747647665055
counter/2/0/0/0,7406:1747647654478:,1747647665055
counter/2/0/0/0,7407:1747647654478:,1747647665055
counter/2/0/0/0,7408:1747647654478:,1747647665055
counter/2/0/0/0,7409:1747647654478:,1747647665055
counter/10/0/0/0,6997:1747647654775:,1747647665055
counter/2/0/0/0,7410:1747647654478:,1747647665056
counter/2/0/0/0,7411:1747647654478:,1747647665056
counter/7/0/0/0,7474:1747647655452:,1747647665056
counter/7/0/0/0,7475:1747647655452:,1747647665056
counter/7/0/0/0,7476:1747647655459:,1747647665056
counter/7/0/0/0,7477:1747647655459:,1747647665056
counter/7/0/0/0,7478:1747647655459:,1747647665056
counter/7/0/0/0,7479:1747647655459:,1747647665056
counter/4/0/0/0,7667:1747647656325:,1747647665056
counter/4/0/0/0,7668:1747647656325:,1747647665056
counter/4/0/0/0,7669:1747647656325:,1747647665056
counter/2/0/0/0,7412:1747647654478:,1747647665056
counter/2/0/0/0,7413:1747647654478:,1747647665056
counter/2/0/0/0,7414:1747647654478:,1747647665056
counter/2/0/0/0,7415:1747647654479:,1747647665056
counter/2/0/0/0,7416:1747647654479:,1747647665056
counter/2/0/0/0,7417:1747647654479:,1747647665056
counter/1/0/0/0,8327:1747647656388:,1747647665056
counter/8/0/0/0,7853:1747647655222:,1747647665056
counter/4/0/0/0,7670:1747647656325:,1747647665056
counter/8/0/0/0,7854:1747647655222:,1747647665056
counter/8/0/0/0,7855:1747647655222:,1747647665056
counter/8/0/0/0,7856:1747647655222:,1747647665056
counter/8/0/0/0,7857:1747647655222:,1747647665057
counter/8/0/0/0,7858:1747647655222:,1747647665057
counter/1/0/0/0,8328:1747647656388:,1747647665057
counter/1/0/0/0,8329:1747647656388:,1747647665057
counter/1/0/0/0,8330:1747647656388:,1747647665057
counter/1/0/0/0,8331:1747647656388:,1747647665057
counter/1/0/0/0,8332:1747647656388:,1747647665057
counter/1/0/0/0,8333:1747647656388:,1747647665057
counter/1/0/0/0,8334:1747647656388:,1747647665057
counter/1/0/0/0,8335:1747647656388:,1747647665057
counter/8/0/0/0,7859:1747647655222:,1747647665057
counter/2/0/0/0,7418:1747647654479:,1747647665057
counter/9/0/0/0,8149:1747647655742:,1747647665059
counter/9/0/0/0,8150:1747647655746:,1747647665059
counter/9/0/0/0,8151:1747647655746:,1747647665059
counter/9/0/0/0,8152:1747647655746:,1747647665059
counter/9/0/0/0,8153:1747647655746:,1747647665059
counter/9/0/0/0,8154:1747647655746:,1747647665059
counter/9/0/0/0,8155:1747647655746:,1747647665059
counter/10/0/0/0,6998:1747647654775:,1747647665059
counter/10/0/0/0,6999:1747647654775:,1747647665059
counter/10/0/0/0,7000:1747647654775:,1747647665059
counter/10/0/0/0,7001:1747647654775:,1747647665059
counter/10/0/0/0,7002:1747647654775:,1747647665059
counter/4/0/0/0,7671:1747647656325:,1747647665059
counter/4/0/0/0,7672:1747647656325:,1747647665059
counter/3/0/0/0,7998:1747647655667:,1747647665062
counter/3/0/0/0,7999:1747647655668:,1747647665063
counter/3/0/0/0,8000:1747647655670:,1747647665063
counter/3/0/0/0,8001:1747647655670:,1747647665063
counter/3/0/0/0,8002:1747647655670:,1747647665063
counter/3/0/0/0,8003:1747647655674:,1747647665063
counter/3/0/0/0,8004:1747647655674:,1747647665063
counter/8/0/0/0,7860:1747647655223:,1747647665063
counter/6/0/0/0,6895:1747647655337:,1747647665063
counter/10/0/0/0,7003:1747647654775:,1747647665063
counter/4/0/0/0,7673:1747647656325:,1747647665064
counter/1/0/0/0,8336:1747647656388:,1747647665064
counter/1/0/0/0,8337:1747647656388:,1747647665064
counter/1/0/0/0,8338:1747647656388:,1747647665064
counter/1/0/0/0,8339:1747647656393:,1747647665064
counter/1/0/0/0,8340:1747647656393:,1747647665064
counter/1/0/0/0,8341:1747647656393:,1747647665064
counter/1/0/0/0,8342:1747647656393:,1747647665064
counter/1/0/0/0,8343:1747647656393:,1747647665064
counter/9/0/0/0,8156:1747647655747:,1747647665065
counter/3/0/0/0,8005:1747647655674:,1747647665065
counter/1/0/0/0,8344:1747647656393:,1747647665065
counter/5/0/0/0,7637:1747647655480:,1747647665066
counter/9/0/0/0,8157:1747647655747:,1747647665066
counter/6/0/0/0,6896:1747647655337:,1747647665066
counter/7/0/0/0,7480:1747647655459:,1747647665067
counter/7/0/0/0,7481:1747647655459:,1747647665067
counter/7/0/0/0,7482:1747647655459:,1747647665067
counter/7/0/0/0,7483:1747647655459:,1747647665067
counter/7/0/0/0,7484:1747647655459:,1747647665067
counter/10/0/0/0,7004:1747647654777:,1747647665068
counter/10/0/0/0,7005:1747647654777:,1747647665068
counter/10/0/0/0,7006:1747647654777:,1747647665068
counter/10/0/0/0,7007:1747647654777:,1747647665068
counter/10/0/0/0,7008:1747647654778:,1747647665068
counter/10/0/0/0,7009:1747647654980:,1747647665068
counter/10/0/0/0,7010:1747647654980:,1747647665068
counter/10/0/0/0,7011:1747647654980:,1747647665068
counter/10/0/0/0,7012:1747647654980:,1747647665068
counter/10/0/0/0,7013:1747647654981:,1747647665068
counter/10/0/0/0,7014:1747647654981:,1747647665069
counter/10/0/0/0,7015:1747647654981:,1747647665069
counter/5/0/0/0,7638:1747647655480:,1747647665070
counter/5/0/0/0,7639:1747647655480:,1747647665070
counter/9/0/0/0,8158:1747647655747:,1747647665070
counter/5/0/0/0,7640:1747647655480:,1747647665070
counter/9/0/0/0,8159:1747647655747:,1747647665070
counter/9/0/0/0,8160:1747647655747:,1747647665070
counter/9/0/0/0,8161:1747647655747:,1747647665070
counter/9/0/0/0,8162:1747647655747:,1747647665070
counter/9/0/0/0,8163:1747647655747:,1747647665070
counter/9/0/0/0,8164:1747647655747:,1747647665070
counter/9/0/0/0,8165:1747647655747:,1747647665071
counter/9/0/0/0,8166:1747647655747:,1747647665071
counter/9/0/0/0,8167:1747647655747:,1747647665071
counter/9/0/0/0,8168:1747647655747:,1747647665071
counter/9/0/0/0,8169:1747647655747:,1747647665071
counter/1/0/0/0,8345:1747647656393:,1747647665071
counter/7/0/0/0,7485:1747647655461:,1747647665072
counter/5/0/0/0,7641:1747647655480:,1747647665072
counter/3/0/0/0,8006:1747647655675:,1747647665072
counter/3/0/0/0,8007:1747647655675:,1747647665072
counter/1/0/0/0,8346:1747647656393:,1747647665072
counter/1/0/0/0,8347:1747647656393:,1747647665072
counter/1/0/0/0,8348:1747647656393:,1747647665072
counter/1/0/0/0,8349:1747647656393:,1747647665072
counter/1/0/0/0,8350:1747647656398:,1747647665072
counter/1/0/0/0,8351:1747647656398:,1747647665072
counter/1/0/0/0,8352:1747647656398:,1747647665073
counter/1/0/0/0,8353:1747647656398:,1747647665073
counter/1/0/0/0,8354:1747647656398:,1747647665073
counter/1/0/0/0,8355:1747647656398:,1747647665073
counter/1/0/0/0,8356:1747647656398:,1747647665073
counter/1/0/0/0,8357:1747647656398:,1747647665073
counter/8/0/0/0,7861:1747647655224:,1747647665073
counter/10/0/0/0,7016:1747647654981:,1747647665073
counter/9/0/0/0,8170:1747647655747:,1747647665073
counter/9/0/0/0,8171:1747647655747:,1747647665075
counter/6/0/0/0,6897:1747647655337:,1747647665075
counter/2/0/0/0,7419:1747647654479:,1747647665075
counter/2/0/0/0,7420:1747647654485:,1747647665076
counter/2/0/0/0,7421:1747647654485:,1747647665076
counter/2/0/0/0,7422:1747647654485:,1747647665076
counter/9/0/0/0,8172:1747647655747:,1747647665076
counter/9/0/0/0,8173:1747647655747:,1747647665076
counter/9/0/0/0,8174:1747647655747:,1747647665076
counter/9/0/0/0,8175:1747647655747:,1747647665076
counter/9/0/0/0,8176:1747647655747:,1747647665076
counter/9/0/0/0,8177:1747647655747:,1747647665076
counter/9/0/0/0,8178:1747647655747:,1747647665076
counter/9/0/0/0,8179:1747647655747:,1747647665076
counter/3/0/0/0,8008:1747647655675:,1747647665077
counter/9/0/0/0,8180:1747647655752:,1747647665079
counter/2/0/0/0,7423:1747647654486:,1747647665079
counter/2/0/0/0,7424:1747647654486:,1747647665079
counter/2/0/0/0,7425:1747647654486:,1747647665079
counter/2/0/0/0,7426:1747647654486:,1747647665079
counter/4/0/0/0,7674:1747647656325:,1747647665080
counter/2/0/0/0,7427:1747647654486:,1747647665080
counter/2/0/0/0,7428:1747647654486:,1747647665080
counter/2/0/0/0,7429:1747647654486:,1747647665080
counter/2/0/0/0,7430:1747647654486:,1747647665080
counter/2/0/0/0,7431:1747647654486:,1747647665080
counter/2/0/0/0,7432:1747647654486:,1747647665080
counter/2/0/0/0,7433:1747647654486:,1747647665080
counter/9/0/0/0,8181:1747647655752:,1747647665080
counter/10/0/0/0,7017:1747647654981:,1747647665080
counter/9/0/0/0,8182:1747647655752:,1747647665080
counter/3/0/0/0,8009:1747647655675:,1747647665082
counter/4/0/0/0,7675:1747647656325:,1747647665082
counter/6/0/0/0,6898:1747647655337:,1747647665082
counter/8/0/0/0,7862:1747647655227:,1747647665084
counter/1/0/0/0,8358:1747647656398:,1747647665085
counter/3/0/0/0,8010:1747647655675:,1747647665085
counter/3/0/0/0,8011:1747647655675:,1747647665085
counter/3/0/0/0,8012:1747647655675:,1747647665085
counter/6/0/0/0,6899:1747647655337:,1747647665086
counter/10/0/0/0,7018:1747647654981:,1747647665086
counter/1/0/0/0,8359:1747647656398:,1747647665086
counter/1/0/0/0,8360:1747647656398:,1747647665086
counter/1/0/0/0,8361:1747647656398:,1747647665086
counter/1/0/0/0,8362:1747647656398:,1747647665086
counter/1/0/0/0,8363:1747647656400:,1747647665086
counter/1/0/0/0,8364:1747647656400:,1747647665087
counter/1/0/0/0,8365:1747647656400:,1747647665087
counter/1/0/0/0,8366:1747647656400:,1747647665087
counter/7/0/0/0,7486:1747647655461:,1747647665087
counter/7/0/0/0,7487:1747647655461:,1747647665087
counter/9/0/0/0,8183:1747647655752:,1747647665088
counter/2/0/0/0,7434:1747647654486:,1747647665088
counter/7/0/0/0,7488:1747647655462:,1747647665088
counter/1/0/0/0,8367:1747647656400:,1747647665089
counter/1/0/0/0,8368:1747647656400:,1747647665089
counter/1/0/0/0,8369:1747647656400:,1747647665089
counter/1/0/0/0,8370:1747647656400:,1747647665089
counter/1/0/0/0,8371:1747647656400:,1747647665089
counter/4/0/0/0,7676:1747647656325:,1747647665089
counter/8/0/0/0,7863:1747647655227:,1747647665090
counter/8/0/0/0,7864:1747647655227:,1747647665090
counter/8/0/0/0,7865:1747647655228:,1747647665090
counter/8/0/0/0,7866:1747647655228:,1747647665090
counter/8/0/0/0,7867:1747647655228:,1747647665090
counter/8/0/0/0,7868:1747647655228:,1747647665090
counter/5/0/0/0,7642:1747647655480:,1747647665091
counter/2/0/0/0,7435:1747647654486:,1747647665091
counter/1/0/0/0,8372:1747647656400:,1747647665091
counter/6/0/0/0,6900:1747647655338:,1747647665092
counter/3/0/0/0,8013:1747647655675:,1747647665092
counter/4/0/0/0,7677:1747647656325:,1747647665092
counter/10/0/0/0,7019:1747647654981:,1747647665093
counter/10/0/0/0,7020:1747647654981:,1747647665093
counter/10/0/0/0,7021:1747647654981:,1747647665093
counter/1/0/0/0,8373:1747647656400:,1747647665095
counter/5/0/0/0,7643:1747647655480:,1747647665095
counter/4/0/0/0,7678:1747647656325:,1747647665096
counter/4/0/0/0,7679:1747647656325:,1747647665096
counter/1/0/0/0,8374:1747647656400:,1747647665097
counter/2/0/0/0,7436:1747647654486:,1747647665097
counter/6/0/0/0,6901:1747647655338:,1747647665097
counter/3/0/0/0,8014:1747647655675:,1747647665097
counter/10/0/0/0,7022:1747647654984:,1747647665097
counter/8/0/0/0,7869:1747647655228:,1747647665097
counter/10/0/0/0,7023:1747647654997:,1747647665097
counter/8/0/0/0,7870:1747647655228:,1747647665097
counter/7/0/0/0,7489:1747647655462:,1747647665097
counter/4/0/0/0,7680:1747647656327:,1747647665097
counter/3/0/0/0,8015:1747647655675:,1747647665098
counter/3/0/0/0,8016:1747647655675:,1747647665098
counter/3/0/0/0,8017:1747647655675:,1747647665098
counter/3/0/0/0,8018:1747647655688:,1747647665098
counter/3/0/0/0,8019:1747647655688:,1747647665098
counter/3/0/0/0,8020:1747647655688:,1747647665098
counter/10/0/0/0,7024:1747647654997:,1747647665098
counter/10/0/0/0,7025:1747647654997:,1747647665100
counter/10/0/0/0,7026:1747647654997:,1747647665100
counter/10/0/0/0,7027:1747647654997:,1747647665100
counter/10/0/0/0,7028:1747647655023:,1747647665100
counter/10/0/0/0,7029:1747647655023:,1747647665100
counter/10/0/0/0,7030:1747647655023:,1747647665100
counter/3/0/0/0,8021:1747647655688:,1747647665100
counter/4/0/0/0,7681:1747647656327:,1747647665100
counter/3/0/0/0,8022:1747647655688:,1747647665100
counter/4/0/0/0,7682:1747647656327:,1747647665100
counter/1/0/0/0,8375:1747647656400:,1747647665101
counter/1/0/0/0,8376:1747647656400:,1747647665101
counter/1/0/0/0,8377:1747647656400:,1747647665101
counter/1/0/0/0,8378:1747647656400:,1747647665101
counter/1/0/0/0,8379:1747647656400:,1747647665101
counter/7/0/0/0,7490:1747647655462:,1747647665101
counter/10/0/0/0,7031:1747647655024:,1747647665101
counter/10/0/0/0,7032:1747647655024:,1747647665101
counter/10/0/0/0,7033:1747647655025:,1747647665101
counter/10/0/0/0,7034:1747647655025:,1747647665101
counter/10/0/0/0,7035:1747647655025:,1747647665101
counter/10/0/0/0,7036:1747647655025:,1747647665101
counter/10/0/0/0,7037:1747647655025:,1747647665101
counter/10/0/0/0,7038:1747647655025:,1747647665101
counter/10/0/0/0,7039:1747647655025:,1747647665101
counter/10/0/0/0,7040:1747647655025:,1747647665101
counter/10/0/0/0,7041:1747647655025:,1747647665101
counter/2/0/0/0,7437:1747647654486:,1747647665101
counter/9/0/0/0,8184:1747647655752:,1747647665102
counter/9/0/0/0,8185:1747647655752:,1747647665102
counter/1/0/0/0,8380:1747647656411:,1747647665102
counter/1/0/0/0,8381:1747647656411:,1747647665102
counter/1/0/0/0,8382:1747647656411:,1747647665102
counter/1/0/0/0,8383:1747647656411:,1747647665102
counter/1/0/0/0,8384:1747647656412:,1747647665102
counter/5/0/0/0,7644:1747647655480:,1747647665102
counter/4/0/0/0,7683:1747647656327:,1747647665102
counter/7/0/0/0,7491:1747647655462:,1747647665103
counter/8/0/0/0,7871:1747647655228:,1747647665103
counter/2/0/0/0,7438:1747647654486:,1747647665104
counter/2/0/0/0,7439:1747647654486:,1747647665106
counter/7/0/0/0,7492:1747647655465:,1747647665106
counter/8/0/0/0,7872:1747647655228:,1747647665106
counter/10/0/0/0,7042:1747647655025:,1747647665106
counter/8/0/0/0,7873:1747647655228:,1747647665106
counter/10/0/0/0,7043:1747647655025:,1747647665106
counter/5/0/0/0,7645:1747647655480:,1747647665106
counter/7/0/0/0,7493:1747647655465:,1747647665107
counter/5/0/0/0,7646:1747647655480:,1747647665107
counter/5/0/0/0,7647:1747647655480:,1747647665107
counter/5/0/0/0,7648:1747647655480:,1747647665107
counter/5/0/0/0,7649:1747647655480:,1747647665107
counter/5/0/0/0,7650:1747647655480:,1747647665107
counter/5/0/0/0,7651:1747647655480:,1747647665107
counter/5/0/0/0,7652:1747647655482:,1747647665107
counter/5/0/0/0,7653:1747647655482:,1747647665107
counter/5/0/0/0,7654:1747647655482:,1747647665108
counter/5/0/0/0,7655:1747647655482:,1747647665108
counter/5/0/0/0,7656:1747647655482:,1747647665108
counter/10/0/0/0,7044:1747647655025:,1747647665109
counter/5/0/0/0,7657:1747647655482:,1747647665109
counter/5/0/0/0,7658:1747647655482:,1747647665109
counter/5/0/0/0,7659:1747647655482:,1747647665109
counter/5/0/0/0,7660:1747647655482:,1747647665109
counter/5/0/0/0,7661:1747647655482:,1747647665109
counter/5/0/0/0,7662:1747647655487:,1747647665109
counter/5/0/0/0,7663:1747647655488:,1747647665109
counter/5/0/0/0,7664:1747647655488:,1747647665109
counter/2/0/0/0,7440:1747647654487:,1747647665110
counter/7/0/0/0,7494:1747647655465:,1747647665110
counter/9/0/0/0,8186:1747647655752:,1747647665110
counter/1/0/0/0,8385:1747647656412:,1747647665110
counter/10/0/0/0,7045:1747647655025:,1747647665110
counter/10/0/0/0,7046:1747647655025:,1747647665110
counter/6/0/0/0,6902:1747647655338:,1747647665110
counter/6/0/0/0,6903:1747647655338:,1747647665110
counter/6/0/0/0,6904:1747647655338:,1747647665110
counter/4/0/0/0,7684:1747647656327:,1747647665110
counter/4/0/0/0,7685:1747647656327:,1747647665110
counter/9/0/0/0,8187:1747647655752:,1747647665110
counter/1/0/0/0,8386:1747647656412:,1747647665111
counter/1/0/0/0,8387:1747647656412:,1747647665111
counter/1/0/0/0,8388:1747647656417:,1747647665111
counter/1/0/0/0,8389:1747647656417:,1747647665111
counter/1/0/0/0,8390:1747647656421:,1747647665111
counter/1/0/0/0,8391:1747647656421:,1747647665111
counter/1/0/0/0,8392:1747647656421:,1747647665111
counter/1/0/0/0,8393:1747647656422:,1747647665111
counter/1/0/0/0,8394:1747647656422:,1747647665111
counter/10/0/0/0,7047:1747647655036:,1747647665111
counter/10/0/0/0,7048:1747647655036:,1747647665111
counter/10/0/0/0,7049:1747647655036:,1747647665111
counter/10/0/0/0,7050:1747647655036:,1747647665112
counter/10/0/0/0,7051:1747647655036:,1747647665112
counter/10/0/0/0,7052:1747647655036:,1747647665112
counter/10/0/0/0,7053:1747647655042:,1747647665112
counter/8/0/0/0,7874:1747647655228:,1747647665112
counter/5/0/0/0,7665:1747647655488:,1747647665112
counter/1/0/0/0,8395:1747647656422:,1747647665113
counter/1/0/0/0,8396:1747647656422:,1747647665113
counter/4/0/0/0,7686:1747647656327:,1747647665113
counter/1/0/0/0,8397:1747647656422:,1747647665113
counter/4/0/0/0,7687:1747647656327:,1747647665115
counter/4/0/0/0,7688:1747647656327:,1747647665115
counter/4/0/0/0,7689:1747647656327:,1747647665115
counter/4/0/0/0,7690:1747647656327:,1747647665115
counter/7/0/0/0,7495:1747647655465:,1747647665115
counter/4/0/0/0,7691:1747647656327:,1747647665115
counter/3/0/0/0,8023:1747647655688:,1747647665116
counter/5/0/0/0,7666:1747647655488:,1747647665116
counter/6/0/0/0,6905:1747647655346:,1747647665116
counter/4/0/0/0,7692:1747647656327:,1747647665116
counter/6/0/0/0,6906:1747647655346:,1747647665116
counter/6/0/0/0,6907:1747647655346:,1747647665116
counter/6/0/0/0,6908:1747647655346:,1747647665116
counter/6/0/0/0,6909:1747647655346:,1747647665117
counter/6/0/0/0,6910:1747647655346:,1747647665117
counter/9/0/0/0,8188:1747647655752:,1747647665117
counter/9/0/0/0,8189:1747647655752:,1747647665117
counter/9/0/0/0,8190:1747647655752:,1747647665117
counter/9/0/0/0,8191:1747647655752:,1747647665117
counter/9/0/0/0,8192:1747647655752:,1747647665117
counter/9/0/0/0,8193:1747647655753:,1747647665117
counter/8/0/0/0,7875:1747647655228:,1747647665118
counter/3/0/0/0,8024:1747647655688:,1747647665118
counter/5/0/0/0,7667:1747647655488:,1747647665118
counter/3/0/0/0,8025:1747647655688:,1747647665118
counter/7/0/0/0,7496:1747647655465:,1747647665118
counter/6/0/0/0,6911:1747647655346:,1747647665118
counter/7/0/0/0,7497:1747647655465:,1747647665118
counter/6/0/0/0,6912:1747647655346:,1747647665118
counter/6/0/0/0,6913:1747647655346:,1747647665118
counter/6/0/0/0,6914:1747647655346:,1747647665119
counter/6/0/0/0,6915:1747647655346:,1747647665119
counter/6/0/0/0,6916:1747647655346:,1747647665119
counter/6/0/0/0,6917:1747647655347:,1747647665119
counter/6/0/0/0,6918:1747647655347:,1747647665119
counter/6/0/0/0,6919:1747647655347:,1747647665119
counter/8/0/0/0,7876:1747647655228:,1747647665119
counter/6/0/0/0,6920:1747647655347:,1747647665119
counter/6/0/0/0,6921:1747647655348:,1747647665119
counter/6/0/0/0,6922:1747647655350:,1747647665119
counter/6/0/0/0,6923:1747647655350:,1747647665120
counter/6/0/0/0,6924:1747647655350:,1747647665120
counter/6/0/0/0,6925:1747647655350:,1747647665120
counter/6/0/0/0,6926:1747647655358:,1747647665120
counter/6/0/0/0,6927:1747647655358:,1747647665120
counter/5/0/0/0,7668:1747647655493:,1747647665120
counter/8/0/0/0,7877:1747647655230:,1747647665121
counter/6/0/0/0,6928:1747647655358:,1747647665121
counter/8/0/0/0,7878:1747647655230:,1747647665121
counter/8/0/0/0,7879:1747647655230:,1747647665121
counter/8/0/0/0,7880:1747647655230:,1747647665121
counter/8/0/0/0,7881:1747647655230:,1747647665121
counter/2/0/0/0,7441:1747647654489:,1747647665122
counter/2/0/0/0,7442:1747647654489:,1747647665122
counter/7/0/0/0,7498:1747647655465:,1747647665122
counter/2/0/0/0,7443:1747647654489:,1747647665122
counter/9/0/0/0,8194:1747647655753:,1747647665122
counter/2/0/0/0,7444:1747647654491:,1747647665122
counter/10/0/0/0,7054:1747647655042:,1747647665122
counter/10/0/0/0,7055:1747647655058:,1747647665122
counter/10/0/0/0,7056:1747647655058:,1747647665122
counter/5/0/0/0,7669:1747647655493:,1747647665122
counter/1/0/0/0,8398:1747647656422:,1747647665122
counter/5/0/0/0,7670:1747647655493:,1747647665123
counter/4/0/0/0,7693:1747647656332:,1747647665123
counter/1/0/0/0,8399:1747647656422:,1747647665123
counter/1/0/0/0,8400:1747647656422:,1747647665123
counter/1/0/0/0,8401:1747647656422:,1747647665123
counter/3/0/0/0,8026:1747647655689:,1747647665123
counter/3/0/0/0,8027:1747647655692:,1747647665124
counter/2/0/0/0,7445:1747647654491:,1747647665124
counter/3/0/0/0,8028:1747647655692:,1747647665125
counter/3/0/0/0,8029:1747647655694:,1747647665126
counter/3/0/0/0,8030:1747647655694:,1747647665126
counter/3/0/0/0,8031:1747647655694:,1747647665126
counter/7/0/0/0,7499:1747647655465:,1747647665126
counter/7/0/0/0,7500:1747647655465:,1747647665126
counter/7/0/0/0,7501:1747647655466:,1747647665126
counter/7/0/0/0,7502:1747647655466:,1747647665126
counter/7/0/0/0,7503:1747647655466:,1747647665126
counter/7/0/0/0,7504:1747647655466:,1747647665126
counter/7/0/0/0,7505:1747647655466:,1747647665126
counter/7/0/0/0,7506:1747647655467:,1747647665126
counter/7/0/0/0,7507:1747647655469:,1747647665126
counter/7/0/0/0,7508:1747647655469:,1747647665126
counter/7/0/0/0,7509:1747647655469:,1747647665126
counter/7/0/0/0,7510:1747647655469:,1747647665126
counter/7/0/0/0,7511:1747647655469:,1747647665126
counter/1/0/0/0,8402:1747647656422:,1747647665126
counter/1/0/0/0,8403:1747647656423:,1747647665126
counter/1/0/0/0,8404:1747647656423:,1747647665127
counter/1/0/0/0,8405:1747647656423:,1747647665127
counter/1/0/0/0,8406:1747647656423:,1747647665127
counter/1/0/0/0,8407:1747647656423:,1747647665127
counter/1/0/0/0,8408:1747647656424:,1747647665127
counter/1/0/0/0,8409:1747647656424:,1747647665127
counter/1/0/0/0,8410:1747647656424:,1747647665127
counter/1/0/0/0,8411:1747647656424:,1747647665127
counter/1/0/0/0,8412:1747647656425:,1747647665127
counter/6/0/0/0,6929:1747647655358:,1747647665128
counter/3/0/0/0,8032:1747647655694:,1747647665129
counter/3/0/0/0,8033:1747647655694:,1747647665129
counter/6/0/0/0,6930:1747647655358:,1747647665129
counter/2/0/0/0,7446:1747647654491:,1747647665129
counter/8/0/0/0,7882:1747647655231:,1747647665130
counter/3/0/0/0,8034:1747647655694:,1747647665130
counter/3/0/0/0,8035:1747647655694:,1747647665131
counter/5/0/0/0,7671:1747647655493:,1747647665131
counter/6/0/0/0,6931:1747647655364:,1747647665131
counter/1/0/0/0,8413:1747647656425:,1747647665132
counter/1/0/0/0,8414:1747647656425:,1747647665132
counter/1/0/0/0,8415:1747647656425:,1747647665133
counter/1/0/0/0,8416:1747647656425:,1747647665133
counter/1/0/0/0,8417:1747647656425:,1747647665133
counter/6/0/0/0,6932:1747647655364:,1747647665133
counter/6/0/0/0,6933:1747647655364:,1747647665133
counter/10/0/0/0,7057:1747647655059:,1747647665133
counter/2/0/0/0,7447:1747647654491:,1747647665133
counter/2/0/0/0,7448:1747647654491:,1747647665133
counter/2/0/0/0,7449:1747647654491:,1747647665133
counter/2/0/0/0,7450:1747647654491:,1747647665133
counter/2/0/0/0,7451:1747647654491:,1747647665133
counter/2/0/0/0,7452:1747647654491:,1747647665133
counter/2/0/0/0,7453:1747647654491:,1747647665133
counter/2/0/0/0,7454:1747647654491:,1747647665133
counter/2/0/0/0,7455:1747647654491:,1747647665133
counter/2/0/0/0,7456:1747647654491:,1747647665133
counter/3/0/0/0,8036:1747647655694:,1747647665133
counter/8/0/0/0,7883:1747647655231:,1747647665134
counter/9/0/0/0,8195:1747647655753:,1747647665135
counter/7/0/0/0,7512:1747647655469:,1747647665135
counter/3/0/0/0,8037:1747647655694:,1747647665135
counter/6/0/0/0,6934:1747647655364:,1747647665136
counter/6/0/0/0,6935:1747647655364:,1747647665136
counter/6/0/0/0,6936:1747647655364:,1747647665136
counter/6/0/0/0,6937:1747647655364:,1747647665136
counter/6/0/0/0,6938:1747647655364:,1747647665136
counter/7/0/0/0,7513:1747647655480:,1747647665136
counter/7/0/0/0,7514:1747647655480:,1747647665136
counter/7/0/0/0,7515:1747647655480:,1747647665137
counter/7/0/0/0,7516:1747647655480:,1747647665137
counter/7/0/0/0,7517:1747647655481:,1747647665137
counter/7/0/0/0,7518:1747647655491:,1747647665137
counter/7/0/0/0,7519:1747647655503:,1747647665137
counter/7/0/0/0,7520:1747647655511:,1747647665137
counter/6/0/0/0,6939:1747647655364:,1747647665137
counter/2/0/0/0,7457:1747647654491:,1747647665137
counter/7/0/0/0,7521:1747647655512:,1747647665137
counter/7/0/0/0,7522:1747647655512:,1747647665137
counter/7/0/0/0,7523:1747647655512:,1747647665137
counter/7/0/0/0,7524:1747647655512:,1747647665137
counter/7/0/0/0,7525:1747647655516:,1747647665137
counter/7/0/0/0,7526:1747647655516:,1747647665137
counter/7/0/0/0,7527:1747647655516:,1747647665137
counter/7/0/0/0,7528:1747647655516:,1747647665137
counter/7/0/0/0,7529:1747647655516:,1747647665137
counter/5/0/0/0,7672:1747647655493:,1747647665137
counter/7/0/0/0,7530:1747647655517:,1747647665137
counter/5/0/0/0,7673:1747647655493:,1747647665137
counter/2/0/0/0,7458:1747647654491:,1747647665137
counter/4/0/0/0,7694:1747647656332:,1747647665138
counter/2/0/0/0,7459:1747647654497:,1747647665138
counter/2/0/0/0,7460:1747647654497:,1747647665138
counter/2/0/0/0,7461:1747647654497:,1747647665138
counter/2/0/0/0,7462:1747647654497:,1747647665138
counter/2/0/0/0,7463:1747647654497:,1747647665138
counter/2/0/0/0,7464:1747647654497:,1747647665138
counter/2/0/0/0,7465:1747647654497:,1747647665138
counter/2/0/0/0,7466:1747647654497:,1747647665138
counter/1/0/0/0,8418:1747647656425:,1747647665138
counter/2/0/0/0,7467:1747647654498:,1747647665138
counter/2/0/0/0,7468:1747647654498:,1747647665138
counter/2/0/0/0,7469:1747647654498:,1747647665138
counter/5/0/0/0,7674:1747647655494:,1747647665138
counter/3/0/0/0,8038:1747647655696:,1747647665138
counter/3/0/0/0,8039:1747647655696:,1747647665139
counter/6/0/0/0,6940:1747647655364:,1747647665139
counter/4/0/0/0,7695:1747647656332:,1747647665139
counter/10/0/0/0,7058:1747647655059:,1747647665139
counter/10/0/0/0,7059:1747647655059:,1747647665139
counter/10/0/0/0,7060:1747647655059:,1747647665139
counter/10/0/0/0,7061:1747647655059:,1747647665139
counter/10/0/0/0,7062:1747647655059:,1747647665139
counter/10/0/0/0,7063:1747647655059:,1747647665139
counter/10/0/0/0,7064:1747647655059:,1747647665139
counter/2/0/0/0,7470:1747647654498:,1747647665139
counter/10/0/0/0,7065:1747647655059:,1747647665139
counter/1/0/0/0,8419:1747647656425:,1747647665139
counter/10/0/0/0,7066:1747647655059:,1747647665139
counter/6/0/0/0,6941:1747647655364:,1747647665139
counter/7/0/0/0,7531:1747647655517:,1747647665139
counter/6/0/0/0,6942:1747647655364:,1747647665139
counter/10/0/0/0,7067:1747647655059:,1747647665139
counter/5/0/0/0,7675:1747647655498:,1747647665139
counter/4/0/0/0,7696:1747647656332:,1747647665140
counter/2/0/0/0,7471:1747647654498:,1747647665140
counter/6/0/0/0,6943:1747647655367:,1747647665140
counter/10/0/0/0,7068:1747647655059:,1747647665140
counter/10/0/0/0,7069:1747647655059:,1747647665140
counter/10/0/0/0,7070:1747647655060:,1747647665140
counter/10/0/0/0,7071:1747647655060:,1747647665140
counter/10/0/0/0,7072:1747647655060:,1747647665140
counter/10/0/0/0,7073:1747647655060:,1747647665140
counter/10/0/0/0,7074:1747647655060:,1747647665140
counter/1/0/0/0,8420:1747647656425:,1747647665140
counter/1/0/0/0,8421:1747647656429:,1747647665140
counter/1/0/0/0,8422:1747647656429:,1747647665140
counter/1/0/0/0,8423:1747647656429:,1747647665140
counter/1/0/0/0,8424:1747647656429:,1747647665141
counter/7/0/0/0,7532:1747647655517:,1747647665143
counter/7/0/0/0,7533:1747647655517:,1747647665143
counter/7/0/0/0,7534:1747647655517:,1747647665143
counter/7/0/0/0,7535:1747647655517:,1747647665143
counter/7/0/0/0,7536:1747647655517:,1747647665143
counter/7/0/0/0,7537:1747647655517:,1747647665143
counter/7/0/0/0,7538:1747647655517:,1747647665143
counter/7/0/0/0,7539:1747647655517:,1747647665143
counter/7/0/0/0,7540:1747647655517:,1747647665143
counter/7/0/0/0,7541:1747647655517:,1747647665143
counter/7/0/0/0,7542:1747647655517:,1747647665143
counter/7/0/0/0,7543:1747647655517:,1747647665143
counter/7/0/0/0,7544:1747647655517:,1747647665143
counter/7/0/0/0,7545:1747647655527:,1747647665143
counter/6/0/0/0,6944:1747647655367:,1747647665143
counter/4/0/0/0,7697:1747647656332:,1747647665143
counter/1/0/0/0,8425:1747647656429:,1747647665144
counter/8/0/0/0,7884:1747647655231:,1747647665144
counter/4/0/0/0,7698:1747647656333:,1747647665144
counter/8/0/0/0,7885:1747647655231:,1747647665144
counter/8/0/0/0,7886:1747647655232:,1747647665144
counter/8/0/0/0,7887:1747647655237:,1747647665144
counter/8/0/0/0,7888:1747647655237:,1747647665144
counter/8/0/0/0,7889:1747647655237:,1747647665144
counter/8/0/0/0,7890:1747647655237:,1747647665144
counter/8/0/0/0,7891:1747647655237:,1747647665144
counter/3/0/0/0,8040:1747647655696:,1747647665145
counter/2/0/0/0,7472:1747647654498:,1747647665145
counter/8/0/0/0,7892:1747647655237:,1747647665145
counter/10/0/0/0,7075:1747647655060:,1747647665146
counter/10/0/0/0,7076:1747647655060:,1747647665146
counter/10/0/0/0,7077:1747647655060:,1747647665146
counter/10/0/0/0,7078:1747647655060:,1747647665146
counter/10/0/0/0,7079:1747647655060:,1747647665146
counter/10/0/0/0,7080:1747647655060:,1747647665146
counter/10/0/0/0,7081:1747647655060:,1747647665146
counter/10/0/0/0,7082:1747647655060:,1747647665146
counter/10/0/0/0,7083:1747647655061:,1747647665146
counter/10/0/0/0,7084:1747647655074:,1747647665146
counter/10/0/0/0,7085:1747647655074:,1747647665146
counter/10/0/0/0,7086:1747647655077:,1747647665146
counter/10/0/0/0,7087:1747647655084:,1747647665146
counter/10/0/0/0,7088:1747647655085:,1747647665146
counter/10/0/0/0,7089:1747647655085:,1747647665146
counter/10/0/0/0,7090:1747647655088:,1747647665146
counter/10/0/0/0,7091:1747647655088:,1747647665146
counter/10/0/0/0,7092:1747647655088:,1747647665146
counter/10/0/0/0,7093:1747647655088:,1747647665146
counter/10/0/0/0,7094:1747647655097:,1747647665146
counter/10/0/0/0,7095:1747647655097:,1747647665146
counter/1/0/0/0,8426:1747647656429:,1747647665146
counter/9/0/0/0,8196:1747647655753:,1747647665146
counter/6/0/0/0,6945:1747647655368:,1747647665147
counter/9/0/0/0,8197:1747647655753:,1747647665147
counter/9/0/0/0,8198:1747647655753:,1747647665147
counter/9/0/0/0,8199:1747647655753:,1747647665148
counter/5/0/0/0,7676:1747647655498:,1747647665148
counter/5/0/0/0,7677:1747647655498:,1747647665148
counter/8/0/0/0,7893:1747647655237:,1747647665148
counter/10/0/0/0,7096:1747647655097:,1747647665148
counter/4/0/0/0,7699:1747647656336:,1747647665148
counter/8/0/0/0,7894:1747647655238:,1747647665149
counter/2/0/0/0,7473:1747647654498:,1747647665149
counter/2/0/0/0,7474:1747647654509:,1747647665149
counter/10/0/0/0,7097:1747647655097:,1747647665149
counter/10/0/0/0,7098:1747647655097:,1747647665149
counter/10/0/0/0,7099:1747647655097:,1747647665149
counter/6/0/0/0,6946:1747647655368:,1747647665151
counter/7/0/0/0,7546:1747647655527:,1747647665151
counter/6/0/0/0,6947:1747647655368:,1747647665151
counter/6/0/0/0,6948:1747647655368:,1747647665151
counter/6/0/0/0,6949:1747647655368:,1747647665151
counter/6/0/0/0,6950:1747647655368:,1747647665151
counter/6/0/0/0,6951:1747647655368:,1747647665151
counter/6/0/0/0,6952:1747647655393:,1747647665151
counter/8/0/0/0,7895:1747647655238:,1747647665151
counter/8/0/0/0,7896:1747647655238:,1747647665151
counter/8/0/0/0,7897:1747647655238:,1747647665151
counter/8/0/0/0,7898:1747647655239:,1747647665151
counter/8/0/0/0,7899:1747647655239:,1747647665151
counter/8/0/0/0,7900:1747647655241:,1747647665151
counter/8/0/0/0,7901:1747647655241:,1747647665151
counter/8/0/0/0,7902:1747647655241:,1747647665151
counter/8/0/0/0,7903:1747647655241:,1747647665151
counter/8/0/0/0,7904:1747647655241:,1747647665151
counter/2/0/0/0,7475:1747647654509:,1747647665151
counter/6/0/0/0,6953:1747647655400:,1747647665151
counter/3/0/0/0,8041:1747647655697:,1747647665151
counter/6/0/0/0,6954:1747647655400:,1747647665152
counter/8/0/0/0,7905:1747647655241:,1747647665152
counter/2/0/0/0,7476:1747647654509:,1747647665152
counter/2/0/0/0,7477:1747647654509:,1747647665152
counter/2/0/0/0,7478:1747647654526:,1747647665152
counter/2/0/0/0,7479:1747647654526:,1747647665152
counter/2/0/0/0,7480:1747647654526:,1747647665152
counter/6/0/0/0,6955:1747647655400:,1747647665152
counter/6/0/0/0,6956:1747647655400:,1747647665152
counter/6/0/0/0,6957:1747647655410:,1747647665153
counter/4/0/0/0,7700:1747647656341:,1747647665153
counter/10/0/0/0,7100:1747647655097:,1747647665153
counter/9/0/0/0,8200:1747647655753:,1747647665153
counter/7/0/0/0,7547:1747647655527:,1747647665153
counter/1/0/0/0,8427:1747647656429:,1747647665153
counter/7/0/0/0,7548:1747647655528:,1747647665154
counter/5/0/0/0,7678:1747647655498:,1747647665154
counter/1/0/0/0,8428:1747647656429:,1747647665154
counter/1/0/0/0,8429:1747647656429:,1747647665154
counter/1/0/0/0,8430:1747647656429:,1747647665154
counter/2/0/0/0,7481:1747647654526:,1747647665154
counter/3/0/0/0,8042:1747647655697:,1747647665154
counter/2/0/0/0,7482:1747647654527:,1747647665154
counter/3/0/0/0,8043:1747647655697:,1747647665154
counter/2/0/0/0,7483:1747647654527:,1747647665156
counter/2/0/0/0,7484:1747647654528:,1747647665156
counter/2/0/0/0,7485:1747647654528:,1747647665156
counter/2/0/0/0,7486:1747647654529:,1747647665156
counter/2/0/0/0,7487:1747647654529:,1747647665156
counter/2/0/0/0,7488:1747647654544:,1747647665156
counter/4/0/0/0,7701:1747647656341:,1747647665156
counter/5/0/0/0,7679:1747647655498:,1747647665156
counter/4/0/0/0,7702:1747647656341:,1747647665156
counter/4/0/0/0,7703:1747647656341:,1747647665156
counter/4/0/0/0,7704:1747647656343:,1747647665156
counter/4/0/0/0,7705:1747647656343:,1747647665156
counter/4/0/0/0,7706:1747647656343:,1747647665156
counter/2/0/0/0,7489:1747647654544:,1747647665156
counter/7/0/0/0,7549:1747647655529:,1747647665156
counter/8/0/0/0,7906:1747647655241:,1747647665157
counter/8/0/0/0,7907:1747647655241:,1747647665157
counter/8/0/0/0,7908:1747647655241:,1747647665157
counter/9/0/0/0,8201:1747647655753:,1747647665157
counter/8/0/0/0,7909:1747647655241:,1747647665157
counter/8/0/0/0,7910:1747647655241:,1747647665157
counter/4/0/0/0,7707:1747647656343:,1747647665157
counter/10/0/0/0,7101:1747647655097:,1747647665158
counter/10/0/0/0,7102:1747647655097:,1747647665158
counter/10/0/0/0,7103:1747647655097:,1747647665158
counter/10/0/0/0,7104:1747647655097:,1747647665158
counter/10/0/0/0,7105:1747647655110:,1747647665158
counter/6/0/0/0,6958:1747647655410:,1747647665158
counter/6/0/0/0,6959:1747647655410:,1747647665158
counter/2/0/0/0,7490:1747647654561:,1747647665158
counter/2/0/0/0,7491:1747647654561:,1747647665158
counter/3/0/0/0,8044:1747647655697:,1747647665159
counter/5/0/0/0,7680:1747647655498:,1747647665159
counter/2/0/0/0,7492:1747647654561:,1747647665160
counter/2/0/0/0,7493:1747647654561:,1747647665160
counter/2/0/0/0,7494:1747647654561:,1747647665160
counter/2/0/0/0,7495:1747647654561:,1747647665160
counter/4/0/0/0,7708:1747647656343:,1747647665160
counter/2/0/0/0,7496:1747647654561:,1747647665161
counter/2/0/0/0,7497:1747647654561:,1747647665161
counter/2/0/0/0,7498:1747647654561:,1747647665161
counter/2/0/0/0,7499:1747647654561:,1747647665161
counter/2/0/0/0,7500:1747647654561:,1747647665161
counter/2/0/0/0,7501:1747647654561:,1747647665161
counter/2/0/0/0,7502:1747647654561:,1747647665161
counter/2/0/0/0,7503:1747647654561:,1747647665161
counter/8/0/0/0,7911:1747647655241:,1747647665161
counter/4/0/0/0,7709:1747647656343:,1747647665161
counter/6/0/0/0,6960:1747647655429:,1747647665168
counter/7/0/0/0,7550:1747647655529:,1747647665169
counter/7/0/0/0,7551:1747647655529:,1747647665169
counter/7/0/0/0,7552:1747647655529:,1747647665170
counter/7/0/0/0,7553:1747647655529:,1747647665170
counter/7/0/0/0,7554:1747647655529:,1747647665170
counter/7/0/0/0,7555:1747647655529:,1747647665170
counter/7/0/0/0,7556:1747647655553:,1747647665170
counter/7/0/0/0,7557:1747647655553:,1747647665170
counter/10/0/0/0,7106:1747647655110:,1747647665170
counter/10/0/0/0,7107:1747647655112:,1747647665170
counter/10/0/0/0,7108:1747647655112:,1747647665170
counter/10/0/0/0,7109:1747647655112:,1747647665170
counter/10/0/0/0,7110:1747647655112:,1747647665170
counter/10/0/0/0,7111:1747647655112:,1747647665170
counter/10/0/0/0,7112:1747647655112:,1747647665170
counter/10/0/0/0,7113:1747647655112:,1747647665170
counter/10/0/0/0,7114:1747647655112:,1747647665170
counter/7/0/0/0,7558:1747647655553:,1747647665170
counter/3/0/0/0,8045:1747647655697:,1747647665170
counter/5/0/0/0,7681:1747647655498:,1747647665172
counter/8/0/0/0,7912:1747647655241:,1747647665173
counter/5/0/0/0,7682:1747647655498:,1747647665173
counter/7/0/0/0,7559:1747647655553:,1747647665173
counter/6/0/0/0,6961:1747647655429:,1747647665173
counter/6/0/0/0,6962:1747647655430:,1747647665173
counter/6/0/0/0,6963:1747647655430:,1747647665173
counter/6/0/0/0,6964:1747647655430:,1747647665173
counter/6/0/0/0,6965:1747647655430:,1747647665173
counter/6/0/0/0,6966:1747647655430:,1747647665173
counter/6/0/0/0,6967:1747647655430:,1747647665173
counter/6/0/0/0,6968:1747647655430:,1747647665173
counter/2/0/0/0,7504:1747647654562:,1747647665174
counter/6/0/0/0,6969:1747647655430:,1747647665174
counter/2/0/0/0,7505:1747647654562:,1747647665174
counter/6/0/0/0,6970:1747647655430:,1747647665174
counter/6/0/0/0,6971:1747647655430:,1747647665174
counter/6/0/0/0,6972:1747647655430:,1747647665174
counter/6/0/0/0,6973:1747647655430:,1747647665174
counter/9/0/0/0,8202:1747647655753:,1747647665174
counter/6/0/0/0,6974:1747647655432:,1747647665174
counter/6/0/0/0,6975:1747647655432:,1747647665174
counter/8/0/0/0,7913:1747647655242:,1747647665175
counter/8/0/0/0,7914:1747647655242:,1747647665175
counter/8/0/0/0,7915:1747647655246:,1747647665175
counter/8/0/0/0,7916:1747647655246:,1747647665175
counter/8/0/0/0,7917:1747647655246:,1747647665175
counter/8/0/0/0,7918:1747647655246:,1747647665175
counter/8/0/0/0,7919:1747647655248:,1747647665175
counter/8/0/0/0,7920:1747647655248:,1747647665176
counter/8/0/0/0,7921:1747647655248:,1747647665176
counter/8/0/0/0,7922:1747647655248:,1747647665176
counter/8/0/0/0,7923:1747647655248:,1747647665176
counter/6/0/0/0,6976:1747647655435:,1747647665176
counter/10/0/0/0,7115:1747647655112:,1747647665176
counter/10/0/0/0,7116:1747647655112:,1747647665176
counter/10/0/0/0,7117:1747647655112:,1747647665176
counter/8/0/0/0,7924:1747647655248:,1747647665176
counter/9/0/0/0,8203:1747647655753:,1747647665176
counter/1/0/0/0,8431:1747647656429:,1747647665176
counter/3/0/0/0,8046:1747647655697:,1747647665176
counter/1/0/0/0,8432:1747647656429:,1747647665176
counter/6/0/0/0,6977:1747647655435:,1747647665178
counter/7/0/0/0,7560:1747647655553:,1747647665178
counter/3/0/0/0,8047:1747647655697:,1747647665178
counter/1/0/0/0,8433:1747647656430:,1747647665178
counter/3/0/0/0,8048:1747647655697:,1747647665178
counter/2/0/0/0,7506:1747647654562:,1747647665179
counter/2/0/0/0,7507:1747647654562:,1747647665180
counter/6/0/0/0,6978:1747647655435:,1747647665180
counter/6/0/0/0,6979:1747647655435:,1747647665180
counter/6/0/0/0,6980:1747647655436:,1747647665180
counter/6/0/0/0,6981:1747647655436:,1747647665180
counter/6/0/0/0,6982:1747647655436:,1747647665180
counter/6/0/0/0,6983:1747647655436:,1747647665180
counter/6/0/0/0,6984:1747647655436:,1747647665180
counter/6/0/0/0,6985:1747647655436:,1747647665180
counter/6/0/0/0,6986:1747647655436:,1747647665180
counter/10/0/0/0,7118:1747647655112:,1747647665181
counter/8/0/0/0,7925:1747647655248:,1747647665181
counter/3/0/0/0,8049:1747647655697:,1747647665182
counter/9/0/0/0,8204:1747647655753:,1747647665182
counter/10/0/0/0,7119:1747647655112:,1747647665183
counter/8/0/0/0,7926:1747647655248:,1747647665183
counter/10/0/0/0,7120:1747647655112:,1747647665183
counter/3/0/0/0,8050:1747647655697:,1747647665183
counter/9/0/0/0,8205:1747647655753:,1747647665183
counter/1/0/0/0,8434:1747647656430:,1747647665185
counter/8/0/0/0,7927:1747647655248:,1747647665185
counter/7/0/0/0,7561:1747647655553:,1747647665186
counter/6/0/0/0,6987:1747647655436:,1747647665186
counter/2/0/0/0,7508:1747647654562:,1747647665186
counter/8/0/0/0,7928:1747647655248:,1747647665186
counter/2/0/0/0,7509:1747647654562:,1747647665186
counter/2/0/0/0,7510:1747647654562:,1747647665186
counter/2/0/0/0,7511:1747647654562:,1747647665186
counter/2/0/0/0,7512:1747647654562:,1747647665187
counter/2/0/0/0,7513:1747647654562:,1747647665187
counter/2/0/0/0,7514:1747647654562:,1747647665187
counter/2/0/0/0,7515:1747647654562:,1747647665187
counter/4/0/0/0,7710:1747647656343:,1747647665188
counter/5/0/0/0,7683:1747647655498:,1747647665188
counter/4/0/0/0,7711:1747647656343:,1747647665188
counter/3/0/0/0,8051:1747647655697:,1747647665188
counter/7/0/0/0,7562:1747647655553:,1747647665188
counter/7/0/0/0,7563:1747647655553:,1747647665188
counter/7/0/0/0,7564:1747647655557:,1747647665188
counter/7/0/0/0,7565:1747647655557:,1747647665188
counter/7/0/0/0,7566:1747647655575:,1747647665188
counter/7/0/0/0,7567:1747647655575:,1747647665189
counter/7/0/0/0,7568:1747647655575:,1747647665189
counter/2/0/0/0,7516:1747647654562:,1747647665189
counter/6/0/0/0,6988:1747647655436:,1747647665189
counter/9/0/0/0,8206:1747647655753:,1747647665189
counter/2/0/0/0,7517:1747647654562:,1747647665189
counter/9/0/0/0,8207:1747647655753:,1747647665190
counter/8/0/0/0,7929:1747647655248:,1747647665192
counter/8/0/0/0,7930:1747647655248:,1747647665192
counter/8/0/0/0,7931:1747647655248:,1747647665192
counter/8/0/0/0,7932:1747647655248:,1747647665192
counter/8/0/0/0,7933:1747647655248:,1747647665192
counter/8/0/0/0,7934:1747647655248:,1747647665192
counter/8/0/0/0,7935:1747647655248:,1747647665192
counter/8/0/0/0,7936:1747647655248:,1747647665192
counter/8/0/0/0,7937:1747647655248:,1747647665192
counter/8/0/0/0,7938:1747647655248:,1747647665192
counter/7/0/0/0,7569:1747647655575:,1747647665193
counter/7/0/0/0,7570:1747647655575:,1747647665194
counter/7/0/0/0,7571:1747647655575:,1747647665194
counter/7/0/0/0,7572:1747647655575:,1747647665194
counter/7/0/0/0,7573:1747647655575:,1747647665194
counter/7/0/0/0,7574:1747647655575:,1747647665194
counter/7/0/0/0,7575:1747647655576:,1747647665194
counter/7/0/0/0,7576:1747647655576:,1747647665194
counter/7/0/0/0,7577:1747647655576:,1747647665194
counter/7/0/0/0,7578:1747647655576:,1747647665194
counter/7/0/0/0,7579:1747647655576:,1747647665194
counter/7/0/0/0,7580:1747647655576:,1747647665194
counter/7/0/0/0,7581:1747647655576:,1747647665194
counter/7/0/0/0,7582:1747647655576:,1747647665195
counter/9/0/0/0,8208:1747647655753:,1747647665195
counter/7/0/0/0,7583:1747647655576:,1747647665195
counter/10/0/0/0,7121:1747647655128:,1747647665195
counter/10/0/0/0,7122:1747647655128:,1747647665195
counter/3/0/0/0,8052:1747647655697:,1747647665195
counter/3/0/0/0,8053:1747647655697:,1747647665195
counter/3/0/0/0,8054:1747647655697:,1747647665195
counter/3/0/0/0,8055:1747647655698:,1747647665195
counter/3/0/0/0,8056:1747647655698:,1747647665195
counter/3/0/0/0,8057:1747647655698:,1747647665195
counter/3/0/0/0,8058:1747647655710:,1747647665195
counter/3/0/0/0,8059:1747647655711:,1747647665195
counter/3/0/0/0,8060:1747647655711:,1747647665195
counter/3/0/0/0,8061:1747647655711:,1747647665195
counter/3/0/0/0,8062:1747647655711:,1747647665195
counter/3/0/0/0,8063:1747647655711:,1747647665195
counter/3/0/0/0,8064:1747647655711:,1747647665195
counter/7/0/0/0,7584:1747647655576:,1747647665195
counter/7/0/0/0,7585:1747647655576:,1747647665195
counter/7/0/0/0,7586:1747647655576:,1747647665195
counter/7/0/0/0,7587:1747647655576:,1747647665195
counter/7/0/0/0,7588:1747647655576:,1747647665195
counter/7/0/0/0,7589:1747647655579:,1747647665195
counter/7/0/0/0,7590:1747647655579:,1747647665195
counter/10/0/0/0,7123:1747647655128:,1747647665196
counter/2/0/0/0,7518:1747647654562:,1747647665196
counter/10/0/0/0,7124:1747647655128:,1747647665196
counter/10/0/0/0,7125:1747647655128:,1747647665196
counter/6/0/0/0,6989:1747647655436:,1747647665196
counter/10/0/0/0,7126:1747647655128:,1747647665196
counter/5/0/0/0,7684:1747647655502:,1747647665196
counter/5/0/0/0,7685:1747647655505:,1747647665196
counter/10/0/0/0,7127:1747647655128:,1747647665196
counter/2/0/0/0,7519:1747647654562:,1747647665197
counter/2/0/0/0,7520:1747647654570:,1747647665197
counter/2/0/0/0,7521:1747647654570:,1747647665197
counter/8/0/0/0,7939:1747647655248:,1747647665197
counter/10/0/0/0,7128:1747647655128:,1747647665197
counter/5/0/0/0,7686:1747647655505:,1747647665198
counter/5/0/0/0,7687:1747647655505:,1747647665198
counter/5/0/0/0,7688:1747647655505:,1747647665198
counter/5/0/0/0,7689:1747647655505:,1747647665198
counter/5/0/0/0,7690:1747647655505:,1747647665198
counter/5/0/0/0,7691:1747647655505:,1747647665199
counter/1/0/0/0,8435:1747647656430:,1747647665199
counter/2/0/0/0,7522:1747647654570:,1747647665199
counter/10/0/0/0,7129:1747647655129:,1747647665199
counter/10/0/0/0,7130:1747647655129:,1747647665199
counter/6/0/0/0,6990:1747647655436:,1747647665199
counter/5/0/0/0,7692:1747647655505:,1747647665199
counter/5/0/0/0,7693:1747647655505:,1747647665199
counter/5/0/0/0,7694:1747647655505:,1747647665199
counter/5/0/0/0,7695:1747647655505:,1747647665200
counter/5/0/0/0,7696:1747647655510:,1747647665200
counter/5/0/0/0,7697:1747647655510:,1747647665200
counter/5/0/0/0,7698:1747647655510:,1747647665200
counter/5/0/0/0,7699:1747647655510:,1747647665200
counter/5/0/0/0,7700:1747647655510:,1747647665200
counter/5/0/0/0,7701:1747647655510:,1747647665200
counter/5/0/0/0,7702:1747647655511:,1747647665200
counter/8/0/0/0,7940:1747647655248:,1747647665200
counter/3/0/0/0,8065:1747647655711:,1747647665200
counter/3/0/0/0,8066:1747647655711:,1747647665200
counter/3/0/0/0,8067:1747647655711:,1747647665200
counter/3/0/0/0,8068:1747647655722:,1747647665200
counter/3/0/0/0,8069:1747647655722:,1747647665200
counter/9/0/0/0,8209:1747647655753:,1747647665200
counter/9/0/0/0,8210:1747647655753:,1747647665200
counter/9/0/0/0,8211:1747647655753:,1747647665200
counter/9/0/0/0,8212:1747647655753:,1747647665200
counter/8/0/0/0,7941:1747647655249:,1747647665201
counter/6/0/0/0,6991:1747647655436:,1747647665201
counter/8/0/0/0,7942:1747647655249:,1747647665201
counter/3/0/0/0,8070:1747647655722:,1747647665201
counter/8/0/0/0,7943:1747647655249:,1747647665201
counter/3/0/0/0,8071:1747647655722:,1747647665201
counter/3/0/0/0,8072:1747647655722:,1747647665201
counter/3/0/0/0,8073:1747647655722:,1747647665201
counter/3/0/0/0,8074:1747647655722:,1747647665201
counter/3/0/0/0,8075:1747647655722:,1747647665201
counter/10/0/0/0,7131:1747647655129:,1747647665201
counter/5/0/0/0,7703:1747647655511:,1747647665201
counter/10/0/0/0,7132:1747647655129:,1747647665201
counter/3/0/0/0,8076:1747647655722:,1747647665201
counter/9/0/0/0,8213:1747647655753:,1747647665203
counter/9/0/0/0,8214:1747647655753:,1747647665203
counter/9/0/0/0,8215:1747647655753:,1747647665203
counter/9/0/0/0,8216:1747647655753:,1747647665204
counter/9/0/0/0,8217:1747647655753:,1747647665204
counter/9/0/0/0,8218:1747647655753:,1747647665204
counter/1/0/0/0,8436:1747647656430:,1747647665204
counter/7/0/0/0,7591:1747647655579:,1747647665204
counter/4/0/0/0,7712:1747647656343:,1747647665204
counter/4/0/0/0,7713:1747647656343:,1747647665204
counter/4/0/0/0,7714:1747647656343:,1747647665204
counter/4/0/0/0,7715:1747647656343:,1747647665204
counter/4/0/0/0,7716:1747647656343:,1747647665204
counter/10/0/0/0,7133:1747647655129:,1747647665204
counter/9/0/0/0,8219:1747647655754:,1747647665204
counter/2/0/0/0,7523:1747647654570:,1747647665207
counter/2/0/0/0,7524:1747647654570:,1747647665207
counter/2/0/0/0,7525:1747647654570:,1747647665207
counter/2/0/0/0,7526:1747647654570:,1747647665207
counter/2/0/0/0,7527:1747647654572:,1747647665207
counter/2/0/0/0,7528:1747647654572:,1747647665207
counter/2/0/0/0,7529:1747647654572:,1747647665208
counter/2/0/0/0,7530:1747647654575:,1747647665208
counter/2/0/0/0,7531:1747647654575:,1747647665208
counter/2/0/0/0,7532:1747647654575:,1747647665208
counter/2/0/0/0,7533:1747647654575:,1747647665208
counter/2/0/0/0,7534:1747647654575:,1747647665208
counter/2/0/0/0,7535:1747647654575:,1747647665208
counter/1/0/0/0,8437:1747647656430:,1747647665208
counter/1/0/0/0,8438:1747647656430:,1747647665208
counter/1/0/0/0,8439:1747647656430:,1747647665208
counter/1/0/0/0,8440:1747647656433:,1747647665208
counter/1/0/0/0,8441:1747647656433:,1747647665208
counter/1/0/0/0,8442:1747647656433:,1747647665208
counter/1/0/0/0,8443:1747647656433:,1747647665208
counter/1/0/0/0,8444:1747647656433:,1747647665208
counter/1/0/0/0,8445:1747647656433:,1747647665208
counter/1/0/0/0,8446:1747647656433:,1747647665209
counter/1/0/0/0,8447:1747647656433:,1747647665209
counter/10/0/0/0,7134:1747647655129:,1747647665210
counter/7/0/0/0,7592:1747647655579:,1747647665210
counter/10/0/0/0,7135:1747647655129:,1747647665210
counter/10/0/0/0,7136:1747647655129:,1747647665210
counter/10/0/0/0,7137:1747647655133:,1747647665210
counter/10/0/0/0,7138:1747647655133:,1747647665210
counter/9/0/0/0,8220:1747647655754:,1747647665210
counter/9/0/0/0,8221:1747647655754:,1747647665210
counter/9/0/0/0,8222:1747647655754:,1747647665210
counter/9/0/0/0,8223:1747647655754:,1747647665210
counter/9/0/0/0,8224:1747647655754:,1747647665210
counter/2/0/0/0,7536:1747647654575:,1747647665210
counter/2/0/0/0,7537:1747647654575:,1747647665210
counter/2/0/0/0,7538:1747647654575:,1747647665210
counter/2/0/0/0,7539:1747647654575:,1747647665210
counter/2/0/0/0,7540:1747647654575:,1747647665211
counter/2/0/0/0,7541:1747647654575:,1747647665211
counter/2/0/0/0,7542:1747647654575:,1747647665211
counter/2/0/0/0,7543:1747647654575:,1747647665211
counter/5/0/0/0,7704:1747647655511:,1747647665211
counter/6/0/0/0,6992:1747647655436:,1747647665211
counter/3/0/0/0,8077:1747647655722:,1747647665211
counter/6/0/0/0,6993:1747647655436:,1747647665211
counter/1/0/0/0,8448:1747647656440:,1747647665212
counter/1/0/0/0,8449:1747647656440:,1747647665213
counter/1/0/0/0,8450:1747647656440:,1747647665213
counter/1/0/0/0,8451:1747647656440:,1747647665213
counter/10/0/0/0,7139:1747647655133:,1747647665213
counter/10/0/0/0,7140:1747647655133:,1747647665213
counter/4/0/0/0,7717:1747647656343:,1747647665213
counter/1/0/0/0,8452:1747647656440:,1747647665213
counter/2/0/0/0,7544:1747647654575:,1747647665214
counter/9/0/0/0,8225:1747647655756:,1747647665214
counter/5/0/0/0,7705:1747647655511:,1747647665214
counter/10/0/0/0,7141:1747647655133:,1747647665215
counter/10/0/0/0,7142:1747647655133:,1747647665215
counter/10/0/0/0,7143:1747647655134:,1747647665215
counter/10/0/0/0,7144:1747647655134:,1747647665215
counter/10/0/0/0,7145:1747647655134:,1747647665215
counter/10/0/0/0,7146:1747647655134:,1747647665215
counter/10/0/0/0,7147:1747647655134:,1747647665215
counter/6/0/0/0,6994:1747647655437:,1747647665215
counter/10/0/0/0,7148:1747647655134:,1747647665216
counter/1/0/0/0,8453:1747647656440:,1747647665217
counter/10/0/0/0,7149:1747647655134:,1747647665217
counter/10/0/0/0,7150:1747647655134:,1747647665217
counter/10/0/0/0,7151:1747647655147:,1747647665217
counter/10/0/0/0,7152:1747647655147:,1747647665217
counter/2/0/0/0,7545:1747647654575:,1747647665218
counter/5/0/0/0,7706:1747647655511:,1747647665218
counter/6/0/0/0,6995:1747647655437:,1747647665218
counter/9/0/0/0,8226:1747647655756:,1747647665218
counter/6/0/0/0,6996:1747647655437:,1747647665219
counter/9/0/0/0,8227:1747647655756:,1747647665219
counter/6/0/0/0,6997:1747647655437:,1747647665219
counter/5/0/0/0,7707:1747647655511:,1747647665219
counter/2/0/0/0,7546:1747647654577:,1747647665220
counter/3/0/0/0,8078:1747647655722:,1747647665220
counter/2/0/0/0,7547:1747647654577:,1747647665220
counter/2/0/0/0,7548:1747647654577:,1747647665220
counter/2/0/0/0,7549:1747647654577:,1747647665220
counter/9/0/0/0,8228:1747647655756:,1747647665220
counter/9/0/0/0,8229:1747647655756:,1747647665220
counter/9/0/0/0,8230:1747647655756:,1747647665220
counter/4/0/0/0,7718:1747647656343:,1747647665220
counter/9/0/0/0,8231:1747647655756:,1747647665220
counter/4/0/0/0,7719:1747647656350:,1747647665220
counter/4/0/0/0,7720:1747647656350:,1747647665220
counter/4/0/0/0,7721:1747647656350:,1747647665220
counter/4/0/0/0,7722:1747647656350:,1747647665220
counter/4/0/0/0,7723:1747647656350:,1747647665220
counter/4/0/0/0,7724:1747647656350:,1747647665220
counter/10/0/0/0,7153:1747647655147:,1747647665220
counter/4/0/0/0,7725:1747647656350:,1747647665220
counter/2/0/0/0,7550:1747647654577:,1747647665221
counter/2/0/0/0,7551:1747647654577:,1747647665221
counter/9/0/0/0,8232:1747647655756:,1747647665221
counter/4/0/0/0,7726:1747647656350:,1747647665221
counter/4/0/0/0,7727:1747647656350:,1747647665221
counter/4/0/0/0,7728:1747647656350:,1747647665221
counter/4/0/0/0,7729:1747647656350:,1747647665221
counter/4/0/0/0,7730:1747647656350:,1747647665222
counter/4/0/0/0,7731:1747647656351:,1747647665222
counter/4/0/0/0,7732:1747647656353:,1747647665222
counter/2/0/0/0,7552:1747647654577:,1747647665223
counter/7/0/0/0,7593:1747647655579:,1747647665223
counter/2/0/0/0,7553:1747647654581:,1747647665223
counter/8/0/0/0,7944:1747647655249:,1747647665223
counter/2/0/0/0,7554:1747647654581:,1747647665223
counter/8/0/0/0,7945:1747647655249:,1747647665223
counter/8/0/0/0,7946:1747647655249:,1747647665223
counter/8/0/0/0,7947:1747647655249:,1747647665223
counter/8/0/0/0,7948:1747647655249:,1747647665223
counter/8/0/0/0,7949:1747647655253:,1747647665223
counter/6/0/0/0,6998:1747647655437:,1747647665223
counter/6/0/0/0,6999:1747647655437:,1747647665223
counter/6/0/0/0,7000:1747647655437:,1747647665223
counter/6/0/0/0,7001:1747647655437:,1747647665223
counter/4/0/0/0,7733:1747647656353:,1747647665223
counter/6/0/0/0,7002:1747647655437:,1747647665223
counter/4/0/0/0,7734:1747647656353:,1747647665223
counter/6/0/0/0,7003:1747647655437:,1747647665223
counter/9/0/0/0,8233:1747647655757:,1747647665223
counter/2/0/0/0,7555:1747647654582:,1747647665224
counter/2/0/0/0,7556:1747647654582:,1747647665224
counter/3/0/0/0,8079:1747647655722:,1747647665225
counter/10/0/0/0,7154:1747647655147:,1747647665225
counter/10/0/0/0,7155:1747647655147:,1747647665225
counter/10/0/0/0,7156:1747647655147:,1747647665225
counter/10/0/0/0,7157:1747647655147:,1747647665225
counter/10/0/0/0,7158:1747647655147:,1747647665226
counter/10/0/0/0,7159:1747647655147:,1747647665226
counter/10/0/0/0,7160:1747647655147:,1747647665226
counter/10/0/0/0,7161:1747647655147:,1747647665226
counter/10/0/0/0,7162:1747647655147:,1747647665226
counter/10/0/0/0,7163:1747647655147:,1747647665226
counter/10/0/0/0,7164:1747647655147:,1747647665226
counter/10/0/0/0,7165:1747647655147:,1747647665226
counter/10/0/0/0,7166:1747647655147:,1747647665226
counter/10/0/0/0,7167:1747647655147:,1747647665226
counter/10/0/0/0,7168:1747647655175:,1747647665226
counter/3/0/0/0,8080:1747647655722:,1747647665226
counter/10/0/0/0,7169:1747647655177:,1747647665226
counter/2/0/0/0,7557:1747647654582:,1747647665226
counter/2/0/0/0,7558:1747647654582:,1747647665226
counter/1/0/0/0,8454:1747647656440:,1747647665226
counter/2/0/0/0,7559:1747647654582:,1747647665226
counter/2/0/0/0,7560:1747647654582:,1747647665226
counter/5/0/0/0,7708:1747647655511:,1747647665227
counter/5/0/0/0,7709:1747647655511:,1747647665227
counter/5/0/0/0,7710:1747647655511:,1747647665227
counter/1/0/0/0,8455:1747647656445:,1747647665227
counter/2/0/0/0,7561:1747647654582:,1747647665227
counter/9/0/0/0,8234:1747647655757:,1747647665227
counter/9/0/0/0,8235:1747647655757:,1747647665227
counter/9/0/0/0,8236:1747647655757:,1747647665227
counter/9/0/0/0,8237:1747647655757:,1747647665227
counter/7/0/0/0,7594:1747647655579:,1747647665227
counter/7/0/0/0,7595:1747647655589:,1747647665227
counter/7/0/0/0,7596:1747647655589:,1747647665227
counter/10/0/0/0,7170:1747647655177:,1747647665228
counter/2/0/0/0,7562:1747647654582:,1747647665229
counter/9/0/0/0,8238:1747647655757:,1747647665229
counter/8/0/0/0,7950:1747647655253:,1747647665229
counter/8/0/0/0,7951:1747647655253:,1747647665229
counter/8/0/0/0,7952:1747647655253:,1747647665229
counter/8/0/0/0,7953:1747647655253:,1747647665230
counter/8/0/0/0,7954:1747647655253:,1747647665230
counter/8/0/0/0,7955:1747647655253:,1747647665230
counter/1/0/0/0,8456:1747647656445:,1747647665230
counter/1/0/0/0,8457:1747647656445:,1747647665230
counter/1/0/0/0,8458:1747647656445:,1747647665230
counter/1/0/0/0,8459:1747647656445:,1747647665230
counter/1/0/0/0,8460:1747647656445:,1747647665230
counter/1/0/0/0,8461:1747647656445:,1747647665230
counter/1/0/0/0,8462:1747647656445:,1747647665230
counter/1/0/0/0,8463:1747647656445:,1747647665230
counter/2/0/0/0,7563:1747647654583:,1747647665230
counter/10/0/0/0,7171:1747647655177:,1747647665230
counter/10/0/0/0,7172:1747647655177:,1747647665230
counter/10/0/0/0,7173:1747647655177:,1747647665230
counter/10/0/0/0,7174:1747647655177:,1747647665230
counter/7/0/0/0,7597:1747647655589:,1747647665230
counter/7/0/0/0,7598:1747647655589:,1747647665230
counter/7/0/0/0,7599:1747647655590:,1747647665230
counter/9/0/0/0,8239:1747647655757:,1747647665230
counter/1/0/0/0,8464:1747647656445:,1747647665231
counter/9/0/0/0,8240:1747647655757:,1747647665231
counter/9/0/0/0,8241:1747647655757:,1747647665231
counter/9/0/0/0,8242:1747647655757:,1747647665231
counter/9/0/0/0,8243:1747647655757:,1747647665231
counter/9/0/0/0,8244:1747647655759:,1747647665231
counter/9/0/0/0,8245:1747647655759:,1747647665231
counter/9/0/0/0,8246:1747647655759:,1747647665231
counter/9/0/0/0,8247:1747647655759:,1747647665231
counter/9/0/0/0,8248:1747647655759:,1747647665231
counter/3/0/0/0,8081:1747647655722:,1747647665231
counter/2/0/0/0,7564:1747647654583:,1747647665231
counter/2/0/0/0,7565:1747647654586:,1747647665231
counter/8/0/0/0,7956:1747647655253:,1747647665233
counter/9/0/0/0,8249:1747647655759:,1747647665233
counter/5/0/0/0,7711:1747647655511:,1747647665235
counter/5/0/0/0,7712:1747647655511:,1747647665235
counter/2/0/0/0,7566:1747647654586:,1747647665235
counter/2/0/0/0,7567:1747647654586:,1747647665235
counter/2/0/0/0,7568:1747647654586:,1747647665235
counter/5/0/0/0,7713:1747647655511:,1747647665235
counter/5/0/0/0,7714:1747647655511:,1747647665235
counter/8/0/0/0,7957:1747647655253:,1747647665236
counter/8/0/0/0,7958:1747647655272:,1747647665236
counter/8/0/0/0,7959:1747647655272:,1747647665236
counter/9/0/0/0,8250:1747647655759:,1747647665236
counter/9/0/0/0,8251:1747647655759:,1747647665236
counter/4/0/0/0,7735:1747647656353:,1747647665236
counter/4/0/0/0,7736:1747647656353:,1747647665236
counter/4/0/0/0,7737:1747647656353:,1747647665236
counter/6/0/0/0,7004:1747647655437:,1747647665236
counter/3/0/0/0,8082:1747647655723:,1747647665236
counter/1/0/0/0,8465:1747647656445:,1747647665238
counter/10/0/0/0,7175:1747647655177:,1747647665238
counter/5/0/0/0,7715:1747647655511:,1747647665239
counter/5/0/0/0,7716:1747647655511:,1747647665240
counter/5/0/0/0,7717:1747647655511:,1747647665240
counter/10/0/0/0,7176:1747647655177:,1747647665240
counter/10/0/0/0,7177:1747647655177:,1747647665240
counter/10/0/0/0,7178:1747647655178:,1747647665240
counter/8/0/0/0,7960:1747647655272:,1747647665241
counter/6/0/0/0,7005:1747647655439:,1747647665241
counter/2/0/0/0,7569:1747647654586:,1747647665241
counter/2/0/0/0,7570:1747647654588:,1747647665241
counter/2/0/0/0,7571:1747647654588:,1747647665241
counter/6/0/0/0,7006:1747647655439:,1747647665242
counter/6/0/0/0,7007:1747647655440:,1747647665242
counter/6/0/0/0,7008:1747647655446:,1747647665242
counter/6/0/0/0,7009:1747647655446:,1747647665243
counter/6/0/0/0,7010:1747647655446:,1747647665243
counter/5/0/0/0,7718:1747647655511:,1747647665243
counter/7/0/0/0,7600:1747647655590:,1747647665243
counter/7/0/0/0,7601:1747647655590:,1747647665243
counter/7/0/0/0,7602:1747647655590:,1747647665243
counter/7/0/0/0,7603:1747647655590:,1747647665243
counter/7/0/0/0,7604:1747647655595:,1747647665243
counter/7/0/0/0,7605:1747647655595:,1747647665243
counter/7/0/0/0,7606:1747647655595:,1747647665243
counter/7/0/0/0,7607:1747647655595:,1747647665243
counter/7/0/0/0,7608:1747647655595:,1747647665243
counter/7/0/0/0,7609:1747647655595:,1747647665243
counter/7/0/0/0,7610:1747647655595:,1747647665243
counter/7/0/0/0,7611:1747647655595:,1747647665244
counter/2/0/0/0,7572:1747647654588:,1747647665244
counter/1/0/0/0,8466:1747647656445:,1747647665244
counter/2/0/0/0,7573:1747647654588:,1747647665244
counter/4/0/0/0,7738:1747647656354:,1747647665244
counter/4/0/0/0,7739:1747647656354:,1747647665244
counter/4/0/0/0,7740:1747647656354:,1747647665244
counter/4/0/0/0,7741:1747647656354:,1747647665244
counter/4/0/0/0,7742:1747647656354:,1747647665244
counter/9/0/0/0,8252:1747647655759:,1747647665244
counter/8/0/0/0,7961:1747647655272:,1747647665244
counter/10/0/0/0,7179:1747647655178:,1747647665244
counter/5/0/0/0,7719:1747647655511:,1747647665244
counter/5/0/0/0,7720:1747647655511:,1747647665244
counter/5/0/0/0,7721:1747647655511:,1747647665244
counter/5/0/0/0,7722:1747647655511:,1747647665244
counter/1/0/0/0,8467:1747647656445:,1747647665244
counter/4/0/0/0,7743:1747647656354:,1747647665245
counter/4/0/0/0,7744:1747647656354:,1747647665245
counter/4/0/0/0,7745:1747647656354:,1747647665245
counter/4/0/0/0,7746:1747647656355:,1747647665245
counter/4/0/0/0,7747:1747647656355:,1747647665245
counter/4/0/0/0,7748:1747647656355:,1747647665245
counter/4/0/0/0,7749:1747647656355:,1747647665245
counter/4/0/0/0,7750:1747647656355:,1747647665245
counter/9/0/0/0,8253:1747647655759:,1747647665245
counter/7/0/0/0,7612:1747647655595:,1747647665245
counter/7/0/0/0,7613:1747647655595:,1747647665245
counter/7/0/0/0,7614:1747647655595:,1747647665245
counter/2/0/0/0,7574:1747647654588:,1747647665245
counter/2/0/0/0,7575:1747647654588:,1747647665245
counter/2/0/0/0,7576:1747647654588:,1747647665245
counter/4/0/0/0,7751:1747647656355:,1747647665245
counter/4/0/0/0,7752:1747647656355:,1747647665245
counter/4/0/0/0,7753:1747647656359:,1747647665245
counter/4/0/0/0,7754:1747647656360:,1747647665245
counter/4/0/0/0,7755:1747647656360:,1747647665245
counter/4/0/0/0,7756:1747647656360:,1747647665245
counter/4/0/0/0,7757:1747647656360:,1747647665245
counter/3/0/0/0,8083:1747647655723:,1747647665246
counter/9/0/0/0,8254:1747647655759:,1747647665246
counter/7/0/0/0,7615:1747647655595:,1747647665246
counter/7/0/0/0,7616:1747647655595:,1747647665246
counter/4/0/0/0,7758:1747647656360:,1747647665246
counter/4/0/0/0,7759:1747647656360:,1747647665246
counter/4/0/0/0,7760:1747647656360:,1747647665246
counter/4/0/0/0,7761:1747647656360:,1747647665246
counter/4/0/0/0,7762:1747647656360:,1747647665246
counter/8/0/0/0,7962:1747647655272:,1747647665246
counter/4/0/0/0,7763:1747647656360:,1747647665246
counter/5/0/0/0,7723:1747647655511:,1747647665246
counter/6/0/0/0,7011:1747647655446:,1747647665247
counter/7/0/0/0,7617:1747647655598:,1747647665247
counter/6/0/0/0,7012:1747647655446:,1747647665248
counter/6/0/0/0,7013:1747647655446:,1747647665248
counter/6/0/0/0,7014:1747647655446:,1747647665248
counter/6/0/0/0,7015:1747647655446:,1747647665248
counter/6/0/0/0,7016:1747647655446:,1747647665248
counter/6/0/0/0,7017:1747647655448:,1747647665248
counter/6/0/0/0,7018:1747647655448:,1747647665248
counter/6/0/0/0,7019:1747647655448:,1747647665248
counter/6/0/0/0,7020:1747647655448:,1747647665248
counter/6/0/0/0,7021:1747647655448:,1747647665248
counter/6/0/0/0,7022:1747647655448:,1747647665248
counter/6/0/0/0,7023:1747647655448:,1747647665248
counter/6/0/0/0,7024:1747647655458:,1747647665248
counter/9/0/0/0,8255:1747647655759:,1747647665248
counter/4/0/0/0,7764:1747647656360:,1747647665248
counter/3/0/0/0,8084:1747647655723:,1747647665248
counter/8/0/0/0,7963:1747647655272:,1747647665248
counter/5/0/0/0,7724:1747647655511:,1747647665248
counter/5/0/0/0,7725:1747647655523:,1747647665248
counter/5/0/0/0,7726:1747647655524:,1747647665249
counter/5/0/0/0,7727:1747647655524:,1747647665249
counter/2/0/0/0,7577:1747647654588:,1747647665249
counter/6/0/0/0,7025:1747647655458:,1747647665249
counter/4/0/0/0,7765:1747647656360:,1747647665249
counter/1/0/0/0,8468:1747647656445:,1747647665249
counter/5/0/0/0,7728:1747647655524:,1747647665249
counter/5/0/0/0,7729:1747647655524:,1747647665249
counter/5/0/0/0,7730:1747647655524:,1747647665249
counter/5/0/0/0,7731:1747647655524:,1747647665249
counter/6/0/0/0,7026:1747647655458:,1747647665250
counter/7/0/0/0,7618:1747647655598:,1747647665250
counter/7/0/0/0,7619:1747647655598:,1747647665250
counter/7/0/0/0,7620:1747647655598:,1747647665250
counter/7/0/0/0,7621:1747647655598:,1747647665250
counter/4/0/0/0,7766:1747647656360:,1747647665250
counter/8/0/0/0,7964:1747647655272:,1747647665250
counter/1/0/0/0,8469:1747647656445:,1747647665250
counter/10/0/0/0,7180:1747647655178:,1747647665250
counter/10/0/0/0,7181:1747647655197:,1747647665250
counter/10/0/0/0,7182:1747647655201:,1747647665250
counter/6/0/0/0,7027:1747647655459:,1747647665251
counter/3/0/0/0,8085:1747647655723:,1747647665251
counter/8/0/0/0,7965:1747647655272:,1747647665251
counter/8/0/0/0,7966:1747647655274:,1747647665251
counter/8/0/0/0,7967:1747647655274:,1747647665251
counter/8/0/0/0,7968:1747647655274:,1747647665251
counter/10/0/0/0,7183:1747647655201:,1747647665251
counter/10/0/0/0,7184:1747647655201:,1747647665251
counter/10/0/0/0,7185:1747647655201:,1747647665251
counter/6/0/0/0,7028:1747647655467:,1747647665252
counter/6/0/0/0,7029:1747647655467:,1747647665252
counter/8/0/0/0,7969:1747647655274:,1747647665253
counter/2/0/0/0,7578:1747647654589:,1747647665253
counter/9/0/0/0,8256:1747647655759:,1747647665256
counter/4/0/0/0,7767:1747647656366:,1747647665257
counter/9/0/0/0,8257:1747647655759:,1747647665257
counter/1/0/0/0,8470:1747647656445:,1747647665257
counter/1/0/0/0,8471:1747647656445:,1747647665257
counter/1/0/0/0,8472:1747647656445:,1747647665257
counter/1/0/0/0,8473:1747647656449:,1747647665257
counter/1/0/0/0,8474:1747647656449:,1747647665257
counter/1/0/0/0,8475:1747647656449:,1747647665257
counter/1/0/0/0,8476:1747647656449:,1747647665257
counter/1/0/0/0,8477:1747647656449:,1747647665257
counter/1/0/0/0,8478:1747647656449:,1747647665257
counter/1/0/0/0,8479:1747647656451:,1747647665257
counter/1/0/0/0,8480:1747647656455:,1747647665257
counter/1/0/0/0,8481:1747647656455:,1747647665257
counter/1/0/0/0,8482:1747647656455:,1747647665257
counter/1/0/0/0,8483:1747647656455:,1747647665257
counter/8/0/0/0,7970:1747647655275:,1747647665258
counter/8/0/0/0,7971:1747647655275:,1747647665258
counter/8/0/0/0,7972:1747647655275:,1747647665258
counter/7/0/0/0,7622:1747647655598:,1747647665258
counter/8/0/0/0,7973:1747647655275:,1747647665258
counter/9/0/0/0,8258:1747647655785:,1747647665258
counter/9/0/0/0,8259:1747647655785:,1747647665258
counter/6/0/0/0,7030:1747647655467:,1747647665258
counter/10/0/0/0,7186:1747647655201:,1747647665258
counter/10/0/0/0,7187:1747647655201:,1747647665258
counter/10/0/0/0,7188:1747647655201:,1747647665258
counter/8/0/0/0,7974:1747647655275:,1747647665260
counter/8/0/0/0,7975:1747647655275:,1747647665260
counter/8/0/0/0,7976:1747647655275:,1747647665260
counter/8/0/0/0,7977:1747647655275:,1747647665261
counter/8/0/0/0,7978:1747647655275:,1747647665261
counter/7/0/0/0,7623:1747647655598:,1747647665262
counter/7/0/0/0,7624:1747647655598:,1747647665263
counter/7/0/0/0,7625:1747647655598:,1747647665263
counter/7/0/0/0,7626:1747647655598:,1747647665263
counter/7/0/0/0,7627:1747647655599:,1747647665263
counter/9/0/0/0,8260:1747647655785:,1747647665263
counter/7/0/0/0,7628:1747647655603:,1747647665263
counter/7/0/0/0,7629:1747647655603:,1747647665263
counter/7/0/0/0,7630:1747647655603:,1747647665263
counter/7/0/0/0,7631:1747647655603:,1747647665263
counter/7/0/0/0,7632:1747647655603:,1747647665263
counter/8/0/0/0,7979:1747647655275:,1747647665264
counter/8/0/0/0,7980:1747647655275:,1747647665264
counter/8/0/0/0,7981:1747647655275:,1747647665264
counter/8/0/0/0,7982:1747647655275:,1747647665264
counter/8/0/0/0,7983:1747647655280:,1747647665264
counter/8/0/0/0,7984:1747647655280:,1747647665264
counter/8/0/0/0,7985:1747647655280:,1747647665265
counter/8/0/0/0,7986:1747647655281:,1747647665265
counter/2/0/0/0,7579:1747647654589:,1747647665265
counter/2/0/0/0,7580:1747647654589:,1747647665265
counter/2/0/0/0,7581:1747647654589:,1747647665265
counter/2/0/0/0,7582:1747647654589:,1747647665265
counter/2/0/0/0,7583:1747647654589:,1747647665265
counter/2/0/0/0,7584:1747647654589:,1747647665265
counter/2/0/0/0,7585:1747647654589:,1747647665265
counter/2/0/0/0,7586:1747647654591:,1747647665265
counter/2/0/0/0,7587:1747647654591:,1747647665265
counter/2/0/0/0,7588:1747647654591:,1747647665266
counter/2/0/0/0,7589:1747647654591:,1747647665266
counter/2/0/0/0,7590:1747647654591:,1747647665266
counter/2/0/0/0,7591:1747647654591:,1747647665266
counter/10/0/0/0,7189:1747647655201:,1747647665266
counter/10/0/0/0,7190:1747647655201:,1747647665266
counter/4/0/0/0,7768:1747647656366:,1747647665266
counter/4/0/0/0,7769:1747647656366:,1747647665266
counter/4/0/0/0,7770:1747647656366:,1747647665266
counter/9/0/0/0,8261:1747647655785:,1747647665266
counter/5/0/0/0,7732:1747647655524:,1747647665266
counter/5/0/0/0,7733:1747647655524:,1747647665266
counter/5/0/0/0,7734:1747647655524:,1747647665267
counter/4/0/0/0,7771:1747647656366:,1747647665267
counter/3/0/0/0,8086:1747647655725:,1747647665267
counter/3/0/0/0,8087:1747647655725:,1747647665267
counter/3/0/0/0,8088:1747647655725:,1747647665267
counter/3/0/0/0,8089:1747647655725:,1747647665267
counter/3/0/0/0,8090:1747647655725:,1747647665267
counter/3/0/0/0,8091:1747647655726:,1747647665267
counter/3/0/0/0,8092:1747647655726:,1747647665267
counter/1/0/0/0,8484:1747647656455:,1747647665267
counter/5/0/0/0,7735:1747647655524:,1747647665267
counter/7/0/0/0,7633:1747647655603:,1747647665267
counter/8/0/0/0,7987:1747647655281:,1747647665268
counter/8/0/0/0,7988:1747647655281:,1747647665268
counter/8/0/0/0,7989:1747647655281:,1747647665269
counter/8/0/0/0,7990:1747647655281:,1747647665269
counter/8/0/0/0,7991:1747647655281:,1747647665269
counter/8/0/0/0,7992:1747647655281:,1747647665269
counter/8/0/0/0,7993:1747647655281:,1747647665269
counter/8/0/0/0,7994:1747647655281:,1747647665269
counter/8/0/0/0,7995:1747647655282:,1747647665269
counter/8/0/0/0,7996:1747647655283:,1747647665269
counter/8/0/0/0,7997:1747647655283:,1747647665269
counter/8/0/0/0,7998:1747647655283:,1747647665269
counter/8/0/0/0,7999:1747647655283:,1747647665269
counter/8/0/0/0,8000:1747647655283:,1747647665269
counter/8/0/0/0,8001:1747647655283:,1747647665269
counter/7/0/0/0,7634:1747647655603:,1747647665269
counter/10/0/0/0,7191:1747647655201:,1747647665269
counter/10/0/0/0,7192:1747647655208:,1747647665269
counter/10/0/0/0,7193:1747647655208:,1747647665270
counter/1/0/0/0,8485:1747647656455:,1747647665270
counter/8/0/0/0,8002:1747647655283:,1747647665270
counter/1/0/0/0,8486:1747647656455:,1747647665270
counter/2/0/0/0,7592:1747647654591:,1747647665271
counter/7/0/0/0,7635:1747647655603:,1747647665272
counter/5/0/0/0,7736:1747647655535:,1747647665272
counter/2/0/0/0,7593:1747647654591:,1747647665272
counter/5/0/0/0,7737:1747647655535:,1747647665272
counter/9/0/0/0,8262:1747647655785:,1747647665272
counter/10/0/0/0,7194:1747647655208:,1747647665272
counter/7/0/0/0,7636:1747647655611:,1747647665272
counter/7/0/0/0,7637:1747647655614:,1747647665272
counter/7/0/0/0,7638:1747647655614:,1747647665272
counter/7/0/0/0,7639:1747647655614:,1747647665273
counter/2/0/0/0,7594:1747647654591:,1747647665275
counter/3/0/0/0,8093:1747647655726:,1747647665275
counter/3/0/0/0,8094:1747647655726:,1747647665275
counter/4/0/0/0,7772:1747647656366:,1747647665275
counter/4/0/0/0,7773:1747647656366:,1747647665275
counter/4/0/0/0,7774:1747647656366:,1747647665275
counter/4/0/0/0,7775:1747647656366:,1747647665275
counter/4/0/0/0,7776:1747647656366:,1747647665275
counter/4/0/0/0,7777:1747647656367:,1747647665275
counter/2/0/0/0,7595:1747647654591:,1747647665275
counter/2/0/0/0,7596:1747647654591:,1747647665275
counter/5/0/0/0,7738:1747647655535:,1747647665276
counter/2/0/0/0,7597:1747647654592:,1747647665276
counter/2/0/0/0,7598:1747647654592:,1747647665276
counter/2/0/0/0,7599:1747647654592:,1747647665276
counter/2/0/0/0,7600:1747647654592:,1747647665276
counter/2/0/0/0,7601:1747647654592:,1747647665276
counter/1/0/0/0,8487:1747647656455:,1747647665276
counter/3/0/0/0,8095:1747647655726:,1747647665276
counter/3/0/0/0,8096:1747647655726:,1747647665276
counter/3/0/0/0,8097:1747647655726:,1747647665277
counter/3/0/0/0,8098:1747647655731:,1747647665277
counter/3/0/0/0,8099:1747647655731:,1747647665277
counter/3/0/0/0,8100:1747647655731:,1747647665277
counter/3/0/0/0,8101:1747647655732:,1747647665277
counter/3/0/0/0,8102:1747647655732:,1747647665277
counter/3/0/0/0,8103:1747647655732:,1747647665277
counter/3/0/0/0,8104:1747647655732:,1747647665277
counter/3/0/0/0,8105:1747647655732:,1747647665277
counter/3/0/0/0,8106:1747647655732:,1747647665277
counter/3/0/0/0,8107:1747647655732:,1747647665277
counter/3/0/0/0,8108:1747647655732:,1747647665278
counter/2/0/0/0,7602:1747647654592:,1747647665278
counter/2/0/0/0,7603:1747647654592:,1747647665278
counter/2/0/0/0,7604:1747647654592:,1747647665278
counter/2/0/0/0,7605:1747647654592:,1747647665278
counter/2/0/0/0,7606:1747647654593:,1747647665278
counter/7/0/0/0,7640:1747647655614:,1747647665279
counter/7/0/0/0,7641:1747647655614:,1747647665279
counter/7/0/0/0,7642:1747647655614:,1747647665279
counter/7/0/0/0,7643:1747647655614:,1747647665279
counter/8/0/0/0,8003:1747647655283:,1747647665280
counter/7/0/0/0,7644:1747647655614:,1747647665280
counter/9/0/0/0,8263:1747647655785:,1747647665280
counter/5/0/0/0,7739:1747647655535:,1747647665280
counter/5/0/0/0,7740:1747647655535:,1747647665280
counter/10/0/0/0,7195:1747647655210:,1747647665284
counter/9/0/0/0,8264:1747647655785:,1747647665284
counter/2/0/0/0,7607:1747647654593:,1747647665284
counter/6/0/0/0,7031:1747647655467:,1747647665285
counter/2/0/0/0,7608:1747647654593:,1747647665286
counter/3/0/0/0,8109:1747647655735:,1747647665289
counter/3/0/0/0,8110:1747647655735:,1747647665289
counter/3/0/0/0,8111:1747647655735:,1747647665289
counter/3/0/0/0,8112:1747647655742:,1747647665289
counter/3/0/0/0,8113:1747647655748:,1747647665289
counter/3/0/0/0,8114:1747647655748:,1747647665289
counter/3/0/0/0,8115:1747647655748:,1747647665289
counter/3/0/0/0,8116:1747647655748:,1747647665289
counter/3/0/0/0,8117:1747647655748:,1747647665289
counter/3/0/0/0,8118:1747647655748:,1747647665289
counter/3/0/0/0,8119:1747647655748:,1747647665290
counter/3/0/0/0,8120:1747647655770:,1747647665290
counter/3/0/0/0,8121:1747647655773:,1747647665290
counter/3/0/0/0,8122:1747647655779:,1747647665290
counter/3/0/0/0,8123:1747647655779:,1747647665290
counter/3/0/0/0,8124:1747647655803:,1747647665290
counter/3/0/0/0,8125:1747647655803:,1747647665290
counter/10/0/0/0,7196:1747647655211:,1747647665290
counter/10/0/0/0,7197:1747647655211:,1747647665291
counter/6/0/0/0,7032:1747647655467:,1747647665291
counter/9/0/0/0,8265:1747647655793:,1747647665291
counter/1/0/0/0,8488:1747647656455:,1747647665292
counter/1/0/0/0,8489:1747647656455:,1747647665292
counter/2/0/0/0,7609:1747647654593:,1747647665294
counter/2/0/0/0,7610:1747647654593:,1747647665294
counter/2/0/0/0,7611:1747647654593:,1747647665294
counter/2/0/0/0,7612:1747647654593:,1747647665294
counter/2/0/0/0,7613:1747647654593:,1747647665294
counter/5/0/0/0,7741:1747647655535:,1747647665294
counter/10/0/0/0,7198:1747647655211:,1747647665295
counter/7/0/0/0,7645:1747647655614:,1747647665295
counter/5/0/0/0,7742:1747647655535:,1747647665295
counter/9/0/0/0,8266:1747647655793:,1747647665295
counter/5/0/0/0,7743:1747647655535:,1747647665295
counter/5/0/0/0,7744:1747647655544:,1747647665295
counter/8/0/0/0,8004:1747647655283:,1747647665296
counter/8/0/0/0,8005:1747647655283:,1747647665296
counter/8/0/0/0,8006:1747647655283:,1747647665296
counter/8/0/0/0,8007:1747647655283:,1747647665296
counter/8/0/0/0,8008:1747647655283:,1747647665296
counter/8/0/0/0,8009:1747647655283:,1747647665296
counter/8/0/0/0,8010:1747647655286:,1747647665296
counter/8/0/0/0,8011:1747647655287:,1747647665296
counter/8/0/0/0,8012:1747647655287:,1747647665296
counter/8/0/0/0,8013:1747647655287:,1747647665296
counter/8/0/0/0,8014:1747647655287:,1747647665296
counter/6/0/0/0,7033:1747647655467:,1747647665297
counter/9/0/0/0,8267:1747647655793:,1747647665297
counter/9/0/0/0,8268:1747647655793:,1747647665297
counter/9/0/0/0,8269:1747647655799:,1747647665297
counter/6/0/0/0,7034:1747647655467:,1747647665298
counter/9/0/0/0,8270:1747647655799:,1747647665298
counter/9/0/0/0,8271:1747647655799:,1747647665298
counter/9/0/0/0,8272:1747647655799:,1747647665298
counter/9/0/0/0,8273:1747647655799:,1747647665298
counter/9/0/0/0,8274:1747647655799:,1747647665298
counter/9/0/0/0,8275:1747647655799:,1747647665298
counter/9/0/0/0,8276:1747647655799:,1747647665298
counter/9/0/0/0,8277:1747647655799:,1747647665298
counter/9/0/0/0,8278:1747647655799:,1747647665298
counter/9/0/0/0,8279:1747647655799:,1747647665298
counter/9/0/0/0,8280:1747647655799:,1747647665298
counter/9/0/0/0,8281:1747647655799:,1747647665298
counter/3/0/0/0,8126:1747647655803:,1747647665298
counter/3/0/0/0,8127:1747647655803:,1747647665298
counter/10/0/0/0,7199:1747647655211:,1747647665298
counter/10/0/0/0,7200:1747647655211:,1747647665299
counter/3/0/0/0,8128:1747647655803:,1747647665299
counter/10/0/0/0,7201:1747647655211:,1747647665299
counter/10/0/0/0,7202:1747647655211:,1747647665299
counter/10/0/0/0,7203:1747647655211:,1747647665299
counter/10/0/0/0,7204:1747647655211:,1747647665299
counter/10/0/0/0,7205:1747647655211:,1747647665299
counter/10/0/0/0,7206:1747647655211:,1747647665300
counter/10/0/0/0,7207:1747647655211:,1747647665300
counter/9/0/0/0,8282:1747647655799:,1747647665300
counter/3/0/0/0,8129:1747647655805:,1747647665300
counter/8/0/0/0,8015:1747647655287:,1747647665300
counter/8/0/0/0,8016:1747647655287:,1747647665300
counter/9/0/0/0,8283:1747647655799:,1747647665301
counter/9/0/0/0,8284:1747647655799:,1747647665301
counter/10/0/0/0,7208:1747647655211:,1747647665302
counter/2/0/0/0,7614:1747647654593:,1747647665302
counter/10/0/0/0,7209:1747647655215:,1747647665302
counter/10/0/0/0,7210:1747647655215:,1747647665302
counter/9/0/0/0,8285:1747647655799:,1747647665303
counter/2/0/0/0,7615:1747647654593:,1747647665303
counter/2/0/0/0,7616:1747647654593:,1747647665303
counter/2/0/0/0,7617:1747647654593:,1747647665303
counter/2/0/0/0,7618:1747647654593:,1747647665303
counter/2/0/0/0,7619:1747647654594:,1747647665303
counter/2/0/0/0,7620:1747647654595:,1747647665303
counter/2/0/0/0,7621:1747647654595:,1747647665303
counter/2/0/0/0,7622:1747647654595:,1747647665303
counter/2/0/0/0,7623:1747647654602:,1747647665303
counter/7/0/0/0,7646:1747647655614:,1747647665303
counter/7/0/0/0,7647:1747647655614:,1747647665303
counter/7/0/0/0,7648:1747647655615:,1747647665303
counter/4/0/0/0,7778:1747647656367:,1747647665304
counter/2/0/0/0,7624:1747647654602:,1747647665304
counter/2/0/0/0,7625:1747647654602:,1747647665304
counter/2/0/0/0,7626:1747647654603:,1747647665304
counter/2/0/0/0,7627:1747647654603:,1747647665304
counter/2/0/0/0,7628:1747647654603:,1747647665304
counter/2/0/0/0,7629:1747647654603:,1747647665304
counter/10/0/0/0,7211:1747647655215:,1747647665305
counter/5/0/0/0,7745:1747647655544:,1747647665305
counter/4/0/0/0,7779:1747647656367:,1747647665305
counter/4/0/0/0,7780:1747647656367:,1747647665305
counter/4/0/0/0,7781:1747647656367:,1747647665305
counter/4/0/0/0,7782:1747647656367:,1747647665305
counter/4/0/0/0,7783:1747647656369:,1747647665305
counter/4/0/0/0,7784:1747647656392:,1747647665305
counter/4/0/0/0,7785:1747647656394:,1747647665305
counter/9/0/0/0,8286:1747647655799:,1747647665305
counter/9/0/0/0,8287:1747647655801:,1747647665305
counter/9/0/0/0,8288:1747647655801:,1747647665306
counter/9/0/0/0,8289:1747647655801:,1747647665306
counter/9/0/0/0,8290:1747647655801:,1747647665306
counter/9/0/0/0,8291:1747647655801:,1747647665306
counter/9/0/0/0,8292:1747647655801:,1747647665306
counter/9/0/0/0,8293:1747647655801:,1747647665306
counter/2/0/0/0,7630:1747647654603:,1747647665308
counter/8/0/0/0,8017:1747647655287:,1747647665308
counter/8/0/0/0,8018:1747647655287:,1747647665308
counter/8/0/0/0,8019:1747647655287:,1747647665308
counter/8/0/0/0,8020:1747647655287:,1747647665308
counter/8/0/0/0,8021:1747647655293:,1747647665308
counter/8/0/0/0,8022:1747647655293:,1747647665308
counter/8/0/0/0,8023:1747647655293:,1747647665308
counter/8/0/0/0,8024:1747647655293:,1747647665308
counter/8/0/0/0,8025:1747647655293:,1747647665308
counter/8/0/0/0,8026:1747647655293:,1747647665308
counter/8/0/0/0,8027:1747647655293:,1747647665308
counter/7/0/0/0,7649:1747647655615:,1747647665308
counter/10/0/0/0,7212:1747647655215:,1747647665309
counter/10/0/0/0,7213:1747647655215:,1747647665309
counter/7/0/0/0,7650:1747647655615:,1747647665309
counter/10/0/0/0,7214:1747647655215:,1747647665309
counter/4/0/0/0,7786:1747647656402:,1747647665309
counter/4/0/0/0,7787:1747647656402:,1747647665309
counter/4/0/0/0,7788:1747647656402:,1747647665309
counter/4/0/0/0,7789:1747647656402:,1747647665309
counter/9/0/0/0,8294:1747647655801:,1747647665309
counter/6/0/0/0,7035:1747647655467:,1747647665309
counter/6/0/0/0,7036:1747647655473:,1747647665309
counter/6/0/0/0,7037:1747647655473:,1747647665309
counter/6/0/0/0,7038:1747647655473:,1747647665309
counter/4/0/0/0,7790:1747647656402:,1747647665309
counter/2/0/0/0,7631:1747647654603:,1747647665310
counter/2/0/0/0,7632:1747647654603:,1747647665310
counter/2/0/0/0,7633:1747647654603:,1747647665310
counter/2/0/0/0,7634:1747647654606:,1747647665310
counter/2/0/0/0,7635:1747647654606:,1747647665310
counter/2/0/0/0,7636:1747647654606:,1747647665310
counter/9/0/0/0,8295:1747647655801:,1747647665311
counter/6/0/0/0,7039:1747647655479:,1747647665311
counter/6/0/0/0,7040:1747647655479:,1747647665311
counter/6/0/0/0,7041:1747647655479:,1747647665311
counter/6/0/0/0,7042:1747647655479:,1747647665311
counter/6/0/0/0,7043:1747647655479:,1747647665311
counter/6/0/0/0,7044:1747647655479:,1747647665312
counter/6/0/0/0,7045:1747647655479:,1747647665312
counter/6/0/0/0,7046:1747647655479:,1747647665312
counter/6/0/0/0,7047:1747647655479:,1747647665312
counter/6/0/0/0,7048:1747647655480:,1747647665312
counter/6/0/0/0,7049:1747647655483:,1747647665312
counter/8/0/0/0,8028:1747647655293:,1747647665312
counter/8/0/0/0,8029:1747647655293:,1747647665312
counter/10/0/0/0,7215:1747647655215:,1747647665312
counter/7/0/0/0,7651:1747647655615:,1747647665312
counter/3/0/0/0,8130:1747647655805:,1747647665314
counter/3/0/0/0,8131:1747647655805:,1747647665314
counter/3/0/0/0,8132:1747647655805:,1747647665314
counter/3/0/0/0,8133:1747647655808:,1747647665314
counter/3/0/0/0,8134:1747647655808:,1747647665314
counter/1/0/0/0,8490:1747647656455:,1747647665314
counter/3/0/0/0,8135:1747647655808:,1747647665314
counter/1/0/0/0,8491:1747647656455:,1747647665314
counter/1/0/0/0,8492:1747647656455:,1747647665314
counter/1/0/0/0,8493:1747647656455:,1747647665314
counter/1/0/0/0,8494:1747647656459:,1747647665314
counter/3/0/0/0,8136:1747647655808:,1747647665314
counter/3/0/0/0,8137:1747647655809:,1747647665314
counter/3/0/0/0,8138:1747647655809:,1747647665314
counter/3/0/0/0,8139:1747647655809:,1747647665314
counter/1/0/0/0,8495:1747647656469:,1747647665314
counter/3/0/0/0,8140:1747647655809:,1747647665314
counter/1/0/0/0,8496:1747647656469:,1747647665314
counter/8/0/0/0,8030:1747647655293:,1747647665314
counter/8/0/0/0,8031:1747647655293:,1747647665314
counter/8/0/0/0,8032:1747647655294:,1747647665314
counter/8/0/0/0,8033:1747647655296:,1747647665314
counter/8/0/0/0,8034:1747647655297:,1747647665314
counter/2/0/0/0,7637:1747647654606:,1747647665314
counter/10/0/0/0,7216:1747647655215:,1747647665315
counter/10/0/0/0,7217:1747647655215:,1747647665315
counter/10/0/0/0,7218:1747647655215:,1747647665315
counter/10/0/0/0,7219:1747647655215:,1747647665315
counter/10/0/0/0,7220:1747647655215:,1747647665315
counter/10/0/0/0,7221:1747647655215:,1747647665315
counter/10/0/0/0,7222:1747647655219:,1747647665315
counter/3/0/0/0,8141:1747647655812:,1747647665315
counter/10/0/0/0,7223:1747647655219:,1747647665315
counter/3/0/0/0,8142:1747647655815:,1747647665316
counter/10/0/0/0,7224:1747647655219:,1747647665316
counter/10/0/0/0,7225:1747647655219:,1747647665316
counter/10/0/0/0,7226:1747647655226:,1747647665316
counter/10/0/0/0,7227:1747647655226:,1747647665317
counter/10/0/0/0,7228:1747647655226:,1747647665317
counter/10/0/0/0,7229:1747647655226:,1747647665317
counter/10/0/0/0,7230:1747647655226:,1747647665317
counter/6/0/0/0,7050:1747647655483:,1747647665317
counter/10/0/0/0,7231:1747647655226:,1747647665317
counter/10/0/0/0,7232:1747647655226:,1747647665317
counter/10/0/0/0,7233:1747647655226:,1747647665317
counter/10/0/0/0,7234:1747647655226:,1747647665317
counter/10/0/0/0,7235:1747647655227:,1747647665317
counter/10/0/0/0,7236:1747647655227:,1747647665317
counter/10/0/0/0,7237:1747647655227:,1747647665317
counter/2/0/0/0,7638:1747647654606:,1747647665317
counter/8/0/0/0,8035:1747647655297:,1747647665317
counter/6/0/0/0,7051:1747647655484:,1747647665317
counter/8/0/0/0,8036:1747647655297:,1747647665317
counter/6/0/0/0,7052:1747647655484:,1747647665317
counter/4/0/0/0,7791:1747647656402:,1747647665317
counter/4/0/0/0,7792:1747647656402:,1747647665317
counter/4/0/0/0,7793:1747647656402:,1747647665317
counter/3/0/0/0,8143:1747647655815:,1747647665318
counter/1/0/0/0,8497:1747647656469:,1747647665318
counter/10/0/0/0,7238:1747647655227:,1747647665318
counter/3/0/0/0,8144:1747647655815:,1747647665318
counter/4/0/0/0,7794:1747647656402:,1747647665318
counter/4/0/0/0,7795:1747647656402:,1747647665318
counter/4/0/0/0,7796:1747647656402:,1747647665318
counter/4/0/0/0,7797:1747647656402:,1747647665318
counter/4/0/0/0,7798:1747647656402:,1747647665319
counter/4/0/0/0,7799:1747647656402:,1747647665319
counter/4/0/0/0,7800:1747647656402:,1747647665319
counter/4/0/0/0,7801:1747647656402:,1747647665319
counter/6/0/0/0,7053:1747647655484:,1747647665319
counter/6/0/0/0,7054:1747647655484:,1747647665319
counter/6/0/0/0,7055:1747647655484:,1747647665319
counter/6/0/0/0,7056:1747647655484:,1747647665319
counter/6/0/0/0,7057:1747647655484:,1747647665319
counter/10/0/0/0,7239:1747647655227:,1747647665319
counter/10/0/0/0,7240:1747647655227:,1747647665319
counter/1/0/0/0,8498:1747647656469:,1747647665319
counter/10/0/0/0,7241:1747647655227:,1747647665319
counter/1/0/0/0,8499:1747647656471:,1747647665320
counter/1/0/0/0,8500:1747647656471:,1747647665320
counter/9/0/0/0,8296:1747647655806:,1747647665320
counter/9/0/0/0,8297:1747647655806:,1747647665320
counter/9/0/0/0,8298:1747647655806:,1747647665320
counter/9/0/0/0,8299:1747647655806:,1747647665320
counter/2/0/0/0,7639:1747647654606:,1747647665321
counter/10/0/0/0,7242:1747647655227:,1747647665321
counter/4/0/0/0,7802:1747647656402:,1747647665321
counter/4/0/0/0,7803:1747647656406:,1747647665321
counter/4/0/0/0,7804:1747647656406:,1747647665321
counter/4/0/0/0,7805:1747647656407:,1747647665321
counter/4/0/0/0,7806:1747647656407:,1747647665321
counter/4/0/0/0,7807:1747647656407:,1747647665321
counter/8/0/0/0,8037:1747647655297:,1747647665321
counter/2/0/0/0,7640:1747647654606:,1747647665321
counter/2/0/0/0,7641:1747647654606:,1747647665321
counter/2/0/0/0,7642:1747647654606:,1747647665321
counter/2/0/0/0,7643:1747647654606:,1747647665322
counter/2/0/0/0,7644:1747647654606:,1747647665322
counter/2/0/0/0,7645:1747647654606:,1747647665322
counter/2/0/0/0,7646:1747647654606:,1747647665322
counter/2/0/0/0,7647:1747647654606:,1747647665322
counter/4/0/0/0,7808:1747647656407:,1747647665322
counter/6/0/0/0,7058:1747647655499:,1747647665322
counter/9/0/0/0,8300:1747647655806:,1747647665323
counter/9/0/0/0,8301:1747647655806:,1747647665323
counter/9/0/0/0,8302:1747647655806:,1747647665323
counter/9/0/0/0,8303:1747647655806:,1747647665323
counter/9/0/0/0,8304:1747647655806:,1747647665323
counter/2/0/0/0,7648:1747647654606:,1747647665323
counter/9/0/0/0,8305:1747647655806:,1747647665323
counter/2/0/0/0,7649:1747647654606:,1747647665323
counter/9/0/0/0,8306:1747647655806:,1747647665323
counter/2/0/0/0,7650:1747647654606:,1747647665323
counter/9/0/0/0,8307:1747647655806:,1747647665323
counter/2/0/0/0,7651:1747647654607:,1747647665323
counter/2/0/0/0,7652:1747647654629:,1747647665323
counter/2/0/0/0,7653:1747647654629:,1747647665323
counter/2/0/0/0,7654:1747647654629:,1747647665323
counter/2/0/0/0,7655:1747647654629:,1747647665323
counter/8/0/0/0,8038:1747647655297:,1747647665324
counter/2/0/0/0,7656:1747647654630:,1747647665324
counter/5/0/0/0,7746:1747647655544:,1747647665324
counter/5/0/0/0,7747:1747647655544:,1747647665324
counter/3/0/0/0,8145:1747647655822:,1747647665324
counter/3/0/0/0,8146:1747647655822:,1747647665324
counter/3/0/0/0,8147:1747647655822:,1747647665324
counter/10/0/0/0,7243:1747647655227:,1747647665324
counter/5/0/0/0,7748:1747647655544:,1747647665324
counter/9/0/0/0,8308:1747647655806:,1747647665324
counter/9/0/0/0,8309:1747647655806:,1747647665324
counter/9/0/0/0,8310:1747647655806:,1747647665324
counter/9/0/0/0,8311:1747647655809:,1747647665324
counter/9/0/0/0,8312:1747647655809:,1747647665325
counter/9/0/0/0,8313:1747647655809:,1747647665325
counter/9/0/0/0,8314:1747647655809:,1747647665325
counter/8/0/0/0,8039:1747647655297:,1747647665326
counter/8/0/0/0,8040:1747647655297:,1747647665326
counter/8/0/0/0,8041:1747647655297:,1747647665326
counter/8/0/0/0,8042:1747647655297:,1747647665326
counter/8/0/0/0,8043:1747647655309:,1747647665326
counter/8/0/0/0,8044:1747647655309:,1747647665326
counter/3/0/0/0,8148:1747647655822:,1747647665327
counter/8/0/0/0,8045:1747647655309:,1747647665327
counter/6/0/0/0,7059:1747647655499:,1747647665327
counter/9/0/0/0,8315:1747647655809:,1747647665327
counter/9/0/0/0,8316:1747647655829:,1747647665327
counter/9/0/0/0,8317:1747647655829:,1747647665327
counter/9/0/0/0,8318:1747647655829:,1747647665327
counter/9/0/0/0,8319:1747647655829:,1747647665327
counter/1/0/0/0,8501:1747647656471:,1747647665327
counter/2/0/0/0,7657:1747647654630:,1747647665327
counter/2/0/0/0,7658:1747647654630:,1747647665327
counter/2/0/0/0,7659:1747647654634:,1747647665328
counter/2/0/0/0,7660:1747647654635:,1747647665328
counter/2/0/0/0,7661:1747647654635:,1747647665328
counter/2/0/0/0,7662:1747647654635:,1747647665328
counter/2/0/0/0,7663:1747647654635:,1747647665328
counter/2/0/0/0,7664:1747647654635:,1747647665328
counter/2/0/0/0,7665:1747647654635:,1747647665328
counter/2/0/0/0,7666:1747647654635:,1747647665328
counter/2/0/0/0,7667:1747647654635:,1747647665328
counter/2/0/0/0,7668:1747647654635:,1747647665328
counter/2/0/0/0,7669:1747647654635:,1747647665328
counter/6/0/0/0,7060:1747647655500:,1747647665329
counter/6/0/0/0,7061:1747647655500:,1747647665329
counter/8/0/0/0,8046:1747647655309:,1747647665329
counter/8/0/0/0,8047:1747647655309:,1747647665329
counter/8/0/0/0,8048:1747647655309:,1747647665329
counter/8/0/0/0,8049:1747647655309:,1747647665329
counter/1/0/0/0,8502:1747647656471:,1747647665329
counter/9/0/0/0,8320:1747647655829:,1747647665330
counter/3/0/0/0,8149:1747647655822:,1747647665331
counter/3/0/0/0,8150:1747647655822:,1747647665331
counter/3/0/0/0,8151:1747647655822:,1747647665331
counter/6/0/0/0,7062:1747647655504:,1747647665331
counter/3/0/0/0,8152:1747647655822:,1747647665331
counter/6/0/0/0,7063:1747647655504:,1747647665331
counter/3/0/0/0,8153:1747647655822:,1747647665331
counter/6/0/0/0,7064:1747647655504:,1747647665331
counter/3/0/0/0,8154:1747647655823:,1747647665331
counter/6/0/0/0,7065:1747647655504:,1747647665331
counter/6/0/0/0,7066:1747647655507:,1747647665331
counter/6/0/0/0,7067:1747647655507:,1747647665331
counter/6/0/0/0,7068:1747647655507:,1747647665331
counter/6/0/0/0,7069:1747647655507:,1747647665331
counter/6/0/0/0,7070:1747647655507:,1747647665331
counter/6/0/0/0,7071:1747647655507:,1747647665331
counter/6/0/0/0,7072:1747647655507:,1747647665331
counter/4/0/0/0,7809:1747647656407:,1747647665331
counter/2/0/0/0,7670:1747647654635:,1747647665332
counter/2/0/0/0,7671:1747647654635:,1747647665332
counter/2/0/0/0,7672:1747647654635:,1747647665332
counter/2/0/0/0,7673:1747647654635:,1747647665332
counter/2/0/0/0,7674:1747647654639:,1747647665332
counter/2/0/0/0,7675:1747647654640:,1747647665332
counter/2/0/0/0,7676:1747647654640:,1747647665332
counter/2/0/0/0,7677:1747647654640:,1747647665332
counter/8/0/0/0,8050:1747647655309:,1747647665332
counter/6/0/0/0,7073:1747647655507:,1747647665332
counter/8/0/0/0,8051:1747647655309:,1747647665332
counter/8/0/0/0,8052:1747647655311:,1747647665332
counter/8/0/0/0,8053:1747647655311:,1747647665332
counter/8/0/0/0,8054:1747647655338:,1747647665332
counter/8/0/0/0,8055:1747647655338:,1747647665332
counter/8/0/0/0,8056:1747647655338:,1747647665332
counter/3/0/0/0,8155:1747647655825:,1747647665332
counter/9/0/0/0,8321:1747647655829:,1747647665332
counter/2/0/0/0,7678:1747647654640:,1747647665333
counter/2/0/0/0,7679:1747647654656:,1747647665333
counter/8/0/0/0,8057:1747647655338:,1747647665333
counter/1/0/0/0,8503:1747647656471:,1747647665334
counter/6/0/0/0,7074:1747647655507:,1747647665335
counter/1/0/0/0,8504:1747647656471:,1747647665335
counter/1/0/0/0,8505:1747647656471:,1747647665335
counter/1/0/0/0,8506:1747647656472:,1747647665335
counter/1/0/0/0,8507:1747647656472:,1747647665335
counter/1/0/0/0,8508:1747647656472:,1747647665335
counter/1/0/0/0,8509:1747647656472:,1747647665335
counter/1/0/0/0,8510:1747647656472:,1747647665335
counter/1/0/0/0,8511:1747647656472:,1747647665335
counter/1/0/0/0,8512:1747647656478:,1747647665335
counter/8/0/0/0,8058:1747647655338:,1747647665335
counter/3/0/0/0,8156:1747647655825:,1747647665336
counter/3/0/0/0,8157:1747647655825:,1747647665336
counter/9/0/0/0,8322:1747647655829:,1747647665336
counter/3/0/0/0,8158:1747647655829:,1747647665336
counter/9/0/0/0,8323:1747647655829:,1747647665337
counter/7/0/0/0,7652:1747647655615:,1747647665337
counter/7/0/0/0,7653:1747647655618:,1747647665337
counter/7/0/0/0,7654:1747647655618:,1747647665337
counter/7/0/0/0,7655:1747647655618:,1747647665337
counter/7/0/0/0,7656:1747647655618:,1747647665337
counter/7/0/0/0,7657:1747647655618:,1747647665338
counter/7/0/0/0,7658:1747647655618:,1747647665338
counter/7/0/0/0,7659:1747647655618:,1747647665338
counter/7/0/0/0,7660:1747647655618:,1747647665338
counter/7/0/0/0,7661:1747647655618:,1747647665338
counter/7/0/0/0,7662:1747647655619:,1747647665338
counter/3/0/0/0,8159:1747647655838:,1747647665338
counter/3/0/0/0,8160:1747647655845:,1747647665338
counter/3/0/0/0,8161:1747647655845:,1747647665338
counter/3/0/0/0,8162:1747647655851:,1747647665339
counter/3/0/0/0,8163:1747647655851:,1747647665339
counter/3/0/0/0,8164:1747647655851:,1747647665339
counter/3/0/0/0,8165:1747647655851:,1747647665339
counter/3/0/0/0,8166:1747647655854:,1747647665339
counter/3/0/0/0,8167:1747647655854:,1747647665339
counter/3/0/0/0,8168:1747647655857:,1747647665339
counter/3/0/0/0,8169:1747647655857:,1747647665339
counter/3/0/0/0,8170:1747647655857:,1747647665339
counter/3/0/0/0,8171:1747647655857:,1747647665339
counter/3/0/0/0,8172:1747647655857:,1747647665339
counter/3/0/0/0,8173:1747647655857:,1747647665339
counter/3/0/0/0,8174:1747647655857:,1747647665339
counter/2/0/0/0,7680:1747647654656:,1747647665339
counter/3/0/0/0,8175:1747647655857:,1747647665339
counter/3/0/0/0,8176:1747647655857:,1747647665339
counter/3/0/0/0,8177:1747647655857:,1747647665339
counter/3/0/0/0,8178:1747647655857:,1747647665339
counter/3/0/0/0,8179:1747647655857:,1747647665342
counter/4/0/0/0,7810:1747647656407:,1747647665342
counter/3/0/0/0,8180:1747647655857:,1747647665342
counter/6/0/0/0,7075:1747647655507:,1747647665342
counter/6/0/0/0,7076:1747647655512:,1747647665342
counter/6/0/0/0,7077:1747647655514:,1747647665342
counter/10/0/0/0,7244:1747647655227:,1747647665342
counter/1/0/0/0,8513:1747647656478:,1747647665343
counter/4/0/0/0,7811:1747647656407:,1747647665343
counter/6/0/0/0,7078:1747647655515:,1747647665343
counter/6/0/0/0,7079:1747647655515:,1747647665343
counter/6/0/0/0,7080:1747647655515:,1747647665343
counter/6/0/0/0,7081:1747647655521:,1747647665343
counter/6/0/0/0,7082:1747647655521:,1747647665344
counter/6/0/0/0,7083:1747647655521:,1747647665344
counter/8/0/0/0,8059:1747647655338:,1747647665344
counter/2/0/0/0,7681:1747647654656:,1747647665344
counter/3/0/0/0,8181:1747647655857:,1747647665345
counter/9/0/0/0,8324:1747647655829:,1747647665345
counter/9/0/0/0,8325:1747647655829:,1747647665345
counter/9/0/0/0,8326:1747647655829:,1747647665345
counter/9/0/0/0,8327:1747647655829:,1747647665345
counter/9/0/0/0,8328:1747647655829:,1747647665345
counter/9/0/0/0,8329:1747647655830:,1747647665345
counter/9/0/0/0,8330:1747647655830:,1747647665345
counter/7/0/0/0,7663:1747647655619:,1747647665345
counter/7/0/0/0,7664:1747647655620:,1747647665345
counter/1/0/0/0,8514:1747647656478:,1747647665345
counter/6/0/0/0,7084:1747647655522:,1747647665346
counter/6/0/0/0,7085:1747647655522:,1747647665346
counter/6/0/0/0,7086:1747647655522:,1747647665346
counter/6/0/0/0,7087:1747647655522:,1747647665346
counter/6/0/0/0,7088:1747647655522:,1747647665346
counter/6/0/0/0,7089:1747647655534:,1747647665346
counter/6/0/0/0,7090:1747647655534:,1747647665346
counter/8/0/0/0,8060:1747647655338:,1747647665346
counter/6/0/0/0,7091:1747647655534:,1747647665346
counter/6/0/0/0,7092:1747647655534:,1747647665346
counter/6/0/0/0,7093:1747647655534:,1747647665346
counter/6/0/0/0,7094:1747647655534:,1747647665346
counter/1/0/0/0,8515:1747647656478:,1747647665347
counter/4/0/0/0,7812:1747647656410:,1747647665347
counter/4/0/0/0,7813:1747647656410:,1747647665347
counter/4/0/0/0,7814:1747647656410:,1747647665347
counter/4/0/0/0,7815:1747647656410:,1747647665347
counter/4/0/0/0,7816:1747647656410:,1747647665347
counter/2/0/0/0,7682:1747647654656:,1747647665347
counter/8/0/0/0,8061:1747647655338:,1747647665347
counter/3/0/0/0,8182:1747647655857:,1747647665348
counter/4/0/0/0,7817:1747647656410:,1747647665349
counter/8/0/0/0,8062:1747647655338:,1747647665349
counter/8/0/0/0,8063:1747647655339:,1747647665349
counter/8/0/0/0,8064:1747647655339:,1747647665349
counter/8/0/0/0,8065:1747647655349:,1747647665349
counter/8/0/0/0,8066:1747647655349:,1747647665349
counter/8/0/0/0,8067:1747647655349:,1747647665349
counter/8/0/0/0,8068:1747647655349:,1747647665349
counter/8/0/0/0,8069:1747647655350:,1747647665349
counter/4/0/0/0,7818:1747647656410:,1747647665351
counter/8/0/0/0,8070:1747647655350:,1747647665351
counter/10/0/0/0,7245:1747647655227:,1747647665351
counter/9/0/0/0,8331:1747647655830:,1747647665351
counter/3/0/0/0,8183:1747647655857:,1747647665351
counter/3/0/0/0,8184:1747647655857:,1747647665351
counter/4/0/0/0,7819:1747647656414:,1747647665351
counter/3/0/0/0,8185:1747647655857:,1747647665351
counter/9/0/0/0,8332:1747647655830:,1747647665351
counter/3/0/0/0,8186:1747647655857:,1747647665351
counter/7/0/0/0,7665:1747647655620:,1747647665351
counter/3/0/0/0,8187:1747647655857:,1747647665351
counter/9/0/0/0,8333:1747647655830:,1747647665351
counter/5/0/0/0,7749:1747647655544:,1747647665351
counter/5/0/0/0,7750:1747647655544:,1747647665351
counter/5/0/0/0,7751:1747647655544:,1747647665351
counter/5/0/0/0,7752:1747647655544:,1747647665352
counter/5/0/0/0,7753:1747647655544:,1747647665352
counter/5/0/0/0,7754:1747647655544:,1747647665352
counter/3/0/0/0,8188:1747647655857:,1747647665352
counter/10/0/0/0,7246:1747647655227:,1747647665352
counter/10/0/0/0,7247:1747647655227:,1747647665352
counter/10/0/0/0,7248:1747647655227:,1747647665352
counter/10/0/0/0,7249:1747647655227:,1747647665352
counter/4/0/0/0,7820:1747647656415:,1747647665352
counter/6/0/0/0,7095:1747647655534:,1747647665353
counter/5/0/0/0,7755:1747647655544:,1747647665353
counter/10/0/0/0,7250:1747647655227:,1747647665353
counter/10/0/0/0,7251:1747647655227:,1747647665354
counter/4/0/0/0,7821:1747647656415:,1747647665354
counter/10/0/0/0,7252:1747647655227:,1747647665354
counter/4/0/0/0,7822:1747647656415:,1747647665354
counter/10/0/0/0,7253:1747647655227:,1747647665354
counter/4/0/0/0,7823:1747647656415:,1747647665354
counter/4/0/0/0,7824:1747647656423:,1747647665354
counter/4/0/0/0,7825:1747647656426:,1747647665354
counter/4/0/0/0,7826:1747647656426:,1747647665354
counter/4/0/0/0,7827:1747647656426:,1747647665354
counter/4/0/0/0,7828:1747647656426:,1747647665354
counter/4/0/0/0,7829:1747647656427:,1747647665354
counter/4/0/0/0,7830:1747647656427:,1747647665354
counter/4/0/0/0,7831:1747647656427:,1747647665354
counter/4/0/0/0,7832:1747647656427:,1747647665354
counter/4/0/0/0,7833:1747647656427:,1747647665354
counter/4/0/0/0,7834:1747647656427:,1747647665354
counter/4/0/0/0,7835:1747647656427:,1747647665354
counter/10/0/0/0,7254:1747647655227:,1747647665354
counter/6/0/0/0,7096:1747647655537:,1747647665354
counter/3/0/0/0,8189:1747647655858:,1747647665355
counter/3/0/0/0,8190:1747647655858:,1747647665355
counter/3/0/0/0,8191:1747647655858:,1747647665355
counter/3/0/0/0,8192:1747647655858:,1747647665355
counter/3/0/0/0,8193:1747647655858:,1747647665356
counter/3/0/0/0,8194:1747647655858:,1747647665356
counter/3/0/0/0,8195:1747647655858:,1747647665356
counter/3/0/0/0,8196:1747647655858:,1747647665356
counter/3/0/0/0,8197:1747647655858:,1747647665356
counter/3/0/0/0,8198:1747647655860:,1747647665356
counter/3/0/0/0,8199:1747647655860:,1747647665356
counter/3/0/0/0,8200:1747647655860:,1747647665356
counter/3/0/0/0,8201:1747647655860:,1747647665356
counter/3/0/0/0,8202:1747647655860:,1747647665356
counter/10/0/0/0,7255:1747647655227:,1747647665356
counter/3/0/0/0,8203:1747647655860:,1747647665356
counter/3/0/0/0,8204:1747647655860:,1747647665356
counter/1/0/0/0,8516:1747647656479:,1747647665356
counter/1/0/0/0,8517:1747647656479:,1747647665356
counter/3/0/0/0,8205:1747647655860:,1747647665356
counter/2/0/0/0,7683:1747647654656:,1747647665357
counter/1/0/0/0,8518:1747647656479:,1747647665357
counter/1/0/0/0,8519:1747647656479:,1747647665357
counter/1/0/0/0,8520:1747647656479:,1747647665357
counter/1/0/0/0,8521:1747647656479:,1747647665358
counter/1/0/0/0,8522:1747647656479:,1747647665358
counter/1/0/0/0,8523:1747647656479:,1747647665358
counter/1/0/0/0,8524:1747647656479:,1747647665358
counter/1/0/0/0,8525:1747647656479:,1747647665358
counter/6/0/0/0,7097:1747647655537:,1747647665358
counter/1/0/0/0,8526:1747647656479:,1747647665358
counter/1/0/0/0,8527:1747647656483:,1747647665358
counter/1/0/0/0,8528:1747647656492:,1747647665358
counter/4/0/0/0,7836:1747647656428:,1747647665358
counter/3/0/0/0,8206:1747647655860:,1747647665358
counter/8/0/0/0,8071:1747647655350:,1747647665358
counter/5/0/0/0,7756:1747647655544:,1747647665358
counter/8/0/0/0,8072:1747647655351:,1747647665358
counter/3/0/0/0,8207:1747647655860:,1747647665359
counter/5/0/0/0,7757:1747647655545:,1747647665359
counter/3/0/0/0,8208:1747647655860:,1747647665359
counter/3/0/0/0,8209:1747647655860:,1747647665359
counter/3/0/0/0,8210:1747647655860:,1747647665359
counter/3/0/0/0,8211:1747647655860:,1747647665359
counter/3/0/0/0,8212:1747647655867:,1747647665359
counter/3/0/0/0,8213:1747647655868:,1747647665359
counter/3/0/0/0,8214:1747647655868:,1747647665359
counter/5/0/0/0,7758:1747647655545:,1747647665359
counter/5/0/0/0,7759:1747647655547:,1747647665359
counter/5/0/0/0,7760:1747647655547:,1747647665359
counter/9/0/0/0,8334:1747647655830:,1747647665360
counter/5/0/0/0,7761:1747647655547:,1747647665360
counter/3/0/0/0,8215:1747647655870:,1747647665360
counter/5/0/0/0,7762:1747647655547:,1747647665360
counter/3/0/0/0,8216:1747647655870:,1747647665360
counter/5/0/0/0,7763:1747647655547:,1747647665360
counter/3/0/0/0,8217:1747647655870:,1747647665361
counter/4/0/0/0,7837:1747647656428:,1747647665361
counter/3/0/0/0,8218:1747647655888:,1747647665363
counter/3/0/0/0,8219:1747647655888:,1747647665363
counter/3/0/0/0,8220:1747647655888:,1747647665363
counter/3/0/0/0,8221:1747647655888:,1747647665363
counter/3/0/0/0,8222:1747647655888:,1747647665363
counter/2/0/0/0,7684:1747647654656:,1747647665364
counter/2/0/0/0,7685:1747647654656:,1747647665364
counter/2/0/0/0,7686:1747647654656:,1747647665364
counter/2/0/0/0,7687:1747647654656:,1747647665364
counter/2/0/0/0,7688:1747647654656:,1747647665364
counter/2/0/0/0,7689:1747647654656:,1747647665364
counter/2/0/0/0,7690:1747647654656:,1747647665364
counter/2/0/0/0,7691:1747647654656:,1747647665364
counter/2/0/0/0,7692:1747647654656:,1747647665364
counter/2/0/0/0,7693:1747647654656:,1747647665364
counter/2/0/0/0,7694:1747647654656:,1747647665364
counter/2/0/0/0,7695:1747647654662:,1747647665364
counter/2/0/0/0,7696:1747647654662:,1747647665364
counter/2/0/0/0,7697:1747647654662:,1747647665364
counter/2/0/0/0,7698:1747647654662:,1747647665364
counter/2/0/0/0,7699:1747647654670:,1747647665365
counter/2/0/0/0,7700:1747647654670:,1747647665365
counter/2/0/0/0,7701:1747647654670:,1747647665365
counter/2/0/0/0,7702:1747647654670:,1747647665365
counter/2/0/0/0,7703:1747647654671:,1747647665365
counter/2/0/0/0,7704:1747647654671:,1747647665365
counter/2/0/0/0,7705:1747647654671:,1747647665365
counter/2/0/0/0,7706:1747647654671:,1747647665365
counter/6/0/0/0,7098:1747647655537:,1747647665365
counter/3/0/0/0,8223:1747647655888:,1747647665365
counter/1/0/0/0,8529:1747647656492:,1747647665365
counter/3/0/0/0,8224:1747647655888:,1747647665365
counter/3/0/0/0,8225:1747647655888:,1747647665365
counter/3/0/0/0,8226:1747647655889:,1747647665365
counter/3/0/0/0,8227:1747647655889:,1747647665365
counter/3/0/0/0,8228:1747647655889:,1747647665365
counter/3/0/0/0,8229:1747647655889:,1747647665365
counter/4/0/0/0,7838:1747647656428:,1747647665365
counter/8/0/0/0,8073:1747647655351:,1747647665365
counter/7/0/0/0,7666:1747647655620:,1747647665365
counter/7/0/0/0,7667:1747647655620:,1747647665365
counter/7/0/0/0,7668:1747647655620:,1747647665365
counter/7/0/0/0,7669:1747647655628:,1747647665365
counter/7/0/0/0,7670:1747647655653:,1747647665365
counter/7/0/0/0,7671:1747647655654:,1747647665365
counter/7/0/0/0,7672:1747647655654:,1747647665365
counter/10/0/0/0,7256:1747647655227:,1747647665365
counter/1/0/0/0,8530:1747647656492:,1747647665366
counter/1/0/0/0,8531:1747647656492:,1747647665366
counter/1/0/0/0,8532:1747647656492:,1747647665366
counter/1/0/0/0,8533:1747647656492:,1747647665366
counter/1/0/0/0,8534:1747647656492:,1747647665366
counter/1/0/0/0,8535:1747647656492:,1747647665366
counter/1/0/0/0,8536:1747647656492:,1747647665366
counter/1/0/0/0,8537:1747647656492:,1747647665366
counter/1/0/0/0,8538:1747647656492:,1747647665366
counter/1/0/0/0,8539:1747647656492:,1747647665366
counter/1/0/0/0,8540:1747647656492:,1747647665366
counter/1/0/0/0,8541:1747647656492:,1747647665366
counter/7/0/0/0,7673:1747647655654:,1747647665366
counter/8/0/0/0,8074:1747647655362:,1747647665366
counter/6/0/0/0,7099:1747647655537:,1747647665366
counter/2/0/0/0,7707:1747647654671:,1747647665366
counter/2/0/0/0,7708:1747647654671:,1747647665366
counter/2/0/0/0,7709:1747647654671:,1747647665367
counter/10/0/0/0,7257:1747647655227:,1747647665367
counter/2/0/0/0,7710:1747647654671:,1747647665367
counter/2/0/0/0,7711:1747647654671:,1747647665367
counter/2/0/0/0,7712:1747647654671:,1747647665367
counter/2/0/0/0,7713:1747647654671:,1747647665367
counter/2/0/0/0,7714:1747647654671:,1747647665367
counter/2/0/0/0,7715:1747647654671:,1747647665367
counter/7/0/0/0,7674:1747647655654:,1747647665367
counter/2/0/0/0,7716:1747647654671:,1747647665367
counter/2/0/0/0,7717:1747647654671:,1747647665367
counter/2/0/0/0,7718:1747647654671:,1747647665367
counter/2/0/0/0,7719:1747647654671:,1747647665367
counter/6/0/0/0,7100:1747647655537:,1747647665367
counter/6/0/0/0,7101:1747647655537:,1747647665367
counter/6/0/0/0,7102:1747647655537:,1747647665367
counter/6/0/0/0,7103:1747647655541:,1747647665367
counter/4/0/0/0,7839:1747647656450:,1747647665367
counter/4/0/0/0,7840:1747647656450:,1747647665367
counter/4/0/0/0,7841:1747647656450:,1747647665367
counter/4/0/0/0,7842:1747647656450:,1747647665367
counter/4/0/0/0,7843:1747647656451:,1747647665367
counter/4/0/0/0,7844:1747647656451:,1747647665367
counter/4/0/0/0,7845:1747647656468:,1747647665367
counter/4/0/0/0,7846:1747647656469:,1747647665368
counter/4/0/0/0,7847:1747647656469:,1747647665368
counter/4/0/0/0,7848:1747647656469:,1747647665368
counter/4/0/0/0,7849:1747647656469:,1747647665368
counter/4/0/0/0,7850:1747647656474:,1747647665368
counter/4/0/0/0,7851:1747647656474:,1747647665368
counter/4/0/0/0,7852:1747647656474:,1747647665368
counter/4/0/0/0,7853:1747647656474:,1747647665368
counter/4/0/0/0,7854:1747647656474:,1747647665368
counter/4/0/0/0,7855:1747647656474:,1747647665368
counter/4/0/0/0,7856:1747647656474:,1747647665368
counter/4/0/0/0,7857:1747647656474:,1747647665368
counter/4/0/0/0,7858:1747647656475:,1747647665368
counter/7/0/0/0,7675:1747647655654:,1747647665368
counter/3/0/0/0,8230:1747647655889:,1747647665368
counter/2/0/0/0,7720:1747647654671:,1747647665368
counter/4/0/0/0,7859:1747647656475:,1747647665368
counter/1/0/0/0,8542:1747647656492:,1747647665368
counter/8/0/0/0,8075:1747647655362:,1747647665368
counter/1/0/0/0,8543:1747647656492:,1747647665368
counter/1/0/0/0,8544:1747647656492:,1747647665369
counter/1/0/0/0,8545:1747647656492:,1747647665369
counter/1/0/0/0,8546:1747647656492:,1747647665369
counter/1/0/0/0,8547:1747647656492:,1747647665369
counter/7/0/0/0,7676:1747647655654:,1747647665369
counter/7/0/0/0,7677:1747647655654:,1747647665369
counter/7/0/0/0,7678:1747647655654:,1747647665369
counter/7/0/0/0,7679:1747647655655:,1747647665369
counter/7/0/0/0,7680:1747647655658:,1747647665369
counter/7/0/0/0,7681:1747647655660:,1747647665369
counter/7/0/0/0,7682:1747647655660:,1747647665369
counter/7/0/0/0,7683:1747647655660:,1747647665369
counter/7/0/0/0,7684:1747647655660:,1747647665369
counter/7/0/0/0,7685:1747647655660:,1747647665369
counter/7/0/0/0,7686:1747647655660:,1747647665369
counter/7/0/0/0,7687:1747647655660:,1747647665369
counter/7/0/0/0,7688:1747647655660:,1747647665369
counter/7/0/0/0,7689:1747647655660:,1747647665369
counter/6/0/0/0,7104:1747647655546:,1747647665369
counter/2/0/0/0,7721:1747647654671:,1747647665370
counter/10/0/0/0,7258:1747647655227:,1747647665370
counter/10/0/0/0,7259:1747647655227:,1747647665370
counter/10/0/0/0,7260:1747647655227:,1747647665370
counter/10/0/0/0,7261:1747647655239:,1747647665371
counter/6/0/0/0,7105:1747647655546:,1747647665371
counter/3/0/0/0,8231:1747647655889:,1747647665371
counter/3/0/0/0,8232:1747647655889:,1747647665371
counter/3/0/0/0,8233:1747647655889:,1747647665371
counter/4/0/0/0,7860:1747647656475:,1747647665371
counter/2/0/0/0,7722:1747647654671:,1747647665371
counter/2/0/0/0,7723:1747647654671:,1747647665371
counter/2/0/0/0,7724:1747647654671:,1747647665371
counter/2/0/0/0,7725:1747647654671:,1747647665371
counter/2/0/0/0,7726:1747647654672:,1747647665371
counter/2/0/0/0,7727:1747647654672:,1747647665371
counter/2/0/0/0,7728:1747647654672:,1747647665371
counter/2/0/0/0,7729:1747647654672:,1747647665372
counter/2/0/0/0,7730:1747647654672:,1747647665372
counter/2/0/0/0,7731:1747647654672:,1747647665372
counter/2/0/0/0,7732:1747647654672:,1747647665372
counter/2/0/0/0,7733:1747647654674:,1747647665372
counter/9/0/0/0,8335:1747647655830:,1747647665372
counter/4/0/0/0,7861:1747647656475:,1747647665372
counter/8/0/0/0,8076:1747647655362:,1747647665372
counter/7/0/0/0,7690:1747647655660:,1747647665372
counter/7/0/0/0,7691:1747647655660:,1747647665372
counter/7/0/0/0,7692:1747647655660:,1747647665372
counter/7/0/0/0,7693:1747647655660:,1747647665372
counter/7/0/0/0,7694:1747647655660:,1747647665372
counter/7/0/0/0,7695:1747647655676:,1747647665373
counter/7/0/0/0,7696:1747647655676:,1747647665373
counter/7/0/0/0,7697:1747647655676:,1747647665373
counter/7/0/0/0,7698:1747647655677:,1747647665373
counter/7/0/0/0,7699:1747647655677:,1747647665373
counter/7/0/0/0,7700:1747647655677:,1747647665373
counter/7/0/0/0,7701:1747647655680:,1747647665373
counter/7/0/0/0,7702:1747647655684:,1747647665373
counter/7/0/0/0,7703:1747647655684:,1747647665373
counter/7/0/0/0,7704:1747647655684:,1747647665373
counter/7/0/0/0,7705:1747647655684:,1747647665373
counter/7/0/0/0,7706:1747647655685:,1747647665373
counter/7/0/0/0,7707:1747647655685:,1747647665373
counter/7/0/0/0,7708:1747647655688:,1747647665373
counter/7/0/0/0,7709:1747647655688:,1747647665373
counter/7/0/0/0,7710:1747647655688:,1747647665373
counter/7/0/0/0,7711:1747647655688:,1747647665373
counter/7/0/0/0,7712:1747647655688:,1747647665373
counter/7/0/0/0,7713:1747647655690:,1747647665373
counter/10/0/0/0,7262:1747647655239:,1747647665373
counter/2/0/0/0,7734:1747647654674:,1747647665373
counter/2/0/0/0,7735:1747647654675:,1747647665373
counter/1/0/0/0,8548:1747647656492:,1747647665373
counter/5/0/0/0,7764:1747647655549:,1747647665373
counter/5/0/0/0,7765:1747647655549:,1747647665373
counter/5/0/0/0,7766:1747647655549:,1747647665373
counter/5/0/0/0,7767:1747647655549:,1747647665374
counter/5/0/0/0,7768:1747647655550:,1747647665374
counter/5/0/0/0,7769:1747647655550:,1747647665374
counter/6/0/0/0,7106:1747647655546:,1747647665374
counter/5/0/0/0,7770:1747647655554:,1747647665374
counter/9/0/0/0,8336:1747647655830:,1747647665374
counter/2/0/0/0,7736:1747647654675:,1747647665374
counter/10/0/0/0,7263:1747647655247:,1747647665375
counter/1/0/0/0,8549:1747647656492:,1747647665375
counter/1/0/0/0,8550:1747647656492:,1747647665376
counter/8/0/0/0,8077:1747647655362:,1747647665376
counter/6/0/0/0,7107:1747647655546:,1747647665377
counter/6/0/0/0,7108:1747647655546:,1747647665377
counter/6/0/0/0,7109:1747647655546:,1747647665377
counter/7/0/0/0,7714:1747647655690:,1747647665377
counter/7/0/0/0,7715:1747647655703:,1747647665377
counter/7/0/0/0,7716:1747647655703:,1747647665377
counter/7/0/0/0,7717:1747647655703:,1747647665377
counter/9/0/0/0,8337:1747647655830:,1747647665377
counter/5/0/0/0,7771:1747647655554:,1747647665377
counter/5/0/0/0,7772:1747647655554:,1747647665377
counter/5/0/0/0,7773:1747647655554:,1747647665377
counter/5/0/0/0,7774:1747647655554:,1747647665377
counter/5/0/0/0,7775:1747647655554:,1747647665377
counter/5/0/0/0,7776:1747647655554:,1747647665377
counter/1/0/0/0,8551:1747647656492:,1747647665378
counter/8/0/0/0,8078:1747647655362:,1747647665378
counter/1/0/0/0,8552:1747647656492:,1747647665378
counter/1/0/0/0,8553:1747647656492:,1747647665378
counter/1/0/0/0,8554:1747647656492:,1747647665378
counter/1/0/0/0,8555:1747647656492:,1747647665378
counter/1/0/0/0,8556:1747647656492:,1747647665378
counter/1/0/0/0,8557:1747647656498:,1747647665379
counter/1/0/0/0,8558:1747647656499:,1747647665379
counter/1/0/0/0,8559:1747647656499:,1747647665379
counter/1/0/0/0,8560:1747647656499:,1747647665379
counter/1/0/0/0,8561:1747647656499:,1747647665379
counter/4/0/0/0,7862:1747647656478:,1747647665379
counter/9/0/0/0,8338:1747647655830:,1747647665379
counter/4/0/0/0,7863:1747647656478:,1747647665379
counter/4/0/0/0,7864:1747647656478:,1747647665379
counter/4/0/0/0,7865:1747647656478:,1747647665379
counter/4/0/0/0,7866:1747647656478:,1747647665379
counter/4/0/0/0,7867:1747647656478:,1747647665379
counter/4/0/0/0,7868:1747647656478:,1747647665379
counter/4/0/0/0,7869:1747647656478:,1747647665379
counter/4/0/0/0,7870:1747647656486:,1747647665380
counter/4/0/0/0,7871:1747647656489:,1747647665380
counter/4/0/0/0,7872:1747647656489:,1747647665380
counter/4/0/0/0,7873:1747647656489:,1747647665380
counter/8/0/0/0,8079:1747647655362:,1747647665380
counter/10/0/0/0,7264:1747647655253:,1747647665380
counter/3/0/0/0,8234:1747647655889:,1747647665380
counter/3/0/0/0,8235:1747647655889:,1747647665380
counter/6/0/0/0,7110:1747647655546:,1747647665380
counter/8/0/0/0,8080:1747647655362:,1747647665381
counter/3/0/0/0,8236:1747647655889:,1747647665382
counter/3/0/0/0,8237:1747647655889:,1747647665382
counter/3/0/0/0,8238:1747647655893:,1747647665382
counter/3/0/0/0,8239:1747647655893:,1747647665382
counter/3/0/0/0,8240:1747647655893:,1747647665382
counter/1/0/0/0,8562:1747647656499:,1747647665382
counter/4/0/0/0,7874:1747647656489:,1747647665382
counter/9/0/0/0,8339:1747647655830:,1747647665382
counter/4/0/0/0,7875:1747647656489:,1747647665382
counter/4/0/0/0,7876:1747647656489:,1747647665382
counter/4/0/0/0,7877:1747647656489:,1747647665382
counter/4/0/0/0,7878:1747647656489:,1747647665382
counter/4/0/0/0,7879:1747647656489:,1747647665382
counter/4/0/0/0,7880:1747647656489:,1747647665382
counter/4/0/0/0,7881:1747647656489:,1747647665382
counter/4/0/0/0,7882:1747647656489:,1747647665382
counter/4/0/0/0,7883:1747647656489:,1747647665382
counter/4/0/0/0,7884:1747647656489:,1747647665382
counter/4/0/0/0,7885:1747647656489:,1747647665382
counter/4/0/0/0,7886:1747647656489:,1747647665383
counter/9/0/0/0,8340:1747647655830:,1747647665383
counter/4/0/0/0,7887:1747647656489:,1747647665383
counter/4/0/0/0,7888:1747647656489:,1747647665383
counter/4/0/0/0,7889:1747647656489:,1747647665383
counter/6/0/0/0,7111:1747647655547:,1747647665383
counter/6/0/0/0,7112:1747647655547:,1747647665383
counter/6/0/0/0,7113:1747647655552:,1747647665383
counter/6/0/0/0,7114:1747647655552:,1747647665383
counter/1/0/0/0,8563:1747647656499:,1747647665383
counter/6/0/0/0,7115:1747647655552:,1747647665383
counter/1/0/0/0,8564:1747647656499:,1747647665383
counter/6/0/0/0,7116:1747647655552:,1747647665383
counter/1/0/0/0,8565:1747647656499:,1747647665383
counter/6/0/0/0,7117:1747647655553:,1747647665383
counter/10/0/0/0,7265:1747647655253:,1747647665383
counter/6/0/0/0,7118:1747647655553:,1747647665383
counter/10/0/0/0,7266:1747647655257:,1747647665383
counter/10/0/0/0,7267:1747647655257:,1747647665383
counter/10/0/0/0,7268:1747647655257:,1747647665383
counter/10/0/0/0,7269:1747647655257:,1747647665383
counter/10/0/0/0,7270:1747647655257:,1747647665384
counter/7/0/0/0,7718:1747647655703:,1747647665384
counter/3/0/0/0,8241:1747647655894:,1747647665384
counter/2/0/0/0,7737:1747647654675:,1747647665384
counter/4/0/0/0,7890:1747647656498:,1747647665384
counter/4/0/0/0,7891:1747647656498:,1747647665384
counter/4/0/0/0,7892:1747647656498:,1747647665384
counter/4/0/0/0,7893:1747647656498:,1747647665384
counter/4/0/0/0,7894:1747647656498:,1747647665385
counter/4/0/0/0,7895:1747647656498:,1747647665385
counter/4/0/0/0,7896:1747647656507:,1747647665385
counter/4/0/0/0,7897:1747647656507:,1747647665385
counter/4/0/0/0,7898:1747647656507:,1747647665385
counter/4/0/0/0,7899:1747647656507:,1747647665385
counter/10/0/0/0,7271:1747647655259:,1747647665385
counter/10/0/0/0,7272:1747647655259:,1747647665386
counter/4/0/0/0,7900:1747647656507:,1747647665386
counter/8/0/0/0,8081:1747647655362:,1747647665386
counter/10/0/0/0,7273:1747647655259:,1747647665386
counter/10/0/0/0,7274:1747647655259:,1747647665386
counter/8/0/0/0,8082:1747647655362:,1747647665386
counter/2/0/0/0,7738:1747647654675:,1747647665386
counter/8/0/0/0,8083:1747647655362:,1747647665388
counter/6/0/0/0,7119:1747647655553:,1747647665388
counter/8/0/0/0,8084:1747647655362:,1747647665388
counter/6/0/0/0,7120:1747647655553:,1747647665388
counter/6/0/0/0,7121:1747647655553:,1747647665388
counter/6/0/0/0,7122:1747647655553:,1747647665388
counter/7/0/0/0,7719:1747647655703:,1747647665388
counter/7/0/0/0,7720:1747647655703:,1747647665388
counter/7/0/0/0,7721:1747647655703:,1747647665388
counter/7/0/0/0,7722:1747647655703:,1747647665389
counter/7/0/0/0,7723:1747647655703:,1747647665389
counter/7/0/0/0,7724:1747647655703:,1747647665389
counter/7/0/0/0,7725:1747647655703:,1747647665389
counter/7/0/0/0,7726:1747647655704:,1747647665389
counter/7/0/0/0,7727:1747647655722:,1747647665389
counter/7/0/0/0,7728:1747647655723:,1747647665389
counter/7/0/0/0,7729:1747647655723:,1747647665389
counter/7/0/0/0,7730:1747647655723:,1747647665389
counter/7/0/0/0,7731:1747647655723:,1747647665389
counter/7/0/0/0,7732:1747647655723:,1747647665389
counter/7/0/0/0,7733:1747647655723:,1747647665389
counter/10/0/0/0,7275:1747647655259:,1747647665389
counter/7/0/0/0,7734:1747647655723:,1747647665389
counter/7/0/0/0,7735:1747647655733:,1747647665389
counter/7/0/0/0,7736:1747647655733:,1747647665389
counter/7/0/0/0,7737:1747647655733:,1747647665389
counter/7/0/0/0,7738:1747647655733:,1747647665389
counter/7/0/0/0,7739:1747647655733:,1747647665389
counter/7/0/0/0,7740:1747647655733:,1747647665389
counter/7/0/0/0,7741:1747647655733:,1747647665389
counter/7/0/0/0,7742:1747647655733:,1747647665389
counter/7/0/0/0,7743:1747647655733:,1747647665389
counter/7/0/0/0,7744:1747647655733:,1747647665389
counter/7/0/0/0,7745:1747647655733:,1747647665389
counter/7/0/0/0,7746:1747647655733:,1747647665389
counter/7/0/0/0,7747:1747647655734:,1747647665390
counter/7/0/0/0,7748:1747647655735:,1747647665390
counter/7/0/0/0,7749:1747647655735:,1747647665390
counter/7/0/0/0,7750:1747647655735:,1747647665390
counter/7/0/0/0,7751:1747647655744:,1747647665390
counter/7/0/0/0,7752:1747647655744:,1747647665390
counter/7/0/0/0,7753:1747647655744:,1747647665390
counter/7/0/0/0,7754:1747647655744:,1747647665390
counter/8/0/0/0,8085:1747647655362:,1747647665390
counter/7/0/0/0,7755:1747647655744:,1747647665390
counter/7/0/0/0,7756:1747647655744:,1747647665390
counter/7/0/0/0,7757:1747647655744:,1747647665390
counter/1/0/0/0,8566:1747647656499:,1747647665390
counter/10/0/0/0,7276:1747647655259:,1747647665390
counter/7/0/0/0,7758:1747647655744:,1747647665390
counter/10/0/0/0,7277:1747647655259:,1747647665390
counter/5/0/0/0,7777:1747647655554:,1747647665390
counter/10/0/0/0,7278:1747647655259:,1747647665391
counter/5/0/0/0,7778:1747647655554:,1747647665391
counter/10/0/0/0,7279:1747647655260:,1747647665391
counter/8/0/0/0,8086:1747647655362:,1747647665391
counter/10/0/0/0,7280:1747647655260:,1747647665391
counter/6/0/0/0,7123:1747647655553:,1747647665391
counter/10/0/0/0,7281:1747647655260:,1747647665391
counter/10/0/0/0,7282:1747647655260:,1747647665391
counter/10/0/0/0,7283:1747647655260:,1747647665391
counter/10/0/0/0,7284:1747647655260:,1747647665391
counter/2/0/0/0,7739:1747647654675:,1747647665391
counter/1/0/0/0,8567:1747647656499:,1747647665391
counter/1/0/0/0,8568:1747647656499:,1747647665391
counter/1/0/0/0,8569:1747647656499:,1747647665391
counter/10/0/0/0,7285:1747647655260:,1747647665392
counter/10/0/0/0,7286:1747647655260:,1747647665393
counter/2/0/0/0,7740:1747647654675:,1747647665393
counter/2/0/0/0,7741:1747647654675:,1747647665393
counter/1/0/0/0,8570:1747647656502:,1747647665393
counter/1/0/0/0,8571:1747647656502:,1747647665393
counter/1/0/0/0,8572:1747647656502:,1747647665393
counter/1/0/0/0,8573:1747647656503:,1747647665393
counter/1/0/0/0,8574:1747647656503:,1747647665393
counter/3/0/0/0,8242:1747647655894:,1747647665393
counter/9/0/0/0,8341:1747647655830:,1747647665394
counter/10/0/0/0,7287:1747647655260:,1747647665394
counter/9/0/0/0,8342:1747647655830:,1747647665394
counter/6/0/0/0,7124:1747647655554:,1747647665394
counter/9/0/0/0,8343:1747647655830:,1747647665395
counter/9/0/0/0,8344:1747647655830:,1747647665395
counter/2/0/0/0,7742:1747647654675:,1747647665395
counter/7/0/0/0,7759:1747647655744:,1747647665395
counter/7/0/0/0,7760:1747647655744:,1747647665395
counter/7/0/0/0,7761:1747647655744:,1747647665395
counter/10/0/0/0,7288:1747647655260:,1747647665396
counter/1/0/0/0,8575:1747647656503:,1747647665397
counter/4/0/0/0,7901:1747647656507:,1747647665397
counter/8/0/0/0,8087:1747647655362:,1747647665397
counter/8/0/0/0,8088:1747647655362:,1747647665397
counter/8/0/0/0,8089:1747647655362:,1747647665397
counter/8/0/0/0,8090:1747647655362:,1747647665398
counter/2/0/0/0,7743:1747647654675:,1747647665398
counter/5/0/0/0,7779:1747647655554:,1747647665398
counter/5/0/0/0,7780:1747647655554:,1747647665398
counter/5/0/0/0,7781:1747647655554:,1747647665398
counter/5/0/0/0,7782:1747647655554:,1747647665398
counter/5/0/0/0,7783:1747647655554:,1747647665398
counter/5/0/0/0,7784:1747647655554:,1747647665398
counter/5/0/0/0,7785:1747647655554:,1747647665398
counter/5/0/0/0,7786:1747647655555:,1747647665398
counter/5/0/0/0,7787:1747647655555:,1747647665398
counter/5/0/0/0,7788:1747647655555:,1747647665398
counter/10/0/0/0,7289:1747647655260:,1747647665398
counter/9/0/0/0,8345:1747647655830:,1747647665398
counter/7/0/0/0,7762:1747647655744:,1747647665398
counter/9/0/0/0,8346:1747647655830:,1747647665398
counter/2/0/0/0,7744:1747647654675:,1747647665398
counter/2/0/0/0,7745:1747647654675:,1747647665398
counter/5/0/0/0,7789:1747647655555:,1747647665398
counter/4/0/0/0,7902:1747647656507:,1747647665398
counter/10/0/0/0,7290:1747647655260:,1747647665399
counter/3/0/0/0,8243:1747647655894:,1747647665399
counter/6/0/0/0,7125:1747647655554:,1747647665399
counter/8/0/0/0,8091:1747647655371:,1747647665401
counter/8/0/0/0,8092:1747647655380:,1747647665401
counter/8/0/0/0,8093:1747647655380:,1747647665401
counter/8/0/0/0,8094:1747647655380:,1747647665401
counter/8/0/0/0,8095:1747647655380:,1747647665401
counter/8/0/0/0,8096:1747647655380:,1747647665401
counter/8/0/0/0,8097:1747647655380:,1747647665401
counter/8/0/0/0,8098:1747647655380:,1747647665401
counter/8/0/0/0,8099:1747647655380:,1747647665401
counter/8/0/0/0,8100:1747647655380:,1747647665401
counter/8/0/0/0,8101:1747647655380:,1747647665401
counter/10/0/0/0,7291:1747647655261:,1747647665401
counter/3/0/0/0,8244:1747647655894:,1747647665401
counter/9/0/0/0,8347:1747647655830:,1747647665402
counter/1/0/0/0,8576:1747647656503:,1747647665402
counter/1/0/0/0,8577:1747647656503:,1747647665402
counter/1/0/0/0,8578:1747647656507:,1747647665402
counter/3/0/0/0,8245:1747647655898:,1747647665403
counter/7/0/0/0,7763:1747647655744:,1747647665403
counter/3/0/0/0,8246:1747647655898:,1747647665403
counter/3/0/0/0,8247:1747647655898:,1747647665403
counter/3/0/0/0,8248:1747647655898:,1747647665403
counter/3/0/0/0,8249:1747647655898:,1747647665403
counter/3/0/0/0,8250:1747647655898:,1747647665403
counter/3/0/0/0,8251:1747647655898:,1747647665403
counter/3/0/0/0,8252:1747647655898:,1747647665403
counter/1/0/0/0,8579:1747647656509:,1747647665403
counter/1/0/0/0,8580:1747647656509:,1747647665403
counter/1/0/0/0,8581:1747647656509:,1747647665404
counter/1/0/0/0,8582:1747647656509:,1747647665404
counter/1/0/0/0,8583:1747647656509:,1747647665404
counter/1/0/0/0,8584:1747647656509:,1747647665404
counter/1/0/0/0,8585:1747647656509:,1747647665404
counter/1/0/0/0,8586:1747647656509:,1747647665404
counter/1/0/0/0,8587:1747647656509:,1747647665404
counter/8/0/0/0,8102:1747647655380:,1747647665404
counter/10/0/0/0,7292:1747647655261:,1747647665406
counter/8/0/0/0,8103:1747647655380:,1747647665406
counter/8/0/0/0,8104:1747647655380:,1747647665406
counter/8/0/0/0,8105:1747647655380:,1747647665406
counter/8/0/0/0,8106:1747647655380:,1747647665406
counter/5/0/0/0,7790:1747647655555:,1747647665406
counter/8/0/0/0,8107:1747647655380:,1747647665406
counter/5/0/0/0,7791:1747647655555:,1747647665406
counter/8/0/0/0,8108:1747647655391:,1747647665406
counter/5/0/0/0,7792:1747647655555:,1747647665407
counter/8/0/0/0,8109:1747647655391:,1747647665407
counter/5/0/0/0,7793:1747647655555:,1747647665407
counter/5/0/0/0,7794:1747647655555:,1747647665407
counter/5/0/0/0,7795:1747647655555:,1747647665407
counter/5/0/0/0,7796:1747647655555:,1747647665407
counter/5/0/0/0,7797:1747647655555:,1747647665407
counter/5/0/0/0,7798:1747647655555:,1747647665407
counter/5/0/0/0,7799:1747647655555:,1747647665407
counter/5/0/0/0,7800:1747647655555:,1747647665407
counter/5/0/0/0,7801:1747647655555:,1747647665407
counter/5/0/0/0,7802:1747647655555:,1747647665407
counter/5/0/0/0,7803:1747647655555:,1747647665407
counter/5/0/0/0,7804:1747647655555:,1747647665407
counter/5/0/0/0,7805:1747647655555:,1747647665407
counter/5/0/0/0,7806:1747647655562:,1747647665407
counter/5/0/0/0,7807:1747647655562:,1747647665407
counter/5/0/0/0,7808:1747647655562:,1747647665407
counter/2/0/0/0,7746:1747647654675:,1747647665407
counter/5/0/0/0,7809:1747647655562:,1747647665407
counter/5/0/0/0,7810:1747647655562:,1747647665407
counter/8/0/0/0,8110:1747647655391:,1747647665407
counter/10/0/0/0,7293:1747647655261:,1747647665408
counter/8/0/0/0,8111:1747647655391:,1747647665408
counter/8/0/0/0,8112:1747647655391:,1747647665408
counter/1/0/0/0,8588:1747647656509:,1747647665408
counter/3/0/0/0,8253:1747647655898:,1747647665408
counter/7/0/0/0,7764:1747647655744:,1747647665408
counter/2/0/0/0,7747:1747647654678:,1747647665409
counter/2/0/0/0,7748:1747647654678:,1747647665409
counter/10/0/0/0,7294:1747647655261:,1747647665410
counter/2/0/0/0,7749:1747647654678:,1747647665411
counter/2/0/0/0,7750:1747647654678:,1747647665411
counter/2/0/0/0,7751:1747647654683:,1747647665411
counter/2/0/0/0,7752:1747647654683:,1747647665411
counter/2/0/0/0,7753:1747647654683:,1747647665411
counter/6/0/0/0,7126:1747647655554:,1747647665411
counter/6/0/0/0,7127:1747647655554:,1747647665411
counter/6/0/0/0,7128:1747647655555:,1747647665411
counter/6/0/0/0,7129:1747647655556:,1747647665411
counter/6/0/0/0,7130:1747647655556:,1747647665411
counter/10/0/0/0,7295:1747647655261:,1747647665411
counter/4/0/0/0,7903:1747647656507:,1747647665411
counter/10/0/0/0,7296:1747647655261:,1747647665412
counter/4/0/0/0,7904:1747647656507:,1747647665412
counter/10/0/0/0,7297:1747647655261:,1747647665412
counter/5/0/0/0,7811:1747647655562:,1747647665412
counter/10/0/0/0,7298:1747647655261:,1747647665412
counter/3/0/0/0,8254:1747647655898:,1747647665413
counter/6/0/0/0,7131:1747647655556:,1747647665414
counter/3/0/0/0,8255:1747647655898:,1747647665414
counter/7/0/0/0,7765:1747647655744:,1747647665414
counter/7/0/0/0,7766:1747647655744:,1747647665414
counter/10/0/0/0,7299:1747647655262:,1747647665414
counter/7/0/0/0,7767:1747647655750:,1747647665414
counter/10/0/0/0,7300:1747647655262:,1747647665414
counter/7/0/0/0,7768:1747647655750:,1747647665414
counter/7/0/0/0,7769:1747647655750:,1747647665414
counter/7/0/0/0,7770:1747647655750:,1747647665414
counter/10/0/0/0,7301:1747647655262:,1747647665414
counter/10/0/0/0,7302:1747647655262:,1747647665414
counter/4/0/0/0,7905:1747647656507:,1747647665414
counter/8/0/0/0,8113:1747647655391:,1747647665414
counter/8/0/0/0,8114:1747647655391:,1747647665414
counter/6/0/0/0,7132:1747647655556:,1747647665415
counter/4/0/0/0,7906:1747647656508:,1747647665415
counter/1/0/0/0,8589:1747647656509:,1747647665415
counter/6/0/0/0,7133:1747647655556:,1747647665415
counter/6/0/0/0,7134:1747647655556:,1747647665415
counter/6/0/0/0,7135:1747647655556:,1747647665415
counter/6/0/0/0,7136:1747647655560:,1747647665415
counter/6/0/0/0,7137:1747647655560:,1747647665415
counter/6/0/0/0,7138:1747647655560:,1747647665415
counter/6/0/0/0,7139:1747647655560:,1747647665415
counter/6/0/0/0,7140:1747647655560:,1747647665416
counter/6/0/0/0,7141:1747647655560:,1747647665416
counter/6/0/0/0,7142:1747647655560:,1747647665416
counter/2/0/0/0,7754:1747647654683:,1747647665417
counter/4/0/0/0,7907:1747647656508:,1747647665417
counter/4/0/0/0,7908:1747647656509:,1747647665417
counter/4/0/0/0,7909:1747647656509:,1747647665417
counter/4/0/0/0,7910:1747647656509:,1747647665417
counter/4/0/0/0,7911:1747647656509:,1747647665417
counter/4/0/0/0,7912:1747647656509:,1747647665417
counter/4/0/0/0,7913:1747647656509:,1747647665417
counter/4/0/0/0,7914:1747647656509:,1747647665417
counter/4/0/0/0,7915:1747647656523:,1747647665417
counter/4/0/0/0,7916:1747647656523:,1747647665417
counter/4/0/0/0,7917:1747647656523:,1747647665417
counter/4/0/0/0,7918:1747647656523:,1747647665417
counter/4/0/0/0,7919:1747647656523:,1747647665417
counter/4/0/0/0,7920:1747647656537:,1747647665417
counter/4/0/0/0,7921:1747647656537:,1747647665417
counter/4/0/0/0,7922:1747647656537:,1747647665417
counter/6/0/0/0,7143:1747647655560:,1747647665417
counter/6/0/0/0,7144:1747647655560:,1747647665417
counter/6/0/0/0,7145:1747647655560:,1747647665417
counter/6/0/0/0,7146:1747647655560:,1747647665418
counter/1/0/0/0,8590:1747647656513:,1747647665418
counter/1/0/0/0,8591:1747647656513:,1747647665418
counter/4/0/0/0,7923:1747647656561:,1747647665418
counter/8/0/0/0,8115:1747647655391:,1747647665418
counter/4/0/0/0,7924:1747647656562:,1747647665418
counter/4/0/0/0,7925:1747647656562:,1747647665418
counter/4/0/0/0,7926:1747647656562:,1747647665418
counter/4/0/0/0,7927:1747647656562:,1747647665418
counter/4/0/0/0,7928:1747647656562:,1747647665418
counter/4/0/0/0,7929:1747647656562:,1747647665418
counter/4/0/0/0,7930:1747647656562:,1747647665418
counter/4/0/0/0,7931:1747647656562:,1747647665418
counter/4/0/0/0,7932:1747647656562:,1747647665418
counter/4/0/0/0,7933:1747647656563:,1747647665418
counter/4/0/0/0,7934:1747647656563:,1747647665418
counter/10/0/0/0,7303:1747647655262:,1747647665418
counter/5/0/0/0,7812:1747647655562:,1747647665418
counter/5/0/0/0,7813:1747647655562:,1747647665418
counter/5/0/0/0,7814:1747647655562:,1747647665418
counter/5/0/0/0,7815:1747647655562:,1747647665418
counter/5/0/0/0,7816:1747647655562:,1747647665418
counter/5/0/0/0,7817:1747647655563:,1747647665418
counter/5/0/0/0,7818:1747647655563:,1747647665418
counter/2/0/0/0,7755:1747647654683:,1747647665419
counter/2/0/0/0,7756:1747647654683:,1747647665419
counter/2/0/0/0,7757:1747647654716:,1747647665419
counter/2/0/0/0,7758:1747647654716:,1747647665419
counter/3/0/0/0,8256:1747647655898:,1747647665419
counter/3/0/0/0,8257:1747647655902:,1747647665419
counter/3/0/0/0,8258:1747647655902:,1747647665419
counter/3/0/0/0,8259:1747647655902:,1747647665419
counter/3/0/0/0,8260:1747647655902:,1747647665420
counter/3/0/0/0,8261:1747647655902:,1747647665420
counter/3/0/0/0,8262:1747647655902:,1747647665420
counter/9/0/0/0,8348:1747647655830:,1747647665420
counter/6/0/0/0,7147:1747647655560:,1747647665420
counter/6/0/0/0,7148:1747647655560:,1747647665420
counter/6/0/0/0,7149:1747647655565:,1747647665420
counter/6/0/0/0,7150:1747647655565:,1747647665420
counter/6/0/0/0,7151:1747647655565:,1747647665420
counter/9/0/0/0,8349:1747647655830:,1747647665420
counter/8/0/0/0,8116:1747647655391:,1747647665420
counter/8/0/0/0,8117:1747647655391:,1747647665420
counter/8/0/0/0,8118:1747647655392:,1747647665420
counter/8/0/0/0,8119:1747647655393:,1747647665420
counter/8/0/0/0,8120:1747647655393:,1747647665420
counter/8/0/0/0,8121:1747647655393:,1747647665420
counter/4/0/0/0,7935:1747647656563:,1747647665421
counter/4/0/0/0,7936:1747647656563:,1747647665421
counter/4/0/0/0,7937:1747647656564:,1747647665421
counter/4/0/0/0,7938:1747647656564:,1747647665421
counter/4/0/0/0,7939:1747647656564:,1747647665421
counter/10/0/0/0,7304:1747647655262:,1747647665421
counter/8/0/0/0,8122:1747647655393:,1747647665421
counter/2/0/0/0,7759:1747647654716:,1747647665421
counter/1/0/0/0,8592:1747647656513:,1747647665422
counter/5/0/0/0,7819:1747647655563:,1747647665422
counter/3/0/0/0,8263:1747647655906:,1747647665422
counter/3/0/0/0,8264:1747647655906:,1747647665423
counter/3/0/0/0,8265:1747647655907:,1747647665423
counter/3/0/0/0,8266:1747647655907:,1747647665423
counter/10/0/0/0,7305:1747647655262:,1747647665423
counter/1/0/0/0,8593:1747647656513:,1747647665424
counter/2/0/0/0,7760:1747647654716:,1747647665424
counter/2/0/0/0,7761:1747647654716:,1747647665424
counter/2/0/0/0,7762:1747647654716:,1747647665424
counter/2/0/0/0,7763:1747647654716:,1747647665425
counter/9/0/0/0,8350:1747647655834:,1747647665425
counter/10/0/0/0,7306:1747647655262:,1747647665429
counter/10/0/0/0,7307:1747647655262:,1747647665429
counter/3/0/0/0,8267:1747647655907:,1747647665430
counter/2/0/0/0,7764:1747647654716:,1747647665431
counter/2/0/0/0,7765:1747647654716:,1747647665431
counter/2/0/0/0,7766:1747647654716:,1747647665431
counter/1/0/0/0,8594:1747647656513:,1747647665431
counter/3/0/0/0,8268:1747647655907:,1747647665431
counter/8/0/0/0,8123:1747647655394:,1747647665432
counter/8/0/0/0,8124:1747647655394:,1747647665432
counter/8/0/0/0,8125:1747647655394:,1747647665432
counter/8/0/0/0,8126:1747647655399:,1747647665433
counter/8/0/0/0,8127:1747647655399:,1747647665433
counter/3/0/0/0,8269:1747647655907:,1747647665433
counter/2/0/0/0,7767:1747647654716:,1747647665433
counter/2/0/0/0,7768:1747647654716:,1747647665433
counter/10/0/0/0,7308:1747647655262:,1747647665434
counter/1/0/0/0,8595:1747647656513:,1747647665434
counter/6/0/0/0,7152:1747647655565:,1747647665434
counter/5/0/0/0,7820:1747647655563:,1747647665434
counter/1/0/0/0,8596:1747647656513:,1747647665436
counter/1/0/0/0,8597:1747647656513:,1747647665436
counter/1/0/0/0,8598:1747647656513:,1747647665436
counter/1/0/0/0,8599:1747647656513:,1747647665436
counter/1/0/0/0,8600:1747647656513:,1747647665436
counter/1/0/0/0,8601:1747647656513:,1747647665436
counter/1/0/0/0,8602:1747647656513:,1747647665436
counter/1/0/0/0,8603:1747647656513:,1747647665436
counter/6/0/0/0,7153:1747647655565:,1747647665436
counter/2/0/0/0,7769:1747647654716:,1747647665436
counter/4/0/0/0,7940:1747647656564:,1747647665437
counter/4/0/0/0,7941:1747647656564:,1747647665437
counter/4/0/0/0,7942:1747647656564:,1747647665438
counter/4/0/0/0,7943:1747647656564:,1747647665438
counter/4/0/0/0,7944:1747647656564:,1747647665438
counter/4/0/0/0,7945:1747647656564:,1747647665438
counter/4/0/0/0,7946:1747647656564:,1747647665438
counter/4/0/0/0,7947:1747647656564:,1747647665438
counter/4/0/0/0,7948:1747647656564:,1747647665438
counter/4/0/0/0,7949:1747647656564:,1747647665438
counter/5/0/0/0,7821:1747647655563:,1747647665438
counter/2/0/0/0,7770:1747647654716:,1747647665438
counter/7/0/0/0,7771:1747647655750:,1747647665438
counter/7/0/0/0,7772:1747647655751:,1747647665438
counter/7/0/0/0,7773:1747647655751:,1747647665439
counter/7/0/0/0,7774:1747647655751:,1747647665439
counter/7/0/0/0,7775:1747647655751:,1747647665439
counter/6/0/0/0,7154:1747647655565:,1747647665439
counter/3/0/0/0,8270:1747647655907:,1747647665439
counter/5/0/0/0,7822:1747647655563:,1747647665440
counter/5/0/0/0,7823:1747647655563:,1747647665440
counter/5/0/0/0,7824:1747647655563:,1747647665440
counter/5/0/0/0,7825:1747647655563:,1747647665440
counter/5/0/0/0,7826:1747647655563:,1747647665440
counter/3/0/0/0,8271:1747647655907:,1747647665440
counter/3/0/0/0,8272:1747647655907:,1747647665440
counter/4/0/0/0,7950:1747647656564:,1747647665441
counter/10/0/0/0,7309:1747647655262:,1747647665441
counter/10/0/0/0,7310:1747647655262:,1747647665441
counter/10/0/0/0,7311:1747647655262:,1747647665441
counter/10/0/0/0,7312:1747647655262:,1747647665441
counter/1/0/0/0,8604:1747647656513:,1747647665442
counter/6/0/0/0,7155:1747647655565:,1747647665443
counter/2/0/0/0,7771:1747647654716:,1747647665443
counter/3/0/0/0,8273:1747647655912:,1747647665443
counter/3/0/0/0,8274:1747647655912:,1747647665443
counter/3/0/0/0,8275:1747647655912:,1747647665443
counter/3/0/0/0,8276:1747647655912:,1747647665443
counter/3/0/0/0,8277:1747647655912:,1747647665443
counter/3/0/0/0,8278:1747647655912:,1747647665443
counter/5/0/0/0,7827:1747647655563:,1747647665443
counter/1/0/0/0,8605:1747647656514:,1747647665443
counter/6/0/0/0,7156:1747647655565:,1747647665443
counter/9/0/0/0,8351:1747647655834:,1747647665443
counter/4/0/0/0,7951:1747647656564:,1747647665444
counter/4/0/0/0,7952:1747647656564:,1747647665444
counter/4/0/0/0,7953:1747647656564:,1747647665444
counter/4/0/0/0,7954:1747647656564:,1747647665444
counter/4/0/0/0,7955:1747647656564:,1747647665444
counter/4/0/0/0,7956:1747647656564:,1747647665444
counter/4/0/0/0,7957:1747647656564:,1747647665444
counter/4/0/0/0,7958:1747647656565:,1747647665444
counter/9/0/0/0,8352:1747647655834:,1747647665444
counter/9/0/0/0,8353:1747647655834:,1747647665444
counter/9/0/0/0,8354:1747647655835:,1747647665444
counter/9/0/0/0,8355:1747647655835:,1747647665444
counter/9/0/0/0,8356:1747647655843:,1747647665444
counter/9/0/0/0,8357:1747647655844:,1747647665444
counter/3/0/0/0,8279:1747647655912:,1747647665445
counter/4/0/0/0,7959:1747647656565:,1747647665446
counter/3/0/0/0,8280:1747647655912:,1747647665446
counter/3/0/0/0,8281:1747647655912:,1747647665446
counter/3/0/0/0,8282:1747647655912:,1747647665446
counter/5/0/0/0,7828:1747647655563:,1747647665446
counter/5/0/0/0,7829:1747647655580:,1747647665446
counter/5/0/0/0,7830:1747647655580:,1747647665446
counter/5/0/0/0,7831:1747647655580:,1747647665446
counter/5/0/0/0,7832:1747647655580:,1747647665446
counter/1/0/0/0,8606:1747647656514:,1747647665449
counter/5/0/0/0,7833:1747647655580:,1747647665449
counter/2/0/0/0,7772:1747647654717:,1747647665450
counter/7/0/0/0,7776:1747647655751:,1747647665450
counter/10/0/0/0,7313:1747647655262:,1747647665450
counter/10/0/0/0,7314:1747647655262:,1747647665450
counter/9/0/0/0,8358:1747647655844:,1747647665450
counter/1/0/0/0,8607:1747647656514:,1747647665450
counter/9/0/0/0,8359:1747647655844:,1747647665450
counter/9/0/0/0,8360:1747647655844:,1747647665450
counter/9/0/0/0,8361:1747647655844:,1747647665451
counter/9/0/0/0,8362:1747647655844:,1747647665451
counter/9/0/0/0,8363:1747647655844:,1747647665451
counter/2/0/0/0,7773:1747647654717:,1747647665452
counter/6/0/0/0,7157:1747647655568:,1747647665452
counter/7/0/0/0,7777:1747647655751:,1747647665452
counter/7/0/0/0,7778:1747647655751:,1747647665452
counter/7/0/0/0,7779:1747647655751:,1747647665452
counter/1/0/0/0,8608:1747647656514:,1747647665453
counter/1/0/0/0,8609:1747647656514:,1747647665453
counter/10/0/0/0,7315:1747647655262:,1747647665453
counter/1/0/0/0,8610:1747647656514:,1747647665453
counter/5/0/0/0,7834:1747647655580:,1747647665453
counter/1/0/0/0,8611:1747647656514:,1747647665453
counter/1/0/0/0,8612:1747647656515:,1747647665453
counter/1/0/0/0,8613:1747647656515:,1747647665453
counter/1/0/0/0,8614:1747647656515:,1747647665453
counter/5/0/0/0,7835:1747647655586:,1747647665453
counter/2/0/0/0,7774:1747647654717:,1747647665454
counter/5/0/0/0,7836:1747647655586:,1747647665454
counter/4/0/0/0,7960:1747647656565:,1747647665455
counter/3/0/0/0,8283:1747647655912:,1747647665455
counter/6/0/0/0,7158:1747647655568:,1747647665456
counter/7/0/0/0,7780:1747647655751:,1747647665456
counter/7/0/0/0,7781:1747647655751:,1747647665456
counter/7/0/0/0,7782:1747647655751:,1747647665456
counter/7/0/0/0,7783:1747647655751:,1747647665456
counter/7/0/0/0,7784:1747647655759:,1747647665456
counter/7/0/0/0,7785:1747647655763:,1747647665456
counter/7/0/0/0,7786:1747647655763:,1747647665456
counter/7/0/0/0,7787:1747647655763:,1747647665456
counter/9/0/0/0,8364:1747647655844:,1747647665456
counter/7/0/0/0,7788:1747647655763:,1747647665456
counter/9/0/0/0,8365:1747647655844:,1747647665456
counter/2/0/0/0,7775:1747647654719:,1747647665457
counter/7/0/0/0,7789:1747647655763:,1747647665457
counter/2/0/0/0,7776:1747647654725:,1747647665457
counter/7/0/0/0,7790:1747647655763:,1747647665457
counter/2/0/0/0,7777:1747647654725:,1747647665457
counter/2/0/0/0,7778:1747647654725:,1747647665457
counter/4/0/0/0,7961:1747647656565:,1747647665457
counter/3/0/0/0,8284:1747647655912:,1747647665457
counter/2/0/0/0,7779:1747647654725:,1747647665457
counter/6/0/0/0,7159:1747647655568:,1747647665457
counter/6/0/0/0,7160:1747647655568:,1747647665457
counter/1/0/0/0,8615:1747647656515:,1747647665457
counter/1/0/0/0,8616:1747647656515:,1747647665457
counter/1/0/0/0,8617:1747647656515:,1747647665457
counter/1/0/0/0,8618:1747647656515:,1747647665457
counter/1/0/0/0,8619:1747647656515:,1747647665457
counter/1/0/0/0,8620:1747647656516:,1747647665457
counter/1/0/0/0,8621:1747647656517:,1747647665457
counter/1/0/0/0,8622:1747647656518:,1747647665457
counter/1/0/0/0,8623:1747647656518:,1747647665457
counter/10/0/0/0,7316:1747647655262:,1747647665457
counter/1/0/0/0,8624:1747647656518:,1747647665457
counter/6/0/0/0,7161:1747647655568:,1747647665458
counter/10/0/0/0,7317:1747647655262:,1747647665458
counter/4/0/0/0,7962:1747647656565:,1747647665458
counter/3/0/0/0,8285:1747647655912:,1747647665458
counter/3/0/0/0,8286:1747647655913:,1747647665458
counter/7/0/0/0,7791:1747647655763:,1747647665458
counter/7/0/0/0,7792:1747647655763:,1747647665458
counter/7/0/0/0,7793:1747647655763:,1747647665458
counter/1/0/0/0,8625:1747647656518:,1747647665459
counter/1/0/0/0,8626:1747647656518:,1747647665459
counter/1/0/0/0,8627:1747647656518:,1747647665459
counter/1/0/0/0,8628:1747647656518:,1747647665459
counter/2/0/0/0,7780:1747647654725:,1747647665460
counter/1/0/0/0,8629:1747647656518:,1747647665460
counter/2/0/0/0,7781:1747647654725:,1747647665460
counter/5/0/0/0,7837:1747647655586:,1747647665461
counter/5/0/0/0,7838:1747647655586:,1747647665461
counter/5/0/0/0,7839:1747647655586:,1747647665461
counter/5/0/0/0,7840:1747647655586:,1747647665461
counter/5/0/0/0,7841:1747647655588:,1747647665461
counter/5/0/0/0,7842:1747647655588:,1747647665461
counter/5/0/0/0,7843:1747647655588:,1747647665461
counter/5/0/0/0,7844:1747647655588:,1747647665461
counter/5/0/0/0,7845:1747647655588:,1747647665461
counter/10/0/0/0,7318:1747647655262:,1747647665461
counter/1/0/0/0,8630:1747647656518:,1747647665461
counter/1/0/0/0,8631:1747647656518:,1747647665462
counter/1/0/0/0,8632:1747647656518:,1747647665462
counter/1/0/0/0,8633:1747647656522:,1747647665462
counter/1/0/0/0,8634:1747647656522:,1747647665462
counter/1/0/0/0,8635:1747647656522:,1747647665462
counter/1/0/0/0,8636:1747647656522:,1747647665462
counter/1/0/0/0,8637:1747647656522:,1747647665462
counter/1/0/0/0,8638:1747647656522:,1747647665462
counter/1/0/0/0,8639:1747647656522:,1747647665462
counter/1/0/0/0,8640:1747647656522:,1747647665462
counter/1/0/0/0,8641:1747647656524:,1747647665462
counter/1/0/0/0,8642:1747647656524:,1747647665462
counter/1/0/0/0,8643:1747647656524:,1747647665462
counter/1/0/0/0,8644:1747647656524:,1747647665462
counter/1/0/0/0,8645:1747647656524:,1747647665462
counter/1/0/0/0,8646:1747647656524:,1747647665462
counter/2/0/0/0,7782:1747647654725:,1747647665462
counter/9/0/0/0,8366:1747647655844:,1747647665462
counter/6/0/0/0,7162:1747647655568:,1747647665464
counter/6/0/0/0,7163:1747647655568:,1747647665464
counter/6/0/0/0,7164:1747647655568:,1747647665464
counter/6/0/0/0,7165:1747647655568:,1747647665464
counter/6/0/0/0,7166:1747647655568:,1747647665465
counter/6/0/0/0,7167:1747647655568:,1747647665465
counter/6/0/0/0,7168:1747647655568:,1747647665465
counter/10/0/0/0,7319:1747647655262:,1747647665465
counter/4/0/0/0,7963:1747647656565:,1747647665465
counter/10/0/0/0,7320:1747647655262:,1747647665465
counter/3/0/0/0,8287:1747647655913:,1747647665465
counter/3/0/0/0,8288:1747647655913:,1747647665465
counter/3/0/0/0,8289:1747647655913:,1747647665465
counter/1/0/0/0,8647:1747647656524:,1747647665465
counter/1/0/0/0,8648:1747647656524:,1747647665465
counter/2/0/0/0,7783:1747647654725:,1747647665465
counter/2/0/0/0,7784:1747647654725:,1747647665465
counter/2/0/0/0,7785:1747647654725:,1747647665465
counter/2/0/0/0,7786:1747647654725:,1747647665465
counter/2/0/0/0,7787:1747647654725:,1747647665465
counter/2/0/0/0,7788:1747647654725:,1747647665466
counter/2/0/0/0,7789:1747647654725:,1747647665466
counter/2/0/0/0,7790:1747647654725:,1747647665466
counter/2/0/0/0,7791:1747647654725:,1747647665466
counter/2/0/0/0,7792:1747647654725:,1747647665466
counter/2/0/0/0,7793:1747647654725:,1747647665466
counter/2/0/0/0,7794:1747647654727:,1747647665466
counter/2/0/0/0,7795:1747647654727:,1747647665466
counter/5/0/0/0,7846:1747647655589:,1747647665466
counter/10/0/0/0,7321:1747647655262:,1747647665466
counter/5/0/0/0,7847:1747647655589:,1747647665466
counter/3/0/0/0,8290:1747647655913:,1747647665466
counter/8/0/0/0,8128:1747647655399:,1747647665466
counter/8/0/0/0,8129:1747647655399:,1747647665467
counter/8/0/0/0,8130:1747647655399:,1747647665467
counter/8/0/0/0,8131:1747647655399:,1747647665467
counter/8/0/0/0,8132:1747647655399:,1747647665467
counter/8/0/0/0,8133:1747647655403:,1747647665467
counter/8/0/0/0,8134:1747647655403:,1747647665467
counter/8/0/0/0,8135:1747647655403:,1747647665467
counter/8/0/0/0,8136:1747647655403:,1747647665467
counter/8/0/0/0,8137:1747647655403:,1747647665467
counter/3/0/0/0,8291:1747647655913:,1747647665467
counter/8/0/0/0,8138:1747647655403:,1747647665467
counter/2/0/0/0,7796:1747647654727:,1747647665468
counter/7/0/0/0,7794:1747647655763:,1747647665468
counter/7/0/0/0,7795:1747647655763:,1747647665468
counter/3/0/0/0,8292:1747647655913:,1747647665469
counter/8/0/0/0,8139:1747647655403:,1747647665469
counter/6/0/0/0,7169:1747647655568:,1747647665469
counter/8/0/0/0,8140:1747647655403:,1747647665469
counter/10/0/0/0,7322:1747647655262:,1747647665469
counter/3/0/0/0,8293:1747647655913:,1747647665470
counter/3/0/0/0,8294:1747647655913:,1747647665470
counter/3/0/0/0,8295:1747647655913:,1747647665470
counter/3/0/0/0,8296:1747647655913:,1747647665470
counter/6/0/0/0,7170:1747647655568:,1747647665470
counter/3/0/0/0,8297:1747647655913:,1747647665470
counter/10/0/0/0,7323:1747647655262:,1747647665470
counter/10/0/0/0,7324:1747647655263:,1747647665470
counter/2/0/0/0,7797:1747647654727:,1747647665470
counter/2/0/0/0,7798:1747647654727:,1747647665470
counter/2/0/0/0,7799:1747647654727:,1747647665470
counter/2/0/0/0,7800:1747647654727:,1747647665470
counter/2/0/0/0,7801:1747647654727:,1747647665470
counter/2/0/0/0,7802:1747647654727:,1747647665470
counter/4/0/0/0,7964:1747647656565:,1747647665470
counter/4/0/0/0,7965:1747647656565:,1747647665470
counter/10/0/0/0,7325:1747647655263:,1747647665471
counter/10/0/0/0,7326:1747647655263:,1747647665471
counter/10/0/0/0,7327:1747647655263:,1747647665471
counter/10/0/0/0,7328:1747647655263:,1747647665471
counter/2/0/0/0,7803:1747647654727:,1747647665471
counter/5/0/0/0,7848:1747647655589:,1747647665471
counter/1/0/0/0,8649:1747647656524:,1747647665471
counter/1/0/0/0,8650:1747647656524:,1747647665471
counter/1/0/0/0,8651:1747647656524:,1747647665471
counter/1/0/0/0,8652:1747647656524:,1747647665471
counter/1/0/0/0,8653:1747647656524:,1747647665471
counter/2/0/0/0,7804:1747647654727:,1747647665472
counter/6/0/0/0,7171:1747647655568:,1747647665472
counter/6/0/0/0,7172:1747647655571:,1747647665472
counter/1/0/0/0,8654:1747647656524:,1747647665472
counter/8/0/0/0,8141:1747647655403:,1747647665472
counter/1/0/0/0,8655:1747647656524:,1747647665472
counter/9/0/0/0,8367:1747647655844:,1747647665473
counter/10/0/0/0,7329:1747647655263:,1747647665473
counter/3/0/0/0,8298:1747647655913:,1747647665473
counter/2/0/0/0,7805:1747647654727:,1747647665473
counter/3/0/0/0,8299:1747647655913:,1747647665473
counter/8/0/0/0,8142:1747647655404:,1747647665473
counter/8/0/0/0,8143:1747647655404:,1747647665473
counter/1/0/0/0,8656:1747647656524:,1747647665473
counter/9/0/0/0,8368:1747647655844:,1747647665473
counter/4/0/0/0,7966:1747647656565:,1747647665474
counter/4/0/0/0,7967:1747647656565:,1747647665474
counter/4/0/0/0,7968:1747647656565:,1747647665474
counter/4/0/0/0,7969:1747647656565:,1747647665474
counter/4/0/0/0,7970:1747647656572:,1747647665474
counter/4/0/0/0,7971:1747647656572:,1747647665474
counter/4/0/0/0,7972:1747647656572:,1747647665474
counter/3/0/0/0,8300:1747647655918:,1747647665474
counter/3/0/0/0,8301:1747647655922:,1747647665474
counter/8/0/0/0,8144:1747647655404:,1747647665475
counter/8/0/0/0,8145:1747647655404:,1747647665475
counter/8/0/0/0,8146:1747647655404:,1747647665475
counter/8/0/0/0,8147:1747647655404:,1747647665475
counter/8/0/0/0,8148:1747647655404:,1747647665475
counter/8/0/0/0,8149:1747647655404:,1747647665475
counter/5/0/0/0,7849:1747647655589:,1747647665476
counter/5/0/0/0,7850:1747647655589:,1747647665476
counter/5/0/0/0,7851:1747647655589:,1747647665476
counter/5/0/0/0,7852:1747647655589:,1747647665476
counter/5/0/0/0,7853:1747647655595:,1747647665476
counter/5/0/0/0,7854:1747647655595:,1747647665476
counter/5/0/0/0,7855:1747647655595:,1747647665476
counter/5/0/0/0,7856:1747647655595:,1747647665476
counter/5/0/0/0,7857:1747647655595:,1747647665477
counter/1/0/0/0,8657:1747647656524:,1747647665477
counter/5/0/0/0,7858:1747647655595:,1747647665477
counter/6/0/0/0,7173:1747647655571:,1747647665477
counter/5/0/0/0,7859:1747647655595:,1747647665477
counter/6/0/0/0,7174:1747647655571:,1747647665477
counter/5/0/0/0,7860:1747647655595:,1747647665477
counter/6/0/0/0,7175:1747647655571:,1747647665477
counter/6/0/0/0,7176:1747647655571:,1747647665477
counter/6/0/0/0,7177:1747647655571:,1747647665477
counter/6/0/0/0,7178:1747647655571:,1747647665477
counter/3/0/0/0,8302:1747647655940:,1747647665477
counter/6/0/0/0,7179:1747647655571:,1747647665478
counter/6/0/0/0,7180:1747647655571:,1747647665478
counter/6/0/0/0,7181:1747647655573:,1747647665478
counter/6/0/0/0,7182:1747647655573:,1747647665478
counter/8/0/0/0,8150:1747647655404:,1747647665478
counter/9/0/0/0,8369:1747647655844:,1747647665478
counter/9/0/0/0,8370:1747647655844:,1747647665479
counter/10/0/0/0,7330:1747647655278:,1747647665479
counter/10/0/0/0,7331:1747647655278:,1747647665479
counter/10/0/0/0,7332:1747647655278:,1747647665479
counter/3/0/0/0,8303:1747647655940:,1747647665480
counter/10/0/0/0,7333:1747647655278:,1747647665480
counter/10/0/0/0,7334:1747647655278:,1747647665481
counter/10/0/0/0,7335:1747647655278:,1747647665482
counter/1/0/0/0,8658:1747647656524:,1747647665482
counter/5/0/0/0,7861:1747647655595:,1747647665482
counter/5/0/0/0,7862:1747647655595:,1747647665483
counter/5/0/0/0,7863:1747647655595:,1747647665483
counter/5/0/0/0,7864:1747647655595:,1747647665483
counter/10/0/0/0,7336:1747647655278:,1747647665483
counter/5/0/0/0,7865:1747647655595:,1747647665483
counter/7/0/0/0,7796:1747647655763:,1747647665484
counter/7/0/0/0,7797:1747647655763:,1747647665485
counter/7/0/0/0,7798:1747647655763:,1747647665485
counter/7/0/0/0,7799:1747647655763:,1747647665485
counter/3/0/0/0,8304:1747647655940:,1747647665485
counter/1/0/0/0,8659:1747647656524:,1747647665486
counter/3/0/0/0,8305:1747647655940:,1747647665486
counter/1/0/0/0,8660:1747647656524:,1747647665486
counter/8/0/0/0,8151:1747647655409:,1747647665487
counter/8/0/0/0,8152:1747647655409:,1747647665487
counter/4/0/0/0,7973:1747647656575:,1747647665487
counter/7/0/0/0,7800:1747647655787:,1747647665488
counter/8/0/0/0,8153:1747647655409:,1747647665488
counter/4/0/0/0,7974:1747647656575:,1747647665488
counter/1/0/0/0,8661:1747647656526:,1747647665488
counter/6/0/0/0,7183:1747647655573:,1747647665488
counter/8/0/0/0,8154:1747647655409:,1747647665488
counter/4/0/0/0,7975:1747647656575:,1747647665488
counter/1/0/0/0,8662:1747647656526:,1747647665488
counter/8/0/0/0,8155:1747647655409:,1747647665488
counter/4/0/0/0,7976:1747647656575:,1747647665488
counter/8/0/0/0,8156:1747647655409:,1747647665488
counter/4/0/0/0,7977:1747647656575:,1747647665488
counter/9/0/0/0,8371:1747647655844:,1747647665488
counter/4/0/0/0,7978:1747647656575:,1747647665488
counter/6/0/0/0,7184:1747647655573:,1747647665488
counter/5/0/0/0,7866:1747647655596:,1747647665488
counter/10/0/0/0,7337:1747647655278:,1747647665489
counter/10/0/0/0,7338:1747647655278:,1747647665489
counter/2/0/0/0,7806:1747647654727:,1747647665489
counter/2/0/0/0,7807:1747647654727:,1747647665489
counter/8/0/0/0,8157:1747647655413:,1747647665489
counter/5/0/0/0,7867:1747647655598:,1747647665489
counter/2/0/0/0,7808:1747647654727:,1747647665490
counter/5/0/0/0,7868:1747647655598:,1747647665490
counter/5/0/0/0,7869:1747647655598:,1747647665490
counter/3/0/0/0,8306:1747647655940:,1747647665490
counter/5/0/0/0,7870:1747647655598:,1747647665490
counter/5/0/0/0,7871:1747647655598:,1747647665490
counter/10/0/0/0,7339:1747647655279:,1747647665490
counter/5/0/0/0,7872:1747647655598:,1747647665490
counter/5/0/0/0,7873:1747647655598:,1747647665490
counter/5/0/0/0,7874:1747647655598:,1747647665490
counter/7/0/0/0,7801:1747647655787:,1747647665490
counter/5/0/0/0,7875:1747647655598:,1747647665490
counter/5/0/0/0,7876:1747647655598:,1747647665490
counter/5/0/0/0,7877:1747647655598:,1747647665490
counter/5/0/0/0,7878:1747647655603:,1747647665490
counter/5/0/0/0,7879:1747647655603:,1747647665490
counter/5/0/0/0,7880:1747647655605:,1747647665490
counter/5/0/0/0,7881:1747647655605:,1747647665490
counter/5/0/0/0,7882:1747647655605:,1747647665490
counter/5/0/0/0,7883:1747647655605:,1747647665490
counter/5/0/0/0,7884:1747647655605:,1747647665490
counter/5/0/0/0,7885:1747647655609:,1747647665490
counter/4/0/0/0,7979:1747647656576:,1747647665490
counter/5/0/0/0,7886:1747647655618:,1747647665491
counter/5/0/0/0,7887:1747647655618:,1747647665491
counter/5/0/0/0,7888:1747647655618:,1747647665491
counter/9/0/0/0,8372:1747647655844:,1747647665491
counter/3/0/0/0,8307:1747647655940:,1747647665491
counter/3/0/0/0,8308:1747647655942:,1747647665491
counter/7/0/0/0,7802:1747647655787:,1747647665492
counter/3/0/0/0,8309:1747647655942:,1747647665492
counter/1/0/0/0,8663:1747647656526:,1747647665492
counter/5/0/0/0,7889:1747647655618:,1747647665492
counter/1/0/0/0,8664:1747647656526:,1747647665492
counter/1/0/0/0,8665:1747647656526:,1747647665492
counter/9/0/0/0,8373:1747647655844:,1747647665493
counter/4/0/0/0,7980:1747647656576:,1747647665493
counter/10/0/0/0,7340:1747647655279:,1747647665494
counter/1/0/0/0,8666:1747647656526:,1747647665495
counter/1/0/0/0,8667:1747647656526:,1747647665495
counter/1/0/0/0,8668:1747647656526:,1747647665495
counter/1/0/0/0,8669:1747647656528:,1747647665495
counter/1/0/0/0,8670:1747647656528:,1747647665495
counter/1/0/0/0,8671:1747647656528:,1747647665496
counter/10/0/0/0,7341:1747647655279:,1747647665496
counter/10/0/0/0,7342:1747647655279:,1747647665496
counter/8/0/0/0,8158:1747647655413:,1747647665496
counter/8/0/0/0,8159:1747647655413:,1747647665496
counter/3/0/0/0,8310:1747647655943:,1747647665496
counter/3/0/0/0,8311:1747647655943:,1747647665496
counter/3/0/0/0,8312:1747647655943:,1747647665496
counter/3/0/0/0,8313:1747647655943:,1747647665496
counter/3/0/0/0,8314:1747647655943:,1747647665496
counter/7/0/0/0,7803:1747647655787:,1747647665496
counter/6/0/0/0,7185:1747647655573:,1747647665497
counter/5/0/0/0,7890:1747647655618:,1747647665497
counter/10/0/0/0,7343:1747647655279:,1747647665497
counter/2/0/0/0,7809:1747647654729:,1747647665497
counter/7/0/0/0,7804:1747647655787:,1747647665497
counter/7/0/0/0,7805:1747647655787:,1747647665497
counter/4/0/0/0,7981:1747647656576:,1747647665498
counter/4/0/0/0,7982:1747647656576:,1747647665498
counter/4/0/0/0,7983:1747647656576:,1747647665498
counter/8/0/0/0,8160:1747647655413:,1747647665498
counter/1/0/0/0,8672:1747647656528:,1747647665499
counter/1/0/0/0,8673:1747647656528:,1747647665499
counter/1/0/0/0,8674:1747647656528:,1747647665499
counter/1/0/0/0,8675:1747647656528:,1747647665499
counter/1/0/0/0,8676:1747647656528:,1747647665499
counter/1/0/0/0,8677:1747647656528:,1747647665499
counter/1/0/0/0,8678:1747647656532:,1747647665499
counter/4/0/0/0,7984:1747647656576:,1747647665499
counter/3/0/0/0,8315:1747647655943:,1747647665499
counter/4/0/0/0,7985:1747647656576:,1747647665499
counter/4/0/0/0,7986:1747647656579:,1747647665499
counter/10/0/0/0,7344:1747647655279:,1747647665499
counter/2/0/0/0,7810:1747647654729:,1747647665499
counter/2/0/0/0,7811:1747647654729:,1747647665499
counter/2/0/0/0,7812:1747647654733:,1747647665499
counter/8/0/0/0,8161:1747647655413:,1747647665500
counter/3/0/0/0,8316:1747647655943:,1747647665500
counter/3/0/0/0,8317:1747647655943:,1747647665500
counter/3/0/0/0,8318:1747647655944:,1747647665500
counter/3/0/0/0,8319:1747647655944:,1747647665500
counter/3/0/0/0,8320:1747647655944:,1747647665500
counter/3/0/0/0,8321:1747647655944:,1747647665500
counter/3/0/0/0,8322:1747647655945:,1747647665500
counter/9/0/0/0,8374:1747647655844:,1747647665500
counter/4/0/0/0,7987:1747647656579:,1747647665501
counter/3/0/0/0,8323:1747647655945:,1747647665501
counter/10/0/0/0,7345:1747647655279:,1747647665501
counter/7/0/0/0,7806:1747647655787:,1747647665501
counter/2/0/0/0,7813:1747647654733:,1747647665502
counter/2/0/0/0,7814:1747647654733:,1747647665502
counter/2/0/0/0,7815:1747647654733:,1747647665502
counter/2/0/0/0,7816:1747647654733:,1747647665502
counter/2/0/0/0,7817:1747647654737:,1747647665502
counter/2/0/0/0,7818:1747647654737:,1747647665502
counter/2/0/0/0,7819:1747647654738:,1747647665502
counter/10/0/0/0,7346:1747647655279:,1747647665502
counter/1/0/0/0,8679:1747647656532:,1747647665502
counter/4/0/0/0,7988:1747647656579:,1747647665502
counter/4/0/0/0,7989:1747647656579:,1747647665502
counter/4/0/0/0,7990:1747647656579:,1747647665502
counter/2/0/0/0,7820:1747647654738:,1747647665504
counter/2/0/0/0,7821:1747647654738:,1747647665504
counter/2/0/0/0,7822:1747647654738:,1747647665504
counter/2/0/0/0,7823:1747647654738:,1747647665504
counter/2/0/0/0,7824:1747647654738:,1747647665504
counter/7/0/0/0,7807:1747647655787:,1747647665504
counter/7/0/0/0,7808:1747647655787:,1747647665504
counter/1/0/0/0,8680:1747647656532:,1747647665504
counter/1/0/0/0,8681:1747647656532:,1747647665504
counter/6/0/0/0,7186:1747647655573:,1747647665504
counter/10/0/0/0,7347:1747647655279:,1747647665505
counter/10/0/0/0,7348:1747647655279:,1747647665505
counter/10/0/0/0,7349:1747647655279:,1747647665505
counter/10/0/0/0,7350:1747647655279:,1747647665505
counter/10/0/0/0,7351:1747647655279:,1747647665505
counter/6/0/0/0,7187:1747647655573:,1747647665505
counter/10/0/0/0,7352:1747647655279:,1747647665505
counter/6/0/0/0,7188:1747647655573:,1747647665505
counter/3/0/0/0,8324:1747647655945:,1747647665506
counter/3/0/0/0,8325:1747647655945:,1747647665506
counter/3/0/0/0,8326:1747647655951:,1747647665506
counter/3/0/0/0,8327:1747647655973:,1747647665506
counter/2/0/0/0,7825:1747647654738:,1747647665507
counter/2/0/0/0,7826:1747647654738:,1747647665507
counter/2/0/0/0,7827:1747647654738:,1747647665507
counter/2/0/0/0,7828:1747647654738:,1747647665507
counter/2/0/0/0,7829:1747647654738:,1747647665507
counter/2/0/0/0,7830:1747647654738:,1747647665507
counter/2/0/0/0,7831:1747647654738:,1747647665507
counter/4/0/0/0,7991:1747647656579:,1747647665508
counter/5/0/0/0,7891:1747647655618:,1747647665508
counter/5/0/0/0,7892:1747647655618:,1747647665508
counter/3/0/0/0,8328:1747647655975:,1747647665508
counter/3/0/0/0,8329:1747647655975:,1747647665508
counter/3/0/0/0,8330:1747647655975:,1747647665508
counter/3/0/0/0,8331:1747647655982:,1747647665508
counter/3/0/0/0,8332:1747647655982:,1747647665508
counter/3/0/0/0,8333:1747647655982:,1747647665508
counter/2/0/0/0,7832:1747647654738:,1747647665508
counter/2/0/0/0,7833:1747647654738:,1747647665508
counter/10/0/0/0,7353:1747647655279:,1747647665508
counter/10/0/0/0,7354:1747647655279:,1747647665508
counter/10/0/0/0,7355:1747647655279:,1747647665508
counter/10/0/0/0,7356:1747647655279:,1747647665508
counter/4/0/0/0,7992:1747647656579:,1747647665510
counter/6/0/0/0,7189:1747647655573:,1747647665510
counter/6/0/0/0,7190:1747647655573:,1747647665510
counter/9/0/0/0,8375:1747647655844:,1747647665510
counter/6/0/0/0,7191:1747647655573:,1747647665510
counter/6/0/0/0,7192:1747647655573:,1747647665510
counter/3/0/0/0,8334:1747647655982:,1747647665510
counter/3/0/0/0,8335:1747647655982:,1747647665510
counter/3/0/0/0,8336:1747647655982:,1747647665510
counter/3/0/0/0,8337:1747647655982:,1747647665510
counter/1/0/0/0,8682:1747647656532:,1747647665510
counter/1/0/0/0,8683:1747647656533:,1747647665510
counter/1/0/0/0,8684:1747647656533:,1747647665510
counter/1/0/0/0,8685:1747647656533:,1747647665510
counter/1/0/0/0,8686:1747647656533:,1747647665510
counter/1/0/0/0,8687:1747647656533:,1747647665510
counter/1/0/0/0,8688:1747647656533:,1747647665510
counter/1/0/0/0,8689:1747647656533:,1747647665510
counter/1/0/0/0,8690:1747647656533:,1747647665511
counter/1/0/0/0,8691:1747647656533:,1747647665511
counter/1/0/0/0,8692:1747647656534:,1747647665511
counter/1/0/0/0,8693:1747647656534:,1747647665511
counter/1/0/0/0,8694:1747647656534:,1747647665511
counter/1/0/0/0,8695:1747647656534:,1747647665511
counter/1/0/0/0,8696:1747647656534:,1747647665512
counter/8/0/0/0,8162:1747647655413:,1747647665512
counter/9/0/0/0,8376:1747647655844:,1747647665512
counter/4/0/0/0,7993:1747647656579:,1747647665513
counter/4/0/0/0,7994:1747647656579:,1747647665513
counter/4/0/0/0,7995:1747647656579:,1747647665513
counter/4/0/0/0,7996:1747647656585:,1747647665513
counter/4/0/0/0,7997:1747647656585:,1747647665513
counter/4/0/0/0,7998:1747647656585:,1747647665513
counter/4/0/0/0,7999:1747647656585:,1747647665513
counter/10/0/0/0,7357:1747647655288:,1747647665514
counter/1/0/0/0,8697:1747647656534:,1747647665514
counter/3/0/0/0,8338:1747647655982:,1747647665514
counter/3/0/0/0,8339:1747647655982:,1747647665514
counter/3/0/0/0,8340:1747647655985:,1747647665515
counter/3/0/0/0,8341:1747647655985:,1747647665515
counter/8/0/0/0,8163:1747647655413:,1747647665515
counter/9/0/0/0,8377:1747647655844:,1747647665516
counter/6/0/0/0,7193:1747647655573:,1747647665516
counter/2/0/0/0,7834:1747647654738:,1747647665517
counter/2/0/0/0,7835:1747647654738:,1747647665517
counter/2/0/0/0,7836:1747647654738:,1747647665517
counter/2/0/0/0,7837:1747647654742:,1747647665517
counter/2/0/0/0,7838:1747647654742:,1747647665517
counter/2/0/0/0,7839:1747647654742:,1747647665517
counter/2/0/0/0,7840:1747647654742:,1747647665517
counter/2/0/0/0,7841:1747647654742:,1747647665517
counter/2/0/0/0,7842:1747647654742:,1747647665517
counter/9/0/0/0,8378:1747647655844:,1747647665517
counter/2/0/0/0,7843:1747647654742:,1747647665517
counter/2/0/0/0,7844:1747647654742:,1747647665517
counter/8/0/0/0,8164:1747647655413:,1747647665518
counter/8/0/0/0,8165:1747647655413:,1747647665518
counter/8/0/0/0,8166:1747647655413:,1747647665518
counter/8/0/0/0,8167:1747647655413:,1747647665518
counter/8/0/0/0,8168:1747647655413:,1747647665518
counter/8/0/0/0,8169:1747647655413:,1747647665518
counter/8/0/0/0,8170:1747647655413:,1747647665518
counter/9/0/0/0,8379:1747647655844:,1747647665518
counter/8/0/0/0,8171:1747647655414:,1747647665518
counter/8/0/0/0,8172:1747647655414:,1747647665518
counter/7/0/0/0,7809:1747647655787:,1747647665518
counter/7/0/0/0,7810:1747647655787:,1747647665518
counter/3/0/0/0,8342:1747647655985:,1747647665518
counter/4/0/0/0,8000:1747647656585:,1747647665518
counter/8/0/0/0,8173:1747647655414:,1747647665518
counter/8/0/0/0,8174:1747647655417:,1747647665518
counter/8/0/0/0,8175:1747647655418:,1747647665518
counter/8/0/0/0,8176:1747647655418:,1747647665518
counter/8/0/0/0,8177:1747647655418:,1747647665518
counter/8/0/0/0,8178:1747647655418:,1747647665519
counter/7/0/0/0,7811:1747647655787:,1747647665519
counter/6/0/0/0,7194:1747647655573:,1747647665520
counter/3/0/0/0,8343:1747647655985:,1747647665521
counter/2/0/0/0,7845:1747647654742:,1747647665521
counter/2/0/0/0,7846:1747647654742:,1747647665521
counter/2/0/0/0,7847:1747647654742:,1747647665521
counter/2/0/0/0,7848:1747647654742:,1747647665521
counter/2/0/0/0,7849:1747647654745:,1747647665521
counter/2/0/0/0,7850:1747647654745:,1747647665521
counter/2/0/0/0,7851:1747647654745:,1747647665521
counter/2/0/0/0,7852:1747647654746:,1747647665522
counter/1/0/0/0,8698:1747647656534:,1747647665522
counter/7/0/0/0,7812:1747647655787:,1747647665522
counter/5/0/0/0,7893:1747647655618:,1747647665522
counter/7/0/0/0,7813:1747647655787:,1747647665522
counter/7/0/0/0,7814:1747647655793:,1747647665522
counter/7/0/0/0,7815:1747647655794:,1747647665522
counter/7/0/0/0,7816:1747647655794:,1747647665522
counter/7/0/0/0,7817:1747647655794:,1747647665522
counter/10/0/0/0,7358:1747647655288:,1747647665522
counter/10/0/0/0,7359:1747647655288:,1747647665522
counter/5/0/0/0,7894:1747647655633:,1747647665522
counter/1/0/0/0,8699:1747647656534:,1747647665522
counter/3/0/0/0,8344:1747647655985:,1747647665522
counter/5/0/0/0,7895:1747647655633:,1747647665525
counter/5/0/0/0,7896:1747647655633:,1747647665525
counter/3/0/0/0,8345:1747647655985:,1747647665525
counter/5/0/0/0,7897:1747647655633:,1747647665526
counter/3/0/0/0,8346:1747647655985:,1747647665526
counter/5/0/0/0,7898:1747647655633:,1747647665526
counter/3/0/0/0,8347:1747647655985:,1747647665526
counter/5/0/0/0,7899:1747647655639:,1747647665526
counter/3/0/0/0,8348:1747647655985:,1747647665526
counter/3/0/0/0,8349:1747647655985:,1747647665526
counter/3/0/0/0,8350:1747647655985:,1747647665526
counter/3/0/0/0,8351:1747647655985:,1747647665526
counter/3/0/0/0,8352:1747647655985:,1747647665526
counter/6/0/0/0,7195:1747647655574:,1747647665526
counter/5/0/0/0,7900:1747647655639:,1747647665526
counter/7/0/0/0,7818:1747647655794:,1747647665526
counter/3/0/0/0,8353:1747647655987:,1747647665526
counter/3/0/0/0,8354:1747647655987:,1747647665526
counter/3/0/0/0,8355:1747647655987:,1747647665526
counter/3/0/0/0,8356:1747647655987:,1747647665526
counter/3/0/0/0,8357:1747647655987:,1747647665526
counter/4/0/0/0,8001:1747647656585:,1747647665526
counter/1/0/0/0,8700:1747647656534:,1747647665527
counter/2/0/0/0,7853:1747647654746:,1747647665527
counter/3/0/0/0,8358:1747647655987:,1747647665528
counter/6/0/0/0,7196:1747647655574:,1747647665528
counter/6/0/0/0,7197:1747647655574:,1747647665528
counter/6/0/0/0,7198:1747647655574:,1747647665528
counter/6/0/0/0,7199:1747647655574:,1747647665528
counter/6/0/0/0,7200:1747647655574:,1747647665528
counter/6/0/0/0,7201:1747647655574:,1747647665528
counter/6/0/0/0,7202:1747647655574:,1747647665528
counter/6/0/0/0,7203:1747647655574:,1747647665528
counter/6/0/0/0,7204:1747647655574:,1747647665528
counter/6/0/0/0,7205:1747647655574:,1747647665528
counter/6/0/0/0,7206:1747647655575:,1747647665528
counter/6/0/0/0,7207:1747647655575:,1747647665528
counter/2/0/0/0,7854:1747647654746:,1747647665528
counter/2/0/0/0,7855:1747647654746:,1747647665528
counter/2/0/0/0,7856:1747647654746:,1747647665528
counter/2/0/0/0,7857:1747647654749:,1747647665528
counter/2/0/0/0,7858:1747647654750:,1747647665528
counter/1/0/0/0,8701:1747647656534:,1747647665529
counter/6/0/0/0,7208:1747647655581:,1747647665529
counter/6/0/0/0,7209:1747647655590:,1747647665529
counter/6/0/0/0,7210:1747647655590:,1747647665529
counter/6/0/0/0,7211:1747647655590:,1747647665529
counter/6/0/0/0,7212:1747647655591:,1747647665529
counter/6/0/0/0,7213:1747647655591:,1747647665529
counter/6/0/0/0,7214:1747647655591:,1747647665529
counter/6/0/0/0,7215:1747647655591:,1747647665530
counter/6/0/0/0,7216:1747647655591:,1747647665530
counter/6/0/0/0,7217:1747647655591:,1747647665530
counter/6/0/0/0,7218:1747647655591:,1747647665530
counter/6/0/0/0,7219:1747647655594:,1747647665530
counter/6/0/0/0,7220:1747647655594:,1747647665530
counter/6/0/0/0,7221:1747647655594:,1747647665530
counter/4/0/0/0,8002:1747647656585:,1747647665530
counter/5/0/0/0,7901:1747647655639:,1747647665530
counter/10/0/0/0,7360:1747647655289:,1747647665530
counter/10/0/0/0,7361:1747647655289:,1747647665530
counter/6/0/0/0,7222:1747647655594:,1747647665530
counter/7/0/0/0,7819:1747647655794:,1747647665530
counter/6/0/0/0,7223:1747647655594:,1747647665530
counter/6/0/0/0,7224:1747647655594:,1747647665530
counter/6/0/0/0,7225:1747647655594:,1747647665530
counter/6/0/0/0,7226:1747647655594:,1747647665530
counter/2/0/0/0,7859:1747647654750:,1747647665531
counter/2/0/0/0,7860:1747647654750:,1747647665531
counter/2/0/0/0,7861:1747647654750:,1747647665531
counter/10/0/0/0,7362:1747647655289:,1747647665531
counter/2/0/0/0,7862:1747647654754:,1747647665531
counter/10/0/0/0,7363:1747647655289:,1747647665531
counter/10/0/0/0,7364:1747647655289:,1747647665531
counter/10/0/0/0,7365:1747647655291:,1747647665531
counter/8/0/0/0,8179:1747647655418:,1747647665531
counter/10/0/0/0,7366:1747647655291:,1747647665531
counter/1/0/0/0,8702:1747647656534:,1747647665532
counter/1/0/0/0,8703:1747647656534:,1747647665532
counter/1/0/0/0,8704:1747647656537:,1747647665532
counter/1/0/0/0,8705:1747647656537:,1747647665532
counter/1/0/0/0,8706:1747647656537:,1747647665532
counter/10/0/0/0,7367:1747647655291:,1747647665532
counter/1/0/0/0,8707:1747647656537:,1747647665532
counter/1/0/0/0,8708:1747647656537:,1747647665532
counter/8/0/0/0,8180:1747647655418:,1747647665532
counter/8/0/0/0,8181:1747647655418:,1747647665532
counter/8/0/0/0,8182:1747647655418:,1747647665532
counter/8/0/0/0,8183:1747647655421:,1747647665532
counter/7/0/0/0,7820:1747647655794:,1747647665533
counter/7/0/0/0,7821:1747647655794:,1747647665533
counter/7/0/0/0,7822:1747647655794:,1747647665534
counter/7/0/0/0,7823:1747647655794:,1747647665534
counter/7/0/0/0,7824:1747647655794:,1747647665534
counter/7/0/0/0,7825:1747647655794:,1747647665534
counter/7/0/0/0,7826:1747647655794:,1747647665534
counter/7/0/0/0,7827:1747647655794:,1747647665534
counter/7/0/0/0,7828:1747647655796:,1747647665534
counter/7/0/0/0,7829:1747647655796:,1747647665534
counter/7/0/0/0,7830:1747647655796:,1747647665534
counter/9/0/0/0,8380:1747647655844:,1747647665534
counter/3/0/0/0,8359:1747647655989:,1747647665534
counter/7/0/0/0,7831:1747647655796:,1747647665535
counter/7/0/0/0,7832:1747647655796:,1747647665535
counter/7/0/0/0,7833:1747647655796:,1747647665535
counter/7/0/0/0,7834:1747647655796:,1747647665535
counter/7/0/0/0,7835:1747647655796:,1747647665535
counter/7/0/0/0,7836:1747647655796:,1747647665535
counter/7/0/0/0,7837:1747647655796:,1747647665535
counter/2/0/0/0,7863:1747647654754:,1747647665535
counter/7/0/0/0,7838:1747647655796:,1747647665535
counter/1/0/0/0,8709:1747647656538:,1747647665535
counter/1/0/0/0,8710:1747647656538:,1747647665535
counter/1/0/0/0,8711:1747647656538:,1747647665535
counter/6/0/0/0,7227:1747647655596:,1747647665535
counter/1/0/0/0,8712:1747647656538:,1747647665536
counter/1/0/0/0,8713:1747647656538:,1747647665536
counter/1/0/0/0,8714:1747647656538:,1747647665536
counter/8/0/0/0,8184:1747647655421:,1747647665536
counter/1/0/0/0,8715:1747647656538:,1747647665536
counter/1/0/0/0,8716:1747647656538:,1747647665536
counter/1/0/0/0,8717:1747647656538:,1747647665536
counter/1/0/0/0,8718:1747647656540:,1747647665536
counter/1/0/0/0,8719:1747647656540:,1747647665536
counter/3/0/0/0,8360:1747647655989:,1747647665537
counter/1/0/0/0,8720:1747647656540:,1747647665537
counter/3/0/0/0,8361:1747647655989:,1747647665537
counter/6/0/0/0,7228:1747647655596:,1747647665537
counter/6/0/0/0,7229:1747647655596:,1747647665538
counter/6/0/0/0,7230:1747647655596:,1747647665538
counter/6/0/0/0,7231:1747647655596:,1747647665538
counter/6/0/0/0,7232:1747647655596:,1747647665538
counter/6/0/0/0,7233:1747647655596:,1747647665538
counter/6/0/0/0,7234:1747647655596:,1747647665538
counter/6/0/0/0,7235:1747647655596:,1747647665538
counter/6/0/0/0,7236:1747647655596:,1747647665538
counter/2/0/0/0,7864:1747647654754:,1747647665538
counter/6/0/0/0,7237:1747647655596:,1747647665538
counter/6/0/0/0,7238:1747647655596:,1747647665538
counter/6/0/0/0,7239:1747647655606:,1747647665538
counter/6/0/0/0,7240:1747647655606:,1747647665538
counter/6/0/0/0,7241:1747647655606:,1747647665538
counter/6/0/0/0,7242:1747647655606:,1747647665538
counter/6/0/0/0,7243:1747647655606:,1747647665539
counter/6/0/0/0,7244:1747647655606:,1747647665539
counter/6/0/0/0,7245:1747647655606:,1747647665539
counter/6/0/0/0,7246:1747647655606:,1747647665539
counter/6/0/0/0,7247:1747647655611:,1747647665539
counter/6/0/0/0,7248:1747647655611:,1747647665539
counter/6/0/0/0,7249:1747647655611:,1747647665539
counter/10/0/0/0,7368:1747647655294:,1747647665539
counter/6/0/0/0,7250:1747647655611:,1747647665539
counter/10/0/0/0,7369:1747647655294:,1747647665539
counter/10/0/0/0,7370:1747647655294:,1747647665539
counter/10/0/0/0,7371:1747647655294:,1747647665539
counter/10/0/0/0,7372:1747647655294:,1747647665539
counter/3/0/0/0,8362:1747647655989:,1747647665539
counter/4/0/0/0,8003:1747647656604:,1747647665540
counter/3/0/0/0,8363:1747647655989:,1747647665541
counter/3/0/0/0,8364:1747647655989:,1747647665541
counter/3/0/0/0,8365:1747647655989:,1747647665541
counter/4/0/0/0,8004:1747647656604:,1747647665541
counter/3/0/0/0,8366:1747647655989:,1747647665541
counter/2/0/0/0,7865:1747647654754:,1747647665541
counter/7/0/0/0,7839:1747647655796:,1747647665543
counter/1/0/0/0,8721:1747647656540:,1747647665543
counter/10/0/0/0,7373:1747647655294:,1747647665543
counter/10/0/0/0,7374:1747647655299:,1747647665544
counter/10/0/0/0,7375:1747647655299:,1747647665544
counter/10/0/0/0,7376:1747647655299:,1747647665544
counter/10/0/0/0,7377:1747647655299:,1747647665544
counter/9/0/0/0,8381:1747647655845:,1747647665544
counter/10/0/0/0,7378:1747647655311:,1747647665544
counter/10/0/0/0,7379:1747647655312:,1747647665544
counter/10/0/0/0,7380:1747647655318:,1747647665544
counter/10/0/0/0,7381:1747647655318:,1747647665544
counter/1/0/0/0,8722:1747647656540:,1747647665545
counter/7/0/0/0,7840:1747647655796:,1747647665546
counter/3/0/0/0,8367:1747647655989:,1747647665546
counter/10/0/0/0,7382:1747647655318:,1747647665546
counter/3/0/0/0,8368:1747647655990:,1747647665546
counter/5/0/0/0,7902:1747647655639:,1747647665546
counter/3/0/0/0,8369:1747647656001:,1747647665546
counter/3/0/0/0,8370:1747647656016:,1747647665546
counter/3/0/0/0,8371:1747647656020:,1747647665546
counter/6/0/0/0,7251:1747647655611:,1747647665546
counter/3/0/0/0,8372:1747647656020:,1747647665546
counter/6/0/0/0,7252:1747647655611:,1747647665546
counter/3/0/0/0,8373:1747647656020:,1747647665546
counter/6/0/0/0,7253:1747647655611:,1747647665546
counter/6/0/0/0,7254:1747647655611:,1747647665546
counter/3/0/0/0,8374:1747647656020:,1747647665547
counter/3/0/0/0,8375:1747647656020:,1747647665547
counter/3/0/0/0,8376:1747647656020:,1747647665547
counter/3/0/0/0,8377:1747647656021:,1747647665547
counter/3/0/0/0,8378:1747647656021:,1747647665547
counter/3/0/0/0,8379:1747647656021:,1747647665547
counter/3/0/0/0,8380:1747647656035:,1747647665547
counter/3/0/0/0,8381:1747647656035:,1747647665547
counter/3/0/0/0,8382:1747647656035:,1747647665547
counter/3/0/0/0,8383:1747647656035:,1747647665547
counter/3/0/0/0,8384:1747647656035:,1747647665547
counter/3/0/0/0,8385:1747647656036:,1747647665547
counter/3/0/0/0,8386:1747647656036:,1747647665547
counter/3/0/0/0,8387:1747647656036:,1747647665548
counter/3/0/0/0,8388:1747647656037:,1747647665548
counter/3/0/0/0,8389:1747647656037:,1747647665548
counter/3/0/0/0,8390:1747647656037:,1747647665548
counter/3/0/0/0,8391:1747647656037:,1747647665548
counter/7/0/0/0,7841:1747647655796:,1747647665548
counter/4/0/0/0,8005:1747647656604:,1747647665548
counter/1/0/0/0,8723:1747647656540:,1747647665549
counter/8/0/0/0,8185:1747647655421:,1747647665549
counter/7/0/0/0,7842:1747647655796:,1747647665549
counter/4/0/0/0,8006:1747647656604:,1747647665549
counter/8/0/0/0,8186:1747647655428:,1747647665549
counter/4/0/0/0,8007:1747647656604:,1747647665549
counter/8/0/0/0,8187:1747647655428:,1747647665549
counter/4/0/0/0,8008:1747647656604:,1747647665549
counter/8/0/0/0,8188:1747647655428:,1747647665549
counter/4/0/0/0,8009:1747647656604:,1747647665549
counter/8/0/0/0,8189:1747647655428:,1747647665549
counter/4/0/0/0,8010:1747647656604:,1747647665549
counter/8/0/0/0,8190:1747647655428:,1747647665549
counter/4/0/0/0,8011:1747647656604:,1747647665549
counter/8/0/0/0,8191:1747647655428:,1747647665549
counter/4/0/0/0,8012:1747647656605:,1747647665549
counter/8/0/0/0,8192:1747647655428:,1747647665549
counter/4/0/0/0,8013:1747647656606:,1747647665550
counter/8/0/0/0,8193:1747647655428:,1747647665550
counter/4/0/0/0,8014:1747647656606:,1747647665550
counter/4/0/0/0,8015:1747647656608:,1747647665550
counter/4/0/0/0,8016:1747647656609:,1747647665550
counter/1/0/0/0,8724:1747647656540:,1747647665550
counter/6/0/0/0,7255:1747647655616:,1747647665550
counter/5/0/0/0,7903:1747647655639:,1747647665550
counter/5/0/0/0,7904:1747647655639:,1747647665550
counter/5/0/0/0,7905:1747647655639:,1747647665550
counter/5/0/0/0,7906:1747647655639:,1747647665551
counter/1/0/0/0,8725:1747647656540:,1747647665551
counter/5/0/0/0,7907:1747647655639:,1747647665551
counter/1/0/0/0,8726:1747647656540:,1747647665552
counter/1/0/0/0,8727:1747647656540:,1747647665552
counter/10/0/0/0,7383:1747647655318:,1747647665552
counter/10/0/0/0,7384:1747647655318:,1747647665552
counter/10/0/0/0,7385:1747647655318:,1747647665552
counter/10/0/0/0,7386:1747647655318:,1747647665552
counter/8/0/0/0,8194:1747647655428:,1747647665552
counter/8/0/0/0,8195:1747647655428:,1747647665552
counter/8/0/0/0,8196:1747647655428:,1747647665552
counter/8/0/0/0,8197:1747647655428:,1747647665552
counter/8/0/0/0,8198:1747647655428:,1747647665552
counter/8/0/0/0,8199:1747647655439:,1747647665553
counter/8/0/0/0,8200:1747647655439:,1747647665553
counter/8/0/0/0,8201:1747647655439:,1747647665553
counter/8/0/0/0,8202:1747647655439:,1747647665553
counter/8/0/0/0,8203:1747647655439:,1747647665553
counter/10/0/0/0,7387:1747647655318:,1747647665553
counter/10/0/0/0,7388:1747647655318:,1747647665553
counter/10/0/0/0,7389:1747647655318:,1747647665553
counter/10/0/0/0,7390:1747647655318:,1747647665553
counter/10/0/0/0,7391:1747647655318:,1747647665553
counter/10/0/0/0,7392:1747647655318:,1747647665553
counter/5/0/0/0,7908:1747647655639:,1747647665553
counter/3/0/0/0,8392:1747647656037:,1747647665554
counter/3/0/0/0,8393:1747647656299:,1747647665554
counter/3/0/0/0,8394:1747647656299:,1747647665554
counter/6/0/0/0,7256:1747647655616:,1747647665555
counter/7/0/0/0,7843:1747647655797:,1747647665555
counter/7/0/0/0,7844:1747647655798:,1747647665555
counter/8/0/0/0,8204:1747647655439:,1747647665555
counter/3/0/0/0,8395:1747647656301:,1747647665556
counter/2/0/0/0,7866:1747647654771:,1747647665556
counter/10/0/0/0,7393:1747647655318:,1747647665556
counter/10/0/0/0,7394:1747647655318:,1747647665556
counter/10/0/0/0,7395:1747647655318:,1747647665556
counter/10/0/0/0,7396:1747647655318:,1747647665556
counter/10/0/0/0,7397:1747647655319:,1747647665556
counter/10/0/0/0,7398:1747647655319:,1747647665556
counter/10/0/0/0,7399:1747647655320:,1747647665556
counter/10/0/0/0,7400:1747647655320:,1747647665557
counter/10/0/0/0,7401:1747647655320:,1747647665557
counter/10/0/0/0,7402:1747647655320:,1747647665557
counter/10/0/0/0,7403:1747647655320:,1747647665557
counter/10/0/0/0,7404:1747647655320:,1747647665557
counter/10/0/0/0,7405:1747647655320:,1747647665557
counter/10/0/0/0,7406:1747647655320:,1747647665557
counter/10/0/0/0,7407:1747647655320:,1747647665557
counter/10/0/0/0,7408:1747647655320:,1747647665557
counter/10/0/0/0,7409:1747647655321:,1747647665557
counter/10/0/0/0,7410:1747647655321:,1747647665557
counter/10/0/0/0,7411:1747647655321:,1747647665557
counter/10/0/0/0,7412:1747647655321:,1747647665557
counter/10/0/0/0,7413:1747647655321:,1747647665558
counter/1/0/0/0,8728:1747647656540:,1747647665558
counter/10/0/0/0,7414:1747647655321:,1747647665558
counter/1/0/0/0,8729:1747647656541:,1747647665558
counter/1/0/0/0,8730:1747647656541:,1747647665558
counter/1/0/0/0,8731:1747647656541:,1747647665558
counter/1/0/0/0,8732:1747647656541:,1747647665558
counter/1/0/0/0,8733:1747647656549:,1747647665558
counter/1/0/0/0,8734:1747647656549:,1747647665558
counter/3/0/0/0,8396:1747647656301:,1747647665559
counter/4/0/0/0,8017:1747647656609:,1747647665559
counter/4/0/0/0,8018:1747647656609:,1747647665559
counter/4/0/0/0,8019:1747647656609:,1747647665559
counter/4/0/0/0,8020:1747647656609:,1747647665559
counter/1/0/0/0,8735:1747647656549:,1747647665560
counter/1/0/0/0,8736:1747647656549:,1747647665562
counter/9/0/0/0,8382:1747647655846:,1747647665562
counter/1/0/0/0,8737:1747647656549:,1747647665562
counter/1/0/0/0,8738:1747647656549:,1747647665562
counter/1/0/0/0,8739:1747647656549:,1747647665562
counter/1/0/0/0,8740:1747647656549:,1747647665562
counter/1/0/0/0,8741:1747647656549:,1747647665562
counter/1/0/0/0,8742:1747647656549:,1747647665562
counter/1/0/0/0,8743:1747647656549:,1747647665563
counter/1/0/0/0,8744:1747647656549:,1747647665563
counter/1/0/0/0,8745:1747647656549:,1747647665563
counter/1/0/0/0,8746:1747647656549:,1747647665563
counter/5/0/0/0,7909:1747647655640:,1747647665563
counter/3/0/0/0,8397:1747647656304:,1747647665563
counter/6/0/0/0,7257:1747647655616:,1747647665563
counter/1/0/0/0,8747:1747647656549:,1747647665564
counter/5/0/0/0,7910:1747647655640:,1747647665564
counter/2/0/0/0,7867:1747647654771:,1747647665564
counter/3/0/0/0,8398:1747647656310:,1747647665564
counter/4/0/0/0,8021:1747647656609:,1747647665564
counter/4/0/0/0,8022:1747647656609:,1747647665564
counter/4/0/0/0,8023:1747647656609:,1747647665565
counter/4/0/0/0,8024:1747647656609:,1747647665565
counter/4/0/0/0,8025:1747647656609:,1747647665565
counter/4/0/0/0,8026:1747647656609:,1747647665565
counter/4/0/0/0,8027:1747647656609:,1747647665565
counter/4/0/0/0,8028:1747647656609:,1747647665565
counter/4/0/0/0,8029:1747647656609:,1747647665565
counter/4/0/0/0,8030:1747647656609:,1747647665565
counter/4/0/0/0,8031:1747647656609:,1747647665565
counter/4/0/0/0,8032:1747647656609:,1747647665565
counter/4/0/0/0,8033:1747647656609:,1747647665565
counter/1/0/0/0,8748:1747647656550:,1747647665565
counter/3/0/0/0,8399:1747647656312:,1747647665565
counter/1/0/0/0,8749:1747647656555:,1747647665566
counter/1/0/0/0,8750:1747647656555:,1747647665566
counter/1/0/0/0,8751:1747647656555:,1747647665566
counter/1/0/0/0,8752:1747647656555:,1747647665566
counter/1/0/0/0,8753:1747647656555:,1747647665566
counter/1/0/0/0,8754:1747647656555:,1747647665566
counter/1/0/0/0,8755:1747647656555:,1747647665566
counter/1/0/0/0,8756:1747647656555:,1747647665566
counter/1/0/0/0,8757:1747647656556:,1747647665566
counter/1/0/0/0,8758:1747647656556:,1747647665566
counter/1/0/0/0,8759:1747647656556:,1747647665566
counter/1/0/0/0,8760:1747647656556:,1747647665566
counter/1/0/0/0,8761:1747647656556:,1747647665567
counter/7/0/0/0,7845:1747647655798:,1747647665567
counter/2/0/0/0,7868:1747647654771:,1747647665567
counter/10/0/0/0,7415:1747647655321:,1747647665567
counter/10/0/0/0,7416:1747647655321:,1747647665567
counter/10/0/0/0,7417:1747647655321:,1747647665567
counter/10/0/0/0,7418:1747647655321:,1747647665567
counter/10/0/0/0,7419:1747647655321:,1747647665567
counter/7/0/0/0,7846:1747647655802:,1747647665567
counter/10/0/0/0,7420:1747647655321:,1747647665567
counter/7/0/0/0,7847:1747647655802:,1747647665567
counter/10/0/0/0,7421:1747647655321:,1747647665567
counter/7/0/0/0,7848:1747647655802:,1747647665567
counter/5/0/0/0,7911:1747647655640:,1747647665567
counter/10/0/0/0,7422:1747647655321:,1747647665567
counter/7/0/0/0,7849:1747647655802:,1747647665567
counter/10/0/0/0,7423:1747647655325:,1747647665568
counter/10/0/0/0,7424:1747647655325:,1747647665568
counter/10/0/0/0,7425:1747647655325:,1747647665568
counter/10/0/0/0,7426:1747647655325:,1747647665568
counter/6/0/0/0,7258:1747647655616:,1747647665568
counter/6/0/0/0,7259:1747647655616:,1747647665568
counter/6/0/0/0,7260:1747647655616:,1747647665568
counter/6/0/0/0,7261:1747647655616:,1747647665568
counter/6/0/0/0,7262:1747647655616:,1747647665568
counter/9/0/0/0,8383:1747647655846:,1747647665568
counter/3/0/0/0,8400:1747647656318:,1747647665568
counter/2/0/0/0,7869:1747647654771:,1747647665568
counter/7/0/0/0,7850:1747647655802:,1747647665568
counter/7/0/0/0,7851:1747647655802:,1747647665568
counter/2/0/0/0,7870:1747647654771:,1747647665570
counter/10/0/0/0,7427:1747647655325:,1747647665570
counter/2/0/0/0,7871:1747647654771:,1747647665570
counter/6/0/0/0,7263:1747647655616:,1747647665570
counter/2/0/0/0,7872:1747647654771:,1747647665570
counter/2/0/0/0,7873:1747647654771:,1747647665570
counter/2/0/0/0,7874:1747647654771:,1747647665570
counter/1/0/0/0,8762:1747647656556:,1747647665570
counter/1/0/0/0,8763:1747647656556:,1747647665570
counter/9/0/0/0,8384:1747647655846:,1747647665570
counter/1/0/0/0,8764:1747647656556:,1747647665570
counter/9/0/0/0,8385:1747647655846:,1747647665571
counter/4/0/0/0,8034:1747647656609:,1747647665571
counter/1/0/0/0,8765:1747647656557:,1747647665571
counter/9/0/0/0,8386:1747647655846:,1747647665571
counter/4/0/0/0,8035:1747647656609:,1747647665571
counter/1/0/0/0,8766:1747647656557:,1747647665571
counter/9/0/0/0,8387:1747647655846:,1747647665571
counter/4/0/0/0,8036:1747647656610:,1747647665571
counter/1/0/0/0,8767:1747647656557:,1747647665571
counter/1/0/0/0,8768:1747647656557:,1747647665571
counter/1/0/0/0,8769:1747647656557:,1747647665571
counter/1/0/0/0,8770:1747647656557:,1747647665571
counter/1/0/0/0,8771:1747647656557:,1747647665571
counter/1/0/0/0,8772:1747647656557:,1747647665571
counter/1/0/0/0,8773:1747647656557:,1747647665571
counter/1/0/0/0,8774:1747647656557:,1747647665571
counter/1/0/0/0,8775:1747647656558:,1747647665571
counter/2/0/0/0,7875:1747647654771:,1747647665571
counter/1/0/0/0,8776:1747647656558:,1747647665572
counter/1/0/0/0,8777:1747647656558:,1747647665572
counter/1/0/0/0,8778:1747647656558:,1747647665572
counter/10/0/0/0,7428:1747647655325:,1747647665572
counter/1/0/0/0,8779:1747647656558:,1747647665572
counter/5/0/0/0,7912:1747647655640:,1747647665572
counter/1/0/0/0,8780:1747647656558:,1747647665572
counter/3/0/0/0,8401:1747647656318:,1747647665573
counter/10/0/0/0,7429:1747647655325:,1747647665573
counter/3/0/0/0,8402:1747647656322:,1747647665573
counter/7/0/0/0,7852:1747647655802:,1747647665573
counter/4/0/0/0,8037:1747647656610:,1747647665573
counter/3/0/0/0,8403:1747647656328:,1747647665573
counter/7/0/0/0,7853:1747647655802:,1747647665573
counter/3/0/0/0,8404:1747647656330:,1747647665574
counter/7/0/0/0,7854:1747647655802:,1747647665574
counter/3/0/0/0,8405:1747647656335:,1747647665574
counter/7/0/0/0,7855:1747647655802:,1747647665574
counter/3/0/0/0,8406:1747647656336:,1747647665574
counter/9/0/0/0,8388:1747647655846:,1747647665574
counter/10/0/0/0,7430:1747647655325:,1747647665575
counter/10/0/0/0,7431:1747647655325:,1747647665575
counter/10/0/0/0,7432:1747647655326:,1747647665576
counter/10/0/0/0,7433:1747647655326:,1747647665576
counter/10/0/0/0,7434:1747647655326:,1747647665576
counter/10/0/0/0,7435:1747647655326:,1747647665576
counter/10/0/0/0,7436:1747647655326:,1747647665576
counter/10/0/0/0,7437:1747647655326:,1747647665576
counter/1/0/0/0,8781:1747647656559:,1747647665576
counter/1/0/0/0,8782:1747647656559:,1747647665576
counter/8/0/0/0,8205:1747647655439:,1747647665576
counter/7/0/0/0,7856:1747647655802:,1747647665576
counter/2/0/0/0,7876:1747647654771:,1747647665576
counter/6/0/0/0,7264:1747647655616:,1747647665576
counter/10/0/0/0,7438:1747647655326:,1747647665576
counter/10/0/0/0,7439:1747647655326:,1747647665576
counter/10/0/0/0,7440:1747647655326:,1747647665576
counter/10/0/0/0,7441:1747647655327:,1747647665577
counter/10/0/0/0,7442:1747647655327:,1747647665577
counter/5/0/0/0,7913:1747647655640:,1747647665577
counter/5/0/0/0,7914:1747647655640:,1747647665577
counter/5/0/0/0,7915:1747647655640:,1747647665577
counter/5/0/0/0,7916:1747647655640:,1747647665577
counter/5/0/0/0,7917:1747647655640:,1747647665577
counter/5/0/0/0,7918:1747647655640:,1747647665578
counter/5/0/0/0,7919:1747647655640:,1747647665578
counter/5/0/0/0,7920:1747647655640:,1747647665578
counter/5/0/0/0,7921:1747647655643:,1747647665578
counter/5/0/0/0,7922:1747647655643:,1747647665578
counter/5/0/0/0,7923:1747647655643:,1747647665578
counter/1/0/0/0,8783:1747647656559:,1747647665578
counter/4/0/0/0,8038:1747647656610:,1747647665578
counter/6/0/0/0,7265:1747647655616:,1747647665579
counter/3/0/0/0,8407:1747647656336:,1747647665579
counter/1/0/0/0,8784:1747647656559:,1747647665579
counter/3/0/0/0,8408:1747647656342:,1747647665579
counter/3/0/0/0,8409:1747647656342:,1747647665579
counter/9/0/0/0,8389:1747647655846:,1747647665579
counter/10/0/0/0,7443:1747647655327:,1747647665579
counter/10/0/0/0,7444:1747647655327:,1747647665579
counter/10/0/0/0,7445:1747647655327:,1747647665579
counter/10/0/0/0,7446:1747647655327:,1747647665579
counter/10/0/0/0,7447:1747647655327:,1747647665579
counter/10/0/0/0,7448:1747647655327:,1747647665579
counter/10/0/0/0,7449:1747647655327:,1747647665579
counter/10/0/0/0,7450:1747647655327:,1747647665580
counter/10/0/0/0,7451:1747647655327:,1747647665580
counter/10/0/0/0,7452:1747647655327:,1747647665580
counter/10/0/0/0,7453:1747647655327:,1747647665580
counter/6/0/0/0,7266:1747647655616:,1747647665580
counter/6/0/0/0,7267:1747647655616:,1747647665580
counter/6/0/0/0,7268:1747647655616:,1747647665580
counter/6/0/0/0,7269:1747647655616:,1747647665580
counter/10/0/0/0,7454:1747647655327:,1747647665580
counter/4/0/0/0,8039:1747647656610:,1747647665580
counter/9/0/0/0,8390:1747647655848:,1747647665581
counter/3/0/0/0,8410:1747647656346:,1747647665581
counter/2/0/0/0,7877:1747647654771:,1747647665581
counter/9/0/0/0,8391:1747647655848:,1747647665581
counter/9/0/0/0,8392:1747647655848:,1747647665581
counter/9/0/0/0,8393:1747647655848:,1747647665581
counter/9/0/0/0,8394:1747647655848:,1747647665581
counter/9/0/0/0,8395:1747647655848:,1747647665581
counter/1/0/0/0,8785:1747647656559:,1747647665581
counter/6/0/0/0,7270:1747647655617:,1747647665581
counter/7/0/0/0,7857:1747647655803:,1747647665582
counter/7/0/0/0,7858:1747647655807:,1747647665582
counter/2/0/0/0,7878:1747647654771:,1747647665582
counter/5/0/0/0,7924:1747647655643:,1747647665582
counter/6/0/0/0,7271:1747647655617:,1747647665582
counter/6/0/0/0,7272:1747647655617:,1747647665582
counter/10/0/0/0,7455:1747647655327:,1747647665583
counter/8/0/0/0,8206:1747647655439:,1747647665584
counter/9/0/0/0,8396:1747647655848:,1747647665584
counter/9/0/0/0,8397:1747647655848:,1747647665584
counter/9/0/0/0,8398:1747647655848:,1747647665584
counter/7/0/0/0,7859:1747647655807:,1747647665584
counter/1/0/0/0,8786:1747647656559:,1747647665584
counter/5/0/0/0,7925:1747647655643:,1747647665584
counter/2/0/0/0,7879:1747647654771:,1747647665585
counter/3/0/0/0,8411:1747647656346:,1747647665586
counter/2/0/0/0,7880:1747647654772:,1747647665586
counter/7/0/0/0,7860:1747647655807:,1747647665586
counter/6/0/0/0,7273:1747647655627:,1747647665587
counter/6/0/0/0,7274:1747647655627:,1747647665587
counter/3/0/0/0,8412:1747647656346:,1747647665587
counter/3/0/0/0,8413:1747647656346:,1747647665587
counter/2/0/0/0,7881:1747647654781:,1747647665587
counter/2/0/0/0,7882:1747647654781:,1747647665588
counter/2/0/0/0,7883:1747647654981:,1747647665588
counter/2/0/0/0,7884:1747647654981:,1747647665588
counter/2/0/0/0,7885:1747647654981:,1747647665588
counter/2/0/0/0,7886:1747647654981:,1747647665588
counter/5/0/0/0,7926:1747647655643:,1747647665588
counter/2/0/0/0,7887:1747647654983:,1747647665589
counter/2/0/0/0,7888:1747647654983:,1747647665589
counter/1/0/0/0,8787:1747647656559:,1747647665589
counter/3/0/0/0,8414:1747647656346:,1747647665590
counter/5/0/0/0,7927:1747647655643:,1747647665591
counter/4/0/0/0,8040:1747647656610:,1747647665591
counter/4/0/0/0,8041:1747647656610:,1747647665591
counter/4/0/0/0,8042:1747647656610:,1747647665591
counter/4/0/0/0,8043:1747647656611:,1747647665591
counter/1/0/0/0,8788:1747647656559:,1747647665591
counter/1/0/0/0,8789:1747647656559:,1747647665591
counter/3/0/0/0,8415:1747647656346:,1747647665591
counter/10/0/0/0,7456:1747647655327:,1747647665591
counter/3/0/0/0,8416:1747647656346:,1747647665591
counter/1/0/0/0,8790:1747647656559:,1747647665592
counter/2/0/0/0,7889:1747647654983:,1747647665592
counter/1/0/0/0,8791:1747647656567:,1747647665593
counter/2/0/0/0,7890:1747647654983:,1747647665593
counter/2/0/0/0,7891:1747647654983:,1747647665593
counter/2/0/0/0,7892:1747647654983:,1747647665593
counter/2/0/0/0,7893:1747647654983:,1747647665593
counter/3/0/0/0,8417:1747647656346:,1747647665594
counter/5/0/0/0,7928:1747647655643:,1747647665594
counter/7/0/0/0,7861:1747647655807:,1747647665595
counter/2/0/0/0,7894:1747647654983:,1747647665596
counter/2/0/0/0,7895:1747647654983:,1747647665596
counter/2/0/0/0,7896:1747647654983:,1747647665596
counter/2/0/0/0,7897:1747647654983:,1747647665596
counter/7/0/0/0,7862:1747647655807:,1747647665596
counter/10/0/0/0,7457:1747647655327:,1747647665597
counter/1/0/0/0,8792:1747647656567:,1747647665597
counter/8/0/0/0,8207:1747647655441:,1747647665597
counter/3/0/0/0,8418:1747647656346:,1747647665597
counter/5/0/0/0,7929:1747647655644:,1747647665597
counter/3/0/0/0,8419:1747647656346:,1747647665598
counter/5/0/0/0,7930:1747647655648:,1747647665598
counter/5/0/0/0,7931:1747647655649:,1747647665598
counter/10/0/0/0,7458:1747647655327:,1747647665598
counter/9/0/0/0,8399:1747647655848:,1747647665598
counter/9/0/0/0,8400:1747647655848:,1747647665598
counter/9/0/0/0,8401:1747647655848:,1747647665599
counter/9/0/0/0,8402:1747647655848:,1747647665599
counter/9/0/0/0,8403:1747647655848:,1747647665599
counter/9/0/0/0,8404:1747647655849:,1747647665599
counter/9/0/0/0,8405:1747647655849:,1747647665599
counter/9/0/0/0,8406:1747647655849:,1747647665599
counter/9/0/0/0,8407:1747647655849:,1747647665599
counter/10/0/0/0,7459:1747647655327:,1747647665599
counter/3/0/0/0,8420:1747647656346:,1747647665599
counter/3/0/0/0,8421:1747647656346:,1747647665599
counter/2/0/0/0,7898:1747647654983:,1747647665599
counter/2/0/0/0,7899:1747647655005:,1747647665599
counter/5/0/0/0,7932:1747647655649:,1747647665599
counter/5/0/0/0,7933:1747647655649:,1747647665600
counter/7/0/0/0,7863:1747647655807:,1747647665600
counter/7/0/0/0,7864:1747647655807:,1747647665600
counter/1/0/0/0,8793:1747647656567:,1747647665600
counter/1/0/0/0,8794:1747647656567:,1747647665600
counter/1/0/0/0,8795:1747647656567:,1747647665600
counter/1/0/0/0,8796:1747647656567:,1747647665600
counter/1/0/0/0,8797:1747647656567:,1747647665600
counter/1/0/0/0,8798:1747647656567:,1747647665600
counter/6/0/0/0,7275:1747647655627:,1747647665600
counter/1/0/0/0,8799:1747647656567:,1747647665600
counter/4/0/0/0,8044:1747647656611:,1747647665600
counter/1/0/0/0,8800:1747647656567:,1747647665601
counter/1/0/0/0,8801:1747647656567:,1747647665601
counter/1/0/0/0,8802:1747647656567:,1747647665601
counter/1/0/0/0,8803:1747647656567:,1747647665601
counter/1/0/0/0,8804:1747647656567:,1747647665601
counter/1/0/0/0,8805:1747647656567:,1747647665601
counter/1/0/0/0,8806:1747647656571:,1747647665601
counter/1/0/0/0,8807:1747647656571:,1747647665601
counter/1/0/0/0,8808:1747647656571:,1747647665601
counter/8/0/0/0,8208:1747647655441:,1747647665601
counter/8/0/0/0,8209:1747647655441:,1747647665601
counter/8/0/0/0,8210:1747647655441:,1747647665601
counter/6/0/0/0,7276:1747647655627:,1747647665602
counter/6/0/0/0,7277:1747647655627:,1747647665602
counter/4/0/0/0,8045:1747647656611:,1747647665602
counter/6/0/0/0,7278:1747647655627:,1747647665602
counter/6/0/0/0,7279:1747647655627:,1747647665602
counter/6/0/0/0,7280:1747647655648:,1747647665602
counter/3/0/0/0,8422:1747647656348:,1747647665604
counter/3/0/0/0,8423:1747647656348:,1747647665604
counter/3/0/0/0,8424:1747647656348:,1747647665604
counter/3/0/0/0,8425:1747647656348:,1747647665604
counter/3/0/0/0,8426:1747647656348:,1747647665604
counter/3/0/0/0,8427:1747647656348:,1747647665604
counter/5/0/0/0,7934:1747647655649:,1747647665604
counter/8/0/0/0,8211:1747647655447:,1747647665604
counter/4/0/0/0,8046:1747647656611:,1747647665605
counter/4/0/0/0,8047:1747647656645:,1747647665605
counter/4/0/0/0,8048:1747647656645:,1747647665605
counter/4/0/0/0,8049:1747647656645:,1747647665605
counter/4/0/0/0,8050:1747647656645:,1747647665605
counter/4/0/0/0,8051:1747647656645:,1747647665605
counter/4/0/0/0,8052:1747647656645:,1747647665605
counter/4/0/0/0,8053:1747647656645:,1747647665605
counter/4/0/0/0,8054:1747647656645:,1747647665606
counter/4/0/0/0,8055:1747647656648:,1747647665606
counter/10/0/0/0,7460:1747647655327:,1747647665606
counter/10/0/0/0,7461:1747647655327:,1747647665606
counter/10/0/0/0,7462:1747647655327:,1747647665606
counter/10/0/0/0,7463:1747647655327:,1747647665606
counter/10/0/0/0,7464:1747647655328:,1747647665606
counter/10/0/0/0,7465:1747647655328:,1747647665606
counter/10/0/0/0,7466:1747647655328:,1747647665606
counter/1/0/0/0,8809:1747647656571:,1747647665606
counter/3/0/0/0,8428:1747647656348:,1747647665606
counter/3/0/0/0,8429:1747647656348:,1747647665606
counter/3/0/0/0,8430:1747647656348:,1747647665606
counter/9/0/0/0,8408:1747647655849:,1747647665606
counter/6/0/0/0,7281:1747647655648:,1747647665607
counter/4/0/0/0,8056:1747647656651:,1747647665608
counter/1/0/0/0,8810:1747647656571:,1747647665608
counter/9/0/0/0,8409:1747647655849:,1747647665608
counter/4/0/0/0,8057:1747647656651:,1747647665610
counter/10/0/0/0,7467:1747647655328:,1747647665611
counter/2/0/0/0,7900:1747647655005:,1747647665611
counter/2/0/0/0,7901:1747647655005:,1747647665611
counter/7/0/0/0,7865:1747647655807:,1747647665611
counter/6/0/0/0,7282:1747647655648:,1747647665615
counter/6/0/0/0,7283:1747647655648:,1747647665615
counter/6/0/0/0,7284:1747647655648:,1747647665615
counter/6/0/0/0,7285:1747647655648:,1747647665615
counter/6/0/0/0,7286:1747647655648:,1747647665615
counter/6/0/0/0,7287:1747647655648:,1747647665615
counter/1/0/0/0,8811:1747647656571:,1747647665616
counter/1/0/0/0,8812:1747647656571:,1747647665616
counter/1/0/0/0,8813:1747647656571:,1747647665616
counter/1/0/0/0,8814:1747647656574:,1747647665616
counter/8/0/0/0,8212:1747647655447:,1747647665616
counter/8/0/0/0,8213:1747647655447:,1747647665616
counter/2/0/0/0,7902:1747647655005:,1747647665616
counter/3/0/0/0,8431:1747647656348:,1747647665616
counter/3/0/0/0,8432:1747647656349:,1747647665616
counter/3/0/0/0,8433:1747647656349:,1747647665616
counter/3/0/0/0,8434:1747647656349:,1747647665616
counter/3/0/0/0,8435:1747647656350:,1747647665616
counter/3/0/0/0,8436:1747647656350:,1747647665617
counter/3/0/0/0,8437:1747647656350:,1747647665617
counter/3/0/0/0,8438:1747647656352:,1747647665617
counter/3/0/0/0,8439:1747647656352:,1747647665617
counter/3/0/0/0,8440:1747647656352:,1747647665617
counter/3/0/0/0,8441:1747647656352:,1747647665617
counter/3/0/0/0,8442:1747647656352:,1747647665617
counter/3/0/0/0,8443:1747647656352:,1747647665617
counter/1/0/0/0,8815:1747647656574:,1747647665617
counter/8/0/0/0,8214:1747647655447:,1747647665617
counter/3/0/0/0,8444:1747647656352:,1747647665617
counter/3/0/0/0,8445:1747647656352:,1747647665617
counter/3/0/0/0,8446:1747647656352:,1747647665618
counter/3/0/0/0,8447:1747647656352:,1747647665618
counter/3/0/0/0,8448:1747647656353:,1747647665618
counter/3/0/0/0,8449:1747647656353:,1747647665618
counter/3/0/0/0,8450:1747647656354:,1747647665618
counter/5/0/0/0,7935:1747647655649:,1747647665618
counter/6/0/0/0,7288:1747647655648:,1747647665618
counter/5/0/0/0,7936:1747647655649:,1747647665620
counter/4/0/0/0,8058:1747647656651:,1747647665620
counter/5/0/0/0,7937:1747647655649:,1747647665620
counter/5/0/0/0,7938:1747647655649:,1747647665620
counter/5/0/0/0,7939:1747647655649:,1747647665620
counter/5/0/0/0,7940:1747647655649:,1747647665621
counter/5/0/0/0,7941:1747647655649:,1747647665621
counter/5/0/0/0,7942:1747647655649:,1747647665621
counter/5/0/0/0,7943:1747647655649:,1747647665621
counter/5/0/0/0,7944:1747647655649:,1747647665621
counter/5/0/0/0,7945:1747647655649:,1747647665621
counter/5/0/0/0,7946:1747647655649:,1747647665621
counter/5/0/0/0,7947:1747647655649:,1747647665621
counter/7/0/0/0,7866:1747647655809:,1747647665621
counter/3/0/0/0,8451:1747647656354:,1747647665621
counter/7/0/0/0,7867:1747647655812:,1747647665622
counter/7/0/0/0,7868:1747647655812:,1747647665622
counter/7/0/0/0,7869:1747647655812:,1747647665622
counter/7/0/0/0,7870:1747647655812:,1747647665622
counter/4/0/0/0,8059:1747647656651:,1747647665622
counter/2/0/0/0,7903:1747647655005:,1747647665622
counter/9/0/0/0,8410:1747647655849:,1747647665622
counter/9/0/0/0,8411:1747647655849:,1747647665622
counter/10/0/0/0,7468:1747647655328:,1747647665622
counter/10/0/0/0,7469:1747647655328:,1747647665622
counter/10/0/0/0,7470:1747647655328:,1747647665622
counter/6/0/0/0,7289:1747647655648:,1747647665623
counter/2/0/0/0,7904:1747647655005:,1747647665624
counter/10/0/0/0,7471:1747647655328:,1747647665624
counter/10/0/0/0,7472:1747647655328:,1747647665624
counter/10/0/0/0,7473:1747647655328:,1747647665624
counter/10/0/0/0,7474:1747647655329:,1747647665624
counter/1/0/0/0,8816:1747647656574:,1747647665624
counter/6/0/0/0,7290:1747647655648:,1747647665624
counter/6/0/0/0,7291:1747647655648:,1747647665624
counter/6/0/0/0,7292:1747647655652:,1747647665624
counter/6/0/0/0,7293:1747647655662:,1747647665624
counter/6/0/0/0,7294:1747647655662:,1747647665624
counter/6/0/0/0,7295:1747647655662:,1747647665624
counter/6/0/0/0,7296:1747647655662:,1747647665625
counter/6/0/0/0,7297:1747647655662:,1747647665625
counter/6/0/0/0,7298:1747647655662:,1747647665625
counter/6/0/0/0,7299:1747647655662:,1747647665625
counter/7/0/0/0,7871:1747647655812:,1747647665627
counter/7/0/0/0,7872:1747647655812:,1747647665627
counter/7/0/0/0,7873:1747647655812:,1747647665627
counter/7/0/0/0,7874:1747647655812:,1747647665627
counter/9/0/0/0,8412:1747647655849:,1747647665627
counter/9/0/0/0,8413:1747647655849:,1747647665627
counter/8/0/0/0,8215:1747647655447:,1747647665627
counter/5/0/0/0,7948:1747647655649:,1747647665628
counter/5/0/0/0,7949:1747647655649:,1747647665628
counter/5/0/0/0,7950:1747647655649:,1747647665628
counter/5/0/0/0,7951:1747647655649:,1747647665629
counter/5/0/0/0,7952:1747647655649:,1747647665629
counter/5/0/0/0,7953:1747647655649:,1747647665629
counter/3/0/0/0,8452:1747647656354:,1747647665630
counter/2/0/0/0,7905:1747647655005:,1747647665631
counter/6/0/0/0,7300:1747647655662:,1747647665632
counter/6/0/0/0,7301:1747647655662:,1747647665633
counter/6/0/0/0,7302:1747647655662:,1747647665633
counter/7/0/0/0,7875:1747647655812:,1747647665633
counter/6/0/0/0,7303:1747647655662:,1747647665633
counter/7/0/0/0,7876:1747647655812:,1747647665633
counter/7/0/0/0,7877:1747647655812:,1747647665633
counter/5/0/0/0,7954:1747647655649:,1747647665634
counter/9/0/0/0,8414:1747647655849:,1747647665634
counter/5/0/0/0,7955:1747647655649:,1747647665634
counter/5/0/0/0,7956:1747647655649:,1747647665634
counter/5/0/0/0,7957:1747647655649:,1747647665634
counter/5/0/0/0,7958:1747647655650:,1747647665634
counter/2/0/0/0,7906:1747647655015:,1747647665634
counter/7/0/0/0,7878:1747647655812:,1747647665635
counter/1/0/0/0,8817:1747647656578:,1747647665635
counter/7/0/0/0,7879:1747647655812:,1747647665636
counter/5/0/0/0,7959:1747647655650:,1747647665636
counter/3/0/0/0,8453:1747647656354:,1747647665637
counter/4/0/0/0,8060:1747647656651:,1747647665637
counter/8/0/0/0,8216:1747647655449:,1747647665637
counter/6/0/0/0,7304:1747647655663:,1747647665637
counter/8/0/0/0,8217:1747647655449:,1747647665637
counter/1/0/0/0,8818:1747647656578:,1747647665637
counter/4/0/0/0,8061:1747647656651:,1747647665639
counter/10/0/0/0,7475:1747647655329:,1747647665639
counter/2/0/0/0,7907:1747647655015:,1747647665639
counter/2/0/0/0,7908:1747647655015:,1747647665639
counter/2/0/0/0,7909:1747647655015:,1747647665639
counter/2/0/0/0,7910:1747647655015:,1747647665639
counter/1/0/0/0,8819:1747647656578:,1747647665639
counter/1/0/0/0,8820:1747647656578:,1747647665639
counter/1/0/0/0,8821:1747647656578:,1747647665639
counter/6/0/0/0,7305:1747647655663:,1747647665640
counter/6/0/0/0,7306:1747647655663:,1747647665640
counter/6/0/0/0,7307:1747647655663:,1747647665640
counter/6/0/0/0,7308:1747647655663:,1747647665640
counter/6/0/0/0,7309:1747647655663:,1747647665640
counter/6/0/0/0,7310:1747647655680:,1747647665640
counter/1/0/0/0,8822:1747647656578:,1747647665640
counter/1/0/0/0,8823:1747647656578:,1747647665640
counter/1/0/0/0,8824:1747647656578:,1747647665640
counter/7/0/0/0,7880:1747647655812:,1747647665640
counter/7/0/0/0,7881:1747647655814:,1747647665640
counter/3/0/0/0,8454:1747647656354:,1747647665640
counter/3/0/0/0,8455:1747647656354:,1747647665640
counter/3/0/0/0,8456:1747647656354:,1747647665641
counter/10/0/0/0,7476:1747647655329:,1747647665641
counter/9/0/0/0,8415:1747647655855:,1747647665642
counter/9/0/0/0,8416:1747647655855:,1747647665642
counter/5/0/0/0,7960:1747647655650:,1747647665642
counter/9/0/0/0,8417:1747647655855:,1747647665642
counter/9/0/0/0,8418:1747647655855:,1747647665642
counter/5/0/0/0,7961:1747647655650:,1747647665642
counter/9/0/0/0,8419:1747647655855:,1747647665642
counter/5/0/0/0,7962:1747647655659:,1747647665642
counter/9/0/0/0,8420:1747647655855:,1747647665642
counter/5/0/0/0,7963:1747647655659:,1747647665642
counter/9/0/0/0,8421:1747647655855:,1747647665642
counter/9/0/0/0,8422:1747647655855:,1747647665642
counter/3/0/0/0,8457:1747647656354:,1747647665642
counter/6/0/0/0,7311:1747647655680:,1747647665642
counter/3/0/0/0,8458:1747647656359:,1747647665642
counter/3/0/0/0,8459:1747647656362:,1747647665643
counter/2/0/0/0,7911:1747647655015:,1747647665643
counter/2/0/0/0,7912:1747647655026:,1747647665643
counter/2/0/0/0,7913:1747647655035:,1747647665643
counter/7/0/0/0,7882:1747647655814:,1747647665644
counter/10/0/0/0,7477:1747647655329:,1747647665644
counter/7/0/0/0,7883:1747647655814:,1747647665644
counter/10/0/0/0,7478:1747647655329:,1747647665645
counter/7/0/0/0,7884:1747647655814:,1747647665645
counter/10/0/0/0,7479:1747647655329:,1747647665645
counter/5/0/0/0,7964:1747647655659:,1747647665646
counter/6/0/0/0,7312:1747647655680:,1747647665646
counter/6/0/0/0,7313:1747647655680:,1747647665646
counter/6/0/0/0,7314:1747647655680:,1747647665646
counter/6/0/0/0,7315:1747647655680:,1747647665646
counter/6/0/0/0,7316:1747647655680:,1747647665646
counter/6/0/0/0,7317:1747647655680:,1747647665646
counter/6/0/0/0,7318:1747647655680:,1747647665646
counter/6/0/0/0,7319:1747647655692:,1747647665646
counter/5/0/0/0,7965:1747647655659:,1747647665646
counter/3/0/0/0,8460:1747647656367:,1747647665646
counter/3/0/0/0,8461:1747647656367:,1747647665646
counter/3/0/0/0,8462:1747647656367:,1747647665647
counter/3/0/0/0,8463:1747647656367:,1747647665647
counter/3/0/0/0,8464:1747647656368:,1747647665647
counter/3/0/0/0,8465:1747647656369:,1747647665647
counter/3/0/0/0,8466:1747647656369:,1747647665647
counter/3/0/0/0,8467:1747647656369:,1747647665647
counter/3/0/0/0,8468:1747647656369:,1747647665647
counter/3/0/0/0,8469:1747647656369:,1747647665647
counter/3/0/0/0,8470:1747647656369:,1747647665647
counter/3/0/0/0,8471:1747647656369:,1747647665647
counter/10/0/0/0,7480:1747647655329:,1747647665649
counter/10/0/0/0,7481:1747647655329:,1747647665649
counter/10/0/0/0,7482:1747647655329:,1747647665649
counter/10/0/0/0,7483:1747647655329:,1747647665649
counter/10/0/0/0,7484:1747647655329:,1747647665649
counter/10/0/0/0,7485:1747647655329:,1747647665649
counter/10/0/0/0,7486:1747647655329:,1747647665649
counter/10/0/0/0,7487:1747647655329:,1747647665649
counter/3/0/0/0,8472:1747647656369:,1747647665650
counter/8/0/0/0,8218:1747647655449:,1747647665650
counter/1/0/0/0,8825:1747647656584:,1747647665650
counter/7/0/0/0,7885:1747647655814:,1747647665651
counter/10/0/0/0,7488:1747647655329:,1747647665651
counter/1/0/0/0,8826:1747647656584:,1747647665651
counter/1/0/0/0,8827:1747647656584:,1747647665652
counter/1/0/0/0,8828:1747647656591:,1747647665654
counter/1/0/0/0,8829:1747647656591:,1747647665655
counter/1/0/0/0,8830:1747647656591:,1747647665655
counter/1/0/0/0,8831:1747647656591:,1747647665655
counter/1/0/0/0,8832:1747647656591:,1747647665655
counter/1/0/0/0,8833:1747647656595:,1747647665655
counter/1/0/0/0,8834:1747647656595:,1747647665655
counter/1/0/0/0,8835:1747647656595:,1747647665655
counter/1/0/0/0,8836:1747647656595:,1747647665655
counter/1/0/0/0,8837:1747647656595:,1747647665655
counter/10/0/0/0,7489:1747647655329:,1747647665655
counter/3/0/0/0,8473:1747647656370:,1747647665655
counter/6/0/0/0,7320:1747647655695:,1747647665655
counter/3/0/0/0,8474:1747647656370:,1747647665655
counter/9/0/0/0,8423:1747647655860:,1747647665655
counter/9/0/0/0,8424:1747647655860:,1747647665655
counter/3/0/0/0,8475:1747647656370:,1747647665655
counter/7/0/0/0,7886:1747647655814:,1747647665656
counter/7/0/0/0,7887:1747647655814:,1747647665656
counter/7/0/0/0,7888:1747647655814:,1747647665656
counter/1/0/0/0,8838:1747647656595:,1747647665656
counter/6/0/0/0,7321:1747647655695:,1747647665656
counter/8/0/0/0,8219:1747647655455:,1747647665657
counter/1/0/0/0,8839:1747647656595:,1747647665658
counter/1/0/0/0,8840:1747647656604:,1747647665658
counter/1/0/0/0,8841:1747647656604:,1747647665658
counter/1/0/0/0,8842:1747647656605:,1747647665658
counter/1/0/0/0,8843:1747647656608:,1747647665658
counter/3/0/0/0,8476:1747647656370:,1747647665658
counter/3/0/0/0,8477:1747647656370:,1747647665658
counter/3/0/0/0,8478:1747647656370:,1747647665658
counter/3/0/0/0,8479:1747647656370:,1747647665658
counter/3/0/0/0,8480:1747647656370:,1747647665658
counter/3/0/0/0,8481:1747647656370:,1747647665658
counter/3/0/0/0,8482:1747647656370:,1747647665658
counter/3/0/0/0,8483:1747647656374:,1747647665658
counter/3/0/0/0,8484:1747647656374:,1747647665658
counter/3/0/0/0,8485:1747647656374:,1747647665658
counter/3/0/0/0,8486:1747647656375:,1747647665658
counter/3/0/0/0,8487:1747647656375:,1747647665658
counter/3/0/0/0,8488:1747647656377:,1747647665659
counter/8/0/0/0,8220:1747647655455:,1747647665659
counter/1/0/0/0,8844:1747647656608:,1747647665659
counter/3/0/0/0,8489:1747647656377:,1747647665659
counter/3/0/0/0,8490:1747647656377:,1747647665659
counter/10/0/0/0,7490:1747647655329:,1747647665659
counter/10/0/0/0,7491:1747647655329:,1747647665660
counter/10/0/0/0,7492:1747647655331:,1747647665660
counter/10/0/0/0,7493:1747647655331:,1747647665660
counter/10/0/0/0,7494:1747647655331:,1747647665660
counter/10/0/0/0,7495:1747647655331:,1747647665660
counter/10/0/0/0,7496:1747647655334:,1747647665660
counter/1/0/0/0,8845:1747647656612:,1747647665660
counter/1/0/0/0,8846:1747647656618:,1747647665660
counter/1/0/0/0,8847:1747647656618:,1747647665660
counter/9/0/0/0,8425:1747647655860:,1747647665660
counter/1/0/0/0,8848:1747647656618:,1747647665661
counter/1/0/0/0,8849:1747647656618:,1747647665661
counter/1/0/0/0,8850:1747647656621:,1747647665661
counter/1/0/0/0,8851:1747647656626:,1747647665661
counter/1/0/0/0,8852:1747647656626:,1747647665661
counter/1/0/0/0,8853:1747647656626:,1747647665661
counter/1/0/0/0,8854:1747647656626:,1747647665665
counter/8/0/0/0,8221:1747647655455:,1747647665667
counter/2/0/0/0,7914:1747647655035:,1747647665669
counter/3/0/0/0,8491:1747647656377:,1747647665669
counter/3/0/0/0,8492:1747647656377:,1747647665669
counter/3/0/0/0,8493:1747647656377:,1747647665669
counter/3/0/0/0,8494:1747647656377:,1747647665669
counter/3/0/0/0,8495:1747647656377:,1747647665670
counter/3/0/0/0,8496:1747647656378:,1747647665670
counter/5/0/0/0,7966:1747647655660:,1747647665670
counter/10/0/0/0,7497:1747647655334:,1747647665670
counter/5/0/0/0,7967:1747647655660:,1747647665670
counter/6/0/0/0,7322:1747647655696:,1747647665670
counter/7/0/0/0,7889:1747647655827:,1747647665671
counter/3/0/0/0,8497:1747647656378:,1747647665671
counter/4/0/0/0,8062:1747647656651:,1747647665671
counter/1/0/0/0,8855:1747647656626:,1747647665671
counter/7/0/0/0,7890:1747647655827:,1747647665672
counter/6/0/0/0,7323:1747647655696:,1747647665672
counter/6/0/0/0,7324:1747647655696:,1747647665672
counter/6/0/0/0,7325:1747647655696:,1747647665672
counter/5/0/0/0,7968:1747647655660:,1747647665672
counter/5/0/0/0,7969:1747647655660:,1747647665672
counter/5/0/0/0,7970:1747647655660:,1747647665673
counter/4/0/0/0,8063:1747647656651:,1747647665674
counter/2/0/0/0,7915:1747647655045:,1747647665676
counter/2/0/0/0,7916:1747647655045:,1747647665676
counter/8/0/0/0,8222:1747647655456:,1747647665676
counter/2/0/0/0,7917:1747647655045:,1747647665676
counter/2/0/0/0,7918:1747647655045:,1747647665676
counter/2/0/0/0,7919:1747647655053:,1747647665676
counter/2/0/0/0,7920:1747647655053:,1747647665677
counter/2/0/0/0,7921:1747647655053:,1747647665677
counter/2/0/0/0,7922:1747647655053:,1747647665677
counter/3/0/0/0,8498:1747647656378:,1747647665677
counter/10/0/0/0,7498:1747647655334:,1747647665677
counter/10/0/0/0,7499:1747647655334:,1747647665677
counter/10/0/0/0,7500:1747647655334:,1747647665677
counter/10/0/0/0,7501:1747647655334:,1747647665677
counter/10/0/0/0,7502:1747647655334:,1747647665677
counter/10/0/0/0,7503:1747647655334:,1747647665677
counter/10/0/0/0,7504:1747647655334:,1747647665677
counter/10/0/0/0,7505:1747647655334:,1747647665677
counter/10/0/0/0,7506:1747647655334:,1747647665678
counter/10/0/0/0,7507:1747647655334:,1747647665678
counter/10/0/0/0,7508:1747647655339:,1747647665678
counter/10/0/0/0,7509:1747647655339:,1747647665678
counter/10/0/0/0,7510:1747647655339:,1747647665678
counter/10/0/0/0,7511:1747647655343:,1747647665678
counter/4/0/0/0,8064:1747647656651:,1747647665678
counter/6/0/0/0,7326:1747647655696:,1747647665678
counter/9/0/0/0,8426:1747647655860:,1747647665680
counter/3/0/0/0,8499:1747647656378:,1747647665680
counter/8/0/0/0,8223:1747647655456:,1747647665680
counter/2/0/0/0,7923:1747647655054:,1747647665681
counter/2/0/0/0,7924:1747647655054:,1747647665681
counter/2/0/0/0,7925:1747647655054:,1747647665682
counter/2/0/0/0,7926:1747647655054:,1747647665682
counter/2/0/0/0,7927:1747647655054:,1747647665682
counter/1/0/0/0,8856:1747647656626:,1747647665682
counter/7/0/0/0,7891:1747647655827:,1747647665682
counter/8/0/0/0,8224:1747647655456:,1747647665682
counter/7/0/0/0,7892:1747647655827:,1747647665682
counter/7/0/0/0,7893:1747647655827:,1747647665683
counter/5/0/0/0,7971:1747647655661:,1747647665683
counter/6/0/0/0,7327:1747647655696:,1747647665683
counter/5/0/0/0,7972:1747647655661:,1747647665683
counter/6/0/0/0,7328:1747647655696:,1747647665683
counter/6/0/0/0,7329:1747647655696:,1747647665683
counter/6/0/0/0,7330:1747647655696:,1747647665683
counter/6/0/0/0,7331:1747647655701:,1747647665683
counter/6/0/0/0,7332:1747647655702:,1747647665683
counter/6/0/0/0,7333:1747647655702:,1747647665683
counter/6/0/0/0,7334:1747647655702:,1747647665683
counter/6/0/0/0,7335:1747647655702:,1747647665683
counter/4/0/0/0,8065:1747647656651:,1747647665683
counter/5/0/0/0,7973:1747647655668:,1747647665684
counter/1/0/0/0,8857:1747647656626:,1747647665684
counter/1/0/0/0,8858:1747647656626:,1747647665684
counter/7/0/0/0,7894:1747647655840:,1747647665684
counter/7/0/0/0,7895:1747647655840:,1747647665684
counter/6/0/0/0,7336:1747647655706:,1747647665684
counter/10/0/0/0,7512:1747647655343:,1747647665684
counter/10/0/0/0,7513:1747647655343:,1747647665684
counter/10/0/0/0,7514:1747647655343:,1747647665685
counter/10/0/0/0,7515:1747647655343:,1747647665685
counter/10/0/0/0,7516:1747647655343:,1747647665685
counter/3/0/0/0,8500:1747647656378:,1747647665685
counter/4/0/0/0,8066:1747647656651:,1747647665685
counter/4/0/0/0,8067:1747647656651:,1747647665685
counter/6/0/0/0,7337:1747647655706:,1747647665686
counter/1/0/0/0,8859:1747647656626:,1747647665687
counter/10/0/0/0,7517:1747647655343:,1747647665687
counter/7/0/0/0,7896:1747647655840:,1747647665687
counter/7/0/0/0,7897:1747647655840:,1747647665688
counter/7/0/0/0,7898:1747647655840:,1747647665688
counter/4/0/0/0,8068:1747647656651:,1747647665688
counter/7/0/0/0,7899:1747647655840:,1747647665688
counter/7/0/0/0,7900:1747647655840:,1747647665688
counter/3/0/0/0,8501:1747647656378:,1747647665688
counter/7/0/0/0,7901:1747647655840:,1747647665689
counter/2/0/0/0,7928:1747647655054:,1747647665691
counter/8/0/0/0,8225:1747647655456:,1747647665692
counter/1/0/0/0,8860:1747647656626:,1747647665695
counter/1/0/0/0,8861:1747647656626:,1747647665695
counter/1/0/0/0,8862:1747647656626:,1747647665695
counter/4/0/0/0,8069:1747647656651:,1747647665695
counter/8/0/0/0,8226:1747647655456:,1747647665695
counter/7/0/0/0,7902:1747647655840:,1747647665696
counter/7/0/0/0,7903:1747647655842:,1747647665696
counter/4/0/0/0,8070:1747647656651:,1747647665696
counter/10/0/0/0,7518:1747647655343:,1747647665697
counter/3/0/0/0,8502:1747647656378:,1747647665697
counter/1/0/0/0,8863:1747647656626:,1747647665697
counter/6/0/0/0,7338:1747647655706:,1747647665698
counter/6/0/0/0,7339:1747647655706:,1747647665698
counter/6/0/0/0,7340:1747647655706:,1747647665698
counter/6/0/0/0,7341:1747647655706:,1747647665698
counter/6/0/0/0,7342:1747647655714:,1747647665698
counter/6/0/0/0,7343:1747647655714:,1747647665698
counter/6/0/0/0,7344:1747647655714:,1747647665698
counter/6/0/0/0,7345:1747647655714:,1747647665698
counter/6/0/0/0,7346:1747647655714:,1747647665698
counter/7/0/0/0,7904:1747647655842:,1747647665700
counter/7/0/0/0,7905:1747647655842:,1747647665700
counter/7/0/0/0,7906:1747647655842:,1747647665700
counter/7/0/0/0,7907:1747647655842:,1747647665700
counter/7/0/0/0,7908:1747647655843:,1747647665700
counter/7/0/0/0,7909:1747647655843:,1747647665701
counter/7/0/0/0,7910:1747647655843:,1747647665701
counter/7/0/0/0,7911:1747647655843:,1747647665701
counter/7/0/0/0,7912:1747647655851:,1747647665701
counter/7/0/0/0,7913:1747647655851:,1747647665701
counter/7/0/0/0,7914:1747647655851:,1747647665701
counter/10/0/0/0,7519:1747647655343:,1747647665701
counter/4/0/0/0,8071:1747647656651:,1747647665701
counter/3/0/0/0,8503:1747647656378:,1747647665701
counter/8/0/0/0,8227:1747647655456:,1747647665701
counter/7/0/0/0,7915:1747647655851:,1747647665701
counter/7/0/0/0,7916:1747647655851:,1747647665701
counter/7/0/0/0,7917:1747647655851:,1747647665701
counter/7/0/0/0,7918:1747647655851:,1747647665701
counter/6/0/0/0,7347:1747647655714:,1747647665702
counter/6/0/0/0,7348:1747647655714:,1747647665702
counter/6/0/0/0,7349:1747647655714:,1747647665702
counter/6/0/0/0,7350:1747647655716:,1747647665702
counter/6/0/0/0,7351:1747647655716:,1747647665702
counter/6/0/0/0,7352:1747647655716:,1747647665702
counter/6/0/0/0,7353:1747647655716:,1747647665702
counter/6/0/0/0,7354:1747647655716:,1747647665703
counter/6/0/0/0,7355:1747647655716:,1747647665703
counter/6/0/0/0,7356:1747647655716:,1747647665703
counter/6/0/0/0,7357:1747647655716:,1747647665703
counter/6/0/0/0,7358:1747647655724:,1747647665703
counter/6/0/0/0,7359:1747647655724:,1747647665703
counter/7/0/0/0,7919:1747647655851:,1747647665703
counter/8/0/0/0,8228:1747647655456:,1747647665703
counter/3/0/0/0,8504:1747647656378:,1747647665704
counter/3/0/0/0,8505:1747647656378:,1747647665704
counter/3/0/0/0,8506:1747647656378:,1747647665704
counter/8/0/0/0,8229:1747647655456:,1747647665705
counter/5/0/0/0,7974:1747647655668:,1747647665705
counter/5/0/0/0,7975:1747647655668:,1747647665705
counter/5/0/0/0,7976:1747647655668:,1747647665705
counter/5/0/0/0,7977:1747647655669:,1747647665705
counter/5/0/0/0,7978:1747647655669:,1747647665705
counter/5/0/0/0,7979:1747647655669:,1747647665705
counter/5/0/0/0,7980:1747647655669:,1747647665705
counter/5/0/0/0,7981:1747647655669:,1747647665705
counter/5/0/0/0,7982:1747647655669:,1747647665705
counter/5/0/0/0,7983:1747647655669:,1747647665705
counter/5/0/0/0,7984:1747647655672:,1747647665705
counter/5/0/0/0,7985:1747647655672:,1747647665706
counter/5/0/0/0,7986:1747647655672:,1747647665706
counter/5/0/0/0,7987:1747647655672:,1747647665706
counter/5/0/0/0,7988:1747647655672:,1747647665706
counter/5/0/0/0,7989:1747647655672:,1747647665706
counter/5/0/0/0,7990:1747647655672:,1747647665706
counter/5/0/0/0,7991:1747647655672:,1747647665706
counter/8/0/0/0,8230:1747647655456:,1747647665706
counter/4/0/0/0,8072:1747647656651:,1747647665706
counter/6/0/0/0,7360:1747647655724:,1747647665706
counter/8/0/0/0,8231:1747647655484:,1747647665707
counter/6/0/0/0,7361:1747647655724:,1747647665707
counter/4/0/0/0,8073:1747647656652:,1747647665707
counter/4/0/0/0,8074:1747647656652:,1747647665707
counter/4/0/0/0,8075:1747647656653:,1747647665707
counter/4/0/0/0,8076:1747647656653:,1747647665707
counter/4/0/0/0,8077:1747647656659:,1747647665707
counter/4/0/0/0,8078:1747647656659:,1747647665707
counter/4/0/0/0,8079:1747647656659:,1747647665707
counter/4/0/0/0,8080:1747647656659:,1747647665707
counter/4/0/0/0,8081:1747647656662:,1747647665707
counter/10/0/0/0,7520:1747647655343:,1747647665708
counter/10/0/0/0,7521:1747647655343:,1747647665708
counter/10/0/0/0,7522:1747647655343:,1747647665708
counter/10/0/0/0,7523:1747647655343:,1747647665708
counter/10/0/0/0,7524:1747647655343:,1747647665708
counter/10/0/0/0,7525:1747647655343:,1747647665708
counter/10/0/0/0,7526:1747647655343:,1747647665708
counter/2/0/0/0,7929:1747647655054:,1747647665708
counter/1/0/0/0,8864:1747647656626:,1747647665708
counter/1/0/0/0,8865:1747647656626:,1747647665708
counter/1/0/0/0,8866:1747647656626:,1747647665708
counter/1/0/0/0,8867:1747647656626:,1747647665708
counter/1/0/0/0,8868:1747647656626:,1747647665708
counter/1/0/0/0,8869:1747647656626:,1747647665709
counter/1/0/0/0,8870:1747647656626:,1747647665709
counter/1/0/0/0,8871:1747647656626:,1747647665709
counter/1/0/0/0,8872:1747647656626:,1747647665709
counter/7/0/0/0,7920:1747647655851:,1747647665709
counter/5/0/0/0,7992:1747647655672:,1747647665709
counter/5/0/0/0,7993:1747647655672:,1747647665709
counter/5/0/0/0,7994:1747647655673:,1747647665709
counter/5/0/0/0,7995:1747647655673:,1747647665709
counter/5/0/0/0,7996:1747647655674:,1747647665709
counter/5/0/0/0,7997:1747647655674:,1747647665709
counter/5/0/0/0,7998:1747647655674:,1747647665709
counter/5/0/0/0,7999:1747647655674:,1747647665709
counter/5/0/0/0,8000:1747647655674:,1747647665709
counter/5/0/0/0,8001:1747647655674:,1747647665709
counter/5/0/0/0,8002:1747647655674:,1747647665709
counter/5/0/0/0,8003:1747647655674:,1747647665709
counter/5/0/0/0,8004:1747647655674:,1747647665709
counter/5/0/0/0,8005:1747647655675:,1747647665710
counter/6/0/0/0,7362:1747647655724:,1747647665710
counter/5/0/0/0,8006:1747647655675:,1747647665710
counter/4/0/0/0,8082:1747647656662:,1747647665710
counter/4/0/0/0,8083:1747647656662:,1747647665710
counter/4/0/0/0,8084:1747647656662:,1747647665710
counter/4/0/0/0,8085:1747647656663:,1747647665711
counter/4/0/0/0,8086:1747647656663:,1747647665711
counter/5/0/0/0,8007:1747647655675:,1747647665711
counter/4/0/0/0,8087:1747647656666:,1747647665711
counter/4/0/0/0,8088:1747647656666:,1747647665711
counter/10/0/0/0,7527:1747647655343:,1747647665711
counter/10/0/0/0,7528:1747647655343:,1747647665711
counter/10/0/0/0,7529:1747647655343:,1747647665711
counter/10/0/0/0,7530:1747647655343:,1747647665711
counter/10/0/0/0,7531:1747647655343:,1747647665711
counter/10/0/0/0,7532:1747647655343:,1747647665711
counter/10/0/0/0,7533:1747647655343:,1747647665711
counter/10/0/0/0,7534:1747647655344:,1747647665711
counter/10/0/0/0,7535:1747647655344:,1747647665712
counter/4/0/0/0,8089:1747647656666:,1747647665712
counter/4/0/0/0,8090:1747647656666:,1747647665712
counter/4/0/0/0,8091:1747647656666:,1747647665712
counter/1/0/0/0,8873:1747647656631:,1747647665712
counter/1/0/0/0,8874:1747647656632:,1747647665712
counter/1/0/0/0,8875:1747647656632:,1747647665712
counter/1/0/0/0,8876:1747647656632:,1747647665712
counter/1/0/0/0,8877:1747647656632:,1747647665712
counter/2/0/0/0,7930:1747647655054:,1747647665712
counter/1/0/0/0,8878:1747647656632:,1747647665712
counter/1/0/0/0,8879:1747647656633:,1747647665712
counter/10/0/0/0,7536:1747647655344:,1747647665713
counter/10/0/0/0,7537:1747647655344:,1747647665713
counter/10/0/0/0,7538:1747647655344:,1747647665713
counter/2/0/0/0,7931:1747647655067:,1747647665713
counter/8/0/0/0,8232:1747647655484:,1747647665713
counter/10/0/0/0,7539:1747647655344:,1747647665714
counter/6/0/0/0,7363:1747647655724:,1747647665716
counter/7/0/0/0,7921:1747647655851:,1747647665717
counter/7/0/0/0,7922:1747647655861:,1747647665717
counter/7/0/0/0,7923:1747647655861:,1747647665717
counter/7/0/0/0,7924:1747647655861:,1747647665717
counter/7/0/0/0,7925:1747647655861:,1747647665717
counter/7/0/0/0,7926:1747647655861:,1747647665717
counter/7/0/0/0,7927:1747647655861:,1747647665717
counter/7/0/0/0,7928:1747647655861:,1747647665717
counter/4/0/0/0,8092:1747647656666:,1747647665717
counter/3/0/0/0,8507:1747647656378:,1747647665717
counter/3/0/0/0,8508:1747647656378:,1747647665718
counter/3/0/0/0,8509:1747647656378:,1747647665718
counter/3/0/0/0,8510:1747647656378:,1747647665718
counter/3/0/0/0,8511:1747647656378:,1747647665718
counter/3/0/0/0,8512:1747647656380:,1747647665718
counter/3/0/0/0,8513:1747647656381:,1747647665718
counter/3/0/0/0,8514:1747647656381:,1747647665718
counter/3/0/0/0,8515:1747647656381:,1747647665718
counter/3/0/0/0,8516:1747647656381:,1747647665718
counter/3/0/0/0,8517:1747647656381:,1747647665718
counter/3/0/0/0,8518:1747647656381:,1747647665718
counter/3/0/0/0,8519:1747647656381:,1747647665718
counter/3/0/0/0,8520:1747647656381:,1747647665719
counter/3/0/0/0,8521:1747647656381:,1747647665719
counter/3/0/0/0,8522:1747647656384:,1747647665719
counter/1/0/0/0,8880:1747647656633:,1747647665719
counter/6/0/0/0,7364:1747647655724:,1747647665719
counter/6/0/0/0,7365:1747647655724:,1747647665719
counter/6/0/0/0,7366:1747647655724:,1747647665719
counter/6/0/0/0,7367:1747647655724:,1747647665719
counter/6/0/0/0,7368:1747647655725:,1747647665719
counter/6/0/0/0,7369:1747647655730:,1747647665719
counter/2/0/0/0,7932:1747647655067:,1747647665720
counter/1/0/0/0,8881:1747647656633:,1747647665721
counter/3/0/0/0,8523:1747647656384:,1747647665721
counter/4/0/0/0,8093:1747647656666:,1747647665722
counter/1/0/0/0,8882:1747647656633:,1747647665723
counter/3/0/0/0,8524:1747647656384:,1747647665723
counter/3/0/0/0,8525:1747647656384:,1747647665723
counter/3/0/0/0,8526:1747647656384:,1747647665723
counter/3/0/0/0,8527:1747647656394:,1747647665723
counter/3/0/0/0,8528:1747647656394:,1747647665723
counter/3/0/0/0,8529:1747647656394:,1747647665724
counter/3/0/0/0,8530:1747647656394:,1747647665724
counter/3/0/0/0,8531:1747647656394:,1747647665724
counter/3/0/0/0,8532:1747647656394:,1747647665724
counter/3/0/0/0,8533:1747647656394:,1747647665724
counter/4/0/0/0,8094:1747647656666:,1747647665724
counter/10/0/0/0,7540:1747647655344:,1747647665725
counter/3/0/0/0,8534:1747647656394:,1747647665725
counter/3/0/0/0,8535:1747647656396:,1747647665726
counter/3/0/0/0,8536:1747647656396:,1747647665726
counter/3/0/0/0,8537:1747647656396:,1747647665726
counter/3/0/0/0,8538:1747647656405:,1747647665726
counter/3/0/0/0,8539:1747647656406:,1747647665726
counter/3/0/0/0,8540:1747647656406:,1747647665726
counter/3/0/0/0,8541:1747647656406:,1747647665726
counter/3/0/0/0,8542:1747647656406:,1747647665726
counter/3/0/0/0,8543:1747647656406:,1747647665726
counter/3/0/0/0,8544:1747647656406:,1747647665726
counter/5/0/0/0,8008:1747647655675:,1747647665726
counter/10/0/0/0,7541:1747647655344:,1747647665726
counter/1/0/0/0,8883:1747647656633:,1747647665726
counter/4/0/0/0,8095:1747647656666:,1747647665727
counter/1/0/0/0,8884:1747647656633:,1747647665727
counter/1/0/0/0,8885:1747647656634:,1747647665727
counter/1/0/0/0,8886:1747647656634:,1747647665728
counter/1/0/0/0,8887:1747647656634:,1747647665728
counter/1/0/0/0,8888:1747647656634:,1747647665728
counter/1/0/0/0,8889:1747647656634:,1747647665728
counter/1/0/0/0,8890:1747647656634:,1747647665728
counter/1/0/0/0,8891:1747647656634:,1747647665728
counter/1/0/0/0,8892:1747647656634:,1747647665728
counter/1/0/0/0,8893:1747647656640:,1747647665728
counter/1/0/0/0,8894:1747647656640:,1747647665728
counter/1/0/0/0,8895:1747647656640:,1747647665728
counter/1/0/0/0,8896:1747647656640:,1747647665728
counter/1/0/0/0,8897:1747647656640:,1747647665728
counter/1/0/0/0,8898:1747647656640:,1747647665728
counter/5/0/0/0,8009:1747647655675:,1747647665728
counter/3/0/0/0,8545:1747647656406:,1747647665729
counter/3/0/0/0,8546:1747647656406:,1747647665729
counter/3/0/0/0,8547:1747647656406:,1747647665729
counter/3/0/0/0,8548:1747647656406:,1747647665729
counter/3/0/0/0,8549:1747647656406:,1747647665729
counter/3/0/0/0,8550:1747647656406:,1747647665729
counter/3/0/0/0,8551:1747647656406:,1747647665729
counter/3/0/0/0,8552:1747647656406:,1747647665729
counter/3/0/0/0,8553:1747647656406:,1747647665729
counter/3/0/0/0,8554:1747647656407:,1747647665730
counter/3/0/0/0,8555:1747647656407:,1747647665730
counter/3/0/0/0,8556:1747647656407:,1747647665730
counter/3/0/0/0,8557:1747647656408:,1747647665730
counter/4/0/0/0,8096:1747647656666:,1747647665730
counter/4/0/0/0,8097:1747647656666:,1747647665730
counter/4/0/0/0,8098:1747647656666:,1747647665730
counter/4/0/0/0,8099:1747647656666:,1747647665730
counter/4/0/0/0,8100:1747647656666:,1747647665730
counter/4/0/0/0,8101:1747647656666:,1747647665730
counter/2/0/0/0,7933:1747647655067:,1747647665731
counter/10/0/0/0,7542:1747647655344:,1747647665732
counter/1/0/0/0,8899:1747647656642:,1747647665732
counter/9/0/0/0,8427:1747647655860:,1747647665732
counter/9/0/0/0,8428:1747647655860:,1747647665732
counter/9/0/0/0,8429:1747647655860:,1747647665732
counter/9/0/0/0,8430:1747647655860:,1747647665732
counter/9/0/0/0,8431:1747647655860:,1747647665732
counter/9/0/0/0,8432:1747647655860:,1747647665733
counter/9/0/0/0,8433:1747647655860:,1747647665733
counter/9/0/0/0,8434:1747647655860:,1747647665733
counter/10/0/0/0,7543:1747647655344:,1747647665733
counter/1/0/0/0,8900:1747647656642:,1747647665733
counter/6/0/0/0,7370:1747647655730:,1747647665733
counter/5/0/0/0,8010:1747647655676:,1747647665733
counter/8/0/0/0,8233:1747647655484:,1747647665733
counter/4/0/0/0,8102:1747647656666:,1747647665735
counter/2/0/0/0,7934:1747647655067:,1747647665735
counter/2/0/0/0,7935:1747647655067:,1747647665735
counter/2/0/0/0,7936:1747647655067:,1747647665735
counter/10/0/0/0,7544:1747647655344:,1747647665736
counter/5/0/0/0,8011:1747647655676:,1747647665736
counter/3/0/0/0,8558:1747647656408:,1747647665737
counter/3/0/0/0,8559:1747647656408:,1747647665737
counter/3/0/0/0,8560:1747647656408:,1747647665737
counter/3/0/0/0,8561:1747647656408:,1747647665737
counter/3/0/0/0,8562:1747647656416:,1747647665737
counter/3/0/0/0,8563:1747647656416:,1747647665737
counter/3/0/0/0,8564:1747647656416:,1747647665737
counter/3/0/0/0,8565:1747647656416:,1747647665737
counter/3/0/0/0,8566:1747647656416:,1747647665737
counter/8/0/0/0,8234:1747647655484:,1747647665738
counter/8/0/0/0,8235:1747647655484:,1747647665738
counter/5/0/0/0,8012:1747647655676:,1747647665738
counter/10/0/0/0,7545:1747647655344:,1747647665738
counter/2/0/0/0,7937:1747647655067:,1747647665738
counter/6/0/0/0,7371:1747647655730:,1747647665738
counter/2/0/0/0,7938:1747647655068:,1747647665740
counter/10/0/0/0,7546:1747647655344:,1747647665740
counter/10/0/0/0,7547:1747647655344:,1747647665740
counter/10/0/0/0,7548:1747647655346:,1747647665740
counter/10/0/0/0,7549:1747647655346:,1747647665740
counter/10/0/0/0,7550:1747647655346:,1747647665740
counter/1/0/0/0,8901:1747647656642:,1747647665741
counter/9/0/0/0,8435:1747647655860:,1747647665741
counter/9/0/0/0,8436:1747647655860:,1747647665741
counter/9/0/0/0,8437:1747647655860:,1747647665741
counter/9/0/0/0,8438:1747647655861:,1747647665741
counter/9/0/0/0,8439:1747647655861:,1747647665741
counter/9/0/0/0,8440:1747647655878:,1747647665741
counter/9/0/0/0,8441:1747647655879:,1747647665741
counter/9/0/0/0,8442:1747647655879:,1747647665742
counter/3/0/0/0,8567:1747647656416:,1747647665742
counter/3/0/0/0,8568:1747647656416:,1747647665742
counter/3/0/0/0,8569:1747647656416:,1747647665742
counter/3/0/0/0,8570:1747647656416:,1747647665742
counter/3/0/0/0,8571:1747647656416:,1747647665742
counter/4/0/0/0,8103:1747647656678:,1747647665742
counter/2/0/0/0,7939:1747647655068:,1747647665742
counter/2/0/0/0,7940:1747647655068:,1747647665742
counter/9/0/0/0,8443:1747647655879:,1747647665742
counter/9/0/0/0,8444:1747647655881:,1747647665742
counter/9/0/0/0,8445:1747647655881:,1747647665742
counter/9/0/0/0,8446:1747647655881:,1747647665743
counter/9/0/0/0,8447:1747647655881:,1747647665743
counter/9/0/0/0,8448:1747647655881:,1747647665743
counter/9/0/0/0,8449:1747647655882:,1747647665743
counter/9/0/0/0,8450:1747647655882:,1747647665743
counter/9/0/0/0,8451:1747647655882:,1747647665743
counter/3/0/0/0,8572:1747647656416:,1747647665744
counter/3/0/0/0,8573:1747647656416:,1747647665744
counter/3/0/0/0,8574:1747647656416:,1747647665744
counter/3/0/0/0,8575:1747647656416:,1747647665744
counter/3/0/0/0,8576:1747647656416:,1747647665744
counter/3/0/0/0,8577:1747647656416:,1747647665744
counter/3/0/0/0,8578:1747647656416:,1747647665744
counter/4/0/0/0,8104:1747647656678:,1747647665744
counter/9/0/0/0,8452:1747647655882:,1747647665744
counter/9/0/0/0,8453:1747647655882:,1747647665744
counter/9/0/0/0,8454:1747647655882:,1747647665745
counter/9/0/0/0,8455:1747647655882:,1747647665745
counter/9/0/0/0,8456:1747647655890:,1747647665745
counter/9/0/0/0,8457:1747647655890:,1747647665745
counter/9/0/0/0,8458:1747647655890:,1747647665745
counter/9/0/0/0,8459:1747647655890:,1747647665745
counter/1/0/0/0,8902:1747647656646:,1747647665745
counter/7/0/0/0,7929:1747647655861:,1747647665745
counter/3/0/0/0,8579:1747647656416:,1747647665748
counter/7/0/0/0,7930:1747647655861:,1747647665748
counter/5/0/0/0,8013:1747647655680:,1747647665748
counter/7/0/0/0,7931:1747647655861:,1747647665748
counter/5/0/0/0,8014:1747647655680:,1747647665748
counter/4/0/0/0,8105:1747647656679:,1747647665749
counter/10/0/0/0,7551:1747647655346:,1747647665750
counter/1/0/0/0,8903:1747647656646:,1747647665750
counter/1/0/0/0,8904:1747647656646:,1747647665750
counter/1/0/0/0,8905:1747647656646:,1747647665750
counter/1/0/0/0,8906:1747647656646:,1747647665750
counter/1/0/0/0,8907:1747647656646:,1747647665750
counter/1/0/0/0,8908:1747647656646:,1747647665750
counter/1/0/0/0,8909:1747647656648:,1747647665750
counter/4/0/0/0,8106:1747647656679:,1747647665750
counter/9/0/0/0,8460:1747647655890:,1747647665751
counter/10/0/0/0,7552:1747647655352:,1747647665751
counter/10/0/0/0,7553:1747647655352:,1747647665751
counter/10/0/0/0,7554:1747647655352:,1747647665751
counter/10/0/0/0,7555:1747647655352:,1747647665751
counter/10/0/0/0,7556:1747647655352:,1747647665751
counter/10/0/0/0,7557:1747647655352:,1747647665751
counter/10/0/0/0,7558:1747647655352:,1747647665751
counter/10/0/0/0,7559:1747647655352:,1747647665751
counter/1/0/0/0,8910:1747647656648:,1747647665752
counter/1/0/0/0,8911:1747647656648:,1747647665752
counter/1/0/0/0,8912:1747647656648:,1747647665752
counter/1/0/0/0,8913:1747647656666:,1747647665752
counter/1/0/0/0,8914:1747647656666:,1747647665752
counter/1/0/0/0,8915:1747647656666:,1747647665752
counter/6/0/0/0,7372:1747647655730:,1747647665753
counter/1/0/0/0,8916:1747647656666:,1747647665753
counter/10/0/0/0,7560:1747647655352:,1747647665753
counter/2/0/0/0,7941:1747647655068:,1747647665753
counter/2/0/0/0,7942:1747647655068:,1747647665753
counter/2/0/0/0,7943:1747647655070:,1747647665753
counter/2/0/0/0,7944:1747647655070:,1747647665753
counter/2/0/0/0,7945:1747647655070:,1747647665753
counter/2/0/0/0,7946:1747647655070:,1747647665753
counter/2/0/0/0,7947:1747647655070:,1747647665753
counter/2/0/0/0,7948:1747647655071:,1747647665753
counter/2/0/0/0,7949:1747647655071:,1747647665753
counter/2/0/0/0,7950:1747647655071:,1747647665754
counter/1/0/0/0,8917:1747647656666:,1747647665754
counter/10/0/0/0,7561:1747647655352:,1747647665754
counter/4/0/0/0,8107:1747647656679:,1747647665754
counter/4/0/0/0,8108:1747647656679:,1747647665754
counter/4/0/0/0,8109:1747647656679:,1747647665754
counter/4/0/0/0,8110:1747647656679:,1747647665754
counter/4/0/0/0,8111:1747647656679:,1747647665754
counter/4/0/0/0,8112:1747647656679:,1747647665754
counter/4/0/0/0,8113:1747647656679:,1747647665754
counter/4/0/0/0,8114:1747647656679:,1747647665754
counter/4/0/0/0,8115:1747647656681:,1747647665754
counter/9/0/0/0,8461:1747647655890:,1747647665755
counter/2/0/0/0,7951:1747647655071:,1747647665755
counter/2/0/0/0,7952:1747647655071:,1747647665755
counter/2/0/0/0,7953:1747647655071:,1747647665755
counter/2/0/0/0,7954:1747647655071:,1747647665755
counter/2/0/0/0,7955:1747647655071:,1747647665755
counter/2/0/0/0,7956:1747647655071:,1747647665755
counter/2/0/0/0,7957:1747647655071:,1747647665755
counter/2/0/0/0,7958:1747647655071:,1747647665755
counter/2/0/0/0,7959:1747647655071:,1747647665755
counter/2/0/0/0,7960:1747647655071:,1747647665755
counter/7/0/0/0,7932:1747647655861:,1747647665756
counter/10/0/0/0,7562:1747647655352:,1747647665757
counter/7/0/0/0,7933:1747647655861:,1747647665757
counter/7/0/0/0,7934:1747647655861:,1747647665757
counter/7/0/0/0,7935:1747647655861:,1747647665757
counter/7/0/0/0,7936:1747647655861:,1747647665758
counter/7/0/0/0,7937:1747647655861:,1747647665758
counter/7/0/0/0,7938:1747647655861:,1747647665758
counter/7/0/0/0,7939:1747647655861:,1747647665758
counter/7/0/0/0,7940:1747647655861:,1747647665758
counter/7/0/0/0,7941:1747647655861:,1747647665758
counter/3/0/0/0,8580:1747647656416:,1747647665758
counter/7/0/0/0,7942:1747647655861:,1747647665758
counter/4/0/0/0,8116:1747647656681:,1747647665758
counter/7/0/0/0,7943:1747647655861:,1747647665758
counter/7/0/0/0,7944:1747647655861:,1747647665758
counter/3/0/0/0,8581:1747647656416:,1747647665758
counter/7/0/0/0,7945:1747647655861:,1747647665758
counter/3/0/0/0,8582:1747647656416:,1747647665758
counter/3/0/0/0,8583:1747647656416:,1747647665758
counter/3/0/0/0,8584:1747647656416:,1747647665758
counter/5/0/0/0,8015:1747647655680:,1747647665758
counter/5/0/0/0,8016:1747647655680:,1747647665759
counter/5/0/0/0,8017:1747647655680:,1747647665759
counter/1/0/0/0,8918:1747647656668:,1747647665759
counter/1/0/0/0,8919:1747647656668:,1747647665759
counter/5/0/0/0,8018:1747647655680:,1747647665759
counter/1/0/0/0,8920:1747647656668:,1747647665759
counter/2/0/0/0,7961:1747647655071:,1747647665759
counter/1/0/0/0,8921:1747647656668:,1747647665760
counter/2/0/0/0,7962:1747647655071:,1747647665760
counter/2/0/0/0,7963:1747647655071:,1747647665760
counter/9/0/0/0,8462:1747647655890:,1747647665760
counter/9/0/0/0,8463:1747647655890:,1747647665760
counter/3/0/0/0,8585:1747647656416:,1747647665760
counter/3/0/0/0,8586:1747647656418:,1747647665760
counter/2/0/0/0,7964:1747647655071:,1747647665760
counter/3/0/0/0,8587:1747647656418:,1747647665760
counter/2/0/0/0,7965:1747647655072:,1747647665761
counter/3/0/0/0,8588:1747647656418:,1747647665761
counter/2/0/0/0,7966:1747647655072:,1747647665761
counter/3/0/0/0,8589:1747647656418:,1747647665761
counter/2/0/0/0,7967:1747647655072:,1747647665761
counter/2/0/0/0,7968:1747647655072:,1747647665761
counter/2/0/0/0,7969:1747647655072:,1747647665761
counter/2/0/0/0,7970:1747647655072:,1747647665761
counter/2/0/0/0,7971:1747647655078:,1747647665761
counter/2/0/0/0,7972:1747647655078:,1747647665761
counter/2/0/0/0,7973:1747647655079:,1747647665761
counter/2/0/0/0,7974:1747647655079:,1747647665761
counter/2/0/0/0,7975:1747647655079:,1747647665761
counter/8/0/0/0,8236:1747647655484:,1747647665761
counter/4/0/0/0,8117:1747647656681:,1747647665761
counter/8/0/0/0,8237:1747647655484:,1747647665761
counter/1/0/0/0,8922:1747647656668:,1747647665761
counter/8/0/0/0,8238:1747647655484:,1747647665762
counter/2/0/0/0,7976:1747647655079:,1747647665766
counter/2/0/0/0,7977:1747647655079:,1747647665766
counter/2/0/0/0,7978:1747647655079:,1747647665766
counter/2/0/0/0,7979:1747647655079:,1747647665766
counter/2/0/0/0,7980:1747647655079:,1747647665766
counter/2/0/0/0,7981:1747647655091:,1747647665767
counter/2/0/0/0,7982:1747647655091:,1747647665767
counter/6/0/0/0,7373:1747647655730:,1747647665768
counter/6/0/0/0,7374:1747647655730:,1747647665768
counter/2/0/0/0,7983:1747647655091:,1747647665768
counter/6/0/0/0,7375:1747647655738:,1747647665768
counter/4/0/0/0,8118:1747647656681:,1747647665768
counter/6/0/0/0,7376:1747647655738:,1747647665768
counter/4/0/0/0,8119:1747647656681:,1747647665768
counter/4/0/0/0,8120:1747647656682:,1747647665768
counter/4/0/0/0,8121:1747647656682:,1747647665768
counter/4/0/0/0,8122:1747647656682:,1747647665768
counter/4/0/0/0,8123:1747647656682:,1747647665768
counter/4/0/0/0,8124:1747647656682:,1747647665768
counter/4/0/0/0,8125:1747647656682:,1747647665768
counter/4/0/0/0,8126:1747647656682:,1747647665768
counter/4/0/0/0,8127:1747647656682:,1747647665768
counter/4/0/0/0,8128:1747647656682:,1747647665768
counter/4/0/0/0,8129:1747647656682:,1747647665768
counter/1/0/0/0,8923:1747647656668:,1747647665769
counter/1/0/0/0,8924:1747647656668:,1747647665769
counter/1/0/0/0,8925:1747647656668:,1747647665769
counter/1/0/0/0,8926:1747647656668:,1747647665769
counter/1/0/0/0,8927:1747647656671:,1747647665769
counter/1/0/0/0,8928:1747647656671:,1747647665769
counter/1/0/0/0,8929:1747647656671:,1747647665769
counter/4/0/0/0,8130:1747647656682:,1747647665769
counter/1/0/0/0,8930:1747647656671:,1747647665769
counter/1/0/0/0,8931:1747647656671:,1747647665770
counter/1/0/0/0,8932:1747647656671:,1747647665770
counter/9/0/0/0,8464:1747647655890:,1747647665770
counter/1/0/0/0,8933:1747647656671:,1747647665770
counter/2/0/0/0,7984:1747647655091:,1747647665770
counter/1/0/0/0,8934:1747647656671:,1747647665771
counter/1/0/0/0,8935:1747647656671:,1747647665771
counter/1/0/0/0,8936:1747647656671:,1747647665771
counter/1/0/0/0,8937:1747647656671:,1747647665771
counter/1/0/0/0,8938:1747647656671:,1747647665771
counter/1/0/0/0,8939:1747647656671:,1747647665771
counter/6/0/0/0,7377:1747647655739:,1747647665771
counter/6/0/0/0,7378:1747647655739:,1747647665771
counter/6/0/0/0,7379:1747647655739:,1747647665771
counter/6/0/0/0,7380:1747647655739:,1747647665771
counter/6/0/0/0,7381:1747647655739:,1747647665771
counter/10/0/0/0,7563:1747647655352:,1747647665772
counter/10/0/0/0,7564:1747647655352:,1747647665772
counter/10/0/0/0,7565:1747647655353:,1747647665772
counter/5/0/0/0,8019:1747647655680:,1747647665775
counter/4/0/0/0,8131:1747647656682:,1747647665775
counter/8/0/0/0,8239:1747647655484:,1747647665776
counter/8/0/0/0,8240:1747647655485:,1747647665776
counter/1/0/0/0,8940:1747647656671:,1747647665776
counter/1/0/0/0,8941:1747647656672:,1747647665776
counter/1/0/0/0,8942:1747647656672:,1747647665776
counter/1/0/0/0,8943:1747647656672:,1747647665777
counter/1/0/0/0,8944:1747647656672:,1747647665777
counter/1/0/0/0,8945:1747647656672:,1747647665777
counter/1/0/0/0,8946:1747647656672:,1747647665777
counter/1/0/0/0,8947:1747647656672:,1747647665777
counter/1/0/0/0,8948:1747647656672:,1747647665777
counter/1/0/0/0,8949:1747647656672:,1747647665777
counter/1/0/0/0,8950:1747647656672:,1747647665777
counter/1/0/0/0,8951:1747647656672:,1747647665777
counter/1/0/0/0,8952:1747647656672:,1747647665777
counter/1/0/0/0,8953:1747647656672:,1747647665777
counter/7/0/0/0,7946:1747647655862:,1747647665777
counter/4/0/0/0,8132:1747647656682:,1747647665777
counter/7/0/0/0,7947:1747647655862:,1747647665778
counter/7/0/0/0,7948:1747647655862:,1747647665778
counter/7/0/0/0,7949:1747647655862:,1747647665778
counter/7/0/0/0,7950:1747647655862:,1747647665778
counter/7/0/0/0,7951:1747647655862:,1747647665778
counter/7/0/0/0,7952:1747647655862:,1747647665778
counter/7/0/0/0,7953:1747647655862:,1747647665778
counter/7/0/0/0,7954:1747647655862:,1747647665778
counter/7/0/0/0,7955:1747647655862:,1747647665778
counter/7/0/0/0,7956:1747647655862:,1747647665778
counter/7/0/0/0,7957:1747647655862:,1747647665778
counter/3/0/0/0,8590:1747647656418:,1747647665778
counter/6/0/0/0,7382:1747647655739:,1747647665778
counter/5/0/0/0,8020:1747647655680:,1747647665778
counter/5/0/0/0,8021:1747647655681:,1747647665778
counter/6/0/0/0,7383:1747647655739:,1747647665779
counter/5/0/0/0,8022:1747647655681:,1747647665779
counter/5/0/0/0,8023:1747647655681:,1747647665779
counter/5/0/0/0,8024:1747647655681:,1747647665779
counter/9/0/0/0,8465:1747647655891:,1747647665779
counter/4/0/0/0,8133:1747647656682:,1747647665779
counter/4/0/0/0,8134:1747647656682:,1747647665779
counter/8/0/0/0,8241:1747647655485:,1747647665779
counter/7/0/0/0,7958:1747647655862:,1747647665779
counter/7/0/0/0,7959:1747647655862:,1747647665779
counter/10/0/0/0,7566:1747647655353:,1747647665779
counter/10/0/0/0,7567:1747647655353:,1747647665781
counter/7/0/0/0,7960:1747647655862:,1747647665781
counter/2/0/0/0,7985:1747647655091:,1747647665781
counter/2/0/0/0,7986:1747647655091:,1747647665782
counter/2/0/0/0,7987:1747647655091:,1747647665782
counter/10/0/0/0,7568:1747647655353:,1747647665782
counter/10/0/0/0,7569:1747647655353:,1747647665782
counter/6/0/0/0,7384:1747647655739:,1747647665783
counter/9/0/0/0,8466:1747647655895:,1747647665784
counter/6/0/0/0,7385:1747647655739:,1747647665784
counter/6/0/0/0,7386:1747647655739:,1747647665784
counter/8/0/0/0,8242:1747647655485:,1747647665784
counter/8/0/0/0,8243:1747647655485:,1747647665784
counter/8/0/0/0,8244:1747647655485:,1747647665784
counter/8/0/0/0,8245:1747647655485:,1747647665784
counter/8/0/0/0,8246:1747647655485:,1747647665784
counter/10/0/0/0,7570:1747647655353:,1747647665785
counter/2/0/0/0,7988:1747647655091:,1747647665785
counter/2/0/0/0,7989:1747647655091:,1747647665786
counter/1/0/0/0,8954:1747647656672:,1747647665786
counter/1/0/0/0,8955:1747647656681:,1747647665786
counter/1/0/0/0,8956:1747647656683:,1747647665786
counter/1/0/0/0,8957:1747647656683:,1747647665786
counter/1/0/0/0,8958:1747647656683:,1747647665786
counter/1/0/0/0,8959:1747647656683:,1747647665786
counter/1/0/0/0,8960:1747647656683:,1747647665786
counter/1/0/0/0,8961:1747647656684:,1747647665786
counter/5/0/0/0,8025:1747647655681:,1747647665786
counter/2/0/0/0,7990:1747647655091:,1747647665786
counter/3/0/0/0,8591:1747647656418:,1747647665787
counter/8/0/0/0,8247:1747647655485:,1747647665787
counter/1/0/0/0,8962:1747647656684:,1747647665787
counter/9/0/0/0,8467:1747647655895:,1747647665792
counter/9/0/0/0,8468:1747647655895:,1747647665792
counter/9/0/0/0,8469:1747647655895:,1747647665792
counter/3/0/0/0,8592:1747647656418:,1747647665793
counter/8/0/0/0,8248:1747647655485:,1747647665793
counter/7/0/0/0,7961:1747647655862:,1747647665793
counter/8/0/0/0,8249:1747647655489:,1747647665794
counter/8/0/0/0,8250:1747647655489:,1747647665794
counter/8/0/0/0,8251:1747647655489:,1747647665794
counter/8/0/0/0,8252:1747647655489:,1747647665794
counter/8/0/0/0,8253:1747647655489:,1747647665794
counter/7/0/0/0,7962:1747647655862:,1747647665794
counter/7/0/0/0,7963:1747647655862:,1747647665794
counter/7/0/0/0,7964:1747647655862:,1747647665795
counter/7/0/0/0,7965:1747647655862:,1747647665795
counter/7/0/0/0,7966:1747647655863:,1747647665795
counter/7/0/0/0,7967:1747647655863:,1747647665795
counter/7/0/0/0,7968:1747647655871:,1747647665795
counter/6/0/0/0,7387:1747647655739:,1747647665795
counter/7/0/0/0,7969:1747647655871:,1747647665795
counter/6/0/0/0,7388:1747647655739:,1747647665795
counter/7/0/0/0,7970:1747647655871:,1747647665795
counter/6/0/0/0,7389:1747647655739:,1747647665795
counter/7/0/0/0,7971:1747647655871:,1747647665795
counter/6/0/0/0,7390:1747647655749:,1747647665795
counter/7/0/0/0,7972:1747647655871:,1747647665795
counter/6/0/0/0,7391:1747647655750:,1747647665795
counter/6/0/0/0,7392:1747647655750:,1747647665795
counter/7/0/0/0,7973:1747647655871:,1747647665796
counter/7/0/0/0,7974:1747647655871:,1747647665796
counter/7/0/0/0,7975:1747647655871:,1747647665796
counter/7/0/0/0,7976:1747647655871:,1747647665796
counter/7/0/0/0,7977:1747647655871:,1747647665796
counter/7/0/0/0,7978:1747647655871:,1747647665796
counter/7/0/0/0,7979:1747647655871:,1747647665796
counter/7/0/0/0,7980:1747647655871:,1747647665796
counter/7/0/0/0,7981:1747647655871:,1747647665796
counter/7/0/0/0,7982:1747647655871:,1747647665796
counter/7/0/0/0,7983:1747647655871:,1747647665796
counter/7/0/0/0,7984:1747647655880:,1747647665796
counter/7/0/0/0,7985:1747647655880:,1747647665796
counter/7/0/0/0,7986:1747647655881:,1747647665796
counter/1/0/0/0,8963:1747647656684:,1747647665797
counter/1/0/0/0,8964:1747647656684:,1747647665797
counter/7/0/0/0,7987:1747647655881:,1747647665797
counter/7/0/0/0,7988:1747647655881:,1747647665797
counter/7/0/0/0,7989:1747647655881:,1747647665797
counter/2/0/0/0,7991:1747647655091:,1747647665797
counter/9/0/0/0,8470:1747647655895:,1747647665797
counter/9/0/0/0,8471:1747647655896:,1747647665797
counter/5/0/0/0,8026:1747647655681:,1747647665798
counter/3/0/0/0,8593:1747647656418:,1747647665798
counter/1/0/0/0,8965:1747647656684:,1747647665798
counter/10/0/0/0,7571:1747647655353:,1747647665798
counter/10/0/0/0,7572:1747647655353:,1747647665798
counter/7/0/0/0,7990:1747647655881:,1747647665798
counter/6/0/0/0,7393:1747647655750:,1747647665799
counter/5/0/0/0,8027:1747647655681:,1747647665800
counter/5/0/0/0,8028:1747647655681:,1747647665800
counter/5/0/0/0,8029:1747647655681:,1747647665800
counter/3/0/0/0,8594:1747647656418:,1747647665800
counter/6/0/0/0,7394:1747647655750:,1747647665800
counter/6/0/0/0,7395:1747647655750:,1747647665801
counter/4/0/0/0,8135:1747647656682:,1747647665801
counter/4/0/0/0,8136:1747647656682:,1747647665801
counter/4/0/0/0,8137:1747647656683:,1747647665802
counter/4/0/0/0,8138:1747647656683:,1747647665802
counter/4/0/0/0,8139:1747647656683:,1747647665802
counter/2/0/0/0,7992:1747647655091:,1747647665802
counter/3/0/0/0,8595:1747647656418:,1747647665802
counter/3/0/0/0,8596:1747647656418:,1747647665802
counter/3/0/0/0,8597:1747647656418:,1747647665803
counter/3/0/0/0,8598:1747647656418:,1747647665803
counter/3/0/0/0,8599:1747647656418:,1747647665803
counter/8/0/0/0,8254:1747647655489:,1747647665803
counter/8/0/0/0,8255:1747647655489:,1747647665803
counter/8/0/0/0,8256:1747647655489:,1747647665803
counter/8/0/0/0,8257:1747647655489:,1747647665803
counter/8/0/0/0,8258:1747647655489:,1747647665803
counter/8/0/0/0,8259:1747647655489:,1747647665803
counter/8/0/0/0,8260:1747647655490:,1747647665803
counter/8/0/0/0,8261:1747647655490:,1747647665803
counter/8/0/0/0,8262:1747647655492:,1747647665803
counter/8/0/0/0,8263:1747647655508:,1747647665803
counter/8/0/0/0,8264:1747647655508:,1747647665803
counter/8/0/0/0,8265:1747647655508:,1747647665803
counter/5/0/0/0,8030:1747647655683:,1747647665804
counter/5/0/0/0,8031:1747647655684:,1747647665804
counter/5/0/0/0,8032:1747647655684:,1747647665805
counter/5/0/0/0,8033:1747647655684:,1747647665805
counter/5/0/0/0,8034:1747647655684:,1747647665805
counter/5/0/0/0,8035:1747647655684:,1747647665805
counter/5/0/0/0,8036:1747647655684:,1747647665805
counter/5/0/0/0,8037:1747647655684:,1747647665805
counter/5/0/0/0,8038:1747647655684:,1747647665805
counter/5/0/0/0,8039:1747647655684:,1747647665805
counter/5/0/0/0,8040:1747647655684:,1747647665805
counter/5/0/0/0,8041:1747647655684:,1747647665805
counter/9/0/0/0,8472:1747647655896:,1747647665806
counter/6/0/0/0,7396:1747647655750:,1747647665808
counter/1/0/0/0,8966:1747647656691:,1747647665808
counter/5/0/0/0,8042:1747647655684:,1747647665809
counter/5/0/0/0,8043:1747647655684:,1747647665809
counter/5/0/0/0,8044:1747647655684:,1747647665809
counter/5/0/0/0,8045:1747647655684:,1747647665809
counter/5/0/0/0,8046:1747647655684:,1747647665809
counter/5/0/0/0,8047:1747647655684:,1747647665809
counter/5/0/0/0,8048:1747647655690:,1747647665809
counter/3/0/0/0,8600:1747647656418:,1747647665809
counter/10/0/0/0,7573:1747647655353:,1747647665809
counter/3/0/0/0,8601:1747647656418:,1747647665810
counter/10/0/0/0,7574:1747647655353:,1747647665810
counter/10/0/0/0,7575:1747647655353:,1747647665810
counter/10/0/0/0,7576:1747647655353:,1747647665811
counter/10/0/0/0,7577:1747647655355:,1747647665811
counter/10/0/0/0,7578:1747647655355:,1747647665811
counter/10/0/0/0,7579:1747647655355:,1747647665811
counter/10/0/0/0,7580:1747647655355:,1747647665811
counter/10/0/0/0,7581:1747647655355:,1747647665811
counter/10/0/0/0,7582:1747647655355:,1747647665811
counter/10/0/0/0,7583:1747647655355:,1747647665811
counter/10/0/0/0,7584:1747647655355:,1747647665811
counter/10/0/0/0,7585:1747647655355:,1747647665811
counter/5/0/0/0,8049:1747647655694:,1747647665811
counter/4/0/0/0,8140:1747647656683:,1747647665811
counter/8/0/0/0,8266:1747647655508:,1747647665811
counter/8/0/0/0,8267:1747647655508:,1747647665811
counter/8/0/0/0,8268:1747647655508:,1747647665811
counter/8/0/0/0,8269:1747647655508:,1747647665811
counter/8/0/0/0,8270:1747647655508:,1747647665811
counter/8/0/0/0,8271:1747647655508:,1747647665811
counter/8/0/0/0,8272:1747647655508:,1747647665811
counter/8/0/0/0,8273:1747647655508:,1747647665811
counter/8/0/0/0,8274:1747647655508:,1747647665811
counter/10/0/0/0,7586:1747647655384:,1747647665811
counter/2/0/0/0,7993:1747647655091:,1747647665812
counter/10/0/0/0,7587:1747647655384:,1747647665812
counter/10/0/0/0,7588:1747647655384:,1747647665812
counter/10/0/0/0,7589:1747647655384:,1747647665812
counter/1/0/0/0,8967:1747647656691:,1747647665812
counter/10/0/0/0,7590:1747647655384:,1747647665812
counter/10/0/0/0,7591:1747647655384:,1747647665812
counter/10/0/0/0,7592:1747647655384:,1747647665812
counter/10/0/0/0,7593:1747647655384:,1747647665812
counter/6/0/0/0,7397:1747647655750:,1747647665812
counter/4/0/0/0,8141:1747647656689:,1747647665812
counter/10/0/0/0,7594:1747647655384:,1747647665812
counter/6/0/0/0,7398:1747647655764:,1747647665812
counter/10/0/0/0,7595:1747647655384:,1747647665812
counter/6/0/0/0,7399:1747647655764:,1747647665812
counter/9/0/0/0,8473:1747647655910:,1747647665813
counter/6/0/0/0,7400:1747647655764:,1747647665813
counter/6/0/0/0,7401:1747647655765:,1747647665814
counter/6/0/0/0,7402:1747647655765:,1747647665814
counter/6/0/0/0,7403:1747647655765:,1747647665814
counter/6/0/0/0,7404:1747647655765:,1747647665814
counter/6/0/0/0,7405:1747647655765:,1747647665814
counter/6/0/0/0,7406:1747647655765:,1747647665814
counter/6/0/0/0,7407:1747647655766:,1747647665814
counter/6/0/0/0,7408:1747647655774:,1747647665814
counter/6/0/0/0,7409:1747647655774:,1747647665814
counter/10/0/0/0,7596:1747647655384:,1747647665814
counter/6/0/0/0,7410:1747647655774:,1747647665814
counter/6/0/0/0,7411:1747647655774:,1747647665814
counter/6/0/0/0,7412:1747647655774:,1747647665814
counter/6/0/0/0,7413:1747647655774:,1747647665814
counter/6/0/0/0,7414:1747647655774:,1747647665814
counter/4/0/0/0,8142:1747647656689:,1747647665814
counter/8/0/0/0,8275:1747647655508:,1747647665814
counter/8/0/0/0,8276:1747647655508:,1747647665814
counter/8/0/0/0,8277:1747647655510:,1747647665814
counter/8/0/0/0,8278:1747647655510:,1747647665814
counter/8/0/0/0,8279:1747647655510:,1747647665814
counter/8/0/0/0,8280:1747647655510:,1747647665814
counter/3/0/0/0,8602:1747647656418:,1747647665814
counter/7/0/0/0,7991:1747647655881:,1747647665815
counter/10/0/0/0,7597:1747647655384:,1747647665815
counter/10/0/0/0,7598:1747647655384:,1747647665815
counter/10/0/0/0,7599:1747647655385:,1747647665815
counter/6/0/0/0,7415:1747647655775:,1747647665815
counter/6/0/0/0,7416:1747647655775:,1747647665815
counter/4/0/0/0,8143:1747647656689:,1747647665815
counter/4/0/0/0,8144:1747647656689:,1747647665815
counter/4/0/0/0,8145:1747647656689:,1747647665815
counter/4/0/0/0,8146:1747647656689:,1747647665815
counter/10/0/0/0,7600:1747647655385:,1747647665816
counter/10/0/0/0,7601:1747647655385:,1747647665816
counter/10/0/0/0,7602:1747647655385:,1747647665816
counter/10/0/0/0,7603:1747647655395:,1747647665816
counter/10/0/0/0,7604:1747647655396:,1747647665816
counter/10/0/0/0,7605:1747647655396:,1747647665816
counter/10/0/0/0,7606:1747647655396:,1747647665816
counter/4/0/0/0,8147:1747647656689:,1747647665816
counter/10/0/0/0,7607:1747647655396:,1747647665816
counter/1/0/0/0,8968:1747647656691:,1747647665817
counter/7/0/0/0,7992:1747647655881:,1747647665818
counter/7/0/0/0,7993:1747647655881:,1747647665818
counter/7/0/0/0,7994:1747647655881:,1747647665818
counter/7/0/0/0,7995:1747647655881:,1747647665818
counter/7/0/0/0,7996:1747647655881:,1747647665818
counter/7/0/0/0,7997:1747647655881:,1747647665818
counter/7/0/0/0,7998:1747647655881:,1747647665818
counter/7/0/0/0,7999:1747647655881:,1747647665818
counter/7/0/0/0,8000:1747647655881:,1747647665818
counter/7/0/0/0,8001:1747647655881:,1747647665818
counter/7/0/0/0,8002:1747647655881:,1747647665818
counter/7/0/0/0,8003:1747647655881:,1747647665818
counter/7/0/0/0,8004:1747647655890:,1747647665818
counter/7/0/0/0,8005:1747647655894:,1747647665818
counter/2/0/0/0,7994:1747647655091:,1747647665818
counter/3/0/0/0,8603:1747647656420:,1747647665819
counter/8/0/0/0,8281:1747647655510:,1747647665819
counter/8/0/0/0,8282:1747647655510:,1747647665819
counter/8/0/0/0,8283:1747647655510:,1747647665819
counter/8/0/0/0,8284:1747647655510:,1747647665819
counter/8/0/0/0,8285:1747647655515:,1747647665819
counter/3/0/0/0,8604:1747647656420:,1747647665820
counter/8/0/0/0,8286:1747647655516:,1747647665820
counter/8/0/0/0,8287:1747647655516:,1747647665820
counter/8/0/0/0,8288:1747647655516:,1747647665820
counter/2/0/0/0,7995:1747647655091:,1747647665820
counter/2/0/0/0,7996:1747647655091:,1747647665821
counter/2/0/0/0,7997:1747647655092:,1747647665821
counter/4/0/0/0,8148:1747647656689:,1747647665821
counter/4/0/0/0,8149:1747647656690:,1747647665821
counter/4/0/0/0,8150:1747647656690:,1747647665821
counter/5/0/0/0,8050:1747647655706:,1747647665821
counter/8/0/0/0,8289:1747647655516:,1747647665821
counter/8/0/0/0,8290:1747647655516:,1747647665821
counter/8/0/0/0,8291:1747647655516:,1747647665821
counter/4/0/0/0,8151:1747647656690:,1747647665822
counter/1/0/0/0,8969:1747647656691:,1747647665823
counter/7/0/0/0,8006:1747647655894:,1747647665823
counter/4/0/0/0,8152:1747647656690:,1747647665823
counter/7/0/0/0,8007:1747647655894:,1747647665823
counter/2/0/0/0,7998:1747647655092:,1747647665823
counter/7/0/0/0,8008:1747647655894:,1747647665824
counter/3/0/0/0,8605:1747647656420:,1747647665824
counter/3/0/0/0,8606:1747647656420:,1747647665824
counter/3/0/0/0,8607:1747647656420:,1747647665824
counter/3/0/0/0,8608:1747647656429:,1747647665824
counter/3/0/0/0,8609:1747647656429:,1747647665824
counter/3/0/0/0,8610:1747647656432:,1747647665824
counter/8/0/0/0,8292:1747647655516:,1747647665824
counter/1/0/0/0,8970:1747647656691:,1747647665824
counter/4/0/0/0,8153:1747647656690:,1747647665825
counter/4/0/0/0,8154:1747647656690:,1747647665825
counter/10/0/0/0,7608:1747647655396:,1747647665825
counter/9/0/0/0,8474:1747647655910:,1747647665825
counter/4/0/0/0,8155:1747647656690:,1747647665825
counter/4/0/0/0,8156:1747647656690:,1747647665825
counter/4/0/0/0,8157:1747647656690:,1747647665825
counter/4/0/0/0,8158:1747647656690:,1747647665825
counter/4/0/0/0,8159:1747647656690:,1747647665826
counter/10/0/0/0,7609:1747647655396:,1747647665826
counter/3/0/0/0,8611:1747647656432:,1747647665826
counter/3/0/0/0,8612:1747647656432:,1747647665826
counter/3/0/0/0,8613:1747647656433:,1747647665826
counter/3/0/0/0,8614:1747647656433:,1747647665826
counter/3/0/0/0,8615:1747647656433:,1747647665826
counter/7/0/0/0,8009:1747647655894:,1747647665826
counter/7/0/0/0,8010:1747647655894:,1747647665826
counter/7/0/0/0,8011:1747647655894:,1747647665826
counter/7/0/0/0,8012:1747647655895:,1747647665827
counter/7/0/0/0,8013:1747647655908:,1747647665827
counter/3/0/0/0,8616:1747647656433:,1747647665827
counter/5/0/0/0,8051:1747647655706:,1747647665829
counter/5/0/0/0,8052:1747647655706:,1747647665829
counter/5/0/0/0,8053:1747647655706:,1747647665829
counter/5/0/0/0,8054:1747647655706:,1747647665829
counter/5/0/0/0,8055:1747647655706:,1747647665829
counter/5/0/0/0,8056:1747647655706:,1747647665829
counter/1/0/0/0,8971:1747647656691:,1747647665829
counter/3/0/0/0,8617:1747647656433:,1747647665831
counter/3/0/0/0,8618:1747647656433:,1747647665831
counter/3/0/0/0,8619:1747647656433:,1747647665831
counter/3/0/0/0,8620:1747647656434:,1747647665831
counter/4/0/0/0,8160:1747647656690:,1747647665831
counter/8/0/0/0,8293:1747647655516:,1747647665831
counter/7/0/0/0,8014:1747647655911:,1747647665831
counter/5/0/0/0,8057:1747647655706:,1747647665831
counter/5/0/0/0,8058:1747647655706:,1747647665831
counter/5/0/0/0,8059:1747647655706:,1747647665831
counter/5/0/0/0,8060:1747647655706:,1747647665831
counter/6/0/0/0,7417:1747647655775:,1747647665832
counter/6/0/0/0,7418:1747647655775:,1747647665832
counter/9/0/0/0,8475:1747647655910:,1747647665832
counter/9/0/0/0,8476:1747647655910:,1747647665832
counter/9/0/0/0,8477:1747647655910:,1747647665832
counter/9/0/0/0,8478:1747647655910:,1747647665832
counter/9/0/0/0,8479:1747647655910:,1747647665832
counter/9/0/0/0,8480:1747647655910:,1747647665832
counter/9/0/0/0,8481:1747647655910:,1747647665832
counter/8/0/0/0,8294:1747647655516:,1747647665832
counter/4/0/0/0,8161:1747647656690:,1747647665833
counter/4/0/0/0,8162:1747647656690:,1747647665833
counter/4/0/0/0,8163:1747647656690:,1747647665833
counter/4/0/0/0,8164:1747647656690:,1747647665833
counter/4/0/0/0,8165:1747647656690:,1747647665833
counter/4/0/0/0,8166:1747647656690:,1747647665833
counter/4/0/0/0,8167:1747647656690:,1747647665833
counter/4/0/0/0,8168:1747647656690:,1747647665833
counter/4/0/0/0,8169:1747647656690:,1747647665833
counter/4/0/0/0,8170:1747647656690:,1747647665833
counter/1/0/0/0,8972:1747647656691:,1747647665833
counter/4/0/0/0,8171:1747647656690:,1747647665833
counter/4/0/0/0,8172:1747647656690:,1747647665833
counter/10/0/0/0,7610:1747647655396:,1747647665835
counter/4/0/0/0,8173:1747647656690:,1747647665836
counter/4/0/0/0,8174:1747647656690:,1747647665836
counter/4/0/0/0,8175:1747647656690:,1747647665836
counter/4/0/0/0,8176:1747647656690:,1747647665836
counter/4/0/0/0,8177:1747647656690:,1747647665836
counter/4/0/0/0,8178:1747647656690:,1747647665836
counter/4/0/0/0,8179:1747647656690:,1747647665836
counter/4/0/0/0,8180:1747647656690:,1747647665836
counter/4/0/0/0,8181:1747647656690:,1747647665836
counter/4/0/0/0,8182:1747647656690:,1747647665836
counter/9/0/0/0,8482:1747647655910:,1747647665836
counter/1/0/0/0,8973:1747647656691:,1747647665836
counter/6/0/0/0,7419:1747647655776:,1747647665839
counter/6/0/0/0,7420:1747647655776:,1747647665839
counter/4/0/0/0,8183:1747647656691:,1747647665839
counter/2/0/0/0,7999:1747647655092:,1747647665839
counter/6/0/0/0,7421:1747647655776:,1747647665839
counter/5/0/0/0,8061:1747647655706:,1747647665839
counter/7/0/0/0,8015:1747647655914:,1747647665839
counter/6/0/0/0,7422:1747647655776:,1747647665840
counter/8/0/0/0,8295:1747647655516:,1747647665840
counter/8/0/0/0,8296:1747647655516:,1747647665840
counter/8/0/0/0,8297:1747647655516:,1747647665840
counter/8/0/0/0,8298:1747647655522:,1747647665840
counter/8/0/0/0,8299:1747647655522:,1747647665840
counter/8/0/0/0,8300:1747647655522:,1747647665840
counter/8/0/0/0,8301:1747647655523:,1747647665840
counter/8/0/0/0,8302:1747647655523:,1747647665840
counter/8/0/0/0,8303:1747647655523:,1747647665840
counter/8/0/0/0,8304:1747647655523:,1747647665840
counter/8/0/0/0,8305:1747647655528:,1747647665840
counter/8/0/0/0,8306:1747647655528:,1747647665840
counter/8/0/0/0,8307:1747647655528:,1747647665841
counter/8/0/0/0,8308:1747647655528:,1747647665841
counter/8/0/0/0,8309:1747647655528:,1747647665841
counter/5/0/0/0,8062:1747647655706:,1747647665841
counter/5/0/0/0,8063:1747647655706:,1747647665841
counter/5/0/0/0,8064:1747647655713:,1747647665841
counter/5/0/0/0,8065:1747647655713:,1747647665841
counter/7/0/0/0,8016:1747647655914:,1747647665841
counter/1/0/0/0,8974:1747647656691:,1747647665843
counter/1/0/0/0,8975:1747647656691:,1747647665843
counter/1/0/0/0,8976:1747647656691:,1747647665843
counter/1/0/0/0,8977:1747647656691:,1747647665843
counter/1/0/0/0,8978:1747647656691:,1747647665843
counter/1/0/0/0,8979:1747647656691:,1747647665843
counter/1/0/0/0,8980:1747647656691:,1747647665843
counter/1/0/0/0,8981:1747647656691:,1747647665843
counter/1/0/0/0,8982:1747647656691:,1747647665843
counter/1/0/0/0,8983:1747647656691:,1747647665843
counter/1/0/0/0,8984:1747647656692:,1747647665843
counter/1/0/0/0,8985:1747647656692:,1747647665843
counter/2/0/0/0,8000:1747647655092:,1747647665843
counter/7/0/0/0,8017:1747647655915:,1747647665844
counter/7/0/0/0,8018:1747647655915:,1747647665844
counter/7/0/0/0,8019:1747647655915:,1747647665845
counter/7/0/0/0,8020:1747647655915:,1747647665845
counter/5/0/0/0,8066:1747647655713:,1747647665845
counter/7/0/0/0,8021:1747647655915:,1747647665845
counter/7/0/0/0,8022:1747647655915:,1747647665845
counter/10/0/0/0,7611:1747647655402:,1747647665845
counter/10/0/0/0,7612:1747647655402:,1747647665845
counter/10/0/0/0,7613:1747647655402:,1747647665845
counter/10/0/0/0,7614:1747647655402:,1747647665845
counter/10/0/0/0,7615:1747647655402:,1747647665845
counter/10/0/0/0,7616:1747647655402:,1747647665845
counter/10/0/0/0,7617:1747647655403:,1747647665845
counter/10/0/0/0,7618:1747647655403:,1747647665845
counter/10/0/0/0,7619:1747647655403:,1747647665845
counter/10/0/0/0,7620:1747647655403:,1747647665845
counter/10/0/0/0,7621:1747647655405:,1747647665845
counter/10/0/0/0,7622:1747647655405:,1747647665845
counter/10/0/0/0,7623:1747647655405:,1747647665845
counter/1/0/0/0,8986:1747647656692:,1747647665845
counter/1/0/0/0,8987:1747647656692:,1747647665846
counter/1/0/0/0,8988:1747647656692:,1747647665847
counter/1/0/0/0,8989:1747647656692:,1747647665847
counter/1/0/0/0,8990:1747647656692:,1747647665847
counter/1/0/0/0,8991:1747647656692:,1747647665847
counter/7/0/0/0,8023:1747647655915:,1747647665848
counter/1/0/0/0,8992:1747647656692:,1747647665848
counter/7/0/0/0,8024:1747647655915:,1747647665848
counter/1/0/0/0,8993:1747647656692:,1747647665848
counter/9/0/0/0,8483:1747647655910:,1747647665848
counter/5/0/0/0,8067:1747647655713:,1747647665848
counter/9/0/0/0,8484:1747647655910:,1747647665849
counter/9/0/0/0,8485:1747647655911:,1747647665849
counter/8/0/0/0,8310:1747647655528:,1747647665849
counter/9/0/0/0,8486:1747647655911:,1747647665849
counter/3/0/0/0,8621:1747647656435:,1747647665850
counter/2/0/0/0,8001:1747647655092:,1747647665850
counter/10/0/0/0,7624:1747647655412:,1747647665851
counter/10/0/0/0,7625:1747647655414:,1747647665851
counter/10/0/0/0,7626:1747647655414:,1747647665851
counter/10/0/0/0,7627:1747647655415:,1747647665851
counter/10/0/0/0,7628:1747647655415:,1747647665851
counter/10/0/0/0,7629:1747647655415:,1747647665851
counter/10/0/0/0,7630:1747647655415:,1747647665851
counter/10/0/0/0,7631:1747647655415:,1747647665851
counter/10/0/0/0,7632:1747647655415:,1747647665851
counter/10/0/0/0,7633:1747647655415:,1747647665851
counter/10/0/0/0,7634:1747647655415:,1747647665851
counter/10/0/0/0,7635:1747647655424:,1747647665851
counter/10/0/0/0,7636:1747647655424:,1747647665851
counter/10/0/0/0,7637:1747647655424:,1747647665852
counter/10/0/0/0,7638:1747647655434:,1747647665852
counter/10/0/0/0,7639:1747647655434:,1747647665852
counter/10/0/0/0,7640:1747647655434:,1747647665852
counter/10/0/0/0,7641:1747647655434:,1747647665852
counter/6/0/0/0,7423:1747647655776:,1747647665852
counter/6/0/0/0,7424:1747647655776:,1747647665852
counter/6/0/0/0,7425:1747647655776:,1747647665852
counter/6/0/0/0,7426:1747647655776:,1747647665852
counter/6/0/0/0,7427:1747647655776:,1747647665852
counter/6/0/0/0,7428:1747647655776:,1747647665852
counter/6/0/0/0,7429:1747647655800:,1747647665852
counter/1/0/0/0,8994:1747647656692:,1747647665852
counter/9/0/0/0,8487:1747647655911:,1747647665852
counter/3/0/0/0,8622:1747647656435:,1747647665852
counter/6/0/0/0,7430:1747647655800:,1747647665853
counter/8/0/0/0,8311:1747647655528:,1747647665854
counter/1/0/0/0,8995:1747647656692:,1747647665854
counter/5/0/0/0,8068:1747647655713:,1747647665855
counter/5/0/0/0,8069:1747647655713:,1747647665855
counter/5/0/0/0,8070:1747647655713:,1747647665855
counter/3/0/0/0,8623:1747647656435:,1747647665855
counter/9/0/0/0,8488:1747647655911:,1747647665855
counter/3/0/0/0,8624:1747647656435:,1747647665855
counter/9/0/0/0,8489:1747647655911:,1747647665855
counter/9/0/0/0,8490:1747647655911:,1747647665855
counter/9/0/0/0,8491:1747647655911:,1747647665855
counter/9/0/0/0,8492:1747647655911:,1747647665855
counter/6/0/0/0,7431:1747647655800:,1747647665855
counter/6/0/0/0,7432:1747647655800:,1747647665855
counter/6/0/0/0,7433:1747647655800:,1747647665855
counter/6/0/0/0,7434:1747647655800:,1747647665856
counter/6/0/0/0,7435:1747647655800:,1747647665856
counter/6/0/0/0,7436:1747647655800:,1747647665856
counter/3/0/0/0,8625:1747647656435:,1747647665856
counter/7/0/0/0,8025:1747647655915:,1747647665856
counter/3/0/0/0,8626:1747647656435:,1747647665857
counter/3/0/0/0,8627:1747647656435:,1747647665857
counter/3/0/0/0,8628:1747647656435:,1747647665857
counter/3/0/0/0,8629:1747647656435:,1747647665857
counter/3/0/0/0,8630:1747647656436:,1747647665857
counter/1/0/0/0,8996:1747647656692:,1747647665858
counter/9/0/0/0,8493:1747647655916:,1747647665859
counter/9/0/0/0,8494:1747647655916:,1747647665859
counter/9/0/0/0,8495:1747647655916:,1747647665859
counter/9/0/0/0,8496:1747647655916:,1747647665859
counter/9/0/0/0,8497:1747647655917:,1747647665859
counter/9/0/0/0,8498:1747647655917:,1747647665860
counter/9/0/0/0,8499:1747647655917:,1747647665860
counter/1/0/0/0,8997:1747647656692:,1747647665860
counter/1/0/0/0,8998:1747647656692:,1747647665860
counter/1/0/0/0,8999:1747647656692:,1747647665860
counter/1/0/0/0,9000:1747647656692:,1747647665860
counter/1/0/0/0,9001:1747647656692:,1747647665860
counter/1/0/0/0,9002:1747647656693:,1747647665860
counter/10/0/0/0,7642:1747647655434:,1747647665861
counter/10/0/0/0,7643:1747647655434:,1747647665861
counter/10/0/0/0,7644:1747647655434:,1747647665861
counter/10/0/0/0,7645:1747647655434:,1747647665861
counter/10/0/0/0,7646:1747647655434:,1747647665861
counter/10/0/0/0,7647:1747647655434:,1747647665861
counter/10/0/0/0,7648:1747647655434:,1747647665861
counter/10/0/0/0,7649:1747647655460:,1747647665861
counter/2/0/0/0,8002:1747647655106:,1747647665862
counter/1/0/0/0,9003:1747647656693:,1747647665862
counter/2/0/0/0,8003:1747647655106:,1747647665862
counter/1/0/0/0,9004:1747647656693:,1747647665863
counter/2/0/0/0,8004:1747647655106:,1747647665863
counter/2/0/0/0,8005:1747647655106:,1747647665863
counter/2/0/0/0,8006:1747647655106:,1747647665863
counter/2/0/0/0,8007:1747647655106:,1747647665863
counter/2/0/0/0,8008:1747647655106:,1747647665863
counter/2/0/0/0,8009:1747647655106:,1747647665863
counter/6/0/0/0,7437:1747647655800:,1747647665863
counter/6/0/0/0,7438:1747647655800:,1747647665863
counter/9/0/0/0,8500:1747647655917:,1747647665864
counter/9/0/0/0,8501:1747647655917:,1747647665864
counter/3/0/0/0,8631:1747647656436:,1747647665865
counter/1/0/0/0,9005:1747647656693:,1747647665866
counter/1/0/0/0,9006:1747647656693:,1747647665869
counter/1/0/0/0,9007:1747647656693:,1747647665869
counter/1/0/0/0,9008:1747647656695:,1747647665869
counter/1/0/0/0,9009:1747647656695:,1747647665869
counter/1/0/0/0,9010:1747647656695:,1747647665869
counter/1/0/0/0,9011:1747647656695:,1747647665869
counter/1/0/0/0,9012:1747647656695:,1747647665869
counter/1/0/0/0,9013:1747647656695:,1747647665869
counter/1/0/0/0,9014:1747647656695:,1747647665869
counter/1/0/0/0,9015:1747647656695:,1747647665869
counter/1/0/0/0,9016:1747647656695:,1747647665869
counter/1/0/0/0,9017:1747647656695:,1747647665869
counter/3/0/0/0,8632:1747647656436:,1747647665869
counter/9/0/0/0,8502:1747647655917:,1747647665869
counter/7/0/0/0,8026:1747647655915:,1747647665872
counter/9/0/0/0,8503:1747647655917:,1747647665875
counter/9/0/0/0,8504:1747647655917:,1747647665875
counter/9/0/0/0,8505:1747647655917:,1747647665875
counter/9/0/0/0,8506:1747647655917:,1747647665875
counter/9/0/0/0,8507:1747647655930:,1747647665875
counter/8/0/0/0,8312:1747647655528:,1747647665875
counter/9/0/0/0,8508:1747647655930:,1747647665875
counter/8/0/0/0,8313:1747647655528:,1747647665875
counter/9/0/0/0,8509:1747647655930:,1747647665875
counter/8/0/0/0,8314:1747647655528:,1747647665875
counter/3/0/0/0,8633:1747647656436:,1747647665875
counter/3/0/0/0,8634:1747647656436:,1747647665875
counter/3/0/0/0,8635:1747647656438:,1747647665876
counter/9/0/0/0,8510:1747647655930:,1747647665876
counter/1/0/0/0,9018:1747647656695:,1747647665876
counter/5/0/0/0,8071:1747647655713:,1747647665876
counter/8/0/0/0,8315:1747647655528:,1747647665876
counter/9/0/0/0,8511:1747647655930:,1747647665877
counter/9/0/0/0,8512:1747647655930:,1747647665877
counter/9/0/0/0,8513:1747647655943:,1747647665877
counter/9/0/0/0,8514:1747647655943:,1747647665877
counter/5/0/0/0,8072:1747647655713:,1747647665878
counter/1/0/0/0,9019:1747647656695:,1747647665878
counter/1/0/0/0,9020:1747647656695:,1747647665879
counter/1/0/0/0,9021:1747647656695:,1747647665879
counter/1/0/0/0,9022:1747647656695:,1747647665879
counter/1/0/0/0,9023:1747647656695:,1747647665879
counter/1/0/0/0,9024:1747647656695:,1747647665879
counter/1/0/0/0,9025:1747647656701:,1747647665879
counter/1/0/0/0,9026:1747647656701:,1747647665879
counter/1/0/0/0,9027:1747647656701:,1747647665879
counter/1/0/0/0,9028:1747647656718:,1747647665879
counter/1/0/0/0,9029:1747647656718:,1747647665879
counter/1/0/0/0,9030:1747647656718:,1747647665880
counter/1/0/0/0,9031:1747647656718:,1747647665880
counter/1/0/0/0,9032:1747647656718:,1747647665880
counter/1/0/0/0,9033:1747647656718:,1747647665880
counter/8/0/0/0,8316:1747647655528:,1747647665881
counter/1/0/0/0,9034:1747647656718:,1747647665881
counter/1/0/0/0,9035:1747647656725:,1747647665881
counter/1/0/0/0,9036:1747647656725:,1747647665881
counter/1/0/0/0,9037:1747647656725:,1747647665881
counter/2/0/0/0,8010:1747647655107:,1747647665881
counter/2/0/0/0,8011:1747647655107:,1747647665881
counter/2/0/0/0,8012:1747647655107:,1747647665881
counter/7/0/0/0,8027:1747647655915:,1747647665882
counter/7/0/0/0,8028:1747647655915:,1747647665882
counter/7/0/0/0,8029:1747647655915:,1747647665882
counter/7/0/0/0,8030:1747647655915:,1747647665882
counter/4/0/0/0,8184:1747647656691:,1747647665882
counter/4/0/0/0,8185:1747647656691:,1747647665882
counter/4/0/0/0,8186:1747647656691:,1747647665882
counter/4/0/0/0,8187:1747647656691:,1747647665882
counter/4/0/0/0,8188:1747647656691:,1747647665882
counter/4/0/0/0,8189:1747647656691:,1747647665883
counter/4/0/0/0,8190:1747647656691:,1747647665883
counter/4/0/0/0,8191:1747647656691:,1747647665883
counter/4/0/0/0,8192:1747647656692:,1747647665883
counter/4/0/0/0,8193:1747647656692:,1747647665883
counter/4/0/0/0,8194:1747647656692:,1747647665883
counter/1/0/0/0,9038:1747647656726:,1747647665883
counter/10/0/0/0,7650:1747647655460:,1747647665883
counter/10/0/0/0,7651:1747647655460:,1747647665883
counter/10/0/0/0,7652:1747647655460:,1747647665883
counter/10/0/0/0,7653:1747647655460:,1747647665883
counter/10/0/0/0,7654:1747647655473:,1747647665884
counter/10/0/0/0,7655:1747647655473:,1747647665884
counter/10/0/0/0,7656:1747647655473:,1747647665884
counter/10/0/0/0,7657:1747647655473:,1747647665884
counter/10/0/0/0,7658:1747647655473:,1747647665884
counter/10/0/0/0,7659:1747647655473:,1747647665884
counter/10/0/0/0,7660:1747647655473:,1747647665884
counter/9/0/0/0,8515:1747647655943:,1747647665884
counter/10/0/0/0,7661:1747647655473:,1747647665884
counter/5/0/0/0,8073:1747647655713:,1747647665884
counter/6/0/0/0,7439:1747647655800:,1747647665884
counter/2/0/0/0,8013:1747647655110:,1747647665884
counter/2/0/0/0,8014:1747647655110:,1747647665884
counter/2/0/0/0,8015:1747647655124:,1747647665885
counter/7/0/0/0,8031:1747647655918:,1747647665885
counter/7/0/0/0,8032:1747647655918:,1747647665885
counter/8/0/0/0,8317:1747647655535:,1747647665885
counter/8/0/0/0,8318:1747647655535:,1747647665885
counter/9/0/0/0,8516:1747647655943:,1747647665885
counter/3/0/0/0,8636:1747647656439:,1747647665885
counter/3/0/0/0,8637:1747647656439:,1747647665885
counter/3/0/0/0,8638:1747647656439:,1747647665885
counter/3/0/0/0,8639:1747647656439:,1747647665885
counter/3/0/0/0,8640:1747647656439:,1747647665886
counter/3/0/0/0,8641:1747647656439:,1747647665886
counter/3/0/0/0,8642:1747647656448:,1747647665886
counter/3/0/0/0,8643:1747647656448:,1747647665886
counter/3/0/0/0,8644:1747647656448:,1747647665886
counter/3/0/0/0,8645:1747647656448:,1747647665886
counter/3/0/0/0,8646:1747647656448:,1747647665886
counter/3/0/0/0,8647:1747647656448:,1747647665886
counter/3/0/0/0,8648:1747647656448:,1747647665886
counter/3/0/0/0,8649:1747647656448:,1747647665886
counter/3/0/0/0,8650:1747647656448:,1747647665886
counter/3/0/0/0,8651:1747647656448:,1747647665886
counter/3/0/0/0,8652:1747647656448:,1747647665886
counter/3/0/0/0,8653:1747647656448:,1747647665886
counter/3/0/0/0,8654:1747647656448:,1747647665886
counter/3/0/0/0,8655:1747647656454:,1747647665886
counter/3/0/0/0,8656:1747647656454:,1747647665886
counter/3/0/0/0,8657:1747647656454:,1747647665886
counter/3/0/0/0,8658:1747647656454:,1747647665886
counter/3/0/0/0,8659:1747647656454:,1747647665886
counter/3/0/0/0,8660:1747647656454:,1747647665886
counter/3/0/0/0,8661:1747647656454:,1747647665886
counter/3/0/0/0,8662:1747647656454:,1747647665887
counter/3/0/0/0,8663:1747647656454:,1747647665887
counter/3/0/0/0,8664:1747647656454:,1747647665887
counter/3/0/0/0,8665:1747647656454:,1747647665887
counter/3/0/0/0,8666:1747647656455:,1747647665887
counter/3/0/0/0,8667:1747647656455:,1747647665887
counter/9/0/0/0,8517:1747647655943:,1747647665887
counter/3/0/0/0,8668:1747647656455:,1747647665887
counter/3/0/0/0,8669:1747647656455:,1747647665887
counter/3/0/0/0,8670:1747647656455:,1747647665887
counter/3/0/0/0,8671:1747647656456:,1747647665887
counter/1/0/0/0,9039:1747647656726:,1747647665887
counter/5/0/0/0,8074:1747647655713:,1747647665887
counter/1/0/0/0,9040:1747647656726:,1747647665887
counter/1/0/0/0,9041:1747647656726:,1747647665887
counter/1/0/0/0,9042:1747647656726:,1747647665887
counter/1/0/0/0,9043:1747647656726:,1747647665888
counter/1/0/0/0,9044:1747647656726:,1747647665888
counter/4/0/0/0,8195:1747647656692:,1747647665888
counter/4/0/0/0,8196:1747647656692:,1747647665888
counter/4/0/0/0,8197:1747647656692:,1747647665888
counter/8/0/0/0,8319:1747647655535:,1747647665888
counter/4/0/0/0,8198:1747647656692:,1747647665888
counter/4/0/0/0,8199:1747647656692:,1747647665888
counter/7/0/0/0,8033:1747647655918:,1747647665888
counter/7/0/0/0,8034:1747647655918:,1747647665888
counter/7/0/0/0,8035:1747647655918:,1747647665888
counter/7/0/0/0,8036:1747647655918:,1747647665888
counter/7/0/0/0,8037:1747647655928:,1747647665888
counter/7/0/0/0,8038:1747647655929:,1747647665888
counter/7/0/0/0,8039:1747647655929:,1747647665888
counter/7/0/0/0,8040:1747647655929:,1747647665888
counter/7/0/0/0,8041:1747647655930:,1747647665888
counter/1/0/0/0,9045:1747647656726:,1747647665888
counter/3/0/0/0,8672:1747647656456:,1747647665889
counter/3/0/0/0,8673:1747647656456:,1747647665889
counter/3/0/0/0,8674:1747647656456:,1747647665889
counter/3/0/0/0,8675:1747647656457:,1747647665889
counter/3/0/0/0,8676:1747647656457:,1747647665889
counter/3/0/0/0,8677:1747647656463:,1747647665889
counter/3/0/0/0,8678:1747647656463:,1747647665889
counter/3/0/0/0,8679:1747647656463:,1747647665889
counter/9/0/0/0,8518:1747647655943:,1747647665889
counter/1/0/0/0,9046:1747647656726:,1747647665889
counter/1/0/0/0,9047:1747647656726:,1747647665889
counter/1/0/0/0,9048:1747647656727:,1747647665889
counter/1/0/0/0,9049:1747647656727:,1747647665889
counter/1/0/0/0,9050:1747647656727:,1747647665889
counter/1/0/0/0,9051:1747647656727:,1747647665889
counter/1/0/0/0,9052:1747647656727:,1747647665890
counter/1/0/0/0,9053:1747647656727:,1747647665890
counter/3/0/0/0,8680:1747647656463:,1747647665891
counter/3/0/0/0,8681:1747647656463:,1747647665891
counter/3/0/0/0,8682:1747647656463:,1747647665891
counter/3/0/0/0,8683:1747647656463:,1747647665891
counter/3/0/0/0,8684:1747647656463:,1747647665891
counter/3/0/0/0,8685:1747647656463:,1747647665891
counter/3/0/0/0,8686:1747647656463:,1747647665891
counter/9/0/0/0,8519:1747647655943:,1747647665891
counter/3/0/0/0,8687:1747647656463:,1747647665892
counter/3/0/0/0,8688:1747647656463:,1747647665892
counter/3/0/0/0,8689:1747647656463:,1747647665892
counter/3/0/0/0,8690:1747647656464:,1747647665892
counter/3/0/0/0,8691:1747647656464:,1747647665892
counter/3/0/0/0,8692:1747647656464:,1747647665893
counter/5/0/0/0,8075:1747647655713:,1747647665893
counter/3/0/0/0,8693:1747647656464:,1747647665893
counter/3/0/0/0,8694:1747647656464:,1747647665893
counter/3/0/0/0,8695:1747647656464:,1747647665893
counter/2/0/0/0,8016:1747647655140:,1747647665893
counter/3/0/0/0,8696:1747647656464:,1747647665893
counter/3/0/0/0,8697:1747647656464:,1747647665893
counter/3/0/0/0,8698:1747647656464:,1747647665893
counter/4/0/0/0,8200:1747647656698:,1747647665893
counter/3/0/0/0,8699:1747647656464:,1747647665893
counter/3/0/0/0,8700:1747647656464:,1747647665893
counter/3/0/0/0,8701:1747647656464:,1747647665893
counter/3/0/0/0,8702:1747647656464:,1747647665893
counter/3/0/0/0,8703:1747647656464:,1747647665893
counter/3/0/0/0,8704:1747647656464:,1747647665894
counter/8/0/0/0,8320:1747647655535:,1747647665894
counter/4/0/0/0,8201:1747647656698:,1747647665895
counter/5/0/0/0,8076:1747647655713:,1747647665895
counter/2/0/0/0,8017:1747647655140:,1747647665895
counter/5/0/0/0,8077:1747647655714:,1747647665895
counter/5/0/0/0,8078:1747647655714:,1747647665895
counter/1/0/0/0,9054:1747647656727:,1747647665895
counter/5/0/0/0,8079:1747647655714:,1747647665895
counter/5/0/0/0,8080:1747647655714:,1747647665895
counter/5/0/0/0,8081:1747647655715:,1747647665895
counter/3/0/0/0,8705:1747647656466:,1747647665895
counter/3/0/0/0,8706:1747647656471:,1747647665896
counter/3/0/0/0,8707:1747647656472:,1747647665896
counter/10/0/0/0,7662:1747647655473:,1747647665896
counter/10/0/0/0,7663:1747647655485:,1747647665896
counter/10/0/0/0,7664:1747647655485:,1747647665896
counter/10/0/0/0,7665:1747647655485:,1747647665896
counter/10/0/0/0,7666:1747647655485:,1747647665896
counter/10/0/0/0,7667:1747647655485:,1747647665896
counter/10/0/0/0,7668:1747647655485:,1747647665896
counter/10/0/0/0,7669:1747647655485:,1747647665896
counter/10/0/0/0,7670:1747647655485:,1747647665896
counter/6/0/0/0,7440:1747647655800:,1747647665896
counter/6/0/0/0,7441:1747647655800:,1747647665896
counter/6/0/0/0,7442:1747647655800:,1747647665896
counter/1/0/0/0,9055:1747647656727:,1747647665896
counter/9/0/0/0,8520:1747647655943:,1747647665896
counter/9/0/0/0,8521:1747647655943:,1747647665896
counter/1/0/0/0,9056:1747647656727:,1747647665897
counter/1/0/0/0,9057:1747647656742:,1747647665898
counter/1/0/0/0,9058:1747647656743:,1747647665898
counter/1/0/0/0,9059:1747647656743:,1747647665898
counter/1/0/0/0,9060:1747647656743:,1747647665898
counter/1/0/0/0,9061:1747647656743:,1747647665898
counter/1/0/0/0,9062:1747647656747:,1747647665898
counter/1/0/0/0,9063:1747647656747:,1747647665898
counter/7/0/0/0,8042:1747647655930:,1747647665898
counter/7/0/0/0,8043:1747647655930:,1747647665898
counter/7/0/0/0,8044:1747647655930:,1747647665898
counter/2/0/0/0,8018:1747647655140:,1747647665898
counter/3/0/0/0,8708:1747647656472:,1747647665898
counter/3/0/0/0,8709:1747647656472:,1747647665899
counter/9/0/0/0,8522:1747647655943:,1747647665899
counter/3/0/0/0,8710:1747647656472:,1747647665899
counter/3/0/0/0,8711:1747647656472:,1747647665899
counter/3/0/0/0,8712:1747647656472:,1747647665899
counter/3/0/0/0,8713:1747647656472:,1747647665899
counter/3/0/0/0,8714:1747647656472:,1747647665899
counter/3/0/0/0,8715:1747647656472:,1747647665899
counter/8/0/0/0,8321:1747647655535:,1747647665899
counter/8/0/0/0,8322:1747647655537:,1747647665900
counter/8/0/0/0,8323:1747647655537:,1747647665900
counter/3/0/0/0,8716:1747647656472:,1747647665900
counter/3/0/0/0,8717:1747647656472:,1747647665900
counter/3/0/0/0,8718:1747647656472:,1747647665900
counter/3/0/0/0,8719:1747647656472:,1747647665900
counter/3/0/0/0,8720:1747647656472:,1747647665900
counter/3/0/0/0,8721:1747647656477:,1747647665900
counter/3/0/0/0,8722:1747647656477:,1747647665900
counter/3/0/0/0,8723:1747647656477:,1747647665900
counter/3/0/0/0,8724:1747647656477:,1747647665900
counter/3/0/0/0,8725:1747647656477:,1747647665900
counter/3/0/0/0,8726:1747647656477:,1747647665900
counter/3/0/0/0,8727:1747647656477:,1747647665901
counter/4/0/0/0,8202:1747647656698:,1747647665901
counter/3/0/0/0,8728:1747647656477:,1747647665901
counter/4/0/0/0,8203:1747647656698:,1747647665901
counter/9/0/0/0,8523:1747647655943:,1747647665901
counter/9/0/0/0,8524:1747647655943:,1747647665903
counter/9/0/0/0,8525:1747647655943:,1747647665903
counter/7/0/0/0,8045:1747647655935:,1747647665904
counter/1/0/0/0,9064:1747647656747:,1747647665905
counter/1/0/0/0,9065:1747647656747:,1747647665905
counter/1/0/0/0,9066:1747647656747:,1747647665905
counter/10/0/0/0,7671:1747647655486:,1747647665905
counter/1/0/0/0,9067:1747647656747:,1747647665905
counter/1/0/0/0,9068:1747647656748:,1747647665905
counter/1/0/0/0,9069:1747647656748:,1747647665905
counter/4/0/0/0,8204:1747647656699:,1747647665906
counter/4/0/0/0,8205:1747647656699:,1747647665906
counter/4/0/0/0,8206:1747647656699:,1747647665906
counter/4/0/0/0,8207:1747647656700:,1747647665906
counter/4/0/0/0,8208:1747647656700:,1747647665906
counter/4/0/0/0,8209:1747647656700:,1747647665906
counter/1/0/0/0,9070:1747647656748:,1747647665906
counter/1/0/0/0,9071:1747647656748:,1747647665906
counter/1/0/0/0,9072:1747647656748:,1747647665906
counter/1/0/0/0,9073:1747647656748:,1747647665906
counter/1/0/0/0,9074:1747647656748:,1747647665906
counter/1/0/0/0,9075:1747647656748:,1747647665906
counter/1/0/0/0,9076:1747647656751:,1747647665906
counter/3/0/0/0,8729:1747647656477:,1747647665906
counter/3/0/0/0,8730:1747647656483:,1747647665906
counter/1/0/0/0,9077:1747647656751:,1747647665908
counter/3/0/0/0,8731:1747647656483:,1747647665908
counter/3/0/0/0,8732:1747647656483:,1747647665908
counter/3/0/0/0,8733:1747647656484:,1747647665908
counter/3/0/0/0,8734:1747647656484:,1747647665908
counter/3/0/0/0,8735:1747647656484:,1747647665908
counter/3/0/0/0,8736:1747647656484:,1747647665908
counter/3/0/0/0,8737:1747647656484:,1747647665908
counter/3/0/0/0,8738:1747647656484:,1747647665908
counter/3/0/0/0,8739:1747647656484:,1747647665908
counter/3/0/0/0,8740:1747647656484:,1747647665908
counter/3/0/0/0,8741:1747647656484:,1747647665908
counter/3/0/0/0,8742:1747647656484:,1747647665908
counter/3/0/0/0,8743:1747647656484:,1747647665908
counter/3/0/0/0,8744:1747647656484:,1747647665908
counter/3/0/0/0,8745:1747647656484:,1747647665908
counter/3/0/0/0,8746:1747647656484:,1747647665909
counter/3/0/0/0,8747:1747647656484:,1747647665909
counter/3/0/0/0,8748:1747647656484:,1747647665909
counter/3/0/0/0,8749:1747647656484:,1747647665909
counter/2/0/0/0,8019:1747647655140:,1747647665910
counter/2/0/0/0,8020:1747647655140:,1747647665910
counter/2/0/0/0,8021:1747647655140:,1747647665910
counter/2/0/0/0,8022:1747647655140:,1747647665910
counter/5/0/0/0,8082:1747647655715:,1747647665910
counter/5/0/0/0,8083:1747647655715:,1747647665910
counter/5/0/0/0,8084:1747647655715:,1747647665910
counter/1/0/0/0,9078:1747647656751:,1747647665910
counter/1/0/0/0,9079:1747647656751:,1747647665910
counter/1/0/0/0,9080:1747647656751:,1747647665910
counter/1/0/0/0,9081:1747647656751:,1747647665910
counter/1/0/0/0,9082:1747647656751:,1747647665910
counter/7/0/0/0,8046:1747647655935:,1747647665910
counter/1/0/0/0,9083:1747647656755:,1747647665911
counter/1/0/0/0,9084:1747647656755:,1747647665911
counter/1/0/0/0,9085:1747647656755:,1747647665911
counter/9/0/0/0,8526:1747647655943:,1747647665911
counter/9/0/0/0,8527:1747647655943:,1747647665911
counter/6/0/0/0,7443:1747647655800:,1747647665911
counter/6/0/0/0,7444:1747647655810:,1747647665911
counter/6/0/0/0,7445:1747647655810:,1747647665911
counter/6/0/0/0,7446:1747647655810:,1747647665911
counter/6/0/0/0,7447:1747647655810:,1747647665912
counter/5/0/0/0,8085:1747647655715:,1747647665912
counter/5/0/0/0,8086:1747647655715:,1747647665912
counter/5/0/0/0,8087:1747647655715:,1747647665912
counter/1/0/0/0,9086:1747647656755:,1747647665914
counter/1/0/0/0,9087:1747647656755:,1747647665915
counter/1/0/0/0,9088:1747647656756:,1747647665915
counter/1/0/0/0,9089:1747647656757:,1747647665915
counter/6/0/0/0,7448:1747647655810:,1747647665915
counter/6/0/0/0,7449:1747647655810:,1747647665915
counter/6/0/0/0,7450:1747647655810:,1747647665915
counter/6/0/0/0,7451:1747647655810:,1747647665915
counter/6/0/0/0,7452:1747647655810:,1747647665915
counter/6/0/0/0,7453:1747647655810:,1747647665915
counter/6/0/0/0,7454:1747647655811:,1747647665915
counter/6/0/0/0,7455:1747647655813:,1747647665915
counter/6/0/0/0,7456:1747647655813:,1747647665915
counter/6/0/0/0,7457:1747647655813:,1747647665915
counter/6/0/0/0,7458:1747647655813:,1747647665916
counter/6/0/0/0,7459:1747647655813:,1747647665916
counter/6/0/0/0,7460:1747647655813:,1747647665916
counter/6/0/0/0,7461:1747647655814:,1747647665916
counter/6/0/0/0,7462:1747647655814:,1747647665916
counter/1/0/0/0,9090:1747647656757:,1747647665916
counter/1/0/0/0,9091:1747647656757:,1747647665917
counter/1/0/0/0,9092:1747647656757:,1747647665917
counter/8/0/0/0,8324:1747647655537:,1747647665917
counter/8/0/0/0,8325:1747647655537:,1747647665917
counter/8/0/0/0,8326:1747647655538:,1747647665917
counter/7/0/0/0,8047:1747647655935:,1747647665917
counter/7/0/0/0,8048:1747647655935:,1747647665917
counter/3/0/0/0,8750:1747647656484:,1747647665917
counter/2/0/0/0,8023:1747647655140:,1747647665917
counter/2/0/0/0,8024:1747647655140:,1747647665917
counter/2/0/0/0,8025:1747647655141:,1747647665917
counter/2/0/0/0,8026:1747647655141:,1747647665918
counter/2/0/0/0,8027:1747647655141:,1747647665918
counter/1/0/0/0,9093:1747647656757:,1747647665918
counter/1/0/0/0,9094:1747647656757:,1747647665918
counter/1/0/0/0,9095:1747647656757:,1747647665918
counter/8/0/0/0,8327:1747647655538:,1747647665918
counter/7/0/0/0,8049:1747647655935:,1747647665918
counter/2/0/0/0,8028:1747647655141:,1747647665918
counter/1/0/0/0,9096:1747647656757:,1747647665918
counter/1/0/0/0,9097:1747647656757:,1747647665918
counter/1/0/0/0,9098:1747647656757:,1747647665918
counter/1/0/0/0,9099:1747647656757:,1747647665918
counter/1/0/0/0,9100:1747647656757:,1747647665918
counter/1/0/0/0,9101:1747647656757:,1747647665919
counter/1/0/0/0,9102:1747647656757:,1747647665919
counter/3/0/0/0,8751:1747647656484:,1747647665920
counter/4/0/0/0,8210:1747647656700:,1747647665920
counter/4/0/0/0,8211:1747647656700:,1747647665920
counter/4/0/0/0,8212:1747647656700:,1747647665920
counter/4/0/0/0,8213:1747647656700:,1747647665920
counter/4/0/0/0,8214:1747647656700:,1747647665920
counter/4/0/0/0,8215:1747647656700:,1747647665920
counter/4/0/0/0,8216:1747647656700:,1747647665920
counter/9/0/0/0,8528:1747647655943:,1747647665920
counter/4/0/0/0,8217:1747647656700:,1747647665920
counter/4/0/0/0,8218:1747647656700:,1747647665920
counter/10/0/0/0,7672:1747647655486:,1747647665920
counter/9/0/0/0,8529:1747647655943:,1747647665920
counter/7/0/0/0,8050:1747647655935:,1747647665921
counter/7/0/0/0,8051:1747647655935:,1747647665921
counter/7/0/0/0,8052:1747647655935:,1747647665921
counter/7/0/0/0,8053:1747647655935:,1747647665921
counter/7/0/0/0,8054:1747647655935:,1747647665922
counter/7/0/0/0,8055:1747647655935:,1747647665922
counter/9/0/0/0,8530:1747647655943:,1747647665922
counter/7/0/0/0,8056:1747647655935:,1747647665922
counter/7/0/0/0,8057:1747647655935:,1747647665922
counter/7/0/0/0,8058:1747647655935:,1747647665922
counter/1/0/0/0,9103:1747647656757:,1747647665922
counter/7/0/0/0,8059:1747647655953:,1747647665922
counter/1/0/0/0,9104:1747647656757:,1747647665923
counter/7/0/0/0,8060:1747647655953:,1747647665923
counter/8/0/0/0,8328:1747647655538:,1747647665924
counter/5/0/0/0,8088:1747647655715:,1747647665924
counter/5/0/0/0,8089:1747647655715:,1747647665924
counter/5/0/0/0,8090:1747647655715:,1747647665924
counter/3/0/0/0,8752:1747647656484:,1747647665925
counter/3/0/0/0,8753:1747647656484:,1747647665925
counter/10/0/0/0,7673:1747647655486:,1747647665925
counter/9/0/0/0,8531:1747647655943:,1747647665926
counter/9/0/0/0,8532:1747647655943:,1747647665927
counter/9/0/0/0,8533:1747647655944:,1747647665927
counter/9/0/0/0,8534:1747647655944:,1747647665927
counter/9/0/0/0,8535:1747647655944:,1747647665927
counter/4/0/0/0,8219:1747647656700:,1747647665927
counter/4/0/0/0,8220:1747647656700:,1747647665927
counter/4/0/0/0,8221:1747647656700:,1747647665927
counter/5/0/0/0,8091:1747647655715:,1747647665927
counter/3/0/0/0,8754:1747647656486:,1747647665931
counter/5/0/0/0,8092:1747647655715:,1747647665931
counter/6/0/0/0,7463:1747647655814:,1747647665931
counter/6/0/0/0,7464:1747647655815:,1747647665931
counter/6/0/0/0,7465:1747647655815:,1747647665931
counter/9/0/0/0,8536:1747647655944:,1747647665932
counter/9/0/0/0,8537:1747647655944:,1747647665932
counter/4/0/0/0,8222:1747647656700:,1747647665932
counter/8/0/0/0,8329:1747647655538:,1747647665932
counter/2/0/0/0,8029:1747647655141:,1747647665933
counter/2/0/0/0,8030:1747647655141:,1747647665933
counter/2/0/0/0,8031:1747647655144:,1747647665933
counter/2/0/0/0,8032:1747647655144:,1747647665933
counter/2/0/0/0,8033:1747647655144:,1747647665933
counter/2/0/0/0,8034:1747647655144:,1747647665933
counter/2/0/0/0,8035:1747647655144:,1747647665933
counter/2/0/0/0,8036:1747647655144:,1747647665933
counter/2/0/0/0,8037:1747647655144:,1747647665933
counter/2/0/0/0,8038:1747647655144:,1747647665933
counter/2/0/0/0,8039:1747647655145:,1747647665933
counter/2/0/0/0,8040:1747647655145:,1747647665933
counter/6/0/0/0,7466:1747647655815:,1747647665933
counter/5/0/0/0,8093:1747647655715:,1747647665933
counter/5/0/0/0,8094:1747647655715:,1747647665933
counter/5/0/0/0,8095:1747647655715:,1747647665933
counter/5/0/0/0,8096:1747647655715:,1747647665934
counter/5/0/0/0,8097:1747647655715:,1747647665934
counter/5/0/0/0,8098:1747647655715:,1747647665934
counter/5/0/0/0,8099:1747647655715:,1747647665934
counter/3/0/0/0,8755:1747647656486:,1747647665935
counter/3/0/0/0,8756:1747647656487:,1747647665935
counter/4/0/0/0,8223:1747647656700:,1747647665935
counter/3/0/0/0,8757:1747647656487:,1747647665935
counter/5/0/0/0,8100:1747647655715:,1747647665935
counter/3/0/0/0,8758:1747647656487:,1747647665935
counter/5/0/0/0,8101:1747647655715:,1747647665935
counter/7/0/0/0,8061:1747647655953:,1747647665935
counter/8/0/0/0,8330:1747647655538:,1747647665935
counter/8/0/0/0,8331:1747647655538:,1747647665935
counter/8/0/0/0,8332:1747647655538:,1747647665935
counter/8/0/0/0,8333:1747647655538:,1747647665935
counter/6/0/0/0,7467:1747647655815:,1747647665936
counter/5/0/0/0,8102:1747647655715:,1747647665936
counter/5/0/0/0,8103:1747647655720:,1747647665936
counter/5/0/0/0,8104:1747647655720:,1747647665937
counter/9/0/0/0,8538:1747647655944:,1747647665937
counter/8/0/0/0,8334:1747647655538:,1747647665937
counter/9/0/0/0,8539:1747647655949:,1747647665937
counter/9/0/0/0,8540:1747647655949:,1747647665937
counter/5/0/0/0,8105:1747647655720:,1747647665938
counter/7/0/0/0,8062:1747647655953:,1747647665938
counter/7/0/0/0,8063:1747647655958:,1747647665938
counter/7/0/0/0,8064:1747647655958:,1747647665938
counter/7/0/0/0,8065:1747647655958:,1747647665938
counter/7/0/0/0,8066:1747647655958:,1747647665938
counter/9/0/0/0,8541:1747647655949:,1747647665939
counter/7/0/0/0,8067:1747647655962:,1747647665939
counter/1/0/0/0,9105:1747647656757:,1747647665939
counter/7/0/0/0,8068:1747647655964:,1747647665939
counter/7/0/0/0,8069:1747647655964:,1747647665939
counter/2/0/0/0,8041:1747647655153:,1747647665939
counter/7/0/0/0,8070:1747647655965:,1747647665939
counter/6/0/0/0,7468:1747647655815:,1747647665940
counter/4/0/0/0,8224:1747647656700:,1747647665941
counter/2/0/0/0,8042:1747647655153:,1747647665941
counter/10/0/0/0,7674:1747647655487:,1747647665941
counter/6/0/0/0,7469:1747647655815:,1747647665941
counter/5/0/0/0,8106:1747647655720:,1747647665941
counter/5/0/0/0,8107:1747647655720:,1747647665941
counter/5/0/0/0,8108:1747647655721:,1747647665941
counter/9/0/0/0,8542:1747647655950:,1747647665941
counter/3/0/0/0,8759:1747647656487:,1747647665941
counter/7/0/0/0,8071:1747647655965:,1747647665941
counter/3/0/0/0,8760:1747647656487:,1747647665941
counter/1/0/0/0,9106:1747647656757:,1747647665941
counter/4/0/0/0,8225:1747647656700:,1747647665942
counter/8/0/0/0,8335:1747647655538:,1747647665942
counter/8/0/0/0,8336:1747647655545:,1747647665942
counter/8/0/0/0,8337:1747647655545:,1747647665942
counter/8/0/0/0,8338:1747647655545:,1747647665942
counter/8/0/0/0,8339:1747647655546:,1747647665943
counter/8/0/0/0,8340:1747647655546:,1747647665943
counter/8/0/0/0,8341:1747647655557:,1747647665943
counter/8/0/0/0,8342:1747647655557:,1747647665943
counter/8/0/0/0,8343:1747647655557:,1747647665943
counter/8/0/0/0,8344:1747647655557:,1747647665943
counter/8/0/0/0,8345:1747647655557:,1747647665943
counter/4/0/0/0,8226:1747647656700:,1747647665943
counter/9/0/0/0,8543:1747647655950:,1747647665943
counter/1/0/0/0,9107:1747647656757:,1747647665944
counter/1/0/0/0,9108:1747647656757:,1747647665944
counter/1/0/0/0,9109:1747647656757:,1747647665944
counter/10/0/0/0,7675:1747647655487:,1747647665947
counter/10/0/0/0,7676:1747647655487:,1747647665948
counter/2/0/0/0,8043:1747647655153:,1747647665948
counter/10/0/0/0,7677:1747647655487:,1747647665948
counter/2/0/0/0,8044:1747647655153:,1747647665948
counter/2/0/0/0,8045:1747647655153:,1747647665948
counter/2/0/0/0,8046:1747647655153:,1747647665948
counter/1/0/0/0,9110:1747647656757:,1747647665948
counter/1/0/0/0,9111:1747647656757:,1747647665948
counter/1/0/0/0,9112:1747647656757:,1747647665948
counter/1/0/0/0,9113:1747647656760:,1747647665948
counter/1/0/0/0,9114:1747647656760:,1747647665948
counter/1/0/0/0,9115:1747647656760:,1747647665948
counter/1/0/0/0,9116:1747647656762:,1747647665948
counter/1/0/0/0,9117:1747647656762:,1747647665948
counter/10/0/0/0,7678:1747647655487:,1747647665949
counter/6/0/0/0,7470:1747647655815:,1747647665949
counter/4/0/0/0,8227:1747647656700:,1747647665949
counter/5/0/0/0,8109:1747647655721:,1747647665949
counter/5/0/0/0,8110:1747647655721:,1747647665949
counter/9/0/0/0,8544:1747647655950:,1747647665949
counter/3/0/0/0,8761:1747647656487:,1747647665949
counter/10/0/0/0,7679:1747647655487:,1747647665950
counter/2/0/0/0,8047:1747647655153:,1747647665951
counter/2/0/0/0,8048:1747647655153:,1747647665951
counter/2/0/0/0,8049:1747647655153:,1747647665952
counter/2/0/0/0,8050:1747647655153:,1747647665952
counter/2/0/0/0,8051:1747647655153:,1747647665952
counter/10/0/0/0,7680:1747647655487:,1747647665953
counter/8/0/0/0,8346:1747647655558:,1747647665955
counter/1/0/0/0,9118:1747647656762:,1747647665956
counter/6/0/0/0,7471:1747647655815:,1747647665956
counter/6/0/0/0,7472:1747647655815:,1747647665956
counter/6/0/0/0,7473:1747647655815:,1747647665956
counter/6/0/0/0,7474:1747647655815:,1747647665956
counter/6/0/0/0,7475:1747647655815:,1747647665956
counter/6/0/0/0,7476:1747647655815:,1747647665957
counter/9/0/0/0,8545:1747647655950:,1747647665957
counter/6/0/0/0,7477:1747647655815:,1747647665957
counter/1/0/0/0,9119:1747647656762:,1747647665957
counter/1/0/0/0,9120:1747647656762:,1747647665957
counter/1/0/0/0,9121:1747647656762:,1747647665957
counter/9/0/0/0,8546:1747647655950:,1747647665958
counter/9/0/0/0,8547:1747647655950:,1747647665959
counter/9/0/0/0,8548:1747647655950:,1747647665959
counter/9/0/0/0,8549:1747647655950:,1747647665959
counter/1/0/0/0,9122:1747647656771:,1747647665959
counter/1/0/0/0,9123:1747647656771:,1747647665959
counter/1/0/0/0,9124:1747647656771:,1747647665959
counter/1/0/0/0,9125:1747647656771:,1747647665959
counter/1/0/0/0,9126:1747647656771:,1747647665959
counter/1/0/0/0,9127:1747647656771:,1747647665959
counter/1/0/0/0,9128:1747647656771:,1747647665959
counter/3/0/0/0,8762:1747647656487:,1747647665959
counter/3/0/0/0,8763:1747647656487:,1747647665959
counter/6/0/0/0,7478:1747647655815:,1747647665959
counter/3/0/0/0,8764:1747647656487:,1747647665959
counter/3/0/0/0,8765:1747647656487:,1747647665959
counter/2/0/0/0,8052:1747647655153:,1747647665959
counter/2/0/0/0,8053:1747647655153:,1747647665959
counter/2/0/0/0,8054:1747647655161:,1747647665960
counter/2/0/0/0,8055:1747647655167:,1747647665960
counter/2/0/0/0,8056:1747647655167:,1747647665960
counter/2/0/0/0,8057:1747647655167:,1747647665960
counter/2/0/0/0,8058:1747647655167:,1747647665960
counter/2/0/0/0,8059:1747647655167:,1747647665960
counter/2/0/0/0,8060:1747647655169:,1747647665961
counter/2/0/0/0,8061:1747647655169:,1747647665961
counter/2/0/0/0,8062:1747647655169:,1747647665961
counter/2/0/0/0,8063:1747647655169:,1747647665961
counter/2/0/0/0,8064:1747647655180:,1747647665961
counter/2/0/0/0,8065:1747647655182:,1747647665961
counter/2/0/0/0,8066:1747647655182:,1747647665961
counter/2/0/0/0,8067:1747647655182:,1747647665961
counter/2/0/0/0,8068:1747647655182:,1747647665961
counter/2/0/0/0,8069:1747647655182:,1747647665961
counter/2/0/0/0,8070:1747647655182:,1747647665961
counter/3/0/0/0,8766:1747647656487:,1747647665961
counter/1/0/0/0,9129:1747647656771:,1747647665961
counter/9/0/0/0,8550:1747647655950:,1747647665961
counter/1/0/0/0,9130:1747647656771:,1747647665961
counter/9/0/0/0,8551:1747647655950:,1747647665961
counter/1/0/0/0,9131:1747647656771:,1747647665962
counter/4/0/0/0,8228:1747647656700:,1747647665962
counter/4/0/0/0,8229:1747647656700:,1747647665963
counter/4/0/0/0,8230:1747647656704:,1747647665963
counter/4/0/0/0,8231:1747647656704:,1747647665963
counter/4/0/0/0,8232:1747647656704:,1747647665963
counter/4/0/0/0,8233:1747647656704:,1747647665963
counter/4/0/0/0,8234:1747647656704:,1747647665963
counter/4/0/0/0,8235:1747647656704:,1747647665963
counter/4/0/0/0,8236:1747647656705:,1747647665963
counter/3/0/0/0,8767:1747647656487:,1747647665963
counter/8/0/0/0,8347:1747647655558:,1747647665963
counter/10/0/0/0,7681:1747647655487:,1747647665965
counter/10/0/0/0,7682:1747647655490:,1747647665965
counter/10/0/0/0,7683:1747647655490:,1747647665965
counter/10/0/0/0,7684:1747647655490:,1747647665965
counter/10/0/0/0,7685:1747647655494:,1747647665965
counter/10/0/0/0,7686:1747647655494:,1747647665965
counter/10/0/0/0,7687:1747647655494:,1747647665965
counter/10/0/0/0,7688:1747647655494:,1747647665965
counter/10/0/0/0,7689:1747647655494:,1747647665965
counter/10/0/0/0,7690:1747647655494:,1747647665965
counter/1/0/0/0,9132:1747647656773:,1747647665965
counter/2/0/0/0,8071:1747647655182:,1747647665966
counter/1/0/0/0,9133:1747647656773:,1747647665968
counter/7/0/0/0,8072:1747647655965:,1747647665968
counter/7/0/0/0,8073:1747647655965:,1747647665968
counter/7/0/0/0,8074:1747647655965:,1747647665968
counter/7/0/0/0,8075:1747647655966:,1747647665968
counter/7/0/0/0,8076:1747647655966:,1747647665968
counter/7/0/0/0,8077:1747647655966:,1747647665968
counter/7/0/0/0,8078:1747647655966:,1747647665968
counter/3/0/0/0,8768:1747647656487:,1747647665968
counter/3/0/0/0,8769:1747647656487:,1747647665968
counter/3/0/0/0,8770:1747647656487:,1747647665968
counter/3/0/0/0,8771:1747647656487:,1747647665969
counter/3/0/0/0,8772:1747647656491:,1747647665969
counter/3/0/0/0,8773:1747647656491:,1747647665969
counter/3/0/0/0,8774:1747647656491:,1747647665969
counter/3/0/0/0,8775:1747647656491:,1747647665969
counter/9/0/0/0,8552:1747647655950:,1747647665969
counter/9/0/0/0,8553:1747647655950:,1747647665969
counter/9/0/0/0,8554:1747647655951:,1747647665969
counter/9/0/0/0,8555:1747647655951:,1747647665969
counter/9/0/0/0,8556:1747647655954:,1747647665969
counter/3/0/0/0,8776:1747647656491:,1747647665969
counter/5/0/0/0,8111:1747647655721:,1747647665969
counter/10/0/0/0,7691:1747647655494:,1747647665970
counter/2/0/0/0,8072:1747647655182:,1747647665970
counter/9/0/0/0,8557:1747647655954:,1747647665972
counter/9/0/0/0,8558:1747647655954:,1747647665972
counter/9/0/0/0,8559:1747647655954:,1747647665972
counter/9/0/0/0,8560:1747647655954:,1747647665972
counter/9/0/0/0,8561:1747647655954:,1747647665972
counter/9/0/0/0,8562:1747647655954:,1747647665972
counter/9/0/0/0,8563:1747647655954:,1747647665972
counter/9/0/0/0,8564:1747647655954:,1747647665972
counter/9/0/0/0,8565:1747647655954:,1747647665972
counter/9/0/0/0,8566:1747647655962:,1747647665972
counter/3/0/0/0,8777:1747647656491:,1747647665972
counter/9/0/0/0,8567:1747647655971:,1747647665973
counter/6/0/0/0,7479:1747647655815:,1747647665973
counter/6/0/0/0,7480:1747647655815:,1747647665973
counter/6/0/0/0,7481:1747647655815:,1747647665973
counter/6/0/0/0,7482:1747647655815:,1747647665973
counter/6/0/0/0,7483:1747647655815:,1747647665973
counter/10/0/0/0,7692:1747647655494:,1747647665973
counter/1/0/0/0,9134:1747647656773:,1747647665974
counter/4/0/0/0,8237:1747647656705:,1747647665974
counter/1/0/0/0,9135:1747647656773:,1747647665974
counter/1/0/0/0,9136:1747647656773:,1747647665974
counter/1/0/0/0,9137:1747647656774:,1747647665974
counter/1/0/0/0,9138:1747647656774:,1747647665974
counter/1/0/0/0,9139:1747647656774:,1747647665974
counter/1/0/0/0,9140:1747647656774:,1747647665974
counter/1/0/0/0,9141:1747647656774:,1747647665974
counter/1/0/0/0,9142:1747647656774:,1747647665974
counter/1/0/0/0,9143:1747647656775:,1747647665974
counter/1/0/0/0,9144:1747647656775:,1747647665974
counter/6/0/0/0,7484:1747647655815:,1747647665974
counter/9/0/0/0,8568:1747647655971:,1747647665975
counter/9/0/0/0,8569:1747647655971:,1747647665975
counter/10/0/0/0,7693:1747647655495:,1747647665975
counter/10/0/0/0,7694:1747647655497:,1747647665975
counter/10/0/0/0,7695:1747647655504:,1747647665975
counter/3/0/0/0,8778:1747647656491:,1747647665975
counter/7/0/0/0,8079:1747647655966:,1747647665976
counter/7/0/0/0,8080:1747647655966:,1747647665976
counter/7/0/0/0,8081:1747647655971:,1747647665976
counter/7/0/0/0,8082:1747647655971:,1747647665976
counter/7/0/0/0,8083:1747647655971:,1747647665976
counter/7/0/0/0,8084:1747647655971:,1747647665976
counter/7/0/0/0,8085:1747647655972:,1747647665976
counter/7/0/0/0,8086:1747647655972:,1747647665976
counter/7/0/0/0,8087:1747647655972:,1747647665976
counter/7/0/0/0,8088:1747647655974:,1747647665976
counter/7/0/0/0,8089:1747647655975:,1747647665977
counter/10/0/0/0,7696:1747647655504:,1747647665977
counter/7/0/0/0,8090:1747647655975:,1747647665977
counter/10/0/0/0,7697:1747647655504:,1747647665977
counter/2/0/0/0,8073:1747647655182:,1747647665978
counter/2/0/0/0,8074:1747647655182:,1747647665978
counter/2/0/0/0,8075:1747647655182:,1747647665978
counter/2/0/0/0,8076:1747647655182:,1747647665978
counter/2/0/0/0,8077:1747647655204:,1747647665978
counter/2/0/0/0,8078:1747647655204:,1747647665978
counter/2/0/0/0,8079:1747647655204:,1747647665978
counter/2/0/0/0,8080:1747647655204:,1747647665978
counter/2/0/0/0,8081:1747647655204:,1747647665978
counter/7/0/0/0,8091:1747647655975:,1747647665978
counter/6/0/0/0,7485:1747647655816:,1747647665979
counter/2/0/0/0,8082:1747647655204:,1747647665979
counter/2/0/0/0,8083:1747647655204:,1747647665980
counter/7/0/0/0,8092:1747647655978:,1747647665980
counter/2/0/0/0,8084:1747647655213:,1747647665980
counter/2/0/0/0,8085:1747647655213:,1747647665980
counter/2/0/0/0,8086:1747647655213:,1747647665980
counter/2/0/0/0,8087:1747647655213:,1747647665980
counter/2/0/0/0,8088:1747647655213:,1747647665980
counter/2/0/0/0,8089:1747647655213:,1747647665980
counter/2/0/0/0,8090:1747647655214:,1747647665980
counter/2/0/0/0,8091:1747647655214:,1747647665980
counter/2/0/0/0,8092:1747647655220:,1747647665981
counter/3/0/0/0,8779:1747647656491:,1747647665981
counter/2/0/0/0,8093:1747647655220:,1747647665981
counter/4/0/0/0,8238:1747647656706:,1747647665984
counter/1/0/0/0,9145:1747647656775:,1747647665984
counter/1/0/0/0,9146:1747647656775:,1747647665984
counter/1/0/0/0,9147:1747647656775:,1747647665984
counter/1/0/0/0,9148:1747647656775:,1747647665984
counter/1/0/0/0,9149:1747647656775:,1747647665984
counter/10/0/0/0,7698:1747647655505:,1747647665984
counter/5/0/0/0,8112:1747647655721:,1747647665984
counter/10/0/0/0,7699:1747647655505:,1747647665984
counter/1/0/0/0,9150:1747647656775:,1747647665985
counter/2/0/0/0,8094:1747647655220:,1747647665986
counter/9/0/0/0,8570:1747647655971:,1747647665986
counter/10/0/0/0,7700:1747647655505:,1747647665986
counter/10/0/0/0,7701:1747647655506:,1747647665987
counter/2/0/0/0,8095:1747647655220:,1747647665989
counter/2/0/0/0,8096:1747647655220:,1747647665992
counter/2/0/0/0,8097:1747647655220:,1747647665992
counter/10/0/0/0,7702:1747647655506:,1747647665992
counter/10/0/0/0,7703:1747647655506:,1747647665992
counter/10/0/0/0,7704:1747647655506:,1747647665992
counter/10/0/0/0,7705:1747647655506:,1747647665992
counter/10/0/0/0,7706:1747647655506:,1747647665992
counter/8/0/0/0,8348:1747647655558:,1747647665992
counter/1/0/0/0,9151:1747647656775:,1747647665993
counter/5/0/0/0,8113:1747647655721:,1747647665993
counter/4/0/0/0,8239:1747647656706:,1747647665994
counter/4/0/0/0,8240:1747647656706:,1747647665994
counter/4/0/0/0,8241:1747647656723:,1747647665994
counter/4/0/0/0,8242:1747647656728:,1747647665994
counter/4/0/0/0,8243:1747647656733:,1747647665994
counter/4/0/0/0,8244:1747647656734:,1747647665994
counter/4/0/0/0,8245:1747647656734:,1747647665994
counter/4/0/0/0,8246:1747647656734:,1747647665994
counter/4/0/0/0,8247:1747647656734:,1747647665994
counter/4/0/0/0,8248:1747647656734:,1747647665994
counter/10/0/0/0,7707:1747647655506:,1747647665994
counter/5/0/0/0,8114:1747647655721:,1747647665994
counter/7/0/0/0,8093:1747647655978:,1747647665995
counter/8/0/0/0,8349:1747647655558:,1747647665995
counter/8/0/0/0,8350:1747647655558:,1747647665995
counter/8/0/0/0,8351:1747647655558:,1747647665995
counter/8/0/0/0,8352:1747647655558:,1747647665995
counter/8/0/0/0,8353:1747647655558:,1747647665995
counter/8/0/0/0,8354:1747647655558:,1747647665995
counter/8/0/0/0,8355:1747647655558:,1747647665995
counter/8/0/0/0,8356:1747647655561:,1747647665995
counter/8/0/0/0,8357:1747647655590:,1747647665995
counter/8/0/0/0,8358:1747647655590:,1747647665995
counter/5/0/0/0,8115:1747647655721:,1747647665995
counter/8/0/0/0,8359:1747647655590:,1747647665995
counter/5/0/0/0,8116:1747647655721:,1747647665995
counter/5/0/0/0,8117:1747647655721:,1747647665995
counter/4/0/0/0,8249:1747647656734:,1747647665995
counter/4/0/0/0,8250:1747647656734:,1747647665995
counter/4/0/0/0,8251:1747647656735:,1747647665996
counter/4/0/0/0,8252:1747647656736:,1747647665996
counter/4/0/0/0,8253:1747647656736:,1747647665996
counter/4/0/0/0,8254:1747647656736:,1747647665996
counter/4/0/0/0,8255:1747647656739:,1747647665996
counter/4/0/0/0,8256:1747647656739:,1747647665996
counter/4/0/0/0,8257:1747647656739:,1747647665996
counter/4/0/0/0,8258:1747647656739:,1747647665996
counter/4/0/0/0,8259:1747647656743:,1747647665996
counter/4/0/0/0,8260:1747647656743:,1747647665996
counter/4/0/0/0,8261:1747647656743:,1747647665996
counter/4/0/0/0,8262:1747647656743:,1747647665996
counter/9/0/0/0,8571:1747647655971:,1747647665997
counter/6/0/0/0,7486:1747647655816:,1747647665997
counter/9/0/0/0,8572:1747647655971:,1747647665997
counter/6/0/0/0,7487:1747647655820:,1747647665997
counter/4/0/0/0,8263:1747647656743:,1747647665998
counter/4/0/0/0,8264:1747647656743:,1747647665998
counter/4/0/0/0,8265:1747647656753:,1747647665998
counter/4/0/0/0,8266:1747647656753:,1747647665998
counter/4/0/0/0,8267:1747647656753:,1747647665998
counter/4/0/0/0,8268:1747647656753:,1747647665998
counter/4/0/0/0,8269:1747647656753:,1747647665998
counter/10/0/0/0,7708:1747647655506:,1747647665998
counter/10/0/0/0,7709:1747647655506:,1747647665998
counter/2/0/0/0,8098:1747647655220:,1747647665998
counter/1/0/0/0,9152:1747647656775:,1747647665998
counter/9/0/0/0,8573:1747647655971:,1747647665999
counter/9/0/0/0,8574:1747647655971:,1747647665999
counter/9/0/0/0,8575:1747647655971:,1747647665999
counter/9/0/0/0,8576:1747647655971:,1747647665999
counter/8/0/0/0,8360:1747647655593:,1747647665999
counter/8/0/0/0,8361:1747647655593:,1747647665999
counter/4/0/0/0,8270:1747647656753:,1747647666000
counter/4/0/0/0,8271:1747647656753:,1747647666000
counter/4/0/0/0,8272:1747647656756:,1747647666000
counter/4/0/0/0,8273:1747647656758:,1747647666000
counter/4/0/0/0,8274:1747647656758:,1747647666000
counter/4/0/0/0,8275:1747647656758:,1747647666000
counter/4/0/0/0,8276:1747647656758:,1747647666000
counter/4/0/0/0,8277:1747647656758:,1747647666000
counter/4/0/0/0,8278:1747647656758:,1747647666000
counter/4/0/0/0,8279:1747647656758:,1747647666000
counter/10/0/0/0,7710:1747647655506:,1747647666001
counter/7/0/0/0,8094:1747647655978:,1747647666001
counter/7/0/0/0,8095:1747647655978:,1747647666001
counter/7/0/0/0,8096:1747647655978:,1747647666001
counter/3/0/0/0,8780:1747647656491:,1747647666002
counter/4/0/0/0,8280:1747647656758:,1747647666002
counter/4/0/0/0,8281:1747647656758:,1747647666002
counter/4/0/0/0,8282:1747647656758:,1747647666002
counter/4/0/0/0,8283:1747647656758:,1747647666002
counter/4/0/0/0,8284:1747647656758:,1747647666002
counter/4/0/0/0,8285:1747647656758:,1747647666002
counter/1/0/0/0,9153:1747647656775:,1747647666002
counter/1/0/0/0,9154:1747647656775:,1747647666002
counter/9/0/0/0,8577:1747647655971:,1747647666003
counter/9/0/0/0,8578:1747647655971:,1747647666003
counter/9/0/0/0,8579:1747647655980:,1747647666003
counter/9/0/0/0,8580:1747647655980:,1747647666003
counter/1/0/0/0,9155:1747647656775:,1747647666003
counter/1/0/0/0,9156:1747647656775:,1747647666003
counter/7/0/0/0,8097:1747647655978:,1747647666004
counter/10/0/0/0,7711:1747647655506:,1747647666004
counter/10/0/0/0,7712:1747647655506:,1747647666004
counter/10/0/0/0,7713:1747647655506:,1747647666004
counter/10/0/0/0,7714:1747647655506:,1747647666004
counter/10/0/0/0,7715:1747647655506:,1747647666004
counter/10/0/0/0,7716:1747647655506:,1747647666004
counter/2/0/0/0,8099:1747647655220:,1747647666004
counter/3/0/0/0,8781:1747647656491:,1747647666004
counter/1/0/0/0,9157:1747647656775:,1747647666005
counter/1/0/0/0,9158:1747647656775:,1747647666005
counter/8/0/0/0,8362:1747647655593:,1747647666005
counter/6/0/0/0,7488:1747647655820:,1747647666005
counter/5/0/0/0,8118:1747647655721:,1747647666007
counter/8/0/0/0,8363:1747647655593:,1747647666007
counter/8/0/0/0,8364:1747647655593:,1747647666007
counter/5/0/0/0,8119:1747647655723:,1747647666008
counter/5/0/0/0,8120:1747647655724:,1747647666008
counter/8/0/0/0,8365:1747647655594:,1747647666008
counter/5/0/0/0,8121:1747647655726:,1747647666008
counter/5/0/0/0,8122:1747647655726:,1747647666008
counter/5/0/0/0,8123:1747647655726:,1747647666008
counter/5/0/0/0,8124:1747647655726:,1747647666008
counter/5/0/0/0,8125:1747647655727:,1747647666008
counter/5/0/0/0,8126:1747647655727:,1747647666008
counter/6/0/0/0,7489:1747647655820:,1747647666008
counter/6/0/0/0,7490:1747647655820:,1747647666008
counter/3/0/0/0,8782:1747647656491:,1747647666009
counter/3/0/0/0,8783:1747647656491:,1747647666009
counter/8/0/0/0,8366:1747647655610:,1747647666009
counter/9/0/0/0,8581:1747647655980:,1747647666010
counter/9/0/0/0,8582:1747647655980:,1747647666010
counter/9/0/0/0,8583:1747647655980:,1747647666010
counter/9/0/0/0,8584:1747647655980:,1747647666010
counter/9/0/0/0,8585:1747647655980:,1747647666010
counter/9/0/0/0,8586:1747647655980:,1747647666010
counter/6/0/0/0,7491:1747647655820:,1747647666010
counter/6/0/0/0,7492:1747647655820:,1747647666010
counter/6/0/0/0,7493:1747647655821:,1747647666010
counter/6/0/0/0,7494:1747647655821:,1747647666011
counter/6/0/0/0,7495:1747647655821:,1747647666011
counter/6/0/0/0,7496:1747647655821:,1747647666011
counter/6/0/0/0,7497:1747647655821:,1747647666011
counter/6/0/0/0,7498:1747647655821:,1747647666011
counter/6/0/0/0,7499:1747647655821:,1747647666011
counter/6/0/0/0,7500:1747647655821:,1747647666011
counter/4/0/0/0,8286:1747647656763:,1747647666011
counter/3/0/0/0,8784:1747647656491:,1747647666011
counter/8/0/0/0,8367:1747647655610:,1747647666011
counter/3/0/0/0,8785:1747647656494:,1747647666011
counter/3/0/0/0,8786:1747647656494:,1747647666011
counter/9/0/0/0,8587:1747647655980:,1747647666012
counter/9/0/0/0,8588:1747647655980:,1747647666012
counter/7/0/0/0,8098:1747647655978:,1747647666012
counter/3/0/0/0,8787:1747647656494:,1747647666012
counter/9/0/0/0,8589:1747647655980:,1747647666013
counter/9/0/0/0,8590:1747647655980:,1747647666013
counter/7/0/0/0,8099:1747647655979:,1747647666013
counter/9/0/0/0,8591:1747647655992:,1747647666015
counter/9/0/0/0,8592:1747647655992:,1747647666015
counter/9/0/0/0,8593:1747647655992:,1747647666015
counter/9/0/0/0,8594:1747647655992:,1747647666015
counter/9/0/0/0,8595:1747647655992:,1747647666015
counter/9/0/0/0,8596:1747647655992:,1747647666015
counter/5/0/0/0,8127:1747647655727:,1747647666015
counter/2/0/0/0,8100:1747647655220:,1747647666016
counter/2/0/0/0,8101:1747647655220:,1747647666016
counter/2/0/0/0,8102:1747647655220:,1747647666017
counter/2/0/0/0,8103:1747647655220:,1747647666017
counter/2/0/0/0,8104:1747647655220:,1747647666017
counter/2/0/0/0,8105:1747647655220:,1747647666017
counter/2/0/0/0,8106:1747647655220:,1747647666017
counter/2/0/0/0,8107:1747647655223:,1747647666017
counter/2/0/0/0,8108:1747647655223:,1747647666017
counter/2/0/0/0,8109:1747647655223:,1747647666017
counter/2/0/0/0,8110:1747647655223:,1747647666017
counter/2/0/0/0,8111:1747647655223:,1747647666017
counter/2/0/0/0,8112:1747647655223:,1747647666017
counter/2/0/0/0,8113:1747647655223:,1747647666017
counter/5/0/0/0,8128:1747647655727:,1747647666017
counter/3/0/0/0,8788:1747647656494:,1747647666017
counter/10/0/0/0,7717:1747647655506:,1747647666017
counter/10/0/0/0,7718:1747647655506:,1747647666017
counter/10/0/0/0,7719:1747647655506:,1747647666017
counter/10/0/0/0,7720:1747647655506:,1747647666017
counter/10/0/0/0,7721:1747647655506:,1747647666017
counter/10/0/0/0,7722:1747647655506:,1747647666018
counter/10/0/0/0,7723:1747647655506:,1747647666018
counter/10/0/0/0,7724:1747647655506:,1747647666018
counter/10/0/0/0,7725:1747647655508:,1747647666018
counter/3/0/0/0,8789:1747647656494:,1747647666018
counter/1/0/0/0,9159:1747647656775:,1747647666018
counter/3/0/0/0,8790:1747647656494:,1747647666018
counter/10/0/0/0,7726:1747647655526:,1747647666022
counter/1/0/0/0,9160:1747647656775:,1747647666023
counter/1/0/0/0,9161:1747647656778:,1747647666023
counter/1/0/0/0,9162:1747647656778:,1747647666023
counter/1/0/0/0,9163:1747647656778:,1747647666023
counter/1/0/0/0,9164:1747647656778:,1747647666023
counter/1/0/0/0,9165:1747647656778:,1747647666024
counter/1/0/0/0,9166:1747647656778:,1747647666024
counter/1/0/0/0,9167:1747647656778:,1747647666024
counter/1/0/0/0,9168:1747647656778:,1747647666024
counter/1/0/0/0,9169:1747647656780:,1747647666024
counter/4/0/0/0,8287:1747647656763:,1747647666024
counter/7/0/0/0,8100:1747647655979:,1747647666024
counter/3/0/0/0,8791:1747647656494:,1747647666024
counter/1/0/0/0,9170:1747647656780:,1747647666025
counter/1/0/0/0,9171:1747647656780:,1747647666025
counter/4/0/0/0,8288:1747647656763:,1747647666025
counter/4/0/0/0,8289:1747647656763:,1747647666025
counter/7/0/0/0,8101:1747647655979:,1747647666025
counter/6/0/0/0,7501:1747647655821:,1747647666025
counter/6/0/0/0,7502:1747647655821:,1747647666025
counter/6/0/0/0,7503:1747647655821:,1747647666025
counter/6/0/0/0,7504:1747647655832:,1747647666025
counter/6/0/0/0,7505:1747647655833:,1747647666025
counter/6/0/0/0,7506:1747647655833:,1747647666025
counter/6/0/0/0,7507:1747647655833:,1747647666025
counter/6/0/0/0,7508:1747647655833:,1747647666025
counter/10/0/0/0,7727:1747647655526:,1747647666025
counter/5/0/0/0,8129:1747647655727:,1747647666025
counter/4/0/0/0,8290:1747647656763:,1747647666026
counter/4/0/0/0,8291:1747647656763:,1747647666026
counter/4/0/0/0,8292:1747647656763:,1747647666026
counter/4/0/0/0,8293:1747647656763:,1747647666026
counter/4/0/0/0,8294:1747647656763:,1747647666026
counter/4/0/0/0,8295:1747647656763:,1747647666026
counter/4/0/0/0,8296:1747647656763:,1747647666027
counter/4/0/0/0,8297:1747647656763:,1747647666027
counter/4/0/0/0,8298:1747647656763:,1747647666027
counter/4/0/0/0,8299:1747647656764:,1747647666027
counter/4/0/0/0,8300:1747647656764:,1747647666027
counter/4/0/0/0,8301:1747647656764:,1747647666027
counter/4/0/0/0,8302:1747647656764:,1747647666027
counter/4/0/0/0,8303:1747647656764:,1747647666027
counter/4/0/0/0,8304:1747647656764:,1747647666027
counter/4/0/0/0,8305:1747647656764:,1747647666027
counter/4/0/0/0,8306:1747647656764:,1747647666027
counter/4/0/0/0,8307:1747647656764:,1747647666027
counter/4/0/0/0,8308:1747647656764:,1747647666027
counter/4/0/0/0,8309:1747647656764:,1747647666027
counter/4/0/0/0,8310:1747647656765:,1747647666027
counter/8/0/0/0,8368:1747647655610:,1747647666027
counter/8/0/0/0,8369:1747647655610:,1747647666027
counter/8/0/0/0,8370:1747647655610:,1747647666027
counter/8/0/0/0,8371:1747647655610:,1747647666028
counter/8/0/0/0,8372:1747647655610:,1747647666028
counter/8/0/0/0,8373:1747647655610:,1747647666028
counter/8/0/0/0,8374:1747647655610:,1747647666028
counter/8/0/0/0,8375:1747647655615:,1747647666028
counter/8/0/0/0,8376:1747647655615:,1747647666028
counter/8/0/0/0,8377:1747647655615:,1747647666028
counter/8/0/0/0,8378:1747647655615:,1747647666028
counter/8/0/0/0,8379:1747647655616:,1747647666028
counter/8/0/0/0,8380:1747647655616:,1747647666028
counter/8/0/0/0,8381:1747647655617:,1747647666028
counter/8/0/0/0,8382:1747647655617:,1747647666028
counter/4/0/0/0,8311:1747647656765:,1747647666028
counter/9/0/0/0,8597:1747647655992:,1747647666029
counter/9/0/0/0,8598:1747647655998:,1747647666029
counter/9/0/0/0,8599:1747647655998:,1747647666029
counter/9/0/0/0,8600:1747647655998:,1747647666029
counter/9/0/0/0,8601:1747647655998:,1747647666029
counter/9/0/0/0,8602:1747647655998:,1747647666029
counter/9/0/0/0,8603:1747647655998:,1747647666029
counter/9/0/0/0,8604:1747647655998:,1747647666029
counter/1/0/0/0,9172:1747647656780:,1747647666030
counter/1/0/0/0,9173:1747647656780:,1747647666030
counter/1/0/0/0,9174:1747647656780:,1747647666030
counter/1/0/0/0,9175:1747647656780:,1747647666030
counter/1/0/0/0,9176:1747647656780:,1747647666030
counter/1/0/0/0,9177:1747647656780:,1747647666030
counter/1/0/0/0,9178:1747647656780:,1747647666030
counter/1/0/0/0,9179:1747647656780:,1747647666030
counter/9/0/0/0,8605:1747647655998:,1747647666030
counter/9/0/0/0,8606:1747647655998:,1747647666030
counter/8/0/0/0,8383:1747647655617:,1747647666030
counter/8/0/0/0,8384:1747647655617:,1747647666030
counter/8/0/0/0,8385:1747647655617:,1747647666030
counter/8/0/0/0,8386:1747647655617:,1747647666030
counter/8/0/0/0,8387:1747647655617:,1747647666031
counter/8/0/0/0,8388:1747647655617:,1747647666031
counter/4/0/0/0,8312:1747647656765:,1747647666031
counter/4/0/0/0,8313:1747647656765:,1747647666031
counter/4/0/0/0,8314:1747647656765:,1747647666031
counter/4/0/0/0,8315:1747647656765:,1747647666031
counter/1/0/0/0,9180:1747647656780:,1747647666032
counter/1/0/0/0,9181:1747647656780:,1747647666032
counter/1/0/0/0,9182:1747647656785:,1747647666032
counter/1/0/0/0,9183:1747647656786:,1747647666032
counter/1/0/0/0,9184:1747647656786:,1747647666032
counter/1/0/0/0,9185:1747647656786:,1747647666032
counter/1/0/0/0,9186:1747647656786:,1747647666032
counter/1/0/0/0,9187:1747647656786:,1747647666032
counter/7/0/0/0,8102:1747647655979:,1747647666032
counter/2/0/0/0,8114:1747647655223:,1747647666033
counter/2/0/0/0,8115:1747647655224:,1747647666033
counter/2/0/0/0,8116:1747647655224:,1747647666033
counter/2/0/0/0,8117:1747647655224:,1747647666033
counter/2/0/0/0,8118:1747647655224:,1747647666033
counter/2/0/0/0,8119:1747647655224:,1747647666033
counter/2/0/0/0,8120:1747647655224:,1747647666033
counter/2/0/0/0,8121:1747647655225:,1747647666033
counter/2/0/0/0,8122:1747647655225:,1747647666033
counter/2/0/0/0,8123:1747647655225:,1747647666033
counter/2/0/0/0,8124:1747647655225:,1747647666033
counter/2/0/0/0,8125:1747647655225:,1747647666033
counter/2/0/0/0,8126:1747647655225:,1747647666033
counter/2/0/0/0,8127:1747647655225:,1747647666033
counter/2/0/0/0,8128:1747647655225:,1747647666033
counter/5/0/0/0,8130:1747647655727:,1747647666034
counter/9/0/0/0,8607:1747647655998:,1747647666034
counter/9/0/0/0,8608:1747647656003:,1747647666034
counter/9/0/0/0,8609:1747647656003:,1747647666035
counter/9/0/0/0,8610:1747647656003:,1747647666035
counter/9/0/0/0,8611:1747647656004:,1747647666035
counter/9/0/0/0,8612:1747647656004:,1747647666035
counter/6/0/0/0,7509:1747647655833:,1747647666035
counter/6/0/0/0,7510:1747647655833:,1747647666035
counter/6/0/0/0,7511:1747647655833:,1747647666035
counter/6/0/0/0,7512:1747647655833:,1747647666035
counter/6/0/0/0,7513:1747647655850:,1747647666035
counter/6/0/0/0,7514:1747647655858:,1747647666037
counter/3/0/0/0,8792:1747647656494:,1747647666039
counter/5/0/0/0,8131:1747647655727:,1747647666040
counter/5/0/0/0,8132:1747647655727:,1747647666040
counter/8/0/0/0,8389:1747647655617:,1747647666041
counter/8/0/0/0,8390:1747647655617:,1747647666041
counter/1/0/0/0,9188:1747647656786:,1747647666042
counter/1/0/0/0,9189:1747647656786:,1747647666042
counter/1/0/0/0,9190:1747647656787:,1747647666042
counter/1/0/0/0,9191:1747647656787:,1747647666042
counter/1/0/0/0,9192:1747647656787:,1747647666042
counter/1/0/0/0,9193:1747647656787:,1747647666042
counter/1/0/0/0,9194:1747647656787:,1747647666042
counter/1/0/0/0,9195:1747647656787:,1747647666042
counter/10/0/0/0,7728:1747647655526:,1747647666042
counter/7/0/0/0,8103:1747647655979:,1747647666042
counter/10/0/0/0,7729:1747647655526:,1747647666042
counter/10/0/0/0,7730:1747647655527:,1747647666042
counter/2/0/0/0,8129:1747647655225:,1747647666042
counter/8/0/0/0,8391:1747647655617:,1747647666043
counter/4/0/0/0,8316:1747647656765:,1747647666043
counter/4/0/0/0,8317:1747647656765:,1747647666043
counter/4/0/0/0,8318:1747647656770:,1747647666043
counter/4/0/0/0,8319:1747647656770:,1747647666043
counter/4/0/0/0,8320:1747647656770:,1747647666043
counter/4/0/0/0,8321:1747647656770:,1747647666043
counter/4/0/0/0,8322:1747647656770:,1747647666043
counter/4/0/0/0,8323:1747647656781:,1747647666043
counter/3/0/0/0,8793:1747647656502:,1747647666043
counter/7/0/0/0,8104:1747647655979:,1747647666043
counter/5/0/0/0,8133:1747647655727:,1747647666043
counter/6/0/0/0,7515:1747647655858:,1747647666044
counter/3/0/0/0,8794:1747647656503:,1747647666045
counter/8/0/0/0,8392:1747647655617:,1747647666045
counter/8/0/0/0,8393:1747647655617:,1747647666045
counter/8/0/0/0,8394:1747647655617:,1747647666045
counter/1/0/0/0,9196:1747647656787:,1747647666046
counter/7/0/0/0,8105:1747647655979:,1747647666046
counter/9/0/0/0,8613:1747647656004:,1747647666048
counter/1/0/0/0,9197:1747647656787:,1747647666049
counter/5/0/0/0,8134:1747647655727:,1747647666051
counter/6/0/0/0,7516:1747647655858:,1747647666051
counter/7/0/0/0,8106:1747647655979:,1747647666051
counter/7/0/0/0,8107:1747647655986:,1747647666051
counter/7/0/0/0,8108:1747647655986:,1747647666051
counter/7/0/0/0,8109:1747647655986:,1747647666051
counter/7/0/0/0,8110:1747647655986:,1747647666051
counter/7/0/0/0,8111:1747647655987:,1747647666051
counter/1/0/0/0,9198:1747647656787:,1747647666052
counter/10/0/0/0,7731:1747647655549:,1747647666052
counter/4/0/0/0,8324:1747647656781:,1747647666052
counter/4/0/0/0,8325:1747647656781:,1747647666052
counter/4/0/0/0,8326:1747647656781:,1747647666052
counter/4/0/0/0,8327:1747647656782:,1747647666052
counter/3/0/0/0,8795:1747647656503:,1747647666052
counter/10/0/0/0,7732:1747647655549:,1747647666054
counter/6/0/0/0,7517:1747647655858:,1747647666055
counter/7/0/0/0,8112:1747647655987:,1747647666055
counter/7/0/0/0,8113:1747647655987:,1747647666055
counter/7/0/0/0,8114:1747647656000:,1747647666055
counter/7/0/0/0,8115:1747647656001:,1747647666055
counter/7/0/0/0,8116:1747647656001:,1747647666055
counter/7/0/0/0,8117:1747647656001:,1747647666055
counter/7/0/0/0,8118:1747647656001:,1747647666055
counter/7/0/0/0,8119:1747647656001:,1747647666055
counter/3/0/0/0,8796:1747647656503:,1747647666055
counter/6/0/0/0,7518:1747647655859:,1747647666055
counter/6/0/0/0,7519:1747647655859:,1747647666056
counter/6/0/0/0,7520:1747647655859:,1747647666056
counter/6/0/0/0,7521:1747647655859:,1747647666056
counter/6/0/0/0,7522:1747647655859:,1747647666056
counter/2/0/0/0,8130:1747647655225:,1747647666056
counter/2/0/0/0,8131:1747647655232:,1747647666056
counter/2/0/0/0,8132:1747647655232:,1747647666056
counter/2/0/0/0,8133:1747647655232:,1747647666057
counter/2/0/0/0,8134:1747647655232:,1747647666057
counter/6/0/0/0,7523:1747647655859:,1747647666057
counter/4/0/0/0,8328:1747647656782:,1747647666057
counter/7/0/0/0,8120:1747647656001:,1747647666057
counter/4/0/0/0,8329:1747647656782:,1747647666057
counter/10/0/0/0,7733:1747647655549:,1747647666057
counter/6/0/0/0,7524:1747647655859:,1747647666058
counter/1/0/0/0,9199:1747647656787:,1747647666058
counter/7/0/0/0,8121:1747647656002:,1747647666058
counter/7/0/0/0,8122:1747647656002:,1747647666058
counter/7/0/0/0,8123:1747647656002:,1747647666058
counter/5/0/0/0,8135:1747647655727:,1747647666058
counter/3/0/0/0,8797:1747647656503:,1747647666058
counter/4/0/0/0,8330:1747647656782:,1747647666059
counter/1/0/0/0,9200:1747647656787:,1747647666059
counter/9/0/0/0,8614:1747647656004:,1747647666059
counter/2/0/0/0,8135:1747647655232:,1747647666059
counter/8/0/0/0,8395:1747647655617:,1747647666059
counter/2/0/0/0,8136:1747647655232:,1747647666059
counter/5/0/0/0,8136:1747647655727:,1747647666059
counter/5/0/0/0,8137:1747647655727:,1747647666059
counter/4/0/0/0,8331:1747647656799:,1747647666060
counter/8/0/0/0,8396:1747647655619:,1747647666060
counter/1/0/0/0,9201:1747647656787:,1747647666061
counter/4/0/0/0,8332:1747647656799:,1747647666061
counter/5/0/0/0,8138:1747647655727:,1747647666062
counter/3/0/0/0,8798:1747647656503:,1747647666062
counter/1/0/0/0,9202:1747647656788:,1747647666062
counter/9/0/0/0,8615:1747647656004:,1747647666062
counter/9/0/0/0,8616:1747647656004:,1747647666062
counter/7/0/0/0,8124:1747647656002:,1747647666063
counter/7/0/0/0,8125:1747647656002:,1747647666063
counter/7/0/0/0,8126:1747647656002:,1747647666063
counter/7/0/0/0,8127:1747647656002:,1747647666063
counter/7/0/0/0,8128:1747647656002:,1747647666063
counter/7/0/0/0,8129:1747647656002:,1747647666063
counter/7/0/0/0,8130:1747647656002:,1747647666063
counter/7/0/0/0,8131:1747647656002:,1747647666063
counter/7/0/0/0,8132:1747647656002:,1747647666064
counter/7/0/0/0,8133:1747647656002:,1747647666064
counter/9/0/0/0,8617:1747647656004:,1747647666064
counter/7/0/0/0,8134:1747647656003:,1747647666064
counter/2/0/0/0,8137:1747647655232:,1747647666064
counter/2/0/0/0,8138:1747647655232:,1747647666064
counter/6/0/0/0,7525:1747647655859:,1747647666064
counter/2/0/0/0,8139:1747647655232:,1747647666064
counter/2/0/0/0,8140:1747647655232:,1747647666064
counter/8/0/0/0,8397:1747647655619:,1747647666064
counter/8/0/0/0,8398:1747647655619:,1747647666064
counter/7/0/0/0,8135:1747647656003:,1747647666064
counter/3/0/0/0,8799:1747647656503:,1747647666065
counter/7/0/0/0,8136:1747647656003:,1747647666065
counter/9/0/0/0,8618:1747647656004:,1747647666065
counter/6/0/0/0,7526:1747647655863:,1747647666065
counter/5/0/0/0,8139:1747647655727:,1747647666065
counter/5/0/0/0,8140:1747647655727:,1747647666065
counter/5/0/0/0,8141:1747647655727:,1747647666065
counter/3/0/0/0,8800:1747647656503:,1747647666065
counter/4/0/0/0,8333:1747647656799:,1747647666066
counter/4/0/0/0,8334:1747647656799:,1747647666066
counter/4/0/0/0,8335:1747647656799:,1747647666066
counter/4/0/0/0,8336:1747647656799:,1747647666066
counter/4/0/0/0,8337:1747647656799:,1747647666066
counter/4/0/0/0,8338:1747647656799:,1747647666066
counter/6/0/0/0,7527:1747647655867:,1747647666066
counter/4/0/0/0,8339:1747647656799:,1747647666067
counter/6/0/0/0,7528:1747647655867:,1747647666067
counter/6/0/0/0,7529:1747647655867:,1747647666067
counter/6/0/0/0,7530:1747647655867:,1747647666067
counter/6/0/0/0,7531:1747647655867:,1747647666067
counter/6/0/0/0,7532:1747647655867:,1747647666067
counter/6/0/0/0,7533:1747647655867:,1747647666067
counter/6/0/0/0,7534:1747647655867:,1747647666067
counter/6/0/0/0,7535:1747647655869:,1747647666067
counter/6/0/0/0,7536:1747647655876:,1747647666067
counter/5/0/0/0,8142:1747647655727:,1747647666068
counter/4/0/0/0,8340:1747647656799:,1747647666068
counter/6/0/0/0,7537:1747647655876:,1747647666068
counter/4/0/0/0,8341:1747647656799:,1747647666068
counter/4/0/0/0,8342:1747647656803:,1747647666068
counter/4/0/0/0,8343:1747647656803:,1747647666068
counter/6/0/0/0,7538:1747647655876:,1747647666068
counter/6/0/0/0,7539:1747647655876:,1747647666068
counter/6/0/0/0,7540:1747647655876:,1747647666068
counter/6/0/0/0,7541:1747647655876:,1747647666068
counter/4/0/0/0,8344:1747647656803:,1747647666068
counter/6/0/0/0,7542:1747647655876:,1747647666068
counter/6/0/0/0,7543:1747647655876:,1747647666069
counter/2/0/0/0,8141:1747647655232:,1747647666069
counter/6/0/0/0,7544:1747647655876:,1747647666069
counter/9/0/0/0,8619:1747647656004:,1747647666069
counter/8/0/0/0,8399:1747647655619:,1747647666069
counter/3/0/0/0,8801:1747647656503:,1747647666069
counter/5/0/0/0,8143:1747647655727:,1747647666070
counter/1/0/0/0,9203:1747647656788:,1747647666070
counter/1/0/0/0,9204:1747647656788:,1747647666070
counter/1/0/0/0,9205:1747647656788:,1747647666070
counter/1/0/0/0,9206:1747647656788:,1747647666070
counter/1/0/0/0,9207:1747647656792:,1747647666070
counter/6/0/0/0,7545:1747647655876:,1747647666070
counter/6/0/0/0,7546:1747647655876:,1747647666070
counter/6/0/0/0,7547:1747647655876:,1747647666070
counter/6/0/0/0,7548:1747647655876:,1747647666070
counter/1/0/0/0,9208:1747647656792:,1747647666071
counter/6/0/0/0,7549:1747647655876:,1747647666071
counter/6/0/0/0,7550:1747647655876:,1747647666071
counter/6/0/0/0,7551:1747647655876:,1747647666071
counter/4/0/0/0,8345:1747647656803:,1747647666071
counter/4/0/0/0,8346:1747647656812:,1747647666071
counter/7/0/0/0,8137:1747647656003:,1747647666072
counter/7/0/0/0,8138:1747647656003:,1747647666072
counter/7/0/0/0,8139:1747647656007:,1747647666072
counter/7/0/0/0,8140:1747647656007:,1747647666072
counter/7/0/0/0,8141:1747647656007:,1747647666072
counter/7/0/0/0,8142:1747647656007:,1747647666072
counter/7/0/0/0,8143:1747647656007:,1747647666072
counter/7/0/0/0,8144:1747647656009:,1747647666072
counter/7/0/0/0,8145:1747647656012:,1747647666072
counter/7/0/0/0,8146:1747647656012:,1747647666072
counter/9/0/0/0,8620:1747647656004:,1747647666073
counter/4/0/0/0,8347:1747647656821:,1747647666073
counter/7/0/0/0,8147:1747647656015:,1747647666073
counter/10/0/0/0,7734:1747647655549:,1747647666073
counter/2/0/0/0,8142:1747647655233:,1747647666074
counter/9/0/0/0,8621:1747647656004:,1747647666074
counter/4/0/0/0,8348:1747647656821:,1747647666074
counter/7/0/0/0,8148:1747647656015:,1747647666074
counter/10/0/0/0,7735:1747647655564:,1747647666074
counter/10/0/0/0,7736:1747647655564:,1747647666074
counter/10/0/0/0,7737:1747647655564:,1747647666074
counter/10/0/0/0,7738:1747647655564:,1747647666074
counter/10/0/0/0,7739:1747647655565:,1747647666074
counter/10/0/0/0,7740:1747647655565:,1747647666074
counter/10/0/0/0,7741:1747647655565:,1747647666074
counter/10/0/0/0,7742:1747647655565:,1747647666075
counter/10/0/0/0,7743:1747647655565:,1747647666075
counter/4/0/0/0,8349:1747647656821:,1747647666075
counter/3/0/0/0,8802:1747647656503:,1747647666078
counter/3/0/0/0,8803:1747647656503:,1747647666078
counter/3/0/0/0,8804:1747647656503:,1747647666078
counter/7/0/0/0,8149:1747647656015:,1747647666078
counter/6/0/0/0,7552:1747647655886:,1747647666079
counter/6/0/0/0,7553:1747647655886:,1747647666079
counter/6/0/0/0,7554:1747647655886:,1747647666079
counter/7/0/0/0,8150:1747647656015:,1747647666081
counter/2/0/0/0,8143:1747647655233:,1747647666081
counter/4/0/0/0,8350:1747647656821:,1747647666082
counter/4/0/0/0,8351:1747647656821:,1747647666082
counter/4/0/0/0,8352:1747647656821:,1747647666082
counter/9/0/0/0,8622:1747647656004:,1747647666082
counter/4/0/0/0,8353:1747647656822:,1747647666082
counter/9/0/0/0,8623:1747647656005:,1747647666082
counter/4/0/0/0,8354:1747647656822:,1747647666082
counter/9/0/0/0,8624:1747647656005:,1747647666082
counter/9/0/0/0,8625:1747647656005:,1747647666082
counter/9/0/0/0,8626:1747647656013:,1747647666082
counter/9/0/0/0,8627:1747647656013:,1747647666082
counter/9/0/0/0,8628:1747647656013:,1747647666082
counter/9/0/0/0,8629:1747647656013:,1747647666082
counter/7/0/0/0,8151:1747647656016:,1747647666083
counter/4/0/0/0,8355:1747647656822:,1747647666085
counter/3/0/0/0,8805:1747647656503:,1747647666085
counter/1/0/0/0,9209:1747647656792:,1747647666085
counter/4/0/0/0,8356:1747647656822:,1747647666086
counter/10/0/0/0,7744:1747647655565:,1747647666086
counter/4/0/0/0,8357:1747647656822:,1747647666086
counter/9/0/0/0,8630:1747647656014:,1747647666086
counter/9/0/0/0,8631:1747647656014:,1747647666086
counter/9/0/0/0,8632:1747647656014:,1747647666086
counter/9/0/0/0,8633:1747647656014:,1747647666086
counter/9/0/0/0,8634:1747647656014:,1747647666086
counter/7/0/0/0,8152:1747647656016:,1747647666086
counter/5/0/0/0,8144:1747647655727:,1747647666087
counter/1/0/0/0,9210:1747647656792:,1747647666087
counter/3/0/0/0,8806:1747647656508:,1747647666088
counter/3/0/0/0,8807:1747647656517:,1747647666088
counter/3/0/0/0,8808:1747647656517:,1747647666088
counter/3/0/0/0,8809:1747647656517:,1747647666088
counter/3/0/0/0,8810:1747647656517:,1747647666088
counter/3/0/0/0,8811:1747647656521:,1747647666088
counter/3/0/0/0,8812:1747647656521:,1747647666088
counter/3/0/0/0,8813:1747647656521:,1747647666088
counter/3/0/0/0,8814:1747647656521:,1747647666088
counter/3/0/0/0,8815:1747647656521:,1747647666088
counter/3/0/0/0,8816:1747647656521:,1747647666088
counter/3/0/0/0,8817:1747647656521:,1747647666088
counter/3/0/0/0,8818:1747647656521:,1747647666088
counter/3/0/0/0,8819:1747647656521:,1747647666088
counter/3/0/0/0,8820:1747647656521:,1747647666088
counter/3/0/0/0,8821:1747647656521:,1747647666088
counter/3/0/0/0,8822:1747647656521:,1747647666088
counter/3/0/0/0,8823:1747647656526:,1747647666088
counter/3/0/0/0,8824:1747647656526:,1747647666088
counter/3/0/0/0,8825:1747647656526:,1747647666088
counter/3/0/0/0,8826:1747647656526:,1747647666088
counter/6/0/0/0,7555:1747647655896:,1747647666088
counter/6/0/0/0,7556:1747647655896:,1747647666089
counter/6/0/0/0,7557:1747647655896:,1747647666089
counter/6/0/0/0,7558:1747647655896:,1747647666089
counter/6/0/0/0,7559:1747647655896:,1747647666089
counter/4/0/0/0,8358:1747647656822:,1747647666089
counter/2/0/0/0,8144:1747647655233:,1747647666091
counter/1/0/0/0,9211:1747647656793:,1747647666091
counter/1/0/0/0,9212:1747647656793:,1747647666092
counter/10/0/0/0,7745:1747647655565:,1747647666092
counter/10/0/0/0,7746:1747647655565:,1747647666092
counter/10/0/0/0,7747:1747647655603:,1747647666092
counter/10/0/0/0,7748:1747647655603:,1747647666092
counter/6/0/0/0,7560:1747647655896:,1747647666092
counter/6/0/0/0,7561:1747647655896:,1747647666092
counter/6/0/0/0,7562:1747647655896:,1747647666092
counter/6/0/0/0,7563:1747647655899:,1747647666092
counter/6/0/0/0,7564:1747647655899:,1747647666092
counter/3/0/0/0,8827:1747647656526:,1747647666093
counter/6/0/0/0,7565:1747647655899:,1747647666093
counter/2/0/0/0,8145:1747647655233:,1747647666094
counter/2/0/0/0,8146:1747647655233:,1747647666094
counter/2/0/0/0,8147:1747647655233:,1747647666094
counter/2/0/0/0,8148:1747647655233:,1747647666094
counter/2/0/0/0,8149:1747647655233:,1747647666094
counter/2/0/0/0,8150:1747647655233:,1747647666094
counter/7/0/0/0,8153:1747647656016:,1747647666095
counter/7/0/0/0,8154:1747647656019:,1747647666096
counter/7/0/0/0,8155:1747647656019:,1747647666096
counter/7/0/0/0,8156:1747647656019:,1747647666096
counter/7/0/0/0,8157:1747647656019:,1747647666096
counter/4/0/0/0,8359:1747647656822:,1747647666096
counter/2/0/0/0,8151:1747647655233:,1747647666096
counter/4/0/0/0,8360:1747647656822:,1747647666096
counter/2/0/0/0,8152:1747647655233:,1747647666096
counter/1/0/0/0,9213:1747647656793:,1747647666096
counter/1/0/0/0,9214:1747647656793:,1747647666096
counter/10/0/0/0,7749:1747647655603:,1747647666096
counter/10/0/0/0,7750:1747647655603:,1747647666096
counter/10/0/0/0,7751:1747647655603:,1747647666097
counter/10/0/0/0,7752:1747647655608:,1747647666097
counter/10/0/0/0,7753:1747647655609:,1747647666097
counter/10/0/0/0,7754:1747647655609:,1747647666097
counter/10/0/0/0,7755:1747647655609:,1747647666097
counter/10/0/0/0,7756:1747647655609:,1747647666097
counter/4/0/0/0,8361:1747647656823:,1747647666097
counter/2/0/0/0,8153:1747647655233:,1747647666097
counter/4/0/0/0,8362:1747647656826:,1747647666097
counter/4/0/0/0,8363:1747647656827:,1747647666097
counter/4/0/0/0,8364:1747647656830:,1747647666097
counter/4/0/0/0,8365:1747647656830:,1747647666097
counter/4/0/0/0,8366:1747647656830:,1747647666097
counter/4/0/0/0,8367:1747647656830:,1747647666097
counter/4/0/0/0,8368:1747647656830:,1747647666097
counter/4/0/0/0,8369:1747647656830:,1747647666097
counter/4/0/0/0,8370:1747647656830:,1747647666097
counter/8/0/0/0,8400:1747647655619:,1747647666098
counter/6/0/0/0,7566:1747647655900:,1747647666098
counter/8/0/0/0,8401:1747647655620:,1747647666099
counter/8/0/0/0,8402:1747647655620:,1747647666099
counter/8/0/0/0,8403:1747647655621:,1747647666099
counter/8/0/0/0,8404:1747647655621:,1747647666099
counter/8/0/0/0,8405:1747647655621:,1747647666099
counter/8/0/0/0,8406:1747647655621:,1747647666099
counter/8/0/0/0,8407:1747647655621:,1747647666099
counter/9/0/0/0,8635:1747647656014:,1747647666099
counter/8/0/0/0,8408:1747647655621:,1747647666099
counter/8/0/0/0,8409:1747647655621:,1747647666099
counter/3/0/0/0,8828:1747647656526:,1747647666099
counter/8/0/0/0,8410:1747647655621:,1747647666099
counter/3/0/0/0,8829:1747647656526:,1747647666099
counter/8/0/0/0,8411:1747647655621:,1747647666099
counter/3/0/0/0,8830:1747647656526:,1747647666099
counter/3/0/0/0,8831:1747647656527:,1747647666099
counter/3/0/0/0,8832:1747647656527:,1747647666100
counter/3/0/0/0,8833:1747647656527:,1747647666100
counter/3/0/0/0,8834:1747647656527:,1747647666100
counter/6/0/0/0,7567:1747647655901:,1747647666101
counter/1/0/0/0,9215:1747647656793:,1747647666101
counter/1/0/0/0,9216:1747647656793:,1747647666101
counter/1/0/0/0,9217:1747647656793:,1747647666101
counter/1/0/0/0,9218:1747647656793:,1747647666101
counter/1/0/0/0,9219:1747647656793:,1747647666101
counter/1/0/0/0,9220:1747647656793:,1747647666101
counter/1/0/0/0,9221:1747647656793:,1747647666101
counter/1/0/0/0,9222:1747647656793:,1747647666101
counter/1/0/0/0,9223:1747647656793:,1747647666101
counter/10/0/0/0,7757:1747647655609:,1747647666101
counter/4/0/0/0,8371:1747647656830:,1747647666101
counter/8/0/0/0,8412:1747647655622:,1747647666101
counter/8/0/0/0,8413:1747647655622:,1747647666102
counter/1/0/0/0,9224:1747647656793:,1747647666102
counter/1/0/0/0,9225:1747647656793:,1747647666102
counter/1/0/0/0,9226:1747647656793:,1747647666102
counter/1/0/0/0,9227:1747647656793:,1747647666102
counter/10/0/0/0,7758:1747647655613:,1747647666103
counter/1/0/0/0,9228:1747647656795:,1747647666103
counter/1/0/0/0,9229:1747647656795:,1747647666104
counter/1/0/0/0,9230:1747647656795:,1747647666104
counter/1/0/0/0,9231:1747647656795:,1747647666104
counter/1/0/0/0,9232:1747647656795:,1747647666104
counter/5/0/0/0,8145:1747647655727:,1747647666104
counter/1/0/0/0,9233:1747647656795:,1747647666104
counter/10/0/0/0,7759:1747647655613:,1747647666104
counter/10/0/0/0,7760:1747647655614:,1747647666104
counter/10/0/0/0,7761:1747647655614:,1747647666104
counter/10/0/0/0,7762:1747647655629:,1747647666104
counter/10/0/0/0,7763:1747647655629:,1747647666104
counter/10/0/0/0,7764:1747647655630:,1747647666104
counter/10/0/0/0,7765:1747647655630:,1747647666105
counter/10/0/0/0,7766:1747647655630:,1747647666105
counter/10/0/0/0,7767:1747647655630:,1747647666105
counter/9/0/0/0,8636:1747647656014:,1747647666105
counter/1/0/0/0,9234:1747647656795:,1747647666106
counter/1/0/0/0,9235:1747647656795:,1747647666106
counter/1/0/0/0,9236:1747647656795:,1747647666106
counter/5/0/0/0,8146:1747647655727:,1747647666106
counter/1/0/0/0,9237:1747647656795:,1747647666106
counter/1/0/0/0,9238:1747647656795:,1747647666106
counter/1/0/0/0,9239:1747647656797:,1747647666106
counter/3/0/0/0,8835:1747647656527:,1747647666106
counter/3/0/0/0,8836:1747647656528:,1747647666107
counter/3/0/0/0,8837:1747647656528:,1747647666107
counter/4/0/0/0,8372:1747647656830:,1747647666107
counter/6/0/0/0,7568:1747647655901:,1747647666107
counter/6/0/0/0,7569:1747647655901:,1747647666107
counter/10/0/0/0,7768:1747647655630:,1747647666107
counter/7/0/0/0,8158:1747647656019:,1747647666107
counter/4/0/0/0,8373:1747647656830:,1747647666108
counter/4/0/0/0,8374:1747647656830:,1747647666108
counter/4/0/0/0,8375:1747647656830:,1747647666108
counter/4/0/0/0,8376:1747647656830:,1747647666108
counter/9/0/0/0,8637:1747647656014:,1747647666108
counter/6/0/0/0,7570:1747647655901:,1747647666108
counter/10/0/0/0,7769:1747647655630:,1747647666108
counter/7/0/0/0,8159:1747647656019:,1747647666109
counter/3/0/0/0,8838:1747647656528:,1747647666111
counter/3/0/0/0,8839:1747647656528:,1747647666111
counter/3/0/0/0,8840:1747647656528:,1747647666111
counter/3/0/0/0,8841:1747647656528:,1747647666111
counter/3/0/0/0,8842:1747647656529:,1747647666111
counter/8/0/0/0,8414:1747647655622:,1747647666112
counter/8/0/0/0,8415:1747647655622:,1747647666112
counter/6/0/0/0,7571:1747647655901:,1747647666115
counter/2/0/0/0,8154:1747647655233:,1747647666115
counter/1/0/0/0,9240:1747647656797:,1747647666116
counter/1/0/0/0,9241:1747647656797:,1747647666117
counter/1/0/0/0,9242:1747647656797:,1747647666117
counter/1/0/0/0,9243:1747647656799:,1747647666117
counter/7/0/0/0,8160:1747647656019:,1747647666118
counter/1/0/0/0,9244:1747647656799:,1747647666118
counter/1/0/0/0,9245:1747647656799:,1747647666118
counter/1/0/0/0,9246:1747647656799:,1747647666118
counter/1/0/0/0,9247:1747647656799:,1747647666118
counter/1/0/0/0,9248:1747647656799:,1747647666118
counter/1/0/0/0,9249:1747647656799:,1747647666118
counter/1/0/0/0,9250:1747647656799:,1747647666118
counter/1/0/0/0,9251:1747647656800:,1747647666118
counter/1/0/0/0,9252:1747647656800:,1747647666119
counter/1/0/0/0,9253:1747647656800:,1747647666119
counter/1/0/0/0,9254:1747647656800:,1747647666119
counter/1/0/0/0,9255:1747647656800:,1747647666119
counter/1/0/0/0,9256:1747647656800:,1747647666119
counter/1/0/0/0,9257:1747647656800:,1747647666119
counter/1/0/0/0,9258:1747647656800:,1747647666119
counter/1/0/0/0,9259:1747647656800:,1747647666119
counter/1/0/0/0,9260:1747647656800:,1747647666119
counter/1/0/0/0,9261:1747647656800:,1747647666119
counter/1/0/0/0,9262:1747647656800:,1747647666119
counter/1/0/0/0,9263:1747647656800:,1747647666119
counter/1/0/0/0,9264:1747647656800:,1747647666119
counter/1/0/0/0,9265:1747647656800:,1747647666119
counter/1/0/0/0,9266:1747647656800:,1747647666119
counter/8/0/0/0,8416:1747647655622:,1747647666119
counter/8/0/0/0,8417:1747647655622:,1747647666120
counter/8/0/0/0,8418:1747647655622:,1747647666120
counter/8/0/0/0,8419:1747647655622:,1747647666120
counter/8/0/0/0,8420:1747647655622:,1747647666120
counter/8/0/0/0,8421:1747647655622:,1747647666120
counter/8/0/0/0,8422:1747647655622:,1747647666120
counter/2/0/0/0,8155:1747647655235:,1747647666120
counter/6/0/0/0,7572:1747647655901:,1747647666120
counter/5/0/0/0,8147:1747647655727:,1747647666120
counter/5/0/0/0,8148:1747647655727:,1747647666120
counter/3/0/0/0,8843:1747647656529:,1747647666121
counter/3/0/0/0,8844:1747647656529:,1747647666122
counter/6/0/0/0,7573:1747647655901:,1747647666122
counter/3/0/0/0,8845:1747647656529:,1747647666122
counter/6/0/0/0,7574:1747647655901:,1747647666122
counter/6/0/0/0,7575:1747647655901:,1747647666122
counter/6/0/0/0,7576:1747647655901:,1747647666122
counter/6/0/0/0,7577:1747647655901:,1747647666122
counter/9/0/0/0,8638:1747647656014:,1747647666122
counter/1/0/0/0,9267:1747647656800:,1747647666122
counter/9/0/0/0,8639:1747647656014:,1747647666122
counter/10/0/0/0,7770:1747647655630:,1747647666122
counter/4/0/0/0,8377:1747647656830:,1747647666122
counter/4/0/0/0,8378:1747647656831:,1747647666122
counter/4/0/0/0,8379:1747647656836:,1747647666122
counter/4/0/0/0,8380:1747647656836:,1747647666122
counter/7/0/0/0,8161:1747647656019:,1747647666122
counter/6/0/0/0,7578:1747647655901:,1747647666123
counter/6/0/0/0,7579:1747647655901:,1747647666123
counter/6/0/0/0,7580:1747647655901:,1747647666123
counter/6/0/0/0,7581:1747647655901:,1747647666123
counter/10/0/0/0,7771:1747647655630:,1747647666123
counter/10/0/0/0,7772:1747647655630:,1747647666123
counter/10/0/0/0,7773:1747647655630:,1747647666123
counter/10/0/0/0,7774:1747647655630:,1747647666123
counter/10/0/0/0,7775:1747647655631:,1747647666123
counter/6/0/0/0,7582:1747647655901:,1747647666615
counter/10/0/0/0,7776:1747647655631:,1747647666615
counter/4/0/0/0,8381:1747647656836:,1747647666615
counter/10/0/0/0,7777:1747647655631:,1747647666615
counter/4/0/0/0,8382:1747647656836:,1747647666615
counter/4/0/0/0,8383:1747647656836:,1747647666616
counter/7/0/0/0,8162:1747647656019:,1747647666616
counter/5/0/0/0,8149:1747647655727:,1747647666616
counter/7/0/0/0,8163:1747647656019:,1747647666616
counter/5/0/0/0,8150:1747647655727:,1747647666616
counter/8/0/0/0,8423:1747647655623:,1747647666617
counter/6/0/0/0,7583:1747647655901:,1747647666617
counter/10/0/0/0,7778:1747647655631:,1747647666617
counter/6/0/0/0,7584:1747647655901:,1747647666617
counter/6/0/0/0,7585:1747647655901:,1747647666617
counter/6/0/0/0,7586:1747647655901:,1747647666617
counter/6/0/0/0,7587:1747647655901:,1747647666617
counter/6/0/0/0,7588:1747647655901:,1747647666617
counter/6/0/0/0,7589:1747647655901:,1747647666617
counter/6/0/0/0,7590:1747647655901:,1747647666617
counter/6/0/0/0,7591:1747647655901:,1747647666617
counter/2/0/0/0,8156:1747647655235:,1747647666617
counter/2/0/0/0,8157:1747647655235:,1747647666618
counter/3/0/0/0,8846:1747647656529:,1747647666618
counter/10/0/0/0,7779:1747647655633:,1747647666618
counter/6/0/0/0,7592:1747647655901:,1747647666618
counter/6/0/0/0,7593:1747647655901:,1747647666618
counter/6/0/0/0,7594:1747647655901:,1747647666618
counter/1/0/0/0,9268:1747647656800:,1747647666619
counter/6/0/0/0,7595:1747647655901:,1747647666619
counter/1/0/0/0,9269:1747647656805:,1747647666619
counter/1/0/0/0,9270:1747647656805:,1747647666619
counter/1/0/0/0,9271:1747647656805:,1747647666619
counter/1/0/0/0,9272:1747647656805:,1747647666619
counter/1/0/0/0,9273:1747647656805:,1747647666619
counter/5/0/0/0,8151:1747647655727:,1747647666620
counter/1/0/0/0,9274:1747647656805:,1747647666620
counter/1/0/0/0,9275:1747647656805:,1747647666620
counter/8/0/0/0,8424:1747647655623:,1747647666620
counter/1/0/0/0,9276:1747647656805:,1747647666620
counter/3/0/0/0,8847:1747647656529:,1747647666620
counter/8/0/0/0,8425:1747647655623:,1747647666620
counter/10/0/0/0,7780:1747647655633:,1747647666620
counter/8/0/0/0,8426:1747647655623:,1747647666620
counter/8/0/0/0,8427:1747647655623:,1747647666620
counter/8/0/0/0,8428:1747647655623:,1747647666620
counter/6/0/0/0,7596:1747647655901:,1747647666620
counter/4/0/0/0,8384:1747647656838:,1747647666620
counter/9/0/0/0,8640:1747647656014:,1747647666620
counter/1/0/0/0,9277:1747647656805:,1747647666621
counter/1/0/0/0,9278:1747647656808:,1747647666621
counter/10/0/0/0,7781:1747647655634:,1747647666621
counter/1/0/0/0,9279:1747647656808:,1747647666621
counter/1/0/0/0,9280:1747647656808:,1747647666621
counter/5/0/0/0,8152:1747647655728:,1747647666621
counter/1/0/0/0,9281:1747647656808:,1747647666621
counter/1/0/0/0,9282:1747647656808:,1747647666621
counter/1/0/0/0,9283:1747647656808:,1747647666621
counter/1/0/0/0,9284:1747647656808:,1747647666621
counter/4/0/0/0,8385:1747647656838:,1747647666621
counter/7/0/0/0,8164:1747647656019:,1747647666621
counter/9/0/0/0,8641:1747647656014:,1747647666621
counter/1/0/0/0,9285:1747647656808:,1747647666621
counter/2/0/0/0,8158:1747647655235:,1747647666622
counter/2/0/0/0,8159:1747647655235:,1747647666622
counter/2/0/0/0,8160:1747647655235:,1747647666622
counter/2/0/0/0,8161:1747647655235:,1747647666622
counter/2/0/0/0,8162:1747647655235:,1747647666622
counter/2/0/0/0,8163:1747647655236:,1747647666622
counter/2/0/0/0,8164:1747647655236:,1747647666623
counter/5/0/0/0,8153:1747647655728:,1747647666623
counter/8/0/0/0,8429:1747647655623:,1747647666623
counter/9/0/0/0,8642:1747647656014:,1747647666623
counter/9/0/0/0,8643:1747647656014:,1747647666623
counter/9/0/0/0,8644:1747647656014:,1747647666623
counter/2/0/0/0,8165:1747647655236:,1747647666623
counter/1/0/0/0,9286:1747647656808:,1747647666623
counter/2/0/0/0,8166:1747647655236:,1747647666624
counter/2/0/0/0,8167:1747647655236:,1747647666624
counter/2/0/0/0,8168:1747647655236:,1747647666624
counter/2/0/0/0,8169:1747647655236:,1747647666624
counter/2/0/0/0,8170:1747647655236:,1747647666624
counter/2/0/0/0,8171:1747647655236:,1747647666624
counter/2/0/0/0,8172:1747647655236:,1747647666624
counter/2/0/0/0,8173:1747647655236:,1747647666624
counter/2/0/0/0,8174:1747647655236:,1747647666624
counter/2/0/0/0,8175:1747647655238:,1747647666624
counter/3/0/0/0,8848:1747647656529:,1747647666624
counter/6/0/0/0,7597:1747647655901:,1747647666624
counter/10/0/0/0,7782:1747647655634:,1747647666624
counter/6/0/0/0,7598:1747647655901:,1747647666624
counter/8/0/0/0,8430:1747647655623:,1747647666624
counter/8/0/0/0,8431:1747647655623:,1747647666625
counter/4/0/0/0,8386:1747647656838:,1747647666625
counter/4/0/0/0,8387:1747647656838:,1747647666625
counter/2/0/0/0,8176:1747647655238:,1747647666625
counter/3/0/0/0,8849:1747647656529:,1747647666625
counter/3/0/0/0,8850:1747647656529:,1747647666625
counter/6/0/0/0,7599:1747647655901:,1747647666625
counter/3/0/0/0,8851:1747647656529:,1747647666626
counter/3/0/0/0,8852:1747647656529:,1747647666626
counter/3/0/0/0,8853:1747647656529:,1747647666626
counter/3/0/0/0,8854:1747647656530:,1747647666626
counter/3/0/0/0,8855:1747647656530:,1747647666626
counter/7/0/0/0,8165:1747647656019:,1747647666626
counter/4/0/0/0,8388:1747647656838:,1747647666626
counter/2/0/0/0,8177:1747647655238:,1747647666626
counter/2/0/0/0,8178:1747647655238:,1747647666626
counter/2/0/0/0,8179:1747647655238:,1747647666627
counter/10/0/0/0,7783:1747647655634:,1747647666627
counter/10/0/0/0,7784:1747647655634:,1747647666627
counter/1/0/0/0,9287:1747647656808:,1747647666627
counter/4/0/0/0,8389:1747647656838:,1747647666627
counter/2/0/0/0,8180:1747647655238:,1747647666627
counter/10/0/0/0,7785:1747647655634:,1747647666628
counter/1/0/0/0,9288:1747647656811:,1747647666628
counter/8/0/0/0,8432:1747647655623:,1747647666629
counter/8/0/0/0,8433:1747647655623:,1747647666629
counter/9/0/0/0,8645:1747647656014:,1747647666629
counter/9/0/0/0,8646:1747647656014:,1747647666629
counter/4/0/0/0,8390:1747647656838:,1747647666629
counter/2/0/0/0,8181:1747647655238:,1747647666629
counter/3/0/0/0,8856:1747647656530:,1747647666630
counter/2/0/0/0,8182:1747647655238:,1747647666630
counter/3/0/0/0,8857:1747647656530:,1747647666630
counter/6/0/0/0,7600:1747647655901:,1747647666631
counter/6/0/0/0,7601:1747647655901:,1747647666631
counter/6/0/0/0,7602:1747647655901:,1747647666631
counter/6/0/0/0,7603:1747647655901:,1747647666631
counter/6/0/0/0,7604:1747647655901:,1747647666631
counter/6/0/0/0,7605:1747647655901:,1747647666631
counter/10/0/0/0,7786:1747647655634:,1747647666631
counter/10/0/0/0,7787:1747647655634:,1747647666631
counter/7/0/0/0,8166:1747647656029:,1747647666632
counter/1/0/0/0,9289:1747647656811:,1747647666632
counter/1/0/0/0,9290:1747647656811:,1747647666632
counter/1/0/0/0,9291:1747647656811:,1747647666632
counter/1/0/0/0,9292:1747647656811:,1747647666632
counter/4/0/0/0,8391:1747647656838:,1747647666632
counter/1/0/0/0,9293:1747647656811:,1747647666632
counter/1/0/0/0,9294:1747647656813:,1747647666632
counter/1/0/0/0,9295:1747647656813:,1747647666632
counter/1/0/0/0,9296:1747647656813:,1747647666632
counter/1/0/0/0,9297:1747647656813:,1747647666632
counter/2/0/0/0,8183:1747647655242:,1747647666633
counter/10/0/0/0,7788:1747647655634:,1747647666634
counter/7/0/0/0,8167:1747647656029:,1747647666634
counter/7/0/0/0,8168:1747647656030:,1747647666634
counter/8/0/0/0,8434:1747647655623:,1747647666634
counter/8/0/0/0,8435:1747647655623:,1747647666634
counter/10/0/0/0,7789:1747647655634:,1747647666635
counter/2/0/0/0,8184:1747647655242:,1747647666635
counter/9/0/0/0,8647:1747647656014:,1747647666636
counter/8/0/0/0,8436:1747647655624:,1747647666636
counter/9/0/0/0,8648:1747647656014:,1747647666636
counter/8/0/0/0,8437:1747647655624:,1747647666636
counter/6/0/0/0,7606:1747647655902:,1747647666637
counter/10/0/0/0,7790:1747647655634:,1747647666637
counter/2/0/0/0,8185:1747647655242:,1747647666637
counter/7/0/0/0,8169:1747647656030:,1747647666638
counter/4/0/0/0,8392:1747647656838:,1747647666639
counter/5/0/0/0,8154:1747647655728:,1747647666639
counter/10/0/0/0,7791:1747647655634:,1747647666639
counter/3/0/0/0,8858:1747647656530:,1747647666639
counter/2/0/0/0,8186:1747647655242:,1747647666639
counter/2/0/0/0,8187:1747647655242:,1747647666639
counter/2/0/0/0,8188:1747647655242:,1747647666640
counter/7/0/0/0,8170:1747647656030:,1747647666640
counter/7/0/0/0,8171:1747647656030:,1747647666640
counter/2/0/0/0,8189:1747647655242:,1747647666640
counter/8/0/0/0,8438:1747647655624:,1747647666640
counter/4/0/0/0,8393:1747647656838:,1747647666640
counter/3/0/0/0,8859:1747647656535:,1747647666640
counter/4/0/0/0,8394:1747647656838:,1747647666640
counter/1/0/0/0,9298:1747647656813:,1747647666640
counter/4/0/0/0,8395:1747647656838:,1747647666640
counter/4/0/0/0,8396:1747647656838:,1747647666640
counter/4/0/0/0,8397:1747647656838:,1747647666640
counter/6/0/0/0,7607:1747647655902:,1747647666640
counter/6/0/0/0,7608:1747647655902:,1747647666640
counter/2/0/0/0,8190:1747647655242:,1747647666640
counter/2/0/0/0,8191:1747647655242:,1747647666640
counter/2/0/0/0,8192:1747647655242:,1747647666641
counter/2/0/0/0,8193:1747647655242:,1747647666641
counter/2/0/0/0,8194:1747647655244:,1747647666641
counter/2/0/0/0,8195:1747647655247:,1747647666641
counter/10/0/0/0,7792:1747647655634:,1747647666641
counter/2/0/0/0,8196:1747647655247:,1747647666641
counter/9/0/0/0,8649:1747647656014:,1747647666641
counter/9/0/0/0,8650:1747647656014:,1747647666642
counter/10/0/0/0,7793:1747647655634:,1747647666642
counter/3/0/0/0,8860:1747647656535:,1747647666642
counter/1/0/0/0,9299:1747647656813:,1747647666642
counter/1/0/0/0,9300:1747647656813:,1747647666642
counter/1/0/0/0,9301:1747647656813:,1747647666642
counter/1/0/0/0,9302:1747647656813:,1747647666642
counter/1/0/0/0,9303:1747647656813:,1747647666642
counter/1/0/0/0,9304:1747647656813:,1747647666642
counter/1/0/0/0,9305:1747647656816:,1747647666642
counter/1/0/0/0,9306:1747647656816:,1747647666642
counter/1/0/0/0,9307:1747647656816:,1747647666642
counter/1/0/0/0,9308:1747647656816:,1747647666642
counter/9/0/0/0,8651:1747647656014:,1747647666642
counter/9/0/0/0,8652:1747647656018:,1747647666642
counter/9/0/0/0,8653:1747647656018:,1747647666642
counter/9/0/0/0,8654:1747647656018:,1747647666643
counter/3/0/0/0,8861:1747647656535:,1747647666643
counter/3/0/0/0,8862:1747647656535:,1747647666643
counter/3/0/0/0,8863:1747647656535:,1747647666643
counter/3/0/0/0,8864:1747647656535:,1747647666643
counter/7/0/0/0,8172:1747647656030:,1747647666643
counter/7/0/0/0,8173:1747647656030:,1747647666643
counter/1/0/0/0,9309:1747647656816:,1747647666643
counter/1/0/0/0,9310:1747647656816:,1747647666643
counter/1/0/0/0,9311:1747647656816:,1747647666643
counter/1/0/0/0,9312:1747647656816:,1747647666643
counter/1/0/0/0,9313:1747647656816:,1747647666643
counter/1/0/0/0,9314:1747647656816:,1747647666643
counter/1/0/0/0,9315:1747647656816:,1747647666643
counter/1/0/0/0,9316:1747647656819:,1747647666643
counter/1/0/0/0,9317:1747647656819:,1747647666644
counter/1/0/0/0,9318:1747647656819:,1747647666644
counter/5/0/0/0,8155:1747647655728:,1747647666644
counter/9/0/0/0,8655:1747647656018:,1747647666644
counter/5/0/0/0,8156:1747647655728:,1747647666644
counter/4/0/0/0,8398:1747647656839:,1747647666644
counter/1/0/0/0,9319:1747647656819:,1747647666644
counter/2/0/0/0,8197:1747647655247:,1747647666644
counter/9/0/0/0,8656:1747647656018:,1747647666644
counter/9/0/0/0,8657:1747647656018:,1747647666644
counter/9/0/0/0,8658:1747647656018:,1747647666644
counter/3/0/0/0,8865:1747647656535:,1747647666644
counter/5/0/0/0,8157:1747647655728:,1747647666645
counter/7/0/0/0,8174:1747647656302:,1747647666645
counter/6/0/0/0,7609:1747647655902:,1747647666645
counter/4/0/0/0,8399:1747647656839:,1747647666645
counter/8/0/0/0,8439:1747647655624:,1747647666645
counter/8/0/0/0,8440:1747647655624:,1747647666645
counter/8/0/0/0,8441:1747647655624:,1747647666645
counter/8/0/0/0,8442:1747647655624:,1747647666645
counter/8/0/0/0,8443:1747647655624:,1747647666645
counter/8/0/0/0,8444:1747647655624:,1747647666645
counter/8/0/0/0,8445:1747647655624:,1747647666645
counter/8/0/0/0,8446:1747647655624:,1747647666645
counter/1/0/0/0,9320:1747647656819:,1747647666645
counter/9/0/0/0,8659:1747647656018:,1747647666645
counter/9/0/0/0,8660:1747647656018:,1747647666645
counter/3/0/0/0,8866:1747647656535:,1747647666645
counter/3/0/0/0,8867:1747647656535:,1747647666645
counter/3/0/0/0,8868:1747647656535:,1747647666645
counter/3/0/0/0,8869:1747647656535:,1747647666645
counter/3/0/0/0,8870:1747647656535:,1747647666645
counter/3/0/0/0,8871:1747647656535:,1747647666645
counter/7/0/0/0,8175:1747647656302:,1747647666645
counter/7/0/0/0,8176:1747647656302:,1747647666645
counter/4/0/0/0,8400:1747647656839:,1747647666646
counter/6/0/0/0,7610:1747647655902:,1747647666646
counter/7/0/0/0,8177:1747647656302:,1747647666646
counter/7/0/0/0,8178:1747647656305:,1747647666646
counter/7/0/0/0,8179:1747647656307:,1747647666647
counter/7/0/0/0,8180:1747647656307:,1747647666647
counter/9/0/0/0,8661:1747647656018:,1747647666647
counter/9/0/0/0,8662:1747647656018:,1747647666647
counter/9/0/0/0,8663:1747647656018:,1747647666647
counter/8/0/0/0,8447:1747647655624:,1747647666647
counter/1/0/0/0,9321:1747647656819:,1747647666647
counter/8/0/0/0,8448:1747647655624:,1747647666647
counter/8/0/0/0,8449:1747647655625:,1747647666647
counter/8/0/0/0,8450:1747647655625:,1747647666648
counter/8/0/0/0,8451:1747647655625:,1747647666648
counter/8/0/0/0,8452:1747647655625:,1747647666648
counter/8/0/0/0,8453:1747647655625:,1747647666648
counter/8/0/0/0,8454:1747647655625:,1747647666648
counter/8/0/0/0,8455:1747647655625:,1747647666648
counter/6/0/0/0,7611:1747647655902:,1747647666648
counter/8/0/0/0,8456:1747647655652:,1747647666648
counter/6/0/0/0,7612:1747647655902:,1747647666648
counter/8/0/0/0,8457:1747647655652:,1747647666648
counter/6/0/0/0,7613:1747647655902:,1747647666648
counter/6/0/0/0,7614:1747647655902:,1747647666648
counter/6/0/0/0,7615:1747647655902:,1747647666648
counter/1/0/0/0,9322:1747647656819:,1747647666648
counter/4/0/0/0,8401:1747647656839:,1747647666648
counter/10/0/0/0,7794:1747647655634:,1747647666649
counter/6/0/0/0,7616:1747647655902:,1747647666649
counter/1/0/0/0,9323:1747647656819:,1747647666649
counter/5/0/0/0,8158:1747647655728:,1747647666649
counter/9/0/0/0,8664:1747647656018:,1747647666649
counter/9/0/0/0,8665:1747647656018:,1747647666649
counter/9/0/0/0,8666:1747647656018:,1747647666649
counter/9/0/0/0,8667:1747647656019:,1747647666649
counter/9/0/0/0,8668:1747647656021:,1747647666649
counter/9/0/0/0,8669:1747647656021:,1747647666649
counter/9/0/0/0,8670:1747647656021:,1747647666649
counter/9/0/0/0,8671:1747647656021:,1747647666649
counter/9/0/0/0,8672:1747647656021:,1747647666649
counter/9/0/0/0,8673:1747647656023:,1747647666649
counter/9/0/0/0,8674:1747647656031:,1747647666649
counter/9/0/0/0,8675:1747647656031:,1747647666649
counter/4/0/0/0,8402:1747647656839:,1747647666649
counter/1/0/0/0,9324:1747647656819:,1747647666649
counter/1/0/0/0,9325:1747647656819:,1747647666650
counter/1/0/0/0,9326:1747647656819:,1747647666650
counter/10/0/0/0,7795:1747647655636:,1747647666652
counter/10/0/0/0,7796:1747647655636:,1747647666652
counter/4/0/0/0,8403:1747647656839:,1747647666652
counter/9/0/0/0,8676:1747647656031:,1747647666652
counter/9/0/0/0,8677:1747647656031:,1747647666652
counter/9/0/0/0,8678:1747647656031:,1747647666652
counter/9/0/0/0,8679:1747647656031:,1747647666652
counter/9/0/0/0,8680:1747647656032:,1747647666652
counter/9/0/0/0,8681:1747647656032:,1747647666652
counter/9/0/0/0,8682:1747647656032:,1747647666652
counter/9/0/0/0,8683:1747647656032:,1747647666652
counter/9/0/0/0,8684:1747647656032:,1747647666652
counter/9/0/0/0,8685:1747647656032:,1747647666652
counter/9/0/0/0,8686:1747647656032:,1747647666652
counter/7/0/0/0,8181:1747647656308:,1747647666652
counter/7/0/0/0,8182:1747647656308:,1747647666652
counter/10/0/0/0,7797:1747647655636:,1747647666653
counter/8/0/0/0,8458:1747647655652:,1747647666655
counter/4/0/0/0,8404:1747647656839:,1747647666655
counter/4/0/0/0,8405:1747647656839:,1747647666655
counter/4/0/0/0,8406:1747647656840:,1747647666655
counter/6/0/0/0,7617:1747647655902:,1747647666655
counter/6/0/0/0,7618:1747647655902:,1747647666655
counter/9/0/0/0,8687:1747647656036:,1747647666656
counter/9/0/0/0,8688:1747647656036:,1747647666656
counter/9/0/0/0,8689:1747647656036:,1747647666656
counter/6/0/0/0,7619:1747647655902:,1747647666656
counter/6/0/0/0,7620:1747647655902:,1747647666656
counter/6/0/0/0,7621:1747647655905:,1747647666656
counter/6/0/0/0,7622:1747647655905:,1747647666656
counter/6/0/0/0,7623:1747647655905:,1747647666656
counter/6/0/0/0,7624:1747647655906:,1747647666656
counter/2/0/0/0,8198:1747647655265:,1747647666656
counter/3/0/0/0,8872:1747647656541:,1747647666656
counter/3/0/0/0,8873:1747647656541:,1747647666656
counter/3/0/0/0,8874:1747647656554:,1747647666657
counter/5/0/0/0,8159:1747647655728:,1747647666657
counter/5/0/0/0,8160:1747647655734:,1747647666657
counter/5/0/0/0,8161:1747647655734:,1747647666657
counter/8/0/0/0,8459:1747647655652:,1747647666657
counter/10/0/0/0,7798:1747647655636:,1747647666657
counter/8/0/0/0,8460:1747647655652:,1747647666658
counter/10/0/0/0,7799:1747647655636:,1747647666658
counter/8/0/0/0,8461:1747647655653:,1747647666658
counter/8/0/0/0,8462:1747647655653:,1747647666658
counter/4/0/0/0,8407:1747647656840:,1747647666658
counter/10/0/0/0,7800:1747647655636:,1747647666659
counter/10/0/0/0,7801:1747647655636:,1747647666659
counter/10/0/0/0,7802:1747647655636:,1747647666659
counter/10/0/0/0,7803:1747647655636:,1747647666659
counter/10/0/0/0,7804:1747647655647:,1747647666659
counter/10/0/0/0,7805:1747647655656:,1747647666659
counter/10/0/0/0,7806:1747647655656:,1747647666659
counter/8/0/0/0,8463:1747647655653:,1747647666659
counter/8/0/0/0,8464:1747647655656:,1747647666659
counter/7/0/0/0,8183:1747647656308:,1747647666659
counter/5/0/0/0,8162:1747647655734:,1747647666660
counter/9/0/0/0,8690:1747647656036:,1747647666660
counter/10/0/0/0,7807:1747647655656:,1747647666660
counter/5/0/0/0,8163:1747647655734:,1747647666660
counter/3/0/0/0,8875:1747647656555:,1747647666660
counter/4/0/0/0,8408:1747647656840:,1747647666660
counter/4/0/0/0,8409:1747647656840:,1747647666660
counter/7/0/0/0,8184:1747647656309:,1747647666660
counter/4/0/0/0,8410:1747647656840:,1747647666660
counter/4/0/0/0,8411:1747647656840:,1747647666660
counter/4/0/0/0,8412:1747647656840:,1747647666660
counter/4/0/0/0,8413:1747647656840:,1747647666661
counter/4/0/0/0,8414:1747647656840:,1747647666661
counter/4/0/0/0,8415:1747647656840:,1747647666661
counter/4/0/0/0,8416:1747647656842:,1747647666661
counter/5/0/0/0,8164:1747647655734:,1747647666661
counter/10/0/0/0,7808:1747647655656:,1747647666661
counter/10/0/0/0,7809:1747647655665:,1747647666661
counter/10/0/0/0,7810:1747647655665:,1747647666661
counter/10/0/0/0,7811:1747647655665:,1747647666661
counter/10/0/0/0,7812:1747647655665:,1747647666661
counter/10/0/0/0,7813:1747647655665:,1747647666661
counter/10/0/0/0,7814:1747647655665:,1747647666661
counter/10/0/0/0,7815:1747647655665:,1747647666662
counter/7/0/0/0,8185:1747647656313:,1747647666662
counter/5/0/0/0,8165:1747647655734:,1747647666662
counter/5/0/0/0,8166:1747647655734:,1747647666662
counter/5/0/0/0,8167:1747647655734:,1747647666662
counter/5/0/0/0,8168:1747647655735:,1747647666662
counter/5/0/0/0,8169:1747647655735:,1747647666662
counter/7/0/0/0,8186:1747647656313:,1747647666665
counter/2/0/0/0,8199:1747647655266:,1747647666665
counter/7/0/0/0,8187:1747647656316:,1747647666666
counter/7/0/0/0,8188:1747647656316:,1747647666666
counter/7/0/0/0,8189:1747647656326:,1747647666666
counter/7/0/0/0,8190:1747647656327:,1747647666666
counter/7/0/0/0,8191:1747647656327:,1747647666666
counter/7/0/0/0,8192:1747647656327:,1747647666666
counter/7/0/0/0,8193:1747647656327:,1747647666666
counter/7/0/0/0,8194:1747647656327:,1747647666666
counter/7/0/0/0,8195:1747647656327:,1747647666666
counter/7/0/0/0,8196:1747647656327:,1747647666666
counter/7/0/0/0,8197:1747647656327:,1747647666666
counter/7/0/0/0,8198:1747647656327:,1747647666666
counter/7/0/0/0,8199:1747647656327:,1747647666666
counter/5/0/0/0,8170:1747647655741:,1747647666666
counter/2/0/0/0,8200:1747647655266:,1747647666666
counter/5/0/0/0,8171:1747647655741:,1747647666666
counter/6/0/0/0,7625:1747647655906:,1747647666668
counter/6/0/0/0,7626:1747647655906:,1747647666668
counter/6/0/0/0,7627:1747647655906:,1747647666668
counter/6/0/0/0,7628:1747647655906:,1747647666668
counter/6/0/0/0,7629:1747647655906:,1747647666668
counter/6/0/0/0,7630:1747647655906:,1747647666668
counter/6/0/0/0,7631:1747647655906:,1747647666668
counter/6/0/0/0,7632:1747647655906:,1747647666668
counter/3/0/0/0,8876:1747647656555:,1747647666668
counter/3/0/0/0,8877:1747647656555:,1747647666668
counter/3/0/0/0,8878:1747647656555:,1747647666668
counter/3/0/0/0,8879:1747647656555:,1747647666668
counter/3/0/0/0,8880:1747647656555:,1747647666668
counter/3/0/0/0,8881:1747647656557:,1747647666668
counter/3/0/0/0,8882:1747647656557:,1747647666668
counter/3/0/0/0,8883:1747647656566:,1747647666668
counter/3/0/0/0,8884:1747647656566:,1747647666668
counter/3/0/0/0,8885:1747647656566:,1747647666669
counter/3/0/0/0,8886:1747647656566:,1747647666669
counter/7/0/0/0,8200:1747647656327:,1747647666669
counter/4/0/0/0,8417:1747647656842:,1747647666669
counter/4/0/0/0,8418:1747647656842:,1747647666669
counter/4/0/0/0,8419:1747647656842:,1747647666669
counter/4/0/0/0,8420:1747647656846:,1747647666669
counter/4/0/0/0,8421:1747647656846:,1747647666669
counter/6/0/0/0,7633:1747647655906:,1747647666669
counter/9/0/0/0,8691:1747647656036:,1747647666669
counter/6/0/0/0,7634:1747647655906:,1747647666670
counter/7/0/0/0,8201:1747647656338:,1747647666671
counter/8/0/0/0,8465:1747647655656:,1747647666671
counter/8/0/0/0,8466:1747647655656:,1747647666671
counter/8/0/0/0,8467:1747647655656:,1747647666671
counter/8/0/0/0,8468:1747647655656:,1747647666671
counter/8/0/0/0,8469:1747647655656:,1747647666671
counter/8/0/0/0,8470:1747647655664:,1747647666671
counter/8/0/0/0,8471:1747647655664:,1747647666671
counter/8/0/0/0,8472:1747647655664:,1747647666671
counter/8/0/0/0,8473:1747647655664:,1747647666671
counter/8/0/0/0,8474:1747647655664:,1747647666671
counter/8/0/0/0,8475:1747647655664:,1747647666671
counter/8/0/0/0,8476:1747647655664:,1747647666671
counter/8/0/0/0,8477:1747647655691:,1747647666671
counter/9/0/0/0,8692:1747647656036:,1747647666671
counter/9/0/0/0,8693:1747647656036:,1747647666671
counter/1/0/0/0,9327:1747647656832:,1747647666672
counter/4/0/0/0,8422:1747647656847:,1747647666672
counter/10/0/0/0,7816:1747647655665:,1747647666672
counter/4/0/0/0,8423:1747647656848:,1747647666672
counter/4/0/0/0,8424:1747647656848:,1747647666672
counter/8/0/0/0,8478:1747647655692:,1747647666672
counter/4/0/0/0,8425:1747647656848:,1747647666672
counter/4/0/0/0,8426:1747647656848:,1747647666672
counter/4/0/0/0,8427:1747647656848:,1747647666672
counter/4/0/0/0,8428:1747647656848:,1747647666672
counter/6/0/0/0,7635:1747647655906:,1747647666673
counter/8/0/0/0,8479:1747647655692:,1747647666674
counter/2/0/0/0,8201:1747647655269:,1747647666675
counter/7/0/0/0,8202:1747647656338:,1747647666675
counter/7/0/0/0,8203:1747647656338:,1747647666675
counter/7/0/0/0,8204:1747647656338:,1747647666675
counter/10/0/0/0,7817:1747647655665:,1747647666675
counter/7/0/0/0,8205:1747647656338:,1747647666675
counter/4/0/0/0,8429:1747647656848:,1747647666675
counter/4/0/0/0,8430:1747647656848:,1747647666675
counter/4/0/0/0,8431:1747647656848:,1747647666675
counter/4/0/0/0,8432:1747647656848:,1747647666675
counter/4/0/0/0,8433:1747647656848:,1747647666675
counter/4/0/0/0,8434:1747647656848:,1747647666675
counter/4/0/0/0,8435:1747647656848:,1747647666675
counter/4/0/0/0,8436:1747647656848:,1747647666675
counter/4/0/0/0,8437:1747647656848:,1747647666675
counter/4/0/0/0,8438:1747647656848:,1747647666675
counter/6/0/0/0,7636:1747647655906:,1747647666676
counter/9/0/0/0,8694:1747647656036:,1747647666676
counter/10/0/0/0,7818:1747647655665:,1747647666676
counter/4/0/0/0,8439:1747647656850:,1747647666677
counter/7/0/0/0,8206:1747647656338:,1747647666678
counter/8/0/0/0,8480:1747647655692:,1747647666679
counter/8/0/0/0,8481:1747647655692:,1747647666679
counter/8/0/0/0,8482:1747647655692:,1747647666679
counter/8/0/0/0,8483:1747647655692:,1747647666679
counter/8/0/0/0,8484:1747647655692:,1747647666679
counter/8/0/0/0,8485:1747647655692:,1747647666679
counter/8/0/0/0,8486:1747647655692:,1747647666679
counter/8/0/0/0,8487:1747647655692:,1747647666679
counter/8/0/0/0,8488:1747647655692:,1747647666679
counter/8/0/0/0,8489:1747647655692:,1747647666679
counter/8/0/0/0,8490:1747647655692:,1747647666679
counter/8/0/0/0,8491:1747647655692:,1747647666679
counter/8/0/0/0,8492:1747647655694:,1747647666679
counter/8/0/0/0,8493:1747647655694:,1747647666679
counter/8/0/0/0,8494:1747647655694:,1747647666679
counter/8/0/0/0,8495:1747647655694:,1747647666679
counter/8/0/0/0,8496:1747647655694:,1747647666680
counter/8/0/0/0,8497:1747647655704:,1747647666680
counter/8/0/0/0,8498:1747647655728:,1747647666680
counter/9/0/0/0,8695:1747647656036:,1747647666680
counter/6/0/0/0,7637:1747647655906:,1747647666680
counter/9/0/0/0,8696:1747647656036:,1747647666680
counter/6/0/0/0,7638:1747647655906:,1747647666680
counter/6/0/0/0,7639:1747647655906:,1747647666680
counter/4/0/0/0,8440:1747647656850:,1747647666681
counter/6/0/0/0,7640:1747647655908:,1747647666681
counter/6/0/0/0,7641:1747647655908:,1747647666681
counter/6/0/0/0,7642:1747647655908:,1747647666681
counter/6/0/0/0,7643:1747647655908:,1747647666681
counter/6/0/0/0,7644:1747647655908:,1747647666681
counter/6/0/0/0,7645:1747647655908:,1747647666681
counter/2/0/0/0,8202:1747647655269:,1747647666681
counter/7/0/0/0,8207:1747647656338:,1747647666682
counter/7/0/0/0,8208:1747647656338:,1747647666682
counter/8/0/0/0,8499:1747647655749:,1747647666682
counter/5/0/0/0,8172:1747647655741:,1747647666683
counter/5/0/0/0,8173:1747647655741:,1747647666683
counter/4/0/0/0,8441:1747647656850:,1747647666683
counter/4/0/0/0,8442:1747647656850:,1747647666683
counter/4/0/0/0,8443:1747647656850:,1747647666683
counter/4/0/0/0,8444:1747647656850:,1747647666683
counter/4/0/0/0,8445:1747647656850:,1747647666683
counter/4/0/0/0,8446:1747647656850:,1747647666683
counter/4/0/0/0,8447:1747647656850:,1747647666683
counter/4/0/0/0,8448:1747647656850:,1747647666683
counter/4/0/0/0,8449:1747647656850:,1747647666683
counter/2/0/0/0,8203:1747647655269:,1747647666683
counter/7/0/0/0,8209:1747647656344:,1747647666683
counter/10/0/0/0,7819:1747647655665:,1747647666683
counter/6/0/0/0,7646:1747647655908:,1747647666684
counter/5/0/0/0,8174:1747647655741:,1747647666684
counter/5/0/0/0,8175:1747647655745:,1747647666685
counter/5/0/0/0,8176:1747647655745:,1747647666685
counter/5/0/0/0,8177:1747647655745:,1747647666685
counter/5/0/0/0,8178:1747647655745:,1747647666685
counter/5/0/0/0,8179:1747647655745:,1747647666685
counter/5/0/0/0,8180:1747647655745:,1747647666685
counter/5/0/0/0,8181:1747647655745:,1747647666685
counter/5/0/0/0,8182:1747647655745:,1747647666685
counter/5/0/0/0,8183:1747647655746:,1747647666685
counter/5/0/0/0,8184:1747647655746:,1747647666685
counter/1/0/0/0,9328:1747647656832:,1747647666685
counter/1/0/0/0,9329:1747647656832:,1747647666685
counter/1/0/0/0,9330:1747647656832:,1747647666685
counter/1/0/0/0,9331:1747647656832:,1747647666685
counter/1/0/0/0,9332:1747647656832:,1747647666685
counter/1/0/0/0,9333:1747647656832:,1747647666685
counter/8/0/0/0,8500:1747647655752:,1747647666685
counter/1/0/0/0,9334:1747647656832:,1747647666685
counter/8/0/0/0,8501:1747647655752:,1747647666686
counter/1/0/0/0,9335:1747647656832:,1747647666686
counter/8/0/0/0,8502:1747647655752:,1747647666686
counter/8/0/0/0,8503:1747647655752:,1747647666686
counter/10/0/0/0,7820:1747647655665:,1747647666686
counter/1/0/0/0,9336:1747647656832:,1747647666686
counter/9/0/0/0,8697:1747647656036:,1747647666686
counter/2/0/0/0,8204:1747647655269:,1747647666686
counter/6/0/0/0,7647:1747647655908:,1747647666687
counter/10/0/0/0,7821:1747647655665:,1747647666688
counter/1/0/0/0,9337:1747647656832:,1747647666689
counter/9/0/0/0,8698:1747647656036:,1747647666689
counter/9/0/0/0,8699:1747647656036:,1747647666689
counter/9/0/0/0,8700:1747647656297:,1747647666689
counter/9/0/0/0,8701:1747647656298:,1747647666689
counter/7/0/0/0,8210:1747647656344:,1747647666690
counter/7/0/0/0,8211:1747647656344:,1747647666691
counter/7/0/0/0,8212:1747647656344:,1747647666691
counter/7/0/0/0,8213:1747647656344:,1747647666691
counter/7/0/0/0,8214:1747647656344:,1747647666691
counter/6/0/0/0,7648:1747647655908:,1747647666691
counter/8/0/0/0,8504:1747647655766:,1747647666691
counter/5/0/0/0,8185:1747647655752:,1747647666691
counter/5/0/0/0,8186:1747647655760:,1747647666691
counter/1/0/0/0,9338:1747647656832:,1747647666691
counter/1/0/0/0,9339:1747647656832:,1747647666691
counter/1/0/0/0,9340:1747647656832:,1747647666691
counter/1/0/0/0,9341:1747647656832:,1747647666692
counter/1/0/0/0,9342:1747647656833:,1747647666692
counter/1/0/0/0,9343:1747647656833:,1747647666692
counter/1/0/0/0,9344:1747647656833:,1747647666692
counter/1/0/0/0,9345:1747647656833:,1747647666692
counter/2/0/0/0,8205:1747647655269:,1747647666692
counter/7/0/0/0,8215:1747647656344:,1747647666693
counter/2/0/0/0,8206:1747647655269:,1747647666693
counter/6/0/0/0,7649:1747647655912:,1747647666693
counter/6/0/0/0,7650:1747647655912:,1747647666693
counter/6/0/0/0,7651:1747647655912:,1747647666693
counter/6/0/0/0,7652:1747647655912:,1747647666693
counter/6/0/0/0,7653:1747647655912:,1747647666693
counter/6/0/0/0,7654:1747647655912:,1747647666693
counter/6/0/0/0,7655:1747647655912:,1747647666693
counter/7/0/0/0,8216:1747647656344:,1747647666694
counter/7/0/0/0,8217:1747647656344:,1747647666694
counter/7/0/0/0,8218:1747647656344:,1747647666694
counter/7/0/0/0,8219:1747647656344:,1747647666694
counter/2/0/0/0,8207:1747647655269:,1747647666694
counter/8/0/0/0,8505:1747647655766:,1747647666696
counter/9/0/0/0,8702:1747647656298:,1747647666696
counter/9/0/0/0,8703:1747647656298:,1747647666696
counter/5/0/0/0,8187:1747647655760:,1747647666696
counter/4/0/0/0,8450:1747647656850:,1747647666696
counter/7/0/0/0,8220:1747647656356:,1747647666697
counter/8/0/0/0,8506:1747647655766:,1747647666697
counter/8/0/0/0,8507:1747647655766:,1747647666697
counter/9/0/0/0,8704:1747647656303:,1747647666697
counter/7/0/0/0,8221:1747647656356:,1747647666697
counter/7/0/0/0,8222:1747647656356:,1747647666698
counter/2/0/0/0,8208:1747647655269:,1747647666698
counter/10/0/0/0,7822:1747647655665:,1747647666699
counter/10/0/0/0,7823:1747647655665:,1747647666699
counter/10/0/0/0,7824:1747647655666:,1747647666699
counter/10/0/0/0,7825:1747647655666:,1747647666699
counter/10/0/0/0,7826:1747647655666:,1747647666699
counter/8/0/0/0,8508:1747647655766:,1747647666700
counter/3/0/0/0,8887:1747647656566:,1747647666700
counter/5/0/0/0,8188:1747647655760:,1747647666701
counter/4/0/0/0,8451:1747647656850:,1747647666701
counter/5/0/0/0,8189:1747647655760:,1747647666701
counter/3/0/0/0,8888:1747647656566:,1747647666702
counter/3/0/0/0,8889:1747647656575:,1747647666702
counter/3/0/0/0,8890:1747647656575:,1747647666702
counter/3/0/0/0,8891:1747647656575:,1747647666702
counter/3/0/0/0,8892:1747647656575:,1747647666702
counter/3/0/0/0,8893:1747647656575:,1747647666702
counter/3/0/0/0,8894:1747647656575:,1747647666702
counter/7/0/0/0,8223:1747647656356:,1747647666702
counter/7/0/0/0,8224:1747647656356:,1747647666702
counter/7/0/0/0,8225:1747647656357:,1747647666702
counter/7/0/0/0,8226:1747647656357:,1747647666702
counter/8/0/0/0,8509:1747647655766:,1747647666703
counter/8/0/0/0,8510:1747647655766:,1747647666703
counter/1/0/0/0,9346:1747647656833:,1747647666703
counter/1/0/0/0,9347:1747647656833:,1747647666703
counter/1/0/0/0,9348:1747647656833:,1747647666703
counter/7/0/0/0,8227:1747647656357:,1747647666703
counter/9/0/0/0,8705:1747647656305:,1747647666703
counter/5/0/0/0,8190:1747647655760:,1747647666704
counter/5/0/0/0,8191:1747647655760:,1747647666704
counter/5/0/0/0,8192:1747647655760:,1747647666704
counter/5/0/0/0,8193:1747647655760:,1747647666704
counter/5/0/0/0,8194:1747647655760:,1747647666704
counter/6/0/0/0,7656:1747647655912:,1747647666704
counter/5/0/0/0,8195:1747647655760:,1747647666704
counter/7/0/0/0,8228:1747647656357:,1747647666705
counter/7/0/0/0,8229:1747647656357:,1747647666705
counter/7/0/0/0,8230:1747647656357:,1747647666705
counter/7/0/0/0,8231:1747647656357:,1747647666705
counter/7/0/0/0,8232:1747647656357:,1747647666705
counter/7/0/0/0,8233:1747647656357:,1747647666705
counter/9/0/0/0,8706:1747647656307:,1747647666706
counter/6/0/0/0,7657:1747647655912:,1747647666706
counter/2/0/0/0,8209:1747647655269:,1747647666706
counter/4/0/0/0,8452:1747647656850:,1747647666707
counter/4/0/0/0,8453:1747647656850:,1747647666707
counter/3/0/0/0,8895:1747647656575:,1747647666707
counter/3/0/0/0,8896:1747647656575:,1747647666707
counter/3/0/0/0,8897:1747647656575:,1747647666707
counter/3/0/0/0,8898:1747647656575:,1747647666707
counter/8/0/0/0,8511:1747647655767:,1747647666708
counter/6/0/0/0,7658:1747647655912:,1747647666708
counter/4/0/0/0,8454:1747647656850:,1747647666708
counter/9/0/0/0,8707:1747647656307:,1747647666710
counter/8/0/0/0,8512:1747647655767:,1747647666710
counter/5/0/0/0,8196:1747647655760:,1747647666710
counter/5/0/0/0,8197:1747647655760:,1747647666710
counter/5/0/0/0,8198:1747647655760:,1747647666710
counter/1/0/0/0,9349:1747647656834:,1747647666710
counter/1/0/0/0,9350:1747647656845:,1747647666711
counter/1/0/0/0,9351:1747647656845:,1747647666711
counter/1/0/0/0,9352:1747647656845:,1747647666711
counter/10/0/0/0,7827:1747647655666:,1747647666711
counter/10/0/0/0,7828:1747647655666:,1747647666711
counter/10/0/0/0,7829:1747647655666:,1747647666711
counter/10/0/0/0,7830:1747647655666:,1747647666711
counter/10/0/0/0,7831:1747647655666:,1747647666711
counter/8/0/0/0,8513:1747647655767:,1747647666711
counter/5/0/0/0,8199:1747647655760:,1747647666711
counter/5/0/0/0,8200:1747647655760:,1747647666711
counter/1/0/0/0,9353:1747647656845:,1747647666711
counter/1/0/0/0,9354:1747647656845:,1747647666711
counter/1/0/0/0,9355:1747647656845:,1747647666711
counter/1/0/0/0,9356:1747647656845:,1747647666712
counter/1/0/0/0,9357:1747647656845:,1747647666712
counter/1/0/0/0,9358:1747647656845:,1747647666712
counter/1/0/0/0,9359:1747647656845:,1747647666712
counter/2/0/0/0,8210:1747647655270:,1747647666712
counter/5/0/0/0,8201:1747647655760:,1747647666712
counter/5/0/0/0,8202:1747647655760:,1747647666712
counter/1/0/0/0,9360:1747647656846:,1747647666712
counter/4/0/0/0,8455:1747647656850:,1747647666712
counter/10/0/0/0,7832:1747647655666:,1747647666713
counter/10/0/0/0,7833:1747647655666:,1747647666713
counter/10/0/0/0,7834:1747647655666:,1747647666713
counter/10/0/0/0,7835:1747647655666:,1747647666713
counter/6/0/0/0,7659:1747647655912:,1747647666713
counter/4/0/0/0,8456:1747647656850:,1747647666714
counter/1/0/0/0,9361:1747647656846:,1747647666715
counter/1/0/0/0,9362:1747647656846:,1747647666715
counter/1/0/0/0,9363:1747647656846:,1747647666715
counter/1/0/0/0,9364:1747647656846:,1747647666715
counter/1/0/0/0,9365:1747647656846:,1747647666715
counter/1/0/0/0,9366:1747647656846:,1747647666715
counter/1/0/0/0,9367:1747647656846:,1747647666715
counter/1/0/0/0,9368:1747647656846:,1747647666715
counter/1/0/0/0,9369:1747647656853:,1747647666715
counter/1/0/0/0,9370:1747647656853:,1747647666715
counter/1/0/0/0,9371:1747647656853:,1747647666715
counter/1/0/0/0,9372:1747647656853:,1747647666715
counter/1/0/0/0,9373:1747647656853:,1747647666715
counter/1/0/0/0,9374:1747647656853:,1747647666715
counter/1/0/0/0,9375:1747647656853:,1747647666715
counter/1/0/0/0,9376:1747647656853:,1747647666715
counter/1/0/0/0,9377:1747647656853:,1747647666715
counter/4/0/0/0,8457:1747647656850:,1747647666716
counter/4/0/0/0,8458:1747647656850:,1747647666717
counter/4/0/0/0,8459:1747647656850:,1747647666717
counter/10/0/0/0,7836:1747647655667:,1747647666717
counter/10/0/0/0,7837:1747647655667:,1747647666717
counter/10/0/0/0,7838:1747647655667:,1747647666717
counter/8/0/0/0,8514:1747647655770:,1747647666717
counter/8/0/0/0,8515:1747647655770:,1747647666717
counter/9/0/0/0,8708:1747647656311:,1747647666717
counter/1/0/0/0,9378:1747647656853:,1747647666717
counter/1/0/0/0,9379:1747647656853:,1747647666717
counter/1/0/0/0,9380:1747647656853:,1747647666717
counter/1/0/0/0,9381:1747647656853:,1747647666717
counter/1/0/0/0,9382:1747647656853:,1747647666717
counter/1/0/0/0,9383:1747647656863:,1747647666717
counter/1/0/0/0,9384:1747647656863:,1747647666717
counter/1/0/0/0,9385:1747647656867:,1747647666717
counter/1/0/0/0,9386:1747647656867:,1747647666717
counter/1/0/0/0,9387:1747647656867:,1747647666718
counter/1/0/0/0,9388:1747647656867:,1747647666718
counter/1/0/0/0,9389:1747647656867:,1747647666718
counter/1/0/0/0,9390:1747647656867:,1747647666718
counter/2/0/0/0,8211:1747647655278:,1747647666721
counter/3/0/0/0,8899:1747647656575:,1747647666721
counter/3/0/0/0,8900:1747647656575:,1747647666721
counter/3/0/0/0,8901:1747647656589:,1747647666721
counter/3/0/0/0,8902:1747647656589:,1747647666721
counter/3/0/0/0,8903:1747647656589:,1747647666721
counter/3/0/0/0,8904:1747647656589:,1747647666721
counter/3/0/0/0,8905:1747647656589:,1747647666721
counter/3/0/0/0,8906:1747647656589:,1747647666721
counter/3/0/0/0,8907:1747647656589:,1747647666721
counter/3/0/0/0,8908:1747647656589:,1747647666721
counter/8/0/0/0,8516:1747647655770:,1747647666721
counter/8/0/0/0,8517:1747647655770:,1747647666721
counter/9/0/0/0,8709:1747647656313:,1747647666722
counter/6/0/0/0,7660:1747647655912:,1747647666722
counter/9/0/0/0,8710:1747647656313:,1747647666722
counter/6/0/0/0,7661:1747647655912:,1747647666722
counter/9/0/0/0,8711:1747647656313:,1747647666722
counter/9/0/0/0,8712:1747647656314:,1747647666722
counter/9/0/0/0,8713:1747647656315:,1747647666722
counter/9/0/0/0,8714:1747647656317:,1747647666722
counter/3/0/0/0,8909:1747647656589:,1747647666723
counter/3/0/0/0,8910:1747647656589:,1747647666723
counter/3/0/0/0,8911:1747647656590:,1747647666723
counter/3/0/0/0,8912:1747647656601:,1747647666723
counter/5/0/0/0,8203:1747647655760:,1747647666724
counter/9/0/0/0,8715:1747647656317:,1747647666724
counter/4/0/0/0,8460:1747647656850:,1747647666725
counter/7/0/0/0,8234:1747647656358:,1747647666725
counter/9/0/0/0,8716:1747647656318:,1747647666725
counter/2/0/0/0,8212:1747647655278:,1747647666727
counter/6/0/0/0,7662:1747647655912:,1747647666727
counter/10/0/0/0,7839:1747647655667:,1747647666727
counter/10/0/0/0,7840:1747647655667:,1747647666727
counter/4/0/0/0,8461:1747647656850:,1747647666727
counter/10/0/0/0,7841:1747647655667:,1747647666727
counter/4/0/0/0,8462:1747647656859:,1747647666728
counter/3/0/0/0,8913:1747647656601:,1747647666728
counter/8/0/0/0,8518:1747647655770:,1747647666728
counter/9/0/0/0,8717:1747647656320:,1747647666728
counter/4/0/0/0,8463:1747647656863:,1747647666729
counter/1/0/0/0,9391:1747647656867:,1747647666729
counter/4/0/0/0,8464:1747647656864:,1747647666729
counter/8/0/0/0,8519:1747647655770:,1747647666730
counter/8/0/0/0,8520:1747647655770:,1747647666730
counter/8/0/0/0,8521:1747647655770:,1747647666730
counter/8/0/0/0,8522:1747647655770:,1747647666730
counter/9/0/0/0,8718:1747647656320:,1747647666730
counter/9/0/0/0,8719:1747647656320:,1747647666730
counter/9/0/0/0,8720:1747647656320:,1747647666731
counter/9/0/0/0,8721:1747647656321:,1747647666731
counter/9/0/0/0,8722:1747647656321:,1747647666731
counter/9/0/0/0,8723:1747647656321:,1747647666731
counter/9/0/0/0,8724:1747647656321:,1747647666731
counter/9/0/0/0,8725:1747647656321:,1747647666731
counter/7/0/0/0,8235:1747647656358:,1747647666731
counter/4/0/0/0,8465:1747647656864:,1747647666731
counter/3/0/0/0,8914:1747647656601:,1747647666731
counter/5/0/0/0,8204:1747647655760:,1747647666731
counter/1/0/0/0,9392:1747647656867:,1747647666732
counter/10/0/0/0,7842:1747647655667:,1747647666735
counter/7/0/0/0,8236:1747647656358:,1747647666737
counter/3/0/0/0,8915:1747647656601:,1747647666737
counter/3/0/0/0,8916:1747647656601:,1747647666737
counter/3/0/0/0,8917:1747647656601:,1747647666737
counter/9/0/0/0,8726:1747647656321:,1747647666737
counter/9/0/0/0,8727:1747647656321:,1747647666737
counter/9/0/0/0,8728:1747647656321:,1747647666737
counter/9/0/0/0,8729:1747647656322:,1747647666737
counter/9/0/0/0,8730:1747647656322:,1747647666737
counter/5/0/0/0,8205:1747647655760:,1747647666737
counter/8/0/0/0,8523:1747647655771:,1747647666738
counter/8/0/0/0,8524:1747647655771:,1747647666738
counter/8/0/0/0,8525:1747647655771:,1747647666738
counter/6/0/0/0,7663:1747647655912:,1747647666738
counter/9/0/0/0,8731:1747647656322:,1747647666739
counter/8/0/0/0,8526:1747647655775:,1747647666740
counter/7/0/0/0,8237:1747647656358:,1747647666742
counter/2/0/0/0,8213:1747647655278:,1747647666742
counter/5/0/0/0,8206:1747647655760:,1747647666742
counter/4/0/0/0,8466:1747647656864:,1747647666742
counter/1/0/0/0,9393:1747647656867:,1747647666743
counter/4/0/0/0,8467:1747647656871:,1747647666743
counter/4/0/0/0,8468:1747647656871:,1747647666743
counter/4/0/0/0,8469:1747647656871:,1747647666743
counter/4/0/0/0,8470:1747647656871:,1747647666743
counter/4/0/0/0,8471:1747647656871:,1747647666743
counter/4/0/0/0,8472:1747647656871:,1747647666744
counter/4/0/0/0,8473:1747647656871:,1747647666744
counter/4/0/0/0,8474:1747647656871:,1747647666744
counter/2/0/0/0,8214:1747647655278:,1747647666744
counter/10/0/0/0,7843:1747647655667:,1747647666744
counter/1/0/0/0,9394:1747647656867:,1747647666744
counter/1/0/0/0,9395:1747647656867:,1747647666744
counter/9/0/0/0,8732:1747647656322:,1747647666744
counter/9/0/0/0,8733:1747647656322:,1747647666744
counter/7/0/0/0,8238:1747647656358:,1747647666744
counter/7/0/0/0,8239:1747647656358:,1747647666744
counter/7/0/0/0,8240:1747647656362:,1747647666744
counter/7/0/0/0,8241:1747647656362:,1747647666745
counter/6/0/0/0,7664:1747647655912:,1747647666745
counter/6/0/0/0,7665:1747647655924:,1747647666745
counter/6/0/0/0,7666:1747647655925:,1747647666745
counter/6/0/0/0,7667:1747647655925:,1747647666745
counter/6/0/0/0,7668:1747647655925:,1747647666745
counter/6/0/0/0,7669:1747647655925:,1747647666745
counter/6/0/0/0,7670:1747647655932:,1747647666745
counter/6/0/0/0,7671:1747647655933:,1747647666745
counter/6/0/0/0,7672:1747647655933:,1747647666746
counter/6/0/0/0,7673:1747647655933:,1747647666747
counter/6/0/0/0,7674:1747647655933:,1747647666747
counter/6/0/0/0,7675:1747647655933:,1747647666747
counter/3/0/0/0,8918:1747647656601:,1747647666747
counter/10/0/0/0,7844:1747647655667:,1747647666747
counter/3/0/0/0,8919:1747647656601:,1747647666747
counter/3/0/0/0,8920:1747647656601:,1747647666748
counter/4/0/0/0,8475:1747647656871:,1747647666748
counter/3/0/0/0,8921:1747647656601:,1747647666748
counter/9/0/0/0,8734:1747647656322:,1747647666748
counter/9/0/0/0,8735:1747647656325:,1747647666748
counter/9/0/0/0,8736:1747647656325:,1747647666748
counter/9/0/0/0,8737:1747647656325:,1747647666748
counter/9/0/0/0,8738:1747647656326:,1747647666748
counter/9/0/0/0,8739:1747647656326:,1747647666748
counter/7/0/0/0,8242:1747647656363:,1747647666749
counter/9/0/0/0,8740:1747647656326:,1747647666749
counter/8/0/0/0,8527:1747647655775:,1747647666749
counter/4/0/0/0,8476:1747647656872:,1747647666749
counter/4/0/0/0,8477:1747647656872:,1747647666749
counter/4/0/0/0,8478:1747647656872:,1747647666749
counter/4/0/0/0,8479:1747647656872:,1747647666749
counter/2/0/0/0,8215:1747647655278:,1747647666749
counter/1/0/0/0,9396:1747647656867:,1747647666749
counter/4/0/0/0,8480:1747647656872:,1747647666749
counter/1/0/0/0,9397:1747647656867:,1747647666749
counter/7/0/0/0,8243:1747647656363:,1747647666751
counter/7/0/0/0,8244:1747647656363:,1747647666751
counter/7/0/0/0,8245:1747647656363:,1747647666751
counter/7/0/0/0,8246:1747647656363:,1747647666751
counter/7/0/0/0,8247:1747647656363:,1747647666751
counter/7/0/0/0,8248:1747647656363:,1747647666752
counter/6/0/0/0,7676:1747647655933:,1747647666753
counter/3/0/0/0,8922:1747647656601:,1747647666753
counter/9/0/0/0,8741:1747647656326:,1747647666753
counter/9/0/0/0,8742:1747647656326:,1747647666753
counter/9/0/0/0,8743:1747647656326:,1747647666753
counter/2/0/0/0,8216:1747647655278:,1747647666753
counter/9/0/0/0,8744:1747647656326:,1747647666753
counter/9/0/0/0,8745:1747647656329:,1747647666753
counter/9/0/0/0,8746:1747647656329:,1747647666753
counter/9/0/0/0,8747:1747647656329:,1747647666753
counter/9/0/0/0,8748:1747647656329:,1747647666753
counter/9/0/0/0,8749:1747647656329:,1747647666754
counter/9/0/0/0,8750:1747647656329:,1747647666754
counter/9/0/0/0,8751:1747647656329:,1747647666754
counter/5/0/0/0,8207:1747647655760:,1747647666754
counter/3/0/0/0,8923:1747647656601:,1747647666754
counter/3/0/0/0,8924:1747647656601:,1747647666754
counter/3/0/0/0,8925:1747647656610:,1747647666754
counter/3/0/0/0,8926:1747647656611:,1747647666754
counter/3/0/0/0,8927:1747647656611:,1747647666754
counter/7/0/0/0,8249:1747647656363:,1747647666754
counter/6/0/0/0,7677:1747647655933:,1747647666755
counter/6/0/0/0,7678:1747647655933:,1747647666755
counter/6/0/0/0,7679:1747647655933:,1747647666755
counter/6/0/0/0,7680:1747647655933:,1747647666755
counter/6/0/0/0,7681:1747647655933:,1747647666755
counter/1/0/0/0,9398:1747647656867:,1747647666755
counter/9/0/0/0,8752:1747647656329:,1747647666756
counter/1/0/0/0,9399:1747647656867:,1747647666756
counter/1/0/0/0,9400:1747647656867:,1747647666756
counter/1/0/0/0,9401:1747647656867:,1747647666756
counter/1/0/0/0,9402:1747647656867:,1747647666756
counter/1/0/0/0,9403:1747647656867:,1747647666756
counter/5/0/0/0,8208:1747647655760:,1747647666756
counter/5/0/0/0,8209:1747647655760:,1747647666756
counter/5/0/0/0,8210:1747647655760:,1747647666756
counter/7/0/0/0,8250:1747647656363:,1747647666756
counter/7/0/0/0,8251:1747647656363:,1747647666756
counter/7/0/0/0,8252:1747647656363:,1747647666756
counter/9/0/0/0,8753:1747647656329:,1747647666757
counter/9/0/0/0,8754:1747647656329:,1747647666757
counter/9/0/0/0,8755:1747647656329:,1747647666758
counter/9/0/0/0,8756:1747647656329:,1747647666758
counter/9/0/0/0,8757:1747647656329:,1747647666758
counter/9/0/0/0,8758:1747647656329:,1747647666758
counter/9/0/0/0,8759:1747647656329:,1747647666758
counter/9/0/0/0,8760:1747647656329:,1747647666758
counter/9/0/0/0,8761:1747647656329:,1747647666758
counter/9/0/0/0,8762:1747647656329:,1747647666758
counter/9/0/0/0,8763:1747647656329:,1747647666758
counter/9/0/0/0,8764:1747647656334:,1747647666758
counter/9/0/0/0,8765:1747647656334:,1747647666759
counter/7/0/0/0,8253:1747647656363:,1747647666759
counter/9/0/0/0,8766:1747647656334:,1747647666759
counter/9/0/0/0,8767:1747647656334:,1747647666759
counter/9/0/0/0,8768:1747647656334:,1747647666759
counter/1/0/0/0,9404:1747647656868:,1747647666759
counter/6/0/0/0,7682:1747647655933:,1747647666759
counter/6/0/0/0,7683:1747647655933:,1747647666760
counter/6/0/0/0,7684:1747647655933:,1747647666760
counter/6/0/0/0,7685:1747647655933:,1747647666760
counter/6/0/0/0,7686:1747647655933:,1747647666760
counter/6/0/0/0,7687:1747647655944:,1747647666760
counter/6/0/0/0,7688:1747647655944:,1747647666760
counter/6/0/0/0,7689:1747647655944:,1747647666760
counter/2/0/0/0,8217:1747647655278:,1747647666760
counter/10/0/0/0,7845:1747647655669:,1747647666760
counter/4/0/0/0,8481:1747647656872:,1747647666760
counter/5/0/0/0,8211:1747647655760:,1747647666760
counter/5/0/0/0,8212:1747647655760:,1747647666760
counter/5/0/0/0,8213:1747647655761:,1747647666760
counter/5/0/0/0,8214:1747647655762:,1747647666760
counter/5/0/0/0,8215:1747647655762:,1747647666761
counter/5/0/0/0,8216:1747647655762:,1747647666761
counter/5/0/0/0,8217:1747647655763:,1747647666761
counter/5/0/0/0,8218:1747647655763:,1747647666761
counter/5/0/0/0,8219:1747647655763:,1747647666761
counter/4/0/0/0,8482:1747647656875:,1747647666761
counter/5/0/0/0,8220:1747647655763:,1747647666761
counter/4/0/0/0,8483:1747647656875:,1747647666761
counter/4/0/0/0,8484:1747647656875:,1747647666761
counter/4/0/0/0,8485:1747647656875:,1747647666761
counter/7/0/0/0,8254:1747647656363:,1747647666761
counter/3/0/0/0,8928:1747647656611:,1747647666761
counter/4/0/0/0,8486:1747647656875:,1747647666761
counter/1/0/0/0,9405:1747647656868:,1747647666761
counter/1/0/0/0,9406:1747647656868:,1747647666761
counter/1/0/0/0,9407:1747647656876:,1747647666761
counter/1/0/0/0,9408:1747647656876:,1747647666761
counter/1/0/0/0,9409:1747647656892:,1747647666762
counter/1/0/0/0,9410:1747647656892:,1747647666762
counter/1/0/0/0,9411:1747647656892:,1747647666762
counter/1/0/0/0,9412:1747647656892:,1747647666762
counter/1/0/0/0,9413:1747647656892:,1747647666762
counter/1/0/0/0,9414:1747647656892:,1747647666763
counter/1/0/0/0,9415:1747647656892:,1747647666763
counter/1/0/0/0,9416:1747647656892:,1747647666763
counter/1/0/0/0,9417:1747647656892:,1747647666763
counter/4/0/0/0,8487:1747647656875:,1747647666763
counter/4/0/0/0,8488:1747647656876:,1747647666763
counter/4/0/0/0,8489:1747647656876:,1747647666763
counter/4/0/0/0,8490:1747647656876:,1747647666763
counter/2/0/0/0,8218:1747647655281:,1747647666763
counter/10/0/0/0,7846:1747647655669:,1747647666764
counter/9/0/0/0,8769:1747647656334:,1747647666764
counter/3/0/0/0,8929:1747647656617:,1747647666764
counter/4/0/0/0,8491:1747647656876:,1747647666765
counter/3/0/0/0,8930:1747647656617:,1747647666765
counter/3/0/0/0,8931:1747647656617:,1747647666765
counter/3/0/0/0,8932:1747647656617:,1747647666765
counter/4/0/0/0,8492:1747647656876:,1747647666765
counter/3/0/0/0,8933:1747647656618:,1747647666765
counter/4/0/0/0,8493:1747647656877:,1747647666765
counter/1/0/0/0,9418:1747647656892:,1747647666766
counter/3/0/0/0,8934:1747647656618:,1747647666766
counter/3/0/0/0,8935:1747647656618:,1747647666766
counter/3/0/0/0,8936:1747647656619:,1747647666766
counter/3/0/0/0,8937:1747647656619:,1747647666767
counter/3/0/0/0,8938:1747647656619:,1747647666767
counter/3/0/0/0,8939:1747647656619:,1747647666767
counter/3/0/0/0,8940:1747647656619:,1747647666767
counter/3/0/0/0,8941:1747647656619:,1747647666767
counter/3/0/0/0,8942:1747647656619:,1747647666767
counter/3/0/0/0,8943:1747647656620:,1747647666767
counter/3/0/0/0,8944:1747647656620:,1747647666767
counter/3/0/0/0,8945:1747647656620:,1747647666767
counter/5/0/0/0,8221:1747647655763:,1747647666767
counter/4/0/0/0,8494:1747647656877:,1747647666767
counter/6/0/0/0,7690:1747647655944:,1747647666767
counter/6/0/0/0,7691:1747647655944:,1747647666767
counter/6/0/0/0,7692:1747647655947:,1747647666767
counter/6/0/0/0,7693:1747647655947:,1747647666767
counter/6/0/0/0,7694:1747647655947:,1747647666767
counter/6/0/0/0,7695:1747647655947:,1747647666767
counter/6/0/0/0,7696:1747647655947:,1747647666767
counter/6/0/0/0,7697:1747647655947:,1747647666767
counter/6/0/0/0,7698:1747647655947:,1747647666767
counter/6/0/0/0,7699:1747647655947:,1747647666767
counter/6/0/0/0,7700:1747647655947:,1747647666768
counter/6/0/0/0,7701:1747647655947:,1747647666768
counter/6/0/0/0,7702:1747647655947:,1747647666768
counter/6/0/0/0,7703:1747647655947:,1747647666768
counter/6/0/0/0,7704:1747647655947:,1747647666768
counter/8/0/0/0,8528:1747647655775:,1747647666768
counter/8/0/0/0,8529:1747647655775:,1747647666768
counter/6/0/0/0,7705:1747647655947:,1747647666768
counter/5/0/0/0,8222:1747647655763:,1747647666768
counter/10/0/0/0,7847:1747647655669:,1747647666768
counter/9/0/0/0,8770:1747647656334:,1747647666768
counter/9/0/0/0,8771:1747647656334:,1747647666768
counter/9/0/0/0,8772:1747647656334:,1747647666768
counter/9/0/0/0,8773:1747647656334:,1747647666768
counter/8/0/0/0,8530:1747647655775:,1747647666768
counter/8/0/0/0,8531:1747647655780:,1747647666769
counter/5/0/0/0,8223:1747647655763:,1747647666770
counter/5/0/0/0,8224:1747647655765:,1747647666770
counter/5/0/0/0,8225:1747647655765:,1747647666770
counter/8/0/0/0,8532:1747647655780:,1747647666770
counter/8/0/0/0,8533:1747647655780:,1747647666770
counter/8/0/0/0,8534:1747647655780:,1747647666770
counter/6/0/0/0,7706:1747647655950:,1747647666771
counter/6/0/0/0,7707:1747647655951:,1747647666771
counter/6/0/0/0,7708:1747647655951:,1747647666771
counter/6/0/0/0,7709:1747647655951:,1747647666771
counter/7/0/0/0,8255:1747647656363:,1747647666771
counter/2/0/0/0,8219:1747647655281:,1747647666772
counter/2/0/0/0,8220:1747647655281:,1747647666772
counter/2/0/0/0,8221:1747647655281:,1747647666772
counter/2/0/0/0,8222:1747647655281:,1747647666773
counter/2/0/0/0,8223:1747647655281:,1747647666773
counter/4/0/0/0,8495:1747647656877:,1747647666773
counter/8/0/0/0,8535:1747647655780:,1747647666773
counter/8/0/0/0,8536:1747647655780:,1747647666774
counter/4/0/0/0,8496:1747647656877:,1747647666774
counter/9/0/0/0,8774:1747647656334:,1747647666774
counter/10/0/0/0,7848:1747647655669:,1747647666774
counter/10/0/0/0,7849:1747647655670:,1747647666774
counter/5/0/0/0,8226:1747647655765:,1747647666774
counter/5/0/0/0,8227:1747647655765:,1747647666774
counter/5/0/0/0,8228:1747647655765:,1747647666774
counter/7/0/0/0,8256:1747647656363:,1747647666774
counter/6/0/0/0,7710:1747647655951:,1747647666775
counter/6/0/0/0,7711:1747647655951:,1747647666775
counter/6/0/0/0,7712:1747647655951:,1747647666775
counter/6/0/0/0,7713:1747647655952:,1747647666775
counter/7/0/0/0,8257:1747647656363:,1747647666775
counter/7/0/0/0,8258:1747647656364:,1747647666775
counter/7/0/0/0,8259:1747647656364:,1747647666775
counter/7/0/0/0,8260:1747647656364:,1747647666776
counter/2/0/0/0,8224:1747647655281:,1747647666776
counter/2/0/0/0,8225:1747647655283:,1747647666776
counter/7/0/0/0,8261:1747647656364:,1747647666776
counter/9/0/0/0,8775:1747647656334:,1747647666778
counter/3/0/0/0,8946:1747647656620:,1747647666778
counter/3/0/0/0,8947:1747647656620:,1747647666778
counter/3/0/0/0,8948:1747647656620:,1747647666778
counter/3/0/0/0,8949:1747647656620:,1747647666778
counter/6/0/0/0,7714:1747647655952:,1747647666778
counter/6/0/0/0,7715:1747647655952:,1747647666778
counter/6/0/0/0,7716:1747647655952:,1747647666778
counter/6/0/0/0,7717:1747647655952:,1747647666778
counter/6/0/0/0,7718:1747647655952:,1747647666778
counter/6/0/0/0,7719:1747647655953:,1747647666778
counter/6/0/0/0,7720:1747647655953:,1747647666778
counter/8/0/0/0,8537:1747647655780:,1747647666779
counter/8/0/0/0,8538:1747647655780:,1747647666779
counter/10/0/0/0,7850:1747647655670:,1747647666779
counter/8/0/0/0,8539:1747647655780:,1747647666779
counter/8/0/0/0,8540:1747647655780:,1747647666779
counter/8/0/0/0,8541:1747647655780:,1747647666779
counter/8/0/0/0,8542:1747647655780:,1747647666779
counter/2/0/0/0,8226:1747647655284:,1747647666779
counter/8/0/0/0,8543:1747647655780:,1747647666779
counter/8/0/0/0,8544:1747647655793:,1747647666779
counter/8/0/0/0,8545:1747647655793:,1747647666779
counter/4/0/0/0,8497:1747647656885:,1747647666779
counter/5/0/0/0,8229:1747647655765:,1747647666779
counter/5/0/0/0,8230:1747647655765:,1747647666779
counter/5/0/0/0,8231:1747647655765:,1747647666779
counter/5/0/0/0,8232:1747647655765:,1747647666779
counter/5/0/0/0,8233:1747647655767:,1747647666779
counter/9/0/0/0,8776:1747647656334:,1747647666780
counter/6/0/0/0,7721:1747647655954:,1747647666781
counter/7/0/0/0,8262:1747647656364:,1747647666781
counter/7/0/0/0,8263:1747647656364:,1747647666781
counter/7/0/0/0,8264:1747647656365:,1747647666781
counter/7/0/0/0,8265:1747647656365:,1747647666781
counter/7/0/0/0,8266:1747647656365:,1747647666781
counter/10/0/0/0,7851:1747647655670:,1747647666782
counter/2/0/0/0,8227:1747647655290:,1747647666782
counter/1/0/0/0,9419:1747647656892:,1747647666782
counter/4/0/0/0,8498:1747647656885:,1747647666782
counter/4/0/0/0,8499:1747647656885:,1747647666782
counter/4/0/0/0,8500:1747647656885:,1747647666782
counter/4/0/0/0,8501:1747647656885:,1747647666782
counter/4/0/0/0,8502:1747647656885:,1747647666782
counter/4/0/0/0,8503:1747647656895:,1747647666782
counter/10/0/0/0,7852:1747647655670:,1747647666783
counter/8/0/0/0,8546:1747647655793:,1747647666783
counter/2/0/0/0,8228:1747647655290:,1747647666783
counter/2/0/0/0,8229:1747647655290:,1747647666783
counter/2/0/0/0,8230:1747647655323:,1747647666783
counter/2/0/0/0,8231:1747647655324:,1747647666783
counter/1/0/0/0,9420:1747647656892:,1747647666783
counter/5/0/0/0,8234:1747647655767:,1747647666783
counter/7/0/0/0,8267:1747647656365:,1747647666786
counter/5/0/0/0,8235:1747647655767:,1747647666787
counter/3/0/0/0,8950:1747647656620:,1747647666787
counter/3/0/0/0,8951:1747647656628:,1747647666787
counter/3/0/0/0,8952:1747647656628:,1747647666787
counter/3/0/0/0,8953:1747647656628:,1747647666787
counter/3/0/0/0,8954:1747647656628:,1747647666787
counter/3/0/0/0,8955:1747647656628:,1747647666787
counter/7/0/0/0,8268:1747647656365:,1747647666788
counter/5/0/0/0,8236:1747647655767:,1747647666789
counter/2/0/0/0,8232:1747647655324:,1747647666789
counter/4/0/0/0,8504:1747647656895:,1747647666790
counter/3/0/0/0,8956:1747647656628:,1747647666791
counter/1/0/0/0,9421:1747647656892:,1747647666791
counter/2/0/0/0,8233:1747647655324:,1747647666791
counter/5/0/0/0,8237:1747647655767:,1747647666795
counter/2/0/0/0,8234:1747647655324:,1747647666795
counter/2/0/0/0,8235:1747647655324:,1747647666795
counter/2/0/0/0,8236:1747647655324:,1747647666796
counter/2/0/0/0,8237:1747647655324:,1747647666796
counter/2/0/0/0,8238:1747647655326:,1747647666796
counter/2/0/0/0,8239:1747647655326:,1747647666796
counter/9/0/0/0,8777:1747647656334:,1747647666796
counter/9/0/0/0,8778:1747647656334:,1747647666796
counter/9/0/0/0,8779:1747647656334:,1747647666796
counter/10/0/0/0,7853:1747647655670:,1747647666796
counter/1/0/0/0,9422:1747647656892:,1747647666796
counter/1/0/0/0,9423:1747647656899:,1747647666796
counter/1/0/0/0,9424:1747647656899:,1747647666796
counter/1/0/0/0,9425:1747647656899:,1747647666796
counter/1/0/0/0,9426:1747647656899:,1747647666796
counter/1/0/0/0,9427:1747647656899:,1747647666796
counter/1/0/0/0,9428:1747647656899:,1747647666796
counter/1/0/0/0,9429:1747647656899:,1747647666796
counter/4/0/0/0,8505:1747647656895:,1747647666796
counter/2/0/0/0,8240:1747647655326:,1747647666796
counter/4/0/0/0,8506:1747647656895:,1747647666796
counter/2/0/0/0,8241:1747647655326:,1747647666797
counter/2/0/0/0,8242:1747647655326:,1747647666797
counter/2/0/0/0,8243:1747647655329:,1747647666797
counter/2/0/0/0,8244:1747647655329:,1747647666797
counter/3/0/0/0,8957:1747647656628:,1747647666797
counter/3/0/0/0,8958:1747647656628:,1747647666797
counter/3/0/0/0,8959:1747647656628:,1747647666797
counter/3/0/0/0,8960:1747647656628:,1747647666797
counter/3/0/0/0,8961:1747647656628:,1747647666797
counter/3/0/0/0,8962:1747647656632:,1747647666797
counter/4/0/0/0,8507:1747647656895:,1747647666797
counter/6/0/0/0,7722:1747647655954:,1747647666798
counter/6/0/0/0,7723:1747647655954:,1747647666798
counter/6/0/0/0,7724:1747647655954:,1747647666798
counter/6/0/0/0,7725:1747647655954:,1747647666798
counter/6/0/0/0,7726:1747647655954:,1747647666798
counter/6/0/0/0,7727:1747647655954:,1747647666798
counter/6/0/0/0,7728:1747647655954:,1747647666798
counter/6/0/0/0,7729:1747647655954:,1747647666798
counter/4/0/0/0,8508:1747647656895:,1747647666798
counter/4/0/0/0,8509:1747647656895:,1747647666798
counter/4/0/0/0,8510:1747647656901:,1747647666799
counter/3/0/0/0,8963:1747647656633:,1747647666799
counter/3/0/0/0,8964:1747647656633:,1747647666799
counter/3/0/0/0,8965:1747647656633:,1747647666799
counter/3/0/0/0,8966:1747647656633:,1747647666799
counter/3/0/0/0,8967:1747647656633:,1747647666799
counter/3/0/0/0,8968:1747647656633:,1747647666799
counter/3/0/0/0,8969:1747647656633:,1747647666799
counter/3/0/0/0,8970:1747647656633:,1747647666799
counter/3/0/0/0,8971:1747647656633:,1747647666799
counter/8/0/0/0,8547:1747647655793:,1747647666799
counter/2/0/0/0,8245:1747647655329:,1747647666799
counter/2/0/0/0,8246:1747647655329:,1747647666799
counter/2/0/0/0,8247:1747647655329:,1747647666800
counter/8/0/0/0,8548:1747647655793:,1747647666800
counter/2/0/0/0,8248:1747647655329:,1747647666800
counter/8/0/0/0,8549:1747647655794:,1747647666800
counter/8/0/0/0,8550:1747647655794:,1747647666800
counter/7/0/0/0,8269:1747647656365:,1747647666800
counter/4/0/0/0,8511:1747647656901:,1747647666800
counter/3/0/0/0,8972:1747647656633:,1747647666800
counter/3/0/0/0,8973:1747647656633:,1747647666800
counter/3/0/0/0,8974:1747647656633:,1747647666800
counter/3/0/0/0,8975:1747647656633:,1747647666800
counter/3/0/0/0,8976:1747647656633:,1747647666800
counter/3/0/0/0,8977:1747647656634:,1747647666800
counter/6/0/0/0,7730:1747647655954:,1747647666800
counter/7/0/0/0,8270:1747647656365:,1747647666800
counter/3/0/0/0,8978:1747647656634:,1747647666801
counter/9/0/0/0,8780:1747647656334:,1747647666801
counter/7/0/0/0,8271:1747647656365:,1747647666801
counter/10/0/0/0,7854:1747647655670:,1747647666801
counter/7/0/0/0,8272:1747647656365:,1747647666802
counter/3/0/0/0,8979:1747647656634:,1747647666802
counter/10/0/0/0,7855:1747647655670:,1747647666802
counter/2/0/0/0,8249:1747647655329:,1747647666802
counter/2/0/0/0,8250:1747647655332:,1747647666802
counter/2/0/0/0,8251:1747647655332:,1747647666802
counter/2/0/0/0,8252:1747647655332:,1747647666802
counter/5/0/0/0,8238:1747647655767:,1747647666803
counter/3/0/0/0,8980:1747647656635:,1747647666803
counter/7/0/0/0,8273:1747647656365:,1747647666803
counter/2/0/0/0,8253:1747647655332:,1747647666803
counter/7/0/0/0,8274:1747647656365:,1747647666803
counter/2/0/0/0,8254:1747647655332:,1747647666804
counter/2/0/0/0,8255:1747647655332:,1747647666804
counter/2/0/0/0,8256:1747647655332:,1747647666804
counter/2/0/0/0,8257:1747647655332:,1747647666804
counter/2/0/0/0,8258:1747647655332:,1747647666804
counter/8/0/0/0,8551:1747647655794:,1747647666804
counter/2/0/0/0,8259:1747647655333:,1747647666804
counter/8/0/0/0,8552:1747647655794:,1747647666804
counter/5/0/0/0,8239:1747647655768:,1747647666804
counter/1/0/0/0,9430:1747647656899:,1747647666804
counter/5/0/0/0,8240:1747647655768:,1747647666804
counter/5/0/0/0,8241:1747647655768:,1747647666804
counter/9/0/0/0,8781:1747647656334:,1747647666804
counter/8/0/0/0,8553:1747647655794:,1747647666805
counter/6/0/0/0,7731:1747647655954:,1747647666805
counter/6/0/0/0,7732:1747647655956:,1747647666805
counter/6/0/0/0,7733:1747647655956:,1747647666805
counter/6/0/0/0,7734:1747647655956:,1747647666805
counter/6/0/0/0,7735:1747647655956:,1747647666805
counter/4/0/0/0,8512:1747647656909:,1747647666805
counter/3/0/0/0,8981:1747647656635:,1747647666805
counter/10/0/0/0,7856:1747647655670:,1747647666805
counter/2/0/0/0,8260:1747647655333:,1747647666805
counter/2/0/0/0,8261:1747647655340:,1747647666806
counter/2/0/0/0,8262:1747647655340:,1747647666806
counter/2/0/0/0,8263:1747647655340:,1747647666806
counter/2/0/0/0,8264:1747647655340:,1747647666806
counter/2/0/0/0,8265:1747647655340:,1747647666806
counter/2/0/0/0,8266:1747647655341:,1747647666806
counter/1/0/0/0,9431:1747647656899:,1747647666806
counter/1/0/0/0,9432:1747647656899:,1747647666806
counter/1/0/0/0,9433:1747647656905:,1747647666806
counter/1/0/0/0,9434:1747647656905:,1747647666806
counter/7/0/0/0,8275:1747647656365:,1747647666807
counter/7/0/0/0,8276:1747647656365:,1747647666807
counter/3/0/0/0,8982:1747647656635:,1747647666808
counter/6/0/0/0,7736:1747647655956:,1747647666808
counter/8/0/0/0,8554:1747647655794:,1747647666808
counter/5/0/0/0,8242:1747647655768:,1747647666808
counter/5/0/0/0,8243:1747647655768:,1747647666808
counter/5/0/0/0,8244:1747647655768:,1747647666808
counter/10/0/0/0,7857:1747647655670:,1747647666808
counter/8/0/0/0,8555:1747647655795:,1747647666809
counter/9/0/0/0,8782:1747647656334:,1747647666809
counter/10/0/0/0,7858:1747647655670:,1747647666809
counter/2/0/0/0,8267:1747647655341:,1747647666809
counter/9/0/0/0,8783:1747647656334:,1747647666810
counter/10/0/0/0,7859:1747647655672:,1747647666810
counter/9/0/0/0,8784:1747647656334:,1747647666810
counter/9/0/0/0,8785:1747647656334:,1747647666810
counter/9/0/0/0,8786:1747647656334:,1747647666810
counter/9/0/0/0,8787:1747647656334:,1747647666811
counter/9/0/0/0,8788:1747647656334:,1747647666811
counter/9/0/0/0,8789:1747647656334:,1747647666811
counter/9/0/0/0,8790:1747647656334:,1747647666811
counter/3/0/0/0,8983:1747647656635:,1747647666811
counter/3/0/0/0,8984:1747647656635:,1747647666811
counter/3/0/0/0,8985:1747647656635:,1747647666811
counter/3/0/0/0,8986:1747647656635:,1747647666811
counter/6/0/0/0,7737:1747647655956:,1747647666811
counter/7/0/0/0,8277:1747647656365:,1747647666811
counter/5/0/0/0,8245:1747647655768:,1747647666815
counter/8/0/0/0,8556:1747647655795:,1747647666815
counter/8/0/0/0,8557:1747647655795:,1747647666815
counter/8/0/0/0,8558:1747647655795:,1747647666815
counter/8/0/0/0,8559:1747647655795:,1747647666815
counter/2/0/0/0,8268:1747647655341:,1747647666816
counter/10/0/0/0,7860:1747647655674:,1747647666816
counter/3/0/0/0,8987:1747647656635:,1747647666817
counter/4/0/0/0,8513:1747647656909:,1747647666817
counter/7/0/0/0,8278:1747647656365:,1747647666817
counter/10/0/0/0,7861:1747647655682:,1747647666818
counter/7/0/0/0,8279:1747647656365:,1747647666818
counter/6/0/0/0,7738:1747647655956:,1747647666818
counter/6/0/0/0,7739:1747647655956:,1747647666818
counter/6/0/0/0,7740:1747647655957:,1747647666818
counter/7/0/0/0,8280:1747647656365:,1747647666818
counter/8/0/0/0,8560:1747647655795:,1747647666820
counter/3/0/0/0,8988:1747647656635:,1747647666820
counter/3/0/0/0,8989:1747647656635:,1747647666820
counter/3/0/0/0,8990:1747647656635:,1747647666820
counter/3/0/0/0,8991:1747647656635:,1747647666820
counter/4/0/0/0,8514:1747647656909:,1747647666820
counter/4/0/0/0,8515:1747647656909:,1747647666820
counter/4/0/0/0,8516:1747647656909:,1747647666820
counter/1/0/0/0,9435:1747647656905:,1747647666820
counter/1/0/0/0,9436:1747647656905:,1747647666820
counter/1/0/0/0,9437:1747647656905:,1747647666820
counter/2/0/0/0,8269:1747647655341:,1747647666821
counter/2/0/0/0,8270:1747647655341:,1747647666821
counter/2/0/0/0,8271:1747647655341:,1747647666821
counter/7/0/0/0,8281:1747647656365:,1747647666822
counter/7/0/0/0,8282:1747647656365:,1747647666822
counter/7/0/0/0,8283:1747647656365:,1747647666822
counter/7/0/0/0,8284:1747647656365:,1747647666823
counter/8/0/0/0,8561:1747647655795:,1747647666823
counter/2/0/0/0,8272:1747647655341:,1747647666823
counter/5/0/0/0,8246:1747647655768:,1747647666824
counter/10/0/0/0,7862:1747647655682:,1747647666824
counter/8/0/0/0,8562:1747647655795:,1747647666824
counter/2/0/0/0,8273:1747647655341:,1747647666824
counter/2/0/0/0,8274:1747647655341:,1747647666824
counter/6/0/0/0,7741:1747647655957:,1747647666825
counter/6/0/0/0,7742:1747647655957:,1747647666825
counter/6/0/0/0,7743:1747647655962:,1747647666825
counter/6/0/0/0,7744:1747647655968:,1747647666825
counter/6/0/0/0,7745:1747647655968:,1747647666825
counter/6/0/0/0,7746:1747647655968:,1747647666825
counter/7/0/0/0,8285:1747647656365:,1747647666825
counter/2/0/0/0,8275:1747647655341:,1747647666825
counter/2/0/0/0,8276:1747647655345:,1747647666825
counter/2/0/0/0,8277:1747647655345:,1747647666826
counter/2/0/0/0,8278:1747647655345:,1747647666826
counter/2/0/0/0,8279:1747647655345:,1747647666827
counter/2/0/0/0,8280:1747647655345:,1747647666827
counter/9/0/0/0,8791:1747647656334:,1747647666828
counter/7/0/0/0,8286:1747647656365:,1747647666828
counter/7/0/0/0,8287:1747647656365:,1747647666828
counter/2/0/0/0,8281:1747647655345:,1747647666828
counter/2/0/0/0,8282:1747647655345:,1747647666829
counter/2/0/0/0,8283:1747647655345:,1747647666829
counter/2/0/0/0,8284:1747647655345:,1747647666829
counter/1/0/0/0,9438:1747647656905:,1747647666829
counter/4/0/0/0,8517:1747647656909:,1747647666829
counter/4/0/0/0,8518:1747647656909:,1747647666829
counter/2/0/0/0,8285:1747647655356:,1747647666830
counter/2/0/0/0,8286:1747647655356:,1747647666830
counter/2/0/0/0,8287:1747647655359:,1747647666830
counter/2/0/0/0,8288:1747647655359:,1747647666830
counter/1/0/0/0,9439:1747647656905:,1747647666830
counter/1/0/0/0,9440:1747647656905:,1747647666830
counter/1/0/0/0,9441:1747647656905:,1747647666830
counter/1/0/0/0,9442:1747647656905:,1747647666830
counter/1/0/0/0,9443:1747647656905:,1747647666830
counter/1/0/0/0,9444:1747647656905:,1747647666831
counter/4/0/0/0,8519:1747647656909:,1747647666832
counter/4/0/0/0,8520:1747647656909:,1747647666832
counter/2/0/0/0,8289:1747647655359:,1747647666834
counter/2/0/0/0,8290:1747647655359:,1747647666834
counter/2/0/0/0,8291:1747647655359:,1747647666834
counter/8/0/0/0,8563:1747647655795:,1747647666835
counter/8/0/0/0,8564:1747647655795:,1747647666835
counter/7/0/0/0,8288:1747647656365:,1747647666835
counter/9/0/0/0,8792:1747647656335:,1747647666835
counter/5/0/0/0,8247:1747647655768:,1747647666835
counter/10/0/0/0,7863:1747647655682:,1747647666835
counter/10/0/0/0,7864:1747647655682:,1747647666836
counter/10/0/0/0,7865:1747647655682:,1747647666836
counter/10/0/0/0,7866:1747647655682:,1747647666836
counter/10/0/0/0,7867:1747647655682:,1747647666836
counter/10/0/0/0,7868:1747647655682:,1747647666836
counter/10/0/0/0,7869:1747647655682:,1747647666836
counter/10/0/0/0,7870:1747647655682:,1747647666836
counter/10/0/0/0,7871:1747647655682:,1747647666836
counter/10/0/0/0,7872:1747647655682:,1747647666836
counter/10/0/0/0,7873:1747647655683:,1747647666836
counter/2/0/0/0,8292:1747647655359:,1747647666836
counter/7/0/0/0,8289:1747647656365:,1747647666836
counter/7/0/0/0,8290:1747647656365:,1747647666836
counter/7/0/0/0,8291:1747647656365:,1747647666836
counter/7/0/0/0,8292:1747647656366:,1747647666836
counter/7/0/0/0,8293:1747647656366:,1747647666836
counter/4/0/0/0,8521:1747647656909:,1747647666836
counter/8/0/0/0,8565:1747647655795:,1747647666836
counter/8/0/0/0,8566:1747647655795:,1747647666838
counter/5/0/0/0,8248:1747647655768:,1747647666838
counter/4/0/0/0,8522:1747647656909:,1747647666838
counter/4/0/0/0,8523:1747647656909:,1747647666838
counter/4/0/0/0,8524:1747647656909:,1747647666838
counter/4/0/0/0,8525:1747647656913:,1747647666838
counter/4/0/0/0,8526:1747647656913:,1747647666838
counter/4/0/0/0,8527:1747647656913:,1747647666838
counter/4/0/0/0,8528:1747647656913:,1747647666838
counter/4/0/0/0,8529:1747647656913:,1747647666838
counter/6/0/0/0,7747:1747647655968:,1747647666839
counter/1/0/0/0,9445:1747647656905:,1747647666839
counter/8/0/0/0,8567:1747647655795:,1747647666840
counter/6/0/0/0,7748:1747647655968:,1747647666841
counter/6/0/0/0,7749:1747647655968:,1747647666841
counter/6/0/0/0,7750:1747647655968:,1747647666841
counter/6/0/0/0,7751:1747647655968:,1747647666841
counter/6/0/0/0,7752:1747647655968:,1747647666841
counter/4/0/0/0,8530:1747647656913:,1747647666841
counter/3/0/0/0,8992:1747647656642:,1747647666841
counter/3/0/0/0,8993:1747647656642:,1747647666841
counter/6/0/0/0,7753:1747647655968:,1747647666842
counter/6/0/0/0,7754:1747647655968:,1747647666842
counter/6/0/0/0,7755:1747647655968:,1747647666842
counter/6/0/0/0,7756:1747647655968:,1747647666842
counter/6/0/0/0,7757:1747647655969:,1747647666842
counter/6/0/0/0,7758:1747647655969:,1747647666843
counter/6/0/0/0,7759:1747647655969:,1747647666843
counter/6/0/0/0,7760:1747647655976:,1747647666843
counter/6/0/0/0,7761:1747647655976:,1747647666843
counter/7/0/0/0,8294:1747647656366:,1747647666843
counter/7/0/0/0,8295:1747647656366:,1747647666843
counter/1/0/0/0,9446:1747647656925:,1747647666843
counter/6/0/0/0,7762:1747647655976:,1747647666843
counter/2/0/0/0,8293:1747647655359:,1747647666843
counter/4/0/0/0,8531:1747647656916:,1747647666843
counter/3/0/0/0,8994:1747647656642:,1747647666843
counter/8/0/0/0,8568:1747647655795:,1747647666845
counter/3/0/0/0,8995:1747647656642:,1747647666845
counter/9/0/0/0,8793:1747647656335:,1747647666847
counter/7/0/0/0,8296:1747647656366:,1747647666847
counter/6/0/0/0,7763:1747647655976:,1747647666847
counter/5/0/0/0,8249:1747647655768:,1747647666847
counter/7/0/0/0,8297:1747647656366:,1747647666847
counter/2/0/0/0,8294:1747647655359:,1747647666847
counter/2/0/0/0,8295:1747647655359:,1747647666847
counter/8/0/0/0,8569:1747647655795:,1747647666850
counter/9/0/0/0,8794:1747647656335:,1747647666851
counter/9/0/0/0,8795:1747647656335:,1747647666851
counter/9/0/0/0,8796:1747647656335:,1747647666851
counter/9/0/0/0,8797:1747647656336:,1747647666851
counter/9/0/0/0,8798:1747647656337:,1747647666851
counter/9/0/0/0,8799:1747647656337:,1747647666851
counter/9/0/0/0,8800:1747647656337:,1747647666851
counter/9/0/0/0,8801:1747647656337:,1747647666851
counter/10/0/0/0,7874:1747647655683:,1747647666851
counter/9/0/0/0,8802:1747647656337:,1747647666851
counter/10/0/0/0,7875:1747647655693:,1747647666851
counter/10/0/0/0,7876:1747647655693:,1747647666851
counter/10/0/0/0,7877:1747647655693:,1747647666851
counter/10/0/0/0,7878:1747647655693:,1747647666851
counter/10/0/0/0,7879:1747647655693:,1747647666851
counter/10/0/0/0,7880:1747647655693:,1747647666851
counter/7/0/0/0,8298:1747647656368:,1747647666851
counter/10/0/0/0,7881:1747647655693:,1747647666851
counter/6/0/0/0,7764:1747647655976:,1747647666852
counter/1/0/0/0,9447:1747647656925:,1747647666852
counter/1/0/0/0,9448:1747647656925:,1747647666852
counter/1/0/0/0,9449:1747647656925:,1747647666852
counter/1/0/0/0,9450:1747647656925:,1747647666852
counter/1/0/0/0,9451:1747647656925:,1747647666852
counter/1/0/0/0,9452:1747647656925:,1747647666852
counter/1/0/0/0,9453:1747647656925:,1747647666852
counter/1/0/0/0,9454:1747647656925:,1747647666852
counter/1/0/0/0,9455:1747647656925:,1747647666852
counter/1/0/0/0,9456:1747647656925:,1747647666852
counter/3/0/0/0,8996:1747647656642:,1747647666852
counter/3/0/0/0,8997:1747647656642:,1747647666853
counter/10/0/0/0,7882:1747647655693:,1747647666853
counter/3/0/0/0,8998:1747647656642:,1747647666853
counter/3/0/0/0,8999:1747647656642:,1747647666853
counter/3/0/0/0,9000:1747647656642:,1747647666853
counter/3/0/0/0,9001:1747647656642:,1747647666853
counter/3/0/0/0,9002:1747647656644:,1747647666853
counter/3/0/0/0,9003:1747647656644:,1747647666853
counter/3/0/0/0,9004:1747647656644:,1747647666853
counter/3/0/0/0,9005:1747647656644:,1747647666853
counter/3/0/0/0,9006:1747647656644:,1747647666853
counter/3/0/0/0,9007:1747647656644:,1747647666853
counter/2/0/0/0,8296:1747647655360:,1747647666853
counter/6/0/0/0,7765:1747647655976:,1747647666853
counter/10/0/0/0,7883:1747647655693:,1747647666853
counter/5/0/0/0,8250:1747647655768:,1747647666853
counter/5/0/0/0,8251:1747647655768:,1747647666853
counter/5/0/0/0,8252:1747647655768:,1747647666853
counter/5/0/0/0,8253:1747647655768:,1747647666854
counter/5/0/0/0,8254:1747647655768:,1747647666854
counter/5/0/0/0,8255:1747647655768:,1747647666854
counter/2/0/0/0,8297:1747647655360:,1747647666854
counter/6/0/0/0,7766:1747647655976:,1747647666854
counter/2/0/0/0,8298:1747647655360:,1747647666854
counter/2/0/0/0,8299:1747647655360:,1747647666854
counter/2/0/0/0,8300:1747647655361:,1747647666854
counter/2/0/0/0,8301:1747647655361:,1747647666854
counter/2/0/0/0,8302:1747647655361:,1747647666854
counter/9/0/0/0,8803:1747647656337:,1747647666855
counter/9/0/0/0,8804:1747647656337:,1747647666855
counter/2/0/0/0,8303:1747647655361:,1747647666856
counter/2/0/0/0,8304:1747647655361:,1747647666856
counter/2/0/0/0,8305:1747647655361:,1747647666856
counter/2/0/0/0,8306:1747647655361:,1747647666856
counter/2/0/0/0,8307:1747647655361:,1747647666856
counter/2/0/0/0,8308:1747647655361:,1747647666856
counter/7/0/0/0,8299:1747647656368:,1747647666856
counter/4/0/0/0,8532:1747647656935:,1747647666856
counter/1/0/0/0,9457:1747647656925:,1747647666856
counter/4/0/0/0,8533:1747647656935:,1747647666856
counter/6/0/0/0,7767:1747647655976:,1747647666856
counter/6/0/0/0,7768:1747647655976:,1747647666856
counter/6/0/0/0,7769:1747647655976:,1747647666856
counter/8/0/0/0,8570:1747647655795:,1747647666857
counter/9/0/0/0,8805:1747647656337:,1747647666857
counter/8/0/0/0,8571:1747647655795:,1747647666857
counter/8/0/0/0,8572:1747647655795:,1747647666857
counter/8/0/0/0,8573:1747647655795:,1747647666857
counter/8/0/0/0,8574:1747647655795:,1747647666857
counter/8/0/0/0,8575:1747647655795:,1747647666857
counter/8/0/0/0,8576:1747647655795:,1747647666857
counter/8/0/0/0,8577:1747647655795:,1747647666857
counter/6/0/0/0,7770:1747647655976:,1747647666857
counter/6/0/0/0,7771:1747647655976:,1747647666857
counter/6/0/0/0,7772:1747647655998:,1747647666858
counter/6/0/0/0,7773:1747647655998:,1747647666858
counter/6/0/0/0,7774:1747647655998:,1747647666858
counter/6/0/0/0,7775:1747647655998:,1747647666858
counter/3/0/0/0,9008:1747647656644:,1747647666858
counter/10/0/0/0,7884:1747647655693:,1747647666858
counter/4/0/0/0,8534:1747647656935:,1747647666858
counter/4/0/0/0,8535:1747647656935:,1747647666858
counter/4/0/0/0,8536:1747647656935:,1747647666858
counter/4/0/0/0,8537:1747647656935:,1747647666859
counter/4/0/0/0,8538:1747647656935:,1747647666859
counter/4/0/0/0,8539:1747647656935:,1747647666859
counter/7/0/0/0,8300:1747647656368:,1747647666859
counter/10/0/0/0,7885:1747647655693:,1747647666859
counter/6/0/0/0,7776:1747647655999:,1747647666859
counter/6/0/0/0,7777:1747647655999:,1747647666859
counter/9/0/0/0,8806:1747647656337:,1747647666859
counter/1/0/0/0,9458:1747647656925:,1747647666859
counter/1/0/0/0,9459:1747647656925:,1747647666859
counter/1/0/0/0,9460:1747647656925:,1747647666859
counter/1/0/0/0,9461:1747647656931:,1747647666859
counter/10/0/0/0,7886:1747647655707:,1747647666860
counter/7/0/0/0,8301:1747647656368:,1747647666860
counter/6/0/0/0,7778:1747647656000:,1747647666860
counter/6/0/0/0,7779:1747647656000:,1747647666860
counter/6/0/0/0,7780:1747647656000:,1747647666860
counter/6/0/0/0,7781:1747647656000:,1747647666860
counter/6/0/0/0,7782:1747647656000:,1747647666862
counter/6/0/0/0,7783:1747647656000:,1747647666862
counter/6/0/0/0,7784:1747647656000:,1747647666862
counter/6/0/0/0,7785:1747647656004:,1747647666862
counter/6/0/0/0,7786:1747647656004:,1747647666862
counter/6/0/0/0,7787:1747647656004:,1747647666862
counter/3/0/0/0,9009:1747647656644:,1747647666863
counter/7/0/0/0,8302:1747647656368:,1747647666865
counter/7/0/0/0,8303:1747647656368:,1747647666865
counter/6/0/0/0,7788:1747647656004:,1747647666865
counter/7/0/0/0,8304:1747647656368:,1747647666865
counter/6/0/0/0,7789:1747647656004:,1747647666865
counter/6/0/0/0,7790:1747647656004:,1747647666865
counter/6/0/0/0,7791:1747647656004:,1747647666865
counter/6/0/0/0,7792:1747647656021:,1747647666865
counter/6/0/0/0,7793:1747647656022:,1747647666865
counter/9/0/0/0,8807:1747647656337:,1747647666866
counter/3/0/0/0,9010:1747647656644:,1747647666867
counter/4/0/0/0,8540:1747647656936:,1747647666867
counter/4/0/0/0,8541:1747647656936:,1747647666867
counter/4/0/0/0,8542:1747647656936:,1747647666867
counter/4/0/0/0,8543:1747647656936:,1747647666867
counter/4/0/0/0,8544:1747647656936:,1747647666867
counter/4/0/0/0,8545:1747647656936:,1747647666867
counter/4/0/0/0,8546:1747647656937:,1747647666867
counter/4/0/0/0,8547:1747647656937:,1747647666867
counter/4/0/0/0,8548:1747647656938:,1747647666867
counter/4/0/0/0,8549:1747647656938:,1747647666868
counter/4/0/0/0,8550:1747647656938:,1747647666868
counter/4/0/0/0,8551:1747647656938:,1747647666868
counter/4/0/0/0,8552:1747647656938:,1747647666868
counter/5/0/0/0,8256:1747647655768:,1747647666868
counter/5/0/0/0,8257:1747647655768:,1747647666868
counter/5/0/0/0,8258:1747647655768:,1747647666869
counter/9/0/0/0,8808:1747647656337:,1747647666869
counter/5/0/0/0,8259:1747647655768:,1747647666869
counter/5/0/0/0,8260:1747647655768:,1747647666869
counter/5/0/0/0,8261:1747647655778:,1747647666869
counter/9/0/0/0,8809:1747647656337:,1747647666869
counter/6/0/0/0,7794:1747647656022:,1747647666869
counter/6/0/0/0,7795:1747647656022:,1747647666869
counter/6/0/0/0,7796:1747647656022:,1747647666869
counter/6/0/0/0,7797:1747647656022:,1747647666869
counter/7/0/0/0,8305:1747647656368:,1747647666870
counter/5/0/0/0,8262:1747647655778:,1747647666870
counter/10/0/0/0,7887:1747647655707:,1747647666870
counter/1/0/0/0,9462:1747647656931:,1747647666870
counter/10/0/0/0,7888:1747647655707:,1747647666870
counter/9/0/0/0,8810:1747647656337:,1747647666871
counter/9/0/0/0,8811:1747647656337:,1747647666871
counter/9/0/0/0,8812:1747647656337:,1747647666871
counter/9/0/0/0,8813:1747647656337:,1747647666871
counter/9/0/0/0,8814:1747647656337:,1747647666871
counter/5/0/0/0,8263:1747647655778:,1747647666871
counter/9/0/0/0,8815:1747647656337:,1747647666871
counter/9/0/0/0,8816:1747647656337:,1747647666871
counter/9/0/0/0,8817:1747647656337:,1747647666871
counter/9/0/0/0,8818:1747647656337:,1747647666871
counter/3/0/0/0,9011:1747647656644:,1747647666871
counter/3/0/0/0,9012:1747647656649:,1747647666871
counter/3/0/0/0,9013:1747647656649:,1747647666871
counter/3/0/0/0,9014:1747647656651:,1747647666871
counter/3/0/0/0,9015:1747647656651:,1747647666871
counter/3/0/0/0,9016:1747647656651:,1747647666871
counter/3/0/0/0,9017:1747647656652:,1747647666871
counter/3/0/0/0,9018:1747647656652:,1747647666872
counter/3/0/0/0,9019:1747647656652:,1747647666872
counter/6/0/0/0,7798:1747647656022:,1747647666872
counter/8/0/0/0,8578:1747647655795:,1747647666872
counter/9/0/0/0,8819:1747647656337:,1747647666872
counter/9/0/0/0,8820:1747647656337:,1747647666872
counter/9/0/0/0,8821:1747647656337:,1747647666872
counter/9/0/0/0,8822:1747647656338:,1747647666872
counter/9/0/0/0,8823:1747647656338:,1747647666872
counter/10/0/0/0,7889:1747647655707:,1747647666872
counter/3/0/0/0,9020:1747647656652:,1747647666873
counter/3/0/0/0,9021:1747647656652:,1747647666873
counter/6/0/0/0,7799:1747647656022:,1747647666873
counter/6/0/0/0,7800:1747647656022:,1747647666873
counter/6/0/0/0,7801:1747647656022:,1747647666873
counter/6/0/0/0,7802:1747647656022:,1747647666873
counter/6/0/0/0,7803:1747647656022:,1747647666873
counter/6/0/0/0,7804:1747647656024:,1747647666873
counter/6/0/0/0,7805:1747647656025:,1747647666873
counter/6/0/0/0,7806:1747647656025:,1747647666873
counter/6/0/0/0,7807:1747647656025:,1747647666874
counter/6/0/0/0,7808:1747647656025:,1747647666874
counter/6/0/0/0,7809:1747647656025:,1747647666874
counter/6/0/0/0,7810:1747647656025:,1747647666874
counter/6/0/0/0,7811:1747647656025:,1747647666874
counter/6/0/0/0,7812:1747647656025:,1747647666874
counter/4/0/0/0,8553:1747647656938:,1747647666874
counter/4/0/0/0,8554:1747647656938:,1747647666874
counter/4/0/0/0,8555:1747647656938:,1747647666874
counter/4/0/0/0,8556:1747647656938:,1747647666874
counter/3/0/0/0,9022:1747647656652:,1747647666875
counter/3/0/0/0,9023:1747647656656:,1747647666875
counter/3/0/0/0,9024:1747647656656:,1747647666875
counter/3/0/0/0,9025:1747647656656:,1747647666875
counter/3/0/0/0,9026:1747647656656:,1747647666875
counter/3/0/0/0,9027:1747647656656:,1747647666875
counter/3/0/0/0,9028:1747647656656:,1747647666875
counter/3/0/0/0,9029:1747647656656:,1747647666875
counter/3/0/0/0,9030:1747647656656:,1747647666875
counter/3/0/0/0,9031:1747647656656:,1747647666875
counter/3/0/0/0,9032:1747647656656:,1747647666875
counter/3/0/0/0,9033:1747647656656:,1747647666875
counter/3/0/0/0,9034:1747647656656:,1747647666875
counter/3/0/0/0,9035:1747647656660:,1747647666875
counter/6/0/0/0,7813:1747647656025:,1747647666875
counter/5/0/0/0,8264:1747647655778:,1747647666877
counter/5/0/0/0,8265:1747647655778:,1747647666877
counter/4/0/0/0,8557:1747647656938:,1747647666877
counter/4/0/0/0,8558:1747647656938:,1747647666877
counter/4/0/0/0,8559:1747647656938:,1747647666877
counter/4/0/0/0,8560:1747647656941:,1747647666877
counter/3/0/0/0,9036:1747647656660:,1747647666878
counter/3/0/0/0,9037:1747647656660:,1747647666878
counter/3/0/0/0,9038:1747647656660:,1747647666878
counter/3/0/0/0,9039:1747647656660:,1747647666878
counter/7/0/0/0,8306:1747647656368:,1747647666878
counter/7/0/0/0,8307:1747647656368:,1747647666879
counter/1/0/0/0,9463:1747647656931:,1747647666880
counter/1/0/0/0,9464:1747647656931:,1747647666880
counter/1/0/0/0,9465:1747647656931:,1747647666880
counter/1/0/0/0,9466:1747647656931:,1747647666880
counter/1/0/0/0,9467:1747647656931:,1747647666880
counter/1/0/0/0,9468:1747647656931:,1747647666880
counter/1/0/0/0,9469:1747647656931:,1747647666880
counter/1/0/0/0,9470:1747647656933:,1747647666880
counter/1/0/0/0,9471:1747647656933:,1747647666880
counter/1/0/0/0,9472:1747647656934:,1747647666880
counter/1/0/0/0,9473:1747647656934:,1747647666880
counter/1/0/0/0,9474:1747647656934:,1747647666880
counter/9/0/0/0,8824:1747647656348:,1747647666880
counter/3/0/0/0,9040:1747647656660:,1747647666880
counter/9/0/0/0,8825:1747647656348:,1747647666880
counter/3/0/0/0,9041:1747647656660:,1747647666881
counter/5/0/0/0,8266:1747647655778:,1747647666881
counter/5/0/0/0,8267:1747647655778:,1747647666881
counter/9/0/0/0,8826:1747647656348:,1747647666881
counter/9/0/0/0,8827:1747647656349:,1747647666881
counter/9/0/0/0,8828:1747647656349:,1747647666881
counter/9/0/0/0,8829:1747647656349:,1747647666881
counter/8/0/0/0,8579:1747647655795:,1747647666882
counter/8/0/0/0,8580:1747647655795:,1747647666883
counter/1/0/0/0,9475:1747647656934:,1747647666883
counter/1/0/0/0,9476:1747647656934:,1747647666884
counter/9/0/0/0,8830:1747647656349:,1747647666884
counter/10/0/0/0,7890:1747647655707:,1747647666885
counter/10/0/0/0,7891:1747647655707:,1747647666885
counter/10/0/0/0,7892:1747647655707:,1747647666885
counter/10/0/0/0,7893:1747647655707:,1747647666885
counter/10/0/0/0,7894:1747647655707:,1747647666885
counter/10/0/0/0,7895:1747647655707:,1747647666885
counter/10/0/0/0,7896:1747647655707:,1747647666885
counter/10/0/0/0,7897:1747647655707:,1747647666885
counter/10/0/0/0,7898:1747647655708:,1747647666885
counter/7/0/0/0,8308:1747647656368:,1747647666885
counter/7/0/0/0,8309:1747647656368:,1747647666885
counter/4/0/0/0,8561:1747647656942:,1747647666886
counter/4/0/0/0,8562:1747647656942:,1747647666886
counter/4/0/0/0,8563:1747647656942:,1747647666886
counter/4/0/0/0,8564:1747647656942:,1747647666886
counter/4/0/0/0,8565:1747647656949:,1747647666886
counter/3/0/0/0,9042:1747647656660:,1747647666886
counter/4/0/0/0,8566:1747647656950:,1747647666886
counter/9/0/0/0,8831:1747647656350:,1747647666886
counter/6/0/0/0,7814:1747647656025:,1747647666887
counter/6/0/0/0,7815:1747647656025:,1747647666887
counter/6/0/0/0,7816:1747647656025:,1747647666887
counter/7/0/0/0,8310:1747647656368:,1747647666888
counter/7/0/0/0,8311:1747647656368:,1747647666888
counter/4/0/0/0,8567:1747647656950:,1747647666889
counter/4/0/0/0,8568:1747647656950:,1747647666889
counter/2/0/0/0,8309:1747647655361:,1747647666889
counter/6/0/0/0,7817:1747647656025:,1747647666889
counter/2/0/0/0,8310:1747647655368:,1747647666889
counter/6/0/0/0,7818:1747647656025:,1747647666889
counter/6/0/0/0,7819:1747647656025:,1747647666889
counter/6/0/0/0,7820:1747647656025:,1747647666889
counter/6/0/0/0,7821:1747647656025:,1747647666889
counter/8/0/0/0,8581:1747647655795:,1747647666889
counter/9/0/0/0,8832:1747647656350:,1747647666889
counter/7/0/0/0,8312:1747647656368:,1747647666891
counter/7/0/0/0,8313:1747647656370:,1747647666891
counter/7/0/0/0,8314:1747647656370:,1747647666891
counter/7/0/0/0,8315:1747647656370:,1747647666891
counter/7/0/0/0,8316:1747647656370:,1747647666891
counter/7/0/0/0,8317:1747647656370:,1747647666891
counter/8/0/0/0,8582:1747647655796:,1747647666891
counter/8/0/0/0,8583:1747647655796:,1747647666891
counter/8/0/0/0,8584:1747647655796:,1747647666891
counter/8/0/0/0,8585:1747647655796:,1747647666892
counter/8/0/0/0,8586:1747647655796:,1747647666892
counter/5/0/0/0,8268:1747647655778:,1747647666892
counter/5/0/0/0,8269:1747647655778:,1747647666892
counter/5/0/0/0,8270:1747647655778:,1747647666892
counter/5/0/0/0,8271:1747647655778:,1747647666892
counter/5/0/0/0,8272:1747647655778:,1747647666892
counter/5/0/0/0,8273:1747647655778:,1747647666892
counter/5/0/0/0,8274:1747647655783:,1747647666892
counter/5/0/0/0,8275:1747647655783:,1747647666892
counter/6/0/0/0,7822:1747647656025:,1747647666894
counter/4/0/0/0,8569:1747647656950:,1747647666894
counter/2/0/0/0,8311:1747647655369:,1747647666894
counter/2/0/0/0,8312:1747647655371:,1747647666894
counter/7/0/0/0,8318:1747647656370:,1747647666895
counter/7/0/0/0,8319:1747647656370:,1747647666895
counter/7/0/0/0,8320:1747647656379:,1747647666895
counter/7/0/0/0,8321:1747647656379:,1747647666895
counter/7/0/0/0,8322:1747647656379:,1747647666895
counter/7/0/0/0,8323:1747647656379:,1747647666895
counter/2/0/0/0,8313:1747647655372:,1747647666895
counter/8/0/0/0,8587:1747647655796:,1747647666896
counter/8/0/0/0,8588:1747647655796:,1747647666896
counter/8/0/0/0,8589:1747647655796:,1747647666896
counter/2/0/0/0,8314:1747647655372:,1747647666896
counter/5/0/0/0,8276:1747647655783:,1747647666897
counter/7/0/0/0,8324:1747647656379:,1747647666898
counter/7/0/0/0,8325:1747647656379:,1747647666898
counter/7/0/0/0,8326:1747647656380:,1747647666898
counter/7/0/0/0,8327:1747647656380:,1747647666898
counter/7/0/0/0,8328:1747647656380:,1747647666898
counter/7/0/0/0,8329:1747647656380:,1747647666898
counter/7/0/0/0,8330:1747647656380:,1747647666898
counter/7/0/0/0,8331:1747647656380:,1747647666898
counter/7/0/0/0,8332:1747647656389:,1747647666898
counter/7/0/0/0,8333:1747647656389:,1747647666898
counter/2/0/0/0,8315:1747647655372:,1747647666898
counter/8/0/0/0,8590:1747647655796:,1747647666898
counter/3/0/0/0,9043:1747647656660:,1747647666899
counter/3/0/0/0,9044:1747647656661:,1747647666899
counter/3/0/0/0,9045:1747647656661:,1747647666899
counter/3/0/0/0,9046:1747647656661:,1747647666899
counter/10/0/0/0,7899:1747647655708:,1747647666899
counter/9/0/0/0,8833:1747647656351:,1747647666899
counter/9/0/0/0,8834:1747647656351:,1747647666900
counter/9/0/0/0,8835:1747647656351:,1747647666900
counter/9/0/0/0,8836:1747647656351:,1747647666900
counter/9/0/0/0,8837:1747647656351:,1747647666900
counter/9/0/0/0,8838:1747647656351:,1747647666900
counter/9/0/0/0,8839:1747647656351:,1747647666900
counter/9/0/0/0,8840:1747647656351:,1747647666900
counter/9/0/0/0,8841:1747647656351:,1747647666900
counter/9/0/0/0,8842:1747647656351:,1747647666900
counter/9/0/0/0,8843:1747647656351:,1747647666900
counter/8/0/0/0,8591:1747647655796:,1747647666900
counter/6/0/0/0,7823:1747647656025:,1747647666901
counter/3/0/0/0,9047:1747647656661:,1747647666901
counter/3/0/0/0,9048:1747647656661:,1747647666901
counter/3/0/0/0,9049:1747647656661:,1747647666901
counter/3/0/0/0,9050:1747647656661:,1747647666901
counter/3/0/0/0,9051:1747647656665:,1747647666901
counter/3/0/0/0,9052:1747647656665:,1747647666901
counter/3/0/0/0,9053:1747647656665:,1747647666901
counter/4/0/0/0,8570:1747647656950:,1747647666901
counter/5/0/0/0,8277:1747647655784:,1747647666902
counter/5/0/0/0,8278:1747647655784:,1747647666902
counter/5/0/0/0,8279:1747647655784:,1747647666902
counter/9/0/0/0,8844:1747647656351:,1747647666906
counter/3/0/0/0,9054:1747647656665:,1747647666906
counter/3/0/0/0,9055:1747647656665:,1747647666906
counter/3/0/0/0,9056:1747647656665:,1747647666907
counter/3/0/0/0,9057:1747647656665:,1747647666907
counter/3/0/0/0,9058:1747647656665:,1747647666907
counter/8/0/0/0,8592:1747647655800:,1747647666907
counter/4/0/0/0,8571:1747647656950:,1747647666907
counter/2/0/0/0,8316:1747647655372:,1747647666907
counter/10/0/0/0,7900:1747647655708:,1747647666907
counter/10/0/0/0,7901:1747647655708:,1747647666907
counter/10/0/0/0,7902:1747647655708:,1747647666907
counter/10/0/0/0,7903:1747647655708:,1747647666907
counter/10/0/0/0,7904:1747647655708:,1747647666907
counter/6/0/0/0,7824:1747647656026:,1747647666907
counter/7/0/0/0,8334:1747647656389:,1747647666908
counter/7/0/0/0,8335:1747647656389:,1747647666908
counter/7/0/0/0,8336:1747647656391:,1747647666908
counter/7/0/0/0,8337:1747647656392:,1747647666908
counter/7/0/0/0,8338:1747647656392:,1747647666908
counter/7/0/0/0,8339:1747647656392:,1747647666908
counter/7/0/0/0,8340:1747647656392:,1747647666908
counter/7/0/0/0,8341:1747647656392:,1747647666908
counter/8/0/0/0,8593:1747647655801:,1747647666908
counter/7/0/0/0,8342:1747647656392:,1747647666908
counter/2/0/0/0,8317:1747647655372:,1747647666909
counter/4/0/0/0,8572:1747647656950:,1747647666909
counter/9/0/0/0,8845:1747647656351:,1747647666910
counter/9/0/0/0,8846:1747647656351:,1747647666910
counter/9/0/0/0,8847:1747647656351:,1747647666910
counter/9/0/0/0,8848:1747647656358:,1747647666910
counter/9/0/0/0,8849:1747647656358:,1747647666910
counter/9/0/0/0,8850:1747647656358:,1747647666910
counter/9/0/0/0,8851:1747647656358:,1747647666910
counter/8/0/0/0,8594:1747647655801:,1747647666910
counter/3/0/0/0,9059:1747647656665:,1747647666911
counter/5/0/0/0,8280:1747647655784:,1747647666911
counter/2/0/0/0,8318:1747647655372:,1747647666912
counter/4/0/0/0,8573:1747647656950:,1747647666914
counter/7/0/0/0,8343:1747647656392:,1747647666915
counter/7/0/0/0,8344:1747647656399:,1747647666915
counter/10/0/0/0,7905:1747647655708:,1747647666915
counter/10/0/0/0,7906:1747647655708:,1747647666915
counter/10/0/0/0,7907:1747647655708:,1747647666915
counter/10/0/0/0,7908:1747647655708:,1747647666915
counter/10/0/0/0,7909:1747647655708:,1747647666915
counter/10/0/0/0,7910:1747647655708:,1747647666915
counter/10/0/0/0,7911:1747647655708:,1747647666915
counter/10/0/0/0,7912:1747647655708:,1747647666915
counter/10/0/0/0,7913:1747647655708:,1747647666915
counter/6/0/0/0,7825:1747647656026:,1747647666915
counter/10/0/0/0,7914:1747647655708:,1747647666915
counter/2/0/0/0,8319:1747647655372:,1747647666916
counter/1/0/0/0,9477:1747647656934:,1747647666916
counter/1/0/0/0,9478:1747647656934:,1747647666916
counter/1/0/0/0,9479:1747647656934:,1747647666916
counter/1/0/0/0,9480:1747647656934:,1747647666916
counter/1/0/0/0,9481:1747647656934:,1747647666916
counter/1/0/0/0,9482:1747647656934:,1747647666916
counter/1/0/0/0,9483:1747647656934:,1747647666916
counter/1/0/0/0,9484:1747647656934:,1747647666916
counter/1/0/0/0,9485:1747647656934:,1747647666916
counter/1/0/0/0,9486:1747647656934:,1747647666916
counter/1/0/0/0,9487:1747647656934:,1747647666916
counter/9/0/0/0,8852:1747647656358:,1747647666916
counter/9/0/0/0,8853:1747647656358:,1747647666916
counter/9/0/0/0,8854:1747647656358:,1747647666917
counter/9/0/0/0,8855:1747647656358:,1747647666917
counter/9/0/0/0,8856:1747647656358:,1747647666917
counter/9/0/0/0,8857:1747647656358:,1747647666917
counter/9/0/0/0,8858:1747647656358:,1747647666917
counter/9/0/0/0,8859:1747647656358:,1747647666917
counter/9/0/0/0,8860:1747647656362:,1747647666917
counter/9/0/0/0,8861:1747647656362:,1747647666917
counter/5/0/0/0,8281:1747647655784:,1747647666917
counter/10/0/0/0,7915:1747647655709:,1747647666917
counter/5/0/0/0,8282:1747647655784:,1747647666917
counter/5/0/0/0,8283:1747647655784:,1747647666917
counter/5/0/0/0,8284:1747647655784:,1747647666917
counter/5/0/0/0,8285:1747647655786:,1747647666917
counter/1/0/0/0,9488:1747647656934:,1747647666918
counter/6/0/0/0,7826:1747647656026:,1747647666918
counter/9/0/0/0,8862:1747647656362:,1747647666919
counter/9/0/0/0,8863:1747647656362:,1747647666919
counter/9/0/0/0,8864:1747647656362:,1747647666919
counter/9/0/0/0,8865:1747647656362:,1747647666919
counter/9/0/0/0,8866:1747647656362:,1747647666919
counter/5/0/0/0,8286:1747647655797:,1747647666919
counter/9/0/0/0,8867:1747647656362:,1747647666919
counter/5/0/0/0,8287:1747647655797:,1747647666919
counter/5/0/0/0,8288:1747647655797:,1747647666919
counter/5/0/0/0,8289:1747647655797:,1747647666919
counter/5/0/0/0,8290:1747647655797:,1747647666919
counter/5/0/0/0,8291:1747647655797:,1747647666919
counter/5/0/0/0,8292:1747647655797:,1747647666919
counter/1/0/0/0,9489:1747647656934:,1747647666920
counter/2/0/0/0,8320:1747647655372:,1747647666921
counter/2/0/0/0,8321:1747647655372:,1747647666921
counter/9/0/0/0,8868:1747647656362:,1747647666922
counter/2/0/0/0,8322:1747647655372:,1747647666922
counter/2/0/0/0,8323:1747647655372:,1747647666922
counter/7/0/0/0,8345:1747647656399:,1747647666922
counter/7/0/0/0,8346:1747647656420:,1747647666922
counter/7/0/0/0,8347:1747647656420:,1747647666922
counter/7/0/0/0,8348:1747647656420:,1747647666922
counter/7/0/0/0,8349:1747647656420:,1747647666922
counter/7/0/0/0,8350:1747647656420:,1747647666922
counter/7/0/0/0,8351:1747647656420:,1747647666922
counter/9/0/0/0,8869:1747647656362:,1747647666923
counter/1/0/0/0,9490:1747647656934:,1747647666923
counter/1/0/0/0,9491:1747647656934:,1747647666923
counter/1/0/0/0,9492:1747647656934:,1747647666923
counter/1/0/0/0,9493:1747647656934:,1747647666923
counter/1/0/0/0,9494:1747647656934:,1747647666923
counter/1/0/0/0,9495:1747647656937:,1747647666923
counter/1/0/0/0,9496:1747647656937:,1747647666923
counter/5/0/0/0,8293:1747647655797:,1747647666923
counter/2/0/0/0,8324:1747647655373:,1747647666923
counter/2/0/0/0,8325:1747647655373:,1747647666924
counter/2/0/0/0,8326:1747647655373:,1747647666924
counter/2/0/0/0,8327:1747647655373:,1747647666924
counter/2/0/0/0,8328:1747647655373:,1747647666924
counter/2/0/0/0,8329:1747647655373:,1747647666924
counter/2/0/0/0,8330:1747647655373:,1747647666924
counter/8/0/0/0,8595:1747647655802:,1747647666924
counter/8/0/0/0,8596:1747647655802:,1747647666924
counter/8/0/0/0,8597:1747647655802:,1747647666924
counter/5/0/0/0,8294:1747647655797:,1747647666925
counter/1/0/0/0,9497:1747647656937:,1747647666926
counter/8/0/0/0,8598:1747647655802:,1747647666926
counter/8/0/0/0,8599:1747647655802:,1747647666927
counter/4/0/0/0,8574:1747647656950:,1747647666929
counter/4/0/0/0,8575:1747647656950:,1747647666929
counter/4/0/0/0,8576:1747647656950:,1747647666929
counter/4/0/0/0,8577:1747647656953:,1747647666929
counter/4/0/0/0,8578:1747647656953:,1747647666929
counter/4/0/0/0,8579:1747647656953:,1747647666930
counter/4/0/0/0,8580:1747647656953:,1747647666930
counter/4/0/0/0,8581:1747647656953:,1747647666930
counter/4/0/0/0,8582:1747647656953:,1747647666930
counter/4/0/0/0,8583:1747647656953:,1747647666930
counter/4/0/0/0,8584:1747647656953:,1747647666930
counter/4/0/0/0,8585:1747647656953:,1747647666930
counter/7/0/0/0,8352:1747647656424:,1747647666930
counter/7/0/0/0,8353:1747647656424:,1747647666930
counter/7/0/0/0,8354:1747647656424:,1747647666930
counter/9/0/0/0,8870:1747647656362:,1747647666931
counter/9/0/0/0,8871:1747647656362:,1747647666931
counter/9/0/0/0,8872:1747647656377:,1747647666931
counter/9/0/0/0,8873:1747647656377:,1747647666931
counter/8/0/0/0,8600:1747647655802:,1747647666931
counter/9/0/0/0,8874:1747647656377:,1747647666931
counter/8/0/0/0,8601:1747647655811:,1747647666931
counter/6/0/0/0,7827:1747647656026:,1747647666931
counter/4/0/0/0,8586:1747647656955:,1747647666931
counter/4/0/0/0,8587:1747647656960:,1747647666931
counter/4/0/0/0,8588:1747647656960:,1747647666931
counter/4/0/0/0,8589:1747647656961:,1747647666931
counter/1/0/0/0,9498:1747647656937:,1747647666931
counter/4/0/0/0,8590:1747647656961:,1747647666932
counter/4/0/0/0,8591:1747647656961:,1747647666932
counter/4/0/0/0,8592:1747647656961:,1747647666932
counter/1/0/0/0,9499:1747647656938:,1747647666932
counter/4/0/0/0,8593:1747647656962:,1747647666932
counter/4/0/0/0,8594:1747647656962:,1747647666932
counter/4/0/0/0,8595:1747647656962:,1747647666932
counter/10/0/0/0,7916:1747647655709:,1747647666932
counter/1/0/0/0,9500:1747647656938:,1747647666932
counter/8/0/0/0,8602:1747647655816:,1747647666933
counter/8/0/0/0,8603:1747647655817:,1747647666933
counter/6/0/0/0,7828:1747647656026:,1747647666933
counter/6/0/0/0,7829:1747647656026:,1747647666933
counter/6/0/0/0,7830:1747647656026:,1747647666933
counter/6/0/0/0,7831:1747647656026:,1747647666933
counter/6/0/0/0,7832:1747647656301:,1747647666933
counter/7/0/0/0,8355:1747647656424:,1747647666933
counter/7/0/0/0,8356:1747647656424:,1747647666933
counter/7/0/0/0,8357:1747647656425:,1747647666933
counter/7/0/0/0,8358:1747647656425:,1747647666933
counter/7/0/0/0,8359:1747647656425:,1747647666933
counter/8/0/0/0,8604:1747647655817:,1747647666934
counter/8/0/0/0,8605:1747647655817:,1747647666934
counter/9/0/0/0,8875:1747647656377:,1747647666934
counter/9/0/0/0,8876:1747647656380:,1747647666934
counter/9/0/0/0,8877:1747647656380:,1747647666934
counter/9/0/0/0,8878:1747647656380:,1747647666934
counter/7/0/0/0,8360:1747647656425:,1747647666934
counter/7/0/0/0,8361:1747647656425:,1747647666934
counter/7/0/0/0,8362:1747647656425:,1747647666934
counter/6/0/0/0,7833:1747647656303:,1747647666934
counter/1/0/0/0,9501:1747647656938:,1747647666934
counter/6/0/0/0,7834:1747647656305:,1747647666934
counter/1/0/0/0,9502:1747647656938:,1747647666934
counter/9/0/0/0,8879:1747647656380:,1747647666935
counter/9/0/0/0,8880:1747647656380:,1747647666935
counter/10/0/0/0,7917:1747647655709:,1747647666935
counter/4/0/0/0,8596:1747647656962:,1747647666935
counter/4/0/0/0,8597:1747647656962:,1747647666935
counter/4/0/0/0,8598:1747647656973:,1747647666935
counter/4/0/0/0,8599:1747647656974:,1747647666935
counter/7/0/0/0,8363:1747647656425:,1747647666936
counter/7/0/0/0,8364:1747647656425:,1747647666936
counter/7/0/0/0,8365:1747647656425:,1747647666936
counter/7/0/0/0,8366:1747647656425:,1747647666936
counter/7/0/0/0,8367:1747647656426:,1747647666936
counter/7/0/0/0,8368:1747647656426:,1747647666937
counter/7/0/0/0,8369:1747647656426:,1747647666937
counter/7/0/0/0,8370:1747647656426:,1747647666937
counter/1/0/0/0,9503:1747647656939:,1747647666937
counter/4/0/0/0,8600:1747647656974:,1747647666937
counter/6/0/0/0,7835:1747647656307:,1747647666937
counter/6/0/0/0,7836:1747647656321:,1747647666937
counter/6/0/0/0,7837:1747647656321:,1747647666937
counter/6/0/0/0,7838:1747647656343:,1747647666937
counter/10/0/0/0,7918:1747647655709:,1747647666937
counter/10/0/0/0,7919:1747647655709:,1747647666937
counter/10/0/0/0,7920:1747647655710:,1747647666937
counter/10/0/0/0,7921:1747647655710:,1747647666937
counter/10/0/0/0,7922:1747647655710:,1747647666937
counter/10/0/0/0,7923:1747647655710:,1747647666937
counter/10/0/0/0,7924:1747647655710:,1747647666937
counter/10/0/0/0,7925:1747647655710:,1747647666937
counter/3/0/0/0,9060:1747647656665:,1747647666937
counter/9/0/0/0,8881:1747647656380:,1747647666940
counter/9/0/0/0,8882:1747647656380:,1747647666940
counter/9/0/0/0,8883:1747647656380:,1747647666940
counter/9/0/0/0,8884:1747647656380:,1747647666940
counter/2/0/0/0,8331:1747647655374:,1747647666940
counter/2/0/0/0,8332:1747647655374:,1747647666940
counter/2/0/0/0,8333:1747647655374:,1747647666940
counter/7/0/0/0,8371:1747647656426:,1747647666940
counter/7/0/0/0,8372:1747647656426:,1747647666940
counter/7/0/0/0,8373:1747647656426:,1747647666941
counter/7/0/0/0,8374:1747647656436:,1747647666941
counter/7/0/0/0,8375:1747647656437:,1747647666941
counter/7/0/0/0,8376:1747647656437:,1747647666941
counter/6/0/0/0,7839:1747647656347:,1747647666941
counter/10/0/0/0,7926:1747647655710:,1747647666941
counter/1/0/0/0,9504:1747647656939:,1747647666942
counter/8/0/0/0,8606:1747647655817:,1747647666942
counter/4/0/0/0,8601:1747647656974:,1747647666942
counter/4/0/0/0,8602:1747647656975:,1747647666942
counter/10/0/0/0,7927:1747647655710:,1747647666942
counter/10/0/0/0,7928:1747647655710:,1747647666942
counter/10/0/0/0,7929:1747647655710:,1747647666943
counter/10/0/0/0,7930:1747647655710:,1747647666943
counter/8/0/0/0,8607:1747647655817:,1747647666943
counter/8/0/0/0,8608:1747647655817:,1747647666943
counter/8/0/0/0,8609:1747647655817:,1747647666943
counter/8/0/0/0,8610:1747647655817:,1747647666943
counter/2/0/0/0,8334:1747647655374:,1747647666944
counter/2/0/0/0,8335:1747647655374:,1747647666944
counter/8/0/0/0,8611:1747647655817:,1747647666944
counter/8/0/0/0,8612:1747647655817:,1747647666944
counter/8/0/0/0,8613:1747647655817:,1747647666944
counter/8/0/0/0,8614:1747647655818:,1747647666944
counter/6/0/0/0,7840:1747647656352:,1747647666945
counter/6/0/0/0,7841:1747647656352:,1747647666946
counter/6/0/0/0,7842:1747647656357:,1747647666947
counter/6/0/0/0,7843:1747647656371:,1747647666947
counter/6/0/0/0,7844:1747647656371:,1747647666947
counter/6/0/0/0,7845:1747647656382:,1747647666947
counter/6/0/0/0,7846:1747647656385:,1747647666947
counter/3/0/0/0,9061:1747647656665:,1747647666948
counter/9/0/0/0,8885:1747647656380:,1747647666948
counter/2/0/0/0,8336:1747647655374:,1747647666948
counter/9/0/0/0,8886:1747647656380:,1747647666948
counter/9/0/0/0,8887:1747647656380:,1747647666948
counter/4/0/0/0,8603:1747647656975:,1747647666948
counter/4/0/0/0,8604:1747647656975:,1747647666948
counter/8/0/0/0,8615:1747647655818:,1747647666948
counter/5/0/0/0,8295:1747647655797:,1747647666948
counter/8/0/0/0,8616:1747647655819:,1747647666948
counter/8/0/0/0,8617:1747647655819:,1747647666948
counter/7/0/0/0,8377:1747647656437:,1747647666948
counter/7/0/0/0,8378:1747647656437:,1747647666948
counter/7/0/0/0,8379:1747647656462:,1747647666948
counter/7/0/0/0,8380:1747647656463:,1747647666948
counter/10/0/0/0,7931:1747647655717:,1747647666948
counter/8/0/0/0,8618:1747647655819:,1747647666950
counter/8/0/0/0,8619:1747647655819:,1747647666950
counter/7/0/0/0,8381:1747647656463:,1747647666950
counter/1/0/0/0,9505:1747647656939:,1747647666950
counter/5/0/0/0,8296:1747647655797:,1747647666950
counter/1/0/0/0,9506:1747647656939:,1747647666951
counter/1/0/0/0,9507:1747647656939:,1747647666951
counter/1/0/0/0,9508:1747647656939:,1747647666951
counter/10/0/0/0,7932:1747647655718:,1747647666951
counter/5/0/0/0,8297:1747647655798:,1747647666952
counter/5/0/0/0,8298:1747647655798:,1747647666952
counter/2/0/0/0,8337:1747647655374:,1747647666953
counter/2/0/0/0,8338:1747647655375:,1747647666953
counter/4/0/0/0,8605:1747647656975:,1747647666953
counter/2/0/0/0,8339:1747647655375:,1747647666953
counter/2/0/0/0,8340:1747647655375:,1747647666953
counter/2/0/0/0,8341:1747647655375:,1747647666953
counter/6/0/0/0,7847:1747647656391:,1747647666953
counter/3/0/0/0,9062:1747647656665:,1747647666955
counter/2/0/0/0,8342:1747647655386:,1747647666955
counter/6/0/0/0,7848:1747647656391:,1747647666955
counter/6/0/0/0,7849:1747647656391:,1747647666955
counter/6/0/0/0,7850:1747647656391:,1747647666955
counter/6/0/0/0,7851:1747647656391:,1747647666955
counter/8/0/0/0,8620:1747647655819:,1747647666955
counter/7/0/0/0,8382:1747647656463:,1747647666955
counter/7/0/0/0,8383:1747647656463:,1747647666956
counter/7/0/0/0,8384:1747647656463:,1747647666956
counter/7/0/0/0,8385:1747647656475:,1747647666956
counter/1/0/0/0,9509:1747647656939:,1747647666956
counter/2/0/0/0,8343:1747647655386:,1747647666957
counter/2/0/0/0,8344:1747647655386:,1747647666957
counter/2/0/0/0,8345:1747647655386:,1747647666957
counter/2/0/0/0,8346:1747647655387:,1747647666957
counter/2/0/0/0,8347:1747647655387:,1747647666957
counter/2/0/0/0,8348:1747647655387:,1747647666957
counter/2/0/0/0,8349:1747647655387:,1747647666957
counter/8/0/0/0,8621:1747647655819:,1747647666959
counter/5/0/0/0,8299:1747647655798:,1747647666959
counter/8/0/0/0,8622:1747647655819:,1747647666959
counter/8/0/0/0,8623:1747647655819:,1747647666959
counter/10/0/0/0,7933:1747647655718:,1747647666959
counter/1/0/0/0,9510:1747647656939:,1747647666959
counter/5/0/0/0,8300:1747647655806:,1747647666959
counter/5/0/0/0,8301:1747647655807:,1747647666959
counter/5/0/0/0,8302:1747647655807:,1747647666959
counter/5/0/0/0,8303:1747647655807:,1747647666959
counter/5/0/0/0,8304:1747647655807:,1747647666959
counter/5/0/0/0,8305:1747647655812:,1747647666960
counter/8/0/0/0,8624:1747647655819:,1747647666960
counter/8/0/0/0,8625:1747647655819:,1747647666961
counter/8/0/0/0,8626:1747647655823:,1747647666961
counter/8/0/0/0,8627:1747647655823:,1747647666961
counter/3/0/0/0,9063:1747647656665:,1747647666961
counter/10/0/0/0,7934:1747647655718:,1747647666961
counter/4/0/0/0,8606:1747647656975:,1747647666961
counter/10/0/0/0,7935:1747647655718:,1747647666961
counter/4/0/0/0,8607:1747647656975:,1747647666961
counter/4/0/0/0,8608:1747647656975:,1747647666961
counter/4/0/0/0,8609:1747647656975:,1747647666961
counter/4/0/0/0,8610:1747647656978:,1747647666961
counter/4/0/0/0,8611:1747647656978:,1747647666961
counter/9/0/0/0,8888:1747647656380:,1747647666961
counter/9/0/0/0,8889:1747647656380:,1747647666961
counter/9/0/0/0,8890:1747647656380:,1747647666962
counter/9/0/0/0,8891:1747647656381:,1747647666962
counter/9/0/0/0,8892:1747647656381:,1747647666962
counter/9/0/0/0,8893:1747647656381:,1747647666962
counter/9/0/0/0,8894:1747647656381:,1747647666962
counter/7/0/0/0,8386:1747647656475:,1747647666962
counter/4/0/0/0,8612:1747647656979:,1747647666962
counter/4/0/0/0,8613:1747647656979:,1747647666962
counter/4/0/0/0,8614:1747647656980:,1747647666962
counter/2/0/0/0,8350:1747647655394:,1747647666962
counter/9/0/0/0,8895:1747647656381:,1747647666962
counter/2/0/0/0,8351:1747647655394:,1747647666962
counter/8/0/0/0,8628:1747647655823:,1747647666962
counter/8/0/0/0,8629:1747647655823:,1747647666962
counter/8/0/0/0,8630:1747647655823:,1747647666962
counter/8/0/0/0,8631:1747647655823:,1747647666962
counter/7/0/0/0,8387:1747647656475:,1747647666963
counter/7/0/0/0,8388:1747647656475:,1747647666963
counter/4/0/0/0,8615:1747647656980:,1747647666963
counter/5/0/0/0,8306:1747647655812:,1747647666963
counter/3/0/0/0,9064:1747647656665:,1747647666963
counter/5/0/0/0,8307:1747647655812:,1747647666964
counter/9/0/0/0,8896:1747647656381:,1747647666964
counter/9/0/0/0,8897:1747647656382:,1747647666964
counter/9/0/0/0,8898:1747647656382:,1747647666964
counter/9/0/0/0,8899:1747647656382:,1747647666964
counter/8/0/0/0,8632:1747647655823:,1747647666965
counter/8/0/0/0,8633:1747647655823:,1747647666965
counter/8/0/0/0,8634:1747647655823:,1747647666965
counter/8/0/0/0,8635:1747647655823:,1747647666965
counter/2/0/0/0,8352:1747647655394:,1747647666965
counter/2/0/0/0,8353:1747647655394:,1747647666965
counter/2/0/0/0,8354:1747647655394:,1747647666965
counter/6/0/0/0,7852:1747647656391:,1747647666965
counter/6/0/0/0,7853:1747647656401:,1747647666965
counter/6/0/0/0,7854:1747647656401:,1747647666965
counter/1/0/0/0,9511:1747647656942:,1747647666965
counter/9/0/0/0,8900:1747647656382:,1747647666965
counter/1/0/0/0,9512:1747647656942:,1747647666965
counter/10/0/0/0,7936:1747647655718:,1747647666965
counter/1/0/0/0,9513:1747647656942:,1747647666965
counter/1/0/0/0,9514:1747647656942:,1747647666966
counter/8/0/0/0,8636:1747647655823:,1747647666967
counter/8/0/0/0,8637:1747647655823:,1747647666967
counter/8/0/0/0,8638:1747647655823:,1747647666967
counter/8/0/0/0,8639:1747647655823:,1747647666967
counter/8/0/0/0,8640:1747647655823:,1747647666967
counter/1/0/0/0,9515:1747647656942:,1747647666968
counter/1/0/0/0,9516:1747647656946:,1747647666968
counter/1/0/0/0,9517:1747647656946:,1747647666968
counter/1/0/0/0,9518:1747647656946:,1747647666968
counter/1/0/0/0,9519:1747647656946:,1747647666968
counter/1/0/0/0,9520:1747647656946:,1747647666968
counter/1/0/0/0,9521:1747647656946:,1747647666968
counter/3/0/0/0,9065:1747647656668:,1747647666968
counter/3/0/0/0,9066:1747647656668:,1747647666968
counter/3/0/0/0,9067:1747647656668:,1747647666968
counter/6/0/0/0,7855:1747647656401:,1747647666969
counter/4/0/0/0,8616:1747647656980:,1747647666971
counter/2/0/0/0,8355:1747647655394:,1747647666971
counter/5/0/0/0,8308:1747647655812:,1747647666971
counter/5/0/0/0,8309:1747647655812:,1747647666971
counter/5/0/0/0,8310:1747647655812:,1747647666971
counter/5/0/0/0,8311:1747647655812:,1747647666971
counter/3/0/0/0,9068:1747647656669:,1747647666972
counter/3/0/0/0,9069:1747647656669:,1747647666973
counter/3/0/0/0,9070:1747647656669:,1747647666973
counter/3/0/0/0,9071:1747647656669:,1747647666973
counter/5/0/0/0,8312:1747647655816:,1747647666973
counter/7/0/0/0,8389:1747647656475:,1747647666973
counter/10/0/0/0,7937:1747647655719:,1747647666973
counter/10/0/0/0,7938:1747647655719:,1747647666973
counter/8/0/0/0,8641:1747647655823:,1747647666973
counter/5/0/0/0,8313:1747647655816:,1747647666974
counter/5/0/0/0,8314:1747647655816:,1747647666974
counter/4/0/0/0,8617:1747647656980:,1747647666974
counter/5/0/0/0,8315:1747647655816:,1747647666974
counter/4/0/0/0,8618:1747647656980:,1747647666975
counter/5/0/0/0,8316:1747647655816:,1747647666975
counter/4/0/0/0,8619:1747647656980:,1747647666975
counter/4/0/0/0,8620:1747647656980:,1747647666975
counter/4/0/0/0,8621:1747647656980:,1747647666975
counter/4/0/0/0,8622:1747647656980:,1747647666975
counter/4/0/0/0,8623:1747647656980:,1747647666975
counter/4/0/0/0,8624:1747647656980:,1747647666975
counter/4/0/0/0,8625:1747647656980:,1747647666975
counter/4/0/0/0,8626:1747647656980:,1747647666975
counter/4/0/0/0,8627:1747647656980:,1747647666975
counter/4/0/0/0,8628:1747647656983:,1747647666975
counter/4/0/0/0,8629:1747647656983:,1747647666975
counter/9/0/0/0,8901:1747647656382:,1747647666975
counter/9/0/0/0,8902:1747647656382:,1747647666975
counter/9/0/0/0,8903:1747647656382:,1747647666975
counter/9/0/0/0,8904:1747647656382:,1747647666975
counter/9/0/0/0,8905:1747647656382:,1747647666975
counter/9/0/0/0,8906:1747647656382:,1747647666975
counter/9/0/0/0,8907:1747647656382:,1747647666975
counter/10/0/0/0,7939:1747647655719:,1747647666975
counter/8/0/0/0,8642:1747647655823:,1747647666975
counter/4/0/0/0,8630:1747647656983:,1747647666975
counter/1/0/0/0,9522:1747647656946:,1747647666975
counter/5/0/0/0,8317:1747647655816:,1747647666976
counter/8/0/0/0,8643:1747647655823:,1747647666976
counter/6/0/0/0,7856:1747647656401:,1747647666976
counter/3/0/0/0,9072:1747647656669:,1747647666977
counter/7/0/0/0,8390:1747647656475:,1747647666977
counter/4/0/0/0,8631:1747647656983:,1747647666978
counter/4/0/0/0,8632:1747647656983:,1747647666978
counter/4/0/0/0,8633:1747647656983:,1747647666979
counter/4/0/0/0,8634:1747647656983:,1747647666979
counter/4/0/0/0,8635:1747647656983:,1747647666979
counter/4/0/0/0,8636:1747647656983:,1747647666979
counter/4/0/0/0,8637:1747647656983:,1747647666979
counter/4/0/0/0,8638:1747647656983:,1747647666979
counter/5/0/0/0,8318:1747647655816:,1747647666979
counter/4/0/0/0,8639:1747647656983:,1747647666979
counter/4/0/0/0,8640:1747647656983:,1747647666979
counter/4/0/0/0,8641:1747647656983:,1747647666979
counter/1/0/0/0,9523:1747647656946:,1747647666980
counter/5/0/0/0,8319:1747647655816:,1747647666981
counter/9/0/0/0,8908:1747647656382:,1747647666981
counter/9/0/0/0,8909:1747647656391:,1747647666981
counter/9/0/0/0,8910:1747647656391:,1747647666981
counter/9/0/0/0,8911:1747647656391:,1747647666981
counter/9/0/0/0,8912:1747647656401:,1747647666981
counter/1/0/0/0,9524:1747647656946:,1747647666981
counter/9/0/0/0,8913:1747647656401:,1747647666981
counter/9/0/0/0,8914:1747647656401:,1747647666981
counter/9/0/0/0,8915:1747647656401:,1747647666981
counter/9/0/0/0,8916:1747647656401:,1747647666981
counter/3/0/0/0,9073:1747647656669:,1747647666981
counter/10/0/0/0,7940:1747647655719:,1747647666982
counter/4/0/0/0,8642:1747647656983:,1747647666982
counter/7/0/0/0,8391:1747647656475:,1747647666982
counter/1/0/0/0,9525:1747647656961:,1747647666982
counter/1/0/0/0,9526:1747647656961:,1747647666982
counter/1/0/0/0,9527:1747647656961:,1747647666982
counter/1/0/0/0,9528:1747647656961:,1747647666982
counter/1/0/0/0,9529:1747647656961:,1747647666983
counter/1/0/0/0,9530:1747647656961:,1747647666983
counter/1/0/0/0,9531:1747647656961:,1747647666983
counter/1/0/0/0,9532:1747647656963:,1747647666983
counter/1/0/0/0,9533:1747647656963:,1747647666983
counter/1/0/0/0,9534:1747647656963:,1747647666983
counter/1/0/0/0,9535:1747647656963:,1747647666983
counter/4/0/0/0,8643:1747647656983:,1747647666983
counter/4/0/0/0,8644:1747647656986:,1747647666983
counter/4/0/0/0,8645:1747647656986:,1747647666983
counter/4/0/0/0,8646:1747647656986:,1747647666983
counter/4/0/0/0,8647:1747647656986:,1747647666983
counter/4/0/0/0,8648:1747647656986:,1747647666983
counter/1/0/0/0,9536:1747647656963:,1747647666984
counter/5/0/0/0,8320:1747647655816:,1747647666984
counter/2/0/0/0,8356:1747647655394:,1747647666984
counter/2/0/0/0,8357:1747647655394:,1747647666984
counter/2/0/0/0,8358:1747647655398:,1747647666984
counter/2/0/0/0,8359:1747647655398:,1747647666985
counter/8/0/0/0,8644:1747647655823:,1747647666985
counter/1/0/0/0,9537:1747647656963:,1747647666986
counter/1/0/0/0,9538:1747647656963:,1747647666986
counter/1/0/0/0,9539:1747647656963:,1747647666986
counter/1/0/0/0,9540:1747647656966:,1747647666986
counter/1/0/0/0,9541:1747647656966:,1747647666986
counter/1/0/0/0,9542:1747647656966:,1747647666986
counter/10/0/0/0,7941:1747647655719:,1747647666986
counter/10/0/0/0,7942:1747647655719:,1747647666987
counter/10/0/0/0,7943:1747647655719:,1747647666987
counter/10/0/0/0,7944:1747647655720:,1747647666987
counter/10/0/0/0,7945:1747647655720:,1747647666987
counter/10/0/0/0,7946:1747647655720:,1747647666987
counter/2/0/0/0,8360:1747647655398:,1747647666987
counter/2/0/0/0,8361:1747647655398:,1747647666988
counter/2/0/0/0,8362:1747647655398:,1747647666988
counter/2/0/0/0,8363:1747647655398:,1747647666988
counter/2/0/0/0,8364:1747647655398:,1747647666988
counter/2/0/0/0,8365:1747647655398:,1747647666988
counter/2/0/0/0,8366:1747647655399:,1747647666988
counter/2/0/0/0,8367:1747647655399:,1747647666988
counter/2/0/0/0,8368:1747647655399:,1747647666988
counter/2/0/0/0,8369:1747647655399:,1747647666988
counter/2/0/0/0,8370:1747647655399:,1747647666988
counter/2/0/0/0,8371:1747647655399:,1747647666988
counter/2/0/0/0,8372:1747647655401:,1747647666988
counter/2/0/0/0,8373:1747647655401:,1747647666988
counter/2/0/0/0,8374:1747647655401:,1747647666988
counter/2/0/0/0,8375:1747647655403:,1747647666988
counter/2/0/0/0,8376:1747647655404:,1747647666988
counter/3/0/0/0,9074:1747647656669:,1747647666988
counter/3/0/0/0,9075:1747647656669:,1747647666988
counter/7/0/0/0,8392:1747647656478:,1747647666989
counter/7/0/0/0,8393:1747647656482:,1747647666989
counter/10/0/0/0,7947:1747647655720:,1747647666989
counter/7/0/0/0,8394:1747647656482:,1747647666989
counter/10/0/0/0,7948:1747647655720:,1747647666989
counter/7/0/0/0,8395:1747647656482:,1747647666989
counter/10/0/0/0,7949:1747647655720:,1747647666989
counter/10/0/0/0,7950:1747647655720:,1747647666989
counter/10/0/0/0,7951:1747647655720:,1747647666989
counter/10/0/0/0,7952:1747647655720:,1747647666989
counter/10/0/0/0,7953:1747647655720:,1747647666989
counter/10/0/0/0,7954:1747647655720:,1747647666989
counter/6/0/0/0,7857:1747647656401:,1747647666989
counter/8/0/0/0,8645:1747647655823:,1747647666989
counter/6/0/0/0,7858:1747647656401:,1747647666991
counter/6/0/0/0,7859:1747647656406:,1747647666991
counter/8/0/0/0,8646:1747647655823:,1747647666991
counter/6/0/0/0,7860:1747647656406:,1747647666991
counter/6/0/0/0,7861:1747647656406:,1747647666991
counter/6/0/0/0,7862:1747647656408:,1747647666991
counter/6/0/0/0,7863:1747647656408:,1747647666991
counter/6/0/0/0,7864:1747647656408:,1747647666991
counter/6/0/0/0,7865:1747647656408:,1747647666991
counter/6/0/0/0,7866:1747647656408:,1747647666991
counter/6/0/0/0,7867:1747647656408:,1747647666991
counter/5/0/0/0,8321:1747647655816:,1747647666992
counter/6/0/0/0,7868:1747647656408:,1747647666992
counter/6/0/0/0,7869:1747647656408:,1747647666992
counter/6/0/0/0,7870:1747647656408:,1747647666992
counter/6/0/0/0,7871:1747647656409:,1747647666992
counter/6/0/0/0,7872:1747647656409:,1747647666992
counter/9/0/0/0,8917:1747647656403:,1747647666992
counter/3/0/0/0,9076:1747647656673:,1747647666992
counter/7/0/0/0,8396:1747647656482:,1747647666993
counter/1/0/0/0,9543:1747647656966:,1747647666993
counter/2/0/0/0,8377:1747647655404:,1747647666993
counter/2/0/0/0,8378:1747647655404:,1747647666993
counter/2/0/0/0,8379:1747647655404:,1747647666993
counter/2/0/0/0,8380:1747647655404:,1747647666994
counter/10/0/0/0,7955:1747647655720:,1747647666994
counter/10/0/0/0,7956:1747647655730:,1747647666994
counter/10/0/0/0,7957:1747647655730:,1747647666994
counter/10/0/0/0,7958:1747647655730:,1747647666994
counter/8/0/0/0,8647:1747647655823:,1747647666994
counter/10/0/0/0,7959:1747647655730:,1747647666994
counter/10/0/0/0,7960:1747647655730:,1747647666994
counter/9/0/0/0,8918:1747647656403:,1747647666994
counter/3/0/0/0,9077:1747647656673:,1747647666994
counter/3/0/0/0,9078:1747647656673:,1747647666994
counter/3/0/0/0,9079:1747647656673:,1747647666994
counter/3/0/0/0,9080:1747647656679:,1747647666995
counter/3/0/0/0,9081:1747647656679:,1747647666995
counter/3/0/0/0,9082:1747647656679:,1747647666995
counter/3/0/0/0,9083:1747647656679:,1747647666995
counter/3/0/0/0,9084:1747647656679:,1747647666995
counter/3/0/0/0,9085:1747647656679:,1747647666995
counter/3/0/0/0,9086:1747647656679:,1747647666995
counter/4/0/0/0,8649:1747647656986:,1747647666995
counter/3/0/0/0,9087:1747647656679:,1747647666995
counter/3/0/0/0,9088:1747647656679:,1747647666995
counter/7/0/0/0,8397:1747647656485:,1747647666995
counter/1/0/0/0,9544:1747647656966:,1747647666995
counter/5/0/0/0,8322:1747647655816:,1747647666996
counter/5/0/0/0,8323:1747647655819:,1747647666996
counter/5/0/0/0,8324:1747647655819:,1747647666996
counter/5/0/0/0,8325:1747647655819:,1747647666996
counter/5/0/0/0,8326:1747647655819:,1747647666996
counter/5/0/0/0,8327:1747647655819:,1747647666996
counter/5/0/0/0,8328:1747647655819:,1747647666996
counter/9/0/0/0,8919:1747647656403:,1747647666996
counter/5/0/0/0,8329:1747647655819:,1747647666996
counter/9/0/0/0,8920:1747647656403:,1747647666996
counter/5/0/0/0,8330:1747647655821:,1747647666997
counter/9/0/0/0,8921:1747647656404:,1747647666997
counter/5/0/0/0,8331:1747647655828:,1747647666997
counter/5/0/0/0,8332:1747647655828:,1747647666997
counter/7/0/0/0,8398:1747647656485:,1747647666997
counter/1/0/0/0,9545:1747647656966:,1747647666997
counter/9/0/0/0,8922:1747647656404:,1747647666997
counter/9/0/0/0,8923:1747647656404:,1747647666997
counter/9/0/0/0,8924:1747647656404:,1747647666997
counter/9/0/0/0,8925:1747647656405:,1747647666997
counter/2/0/0/0,8381:1747647655404:,1747647666997
counter/9/0/0/0,8926:1747647656405:,1747647666997
counter/6/0/0/0,7873:1747647656409:,1747647666997
counter/9/0/0/0,8927:1747647656405:,1747647666997
counter/6/0/0/0,7874:1747647656409:,1747647666997
counter/6/0/0/0,7875:1747647656409:,1747647666998
counter/6/0/0/0,7876:1747647656409:,1747647666998
counter/10/0/0/0,7961:1747647655730:,1747647666998
counter/10/0/0/0,7962:1747647655731:,1747647666998
counter/10/0/0/0,7963:1747647655738:,1747647666998
counter/10/0/0/0,7964:1747647655738:,1747647666998
counter/10/0/0/0,7965:1747647655738:,1747647666998
counter/10/0/0/0,7966:1747647655738:,1747647666998
counter/10/0/0/0,7967:1747647655738:,1747647666998
counter/10/0/0/0,7968:1747647655738:,1747647666998
counter/4/0/0/0,8650:1747647656986:,1747647666998
counter/7/0/0/0,8399:1747647656486:,1747647666998
counter/9/0/0/0,8928:1747647656405:,1747647666998
counter/7/0/0/0,8400:1747647656487:,1747647666999
counter/10/0/0/0,7969:1747647655738:,1747647666999
counter/6/0/0/0,7877:1747647656410:,1747647666999
counter/6/0/0/0,7878:1747647656410:,1747647666999
counter/6/0/0/0,7879:1747647656410:,1747647666999
counter/6/0/0/0,7880:1747647656410:,1747647666999
counter/8/0/0/0,8648:1747647655823:,1747647666999
counter/5/0/0/0,8333:1747647655828:,1747647666999
counter/4/0/0/0,8651:1747647656986:,1747647667000
counter/3/0/0/0,9089:1747647656680:,1747647667000
counter/3/0/0/0,9090:1747647656680:,1747647667002
counter/9/0/0/0,8929:1747647656405:,1747647667002
counter/2/0/0/0,8382:1747647655404:,1747647667002
counter/2/0/0/0,8383:1747647655404:,1747647667002
counter/2/0/0/0,8384:1747647655405:,1747647667002
counter/2/0/0/0,8385:1747647655405:,1747647667002
counter/2/0/0/0,8386:1747647655405:,1747647667002
counter/2/0/0/0,8387:1747647655405:,1747647667002
counter/2/0/0/0,8388:1747647655405:,1747647667002
counter/7/0/0/0,8401:1747647656489:,1747647667003
counter/6/0/0/0,7881:1747647656410:,1747647667005
counter/8/0/0/0,8649:1747647655823:,1747647667005
counter/8/0/0/0,8650:1747647655823:,1747647667005
counter/8/0/0/0,8651:1747647655823:,1747647667006
counter/3/0/0/0,9091:1747647656680:,1747647667006
counter/3/0/0/0,9092:1747647656680:,1747647667006
counter/3/0/0/0,9093:1747647656680:,1747647667006
counter/3/0/0/0,9094:1747647656680:,1747647667006
counter/7/0/0/0,8402:1747647656489:,1747647667006
counter/7/0/0/0,8403:1747647656489:,1747647667006
counter/7/0/0/0,8404:1747647656490:,1747647667006
counter/1/0/0/0,9546:1747647656966:,1747647667006
counter/5/0/0/0,8334:1747647655828:,1747647667006
counter/5/0/0/0,8335:1747647655828:,1747647667006
counter/4/0/0/0,8652:1747647656986:,1747647667006
counter/6/0/0/0,7882:1747647656410:,1747647667007
counter/4/0/0/0,8653:1747647656987:,1747647667007
counter/6/0/0/0,7883:1747647656410:,1747647667007
counter/6/0/0/0,7884:1747647656410:,1747647667007
counter/6/0/0/0,7885:1747647656415:,1747647667007
counter/6/0/0/0,7886:1747647656415:,1747647667007
counter/6/0/0/0,7887:1747647656415:,1747647667007
counter/6/0/0/0,7888:1747647656415:,1747647667007
counter/2/0/0/0,8389:1747647655405:,1747647667008
counter/6/0/0/0,7889:1747647656415:,1747647667008
counter/6/0/0/0,7890:1747647656415:,1747647667008
counter/7/0/0/0,8405:1747647656490:,1747647667008
counter/1/0/0/0,9547:1747647656967:,1747647667008
counter/9/0/0/0,8930:1747647656405:,1747647667009
counter/2/0/0/0,8390:1747647655405:,1747647667009
counter/6/0/0/0,7891:1747647656415:,1747647667009
counter/6/0/0/0,7892:1747647656417:,1747647667009
counter/6/0/0/0,7893:1747647656419:,1747647667009
counter/6/0/0/0,7894:1747647656419:,1747647667009
counter/3/0/0/0,9095:1747647656681:,1747647667009
counter/3/0/0/0,9096:1747647656688:,1747647667009
counter/3/0/0/0,9097:1747647656688:,1747647667009
counter/1/0/0/0,9548:1747647656967:,1747647667009
counter/5/0/0/0,8336:1747647655828:,1747647667009
counter/1/0/0/0,9549:1747647656967:,1747647667010
counter/7/0/0/0,8406:1747647656490:,1747647667010
counter/4/0/0/0,8654:1747647656988:,1747647667011
counter/5/0/0/0,8337:1747647655837:,1747647667012
counter/3/0/0/0,9098:1747647656688:,1747647667012
counter/7/0/0/0,8407:1747647656490:,1747647667013
counter/9/0/0/0,8931:1747647656405:,1747647667017
counter/7/0/0/0,8408:1747647656490:,1747647667017
counter/4/0/0/0,8655:1747647656988:,1747647667017
counter/4/0/0/0,8656:1747647656988:,1747647667017
counter/4/0/0/0,8657:1747647656988:,1747647667018
counter/4/0/0/0,8658:1747647656988:,1747647667018
counter/10/0/0/0,7970:1747647655738:,1747647667018
counter/8/0/0/0,8652:1747647655823:,1747647667018
counter/5/0/0/0,8338:1747647655838:,1747647667018
counter/3/0/0/0,9099:1747647656688:,1747647667018
counter/3/0/0/0,9100:1747647656688:,1747647667018
counter/3/0/0/0,9101:1747647656688:,1747647667018
counter/3/0/0/0,9102:1747647656688:,1747647667018
counter/1/0/0/0,9550:1747647656967:,1747647667018
counter/1/0/0/0,9551:1747647656967:,1747647667018
counter/10/0/0/0,7971:1747647655738:,1747647667019
counter/10/0/0/0,7972:1747647655738:,1747647667019
counter/8/0/0/0,8653:1747647655823:,1747647667019
counter/8/0/0/0,8654:1747647655823:,1747647667019
counter/8/0/0/0,8655:1747647655823:,1747647667020
counter/5/0/0/0,8339:1747647655838:,1747647667020
counter/3/0/0/0,9103:1747647656688:,1747647667020
counter/5/0/0/0,8340:1747647655838:,1747647667020
counter/1/0/0/0,9552:1747647656967:,1747647667020
counter/1/0/0/0,9553:1747647656967:,1747647667020
counter/1/0/0/0,9554:1747647656967:,1747647667020
counter/1/0/0/0,9555:1747647656967:,1747647667020
counter/1/0/0/0,9556:1747647656967:,1747647667020
counter/1/0/0/0,9557:1747647656996:,1747647667020
counter/1/0/0/0,9558:1747647656999:,1747647667020
counter/1/0/0/0,9559:1747647656999:,1747647667020
counter/1/0/0/0,9560:1747647656999:,1747647667020
counter/1/0/0/0,9561:1747647656999:,1747647667020
counter/1/0/0/0,9562:1747647656999:,1747647667020
counter/8/0/0/0,8656:1747647655823:,1747647667020
counter/3/0/0/0,9104:1747647656688:,1747647667020
counter/3/0/0/0,9105:1747647656688:,1747647667021
counter/6/0/0/0,7895:1747647656420:,1747647667021
counter/3/0/0/0,9106:1747647656688:,1747647667021
counter/3/0/0/0,9107:1747647656688:,1747647667021
counter/3/0/0/0,9108:1747647656688:,1747647667021
counter/3/0/0/0,9109:1747647656688:,1747647667022
counter/10/0/0/0,7973:1747647655738:,1747647667022
counter/4/0/0/0,8659:1747647656988:,1747647667022
counter/4/0/0/0,8660:1747647656988:,1747647667022
counter/4/0/0/0,8661:1747647656988:,1747647667022
counter/4/0/0/0,8662:1747647656988:,1747647667022
counter/9/0/0/0,8932:1747647656405:,1747647667022
counter/2/0/0/0,8391:1747647655405:,1747647667023
counter/9/0/0/0,8933:1747647656405:,1747647667023
counter/6/0/0/0,7896:1747647656420:,1747647667023
counter/6/0/0/0,7897:1747647656421:,1747647667023
counter/6/0/0/0,7898:1747647656421:,1747647667023
counter/3/0/0/0,9110:1747647656688:,1747647667023
counter/3/0/0/0,9111:1747647656703:,1747647667023
counter/4/0/0/0,8663:1747647656988:,1747647667024
counter/4/0/0/0,8664:1747647656988:,1747647667024
counter/4/0/0/0,8665:1747647656988:,1747647667024
counter/4/0/0/0,8666:1747647656988:,1747647667024
counter/4/0/0/0,8667:1747647656988:,1747647667024
counter/8/0/0/0,8657:1747647655823:,1747647667024
counter/4/0/0/0,8668:1747647656988:,1747647667024
counter/2/0/0/0,8392:1747647655407:,1747647667024
counter/2/0/0/0,8393:1747647655407:,1747647667024
counter/1/0/0/0,9563:1747647656999:,1747647667024
counter/6/0/0/0,7899:1747647656421:,1747647667024
counter/6/0/0/0,7900:1747647656421:,1747647667024
counter/6/0/0/0,7901:1747647656421:,1747647667025
counter/3/0/0/0,9112:1747647656703:,1747647667025
counter/3/0/0/0,9113:1747647656703:,1747647667025
counter/10/0/0/0,7974:1747647655738:,1747647667025
counter/4/0/0/0,8669:1747647656988:,1747647667025
counter/8/0/0/0,8658:1747647655824:,1747647667028
counter/3/0/0/0,9114:1747647656703:,1747647667028
counter/7/0/0/0,8409:1747647656490:,1747647667029
counter/6/0/0/0,7902:1747647656421:,1747647667029
counter/6/0/0/0,7903:1747647656421:,1747647667029
counter/6/0/0/0,7904:1747647656422:,1747647667029
counter/6/0/0/0,7905:1747647656422:,1747647667029
counter/6/0/0/0,7906:1747647656422:,1747647667029
counter/6/0/0/0,7907:1747647656422:,1747647667029
counter/6/0/0/0,7908:1747647656422:,1747647667029
counter/6/0/0/0,7909:1747647656422:,1747647667029
counter/6/0/0/0,7910:1747647656422:,1747647667030
counter/6/0/0/0,7911:1747647656422:,1747647667030
counter/4/0/0/0,8670:1747647656988:,1747647667030
counter/3/0/0/0,9115:1747647656703:,1747647667030
counter/7/0/0/0,8410:1747647656490:,1747647667032
counter/7/0/0/0,8411:1747647656490:,1747647667032
counter/7/0/0/0,8412:1747647656490:,1747647667032
counter/7/0/0/0,8413:1747647656490:,1747647667032
counter/7/0/0/0,8414:1747647656494:,1747647667033
counter/8/0/0/0,8659:1747647655824:,1747647667033
counter/2/0/0/0,8394:1747647655420:,1747647667033
counter/2/0/0/0,8395:1747647655420:,1747647667033
counter/5/0/0/0,8341:1747647655838:,1747647667033
counter/7/0/0/0,8415:1747647656494:,1747647667033
counter/7/0/0/0,8416:1747647656494:,1747647667033
counter/7/0/0/0,8417:1747647656495:,1747647667034
counter/7/0/0/0,8418:1747647656495:,1747647667034
counter/7/0/0/0,8419:1747647656495:,1747647667034
counter/7/0/0/0,8420:1747647656495:,1747647667034
counter/7/0/0/0,8421:1747647656495:,1747647667034
counter/7/0/0/0,8422:1747647656495:,1747647667034
counter/4/0/0/0,8671:1747647656988:,1747647667034
counter/10/0/0/0,7975:1747647655738:,1747647667034
counter/5/0/0/0,8342:1747647655838:,1747647667034
counter/5/0/0/0,8343:1747647655838:,1747647667034
counter/5/0/0/0,8344:1747647655838:,1747647667034
counter/5/0/0/0,8345:1747647655838:,1747647667035
counter/5/0/0/0,8346:1747647655841:,1747647667035
counter/5/0/0/0,8347:1747647655841:,1747647667035
counter/2/0/0/0,8396:1747647655420:,1747647667035
counter/1/0/0/0,9564:1747647656999:,1747647667035
counter/1/0/0/0,9565:1747647656999:,1747647667036
counter/7/0/0/0,8423:1747647656495:,1747647667036
counter/9/0/0/0,8934:1747647656405:,1747647667036
counter/10/0/0/0,7976:1747647655738:,1747647667036
counter/10/0/0/0,7977:1747647655739:,1747647667036
counter/10/0/0/0,7978:1747647655739:,1747647667036
counter/10/0/0/0,7979:1747647655739:,1747647667036
counter/10/0/0/0,7980:1747647655739:,1747647667036
counter/10/0/0/0,7981:1747647655739:,1747647667036
counter/10/0/0/0,7982:1747647655739:,1747647667036
counter/10/0/0/0,7983:1747647655739:,1747647667036
counter/10/0/0/0,7984:1747647655740:,1747647667036
counter/7/0/0/0,8424:1747647656495:,1747647667036
counter/10/0/0/0,7985:1747647655740:,1747647667037
counter/7/0/0/0,8425:1747647656495:,1747647667037
counter/7/0/0/0,8426:1747647656495:,1747647667037
counter/7/0/0/0,8427:1747647656495:,1747647667037
counter/7/0/0/0,8428:1747647656496:,1747647667037
counter/7/0/0/0,8429:1747647656496:,1747647667037
counter/3/0/0/0,9116:1747647656712:,1747647667037
counter/3/0/0/0,9117:1747647656713:,1747647667038
counter/3/0/0/0,9118:1747647656713:,1747647667038
counter/3/0/0/0,9119:1747647656713:,1747647667038
counter/3/0/0/0,9120:1747647656713:,1747647667038
counter/3/0/0/0,9121:1747647656713:,1747647667038
counter/3/0/0/0,9122:1747647656713:,1747647667038
counter/3/0/0/0,9123:1747647656713:,1747647667038
counter/3/0/0/0,9124:1747647656713:,1747647667038
counter/3/0/0/0,9125:1747647656713:,1747647667038
counter/8/0/0/0,8660:1747647655824:,1747647667039
counter/8/0/0/0,8661:1747647655824:,1747647667039
counter/1/0/0/0,9566:1747647656999:,1747647667039
counter/8/0/0/0,8662:1747647655824:,1747647667039
counter/10/0/0/0,7986:1747647655740:,1747647667039
counter/10/0/0/0,7987:1747647655740:,1747647667039
counter/10/0/0/0,7988:1747647655740:,1747647667039
counter/10/0/0/0,7989:1747647655740:,1747647667040
counter/10/0/0/0,7990:1747647655740:,1747647667040
counter/10/0/0/0,7991:1747647655740:,1747647667040
counter/10/0/0/0,7992:1747647655740:,1747647667040
counter/10/0/0/0,7993:1747647655749:,1747647667040
counter/10/0/0/0,7994:1747647655749:,1747647667040
counter/10/0/0/0,7995:1747647655749:,1747647667040
counter/10/0/0/0,7996:1747647655749:,1747647667040
counter/3/0/0/0,9126:1747647656713:,1747647667040
counter/1/0/0/0,9567:1747647656999:,1747647667040
counter/5/0/0/0,8348:1747647655841:,1747647667040
counter/6/0/0/0,7912:1747647656422:,1747647667040
counter/5/0/0/0,8349:1747647655841:,1747647667040
counter/5/0/0/0,8350:1747647655841:,1747647667041
counter/5/0/0/0,8351:1747647655841:,1747647667041
counter/7/0/0/0,8430:1747647656496:,1747647667041
counter/8/0/0/0,8663:1747647655824:,1747647667041
counter/2/0/0/0,8397:1747647655420:,1747647667041
counter/9/0/0/0,8935:1747647656407:,1747647667042
counter/6/0/0/0,7913:1747647656422:,1747647667043
counter/4/0/0/0,8672:1747647656988:,1747647667043
counter/10/0/0/0,7997:1747647655749:,1747647667043
counter/10/0/0/0,7998:1747647655749:,1747647667044
counter/1/0/0/0,9568:1747647656999:,1747647667046
counter/4/0/0/0,8673:1747647656988:,1747647667046
counter/5/0/0/0,8352:1747647655841:,1747647667046
counter/5/0/0/0,8353:1747647655841:,1747647667046
counter/5/0/0/0,8354:1747647655841:,1747647667046
counter/5/0/0/0,8355:1747647655841:,1747647667046
counter/5/0/0/0,8356:1747647655846:,1747647667046
counter/5/0/0/0,8357:1747647655846:,1747647667047
counter/5/0/0/0,8358:1747647655846:,1747647667047
counter/5/0/0/0,8359:1747647655846:,1747647667047
counter/5/0/0/0,8360:1747647655846:,1747647667047
counter/5/0/0/0,8361:1747647655846:,1747647667047
counter/5/0/0/0,8362:1747647655846:,1747647667047
counter/5/0/0/0,8363:1747647655847:,1747647667047
counter/5/0/0/0,8364:1747647655847:,1747647667047
counter/5/0/0/0,8365:1747647655847:,1747647667047
counter/5/0/0/0,8366:1747647655847:,1747647667048
counter/5/0/0/0,8367:1747647655847:,1747647667048
counter/6/0/0/0,7914:1747647656422:,1747647667048
counter/1/0/0/0,9569:1747647656999:,1747647667048
counter/1/0/0/0,9570:1747647656999:,1747647667048
counter/1/0/0/0,9571:1747647657002:,1747647667048
counter/1/0/0/0,9572:1747647657002:,1747647667048
counter/1/0/0/0,9573:1747647657002:,1747647667048
counter/1/0/0/0,9574:1747647657007:,1747647667048
counter/1/0/0/0,9575:1747647657007:,1747647667048
counter/1/0/0/0,9576:1747647657007:,1747647667048
counter/1/0/0/0,9577:1747647657007:,1747647667048
counter/1/0/0/0,9578:1747647657007:,1747647667048
counter/1/0/0/0,9579:1747647657007:,1747647667048
counter/1/0/0/0,9580:1747647657007:,1747647667048
counter/1/0/0/0,9581:1747647657015:,1747647667048
counter/1/0/0/0,9582:1747647657015:,1747647667048
counter/1/0/0/0,9583:1747647657015:,1747647667048
counter/1/0/0/0,9584:1747647657015:,1747647667048
counter/1/0/0/0,9585:1747647657015:,1747647667048
counter/1/0/0/0,9586:1747647657015:,1747647667048
counter/1/0/0/0,9587:1747647657015:,1747647667048
counter/1/0/0/0,9588:1747647657015:,1747647667048
counter/1/0/0/0,9589:1747647657015:,1747647667048
counter/1/0/0/0,9590:1747647657015:,1747647667048
counter/1/0/0/0,9591:1747647657015:,1747647667048
counter/7/0/0/0,8431:1747647656496:,1747647667048
counter/1/0/0/0,9592:1747647657015:,1747647667049
counter/1/0/0/0,9593:1747647657015:,1747647667049
counter/4/0/0/0,8674:1747647656988:,1747647667049
counter/7/0/0/0,8432:1747647656496:,1747647667049
counter/5/0/0/0,8368:1747647655847:,1747647667049
counter/2/0/0/0,8398:1747647655420:,1747647667049
counter/1/0/0/0,9594:1747647657015:,1747647667049
counter/1/0/0/0,9595:1747647657016:,1747647667049
counter/1/0/0/0,9596:1747647657016:,1747647667049
counter/1/0/0/0,9597:1747647657016:,1747647667049
counter/1/0/0/0,9598:1747647657016:,1747647667049
counter/6/0/0/0,7915:1747647656422:,1747647667049
counter/2/0/0/0,8399:1747647655420:,1747647667050
counter/1/0/0/0,9599:1747647657017:,1747647667050
counter/7/0/0/0,8433:1747647656496:,1747647667050
counter/7/0/0/0,8434:1747647656496:,1747647667050
counter/7/0/0/0,8435:1747647656496:,1747647667050
counter/7/0/0/0,8436:1747647656496:,1747647667050
counter/7/0/0/0,8437:1747647656496:,1747647667050
counter/7/0/0/0,8438:1747647656496:,1747647667051
counter/7/0/0/0,8439:1747647656496:,1747647667051
counter/7/0/0/0,8440:1747647656496:,1747647667051
counter/7/0/0/0,8441:1747647656496:,1747647667051
counter/7/0/0/0,8442:1747647656496:,1747647667051
counter/7/0/0/0,8443:1747647656496:,1747647667051
counter/4/0/0/0,8675:1747647656993:,1747647667052
counter/6/0/0/0,7916:1747647656422:,1747647667052
counter/6/0/0/0,7917:1747647656422:,1747647667052
counter/6/0/0/0,7918:1747647656423:,1747647667052
counter/6/0/0/0,7919:1747647656423:,1747647667053
counter/6/0/0/0,7920:1747647656423:,1747647667053
counter/6/0/0/0,7921:1747647656423:,1747647667053
counter/6/0/0/0,7922:1747647656423:,1747647667053
counter/6/0/0/0,7923:1747647656424:,1747647667053
counter/6/0/0/0,7924:1747647656424:,1747647667053
counter/6/0/0/0,7925:1747647656424:,1747647667053
counter/6/0/0/0,7926:1747647656424:,1747647667053
counter/6/0/0/0,7927:1747647656424:,1747647667053
counter/6/0/0/0,7928:1747647656424:,1747647667053
counter/6/0/0/0,7929:1747647656424:,1747647667053
counter/6/0/0/0,7930:1747647656424:,1747647667053
counter/1/0/0/0,9600:1747647657017:,1747647667053
counter/6/0/0/0,7931:1747647656424:,1747647667053
counter/1/0/0/0,9601:1747647657017:,1747647667053
counter/1/0/0/0,9602:1747647657017:,1747647667053
counter/1/0/0/0,9603:1747647657017:,1747647667053
counter/5/0/0/0,8369:1747647655847:,1747647667053
counter/3/0/0/0,9127:1747647656713:,1747647667053
counter/5/0/0/0,8370:1747647655847:,1747647667053
counter/3/0/0/0,9128:1747647656713:,1747647667053
counter/3/0/0/0,9129:1747647656713:,1747647667053
counter/3/0/0/0,9130:1747647656713:,1747647667053
counter/1/0/0/0,9604:1747647657021:,1747647667054
counter/6/0/0/0,7932:1747647656430:,1747647667054
counter/4/0/0/0,8676:1747647656994:,1747647667054
counter/8/0/0/0,8664:1747647655824:,1747647667055
counter/5/0/0/0,8371:1747647655847:,1747647667055
counter/8/0/0/0,8665:1747647655824:,1747647667055
counter/4/0/0/0,8677:1747647656994:,1747647667056
counter/4/0/0/0,8678:1747647656994:,1747647667057
counter/3/0/0/0,9131:1747647656713:,1747647667057
counter/8/0/0/0,8666:1747647655824:,1747647667057
counter/9/0/0/0,8936:1747647656407:,1747647667058
counter/9/0/0/0,8937:1747647656407:,1747647667058
counter/9/0/0/0,8938:1747647656407:,1747647667058
counter/9/0/0/0,8939:1747647656408:,1747647667058
counter/9/0/0/0,8940:1747647656408:,1747647667058
counter/9/0/0/0,8941:1747647656408:,1747647667058
counter/5/0/0/0,8372:1747647655847:,1747647667058
counter/5/0/0/0,8373:1747647655847:,1747647667058
counter/3/0/0/0,9132:1747647656713:,1747647667058
counter/3/0/0/0,9133:1747647656721:,1747647667058
counter/3/0/0/0,9134:1747647656721:,1747647667058
counter/3/0/0/0,9135:1747647656729:,1747647667058
counter/3/0/0/0,9136:1747647656729:,1747647667058
counter/3/0/0/0,9137:1747647656729:,1747647667059
counter/3/0/0/0,9138:1747647656729:,1747647667059
counter/4/0/0/0,8679:1747647656994:,1747647667060
counter/4/0/0/0,8680:1747647657003:,1747647667060
counter/4/0/0/0,8681:1747647657006:,1747647667060
counter/4/0/0/0,8682:1747647657006:,1747647667061
counter/2/0/0/0,8400:1747647655420:,1747647667061
counter/4/0/0/0,8683:1747647657006:,1747647667061
counter/1/0/0/0,9605:1747647657021:,1747647667061
counter/1/0/0/0,9606:1747647657021:,1747647667061
counter/3/0/0/0,9139:1747647656729:,1747647667061
counter/3/0/0/0,9140:1747647656729:,1747647667061
counter/3/0/0/0,9141:1747647656729:,1747647667061
counter/3/0/0/0,9142:1747647656729:,1747647667061
counter/3/0/0/0,9143:1747647656729:,1747647667061
counter/3/0/0/0,9144:1747647656729:,1747647667061
counter/3/0/0/0,9145:1747647656729:,1747647667061
counter/5/0/0/0,8374:1747647655849:,1747647667062
counter/5/0/0/0,8375:1747647655849:,1747647667062
counter/9/0/0/0,8942:1747647656408:,1747647667062
counter/5/0/0/0,8376:1747647655850:,1747647667062
counter/5/0/0/0,8377:1747647655850:,1747647667062
counter/1/0/0/0,9607:1747647657021:,1747647667062
counter/5/0/0/0,8378:1747647655850:,1747647667062
counter/10/0/0/0,7999:1747647655749:,1747647667062
counter/10/0/0/0,8000:1747647655751:,1747647667062
counter/10/0/0/0,8001:1747647655754:,1747647667062
counter/10/0/0/0,8002:1747647655754:,1747647667062
counter/3/0/0/0,9146:1747647656729:,1747647667062
counter/3/0/0/0,9147:1747647656729:,1747647667062
counter/3/0/0/0,9148:1747647656729:,1747647667063
counter/3/0/0/0,9149:1747647656729:,1747647667063
counter/9/0/0/0,8943:1747647656409:,1747647667064
counter/4/0/0/0,8684:1747647657006:,1747647667064
counter/4/0/0/0,8685:1747647657006:,1747647667065
counter/3/0/0/0,9150:1747647656729:,1747647667065
counter/4/0/0/0,8686:1747647657006:,1747647667065
counter/2/0/0/0,8401:1747647655421:,1747647667065
counter/4/0/0/0,8687:1747647657006:,1747647667065
counter/2/0/0/0,8402:1747647655421:,1747647667065
counter/2/0/0/0,8403:1747647655421:,1747647667065
counter/2/0/0/0,8404:1747647655421:,1747647667065
counter/2/0/0/0,8405:1747647655421:,1747647667065
counter/1/0/0/0,9608:1747647657021:,1747647667065
counter/3/0/0/0,9151:1747647656729:,1747647667065
counter/9/0/0/0,8944:1747647656409:,1747647667066
counter/5/0/0/0,8379:1747647655850:,1747647667066
counter/8/0/0/0,8667:1747647655824:,1747647667066
counter/7/0/0/0,8444:1747647656496:,1747647667068
counter/7/0/0/0,8445:1747647656496:,1747647667068
counter/7/0/0/0,8446:1747647656496:,1747647667068
counter/7/0/0/0,8447:1747647656496:,1747647667068
counter/7/0/0/0,8448:1747647656497:,1747647667068
counter/7/0/0/0,8449:1747647656497:,1747647667068
counter/10/0/0/0,8003:1747647655754:,1747647667068
counter/8/0/0/0,8668:1747647655824:,1747647667069
counter/8/0/0/0,8669:1747647655824:,1747647667069
counter/8/0/0/0,8670:1747647655824:,1747647667069
counter/8/0/0/0,8671:1747647655824:,1747647667069
counter/3/0/0/0,9152:1747647656729:,1747647667069
counter/1/0/0/0,9609:1747647657021:,1747647667069
counter/3/0/0/0,9153:1747647656729:,1747647667069
counter/5/0/0/0,8380:1747647655850:,1747647667069
counter/5/0/0/0,8381:1747647655850:,1747647667069
counter/5/0/0/0,8382:1747647655850:,1747647667069
counter/5/0/0/0,8383:1747647655850:,1747647667069
counter/5/0/0/0,8384:1747647655854:,1747647667069
counter/7/0/0/0,8450:1747647656497:,1747647667070
counter/3/0/0/0,9154:1747647656729:,1747647667070
counter/3/0/0/0,9155:1747647656729:,1747647667070
counter/3/0/0/0,9156:1747647656729:,1747647667070
counter/3/0/0/0,9157:1747647656729:,1747647667070
counter/3/0/0/0,9158:1747647656730:,1747647667070
counter/3/0/0/0,9159:1747647656732:,1747647667070
counter/3/0/0/0,9160:1747647656732:,1747647667070
counter/3/0/0/0,9161:1747647656732:,1747647667070
counter/3/0/0/0,9162:1747647656732:,1747647667070
counter/3/0/0/0,9163:1747647656732:,1747647667070
counter/3/0/0/0,9164:1747647656732:,1747647667070
counter/3/0/0/0,9165:1747647656732:,1747647667070
counter/3/0/0/0,9166:1747647656732:,1747647667070
counter/3/0/0/0,9167:1747647656735:,1747647667070
counter/3/0/0/0,9168:1747647656735:,1747647667070
counter/3/0/0/0,9169:1747647656735:,1747647667071
counter/3/0/0/0,9170:1747647656735:,1747647667071
counter/1/0/0/0,9610:1747647657021:,1747647667071
counter/2/0/0/0,8406:1747647655421:,1747647667071
counter/8/0/0/0,8672:1747647655824:,1747647667071
counter/8/0/0/0,8673:1747647655824:,1747647667071
counter/8/0/0/0,8674:1747647655824:,1747647667071
counter/8/0/0/0,8675:1747647655824:,1747647667071
counter/4/0/0/0,8688:1747647657006:,1747647667071
counter/8/0/0/0,8676:1747647655824:,1747647667072
counter/4/0/0/0,8689:1747647657006:,1747647667072
counter/8/0/0/0,8677:1747647655824:,1747647667072
counter/8/0/0/0,8678:1747647655824:,1747647667072
counter/4/0/0/0,8690:1747647657006:,1747647667073
counter/4/0/0/0,8691:1747647657006:,1747647667073
counter/4/0/0/0,8692:1747647657006:,1747647667073
counter/4/0/0/0,8693:1747647657006:,1747647667073
counter/4/0/0/0,8694:1747647657006:,1747647667073
counter/4/0/0/0,8695:1747647657006:,1747647667073
counter/4/0/0/0,8696:1747647657006:,1747647667073
counter/4/0/0/0,8697:1747647657007:,1747647667073
counter/4/0/0/0,8698:1747647657007:,1747647667073
counter/4/0/0/0,8699:1747647657007:,1747647667073
counter/4/0/0/0,8700:1747647657007:,1747647667073
counter/4/0/0/0,8701:1747647657007:,1747647667073
counter/4/0/0/0,8702:1747647657008:,1747647667073
counter/4/0/0/0,8703:1747647657009:,1747647667073
counter/2/0/0/0,8407:1747647655421:,1747647667073
counter/8/0/0/0,8679:1747647655824:,1747647667074
counter/1/0/0/0,9611:1747647657021:,1747647667074
counter/7/0/0/0,8451:1747647656497:,1747647667074
counter/6/0/0/0,7933:1747647656430:,1747647667074
counter/4/0/0/0,8704:1747647657009:,1747647667074
counter/6/0/0/0,7934:1747647656430:,1747647667074
counter/9/0/0/0,8945:1747647656409:,1747647667074
counter/9/0/0/0,8946:1747647656409:,1747647667074
counter/5/0/0/0,8385:1747647655854:,1747647667074
counter/3/0/0/0,9171:1747647656735:,1747647667074
counter/5/0/0/0,8386:1747647655854:,1747647667075
counter/2/0/0/0,8408:1747647655421:,1747647667076
counter/2/0/0/0,8409:1747647655421:,1747647667076
counter/2/0/0/0,8410:1747647655424:,1747647667076
counter/2/0/0/0,8411:1747647655424:,1747647667076
counter/2/0/0/0,8412:1747647655425:,1747647667076
counter/2/0/0/0,8413:1747647655425:,1747647667076
counter/2/0/0/0,8414:1747647655425:,1747647667076
counter/5/0/0/0,8387:1747647655855:,1747647667076
counter/5/0/0/0,8388:1747647655855:,1747647667076
counter/5/0/0/0,8389:1747647655855:,1747647667076
counter/5/0/0/0,8390:1747647655855:,1747647667076
counter/5/0/0/0,8391:1747647655856:,1747647667076
counter/5/0/0/0,8392:1747647655856:,1747647667076
counter/4/0/0/0,8705:1747647657009:,1747647667076
counter/7/0/0/0,8452:1747647656497:,1747647667077
counter/4/0/0/0,8706:1747647657009:,1747647667078
counter/6/0/0/0,7935:1747647656430:,1747647667078
counter/6/0/0/0,7936:1747647656431:,1747647667078
counter/6/0/0/0,7937:1747647656431:,1747647667078
counter/6/0/0/0,7938:1747647656431:,1747647667078
counter/6/0/0/0,7939:1747647656431:,1747647667078
counter/6/0/0/0,7940:1747647656431:,1747647667078
counter/9/0/0/0,8947:1747647656409:,1747647667078
counter/4/0/0/0,8707:1747647657009:,1747647667078
counter/4/0/0/0,8708:1747647657009:,1747647667078
counter/2/0/0/0,8415:1747647655425:,1747647667079
counter/4/0/0/0,8709:1747647657009:,1747647667079
counter/5/0/0/0,8393:1747647655856:,1747647667079
counter/6/0/0/0,7941:1747647656431:,1747647667080
counter/6/0/0/0,7942:1747647656431:,1747647667080
counter/6/0/0/0,7943:1747647656431:,1747647667080
counter/6/0/0/0,7944:1747647656431:,1747647667080
counter/6/0/0/0,7945:1747647656431:,1747647667080
counter/6/0/0/0,7946:1747647656431:,1747647667080
counter/6/0/0/0,7947:1747647656442:,1747647667080
counter/6/0/0/0,7948:1747647656442:,1747647667080
counter/6/0/0/0,7949:1747647656442:,1747647667080
counter/6/0/0/0,7950:1747647656442:,1747647667080
counter/6/0/0/0,7951:1747647656442:,1747647667080
counter/6/0/0/0,7952:1747647656446:,1747647667080
counter/3/0/0/0,9172:1747647656735:,1747647667081
counter/2/0/0/0,8416:1747647655425:,1747647667081
counter/7/0/0/0,8453:1747647656497:,1747647667082
counter/7/0/0/0,8454:1747647656497:,1747647667082
counter/7/0/0/0,8455:1747647656500:,1747647667082
counter/7/0/0/0,8456:1747647656500:,1747647667082
counter/9/0/0/0,8948:1747647656409:,1747647667082
counter/7/0/0/0,8457:1747647656500:,1747647667082
counter/3/0/0/0,9173:1747647656735:,1747647667082
counter/2/0/0/0,8417:1747647655425:,1747647667082
counter/10/0/0/0,8004:1747647655754:,1747647667082
counter/2/0/0/0,8418:1747647655425:,1747647667082
counter/5/0/0/0,8394:1747647655856:,1747647667083
counter/4/0/0/0,8710:1747647657009:,1747647667083
counter/1/0/0/0,9612:1747647657021:,1747647667083
counter/2/0/0/0,8419:1747647655425:,1747647667083
counter/8/0/0/0,8680:1747647655824:,1747647667084
counter/8/0/0/0,8681:1747647655824:,1747647667085
counter/10/0/0/0,8005:1747647655754:,1747647667085
counter/8/0/0/0,8682:1747647655824:,1747647667085
counter/8/0/0/0,8683:1747647655824:,1747647667085
counter/8/0/0/0,8684:1747647655824:,1747647667085
counter/8/0/0/0,8685:1747647655835:,1747647667085
counter/1/0/0/0,9613:1747647657021:,1747647667085
counter/5/0/0/0,8395:1747647655856:,1747647667085
counter/5/0/0/0,8396:1747647655856:,1747647667085
counter/5/0/0/0,8397:1747647655856:,1747647667085
counter/5/0/0/0,8398:1747647655856:,1747647667085
counter/5/0/0/0,8399:1747647655856:,1747647667085
counter/8/0/0/0,8686:1747647655836:,1747647667085
counter/8/0/0/0,8687:1747647655836:,1747647667085
counter/8/0/0/0,8688:1747647655836:,1747647667085
counter/8/0/0/0,8689:1747647655836:,1747647667085
counter/8/0/0/0,8690:1747647655836:,1747647667086
counter/6/0/0/0,7953:1747647656446:,1747647667086
counter/6/0/0/0,7954:1747647656446:,1747647667087
counter/4/0/0/0,8711:1747647657009:,1747647667087
counter/4/0/0/0,8712:1747647657009:,1747647667087
counter/4/0/0/0,8713:1747647657024:,1747647667087
counter/4/0/0/0,8714:1747647657025:,1747647667087
counter/4/0/0/0,8715:1747647657025:,1747647667087
counter/9/0/0/0,8949:1747647656409:,1747647667087
counter/9/0/0/0,8950:1747647656409:,1747647667087
counter/9/0/0/0,8951:1747647656409:,1747647667087
counter/9/0/0/0,8952:1747647656409:,1747647667087
counter/9/0/0/0,8953:1747647656409:,1747647667087
counter/10/0/0/0,8006:1747647655754:,1747647667087
counter/10/0/0/0,8007:1747647655754:,1747647667087
counter/10/0/0/0,8008:1747647655754:,1747647667087
counter/10/0/0/0,8009:1747647655754:,1747647667087
counter/10/0/0/0,8010:1747647655754:,1747647667087
counter/8/0/0/0,8691:1747647655836:,1747647667088
counter/8/0/0/0,8692:1747647655836:,1747647667088
counter/4/0/0/0,8716:1747647657025:,1747647667088
counter/4/0/0/0,8717:1747647657025:,1747647667088
counter/4/0/0/0,8718:1747647657025:,1747647667088
counter/4/0/0/0,8719:1747647657025:,1747647667088
counter/4/0/0/0,8720:1747647657025:,1747647667088
counter/4/0/0/0,8721:1747647657025:,1747647667088
counter/4/0/0/0,8722:1747647657025:,1747647667088
counter/4/0/0/0,8723:1747647657032:,1747647667088
counter/2/0/0/0,8420:1747647655425:,1747647667088
counter/5/0/0/0,8400:1747647655856:,1747647667088
counter/9/0/0/0,8954:1747647656409:,1747647667088
counter/5/0/0/0,8401:1747647655859:,1747647667088
counter/10/0/0/0,8011:1747647655754:,1747647667088
counter/10/0/0/0,8012:1747647655767:,1747647667088
counter/10/0/0/0,8013:1747647655767:,1747647667088
counter/10/0/0/0,8014:1747647655767:,1747647667088
counter/10/0/0/0,8015:1747647655767:,1747647667088
counter/10/0/0/0,8016:1747647655767:,1747647667088
counter/10/0/0/0,8017:1747647655771:,1747647667089
counter/1/0/0/0,9614:1747647657021:,1747647667089
counter/4/0/0/0,8724:1747647657032:,1747647667089
counter/4/0/0/0,8725:1747647657032:,1747647667089
counter/6/0/0/0,7955:1747647656446:,1747647667089
counter/6/0/0/0,7956:1747647656446:,1747647667089
counter/6/0/0/0,7957:1747647656446:,1747647667089
counter/6/0/0/0,7958:1747647656446:,1747647667089
counter/6/0/0/0,7959:1747647656446:,1747647667089
counter/6/0/0/0,7960:1747647656449:,1747647667090
counter/6/0/0/0,7961:1747647656450:,1747647667090
counter/6/0/0/0,7962:1747647656450:,1747647667090
counter/6/0/0/0,7963:1747647656450:,1747647667090
counter/6/0/0/0,7964:1747647656450:,1747647667090
counter/9/0/0/0,8955:1747647656409:,1747647667090
counter/6/0/0/0,7965:1747647656450:,1747647667090
counter/6/0/0/0,7966:1747647656450:,1747647667090
counter/9/0/0/0,8956:1747647656409:,1747647667090
counter/5/0/0/0,8402:1747647655867:,1747647667090
counter/9/0/0/0,8957:1747647656409:,1747647667090
counter/9/0/0/0,8958:1747647656410:,1747647667090
counter/9/0/0/0,8959:1747647656410:,1747647667090
counter/7/0/0/0,8458:1747647656500:,1747647667090
counter/6/0/0/0,7967:1747647656450:,1747647667090
counter/8/0/0/0,8693:1747647655836:,1747647667090
counter/8/0/0/0,8694:1747647655836:,1747647667090
counter/8/0/0/0,8695:1747647655839:,1747647667091
counter/8/0/0/0,8696:1747647655839:,1747647667091
counter/8/0/0/0,8697:1747647655839:,1747647667091
counter/8/0/0/0,8698:1747647655839:,1747647667091
counter/8/0/0/0,8699:1747647655839:,1747647667091
counter/8/0/0/0,8700:1747647655842:,1747647667091
counter/8/0/0/0,8701:1747647655842:,1747647667091
counter/8/0/0/0,8702:1747647655842:,1747647667091
counter/1/0/0/0,9615:1747647657021:,1747647667091
counter/10/0/0/0,8018:1747647655771:,1747647667091
counter/10/0/0/0,8019:1747647655771:,1747647667091
counter/10/0/0/0,8020:1747647655771:,1747647667091
counter/10/0/0/0,8021:1747647655771:,1747647667091
counter/3/0/0/0,9174:1747647656737:,1747647667092
counter/7/0/0/0,8459:1747647656500:,1747647667092
counter/2/0/0/0,8421:1747647655427:,1747647667092
counter/8/0/0/0,8703:1747647655842:,1747647667093
counter/4/0/0/0,8726:1747647657032:,1747647667093
counter/4/0/0/0,8727:1747647657032:,1747647667093
counter/4/0/0/0,8728:1747647657032:,1747647667093
counter/4/0/0/0,8729:1747647657032:,1747647667093
counter/4/0/0/0,8730:1747647657032:,1747647667093
counter/4/0/0/0,8731:1747647657032:,1747647667093
counter/10/0/0/0,8022:1747647655771:,1747647667094
counter/3/0/0/0,9175:1747647656741:,1747647667094
counter/3/0/0/0,9176:1747647656741:,1747647667095
counter/3/0/0/0,9177:1747647656741:,1747647667095
counter/3/0/0/0,9178:1747647656741:,1747647667095
counter/3/0/0/0,9179:1747647656741:,1747647667095
counter/3/0/0/0,9180:1747647656741:,1747647667095
counter/3/0/0/0,9181:1747647656741:,1747647667095
counter/3/0/0/0,9182:1747647656741:,1747647667095
counter/3/0/0/0,9183:1747647656741:,1747647667095
counter/4/0/0/0,8732:1747647657032:,1747647667095
counter/4/0/0/0,8733:1747647657032:,1747647667095
counter/4/0/0/0,8734:1747647657032:,1747647667095
counter/2/0/0/0,8422:1747647655427:,1747647667095
counter/2/0/0/0,8423:1747647655427:,1747647667096
counter/2/0/0/0,8424:1747647655427:,1747647667096
counter/2/0/0/0,8425:1747647655427:,1747647667096
counter/2/0/0/0,8426:1747647655427:,1747647667096
counter/2/0/0/0,8427:1747647655427:,1747647667096
counter/9/0/0/0,8960:1747647656410:,1747647667096
counter/9/0/0/0,8961:1747647656410:,1747647667096
counter/9/0/0/0,8962:1747647656411:,1747647667096
counter/9/0/0/0,8963:1747647656411:,1747647667096
counter/9/0/0/0,8964:1747647656411:,1747647667096
counter/4/0/0/0,8735:1747647657038:,1747647667097
counter/2/0/0/0,8428:1747647655427:,1747647667097
counter/2/0/0/0,8429:1747647655434:,1747647667097
counter/2/0/0/0,8430:1747647655435:,1747647667097
counter/2/0/0/0,8431:1747647655435:,1747647667097
counter/2/0/0/0,8432:1747647655435:,1747647667097
counter/2/0/0/0,8433:1747647655435:,1747647667097
counter/2/0/0/0,8434:1747647655435:,1747647667097
counter/2/0/0/0,8435:1747647655435:,1747647667098
counter/2/0/0/0,8436:1747647655435:,1747647667098
counter/3/0/0/0,9184:1747647656741:,1747647667098
counter/2/0/0/0,8437:1747647655435:,1747647667098
counter/4/0/0/0,8736:1747647657038:,1747647667100
counter/4/0/0/0,8737:1747647657038:,1747647667100
counter/6/0/0/0,7968:1747647656450:,1747647667100
counter/4/0/0/0,8738:1747647657038:,1747647667100
counter/5/0/0/0,8403:1747647655873:,1747647667101
counter/3/0/0/0,9185:1747647656741:,1747647667101
counter/6/0/0/0,7969:1747647656450:,1747647667101
counter/6/0/0/0,7970:1747647656450:,1747647667101
counter/6/0/0/0,7971:1747647656450:,1747647667102
counter/7/0/0/0,8460:1747647656500:,1747647667102
counter/7/0/0/0,8461:1747647656501:,1747647667102
counter/7/0/0/0,8462:1747647656501:,1747647667102
counter/7/0/0/0,8463:1747647656501:,1747647667102
counter/7/0/0/0,8464:1747647656501:,1747647667102
counter/7/0/0/0,8465:1747647656501:,1747647667102
counter/7/0/0/0,8466:1747647656501:,1747647667102
counter/7/0/0/0,8467:1747647656501:,1747647667102
counter/7/0/0/0,8468:1747647656501:,1747647667102
counter/7/0/0/0,8469:1747647656501:,1747647667102
counter/7/0/0/0,8470:1747647656501:,1747647667102
counter/7/0/0/0,8471:1747647656501:,1747647667102
counter/7/0/0/0,8472:1747647656501:,1747647667102
counter/7/0/0/0,8473:1747647656501:,1747647667103
counter/8/0/0/0,8704:1747647655842:,1747647667103
counter/7/0/0/0,8474:1747647656501:,1747647667103
counter/8/0/0/0,8705:1747647655842:,1747647667103
counter/7/0/0/0,8475:1747647656501:,1747647667103
counter/7/0/0/0,8476:1747647656501:,1747647667103
counter/1/0/0/0,9616:1747647657021:,1747647667103
counter/10/0/0/0,8023:1747647655771:,1747647667103
counter/10/0/0/0,8024:1747647655771:,1747647667103
counter/10/0/0/0,8025:1747647655771:,1747647667103
counter/10/0/0/0,8026:1747647655771:,1747647667103
counter/10/0/0/0,8027:1747647655771:,1747647667103
counter/10/0/0/0,8028:1747647655771:,1747647667103
counter/10/0/0/0,8029:1747647655771:,1747647667103
counter/10/0/0/0,8030:1747647655771:,1747647667103
counter/10/0/0/0,8031:1747647655771:,1747647667103
counter/10/0/0/0,8032:1747647655771:,1747647667104
counter/10/0/0/0,8033:1747647655771:,1747647667104
counter/10/0/0/0,8034:1747647655772:,1747647667104
counter/10/0/0/0,8035:1747647655772:,1747647667104
counter/2/0/0/0,8438:1747647655435:,1747647667104
counter/5/0/0/0,8404:1747647655873:,1747647667105
counter/5/0/0/0,8405:1747647655873:,1747647667105
counter/5/0/0/0,8406:1747647655873:,1747647667105
counter/5/0/0/0,8407:1747647655873:,1747647667105
counter/5/0/0/0,8408:1747647655873:,1747647667105
counter/2/0/0/0,8439:1747647655435:,1747647667105
counter/2/0/0/0,8440:1747647655435:,1747647667105
counter/2/0/0/0,8441:1747647655435:,1747647667105
counter/2/0/0/0,8442:1747647655435:,1747647667105
counter/2/0/0/0,8443:1747647655435:,1747647667105
counter/5/0/0/0,8409:1747647655873:,1747647667106
counter/2/0/0/0,8444:1747647655453:,1747647667106
counter/5/0/0/0,8410:1747647655874:,1747647667106
counter/2/0/0/0,8445:1747647655453:,1747647667106
counter/4/0/0/0,8739:1747647657038:,1747647667107
counter/7/0/0/0,8477:1747647656501:,1747647667107
counter/10/0/0/0,8036:1747647655772:,1747647667107
counter/5/0/0/0,8411:1747647655874:,1747647667108
counter/10/0/0/0,8037:1747647655772:,1747647667108
counter/3/0/0/0,9186:1747647656753:,1747647667109
counter/8/0/0/0,8706:1747647655842:,1747647667109
counter/3/0/0/0,9187:1747647656753:,1747647667109
counter/8/0/0/0,8707:1747647655842:,1747647667109
counter/6/0/0/0,7972:1747647656450:,1747647667109
counter/7/0/0/0,8478:1747647656501:,1747647667110
counter/8/0/0/0,8708:1747647655842:,1747647667110
counter/7/0/0/0,8479:1747647656501:,1747647667110
counter/5/0/0/0,8412:1747647655874:,1747647667110
counter/7/0/0/0,8480:1747647656501:,1747647667111
counter/7/0/0/0,8481:1747647656501:,1747647667111
counter/1/0/0/0,9617:1747647657022:,1747647667111
counter/7/0/0/0,8482:1747647656501:,1747647667111
counter/1/0/0/0,9618:1747647657022:,1747647667111
counter/7/0/0/0,8483:1747647656501:,1747647667111
counter/7/0/0/0,8484:1747647656501:,1747647667111
counter/3/0/0/0,9188:1747647656753:,1747647667111
counter/3/0/0/0,9189:1747647656753:,1747647667111
counter/3/0/0/0,9190:1747647656753:,1747647667112
counter/3/0/0/0,9191:1747647656753:,1747647667112
counter/3/0/0/0,9192:1747647656753:,1747647667112
counter/3/0/0/0,9193:1747647656753:,1747647667112
counter/3/0/0/0,9194:1747647656753:,1747647667112
counter/3/0/0/0,9195:1747647656753:,1747647667112
counter/3/0/0/0,9196:1747647656753:,1747647667112
counter/3/0/0/0,9197:1747647656753:,1747647667112
counter/3/0/0/0,9198:1747647656753:,1747647667112
counter/9/0/0/0,8965:1747647656411:,1747647667112
counter/9/0/0/0,8966:1747647656412:,1747647667112
counter/9/0/0/0,8967:1747647656413:,1747647667112
counter/10/0/0/0,8038:1747647655772:,1747647667113
counter/10/0/0/0,8039:1747647655772:,1747647667113
counter/7/0/0/0,8485:1747647656501:,1747647667113
counter/8/0/0/0,8709:1747647655842:,1747647667113
counter/8/0/0/0,8710:1747647655842:,1747647667113
counter/8/0/0/0,8711:1747647655842:,1747647667113
counter/3/0/0/0,9199:1747647656753:,1747647667113
counter/8/0/0/0,8712:1747647655847:,1747647667113
counter/8/0/0/0,8713:1747647655847:,1747647667113
counter/8/0/0/0,8714:1747647655847:,1747647667113
counter/8/0/0/0,8715:1747647655847:,1747647667114
counter/8/0/0/0,8716:1747647655847:,1747647667114
counter/8/0/0/0,8717:1747647655847:,1747647667114
counter/4/0/0/0,8740:1747647657038:,1747647667114
counter/8/0/0/0,8718:1747647655847:,1747647667114
counter/4/0/0/0,8741:1747647657038:,1747647667114
counter/8/0/0/0,8719:1747647655847:,1747647667114
counter/4/0/0/0,8742:1747647657038:,1747647667115
counter/8/0/0/0,8720:1747647655847:,1747647667115
counter/4/0/0/0,8743:1747647657038:,1747647667115
counter/8/0/0/0,8721:1747647655848:,1747647667115
counter/4/0/0/0,8744:1747647657038:,1747647667115
counter/6/0/0/0,7973:1747647656461:,1747647667115
counter/8/0/0/0,8722:1747647655848:,1747647667115
counter/2/0/0/0,8446:1747647655453:,1747647667115
counter/2/0/0/0,8447:1747647655453:,1747647667115
counter/2/0/0/0,8448:1747647655453:,1747647667115
counter/2/0/0/0,8449:1747647655453:,1747647667115
counter/7/0/0/0,8486:1747647656501:,1747647667115
counter/8/0/0/0,8723:1747647655848:,1747647667116
counter/8/0/0/0,8724:1747647655848:,1747647667116
counter/9/0/0/0,8968:1747647656413:,1747647667116
counter/8/0/0/0,8725:1747647655848:,1747647667116
counter/8/0/0/0,8726:1747647655848:,1747647667116
counter/8/0/0/0,8727:1747647655848:,1747647667116
counter/3/0/0/0,9200:1747647656753:,1747647667117
counter/3/0/0/0,9201:1747647656756:,1747647667117
counter/7/0/0/0,8487:1747647656501:,1747647667117
counter/3/0/0/0,9202:1747647656756:,1747647667117
counter/7/0/0/0,8488:1747647656501:,1747647667117
counter/7/0/0/0,8489:1747647656501:,1747647667117
counter/4/0/0/0,8745:1747647657038:,1747647667117
counter/7/0/0/0,8490:1747647656501:,1747647667117
counter/7/0/0/0,8491:1747647656501:,1747647667117
counter/5/0/0/0,8413:1747647655874:,1747647667118
counter/5/0/0/0,8414:1747647655874:,1747647667119
counter/3/0/0/0,9203:1747647656756:,1747647667119
counter/1/0/0/0,9619:1747647657022:,1747647667119
counter/5/0/0/0,8415:1747647655874:,1747647667120
counter/3/0/0/0,9204:1747647656756:,1747647667120
counter/9/0/0/0,8969:1747647656413:,1747647667120
counter/2/0/0/0,8450:1747647655453:,1747647667121
counter/3/0/0/0,9205:1747647656762:,1747647667121
counter/9/0/0/0,8970:1747647656414:,1747647667121
counter/4/0/0/0,8746:1747647657039:,1747647667122
counter/5/0/0/0,8416:1747647655874:,1747647667122
counter/5/0/0/0,8417:1747647655878:,1747647667122
counter/5/0/0/0,8418:1747647655880:,1747647667122
counter/5/0/0/0,8419:1747647655880:,1747647667122
counter/1/0/0/0,9620:1747647657022:,1747647667122
counter/9/0/0/0,8971:1747647656414:,1747647667122
counter/1/0/0/0,9621:1747647657029:,1747647667123
counter/1/0/0/0,9622:1747647657029:,1747647667123
counter/1/0/0/0,9623:1747647657029:,1747647667123
counter/1/0/0/0,9624:1747647657040:,1747647667123
counter/1/0/0/0,9625:1747647657041:,1747647667123
counter/6/0/0/0,7974:1747647656462:,1747647667123
counter/8/0/0/0,8728:1747647655855:,1747647667123
counter/3/0/0/0,9206:1747647656762:,1747647667124
counter/5/0/0/0,8420:1747647655880:,1747647667124
counter/5/0/0/0,8421:1747647655880:,1747647667124
counter/5/0/0/0,8422:1747647655880:,1747647667124
counter/9/0/0/0,8972:1747647656414:,1747647667124
counter/1/0/0/0,9626:1747647657041:,1747647667125
counter/1/0/0/0,9627:1747647657041:,1747647667125
counter/1/0/0/0,9628:1747647657041:,1747647667125
counter/9/0/0/0,8973:1747647656414:,1747647667125
counter/1/0/0/0,9629:1747647657041:,1747647667125
counter/1/0/0/0,9630:1747647657041:,1747647667125
counter/6/0/0/0,7975:1747647656462:,1747647667125
counter/1/0/0/0,9631:1747647657041:,1747647667125
counter/6/0/0/0,7976:1747647656462:,1747647667125
counter/6/0/0/0,7977:1747647656462:,1747647667125
counter/6/0/0/0,7978:1747647656462:,1747647667125
counter/6/0/0/0,7979:1747647656465:,1747647667125
counter/6/0/0/0,7980:1747647656465:,1747647667125
counter/4/0/0/0,8747:1747647657039:,1747647667125
counter/2/0/0/0,8451:1747647655453:,1747647667125
counter/1/0/0/0,9632:1747647657041:,1747647667127
counter/5/0/0/0,8423:1747647655880:,1747647667127
counter/7/0/0/0,8492:1747647656501:,1747647667127
counter/5/0/0/0,8424:1747647655882:,1747647667127
counter/5/0/0/0,8425:1747647655882:,1747647667127
counter/2/0/0/0,8452:1747647655453:,1747647667128
counter/4/0/0/0,8748:1747647657039:,1747647667128
counter/3/0/0/0,9207:1747647656762:,1747647667128
counter/7/0/0/0,8493:1747647656502:,1747647667134
counter/8/0/0/0,8729:1747647655855:,1747647667134
counter/6/0/0/0,7981:1747647656466:,1747647667134
counter/6/0/0/0,7982:1747647656466:,1747647667134
counter/3/0/0/0,9208:1747647656762:,1747647667135
counter/3/0/0/0,9209:1747647656762:,1747647667135
counter/3/0/0/0,9210:1747647656762:,1747647667135
counter/3/0/0/0,9211:1747647656762:,1747647667135
counter/3/0/0/0,9212:1747647656762:,1747647667135
counter/3/0/0/0,9213:1747647656764:,1747647667135
counter/6/0/0/0,7983:1747647656466:,1747647667135
counter/6/0/0/0,7984:1747647656473:,1747647667135
counter/6/0/0/0,7985:1747647656480:,1747647667135
counter/6/0/0/0,7986:1747647656480:,1747647667135
counter/6/0/0/0,7987:1747647656480:,1747647667135
counter/6/0/0/0,7988:1747647656480:,1747647667135
counter/6/0/0/0,7989:1747647656480:,1747647667135
counter/1/0/0/0,9633:1747647657041:,1747647667136
counter/7/0/0/0,8494:1747647656502:,1747647667136
counter/9/0/0/0,8974:1747647656414:,1747647667136
counter/9/0/0/0,8975:1747647656414:,1747647667136
counter/9/0/0/0,8976:1747647656414:,1747647667136
counter/5/0/0/0,8426:1747647655884:,1747647667136
counter/8/0/0/0,8730:1747647655855:,1747647667136
counter/8/0/0/0,8731:1747647655855:,1747647667136
counter/8/0/0/0,8732:1747647655855:,1747647667136
counter/6/0/0/0,7990:1747647656480:,1747647667136
counter/4/0/0/0,8749:1747647657039:,1747647667136
counter/2/0/0/0,8453:1747647655453:,1747647667136
counter/4/0/0/0,8750:1747647657039:,1747647667138
counter/4/0/0/0,8751:1747647657039:,1747647667138
counter/4/0/0/0,8752:1747647657039:,1747647667138
counter/4/0/0/0,8753:1747647657039:,1747647667138
counter/4/0/0/0,8754:1747647657039:,1747647667138
counter/4/0/0/0,8755:1747647657039:,1747647667138
counter/4/0/0/0,8756:1747647657039:,1747647667138
counter/6/0/0/0,7991:1747647656480:,1747647667139
counter/6/0/0/0,7992:1747647656481:,1747647667139
counter/6/0/0/0,7993:1747647656481:,1747647667139
counter/6/0/0/0,7994:1747647656481:,1747647667139
counter/7/0/0/0,8495:1747647656502:,1747647667139
counter/8/0/0/0,8733:1747647655855:,1747647667140
counter/5/0/0/0,8427:1747647655884:,1747647667140
counter/5/0/0/0,8428:1747647655884:,1747647667140
counter/5/0/0/0,8429:1747647655884:,1747647667140
counter/5/0/0/0,8430:1747647655884:,1747647667140
counter/9/0/0/0,8977:1747647656414:,1747647667141
counter/1/0/0/0,9634:1747647657041:,1747647667141
counter/1/0/0/0,9635:1747647657041:,1747647667141
counter/1/0/0/0,9636:1747647657041:,1747647667141
counter/1/0/0/0,9637:1747647657041:,1747647667141
counter/1/0/0/0,9638:1747647657041:,1747647667141
counter/1/0/0/0,9639:1747647657048:,1747647667141
counter/1/0/0/0,9640:1747647657049:,1747647667141
counter/1/0/0/0,9641:1747647657049:,1747647667141
counter/10/0/0/0,8040:1747647655772:,1747647667141
counter/1/0/0/0,9642:1747647657049:,1747647667141
counter/2/0/0/0,8454:1747647655453:,1747647667141
counter/6/0/0/0,7995:1747647656481:,1747647667142
counter/6/0/0/0,7996:1747647656495:,1747647667142
counter/7/0/0/0,8496:1747647656502:,1747647667143
counter/7/0/0/0,8497:1747647656502:,1747647667143
counter/7/0/0/0,8498:1747647656502:,1747647667143
counter/7/0/0/0,8499:1747647656502:,1747647667143
counter/7/0/0/0,8500:1747647656502:,1747647667143
counter/7/0/0/0,8501:1747647656502:,1747647667143
counter/8/0/0/0,8734:1747647655856:,1747647667143
counter/1/0/0/0,9643:1747647657049:,1747647667144
counter/1/0/0/0,9644:1747647657049:,1747647667144
counter/8/0/0/0,8735:1747647655856:,1747647667145
counter/1/0/0/0,9645:1747647657049:,1747647667145
counter/5/0/0/0,8431:1747647655884:,1747647667145
counter/1/0/0/0,9646:1747647657049:,1747647667145
counter/6/0/0/0,7997:1747647656495:,1747647667145
counter/1/0/0/0,9647:1747647657049:,1747647667145
counter/5/0/0/0,8432:1747647655884:,1747647667145
counter/1/0/0/0,9648:1747647657049:,1747647667145
counter/9/0/0/0,8978:1747647656414:,1747647667145
counter/9/0/0/0,8979:1747647656414:,1747647667145
counter/9/0/0/0,8980:1747647656419:,1747647667145
counter/4/0/0/0,8757:1747647657039:,1747647667145
counter/4/0/0/0,8758:1747647657039:,1747647667145
counter/4/0/0/0,8759:1747647657039:,1747647667145
counter/4/0/0/0,8760:1747647657039:,1747647667145
counter/4/0/0/0,8761:1747647657039:,1747647667145
counter/4/0/0/0,8762:1747647657039:,1747647667145
counter/4/0/0/0,8763:1747647657039:,1747647667145
counter/4/0/0/0,8764:1747647657039:,1747647667145
counter/4/0/0/0,8765:1747647657039:,1747647667145
counter/4/0/0/0,8766:1747647657039:,1747647667145
counter/4/0/0/0,8767:1747647657039:,1747647667145
counter/4/0/0/0,8768:1747647657039:,1747647667145
counter/1/0/0/0,9649:1747647657049:,1747647667145
counter/8/0/0/0,8736:1747647655856:,1747647667146
counter/1/0/0/0,9650:1747647657049:,1747647667147
counter/6/0/0/0,7998:1747647656495:,1747647667147
counter/1/0/0/0,9651:1747647657049:,1747647667147
counter/6/0/0/0,7999:1747647656495:,1747647667147
counter/6/0/0/0,8000:1747647656496:,1747647667147
counter/6/0/0/0,8001:1747647656496:,1747647667147
counter/6/0/0/0,8002:1747647656496:,1747647667147
counter/6/0/0/0,8003:1747647656496:,1747647667147
counter/6/0/0/0,8004:1747647656500:,1747647667147
counter/6/0/0/0,8005:1747647656513:,1747647667147
counter/6/0/0/0,8006:1747647656513:,1747647667147
counter/7/0/0/0,8502:1747647656506:,1747647667147
counter/10/0/0/0,8041:1747647655772:,1747647667148
counter/10/0/0/0,8042:1747647655772:,1747647667148
counter/10/0/0/0,8043:1747647655772:,1747647667148
counter/10/0/0/0,8044:1747647655772:,1747647667148
counter/2/0/0/0,8455:1747647655454:,1747647667148
counter/2/0/0/0,8456:1747647655454:,1747647667148
counter/1/0/0/0,9652:1747647657049:,1747647667148
counter/1/0/0/0,9653:1747647657049:,1747647667148
counter/3/0/0/0,9214:1747647656764:,1747647667148
counter/3/0/0/0,9215:1747647656764:,1747647667148
counter/3/0/0/0,9216:1747647656764:,1747647667148
counter/3/0/0/0,9217:1747647656764:,1747647667148
counter/5/0/0/0,8433:1747647655885:,1747647667148
counter/5/0/0/0,8434:1747647655885:,1747647667148
counter/6/0/0/0,8007:1747647656513:,1747647667148
counter/7/0/0/0,8503:1747647656506:,1747647667149
counter/10/0/0/0,8045:1747647655777:,1747647667149
counter/10/0/0/0,8046:1747647655777:,1747647667149
counter/7/0/0/0,8504:1747647656506:,1747647667150
counter/4/0/0/0,8769:1747647657039:,1747647667150
counter/10/0/0/0,8047:1747647655777:,1747647667150
counter/10/0/0/0,8048:1747647655777:,1747647667150
counter/10/0/0/0,8049:1747647655777:,1747647667150
counter/10/0/0/0,8050:1747647655777:,1747647667150
counter/10/0/0/0,8051:1747647655777:,1747647667150
counter/10/0/0/0,8052:1747647655777:,1747647667150
counter/10/0/0/0,8053:1747647655819:,1747647667150
counter/10/0/0/0,8054:1747647655819:,1747647667150
counter/4/0/0/0,8770:1747647657040:,1747647667151
counter/3/0/0/0,9218:1747647656764:,1747647667151
counter/3/0/0/0,9219:1747647656764:,1747647667151
counter/9/0/0/0,8981:1747647656419:,1747647667151
counter/10/0/0/0,8055:1747647655819:,1747647667151
counter/8/0/0/0,8737:1747647655856:,1747647667151
counter/8/0/0/0,8738:1747647655856:,1747647667151
counter/2/0/0/0,8457:1747647655454:,1747647667151
counter/2/0/0/0,8458:1747647655454:,1747647667151
counter/2/0/0/0,8459:1747647655454:,1747647667151
counter/6/0/0/0,8008:1747647656514:,1747647667152
counter/7/0/0/0,8505:1747647656506:,1747647667152
counter/7/0/0/0,8506:1747647656506:,1747647667152
counter/7/0/0/0,8507:1747647656506:,1747647667152
counter/7/0/0/0,8508:1747647656506:,1747647667152
counter/7/0/0/0,8509:1747647656506:,1747647667152
counter/7/0/0/0,8510:1747647656506:,1747647667152
counter/7/0/0/0,8511:1747647656508:,1747647667152
counter/2/0/0/0,8460:1747647655454:,1747647667156
counter/5/0/0/0,8435:1747647655885:,1747647667156
counter/1/0/0/0,9654:1747647657049:,1747647667157
counter/1/0/0/0,9655:1747647657049:,1747647667157
counter/1/0/0/0,9656:1747647657049:,1747647667157
counter/2/0/0/0,8461:1747647655454:,1747647667157
counter/1/0/0/0,9657:1747647657049:,1747647667157
counter/2/0/0/0,8462:1747647655454:,1747647667157
counter/10/0/0/0,8056:1747647655820:,1747647667159
counter/5/0/0/0,8436:1747647655885:,1747647667159
counter/5/0/0/0,8437:1747647655885:,1747647667159
counter/5/0/0/0,8438:1747647655885:,1747647667160
counter/5/0/0/0,8439:1747647655885:,1747647667160
counter/5/0/0/0,8440:1747647655885:,1747647667160
counter/5/0/0/0,8441:1747647655885:,1747647667160
counter/6/0/0/0,8009:1747647656514:,1747647667160
counter/6/0/0/0,8010:1747647656514:,1747647667160
counter/6/0/0/0,8011:1747647656514:,1747647667160
counter/6/0/0/0,8012:1747647656514:,1747647667160
counter/4/0/0/0,8771:1747647657040:,1747647667161
counter/2/0/0/0,8463:1747647655454:,1747647667161
counter/9/0/0/0,8982:1747647656419:,1747647667161
counter/9/0/0/0,8983:1747647656419:,1747647667161
counter/9/0/0/0,8984:1747647656420:,1747647667161
counter/9/0/0/0,8985:1747647656420:,1747647667161
counter/9/0/0/0,8986:1747647656420:,1747647667161
counter/9/0/0/0,8987:1747647656421:,1747647667161
counter/9/0/0/0,8988:1747647656421:,1747647667161
counter/1/0/0/0,9658:1747647657050:,1747647667161
counter/6/0/0/0,8013:1747647656514:,1747647667161
counter/5/0/0/0,8442:1747647655887:,1747647667162
counter/9/0/0/0,8989:1747647656421:,1747647667162
counter/9/0/0/0,8990:1747647656421:,1747647667162
counter/9/0/0/0,8991:1747647656421:,1747647667162
counter/9/0/0/0,8992:1747647656421:,1747647667162
counter/9/0/0/0,8993:1747647656421:,1747647667162
counter/9/0/0/0,8994:1747647656421:,1747647667162
counter/9/0/0/0,8995:1747647656421:,1747647667162
counter/9/0/0/0,8996:1747647656421:,1747647667162
counter/9/0/0/0,8997:1747647656421:,1747647667162
counter/8/0/0/0,8739:1747647655856:,1747647667163
counter/9/0/0/0,8998:1747647656421:,1747647667163
counter/9/0/0/0,8999:1747647656421:,1747647667163
counter/4/0/0/0,8772:1747647657040:,1747647667163
counter/8/0/0/0,8740:1747647655856:,1747647667163
counter/8/0/0/0,8741:1747647655856:,1747647667163
counter/8/0/0/0,8742:1747647655857:,1747647667163
counter/8/0/0/0,8743:1747647655857:,1747647667163
counter/8/0/0/0,8744:1747647655857:,1747647667164
counter/5/0/0/0,8443:1747647655892:,1747647667164
counter/5/0/0/0,8444:1747647655892:,1747647667164
counter/5/0/0/0,8445:1747647655892:,1747647667164
counter/5/0/0/0,8446:1747647655892:,1747647667164
counter/5/0/0/0,8447:1747647655892:,1747647667164
counter/5/0/0/0,8448:1747647655892:,1747647667164
counter/5/0/0/0,8449:1747647655893:,1747647667164
counter/5/0/0/0,8450:1747647655893:,1747647667164
counter/2/0/0/0,8464:1747647655454:,1747647667165
counter/9/0/0/0,9000:1747647656422:,1747647667167
counter/9/0/0/0,9001:1747647656423:,1747647667167
counter/3/0/0/0,9220:1747647656764:,1747647667167
counter/9/0/0/0,9002:1747647656423:,1747647667167
counter/3/0/0/0,9221:1747647656764:,1747647667167
counter/9/0/0/0,9003:1747647656425:,1747647667167
counter/3/0/0/0,9222:1747647656764:,1747647667167
counter/9/0/0/0,9004:1747647656425:,1747647667167
counter/3/0/0/0,9223:1747647656764:,1747647667167
counter/3/0/0/0,9224:1747647656764:,1747647667167
counter/3/0/0/0,9225:1747647656764:,1747647667167
counter/3/0/0/0,9226:1747647656764:,1747647667167
counter/3/0/0/0,9227:1747647656764:,1747647667167
counter/3/0/0/0,9228:1747647656766:,1747647667167
counter/3/0/0/0,9229:1747647656766:,1747647667168
counter/1/0/0/0,9659:1747647657050:,1747647667168
counter/10/0/0/0,8057:1747647655836:,1747647667168
counter/9/0/0/0,9005:1747647656425:,1747647667168
counter/9/0/0/0,9006:1747647656435:,1747647667168
counter/9/0/0/0,9007:1747647656435:,1747647667168
counter/9/0/0/0,9008:1747647656435:,1747647667168
counter/6/0/0/0,8014:1747647656514:,1747647667168
counter/4/0/0/0,8773:1747647657040:,1747647667168
counter/10/0/0/0,8058:1747647655837:,1747647667169
counter/7/0/0/0,8512:1747647656508:,1747647667169
counter/10/0/0/0,8059:1747647655848:,1747647667169
counter/10/0/0/0,8060:1747647655848:,1747647667169
counter/10/0/0/0,8061:1747647655848:,1747647667169
counter/10/0/0/0,8062:1747647655848:,1747647667169
counter/3/0/0/0,9230:1747647656766:,1747647667170
counter/6/0/0/0,8015:1747647656514:,1747647667170
counter/2/0/0/0,8465:1747647655454:,1747647667170
counter/2/0/0/0,8466:1747647655454:,1747647667170
counter/10/0/0/0,8063:1747647655848:,1747647667171
counter/2/0/0/0,8467:1747647655454:,1747647667171
counter/2/0/0/0,8468:1747647655454:,1747647667171
counter/7/0/0/0,8513:1747647656508:,1747647667171
counter/7/0/0/0,8514:1747647656508:,1747647667171
counter/7/0/0/0,8515:1747647656517:,1747647667171
counter/5/0/0/0,8451:1747647655893:,1747647667171
counter/7/0/0/0,8516:1747647656518:,1747647667171
counter/6/0/0/0,8016:1747647656514:,1747647667172
counter/1/0/0/0,9660:1747647657050:,1747647667173
counter/7/0/0/0,8517:1747647656518:,1747647667173
counter/6/0/0/0,8017:1747647656514:,1747647667173
counter/9/0/0/0,9009:1747647656435:,1747647667173
counter/10/0/0/0,8064:1747647655848:,1747647667173
counter/10/0/0/0,8065:1747647655848:,1747647667173
counter/10/0/0/0,8066:1747647655848:,1747647667173
counter/10/0/0/0,8067:1747647655848:,1747647667173
counter/10/0/0/0,8068:1747647655848:,1747647667173
counter/2/0/0/0,8469:1747647655454:,1747647667174
counter/8/0/0/0,8745:1747647655857:,1747647667174
counter/6/0/0/0,8018:1747647656514:,1747647667175
counter/4/0/0/0,8774:1747647657040:,1747647667175
counter/7/0/0/0,8518:1747647656518:,1747647667175
counter/4/0/0/0,8775:1747647657040:,1747647667175
counter/3/0/0/0,9231:1747647656766:,1747647667176
counter/3/0/0/0,9232:1747647656768:,1747647667176
counter/3/0/0/0,9233:1747647656769:,1747647667176
counter/5/0/0/0,8452:1747647655893:,1747647667176
counter/5/0/0/0,8453:1747647655893:,1747647667176
counter/5/0/0/0,8454:1747647655897:,1747647667176
counter/5/0/0/0,8455:1747647655897:,1747647667176
counter/2/0/0/0,8470:1747647655454:,1747647667177
counter/2/0/0/0,8471:1747647655454:,1747647667177
counter/2/0/0/0,8472:1747647655454:,1747647667177
counter/5/0/0/0,8456:1747647655897:,1747647667178
counter/1/0/0/0,9661:1747647657050:,1747647667178
counter/5/0/0/0,8457:1747647655897:,1747647667178
counter/3/0/0/0,9234:1747647656769:,1747647667178
counter/6/0/0/0,8019:1747647656514:,1747647667179
counter/6/0/0/0,8020:1747647656514:,1747647667179
counter/6/0/0/0,8021:1747647656514:,1747647667179
counter/6/0/0/0,8022:1747647656514:,1747647667179
counter/6/0/0/0,8023:1747647656524:,1747647667179
counter/6/0/0/0,8024:1747647656524:,1747647667179
counter/6/0/0/0,8025:1747647656524:,1747647667179
counter/6/0/0/0,8026:1747647656525:,1747647667179
counter/6/0/0/0,8027:1747647656525:,1747647667179
counter/6/0/0/0,8028:1747647656525:,1747647667179
counter/8/0/0/0,8746:1747647655857:,1747647667179
counter/10/0/0/0,8069:1747647655850:,1747647667179
counter/10/0/0/0,8070:1747647655850:,1747647667180
counter/10/0/0/0,8071:1747647655851:,1747647667180
counter/5/0/0/0,8458:1747647655897:,1747647667180
counter/7/0/0/0,8519:1747647656518:,1747647667180
counter/9/0/0/0,9010:1747647656436:,1747647667180
counter/9/0/0/0,9011:1747647656436:,1747647667180
counter/4/0/0/0,8776:1747647657040:,1747647667180
counter/4/0/0/0,8777:1747647657045:,1747647667180
counter/10/0/0/0,8072:1747647655851:,1747647667181
counter/10/0/0/0,8073:1747647655851:,1747647667181
counter/7/0/0/0,8520:1747647656518:,1747647667181
counter/10/0/0/0,8074:1747647655865:,1747647667181
counter/7/0/0/0,8521:1747647656518:,1747647667181
counter/10/0/0/0,8075:1747647655865:,1747647667181
counter/7/0/0/0,8522:1747647656518:,1747647667181
counter/10/0/0/0,8076:1747647655865:,1747647667181
counter/7/0/0/0,8523:1747647656518:,1747647667181
counter/7/0/0/0,8524:1747647656523:,1747647667181
counter/7/0/0/0,8525:1747647656523:,1747647667181
counter/7/0/0/0,8526:1747647656523:,1747647667181
counter/7/0/0/0,8527:1747647656523:,1747647667181
counter/7/0/0/0,8528:1747647656523:,1747647667181
counter/7/0/0/0,8529:1747647656523:,1747647667181
counter/7/0/0/0,8530:1747647656523:,1747647667181
counter/7/0/0/0,8531:1747647656550:,1747647667181
counter/7/0/0/0,8532:1747647656550:,1747647667181
counter/7/0/0/0,8533:1747647656550:,1747647667181
counter/7/0/0/0,8534:1747647656550:,1747647667182
counter/2/0/0/0,8473:1747647655454:,1747647667182
counter/8/0/0/0,8747:1747647655857:,1747647667182
counter/6/0/0/0,8029:1747647656525:,1747647667183
counter/9/0/0/0,9012:1747647656442:,1747647667184
counter/9/0/0/0,9013:1747647656442:,1747647667184
counter/9/0/0/0,9014:1747647656442:,1747647667184
counter/9/0/0/0,9015:1747647656442:,1747647667184
counter/9/0/0/0,9016:1747647656442:,1747647667184
counter/9/0/0/0,9017:1747647656442:,1747647667184
counter/9/0/0/0,9018:1747647656442:,1747647667184
counter/9/0/0/0,9019:1747647656442:,1747647667184
counter/8/0/0/0,8748:1747647655857:,1747647667184
counter/8/0/0/0,8749:1747647655857:,1747647667184
counter/8/0/0/0,8750:1747647655864:,1747647667184
counter/8/0/0/0,8751:1747647655864:,1747647667184
counter/8/0/0/0,8752:1747647655864:,1747647667184
counter/8/0/0/0,8753:1747647655864:,1747647667184
counter/8/0/0/0,8754:1747647655864:,1747647667184
counter/8/0/0/0,8755:1747647655864:,1747647667184
counter/8/0/0/0,8756:1747647655864:,1747647667184
counter/8/0/0/0,8757:1747647655864:,1747647667184
counter/8/0/0/0,8758:1747647655864:,1747647667184
counter/8/0/0/0,8759:1747647655864:,1747647667184
counter/8/0/0/0,8760:1747647655864:,1747647667184
counter/8/0/0/0,8761:1747647655864:,1747647667185
counter/1/0/0/0,9662:1747647657050:,1747647667185
counter/1/0/0/0,9663:1747647657051:,1747647667185
counter/1/0/0/0,9664:1747647657051:,1747647667185
counter/1/0/0/0,9665:1747647657051:,1747647667185
counter/1/0/0/0,9666:1747647657051:,1747647667185
counter/1/0/0/0,9667:1747647657051:,1747647667185
counter/1/0/0/0,9668:1747647657051:,1747647667185
counter/1/0/0/0,9669:1747647657051:,1747647667185
counter/1/0/0/0,9670:1747647657052:,1747647667185
counter/1/0/0/0,9671:1747647657052:,1747647667185
counter/8/0/0/0,8762:1747647655864:,1747647667185
counter/4/0/0/0,8778:1747647657046:,1747647667186
counter/3/0/0/0,9235:1747647656769:,1747647667187
counter/1/0/0/0,9672:1747647657052:,1747647667187
counter/1/0/0/0,9673:1747647657052:,1747647667187
counter/1/0/0/0,9674:1747647657054:,1747647667187
counter/1/0/0/0,9675:1747647657054:,1747647667187
counter/1/0/0/0,9676:1747647657054:,1747647667187
counter/1/0/0/0,9677:1747647657054:,1747647667187
counter/1/0/0/0,9678:1747647657054:,1747647667187
counter/1/0/0/0,9679:1747647657054:,1747647667187
counter/1/0/0/0,9680:1747647657054:,1747647667187
counter/1/0/0/0,9681:1747647657063:,1747647667187
counter/1/0/0/0,9682:1747647657063:,1747647667187
counter/1/0/0/0,9683:1747647657063:,1747647667187
counter/1/0/0/0,9684:1747647657064:,1747647667187
counter/1/0/0/0,9685:1747647657064:,1747647667187
counter/1/0/0/0,9686:1747647657064:,1747647667187
counter/1/0/0/0,9687:1747647657064:,1747647667187
counter/3/0/0/0,9236:1747647656770:,1747647667189
counter/7/0/0/0,8535:1747647656550:,1747647667190
counter/7/0/0/0,8536:1747647656550:,1747647667190
counter/7/0/0/0,8537:1747647656550:,1747647667190
counter/7/0/0/0,8538:1747647656550:,1747647667190
counter/7/0/0/0,8539:1747647656550:,1747647667190
counter/10/0/0/0,8077:1747647655865:,1747647667190
counter/10/0/0/0,8078:1747647655865:,1747647667190
counter/10/0/0/0,8079:1747647655865:,1747647667190
counter/9/0/0/0,9020:1747647656442:,1747647667192
counter/9/0/0/0,9021:1747647656442:,1747647667192
counter/9/0/0/0,9022:1747647656442:,1747647667192
counter/9/0/0/0,9023:1747647656443:,1747647667192
counter/7/0/0/0,8540:1747647656550:,1747647667192
counter/9/0/0/0,9024:1747647656443:,1747647667192
counter/1/0/0/0,9688:1747647657095:,1747647667192
counter/9/0/0/0,9025:1747647656443:,1747647667192
counter/4/0/0/0,8779:1747647657046:,1747647667192
counter/8/0/0/0,8763:1747647655864:,1747647667193
counter/4/0/0/0,8780:1747647657047:,1747647667194
counter/8/0/0/0,8764:1747647655864:,1747647667194
counter/10/0/0/0,8080:1747647655865:,1747647667194
counter/4/0/0/0,8781:1747647657047:,1747647667194
counter/3/0/0/0,9237:1747647656770:,1747647667194
counter/3/0/0/0,9238:1747647656770:,1747647667195
counter/3/0/0/0,9239:1747647656770:,1747647667195
counter/3/0/0/0,9240:1747647656770:,1747647667195
counter/3/0/0/0,9241:1747647656770:,1747647667195
counter/3/0/0/0,9242:1747647656772:,1747647667195
counter/3/0/0/0,9243:1747647656772:,1747647667195
counter/3/0/0/0,9244:1747647656772:,1747647667195
counter/2/0/0/0,8474:1747647655454:,1747647667195
counter/7/0/0/0,8541:1747647656550:,1747647667195
counter/7/0/0/0,8542:1747647656550:,1747647667195
counter/7/0/0/0,8543:1747647656550:,1747647667195
counter/7/0/0/0,8544:1747647656550:,1747647667195
counter/8/0/0/0,8765:1747647655864:,1747647667196
counter/2/0/0/0,8475:1747647655454:,1747647667196
counter/8/0/0/0,8766:1747647655864:,1747647667196
counter/7/0/0/0,8545:1747647656550:,1747647667196
counter/10/0/0/0,8081:1747647655865:,1747647667196
counter/6/0/0/0,8030:1747647656525:,1747647667196
counter/6/0/0/0,8031:1747647656525:,1747647667196
counter/2/0/0/0,8476:1747647655454:,1747647667197
counter/2/0/0/0,8477:1747647655454:,1747647667197
counter/2/0/0/0,8478:1747647655455:,1747647667197
counter/2/0/0/0,8479:1747647655455:,1747647667197
counter/2/0/0/0,8480:1747647655455:,1747647667197
counter/2/0/0/0,8481:1747647655455:,1747647667197
counter/2/0/0/0,8482:1747647655455:,1747647667197
counter/2/0/0/0,8483:1747647655458:,1747647667197
counter/7/0/0/0,8546:1747647656550:,1747647667197
counter/7/0/0/0,8547:1747647656550:,1747647667198
counter/7/0/0/0,8548:1747647656550:,1747647667198
counter/4/0/0/0,8782:1747647657047:,1747647667198
counter/9/0/0/0,9026:1747647656443:,1747647667198
counter/9/0/0/0,9027:1747647656443:,1747647667198
counter/9/0/0/0,9028:1747647656443:,1747647667198
counter/9/0/0/0,9029:1747647656443:,1747647667198
counter/9/0/0/0,9030:1747647656443:,1747647667198
counter/8/0/0/0,8767:1747647655865:,1747647667198
counter/2/0/0/0,8484:1747647655458:,1747647667198
counter/2/0/0/0,8485:1747647655458:,1747647667198
counter/2/0/0/0,8486:1747647655458:,1747647667198
counter/2/0/0/0,8487:1747647655458:,1747647667198
counter/2/0/0/0,8488:1747647655458:,1747647667199
counter/2/0/0/0,8489:1747647655458:,1747647667199
counter/2/0/0/0,8490:1747647655458:,1747647667199
counter/2/0/0/0,8491:1747647655460:,1747647667199
counter/2/0/0/0,8492:1747647655460:,1747647667199
counter/1/0/0/0,9689:1747647657095:,1747647667199
counter/4/0/0/0,8783:1747647657047:,1747647667199
counter/4/0/0/0,8784:1747647657047:,1747647667199
counter/4/0/0/0,8785:1747647657047:,1747647667199
counter/7/0/0/0,8549:1747647656550:,1747647667199
counter/9/0/0/0,9031:1747647656443:,1747647667202
counter/10/0/0/0,8082:1747647655865:,1747647667202
counter/5/0/0/0,8459:1747647655905:,1747647667202
counter/10/0/0/0,8083:1747647655865:,1747647667202
counter/5/0/0/0,8460:1747647655905:,1747647667203
counter/5/0/0/0,8461:1747647655905:,1747647667203
counter/5/0/0/0,8462:1747647655930:,1747647667204
counter/5/0/0/0,8463:1747647655930:,1747647667204
counter/5/0/0/0,8464:1747647655931:,1747647667204
counter/5/0/0/0,8465:1747647655931:,1747647667204
counter/5/0/0/0,8466:1747647655931:,1747647667204
counter/3/0/0/0,9245:1747647656772:,1747647667204
counter/4/0/0/0,8786:1747647657071:,1747647667204
counter/7/0/0/0,8550:1747647656550:,1747647667204
counter/4/0/0/0,8787:1747647657071:,1747647667204
counter/9/0/0/0,9032:1747647656444:,1747647667205
counter/2/0/0/0,8493:1747647655460:,1747647667206
counter/2/0/0/0,8494:1747647655460:,1747647667206
counter/2/0/0/0,8495:1747647655460:,1747647667207
counter/2/0/0/0,8496:1747647655460:,1747647667207
counter/2/0/0/0,8497:1747647655460:,1747647667207
counter/2/0/0/0,8498:1747647655461:,1747647667207
counter/2/0/0/0,8499:1747647655461:,1747647667207
counter/2/0/0/0,8500:1747647655462:,1747647667207
counter/2/0/0/0,8501:1747647655462:,1747647667207
counter/2/0/0/0,8502:1747647655462:,1747647667207
counter/2/0/0/0,8503:1747647655462:,1747647667208
counter/2/0/0/0,8504:1747647655462:,1747647667208
counter/2/0/0/0,8505:1747647655462:,1747647667208
counter/2/0/0/0,8506:1747647655462:,1747647667208
counter/2/0/0/0,8507:1747647655462:,1747647667208
counter/1/0/0/0,9690:1747647657095:,1747647667208
counter/3/0/0/0,9246:1747647656772:,1747647667208
counter/2/0/0/0,8508:1747647655462:,1747647667208
counter/3/0/0/0,9247:1747647656773:,1747647667208
counter/6/0/0/0,8032:1747647656525:,1747647667208
counter/10/0/0/0,8084:1747647655865:,1747647667208
counter/9/0/0/0,9033:1747647656444:,1747647667208
counter/9/0/0/0,9034:1747647656444:,1747647667208
counter/9/0/0/0,9035:1747647656444:,1747647667208
counter/9/0/0/0,9036:1747647656444:,1747647667209
counter/9/0/0/0,9037:1747647656444:,1747647667209
counter/9/0/0/0,9038:1747647656444:,1747647667209
counter/9/0/0/0,9039:1747647656444:,1747647667209
counter/9/0/0/0,9040:1747647656444:,1747647667209
counter/9/0/0/0,9041:1747647656444:,1747647667209
counter/9/0/0/0,9042:1747647656444:,1747647667209
counter/9/0/0/0,9043:1747647656451:,1747647667209
counter/6/0/0/0,8033:1747647656525:,1747647667209
counter/10/0/0/0,8085:1747647655865:,1747647667209
counter/3/0/0/0,9248:1747647656773:,1747647667211
counter/2/0/0/0,8509:1747647655462:,1747647667211
counter/2/0/0/0,8510:1747647655462:,1747647667211
counter/2/0/0/0,8511:1747647655462:,1747647667211
counter/2/0/0/0,8512:1747647655462:,1747647667211
counter/9/0/0/0,9044:1747647656451:,1747647667211
counter/9/0/0/0,9045:1747647656451:,1747647667211
counter/9/0/0/0,9046:1747647656451:,1747647667211
counter/9/0/0/0,9047:1747647656451:,1747647667211
counter/9/0/0/0,9048:1747647656451:,1747647667212
counter/1/0/0/0,9691:1747647657095:,1747647667212
counter/3/0/0/0,9249:1747647656773:,1747647667212
counter/3/0/0/0,9250:1747647656773:,1747647667212
counter/3/0/0/0,9251:1747647656773:,1747647667212
counter/2/0/0/0,8513:1747647655462:,1747647667212
counter/2/0/0/0,8514:1747647655462:,1747647667212
counter/2/0/0/0,8515:1747647655462:,1747647667212
counter/2/0/0/0,8516:1747647655462:,1747647667212
counter/10/0/0/0,8086:1747647655865:,1747647667212
counter/4/0/0/0,8788:1747647657071:,1747647667212
counter/10/0/0/0,8087:1747647655869:,1747647667213
counter/4/0/0/0,8789:1747647657071:,1747647667213
counter/4/0/0/0,8790:1747647657071:,1747647667213
counter/4/0/0/0,8791:1747647657071:,1747647667213
counter/2/0/0/0,8517:1747647655466:,1747647667213
counter/2/0/0/0,8518:1747647655466:,1747647667213
counter/2/0/0/0,8519:1747647655466:,1747647667213
counter/2/0/0/0,8520:1747647655466:,1747647667213
counter/2/0/0/0,8521:1747647655466:,1747647667214
counter/2/0/0/0,8522:1747647655466:,1747647667214
counter/2/0/0/0,8523:1747647655466:,1747647667214
counter/2/0/0/0,8524:1747647655466:,1747647667214
counter/6/0/0/0,8034:1747647656525:,1747647667214
counter/8/0/0/0,8768:1747647655865:,1747647667214
counter/6/0/0/0,8035:1747647656525:,1747647667214
counter/1/0/0/0,9692:1747647657095:,1747647667215
counter/7/0/0/0,8551:1747647656550:,1747647667215
counter/7/0/0/0,8552:1747647656550:,1747647667215
counter/1/0/0/0,9693:1747647657098:,1747647667217
counter/8/0/0/0,8769:1747647655865:,1747647667219
counter/8/0/0/0,8770:1747647655865:,1747647667219
counter/8/0/0/0,8771:1747647655865:,1747647667219
counter/8/0/0/0,8772:1747647655865:,1747647667220
counter/8/0/0/0,8773:1747647655865:,1747647667220
counter/8/0/0/0,8774:1747647655876:,1747647667220
counter/6/0/0/0,8036:1747647656525:,1747647667220
counter/8/0/0/0,8775:1747647655876:,1747647667220
counter/8/0/0/0,8776:1747647655876:,1747647667220
counter/6/0/0/0,8037:1747647656525:,1747647667220
counter/8/0/0/0,8777:1747647655876:,1747647667220
counter/9/0/0/0,9049:1747647656451:,1747647667220
counter/8/0/0/0,8778:1747647655876:,1747647667220
counter/9/0/0/0,9050:1747647656451:,1747647667220
counter/3/0/0/0,9252:1747647656776:,1747647667220
counter/3/0/0/0,9253:1747647656776:,1747647667220
counter/3/0/0/0,9254:1747647656777:,1747647667220
counter/3/0/0/0,9255:1747647656777:,1747647667220
counter/3/0/0/0,9256:1747647656777:,1747647667221
counter/3/0/0/0,9257:1747647656777:,1747647667221
counter/3/0/0/0,9258:1747647656777:,1747647667221
counter/3/0/0/0,9259:1747647656777:,1747647667221
counter/3/0/0/0,9260:1747647656777:,1747647667221
counter/1/0/0/0,9694:1747647657098:,1747647667221
counter/8/0/0/0,8779:1747647655876:,1747647667221
counter/8/0/0/0,8780:1747647655876:,1747647667221
counter/8/0/0/0,8781:1747647655877:,1747647667221
counter/8/0/0/0,8782:1747647655877:,1747647667221
counter/8/0/0/0,8783:1747647655877:,1747647667221
counter/8/0/0/0,8784:1747647655877:,1747647667221
counter/8/0/0/0,8785:1747647655877:,1747647667221
counter/8/0/0/0,8786:1747647655877:,1747647667221
counter/8/0/0/0,8787:1747647655877:,1747647667221
counter/8/0/0/0,8788:1747647655877:,1747647667222
counter/8/0/0/0,8789:1747647655877:,1747647667222
counter/8/0/0/0,8790:1747647655877:,1747647667222
counter/8/0/0/0,8791:1747647655877:,1747647667222
counter/8/0/0/0,8792:1747647655877:,1747647667222
counter/10/0/0/0,8088:1747647655875:,1747647667222
counter/9/0/0/0,9051:1747647656451:,1747647667222
counter/9/0/0/0,9052:1747647656451:,1747647667222
counter/9/0/0/0,9053:1747647656451:,1747647667222
counter/9/0/0/0,9054:1747647656452:,1747647667222
counter/10/0/0/0,8089:1747647655875:,1747647667223
counter/3/0/0/0,9261:1747647656777:,1747647667223
counter/7/0/0/0,8553:1747647656550:,1747647667223
counter/10/0/0/0,8090:1747647655875:,1747647667223
counter/10/0/0/0,8091:1747647655875:,1747647667223
counter/8/0/0/0,8793:1747647655877:,1747647667223
counter/8/0/0/0,8794:1747647655877:,1747647667223
counter/8/0/0/0,8795:1747647655877:,1747647667223
counter/8/0/0/0,8796:1747647655877:,1747647667223
counter/8/0/0/0,8797:1747647655877:,1747647667223
counter/8/0/0/0,8798:1747647655877:,1747647667223
counter/8/0/0/0,8799:1747647655877:,1747647667223
counter/8/0/0/0,8800:1747647655877:,1747647667223
counter/8/0/0/0,8801:1747647655877:,1747647667223
counter/3/0/0/0,9262:1747647656777:,1747647667223
counter/3/0/0/0,9263:1747647656777:,1747647667223
counter/3/0/0/0,9264:1747647656777:,1747647667223
counter/3/0/0/0,9265:1747647656777:,1747647667223
counter/3/0/0/0,9266:1747647656777:,1747647667223
counter/10/0/0/0,8092:1747647655875:,1747647667224
counter/3/0/0/0,9267:1747647656777:,1747647667224
counter/10/0/0/0,8093:1747647655875:,1747647667226
counter/10/0/0/0,8094:1747647655875:,1747647667226
counter/10/0/0/0,8095:1747647655875:,1747647667227
counter/2/0/0/0,8525:1747647655466:,1747647667227
counter/6/0/0/0,8038:1747647656525:,1747647667228
counter/6/0/0/0,8039:1747647656525:,1747647667228
counter/6/0/0/0,8040:1747647656525:,1747647667228
counter/6/0/0/0,8041:1747647656525:,1747647667228
counter/6/0/0/0,8042:1747647656544:,1747647667228
counter/6/0/0/0,8043:1747647656544:,1747647667228
counter/8/0/0/0,8802:1747647655884:,1747647667228
counter/4/0/0/0,8792:1747647657071:,1747647667229
counter/4/0/0/0,8793:1747647657071:,1747647667229
counter/4/0/0/0,8794:1747647657071:,1747647667229
counter/4/0/0/0,8795:1747647657071:,1747647667229
counter/4/0/0/0,8796:1747647657071:,1747647667229
counter/4/0/0/0,8797:1747647657071:,1747647667229
counter/4/0/0/0,8798:1747647657071:,1747647667229
counter/4/0/0/0,8799:1747647657071:,1747647667229
counter/2/0/0/0,8526:1747647655466:,1747647667230
counter/1/0/0/0,9695:1747647657098:,1747647667233
counter/7/0/0/0,8554:1747647656551:,1747647667234
counter/7/0/0/0,8555:1747647656551:,1747647667235
counter/1/0/0/0,9696:1747647657098:,1747647667235
counter/5/0/0/0,8467:1747647655931:,1747647667235
counter/8/0/0/0,8803:1747647655886:,1747647667236
counter/8/0/0/0,8804:1747647655886:,1747647667236
counter/8/0/0/0,8805:1747647655886:,1747647667236
counter/8/0/0/0,8806:1747647655886:,1747647667236
counter/8/0/0/0,8807:1747647655886:,1747647667236
counter/8/0/0/0,8808:1747647655886:,1747647667236
counter/8/0/0/0,8809:1747647655886:,1747647667236
counter/8/0/0/0,8810:1747647655886:,1747647667236
counter/8/0/0/0,8811:1747647655886:,1747647667236
counter/8/0/0/0,8812:1747647655886:,1747647667236
counter/2/0/0/0,8527:1747647655467:,1747647667236
counter/10/0/0/0,8096:1747647655875:,1747647667236
counter/9/0/0/0,9055:1747647656452:,1747647667240
counter/9/0/0/0,9056:1747647656452:,1747647667240
counter/9/0/0/0,9057:1747647656452:,1747647667240
counter/9/0/0/0,9058:1747647656460:,1747647667240
counter/9/0/0/0,9059:1747647656460:,1747647667240
counter/9/0/0/0,9060:1747647656460:,1747647667240
counter/8/0/0/0,8813:1747647655886:,1747647667240
counter/9/0/0/0,9061:1747647656460:,1747647667240
counter/8/0/0/0,8814:1747647655887:,1747647667240
counter/9/0/0/0,9062:1747647656460:,1747647667240
counter/8/0/0/0,8815:1747647655887:,1747647667240
counter/9/0/0/0,9063:1747647656461:,1747647667241
counter/8/0/0/0,8816:1747647655888:,1747647667241
counter/7/0/0/0,8556:1747647656555:,1747647667241
counter/9/0/0/0,9064:1747647656461:,1747647667241
counter/8/0/0/0,8817:1747647655888:,1747647667241
counter/9/0/0/0,9065:1747647656461:,1747647667241
counter/2/0/0/0,8528:1747647655470:,1747647667243
counter/2/0/0/0,8529:1747647655470:,1747647667243
counter/2/0/0/0,8530:1747647655470:,1747647667243
counter/4/0/0/0,8800:1747647657071:,1747647667243
counter/5/0/0/0,8468:1747647655931:,1747647667243
counter/5/0/0/0,8469:1747647655931:,1747647667243
counter/5/0/0/0,8470:1747647655931:,1747647667243
counter/5/0/0/0,8471:1747647655931:,1747647667244
counter/5/0/0/0,8472:1747647655931:,1747647667244
counter/5/0/0/0,8473:1747647655931:,1747647667244
counter/5/0/0/0,8474:1747647655947:,1747647667244
counter/10/0/0/0,8097:1747647655875:,1747647667244
counter/1/0/0/0,9697:1747647657098:,1747647667245
counter/10/0/0/0,8098:1747647655877:,1747647667246
counter/3/0/0/0,9268:1747647656789:,1747647667246
counter/2/0/0/0,8531:1747647655470:,1747647667249
counter/3/0/0/0,9269:1747647656789:,1747647667249
counter/4/0/0/0,8801:1747647657071:,1747647667250
counter/4/0/0/0,8802:1747647657074:,1747647667250
counter/4/0/0/0,8803:1747647657083:,1747647667250
counter/4/0/0/0,8804:1747647657089:,1747647667250
counter/8/0/0/0,8818:1747647655889:,1747647667250
counter/4/0/0/0,8805:1747647657090:,1747647667252
counter/3/0/0/0,9270:1747647656789:,1747647667253
counter/3/0/0/0,9271:1747647656789:,1747647667253
counter/3/0/0/0,9272:1747647656789:,1747647667253
counter/3/0/0/0,9273:1747647656798:,1747647667253
counter/3/0/0/0,9274:1747647656798:,1747647667253
counter/3/0/0/0,9275:1747647656798:,1747647667253
counter/3/0/0/0,9276:1747647656798:,1747647667253
counter/3/0/0/0,9277:1747647656798:,1747647667253
counter/3/0/0/0,9278:1747647656798:,1747647667254
counter/3/0/0/0,9279:1747647656798:,1747647667254
counter/5/0/0/0,8475:1747647655981:,1747647667254
counter/9/0/0/0,9066:1747647656461:,1747647667255
counter/2/0/0/0,8532:1747647655470:,1747647667257
counter/2/0/0/0,8533:1747647655470:,1747647667257
counter/2/0/0/0,8534:1747647655470:,1747647667257
counter/2/0/0/0,8535:1747647655488:,1747647667258
counter/2/0/0/0,8536:1747647655488:,1747647667258
counter/3/0/0/0,9280:1747647656798:,1747647667258
counter/7/0/0/0,8557:1747647656560:,1747647667258
counter/5/0/0/0,8476:1747647655982:,1747647667258
counter/5/0/0/0,8477:1747647655982:,1747647667258
counter/1/0/0/0,9698:1747647657098:,1747647667259
counter/1/0/0/0,9699:1747647657098:,1747647667259
counter/1/0/0/0,9700:1747647657098:,1747647667259
counter/1/0/0/0,9701:1747647657098:,1747647667259
counter/5/0/0/0,8478:1747647655982:,1747647667259
counter/5/0/0/0,8479:1747647655982:,1747647667259
counter/9/0/0/0,9067:1747647656461:,1747647667261
counter/8/0/0/0,8819:1747647655889:,1747647667261
counter/9/0/0/0,9068:1747647656461:,1747647667261
counter/5/0/0/0,8480:1747647655982:,1747647667262
counter/2/0/0/0,8537:1747647655488:,1747647667262
counter/5/0/0/0,8481:1747647655982:,1747647667262
counter/5/0/0/0,8482:1747647655984:,1747647667262
counter/5/0/0/0,8483:1747647655984:,1747647667262
counter/7/0/0/0,8558:1747647656560:,1747647667263
counter/7/0/0/0,8559:1747647656560:,1747647667263
counter/7/0/0/0,8560:1747647656560:,1747647667264
counter/7/0/0/0,8561:1747647656560:,1747647667264
counter/7/0/0/0,8562:1747647656560:,1747647667264
counter/7/0/0/0,8563:1747647656560:,1747647667264
counter/7/0/0/0,8564:1747647656560:,1747647667264
counter/7/0/0/0,8565:1747647656560:,1747647667264
counter/5/0/0/0,8484:1747647655985:,1747647667265
counter/5/0/0/0,8485:1747647655985:,1747647667265
counter/5/0/0/0,8486:1747647655985:,1747647667265
counter/5/0/0/0,8487:1747647655986:,1747647667265
counter/5/0/0/0,8488:1747647655986:,1747647667265
counter/5/0/0/0,8489:1747647655986:,1747647667266
counter/5/0/0/0,8490:1747647655986:,1747647667266
counter/5/0/0/0,8491:1747647655986:,1747647667266
counter/5/0/0/0,8492:1747647655986:,1747647667266
counter/1/0/0/0,9702:1747647657098:,1747647667266
counter/1/0/0/0,9703:1747647657098:,1747647667266
counter/5/0/0/0,8493:1747647655986:,1747647667267
counter/1/0/0/0,9704:1747647657098:,1747647667268
counter/6/0/0/0,8044:1747647656556:,1747647667268
counter/5/0/0/0,8494:1747647655986:,1747647667268
counter/6/0/0/0,8045:1747647656556:,1747647667268
counter/6/0/0/0,8046:1747647656586:,1747647667268
counter/6/0/0/0,8047:1747647656586:,1747647667268
counter/6/0/0/0,8048:1747647656586:,1747647667268
counter/6/0/0/0,8049:1747647656587:,1747647667268
counter/6/0/0/0,8050:1747647656587:,1747647667268
counter/6/0/0/0,8051:1747647656587:,1747647667268
counter/3/0/0/0,9281:1747647656798:,1747647667269
counter/3/0/0/0,9282:1747647656798:,1747647667269
counter/3/0/0/0,9283:1747647656798:,1747647667269
counter/3/0/0/0,9284:1747647656798:,1747647667269
counter/3/0/0/0,9285:1747647656798:,1747647667269
counter/3/0/0/0,9286:1747647656798:,1747647667269
counter/3/0/0/0,9287:1747647656798:,1747647667269
counter/3/0/0/0,9288:1747647656798:,1747647667270
counter/9/0/0/0,9069:1747647656461:,1747647667273
counter/9/0/0/0,9070:1747647656461:,1747647667273
counter/8/0/0/0,8820:1747647655889:,1747647667273
counter/8/0/0/0,8821:1747647655889:,1747647667274
counter/8/0/0/0,8822:1747647655889:,1747647667274
counter/8/0/0/0,8823:1747647655889:,1747647667274
counter/5/0/0/0,8495:1747647655986:,1747647667274
counter/3/0/0/0,9289:1747647656798:,1747647667274
counter/3/0/0/0,9290:1747647656798:,1747647667275
counter/5/0/0/0,8496:1747647655986:,1747647667275
counter/9/0/0/0,9071:1747647656471:,1747647667275
counter/1/0/0/0,9705:1747647657098:,1747647667275
counter/8/0/0/0,8824:1747647655889:,1747647667275
counter/2/0/0/0,8538:1747647655488:,1747647667277
counter/2/0/0/0,8539:1747647655488:,1747647667277
counter/2/0/0/0,8540:1747647655488:,1747647667277
counter/2/0/0/0,8541:1747647655488:,1747647667277
counter/2/0/0/0,8542:1747647655488:,1747647667277
counter/2/0/0/0,8543:1747647655488:,1747647667277
counter/2/0/0/0,8544:1747647655488:,1747647667277
counter/10/0/0/0,8099:1747647655877:,1747647667277
counter/2/0/0/0,8545:1747647655497:,1747647667277
counter/9/0/0/0,9072:1747647656471:,1747647667277
counter/1/0/0/0,9706:1747647657098:,1747647667277
counter/4/0/0/0,8806:1747647657090:,1747647667277
counter/4/0/0/0,8807:1747647657090:,1747647667277
counter/4/0/0/0,8808:1747647657090:,1747647667277
counter/4/0/0/0,8809:1747647657090:,1747647667277
counter/3/0/0/0,9291:1747647656798:,1747647667278
counter/3/0/0/0,9292:1747647656798:,1747647667278
counter/7/0/0/0,8566:1747647656560:,1747647667278
counter/7/0/0/0,8567:1747647656561:,1747647667278
counter/7/0/0/0,8568:1747647656561:,1747647667278
counter/7/0/0/0,8569:1747647656561:,1747647667278
counter/7/0/0/0,8570:1747647656561:,1747647667278
counter/7/0/0/0,8571:1747647656561:,1747647667278
counter/7/0/0/0,8572:1747647656561:,1747647667278
counter/7/0/0/0,8573:1747647656561:,1747647667278
counter/7/0/0/0,8574:1747647656561:,1747647667278
counter/10/0/0/0,8100:1747647655877:,1747647667278
counter/7/0/0/0,8575:1747647656561:,1747647667278
counter/9/0/0/0,9073:1747647656471:,1747647667278
counter/6/0/0/0,8052:1747647656587:,1747647667279
counter/6/0/0/0,8053:1747647656587:,1747647667279
counter/6/0/0/0,8054:1747647656587:,1747647667279
counter/6/0/0/0,8055:1747647656587:,1747647667279
counter/6/0/0/0,8056:1747647656588:,1747647667279
counter/6/0/0/0,8057:1747647656588:,1747647667279
counter/6/0/0/0,8058:1747647656588:,1747647667279
counter/6/0/0/0,8059:1747647656588:,1747647667279
counter/7/0/0/0,8576:1747647656561:,1747647667279
counter/6/0/0/0,8060:1747647656588:,1747647667279
counter/6/0/0/0,8061:1747647656588:,1747647667279
counter/6/0/0/0,8062:1747647656588:,1747647667279
counter/6/0/0/0,8063:1747647656588:,1747647667280
counter/4/0/0/0,8810:1747647657090:,1747647667280
counter/4/0/0/0,8811:1747647657090:,1747647667280
counter/2/0/0/0,8546:1747647655497:,1747647667280
counter/4/0/0/0,8812:1747647657090:,1747647667280
counter/4/0/0/0,8813:1747647657090:,1747647667280
counter/9/0/0/0,9074:1747647656473:,1747647667280
counter/9/0/0/0,9075:1747647656473:,1747647667280
counter/9/0/0/0,9076:1747647656473:,1747647667280
counter/9/0/0/0,9077:1747647656473:,1747647667280
counter/9/0/0/0,9078:1747647656473:,1747647667280
counter/3/0/0/0,9293:1747647656798:,1747647667282
counter/2/0/0/0,8547:1747647655497:,1747647667282
counter/3/0/0/0,9294:1747647656799:,1747647667284
counter/9/0/0/0,9079:1747647656473:,1747647667284
counter/4/0/0/0,8814:1747647657090:,1747647667284
counter/4/0/0/0,8815:1747647657090:,1747647667284
counter/4/0/0/0,8816:1747647657090:,1747647667284
counter/4/0/0/0,8817:1747647657090:,1747647667284
counter/4/0/0/0,8818:1747647657090:,1747647667284
counter/4/0/0/0,8819:1747647657090:,1747647667284
counter/4/0/0/0,8820:1747647657090:,1747647667284
counter/4/0/0/0,8821:1747647657090:,1747647667284
counter/4/0/0/0,8822:1747647657092:,1747647667284
counter/5/0/0/0,8497:1747647655986:,1747647667284
counter/5/0/0/0,8498:1747647655986:,1747647667284
counter/5/0/0/0,8499:1747647655988:,1747647667284
counter/5/0/0/0,8500:1747647655988:,1747647667284
counter/5/0/0/0,8501:1747647655988:,1747647667285
counter/5/0/0/0,8502:1747647655988:,1747647667285
counter/5/0/0/0,8503:1747647655988:,1747647667285
counter/5/0/0/0,8504:1747647655988:,1747647667285
counter/5/0/0/0,8505:1747647655988:,1747647667285
counter/5/0/0/0,8506:1747647655988:,1747647667285
counter/2/0/0/0,8548:1747647655497:,1747647667285
counter/8/0/0/0,8825:1747647655889:,1747647667285
counter/9/0/0/0,9080:1747647656473:,1747647667285
counter/6/0/0/0,8064:1747647656588:,1747647667286
counter/4/0/0/0,8823:1747647657092:,1747647667286
counter/4/0/0/0,8824:1747647657092:,1747647667286
counter/4/0/0/0,8825:1747647657092:,1747647667286
counter/4/0/0/0,8826:1747647657102:,1747647667286
counter/4/0/0/0,8827:1747647657102:,1747647667286
counter/4/0/0/0,8828:1747647657102:,1747647667286
counter/4/0/0/0,8829:1747647657103:,1747647667286
counter/4/0/0/0,8830:1747647657103:,1747647667286
counter/4/0/0/0,8831:1747647657134:,1747647667286
counter/4/0/0/0,8832:1747647657134:,1747647667286
counter/2/0/0/0,8549:1747647655499:,1747647667286
counter/2/0/0/0,8550:1747647655499:,1747647667286
counter/2/0/0/0,8551:1747647655499:,1747647667286
counter/2/0/0/0,8552:1747647655499:,1747647667286
counter/2/0/0/0,8553:1747647655499:,1747647667286
counter/2/0/0/0,8554:1747647655499:,1747647667286
counter/2/0/0/0,8555:1747647655499:,1747647667286
counter/2/0/0/0,8556:1747647655499:,1747647667286
counter/2/0/0/0,8557:1747647655499:,1747647667286
counter/2/0/0/0,8558:1747647655499:,1747647667286
counter/2/0/0/0,8559:1747647655499:,1747647667287
counter/2/0/0/0,8560:1747647655499:,1747647667287
counter/2/0/0/0,8561:1747647655499:,1747647667287
counter/2/0/0/0,8562:1747647655499:,1747647667287
counter/2/0/0/0,8563:1747647655499:,1747647667287
counter/2/0/0/0,8564:1747647655503:,1747647667287
counter/2/0/0/0,8565:1747647655503:,1747647667287
counter/6/0/0/0,8065:1747647656588:,1747647667287
counter/3/0/0/0,9295:1747647656801:,1747647667287
counter/6/0/0/0,8066:1747647656588:,1747647667287
counter/3/0/0/0,9296:1747647656801:,1747647667287
counter/2/0/0/0,8566:1747647655503:,1747647667287
counter/2/0/0/0,8567:1747647655503:,1747647667287
counter/2/0/0/0,8568:1747647655503:,1747647667287
counter/2/0/0/0,8569:1747647655503:,1747647667287
counter/2/0/0/0,8570:1747647655503:,1747647667287
counter/8/0/0/0,8826:1747647655889:,1747647667287
counter/2/0/0/0,8571:1747647655503:,1747647667287
counter/7/0/0/0,8577:1747647656561:,1747647667287
counter/5/0/0/0,8507:1747647655988:,1747647667288
counter/5/0/0/0,8508:1747647655989:,1747647667288
counter/3/0/0/0,9297:1747647656801:,1747647667288
counter/5/0/0/0,8509:1747647655989:,1747647667289
counter/3/0/0/0,9298:1747647656801:,1747647667289
counter/3/0/0/0,9299:1747647656803:,1747647667289
counter/3/0/0/0,9300:1747647656803:,1747647667289
counter/3/0/0/0,9301:1747647656803:,1747647667289
counter/3/0/0/0,9302:1747647656822:,1747647667289
counter/3/0/0/0,9303:1747647656822:,1747647667289
counter/3/0/0/0,9304:1747647656822:,1747647667289
counter/1/0/0/0,9707:1747647657098:,1747647667289
counter/10/0/0/0,8101:1747647655877:,1747647667289
counter/4/0/0/0,8833:1747647657135:,1747647667289
counter/10/0/0/0,8102:1747647655878:,1747647667289
counter/2/0/0/0,8572:1747647655503:,1747647667289
counter/2/0/0/0,8573:1747647655503:,1747647667289
counter/2/0/0/0,8574:1747647655503:,1747647667289
counter/2/0/0/0,8575:1747647655527:,1747647667289
counter/2/0/0/0,8576:1747647655527:,1747647667289
counter/2/0/0/0,8577:1747647655527:,1747647667289
counter/2/0/0/0,8578:1747647655527:,1747647667289
counter/2/0/0/0,8579:1747647655527:,1747647667289
counter/2/0/0/0,8580:1747647655527:,1747647667290
counter/2/0/0/0,8581:1747647655527:,1747647667290
counter/2/0/0/0,8582:1747647655527:,1747647667290
counter/2/0/0/0,8583:1747647655533:,1747647667290
counter/2/0/0/0,8584:1747647655533:,1747647667290
counter/2/0/0/0,8585:1747647655533:,1747647667291
counter/2/0/0/0,8586:1747647655533:,1747647667291
counter/2/0/0/0,8587:1747647655533:,1747647667291
counter/2/0/0/0,8588:1747647655533:,1747647667291
counter/6/0/0/0,8067:1747647656588:,1747647667291
counter/2/0/0/0,8589:1747647655533:,1747647667291
counter/4/0/0/0,8834:1747647657135:,1747647667291
counter/7/0/0/0,8578:1747647656562:,1747647667291
counter/7/0/0/0,8579:1747647656562:,1747647667292
counter/7/0/0/0,8580:1747647656562:,1747647667292
counter/7/0/0/0,8581:1747647656562:,1747647667292
counter/7/0/0/0,8582:1747647656570:,1747647667292
counter/7/0/0/0,8583:1747647656570:,1747647667292
counter/7/0/0/0,8584:1747647656570:,1747647667292
counter/2/0/0/0,8590:1747647655533:,1747647667293
counter/7/0/0/0,8585:1747647656570:,1747647667293
counter/4/0/0/0,8835:1747647657135:,1747647667293
counter/7/0/0/0,8586:1747647656570:,1747647667293
counter/8/0/0/0,8827:1747647655889:,1747647667294
counter/8/0/0/0,8828:1747647655889:,1747647667294
counter/6/0/0/0,8068:1747647656588:,1747647667294
counter/6/0/0/0,8069:1747647656588:,1747647667294
counter/6/0/0/0,8070:1747647656589:,1747647667294
counter/10/0/0/0,8103:1747647655878:,1747647667294
counter/5/0/0/0,8510:1747647655989:,1747647667296
counter/5/0/0/0,8511:1747647655990:,1747647667296
counter/5/0/0/0,8512:1747647655990:,1747647667296
counter/5/0/0/0,8513:1747647655991:,1747647667296
counter/5/0/0/0,8514:1747647655991:,1747647667296
counter/3/0/0/0,9305:1747647656822:,1747647667296
counter/3/0/0/0,9306:1747647656822:,1747647667296
counter/6/0/0/0,8071:1747647656589:,1747647667296
counter/6/0/0/0,8072:1747647656589:,1747647667296
counter/6/0/0/0,8073:1747647656590:,1747647667296
counter/6/0/0/0,8074:1747647656590:,1747647667296
counter/9/0/0/0,9081:1747647656473:,1747647667297
counter/4/0/0/0,8836:1747647657135:,1747647667297
counter/9/0/0/0,9082:1747647656473:,1747647667297
counter/9/0/0/0,9083:1747647656473:,1747647667297
counter/9/0/0/0,9084:1747647656473:,1747647667297
counter/5/0/0/0,8515:1747647655991:,1747647667297
counter/5/0/0/0,8516:1747647655991:,1747647667297
counter/5/0/0/0,8517:1747647655991:,1747647667297
counter/5/0/0/0,8518:1747647655991:,1747647667297
counter/5/0/0/0,8519:1747647655991:,1747647667297
counter/1/0/0/0,9708:1747647657099:,1747647667297
counter/1/0/0/0,9709:1747647657099:,1747647667297
counter/1/0/0/0,9710:1747647657099:,1747647667297
counter/1/0/0/0,9711:1747647657099:,1747647667297
counter/8/0/0/0,8829:1747647655889:,1747647667297
counter/2/0/0/0,8591:1747647655533:,1747647667297
counter/2/0/0/0,8592:1747647655533:,1747647667297
counter/7/0/0/0,8587:1747647656570:,1747647667298
counter/8/0/0/0,8830:1747647655889:,1747647667298
counter/6/0/0/0,8075:1747647656590:,1747647667298
counter/10/0/0/0,8104:1747647655878:,1747647667300
counter/1/0/0/0,9712:1747647657099:,1747647667300
counter/1/0/0/0,9713:1747647657099:,1747647667300
counter/1/0/0/0,9714:1747647657099:,1747647667300
counter/1/0/0/0,9715:1747647657099:,1747647667300
counter/1/0/0/0,9716:1747647657099:,1747647667300
counter/1/0/0/0,9717:1747647657099:,1747647667300
counter/1/0/0/0,9718:1747647657099:,1747647667300
counter/1/0/0/0,9719:1747647657099:,1747647667300
counter/1/0/0/0,9720:1747647657099:,1747647667300
counter/1/0/0/0,9721:1747647657099:,1747647667300
counter/4/0/0/0,8837:1747647657135:,1747647667300
counter/3/0/0/0,9307:1747647656822:,1747647667300
counter/3/0/0/0,9308:1747647656839:,1747647667300
counter/3/0/0/0,9309:1747647656839:,1747647667300
counter/3/0/0/0,9310:1747647656839:,1747647667300
counter/3/0/0/0,9311:1747647656839:,1747647667300
counter/3/0/0/0,9312:1747647656839:,1747647667300
counter/3/0/0/0,9313:1747647656839:,1747647667301
counter/3/0/0/0,9314:1747647656839:,1747647667301
counter/3/0/0/0,9315:1747647656839:,1747647667301
counter/3/0/0/0,9316:1747647656840:,1747647667301
counter/3/0/0/0,9317:1747647656840:,1747647667301
counter/3/0/0/0,9318:1747647656840:,1747647667301
counter/3/0/0/0,9319:1747647656843:,1747647667301
counter/3/0/0/0,9320:1747647656843:,1747647667301
counter/3/0/0/0,9321:1747647656843:,1747647667301
counter/3/0/0/0,9322:1747647656857:,1747647667301
counter/3/0/0/0,9323:1747647656857:,1747647667301
counter/3/0/0/0,9324:1747647656857:,1747647667301
counter/10/0/0/0,8105:1747647655878:,1747647667301
counter/2/0/0/0,8593:1747647655533:,1747647667303
counter/2/0/0/0,8594:1747647655533:,1747647667303
counter/2/0/0/0,8595:1747647655533:,1747647667303
counter/2/0/0/0,8596:1747647655533:,1747647667303
counter/2/0/0/0,8597:1747647655538:,1747647667303
counter/2/0/0/0,8598:1747647655538:,1747647667303
counter/2/0/0/0,8599:1747647655538:,1747647667303
counter/2/0/0/0,8600:1747647655538:,1747647667303
counter/2/0/0/0,8601:1747647655538:,1747647667303
counter/2/0/0/0,8602:1747647655538:,1747647667303
counter/2/0/0/0,8603:1747647655538:,1747647667303
counter/2/0/0/0,8604:1747647655538:,1747647667303
counter/2/0/0/0,8605:1747647655538:,1747647667303
counter/2/0/0/0,8606:1747647655538:,1747647667303
counter/2/0/0/0,8607:1747647655538:,1747647667303
counter/1/0/0/0,9722:1747647657099:,1747647667304
counter/7/0/0/0,8588:1747647656570:,1747647667306
counter/7/0/0/0,8589:1747647656570:,1747647667306
counter/2/0/0/0,8608:1747647655539:,1747647667306
counter/7/0/0/0,8590:1747647656570:,1747647667306
counter/7/0/0/0,8591:1747647656570:,1747647667306
counter/7/0/0/0,8592:1747647656571:,1747647667306
counter/7/0/0/0,8593:1747647656571:,1747647667306
counter/2/0/0/0,8609:1747647655539:,1747647667307
counter/2/0/0/0,8610:1747647655539:,1747647667307
counter/1/0/0/0,9723:1747647657099:,1747647667309
counter/3/0/0/0,9325:1747647656857:,1747647667309
counter/9/0/0/0,9085:1747647656473:,1747647667310
counter/10/0/0/0,8106:1747647655878:,1747647667310
counter/7/0/0/0,8594:1747647656571:,1747647667310
counter/10/0/0/0,8107:1747647655878:,1747647667310
counter/10/0/0/0,8108:1747647655878:,1747647667310
counter/10/0/0/0,8109:1747647655879:,1747647667310
counter/10/0/0/0,8110:1747647655879:,1747647667310
counter/10/0/0/0,8111:1747647655879:,1747647667310
counter/10/0/0/0,8112:1747647655879:,1747647667310
counter/10/0/0/0,8113:1747647655879:,1747647667310
counter/4/0/0/0,8838:1747647657135:,1747647667310
counter/4/0/0/0,8839:1747647657135:,1747647667310
counter/4/0/0/0,8840:1747647657135:,1747647667310
counter/4/0/0/0,8841:1747647657135:,1747647667310
counter/3/0/0/0,9326:1747647656870:,1747647667310
counter/4/0/0/0,8842:1747647657135:,1747647667310
counter/6/0/0/0,8076:1747647656590:,1747647667311
counter/9/0/0/0,9086:1747647656473:,1747647667311
counter/5/0/0/0,8520:1747647655991:,1747647667311
counter/6/0/0/0,8077:1747647656590:,1747647667311
counter/7/0/0/0,8595:1747647656571:,1747647667311
counter/8/0/0/0,8831:1747647655889:,1747647667311
counter/1/0/0/0,9724:1747647657099:,1747647667312
counter/7/0/0/0,8596:1747647656571:,1747647667314
counter/7/0/0/0,8597:1747647656571:,1747647667314
counter/7/0/0/0,8598:1747647656574:,1747647667314
counter/10/0/0/0,8114:1747647655879:,1747647667314
counter/7/0/0/0,8599:1747647656574:,1747647667314
counter/10/0/0/0,8115:1747647655879:,1747647667314
counter/7/0/0/0,8600:1747647656574:,1747647667314
counter/10/0/0/0,8116:1747647655879:,1747647667314
counter/7/0/0/0,8601:1747647656576:,1747647667314
counter/7/0/0/0,8602:1747647656576:,1747647667315
counter/10/0/0/0,8117:1747647655879:,1747647667315
counter/9/0/0/0,9087:1747647656473:,1747647667315
counter/5/0/0/0,8521:1747647655991:,1747647667315
counter/10/0/0/0,8118:1747647655879:,1747647667316
counter/2/0/0/0,8611:1747647655539:,1747647667317
counter/10/0/0/0,8119:1747647655879:,1747647667317
counter/10/0/0/0,8120:1747647655879:,1747647667318
counter/10/0/0/0,8121:1747647655879:,1747647667318
counter/5/0/0/0,8522:1747647655991:,1747647667318
counter/10/0/0/0,8122:1747647655879:,1747647667318
counter/5/0/0/0,8523:1747647655991:,1747647667318
counter/10/0/0/0,8123:1747647655880:,1747647667318
counter/5/0/0/0,8524:1747647655991:,1747647667318
counter/10/0/0/0,8124:1747647655880:,1747647667318
counter/5/0/0/0,8525:1747647655993:,1747647667318
counter/5/0/0/0,8526:1747647655994:,1747647667318
counter/5/0/0/0,8527:1747647655994:,1747647667319
counter/5/0/0/0,8528:1747647655994:,1747647667319
counter/5/0/0/0,8529:1747647655994:,1747647667319
counter/7/0/0/0,8603:1747647656576:,1747647667323
counter/9/0/0/0,9088:1747647656473:,1747647667323
counter/9/0/0/0,9089:1747647656475:,1747647667323
counter/9/0/0/0,9090:1747647656478:,1747647667323
counter/7/0/0/0,8604:1747647656581:,1747647667324
counter/6/0/0/0,8078:1747647656590:,1747647667324
counter/6/0/0/0,8079:1747647656590:,1747647667324
counter/6/0/0/0,8080:1747647656590:,1747647667324
counter/6/0/0/0,8081:1747647656590:,1747647667324
counter/4/0/0/0,8843:1747647657135:,1747647667324
counter/4/0/0/0,8844:1747647657135:,1747647667324
counter/4/0/0/0,8845:1747647657135:,1747647667324
counter/4/0/0/0,8846:1747647657135:,1747647667324
counter/4/0/0/0,8847:1747647657149:,1747647667324
counter/4/0/0/0,8848:1747647657149:,1747647667324
counter/4/0/0/0,8849:1747647657150:,1747647667324
counter/1/0/0/0,9725:1747647657099:,1747647667324
counter/8/0/0/0,8832:1747647655889:,1747647667324
counter/7/0/0/0,8605:1747647656581:,1747647667325
counter/7/0/0/0,8606:1747647656581:,1747647667326
counter/3/0/0/0,9327:1747647656870:,1747647667326
counter/4/0/0/0,8850:1747647657150:,1747647667326
counter/2/0/0/0,8612:1747647655539:,1747647667326
counter/7/0/0/0,8607:1747647656581:,1747647667329
counter/7/0/0/0,8608:1747647656581:,1747647667329
counter/7/0/0/0,8609:1747647656581:,1747647667329
counter/7/0/0/0,8610:1747647656581:,1747647667329
counter/7/0/0/0,8611:1747647656581:,1747647667329
counter/7/0/0/0,8612:1747647656583:,1747647667330
counter/7/0/0/0,8613:1747647656583:,1747647667330
counter/7/0/0/0,8614:1747647656584:,1747647667330
counter/7/0/0/0,8615:1747647656584:,1747647667330
counter/7/0/0/0,8616:1747647656585:,1747647667330
counter/7/0/0/0,8617:1747647656585:,1747647667330
counter/7/0/0/0,8618:1747647656585:,1747647667330
counter/6/0/0/0,8082:1747647656590:,1747647667330
counter/6/0/0/0,8083:1747647656590:,1747647667331
counter/6/0/0/0,8084:1747647656590:,1747647667331
counter/6/0/0/0,8085:1747647656590:,1747647667331
counter/6/0/0/0,8086:1747647656597:,1747647667331
counter/6/0/0/0,8087:1747647656600:,1747647667331
counter/6/0/0/0,8088:1747647656600:,1747647667331
counter/6/0/0/0,8089:1747647656600:,1747647667331
counter/6/0/0/0,8090:1747647656600:,1747647667331
counter/6/0/0/0,8091:1747647656608:,1747647667331
counter/9/0/0/0,9091:1747647656479:,1747647667333
counter/1/0/0/0,9726:1747647657099:,1747647667334
counter/6/0/0/0,8092:1747647656608:,1747647667334
counter/6/0/0/0,8093:1747647656608:,1747647667334
counter/6/0/0/0,8094:1747647656608:,1747647667334
counter/8/0/0/0,8833:1747647655889:,1747647667335
counter/6/0/0/0,8095:1747647656608:,1747647667335
counter/6/0/0/0,8096:1747647656609:,1747647667335
counter/6/0/0/0,8097:1747647656609:,1747647667335
counter/2/0/0/0,8613:1747647655539:,1747647667335
counter/2/0/0/0,8614:1747647655539:,1747647667336
counter/4/0/0/0,8851:1747647657150:,1747647667337
counter/2/0/0/0,8615:1747647655539:,1747647667337
counter/4/0/0/0,8852:1747647657150:,1747647667337
counter/4/0/0/0,8853:1747647657150:,1747647667337
counter/4/0/0/0,8854:1747647657153:,1747647667337
counter/4/0/0/0,8855:1747647657153:,1747647667337
counter/2/0/0/0,8616:1747647655539:,1747647667337
counter/2/0/0/0,8617:1747647655539:,1747647667337
counter/2/0/0/0,8618:1747647655539:,1747647667337
counter/2/0/0/0,8619:1747647655539:,1747647667337
counter/4/0/0/0,8856:1747647657153:,1747647667337
counter/10/0/0/0,8125:1747647655880:,1747647667338
counter/10/0/0/0,8126:1747647655880:,1747647667338
counter/10/0/0/0,8127:1747647655880:,1747647667338
counter/8/0/0/0,8834:1747647655889:,1747647667338
counter/8/0/0/0,8835:1747647655889:,1747647667338
counter/8/0/0/0,8836:1747647655889:,1747647667338
counter/1/0/0/0,9727:1747647657099:,1747647667338
counter/9/0/0/0,9092:1747647656479:,1747647667338
counter/1/0/0/0,9728:1747647657099:,1747647667339
counter/9/0/0/0,9093:1747647656479:,1747647667339
counter/4/0/0/0,8857:1747647657156:,1747647667339
counter/4/0/0/0,8858:1747647657156:,1747647667339
counter/4/0/0/0,8859:1747647657156:,1747647667340
counter/4/0/0/0,8860:1747647657156:,1747647667340
counter/4/0/0/0,8861:1747647657156:,1747647667340
counter/4/0/0/0,8862:1747647657156:,1747647667340
counter/4/0/0/0,8863:1747647657156:,1747647667340
counter/4/0/0/0,8864:1747647657156:,1747647667340
counter/4/0/0/0,8865:1747647657159:,1747647667340
counter/4/0/0/0,8866:1747647657159:,1747647667340
counter/6/0/0/0,8098:1747647656609:,1747647667340
counter/9/0/0/0,9094:1747647656479:,1747647667340
counter/9/0/0/0,9095:1747647656479:,1747647667340
counter/9/0/0/0,9096:1747647656479:,1747647667340
counter/9/0/0/0,9097:1747647656479:,1747647667340
counter/9/0/0/0,9098:1747647656479:,1747647667340
counter/9/0/0/0,9099:1747647656498:,1747647667340
counter/2/0/0/0,8620:1747647655539:,1747647667340
counter/2/0/0/0,8621:1747647655539:,1747647667340
counter/2/0/0/0,8622:1747647655539:,1747647667340
counter/4/0/0/0,8867:1747647657159:,1747647667341
counter/4/0/0/0,8868:1747647657159:,1747647667341
counter/4/0/0/0,8869:1747647657159:,1747647667341
counter/4/0/0/0,8870:1747647657159:,1747647667341
counter/4/0/0/0,8871:1747647657159:,1747647667341
counter/4/0/0/0,8872:1747647657159:,1747647667341
counter/4/0/0/0,8873:1747647657159:,1747647667341
counter/4/0/0/0,8874:1747647657159:,1747647667341
counter/10/0/0/0,8128:1747647655880:,1747647667341
counter/7/0/0/0,8619:1747647656586:,1747647667341
counter/4/0/0/0,8875:1747647657159:,1747647667341
counter/10/0/0/0,8129:1747647655880:,1747647667341
counter/3/0/0/0,9328:1747647656870:,1747647667341
counter/9/0/0/0,9100:1747647656498:,1747647667342
counter/9/0/0/0,9101:1747647656498:,1747647667342
counter/9/0/0/0,9102:1747647656498:,1747647667342
counter/9/0/0/0,9103:1747647656498:,1747647667342
counter/8/0/0/0,8837:1747647655889:,1747647667342
counter/1/0/0/0,9729:1747647657099:,1747647667342
counter/7/0/0/0,8620:1747647656586:,1747647667342
counter/7/0/0/0,8621:1747647656594:,1747647667342
counter/4/0/0/0,8876:1747647657159:,1747647667343
counter/4/0/0/0,8877:1747647657159:,1747647667343
counter/4/0/0/0,8878:1747647657159:,1747647667343
counter/8/0/0/0,8838:1747647655889:,1747647667343
counter/2/0/0/0,8623:1747647655539:,1747647667343
counter/2/0/0/0,8624:1747647655539:,1747647667343
counter/2/0/0/0,8625:1747647655539:,1747647667343
counter/2/0/0/0,8626:1747647655539:,1747647667343
counter/2/0/0/0,8627:1747647655540:,1747647667343
counter/2/0/0/0,8628:1747647655541:,1747647667343
counter/2/0/0/0,8629:1747647655541:,1747647667343
counter/2/0/0/0,8630:1747647655556:,1747647667344
counter/6/0/0/0,8099:1747647656609:,1747647667344
counter/8/0/0/0,8839:1747647655889:,1747647667344
counter/8/0/0/0,8840:1747647655890:,1747647667344
counter/8/0/0/0,8841:1747647655890:,1747647667344
counter/8/0/0/0,8842:1747647655890:,1747647667344
counter/8/0/0/0,8843:1747647655890:,1747647667344
counter/8/0/0/0,8844:1747647655890:,1747647667344
counter/8/0/0/0,8845:1747647655890:,1747647667344
counter/8/0/0/0,8846:1747647655890:,1747647667344
counter/8/0/0/0,8847:1747647655890:,1747647667344
counter/8/0/0/0,8848:1747647655890:,1747647667344
counter/8/0/0/0,8849:1747647655890:,1747647667345
counter/8/0/0/0,8850:1747647655894:,1747647667345
counter/8/0/0/0,8851:1747647655894:,1747647667345
counter/8/0/0/0,8852:1747647655894:,1747647667345
counter/8/0/0/0,8853:1747647655894:,1747647667345
counter/8/0/0/0,8854:1747647655894:,1747647667345
counter/8/0/0/0,8855:1747647655896:,1747647667345
counter/10/0/0/0,8130:1747647655880:,1747647667345
counter/8/0/0/0,8856:1747647655896:,1747647667345
counter/8/0/0/0,8857:1747647655896:,1747647667345
counter/8/0/0/0,8858:1747647655896:,1747647667345
counter/8/0/0/0,8859:1747647655896:,1747647667345
counter/8/0/0/0,8860:1747647655896:,1747647667345
counter/8/0/0/0,8861:1747647655896:,1747647667345
counter/8/0/0/0,8862:1747647655896:,1747647667345
counter/8/0/0/0,8863:1747647655896:,1747647667346
counter/8/0/0/0,8864:1747647655896:,1747647667346
counter/5/0/0/0,8530:1747647655994:,1747647667346
counter/5/0/0/0,8531:1747647655994:,1747647667346
counter/5/0/0/0,8532:1747647655994:,1747647667346
counter/5/0/0/0,8533:1747647655994:,1747647667346
counter/5/0/0/0,8534:1747647655994:,1747647667346
counter/5/0/0/0,8535:1747647655994:,1747647667346
counter/5/0/0/0,8536:1747647655994:,1747647667346
counter/8/0/0/0,8865:1747647655896:,1747647667346
counter/8/0/0/0,8866:1747647655898:,1747647667346
counter/1/0/0/0,9730:1747647657099:,1747647667346
counter/1/0/0/0,9731:1747647657099:,1747647667346
counter/4/0/0/0,8879:1747647657159:,1747647667346
counter/4/0/0/0,8880:1747647657159:,1747647667346
counter/4/0/0/0,8881:1747647657159:,1747647667346
counter/3/0/0/0,9329:1747647656870:,1747647667346
counter/9/0/0/0,9104:1747647656498:,1747647667346
counter/7/0/0/0,8622:1747647656594:,1747647667347
counter/9/0/0/0,9105:1747647656504:,1747647667347
counter/10/0/0/0,8131:1747647655887:,1747647667347
counter/10/0/0/0,8132:1747647655887:,1747647667347
counter/10/0/0/0,8133:1747647655887:,1747647667347
counter/7/0/0/0,8623:1747647656594:,1747647667348
counter/7/0/0/0,8624:1747647656594:,1747647667348
counter/9/0/0/0,9106:1747647656504:,1747647667348
counter/9/0/0/0,9107:1747647656504:,1747647667348
counter/10/0/0/0,8134:1747647655887:,1747647667348
counter/10/0/0/0,8135:1747647655892:,1747647667348
counter/10/0/0/0,8136:1747647655892:,1747647667348
counter/2/0/0/0,8631:1747647655556:,1747647667348
counter/8/0/0/0,8867:1747647655898:,1747647667348
counter/8/0/0/0,8868:1747647655898:,1747647667348
counter/8/0/0/0,8869:1747647655898:,1747647667348
counter/4/0/0/0,8882:1747647657159:,1747647667348
counter/9/0/0/0,9108:1747647656504:,1747647667349
counter/10/0/0/0,8137:1747647655899:,1747647667349
counter/5/0/0/0,8537:1747647655994:,1747647667349
counter/5/0/0/0,8538:1747647655994:,1747647667349
counter/5/0/0/0,8539:1747647655994:,1747647667349
counter/5/0/0/0,8540:1747647655994:,1747647667350
counter/5/0/0/0,8541:1747647655994:,1747647667350
counter/5/0/0/0,8542:1747647655999:,1747647667350
counter/5/0/0/0,8543:1747647655999:,1747647667350
counter/5/0/0/0,8544:1747647655999:,1747647667350
counter/5/0/0/0,8545:1747647655999:,1747647667350
counter/5/0/0/0,8546:1747647655999:,1747647667350
counter/9/0/0/0,9109:1747647656504:,1747647667350
counter/9/0/0/0,9110:1747647656504:,1747647667350
counter/6/0/0/0,8100:1747647656619:,1747647667350
counter/6/0/0/0,8101:1747647656619:,1747647667350
counter/4/0/0/0,8883:1747647657159:,1747647667350
counter/5/0/0/0,8547:1747647655999:,1747647667351
counter/5/0/0/0,8548:1747647655999:,1747647667351
counter/5/0/0/0,8549:1747647655999:,1747647667351
counter/5/0/0/0,8550:1747647655999:,1747647667351
counter/5/0/0/0,8551:1747647655999:,1747647667351
counter/8/0/0/0,8870:1747647655898:,1747647667351
counter/1/0/0/0,9732:1747647657099:,1747647667351
counter/7/0/0/0,8625:1747647656594:,1747647667351
counter/1/0/0/0,9733:1747647657099:,1747647667352
counter/7/0/0/0,8626:1747647656594:,1747647667352
counter/7/0/0/0,8627:1747647656594:,1747647667352
counter/10/0/0/0,8138:1747647655899:,1747647667352
counter/8/0/0/0,8871:1747647655909:,1747647667353
counter/4/0/0/0,8884:1747647657159:,1747647667353
counter/9/0/0/0,9111:1747647656504:,1747647667353
counter/3/0/0/0,9330:1747647656870:,1747647667354
counter/1/0/0/0,9734:1747647657100:,1747647667354
counter/7/0/0/0,8628:1747647656594:,1747647667354
counter/7/0/0/0,8629:1747647656594:,1747647667354
counter/2/0/0/0,8632:1747647655557:,1747647667354
counter/2/0/0/0,8633:1747647655557:,1747647667354
counter/2/0/0/0,8634:1747647655557:,1747647667354
counter/2/0/0/0,8635:1747647655557:,1747647667354
counter/2/0/0/0,8636:1747647655557:,1747647667355
counter/4/0/0/0,8885:1747647657159:,1747647667355
counter/4/0/0/0,8886:1747647657159:,1747647667355
counter/4/0/0/0,8887:1747647657161:,1747647667355
counter/4/0/0/0,8888:1747647657161:,1747647667355
counter/4/0/0/0,8889:1747647657161:,1747647667355
counter/2/0/0/0,8637:1747647655585:,1747647667355
counter/9/0/0/0,9112:1747647656504:,1747647667356
counter/2/0/0/0,8638:1747647655585:,1747647667356
counter/4/0/0/0,8890:1747647657161:,1747647667356
counter/2/0/0/0,8639:1747647655585:,1747647667356
counter/4/0/0/0,8891:1747647657161:,1747647667356
counter/2/0/0/0,8640:1747647655585:,1747647667356
counter/4/0/0/0,8892:1747647657161:,1747647667356
counter/10/0/0/0,8139:1747647655899:,1747647667356
counter/8/0/0/0,8872:1747647655909:,1747647667356
counter/8/0/0/0,8873:1747647655909:,1747647667356
counter/8/0/0/0,8874:1747647655909:,1747647667356
counter/8/0/0/0,8875:1747647655909:,1747647667356
counter/8/0/0/0,8876:1747647655909:,1747647667356
counter/6/0/0/0,8102:1747647656619:,1747647667359
counter/4/0/0/0,8893:1747647657161:,1747647667359
counter/4/0/0/0,8894:1747647657161:,1747647667359
counter/4/0/0/0,8895:1747647657161:,1747647667359
counter/4/0/0/0,8896:1747647657161:,1747647667359
counter/4/0/0/0,8897:1747647657161:,1747647667359
counter/10/0/0/0,8140:1747647655899:,1747647667359
counter/10/0/0/0,8141:1747647655903:,1747647667359
counter/10/0/0/0,8142:1747647655903:,1747647667359
counter/10/0/0/0,8143:1747647655903:,1747647667359
counter/10/0/0/0,8144:1747647655903:,1747647667359
counter/10/0/0/0,8145:1747647655903:,1747647667359
counter/10/0/0/0,8146:1747647655903:,1747647667359
counter/10/0/0/0,8147:1747647655903:,1747647667359
counter/10/0/0/0,8148:1747647655903:,1747647667359
counter/9/0/0/0,9113:1747647656504:,1747647667360
counter/8/0/0/0,8877:1747647655909:,1747647667360
counter/9/0/0/0,9114:1747647656504:,1747647667360
counter/9/0/0/0,9115:1747647656504:,1747647667361
counter/9/0/0/0,9116:1747647656504:,1747647667361
counter/9/0/0/0,9117:1747647656504:,1747647667361
counter/9/0/0/0,9118:1747647656505:,1747647667361
counter/9/0/0/0,9119:1747647656505:,1747647667361
counter/9/0/0/0,9120:1747647656512:,1747647667361
counter/4/0/0/0,8898:1747647657161:,1747647667361
counter/10/0/0/0,8149:1747647655903:,1747647667361
counter/8/0/0/0,8878:1747647655909:,1747647667361
counter/1/0/0/0,9735:1747647657104:,1747647667362
counter/4/0/0/0,8899:1747647657161:,1747647667364
counter/4/0/0/0,8900:1747647657161:,1747647667364
counter/4/0/0/0,8901:1747647657161:,1747647667364
counter/4/0/0/0,8902:1747647657161:,1747647667364
counter/4/0/0/0,8903:1747647657161:,1747647667364
counter/4/0/0/0,8904:1747647657162:,1747647667364
counter/4/0/0/0,8905:1747647657162:,1747647667364
counter/1/0/0/0,9736:1747647657109:,1747647667365
counter/1/0/0/0,9737:1747647657109:,1747647667365
counter/1/0/0/0,9738:1747647657109:,1747647667365
counter/7/0/0/0,8630:1747647656594:,1747647667365
counter/1/0/0/0,9739:1747647657109:,1747647667365
counter/1/0/0/0,9740:1747647657109:,1747647667365
counter/3/0/0/0,9331:1747647656870:,1747647667365
counter/10/0/0/0,8150:1747647655903:,1747647667365
counter/10/0/0/0,8151:1747647655903:,1747647667365
counter/10/0/0/0,8152:1747647655903:,1747647667365
counter/10/0/0/0,8153:1747647655903:,1747647667365
counter/8/0/0/0,8879:1747647655909:,1747647667365
counter/8/0/0/0,8880:1747647655910:,1747647667366
counter/8/0/0/0,8881:1747647655910:,1747647667366
counter/8/0/0/0,8882:1747647655910:,1747647667366
counter/4/0/0/0,8906:1747647657162:,1747647667366
counter/1/0/0/0,9741:1747647657109:,1747647667367
counter/1/0/0/0,9742:1747647657109:,1747647667367
counter/1/0/0/0,9743:1747647657110:,1747647667367
counter/1/0/0/0,9744:1747647657110:,1747647667367
counter/1/0/0/0,9745:1747647657112:,1747647667367
counter/1/0/0/0,9746:1747647657121:,1747647667367
counter/1/0/0/0,9747:1747647657121:,1747647667367
counter/1/0/0/0,9748:1747647657122:,1747647667367
counter/1/0/0/0,9749:1747647657122:,1747647667367
counter/1/0/0/0,9750:1747647657122:,1747647667367
counter/1/0/0/0,9751:1747647657122:,1747647667367
counter/5/0/0/0,8552:1747647656003:,1747647667367
counter/1/0/0/0,9752:1747647657122:,1747647667367
counter/8/0/0/0,8883:1747647655910:,1747647667367
counter/5/0/0/0,8553:1747647656006:,1747647667367
counter/8/0/0/0,8884:1747647655910:,1747647667367
counter/7/0/0/0,8631:1747647656594:,1747647667367
counter/7/0/0/0,8632:1747647656598:,1747647667368
counter/7/0/0/0,8633:1747647656599:,1747647667368
counter/7/0/0/0,8634:1747647656599:,1747647667368
counter/7/0/0/0,8635:1747647656600:,1747647667368
counter/7/0/0/0,8636:1747647656600:,1747647667368
counter/2/0/0/0,8641:1747647655585:,1747647667368
counter/4/0/0/0,8907:1747647657166:,1747647667368
counter/2/0/0/0,8642:1747647655585:,1747647667368
counter/2/0/0/0,8643:1747647655585:,1747647667368
counter/2/0/0/0,8644:1747647655585:,1747647667368
counter/2/0/0/0,8645:1747647655585:,1747647667368
counter/2/0/0/0,8646:1747647655585:,1747647667368
counter/2/0/0/0,8647:1747647655585:,1747647667368
counter/1/0/0/0,9753:1747647657122:,1747647667368
counter/9/0/0/0,9121:1747647656516:,1747647667368
counter/10/0/0/0,8154:1747647655903:,1747647667368
counter/10/0/0/0,8155:1747647655903:,1747647667368
counter/10/0/0/0,8156:1747647655903:,1747647667368
counter/10/0/0/0,8157:1747647655914:,1747647667368
counter/10/0/0/0,8158:1747647655914:,1747647667368
counter/7/0/0/0,8637:1747647656600:,1747647667369
counter/9/0/0/0,9122:1747647656516:,1747647667369
counter/9/0/0/0,9123:1747647656516:,1747647667369
counter/4/0/0/0,8908:1747647657166:,1747647667369
counter/9/0/0/0,9124:1747647656527:,1747647667369
counter/9/0/0/0,9125:1747647656527:,1747647667370
counter/9/0/0/0,9126:1747647656529:,1747647667370
counter/9/0/0/0,9127:1747647656529:,1747647667370
counter/4/0/0/0,8909:1747647657167:,1747647667370
counter/9/0/0/0,9128:1747647656529:,1747647667370
counter/5/0/0/0,8554:1747647656006:,1747647667370
counter/5/0/0/0,8555:1747647656006:,1747647667370
counter/5/0/0/0,8556:1747647656006:,1747647667370
counter/5/0/0/0,8557:1747647656007:,1747647667370
counter/5/0/0/0,8558:1747647656007:,1747647667370
counter/4/0/0/0,8910:1747647657169:,1747647667372
counter/6/0/0/0,8103:1747647656619:,1747647667372
counter/6/0/0/0,8104:1747647656619:,1747647667372
counter/6/0/0/0,8105:1747647656619:,1747647667372
counter/6/0/0/0,8106:1747647656619:,1747647667372
counter/6/0/0/0,8107:1747647656619:,1747647667372
counter/6/0/0/0,8108:1747647656620:,1747647667372
counter/6/0/0/0,8109:1747647656620:,1747647667372
counter/6/0/0/0,8110:1747647656620:,1747647667372
counter/6/0/0/0,8111:1747647656620:,1747647667372
counter/6/0/0/0,8112:1747647656620:,1747647667372
counter/3/0/0/0,9332:1747647656870:,1747647667373
counter/3/0/0/0,9333:1747647656870:,1747647667373
counter/3/0/0/0,9334:1747647656870:,1747647667373
counter/3/0/0/0,9335:1747647656870:,1747647667373
counter/3/0/0/0,9336:1747647656870:,1747647667373
counter/3/0/0/0,9337:1747647656870:,1747647667373
counter/3/0/0/0,9338:1747647656870:,1747647667373
counter/5/0/0/0,8559:1747647656007:,1747647667373
counter/5/0/0/0,8560:1747647656007:,1747647667373
counter/5/0/0/0,8561:1747647656007:,1747647667373
counter/7/0/0/0,8638:1747647656600:,1747647667374
counter/7/0/0/0,8639:1747647656600:,1747647667374
counter/6/0/0/0,8113:1747647656620:,1747647667374
counter/7/0/0/0,8640:1747647656603:,1747647667374
counter/2/0/0/0,8648:1747647655586:,1747647667374
counter/7/0/0/0,8641:1747647656603:,1747647667374
counter/2/0/0/0,8649:1747647655586:,1747647667374
counter/7/0/0/0,8642:1747647656603:,1747647667374
counter/2/0/0/0,8650:1747647655586:,1747647667374
counter/2/0/0/0,8651:1747647655586:,1747647667374
counter/2/0/0/0,8652:1747647655586:,1747647667374
counter/9/0/0/0,9129:1747647656530:,1747647667376
counter/9/0/0/0,9130:1747647656530:,1747647667376
counter/9/0/0/0,9131:1747647656530:,1747647667376
counter/9/0/0/0,9132:1747647656530:,1747647667376
counter/9/0/0/0,9133:1747647656530:,1747647667376
counter/5/0/0/0,8562:1747647656007:,1747647667376
counter/9/0/0/0,9134:1747647656530:,1747647667376
counter/5/0/0/0,8563:1747647656016:,1747647667377
counter/5/0/0/0,8564:1747647656016:,1747647667377
counter/5/0/0/0,8565:1747647656016:,1747647667377
counter/5/0/0/0,8566:1747647656016:,1747647667377
counter/5/0/0/0,8567:1747647656016:,1747647667377
counter/5/0/0/0,8568:1747647656017:,1747647667377
counter/5/0/0/0,8569:1747647656017:,1747647667377
counter/2/0/0/0,8653:1747647655586:,1747647667378
counter/2/0/0/0,8654:1747647655586:,1747647667378
counter/2/0/0/0,8655:1747647655597:,1747647667378
counter/2/0/0/0,8656:1747647655597:,1747647667378
counter/8/0/0/0,8885:1747647655910:,1747647667378
counter/9/0/0/0,9135:1747647656530:,1747647667378
counter/9/0/0/0,9136:1747647656530:,1747647667378
counter/9/0/0/0,9137:1747647656530:,1747647667379
counter/9/0/0/0,9138:1747647656530:,1747647667379
counter/9/0/0/0,9139:1747647656532:,1747647667379
counter/9/0/0/0,9140:1747647656533:,1747647667379
counter/9/0/0/0,9141:1747647656533:,1747647667379
counter/9/0/0/0,9142:1747647656533:,1747647667379
counter/9/0/0/0,9143:1747647656533:,1747647667379
counter/9/0/0/0,9144:1747647656533:,1747647667379
counter/9/0/0/0,9145:1747647656533:,1747647667379
counter/9/0/0/0,9146:1747647656533:,1747647667379
counter/5/0/0/0,8570:1747647656017:,1747647667379
counter/5/0/0/0,8571:1747647656017:,1747647667379
counter/5/0/0/0,8572:1747647656017:,1747647667379
counter/8/0/0/0,8886:1747647655910:,1747647667379
counter/8/0/0/0,8887:1747647655910:,1747647667379
counter/8/0/0/0,8888:1747647655910:,1747647667379
counter/8/0/0/0,8889:1747647655910:,1747647667379
counter/8/0/0/0,8890:1747647655910:,1747647667379
counter/8/0/0/0,8891:1747647655910:,1747647667379
counter/8/0/0/0,8892:1747647655917:,1747647667380
counter/8/0/0/0,8893:1747647655917:,1747647667380
counter/8/0/0/0,8894:1747647655917:,1747647667380
counter/9/0/0/0,9147:1747647656533:,1747647667380
counter/8/0/0/0,8895:1747647655917:,1747647667380
counter/9/0/0/0,9148:1747647656533:,1747647667380
counter/7/0/0/0,8643:1747647656603:,1747647667380
counter/7/0/0/0,8644:1747647656603:,1747647667380
counter/7/0/0/0,8645:1747647656603:,1747647667380
counter/7/0/0/0,8646:1747647656603:,1747647667380
counter/5/0/0/0,8573:1747647656017:,1747647667380
counter/6/0/0/0,8114:1747647656620:,1747647667380
counter/6/0/0/0,8115:1747647656620:,1747647667380
counter/6/0/0/0,8116:1747647656620:,1747647667380
counter/6/0/0/0,8117:1747647656620:,1747647667380
counter/6/0/0/0,8118:1747647656625:,1747647667380
counter/6/0/0/0,8119:1747647656625:,1747647667380
counter/4/0/0/0,8911:1747647657169:,1747647667381
counter/4/0/0/0,8912:1747647657169:,1747647667381
counter/4/0/0/0,8913:1747647657169:,1747647667381
counter/4/0/0/0,8914:1747647657170:,1747647667381
counter/4/0/0/0,8915:1747647657171:,1747647667381
counter/5/0/0/0,8574:1747647656017:,1747647667381
counter/8/0/0/0,8896:1747647655917:,1747647667381
counter/9/0/0/0,9149:1747647656533:,1747647667382
counter/9/0/0/0,9150:1747647656533:,1747647667382
counter/9/0/0/0,9151:1747647656533:,1747647667382
counter/9/0/0/0,9152:1747647656533:,1747647667382
counter/8/0/0/0,8897:1747647655917:,1747647667382
counter/9/0/0/0,9153:1747647656546:,1747647667382
counter/9/0/0/0,9154:1747647656546:,1747647667382
counter/9/0/0/0,9155:1747647656547:,1747647667383
counter/9/0/0/0,9156:1747647656547:,1747647667383
counter/8/0/0/0,8898:1747647655917:,1747647667384
counter/8/0/0/0,8899:1747647655917:,1747647667384
counter/8/0/0/0,8900:1747647655917:,1747647667384
counter/8/0/0/0,8901:1747647655918:,1747647667384
counter/8/0/0/0,8902:1747647655918:,1747647667384
counter/8/0/0/0,8903:1747647655918:,1747647667384
counter/8/0/0/0,8904:1747647655919:,1747647667384
counter/4/0/0/0,8916:1747647657171:,1747647667384
counter/8/0/0/0,8905:1747647655919:,1747647667384
counter/4/0/0/0,8917:1747647657171:,1747647667384
counter/4/0/0/0,8918:1747647657171:,1747647667384
counter/10/0/0/0,8159:1747647655920:,1747647667384
counter/1/0/0/0,9754:1747647657122:,1747647667385
counter/1/0/0/0,9755:1747647657122:,1747647667385
counter/1/0/0/0,9756:1747647657124:,1747647667385
counter/6/0/0/0,8120:1747647656625:,1747647667385
counter/1/0/0/0,9757:1747647657124:,1747647667385
counter/4/0/0/0,8919:1747647657171:,1747647667385
counter/1/0/0/0,9758:1747647657124:,1747647667385
counter/1/0/0/0,9759:1747647657124:,1747647667385
counter/1/0/0/0,9760:1747647657124:,1747647667385
counter/2/0/0/0,8657:1747647655597:,1747647667385
counter/7/0/0/0,8647:1747647656603:,1747647667385
counter/7/0/0/0,8648:1747647656603:,1747647667385
counter/7/0/0/0,8649:1747647656612:,1747647667385
counter/7/0/0/0,8650:1747647656612:,1747647667385
counter/7/0/0/0,8651:1747647656612:,1747647667385
counter/7/0/0/0,8652:1747647656612:,1747647667385
counter/1/0/0/0,9761:1747647657124:,1747647667386
counter/1/0/0/0,9762:1747647657124:,1747647667386
counter/1/0/0/0,9763:1747647657124:,1747647667386
counter/1/0/0/0,9764:1747647657124:,1747647667386
counter/1/0/0/0,9765:1747647657124:,1747647667386
counter/1/0/0/0,9766:1747647657124:,1747647667386
counter/1/0/0/0,9767:1747647657124:,1747647667386
counter/1/0/0/0,9768:1747647657124:,1747647667386
counter/10/0/0/0,8160:1747647655920:,1747647667386
counter/6/0/0/0,8121:1747647656628:,1747647667387
counter/10/0/0/0,8161:1747647655920:,1747647667387
counter/10/0/0/0,8162:1747647655920:,1747647667387
counter/10/0/0/0,8163:1747647655920:,1747647667387
counter/10/0/0/0,8164:1747647655920:,1747647667387
counter/10/0/0/0,8165:1747647655920:,1747647667387
counter/10/0/0/0,8166:1747647655920:,1747647667387
counter/10/0/0/0,8167:1747647655920:,1747647667387
counter/10/0/0/0,8168:1747647655921:,1747647667387
counter/10/0/0/0,8169:1747647655921:,1747647667387
counter/10/0/0/0,8170:1747647655921:,1747647667388
counter/10/0/0/0,8171:1747647655921:,1747647667388
counter/10/0/0/0,8172:1747647655922:,1747647667388
counter/1/0/0/0,9769:1747647657124:,1747647667388
counter/1/0/0/0,9770:1747647657124:,1747647667388
counter/1/0/0/0,9771:1747647657125:,1747647667388
counter/1/0/0/0,9772:1747647657125:,1747647667388
counter/1/0/0/0,9773:1747647657125:,1747647667388
counter/3/0/0/0,9339:1747647656870:,1747647667388
counter/3/0/0/0,9340:1747647656870:,1747647667388
counter/8/0/0/0,8906:1747647655919:,1747647667388
counter/8/0/0/0,8907:1747647655919:,1747647667388
counter/9/0/0/0,9157:1747647656547:,1747647667389
counter/1/0/0/0,9774:1747647657125:,1747647667389
counter/9/0/0/0,9158:1747647656547:,1747647667389
counter/9/0/0/0,9159:1747647656547:,1747647667389
counter/9/0/0/0,9160:1747647656547:,1747647667389
counter/9/0/0/0,9161:1747647656547:,1747647667390
counter/9/0/0/0,9162:1747647656547:,1747647667390
counter/9/0/0/0,9163:1747647656548:,1747647667390
counter/9/0/0/0,9164:1747647656548:,1747647667390
counter/2/0/0/0,8658:1747647655602:,1747647667390
counter/2/0/0/0,8659:1747647655604:,1747647667390
counter/2/0/0/0,8660:1747647655604:,1747647667390
counter/4/0/0/0,8920:1747647657171:,1747647667390
counter/10/0/0/0,8173:1747647655922:,1747647667391
counter/10/0/0/0,8174:1747647655936:,1747647667391
counter/10/0/0/0,8175:1747647655936:,1747647667391
counter/10/0/0/0,8176:1747647655936:,1747647667391
counter/10/0/0/0,8177:1747647655936:,1747647667391
counter/10/0/0/0,8178:1747647655936:,1747647667392
counter/10/0/0/0,8179:1747647655936:,1747647667392
counter/7/0/0/0,8653:1747647656612:,1747647667392
counter/6/0/0/0,8122:1747647656628:,1747647667393
counter/6/0/0/0,8123:1747647656629:,1747647667393
counter/6/0/0/0,8124:1747647656629:,1747647667393
counter/9/0/0/0,9165:1747647656551:,1747647667393
counter/4/0/0/0,8921:1747647657171:,1747647667394
counter/3/0/0/0,9341:1747647656884:,1747647667394
counter/6/0/0/0,8125:1747647656629:,1747647667395
counter/9/0/0/0,9166:1747647656551:,1747647667395
counter/9/0/0/0,9167:1747647656551:,1747647667395
counter/9/0/0/0,9168:1747647656551:,1747647667395
counter/7/0/0/0,8654:1747647656612:,1747647667395
counter/7/0/0/0,8655:1747647656612:,1747647667395
counter/7/0/0/0,8656:1747647656614:,1747647667395
counter/7/0/0/0,8657:1747647656622:,1747647667396
counter/7/0/0/0,8658:1747647656622:,1747647667396
counter/7/0/0/0,8659:1747647656622:,1747647667396
counter/7/0/0/0,8660:1747647656622:,1747647667396
counter/10/0/0/0,8180:1747647655936:,1747647667397
counter/3/0/0/0,9342:1747647656884:,1747647667397
counter/3/0/0/0,9343:1747647656884:,1747647667397
counter/3/0/0/0,9344:1747647656884:,1747647667397
counter/3/0/0/0,9345:1747647656884:,1747647667397
counter/3/0/0/0,9346:1747647656884:,1747647667397
counter/3/0/0/0,9347:1747647656884:,1747647667397
counter/3/0/0/0,9348:1747647656884:,1747647667397
counter/8/0/0/0,8908:1747647655919:,1747647667397
counter/1/0/0/0,9775:1747647657125:,1747647667397
counter/2/0/0/0,8661:1747647655604:,1747647667397
counter/2/0/0/0,8662:1747647655604:,1747647667398
counter/2/0/0/0,8663:1747647655604:,1747647667398
counter/9/0/0/0,9169:1747647656551:,1747647667398
counter/9/0/0/0,9170:1747647656551:,1747647667398
counter/9/0/0/0,9171:1747647656551:,1747647667398
counter/10/0/0/0,8181:1747647655936:,1747647667398
counter/10/0/0/0,8182:1747647655936:,1747647667398
counter/10/0/0/0,8183:1747647655936:,1747647667398
counter/10/0/0/0,8184:1747647655936:,1747647667398
counter/10/0/0/0,8185:1747647655936:,1747647667398
counter/3/0/0/0,9349:1747647656884:,1747647667398
counter/2/0/0/0,8664:1747647655604:,1747647667399
counter/2/0/0/0,8665:1747647655604:,1747647667399
counter/2/0/0/0,8666:1747647655604:,1747647667399
counter/2/0/0/0,8667:1747647655605:,1747647667399
counter/3/0/0/0,9350:1747647656884:,1747647667400
counter/3/0/0/0,9351:1747647656884:,1747647667400
counter/3/0/0/0,9352:1747647656903:,1747647667400
counter/3/0/0/0,9353:1747647656903:,1747647667400
counter/3/0/0/0,9354:1747647656903:,1747647667400
counter/6/0/0/0,8126:1747647656629:,1747647667400
counter/9/0/0/0,9172:1747647656551:,1747647667402
counter/3/0/0/0,9355:1747647656903:,1747647667402
counter/3/0/0/0,9356:1747647656903:,1747647667402
counter/3/0/0/0,9357:1747647656903:,1747647667402
counter/3/0/0/0,9358:1747647656921:,1747647667402
counter/3/0/0/0,9359:1747647656921:,1747647667402
counter/3/0/0/0,9360:1747647656921:,1747647667402
counter/3/0/0/0,9361:1747647656921:,1747647667402
counter/3/0/0/0,9362:1747647656921:,1747647667402
counter/3/0/0/0,9363:1747647656921:,1747647667402
counter/3/0/0/0,9364:1747647656921:,1747647667402
counter/1/0/0/0,9776:1747647657129:,1747647667402
counter/5/0/0/0,8575:1747647656017:,1747647667402
counter/8/0/0/0,8909:1747647655919:,1747647667402
counter/7/0/0/0,8661:1747647656622:,1747647667402
counter/9/0/0/0,9173:1747647656551:,1747647667402
counter/9/0/0/0,9174:1747647656552:,1747647667402
counter/9/0/0/0,9175:1747647656552:,1747647667402
counter/9/0/0/0,9176:1747647656552:,1747647667402
counter/3/0/0/0,9365:1747647656921:,1747647667402
counter/3/0/0/0,9366:1747647656921:,1747647667403
counter/3/0/0/0,9367:1747647656921:,1747647667403
counter/3/0/0/0,9368:1747647656921:,1747647667403
counter/3/0/0/0,9369:1747647656921:,1747647667403
counter/3/0/0/0,9370:1747647656921:,1747647667403
counter/3/0/0/0,9371:1747647656921:,1747647667403
counter/3/0/0/0,9372:1747647656921:,1747647667403
counter/3/0/0/0,9373:1747647656922:,1747647667403
counter/3/0/0/0,9374:1747647656922:,1747647667403
counter/3/0/0/0,9375:1747647656922:,1747647667403
counter/9/0/0/0,9177:1747647656552:,1747647667404
counter/9/0/0/0,9178:1747647656552:,1747647667404
counter/9/0/0/0,9179:1747647656552:,1747647667405
counter/9/0/0/0,9180:1747647656552:,1747647667405
counter/2/0/0/0,8668:1747647655605:,1747647667405
counter/2/0/0/0,8669:1747647655605:,1747647667405
counter/2/0/0/0,8670:1747647655605:,1747647667405
counter/2/0/0/0,8671:1747647655619:,1747647667405
counter/1/0/0/0,9777:1747647657129:,1747647667405
counter/5/0/0/0,8576:1747647656017:,1747647667405
counter/5/0/0/0,8577:1747647656017:,1747647667405
counter/4/0/0/0,8922:1747647657171:,1747647667405
counter/2/0/0/0,8672:1747647655620:,1747647667406
counter/2/0/0/0,8673:1747647655620:,1747647667406
counter/2/0/0/0,8674:1747647655620:,1747647667407
counter/2/0/0/0,8675:1747647655620:,1747647667407
counter/2/0/0/0,8676:1747647655620:,1747647667407
counter/2/0/0/0,8677:1747647655620:,1747647667407
counter/2/0/0/0,8678:1747647655620:,1747647667407
counter/2/0/0/0,8679:1747647655620:,1747647667407
counter/2/0/0/0,8680:1747647655620:,1747647667407
counter/7/0/0/0,8662:1747647656622:,1747647667407
counter/4/0/0/0,8923:1747647657171:,1747647667407
counter/5/0/0/0,8578:1747647656017:,1747647667407
counter/5/0/0/0,8579:1747647656017:,1747647667407
counter/5/0/0/0,8580:1747647656017:,1747647667407
counter/1/0/0/0,9778:1747647657129:,1747647667408
counter/6/0/0/0,8127:1747647656629:,1747647667408
counter/9/0/0/0,9181:1747647656552:,1747647667408
counter/9/0/0/0,9182:1747647656552:,1747647667408
counter/9/0/0/0,9183:1747647656552:,1747647667408
counter/10/0/0/0,8186:1747647655936:,1747647667408
counter/10/0/0/0,8187:1747647655936:,1747647667408
counter/1/0/0/0,9779:1747647657129:,1747647667410
counter/1/0/0/0,9780:1747647657129:,1747647667410
counter/1/0/0/0,9781:1747647657129:,1747647667410
counter/6/0/0/0,8128:1747647656629:,1747647667410
counter/9/0/0/0,9184:1747647656552:,1747647667410
counter/9/0/0/0,9185:1747647656552:,1747647667410
counter/9/0/0/0,9186:1747647656552:,1747647667410
counter/7/0/0/0,8663:1747647656622:,1747647667411
counter/7/0/0/0,8664:1747647656622:,1747647667411
counter/2/0/0/0,8681:1747647655620:,1747647667412
counter/2/0/0/0,8682:1747647655624:,1747647667412
counter/7/0/0/0,8665:1747647656628:,1747647667412
counter/2/0/0/0,8683:1747647655624:,1747647667412
counter/8/0/0/0,8910:1747647655919:,1747647667412
counter/2/0/0/0,8684:1747647655624:,1747647667412
counter/2/0/0/0,8685:1747647655638:,1747647667413
counter/4/0/0/0,8924:1747647657171:,1747647667413
counter/6/0/0/0,8129:1747647656629:,1747647667413
counter/3/0/0/0,9376:1747647656922:,1747647667413
counter/9/0/0/0,9187:1747647656552:,1747647667413
counter/3/0/0/0,9377:1747647656922:,1747647667414
counter/9/0/0/0,9188:1747647656552:,1747647667415
counter/2/0/0/0,8686:1747647655638:,1747647667416
counter/2/0/0/0,8687:1747647655638:,1747647667416
counter/2/0/0/0,8688:1747647655638:,1747647667416
counter/2/0/0/0,8689:1747647655638:,1747647667416
counter/2/0/0/0,8690:1747647655638:,1747647667416
counter/2/0/0/0,8691:1747647655638:,1747647667416
counter/4/0/0/0,8925:1747647657171:,1747647667416
counter/7/0/0/0,8666:1747647656629:,1747647667416
counter/7/0/0/0,8667:1747647656629:,1747647667416
counter/7/0/0/0,8668:1747647656629:,1747647667416
counter/6/0/0/0,8130:1747647656629:,1747647667416
counter/6/0/0/0,8131:1747647656629:,1747647667416
counter/4/0/0/0,8926:1747647657171:,1747647667418
counter/7/0/0/0,8669:1747647656630:,1747647667418
counter/7/0/0/0,8670:1747647656642:,1747647667418
counter/6/0/0/0,8132:1747647656629:,1747647667418
counter/3/0/0/0,9378:1747647656922:,1747647667418
counter/3/0/0/0,9379:1747647656922:,1747647667418
counter/3/0/0/0,9380:1747647656922:,1747647667418
counter/3/0/0/0,9381:1747647656922:,1747647667418
counter/3/0/0/0,9382:1747647656922:,1747647667418
counter/3/0/0/0,9383:1747647656922:,1747647667418
counter/3/0/0/0,9384:1747647656922:,1747647667418
counter/3/0/0/0,9385:1747647656922:,1747647667418
counter/1/0/0/0,9782:1747647657133:,1747647667418
counter/2/0/0/0,8692:1747647655638:,1747647667418
counter/1/0/0/0,9783:1747647657134:,1747647667418
counter/1/0/0/0,9784:1747647657134:,1747647667419
counter/4/0/0/0,8927:1747647657171:,1747647667419
counter/5/0/0/0,8581:1747647656017:,1747647667419
counter/6/0/0/0,8133:1747647656631:,1747647667419
counter/9/0/0/0,9189:1747647656552:,1747647667419
counter/9/0/0/0,9190:1747647656552:,1747647667419
counter/3/0/0/0,9386:1747647656922:,1747647667419
counter/10/0/0/0,8188:1747647655936:,1747647667420
counter/8/0/0/0,8911:1747647655919:,1747647667420
counter/7/0/0/0,8671:1747647656644:,1747647667420
counter/7/0/0/0,8672:1747647656644:,1747647667421
counter/7/0/0/0,8673:1747647656644:,1747647667421
counter/4/0/0/0,8928:1747647657171:,1747647667421
counter/9/0/0/0,9191:1747647656552:,1747647667421
counter/1/0/0/0,9785:1747647657134:,1747647667421
counter/1/0/0/0,9786:1747647657134:,1747647667421
counter/1/0/0/0,9787:1747647657134:,1747647667421
counter/1/0/0/0,9788:1747647657134:,1747647667421
counter/1/0/0/0,9789:1747647657134:,1747647667421
counter/1/0/0/0,9790:1747647657134:,1747647667421
counter/1/0/0/0,9791:1747647657134:,1747647667421
counter/9/0/0/0,9192:1747647656552:,1747647667421
counter/9/0/0/0,9193:1747647656552:,1747647667421
counter/8/0/0/0,8912:1747647655919:,1747647667422
counter/3/0/0/0,9387:1747647656922:,1747647667422
counter/9/0/0/0,9194:1747647656552:,1747647667422
counter/9/0/0/0,9195:1747647656552:,1747647667422
counter/2/0/0/0,8693:1747647655638:,1747647667423
counter/2/0/0/0,8694:1747647655638:,1747647667423
counter/2/0/0/0,8695:1747647655638:,1747647667423
counter/2/0/0/0,8696:1747647655638:,1747647667423
counter/1/0/0/0,9792:1747647657134:,1747647667424
counter/1/0/0/0,9793:1747647657134:,1747647667424
counter/1/0/0/0,9794:1747647657134:,1747647667424
counter/1/0/0/0,9795:1747647657134:,1747647667424
counter/1/0/0/0,9796:1747647657137:,1747647667424
counter/10/0/0/0,8189:1747647655936:,1747647667424
counter/10/0/0/0,8190:1747647655936:,1747647667424
counter/4/0/0/0,8929:1747647657171:,1747647667424
counter/5/0/0/0,8582:1747647656017:,1747647667425
counter/2/0/0/0,8697:1747647655638:,1747647667425
counter/5/0/0/0,8583:1747647656019:,1747647667425
counter/5/0/0/0,8584:1747647656020:,1747647667425
counter/5/0/0/0,8585:1747647656020:,1747647667425
counter/5/0/0/0,8586:1747647656020:,1747647667425
counter/5/0/0/0,8587:1747647656020:,1747647667425
counter/5/0/0/0,8588:1747647656020:,1747647667426
counter/5/0/0/0,8589:1747647656020:,1747647667426
counter/5/0/0/0,8590:1747647656020:,1747647667426
counter/5/0/0/0,8591:1747647656030:,1747647667426
counter/5/0/0/0,8592:1747647656030:,1747647667426
counter/3/0/0/0,9388:1747647656922:,1747647667426
counter/4/0/0/0,8930:1747647657177:,1747647667426
counter/7/0/0/0,8674:1747647656644:,1747647667426
counter/7/0/0/0,8675:1747647656645:,1747647667426
counter/7/0/0/0,8676:1747647656645:,1747647667426
counter/7/0/0/0,8677:1747647656646:,1747647667426
counter/7/0/0/0,8678:1747647656646:,1747647667426
counter/7/0/0/0,8679:1747647656646:,1747647667426
counter/1/0/0/0,9797:1747647657137:,1747647667426
counter/6/0/0/0,8134:1747647656631:,1747647667426
counter/4/0/0/0,8931:1747647657178:,1747647667426
counter/8/0/0/0,8913:1747647655919:,1747647667427
counter/8/0/0/0,8914:1747647655919:,1747647667427
counter/4/0/0/0,8932:1747647657178:,1747647667429
counter/7/0/0/0,8680:1747647656646:,1747647667429
counter/6/0/0/0,8135:1747647656631:,1747647667430
counter/1/0/0/0,9798:1747647657137:,1747647667430
counter/1/0/0/0,9799:1747647657137:,1747647667430
counter/1/0/0/0,9800:1747647657137:,1747647667430
counter/1/0/0/0,9801:1747647657137:,1747647667430
counter/1/0/0/0,9802:1747647657137:,1747647667430
counter/1/0/0/0,9803:1747647657137:,1747647667430
counter/1/0/0/0,9804:1747647657137:,1747647667430
counter/1/0/0/0,9805:1747647657137:,1747647667430
counter/1/0/0/0,9806:1747647657137:,1747647667430
counter/1/0/0/0,9807:1747647657137:,1747647667431
counter/1/0/0/0,9808:1747647657137:,1747647667431
counter/1/0/0/0,9809:1747647657137:,1747647667431
counter/10/0/0/0,8191:1747647655936:,1747647667431
counter/9/0/0/0,9196:1747647656553:,1747647667431
counter/9/0/0/0,9197:1747647656553:,1747647667431
counter/4/0/0/0,8933:1747647657178:,1747647667431
counter/4/0/0/0,8934:1747647657178:,1747647667431
counter/4/0/0/0,8935:1747647657178:,1747647667431
counter/4/0/0/0,8936:1747647657178:,1747647667431
counter/4/0/0/0,8937:1747647657191:,1747647667431
counter/1/0/0/0,9810:1747647657144:,1747647667431
counter/3/0/0/0,9389:1747647656923:,1747647667431
counter/8/0/0/0,8915:1747647655919:,1747647667432
counter/3/0/0/0,9390:1747647656923:,1747647667432
counter/3/0/0/0,9391:1747647656923:,1747647667432
counter/3/0/0/0,9392:1747647656923:,1747647667432
counter/3/0/0/0,9393:1747647656923:,1747647667432
counter/5/0/0/0,8593:1747647656030:,1747647667432
counter/2/0/0/0,8698:1747647655642:,1747647667433
counter/5/0/0/0,8594:1747647656031:,1747647667433
counter/5/0/0/0,8595:1747647656031:,1747647667433
counter/5/0/0/0,8596:1747647656031:,1747647667433
counter/9/0/0/0,9198:1747647656553:,1747647667433
counter/9/0/0/0,9199:1747647656553:,1747647667433
counter/9/0/0/0,9200:1747647656553:,1747647667433
counter/9/0/0/0,9201:1747647656553:,1747647667433
counter/1/0/0/0,9811:1747647657144:,1747647667433
counter/8/0/0/0,8916:1747647655919:,1747647667433
counter/8/0/0/0,8917:1747647655919:,1747647667433
counter/8/0/0/0,8918:1747647655919:,1747647667433
counter/8/0/0/0,8919:1747647655919:,1747647667433
counter/8/0/0/0,8920:1747647655919:,1747647667433
counter/2/0/0/0,8699:1747647655643:,1747647667434
counter/2/0/0/0,8700:1747647655643:,1747647667434
counter/2/0/0/0,8701:1747647655643:,1747647667434
counter/2/0/0/0,8702:1747647655643:,1747647667434
counter/2/0/0/0,8703:1747647655643:,1747647667434
counter/2/0/0/0,8704:1747647655646:,1747647667434
counter/2/0/0/0,8705:1747647655646:,1747647667434
counter/2/0/0/0,8706:1747647655646:,1747647667434
counter/2/0/0/0,8707:1747647655650:,1747647667434
counter/7/0/0/0,8681:1747647656646:,1747647667434
counter/10/0/0/0,8192:1747647655937:,1747647667434
counter/10/0/0/0,8193:1747647655937:,1747647667435
counter/9/0/0/0,9202:1747647656553:,1747647667436
counter/7/0/0/0,8682:1747647656646:,1747647667436
counter/6/0/0/0,8136:1747647656631:,1747647667439
counter/8/0/0/0,8921:1747647655919:,1747647667440
counter/8/0/0/0,8922:1747647655919:,1747647667440
counter/3/0/0/0,9394:1747647656923:,1747647667440
counter/4/0/0/0,8938:1747647657191:,1747647667440
counter/4/0/0/0,8939:1747647657191:,1747647667440
counter/4/0/0/0,8940:1747647657191:,1747647667440
counter/4/0/0/0,8941:1747647657191:,1747647667440
counter/4/0/0/0,8942:1747647657191:,1747647667440
counter/4/0/0/0,8943:1747647657191:,1747647667440
counter/4/0/0/0,8944:1747647657192:,1747647667440
counter/4/0/0/0,8945:1747647657192:,1747647667440
counter/2/0/0/0,8708:1747647655650:,1747647667441
counter/6/0/0/0,8137:1747647656648:,1747647667441
counter/9/0/0/0,9203:1747647656553:,1747647667441
counter/9/0/0/0,9204:1747647656553:,1747647667441
counter/9/0/0/0,9205:1747647656553:,1747647667441
counter/9/0/0/0,9206:1747647656553:,1747647667441
counter/9/0/0/0,9207:1747647656553:,1747647667441
counter/9/0/0/0,9208:1747647656553:,1747647667441
counter/9/0/0/0,9209:1747647656553:,1747647667441
counter/9/0/0/0,9210:1747647656553:,1747647667441
counter/9/0/0/0,9211:1747647656554:,1747647667442
counter/9/0/0/0,9212:1747647656554:,1747647667442
counter/9/0/0/0,9213:1747647656554:,1747647667442
counter/3/0/0/0,9395:1747647656923:,1747647667444
counter/3/0/0/0,9396:1747647656923:,1747647667444
counter/3/0/0/0,9397:1747647656923:,1747647667444
counter/3/0/0/0,9398:1747647656923:,1747647667444
counter/3/0/0/0,9399:1747647656923:,1747647667444
counter/3/0/0/0,9400:1747647656923:,1747647667444
counter/3/0/0/0,9401:1747647656924:,1747647667444
counter/3/0/0/0,9402:1747647656924:,1747647667444
counter/3/0/0/0,9403:1747647656924:,1747647667444
counter/3/0/0/0,9404:1747647656924:,1747647667445
counter/3/0/0/0,9405:1747647656924:,1747647667445
counter/7/0/0/0,8683:1747647656646:,1747647667445
counter/3/0/0/0,9406:1747647656924:,1747647667445
counter/1/0/0/0,9812:1747647657144:,1747647667445
counter/5/0/0/0,8597:1747647656031:,1747647667445
counter/5/0/0/0,8598:1747647656031:,1747647667445
counter/5/0/0/0,8599:1747647656031:,1747647667445
counter/5/0/0/0,8600:1747647656031:,1747647667446
counter/5/0/0/0,8601:1747647656031:,1747647667446
counter/5/0/0/0,8602:1747647656032:,1747647667446
counter/5/0/0/0,8603:1747647656038:,1747647667446
counter/5/0/0/0,8604:1747647656038:,1747647667446
counter/5/0/0/0,8605:1747647656300:,1747647667446
counter/5/0/0/0,8606:1747647656301:,1747647667446
counter/5/0/0/0,8607:1747647656301:,1747647667446
counter/5/0/0/0,8608:1747647656305:,1747647667446
counter/5/0/0/0,8609:1747647656305:,1747647667446
counter/5/0/0/0,8610:1747647656307:,1747647667446
counter/2/0/0/0,8709:1747647655650:,1747647667446
counter/3/0/0/0,9407:1747647656924:,1747647667448
counter/3/0/0/0,9408:1747647656924:,1747647667448
counter/3/0/0/0,9409:1747647656924:,1747647667448
counter/3/0/0/0,9410:1747647656924:,1747647667448
counter/3/0/0/0,9411:1747647656928:,1747647667448
counter/3/0/0/0,9412:1747647656928:,1747647667448
counter/3/0/0/0,9413:1747647656928:,1747647667448
counter/3/0/0/0,9414:1747647656928:,1747647667448
counter/3/0/0/0,9415:1747647656928:,1747647667448
counter/3/0/0/0,9416:1747647656928:,1747647667448
counter/3/0/0/0,9417:1747647656929:,1747647667448
counter/3/0/0/0,9418:1747647656929:,1747647667448
counter/7/0/0/0,8684:1747647656658:,1747647667448
counter/1/0/0/0,9813:1747647657144:,1747647667451
counter/1/0/0/0,9814:1747647657144:,1747647667451
counter/6/0/0/0,8138:1747647656649:,1747647667451
counter/6/0/0/0,8139:1747647656649:,1747647667451
counter/6/0/0/0,8140:1747647656649:,1747647667451
counter/6/0/0/0,8141:1747647656649:,1747647667451
counter/6/0/0/0,8142:1747647656649:,1747647667451
counter/6/0/0/0,8143:1747647656649:,1747647667451
counter/6/0/0/0,8144:1747647656653:,1747647667451
counter/6/0/0/0,8145:1747647656659:,1747647667452
counter/3/0/0/0,9419:1747647656929:,1747647667452
counter/4/0/0/0,8946:1747647657192:,1747647667452
counter/7/0/0/0,8685:1747647656658:,1747647667452
counter/2/0/0/0,8710:1747647655650:,1747647667452
counter/9/0/0/0,9214:1747647656554:,1747647667452
counter/9/0/0/0,9215:1747647656554:,1747647667452
counter/9/0/0/0,9216:1747647656554:,1747647667452
counter/9/0/0/0,9217:1747647656560:,1747647667452
counter/9/0/0/0,9218:1747647656561:,1747647667452
counter/9/0/0/0,9219:1747647656561:,1747647667452
counter/9/0/0/0,9220:1747647656561:,1747647667453
counter/9/0/0/0,9221:1747647656561:,1747647667453
counter/9/0/0/0,9222:1747647656561:,1747647667453
counter/8/0/0/0,8923:1747647655919:,1747647667454
counter/3/0/0/0,9420:1747647656929:,1747647667454
counter/4/0/0/0,8947:1747647657192:,1747647667454
counter/7/0/0/0,8686:1747647656658:,1747647667455
counter/6/0/0/0,8146:1747647656659:,1747647667455
counter/5/0/0/0,8611:1747647656310:,1747647667455
counter/8/0/0/0,8924:1747647655919:,1747647667455
counter/8/0/0/0,8925:1747647655919:,1747647667456
counter/8/0/0/0,8926:1747647655920:,1747647667456
counter/2/0/0/0,8711:1747647655650:,1747647667456
counter/4/0/0/0,8948:1747647657192:,1747647667456
counter/10/0/0/0,8194:1747647655937:,1747647667456
counter/3/0/0/0,9421:1747647656929:,1747647667457
counter/2/0/0/0,8712:1747647655650:,1747647667458
counter/10/0/0/0,8195:1747647655937:,1747647667459
counter/10/0/0/0,8196:1747647655937:,1747647667459
counter/10/0/0/0,8197:1747647655937:,1747647667459
counter/10/0/0/0,8198:1747647655937:,1747647667459
counter/5/0/0/0,8612:1747647656310:,1747647667459
counter/5/0/0/0,8613:1747647656310:,1747647667459
counter/5/0/0/0,8614:1747647656310:,1747647667459
counter/5/0/0/0,8615:1747647656315:,1747647667459
counter/6/0/0/0,8147:1747647656659:,1747647667459
counter/3/0/0/0,9422:1747647656929:,1747647667459
counter/1/0/0/0,9815:1747647657144:,1747647667459
counter/3/0/0/0,9423:1747647656929:,1747647667460
counter/10/0/0/0,8199:1747647655973:,1747647667460
counter/10/0/0/0,8200:1747647655992:,1747647667460
counter/8/0/0/0,8927:1747647655920:,1747647667460
counter/8/0/0/0,8928:1747647655921:,1747647667460
counter/5/0/0/0,8616:1747647656315:,1747647667460
counter/5/0/0/0,8617:1747647656315:,1747647667460
counter/5/0/0/0,8618:1747647656315:,1747647667460
counter/5/0/0/0,8619:1747647656318:,1747647667460
counter/7/0/0/0,8687:1747647656658:,1747647667462
counter/7/0/0/0,8688:1747647656658:,1747647667462
counter/7/0/0/0,8689:1747647656658:,1747647667462
counter/7/0/0/0,8690:1747647656658:,1747647667462
counter/7/0/0/0,8691:1747647656658:,1747647667462
counter/7/0/0/0,8692:1747647656658:,1747647667462
counter/7/0/0/0,8693:1747647656658:,1747647667462
counter/7/0/0/0,8694:1747647656660:,1747647667462
counter/7/0/0/0,8695:1747647656661:,1747647667462
counter/3/0/0/0,9424:1747647656929:,1747647667464
counter/3/0/0/0,9425:1747647656929:,1747647667464
counter/3/0/0/0,9426:1747647656929:,1747647667465
counter/3/0/0/0,9427:1747647656929:,1747647667465
counter/3/0/0/0,9428:1747647656929:,1747647667465
counter/3/0/0/0,9429:1747647656929:,1747647667465
counter/3/0/0/0,9430:1747647656929:,1747647667465
counter/3/0/0/0,9431:1747647656929:,1747647667465
counter/10/0/0/0,8201:1747647655992:,1747647667465
counter/1/0/0/0,9816:1747647657144:,1747647667465
counter/8/0/0/0,8929:1747647655921:,1747647667465
counter/5/0/0/0,8620:1747647656328:,1747647667465
counter/10/0/0/0,8202:1747647655994:,1747647667465
counter/5/0/0/0,8621:1747647656331:,1747647667466
counter/4/0/0/0,8949:1747647657192:,1747647667467
counter/4/0/0/0,8950:1747647657192:,1747647667467
counter/4/0/0/0,8951:1747647657192:,1747647667467
counter/3/0/0/0,9432:1747647656929:,1747647667467
counter/3/0/0/0,9433:1747647656935:,1747647667467
counter/6/0/0/0,8148:1747647656659:,1747647667467
counter/6/0/0/0,8149:1747647656659:,1747647667467
counter/2/0/0/0,8713:1747647655650:,1747647667468
counter/8/0/0/0,8930:1747647655921:,1747647667469
counter/9/0/0/0,9223:1747647656561:,1747647667469
counter/9/0/0/0,9224:1747647656561:,1747647667469
counter/9/0/0/0,9225:1747647656561:,1747647667469
counter/9/0/0/0,9226:1747647656561:,1747647667469
counter/9/0/0/0,9227:1747647656568:,1747647667469
counter/2/0/0/0,8714:1747647655650:,1747647667470
counter/4/0/0/0,8952:1747647657192:,1747647667470
counter/4/0/0/0,8953:1747647657192:,1747647667470
counter/4/0/0/0,8954:1747647657192:,1747647667470
counter/4/0/0/0,8955:1747647657192:,1747647667470
counter/6/0/0/0,8150:1747647656664:,1747647667471
counter/8/0/0/0,8931:1747647655921:,1747647667471
counter/8/0/0/0,8932:1747647655921:,1747647667471
counter/7/0/0/0,8696:1747647656661:,1747647667471
counter/7/0/0/0,8697:1747647656661:,1747647667471
counter/7/0/0/0,8698:1747647656661:,1747647667471
counter/7/0/0/0,8699:1747647656664:,1747647667471
counter/7/0/0/0,8700:1747647656683:,1747647667471
counter/1/0/0/0,9817:1747647657144:,1747647667471
counter/1/0/0/0,9818:1747647657144:,1747647667473
counter/2/0/0/0,8715:1747647655650:,1747647667473
counter/2/0/0/0,8716:1747647655650:,1747647667473
counter/2/0/0/0,8717:1747647655650:,1747647667473
counter/2/0/0/0,8718:1747647655650:,1747647667473
counter/2/0/0/0,8719:1747647655650:,1747647667473
counter/2/0/0/0,8720:1747647655650:,1747647667473
counter/2/0/0/0,8721:1747647655650:,1747647667473
counter/2/0/0/0,8722:1747647655650:,1747647667474
counter/2/0/0/0,8723:1747647655650:,1747647667474
counter/2/0/0/0,8724:1747647655661:,1747647667474
counter/2/0/0/0,8725:1747647655661:,1747647667474
counter/2/0/0/0,8726:1747647655661:,1747647667474
counter/7/0/0/0,8701:1747647656683:,1747647667474
counter/7/0/0/0,8702:1747647656696:,1747647667474
counter/7/0/0/0,8703:1747647656697:,1747647667474
counter/7/0/0/0,8704:1747647656697:,1747647667474
counter/7/0/0/0,8705:1747647656697:,1747647667474
counter/8/0/0/0,8933:1747647655921:,1747647667474
counter/1/0/0/0,9819:1747647657144:,1747647667474
counter/8/0/0/0,8934:1747647655921:,1747647667474
counter/4/0/0/0,8956:1747647657197:,1747647667476
counter/4/0/0/0,8957:1747647657197:,1747647667476
counter/6/0/0/0,8151:1747647656664:,1747647667476
counter/6/0/0/0,8152:1747647656664:,1747647667476
counter/6/0/0/0,8153:1747647656664:,1747647667476
counter/6/0/0/0,8154:1747647656664:,1747647667476
counter/6/0/0/0,8155:1747647656686:,1747647667476
counter/6/0/0/0,8156:1747647656686:,1747647667476
counter/6/0/0/0,8157:1747647656686:,1747647667476
counter/4/0/0/0,8958:1747647657197:,1747647667477
counter/7/0/0/0,8706:1747647656697:,1747647667477
counter/1/0/0/0,9820:1747647657144:,1747647667478
counter/7/0/0/0,8707:1747647656697:,1747647667478
counter/1/0/0/0,9821:1747647657144:,1747647667481
counter/4/0/0/0,8959:1747647657197:,1747647667481
counter/9/0/0/0,9228:1747647656568:,1747647667481
counter/4/0/0/0,8960:1747647657197:,1747647667481
counter/4/0/0/0,8961:1747647657199:,1747647667481
counter/4/0/0/0,8962:1747647657199:,1747647667481
counter/4/0/0/0,8963:1747647657199:,1747647667481
counter/10/0/0/0,8203:1747647655995:,1747647667481
counter/10/0/0/0,8204:1747647655995:,1747647667481
counter/4/0/0/0,8964:1747647657199:,1747647667482
counter/10/0/0/0,8205:1747647655995:,1747647667482
counter/6/0/0/0,8158:1747647656693:,1747647667486
counter/6/0/0/0,8159:1747647656693:,1747647667486
counter/6/0/0/0,8160:1747647656693:,1747647667486
counter/10/0/0/0,8206:1747647655995:,1747647667486
counter/4/0/0/0,8965:1747647657199:,1747647667486
counter/7/0/0/0,8708:1747647656697:,1747647667486
counter/7/0/0/0,8709:1747647656697:,1747647667486
counter/7/0/0/0,8710:1747647656697:,1747647667486
counter/7/0/0/0,8711:1747647656697:,1747647667487
counter/2/0/0/0,8727:1747647655661:,1747647667487
counter/4/0/0/0,8966:1747647657199:,1747647667487
counter/2/0/0/0,8728:1747647655661:,1747647667488
counter/3/0/0/0,9434:1747647656935:,1747647667488
counter/4/0/0/0,8967:1747647657199:,1747647667488
counter/7/0/0/0,8712:1747647656697:,1747647667489
counter/7/0/0/0,8713:1747647656697:,1747647667489
counter/7/0/0/0,8714:1747647656697:,1747647667489
counter/7/0/0/0,8715:1747647656697:,1747647667489
counter/7/0/0/0,8716:1747647656706:,1747647667489
counter/6/0/0/0,8161:1747647656693:,1747647667489
counter/10/0/0/0,8207:1747647655995:,1747647667489
counter/10/0/0/0,8208:1747647655995:,1747647667489
counter/10/0/0/0,8209:1747647655995:,1747647667489
counter/10/0/0/0,8210:1747647655995:,1747647667489
counter/10/0/0/0,8211:1747647655995:,1747647667490
counter/10/0/0/0,8212:1747647655995:,1747647667490
counter/7/0/0/0,8717:1747647656706:,1747647667490
counter/4/0/0/0,8968:1747647657199:,1747647667490
counter/4/0/0/0,8969:1747647657199:,1747647667490
counter/4/0/0/0,8970:1747647657202:,1747647667490
counter/4/0/0/0,8971:1747647657218:,1747647667490
counter/6/0/0/0,8162:1747647656694:,1747647667490
counter/6/0/0/0,8163:1747647656699:,1747647667490
counter/7/0/0/0,8718:1747647656706:,1747647667491
counter/1/0/0/0,9822:1747647657144:,1747647667491
counter/7/0/0/0,8719:1747647656706:,1747647667491
counter/7/0/0/0,8720:1747647656706:,1747647667491
counter/7/0/0/0,8721:1747647656706:,1747647667491
counter/7/0/0/0,8722:1747647656706:,1747647667491
counter/7/0/0/0,8723:1747647656706:,1747647667491
counter/6/0/0/0,8164:1747647656699:,1747647667491
counter/6/0/0/0,8165:1747647656699:,1747647667491
counter/2/0/0/0,8729:1747647655661:,1747647667492
counter/8/0/0/0,8935:1747647655921:,1747647667492
counter/8/0/0/0,8936:1747647655921:,1747647667492
counter/10/0/0/0,8213:1747647655995:,1747647667493
counter/4/0/0/0,8972:1747647657218:,1747647667494
counter/5/0/0/0,8622:1747647656331:,1747647667495
counter/10/0/0/0,8214:1747647655995:,1747647667495
counter/10/0/0/0,8215:1747647655995:,1747647667495
counter/10/0/0/0,8216:1747647655995:,1747647667495
counter/10/0/0/0,8217:1747647656003:,1747647667495
counter/10/0/0/0,8218:1747647656003:,1747647667495
counter/10/0/0/0,8219:1747647656003:,1747647667495
counter/10/0/0/0,8220:1747647656004:,1747647667496
counter/10/0/0/0,8221:1747647656004:,1747647667496
counter/10/0/0/0,8222:1747647656004:,1747647667496
counter/10/0/0/0,8223:1747647656023:,1747647667496
counter/10/0/0/0,8224:1747647656023:,1747647667496
counter/10/0/0/0,8225:1747647656023:,1747647667496
counter/10/0/0/0,8226:1747647656023:,1747647667496
counter/10/0/0/0,8227:1747647656023:,1747647667496
counter/3/0/0/0,9435:1747647656935:,1747647667496
counter/5/0/0/0,8623:1747647656331:,1747647667496
counter/6/0/0/0,8166:1747647656699:,1747647667496
counter/5/0/0/0,8624:1747647656331:,1747647667496
counter/2/0/0/0,8730:1747647655661:,1747647667496
counter/2/0/0/0,8731:1747647655661:,1747647667496
counter/10/0/0/0,8228:1747647656023:,1747647667496
counter/8/0/0/0,8937:1747647655921:,1747647667497
counter/8/0/0/0,8938:1747647655921:,1747647667497
counter/8/0/0/0,8939:1747647655925:,1747647667497
counter/8/0/0/0,8940:1747647655925:,1747647667497
counter/8/0/0/0,8941:1747647655925:,1747647667497
counter/8/0/0/0,8942:1747647655925:,1747647667497
counter/8/0/0/0,8943:1747647655925:,1747647667497
counter/8/0/0/0,8944:1747647655925:,1747647667497
counter/8/0/0/0,8945:1747647655925:,1747647667497
counter/8/0/0/0,8946:1747647655925:,1747647667497
counter/8/0/0/0,8947:1747647655927:,1747647667497
counter/8/0/0/0,8948:1747647655931:,1747647667497
counter/8/0/0/0,8949:1747647655931:,1747647667497
counter/10/0/0/0,8229:1747647656023:,1747647667497
counter/8/0/0/0,8950:1747647655931:,1747647667497
counter/4/0/0/0,8973:1747647657218:,1747647667498
counter/1/0/0/0,9823:1747647657144:,1747647667499
counter/8/0/0/0,8951:1747647655931:,1747647667499
counter/9/0/0/0,9229:1747647656568:,1747647667499
counter/9/0/0/0,9230:1747647656568:,1747647667499
counter/9/0/0/0,9231:1747647656568:,1747647667499
counter/7/0/0/0,8724:1747647656706:,1747647667501
counter/6/0/0/0,8167:1747647656699:,1747647667502
counter/6/0/0/0,8168:1747647656699:,1747647667502
counter/6/0/0/0,8169:1747647656699:,1747647667502
counter/6/0/0/0,8170:1747647656699:,1747647667502
counter/6/0/0/0,8171:1747647656699:,1747647667502
counter/6/0/0/0,8172:1747647656702:,1747647667502
counter/6/0/0/0,8173:1747647656702:,1747647667502
counter/2/0/0/0,8732:1747647655661:,1747647667502
counter/8/0/0/0,8952:1747647655931:,1747647667502
counter/8/0/0/0,8953:1747647655931:,1747647667502
counter/8/0/0/0,8954:1747647655931:,1747647667503
counter/8/0/0/0,8955:1747647655931:,1747647667503
counter/8/0/0/0,8956:1747647655931:,1747647667503
counter/10/0/0/0,8230:1747647656023:,1747647667503
counter/10/0/0/0,8231:1747647656023:,1747647667503
counter/10/0/0/0,8232:1747647656023:,1747647667503
counter/10/0/0/0,8233:1747647656023:,1747647667503
counter/10/0/0/0,8234:1747647656023:,1747647667503
counter/2/0/0/0,8733:1747647655661:,1747647667503
counter/4/0/0/0,8974:1747647657218:,1747647667503
counter/8/0/0/0,8957:1747647655931:,1747647667503
counter/8/0/0/0,8958:1747647655941:,1747647667503
counter/7/0/0/0,8725:1747647656706:,1747647667503
counter/7/0/0/0,8726:1747647656710:,1747647667504
counter/1/0/0/0,9824:1747647657144:,1747647667505
counter/1/0/0/0,9825:1747647657145:,1747647667505
counter/1/0/0/0,9826:1747647657146:,1747647667505
counter/1/0/0/0,9827:1747647657146:,1747647667505
counter/1/0/0/0,9828:1747647657146:,1747647667505
counter/1/0/0/0,9829:1747647657146:,1747647667506
counter/1/0/0/0,9830:1747647657146:,1747647667506
counter/1/0/0/0,9831:1747647657146:,1747647667506
counter/1/0/0/0,9832:1747647657146:,1747647667506
counter/1/0/0/0,9833:1747647657146:,1747647667506
counter/1/0/0/0,9834:1747647657146:,1747647667506
counter/1/0/0/0,9835:1747647657146:,1747647667506
counter/3/0/0/0,9436:1747647656935:,1747647667506
counter/10/0/0/0,8235:1747647656023:,1747647667506
counter/10/0/0/0,8236:1747647656023:,1747647667506
counter/10/0/0/0,8237:1747647656035:,1747647667506
counter/10/0/0/0,8238:1747647656038:,1747647667506
counter/10/0/0/0,8239:1747647656038:,1747647667507
counter/10/0/0/0,8240:1747647656038:,1747647667507
counter/10/0/0/0,8241:1747647656038:,1747647667507
counter/10/0/0/0,8242:1747647656038:,1747647667507
counter/10/0/0/0,8243:1747647656038:,1747647667507
counter/10/0/0/0,8244:1747647656038:,1747647667507
counter/10/0/0/0,8245:1747647656038:,1747647667507
counter/10/0/0/0,8246:1747647656038:,1747647667507
counter/10/0/0/0,8247:1747647656038:,1747647667507
counter/10/0/0/0,8248:1747647656298:,1747647667507
counter/10/0/0/0,8249:1747647656300:,1747647667507
counter/10/0/0/0,8250:1747647656300:,1747647667507
counter/10/0/0/0,8251:1747647656303:,1747647667507
counter/8/0/0/0,8959:1747647655941:,1747647667507
counter/2/0/0/0,8734:1747647655661:,1747647667507
counter/2/0/0/0,8735:1747647655662:,1747647667507
counter/1/0/0/0,9836:1747647657146:,1747647667507
counter/1/0/0/0,9837:1747647657146:,1747647667507
counter/1/0/0/0,9838:1747647657146:,1747647667507
counter/1/0/0/0,9839:1747647657146:,1747647667508
counter/9/0/0/0,9232:1747647656568:,1747647667508
counter/5/0/0/0,8625:1747647656331:,1747647667509
counter/4/0/0/0,8975:1747647657218:,1747647667509
counter/3/0/0/0,9437:1747647656935:,1747647667509
counter/9/0/0/0,9233:1747647656568:,1747647667509
counter/7/0/0/0,8727:1747647656715:,1747647667510
counter/8/0/0/0,8960:1747647655941:,1747647667510
counter/4/0/0/0,8976:1747647657218:,1747647667511
counter/3/0/0/0,9438:1747647656935:,1747647667511
counter/4/0/0/0,8977:1747647657218:,1747647667511
counter/3/0/0/0,9439:1747647656935:,1747647667511
counter/3/0/0/0,9440:1747647656935:,1747647667511
counter/8/0/0/0,8961:1747647655942:,1747647667511
counter/6/0/0/0,8174:1747647656702:,1747647667511
counter/9/0/0/0,9234:1747647656568:,1747647667512
counter/9/0/0/0,9235:1747647656568:,1747647667512
counter/4/0/0/0,8978:1747647657218:,1747647667512
counter/4/0/0/0,8979:1747647657218:,1747647667512
counter/3/0/0/0,9441:1747647656935:,1747647667512
counter/3/0/0/0,9442:1747647656951:,1747647667512
counter/6/0/0/0,8175:1747647656702:,1747647667512
counter/6/0/0/0,8176:1747647656702:,1747647667512
counter/6/0/0/0,8177:1747647656702:,1747647667512
counter/6/0/0/0,8178:1747647656702:,1747647667512
counter/5/0/0/0,8626:1747647656331:,1747647667514
counter/8/0/0/0,8962:1747647655942:,1747647667515
counter/10/0/0/0,8252:1747647656309:,1747647667515
counter/6/0/0/0,8179:1747647656702:,1747647667515
counter/6/0/0/0,8180:1747647656702:,1747647667515
counter/6/0/0/0,8181:1747647656702:,1747647667515
counter/6/0/0/0,8182:1747647656702:,1747647667515
counter/6/0/0/0,8183:1747647656702:,1747647667515
counter/6/0/0/0,8184:1747647656702:,1747647667515
counter/6/0/0/0,8185:1747647656702:,1747647667515
counter/6/0/0/0,8186:1747647656703:,1747647667515
counter/6/0/0/0,8187:1747647656703:,1747647667515
counter/6/0/0/0,8188:1747647656703:,1747647667515
counter/6/0/0/0,8189:1747647656703:,1747647667515
counter/4/0/0/0,8980:1747647657218:,1747647667516
counter/7/0/0/0,8728:1747647656716:,1747647667516
counter/7/0/0/0,8729:1747647656716:,1747647667516
counter/3/0/0/0,9443:1747647656951:,1747647667516
counter/1/0/0/0,9840:1747647657146:,1747647667516
counter/5/0/0/0,8627:1747647656331:,1747647667517
counter/1/0/0/0,9841:1747647657146:,1747647667517
counter/5/0/0/0,8628:1747647656331:,1747647667517
counter/5/0/0/0,8629:1747647656331:,1747647667518
counter/5/0/0/0,8630:1747647656331:,1747647667518
counter/5/0/0/0,8631:1747647656331:,1747647667518
counter/5/0/0/0,8632:1747647656331:,1747647667518
counter/5/0/0/0,8633:1747647656331:,1747647667518
counter/5/0/0/0,8634:1747647656331:,1747647667518
counter/5/0/0/0,8635:1747647656331:,1747647667518
counter/5/0/0/0,8636:1747647656331:,1747647667518
counter/5/0/0/0,8637:1747647656336:,1747647667519
counter/5/0/0/0,8638:1747647656336:,1747647667519
counter/3/0/0/0,9444:1747647656951:,1747647667519
counter/3/0/0/0,9445:1747647656951:,1747647667519
counter/3/0/0/0,9446:1747647656951:,1747647667519
counter/4/0/0/0,8981:1747647657218:,1747647667519
counter/8/0/0/0,8963:1747647655942:,1747647667520
counter/8/0/0/0,8964:1747647655942:,1747647667520
counter/8/0/0/0,8965:1747647655942:,1747647667520
counter/8/0/0/0,8966:1747647655942:,1747647667520
counter/8/0/0/0,8967:1747647655942:,1747647667520
counter/8/0/0/0,8968:1747647655942:,1747647667520
counter/8/0/0/0,8969:1747647655942:,1747647667520
counter/8/0/0/0,8970:1747647655942:,1747647667520
counter/8/0/0/0,8971:1747647655942:,1747647667520
counter/8/0/0/0,8972:1747647655942:,1747647667520
counter/8/0/0/0,8973:1747647655942:,1747647667520
counter/8/0/0/0,8974:1747647655942:,1747647667520
counter/8/0/0/0,8975:1747647655942:,1747647667520
counter/8/0/0/0,8976:1747647655942:,1747647667520
counter/8/0/0/0,8977:1747647655942:,1747647667520
counter/5/0/0/0,8639:1747647656336:,1747647667520
counter/5/0/0/0,8640:1747647656336:,1747647667523
counter/1/0/0/0,9842:1747647657158:,1747647667524
counter/6/0/0/0,8190:1747647656703:,1747647667524
counter/5/0/0/0,8641:1747647656336:,1747647667525
counter/6/0/0/0,8191:1747647656703:,1747647667525
counter/8/0/0/0,8978:1747647655942:,1747647667526
counter/9/0/0/0,9236:1747647656568:,1747647667526
counter/2/0/0/0,8736:1747647655677:,1747647667527
counter/2/0/0/0,8737:1747647655677:,1747647667527
counter/4/0/0/0,8982:1747647657219:,1747647667527
counter/4/0/0/0,8983:1747647657219:,1747647667527
counter/4/0/0/0,8984:1747647657219:,1747647667527
counter/4/0/0/0,8985:1747647657219:,1747647667527
counter/4/0/0/0,8986:1747647657219:,1747647667527
counter/4/0/0/0,8987:1747647657219:,1747647667527
counter/8/0/0/0,8979:1747647655942:,1747647667527
counter/8/0/0/0,8980:1747647655942:,1747647667527
counter/8/0/0/0,8981:1747647655942:,1747647667527
counter/1/0/0/0,9843:1747647657158:,1747647667528
counter/8/0/0/0,8982:1747647655945:,1747647667528
counter/1/0/0/0,9844:1747647657158:,1747647667528
counter/1/0/0/0,9845:1747647657158:,1747647667528
counter/1/0/0/0,9846:1747647657158:,1747647667528
counter/1/0/0/0,9847:1747647657158:,1747647667528
counter/1/0/0/0,9848:1747647657158:,1747647667528
counter/1/0/0/0,9849:1747647657158:,1747647667528
counter/1/0/0/0,9850:1747647657158:,1747647667528
counter/5/0/0/0,8642:1747647656336:,1747647667528
counter/5/0/0/0,8643:1747647656336:,1747647667528
counter/5/0/0/0,8644:1747647656336:,1747647667528
counter/5/0/0/0,8645:1747647656336:,1747647667528
counter/6/0/0/0,8192:1747647656703:,1747647667528
counter/7/0/0/0,8730:1747647656716:,1747647667528
counter/1/0/0/0,9851:1747647657158:,1747647667528
counter/2/0/0/0,8738:1747647655677:,1747647667529
counter/2/0/0/0,8739:1747647655677:,1747647667529
counter/2/0/0/0,8740:1747647655677:,1747647667529
counter/2/0/0/0,8741:1747647655677:,1747647667530
counter/8/0/0/0,8983:1747647655945:,1747647667530
counter/8/0/0/0,8984:1747647655945:,1747647667530
counter/8/0/0/0,8985:1747647655945:,1747647667530
counter/8/0/0/0,8986:1747647655945:,1747647667530
counter/8/0/0/0,8987:1747647655945:,1747647667530
counter/8/0/0/0,8988:1747647655945:,1747647667530
counter/9/0/0/0,9237:1747647656568:,1747647667531
counter/3/0/0/0,9447:1747647656951:,1747647667531
counter/1/0/0/0,9852:1747647657158:,1747647667531
counter/3/0/0/0,9448:1747647656952:,1747647667532
counter/3/0/0/0,9449:1747647656952:,1747647667532
counter/3/0/0/0,9450:1747647656952:,1747647667532
counter/3/0/0/0,9451:1747647656952:,1747647667532
counter/3/0/0/0,9452:1747647656952:,1747647667532
counter/3/0/0/0,9453:1747647656952:,1747647667532
counter/3/0/0/0,9454:1747647656952:,1747647667532
counter/3/0/0/0,9455:1747647656952:,1747647667532
counter/4/0/0/0,8988:1747647657219:,1747647667532
counter/3/0/0/0,9456:1747647656952:,1747647667532
counter/6/0/0/0,8193:1747647656703:,1747647667532
counter/3/0/0/0,9457:1747647656952:,1747647667532
counter/8/0/0/0,8989:1747647655945:,1747647667533
counter/2/0/0/0,8742:1747647655679:,1747647667533
counter/2/0/0/0,8743:1747647655679:,1747647667533
counter/2/0/0/0,8744:1747647655679:,1747647667533
counter/2/0/0/0,8745:1747647655679:,1747647667533
counter/2/0/0/0,8746:1747647655679:,1747647667533
counter/2/0/0/0,8747:1747647655679:,1747647667533
counter/1/0/0/0,9853:1747647657159:,1747647667533
counter/10/0/0/0,8253:1747647656312:,1747647667534
counter/5/0/0/0,8646:1747647656336:,1747647667535
counter/4/0/0/0,8989:1747647657219:,1747647667535
counter/7/0/0/0,8731:1747647656716:,1747647667535
counter/9/0/0/0,9238:1747647656568:,1747647667535
counter/9/0/0/0,9239:1747647656568:,1747647667535
counter/1/0/0/0,9854:1747647657160:,1747647667536
counter/9/0/0/0,9240:1747647656568:,1747647667536
counter/1/0/0/0,9855:1747647657160:,1747647667536
counter/5/0/0/0,8647:1747647656342:,1747647667537
counter/7/0/0/0,8732:1747647656716:,1747647667537
counter/7/0/0/0,8733:1747647656716:,1747647667537
counter/8/0/0/0,8990:1747647655945:,1747647667537
counter/8/0/0/0,8991:1747647655945:,1747647667537
counter/8/0/0/0,8992:1747647655945:,1747647667537
counter/8/0/0/0,8993:1747647655945:,1747647667537
counter/3/0/0/0,9458:1747647656952:,1747647667537
counter/2/0/0/0,8748:1747647655679:,1747647667538
counter/2/0/0/0,8749:1747647655679:,1747647667538
counter/10/0/0/0,8254:1747647656312:,1747647667538
counter/2/0/0/0,8750:1747647655679:,1747647667538
counter/3/0/0/0,9459:1747647656952:,1747647667538
counter/8/0/0/0,8994:1747647655945:,1747647667538
counter/2/0/0/0,8751:1747647655679:,1747647667538
counter/2/0/0/0,8752:1747647655679:,1747647667538
counter/1/0/0/0,9856:1747647657160:,1747647667540
counter/8/0/0/0,8995:1747647655946:,1747647667542
counter/8/0/0/0,8996:1747647655946:,1747647667542
counter/8/0/0/0,8997:1747647655946:,1747647667542
counter/8/0/0/0,8998:1747647655946:,1747647667542
counter/8/0/0/0,8999:1747647655946:,1747647667542
counter/8/0/0/0,9000:1747647655946:,1747647667542
counter/8/0/0/0,9001:1747647655946:,1747647667542
counter/9/0/0/0,9241:1747647656573:,1747647667542
counter/9/0/0/0,9242:1747647656573:,1747647667543
counter/7/0/0/0,8734:1747647656716:,1747647667545
counter/7/0/0/0,8735:1747647656716:,1747647667545
counter/7/0/0/0,8736:1747647656716:,1747647667545
counter/7/0/0/0,8737:1747647656717:,1747647667545
counter/7/0/0/0,8738:1747647656717:,1747647667546
counter/1/0/0/0,9857:1747647657161:,1747647667546
counter/8/0/0/0,9002:1747647655946:,1747647667546
counter/5/0/0/0,8648:1747647656342:,1747647667547
counter/3/0/0/0,9460:1747647656952:,1747647667547
counter/5/0/0/0,8649:1747647656342:,1747647667547
counter/4/0/0/0,8990:1747647657219:,1747647667547
counter/5/0/0/0,8650:1747647656342:,1747647667547
counter/4/0/0/0,8991:1747647657227:,1747647667547
counter/6/0/0/0,8194:1747647656703:,1747647667547
counter/5/0/0/0,8651:1747647656342:,1747647667547
counter/6/0/0/0,8195:1747647656703:,1747647667547
counter/9/0/0/0,9243:1747647656573:,1747647667547
counter/8/0/0/0,9003:1747647655946:,1747647667548
counter/8/0/0/0,9004:1747647655946:,1747647667548
counter/8/0/0/0,9005:1747647655946:,1747647667548
counter/1/0/0/0,9858:1747647657161:,1747647667548
counter/1/0/0/0,9859:1747647657165:,1747647667548
counter/1/0/0/0,9860:1747647657165:,1747647667548
counter/1/0/0/0,9861:1747647657165:,1747647667548
counter/4/0/0/0,8992:1747647657227:,1747647667549
counter/10/0/0/0,8255:1747647656312:,1747647667550
counter/8/0/0/0,9006:1747647655951:,1747647667551
counter/2/0/0/0,8753:1747647655679:,1747647667551
counter/2/0/0/0,8754:1747647655679:,1747647667551
counter/2/0/0/0,8755:1747647655679:,1747647667551
counter/2/0/0/0,8756:1747647655679:,1747647667551
counter/2/0/0/0,8757:1747647655679:,1747647667551
counter/2/0/0/0,8758:1747647655679:,1747647667551
counter/2/0/0/0,8759:1747647655679:,1747647667552
counter/2/0/0/0,8760:1747647655679:,1747647667552
counter/2/0/0/0,8761:1747647655685:,1747647667552
counter/2/0/0/0,8762:1747647655685:,1747647667552
counter/2/0/0/0,8763:1747647655685:,1747647667552
counter/8/0/0/0,9007:1747647655953:,1747647667552
counter/10/0/0/0,8256:1747647656315:,1747647667552
counter/10/0/0/0,8257:1747647656315:,1747647667552
counter/10/0/0/0,8258:1747647656316:,1747647667552
counter/10/0/0/0,8259:1747647656318:,1747647667552
counter/10/0/0/0,8260:1747647656327:,1747647667552
counter/10/0/0/0,8261:1747647656328:,1747647667552
counter/1/0/0/0,9862:1747647657165:,1747647667553
counter/1/0/0/0,9863:1747647657165:,1747647667553
counter/1/0/0/0,9864:1747647657166:,1747647667553
counter/1/0/0/0,9865:1747647657166:,1747647667553
counter/1/0/0/0,9866:1747647657166:,1747647667553
counter/1/0/0/0,9867:1747647657166:,1747647667554
counter/1/0/0/0,9868:1747647657172:,1747647667554
counter/10/0/0/0,8262:1747647656333:,1747647667554
counter/4/0/0/0,8993:1747647657227:,1747647667555
counter/4/0/0/0,8994:1747647657227:,1747647667555
counter/4/0/0/0,8995:1747647657227:,1747647667555
counter/4/0/0/0,8996:1747647657227:,1747647667555
counter/2/0/0/0,8764:1747647655685:,1747647667555
counter/1/0/0/0,9869:1747647657172:,1747647667555
counter/3/0/0/0,9461:1747647656954:,1747647667556
counter/4/0/0/0,8997:1747647657227:,1747647667556
counter/2/0/0/0,8765:1747647655685:,1747647667556
counter/4/0/0/0,8998:1747647657227:,1747647667556
counter/7/0/0/0,8739:1747647656717:,1747647667556
counter/8/0/0/0,9008:1747647655953:,1747647667556
counter/7/0/0/0,8740:1747647656718:,1747647667556
counter/8/0/0/0,9009:1747647655953:,1747647667556
counter/8/0/0/0,9010:1747647655953:,1747647667556
counter/8/0/0/0,9011:1747647655953:,1747647667556
counter/8/0/0/0,9012:1747647655953:,1747647667556
counter/8/0/0/0,9013:1747647655953:,1747647667556
counter/10/0/0/0,8263:1747647656338:,1747647667556
counter/10/0/0/0,8264:1747647656340:,1747647667556
counter/6/0/0/0,8196:1747647656705:,1747647667557
counter/1/0/0/0,9870:1747647657172:,1747647667557
counter/1/0/0/0,9871:1747647657172:,1747647667557
counter/1/0/0/0,9872:1747647657172:,1747647667557
counter/1/0/0/0,9873:1747647657172:,1747647667557
counter/1/0/0/0,9874:1747647657172:,1747647667557
counter/1/0/0/0,9875:1747647657172:,1747647667557
counter/1/0/0/0,9876:1747647657172:,1747647667557
counter/1/0/0/0,9877:1747647657172:,1747647667557
counter/1/0/0/0,9878:1747647657172:,1747647667557
counter/8/0/0/0,9014:1747647655953:,1747647667557
counter/3/0/0/0,9462:1747647656960:,1747647667558
counter/5/0/0/0,8652:1747647656342:,1747647667559
counter/2/0/0/0,8766:1747647655685:,1747647667560
counter/6/0/0/0,8197:1747647656705:,1747647667560
counter/6/0/0/0,8198:1747647656705:,1747647667560
counter/6/0/0/0,8199:1747647656705:,1747647667560
counter/6/0/0/0,8200:1747647656705:,1747647667560
counter/6/0/0/0,8201:1747647656711:,1747647667560
counter/6/0/0/0,8202:1747647656711:,1747647667560
counter/6/0/0/0,8203:1747647656711:,1747647667560
counter/6/0/0/0,8204:1747647656711:,1747647667560
counter/1/0/0/0,9879:1747647657172:,1747647667561
counter/6/0/0/0,8205:1747647656711:,1747647667561
counter/6/0/0/0,8206:1747647656711:,1747647667562
counter/6/0/0/0,8207:1747647656711:,1747647667562
counter/4/0/0/0,8999:1747647657227:,1747647667562
counter/1/0/0/0,9880:1747647657172:,1747647667562
counter/1/0/0/0,9881:1747647657172:,1747647667562
counter/1/0/0/0,9882:1747647657172:,1747647667562
counter/1/0/0/0,9883:1747647657172:,1747647667562
counter/1/0/0/0,9884:1747647657173:,1747647667562
counter/1/0/0/0,9885:1747647657173:,1747647667562
counter/1/0/0/0,9886:1747647657173:,1747647667562
counter/1/0/0/0,9887:1747647657173:,1747647667562
counter/5/0/0/0,8653:1747647656346:,1747647667562
counter/8/0/0/0,9015:1747647655958:,1747647667562
counter/5/0/0/0,8654:1747647656346:,1747647667564
counter/5/0/0/0,8655:1747647656346:,1747647667564
counter/5/0/0/0,8656:1747647656346:,1747647667564
counter/5/0/0/0,8657:1747647656346:,1747647667564
counter/5/0/0/0,8658:1747647656347:,1747647667564
counter/10/0/0/0,8265:1747647656340:,1747647667566
counter/10/0/0/0,8266:1747647656340:,1747647667566
counter/10/0/0/0,8267:1747647656340:,1747647667566
counter/10/0/0/0,8268:1747647656340:,1747647667566
counter/10/0/0/0,8269:1747647656340:,1747647667566
counter/10/0/0/0,8270:1747647656340:,1747647667567
counter/10/0/0/0,8271:1747647656340:,1747647667567
counter/5/0/0/0,8659:1747647656347:,1747647667567
counter/5/0/0/0,8660:1747647656347:,1747647667567
counter/5/0/0/0,8661:1747647656347:,1747647667567
counter/5/0/0/0,8662:1747647656349:,1747647667567
counter/5/0/0/0,8663:1747647656349:,1747647667567
counter/5/0/0/0,8664:1747647656349:,1747647667567
counter/6/0/0/0,8208:1747647656711:,1747647667567
counter/5/0/0/0,8665:1747647656349:,1747647667567
counter/5/0/0/0,8666:1747647656349:,1747647667567
counter/5/0/0/0,8667:1747647656351:,1747647667567
counter/5/0/0/0,8668:1747647656351:,1747647667568
counter/1/0/0/0,9888:1747647657173:,1747647667568
counter/4/0/0/0,9000:1747647657227:,1747647667569
counter/1/0/0/0,9889:1747647657182:,1747647667570
counter/1/0/0/0,9890:1747647657184:,1747647667570
counter/1/0/0/0,9891:1747647657195:,1747647667577
counter/5/0/0/0,8669:1747647656351:,1747647667577
counter/5/0/0/0,8670:1747647656351:,1747647667577
counter/4/0/0/0,9001:1747647657227:,1747647667577
counter/4/0/0/0,9002:1747647657227:,1747647667577
counter/4/0/0/0,9003:1747647657227:,1747647667578
counter/4/0/0/0,9004:1747647657227:,1747647667578
counter/4/0/0/0,9005:1747647657228:,1747647667578
counter/4/0/0/0,9006:1747647657228:,1747647667578
counter/4/0/0/0,9007:1747647657228:,1747647667578
counter/8/0/0/0,9016:1747647655958:,1747647667578
counter/10/0/0/0,8272:1747647656340:,1747647667579
counter/7/0/0/0,8741:1747647656718:,1747647667581
counter/2/0/0/0,8767:1747647655685:,1747647667581
counter/9/0/0/0,9244:1747647656573:,1747647667582
counter/4/0/0/0,9008:1747647657228:,1747647667582
counter/4/0/0/0,9009:1747647657231:,1747647667582
counter/4/0/0/0,9010:1747647657231:,1747647667582
counter/4/0/0/0,9011:1747647657231:,1747647667582
counter/4/0/0/0,9012:1747647657231:,1747647667582
counter/4/0/0/0,9013:1747647657238:,1747647667582
counter/4/0/0/0,9014:1747647657238:,1747647667582
counter/4/0/0/0,9015:1747647657238:,1747647667582
counter/4/0/0/0,9016:1747647657238:,1747647667582
counter/9/0/0/0,9245:1747647656573:,1747647667583
counter/7/0/0/0,8742:1747647656719:,1747647667583
counter/7/0/0/0,8743:1747647656720:,1747647667584
counter/1/0/0/0,9892:1747647657195:,1747647667584
counter/7/0/0/0,8744:1747647656720:,1747647667584
counter/10/0/0/0,8273:1747647656340:,1747647667585
counter/1/0/0/0,9893:1747647657195:,1747647667585
counter/1/0/0/0,9894:1747647657196:,1747647667585
counter/1/0/0/0,9895:1747647657196:,1747647667585
counter/1/0/0/0,9896:1747647657196:,1747647667585
counter/5/0/0/0,8671:1747647656351:,1747647667586
counter/5/0/0/0,8672:1747647656351:,1747647667586
counter/5/0/0/0,8673:1747647656351:,1747647667586
counter/5/0/0/0,8674:1747647656351:,1747647667586
counter/5/0/0/0,8675:1747647656351:,1747647667586
counter/3/0/0/0,9463:1747647656968:,1747647667587
counter/5/0/0/0,8676:1747647656351:,1747647667587
counter/3/0/0/0,9464:1747647656968:,1747647667587
counter/3/0/0/0,9465:1747647656968:,1747647667587
counter/3/0/0/0,9466:1747647656968:,1747647667587
counter/3/0/0/0,9467:1747647656968:,1747647667587
counter/3/0/0/0,9468:1747647656968:,1747647667587
counter/6/0/0/0,8209:1747647656711:,1747647667588
counter/6/0/0/0,8210:1747647656711:,1747647667588
counter/10/0/0/0,8274:1747647656340:,1747647667588
counter/10/0/0/0,8275:1747647656340:,1747647667588
counter/10/0/0/0,8276:1747647656340:,1747647667588
counter/6/0/0/0,8211:1747647656711:,1747647667588
counter/10/0/0/0,8277:1747647656340:,1747647667588
counter/6/0/0/0,8212:1747647656712:,1747647667588
counter/3/0/0/0,9469:1747647656968:,1747647667589
counter/3/0/0/0,9470:1747647656968:,1747647667589
counter/4/0/0/0,9017:1747647657238:,1747647667589
counter/1/0/0/0,9897:1747647657196:,1747647667589
counter/4/0/0/0,9018:1747647657238:,1747647667590
counter/9/0/0/0,9246:1747647656573:,1747647667590
counter/9/0/0/0,9247:1747647656573:,1747647667590
counter/9/0/0/0,9248:1747647656573:,1747647667590
counter/9/0/0/0,9249:1747647656573:,1747647667590
counter/9/0/0/0,9250:1747647656573:,1747647667590
counter/9/0/0/0,9251:1747647656582:,1747647667590
counter/9/0/0/0,9252:1747647656582:,1747647667590
counter/2/0/0/0,8768:1747647655686:,1747647667591
counter/2/0/0/0,8769:1747647655686:,1747647667591
counter/3/0/0/0,9471:1747647656968:,1747647667592
counter/3/0/0/0,9472:1747647656968:,1747647667592
counter/3/0/0/0,9473:1747647656980:,1747647667592
counter/3/0/0/0,9474:1747647656980:,1747647667592
counter/6/0/0/0,8213:1747647656712:,1747647667594
counter/6/0/0/0,8214:1747647656712:,1747647667594
counter/6/0/0/0,8215:1747647656712:,1747647667594
counter/6/0/0/0,8216:1747647656712:,1747647667594
counter/6/0/0/0,8217:1747647656712:,1747647667594
counter/2/0/0/0,8770:1747647655686:,1747647667594
counter/2/0/0/0,8771:1747647655686:,1747647667594
counter/9/0/0/0,9253:1747647656584:,1747647667596
counter/9/0/0/0,9254:1747647656584:,1747647667596
counter/9/0/0/0,9255:1747647656584:,1747647667597
counter/9/0/0/0,9256:1747647656584:,1747647667597
counter/9/0/0/0,9257:1747647656584:,1747647667597
counter/9/0/0/0,9258:1747647656584:,1747647667597
counter/9/0/0/0,9259:1747647656584:,1747647667597
counter/9/0/0/0,9260:1747647656584:,1747647667597
counter/6/0/0/0,8218:1747647656712:,1747647667599
counter/3/0/0/0,9475:1747647656980:,1747647667599
counter/9/0/0/0,9261:1747647656584:,1747647667600
counter/4/0/0/0,9019:1747647657238:,1747647667600
counter/6/0/0/0,8219:1747647656714:,1747647667600
counter/4/0/0/0,9020:1747647657238:,1747647667600
counter/4/0/0/0,9021:1747647657238:,1747647667600
counter/3/0/0/0,9476:1747647656981:,1747647667600
counter/2/0/0/0,8772:1747647655686:,1747647667600
counter/2/0/0/0,8773:1747647655687:,1747647667600
counter/2/0/0/0,8774:1747647655687:,1747647667600
counter/1/0/0/0,9898:1747647657197:,1747647667600
counter/10/0/0/0,8278:1747647656340:,1747647667604
counter/10/0/0/0,8279:1747647656340:,1747647667604
counter/1/0/0/0,9899:1747647657199:,1747647667605
counter/5/0/0/0,8677:1747647656351:,1747647667605
counter/5/0/0/0,8678:1747647656351:,1747647667605
counter/4/0/0/0,9022:1747647657238:,1747647667605
counter/9/0/0/0,9262:1747647656584:,1747647667605
counter/8/0/0/0,9017:1747647655958:,1747647667605
counter/9/0/0/0,9263:1747647656584:,1747647667605
counter/9/0/0/0,9264:1747647656584:,1747647667605
counter/9/0/0/0,9265:1747647656584:,1747647667605
counter/9/0/0/0,9266:1747647656585:,1747647667605
counter/9/0/0/0,9267:1747647656585:,1747647667605
counter/9/0/0/0,9268:1747647656585:,1747647667606
counter/5/0/0/0,8679:1747647656351:,1747647667607
counter/5/0/0/0,8680:1747647656352:,1747647667607
counter/5/0/0/0,8681:1747647656352:,1747647667607
counter/5/0/0/0,8682:1747647656357:,1747647667607
counter/5/0/0/0,8683:1747647656357:,1747647667607
counter/5/0/0/0,8684:1747647656357:,1747647667607
counter/5/0/0/0,8685:1747647656357:,1747647667607
counter/5/0/0/0,8686:1747647656357:,1747647667608
counter/1/0/0/0,9900:1747647657200:,1747647667608
counter/1/0/0/0,9901:1747647657200:,1747647667608
counter/6/0/0/0,8220:1747647656714:,1747647667609
counter/2/0/0/0,8775:1747647655687:,1747647667609
counter/6/0/0/0,8221:1747647656714:,1747647667611
counter/3/0/0/0,9477:1747647656981:,1747647667611
counter/6/0/0/0,8222:1747647656715:,1747647667611
counter/6/0/0/0,8223:1747647656719:,1747647667611
counter/8/0/0/0,9018:1747647655959:,1747647667611
counter/6/0/0/0,8224:1747647656719:,1747647667611
counter/6/0/0/0,8225:1747647656720:,1747647667611
counter/6/0/0/0,8226:1747647656720:,1747647667611
counter/6/0/0/0,8227:1747647656720:,1747647667611
counter/3/0/0/0,9478:1747647656981:,1747647667612
counter/3/0/0/0,9479:1747647656981:,1747647667612
counter/3/0/0/0,9480:1747647656981:,1747647667612
counter/3/0/0/0,9481:1747647656981:,1747647667612
counter/3/0/0/0,9482:1747647656981:,1747647667612
counter/3/0/0/0,9483:1747647656981:,1747647667613
counter/3/0/0/0,9484:1747647656981:,1747647667613
counter/3/0/0/0,9485:1747647656981:,1747647667613
counter/3/0/0/0,9486:1747647656981:,1747647667613
counter/3/0/0/0,9487:1747647656981:,1747647667613
counter/3/0/0/0,9488:1747647656981:,1747647667613
counter/8/0/0/0,9019:1747647655959:,1747647667613
counter/3/0/0/0,9489:1747647656981:,1747647667613
counter/3/0/0/0,9490:1747647656981:,1747647667613
counter/10/0/0/0,8280:1747647656340:,1747647667613
counter/4/0/0/0,9023:1747647657239:,1747647667613
counter/4/0/0/0,9024:1747647657239:,1747647667613
counter/4/0/0/0,9025:1747647657244:,1747647667613
counter/4/0/0/0,9026:1747647657244:,1747647667613
counter/1/0/0/0,9902:1747647657200:,1747647667613
counter/4/0/0/0,9027:1747647657244:,1747647667613
counter/4/0/0/0,9028:1747647657244:,1747647667615
counter/3/0/0/0,9491:1747647656981:,1747647667615
counter/2/0/0/0,8776:1747647655687:,1747647667615
counter/2/0/0/0,8777:1747647655687:,1747647667615
counter/1/0/0/0,9903:1747647657200:,1747647667616
counter/9/0/0/0,9269:1747647656585:,1747647667616
counter/9/0/0/0,9270:1747647656591:,1747647667616
counter/6/0/0/0,8228:1747647656720:,1747647667616
counter/6/0/0/0,8229:1747647656720:,1747647667616
counter/4/0/0/0,9029:1747647657244:,1747647667616
counter/10/0/0/0,8281:1747647656345:,1747647667616
counter/10/0/0/0,8282:1747647656345:,1747647667616
counter/10/0/0/0,8283:1747647656345:,1747647667616
counter/10/0/0/0,8284:1747647656345:,1747647667616
counter/10/0/0/0,8285:1747647656345:,1747647667616
counter/3/0/0/0,9492:1747647656981:,1747647667617
counter/10/0/0/0,8286:1747647656345:,1747647667617
counter/10/0/0/0,8287:1747647656345:,1747647667617
counter/10/0/0/0,8288:1747647656345:,1747647667617
counter/10/0/0/0,8289:1747647656345:,1747647667618
counter/10/0/0/0,8290:1747647656345:,1747647667618
counter/10/0/0/0,8291:1747647656345:,1747647667618
counter/10/0/0/0,8292:1747647656345:,1747647667618
counter/10/0/0/0,8293:1747647656345:,1747647667618
counter/9/0/0/0,9271:1747647656591:,1747647667618
counter/9/0/0/0,9272:1747647656591:,1747647667618
counter/9/0/0/0,9273:1747647656591:,1747647667618
counter/9/0/0/0,9274:1747647656591:,1747647667618
counter/9/0/0/0,9275:1747647656591:,1747647667618
counter/9/0/0/0,9276:1747647656591:,1747647667618
counter/9/0/0/0,9277:1747647656591:,1747647667619
counter/4/0/0/0,9030:1747647657244:,1747647667619
counter/3/0/0/0,9493:1747647656981:,1747647667619
counter/2/0/0/0,8778:1747647655687:,1747647667619
counter/3/0/0/0,9494:1747647656981:,1747647667619
counter/8/0/0/0,9020:1747647655959:,1747647667619
counter/3/0/0/0,9495:1747647656981:,1747647667619
counter/6/0/0/0,8230:1747647656720:,1747647667619
counter/10/0/0/0,8294:1747647656345:,1747647667620
counter/10/0/0/0,8295:1747647656345:,1747647667620
counter/10/0/0/0,8296:1747647656345:,1747647667620
counter/10/0/0/0,8297:1747647656345:,1747647667620
counter/10/0/0/0,8298:1747647656345:,1747647667620
counter/10/0/0/0,8299:1747647656345:,1747647667620
counter/10/0/0/0,8300:1747647656345:,1747647667620
counter/10/0/0/0,8301:1747647656345:,1747647667620
counter/10/0/0/0,8302:1747647656345:,1747647667620
counter/3/0/0/0,9496:1747647656984:,1747647667622
counter/6/0/0/0,8231:1747647656720:,1747647667622
counter/4/0/0/0,9031:1747647657244:,1747647667622
counter/4/0/0/0,9032:1747647657244:,1747647667622
counter/4/0/0/0,9033:1747647657244:,1747647667622
counter/4/0/0/0,9034:1747647657246:,1747647667622
counter/4/0/0/0,9035:1747647657482:,1747647667622
counter/4/0/0/0,9036:1747647657482:,1747647667622
counter/4/0/0/0,9037:1747647657482:,1747647667622
counter/4/0/0/0,9038:1747647657483:,1747647667623
counter/4/0/0/0,9039:1747647657485:,1747647667623
counter/4/0/0/0,9040:1747647657487:,1747647667623
counter/10/0/0/0,8303:1747647656346:,1747647667623
counter/2/0/0/0,8779:1747647655687:,1747647667623
counter/1/0/0/0,9904:1747647657200:,1747647667623
counter/9/0/0/0,9278:1747647656593:,1747647667623
counter/4/0/0/0,9041:1747647657488:,1747647667623
counter/7/0/0/0,8745:1747647656720:,1747647667624
counter/7/0/0/0,8746:1747647656721:,1747647667624
counter/8/0/0/0,9021:1747647655959:,1747647667624
counter/7/0/0/0,8747:1747647656721:,1747647667625
counter/8/0/0/0,9022:1747647655959:,1747647667625
counter/7/0/0/0,8748:1747647656721:,1747647667625
counter/8/0/0/0,9023:1747647655959:,1747647667625
counter/8/0/0/0,9024:1747647655959:,1747647667625
counter/8/0/0/0,9025:1747647655959:,1747647667625
counter/8/0/0/0,9026:1747647655959:,1747647667625
counter/8/0/0/0,9027:1747647655959:,1747647667625
counter/8/0/0/0,9028:1747647655959:,1747647667625
counter/8/0/0/0,9029:1747647655959:,1747647667625
counter/4/0/0/0,9042:1747647657490:,1747647667625
counter/4/0/0/0,9043:1747647657494:,1747647667625
counter/4/0/0/0,9044:1747647657497:,1747647667626
counter/4/0/0/0,9045:1747647657497:,1747647667626
counter/4/0/0/0,9046:1747647657500:,1747647667626
counter/4/0/0/0,9047:1747647657508:,1747647667627
counter/4/0/0/0,9048:1747647657508:,1747647667627
counter/4/0/0/0,9049:1747647657509:,1747647667627
counter/4/0/0/0,9050:1747647657526:,1747647667627
counter/4/0/0/0,9051:1747647657526:,1747647667627
counter/4/0/0/0,9052:1747647657526:,1747647667627
counter/4/0/0/0,9053:1747647657526:,1747647667627
counter/4/0/0/0,9054:1747647657526:,1747647667627
counter/9/0/0/0,9279:1747647656593:,1747647667627
counter/5/0/0/0,8687:1747647656357:,1747647667627
counter/5/0/0/0,8688:1747647656358:,1747647667628
counter/7/0/0/0,8749:1747647656721:,1747647667628
counter/3/0/0/0,9497:1747647656984:,1747647667628
counter/8/0/0/0,9030:1747647655959:,1747647667628
counter/8/0/0/0,9031:1747647655959:,1747647667628
counter/8/0/0/0,9032:1747647655959:,1747647667628
counter/1/0/0/0,9905:1747647657200:,1747647667631
counter/6/0/0/0,8232:1747647656728:,1747647667631
counter/8/0/0/0,9033:1747647655959:,1747647667632
counter/9/0/0/0,9280:1747647656593:,1747647667632
counter/9/0/0/0,9281:1747647656597:,1747647667632
counter/9/0/0/0,9282:1747647656597:,1747647667632
counter/9/0/0/0,9283:1747647656597:,1747647667632
counter/9/0/0/0,9284:1747647656597:,1747647667632
counter/9/0/0/0,9285:1747647656597:,1747647667632
counter/8/0/0/0,9034:1747647655959:,1747647667634
counter/1/0/0/0,9906:1747647657200:,1747647667634
counter/6/0/0/0,8233:1747647656728:,1747647667634
counter/1/0/0/0,9907:1747647657202:,1747647667634
counter/9/0/0/0,9286:1747647656597:,1747647667635
counter/9/0/0/0,9287:1747647656597:,1747647667635
counter/9/0/0/0,9288:1747647656597:,1747647667635
counter/2/0/0/0,8780:1747647655687:,1747647667636
counter/2/0/0/0,8781:1747647655687:,1747647667636
counter/2/0/0/0,8782:1747647655687:,1747647667636
counter/2/0/0/0,8783:1747647655687:,1747647667636
counter/2/0/0/0,8784:1747647655687:,1747647667636
counter/10/0/0/0,8304:1747647656346:,1747647667636
counter/9/0/0/0,9289:1747647656597:,1747647667636
counter/9/0/0/0,9290:1747647656597:,1747647667636
counter/9/0/0/0,9291:1747647656597:,1747647667636
counter/1/0/0/0,9908:1747647657202:,1747647667637
counter/3/0/0/0,9498:1747647656984:,1747647667637
counter/3/0/0/0,9499:1747647656984:,1747647667637
counter/10/0/0/0,8305:1747647656346:,1747647667637
counter/10/0/0/0,8306:1747647656350:,1747647667637
counter/10/0/0/0,8307:1747647656350:,1747647667638
counter/10/0/0/0,8308:1747647656350:,1747647667638
counter/10/0/0/0,8309:1747647656350:,1747647667638
counter/10/0/0/0,8310:1747647656356:,1747647667638
counter/10/0/0/0,8311:1747647656356:,1747647667638
counter/10/0/0/0,8312:1747647656356:,1747647667638
counter/10/0/0/0,8313:1747647656356:,1747647667638
counter/10/0/0/0,8314:1747647656356:,1747647667638
counter/1/0/0/0,9909:1747647657202:,1747647667638
counter/10/0/0/0,8315:1747647656356:,1747647667639
counter/10/0/0/0,8316:1747647656356:,1747647667639
counter/7/0/0/0,8750:1747647656721:,1747647667639
counter/8/0/0/0,9035:1747647655959:,1747647667639
counter/7/0/0/0,8751:1747647656721:,1747647667639
counter/1/0/0/0,9910:1747647657202:,1747647667640
counter/1/0/0/0,9911:1747647657202:,1747647667641
counter/1/0/0/0,9912:1747647657202:,1747647667641
counter/1/0/0/0,9913:1747647657202:,1747647667642
counter/1/0/0/0,9914:1747647657203:,1747647667642
counter/1/0/0/0,9915:1747647657203:,1747647667642
counter/1/0/0/0,9916:1747647657203:,1747647667642
counter/1/0/0/0,9917:1747647657203:,1747647667642
counter/1/0/0/0,9918:1747647657203:,1747647667642
counter/1/0/0/0,9919:1747647657203:,1747647667642
counter/2/0/0/0,8785:1747647655687:,1747647667642
counter/2/0/0/0,8786:1747647655687:,1747647667642
counter/2/0/0/0,8787:1747647655687:,1747647667642
counter/2/0/0/0,8788:1747647655687:,1747647667642
counter/4/0/0/0,9055:1747647657526:,1747647667642
counter/10/0/0/0,8317:1747647656356:,1747647667642
counter/4/0/0/0,9056:1747647657526:,1747647667642
counter/9/0/0/0,9292:1747647656597:,1747647667642
counter/5/0/0/0,8689:1747647656358:,1747647667642
counter/5/0/0/0,8690:1747647656358:,1747647667643
counter/3/0/0/0,9500:1747647656984:,1747647667643
counter/5/0/0/0,8691:1747647656358:,1747647667643
counter/10/0/0/0,8318:1747647656356:,1747647667643
counter/9/0/0/0,9293:1747647656597:,1747647667645
counter/2/0/0/0,8789:1747647655687:,1747647667646
counter/4/0/0/0,9057:1747647657526:,1747647667646
counter/4/0/0/0,9058:1747647657526:,1747647667646
counter/9/0/0/0,9294:1747647656597:,1747647667647
counter/1/0/0/0,9920:1747647657209:,1747647667647
counter/1/0/0/0,9921:1747647657209:,1747647667647
counter/1/0/0/0,9922:1747647657209:,1747647667647
counter/1/0/0/0,9923:1747647657209:,1747647667647
counter/1/0/0/0,9924:1747647657210:,1747647667647
counter/1/0/0/0,9925:1747647657210:,1747647667647
counter/1/0/0/0,9926:1747647657210:,1747647667647
counter/1/0/0/0,9927:1747647657211:,1747647667647
counter/1/0/0/0,9928:1747647657211:,1747647667647
counter/1/0/0/0,9929:1747647657211:,1747647667647
counter/1/0/0/0,9930:1747647657211:,1747647667647
counter/1/0/0/0,9931:1747647657211:,1747647667647
counter/1/0/0/0,9932:1747647657211:,1747647667647
counter/1/0/0/0,9933:1747647657211:,1747647667648
counter/8/0/0/0,9036:1747647655959:,1747647667648
counter/5/0/0/0,8692:1747647656358:,1747647667648
counter/9/0/0/0,9295:1747647656597:,1747647667648
counter/5/0/0/0,8693:1747647656358:,1747647667648
counter/5/0/0/0,8694:1747647656359:,1747647667648
counter/5/0/0/0,8695:1747647656359:,1747647667648
counter/5/0/0/0,8696:1747647656363:,1747647667648
counter/5/0/0/0,8697:1747647656363:,1747647667648
counter/5/0/0/0,8698:1747647656363:,1747647667648
counter/1/0/0/0,9934:1747647657211:,1747647667648
counter/7/0/0/0,8752:1747647656721:,1747647667648
counter/7/0/0/0,8753:1747647656721:,1747647667648
counter/8/0/0/0,9037:1747647655959:,1747647667649
counter/5/0/0/0,8699:1747647656364:,1747647667649
counter/3/0/0/0,9501:1747647656984:,1747647667649
counter/2/0/0/0,8790:1747647655687:,1747647667649
counter/3/0/0/0,9502:1747647656986:,1747647667649
counter/4/0/0/0,9059:1747647657526:,1747647667650
counter/4/0/0/0,9060:1747647657526:,1747647667650
counter/4/0/0/0,9061:1747647657526:,1747647667650
counter/4/0/0/0,9062:1747647657526:,1747647667650
counter/4/0/0/0,9063:1747647657526:,1747647667650
counter/4/0/0/0,9064:1747647657527:,1747647667650
counter/4/0/0/0,9065:1747647657527:,1747647667650
counter/4/0/0/0,9066:1747647657527:,1747647667650
counter/4/0/0/0,9067:1747647657527:,1747647667650
counter/4/0/0/0,9068:1747647657527:,1747647667651
counter/4/0/0/0,9069:1747647657527:,1747647667651
counter/4/0/0/0,9070:1747647657527:,1747647667651
counter/4/0/0/0,9071:1747647657527:,1747647667651
counter/8/0/0/0,9038:1747647655959:,1747647667651
counter/6/0/0/0,8234:1747647656728:,1747647667651
counter/8/0/0/0,9039:1747647655959:,1747647667651
counter/8/0/0/0,9040:1747647655959:,1747647667651
counter/8/0/0/0,9041:1747647655959:,1747647667651
counter/1/0/0/0,9935:1747647657211:,1747647667651
counter/1/0/0/0,9936:1747647657211:,1747647667651
counter/1/0/0/0,9937:1747647657213:,1747647667651
counter/1/0/0/0,9938:1747647657213:,1747647667651
counter/7/0/0/0,8754:1747647656727:,1747647667652
counter/1/0/0/0,9939:1747647657213:,1747647667653
counter/8/0/0/0,9042:1747647655966:,1747647667654
counter/2/0/0/0,8791:1747647655687:,1747647667654
counter/2/0/0/0,8792:1747647655688:,1747647667654
counter/2/0/0/0,8793:1747647655688:,1747647667654
counter/2/0/0/0,8794:1747647655688:,1747647667655
counter/2/0/0/0,8795:1747647655688:,1747647667655
counter/2/0/0/0,8796:1747647655688:,1747647667655
counter/2/0/0/0,8797:1747647655704:,1747647667655
counter/2/0/0/0,8798:1747647655705:,1747647667655
counter/1/0/0/0,9940:1747647657213:,1747647667655
counter/7/0/0/0,8755:1747647656727:,1747647667655
counter/1/0/0/0,9941:1747647657213:,1747647667655
counter/7/0/0/0,8756:1747647656727:,1747647667655
counter/4/0/0/0,9072:1747647657527:,1747647667656
counter/4/0/0/0,9073:1747647657527:,1747647667656
counter/4/0/0/0,9074:1747647657527:,1747647667656
counter/4/0/0/0,9075:1747647657527:,1747647667656
counter/4/0/0/0,9076:1747647657527:,1747647667656
counter/4/0/0/0,9077:1747647657527:,1747647667656
counter/4/0/0/0,9078:1747647657527:,1747647667656
counter/4/0/0/0,9079:1747647657527:,1747647667656
counter/4/0/0/0,9080:1747647657527:,1747647667656
counter/4/0/0/0,9081:1747647657527:,1747647667656
counter/1/0/0/0,9942:1747647657213:,1747647667656
counter/7/0/0/0,8757:1747647656727:,1747647667657
counter/5/0/0/0,8700:1747647656364:,1747647667657
counter/5/0/0/0,8701:1747647656364:,1747647667657
counter/5/0/0/0,8702:1747647656364:,1747647667657
counter/10/0/0/0,8319:1747647656356:,1747647667657
counter/5/0/0/0,8703:1747647656364:,1747647667658
counter/5/0/0/0,8704:1747647656364:,1747647667658
counter/5/0/0/0,8705:1747647656364:,1747647667658
counter/5/0/0/0,8706:1747647656364:,1747647667659
counter/5/0/0/0,8707:1747647656364:,1747647667659
counter/4/0/0/0,9082:1747647657528:,1747647667659
counter/4/0/0/0,9083:1747647657530:,1747647667659
counter/4/0/0/0,9084:1747647657530:,1747647667659
counter/4/0/0/0,9085:1747647657531:,1747647667659
counter/7/0/0/0,8758:1747647656727:,1747647667659
counter/1/0/0/0,9943:1747647657213:,1747647667659
counter/10/0/0/0,8320:1747647656356:,1747647667659
counter/1/0/0/0,9944:1747647657214:,1747647667660
counter/10/0/0/0,8321:1747647656356:,1747647667660
counter/3/0/0/0,9503:1747647656987:,1747647667661
counter/3/0/0/0,9504:1747647656987:,1747647667661
counter/3/0/0/0,9505:1747647656987:,1747647667661
counter/3/0/0/0,9506:1747647656987:,1747647667661
counter/3/0/0/0,9507:1747647656987:,1747647667661
counter/3/0/0/0,9508:1747647656987:,1747647667661
counter/3/0/0/0,9509:1747647656987:,1747647667661
counter/10/0/0/0,8322:1747647656356:,1747647667662
counter/3/0/0/0,9510:1747647656987:,1747647667662
counter/3/0/0/0,9511:1747647656987:,1747647667662
counter/2/0/0/0,8799:1747647655705:,1747647667662
counter/8/0/0/0,9043:1747647655967:,1747647667662
counter/4/0/0/0,9086:1747647657532:,1747647667662
counter/1/0/0/0,9945:1747647657214:,1747647667662
counter/4/0/0/0,9087:1747647657532:,1747647667662
counter/9/0/0/0,9296:1747647656597:,1747647667663
counter/6/0/0/0,8235:1747647656728:,1747647667663
counter/9/0/0/0,9297:1747647656598:,1747647667664
counter/9/0/0/0,9298:1747647656598:,1747647667665
counter/9/0/0/0,9299:1747647656599:,1747647667665
counter/9/0/0/0,9300:1747647656599:,1747647667665
counter/9/0/0/0,9301:1747647656599:,1747647667665
counter/9/0/0/0,9302:1747647656599:,1747647667665
counter/9/0/0/0,9303:1747647656599:,1747647667665
counter/9/0/0/0,9304:1747647656599:,1747647667665
counter/9/0/0/0,9305:1747647656599:,1747647667665
counter/3/0/0/0,9512:1747647656987:,1747647667665
counter/4/0/0/0,9088:1747647657532:,1747647667666
counter/1/0/0/0,9946:1747647657214:,1747647667666
counter/1/0/0/0,9947:1747647657214:,1747647667666
counter/1/0/0/0,9948:1747647657216:,1747647667666
counter/1/0/0/0,9949:1747647657216:,1747647667666
counter/1/0/0/0,9950:1747647657216:,1747647667666
counter/6/0/0/0,8236:1747647656728:,1747647667666
counter/6/0/0/0,8237:1747647656728:,1747647667666
counter/6/0/0/0,8238:1747647656728:,1747647667666
counter/8/0/0/0,9044:1747647655967:,1747647667666
counter/8/0/0/0,9045:1747647655968:,1747647667667
counter/5/0/0/0,8708:1747647656364:,1747647667667
counter/5/0/0/0,8709:1747647656364:,1747647667667
counter/5/0/0/0,8710:1747647656364:,1747647667667
counter/2/0/0/0,8800:1747647655705:,1747647667667
counter/8/0/0/0,9046:1747647655968:,1747647667667
counter/9/0/0/0,9306:1747647656599:,1747647667667
counter/9/0/0/0,9307:1747647656599:,1747647667668
counter/3/0/0/0,9513:1747647656987:,1747647667668
counter/8/0/0/0,9047:1747647655968:,1747647667669
counter/8/0/0/0,9048:1747647655968:,1747647667669
counter/8/0/0/0,9049:1747647655969:,1747647667669
counter/8/0/0/0,9050:1747647655969:,1747647667669
counter/3/0/0/0,9514:1747647656987:,1747647667669
counter/7/0/0/0,8759:1747647656727:,1747647667669
counter/6/0/0/0,8239:1747647656728:,1747647667669
counter/5/0/0/0,8711:1747647656364:,1747647667669
counter/1/0/0/0,9951:1747647657216:,1747647667670
counter/5/0/0/0,8712:1747647656380:,1747647667671
counter/6/0/0/0,8240:1747647656728:,1747647667672
counter/1/0/0/0,9952:1747647657216:,1747647667674
counter/7/0/0/0,8760:1747647656727:,1747647667676
counter/8/0/0/0,9051:1747647655969:,1747647667676
counter/8/0/0/0,9052:1747647655969:,1747647667676
counter/6/0/0/0,8241:1747647656728:,1747647667676
counter/7/0/0/0,8761:1747647656727:,1747647667676
counter/5/0/0/0,8713:1747647656383:,1747647667676
counter/5/0/0/0,8714:1747647656383:,1747647667676
counter/5/0/0/0,8715:1747647656383:,1747647667676
counter/5/0/0/0,8716:1747647656383:,1747647667676
counter/5/0/0/0,8717:1747647656383:,1747647667676
counter/5/0/0/0,8718:1747647656384:,1747647667677
counter/3/0/0/0,9515:1747647656987:,1747647667678
counter/2/0/0/0,8801:1747647655705:,1747647667678
counter/7/0/0/0,8762:1747647656730:,1747647667680
counter/7/0/0/0,8763:1747647656730:,1747647667681
counter/2/0/0/0,8802:1747647655705:,1747647667681
counter/9/0/0/0,9308:1747647656599:,1747647667681
counter/4/0/0/0,9089:1747647657532:,1747647667681
counter/9/0/0/0,9309:1747647656599:,1747647667681
counter/10/0/0/0,8323:1747647656356:,1747647667681
counter/10/0/0/0,8324:1747647656356:,1747647667681
counter/10/0/0/0,8325:1747647656356:,1747647667681
counter/8/0/0/0,9053:1747647655969:,1747647667681
counter/8/0/0/0,9054:1747647655969:,1747647667681
counter/8/0/0/0,9055:1747647655969:,1747647667681
counter/8/0/0/0,9056:1747647655969:,1747647667681
counter/8/0/0/0,9057:1747647655969:,1747647667682
counter/5/0/0/0,8719:1747647656384:,1747647667682
counter/5/0/0/0,8720:1747647656384:,1747647667682
counter/5/0/0/0,8721:1747647656384:,1747647667682
counter/3/0/0/0,9516:1747647656987:,1747647667682
counter/3/0/0/0,9517:1747647656987:,1747647667682
counter/2/0/0/0,8803:1747647655705:,1747647667682
counter/7/0/0/0,8764:1747647656730:,1747647667682
counter/1/0/0/0,9953:1747647657216:,1747647667683
counter/3/0/0/0,9518:1747647656987:,1747647667683
counter/2/0/0/0,8804:1747647655705:,1747647667683
counter/1/0/0/0,9954:1747647657216:,1747647667684
counter/4/0/0/0,9090:1747647657534:,1747647667685
counter/7/0/0/0,8765:1747647656733:,1747647667685
counter/9/0/0/0,9310:1747647656599:,1747647667685
counter/9/0/0/0,9311:1747647656599:,1747647667685
counter/9/0/0/0,9312:1747647656599:,1747647667685
counter/9/0/0/0,9313:1747647656607:,1747647667685
counter/9/0/0/0,9314:1747647656607:,1747647667685
counter/9/0/0/0,9315:1747647656607:,1747647667686
counter/9/0/0/0,9316:1747647656607:,1747647667686
counter/9/0/0/0,9317:1747647656607:,1747647667686
counter/2/0/0/0,8805:1747647655705:,1747647667687
counter/4/0/0/0,9091:1747647657534:,1747647667687
counter/4/0/0/0,9092:1747647657534:,1747647667687
counter/4/0/0/0,9093:1747647657534:,1747647667687
counter/4/0/0/0,9094:1747647657534:,1747647667687
counter/4/0/0/0,9095:1747647657534:,1747647667687
counter/4/0/0/0,9096:1747647657535:,1747647667687
counter/4/0/0/0,9097:1747647657535:,1747647667687
counter/4/0/0/0,9098:1747647657535:,1747647667687
counter/4/0/0/0,9099:1747647657536:,1747647667687
counter/5/0/0/0,8722:1747647656384:,1747647667687
counter/7/0/0/0,8766:1747647656733:,1747647667688
counter/1/0/0/0,9955:1747647657216:,1747647667688
counter/10/0/0/0,8326:1747647656356:,1747647667688
counter/2/0/0/0,8806:1747647655705:,1747647667689
counter/2/0/0/0,8807:1747647655705:,1747647667689
counter/2/0/0/0,8808:1747647655705:,1747647667689
counter/5/0/0/0,8723:1747647656384:,1747647667689
counter/7/0/0/0,8767:1747647656733:,1747647667690
counter/5/0/0/0,8724:1747647656384:,1747647667690
counter/7/0/0/0,8768:1747647656733:,1747647667690
counter/7/0/0/0,8769:1747647656733:,1747647667691
counter/8/0/0/0,9058:1747647655969:,1747647667691
counter/8/0/0/0,9059:1747647655969:,1747647667691
counter/8/0/0/0,9060:1747647655969:,1747647667691
counter/7/0/0/0,8770:1747647656733:,1747647667691
counter/10/0/0/0,8327:1747647656361:,1747647667691
counter/3/0/0/0,9519:1747647656987:,1747647667691
counter/3/0/0/0,9520:1747647656989:,1747647667691
counter/3/0/0/0,9521:1747647656989:,1747647667691
counter/3/0/0/0,9522:1747647656989:,1747647667691
counter/6/0/0/0,8242:1747647656728:,1747647667692
counter/7/0/0/0,8771:1747647656744:,1747647667693
counter/10/0/0/0,8328:1747647656361:,1747647667693
counter/7/0/0/0,8772:1747647656744:,1747647667693
counter/6/0/0/0,8243:1747647656728:,1747647667693
counter/6/0/0/0,8244:1747647656728:,1747647667693
counter/6/0/0/0,8245:1747647656731:,1747647667694
counter/6/0/0/0,8246:1747647656731:,1747647667694
counter/1/0/0/0,9956:1747647657216:,1747647667694
counter/8/0/0/0,9061:1747647655969:,1747647667694
counter/5/0/0/0,8725:1747647656384:,1747647667694
counter/5/0/0/0,8726:1747647656385:,1747647667694
counter/5/0/0/0,8727:1747647656392:,1747647667694
counter/5/0/0/0,8728:1747647656392:,1747647667694
counter/5/0/0/0,8729:1747647656392:,1747647667695
counter/5/0/0/0,8730:1747647656395:,1747647667695
counter/5/0/0/0,8731:1747647656395:,1747647667695
counter/5/0/0/0,8732:1747647656395:,1747647667695
counter/2/0/0/0,8809:1747647655705:,1747647667695
counter/7/0/0/0,8773:1747647656744:,1747647667695
counter/7/0/0/0,8774:1747647656744:,1747647667695
counter/7/0/0/0,8775:1747647656744:,1747647667695
counter/4/0/0/0,9100:1747647657536:,1747647667695
counter/4/0/0/0,9101:1747647657536:,1747647667695
counter/4/0/0/0,9102:1747647657536:,1747647667695
counter/4/0/0/0,9103:1747647657541:,1747647667695
counter/2/0/0/0,8810:1747647655712:,1747647667696
counter/2/0/0/0,8811:1747647655712:,1747647667696
counter/7/0/0/0,8776:1747647656744:,1747647667696
counter/8/0/0/0,9062:1747647655969:,1747647667696
counter/7/0/0/0,8777:1747647656744:,1747647667696
counter/8/0/0/0,9063:1747647655969:,1747647667696
counter/1/0/0/0,9957:1747647657216:,1747647667697
counter/9/0/0/0,9318:1747647656607:,1747647667697
counter/7/0/0/0,8778:1747647656744:,1747647667697
counter/7/0/0/0,8779:1747647656744:,1747647667697
counter/7/0/0/0,8780:1747647656744:,1747647667697
counter/7/0/0/0,8781:1747647656744:,1747647667697
counter/7/0/0/0,8782:1747647656744:,1747647667697
counter/7/0/0/0,8783:1747647656744:,1747647667697
counter/3/0/0/0,9523:1747647656989:,1747647667701
counter/7/0/0/0,8784:1747647656749:,1747647667701
counter/7/0/0/0,8785:1747647656749:,1747647667701
counter/7/0/0/0,8786:1747647656749:,1747647667701
counter/7/0/0/0,8787:1747647656749:,1747647667701
counter/7/0/0/0,8788:1747647656749:,1747647667701
counter/7/0/0/0,8789:1747647656749:,1747647667701
counter/10/0/0/0,8329:1747647656361:,1747647667701
counter/10/0/0/0,8330:1747647656361:,1747647667701
counter/1/0/0/0,9958:1747647657217:,1747647667703
counter/2/0/0/0,8812:1747647655713:,1747647667704
counter/1/0/0/0,9959:1747647657217:,1747647667704
counter/4/0/0/0,9104:1747647657541:,1747647667704
counter/4/0/0/0,9105:1747647657541:,1747647667704
counter/4/0/0/0,9106:1747647657541:,1747647667704
counter/4/0/0/0,9107:1747647657541:,1747647667704
counter/4/0/0/0,9108:1747647657541:,1747647667704
counter/7/0/0/0,8790:1747647656749:,1747647667705
counter/9/0/0/0,9319:1747647656607:,1747647667705
counter/1/0/0/0,9960:1747647657217:,1747647667705
counter/1/0/0/0,9961:1747647657217:,1747647667705
counter/4/0/0/0,9109:1747647657541:,1747647667705
counter/10/0/0/0,8331:1747647656361:,1747647667706
counter/10/0/0/0,8332:1747647656361:,1747647667706
counter/10/0/0/0,8333:1747647656361:,1747647667706
counter/10/0/0/0,8334:1747647656361:,1747647667706
counter/10/0/0/0,8335:1747647656361:,1747647667706
counter/10/0/0/0,8336:1747647656361:,1747647667706
counter/10/0/0/0,8337:1747647656361:,1747647667706
counter/10/0/0/0,8338:1747647656361:,1747647667706
counter/10/0/0/0,8339:1747647656361:,1747647667706
counter/5/0/0/0,8733:1747647656395:,1747647667706
counter/1/0/0/0,9962:1747647657217:,1747647667706
counter/9/0/0/0,9320:1747647656608:,1747647667707
counter/2/0/0/0,8813:1747647655713:,1747647667709
counter/9/0/0/0,9321:1747647656608:,1747647667709
counter/2/0/0/0,8814:1747647655716:,1747647667709
counter/4/0/0/0,9110:1747647657541:,1747647667709
counter/1/0/0/0,9963:1747647657218:,1747647667710
counter/7/0/0/0,8791:1747647656749:,1747647667710
counter/7/0/0/0,8792:1747647656750:,1747647667710
counter/4/0/0/0,9111:1747647657541:,1747647667711
counter/5/0/0/0,8734:1747647656395:,1747647667711
counter/1/0/0/0,9964:1747647657218:,1747647667711
counter/1/0/0/0,9965:1747647657218:,1747647667711
counter/7/0/0/0,8793:1747647656750:,1747647667712
counter/9/0/0/0,9322:1747647656608:,1747647667712
counter/7/0/0/0,8794:1747647656750:,1747647667712
counter/5/0/0/0,8735:1747647656395:,1747647667712
counter/7/0/0/0,8795:1747647656750:,1747647667712
counter/3/0/0/0,9524:1747647656989:,1747647667712
counter/7/0/0/0,8796:1747647656750:,1747647667712
counter/4/0/0/0,9112:1747647657541:,1747647667713
counter/3/0/0/0,9525:1747647656989:,1747647667714
counter/6/0/0/0,8247:1747647656731:,1747647667714
counter/6/0/0/0,8248:1747647656731:,1747647667714
counter/6/0/0/0,8249:1747647656731:,1747647667714
counter/6/0/0/0,8250:1747647656731:,1747647667714
counter/6/0/0/0,8251:1747647656732:,1747647667714
counter/6/0/0/0,8252:1747647656732:,1747647667714
counter/6/0/0/0,8253:1747647656732:,1747647667714
counter/6/0/0/0,8254:1747647656732:,1747647667714
counter/7/0/0/0,8797:1747647656750:,1747647667714
counter/7/0/0/0,8798:1747647656750:,1747647667714
counter/7/0/0/0,8799:1747647656750:,1747647667714
counter/9/0/0/0,9323:1747647656610:,1747647667716
counter/4/0/0/0,9113:1747647657541:,1747647667716
counter/1/0/0/0,9966:1747647657218:,1747647667717
counter/2/0/0/0,8815:1747647655716:,1747647667718
counter/2/0/0/0,8816:1747647655717:,1747647667718
counter/2/0/0/0,8817:1747647655717:,1747647667718
counter/2/0/0/0,8818:1747647655717:,1747647667718
counter/2/0/0/0,8819:1747647655717:,1747647667718
counter/2/0/0/0,8820:1747647655717:,1747647667718
counter/2/0/0/0,8821:1747647655717:,1747647667718
counter/2/0/0/0,8822:1747647655717:,1747647667718
counter/2/0/0/0,8823:1747647655717:,1747647667718
counter/2/0/0/0,8824:1747647655717:,1747647667718
counter/2/0/0/0,8825:1747647655717:,1747647667719
counter/6/0/0/0,8255:1747647656732:,1747647667719
counter/6/0/0/0,8256:1747647656732:,1747647667719
counter/6/0/0/0,8257:1747647656732:,1747647667719
counter/6/0/0/0,8258:1747647656732:,1747647667719
counter/6/0/0/0,8259:1747647656732:,1747647667719
counter/6/0/0/0,8260:1747647656732:,1747647667719
counter/6/0/0/0,8261:1747647656732:,1747647667719
counter/5/0/0/0,8736:1747647656395:,1747647667719
counter/10/0/0/0,8340:1747647656361:,1747647667719
counter/4/0/0/0,9114:1747647657541:,1747647667719
counter/7/0/0/0,8800:1747647656750:,1747647667719
counter/7/0/0/0,8801:1747647656751:,1747647667719
counter/5/0/0/0,8737:1747647656404:,1747647667719
counter/7/0/0/0,8802:1747647656751:,1747647667720
counter/5/0/0/0,8738:1747647656404:,1747647667720
counter/2/0/0/0,8826:1747647655717:,1747647667720
counter/7/0/0/0,8803:1747647656751:,1747647667720
counter/10/0/0/0,8341:1747647656361:,1747647667721
counter/4/0/0/0,9115:1747647657541:,1747647667721
counter/8/0/0/0,9064:1747647655971:,1747647667721
counter/8/0/0/0,9065:1747647655971:,1747647667721
counter/8/0/0/0,9066:1747647655971:,1747647667721
counter/8/0/0/0,9067:1747647655971:,1747647667721
counter/8/0/0/0,9068:1747647655972:,1747647667721
counter/8/0/0/0,9069:1747647655984:,1747647667721
counter/8/0/0/0,9070:1747647655996:,1747647667721
counter/8/0/0/0,9071:1747647655996:,1747647667721
counter/8/0/0/0,9072:1747647655996:,1747647667722
counter/8/0/0/0,9073:1747647655996:,1747647667722
counter/8/0/0/0,9074:1747647655996:,1747647667722
counter/5/0/0/0,8739:1747647656404:,1747647667722
counter/5/0/0/0,8740:1747647656405:,1747647667722
counter/5/0/0/0,8741:1747647656440:,1747647667722
counter/5/0/0/0,8742:1747647656441:,1747647667722
counter/5/0/0/0,8743:1747647656441:,1747647667722
counter/5/0/0/0,8744:1747647656441:,1747647667722
counter/5/0/0/0,8745:1747647656441:,1747647667722
counter/5/0/0/0,8746:1747647656441:,1747647667722
counter/8/0/0/0,9075:1747647655996:,1747647667722
counter/8/0/0/0,9076:1747647655996:,1747647667722
counter/6/0/0/0,8262:1747647656732:,1747647667722
counter/6/0/0/0,8263:1747647656735:,1747647667722
counter/6/0/0/0,8264:1747647656735:,1747647667722
counter/6/0/0/0,8265:1747647656735:,1747647667722
counter/9/0/0/0,9324:1747647656610:,1747647667723
counter/3/0/0/0,9526:1747647656989:,1747647667723
counter/7/0/0/0,8804:1747647656751:,1747647667723
counter/8/0/0/0,9077:1747647655996:,1747647667723
counter/9/0/0/0,9325:1747647656610:,1747647667723
counter/9/0/0/0,9326:1747647656610:,1747647667723
counter/9/0/0/0,9327:1747647656610:,1747647667723
counter/9/0/0/0,9328:1747647656610:,1747647667723
counter/9/0/0/0,9329:1747647656610:,1747647667723
counter/5/0/0/0,8747:1747647656441:,1747647667724
counter/3/0/0/0,9527:1747647656989:,1747647667724
counter/1/0/0/0,9967:1747647657223:,1747647667726
counter/1/0/0/0,9968:1747647657223:,1747647667726
counter/1/0/0/0,9969:1747647657223:,1747647667726
counter/1/0/0/0,9970:1747647657223:,1747647667726
counter/1/0/0/0,9971:1747647657223:,1747647667726
counter/1/0/0/0,9972:1747647657223:,1747647667726
counter/1/0/0/0,9973:1747647657223:,1747647667726
counter/1/0/0/0,9974:1747647657223:,1747647667726
counter/1/0/0/0,9975:1747647657223:,1747647667726
counter/1/0/0/0,9976:1747647657223:,1747647667727
counter/1/0/0/0,9977:1747647657223:,1747647667727
counter/1/0/0/0,9978:1747647657223:,1747647667727
counter/1/0/0/0,9979:1747647657223:,1747647667727
counter/1/0/0/0,9980:1747647657223:,1747647667727
counter/5/0/0/0,8748:1747647656441:,1747647667727
counter/5/0/0/0,8749:1747647656441:,1747647667727
counter/5/0/0/0,8750:1747647656441:,1747647667727
counter/5/0/0/0,8751:1747647656441:,1747647667727
counter/5/0/0/0,8752:1747647656441:,1747647667727
counter/5/0/0/0,8753:1747647656441:,1747647667727
counter/2/0/0/0,8827:1747647655717:,1747647667727
counter/3/0/0/0,9528:1747647656990:,1747647667727
counter/7/0/0/0,8805:1747647656751:,1747647667727
counter/4/0/0/0,9116:1747647657542:,1747647667727
counter/9/0/0/0,9330:1747647656611:,1747647667728
counter/7/0/0/0,8806:1747647656751:,1747647667728
counter/10/0/0/0,8342:1747647656361:,1747647667728
counter/10/0/0/0,8343:1747647656361:,1747647667728
counter/10/0/0/0,8344:1747647656361:,1747647667728
counter/10/0/0/0,8345:1747647656362:,1747647667728
counter/10/0/0/0,8346:1747647656362:,1747647667729
counter/10/0/0/0,8347:1747647656362:,1747647667729
counter/10/0/0/0,8348:1747647656362:,1747647667729
counter/7/0/0/0,8807:1747647656751:,1747647667730
counter/7/0/0/0,8808:1747647656751:,1747647667730
counter/7/0/0/0,8809:1747647656751:,1747647667730
counter/3/0/0/0,9529:1747647656990:,1747647667731
counter/4/0/0/0,9117:1747647657543:,1747647667731
counter/2/0/0/0,8828:1747647655717:,1747647667731
counter/6/0/0/0,8266:1747647656735:,1747647667731
counter/5/0/0/0,8754:1747647656441:,1747647667731
counter/5/0/0/0,8755:1747647656441:,1747647667732
counter/5/0/0/0,8756:1747647656441:,1747647667732
counter/5/0/0/0,8757:1747647656441:,1747647667732
counter/5/0/0/0,8758:1747647656441:,1747647667732
counter/5/0/0/0,8759:1747647656441:,1747647667732
counter/5/0/0/0,8760:1747647656441:,1747647667732
counter/5/0/0/0,8761:1747647656466:,1747647667732
counter/5/0/0/0,8762:1747647656466:,1747647667732
counter/5/0/0/0,8763:1747647656466:,1747647667732
counter/10/0/0/0,8349:1747647656362:,1747647667732
counter/5/0/0/0,8764:1747647656466:,1747647667732
counter/3/0/0/0,9530:1747647656990:,1747647667732
counter/1/0/0/0,9981:1747647657223:,1747647667732
counter/2/0/0/0,8829:1747647655717:,1747647667733
counter/2/0/0/0,8830:1747647655717:,1747647667733
counter/2/0/0/0,8831:1747647655717:,1747647667733
counter/6/0/0/0,8267:1747647656735:,1747647667733
counter/2/0/0/0,8832:1747647655717:,1747647667733
counter/1/0/0/0,9982:1747647657224:,1747647667733
counter/4/0/0/0,9118:1747647657543:,1747647667733
counter/4/0/0/0,9119:1747647657543:,1747647667733
counter/4/0/0/0,9120:1747647657543:,1747647667733
counter/5/0/0/0,8765:1747647656466:,1747647667733
counter/7/0/0/0,8810:1747647656751:,1747647667734
counter/10/0/0/0,8350:1747647656366:,1747647667734
counter/10/0/0/0,8351:1747647656366:,1747647667734
counter/10/0/0/0,8352:1747647656366:,1747647667734
counter/8/0/0/0,9078:1747647655996:,1747647667734
counter/8/0/0/0,9079:1747647656008:,1747647667734
counter/8/0/0/0,9080:1747647656008:,1747647667734
counter/2/0/0/0,8833:1747647655717:,1747647667734
counter/9/0/0/0,9331:1747647656611:,1747647667734
counter/1/0/0/0,9983:1747647657224:,1747647667736
counter/3/0/0/0,9531:1747647656990:,1747647667736
counter/3/0/0/0,9532:1747647656991:,1747647667736
counter/3/0/0/0,9533:1747647656992:,1747647667736
counter/3/0/0/0,9534:1747647656992:,1747647667736
counter/3/0/0/0,9535:1747647656992:,1747647667736
counter/4/0/0/0,9121:1747647657543:,1747647667737
counter/4/0/0/0,9122:1747647657543:,1747647667737
counter/4/0/0/0,9123:1747647657543:,1747647667737
counter/7/0/0/0,8811:1747647656751:,1747647667737
counter/4/0/0/0,9124:1747647657543:,1747647667737
counter/4/0/0/0,9125:1747647657543:,1747647667737
counter/7/0/0/0,8812:1747647656752:,1747647667737
counter/4/0/0/0,9126:1747647657543:,1747647667737
counter/4/0/0/0,9127:1747647657549:,1747647667737
counter/6/0/0/0,8268:1747647656736:,1747647667737
counter/5/0/0/0,8766:1747647656466:,1747647667738
counter/9/0/0/0,9332:1747647656612:,1747647667739
counter/5/0/0/0,8767:1747647656466:,1747647667739
counter/7/0/0/0,8813:1747647656752:,1747647667739
counter/2/0/0/0,8834:1747647655717:,1747647667739
counter/4/0/0/0,9128:1747647657549:,1747647667740
counter/4/0/0/0,9129:1747647657550:,1747647667740
counter/9/0/0/0,9333:1747647656612:,1747647667740
counter/6/0/0/0,8269:1747647656736:,1747647667740
counter/9/0/0/0,9334:1747647656612:,1747647667741
counter/5/0/0/0,8768:1747647656466:,1747647667741
counter/7/0/0/0,8814:1747647656755:,1747647667741
counter/7/0/0/0,8815:1747647656755:,1747647667741
counter/7/0/0/0,8816:1747647656755:,1747647667741
counter/7/0/0/0,8817:1747647656755:,1747647667741
counter/7/0/0/0,8818:1747647656755:,1747647667741
counter/7/0/0/0,8819:1747647656755:,1747647667741
counter/6/0/0/0,8270:1747647656736:,1747647667743
counter/6/0/0/0,8271:1747647656736:,1747647667743
counter/6/0/0/0,8272:1747647656736:,1747647667743
counter/6/0/0/0,8273:1747647656736:,1747647667743
counter/3/0/0/0,9536:1747647656992:,1747647667743
counter/6/0/0/0,8274:1747647656736:,1747647667743
counter/3/0/0/0,9537:1747647656992:,1747647667743
counter/6/0/0/0,8275:1747647656736:,1747647667744
counter/3/0/0/0,9538:1747647656992:,1747647667744
counter/5/0/0/0,8769:1747647656466:,1747647667744
counter/7/0/0/0,8820:1747647656755:,1747647667744
counter/7/0/0/0,8821:1747647656755:,1747647667744
counter/3/0/0/0,9539:1747647656992:,1747647667744
counter/7/0/0/0,8822:1747647656755:,1747647667745
counter/9/0/0/0,9335:1747647656612:,1747647667745
counter/9/0/0/0,9336:1747647656612:,1747647667746
counter/9/0/0/0,9337:1747647656613:,1747647667746
counter/9/0/0/0,9338:1747647656613:,1747647667746
counter/9/0/0/0,9339:1747647656619:,1747647667747
counter/9/0/0/0,9340:1747647656631:,1747647667747
counter/9/0/0/0,9341:1747647656631:,1747647667747
counter/9/0/0/0,9342:1747647656631:,1747647667748
counter/9/0/0/0,9343:1747647656631:,1747647667748
counter/9/0/0/0,9344:1747647656631:,1747647667748
counter/9/0/0/0,9345:1747647656631:,1747647667748
counter/9/0/0/0,9346:1747647656631:,1747647667748
counter/8/0/0/0,9081:1747647656008:,1747647667748
counter/7/0/0/0,8823:1747647656755:,1747647667750
counter/7/0/0/0,8824:1747647656755:,1747647667750
counter/7/0/0/0,8825:1747647656755:,1747647667750
counter/7/0/0/0,8826:1747647656755:,1747647667750
counter/7/0/0/0,8827:1747647656768:,1747647667750
counter/7/0/0/0,8828:1747647656773:,1747647667750
counter/10/0/0/0,8353:1747647656366:,1747647667750
counter/7/0/0/0,8829:1747647656773:,1747647667750
counter/10/0/0/0,8354:1747647656366:,1747647667750
counter/10/0/0/0,8355:1747647656367:,1747647667750
counter/10/0/0/0,8356:1747647656369:,1747647667750
counter/10/0/0/0,8357:1747647656369:,1747647667750
counter/10/0/0/0,8358:1747647656369:,1747647667750
counter/10/0/0/0,8359:1747647656369:,1747647667750
counter/10/0/0/0,8360:1747647656369:,1747647667750
counter/1/0/0/0,9984:1747647657224:,1747647667751
counter/6/0/0/0,8276:1747647656745:,1747647667751
counter/9/0/0/0,9347:1747647656631:,1747647667751
counter/9/0/0/0,9348:1747647656631:,1747647667751
counter/2/0/0/0,8835:1747647655725:,1747647667751
counter/9/0/0/0,9349:1747647656631:,1747647667751
counter/9/0/0/0,9350:1747647656631:,1747647667752
counter/9/0/0/0,9351:1747647656631:,1747647667752
counter/9/0/0/0,9352:1747647656631:,1747647667752
counter/9/0/0/0,9353:1747647656631:,1747647667752
counter/9/0/0/0,9354:1747647656631:,1747647667752
counter/9/0/0/0,9355:1747647656631:,1747647667752
counter/9/0/0/0,9356:1747647656635:,1747647667752
counter/5/0/0/0,8770:1747647656466:,1747647667752
counter/3/0/0/0,9540:1747647656992:,1747647667753
counter/4/0/0/0,9130:1747647657550:,1747647667754
counter/10/0/0/0,8361:1747647656369:,1747647667754
counter/9/0/0/0,9357:1747647656635:,1747647667754
counter/9/0/0/0,9358:1747647656635:,1747647667754
counter/9/0/0/0,9359:1747647656635:,1747647667754
counter/9/0/0/0,9360:1747647656635:,1747647667755
counter/9/0/0/0,9361:1747647656635:,1747647667755
counter/9/0/0/0,9362:1747647656635:,1747647667755
counter/6/0/0/0,8277:1747647656745:,1747647667755
counter/9/0/0/0,9363:1747647656635:,1747647667755
counter/5/0/0/0,8771:1747647656466:,1747647667755
counter/5/0/0/0,8772:1747647656466:,1747647667755
counter/3/0/0/0,9541:1747647656992:,1747647667755
counter/4/0/0/0,9131:1747647657550:,1747647667756
counter/4/0/0/0,9132:1747647657550:,1747647667756
counter/4/0/0/0,9133:1747647657550:,1747647667756
counter/4/0/0/0,9134:1747647657550:,1747647667757
counter/7/0/0/0,8830:1747647656773:,1747647667757
counter/4/0/0/0,9135:1747647657550:,1747647667757
counter/4/0/0/0,9136:1747647657550:,1747647667757
counter/6/0/0/0,8278:1747647656745:,1747647667757
counter/4/0/0/0,9137:1747647657550:,1747647667757
counter/6/0/0/0,8279:1747647656745:,1747647667757
counter/6/0/0/0,8280:1747647656745:,1747647667757
counter/6/0/0/0,8281:1747647656745:,1747647667757
counter/6/0/0/0,8282:1747647656747:,1747647667757
counter/6/0/0/0,8283:1747647656747:,1747647667757
counter/6/0/0/0,8284:1747647656747:,1747647667757
counter/6/0/0/0,8285:1747647656747:,1747647667757
counter/6/0/0/0,8286:1747647656747:,1747647667758
counter/8/0/0/0,9082:1747647656008:,1747647667758
counter/1/0/0/0,9985:1747647657224:,1747647667758
counter/1/0/0/0,9986:1747647657224:,1747647667758
counter/1/0/0/0,9987:1747647657224:,1747647667758
counter/1/0/0/0,9988:1747647657224:,1747647667758
counter/1/0/0/0,9989:1747647657224:,1747647667758
counter/10/0/0/0,8362:1747647656369:,1747647667758
counter/9/0/0/0,9364:1747647656636:,1747647667758
counter/4/0/0/0,9138:1747647657550:,1747647667758
counter/7/0/0/0,8831:1747647656776:,1747647667758
counter/6/0/0/0,8287:1747647656747:,1747647667759
counter/9/0/0/0,9365:1747647656636:,1747647667759
counter/9/0/0/0,9366:1747647656636:,1747647667759
counter/9/0/0/0,9367:1747647656636:,1747647667760
counter/9/0/0/0,9368:1747647656636:,1747647667760
counter/9/0/0/0,9369:1747647656636:,1747647667760
counter/9/0/0/0,9370:1747647656656:,1747647667760
counter/9/0/0/0,9371:1747647656656:,1747647667760
counter/9/0/0/0,9372:1747647656657:,1747647667760
counter/9/0/0/0,9373:1747647656657:,1747647667760
counter/9/0/0/0,9374:1747647656657:,1747647667760
counter/9/0/0/0,9375:1747647656657:,1747647667760
counter/9/0/0/0,9376:1747647656657:,1747647667760
counter/9/0/0/0,9377:1747647656657:,1747647667761
counter/1/0/0/0,9990:1747647657224:,1747647667761
counter/9/0/0/0,9378:1747647656657:,1747647667761
counter/1/0/0/0,9991:1747647657224:,1747647667761
counter/1/0/0/0,9992:1747647657224:,1747647667761
counter/1/0/0/0,9993:1747647657224:,1747647667761
counter/1/0/0/0,9994:1747647657224:,1747647667761
counter/1/0/0/0,9995:1747647657224:,1747647667761
counter/1/0/0/0,9996:1747647657224:,1747647667761
counter/1/0/0/0,9997:1747647657224:,1747647667761
counter/1/0/0/0,9998:1747647657225:,1747647667761
counter/1/0/0/0,9999:1747647657225:,1747647667761
counter/1/0/0/0,10000:1747647657225:,1747647667761
counter/1/0/0/0,10001:1747647657225:,1747647667761
counter/1/0/0/0,10002:1747647657225:,1747647667761
counter/1/0/0/0,10003:1747647657225:,1747647667762
counter/5/0/0/0,8773:1747647656470:,1747647667762
counter/1/0/0/0,10004:1747647657225:,1747647667762
counter/1/0/0/0,10005:1747647657225:,1747647667762
counter/1/0/0/0,10006:1747647657226:,1747647667762
counter/1/0/0/0,10007:1747647657226:,1747647667763
counter/1/0/0/0,10008:1747647657226:,1747647667763
counter/9/0/0/0,9379:1747647656657:,1747647667763
counter/1/0/0/0,10009:1747647657226:,1747647667764
counter/1/0/0/0,10010:1747647657226:,1747647667764
counter/1/0/0/0,10011:1747647657226:,1747647667764
counter/1/0/0/0,10012:1747647657226:,1747647667764
counter/1/0/0/0,10013:1747647657234:,1747647667764
counter/1/0/0/0,10014:1747647657239:,1747647667765
counter/1/0/0/0,10015:1747647657239:,1747647667765
counter/1/0/0/0,10016:1747647657239:,1747647667765
counter/1/0/0/0,10017:1747647657239:,1747647667765
counter/1/0/0/0,10018:1747647657239:,1747647667765
counter/1/0/0/0,10019:1747647657243:,1747647667765
counter/6/0/0/0,8288:1747647656747:,1747647667765
counter/3/0/0/0,9542:1747647656992:,1747647667765
counter/6/0/0/0,8289:1747647656747:,1747647667765
counter/3/0/0/0,9543:1747647656992:,1747647667765
counter/9/0/0/0,9380:1747647656657:,1747647667765
counter/8/0/0/0,9083:1747647656008:,1747647667767
counter/9/0/0/0,9381:1747647656657:,1747647667768
counter/4/0/0/0,9139:1747647657550:,1747647667769
counter/3/0/0/0,9544:1747647656992:,1747647667769
counter/3/0/0/0,9545:1747647656992:,1747647667770
counter/3/0/0/0,9546:1747647656992:,1747647667770
counter/3/0/0/0,9547:1747647656992:,1747647667770
counter/3/0/0/0,9548:1747647656992:,1747647667770
counter/3/0/0/0,9549:1747647656992:,1747647667770
counter/8/0/0/0,9084:1747647656008:,1747647667771
counter/8/0/0/0,9085:1747647656008:,1747647667771
counter/8/0/0/0,9086:1747647656008:,1747647667771
counter/8/0/0/0,9087:1747647656008:,1747647667771
counter/8/0/0/0,9088:1747647656008:,1747647667771
counter/8/0/0/0,9089:1747647656008:,1747647667771
counter/8/0/0/0,9090:1747647656008:,1747647667771
counter/8/0/0/0,9091:1747647656011:,1747647667771
counter/8/0/0/0,9092:1747647656011:,1747647667771
counter/8/0/0/0,9093:1747647656011:,1747647667772
counter/5/0/0/0,8774:1747647656470:,1747647667772
counter/5/0/0/0,8775:1747647656470:,1747647667772
counter/5/0/0/0,8776:1747647656471:,1747647667772
counter/5/0/0/0,8777:1747647656471:,1747647667772
counter/5/0/0/0,8778:1747647656471:,1747647667772
counter/9/0/0/0,9382:1747647656657:,1747647667772
counter/9/0/0/0,9383:1747647656659:,1747647667772
counter/9/0/0/0,9384:1747647656659:,1747647667772
counter/9/0/0/0,9385:1747647656659:,1747647667772
counter/9/0/0/0,9386:1747647656659:,1747647667772
counter/9/0/0/0,9387:1747647656660:,1747647667772
counter/9/0/0/0,9388:1747647656660:,1747647667772
counter/6/0/0/0,8290:1747647656747:,1747647667772
counter/6/0/0/0,8291:1747647656747:,1747647667773
counter/6/0/0/0,8292:1747647656747:,1747647667773
counter/6/0/0/0,8293:1747647656748:,1747647667773
counter/4/0/0/0,9140:1747647657553:,1747647667773
counter/9/0/0/0,9389:1747647656660:,1747647667773
counter/9/0/0/0,9390:1747647656660:,1747647667773
counter/9/0/0/0,9391:1747647656660:,1747647667773
counter/9/0/0/0,9392:1747647656660:,1747647667773
counter/9/0/0/0,9393:1747647656660:,1747647667773
counter/9/0/0/0,9394:1747647656660:,1747647667773
counter/8/0/0/0,9094:1747647656011:,1747647667773
counter/10/0/0/0,8363:1747647656369:,1747647667773
counter/4/0/0/0,9141:1747647657553:,1747647667773
counter/9/0/0/0,9395:1747647656660:,1747647667775
counter/2/0/0/0,8836:1747647655725:,1747647667775
counter/10/0/0/0,8364:1747647656369:,1747647667775
counter/2/0/0/0,8837:1747647655725:,1747647667776
counter/3/0/0/0,9550:1747647656992:,1747647667777
counter/3/0/0/0,9551:1747647656992:,1747647667777
counter/3/0/0/0,9552:1747647656992:,1747647667777
counter/3/0/0/0,9553:1747647656992:,1747647667777
counter/3/0/0/0,9554:1747647656992:,1747647667777
counter/3/0/0/0,9555:1747647656992:,1747647667777
counter/3/0/0/0,9556:1747647656992:,1747647667777
counter/7/0/0/0,8832:1747647656776:,1747647667777
counter/8/0/0/0,9095:1747647656011:,1747647667777
counter/7/0/0/0,8833:1747647656776:,1747647667778
counter/10/0/0/0,8365:1747647656386:,1747647667778
counter/9/0/0/0,9396:1747647656660:,1747647667778
counter/2/0/0/0,8838:1747647655731:,1747647667778
counter/9/0/0/0,9397:1747647656660:,1747647667778
counter/8/0/0/0,9096:1747647656011:,1747647667778
counter/8/0/0/0,9097:1747647656012:,1747647667778
counter/8/0/0/0,9098:1747647656012:,1747647667778
counter/5/0/0/0,8779:1747647656471:,1747647667779
counter/4/0/0/0,9142:1747647657553:,1747647667779
counter/6/0/0/0,8294:1747647656748:,1747647667780
counter/10/0/0/0,8366:1747647656386:,1747647667780
counter/1/0/0/0,10020:1747647657243:,1747647667780
counter/6/0/0/0,8295:1747647656748:,1747647667780
counter/6/0/0/0,8296:1747647656748:,1747647667781
counter/9/0/0/0,9398:1747647656660:,1747647667781
counter/10/0/0/0,8367:1747647656389:,1747647667781
counter/6/0/0/0,8297:1747647656748:,1747647667782
counter/3/0/0/0,9557:1747647656992:,1747647667782
counter/6/0/0/0,8298:1747647656751:,1747647667782
counter/6/0/0/0,8299:1747647656758:,1747647667782
counter/5/0/0/0,8780:1747647656471:,1747647667783
counter/5/0/0/0,8781:1747647656471:,1747647667783
counter/5/0/0/0,8782:1747647656471:,1747647667783
counter/5/0/0/0,8783:1747647656471:,1747647667783
counter/5/0/0/0,8784:1747647656474:,1747647667783
counter/4/0/0/0,9143:1747647657553:,1747647667783
counter/3/0/0/0,9558:1747647656992:,1747647667783
counter/4/0/0/0,9144:1747647657553:,1747647667783
counter/4/0/0/0,9145:1747647657553:,1747647667783
counter/2/0/0/0,8839:1747647655735:,1747647667783
counter/6/0/0/0,8300:1747647656760:,1747647667784
counter/8/0/0/0,9099:1747647656012:,1747647667784
counter/6/0/0/0,8301:1747647656765:,1747647667784
counter/9/0/0/0,9399:1747647656660:,1747647667784
counter/9/0/0/0,9400:1747647656664:,1747647667784
counter/3/0/0/0,9559:1747647656992:,1747647667784
counter/3/0/0/0,9560:1747647656993:,1747647667784
counter/3/0/0/0,9561:1747647656993:,1747647667784
counter/3/0/0/0,9562:1747647656993:,1747647667784
counter/3/0/0/0,9563:1747647656993:,1747647667784
counter/8/0/0/0,9100:1747647656012:,1747647667784
counter/4/0/0/0,9146:1747647657553:,1747647667786
counter/8/0/0/0,9101:1747647656015:,1747647667786
counter/2/0/0/0,8840:1747647655735:,1747647667786
counter/2/0/0/0,8841:1747647655735:,1747647667786
counter/2/0/0/0,8842:1747647655735:,1747647667786
counter/2/0/0/0,8843:1747647655735:,1747647667786
counter/5/0/0/0,8785:1747647656474:,1747647667786
counter/3/0/0/0,9564:1747647656993:,1747647667786
counter/3/0/0/0,9565:1747647656993:,1747647667786
counter/3/0/0/0,9566:1747647656993:,1747647667786
counter/3/0/0/0,9567:1747647656993:,1747647667786
counter/3/0/0/0,9568:1747647656993:,1747647667787
counter/6/0/0/0,8302:1747647656766:,1747647667787
counter/3/0/0/0,9569:1747647656993:,1747647667787
counter/4/0/0/0,9147:1747647657553:,1747647667787
counter/6/0/0/0,8303:1747647656766:,1747647667787
counter/9/0/0/0,9401:1747647656664:,1747647667787
counter/2/0/0/0,8844:1747647655735:,1747647667788
counter/1/0/0/0,10021:1747647657243:,1747647667788
counter/1/0/0/0,10022:1747647657243:,1747647667788
counter/1/0/0/0,10023:1747647657243:,1747647667788
counter/1/0/0/0,10024:1747647657243:,1747647667788
counter/1/0/0/0,10025:1747647657243:,1747647667788
counter/3/0/0/0,9570:1747647656993:,1747647667789
counter/6/0/0/0,8304:1747647656766:,1747647667789
counter/9/0/0/0,9402:1747647656664:,1747647667789
counter/2/0/0/0,8845:1747647655735:,1747647667789
counter/2/0/0/0,8846:1747647655742:,1747647667789
counter/2/0/0/0,8847:1747647655743:,1747647667789
counter/10/0/0/0,8368:1747647656389:,1747647667789
counter/10/0/0/0,8369:1747647656389:,1747647667789
counter/10/0/0/0,8370:1747647656390:,1747647667789
counter/5/0/0/0,8786:1747647656474:,1747647667790
counter/5/0/0/0,8787:1747647656474:,1747647667790
counter/5/0/0/0,8788:1747647656474:,1747647667790
counter/5/0/0/0,8789:1747647656474:,1747647667790
counter/5/0/0/0,8790:1747647656474:,1747647667791
counter/5/0/0/0,8791:1747647656474:,1747647667791
counter/5/0/0/0,8792:1747647656474:,1747647667791
counter/5/0/0/0,8793:1747647656474:,1747647667791
counter/5/0/0/0,8794:1747647656474:,1747647667791
counter/5/0/0/0,8795:1747647656479:,1747647667791
counter/5/0/0/0,8796:1747647656479:,1747647667791
counter/9/0/0/0,9403:1747647656664:,1747647667791
counter/3/0/0/0,9571:1747647656993:,1747647667791
counter/7/0/0/0,8834:1747647656776:,1747647667791
counter/7/0/0/0,8835:1747647656776:,1747647667791
counter/2/0/0/0,8848:1747647655743:,1747647667791
counter/1/0/0/0,10026:1747647657243:,1747647667792
counter/2/0/0/0,8849:1747647655743:,1747647667793
counter/1/0/0/0,10027:1747647657243:,1747647667793
counter/2/0/0/0,8850:1747647655743:,1747647667793
counter/6/0/0/0,8305:1747647656767:,1747647667793
counter/6/0/0/0,8306:1747647656767:,1747647667793
counter/6/0/0/0,8307:1747647656770:,1747647667793
counter/6/0/0/0,8308:1747647656770:,1747647667793
counter/6/0/0/0,8309:1747647656770:,1747647667794
counter/7/0/0/0,8836:1747647656776:,1747647667794
counter/7/0/0/0,8837:1747647656776:,1747647667794
counter/4/0/0/0,9148:1747647657553:,1747647667795
counter/1/0/0/0,10028:1747647657244:,1747647667796
counter/1/0/0/0,10029:1747647657245:,1747647667796
counter/1/0/0/0,10030:1747647657245:,1747647667796
counter/1/0/0/0,10031:1747647657245:,1747647667796
counter/1/0/0/0,10032:1747647657245:,1747647667796
counter/2/0/0/0,8851:1747647655743:,1747647667797
counter/8/0/0/0,9102:1747647656015:,1747647667797
counter/9/0/0/0,9404:1747647656664:,1747647667798
counter/9/0/0/0,9405:1747647656664:,1747647667798
counter/9/0/0/0,9406:1747647656665:,1747647667798
counter/9/0/0/0,9407:1747647656665:,1747647667798
counter/9/0/0/0,9408:1747647656665:,1747647667798
counter/9/0/0/0,9409:1747647656665:,1747647667798
counter/9/0/0/0,9410:1747647656665:,1747647667798
counter/9/0/0/0,9411:1747647656665:,1747647667798
counter/9/0/0/0,9412:1747647656669:,1747647667798
counter/9/0/0/0,9413:1747647656669:,1747647667798
counter/9/0/0/0,9414:1747647656669:,1747647667798
counter/9/0/0/0,9415:1747647656669:,1747647667798
counter/9/0/0/0,9416:1747647656669:,1747647667798
counter/9/0/0/0,9417:1747647656669:,1747647667798
counter/3/0/0/0,9572:1747647656993:,1747647667799
counter/6/0/0/0,8310:1747647656770:,1747647667802
counter/6/0/0/0,8311:1747647656770:,1747647667803
counter/6/0/0/0,8312:1747647656770:,1747647667803
counter/6/0/0/0,8313:1747647656770:,1747647667803
counter/6/0/0/0,8314:1747647656770:,1747647667803
counter/6/0/0/0,8315:1747647656770:,1747647667803
counter/6/0/0/0,8316:1747647656770:,1747647667803
counter/6/0/0/0,8317:1747647656770:,1747647667803
counter/3/0/0/0,9573:1747647656993:,1747647667803
counter/1/0/0/0,10033:1747647657245:,1747647667803
counter/3/0/0/0,9574:1747647656993:,1747647667804
counter/3/0/0/0,9575:1747647656994:,1747647667804
counter/3/0/0/0,9576:1747647656994:,1747647667804
counter/3/0/0/0,9577:1747647656994:,1747647667804
counter/3/0/0/0,9578:1747647656994:,1747647667804
counter/3/0/0/0,9579:1747647656994:,1747647667804
counter/3/0/0/0,9580:1747647656994:,1747647667804
counter/3/0/0/0,9581:1747647656995:,1747647667804
counter/3/0/0/0,9582:1747647656995:,1747647667804
counter/3/0/0/0,9583:1747647656995:,1747647667804
counter/3/0/0/0,9584:1747647656995:,1747647667804
counter/3/0/0/0,9585:1747647656995:,1747647667804
counter/3/0/0/0,9586:1747647656995:,1747647667804
counter/5/0/0/0,8797:1747647656479:,1747647667804
counter/5/0/0/0,8798:1747647656480:,1747647667804
counter/2/0/0/0,8852:1747647655743:,1747647667804
counter/5/0/0/0,8799:1747647656480:,1747647667804
counter/3/0/0/0,9587:1747647656995:,1747647667804
counter/4/0/0/0,9149:1747647657553:,1747647667805
counter/4/0/0/0,9150:1747647657553:,1747647667805
counter/5/0/0/0,8800:1747647656480:,1747647667805
counter/4/0/0/0,9151:1747647657553:,1747647667805
counter/5/0/0/0,8801:1747647656480:,1747647667805
counter/5/0/0/0,8802:1747647656480:,1747647667806
counter/5/0/0/0,8803:1747647656480:,1747647667806
counter/5/0/0/0,8804:1747647656480:,1747647667806
counter/5/0/0/0,8805:1747647656481:,1747647667806
counter/5/0/0/0,8806:1747647656481:,1747647667806
counter/5/0/0/0,8807:1747647656481:,1747647667806
counter/5/0/0/0,8808:1747647656481:,1747647667806
counter/5/0/0/0,8809:1747647656481:,1747647667806
counter/5/0/0/0,8810:1747647656481:,1747647667806
counter/5/0/0/0,8811:1747647656482:,1747647667806
counter/8/0/0/0,9103:1747647656015:,1747647667806
counter/8/0/0/0,9104:1747647656015:,1747647667806
counter/8/0/0/0,9105:1747647656015:,1747647667806
counter/3/0/0/0,9588:1747647656995:,1747647667807
counter/9/0/0/0,9418:1747647656669:,1747647667807
counter/7/0/0/0,8838:1747647656776:,1747647667807
counter/4/0/0/0,9152:1747647657553:,1747647667808
counter/8/0/0/0,9106:1747647656015:,1747647667808
counter/8/0/0/0,9107:1747647656015:,1747647667808
counter/5/0/0/0,8812:1747647656482:,1747647667808
counter/8/0/0/0,9108:1747647656015:,1747647667808
counter/5/0/0/0,8813:1747647656482:,1747647667808
counter/8/0/0/0,9109:1747647656015:,1747647667808
counter/5/0/0/0,8814:1747647656482:,1747647667808
counter/8/0/0/0,9110:1747647656015:,1747647667808
counter/5/0/0/0,8815:1747647656482:,1747647667808
counter/8/0/0/0,9111:1747647656015:,1747647667809
counter/5/0/0/0,8816:1747647656482:,1747647667809
counter/5/0/0/0,8817:1747647656482:,1747647667809
counter/2/0/0/0,8853:1747647655743:,1747647667809
counter/5/0/0/0,8818:1747647656482:,1747647667809
counter/5/0/0/0,8819:1747647656493:,1747647667809
counter/4/0/0/0,9153:1747647657553:,1747647667809
counter/3/0/0/0,9589:1747647656995:,1747647667809
counter/3/0/0/0,9590:1747647656995:,1747647667809
counter/3/0/0/0,9591:1747647656995:,1747647667809
counter/3/0/0/0,9592:1747647656995:,1747647667809
counter/3/0/0/0,9593:1747647656995:,1747647667809
counter/9/0/0/0,9419:1747647656669:,1747647667809
counter/1/0/0/0,10034:1747647657245:,1747647667809
counter/9/0/0/0,9420:1747647656669:,1747647667809
counter/9/0/0/0,9421:1747647656669:,1747647667809
counter/9/0/0/0,9422:1747647656669:,1747647667809
counter/9/0/0/0,9423:1747647656669:,1747647667809
counter/8/0/0/0,9112:1747647656015:,1747647667809
counter/10/0/0/0,8371:1747647656390:,1747647667810
counter/5/0/0/0,8820:1747647656493:,1747647667810
counter/1/0/0/0,10035:1747647657245:,1747647667810
counter/1/0/0/0,10036:1747647657245:,1747647667810
counter/1/0/0/0,10037:1747647657245:,1747647667810
counter/1/0/0/0,10038:1747647657245:,1747647667810
counter/1/0/0/0,10039:1747647657245:,1747647667810
counter/1/0/0/0,10040:1747647657245:,1747647667810
counter/1/0/0/0,10041:1747647657245:,1747647667810
counter/9/0/0/0,9424:1747647656669:,1747647667812
counter/9/0/0/0,9425:1747647656669:,1747647667812
counter/9/0/0/0,9426:1747647656670:,1747647667812
counter/9/0/0/0,9427:1747647656670:,1747647667812
counter/9/0/0/0,9428:1747647656670:,1747647667812
counter/9/0/0/0,9429:1747647656670:,1747647667812
counter/9/0/0/0,9430:1747647656670:,1747647667812
counter/7/0/0/0,8839:1747647656776:,1747647667812
counter/9/0/0/0,9431:1747647656670:,1747647667812
counter/9/0/0/0,9432:1747647656670:,1747647667812
counter/9/0/0/0,9433:1747647656670:,1747647667812
counter/9/0/0/0,9434:1747647656670:,1747647667812
counter/9/0/0/0,9435:1747647656670:,1747647667813
counter/9/0/0/0,9436:1747647656670:,1747647667813
counter/9/0/0/0,9437:1747647656670:,1747647667813
counter/9/0/0/0,9438:1747647656670:,1747647667813
counter/6/0/0/0,8318:1747647656771:,1747647667815
counter/9/0/0/0,9439:1747647656670:,1747647667816
counter/9/0/0/0,9440:1747647656670:,1747647667816
counter/9/0/0/0,9441:1747647656670:,1747647667816
counter/9/0/0/0,9442:1747647656670:,1747647667816
counter/4/0/0/0,9154:1747647657553:,1747647667816
counter/1/0/0/0,10042:1747647657247:,1747647667816
counter/2/0/0/0,8854:1747647655743:,1747647667816
counter/5/0/0/0,8821:1747647656493:,1747647667816
counter/5/0/0/0,8822:1747647656493:,1747647667816
counter/5/0/0/0,8823:1747647656493:,1747647667816
counter/5/0/0/0,8824:1747647656493:,1747647667816
counter/5/0/0/0,8825:1747647656493:,1747647667816
counter/5/0/0/0,8826:1747647656493:,1747647667817
counter/1/0/0/0,10043:1747647657247:,1747647667817
counter/4/0/0/0,9155:1747647657553:,1747647667817
counter/4/0/0/0,9156:1747647657553:,1747647667817
counter/4/0/0/0,9157:1747647657553:,1747647667817
counter/4/0/0/0,9158:1747647657553:,1747647667817
counter/4/0/0/0,9159:1747647657554:,1747647667817
counter/4/0/0/0,9160:1747647657554:,1747647667817
counter/4/0/0/0,9161:1747647657554:,1747647667817
counter/4/0/0/0,9162:1747647657554:,1747647667817
counter/4/0/0/0,9163:1747647657554:,1747647667817
counter/4/0/0/0,9164:1747647657554:,1747647667818
counter/4/0/0/0,9165:1747647657554:,1747647667818
counter/4/0/0/0,9166:1747647657554:,1747647667818
counter/9/0/0/0,9443:1747647656670:,1747647667818
counter/9/0/0/0,9444:1747647656670:,1747647667818
counter/9/0/0/0,9445:1747647656670:,1747647667818
counter/3/0/0/0,9594:1747647657001:,1747647667818
counter/8/0/0/0,9113:1747647656015:,1747647667819
counter/10/0/0/0,8372:1747647656390:,1747647667820
counter/10/0/0/0,8373:1747647656390:,1747647667820
counter/10/0/0/0,8374:1747647656390:,1747647667820
counter/10/0/0/0,8375:1747647656390:,1747647667820
counter/10/0/0/0,8376:1747647656391:,1747647667820
counter/10/0/0/0,8377:1747647656391:,1747647667820
counter/10/0/0/0,8378:1747647656396:,1747647667820
counter/10/0/0/0,8379:1747647656396:,1747647667820
counter/10/0/0/0,8380:1747647656396:,1747647667820
counter/10/0/0/0,8381:1747647656396:,1747647667820
counter/4/0/0/0,9167:1747647657554:,1747647667820
counter/3/0/0/0,9595:1747647657017:,1747647667820
counter/2/0/0/0,8855:1747647655743:,1747647667820
counter/3/0/0/0,9596:1747647657020:,1747647667820
counter/4/0/0/0,9168:1747647657554:,1747647667820
counter/8/0/0/0,9114:1747647656015:,1747647667821
counter/1/0/0/0,10044:1747647657247:,1747647667821
counter/9/0/0/0,9446:1747647656670:,1747647667822
counter/9/0/0/0,9447:1747647656670:,1747647667822
counter/9/0/0/0,9448:1747647656671:,1747647667822
counter/9/0/0/0,9449:1747647656671:,1747647667822
counter/9/0/0/0,9450:1747647656671:,1747647667822
counter/9/0/0/0,9451:1747647656671:,1747647667822
counter/9/0/0/0,9452:1747647656671:,1747647667822
counter/3/0/0/0,9597:1747647657020:,1747647667822
counter/2/0/0/0,8856:1747647655743:,1747647667822
counter/2/0/0/0,8857:1747647655743:,1747647667823
counter/7/0/0/0,8840:1747647656776:,1747647667823
counter/7/0/0/0,8841:1747647656776:,1747647667823
counter/7/0/0/0,8842:1747647656776:,1747647667823
counter/7/0/0/0,8843:1747647656778:,1747647667823
counter/7/0/0/0,8844:1747647656778:,1747647667823
counter/7/0/0/0,8845:1747647656782:,1747647667823
counter/7/0/0/0,8846:1747647656782:,1747647667823
counter/7/0/0/0,8847:1747647656782:,1747647667823
counter/7/0/0/0,8848:1747647656782:,1747647667823
counter/7/0/0/0,8849:1747647656782:,1747647667823
counter/7/0/0/0,8850:1747647656782:,1747647667824
counter/7/0/0/0,8851:1747647656782:,1747647667824
counter/7/0/0/0,8852:1747647656785:,1747647667824
counter/7/0/0/0,8853:1747647656785:,1747647667824
counter/7/0/0/0,8854:1747647656785:,1747647667824
counter/1/0/0/0,10045:1747647657248:,1747647667824
counter/8/0/0/0,9115:1747647656015:,1747647667825
counter/8/0/0/0,9116:1747647656016:,1747647667825
counter/9/0/0/0,9453:1747647656671:,1747647667825
counter/8/0/0/0,9117:1747647656032:,1747647667825
counter/8/0/0/0,9118:1747647656033:,1747647667825
counter/8/0/0/0,9119:1747647656034:,1747647667825
counter/8/0/0/0,9120:1747647656034:,1747647667825
counter/8/0/0/0,9121:1747647656034:,1747647667825
counter/8/0/0/0,9122:1747647656034:,1747647667825
counter/8/0/0/0,9123:1747647656034:,1747647667825
counter/8/0/0/0,9124:1747647656034:,1747647667825
counter/8/0/0/0,9125:1747647656034:,1747647667825
counter/8/0/0/0,9126:1747647656034:,1747647667825
counter/7/0/0/0,8855:1747647656785:,1747647667825
counter/7/0/0/0,8856:1747647656785:,1747647667825
counter/7/0/0/0,8857:1747647656785:,1747647667825
counter/7/0/0/0,8858:1747647656785:,1747647667826
counter/7/0/0/0,8859:1747647656786:,1747647667826
counter/3/0/0/0,9598:1747647657020:,1747647667826
counter/3/0/0/0,9599:1747647657021:,1747647667826
counter/1/0/0/0,10046:1747647657248:,1747647667826
counter/3/0/0/0,9600:1747647657021:,1747647667826
counter/3/0/0/0,9601:1747647657021:,1747647667826
counter/3/0/0/0,9602:1747647657021:,1747647667826
counter/6/0/0/0,8319:1747647656771:,1747647667826
counter/6/0/0/0,8320:1747647656771:,1747647667826
counter/6/0/0/0,8321:1747647656771:,1747647667826
counter/6/0/0/0,8322:1747647656771:,1747647667826
counter/8/0/0/0,9127:1747647656034:,1747647667826
counter/7/0/0/0,8860:1747647656786:,1747647667826
counter/8/0/0/0,9128:1747647656034:,1747647667827
counter/2/0/0/0,8858:1747647655743:,1747647667827
counter/10/0/0/0,8382:1747647656396:,1747647667828
counter/10/0/0/0,8383:1747647656396:,1747647667828
counter/10/0/0/0,8384:1747647656396:,1747647667828
counter/10/0/0/0,8385:1747647656396:,1747647667828
counter/10/0/0/0,8386:1747647656396:,1747647667828
counter/10/0/0/0,8387:1747647656397:,1747647667828
counter/10/0/0/0,8388:1747647656397:,1747647667828
counter/10/0/0/0,8389:1747647656397:,1747647667828
counter/8/0/0/0,9129:1747647656034:,1747647667828
counter/10/0/0/0,8390:1747647656397:,1747647667829
counter/8/0/0/0,9130:1747647656034:,1747647667829
counter/10/0/0/0,8391:1747647656412:,1747647667830
counter/8/0/0/0,9131:1747647656037:,1747647667830
counter/10/0/0/0,8392:1747647656412:,1747647667830
counter/8/0/0/0,9132:1747647656037:,1747647667830
counter/6/0/0/0,8323:1747647656774:,1747647667831
counter/1/0/0/0,10047:1747647657248:,1747647667831
counter/6/0/0/0,8324:1747647656778:,1747647667831
counter/6/0/0/0,8325:1747647656778:,1747647667832
counter/6/0/0/0,8326:1747647656779:,1747647667832
counter/6/0/0/0,8327:1747647656779:,1747647667832
counter/6/0/0/0,8328:1747647656779:,1747647667832
counter/6/0/0/0,8329:1747647656781:,1747647667832
counter/7/0/0/0,8861:1747647656786:,1747647667832
counter/6/0/0/0,8330:1747647656787:,1747647667832
counter/7/0/0/0,8862:1747647656786:,1747647667832
counter/9/0/0/0,9454:1747647656671:,1747647667833
counter/9/0/0/0,9455:1747647656671:,1747647667833
counter/9/0/0/0,9456:1747647656671:,1747647667833
counter/9/0/0/0,9457:1747647656671:,1747647667833
counter/9/0/0/0,9458:1747647656671:,1747647667833
counter/9/0/0/0,9459:1747647656671:,1747647667833
counter/9/0/0/0,9460:1747647656671:,1747647667833
counter/9/0/0/0,9461:1747647656674:,1747647667833
counter/2/0/0/0,8859:1747647655743:,1747647667834
counter/6/0/0/0,8331:1747647656787:,1747647667834
counter/1/0/0/0,10048:1747647657248:,1747647667834
counter/1/0/0/0,10049:1747647657248:,1747647667834
counter/9/0/0/0,9462:1747647656674:,1747647667834
counter/9/0/0/0,9463:1747647656674:,1747647667834
counter/9/0/0/0,9464:1747647656674:,1747647667834
counter/9/0/0/0,9465:1747647656675:,1747647667834
counter/1/0/0/0,10050:1747647657248:,1747647667835
counter/9/0/0/0,9466:1747647656675:,1747647667836
counter/8/0/0/0,9133:1747647656037:,1747647667836
counter/10/0/0/0,8393:1747647656412:,1747647667836
counter/10/0/0/0,8394:1747647656412:,1747647667836
counter/2/0/0/0,8860:1747647655743:,1747647667836
counter/5/0/0/0,8827:1747647656493:,1747647667836
counter/7/0/0/0,8863:1747647656786:,1747647667836
counter/2/0/0/0,8861:1747647655743:,1747647667837
counter/3/0/0/0,9603:1747647657021:,1747647667838
counter/4/0/0/0,9169:1747647657557:,1747647667839
counter/4/0/0/0,9170:1747647657557:,1747647667839
counter/4/0/0/0,9171:1747647657557:,1747647667839
counter/4/0/0/0,9172:1747647657557:,1747647667839
counter/4/0/0/0,9173:1747647657557:,1747647667839
counter/4/0/0/0,9174:1747647657557:,1747647667839
counter/4/0/0/0,9175:1747647657557:,1747647667839
counter/4/0/0/0,9176:1747647657557:,1747647667839
counter/4/0/0/0,9177:1747647657557:,1747647667839
counter/4/0/0/0,9178:1747647657557:,1747647667839
counter/1/0/0/0,10051:1747647657248:,1747647667840
counter/1/0/0/0,10052:1747647657248:,1747647667840
counter/1/0/0/0,10053:1747647657248:,1747647667840
counter/6/0/0/0,8332:1747647656787:,1747647667841
counter/1/0/0/0,10054:1747647657248:,1747647667841
counter/6/0/0/0,8333:1747647656787:,1747647667841
counter/1/0/0/0,10055:1747647657248:,1747647667841
counter/6/0/0/0,8334:1747647656787:,1747647667841
counter/6/0/0/0,8335:1747647656787:,1747647667841
counter/6/0/0/0,8336:1747647656787:,1747647667841
counter/6/0/0/0,8337:1747647656787:,1747647667841
counter/6/0/0/0,8338:1747647656787:,1747647667841
counter/2/0/0/0,8862:1747647655743:,1747647667841
counter/8/0/0/0,9134:1747647656037:,1747647667841
counter/8/0/0/0,9135:1747647656039:,1747647667841
counter/8/0/0/0,9136:1747647656039:,1747647667841
counter/8/0/0/0,9137:1747647656303:,1747647667841
counter/1/0/0/0,10056:1747647657248:,1747647667841
counter/9/0/0/0,9467:1747647656675:,1747647667841
counter/5/0/0/0,8828:1747647656493:,1747647667842
counter/5/0/0/0,8829:1747647656493:,1747647667842
counter/5/0/0/0,8830:1747647656493:,1747647667842
counter/5/0/0/0,8831:1747647656493:,1747647667842
counter/5/0/0/0,8832:1747647656493:,1747647667842
counter/5/0/0/0,8833:1747647656493:,1747647667842
counter/5/0/0/0,8834:1747647656493:,1747647667842
counter/5/0/0/0,8835:1747647656493:,1747647667842
counter/5/0/0/0,8836:1747647656493:,1747647667842
counter/5/0/0/0,8837:1747647656493:,1747647667842
counter/5/0/0/0,8838:1747647656493:,1747647667843
counter/5/0/0/0,8839:1747647656493:,1747647667843
counter/5/0/0/0,8840:1747647656493:,1747647667843
counter/5/0/0/0,8841:1747647656504:,1747647667843
counter/6/0/0/0,8339:1747647656789:,1747647667843
counter/6/0/0/0,8340:1747647656790:,1747647667843
counter/6/0/0/0,8341:1747647656790:,1747647667843
counter/5/0/0/0,8842:1747647656504:,1747647667843
counter/7/0/0/0,8864:1747647656786:,1747647667843
counter/7/0/0/0,8865:1747647656786:,1747647667843
counter/7/0/0/0,8866:1747647656786:,1747647667843
counter/8/0/0/0,9138:1747647656303:,1747647667843
counter/5/0/0/0,8843:1747647656504:,1747647667843
counter/5/0/0/0,8844:1747647656504:,1747647667843
counter/5/0/0/0,8845:1747647656504:,1747647667843
counter/5/0/0/0,8846:1747647656504:,1747647667843
counter/5/0/0/0,8847:1747647656504:,1747647667843
counter/5/0/0/0,8848:1747647656508:,1747647667844
counter/5/0/0/0,8849:1747647656508:,1747647667844
counter/5/0/0/0,8850:1747647656508:,1747647667844
counter/5/0/0/0,8851:1747647656508:,1747647667844
counter/5/0/0/0,8852:1747647656508:,1747647667844
counter/5/0/0/0,8853:1747647656508:,1747647667844
counter/5/0/0/0,8854:1747647656508:,1747647667844
counter/5/0/0/0,8855:1747647656510:,1747647667844
counter/5/0/0/0,8856:1747647656510:,1747647667844
counter/9/0/0/0,9468:1747647656675:,1747647667844
counter/5/0/0/0,8857:1747647656510:,1747647667844
counter/1/0/0/0,10057:1747647657248:,1747647667844
counter/10/0/0/0,8395:1747647656412:,1747647667844
counter/10/0/0/0,8396:1747647656426:,1747647667844
counter/6/0/0/0,8342:1747647656790:,1747647667845
counter/10/0/0/0,8397:1747647656426:,1747647667845
counter/6/0/0/0,8343:1747647656803:,1747647667845
counter/10/0/0/0,8398:1747647656426:,1747647667845
counter/6/0/0/0,8344:1747647656803:,1747647667845
counter/6/0/0/0,8345:1747647656803:,1747647667845
counter/6/0/0/0,8346:1747647656804:,1747647667845
counter/8/0/0/0,9139:1747647656303:,1747647667845
counter/6/0/0/0,8347:1747647656804:,1747647667845
counter/6/0/0/0,8348:1747647656804:,1747647667845
counter/6/0/0/0,8349:1747647656804:,1747647667845
counter/3/0/0/0,9604:1747647657021:,1747647667845
counter/1/0/0/0,10058:1747647657250:,1747647667845
counter/1/0/0/0,10059:1747647657250:,1747647667845
counter/1/0/0/0,10060:1747647657250:,1747647667845
counter/1/0/0/0,10061:1747647657250:,1747647667845
counter/1/0/0/0,10062:1747647657253:,1747647667845
counter/3/0/0/0,9605:1747647657021:,1747647667845
counter/10/0/0/0,8399:1747647656426:,1747647667846
counter/10/0/0/0,8400:1747647656429:,1747647667846
counter/10/0/0/0,8401:1747647656429:,1747647667846
counter/10/0/0/0,8402:1747647656429:,1747647667846
counter/10/0/0/0,8403:1747647656429:,1747647667846
counter/10/0/0/0,8404:1747647656429:,1747647667846
counter/10/0/0/0,8405:1747647656429:,1747647667846
counter/9/0/0/0,9469:1747647656675:,1747647667847
counter/9/0/0/0,9470:1747647656675:,1747647667847
counter/9/0/0/0,9471:1747647656675:,1747647667847
counter/1/0/0/0,10063:1747647657253:,1747647667847
counter/6/0/0/0,8350:1747647656804:,1747647667847
counter/6/0/0/0,8351:1747647656804:,1747647667847
counter/6/0/0/0,8352:1747647656804:,1747647667847
counter/6/0/0/0,8353:1747647656804:,1747647667847
counter/6/0/0/0,8354:1747647656812:,1747647667847
counter/8/0/0/0,9140:1747647656303:,1747647667847
counter/1/0/0/0,10064:1747647657253:,1747647667848
counter/2/0/0/0,8863:1747647655743:,1747647667848
counter/1/0/0/0,10065:1747647657253:,1747647667848
counter/1/0/0/0,10066:1747647657253:,1747647667848
counter/1/0/0/0,10067:1747647657253:,1747647667848
counter/1/0/0/0,10068:1747647657253:,1747647667848
counter/1/0/0/0,10069:1747647657253:,1747647667848
counter/7/0/0/0,8867:1747647656805:,1747647667848
counter/7/0/0/0,8868:1747647656805:,1747647667848
counter/7/0/0/0,8869:1747647656805:,1747647667848
counter/7/0/0/0,8870:1747647656805:,1747647667848
counter/7/0/0/0,8871:1747647656806:,1747647667848
counter/5/0/0/0,8858:1747647656510:,1747647667849
counter/7/0/0/0,8872:1747647656806:,1747647667849
counter/8/0/0/0,9141:1747647656303:,1747647667849
counter/1/0/0/0,10070:1747647657253:,1747647667849
counter/6/0/0/0,8355:1747647656812:,1747647667849
counter/7/0/0/0,8873:1747647656806:,1747647667849
counter/7/0/0/0,8874:1747647656806:,1747647667849
counter/7/0/0/0,8875:1747647656806:,1747647667849
counter/10/0/0/0,8406:1747647656429:,1747647667849
counter/7/0/0/0,8876:1747647656806:,1747647667849
counter/7/0/0/0,8877:1747647656806:,1747647667850
counter/7/0/0/0,8878:1747647656806:,1747647667850
counter/7/0/0/0,8879:1747647656806:,1747647667850
counter/7/0/0/0,8880:1747647656807:,1747647667850
counter/7/0/0/0,8881:1747647656807:,1747647667850
counter/7/0/0/0,8882:1747647656807:,1747647667850
counter/7/0/0/0,8883:1747647656807:,1747647667850
counter/7/0/0/0,8884:1747647656831:,1747647667850
counter/7/0/0/0,8885:1747647656831:,1747647667850
counter/7/0/0/0,8886:1747647656831:,1747647667850
counter/9/0/0/0,9472:1747647656675:,1747647667851
counter/3/0/0/0,9606:1747647657022:,1747647667851
counter/7/0/0/0,8887:1747647656831:,1747647667852
counter/7/0/0/0,8888:1747647656831:,1747647667852
counter/7/0/0/0,8889:1747647656831:,1747647667852
counter/7/0/0/0,8890:1747647656831:,1747647667852
counter/7/0/0/0,8891:1747647656831:,1747647667852
counter/7/0/0/0,8892:1747647656831:,1747647667852
counter/7/0/0/0,8893:1747647656844:,1747647667852
counter/7/0/0/0,8894:1747647656844:,1747647667852
counter/7/0/0/0,8895:1747647656844:,1747647667852
counter/5/0/0/0,8859:1747647656510:,1747647667853
counter/5/0/0/0,8860:1747647656511:,1747647667853
counter/5/0/0/0,8861:1747647656511:,1747647667853
counter/5/0/0/0,8862:1747647656511:,1747647667853
counter/5/0/0/0,8863:1747647656511:,1747647667853
counter/5/0/0/0,8864:1747647656511:,1747647667853
counter/1/0/0/0,10071:1747647657253:,1747647667854
counter/1/0/0/0,10072:1747647657253:,1747647667854
counter/1/0/0/0,10073:1747647657253:,1747647667854
counter/1/0/0/0,10074:1747647657256:,1747647667854
counter/1/0/0/0,10075:1747647657256:,1747647667854
counter/1/0/0/0,10076:1747647657256:,1747647667854
counter/1/0/0/0,10077:1747647657256:,1747647667854
counter/1/0/0/0,10078:1747647657256:,1747647667854
counter/1/0/0/0,10079:1747647657256:,1747647667854
counter/1/0/0/0,10080:1747647657256:,1747647667854
counter/1/0/0/0,10081:1747647657256:,1747647667854
counter/1/0/0/0,10082:1747647657256:,1747647667855
counter/9/0/0/0,9473:1747647656675:,1747647667855
counter/6/0/0/0,8356:1747647656812:,1747647667855
counter/2/0/0/0,8864:1747647655743:,1747647667855
counter/5/0/0/0,8865:1747647656511:,1747647667855
counter/5/0/0/0,8866:1747647656511:,1747647667855
counter/5/0/0/0,8867:1747647656511:,1747647667855
counter/5/0/0/0,8868:1747647656511:,1747647667855
counter/5/0/0/0,8869:1747647656511:,1747647667855
counter/5/0/0/0,8870:1747647656511:,1747647667856
counter/5/0/0/0,8871:1747647656511:,1747647667856
counter/8/0/0/0,9142:1747647656306:,1747647667856
counter/5/0/0/0,8872:1747647656511:,1747647667856
counter/3/0/0/0,9607:1747647657022:,1747647667857
counter/10/0/0/0,8407:1747647656429:,1747647667857
counter/4/0/0/0,9179:1747647657557:,1747647667857
counter/1/0/0/0,10083:1747647657256:,1747647667858
counter/2/0/0/0,8865:1747647655743:,1747647667858
counter/2/0/0/0,8866:1747647655743:,1747647667859
counter/2/0/0/0,8867:1747647655744:,1747647667859
counter/2/0/0/0,8868:1747647655744:,1747647667859
counter/2/0/0/0,8869:1747647655744:,1747647667859
counter/2/0/0/0,8870:1747647655744:,1747647667859
counter/2/0/0/0,8871:1747647655744:,1747647667859
counter/8/0/0/0,9143:1747647656306:,1747647667859
counter/8/0/0/0,9144:1747647656306:,1747647667859
counter/8/0/0/0,9145:1747647656311:,1747647667859
counter/9/0/0/0,9474:1747647656675:,1747647667861
counter/9/0/0/0,9475:1747647656675:,1747647667861
counter/9/0/0/0,9476:1747647656675:,1747647667861
counter/9/0/0/0,9477:1747647656675:,1747647667862
counter/9/0/0/0,9478:1747647656675:,1747647667862
counter/1/0/0/0,10084:1747647657256:,1747647667862
counter/6/0/0/0,8357:1747647656812:,1747647667862
counter/7/0/0/0,8896:1747647656859:,1747647667862
counter/7/0/0/0,8897:1747647656859:,1747647667862
counter/7/0/0/0,8898:1747647656859:,1747647667862
counter/7/0/0/0,8899:1747647656859:,1747647667862
counter/7/0/0/0,8900:1747647656859:,1747647667862
counter/7/0/0/0,8901:1747647656859:,1747647667862
counter/7/0/0/0,8902:1747647656859:,1747647667862
counter/5/0/0/0,8873:1747647656511:,1747647667862
counter/8/0/0/0,9146:1747647656311:,1747647667862
counter/9/0/0/0,9479:1747647656675:,1747647667862
counter/9/0/0/0,9480:1747647656675:,1747647667862
counter/1/0/0/0,10085:1747647657503:,1747647667862
counter/1/0/0/0,10086:1747647657503:,1747647667862
counter/1/0/0/0,10087:1747647657503:,1747647667862
counter/6/0/0/0,8358:1747647656812:,1747647667862
counter/6/0/0/0,8359:1747647656813:,1747647667862
counter/1/0/0/0,10088:1747647657503:,1747647667864
counter/6/0/0/0,8360:1747647656813:,1747647667864
counter/9/0/0/0,9481:1747647656675:,1747647667867
counter/3/0/0/0,9608:1747647657022:,1747647667867
counter/3/0/0/0,9609:1747647657022:,1747647667867
counter/3/0/0/0,9610:1747647657027:,1747647667868
counter/3/0/0/0,9611:1747647657027:,1747647667868
counter/3/0/0/0,9612:1747647657027:,1747647667868
counter/3/0/0/0,9613:1747647657027:,1747647667868
counter/3/0/0/0,9614:1747647657027:,1747647667868
counter/3/0/0/0,9615:1747647657027:,1747647667868
counter/3/0/0/0,9616:1747647657027:,1747647667868
counter/2/0/0/0,8872:1747647655744:,1747647667868
counter/5/0/0/0,8874:1747647656511:,1747647667868
counter/10/0/0/0,8408:1747647656430:,1747647667868
counter/6/0/0/0,8361:1747647656813:,1747647667868
counter/6/0/0/0,8362:1747647656813:,1747647667868
counter/6/0/0/0,8363:1747647656813:,1747647667868
counter/6/0/0/0,8364:1747647656813:,1747647667868
counter/4/0/0/0,9180:1747647657557:,1747647667869
counter/1/0/0/0,10089:1747647657503:,1747647667869
counter/1/0/0/0,10090:1747647657503:,1747647667869
counter/1/0/0/0,10091:1747647657503:,1747647667869
counter/1/0/0/0,10092:1747647657503:,1747647667869
counter/10/0/0/0,8409:1747647656430:,1747647667869
counter/10/0/0/0,8410:1747647656430:,1747647667869
counter/10/0/0/0,8411:1747647656430:,1747647667869
counter/10/0/0/0,8412:1747647656430:,1747647667869
counter/6/0/0/0,8365:1747647656813:,1747647667869
counter/6/0/0/0,8366:1747647656813:,1747647667869
counter/6/0/0/0,8367:1747647656813:,1747647667869
counter/3/0/0/0,9617:1747647657036:,1747647667870
counter/10/0/0/0,8413:1747647656430:,1747647667871
counter/8/0/0/0,9147:1747647656311:,1747647667871
counter/5/0/0/0,8875:1747647656511:,1747647667871
counter/5/0/0/0,8876:1747647656511:,1747647667871
counter/5/0/0/0,8877:1747647656511:,1747647667871
counter/5/0/0/0,8878:1747647656511:,1747647667871
counter/6/0/0/0,8368:1747647656813:,1747647667871
counter/7/0/0/0,8903:1747647656859:,1747647667871
counter/2/0/0/0,8873:1747647655770:,1747647667872
counter/2/0/0/0,8874:1747647655770:,1747647667872
counter/2/0/0/0,8875:1747647655770:,1747647667872
counter/2/0/0/0,8876:1747647655770:,1747647667872
counter/3/0/0/0,9618:1747647657036:,1747647667872
counter/6/0/0/0,8369:1747647656813:,1747647667872
counter/4/0/0/0,9181:1747647657562:,1747647667873
counter/4/0/0/0,9182:1747647657562:,1747647667873
counter/4/0/0/0,9183:1747647657562:,1747647667873
counter/10/0/0/0,8414:1747647656430:,1747647667875
counter/10/0/0/0,8415:1747647656439:,1747647667875
counter/10/0/0/0,8416:1747647656440:,1747647667875
counter/10/0/0/0,8417:1747647656440:,1747647667875
counter/10/0/0/0,8418:1747647656440:,1747647667875
counter/10/0/0/0,8419:1747647656440:,1747647667875
counter/10/0/0/0,8420:1747647656440:,1747647667875
counter/9/0/0/0,9482:1747647656675:,1747647667875
counter/8/0/0/0,9148:1747647656311:,1747647667876
counter/1/0/0/0,10093:1747647657503:,1747647667876
counter/10/0/0/0,8421:1747647656440:,1747647667876
counter/1/0/0/0,10094:1747647657503:,1747647667876
counter/5/0/0/0,8879:1747647656511:,1747647667876
counter/5/0/0/0,8880:1747647656511:,1747647667876
counter/5/0/0/0,8881:1747647656511:,1747647667877
counter/5/0/0/0,8882:1747647656511:,1747647667877
counter/5/0/0/0,8883:1747647656511:,1747647667877
counter/7/0/0/0,8904:1747647656862:,1747647667877
counter/7/0/0/0,8905:1747647656863:,1747647667877
counter/7/0/0/0,8906:1747647656863:,1747647667877
counter/8/0/0/0,9149:1747647656314:,1747647667877
counter/8/0/0/0,9150:1747647656314:,1747647667878
counter/8/0/0/0,9151:1747647656323:,1747647667878
counter/8/0/0/0,9152:1747647656328:,1747647667878
counter/9/0/0/0,9483:1747647656675:,1747647667878
counter/1/0/0/0,10095:1747647657503:,1747647667878
counter/5/0/0/0,8884:1747647656512:,1747647667878
counter/5/0/0/0,8885:1747647656520:,1747647667878
counter/5/0/0/0,8886:1747647656520:,1747647667878
counter/5/0/0/0,8887:1747647656520:,1747647667878
counter/5/0/0/0,8888:1747647656520:,1747647667878
counter/5/0/0/0,8889:1747647656520:,1747647667878
counter/5/0/0/0,8890:1747647656520:,1747647667878
counter/5/0/0/0,8891:1747647656520:,1747647667878
counter/3/0/0/0,9619:1747647657036:,1747647667878
counter/2/0/0/0,8877:1747647655770:,1747647667878
counter/2/0/0/0,8878:1747647655770:,1747647667879
counter/1/0/0/0,10096:1747647657503:,1747647667880
counter/2/0/0/0,8879:1747647655775:,1747647667881
counter/2/0/0/0,8880:1747647655776:,1747647667881
counter/2/0/0/0,8881:1747647655776:,1747647667881
counter/2/0/0/0,8882:1747647655778:,1747647667881
counter/2/0/0/0,8883:1747647655778:,1747647667881
counter/9/0/0/0,9484:1747647656675:,1747647667881
counter/1/0/0/0,10097:1747647657504:,1747647667881
counter/1/0/0/0,10098:1747647657514:,1747647667881
counter/1/0/0/0,10099:1747647657523:,1747647667881
counter/10/0/0/0,8422:1747647656440:,1747647667881
counter/5/0/0/0,8892:1747647656520:,1747647667882
counter/5/0/0/0,8893:1747647656520:,1747647667882
counter/5/0/0/0,8894:1747647656520:,1747647667882
counter/5/0/0/0,8895:1747647656522:,1747647667882
counter/5/0/0/0,8896:1747647656522:,1747647667883
counter/3/0/0/0,9620:1747647657036:,1747647667883
counter/7/0/0/0,8907:1747647656863:,1747647667883
counter/4/0/0/0,9184:1747647657562:,1747647667883
counter/7/0/0/0,8908:1747647656863:,1747647667883
counter/7/0/0/0,8909:1747647656863:,1747647667883
counter/7/0/0/0,8910:1747647656863:,1747647667883
counter/6/0/0/0,8370:1747647656813:,1747647667883
counter/3/0/0/0,9621:1747647657036:,1747647667883
counter/3/0/0/0,9622:1747647657036:,1747647667884
counter/3/0/0/0,9623:1747647657036:,1747647667884
counter/7/0/0/0,8911:1747647656863:,1747647667884
counter/7/0/0/0,8912:1747647656864:,1747647667886
counter/7/0/0/0,8913:1747647656864:,1747647667886
counter/7/0/0/0,8914:1747647656864:,1747647667886
counter/7/0/0/0,8915:1747647656870:,1747647667886
counter/7/0/0/0,8916:1747647656870:,1747647667886
counter/7/0/0/0,8917:1747647656870:,1747647667886
counter/7/0/0/0,8918:1747647656870:,1747647667886
counter/7/0/0/0,8919:1747647656870:,1747647667886
counter/7/0/0/0,8920:1747647656870:,1747647667887
counter/9/0/0/0,9485:1747647656675:,1747647667887
counter/10/0/0/0,8423:1747647656440:,1747647667887
counter/10/0/0/0,8424:1747647656440:,1747647667887
counter/4/0/0/0,9185:1747647657562:,1747647667887
counter/4/0/0/0,9186:1747647657562:,1747647667887
counter/5/0/0/0,8897:1747647656522:,1747647667887
counter/8/0/0/0,9153:1747647656328:,1747647667887
counter/1/0/0/0,10100:1747647657523:,1747647667888
counter/1/0/0/0,10101:1747647657523:,1747647667888
counter/9/0/0/0,9486:1747647656675:,1747647667888
counter/9/0/0/0,9487:1747647656675:,1747647667888
counter/1/0/0/0,10102:1747647657523:,1747647667888
counter/1/0/0/0,10103:1747647657523:,1747647667888
counter/3/0/0/0,9624:1747647657036:,1747647667888
counter/1/0/0/0,10104:1747647657523:,1747647667889
counter/3/0/0/0,9625:1747647657036:,1747647667889
counter/4/0/0/0,9187:1747647657562:,1747647667889
counter/3/0/0/0,9626:1747647657036:,1747647667889
counter/8/0/0/0,9154:1747647656328:,1747647667889
counter/3/0/0/0,9627:1747647657037:,1747647667889
counter/2/0/0/0,8884:1747647655778:,1747647667889
counter/2/0/0/0,8885:1747647655778:,1747647667889
counter/2/0/0/0,8886:1747647655778:,1747647667889
counter/2/0/0/0,8887:1747647655778:,1747647667889
counter/2/0/0/0,8888:1747647655782:,1747647667889
counter/6/0/0/0,8371:1747647656818:,1747647667889
counter/4/0/0/0,9188:1747647657590:,1747647667890
counter/8/0/0/0,9155:1747647656328:,1747647667890
counter/3/0/0/0,9628:1747647657037:,1747647667891
counter/4/0/0/0,9189:1747647657590:,1747647667892
counter/3/0/0/0,9629:1747647657037:,1747647667892
counter/4/0/0/0,9190:1747647657590:,1747647667892
counter/4/0/0/0,9191:1747647657590:,1747647667892
counter/1/0/0/0,10105:1747647657523:,1747647667893
counter/1/0/0/0,10106:1747647657523:,1747647667893
counter/1/0/0/0,10107:1747647657523:,1747647667893
counter/1/0/0/0,10108:1747647657532:,1747647667893
counter/1/0/0/0,10109:1747647657533:,1747647667893
counter/1/0/0/0,10110:1747647657533:,1747647667893
counter/5/0/0/0,8898:1747647656522:,1747647667893
counter/8/0/0/0,9156:1747647656328:,1747647667893
counter/9/0/0/0,9488:1747647656675:,1747647667894
counter/7/0/0/0,8921:1747647656870:,1747647667895
counter/7/0/0/0,8922:1747647656878:,1747647667895
counter/7/0/0/0,8923:1747647656878:,1747647667895
counter/7/0/0/0,8924:1747647656879:,1747647667895
counter/7/0/0/0,8925:1747647656879:,1747647667895
counter/9/0/0/0,9489:1747647656675:,1747647667896
counter/9/0/0/0,9490:1747647656685:,1747647667896
counter/9/0/0/0,9491:1747647656685:,1747647667896
counter/9/0/0/0,9492:1747647656685:,1747647667896
counter/10/0/0/0,8425:1747647656440:,1747647667896
counter/9/0/0/0,9493:1747647656685:,1747647667896
counter/5/0/0/0,8899:1747647656522:,1747647667896
counter/5/0/0/0,8900:1747647656522:,1747647667896
counter/3/0/0/0,9630:1747647657037:,1747647667896
counter/6/0/0/0,8372:1747647656819:,1747647667896
counter/3/0/0/0,9631:1747647657037:,1747647667896
counter/10/0/0/0,8426:1747647656440:,1747647667900
counter/2/0/0/0,8889:1747647655782:,1747647667900
counter/1/0/0/0,10111:1747647657533:,1747647667900
counter/2/0/0/0,8890:1747647655782:,1747647667900
counter/9/0/0/0,9494:1747647656685:,1747647667901
counter/9/0/0/0,9495:1747647656685:,1747647667901
counter/5/0/0/0,8901:1747647656522:,1747647667901
counter/9/0/0/0,9496:1747647656685:,1747647667901
counter/9/0/0/0,9497:1747647656686:,1747647667901
counter/4/0/0/0,9192:1747647657590:,1747647667901
counter/3/0/0/0,9632:1747647657037:,1747647667901
counter/7/0/0/0,8926:1747647656879:,1747647667902
counter/5/0/0/0,8902:1747647656522:,1747647667902
counter/5/0/0/0,8903:1747647656522:,1747647667902
counter/5/0/0/0,8904:1747647656522:,1747647667902
counter/5/0/0/0,8905:1747647656522:,1747647667902
counter/5/0/0/0,8906:1747647656522:,1747647667902
counter/5/0/0/0,8907:1747647656522:,1747647667902
counter/5/0/0/0,8908:1747647656522:,1747647667902
counter/5/0/0/0,8909:1747647656523:,1747647667902
counter/5/0/0/0,8910:1747647656523:,1747647667902
counter/5/0/0/0,8911:1747647656525:,1747647667902
counter/5/0/0/0,8912:1747647656525:,1747647667902
counter/5/0/0/0,8913:1747647656525:,1747647667902
counter/5/0/0/0,8914:1747647656525:,1747647667902
counter/5/0/0/0,8915:1747647656525:,1747647667902
counter/5/0/0/0,8916:1747647656526:,1747647667902
counter/10/0/0/0,8427:1747647656440:,1747647667902
counter/7/0/0/0,8927:1747647656879:,1747647667903
counter/7/0/0/0,8928:1747647656879:,1747647667903
counter/7/0/0/0,8929:1747647656879:,1747647667903
counter/7/0/0/0,8930:1747647656901:,1747647667903
counter/7/0/0/0,8931:1747647656901:,1747647667903
counter/7/0/0/0,8932:1747647656901:,1747647667903
counter/7/0/0/0,8933:1747647656901:,1747647667903
counter/7/0/0/0,8934:1747647656901:,1747647667903
counter/7/0/0/0,8935:1747647656901:,1747647667903
counter/7/0/0/0,8936:1747647656901:,1747647667903
counter/7/0/0/0,8937:1747647656901:,1747647667904
counter/7/0/0/0,8938:1747647656901:,1747647667904
counter/5/0/0/0,8917:1747647656526:,1747647667904
counter/5/0/0/0,8918:1747647656526:,1747647667904
counter/5/0/0/0,8919:1747647656526:,1747647667904
counter/5/0/0/0,8920:1747647656526:,1747647667904
counter/7/0/0/0,8939:1747647656903:,1747647667905
counter/7/0/0/0,8940:1747647656903:,1747647667905
counter/5/0/0/0,8921:1747647656526:,1747647667905
counter/2/0/0/0,8891:1747647655782:,1747647667905
counter/10/0/0/0,8428:1747647656440:,1747647667906
counter/10/0/0/0,8429:1747647656446:,1747647667906
counter/10/0/0/0,8430:1747647656446:,1747647667906
counter/10/0/0/0,8431:1747647656446:,1747647667907
counter/10/0/0/0,8432:1747647656446:,1747647667907
counter/10/0/0/0,8433:1747647656447:,1747647667907
counter/10/0/0/0,8434:1747647656447:,1747647667907
counter/10/0/0/0,8435:1747647656447:,1747647667907
counter/3/0/0/0,9633:1747647657037:,1747647667907
counter/3/0/0/0,9634:1747647657042:,1747647667907
counter/3/0/0/0,9635:1747647657063:,1747647667907
counter/3/0/0/0,9636:1747647657067:,1747647667907
counter/1/0/0/0,10112:1747647657533:,1747647667907
counter/8/0/0/0,9157:1747647656328:,1747647667907
counter/7/0/0/0,8941:1747647656903:,1747647667908
counter/8/0/0/0,9158:1747647656328:,1747647667908
counter/7/0/0/0,8942:1747647656903:,1747647667909
counter/8/0/0/0,9159:1747647656328:,1747647667909
counter/5/0/0/0,8922:1747647656526:,1747647667909
counter/5/0/0/0,8923:1747647656526:,1747647667909
counter/5/0/0/0,8924:1747647656526:,1747647667910
counter/5/0/0/0,8925:1747647656530:,1747647667910
counter/8/0/0/0,9160:1747647656328:,1747647667910
counter/8/0/0/0,9161:1747647656328:,1747647667910
counter/8/0/0/0,9162:1747647656328:,1747647667910
counter/8/0/0/0,9163:1747647656328:,1747647667911
counter/9/0/0/0,9498:1747647656686:,1747647667911
counter/10/0/0/0,8436:1747647656447:,1747647667911
counter/3/0/0/0,9637:1747647657067:,1747647667911
counter/3/0/0/0,9638:1747647657067:,1747647667911
counter/3/0/0/0,9639:1747647657067:,1747647667911
counter/3/0/0/0,9640:1747647657067:,1747647667911
counter/3/0/0/0,9641:1747647657075:,1747647667912
counter/3/0/0/0,9642:1747647657077:,1747647667912
counter/3/0/0/0,9643:1747647657077:,1747647667912
counter/3/0/0/0,9644:1747647657077:,1747647667912
counter/3/0/0/0,9645:1747647657077:,1747647667912
counter/3/0/0/0,9646:1747647657077:,1747647667912
counter/3/0/0/0,9647:1747647657078:,1747647667912
counter/3/0/0/0,9648:1747647657078:,1747647667912
counter/3/0/0/0,9649:1747647657078:,1747647667912
counter/3/0/0/0,9650:1747647657078:,1747647667912
counter/3/0/0/0,9651:1747647657080:,1747647667912
counter/4/0/0/0,9193:1747647657590:,1747647667912
counter/8/0/0/0,9164:1747647656328:,1747647667912
counter/3/0/0/0,9652:1747647657080:,1747647667913
counter/4/0/0/0,9194:1747647657590:,1747647667913
counter/3/0/0/0,9653:1747647657080:,1747647667913
counter/3/0/0/0,9654:1747647657080:,1747647667913
counter/5/0/0/0,8926:1747647656530:,1747647667913
counter/1/0/0/0,10113:1747647657533:,1747647667914
counter/1/0/0/0,10114:1747647657533:,1747647667914
counter/7/0/0/0,8943:1747647656903:,1747647667915
counter/1/0/0/0,10115:1747647657533:,1747647667915
counter/1/0/0/0,10116:1747647657533:,1747647667915
counter/2/0/0/0,8892:1747647655782:,1747647667915
counter/2/0/0/0,8893:1747647655782:,1747647667915
counter/5/0/0/0,8927:1747647656530:,1747647667915
counter/8/0/0/0,9165:1747647656329:,1747647667915
counter/8/0/0/0,9166:1747647656329:,1747647667915
counter/8/0/0/0,9167:1747647656329:,1747647667915
counter/8/0/0/0,9168:1747647656329:,1747647667915
counter/8/0/0/0,9169:1747647656329:,1747647667915
counter/8/0/0/0,9170:1747647656329:,1747647667915
counter/8/0/0/0,9171:1747647656329:,1747647667915
counter/8/0/0/0,9172:1747647656329:,1747647667915
counter/8/0/0/0,9173:1747647656329:,1747647667915
counter/8/0/0/0,9174:1747647656330:,1747647667915
counter/1/0/0/0,10117:1747647657535:,1747647667915
counter/2/0/0/0,8894:1747647655782:,1747647667916
counter/2/0/0/0,8895:1747647655782:,1747647667916
counter/4/0/0/0,9195:1747647657592:,1747647667916
counter/2/0/0/0,8896:1747647655782:,1747647667917
counter/2/0/0/0,8897:1747647655782:,1747647667917
counter/8/0/0/0,9175:1747647656330:,1747647667917
counter/4/0/0/0,9196:1747647657592:,1747647667917
counter/7/0/0/0,8944:1747647656903:,1747647667917
counter/3/0/0/0,9655:1747647657080:,1747647667918
counter/7/0/0/0,8945:1747647656904:,1747647667918
counter/10/0/0/0,8437:1747647656447:,1747647667918
counter/10/0/0/0,8438:1747647656449:,1747647667918
counter/10/0/0/0,8439:1747647656449:,1747647667919
counter/7/0/0/0,8946:1747647656904:,1747647667919
counter/1/0/0/0,10118:1747647657535:,1747647667919
counter/8/0/0/0,9176:1747647656330:,1747647667919
counter/5/0/0/0,8928:1747647656531:,1747647667919
counter/2/0/0/0,8898:1747647655782:,1747647667920
counter/2/0/0/0,8899:1747647655782:,1747647667920
counter/2/0/0/0,8900:1747647655782:,1747647667920
counter/2/0/0/0,8901:1747647655782:,1747647667920
counter/2/0/0/0,8902:1747647655782:,1747647667920
counter/4/0/0/0,9197:1747647657593:,1747647667920
counter/4/0/0/0,9198:1747647657593:,1747647667920
counter/4/0/0/0,9199:1747647657593:,1747647667920
counter/4/0/0/0,9200:1747647657593:,1747647667920
counter/3/0/0/0,9656:1747647657080:,1747647667920
counter/2/0/0/0,8903:1747647655782:,1747647667920
counter/2/0/0/0,8904:1747647655782:,1747647667920
counter/4/0/0/0,9201:1747647657593:,1747647667920
counter/4/0/0/0,9202:1747647657593:,1747647667921
counter/4/0/0/0,9203:1747647657594:,1747647667921
counter/4/0/0/0,9204:1747647657594:,1747647667921
counter/4/0/0/0,9205:1747647657594:,1747647667921
counter/4/0/0/0,9206:1747647657594:,1747647667921
counter/6/0/0/0,8373:1747647656819:,1747647667921
counter/9/0/0/0,9499:1747647656686:,1747647667921
counter/9/0/0/0,9500:1747647656693:,1747647667921
counter/3/0/0/0,9657:1747647657080:,1747647667921
counter/3/0/0/0,9658:1747647657080:,1747647667921
counter/3/0/0/0,9659:1747647657082:,1747647667921
counter/3/0/0/0,9660:1747647657083:,1747647667921
counter/3/0/0/0,9661:1747647657084:,1747647667921
counter/3/0/0/0,9662:1747647657084:,1747647667921
counter/3/0/0/0,9663:1747647657084:,1747647667921
counter/6/0/0/0,8374:1747647656821:,1747647667922
counter/7/0/0/0,8947:1747647656904:,1747647667922
counter/2/0/0/0,8905:1747647655782:,1747647667923
counter/5/0/0/0,8929:1747647656531:,1747647667924
counter/8/0/0/0,9177:1747647656330:,1747647667924
counter/2/0/0/0,8906:1747647655783:,1747647667924
counter/2/0/0/0,8907:1747647655783:,1747647667924
counter/2/0/0/0,8908:1747647655783:,1747647667924
counter/2/0/0/0,8909:1747647655783:,1747647667924
counter/6/0/0/0,8375:1747647656821:,1747647667924
counter/6/0/0/0,8376:1747647656821:,1747647667924
counter/6/0/0/0,8377:1747647656821:,1747647667924
counter/8/0/0/0,9178:1747647656330:,1747647667924
counter/9/0/0/0,9501:1747647656693:,1747647667924
counter/9/0/0/0,9502:1747647656693:,1747647667924
counter/3/0/0/0,9664:1747647657084:,1747647667925
counter/9/0/0/0,9503:1747647656693:,1747647667925
counter/9/0/0/0,9504:1747647656693:,1747647667925
counter/9/0/0/0,9505:1747647656693:,1747647667925
counter/9/0/0/0,9506:1747647656706:,1747647667925
counter/9/0/0/0,9507:1747647656706:,1747647667925
counter/8/0/0/0,9179:1747647656331:,1747647667925
counter/2/0/0/0,8910:1747647655783:,1747647667925
counter/2/0/0/0,8911:1747647655783:,1747647667925
counter/3/0/0/0,9665:1747647657085:,1747647667925
counter/2/0/0/0,8912:1747647655783:,1747647667925
counter/6/0/0/0,8378:1747647656821:,1747647667926
counter/8/0/0/0,9180:1747647656331:,1747647667926
counter/8/0/0/0,9181:1747647656331:,1747647667926
counter/8/0/0/0,9182:1747647656335:,1747647667926
counter/8/0/0/0,9183:1747647656335:,1747647667926
counter/8/0/0/0,9184:1747647656335:,1747647667926
counter/8/0/0/0,9185:1747647656335:,1747647667926
counter/8/0/0/0,9186:1747647656335:,1747647667926
counter/8/0/0/0,9187:1747647656335:,1747647667926
counter/8/0/0/0,9188:1747647656335:,1747647667926
counter/8/0/0/0,9189:1747647656335:,1747647667926
counter/5/0/0/0,8930:1747647656531:,1747647667926
counter/3/0/0/0,9666:1747647657085:,1747647667927
counter/7/0/0/0,8948:1747647656904:,1747647667929
counter/1/0/0/0,10119:1747647657535:,1747647667929
counter/7/0/0/0,8949:1747647656907:,1747647667929
counter/1/0/0/0,10120:1747647657535:,1747647667929
counter/8/0/0/0,9190:1747647656335:,1747647667930
counter/4/0/0/0,9207:1747647657594:,1747647667930
counter/2/0/0/0,8913:1747647655783:,1747647667930
counter/9/0/0/0,9508:1747647656706:,1747647667932
counter/7/0/0/0,8950:1747647656907:,1747647667932
counter/1/0/0/0,10121:1747647657535:,1747647667932
counter/7/0/0/0,8951:1747647656907:,1747647667932
counter/2/0/0/0,8914:1747647655783:,1747647667932
counter/2/0/0/0,8915:1747647655783:,1747647667932
counter/2/0/0/0,8916:1747647655783:,1747647667932
counter/10/0/0/0,8440:1747647656449:,1747647667932
counter/9/0/0/0,9509:1747647656706:,1747647667933
counter/9/0/0/0,9510:1747647656706:,1747647667933
counter/9/0/0/0,9511:1747647656706:,1747647667933
counter/2/0/0/0,8917:1747647655783:,1747647667934
counter/7/0/0/0,8952:1747647656907:,1747647667934
counter/7/0/0/0,8953:1747647656907:,1747647667934
counter/7/0/0/0,8954:1747647656907:,1747647667934
counter/5/0/0/0,8931:1747647656531:,1747647667934
counter/8/0/0/0,9191:1747647656335:,1747647667934
counter/8/0/0/0,9192:1747647656335:,1747647667934
counter/8/0/0/0,9193:1747647656335:,1747647667935
counter/8/0/0/0,9194:1747647656335:,1747647667935
counter/8/0/0/0,9195:1747647656335:,1747647667935
counter/8/0/0/0,9196:1747647656341:,1747647667935
counter/8/0/0/0,9197:1747647656341:,1747647667935
counter/8/0/0/0,9198:1747647656341:,1747647667935
counter/8/0/0/0,9199:1747647656341:,1747647667935
counter/8/0/0/0,9200:1747647656342:,1747647667935
counter/8/0/0/0,9201:1747647656342:,1747647667935
counter/8/0/0/0,9202:1747647656342:,1747647667935
counter/8/0/0/0,9203:1747647656342:,1747647667935
counter/8/0/0/0,9204:1747647656342:,1747647667936
counter/8/0/0/0,9205:1747647656342:,1747647667936
counter/8/0/0/0,9206:1747647656342:,1747647667936
counter/8/0/0/0,9207:1747647656342:,1747647667936
counter/8/0/0/0,9208:1747647656342:,1747647667936
counter/8/0/0/0,9209:1747647656342:,1747647667936
counter/3/0/0/0,9667:1747647657085:,1747647667936
counter/5/0/0/0,8932:1747647656531:,1747647667936
counter/5/0/0/0,8933:1747647656531:,1747647667936
counter/8/0/0/0,9210:1747647656342:,1747647667936
counter/8/0/0/0,9211:1747647656342:,1747647667936
counter/8/0/0/0,9212:1747647656342:,1747647667936
counter/8/0/0/0,9213:1747647656342:,1747647667936
counter/6/0/0/0,8379:1747647656821:,1747647667936
counter/8/0/0/0,9214:1747647656347:,1747647667937
counter/4/0/0/0,9208:1747647657594:,1747647667937
counter/4/0/0/0,9209:1747647657594:,1747647667937
counter/4/0/0/0,9210:1747647657594:,1747647667937
counter/4/0/0/0,9211:1747647657594:,1747647667937
counter/4/0/0/0,9212:1747647657594:,1747647667937
counter/4/0/0/0,9213:1747647657594:,1747647667937
counter/4/0/0/0,9214:1747647657594:,1747647667937
counter/4/0/0/0,9215:1747647657594:,1747647667937
counter/4/0/0/0,9216:1747647657598:,1747647667937
counter/4/0/0/0,9217:1747647657598:,1747647667937
counter/1/0/0/0,10122:1747647657535:,1747647667937
counter/1/0/0/0,10123:1747647657535:,1747647667937
counter/1/0/0/0,10124:1747647657535:,1747647667937
counter/8/0/0/0,9215:1747647656347:,1747647667938
counter/9/0/0/0,9512:1747647656712:,1747647667938
counter/5/0/0/0,8934:1747647656531:,1747647667938
counter/6/0/0/0,8380:1747647656834:,1747647667938
counter/6/0/0/0,8381:1747647656834:,1747647667938
counter/6/0/0/0,8382:1747647656834:,1747647667938
counter/6/0/0/0,8383:1747647656841:,1747647667938
counter/5/0/0/0,8935:1747647656531:,1747647667938
counter/4/0/0/0,9218:1747647657598:,1747647667938
counter/4/0/0/0,9219:1747647657598:,1747647667938
counter/4/0/0/0,9220:1747647657598:,1747647667938
counter/4/0/0/0,9221:1747647657598:,1747647667938
counter/4/0/0/0,9222:1747647657598:,1747647667938
counter/4/0/0/0,9223:1747647657598:,1747647667938
counter/4/0/0/0,9224:1747647657598:,1747647667938
counter/4/0/0/0,9225:1747647657598:,1747647667938
counter/4/0/0/0,9226:1747647657598:,1747647667938
counter/8/0/0/0,9216:1747647656359:,1747647667938
counter/1/0/0/0,10125:1747647657535:,1747647667938
counter/7/0/0/0,8955:1747647656907:,1747647667939
counter/2/0/0/0,8918:1747647655783:,1747647667939
counter/10/0/0/0,8441:1747647656449:,1747647667939
counter/3/0/0/0,9668:1747647657085:,1747647667939
counter/9/0/0/0,9513:1747647656712:,1747647667940
counter/9/0/0/0,9514:1747647656712:,1747647667940
counter/9/0/0/0,9515:1747647656712:,1747647667940
counter/9/0/0/0,9516:1747647656712:,1747647667940
counter/9/0/0/0,9517:1747647656712:,1747647667940
counter/9/0/0/0,9518:1747647656712:,1747647667940
counter/9/0/0/0,9519:1747647656712:,1747647667940
counter/7/0/0/0,8956:1747647656907:,1747647667941
counter/1/0/0/0,10126:1747647657535:,1747647667942
counter/8/0/0/0,9217:1747647656359:,1747647667943
counter/1/0/0/0,10127:1747647657535:,1747647667943
counter/8/0/0/0,9218:1747647656359:,1747647667943
counter/6/0/0/0,8384:1747647656841:,1747647667943
counter/9/0/0/0,9520:1747647656727:,1747647667943
counter/6/0/0/0,8385:1747647656841:,1747647667943
counter/6/0/0/0,8386:1747647656841:,1747647667943
counter/6/0/0/0,8387:1747647656841:,1747647667943
counter/6/0/0/0,8388:1747647656841:,1747647667943
counter/6/0/0/0,8389:1747647656841:,1747647667943
counter/4/0/0/0,9227:1747647657599:,1747647667943
counter/1/0/0/0,10128:1747647657585:,1747647667943
counter/8/0/0/0,9219:1747647656359:,1747647667943
counter/9/0/0/0,9521:1747647656727:,1747647667943
counter/8/0/0/0,9220:1747647656359:,1747647667943
counter/8/0/0/0,9221:1747647656359:,1747647667943
counter/8/0/0/0,9222:1747647656374:,1747647667944
counter/8/0/0/0,9223:1747647656377:,1747647667944
counter/8/0/0/0,9224:1747647656377:,1747647667944
counter/3/0/0/0,9669:1747647657085:,1747647667944
counter/8/0/0/0,9225:1747647656377:,1747647667944
counter/8/0/0/0,9226:1747647656377:,1747647667944
counter/7/0/0/0,8957:1747647656907:,1747647667944
counter/9/0/0/0,9522:1747647656727:,1747647667945
counter/8/0/0/0,9227:1747647656377:,1747647667945
counter/9/0/0/0,9523:1747647656728:,1747647667945
counter/6/0/0/0,8390:1747647656841:,1747647667945
counter/9/0/0/0,9524:1747647656728:,1747647667945
counter/7/0/0/0,8958:1747647656907:,1747647667945
counter/3/0/0/0,9670:1747647657085:,1747647667946
counter/3/0/0/0,9671:1747647657092:,1747647667946
counter/6/0/0/0,8391:1747647656842:,1747647667946
counter/10/0/0/0,8442:1747647656449:,1747647667946
counter/10/0/0/0,8443:1747647656449:,1747647667946
counter/10/0/0/0,8444:1747647656449:,1747647667946
counter/10/0/0/0,8445:1747647656449:,1747647667946
counter/10/0/0/0,8446:1747647656450:,1747647667946
counter/10/0/0/0,8447:1747647656450:,1747647667946
counter/5/0/0/0,8936:1747647656546:,1747647667946
counter/8/0/0/0,9228:1747647656378:,1747647667946
counter/2/0/0/0,8919:1747647655783:,1747647667946
counter/3/0/0/0,9672:1747647657093:,1747647667947
counter/3/0/0/0,9673:1747647657093:,1747647667947
counter/3/0/0/0,9674:1747647657093:,1747647667947
counter/3/0/0/0,9675:1747647657093:,1747647667947
counter/3/0/0/0,9676:1747647657093:,1747647667947
counter/6/0/0/0,8392:1747647656842:,1747647667947
counter/1/0/0/0,10129:1747647657585:,1747647667947
counter/8/0/0/0,9229:1747647656378:,1747647667947
counter/6/0/0/0,8393:1747647656842:,1747647667948
counter/10/0/0/0,8448:1747647656455:,1747647667948
counter/10/0/0/0,8449:1747647656456:,1747647667948
counter/10/0/0/0,8450:1747647656456:,1747647667948
counter/10/0/0/0,8451:1747647656456:,1747647667948
counter/10/0/0/0,8452:1747647656456:,1747647667948
counter/10/0/0/0,8453:1747647656456:,1747647667948
counter/10/0/0/0,8454:1747647656456:,1747647667948
counter/10/0/0/0,8455:1747647656456:,1747647667948
counter/4/0/0/0,9228:1747647657600:,1747647667948
counter/9/0/0/0,9525:1747647656728:,1747647667948
counter/9/0/0/0,9526:1747647656730:,1747647667948
counter/8/0/0/0,9230:1747647656378:,1747647667948
counter/8/0/0/0,9231:1747647656378:,1747647667948
counter/8/0/0/0,9232:1747647656378:,1747647667949
counter/7/0/0/0,8959:1747647656907:,1747647667949
counter/5/0/0/0,8937:1747647656546:,1747647667949
counter/7/0/0/0,8960:1747647656907:,1747647667950
counter/7/0/0/0,8961:1747647656907:,1747647667950
counter/7/0/0/0,8962:1747647656907:,1747647667950
counter/5/0/0/0,8938:1747647656546:,1747647667950
counter/5/0/0/0,8939:1747647656546:,1747647667950
counter/2/0/0/0,8920:1747647655783:,1747647667950
counter/10/0/0/0,8456:1747647656460:,1747647667950
counter/10/0/0/0,8457:1747647656460:,1747647667950
counter/5/0/0/0,8940:1747647656546:,1747647667952
counter/8/0/0/0,9233:1747647656393:,1747647667952
counter/1/0/0/0,10130:1747647657586:,1747647667952
counter/1/0/0/0,10131:1747647657586:,1747647667953
counter/7/0/0/0,8963:1747647656908:,1747647667953
counter/7/0/0/0,8964:1747647656908:,1747647667953
counter/8/0/0/0,9234:1747647656394:,1747647667953
counter/3/0/0/0,9677:1747647657093:,1747647667954
counter/3/0/0/0,9678:1747647657093:,1747647667954
counter/3/0/0/0,9679:1747647657093:,1747647667954
counter/3/0/0/0,9680:1747647657093:,1747647667954
counter/4/0/0/0,9229:1747647657600:,1747647667954
counter/6/0/0/0,8394:1747647656842:,1747647667955
counter/4/0/0/0,9230:1747647657600:,1747647667955
counter/4/0/0/0,9231:1747647657600:,1747647667955
counter/7/0/0/0,8965:1747647656908:,1747647667955
counter/9/0/0/0,9527:1747647656731:,1747647667955
counter/7/0/0/0,8966:1747647656908:,1747647667955
counter/5/0/0/0,8941:1747647656546:,1747647667955
counter/2/0/0/0,8921:1747647655783:,1747647667956
counter/2/0/0/0,8922:1747647655783:,1747647667956
counter/8/0/0/0,9235:1747647656394:,1747647667956
counter/8/0/0/0,9236:1747647656394:,1747647667956
counter/8/0/0/0,9237:1747647656394:,1747647667957
counter/8/0/0/0,9238:1747647656394:,1747647667957
counter/8/0/0/0,9239:1747647656394:,1747647667958
counter/8/0/0/0,9240:1747647656394:,1747647667958
counter/9/0/0/0,9528:1747647656731:,1747647667958
counter/5/0/0/0,8942:1747647656546:,1747647667958
counter/10/0/0/0,8458:1747647656460:,1747647667959
counter/10/0/0/0,8459:1747647656461:,1747647667959
counter/10/0/0/0,8460:1747647656464:,1747647667959
counter/10/0/0/0,8461:1747647656464:,1747647667959
counter/6/0/0/0,8395:1747647656853:,1747647667959
counter/1/0/0/0,10132:1747647657586:,1747647667959
counter/1/0/0/0,10133:1747647657586:,1747647667959
counter/1/0/0/0,10134:1747647657586:,1747647667959
counter/2/0/0/0,8923:1747647655783:,1747647667959
counter/2/0/0/0,8924:1747647655786:,1747647667960
counter/4/0/0/0,9232:1747647657600:,1747647667960
counter/4/0/0/0,9233:1747647657600:,1747647667961
counter/5/0/0/0,8943:1747647656546:,1747647667961
counter/4/0/0/0,9234:1747647657600:,1747647667961
counter/5/0/0/0,8944:1747647656546:,1747647667962
counter/8/0/0/0,9241:1747647656395:,1747647667962
counter/8/0/0/0,9242:1747647656395:,1747647667962
counter/9/0/0/0,9529:1747647656731:,1747647667962
counter/4/0/0/0,9235:1747647657600:,1747647667963
counter/4/0/0/0,9236:1747647657600:,1747647667963
counter/4/0/0/0,9237:1747647657605:,1747647667963
counter/4/0/0/0,9238:1747647657605:,1747647667963
counter/4/0/0/0,9239:1747647657605:,1747647667963
counter/4/0/0/0,9240:1747647657605:,1747647667963
counter/4/0/0/0,9241:1747647657605:,1747647667963
counter/4/0/0/0,9242:1747647657605:,1747647667965
counter/2/0/0/0,8925:1747647655786:,1747647667966
counter/5/0/0/0,8945:1747647656547:,1747647667966
counter/5/0/0/0,8946:1747647656547:,1747647667966
counter/6/0/0/0,8396:1747647656855:,1747647667966
counter/6/0/0/0,8397:1747647656855:,1747647667966
counter/6/0/0/0,8398:1747647656862:,1747647667966
counter/6/0/0/0,8399:1747647656862:,1747647667966
counter/6/0/0/0,8400:1747647656862:,1747647667966
counter/6/0/0/0,8401:1747647656862:,1747647667966
counter/6/0/0/0,8402:1747647656862:,1747647667966
counter/6/0/0/0,8403:1747647656871:,1747647667966
counter/6/0/0/0,8404:1747647656874:,1747647667966
counter/10/0/0/0,8462:1747647656464:,1747647667966
counter/8/0/0/0,9243:1747647656397:,1747647667966
counter/8/0/0/0,9244:1747647656397:,1747647667966
counter/8/0/0/0,9245:1747647656397:,1747647667966
counter/8/0/0/0,9246:1747647656397:,1747647667966
counter/8/0/0/0,9247:1747647656397:,1747647667966
counter/8/0/0/0,9248:1747647656397:,1747647667966
counter/8/0/0/0,9249:1747647656397:,1747647667967
counter/8/0/0/0,9250:1747647656397:,1747647667967
counter/8/0/0/0,9251:1747647656397:,1747647667967
counter/8/0/0/0,9252:1747647656397:,1747647667967
counter/8/0/0/0,9253:1747647656397:,1747647667967
counter/8/0/0/0,9254:1747647656398:,1747647667967
counter/8/0/0/0,9255:1747647656398:,1747647667967
counter/7/0/0/0,8967:1747647656908:,1747647667967
counter/8/0/0/0,9256:1747647656398:,1747647667967
counter/8/0/0/0,9257:1747647656398:,1747647667967
counter/10/0/0/0,8463:1747647656464:,1747647667967
counter/8/0/0/0,9258:1747647656411:,1747647667967
counter/10/0/0/0,8464:1747647656464:,1747647667967
counter/5/0/0/0,8947:1747647656547:,1747647667967
counter/4/0/0/0,9243:1747647657605:,1747647667967
counter/4/0/0/0,9244:1747647657605:,1747647667967
counter/4/0/0/0,9245:1747647657605:,1747647667967
counter/4/0/0/0,9246:1747647657605:,1747647667967
counter/4/0/0/0,9247:1747647657605:,1747647667967
counter/9/0/0/0,9530:1747647656731:,1747647667968
counter/9/0/0/0,9531:1747647656731:,1747647667968
counter/9/0/0/0,9532:1747647656731:,1747647667968
counter/6/0/0/0,8405:1747647656874:,1747647667968
counter/6/0/0/0,8406:1747647656874:,1747647667968
counter/6/0/0/0,8407:1747647656874:,1747647667968
counter/6/0/0/0,8408:1747647656874:,1747647667968
counter/6/0/0/0,8409:1747647656874:,1747647667968
counter/6/0/0/0,8410:1747647656874:,1747647667968
counter/8/0/0/0,9259:1747647656411:,1747647667969
counter/6/0/0/0,8411:1747647656874:,1747647667969
counter/6/0/0/0,8412:1747647656874:,1747647667969
counter/6/0/0/0,8413:1747647656874:,1747647667969
counter/6/0/0/0,8414:1747647656874:,1747647667969
counter/2/0/0/0,8926:1747647655786:,1747647667969
counter/1/0/0/0,10135:1747647657586:,1747647667969
counter/7/0/0/0,8968:1747647656908:,1747647667970
counter/6/0/0/0,8415:1747647656874:,1747647667970
counter/1/0/0/0,10136:1747647657611:,1747647667970
counter/2/0/0/0,8927:1747647655786:,1747647667971
counter/2/0/0/0,8928:1747647655786:,1747647667971
counter/2/0/0/0,8929:1747647655786:,1747647667971
counter/2/0/0/0,8930:1747647655786:,1747647667971
counter/2/0/0/0,8931:1747647655786:,1747647667971
counter/2/0/0/0,8932:1747647655786:,1747647667971
counter/2/0/0/0,8933:1747647655787:,1747647667971
counter/2/0/0/0,8934:1747647655787:,1747647667971
counter/7/0/0/0,8969:1747647656908:,1747647667972
counter/7/0/0/0,8970:1747647656908:,1747647667972
counter/10/0/0/0,8465:1747647656464:,1747647667972
counter/4/0/0/0,9248:1747647657605:,1747647667972
counter/2/0/0/0,8935:1747647655787:,1747647667974
counter/4/0/0/0,9249:1747647657605:,1747647667974
counter/1/0/0/0,10137:1747647657611:,1747647667975
counter/1/0/0/0,10138:1747647657611:,1747647667975
counter/1/0/0/0,10139:1747647657611:,1747647667975
counter/1/0/0/0,10140:1747647657611:,1747647667975
counter/1/0/0/0,10141:1747647657611:,1747647667975
counter/1/0/0/0,10142:1747647657611:,1747647667975
counter/1/0/0/0,10143:1747647657611:,1747647667975
counter/4/0/0/0,9250:1747647657605:,1747647667975
counter/6/0/0/0,8416:1747647656874:,1747647667976
counter/6/0/0/0,8417:1747647656879:,1747647667976
counter/6/0/0/0,8418:1747647656879:,1747647667976
counter/1/0/0/0,10144:1747647657625:,1747647667979
counter/1/0/0/0,10145:1747647657625:,1747647667979
counter/9/0/0/0,9533:1747647656731:,1747647667979
counter/9/0/0/0,9534:1747647656733:,1747647667979
counter/4/0/0/0,9251:1747647657605:,1747647667979
counter/9/0/0/0,9535:1747647656733:,1747647667980
counter/1/0/0/0,10146:1747647657625:,1747647667980
counter/9/0/0/0,9536:1747647656733:,1747647667980
counter/1/0/0/0,10147:1747647657625:,1747647667980
counter/5/0/0/0,8948:1747647656554:,1747647667980
counter/1/0/0/0,10148:1747647657625:,1747647667980
counter/1/0/0/0,10149:1747647657625:,1747647667981
counter/1/0/0/0,10150:1747647657625:,1747647667981
counter/1/0/0/0,10151:1747647657625:,1747647667981
counter/1/0/0/0,10152:1747647657625:,1747647667981
counter/1/0/0/0,10153:1747647657625:,1747647667981
counter/4/0/0/0,9252:1747647657605:,1747647667981
counter/2/0/0/0,8936:1747647655787:,1747647667981
counter/2/0/0/0,8937:1747647655787:,1747647667981
counter/2/0/0/0,8938:1747647655787:,1747647667981
counter/2/0/0/0,8939:1747647655788:,1747647667981
counter/2/0/0/0,8940:1747647655788:,1747647667981
counter/2/0/0/0,8941:1747647655788:,1747647667981
counter/5/0/0/0,8949:1747647656554:,1747647667981
counter/5/0/0/0,8950:1747647656555:,1747647667981
counter/5/0/0/0,8951:1747647656555:,1747647667982
counter/8/0/0/0,9260:1747647656411:,1747647667982
counter/4/0/0/0,9253:1747647657605:,1747647667982
counter/3/0/0/0,9681:1747647657093:,1747647667984
counter/6/0/0/0,8419:1747647656879:,1747647667984
counter/3/0/0/0,9682:1747647657101:,1747647667985
counter/6/0/0/0,8420:1747647656879:,1747647667985
counter/6/0/0/0,8421:1747647656879:,1747647667985
counter/6/0/0/0,8422:1747647656879:,1747647667985
counter/6/0/0/0,8423:1747647656879:,1747647667985
counter/6/0/0/0,8424:1747647656879:,1747647667985
counter/6/0/0/0,8425:1747647656879:,1747647667985
counter/6/0/0/0,8426:1747647656879:,1747647667985
counter/6/0/0/0,8427:1747647656879:,1747647667986
counter/6/0/0/0,8428:1747647656880:,1747647667986
counter/6/0/0/0,8429:1747647656880:,1747647667986
counter/6/0/0/0,8430:1747647656880:,1747647667986
counter/6/0/0/0,8431:1747647656880:,1747647667986
counter/5/0/0/0,8952:1747647656559:,1747647667986
counter/1/0/0/0,10154:1747647657625:,1747647667986
counter/8/0/0/0,9261:1747647656411:,1747647667987
counter/9/0/0/0,9537:1747647656733:,1747647667987
counter/6/0/0/0,8432:1747647656880:,1747647667987
counter/6/0/0/0,8433:1747647656880:,1747647667987
counter/6/0/0/0,8434:1747647656880:,1747647667987
counter/6/0/0/0,8435:1747647656880:,1747647667987
counter/8/0/0/0,9262:1747647656411:,1747647667988
counter/6/0/0/0,8436:1747647656880:,1747647667988
counter/6/0/0/0,8437:1747647656880:,1747647667988
counter/1/0/0/0,10155:1747647657625:,1747647667988
counter/6/0/0/0,8438:1747647656886:,1747647667988
counter/10/0/0/0,8466:1747647656465:,1747647667988
counter/2/0/0/0,8942:1747647655788:,1747647667989
counter/2/0/0/0,8943:1747647655788:,1747647667989
counter/2/0/0/0,8944:1747647655788:,1747647667989
counter/2/0/0/0,8945:1747647655788:,1747647667990
counter/5/0/0/0,8953:1747647656559:,1747647667990
counter/5/0/0/0,8954:1747647656559:,1747647667990
counter/5/0/0/0,8955:1747647656559:,1747647667990
counter/5/0/0/0,8956:1747647656559:,1747647667990
counter/5/0/0/0,8957:1747647656559:,1747647667990
counter/6/0/0/0,8439:1747647656886:,1747647667990
counter/6/0/0/0,8440:1747647656886:,1747647667990
counter/6/0/0/0,8441:1747647656886:,1747647667990
counter/6/0/0/0,8442:1747647656886:,1747647667990
counter/6/0/0/0,8443:1747647656886:,1747647667990
counter/6/0/0/0,8444:1747647656886:,1747647667990
counter/2/0/0/0,8946:1747647655788:,1747647667990
counter/1/0/0/0,10156:1747647657625:,1747647667990
counter/3/0/0/0,9683:1747647657101:,1747647667990
counter/1/0/0/0,10157:1747647657625:,1747647667991
counter/9/0/0/0,9538:1747647656733:,1747647667992
counter/9/0/0/0,9539:1747647656733:,1747647667992
counter/2/0/0/0,8947:1747647655788:,1747647667992
counter/10/0/0/0,8467:1747647656465:,1747647667992
counter/3/0/0/0,9684:1747647657101:,1747647667992
counter/4/0/0/0,9254:1747647657605:,1747647667992
counter/7/0/0/0,8971:1747647656908:,1747647667992
counter/8/0/0/0,9263:1747647656411:,1747647667992
counter/8/0/0/0,9264:1747647656411:,1747647667992
counter/8/0/0/0,9265:1747647656411:,1747647667992
counter/8/0/0/0,9266:1747647656411:,1747647667993
counter/8/0/0/0,9267:1747647656411:,1747647667993
counter/8/0/0/0,9268:1747647656411:,1747647667993
counter/8/0/0/0,9269:1747647656411:,1747647667993
counter/5/0/0/0,8958:1747647656559:,1747647667993
counter/5/0/0/0,8959:1747647656560:,1747647667993
counter/5/0/0/0,8960:1747647656560:,1747647667993
counter/5/0/0/0,8961:1747647656560:,1747647667993
counter/5/0/0/0,8962:1747647656560:,1747647667993
counter/5/0/0/0,8963:1747647656560:,1747647667993
counter/5/0/0/0,8964:1747647656560:,1747647667994
counter/5/0/0/0,8965:1747647656564:,1747647667994
counter/5/0/0/0,8966:1747647656564:,1747647667994
counter/4/0/0/0,9255:1747647657605:,1747647667994
counter/5/0/0/0,8967:1747647656564:,1747647667994
counter/5/0/0/0,8968:1747647656566:,1747647667994
counter/8/0/0/0,9270:1747647656411:,1747647667994
counter/10/0/0/0,8468:1747647656465:,1747647667994
counter/8/0/0/0,9271:1747647656417:,1747647667994
counter/3/0/0/0,9685:1747647657101:,1747647667994
counter/3/0/0/0,9686:1747647657101:,1747647667995
counter/5/0/0/0,8969:1747647656566:,1747647667996
counter/8/0/0/0,9272:1747647656417:,1747647667996
counter/3/0/0/0,9687:1747647657101:,1747647667996
counter/6/0/0/0,8445:1747647656887:,1747647667997
counter/6/0/0/0,8446:1747647656887:,1747647667997
counter/1/0/0/0,10158:1747647657643:,1747647667997
counter/5/0/0/0,8970:1747647656566:,1747647667998
counter/3/0/0/0,9688:1747647657101:,1747647667999
counter/5/0/0/0,8971:1747647656566:,1747647667999
counter/5/0/0/0,8972:1747647656569:,1747647668000
counter/5/0/0/0,8973:1747647656569:,1747647668000
counter/5/0/0/0,8974:1747647656570:,1747647668000
counter/5/0/0/0,8975:1747647656570:,1747647668000
counter/5/0/0/0,8976:1747647656570:,1747647668000
counter/5/0/0/0,8977:1747647656570:,1747647668000
counter/5/0/0/0,8978:1747647656570:,1747647668000
counter/2/0/0/0,8948:1747647655788:,1747647668000
counter/3/0/0/0,9689:1747647657101:,1747647668000
counter/5/0/0/0,8979:1747647656570:,1747647668001
counter/7/0/0/0,8972:1747647656908:,1747647668001
counter/5/0/0/0,8980:1747647656570:,1747647668001
counter/5/0/0/0,8981:1747647656570:,1747647668001
counter/5/0/0/0,8982:1747647656587:,1747647668001
counter/5/0/0/0,8983:1747647656587:,1747647668001
counter/3/0/0/0,9690:1747647657102:,1747647668002
counter/7/0/0/0,8973:1747647656908:,1747647668002
counter/5/0/0/0,8984:1747647656587:,1747647668002
counter/4/0/0/0,9256:1747647657608:,1747647668002
counter/9/0/0/0,9540:1747647656733:,1747647668003
counter/9/0/0/0,9541:1747647656734:,1747647668003
counter/9/0/0/0,9542:1747647656734:,1747647668003
counter/9/0/0/0,9543:1747647656734:,1747647668003
counter/9/0/0/0,9544:1747647656734:,1747647668003
counter/9/0/0/0,9545:1747647656737:,1747647668003
counter/9/0/0/0,9546:1747647656737:,1747647668004
counter/3/0/0/0,9691:1747647657103:,1747647668004
counter/9/0/0/0,9547:1747647656737:,1747647668004
counter/9/0/0/0,9548:1747647656737:,1747647668004
counter/3/0/0/0,9692:1747647657103:,1747647668004
counter/3/0/0/0,9693:1747647657116:,1747647668004
counter/6/0/0/0,8447:1747647656887:,1747647668004
counter/6/0/0/0,8448:1747647656887:,1747647668004
counter/6/0/0/0,8449:1747647656887:,1747647668004
counter/6/0/0/0,8450:1747647656887:,1747647668004
counter/3/0/0/0,9694:1747647657116:,1747647668004
counter/8/0/0/0,9273:1747647656417:,1747647668005
counter/5/0/0/0,8985:1747647656587:,1747647668005
counter/10/0/0/0,8469:1747647656465:,1747647668005
counter/9/0/0/0,9549:1747647656737:,1747647668007
counter/7/0/0/0,8974:1747647656908:,1747647668010
counter/9/0/0/0,9550:1747647656737:,1747647668010
counter/6/0/0/0,8451:1747647656891:,1747647668010
counter/5/0/0/0,8986:1747647656587:,1747647668010
counter/5/0/0/0,8987:1747647656587:,1747647668010
counter/5/0/0/0,8988:1747647656587:,1747647668010
counter/5/0/0/0,8989:1747647656587:,1747647668010
counter/5/0/0/0,8990:1747647656587:,1747647668010
counter/5/0/0/0,8991:1747647656587:,1747647668010
counter/5/0/0/0,8992:1747647656605:,1747647668010
counter/5/0/0/0,8993:1747647656605:,1747647668010
counter/5/0/0/0,8994:1747647656605:,1747647668010
counter/5/0/0/0,8995:1747647656606:,1747647668010
counter/5/0/0/0,8996:1747647656606:,1747647668010
counter/2/0/0/0,8949:1747647655788:,1747647668011
counter/6/0/0/0,8452:1747647656891:,1747647668012
counter/9/0/0/0,9551:1747647656737:,1747647668012
counter/6/0/0/0,8453:1747647656891:,1747647668012
counter/6/0/0/0,8454:1747647656891:,1747647668012
counter/6/0/0/0,8455:1747647656891:,1747647668012
counter/3/0/0/0,9695:1747647657116:,1747647668013
counter/5/0/0/0,8997:1747647656606:,1747647668014
counter/7/0/0/0,8975:1747647656908:,1747647668014
counter/7/0/0/0,8976:1747647656908:,1747647668014
counter/2/0/0/0,8950:1747647655788:,1747647668014
counter/2/0/0/0,8951:1747647655788:,1747647668014
counter/2/0/0/0,8952:1747647655788:,1747647668014
counter/3/0/0/0,9696:1747647657116:,1747647668016
counter/1/0/0/0,10159:1747647657643:,1747647668016
counter/10/0/0/0,8470:1747647656465:,1747647668016
counter/9/0/0/0,9552:1747647656737:,1747647668017
counter/4/0/0/0,9257:1747647657609:,1747647668017
counter/4/0/0/0,9258:1747647657609:,1747647668017
counter/4/0/0/0,9259:1747647657609:,1747647668017
counter/1/0/0/0,10160:1747647657643:,1747647668017
counter/2/0/0/0,8953:1747647655788:,1747647668017
counter/2/0/0/0,8954:1747647655788:,1747647668018
counter/2/0/0/0,8955:1747647655788:,1747647668018
counter/2/0/0/0,8956:1747647655788:,1747647668018
counter/2/0/0/0,8957:1747647655788:,1747647668018
counter/3/0/0/0,9697:1747647657116:,1747647668018
counter/2/0/0/0,8958:1747647655788:,1747647668018
counter/2/0/0/0,8959:1747647655788:,1747647668018
counter/5/0/0/0,8998:1747647656606:,1747647668018
counter/8/0/0/0,9274:1747647656419:,1747647668018
counter/2/0/0/0,8960:1747647655788:,1747647668019
counter/5/0/0/0,8999:1747647656606:,1747647668019
counter/5/0/0/0,9000:1747647656606:,1747647668019
counter/5/0/0/0,9001:1747647656606:,1747647668019
counter/5/0/0/0,9002:1747647656606:,1747647668019
counter/7/0/0/0,8977:1747647656908:,1747647668019
counter/4/0/0/0,9260:1747647657609:,1747647668019
counter/10/0/0/0,8471:1747647656465:,1747647668019
counter/4/0/0/0,9261:1747647657609:,1747647668019
counter/6/0/0/0,8456:1747647656891:,1747647668019
counter/4/0/0/0,9262:1747647657609:,1747647668020
counter/4/0/0/0,9263:1747647657609:,1747647668020
counter/4/0/0/0,9264:1747647657609:,1747647668020
counter/4/0/0/0,9265:1747647657609:,1747647668020
counter/4/0/0/0,9266:1747647657609:,1747647668020
counter/3/0/0/0,9698:1747647657116:,1747647668021
counter/2/0/0/0,8961:1747647655788:,1747647668021
counter/3/0/0/0,9699:1747647657116:,1747647668021
counter/3/0/0/0,9700:1747647657122:,1747647668021
counter/9/0/0/0,9553:1747647656737:,1747647668021
counter/3/0/0/0,9701:1747647657122:,1747647668022
counter/9/0/0/0,9554:1747647656737:,1747647668022
counter/9/0/0/0,9555:1747647656737:,1747647668022
counter/9/0/0/0,9556:1747647656737:,1747647668022
counter/9/0/0/0,9557:1747647656737:,1747647668022
counter/8/0/0/0,9275:1747647656428:,1747647668022
counter/7/0/0/0,8978:1747647656908:,1747647668022
counter/9/0/0/0,9558:1747647656738:,1747647668022
counter/7/0/0/0,8979:1747647656908:,1747647668023
counter/7/0/0/0,8980:1747647656908:,1747647668023
counter/7/0/0/0,8981:1747647656908:,1747647668023
counter/7/0/0/0,8982:1747647656908:,1747647668023
counter/6/0/0/0,8457:1747647656891:,1747647668023
counter/10/0/0/0,8472:1747647656465:,1747647668023
counter/6/0/0/0,8458:1747647656891:,1747647668023
counter/4/0/0/0,9267:1747647657609:,1747647668023
counter/4/0/0/0,9268:1747647657609:,1747647668023
counter/4/0/0/0,9269:1747647657610:,1747647668023
counter/10/0/0/0,8473:1747647656465:,1747647668023
counter/10/0/0/0,8474:1747647656465:,1747647668023
counter/6/0/0/0,8459:1747647656891:,1747647668024
counter/1/0/0/0,10161:1747647657644:,1747647668024
counter/10/0/0/0,8475:1747647656467:,1747647668024
counter/10/0/0/0,8476:1747647656467:,1747647668024
counter/4/0/0/0,9270:1747647657610:,1747647668024
counter/4/0/0/0,9271:1747647657610:,1747647668024
counter/2/0/0/0,8962:1747647655788:,1747647668024
counter/2/0/0/0,8963:1747647655789:,1747647668025
counter/2/0/0/0,8964:1747647655789:,1747647668025
counter/2/0/0/0,8965:1747647655790:,1747647668025
counter/2/0/0/0,8966:1747647655790:,1747647668025
counter/2/0/0/0,8967:1747647655790:,1747647668025
counter/2/0/0/0,8968:1747647655790:,1747647668025
counter/2/0/0/0,8969:1747647655790:,1747647668025
counter/3/0/0/0,9702:1747647657122:,1747647668025
counter/6/0/0/0,8460:1747647656891:,1747647668025
counter/6/0/0/0,8461:1747647656891:,1747647668026
counter/6/0/0/0,8462:1747647656891:,1747647668026
counter/6/0/0/0,8463:1747647656891:,1747647668026
counter/6/0/0/0,8464:1747647656891:,1747647668026
counter/8/0/0/0,9276:1747647656428:,1747647668026
counter/6/0/0/0,8465:1747647656891:,1747647668026
counter/8/0/0/0,9277:1747647656428:,1747647668026
counter/6/0/0/0,8466:1747647656891:,1747647668026
counter/8/0/0/0,9278:1747647656428:,1747647668026
counter/8/0/0/0,9279:1747647656428:,1747647668026
counter/8/0/0/0,9280:1747647656431:,1747647668027
counter/8/0/0/0,9281:1747647656431:,1747647668027
counter/8/0/0/0,9282:1747647656431:,1747647668027
counter/8/0/0/0,9283:1747647656431:,1747647668027
counter/8/0/0/0,9284:1747647656431:,1747647668027
counter/1/0/0/0,10162:1747647657644:,1747647668027
counter/5/0/0/0,9003:1747647656606:,1747647668027
counter/1/0/0/0,10163:1747647657644:,1747647668027
counter/1/0/0/0,10164:1747647657644:,1747647668027
counter/1/0/0/0,10165:1747647657644:,1747647668027
counter/9/0/0/0,9559:1747647656738:,1747647668027
counter/8/0/0/0,9285:1747647656431:,1747647668028
counter/5/0/0/0,9004:1747647656606:,1747647668028
counter/1/0/0/0,10166:1747647657644:,1747647668029
counter/7/0/0/0,8983:1747647656908:,1747647668029
counter/9/0/0/0,9560:1747647656738:,1747647668029
counter/2/0/0/0,8970:1747647655791:,1747647668029
counter/10/0/0/0,8477:1747647656467:,1747647668029
counter/8/0/0/0,9286:1747647656431:,1747647668030
counter/5/0/0/0,9005:1747647656606:,1747647668030
counter/1/0/0/0,10167:1747647657644:,1747647668030
counter/1/0/0/0,10168:1747647657644:,1747647668030
counter/8/0/0/0,9287:1747647656431:,1747647668031
counter/5/0/0/0,9006:1747647656606:,1747647668031
counter/1/0/0/0,10169:1747647657645:,1747647668031
counter/1/0/0/0,10170:1747647657645:,1747647668031
counter/1/0/0/0,10171:1747647657645:,1747647668031
counter/1/0/0/0,10172:1747647657645:,1747647668031
counter/1/0/0/0,10173:1747647657645:,1747647668031
counter/1/0/0/0,10174:1747647657646:,1747647668031
counter/1/0/0/0,10175:1747647657651:,1747647668031
counter/1/0/0/0,10176:1747647657660:,1747647668031
counter/1/0/0/0,10177:1747647657660:,1747647668031
counter/1/0/0/0,10178:1747647657660:,1747647668031
counter/1/0/0/0,10179:1747647657660:,1747647668031
counter/1/0/0/0,10180:1747647657660:,1747647668032
counter/1/0/0/0,10181:1747647657660:,1747647668032
counter/1/0/0/0,10182:1747647657660:,1747647668032
counter/7/0/0/0,8984:1747647656908:,1747647668032
counter/3/0/0/0,9703:1747647657123:,1747647668032
counter/3/0/0/0,9704:1747647657123:,1747647668032
counter/3/0/0/0,9705:1747647657125:,1747647668032
counter/3/0/0/0,9706:1747647657125:,1747647668032
counter/3/0/0/0,9707:1747647657125:,1747647668032
counter/3/0/0/0,9708:1747647657125:,1747647668032
counter/3/0/0/0,9709:1747647657125:,1747647668032
counter/3/0/0/0,9710:1747647657125:,1747647668032
counter/3/0/0/0,9711:1747647657125:,1747647668033
counter/10/0/0/0,8478:1747647656468:,1747647668033
counter/5/0/0/0,9007:1747647656606:,1747647668033
counter/9/0/0/0,9561:1747647656738:,1747647668033
counter/4/0/0/0,9272:1747647657610:,1747647668033
counter/4/0/0/0,9273:1747647657611:,1747647668033
counter/4/0/0/0,9274:1747647657611:,1747647668033
counter/4/0/0/0,9275:1747647657612:,1747647668033
counter/2/0/0/0,8971:1747647655791:,1747647668034
counter/3/0/0/0,9712:1747647657125:,1747647668034
counter/3/0/0/0,9713:1747647657125:,1747647668034
counter/3/0/0/0,9714:1747647657127:,1747647668034
counter/3/0/0/0,9715:1747647657127:,1747647668034
counter/8/0/0/0,9288:1747647656431:,1747647668034
counter/3/0/0/0,9716:1747647657127:,1747647668035
counter/3/0/0/0,9717:1747647657127:,1747647668035
counter/3/0/0/0,9718:1747647657127:,1747647668035
counter/3/0/0/0,9719:1747647657127:,1747647668035
counter/3/0/0/0,9720:1747647657127:,1747647668035
counter/3/0/0/0,9721:1747647657127:,1747647668035
counter/10/0/0/0,8479:1747647656468:,1747647668035
counter/6/0/0/0,8467:1747647656891:,1747647668035
counter/10/0/0/0,8480:1747647656468:,1747647668035
counter/1/0/0/0,10183:1747647657660:,1747647668035
counter/7/0/0/0,8985:1747647656908:,1747647668036
counter/3/0/0/0,9722:1747647657153:,1747647668036
counter/7/0/0/0,8986:1747647656908:,1747647668036
counter/7/0/0/0,8987:1747647656908:,1747647668036
counter/7/0/0/0,8988:1747647656909:,1747647668036
counter/5/0/0/0,9008:1747647656606:,1747647668036
counter/9/0/0/0,9562:1747647656738:,1747647668036
counter/9/0/0/0,9563:1747647656738:,1747647668036
counter/10/0/0/0,8481:1747647656468:,1747647668038
counter/1/0/0/0,10184:1747647657660:,1747647668038
counter/10/0/0/0,8482:1747647656468:,1747647668038
counter/1/0/0/0,10185:1747647657660:,1747647668039
counter/1/0/0/0,10186:1747647657660:,1747647668040
counter/1/0/0/0,10187:1747647657662:,1747647668040
counter/1/0/0/0,10188:1747647657662:,1747647668040
counter/1/0/0/0,10189:1747647657666:,1747647668040
counter/1/0/0/0,10190:1747647657666:,1747647668040
counter/1/0/0/0,10191:1747647657666:,1747647668040
counter/1/0/0/0,10192:1747647657666:,1747647668040
counter/1/0/0/0,10193:1747647657666:,1747647668040
counter/6/0/0/0,8468:1747647656891:,1747647668040
counter/10/0/0/0,8483:1747647656468:,1747647668040
counter/3/0/0/0,9723:1747647657160:,1747647668040
counter/10/0/0/0,8484:1747647656468:,1747647668040
counter/3/0/0/0,9724:1747647657160:,1747647668040
counter/1/0/0/0,10194:1747647657667:,1747647668040
counter/1/0/0/0,10195:1747647657667:,1747647668040
counter/8/0/0/0,9289:1747647656431:,1747647668040
counter/8/0/0/0,9290:1747647656432:,1747647668040
counter/8/0/0/0,9291:1747647656432:,1747647668040
counter/8/0/0/0,9292:1747647656432:,1747647668040
counter/8/0/0/0,9293:1747647656432:,1747647668040
counter/8/0/0/0,9294:1747647656432:,1747647668040
counter/9/0/0/0,9564:1747647656738:,1747647668041
counter/9/0/0/0,9565:1747647656738:,1747647668041
counter/9/0/0/0,9566:1747647656738:,1747647668041
counter/9/0/0/0,9567:1747647656738:,1747647668041
counter/9/0/0/0,9568:1747647656738:,1747647668041
counter/9/0/0/0,9569:1747647656738:,1747647668041
counter/9/0/0/0,9570:1747647656739:,1747647668041
counter/9/0/0/0,9571:1747647656739:,1747647668041
counter/9/0/0/0,9572:1747647656739:,1747647668042
counter/9/0/0/0,9573:1747647656739:,1747647668042
counter/9/0/0/0,9574:1747647656739:,1747647668042
counter/2/0/0/0,8972:1747647655791:,1747647668042
counter/3/0/0/0,9725:1747647657160:,1747647668042
counter/3/0/0/0,9726:1747647657160:,1747647668042
counter/3/0/0/0,9727:1747647657160:,1747647668042
counter/3/0/0/0,9728:1747647657160:,1747647668042
counter/3/0/0/0,9729:1747647657162:,1747647668042
counter/3/0/0/0,9730:1747647657162:,1747647668042
counter/3/0/0/0,9731:1747647657162:,1747647668042
counter/7/0/0/0,8989:1747647656909:,1747647668042
counter/9/0/0/0,9575:1747647656739:,1747647668042
counter/9/0/0/0,9576:1747647656739:,1747647668042
counter/9/0/0/0,9577:1747647656739:,1747647668042
counter/9/0/0/0,9578:1747647656739:,1747647668042
counter/3/0/0/0,9732:1747647657162:,1747647668043
counter/10/0/0/0,8485:1747647656468:,1747647668043
counter/10/0/0/0,8486:1747647656468:,1747647668043
counter/6/0/0/0,8469:1747647656891:,1747647668043
counter/9/0/0/0,9579:1747647656739:,1747647668043
counter/4/0/0/0,9276:1747647657612:,1747647668043
counter/8/0/0/0,9295:1747647656432:,1747647668043
counter/6/0/0/0,8470:1747647656891:,1747647668045
counter/5/0/0/0,9009:1747647656606:,1747647668045
counter/8/0/0/0,9296:1747647656432:,1747647668045
counter/5/0/0/0,9010:1747647656613:,1747647668045
counter/9/0/0/0,9580:1747647656739:,1747647668046
counter/6/0/0/0,8471:1747647656891:,1747647668046
counter/8/0/0/0,9297:1747647656432:,1747647668046
counter/6/0/0/0,8472:1747647656891:,1747647668046
counter/6/0/0/0,8473:1747647656891:,1747647668046
counter/6/0/0/0,8474:1747647656892:,1747647668046
counter/6/0/0/0,8475:1747647656892:,1747647668046
counter/6/0/0/0,8476:1747647656892:,1747647668046
counter/6/0/0/0,8477:1747647656893:,1747647668046
counter/6/0/0/0,8478:1747647656893:,1747647668046
counter/9/0/0/0,9581:1747647656739:,1747647668046
counter/9/0/0/0,9582:1747647656739:,1747647668046
counter/9/0/0/0,9583:1747647656740:,1747647668047
counter/9/0/0/0,9584:1747647656740:,1747647668047
counter/9/0/0/0,9585:1747647656740:,1747647668047
counter/1/0/0/0,10196:1747647657667:,1747647668047
counter/3/0/0/0,9733:1747647657162:,1747647668047
counter/3/0/0/0,9734:1747647657162:,1747647668047
counter/3/0/0/0,9735:1747647657162:,1747647668047
counter/3/0/0/0,9736:1747647657162:,1747647668047
counter/3/0/0/0,9737:1747647657162:,1747647668047
counter/3/0/0/0,9738:1747647657162:,1747647668047
counter/3/0/0/0,9739:1747647657162:,1747647668047
counter/3/0/0/0,9740:1747647657162:,1747647668047
counter/3/0/0/0,9741:1747647657162:,1747647668047
counter/3/0/0/0,9742:1747647657162:,1747647668047
counter/3/0/0/0,9743:1747647657162:,1747647668047
counter/3/0/0/0,9744:1747647657162:,1747647668047
counter/3/0/0/0,9745:1747647657164:,1747647668047
counter/3/0/0/0,9746:1747647657165:,1747647668047
counter/3/0/0/0,9747:1747647657165:,1747647668047
counter/9/0/0/0,9586:1747647656740:,1747647668047
counter/3/0/0/0,9748:1747647657165:,1747647668047
counter/5/0/0/0,9011:1747647656613:,1747647668048
counter/3/0/0/0,9749:1747647657179:,1747647668049
counter/3/0/0/0,9750:1747647657196:,1747647668049
counter/3/0/0/0,9751:1747647657196:,1747647668049
counter/3/0/0/0,9752:1747647657196:,1747647668049
counter/3/0/0/0,9753:1747647657196:,1747647668050
counter/10/0/0/0,8487:1747647656468:,1747647668050
counter/9/0/0/0,9587:1747647656740:,1747647668050
counter/10/0/0/0,8488:1747647656468:,1747647668050
counter/8/0/0/0,9298:1747647656432:,1747647668050
counter/8/0/0/0,9299:1747647656432:,1747647668050
counter/3/0/0/0,9754:1747647657196:,1747647668050
counter/6/0/0/0,8479:1747647656893:,1747647668050
counter/1/0/0/0,10197:1747647657667:,1747647668050
counter/1/0/0/0,10198:1747647657667:,1747647668050
counter/1/0/0/0,10199:1747647657667:,1747647668050
counter/1/0/0/0,10200:1747647657667:,1747647668050
counter/1/0/0/0,10201:1747647657667:,1747647668051
counter/1/0/0/0,10202:1747647657669:,1747647668051
counter/1/0/0/0,10203:1747647657683:,1747647668051
counter/1/0/0/0,10204:1747647657683:,1747647668051
counter/1/0/0/0,10205:1747647657686:,1747647668051
counter/2/0/0/0,8973:1747647655791:,1747647668051
counter/5/0/0/0,9012:1747647656613:,1747647668051
counter/2/0/0/0,8974:1747647655791:,1747647668051
counter/5/0/0/0,9013:1747647656613:,1747647668052
counter/5/0/0/0,9014:1747647656613:,1747647668052
counter/5/0/0/0,9015:1747647656614:,1747647668052
counter/5/0/0/0,9016:1747647656614:,1747647668052
counter/6/0/0/0,8480:1747647656893:,1747647668052
counter/7/0/0/0,8990:1747647656909:,1747647668052
counter/7/0/0/0,8991:1747647656909:,1747647668052
counter/7/0/0/0,8992:1747647656914:,1747647668052
counter/7/0/0/0,8993:1747647656915:,1747647668052
counter/7/0/0/0,8994:1747647656915:,1747647668052
counter/7/0/0/0,8995:1747647656915:,1747647668052
counter/7/0/0/0,8996:1747647656915:,1747647668052
counter/7/0/0/0,8997:1747647656915:,1747647668052
counter/7/0/0/0,8998:1747647656915:,1747647668052
counter/7/0/0/0,8999:1747647656915:,1747647668052
counter/7/0/0/0,9000:1747647656915:,1747647668052
counter/7/0/0/0,9001:1747647656915:,1747647668052
counter/7/0/0/0,9002:1747647656915:,1747647668052
counter/7/0/0/0,9003:1747647656915:,1747647668053
counter/10/0/0/0,8489:1747647656468:,1747647668053
counter/5/0/0/0,9017:1747647656614:,1747647668054
counter/5/0/0/0,9018:1747647656614:,1747647668054
counter/5/0/0/0,9019:1747647656614:,1747647668054
counter/5/0/0/0,9020:1747647656614:,1747647668054
counter/7/0/0/0,9004:1747647656915:,1747647668054
counter/5/0/0/0,9021:1747647656614:,1747647668054
counter/3/0/0/0,9755:1747647657196:,1747647668056
counter/3/0/0/0,9756:1747647657196:,1747647668056
counter/3/0/0/0,9757:1747647657196:,1747647668056
counter/3/0/0/0,9758:1747647657196:,1747647668056
counter/3/0/0/0,9759:1747647657196:,1747647668056
counter/3/0/0/0,9760:1747647657196:,1747647668056
counter/3/0/0/0,9761:1747647657196:,1747647668057
counter/2/0/0/0,8975:1747647655791:,1747647668057
counter/10/0/0/0,8490:1747647656469:,1747647668058
counter/3/0/0/0,9762:1747647657196:,1747647668059
counter/1/0/0/0,10206:1747647657689:,1747647668059
counter/1/0/0/0,10207:1747647657689:,1747647668059
counter/1/0/0/0,10208:1747647657689:,1747647668059
counter/2/0/0/0,8976:1747647655791:,1747647668059
counter/2/0/0/0,8977:1747647655805:,1747647668059
counter/4/0/0/0,9277:1747647657612:,1747647668060
counter/10/0/0/0,8491:1747647656469:,1747647668061
counter/3/0/0/0,9763:1747647657196:,1747647668061
counter/2/0/0/0,8978:1747647655808:,1747647668061
counter/5/0/0/0,9022:1747647656614:,1747647668061
counter/5/0/0/0,9023:1747647656614:,1747647668061
counter/6/0/0/0,8481:1747647656893:,1747647668061
counter/5/0/0/0,9024:1747647656614:,1747647668061
counter/9/0/0/0,9588:1747647656740:,1747647668061
counter/9/0/0/0,9589:1747647656741:,1747647668061
counter/1/0/0/0,10209:1747647657689:,1747647668062
counter/9/0/0/0,9590:1747647656741:,1747647668062
counter/1/0/0/0,10210:1747647657689:,1747647668063
counter/1/0/0/0,10211:1747647657689:,1747647668063
counter/1/0/0/0,10212:1747647657689:,1747647668063
counter/4/0/0/0,9278:1747647657612:,1747647668064
counter/4/0/0/0,9279:1747647657612:,1747647668064
counter/4/0/0/0,9280:1747647657612:,1747647668064
counter/4/0/0/0,9281:1747647657612:,1747647668064
counter/4/0/0/0,9282:1747647657612:,1747647668064
counter/4/0/0/0,9283:1747647657612:,1747647668064
counter/4/0/0/0,9284:1747647657612:,1747647668064
counter/4/0/0/0,9285:1747647657612:,1747647668064
counter/4/0/0/0,9286:1747647657612:,1747647668064
counter/4/0/0/0,9287:1747647657612:,1747647668065
counter/4/0/0/0,9288:1747647657612:,1747647668065
counter/4/0/0/0,9289:1747647657612:,1747647668065
counter/4/0/0/0,9290:1747647657612:,1747647668065
counter/4/0/0/0,9291:1747647657612:,1747647668065
counter/4/0/0/0,9292:1747647657612:,1747647668065
counter/4/0/0/0,9293:1747647657612:,1747647668065
counter/5/0/0/0,9025:1747647656614:,1747647668065
counter/5/0/0/0,9026:1747647656614:,1747647668065
counter/1/0/0/0,10213:1747647657689:,1747647668065
counter/5/0/0/0,9027:1747647656614:,1747647668065
counter/2/0/0/0,8979:1747647655808:,1747647668065
counter/8/0/0/0,9300:1747647656432:,1747647668065
counter/10/0/0/0,8492:1747647656469:,1747647668065
counter/8/0/0/0,9301:1747647656432:,1747647668066
counter/2/0/0/0,8980:1747647655812:,1747647668066
counter/6/0/0/0,8482:1747647656893:,1747647668067
counter/6/0/0/0,8483:1747647656893:,1747647668067
counter/6/0/0/0,8484:1747647656893:,1747647668067
counter/6/0/0/0,8485:1747647656893:,1747647668067
counter/6/0/0/0,8486:1747647656893:,1747647668067
counter/6/0/0/0,8487:1747647656893:,1747647668067
counter/6/0/0/0,8488:1747647656893:,1747647668067
counter/6/0/0/0,8489:1747647656893:,1747647668067
counter/6/0/0/0,8490:1747647656893:,1747647668067
counter/6/0/0/0,8491:1747647656894:,1747647668067
counter/6/0/0/0,8492:1747647656894:,1747647668067
counter/6/0/0/0,8493:1747647656894:,1747647668067
counter/6/0/0/0,8494:1747647656894:,1747647668067
counter/1/0/0/0,10214:1747647657689:,1747647668067
counter/7/0/0/0,9005:1747647656915:,1747647668067
counter/7/0/0/0,9006:1747647656915:,1747647668067
counter/7/0/0/0,9007:1747647656916:,1747647668067
counter/8/0/0/0,9302:1747647656432:,1747647668067
counter/2/0/0/0,8981:1747647655812:,1747647668067
counter/3/0/0/0,9764:1747647657210:,1747647668067
counter/3/0/0/0,9765:1747647657210:,1747647668067
counter/3/0/0/0,9766:1747647657214:,1747647668068
counter/6/0/0/0,8495:1747647656894:,1747647668068
counter/6/0/0/0,8496:1747647656894:,1747647668068
counter/6/0/0/0,8497:1747647656894:,1747647668068
counter/6/0/0/0,8498:1747647656894:,1747647668068
counter/6/0/0/0,8499:1747647656894:,1747647668068
counter/6/0/0/0,8500:1747647656894:,1747647668068
counter/6/0/0/0,8501:1747647656894:,1747647668068
counter/9/0/0/0,9591:1747647656741:,1747647668068
counter/1/0/0/0,10215:1747647657689:,1747647668068
counter/9/0/0/0,9592:1747647656741:,1747647668068
counter/1/0/0/0,10216:1747647657689:,1747647668068
counter/5/0/0/0,9028:1747647656614:,1747647668068
counter/7/0/0/0,9008:1747647656916:,1747647668068
counter/8/0/0/0,9303:1747647656432:,1747647668068
counter/10/0/0/0,8493:1747647656469:,1747647668068
counter/8/0/0/0,9304:1747647656433:,1747647668068
counter/8/0/0/0,9305:1747647656433:,1747647668068
counter/8/0/0/0,9306:1747647656433:,1747647668068
counter/4/0/0/0,9294:1747647657612:,1747647668068
counter/4/0/0/0,9295:1747647657613:,1747647668069
counter/4/0/0/0,9296:1747647657613:,1747647668069
counter/4/0/0/0,9297:1747647657613:,1747647668069
counter/4/0/0/0,9298:1747647657613:,1747647668069
counter/9/0/0/0,9593:1747647656741:,1747647668069
counter/9/0/0/0,9594:1747647656741:,1747647668069
counter/2/0/0/0,8982:1747647655819:,1747647668070
counter/10/0/0/0,8494:1747647656469:,1747647668070
counter/3/0/0/0,9767:1747647657214:,1747647668070
counter/10/0/0/0,8495:1747647656470:,1747647668070
counter/3/0/0/0,9768:1747647657214:,1747647668070
counter/8/0/0/0,9307:1747647656434:,1747647668070
counter/1/0/0/0,10217:1747647657689:,1747647668070
counter/1/0/0/0,10218:1747647657690:,1747647668070
counter/1/0/0/0,10219:1747647657690:,1747647668071
counter/8/0/0/0,9308:1747647656434:,1747647668072
counter/1/0/0/0,10220:1747647657690:,1747647668073
counter/5/0/0/0,9029:1747647656614:,1747647668073
counter/10/0/0/0,8496:1747647656470:,1747647668073
counter/9/0/0/0,9595:1747647656741:,1747647668074
counter/7/0/0/0,9009:1747647656923:,1747647668074
counter/5/0/0/0,9030:1747647656614:,1747647668074
counter/5/0/0/0,9031:1747647656614:,1747647668074
counter/5/0/0/0,9032:1747647656614:,1747647668074
counter/3/0/0/0,9769:1747647657214:,1747647668074
counter/4/0/0/0,9299:1747647657613:,1747647668074
counter/6/0/0/0,8502:1747647656894:,1747647668074
counter/4/0/0/0,9300:1747647657614:,1747647668074
counter/8/0/0/0,9309:1747647656434:,1747647668074
counter/1/0/0/0,10221:1747647657690:,1747647668075
counter/1/0/0/0,10222:1747647657690:,1747647668075
counter/8/0/0/0,9310:1747647656434:,1747647668075
counter/7/0/0/0,9010:1747647656923:,1747647668076
counter/2/0/0/0,8983:1747647655820:,1747647668076
counter/3/0/0/0,9770:1747647657214:,1747647668076
counter/6/0/0/0,8503:1747647656894:,1747647668076
counter/2/0/0/0,8984:1747647655820:,1747647668076
counter/4/0/0/0,9301:1747647657614:,1747647668076
counter/2/0/0/0,8985:1747647655820:,1747647668076
counter/1/0/0/0,10223:1747647657690:,1747647668076
counter/1/0/0/0,10224:1747647657690:,1747647668076
counter/1/0/0/0,10225:1747647657691:,1747647668076
counter/1/0/0/0,10226:1747647657691:,1747647668076
counter/8/0/0/0,9311:1747647656434:,1747647668077
counter/9/0/0/0,9596:1747647656741:,1747647668077
counter/3/0/0/0,9771:1747647657214:,1747647668078
counter/10/0/0/0,8497:1747647656470:,1747647668078
counter/7/0/0/0,9011:1747647656924:,1747647668078
counter/3/0/0/0,9772:1747647657214:,1747647668079
counter/8/0/0/0,9312:1747647656434:,1747647668080
counter/9/0/0/0,9597:1747647656743:,1747647668080
counter/6/0/0/0,8504:1747647656894:,1747647668080
counter/6/0/0/0,8505:1747647656894:,1747647668080
counter/6/0/0/0,8506:1747647656894:,1747647668080
counter/6/0/0/0,8507:1747647656894:,1747647668080
counter/6/0/0/0,8508:1747647656894:,1747647668080
counter/6/0/0/0,8509:1747647656894:,1747647668080
counter/7/0/0/0,9012:1747647656924:,1747647668084
counter/7/0/0/0,9013:1747647656924:,1747647668084
counter/1/0/0/0,10227:1747647657691:,1747647668084
counter/1/0/0/0,10228:1747647657691:,1747647668084
counter/10/0/0/0,8498:1747647656470:,1747647668085
counter/1/0/0/0,10229:1747647657691:,1747647668085
counter/10/0/0/0,8499:1747647656470:,1747647668085
counter/8/0/0/0,9313:1747647656434:,1747647668085
counter/8/0/0/0,9314:1747647656434:,1747647668085
counter/8/0/0/0,9315:1747647656434:,1747647668085
counter/8/0/0/0,9316:1747647656434:,1747647668085
counter/8/0/0/0,9317:1747647656434:,1747647668086
counter/8/0/0/0,9318:1747647656434:,1747647668086
counter/9/0/0/0,9598:1747647656744:,1747647668087
counter/9/0/0/0,9599:1747647656744:,1747647668087
counter/8/0/0/0,9319:1747647656434:,1747647668087
counter/9/0/0/0,9600:1747647656744:,1747647668087
counter/9/0/0/0,9601:1747647656744:,1747647668087
counter/9/0/0/0,9602:1747647656744:,1747647668087
counter/4/0/0/0,9302:1747647657614:,1747647668087
counter/9/0/0/0,9603:1747647656746:,1747647668089
counter/9/0/0/0,9604:1747647656746:,1747647668089
counter/1/0/0/0,10230:1747647657691:,1747647668090
counter/1/0/0/0,10231:1747647657691:,1747647668090
counter/1/0/0/0,10232:1747647657691:,1747647668090
counter/3/0/0/0,9773:1747647657222:,1747647668090
counter/3/0/0/0,9774:1747647657226:,1747647668090
counter/3/0/0/0,9775:1747647657226:,1747647668090
counter/3/0/0/0,9776:1747647657226:,1747647668090
counter/3/0/0/0,9777:1747647657226:,1747647668090
counter/3/0/0/0,9778:1747647657226:,1747647668090
counter/8/0/0/0,9320:1747647656434:,1747647668090
counter/3/0/0/0,9779:1747647657226:,1747647668091
counter/3/0/0/0,9780:1747647657226:,1747647668091
counter/3/0/0/0,9781:1747647657227:,1747647668091
counter/3/0/0/0,9782:1747647657227:,1747647668091
counter/3/0/0/0,9783:1747647657227:,1747647668091
counter/3/0/0/0,9784:1747647657227:,1747647668091
counter/3/0/0/0,9785:1747647657228:,1747647668091
counter/3/0/0/0,9786:1747647657228:,1747647668091
counter/3/0/0/0,9787:1747647657228:,1747647668091
counter/3/0/0/0,9788:1747647657228:,1747647668091
counter/9/0/0/0,9605:1747647656746:,1747647668092
counter/8/0/0/0,9321:1747647656434:,1747647668092
counter/5/0/0/0,9033:1747647656615:,1747647668092
counter/8/0/0/0,9322:1747647656434:,1747647668092
counter/8/0/0/0,9323:1747647656435:,1747647668092
counter/8/0/0/0,9324:1747647656435:,1747647668092
counter/8/0/0/0,9325:1747647656435:,1747647668092
counter/8/0/0/0,9326:1747647656435:,1747647668092
counter/8/0/0/0,9327:1747647656435:,1747647668092
counter/10/0/0/0,8500:1747647656470:,1747647668092
counter/4/0/0/0,9303:1747647657614:,1747647668092
counter/4/0/0/0,9304:1747647657614:,1747647668093
counter/4/0/0/0,9305:1747647657618:,1747647668093
counter/4/0/0/0,9306:1747647657618:,1747647668093
counter/4/0/0/0,9307:1747647657618:,1747647668093
counter/3/0/0/0,9789:1747647657228:,1747647668094
counter/3/0/0/0,9790:1747647657228:,1747647668095
counter/3/0/0/0,9791:1747647657231:,1747647668096
counter/3/0/0/0,9792:1747647657231:,1747647668096
counter/8/0/0/0,9328:1747647656435:,1747647668096
counter/4/0/0/0,9308:1747647657618:,1747647668096
counter/4/0/0/0,9309:1747647657642:,1747647668096
counter/4/0/0/0,9310:1747647657642:,1747647668096
counter/4/0/0/0,9311:1747647657651:,1747647668096
counter/4/0/0/0,9312:1747647657651:,1747647668096
counter/4/0/0/0,9313:1747647657662:,1747647668096
counter/4/0/0/0,9314:1747647657662:,1747647668096
counter/4/0/0/0,9315:1747647657662:,1747647668097
counter/4/0/0/0,9316:1747647657662:,1747647668097
counter/1/0/0/0,10233:1747647657691:,1747647668097
counter/7/0/0/0,9014:1747647656924:,1747647668098
counter/4/0/0/0,9317:1747647657662:,1747647668098
counter/7/0/0/0,9015:1747647656924:,1747647668098
counter/4/0/0/0,9318:1747647657662:,1747647668098
counter/4/0/0/0,9319:1747647657662:,1747647668098
counter/4/0/0/0,9320:1747647657663:,1747647668098
counter/4/0/0/0,9321:1747647657670:,1747647668098
counter/4/0/0/0,9322:1747647657670:,1747647668098
counter/4/0/0/0,9323:1747647657671:,1747647668098
counter/4/0/0/0,9324:1747647657671:,1747647668098
counter/8/0/0/0,9329:1747647656435:,1747647668098
counter/2/0/0/0,8986:1747647655820:,1747647668099
counter/5/0/0/0,9034:1747647656615:,1747647668100
counter/1/0/0/0,10234:1747647657691:,1747647668100
counter/9/0/0/0,9606:1747647656746:,1747647668100
counter/2/0/0/0,8987:1747647655820:,1747647668100
counter/10/0/0/0,8501:1747647656470:,1747647668102
counter/4/0/0/0,9325:1747647657694:,1747647668102
counter/10/0/0/0,8502:1747647656470:,1747647668102
counter/10/0/0/0,8503:1747647656470:,1747647668102
counter/10/0/0/0,8504:1747647656470:,1747647668102
counter/10/0/0/0,8505:1747647656477:,1747647668102
counter/10/0/0/0,8506:1747647656478:,1747647668102
counter/8/0/0/0,9330:1747647656435:,1747647668102
counter/1/0/0/0,10235:1747647657691:,1747647668103
counter/2/0/0/0,8988:1747647655820:,1747647668103
counter/9/0/0/0,9607:1747647656746:,1747647668103
counter/9/0/0/0,9608:1747647656746:,1747647668103
counter/9/0/0/0,9609:1747647656746:,1747647668103
counter/9/0/0/0,9610:1747647656746:,1747647668103
counter/9/0/0/0,9611:1747647656746:,1747647668103
counter/9/0/0/0,9612:1747647656746:,1747647668103
counter/9/0/0/0,9613:1747647656746:,1747647668103
counter/9/0/0/0,9614:1747647656746:,1747647668103
counter/9/0/0/0,9615:1747647656752:,1747647668103
counter/9/0/0/0,9616:1747647656752:,1747647668103
counter/9/0/0/0,9617:1747647656752:,1747647668103
counter/9/0/0/0,9618:1747647656752:,1747647668103
counter/7/0/0/0,9016:1747647656924:,1747647668103
counter/9/0/0/0,9619:1747647656752:,1747647668104
counter/9/0/0/0,9620:1747647656752:,1747647668104
counter/9/0/0/0,9621:1747647656752:,1747647668104
counter/9/0/0/0,9622:1747647656752:,1747647668104
counter/9/0/0/0,9623:1747647656752:,1747647668104
counter/9/0/0/0,9624:1747647656752:,1747647668104
counter/6/0/0/0,8510:1747647656894:,1747647668104
counter/7/0/0/0,9017:1747647656928:,1747647668104
counter/8/0/0/0,9331:1747647656440:,1747647668105
counter/8/0/0/0,9332:1747647656444:,1747647668105
counter/6/0/0/0,8511:1747647656894:,1747647668105
counter/7/0/0/0,9018:1747647656941:,1747647668105
counter/2/0/0/0,8989:1747647655820:,1747647668106
counter/4/0/0/0,9326:1747647657694:,1747647668106
counter/4/0/0/0,9327:1747647657694:,1747647668106
counter/4/0/0/0,9328:1747647657694:,1747647668106
counter/4/0/0/0,9329:1747647657694:,1747647668106
counter/4/0/0/0,9330:1747647657694:,1747647668106
counter/4/0/0/0,9331:1747647657694:,1747647668106
counter/4/0/0/0,9332:1747647657695:,1747647668106
counter/4/0/0/0,9333:1747647657695:,1747647668106
counter/4/0/0/0,9334:1747647657695:,1747647668106
counter/4/0/0/0,9335:1747647657695:,1747647668107
counter/8/0/0/0,9333:1747647656445:,1747647668107
counter/8/0/0/0,9334:1747647656445:,1747647668107
counter/8/0/0/0,9335:1747647656445:,1747647668107
counter/4/0/0/0,9336:1747647657700:,1747647668108
counter/4/0/0/0,9337:1747647657700:,1747647668108
counter/8/0/0/0,9336:1747647656445:,1747647668108
counter/1/0/0/0,10236:1747647657691:,1747647668108
counter/2/0/0/0,8990:1747647655820:,1747647668108
counter/2/0/0/0,8991:1747647655820:,1747647668108
counter/1/0/0/0,10237:1747647657691:,1747647668109
counter/8/0/0/0,9337:1747647656446:,1747647668109
counter/9/0/0/0,9625:1747647656752:,1747647668111
counter/8/0/0/0,9338:1747647656453:,1747647668112
counter/3/0/0/0,9793:1747647657232:,1747647668112
counter/3/0/0/0,9794:1747647657232:,1747647668112
counter/3/0/0/0,9795:1747647657232:,1747647668112
counter/3/0/0/0,9796:1747647657232:,1747647668113
counter/3/0/0/0,9797:1747647657232:,1747647668113
counter/3/0/0/0,9798:1747647657232:,1747647668113
counter/3/0/0/0,9799:1747647657232:,1747647668113
counter/3/0/0/0,9800:1747647657232:,1747647668113
counter/3/0/0/0,9801:1747647657232:,1747647668113
counter/2/0/0/0,8992:1747647655820:,1747647668113
counter/2/0/0/0,8993:1747647655820:,1747647668113
counter/2/0/0/0,8994:1747647655820:,1747647668113
counter/2/0/0/0,8995:1747647655820:,1747647668113
counter/2/0/0/0,8996:1747647655820:,1747647668113
counter/2/0/0/0,8997:1747647655820:,1747647668113
counter/10/0/0/0,8507:1747647656478:,1747647668113
counter/5/0/0/0,9035:1747647656615:,1747647668114
counter/2/0/0/0,8998:1747647655820:,1747647668115
counter/9/0/0/0,9626:1747647656752:,1747647668116
counter/9/0/0/0,9627:1747647656752:,1747647668117
counter/5/0/0/0,9036:1747647656615:,1747647668117
counter/7/0/0/0,9019:1747647656941:,1747647668117
counter/7/0/0/0,9020:1747647656941:,1747647668117
counter/7/0/0/0,9021:1747647656941:,1747647668118
counter/8/0/0/0,9339:1747647656453:,1747647668118
counter/2/0/0/0,8999:1747647655820:,1747647668118
counter/4/0/0/0,9338:1747647657700:,1747647668119
counter/2/0/0/0,9000:1747647655820:,1747647668119
counter/8/0/0/0,9340:1747647656453:,1747647668120
counter/8/0/0/0,9341:1747647656453:,1747647668120
counter/8/0/0/0,9342:1747647656453:,1747647668120
counter/8/0/0/0,9343:1747647656453:,1747647668120
counter/4/0/0/0,9339:1747647657700:,1747647668121
counter/8/0/0/0,9344:1747647656453:,1747647668122
counter/5/0/0/0,9037:1747647656615:,1747647668122
counter/8/0/0/0,9345:1747647656453:,1747647668122
counter/5/0/0/0,9038:1747647656615:,1747647668122
counter/8/0/0/0,9346:1747647656453:,1747647668122
counter/7/0/0/0,9022:1747647656941:,1747647668122
counter/8/0/0/0,9347:1747647656453:,1747647668122
counter/5/0/0/0,9039:1747647656615:,1747647668124
counter/9/0/0/0,9628:1747647656752:,1747647668124
counter/9/0/0/0,9629:1747647656752:,1747647668124
counter/9/0/0/0,9630:1747647656752:,1747647668124
counter/9/0/0/0,9631:1747647656752:,1747647668124
counter/9/0/0/0,9632:1747647656752:,1747647668124
counter/9/0/0/0,9633:1747647656752:,1747647668124
counter/9/0/0/0,9634:1747647656759:,1747647668124
counter/3/0/0/0,9802:1747647657232:,1747647668124
counter/7/0/0/0,9023:1747647656941:,1747647668124
counter/10/0/0/0,8508:1747647656483:,1747647668125
counter/5/0/0/0,9040:1747647656615:,1747647668125
counter/5/0/0/0,9041:1747647656615:,1747647668125
counter/5/0/0/0,9042:1747647656615:,1747647668125
counter/5/0/0/0,9043:1747647656615:,1747647668125
counter/1/0/0/0,10238:1747647657691:,1747647668125
counter/4/0/0/0,9340:1747647657700:,1747647668125
counter/2/0/0/0,9001:1747647655820:,1747647668126
counter/2/0/0/0,9002:1747647655820:,1747647668126
counter/2/0/0/0,9003:1747647655820:,1747647668126
counter/2/0/0/0,9004:1747647655822:,1747647668126
counter/2/0/0/0,9005:1747647655822:,1747647668126
counter/2/0/0/0,9006:1747647655822:,1747647668126
counter/2/0/0/0,9007:1747647655822:,1747647668126
counter/2/0/0/0,9008:1747647655822:,1747647668126
counter/2/0/0/0,9009:1747647655822:,1747647668126
counter/2/0/0/0,9010:1747647655822:,1747647668126
counter/10/0/0/0,8509:1747647656483:,1747647668127
counter/5/0/0/0,9044:1747647656615:,1747647668127
counter/4/0/0/0,9341:1747647657700:,1747647668128
counter/4/0/0/0,9342:1747647657700:,1747647668130
counter/9/0/0/0,9635:1747647656759:,1747647668133
counter/4/0/0/0,9343:1747647657715:,1747647668133
counter/4/0/0/0,9344:1747647657715:,1747647668133
counter/5/0/0/0,9045:1747647656615:,1747647668134
counter/6/0/0/0,8512:1747647656894:,1747647668134
counter/6/0/0/0,8513:1747647656894:,1747647668134
counter/6/0/0/0,8514:1747647656894:,1747647668134
counter/6/0/0/0,8515:1747647656894:,1747647668134
counter/6/0/0/0,8516:1747647656894:,1747647668134
counter/2/0/0/0,9011:1747647655822:,1747647668135
counter/1/0/0/0,10239:1747647657696:,1747647668135
counter/7/0/0/0,9024:1747647656941:,1747647668135
counter/7/0/0/0,9025:1747647656942:,1747647668135
counter/9/0/0/0,9636:1747647656759:,1747647668135
counter/9/0/0/0,9637:1747647656759:,1747647668135
counter/9/0/0/0,9638:1747647656759:,1747647668135
counter/6/0/0/0,8517:1747647656894:,1747647668135
counter/6/0/0/0,8518:1747647656898:,1747647668136
counter/6/0/0/0,8519:1747647656898:,1747647668136
counter/6/0/0/0,8520:1747647656898:,1747647668136
counter/6/0/0/0,8521:1747647656899:,1747647668136
counter/6/0/0/0,8522:1747647656899:,1747647668136
counter/6/0/0/0,8523:1747647656899:,1747647668137
counter/2/0/0/0,9012:1747647655825:,1747647668140
counter/9/0/0/0,9639:1747647656759:,1747647668140
counter/9/0/0/0,9640:1747647656771:,1747647668140
counter/9/0/0/0,9641:1747647656772:,1747647668140
counter/9/0/0/0,9642:1747647656772:,1747647668141
counter/9/0/0/0,9643:1747647656772:,1747647668141
counter/9/0/0/0,9644:1747647656772:,1747647668141
counter/9/0/0/0,9645:1747647656772:,1747647668141
counter/9/0/0/0,9646:1747647656772:,1747647668141
counter/4/0/0/0,9345:1747647657715:,1747647668143
counter/5/0/0/0,9046:1747647656616:,1747647668143
counter/5/0/0/0,9047:1747647656616:,1747647668143
counter/7/0/0/0,9026:1747647656943:,1747647668144
counter/5/0/0/0,9048:1747647656616:,1747647668144
counter/5/0/0/0,9049:1747647656616:,1747647668144
counter/5/0/0/0,9050:1747647656616:,1747647668144
counter/5/0/0/0,9051:1747647656616:,1747647668144
counter/5/0/0/0,9052:1747647656616:,1747647668144
counter/5/0/0/0,9053:1747647656616:,1747647668144
counter/5/0/0/0,9054:1747647656616:,1747647668144
counter/5/0/0/0,9055:1747647656616:,1747647668144
counter/5/0/0/0,9056:1747647656616:,1747647668144
counter/5/0/0/0,9057:1747647656616:,1747647668144
counter/2/0/0/0,9013:1747647655825:,1747647668144
counter/9/0/0/0,9647:1747647656772:,1747647668146
counter/9/0/0/0,9648:1747647656772:,1747647668146
counter/9/0/0/0,9649:1747647656772:,1747647668146
counter/9/0/0/0,9650:1747647656772:,1747647668146
counter/9/0/0/0,9651:1747647656772:,1747647668146
counter/9/0/0/0,9652:1747647656772:,1747647668146
counter/9/0/0/0,9653:1747647656791:,1747647668146
counter/9/0/0/0,9654:1747647656791:,1747647668146
counter/10/0/0/0,8510:1747647656483:,1747647668146
counter/10/0/0/0,8511:1747647656483:,1747647668147
counter/7/0/0/0,9027:1747647656943:,1747647668147
counter/9/0/0/0,9655:1747647656791:,1747647668147
counter/10/0/0/0,8512:1747647656483:,1747647668147
counter/5/0/0/0,9058:1747647656616:,1747647668149
counter/5/0/0/0,9059:1747647656616:,1747647668149
counter/10/0/0/0,8513:1747647656499:,1747647668149
counter/4/0/0/0,9346:1747647657715:,1747647668149
counter/3/0/0/0,9803:1747647657234:,1747647668149
counter/4/0/0/0,9347:1747647657715:,1747647668149
counter/1/0/0/0,10240:1747647657696:,1747647668150
counter/6/0/0/0,8524:1747647656899:,1747647668150
counter/4/0/0/0,9348:1747647657715:,1747647668151
counter/3/0/0/0,9804:1747647657234:,1747647668151
counter/7/0/0/0,9028:1747647656943:,1747647668152
counter/2/0/0/0,9014:1747647655825:,1747647668152
counter/2/0/0/0,9015:1747647655825:,1747647668152
counter/2/0/0/0,9016:1747647655825:,1747647668152
counter/2/0/0/0,9017:1747647655825:,1747647668152
counter/9/0/0/0,9656:1747647656791:,1747647668153
counter/1/0/0/0,10241:1747647657696:,1747647668154
counter/1/0/0/0,10242:1747647657696:,1747647668154
counter/1/0/0/0,10243:1747647657696:,1747647668155
counter/1/0/0/0,10244:1747647657696:,1747647668155
counter/1/0/0/0,10245:1747647657696:,1747647668155
counter/1/0/0/0,10246:1747647657696:,1747647668155
counter/1/0/0/0,10247:1747647657696:,1747647668155
counter/9/0/0/0,9657:1747647656791:,1747647668155
counter/1/0/0/0,10248:1747647657696:,1747647668155
counter/1/0/0/0,10249:1747647657696:,1747647668155
counter/2/0/0/0,9018:1747647655825:,1747647668155
counter/7/0/0/0,9029:1747647656943:,1747647668158
counter/7/0/0/0,9030:1747647656943:,1747647668158
counter/7/0/0/0,9031:1747647656943:,1747647668158
counter/7/0/0/0,9032:1747647656943:,1747647668158
counter/1/0/0/0,10250:1747647657696:,1747647668159
counter/1/0/0/0,10251:1747647657696:,1747647668159
counter/1/0/0/0,10252:1747647657696:,1747647668159
counter/1/0/0/0,10253:1747647657696:,1747647668159
counter/1/0/0/0,10254:1747647657697:,1747647668159
counter/1/0/0/0,10255:1747647657697:,1747647668159
counter/4/0/0/0,9349:1747647657715:,1747647668159
counter/1/0/0/0,10256:1747647657697:,1747647668159
counter/5/0/0/0,9060:1747647656616:,1747647668159
counter/5/0/0/0,9061:1747647656616:,1747647668159
counter/5/0/0/0,9062:1747647656616:,1747647668159
counter/5/0/0/0,9063:1747647656616:,1747647668159
counter/5/0/0/0,9064:1747647656616:,1747647668160
counter/5/0/0/0,9065:1747647656616:,1747647668160
counter/5/0/0/0,9066:1747647656616:,1747647668160
counter/5/0/0/0,9067:1747647656616:,1747647668160
counter/1/0/0/0,10257:1747647657697:,1747647668160
counter/1/0/0/0,10258:1747647657705:,1747647668160
counter/8/0/0/0,9348:1747647656457:,1747647668160
counter/10/0/0/0,8514:1747647656500:,1747647668161
counter/10/0/0/0,8515:1747647656515:,1747647668161
counter/10/0/0/0,8516:1747647656515:,1747647668161
counter/2/0/0/0,9019:1747647655825:,1747647668161
counter/2/0/0/0,9020:1747647655825:,1747647668161
counter/2/0/0/0,9021:1747647655825:,1747647668161
counter/2/0/0/0,9022:1747647655825:,1747647668161
counter/2/0/0/0,9023:1747647655825:,1747647668161
counter/2/0/0/0,9024:1747647655825:,1747647668161
counter/2/0/0/0,9025:1747647655825:,1747647668162
counter/9/0/0/0,9658:1747647656793:,1747647668162
counter/1/0/0/0,10259:1747647657705:,1747647668162
counter/1/0/0/0,10260:1747647657705:,1747647668162
counter/1/0/0/0,10261:1747647657705:,1747647668162
counter/1/0/0/0,10262:1747647657705:,1747647668162
counter/1/0/0/0,10263:1747647657705:,1747647668162
counter/5/0/0/0,9068:1747647656616:,1747647668162
counter/5/0/0/0,9069:1747647656616:,1747647668162
counter/5/0/0/0,9070:1747647656616:,1747647668162
counter/5/0/0/0,9071:1747647656616:,1747647668163
counter/5/0/0/0,9072:1747647656616:,1747647668163
counter/5/0/0/0,9073:1747647656616:,1747647668163
counter/5/0/0/0,9074:1747647656616:,1747647668163
counter/5/0/0/0,9075:1747647656616:,1747647668163
counter/5/0/0/0,9076:1747647656616:,1747647668163
counter/5/0/0/0,9077:1747647656617:,1747647668163
counter/2/0/0/0,9026:1747647655825:,1747647668163
counter/3/0/0/0,9805:1747647657235:,1747647668163
counter/3/0/0/0,9806:1747647657235:,1747647668163
counter/3/0/0/0,9807:1747647657235:,1747647668163
counter/6/0/0/0,8525:1747647656899:,1747647668163
counter/8/0/0/0,9349:1747647656457:,1747647668163
counter/5/0/0/0,9078:1747647656621:,1747647668164
counter/8/0/0/0,9350:1747647656457:,1747647668164
counter/8/0/0/0,9351:1747647656457:,1747647668164
counter/7/0/0/0,9033:1747647656943:,1747647668165
counter/7/0/0/0,9034:1747647656943:,1747647668165
counter/7/0/0/0,9035:1747647656943:,1747647668165
counter/7/0/0/0,9036:1747647656943:,1747647668165
counter/7/0/0/0,9037:1747647656943:,1747647668165
counter/7/0/0/0,9038:1747647656943:,1747647668166
counter/7/0/0/0,9039:1747647656943:,1747647668166
counter/10/0/0/0,8517:1747647656515:,1747647668166
counter/10/0/0/0,8518:1747647656515:,1747647668166
counter/10/0/0/0,8519:1747647656515:,1747647668166
counter/7/0/0/0,9040:1747647656950:,1747647668167
counter/7/0/0/0,9041:1747647656950:,1747647668167
counter/1/0/0/0,10264:1747647657708:,1747647668167
counter/5/0/0/0,9079:1747647656621:,1747647668168
counter/6/0/0/0,8526:1747647656901:,1747647668168
counter/4/0/0/0,9350:1747647657715:,1747647668168
counter/1/0/0/0,10265:1747647657708:,1747647668168
counter/8/0/0/0,9352:1747647656457:,1747647668170
counter/8/0/0/0,9353:1747647656457:,1747647668170
counter/10/0/0/0,8520:1747647656515:,1747647668170
counter/3/0/0/0,9808:1747647657235:,1747647668172
counter/3/0/0/0,9809:1747647657235:,1747647668172
counter/3/0/0/0,9810:1747647657235:,1747647668172
counter/3/0/0/0,9811:1747647657238:,1747647668172
counter/3/0/0/0,9812:1747647657238:,1747647668172
counter/3/0/0/0,9813:1747647657238:,1747647668172
counter/3/0/0/0,9814:1747647657238:,1747647668172
counter/3/0/0/0,9815:1747647657238:,1747647668172
counter/3/0/0/0,9816:1747647657243:,1747647668172
counter/2/0/0/0,9027:1747647655825:,1747647668173
counter/9/0/0/0,9659:1747647656793:,1747647668173
counter/9/0/0/0,9660:1747647656793:,1747647668173
counter/9/0/0/0,9661:1747647656793:,1747647668173
counter/9/0/0/0,9662:1747647656793:,1747647668173
counter/9/0/0/0,9663:1747647656793:,1747647668173
counter/9/0/0/0,9664:1747647656793:,1747647668173
counter/9/0/0/0,9665:1747647656793:,1747647668173
counter/9/0/0/0,9666:1747647656793:,1747647668173
counter/9/0/0/0,9667:1747647656793:,1747647668173
counter/6/0/0/0,8527:1747647656901:,1747647668173
counter/6/0/0/0,8528:1747647656901:,1747647668173
counter/6/0/0/0,8529:1747647656903:,1747647668173
counter/6/0/0/0,8530:1747647656903:,1747647668173
counter/6/0/0/0,8531:1747647656903:,1747647668173
counter/7/0/0/0,9042:1747647656950:,1747647668173
counter/6/0/0/0,8532:1747647656911:,1747647668175
counter/4/0/0/0,9351:1747647657715:,1747647668175
counter/4/0/0/0,9352:1747647657715:,1747647668175
counter/4/0/0/0,9353:1747647657715:,1747647668175
counter/4/0/0/0,9354:1747647657716:,1747647668175
counter/3/0/0/0,9817:1747647657243:,1747647668175
counter/10/0/0/0,8521:1747647656515:,1747647668176
counter/3/0/0/0,9818:1747647657243:,1747647668176
counter/10/0/0/0,8522:1747647656515:,1747647668177
counter/3/0/0/0,9819:1747647657243:,1747647668177
counter/3/0/0/0,9820:1747647657243:,1747647668177
counter/3/0/0/0,9821:1747647657243:,1747647668177
counter/3/0/0/0,9822:1747647657243:,1747647668177
counter/3/0/0/0,9823:1747647657243:,1747647668177
counter/3/0/0/0,9824:1747647657243:,1747647668177
counter/6/0/0/0,8533:1747647656911:,1747647668177
counter/3/0/0/0,9825:1747647657243:,1747647668177
counter/3/0/0/0,9826:1747647657243:,1747647668177
counter/3/0/0/0,9827:1747647657243:,1747647668177
counter/4/0/0/0,9355:1747647657716:,1747647668177
counter/2/0/0/0,9028:1747647655826:,1747647668177
counter/9/0/0/0,9668:1747647656793:,1747647668177
counter/2/0/0/0,9029:1747647655826:,1747647668177
counter/9/0/0/0,9669:1747647656793:,1747647668179
counter/9/0/0/0,9670:1747647656793:,1747647668179
counter/9/0/0/0,9671:1747647656793:,1747647668179
counter/10/0/0/0,8523:1747647656515:,1747647668179
counter/8/0/0/0,9354:1747647656457:,1747647668180
counter/8/0/0/0,9355:1747647656457:,1747647668180
counter/8/0/0/0,9356:1747647656457:,1747647668180
counter/2/0/0/0,9030:1747647655826:,1747647668180
counter/8/0/0/0,9357:1747647656457:,1747647668181
counter/8/0/0/0,9358:1747647656457:,1747647668181
counter/8/0/0/0,9359:1747647656457:,1747647668181
counter/8/0/0/0,9360:1747647656457:,1747647668181
counter/4/0/0/0,9356:1747647657716:,1747647668181
counter/9/0/0/0,9672:1747647656793:,1747647668181
counter/4/0/0/0,9357:1747647657716:,1747647668181
counter/4/0/0/0,9358:1747647657716:,1747647668181
counter/4/0/0/0,9359:1747647657723:,1747647668181
counter/4/0/0/0,9360:1747647657723:,1747647668181
counter/3/0/0/0,9828:1747647657246:,1747647668181
counter/3/0/0/0,9829:1747647657246:,1747647668181
counter/3/0/0/0,9830:1747647657246:,1747647668181
counter/3/0/0/0,9831:1747647657246:,1747647668181
counter/3/0/0/0,9832:1747647657246:,1747647668181
counter/3/0/0/0,9833:1747647657246:,1747647668181
counter/3/0/0/0,9834:1747647657246:,1747647668181
counter/3/0/0/0,9835:1747647657246:,1747647668181
counter/3/0/0/0,9836:1747647657252:,1747647668181
counter/3/0/0/0,9837:1747647657252:,1747647668181
counter/9/0/0/0,9673:1747647656794:,1747647668181
counter/9/0/0/0,9674:1747647656794:,1747647668181
counter/9/0/0/0,9675:1747647656794:,1747647668181
counter/9/0/0/0,9676:1747647656794:,1747647668182
counter/9/0/0/0,9677:1747647656794:,1747647668182
counter/7/0/0/0,9043:1747647656950:,1747647668182
counter/5/0/0/0,9080:1747647656621:,1747647668183
counter/1/0/0/0,10266:1747647657709:,1747647668184
counter/8/0/0/0,9361:1747647656457:,1747647668187
counter/9/0/0/0,9678:1747647656794:,1747647668187
counter/9/0/0/0,9679:1747647656794:,1747647668188
counter/9/0/0/0,9680:1747647656794:,1747647668188
counter/9/0/0/0,9681:1747647656794:,1747647668188
counter/9/0/0/0,9682:1747647656794:,1747647668188
counter/9/0/0/0,9683:1747647656794:,1747647668190
counter/9/0/0/0,9684:1747647656794:,1747647668190
counter/9/0/0/0,9685:1747647656794:,1747647668190
counter/9/0/0/0,9686:1747647656794:,1747647668190
counter/9/0/0/0,9687:1747647656794:,1747647668190
counter/9/0/0/0,9688:1747647656794:,1747647668190
counter/9/0/0/0,9689:1747647656794:,1747647668190
counter/9/0/0/0,9690:1747647656794:,1747647668190
counter/9/0/0/0,9691:1747647656794:,1747647668190
counter/9/0/0/0,9692:1747647656794:,1747647668190
counter/6/0/0/0,8534:1747647656911:,1747647668191
counter/6/0/0/0,8535:1747647656911:,1747647668191
counter/6/0/0/0,8536:1747647656911:,1747647668191
counter/7/0/0/0,9044:1747647656950:,1747647668192
counter/3/0/0/0,9838:1747647657252:,1747647668192
counter/3/0/0/0,9839:1747647657252:,1747647668192
counter/3/0/0/0,9840:1747647657252:,1747647668192
counter/3/0/0/0,9841:1747647657253:,1747647668192
counter/3/0/0/0,9842:1747647657482:,1747647668192
counter/3/0/0/0,9843:1747647657488:,1747647668192
counter/6/0/0/0,8537:1747647656911:,1747647668192
counter/10/0/0/0,8524:1747647656515:,1747647668195
counter/10/0/0/0,8525:1747647656515:,1747647668195
counter/10/0/0/0,8526:1747647656518:,1747647668195
counter/10/0/0/0,8527:1747647656520:,1747647668195
counter/10/0/0/0,8528:1747647656537:,1747647668195
counter/10/0/0/0,8529:1747647656537:,1747647668195
counter/1/0/0/0,10267:1747647657709:,1747647668197
counter/10/0/0/0,8530:1747647656537:,1747647668197
counter/6/0/0/0,8538:1747647656921:,1747647668198
counter/10/0/0/0,8531:1747647656537:,1747647668198
counter/8/0/0/0,9362:1747647656457:,1747647668198
counter/5/0/0/0,9081:1747647656621:,1747647668198
counter/7/0/0/0,9045:1747647656950:,1747647668198
counter/2/0/0/0,9031:1747647655826:,1747647668201
counter/2/0/0/0,9032:1747647655826:,1747647668202
counter/2/0/0/0,9033:1747647655826:,1747647668202
counter/2/0/0/0,9034:1747647655826:,1747647668202
counter/2/0/0/0,9035:1747647655826:,1747647668202
counter/2/0/0/0,9036:1747647655826:,1747647668202
counter/2/0/0/0,9037:1747647655826:,1747647668202
counter/2/0/0/0,9038:1747647655826:,1747647668202
counter/2/0/0/0,9039:1747647655826:,1747647668202
counter/2/0/0/0,9040:1747647655826:,1747647668202
counter/3/0/0/0,9844:1747647657489:,1747647668203
counter/4/0/0/0,9361:1747647657723:,1747647668203
counter/4/0/0/0,9362:1747647657724:,1747647668203
counter/4/0/0/0,9363:1747647657724:,1747647668203
counter/4/0/0/0,9364:1747647657724:,1747647668203
counter/4/0/0/0,9365:1747647657724:,1747647668203
counter/10/0/0/0,8532:1747647656537:,1747647668203
counter/10/0/0/0,8533:1747647656537:,1747647668203
counter/8/0/0/0,9363:1747647656459:,1747647668203
counter/8/0/0/0,9364:1747647656459:,1747647668203
counter/6/0/0/0,8539:1747647656924:,1747647668204
counter/6/0/0/0,8540:1747647656924:,1747647668204
counter/6/0/0/0,8541:1747647656951:,1747647668204
counter/6/0/0/0,8542:1747647656951:,1747647668204
counter/4/0/0/0,9366:1747647657724:,1747647668204
counter/2/0/0/0,9041:1747647655826:,1747647668204
counter/9/0/0/0,9693:1747647656794:,1747647668205
counter/9/0/0/0,9694:1747647656794:,1747647668205
counter/9/0/0/0,9695:1747647656794:,1747647668205
counter/9/0/0/0,9696:1747647656794:,1747647668205
counter/9/0/0/0,9697:1747647656794:,1747647668205
counter/9/0/0/0,9698:1747647656794:,1747647668205
counter/9/0/0/0,9699:1747647656794:,1747647668205
counter/9/0/0/0,9700:1747647656794:,1747647668205
counter/9/0/0/0,9701:1747647656794:,1747647668205
counter/3/0/0/0,9845:1747647657489:,1747647668206
counter/3/0/0/0,9846:1747647657489:,1747647668207
counter/7/0/0/0,9046:1747647656950:,1747647668207
counter/7/0/0/0,9047:1747647656950:,1747647668207
counter/9/0/0/0,9702:1747647656794:,1747647668207
counter/4/0/0/0,9367:1747647657724:,1747647668207
counter/2/0/0/0,9042:1747647655826:,1747647668207
counter/4/0/0/0,9368:1747647657724:,1747647668208
counter/4/0/0/0,9369:1747647657725:,1747647668208
counter/4/0/0/0,9370:1747647657725:,1747647668208
counter/4/0/0/0,9371:1747647657725:,1747647668208
counter/4/0/0/0,9372:1747647657725:,1747647668208
counter/2/0/0/0,9043:1747647655826:,1747647668210
counter/5/0/0/0,9082:1747647656621:,1747647668210
counter/7/0/0/0,9048:1747647656950:,1747647668211
counter/5/0/0/0,9083:1747647656621:,1747647668212
counter/5/0/0/0,9084:1747647656621:,1747647668212
counter/5/0/0/0,9085:1747647656621:,1747647668212
counter/5/0/0/0,9086:1747647656622:,1747647668212
counter/5/0/0/0,9087:1747647656622:,1747647668212
counter/5/0/0/0,9088:1747647656622:,1747647668212
counter/5/0/0/0,9089:1747647656622:,1747647668212
counter/5/0/0/0,9090:1747647656629:,1747647668212
counter/5/0/0/0,9091:1747647656629:,1747647668213
counter/5/0/0/0,9092:1747647656629:,1747647668213
counter/5/0/0/0,9093:1747647656629:,1747647668213
counter/5/0/0/0,9094:1747647656629:,1747647668213
counter/6/0/0/0,8543:1747647656951:,1747647668213
counter/9/0/0/0,9703:1747647656794:,1747647668213
counter/7/0/0/0,9049:1747647656950:,1747647668213
counter/9/0/0/0,9704:1747647656794:,1747647668213
counter/7/0/0/0,9050:1747647656950:,1747647668213
counter/7/0/0/0,9051:1747647656950:,1747647668213
counter/7/0/0/0,9052:1747647656950:,1747647668213
counter/7/0/0/0,9053:1747647656950:,1747647668213
counter/7/0/0/0,9054:1747647656950:,1747647668213
counter/7/0/0/0,9055:1747647656950:,1747647668214
counter/2/0/0/0,9044:1747647655827:,1747647668214
counter/7/0/0/0,9056:1747647656951:,1747647668214
counter/2/0/0/0,9045:1747647655831:,1747647668214
counter/2/0/0/0,9046:1747647655831:,1747647668214
counter/2/0/0/0,9047:1747647655831:,1747647668214
counter/2/0/0/0,9048:1747647655831:,1747647668214
counter/2/0/0/0,9049:1747647655831:,1747647668214
counter/5/0/0/0,9095:1747647656629:,1747647668214
counter/4/0/0/0,9373:1747647657725:,1747647668214
counter/1/0/0/0,10268:1747647657709:,1747647668215
counter/3/0/0/0,9847:1747647657489:,1747647668216
counter/3/0/0/0,9848:1747647657489:,1747647668216
counter/8/0/0/0,9365:1747647656459:,1747647668216
counter/3/0/0/0,9849:1747647657491:,1747647668216
counter/3/0/0/0,9850:1747647657491:,1747647668216
counter/3/0/0/0,9851:1747647657491:,1747647668216
counter/3/0/0/0,9852:1747647657491:,1747647668216
counter/3/0/0/0,9853:1747647657491:,1747647668216
counter/6/0/0/0,8544:1747647656951:,1747647668217
counter/10/0/0/0,8534:1747647656537:,1747647668217
counter/4/0/0/0,9374:1747647657725:,1747647668217
counter/5/0/0/0,9096:1747647656630:,1747647668217
counter/7/0/0/0,9057:1747647656951:,1747647668218
counter/5/0/0/0,9097:1747647656630:,1747647668218
counter/5/0/0/0,9098:1747647656630:,1747647668218
counter/5/0/0/0,9099:1747647656630:,1747647668219
counter/5/0/0/0,9100:1747647656630:,1747647668219
counter/5/0/0/0,9101:1747647656630:,1747647668219
counter/5/0/0/0,9102:1747647656639:,1747647668219
counter/5/0/0/0,9103:1747647656639:,1747647668219
counter/5/0/0/0,9104:1747647656639:,1747647668219
counter/5/0/0/0,9105:1747647656639:,1747647668219
counter/5/0/0/0,9106:1747647656639:,1747647668219
counter/5/0/0/0,9107:1747647656639:,1747647668219
counter/8/0/0/0,9366:1747647656459:,1747647668219
counter/9/0/0/0,9705:1747647656794:,1747647668219
counter/2/0/0/0,9050:1747647655831:,1747647668221
counter/7/0/0/0,9058:1747647656951:,1747647668221
counter/4/0/0/0,9375:1747647657725:,1747647668221
counter/4/0/0/0,9376:1747647657725:,1747647668221
counter/4/0/0/0,9377:1747647657753:,1747647668221
counter/5/0/0/0,9108:1747647656639:,1747647668221
counter/10/0/0/0,8535:1747647656537:,1747647668222
counter/10/0/0/0,8536:1747647656537:,1747647668222
counter/10/0/0/0,8537:1747647656551:,1747647668222
counter/10/0/0/0,8538:1747647656551:,1747647668222
counter/10/0/0/0,8539:1747647656551:,1747647668222
counter/10/0/0/0,8540:1747647656551:,1747647668222
counter/10/0/0/0,8541:1747647656551:,1747647668222
counter/10/0/0/0,8542:1747647656551:,1747647668222
counter/10/0/0/0,8543:1747647656558:,1747647668222
counter/10/0/0/0,8544:1747647656558:,1747647668222
counter/10/0/0/0,8545:1747647656558:,1747647668223
counter/7/0/0/0,9059:1747647656951:,1747647668223
counter/3/0/0/0,9854:1747647657491:,1747647668223
counter/3/0/0/0,9855:1747647657491:,1747647668223
counter/9/0/0/0,9706:1747647656794:,1747647668223
counter/10/0/0/0,8546:1747647656558:,1747647668223
counter/10/0/0/0,8547:1747647656566:,1747647668223
counter/9/0/0/0,9707:1747647656794:,1747647668224
counter/9/0/0/0,9708:1747647656794:,1747647668224
counter/9/0/0/0,9709:1747647656794:,1747647668225
counter/9/0/0/0,9710:1747647656794:,1747647668225
counter/9/0/0/0,9711:1747647656795:,1747647668225
counter/9/0/0/0,9712:1747647656795:,1747647668225
counter/10/0/0/0,8548:1747647656566:,1747647668225
counter/10/0/0/0,8549:1747647656566:,1747647668225
counter/10/0/0/0,8550:1747647656566:,1747647668225
counter/10/0/0/0,8551:1747647656566:,1747647668225
counter/10/0/0/0,8552:1747647656566:,1747647668225
counter/10/0/0/0,8553:1747647656576:,1747647668225
counter/5/0/0/0,9109:1747647656640:,1747647668225
counter/9/0/0/0,9713:1747647656800:,1747647668225
counter/4/0/0/0,9378:1747647657753:,1747647668226
counter/10/0/0/0,8554:1747647656576:,1747647668227
counter/4/0/0/0,9379:1747647657753:,1747647668227
counter/4/0/0/0,9380:1747647657758:,1747647668227
counter/4/0/0/0,9381:1747647657758:,1747647668227
counter/4/0/0/0,9382:1747647657758:,1747647668227
counter/4/0/0/0,9383:1747647657758:,1747647668227
counter/4/0/0/0,9384:1747647657758:,1747647668227
counter/9/0/0/0,9714:1747647656804:,1747647668227
counter/10/0/0/0,8555:1747647656576:,1747647668228
counter/4/0/0/0,9385:1747647657758:,1747647668228
counter/4/0/0/0,9386:1747647657758:,1747647668228
counter/4/0/0/0,9387:1747647657758:,1747647668228
counter/5/0/0/0,9110:1747647656640:,1747647668228
counter/3/0/0/0,9856:1747647657491:,1747647668228
counter/3/0/0/0,9857:1747647657491:,1747647668228
counter/1/0/0/0,10269:1747647657709:,1747647668228
counter/1/0/0/0,10270:1747647657709:,1747647668228
counter/10/0/0/0,8556:1747647656576:,1747647668229
counter/10/0/0/0,8557:1747647656576:,1747647668229
counter/5/0/0/0,9111:1747647656640:,1747647668229
counter/10/0/0/0,8558:1747647656576:,1747647668229
counter/10/0/0/0,8559:1747647656576:,1747647668229
counter/10/0/0/0,8560:1747647656576:,1747647668229
counter/10/0/0/0,8561:1747647656576:,1747647668229
counter/10/0/0/0,8562:1747647656577:,1747647668229
counter/10/0/0/0,8563:1747647656577:,1747647668230
counter/10/0/0/0,8564:1747647656577:,1747647668230
counter/10/0/0/0,8565:1747647656577:,1747647668230
counter/6/0/0/0,8545:1747647656951:,1747647668231
counter/5/0/0/0,9112:1747647656640:,1747647668231
counter/7/0/0/0,9060:1747647656951:,1747647668231
counter/5/0/0/0,9113:1747647656640:,1747647668231
counter/5/0/0/0,9114:1747647656640:,1747647668231
counter/5/0/0/0,9115:1747647656640:,1747647668232
counter/1/0/0/0,10271:1747647657709:,1747647668232
counter/1/0/0/0,10272:1747647657709:,1747647668232
counter/9/0/0/0,9715:1747647656804:,1747647668232
counter/9/0/0/0,9716:1747647656804:,1747647668232
counter/4/0/0/0,9388:1747647657758:,1747647668232
counter/9/0/0/0,9717:1747647656804:,1747647668232
counter/10/0/0/0,8566:1747647656577:,1747647668232
counter/8/0/0/0,9367:1747647656459:,1747647668232
counter/5/0/0/0,9116:1747647656640:,1747647668233
counter/1/0/0/0,10273:1747647657709:,1747647668233
counter/1/0/0/0,10274:1747647657709:,1747647668233
counter/1/0/0/0,10275:1747647657710:,1747647668233
counter/1/0/0/0,10276:1747647657710:,1747647668233
counter/1/0/0/0,10277:1747647657710:,1747647668233
counter/1/0/0/0,10278:1747647657710:,1747647668233
counter/1/0/0/0,10279:1747647657710:,1747647668233
counter/1/0/0/0,10280:1747647657710:,1747647668233
counter/10/0/0/0,8567:1747647656577:,1747647668233
counter/3/0/0/0,9858:1747647657491:,1747647668233
counter/3/0/0/0,9859:1747647657491:,1747647668234
counter/2/0/0/0,9051:1747647655831:,1747647668234
counter/2/0/0/0,9052:1747647655831:,1747647668234
counter/2/0/0/0,9053:1747647655831:,1747647668234
counter/7/0/0/0,9061:1747647656951:,1747647668234
counter/7/0/0/0,9062:1747647656951:,1747647668234
counter/9/0/0/0,9718:1747647656804:,1747647668235
counter/9/0/0/0,9719:1747647656804:,1747647668235
counter/9/0/0/0,9720:1747647656804:,1747647668237
counter/6/0/0/0,8546:1747647656951:,1747647668237
counter/9/0/0/0,9721:1747647656804:,1747647668237
counter/1/0/0/0,10281:1747647657710:,1747647668237
counter/9/0/0/0,9722:1747647656804:,1747647668237
counter/3/0/0/0,9860:1747647657491:,1747647668237
counter/2/0/0/0,9054:1747647655831:,1747647668237
counter/6/0/0/0,8547:1747647656969:,1747647668238
counter/9/0/0/0,9723:1747647656804:,1747647668239
counter/9/0/0/0,9724:1747647656804:,1747647668239
counter/9/0/0/0,9725:1747647656804:,1747647668239
counter/9/0/0/0,9726:1747647656804:,1747647668239
counter/9/0/0/0,9727:1747647656804:,1747647668239
counter/9/0/0/0,9728:1747647656804:,1747647668239
counter/9/0/0/0,9729:1747647656804:,1747647668239
counter/6/0/0/0,8548:1747647656969:,1747647668239
counter/6/0/0/0,8549:1747647656969:,1747647668239
counter/6/0/0/0,8550:1747647656969:,1747647668239
counter/6/0/0/0,8551:1747647656969:,1747647668239
counter/6/0/0/0,8552:1747647656969:,1747647668239
counter/6/0/0/0,8553:1747647656969:,1747647668239
counter/6/0/0/0,8554:1747647656969:,1747647668240
counter/6/0/0/0,8555:1747647656969:,1747647668240
counter/6/0/0/0,8556:1747647656969:,1747647668240
counter/6/0/0/0,8557:1747647656969:,1747647668240
counter/10/0/0/0,8568:1747647656577:,1747647668240
counter/10/0/0/0,8569:1747647656577:,1747647668240
counter/3/0/0/0,9861:1747647657495:,1747647668240
counter/6/0/0/0,8558:1747647656969:,1747647668240
counter/2/0/0/0,9055:1747647655831:,1747647668241
counter/1/0/0/0,10282:1747647657723:,1747647668241
counter/1/0/0/0,10283:1747647657723:,1747647668241
counter/1/0/0/0,10284:1747647657723:,1747647668241
counter/1/0/0/0,10285:1747647657723:,1747647668241
counter/1/0/0/0,10286:1747647657724:,1747647668241
counter/1/0/0/0,10287:1747647657724:,1747647668241
counter/1/0/0/0,10288:1747647657724:,1747647668241
counter/1/0/0/0,10289:1747647657724:,1747647668241
counter/1/0/0/0,10290:1747647657724:,1747647668241
counter/1/0/0/0,10291:1747647657724:,1747647668241
counter/1/0/0/0,10292:1747647657724:,1747647668241
counter/4/0/0/0,9389:1747647657758:,1747647668241
counter/8/0/0/0,9368:1747647656462:,1747647668241
counter/3/0/0/0,9862:1747647657495:,1747647668241
counter/3/0/0/0,9863:1747647657495:,1747647668242
counter/3/0/0/0,9864:1747647657496:,1747647668242
counter/3/0/0/0,9865:1747647657498:,1747647668242
counter/3/0/0/0,9866:1747647657498:,1747647668242
counter/3/0/0/0,9867:1747647657498:,1747647668242
counter/3/0/0/0,9868:1747647657498:,1747647668242
counter/5/0/0/0,9117:1747647656640:,1747647668242
counter/1/0/0/0,10293:1747647657728:,1747647668242
counter/1/0/0/0,10294:1747647657728:,1747647668242
counter/1/0/0/0,10295:1747647657728:,1747647668242
counter/1/0/0/0,10296:1747647657729:,1747647668242
counter/4/0/0/0,9390:1747647657759:,1747647668242
counter/1/0/0/0,10297:1747647657729:,1747647668243
counter/6/0/0/0,8559:1747647656969:,1747647668243
counter/6/0/0/0,8560:1747647656969:,1747647668243
counter/6/0/0/0,8561:1747647656969:,1747647668243
counter/6/0/0/0,8562:1747647656969:,1747647668243
counter/6/0/0/0,8563:1747647656970:,1747647668243
counter/6/0/0/0,8564:1747647656970:,1747647668243
counter/8/0/0/0,9369:1747647656462:,1747647668243
counter/10/0/0/0,8570:1747647656577:,1747647668243
counter/2/0/0/0,9056:1747647655831:,1747647668243
counter/10/0/0/0,8571:1747647656579:,1747647668243
counter/10/0/0/0,8572:1747647656579:,1747647668243
counter/10/0/0/0,8573:1747647656579:,1747647668243
counter/10/0/0/0,8574:1747647656579:,1747647668243
counter/10/0/0/0,8575:1747647656579:,1747647668243
counter/10/0/0/0,8576:1747647656579:,1747647668243
counter/10/0/0/0,8577:1747647656579:,1747647668243
counter/10/0/0/0,8578:1747647656580:,1747647668243
counter/10/0/0/0,8579:1747647656581:,1747647668244
counter/10/0/0/0,8580:1747647656582:,1747647668244
counter/10/0/0/0,8581:1747647656582:,1747647668244
counter/7/0/0/0,9063:1747647656963:,1747647668244
counter/2/0/0/0,9057:1747647655831:,1747647668244
counter/3/0/0/0,9869:1747647657498:,1747647668244
counter/3/0/0/0,9870:1747647657498:,1747647668244
counter/3/0/0/0,9871:1747647657498:,1747647668244
counter/3/0/0/0,9872:1747647657502:,1747647668244
counter/3/0/0/0,9873:1747647657502:,1747647668244
counter/3/0/0/0,9874:1747647657502:,1747647668244
counter/3/0/0/0,9875:1747647657502:,1747647668244
counter/6/0/0/0,8565:1747647656970:,1747647668244
counter/1/0/0/0,10298:1747647657729:,1747647668244
counter/10/0/0/0,8582:1747647656582:,1747647668244
counter/4/0/0/0,9391:1747647657759:,1747647668245
counter/4/0/0/0,9392:1747647657759:,1747647668245
counter/4/0/0/0,9393:1747647657771:,1747647668245
counter/4/0/0/0,9394:1747647657771:,1747647668245
counter/4/0/0/0,9395:1747647657771:,1747647668245
counter/4/0/0/0,9396:1747647657771:,1747647668245
counter/4/0/0/0,9397:1747647657771:,1747647668245
counter/8/0/0/0,9370:1747647656462:,1747647668245
counter/9/0/0/0,9730:1747647656805:,1747647668245
counter/9/0/0/0,9731:1747647656805:,1747647668245
counter/9/0/0/0,9732:1747647656806:,1747647668245
counter/9/0/0/0,9733:1747647656806:,1747647668245
counter/9/0/0/0,9734:1747647656806:,1747647668245
counter/9/0/0/0,9735:1747647656806:,1747647668245
counter/6/0/0/0,8566:1747647656970:,1747647668246
counter/2/0/0/0,9058:1747647655831:,1747647668246
counter/1/0/0/0,10299:1747647657729:,1747647668246
counter/3/0/0/0,9876:1747647657502:,1747647668247
counter/2/0/0/0,9059:1747647655831:,1747647668247
counter/7/0/0/0,9064:1747647656963:,1747647668247
counter/3/0/0/0,9877:1747647657502:,1747647668247
counter/6/0/0/0,8567:1747647656970:,1747647668247
counter/3/0/0/0,9878:1747647657502:,1747647668247
counter/3/0/0/0,9879:1747647657502:,1747647668247
counter/3/0/0/0,9880:1747647657502:,1747647668247
counter/3/0/0/0,9881:1747647657514:,1747647668248
counter/3/0/0/0,9882:1747647657514:,1747647668248
counter/3/0/0/0,9883:1747647657514:,1747647668248
counter/3/0/0/0,9884:1747647657514:,1747647668248
counter/1/0/0/0,10300:1747647657729:,1747647668248
counter/2/0/0/0,9060:1747647655831:,1747647668248
counter/7/0/0/0,9065:1747647656963:,1747647668248
counter/7/0/0/0,9066:1747647656963:,1747647668248
counter/7/0/0/0,9067:1747647656963:,1747647668248
counter/7/0/0/0,9068:1747647656964:,1747647668248
counter/7/0/0/0,9069:1747647656964:,1747647668248
counter/7/0/0/0,9070:1747647656964:,1747647668248
counter/7/0/0/0,9071:1747647656964:,1747647668248
counter/3/0/0/0,9885:1747647657514:,1747647668248
counter/3/0/0/0,9886:1747647657514:,1747647668248
counter/3/0/0/0,9887:1747647657514:,1747647668248
counter/3/0/0/0,9888:1747647657514:,1747647668248
counter/3/0/0/0,9889:1747647657514:,1747647668248
counter/3/0/0/0,9890:1747647657514:,1747647668248
counter/3/0/0/0,9891:1747647657514:,1747647668249
counter/3/0/0/0,9892:1747647657514:,1747647668249
counter/3/0/0/0,9893:1747647657515:,1747647668249
counter/3/0/0/0,9894:1747647657515:,1747647668249
counter/3/0/0/0,9895:1747647657515:,1747647668249
counter/3/0/0/0,9896:1747647657515:,1747647668249
counter/3/0/0/0,9897:1747647657515:,1747647668249
counter/3/0/0/0,9898:1747647657515:,1747647668249
counter/3/0/0/0,9899:1747647657515:,1747647668249
counter/3/0/0/0,9900:1747647657515:,1747647668249
counter/3/0/0/0,9901:1747647657515:,1747647668249
counter/3/0/0/0,9902:1747647657515:,1747647668250
counter/3/0/0/0,9903:1747647657515:,1747647668250
counter/3/0/0/0,9904:1747647657515:,1747647668250
counter/3/0/0/0,9905:1747647657515:,1747647668250
counter/3/0/0/0,9906:1747647657515:,1747647668250
counter/3/0/0/0,9907:1747647657515:,1747647668250
counter/4/0/0/0,9398:1747647657771:,1747647668250
counter/7/0/0/0,9072:1747647656964:,1747647668250
counter/9/0/0/0,9736:1747647656811:,1747647668250
counter/7/0/0/0,9073:1747647656964:,1747647668250
counter/7/0/0/0,9074:1747647656964:,1747647668250
counter/7/0/0/0,9075:1747647656964:,1747647668250
counter/5/0/0/0,9118:1747647656640:,1747647668250
counter/5/0/0/0,9119:1747647656640:,1747647668251
counter/5/0/0/0,9120:1747647656641:,1747647668251
counter/5/0/0/0,9121:1747647656641:,1747647668251
counter/10/0/0/0,8583:1747647656582:,1747647668251
counter/1/0/0/0,10301:1747647657729:,1747647668251
counter/1/0/0/0,10302:1747647657730:,1747647668251
counter/1/0/0/0,10303:1747647657730:,1747647668252
counter/1/0/0/0,10304:1747647657730:,1747647668252
counter/4/0/0/0,9399:1747647657771:,1747647668252
counter/4/0/0/0,9400:1747647657771:,1747647668252
counter/6/0/0/0,8568:1747647656970:,1747647668252
counter/4/0/0/0,9401:1747647657771:,1747647668252
counter/1/0/0/0,10305:1747647657730:,1747647668252
counter/2/0/0/0,9061:1747647655831:,1747647668252
counter/2/0/0/0,9062:1747647655831:,1747647668253
counter/2/0/0/0,9063:1747647655831:,1747647668253
counter/2/0/0/0,9064:1747647655831:,1747647668253
counter/2/0/0/0,9065:1747647655831:,1747647668253
counter/2/0/0/0,9066:1747647655831:,1747647668253
counter/10/0/0/0,8584:1747647656582:,1747647668253
counter/10/0/0/0,8585:1747647656582:,1747647668253
counter/10/0/0/0,8586:1747647656582:,1747647668253
counter/10/0/0/0,8587:1747647656582:,1747647668253
counter/3/0/0/0,9908:1747647657515:,1747647668253
counter/4/0/0/0,9402:1747647657772:,1747647668253
counter/4/0/0/0,9403:1747647657772:,1747647668253
counter/6/0/0/0,8569:1747647656970:,1747647668253
counter/8/0/0/0,9371:1747647656462:,1747647668254
counter/9/0/0/0,9737:1747647656811:,1747647668254
counter/10/0/0/0,8588:1747647656583:,1747647668255
counter/3/0/0/0,9909:1747647657515:,1747647668255
counter/3/0/0/0,9910:1747647657515:,1747647668255
counter/3/0/0/0,9911:1747647657515:,1747647668255
counter/3/0/0/0,9912:1747647657515:,1747647668255
counter/3/0/0/0,9913:1747647657519:,1747647668255
counter/5/0/0/0,9122:1747647656641:,1747647668255
counter/7/0/0/0,9076:1747647656964:,1747647668255
counter/7/0/0/0,9077:1747647656964:,1747647668255
counter/7/0/0/0,9078:1747647656964:,1747647668255
counter/7/0/0/0,9079:1747647656964:,1747647668255
counter/4/0/0/0,9404:1747647657772:,1747647668256
counter/10/0/0/0,8589:1747647656583:,1747647668256
counter/3/0/0/0,9914:1747647657519:,1747647668256
counter/3/0/0/0,9915:1747647657520:,1747647668256
counter/3/0/0/0,9916:1747647657520:,1747647668256
counter/3/0/0/0,9917:1747647657520:,1747647668256
counter/3/0/0/0,9918:1747647657520:,1747647668256
counter/3/0/0/0,9919:1747647657520:,1747647668256
counter/7/0/0/0,9080:1747647656964:,1747647668256
counter/4/0/0/0,9405:1747647657772:,1747647668257
counter/10/0/0/0,8590:1747647656583:,1747647668257
counter/4/0/0/0,9406:1747647657772:,1747647668257
counter/10/0/0/0,8591:1747647656583:,1747647668257
counter/10/0/0/0,8592:1747647656583:,1747647668257
counter/10/0/0/0,8593:1747647656583:,1747647668257
counter/10/0/0/0,8594:1747647656583:,1747647668258
counter/3/0/0/0,9920:1747647657520:,1747647668258
counter/5/0/0/0,9123:1747647656642:,1747647668258
counter/5/0/0/0,9124:1747647656654:,1747647668258
counter/5/0/0/0,9125:1747647656654:,1747647668258
counter/5/0/0/0,9126:1747647656654:,1747647668258
counter/5/0/0/0,9127:1747647656655:,1747647668258
counter/6/0/0/0,8570:1747647656970:,1747647668258
counter/10/0/0/0,8595:1747647656586:,1747647668258
counter/10/0/0/0,8596:1747647656586:,1747647668259
counter/10/0/0/0,8597:1747647656586:,1747647668259
counter/10/0/0/0,8598:1747647656586:,1747647668259
counter/10/0/0/0,8599:1747647656586:,1747647668259
counter/10/0/0/0,8600:1747647656592:,1747647668259
counter/10/0/0/0,8601:1747647656593:,1747647668259
counter/10/0/0/0,8602:1747647656593:,1747647668259
counter/10/0/0/0,8603:1747647656593:,1747647668259
counter/10/0/0/0,8604:1747647656593:,1747647668259
counter/10/0/0/0,8605:1747647656593:,1747647668259
counter/10/0/0/0,8606:1747647656593:,1747647668259
counter/9/0/0/0,9738:1747647656811:,1747647668259
counter/1/0/0/0,10306:1747647657730:,1747647668259
counter/3/0/0/0,9921:1747647657520:,1747647668259
counter/1/0/0/0,10307:1747647657730:,1747647668259
counter/1/0/0/0,10308:1747647657730:,1747647668259
counter/1/0/0/0,10309:1747647657730:,1747647668259
counter/1/0/0/0,10310:1747647657730:,1747647668259
counter/9/0/0/0,9739:1747647656811:,1747647668260
counter/3/0/0/0,9922:1747647657520:,1747647668260
counter/3/0/0/0,9923:1747647657520:,1747647668260
counter/3/0/0/0,9924:1747647657520:,1747647668260
counter/3/0/0/0,9925:1747647657520:,1747647668260
counter/3/0/0/0,9926:1747647657520:,1747647668260
counter/3/0/0/0,9927:1747647657520:,1747647668260
counter/3/0/0/0,9928:1747647657522:,1747647668260
counter/3/0/0/0,9929:1747647657522:,1747647668260
counter/3/0/0/0,9930:1747647657532:,1747647668260
counter/3/0/0/0,9931:1747647657532:,1747647668260
counter/2/0/0/0,9067:1747647655831:,1747647668260
counter/10/0/0/0,8607:1747647656594:,1747647668260
counter/2/0/0/0,9068:1747647655832:,1747647668260
counter/10/0/0/0,8608:1747647656595:,1747647668260
counter/8/0/0/0,9372:1747647656462:,1747647668261
counter/8/0/0/0,9373:1747647656462:,1747647668261
counter/10/0/0/0,8609:1747647656595:,1747647668261
counter/10/0/0/0,8610:1747647656595:,1747647668261
counter/10/0/0/0,8611:1747647656595:,1747647668261
counter/10/0/0/0,8612:1747647656595:,1747647668261
counter/10/0/0/0,8613:1747647656605:,1747647668261
counter/10/0/0/0,8614:1747647656605:,1747647668261
counter/6/0/0/0,8571:1747647656970:,1747647668261
counter/3/0/0/0,9932:1747647657532:,1747647668262
counter/1/0/0/0,10311:1747647657730:,1747647668262
counter/1/0/0/0,10312:1747647657730:,1747647668262
counter/1/0/0/0,10313:1747647657730:,1747647668262
counter/1/0/0/0,10314:1747647657730:,1747647668262
counter/1/0/0/0,10315:1747647657730:,1747647668262
counter/1/0/0/0,10316:1747647657730:,1747647668262
counter/2/0/0/0,9069:1747647655832:,1747647668262
counter/5/0/0/0,9128:1747647656655:,1747647668262
counter/5/0/0/0,9129:1747647656655:,1747647668262
counter/5/0/0/0,9130:1747647656655:,1747647668262
counter/9/0/0/0,9740:1747647656811:,1747647668262
counter/6/0/0/0,8572:1747647656970:,1747647668263
counter/3/0/0/0,9933:1747647657532:,1747647668263
counter/3/0/0/0,9934:1747647657532:,1747647668263
counter/3/0/0/0,9935:1747647657532:,1747647668263
counter/3/0/0/0,9936:1747647657532:,1747647668263
counter/3/0/0/0,9937:1747647657532:,1747647668263
counter/8/0/0/0,9374:1747647656462:,1747647668263
counter/9/0/0/0,9741:1747647656811:,1747647668264
counter/7/0/0/0,9081:1747647656964:,1747647668264
counter/5/0/0/0,9131:1747647656655:,1747647668266
counter/5/0/0/0,9132:1747647656655:,1747647668266
counter/5/0/0/0,9133:1747647656655:,1747647668266
counter/5/0/0/0,9134:1747647656655:,1747647668266
counter/5/0/0/0,9135:1747647656655:,1747647668266
counter/5/0/0/0,9136:1747647656655:,1747647668266
counter/5/0/0/0,9137:1747647656655:,1747647668266
counter/5/0/0/0,9138:1747647656655:,1747647668266
counter/10/0/0/0,8615:1747647656605:,1747647668266
counter/10/0/0/0,8616:1747647656605:,1747647668266
counter/3/0/0/0,9938:1747647657532:,1747647668266
counter/10/0/0/0,8617:1747647656605:,1747647668267
counter/10/0/0/0,8618:1747647656605:,1747647668267
counter/10/0/0/0,8619:1747647656606:,1747647668267
counter/10/0/0/0,8620:1747647656606:,1747647668267
counter/3/0/0/0,9939:1747647657532:,1747647668267
counter/8/0/0/0,9375:1747647656462:,1747647668267
counter/1/0/0/0,10317:1747647657730:,1747647668269
counter/10/0/0/0,8621:1747647656606:,1747647668269
counter/10/0/0/0,8622:1747647656612:,1747647668270
counter/10/0/0/0,8623:1747647656614:,1747647668270
counter/10/0/0/0,8624:1747647656614:,1747647668270
counter/10/0/0/0,8625:1747647656614:,1747647668270
counter/10/0/0/0,8626:1747647656614:,1747647668270
counter/10/0/0/0,8627:1747647656615:,1747647668270
counter/10/0/0/0,8628:1747647656615:,1747647668270
counter/10/0/0/0,8629:1747647656615:,1747647668270
counter/10/0/0/0,8630:1747647656615:,1747647668270
counter/10/0/0/0,8631:1747647656615:,1747647668270
counter/10/0/0/0,8632:1747647656615:,1747647668270
counter/4/0/0/0,9407:1747647657793:,1747647668271
counter/10/0/0/0,8633:1747647656615:,1747647668271
counter/9/0/0/0,9742:1747647656811:,1747647668272
counter/8/0/0/0,9376:1747647656462:,1747647668272
counter/6/0/0/0,8573:1747647656970:,1747647668273
counter/6/0/0/0,8574:1747647656970:,1747647668273
counter/8/0/0/0,9377:1747647656462:,1747647668273
counter/5/0/0/0,9139:1747647656655:,1747647668273
counter/5/0/0/0,9140:1747647656655:,1747647668273
counter/5/0/0/0,9141:1747647656655:,1747647668273
counter/4/0/0/0,9408:1747647657793:,1747647668274
counter/4/0/0/0,9409:1747647657793:,1747647668275
counter/4/0/0/0,9410:1747647657793:,1747647668275
counter/4/0/0/0,9411:1747647657793:,1747647668275
counter/4/0/0/0,9412:1747647657793:,1747647668275
counter/4/0/0/0,9413:1747647657793:,1747647668275
counter/2/0/0/0,9070:1747647655832:,1747647668275
counter/5/0/0/0,9142:1747647656655:,1747647668275
counter/5/0/0/0,9143:1747647656655:,1747647668275
counter/5/0/0/0,9144:1747647656655:,1747647668275
counter/5/0/0/0,9145:1747647656655:,1747647668275
counter/5/0/0/0,9146:1747647656655:,1747647668275
counter/5/0/0/0,9147:1747647656655:,1747647668275
counter/5/0/0/0,9148:1747647656655:,1747647668275
counter/9/0/0/0,9743:1747647656811:,1747647668275
counter/5/0/0/0,9149:1747647656655:,1747647668275
counter/4/0/0/0,9414:1747647657793:,1747647668275
counter/4/0/0/0,9415:1747647657793:,1747647668275
counter/4/0/0/0,9416:1747647657793:,1747647668275
counter/4/0/0/0,9417:1747647657793:,1747647668275
counter/4/0/0/0,9418:1747647657793:,1747647668276
counter/4/0/0/0,9419:1747647657793:,1747647668276
counter/4/0/0/0,9420:1747647657793:,1747647668276
counter/4/0/0/0,9421:1747647657793:,1747647668276
counter/4/0/0/0,9422:1747647657808:,1747647668276
counter/4/0/0/0,9423:1747647657808:,1747647668276
counter/4/0/0/0,9424:1747647657808:,1747647668276
counter/4/0/0/0,9425:1747647657808:,1747647668276
counter/4/0/0/0,9426:1747647657808:,1747647668276
counter/6/0/0/0,8575:1747647656972:,1747647668276
counter/4/0/0/0,9427:1747647657808:,1747647668276
counter/8/0/0/0,9378:1747647656462:,1747647668276
counter/8/0/0/0,9379:1747647656462:,1747647668276
counter/10/0/0/0,8634:1747647656615:,1747647668276
counter/8/0/0/0,9380:1747647656462:,1747647668276
counter/7/0/0/0,9082:1747647656964:,1747647668276
counter/2/0/0/0,9071:1747647655839:,1747647668276
counter/2/0/0/0,9072:1747647655839:,1747647668276
counter/2/0/0/0,9073:1747647655839:,1747647668276
counter/2/0/0/0,9074:1747647655839:,1747647668276
counter/2/0/0/0,9075:1747647655839:,1747647668276
counter/8/0/0/0,9381:1747647656462:,1747647668277
counter/1/0/0/0,10318:1747647657730:,1747647668277
counter/1/0/0/0,10319:1747647657730:,1747647668277
counter/1/0/0/0,10320:1747647657730:,1747647668277
counter/1/0/0/0,10321:1747647657733:,1747647668277
counter/1/0/0/0,10322:1747647657733:,1747647668277
counter/2/0/0/0,9076:1747647655839:,1747647668277
counter/9/0/0/0,9744:1747647656811:,1747647668278
counter/3/0/0/0,9940:1747647657532:,1747647668278
counter/9/0/0/0,9745:1747647656821:,1747647668278
counter/9/0/0/0,9746:1747647656821:,1747647668278
counter/9/0/0/0,9747:1747647656821:,1747647668278
counter/9/0/0/0,9748:1747647656821:,1747647668278
counter/9/0/0/0,9749:1747647656821:,1747647668278
counter/9/0/0/0,9750:1747647656823:,1747647668278
counter/8/0/0/0,9382:1747647656462:,1747647668278
counter/4/0/0/0,9428:1747647657808:,1747647668279
counter/2/0/0/0,9077:1747647655839:,1747647668279
counter/8/0/0/0,9383:1747647656462:,1747647668280
counter/8/0/0/0,9384:1747647656482:,1747647668280
counter/8/0/0/0,9385:1747647656482:,1747647668280
counter/8/0/0/0,9386:1747647656482:,1747647668280
counter/8/0/0/0,9387:1747647656482:,1747647668280
counter/4/0/0/0,9429:1747647657809:,1747647668281
counter/6/0/0/0,8576:1747647656972:,1747647668282
counter/6/0/0/0,8577:1747647656972:,1747647668282
counter/6/0/0/0,8578:1747647656972:,1747647668282
counter/6/0/0/0,8579:1747647656972:,1747647668282
counter/6/0/0/0,8580:1747647656972:,1747647668282
counter/6/0/0/0,8581:1747647656972:,1747647668282
counter/6/0/0/0,8582:1747647656972:,1747647668282
counter/8/0/0/0,9388:1747647656488:,1747647668282
counter/2/0/0/0,9078:1747647655839:,1747647668283
counter/10/0/0/0,8635:1747647656615:,1747647668283
counter/4/0/0/0,9430:1747647657809:,1747647668284
counter/4/0/0/0,9431:1747647657809:,1747647668284
counter/4/0/0/0,9432:1747647657809:,1747647668284
counter/4/0/0/0,9433:1747647657810:,1747647668284
counter/5/0/0/0,9150:1747647656655:,1747647668285
counter/9/0/0/0,9751:1747647656823:,1747647668285
counter/1/0/0/0,10323:1747647657733:,1747647668285
counter/7/0/0/0,9083:1747647656965:,1747647668287
counter/7/0/0/0,9084:1747647656965:,1747647668287
counter/7/0/0/0,9085:1747647656965:,1747647668287
counter/7/0/0/0,9086:1747647656965:,1747647668287
counter/7/0/0/0,9087:1747647656965:,1747647668287
counter/7/0/0/0,9088:1747647656965:,1747647668287
counter/7/0/0/0,9089:1747647656965:,1747647668287
counter/7/0/0/0,9090:1747647656965:,1747647668287
counter/7/0/0/0,9091:1747647656965:,1747647668287
counter/7/0/0/0,9092:1747647656965:,1747647668288
counter/7/0/0/0,9093:1747647656965:,1747647668288
counter/7/0/0/0,9094:1747647656965:,1747647668288
counter/7/0/0/0,9095:1747647656965:,1747647668288
counter/1/0/0/0,10324:1747647657733:,1747647668288
counter/1/0/0/0,10325:1747647657733:,1747647668288
counter/6/0/0/0,8583:1747647656972:,1747647668288
counter/3/0/0/0,9941:1747647657532:,1747647668288
counter/6/0/0/0,8584:1747647656972:,1747647668290
counter/6/0/0/0,8585:1747647656972:,1747647668290
counter/6/0/0/0,8586:1747647656972:,1747647668290
counter/6/0/0/0,8587:1747647656972:,1747647668290
counter/6/0/0/0,8588:1747647656975:,1747647668290
counter/6/0/0/0,8589:1747647656975:,1747647668290
counter/6/0/0/0,8590:1747647656975:,1747647668290
counter/2/0/0/0,9079:1747647655839:,1747647668290
counter/1/0/0/0,10326:1747647657733:,1747647668290
counter/2/0/0/0,9080:1747647655839:,1747647668291
counter/2/0/0/0,9081:1747647655840:,1747647668291
counter/2/0/0/0,9082:1747647655840:,1747647668291
counter/2/0/0/0,9083:1747647655840:,1747647668291
counter/2/0/0/0,9084:1747647655840:,1747647668292
counter/6/0/0/0,8591:1747647656975:,1747647668292
counter/7/0/0/0,9096:1747647656965:,1747647668292
counter/3/0/0/0,9942:1747647657538:,1747647668292
counter/3/0/0/0,9943:1747647657538:,1747647668292
counter/3/0/0/0,9944:1747647657538:,1747647668292
counter/3/0/0/0,9945:1747647657538:,1747647668292
counter/3/0/0/0,9946:1747647657538:,1747647668292
counter/9/0/0/0,9752:1747647656823:,1747647668293
counter/9/0/0/0,9753:1747647656823:,1747647668293
counter/9/0/0/0,9754:1747647656824:,1747647668293
counter/9/0/0/0,9755:1747647656824:,1747647668293
counter/9/0/0/0,9756:1747647656824:,1747647668293
counter/9/0/0/0,9757:1747647656824:,1747647668293
counter/8/0/0/0,9389:1747647656488:,1747647668293
counter/6/0/0/0,8592:1747647656975:,1747647668293
counter/7/0/0/0,9097:1747647656967:,1747647668294
counter/10/0/0/0,8636:1747647656618:,1747647668294
counter/10/0/0/0,8637:1747647656634:,1747647668294
counter/9/0/0/0,9758:1747647656824:,1747647668294
counter/9/0/0/0,9759:1747647656825:,1747647668294
counter/9/0/0/0,9760:1747647656825:,1747647668294
counter/9/0/0/0,9761:1747647656826:,1747647668294
counter/4/0/0/0,9434:1747647657810:,1747647668294
counter/1/0/0/0,10327:1747647657733:,1747647668294
counter/1/0/0/0,10328:1747647657733:,1747647668294
counter/1/0/0/0,10329:1747647657733:,1747647668294
counter/1/0/0/0,10330:1747647657733:,1747647668294
counter/1/0/0/0,10331:1747647657733:,1747647668294
counter/2/0/0/0,9085:1747647655840:,1747647668295
counter/2/0/0/0,9086:1747647655840:,1747647668295
counter/6/0/0/0,8593:1747647656975:,1747647668296
counter/9/0/0/0,9762:1747647656826:,1747647668297
counter/1/0/0/0,10332:1747647657733:,1747647668297
counter/1/0/0/0,10333:1747647657733:,1747647668297
counter/1/0/0/0,10334:1747647657736:,1747647668297
counter/1/0/0/0,10335:1747647657736:,1747647668297
counter/8/0/0/0,9390:1747647656488:,1747647668298
counter/8/0/0/0,9391:1747647656488:,1747647668298
counter/2/0/0/0,9087:1747647655840:,1747647668298
counter/2/0/0/0,9088:1747647655840:,1747647668298
counter/2/0/0/0,9089:1747647655840:,1747647668298
counter/10/0/0/0,8638:1747647656634:,1747647668299
counter/10/0/0/0,8639:1747647656634:,1747647668299
counter/10/0/0/0,8640:1747647656634:,1747647668299
counter/10/0/0/0,8641:1747647656634:,1747647668299
counter/8/0/0/0,9392:1747647656488:,1747647668299
counter/8/0/0/0,9393:1747647656488:,1747647668299
counter/8/0/0/0,9394:1747647656488:,1747647668299
counter/5/0/0/0,9151:1747647656655:,1747647668300
counter/1/0/0/0,10336:1747647657736:,1747647668300
counter/1/0/0/0,10337:1747647657736:,1747647668301
counter/5/0/0/0,9152:1747647656655:,1747647668301
counter/5/0/0/0,9153:1747647656655:,1747647668301
counter/5/0/0/0,9154:1747647656655:,1747647668301
counter/5/0/0/0,9155:1747647656655:,1747647668301
counter/5/0/0/0,9156:1747647656656:,1747647668301
counter/5/0/0/0,9157:1747647656656:,1747647668301
counter/5/0/0/0,9158:1747647656656:,1747647668301
counter/5/0/0/0,9159:1747647656666:,1747647668302
counter/5/0/0/0,9160:1747647656666:,1747647668302
counter/5/0/0/0,9161:1747647656666:,1747647668302
counter/5/0/0/0,9162:1747647656667:,1747647668302
counter/5/0/0/0,9163:1747647656667:,1747647668302
counter/5/0/0/0,9164:1747647656667:,1747647668302
counter/5/0/0/0,9165:1747647656667:,1747647668302
counter/5/0/0/0,9166:1747647656667:,1747647668302
counter/5/0/0/0,9167:1747647656667:,1747647668302
counter/5/0/0/0,9168:1747647656667:,1747647668302
counter/4/0/0/0,9435:1747647657810:,1747647668302
counter/5/0/0/0,9169:1747647656667:,1747647668302
counter/5/0/0/0,9170:1747647656667:,1747647668302
counter/5/0/0/0,9171:1747647656667:,1747647668302
counter/5/0/0/0,9172:1747647656667:,1747647668302
counter/5/0/0/0,9173:1747647656667:,1747647668302
counter/5/0/0/0,9174:1747647656667:,1747647668302
counter/5/0/0/0,9175:1747647656667:,1747647668303
counter/7/0/0/0,9098:1747647656967:,1747647668303
counter/5/0/0/0,9176:1747647656667:,1747647668303
counter/7/0/0/0,9099:1747647656967:,1747647668303
counter/5/0/0/0,9177:1747647656667:,1747647668303
counter/7/0/0/0,9100:1747647656967:,1747647668303
counter/5/0/0/0,9178:1747647656667:,1747647668303
counter/7/0/0/0,9101:1747647656967:,1747647668303
counter/7/0/0/0,9102:1747647656967:,1747647668303
counter/10/0/0/0,8642:1747647656649:,1747647668303
counter/7/0/0/0,9103:1747647656967:,1747647668303
counter/9/0/0/0,9763:1747647656826:,1747647668303
counter/9/0/0/0,9764:1747647656828:,1747647668303
counter/9/0/0/0,9765:1747647656828:,1747647668303
counter/9/0/0/0,9766:1747647656828:,1747647668303
counter/9/0/0/0,9767:1747647656828:,1747647668303
counter/9/0/0/0,9768:1747647656828:,1747647668303
counter/1/0/0/0,10338:1747647657736:,1747647668304
counter/4/0/0/0,9436:1747647657810:,1747647668306
counter/5/0/0/0,9179:1747647656667:,1747647668306
counter/1/0/0/0,10339:1747647657736:,1747647668306
counter/1/0/0/0,10340:1747647657736:,1747647668306
counter/1/0/0/0,10341:1747647657736:,1747647668306
counter/7/0/0/0,9104:1747647656976:,1747647668308
counter/3/0/0/0,9947:1747647657538:,1747647668309
counter/3/0/0/0,9948:1747647657538:,1747647668309
counter/3/0/0/0,9949:1747647657538:,1747647668309
counter/9/0/0/0,9769:1747647656828:,1747647668310
counter/9/0/0/0,9770:1747647656828:,1747647668310
counter/9/0/0/0,9771:1747647656828:,1747647668310
counter/9/0/0/0,9772:1747647656828:,1747647668310
counter/9/0/0/0,9773:1747647656828:,1747647668310
counter/9/0/0/0,9774:1747647656831:,1747647668310
counter/9/0/0/0,9775:1747647656831:,1747647668310
counter/9/0/0/0,9776:1747647656831:,1747647668310
counter/9/0/0/0,9777:1747647656831:,1747647668311
counter/9/0/0/0,9778:1747647656831:,1747647668311
counter/9/0/0/0,9779:1747647656833:,1747647668311
counter/9/0/0/0,9780:1747647656833:,1747647668311
counter/9/0/0/0,9781:1747647656833:,1747647668311
counter/9/0/0/0,9782:1747647656834:,1747647668311
counter/9/0/0/0,9783:1747647656834:,1747647668311
counter/9/0/0/0,9784:1747647656834:,1747647668311
counter/9/0/0/0,9785:1747647656834:,1747647668311
counter/9/0/0/0,9786:1747647656834:,1747647668311
counter/9/0/0/0,9787:1747647656834:,1747647668311
counter/9/0/0/0,9788:1747647656851:,1747647668311
counter/9/0/0/0,9789:1747647656855:,1747647668311
counter/7/0/0/0,9105:1747647656976:,1747647668311
counter/7/0/0/0,9106:1747647656976:,1747647668311
counter/7/0/0/0,9107:1747647656977:,1747647668311
counter/10/0/0/0,8643:1747647656650:,1747647668311
counter/4/0/0/0,9437:1747647657810:,1747647668312
counter/10/0/0/0,8644:1747647656650:,1747647668312
counter/10/0/0/0,8645:1747647656650:,1747647668312
counter/10/0/0/0,8646:1747647656650:,1747647668312
counter/10/0/0/0,8647:1747647656650:,1747647668312
counter/10/0/0/0,8648:1747647656650:,1747647668312
counter/10/0/0/0,8649:1747647656650:,1747647668312
counter/10/0/0/0,8650:1747647656650:,1747647668312
counter/8/0/0/0,9395:1747647656488:,1747647668312
counter/5/0/0/0,9180:1747647656667:,1747647668312
counter/1/0/0/0,10342:1747647657736:,1747647668312
counter/8/0/0/0,9396:1747647656488:,1747647668313
counter/8/0/0/0,9397:1747647656497:,1747647668313
counter/5/0/0/0,9181:1747647656667:,1747647668313
counter/8/0/0/0,9398:1747647656497:,1747647668313
counter/4/0/0/0,9438:1747647657810:,1747647668313
counter/8/0/0/0,9399:1747647656497:,1747647668313
counter/5/0/0/0,9182:1747647656670:,1747647668313
counter/6/0/0/0,8594:1747647656975:,1747647668314
counter/6/0/0/0,8595:1747647656976:,1747647668314
counter/6/0/0/0,8596:1747647656976:,1747647668314
counter/6/0/0/0,8597:1747647656976:,1747647668314
counter/6/0/0/0,8598:1747647656976:,1747647668314
counter/6/0/0/0,8599:1747647656977:,1747647668314
counter/6/0/0/0,8600:1747647656977:,1747647668314
counter/6/0/0/0,8601:1747647656977:,1747647668314
counter/6/0/0/0,8602:1747647656977:,1747647668314
counter/6/0/0/0,8603:1747647656977:,1747647668314
counter/6/0/0/0,8604:1747647656983:,1747647668314
counter/8/0/0/0,9400:1747647656497:,1747647668315
counter/3/0/0/0,9950:1747647657538:,1747647668315
counter/8/0/0/0,9401:1747647656497:,1747647668316
counter/2/0/0/0,9090:1747647655840:,1747647668316
counter/2/0/0/0,9091:1747647655840:,1747647668316
counter/3/0/0/0,9951:1747647657538:,1747647668316
counter/1/0/0/0,10343:1747647657736:,1747647668316
counter/3/0/0/0,9952:1747647657538:,1747647668317
counter/5/0/0/0,9183:1747647656671:,1747647668317
counter/6/0/0/0,8605:1747647656990:,1747647668317
counter/6/0/0/0,8606:1747647656990:,1747647668317
counter/6/0/0/0,8607:1747647656990:,1747647668317
counter/6/0/0/0,8608:1747647656990:,1747647668317
counter/6/0/0/0,8609:1747647656990:,1747647668317
counter/6/0/0/0,8610:1747647656997:,1747647668317
counter/6/0/0/0,8611:1747647656997:,1747647668317
counter/6/0/0/0,8612:1747647656997:,1747647668317
counter/6/0/0/0,8613:1747647656997:,1747647668317
counter/6/0/0/0,8614:1747647656997:,1747647668317
counter/1/0/0/0,10344:1747647657736:,1747647668318
counter/1/0/0/0,10345:1747647657736:,1747647668318
counter/8/0/0/0,9402:1747647656497:,1747647668318
counter/8/0/0/0,9403:1747647656497:,1747647668318
counter/5/0/0/0,9184:1747647656671:,1747647668318
counter/4/0/0/0,9439:1747647657810:,1747647668319
counter/2/0/0/0,9092:1747647655840:,1747647668319
counter/4/0/0/0,9440:1747647657810:,1747647668319
counter/4/0/0/0,9441:1747647657810:,1747647668320
counter/4/0/0/0,9442:1747647657810:,1747647668320
counter/1/0/0/0,10346:1747647657736:,1747647668320
counter/1/0/0/0,10347:1747647657736:,1747647668320
counter/1/0/0/0,10348:1747647657736:,1747647668320
counter/1/0/0/0,10349:1747647657736:,1747647668320
counter/1/0/0/0,10350:1747647657736:,1747647668320
counter/7/0/0/0,9108:1747647656977:,1747647668320
counter/5/0/0/0,9185:1747647656671:,1747647668320
counter/8/0/0/0,9404:1747647656497:,1747647668320
counter/8/0/0/0,9405:1747647656498:,1747647668320
counter/8/0/0/0,9406:1747647656498:,1747647668320
counter/9/0/0/0,9790:1747647656859:,1747647668321
counter/9/0/0/0,9791:1747647656859:,1747647668321
counter/9/0/0/0,9792:1747647656859:,1747647668321
counter/9/0/0/0,9793:1747647656860:,1747647668321
counter/5/0/0/0,9186:1747647656671:,1747647668321
counter/5/0/0/0,9187:1747647656671:,1747647668321
counter/8/0/0/0,9407:1747647656498:,1747647668322
counter/5/0/0/0,9188:1747647656671:,1747647668322
counter/4/0/0/0,9443:1747647657810:,1747647668322
counter/4/0/0/0,9444:1747647657810:,1747647668322
counter/8/0/0/0,9408:1747647656498:,1747647668322
counter/4/0/0/0,9445:1747647657810:,1747647668322
counter/5/0/0/0,9189:1747647656673:,1747647668323
counter/6/0/0/0,8615:1747647656997:,1747647668323
counter/4/0/0/0,9446:1747647657810:,1747647668324
counter/5/0/0/0,9190:1747647656673:,1747647668324
counter/6/0/0/0,8616:1747647656998:,1747647668324
counter/4/0/0/0,9447:1747647657810:,1747647668325
counter/8/0/0/0,9409:1747647656498:,1747647668326
counter/8/0/0/0,9410:1747647656498:,1747647668326
counter/5/0/0/0,9191:1747647656673:,1747647668326
counter/6/0/0/0,8617:1747647656998:,1747647668326
counter/6/0/0/0,8618:1747647656998:,1747647668326
counter/6/0/0/0,8619:1747647656998:,1747647668326
counter/9/0/0/0,9794:1747647656860:,1747647668326
counter/9/0/0/0,9795:1747647656860:,1747647668326
counter/9/0/0/0,9796:1747647656860:,1747647668326
counter/9/0/0/0,9797:1747647656860:,1747647668326
counter/2/0/0/0,9093:1747647655840:,1747647668327
counter/2/0/0/0,9094:1747647655840:,1747647668327
counter/2/0/0/0,9095:1747647655845:,1747647668328
counter/2/0/0/0,9096:1747647655845:,1747647668328
counter/2/0/0/0,9097:1747647655845:,1747647668328
counter/2/0/0/0,9098:1747647655845:,1747647668328
counter/2/0/0/0,9099:1747647655845:,1747647668328
counter/2/0/0/0,9100:1747647655845:,1747647668328
counter/2/0/0/0,9101:1747647655845:,1747647668328
counter/2/0/0/0,9102:1747647655845:,1747647668328
counter/4/0/0/0,9448:1747647657812:,1747647668328
counter/5/0/0/0,9192:1747647656673:,1747647668328
counter/8/0/0/0,9411:1747647656498:,1747647668334
counter/6/0/0/0,8620:1747647656998:,1747647668335
counter/4/0/0/0,9449:1747647657812:,1747647668336
counter/2/0/0/0,9103:1747647655845:,1747647668336
counter/4/0/0/0,9450:1747647657812:,1747647668336
counter/4/0/0/0,9451:1747647657812:,1747647668336
counter/6/0/0/0,8621:1747647656998:,1747647668336
counter/4/0/0/0,9452:1747647657812:,1747647668336
counter/4/0/0/0,9453:1747647657812:,1747647668336
counter/8/0/0/0,9412:1747647656498:,1747647668336
counter/3/0/0/0,9953:1747647657538:,1747647668336
counter/1/0/0/0,10351:1747647657736:,1747647668337
counter/2/0/0/0,9104:1747647655854:,1747647668338
counter/2/0/0/0,9105:1747647655854:,1747647668338
counter/4/0/0/0,9454:1747647657812:,1747647668338
counter/4/0/0/0,9455:1747647657812:,1747647668338
counter/4/0/0/0,9456:1747647657812:,1747647668338
counter/4/0/0/0,9457:1747647657812:,1747647668338
counter/4/0/0/0,9458:1747647657815:,1747647668338
counter/4/0/0/0,9459:1747647657830:,1747647668338
counter/4/0/0/0,9460:1747647657830:,1747647668338
counter/9/0/0/0,9798:1747647656864:,1747647668338
counter/5/0/0/0,9193:1747647656673:,1747647668338
counter/5/0/0/0,9194:1747647656673:,1747647668338
counter/5/0/0/0,9195:1747647656673:,1747647668338
counter/5/0/0/0,9196:1747647656673:,1747647668339
counter/5/0/0/0,9197:1747647656673:,1747647668339
counter/8/0/0/0,9413:1747647656505:,1747647668339
counter/2/0/0/0,9106:1747647655854:,1747647668339
counter/9/0/0/0,9799:1747647656865:,1747647668340
counter/7/0/0/0,9109:1747647656989:,1747647668340
counter/3/0/0/0,9954:1747647657538:,1747647668340
counter/1/0/0/0,10352:1747647657736:,1747647668340
counter/1/0/0/0,10353:1747647657739:,1747647668340
counter/1/0/0/0,10354:1747647657739:,1747647668341
counter/1/0/0/0,10355:1747647657739:,1747647668341
counter/1/0/0/0,10356:1747647657744:,1747647668341
counter/4/0/0/0,9461:1747647657830:,1747647668341
counter/6/0/0/0,8622:1747647656998:,1747647668341
counter/7/0/0/0,9110:1747647656989:,1747647668342
counter/2/0/0/0,9107:1747647655854:,1747647668346
counter/6/0/0/0,8623:1747647657004:,1747647668346
counter/5/0/0/0,9198:1747647656673:,1747647668347
counter/5/0/0/0,9199:1747647656673:,1747647668347
counter/5/0/0/0,9200:1747647656674:,1747647668347
counter/5/0/0/0,9201:1747647656674:,1747647668347
counter/5/0/0/0,9202:1747647656674:,1747647668348
counter/5/0/0/0,9203:1747647656674:,1747647668348
counter/5/0/0/0,9204:1747647656674:,1747647668348
counter/5/0/0/0,9205:1747647656674:,1747647668348
counter/5/0/0/0,9206:1747647656674:,1747647668348
counter/5/0/0/0,9207:1747647656674:,1747647668348
counter/5/0/0/0,9208:1747647656674:,1747647668348
counter/5/0/0/0,9209:1747647656674:,1747647668348
counter/2/0/0/0,9108:1747647655854:,1747647668349
counter/5/0/0/0,9210:1747647656674:,1747647668349
counter/5/0/0/0,9211:1747647656674:,1747647668349
counter/5/0/0/0,9212:1747647656674:,1747647668349
counter/5/0/0/0,9213:1747647656674:,1747647668349
counter/5/0/0/0,9214:1747647656674:,1747647668350
counter/5/0/0/0,9215:1747647656674:,1747647668350
counter/5/0/0/0,9216:1747647656675:,1747647668350
counter/5/0/0/0,9217:1747647656675:,1747647668350
counter/5/0/0/0,9218:1747647656676:,1747647668350
counter/5/0/0/0,9219:1747647656676:,1747647668350
counter/5/0/0/0,9220:1747647656676:,1747647668350
counter/5/0/0/0,9221:1747647656676:,1747647668350
counter/5/0/0/0,9222:1747647656676:,1747647668350
counter/5/0/0/0,9223:1747647656676:,1747647668350
counter/5/0/0/0,9224:1747647656676:,1747647668350
counter/5/0/0/0,9225:1747647656676:,1747647668350
counter/3/0/0/0,9955:1747647657540:,1747647668350
counter/4/0/0/0,9462:1747647657830:,1747647668351
counter/9/0/0/0,9800:1747647656865:,1747647668351
counter/4/0/0/0,9463:1747647657830:,1747647668352
counter/4/0/0/0,9464:1747647657830:,1747647668352
counter/4/0/0/0,9465:1747647657830:,1747647668352
counter/4/0/0/0,9466:1747647657830:,1747647668352
counter/1/0/0/0,10357:1747647657744:,1747647668352
counter/4/0/0/0,9467:1747647657830:,1747647668352
counter/4/0/0/0,9468:1747647657830:,1747647668352
counter/4/0/0/0,9469:1747647657830:,1747647668352
counter/9/0/0/0,9801:1747647656865:,1747647668352
counter/1/0/0/0,10358:1747647657744:,1747647668353
counter/1/0/0/0,10359:1747647657744:,1747647668353
counter/1/0/0/0,10360:1747647657751:,1747647668353
counter/1/0/0/0,10361:1747647657754:,1747647668353
counter/1/0/0/0,10362:1747647657754:,1747647668353
counter/1/0/0/0,10363:1747647657754:,1747647668353
counter/1/0/0/0,10364:1747647657754:,1747647668353
counter/1/0/0/0,10365:1747647657754:,1747647668353
counter/1/0/0/0,10366:1747647657754:,1747647668353
counter/1/0/0/0,10367:1747647657755:,1747647668353
counter/1/0/0/0,10368:1747647657755:,1747647668353
counter/1/0/0/0,10369:1747647657786:,1747647668353
counter/1/0/0/0,10370:1747647657786:,1747647668353
counter/1/0/0/0,10371:1747647657786:,1747647668353
counter/1/0/0/0,10372:1747647657786:,1747647668353
counter/8/0/0/0,9414:1747647656505:,1747647668353
counter/5/0/0/0,9226:1747647656676:,1747647668354
counter/2/0/0/0,9109:1747647655859:,1747647668355
counter/3/0/0/0,9956:1747647657545:,1747647668355
counter/4/0/0/0,9470:1747647657830:,1747647668355
counter/6/0/0/0,8624:1747647657004:,1747647668355
counter/8/0/0/0,9415:1747647656505:,1747647668357
counter/3/0/0/0,9957:1747647657545:,1747647668358
counter/8/0/0/0,9416:1747647656505:,1747647668358
counter/1/0/0/0,10373:1747647657786:,1747647668358
counter/4/0/0/0,9471:1747647657830:,1747647668358
counter/6/0/0/0,8625:1747647657004:,1747647668358
counter/6/0/0/0,8626:1747647657004:,1747647668359
counter/6/0/0/0,8627:1747647657004:,1747647668359
counter/6/0/0/0,8628:1747647657004:,1747647668359
counter/6/0/0/0,8629:1747647657004:,1747647668359
counter/6/0/0/0,8630:1747647657004:,1747647668359
counter/6/0/0/0,8631:1747647657004:,1747647668359
counter/6/0/0/0,8632:1747647657004:,1747647668359
counter/2/0/0/0,9110:1747647655859:,1747647668360
counter/2/0/0/0,9111:1747647655859:,1747647668360
counter/2/0/0/0,9112:1747647655859:,1747647668360
counter/2/0/0/0,9113:1747647655859:,1747647668360
counter/2/0/0/0,9114:1747647655859:,1747647668360
counter/2/0/0/0,9115:1747647655859:,1747647668360
counter/2/0/0/0,9116:1747647655859:,1747647668360
counter/2/0/0/0,9117:1747647655860:,1747647668360
counter/2/0/0/0,9118:1747647655862:,1747647668360
counter/2/0/0/0,9119:1747647655862:,1747647668360
counter/10/0/0/0,8651:1747647656650:,1747647668360
counter/10/0/0/0,8652:1747647656650:,1747647668360
counter/10/0/0/0,8653:1747647656650:,1747647668360
counter/10/0/0/0,8654:1747647656650:,1747647668361
counter/10/0/0/0,8655:1747647656650:,1747647668361
counter/10/0/0/0,8656:1747647656650:,1747647668361
counter/10/0/0/0,8657:1747647656650:,1747647668361
counter/7/0/0/0,9111:1747647656989:,1747647668361
counter/7/0/0/0,9112:1747647656989:,1747647668364
counter/5/0/0/0,9227:1747647656676:,1747647668364
counter/5/0/0/0,9228:1747647656676:,1747647668364
counter/5/0/0/0,9229:1747647656676:,1747647668364
counter/5/0/0/0,9230:1747647656676:,1747647668364
counter/5/0/0/0,9231:1747647656676:,1747647668364
counter/5/0/0/0,9232:1747647656676:,1747647668364
counter/5/0/0/0,9233:1747647656676:,1747647668364
counter/3/0/0/0,9958:1747647657545:,1747647668364
counter/2/0/0/0,9120:1747647655862:,1747647668364
counter/2/0/0/0,9121:1747647655862:,1747647668364
counter/2/0/0/0,9122:1747647655862:,1747647668364
counter/6/0/0/0,8633:1747647657004:,1747647668364
counter/6/0/0/0,8634:1747647657004:,1747647668364
counter/4/0/0/0,9472:1747647657830:,1747647668364
counter/4/0/0/0,9473:1747647657830:,1747647668364
counter/4/0/0/0,9474:1747647657830:,1747647668365
counter/4/0/0/0,9475:1747647657847:,1747647668365
counter/4/0/0/0,9476:1747647657853:,1747647668365
counter/9/0/0/0,9802:1747647656865:,1747647668365
counter/7/0/0/0,9113:1747647656989:,1747647668365
counter/4/0/0/0,9477:1747647657853:,1747647668365
counter/4/0/0/0,9478:1747647657853:,1747647668365
counter/4/0/0/0,9479:1747647657853:,1747647668365
counter/4/0/0/0,9480:1747647657853:,1747647668366
counter/4/0/0/0,9481:1747647657853:,1747647668366
counter/4/0/0/0,9482:1747647657853:,1747647668366
counter/4/0/0/0,9483:1747647657853:,1747647668366
counter/4/0/0/0,9484:1747647657853:,1747647668366
counter/4/0/0/0,9485:1747647657853:,1747647668366
counter/4/0/0/0,9486:1747647657858:,1747647668366
counter/4/0/0/0,9487:1747647657859:,1747647668366
counter/8/0/0/0,9417:1747647656505:,1747647668366
counter/10/0/0/0,8658:1747647656650:,1747647668366
counter/7/0/0/0,9114:1747647656989:,1747647668366
counter/7/0/0/0,9115:1747647656990:,1747647668366
counter/7/0/0/0,9116:1747647656990:,1747647668366
counter/7/0/0/0,9117:1747647656990:,1747647668367
counter/3/0/0/0,9959:1747647657545:,1747647668367
counter/6/0/0/0,8635:1747647657004:,1747647668367
counter/9/0/0/0,9803:1747647656865:,1747647668367
counter/10/0/0/0,8659:1747647656650:,1747647668368
counter/9/0/0/0,9804:1747647656865:,1747647668368
counter/9/0/0/0,9805:1747647656865:,1747647668368
counter/9/0/0/0,9806:1747647656865:,1747647668368
counter/5/0/0/0,9234:1747647656680:,1747647668368
counter/7/0/0/0,9118:1747647656990:,1747647668368
counter/5/0/0/0,9235:1747647656680:,1747647668368
counter/7/0/0/0,9119:1747647656990:,1747647668368
counter/3/0/0/0,9960:1747647657545:,1747647668368
counter/2/0/0/0,9123:1747647655863:,1747647668368
counter/9/0/0/0,9807:1747647656866:,1747647668368
counter/9/0/0/0,9808:1747647656866:,1747647668368
counter/5/0/0/0,9236:1747647656680:,1747647668369
counter/5/0/0/0,9237:1747647656680:,1747647668369
counter/5/0/0/0,9238:1747647656680:,1747647668369
counter/5/0/0/0,9239:1747647656680:,1747647668369
counter/5/0/0/0,9240:1747647656680:,1747647668369
counter/5/0/0/0,9241:1747647656680:,1747647668369
counter/8/0/0/0,9418:1747647656505:,1747647668370
counter/8/0/0/0,9419:1747647656509:,1747647668371
counter/8/0/0/0,9420:1747647656509:,1747647668371
counter/1/0/0/0,10374:1747647657786:,1747647668371
counter/1/0/0/0,10375:1747647657786:,1747647668371
counter/1/0/0/0,10376:1747647657786:,1747647668371
counter/4/0/0/0,9488:1747647657860:,1747647668372
counter/4/0/0/0,9489:1747647657860:,1747647668372
counter/4/0/0/0,9490:1747647657860:,1747647668372
counter/4/0/0/0,9491:1747647657860:,1747647668372
counter/4/0/0/0,9492:1747647657860:,1747647668372
counter/3/0/0/0,9961:1747647657546:,1747647668372
counter/2/0/0/0,9124:1747647655863:,1747647668373
counter/1/0/0/0,10377:1747647657786:,1747647668374
counter/1/0/0/0,10378:1747647657801:,1747647668374
counter/1/0/0/0,10379:1747647657801:,1747647668374
counter/1/0/0/0,10380:1747647657801:,1747647668374
counter/1/0/0/0,10381:1747647657801:,1747647668374
counter/1/0/0/0,10382:1747647657801:,1747647668374
counter/1/0/0/0,10383:1747647657807:,1747647668374
counter/1/0/0/0,10384:1747647657807:,1747647668375
counter/1/0/0/0,10385:1747647657807:,1747647668375
counter/1/0/0/0,10386:1747647657807:,1747647668375
counter/9/0/0/0,9809:1747647656866:,1747647668375
counter/5/0/0/0,9242:1747647656680:,1747647668375
counter/9/0/0/0,9810:1747647656866:,1747647668375
counter/9/0/0/0,9811:1747647656866:,1747647668375
counter/9/0/0/0,9812:1747647656866:,1747647668375
counter/10/0/0/0,8660:1747647656650:,1747647668375
counter/7/0/0/0,9120:1747647656990:,1747647668375
counter/4/0/0/0,9493:1747647657860:,1747647668376
counter/4/0/0/0,9494:1747647657860:,1747647668376
counter/4/0/0/0,9495:1747647657860:,1747647668376
counter/4/0/0/0,9496:1747647657860:,1747647668376
counter/4/0/0/0,9497:1747647657860:,1747647668376
counter/10/0/0/0,8661:1747647656650:,1747647668378
counter/5/0/0/0,9243:1747647656684:,1747647668378
counter/8/0/0/0,9421:1747647656509:,1747647668378
counter/4/0/0/0,9498:1747647657860:,1747647668379
counter/2/0/0/0,9125:1747647655871:,1747647668380
counter/3/0/0/0,9962:1747647657546:,1747647668381
counter/3/0/0/0,9963:1747647657546:,1747647668381
counter/7/0/0/0,9121:1747647656997:,1747647668381
counter/6/0/0/0,8636:1747647657004:,1747647668381
counter/6/0/0/0,8637:1747647657004:,1747647668381
counter/1/0/0/0,10387:1747647657807:,1747647668381
counter/10/0/0/0,8662:1747647656650:,1747647668381
counter/2/0/0/0,9126:1747647655871:,1747647668382
counter/3/0/0/0,9964:1747647657546:,1747647668382
counter/7/0/0/0,9122:1747647656997:,1747647668382
counter/4/0/0/0,9499:1747647657860:,1747647668382
counter/4/0/0/0,9500:1747647657860:,1747647668383
counter/4/0/0/0,9501:1747647657860:,1747647668383
counter/4/0/0/0,9502:1747647657860:,1747647668383
counter/4/0/0/0,9503:1747647657864:,1747647668383
counter/4/0/0/0,9504:1747647657864:,1747647668383
counter/4/0/0/0,9505:1747647657866:,1747647668383
counter/4/0/0/0,9506:1747647657867:,1747647668383
counter/4/0/0/0,9507:1747647657867:,1747647668383
counter/4/0/0/0,9508:1747647657867:,1747647668383
counter/4/0/0/0,9509:1747647657867:,1747647668383
counter/4/0/0/0,9510:1747647657867:,1747647668383
counter/1/0/0/0,10388:1747647657807:,1747647668383
counter/3/0/0/0,9965:1747647657546:,1747647668383
counter/1/0/0/0,10389:1747647657807:,1747647668384
counter/1/0/0/0,10390:1747647657807:,1747647668384
counter/1/0/0/0,10391:1747647657807:,1747647668384
counter/1/0/0/0,10392:1747647657807:,1747647668384
counter/1/0/0/0,10393:1747647657807:,1747647668384
counter/1/0/0/0,10394:1747647657807:,1747647668384
counter/1/0/0/0,10395:1747647657808:,1747647668384
counter/1/0/0/0,10396:1747647657808:,1747647668384
counter/8/0/0/0,9422:1747647656509:,1747647668385
counter/2/0/0/0,9127:1747647655871:,1747647668385
counter/2/0/0/0,9128:1747647655871:,1747647668385
counter/2/0/0/0,9129:1747647655871:,1747647668385
counter/2/0/0/0,9130:1747647655871:,1747647668385
counter/2/0/0/0,9131:1747647655871:,1747647668385
counter/2/0/0/0,9132:1747647655871:,1747647668386
counter/2/0/0/0,9133:1747647655872:,1747647668386
counter/2/0/0/0,9134:1747647655872:,1747647668386
counter/2/0/0/0,9135:1747647655872:,1747647668386
counter/2/0/0/0,9136:1747647655872:,1747647668386
counter/2/0/0/0,9137:1747647655872:,1747647668386
counter/2/0/0/0,9138:1747647655872:,1747647668386
counter/2/0/0/0,9139:1747647655872:,1747647668386
counter/2/0/0/0,9140:1747647655872:,1747647668386
counter/1/0/0/0,10397:1747647657808:,1747647668386
counter/7/0/0/0,9123:1747647656997:,1747647668386
counter/9/0/0/0,9813:1747647656866:,1747647668387
counter/9/0/0/0,9814:1747647656866:,1747647668387
counter/9/0/0/0,9815:1747647656870:,1747647668387
counter/9/0/0/0,9816:1747647656870:,1747647668387
counter/9/0/0/0,9817:1747647656870:,1747647668387
counter/9/0/0/0,9818:1747647656870:,1747647668387
counter/9/0/0/0,9819:1747647656872:,1747647668387
counter/7/0/0/0,9124:1747647656997:,1747647668387
counter/9/0/0/0,9820:1747647656872:,1747647668388
counter/1/0/0/0,10398:1747647657808:,1747647668388
counter/4/0/0/0,9511:1747647657867:,1747647668388
counter/1/0/0/0,10399:1747647657808:,1747647668388
counter/6/0/0/0,8638:1747647657005:,1747647668388
counter/5/0/0/0,9244:1747647656686:,1747647668388
counter/4/0/0/0,9512:1747647657867:,1747647668389
counter/9/0/0/0,9821:1747647656872:,1747647668389
counter/9/0/0/0,9822:1747647656872:,1747647668389
counter/9/0/0/0,9823:1747647656872:,1747647668389
counter/9/0/0/0,9824:1747647656872:,1747647668389
counter/9/0/0/0,9825:1747647656872:,1747647668389
counter/9/0/0/0,9826:1747647656872:,1747647668389
counter/9/0/0/0,9827:1747647656872:,1747647668389
counter/9/0/0/0,9828:1747647656872:,1747647668389
counter/1/0/0/0,10400:1747647657808:,1747647668389
counter/8/0/0/0,9423:1747647656509:,1747647668390
counter/5/0/0/0,9245:1747647656686:,1747647668390
counter/5/0/0/0,9246:1747647656686:,1747647668392
counter/5/0/0/0,9247:1747647656686:,1747647668392
counter/5/0/0/0,9248:1747647656686:,1747647668392
counter/5/0/0/0,9249:1747647656686:,1747647668392
counter/5/0/0/0,9250:1747647656698:,1747647668392
counter/5/0/0/0,9251:1747647656699:,1747647668392
counter/7/0/0/0,9125:1747647656997:,1747647668392
counter/2/0/0/0,9141:1747647655872:,1747647668392
counter/3/0/0/0,9966:1747647657546:,1747647668393
counter/3/0/0/0,9967:1747647657546:,1747647668393
counter/3/0/0/0,9968:1747647657546:,1747647668393
counter/3/0/0/0,9969:1747647657546:,1747647668393
counter/6/0/0/0,8639:1747647657005:,1747647668393
counter/6/0/0/0,8640:1747647657005:,1747647668393
counter/9/0/0/0,9829:1747647656872:,1747647668393
counter/9/0/0/0,9830:1747647656872:,1747647668393
counter/9/0/0/0,9831:1747647656872:,1747647668393
counter/9/0/0/0,9832:1747647656872:,1747647668394
counter/2/0/0/0,9142:1747647655872:,1747647668394
counter/3/0/0/0,9970:1747647657546:,1747647668394
counter/1/0/0/0,10401:1747647657808:,1747647668394
counter/5/0/0/0,9252:1747647656699:,1747647668395
counter/9/0/0/0,9833:1747647656873:,1747647668395
counter/5/0/0/0,9253:1747647656699:,1747647668395
counter/5/0/0/0,9254:1747647656699:,1747647668395
counter/5/0/0/0,9255:1747647656699:,1747647668395
counter/5/0/0/0,9256:1747647656701:,1747647668395
counter/5/0/0/0,9257:1747647656701:,1747647668395
counter/2/0/0/0,9143:1747647655872:,1747647668395
counter/8/0/0/0,9424:1747647656510:,1747647668396
counter/7/0/0/0,9126:1747647656998:,1747647668397
counter/1/0/0/0,10402:1747647657808:,1747647668398
counter/1/0/0/0,10403:1747647657808:,1747647668398
counter/1/0/0/0,10404:1747647657808:,1747647668398
counter/2/0/0/0,9144:1747647655872:,1747647668398
counter/1/0/0/0,10405:1747647657810:,1747647668398
counter/9/0/0/0,9834:1747647656874:,1747647668399
counter/7/0/0/0,9127:1747647656998:,1747647668399
counter/7/0/0/0,9128:1747647656998:,1747647668399
counter/7/0/0/0,9129:1747647656998:,1747647668399
counter/7/0/0/0,9130:1747647656998:,1747647668399
counter/1/0/0/0,10406:1747647657810:,1747647668399
counter/7/0/0/0,9131:1747647656998:,1747647668399
counter/1/0/0/0,10407:1747647657810:,1747647668399
counter/1/0/0/0,10408:1747647657810:,1747647668399
counter/2/0/0/0,9145:1747647655872:,1747647668399
counter/3/0/0/0,9971:1747647657546:,1747647668400
counter/1/0/0/0,10409:1747647657811:,1747647668400
counter/1/0/0/0,10410:1747647657812:,1747647668401
counter/5/0/0/0,9258:1747647656701:,1747647668402
counter/5/0/0/0,9259:1747647656701:,1747647668402
counter/5/0/0/0,9260:1747647656701:,1747647668402
counter/5/0/0/0,9261:1747647656701:,1747647668402
counter/5/0/0/0,9262:1747647656701:,1747647668402
counter/5/0/0/0,9263:1747647656707:,1747647668402
counter/5/0/0/0,9264:1747647656707:,1747647668402
counter/5/0/0/0,9265:1747647656707:,1747647668402
counter/5/0/0/0,9266:1747647656707:,1747647668402
counter/5/0/0/0,9267:1747647656708:,1747647668402
counter/5/0/0/0,9268:1747647656708:,1747647668402
counter/5/0/0/0,9269:1747647656708:,1747647668402
counter/9/0/0/0,9835:1747647656874:,1747647668402
counter/9/0/0/0,9836:1747647656874:,1747647668402
counter/9/0/0/0,9837:1747647656874:,1747647668403
counter/9/0/0/0,9838:1747647656882:,1747647668403
counter/9/0/0/0,9839:1747647656882:,1747647668403
counter/9/0/0/0,9840:1747647656882:,1747647668403
counter/9/0/0/0,9841:1747647656882:,1747647668403
counter/9/0/0/0,9842:1747647656882:,1747647668403
counter/9/0/0/0,9843:1747647656882:,1747647668403
counter/3/0/0/0,9972:1747647657575:,1747647668403
counter/6/0/0/0,8641:1747647657005:,1747647668403
counter/7/0/0/0,9132:1747647656998:,1747647668403
counter/4/0/0/0,9513:1747647657867:,1747647668403
counter/4/0/0/0,9514:1747647657867:,1747647668403
counter/4/0/0/0,9515:1747647657867:,1747647668404
counter/2/0/0/0,9146:1747647655872:,1747647668404
counter/2/0/0/0,9147:1747647655872:,1747647668404
counter/1/0/0/0,10411:1747647657812:,1747647668404
counter/9/0/0/0,9844:1747647656882:,1747647668404
counter/9/0/0/0,9845:1747647656882:,1747647668404
counter/9/0/0/0,9846:1747647656882:,1747647668404
counter/9/0/0/0,9847:1747647656882:,1747647668404
counter/9/0/0/0,9848:1747647656882:,1747647668404
counter/9/0/0/0,9849:1747647656882:,1747647668404
counter/9/0/0/0,9850:1747647656883:,1747647668404
counter/5/0/0/0,9270:1747647656708:,1747647668404
counter/8/0/0/0,9425:1747647656510:,1747647668404
counter/8/0/0/0,9426:1747647656510:,1747647668404
counter/8/0/0/0,9427:1747647656510:,1747647668405
counter/8/0/0/0,9428:1747647656510:,1747647668405
counter/8/0/0/0,9429:1747647656510:,1747647668405
counter/10/0/0/0,8663:1747647656650:,1747647668405
counter/2/0/0/0,9148:1747647655872:,1747647668405
counter/2/0/0/0,9149:1747647655872:,1747647668405
counter/2/0/0/0,9150:1747647655872:,1747647668405
counter/3/0/0/0,9973:1747647657592:,1747647668405
counter/9/0/0/0,9851:1747647656883:,1747647668405
counter/9/0/0/0,9852:1747647656899:,1747647668405
counter/9/0/0/0,9853:1747647656899:,1747647668405
counter/9/0/0/0,9854:1747647656913:,1747647668405
counter/6/0/0/0,8642:1747647657005:,1747647668405
counter/4/0/0/0,9516:1747647657867:,1747647668406
counter/4/0/0/0,9517:1747647657867:,1747647668406
counter/4/0/0/0,9518:1747647657867:,1747647668406
counter/4/0/0/0,9519:1747647657867:,1747647668406
counter/4/0/0/0,9520:1747647657867:,1747647668406
counter/4/0/0/0,9521:1747647657867:,1747647668406
counter/3/0/0/0,9974:1747647657592:,1747647668406
counter/3/0/0/0,9975:1747647657592:,1747647668406
counter/2/0/0/0,9151:1747647655872:,1747647668407
counter/4/0/0/0,9522:1747647657867:,1747647668407
counter/4/0/0/0,9523:1747647657867:,1747647668407
counter/4/0/0/0,9524:1747647657867:,1747647668407
counter/4/0/0/0,9525:1747647657867:,1747647668407
counter/9/0/0/0,9855:1747647656914:,1747647668407
counter/1/0/0/0,10412:1747647657812:,1747647668408
counter/1/0/0/0,10413:1747647657812:,1747647668408
counter/2/0/0/0,9152:1747647655872:,1747647668408
counter/4/0/0/0,9526:1747647657867:,1747647668408
counter/4/0/0/0,9527:1747647657867:,1747647668408
counter/4/0/0/0,9528:1747647657867:,1747647668408
counter/4/0/0/0,9529:1747647657868:,1747647668408
counter/4/0/0/0,9530:1747647657871:,1747647668408
counter/4/0/0/0,9531:1747647657871:,1747647668408
counter/4/0/0/0,9532:1747647657871:,1747647668408
counter/6/0/0/0,8643:1747647657005:,1747647668410
counter/6/0/0/0,8644:1747647657005:,1747647668410
counter/6/0/0/0,8645:1747647657009:,1747647668410
counter/6/0/0/0,8646:1747647657009:,1747647668410
counter/6/0/0/0,8647:1747647657009:,1747647668410
counter/6/0/0/0,8648:1747647657009:,1747647668410
counter/6/0/0/0,8649:1747647657009:,1747647668410
counter/2/0/0/0,9153:1747647655872:,1747647668410
counter/3/0/0/0,9976:1747647657592:,1747647668410
counter/3/0/0/0,9977:1747647657592:,1747647668410
counter/10/0/0/0,8664:1747647656650:,1747647668411
counter/1/0/0/0,10414:1747647657812:,1747647668411
counter/6/0/0/0,8650:1747647657009:,1747647668411
counter/6/0/0/0,8651:1747647657010:,1747647668411
counter/6/0/0/0,8652:1747647657010:,1747647668411
counter/3/0/0/0,9978:1747647657592:,1747647668412
counter/3/0/0/0,9979:1747647657592:,1747647668412
counter/3/0/0/0,9980:1747647657592:,1747647668413
counter/3/0/0/0,9981:1747647657592:,1747647668413
counter/3/0/0/0,9982:1747647657592:,1747647668413
counter/3/0/0/0,9983:1747647657592:,1747647668413
counter/3/0/0/0,9984:1747647657592:,1747647668413
counter/3/0/0/0,9985:1747647657604:,1747647668413
counter/8/0/0/0,9430:1747647656510:,1747647668413
counter/3/0/0/0,9986:1747647657605:,1747647668413
counter/3/0/0/0,9987:1747647657605:,1747647668413
counter/7/0/0/0,9133:1747647657011:,1747647668414
counter/3/0/0/0,9988:1747647657605:,1747647668414
counter/9/0/0/0,9856:1747647656914:,1747647668414
counter/6/0/0/0,8653:1747647657010:,1747647668416
counter/4/0/0/0,9533:1747647657871:,1747647668416
counter/4/0/0/0,9534:1747647657871:,1747647668416
counter/9/0/0/0,9857:1747647656914:,1747647668416
counter/8/0/0/0,9431:1747647656510:,1747647668416
counter/3/0/0/0,9989:1747647657606:,1747647668418
counter/3/0/0/0,9990:1747647657613:,1747647668418
counter/3/0/0/0,9991:1747647657615:,1747647668418
counter/3/0/0/0,9992:1747647657615:,1747647668418
counter/3/0/0/0,9993:1747647657615:,1747647668418
counter/3/0/0/0,9994:1747647657615:,1747647668418
counter/3/0/0/0,9995:1747647657615:,1747647668418
counter/3/0/0/0,9996:1747647657615:,1747647668418
counter/3/0/0/0,9997:1747647657615:,1747647668418
counter/3/0/0/0,9998:1747647657616:,1747647668418
counter/3/0/0/0,9999:1747647657616:,1747647668418
counter/3/0/0/0,10000:1747647657616:,1747647668418
counter/3/0/0/0,10001:1747647657616:,1747647668418
counter/3/0/0/0,10002:1747647657616:,1747647668418
counter/3/0/0/0,10003:1747647657616:,1747647668418
counter/6/0/0/0,8654:1747647657010:,1747647668419
counter/7/0/0/0,9134:1747647657011:,1747647668419
counter/9/0/0/0,9858:1747647656914:,1747647668421
counter/7/0/0/0,9135:1747647657011:,1747647668422
counter/7/0/0/0,9136:1747647657011:,1747647668422
counter/7/0/0/0,9137:1747647657011:,1747647668423
counter/7/0/0/0,9138:1747647657011:,1747647668423
counter/7/0/0/0,9139:1747647657011:,1747647668423
counter/7/0/0/0,9140:1747647657019:,1747647668423
counter/7/0/0/0,9141:1747647657027:,1747647668423
counter/7/0/0/0,9142:1747647657028:,1747647668423
counter/7/0/0/0,9143:1747647657028:,1747647668423
counter/7/0/0/0,9144:1747647657028:,1747647668423
counter/7/0/0/0,9145:1747647657031:,1747647668423
counter/7/0/0/0,9146:1747647657031:,1747647668423
counter/7/0/0/0,9147:1747647657031:,1747647668423
counter/7/0/0/0,9148:1747647657031:,1747647668423
counter/7/0/0/0,9149:1747647657031:,1747647668423
counter/3/0/0/0,10004:1747647657616:,1747647668423
counter/7/0/0/0,9150:1747647657031:,1747647668423
counter/7/0/0/0,9151:1747647657031:,1747647668423
counter/7/0/0/0,9152:1747647657031:,1747647668424
counter/2/0/0/0,9154:1747647655872:,1747647668424
counter/2/0/0/0,9155:1747647655872:,1747647668424
counter/2/0/0/0,9156:1747647655872:,1747647668424
counter/2/0/0/0,9157:1747647655872:,1747647668424
counter/2/0/0/0,9158:1747647655872:,1747647668424
counter/2/0/0/0,9159:1747647655872:,1747647668424
counter/2/0/0/0,9160:1747647655872:,1747647668424
counter/2/0/0/0,9161:1747647655872:,1747647668424
counter/2/0/0/0,9162:1747647655872:,1747647668424
counter/4/0/0/0,9535:1747647657871:,1747647668424
counter/4/0/0/0,9536:1747647657884:,1747647668424
counter/4/0/0/0,9537:1747647657885:,1747647668424
counter/7/0/0/0,9153:1747647657031:,1747647668424
counter/6/0/0/0,8655:1747647657010:,1747647668424
counter/6/0/0/0,8656:1747647657010:,1747647668424
counter/6/0/0/0,8657:1747647657010:,1747647668424
counter/6/0/0/0,8658:1747647657010:,1747647668424
counter/6/0/0/0,8659:1747647657010:,1747647668424
counter/6/0/0/0,8660:1747647657010:,1747647668424
counter/6/0/0/0,8661:1747647657010:,1747647668424
counter/6/0/0/0,8662:1747647657010:,1747647668424
counter/10/0/0/0,8665:1747647656650:,1747647668425
counter/2/0/0/0,9163:1747647655872:,1747647668425
counter/2/0/0/0,9164:1747647655872:,1747647668425
counter/2/0/0/0,9165:1747647655872:,1747647668425
counter/2/0/0/0,9166:1747647655878:,1747647668425
counter/2/0/0/0,9167:1747647655878:,1747647668425
counter/2/0/0/0,9168:1747647655878:,1747647668425
counter/2/0/0/0,9169:1747647655878:,1747647668425
counter/2/0/0/0,9170:1747647655891:,1747647668425
counter/2/0/0/0,9171:1747647655891:,1747647668425
counter/2/0/0/0,9172:1747647655891:,1747647668425
counter/2/0/0/0,9173:1747647655891:,1747647668425
counter/7/0/0/0,9154:1747647657031:,1747647668425
counter/7/0/0/0,9155:1747647657031:,1747647668425
counter/7/0/0/0,9156:1747647657032:,1747647668426
counter/7/0/0/0,9157:1747647657032:,1747647668426
counter/7/0/0/0,9158:1747647657032:,1747647668426
counter/7/0/0/0,9159:1747647657033:,1747647668427
counter/7/0/0/0,9160:1747647657034:,1747647668427
counter/7/0/0/0,9161:1747647657034:,1747647668427
counter/7/0/0/0,9162:1747647657034:,1747647668427
counter/7/0/0/0,9163:1747647657034:,1747647668427
counter/7/0/0/0,9164:1747647657034:,1747647668427
counter/7/0/0/0,9165:1747647657034:,1747647668427
counter/7/0/0/0,9166:1747647657035:,1747647668427
counter/10/0/0/0,8666:1747647656650:,1747647668427
counter/5/0/0/0,9271:1747647656708:,1747647668427
counter/4/0/0/0,9538:1747647657889:,1747647668427
counter/5/0/0/0,9272:1747647656708:,1747647668427
counter/5/0/0/0,9273:1747647656708:,1747647668427
counter/5/0/0/0,9274:1747647656709:,1747647668427
counter/5/0/0/0,9275:1747647656709:,1747647668427
counter/5/0/0/0,9276:1747647656709:,1747647668427
counter/7/0/0/0,9167:1747647657035:,1747647668428
counter/4/0/0/0,9539:1747647657893:,1747647668428
counter/6/0/0/0,8663:1747647657010:,1747647668428
counter/8/0/0/0,9432:1747647656510:,1747647668429
counter/8/0/0/0,9433:1747647656510:,1747647668430
counter/8/0/0/0,9434:1747647656512:,1747647668430
counter/8/0/0/0,9435:1747647656512:,1747647668430
counter/8/0/0/0,9436:1747647656512:,1747647668430
counter/8/0/0/0,9437:1747647656512:,1747647668430
counter/8/0/0/0,9438:1747647656512:,1747647668430
counter/8/0/0/0,9439:1747647656512:,1747647668430
counter/8/0/0/0,9440:1747647656512:,1747647668430
counter/8/0/0/0,9441:1747647656513:,1747647668430
counter/8/0/0/0,9442:1747647656513:,1747647668430
counter/8/0/0/0,9443:1747647656513:,1747647668430
counter/8/0/0/0,9444:1747647656513:,1747647668430
counter/6/0/0/0,8664:1747647657010:,1747647668430
counter/6/0/0/0,8665:1747647657010:,1747647668430
counter/6/0/0/0,8666:1747647657028:,1747647668430
counter/6/0/0/0,8667:1747647657028:,1747647668430
counter/6/0/0/0,8668:1747647657028:,1747647668430
counter/5/0/0/0,9277:1747647656709:,1747647668431
counter/1/0/0/0,10415:1747647657812:,1747647668431
counter/1/0/0/0,10416:1747647657812:,1747647668431
counter/1/0/0/0,10417:1747647657812:,1747647668431
counter/1/0/0/0,10418:1747647657812:,1747647668431
counter/1/0/0/0,10419:1747647657812:,1747647668432
counter/10/0/0/0,8667:1747647656651:,1747647668432
counter/10/0/0/0,8668:1747647656651:,1747647668432
counter/10/0/0/0,8669:1747647656651:,1747647668432
counter/10/0/0/0,8670:1747647656653:,1747647668432
counter/10/0/0/0,8671:1747647656653:,1747647668432
counter/10/0/0/0,8672:1747647656653:,1747647668432
counter/10/0/0/0,8673:1747647656653:,1747647668432
counter/10/0/0/0,8674:1747647656654:,1747647668432
counter/10/0/0/0,8675:1747647656654:,1747647668432
counter/10/0/0/0,8676:1747647656654:,1747647668432
counter/10/0/0/0,8677:1747647656654:,1747647668432
counter/9/0/0/0,9859:1747647656914:,1747647668432
counter/9/0/0/0,9860:1747647656914:,1747647668432
counter/9/0/0/0,9861:1747647656914:,1747647668432
counter/9/0/0/0,9862:1747647656914:,1747647668432
counter/1/0/0/0,10420:1747647657813:,1747647668433
counter/2/0/0/0,9174:1747647655892:,1747647668433
counter/3/0/0/0,10005:1747647657616:,1747647668433
counter/3/0/0/0,10006:1747647657616:,1747647668433
counter/3/0/0/0,10007:1747647657616:,1747647668433
counter/3/0/0/0,10008:1747647657619:,1747647668433
counter/3/0/0/0,10009:1747647657620:,1747647668433
counter/3/0/0/0,10010:1747647657620:,1747647668433
counter/3/0/0/0,10011:1747647657620:,1747647668433
counter/3/0/0/0,10012:1747647657620:,1747647668433
counter/3/0/0/0,10013:1747647657620:,1747647668433
counter/3/0/0/0,10014:1747647657620:,1747647668433
counter/3/0/0/0,10015:1747647657620:,1747647668433
counter/3/0/0/0,10016:1747647657620:,1747647668433
counter/3/0/0/0,10017:1747647657620:,1747647668433
counter/3/0/0/0,10018:1747647657620:,1747647668433
counter/3/0/0/0,10019:1747647657620:,1747647668433
counter/3/0/0/0,10020:1747647657620:,1747647668433
counter/7/0/0/0,9168:1747647657035:,1747647668435
counter/7/0/0/0,9169:1747647657035:,1747647668435
counter/7/0/0/0,9170:1747647657035:,1747647668435
counter/7/0/0/0,9171:1747647657035:,1747647668435
counter/7/0/0/0,9172:1747647657035:,1747647668435
counter/7/0/0/0,9173:1747647657035:,1747647668435
counter/7/0/0/0,9174:1747647657035:,1747647668435
counter/8/0/0/0,9445:1747647656513:,1747647668435
counter/8/0/0/0,9446:1747647656513:,1747647668435
counter/8/0/0/0,9447:1747647656513:,1747647668436
counter/8/0/0/0,9448:1747647656514:,1747647668436
counter/8/0/0/0,9449:1747647656514:,1747647668436
counter/8/0/0/0,9450:1747647656515:,1747647668436
counter/8/0/0/0,9451:1747647656515:,1747647668436
counter/8/0/0/0,9452:1747647656515:,1747647668436
counter/8/0/0/0,9453:1747647656515:,1747647668436
counter/7/0/0/0,9175:1747647657035:,1747647668436
counter/6/0/0/0,8669:1747647657028:,1747647668437
counter/6/0/0/0,8670:1747647657028:,1747647668437
counter/6/0/0/0,8671:1747647657028:,1747647668437
counter/5/0/0/0,9278:1747647656710:,1747647668437
counter/5/0/0/0,9279:1747647656710:,1747647668437
counter/4/0/0/0,9540:1747647657894:,1747647668437
counter/4/0/0/0,9541:1747647657894:,1747647668437
counter/4/0/0/0,9542:1747647657894:,1747647668437
counter/4/0/0/0,9543:1747647657895:,1747647668437
counter/4/0/0/0,9544:1747647657895:,1747647668437
counter/7/0/0/0,9176:1747647657035:,1747647668439
counter/7/0/0/0,9177:1747647657035:,1747647668439
counter/7/0/0/0,9178:1747647657035:,1747647668439
counter/7/0/0/0,9179:1747647657035:,1747647668439
counter/7/0/0/0,9180:1747647657035:,1747647668439
counter/7/0/0/0,9181:1747647657035:,1747647668439
counter/7/0/0/0,9182:1747647657035:,1747647668440
counter/7/0/0/0,9183:1747647657036:,1747647668440
counter/7/0/0/0,9184:1747647657043:,1747647668440
counter/7/0/0/0,9185:1747647657044:,1747647668440
counter/7/0/0/0,9186:1747647657044:,1747647668440
counter/7/0/0/0,9187:1747647657044:,1747647668440
counter/7/0/0/0,9188:1747647657044:,1747647668440
counter/7/0/0/0,9189:1747647657057:,1747647668440
counter/7/0/0/0,9190:1747647657057:,1747647668440
counter/8/0/0/0,9454:1747647656516:,1747647668440
counter/1/0/0/0,10421:1747647657813:,1747647668440
counter/1/0/0/0,10422:1747647657813:,1747647668440
counter/1/0/0/0,10423:1747647657813:,1747647668440
counter/1/0/0/0,10424:1747647657813:,1747647668440
counter/2/0/0/0,9175:1747647655899:,1747647668441
counter/9/0/0/0,9863:1747647656914:,1747647668441
counter/4/0/0/0,9545:1747647657895:,1747647668442
counter/4/0/0/0,9546:1747647657895:,1747647668442
counter/4/0/0/0,9547:1747647657895:,1747647668442
counter/4/0/0/0,9548:1747647657895:,1747647668442
counter/4/0/0/0,9549:1747647657895:,1747647668442
counter/4/0/0/0,9550:1747647657895:,1747647668442
counter/4/0/0/0,9551:1747647657895:,1747647668442
counter/8/0/0/0,9455:1747647656517:,1747647668442
counter/8/0/0/0,9456:1747647656517:,1747647668442
counter/8/0/0/0,9457:1747647656517:,1747647668442
counter/8/0/0/0,9458:1747647656517:,1747647668442
counter/8/0/0/0,9459:1747647656517:,1747647668442
counter/8/0/0/0,9460:1747647656517:,1747647668442
counter/7/0/0/0,9191:1747647657057:,1747647668442
counter/4/0/0/0,9552:1747647657895:,1747647668444
counter/4/0/0/0,9553:1747647657901:,1747647668444
counter/7/0/0/0,9192:1747647657057:,1747647668444
counter/9/0/0/0,9864:1747647656914:,1747647668444
counter/2/0/0/0,9176:1747647655899:,1747647668444
counter/2/0/0/0,9177:1747647655899:,1747647668444
counter/2/0/0/0,9178:1747647655900:,1747647668444
counter/2/0/0/0,9179:1747647655900:,1747647668444
counter/2/0/0/0,9180:1747647655900:,1747647668444
counter/2/0/0/0,9181:1747647655900:,1747647668444
counter/4/0/0/0,9554:1747647657901:,1747647668445
counter/6/0/0/0,8672:1747647657028:,1747647668445
counter/10/0/0/0,8678:1747647656654:,1747647668446
counter/10/0/0/0,8679:1747647656654:,1747647668446
counter/10/0/0/0,8680:1747647656654:,1747647668446
counter/2/0/0/0,9182:1747647655900:,1747647668446
counter/10/0/0/0,8681:1747647656654:,1747647668450
counter/10/0/0/0,8682:1747647656654:,1747647668450
counter/10/0/0/0,8683:1747647656654:,1747647668450
counter/10/0/0/0,8684:1747647656654:,1747647668450
counter/8/0/0/0,9461:1747647656517:,1747647668451
counter/10/0/0/0,8685:1747647656654:,1747647668451
counter/10/0/0/0,8686:1747647656654:,1747647668451
counter/8/0/0/0,9462:1747647656527:,1747647668451
counter/8/0/0/0,9463:1747647656531:,1747647668451
counter/8/0/0/0,9464:1747647656532:,1747647668451
counter/8/0/0/0,9465:1747647656532:,1747647668451
counter/8/0/0/0,9466:1747647656532:,1747647668451
counter/8/0/0/0,9467:1747647656532:,1747647668451
counter/8/0/0/0,9468:1747647656532:,1747647668451
counter/8/0/0/0,9469:1747647656532:,1747647668451
counter/1/0/0/0,10425:1747647657813:,1747647668451
counter/1/0/0/0,10426:1747647657834:,1747647668451
counter/1/0/0/0,10427:1747647657834:,1747647668451
counter/1/0/0/0,10428:1747647657834:,1747647668451
counter/1/0/0/0,10429:1747647657834:,1747647668452
counter/1/0/0/0,10430:1747647657841:,1747647668452
counter/1/0/0/0,10431:1747647657841:,1747647668452
counter/1/0/0/0,10432:1747647657841:,1747647668452
counter/8/0/0/0,9470:1747647656532:,1747647668452
counter/1/0/0/0,10433:1747647657841:,1747647668452
counter/1/0/0/0,10434:1747647657841:,1747647668452
counter/6/0/0/0,8673:1747647657028:,1747647668452
counter/6/0/0/0,8674:1747647657028:,1747647668452
counter/6/0/0/0,8675:1747647657028:,1747647668452
counter/6/0/0/0,8676:1747647657028:,1747647668452
counter/8/0/0/0,9471:1747647656542:,1747647668452
counter/9/0/0/0,9865:1747647656914:,1747647668453
counter/9/0/0/0,9866:1747647656914:,1747647668453
counter/2/0/0/0,9183:1747647655900:,1747647668453
counter/2/0/0/0,9184:1747647655900:,1747647668453
counter/2/0/0/0,9185:1747647655900:,1747647668453
counter/10/0/0/0,8687:1747647656654:,1747647668453
counter/10/0/0/0,8688:1747647656654:,1747647668453
counter/10/0/0/0,8689:1747647656654:,1747647668453
counter/10/0/0/0,8690:1747647656654:,1747647668453
counter/10/0/0/0,8691:1747647656654:,1747647668453
counter/10/0/0/0,8692:1747647656658:,1747647668453
counter/10/0/0/0,8693:1747647656658:,1747647668453
counter/1/0/0/0,10435:1747647657841:,1747647668454
counter/7/0/0/0,9193:1747647657057:,1747647668454
counter/4/0/0/0,9555:1747647657901:,1747647668454
counter/4/0/0/0,9556:1747647657901:,1747647668454
counter/10/0/0/0,8694:1747647656658:,1747647668454
counter/10/0/0/0,8695:1747647656658:,1747647668454
counter/5/0/0/0,9280:1747647656730:,1747647668455
counter/4/0/0/0,9557:1747647657901:,1747647668456
counter/4/0/0/0,9558:1747647657901:,1747647668456
counter/4/0/0/0,9559:1747647657912:,1747647668456
counter/4/0/0/0,9560:1747647657912:,1747647668456
counter/4/0/0/0,9561:1747647657912:,1747647668456
counter/4/0/0/0,9562:1747647657912:,1747647668456
counter/4/0/0/0,9563:1747647657912:,1747647668457
counter/4/0/0/0,9564:1747647657912:,1747647668457
counter/4/0/0/0,9565:1747647657912:,1747647668457
counter/4/0/0/0,9566:1747647657912:,1747647668457
counter/1/0/0/0,10436:1747647657842:,1747647668457
counter/9/0/0/0,9867:1747647656920:,1747647668457
counter/1/0/0/0,10437:1747647657842:,1747647668457
counter/1/0/0/0,10438:1747647657842:,1747647668457
counter/1/0/0/0,10439:1747647657842:,1747647668457
counter/1/0/0/0,10440:1747647657842:,1747647668457
counter/1/0/0/0,10441:1747647657842:,1747647668457
counter/1/0/0/0,10442:1747647657842:,1747647668457
counter/1/0/0/0,10443:1747647657842:,1747647668457
counter/1/0/0/0,10444:1747647657853:,1747647668458
counter/1/0/0/0,10445:1747647657853:,1747647668458
counter/1/0/0/0,10446:1747647657854:,1747647668458
counter/1/0/0/0,10447:1747647657854:,1747647668458
counter/1/0/0/0,10448:1747647657854:,1747647668458
counter/1/0/0/0,10449:1747647657854:,1747647668458
counter/1/0/0/0,10450:1747647657854:,1747647668458
counter/8/0/0/0,9472:1747647656542:,1747647668458
counter/8/0/0/0,9473:1747647656542:,1747647668459
counter/8/0/0/0,9474:1747647656542:,1747647668459
counter/8/0/0/0,9475:1747647656542:,1747647668459
counter/8/0/0/0,9476:1747647656542:,1747647668459
counter/8/0/0/0,9477:1747647656542:,1747647668459
counter/8/0/0/0,9478:1747647656542:,1747647668459
counter/8/0/0/0,9479:1747647656542:,1747647668459
counter/8/0/0/0,9480:1747647656542:,1747647668459
counter/9/0/0/0,9868:1747647656920:,1747647668459
counter/7/0/0/0,9194:1747647657057:,1747647668459
counter/5/0/0/0,9281:1747647656731:,1747647668459
counter/3/0/0/0,10021:1747647657620:,1747647668459
counter/10/0/0/0,8696:1747647656658:,1747647668459
counter/3/0/0/0,10022:1747647657620:,1747647668462
counter/5/0/0/0,9282:1747647656731:,1747647668462
counter/5/0/0/0,9283:1747647656731:,1747647668462
counter/5/0/0/0,9284:1747647656731:,1747647668462
counter/5/0/0/0,9285:1747647656731:,1747647668462
counter/5/0/0/0,9286:1747647656731:,1747647668462
counter/8/0/0/0,9481:1747647656542:,1747647668462
counter/7/0/0/0,9195:1747647657065:,1747647668464
counter/7/0/0/0,9196:1747647657065:,1747647668464
counter/7/0/0/0,9197:1747647657065:,1747647668464
counter/7/0/0/0,9198:1747647657065:,1747647668465
counter/7/0/0/0,9199:1747647657066:,1747647668465
counter/7/0/0/0,9200:1747647657066:,1747647668465
counter/6/0/0/0,8677:1747647657028:,1747647668465
counter/8/0/0/0,9482:1747647656542:,1747647668465
counter/8/0/0/0,9483:1747647656542:,1747647668465
counter/8/0/0/0,9484:1747647656542:,1747647668465
counter/8/0/0/0,9485:1747647656542:,1747647668465
counter/8/0/0/0,9486:1747647656544:,1747647668465
counter/8/0/0/0,9487:1747647656544:,1747647668465
counter/9/0/0/0,9869:1747647656920:,1747647668465
counter/4/0/0/0,9567:1747647657912:,1747647668466
counter/4/0/0/0,9568:1747647657912:,1747647668466
counter/4/0/0/0,9569:1747647657913:,1747647668466
counter/4/0/0/0,9570:1747647657916:,1747647668466
counter/4/0/0/0,9571:1747647657916:,1747647668466
counter/4/0/0/0,9572:1747647657916:,1747647668466
counter/4/0/0/0,9573:1747647657916:,1747647668466
counter/8/0/0/0,9488:1747647656544:,1747647668467
counter/8/0/0/0,9489:1747647656544:,1747647668467
counter/8/0/0/0,9490:1747647656544:,1747647668467
counter/8/0/0/0,9491:1747647656544:,1747647668467
counter/8/0/0/0,9492:1747647656544:,1747647668467
counter/8/0/0/0,9493:1747647656544:,1747647668467
counter/8/0/0/0,9494:1747647656544:,1747647668467
counter/8/0/0/0,9495:1747647656544:,1747647668467
counter/1/0/0/0,10451:1747647657854:,1747647668468
counter/10/0/0/0,8697:1747647656658:,1747647668468
counter/3/0/0/0,10023:1747647657620:,1747647668469
counter/3/0/0/0,10024:1747647657620:,1747647668469
counter/3/0/0/0,10025:1747647657622:,1747647668469
counter/3/0/0/0,10026:1747647657622:,1747647668469
counter/3/0/0/0,10027:1747647657622:,1747647668469
counter/3/0/0/0,10028:1747647657622:,1747647668469
counter/3/0/0/0,10029:1747647657622:,1747647668469
counter/3/0/0/0,10030:1747647657622:,1747647668469
counter/3/0/0/0,10031:1747647657623:,1747647668469
counter/3/0/0/0,10032:1747647657623:,1747647668469
counter/3/0/0/0,10033:1747647657623:,1747647668469
counter/2/0/0/0,9186:1747647655900:,1747647668470
counter/6/0/0/0,8678:1747647657034:,1747647668470
counter/5/0/0/0,9287:1747647656731:,1747647668470
counter/9/0/0/0,9870:1747647656920:,1747647668470
counter/5/0/0/0,9288:1747647656731:,1747647668470
counter/10/0/0/0,8698:1747647656658:,1747647668470
counter/10/0/0/0,8699:1747647656658:,1747647668470
counter/10/0/0/0,8700:1747647656658:,1747647668470
counter/10/0/0/0,8701:1747647656658:,1747647668470
counter/10/0/0/0,8702:1747647656658:,1747647668470
counter/10/0/0/0,8703:1747647656659:,1747647668470
counter/10/0/0/0,8704:1747647656659:,1747647668470
counter/7/0/0/0,9201:1747647657066:,1747647668471
counter/2/0/0/0,9187:1747647655900:,1747647668471
counter/9/0/0/0,9871:1747647656920:,1747647668471
counter/9/0/0/0,9872:1747647656920:,1747647668473
counter/4/0/0/0,9574:1747647657916:,1747647668473
counter/4/0/0/0,9575:1747647657921:,1747647668473
counter/4/0/0/0,9576:1747647657921:,1747647668473
counter/9/0/0/0,9873:1747647656920:,1747647668475
counter/1/0/0/0,10452:1747647657854:,1747647668475
counter/9/0/0/0,9874:1747647656920:,1747647668475
counter/9/0/0/0,9875:1747647656920:,1747647668475
counter/7/0/0/0,9202:1747647657066:,1747647668477
counter/3/0/0/0,10034:1747647657623:,1747647668477
counter/8/0/0/0,9496:1747647656548:,1747647668477
counter/9/0/0/0,9876:1747647656920:,1747647668479
counter/9/0/0/0,9877:1747647656920:,1747647668479
counter/9/0/0/0,9878:1747647656920:,1747647668479
counter/9/0/0/0,9879:1747647656920:,1747647668479
counter/9/0/0/0,9880:1747647656920:,1747647668479
counter/9/0/0/0,9881:1747647656920:,1747647668479
counter/7/0/0/0,9203:1747647657066:,1747647668480
counter/6/0/0/0,8679:1747647657034:,1747647668480
counter/6/0/0/0,8680:1747647657034:,1747647668480
counter/6/0/0/0,8681:1747647657034:,1747647668480
counter/6/0/0/0,8682:1747647657040:,1747647668480
counter/6/0/0/0,8683:1747647657040:,1747647668480
counter/6/0/0/0,8684:1747647657040:,1747647668481
counter/6/0/0/0,8685:1747647657040:,1747647668481
counter/6/0/0/0,8686:1747647657040:,1747647668481
counter/6/0/0/0,8687:1747647657040:,1747647668481
counter/2/0/0/0,9188:1747647655900:,1747647668481
counter/2/0/0/0,9189:1747647655907:,1747647668481
counter/2/0/0/0,9190:1747647655907:,1747647668482
counter/2/0/0/0,9191:1747647655907:,1747647668482
counter/2/0/0/0,9192:1747647655907:,1747647668482
counter/2/0/0/0,9193:1747647655907:,1747647668482
counter/2/0/0/0,9194:1747647655907:,1747647668482
counter/2/0/0/0,9195:1747647655907:,1747647668482
counter/5/0/0/0,9289:1747647656731:,1747647668482
counter/8/0/0/0,9497:1747647656548:,1747647668482
counter/4/0/0/0,9577:1747647657938:,1747647668482
counter/3/0/0/0,10035:1747647657625:,1747647668482
counter/3/0/0/0,10036:1747647657625:,1747647668482
counter/3/0/0/0,10037:1747647657625:,1747647668482
counter/3/0/0/0,10038:1747647657625:,1747647668483
counter/3/0/0/0,10039:1747647657625:,1747647668483
counter/3/0/0/0,10040:1747647657625:,1747647668483
counter/7/0/0/0,9204:1747647657066:,1747647668483
counter/7/0/0/0,9205:1747647657068:,1747647668483
counter/9/0/0/0,9882:1747647656923:,1747647668483
counter/2/0/0/0,9196:1747647655907:,1747647668485
counter/7/0/0/0,9206:1747647657068:,1747647668485
counter/1/0/0/0,10453:1747647657854:,1747647668485
counter/1/0/0/0,10454:1747647657854:,1747647668486
counter/1/0/0/0,10455:1747647657854:,1747647668486
counter/1/0/0/0,10456:1747647657854:,1747647668486
counter/1/0/0/0,10457:1747647657854:,1747647668486
counter/1/0/0/0,10458:1747647657854:,1747647668486
counter/10/0/0/0,8705:1747647656661:,1747647668486
counter/6/0/0/0,8688:1747647657040:,1747647668486
counter/6/0/0/0,8689:1747647657040:,1747647668486
counter/6/0/0/0,8690:1747647657040:,1747647668486
counter/6/0/0/0,8691:1747647657040:,1747647668486
counter/6/0/0/0,8692:1747647657040:,1747647668486
counter/6/0/0/0,8693:1747647657040:,1747647668486
counter/6/0/0/0,8694:1747647657043:,1747647668486
counter/5/0/0/0,9290:1747647656731:,1747647668486
counter/2/0/0/0,9197:1747647655907:,1747647668487
counter/6/0/0/0,8695:1747647657043:,1747647668487
counter/2/0/0/0,9198:1747647655907:,1747647668487
counter/2/0/0/0,9199:1747647655907:,1747647668487
counter/5/0/0/0,9291:1747647656731:,1747647668487
counter/10/0/0/0,8706:1747647656661:,1747647668487
counter/6/0/0/0,8696:1747647657043:,1747647668488
counter/6/0/0/0,8697:1747647657043:,1747647668488
counter/6/0/0/0,8698:1747647657043:,1747647668488
counter/6/0/0/0,8699:1747647657043:,1747647668488
counter/6/0/0/0,8700:1747647657043:,1747647668488
counter/6/0/0/0,8701:1747647657043:,1747647668488
counter/6/0/0/0,8702:1747647657043:,1747647668488
counter/4/0/0/0,9578:1747647657938:,1747647668488
counter/4/0/0/0,9579:1747647657938:,1747647668488
counter/7/0/0/0,9207:1747647657068:,1747647668488
counter/5/0/0/0,9292:1747647656731:,1747647668488
counter/5/0/0/0,9293:1747647656732:,1747647668488
counter/8/0/0/0,9498:1747647656548:,1747647668488
counter/8/0/0/0,9499:1747647656548:,1747647668489
counter/8/0/0/0,9500:1747647656548:,1747647668489
counter/8/0/0/0,9501:1747647656548:,1747647668489
counter/8/0/0/0,9502:1747647656548:,1747647668489
counter/10/0/0/0,8707:1747647656661:,1747647668489
counter/10/0/0/0,8708:1747647656661:,1747647668489
counter/10/0/0/0,8709:1747647656661:,1747647668489
counter/10/0/0/0,8710:1747647656661:,1747647668489
counter/3/0/0/0,10041:1747647657625:,1747647668489
counter/3/0/0/0,10042:1747647657625:,1747647668489
counter/3/0/0/0,10043:1747647657625:,1747647668489
counter/3/0/0/0,10044:1747647657626:,1747647668490
counter/3/0/0/0,10045:1747647657626:,1747647668490
counter/3/0/0/0,10046:1747647657626:,1747647668490
counter/3/0/0/0,10047:1747647657626:,1747647668490
counter/3/0/0/0,10048:1747647657642:,1747647668490
counter/7/0/0/0,9208:1747647657075:,1747647668490
counter/1/0/0/0,10459:1747647657854:,1747647668490
counter/9/0/0/0,9883:1747647656923:,1747647668490
counter/8/0/0/0,9503:1747647656548:,1747647668490
counter/8/0/0/0,9504:1747647656548:,1747647668490
counter/8/0/0/0,9505:1747647656558:,1747647668490
counter/8/0/0/0,9506:1747647656558:,1747647668490
counter/8/0/0/0,9507:1747647656558:,1747647668490
counter/8/0/0/0,9508:1747647656558:,1747647668490
counter/8/0/0/0,9509:1747647656558:,1747647668490
counter/6/0/0/0,8703:1747647657043:,1747647668491
counter/6/0/0/0,8704:1747647657043:,1747647668491
counter/5/0/0/0,9294:1747647656739:,1747647668492
counter/1/0/0/0,10460:1747647657854:,1747647668492
counter/7/0/0/0,9209:1747647657075:,1747647668494
counter/2/0/0/0,9200:1747647655907:,1747647668494
counter/5/0/0/0,9295:1747647656740:,1747647668494
counter/1/0/0/0,10461:1747647657854:,1747647668494
counter/6/0/0/0,8705:1747647657043:,1747647668494
counter/1/0/0/0,10462:1747647657854:,1747647668495
counter/1/0/0/0,10463:1747647657854:,1747647668495
counter/1/0/0/0,10464:1747647657854:,1747647668495
counter/1/0/0/0,10465:1747647657854:,1747647668495
counter/1/0/0/0,10466:1747647657854:,1747647668496
counter/9/0/0/0,9884:1747647656923:,1747647668496
counter/7/0/0/0,9210:1747647657075:,1747647668496
counter/9/0/0/0,9885:1747647656923:,1747647668496
counter/4/0/0/0,9580:1747647657938:,1747647668496
counter/4/0/0/0,9581:1747647657938:,1747647668496
counter/4/0/0/0,9582:1747647657938:,1747647668496
counter/4/0/0/0,9583:1747647657938:,1747647668496
counter/3/0/0/0,10049:1747647657642:,1747647668496
counter/8/0/0/0,9510:1747647656562:,1747647668496
counter/8/0/0/0,9511:1747647656562:,1747647668496
counter/8/0/0/0,9512:1747647656562:,1747647668496
counter/8/0/0/0,9513:1747647656562:,1747647668496
counter/8/0/0/0,9514:1747647656562:,1747647668496
counter/8/0/0/0,9515:1747647656562:,1747647668496
counter/6/0/0/0,8706:1747647657048:,1747647668496
counter/2/0/0/0,9201:1747647655907:,1747647668497
counter/2/0/0/0,9202:1747647655907:,1747647668497
counter/7/0/0/0,9211:1747647657075:,1747647668497
counter/9/0/0/0,9886:1747647656923:,1747647668497
counter/10/0/0/0,8711:1747647656661:,1747647668497
counter/10/0/0/0,8712:1747647656661:,1747647668497
counter/10/0/0/0,8713:1747647656661:,1747647668498
counter/10/0/0/0,8714:1747647656661:,1747647668498
counter/10/0/0/0,8715:1747647656661:,1747647668498
counter/10/0/0/0,8716:1747647656661:,1747647668498
counter/10/0/0/0,8717:1747647656661:,1747647668498
counter/10/0/0/0,8718:1747647656661:,1747647668498
counter/2/0/0/0,9203:1747647655907:,1747647668498
counter/10/0/0/0,8719:1747647656662:,1747647668498
counter/10/0/0/0,8720:1747647656662:,1747647668498
counter/10/0/0/0,8721:1747647656662:,1747647668498
counter/10/0/0/0,8722:1747647656662:,1747647668498
counter/10/0/0/0,8723:1747647656662:,1747647668499
counter/10/0/0/0,8724:1747647656662:,1747647668499
counter/10/0/0/0,8725:1747647656662:,1747647668499
counter/10/0/0/0,8726:1747647656662:,1747647668499
counter/10/0/0/0,8727:1747647656662:,1747647668499
counter/10/0/0/0,8728:1747647656662:,1747647668499
counter/10/0/0/0,8729:1747647656662:,1747647668499
counter/10/0/0/0,8730:1747647656662:,1747647668499
counter/10/0/0/0,8731:1747647656662:,1747647668499
counter/4/0/0/0,9584:1747647657938:,1747647668499
counter/7/0/0/0,9212:1747647657075:,1747647668500
counter/4/0/0/0,9585:1747647657938:,1747647668500
counter/4/0/0/0,9586:1747647657942:,1747647668500
counter/4/0/0/0,9587:1747647657946:,1747647668501
counter/4/0/0/0,9588:1747647657946:,1747647668501
counter/4/0/0/0,9589:1747647657946:,1747647668501
counter/4/0/0/0,9590:1747647657946:,1747647668501
counter/4/0/0/0,9591:1747647657946:,1747647668501
counter/4/0/0/0,9592:1747647657956:,1747647668501
counter/4/0/0/0,9593:1747647657956:,1747647668501
counter/9/0/0/0,9887:1747647656923:,1747647668501
counter/3/0/0/0,10050:1747647657642:,1747647668501
counter/3/0/0/0,10051:1747647657643:,1747647668501
counter/3/0/0/0,10052:1747647657643:,1747647668501
counter/3/0/0/0,10053:1747647657643:,1747647668502
counter/3/0/0/0,10054:1747647657643:,1747647668502
counter/3/0/0/0,10055:1747647657643:,1747647668502
counter/3/0/0/0,10056:1747647657653:,1747647668502
counter/3/0/0/0,10057:1747647657653:,1747647668502
counter/3/0/0/0,10058:1747647657653:,1747647668502
counter/8/0/0/0,9516:1747647656563:,1747647668502
counter/8/0/0/0,9517:1747647656563:,1747647668502
counter/8/0/0/0,9518:1747647656567:,1747647668502
counter/8/0/0/0,9519:1747647656567:,1747647668502
counter/8/0/0/0,9520:1747647656567:,1747647668502
counter/8/0/0/0,9521:1747647656567:,1747647668502
counter/5/0/0/0,9296:1747647656740:,1747647668503
counter/5/0/0/0,9297:1747647656740:,1747647668503
counter/8/0/0/0,9522:1747647656567:,1747647668503
counter/8/0/0/0,9523:1747647656567:,1747647668503
counter/8/0/0/0,9524:1747647656567:,1747647668503
counter/8/0/0/0,9525:1747647656572:,1747647668503
counter/8/0/0/0,9526:1747647656572:,1747647668503
counter/1/0/0/0,10467:1747647657860:,1747647668503
counter/3/0/0/0,10059:1747647657653:,1747647668503
counter/3/0/0/0,10060:1747647657653:,1747647668504
counter/3/0/0/0,10061:1747647657659:,1747647668504
counter/3/0/0/0,10062:1747647657670:,1747647668504
counter/3/0/0/0,10063:1747647657670:,1747647668504
counter/3/0/0/0,10064:1747647657670:,1747647668504
counter/3/0/0/0,10065:1747647657670:,1747647668504
counter/3/0/0/0,10066:1747647657670:,1747647668504
counter/8/0/0/0,9527:1747647656572:,1747647668504
counter/1/0/0/0,10468:1747647657861:,1747647668504
counter/6/0/0/0,8707:1747647657048:,1747647668504
counter/6/0/0/0,8708:1747647657048:,1747647668504
counter/6/0/0/0,8709:1747647657048:,1747647668504
counter/6/0/0/0,8710:1747647657048:,1747647668505
counter/6/0/0/0,8711:1747647657048:,1747647668505
counter/6/0/0/0,8712:1747647657048:,1747647668505
counter/9/0/0/0,9888:1747647656941:,1747647668505
counter/10/0/0/0,8732:1747647656662:,1747647668506
counter/9/0/0/0,9889:1747647656941:,1747647668506
counter/9/0/0/0,9890:1747647656941:,1747647668506
counter/9/0/0/0,9891:1747647656941:,1747647668506
counter/9/0/0/0,9892:1747647656941:,1747647668506
counter/9/0/0/0,9893:1747647656941:,1747647668506
counter/9/0/0/0,9894:1747647656941:,1747647668506
counter/9/0/0/0,9895:1747647656941:,1747647668506
counter/9/0/0/0,9896:1747647656946:,1747647668506
counter/9/0/0/0,9897:1747647656946:,1747647668506
counter/9/0/0/0,9898:1747647656946:,1747647668506
counter/9/0/0/0,9899:1747647656946:,1747647668506
counter/9/0/0/0,9900:1747647656946:,1747647668507
counter/3/0/0/0,10067:1747647657670:,1747647668507
counter/6/0/0/0,8713:1747647657048:,1747647668507
counter/8/0/0/0,9528:1747647656572:,1747647668507
counter/8/0/0/0,9529:1747647656572:,1747647668507
counter/4/0/0/0,9594:1747647657965:,1747647668507
counter/10/0/0/0,8733:1747647656662:,1747647668507
counter/1/0/0/0,10469:1747647657861:,1747647668507
counter/1/0/0/0,10470:1747647657861:,1747647668507
counter/1/0/0/0,10471:1747647657861:,1747647668507
counter/1/0/0/0,10472:1747647657861:,1747647668507
counter/1/0/0/0,10473:1747647657861:,1747647668507
counter/1/0/0/0,10474:1747647657861:,1747647668507
counter/1/0/0/0,10475:1747647657861:,1747647668507
counter/5/0/0/0,9298:1747647656740:,1747647668508
counter/5/0/0/0,9299:1747647656740:,1747647668508
counter/5/0/0/0,9300:1747647656740:,1747647668508
counter/10/0/0/0,8734:1747647656662:,1747647668508
counter/10/0/0/0,8735:1747647656662:,1747647668508
counter/10/0/0/0,8736:1747647656662:,1747647668508
counter/10/0/0/0,8737:1747647656662:,1747647668508
counter/7/0/0/0,9213:1747647657075:,1747647668508
counter/3/0/0/0,10068:1747647657670:,1747647668509
counter/3/0/0/0,10069:1747647657670:,1747647668509
counter/6/0/0/0,8714:1747647657073:,1747647668510
counter/7/0/0/0,9214:1747647657075:,1747647668510
counter/2/0/0/0,9204:1747647655918:,1747647668510
counter/2/0/0/0,9205:1747647655918:,1747647668510
counter/2/0/0/0,9206:1747647655918:,1747647668510
counter/2/0/0/0,9207:1747647655918:,1747647668510
counter/2/0/0/0,9208:1747647655918:,1747647668510
counter/2/0/0/0,9209:1747647655918:,1747647668510
counter/2/0/0/0,9210:1747647655918:,1747647668510
counter/2/0/0/0,9211:1747647655918:,1747647668510
counter/2/0/0/0,9212:1747647655923:,1747647668510
counter/2/0/0/0,9213:1747647655923:,1747647668511
counter/2/0/0/0,9214:1747647655923:,1747647668511
counter/2/0/0/0,9215:1747647655923:,1747647668511
counter/9/0/0/0,9901:1747647656946:,1747647668511
counter/3/0/0/0,10070:1747647657670:,1747647668511
counter/9/0/0/0,9902:1747647656946:,1747647668511
counter/8/0/0/0,9530:1747647656572:,1747647668511
counter/8/0/0/0,9531:1747647656572:,1747647668511
counter/8/0/0/0,9532:1747647656572:,1747647668511
counter/8/0/0/0,9533:1747647656572:,1747647668511
counter/8/0/0/0,9534:1747647656572:,1747647668511
counter/8/0/0/0,9535:1747647656572:,1747647668511
counter/8/0/0/0,9536:1747647656572:,1747647668511
counter/8/0/0/0,9537:1747647656572:,1747647668512
counter/8/0/0/0,9538:1747647656572:,1747647668512
counter/8/0/0/0,9539:1747647656574:,1747647668512
counter/2/0/0/0,9216:1747647655923:,1747647668512
counter/3/0/0/0,10071:1747647657670:,1747647668512
counter/3/0/0/0,10072:1747647657670:,1747647668512
counter/1/0/0/0,10476:1747647657861:,1747647668512
counter/3/0/0/0,10073:1747647657682:,1747647668512
counter/3/0/0/0,10074:1747647657682:,1747647668513
counter/3/0/0/0,10075:1747647657682:,1747647668513
counter/3/0/0/0,10076:1747647657682:,1747647668513
counter/3/0/0/0,10077:1747647657682:,1747647668513
counter/3/0/0/0,10078:1747647657682:,1747647668513
counter/3/0/0/0,10079:1747647657682:,1747647668513
counter/3/0/0/0,10080:1747647657682:,1747647668513
counter/3/0/0/0,10081:1747647657682:,1747647668513
counter/3/0/0/0,10082:1747647657682:,1747647668513
counter/3/0/0/0,10083:1747647657682:,1747647668513
counter/3/0/0/0,10084:1747647657682:,1747647668513
counter/3/0/0/0,10085:1747647657682:,1747647668513
counter/3/0/0/0,10086:1747647657689:,1747647668513
counter/3/0/0/0,10087:1747647657701:,1747647668514
counter/3/0/0/0,10088:1747647657701:,1747647668514
counter/3/0/0/0,10089:1747647657701:,1747647668514
counter/1/0/0/0,10477:1747647657861:,1747647668514
counter/10/0/0/0,8738:1747647656662:,1747647668514
counter/8/0/0/0,9540:1747647656574:,1747647668514
counter/8/0/0/0,9541:1747647656575:,1747647668514
counter/8/0/0/0,9542:1747647656577:,1747647668514
counter/6/0/0/0,8715:1747647657073:,1747647668514
counter/6/0/0/0,8716:1747647657073:,1747647668514
counter/6/0/0/0,8717:1747647657073:,1747647668514
counter/6/0/0/0,8718:1747647657074:,1747647668514
counter/6/0/0/0,8719:1747647657074:,1747647668514
counter/7/0/0/0,9215:1747647657075:,1747647668515
counter/4/0/0/0,9595:1747647657965:,1747647668515
counter/7/0/0/0,9216:1747647657075:,1747647668516
counter/8/0/0/0,9543:1747647656577:,1747647668516
counter/8/0/0/0,9544:1747647656578:,1747647668516
counter/8/0/0/0,9545:1747647656578:,1747647668516
counter/8/0/0/0,9546:1747647656578:,1747647668516
counter/8/0/0/0,9547:1747647656579:,1747647668517
counter/8/0/0/0,9548:1747647656580:,1747647668517
counter/8/0/0/0,9549:1747647656580:,1747647668517
counter/8/0/0/0,9550:1747647656580:,1747647668517
counter/8/0/0/0,9551:1747647656580:,1747647668517
counter/8/0/0/0,9552:1747647656580:,1747647668517
counter/8/0/0/0,9553:1747647656580:,1747647668517
counter/8/0/0/0,9554:1747647656580:,1747647668517
counter/8/0/0/0,9555:1747647656586:,1747647668517
counter/8/0/0/0,9556:1747647656586:,1747647668517
counter/8/0/0/0,9557:1747647656586:,1747647668517
counter/10/0/0/0,8739:1747647656662:,1747647668517
counter/9/0/0/0,9903:1747647656946:,1747647668519
counter/9/0/0/0,9904:1747647656947:,1747647668519
counter/9/0/0/0,9905:1747647656947:,1747647668519
counter/9/0/0/0,9906:1747647656947:,1747647668519
counter/9/0/0/0,9907:1747647656947:,1747647668519
counter/9/0/0/0,9908:1747647656947:,1747647668519
counter/9/0/0/0,9909:1747647656947:,1747647668519
counter/9/0/0/0,9910:1747647656947:,1747647668519
counter/9/0/0/0,9911:1747647656947:,1747647668519
counter/9/0/0/0,9912:1747647656947:,1747647668519
counter/9/0/0/0,9913:1747647656947:,1747647668519
counter/9/0/0/0,9914:1747647656947:,1747647668519
counter/9/0/0/0,9915:1747647656948:,1747647668519
counter/9/0/0/0,9916:1747647656956:,1747647668519
counter/9/0/0/0,9917:1747647656956:,1747647668519
counter/4/0/0/0,9596:1747647657965:,1747647668520
counter/9/0/0/0,9918:1747647656956:,1747647668520
counter/8/0/0/0,9558:1747647656586:,1747647668520
counter/9/0/0/0,9919:1747647656956:,1747647668520
counter/7/0/0/0,9217:1747647657075:,1747647668520
counter/7/0/0/0,9218:1747647657075:,1747647668520
counter/7/0/0/0,9219:1747647657075:,1747647668520
counter/7/0/0/0,9220:1747647657076:,1747647668520
counter/7/0/0/0,9221:1747647657076:,1747647668520
counter/10/0/0/0,8740:1747647656662:,1747647668520
counter/2/0/0/0,9217:1747647655923:,1747647668520
counter/9/0/0/0,9920:1747647656956:,1747647668520
counter/1/0/0/0,10478:1747647657861:,1747647668520
counter/9/0/0/0,9921:1747647656956:,1747647668520
counter/4/0/0/0,9597:1747647657965:,1747647668520
counter/2/0/0/0,9218:1747647655923:,1747647668520
counter/5/0/0/0,9301:1747647656740:,1747647668520
counter/5/0/0/0,9302:1747647656740:,1747647668520
counter/6/0/0/0,8720:1747647657074:,1747647668521
counter/7/0/0/0,9222:1747647657076:,1747647668521
counter/7/0/0/0,9223:1747647657076:,1747647668521
counter/7/0/0/0,9224:1747647657076:,1747647668521
counter/7/0/0/0,9225:1747647657076:,1747647668521
counter/7/0/0/0,9226:1747647657076:,1747647668521
counter/7/0/0/0,9227:1747647657076:,1747647668521
counter/5/0/0/0,9303:1747647656740:,1747647668522
counter/5/0/0/0,9304:1747647656740:,1747647668522
counter/5/0/0/0,9305:1747647656740:,1747647668522
counter/5/0/0/0,9306:1747647656740:,1747647668522
counter/5/0/0/0,9307:1747647656740:,1747647668522
counter/5/0/0/0,9308:1747647656740:,1747647668522
counter/3/0/0/0,10090:1747647657701:,1747647668522
counter/5/0/0/0,9309:1747647656740:,1747647668522
counter/5/0/0/0,9310:1747647656742:,1747647668522
counter/8/0/0/0,9559:1747647656586:,1747647668523
counter/8/0/0/0,9560:1747647656586:,1747647668523
counter/8/0/0/0,9561:1747647656596:,1747647668523
counter/8/0/0/0,9562:1747647656598:,1747647668523
counter/8/0/0/0,9563:1747647656598:,1747647668523
counter/8/0/0/0,9564:1747647656598:,1747647668523
counter/8/0/0/0,9565:1747647656598:,1747647668523
counter/8/0/0/0,9566:1747647656598:,1747647668523
counter/8/0/0/0,9567:1747647656598:,1747647668523
counter/8/0/0/0,9568:1747647656598:,1747647668523
counter/6/0/0/0,8721:1747647657074:,1747647668523
counter/6/0/0/0,8722:1747647657074:,1747647668524
counter/10/0/0/0,8741:1747647656662:,1747647668524
counter/1/0/0/0,10479:1747647657861:,1747647668524
counter/6/0/0/0,8723:1747647657074:,1747647668525
counter/6/0/0/0,8724:1747647657074:,1747647668525
counter/6/0/0/0,8725:1747647657074:,1747647668525
counter/1/0/0/0,10480:1747647657861:,1747647668526
counter/1/0/0/0,10481:1747647657861:,1747647668526
counter/8/0/0/0,9569:1747647656598:,1747647668526
counter/8/0/0/0,9570:1747647656601:,1747647668526
counter/8/0/0/0,9571:1747647656601:,1747647668526
counter/8/0/0/0,9572:1747647656601:,1747647668526
counter/8/0/0/0,9573:1747647656601:,1747647668526
counter/8/0/0/0,9574:1747647656601:,1747647668526
counter/8/0/0/0,9575:1747647656601:,1747647668526
counter/8/0/0/0,9576:1747647656601:,1747647668526
counter/8/0/0/0,9577:1747647656601:,1747647668526
counter/8/0/0/0,9578:1747647656602:,1747647668526
counter/6/0/0/0,8726:1747647657074:,1747647668527
counter/3/0/0/0,10091:1747647657701:,1747647668527
counter/9/0/0/0,9922:1747647656956:,1747647668528
counter/9/0/0/0,9923:1747647656956:,1747647668528
counter/10/0/0/0,8742:1747647656662:,1747647668528
counter/10/0/0/0,8743:1747647656662:,1747647668528
counter/1/0/0/0,10482:1747647657861:,1747647668528
counter/1/0/0/0,10483:1747647657861:,1747647668528
counter/1/0/0/0,10484:1747647657862:,1747647668528
counter/1/0/0/0,10485:1747647657862:,1747647668528
counter/1/0/0/0,10486:1747647657862:,1747647668529
counter/5/0/0/0,9311:1747647656742:,1747647668529
counter/1/0/0/0,10487:1747647657862:,1747647668530
counter/5/0/0/0,9312:1747647656742:,1747647668530
counter/5/0/0/0,9313:1747647656742:,1747647668530
counter/5/0/0/0,9314:1747647656742:,1747647668531
counter/5/0/0/0,9315:1747647656742:,1747647668531
counter/5/0/0/0,9316:1747647656743:,1747647668531
counter/5/0/0/0,9317:1747647656743:,1747647668531
counter/5/0/0/0,9318:1747647656743:,1747647668531
counter/5/0/0/0,9319:1747647656743:,1747647668531
counter/7/0/0/0,9228:1747647657076:,1747647668531
counter/1/0/0/0,10488:1747647657862:,1747647668533
counter/8/0/0/0,9579:1747647656602:,1747647668533
counter/5/0/0/0,9320:1747647656743:,1747647668534
counter/5/0/0/0,9321:1747647656748:,1747647668534
counter/5/0/0/0,9322:1747647656748:,1747647668534
counter/5/0/0/0,9323:1747647656748:,1747647668534
counter/5/0/0/0,9324:1747647656749:,1747647668534
counter/5/0/0/0,9325:1747647656749:,1747647668534
counter/5/0/0/0,9326:1747647656749:,1747647668534
counter/5/0/0/0,9327:1747647656749:,1747647668534
counter/5/0/0/0,9328:1747647656749:,1747647668534
counter/2/0/0/0,9219:1747647655923:,1747647668534
counter/2/0/0/0,9220:1747647655923:,1747647668534
counter/2/0/0/0,9221:1747647655924:,1747647668534
counter/2/0/0/0,9222:1747647655927:,1747647668534
counter/2/0/0/0,9223:1747647655927:,1747647668534
counter/6/0/0/0,8727:1747647657074:,1747647668534
counter/6/0/0/0,8728:1747647657074:,1747647668535
counter/3/0/0/0,10092:1747647657701:,1747647668535
counter/3/0/0/0,10093:1747647657701:,1747647668535
counter/3/0/0/0,10094:1747647657701:,1747647668535
counter/3/0/0/0,10095:1747647657701:,1747647668535
counter/8/0/0/0,9580:1747647656602:,1747647668536
counter/3/0/0/0,10096:1747647657717:,1747647668537
counter/7/0/0/0,9229:1747647657076:,1747647668537
counter/7/0/0/0,9230:1747647657076:,1747647668537
counter/7/0/0/0,9231:1747647657076:,1747647668537
counter/7/0/0/0,9232:1747647657076:,1747647668537
counter/7/0/0/0,9233:1747647657076:,1747647668537
counter/7/0/0/0,9234:1747647657076:,1747647668538
counter/8/0/0/0,9581:1747647656602:,1747647668538
counter/7/0/0/0,9235:1747647657076:,1747647668538
counter/4/0/0/0,9598:1747647657965:,1747647668538
counter/9/0/0/0,9924:1747647656956:,1747647668538
counter/2/0/0/0,9224:1747647655927:,1747647668538
counter/2/0/0/0,9225:1747647655927:,1747647668538
counter/7/0/0/0,9236:1747647657076:,1747647668538
counter/7/0/0/0,9237:1747647657078:,1747647668538
counter/7/0/0/0,9238:1747647657078:,1747647668539
counter/7/0/0/0,9239:1747647657078:,1747647668539
counter/7/0/0/0,9240:1747647657078:,1747647668539
counter/7/0/0/0,9241:1747647657078:,1747647668539
counter/7/0/0/0,9242:1747647657078:,1747647668539
counter/7/0/0/0,9243:1747647657078:,1747647668539
counter/7/0/0/0,9244:1747647657078:,1747647668539
counter/4/0/0/0,9599:1747647657965:,1747647668541
counter/4/0/0/0,9600:1747647657965:,1747647668541
counter/4/0/0/0,9601:1747647657965:,1747647668541
counter/4/0/0/0,9602:1747647657965:,1747647668541
counter/4/0/0/0,9603:1747647657966:,1747647668541
counter/4/0/0/0,9604:1747647657966:,1747647668541
counter/3/0/0/0,10097:1747647657726:,1747647668541
counter/2/0/0/0,9226:1747647655927:,1747647668541
counter/1/0/0/0,10489:1747647657862:,1747647668541
counter/2/0/0/0,9227:1747647655927:,1747647668541
counter/2/0/0/0,9228:1747647655927:,1747647668541
counter/2/0/0/0,9229:1747647655927:,1747647668541
counter/2/0/0/0,9230:1747647655927:,1747647668541
counter/5/0/0/0,9329:1747647656749:,1747647668541
counter/7/0/0/0,9245:1747647657078:,1747647668541
counter/5/0/0/0,9330:1747647656749:,1747647668541
counter/5/0/0/0,9331:1747647656749:,1747647668542
counter/4/0/0/0,9605:1747647657966:,1747647668542
counter/9/0/0/0,9925:1747647656956:,1747647668542
counter/8/0/0/0,9582:1747647656602:,1747647668542
counter/9/0/0/0,9926:1747647656956:,1747647668543
counter/5/0/0/0,9332:1747647656749:,1747647668544
counter/10/0/0/0,8744:1747647656662:,1747647668545
counter/10/0/0/0,8745:1747647656662:,1747647668545
counter/10/0/0/0,8746:1747647656662:,1747647668545
counter/10/0/0/0,8747:1747647656672:,1747647668545
counter/5/0/0/0,9333:1747647656749:,1747647668545
counter/10/0/0/0,8748:1747647656673:,1747647668545
counter/10/0/0/0,8749:1747647656681:,1747647668545
counter/3/0/0/0,10098:1747647657726:,1747647668545
counter/5/0/0/0,9334:1747647656749:,1747647668547
counter/1/0/0/0,10490:1747647657862:,1747647668548
counter/9/0/0/0,9927:1747647656956:,1747647668548
counter/9/0/0/0,9928:1747647656956:,1747647668548
counter/9/0/0/0,9929:1747647656956:,1747647668548
counter/9/0/0/0,9930:1747647656956:,1747647668548
counter/9/0/0/0,9931:1747647656956:,1747647668548
counter/9/0/0/0,9932:1747647656956:,1747647668548
counter/9/0/0/0,9933:1747647656956:,1747647668548
counter/9/0/0/0,9934:1747647656956:,1747647668549
counter/2/0/0/0,9231:1747647655927:,1747647668549
counter/10/0/0/0,8750:1747647656681:,1747647668549
counter/10/0/0/0,8751:1747647656681:,1747647668549
counter/6/0/0/0,8729:1747647657074:,1747647668549
counter/6/0/0/0,8730:1747647657074:,1747647668550
counter/6/0/0/0,8731:1747647657074:,1747647668550
counter/6/0/0/0,8732:1747647657074:,1747647668550
counter/6/0/0/0,8733:1747647657074:,1747647668550
counter/6/0/0/0,8734:1747647657074:,1747647668550
counter/5/0/0/0,9335:1747647656749:,1747647668550
counter/7/0/0/0,9246:1747647657078:,1747647668550
counter/7/0/0/0,9247:1747647657078:,1747647668550
counter/7/0/0/0,9248:1747647657078:,1747647668550
counter/7/0/0/0,9249:1747647657078:,1747647668550
counter/7/0/0/0,9250:1747647657078:,1747647668550
counter/7/0/0/0,9251:1747647657078:,1747647668550
counter/9/0/0/0,9935:1747647656956:,1747647668550
counter/9/0/0/0,9936:1747647656956:,1747647668550
counter/8/0/0/0,9583:1747647656602:,1747647668550
counter/5/0/0/0,9336:1747647656750:,1747647668552
counter/7/0/0/0,9252:1747647657078:,1747647668552
counter/5/0/0/0,9337:1747647656750:,1747647668552
counter/7/0/0/0,9253:1747647657088:,1747647668552
counter/7/0/0/0,9254:1747647657088:,1747647668552
counter/7/0/0/0,9255:1747647657088:,1747647668552
counter/7/0/0/0,9256:1747647657088:,1747647668552
counter/7/0/0/0,9257:1747647657088:,1747647668552
counter/7/0/0/0,9258:1747647657088:,1747647668552
counter/7/0/0/0,9259:1747647657088:,1747647668552
counter/8/0/0/0,9584:1747647656602:,1747647668552
counter/9/0/0/0,9937:1747647656957:,1747647668553
counter/9/0/0/0,9938:1747647656957:,1747647668553
counter/8/0/0/0,9585:1747647656602:,1747647668554
counter/4/0/0/0,9606:1747647657967:,1747647668554
counter/4/0/0/0,9607:1747647657967:,1747647668554
counter/4/0/0/0,9608:1747647657975:,1747647668554
counter/4/0/0/0,9609:1747647657975:,1747647668554
counter/9/0/0/0,9939:1747647656957:,1747647668554
counter/2/0/0/0,9232:1747647655927:,1747647668554
counter/9/0/0/0,9940:1747647656957:,1747647668554
counter/10/0/0/0,8752:1747647656681:,1747647668554
counter/10/0/0/0,8753:1747647656681:,1747647668555
counter/10/0/0/0,8754:1747647656681:,1747647668555
counter/1/0/0/0,10491:1747647657862:,1747647668555
counter/2/0/0/0,9233:1747647655927:,1747647668555
counter/1/0/0/0,10492:1747647657862:,1747647668556
counter/1/0/0/0,10493:1747647657862:,1747647668556
counter/9/0/0/0,9941:1747647656957:,1747647668556
counter/9/0/0/0,9942:1747647656957:,1747647668556
counter/9/0/0/0,9943:1747647656957:,1747647668556
counter/9/0/0/0,9944:1747647656957:,1747647668556
counter/4/0/0/0,9610:1747647657975:,1747647668559
counter/3/0/0/0,10099:1747647657726:,1747647668559
counter/3/0/0/0,10100:1747647657726:,1747647668559
counter/3/0/0/0,10101:1747647657726:,1747647668559
counter/3/0/0/0,10102:1747647657726:,1747647668559
counter/3/0/0/0,10103:1747647657726:,1747647668559
counter/3/0/0/0,10104:1747647657726:,1747647668559
counter/9/0/0/0,9945:1747647656957:,1747647668559
counter/2/0/0/0,9234:1747647655928:,1747647668560
counter/2/0/0/0,9235:1747647655928:,1747647668560
counter/2/0/0/0,9236:1747647655928:,1747647668560
counter/2/0/0/0,9237:1747647655931:,1747647668560
counter/3/0/0/0,10105:1747647657726:,1747647668560
counter/5/0/0/0,9338:1747647656756:,1747647668562
counter/10/0/0/0,8755:1747647656681:,1747647668562
counter/5/0/0/0,9339:1747647656756:,1747647668562
counter/5/0/0/0,9340:1747647656759:,1747647668562
counter/1/0/0/0,10494:1747647657862:,1747647668562
counter/5/0/0/0,9341:1747647656759:,1747647668562
counter/1/0/0/0,10495:1747647657862:,1747647668562
counter/5/0/0/0,9342:1747647656759:,1747647668562
counter/1/0/0/0,10496:1747647657862:,1747647668562
counter/5/0/0/0,9343:1747647656759:,1747647668562
counter/1/0/0/0,10497:1747647657862:,1747647668562
counter/5/0/0/0,9344:1747647656759:,1747647668562
counter/1/0/0/0,10498:1747647657863:,1747647668562
counter/1/0/0/0,10499:1747647657863:,1747647668562
counter/1/0/0/0,10500:1747647657863:,1747647668562
counter/1/0/0/0,10501:1747647657863:,1747647668562
counter/1/0/0/0,10502:1747647657863:,1747647668562
counter/1/0/0/0,10503:1747647657863:,1747647668562
counter/10/0/0/0,8756:1747647656681:,1747647668562
counter/4/0/0/0,9611:1747647657975:,1747647668563
counter/3/0/0/0,10106:1747647657726:,1747647668564
counter/9/0/0/0,9946:1747647656957:,1747647668564
counter/9/0/0/0,9947:1747647656957:,1747647668564
counter/9/0/0/0,9948:1747647656957:,1747647668564
counter/9/0/0/0,9949:1747647656957:,1747647668564
counter/9/0/0/0,9950:1747647656957:,1747647668564
counter/9/0/0/0,9951:1747647656957:,1747647668565
counter/7/0/0/0,9260:1747647657088:,1747647668565
counter/9/0/0/0,9952:1747647656958:,1747647668565
counter/9/0/0/0,9953:1747647656958:,1747647668565
counter/4/0/0/0,9612:1747647657975:,1747647668565
counter/10/0/0/0,8757:1747647656681:,1747647668565
counter/10/0/0/0,8758:1747647656681:,1747647668565
counter/10/0/0/0,8759:1747647656684:,1747647668565
counter/10/0/0/0,8760:1747647656684:,1747647668565
counter/10/0/0/0,8761:1747647656684:,1747647668565
counter/2/0/0/0,9238:1747647655931:,1747647668565
counter/7/0/0/0,9261:1747647657088:,1747647668565
counter/2/0/0/0,9239:1747647655932:,1747647668565
counter/2/0/0/0,9240:1747647655932:,1747647668565
counter/2/0/0/0,9241:1747647655932:,1747647668565
counter/2/0/0/0,9242:1747647655932:,1747647668566
counter/2/0/0/0,9243:1747647655932:,1747647668566
counter/2/0/0/0,9244:1747647655932:,1747647668566
counter/2/0/0/0,9245:1747647655932:,1747647668566
counter/2/0/0/0,9246:1747647655932:,1747647668566
counter/2/0/0/0,9247:1747647655932:,1747647668566
counter/2/0/0/0,9248:1747647655932:,1747647668566
counter/8/0/0/0,9586:1747647656602:,1747647668566
counter/4/0/0/0,9613:1747647657975:,1747647668566
counter/4/0/0/0,9614:1747647657975:,1747647668566
counter/5/0/0/0,9345:1747647656759:,1747647668566
counter/5/0/0/0,9346:1747647656759:,1747647668566
counter/5/0/0/0,9347:1747647656759:,1747647668566
counter/5/0/0/0,9348:1747647656759:,1747647668566
counter/5/0/0/0,9349:1747647656759:,1747647668566
counter/5/0/0/0,9350:1747647656759:,1747647668566
counter/5/0/0/0,9351:1747647656759:,1747647668566
counter/5/0/0/0,9352:1747647656759:,1747647668566
counter/5/0/0/0,9353:1747647656759:,1747647668567
counter/5/0/0/0,9354:1747647656762:,1747647668567
counter/5/0/0/0,9355:1747647656762:,1747647668567
counter/1/0/0/0,10504:1747647657863:,1747647668571
counter/1/0/0/0,10505:1747647657866:,1747647668571
counter/1/0/0/0,10506:1747647657866:,1747647668571
counter/1/0/0/0,10507:1747647657866:,1747647668571
counter/9/0/0/0,9954:1747647656958:,1747647668571
counter/8/0/0/0,9587:1747647656602:,1747647668571
counter/2/0/0/0,9249:1747647655932:,1747647668572
counter/4/0/0/0,9615:1747647657975:,1747647668573
counter/3/0/0/0,10107:1747647657726:,1747647668573
counter/9/0/0/0,9955:1747647656958:,1747647668574
counter/10/0/0/0,8762:1747647656684:,1747647668574
counter/8/0/0/0,9588:1747647656602:,1747647668574
counter/3/0/0/0,10108:1747647657726:,1747647668575
counter/7/0/0/0,9262:1747647657088:,1747647668575
counter/3/0/0/0,10109:1747647657726:,1747647668575
counter/5/0/0/0,9356:1747647656768:,1747647668575
counter/3/0/0/0,10110:1747647657726:,1747647668575
counter/4/0/0/0,9616:1747647657975:,1747647668577
counter/2/0/0/0,9250:1747647655932:,1747647668577
counter/6/0/0/0,8735:1747647657074:,1747647668577
counter/6/0/0/0,8736:1747647657074:,1747647668577
counter/6/0/0/0,8737:1747647657074:,1747647668577
counter/6/0/0/0,8738:1747647657074:,1747647668577
counter/6/0/0/0,8739:1747647657074:,1747647668578
counter/6/0/0/0,8740:1747647657074:,1747647668578
counter/6/0/0/0,8741:1747647657074:,1747647668578
counter/6/0/0/0,8742:1747647657074:,1747647668578
counter/6/0/0/0,8743:1747647657074:,1747647668578
counter/9/0/0/0,9956:1747647656958:,1747647668578
counter/2/0/0/0,9251:1747647655932:,1747647668580
counter/6/0/0/0,8744:1747647657082:,1747647668580
counter/6/0/0/0,8745:1747647657082:,1747647668580
counter/6/0/0/0,8746:1747647657083:,1747647668580
counter/6/0/0/0,8747:1747647657083:,1747647668580
counter/6/0/0/0,8748:1747647657083:,1747647668580
counter/10/0/0/0,8763:1747647656684:,1747647668580
counter/5/0/0/0,9357:1747647656769:,1747647668581
counter/3/0/0/0,10111:1747647657726:,1747647668581
counter/3/0/0/0,10112:1747647657726:,1747647668581
counter/3/0/0/0,10113:1747647657726:,1747647668581
counter/3/0/0/0,10114:1747647657726:,1747647668581
counter/3/0/0/0,10115:1747647657726:,1747647668581
counter/3/0/0/0,10116:1747647657737:,1747647668581
counter/3/0/0/0,10117:1747647657741:,1747647668581
counter/4/0/0/0,9617:1747647657975:,1747647668582
counter/10/0/0/0,8764:1747647656684:,1747647668582
counter/4/0/0/0,9618:1747647657975:,1747647668583
counter/5/0/0/0,9358:1747647656769:,1747647668583
counter/5/0/0/0,9359:1747647656769:,1747647668583
counter/5/0/0/0,9360:1747647656769:,1747647668583
counter/5/0/0/0,9361:1747647656769:,1747647668583
counter/5/0/0/0,9362:1747647656769:,1747647668583
counter/6/0/0/0,8749:1747647657083:,1747647668583
counter/6/0/0/0,8750:1747647657083:,1747647668583
counter/3/0/0/0,10118:1747647657741:,1747647668583
counter/2/0/0/0,9252:1747647655932:,1747647668585
counter/2/0/0/0,9253:1747647655932:,1747647668585
counter/2/0/0/0,9254:1747647655934:,1747647668585
counter/2/0/0/0,9255:1747647655934:,1747647668585
counter/2/0/0/0,9256:1747647655934:,1747647668585
counter/2/0/0/0,9257:1747647655934:,1747647668585
counter/2/0/0/0,9258:1747647655934:,1747647668585
counter/4/0/0/0,9619:1747647657975:,1747647668585
counter/4/0/0/0,9620:1747647657975:,1747647668585
counter/4/0/0/0,9621:1747647657975:,1747647668585
counter/10/0/0/0,8765:1747647656684:,1747647668585
counter/1/0/0/0,10508:1747647657866:,1747647668586
counter/6/0/0/0,8751:1747647657083:,1747647668586
counter/6/0/0/0,8752:1747647657083:,1747647668586
counter/6/0/0/0,8753:1747647657084:,1747647668586
counter/10/0/0/0,8766:1747647656684:,1747647668587
counter/1/0/0/0,10509:1747647657866:,1747647668587
counter/10/0/0/0,8767:1747647656684:,1747647668587
counter/10/0/0/0,8768:1747647656684:,1747647668588
counter/10/0/0/0,8769:1747647656689:,1747647668588
counter/10/0/0/0,8770:1747647656707:,1747647668588
counter/10/0/0/0,8771:1747647656707:,1747647668588
counter/10/0/0/0,8772:1747647656707:,1747647668588
counter/5/0/0/0,9363:1747647656769:,1747647668588
counter/5/0/0/0,9364:1747647656769:,1747647668588
counter/2/0/0/0,9259:1747647655934:,1747647668588
counter/2/0/0/0,9260:1747647655934:,1747647668588
counter/4/0/0/0,9622:1747647657975:,1747647668588
counter/4/0/0/0,9623:1747647657986:,1747647668588
counter/4/0/0/0,9624:1747647657993:,1747647668588
counter/4/0/0/0,9625:1747647657993:,1747647668588
counter/4/0/0/0,9626:1747647657993:,1747647668588
counter/4/0/0/0,9627:1747647657993:,1747647668588
counter/4/0/0/0,9628:1747647657993:,1747647668588
counter/4/0/0/0,9629:1747647657993:,1747647668589
counter/8/0/0/0,9589:1747647656602:,1747647668589
counter/8/0/0/0,9590:1747647656602:,1747647668589
counter/10/0/0/0,8773:1747647656707:,1747647668589
counter/4/0/0/0,9630:1747647657993:,1747647668589
counter/3/0/0/0,10119:1747647657748:,1747647668589
counter/8/0/0/0,9591:1747647656602:,1747647668589
counter/10/0/0/0,8774:1747647656707:,1747647668590
counter/9/0/0/0,9957:1747647656959:,1747647668590
counter/10/0/0/0,8775:1747647656707:,1747647668590
counter/10/0/0/0,8776:1747647656707:,1747647668590
counter/10/0/0/0,8777:1747647656707:,1747647668590
counter/2/0/0/0,9261:1747647655934:,1747647668590
counter/2/0/0/0,9262:1747647655934:,1747647668590
counter/2/0/0/0,9263:1747647655934:,1747647668590
counter/2/0/0/0,9264:1747647655934:,1747647668591
counter/2/0/0/0,9265:1747647655934:,1747647668591
counter/2/0/0/0,9266:1747647655934:,1747647668591
counter/2/0/0/0,9267:1747647655934:,1747647668591
counter/2/0/0/0,9268:1747647655934:,1747647668591
counter/2/0/0/0,9269:1747647655934:,1747647668591
counter/2/0/0/0,9270:1747647655934:,1747647668591
counter/2/0/0/0,9271:1747647655934:,1747647668591
counter/2/0/0/0,9272:1747647655937:,1747647668591
counter/2/0/0/0,9273:1747647655937:,1747647668591
counter/2/0/0/0,9274:1747647655937:,1747647668591
counter/2/0/0/0,9275:1747647655937:,1747647668591
counter/2/0/0/0,9276:1747647655937:,1747647668591
counter/2/0/0/0,9277:1747647655937:,1747647668591
counter/10/0/0/0,8778:1747647656719:,1747647668592
counter/7/0/0/0,9263:1747647657088:,1747647668592
counter/6/0/0/0,8754:1747647657084:,1747647668592
counter/6/0/0/0,8755:1747647657084:,1747647668592
counter/3/0/0/0,10120:1747647657748:,1747647668592
counter/3/0/0/0,10121:1747647657748:,1747647668592
counter/5/0/0/0,9365:1747647656769:,1747647668592
counter/6/0/0/0,8756:1747647657084:,1747647668594
counter/3/0/0/0,10122:1747647657748:,1747647668594
counter/3/0/0/0,10123:1747647657748:,1747647668594
counter/3/0/0/0,10124:1747647657749:,1747647668594
counter/3/0/0/0,10125:1747647657749:,1747647668594
counter/3/0/0/0,10126:1747647657749:,1747647668594
counter/9/0/0/0,9958:1747647656959:,1747647668594
counter/9/0/0/0,9959:1747647656959:,1747647668594
counter/4/0/0/0,9631:1747647657993:,1747647668594
counter/3/0/0/0,10127:1747647657749:,1747647668595
counter/3/0/0/0,10128:1747647657749:,1747647668596
counter/3/0/0/0,10129:1747647657749:,1747647668596
counter/3/0/0/0,10130:1747647657749:,1747647668596
counter/3/0/0/0,10131:1747647657749:,1747647668596
counter/3/0/0/0,10132:1747647657749:,1747647668596
counter/3/0/0/0,10133:1747647657749:,1747647668596
counter/5/0/0/0,9366:1747647656769:,1747647668596
counter/7/0/0/0,9264:1747647657095:,1747647668596
counter/9/0/0/0,9960:1747647656959:,1747647668596
counter/6/0/0/0,8757:1747647657084:,1747647668596
counter/9/0/0/0,9961:1747647656959:,1747647668598
counter/6/0/0/0,8758:1747647657084:,1747647668599
counter/8/0/0/0,9592:1747647656602:,1747647668601
counter/8/0/0/0,9593:1747647656602:,1747647668601
counter/8/0/0/0,9594:1747647656602:,1747647668601
counter/8/0/0/0,9595:1747647656603:,1747647668601
counter/8/0/0/0,9596:1747647656603:,1747647668601
counter/8/0/0/0,9597:1747647656603:,1747647668601
counter/8/0/0/0,9598:1747647656603:,1747647668601
counter/8/0/0/0,9599:1747647656603:,1747647668601
counter/8/0/0/0,9600:1747647656603:,1747647668601
counter/1/0/0/0,10510:1747647657866:,1747647668603
counter/1/0/0/0,10511:1747647657866:,1747647668603
counter/1/0/0/0,10512:1747647657866:,1747647668603
counter/2/0/0/0,9278:1747647655937:,1747647668603
counter/1/0/0/0,10513:1747647657866:,1747647668604
counter/1/0/0/0,10514:1747647657866:,1747647668604
counter/6/0/0/0,8759:1747647657084:,1747647668604
counter/1/0/0/0,10515:1747647657866:,1747647668604
counter/1/0/0/0,10516:1747647657866:,1747647668604
counter/1/0/0/0,10517:1747647657866:,1747647668604
counter/1/0/0/0,10518:1747647657866:,1747647668604
counter/1/0/0/0,10519:1747647657866:,1747647668604
counter/1/0/0/0,10520:1747647657869:,1747647668605
counter/1/0/0/0,10521:1747647657869:,1747647668605
counter/1/0/0/0,10522:1747647657869:,1747647668605
counter/1/0/0/0,10523:1747647657869:,1747647668605
counter/1/0/0/0,10524:1747647657869:,1747647668605
counter/8/0/0/0,9601:1747647656603:,1747647668606
counter/4/0/0/0,9632:1747647657993:,1747647668606
counter/4/0/0/0,9633:1747647657993:,1747647668606
counter/4/0/0/0,9634:1747647657993:,1747647668606
counter/4/0/0/0,9635:1747647657994:,1747647668606
counter/1/0/0/0,10525:1747647657869:,1747647668606
counter/4/0/0/0,9636:1747647657994:,1747647668606
counter/1/0/0/0,10526:1747647657869:,1747647668606
counter/4/0/0/0,9637:1747647657994:,1747647668606
counter/4/0/0/0,9638:1747647657994:,1747647668607
counter/1/0/0/0,10527:1747647657869:,1747647668607
counter/1/0/0/0,10528:1747647657869:,1747647668607
counter/1/0/0/0,10529:1747647657869:,1747647668607
counter/1/0/0/0,10530:1747647657869:,1747647668607
counter/1/0/0/0,10531:1747647657869:,1747647668607
counter/1/0/0/0,10532:1747647657871:,1747647668607
counter/1/0/0/0,10533:1747647657878:,1747647668607
counter/1/0/0/0,10534:1747647657878:,1747647668607
counter/1/0/0/0,10535:1747647657878:,1747647668607
counter/1/0/0/0,10536:1747647657878:,1747647668607
counter/1/0/0/0,10537:1747647657878:,1747647668607
counter/1/0/0/0,10538:1747647657878:,1747647668607
counter/1/0/0/0,10539:1747647657878:,1747647668607
counter/1/0/0/0,10540:1747647657878:,1747647668607
counter/9/0/0/0,9962:1747647656959:,1747647668607
counter/7/0/0/0,9265:1747647657095:,1747647668607
counter/9/0/0/0,9963:1747647656959:,1747647668607
counter/9/0/0/0,9964:1747647656959:,1747647668607
counter/9/0/0/0,9965:1747647656959:,1747647668607
counter/6/0/0/0,8760:1747647657084:,1747647668608
counter/2/0/0/0,9279:1747647655939:,1747647668608
counter/2/0/0/0,9280:1747647655939:,1747647668608
counter/8/0/0/0,9602:1747647656603:,1747647668610
counter/10/0/0/0,8779:1747647656719:,1747647668610
counter/8/0/0/0,9603:1747647656603:,1747647668611
counter/1/0/0/0,10541:1747647657878:,1747647668611
counter/1/0/0/0,10542:1747647657878:,1747647668611
counter/2/0/0/0,9281:1747647655939:,1747647668612
counter/1/0/0/0,10543:1747647657878:,1747647668612
counter/3/0/0/0,10134:1747647657749:,1747647668613
counter/1/0/0/0,10544:1747647657878:,1747647668613
counter/2/0/0/0,9282:1747647655939:,1747647668613
counter/7/0/0/0,9266:1747647657095:,1747647668613
counter/3/0/0/0,10135:1747647657749:,1747647668613
counter/3/0/0/0,10136:1747647657751:,1747647668613
counter/10/0/0/0,8780:1747647656719:,1747647668614
counter/6/0/0/0,8761:1747647657085:,1747647668614
counter/8/0/0/0,9604:1747647656604:,1747647668614
counter/1/0/0/0,10545:1747647657878:,1747647668615
counter/3/0/0/0,10137:1747647657751:,1747647668615
counter/4/0/0/0,9639:1747647657994:,1747647668616
counter/4/0/0/0,9640:1747647657994:,1747647668616
counter/4/0/0/0,9641:1747647657994:,1747647668616
counter/4/0/0/0,9642:1747647657994:,1747647668616
counter/4/0/0/0,9643:1747647657994:,1747647668616
counter/4/0/0/0,9644:1747647657994:,1747647668616
counter/4/0/0/0,9645:1747647657995:,1747647668616
counter/4/0/0/0,9646:1747647658003:,1747647668616
counter/4/0/0/0,9647:1747647658004:,1747647668616
counter/4/0/0/0,9648:1747647658004:,1747647668616
counter/4/0/0/0,9649:1747647658004:,1747647668616
counter/4/0/0/0,9650:1747647658019:,1747647668616
counter/5/0/0/0,9367:1747647656769:,1747647668616
counter/5/0/0/0,9368:1747647656769:,1747647668616
counter/5/0/0/0,9369:1747647656774:,1747647668616
counter/5/0/0/0,9370:1747647656774:,1747647668617
counter/1/0/0/0,10546:1747647657878:,1747647668617
counter/7/0/0/0,9267:1747647657095:,1747647668617
counter/10/0/0/0,8781:1747647656719:,1747647668617
counter/10/0/0/0,8782:1747647656719:,1747647668617
counter/6/0/0/0,8762:1747647657085:,1747647668617
counter/6/0/0/0,8763:1747647657085:,1747647668617
counter/4/0/0/0,9651:1747647658019:,1747647668617
counter/4/0/0/0,9652:1747647658019:,1747647668617
counter/4/0/0/0,9653:1747647658019:,1747647668617
counter/4/0/0/0,9654:1747647658019:,1747647668617
counter/4/0/0/0,9655:1747647658019:,1747647668617
counter/4/0/0/0,9656:1747647658019:,1747647668617
counter/4/0/0/0,9657:1747647658019:,1747647668617
counter/4/0/0/0,9658:1747647658019:,1747647668617
counter/4/0/0/0,9659:1747647658019:,1747647668617
counter/4/0/0/0,9660:1747647658038:,1747647668618
counter/9/0/0/0,9966:1747647656959:,1747647668618
counter/7/0/0/0,9268:1747647657113:,1747647668618
counter/7/0/0/0,9269:1747647657113:,1747647668618
counter/7/0/0/0,9270:1747647657113:,1747647668618
counter/7/0/0/0,9271:1747647657113:,1747647668618
counter/7/0/0/0,9272:1747647657113:,1747647668618
counter/7/0/0/0,9273:1747647657118:,1747647668618
counter/7/0/0/0,9274:1747647657118:,1747647668618
counter/7/0/0/0,9275:1747647657118:,1747647668618
counter/7/0/0/0,9276:1747647657118:,1747647668618
counter/7/0/0/0,9277:1747647657118:,1747647668618
counter/6/0/0/0,8764:1747647657085:,1747647668618
counter/5/0/0/0,9371:1747647656774:,1747647668618
counter/5/0/0/0,9372:1747647656774:,1747647668618
counter/5/0/0/0,9373:1747647656781:,1747647668619
counter/5/0/0/0,9374:1747647656781:,1747647668619
counter/5/0/0/0,9375:1747647656781:,1747647668619
counter/5/0/0/0,9376:1747647656781:,1747647668619
counter/3/0/0/0,10138:1747647657751:,1747647668619
counter/3/0/0/0,10139:1747647657752:,1747647668619
counter/7/0/0/0,9278:1747647657118:,1747647668619
counter/4/0/0/0,9661:1747647658038:,1747647668619
counter/4/0/0/0,9662:1747647658038:,1747647668619
counter/4/0/0/0,9663:1747647658038:,1747647668619
counter/4/0/0/0,9664:1747647658038:,1747647668619
counter/8/0/0/0,9605:1747647656604:,1747647668619
counter/8/0/0/0,9606:1747647656604:,1747647668619
counter/3/0/0/0,10140:1747647657752:,1747647668619
counter/3/0/0/0,10141:1747647657752:,1747647668620
counter/3/0/0/0,10142:1747647657752:,1747647668620
counter/3/0/0/0,10143:1747647657752:,1747647668620
counter/3/0/0/0,10144:1747647657752:,1747647668620
counter/3/0/0/0,10145:1747647657752:,1747647668620
counter/2/0/0/0,9283:1747647655939:,1747647668620
counter/10/0/0/0,8783:1747647656719:,1747647668620
counter/10/0/0/0,8784:1747647656719:,1747647668621
counter/6/0/0/0,8765:1747647657085:,1747647668621
counter/3/0/0/0,10146:1747647657770:,1747647668621
counter/7/0/0/0,9279:1747647657118:,1747647668621
counter/7/0/0/0,9280:1747647657129:,1747647668621
counter/7/0/0/0,9281:1747647657129:,1747647668621
counter/7/0/0/0,9282:1747647657129:,1747647668622
counter/8/0/0/0,9607:1747647656604:,1747647668622
counter/9/0/0/0,9967:1747647656964:,1747647668622
counter/10/0/0/0,8785:1747647656719:,1747647668624
counter/4/0/0/0,9665:1747647658038:,1747647668624
counter/4/0/0/0,9666:1747647658038:,1747647668624
counter/4/0/0/0,9667:1747647658038:,1747647668624
counter/7/0/0/0,9283:1747647657129:,1747647668624
counter/7/0/0/0,9284:1747647657129:,1747647668624
counter/7/0/0/0,9285:1747647657129:,1747647668624
counter/7/0/0/0,9286:1747647657129:,1747647668625
counter/7/0/0/0,9287:1747647657129:,1747647668625
counter/7/0/0/0,9288:1747647657129:,1747647668625
counter/7/0/0/0,9289:1747647657129:,1747647668625
counter/7/0/0/0,9290:1747647657129:,1747647668625
counter/7/0/0/0,9291:1747647657129:,1747647668625
counter/7/0/0/0,9292:1747647657129:,1747647668625
counter/4/0/0/0,9668:1747647658045:,1747647668625
counter/9/0/0/0,9968:1747647656964:,1747647668625
counter/9/0/0/0,9969:1747647656964:,1747647668625
counter/2/0/0/0,9284:1747647655939:,1747647668625
counter/8/0/0/0,9608:1747647656604:,1747647668625
counter/8/0/0/0,9609:1747647656604:,1747647668626
counter/10/0/0/0,8786:1747647656719:,1747647668626
counter/10/0/0/0,8787:1747647656719:,1747647668626
counter/10/0/0/0,8788:1747647656719:,1747647668626
counter/10/0/0/0,8789:1747647656723:,1747647668626
counter/10/0/0/0,8790:1747647656723:,1747647668626
counter/10/0/0/0,8791:1747647656723:,1747647668626
counter/10/0/0/0,8792:1747647656723:,1747647668626
counter/1/0/0/0,10547:1747647657878:,1747647668626
counter/5/0/0/0,9377:1747647656781:,1747647668626
counter/7/0/0/0,9293:1747647657142:,1747647668626
counter/7/0/0/0,9294:1747647657142:,1747647668626
counter/7/0/0/0,9295:1747647657142:,1747647668626
counter/8/0/0/0,9610:1747647656604:,1747647668626
counter/8/0/0/0,9611:1747647656604:,1747647668626
counter/8/0/0/0,9612:1747647656611:,1747647668627
counter/2/0/0/0,9285:1747647655939:,1747647668627
counter/3/0/0/0,10147:1747647657771:,1747647668627
counter/7/0/0/0,9296:1747647657142:,1747647668627
counter/7/0/0/0,9297:1747647657142:,1747647668627
counter/7/0/0/0,9298:1747647657142:,1747647668627
counter/10/0/0/0,8793:1747647656723:,1747647668627
counter/10/0/0/0,8794:1747647656723:,1747647668627
counter/6/0/0/0,8766:1747647657086:,1747647668627
counter/3/0/0/0,10148:1747647657771:,1747647668627
counter/3/0/0/0,10149:1747647657771:,1747647668628
counter/5/0/0/0,9378:1747647656781:,1747647668628
counter/4/0/0/0,9669:1747647658045:,1747647668630
counter/4/0/0/0,9670:1747647658045:,1747647668630
counter/4/0/0/0,9671:1747647658045:,1747647668630
counter/4/0/0/0,9672:1747647658050:,1747647668630
counter/4/0/0/0,9673:1747647658050:,1747647668630
counter/4/0/0/0,9674:1747647658050:,1747647668630
counter/1/0/0/0,10548:1747647657878:,1747647668631
counter/1/0/0/0,10549:1747647657878:,1747647668631
counter/1/0/0/0,10550:1747647657881:,1747647668631
counter/1/0/0/0,10551:1747647657881:,1747647668631
counter/4/0/0/0,9675:1747647658050:,1747647668631
counter/1/0/0/0,10552:1747647657881:,1747647668631
counter/6/0/0/0,8767:1747647657086:,1747647668632
counter/5/0/0/0,9379:1747647656781:,1747647668632
counter/5/0/0/0,9380:1747647656790:,1747647668632
counter/5/0/0/0,9381:1747647656790:,1747647668632
counter/5/0/0/0,9382:1747647656790:,1747647668632
counter/5/0/0/0,9383:1747647656790:,1747647668632
counter/10/0/0/0,8795:1747647656723:,1747647668632
counter/9/0/0/0,9970:1747647656964:,1747647668632
counter/4/0/0/0,9676:1747647658050:,1747647668633
counter/4/0/0/0,9677:1747647658051:,1747647668633
counter/4/0/0/0,9678:1747647658059:,1747647668633
counter/4/0/0/0,9679:1747647658059:,1747647668634
counter/9/0/0/0,9971:1747647656964:,1747647668634
counter/4/0/0/0,9680:1747647658059:,1747647668634
counter/2/0/0/0,9286:1747647655940:,1747647668634
counter/2/0/0/0,9287:1747647655940:,1747647668634
counter/2/0/0/0,9288:1747647655940:,1747647668634
counter/2/0/0/0,9289:1747647655940:,1747647668634
counter/2/0/0/0,9290:1747647655940:,1747647668634
counter/2/0/0/0,9291:1747647655940:,1747647668634
counter/3/0/0/0,10150:1747647657771:,1747647668634
counter/2/0/0/0,9292:1747647655940:,1747647668634
counter/2/0/0/0,9293:1747647655940:,1747647668634
counter/2/0/0/0,9294:1747647655940:,1747647668635
counter/2/0/0/0,9295:1747647655940:,1747647668635
counter/2/0/0/0,9296:1747647655941:,1747647668635
counter/2/0/0/0,9297:1747647655941:,1747647668635
counter/8/0/0/0,9613:1747647656611:,1747647668635
counter/8/0/0/0,9614:1747647656611:,1747647668635
counter/8/0/0/0,9615:1747647656611:,1747647668635
counter/8/0/0/0,9616:1747647656611:,1747647668635
counter/2/0/0/0,9298:1747647655941:,1747647668635
counter/2/0/0/0,9299:1747647655941:,1747647668635
counter/2/0/0/0,9300:1747647655941:,1747647668635
counter/2/0/0/0,9301:1747647655941:,1747647668635
counter/2/0/0/0,9302:1747647655941:,1747647668636
counter/2/0/0/0,9303:1747647655948:,1747647668636
counter/2/0/0/0,9304:1747647655948:,1747647668636
counter/2/0/0/0,9305:1747647655948:,1747647668636
counter/2/0/0/0,9306:1747647655948:,1747647668636
counter/2/0/0/0,9307:1747647655949:,1747647668636
counter/2/0/0/0,9308:1747647655949:,1747647668636
counter/2/0/0/0,9309:1747647655949:,1747647668636
counter/8/0/0/0,9617:1747647656611:,1747647668636
counter/8/0/0/0,9618:1747647656611:,1747647668636
counter/1/0/0/0,10553:1747647657881:,1747647668636
counter/1/0/0/0,10554:1747647657881:,1747647668636
counter/1/0/0/0,10555:1747647657881:,1747647668636
counter/1/0/0/0,10556:1747647657881:,1747647668636
counter/1/0/0/0,10557:1747647657881:,1747647668636
counter/1/0/0/0,10558:1747647657881:,1747647668637
counter/1/0/0/0,10559:1747647657881:,1747647668637
counter/3/0/0/0,10151:1747647657771:,1747647668637
counter/5/0/0/0,9384:1747647656790:,1747647668637
counter/3/0/0/0,10152:1747647657771:,1747647668637
counter/6/0/0/0,8768:1747647657086:,1747647668637
counter/9/0/0/0,9972:1747647656964:,1747647668637
counter/9/0/0/0,9973:1747647656964:,1747647668637
counter/9/0/0/0,9974:1747647656964:,1747647668637
counter/9/0/0/0,9975:1747647656964:,1747647668637
counter/9/0/0/0,9976:1747647656965:,1747647668637
counter/10/0/0/0,8796:1747647656723:,1747647668637
counter/10/0/0/0,8797:1747647656723:,1747647668637
counter/10/0/0/0,8798:1747647656723:,1747647668638
counter/10/0/0/0,8799:1747647656723:,1747647668638
counter/10/0/0/0,8800:1747647656723:,1747647668638
counter/10/0/0/0,8801:1747647656723:,1747647668638
counter/10/0/0/0,8802:1747647656728:,1747647668638
counter/10/0/0/0,8803:1747647656728:,1747647668638
counter/10/0/0/0,8804:1747647656728:,1747647668638
counter/10/0/0/0,8805:1747647656728:,1747647668638
counter/10/0/0/0,8806:1747647656728:,1747647668638
counter/10/0/0/0,8807:1747647656734:,1747647668638
counter/4/0/0/0,9681:1747647658059:,1747647668640
counter/3/0/0/0,10153:1747647657774:,1747647668640
counter/8/0/0/0,9619:1747647656617:,1747647668640
counter/2/0/0/0,9310:1747647655949:,1747647668640
counter/2/0/0/0,9311:1747647655949:,1747647668640
counter/2/0/0/0,9312:1747647655949:,1747647668640
counter/2/0/0/0,9313:1747647655949:,1747647668640
counter/3/0/0/0,10154:1747647657774:,1747647668641
counter/3/0/0/0,10155:1747647657774:,1747647668641
counter/3/0/0/0,10156:1747647657774:,1747647668641
counter/3/0/0/0,10157:1747647657774:,1747647668641
counter/3/0/0/0,10158:1747647657774:,1747647668641
counter/3/0/0/0,10159:1747647657774:,1747647668641
counter/8/0/0/0,9620:1747647656617:,1747647668641
counter/8/0/0/0,9621:1747647656617:,1747647668641
counter/9/0/0/0,9977:1747647656965:,1747647668642
counter/9/0/0/0,9978:1747647656965:,1747647668642
counter/10/0/0/0,8808:1747647656734:,1747647668642
counter/1/0/0/0,10560:1747647657882:,1747647668642
counter/10/0/0/0,8809:1747647656734:,1747647668643
counter/1/0/0/0,10561:1747647657882:,1747647668643
counter/8/0/0/0,9622:1747647656617:,1747647668644
counter/3/0/0/0,10160:1747647657774:,1747647668644
counter/3/0/0/0,10161:1747647657774:,1747647668644
counter/1/0/0/0,10562:1747647657882:,1747647668645
counter/1/0/0/0,10563:1747647657882:,1747647668645
counter/1/0/0/0,10564:1747647657882:,1747647668645
counter/1/0/0/0,10565:1747647657882:,1747647668645
counter/1/0/0/0,10566:1747647657882:,1747647668645
counter/1/0/0/0,10567:1747647657882:,1747647668646
counter/1/0/0/0,10568:1747647657882:,1747647668646
counter/1/0/0/0,10569:1747647657882:,1747647668646
counter/2/0/0/0,9314:1747647655949:,1747647668646
counter/5/0/0/0,9385:1747647656790:,1747647668646
counter/4/0/0/0,9682:1747647658059:,1747647668646
counter/6/0/0/0,8769:1747647657086:,1747647668647
counter/5/0/0/0,9386:1747647656790:,1747647668647
counter/5/0/0/0,9387:1747647656791:,1747647668647
counter/5/0/0/0,9388:1747647656791:,1747647668647
counter/6/0/0/0,8770:1747647657086:,1747647668647
counter/9/0/0/0,9979:1747647656965:,1747647668647
counter/9/0/0/0,9980:1747647656966:,1747647668648
counter/9/0/0/0,9981:1747647656966:,1747647668648
counter/8/0/0/0,9623:1747647656617:,1747647668648
counter/8/0/0/0,9624:1747647656617:,1747647668648
counter/8/0/0/0,9625:1747647656617:,1747647668648
counter/8/0/0/0,9626:1747647656617:,1747647668648
counter/8/0/0/0,9627:1747647656621:,1747647668648
counter/1/0/0/0,10570:1747647657882:,1747647668648
counter/4/0/0/0,9683:1747647658059:,1747647668648
counter/7/0/0/0,9299:1747647657142:,1747647668649
counter/4/0/0/0,9684:1747647658059:,1747647668649
counter/2/0/0/0,9315:1747647655949:,1747647668649
counter/3/0/0/0,10162:1747647657778:,1747647668651
counter/3/0/0/0,10163:1747647657778:,1747647668651
counter/3/0/0/0,10164:1747647657778:,1747647668651
counter/3/0/0/0,10165:1747647657778:,1747647668651
counter/3/0/0/0,10166:1747647657778:,1747647668651
counter/3/0/0/0,10167:1747647657778:,1747647668651
counter/9/0/0/0,9982:1747647656966:,1747647668651
counter/3/0/0/0,10168:1747647657778:,1747647668651
counter/7/0/0/0,9300:1747647657142:,1747647668651
counter/4/0/0/0,9685:1747647658059:,1747647668652
counter/8/0/0/0,9628:1747647656621:,1747647668653
counter/7/0/0/0,9301:1747647657142:,1747647668653
counter/7/0/0/0,9302:1747647657142:,1747647668653
counter/7/0/0/0,9303:1747647657142:,1747647668653
counter/7/0/0/0,9304:1747647657142:,1747647668653
counter/7/0/0/0,9305:1747647657142:,1747647668653
counter/7/0/0/0,9306:1747647657142:,1747647668653
counter/7/0/0/0,9307:1747647657142:,1747647668653
counter/7/0/0/0,9308:1747647657142:,1747647668653
counter/7/0/0/0,9309:1747647657142:,1747647668653
counter/4/0/0/0,9686:1747647658059:,1747647668653
counter/1/0/0/0,10571:1747647657882:,1747647668654
counter/1/0/0/0,10572:1747647657882:,1747647668654
counter/3/0/0/0,10169:1747647657778:,1747647668654
counter/1/0/0/0,10573:1747647657890:,1747647668654
counter/1/0/0/0,10574:1747647657890:,1747647668654
counter/7/0/0/0,9310:1747647657143:,1747647668655
counter/9/0/0/0,9983:1747647656974:,1747647668655
counter/7/0/0/0,9311:1747647657144:,1747647668655
counter/7/0/0/0,9312:1747647657144:,1747647668655
counter/7/0/0/0,9313:1747647657144:,1747647668655
counter/7/0/0/0,9314:1747647657145:,1747647668655
counter/7/0/0/0,9315:1747647657145:,1747647668655
counter/7/0/0/0,9316:1747647657154:,1747647668655
counter/7/0/0/0,9317:1747647657155:,1747647668655
counter/7/0/0/0,9318:1747647657155:,1747647668655
counter/2/0/0/0,9316:1747647655949:,1747647668655
counter/7/0/0/0,9319:1747647657155:,1747647668655
counter/4/0/0/0,9687:1747647658059:,1747647668655
counter/1/0/0/0,10575:1747647657890:,1747647668656
counter/1/0/0/0,10576:1747647657890:,1747647668656
counter/1/0/0/0,10577:1747647657890:,1747647668656
counter/1/0/0/0,10578:1747647657890:,1747647668656
counter/1/0/0/0,10579:1747647657890:,1747647668656
counter/1/0/0/0,10580:1747647657890:,1747647668656
counter/1/0/0/0,10581:1747647657890:,1747647668656
counter/3/0/0/0,10170:1747647657778:,1747647668656
counter/8/0/0/0,9629:1747647656621:,1747647668656
counter/3/0/0/0,10171:1747647657778:,1747647668656
counter/3/0/0/0,10172:1747647657779:,1747647668656
counter/3/0/0/0,10173:1747647657779:,1747647668656
counter/3/0/0/0,10174:1747647657779:,1747647668656
counter/3/0/0/0,10175:1747647657779:,1747647668656
counter/3/0/0/0,10176:1747647657779:,1747647668656
counter/3/0/0/0,10177:1747647657780:,1747647668656
counter/3/0/0/0,10178:1747647657784:,1747647668657
counter/3/0/0/0,10179:1747647657784:,1747647668657
counter/10/0/0/0,8810:1747647656734:,1747647668657
counter/10/0/0/0,8811:1747647656734:,1747647668659
counter/8/0/0/0,9630:1747647656621:,1747647668662
counter/7/0/0/0,9320:1747647657155:,1747647668662
counter/9/0/0/0,9984:1747647656974:,1747647668662
counter/7/0/0/0,9321:1747647657155:,1747647668662
counter/7/0/0/0,9322:1747647657155:,1747647668663
counter/7/0/0/0,9323:1747647657155:,1747647668663
counter/7/0/0/0,9324:1747647657155:,1747647668663
counter/7/0/0/0,9325:1747647657155:,1747647668663
counter/7/0/0/0,9326:1747647657155:,1747647668663
counter/7/0/0/0,9327:1747647657155:,1747647668663
counter/6/0/0/0,8771:1747647657086:,1747647668665
counter/4/0/0/0,9688:1747647658059:,1747647668667
counter/9/0/0/0,9985:1747647656974:,1747647668668
counter/1/0/0/0,10582:1747647657890:,1747647668669
counter/1/0/0/0,10583:1747647657890:,1747647668670
counter/1/0/0/0,10584:1747647657890:,1747647668670
counter/1/0/0/0,10585:1747647657890:,1747647668670
counter/1/0/0/0,10586:1747647657890:,1747647668670
counter/1/0/0/0,10587:1747647657890:,1747647668670
counter/1/0/0/0,10588:1747647657890:,1747647668670
counter/4/0/0/0,9689:1747647658059:,1747647668670
counter/1/0/0/0,10589:1747647657890:,1747647668670
counter/4/0/0/0,9690:1747647658059:,1747647668670
counter/5/0/0/0,9389:1747647656791:,1747647668671
counter/1/0/0/0,10590:1747647657890:,1747647668671
counter/8/0/0/0,9631:1747647656621:,1747647668671
counter/1/0/0/0,10591:1747647657890:,1747647668671
counter/1/0/0/0,10592:1747647657890:,1747647668671
counter/1/0/0/0,10593:1747647657890:,1747647668671
counter/7/0/0/0,9328:1747647657155:,1747647668671
counter/4/0/0/0,9691:1747647658067:,1747647668671
counter/8/0/0/0,9632:1747647656621:,1747647668672
counter/2/0/0/0,9317:1747647655949:,1747647668672
counter/2/0/0/0,9318:1747647655949:,1747647668672
counter/2/0/0/0,9319:1747647655950:,1747647668672
counter/2/0/0/0,9320:1747647655950:,1747647668672
counter/2/0/0/0,9321:1747647655950:,1747647668672
counter/2/0/0/0,9322:1747647655950:,1747647668672
counter/2/0/0/0,9323:1747647655950:,1747647668672
counter/2/0/0/0,9324:1747647655950:,1747647668672
counter/7/0/0/0,9329:1747647657155:,1747647668672
counter/2/0/0/0,9325:1747647655950:,1747647668672
counter/2/0/0/0,9326:1747647655952:,1747647668672
counter/2/0/0/0,9327:1747647655957:,1747647668672
counter/3/0/0/0,10180:1747647657784:,1747647668672
counter/2/0/0/0,9328:1747647655957:,1747647668673
counter/7/0/0/0,9330:1747647657155:,1747647668673
counter/2/0/0/0,9329:1747647655957:,1747647668673
counter/4/0/0/0,9692:1747647658067:,1747647668673
counter/4/0/0/0,9693:1747647658067:,1747647668673
counter/3/0/0/0,10181:1747647657784:,1747647668673
counter/7/0/0/0,9331:1747647657155:,1747647668674
counter/5/0/0/0,9390:1747647656791:,1747647668674
counter/7/0/0/0,9332:1747647657155:,1747647668675
counter/2/0/0/0,9330:1747647655957:,1747647668676
counter/3/0/0/0,10182:1747647657784:,1747647668676
counter/7/0/0/0,9333:1747647657157:,1747647668677
counter/9/0/0/0,9986:1747647656974:,1747647668677
counter/9/0/0/0,9987:1747647656974:,1747647668677
counter/9/0/0/0,9988:1747647656984:,1747647668677
counter/8/0/0/0,9633:1747647656621:,1747647668677
counter/5/0/0/0,9391:1747647656791:,1747647668678
counter/1/0/0/0,10594:1747647657890:,1747647668678
counter/10/0/0/0,8812:1747647656734:,1747647668678
counter/10/0/0/0,8813:1747647656736:,1747647668678
counter/4/0/0/0,9694:1747647658067:,1747647668678
counter/6/0/0/0,8772:1747647657086:,1747647668678
counter/4/0/0/0,9695:1747647658067:,1747647668680
counter/4/0/0/0,9696:1747647658067:,1747647668680
counter/2/0/0/0,9331:1747647655957:,1747647668680
counter/1/0/0/0,10595:1747647657890:,1747647668680
counter/6/0/0/0,8773:1747647657086:,1747647668680
counter/6/0/0/0,8774:1747647657086:,1747647668680
counter/9/0/0/0,9989:1747647657005:,1747647668681
counter/9/0/0/0,9990:1747647657005:,1747647668681
counter/7/0/0/0,9334:1747647657157:,1747647668681
counter/7/0/0/0,9335:1747647657157:,1747647668681
counter/7/0/0/0,9336:1747647657157:,1747647668681
counter/1/0/0/0,10596:1747647657890:,1747647668681
counter/6/0/0/0,8775:1747647657086:,1747647668682
counter/1/0/0/0,10597:1747647657890:,1747647668682
counter/6/0/0/0,8776:1747647657096:,1747647668682
counter/1/0/0/0,10598:1747647657892:,1747647668682
counter/6/0/0/0,8777:1747647657096:,1747647668682
counter/4/0/0/0,9697:1747647658068:,1747647668683
counter/4/0/0/0,9698:1747647658068:,1747647668683
counter/7/0/0/0,9337:1747647657157:,1747647668683
counter/4/0/0/0,9699:1747647658104:,1747647668683
counter/3/0/0/0,10183:1747647657784:,1747647668684
counter/5/0/0/0,9392:1747647656801:,1747647668684
counter/10/0/0/0,8814:1747647656736:,1747647668684
counter/5/0/0/0,9393:1747647656801:,1747647668684
counter/5/0/0/0,9394:1747647656801:,1747647668684
counter/8/0/0/0,9634:1747647656621:,1747647668684
counter/5/0/0/0,9395:1747647656802:,1747647668684
counter/1/0/0/0,10599:1747647657892:,1747647668684
counter/1/0/0/0,10600:1747647657892:,1747647668684
counter/1/0/0/0,10601:1747647657892:,1747647668684
counter/5/0/0/0,9396:1747647656802:,1747647668685
counter/4/0/0/0,9700:1747647658104:,1747647668685
counter/5/0/0/0,9397:1747647656802:,1747647668685
counter/5/0/0/0,9398:1747647656802:,1747647668685
counter/4/0/0/0,9701:1747647658104:,1747647668685
counter/4/0/0/0,9702:1747647658104:,1747647668685
counter/4/0/0/0,9703:1747647658104:,1747647668686
counter/3/0/0/0,10184:1747647657784:,1747647668686
counter/10/0/0/0,8815:1747647656736:,1747647668686
counter/3/0/0/0,10185:1747647657784:,1747647668687
counter/7/0/0/0,9338:1747647657157:,1747647668687
counter/5/0/0/0,9399:1747647656802:,1747647668687
counter/7/0/0/0,9339:1747647657157:,1747647668687
counter/5/0/0/0,9400:1747647656802:,1747647668687
counter/8/0/0/0,9635:1747647656626:,1747647668688
counter/8/0/0/0,9636:1747647656626:,1747647668688
counter/2/0/0/0,9332:1747647655958:,1747647668688
counter/7/0/0/0,9340:1747647657157:,1747647668688
counter/5/0/0/0,9401:1747647656802:,1747647668688
counter/6/0/0/0,8778:1747647657096:,1747647668688
counter/6/0/0/0,8779:1747647657096:,1747647668689
counter/4/0/0/0,9704:1747647658104:,1747647668689
counter/4/0/0/0,9705:1747647658104:,1747647668690
counter/3/0/0/0,10186:1747647657784:,1747647668692
counter/10/0/0/0,8816:1747647656736:,1747647668692
counter/3/0/0/0,10187:1747647657785:,1747647668693
counter/2/0/0/0,9333:1747647655958:,1747647668693
counter/7/0/0/0,9341:1747647657157:,1747647668694
counter/7/0/0/0,9342:1747647657158:,1747647668694
counter/7/0/0/0,9343:1747647657158:,1747647668694
counter/8/0/0/0,9637:1747647656626:,1747647668695
counter/1/0/0/0,10602:1747647657892:,1747647668696
counter/7/0/0/0,9344:1747647657158:,1747647668696
counter/1/0/0/0,10603:1747647657892:,1747647668697
counter/10/0/0/0,8817:1747647656736:,1747647668697
counter/1/0/0/0,10604:1747647657892:,1747647668697
counter/1/0/0/0,10605:1747647657892:,1747647668697
counter/1/0/0/0,10606:1747647657900:,1747647668697
counter/1/0/0/0,10607:1747647657900:,1747647668697
counter/1/0/0/0,10608:1747647657900:,1747647668697
counter/1/0/0/0,10609:1747647657900:,1747647668697
counter/9/0/0/0,9991:1747647657005:,1747647668697
counter/9/0/0/0,9992:1747647657005:,1747647668697
counter/9/0/0/0,9993:1747647657005:,1747647668697
counter/9/0/0/0,9994:1747647657005:,1747647668697
counter/9/0/0/0,9995:1747647657005:,1747647668697
counter/9/0/0/0,9996:1747647657008:,1747647668697
counter/9/0/0/0,9997:1747647657008:,1747647668697
counter/9/0/0/0,9998:1747647657008:,1747647668697
counter/6/0/0/0,8780:1747647657096:,1747647668698
counter/10/0/0/0,8818:1747647656745:,1747647668698
counter/10/0/0/0,8819:1747647656745:,1747647668698
counter/10/0/0/0,8820:1747647656745:,1747647668698
counter/10/0/0/0,8821:1747647656746:,1747647668698
counter/10/0/0/0,8822:1747647656746:,1747647668698
counter/10/0/0/0,8823:1747647656746:,1747647668699
counter/10/0/0/0,8824:1747647656746:,1747647668699
counter/10/0/0/0,8825:1747647656746:,1747647668699
counter/10/0/0/0,8826:1747647656746:,1747647668699
counter/10/0/0/0,8827:1747647656748:,1747647668699
counter/2/0/0/0,9334:1747647655958:,1747647668699
counter/7/0/0/0,9345:1747647657169:,1747647668699
counter/7/0/0/0,9346:1747647657169:,1747647668699
counter/7/0/0/0,9347:1747647657169:,1747647668699
counter/7/0/0/0,9348:1747647657170:,1747647668699
counter/7/0/0/0,9349:1747647657170:,1747647668699
counter/7/0/0/0,9350:1747647657170:,1747647668699
counter/7/0/0/0,9351:1747647657186:,1747647668699
counter/7/0/0/0,9352:1747647657186:,1747647668699
counter/7/0/0/0,9353:1747647657186:,1747647668699
counter/4/0/0/0,9706:1747647658119:,1747647668699
counter/2/0/0/0,9335:1747647655958:,1747647668699
counter/2/0/0/0,9336:1747647655958:,1747647668699
counter/2/0/0/0,9337:1747647655958:,1747647668699
counter/2/0/0/0,9338:1747647655958:,1747647668699
counter/2/0/0/0,9339:1747647655958:,1747647668700
counter/2/0/0/0,9340:1747647655963:,1747647668700
counter/6/0/0/0,8781:1747647657096:,1747647668700
counter/10/0/0/0,8828:1747647656757:,1747647668701
counter/3/0/0/0,10188:1747647657785:,1747647668701
counter/7/0/0/0,9354:1747647657186:,1747647668701
counter/1/0/0/0,10610:1747647657900:,1747647668702
counter/2/0/0/0,9341:1747647655963:,1747647668702
counter/2/0/0/0,9342:1747647655963:,1747647668702
counter/2/0/0/0,9343:1747647655963:,1747647668702
counter/2/0/0/0,9344:1747647655963:,1747647668702
counter/2/0/0/0,9345:1747647655963:,1747647668702
counter/9/0/0/0,9999:1747647657008:,1747647668702
counter/5/0/0/0,9402:1747647656802:,1747647668703
counter/4/0/0/0,9707:1747647658119:,1747647668703
counter/4/0/0/0,9708:1747647658119:,1747647668703
counter/4/0/0/0,9709:1747647658119:,1747647668703
counter/2/0/0/0,9346:1747647655964:,1747647668703
counter/2/0/0/0,9347:1747647655964:,1747647668703
counter/9/0/0/0,10000:1747647657008:,1747647668703
counter/6/0/0/0,8782:1747647657096:,1747647668703
counter/6/0/0/0,8783:1747647657096:,1747647668703
counter/7/0/0/0,9355:1747647657186:,1747647668704
counter/5/0/0/0,9403:1747647656802:,1747647668704
counter/7/0/0/0,9356:1747647657186:,1747647668704
counter/7/0/0/0,9357:1747647657186:,1747647668704
counter/7/0/0/0,9358:1747647657186:,1747647668704
counter/7/0/0/0,9359:1747647657186:,1747647668704
counter/5/0/0/0,9404:1747647656802:,1747647668704
counter/5/0/0/0,9405:1747647656802:,1747647668704
counter/5/0/0/0,9406:1747647656807:,1747647668705
counter/5/0/0/0,9407:1747647656807:,1747647668705
counter/5/0/0/0,9408:1747647656807:,1747647668705
counter/5/0/0/0,9409:1747647656807:,1747647668705
counter/4/0/0/0,9710:1747647658119:,1747647668705
counter/2/0/0/0,9348:1747647655964:,1747647668705
counter/2/0/0/0,9349:1747647655964:,1747647668705
counter/9/0/0/0,10001:1747647657008:,1747647668705
counter/6/0/0/0,8784:1747647657096:,1747647668705
counter/8/0/0/0,9638:1747647656626:,1747647668705
counter/8/0/0/0,9639:1747647656626:,1747647668705
counter/10/0/0/0,8829:1747647656757:,1747647668705
counter/3/0/0/0,10189:1747647657785:,1747647668705
counter/3/0/0/0,10190:1747647657785:,1747647668705
counter/3/0/0/0,10191:1747647657785:,1747647668705
counter/3/0/0/0,10192:1747647657785:,1747647668705
counter/3/0/0/0,10193:1747647657785:,1747647668705
counter/3/0/0/0,10194:1747647657785:,1747647668705
counter/3/0/0/0,10195:1747647657789:,1747647668706
counter/6/0/0/0,8785:1747647657096:,1747647668706
counter/8/0/0/0,9640:1747647656627:,1747647668706
counter/3/0/0/0,10196:1747647657789:,1747647668707
counter/2/0/0/0,9350:1747647655964:,1747647668707
counter/9/0/0/0,10002:1747647657008:,1747647668707
counter/4/0/0/0,9711:1747647658119:,1747647668709
counter/10/0/0/0,8830:1747647656757:,1747647668709
counter/5/0/0/0,9410:1747647656808:,1747647668709
counter/5/0/0/0,9411:1747647656808:,1747647668709
counter/5/0/0/0,9412:1747647656808:,1747647668709
counter/5/0/0/0,9413:1747647656808:,1747647668709
counter/5/0/0/0,9414:1747647656808:,1747647668709
counter/5/0/0/0,9415:1747647656809:,1747647668709
counter/4/0/0/0,9712:1747647658119:,1747647668710
counter/4/0/0/0,9713:1747647658119:,1747647668710
counter/4/0/0/0,9714:1747647658119:,1747647668710
counter/4/0/0/0,9715:1747647658119:,1747647668710
counter/4/0/0/0,9716:1747647658119:,1747647668710
counter/4/0/0/0,9717:1747647658119:,1747647668710
counter/4/0/0/0,9718:1747647658124:,1747647668710
counter/5/0/0/0,9416:1747647656809:,1747647668710
counter/3/0/0/0,10197:1747647657790:,1747647668710
counter/6/0/0/0,8786:1747647657096:,1747647668710
counter/6/0/0/0,8787:1747647657096:,1747647668711
counter/5/0/0/0,9417:1747647656809:,1747647668712
counter/3/0/0/0,10198:1747647657790:,1747647668712
counter/6/0/0/0,8788:1747647657096:,1747647668712
counter/2/0/0/0,9351:1747647655964:,1747647668712
counter/6/0/0/0,8789:1747647657096:,1747647668712
counter/3/0/0/0,10199:1747647657790:,1747647668713
counter/2/0/0/0,9352:1747647655964:,1747647668713
counter/3/0/0/0,10200:1747647657790:,1747647668713
counter/3/0/0/0,10201:1747647657790:,1747647668713
counter/3/0/0/0,10202:1747647657790:,1747647668714
counter/3/0/0/0,10203:1747647657790:,1747647668714
counter/3/0/0/0,10204:1747647657790:,1747647668714
counter/9/0/0/0,10003:1747647657008:,1747647668714
counter/3/0/0/0,10205:1747647657790:,1747647668714
counter/3/0/0/0,10206:1747647657790:,1747647668714
counter/3/0/0/0,10207:1747647657791:,1747647668714
counter/4/0/0/0,9719:1747647658124:,1747647668714
counter/10/0/0/0,8831:1747647656758:,1747647668714
counter/2/0/0/0,9353:1747647655964:,1747647668714
counter/2/0/0/0,9354:1747647655964:,1747647668714
counter/7/0/0/0,9360:1747647657186:,1747647668714
counter/7/0/0/0,9361:1747647657186:,1747647668715
counter/7/0/0/0,9362:1747647657186:,1747647668715
counter/6/0/0/0,8790:1747647657096:,1747647668715
counter/8/0/0/0,9641:1747647656627:,1747647668716
counter/8/0/0/0,9642:1747647656627:,1747647668716
counter/8/0/0/0,9643:1747647656627:,1747647668716
counter/8/0/0/0,9644:1747647656627:,1747647668716
counter/8/0/0/0,9645:1747647656627:,1747647668716
counter/8/0/0/0,9646:1747647656627:,1747647668716
counter/3/0/0/0,10208:1747647657795:,1747647668716
counter/5/0/0/0,9418:1747647656809:,1747647668717
counter/5/0/0/0,9419:1747647656809:,1747647668717
counter/5/0/0/0,9420:1747647656809:,1747647668717
counter/5/0/0/0,9421:1747647656809:,1747647668717
counter/8/0/0/0,9647:1747647656627:,1747647668717
counter/8/0/0/0,9648:1747647656627:,1747647668717
counter/8/0/0/0,9649:1747647656627:,1747647668717
counter/8/0/0/0,9650:1747647656627:,1747647668717
counter/8/0/0/0,9651:1747647656627:,1747647668717
counter/2/0/0/0,9355:1747647655964:,1747647668717
counter/2/0/0/0,9356:1747647655964:,1747647668719
counter/5/0/0/0,9422:1747647656810:,1747647668719
counter/2/0/0/0,9357:1747647655964:,1747647668719
counter/5/0/0/0,9423:1747647656810:,1747647668719
counter/5/0/0/0,9424:1747647656810:,1747647668719
counter/3/0/0/0,10209:1747647657795:,1747647668719
counter/5/0/0/0,9425:1747647656810:,1747647668720
counter/3/0/0/0,10210:1747647657795:,1747647668720
counter/5/0/0/0,9426:1747647656810:,1747647668720
counter/3/0/0/0,10211:1747647657795:,1747647668720
counter/3/0/0/0,10212:1747647657795:,1747647668720
counter/1/0/0/0,10611:1747647657900:,1747647668720
counter/4/0/0/0,9720:1747647658124:,1747647668720
counter/1/0/0/0,10612:1747647657900:,1747647668721
counter/1/0/0/0,10613:1747647657900:,1747647668721
counter/1/0/0/0,10614:1747647657905:,1747647668721
counter/1/0/0/0,10615:1747647657905:,1747647668721
counter/1/0/0/0,10616:1747647657905:,1747647668721
counter/1/0/0/0,10617:1747647657905:,1747647668721
counter/1/0/0/0,10618:1747647657906:,1747647668721
counter/1/0/0/0,10619:1747647657906:,1747647668721
counter/1/0/0/0,10620:1747647657906:,1747647668721
counter/1/0/0/0,10621:1747647657914:,1747647668721
counter/1/0/0/0,10622:1747647657914:,1747647668721
counter/1/0/0/0,10623:1747647657914:,1747647668721
counter/1/0/0/0,10624:1747647657914:,1747647668721
counter/1/0/0/0,10625:1747647657914:,1747647668721
counter/1/0/0/0,10626:1747647657914:,1747647668721
counter/1/0/0/0,10627:1747647657914:,1747647668721
counter/1/0/0/0,10628:1747647657914:,1747647668721
counter/3/0/0/0,10213:1747647657795:,1747647668721
counter/10/0/0/0,8832:1747647656758:,1747647668722
counter/5/0/0/0,9427:1747647656810:,1747647668722
counter/5/0/0/0,9428:1747647656815:,1747647668722
counter/5/0/0/0,9429:1747647656815:,1747647668722
counter/5/0/0/0,9430:1747647656815:,1747647668722
counter/5/0/0/0,9431:1747647656815:,1747647668723
counter/5/0/0/0,9432:1747647656815:,1747647668723
counter/5/0/0/0,9433:1747647656815:,1747647668723
counter/8/0/0/0,9652:1747647656627:,1747647668723
counter/8/0/0/0,9653:1747647656627:,1747647668723
counter/3/0/0/0,10214:1747647657835:,1747647668723
counter/8/0/0/0,9654:1747647656627:,1747647668724
counter/6/0/0/0,8791:1747647657096:,1747647668724
counter/8/0/0/0,9655:1747647656627:,1747647668724
counter/8/0/0/0,9656:1747647656627:,1747647668724
counter/8/0/0/0,9657:1747647656627:,1747647668724
counter/8/0/0/0,9658:1747647656627:,1747647668724
counter/8/0/0/0,9659:1747647656627:,1747647668724
counter/4/0/0/0,9721:1747647658124:,1747647668725
counter/10/0/0/0,8833:1747647656758:,1747647668725
counter/6/0/0/0,8792:1747647657097:,1747647668725
counter/10/0/0/0,8834:1747647656758:,1747647668726
counter/10/0/0/0,8835:1747647656758:,1747647668726
counter/5/0/0/0,9434:1747647656815:,1747647668726
counter/9/0/0/0,10004:1747647657010:,1747647668726
counter/2/0/0/0,9358:1747647655964:,1747647668726
counter/9/0/0/0,10005:1747647657010:,1747647668726
counter/5/0/0/0,9435:1747647656815:,1747647668726
counter/4/0/0/0,9722:1747647658124:,1747647668727
counter/2/0/0/0,9359:1747647655964:,1747647668727
counter/2/0/0/0,9360:1747647655964:,1747647668727
counter/2/0/0/0,9361:1747647655964:,1747647668727
counter/2/0/0/0,9362:1747647655964:,1747647668727
counter/2/0/0/0,9363:1747647655964:,1747647668727
counter/2/0/0/0,9364:1747647655964:,1747647668727
counter/2/0/0/0,9365:1747647655964:,1747647668727
counter/4/0/0/0,9723:1747647658124:,1747647668728
counter/9/0/0/0,10006:1747647657012:,1747647668729
counter/9/0/0/0,10007:1747647657012:,1747647668729
counter/9/0/0/0,10008:1747647657012:,1747647668729
counter/9/0/0/0,10009:1747647657012:,1747647668729
counter/9/0/0/0,10010:1747647657012:,1747647668729
counter/9/0/0/0,10011:1747647657043:,1747647668729
counter/9/0/0/0,10012:1747647657063:,1747647668729
counter/9/0/0/0,10013:1747647657063:,1747647668729
counter/9/0/0/0,10014:1747647657063:,1747647668729
counter/9/0/0/0,10015:1747647657063:,1747647668729
counter/1/0/0/0,10629:1747647657914:,1747647668729
counter/1/0/0/0,10630:1747647657914:,1747647668729
counter/1/0/0/0,10631:1747647657914:,1747647668729
counter/1/0/0/0,10632:1747647657915:,1747647668729
counter/1/0/0/0,10633:1747647657915:,1747647668729
counter/1/0/0/0,10634:1747647657915:,1747647668729
counter/1/0/0/0,10635:1747647657915:,1747647668729
counter/1/0/0/0,10636:1747647657915:,1747647668729
counter/1/0/0/0,10637:1747647657919:,1747647668729
counter/1/0/0/0,10638:1747647657924:,1747647668729
counter/1/0/0/0,10639:1747647657924:,1747647668729
counter/1/0/0/0,10640:1747647657924:,1747647668729
counter/7/0/0/0,9363:1747647657186:,1747647668730
counter/6/0/0/0,8793:1747647657097:,1747647668730
counter/3/0/0/0,10215:1747647657835:,1747647668730
counter/6/0/0/0,8794:1747647657097:,1747647668731
counter/6/0/0/0,8795:1747647657097:,1747647668731
counter/9/0/0/0,10016:1747647657063:,1747647668731
counter/1/0/0/0,10641:1747647657924:,1747647668732
counter/3/0/0/0,10216:1747647657835:,1747647668733
counter/7/0/0/0,9364:1747647657186:,1747647668733
counter/4/0/0/0,9724:1747647658124:,1747647668734
counter/9/0/0/0,10017:1747647657063:,1747647668734
counter/1/0/0/0,10642:1747647657924:,1747647668735
counter/10/0/0/0,8836:1747647656758:,1747647668736
counter/10/0/0/0,8837:1747647656758:,1747647668736
counter/10/0/0/0,8838:1747647656758:,1747647668736
counter/10/0/0/0,8839:1747647656760:,1747647668736
counter/10/0/0/0,8840:1747647656760:,1747647668736
counter/10/0/0/0,8841:1747647656760:,1747647668736
counter/10/0/0/0,8842:1747647656760:,1747647668736
counter/10/0/0/0,8843:1747647656760:,1747647668736
counter/10/0/0/0,8844:1747647656760:,1747647668736
counter/2/0/0/0,9366:1747647655964:,1747647668737
counter/8/0/0/0,9660:1747647656627:,1747647668737
counter/6/0/0/0,8796:1747647657097:,1747647668737
counter/5/0/0/0,9436:1747647656815:,1747647668737
counter/10/0/0/0,8845:1747647656760:,1747647668738
counter/10/0/0/0,8846:1747647656760:,1747647668738
counter/4/0/0/0,9725:1747647658124:,1747647668741
counter/4/0/0/0,9726:1747647658124:,1747647668741
counter/4/0/0/0,9727:1747647658124:,1747647668742
counter/4/0/0/0,9728:1747647658127:,1747647668742
counter/4/0/0/0,9729:1747647658127:,1747647668742
counter/4/0/0/0,9730:1747647658127:,1747647668742
counter/4/0/0/0,9731:1747647658127:,1747647668742
counter/4/0/0/0,9732:1747647658127:,1747647668742
counter/4/0/0/0,9733:1747647658127:,1747647668742
counter/4/0/0/0,9734:1747647658133:,1747647668742
counter/4/0/0/0,9735:1747647658133:,1747647668742
counter/4/0/0/0,9736:1747647658133:,1747647668742
counter/4/0/0/0,9737:1747647658133:,1747647668742
counter/4/0/0/0,9738:1747647658133:,1747647668742
counter/4/0/0/0,9739:1747647658133:,1747647668742
counter/4/0/0/0,9740:1747647658133:,1747647668742
counter/9/0/0/0,10018:1747647657063:,1747647668742
counter/1/0/0/0,10643:1747647657924:,1747647668742
counter/1/0/0/0,10644:1747647657924:,1747647668742
counter/1/0/0/0,10645:1747647657924:,1747647668742
counter/1/0/0/0,10646:1747647657924:,1747647668742
counter/1/0/0/0,10647:1747647657924:,1747647668743
counter/5/0/0/0,9437:1747647656815:,1747647668743
counter/5/0/0/0,9438:1747647656815:,1747647668743
counter/6/0/0/0,8797:1747647657097:,1747647668743
counter/8/0/0/0,9661:1747647656627:,1747647668743
counter/5/0/0/0,9439:1747647656815:,1747647668743
counter/5/0/0/0,9440:1747647656815:,1747647668743
counter/5/0/0/0,9441:1747647656815:,1747647668743
counter/5/0/0/0,9442:1747647656815:,1747647668743
counter/5/0/0/0,9443:1747647656815:,1747647668743
counter/5/0/0/0,9444:1747647656815:,1747647668743
counter/7/0/0/0,9365:1747647657186:,1747647668744
counter/4/0/0/0,9741:1747647658133:,1747647668744
counter/7/0/0/0,9366:1747647657188:,1747647668744
counter/4/0/0/0,9742:1747647658134:,1747647668744
counter/6/0/0/0,8798:1747647657097:,1747647668744
counter/6/0/0/0,8799:1747647657097:,1747647668744
counter/6/0/0/0,8800:1747647657114:,1747647668745
counter/6/0/0/0,8801:1747647657114:,1747647668745
counter/7/0/0/0,9367:1747647657188:,1747647668745
counter/7/0/0/0,9368:1747647657188:,1747647668745
counter/4/0/0/0,9743:1747647658134:,1747647668745
counter/4/0/0/0,9744:1747647658134:,1747647668745
counter/9/0/0/0,10019:1747647657067:,1747647668746
counter/7/0/0/0,9369:1747647657188:,1747647668746
counter/10/0/0/0,8847:1747647656760:,1747647668746
counter/10/0/0/0,8848:1747647656760:,1747647668746
counter/10/0/0/0,8849:1747647656760:,1747647668746
counter/10/0/0/0,8850:1747647656761:,1747647668746
counter/10/0/0/0,8851:1747647656761:,1747647668746
counter/1/0/0/0,10648:1747647657924:,1747647668747
counter/10/0/0/0,8852:1747647656761:,1747647668747
counter/1/0/0/0,10649:1747647657924:,1747647668747
counter/1/0/0/0,10650:1747647657924:,1747647668747
counter/1/0/0/0,10651:1747647657924:,1747647668747
counter/8/0/0/0,9662:1747647656627:,1747647668747
counter/5/0/0/0,9445:1747647656817:,1747647668747
counter/5/0/0/0,9446:1747647656818:,1747647668747
counter/5/0/0/0,9447:1747647656818:,1747647668747
counter/5/0/0/0,9448:1747647656818:,1747647668747
counter/5/0/0/0,9449:1747647656818:,1747647668747
counter/5/0/0/0,9450:1747647656818:,1747647668747
counter/5/0/0/0,9451:1747647656818:,1747647668747
counter/5/0/0/0,9452:1747647656818:,1747647668747
counter/5/0/0/0,9453:1747647656818:,1747647668747
counter/5/0/0/0,9454:1747647656818:,1747647668747
counter/2/0/0/0,9367:1747647655964:,1747647668748
counter/10/0/0/0,8853:1747647656761:,1747647668748
counter/2/0/0/0,9368:1747647655965:,1747647668748
counter/2/0/0/0,9369:1747647655965:,1747647668748
counter/2/0/0/0,9370:1747647655965:,1747647668749
counter/2/0/0/0,9371:1747647655965:,1747647668749
counter/2/0/0/0,9372:1747647655965:,1747647668749
counter/2/0/0/0,9373:1747647655966:,1747647668749
counter/2/0/0/0,9374:1747647655966:,1747647668749
counter/2/0/0/0,9375:1747647655966:,1747647668749
counter/8/0/0/0,9663:1747647656627:,1747647668749
counter/6/0/0/0,8802:1747647657114:,1747647668749
counter/9/0/0/0,10020:1747647657067:,1747647668749
counter/10/0/0/0,8854:1747647656761:,1747647668749
counter/10/0/0/0,8855:1747647656761:,1747647668749
counter/10/0/0/0,8856:1747647656761:,1747647668749
counter/10/0/0/0,8857:1747647656774:,1747647668749
counter/10/0/0/0,8858:1747647656780:,1747647668749
counter/10/0/0/0,8859:1747647656780:,1747647668749
counter/10/0/0/0,8860:1747647656780:,1747647668749
counter/10/0/0/0,8861:1747647656780:,1747647668749
counter/10/0/0/0,8862:1747647656780:,1747647668749
counter/10/0/0/0,8863:1747647656780:,1747647668749
counter/10/0/0/0,8864:1747647656780:,1747647668750
counter/10/0/0/0,8865:1747647656780:,1747647668750
counter/9/0/0/0,10021:1747647657067:,1747647668750
counter/10/0/0/0,8866:1747647656780:,1747647668750
counter/6/0/0/0,8803:1747647657114:,1747647668750
counter/6/0/0/0,8804:1747647657123:,1747647668750
counter/6/0/0/0,8805:1747647657123:,1747647668750
counter/10/0/0/0,8867:1747647656780:,1747647668750
counter/6/0/0/0,8806:1747647657123:,1747647668750
counter/10/0/0/0,8868:1747647656780:,1747647668750
counter/10/0/0/0,8869:1747647656780:,1747647668750
counter/3/0/0/0,10217:1747647657835:,1747647668750
counter/3/0/0/0,10218:1747647657835:,1747647668750
counter/6/0/0/0,8807:1747647657123:,1747647668752
counter/6/0/0/0,8808:1747647657123:,1747647668752
counter/7/0/0/0,9370:1747647657188:,1747647668752
counter/6/0/0/0,8809:1747647657123:,1747647668752
counter/5/0/0/0,9455:1747647656818:,1747647668752
counter/6/0/0/0,8810:1747647657124:,1747647668752
counter/5/0/0/0,9456:1747647656818:,1747647668753
counter/5/0/0/0,9457:1747647656822:,1747647668753
counter/5/0/0/0,9458:1747647656823:,1747647668753
counter/5/0/0/0,9459:1747647656823:,1747647668753
counter/5/0/0/0,9460:1747647656825:,1747647668753
counter/5/0/0/0,9461:1747647656825:,1747647668753
counter/5/0/0/0,9462:1747647656825:,1747647668753
counter/5/0/0/0,9463:1747647656825:,1747647668753
counter/5/0/0/0,9464:1747647656825:,1747647668753
counter/5/0/0/0,9465:1747647656825:,1747647668753
counter/5/0/0/0,9466:1747647656825:,1747647668753
counter/1/0/0/0,10652:1747647657924:,1747647668753
counter/7/0/0/0,9371:1747647657188:,1747647668753
counter/7/0/0/0,9372:1747647657188:,1747647668753
counter/4/0/0/0,9745:1747647658134:,1747647668753
counter/3/0/0/0,10219:1747647657835:,1747647668753
counter/3/0/0/0,10220:1747647657835:,1747647668753
counter/5/0/0/0,9467:1747647656825:,1747647668754
counter/5/0/0/0,9468:1747647656825:,1747647668754
counter/5/0/0/0,9469:1747647656825:,1747647668754
counter/5/0/0/0,9470:1747647656825:,1747647668754
counter/4/0/0/0,9746:1747647658143:,1747647668754
counter/5/0/0/0,9471:1747647656825:,1747647668754
counter/4/0/0/0,9747:1747647658143:,1747647668754
counter/5/0/0/0,9472:1747647656825:,1747647668754
counter/4/0/0/0,9748:1747647658143:,1747647668754
counter/4/0/0/0,9749:1747647658143:,1747647668754
counter/4/0/0/0,9750:1747647658145:,1747647668755
counter/4/0/0/0,9751:1747647658146:,1747647668755
counter/4/0/0/0,9752:1747647658147:,1747647668755
counter/4/0/0/0,9753:1747647658147:,1747647668755
counter/4/0/0/0,9754:1747647658147:,1747647668755
counter/4/0/0/0,9755:1747647658147:,1747647668755
counter/4/0/0/0,9756:1747647658147:,1747647668755
counter/4/0/0/0,9757:1747647658147:,1747647668755
counter/4/0/0/0,9758:1747647658147:,1747647668755
counter/4/0/0/0,9759:1747647658148:,1747647668755
counter/4/0/0/0,9760:1747647658148:,1747647668755
counter/8/0/0/0,9664:1747647656627:,1747647668755
counter/6/0/0/0,8811:1747647657124:,1747647668755
counter/10/0/0/0,8870:1747647656780:,1747647668756
counter/10/0/0/0,8871:1747647656780:,1747647668756
counter/3/0/0/0,10221:1747647657835:,1747647668756
counter/3/0/0/0,10222:1747647657835:,1747647668756
counter/3/0/0/0,10223:1747647657836:,1747647668756
counter/3/0/0/0,10224:1747647657836:,1747647668756
counter/3/0/0/0,10225:1747647657836:,1747647668756
counter/3/0/0/0,10226:1747647657836:,1747647668756
counter/3/0/0/0,10227:1747647657836:,1747647668756
counter/3/0/0/0,10228:1747647657836:,1747647668756
counter/3/0/0/0,10229:1747647657836:,1747647668756
counter/3/0/0/0,10230:1747647657836:,1747647668756
counter/3/0/0/0,10231:1747647657839:,1747647668756
counter/3/0/0/0,10232:1747647657840:,1747647668757
counter/5/0/0/0,9473:1747647656825:,1747647668757
counter/10/0/0/0,8872:1747647656780:,1747647668757
counter/5/0/0/0,9474:1747647656825:,1747647668757
counter/9/0/0/0,10022:1747647657067:,1747647668757
counter/5/0/0/0,9475:1747647656825:,1747647668757
counter/3/0/0/0,10233:1747647657840:,1747647668757
counter/5/0/0/0,9476:1747647656828:,1747647668757
counter/9/0/0/0,10023:1747647657067:,1747647668757
counter/6/0/0/0,8812:1747647657124:,1747647668758
counter/7/0/0/0,9373:1747647657188:,1747647668760
counter/7/0/0/0,9374:1747647657188:,1747647668761
counter/9/0/0/0,10024:1747647657069:,1747647668762
counter/1/0/0/0,10653:1747647657924:,1747647668762
counter/4/0/0/0,9761:1747647658148:,1747647668763
counter/2/0/0/0,9376:1747647655966:,1747647668763
counter/4/0/0/0,9762:1747647658148:,1747647668764
counter/4/0/0/0,9763:1747647658148:,1747647668764
counter/4/0/0/0,9764:1747647658148:,1747647668764
counter/2/0/0/0,9377:1747647655973:,1747647668764
counter/9/0/0/0,10025:1747647657069:,1747647668764
counter/1/0/0/0,10654:1747647657928:,1747647668764
counter/1/0/0/0,10655:1747647657928:,1747647668764
counter/1/0/0/0,10656:1747647657928:,1747647668764
counter/6/0/0/0,8813:1747647657124:,1747647668764
counter/8/0/0/0,9665:1747647656627:,1747647668764
counter/10/0/0/0,8873:1747647656780:,1747647668764
counter/7/0/0/0,9375:1747647657188:,1747647668764
counter/10/0/0/0,8874:1747647656780:,1747647668764
counter/10/0/0/0,8875:1747647656782:,1747647668764
counter/10/0/0/0,8876:1747647656784:,1747647668764
counter/10/0/0/0,8877:1747647656784:,1747647668765
counter/10/0/0/0,8878:1747647656784:,1747647668765
counter/10/0/0/0,8879:1747647656784:,1747647668765
counter/5/0/0/0,9477:1747647656828:,1747647668766
counter/5/0/0/0,9478:1747647656828:,1747647668766
counter/5/0/0/0,9479:1747647656829:,1747647668766
counter/5/0/0/0,9480:1747647656829:,1747647668766
counter/5/0/0/0,9481:1747647656829:,1747647668766
counter/5/0/0/0,9482:1747647656829:,1747647668766
counter/5/0/0/0,9483:1747647656829:,1747647668766
counter/5/0/0/0,9484:1747647656829:,1747647668766
counter/5/0/0/0,9485:1747647656834:,1747647668766
counter/5/0/0/0,9486:1747647656835:,1747647668766
counter/5/0/0/0,9487:1747647656835:,1747647668766
counter/5/0/0/0,9488:1747647656835:,1747647668766
counter/5/0/0/0,9489:1747647656835:,1747647668766
counter/5/0/0/0,9490:1747647656835:,1747647668766
counter/5/0/0/0,9491:1747647656836:,1747647668766
counter/5/0/0/0,9492:1747647656836:,1747647668766
counter/8/0/0/0,9666:1747647656627:,1747647668766
counter/2/0/0/0,9378:1747647655974:,1747647668766
counter/8/0/0/0,9667:1747647656627:,1747647668766
counter/8/0/0/0,9668:1747647656627:,1747647668766
counter/8/0/0/0,9669:1747647656645:,1747647668766
counter/8/0/0/0,9670:1747647656665:,1747647668766
counter/8/0/0/0,9671:1747647656665:,1747647668766
counter/8/0/0/0,9672:1747647656665:,1747647668766
counter/8/0/0/0,9673:1747647656665:,1747647668767
counter/8/0/0/0,9674:1747647656673:,1747647668767
counter/8/0/0/0,9675:1747647656678:,1747647668767
counter/8/0/0/0,9676:1747647656678:,1747647668767
counter/8/0/0/0,9677:1747647656678:,1747647668767
counter/8/0/0/0,9678:1747647656678:,1747647668767
counter/8/0/0/0,9679:1747647656678:,1747647668767
counter/8/0/0/0,9680:1747647656678:,1747647668767
counter/8/0/0/0,9681:1747647656693:,1747647668767
counter/8/0/0/0,9682:1747647656693:,1747647668767
counter/8/0/0/0,9683:1747647656693:,1747647668767
counter/8/0/0/0,9684:1747647656693:,1747647668767
counter/8/0/0/0,9685:1747647656693:,1747647668767
counter/4/0/0/0,9765:1747647658148:,1747647668768
counter/8/0/0/0,9686:1747647656694:,1747647668768
counter/10/0/0/0,8880:1747647656784:,1747647668768
counter/10/0/0/0,8881:1747647656784:,1747647668768
counter/10/0/0/0,8882:1747647656800:,1747647668768
counter/10/0/0/0,8883:1747647656800:,1747647668768
counter/10/0/0/0,8884:1747647656800:,1747647668768
counter/10/0/0/0,8885:1747647656800:,1747647668768
counter/10/0/0/0,8886:1747647656800:,1747647668768
counter/10/0/0/0,8887:1747647656800:,1747647668768
counter/6/0/0/0,8814:1747647657124:,1747647668768
counter/10/0/0/0,8888:1747647656800:,1747647668769
counter/1/0/0/0,10657:1747647657928:,1747647668769
counter/1/0/0/0,10658:1747647657928:,1747647668769
counter/7/0/0/0,9376:1747647657188:,1747647668769
counter/7/0/0/0,9377:1747647657188:,1747647668769
counter/7/0/0/0,9378:1747647657189:,1747647668769
counter/7/0/0/0,9379:1747647657189:,1747647668769
counter/7/0/0/0,9380:1747647657199:,1747647668769
counter/3/0/0/0,10234:1747647657840:,1747647668769
counter/3/0/0/0,10235:1747647657840:,1747647668769
counter/3/0/0/0,10236:1747647657840:,1747647668769
counter/3/0/0/0,10237:1747647657840:,1747647668769
counter/3/0/0/0,10238:1747647657840:,1747647668769
counter/3/0/0/0,10239:1747647657840:,1747647668770
counter/3/0/0/0,10240:1747647657840:,1747647668770
counter/3/0/0/0,10241:1747647657840:,1747647668770
counter/3/0/0/0,10242:1747647657840:,1747647668770
counter/3/0/0/0,10243:1747647657840:,1747647668770
counter/3/0/0/0,10244:1747647657840:,1747647668770
counter/3/0/0/0,10245:1747647657840:,1747647668770
counter/3/0/0/0,10246:1747647657840:,1747647668770
counter/3/0/0/0,10247:1747647657840:,1747647668770
counter/8/0/0/0,9687:1747647656694:,1747647668770
counter/8/0/0/0,9688:1747647656694:,1747647668771
counter/8/0/0/0,9689:1747647656694:,1747647668771
counter/9/0/0/0,10026:1747647657069:,1747647668771
counter/5/0/0/0,9493:1747647656836:,1747647668771
counter/6/0/0/0,8815:1747647657124:,1747647668771
counter/6/0/0/0,8816:1747647657124:,1747647668771
counter/6/0/0/0,8817:1747647657124:,1747647668771
counter/6/0/0/0,8818:1747647657124:,1747647668771
counter/6/0/0/0,8819:1747647657124:,1747647668771
counter/8/0/0/0,9690:1747647656694:,1747647668771
counter/7/0/0/0,9381:1747647657203:,1747647668771
counter/7/0/0/0,9382:1747647657203:,1747647668771
counter/4/0/0/0,9766:1747647658148:,1747647668772
counter/4/0/0/0,9767:1747647658148:,1747647668772
counter/4/0/0/0,9768:1747647658148:,1747647668772
counter/10/0/0/0,8889:1747647656807:,1747647668772
counter/5/0/0/0,9494:1747647656836:,1747647668773
counter/5/0/0/0,9495:1747647656836:,1747647668773
counter/5/0/0/0,9496:1747647656837:,1747647668774
counter/5/0/0/0,9497:1747647656837:,1747647668774
counter/5/0/0/0,9498:1747647656837:,1747647668774
counter/5/0/0/0,9499:1747647656837:,1747647668774
counter/5/0/0/0,9500:1747647656837:,1747647668774
counter/5/0/0/0,9501:1747647656837:,1747647668774
counter/5/0/0/0,9502:1747647656837:,1747647668774
counter/7/0/0/0,9383:1747647657203:,1747647668774
counter/3/0/0/0,10248:1747647657840:,1747647668774
counter/3/0/0/0,10249:1747647657840:,1747647668774
counter/3/0/0/0,10250:1747647657840:,1747647668774
counter/9/0/0/0,10027:1747647657069:,1747647668774
counter/4/0/0/0,9769:1747647658155:,1747647668775
counter/10/0/0/0,8890:1747647656807:,1747647668775
counter/8/0/0/0,9691:1747647656694:,1747647668775
counter/8/0/0/0,9692:1747647656694:,1747647668775
counter/6/0/0/0,8820:1747647657141:,1747647668776
counter/5/0/0/0,9503:1747647656837:,1747647668776
counter/6/0/0/0,8821:1747647657141:,1747647668776
counter/9/0/0/0,10028:1747647657069:,1747647668776
counter/9/0/0/0,10029:1747647657069:,1747647668776
counter/1/0/0/0,10659:1747647657928:,1747647668776
counter/1/0/0/0,10660:1747647657928:,1747647668776
counter/1/0/0/0,10661:1747647657928:,1747647668776
counter/1/0/0/0,10662:1747647657928:,1747647668776
counter/1/0/0/0,10663:1747647657928:,1747647668776
counter/1/0/0/0,10664:1747647657929:,1747647668776
counter/5/0/0/0,9504:1747647656837:,1747647668776
counter/9/0/0/0,10030:1747647657069:,1747647668777
counter/9/0/0/0,10031:1747647657069:,1747647668777
counter/2/0/0/0,9379:1747647655974:,1747647668777
counter/9/0/0/0,10032:1747647657069:,1747647668777
counter/6/0/0/0,8822:1747647657141:,1747647668778
counter/6/0/0/0,8823:1747647657141:,1747647668778
counter/6/0/0/0,8824:1747647657141:,1747647668778
counter/6/0/0/0,8825:1747647657141:,1747647668778
counter/6/0/0/0,8826:1747647657142:,1747647668778
counter/6/0/0/0,8827:1747647657142:,1747647668778
counter/2/0/0/0,9380:1747647655974:,1747647668778
counter/1/0/0/0,10665:1747647657929:,1747647668778
counter/1/0/0/0,10666:1747647657929:,1747647668778
counter/1/0/0/0,10667:1747647657929:,1747647668778
counter/1/0/0/0,10668:1747647657929:,1747647668778
counter/10/0/0/0,8891:1747647656807:,1747647668778
counter/10/0/0/0,8892:1747647656807:,1747647668778
counter/10/0/0/0,8893:1747647656807:,1747647668778
counter/10/0/0/0,8894:1747647656807:,1747647668778
counter/10/0/0/0,8895:1747647656807:,1747647668778
counter/4/0/0/0,9770:1747647658155:,1747647668778
counter/3/0/0/0,10251:1747647657840:,1747647668779
counter/6/0/0/0,8828:1747647657142:,1747647668779
counter/6/0/0/0,8829:1747647657142:,1747647668779
counter/6/0/0/0,8830:1747647657142:,1747647668779
counter/2/0/0/0,9381:1747647655977:,1747647668779
counter/3/0/0/0,10252:1747647657840:,1747647668780
counter/3/0/0/0,10253:1747647657840:,1747647668780
counter/3/0/0/0,10254:1747647657840:,1747647668780
counter/3/0/0/0,10255:1747647657851:,1747647668780
counter/3/0/0/0,10256:1747647657851:,1747647668780
counter/3/0/0/0,10257:1747647657851:,1747647668780
counter/3/0/0/0,10258:1747647657851:,1747647668780
counter/7/0/0/0,9384:1747647657203:,1747647668781
counter/7/0/0/0,9385:1747647657203:,1747647668781
counter/7/0/0/0,9386:1747647657203:,1747647668781
counter/7/0/0/0,9387:1747647657203:,1747647668781
counter/7/0/0/0,9388:1747647657203:,1747647668781
counter/7/0/0/0,9389:1747647657206:,1747647668781
counter/7/0/0/0,9390:1747647657206:,1747647668781
counter/7/0/0/0,9391:1747647657206:,1747647668781
counter/6/0/0/0,8831:1747647657142:,1747647668782
counter/8/0/0/0,9693:1747647656695:,1747647668782
counter/10/0/0/0,8896:1747647656807:,1747647668782
counter/10/0/0/0,8897:1747647656807:,1747647668782
counter/10/0/0/0,8898:1747647656807:,1747647668782
counter/10/0/0/0,8899:1747647656808:,1747647668782
counter/10/0/0/0,8900:1747647656808:,1747647668782
counter/10/0/0/0,8901:1747647656808:,1747647668782
counter/10/0/0/0,8902:1747647656808:,1747647668782
counter/10/0/0/0,8903:1747647656808:,1747647668782
counter/10/0/0/0,8904:1747647656808:,1747647668782
counter/10/0/0/0,8905:1747647656808:,1747647668782
counter/5/0/0/0,9505:1747647656837:,1747647668782
counter/7/0/0/0,9392:1747647657206:,1747647668783
counter/1/0/0/0,10669:1747647657929:,1747647668783
counter/10/0/0/0,8906:1747647656808:,1747647668784
counter/10/0/0/0,8907:1747647656808:,1747647668784
counter/10/0/0/0,8908:1747647656808:,1747647668784
counter/10/0/0/0,8909:1747647656808:,1747647668784
counter/10/0/0/0,8910:1747647656809:,1747647668784
counter/10/0/0/0,8911:1747647656809:,1747647668784
counter/10/0/0/0,8912:1747647656809:,1747647668784
counter/10/0/0/0,8913:1747647656809:,1747647668784
counter/1/0/0/0,10670:1747647657929:,1747647668784
counter/1/0/0/0,10671:1747647657929:,1747647668784
counter/1/0/0/0,10672:1747647657929:,1747647668784
counter/1/0/0/0,10673:1747647657929:,1747647668785
counter/1/0/0/0,10674:1747647657935:,1747647668785
counter/1/0/0/0,10675:1747647657944:,1747647668785
counter/1/0/0/0,10676:1747647657944:,1747647668785
counter/2/0/0/0,9382:1747647655977:,1747647668785
counter/2/0/0/0,9383:1747647655977:,1747647668785
counter/2/0/0/0,9384:1747647655977:,1747647668785
counter/8/0/0/0,9694:1747647656695:,1747647668785
counter/4/0/0/0,9771:1747647658156:,1747647668786
counter/4/0/0/0,9772:1747647658156:,1747647668786
counter/4/0/0/0,9773:1747647658156:,1747647668786
counter/4/0/0/0,9774:1747647658156:,1747647668787
counter/4/0/0/0,9775:1747647658156:,1747647668787
counter/4/0/0/0,9776:1747647658156:,1747647668787
counter/4/0/0/0,9777:1747647658156:,1747647668787
counter/6/0/0/0,8832:1747647657175:,1747647668787
counter/4/0/0/0,9778:1747647658159:,1747647668787
counter/4/0/0/0,9779:1747647658159:,1747647668787
counter/3/0/0/0,10259:1747647657851:,1747647668787
counter/7/0/0/0,9393:1747647657206:,1747647668787
counter/7/0/0/0,9394:1747647657206:,1747647668787
counter/7/0/0/0,9395:1747647657206:,1747647668788
counter/7/0/0/0,9396:1747647657212:,1747647668788
counter/7/0/0/0,9397:1747647657212:,1747647668788
counter/7/0/0/0,9398:1747647657212:,1747647668788
counter/9/0/0/0,10033:1747647657069:,1747647668788
counter/8/0/0/0,9695:1747647656695:,1747647668788
counter/8/0/0/0,9696:1747647656695:,1747647668788
counter/7/0/0/0,9399:1747647657212:,1747647668788
counter/7/0/0/0,9400:1747647657212:,1747647668788
counter/7/0/0/0,9401:1747647657212:,1747647668788
counter/7/0/0/0,9402:1747647657212:,1747647668789
counter/7/0/0/0,9403:1747647657221:,1747647668789
counter/7/0/0/0,9404:1747647657221:,1747647668789
counter/7/0/0/0,9405:1747647657221:,1747647668789
counter/7/0/0/0,9406:1747647657221:,1747647668789
counter/7/0/0/0,9407:1747647657221:,1747647668789
counter/7/0/0/0,9408:1747647657221:,1747647668789
counter/9/0/0/0,10034:1747647657072:,1747647668789
counter/1/0/0/0,10677:1747647657944:,1747647668789
counter/8/0/0/0,9697:1747647656695:,1747647668789
counter/7/0/0/0,9409:1747647657221:,1747647668789
counter/7/0/0/0,9410:1747647657221:,1747647668789
counter/7/0/0/0,9411:1747647657222:,1747647668789
counter/7/0/0/0,9412:1747647657222:,1747647668789
counter/7/0/0/0,9413:1747647657222:,1747647668789
counter/7/0/0/0,9414:1747647657222:,1747647668790
counter/7/0/0/0,9415:1747647657222:,1747647668790
counter/7/0/0/0,9416:1747647657222:,1747647668790
counter/7/0/0/0,9417:1747647657222:,1747647668790
counter/4/0/0/0,9780:1747647658159:,1747647668790
counter/1/0/0/0,10678:1747647657944:,1747647668790
counter/1/0/0/0,10679:1747647657944:,1747647668790
counter/1/0/0/0,10680:1747647657944:,1747647668790
counter/1/0/0/0,10681:1747647657944:,1747647668790
counter/1/0/0/0,10682:1747647657944:,1747647668790
counter/6/0/0/0,8833:1747647657175:,1747647668790
counter/10/0/0/0,8914:1747647656809:,1747647668790
counter/10/0/0/0,8915:1747647656814:,1747647668790
counter/10/0/0/0,8916:1747647656814:,1747647668790
counter/10/0/0/0,8917:1747647656814:,1747647668790
counter/10/0/0/0,8918:1747647656814:,1747647668790
counter/10/0/0/0,8919:1747647656814:,1747647668791
counter/10/0/0/0,8920:1747647656814:,1747647668791
counter/10/0/0/0,8921:1747647656814:,1747647668791
counter/10/0/0/0,8922:1747647656814:,1747647668791
counter/10/0/0/0,8923:1747647656814:,1747647668791
counter/10/0/0/0,8924:1747647656814:,1747647668791
counter/10/0/0/0,8925:1747647656814:,1747647668791
counter/10/0/0/0,8926:1747647656819:,1747647668791
counter/10/0/0/0,8927:1747647656819:,1747647668791
counter/10/0/0/0,8928:1747647656819:,1747647668791
counter/10/0/0/0,8929:1747647656819:,1747647668791
counter/10/0/0/0,8930:1747647656819:,1747647668791
counter/10/0/0/0,8931:1747647656824:,1747647668791
counter/10/0/0/0,8932:1747647656824:,1747647668791
counter/10/0/0/0,8933:1747647656824:,1747647668791
counter/10/0/0/0,8934:1747647656824:,1747647668791
counter/10/0/0/0,8935:1747647656824:,1747647668791
counter/10/0/0/0,8936:1747647656824:,1747647668791
counter/10/0/0/0,8937:1747647656824:,1747647668791
counter/10/0/0/0,8938:1747647656824:,1747647668791
counter/10/0/0/0,8939:1747647656824:,1747647668791
counter/10/0/0/0,8940:1747647656824:,1747647668791
counter/10/0/0/0,8941:1747647656824:,1747647668791
counter/10/0/0/0,8942:1747647656824:,1747647668791
counter/10/0/0/0,8943:1747647656824:,1747647668792
counter/9/0/0/0,10035:1747647657072:,1747647668792
counter/7/0/0/0,9418:1747647657222:,1747647668792
counter/10/0/0/0,8944:1747647656824:,1747647668792
counter/3/0/0/0,10260:1747647657851:,1747647668792
counter/3/0/0/0,10261:1747647657851:,1747647668792
counter/9/0/0/0,10036:1747647657072:,1747647668792
counter/4/0/0/0,9781:1747647658163:,1747647668792
counter/4/0/0/0,9782:1747647658163:,1747647668792
counter/4/0/0/0,9783:1747647658163:,1747647668792
counter/7/0/0/0,9419:1747647657222:,1747647668792
counter/5/0/0/0,9506:1747647656837:,1747647668792
counter/5/0/0/0,9507:1747647656837:,1747647668792
counter/1/0/0/0,10683:1747647657958:,1747647668793
counter/2/0/0/0,9385:1747647655977:,1747647668793
counter/2/0/0/0,9386:1747647655977:,1747647668793
counter/4/0/0/0,9784:1747647658163:,1747647668793
counter/7/0/0/0,9420:1747647657222:,1747647668793
counter/7/0/0/0,9421:1747647657222:,1747647668793
counter/7/0/0/0,9422:1747647657222:,1747647668793
counter/1/0/0/0,10684:1747647657958:,1747647668795
counter/8/0/0/0,9698:1747647656695:,1747647668795
counter/8/0/0/0,9699:1747647656695:,1747647668795
counter/8/0/0/0,9700:1747647656696:,1747647668795
counter/7/0/0/0,9423:1747647657222:,1747647668795
counter/7/0/0/0,9424:1747647657229:,1747647668795
counter/7/0/0/0,9425:1747647657229:,1747647668795
counter/9/0/0/0,10037:1747647657072:,1747647668795
counter/5/0/0/0,9508:1747647656837:,1747647668795
counter/5/0/0/0,9509:1747647656837:,1747647668796
counter/5/0/0/0,9510:1747647656837:,1747647668796
counter/5/0/0/0,9511:1747647656837:,1747647668796
counter/5/0/0/0,9512:1747647656837:,1747647668796
counter/5/0/0/0,9513:1747647656837:,1747647668796
counter/5/0/0/0,9514:1747647656837:,1747647668796
counter/10/0/0/0,8945:1747647656826:,1747647668796
counter/10/0/0/0,8946:1747647656826:,1747647668796
counter/10/0/0/0,8947:1747647656826:,1747647668796
counter/10/0/0/0,8948:1747647656826:,1747647668796
counter/10/0/0/0,8949:1747647656827:,1747647668796
counter/10/0/0/0,8950:1747647656827:,1747647668796
counter/10/0/0/0,8951:1747647656827:,1747647668796
counter/10/0/0/0,8952:1747647656827:,1747647668796
counter/10/0/0/0,8953:1747647656827:,1747647668796
counter/1/0/0/0,10685:1747647657958:,1747647668796
counter/4/0/0/0,9785:1747647658163:,1747647668796
counter/1/0/0/0,10686:1747647657958:,1747647668798
counter/1/0/0/0,10687:1747647657958:,1747647668798
counter/1/0/0/0,10688:1747647657958:,1747647668798
counter/1/0/0/0,10689:1747647657958:,1747647668798
counter/1/0/0/0,10690:1747647657959:,1747647668798
counter/9/0/0/0,10038:1747647657072:,1747647668798
counter/7/0/0/0,9426:1747647657229:,1747647668798
counter/5/0/0/0,9515:1747647656847:,1747647668798
counter/8/0/0/0,9701:1747647656696:,1747647668799
counter/1/0/0/0,10691:1747647657959:,1747647668799
counter/6/0/0/0,8834:1747647657175:,1747647668800
counter/5/0/0/0,9516:1747647656856:,1747647668800
counter/4/0/0/0,9786:1747647658164:,1747647668800
counter/4/0/0/0,9787:1747647658164:,1747647668800
counter/3/0/0/0,10262:1747647657851:,1747647668800
counter/4/0/0/0,9788:1747647658164:,1747647668800
counter/4/0/0/0,9789:1747647658164:,1747647668800
counter/7/0/0/0,9427:1747647657229:,1747647668800
counter/7/0/0/0,9428:1747647657229:,1747647668800
counter/7/0/0/0,9429:1747647657229:,1747647668800
counter/6/0/0/0,8835:1747647657175:,1747647668801
counter/3/0/0/0,10263:1747647657851:,1747647668801
counter/10/0/0/0,8954:1747647656827:,1747647668801
counter/10/0/0/0,8955:1747647656827:,1747647668801
counter/10/0/0/0,8956:1747647656828:,1747647668802
counter/10/0/0/0,8957:1747647656828:,1747647668802
counter/10/0/0/0,8958:1747647656828:,1747647668802
counter/10/0/0/0,8959:1747647656828:,1747647668802
counter/10/0/0/0,8960:1747647656828:,1747647668802
counter/10/0/0/0,8961:1747647656828:,1747647668802
counter/10/0/0/0,8962:1747647656835:,1747647668802
counter/10/0/0/0,8963:1747647656835:,1747647668802
counter/10/0/0/0,8964:1747647656835:,1747647668802
counter/2/0/0/0,9387:1747647655978:,1747647668802
counter/6/0/0/0,8836:1747647657175:,1747647668802
counter/6/0/0/0,8837:1747647657175:,1747647668802
counter/6/0/0/0,8838:1747647657175:,1747647668802
counter/6/0/0/0,8839:1747647657175:,1747647668802
counter/3/0/0/0,10264:1747647657851:,1747647668802
counter/3/0/0/0,10265:1747647657851:,1747647668802
counter/3/0/0/0,10266:1747647657851:,1747647668802
counter/3/0/0/0,10267:1747647657851:,1747647668802
counter/3/0/0/0,10268:1747647657851:,1747647668802
counter/8/0/0/0,9702:1747647656696:,1747647668802
counter/9/0/0/0,10039:1747647657072:,1747647668802
counter/8/0/0/0,9703:1747647656696:,1747647668802
counter/7/0/0/0,9430:1747647657230:,1747647668802
counter/7/0/0/0,9431:1747647657230:,1747647668802
counter/7/0/0/0,9432:1747647657230:,1747647668802
counter/7/0/0/0,9433:1747647657230:,1747647668803
counter/7/0/0/0,9434:1747647657230:,1747647668803
counter/5/0/0/0,9517:1747647656856:,1747647668804
counter/6/0/0/0,8840:1747647657175:,1747647668804
counter/2/0/0/0,9388:1747647655978:,1747647668804
counter/6/0/0/0,8841:1747647657184:,1747647668804
counter/6/0/0/0,8842:1747647657184:,1747647668804
counter/6/0/0/0,8843:1747647657184:,1747647668804
counter/4/0/0/0,9790:1747647658164:,1747647668805
counter/4/0/0/0,9791:1747647658164:,1747647668806
counter/10/0/0/0,8965:1747647656835:,1747647668806
counter/10/0/0/0,8966:1747647656835:,1747647668806
counter/10/0/0/0,8967:1747647656835:,1747647668806
counter/10/0/0/0,8968:1747647656835:,1747647668806
counter/10/0/0/0,8969:1747647656835:,1747647668806
counter/10/0/0/0,8970:1747647656835:,1747647668806
counter/8/0/0/0,9704:1747647656696:,1747647668806
counter/1/0/0/0,10692:1747647657959:,1747647668806
counter/8/0/0/0,9705:1747647656696:,1747647668806
counter/5/0/0/0,9518:1747647656856:,1747647668806
counter/10/0/0/0,8971:1747647656835:,1747647668807
counter/7/0/0/0,9435:1747647657230:,1747647668807
counter/8/0/0/0,9706:1747647656696:,1747647668807
counter/8/0/0/0,9707:1747647656696:,1747647668807
counter/8/0/0/0,9708:1747647656696:,1747647668807
counter/7/0/0/0,9436:1747647657230:,1747647668808
counter/7/0/0/0,9437:1747647657230:,1747647668808
counter/7/0/0/0,9438:1747647657230:,1747647668808
counter/7/0/0/0,9439:1747647657230:,1747647668808
counter/7/0/0/0,9440:1747647657230:,1747647668808
counter/7/0/0/0,9441:1747647657230:,1747647668808
counter/1/0/0/0,10693:1747647657959:,1747647668809
counter/7/0/0/0,9442:1747647657230:,1747647668809
counter/7/0/0/0,9443:1747647657233:,1747647668809
counter/5/0/0/0,9519:1747647656856:,1747647668809
counter/8/0/0/0,9709:1747647656696:,1747647668810
counter/5/0/0/0,9520:1747647656856:,1747647668810
counter/6/0/0/0,8844:1747647657184:,1747647668810
counter/6/0/0/0,8845:1747647657184:,1747647668810
counter/6/0/0/0,8846:1747647657184:,1747647668810
counter/1/0/0/0,10694:1747647657959:,1747647668810
counter/1/0/0/0,10695:1747647657959:,1747647668810
counter/1/0/0/0,10696:1747647657959:,1747647668810
counter/8/0/0/0,9710:1747647656696:,1747647668810
counter/10/0/0/0,8972:1747647656835:,1747647668811
counter/10/0/0/0,8973:1747647656835:,1747647668811
counter/10/0/0/0,8974:1747647656835:,1747647668811
counter/10/0/0/0,8975:1747647656835:,1747647668811
counter/2/0/0/0,9389:1747647655978:,1747647668811
counter/1/0/0/0,10697:1747647657959:,1747647668811
counter/8/0/0/0,9711:1747647656698:,1747647668811
counter/8/0/0/0,9712:1747647656698:,1747647668812
counter/8/0/0/0,9713:1747647656698:,1747647668812
counter/5/0/0/0,9521:1747647656856:,1747647668812
counter/7/0/0/0,9444:1747647657233:,1747647668812
counter/7/0/0/0,9445:1747647657233:,1747647668812
counter/7/0/0/0,9446:1747647657233:,1747647668813
counter/7/0/0/0,9447:1747647657233:,1747647668813
counter/7/0/0/0,9448:1747647657233:,1747647668813
counter/7/0/0/0,9449:1747647657233:,1747647668813
counter/7/0/0/0,9450:1747647657233:,1747647668813
counter/7/0/0/0,9451:1747647657233:,1747647668813
counter/7/0/0/0,9452:1747647657233:,1747647668814
counter/1/0/0/0,10698:1747647657959:,1747647668814
counter/6/0/0/0,8847:1747647657184:,1747647668814
counter/6/0/0/0,8848:1747647657184:,1747647668814
counter/6/0/0/0,8849:1747647657184:,1747647668814
counter/6/0/0/0,8850:1747647657185:,1747647668815
counter/6/0/0/0,8851:1747647657190:,1747647668815
counter/10/0/0/0,8976:1747647656835:,1747647668815
counter/9/0/0/0,10040:1747647657072:,1747647668815
counter/4/0/0/0,9792:1747647658168:,1747647668816
counter/6/0/0/0,8852:1747647657190:,1747647668816
counter/5/0/0/0,9522:1747647656856:,1747647668816
counter/5/0/0/0,9523:1747647656856:,1747647668816
counter/3/0/0/0,10269:1747647657851:,1747647668816
counter/9/0/0/0,10041:1747647657072:,1747647668816
counter/10/0/0/0,8977:1747647656835:,1747647668816
counter/10/0/0/0,8978:1747647656835:,1747647668816
counter/2/0/0/0,9390:1747647655978:,1747647668816
counter/8/0/0/0,9714:1747647656698:,1747647668816
counter/1/0/0/0,10699:1747647657959:,1747647668817
counter/6/0/0/0,8853:1747647657190:,1747647668817
counter/6/0/0/0,8854:1747647657190:,1747647668817
counter/6/0/0/0,8855:1747647657190:,1747647668817
counter/3/0/0/0,10270:1747647657851:,1747647668817
counter/3/0/0/0,10271:1747647657851:,1747647668817
counter/3/0/0/0,10272:1747647657851:,1747647668817
counter/3/0/0/0,10273:1747647657852:,1747647668817
counter/2/0/0/0,9391:1747647655978:,1747647668817
counter/8/0/0/0,9715:1747647656701:,1747647668817
counter/9/0/0/0,10042:1747647657072:,1747647668818
counter/9/0/0/0,10043:1747647657072:,1747647668818
counter/3/0/0/0,10274:1747647657852:,1747647668818
counter/3/0/0/0,10275:1747647657852:,1747647668818
counter/3/0/0/0,10276:1747647657852:,1747647668818
counter/8/0/0/0,9716:1747647656702:,1747647668818
counter/7/0/0/0,9453:1747647657233:,1747647668818
counter/7/0/0/0,9454:1747647657233:,1747647668818
counter/7/0/0/0,9455:1747647657233:,1747647668819
counter/1/0/0/0,10700:1747647657959:,1747647668819
counter/3/0/0/0,10277:1747647657852:,1747647668819
counter/3/0/0/0,10278:1747647657852:,1747647668819
counter/3/0/0/0,10279:1747647657852:,1747647668819
counter/3/0/0/0,10280:1747647657852:,1747647668819
counter/3/0/0/0,10281:1747647657852:,1747647668819
counter/3/0/0/0,10282:1747647657852:,1747647668819
counter/3/0/0/0,10283:1747647657852:,1747647668819
counter/3/0/0/0,10284:1747647657852:,1747647668820
counter/3/0/0/0,10285:1747647657852:,1747647668820
counter/1/0/0/0,10701:1747647657969:,1747647668820
counter/7/0/0/0,9456:1747647657233:,1747647668820
counter/10/0/0/0,8979:1747647656836:,1747647668820
counter/3/0/0/0,10286:1747647657852:,1747647668820
counter/8/0/0/0,9717:1747647656710:,1747647668821
counter/8/0/0/0,9718:1747647656710:,1747647668821
counter/8/0/0/0,9719:1747647656710:,1747647668821
counter/8/0/0/0,9720:1747647656710:,1747647668821
counter/8/0/0/0,9721:1747647656710:,1747647668821
counter/6/0/0/0,8856:1747647657190:,1747647668821
counter/2/0/0/0,9392:1747647655978:,1747647668822
counter/3/0/0/0,10287:1747647657863:,1747647668822
counter/2/0/0/0,9393:1747647655978:,1747647668822
counter/6/0/0/0,8857:1747647657190:,1747647668823
counter/2/0/0/0,9394:1747647655978:,1747647668823
counter/3/0/0/0,10288:1747647657869:,1747647668823
counter/3/0/0/0,10289:1747647657870:,1747647668823
counter/3/0/0/0,10290:1747647657870:,1747647668823
counter/1/0/0/0,10702:1747647657969:,1747647668823
counter/9/0/0/0,10044:1747647657072:,1747647668823
counter/2/0/0/0,9395:1747647655978:,1747647668824
counter/9/0/0/0,10045:1747647657078:,1747647668824
counter/9/0/0/0,10046:1747647657078:,1747647668824
counter/9/0/0/0,10047:1747647657078:,1747647668824
counter/10/0/0/0,8980:1747647656836:,1747647668824
counter/10/0/0/0,8981:1747647656840:,1747647668824
counter/10/0/0/0,8982:1747647656841:,1747647668824
counter/10/0/0/0,8983:1747647656841:,1747647668824
counter/10/0/0/0,8984:1747647656841:,1747647668824
counter/10/0/0/0,8985:1747647656841:,1747647668824
counter/10/0/0/0,8986:1747647656841:,1747647668824
counter/10/0/0/0,8987:1747647656841:,1747647668824
counter/10/0/0/0,8988:1747647656841:,1747647668824
counter/10/0/0/0,8989:1747647656841:,1747647668824
counter/2/0/0/0,9396:1747647655981:,1747647668826
counter/5/0/0/0,9524:1747647656856:,1747647668826
counter/8/0/0/0,9722:1747647656710:,1747647668826
counter/8/0/0/0,9723:1747647656710:,1747647668826
counter/8/0/0/0,9724:1747647656711:,1747647668826
counter/2/0/0/0,9397:1747647655981:,1747647668826
counter/5/0/0/0,9525:1747647656856:,1747647668826
counter/1/0/0/0,10703:1747647657969:,1747647668828
counter/1/0/0/0,10704:1747647657969:,1747647668828
counter/1/0/0/0,10705:1747647657969:,1747647668828
counter/1/0/0/0,10706:1747647657969:,1747647668828
counter/8/0/0/0,9725:1747647656711:,1747647668828
counter/8/0/0/0,9726:1747647656711:,1747647668828
counter/8/0/0/0,9727:1747647656711:,1747647668828
counter/8/0/0/0,9728:1747647656711:,1747647668828
counter/8/0/0/0,9729:1747647656711:,1747647668828
counter/8/0/0/0,9730:1747647656711:,1747647668828
counter/8/0/0/0,9731:1747647656712:,1747647668828
counter/4/0/0/0,9793:1747647658168:,1747647668828
counter/3/0/0/0,10291:1747647657870:,1747647668828
counter/9/0/0/0,10048:1747647657078:,1747647668829
counter/4/0/0/0,9794:1747647658168:,1747647668829
counter/3/0/0/0,10292:1747647657870:,1747647668829
counter/3/0/0/0,10293:1747647657870:,1747647668829
counter/3/0/0/0,10294:1747647657876:,1747647668829
counter/3/0/0/0,10295:1747647657876:,1747647668829
counter/3/0/0/0,10296:1747647657876:,1747647668829
counter/3/0/0/0,10297:1747647657876:,1747647668830
counter/3/0/0/0,10298:1747647657876:,1747647668830
counter/3/0/0/0,10299:1747647657876:,1747647668830
counter/3/0/0/0,10300:1747647657876:,1747647668830
counter/3/0/0/0,10301:1747647657876:,1747647668830
counter/8/0/0/0,9732:1747647656712:,1747647668830
counter/10/0/0/0,8990:1747647656841:,1747647668830
counter/1/0/0/0,10707:1747647657969:,1747647668830
counter/3/0/0/0,10302:1747647657876:,1747647668830
counter/7/0/0/0,9457:1747647657233:,1747647668831
counter/7/0/0/0,9458:1747647657233:,1747647668831
counter/7/0/0/0,9459:1747647657233:,1747647668831
counter/7/0/0/0,9460:1747647657233:,1747647668831
counter/9/0/0/0,10049:1747647657079:,1747647668831
counter/2/0/0/0,9398:1747647655981:,1747647668831
counter/2/0/0/0,9399:1747647655981:,1747647668832
counter/4/0/0/0,9795:1747647658168:,1747647668832
counter/7/0/0/0,9461:1747647657233:,1747647668832
counter/7/0/0/0,9462:1747647657233:,1747647668832
counter/9/0/0/0,10050:1747647657079:,1747647668832
counter/2/0/0/0,9400:1747647655981:,1747647668832
counter/2/0/0/0,9401:1747647655981:,1747647668832
counter/10/0/0/0,8991:1747647656844:,1747647668832
counter/6/0/0/0,8858:1747647657190:,1747647668833
counter/6/0/0/0,8859:1747647657190:,1747647668833
counter/6/0/0/0,8860:1747647657190:,1747647668833
counter/4/0/0/0,9796:1747647658168:,1747647668833
counter/1/0/0/0,10708:1747647657969:,1747647668833
counter/7/0/0/0,9463:1747647657233:,1747647668833
counter/7/0/0/0,9464:1747647657233:,1747647668833
counter/7/0/0/0,9465:1747647657233:,1747647668833
counter/2/0/0/0,9402:1747647655981:,1747647668835
counter/8/0/0/0,9733:1747647656712:,1747647668835
counter/10/0/0/0,8992:1747647656844:,1747647668835
counter/10/0/0/0,8993:1747647656844:,1747647668835
counter/10/0/0/0,8994:1747647656844:,1747647668835
counter/10/0/0/0,8995:1747647656844:,1747647668835
counter/10/0/0/0,8996:1747647656844:,1747647668835
counter/6/0/0/0,8861:1747647657190:,1747647668835
counter/4/0/0/0,9797:1747647658169:,1747647668837
counter/3/0/0/0,10303:1747647657876:,1747647668837
counter/4/0/0/0,9798:1747647658169:,1747647668837
counter/3/0/0/0,10304:1747647657877:,1747647668837
counter/3/0/0/0,10305:1747647657877:,1747647668837
counter/3/0/0/0,10306:1747647657877:,1747647668837
counter/3/0/0/0,10307:1747647657879:,1747647668837
counter/3/0/0/0,10308:1747647657880:,1747647668837
counter/3/0/0/0,10309:1747647657880:,1747647668837
counter/7/0/0/0,9466:1747647657233:,1747647668840
counter/4/0/0/0,9799:1747647658169:,1747647668840
counter/4/0/0/0,9800:1747647658169:,1747647668840
counter/4/0/0/0,9801:1747647658169:,1747647668840
counter/4/0/0/0,9802:1747647658169:,1747647668840
counter/4/0/0/0,9803:1747647658180:,1747647668840
counter/4/0/0/0,9804:1747647658181:,1747647668840
counter/3/0/0/0,10310:1747647657880:,1747647668840
counter/2/0/0/0,9403:1747647655981:,1747647668840
counter/1/0/0/0,10709:1747647657969:,1747647668841
counter/5/0/0/0,9526:1747647656856:,1747647668841
counter/3/0/0/0,10311:1747647657880:,1747647668841
counter/1/0/0/0,10710:1747647657969:,1747647668842
counter/5/0/0/0,9527:1747647656856:,1747647668842
counter/3/0/0/0,10312:1747647657893:,1747647668842
counter/9/0/0/0,10051:1747647657079:,1747647668842
counter/10/0/0/0,8997:1747647656844:,1747647668842
counter/10/0/0/0,8998:1747647656844:,1747647668842
counter/10/0/0/0,8999:1747647656844:,1747647668842
counter/10/0/0/0,9000:1747647656844:,1747647668842
counter/10/0/0/0,9001:1747647656844:,1747647668842
counter/10/0/0/0,9002:1747647656845:,1747647668842
counter/10/0/0/0,9003:1747647656845:,1747647668842
counter/10/0/0/0,9004:1747647656845:,1747647668842
counter/10/0/0/0,9005:1747647656852:,1747647668842
counter/10/0/0/0,9006:1747647656852:,1747647668842
counter/10/0/0/0,9007:1747647656852:,1747647668842
counter/6/0/0/0,8862:1747647657190:,1747647668842
counter/8/0/0/0,9734:1747647656712:,1747647668843
counter/8/0/0/0,9735:1747647656716:,1747647668843
counter/2/0/0/0,9404:1747647655981:,1747647668843
counter/2/0/0/0,9405:1747647655981:,1747647668843
counter/2/0/0/0,9406:1747647655981:,1747647668843
counter/7/0/0/0,9467:1747647657233:,1747647668843
counter/4/0/0/0,9805:1747647658181:,1747647668843
counter/1/0/0/0,10711:1747647657970:,1747647668843
counter/1/0/0/0,10712:1747647657970:,1747647668843
counter/1/0/0/0,10713:1747647657970:,1747647668843
counter/1/0/0/0,10714:1747647657970:,1747647668843
counter/1/0/0/0,10715:1747647657970:,1747647668843
counter/1/0/0/0,10716:1747647657970:,1747647668843
counter/1/0/0/0,10717:1747647657970:,1747647668844
counter/1/0/0/0,10718:1747647657970:,1747647668844
counter/7/0/0/0,9468:1747647657233:,1747647668844
counter/3/0/0/0,10313:1747647657893:,1747647668844
counter/8/0/0/0,9736:1747647656716:,1747647668844
counter/10/0/0/0,9008:1747647656852:,1747647668846
counter/7/0/0/0,9469:1747647657233:,1747647668846
counter/4/0/0/0,9806:1747647658181:,1747647668846
counter/6/0/0/0,8863:1747647657190:,1747647668846
counter/4/0/0/0,9807:1747647658185:,1747647668846
counter/4/0/0/0,9808:1747647658191:,1747647668846
counter/4/0/0/0,9809:1747647658191:,1747647668846
counter/4/0/0/0,9810:1747647658191:,1747647668846
counter/4/0/0/0,9811:1747647658191:,1747647668846
counter/4/0/0/0,9812:1747647658191:,1747647668846
counter/4/0/0/0,9813:1747647658191:,1747647668846
counter/4/0/0/0,9814:1747647658191:,1747647668847
counter/10/0/0/0,9009:1747647656852:,1747647668847
counter/1/0/0/0,10719:1747647657978:,1747647668847
counter/8/0/0/0,9737:1747647656716:,1747647668847
counter/8/0/0/0,9738:1747647656716:,1747647668847
counter/8/0/0/0,9739:1747647656716:,1747647668847
counter/4/0/0/0,9815:1747647658191:,1747647668847
counter/2/0/0/0,9407:1747647655981:,1747647668848
counter/1/0/0/0,10720:1747647657978:,1747647668850
counter/8/0/0/0,9740:1747647656716:,1747647668850
counter/2/0/0/0,9408:1747647655981:,1747647668850
counter/2/0/0/0,9409:1747647655987:,1747647668850
counter/2/0/0/0,9410:1747647655987:,1747647668850
counter/6/0/0/0,8864:1747647657190:,1747647668850
counter/8/0/0/0,9741:1747647656716:,1747647668851
counter/8/0/0/0,9742:1747647656716:,1747647668851
counter/8/0/0/0,9743:1747647656716:,1747647668851
counter/8/0/0/0,9744:1747647656716:,1747647668851
counter/4/0/0/0,9816:1747647658191:,1747647668851
counter/3/0/0/0,10314:1747647657893:,1747647668851
counter/1/0/0/0,10721:1747647657978:,1747647668855
counter/1/0/0/0,10722:1747647657978:,1747647668855
counter/1/0/0/0,10723:1747647657978:,1747647668855
counter/1/0/0/0,10724:1747647657978:,1747647668855
counter/1/0/0/0,10725:1747647657978:,1747647668855
counter/1/0/0/0,10726:1747647657981:,1747647668855
counter/1/0/0/0,10727:1747647657981:,1747647668855
counter/1/0/0/0,10728:1747647657982:,1747647668855
counter/9/0/0/0,10052:1747647657079:,1747647668856
counter/1/0/0/0,10729:1747647657982:,1747647668856
counter/1/0/0/0,10730:1747647657982:,1747647668856
counter/1/0/0/0,10731:1747647657982:,1747647668856
counter/1/0/0/0,10732:1747647657982:,1747647668856
counter/1/0/0/0,10733:1747647657982:,1747647668857
counter/1/0/0/0,10734:1747647657982:,1747647668857
counter/1/0/0/0,10735:1747647657982:,1747647668857
counter/1/0/0/0,10736:1747647657982:,1747647668857
counter/4/0/0/0,9817:1747647658191:,1747647668857
counter/10/0/0/0,9010:1747647656852:,1747647668857
counter/10/0/0/0,9011:1747647656853:,1747647668858
counter/10/0/0/0,9012:1747647656853:,1747647668858
counter/10/0/0/0,9013:1747647656853:,1747647668858
counter/10/0/0/0,9014:1747647656853:,1747647668858
counter/10/0/0/0,9015:1747647656853:,1747647668858
counter/10/0/0/0,9016:1747647656853:,1747647668858
counter/8/0/0/0,9745:1747647656716:,1747647668858
counter/4/0/0/0,9818:1747647658191:,1747647668858
counter/4/0/0/0,9819:1747647658191:,1747647668858
counter/7/0/0/0,9470:1747647657233:,1747647668858
counter/7/0/0/0,9471:1747647657233:,1747647668859
counter/7/0/0/0,9472:1747647657233:,1747647668859
counter/7/0/0/0,9473:1747647657234:,1747647668859
counter/7/0/0/0,9474:1747647657254:,1747647668859
counter/4/0/0/0,9820:1747647658191:,1747647668860
counter/2/0/0/0,9411:1747647655987:,1747647668860
counter/1/0/0/0,10737:1747647657982:,1747647669622
counter/6/0/0/0,8865:1747647657190:,1747647669623
counter/1/0/0/0,10738:1747647657982:,1747647669623
counter/1/0/0/0,10739:1747647657982:,1747647669623
counter/1/0/0/0,10740:1747647657982:,1747647669623
counter/1/0/0/0,10741:1747647657986:,1747647669623
counter/1/0/0/0,10742:1747647657986:,1747647669623
counter/1/0/0/0,10743:1747647657986:,1747647669623
counter/1/0/0/0,10744:1747647657986:,1747647669623
counter/1/0/0/0,10745:1747647657986:,1747647669623
counter/1/0/0/0,10746:1747647657986:,1747647669623
counter/1/0/0/0,10747:1747647657986:,1747647669623
counter/1/0/0/0,10748:1747647657986:,1747647669623
counter/1/0/0/0,10749:1747647657987:,1747647669623
counter/4/0/0/0,9821:1747647658191:,1747647669624
counter/4/0/0/0,9822:1747647658191:,1747647669624
counter/6/0/0/0,8866:1747647657190:,1747647669624
counter/10/0/0/0,9017:1747647656856:,1747647669624
counter/6/0/0/0,8867:1747647657190:,1747647669624
counter/6/0/0/0,8868:1747647657192:,1747647669624
counter/2/0/0/0,9412:1747647655987:,1747647669624
counter/1/0/0/0,10750:1747647657988:,1747647669624
counter/1/0/0/0,10751:1747647657988:,1747647669624
counter/7/0/0/0,9475:1747647657254:,1747647669625
counter/1/0/0/0,10752:1747647657988:,1747647669626
counter/10/0/0/0,9018:1747647656856:,1747647669626
counter/1/0/0/0,10753:1747647657988:,1747647669626
counter/10/0/0/0,9019:1747647656860:,1747647669626
counter/1/0/0/0,10754:1747647657988:,1747647669626
counter/4/0/0/0,9823:1747647658197:,1747647669626
counter/7/0/0/0,9476:1747647657254:,1747647669626
counter/7/0/0/0,9477:1747647657254:,1747647669626
counter/7/0/0/0,9478:1747647657254:,1747647669626
counter/7/0/0/0,9479:1747647657254:,1747647669627
counter/3/0/0/0,10315:1747647657893:,1747647669627
counter/1/0/0/0,10755:1747647657988:,1747647669627
counter/2/0/0/0,9413:1747647655987:,1747647669627
counter/4/0/0/0,9824:1747647658197:,1747647669628
counter/8/0/0/0,9746:1747647656716:,1747647669628
counter/7/0/0/0,9480:1747647657254:,1747647669628
counter/8/0/0/0,9747:1747647656716:,1747647669628
counter/8/0/0/0,9748:1747647656717:,1747647669628
counter/8/0/0/0,9749:1747647656717:,1747647669628
counter/1/0/0/0,10756:1747647657988:,1747647669628
counter/10/0/0/0,9020:1747647656860:,1747647669628
counter/4/0/0/0,9825:1747647658197:,1747647669629
counter/4/0/0/0,9826:1747647658197:,1747647669630
counter/4/0/0/0,9827:1747647658197:,1747647669630
counter/4/0/0/0,9828:1747647658197:,1747647669630
counter/4/0/0/0,9829:1747647658199:,1747647669630
counter/8/0/0/0,9750:1747647656717:,1747647669630
counter/1/0/0/0,10757:1747647657988:,1747647669630
counter/9/0/0/0,10053:1747647657079:,1747647669630
counter/2/0/0/0,9414:1747647655987:,1747647669630
counter/2/0/0/0,9415:1747647655987:,1747647669630
counter/2/0/0/0,9416:1747647655987:,1747647669630
counter/2/0/0/0,9417:1747647655987:,1747647669631
counter/2/0/0/0,9418:1747647655993:,1747647669631
counter/2/0/0/0,9419:1747647655993:,1747647669631
counter/4/0/0/0,9830:1747647658199:,1747647669631
counter/3/0/0/0,10316:1747647657893:,1747647669631
counter/8/0/0/0,9751:1747647656717:,1747647669631
counter/9/0/0/0,10054:1747647657079:,1747647669631
counter/8/0/0/0,9752:1747647656717:,1747647669632
counter/8/0/0/0,9753:1747647656717:,1747647669632
counter/8/0/0/0,9754:1747647656717:,1747647669632
counter/5/0/0/0,9528:1747647656856:,1747647669632
counter/4/0/0/0,9831:1747647658199:,1747647669633
counter/3/0/0/0,10317:1747647657893:,1747647669633
counter/6/0/0/0,8869:1747647657192:,1747647669633
counter/6/0/0/0,8870:1747647657192:,1747647669633
counter/1/0/0/0,10758:1747647657988:,1747647669633
counter/9/0/0/0,10055:1747647657091:,1747647669633
counter/10/0/0/0,9021:1747647656860:,1747647669633
counter/8/0/0/0,9755:1747647656717:,1747647669633
counter/10/0/0/0,9022:1747647656860:,1747647669634
counter/5/0/0/0,9529:1747647656856:,1747647669634
counter/5/0/0/0,9530:1747647656856:,1747647669634
counter/7/0/0/0,9481:1747647657254:,1747647669634
counter/7/0/0/0,9482:1747647657254:,1747647669634
counter/6/0/0/0,8871:1747647657192:,1747647669635
counter/6/0/0/0,8872:1747647657192:,1747647669635
counter/1/0/0/0,10759:1747647657988:,1747647669635
counter/9/0/0/0,10056:1747647657091:,1747647669635
counter/9/0/0/0,10057:1747647657091:,1747647669635
counter/8/0/0/0,9756:1747647656717:,1747647669635
counter/8/0/0/0,9757:1747647656717:,1747647669635
counter/10/0/0/0,9023:1747647656860:,1747647669635
counter/7/0/0/0,9483:1747647657254:,1747647669636
counter/7/0/0/0,9484:1747647657254:,1747647669636
counter/7/0/0/0,9485:1747647657254:,1747647669636
counter/7/0/0/0,9486:1747647657254:,1747647669636
counter/7/0/0/0,9487:1747647657254:,1747647669636
counter/7/0/0/0,9488:1747647657255:,1747647669636
counter/10/0/0/0,9024:1747647656860:,1747647669637
counter/4/0/0/0,9832:1747647658199:,1747647669637
counter/3/0/0/0,10318:1747647657894:,1747647669637
counter/6/0/0/0,8873:1747647657192:,1747647669638
counter/6/0/0/0,8874:1747647657192:,1747647669638
counter/9/0/0/0,10058:1747647657091:,1747647669638
counter/9/0/0/0,10059:1747647657091:,1747647669638
counter/8/0/0/0,9758:1747647656723:,1747647669638
counter/8/0/0/0,9759:1747647656724:,1747647669638
counter/5/0/0/0,9531:1747647656856:,1747647669638
counter/5/0/0/0,9532:1747647656856:,1747647669639
counter/5/0/0/0,9533:1747647656856:,1747647669639
counter/5/0/0/0,9534:1747647656856:,1747647669639
counter/7/0/0/0,9489:1747647657255:,1747647669639
counter/7/0/0/0,9490:1747647657255:,1747647669639
counter/7/0/0/0,9491:1747647657255:,1747647669639
counter/9/0/0/0,10060:1747647657100:,1747647669639
counter/10/0/0/0,9025:1747647656866:,1747647669639
counter/9/0/0/0,10061:1747647657106:,1747647669639
counter/5/0/0/0,9535:1747647656856:,1747647669639
counter/5/0/0/0,9536:1747647656856:,1747647669639
counter/5/0/0/0,9537:1747647656856:,1747647669640
counter/4/0/0/0,9833:1747647658199:,1747647669640
counter/5/0/0/0,9538:1747647656856:,1747647669640
counter/5/0/0/0,9539:1747647656857:,1747647669640
counter/7/0/0/0,9492:1747647657255:,1747647669642
counter/7/0/0/0,9493:1747647657255:,1747647669642
counter/5/0/0/0,9540:1747647656857:,1747647669642
counter/4/0/0/0,9834:1747647658199:,1747647669642
counter/7/0/0/0,9494:1747647657255:,1747647669642
counter/2/0/0/0,9420:1747647655993:,1747647669642
counter/2/0/0/0,9421:1747647655993:,1747647669642
counter/2/0/0/0,9422:1747647655993:,1747647669642
counter/2/0/0/0,9423:1747647655993:,1747647669642
counter/2/0/0/0,9424:1747647655993:,1747647669642
counter/2/0/0/0,9425:1747647655993:,1747647669642
counter/2/0/0/0,9426:1747647655993:,1747647669642
counter/2/0/0/0,9427:1747647656001:,1747647669642
counter/2/0/0/0,9428:1747647656001:,1747647669642
counter/2/0/0/0,9429:1747647656001:,1747647669642
counter/10/0/0/0,9026:1747647656866:,1747647669642
counter/7/0/0/0,9495:1747647657255:,1747647669643
counter/5/0/0/0,9541:1747647656857:,1747647669643
counter/4/0/0/0,9835:1747647658199:,1747647669643
counter/4/0/0/0,9836:1747647658199:,1747647669643
counter/4/0/0/0,9837:1747647658199:,1747647669643
counter/4/0/0/0,9838:1747647658199:,1747647669643
counter/4/0/0/0,9839:1747647658206:,1747647669643
counter/4/0/0/0,9840:1747647658206:,1747647669643
counter/4/0/0/0,9841:1747647658206:,1747647669643
counter/4/0/0/0,9842:1747647658206:,1747647669643
counter/4/0/0/0,9843:1747647658206:,1747647669643
counter/4/0/0/0,9844:1747647658206:,1747647669643
counter/4/0/0/0,9845:1747647658206:,1747647669643
counter/4/0/0/0,9846:1747647658213:,1747647669643
counter/4/0/0/0,9847:1747647658233:,1747647669643
counter/7/0/0/0,9496:1747647657255:,1747647669643
counter/5/0/0/0,9542:1747647656857:,1747647669643
counter/5/0/0/0,9543:1747647656857:,1747647669643
counter/5/0/0/0,9544:1747647656857:,1747647669643
counter/9/0/0/0,10062:1747647657106:,1747647669643
counter/9/0/0/0,10063:1747647657106:,1747647669643
counter/9/0/0/0,10064:1747647657106:,1747647669643
counter/3/0/0/0,10319:1747647657894:,1747647669643
counter/3/0/0/0,10320:1747647657894:,1747647669643
counter/3/0/0/0,10321:1747647657894:,1747647669644
counter/4/0/0/0,9848:1747647658233:,1747647669644
counter/8/0/0/0,9760:1747647656725:,1747647669644
counter/9/0/0/0,10065:1747647657106:,1747647669645
counter/2/0/0/0,9430:1747647656001:,1747647669645
counter/2/0/0/0,9431:1747647656001:,1747647669645
counter/2/0/0/0,9432:1747647656002:,1747647669645
counter/2/0/0/0,9433:1747647656002:,1747647669645
counter/2/0/0/0,9434:1747647656002:,1747647669645
counter/2/0/0/0,9435:1747647656002:,1747647669645
counter/2/0/0/0,9436:1747647656002:,1747647669645
counter/2/0/0/0,9437:1747647656002:,1747647669645
counter/7/0/0/0,9497:1747647657483:,1747647669645
counter/2/0/0/0,9438:1747647656002:,1747647669645
counter/2/0/0/0,9439:1747647656002:,1747647669645
counter/5/0/0/0,9545:1747647656857:,1747647669645
counter/8/0/0/0,9761:1747647656725:,1747647669648
counter/9/0/0/0,10066:1747647657106:,1747647669648
counter/8/0/0/0,9762:1747647656725:,1747647669648
counter/1/0/0/0,10760:1747647657988:,1747647669648
counter/2/0/0/0,9440:1747647656304:,1747647669648
counter/6/0/0/0,8875:1747647657192:,1747647669649
counter/9/0/0/0,10067:1747647657106:,1747647669649
counter/4/0/0/0,9849:1747647658234:,1747647669649
counter/4/0/0/0,9850:1747647658234:,1747647669649
counter/1/0/0/0,10761:1747647657988:,1747647669650
counter/4/0/0/0,9851:1747647658234:,1747647669650
counter/4/0/0/0,9852:1747647658234:,1747647669650
counter/4/0/0/0,9853:1747647658234:,1747647669650
counter/10/0/0/0,9027:1747647656866:,1747647669650
counter/9/0/0/0,10068:1747647657106:,1747647669650
counter/4/0/0/0,9854:1747647658234:,1747647669650
counter/8/0/0/0,9763:1747647656725:,1747647669651
counter/8/0/0/0,9764:1747647656725:,1747647669651
counter/9/0/0/0,10069:1747647657107:,1747647669652
counter/6/0/0/0,8876:1747647657193:,1747647669652
counter/4/0/0/0,9855:1747647658234:,1747647669652
counter/6/0/0/0,8877:1747647657193:,1747647669652
counter/5/0/0/0,9546:1747647656857:,1747647669652
counter/7/0/0/0,9498:1747647657483:,1747647669652
counter/10/0/0/0,9028:1747647656866:,1747647669653
counter/10/0/0/0,9029:1747647656866:,1747647669653
counter/10/0/0/0,9030:1747647656866:,1747647669653
counter/8/0/0/0,9765:1747647656725:,1747647669653
counter/3/0/0/0,10322:1747647657894:,1747647669653
counter/2/0/0/0,9441:1747647656304:,1747647669654
counter/2/0/0/0,9442:1747647656304:,1747647669654
counter/2/0/0/0,9443:1747647656304:,1747647669654
counter/2/0/0/0,9444:1747647656304:,1747647669654
counter/2/0/0/0,9445:1747647656309:,1747647669654
counter/2/0/0/0,9446:1747647656309:,1747647669654
counter/2/0/0/0,9447:1747647656309:,1747647669654
counter/2/0/0/0,9448:1747647656314:,1747647669654
counter/10/0/0/0,9031:1747647656866:,1747647669654
counter/8/0/0/0,9766:1747647656725:,1747647669654
counter/3/0/0/0,10323:1747647657894:,1747647669654
counter/3/0/0/0,10324:1747647657894:,1747647669654
counter/4/0/0/0,9856:1747647658234:,1747647669654
counter/4/0/0/0,9857:1747647658234:,1747647669654
counter/4/0/0/0,9858:1747647658234:,1747647669654
counter/4/0/0/0,9859:1747647658234:,1747647669655
counter/4/0/0/0,9860:1747647658234:,1747647669655
counter/4/0/0/0,9861:1747647658234:,1747647669655
counter/4/0/0/0,9862:1747647658236:,1747647669655
counter/4/0/0/0,9863:1747647658239:,1747647669655
counter/4/0/0/0,9864:1747647658239:,1747647669655
counter/4/0/0/0,9865:1747647658239:,1747647669655
counter/6/0/0/0,8878:1747647657193:,1747647669655
counter/6/0/0/0,8879:1747647657193:,1747647669655
counter/1/0/0/0,10762:1747647657988:,1747647669655
counter/9/0/0/0,10070:1747647657107:,1747647669655
counter/1/0/0/0,10763:1747647657988:,1747647669655
counter/9/0/0/0,10071:1747647657107:,1747647669655
counter/10/0/0/0,9032:1747647656866:,1747647669655
counter/2/0/0/0,9449:1747647656315:,1747647669656
counter/6/0/0/0,8880:1747647657193:,1747647669656
counter/6/0/0/0,8881:1747647657193:,1747647669656
counter/6/0/0/0,8882:1747647657193:,1747647669656
counter/6/0/0/0,8883:1747647657195:,1747647669656
counter/6/0/0/0,8884:1747647657195:,1747647669656
counter/6/0/0/0,8885:1747647657195:,1747647669656
counter/6/0/0/0,8886:1747647657195:,1747647669656
counter/6/0/0/0,8887:1747647657195:,1747647669656
counter/2/0/0/0,9450:1747647656316:,1747647669657
counter/2/0/0/0,9451:1747647656316:,1747647669657
counter/9/0/0/0,10072:1747647657107:,1747647669657
counter/9/0/0/0,10073:1747647657107:,1747647669657
counter/9/0/0/0,10074:1747647657107:,1747647669657
counter/2/0/0/0,9452:1747647656316:,1747647669657
counter/9/0/0/0,10075:1747647657107:,1747647669657
counter/9/0/0/0,10076:1747647657107:,1747647669657
counter/7/0/0/0,9499:1747647657483:,1747647669657
counter/10/0/0/0,9033:1747647656866:,1747647669658
counter/3/0/0/0,10325:1747647657894:,1747647669659
counter/6/0/0/0,8888:1747647657195:,1747647669659
counter/5/0/0/0,9547:1747647656857:,1747647669659
counter/3/0/0/0,10326:1747647657894:,1747647669660
counter/5/0/0/0,9548:1747647656857:,1747647669660
counter/5/0/0/0,9549:1747647656858:,1747647669660
counter/4/0/0/0,9866:1747647658239:,1747647669661
counter/2/0/0/0,9453:1747647656318:,1747647669662
counter/5/0/0/0,9550:1747647656858:,1747647669662
counter/5/0/0/0,9551:1747647656858:,1747647669662
counter/5/0/0/0,9552:1747647656858:,1747647669662
counter/5/0/0/0,9553:1747647656858:,1747647669662
counter/5/0/0/0,9554:1747647656858:,1747647669662
counter/7/0/0/0,9500:1747647657483:,1747647669662
counter/5/0/0/0,9555:1747647656858:,1747647669662
counter/7/0/0/0,9501:1747647657483:,1747647669662
counter/5/0/0/0,9556:1747647656858:,1747647669662
counter/7/0/0/0,9502:1747647657483:,1747647669662
counter/5/0/0/0,9557:1747647656858:,1747647669662
counter/8/0/0/0,9767:1747647656725:,1747647669662
counter/4/0/0/0,9867:1747647658239:,1747647669662
counter/9/0/0/0,10077:1747647657107:,1747647669662
counter/9/0/0/0,10078:1747647657111:,1747647669662
counter/9/0/0/0,10079:1747647657111:,1747647669662
counter/9/0/0/0,10080:1747647657111:,1747647669662
counter/9/0/0/0,10081:1747647657111:,1747647669663
counter/9/0/0/0,10082:1747647657111:,1747647669663
counter/9/0/0/0,10083:1747647657112:,1747647669663
counter/1/0/0/0,10764:1747647657988:,1747647669663
counter/9/0/0/0,10084:1747647657112:,1747647669663
counter/9/0/0/0,10085:1747647657112:,1747647669663
counter/7/0/0/0,9503:1747647657487:,1747647669663
counter/9/0/0/0,10086:1747647657112:,1747647669663
counter/9/0/0/0,10087:1747647657112:,1747647669663
counter/7/0/0/0,9504:1747647657487:,1747647669663
counter/7/0/0/0,9505:1747647657489:,1747647669663
counter/7/0/0/0,9506:1747647657492:,1747647669663
counter/7/0/0/0,9507:1747647657493:,1747647669663
counter/7/0/0/0,9508:1747647657494:,1747647669663
counter/7/0/0/0,9509:1747647657500:,1747647669663
counter/7/0/0/0,9510:1747647657500:,1747647669663
counter/7/0/0/0,9511:1747647657505:,1747647669663
counter/9/0/0/0,10088:1747647657112:,1747647669663
counter/7/0/0/0,9512:1747647657505:,1747647669663
counter/2/0/0/0,9454:1747647656318:,1747647669663
counter/5/0/0/0,9558:1747647656858:,1747647669664
counter/5/0/0/0,9559:1747647656858:,1747647669664
counter/5/0/0/0,9560:1747647656858:,1747647669664
counter/5/0/0/0,9561:1747647656858:,1747647669664
counter/5/0/0/0,9562:1747647656858:,1747647669664
counter/5/0/0/0,9563:1747647656858:,1747647669664
counter/5/0/0/0,9564:1747647656858:,1747647669665
counter/5/0/0/0,9565:1747647656858:,1747647669665
counter/5/0/0/0,9566:1747647656858:,1747647669665
counter/9/0/0/0,10089:1747647657112:,1747647669665
counter/7/0/0/0,9513:1747647657508:,1747647669665
counter/7/0/0/0,9514:1747647657519:,1747647669665
counter/2/0/0/0,9455:1747647656318:,1747647669665
counter/7/0/0/0,9515:1747647657519:,1747647669665
counter/7/0/0/0,9516:1747647657519:,1747647669665
counter/7/0/0/0,9517:1747647657519:,1747647669665
counter/7/0/0/0,9518:1747647657519:,1747647669665
counter/5/0/0/0,9567:1747647656858:,1747647669665
counter/7/0/0/0,9519:1747647657519:,1747647669665
counter/2/0/0/0,9456:1747647656339:,1747647669666
counter/2/0/0/0,9457:1747647656339:,1747647669666
counter/5/0/0/0,9568:1747647656858:,1747647669666
counter/5/0/0/0,9569:1747647656858:,1747647669666
counter/5/0/0/0,9570:1747647656858:,1747647669666
counter/7/0/0/0,9520:1747647657519:,1747647669666
counter/7/0/0/0,9521:1747647657519:,1747647669666
counter/7/0/0/0,9522:1747647657519:,1747647669666
counter/7/0/0/0,9523:1747647657519:,1747647669666
counter/7/0/0/0,9524:1747647657519:,1747647669666
counter/10/0/0/0,9034:1747647656866:,1747647669666
counter/8/0/0/0,9768:1747647656725:,1747647669666
counter/8/0/0/0,9769:1747647656734:,1747647669666
counter/8/0/0/0,9770:1747647656734:,1747647669666
counter/8/0/0/0,9771:1747647656734:,1747647669666
counter/3/0/0/0,10327:1747647657896:,1747647669666
counter/1/0/0/0,10765:1747647657988:,1747647669667
counter/4/0/0/0,9868:1747647658239:,1747647669667
counter/4/0/0/0,9869:1747647658239:,1747647669667
counter/4/0/0/0,9870:1747647658239:,1747647669667
counter/4/0/0/0,9871:1747647658239:,1747647669667
counter/4/0/0/0,9872:1747647658240:,1747647669667
counter/2/0/0/0,9458:1747647656339:,1747647669668
counter/8/0/0/0,9772:1747647656734:,1747647669668
counter/8/0/0/0,9773:1747647656734:,1747647669668
counter/3/0/0/0,10328:1747647657896:,1747647669669
counter/4/0/0/0,9873:1747647658245:,1747647669669
counter/6/0/0/0,8889:1747647657195:,1747647669670
counter/3/0/0/0,10329:1747647657896:,1747647669670
counter/8/0/0/0,9774:1747647656734:,1747647669671
counter/10/0/0/0,9035:1747647656866:,1747647669671
counter/7/0/0/0,9525:1747647657520:,1747647669671
counter/7/0/0/0,9526:1747647657520:,1747647669671
counter/1/0/0/0,10766:1747647657988:,1747647669671
counter/8/0/0/0,9775:1747647656734:,1747647669671
counter/4/0/0/0,9874:1747647658245:,1747647669672
counter/1/0/0/0,10767:1747647657988:,1747647669673
counter/8/0/0/0,9776:1747647656734:,1747647669673
counter/1/0/0/0,10768:1747647657988:,1747647669673
counter/8/0/0/0,9777:1747647656734:,1747647669673
counter/10/0/0/0,9036:1747647656868:,1747647669673
counter/1/0/0/0,10769:1747647657989:,1747647669673
counter/8/0/0/0,9778:1747647656734:,1747647669673
counter/1/0/0/0,10770:1747647657989:,1747647669673
counter/9/0/0/0,10090:1747647657112:,1747647669673
counter/9/0/0/0,10091:1747647657112:,1747647669673
counter/9/0/0/0,10092:1747647657112:,1747647669673
counter/9/0/0/0,10093:1747647657112:,1747647669673
counter/9/0/0/0,10094:1747647657112:,1747647669673
counter/8/0/0/0,9779:1747647656735:,1747647669674
counter/10/0/0/0,9037:1747647656868:,1747647669674
counter/2/0/0/0,9459:1747647656339:,1747647669674
counter/2/0/0/0,9460:1747647656339:,1747647669674
counter/2/0/0/0,9461:1747647656339:,1747647669674
counter/2/0/0/0,9462:1747647656339:,1747647669674
counter/2/0/0/0,9463:1747647656339:,1747647669674
counter/2/0/0/0,9464:1747647656339:,1747647669674
counter/2/0/0/0,9465:1747647656339:,1747647669674
counter/2/0/0/0,9466:1747647656339:,1747647669674
counter/2/0/0/0,9467:1747647656339:,1747647669674
counter/7/0/0/0,9527:1747647657520:,1747647669674
counter/5/0/0/0,9571:1747647656858:,1747647669674
counter/5/0/0/0,9572:1747647656858:,1747647669674
counter/8/0/0/0,9780:1747647656735:,1747647669675
counter/8/0/0/0,9781:1747647656735:,1747647669675
counter/8/0/0/0,9782:1747647656735:,1747647669675
counter/8/0/0/0,9783:1747647656735:,1747647669675
counter/9/0/0/0,10095:1747647657123:,1747647669675
counter/8/0/0/0,9784:1747647656735:,1747647669675
counter/3/0/0/0,10330:1747647657896:,1747647669675
counter/3/0/0/0,10331:1747647657896:,1747647669675
counter/3/0/0/0,10332:1747647657896:,1747647669675
counter/3/0/0/0,10333:1747647657896:,1747647669676
counter/3/0/0/0,10334:1747647657896:,1747647669676
counter/3/0/0/0,10335:1747647657896:,1747647669676
counter/3/0/0/0,10336:1747647657896:,1747647669676
counter/3/0/0/0,10337:1747647657896:,1747647669676
counter/3/0/0/0,10338:1747647657897:,1747647669676
counter/3/0/0/0,10339:1747647657897:,1747647669676
counter/6/0/0/0,8890:1747647657195:,1747647669676
counter/9/0/0/0,10096:1747647657124:,1747647669676
counter/10/0/0/0,9038:1747647656868:,1747647669676
counter/10/0/0/0,9039:1747647656868:,1747647669676
counter/8/0/0/0,9785:1747647656735:,1747647669676
counter/8/0/0/0,9786:1747647656735:,1747647669677
counter/8/0/0/0,9787:1747647656737:,1747647669677
counter/8/0/0/0,9788:1747647656737:,1747647669677
counter/8/0/0/0,9789:1747647656737:,1747647669677
counter/8/0/0/0,9790:1747647656737:,1747647669677
counter/6/0/0/0,8891:1747647657195:,1747647669677
counter/10/0/0/0,9040:1747647656868:,1747647669677
counter/5/0/0/0,9573:1747647656858:,1747647669677
counter/10/0/0/0,9041:1747647656873:,1747647669677
counter/6/0/0/0,8892:1747647657195:,1747647669677
counter/10/0/0/0,9042:1747647656873:,1747647669677
counter/5/0/0/0,9574:1747647656858:,1747647669677
counter/5/0/0/0,9575:1747647656858:,1747647669677
counter/5/0/0/0,9576:1747647656858:,1747647669677
counter/5/0/0/0,9577:1747647656859:,1747647669677
counter/5/0/0/0,9578:1747647656861:,1747647669677
counter/8/0/0/0,9791:1747647656737:,1747647669677
counter/10/0/0/0,9043:1747647656873:,1747647669679
counter/5/0/0/0,9579:1747647656861:,1747647669679
counter/4/0/0/0,9875:1747647658245:,1747647669679
counter/4/0/0/0,9876:1747647658245:,1747647669679
counter/4/0/0/0,9877:1747647658245:,1747647669679
counter/4/0/0/0,9878:1747647658245:,1747647669679
counter/1/0/0/0,10771:1747647657989:,1747647669679
counter/4/0/0/0,9879:1747647658245:,1747647669679
counter/7/0/0/0,9528:1747647657520:,1747647669679
counter/6/0/0/0,8893:1747647657195:,1747647669679
counter/8/0/0/0,9792:1747647656737:,1747647669680
counter/6/0/0/0,8894:1747647657195:,1747647669680
counter/8/0/0/0,9793:1747647656737:,1747647669680
counter/5/0/0/0,9580:1747647656861:,1747647669680
counter/6/0/0/0,8895:1747647657197:,1747647669680
counter/6/0/0/0,8896:1747647657197:,1747647669680
counter/6/0/0/0,8897:1747647657197:,1747647669680
counter/6/0/0/0,8898:1747647657200:,1747647669680
counter/6/0/0/0,8899:1747647657201:,1747647669680
counter/2/0/0/0,9468:1747647656339:,1747647669680
counter/2/0/0/0,9469:1747647656339:,1747647669680
counter/2/0/0/0,9470:1747647656339:,1747647669680
counter/2/0/0/0,9471:1747647656339:,1747647669680
counter/2/0/0/0,9472:1747647656343:,1747647669680
counter/10/0/0/0,9044:1747647656873:,1747647669680
counter/4/0/0/0,9880:1747647658246:,1747647669680
counter/3/0/0/0,10340:1747647657897:,1747647669680
counter/6/0/0/0,8900:1747647657201:,1747647669681
counter/1/0/0/0,10772:1747647657989:,1747647669682
counter/8/0/0/0,9794:1747647656737:,1747647669682
counter/4/0/0/0,9881:1747647658246:,1747647669682
counter/9/0/0/0,10097:1747647657124:,1747647669682
counter/7/0/0/0,9529:1747647657520:,1747647669682
counter/9/0/0/0,10098:1747647657124:,1747647669682
counter/4/0/0/0,9882:1747647658246:,1747647669682
counter/4/0/0/0,9883:1747647658246:,1747647669682
counter/4/0/0/0,9884:1747647658246:,1747647669683
counter/5/0/0/0,9581:1747647656861:,1747647669683
counter/6/0/0/0,8901:1747647657201:,1747647669683
counter/2/0/0/0,9473:1747647656343:,1747647669683
counter/6/0/0/0,8902:1747647657201:,1747647669683
counter/2/0/0/0,9474:1747647656344:,1747647669683
counter/5/0/0/0,9582:1747647656861:,1747647669683
counter/2/0/0/0,9475:1747647656344:,1747647669683
counter/2/0/0/0,9476:1747647656344:,1747647669684
counter/2/0/0/0,9477:1747647656344:,1747647669684
counter/2/0/0/0,9478:1747647656344:,1747647669684
counter/2/0/0/0,9479:1747647656344:,1747647669684
counter/2/0/0/0,9480:1747647656348:,1747647669684
counter/2/0/0/0,9481:1747647656348:,1747647669684
counter/2/0/0/0,9482:1747647656348:,1747647669684
counter/2/0/0/0,9483:1747647656348:,1747647669684
counter/2/0/0/0,9484:1747647656348:,1747647669684
counter/9/0/0/0,10099:1747647657124:,1747647669684
counter/10/0/0/0,9045:1747647656873:,1747647669684
counter/2/0/0/0,9485:1747647656348:,1747647669684
counter/10/0/0/0,9046:1747647656873:,1747647669684
counter/10/0/0/0,9047:1747647656873:,1747647669684
counter/10/0/0/0,9048:1747647656873:,1747647669684
counter/10/0/0/0,9049:1747647656873:,1747647669685
counter/4/0/0/0,9885:1747647658246:,1747647669685
counter/10/0/0/0,9050:1747647656873:,1747647669685
counter/4/0/0/0,9886:1747647658246:,1747647669685
counter/4/0/0/0,9887:1747647658253:,1747647669685
counter/4/0/0/0,9888:1747647658253:,1747647669685
counter/4/0/0/0,9889:1747647658253:,1747647669685
counter/4/0/0/0,9890:1747647658253:,1747647669685
counter/4/0/0/0,9891:1747647658253:,1747647669685
counter/4/0/0/0,9892:1747647658253:,1747647669685
counter/10/0/0/0,9051:1747647656873:,1747647669685
counter/8/0/0/0,9795:1747647656738:,1747647669686
counter/9/0/0/0,10100:1747647657130:,1747647669686
counter/8/0/0/0,9796:1747647656738:,1747647669686
counter/8/0/0/0,9797:1747647656738:,1747647669686
counter/8/0/0/0,9798:1747647656741:,1747647669686
counter/8/0/0/0,9799:1747647656745:,1747647669686
counter/6/0/0/0,8903:1747647657201:,1747647669686
counter/6/0/0/0,8904:1747647657206:,1747647669687
counter/6/0/0/0,8905:1747647657206:,1747647669687
counter/6/0/0/0,8906:1747647657206:,1747647669687
counter/7/0/0/0,9530:1747647657520:,1747647669687
counter/7/0/0/0,9531:1747647657520:,1747647669688
counter/10/0/0/0,9052:1747647656873:,1747647669688
counter/4/0/0/0,9893:1747647658256:,1747647669688
counter/2/0/0/0,9486:1747647656349:,1747647669689
counter/5/0/0/0,9583:1747647656861:,1747647669689
counter/5/0/0/0,9584:1747647656861:,1747647669689
counter/5/0/0/0,9585:1747647656862:,1747647669689
counter/5/0/0/0,9586:1747647656862:,1747647669689
counter/5/0/0/0,9587:1747647656862:,1747647669689
counter/2/0/0/0,9487:1747647656372:,1747647669689
counter/2/0/0/0,9488:1747647656372:,1747647669689
counter/4/0/0/0,9894:1747647658256:,1747647669689
counter/4/0/0/0,9895:1747647658256:,1747647669689
counter/4/0/0/0,9896:1747647658256:,1747647669690
counter/4/0/0/0,9897:1747647658256:,1747647669690
counter/4/0/0/0,9898:1747647658256:,1747647669690
counter/3/0/0/0,10341:1747647657897:,1747647669690
counter/6/0/0/0,8907:1747647657207:,1747647669690
counter/6/0/0/0,8908:1747647657207:,1747647669690
counter/6/0/0/0,8909:1747647657207:,1747647669690
counter/8/0/0/0,9800:1747647656745:,1747647669690
counter/6/0/0/0,8910:1747647657207:,1747647669690
counter/8/0/0/0,9801:1747647656745:,1747647669690
counter/6/0/0/0,8911:1747647657216:,1747647669690
counter/6/0/0/0,8912:1747647657218:,1747647669690
counter/4/0/0/0,9899:1747647658256:,1747647669690
counter/8/0/0/0,9802:1747647656745:,1747647669691
counter/9/0/0/0,10101:1747647657130:,1747647669691
counter/9/0/0/0,10102:1747647657130:,1747647669692
counter/9/0/0/0,10103:1747647657130:,1747647669692
counter/9/0/0/0,10104:1747647657130:,1747647669692
counter/9/0/0/0,10105:1747647657130:,1747647669692
counter/9/0/0/0,10106:1747647657131:,1747647669692
counter/9/0/0/0,10107:1747647657131:,1747647669692
counter/9/0/0/0,10108:1747647657131:,1747647669692
counter/9/0/0/0,10109:1747647657131:,1747647669692
counter/9/0/0/0,10110:1747647657131:,1747647669692
counter/9/0/0/0,10111:1747647657131:,1747647669692
counter/9/0/0/0,10112:1747647657131:,1747647669692
counter/9/0/0/0,10113:1747647657131:,1747647669692
counter/9/0/0/0,10114:1747647657131:,1747647669692
counter/9/0/0/0,10115:1747647657131:,1747647669692
counter/9/0/0/0,10116:1747647657131:,1747647669692
counter/9/0/0/0,10117:1747647657131:,1747647669692
counter/9/0/0/0,10118:1747647657131:,1747647669692
counter/9/0/0/0,10119:1747647657131:,1747647669692
counter/9/0/0/0,10120:1747647657131:,1747647669692
counter/9/0/0/0,10121:1747647657131:,1747647669692
counter/9/0/0/0,10122:1747647657131:,1747647669692
counter/9/0/0/0,10123:1747647657131:,1747647669692
counter/9/0/0/0,10124:1747647657131:,1747647669693
counter/10/0/0/0,9053:1747647656873:,1747647669693
counter/10/0/0/0,9054:1747647656875:,1747647669693
counter/10/0/0/0,9055:1747647656875:,1747647669693
counter/10/0/0/0,9056:1747647656875:,1747647669694
counter/8/0/0/0,9803:1747647656745:,1747647669694
counter/8/0/0/0,9804:1747647656745:,1747647669694
counter/8/0/0/0,9805:1747647656746:,1747647669694
counter/8/0/0/0,9806:1747647656746:,1747647669694
counter/8/0/0/0,9807:1747647656746:,1747647669694
counter/8/0/0/0,9808:1747647656746:,1747647669694
counter/7/0/0/0,9532:1747647657520:,1747647669694
counter/1/0/0/0,10773:1747647657990:,1747647669694
counter/3/0/0/0,10342:1747647657904:,1747647669696
counter/3/0/0/0,10343:1747647657904:,1747647669696
counter/3/0/0/0,10344:1747647657904:,1747647669696
counter/3/0/0/0,10345:1747647657904:,1747647669696
counter/3/0/0/0,10346:1747647657904:,1747647669696
counter/3/0/0/0,10347:1747647657904:,1747647669696
counter/8/0/0/0,9809:1747647656746:,1747647669696
counter/8/0/0/0,9810:1747647656746:,1747647669697
counter/8/0/0/0,9811:1747647656746:,1747647669697
counter/3/0/0/0,10348:1747647657904:,1747647669697
counter/10/0/0/0,9057:1747647656875:,1747647669697
counter/9/0/0/0,10125:1747647657131:,1747647669697
counter/9/0/0/0,10126:1747647657131:,1747647669698
counter/9/0/0/0,10127:1747647657131:,1747647669698
counter/9/0/0/0,10128:1747647657131:,1747647669698
counter/9/0/0/0,10129:1747647657131:,1747647669698
counter/9/0/0/0,10130:1747647657132:,1747647669698
counter/9/0/0/0,10131:1747647657132:,1747647669698
counter/9/0/0/0,10132:1747647657132:,1747647669698
counter/9/0/0/0,10133:1747647657132:,1747647669698
counter/9/0/0/0,10134:1747647657132:,1747647669698
counter/6/0/0/0,8913:1747647657236:,1747647669698
counter/5/0/0/0,9588:1747647656862:,1747647669699
counter/1/0/0/0,10774:1747647657990:,1747647669699
counter/1/0/0/0,10775:1747647657990:,1747647669700
counter/1/0/0/0,10776:1747647657990:,1747647669700
counter/3/0/0/0,10349:1747647657904:,1747647669700
counter/3/0/0/0,10350:1747647657913:,1747647669700
counter/3/0/0/0,10351:1747647657913:,1747647669700
counter/3/0/0/0,10352:1747647657914:,1747647669700
counter/3/0/0/0,10353:1747647657914:,1747647669700
counter/3/0/0/0,10354:1747647657914:,1747647669700
counter/5/0/0/0,9589:1747647656862:,1747647669700
counter/3/0/0/0,10355:1747647657914:,1747647669700
counter/8/0/0/0,9812:1747647656747:,1747647669700
counter/9/0/0/0,10135:1747647657132:,1747647669700
counter/9/0/0/0,10136:1747647657132:,1747647669700
counter/9/0/0/0,10137:1747647657132:,1747647669700
counter/9/0/0/0,10138:1747647657132:,1747647669701
counter/9/0/0/0,10139:1747647657132:,1747647669701
counter/9/0/0/0,10140:1747647657132:,1747647669701
counter/9/0/0/0,10141:1747647657132:,1747647669701
counter/9/0/0/0,10142:1747647657132:,1747647669701
counter/7/0/0/0,9533:1747647657520:,1747647669701
counter/10/0/0/0,9058:1747647656875:,1747647669701
counter/3/0/0/0,10356:1747647657914:,1747647669701
counter/3/0/0/0,10357:1747647657914:,1747647669701
counter/3/0/0/0,10358:1747647657927:,1747647669701
counter/3/0/0/0,10359:1747647657927:,1747647669701
counter/5/0/0/0,9590:1747647656862:,1747647669701
counter/5/0/0/0,9591:1747647656862:,1747647669701
counter/5/0/0/0,9592:1747647656862:,1747647669701
counter/2/0/0/0,9489:1747647656372:,1747647669701
counter/8/0/0/0,9813:1747647656748:,1747647669701
counter/8/0/0/0,9814:1747647656767:,1747647669701
counter/8/0/0/0,9815:1747647656767:,1747647669701
counter/8/0/0/0,9816:1747647656767:,1747647669702
counter/9/0/0/0,10143:1747647657132:,1747647669702
counter/8/0/0/0,9817:1747647656767:,1747647669702
counter/4/0/0/0,9900:1747647658256:,1747647669702
counter/4/0/0/0,9901:1747647658256:,1747647669702
counter/4/0/0/0,9902:1747647658256:,1747647669702
counter/4/0/0/0,9903:1747647658256:,1747647669702
counter/4/0/0/0,9904:1747647658259:,1747647669702
counter/4/0/0/0,9905:1747647658259:,1747647669702
counter/10/0/0/0,9059:1747647656875:,1747647669702
counter/3/0/0/0,10360:1747647657927:,1747647669702
counter/10/0/0/0,9060:1747647656875:,1747647669702
counter/4/0/0/0,9906:1747647658259:,1747647669703
counter/6/0/0/0,8914:1747647657236:,1747647669703
counter/4/0/0/0,9907:1747647658260:,1747647669703
counter/4/0/0/0,9908:1747647658260:,1747647669703
counter/4/0/0/0,9909:1747647658260:,1747647669703
counter/4/0/0/0,9910:1747647658260:,1747647669703
counter/4/0/0/0,9911:1747647658260:,1747647669703
counter/4/0/0/0,9912:1747647658260:,1747647669703
counter/4/0/0/0,9913:1747647658260:,1747647669703
counter/4/0/0/0,9914:1747647658267:,1747647669703
counter/4/0/0/0,9915:1747647658267:,1747647669703
counter/4/0/0/0,9916:1747647658267:,1747647669703
counter/4/0/0/0,9917:1747647658267:,1747647669703
counter/4/0/0/0,9918:1747647658267:,1747647669703
counter/4/0/0/0,9919:1747647658267:,1747647669703
counter/4/0/0/0,9920:1747647658267:,1747647669703
counter/4/0/0/0,9921:1747647658267:,1747647669703
counter/4/0/0/0,9922:1747647658267:,1747647669703
counter/4/0/0/0,9923:1747647658267:,1747647669704
counter/4/0/0/0,9924:1747647658267:,1747647669704
counter/4/0/0/0,9925:1747647658268:,1747647669705
counter/4/0/0/0,9926:1747647658268:,1747647669705
counter/10/0/0/0,9061:1747647656875:,1747647669705
counter/4/0/0/0,9927:1747647658268:,1747647669705
counter/10/0/0/0,9062:1747647656875:,1747647669705
counter/4/0/0/0,9928:1747647658268:,1747647669705
counter/10/0/0/0,9063:1747647656878:,1747647669705
counter/10/0/0/0,9064:1747647656878:,1747647669705
counter/10/0/0/0,9065:1747647656885:,1747647669705
counter/10/0/0/0,9066:1747647656885:,1747647669705
counter/10/0/0/0,9067:1747647656885:,1747647669706
counter/10/0/0/0,9068:1747647656885:,1747647669706
counter/9/0/0/0,10144:1747647657132:,1747647669706
counter/10/0/0/0,9069:1747647656885:,1747647669706
counter/10/0/0/0,9070:1747647656885:,1747647669706
counter/10/0/0/0,9071:1747647656885:,1747647669706
counter/10/0/0/0,9072:1747647656885:,1747647669706
counter/10/0/0/0,9073:1747647656886:,1747647669706
counter/8/0/0/0,9818:1747647656767:,1747647669706
counter/8/0/0/0,9819:1747647656767:,1747647669707
counter/1/0/0/0,10777:1747647657990:,1747647669707
counter/1/0/0/0,10778:1747647657990:,1747647669707
counter/1/0/0/0,10779:1747647657990:,1747647669707
counter/6/0/0/0,8915:1747647657236:,1747647669707
counter/8/0/0/0,9820:1747647656767:,1747647669708
counter/4/0/0/0,9929:1747647658268:,1747647669708
counter/2/0/0/0,9490:1747647656372:,1747647669708
counter/4/0/0/0,9930:1747647658268:,1747647669708
counter/9/0/0/0,10145:1747647657132:,1747647669708
counter/4/0/0/0,9931:1747647658278:,1747647669708
counter/5/0/0/0,9593:1747647656862:,1747647669709
counter/2/0/0/0,9491:1747647656372:,1747647669709
counter/9/0/0/0,10146:1747647657132:,1747647669709
counter/9/0/0/0,10147:1747647657132:,1747647669709
counter/9/0/0/0,10148:1747647657132:,1747647669709
counter/9/0/0/0,10149:1747647657132:,1747647669709
counter/9/0/0/0,10150:1747647657132:,1747647669709
counter/9/0/0/0,10151:1747647657132:,1747647669709
counter/9/0/0/0,10152:1747647657132:,1747647669709
counter/9/0/0/0,10153:1747647657132:,1747647669709
counter/3/0/0/0,10361:1747647657927:,1747647669709
counter/3/0/0/0,10362:1747647657927:,1747647669709
counter/3/0/0/0,10363:1747647657927:,1747647669709
counter/3/0/0/0,10364:1747647657927:,1747647669709
counter/8/0/0/0,9821:1747647656767:,1747647669710
counter/5/0/0/0,9594:1747647656862:,1747647669710
counter/7/0/0/0,9534:1747647657520:,1747647669710
counter/7/0/0/0,9535:1747647657521:,1747647669710
counter/7/0/0/0,9536:1747647657521:,1747647669710
counter/7/0/0/0,9537:1747647657521:,1747647669710
counter/10/0/0/0,9074:1747647656886:,1747647669710
counter/3/0/0/0,10365:1747647657927:,1747647669711
counter/7/0/0/0,9538:1747647657521:,1747647669711
counter/9/0/0/0,10154:1747647657133:,1747647669711
counter/8/0/0/0,9822:1747647656767:,1747647669712
counter/4/0/0/0,9932:1747647658278:,1747647669712
counter/2/0/0/0,9492:1747647656372:,1747647669713
counter/2/0/0/0,9493:1747647656372:,1747647669713
counter/7/0/0/0,9539:1747647657523:,1747647669713
counter/7/0/0/0,9540:1747647657524:,1747647669713
counter/7/0/0/0,9541:1747647657524:,1747647669714
counter/7/0/0/0,9542:1747647657524:,1747647669714
counter/2/0/0/0,9494:1747647656372:,1747647669714
counter/2/0/0/0,9495:1747647656372:,1747647669714
counter/2/0/0/0,9496:1747647656372:,1747647669714
counter/2/0/0/0,9497:1747647656372:,1747647669714
counter/2/0/0/0,9498:1747647656372:,1747647669714
counter/2/0/0/0,9499:1747647656372:,1747647669714
counter/8/0/0/0,9823:1747647656767:,1747647669714
counter/5/0/0/0,9595:1747647656868:,1747647669714
counter/1/0/0/0,10780:1747647657990:,1747647669714
counter/4/0/0/0,9933:1747647658278:,1747647669717
counter/5/0/0/0,9596:1747647656877:,1747647669718
counter/8/0/0/0,9824:1747647656767:,1747647669718
counter/9/0/0/0,10155:1747647657133:,1747647669718
counter/8/0/0/0,9825:1747647656768:,1747647669718
counter/8/0/0/0,9826:1747647656768:,1747647669718
counter/8/0/0/0,9827:1747647656768:,1747647669718
counter/3/0/0/0,10366:1747647657927:,1747647669719
counter/10/0/0/0,9075:1747647656887:,1747647669719
counter/10/0/0/0,9076:1747647656887:,1747647669719
counter/10/0/0/0,9077:1747647656889:,1747647669719
counter/10/0/0/0,9078:1747647656889:,1747647669719
counter/2/0/0/0,9500:1747647656372:,1747647669719
counter/3/0/0/0,10367:1747647657927:,1747647669719
counter/3/0/0/0,10368:1747647657927:,1747647669719
counter/3/0/0/0,10369:1747647657927:,1747647669719
counter/3/0/0/0,10370:1747647657927:,1747647669719
counter/3/0/0/0,10371:1747647657927:,1747647669719
counter/3/0/0/0,10372:1747647657932:,1747647669721
counter/4/0/0/0,9934:1747647658278:,1747647669721
counter/8/0/0/0,9828:1747647656768:,1747647669721
counter/8/0/0/0,9829:1747647656768:,1747647669721
counter/6/0/0/0,8916:1747647657236:,1747647669721
counter/7/0/0/0,9543:1747647657524:,1747647669721
counter/7/0/0/0,9544:1747647657524:,1747647669722
counter/7/0/0/0,9545:1747647657524:,1747647669722
counter/7/0/0/0,9546:1747647657524:,1747647669722
counter/7/0/0/0,9547:1747647657524:,1747647669722
counter/7/0/0/0,9548:1747647657524:,1747647669722
counter/7/0/0/0,9549:1747647657524:,1747647669722
counter/7/0/0/0,9550:1747647657524:,1747647669722
counter/2/0/0/0,9501:1747647656372:,1747647669722
counter/5/0/0/0,9597:1747647656877:,1747647669723
counter/2/0/0/0,9502:1747647656372:,1747647669723
counter/1/0/0/0,10781:1747647657991:,1747647669723
counter/4/0/0/0,9935:1747647658278:,1747647669723
counter/4/0/0/0,9936:1747647658278:,1747647669723
counter/4/0/0/0,9937:1747647658278:,1747647669723
counter/4/0/0/0,9938:1747647658278:,1747647669723
counter/4/0/0/0,9939:1747647658278:,1747647669724
counter/4/0/0/0,9940:1747647658278:,1747647669724
counter/10/0/0/0,9079:1747647656889:,1747647669724
counter/10/0/0/0,9080:1747647656889:,1747647669725
counter/8/0/0/0,9830:1747647656768:,1747647669725
counter/8/0/0/0,9831:1747647656792:,1747647669725
counter/2/0/0/0,9503:1747647656372:,1747647669725
counter/2/0/0/0,9504:1747647656372:,1747647669725
counter/2/0/0/0,9505:1747647656372:,1747647669725
counter/2/0/0/0,9506:1747647656372:,1747647669725
counter/2/0/0/0,9507:1747647656372:,1747647669725
counter/2/0/0/0,9508:1747647656373:,1747647669725
counter/1/0/0/0,10782:1747647657991:,1747647669725
counter/2/0/0/0,9509:1747647656373:,1747647669725
counter/6/0/0/0,8917:1747647657236:,1747647669725
counter/9/0/0/0,10156:1747647657133:,1747647669726
counter/6/0/0/0,8918:1747647657236:,1747647669726
counter/9/0/0/0,10157:1747647657133:,1747647669726
counter/7/0/0/0,9551:1747647657524:,1747647669726
counter/2/0/0/0,9510:1747647656373:,1747647669726
counter/2/0/0/0,9511:1747647656373:,1747647669726
counter/2/0/0/0,9512:1747647656373:,1747647669726
counter/2/0/0/0,9513:1747647656373:,1747647669726
counter/6/0/0/0,8919:1747647657236:,1747647669726
counter/3/0/0/0,10373:1747647657932:,1747647669728
counter/6/0/0/0,8920:1747647657236:,1747647669728
counter/2/0/0/0,9514:1747647656373:,1747647669732
counter/1/0/0/0,10783:1747647657991:,1747647669732
counter/1/0/0/0,10784:1747647657991:,1747647669733
counter/1/0/0/0,10785:1747647657991:,1747647669733
counter/1/0/0/0,10786:1747647657991:,1747647669733
counter/7/0/0/0,9552:1747647657524:,1747647669733
counter/4/0/0/0,9941:1747647658278:,1747647669733
counter/6/0/0/0,8921:1747647657236:,1747647669734
counter/1/0/0/0,10787:1747647657991:,1747647669736
counter/1/0/0/0,10788:1747647657991:,1747647669736
counter/1/0/0/0,10789:1747647657991:,1747647669736
counter/1/0/0/0,10790:1747647657991:,1747647669736
counter/1/0/0/0,10791:1747647657991:,1747647669736
counter/2/0/0/0,9515:1747647656373:,1747647669736
counter/7/0/0/0,9553:1747647657530:,1747647669736
counter/3/0/0/0,10374:1747647657932:,1747647669736
counter/7/0/0/0,9554:1747647657531:,1747647669736
counter/7/0/0/0,9555:1747647657531:,1747647669736
counter/9/0/0/0,10158:1747647657133:,1747647669737
counter/1/0/0/0,10792:1747647657991:,1747647669737
counter/1/0/0/0,10793:1747647657991:,1747647669737
counter/4/0/0/0,9942:1747647658278:,1747647669738
counter/5/0/0/0,9598:1747647656877:,1747647669738
counter/4/0/0/0,9943:1747647658278:,1747647669738
counter/4/0/0/0,9944:1747647658278:,1747647669738
counter/4/0/0/0,9945:1747647658278:,1747647669738
counter/10/0/0/0,9081:1747647656889:,1747647669739
counter/8/0/0/0,9832:1747647656792:,1747647669739
counter/8/0/0/0,9833:1747647656792:,1747647669739
counter/8/0/0/0,9834:1747647656792:,1747647669739
counter/8/0/0/0,9835:1747647656792:,1747647669739
counter/8/0/0/0,9836:1747647656797:,1747647669739
counter/8/0/0/0,9837:1747647656797:,1747647669739
counter/8/0/0/0,9838:1747647656797:,1747647669739
counter/8/0/0/0,9839:1747647656797:,1747647669739
counter/8/0/0/0,9840:1747647656797:,1747647669739
counter/8/0/0/0,9841:1747647656811:,1747647669739
counter/10/0/0/0,9082:1747647656889:,1747647669741
counter/7/0/0/0,9556:1747647657531:,1747647669741
counter/7/0/0/0,9557:1747647657531:,1747647669741
counter/5/0/0/0,9599:1747647656877:,1747647669741
counter/4/0/0/0,9946:1747647658278:,1747647669741
counter/4/0/0/0,9947:1747647658278:,1747647669741
counter/8/0/0/0,9842:1747647656819:,1747647669742
counter/8/0/0/0,9843:1747647656820:,1747647669743
counter/6/0/0/0,8922:1747647657236:,1747647669743
counter/9/0/0/0,10159:1747647657133:,1747647669744
counter/10/0/0/0,9083:1747647656889:,1747647669744
counter/1/0/0/0,10794:1747647657991:,1747647669744
counter/10/0/0/0,9084:1747647656890:,1747647669745
counter/3/0/0/0,10375:1747647657933:,1747647669745
counter/3/0/0/0,10376:1747647657933:,1747647669745
counter/4/0/0/0,9948:1747647658278:,1747647669746
counter/5/0/0/0,9600:1747647656877:,1747647669746
counter/2/0/0/0,9516:1747647656373:,1747647669747
counter/2/0/0/0,9517:1747647656373:,1747647669747
counter/2/0/0/0,9518:1747647656373:,1747647669747
counter/5/0/0/0,9601:1747647656877:,1747647669748
counter/10/0/0/0,9085:1747647656890:,1747647669748
counter/5/0/0/0,9602:1747647656877:,1747647669750
counter/5/0/0/0,9603:1747647656877:,1747647669750
counter/5/0/0/0,9604:1747647656877:,1747647669750
counter/5/0/0/0,9605:1747647656878:,1747647669750
counter/5/0/0/0,9606:1747647656878:,1747647669750
counter/5/0/0/0,9607:1747647656878:,1747647669750
counter/5/0/0/0,9608:1747647656878:,1747647669750
counter/5/0/0/0,9609:1747647656878:,1747647669751
counter/5/0/0/0,9610:1747647656878:,1747647669751
counter/5/0/0/0,9611:1747647656878:,1747647669751
counter/5/0/0/0,9612:1747647656878:,1747647669751
counter/5/0/0/0,9613:1747647656878:,1747647669751
counter/5/0/0/0,9614:1747647656878:,1747647669751
counter/5/0/0/0,9615:1747647656879:,1747647669751
counter/5/0/0/0,9616:1747647656879:,1747647669751
counter/6/0/0/0,8923:1747647657236:,1747647669751
counter/10/0/0/0,9086:1747647656890:,1747647669752
counter/10/0/0/0,9087:1747647656890:,1747647669752
counter/10/0/0/0,9088:1747647656890:,1747647669752
counter/10/0/0/0,9089:1747647656890:,1747647669752
counter/10/0/0/0,9090:1747647656890:,1747647669752
counter/10/0/0/0,9091:1747647656890:,1747647669752
counter/10/0/0/0,9092:1747647656890:,1747647669752
counter/10/0/0/0,9093:1747647656890:,1747647669752
counter/10/0/0/0,9094:1747647656890:,1747647669752
counter/10/0/0/0,9095:1747647656909:,1747647669752
counter/10/0/0/0,9096:1747647656909:,1747647669752
counter/10/0/0/0,9097:1747647656909:,1747647669753
counter/10/0/0/0,9098:1747647656910:,1747647669753
counter/10/0/0/0,9099:1747647656910:,1747647669753
counter/10/0/0/0,9100:1747647656910:,1747647669753
counter/10/0/0/0,9101:1747647656910:,1747647669753
counter/10/0/0/0,9102:1747647656910:,1747647669753
counter/1/0/0/0,10795:1747647657991:,1747647669753
counter/1/0/0/0,10796:1747647657991:,1747647669753
counter/10/0/0/0,9103:1747647656910:,1747647669753
counter/1/0/0/0,10797:1747647657991:,1747647669753
counter/1/0/0/0,10798:1747647657991:,1747647669754
counter/2/0/0/0,9519:1747647656374:,1747647669754
counter/2/0/0/0,9520:1747647656374:,1747647669754
counter/2/0/0/0,9521:1747647656374:,1747647669754
counter/2/0/0/0,9522:1747647656374:,1747647669754
counter/9/0/0/0,10160:1747647657133:,1747647669755
counter/9/0/0/0,10161:1747647657133:,1747647669755
counter/5/0/0/0,9617:1747647656879:,1747647669755
counter/9/0/0/0,10162:1747647657133:,1747647669755
counter/9/0/0/0,10163:1747647657133:,1747647669755
counter/9/0/0/0,10164:1747647657133:,1747647669755
counter/9/0/0/0,10165:1747647657133:,1747647669755
counter/9/0/0/0,10166:1747647657133:,1747647669755
counter/9/0/0/0,10167:1747647657133:,1747647669755
counter/9/0/0/0,10168:1747647657146:,1747647669755
counter/9/0/0/0,10169:1747647657146:,1747647669755
counter/8/0/0/0,9844:1747647656820:,1747647669755
counter/9/0/0/0,10170:1747647657146:,1747647669756
counter/2/0/0/0,9523:1747647656382:,1747647669756
counter/2/0/0/0,9524:1747647656383:,1747647669756
counter/2/0/0/0,9525:1747647656383:,1747647669756
counter/5/0/0/0,9618:1747647656879:,1747647669756
counter/5/0/0/0,9619:1747647656879:,1747647669756
counter/6/0/0/0,8924:1747647657236:,1747647669756
counter/3/0/0/0,10377:1747647657933:,1747647669756
counter/9/0/0/0,10171:1747647657146:,1747647669757
counter/9/0/0/0,10172:1747647657146:,1747647669757
counter/9/0/0/0,10173:1747647657146:,1747647669757
counter/9/0/0/0,10174:1747647657147:,1747647669757
counter/9/0/0/0,10175:1747647657147:,1747647669757
counter/9/0/0/0,10176:1747647657147:,1747647669757
counter/9/0/0/0,10177:1747647657147:,1747647669757
counter/9/0/0/0,10178:1747647657147:,1747647669757
counter/9/0/0/0,10179:1747647657147:,1747647669757
counter/9/0/0/0,10180:1747647657148:,1747647669757
counter/5/0/0/0,9620:1747647656879:,1747647669757
counter/5/0/0/0,9621:1747647656879:,1747647669757
counter/5/0/0/0,9622:1747647656879:,1747647669757
counter/5/0/0/0,9623:1747647656879:,1747647669758
counter/5/0/0/0,9624:1747647656880:,1747647669758
counter/5/0/0/0,9625:1747647656880:,1747647669758
counter/1/0/0/0,10799:1747647657991:,1747647669758
counter/6/0/0/0,8925:1747647657236:,1747647669758
counter/7/0/0/0,9558:1747647657531:,1747647669758
counter/6/0/0/0,8926:1747647657485:,1747647669758
counter/1/0/0/0,10800:1747647657991:,1747647669760
counter/1/0/0/0,10801:1747647657992:,1747647669760
counter/1/0/0/0,10802:1747647657992:,1747647669760
counter/4/0/0/0,9949:1747647658279:,1747647669761
counter/4/0/0/0,9950:1747647658292:,1747647669761
counter/4/0/0/0,9951:1747647658292:,1747647669761
counter/4/0/0/0,9952:1747647658292:,1747647669761
counter/4/0/0/0,9953:1747647658292:,1747647669761
counter/4/0/0/0,9954:1747647658292:,1747647669761
counter/4/0/0/0,9955:1747647658292:,1747647669761
counter/4/0/0/0,9956:1747647658292:,1747647669761
counter/4/0/0/0,9957:1747647658293:,1747647669761
counter/4/0/0/0,9958:1747647658293:,1747647669761
counter/7/0/0/0,9559:1747647657531:,1747647669761
counter/8/0/0/0,9845:1747647656820:,1747647669762
counter/8/0/0/0,9846:1747647656820:,1747647669762
counter/1/0/0/0,10803:1747647657992:,1747647669762
counter/8/0/0/0,9847:1747647656820:,1747647669762
counter/1/0/0/0,10804:1747647657992:,1747647669762
counter/8/0/0/0,9848:1747647656820:,1747647669762
counter/1/0/0/0,10805:1747647657992:,1747647669762
counter/8/0/0/0,9849:1747647656820:,1747647669762
counter/1/0/0/0,10806:1747647657992:,1747647669762
counter/8/0/0/0,9850:1747647656820:,1747647669762
counter/1/0/0/0,10807:1747647657992:,1747647669762
counter/8/0/0/0,9851:1747647656820:,1747647669763
counter/8/0/0/0,9852:1747647656820:,1747647669763
counter/1/0/0/0,10808:1747647657992:,1747647669763
counter/8/0/0/0,9853:1747647656820:,1747647669763
counter/8/0/0/0,9854:1747647656820:,1747647669763
counter/9/0/0/0,10181:1747647657148:,1747647669763
counter/1/0/0/0,10809:1747647657992:,1747647669765
counter/5/0/0/0,9626:1747647656880:,1747647669765
counter/5/0/0/0,9627:1747647656880:,1747647669765
counter/5/0/0/0,9628:1747647656880:,1747647669765
counter/5/0/0/0,9629:1747647656880:,1747647669765
counter/4/0/0/0,9959:1747647658300:,1747647669765
counter/5/0/0/0,9630:1747647656880:,1747647669765
counter/4/0/0/0,9960:1747647658305:,1747647669765
counter/5/0/0/0,9631:1747647656880:,1747647669765
counter/4/0/0/0,9961:1747647658306:,1747647669765
counter/5/0/0/0,9632:1747647656880:,1747647669765
counter/4/0/0/0,9962:1747647658306:,1747647669765
counter/5/0/0/0,9633:1747647656880:,1747647669765
counter/4/0/0/0,9963:1747647658306:,1747647669765
counter/5/0/0/0,9634:1747647656886:,1747647669765
counter/4/0/0/0,9964:1747647658306:,1747647669765
counter/5/0/0/0,9635:1747647656886:,1747647669765
counter/5/0/0/0,9636:1747647656886:,1747647669765
counter/5/0/0/0,9637:1747647656886:,1747647669765
counter/5/0/0/0,9638:1747647656886:,1747647669765
counter/8/0/0/0,9855:1747647656820:,1747647669765
counter/2/0/0/0,9526:1747647656385:,1747647669766
counter/8/0/0/0,9856:1747647656820:,1747647669766
counter/3/0/0/0,10378:1747647657933:,1747647669767
counter/7/0/0/0,9560:1747647657531:,1747647669767
counter/7/0/0/0,9561:1747647657531:,1747647669767
counter/6/0/0/0,8927:1747647657485:,1747647669767
counter/9/0/0/0,10182:1747647657148:,1747647669768
counter/9/0/0/0,10183:1747647657148:,1747647669768
counter/9/0/0/0,10184:1747647657148:,1747647669768
counter/4/0/0/0,9965:1747647658317:,1747647669768
counter/9/0/0/0,10185:1747647657148:,1747647669768
counter/4/0/0/0,9966:1747647658317:,1747647669768
counter/4/0/0/0,9967:1747647658317:,1747647669768
counter/4/0/0/0,9968:1747647658318:,1747647669768
counter/4/0/0/0,9969:1747647658318:,1747647669768
counter/4/0/0/0,9970:1747647658318:,1747647669768
counter/1/0/0/0,10810:1747647657999:,1747647669768
counter/4/0/0/0,9971:1747647658318:,1747647669771
counter/8/0/0/0,9857:1747647656823:,1747647669772
counter/8/0/0/0,9858:1747647656823:,1747647669772
counter/4/0/0/0,9972:1747647658318:,1747647669772
counter/1/0/0/0,10811:1747647657999:,1747647669772
counter/3/0/0/0,10379:1747647657933:,1747647669772
counter/9/0/0/0,10186:1747647657148:,1747647669772
counter/9/0/0/0,10187:1747647657148:,1747647669772
counter/9/0/0/0,10188:1747647657148:,1747647669772
counter/9/0/0/0,10189:1747647657148:,1747647669772
counter/9/0/0/0,10190:1747647657148:,1747647669772
counter/9/0/0/0,10191:1747647657148:,1747647669772
counter/9/0/0/0,10192:1747647657148:,1747647669773
counter/9/0/0/0,10193:1747647657148:,1747647669773
counter/10/0/0/0,9104:1747647656910:,1747647669773
counter/4/0/0/0,9973:1747647658318:,1747647669773
counter/2/0/0/0,9527:1747647656385:,1747647669773
counter/4/0/0/0,9974:1747647658318:,1747647669774
counter/5/0/0/0,9639:1747647656888:,1747647669774
counter/6/0/0/0,8928:1747647657485:,1747647669774
counter/1/0/0/0,10812:1747647658000:,1747647669775
counter/10/0/0/0,9105:1747647656911:,1747647669775
counter/4/0/0/0,9975:1747647658319:,1747647669775
counter/4/0/0/0,9976:1747647658319:,1747647669775
counter/5/0/0/0,9640:1747647656888:,1747647669775
counter/1/0/0/0,10813:1747647658000:,1747647669775
counter/1/0/0/0,10814:1747647658000:,1747647669775
counter/1/0/0/0,10815:1747647658000:,1747647669775
counter/1/0/0/0,10816:1747647658000:,1747647669775
counter/9/0/0/0,10194:1747647657148:,1747647669778
counter/6/0/0/0,8929:1747647657485:,1747647669778
counter/9/0/0/0,10195:1747647657149:,1747647669778
counter/9/0/0/0,10196:1747647657149:,1747647669778
counter/9/0/0/0,10197:1747647657149:,1747647669778
counter/9/0/0/0,10198:1747647657149:,1747647669778
counter/9/0/0/0,10199:1747647657154:,1747647669778
counter/3/0/0/0,10380:1747647657933:,1747647669779
counter/1/0/0/0,10817:1747647658000:,1747647669779
counter/1/0/0/0,10818:1747647658000:,1747647669780
counter/1/0/0/0,10819:1747647658000:,1747647669780
counter/1/0/0/0,10820:1747647658000:,1747647669780
counter/1/0/0/0,10821:1747647658000:,1747647669780
counter/5/0/0/0,9641:1747647656888:,1747647669780
counter/4/0/0/0,9977:1747647658319:,1747647669780
counter/3/0/0/0,10381:1747647657933:,1747647669780
counter/4/0/0/0,9978:1747647658319:,1747647669780
counter/3/0/0/0,10382:1747647657933:,1747647669780
counter/4/0/0/0,9979:1747647658319:,1747647669780
counter/1/0/0/0,10822:1747647658000:,1747647669781
counter/1/0/0/0,10823:1747647658000:,1747647669781
counter/1/0/0/0,10824:1747647658002:,1747647669781
counter/1/0/0/0,10825:1747647658002:,1747647669781
counter/1/0/0/0,10826:1747647658002:,1747647669781
counter/5/0/0/0,9642:1747647656888:,1747647669781
counter/2/0/0/0,9528:1747647656385:,1747647669782
counter/8/0/0/0,9859:1747647656823:,1747647669783
counter/9/0/0/0,10200:1747647657154:,1747647669783
counter/9/0/0/0,10201:1747647657154:,1747647669783
counter/6/0/0/0,8930:1747647657495:,1747647669783
counter/4/0/0/0,9980:1747647658319:,1747647669783
counter/4/0/0/0,9981:1747647658319:,1747647669783
counter/8/0/0/0,9860:1747647656823:,1747647669786
counter/9/0/0/0,10202:1747647657154:,1747647669786
counter/9/0/0/0,10203:1747647657154:,1747647669786
counter/9/0/0/0,10204:1747647657160:,1747647669786
counter/9/0/0/0,10205:1747647657160:,1747647669786
counter/3/0/0/0,10383:1747647657933:,1747647669786
counter/7/0/0/0,9562:1747647657531:,1747647669786
counter/7/0/0/0,9563:1747647657531:,1747647669786
counter/7/0/0/0,9564:1747647657531:,1747647669786
counter/7/0/0/0,9565:1747647657531:,1747647669786
counter/7/0/0/0,9566:1747647657531:,1747647669786
counter/7/0/0/0,9567:1747647657531:,1747647669786
counter/7/0/0/0,9568:1747647657531:,1747647669787
counter/7/0/0/0,9569:1747647657534:,1747647669787
counter/7/0/0/0,9570:1747647657534:,1747647669787
counter/7/0/0/0,9571:1747647657535:,1747647669787
counter/7/0/0/0,9572:1747647657537:,1747647669787
counter/7/0/0/0,9573:1747647657537:,1747647669787
counter/7/0/0/0,9574:1747647657537:,1747647669787
counter/7/0/0/0,9575:1747647657537:,1747647669787
counter/7/0/0/0,9576:1747647657537:,1747647669788
counter/7/0/0/0,9577:1747647657537:,1747647669788
counter/7/0/0/0,9578:1747647657537:,1747647669788
counter/7/0/0/0,9579:1747647657537:,1747647669788
counter/7/0/0/0,9580:1747647657537:,1747647669788
counter/9/0/0/0,10206:1747647657160:,1747647669788
counter/2/0/0/0,9529:1747647656385:,1747647669788
counter/9/0/0/0,10207:1747647657160:,1747647669788
counter/9/0/0/0,10208:1747647657160:,1747647669788
counter/9/0/0/0,10209:1747647657160:,1747647669788
counter/9/0/0/0,10210:1747647657173:,1747647669788
counter/9/0/0/0,10211:1747647657173:,1747647669788
counter/9/0/0/0,10212:1747647657173:,1747647669788
counter/9/0/0/0,10213:1747647657173:,1747647669788
counter/9/0/0/0,10214:1747647657173:,1747647669788
counter/9/0/0/0,10215:1747647657173:,1747647669788
counter/9/0/0/0,10216:1747647657174:,1747647669788
counter/4/0/0/0,9982:1747647658319:,1747647669789
counter/9/0/0/0,10217:1747647657174:,1747647669789
counter/1/0/0/0,10827:1747647658002:,1747647669789
counter/1/0/0/0,10828:1747647658002:,1747647669789
counter/1/0/0/0,10829:1747647658002:,1747647669789
counter/1/0/0/0,10830:1747647658002:,1747647669789
counter/5/0/0/0,9643:1747647656888:,1747647669790
counter/8/0/0/0,9861:1747647656823:,1747647669790
counter/9/0/0/0,10218:1747647657189:,1747647669790
counter/8/0/0/0,9862:1747647656823:,1747647669790
counter/7/0/0/0,9581:1747647657537:,1747647669791
counter/1/0/0/0,10831:1747647658002:,1747647669792
counter/1/0/0/0,10832:1747647658003:,1747647669792
counter/5/0/0/0,9644:1747647656888:,1747647669792
counter/1/0/0/0,10833:1747647658003:,1747647669793
counter/1/0/0/0,10834:1747647658003:,1747647669793
counter/1/0/0/0,10835:1747647658003:,1747647669793
counter/1/0/0/0,10836:1747647658003:,1747647669793
counter/1/0/0/0,10837:1747647658004:,1747647669793
counter/1/0/0/0,10838:1747647658004:,1747647669793
counter/1/0/0/0,10839:1747647658004:,1747647669793
counter/1/0/0/0,10840:1747647658004:,1747647669793
counter/1/0/0/0,10841:1747647658004:,1747647669793
counter/4/0/0/0,9983:1747647658319:,1747647669793
counter/3/0/0/0,10384:1747647657933:,1747647669793
counter/6/0/0/0,8931:1747647657495:,1747647669794
counter/6/0/0/0,8932:1747647657495:,1747647669794
counter/6/0/0/0,8933:1747647657495:,1747647669794
counter/6/0/0/0,8934:1747647657495:,1747647669794
counter/6/0/0/0,8935:1747647657495:,1747647669794
counter/6/0/0/0,8936:1747647657495:,1747647669794
counter/6/0/0/0,8937:1747647657495:,1747647669794
counter/6/0/0/0,8938:1747647657495:,1747647669794
counter/6/0/0/0,8939:1747647657495:,1747647669794
counter/7/0/0/0,9582:1747647657537:,1747647669794
counter/4/0/0/0,9984:1747647658319:,1747647669794
counter/10/0/0/0,9106:1747647656914:,1747647669794
counter/4/0/0/0,9985:1747647658319:,1747647669794
counter/4/0/0/0,9986:1747647658319:,1747647669795
counter/3/0/0/0,10385:1747647657933:,1747647669795
counter/8/0/0/0,9863:1747647656823:,1747647669795
counter/10/0/0/0,9107:1747647656914:,1747647669795
counter/6/0/0/0,8940:1747647657495:,1747647669796
counter/4/0/0/0,9987:1747647658319:,1747647669797
counter/1/0/0/0,10842:1747647658004:,1747647669797
counter/1/0/0/0,10843:1747647658004:,1747647669797
counter/1/0/0/0,10844:1747647658004:,1747647669797
counter/1/0/0/0,10845:1747647658004:,1747647669797
counter/1/0/0/0,10846:1747647658004:,1747647669797
counter/1/0/0/0,10847:1747647658004:,1747647669797
counter/1/0/0/0,10848:1747647658004:,1747647669797
counter/5/0/0/0,9645:1747647656888:,1747647669797
counter/10/0/0/0,9108:1747647656914:,1747647669797
counter/8/0/0/0,9864:1747647656823:,1747647669797
counter/9/0/0/0,10219:1747647657189:,1747647669797
counter/9/0/0/0,10220:1747647657189:,1747647669797
counter/9/0/0/0,10221:1747647657189:,1747647669798
counter/1/0/0/0,10849:1747647658004:,1747647669799
counter/1/0/0/0,10850:1747647658004:,1747647669799
counter/5/0/0/0,9646:1747647656888:,1747647669799
counter/7/0/0/0,9583:1747647657537:,1747647669799
counter/8/0/0/0,9865:1747647656843:,1747647669799
counter/1/0/0/0,10851:1747647658004:,1747647669801
counter/5/0/0/0,9647:1747647656888:,1747647669801
counter/1/0/0/0,10852:1747647658004:,1747647669802
counter/7/0/0/0,9584:1747647657537:,1747647669802
counter/5/0/0/0,9648:1747647656888:,1747647669802
counter/10/0/0/0,9109:1747647656914:,1747647669802
counter/10/0/0/0,9110:1747647656914:,1747647669802
counter/4/0/0/0,9988:1747647658319:,1747647669803
counter/9/0/0/0,10222:1747647657189:,1747647669803
counter/9/0/0/0,10223:1747647657189:,1747647669803
counter/9/0/0/0,10224:1747647657189:,1747647669803
counter/9/0/0/0,10225:1747647657189:,1747647669803
counter/6/0/0/0,8941:1747647657495:,1747647669803
counter/6/0/0/0,8942:1747647657495:,1747647669803
counter/6/0/0/0,8943:1747647657495:,1747647669803
counter/6/0/0/0,8944:1747647657495:,1747647669804
counter/6/0/0/0,8945:1747647657496:,1747647669804
counter/6/0/0/0,8946:1747647657498:,1747647669804
counter/6/0/0/0,8947:1747647657498:,1747647669804
counter/2/0/0/0,9530:1747647656385:,1747647669804
counter/2/0/0/0,9531:1747647656385:,1747647669804
counter/2/0/0/0,9532:1747647656385:,1747647669804
counter/8/0/0/0,9866:1747647656843:,1747647669804
counter/3/0/0/0,10386:1747647657933:,1747647669804
counter/1/0/0/0,10853:1747647658005:,1747647669805
counter/9/0/0/0,10226:1747647657189:,1747647669805
counter/7/0/0/0,9585:1747647657537:,1747647669805
counter/7/0/0/0,9586:1747647657544:,1747647669805
counter/7/0/0/0,9587:1747647657544:,1747647669805
counter/7/0/0/0,9588:1747647657544:,1747647669805
counter/7/0/0/0,9589:1747647657544:,1747647669805
counter/7/0/0/0,9590:1747647657544:,1747647669805
counter/7/0/0/0,9591:1747647657544:,1747647669805
counter/7/0/0/0,9592:1747647657544:,1747647669805
counter/7/0/0/0,9593:1747647657544:,1747647669806
counter/7/0/0/0,9594:1747647657544:,1747647669806
counter/4/0/0/0,9989:1747647658319:,1747647669806
counter/4/0/0/0,9990:1747647658319:,1747647669806
counter/4/0/0/0,9991:1747647658319:,1747647669806
counter/4/0/0/0,9992:1747647658319:,1747647669806
counter/4/0/0/0,9993:1747647658319:,1747647669806
counter/4/0/0/0,9994:1747647658319:,1747647669806
counter/4/0/0/0,9995:1747647658319:,1747647669806
counter/4/0/0/0,9996:1747647658319:,1747647669806
counter/4/0/0/0,9997:1747647658320:,1747647669806
counter/4/0/0/0,9998:1747647658320:,1747647669806
counter/10/0/0/0,9111:1747647656914:,1747647669806
counter/6/0/0/0,8948:1747647657499:,1747647669807
counter/6/0/0/0,8949:1747647657499:,1747647669807
counter/3/0/0/0,10387:1747647657933:,1747647669807
counter/6/0/0/0,8950:1747647657499:,1747647669807
counter/3/0/0/0,10388:1747647657940:,1747647669807
counter/6/0/0/0,8951:1747647657499:,1747647669807
counter/3/0/0/0,10389:1747647657940:,1747647669807
counter/3/0/0/0,10390:1747647657940:,1747647669807
counter/3/0/0/0,10391:1747647657940:,1747647669807
counter/3/0/0/0,10392:1747647657940:,1747647669807
counter/2/0/0/0,9533:1747647656385:,1747647669807
counter/3/0/0/0,10393:1747647657940:,1747647669808
counter/9/0/0/0,10227:1747647657189:,1747647669808
counter/8/0/0/0,9867:1747647656843:,1747647669808
counter/10/0/0/0,9112:1747647656915:,1747647669808
counter/8/0/0/0,9868:1747647656843:,1747647669808
counter/8/0/0/0,9869:1747647656843:,1747647669808
counter/8/0/0/0,9870:1747647656848:,1747647669808
counter/5/0/0/0,9649:1747647656889:,1747647669808
counter/5/0/0/0,9650:1747647656889:,1747647669808
counter/5/0/0/0,9651:1747647656889:,1747647669809
counter/5/0/0/0,9652:1747647656889:,1747647669809
counter/5/0/0/0,9653:1747647656889:,1747647669809
counter/8/0/0/0,9871:1747647656848:,1747647669809
counter/4/0/0/0,9999:1747647658320:,1747647669809
counter/7/0/0/0,9595:1747647657544:,1747647669809
counter/7/0/0/0,9596:1747647657544:,1747647669809
counter/7/0/0/0,9597:1747647657545:,1747647669809
counter/7/0/0/0,9598:1747647657545:,1747647669809
counter/7/0/0/0,9599:1747647657545:,1747647669809
counter/7/0/0/0,9600:1747647657545:,1747647669809
counter/7/0/0/0,9601:1747647657547:,1747647669809
counter/7/0/0/0,9602:1747647657547:,1747647669809
counter/7/0/0/0,9603:1747647657547:,1747647669809
counter/7/0/0/0,9604:1747647657547:,1747647669809
counter/7/0/0/0,9605:1747647657547:,1747647669810
counter/7/0/0/0,9606:1747647657547:,1747647669810
counter/7/0/0/0,9607:1747647657547:,1747647669810
counter/3/0/0/0,10394:1747647657940:,1747647669810
counter/6/0/0/0,8952:1747647657499:,1747647669810
counter/7/0/0/0,9608:1747647657547:,1747647669810
counter/7/0/0/0,9609:1747647657547:,1747647669810
counter/7/0/0/0,9610:1747647657547:,1747647669810
counter/7/0/0/0,9611:1747647657547:,1747647669810
counter/7/0/0/0,9612:1747647657547:,1747647669810
counter/7/0/0/0,9613:1747647657547:,1747647669810
counter/2/0/0/0,9534:1747647656385:,1747647669810
counter/9/0/0/0,10228:1747647657193:,1747647669810
counter/9/0/0/0,10229:1747647657193:,1747647669810
counter/8/0/0/0,9872:1747647656848:,1747647669811
counter/8/0/0/0,9873:1747647656848:,1747647669811
counter/8/0/0/0,9874:1747647656848:,1747647669811
counter/8/0/0/0,9875:1747647656848:,1747647669811
counter/8/0/0/0,9876:1747647656848:,1747647669811
counter/8/0/0/0,9877:1747647656848:,1747647669812
counter/9/0/0/0,10230:1747647657193:,1747647669812
counter/6/0/0/0,8953:1747647657499:,1747647669812
counter/9/0/0/0,10231:1747647657193:,1747647669812
counter/4/0/0/0,10000:1747647658320:,1747647669812
counter/4/0/0/0,10001:1747647658320:,1747647669812
counter/5/0/0/0,9654:1747647656889:,1747647669812
counter/5/0/0/0,9655:1747647656889:,1747647669812
counter/3/0/0/0,10395:1747647657940:,1747647669812
counter/5/0/0/0,9656:1747647656889:,1747647669812
counter/1/0/0/0,10854:1747647658005:,1747647669813
counter/10/0/0/0,9113:1747647656915:,1747647669814
counter/10/0/0/0,9114:1747647656920:,1747647669814
counter/10/0/0/0,9115:1747647656920:,1747647669814
counter/10/0/0/0,9116:1747647656921:,1747647669814
counter/6/0/0/0,8954:1747647657499:,1747647669814
counter/6/0/0/0,8955:1747647657499:,1747647669814
counter/6/0/0/0,8956:1747647657499:,1747647669814
counter/6/0/0/0,8957:1747647657499:,1747647669814
counter/6/0/0/0,8958:1747647657499:,1747647669814
counter/1/0/0/0,10855:1747647658007:,1747647669814
counter/6/0/0/0,8959:1747647657499:,1747647669814
counter/6/0/0/0,8960:1747647657499:,1747647669814
counter/10/0/0/0,9117:1747647656921:,1747647669814
counter/10/0/0/0,9118:1747647656921:,1747647669814
counter/10/0/0/0,9119:1747647656921:,1747647669814
counter/10/0/0/0,9120:1747647656921:,1747647669814
counter/10/0/0/0,9121:1747647656921:,1747647669814
counter/10/0/0/0,9122:1747647656921:,1747647669814
counter/5/0/0/0,9657:1747647656900:,1747647669814
counter/5/0/0/0,9658:1747647656900:,1747647669814
counter/5/0/0/0,9659:1747647656900:,1747647669814
counter/4/0/0/0,10002:1747647658320:,1747647669816
counter/4/0/0/0,10003:1747647658320:,1747647669816
counter/4/0/0/0,10004:1747647658320:,1747647669816
counter/4/0/0/0,10005:1747647658322:,1747647669816
counter/4/0/0/0,10006:1747647658322:,1747647669816
counter/4/0/0/0,10007:1747647658322:,1747647669816
counter/4/0/0/0,10008:1747647658322:,1747647669816
counter/4/0/0/0,10009:1747647658322:,1747647669816
counter/4/0/0/0,10010:1747647658322:,1747647669816
counter/4/0/0/0,10011:1747647658322:,1747647669816
counter/4/0/0/0,10012:1747647658322:,1747647669816
counter/4/0/0/0,10013:1747647658322:,1747647669816
counter/6/0/0/0,8961:1747647657499:,1747647669816
counter/4/0/0/0,10014:1747647658322:,1747647669816
counter/4/0/0/0,10015:1747647658322:,1747647669816
counter/2/0/0/0,9535:1747647656385:,1747647669816
counter/5/0/0/0,9660:1747647656900:,1747647669817
counter/4/0/0/0,10016:1747647658323:,1747647669817
counter/9/0/0/0,10232:1747647657193:,1747647669817
counter/4/0/0/0,10017:1747647658323:,1747647669817
counter/9/0/0/0,10233:1747647657194:,1747647669817
counter/9/0/0/0,10234:1747647657194:,1747647669817
counter/9/0/0/0,10235:1747647657194:,1747647669817
counter/9/0/0/0,10236:1747647657194:,1747647669817
counter/9/0/0/0,10237:1747647657194:,1747647669817
counter/1/0/0/0,10856:1747647658007:,1747647669817
counter/1/0/0/0,10857:1747647658007:,1747647669817
counter/10/0/0/0,9123:1747647656921:,1747647669817
counter/9/0/0/0,10238:1747647657194:,1747647669817
counter/9/0/0/0,10239:1747647657194:,1747647669818
counter/9/0/0/0,10240:1747647657194:,1747647669818
counter/9/0/0/0,10241:1747647657194:,1747647669818
counter/9/0/0/0,10242:1747647657194:,1747647669818
counter/9/0/0/0,10243:1747647657194:,1747647669818
counter/9/0/0/0,10244:1747647657194:,1747647669818
counter/9/0/0/0,10245:1747647657198:,1747647669818
counter/9/0/0/0,10246:1747647657198:,1747647669818
counter/3/0/0/0,10396:1747647657940:,1747647669818
counter/6/0/0/0,8962:1747647657499:,1747647669818
counter/4/0/0/0,10018:1747647658323:,1747647669821
counter/10/0/0/0,9124:1747647656921:,1747647669821
counter/4/0/0/0,10019:1747647658323:,1747647669821
counter/4/0/0/0,10020:1747647658323:,1747647669821
counter/4/0/0/0,10021:1747647658323:,1747647669821
counter/4/0/0/0,10022:1747647658323:,1747647669821
counter/4/0/0/0,10023:1747647658323:,1747647669821
counter/5/0/0/0,9661:1747647656900:,1747647669821
counter/8/0/0/0,9878:1747647656848:,1747647669821
counter/8/0/0/0,9879:1747647656848:,1747647669821
counter/8/0/0/0,9880:1747647656849:,1747647669821
counter/2/0/0/0,9536:1747647656385:,1747647669821
counter/8/0/0/0,9881:1747647656849:,1747647669821
counter/2/0/0/0,9537:1747647656385:,1747647669822
counter/2/0/0/0,9538:1747647656385:,1747647669822
counter/8/0/0/0,9882:1747647656849:,1747647669823
counter/8/0/0/0,9883:1747647656849:,1747647669823
counter/8/0/0/0,9884:1747647656849:,1747647669823
counter/8/0/0/0,9885:1747647656849:,1747647669823
counter/3/0/0/0,10397:1747647657940:,1747647669823
counter/8/0/0/0,9886:1747647656849:,1747647669823
counter/3/0/0/0,10398:1747647657940:,1747647669823
counter/3/0/0/0,10399:1747647657941:,1747647669823
counter/3/0/0/0,10400:1747647657941:,1747647669823
counter/3/0/0/0,10401:1747647657941:,1747647669823
counter/7/0/0/0,9614:1747647657547:,1747647669823
counter/7/0/0/0,9615:1747647657547:,1747647669823
counter/10/0/0/0,9125:1747647656921:,1747647669824
counter/10/0/0/0,9126:1747647656921:,1747647669824
counter/10/0/0/0,9127:1747647656921:,1747647669824
counter/10/0/0/0,9128:1747647656921:,1747647669824
counter/9/0/0/0,10247:1747647657198:,1747647669824
counter/4/0/0/0,10024:1747647658323:,1747647669824
counter/4/0/0/0,10025:1747647658323:,1747647669824
counter/4/0/0/0,10026:1747647658323:,1747647669824
counter/4/0/0/0,10027:1747647658323:,1747647669825
counter/4/0/0/0,10028:1747647658323:,1747647669825
counter/4/0/0/0,10029:1747647658323:,1747647669825
counter/4/0/0/0,10030:1747647658323:,1747647669825
counter/4/0/0/0,10031:1747647658323:,1747647669825
counter/4/0/0/0,10032:1747647658323:,1747647669825
counter/4/0/0/0,10033:1747647658323:,1747647669825
counter/6/0/0/0,8963:1747647657501:,1747647669825
counter/5/0/0/0,9662:1747647656900:,1747647669825
counter/2/0/0/0,9539:1747647656385:,1747647669826
counter/10/0/0/0,9129:1747647656921:,1747647669826
counter/10/0/0/0,9130:1747647656921:,1747647669826
counter/10/0/0/0,9131:1747647656927:,1747647669826
counter/10/0/0/0,9132:1747647656927:,1747647669826
counter/10/0/0/0,9133:1747647656927:,1747647669826
counter/7/0/0/0,9616:1747647657547:,1747647669826
counter/7/0/0/0,9617:1747647657547:,1747647669826
counter/7/0/0/0,9618:1747647657548:,1747647669826
counter/7/0/0/0,9619:1747647657548:,1747647669826
counter/3/0/0/0,10402:1747647657941:,1747647669827
counter/1/0/0/0,10858:1747647658007:,1747647669828
counter/4/0/0/0,10034:1747647658323:,1747647669828
counter/8/0/0/0,9887:1747647656849:,1747647669828
counter/6/0/0/0,8964:1747647657505:,1747647669828
counter/6/0/0/0,8965:1747647657505:,1747647669828
counter/6/0/0/0,8966:1747647657505:,1747647669828
counter/6/0/0/0,8967:1747647657505:,1747647669828
counter/7/0/0/0,9620:1747647657549:,1747647669832
counter/7/0/0/0,9621:1747647657560:,1747647669832
counter/7/0/0/0,9622:1747647657561:,1747647669832
counter/7/0/0/0,9623:1747647657561:,1747647669832
counter/7/0/0/0,9624:1747647657561:,1747647669833
counter/5/0/0/0,9663:1747647656900:,1747647669833
counter/7/0/0/0,9625:1747647657561:,1747647669833
counter/7/0/0/0,9626:1747647657561:,1747647669833
counter/5/0/0/0,9664:1747647656900:,1747647669833
counter/5/0/0/0,9665:1747647656900:,1747647669833
counter/5/0/0/0,9666:1747647656900:,1747647669833
counter/5/0/0/0,9667:1747647656902:,1747647669833
counter/5/0/0/0,9668:1747647656902:,1747647669833
counter/5/0/0/0,9669:1747647656902:,1747647669833
counter/9/0/0/0,10248:1747647657198:,1747647669833
counter/9/0/0/0,10249:1747647657198:,1747647669833
counter/9/0/0/0,10250:1747647657198:,1747647669833
counter/4/0/0/0,10035:1747647658323:,1747647669834
counter/7/0/0/0,9627:1747647657561:,1747647669834
counter/10/0/0/0,9134:1747647656927:,1747647669834
counter/6/0/0/0,8968:1747647657505:,1747647669835
counter/4/0/0/0,10036:1747647658323:,1747647669836
counter/3/0/0/0,10403:1747647657941:,1747647669836
counter/6/0/0/0,8969:1747647657505:,1747647669837
counter/5/0/0/0,9670:1747647656902:,1747647669838
counter/9/0/0/0,10251:1747647657198:,1747647669838
counter/5/0/0/0,9671:1747647656902:,1747647669838
counter/5/0/0/0,9672:1747647656902:,1747647669838
counter/5/0/0/0,9673:1747647656902:,1747647669838
counter/5/0/0/0,9674:1747647656903:,1747647669838
counter/4/0/0/0,10037:1747647658324:,1747647669838
counter/5/0/0/0,9675:1747647656903:,1747647669838
counter/1/0/0/0,10859:1747647658007:,1747647669839
counter/1/0/0/0,10860:1747647658007:,1747647669839
counter/9/0/0/0,10252:1747647657198:,1747647669840
counter/1/0/0/0,10861:1747647658007:,1747647669840
counter/2/0/0/0,9540:1747647656385:,1747647669840
counter/2/0/0/0,9541:1747647656385:,1747647669840
counter/2/0/0/0,9542:1747647656385:,1747647669840
counter/2/0/0/0,9543:1747647656385:,1747647669840
counter/2/0/0/0,9544:1747647656389:,1747647669840
counter/2/0/0/0,9545:1747647656390:,1747647669840
counter/6/0/0/0,8970:1747647657505:,1747647669840
counter/7/0/0/0,9628:1747647657561:,1747647669840
counter/8/0/0/0,9888:1747647656849:,1747647669840
counter/8/0/0/0,9889:1747647656849:,1747647669840
counter/8/0/0/0,9890:1747647656849:,1747647669841
counter/8/0/0/0,9891:1747647656851:,1747647669841
counter/6/0/0/0,8971:1747647657505:,1747647669841
counter/5/0/0/0,9676:1747647656912:,1747647669842
counter/10/0/0/0,9135:1747647656927:,1747647669842
counter/2/0/0/0,9546:1747647656390:,1747647669843
counter/8/0/0/0,9892:1747647656851:,1747647669843
counter/8/0/0/0,9893:1747647656851:,1747647669843
counter/8/0/0/0,9894:1747647656851:,1747647669843
counter/8/0/0/0,9895:1747647656851:,1747647669843
counter/8/0/0/0,9896:1747647656851:,1747647669843
counter/8/0/0/0,9897:1747647656851:,1747647669843
counter/8/0/0/0,9898:1747647656853:,1747647669843
counter/8/0/0/0,9899:1747647656854:,1747647669843
counter/4/0/0/0,10038:1747647658324:,1747647669843
counter/7/0/0/0,9629:1747647657561:,1747647669843
counter/7/0/0/0,9630:1747647657561:,1747647669843
counter/7/0/0/0,9631:1747647657561:,1747647669844
counter/7/0/0/0,9632:1747647657561:,1747647669844
counter/7/0/0/0,9633:1747647657561:,1747647669844
counter/7/0/0/0,9634:1747647657561:,1747647669844
counter/7/0/0/0,9635:1747647657564:,1747647669844
counter/7/0/0/0,9636:1747647657564:,1747647669844
counter/8/0/0/0,9900:1747647656854:,1747647669845
counter/3/0/0/0,10404:1747647657941:,1747647669845
counter/6/0/0/0,8972:1747647657510:,1747647669846
counter/9/0/0/0,10253:1747647657198:,1747647669846
counter/9/0/0/0,10254:1747647657201:,1747647669846
counter/9/0/0/0,10255:1747647657201:,1747647669846
counter/9/0/0/0,10256:1747647657201:,1747647669846
counter/9/0/0/0,10257:1747647657201:,1747647669846
counter/5/0/0/0,9677:1747647656915:,1747647669847
counter/8/0/0/0,9901:1747647656854:,1747647669847
counter/8/0/0/0,9902:1747647656854:,1747647669847
counter/8/0/0/0,9903:1747647656854:,1747647669847
counter/9/0/0/0,10258:1747647657201:,1747647669847
counter/9/0/0/0,10259:1747647657201:,1747647669847
counter/9/0/0/0,10260:1747647657208:,1747647669847
counter/9/0/0/0,10261:1747647657208:,1747647669847
counter/9/0/0/0,10262:1747647657208:,1747647669847
counter/9/0/0/0,10263:1747647657208:,1747647669847
counter/9/0/0/0,10264:1747647657208:,1747647669847
counter/2/0/0/0,9547:1747647656390:,1747647669848
counter/6/0/0/0,8973:1747647657511:,1747647669849
counter/6/0/0/0,8974:1747647657511:,1747647669849
counter/6/0/0/0,8975:1747647657511:,1747647669849
counter/6/0/0/0,8976:1747647657511:,1747647669849
counter/5/0/0/0,9678:1747647656915:,1747647669849
counter/4/0/0/0,10039:1747647658324:,1747647669851
counter/9/0/0/0,10265:1747647657208:,1747647669852
counter/6/0/0/0,8977:1747647657511:,1747647669852
counter/6/0/0/0,8978:1747647657511:,1747647669852
counter/4/0/0/0,10040:1747647658324:,1747647669852
counter/4/0/0/0,10041:1747647658324:,1747647669852
counter/4/0/0/0,10042:1747647658324:,1747647669852
counter/4/0/0/0,10043:1747647658324:,1747647669852
counter/4/0/0/0,10044:1747647658324:,1747647669852
counter/1/0/0/0,10862:1747647658007:,1747647669852
counter/4/0/0/0,10045:1747647658324:,1747647669852
counter/1/0/0/0,10863:1747647658007:,1747647669852
counter/4/0/0/0,10046:1747647658324:,1747647669852
counter/1/0/0/0,10864:1747647658007:,1747647669852
counter/4/0/0/0,10047:1747647658324:,1747647669852
counter/1/0/0/0,10865:1747647658007:,1747647669852
counter/6/0/0/0,8979:1747647657517:,1747647669852
counter/4/0/0/0,10048:1747647658324:,1747647669852
counter/7/0/0/0,9637:1747647657564:,1747647669853
counter/7/0/0/0,9638:1747647657564:,1747647669853
counter/7/0/0/0,9639:1747647657564:,1747647669853
counter/7/0/0/0,9640:1747647657564:,1747647669853
counter/7/0/0/0,9641:1747647657564:,1747647669853
counter/7/0/0/0,9642:1747647657564:,1747647669853
counter/4/0/0/0,10049:1747647658324:,1747647669853
counter/7/0/0/0,9643:1747647657564:,1747647669853
counter/2/0/0/0,9548:1747647656390:,1747647669853
counter/7/0/0/0,9644:1747647657564:,1747647669853
counter/9/0/0/0,10266:1747647657209:,1747647669853
counter/9/0/0/0,10267:1747647657209:,1747647669854
counter/9/0/0/0,10268:1747647657209:,1747647669854
counter/9/0/0/0,10269:1747647657209:,1747647669854
counter/9/0/0/0,10270:1747647657209:,1747647669854
counter/9/0/0/0,10271:1747647657209:,1747647669854
counter/8/0/0/0,9904:1747647656854:,1747647669854
counter/8/0/0/0,9905:1747647656854:,1747647669854
counter/8/0/0/0,9906:1747647656854:,1747647669854
counter/7/0/0/0,9645:1747647657564:,1747647669854
counter/8/0/0/0,9907:1747647656854:,1747647669854
counter/3/0/0/0,10405:1747647657941:,1747647669857
counter/3/0/0/0,10406:1747647657941:,1747647669857
counter/3/0/0/0,10407:1747647657946:,1747647669857
counter/3/0/0/0,10408:1747647657946:,1747647669857
counter/3/0/0/0,10409:1747647657946:,1747647669857
counter/3/0/0/0,10410:1747647657961:,1747647669857
counter/3/0/0/0,10411:1747647657961:,1747647669857
counter/3/0/0/0,10412:1747647657961:,1747647669857
counter/3/0/0/0,10413:1747647657961:,1747647669857
counter/10/0/0/0,9136:1747647656927:,1747647669857
counter/10/0/0/0,9137:1747647656927:,1747647669857
counter/10/0/0/0,9138:1747647656927:,1747647669857
counter/10/0/0/0,9139:1747647656927:,1747647669857
counter/10/0/0/0,9140:1747647656927:,1747647669858
counter/10/0/0/0,9141:1747647656927:,1747647669858
counter/4/0/0/0,10050:1747647658324:,1747647669858
counter/7/0/0/0,9646:1747647657565:,1747647669858
counter/7/0/0/0,9647:1747647657565:,1747647669858
counter/7/0/0/0,9648:1747647657565:,1747647669858
counter/7/0/0/0,9649:1747647657565:,1747647669858
counter/2/0/0/0,9549:1747647656390:,1747647669858
counter/9/0/0/0,10272:1747647657209:,1747647669858
counter/9/0/0/0,10273:1747647657209:,1747647669858
counter/9/0/0/0,10274:1747647657209:,1747647669858
counter/9/0/0/0,10275:1747647657209:,1747647669858
counter/9/0/0/0,10276:1747647657209:,1747647669858
counter/1/0/0/0,10866:1747647658007:,1747647669858
counter/8/0/0/0,9908:1747647656854:,1747647669858
counter/8/0/0/0,9909:1747647656854:,1747647669858
counter/10/0/0/0,9142:1747647656927:,1747647669858
counter/8/0/0/0,9910:1747647656854:,1747647669858
counter/8/0/0/0,9911:1747647656854:,1747647669859
counter/8/0/0/0,9912:1747647656854:,1747647669859
counter/8/0/0/0,9913:1747647656854:,1747647669859
counter/8/0/0/0,9914:1747647656854:,1747647669859
counter/4/0/0/0,10051:1747647658324:,1747647669859
counter/5/0/0/0,9679:1747647656915:,1747647669859
counter/5/0/0/0,9680:1747647656915:,1747647669859
counter/5/0/0/0,9681:1747647656915:,1747647669859
counter/5/0/0/0,9682:1747647656915:,1747647669859
counter/5/0/0/0,9683:1747647656915:,1747647669859
counter/5/0/0/0,9684:1747647656915:,1747647669859
counter/5/0/0/0,9685:1747647656915:,1747647669859
counter/5/0/0/0,9686:1747647656916:,1747647669860
counter/5/0/0/0,9687:1747647656916:,1747647669860
counter/5/0/0/0,9688:1747647656917:,1747647669860
counter/3/0/0/0,10414:1747647657964:,1747647669861
counter/9/0/0/0,10277:1747647657209:,1747647669863
counter/2/0/0/0,9550:1747647656390:,1747647669863
counter/3/0/0/0,10415:1747647657964:,1747647669863
counter/8/0/0/0,9915:1747647656854:,1747647669863
counter/6/0/0/0,8980:1747647657517:,1747647669863
counter/9/0/0/0,10278:1747647657209:,1747647669863
counter/9/0/0/0,10279:1747647657209:,1747647669863
counter/9/0/0/0,10280:1747647657209:,1747647669864
counter/9/0/0/0,10281:1747647657209:,1747647669864
counter/9/0/0/0,10282:1747647657209:,1747647669864
counter/9/0/0/0,10283:1747647657209:,1747647669864
counter/9/0/0/0,10284:1747647657209:,1747647669864
counter/9/0/0/0,10285:1747647657209:,1747647669864
counter/9/0/0/0,10286:1747647657209:,1747647669864
counter/1/0/0/0,10867:1747647658007:,1747647669864
counter/1/0/0/0,10868:1747647658007:,1747647669864
counter/1/0/0/0,10869:1747647658007:,1747647669864
counter/1/0/0/0,10870:1747647658007:,1747647669864
counter/1/0/0/0,10871:1747647658009:,1747647669864
counter/2/0/0/0,9551:1747647656390:,1747647669864
counter/9/0/0/0,10287:1747647657209:,1747647669864
counter/4/0/0/0,10052:1747647658324:,1747647669865
counter/6/0/0/0,8981:1747647657517:,1747647669865
counter/6/0/0/0,8982:1747647657517:,1747647669865
counter/6/0/0/0,8983:1747647657518:,1747647669865
counter/6/0/0/0,8984:1747647657518:,1747647669865
counter/6/0/0/0,8985:1747647657518:,1747647669865
counter/6/0/0/0,8986:1747647657518:,1747647669865
counter/6/0/0/0,8987:1747647657518:,1747647669865
counter/6/0/0/0,8988:1747647657518:,1747647669866
counter/6/0/0/0,8989:1747647657521:,1747647669866
counter/6/0/0/0,8990:1747647657521:,1747647669866
counter/9/0/0/0,10288:1747647657209:,1747647669866
counter/2/0/0/0,9552:1747647656390:,1747647669866
counter/2/0/0/0,9553:1747647656390:,1747647669866
counter/2/0/0/0,9554:1747647656390:,1747647669866
counter/2/0/0/0,9555:1747647656390:,1747647669866
counter/6/0/0/0,8991:1747647657521:,1747647669866
counter/6/0/0/0,8992:1747647657521:,1747647669866
counter/6/0/0/0,8993:1747647657521:,1747647669866
counter/6/0/0/0,8994:1747647657521:,1747647669866
counter/6/0/0/0,8995:1747647657521:,1747647669867
counter/1/0/0/0,10872:1747647658011:,1747647669867
counter/1/0/0/0,10873:1747647658011:,1747647669867
counter/1/0/0/0,10874:1747647658011:,1747647669867
counter/1/0/0/0,10875:1747647658011:,1747647669867
counter/1/0/0/0,10876:1747647658011:,1747647669867
counter/1/0/0/0,10877:1747647658011:,1747647669867
counter/1/0/0/0,10878:1747647658011:,1747647669867
counter/1/0/0/0,10879:1747647658011:,1747647669867
counter/1/0/0/0,10880:1747647658011:,1747647669867
counter/1/0/0/0,10881:1747647658023:,1747647669868
counter/1/0/0/0,10882:1747647658023:,1747647669868
counter/1/0/0/0,10883:1747647658023:,1747647669868
counter/9/0/0/0,10289:1747647657209:,1747647669868
counter/2/0/0/0,9556:1747647656390:,1747647669868
counter/1/0/0/0,10884:1747647658026:,1747647669869
counter/9/0/0/0,10290:1747647657209:,1747647669869
counter/1/0/0/0,10885:1747647658026:,1747647669869
counter/1/0/0/0,10886:1747647658026:,1747647669869
counter/1/0/0/0,10887:1747647658026:,1747647669869
counter/1/0/0/0,10888:1747647658026:,1747647669869
counter/1/0/0/0,10889:1747647658026:,1747647669869
counter/1/0/0/0,10890:1747647658026:,1747647669869
counter/9/0/0/0,10291:1747647657209:,1747647669869
counter/9/0/0/0,10292:1747647657209:,1747647669869
counter/9/0/0/0,10293:1747647657209:,1747647669869
counter/9/0/0/0,10294:1747647657212:,1747647669870
counter/9/0/0/0,10295:1747647657213:,1747647669870
counter/9/0/0/0,10296:1747647657213:,1747647669870
counter/9/0/0/0,10297:1747647657213:,1747647669870
counter/5/0/0/0,9689:1747647656917:,1747647669870
counter/9/0/0/0,10298:1747647657213:,1747647669870
counter/5/0/0/0,9690:1747647656917:,1747647669870
counter/5/0/0/0,9691:1747647656917:,1747647669870
counter/6/0/0/0,8996:1747647657521:,1747647669871
counter/7/0/0/0,9650:1747647657570:,1747647669871
counter/6/0/0/0,8997:1747647657521:,1747647669871
counter/7/0/0/0,9651:1747647657573:,1747647669871
counter/6/0/0/0,8998:1747647657521:,1747647669872
counter/7/0/0/0,9652:1747647657574:,1747647669872
counter/7/0/0/0,9653:1747647657574:,1747647669872
counter/7/0/0/0,9654:1747647657574:,1747647669872
counter/7/0/0/0,9655:1747647657574:,1747647669872
counter/8/0/0/0,9916:1747647656854:,1747647669872
counter/2/0/0/0,9557:1747647656390:,1747647669872
counter/6/0/0/0,8999:1747647657521:,1747647669872
counter/6/0/0/0,9000:1747647657521:,1747647669872
counter/5/0/0/0,9692:1747647656917:,1747647669872
counter/6/0/0/0,9001:1747647657521:,1747647669872
counter/6/0/0/0,9002:1747647657521:,1747647669872
counter/6/0/0/0,9003:1747647657521:,1747647669872
counter/6/0/0/0,9004:1747647657522:,1747647669872
counter/6/0/0/0,9005:1747647657522:,1747647669872
counter/10/0/0/0,9143:1747647656927:,1747647669872
counter/10/0/0/0,9144:1747647656927:,1747647669872
counter/3/0/0/0,10416:1747647657964:,1747647669872
counter/2/0/0/0,9558:1747647656390:,1747647669873
counter/6/0/0/0,9006:1747647657522:,1747647669873
counter/9/0/0/0,10299:1747647657213:,1747647669874
counter/9/0/0/0,10300:1747647657213:,1747647669874
counter/9/0/0/0,10301:1747647657213:,1747647669874
counter/9/0/0/0,10302:1747647657215:,1747647669874
counter/9/0/0/0,10303:1747647657215:,1747647669874
counter/9/0/0/0,10304:1747647657215:,1747647669874
counter/2/0/0/0,9559:1747647656390:,1747647669874
counter/5/0/0/0,9693:1747647656917:,1747647669874
counter/5/0/0/0,9694:1747647656917:,1747647669874
counter/5/0/0/0,9695:1747647656917:,1747647669874
counter/5/0/0/0,9696:1747647656917:,1747647669874
counter/1/0/0/0,10891:1747647658026:,1747647669874
counter/1/0/0/0,10892:1747647658026:,1747647669874
counter/1/0/0/0,10893:1747647658026:,1747647669874
counter/4/0/0/0,10053:1747647658325:,1747647669874
counter/4/0/0/0,10054:1747647658325:,1747647669874
counter/6/0/0/0,9007:1747647657523:,1747647669876
counter/6/0/0/0,9008:1747647657523:,1747647669876
counter/6/0/0/0,9009:1747647657523:,1747647669876
counter/6/0/0/0,9010:1747647657523:,1747647669876
counter/5/0/0/0,9697:1747647656917:,1747647669876
counter/6/0/0/0,9011:1747647657523:,1747647669876
counter/10/0/0/0,9145:1747647656927:,1747647669876
counter/3/0/0/0,10417:1747647657964:,1747647669876
counter/6/0/0/0,9012:1747647657523:,1747647669876
counter/3/0/0/0,10418:1747647657964:,1747647669876
counter/3/0/0/0,10419:1747647657964:,1747647669876
counter/3/0/0/0,10420:1747647657964:,1747647669876
counter/3/0/0/0,10421:1747647657964:,1747647669876
counter/3/0/0/0,10422:1747647657964:,1747647669876
counter/3/0/0/0,10423:1747647657964:,1747647669876
counter/7/0/0/0,9656:1747647657574:,1747647669877
counter/4/0/0/0,10055:1747647658326:,1747647669877
counter/4/0/0/0,10056:1747647658326:,1747647669877
counter/4/0/0/0,10057:1747647658326:,1747647669877
counter/4/0/0/0,10058:1747647658326:,1747647669877
counter/8/0/0/0,9917:1747647656854:,1747647669877
counter/7/0/0/0,9657:1747647657574:,1747647669877
counter/8/0/0/0,9918:1747647656854:,1747647669877
counter/2/0/0/0,9560:1747647656390:,1747647669878
counter/5/0/0/0,9698:1747647656917:,1747647669878
counter/1/0/0/0,10894:1747647658026:,1747647669878
counter/1/0/0/0,10895:1747647658026:,1747647669878
counter/1/0/0/0,10896:1747647658026:,1747647669878
counter/1/0/0/0,10897:1747647658026:,1747647669878
counter/1/0/0/0,10898:1747647658027:,1747647669878
counter/1/0/0/0,10899:1747647658027:,1747647669878
counter/1/0/0/0,10900:1747647658027:,1747647669879
counter/1/0/0/0,10901:1747647658027:,1747647669879
counter/4/0/0/0,10059:1747647658326:,1747647669879
counter/3/0/0/0,10424:1747647657968:,1747647669879
counter/10/0/0/0,9146:1747647656927:,1747647669879
counter/10/0/0/0,9147:1747647656927:,1747647669879
counter/10/0/0/0,9148:1747647656927:,1747647669879
counter/10/0/0/0,9149:1747647656927:,1747647669879
counter/10/0/0/0,9150:1747647656927:,1747647669879
counter/10/0/0/0,9151:1747647656927:,1747647669880
counter/10/0/0/0,9152:1747647656927:,1747647669880
counter/10/0/0/0,9153:1747647656928:,1747647669880
counter/2/0/0/0,9561:1747647656399:,1747647669880
counter/9/0/0/0,10305:1747647657215:,1747647669880
counter/9/0/0/0,10306:1747647657215:,1747647669880
counter/9/0/0/0,10307:1747647657215:,1747647669880
counter/9/0/0/0,10308:1747647657215:,1747647669880
counter/9/0/0/0,10309:1747647657215:,1747647669880
counter/9/0/0/0,10310:1747647657215:,1747647669880
counter/9/0/0/0,10311:1747647657215:,1747647669880
counter/9/0/0/0,10312:1747647657215:,1747647669880
counter/9/0/0/0,10313:1747647657215:,1747647669880
counter/6/0/0/0,9013:1747647657529:,1747647669880
counter/2/0/0/0,9562:1747647656399:,1747647669881
counter/7/0/0/0,9658:1747647657574:,1747647669881
counter/6/0/0/0,9014:1747647657529:,1747647669881
counter/7/0/0/0,9659:1747647657574:,1747647669882
counter/7/0/0/0,9660:1747647657582:,1747647669882
counter/7/0/0/0,9661:1747647657582:,1747647669882
counter/6/0/0/0,9015:1747647657529:,1747647669882
counter/4/0/0/0,10060:1747647658326:,1747647669882
counter/4/0/0/0,10061:1747647658326:,1747647669882
counter/4/0/0/0,10062:1747647658326:,1747647669882
counter/4/0/0/0,10063:1747647658326:,1747647669882
counter/4/0/0/0,10064:1747647658330:,1747647669882
counter/4/0/0/0,10065:1747647658330:,1747647669882
counter/4/0/0/0,10066:1747647658330:,1747647669882
counter/4/0/0/0,10067:1747647658330:,1747647669882
counter/4/0/0/0,10068:1747647658330:,1747647669882
counter/1/0/0/0,10902:1747647658027:,1747647669882
counter/5/0/0/0,9699:1747647656917:,1747647669883
counter/7/0/0/0,9662:1747647657582:,1747647669884
counter/5/0/0/0,9700:1747647656917:,1747647669884
counter/4/0/0/0,10069:1747647658330:,1747647669884
counter/8/0/0/0,9919:1747647656854:,1747647669884
counter/1/0/0/0,10903:1747647658028:,1747647669884
counter/4/0/0/0,10070:1747647658330:,1747647669886
counter/4/0/0/0,10071:1747647658330:,1747647669886
counter/1/0/0/0,10904:1747647658028:,1747647669886
counter/1/0/0/0,10905:1747647658028:,1747647669886
counter/9/0/0/0,10314:1747647657215:,1747647669886
counter/2/0/0/0,9563:1747647656399:,1747647669887
counter/2/0/0/0,9564:1747647656399:,1747647669887
counter/2/0/0/0,9565:1747647656399:,1747647669887
counter/2/0/0/0,9566:1747647656399:,1747647669887
counter/2/0/0/0,9567:1747647656399:,1747647669887
counter/2/0/0/0,9568:1747647656399:,1747647669887
counter/10/0/0/0,9154:1747647656928:,1747647669888
counter/7/0/0/0,9663:1747647657582:,1747647669888
counter/7/0/0/0,9664:1747647657582:,1747647669888
counter/7/0/0/0,9665:1747647657582:,1747647669888
counter/7/0/0/0,9666:1747647657582:,1747647669888
counter/7/0/0/0,9667:1747647657582:,1747647669888
counter/7/0/0/0,9668:1747647657582:,1747647669888
counter/5/0/0/0,9701:1747647656917:,1747647669888
counter/8/0/0/0,9920:1747647656854:,1747647669888
counter/2/0/0/0,9569:1747647656403:,1747647669888
counter/8/0/0/0,9921:1747647656854:,1747647669888
counter/8/0/0/0,9922:1747647656854:,1747647669888
counter/5/0/0/0,9702:1747647656917:,1747647669889
counter/5/0/0/0,9703:1747647656917:,1747647669889
counter/5/0/0/0,9704:1747647656918:,1747647669889
counter/5/0/0/0,9705:1747647656918:,1747647669889
counter/4/0/0/0,10072:1747647658330:,1747647669889
counter/4/0/0/0,10073:1747647658330:,1747647669889
counter/4/0/0/0,10074:1747647658330:,1747647669889
counter/4/0/0/0,10075:1747647658330:,1747647669890
counter/3/0/0/0,10425:1747647657968:,1747647669891
counter/4/0/0/0,10076:1747647658331:,1747647669891
counter/4/0/0/0,10077:1747647658331:,1747647669891
counter/4/0/0/0,10078:1747647658331:,1747647669891
counter/4/0/0/0,10079:1747647658331:,1747647669891
counter/4/0/0/0,10080:1747647658331:,1747647669891
counter/10/0/0/0,9155:1747647656928:,1747647669891
counter/4/0/0/0,10081:1747647658331:,1747647669891
counter/7/0/0/0,9669:1747647657582:,1747647669891
counter/4/0/0/0,10082:1747647658331:,1747647669893
counter/4/0/0/0,10083:1747647658331:,1747647669893
counter/4/0/0/0,10084:1747647658331:,1747647669893
counter/7/0/0/0,9670:1747647657583:,1747647669893
counter/4/0/0/0,10085:1747647658331:,1747647669893
counter/4/0/0/0,10086:1747647658331:,1747647669893
counter/10/0/0/0,9156:1747647656928:,1747647669893
counter/4/0/0/0,10087:1747647658331:,1747647669893
counter/10/0/0/0,9157:1747647656928:,1747647669893
counter/4/0/0/0,10088:1747647658331:,1747647669895
counter/4/0/0/0,10089:1747647658331:,1747647669895
counter/4/0/0/0,10090:1747647658331:,1747647669895
counter/4/0/0/0,10091:1747647658331:,1747647669895
counter/4/0/0/0,10092:1747647658331:,1747647669895
counter/4/0/0/0,10093:1747647658332:,1747647669895
counter/4/0/0/0,10094:1747647658332:,1747647669895
counter/4/0/0/0,10095:1747647658332:,1747647669895
counter/8/0/0/0,9923:1747647656855:,1747647669896
counter/7/0/0/0,9671:1747647657583:,1747647669897
counter/7/0/0/0,9672:1747647657583:,1747647669897
counter/7/0/0/0,9673:1747647657583:,1747647669897
counter/7/0/0/0,9674:1747647657583:,1747647669897
counter/7/0/0/0,9675:1747647657585:,1747647669897
counter/10/0/0/0,9158:1747647656928:,1747647669897
counter/3/0/0/0,10426:1747647657968:,1747647669897
counter/1/0/0/0,10906:1747647658028:,1747647669897
counter/1/0/0/0,10907:1747647658028:,1747647669897
counter/2/0/0/0,9570:1747647656403:,1747647669898
counter/2/0/0/0,9571:1747647656403:,1747647669898
counter/2/0/0/0,9572:1747647656403:,1747647669898
counter/2/0/0/0,9573:1747647656403:,1747647669898
counter/2/0/0/0,9574:1747647656403:,1747647669898
counter/2/0/0/0,9575:1747647656403:,1747647669898
counter/2/0/0/0,9576:1747647656403:,1747647669898
counter/2/0/0/0,9577:1747647656403:,1747647669898
counter/2/0/0/0,9578:1747647656404:,1747647669898
counter/2/0/0/0,9579:1747647656404:,1747647669898
counter/2/0/0/0,9580:1747647656413:,1747647669900
counter/9/0/0/0,10315:1747647657215:,1747647669900
counter/4/0/0/0,10096:1747647658332:,1747647669900
counter/2/0/0/0,9581:1747647656413:,1747647669900
counter/9/0/0/0,10316:1747647657220:,1747647669900
counter/9/0/0/0,10317:1747647657220:,1747647669900
counter/6/0/0/0,9016:1747647657529:,1747647669901
counter/6/0/0/0,9017:1747647657529:,1747647669901
counter/6/0/0/0,9018:1747647657529:,1747647669901
counter/6/0/0/0,9019:1747647657529:,1747647669901
counter/6/0/0/0,9020:1747647657529:,1747647669901
counter/6/0/0/0,9021:1747647657529:,1747647669901
counter/5/0/0/0,9706:1747647656918:,1747647669901
counter/9/0/0/0,10318:1747647657220:,1747647669902
counter/9/0/0/0,10319:1747647657220:,1747647669902
counter/9/0/0/0,10320:1747647657220:,1747647669902
counter/9/0/0/0,10321:1747647657221:,1747647669902
counter/9/0/0/0,10322:1747647657221:,1747647669902
counter/9/0/0/0,10323:1747647657221:,1747647669902
counter/9/0/0/0,10324:1747647657221:,1747647669902
counter/9/0/0/0,10325:1747647657230:,1747647669902
counter/9/0/0/0,10326:1747647657230:,1747647669902
counter/9/0/0/0,10327:1747647657230:,1747647669902
counter/9/0/0/0,10328:1747647657230:,1747647669902
counter/6/0/0/0,9022:1747647657529:,1747647669902
counter/1/0/0/0,10908:1747647658028:,1747647669903
counter/1/0/0/0,10909:1747647658028:,1747647669903
counter/1/0/0/0,10910:1747647658028:,1747647669903
counter/1/0/0/0,10911:1747647658028:,1747647669903
counter/4/0/0/0,10097:1747647658334:,1747647669905
counter/4/0/0/0,10098:1747647658334:,1747647669905
counter/4/0/0/0,10099:1747647658334:,1747647669905
counter/9/0/0/0,10329:1747647657230:,1747647669905
counter/4/0/0/0,10100:1747647658334:,1747647669905
counter/4/0/0/0,10101:1747647658334:,1747647669905
counter/4/0/0/0,10102:1747647658334:,1747647669905
counter/4/0/0/0,10103:1747647658334:,1747647669905
counter/4/0/0/0,10104:1747647658335:,1747647669905
counter/2/0/0/0,9582:1747647656413:,1747647669906
counter/1/0/0/0,10912:1747647658028:,1747647669906
counter/1/0/0/0,10913:1747647658028:,1747647669906
counter/4/0/0/0,10105:1747647658336:,1747647669906
counter/4/0/0/0,10106:1747647658336:,1747647669907
counter/4/0/0/0,10107:1747647658336:,1747647669907
counter/8/0/0/0,9924:1747647656855:,1747647669908
counter/4/0/0/0,10108:1747647658336:,1747647669908
counter/4/0/0/0,10109:1747647658336:,1747647669908
counter/4/0/0/0,10110:1747647658336:,1747647669908
counter/9/0/0/0,10330:1747647657230:,1747647669910
counter/5/0/0/0,9707:1747647656918:,1747647669911
counter/9/0/0/0,10331:1747647657230:,1747647669911
counter/5/0/0/0,9708:1747647656918:,1747647669911
counter/5/0/0/0,9709:1747647656918:,1747647669911
counter/5/0/0/0,9710:1747647656936:,1747647669911
counter/6/0/0/0,9023:1747647657562:,1747647669911
counter/3/0/0/0,10427:1747647657968:,1747647669913
counter/3/0/0/0,10428:1747647657970:,1747647669913
counter/3/0/0/0,10429:1747647657974:,1747647669913
counter/3/0/0/0,10430:1747647657974:,1747647669913
counter/3/0/0/0,10431:1747647657974:,1747647669914
counter/3/0/0/0,10432:1747647657974:,1747647669914
counter/1/0/0/0,10914:1747647658028:,1747647669914
counter/3/0/0/0,10433:1747647657974:,1747647669914
counter/1/0/0/0,10915:1747647658028:,1747647669914
counter/1/0/0/0,10916:1747647658028:,1747647669914
counter/1/0/0/0,10917:1747647658028:,1747647669914
counter/1/0/0/0,10918:1747647658028:,1747647669914
counter/1/0/0/0,10919:1747647658028:,1747647669914
counter/6/0/0/0,9024:1747647657562:,1747647669914
counter/2/0/0/0,9583:1747647656413:,1747647669914
counter/7/0/0/0,9676:1747647657585:,1747647669915
counter/7/0/0/0,9677:1747647657585:,1747647669916
counter/7/0/0/0,9678:1747647657585:,1747647669916
counter/7/0/0/0,9679:1747647657586:,1747647669916
counter/7/0/0/0,9680:1747647657586:,1747647669916
counter/7/0/0/0,9681:1747647657586:,1747647669916
counter/7/0/0/0,9682:1747647657587:,1747647669916
counter/7/0/0/0,9683:1747647657587:,1747647669916
counter/7/0/0/0,9684:1747647657587:,1747647669916
counter/7/0/0/0,9685:1747647657587:,1747647669916
counter/3/0/0/0,10434:1747647657974:,1747647669916
counter/1/0/0/0,10920:1747647658028:,1747647669916
counter/10/0/0/0,9159:1747647656928:,1747647669916
counter/1/0/0/0,10921:1747647658028:,1747647669916
counter/1/0/0/0,10922:1747647658028:,1747647669916
counter/1/0/0/0,10923:1747647658028:,1747647669916
counter/1/0/0/0,10924:1747647658028:,1747647669916
counter/1/0/0/0,10925:1747647658028:,1747647669916
counter/1/0/0/0,10926:1747647658028:,1747647669916
counter/1/0/0/0,10927:1747647658028:,1747647669916
counter/1/0/0/0,10928:1747647658031:,1747647669916
counter/1/0/0/0,10929:1747647658031:,1747647669916
counter/1/0/0/0,10930:1747647658031:,1747647669916
counter/1/0/0/0,10931:1747647658031:,1747647669916
counter/10/0/0/0,9160:1747647656928:,1747647669917
counter/7/0/0/0,9686:1747647657588:,1747647669917
counter/1/0/0/0,10932:1747647658031:,1747647669917
counter/1/0/0/0,10933:1747647658031:,1747647669917
counter/1/0/0/0,10934:1747647658043:,1747647669917
counter/1/0/0/0,10935:1747647658046:,1747647669917
counter/1/0/0/0,10936:1747647658046:,1747647669917
counter/4/0/0/0,10111:1747647658336:,1747647669917
counter/4/0/0/0,10112:1747647658336:,1747647669917
counter/2/0/0/0,9584:1747647656413:,1747647669918
counter/2/0/0/0,9585:1747647656413:,1747647669918
counter/2/0/0/0,9586:1747647656413:,1747647669918
counter/1/0/0/0,10937:1747647658046:,1747647669918
counter/2/0/0/0,9587:1747647656413:,1747647669918
counter/4/0/0/0,10113:1747647658336:,1747647669918
counter/2/0/0/0,9588:1747647656413:,1747647669918
counter/2/0/0/0,9589:1747647656413:,1747647669918
counter/2/0/0/0,9590:1747647656413:,1747647669918
counter/9/0/0/0,10332:1747647657231:,1747647669919
counter/2/0/0/0,9591:1747647656413:,1747647669919
counter/2/0/0/0,9592:1747647656413:,1747647669920
counter/2/0/0/0,9593:1747647656413:,1747647669920
counter/2/0/0/0,9594:1747647656413:,1747647669920
counter/2/0/0/0,9595:1747647656414:,1747647669920
counter/4/0/0/0,10114:1747647658336:,1747647669920
counter/4/0/0/0,10115:1747647658336:,1747647669920
counter/4/0/0/0,10116:1747647658336:,1747647669920
counter/4/0/0/0,10117:1747647658360:,1747647669920
counter/4/0/0/0,10118:1747647658360:,1747647669920
counter/4/0/0/0,10119:1747647658360:,1747647669920
counter/4/0/0/0,10120:1747647658360:,1747647669920
counter/7/0/0/0,9687:1747647657588:,1747647669920
counter/8/0/0/0,9925:1747647656855:,1747647669920
counter/2/0/0/0,9596:1747647656414:,1747647669920
counter/2/0/0/0,9597:1747647656414:,1747647669920
counter/2/0/0/0,9598:1747647656426:,1747647669921
counter/2/0/0/0,9599:1747647656427:,1747647669921
counter/2/0/0/0,9600:1747647656427:,1747647669922
counter/2/0/0/0,9601:1747647656427:,1747647669922
counter/4/0/0/0,10121:1747647658360:,1747647669922
counter/4/0/0/0,10122:1747647658360:,1747647669922
counter/4/0/0/0,10123:1747647658360:,1747647669922
counter/4/0/0/0,10124:1747647658360:,1747647669922
counter/9/0/0/0,10333:1747647657231:,1747647669922
counter/4/0/0/0,10125:1747647658360:,1747647669922
counter/4/0/0/0,10126:1747647658360:,1747647669922
counter/3/0/0/0,10435:1747647657974:,1747647669923
counter/1/0/0/0,10938:1747647658046:,1747647669923
counter/1/0/0/0,10939:1747647658046:,1747647669923
counter/1/0/0/0,10940:1747647658046:,1747647669923
counter/1/0/0/0,10941:1747647658046:,1747647669923
counter/1/0/0/0,10942:1747647658047:,1747647669923
counter/1/0/0/0,10943:1747647658047:,1747647669923
counter/1/0/0/0,10944:1747647658047:,1747647669923
counter/1/0/0/0,10945:1747647658047:,1747647669923
counter/1/0/0/0,10946:1747647658047:,1747647669923
counter/1/0/0/0,10947:1747647658047:,1747647669923
counter/5/0/0/0,9711:1747647656937:,1747647669924
counter/5/0/0/0,9712:1747647656937:,1747647669925
counter/7/0/0/0,9688:1747647657588:,1747647669925
counter/9/0/0/0,10334:1747647657231:,1747647669925
counter/9/0/0/0,10335:1747647657231:,1747647669925
counter/9/0/0/0,10336:1747647657231:,1747647669925
counter/9/0/0/0,10337:1747647657231:,1747647669925
counter/9/0/0/0,10338:1747647657231:,1747647669925
counter/9/0/0/0,10339:1747647657231:,1747647669925
counter/2/0/0/0,9602:1747647656427:,1747647669925
counter/4/0/0/0,10127:1747647658361:,1747647669925
counter/4/0/0/0,10128:1747647658361:,1747647669925
counter/4/0/0/0,10129:1747647658361:,1747647669925
counter/4/0/0/0,10130:1747647658361:,1747647669925
counter/4/0/0/0,10131:1747647658361:,1747647669926
counter/4/0/0/0,10132:1747647658361:,1747647669926
counter/4/0/0/0,10133:1747647658361:,1747647669926
counter/4/0/0/0,10134:1747647658363:,1747647669926
counter/4/0/0/0,10135:1747647658364:,1747647669926
counter/4/0/0/0,10136:1747647658364:,1747647669926
counter/4/0/0/0,10137:1747647658364:,1747647669926
counter/4/0/0/0,10138:1747647658364:,1747647669926
counter/6/0/0/0,9025:1747647657562:,1747647669926
counter/9/0/0/0,10340:1747647657231:,1747647669926
counter/9/0/0/0,10341:1747647657231:,1747647669926
counter/9/0/0/0,10342:1747647657240:,1747647669926
counter/9/0/0/0,10343:1747647657240:,1747647669926
counter/9/0/0/0,10344:1747647657240:,1747647669926
counter/9/0/0/0,10345:1747647657240:,1747647669926
counter/9/0/0/0,10346:1747647657240:,1747647669926
counter/9/0/0/0,10347:1747647657240:,1747647669926
counter/10/0/0/0,9161:1747647656928:,1747647669926
counter/7/0/0/0,9689:1747647657590:,1747647669927
counter/2/0/0/0,9603:1747647656427:,1747647669928
counter/3/0/0/0,10436:1747647657974:,1747647669929
counter/3/0/0/0,10437:1747647657974:,1747647669929
counter/4/0/0/0,10139:1747647658364:,1747647669929
counter/4/0/0/0,10140:1747647658364:,1747647669929
counter/4/0/0/0,10141:1747647658364:,1747647669929
counter/4/0/0/0,10142:1747647658364:,1747647669932
counter/3/0/0/0,10438:1747647657975:,1747647669932
counter/2/0/0/0,9604:1747647656427:,1747647669932
counter/1/0/0/0,10948:1747647658047:,1747647669933
counter/2/0/0/0,9605:1747647656427:,1747647669933
counter/8/0/0/0,9926:1747647656855:,1747647669933
counter/3/0/0/0,10439:1747647657975:,1747647669934
counter/8/0/0/0,9927:1747647656860:,1747647669934
counter/3/0/0/0,10440:1747647657975:,1747647669934
counter/3/0/0/0,10441:1747647657980:,1747647669934
counter/3/0/0/0,10442:1747647657980:,1747647669934
counter/3/0/0/0,10443:1747647657980:,1747647669934
counter/2/0/0/0,9606:1747647656436:,1747647669936
counter/5/0/0/0,9713:1747647656937:,1747647669937
counter/4/0/0/0,10143:1747647658364:,1747647669937
counter/9/0/0/0,10348:1747647657242:,1747647669937
counter/9/0/0/0,10349:1747647657242:,1747647669937
counter/9/0/0/0,10350:1747647657242:,1747647669937
counter/9/0/0/0,10351:1747647657242:,1747647669937
counter/9/0/0/0,10352:1747647657242:,1747647669937
counter/9/0/0/0,10353:1747647657242:,1747647669937
counter/9/0/0/0,10354:1747647657242:,1747647669937
counter/9/0/0/0,10355:1747647657242:,1747647669938
counter/9/0/0/0,10356:1747647657242:,1747647669938
counter/9/0/0/0,10357:1747647657242:,1747647669938
counter/10/0/0/0,9162:1747647656928:,1747647669938
counter/10/0/0/0,9163:1747647656928:,1747647669939
counter/9/0/0/0,10358:1747647657242:,1747647669939
counter/8/0/0/0,9928:1747647656861:,1747647669940
counter/7/0/0/0,9690:1747647657590:,1747647669940
counter/10/0/0/0,9164:1747647656928:,1747647669940
counter/7/0/0/0,9691:1747647657591:,1747647669940
counter/7/0/0/0,9692:1747647657591:,1747647669940
counter/7/0/0/0,9693:1747647657591:,1747647669940
counter/7/0/0/0,9694:1747647657591:,1747647669940
counter/7/0/0/0,9695:1747647657591:,1747647669940
counter/7/0/0/0,9696:1747647657591:,1747647669940
counter/7/0/0/0,9697:1747647657591:,1747647669941
counter/2/0/0/0,9607:1747647656436:,1747647669941
counter/2/0/0/0,9608:1747647656436:,1747647669941
counter/2/0/0/0,9609:1747647656436:,1747647669941
counter/2/0/0/0,9610:1747647656436:,1747647669941
counter/2/0/0/0,9611:1747647656436:,1747647669941
counter/2/0/0/0,9612:1747647656436:,1747647669941
counter/2/0/0/0,9613:1747647656436:,1747647669941
counter/2/0/0/0,9614:1747647656436:,1747647669941
counter/2/0/0/0,9615:1747647656441:,1747647669941
counter/7/0/0/0,9698:1747647657591:,1747647669941
counter/2/0/0/0,9616:1747647656441:,1747647669941
counter/5/0/0/0,9714:1747647656937:,1747647669944
counter/7/0/0/0,9699:1747647657591:,1747647669947
counter/1/0/0/0,10949:1747647658047:,1747647669947
counter/2/0/0/0,9617:1747647656441:,1747647669947
counter/1/0/0/0,10950:1747647658047:,1747647669948
counter/2/0/0/0,9618:1747647656441:,1747647669948
counter/2/0/0/0,9619:1747647656442:,1747647669948
counter/6/0/0/0,9026:1747647657572:,1747647669949
counter/6/0/0/0,9027:1747647657572:,1747647669949
counter/6/0/0/0,9028:1747647657572:,1747647669949
counter/6/0/0/0,9029:1747647657572:,1747647669949
counter/4/0/0/0,10144:1747647658364:,1747647669949
counter/4/0/0/0,10145:1747647658379:,1747647669949
counter/4/0/0/0,10146:1747647658379:,1747647669949
counter/4/0/0/0,10147:1747647658379:,1747647669949
counter/2/0/0/0,9620:1747647656442:,1747647669949
counter/9/0/0/0,10359:1747647657242:,1747647669949
counter/3/0/0/0,10444:1747647657980:,1747647669949
counter/3/0/0/0,10445:1747647657980:,1747647669949
counter/3/0/0/0,10446:1747647657980:,1747647669950
counter/3/0/0/0,10447:1747647657980:,1747647669950
counter/7/0/0/0,9700:1747647657591:,1747647669950
counter/5/0/0/0,9715:1747647656937:,1747647669951
counter/5/0/0/0,9716:1747647656937:,1747647669951
counter/5/0/0/0,9717:1747647656937:,1747647669951
counter/5/0/0/0,9718:1747647656937:,1747647669951
counter/5/0/0/0,9719:1747647656937:,1747647669951
counter/5/0/0/0,9720:1747647656937:,1747647669951
counter/5/0/0/0,9721:1747647656937:,1747647669951
counter/5/0/0/0,9722:1747647656944:,1747647669951
counter/5/0/0/0,9723:1747647656944:,1747647669951
counter/5/0/0/0,9724:1747647656944:,1747647669951
counter/5/0/0/0,9725:1747647656944:,1747647669951
counter/5/0/0/0,9726:1747647656944:,1747647669951
counter/5/0/0/0,9727:1747647656946:,1747647669953
counter/5/0/0/0,9728:1747647656946:,1747647669953
counter/5/0/0/0,9729:1747647656946:,1747647669953
counter/5/0/0/0,9730:1747647656947:,1747647669953
counter/5/0/0/0,9731:1747647656949:,1747647669954
counter/2/0/0/0,9621:1747647656442:,1747647669955
counter/2/0/0/0,9622:1747647656442:,1747647669955
counter/2/0/0/0,9623:1747647656442:,1747647669955
counter/4/0/0/0,10148:1747647658379:,1747647669955
counter/10/0/0/0,9165:1747647656928:,1747647669956
counter/10/0/0/0,9166:1747647656928:,1747647669956
counter/10/0/0/0,9167:1747647656928:,1747647669956
counter/10/0/0/0,9168:1747647656928:,1747647669956
counter/10/0/0/0,9169:1747647656928:,1747647669956
counter/10/0/0/0,9170:1747647656928:,1747647669956
counter/10/0/0/0,9171:1747647656928:,1747647669956
counter/1/0/0/0,10951:1747647658047:,1747647669956
counter/7/0/0/0,9701:1747647657591:,1747647669956
counter/2/0/0/0,9624:1747647656452:,1747647669957
counter/6/0/0/0,9030:1747647657573:,1747647669957
counter/8/0/0/0,9929:1747647656861:,1747647669958
counter/9/0/0/0,10360:1747647657242:,1747647669958
counter/4/0/0/0,10149:1747647658379:,1747647669958
counter/3/0/0/0,10448:1747647657980:,1747647669959
counter/4/0/0/0,10150:1747647658379:,1747647669959
counter/1/0/0/0,10952:1747647658047:,1747647669959
counter/1/0/0/0,10953:1747647658047:,1747647669959
counter/1/0/0/0,10954:1747647658047:,1747647669959
counter/9/0/0/0,10361:1747647657242:,1747647669959
counter/7/0/0/0,9702:1747647657591:,1747647669960
counter/9/0/0/0,10362:1747647657242:,1747647669960
counter/4/0/0/0,10151:1747647658379:,1747647669962
counter/4/0/0/0,10152:1747647658381:,1747647669963
counter/4/0/0/0,10153:1747647658381:,1747647669963
counter/4/0/0/0,10154:1747647658381:,1747647669963
counter/4/0/0/0,10155:1747647658381:,1747647669963
counter/4/0/0/0,10156:1747647658381:,1747647669963
counter/4/0/0/0,10157:1747647658381:,1747647669963
counter/4/0/0/0,10158:1747647658381:,1747647669963
counter/4/0/0/0,10159:1747647658381:,1747647669963
counter/4/0/0/0,10160:1747647658381:,1747647669963
counter/4/0/0/0,10161:1747647658381:,1747647669963
counter/4/0/0/0,10162:1747647658381:,1747647669963
counter/4/0/0/0,10163:1747647658381:,1747647669963
counter/9/0/0/0,10363:1747647657242:,1747647669963
counter/5/0/0/0,9732:1747647656949:,1747647669963
counter/5/0/0/0,9733:1747647656949:,1747647669963
counter/5/0/0/0,9734:1747647656949:,1747647669963
counter/5/0/0/0,9735:1747647656949:,1747647669963
counter/5/0/0/0,9736:1747647656949:,1747647669963
counter/5/0/0/0,9737:1747647656949:,1747647669963
counter/5/0/0/0,9738:1747647656952:,1747647669964
counter/5/0/0/0,9739:1747647656952:,1747647669964
counter/5/0/0/0,9740:1747647656952:,1747647669964
counter/5/0/0/0,9741:1747647656952:,1747647669964
counter/4/0/0/0,10164:1747647658381:,1747647669964
counter/2/0/0/0,9625:1747647656452:,1747647669965
counter/2/0/0/0,9626:1747647656452:,1747647669965
counter/2/0/0/0,9627:1747647656453:,1747647669965
counter/2/0/0/0,9628:1747647656453:,1747647669965
counter/1/0/0/0,10955:1747647658047:,1747647669966
counter/1/0/0/0,10956:1747647658047:,1747647669966
counter/3/0/0/0,10449:1747647657980:,1747647669966
counter/4/0/0/0,10165:1747647658381:,1747647669966
counter/10/0/0/0,9172:1747647656928:,1747647669966
counter/10/0/0/0,9173:1747647656928:,1747647669968
counter/10/0/0/0,9174:1747647656928:,1747647669968
counter/10/0/0/0,9175:1747647656931:,1747647669968
counter/6/0/0/0,9031:1747647657573:,1747647669968
counter/4/0/0/0,10166:1747647658381:,1747647669968
counter/5/0/0/0,9742:1747647656952:,1747647669969
counter/10/0/0/0,9176:1747647656931:,1747647669969
counter/10/0/0/0,9177:1747647656931:,1747647669969
counter/9/0/0/0,10364:1747647657242:,1747647669969
counter/8/0/0/0,9930:1747647656861:,1747647669969
counter/8/0/0/0,9931:1747647656861:,1747647669970
counter/7/0/0/0,9703:1747647657591:,1747647669970
counter/9/0/0/0,10365:1747647657242:,1747647669970
counter/3/0/0/0,10450:1747647657980:,1747647669970
counter/1/0/0/0,10957:1747647658047:,1747647669970
counter/6/0/0/0,9032:1747647657573:,1747647669970
counter/1/0/0/0,10958:1747647658047:,1747647669970
counter/1/0/0/0,10959:1747647658047:,1747647669970
counter/8/0/0/0,9932:1747647656861:,1747647669971
counter/8/0/0/0,9933:1747647656861:,1747647669971
counter/8/0/0/0,9934:1747647656861:,1747647669971
counter/4/0/0/0,10167:1747647658381:,1747647669972
counter/4/0/0/0,10168:1747647658381:,1747647669972
counter/4/0/0/0,10169:1747647658381:,1747647669972
counter/4/0/0/0,10170:1747647658381:,1747647669972
counter/4/0/0/0,10171:1747647658381:,1747647669973
counter/7/0/0/0,9704:1747647657591:,1747647669973
counter/6/0/0/0,9033:1747647657573:,1747647669973
counter/6/0/0/0,9034:1747647657573:,1747647669973
counter/6/0/0/0,9035:1747647657573:,1747647669973
counter/9/0/0/0,10366:1747647657242:,1747647669973
counter/1/0/0/0,10960:1747647658047:,1747647669973
counter/4/0/0/0,10172:1747647658382:,1747647669974
counter/1/0/0/0,10961:1747647658049:,1747647669974
counter/9/0/0/0,10367:1747647657243:,1747647669974
counter/2/0/0/0,9629:1747647656462:,1747647669975
counter/4/0/0/0,10173:1747647658382:,1747647669976
counter/1/0/0/0,10962:1747647658049:,1747647669976
counter/8/0/0/0,9935:1747647656861:,1747647669976
counter/5/0/0/0,9743:1747647656952:,1747647669977
counter/3/0/0/0,10451:1747647657984:,1747647669977
counter/3/0/0/0,10452:1747647657984:,1747647669978
counter/7/0/0/0,9705:1747647657591:,1747647669978
counter/7/0/0/0,9706:1747647657591:,1747647669978
counter/1/0/0/0,10963:1747647658049:,1747647669978
counter/1/0/0/0,10964:1747647658049:,1747647669978
counter/8/0/0/0,9936:1747647656861:,1747647669978
counter/8/0/0/0,9937:1747647656861:,1747647669978
counter/8/0/0/0,9938:1747647656869:,1747647669978
counter/4/0/0/0,10174:1747647658382:,1747647669980
counter/5/0/0/0,9744:1747647656952:,1747647669981
counter/9/0/0/0,10368:1747647657244:,1747647669983
counter/10/0/0/0,9178:1747647656931:,1747647669983
counter/4/0/0/0,10175:1747647658382:,1747647669983
counter/4/0/0/0,10176:1747647658399:,1747647669983
counter/10/0/0/0,9179:1747647656932:,1747647669984
counter/7/0/0/0,9707:1747647657591:,1747647669985
counter/7/0/0/0,9708:1747647657591:,1747647669985
counter/5/0/0/0,9745:1747647656952:,1747647669985
counter/7/0/0/0,9709:1747647657592:,1747647669985
counter/6/0/0/0,9036:1747647657579:,1747647669985
counter/7/0/0/0,9710:1747647657593:,1747647669985
counter/10/0/0/0,9180:1747647656932:,1747647669985
counter/7/0/0/0,9711:1747647657593:,1747647669985
counter/7/0/0/0,9712:1747647657593:,1747647669985
counter/2/0/0/0,9630:1747647656462:,1747647669985
counter/2/0/0/0,9631:1747647656462:,1747647669985
counter/2/0/0/0,9632:1747647656462:,1747647669985
counter/2/0/0/0,9633:1747647656467:,1747647669985
counter/2/0/0/0,9634:1747647656467:,1747647669986
counter/2/0/0/0,9635:1747647656467:,1747647669986
counter/5/0/0/0,9746:1747647656953:,1747647669986
counter/5/0/0/0,9747:1747647656953:,1747647669986
counter/4/0/0/0,10177:1747647658399:,1747647669986
counter/7/0/0/0,9713:1747647657593:,1747647669986
counter/7/0/0/0,9714:1747647657593:,1747647669986
counter/7/0/0/0,9715:1747647657593:,1747647669986
counter/7/0/0/0,9716:1747647657593:,1747647669986
counter/8/0/0/0,9939:1747647656869:,1747647669986
counter/6/0/0/0,9037:1747647657579:,1747647669986
counter/2/0/0/0,9636:1747647656467:,1747647669988
counter/4/0/0/0,10178:1747647658399:,1747647669989
counter/3/0/0/0,10453:1747647657984:,1747647669989
counter/3/0/0/0,10454:1747647657984:,1747647669989
counter/3/0/0/0,10455:1747647657985:,1747647669990
counter/3/0/0/0,10456:1747647657985:,1747647669990
counter/6/0/0/0,9038:1747647657579:,1747647669990
counter/6/0/0/0,9039:1747647657579:,1747647669990
counter/6/0/0/0,9040:1747647657579:,1747647669990
counter/6/0/0/0,9041:1747647657579:,1747647669990
counter/6/0/0/0,9042:1747647657579:,1747647669990
counter/6/0/0/0,9043:1747647657579:,1747647669990
counter/5/0/0/0,9748:1747647656953:,1747647669991
counter/6/0/0/0,9044:1747647657579:,1747647669991
counter/6/0/0/0,9045:1747647657579:,1747647669991
counter/4/0/0/0,10179:1747647658399:,1747647669991
counter/4/0/0/0,10180:1747647658399:,1747647669991
counter/4/0/0/0,10181:1747647658399:,1747647669991
counter/1/0/0/0,10965:1747647658049:,1747647669991
counter/1/0/0/0,10966:1747647658049:,1747647669991
counter/1/0/0/0,10967:1747647658049:,1747647669991
counter/1/0/0/0,10968:1747647658083:,1747647669991
counter/1/0/0/0,10969:1747647658086:,1747647669991
counter/1/0/0/0,10970:1747647658086:,1747647669991
counter/1/0/0/0,10971:1747647658086:,1747647669991
counter/1/0/0/0,10972:1747647658087:,1747647669991
counter/1/0/0/0,10973:1747647658087:,1747647669991
counter/1/0/0/0,10974:1747647658094:,1747647669991
counter/1/0/0/0,10975:1747647658094:,1747647669991
counter/1/0/0/0,10976:1747647658094:,1747647669991
counter/1/0/0/0,10977:1747647658119:,1747647669991
counter/1/0/0/0,10978:1747647658119:,1747647669992
counter/1/0/0/0,10979:1747647658119:,1747647669992
counter/1/0/0/0,10980:1747647658119:,1747647669992
counter/1/0/0/0,10981:1747647658119:,1747647669992
counter/1/0/0/0,10982:1747647658119:,1747647669992
counter/1/0/0/0,10983:1747647658119:,1747647669992
counter/4/0/0/0,10182:1747647658399:,1747647669992
counter/7/0/0/0,9717:1747647657593:,1747647669992
counter/7/0/0/0,9718:1747647657593:,1747647669992
counter/7/0/0/0,9719:1747647657593:,1747647669992
counter/7/0/0/0,9720:1747647657593:,1747647669992
counter/7/0/0/0,9721:1747647657596:,1747647669992
counter/7/0/0/0,9722:1747647657596:,1747647669992
counter/7/0/0/0,9723:1747647657596:,1747647669992
counter/2/0/0/0,9637:1747647656469:,1747647669993
counter/4/0/0/0,10183:1747647658399:,1747647669993
counter/7/0/0/0,9724:1747647657596:,1747647669993
counter/3/0/0/0,10457:1747647657985:,1747647669993
counter/7/0/0/0,9725:1747647657596:,1747647669993
counter/7/0/0/0,9726:1747647657597:,1747647669993
counter/6/0/0/0,9046:1747647657580:,1747647669993
counter/8/0/0/0,9940:1747647656869:,1747647669994
counter/10/0/0/0,9181:1747647656932:,1747647669995
counter/8/0/0/0,9941:1747647656869:,1747647669995
counter/10/0/0/0,9182:1747647656932:,1747647669996
counter/10/0/0/0,9183:1747647656932:,1747647669996
counter/10/0/0/0,9184:1747647656932:,1747647669996
counter/10/0/0/0,9185:1747647656932:,1747647669996
counter/7/0/0/0,9727:1747647657597:,1747647669997
counter/10/0/0/0,9186:1747647656932:,1747647669997
counter/3/0/0/0,10458:1747647657985:,1747647669998
counter/4/0/0/0,10184:1747647658399:,1747647669998
counter/1/0/0/0,10984:1747647658119:,1747647669998
counter/9/0/0/0,10369:1747647657244:,1747647669998
counter/8/0/0/0,9942:1747647656869:,1747647669999
counter/4/0/0/0,10185:1747647658399:,1747647669999
counter/6/0/0/0,9047:1747647657581:,1747647669999
counter/6/0/0/0,9048:1747647657581:,1747647669999
counter/2/0/0/0,9638:1747647656469:,1747647669999
counter/1/0/0/0,10985:1747647658119:,1747647670000
counter/9/0/0/0,10370:1747647657244:,1747647670000
counter/6/0/0/0,9049:1747647657581:,1747647670000
counter/2/0/0/0,9639:1747647656469:,1747647670000
counter/1/0/0/0,10986:1747647658119:,1747647670004
counter/1/0/0/0,10987:1747647658119:,1747647670004
counter/6/0/0/0,9050:1747647657581:,1747647670004
counter/2/0/0/0,9640:1747647656469:,1747647670004
counter/2/0/0/0,9641:1747647656469:,1747647670004
counter/2/0/0/0,9642:1747647656469:,1747647670004
counter/2/0/0/0,9643:1747647656484:,1747647670004
counter/2/0/0/0,9644:1747647656485:,1747647670004
counter/2/0/0/0,9645:1747647656485:,1747647670005
counter/2/0/0/0,9646:1747647656485:,1747647670005
counter/2/0/0/0,9647:1747647656485:,1747647670005
counter/3/0/0/0,10459:1747647657989:,1747647670005
counter/10/0/0/0,9187:1747647656932:,1747647670005
counter/4/0/0/0,10186:1747647658399:,1747647670006
counter/4/0/0/0,10187:1747647658407:,1747647670007
counter/2/0/0/0,9648:1747647656485:,1747647670007
counter/2/0/0/0,9649:1747647656485:,1747647670007
counter/2/0/0/0,9650:1747647656485:,1747647670007
counter/2/0/0/0,9651:1747647656485:,1747647670008
counter/2/0/0/0,9652:1747647656485:,1747647670008
counter/2/0/0/0,9653:1747647656485:,1747647670008
counter/2/0/0/0,9654:1747647656485:,1747647670008
counter/1/0/0/0,10988:1747647658125:,1747647670008
counter/6/0/0/0,9051:1747647657581:,1747647670010
counter/8/0/0/0,9943:1747647656869:,1747647670010
counter/7/0/0/0,9728:1747647657597:,1747647670010
counter/4/0/0/0,10188:1747647658408:,1747647670010
counter/4/0/0/0,10189:1747647658408:,1747647670010
counter/4/0/0/0,10190:1747647658408:,1747647670010
counter/4/0/0/0,10191:1747647658411:,1747647670011
counter/9/0/0/0,10371:1747647657244:,1747647670011
counter/3/0/0/0,10460:1747647657996:,1747647670011
counter/3/0/0/0,10461:1747647657996:,1747647670011
counter/3/0/0/0,10462:1747647657996:,1747647670011
counter/3/0/0/0,10463:1747647657996:,1747647670011
counter/3/0/0/0,10464:1747647657996:,1747647670011
counter/3/0/0/0,10465:1747647657996:,1747647670011
counter/3/0/0/0,10466:1747647657996:,1747647670011
counter/7/0/0/0,9729:1747647657597:,1747647670012
counter/8/0/0/0,9944:1747647656869:,1747647670012
counter/4/0/0/0,10192:1747647658411:,1747647670012
counter/4/0/0/0,10193:1747647658411:,1747647670012
counter/4/0/0/0,10194:1747647658411:,1747647670012
counter/4/0/0/0,10195:1747647658411:,1747647670012
counter/5/0/0/0,9749:1747647656953:,1747647670012
counter/2/0/0/0,9655:1747647656485:,1747647670012
counter/5/0/0/0,9750:1747647656953:,1747647670012
counter/2/0/0/0,9656:1747647656485:,1747647670012
counter/5/0/0/0,9751:1747647656953:,1747647670013
counter/2/0/0/0,9657:1747647656485:,1747647670013
counter/1/0/0/0,10989:1747647658125:,1747647670013
counter/1/0/0/0,10990:1747647658125:,1747647670013
counter/7/0/0/0,9730:1747647657597:,1747647670014
counter/7/0/0/0,9731:1747647657598:,1747647670014
counter/7/0/0/0,9732:1747647657598:,1747647670014
counter/9/0/0/0,10372:1747647657244:,1747647670014
counter/10/0/0/0,9188:1747647656932:,1747647670014
counter/10/0/0/0,9189:1747647656932:,1747647670014
counter/10/0/0/0,9190:1747647656932:,1747647670014
counter/9/0/0/0,10373:1747647657244:,1747647670015
counter/9/0/0/0,10374:1747647657244:,1747647670015
counter/9/0/0/0,10375:1747647657244:,1747647670015
counter/9/0/0/0,10376:1747647657244:,1747647670016
counter/9/0/0/0,10377:1747647657244:,1747647670016
counter/9/0/0/0,10378:1747647657250:,1747647670016
counter/2/0/0/0,9658:1747647656485:,1747647670016
counter/6/0/0/0,9052:1747647657581:,1747647670016
counter/6/0/0/0,9053:1747647657581:,1747647670016
counter/6/0/0/0,9054:1747647657581:,1747647670016
counter/6/0/0/0,9055:1747647657584:,1747647670016
counter/6/0/0/0,9056:1747647657584:,1747647670016
counter/6/0/0/0,9057:1747647657584:,1747647670016
counter/7/0/0/0,9733:1747647657598:,1747647670016
counter/4/0/0/0,10196:1747647658411:,1747647670019
counter/1/0/0/0,10991:1747647658125:,1747647670019
counter/6/0/0/0,9058:1747647657585:,1747647670019
counter/6/0/0/0,9059:1747647657585:,1747647670020
counter/5/0/0/0,9752:1747647656953:,1747647670021
counter/5/0/0/0,9753:1747647656953:,1747647670021
counter/5/0/0/0,9754:1747647656953:,1747647670021
counter/5/0/0/0,9755:1747647656953:,1747647670021
counter/5/0/0/0,9756:1747647656953:,1747647670021
counter/5/0/0/0,9757:1747647656954:,1747647670021
counter/5/0/0/0,9758:1747647656954:,1747647670021
counter/5/0/0/0,9759:1747647656954:,1747647670022
counter/5/0/0/0,9760:1747647656955:,1747647670022
counter/5/0/0/0,9761:1747647656955:,1747647670022
counter/5/0/0/0,9762:1747647656955:,1747647670022
counter/5/0/0/0,9763:1747647656955:,1747647670022
counter/7/0/0/0,9734:1747647657598:,1747647670022
counter/5/0/0/0,9764:1747647656955:,1747647670022
counter/3/0/0/0,10467:1747647657996:,1747647670022
counter/8/0/0/0,9945:1747647656869:,1747647670022
counter/4/0/0/0,10197:1747647658411:,1747647670022
counter/4/0/0/0,10198:1747647658411:,1747647670022
counter/4/0/0/0,10199:1747647658411:,1747647670022
counter/4/0/0/0,10200:1747647658411:,1747647670022
counter/4/0/0/0,10201:1747647658411:,1747647670022
counter/4/0/0/0,10202:1747647658411:,1747647670022
counter/6/0/0/0,9060:1747647657585:,1747647670023
counter/6/0/0/0,9061:1747647657585:,1747647670023
counter/8/0/0/0,9946:1747647656869:,1747647670023
counter/3/0/0/0,10468:1747647657996:,1747647670023
counter/5/0/0/0,9765:1747647656956:,1747647670024
counter/4/0/0/0,10203:1747647658411:,1747647670024
counter/2/0/0/0,9659:1747647656485:,1747647670025
counter/8/0/0/0,9947:1747647656869:,1747647670026
counter/9/0/0/0,10379:1747647657250:,1747647670026
counter/8/0/0/0,9948:1747647656884:,1747647670026
counter/1/0/0/0,10992:1747647658125:,1747647670026
counter/1/0/0/0,10993:1747647658125:,1747647670026
counter/1/0/0/0,10994:1747647658125:,1747647670026
counter/1/0/0/0,10995:1747647658125:,1747647670026
counter/5/0/0/0,9766:1747647656991:,1747647670027
counter/3/0/0/0,10469:1747647657996:,1747647670027
counter/3/0/0/0,10470:1747647657997:,1747647670027
counter/6/0/0/0,9062:1747647657585:,1747647670027
counter/2/0/0/0,9660:1747647656485:,1747647670027
counter/2/0/0/0,9661:1747647656485:,1747647670028
counter/2/0/0/0,9662:1747647656494:,1747647670028
counter/2/0/0/0,9663:1747647656494:,1747647670028
counter/8/0/0/0,9949:1747647656884:,1747647670028
counter/8/0/0/0,9950:1747647656884:,1747647670028
counter/8/0/0/0,9951:1747647656884:,1747647670028
counter/1/0/0/0,10996:1747647658125:,1747647670028
counter/6/0/0/0,9063:1747647657585:,1747647670028
counter/7/0/0/0,9735:1747647657598:,1747647670028
counter/7/0/0/0,9736:1747647657598:,1747647670028
counter/7/0/0/0,9737:1747647657598:,1747647670028
counter/7/0/0/0,9738:1747647657598:,1747647670029
counter/7/0/0/0,9739:1747647657598:,1747647670029
counter/7/0/0/0,9740:1747647657598:,1747647670029
counter/1/0/0/0,10997:1747647658125:,1747647670029
counter/1/0/0/0,10998:1747647658125:,1747647670029
counter/1/0/0/0,10999:1747647658125:,1747647670029
counter/1/0/0/0,11000:1747647658125:,1747647670029
counter/2/0/0/0,9664:1747647656494:,1747647670030
counter/2/0/0/0,9665:1747647656494:,1747647670030
counter/2/0/0/0,9666:1747647656494:,1747647670030
counter/2/0/0/0,9667:1747647656494:,1747647670030
counter/10/0/0/0,9191:1747647656932:,1747647670030
counter/10/0/0/0,9192:1747647656932:,1747647670030
counter/10/0/0/0,9193:1747647656932:,1747647670030
counter/10/0/0/0,9194:1747647656932:,1747647670031
counter/1/0/0/0,11001:1747647658125:,1747647670031
counter/1/0/0/0,11002:1747647658125:,1747647670031
counter/5/0/0/0,9767:1747647656991:,1747647670031
counter/10/0/0/0,9195:1747647656932:,1747647670031
counter/10/0/0/0,9196:1747647656932:,1747647670031
counter/1/0/0/0,11003:1747647658174:,1747647670031
counter/10/0/0/0,9197:1747647656932:,1747647670031
counter/10/0/0/0,9198:1747647656932:,1747647670031
counter/10/0/0/0,9199:1747647656932:,1747647670031
counter/5/0/0/0,9768:1747647656991:,1747647670031
counter/10/0/0/0,9200:1747647656932:,1747647670031
counter/6/0/0/0,9064:1747647657585:,1747647670032
counter/6/0/0/0,9065:1747647657586:,1747647670032
counter/6/0/0/0,9066:1747647657586:,1747647670032
counter/2/0/0/0,9668:1747647656494:,1747647670032
counter/6/0/0/0,9067:1747647657586:,1747647670032
counter/6/0/0/0,9068:1747647657587:,1747647670032
counter/6/0/0/0,9069:1747647657587:,1747647670032
counter/6/0/0/0,9070:1747647657587:,1747647670032
counter/8/0/0/0,9952:1747647656884:,1747647670032
counter/4/0/0/0,10204:1747647658411:,1747647670032
counter/4/0/0/0,10205:1747647658412:,1747647670033
counter/4/0/0/0,10206:1747647658415:,1747647670033
counter/4/0/0/0,10207:1747647658415:,1747647670033
counter/4/0/0/0,10208:1747647658428:,1747647670033
counter/4/0/0/0,10209:1747647658428:,1747647670033
counter/4/0/0/0,10210:1747647658428:,1747647670033
counter/4/0/0/0,10211:1747647658428:,1747647670033
counter/4/0/0/0,10212:1747647658428:,1747647670033
counter/2/0/0/0,9669:1747647656494:,1747647670033
counter/8/0/0/0,9953:1747647656884:,1747647670033
counter/8/0/0/0,9954:1747647656884:,1747647670033
counter/8/0/0/0,9955:1747647656884:,1747647670033
counter/8/0/0/0,9956:1747647656884:,1747647670033
counter/8/0/0/0,9957:1747647656884:,1747647670034
counter/8/0/0/0,9958:1747647656884:,1747647670034
counter/5/0/0/0,9769:1747647656991:,1747647670034
counter/3/0/0/0,10471:1747647658000:,1747647670034
counter/3/0/0/0,10472:1747647658000:,1747647670034
counter/3/0/0/0,10473:1747647658011:,1747647670034
counter/3/0/0/0,10474:1747647658011:,1747647670034
counter/3/0/0/0,10475:1747647658011:,1747647670034
counter/3/0/0/0,10476:1747647658011:,1747647670034
counter/3/0/0/0,10477:1747647658011:,1747647670034
counter/3/0/0/0,10478:1747647658011:,1747647670034
counter/6/0/0/0,9071:1747647657587:,1747647670035
counter/7/0/0/0,9741:1747647657598:,1747647670035
counter/6/0/0/0,9072:1747647657587:,1747647670035
counter/6/0/0/0,9073:1747647657587:,1747647670035
counter/6/0/0/0,9074:1747647657587:,1747647670035
counter/6/0/0/0,9075:1747647657611:,1747647670035
counter/6/0/0/0,9076:1747647657611:,1747647670035
counter/6/0/0/0,9077:1747647657611:,1747647670035
counter/6/0/0/0,9078:1747647657611:,1747647670035
counter/6/0/0/0,9079:1747647657611:,1747647670035
counter/6/0/0/0,9080:1747647657629:,1747647670035
counter/6/0/0/0,9081:1747647657629:,1747647670036
counter/6/0/0/0,9082:1747647657629:,1747647670036
counter/6/0/0/0,9083:1747647657629:,1747647670036
counter/6/0/0/0,9084:1747647657629:,1747647670036
counter/6/0/0/0,9085:1747647657629:,1747647670036
counter/6/0/0/0,9086:1747647657629:,1747647670036
counter/2/0/0/0,9670:1747647656499:,1747647670036
counter/5/0/0/0,9770:1747647656991:,1747647670036
counter/5/0/0/0,9771:1747647656991:,1747647670036
counter/5/0/0/0,9772:1747647656991:,1747647670036
counter/4/0/0/0,10213:1747647658428:,1747647670036
counter/5/0/0/0,9773:1747647656991:,1747647670036
counter/5/0/0/0,9774:1747647656991:,1747647670036
counter/6/0/0/0,9087:1747647657629:,1747647670037
counter/6/0/0/0,9088:1747647657629:,1747647670037
counter/6/0/0/0,9089:1747647657629:,1747647670037
counter/6/0/0/0,9090:1747647657629:,1747647670037
counter/6/0/0/0,9091:1747647657629:,1747647670037
counter/6/0/0/0,9092:1747647657629:,1747647670037
counter/2/0/0/0,9671:1747647656499:,1747647670037
counter/2/0/0/0,9672:1747647656499:,1747647670037
counter/2/0/0/0,9673:1747647656499:,1747647670037
counter/2/0/0/0,9674:1747647656499:,1747647670037
counter/2/0/0/0,9675:1747647656500:,1747647670037
counter/2/0/0/0,9676:1747647656500:,1747647670037
counter/2/0/0/0,9677:1747647656500:,1747647670037
counter/2/0/0/0,9678:1747647656500:,1747647670037
counter/2/0/0/0,9679:1747647656500:,1747647670037
counter/2/0/0/0,9680:1747647656500:,1747647670038
counter/2/0/0/0,9681:1747647656500:,1747647670038
counter/7/0/0/0,9742:1747647657600:,1747647670038
counter/7/0/0/0,9743:1747647657600:,1747647670039
counter/2/0/0/0,9682:1747647656505:,1747647670039
counter/8/0/0/0,9959:1747647656887:,1747647670039
counter/9/0/0/0,10380:1747647657250:,1747647670039
counter/9/0/0/0,10381:1747647657250:,1747647670039
counter/9/0/0/0,10382:1747647657251:,1747647670039
counter/9/0/0/0,10383:1747647657251:,1747647670039
counter/9/0/0/0,10384:1747647657251:,1747647670039
counter/9/0/0/0,10385:1747647657251:,1747647670039
counter/9/0/0/0,10386:1747647657252:,1747647670039
counter/9/0/0/0,10387:1747647657480:,1747647670039
counter/9/0/0/0,10388:1747647657480:,1747647670039
counter/10/0/0/0,9201:1747647656932:,1747647670039
counter/9/0/0/0,10389:1747647657481:,1747647670039
counter/9/0/0/0,10390:1747647657481:,1747647670039
counter/1/0/0/0,11004:1747647658174:,1747647670039
counter/1/0/0/0,11005:1747647658174:,1747647670039
counter/1/0/0/0,11006:1747647658174:,1747647670039
counter/1/0/0/0,11007:1747647658174:,1747647670039
counter/1/0/0/0,11008:1747647658174:,1747647670039
counter/1/0/0/0,11009:1747647658174:,1747647670040
counter/1/0/0/0,11010:1747647658174:,1747647670040
counter/2/0/0/0,9683:1747647656505:,1747647670040
counter/2/0/0/0,9684:1747647656505:,1747647670040
counter/2/0/0/0,9685:1747647656505:,1747647670040
counter/2/0/0/0,9686:1747647656505:,1747647670040
counter/2/0/0/0,9687:1747647656505:,1747647670040
counter/2/0/0/0,9688:1747647656505:,1747647670040
counter/2/0/0/0,9689:1747647656507:,1747647670040
counter/2/0/0/0,9690:1747647656507:,1747647670040
counter/8/0/0/0,9960:1747647656887:,1747647670041
counter/2/0/0/0,9691:1747647656507:,1747647670041
counter/4/0/0/0,10214:1747647658428:,1747647670041
counter/4/0/0/0,10215:1747647658428:,1747647670041
counter/5/0/0/0,9775:1747647656991:,1747647670041
counter/5/0/0/0,9776:1747647656991:,1747647670041
counter/5/0/0/0,9777:1747647656991:,1747647670041
counter/5/0/0/0,9778:1747647656991:,1747647670041
counter/5/0/0/0,9779:1747647656991:,1747647670042
counter/6/0/0/0,9093:1747647657629:,1747647670042
counter/10/0/0/0,9202:1747647656935:,1747647670045
counter/6/0/0/0,9094:1747647657629:,1747647670045
counter/10/0/0/0,9203:1747647656936:,1747647670045
counter/10/0/0/0,9204:1747647656936:,1747647670045
counter/10/0/0/0,9205:1747647656936:,1747647670045
counter/10/0/0/0,9206:1747647656936:,1747647670045
counter/7/0/0/0,9744:1747647657600:,1747647670045
counter/10/0/0/0,9207:1747647656936:,1747647670045
counter/7/0/0/0,9745:1747647657600:,1747647670045
counter/8/0/0/0,9961:1747647656887:,1747647670045
counter/10/0/0/0,9208:1747647656936:,1747647670045
counter/7/0/0/0,9746:1747647657600:,1747647670045
counter/10/0/0/0,9209:1747647656936:,1747647670045
counter/10/0/0/0,9210:1747647656936:,1747647670045
counter/5/0/0/0,9780:1747647656991:,1747647670045
counter/5/0/0/0,9781:1747647656991:,1747647670046
counter/6/0/0/0,9095:1747647657629:,1747647670046
counter/10/0/0/0,9211:1747647656936:,1747647670046
counter/10/0/0/0,9212:1747647656936:,1747647670046
counter/10/0/0/0,9213:1747647656936:,1747647670047
counter/10/0/0/0,9214:1747647656936:,1747647670047
counter/10/0/0/0,9215:1747647656936:,1747647670047
counter/10/0/0/0,9216:1747647656936:,1747647670047
counter/10/0/0/0,9217:1747647656938:,1747647670047
counter/1/0/0/0,11011:1747647658174:,1747647670047
counter/6/0/0/0,9096:1747647657629:,1747647670047
counter/6/0/0/0,9097:1747647657629:,1747647670047
counter/6/0/0/0,9098:1747647657629:,1747647670047
counter/6/0/0/0,9099:1747647657629:,1747647670047
counter/6/0/0/0,9100:1747647657629:,1747647670047
counter/6/0/0/0,9101:1747647657629:,1747647670047
counter/3/0/0/0,10479:1747647658011:,1747647670047
counter/9/0/0/0,10391:1747647657481:,1747647670048
counter/9/0/0/0,10392:1747647657481:,1747647670048
counter/9/0/0/0,10393:1747647657481:,1747647670048
counter/9/0/0/0,10394:1747647657481:,1747647670048
counter/9/0/0/0,10395:1747647657481:,1747647670048
counter/9/0/0/0,10396:1747647657481:,1747647670048
counter/4/0/0/0,10216:1747647658428:,1747647670048
counter/10/0/0/0,9218:1747647656939:,1747647670049
counter/10/0/0/0,9219:1747647656939:,1747647670049
counter/6/0/0/0,9102:1747647657629:,1747647670049
counter/3/0/0/0,10480:1747647658017:,1747647670050
counter/6/0/0/0,9103:1747647657630:,1747647670050
counter/6/0/0/0,9104:1747647657630:,1747647670050
counter/7/0/0/0,9747:1747647657604:,1747647670050
counter/7/0/0/0,9748:1747647657604:,1747647670050
counter/7/0/0/0,9749:1747647657604:,1747647670050
counter/7/0/0/0,9750:1747647657604:,1747647670050
counter/7/0/0/0,9751:1747647657604:,1747647670050
counter/7/0/0/0,9752:1747647657608:,1747647670050
counter/9/0/0/0,10397:1747647657481:,1747647670050
counter/9/0/0/0,10398:1747647657481:,1747647670050
counter/9/0/0/0,10399:1747647657481:,1747647670050
counter/9/0/0/0,10400:1747647657481:,1747647670050
counter/9/0/0/0,10401:1747647657481:,1747647670050
counter/9/0/0/0,10402:1747647657481:,1747647670050
counter/10/0/0/0,9220:1747647656939:,1747647670050
counter/5/0/0/0,9782:1747647656994:,1747647670051
counter/2/0/0/0,9692:1747647656507:,1747647670052
counter/5/0/0/0,9783:1747647656994:,1747647670052
counter/5/0/0/0,9784:1747647656994:,1747647670052
counter/5/0/0/0,9785:1747647656996:,1747647670052
counter/5/0/0/0,9786:1747647656996:,1747647670052
counter/5/0/0/0,9787:1747647656996:,1747647670052
counter/5/0/0/0,9788:1747647656996:,1747647670052
counter/5/0/0/0,9789:1747647656996:,1747647670052
counter/5/0/0/0,9790:1747647656996:,1747647670052
counter/5/0/0/0,9791:1747647656996:,1747647670052
counter/5/0/0/0,9792:1747647656996:,1747647670052
counter/1/0/0/0,11012:1747647658174:,1747647670053
counter/1/0/0/0,11013:1747647658175:,1747647670053
counter/1/0/0/0,11014:1747647658175:,1747647670053
counter/1/0/0/0,11015:1747647658175:,1747647670053
counter/8/0/0/0,9962:1747647656888:,1747647670053
counter/8/0/0/0,9963:1747647656888:,1747647670053
counter/8/0/0/0,9964:1747647656888:,1747647670053
counter/8/0/0/0,9965:1747647656888:,1747647670053
counter/8/0/0/0,9966:1747647656888:,1747647670053
counter/8/0/0/0,9967:1747647656888:,1747647670053
counter/8/0/0/0,9968:1747647656888:,1747647670053
counter/8/0/0/0,9969:1747647656888:,1747647670053
counter/8/0/0/0,9970:1747647656888:,1747647670053
counter/8/0/0/0,9971:1747647656888:,1747647670053
counter/7/0/0/0,9753:1747647657608:,1747647670053
counter/2/0/0/0,9693:1747647656507:,1747647670053
counter/4/0/0/0,10217:1747647658428:,1747647670054
counter/4/0/0/0,10218:1747647658428:,1747647670054
counter/4/0/0/0,10219:1747647658428:,1747647670054
counter/4/0/0/0,10220:1747647658429:,1747647670054
counter/8/0/0/0,9972:1747647656888:,1747647670056
counter/8/0/0/0,9973:1747647656888:,1747647670056
counter/8/0/0/0,9974:1747647656888:,1747647670056
counter/8/0/0/0,9975:1747647656888:,1747647670056
counter/8/0/0/0,9976:1747647656898:,1747647670056
counter/8/0/0/0,9977:1747647656898:,1747647670056
counter/8/0/0/0,9978:1747647656898:,1747647670056
counter/8/0/0/0,9979:1747647656898:,1747647670056
counter/8/0/0/0,9980:1747647656898:,1747647670056
counter/8/0/0/0,9981:1747647656919:,1747647670056
counter/8/0/0/0,9982:1747647656919:,1747647670056
counter/3/0/0/0,10481:1747647658020:,1747647670056
counter/6/0/0/0,9105:1747647657630:,1747647670057
counter/2/0/0/0,9694:1747647656507:,1747647670057
counter/7/0/0/0,9754:1747647657608:,1747647670057
counter/1/0/0/0,11016:1747647658175:,1747647670058
counter/8/0/0/0,9983:1747647656919:,1747647670058
counter/4/0/0/0,10221:1747647658429:,1747647670058
counter/4/0/0/0,10222:1747647658429:,1747647670058
counter/5/0/0/0,9793:1747647656996:,1747647670058
counter/4/0/0/0,10223:1747647658429:,1747647670058
counter/4/0/0/0,10224:1747647658444:,1747647670058
counter/4/0/0/0,10225:1747647658444:,1747647670058
counter/4/0/0/0,10226:1747647658444:,1747647670058
counter/4/0/0/0,10227:1747647658444:,1747647670059
counter/4/0/0/0,10228:1747647658444:,1747647670059
counter/4/0/0/0,10229:1747647658444:,1747647670059
counter/4/0/0/0,10230:1747647658445:,1747647670059
counter/4/0/0/0,10231:1747647658445:,1747647670059
counter/9/0/0/0,10403:1747647657486:,1747647670059
counter/9/0/0/0,10404:1747647657501:,1747647670059
counter/9/0/0/0,10405:1747647657501:,1747647670059
counter/9/0/0/0,10406:1747647657501:,1747647670059
counter/9/0/0/0,10407:1747647657501:,1747647670059
counter/9/0/0/0,10408:1747647657501:,1747647670059
counter/9/0/0/0,10409:1747647657507:,1747647670059
counter/9/0/0/0,10410:1747647657507:,1747647670059
counter/9/0/0/0,10411:1747647657507:,1747647670059
counter/9/0/0/0,10412:1747647657507:,1747647670059
counter/9/0/0/0,10413:1747647657507:,1747647670059
counter/10/0/0/0,9221:1747647656939:,1747647670059
counter/6/0/0/0,9106:1747647657630:,1747647670059
counter/4/0/0/0,10232:1747647658445:,1747647670059
counter/4/0/0/0,10233:1747647658445:,1747647670059
counter/1/0/0/0,11017:1747647658185:,1747647670059
counter/10/0/0/0,9222:1747647656940:,1747647670059
counter/1/0/0/0,11018:1747647658185:,1747647670059
counter/1/0/0/0,11019:1747647658186:,1747647670059
counter/1/0/0/0,11020:1747647658186:,1747647670059
counter/1/0/0/0,11021:1747647658186:,1747647670060
counter/1/0/0/0,11022:1747647658186:,1747647670060
counter/7/0/0/0,9755:1747647657608:,1747647670060
counter/2/0/0/0,9695:1747647656516:,1747647670060
counter/7/0/0/0,9756:1747647657608:,1747647670060
counter/6/0/0/0,9107:1747647657630:,1747647670061
counter/9/0/0/0,10414:1747647657507:,1747647670062
counter/9/0/0/0,10415:1747647657507:,1747647670062
counter/9/0/0/0,10416:1747647657507:,1747647670062
counter/6/0/0/0,9108:1747647657630:,1747647670062
counter/9/0/0/0,10417:1747647657507:,1747647670062
counter/9/0/0/0,10418:1747647657507:,1747647670062
counter/9/0/0/0,10419:1747647657508:,1747647670062
counter/9/0/0/0,10420:1747647657508:,1747647670062
counter/9/0/0/0,10421:1747647657508:,1747647670062
counter/9/0/0/0,10422:1747647657510:,1747647670062
counter/5/0/0/0,9794:1747647656996:,1747647670062
counter/2/0/0/0,9696:1747647656516:,1747647670064
counter/2/0/0/0,9697:1747647656516:,1747647670064
counter/2/0/0/0,9698:1747647656516:,1747647670064
counter/2/0/0/0,9699:1747647656516:,1747647670064
counter/2/0/0/0,9700:1747647656516:,1747647670064
counter/2/0/0/0,9701:1747647656516:,1747647670064
counter/2/0/0/0,9702:1747647656516:,1747647670064
counter/2/0/0/0,9703:1747647656516:,1747647670064
counter/2/0/0/0,9704:1747647656516:,1747647670064
counter/2/0/0/0,9705:1747647656516:,1747647670064
counter/2/0/0/0,9706:1747647656518:,1747647670065
counter/6/0/0/0,9109:1747647657630:,1747647670065
counter/1/0/0/0,11023:1747647658186:,1747647670065
counter/1/0/0/0,11024:1747647658186:,1747647670065
counter/2/0/0/0,9707:1747647656519:,1747647670065
counter/2/0/0/0,9708:1747647656519:,1747647670065
counter/2/0/0/0,9709:1747647656519:,1747647670065
counter/2/0/0/0,9710:1747647656519:,1747647670065
counter/2/0/0/0,9711:1747647656519:,1747647670065
counter/2/0/0/0,9712:1747647656519:,1747647670065
counter/2/0/0/0,9713:1747647656519:,1747647670065
counter/2/0/0/0,9714:1747647656519:,1747647670065
counter/2/0/0/0,9715:1747647656519:,1747647670065
counter/8/0/0/0,9984:1747647656919:,1747647670065
counter/8/0/0/0,9985:1747647656919:,1747647670065
counter/1/0/0/0,11025:1747647658186:,1747647670065
counter/1/0/0/0,11026:1747647658186:,1747647670066
counter/1/0/0/0,11027:1747647658186:,1747647670066
counter/1/0/0/0,11028:1747647658194:,1747647670066
counter/1/0/0/0,11029:1747647658194:,1747647670066
counter/1/0/0/0,11030:1747647658194:,1747647670066
counter/9/0/0/0,10423:1747647657517:,1747647670066
counter/2/0/0/0,9716:1747647656519:,1747647670066
counter/2/0/0/0,9717:1747647656519:,1747647670066
counter/2/0/0/0,9718:1747647656519:,1747647670066
counter/2/0/0/0,9719:1747647656520:,1747647670066
counter/2/0/0/0,9720:1747647656520:,1747647670066
counter/6/0/0/0,9110:1747647657631:,1747647670066
counter/6/0/0/0,9111:1747647657631:,1747647670067
counter/6/0/0/0,9112:1747647657631:,1747647670067
counter/6/0/0/0,9113:1747647657631:,1747647670067
counter/6/0/0/0,9114:1747647657631:,1747647670067
counter/6/0/0/0,9115:1747647657631:,1747647670067
counter/4/0/0/0,10234:1747647658445:,1747647670067
counter/4/0/0/0,10235:1747647658445:,1747647670067
counter/7/0/0/0,9757:1747647657608:,1747647670067
counter/9/0/0/0,10424:1747647657517:,1747647670067
counter/9/0/0/0,10425:1747647657517:,1747647670067
counter/9/0/0/0,10426:1747647657517:,1747647670067
counter/9/0/0/0,10427:1747647657517:,1747647670067
counter/9/0/0/0,10428:1747647657517:,1747647670067
counter/9/0/0/0,10429:1747647657517:,1747647670067
counter/9/0/0/0,10430:1747647657517:,1747647670067
counter/9/0/0/0,10431:1747647657517:,1747647670067
counter/9/0/0/0,10432:1747647657517:,1747647670067
counter/9/0/0/0,10433:1747647657517:,1747647670067
counter/9/0/0/0,10434:1747647657517:,1747647670067
counter/9/0/0/0,10435:1747647657519:,1747647670067
counter/4/0/0/0,10236:1747647658445:,1747647670067
counter/7/0/0/0,9758:1747647657608:,1747647670067
counter/9/0/0/0,10436:1747647657519:,1747647670067
counter/9/0/0/0,10437:1747647657524:,1747647670067
counter/5/0/0/0,9795:1747647656996:,1747647670067
counter/5/0/0/0,9796:1747647657002:,1747647670067
counter/6/0/0/0,9116:1747647657632:,1747647670068
counter/6/0/0/0,9117:1747647657632:,1747647670068
counter/8/0/0/0,9986:1747647656919:,1747647670068
counter/2/0/0/0,9721:1747647656520:,1747647670068
counter/2/0/0/0,9722:1747647656520:,1747647670068
counter/2/0/0/0,9723:1747647656531:,1747647670068
counter/1/0/0/0,11031:1747647658194:,1747647670068
counter/2/0/0/0,9724:1747647656531:,1747647670068
counter/5/0/0/0,9797:1747647657002:,1747647670068
counter/4/0/0/0,10237:1747647658449:,1747647670069
counter/4/0/0/0,10238:1747647658450:,1747647670069
counter/4/0/0/0,10239:1747647658450:,1747647670069
counter/4/0/0/0,10240:1747647658450:,1747647670069
counter/4/0/0/0,10241:1747647658450:,1747647670069
counter/4/0/0/0,10242:1747647658450:,1747647670069
counter/1/0/0/0,11032:1747647658194:,1747647670069
counter/4/0/0/0,10243:1747647658450:,1747647670069
counter/1/0/0/0,11033:1747647658197:,1747647670069
counter/4/0/0/0,10244:1747647658450:,1747647670069
counter/1/0/0/0,11034:1747647658197:,1747647670069
counter/3/0/0/0,10482:1747647658021:,1747647670070
counter/1/0/0/0,11035:1747647658204:,1747647670071
counter/1/0/0/0,11036:1747647658204:,1747647670071
counter/1/0/0/0,11037:1747647658204:,1747647670072
counter/1/0/0/0,11038:1747647658204:,1747647670072
counter/1/0/0/0,11039:1747647658204:,1747647670072
counter/1/0/0/0,11040:1747647658204:,1747647670072
counter/1/0/0/0,11041:1747647658204:,1747647670072
counter/6/0/0/0,9118:1747647657632:,1747647670072
counter/6/0/0/0,9119:1747647657632:,1747647670072
counter/6/0/0/0,9120:1747647657632:,1747647670072
counter/6/0/0/0,9121:1747647657632:,1747647670072
counter/6/0/0/0,9122:1747647657632:,1747647670072
counter/6/0/0/0,9123:1747647657639:,1747647670072
counter/6/0/0/0,9124:1747647657639:,1747647670072
counter/10/0/0/0,9223:1747647656940:,1747647670072
counter/4/0/0/0,10245:1747647658455:,1747647670073
counter/4/0/0/0,10246:1747647658467:,1747647670073
counter/4/0/0/0,10247:1747647658467:,1747647670073
counter/8/0/0/0,9987:1747647656919:,1747647670073
counter/8/0/0/0,9988:1747647656919:,1747647670073
counter/7/0/0/0,9759:1747647657608:,1747647670075
counter/5/0/0/0,9798:1747647657003:,1747647670075
counter/7/0/0/0,9760:1747647657608:,1747647670075
counter/5/0/0/0,9799:1747647657004:,1747647670075
counter/7/0/0/0,9761:1747647657609:,1747647670076
counter/7/0/0/0,9762:1747647657610:,1747647670076
counter/7/0/0/0,9763:1747647657610:,1747647670076
counter/8/0/0/0,9989:1747647656919:,1747647670076
counter/8/0/0/0,9990:1747647656919:,1747647670076
counter/8/0/0/0,9991:1747647656919:,1747647670076
counter/5/0/0/0,9800:1747647657004:,1747647670077
counter/7/0/0/0,9764:1747647657610:,1747647670077
counter/8/0/0/0,9992:1747647656919:,1747647670077
counter/7/0/0/0,9765:1747647657610:,1747647670077
counter/6/0/0/0,9125:1747647657646:,1747647670079
counter/6/0/0/0,9126:1747647657646:,1747647670079
counter/6/0/0/0,9127:1747647657646:,1747647670080
counter/5/0/0/0,9801:1747647657004:,1747647670080
counter/6/0/0/0,9128:1747647657646:,1747647670080
counter/5/0/0/0,9802:1747647657004:,1747647670080
counter/3/0/0/0,10483:1747647658021:,1747647670080
counter/3/0/0/0,10484:1747647658021:,1747647670081
counter/3/0/0/0,10485:1747647658021:,1747647670081
counter/4/0/0/0,10248:1747647658468:,1747647670082
counter/6/0/0/0,9129:1747647657646:,1747647670082
counter/6/0/0/0,9130:1747647657655:,1747647670082
counter/2/0/0/0,9725:1747647656531:,1747647670082
counter/2/0/0/0,9726:1747647656531:,1747647670082
counter/2/0/0/0,9727:1747647656540:,1747647670082
counter/2/0/0/0,9728:1747647656540:,1747647670083
counter/2/0/0/0,9729:1747647656540:,1747647670083
counter/2/0/0/0,9730:1747647656540:,1747647670083
counter/2/0/0/0,9731:1747647656540:,1747647670083
counter/2/0/0/0,9732:1747647656540:,1747647670083
counter/2/0/0/0,9733:1747647656540:,1747647670083
counter/2/0/0/0,9734:1747647656540:,1747647670083
counter/1/0/0/0,11042:1747647658204:,1747647670083
counter/2/0/0/0,9735:1747647656540:,1747647670083
counter/2/0/0/0,9736:1747647656540:,1747647670083
counter/8/0/0/0,9993:1747647656919:,1747647670084
counter/8/0/0/0,9994:1747647656919:,1747647670084
counter/8/0/0/0,9995:1747647656919:,1747647670084
counter/8/0/0/0,9996:1747647656919:,1747647670084
counter/8/0/0/0,9997:1747647656919:,1747647670085
counter/4/0/0/0,10249:1747647658468:,1747647670085
counter/2/0/0/0,9737:1747647656540:,1747647670085
counter/2/0/0/0,9738:1747647656541:,1747647670085
counter/2/0/0/0,9739:1747647656543:,1747647670085
counter/2/0/0/0,9740:1747647656543:,1747647670085
counter/2/0/0/0,9741:1747647656543:,1747647670085
counter/2/0/0/0,9742:1747647656543:,1747647670085
counter/8/0/0/0,9998:1747647656919:,1747647670086
counter/8/0/0/0,9999:1747647656919:,1747647670086
counter/8/0/0/0,10000:1747647656919:,1747647670086
counter/8/0/0/0,10001:1747647656919:,1747647670086
counter/8/0/0/0,10002:1747647656919:,1747647670086
counter/8/0/0/0,10003:1747647656919:,1747647670086
counter/8/0/0/0,10004:1747647656919:,1747647670086
counter/8/0/0/0,10005:1747647656920:,1747647670087
counter/4/0/0/0,10250:1747647658468:,1747647670087
counter/8/0/0/0,10006:1747647656920:,1747647670087
counter/1/0/0/0,11043:1747647658204:,1747647670087
counter/8/0/0/0,10007:1747647656929:,1747647670087
counter/1/0/0/0,11044:1747647658212:,1747647670087
counter/8/0/0/0,10008:1747647656929:,1747647670087
counter/1/0/0/0,11045:1747647658212:,1747647670087
counter/8/0/0/0,10009:1747647656929:,1747647670087
counter/10/0/0/0,9224:1747647656940:,1747647670087
counter/10/0/0/0,9225:1747647656940:,1747647670087
counter/10/0/0/0,9226:1747647656940:,1747647670088
counter/7/0/0/0,9766:1747647657610:,1747647670088
counter/8/0/0/0,10010:1747647656929:,1747647670089
counter/2/0/0/0,9743:1747647656543:,1747647670089
counter/8/0/0/0,10011:1747647656929:,1747647670089
counter/2/0/0/0,9744:1747647656543:,1747647670089
counter/2/0/0/0,9745:1747647656543:,1747647670089
counter/5/0/0/0,9803:1747647657004:,1747647670089
counter/2/0/0/0,9746:1747647656543:,1747647670089
counter/2/0/0/0,9747:1747647656543:,1747647670089
counter/2/0/0/0,9748:1747647656543:,1747647670089
counter/2/0/0/0,9749:1747647656543:,1747647670089
counter/2/0/0/0,9750:1747647656543:,1747647670089
counter/3/0/0/0,10486:1747647658021:,1747647670089
counter/4/0/0/0,10251:1747647658468:,1747647670089
counter/7/0/0/0,9767:1747647657610:,1747647670089
counter/2/0/0/0,9751:1747647656543:,1747647670089
counter/2/0/0/0,9752:1747647656543:,1747647670089
counter/2/0/0/0,9753:1747647656543:,1747647670090
counter/2/0/0/0,9754:1747647656543:,1747647670090
counter/2/0/0/0,9755:1747647656543:,1747647670090
counter/2/0/0/0,9756:1747647656543:,1747647670090
counter/2/0/0/0,9757:1747647656544:,1747647670090
counter/2/0/0/0,9758:1747647656544:,1747647670090
counter/2/0/0/0,9759:1747647656545:,1747647670090
counter/10/0/0/0,9227:1747647656940:,1747647670090
counter/4/0/0/0,10252:1747647658468:,1747647670090
counter/8/0/0/0,10012:1747647656940:,1747647670090
counter/3/0/0/0,10487:1747647658021:,1747647670091
counter/3/0/0/0,10488:1747647658021:,1747647670091
counter/3/0/0/0,10489:1747647658021:,1747647670091
counter/3/0/0/0,10490:1747647658021:,1747647670091
counter/3/0/0/0,10491:1747647658021:,1747647670091
counter/3/0/0/0,10492:1747647658021:,1747647670091
counter/3/0/0/0,10493:1747647658021:,1747647670091
counter/1/0/0/0,11046:1747647658212:,1747647670091
counter/5/0/0/0,9804:1747647657004:,1747647670092
counter/6/0/0/0,9131:1747647657655:,1747647670092
counter/6/0/0/0,9132:1747647657663:,1747647670092
counter/6/0/0/0,9133:1747647657663:,1747647670092
counter/6/0/0/0,9134:1747647657663:,1747647670093
counter/3/0/0/0,10494:1747647658021:,1747647670093
counter/3/0/0/0,10495:1747647658021:,1747647670093
counter/3/0/0/0,10496:1747647658021:,1747647670093
counter/3/0/0/0,10497:1747647658021:,1747647670093
counter/5/0/0/0,9805:1747647657008:,1747647670093
counter/5/0/0/0,9806:1747647657008:,1747647670093
counter/5/0/0/0,9807:1747647657013:,1747647670093
counter/5/0/0/0,9808:1747647657013:,1747647670093
counter/2/0/0/0,9760:1747647656545:,1747647670093
counter/6/0/0/0,9135:1747647657663:,1747647670093
counter/6/0/0/0,9136:1747647657663:,1747647670093
counter/6/0/0/0,9137:1747647657663:,1747647670093
counter/6/0/0/0,9138:1747647657663:,1747647670094
counter/6/0/0/0,9139:1747647657663:,1747647670094
counter/6/0/0/0,9140:1747647657663:,1747647670094
counter/6/0/0/0,9141:1747647657663:,1747647670094
counter/7/0/0/0,9768:1747647657610:,1747647670094
counter/7/0/0/0,9769:1747647657614:,1747647670094
counter/7/0/0/0,9770:1747647657618:,1747647670094
counter/7/0/0/0,9771:1747647657618:,1747647670094
counter/7/0/0/0,9772:1747647657619:,1747647670094
counter/7/0/0/0,9773:1747647657619:,1747647670094
counter/7/0/0/0,9774:1747647657619:,1747647670094
counter/7/0/0/0,9775:1747647657619:,1747647670095
counter/7/0/0/0,9776:1747647657619:,1747647670095
counter/7/0/0/0,9777:1747647657619:,1747647670095
counter/7/0/0/0,9778:1747647657619:,1747647670095
counter/7/0/0/0,9779:1747647657619:,1747647670095
counter/7/0/0/0,9780:1747647657619:,1747647670095
counter/7/0/0/0,9781:1747647657619:,1747647670095
counter/9/0/0/0,10438:1747647657525:,1747647670096
counter/4/0/0/0,10253:1747647658468:,1747647670096
counter/8/0/0/0,10013:1747647656941:,1747647670097
counter/4/0/0/0,10254:1747647658468:,1747647670097
counter/5/0/0/0,9809:1747647657013:,1747647670097
counter/4/0/0/0,10255:1747647658468:,1747647670097
counter/4/0/0/0,10256:1747647658468:,1747647670097
counter/7/0/0/0,9782:1747647657619:,1747647670097
counter/6/0/0/0,9142:1747647657663:,1747647670097
counter/6/0/0/0,9143:1747647657663:,1747647670097
counter/6/0/0/0,9144:1747647657663:,1747647670097
counter/6/0/0/0,9145:1747647657663:,1747647670097
counter/6/0/0/0,9146:1747647657663:,1747647670097
counter/4/0/0/0,10257:1747647658468:,1747647670098
counter/10/0/0/0,9228:1747647656961:,1747647670098
counter/8/0/0/0,10014:1747647656943:,1747647670098
counter/8/0/0/0,10015:1747647656943:,1747647670099
counter/8/0/0/0,10016:1747647656943:,1747647670099
counter/3/0/0/0,10498:1747647658030:,1747647670099
counter/4/0/0/0,10258:1747647658468:,1747647670099
counter/7/0/0/0,9783:1747647657619:,1747647670099
counter/7/0/0/0,9784:1747647657623:,1747647670099
counter/7/0/0/0,9785:1747647657623:,1747647670100
counter/7/0/0/0,9786:1747647657623:,1747647670100
counter/7/0/0/0,9787:1747647657623:,1747647670100
counter/6/0/0/0,9147:1747647657663:,1747647670100
counter/4/0/0/0,10259:1747647658498:,1747647670100
counter/6/0/0/0,9148:1747647657676:,1747647670100
counter/6/0/0/0,9149:1747647657676:,1747647670101
counter/6/0/0/0,9150:1747647657676:,1747647670101
counter/6/0/0/0,9151:1747647657676:,1747647670101
counter/2/0/0/0,9761:1747647656545:,1747647670102
counter/1/0/0/0,11047:1747647658217:,1747647670102
counter/8/0/0/0,10017:1747647656943:,1747647670102
counter/8/0/0/0,10018:1747647656944:,1747647670102
counter/7/0/0/0,9788:1747647657623:,1747647670102
counter/3/0/0/0,10499:1747647658030:,1747647670102
counter/10/0/0/0,9229:1747647656961:,1747647670102
counter/10/0/0/0,9230:1747647656961:,1747647670102
counter/10/0/0/0,9231:1747647656961:,1747647670102
counter/10/0/0/0,9232:1747647656961:,1747647670102
counter/10/0/0/0,9233:1747647656961:,1747647670102
counter/5/0/0/0,9810:1747647657013:,1747647670102
counter/5/0/0/0,9811:1747647657013:,1747647670102
counter/5/0/0/0,9812:1747647657013:,1747647670102
counter/5/0/0/0,9813:1747647657014:,1747647670102
counter/5/0/0/0,9814:1747647657014:,1747647670102
counter/2/0/0/0,9762:1747647656545:,1747647670103
counter/6/0/0/0,9152:1747647657676:,1747647670103
counter/6/0/0/0,9153:1747647657676:,1747647670103
counter/5/0/0/0,9815:1747647657014:,1747647670104
counter/7/0/0/0,9789:1747647657628:,1747647670105
counter/2/0/0/0,9763:1747647656545:,1747647670112
counter/6/0/0/0,9154:1747647657676:,1747647670113
counter/6/0/0/0,9155:1747647657676:,1747647670113
counter/6/0/0/0,9156:1747647657676:,1747647670113
counter/6/0/0/0,9157:1747647657676:,1747647670113
counter/6/0/0/0,9158:1747647657676:,1747647670113
counter/6/0/0/0,9159:1747647657680:,1747647670113
counter/6/0/0/0,9160:1747647657680:,1747647670113
counter/6/0/0/0,9161:1747647657680:,1747647670113
counter/6/0/0/0,9162:1747647657680:,1747647670113
counter/6/0/0/0,9163:1747647657680:,1747647670113
counter/6/0/0/0,9164:1747647657680:,1747647670113
counter/6/0/0/0,9165:1747647657680:,1747647670113
counter/6/0/0/0,9166:1747647657680:,1747647670114
counter/3/0/0/0,10500:1747647658030:,1747647670115
counter/2/0/0/0,9764:1747647656545:,1747647670116
counter/8/0/0/0,10019:1747647656944:,1747647670117
counter/8/0/0/0,10020:1747647656944:,1747647670117
counter/8/0/0/0,10021:1747647656944:,1747647670117
counter/8/0/0/0,10022:1747647656945:,1747647670117
counter/8/0/0/0,10023:1747647656945:,1747647670118
counter/8/0/0/0,10024:1747647656945:,1747647670118
counter/2/0/0/0,9765:1747647656545:,1747647670118
counter/7/0/0/0,9790:1747647657628:,1747647670118
counter/2/0/0/0,9766:1747647656545:,1747647670118
counter/2/0/0/0,9767:1747647656545:,1747647670118
counter/2/0/0/0,9768:1747647656545:,1747647670118
counter/2/0/0/0,9769:1747647656545:,1747647670118
counter/2/0/0/0,9770:1747647656545:,1747647670118
counter/8/0/0/0,10025:1747647656945:,1747647670118
counter/8/0/0/0,10026:1747647656945:,1747647670119
counter/8/0/0/0,10027:1747647656945:,1747647670119
counter/8/0/0/0,10028:1747647656945:,1747647670119
counter/7/0/0/0,9791:1747647657628:,1747647670119
counter/2/0/0/0,9771:1747647656549:,1747647670119
counter/2/0/0/0,9772:1747647656549:,1747647670119
counter/2/0/0/0,9773:1747647656549:,1747647670119
counter/2/0/0/0,9774:1747647656549:,1747647670119
counter/2/0/0/0,9775:1747647656549:,1747647670119
counter/9/0/0/0,10439:1747647657525:,1747647670120
counter/9/0/0/0,10440:1747647657526:,1747647670120
counter/9/0/0/0,10441:1747647657528:,1747647670120
counter/5/0/0/0,9816:1747647657014:,1747647670120
counter/6/0/0/0,9167:1747647657680:,1747647670120
counter/6/0/0/0,9168:1747647657684:,1747647670120
counter/6/0/0/0,9169:1747647657693:,1747647670120
counter/6/0/0/0,9170:1747647657694:,1747647670120
counter/6/0/0/0,9171:1747647657695:,1747647670120
counter/6/0/0/0,9172:1747647657695:,1747647670120
counter/6/0/0/0,9173:1747647657695:,1747647670120
counter/8/0/0/0,10029:1747647656945:,1747647670121
counter/4/0/0/0,10260:1747647658498:,1747647670121
counter/2/0/0/0,9776:1747647656549:,1747647670122
counter/2/0/0/0,9777:1747647656549:,1747647670122
counter/2/0/0/0,9778:1747647656549:,1747647670122
counter/2/0/0/0,9779:1747647656549:,1747647670122
counter/2/0/0/0,9780:1747647656549:,1747647670122
counter/2/0/0/0,9781:1747647656549:,1747647670122
counter/1/0/0/0,11048:1747647658217:,1747647670122
counter/2/0/0/0,9782:1747647656549:,1747647670123
counter/2/0/0/0,9783:1747647656549:,1747647670123
counter/2/0/0/0,9784:1747647656558:,1747647670123
counter/2/0/0/0,9785:1747647656563:,1747647670123
counter/2/0/0/0,9786:1747647656563:,1747647670123
counter/2/0/0/0,9787:1747647656563:,1747647670123
counter/2/0/0/0,9788:1747647656563:,1747647670123
counter/2/0/0/0,9789:1747647656563:,1747647670123
counter/2/0/0/0,9790:1747647656563:,1747647670124
counter/2/0/0/0,9791:1747647656563:,1747647670124
counter/2/0/0/0,9792:1747647656563:,1747647670124
counter/1/0/0/0,11049:1747647658217:,1747647670125
counter/10/0/0/0,9234:1747647656961:,1747647670126
counter/2/0/0/0,9793:1747647656569:,1747647670126
counter/1/0/0/0,11050:1747647658217:,1747647670126
counter/10/0/0/0,9235:1747647656961:,1747647670127
counter/5/0/0/0,9817:1747647657014:,1747647670127
counter/9/0/0/0,10442:1747647657528:,1747647670127
counter/5/0/0/0,9818:1747647657014:,1747647670127
counter/4/0/0/0,10261:1747647658498:,1747647670128
counter/2/0/0/0,9794:1747647656573:,1747647670128
counter/2/0/0/0,9795:1747647656573:,1747647670128
counter/2/0/0/0,9796:1747647656573:,1747647670128
counter/2/0/0/0,9797:1747647656573:,1747647670128
counter/2/0/0/0,9798:1747647656573:,1747647670128
counter/2/0/0/0,9799:1747647656573:,1747647670128
counter/2/0/0/0,9800:1747647656573:,1747647670129
counter/2/0/0/0,9801:1747647656573:,1747647670129
counter/2/0/0/0,9802:1747647656573:,1747647670129
counter/2/0/0/0,9803:1747647656573:,1747647670129
counter/10/0/0/0,9236:1747647656977:,1747647670129
counter/7/0/0/0,9792:1747647657628:,1747647670129
counter/7/0/0/0,9793:1747647657628:,1747647670130
counter/9/0/0/0,10443:1747647657528:,1747647670130
counter/9/0/0/0,10444:1747647657529:,1747647670130
counter/9/0/0/0,10445:1747647657529:,1747647670130
counter/8/0/0/0,10030:1747647656945:,1747647670130
counter/5/0/0/0,9819:1747647657017:,1747647670130
counter/9/0/0/0,10446:1747647657529:,1747647670131
counter/1/0/0/0,11051:1747647658217:,1747647670131
counter/1/0/0/0,11052:1747647658217:,1747647670131
counter/1/0/0/0,11053:1747647658217:,1747647670131
counter/2/0/0/0,9804:1747647656573:,1747647670132
counter/4/0/0/0,10262:1747647658498:,1747647670133
counter/7/0/0/0,9794:1747647657628:,1747647670133
counter/7/0/0/0,9795:1747647657628:,1747647670133
counter/7/0/0/0,9796:1747647657630:,1747647670133
counter/7/0/0/0,9797:1747647657630:,1747647670133
counter/7/0/0/0,9798:1747647657630:,1747647670133
counter/7/0/0/0,9799:1747647657630:,1747647670133
counter/7/0/0/0,9800:1747647657630:,1747647670133
counter/7/0/0/0,9801:1747647657630:,1747647670133
counter/7/0/0/0,9802:1747647657630:,1747647670134
counter/7/0/0/0,9803:1747647657630:,1747647670134
counter/7/0/0/0,9804:1747647657636:,1747647670134
counter/7/0/0/0,9805:1747647657637:,1747647670134
counter/7/0/0/0,9806:1747647657637:,1747647670134
counter/5/0/0/0,9820:1747647657017:,1747647670134
counter/9/0/0/0,10447:1747647657529:,1747647670134
counter/6/0/0/0,9174:1747647657695:,1747647670134
counter/6/0/0/0,9175:1747647657695:,1747647670134
counter/2/0/0/0,9805:1747647656573:,1747647670135
counter/2/0/0/0,9806:1747647656573:,1747647670135
counter/2/0/0/0,9807:1747647656573:,1747647670135
counter/2/0/0/0,9808:1747647656580:,1747647670135
counter/4/0/0/0,10263:1747647658498:,1747647670135
counter/3/0/0/0,10501:1747647658030:,1747647670135
counter/3/0/0/0,10502:1747647658030:,1747647670135
counter/3/0/0/0,10503:1747647658030:,1747647670135
counter/3/0/0/0,10504:1747647658032:,1747647670135
counter/6/0/0/0,9176:1747647657695:,1747647670135
counter/3/0/0/0,10505:1747647658032:,1747647670135
counter/3/0/0/0,10506:1747647658032:,1747647670135
counter/10/0/0/0,9237:1747647656977:,1747647670136
counter/7/0/0/0,9807:1747647657637:,1747647670136
counter/1/0/0/0,11054:1747647658217:,1747647670136
counter/3/0/0/0,10507:1747647658032:,1747647670137
counter/8/0/0/0,10031:1747647656945:,1747647670137
counter/9/0/0/0,10448:1747647657530:,1747647670137
counter/2/0/0/0,9809:1747647656580:,1747647670137
counter/7/0/0/0,9808:1747647657637:,1747647670138
counter/9/0/0/0,10449:1747647657530:,1747647670139
counter/2/0/0/0,9810:1747647656580:,1747647670139
counter/4/0/0/0,10264:1747647658500:,1747647670139
counter/10/0/0/0,9238:1747647656982:,1747647670139
counter/5/0/0/0,9821:1747647657017:,1747647670139
counter/7/0/0/0,9809:1747647657637:,1747647670139
counter/4/0/0/0,10265:1747647658500:,1747647670140
counter/10/0/0/0,9239:1747647656982:,1747647670140
counter/10/0/0/0,9240:1747647656982:,1747647670140
counter/10/0/0/0,9241:1747647656982:,1747647670140
counter/1/0/0/0,11055:1747647658217:,1747647670140
counter/1/0/0/0,11056:1747647658217:,1747647670140
counter/1/0/0/0,11057:1747647658217:,1747647670140
counter/1/0/0/0,11058:1747647658217:,1747647670140
counter/1/0/0/0,11059:1747647658218:,1747647670140
counter/1/0/0/0,11060:1747647658218:,1747647670140
counter/1/0/0/0,11061:1747647658218:,1747647670140
counter/1/0/0/0,11062:1747647658218:,1747647670140
counter/1/0/0/0,11063:1747647658218:,1747647670140
counter/1/0/0/0,11064:1747647658218:,1747647670140
counter/1/0/0/0,11065:1747647658221:,1747647670140
counter/1/0/0/0,11066:1747647658221:,1747647670140
counter/1/0/0/0,11067:1747647658221:,1747647670141
counter/7/0/0/0,9810:1747647657637:,1747647670141
counter/1/0/0/0,11068:1747647658221:,1747647670143
counter/4/0/0/0,10266:1747647658500:,1747647670143
counter/5/0/0/0,9822:1747647657030:,1747647670144
counter/4/0/0/0,10267:1747647658500:,1747647670144
counter/3/0/0/0,10508:1747647658032:,1747647670144
counter/3/0/0/0,10509:1747647658032:,1747647670144
counter/3/0/0/0,10510:1747647658032:,1747647670145
counter/9/0/0/0,10450:1747647657530:,1747647670145
counter/2/0/0/0,9811:1747647656580:,1747647670145
counter/4/0/0/0,10268:1747647658500:,1747647670145
counter/3/0/0/0,10511:1747647658032:,1747647670146
counter/1/0/0/0,11069:1747647658221:,1747647670146
counter/3/0/0/0,10512:1747647658032:,1747647670146
counter/8/0/0/0,10032:1747647656945:,1747647670147
counter/8/0/0/0,10033:1747647656945:,1747647670147
counter/9/0/0/0,10451:1747647657530:,1747647670147
counter/9/0/0/0,10452:1747647657530:,1747647670147
counter/9/0/0/0,10453:1747647657533:,1747647670147
counter/2/0/0/0,9812:1747647656580:,1747647670147
counter/2/0/0/0,9813:1747647656592:,1747647670147
counter/1/0/0/0,11070:1747647658221:,1747647670147
counter/8/0/0/0,10034:1747647656945:,1747647670148
counter/8/0/0/0,10035:1747647656945:,1747647670149
counter/2/0/0/0,9814:1747647656592:,1747647670149
counter/10/0/0/0,9242:1747647656982:,1747647670149
counter/6/0/0/0,9177:1747647657695:,1747647670149
counter/6/0/0/0,9178:1747647657706:,1747647670149
counter/5/0/0/0,9823:1747647657030:,1747647670150
counter/1/0/0/0,11071:1747647658221:,1747647670150
counter/1/0/0/0,11072:1747647658221:,1747647670150
counter/4/0/0/0,10269:1747647658500:,1747647670150
counter/1/0/0/0,11073:1747647658222:,1747647670151
counter/1/0/0/0,11074:1747647658222:,1747647670151
counter/4/0/0/0,10270:1747647658500:,1747647670151
counter/5/0/0/0,9824:1747647657030:,1747647670152
counter/7/0/0/0,9811:1747647657637:,1747647670153
counter/3/0/0/0,10513:1747647658032:,1747647670154
counter/2/0/0/0,9815:1747647656592:,1747647670154
counter/2/0/0/0,9816:1747647656592:,1747647670154
counter/2/0/0/0,9817:1747647656592:,1747647670154
counter/2/0/0/0,9818:1747647656592:,1747647670154
counter/1/0/0/0,11075:1747647658222:,1747647670154
counter/6/0/0/0,9179:1747647657706:,1747647670154
counter/6/0/0/0,9180:1747647657706:,1747647670154
counter/4/0/0/0,10271:1747647658500:,1747647670154
counter/4/0/0/0,10272:1747647658501:,1747647670154
counter/4/0/0/0,10273:1747647658501:,1747647670154
counter/4/0/0/0,10274:1747647658501:,1747647670155
counter/4/0/0/0,10275:1747647658501:,1747647670155
counter/4/0/0/0,10276:1747647658501:,1747647670155
counter/4/0/0/0,10277:1747647658501:,1747647670155
counter/3/0/0/0,10514:1747647658032:,1747647670155
counter/2/0/0/0,9819:1747647656592:,1747647670155
counter/3/0/0/0,10515:1747647658038:,1747647670155
counter/2/0/0/0,9820:1747647656592:,1747647670155
counter/2/0/0/0,9821:1747647656592:,1747647670155
counter/2/0/0/0,9822:1747647656592:,1747647670155
counter/3/0/0/0,10516:1747647658038:,1747647670156
counter/2/0/0/0,9823:1747647656592:,1747647670156
counter/2/0/0/0,9824:1747647656592:,1747647670156
counter/2/0/0/0,9825:1747647656592:,1747647670156
counter/2/0/0/0,9826:1747647656595:,1747647670157
counter/2/0/0/0,9827:1747647656596:,1747647670157
counter/2/0/0/0,9828:1747647656596:,1747647670157
counter/8/0/0/0,10036:1747647656945:,1747647670157
counter/4/0/0/0,10278:1747647658502:,1747647670157
counter/4/0/0/0,10279:1747647658502:,1747647670157
counter/4/0/0/0,10280:1747647658503:,1747647670157
counter/4/0/0/0,10281:1747647658503:,1747647670157
counter/4/0/0/0,10282:1747647658503:,1747647670158
counter/4/0/0/0,10283:1747647658503:,1747647670158
counter/4/0/0/0,10284:1747647658503:,1747647670158
counter/4/0/0/0,10285:1747647658503:,1747647670158
counter/4/0/0/0,10286:1747647658504:,1747647670158
counter/6/0/0/0,9181:1747647657706:,1747647670158
counter/9/0/0/0,10454:1747647657533:,1747647670158
counter/9/0/0/0,10455:1747647657533:,1747647670158
counter/7/0/0/0,9812:1747647657644:,1747647670158
counter/4/0/0/0,10287:1747647658504:,1747647670158
counter/4/0/0/0,10288:1747647658504:,1747647670158
counter/4/0/0/0,10289:1747647658513:,1747647670158
counter/4/0/0/0,10290:1747647658513:,1747647670159
counter/4/0/0/0,10291:1747647658513:,1747647670159
counter/4/0/0/0,10292:1747647658514:,1747647670159
counter/4/0/0/0,10293:1747647658521:,1747647670159
counter/1/0/0/0,11076:1747647658223:,1747647670159
counter/1/0/0/0,11077:1747647658223:,1747647670159
counter/1/0/0/0,11078:1747647658223:,1747647670159
counter/1/0/0/0,11079:1747647658223:,1747647670159
counter/6/0/0/0,9182:1747647657706:,1747647670160
counter/6/0/0/0,9183:1747647657706:,1747647670160
counter/6/0/0/0,9184:1747647657707:,1747647670160
counter/6/0/0/0,9185:1747647657707:,1747647670160
counter/6/0/0/0,9186:1747647657707:,1747647670160
counter/6/0/0/0,9187:1747647657707:,1747647670160
counter/6/0/0/0,9188:1747647657707:,1747647670160
counter/6/0/0/0,9189:1747647657707:,1747647670160
counter/6/0/0/0,9190:1747647657707:,1747647670160
counter/6/0/0/0,9191:1747647657707:,1747647670160
counter/3/0/0/0,10517:1747647658038:,1747647670160
counter/10/0/0/0,9243:1747647656982:,1747647670160
counter/10/0/0/0,9244:1747647656982:,1747647670161
counter/10/0/0/0,9245:1747647656984:,1747647670161
counter/10/0/0/0,9246:1747647656993:,1747647670161
counter/10/0/0/0,9247:1747647656993:,1747647670161
counter/10/0/0/0,9248:1747647656993:,1747647670161
counter/4/0/0/0,10294:1747647658521:,1747647670161
counter/4/0/0/0,10295:1747647658521:,1747647670161
counter/4/0/0/0,10296:1747647658521:,1747647670161
counter/4/0/0/0,10297:1747647658521:,1747647670161
counter/4/0/0/0,10298:1747647658521:,1747647670161
counter/4/0/0/0,10299:1747647658521:,1747647670162
counter/4/0/0/0,10300:1747647658521:,1747647670162
counter/4/0/0/0,10301:1747647658521:,1747647670162
counter/10/0/0/0,9249:1747647656993:,1747647670162
counter/10/0/0/0,9250:1747647656993:,1747647670162
counter/10/0/0/0,9251:1747647656993:,1747647670162
counter/10/0/0/0,9252:1747647656993:,1747647670162
counter/10/0/0/0,9253:1747647656998:,1747647670162
counter/10/0/0/0,9254:1747647656998:,1747647670162
counter/10/0/0/0,9255:1747647656998:,1747647670162
counter/10/0/0/0,9256:1747647657002:,1747647670162
counter/10/0/0/0,9257:1747647657002:,1747647670162
counter/10/0/0/0,9258:1747647657002:,1747647670163
counter/10/0/0/0,9259:1747647657005:,1747647670163
counter/9/0/0/0,10456:1747647657533:,1747647670163
counter/8/0/0/0,10037:1747647656945:,1747647670165
counter/8/0/0/0,10038:1747647656945:,1747647670165
counter/8/0/0/0,10039:1747647656946:,1747647670165
counter/8/0/0/0,10040:1747647656948:,1747647670165
counter/8/0/0/0,10041:1747647656948:,1747647670165
counter/8/0/0/0,10042:1747647656948:,1747647670165
counter/8/0/0/0,10043:1747647656948:,1747647670165
counter/8/0/0/0,10044:1747647656948:,1747647670165
counter/8/0/0/0,10045:1747647656948:,1747647670165
counter/10/0/0/0,9260:1747647657011:,1747647670165
counter/7/0/0/0,9813:1747647657644:,1747647670165
counter/9/0/0/0,10457:1747647657533:,1747647670166
counter/9/0/0/0,10458:1747647657533:,1747647670166
counter/9/0/0/0,10459:1747647657533:,1747647670166
counter/9/0/0/0,10460:1747647657533:,1747647670166
counter/5/0/0/0,9825:1747647657030:,1747647670166
counter/1/0/0/0,11080:1747647658223:,1747647670166
counter/9/0/0/0,10461:1747647657533:,1747647670166
counter/5/0/0/0,9826:1747647657030:,1747647670166
counter/8/0/0/0,10046:1747647656948:,1747647670167
counter/1/0/0/0,11081:1747647658223:,1747647670168
counter/1/0/0/0,11082:1747647658223:,1747647670168
counter/1/0/0/0,11083:1747647658223:,1747647670168
counter/1/0/0/0,11084:1747647658223:,1747647670168
counter/1/0/0/0,11085:1747647658223:,1747647670168
counter/6/0/0/0,9192:1747647657707:,1747647670168
counter/2/0/0/0,9829:1747647656596:,1747647670169
counter/7/0/0/0,9814:1747647657644:,1747647670170
counter/9/0/0/0,10462:1747647657537:,1747647670170
counter/7/0/0/0,9815:1747647657644:,1747647670170
counter/2/0/0/0,9830:1747647656596:,1747647670171
counter/2/0/0/0,9831:1747647656596:,1747647670171
counter/2/0/0/0,9832:1747647656596:,1747647670171
counter/2/0/0/0,9833:1747647656596:,1747647670171
counter/1/0/0/0,11086:1747647658223:,1747647670172
counter/2/0/0/0,9834:1747647656596:,1747647670172
counter/6/0/0/0,9193:1747647657707:,1747647670172
counter/1/0/0/0,11087:1747647658223:,1747647670172
counter/1/0/0/0,11088:1747647658223:,1747647670172
counter/1/0/0/0,11089:1747647658223:,1747647670173
counter/10/0/0/0,9261:1747647657011:,1747647670173
counter/1/0/0/0,11090:1747647658233:,1747647670173
counter/4/0/0/0,10302:1747647658521:,1747647670173
counter/7/0/0/0,9816:1747647657647:,1747647670173
counter/7/0/0/0,9817:1747647657647:,1747647670173
counter/7/0/0/0,9818:1747647657647:,1747647670173
counter/7/0/0/0,9819:1747647657647:,1747647670173
counter/7/0/0/0,9820:1747647657647:,1747647670173
counter/7/0/0/0,9821:1747647657647:,1747647670173
counter/10/0/0/0,9262:1747647657011:,1747647670174
counter/10/0/0/0,9263:1747647657011:,1747647670174
counter/10/0/0/0,9264:1747647657011:,1747647670175
counter/5/0/0/0,9827:1747647657030:,1747647670180
counter/5/0/0/0,9828:1747647657030:,1747647670180
counter/5/0/0/0,9829:1747647657030:,1747647670180
counter/5/0/0/0,9830:1747647657030:,1747647670180
counter/6/0/0/0,9194:1747647657707:,1747647670180
counter/5/0/0/0,9831:1747647657030:,1747647670180
counter/6/0/0/0,9195:1747647657707:,1747647670181
counter/5/0/0/0,9832:1747647657030:,1747647670181
counter/6/0/0/0,9196:1747647657707:,1747647670181
counter/6/0/0/0,9197:1747647657707:,1747647670181
counter/6/0/0/0,9198:1747647657707:,1747647670181
counter/6/0/0/0,9199:1747647657708:,1747647670181
counter/6/0/0/0,9200:1747647657722:,1747647670181
counter/6/0/0/0,9201:1747647657722:,1747647670181
counter/6/0/0/0,9202:1747647657722:,1747647670181
counter/6/0/0/0,9203:1747647657722:,1747647670181
counter/9/0/0/0,10463:1747647657537:,1747647670181
counter/1/0/0/0,11091:1747647658233:,1747647670182
counter/1/0/0/0,11092:1747647658233:,1747647670182
counter/1/0/0/0,11093:1747647658233:,1747647670182
counter/9/0/0/0,10464:1747647657537:,1747647670182
counter/9/0/0/0,10465:1747647657537:,1747647670182
counter/9/0/0/0,10466:1747647657537:,1747647670182
counter/9/0/0/0,10467:1747647657537:,1747647670182
counter/9/0/0/0,10468:1747647657543:,1747647670182
counter/9/0/0/0,10469:1747647657543:,1747647670183
counter/9/0/0/0,10470:1747647657543:,1747647670183
counter/9/0/0/0,10471:1747647657543:,1747647670183
counter/9/0/0/0,10472:1747647657544:,1747647670183
counter/3/0/0/0,10518:1747647658038:,1747647670183
counter/9/0/0/0,10473:1747647657544:,1747647670183
counter/9/0/0/0,10474:1747647657544:,1747647670183
counter/9/0/0/0,10475:1747647657544:,1747647670183
counter/9/0/0/0,10476:1747647657544:,1747647670183
counter/2/0/0/0,9835:1747647656596:,1747647670183
counter/2/0/0/0,9836:1747647656596:,1747647670183
counter/2/0/0/0,9837:1747647656596:,1747647670183
counter/9/0/0/0,10477:1747647657544:,1747647670184
counter/9/0/0/0,10478:1747647657544:,1747647670184
counter/9/0/0/0,10479:1747647657544:,1747647670184
counter/9/0/0/0,10480:1747647657544:,1747647670184
counter/9/0/0/0,10481:1747647657544:,1747647670184
counter/9/0/0/0,10482:1747647657544:,1747647670184
counter/4/0/0/0,10303:1747647658521:,1747647670185
counter/4/0/0/0,10304:1747647658522:,1747647670185
counter/4/0/0/0,10305:1747647658522:,1747647670185
counter/5/0/0/0,9833:1747647657030:,1747647670185
counter/9/0/0/0,10483:1747647657544:,1747647670186
counter/9/0/0/0,10484:1747647657544:,1747647670186
counter/9/0/0/0,10485:1747647657545:,1747647670186
counter/2/0/0/0,9838:1747647656596:,1747647670186
counter/9/0/0/0,10486:1747647657545:,1747647670186
counter/5/0/0/0,9834:1747647657030:,1747647670186
counter/5/0/0/0,9835:1747647657030:,1747647670187
counter/6/0/0/0,9204:1747647657722:,1747647670187
counter/6/0/0/0,9205:1747647657722:,1747647670187
counter/6/0/0/0,9206:1747647657722:,1747647670187
counter/6/0/0/0,9207:1747647657722:,1747647670187
counter/6/0/0/0,9208:1747647657722:,1747647670187
counter/6/0/0/0,9209:1747647657722:,1747647670187
counter/6/0/0/0,9210:1747647657722:,1747647670187
counter/6/0/0/0,9211:1747647657722:,1747647670187
counter/6/0/0/0,9212:1747647657722:,1747647670187
counter/6/0/0/0,9213:1747647657722:,1747647670187
counter/6/0/0/0,9214:1747647657722:,1747647670187
counter/9/0/0/0,10487:1747647657545:,1747647670188
counter/6/0/0/0,9215:1747647657739:,1747647670188
counter/4/0/0/0,10306:1747647658522:,1747647670188
counter/4/0/0/0,10307:1747647658528:,1747647670188
counter/4/0/0/0,10308:1747647658528:,1747647670188
counter/4/0/0/0,10309:1747647658528:,1747647670188
counter/4/0/0/0,10310:1747647658528:,1747647670188
counter/4/0/0/0,10311:1747647658528:,1747647670188
counter/9/0/0/0,10488:1747647657545:,1747647670189
counter/10/0/0/0,9265:1747647657011:,1747647670189
counter/9/0/0/0,10489:1747647657545:,1747647670189
counter/9/0/0/0,10490:1747647657545:,1747647670189
counter/9/0/0/0,10491:1747647657546:,1747647670189
counter/9/0/0/0,10492:1747647657546:,1747647670189
counter/9/0/0/0,10493:1747647657546:,1747647670189
counter/9/0/0/0,10494:1747647657546:,1747647670189
counter/9/0/0/0,10495:1747647657546:,1747647670189
counter/8/0/0/0,10047:1747647656948:,1747647670189
counter/9/0/0/0,10496:1747647657546:,1747647670189
counter/9/0/0/0,10497:1747647657557:,1747647670189
counter/9/0/0/0,10498:1747647657557:,1747647670190
counter/5/0/0/0,9836:1747647657030:,1747647670190
counter/2/0/0/0,9839:1747647656600:,1747647670191
counter/4/0/0/0,10312:1747647658529:,1747647670195
counter/1/0/0/0,11094:1747647658233:,1747647670195
counter/4/0/0/0,10313:1747647658529:,1747647670195
counter/2/0/0/0,9840:1747647656600:,1747647670196
counter/1/0/0/0,11095:1747647658233:,1747647670196
counter/4/0/0/0,10314:1747647658530:,1747647670196
counter/1/0/0/0,11096:1747647658233:,1747647670197
counter/3/0/0/0,10519:1747647658038:,1747647670197
counter/9/0/0/0,10499:1747647657557:,1747647670198
counter/9/0/0/0,10500:1747647657557:,1747647670198
counter/9/0/0/0,10501:1747647657557:,1747647670198
counter/9/0/0/0,10502:1747647657558:,1747647670198
counter/9/0/0/0,10503:1747647657558:,1747647670198
counter/9/0/0/0,10504:1747647657558:,1747647670198
counter/9/0/0/0,10505:1747647657558:,1747647670198
counter/9/0/0/0,10506:1747647657558:,1747647670198
counter/9/0/0/0,10507:1747647657558:,1747647670198
counter/9/0/0/0,10508:1747647657558:,1747647670198
counter/9/0/0/0,10509:1747647657558:,1747647670198
counter/3/0/0/0,10520:1747647658048:,1747647670198
counter/3/0/0/0,10521:1747647658048:,1747647670199
counter/3/0/0/0,10522:1747647658048:,1747647670199
counter/7/0/0/0,9822:1747647657647:,1747647670199
counter/7/0/0/0,9823:1747647657647:,1747647670199
counter/10/0/0/0,9266:1747647657011:,1747647670200
counter/2/0/0/0,9841:1747647656607:,1747647670200
counter/10/0/0/0,9267:1747647657014:,1747647670201
counter/1/0/0/0,11097:1747647658233:,1747647670201
counter/2/0/0/0,9842:1747647656607:,1747647670201
counter/1/0/0/0,11098:1747647658235:,1747647670201
counter/8/0/0/0,10048:1747647656948:,1747647670201
counter/8/0/0/0,10049:1747647656948:,1747647670201
counter/8/0/0/0,10050:1747647656948:,1747647670201
counter/8/0/0/0,10051:1747647656948:,1747647670201
counter/9/0/0/0,10510:1747647657558:,1747647670202
counter/9/0/0/0,10511:1747647657558:,1747647670202
counter/5/0/0/0,9837:1747647657030:,1747647670202
counter/9/0/0/0,10512:1747647657558:,1747647670202
counter/9/0/0/0,10513:1747647657558:,1747647670203
counter/9/0/0/0,10514:1747647657558:,1747647670203
counter/9/0/0/0,10515:1747647657558:,1747647670203
counter/9/0/0/0,10516:1747647657558:,1747647670203
counter/9/0/0/0,10517:1747647657558:,1747647670203
counter/9/0/0/0,10518:1747647657558:,1747647670203
counter/9/0/0/0,10519:1747647657558:,1747647670203
counter/9/0/0/0,10520:1747647657558:,1747647670203
counter/9/0/0/0,10521:1747647657558:,1747647670203
counter/9/0/0/0,10522:1747647657558:,1747647670203
counter/9/0/0/0,10523:1747647657559:,1747647670204
counter/5/0/0/0,9838:1747647657030:,1747647670204
counter/9/0/0/0,10524:1747647657559:,1747647670204
counter/9/0/0/0,10525:1747647657559:,1747647670204
counter/9/0/0/0,10526:1747647657559:,1747647670204
counter/9/0/0/0,10527:1747647657559:,1747647670204
counter/9/0/0/0,10528:1747647657559:,1747647670204
counter/1/0/0/0,11099:1747647658235:,1747647670204
counter/7/0/0/0,9824:1747647657647:,1747647670204
counter/7/0/0/0,9825:1747647657649:,1747647670204
counter/7/0/0/0,9826:1747647657649:,1747647670204
counter/6/0/0/0,9216:1747647657739:,1747647670204
counter/2/0/0/0,9843:1747647656607:,1747647670204
counter/9/0/0/0,10529:1747647657559:,1747647670204
counter/2/0/0/0,9844:1747647656607:,1747647670205
counter/2/0/0/0,9845:1747647656607:,1747647670205
counter/2/0/0/0,9846:1747647656607:,1747647670205
counter/2/0/0/0,9847:1747647656607:,1747647670205
counter/2/0/0/0,9848:1747647656607:,1747647670205
counter/2/0/0/0,9849:1747647656607:,1747647670205
counter/2/0/0/0,9850:1747647656607:,1747647670205
counter/2/0/0/0,9851:1747647656607:,1747647670205
counter/2/0/0/0,9852:1747647656613:,1747647670205
counter/2/0/0/0,9853:1747647656613:,1747647670205
counter/2/0/0/0,9854:1747647656613:,1747647670205
counter/2/0/0/0,9855:1747647656613:,1747647670205
counter/4/0/0/0,10315:1747647658530:,1747647670205
counter/4/0/0/0,10316:1747647658530:,1747647670205
counter/4/0/0/0,10317:1747647658530:,1747647670205
counter/4/0/0/0,10318:1747647658530:,1747647670205
counter/4/0/0/0,10319:1747647658530:,1747647670205
counter/3/0/0/0,10523:1747647658048:,1747647670206
counter/4/0/0/0,10320:1747647658530:,1747647670206
counter/3/0/0/0,10524:1747647658048:,1747647670206
counter/4/0/0/0,10321:1747647658530:,1747647670206
counter/3/0/0/0,10525:1747647658048:,1747647670206
counter/4/0/0/0,10322:1747647658530:,1747647670206
counter/3/0/0/0,10526:1747647658048:,1747647670206
counter/4/0/0/0,10323:1747647658531:,1747647670206
counter/3/0/0/0,10527:1747647658048:,1747647670206
counter/3/0/0/0,10528:1747647658048:,1747647670206
counter/10/0/0/0,9268:1747647657014:,1747647670206
counter/10/0/0/0,9269:1747647657014:,1747647670206
counter/10/0/0/0,9270:1747647657014:,1747647670206
counter/10/0/0/0,9271:1747647657014:,1747647670206
counter/10/0/0/0,9272:1747647657015:,1747647670206
counter/5/0/0/0,9839:1747647657030:,1747647670206
counter/10/0/0/0,9273:1747647657015:,1747647670206
counter/9/0/0/0,10530:1747647657559:,1747647670206
counter/9/0/0/0,10531:1747647657559:,1747647670206
counter/9/0/0/0,10532:1747647657559:,1747647670206
counter/2/0/0/0,9856:1747647656623:,1747647670207
counter/8/0/0/0,10052:1747647656948:,1747647670207
counter/8/0/0/0,10053:1747647656948:,1747647670207
counter/8/0/0/0,10054:1747647656948:,1747647670207
counter/8/0/0/0,10055:1747647656948:,1747647670207
counter/8/0/0/0,10056:1747647656949:,1747647670207
counter/8/0/0/0,10057:1747647656949:,1747647670207
counter/4/0/0/0,10324:1747647658531:,1747647670207
counter/4/0/0/0,10325:1747647658531:,1747647670207
counter/4/0/0/0,10326:1747647658541:,1747647670207
counter/4/0/0/0,10327:1747647658542:,1747647670207
counter/4/0/0/0,10328:1747647658542:,1747647670207
counter/4/0/0/0,10329:1747647658542:,1747647670207
counter/4/0/0/0,10330:1747647658542:,1747647670207
counter/4/0/0/0,10331:1747647658542:,1747647670207
counter/1/0/0/0,11100:1747647658235:,1747647670207
counter/8/0/0/0,10058:1747647656949:,1747647670207
counter/8/0/0/0,10059:1747647656949:,1747647670207
counter/8/0/0/0,10060:1747647656949:,1747647670208
counter/8/0/0/0,10061:1747647656955:,1747647670208
counter/5/0/0/0,9840:1747647657031:,1747647670208
counter/5/0/0/0,9841:1747647657031:,1747647670208
counter/6/0/0/0,9217:1747647657739:,1747647670209
counter/3/0/0/0,10529:1747647658048:,1747647670209
counter/2/0/0/0,9857:1747647656623:,1747647670210
counter/3/0/0/0,10530:1747647658060:,1747647670210
counter/1/0/0/0,11101:1747647658235:,1747647670210
counter/1/0/0/0,11102:1747647658235:,1747647670210
counter/1/0/0/0,11103:1747647658238:,1747647670210
counter/1/0/0/0,11104:1747647658238:,1747647670210
counter/5/0/0/0,9842:1747647657031:,1747647670210
counter/8/0/0/0,10062:1747647656955:,1747647670210
counter/8/0/0/0,10063:1747647656955:,1747647670210
counter/8/0/0/0,10064:1747647656955:,1747647670210
counter/8/0/0/0,10065:1747647656955:,1747647670210
counter/9/0/0/0,10533:1747647657559:,1747647670210
counter/7/0/0/0,9827:1747647657649:,1747647670210
counter/7/0/0/0,9828:1747647657649:,1747647670210
counter/2/0/0/0,9858:1747647656623:,1747647670211
counter/1/0/0/0,11105:1747647658238:,1747647670211
counter/1/0/0/0,11106:1747647658242:,1747647670211
counter/1/0/0/0,11107:1747647658243:,1747647670211
counter/1/0/0/0,11108:1747647658243:,1747647670211
counter/1/0/0/0,11109:1747647658243:,1747647670211
counter/1/0/0/0,11110:1747647658243:,1747647670211
counter/1/0/0/0,11111:1747647658243:,1747647670212
counter/1/0/0/0,11112:1747647658243:,1747647670212
counter/1/0/0/0,11113:1747647658243:,1747647670212
counter/1/0/0/0,11114:1747647658244:,1747647670212
counter/1/0/0/0,11115:1747647658244:,1747647670212
counter/1/0/0/0,11116:1747647658244:,1747647670213
counter/1/0/0/0,11117:1747647658244:,1747647670213
counter/4/0/0/0,10332:1747647658542:,1747647670213
counter/1/0/0/0,11118:1747647658244:,1747647670213
counter/1/0/0/0,11119:1747647658244:,1747647670213
counter/1/0/0/0,11120:1747647658244:,1747647670213
counter/2/0/0/0,9859:1747647656623:,1747647670213
counter/3/0/0/0,10531:1747647658061:,1747647670214
counter/10/0/0/0,9274:1747647657015:,1747647670214
counter/3/0/0/0,10532:1747647658061:,1747647670214
counter/3/0/0/0,10533:1747647658066:,1747647670214
counter/3/0/0/0,10534:1747647658066:,1747647670214
counter/3/0/0/0,10535:1747647658066:,1747647670214
counter/3/0/0/0,10536:1747647658066:,1747647670214
counter/10/0/0/0,9275:1747647657015:,1747647670216
counter/10/0/0/0,9276:1747647657019:,1747647670216
counter/5/0/0/0,9843:1747647657031:,1747647670216
counter/10/0/0/0,9277:1747647657019:,1747647670216
counter/5/0/0/0,9844:1747647657031:,1747647670216
counter/10/0/0/0,9278:1747647657019:,1747647670216
counter/7/0/0/0,9829:1747647657649:,1747647670216
counter/10/0/0/0,9279:1747647657019:,1747647670217
counter/7/0/0/0,9830:1747647657649:,1747647670217
counter/7/0/0/0,9831:1747647657649:,1747647670217
counter/7/0/0/0,9832:1747647657649:,1747647670217
counter/7/0/0/0,9833:1747647657649:,1747647670217
counter/1/0/0/0,11121:1747647658244:,1747647670217
counter/2/0/0/0,9860:1747647656623:,1747647670217
counter/2/0/0/0,9861:1747647656623:,1747647670218
counter/3/0/0/0,10537:1747647658066:,1747647670218
counter/6/0/0/0,9218:1747647657739:,1747647670218
counter/7/0/0/0,9834:1747647657649:,1747647670218
counter/7/0/0/0,9835:1747647657649:,1747647670218
counter/7/0/0/0,9836:1747647657649:,1747647670219
counter/7/0/0/0,9837:1747647657649:,1747647670219
counter/7/0/0/0,9838:1747647657649:,1747647670219
counter/7/0/0/0,9839:1747647657649:,1747647670219
counter/7/0/0/0,9840:1747647657649:,1747647670219
counter/7/0/0/0,9841:1747647657649:,1747647670219
counter/7/0/0/0,9842:1747647657649:,1747647670219
counter/7/0/0/0,9843:1747647657650:,1747647670219
counter/7/0/0/0,9844:1747647657650:,1747647670219
counter/7/0/0/0,9845:1747647657650:,1747647670219
counter/7/0/0/0,9846:1747647657650:,1747647670219
counter/7/0/0/0,9847:1747647657650:,1747647670219
counter/7/0/0/0,9848:1747647657650:,1747647670219
counter/7/0/0/0,9849:1747647657650:,1747647670220
counter/7/0/0/0,9850:1747647657650:,1747647670220
counter/7/0/0/0,9851:1747647657650:,1747647670220
counter/7/0/0/0,9852:1747647657650:,1747647670220
counter/7/0/0/0,9853:1747647657665:,1747647670220
counter/7/0/0/0,9854:1747647657665:,1747647670220
counter/7/0/0/0,9855:1747647657665:,1747647670220
counter/7/0/0/0,9856:1747647657666:,1747647670220
counter/4/0/0/0,10333:1747647658542:,1747647670220
counter/1/0/0/0,11122:1747647658244:,1747647670220
counter/5/0/0/0,9845:1747647657031:,1747647670220
counter/5/0/0/0,9846:1747647657031:,1747647670220
counter/5/0/0/0,9847:1747647657042:,1747647670220
counter/5/0/0/0,9848:1747647657044:,1747647670220
counter/5/0/0/0,9849:1747647657044:,1747647670220
counter/2/0/0/0,9862:1747647656623:,1747647670221
counter/2/0/0/0,9863:1747647656623:,1747647670221
counter/3/0/0/0,10538:1747647658066:,1747647670221
counter/3/0/0/0,10539:1747647658066:,1747647670221
counter/3/0/0/0,10540:1747647658066:,1747647670221
counter/10/0/0/0,9280:1747647657019:,1747647670221
counter/10/0/0/0,9281:1747647657019:,1747647670221
counter/9/0/0/0,10534:1747647657559:,1747647670221
counter/7/0/0/0,9857:1747647657666:,1747647670221
counter/7/0/0/0,9858:1747647657666:,1747647670222
counter/7/0/0/0,9859:1747647657666:,1747647670222
counter/7/0/0/0,9860:1747647657666:,1747647670222
counter/7/0/0/0,9861:1747647657666:,1747647670222
counter/7/0/0/0,9862:1747647657666:,1747647670222
counter/7/0/0/0,9863:1747647657671:,1747647670222
counter/7/0/0/0,9864:1747647657671:,1747647670222
counter/7/0/0/0,9865:1747647657671:,1747647670222
counter/1/0/0/0,11123:1747647658244:,1747647670224
counter/6/0/0/0,9219:1747647657739:,1747647670224
counter/6/0/0/0,9220:1747647657739:,1747647670224
counter/6/0/0/0,9221:1747647657757:,1747647670224
counter/6/0/0/0,9222:1747647657757:,1747647670224
counter/6/0/0/0,9223:1747647657757:,1747647670224
counter/9/0/0/0,10535:1747647657573:,1747647670224
counter/9/0/0/0,10536:1747647657573:,1747647670224
counter/9/0/0/0,10537:1747647657573:,1747647670224
counter/9/0/0/0,10538:1747647657573:,1747647670225
counter/9/0/0/0,10539:1747647657573:,1747647670225
counter/7/0/0/0,9866:1747647657671:,1747647670225
counter/1/0/0/0,11124:1747647658244:,1747647670225
counter/1/0/0/0,11125:1747647658248:,1747647670225
counter/1/0/0/0,11126:1747647658249:,1747647670225
counter/1/0/0/0,11127:1747647658249:,1747647670225
counter/8/0/0/0,10066:1747647656955:,1747647670225
counter/4/0/0/0,10334:1747647658542:,1747647670226
counter/9/0/0/0,10540:1747647657573:,1747647670227
counter/7/0/0/0,9867:1747647657671:,1747647670227
counter/1/0/0/0,11128:1747647658249:,1747647670227
counter/7/0/0/0,9868:1747647657671:,1747647670227
counter/7/0/0/0,9869:1747647657671:,1747647670227
counter/7/0/0/0,9870:1747647657671:,1747647670227
counter/7/0/0/0,9871:1747647657671:,1747647670227
counter/7/0/0/0,9872:1747647657672:,1747647670227
counter/7/0/0/0,9873:1747647657672:,1747647670227
counter/4/0/0/0,10335:1747647658542:,1747647670229
counter/1/0/0/0,11129:1747647658249:,1747647670229
counter/5/0/0/0,9850:1747647657045:,1747647670229
counter/2/0/0/0,9864:1747647656623:,1747647670229
counter/3/0/0/0,10541:1747647658066:,1747647670229
counter/3/0/0/0,10542:1747647658070:,1747647670229
counter/8/0/0/0,10067:1747647656955:,1747647670229
counter/8/0/0/0,10068:1747647656955:,1747647670229
counter/8/0/0/0,10069:1747647656955:,1747647670229
counter/8/0/0/0,10070:1747647656955:,1747647670229
counter/8/0/0/0,10071:1747647656955:,1747647670229
counter/8/0/0/0,10072:1747647656955:,1747647670229
counter/8/0/0/0,10073:1747647656955:,1747647670229
counter/8/0/0/0,10074:1747647656955:,1747647670229
counter/8/0/0/0,10075:1747647656956:,1747647670229
counter/8/0/0/0,10076:1747647656957:,1747647670229
counter/2/0/0/0,9865:1747647656623:,1747647670230
counter/2/0/0/0,9866:1747647656623:,1747647670230
counter/3/0/0/0,10543:1747647658070:,1747647670230
counter/2/0/0/0,9867:1747647656623:,1747647670230
counter/2/0/0/0,9868:1747647656623:,1747647670230
counter/8/0/0/0,10077:1747647656957:,1747647670230
counter/4/0/0/0,10336:1747647658542:,1747647670231
counter/4/0/0/0,10337:1747647658542:,1747647670231
counter/4/0/0/0,10338:1747647658549:,1747647670232
counter/1/0/0/0,11130:1747647658249:,1747647670232
counter/4/0/0/0,10339:1747647658549:,1747647670232
counter/4/0/0/0,10340:1747647658549:,1747647670232
counter/2/0/0/0,9869:1747647656623:,1747647670232
counter/10/0/0/0,9282:1747647657019:,1747647670232
counter/7/0/0/0,9874:1747647657672:,1747647670232
counter/7/0/0/0,9875:1747647657672:,1747647670232
counter/7/0/0/0,9876:1747647657672:,1747647670232
counter/7/0/0/0,9877:1747647657672:,1747647670232
counter/7/0/0/0,9878:1747647657672:,1747647670232
counter/9/0/0/0,10541:1747647657573:,1747647670233
counter/9/0/0/0,10542:1747647657573:,1747647670233
counter/9/0/0/0,10543:1747647657573:,1747647670233
counter/9/0/0/0,10544:1747647657579:,1747647670233
counter/9/0/0/0,10545:1747647657579:,1747647670233
counter/9/0/0/0,10546:1747647657599:,1747647670233
counter/9/0/0/0,10547:1747647657599:,1747647670233
counter/9/0/0/0,10548:1747647657599:,1747647670233
counter/9/0/0/0,10549:1747647657599:,1747647670233
counter/9/0/0/0,10550:1747647657612:,1747647670233
counter/3/0/0/0,10544:1747647658070:,1747647670233
counter/1/0/0/0,11131:1747647658249:,1747647670233
counter/10/0/0/0,9283:1747647657045:,1747647670233
counter/10/0/0/0,9284:1747647657045:,1747647670234
counter/2/0/0/0,9870:1747647656623:,1747647670235
counter/1/0/0/0,11132:1747647658257:,1747647670235
counter/8/0/0/0,10078:1747647656958:,1747647670235
counter/9/0/0/0,10551:1747647657612:,1747647670238
counter/8/0/0/0,10079:1747647656959:,1747647670238
counter/1/0/0/0,11133:1747647658257:,1747647670239
counter/1/0/0/0,11134:1747647658257:,1747647670239
counter/1/0/0/0,11135:1747647658257:,1747647670239
counter/4/0/0/0,10341:1747647658549:,1747647670239
counter/6/0/0/0,9224:1747647657757:,1747647670239
counter/6/0/0/0,9225:1747647657757:,1747647670239
counter/6/0/0/0,9226:1747647657757:,1747647670239
counter/6/0/0/0,9227:1747647657757:,1747647670239
counter/4/0/0/0,10342:1747647658549:,1747647670241
counter/1/0/0/0,11136:1747647658257:,1747647670243
counter/7/0/0/0,9879:1747647657672:,1747647670243
counter/7/0/0/0,9880:1747647657672:,1747647670243
counter/7/0/0/0,9881:1747647657673:,1747647670243
counter/7/0/0/0,9882:1747647657680:,1747647670244
counter/1/0/0/0,11137:1747647658260:,1747647670245
counter/1/0/0/0,11138:1747647658260:,1747647670245
counter/1/0/0/0,11139:1747647658260:,1747647670245
counter/3/0/0/0,10545:1747647658070:,1747647670245
counter/2/0/0/0,9871:1747647656623:,1747647670245
counter/6/0/0/0,9228:1747647657757:,1747647670245
counter/6/0/0/0,9229:1747647657757:,1747647670245
counter/6/0/0/0,9230:1747647657757:,1747647670245
counter/8/0/0/0,10080:1747647656960:,1747647670245
counter/1/0/0/0,11140:1747647658260:,1747647670247
counter/1/0/0/0,11141:1747647658260:,1747647670247
counter/1/0/0/0,11142:1747647658260:,1747647670247
counter/9/0/0/0,10552:1747647657613:,1747647670247
counter/1/0/0/0,11143:1747647658260:,1747647670247
counter/9/0/0/0,10553:1747647657613:,1747647670247
counter/1/0/0/0,11144:1747647658260:,1747647670247
counter/1/0/0/0,11145:1747647658260:,1747647670247
counter/1/0/0/0,11146:1747647658260:,1747647670247
counter/2/0/0/0,9872:1747647656623:,1747647670248
counter/8/0/0/0,10081:1747647656960:,1747647670248
counter/9/0/0/0,10554:1747647657613:,1747647670248
counter/8/0/0/0,10082:1747647656960:,1747647670249
counter/8/0/0/0,10083:1747647656960:,1747647670249
counter/8/0/0/0,10084:1747647656960:,1747647670249
counter/8/0/0/0,10085:1747647656960:,1747647670249
counter/8/0/0/0,10086:1747647656962:,1747647670249
counter/8/0/0/0,10087:1747647656962:,1747647670249
counter/8/0/0/0,10088:1747647656962:,1747647670249
counter/8/0/0/0,10089:1747647656962:,1747647670249
counter/8/0/0/0,10090:1747647656962:,1747647670249
counter/8/0/0/0,10091:1747647656962:,1747647670249
counter/8/0/0/0,10092:1747647656962:,1747647670249
counter/8/0/0/0,10093:1747647656962:,1747647670249
counter/8/0/0/0,10094:1747647656962:,1747647670249
counter/8/0/0/0,10095:1747647656962:,1747647670249
counter/8/0/0/0,10096:1747647656962:,1747647670249
counter/8/0/0/0,10097:1747647656963:,1747647670250
counter/10/0/0/0,9285:1747647657055:,1747647670250
counter/7/0/0/0,9883:1747647657680:,1747647670250
counter/2/0/0/0,9873:1747647656623:,1747647670250
counter/2/0/0/0,9874:1747647656624:,1747647670251
counter/2/0/0/0,9875:1747647656624:,1747647670251
counter/2/0/0/0,9876:1747647656624:,1747647670251
counter/2/0/0/0,9877:1747647656624:,1747647670251
counter/2/0/0/0,9878:1747647656624:,1747647670251
counter/2/0/0/0,9879:1747647656624:,1747647670251
counter/4/0/0/0,10343:1747647658549:,1747647670251
counter/5/0/0/0,9851:1747647657045:,1747647670251
counter/8/0/0/0,10098:1747647656963:,1747647670251
counter/2/0/0/0,9880:1747647656624:,1747647670252
counter/8/0/0/0,10099:1747647656963:,1747647670252
counter/2/0/0/0,9881:1747647656641:,1747647670252
counter/2/0/0/0,9882:1747647656641:,1747647670252
counter/2/0/0/0,9883:1747647656642:,1747647670252
counter/2/0/0/0,9884:1747647656643:,1747647670252
counter/9/0/0/0,10555:1747647657613:,1747647670252
counter/9/0/0/0,10556:1747647657613:,1747647670252
counter/3/0/0/0,10546:1747647658070:,1747647670252
counter/5/0/0/0,9852:1747647657045:,1747647670252
counter/5/0/0/0,9853:1747647657045:,1747647670252
counter/5/0/0/0,9854:1747647657045:,1747647670252
counter/1/0/0/0,11147:1747647658260:,1747647670252
counter/4/0/0/0,10344:1747647658549:,1747647670253
counter/4/0/0/0,10345:1747647658549:,1747647670253
counter/5/0/0/0,9855:1747647657045:,1747647670253
counter/4/0/0/0,10346:1747647658549:,1747647670253
counter/4/0/0/0,10347:1747647658549:,1747647670253
counter/4/0/0/0,10348:1747647658549:,1747647670253
counter/8/0/0/0,10100:1747647656963:,1747647670253
counter/8/0/0/0,10101:1747647656972:,1747647670254
counter/8/0/0/0,10102:1747647656972:,1747647670254
counter/8/0/0/0,10103:1747647656972:,1747647670254
counter/8/0/0/0,10104:1747647656972:,1747647670254
counter/8/0/0/0,10105:1747647656972:,1747647670254
counter/8/0/0/0,10106:1747647656972:,1747647670255
counter/9/0/0/0,10557:1747647657613:,1747647670255
counter/9/0/0/0,10558:1747647657613:,1747647670255
counter/4/0/0/0,10349:1747647658550:,1747647670255
counter/3/0/0/0,10547:1747647658076:,1747647670255
counter/4/0/0/0,10350:1747647658550:,1747647670255
counter/1/0/0/0,11148:1747647658260:,1747647670255
counter/5/0/0/0,9856:1747647657045:,1747647670255
counter/10/0/0/0,9286:1747647657055:,1747647670255
counter/4/0/0/0,10351:1747647658553:,1747647670255
counter/4/0/0/0,10352:1747647658553:,1747647670256
counter/4/0/0/0,10353:1747647658553:,1747647670256
counter/7/0/0/0,9884:1747647657680:,1747647670256
counter/7/0/0/0,9885:1747647657680:,1747647670256
counter/7/0/0/0,9886:1747647657680:,1747647670256
counter/7/0/0/0,9887:1747647657681:,1747647670256
counter/7/0/0/0,9888:1747647657681:,1747647670256
counter/7/0/0/0,9889:1747647657681:,1747647670257
counter/7/0/0/0,9890:1747647657681:,1747647670257
counter/7/0/0/0,9891:1747647657681:,1747647670257
counter/7/0/0/0,9892:1747647657681:,1747647670257
counter/7/0/0/0,9893:1747647657681:,1747647670257
counter/7/0/0/0,9894:1747647657681:,1747647670257
counter/7/0/0/0,9895:1747647657681:,1747647670257
counter/8/0/0/0,10107:1747647656973:,1747647670257
counter/9/0/0/0,10559:1747647657613:,1747647670257
counter/9/0/0/0,10560:1747647657613:,1747647670257
counter/9/0/0/0,10561:1747647657613:,1747647670257
counter/9/0/0/0,10562:1747647657614:,1747647670257
counter/9/0/0/0,10563:1747647657614:,1747647670257
counter/9/0/0/0,10564:1747647657614:,1747647670257
counter/9/0/0/0,10565:1747647657614:,1747647670257
counter/9/0/0/0,10566:1747647657617:,1747647670257
counter/9/0/0/0,10567:1747647657617:,1747647670257
counter/9/0/0/0,10568:1747647657617:,1747647670257
counter/9/0/0/0,10569:1747647657617:,1747647670257
counter/9/0/0/0,10570:1747647657617:,1747647670257
counter/9/0/0/0,10571:1747647657617:,1747647670258
counter/1/0/0/0,11149:1747647658261:,1747647670258
counter/2/0/0/0,9885:1747647656643:,1747647670258
counter/1/0/0/0,11150:1747647658261:,1747647670258
counter/1/0/0/0,11151:1747647658261:,1747647670258
counter/1/0/0/0,11152:1747647658261:,1747647670258
counter/1/0/0/0,11153:1747647658262:,1747647670258
counter/1/0/0/0,11154:1747647658262:,1747647670258
counter/1/0/0/0,11155:1747647658262:,1747647670258
counter/1/0/0/0,11156:1747647658262:,1747647670258
counter/1/0/0/0,11157:1747647658262:,1747647670258
counter/5/0/0/0,9857:1747647657045:,1747647670258
counter/8/0/0/0,10108:1747647656973:,1747647670259
counter/4/0/0/0,10354:1747647658553:,1747647670259
counter/4/0/0/0,10355:1747647658553:,1747647670259
counter/6/0/0/0,9231:1747647657757:,1747647670259
counter/10/0/0/0,9287:1747647657055:,1747647670259
counter/10/0/0/0,9288:1747647657056:,1747647670259
counter/7/0/0/0,9896:1747647657681:,1747647670259
counter/2/0/0/0,9886:1747647656643:,1747647670259
counter/2/0/0/0,9887:1747647656643:,1747647670259
counter/2/0/0/0,9888:1747647656643:,1747647670259
counter/2/0/0/0,9889:1747647656643:,1747647670259
counter/2/0/0/0,9890:1747647656643:,1747647670259
counter/2/0/0/0,9891:1747647656643:,1747647670259
counter/2/0/0/0,9892:1747647656643:,1747647670259
counter/1/0/0/0,11158:1747647658262:,1747647670260
counter/3/0/0/0,10548:1747647658076:,1747647670260
counter/5/0/0/0,9858:1747647657045:,1747647670260
counter/9/0/0/0,10572:1747647657617:,1747647670260
counter/2/0/0/0,9893:1747647656643:,1747647670261
counter/2/0/0/0,9894:1747647656643:,1747647670261
counter/2/0/0/0,9895:1747647656643:,1747647670261
counter/2/0/0/0,9896:1747647656643:,1747647670261
counter/2/0/0/0,9897:1747647656643:,1747647670261
counter/2/0/0/0,9898:1747647656643:,1747647670261
counter/2/0/0/0,9899:1747647656643:,1747647670261
counter/2/0/0/0,9900:1747647656643:,1747647670261
counter/2/0/0/0,9901:1747647656643:,1747647670261
counter/2/0/0/0,9902:1747647656643:,1747647670261
counter/10/0/0/0,9289:1747647657056:,1747647670261
counter/2/0/0/0,9903:1747647656643:,1747647670262
counter/2/0/0/0,9904:1747647656644:,1747647670262
counter/6/0/0/0,9232:1747647657757:,1747647670262
counter/6/0/0/0,9233:1747647657757:,1747647670262
counter/6/0/0/0,9234:1747647657757:,1747647670262
counter/6/0/0/0,9235:1747647657757:,1747647670262
counter/6/0/0/0,9236:1747647657757:,1747647670262
counter/6/0/0/0,9237:1747647657757:,1747647670262
counter/6/0/0/0,9238:1747647657757:,1747647670262
counter/6/0/0/0,9239:1747647657757:,1747647670262
counter/8/0/0/0,10109:1747647656973:,1747647670262
counter/8/0/0/0,10110:1747647656973:,1747647670262
counter/1/0/0/0,11159:1747647658262:,1747647670262
counter/1/0/0/0,11160:1747647658263:,1747647670262
counter/1/0/0/0,11161:1747647658263:,1747647670262
counter/1/0/0/0,11162:1747647658263:,1747647670263
counter/1/0/0/0,11163:1747647658263:,1747647670263
counter/1/0/0/0,11164:1747647658263:,1747647670263
counter/3/0/0/0,10549:1747647658076:,1747647670263
counter/1/0/0/0,11165:1747647658263:,1747647670263
counter/2/0/0/0,9905:1747647656644:,1747647670263
counter/7/0/0/0,9897:1747647657681:,1747647670263
counter/7/0/0/0,9898:1747647657681:,1747647670263
counter/5/0/0/0,9859:1747647657045:,1747647670263
counter/7/0/0/0,9899:1747647657681:,1747647670263
counter/7/0/0/0,9900:1747647657681:,1747647670263
counter/5/0/0/0,9860:1747647657045:,1747647670263
counter/8/0/0/0,10111:1747647656973:,1747647670264
counter/8/0/0/0,10112:1747647656995:,1747647670264
counter/8/0/0/0,10113:1747647656995:,1747647670264
counter/8/0/0/0,10114:1747647656995:,1747647670264
counter/8/0/0/0,10115:1747647656995:,1747647670264
counter/8/0/0/0,10116:1747647656995:,1747647670264
counter/8/0/0/0,10117:1747647656996:,1747647670264
counter/4/0/0/0,10356:1747647658553:,1747647670265
counter/5/0/0/0,9861:1747647657047:,1747647670266
counter/6/0/0/0,9240:1747647657757:,1747647670266
counter/5/0/0/0,9862:1747647657050:,1747647670266
counter/5/0/0/0,9863:1747647657050:,1747647670266
counter/5/0/0/0,9864:1747647657050:,1747647670266
counter/5/0/0/0,9865:1747647657050:,1747647670266
counter/5/0/0/0,9866:1747647657050:,1747647670266
counter/5/0/0/0,9867:1747647657050:,1747647670266
counter/5/0/0/0,9868:1747647657051:,1747647670266
counter/5/0/0/0,9869:1747647657051:,1747647670266
counter/5/0/0/0,9870:1747647657051:,1747647670266
counter/5/0/0/0,9871:1747647657051:,1747647670266
counter/7/0/0/0,9901:1747647657681:,1747647670266
counter/5/0/0/0,9872:1747647657051:,1747647670266
counter/4/0/0/0,10357:1747647658553:,1747647670266
counter/3/0/0/0,10550:1747647658079:,1747647670266
counter/1/0/0/0,11166:1747647658263:,1747647670267
counter/1/0/0/0,11167:1747647658263:,1747647670269
counter/1/0/0/0,11168:1747647658272:,1747647670269
counter/1/0/0/0,11169:1747647658272:,1747647670269
counter/1/0/0/0,11170:1747647658272:,1747647670269
counter/1/0/0/0,11171:1747647658272:,1747647670269
counter/1/0/0/0,11172:1747647658272:,1747647670269
counter/1/0/0/0,11173:1747647658272:,1747647670269
counter/1/0/0/0,11174:1747647658272:,1747647670269
counter/1/0/0/0,11175:1747647658272:,1747647670269
counter/1/0/0/0,11176:1747647658276:,1747647670269
counter/1/0/0/0,11177:1747647658277:,1747647670270
counter/3/0/0/0,10551:1747647658079:,1747647670270
counter/2/0/0/0,9906:1747647656646:,1747647670270
counter/4/0/0/0,10358:1747647658554:,1747647670270
counter/8/0/0/0,10118:1747647656996:,1747647670271
counter/1/0/0/0,11178:1747647658287:,1747647670272
counter/1/0/0/0,11179:1747647658287:,1747647670272
counter/1/0/0/0,11180:1747647658288:,1747647670272
counter/1/0/0/0,11181:1747647658288:,1747647670272
counter/1/0/0/0,11182:1747647658290:,1747647670272
counter/1/0/0/0,11183:1747647658290:,1747647670272
counter/1/0/0/0,11184:1747647658290:,1747647670272
counter/1/0/0/0,11185:1747647658290:,1747647670272
counter/1/0/0/0,11186:1747647658290:,1747647670272
counter/7/0/0/0,9902:1747647657681:,1747647670273
counter/2/0/0/0,9907:1747647656646:,1747647670273
counter/4/0/0/0,10359:1747647658554:,1747647670273
counter/2/0/0/0,9908:1747647656646:,1747647670274
counter/1/0/0/0,11187:1747647658290:,1747647670274
counter/2/0/0/0,9909:1747647656646:,1747647670274
counter/1/0/0/0,11188:1747647658290:,1747647670274
counter/8/0/0/0,10119:1747647657000:,1747647670274
counter/2/0/0/0,9910:1747647656646:,1747647670274
counter/1/0/0/0,11189:1747647658293:,1747647670274
counter/8/0/0/0,10120:1747647657000:,1747647670274
counter/8/0/0/0,10121:1747647657000:,1747647670274
counter/10/0/0/0,9290:1747647657056:,1747647670274
counter/8/0/0/0,10122:1747647657001:,1747647670274
counter/8/0/0/0,10123:1747647657001:,1747647670275
counter/7/0/0/0,9903:1747647657681:,1747647670275
counter/8/0/0/0,10124:1747647657001:,1747647670275
counter/8/0/0/0,10125:1747647657001:,1747647670275
counter/8/0/0/0,10126:1747647657001:,1747647670275
counter/6/0/0/0,9241:1747647657757:,1747647670276
counter/8/0/0/0,10127:1747647657001:,1747647670276
counter/8/0/0/0,10128:1747647657001:,1747647670276
counter/4/0/0/0,10360:1747647658554:,1747647670276
counter/9/0/0/0,10573:1747647657617:,1747647670276
counter/4/0/0/0,10361:1747647658554:,1747647670276
counter/4/0/0/0,10362:1747647658554:,1747647670276
counter/4/0/0/0,10363:1747647658554:,1747647670276
counter/4/0/0/0,10364:1747647658554:,1747647670276
counter/4/0/0/0,10365:1747647658554:,1747647670276
counter/6/0/0/0,9242:1747647657757:,1747647670277
counter/6/0/0/0,9243:1747647657757:,1747647670277
counter/6/0/0/0,9244:1747647657757:,1747647670277
counter/6/0/0/0,9245:1747647657757:,1747647670277
counter/1/0/0/0,11190:1747647658293:,1747647670277
counter/2/0/0/0,9911:1747647656646:,1747647670277
counter/5/0/0/0,9873:1747647657051:,1747647670278
counter/6/0/0/0,9246:1747647657757:,1747647670278
counter/6/0/0/0,9247:1747647657757:,1747647670279
counter/6/0/0/0,9248:1747647657757:,1747647670279
counter/6/0/0/0,9249:1747647657757:,1747647670279
counter/6/0/0/0,9250:1747647657758:,1747647670279
counter/6/0/0/0,9251:1747647657758:,1747647670279
counter/3/0/0/0,10552:1747647658079:,1747647670279
counter/2/0/0/0,9912:1747647656646:,1747647670279
counter/1/0/0/0,11191:1747647658293:,1747647670279
counter/5/0/0/0,9874:1747647657051:,1747647670280
counter/3/0/0/0,10553:1747647658079:,1747647670281
counter/1/0/0/0,11192:1747647658293:,1747647670281
counter/4/0/0/0,10366:1747647658554:,1747647670281
counter/7/0/0/0,9904:1747647657681:,1747647670286
counter/7/0/0/0,9905:1747647657681:,1747647670286
counter/7/0/0/0,9906:1747647657681:,1747647670286
counter/7/0/0/0,9907:1747647657681:,1747647670286
counter/7/0/0/0,9908:1747647657681:,1747647670286
counter/7/0/0/0,9909:1747647657681:,1747647670286
counter/4/0/0/0,10367:1747647658556:,1747647670286
counter/3/0/0/0,10554:1747647658079:,1747647670286
counter/1/0/0/0,11193:1747647658293:,1747647670288
counter/3/0/0/0,10555:1747647658079:,1747647670288
counter/9/0/0/0,10574:1747647657617:,1747647670288
counter/5/0/0/0,9875:1747647657051:,1747647670288
counter/1/0/0/0,11194:1747647658293:,1747647670289
counter/4/0/0/0,10368:1747647658556:,1747647670289
counter/3/0/0/0,10556:1747647658080:,1747647670289
counter/2/0/0/0,9913:1747647656647:,1747647670290
counter/2/0/0/0,9914:1747647656647:,1747647670290
counter/2/0/0/0,9915:1747647656647:,1747647670290
counter/2/0/0/0,9916:1747647656647:,1747647670290
counter/2/0/0/0,9917:1747647656647:,1747647670290
counter/2/0/0/0,9918:1747647656647:,1747647670290
counter/2/0/0/0,9919:1747647656647:,1747647670290
counter/4/0/0/0,10369:1747647658556:,1747647670291
counter/4/0/0/0,10370:1747647658556:,1747647670291
counter/4/0/0/0,10371:1747647658556:,1747647670291
counter/4/0/0/0,10372:1747647658556:,1747647670291
counter/4/0/0/0,10373:1747647658556:,1747647670291
counter/2/0/0/0,9920:1747647656647:,1747647670292
counter/9/0/0/0,10575:1747647657617:,1747647670292
counter/7/0/0/0,9910:1747647657681:,1747647670292
counter/7/0/0/0,9911:1747647657681:,1747647670292
counter/7/0/0/0,9912:1747647657681:,1747647670292
counter/4/0/0/0,10374:1747647658556:,1747647670292
counter/3/0/0/0,10557:1747647658080:,1747647670292
counter/3/0/0/0,10558:1747647658080:,1747647670292
counter/3/0/0/0,10559:1747647658080:,1747647670292
counter/3/0/0/0,10560:1747647658080:,1747647670292
counter/3/0/0/0,10561:1747647658080:,1747647670292
counter/3/0/0/0,10562:1747647658080:,1747647670292
counter/10/0/0/0,9291:1747647657056:,1747647670292
counter/7/0/0/0,9913:1747647657681:,1747647670293
counter/7/0/0/0,9914:1747647657681:,1747647670293
counter/7/0/0/0,9915:1747647657682:,1747647670293
counter/8/0/0/0,10129:1747647657001:,1747647670294
counter/8/0/0/0,10130:1747647657001:,1747647670294
counter/8/0/0/0,10131:1747647657001:,1747647670294
counter/8/0/0/0,10132:1747647657001:,1747647670294
counter/8/0/0/0,10133:1747647657001:,1747647670294
counter/8/0/0/0,10134:1747647657001:,1747647670294
counter/8/0/0/0,10135:1747647657001:,1747647670294
counter/8/0/0/0,10136:1747647657001:,1747647670294
counter/8/0/0/0,10137:1747647657001:,1747647670294
counter/2/0/0/0,9921:1747647656647:,1747647670294
counter/4/0/0/0,10375:1747647658556:,1747647670294
counter/4/0/0/0,10376:1747647658556:,1747647670294
counter/4/0/0/0,10377:1747647658556:,1747647670294
counter/4/0/0/0,10378:1747647658556:,1747647670295
counter/4/0/0/0,10379:1747647658556:,1747647670295
counter/4/0/0/0,10380:1747647658556:,1747647670295
counter/4/0/0/0,10381:1747647658556:,1747647670295
counter/4/0/0/0,10382:1747647658559:,1747647670295
counter/4/0/0/0,10383:1747647658560:,1747647670295
counter/4/0/0/0,10384:1747647658560:,1747647670295
counter/4/0/0/0,10385:1747647658560:,1747647670295
counter/1/0/0/0,11195:1747647658307:,1747647670295
counter/4/0/0/0,10386:1747647658560:,1747647670295
counter/4/0/0/0,10387:1747647658575:,1747647670296
counter/4/0/0/0,10388:1747647658575:,1747647670296
counter/4/0/0/0,10389:1747647658575:,1747647670296
counter/4/0/0/0,10390:1747647658575:,1747647670296
counter/4/0/0/0,10391:1747647658575:,1747647670296
counter/4/0/0/0,10392:1747647658575:,1747647670296
counter/4/0/0/0,10393:1747647658575:,1747647670296
counter/4/0/0/0,10394:1747647658575:,1747647670296
counter/4/0/0/0,10395:1747647658581:,1747647670296
counter/4/0/0/0,10396:1747647658581:,1747647670296
counter/4/0/0/0,10397:1747647658581:,1747647670296
counter/4/0/0/0,10398:1747647658581:,1747647670296
counter/2/0/0/0,9922:1747647656647:,1747647670296
counter/6/0/0/0,9252:1747647657758:,1747647670297
counter/2/0/0/0,9923:1747647656647:,1747647670298
counter/5/0/0/0,9876:1747647657051:,1747647670298
counter/7/0/0/0,9916:1747647657682:,1747647670298
counter/10/0/0/0,9292:1747647657056:,1747647670298
counter/9/0/0/0,10576:1747647657617:,1747647670298
counter/2/0/0/0,9924:1747647656647:,1747647670299
counter/2/0/0/0,9925:1747647656647:,1747647670299
counter/2/0/0/0,9926:1747647656647:,1747647670299
counter/2/0/0/0,9927:1747647656647:,1747647670299
counter/2/0/0/0,9928:1747647656647:,1747647670299
counter/6/0/0/0,9253:1747647657758:,1747647670299
counter/2/0/0/0,9929:1747647656647:,1747647670300
counter/2/0/0/0,9930:1747647656647:,1747647670300
counter/2/0/0/0,9931:1747647656647:,1747647670300
counter/6/0/0/0,9254:1747647657758:,1747647670300
counter/2/0/0/0,9932:1747647656647:,1747647670300
counter/7/0/0/0,9917:1747647657682:,1747647670300
counter/9/0/0/0,10577:1747647657617:,1747647670300
counter/2/0/0/0,9933:1747647656647:,1747647670300
counter/2/0/0/0,9934:1747647656647:,1747647670301
counter/9/0/0/0,10578:1747647657617:,1747647670301
counter/9/0/0/0,10579:1747647657617:,1747647670301
counter/9/0/0/0,10580:1747647657617:,1747647670301
counter/9/0/0/0,10581:1747647657617:,1747647670301
counter/9/0/0/0,10582:1747647657617:,1747647670301
counter/9/0/0/0,10583:1747647657617:,1747647670301
counter/3/0/0/0,10563:1747647658080:,1747647670302
counter/4/0/0/0,10399:1747647658870:,1747647670302
counter/4/0/0/0,10400:1747647658871:,1747647670302
counter/4/0/0/0,10401:1747647658872:,1747647670302
counter/4/0/0/0,10402:1747647658876:,1747647670302
counter/4/0/0/0,10403:1747647658882:,1747647670302
counter/4/0/0/0,10404:1747647658884:,1747647670302
counter/4/0/0/0,10405:1747647658885:,1747647670302
counter/4/0/0/0,10406:1747647658888:,1747647670302
counter/4/0/0/0,10407:1747647658888:,1747647670302
counter/1/0/0/0,11196:1747647658307:,1747647670302
counter/2/0/0/0,9935:1747647656647:,1747647670302
counter/4/0/0/0,10408:1747647658891:,1747647670303
counter/4/0/0/0,10409:1747647658905:,1747647670303
counter/4/0/0/0,10410:1747647658905:,1747647670303
counter/4/0/0/0,10411:1747647658908:,1747647670303
counter/4/0/0/0,10412:1747647658909:,1747647670303
counter/4/0/0/0,10413:1747647658918:,1747647670303
counter/4/0/0/0,10414:1747647658927:,1747647670303
counter/7/0/0/0,9918:1747647657684:,1747647670303
counter/6/0/0/0,9255:1747647657758:,1747647670304
counter/6/0/0/0,9256:1747647657758:,1747647670304
counter/6/0/0/0,9257:1747647657758:,1747647670304
counter/6/0/0/0,9258:1747647657758:,1747647670304
counter/6/0/0/0,9259:1747647657758:,1747647670304
counter/6/0/0/0,9260:1747647657758:,1747647670304
counter/8/0/0/0,10138:1747647657003:,1747647670305
counter/10/0/0/0,9293:1747647657057:,1747647670305
counter/5/0/0/0,9877:1747647657051:,1747647670305
counter/10/0/0/0,9294:1747647657057:,1747647670305
counter/10/0/0/0,9295:1747647657058:,1747647670305
counter/10/0/0/0,9296:1747647657058:,1747647670305
counter/10/0/0/0,9297:1747647657058:,1747647670305
counter/10/0/0/0,9298:1747647657058:,1747647670305
counter/10/0/0/0,9299:1747647657058:,1747647670305
counter/10/0/0/0,9300:1747647657059:,1747647670305
counter/10/0/0/0,9301:1747647657059:,1747647670305
counter/10/0/0/0,9302:1747647657059:,1747647670305
counter/10/0/0/0,9303:1747647657059:,1747647670306
counter/4/0/0/0,10415:1747647658928:,1747647670307
counter/4/0/0/0,10416:1747647658932:,1747647670307
counter/4/0/0/0,10417:1747647658932:,1747647670307
counter/4/0/0/0,10418:1747647658932:,1747647670307
counter/4/0/0/0,10419:1747647658932:,1747647670307
counter/4/0/0/0,10420:1747647658932:,1747647670307
counter/4/0/0/0,10421:1747647658936:,1747647670307
counter/4/0/0/0,10422:1747647658936:,1747647670307
counter/4/0/0/0,10423:1747647658936:,1747647670307
counter/4/0/0/0,10424:1747647658936:,1747647670307
counter/4/0/0/0,10425:1747647658936:,1747647670307
counter/4/0/0/0,10426:1747647658936:,1747647670307
counter/4/0/0/0,10427:1747647658936:,1747647670307
counter/4/0/0/0,10428:1747647658936:,1747647670307
counter/4/0/0/0,10429:1747647658936:,1747647670307
counter/7/0/0/0,9919:1747647657684:,1747647670308
counter/6/0/0/0,9261:1747647657758:,1747647670308
counter/7/0/0/0,9920:1747647657684:,1747647670308
counter/7/0/0/0,9921:1747647657684:,1747647670308
counter/7/0/0/0,9922:1747647657684:,1747647670308
counter/7/0/0/0,9923:1747647657684:,1747647670308
counter/7/0/0/0,9924:1747647657684:,1747647670308
counter/7/0/0/0,9925:1747647657684:,1747647670308
counter/1/0/0/0,11197:1747647658307:,1747647670309
counter/9/0/0/0,10584:1747647657617:,1747647670309
counter/9/0/0/0,10585:1747647657617:,1747647670309
counter/9/0/0/0,10586:1747647657617:,1747647670309
counter/9/0/0/0,10587:1747647657617:,1747647670309
counter/9/0/0/0,10588:1747647657617:,1747647670309
counter/2/0/0/0,9936:1747647656647:,1747647670310
counter/2/0/0/0,9937:1747647656648:,1747647670310
counter/2/0/0/0,9938:1747647656648:,1747647670310
counter/10/0/0/0,9304:1747647657059:,1747647670310
counter/6/0/0/0,9262:1747647657758:,1747647670311
counter/6/0/0/0,9263:1747647657760:,1747647670311
counter/6/0/0/0,9264:1747647657760:,1747647670311
counter/6/0/0/0,9265:1747647657760:,1747647670311
counter/6/0/0/0,9266:1747647657760:,1747647670311
counter/6/0/0/0,9267:1747647657770:,1747647670311
counter/6/0/0/0,9268:1747647657772:,1747647670312
counter/3/0/0/0,10564:1747647658080:,1747647670313
counter/3/0/0/0,10565:1747647658080:,1747647670313
counter/3/0/0/0,10566:1747647658085:,1747647670313
counter/3/0/0/0,10567:1747647658085:,1747647670313
counter/3/0/0/0,10568:1747647658085:,1747647670313
counter/3/0/0/0,10569:1747647658085:,1747647670313
counter/3/0/0/0,10570:1747647658085:,1747647670313
counter/5/0/0/0,9878:1747647657055:,1747647670313
counter/8/0/0/0,10139:1747647657003:,1747647670313
counter/8/0/0/0,10140:1747647657003:,1747647670314
counter/8/0/0/0,10141:1747647657003:,1747647670314
counter/4/0/0/0,10430:1747647658937:,1747647670315
counter/8/0/0/0,10142:1747647657003:,1747647670316
counter/7/0/0/0,9926:1747647657684:,1747647670316
counter/10/0/0/0,9305:1747647657059:,1747647670317
counter/4/0/0/0,10431:1747647658944:,1747647670317
counter/10/0/0/0,9306:1747647657059:,1747647670317
counter/4/0/0/0,10432:1747647658947:,1747647670317
counter/4/0/0/0,10433:1747647658947:,1747647670317
counter/4/0/0/0,10434:1747647658947:,1747647670317
counter/9/0/0/0,10589:1747647657618:,1747647670317
counter/3/0/0/0,10571:1747647658085:,1747647670317
counter/3/0/0/0,10572:1747647658085:,1747647670317
counter/3/0/0/0,10573:1747647658085:,1747647670317
counter/7/0/0/0,9927:1747647657684:,1747647670317
counter/5/0/0/0,9879:1747647657055:,1747647670320
counter/5/0/0/0,9880:1747647657055:,1747647670320
counter/5/0/0/0,9881:1747647657055:,1747647670320
counter/5/0/0/0,9882:1747647657055:,1747647670320
counter/5/0/0/0,9883:1747647657055:,1747647670320
counter/5/0/0/0,9884:1747647657055:,1747647670320
counter/5/0/0/0,9885:1747647657056:,1747647670320
counter/5/0/0/0,9886:1747647657056:,1747647670320
counter/5/0/0/0,9887:1747647657056:,1747647670320
counter/5/0/0/0,9888:1747647657056:,1747647670320
counter/5/0/0/0,9889:1747647657056:,1747647670320
counter/5/0/0/0,9890:1747647657056:,1747647670320
counter/5/0/0/0,9891:1747647657056:,1747647670320
counter/5/0/0/0,9892:1747647657056:,1747647670321
counter/5/0/0/0,9893:1747647657056:,1747647670321
counter/5/0/0/0,9894:1747647657056:,1747647670321
counter/5/0/0/0,9895:1747647657056:,1747647670321
counter/5/0/0/0,9896:1747647657056:,1747647670321
counter/9/0/0/0,10590:1747647657618:,1747647670321
counter/1/0/0/0,11198:1747647658320:,1747647670321
counter/7/0/0/0,9928:1747647657684:,1747647670321
counter/7/0/0/0,9929:1747647657684:,1747647670321
counter/2/0/0/0,9939:1747647656648:,1747647670321
counter/2/0/0/0,9940:1747647656665:,1747647670321
counter/2/0/0/0,9941:1747647656665:,1747647670321
counter/4/0/0/0,10435:1747647658947:,1747647670322
counter/8/0/0/0,10143:1747647657003:,1747647670322
counter/6/0/0/0,9269:1747647657773:,1747647670324
counter/6/0/0/0,9270:1747647657773:,1747647670324
counter/9/0/0/0,10591:1747647657619:,1747647670324
counter/6/0/0/0,9271:1747647657773:,1747647670324
counter/4/0/0/0,10436:1747647658947:,1747647670324
counter/6/0/0/0,9272:1747647657773:,1747647670324
counter/6/0/0/0,9273:1747647657773:,1747647670324
counter/9/0/0/0,10592:1747647657619:,1747647670325
counter/9/0/0/0,10593:1747647657621:,1747647670325
counter/9/0/0/0,10594:1747647657621:,1747647670325
counter/9/0/0/0,10595:1747647657621:,1747647670325
counter/9/0/0/0,10596:1747647657621:,1747647670325
counter/9/0/0/0,10597:1747647657621:,1747647670325
counter/9/0/0/0,10598:1747647657621:,1747647670325
counter/9/0/0/0,10599:1747647657621:,1747647670325
counter/5/0/0/0,9897:1747647657063:,1747647670325
counter/9/0/0/0,10600:1747647657621:,1747647670325
counter/10/0/0/0,9307:1747647657059:,1747647670325
counter/10/0/0/0,9308:1747647657059:,1747647670325
counter/10/0/0/0,9309:1747647657059:,1747647670325
counter/10/0/0/0,9310:1747647657065:,1747647670325
counter/10/0/0/0,9311:1747647657065:,1747647670325
counter/6/0/0/0,9274:1747647657773:,1747647670325
counter/6/0/0/0,9275:1747647657773:,1747647670326
counter/6/0/0/0,9276:1747647657773:,1747647670326
counter/6/0/0/0,9277:1747647657773:,1747647670326
counter/6/0/0/0,9278:1747647657773:,1747647670326
counter/6/0/0/0,9279:1747647657773:,1747647670326
counter/6/0/0/0,9280:1747647657773:,1747647670326
counter/6/0/0/0,9281:1747647657773:,1747647670326
counter/8/0/0/0,10144:1747647657003:,1747647670326
counter/1/0/0/0,11199:1747647658320:,1747647670326
counter/10/0/0/0,9312:1747647657065:,1747647670326
counter/10/0/0/0,9313:1747647657065:,1747647670326
counter/10/0/0/0,9314:1747647657065:,1747647670326
counter/10/0/0/0,9315:1747647657065:,1747647670326
counter/10/0/0/0,9316:1747647657065:,1747647670326
counter/7/0/0/0,9930:1747647657684:,1747647670327
counter/2/0/0/0,9942:1747647656666:,1747647670327
counter/4/0/0/0,10437:1747647658947:,1747647670327
counter/4/0/0/0,10438:1747647658962:,1747647670327
counter/4/0/0/0,10439:1747647658962:,1747647670327
counter/4/0/0/0,10440:1747647658962:,1747647670327
counter/1/0/0/0,11200:1747647658336:,1747647670327
counter/10/0/0/0,9317:1747647657065:,1747647670327
counter/10/0/0/0,9318:1747647657082:,1747647670328
counter/5/0/0/0,9898:1747647657063:,1747647670328
counter/10/0/0/0,9319:1747647657082:,1747647670329
counter/10/0/0/0,9320:1747647657082:,1747647670329
counter/2/0/0/0,9943:1747647656666:,1747647670330
counter/10/0/0/0,9321:1747647657082:,1747647670330
counter/9/0/0/0,10601:1747647657621:,1747647670330
counter/4/0/0/0,10441:1747647658962:,1747647670330
counter/9/0/0/0,10602:1747647657621:,1747647670330
counter/4/0/0/0,10442:1747647658963:,1747647670330
counter/4/0/0/0,10443:1747647658963:,1747647670330
counter/4/0/0/0,10444:1747647658963:,1747647670330
counter/7/0/0/0,9931:1747647657684:,1747647670330
counter/9/0/0/0,10603:1747647657622:,1747647670330
counter/4/0/0/0,10445:1747647658963:,1747647670331
counter/9/0/0/0,10604:1747647657622:,1747647670331
counter/1/0/0/0,11201:1747647658336:,1747647670332
counter/7/0/0/0,9932:1747647657698:,1747647670332
counter/8/0/0/0,10145:1747647657013:,1747647670333
counter/6/0/0/0,9282:1747647657773:,1747647670334
counter/6/0/0/0,9283:1747647657773:,1747647670334
counter/6/0/0/0,9284:1747647657773:,1747647670335
counter/6/0/0/0,9285:1747647657773:,1747647670335
counter/6/0/0/0,9286:1747647657775:,1747647670335
counter/6/0/0/0,9287:1747647657775:,1747647670335
counter/6/0/0/0,9288:1747647657775:,1747647670335
counter/6/0/0/0,9289:1747647657775:,1747647670335
counter/6/0/0/0,9290:1747647657775:,1747647670335
counter/6/0/0/0,9291:1747647657775:,1747647670335
counter/6/0/0/0,9292:1747647657775:,1747647670335
counter/6/0/0/0,9293:1747647657775:,1747647670335
counter/7/0/0/0,9933:1747647657698:,1747647670337
counter/8/0/0/0,10146:1747647657013:,1747647670337
counter/6/0/0/0,9294:1747647657775:,1747647670337
counter/9/0/0/0,10605:1747647657624:,1747647670337
counter/4/0/0/0,10446:1747647658963:,1747647670338
counter/2/0/0/0,9944:1747647656666:,1747647670338
counter/2/0/0/0,9945:1747647656666:,1747647670338
counter/2/0/0/0,9946:1747647656666:,1747647670338
counter/2/0/0/0,9947:1747647656666:,1747647670338
counter/1/0/0/0,11202:1747647658336:,1747647670341
counter/7/0/0/0,9934:1747647657698:,1747647670341
counter/7/0/0/0,9935:1747647657698:,1747647670341
counter/9/0/0/0,10606:1747647657624:,1747647670341
counter/9/0/0/0,10607:1747647657624:,1747647670341
counter/9/0/0/0,10608:1747647657624:,1747647670342
counter/9/0/0/0,10609:1747647657624:,1747647670342
counter/3/0/0/0,10574:1747647658085:,1747647670342
counter/9/0/0/0,10610:1747647657624:,1747647670342
counter/3/0/0/0,10575:1747647658085:,1747647670342
counter/9/0/0/0,10611:1747647657624:,1747647670342
counter/3/0/0/0,10576:1747647658085:,1747647670342
counter/3/0/0/0,10577:1747647658085:,1747647670342
counter/3/0/0/0,10578:1747647658085:,1747647670343
counter/3/0/0/0,10579:1747647658085:,1747647670343
counter/3/0/0/0,10580:1747647658085:,1747647670343
counter/6/0/0/0,9295:1747647657775:,1747647670343
counter/5/0/0/0,9899:1747647657063:,1747647670343
counter/4/0/0/0,10447:1747647658963:,1747647670343
counter/5/0/0/0,9900:1747647657063:,1747647670343
counter/8/0/0/0,10147:1747647657013:,1747647670343
counter/4/0/0/0,10448:1747647658963:,1747647670344
counter/4/0/0/0,10449:1747647658963:,1747647670344
counter/4/0/0/0,10450:1747647658963:,1747647670344
counter/4/0/0/0,10451:1747647658963:,1747647670344
counter/4/0/0/0,10452:1747647658963:,1747647670344
counter/4/0/0/0,10453:1747647658974:,1747647670344
counter/4/0/0/0,10454:1747647658974:,1747647670344
counter/8/0/0/0,10148:1747647657013:,1747647670344
counter/2/0/0/0,9948:1747647656666:,1747647670346
counter/2/0/0/0,9949:1747647656676:,1747647670346
counter/2/0/0/0,9950:1747647656676:,1747647670346
counter/2/0/0/0,9951:1747647656676:,1747647670346
counter/2/0/0/0,9952:1747647656676:,1747647670346
counter/8/0/0/0,10149:1747647657013:,1747647670346
counter/2/0/0/0,9953:1747647656677:,1747647670346
counter/1/0/0/0,11203:1747647658337:,1747647670347
counter/1/0/0/0,11204:1747647658337:,1747647670347
counter/9/0/0/0,10612:1747647657624:,1747647670348
counter/7/0/0/0,9936:1747647657698:,1747647670348
counter/1/0/0/0,11205:1747647658337:,1747647670351
counter/2/0/0/0,9954:1747647656677:,1747647670352
counter/2/0/0/0,9955:1747647656677:,1747647670352
counter/2/0/0/0,9956:1747647656677:,1747647670352
counter/2/0/0/0,9957:1747647656677:,1747647670352
counter/6/0/0/0,9296:1747647657775:,1747647670352
counter/5/0/0/0,9901:1747647657063:,1747647670352
counter/9/0/0/0,10613:1747647657624:,1747647670352
counter/9/0/0/0,10614:1747647657624:,1747647670352
counter/7/0/0/0,9937:1747647657698:,1747647670352
counter/1/0/0/0,11206:1747647658337:,1747647670353
counter/4/0/0/0,10455:1747647658974:,1747647670353
counter/7/0/0/0,9938:1747647657698:,1747647670353
counter/7/0/0/0,9939:1747647657698:,1747647670354
counter/7/0/0/0,9940:1747647657698:,1747647670354
counter/1/0/0/0,11207:1747647658337:,1747647670354
counter/6/0/0/0,9297:1747647657775:,1747647670354
counter/4/0/0/0,10456:1747647658974:,1747647670355
counter/2/0/0/0,9958:1747647656677:,1747647670355
counter/2/0/0/0,9959:1747647656677:,1747647670355
counter/2/0/0/0,9960:1747647656677:,1747647670355
counter/2/0/0/0,9961:1747647656677:,1747647670355
counter/4/0/0/0,10457:1747647658974:,1747647670355
counter/7/0/0/0,9941:1747647657698:,1747647670356
counter/4/0/0/0,10458:1747647658974:,1747647670356
counter/4/0/0/0,10459:1747647658974:,1747647670356
counter/4/0/0/0,10460:1747647658974:,1747647670356
counter/4/0/0/0,10461:1747647658974:,1747647670356
counter/4/0/0/0,10462:1747647658974:,1747647670356
counter/4/0/0/0,10463:1747647658974:,1747647670356
counter/1/0/0/0,11208:1747647658337:,1747647670357
counter/1/0/0/0,11209:1747647658338:,1747647670357
counter/1/0/0/0,11210:1747647658338:,1747647670357
counter/1/0/0/0,11211:1747647658338:,1747647670357
counter/1/0/0/0,11212:1747647658338:,1747647670357
counter/1/0/0/0,11213:1747647658338:,1747647670357
counter/7/0/0/0,9942:1747647657698:,1747647670357
counter/8/0/0/0,10150:1747647657013:,1747647670357
counter/8/0/0/0,10151:1747647657013:,1747647670357
counter/8/0/0/0,10152:1747647657013:,1747647670357
counter/8/0/0/0,10153:1747647657013:,1747647670357
counter/10/0/0/0,9322:1747647657082:,1747647670357
counter/9/0/0/0,10615:1747647657624:,1747647670358
counter/9/0/0/0,10616:1747647657624:,1747647670358
counter/9/0/0/0,10617:1747647657624:,1747647670358
counter/2/0/0/0,9962:1747647656677:,1747647670358
counter/2/0/0/0,9963:1747647656677:,1747647670358
counter/2/0/0/0,9964:1747647656677:,1747647670358
counter/2/0/0/0,9965:1747647656677:,1747647670359
counter/2/0/0/0,9966:1747647656677:,1747647670359
counter/2/0/0/0,9967:1747647656677:,1747647670359
counter/2/0/0/0,9968:1747647656677:,1747647670359
counter/2/0/0/0,9969:1747647656677:,1747647670359
counter/2/0/0/0,9970:1747647656677:,1747647670359
counter/2/0/0/0,9971:1747647656677:,1747647670359
counter/2/0/0/0,9972:1747647656677:,1747647670360
counter/7/0/0/0,9943:1747647657698:,1747647670360
counter/8/0/0/0,10154:1747647657019:,1747647670360
counter/7/0/0/0,9944:1747647657702:,1747647670360
counter/7/0/0/0,9945:1747647657702:,1747647670360
counter/5/0/0/0,9902:1747647657063:,1747647670360
counter/5/0/0/0,9903:1747647657064:,1747647670361
counter/5/0/0/0,9904:1747647657064:,1747647670363
counter/5/0/0/0,9905:1747647657064:,1747647670363
counter/5/0/0/0,9906:1747647657067:,1747647670363
counter/5/0/0/0,9907:1747647657068:,1747647670363
counter/5/0/0/0,9908:1747647657068:,1747647670363
counter/5/0/0/0,9909:1747647657068:,1747647670363
counter/5/0/0/0,9910:1747647657068:,1747647670363
counter/5/0/0/0,9911:1747647657068:,1747647670364
counter/4/0/0/0,10464:1747647658974:,1747647670364
counter/4/0/0/0,10465:1747647658977:,1747647670364
counter/4/0/0/0,10466:1747647658977:,1747647670364
counter/4/0/0/0,10467:1747647658977:,1747647670365
counter/4/0/0/0,10468:1747647658977:,1747647670365
counter/10/0/0/0,9323:1747647657083:,1747647670365
counter/5/0/0/0,9912:1747647657068:,1747647670365
counter/4/0/0/0,10469:1747647658977:,1747647670365
counter/7/0/0/0,9946:1747647657702:,1747647670366
counter/3/0/0/0,10581:1747647658087:,1747647670367
counter/3/0/0/0,10582:1747647658087:,1747647670367
counter/8/0/0/0,10155:1747647657019:,1747647670367
counter/3/0/0/0,10583:1747647658087:,1747647670367
counter/3/0/0/0,10584:1747647658087:,1747647670367
counter/3/0/0/0,10585:1747647658087:,1747647670367
counter/3/0/0/0,10586:1747647658087:,1747647670367
counter/3/0/0/0,10587:1747647658087:,1747647670367
counter/3/0/0/0,10588:1747647658087:,1747647670367
counter/3/0/0/0,10589:1747647658087:,1747647670367
counter/3/0/0/0,10590:1747647658087:,1747647670367
counter/3/0/0/0,10591:1747647658090:,1747647670367
counter/3/0/0/0,10592:1747647658090:,1747647670368
counter/8/0/0/0,10156:1747647657019:,1747647670368
counter/8/0/0/0,10157:1747647657019:,1747647670368
counter/8/0/0/0,10158:1747647657019:,1747647670368
counter/10/0/0/0,9324:1747647657083:,1747647670368
counter/8/0/0/0,10159:1747647657019:,1747647670368
counter/7/0/0/0,9947:1747647657702:,1747647670368
counter/3/0/0/0,10593:1747647658091:,1747647670368
counter/3/0/0/0,10594:1747647658091:,1747647670368
counter/5/0/0/0,9913:1747647657068:,1747647670368
counter/5/0/0/0,9914:1747647657068:,1747647670368
counter/5/0/0/0,9915:1747647657068:,1747647670368
counter/5/0/0/0,9916:1747647657068:,1747647670368
counter/1/0/0/0,11214:1747647658338:,1747647670368
counter/6/0/0/0,9298:1747647657775:,1747647670368
counter/6/0/0/0,9299:1747647657775:,1747647670368
counter/6/0/0/0,9300:1747647657775:,1747647670369
counter/6/0/0/0,9301:1747647657775:,1747647670369
counter/6/0/0/0,9302:1747647657777:,1747647670369
counter/6/0/0/0,9303:1747647657777:,1747647670369
counter/6/0/0/0,9304:1747647657777:,1747647670369
counter/6/0/0/0,9305:1747647657777:,1747647670369
counter/6/0/0/0,9306:1747647657777:,1747647670369
counter/6/0/0/0,9307:1747647657777:,1747647670369
counter/6/0/0/0,9308:1747647657777:,1747647670369
counter/6/0/0/0,9309:1747647657778:,1747647670369
counter/5/0/0/0,9917:1747647657069:,1747647670369
counter/4/0/0/0,10470:1747647658977:,1747647670369
counter/5/0/0/0,9918:1747647657070:,1747647670369
counter/4/0/0/0,10471:1747647658977:,1747647670370
counter/1/0/0/0,11215:1747647658338:,1747647670370
counter/9/0/0/0,10618:1747647657624:,1747647670370
counter/3/0/0/0,10595:1747647658091:,1747647670370
counter/6/0/0/0,9310:1747647657778:,1747647670370
counter/3/0/0/0,10596:1747647658091:,1747647670370
counter/6/0/0/0,9311:1747647657778:,1747647670371
counter/1/0/0/0,11216:1747647658338:,1747647670372
counter/1/0/0/0,11217:1747647658338:,1747647670372
counter/8/0/0/0,10160:1747647657019:,1747647670372
counter/8/0/0/0,10161:1747647657019:,1747647670372
counter/8/0/0/0,10162:1747647657022:,1747647670372
counter/8/0/0/0,10163:1747647657022:,1747647670372
counter/9/0/0/0,10619:1747647657624:,1747647670373
counter/9/0/0/0,10620:1747647657631:,1747647670373
counter/10/0/0/0,9325:1747647657083:,1747647670373
counter/7/0/0/0,9948:1747647657702:,1747647670373
counter/7/0/0/0,9949:1747647657702:,1747647670373
counter/7/0/0/0,9950:1747647657702:,1747647670373
counter/7/0/0/0,9951:1747647657702:,1747647670373
counter/1/0/0/0,11218:1747647658350:,1747647670373
counter/3/0/0/0,10597:1747647658091:,1747647670373
counter/6/0/0/0,9312:1747647657778:,1747647670373
counter/1/0/0/0,11219:1747647658350:,1747647670374
counter/6/0/0/0,9313:1747647657778:,1747647670374
counter/9/0/0/0,10621:1747647657651:,1747647670375
counter/9/0/0/0,10622:1747647657651:,1747647670375
counter/9/0/0/0,10623:1747647657651:,1747647670375
counter/9/0/0/0,10624:1747647657651:,1747647670375
counter/9/0/0/0,10625:1747647657651:,1747647670376
counter/9/0/0/0,10626:1747647657651:,1747647670376
counter/9/0/0/0,10627:1747647657652:,1747647670376
counter/9/0/0/0,10628:1747647657652:,1747647670376
counter/1/0/0/0,11220:1747647658350:,1747647670376
counter/5/0/0/0,9919:1747647657070:,1747647670377
counter/5/0/0/0,9920:1747647657070:,1747647670377
counter/5/0/0/0,9921:1747647657070:,1747647670377
counter/5/0/0/0,9922:1747647657070:,1747647670377
counter/5/0/0/0,9923:1747647657070:,1747647670377
counter/5/0/0/0,9924:1747647657070:,1747647670377
counter/1/0/0/0,11221:1747647658350:,1747647670378
counter/1/0/0/0,11222:1747647658350:,1747647670378
counter/1/0/0/0,11223:1747647658350:,1747647670378
counter/5/0/0/0,9925:1747647657070:,1747647670379
counter/3/0/0/0,10598:1747647658091:,1747647670379
counter/7/0/0/0,9952:1747647657702:,1747647670379
counter/5/0/0/0,9926:1747647657070:,1747647670380
counter/9/0/0/0,10629:1747647657652:,1747647670380
counter/4/0/0/0,10472:1747647658979:,1747647670382
counter/10/0/0/0,9326:1747647657083:,1747647670383
counter/6/0/0/0,9314:1747647657778:,1747647670383
counter/6/0/0/0,9315:1747647657779:,1747647670383
counter/6/0/0/0,9316:1747647657779:,1747647670383
counter/8/0/0/0,10164:1747647657022:,1747647670383
counter/6/0/0/0,9317:1747647657779:,1747647670383
counter/8/0/0/0,10165:1747647657022:,1747647670383
counter/6/0/0/0,9318:1747647657779:,1747647670383
counter/8/0/0/0,10166:1747647657022:,1747647670384
counter/8/0/0/0,10167:1747647657023:,1747647670384
counter/8/0/0/0,10168:1747647657023:,1747647670384
counter/8/0/0/0,10169:1747647657023:,1747647670384
counter/8/0/0/0,10170:1747647657023:,1747647670384
counter/5/0/0/0,9927:1747647657070:,1747647670384
counter/5/0/0/0,9928:1747647657070:,1747647670384
counter/5/0/0/0,9929:1747647657070:,1747647670384
counter/5/0/0/0,9930:1747647657070:,1747647670384
counter/5/0/0/0,9931:1747647657070:,1747647670384
counter/5/0/0/0,9932:1747647657070:,1747647670384
counter/5/0/0/0,9933:1747647657070:,1747647670384
counter/5/0/0/0,9934:1747647657070:,1747647670384
counter/5/0/0/0,9935:1747647657071:,1747647670385
counter/2/0/0/0,9973:1747647656677:,1747647670385
counter/6/0/0/0,9319:1747647657780:,1747647670385
counter/10/0/0/0,9327:1747647657087:,1747647670385
counter/6/0/0/0,9320:1747647657780:,1747647670385
counter/1/0/0/0,11224:1747647658350:,1747647670386
counter/1/0/0/0,11225:1747647658350:,1747647670386
counter/10/0/0/0,9328:1747647657094:,1747647670386
counter/9/0/0/0,10630:1747647657652:,1747647670386
counter/7/0/0/0,9953:1747647657702:,1747647670386
counter/3/0/0/0,10599:1747647658091:,1747647670386
counter/4/0/0/0,10473:1747647658979:,1747647670386
counter/4/0/0/0,10474:1747647658983:,1747647670386
counter/4/0/0/0,10475:1747647658983:,1747647670387
counter/4/0/0/0,10476:1747647658983:,1747647670387
counter/4/0/0/0,10477:1747647658987:,1747647670387
counter/4/0/0/0,10478:1747647658987:,1747647670387
counter/4/0/0/0,10479:1747647658987:,1747647670387
counter/10/0/0/0,9329:1747647657094:,1747647670387
counter/10/0/0/0,9330:1747647657094:,1747647670387
counter/10/0/0/0,9331:1747647657094:,1747647670387
counter/10/0/0/0,9332:1747647657095:,1747647670387
counter/10/0/0/0,9333:1747647657095:,1747647670387
counter/10/0/0/0,9334:1747647657108:,1747647670387
counter/2/0/0/0,9974:1747647656677:,1747647670387
counter/5/0/0/0,9936:1747647657073:,1747647670388
counter/5/0/0/0,9937:1747647657073:,1747647670388
counter/9/0/0/0,10631:1747647657652:,1747647670389
counter/7/0/0/0,9954:1747647657702:,1747647670389
counter/7/0/0/0,9955:1747647657702:,1747647670390
counter/7/0/0/0,9956:1747647657703:,1747647670390
counter/10/0/0/0,9335:1747647657108:,1747647670390
counter/10/0/0/0,9336:1747647657108:,1747647670390
counter/8/0/0/0,10171:1747647657023:,1747647670390
counter/8/0/0/0,10172:1747647657023:,1747647670390
counter/8/0/0/0,10173:1747647657023:,1747647670390
counter/6/0/0/0,9321:1747647657780:,1747647670390
counter/3/0/0/0,10600:1747647658091:,1747647670390
counter/2/0/0/0,9975:1747647656677:,1747647670390
counter/3/0/0/0,10601:1747647658091:,1747647670391
counter/6/0/0/0,9322:1747647657780:,1747647670391
counter/6/0/0/0,9323:1747647657780:,1747647670391
counter/6/0/0/0,9324:1747647657780:,1747647670391
counter/6/0/0/0,9325:1747647657780:,1747647670391
counter/6/0/0/0,9326:1747647657783:,1747647670391
counter/6/0/0/0,9327:1747647657787:,1747647670391
counter/6/0/0/0,9328:1747647657787:,1747647670391
counter/6/0/0/0,9329:1747647657787:,1747647670391
counter/6/0/0/0,9330:1747647657787:,1747647670392
counter/6/0/0/0,9331:1747647657787:,1747647670392
counter/3/0/0/0,10602:1747647658091:,1747647670392
counter/1/0/0/0,11226:1747647658353:,1747647670392
counter/1/0/0/0,11227:1747647658353:,1747647670392
counter/1/0/0/0,11228:1747647658353:,1747647670392
counter/5/0/0/0,9938:1747647657073:,1747647670392
counter/8/0/0/0,10174:1747647657023:,1747647670392
counter/6/0/0/0,9332:1747647657787:,1747647670392
counter/6/0/0/0,9333:1747647657787:,1747647670392
counter/6/0/0/0,9334:1747647657797:,1747647670392
counter/6/0/0/0,9335:1747647657797:,1747647670392
counter/8/0/0/0,10175:1747647657023:,1747647670393
counter/8/0/0/0,10176:1747647657023:,1747647670393
counter/8/0/0/0,10177:1747647657023:,1747647670393
counter/8/0/0/0,10178:1747647657023:,1747647670393
counter/8/0/0/0,10179:1747647657023:,1747647670393
counter/8/0/0/0,10180:1747647657023:,1747647670393
counter/2/0/0/0,9976:1747647656677:,1747647670393
counter/4/0/0/0,10480:1747647658987:,1747647670393
counter/9/0/0/0,10632:1747647657652:,1747647670393
counter/4/0/0/0,10481:1747647658987:,1747647670394
counter/7/0/0/0,9957:1747647657703:,1747647670394
counter/7/0/0/0,9958:1747647657703:,1747647670394
counter/9/0/0/0,10633:1747647657652:,1747647670394
counter/9/0/0/0,10634:1747647657652:,1747647670394
counter/9/0/0/0,10635:1747647657652:,1747647670394
counter/9/0/0/0,10636:1747647657652:,1747647670394
counter/3/0/0/0,10603:1747647658091:,1747647670394
counter/3/0/0/0,10604:1747647658091:,1747647670394
counter/10/0/0/0,9337:1747647657108:,1747647670394
counter/10/0/0/0,9338:1747647657108:,1747647670395
counter/10/0/0/0,9339:1747647657108:,1747647670395
counter/10/0/0/0,9340:1747647657108:,1747647670395
counter/10/0/0/0,9341:1747647657108:,1747647670395
counter/9/0/0/0,10637:1747647657652:,1747647670396
counter/3/0/0/0,10605:1747647658091:,1747647670396
counter/9/0/0/0,10638:1747647657652:,1747647670396
counter/9/0/0/0,10639:1747647657652:,1747647670397
counter/9/0/0/0,10640:1747647657652:,1747647670397
counter/9/0/0/0,10641:1747647657652:,1747647670397
counter/9/0/0/0,10642:1747647657652:,1747647670397
counter/9/0/0/0,10643:1747647657652:,1747647670397
counter/2/0/0/0,9977:1747647656677:,1747647670397
counter/1/0/0/0,11229:1747647658353:,1747647670397
counter/6/0/0/0,9336:1747647657797:,1747647670397
counter/6/0/0/0,9337:1747647657797:,1747647670397
counter/6/0/0/0,9338:1747647657797:,1747647670397
counter/6/0/0/0,9339:1747647657797:,1747647670397
counter/6/0/0/0,9340:1747647657797:,1747647670397
counter/3/0/0/0,10606:1747647658098:,1747647670397
counter/5/0/0/0,9939:1747647657073:,1747647670398
counter/4/0/0/0,10482:1747647658987:,1747647670398
counter/1/0/0/0,11230:1747647658355:,1747647670398
counter/6/0/0/0,9341:1747647657797:,1747647670398
counter/6/0/0/0,9342:1747647657797:,1747647670399
counter/6/0/0/0,9343:1747647657797:,1747647670399
counter/5/0/0/0,9940:1747647657073:,1747647670399
counter/4/0/0/0,10483:1747647658987:,1747647670399
counter/4/0/0/0,10484:1747647658987:,1747647670399
counter/4/0/0/0,10485:1747647658987:,1747647670399
counter/4/0/0/0,10486:1747647658987:,1747647670399
counter/4/0/0/0,10487:1747647658993:,1747647670400
counter/4/0/0/0,10488:1747647658993:,1747647670400
counter/4/0/0/0,10489:1747647658994:,1747647670400
counter/4/0/0/0,10490:1747647658994:,1747647670400
counter/4/0/0/0,10491:1747647658994:,1747647670400
counter/4/0/0/0,10492:1747647658994:,1747647670400
counter/4/0/0/0,10493:1747647658994:,1747647670400
counter/3/0/0/0,10607:1747647658109:,1747647670400
counter/3/0/0/0,10608:1747647658126:,1747647670400
counter/3/0/0/0,10609:1747647658126:,1747647670400
counter/3/0/0/0,10610:1747647658126:,1747647670400
counter/8/0/0/0,10181:1747647657023:,1747647670400
counter/4/0/0/0,10494:1747647658994:,1747647670401
counter/3/0/0/0,10611:1747647658127:,1747647670401
counter/6/0/0/0,9344:1747647657797:,1747647670401
counter/3/0/0/0,10612:1747647658127:,1747647670401
counter/8/0/0/0,10182:1747647657023:,1747647670402
counter/10/0/0/0,9342:1747647657109:,1747647670402
counter/1/0/0/0,11231:1747647658355:,1747647670402
counter/9/0/0/0,10644:1747647657652:,1747647670402
counter/8/0/0/0,10183:1747647657023:,1747647670403
counter/5/0/0/0,9941:1747647657073:,1747647670403
counter/5/0/0/0,9942:1747647657073:,1747647670404
counter/5/0/0/0,9943:1747647657073:,1747647670404
counter/5/0/0/0,9944:1747647657073:,1747647670404
counter/5/0/0/0,9945:1747647657073:,1747647670404
counter/5/0/0/0,9946:1747647657079:,1747647670404
counter/5/0/0/0,9947:1747647657079:,1747647670404
counter/5/0/0/0,9948:1747647657079:,1747647670404
counter/5/0/0/0,9949:1747647657079:,1747647670404
counter/5/0/0/0,9950:1747647657079:,1747647670404
counter/5/0/0/0,9951:1747647657079:,1747647670404
counter/4/0/0/0,10495:1747647658994:,1747647670404
counter/2/0/0/0,9978:1747647656677:,1747647670404
counter/4/0/0/0,10496:1747647658994:,1747647670405
counter/4/0/0/0,10497:1747647658996:,1747647670405
counter/4/0/0/0,10498:1747647658996:,1747647670405
counter/4/0/0/0,10499:1747647658996:,1747647670405
counter/4/0/0/0,10500:1747647658996:,1747647670405
counter/4/0/0/0,10501:1747647658996:,1747647670405
counter/4/0/0/0,10502:1747647659003:,1747647670405
counter/4/0/0/0,10503:1747647659003:,1747647670405
counter/4/0/0/0,10504:1747647659003:,1747647670405
counter/4/0/0/0,10505:1747647659003:,1747647670405
counter/4/0/0/0,10506:1747647659003:,1747647670405
counter/4/0/0/0,10507:1747647659003:,1747647670405
counter/9/0/0/0,10645:1747647657652:,1747647670405
counter/9/0/0/0,10646:1747647657652:,1747647670405
counter/9/0/0/0,10647:1747647657652:,1747647670405
counter/9/0/0/0,10648:1747647657652:,1747647670406
counter/9/0/0/0,10649:1747647657652:,1747647670406
counter/9/0/0/0,10650:1747647657652:,1747647670406
counter/9/0/0/0,10651:1747647657652:,1747647670406
counter/3/0/0/0,10613:1747647658129:,1747647670406
counter/3/0/0/0,10614:1747647658131:,1747647670407
counter/3/0/0/0,10615:1747647658131:,1747647670407
counter/3/0/0/0,10616:1747647658131:,1747647670407
counter/3/0/0/0,10617:1747647658131:,1747647670407
counter/3/0/0/0,10618:1747647658131:,1747647670407
counter/7/0/0/0,9959:1747647657703:,1747647670407
counter/2/0/0/0,9979:1747647656684:,1747647670407
counter/2/0/0/0,9980:1747647656685:,1747647670407
counter/2/0/0/0,9981:1747647656685:,1747647670408
counter/2/0/0/0,9982:1747647656685:,1747647670408
counter/2/0/0/0,9983:1747647656685:,1747647670408
counter/2/0/0/0,9984:1747647656685:,1747647670408
counter/2/0/0/0,9985:1747647656685:,1747647670408
counter/2/0/0/0,9986:1747647656685:,1747647670408
counter/2/0/0/0,9987:1747647656685:,1747647670408
counter/2/0/0/0,9988:1747647656685:,1747647670408
counter/2/0/0/0,9989:1747647656687:,1747647670408
counter/2/0/0/0,9990:1747647656687:,1747647670408
counter/2/0/0/0,9991:1747647656687:,1747647670408
counter/2/0/0/0,9992:1747647656687:,1747647670408
counter/2/0/0/0,9993:1747647656687:,1747647670408
counter/2/0/0/0,9994:1747647656687:,1747647670409
counter/2/0/0/0,9995:1747647656687:,1747647670409
counter/2/0/0/0,9996:1747647656687:,1747647670409
counter/7/0/0/0,9960:1747647657703:,1747647670409
counter/8/0/0/0,10184:1747647657023:,1747647670409
counter/8/0/0/0,10185:1747647657023:,1747647670409
counter/8/0/0/0,10186:1747647657044:,1747647670409
counter/4/0/0/0,10508:1747647659006:,1747647670409
counter/1/0/0/0,11232:1747647658355:,1747647670409
counter/4/0/0/0,10509:1747647659006:,1747647670409
counter/4/0/0/0,10510:1747647659006:,1747647670410
counter/4/0/0/0,10511:1747647659007:,1747647670410
counter/4/0/0/0,10512:1747647659007:,1747647670410
counter/4/0/0/0,10513:1747647659007:,1747647670410
counter/4/0/0/0,10514:1747647659007:,1747647670410
counter/4/0/0/0,10515:1747647659007:,1747647670410
counter/4/0/0/0,10516:1747647659007:,1747647670410
counter/4/0/0/0,10517:1747647659008:,1747647670410
counter/4/0/0/0,10518:1747647659008:,1747647670410
counter/4/0/0/0,10519:1747647659008:,1747647670410
counter/4/0/0/0,10520:1747647659008:,1747647670410
counter/4/0/0/0,10521:1747647659008:,1747647670410
counter/4/0/0/0,10522:1747647659008:,1747647670411
counter/4/0/0/0,10523:1747647659008:,1747647670411
counter/4/0/0/0,10524:1747647659008:,1747647670411
counter/4/0/0/0,10525:1747647659011:,1747647670411
counter/9/0/0/0,10652:1747647657652:,1747647670411
counter/9/0/0/0,10653:1747647657654:,1747647670411
counter/9/0/0/0,10654:1747647657654:,1747647670411
counter/9/0/0/0,10655:1747647657654:,1747647670411
counter/9/0/0/0,10656:1747647657654:,1747647670411
counter/9/0/0/0,10657:1747647657654:,1747647670411
counter/9/0/0/0,10658:1747647657654:,1747647670411
counter/9/0/0/0,10659:1747647657654:,1747647670411
counter/1/0/0/0,11233:1747647658355:,1747647670411
counter/1/0/0/0,11234:1747647658355:,1747647670411
counter/1/0/0/0,11235:1747647658355:,1747647670412
counter/1/0/0/0,11236:1747647658355:,1747647670412
counter/2/0/0/0,9997:1747647656687:,1747647670412
counter/8/0/0/0,10187:1747647657046:,1747647670412
counter/8/0/0/0,10188:1747647657046:,1747647670412
counter/9/0/0/0,10660:1747647657654:,1747647670412
counter/8/0/0/0,10189:1747647657046:,1747647670412
counter/4/0/0/0,10526:1747647659011:,1747647670413
counter/5/0/0/0,9952:1747647657079:,1747647670413
counter/5/0/0/0,9953:1747647657079:,1747647670413
counter/5/0/0/0,9954:1747647657079:,1747647670413
counter/5/0/0/0,9955:1747647657079:,1747647670413
counter/5/0/0/0,9956:1747647657079:,1747647670413
counter/5/0/0/0,9957:1747647657079:,1747647670413
counter/8/0/0/0,10190:1747647657046:,1747647670413
counter/4/0/0/0,10527:1747647659013:,1747647670414
counter/10/0/0/0,9343:1747647657109:,1747647670415
counter/2/0/0/0,9998:1747647656687:,1747647670415
counter/9/0/0/0,10661:1747647657654:,1747647670415
counter/2/0/0/0,9999:1747647656687:,1747647670415
counter/2/0/0/0,10000:1747647656687:,1747647670415
counter/2/0/0/0,10001:1747647656687:,1747647670415
counter/2/0/0/0,10002:1747647656687:,1747647670415
counter/2/0/0/0,10003:1747647656687:,1747647670416
counter/2/0/0/0,10004:1747647656687:,1747647670416
counter/2/0/0/0,10005:1747647656687:,1747647670416
counter/2/0/0/0,10006:1747647656687:,1747647670416
counter/2/0/0/0,10007:1747647656687:,1747647670416
counter/2/0/0/0,10008:1747647656687:,1747647670416
counter/10/0/0/0,9344:1747647657110:,1747647670416
counter/1/0/0/0,11237:1747647658355:,1747647670416
counter/6/0/0/0,9345:1747647657797:,1747647670416
counter/8/0/0/0,10191:1747647657046:,1747647670416
counter/8/0/0/0,10192:1747647657046:,1747647670416
counter/8/0/0/0,10193:1747647657046:,1747647670416
counter/8/0/0/0,10194:1747647657046:,1747647670416
counter/8/0/0/0,10195:1747647657046:,1747647670416
counter/8/0/0/0,10196:1747647657046:,1747647670417
counter/8/0/0/0,10197:1747647657046:,1747647670417
counter/8/0/0/0,10198:1747647657046:,1747647670417
counter/8/0/0/0,10199:1747647657046:,1747647670417
counter/8/0/0/0,10200:1747647657046:,1747647670417
counter/10/0/0/0,9345:1747647657110:,1747647670417
counter/1/0/0/0,11238:1747647658355:,1747647670417
counter/3/0/0/0,10619:1747647658158:,1747647670417
counter/10/0/0/0,9346:1747647657115:,1747647670418
counter/10/0/0/0,9347:1747647657115:,1747647670418
counter/10/0/0/0,9348:1747647657115:,1747647670418
counter/10/0/0/0,9349:1747647657115:,1747647670418
counter/10/0/0/0,9350:1747647657115:,1747647670418
counter/3/0/0/0,10620:1747647658158:,1747647670418
counter/4/0/0/0,10528:1747647659013:,1747647670418
counter/7/0/0/0,9961:1747647657703:,1747647670418
counter/2/0/0/0,10009:1747647656687:,1747647670419
counter/9/0/0/0,10662:1747647657654:,1747647670419
counter/9/0/0/0,10663:1747647657654:,1747647670419
counter/9/0/0/0,10664:1747647657654:,1747647670419
counter/9/0/0/0,10665:1747647657654:,1747647670419
counter/9/0/0/0,10666:1747647657654:,1747647670419
counter/9/0/0/0,10667:1747647657669:,1747647670419
counter/4/0/0/0,10529:1747647659014:,1747647670419
counter/5/0/0/0,9958:1747647657079:,1747647670419
counter/4/0/0/0,10530:1747647659014:,1747647670419
counter/5/0/0/0,9959:1747647657079:,1747647670420
counter/5/0/0/0,9960:1747647657079:,1747647670420
counter/5/0/0/0,9961:1747647657079:,1747647670420
counter/5/0/0/0,9962:1747647657079:,1747647670420
counter/4/0/0/0,10531:1747647659014:,1747647670421
counter/4/0/0/0,10532:1747647659014:,1747647670421
counter/4/0/0/0,10533:1747647659014:,1747647670421
counter/4/0/0/0,10534:1747647659014:,1747647670421
counter/4/0/0/0,10535:1747647659014:,1747647670421
counter/4/0/0/0,10536:1747647659014:,1747647670421
counter/4/0/0/0,10537:1747647659014:,1747647670421
counter/4/0/0/0,10538:1747647659014:,1747647670421
counter/4/0/0/0,10539:1747647659014:,1747647670421
counter/4/0/0/0,10540:1747647659014:,1747647670421
counter/4/0/0/0,10541:1747647659036:,1747647670421
counter/1/0/0/0,11239:1747647658355:,1747647670421
counter/1/0/0/0,11240:1747647658355:,1747647670421
counter/1/0/0/0,11241:1747647658356:,1747647670421
counter/1/0/0/0,11242:1747647658356:,1747647670421
counter/1/0/0/0,11243:1747647658356:,1747647670421
counter/1/0/0/0,11244:1747647658356:,1747647670421
counter/1/0/0/0,11245:1747647658356:,1747647670421
counter/1/0/0/0,11246:1747647658358:,1747647670422
counter/1/0/0/0,11247:1747647658358:,1747647670422
counter/1/0/0/0,11248:1747647658358:,1747647670422
counter/1/0/0/0,11249:1747647658358:,1747647670422
counter/5/0/0/0,9963:1747647657081:,1747647670422
counter/5/0/0/0,9964:1747647657081:,1747647670422
counter/5/0/0/0,9965:1747647657081:,1747647670422
counter/1/0/0/0,11250:1747647658358:,1747647670422
counter/5/0/0/0,9966:1747647657081:,1747647670422
counter/1/0/0/0,11251:1747647658358:,1747647670422
counter/5/0/0/0,9967:1747647657081:,1747647670422
counter/1/0/0/0,11252:1747647658358:,1747647670422
counter/1/0/0/0,11253:1747647658358:,1747647670422
counter/1/0/0/0,11254:1747647658358:,1747647670422
counter/1/0/0/0,11255:1747647658358:,1747647670422
counter/1/0/0/0,11256:1747647658358:,1747647670422
counter/1/0/0/0,11257:1747647658358:,1747647670422
counter/1/0/0/0,11258:1747647658358:,1747647670422
counter/1/0/0/0,11259:1747647658358:,1747647670422
counter/1/0/0/0,11260:1747647658358:,1747647670423
counter/4/0/0/0,10542:1747647659037:,1747647670424
counter/4/0/0/0,10543:1747647659037:,1747647670424
counter/9/0/0/0,10668:1747647657669:,1747647670424
counter/6/0/0/0,9346:1747647657797:,1747647670424
counter/5/0/0/0,9968:1747647657081:,1747647670425
counter/5/0/0/0,9969:1747647657082:,1747647670425
counter/5/0/0/0,9970:1747647657082:,1747647670425
counter/5/0/0/0,9971:1747647657082:,1747647670425
counter/5/0/0/0,9972:1747647657082:,1747647670425
counter/5/0/0/0,9973:1747647657082:,1747647670426
counter/5/0/0/0,9974:1747647657082:,1747647670426
counter/1/0/0/0,11261:1747647658358:,1747647670426
counter/9/0/0/0,10669:1747647657669:,1747647670426
counter/6/0/0/0,9347:1747647657797:,1747647670426
counter/8/0/0/0,10201:1747647657046:,1747647670426
counter/8/0/0/0,10202:1747647657046:,1747647670426
counter/7/0/0/0,9962:1747647657703:,1747647670426
counter/7/0/0/0,9963:1747647657703:,1747647670426
counter/7/0/0/0,9964:1747647657703:,1747647670426
counter/6/0/0/0,9348:1747647657797:,1747647670427
counter/6/0/0/0,9349:1747647657797:,1747647670427
counter/6/0/0/0,9350:1747647657798:,1747647670427
counter/6/0/0/0,9351:1747647657798:,1747647670427
counter/6/0/0/0,9352:1747647657798:,1747647670428
counter/6/0/0/0,9353:1747647657805:,1747647670428
counter/3/0/0/0,10621:1747647658158:,1747647670428
counter/3/0/0/0,10622:1747647658158:,1747647670428
counter/3/0/0/0,10623:1747647658158:,1747647670428
counter/3/0/0/0,10624:1747647658158:,1747647670428
counter/3/0/0/0,10625:1747647658158:,1747647670428
counter/10/0/0/0,9351:1747647657115:,1747647670428
counter/3/0/0/0,10626:1747647658158:,1747647670428
counter/10/0/0/0,9352:1747647657122:,1747647670428
counter/3/0/0/0,10627:1747647658158:,1747647670428
counter/4/0/0/0,10544:1747647659037:,1747647670428
counter/3/0/0/0,10628:1747647658158:,1747647670428
counter/3/0/0/0,10629:1747647658158:,1747647670428
counter/4/0/0/0,10545:1747647659048:,1747647670429
counter/4/0/0/0,10546:1747647659048:,1747647670430
counter/4/0/0/0,10547:1747647659048:,1747647670430
counter/4/0/0/0,10548:1747647659049:,1747647670430
counter/4/0/0/0,10549:1747647659049:,1747647670430
counter/8/0/0/0,10203:1747647657048:,1747647670430
counter/7/0/0/0,9965:1747647657703:,1747647670430
counter/8/0/0/0,10204:1747647657053:,1747647670430
counter/7/0/0/0,9966:1747647657703:,1747647670430
counter/7/0/0/0,9967:1747647657703:,1747647670430
counter/3/0/0/0,10630:1747647658158:,1747647670430
counter/3/0/0/0,10631:1747647658158:,1747647670430
counter/3/0/0/0,10632:1747647658159:,1747647670430
counter/3/0/0/0,10633:1747647658162:,1747647670430
counter/10/0/0/0,9353:1747647657122:,1747647670430
counter/5/0/0/0,9975:1747647657082:,1747647670430
counter/1/0/0/0,11262:1747647658358:,1747647670431
counter/1/0/0/0,11263:1747647658361:,1747647670431
counter/1/0/0/0,11264:1747647658361:,1747647670431
counter/1/0/0/0,11265:1747647658362:,1747647670431
counter/1/0/0/0,11266:1747647658362:,1747647670431
counter/1/0/0/0,11267:1747647658362:,1747647670431
counter/1/0/0/0,11268:1747647658362:,1747647670431
counter/2/0/0/0,10010:1747647656687:,1747647670431
counter/4/0/0/0,10550:1747647659049:,1747647670431
counter/7/0/0/0,9968:1747647657703:,1747647670432
counter/3/0/0/0,10634:1747647658162:,1747647670432
counter/7/0/0/0,9969:1747647657703:,1747647670432
counter/7/0/0/0,9970:1747647657703:,1747647670432
counter/7/0/0/0,9971:1747647657703:,1747647670432
counter/7/0/0/0,9972:1747647657703:,1747647670433
counter/7/0/0/0,9973:1747647657703:,1747647670433
counter/7/0/0/0,9974:1747647657703:,1747647670433
counter/7/0/0/0,9975:1747647657703:,1747647670433
counter/7/0/0/0,9976:1747647657703:,1747647670433
counter/7/0/0/0,9977:1747647657703:,1747647670433
counter/6/0/0/0,9354:1747647657809:,1747647670433
counter/8/0/0/0,10205:1747647657059:,1747647670433
counter/5/0/0/0,9976:1747647657087:,1747647670434
counter/10/0/0/0,9354:1747647657122:,1747647670434
counter/6/0/0/0,9355:1747647657809:,1747647670434
counter/3/0/0/0,10635:1747647658162:,1747647670434
counter/1/0/0/0,11269:1747647658362:,1747647670434
counter/4/0/0/0,10551:1747647659049:,1747647670435
counter/7/0/0/0,9978:1747647657703:,1747647670436
counter/7/0/0/0,9979:1747647657703:,1747647670436
counter/7/0/0/0,9980:1747647657703:,1747647670436
counter/7/0/0/0,9981:1747647657703:,1747647670436
counter/7/0/0/0,9982:1747647657704:,1747647670436
counter/7/0/0/0,9983:1747647657704:,1747647670436
counter/7/0/0/0,9984:1747647657704:,1747647670436
counter/7/0/0/0,9985:1747647657704:,1747647670436
counter/7/0/0/0,9986:1747647657704:,1747647670436
counter/3/0/0/0,10636:1747647658162:,1747647670436
counter/1/0/0/0,11270:1747647658362:,1747647670436
counter/4/0/0/0,10552:1747647659050:,1747647670437
counter/8/0/0/0,10206:1747647657059:,1747647670437
counter/4/0/0/0,10553:1747647659050:,1747647670437
counter/4/0/0/0,10554:1747647659050:,1747647670437
counter/3/0/0/0,10637:1747647658162:,1747647670437
counter/1/0/0/0,11271:1747647658362:,1747647670437
counter/3/0/0/0,10638:1747647658162:,1747647670437
counter/5/0/0/0,9977:1747647657087:,1747647670438
counter/10/0/0/0,9355:1747647657122:,1747647670438
counter/2/0/0/0,10011:1747647656687:,1747647670438
counter/2/0/0/0,10012:1747647656687:,1747647670438
counter/2/0/0/0,10013:1747647656687:,1747647670438
counter/2/0/0/0,10014:1747647656687:,1747647670438
counter/2/0/0/0,10015:1747647656688:,1747647670438
counter/2/0/0/0,10016:1747647656688:,1747647670438
counter/2/0/0/0,10017:1747647656688:,1747647670439
counter/8/0/0/0,10207:1747647657059:,1747647670439
counter/9/0/0/0,10670:1747647657669:,1747647670439
counter/7/0/0/0,9987:1747647657708:,1747647670439
counter/1/0/0/0,11272:1747647658362:,1747647670439
counter/1/0/0/0,11273:1747647658362:,1747647670439
counter/1/0/0/0,11274:1747647658362:,1747647670439
counter/1/0/0/0,11275:1747647658362:,1747647670440
counter/1/0/0/0,11276:1747647658362:,1747647670440
counter/1/0/0/0,11277:1747647658362:,1747647670440
counter/1/0/0/0,11278:1747647658365:,1747647670440
counter/7/0/0/0,9988:1747647657708:,1747647670440
counter/7/0/0/0,9989:1747647657708:,1747647670440
counter/7/0/0/0,9990:1747647657708:,1747647670440
counter/7/0/0/0,9991:1747647657708:,1747647670440
counter/2/0/0/0,10018:1747647656688:,1747647670441
counter/5/0/0/0,9978:1747647657087:,1747647670441
counter/7/0/0/0,9992:1747647657709:,1747647670441
counter/5/0/0/0,9979:1747647657087:,1747647670441
counter/5/0/0/0,9980:1747647657087:,1747647670441
counter/5/0/0/0,9981:1747647657087:,1747647670441
counter/5/0/0/0,9982:1747647657087:,1747647670441
counter/5/0/0/0,9983:1747647657087:,1747647670441
counter/5/0/0/0,9984:1747647657087:,1747647670441
counter/8/0/0/0,10208:1747647657059:,1747647670441
counter/8/0/0/0,10209:1747647657059:,1747647670441
counter/8/0/0/0,10210:1747647657059:,1747647670441
counter/7/0/0/0,9993:1747647657709:,1747647670442
counter/7/0/0/0,9994:1747647657709:,1747647670442
counter/7/0/0/0,9995:1747647657709:,1747647670442
counter/7/0/0/0,9996:1747647657709:,1747647670442
counter/2/0/0/0,10019:1747647656688:,1747647670442
counter/5/0/0/0,9985:1747647657087:,1747647670442
counter/5/0/0/0,9986:1747647657091:,1747647670442
counter/5/0/0/0,9987:1747647657091:,1747647670442
counter/5/0/0/0,9988:1747647657091:,1747647670442
counter/5/0/0/0,9989:1747647657091:,1747647670442
counter/9/0/0/0,10671:1747647657669:,1747647670442
counter/8/0/0/0,10211:1747647657060:,1747647670442
counter/4/0/0/0,10555:1747647659050:,1747647670442
counter/10/0/0/0,9356:1747647657122:,1747647670442
counter/10/0/0/0,9357:1747647657122:,1747647670443
counter/7/0/0/0,9997:1747647657709:,1747647670443
counter/2/0/0/0,10020:1747647656688:,1747647670443
counter/2/0/0/0,10021:1747647656688:,1747647670443
counter/2/0/0/0,10022:1747647656688:,1747647670443
counter/2/0/0/0,10023:1747647656688:,1747647670443
counter/2/0/0/0,10024:1747647656688:,1747647670443
counter/2/0/0/0,10025:1747647656689:,1747647670443
counter/2/0/0/0,10026:1747647656696:,1747647670443
counter/2/0/0/0,10027:1747647656696:,1747647670443
counter/2/0/0/0,10028:1747647656696:,1747647670443
counter/2/0/0/0,10029:1747647656696:,1747647670443
counter/1/0/0/0,11279:1747647658392:,1747647670443
counter/5/0/0/0,9990:1747647657091:,1747647670444
counter/2/0/0/0,10030:1747647656696:,1747647670444
counter/8/0/0/0,10212:1747647657060:,1747647670444
counter/8/0/0/0,10213:1747647657060:,1747647670445
counter/8/0/0/0,10214:1747647657060:,1747647670445
counter/8/0/0/0,10215:1747647657060:,1747647670445
counter/8/0/0/0,10216:1747647657060:,1747647670445
counter/8/0/0/0,10217:1747647657060:,1747647670445
counter/8/0/0/0,10218:1747647657062:,1747647670445
counter/8/0/0/0,10219:1747647657066:,1747647670445
counter/8/0/0/0,10220:1747647657103:,1747647670445
counter/8/0/0/0,10221:1747647657103:,1747647670445
counter/10/0/0/0,9358:1747647657123:,1747647670445
counter/3/0/0/0,10639:1747647658163:,1747647670445
counter/6/0/0/0,9356:1747647657809:,1747647670445
counter/6/0/0/0,9357:1747647657809:,1747647670445
counter/6/0/0/0,9358:1747647657809:,1747647670445
counter/6/0/0/0,9359:1747647657809:,1747647670445
counter/6/0/0/0,9360:1747647657815:,1747647670446
counter/6/0/0/0,9361:1747647657815:,1747647670446
counter/6/0/0/0,9362:1747647657815:,1747647670446
counter/6/0/0/0,9363:1747647657815:,1747647670446
counter/6/0/0/0,9364:1747647657815:,1747647670446
counter/6/0/0/0,9365:1747647657815:,1747647670446
counter/6/0/0/0,9366:1747647657815:,1747647670446
counter/6/0/0/0,9367:1747647657815:,1747647670446
counter/6/0/0/0,9368:1747647657815:,1747647670446
counter/6/0/0/0,9369:1747647657815:,1747647670446
counter/7/0/0/0,9998:1747647657709:,1747647670446
counter/6/0/0/0,9370:1747647657815:,1747647670446
counter/7/0/0/0,9999:1747647657709:,1747647670446
counter/10/0/0/0,9359:1747647657123:,1747647670446
counter/7/0/0/0,10000:1747647657709:,1747647670446
counter/7/0/0/0,10001:1747647657712:,1747647670446
counter/7/0/0/0,10002:1747647657712:,1747647670446
counter/7/0/0/0,10003:1747647657712:,1747647670446
counter/7/0/0/0,10004:1747647657712:,1747647670446
counter/7/0/0/0,10005:1747647657712:,1747647670446
counter/7/0/0/0,10006:1747647657712:,1747647670446
counter/7/0/0/0,10007:1747647657712:,1747647670446
counter/7/0/0/0,10008:1747647657715:,1747647670446
counter/5/0/0/0,9991:1747647657091:,1747647670446
counter/2/0/0/0,10031:1747647656696:,1747647670446
counter/7/0/0/0,10009:1747647657715:,1747647670446
counter/7/0/0/0,10010:1747647657716:,1747647670446
counter/7/0/0/0,10011:1747647657717:,1747647670446
counter/7/0/0/0,10012:1747647657717:,1747647670447
counter/7/0/0/0,10013:1747647657717:,1747647670447
counter/7/0/0/0,10014:1747647657717:,1747647670447
counter/7/0/0/0,10015:1747647657717:,1747647670447
counter/7/0/0/0,10016:1747647657717:,1747647670447
counter/9/0/0/0,10672:1747647657669:,1747647670447
counter/8/0/0/0,10222:1747647657103:,1747647670447
counter/8/0/0/0,10223:1747647657104:,1747647670447
counter/8/0/0/0,10224:1747647657104:,1747647670447
counter/1/0/0/0,11280:1747647658398:,1747647670448
counter/1/0/0/0,11281:1747647658398:,1747647670448
counter/2/0/0/0,10032:1747647656696:,1747647670448
counter/1/0/0/0,11282:1747647658398:,1747647670448
counter/1/0/0/0,11283:1747647658398:,1747647670448
counter/1/0/0/0,11284:1747647658398:,1747647670448
counter/1/0/0/0,11285:1747647658398:,1747647670448
counter/5/0/0/0,9992:1747647657091:,1747647670448
counter/7/0/0/0,10017:1747647657717:,1747647670448
counter/5/0/0/0,9993:1747647657092:,1747647670449
counter/5/0/0/0,9994:1747647657092:,1747647670449
counter/5/0/0/0,9995:1747647657093:,1747647670449
counter/5/0/0/0,9996:1747647657093:,1747647670449
counter/3/0/0/0,10640:1747647658163:,1747647670449
counter/3/0/0/0,10641:1747647658163:,1747647670449
counter/3/0/0/0,10642:1747647658163:,1747647670449
counter/3/0/0/0,10643:1747647658163:,1747647670449
counter/3/0/0/0,10644:1747647658163:,1747647670449
counter/3/0/0/0,10645:1747647658163:,1747647670449
counter/3/0/0/0,10646:1747647658163:,1747647670449
counter/3/0/0/0,10647:1747647658163:,1747647670449
counter/4/0/0/0,10556:1747647659050:,1747647670449
counter/4/0/0/0,10557:1747647659050:,1747647670449
counter/4/0/0/0,10558:1747647659050:,1747647670450
counter/4/0/0/0,10559:1747647659050:,1747647670450
counter/4/0/0/0,10560:1747647659050:,1747647670450
counter/4/0/0/0,10561:1747647659050:,1747647670450
counter/1/0/0/0,11286:1747647658398:,1747647670450
counter/1/0/0/0,11287:1747647658398:,1747647670450
counter/1/0/0/0,11288:1747647658398:,1747647670450
counter/1/0/0/0,11289:1747647658398:,1747647670450
counter/4/0/0/0,10562:1747647659050:,1747647670450
counter/1/0/0/0,11290:1747647658398:,1747647670450
counter/7/0/0/0,10018:1747647657717:,1747647670450
counter/5/0/0/0,9997:1747647657093:,1747647670451
counter/5/0/0/0,9998:1747647657094:,1747647670451
counter/5/0/0/0,9999:1747647657094:,1747647670451
counter/5/0/0/0,10000:1747647657094:,1747647670451
counter/5/0/0/0,10001:1747647657094:,1747647670451
counter/5/0/0/0,10002:1747647657104:,1747647670451
counter/2/0/0/0,10033:1747647656696:,1747647670451
counter/3/0/0/0,10648:1747647658163:,1747647670451
counter/2/0/0/0,10034:1747647656701:,1747647670451
counter/9/0/0/0,10673:1747647657669:,1747647670451
counter/1/0/0/0,11291:1747647658400:,1747647670451
counter/4/0/0/0,10563:1747647659052:,1747647670451
counter/8/0/0/0,10225:1747647657105:,1747647670451
counter/4/0/0/0,10564:1747647659052:,1747647670451
counter/4/0/0/0,10565:1747647659052:,1747647670452
counter/7/0/0/0,10019:1747647657717:,1747647670452
counter/5/0/0/0,10003:1747647657104:,1747647670452
counter/5/0/0/0,10004:1747647657105:,1747647670452
counter/5/0/0/0,10005:1747647657105:,1747647670452
counter/10/0/0/0,9360:1747647657123:,1747647670452
counter/10/0/0/0,9361:1747647657123:,1747647670452
counter/3/0/0/0,10649:1747647658167:,1747647670452
counter/6/0/0/0,9371:1747647657815:,1747647670452
counter/2/0/0/0,10035:1747647656705:,1747647670452
counter/9/0/0/0,10674:1747647657669:,1747647670452
counter/9/0/0/0,10675:1747647657669:,1747647670452
counter/1/0/0/0,11292:1747647658400:,1747647670452
counter/1/0/0/0,11293:1747647658401:,1747647670452
counter/1/0/0/0,11294:1747647658401:,1747647670452
counter/9/0/0/0,10676:1747647657669:,1747647670454
counter/9/0/0/0,10677:1747647657669:,1747647670454
counter/9/0/0/0,10678:1747647657669:,1747647670454
counter/9/0/0/0,10679:1747647657669:,1747647670454
counter/8/0/0/0,10226:1747647657105:,1747647670455
counter/9/0/0/0,10680:1747647657669:,1747647670455
counter/9/0/0/0,10681:1747647657669:,1747647670455
counter/9/0/0/0,10682:1747647657669:,1747647670455
counter/9/0/0/0,10683:1747647657669:,1747647670455
counter/5/0/0/0,10006:1747647657118:,1747647670457
counter/5/0/0/0,10007:1747647657118:,1747647670457
counter/5/0/0/0,10008:1747647657118:,1747647670457
counter/5/0/0/0,10009:1747647657118:,1747647670457
counter/5/0/0/0,10010:1747647657118:,1747647670457
counter/5/0/0/0,10011:1747647657119:,1747647670457
counter/5/0/0/0,10012:1747647657119:,1747647670457
counter/5/0/0/0,10013:1747647657119:,1747647670457
counter/6/0/0/0,9372:1747647657815:,1747647670457
counter/3/0/0/0,10650:1747647658167:,1747647670458
counter/1/0/0/0,11295:1747647658401:,1747647670459
counter/1/0/0/0,11296:1747647658401:,1747647670459
counter/1/0/0/0,11297:1747647658401:,1747647670459
counter/1/0/0/0,11298:1747647658401:,1747647670459
counter/4/0/0/0,10566:1747647659053:,1747647670459
counter/4/0/0/0,10567:1747647659053:,1747647670460
counter/4/0/0/0,10568:1747647659053:,1747647670460
counter/5/0/0/0,10014:1747647657119:,1747647670461
counter/5/0/0/0,10015:1747647657119:,1747647670461
counter/5/0/0/0,10016:1747647657120:,1747647670461
counter/5/0/0/0,10017:1747647657120:,1747647670461
counter/5/0/0/0,10018:1747647657120:,1747647670461
counter/5/0/0/0,10019:1747647657120:,1747647670461
counter/5/0/0/0,10020:1747647657120:,1747647670461
counter/8/0/0/0,10227:1747647657105:,1747647670461
counter/2/0/0/0,10036:1747647656705:,1747647670461
counter/10/0/0/0,9362:1747647657126:,1747647670462
counter/3/0/0/0,10651:1747647658167:,1747647670462
counter/3/0/0/0,10652:1747647658194:,1747647670462
counter/3/0/0/0,10653:1747647658194:,1747647670462
counter/3/0/0/0,10654:1747647658196:,1747647670462
counter/3/0/0/0,10655:1747647658196:,1747647670462
counter/3/0/0/0,10656:1747647658196:,1747647670462
counter/5/0/0/0,10021:1747647657120:,1747647670462
counter/5/0/0/0,10022:1747647657120:,1747647670462
counter/5/0/0/0,10023:1747647657120:,1747647670462
counter/5/0/0/0,10024:1747647657120:,1747647670462
counter/5/0/0/0,10025:1747647657120:,1747647670462
counter/8/0/0/0,10228:1747647657105:,1747647670462
counter/7/0/0/0,10020:1747647657717:,1747647670462
counter/7/0/0/0,10021:1747647657717:,1747647670462
counter/7/0/0/0,10022:1747647657717:,1747647670462
counter/7/0/0/0,10023:1747647657717:,1747647670462
counter/7/0/0/0,10024:1747647657717:,1747647670462
counter/9/0/0/0,10684:1747647657686:,1747647670462
counter/7/0/0/0,10025:1747647657717:,1747647670462
counter/3/0/0/0,10657:1747647658197:,1747647670462
counter/4/0/0/0,10569:1747647659053:,1747647670462
counter/4/0/0/0,10570:1747647659058:,1747647670463
counter/4/0/0/0,10571:1747647659058:,1747647670463
counter/4/0/0/0,10572:1747647659058:,1747647670463
counter/4/0/0/0,10573:1747647659058:,1747647670463
counter/4/0/0/0,10574:1747647659058:,1747647670463
counter/4/0/0/0,10575:1747647659058:,1747647670463
counter/10/0/0/0,9363:1747647657126:,1747647670463
counter/8/0/0/0,10229:1747647657105:,1747647670463
counter/10/0/0/0,9364:1747647657126:,1747647670463
counter/8/0/0/0,10230:1747647657105:,1747647670463
counter/8/0/0/0,10231:1747647657105:,1747647670463
counter/8/0/0/0,10232:1747647657105:,1747647670463
counter/8/0/0/0,10233:1747647657105:,1747647670463
counter/8/0/0/0,10234:1747647657105:,1747647670463
counter/5/0/0/0,10026:1747647657120:,1747647670464
counter/7/0/0/0,10026:1747647657717:,1747647670464
counter/5/0/0/0,10027:1747647657120:,1747647670464
counter/5/0/0/0,10028:1747647657122:,1747647670464
counter/5/0/0/0,10029:1747647657127:,1747647670464
counter/8/0/0/0,10235:1747647657105:,1747647670464
counter/5/0/0/0,10030:1747647657127:,1747647670464
counter/3/0/0/0,10658:1747647658197:,1747647670464
counter/5/0/0/0,10031:1747647657128:,1747647670464
counter/1/0/0/0,11299:1747647658401:,1747647670464
counter/1/0/0/0,11300:1747647658401:,1747647670464
counter/1/0/0/0,11301:1747647658401:,1747647670464
counter/1/0/0/0,11302:1747647658401:,1747647670464
counter/4/0/0/0,10576:1747647659058:,1747647670464
counter/2/0/0/0,10037:1747647656705:,1747647670466
counter/10/0/0/0,9365:1747647657126:,1747647670466
counter/4/0/0/0,10577:1747647659058:,1747647670466
counter/10/0/0/0,9366:1747647657126:,1747647670466
counter/5/0/0/0,10032:1747647657128:,1747647670467
counter/5/0/0/0,10033:1747647657128:,1747647670467
counter/5/0/0/0,10034:1747647657128:,1747647670467
counter/5/0/0/0,10035:1747647657128:,1747647670468
counter/5/0/0/0,10036:1747647657128:,1747647670468
counter/10/0/0/0,9367:1747647657126:,1747647670469
counter/5/0/0/0,10037:1747647657128:,1747647670469
counter/5/0/0/0,10038:1747647657128:,1747647670469
counter/5/0/0/0,10039:1747647657128:,1747647670469
counter/5/0/0/0,10040:1747647657128:,1747647670469
counter/5/0/0/0,10041:1747647657128:,1747647670469
counter/5/0/0/0,10042:1747647657129:,1747647670469
counter/5/0/0/0,10043:1747647657130:,1747647670469
counter/9/0/0/0,10685:1747647657686:,1747647670469
counter/9/0/0/0,10686:1747647657688:,1747647670469
counter/9/0/0/0,10687:1747647657688:,1747647670470
counter/9/0/0/0,10688:1747647657688:,1747647670470
counter/9/0/0/0,10689:1747647657693:,1747647670470
counter/9/0/0/0,10690:1747647657693:,1747647670470
counter/9/0/0/0,10691:1747647657693:,1747647670470
counter/3/0/0/0,10659:1747647658197:,1747647670470
counter/3/0/0/0,10660:1747647658197:,1747647670470
counter/3/0/0/0,10661:1747647658197:,1747647670470
counter/5/0/0/0,10044:1747647657130:,1747647670470
counter/1/0/0/0,11303:1747647658401:,1747647670470
counter/10/0/0/0,9368:1747647657140:,1747647670470
counter/8/0/0/0,10236:1747647657106:,1747647670471
counter/8/0/0/0,10237:1747647657106:,1747647670471
counter/2/0/0/0,10038:1747647656705:,1747647670471
counter/2/0/0/0,10039:1747647656705:,1747647670471
counter/10/0/0/0,9369:1747647657140:,1747647670471
counter/7/0/0/0,10027:1747647657717:,1747647670471
counter/7/0/0/0,10028:1747647657717:,1747647670471
counter/7/0/0/0,10029:1747647657717:,1747647670472
counter/7/0/0/0,10030:1747647657717:,1747647670472
counter/7/0/0/0,10031:1747647657717:,1747647670472
counter/7/0/0/0,10032:1747647657727:,1747647670472
counter/1/0/0/0,11304:1747647658401:,1747647670472
counter/7/0/0/0,10033:1747647657727:,1747647670472
counter/7/0/0/0,10034:1747647657727:,1747647670472
counter/7/0/0/0,10035:1747647657727:,1747647670472
counter/7/0/0/0,10036:1747647657727:,1747647670472
counter/4/0/0/0,10578:1747647659058:,1747647670472
counter/7/0/0/0,10037:1747647657727:,1747647670472
counter/7/0/0/0,10038:1747647657727:,1747647670472
counter/7/0/0/0,10039:1747647657728:,1747647670472
counter/7/0/0/0,10040:1747647657728:,1747647670472
counter/7/0/0/0,10041:1747647657728:,1747647670472
counter/8/0/0/0,10238:1747647657106:,1747647670472
counter/7/0/0/0,10042:1747647657728:,1747647670473
counter/7/0/0/0,10043:1747647657728:,1747647670473
counter/7/0/0/0,10044:1747647657730:,1747647670473
counter/7/0/0/0,10045:1747647657730:,1747647670473
counter/2/0/0/0,10040:1747647656705:,1747647670474
counter/4/0/0/0,10579:1747647659058:,1747647670474
counter/6/0/0/0,9373:1747647657815:,1747647670474
counter/6/0/0/0,9374:1747647657815:,1747647670474
counter/6/0/0/0,9375:1747647657824:,1747647670474
counter/6/0/0/0,9376:1747647657824:,1747647670474
counter/8/0/0/0,10239:1747647657110:,1747647670474
counter/10/0/0/0,9370:1747647657140:,1747647670474
counter/5/0/0/0,10045:1747647657130:,1747647670475
counter/5/0/0/0,10046:1747647657130:,1747647670475
counter/3/0/0/0,10662:1747647658199:,1747647670475
counter/3/0/0/0,10663:1747647658200:,1747647670475
counter/3/0/0/0,10664:1747647658200:,1747647670475
counter/4/0/0/0,10580:1747647659058:,1747647670475
counter/1/0/0/0,11305:1747647658401:,1747647670475
counter/6/0/0/0,9377:1747647657824:,1747647670475
counter/6/0/0/0,9378:1747647657824:,1747647670475
counter/8/0/0/0,10240:1747647657110:,1747647670476
counter/9/0/0/0,10692:1747647657693:,1747647670477
counter/9/0/0/0,10693:1747647657693:,1747647670477
counter/6/0/0/0,9379:1747647657824:,1747647670477
counter/4/0/0/0,10581:1747647659058:,1747647670477
counter/6/0/0/0,9380:1747647657824:,1747647670477
counter/10/0/0/0,9371:1747647657140:,1747647670477
counter/5/0/0/0,10047:1747647657130:,1747647670477
counter/7/0/0/0,10046:1747647657732:,1747647670477
counter/7/0/0/0,10047:1747647657732:,1747647670477
counter/3/0/0/0,10665:1747647658200:,1747647670478
counter/7/0/0/0,10048:1747647657732:,1747647670478
counter/7/0/0/0,10049:1747647657732:,1747647670478
counter/7/0/0/0,10050:1747647657732:,1747647670478
counter/7/0/0/0,10051:1747647657732:,1747647670478
counter/7/0/0/0,10052:1747647657738:,1747647670478
counter/10/0/0/0,9372:1747647657140:,1747647670479
counter/6/0/0/0,9381:1747647657824:,1747647670479
counter/6/0/0/0,9382:1747647657824:,1747647670479
counter/6/0/0/0,9383:1747647657824:,1747647670479
counter/6/0/0/0,9384:1747647657824:,1747647670479
counter/6/0/0/0,9385:1747647657824:,1747647670479
counter/3/0/0/0,10666:1747647658200:,1747647670479
counter/6/0/0/0,9386:1747647657824:,1747647670480
counter/6/0/0/0,9387:1747647657824:,1747647670480
counter/6/0/0/0,9388:1747647657824:,1747647670480
counter/6/0/0/0,9389:1747647657824:,1747647670480
counter/6/0/0/0,9390:1747647657824:,1747647670480
counter/1/0/0/0,11306:1747647658401:,1747647670480
counter/5/0/0/0,10048:1747647657130:,1747647670480
counter/3/0/0/0,10667:1747647658200:,1747647670481
counter/6/0/0/0,9391:1747647657832:,1747647670481
counter/6/0/0/0,9392:1747647657832:,1747647670481
counter/6/0/0/0,9393:1747647657832:,1747647670481
counter/6/0/0/0,9394:1747647657845:,1747647670481
counter/6/0/0/0,9395:1747647657845:,1747647670481
counter/6/0/0/0,9396:1747647657845:,1747647670481
counter/6/0/0/0,9397:1747647657845:,1747647670481
counter/6/0/0/0,9398:1747647657845:,1747647670482
counter/6/0/0/0,9399:1747647657845:,1747647670482
counter/7/0/0/0,10053:1747647657738:,1747647670487
counter/7/0/0/0,10054:1747647657739:,1747647670487
counter/7/0/0/0,10055:1747647657739:,1747647670487
counter/3/0/0/0,10668:1747647658200:,1747647670487
counter/7/0/0/0,10056:1747647657739:,1747647670487
counter/7/0/0/0,10057:1747647657740:,1747647670487
counter/9/0/0/0,10694:1747647657693:,1747647670488
counter/8/0/0/0,10241:1747647657110:,1747647670488
counter/6/0/0/0,9400:1747647657846:,1747647670488
counter/4/0/0/0,10582:1747647659058:,1747647670488
counter/4/0/0/0,10583:1747647659058:,1747647670488
counter/4/0/0/0,10584:1747647659058:,1747647670488
counter/4/0/0/0,10585:1747647659058:,1747647670488
counter/4/0/0/0,10586:1747647659059:,1747647670488
counter/4/0/0/0,10587:1747647659059:,1747647670488
counter/4/0/0/0,10588:1747647659059:,1747647670488
counter/4/0/0/0,10589:1747647659059:,1747647670488
counter/4/0/0/0,10590:1747647659059:,1747647670488
counter/4/0/0/0,10591:1747647659059:,1747647670488
counter/4/0/0/0,10592:1747647659059:,1747647670489
counter/4/0/0/0,10593:1747647659059:,1747647670489
counter/4/0/0/0,10594:1747647659059:,1747647670489
counter/3/0/0/0,10669:1747647658200:,1747647670489
counter/7/0/0/0,10058:1747647657740:,1747647670490
counter/7/0/0/0,10059:1747647657740:,1747647670490
counter/7/0/0/0,10060:1747647657740:,1747647670490
counter/7/0/0/0,10061:1747647657740:,1747647670490
counter/7/0/0/0,10062:1747647657740:,1747647670490
counter/7/0/0/0,10063:1747647657740:,1747647670490
counter/7/0/0/0,10064:1747647657740:,1747647670490
counter/10/0/0/0,9373:1747647657140:,1747647670491
counter/10/0/0/0,9374:1747647657140:,1747647670491
counter/4/0/0/0,10595:1747647659065:,1747647670491
counter/7/0/0/0,10065:1747647657741:,1747647670491
counter/4/0/0/0,10596:1747647659071:,1747647670491
counter/4/0/0/0,10597:1747647659071:,1747647670491
counter/4/0/0/0,10598:1747647659072:,1747647670491
counter/5/0/0/0,10049:1747647657136:,1747647670491
counter/9/0/0/0,10695:1747647657693:,1747647670491
counter/5/0/0/0,10050:1747647657136:,1747647670491
counter/5/0/0/0,10051:1747647657136:,1747647670491
counter/7/0/0/0,10066:1747647657741:,1747647670492
counter/7/0/0/0,10067:1747647657741:,1747647670492
counter/7/0/0/0,10068:1747647657742:,1747647670492
counter/7/0/0/0,10069:1747647657742:,1747647670492
counter/7/0/0/0,10070:1747647657742:,1747647670492
counter/7/0/0/0,10071:1747647657742:,1747647670492
counter/7/0/0/0,10072:1747647657742:,1747647670492
counter/7/0/0/0,10073:1747647657742:,1747647670492
counter/7/0/0/0,10074:1747647657742:,1747647670492
counter/7/0/0/0,10075:1747647657749:,1747647670492
counter/7/0/0/0,10076:1747647657750:,1747647670492
counter/7/0/0/0,10077:1747647657750:,1747647670492
counter/2/0/0/0,10041:1747647656705:,1747647670492
counter/2/0/0/0,10042:1747647656705:,1747647670492
counter/7/0/0/0,10078:1747647657750:,1747647670492
counter/2/0/0/0,10043:1747647656705:,1747647670493
counter/7/0/0/0,10079:1747647657750:,1747647670493
counter/2/0/0/0,10044:1747647656705:,1747647670493
counter/7/0/0/0,10080:1747647657754:,1747647670493
counter/2/0/0/0,10045:1747647656705:,1747647670493
counter/7/0/0/0,10081:1747647657754:,1747647670493
counter/5/0/0/0,10052:1747647657136:,1747647670493
counter/7/0/0/0,10082:1747647657754:,1747647670493
counter/1/0/0/0,11307:1747647658401:,1747647670493
counter/1/0/0/0,11308:1747647658405:,1747647670494
counter/3/0/0/0,10670:1747647658200:,1747647670494
counter/9/0/0/0,10696:1747647657693:,1747647670494
counter/9/0/0/0,10697:1747647657693:,1747647670494
counter/9/0/0/0,10698:1747647657699:,1747647670494
counter/2/0/0/0,10046:1747647656711:,1747647670494
counter/2/0/0/0,10047:1747647656713:,1747647670494
counter/2/0/0/0,10048:1747647656713:,1747647670494
counter/2/0/0/0,10049:1747647656713:,1747647670494
counter/2/0/0/0,10050:1747647656714:,1747647670494
counter/2/0/0/0,10051:1747647656714:,1747647670494
counter/2/0/0/0,10052:1747647656714:,1747647670494
counter/2/0/0/0,10053:1747647656714:,1747647670494
counter/2/0/0/0,10054:1747647656714:,1747647670494
counter/2/0/0/0,10055:1747647656714:,1747647670494
counter/2/0/0/0,10056:1747647656714:,1747647670495
counter/5/0/0/0,10053:1747647657136:,1747647670495
counter/2/0/0/0,10057:1747647656714:,1747647670495
counter/10/0/0/0,9375:1747647657140:,1747647670495
counter/9/0/0/0,10699:1747647657699:,1747647670495
counter/9/0/0/0,10700:1747647657699:,1747647670495
counter/9/0/0/0,10701:1747647657699:,1747647670495
counter/9/0/0/0,10702:1747647657700:,1747647670495
counter/2/0/0/0,10058:1747647656714:,1747647670495
counter/9/0/0/0,10703:1747647657700:,1747647670496
counter/5/0/0/0,10054:1747647657136:,1747647670496
counter/6/0/0/0,9401:1747647657846:,1747647670496
counter/6/0/0/0,9402:1747647657846:,1747647670496
counter/6/0/0/0,9403:1747647657846:,1747647670496
counter/6/0/0/0,9404:1747647657846:,1747647670496
counter/6/0/0/0,9405:1747647657846:,1747647670496
counter/6/0/0/0,9406:1747647657846:,1747647670496
counter/6/0/0/0,9407:1747647657846:,1747647670496
counter/6/0/0/0,9408:1747647657846:,1747647670496
counter/6/0/0/0,9409:1747647657846:,1747647670496
counter/10/0/0/0,9376:1747647657140:,1747647670496
counter/3/0/0/0,10671:1747647658219:,1747647670496
counter/10/0/0/0,9377:1747647657141:,1747647670496
counter/2/0/0/0,10059:1747647656714:,1747647670496
counter/2/0/0/0,10060:1747647656714:,1747647670496
counter/2/0/0/0,10061:1747647656714:,1747647670497
counter/10/0/0/0,9378:1747647657158:,1747647670497
counter/1/0/0/0,11309:1747647658405:,1747647670497
counter/6/0/0/0,9410:1747647657846:,1747647670497
counter/1/0/0/0,11310:1747647658405:,1747647670497
counter/3/0/0/0,10672:1747647658220:,1747647670497
counter/3/0/0/0,10673:1747647658220:,1747647670498
counter/3/0/0/0,10674:1747647658220:,1747647670498
counter/3/0/0/0,10675:1747647658220:,1747647670498
counter/3/0/0/0,10676:1747647658220:,1747647670498
counter/3/0/0/0,10677:1747647658220:,1747647670498
counter/3/0/0/0,10678:1747647658225:,1747647670498
counter/10/0/0/0,9379:1747647657158:,1747647670498
counter/9/0/0/0,10704:1747647657700:,1747647670499
counter/9/0/0/0,10705:1747647657700:,1747647670499
counter/9/0/0/0,10706:1747647657700:,1747647670499
counter/9/0/0/0,10707:1747647657700:,1747647670499
counter/9/0/0/0,10708:1747647657700:,1747647670499
counter/9/0/0/0,10709:1747647657701:,1747647670499
counter/6/0/0/0,9411:1747647657846:,1747647670501
counter/6/0/0/0,9412:1747647657846:,1747647670501
counter/6/0/0/0,9413:1747647657846:,1747647670501
counter/10/0/0/0,9380:1747647657158:,1747647670501
counter/4/0/0/0,10599:1747647659072:,1747647670501
counter/4/0/0/0,10600:1747647659072:,1747647670501
counter/4/0/0/0,10601:1747647659072:,1747647670501
counter/4/0/0/0,10602:1747647659072:,1747647670501
counter/3/0/0/0,10679:1747647658225:,1747647670501
counter/7/0/0/0,10083:1747647657754:,1747647670502
counter/4/0/0/0,10603:1747647659072:,1747647670502
counter/1/0/0/0,11311:1747647658405:,1747647670502
counter/3/0/0/0,10680:1747647658225:,1747647670503
counter/3/0/0/0,10681:1747647658225:,1747647670504
counter/3/0/0/0,10682:1747647658225:,1747647670504
counter/3/0/0/0,10683:1747647658225:,1747647670504
counter/3/0/0/0,10684:1747647658225:,1747647670504
counter/3/0/0/0,10685:1747647658225:,1747647670504
counter/3/0/0/0,10686:1747647658226:,1747647670504
counter/3/0/0/0,10687:1747647658226:,1747647670504
counter/3/0/0/0,10688:1747647658226:,1747647670504
counter/3/0/0/0,10689:1747647658226:,1747647670504
counter/3/0/0/0,10690:1747647658235:,1747647670504
counter/3/0/0/0,10691:1747647658235:,1747647670504
counter/3/0/0/0,10692:1747647658235:,1747647670504
counter/3/0/0/0,10693:1747647658235:,1747647670504
counter/3/0/0/0,10694:1747647658235:,1747647670504
counter/3/0/0/0,10695:1747647658235:,1747647670505
counter/2/0/0/0,10062:1747647656714:,1747647670505
counter/2/0/0/0,10063:1747647656714:,1747647670505
counter/2/0/0/0,10064:1747647656714:,1747647670505
counter/2/0/0/0,10065:1747647656720:,1747647670505
counter/7/0/0/0,10084:1747647657754:,1747647670505
counter/2/0/0/0,10066:1747647656722:,1747647670505
counter/2/0/0/0,10067:1747647656722:,1747647670505
counter/9/0/0/0,10710:1747647657707:,1747647670505
counter/9/0/0/0,10711:1747647657709:,1747647670505
counter/9/0/0/0,10712:1747647657709:,1747647670505
counter/9/0/0/0,10713:1747647657710:,1747647670505
counter/9/0/0/0,10714:1747647657710:,1747647670505
counter/9/0/0/0,10715:1747647657710:,1747647670505
counter/9/0/0/0,10716:1747647657710:,1747647670505
counter/9/0/0/0,10717:1747647657710:,1747647670505
counter/9/0/0/0,10718:1747647657710:,1747647670505
counter/1/0/0/0,11312:1747647658405:,1747647670505
counter/1/0/0/0,11313:1747647658405:,1747647670505
counter/5/0/0/0,10055:1747647657136:,1747647670506
counter/5/0/0/0,10056:1747647657136:,1747647670506
counter/4/0/0/0,10604:1747647659072:,1747647670506
counter/4/0/0/0,10605:1747647659072:,1747647670506
counter/4/0/0/0,10606:1747647659072:,1747647670506
counter/4/0/0/0,10607:1747647659072:,1747647670506
counter/8/0/0/0,10242:1747647657111:,1747647670506
counter/2/0/0/0,10068:1747647656722:,1747647670506
counter/8/0/0/0,10243:1747647657111:,1747647670507
counter/2/0/0/0,10069:1747647656722:,1747647670507
counter/8/0/0/0,10244:1747647657111:,1747647670507
counter/8/0/0/0,10245:1747647657111:,1747647670507
counter/8/0/0/0,10246:1747647657111:,1747647670507
counter/8/0/0/0,10247:1747647657115:,1747647670507
counter/7/0/0/0,10085:1747647657754:,1747647670508
counter/2/0/0/0,10070:1747647656722:,1747647670508
counter/2/0/0/0,10071:1747647656722:,1747647670508
counter/2/0/0/0,10072:1747647656722:,1747647670509
counter/2/0/0/0,10073:1747647656722:,1747647670509
counter/2/0/0/0,10074:1747647656722:,1747647670509
counter/2/0/0/0,10075:1747647656722:,1747647670509
counter/2/0/0/0,10076:1747647656722:,1747647670509
counter/2/0/0/0,10077:1747647656722:,1747647670509
counter/6/0/0/0,9414:1747647657846:,1747647670509
counter/6/0/0/0,9415:1747647657846:,1747647670509
counter/6/0/0/0,9416:1747647657849:,1747647670509
counter/1/0/0/0,11314:1747647658406:,1747647670510
counter/5/0/0/0,10057:1747647657136:,1747647670510
counter/9/0/0/0,10719:1747647657710:,1747647670510
counter/9/0/0/0,10720:1747647657710:,1747647670510
counter/9/0/0/0,10721:1747647657710:,1747647670510
counter/9/0/0/0,10722:1747647657710:,1747647670510
counter/9/0/0/0,10723:1747647657710:,1747647670510
counter/9/0/0/0,10724:1747647657710:,1747647670510
counter/9/0/0/0,10725:1747647657711:,1747647670510
counter/3/0/0/0,10696:1747647658235:,1747647670510
counter/2/0/0/0,10078:1747647656723:,1747647670511
counter/4/0/0/0,10608:1747647659072:,1747647670511
counter/10/0/0/0,9381:1747647657158:,1747647670511
counter/4/0/0/0,10609:1747647659072:,1747647670511
counter/3/0/0/0,10697:1747647658235:,1747647670511
counter/4/0/0/0,10610:1747647659072:,1747647670511
counter/4/0/0/0,10611:1747647659072:,1747647670511
counter/4/0/0/0,10612:1747647659072:,1747647670511
counter/6/0/0/0,9417:1747647657849:,1747647670511
counter/6/0/0/0,9418:1747647657849:,1747647670511
counter/6/0/0/0,9419:1747647657855:,1747647670511
counter/6/0/0/0,9420:1747647657855:,1747647670511
counter/6/0/0/0,9421:1747647657855:,1747647670511
counter/6/0/0/0,9422:1747647657855:,1747647670511
counter/6/0/0/0,9423:1747647657855:,1747647670511
counter/6/0/0/0,9424:1747647657855:,1747647670511
counter/6/0/0/0,9425:1747647657855:,1747647670511
counter/6/0/0/0,9426:1747647657855:,1747647670512
counter/6/0/0/0,9427:1747647657859:,1747647670512
counter/6/0/0/0,9428:1747647657859:,1747647670512
counter/6/0/0/0,9429:1747647657859:,1747647670512
counter/6/0/0/0,9430:1747647657859:,1747647670512
counter/6/0/0/0,9431:1747647657864:,1747647670512
counter/1/0/0/0,11315:1747647658406:,1747647670512
counter/1/0/0/0,11316:1747647658406:,1747647670512
counter/3/0/0/0,10698:1747647658235:,1747647670512
counter/1/0/0/0,11317:1747647658406:,1747647670512
counter/1/0/0/0,11318:1747647658406:,1747647670512
counter/1/0/0/0,11319:1747647658406:,1747647670512
counter/7/0/0/0,10086:1747647657754:,1747647670512
counter/8/0/0/0,10248:1747647657115:,1747647670512
counter/7/0/0/0,10087:1747647657754:,1747647670512
counter/4/0/0/0,10613:1747647659082:,1747647670512
counter/4/0/0/0,10614:1747647659092:,1747647670512
counter/10/0/0/0,9382:1747647657158:,1747647670512
counter/5/0/0/0,10058:1747647657142:,1747647670512
counter/2/0/0/0,10079:1747647656723:,1747647670513
counter/7/0/0/0,10088:1747647657754:,1747647670513
counter/7/0/0/0,10089:1747647657762:,1747647670513
counter/7/0/0/0,10090:1747647657779:,1747647670513
counter/10/0/0/0,9383:1747647657163:,1747647670513
counter/10/0/0/0,9384:1747647657164:,1747647670513
counter/10/0/0/0,9385:1747647657164:,1747647670513
counter/10/0/0/0,9386:1747647657164:,1747647670513
counter/1/0/0/0,11320:1747647658406:,1747647670513
counter/5/0/0/0,10059:1747647657143:,1747647670513
counter/9/0/0/0,10726:1747647657711:,1747647670513
counter/5/0/0/0,10060:1747647657143:,1747647670514
counter/9/0/0/0,10727:1747647657718:,1747647670514
counter/2/0/0/0,10080:1747647656723:,1747647670514
counter/2/0/0/0,10081:1747647656724:,1747647670514
counter/2/0/0/0,10082:1747647656724:,1747647670514
counter/2/0/0/0,10083:1747647656724:,1747647670514
counter/2/0/0/0,10084:1747647656724:,1747647670514
counter/2/0/0/0,10085:1747647656724:,1747647670514
counter/2/0/0/0,10086:1747647656724:,1747647670514
counter/2/0/0/0,10087:1747647656724:,1747647670514
counter/2/0/0/0,10088:1747647656724:,1747647670514
counter/3/0/0/0,10699:1747647658235:,1747647670514
counter/2/0/0/0,10089:1747647656724:,1747647670514
counter/2/0/0/0,10090:1747647656724:,1747647670514
counter/9/0/0/0,10728:1747647657718:,1747647670514
counter/5/0/0/0,10061:1747647657143:,1747647670515
counter/6/0/0/0,9432:1747647657864:,1747647670515
counter/9/0/0/0,10729:1747647657718:,1747647670515
counter/9/0/0/0,10730:1747647657718:,1747647670515
counter/9/0/0/0,10731:1747647657718:,1747647670515
counter/9/0/0/0,10732:1747647657718:,1747647670515
counter/9/0/0/0,10733:1747647657718:,1747647670515
counter/9/0/0/0,10734:1747647657719:,1747647670515
counter/9/0/0/0,10735:1747647657719:,1747647670515
counter/9/0/0/0,10736:1747647657719:,1747647670515
counter/9/0/0/0,10737:1747647657722:,1747647670515
counter/9/0/0/0,10738:1747647657722:,1747647670515
counter/7/0/0/0,10091:1747647657779:,1747647670516
counter/7/0/0/0,10092:1747647657779:,1747647670516
counter/7/0/0/0,10093:1747647657779:,1747647670516
counter/7/0/0/0,10094:1747647657779:,1747647670516
counter/7/0/0/0,10095:1747647657779:,1747647670516
counter/7/0/0/0,10096:1747647657779:,1747647670516
counter/7/0/0/0,10097:1747647657779:,1747647670516
counter/7/0/0/0,10098:1747647657780:,1747647670516
counter/7/0/0/0,10099:1747647657780:,1747647670516
counter/2/0/0/0,10091:1747647656724:,1747647670517
counter/2/0/0/0,10092:1747647656724:,1747647670517
counter/3/0/0/0,10700:1747647658244:,1747647670517
counter/2/0/0/0,10093:1747647656724:,1747647670517
counter/3/0/0/0,10701:1747647658244:,1747647670517
counter/2/0/0/0,10094:1747647656725:,1747647670517
counter/3/0/0/0,10702:1747647658244:,1747647670517
counter/2/0/0/0,10095:1747647656725:,1747647670517
counter/3/0/0/0,10703:1747647658244:,1747647670517
counter/6/0/0/0,9433:1747647657864:,1747647670517
counter/3/0/0/0,10704:1747647658254:,1747647670517
counter/6/0/0/0,9434:1747647657864:,1747647670517
counter/3/0/0/0,10705:1747647658254:,1747647670517
counter/6/0/0/0,9435:1747647657864:,1747647670517
counter/6/0/0/0,9436:1747647657864:,1747647670517
counter/6/0/0/0,9437:1747647657864:,1747647670517
counter/4/0/0/0,10615:1747647659092:,1747647670517
counter/6/0/0/0,9438:1747647657864:,1747647670517
counter/6/0/0/0,9439:1747647657864:,1747647670517
counter/6/0/0/0,9440:1747647657864:,1747647670518
counter/6/0/0/0,9441:1747647657879:,1747647670518
counter/10/0/0/0,9387:1747647657164:,1747647670519
counter/8/0/0/0,10249:1747647657115:,1747647670519
counter/10/0/0/0,9388:1747647657164:,1747647670519
counter/6/0/0/0,9442:1747647657879:,1747647670519
counter/6/0/0/0,9443:1747647657879:,1747647670519
counter/6/0/0/0,9444:1747647657879:,1747647670519
counter/6/0/0/0,9445:1747647657879:,1747647670519
counter/6/0/0/0,9446:1747647657879:,1747647670519
counter/6/0/0/0,9447:1747647657879:,1747647670519
counter/6/0/0/0,9448:1747647657879:,1747647670519
counter/6/0/0/0,9449:1747647657879:,1747647670519
counter/6/0/0/0,9450:1747647657886:,1747647670519
counter/6/0/0/0,9451:1747647657886:,1747647670519
counter/6/0/0/0,9452:1747647657886:,1747647670519
counter/6/0/0/0,9453:1747647657886:,1747647670519
counter/6/0/0/0,9454:1747647657886:,1747647670519
counter/4/0/0/0,10616:1747647659092:,1747647670519
counter/6/0/0/0,9455:1747647657886:,1747647670519
counter/6/0/0/0,9456:1747647657886:,1747647670519
counter/7/0/0/0,10100:1747647657780:,1747647670520
counter/7/0/0/0,10101:1747647657780:,1747647670520
counter/7/0/0/0,10102:1747647657783:,1747647670520
counter/7/0/0/0,10103:1747647657783:,1747647670520
counter/7/0/0/0,10104:1747647657783:,1747647670520
counter/7/0/0/0,10105:1747647657783:,1747647670520
counter/7/0/0/0,10106:1747647657783:,1747647670521
counter/10/0/0/0,9389:1747647657164:,1747647670521
counter/7/0/0/0,10107:1747647657783:,1747647670521
counter/10/0/0/0,9390:1747647657164:,1747647670521
counter/10/0/0/0,9391:1747647657164:,1747647670521
counter/10/0/0/0,9392:1747647657164:,1747647670521
counter/10/0/0/0,9393:1747647657164:,1747647670521
counter/10/0/0/0,9394:1747647657164:,1747647670521
counter/10/0/0/0,9395:1747647657164:,1747647670521
counter/10/0/0/0,9396:1747647657164:,1747647670521
counter/10/0/0/0,9397:1747647657164:,1747647670521
counter/10/0/0/0,9398:1747647657164:,1747647670521
counter/10/0/0/0,9399:1747647657165:,1747647670521
counter/10/0/0/0,9400:1747647657165:,1747647670521
counter/10/0/0/0,9401:1747647657165:,1747647670521
counter/5/0/0/0,10062:1747647657143:,1747647670521
counter/2/0/0/0,10096:1747647656725:,1747647670523
counter/6/0/0/0,9457:1747647657886:,1747647670524
counter/7/0/0/0,10108:1747647657783:,1747647670525
counter/7/0/0/0,10109:1747647657783:,1747647670527
counter/7/0/0/0,10110:1747647657783:,1747647670527
counter/7/0/0/0,10111:1747647657783:,1747647670527
counter/7/0/0/0,10112:1747647657783:,1747647670527
counter/7/0/0/0,10113:1747647657783:,1747647670527
counter/7/0/0/0,10114:1747647657786:,1747647670527
counter/7/0/0/0,10115:1747647657787:,1747647670527
counter/7/0/0/0,10116:1747647657787:,1747647670527
counter/7/0/0/0,10117:1747647657787:,1747647670527
counter/1/0/0/0,11321:1747647658406:,1747647670527
counter/10/0/0/0,9402:1747647657178:,1747647670527
counter/10/0/0/0,9403:1747647657178:,1747647670527
counter/10/0/0/0,9404:1747647657187:,1747647670527
counter/10/0/0/0,9405:1747647657188:,1747647670527
counter/10/0/0/0,9406:1747647657188:,1747647670527
counter/10/0/0/0,9407:1747647657188:,1747647670527
counter/10/0/0/0,9408:1747647657188:,1747647670527
counter/10/0/0/0,9409:1747647657188:,1747647670527
counter/10/0/0/0,9410:1747647657188:,1747647670527
counter/10/0/0/0,9411:1747647657188:,1747647670527
counter/6/0/0/0,9458:1747647657886:,1747647670529
counter/6/0/0/0,9459:1747647657886:,1747647670529
counter/6/0/0/0,9460:1747647657886:,1747647670529
counter/2/0/0/0,10097:1747647656725:,1747647670529
counter/6/0/0/0,9461:1747647657886:,1747647670529
counter/6/0/0/0,9462:1747647657886:,1747647670529
counter/6/0/0/0,9463:1747647657886:,1747647670529
counter/6/0/0/0,9464:1747647657888:,1747647670529
counter/6/0/0/0,9465:1747647657888:,1747647670529
counter/6/0/0/0,9466:1747647657888:,1747647670529
counter/7/0/0/0,10118:1747647657787:,1747647670529
counter/1/0/0/0,11322:1747647658425:,1747647670529
counter/1/0/0/0,11323:1747647658425:,1747647670529
counter/1/0/0/0,11324:1747647658438:,1747647670530
counter/10/0/0/0,9412:1747647657188:,1747647670530
counter/4/0/0/0,10617:1747647659092:,1747647670531
counter/7/0/0/0,10119:1747647657787:,1747647670531
counter/1/0/0/0,11325:1747647658438:,1747647670531
counter/1/0/0/0,11326:1747647658438:,1747647670531
counter/1/0/0/0,11327:1747647658438:,1747647670531
counter/1/0/0/0,11328:1747647658438:,1747647670531
counter/1/0/0/0,11329:1747647658438:,1747647670531
counter/1/0/0/0,11330:1747647658438:,1747647670531
counter/1/0/0/0,11331:1747647658438:,1747647670531
counter/1/0/0/0,11332:1747647658442:,1747647670531
counter/10/0/0/0,9413:1747647657188:,1747647670531
counter/5/0/0/0,10063:1747647657143:,1747647670531
counter/7/0/0/0,10120:1747647657787:,1747647670533
counter/7/0/0/0,10121:1747647657791:,1747647670533
counter/7/0/0/0,10122:1747647657791:,1747647670533
counter/4/0/0/0,10618:1747647659099:,1747647670533
counter/1/0/0/0,11333:1747647658442:,1747647670534
counter/3/0/0/0,10706:1747647658254:,1747647670534
counter/1/0/0/0,11334:1747647658442:,1747647670534
counter/2/0/0/0,10098:1747647656725:,1747647670535
counter/8/0/0/0,10250:1747647657115:,1747647670535
counter/2/0/0/0,10099:1747647656725:,1747647670535
counter/3/0/0/0,10707:1747647658254:,1747647670535
counter/2/0/0/0,10100:1747647656725:,1747647670536
counter/2/0/0/0,10101:1747647656725:,1747647670536
counter/2/0/0/0,10102:1747647656725:,1747647670536
counter/2/0/0/0,10103:1747647656725:,1747647670536
counter/2/0/0/0,10104:1747647656726:,1747647670536
counter/5/0/0/0,10064:1747647657143:,1747647670537
counter/9/0/0/0,10739:1747647657722:,1747647670537
counter/1/0/0/0,11335:1747647658442:,1747647670537
counter/1/0/0/0,11336:1747647658442:,1747647670537
counter/1/0/0/0,11337:1747647658442:,1747647670537
counter/7/0/0/0,10123:1747647657791:,1747647670538
counter/6/0/0/0,9467:1747647657889:,1747647670538
counter/1/0/0/0,11338:1747647658442:,1747647670538
counter/1/0/0/0,11339:1747647658442:,1747647670538
counter/1/0/0/0,11340:1747647658446:,1747647670538
counter/1/0/0/0,11341:1747647658446:,1747647670538
counter/1/0/0/0,11342:1747647658446:,1747647670538
counter/1/0/0/0,11343:1747647658446:,1747647670538
counter/1/0/0/0,11344:1747647658446:,1747647670538
counter/1/0/0/0,11345:1747647658450:,1747647670538
counter/10/0/0/0,9414:1747647657188:,1747647670538
counter/10/0/0/0,9415:1747647657188:,1747647670538
counter/10/0/0/0,9416:1747647657206:,1747647670538
counter/10/0/0/0,9417:1747647657206:,1747647670538
counter/5/0/0/0,10065:1747647657143:,1747647670539
counter/6/0/0/0,9468:1747647657889:,1747647670539
counter/5/0/0/0,10066:1747647657143:,1747647670539
counter/5/0/0/0,10067:1747647657143:,1747647670539
counter/2/0/0/0,10105:1747647656726:,1747647670539
counter/8/0/0/0,10251:1747647657120:,1747647670540
counter/7/0/0/0,10124:1747647657791:,1747647670541
counter/7/0/0/0,10125:1747647657791:,1747647670541
counter/7/0/0/0,10126:1747647657791:,1747647670541
counter/9/0/0/0,10740:1747647657722:,1747647670541
counter/9/0/0/0,10741:1747647657722:,1747647670541
counter/9/0/0/0,10742:1747647657722:,1747647670541
counter/3/0/0/0,10708:1747647658254:,1747647670541
counter/1/0/0/0,11346:1747647658450:,1747647670541
counter/1/0/0/0,11347:1747647658451:,1747647670541
counter/1/0/0/0,11348:1747647658472:,1747647670541
counter/1/0/0/0,11349:1747647658472:,1747647670541
counter/1/0/0/0,11350:1747647658472:,1747647670541
counter/1/0/0/0,11351:1747647658472:,1747647670541
counter/1/0/0/0,11352:1747647658472:,1747647670542
counter/10/0/0/0,9418:1747647657206:,1747647670542
counter/6/0/0/0,9469:1747647657889:,1747647670542
counter/10/0/0/0,9419:1747647657206:,1747647670542
counter/6/0/0/0,9470:1747647657889:,1747647670542
counter/5/0/0/0,10068:1747647657143:,1747647670542
counter/5/0/0/0,10069:1747647657143:,1747647670542
counter/5/0/0/0,10070:1747647657143:,1747647670542
counter/2/0/0/0,10106:1747647656726:,1747647670542
counter/2/0/0/0,10107:1747647656726:,1747647670542
counter/2/0/0/0,10108:1747647656726:,1747647670542
counter/8/0/0/0,10252:1747647657120:,1747647670542
counter/8/0/0/0,10253:1747647657120:,1747647670542
counter/8/0/0/0,10254:1747647657120:,1747647670542
counter/1/0/0/0,11353:1747647658472:,1747647670543
counter/2/0/0/0,10109:1747647656726:,1747647670543
counter/4/0/0/0,10619:1747647659099:,1747647670544
counter/7/0/0/0,10127:1747647657791:,1747647670545
counter/9/0/0/0,10743:1747647657722:,1747647670545
counter/3/0/0/0,10709:1747647658257:,1747647670545
counter/9/0/0/0,10744:1747647657722:,1747647670545
counter/9/0/0/0,10745:1747647657723:,1747647670545
counter/1/0/0/0,11354:1747647658472:,1747647670545
counter/4/0/0/0,10620:1747647659099:,1747647670546
counter/7/0/0/0,10128:1747647657791:,1747647670546
counter/7/0/0/0,10129:1747647657791:,1747647670546
counter/7/0/0/0,10130:1747647657791:,1747647670546
counter/3/0/0/0,10710:1747647658258:,1747647670546
counter/3/0/0/0,10711:1747647658258:,1747647670546
counter/3/0/0/0,10712:1747647658258:,1747647670546
counter/9/0/0/0,10746:1747647657723:,1747647670546
counter/8/0/0/0,10255:1747647657120:,1747647670547
counter/9/0/0/0,10747:1747647657723:,1747647670547
counter/7/0/0/0,10131:1747647657791:,1747647670547
counter/3/0/0/0,10713:1747647658258:,1747647670547
counter/1/0/0/0,11355:1747647658472:,1747647670547
counter/1/0/0/0,11356:1747647658472:,1747647670547
counter/1/0/0/0,11357:1747647658472:,1747647670547
counter/9/0/0/0,10748:1747647657732:,1747647670547
counter/5/0/0/0,10071:1747647657143:,1747647670548
counter/7/0/0/0,10132:1747647657791:,1747647670548
counter/5/0/0/0,10072:1747647657143:,1747647670548
counter/9/0/0/0,10749:1747647657740:,1747647670548
counter/9/0/0/0,10750:1747647657740:,1747647670548
counter/9/0/0/0,10751:1747647657740:,1747647670548
counter/9/0/0/0,10752:1747647657740:,1747647670548
counter/9/0/0/0,10753:1747647657740:,1747647670548
counter/2/0/0/0,10110:1747647656726:,1747647670548
counter/8/0/0/0,10256:1747647657120:,1747647670549
counter/7/0/0/0,10133:1747647657791:,1747647670549
counter/5/0/0/0,10073:1747647657143:,1747647670549
counter/1/0/0/0,11358:1747647658472:,1747647670549
counter/5/0/0/0,10074:1747647657150:,1747647670549
counter/5/0/0/0,10075:1747647657150:,1747647670549
counter/5/0/0/0,10076:1747647657150:,1747647670549
counter/3/0/0/0,10714:1747647658258:,1747647670550
counter/3/0/0/0,10715:1747647658258:,1747647670550
counter/8/0/0/0,10257:1747647657120:,1747647670550
counter/3/0/0/0,10716:1747647658258:,1747647670550
counter/4/0/0/0,10621:1747647659099:,1747647670551
counter/2/0/0/0,10111:1747647656726:,1747647670552
counter/7/0/0/0,10134:1747647657791:,1747647670553
counter/7/0/0/0,10135:1747647657791:,1747647670553
counter/7/0/0/0,10136:1747647657791:,1747647670553
counter/7/0/0/0,10137:1747647657791:,1747647670553
counter/7/0/0/0,10138:1747647657791:,1747647670553
counter/7/0/0/0,10139:1747647657791:,1747647670553
counter/7/0/0/0,10140:1747647657791:,1747647670553
counter/10/0/0/0,9420:1747647657206:,1747647670553
counter/5/0/0/0,10077:1747647657150:,1747647670553
counter/5/0/0/0,10078:1747647657150:,1747647670554
counter/5/0/0/0,10079:1747647657150:,1747647670554
counter/5/0/0/0,10080:1747647657150:,1747647670554
counter/5/0/0/0,10081:1747647657151:,1747647670554
counter/5/0/0/0,10082:1747647657151:,1747647670554
counter/5/0/0/0,10083:1747647657163:,1747647670554
counter/10/0/0/0,9421:1747647657210:,1747647670554
counter/10/0/0/0,9422:1747647657210:,1747647670554
counter/10/0/0/0,9423:1747647657210:,1747647670554
counter/9/0/0/0,10754:1747647657740:,1747647670554
counter/8/0/0/0,10258:1747647657121:,1747647670554
counter/8/0/0/0,10259:1747647657121:,1747647670554
counter/2/0/0/0,10112:1747647656738:,1747647670555
counter/8/0/0/0,10260:1747647657121:,1747647670555
counter/7/0/0/0,10141:1747647657791:,1747647670555
counter/7/0/0/0,10142:1747647657791:,1747647670555
counter/6/0/0/0,9471:1747647657889:,1747647670555
counter/6/0/0/0,9472:1747647657889:,1747647670555
counter/6/0/0/0,9473:1747647657889:,1747647670555
counter/2/0/0/0,10113:1747647656739:,1747647670556
counter/2/0/0/0,10114:1747647656743:,1747647670556
counter/5/0/0/0,10084:1747647657163:,1747647670556
counter/7/0/0/0,10143:1747647657791:,1747647670556
counter/7/0/0/0,10144:1747647657792:,1747647670556
counter/9/0/0/0,10755:1747647657740:,1747647670556
counter/1/0/0/0,11359:1747647658472:,1747647670557
counter/1/0/0/0,11360:1747647658472:,1747647670557
counter/1/0/0/0,11361:1747647658473:,1747647670557
counter/1/0/0/0,11362:1747647658473:,1747647670557
counter/1/0/0/0,11363:1747647658473:,1747647670557
counter/1/0/0/0,11364:1747647658473:,1747647670557
counter/10/0/0/0,9424:1747647657210:,1747647670557
counter/9/0/0/0,10756:1747647657740:,1747647670557
counter/2/0/0/0,10115:1747647656746:,1747647670558
counter/2/0/0/0,10116:1747647656746:,1747647670558
counter/2/0/0/0,10117:1747647656746:,1747647670558
counter/2/0/0/0,10118:1747647656754:,1747647670558
counter/1/0/0/0,11365:1747647658473:,1747647670558
counter/8/0/0/0,10261:1747647657126:,1747647670559
counter/2/0/0/0,10119:1747647656754:,1747647670559
counter/5/0/0/0,10085:1747647657163:,1747647670559
counter/1/0/0/0,11366:1747647658473:,1747647670559
counter/5/0/0/0,10086:1747647657163:,1747647670559
counter/8/0/0/0,10262:1747647657126:,1747647670560
counter/8/0/0/0,10263:1747647657126:,1747647670560
counter/8/0/0/0,10264:1747647657126:,1747647670560
counter/8/0/0/0,10265:1747647657126:,1747647670560
counter/8/0/0/0,10266:1747647657128:,1747647670560
counter/8/0/0/0,10267:1747647657128:,1747647670560
counter/8/0/0/0,10268:1747647657128:,1747647670560
counter/8/0/0/0,10269:1747647657128:,1747647670560
counter/8/0/0/0,10270:1747647657128:,1747647670560
counter/8/0/0/0,10271:1747647657128:,1747647670560
counter/8/0/0/0,10272:1747647657135:,1747647670560
counter/8/0/0/0,10273:1747647657140:,1747647670560
counter/8/0/0/0,10274:1747647657140:,1747647670560
counter/8/0/0/0,10275:1747647657141:,1747647670560
counter/6/0/0/0,9474:1747647657889:,1747647670560
counter/5/0/0/0,10087:1747647657163:,1747647670560
counter/7/0/0/0,10145:1747647657792:,1747647670561
counter/10/0/0/0,9425:1747647657210:,1747647670562
counter/10/0/0/0,9426:1747647657210:,1747647670562
counter/8/0/0/0,10276:1747647657141:,1747647670562
counter/7/0/0/0,10146:1747647657792:,1747647670562
counter/8/0/0/0,10277:1747647657147:,1747647670563
counter/8/0/0/0,10278:1747647657147:,1747647670564
counter/10/0/0/0,9427:1747647657210:,1747647670564
counter/8/0/0/0,10279:1747647657147:,1747647670565
counter/3/0/0/0,10717:1747647658258:,1747647670566
counter/8/0/0/0,10280:1747647657147:,1747647670566
counter/2/0/0/0,10120:1747647656754:,1747647670566
counter/8/0/0/0,10281:1747647657147:,1747647670567
counter/8/0/0/0,10282:1747647657147:,1747647670567
counter/8/0/0/0,10283:1747647657148:,1747647670567
counter/8/0/0/0,10284:1747647657148:,1747647670567
counter/8/0/0/0,10285:1747647657148:,1747647670567
counter/8/0/0/0,10286:1747647657148:,1747647670567
counter/10/0/0/0,9428:1747647657210:,1747647670567
counter/10/0/0/0,9429:1747647657210:,1747647670567
counter/10/0/0/0,9430:1747647657216:,1747647670567
counter/10/0/0/0,9431:1747647657216:,1747647670567
counter/10/0/0/0,9432:1747647657216:,1747647670567
counter/10/0/0/0,9433:1747647657216:,1747647670567
counter/7/0/0/0,10147:1747647657792:,1747647670567
counter/1/0/0/0,11367:1747647658473:,1747647670569
counter/10/0/0/0,9434:1747647657216:,1747647670569
counter/10/0/0/0,9435:1747647657216:,1747647670569
counter/10/0/0/0,9436:1747647657216:,1747647670569
counter/10/0/0/0,9437:1747647657228:,1747647670569
counter/10/0/0/0,9438:1747647657228:,1747647670569
counter/9/0/0/0,10757:1747647657740:,1747647670569
counter/10/0/0/0,9439:1747647657228:,1747647670569
counter/10/0/0/0,9440:1747647657228:,1747647670569
counter/3/0/0/0,10718:1747647658258:,1747647670569
counter/9/0/0/0,10758:1747647657740:,1747647670569
counter/2/0/0/0,10121:1747647656754:,1747647670569
counter/2/0/0/0,10122:1747647656754:,1747647670569
counter/7/0/0/0,10148:1747647657792:,1747647670570
counter/7/0/0/0,10149:1747647657792:,1747647670570
counter/3/0/0/0,10719:1747647658258:,1747647670570
counter/3/0/0/0,10720:1747647658258:,1747647670570
counter/5/0/0/0,10088:1747647657163:,1747647670570
counter/10/0/0/0,9441:1747647657229:,1747647670571
counter/10/0/0/0,9442:1747647657229:,1747647670572
counter/10/0/0/0,9443:1747647657229:,1747647670572
counter/10/0/0/0,9444:1747647657229:,1747647670572
counter/7/0/0/0,10150:1747647657792:,1747647670572
counter/10/0/0/0,9445:1747647657229:,1747647670572
counter/7/0/0/0,10151:1747647657792:,1747647670572
counter/5/0/0/0,10089:1747647657163:,1747647670572
counter/5/0/0/0,10090:1747647657163:,1747647670572
counter/2/0/0/0,10123:1747647656754:,1747647670572
counter/5/0/0/0,10091:1747647657163:,1747647670572
counter/1/0/0/0,11368:1747647658473:,1747647670574
counter/7/0/0/0,10152:1747647657792:,1747647670574
counter/8/0/0/0,10287:1747647657152:,1747647670576
counter/7/0/0/0,10153:1747647657792:,1747647670576
counter/10/0/0/0,9446:1747647657229:,1747647670577
counter/10/0/0/0,9447:1747647657229:,1747647670577
counter/10/0/0/0,9448:1747647657229:,1747647670577
counter/10/0/0/0,9449:1747647657229:,1747647670577
counter/10/0/0/0,9450:1747647657229:,1747647670577
counter/10/0/0/0,9451:1747647657229:,1747647670577
counter/10/0/0/0,9452:1747647657229:,1747647670577
counter/10/0/0/0,9453:1747647657229:,1747647670577
counter/10/0/0/0,9454:1747647657229:,1747647670577
counter/3/0/0/0,10721:1747647658259:,1747647670577
counter/10/0/0/0,9455:1747647657229:,1747647670577
counter/10/0/0/0,9456:1747647657229:,1747647670577
counter/7/0/0/0,10154:1747647657792:,1747647670577
counter/7/0/0/0,10155:1747647657792:,1747647670577
counter/5/0/0/0,10092:1747647657163:,1747647670577
counter/5/0/0/0,10093:1747647657164:,1747647670577
counter/5/0/0/0,10094:1747647657164:,1747647670578
counter/4/0/0/0,10622:1747647659099:,1747647670578
counter/2/0/0/0,10124:1747647656754:,1747647670578
counter/2/0/0/0,10125:1747647656754:,1747647670578
counter/2/0/0/0,10126:1747647656754:,1747647670578
counter/2/0/0/0,10127:1747647656754:,1747647670579
counter/6/0/0/0,9475:1747647657889:,1747647670579
counter/6/0/0/0,9476:1747647657889:,1747647670579
counter/6/0/0/0,9477:1747647657889:,1747647670579
counter/6/0/0/0,9478:1747647657889:,1747647670579
counter/8/0/0/0,10288:1747647657152:,1747647670579
counter/10/0/0/0,9457:1747647657234:,1747647670579
counter/10/0/0/0,9458:1747647657234:,1747647670579
counter/10/0/0/0,9459:1747647657234:,1747647670579
counter/10/0/0/0,9460:1747647657234:,1747647670579
counter/3/0/0/0,10722:1747647658259:,1747647670580
counter/3/0/0/0,10723:1747647658259:,1747647670581
counter/3/0/0/0,10724:1747647658259:,1747647670581
counter/3/0/0/0,10725:1747647658259:,1747647670581
counter/3/0/0/0,10726:1747647658259:,1747647670581
counter/3/0/0/0,10727:1747647658266:,1747647670581
counter/3/0/0/0,10728:1747647658266:,1747647670581
counter/3/0/0/0,10729:1747647658266:,1747647670581
counter/3/0/0/0,10730:1747647658266:,1747647670581
counter/3/0/0/0,10731:1747647658281:,1747647670581
counter/3/0/0/0,10732:1747647658281:,1747647670581
counter/4/0/0/0,10623:1747647659100:,1747647670581
counter/1/0/0/0,11369:1747647658473:,1747647670582
counter/6/0/0/0,9479:1747647657889:,1747647670582
counter/8/0/0/0,10289:1747647657152:,1747647670582
counter/8/0/0/0,10290:1747647657152:,1747647670582
counter/4/0/0/0,10624:1747647659100:,1747647670583
counter/2/0/0/0,10128:1747647656754:,1747647670583
counter/6/0/0/0,9480:1747647657893:,1747647670583
counter/3/0/0/0,10733:1747647658281:,1747647670587
counter/7/0/0/0,10156:1747647657792:,1747647670588
counter/7/0/0/0,10157:1747647657792:,1747647670588
counter/7/0/0/0,10158:1747647657792:,1747647670588
counter/1/0/0/0,11370:1747647658473:,1747647670588
counter/7/0/0/0,10159:1747647657792:,1747647670588
counter/7/0/0/0,10160:1747647657792:,1747647670588
counter/7/0/0/0,10161:1747647657792:,1747647670588
counter/6/0/0/0,9481:1747647657893:,1747647670589
counter/6/0/0/0,9482:1747647657893:,1747647670590
counter/6/0/0/0,9483:1747647657893:,1747647670590
counter/6/0/0/0,9484:1747647657895:,1747647670590
counter/6/0/0/0,9485:1747647657895:,1747647670590
counter/6/0/0/0,9486:1747647657895:,1747647670590
counter/6/0/0/0,9487:1747647657896:,1747647670590
counter/6/0/0/0,9488:1747647657896:,1747647670590
counter/6/0/0/0,9489:1747647657896:,1747647670590
counter/6/0/0/0,9490:1747647657896:,1747647670590
counter/6/0/0/0,9491:1747647657896:,1747647670590
counter/6/0/0/0,9492:1747647657896:,1747647670590
counter/6/0/0/0,9493:1747647657896:,1747647670590
counter/6/0/0/0,9494:1747647657896:,1747647670590
counter/2/0/0/0,10129:1747647656778:,1747647670590
counter/7/0/0/0,10162:1747647657792:,1747647670591
counter/2/0/0/0,10130:1747647656778:,1747647670592
counter/2/0/0/0,10131:1747647656778:,1747647670592
counter/2/0/0/0,10132:1747647656778:,1747647670593
counter/2/0/0/0,10133:1747647656778:,1747647670593
counter/2/0/0/0,10134:1747647656778:,1747647670593
counter/2/0/0/0,10135:1747647656779:,1747647670593
counter/2/0/0/0,10136:1747647656779:,1747647670593
counter/2/0/0/0,10137:1747647656779:,1747647670593
counter/2/0/0/0,10138:1747647656779:,1747647670593
counter/2/0/0/0,10139:1747647656779:,1747647670593
counter/2/0/0/0,10140:1747647656779:,1747647670593
counter/2/0/0/0,10141:1747647656779:,1747647670593
counter/2/0/0/0,10142:1747647656779:,1747647670593
counter/2/0/0/0,10143:1747647656779:,1747647670593
counter/7/0/0/0,10163:1747647657792:,1747647670593
counter/10/0/0/0,9461:1747647657234:,1747647670593
counter/10/0/0/0,9462:1747647657234:,1747647670593
counter/5/0/0/0,10095:1747647657164:,1747647670593
counter/5/0/0/0,10096:1747647657164:,1747647670593
counter/9/0/0/0,10759:1747647657740:,1747647670594
counter/7/0/0/0,10164:1747647657793:,1747647670594
counter/7/0/0/0,10165:1747647657794:,1747647670594
counter/7/0/0/0,10166:1747647657794:,1747647670594
counter/7/0/0/0,10167:1747647657794:,1747647670594
counter/7/0/0/0,10168:1747647657794:,1747647670594
counter/7/0/0/0,10169:1747647657794:,1747647670594
counter/7/0/0/0,10170:1747647657794:,1747647670596
counter/7/0/0/0,10171:1747647657794:,1747647670596
counter/7/0/0/0,10172:1747647657794:,1747647670596
counter/7/0/0/0,10173:1747647657794:,1747647670596
counter/7/0/0/0,10174:1747647657794:,1747647670596
counter/7/0/0/0,10175:1747647657794:,1747647670596
counter/6/0/0/0,9495:1747647657896:,1747647670596
counter/2/0/0/0,10144:1747647656779:,1747647670597
counter/5/0/0/0,10097:1747647657164:,1747647670597
counter/8/0/0/0,10291:1747647657152:,1747647670597
counter/5/0/0/0,10098:1747647657164:,1747647670597
counter/1/0/0/0,11371:1747647658473:,1747647670597
counter/10/0/0/0,9463:1747647657234:,1747647670597
counter/2/0/0/0,10145:1747647656783:,1747647670600
counter/7/0/0/0,10176:1747647657794:,1747647670600
counter/2/0/0/0,10146:1747647656783:,1747647670600
counter/2/0/0/0,10147:1747647656783:,1747647670601
counter/2/0/0/0,10148:1747647656783:,1747647670601
counter/2/0/0/0,10149:1747647656783:,1747647670601
counter/2/0/0/0,10150:1747647656783:,1747647670601
counter/2/0/0/0,10151:1747647656783:,1747647670601
counter/2/0/0/0,10152:1747647656783:,1747647670601
counter/4/0/0/0,10625:1747647659100:,1747647670601
counter/5/0/0/0,10099:1747647657166:,1747647670601
counter/1/0/0/0,11372:1747647658473:,1747647670601
counter/10/0/0/0,9464:1747647657234:,1747647670601
counter/1/0/0/0,11373:1747647658473:,1747647670601
counter/9/0/0/0,10760:1747647657740:,1747647670602
counter/9/0/0/0,10761:1747647657740:,1747647670602
counter/9/0/0/0,10762:1747647657740:,1747647670602
counter/8/0/0/0,10292:1747647657152:,1747647670602
counter/8/0/0/0,10293:1747647657152:,1747647670602
counter/8/0/0/0,10294:1747647657152:,1747647670602
counter/8/0/0/0,10295:1747647657152:,1747647670602
counter/8/0/0/0,10296:1747647657152:,1747647670602
counter/4/0/0/0,10626:1747647659100:,1747647670602
counter/5/0/0/0,10100:1747647657166:,1747647670603
counter/5/0/0/0,10101:1747647657166:,1747647670604
counter/5/0/0/0,10102:1747647657166:,1747647670604
counter/5/0/0/0,10103:1747647657166:,1747647670604
counter/5/0/0/0,10104:1747647657166:,1747647670604
counter/5/0/0/0,10105:1747647657166:,1747647670604
counter/5/0/0/0,10106:1747647657166:,1747647670604
counter/5/0/0/0,10107:1747647657166:,1747647670605
counter/5/0/0/0,10108:1747647657166:,1747647670605
counter/2/0/0/0,10153:1747647656783:,1747647670605
counter/9/0/0/0,10763:1747647657740:,1747647670605
counter/6/0/0/0,9496:1747647657896:,1747647670605
counter/6/0/0/0,9497:1747647657896:,1747647670605
counter/5/0/0/0,10109:1747647657166:,1747647670605
counter/1/0/0/0,11374:1747647658473:,1747647670605
counter/4/0/0/0,10627:1747647659106:,1747647670605
counter/1/0/0/0,11375:1747647658473:,1747647670607
counter/5/0/0/0,10110:1747647657166:,1747647670607
counter/2/0/0/0,10154:1747647656783:,1747647670607
counter/2/0/0/0,10155:1747647656783:,1747647670607
counter/3/0/0/0,10734:1747647658281:,1747647670607
counter/8/0/0/0,10297:1747647657152:,1747647670607
counter/3/0/0/0,10735:1747647658281:,1747647670607
counter/2/0/0/0,10156:1747647656783:,1747647670607
counter/5/0/0/0,10111:1747647657166:,1747647670608
counter/3/0/0/0,10736:1747647658281:,1747647670608
counter/3/0/0/0,10737:1747647658281:,1747647670608
counter/3/0/0/0,10738:1747647658301:,1747647670608
counter/3/0/0/0,10739:1747647658301:,1747647670608
counter/3/0/0/0,10740:1747647658301:,1747647670608
counter/3/0/0/0,10741:1747647658301:,1747647670608
counter/3/0/0/0,10742:1747647658304:,1747647670608
counter/3/0/0/0,10743:1747647658304:,1747647670608
counter/8/0/0/0,10298:1747647657156:,1747647670608
counter/5/0/0/0,10112:1747647657175:,1747647670608
counter/5/0/0/0,10113:1747647657175:,1747647670608
counter/5/0/0/0,10114:1747647657176:,1747647670608
counter/5/0/0/0,10115:1747647657176:,1747647670608
counter/5/0/0/0,10116:1747647657176:,1747647670608
counter/5/0/0/0,10117:1747647657176:,1747647670609
counter/3/0/0/0,10744:1747647658304:,1747647670609
counter/10/0/0/0,9465:1747647657234:,1747647670609
counter/9/0/0/0,10764:1747647657740:,1747647670610
counter/9/0/0/0,10765:1747647657740:,1747647670610
counter/6/0/0/0,9498:1747647657896:,1747647670610
counter/3/0/0/0,10745:1747647658325:,1747647670610
counter/5/0/0/0,10118:1747647657176:,1747647670613
counter/6/0/0/0,9499:1747647657896:,1747647670614
counter/6/0/0/0,9500:1747647657896:,1747647670614
counter/6/0/0/0,9501:1747647657896:,1747647670614
counter/6/0/0/0,9502:1747647657896:,1747647670614
counter/6/0/0/0,9503:1747647657896:,1747647670614
counter/8/0/0/0,10299:1747647657156:,1747647670614
counter/8/0/0/0,10300:1747647657156:,1747647670614
counter/5/0/0/0,10119:1747647657176:,1747647670614
counter/5/0/0/0,10120:1747647657176:,1747647670614
counter/5/0/0/0,10121:1747647657176:,1747647670615
counter/5/0/0/0,10122:1747647657176:,1747647670615
counter/5/0/0/0,10123:1747647657176:,1747647670615
counter/5/0/0/0,10124:1747647657176:,1747647670615
counter/5/0/0/0,10125:1747647657176:,1747647670615
counter/5/0/0/0,10126:1747647657176:,1747647670615
counter/8/0/0/0,10301:1747647657156:,1747647670615
counter/1/0/0/0,11376:1747647658473:,1747647670615
counter/7/0/0/0,10177:1747647657794:,1747647670615
counter/2/0/0/0,10157:1747647656783:,1747647670616
counter/2/0/0/0,10158:1747647656783:,1747647670616
counter/2/0/0/0,10159:1747647656783:,1747647670616
counter/9/0/0/0,10766:1747647657740:,1747647670616
counter/10/0/0/0,9466:1747647657234:,1747647670618
counter/9/0/0/0,10767:1747647657744:,1747647670618
counter/9/0/0/0,10768:1747647657744:,1747647670618
counter/5/0/0/0,10127:1747647657176:,1747647670618
counter/5/0/0/0,10128:1747647657176:,1747647670618
counter/3/0/0/0,10746:1747647658325:,1747647670618
counter/10/0/0/0,9467:1747647657234:,1747647670619
counter/9/0/0/0,10769:1747647657744:,1747647670619
counter/9/0/0/0,10770:1747647657745:,1747647670619
counter/9/0/0/0,10771:1747647657745:,1747647670619
counter/9/0/0/0,10772:1747647657745:,1747647670619
counter/9/0/0/0,10773:1747647657745:,1747647670619
counter/9/0/0/0,10774:1747647657745:,1747647670619
counter/9/0/0/0,10775:1747647657745:,1747647670619
counter/7/0/0/0,10178:1747647657794:,1747647670619
counter/7/0/0/0,10179:1747647657794:,1747647670619
counter/7/0/0/0,10180:1747647657794:,1747647670619
counter/7/0/0/0,10181:1747647657794:,1747647670619
counter/8/0/0/0,10302:1747647657156:,1747647670619
counter/8/0/0/0,10303:1747647657156:,1747647670619
counter/8/0/0/0,10304:1747647657172:,1747647670619
counter/10/0/0/0,9468:1747647657234:,1747647670620
counter/8/0/0/0,10305:1747647657174:,1747647670622
counter/10/0/0/0,9469:1747647657234:,1747647670622
counter/2/0/0/0,10160:1747647656784:,1747647670623
counter/2/0/0/0,10161:1747647656784:,1747647670623
counter/2/0/0/0,10162:1747647656784:,1747647670623
counter/2/0/0/0,10163:1747647656784:,1747647670623
counter/2/0/0/0,10164:1747647656784:,1747647670623
counter/2/0/0/0,10165:1747647656784:,1747647670623
counter/2/0/0/0,10166:1747647656784:,1747647670623
counter/2/0/0/0,10167:1747647656784:,1747647670624
counter/2/0/0/0,10168:1747647656784:,1747647670624
counter/2/0/0/0,10169:1747647656784:,1747647670624
counter/5/0/0/0,10129:1747647657176:,1747647670624
counter/9/0/0/0,10776:1747647657745:,1747647670624
counter/7/0/0/0,10182:1747647657794:,1747647670625
counter/7/0/0/0,10183:1747647657794:,1747647670625
counter/7/0/0/0,10184:1747647657794:,1747647670625
counter/7/0/0/0,10185:1747647657794:,1747647670625
counter/7/0/0/0,10186:1747647657796:,1747647670625
counter/3/0/0/0,10747:1747647658325:,1747647670625
counter/3/0/0/0,10748:1747647658325:,1747647670625
counter/2/0/0/0,10170:1747647656784:,1747647670626
counter/2/0/0/0,10171:1747647656784:,1747647670626
counter/2/0/0/0,10172:1747647656784:,1747647670626
counter/2/0/0/0,10173:1747647656784:,1747647670626
counter/2/0/0/0,10174:1747647656791:,1747647670626
counter/1/0/0/0,11377:1747647658473:,1747647670626
counter/9/0/0/0,10777:1747647657745:,1747647670626
counter/9/0/0/0,10778:1747647657745:,1747647670627
counter/9/0/0/0,10779:1747647657745:,1747647670627
counter/9/0/0/0,10780:1747647657745:,1747647670627
counter/6/0/0/0,9504:1747647657896:,1747647670627
counter/9/0/0/0,10781:1747647657747:,1747647670627
counter/6/0/0/0,9505:1747647657896:,1747647670627
counter/6/0/0/0,9506:1747647657899:,1747647670627
counter/8/0/0/0,10306:1747647657174:,1747647670627
counter/2/0/0/0,10175:1747647656791:,1747647670628
counter/5/0/0/0,10130:1747647657176:,1747647670628
counter/8/0/0/0,10307:1747647657174:,1747647670628
counter/5/0/0/0,10131:1747647657176:,1747647670628
counter/5/0/0/0,10132:1747647657176:,1747647670628
counter/5/0/0/0,10133:1747647657176:,1747647670628
counter/5/0/0/0,10134:1747647657177:,1747647670628
counter/5/0/0/0,10135:1747647657177:,1747647670628
counter/5/0/0/0,10136:1747647657177:,1747647670628
counter/5/0/0/0,10137:1747647657177:,1747647670628
counter/5/0/0/0,10138:1747647657177:,1747647670628
counter/5/0/0/0,10139:1747647657177:,1747647670628
counter/5/0/0/0,10140:1747647657177:,1747647670628
counter/10/0/0/0,9470:1747647657234:,1747647670629
counter/9/0/0/0,10782:1747647657748:,1747647670629
counter/4/0/0/0,10628:1747647659106:,1747647670629
counter/9/0/0/0,10783:1747647657748:,1747647670629
counter/4/0/0/0,10629:1747647659106:,1747647670630
counter/6/0/0/0,9507:1747647657899:,1747647670630
counter/6/0/0/0,9508:1747647657899:,1747647670630
counter/6/0/0/0,9509:1747647657899:,1747647670630
counter/6/0/0/0,9510:1747647657899:,1747647670630
counter/6/0/0/0,9511:1747647657899:,1747647670630
counter/6/0/0/0,9512:1747647657899:,1747647670630
counter/6/0/0/0,9513:1747647657899:,1747647670630
counter/6/0/0/0,9514:1747647657903:,1747647670630
counter/6/0/0/0,9515:1747647657903:,1747647670630
counter/6/0/0/0,9516:1747647657903:,1747647670630
counter/6/0/0/0,9517:1747647657903:,1747647670630
counter/6/0/0/0,9518:1747647657903:,1747647670630
counter/6/0/0/0,9519:1747647657903:,1747647670630
counter/6/0/0/0,9520:1747647657903:,1747647670630
counter/6/0/0/0,9521:1747647657909:,1747647670630
counter/6/0/0/0,9522:1747647657910:,1747647670630
counter/6/0/0/0,9523:1747647657910:,1747647670630
counter/6/0/0/0,9524:1747647657910:,1747647670630
counter/6/0/0/0,9525:1747647657917:,1747647670630
counter/6/0/0/0,9526:1747647657917:,1747647670630
counter/6/0/0/0,9527:1747647657917:,1747647670631
counter/6/0/0/0,9528:1747647657917:,1747647670631
counter/6/0/0/0,9529:1747647657917:,1747647670631
counter/1/0/0/0,11378:1747647658473:,1747647670631
counter/1/0/0/0,11379:1747647658473:,1747647670633
counter/5/0/0/0,10141:1747647657177:,1747647670633
counter/5/0/0/0,10142:1747647657177:,1747647670633
counter/5/0/0/0,10143:1747647657177:,1747647670633
counter/5/0/0/0,10144:1747647657177:,1747647670633
counter/5/0/0/0,10145:1747647657177:,1747647670633
counter/5/0/0/0,10146:1747647657177:,1747647670633
counter/10/0/0/0,9471:1747647657239:,1747647670633
counter/10/0/0/0,9472:1747647657239:,1747647670633
counter/10/0/0/0,9473:1747647657239:,1747647670633
counter/10/0/0/0,9474:1747647657239:,1747647670633
counter/10/0/0/0,9475:1747647657239:,1747647670633
counter/2/0/0/0,10176:1747647656792:,1747647670633
counter/2/0/0/0,10177:1747647656792:,1747647670633
counter/3/0/0/0,10749:1747647658325:,1747647670633
counter/3/0/0/0,10750:1747647658325:,1747647670633
counter/4/0/0/0,10630:1747647659106:,1747647670635
counter/9/0/0/0,10784:1747647657753:,1747647670635
counter/9/0/0/0,10785:1747647657753:,1747647670635
counter/9/0/0/0,10786:1747647657753:,1747647670635
counter/9/0/0/0,10787:1747647657753:,1747647670635
counter/9/0/0/0,10788:1747647657753:,1747647670635
counter/9/0/0/0,10789:1747647657753:,1747647670635
counter/6/0/0/0,9530:1747647657917:,1747647670635
counter/9/0/0/0,10790:1747647657753:,1747647670635
counter/2/0/0/0,10178:1747647656792:,1747647670636
counter/2/0/0/0,10179:1747647656792:,1747647670636
counter/2/0/0/0,10180:1747647656792:,1747647670636
counter/2/0/0/0,10181:1747647656792:,1747647670637
counter/2/0/0/0,10182:1747647656792:,1747647670637
counter/3/0/0/0,10751:1747647658325:,1747647670637
counter/2/0/0/0,10183:1747647656792:,1747647670637
counter/7/0/0/0,10187:1747647657796:,1747647670637
counter/7/0/0/0,10188:1747647657796:,1747647670637
counter/5/0/0/0,10147:1747647657177:,1747647670637
counter/1/0/0/0,11380:1747647658473:,1747647670637
counter/1/0/0/0,11381:1747647658474:,1747647670637
counter/1/0/0/0,11382:1747647658474:,1747647670637
counter/1/0/0/0,11383:1747647658474:,1747647670637
counter/1/0/0/0,11384:1747647658474:,1747647670637
counter/10/0/0/0,9476:1747647657240:,1747647670637
counter/2/0/0/0,10184:1747647656792:,1747647670637
counter/2/0/0/0,10185:1747647656792:,1747647670638
counter/2/0/0/0,10186:1747647656792:,1747647670638
counter/2/0/0/0,10187:1747647656792:,1747647670638
counter/2/0/0/0,10188:1747647656801:,1747647670638
counter/2/0/0/0,10189:1747647656801:,1747647670638
counter/2/0/0/0,10190:1747647656801:,1747647670638
counter/2/0/0/0,10191:1747647656801:,1747647670638
counter/10/0/0/0,9477:1747647657240:,1747647670638
counter/3/0/0/0,10752:1747647658325:,1747647670638
counter/5/0/0/0,10148:1747647657177:,1747647670639
counter/1/0/0/0,11385:1747647658474:,1747647670639
counter/6/0/0/0,9531:1747647657917:,1747647670639
counter/6/0/0/0,9532:1747647657917:,1747647670639
counter/6/0/0/0,9533:1747647657942:,1747647670639
counter/6/0/0/0,9534:1747647657942:,1747647670639
counter/8/0/0/0,10308:1747647657174:,1747647670639
counter/8/0/0/0,10309:1747647657174:,1747647670639
counter/8/0/0/0,10310:1747647657174:,1747647670639
counter/8/0/0/0,10311:1747647657174:,1747647670639
counter/9/0/0/0,10791:1747647657755:,1747647670639
counter/7/0/0/0,10189:1747647657796:,1747647670640
counter/1/0/0/0,11386:1747647658474:,1747647670640
counter/6/0/0/0,9535:1747647657943:,1747647670640
counter/6/0/0/0,9536:1747647657943:,1747647670640
counter/6/0/0/0,9537:1747647657943:,1747647670640
counter/3/0/0/0,10753:1747647658325:,1747647670641
counter/3/0/0/0,10754:1747647658325:,1747647670641
counter/3/0/0/0,10755:1747647658327:,1747647670641
counter/3/0/0/0,10756:1747647658327:,1747647670641
counter/10/0/0/0,9478:1747647657240:,1747647670641
counter/10/0/0/0,9479:1747647657240:,1747647670641
counter/1/0/0/0,11387:1747647658474:,1747647670642
counter/9/0/0/0,10792:1747647657755:,1747647670643
counter/9/0/0/0,10793:1747647657755:,1747647670643
counter/9/0/0/0,10794:1747647657755:,1747647670644
counter/5/0/0/0,10149:1747647657177:,1747647670645
counter/10/0/0/0,9480:1747647657240:,1747647670645
counter/4/0/0/0,10631:1747647659106:,1747647670645
counter/6/0/0/0,9538:1747647657943:,1747647670645
counter/2/0/0/0,10192:1747647656801:,1747647670646
counter/1/0/0/0,11388:1747647658483:,1747647670646
counter/6/0/0/0,9539:1747647657943:,1747647670646
counter/6/0/0/0,9540:1747647657943:,1747647670646
counter/9/0/0/0,10795:1747647657755:,1747647670647
counter/6/0/0/0,9541:1747647657943:,1747647670647
counter/6/0/0/0,9542:1747647657943:,1747647670647
counter/6/0/0/0,9543:1747647657943:,1747647670647
counter/6/0/0/0,9544:1747647657943:,1747647670647
counter/6/0/0/0,9545:1747647657943:,1747647670647
counter/6/0/0/0,9546:1747647657943:,1747647670647
counter/3/0/0/0,10757:1747647658327:,1747647670647
counter/3/0/0/0,10758:1747647658327:,1747647670648
counter/3/0/0/0,10759:1747647658327:,1747647670648
counter/3/0/0/0,10760:1747647658327:,1747647670648
counter/3/0/0/0,10761:1747647658327:,1747647670648
counter/3/0/0/0,10762:1747647658327:,1747647670648
counter/3/0/0/0,10763:1747647658327:,1747647670648
counter/3/0/0/0,10764:1747647658339:,1747647670648
counter/3/0/0/0,10765:1747647658340:,1747647670648
counter/3/0/0/0,10766:1747647658340:,1747647670648
counter/3/0/0/0,10767:1747647658340:,1747647670648
counter/3/0/0/0,10768:1747647658340:,1747647670648
counter/3/0/0/0,10769:1747647658340:,1747647670648
counter/3/0/0/0,10770:1747647658340:,1747647670648
counter/3/0/0/0,10771:1747647658340:,1747647670648
counter/3/0/0/0,10772:1747647658340:,1747647670649
counter/5/0/0/0,10150:1747647657177:,1747647670649
counter/4/0/0/0,10632:1747647659110:,1747647670650
counter/6/0/0/0,9547:1747647657943:,1747647670651
counter/6/0/0/0,9548:1747647657943:,1747647670651
counter/6/0/0/0,9549:1747647657943:,1747647670651
counter/6/0/0/0,9550:1747647657943:,1747647670651
counter/6/0/0/0,9551:1747647657943:,1747647670651
counter/10/0/0/0,9481:1747647657240:,1747647670651
counter/6/0/0/0,9552:1747647657943:,1747647670652
counter/2/0/0/0,10193:1747647656801:,1747647670653
counter/5/0/0/0,10151:1747647657177:,1747647670654
counter/1/0/0/0,11389:1747647658485:,1747647670654
counter/4/0/0/0,10633:1747647659110:,1747647670654
counter/9/0/0/0,10796:1747647657755:,1747647670654
counter/10/0/0/0,9482:1747647657240:,1747647670655
counter/10/0/0/0,9483:1747647657240:,1747647670655
counter/9/0/0/0,10797:1747647657755:,1747647670655
counter/10/0/0/0,9484:1747647657240:,1747647670655
counter/9/0/0/0,10798:1747647657755:,1747647670656
counter/10/0/0/0,9485:1747647657240:,1747647670656
counter/9/0/0/0,10799:1747647657755:,1747647670656
counter/9/0/0/0,10800:1747647657755:,1747647670656
counter/1/0/0/0,11390:1747647658485:,1747647670657
counter/3/0/0/0,10773:1747647658340:,1747647670657
counter/9/0/0/0,10801:1747647657755:,1747647670657
counter/9/0/0/0,10802:1747647657763:,1747647670657
counter/9/0/0/0,10803:1747647657763:,1747647670657
counter/9/0/0/0,10804:1747647657763:,1747647670657
counter/9/0/0/0,10805:1747647657763:,1747647670657
counter/10/0/0/0,9486:1747647657240:,1747647670658
counter/10/0/0/0,9487:1747647657240:,1747647670658
counter/10/0/0/0,9488:1747647657240:,1747647670658
counter/3/0/0/0,10774:1747647658341:,1747647670658
counter/9/0/0/0,10806:1747647657763:,1747647670658
counter/2/0/0/0,10194:1747647656801:,1747647670658
counter/2/0/0/0,10195:1747647656801:,1747647670658
counter/6/0/0/0,9553:1747647657943:,1747647670660
counter/6/0/0/0,9554:1747647657943:,1747647670660
counter/6/0/0/0,9555:1747647657943:,1747647670660
counter/6/0/0/0,9556:1747647657944:,1747647670660
counter/6/0/0/0,9557:1747647657944:,1747647670660
counter/6/0/0/0,9558:1747647657944:,1747647670660
counter/5/0/0/0,10152:1747647657177:,1747647670660
counter/6/0/0/0,9559:1747647657949:,1747647670660
counter/5/0/0/0,10153:1747647657177:,1747647670660
counter/5/0/0/0,10154:1747647657177:,1747647670660
counter/5/0/0/0,10155:1747647657179:,1747647670660
counter/1/0/0/0,11391:1747647658485:,1747647670660
counter/4/0/0/0,10634:1747647659110:,1747647670661
counter/4/0/0/0,10635:1747647659110:,1747647670661
counter/4/0/0/0,10636:1747647659110:,1747647670661
counter/4/0/0/0,10637:1747647659110:,1747647670661
counter/4/0/0/0,10638:1747647659110:,1747647670661
counter/4/0/0/0,10639:1747647659110:,1747647670661
counter/4/0/0/0,10640:1747647659110:,1747647670661
counter/4/0/0/0,10641:1747647659114:,1747647670661
counter/1/0/0/0,11392:1747647658485:,1747647670661
counter/4/0/0/0,10642:1747647659142:,1747647670661
counter/2/0/0/0,10196:1747647656801:,1747647670662
counter/2/0/0/0,10197:1747647656802:,1747647670662
counter/2/0/0/0,10198:1747647656802:,1747647670662
counter/2/0/0/0,10199:1747647656802:,1747647670662
counter/2/0/0/0,10200:1747647656802:,1747647670662
counter/2/0/0/0,10201:1747647656802:,1747647670662
counter/2/0/0/0,10202:1747647656802:,1747647670662
counter/9/0/0/0,10807:1747647657763:,1747647670663
counter/6/0/0/0,9560:1747647657949:,1747647670663
counter/6/0/0/0,9561:1747647657949:,1747647670663
counter/10/0/0/0,9489:1747647657240:,1747647670663
counter/8/0/0/0,10312:1747647657174:,1747647670663
counter/8/0/0/0,10313:1747647657174:,1747647670663
counter/4/0/0/0,10643:1747647659142:,1747647670664
counter/4/0/0/0,10644:1747647659144:,1747647670664
counter/4/0/0/0,10645:1747647659144:,1747647670664
counter/4/0/0/0,10646:1747647659144:,1747647670664
counter/4/0/0/0,10647:1747647659144:,1747647670665
counter/4/0/0/0,10648:1747647659144:,1747647670665
counter/4/0/0/0,10649:1747647659144:,1747647670665
counter/4/0/0/0,10650:1747647659144:,1747647670665
counter/8/0/0/0,10314:1747647657174:,1747647670665
counter/8/0/0/0,10315:1747647657175:,1747647670665
counter/3/0/0/0,10775:1747647658341:,1747647670665
counter/1/0/0/0,11393:1747647658485:,1747647670666
counter/6/0/0/0,9562:1747647657949:,1747647670666
counter/6/0/0/0,9563:1747647657949:,1747647670666
counter/10/0/0/0,9490:1747647657240:,1747647670666
counter/10/0/0/0,9491:1747647657241:,1747647670666
counter/10/0/0/0,9492:1747647657241:,1747647670666
counter/2/0/0/0,10203:1747647656803:,1747647670666
counter/2/0/0/0,10204:1747647656803:,1747647670666
counter/2/0/0/0,10205:1747647656803:,1747647670666
counter/9/0/0/0,10808:1747647657763:,1747647670667
counter/10/0/0/0,9493:1747647657241:,1747647670667
counter/5/0/0/0,10156:1747647657179:,1747647670667
counter/2/0/0/0,10206:1747647656811:,1747647670667
counter/5/0/0/0,10157:1747647657179:,1747647670668
counter/5/0/0/0,10158:1747647657179:,1747647670668
counter/5/0/0/0,10159:1747647657179:,1747647670668
counter/5/0/0/0,10160:1747647657179:,1747647670668
counter/5/0/0/0,10161:1747647657179:,1747647670668
counter/5/0/0/0,10162:1747647657179:,1747647670668
counter/5/0/0/0,10163:1747647657179:,1747647670668
counter/5/0/0/0,10164:1747647657179:,1747647670668
counter/5/0/0/0,10165:1747647657179:,1747647670668
counter/7/0/0/0,10190:1747647657796:,1747647670668
counter/7/0/0/0,10191:1747647657796:,1747647670668
counter/3/0/0/0,10776:1747647658341:,1747647670668
counter/10/0/0/0,9494:1747647657241:,1747647670669
counter/10/0/0/0,9495:1747647657241:,1747647670669
counter/10/0/0/0,9496:1747647657241:,1747647670669
counter/10/0/0/0,9497:1747647657241:,1747647670669
counter/10/0/0/0,9498:1747647657241:,1747647670669
counter/10/0/0/0,9499:1747647657241:,1747647670669
counter/2/0/0/0,10207:1747647656812:,1747647670669
counter/2/0/0/0,10208:1747647656812:,1747647670669
counter/2/0/0/0,10209:1747647656812:,1747647670669
counter/2/0/0/0,10210:1747647656812:,1747647670669
counter/6/0/0/0,9564:1747647657950:,1747647670669
counter/1/0/0/0,11394:1747647658486:,1747647670670
counter/4/0/0/0,10651:1747647659144:,1747647670670
counter/1/0/0/0,11395:1747647658486:,1747647670670
counter/5/0/0/0,10166:1747647657179:,1747647670670
counter/2/0/0/0,10211:1747647656812:,1747647670674
counter/2/0/0/0,10212:1747647656812:,1747647670674
counter/2/0/0/0,10213:1747647656812:,1747647670674
counter/2/0/0/0,10214:1747647656812:,1747647670674
counter/2/0/0/0,10215:1747647656812:,1747647670675
counter/2/0/0/0,10216:1747647656812:,1747647670675
counter/2/0/0/0,10217:1747647656812:,1747647670675
counter/9/0/0/0,10809:1747647657763:,1747647670675
counter/9/0/0/0,10810:1747647657763:,1747647670675
counter/9/0/0/0,10811:1747647657763:,1747647670675
counter/5/0/0/0,10167:1747647657179:,1747647670676
counter/1/0/0/0,11396:1747647658486:,1747647670676
counter/1/0/0/0,11397:1747647658488:,1747647670676
counter/1/0/0/0,11398:1747647658488:,1747647670676
counter/1/0/0/0,11399:1747647658488:,1747647670676
counter/1/0/0/0,11400:1747647658488:,1747647670676
counter/1/0/0/0,11401:1747647658488:,1747647670676
counter/1/0/0/0,11402:1747647658488:,1747647670676
counter/1/0/0/0,11403:1747647658498:,1747647670676
counter/8/0/0/0,10316:1747647657175:,1747647670676
counter/4/0/0/0,10652:1747647659144:,1747647670676
counter/10/0/0/0,9500:1747647657245:,1747647670677
counter/3/0/0/0,10777:1747647658341:,1747647670677
counter/3/0/0/0,10778:1747647658341:,1747647670677
counter/3/0/0/0,10779:1747647658342:,1747647670677
counter/3/0/0/0,10780:1747647658342:,1747647670677
counter/3/0/0/0,10781:1747647658342:,1747647670678
counter/3/0/0/0,10782:1747647658342:,1747647670678
counter/3/0/0/0,10783:1747647658342:,1747647670678
counter/3/0/0/0,10784:1747647658342:,1747647670678
counter/5/0/0/0,10168:1747647657179:,1747647670678
counter/7/0/0/0,10192:1747647657796:,1747647670678
counter/5/0/0/0,10169:1747647657179:,1747647670678
counter/1/0/0/0,11404:1747647658498:,1747647670679
counter/7/0/0/0,10193:1747647657796:,1747647670679
counter/5/0/0/0,10170:1747647657179:,1747647670680
counter/7/0/0/0,10194:1747647657796:,1747647670680
counter/7/0/0/0,10195:1747647657796:,1747647670680
counter/7/0/0/0,10196:1747647657796:,1747647670680
counter/7/0/0/0,10197:1747647657796:,1747647670681
counter/7/0/0/0,10198:1747647657796:,1747647670681
counter/7/0/0/0,10199:1747647657796:,1747647670681
counter/7/0/0/0,10200:1747647657796:,1747647670681
counter/7/0/0/0,10201:1747647657803:,1747647670681
counter/7/0/0/0,10202:1747647657804:,1747647670681
counter/7/0/0/0,10203:1747647657804:,1747647670681
counter/7/0/0/0,10204:1747647657804:,1747647670681
counter/4/0/0/0,10653:1747647659144:,1747647670681
counter/3/0/0/0,10785:1747647658342:,1747647670681
counter/4/0/0/0,10654:1747647659144:,1747647670681
counter/4/0/0/0,10655:1747647659144:,1747647670681
counter/4/0/0/0,10656:1747647659144:,1747647670681
counter/4/0/0/0,10657:1747647659144:,1747647670681
counter/5/0/0/0,10171:1747647657179:,1747647670683
counter/2/0/0/0,10218:1747647656812:,1747647670684
counter/2/0/0/0,10219:1747647656812:,1747647670684
counter/1/0/0/0,11405:1747647658498:,1747647670684
counter/1/0/0/0,11406:1747647658498:,1747647670684
counter/1/0/0/0,11407:1747647658498:,1747647670684
counter/7/0/0/0,10205:1747647657804:,1747647670685
counter/10/0/0/0,9501:1747647657245:,1747647670685
counter/10/0/0/0,9502:1747647657245:,1747647670685
counter/10/0/0/0,9503:1747647657245:,1747647670685
counter/10/0/0/0,9504:1747647657246:,1747647670686
counter/3/0/0/0,10786:1747647658351:,1747647670686
counter/5/0/0/0,10172:1747647657179:,1747647670686
counter/5/0/0/0,10173:1747647657180:,1747647670686
counter/7/0/0/0,10206:1747647657804:,1747647670689
counter/7/0/0/0,10207:1747647657804:,1747647670689
counter/7/0/0/0,10208:1747647657804:,1747647670689
counter/7/0/0/0,10209:1747647657804:,1747647670689
counter/7/0/0/0,10210:1747647657804:,1747647670689
counter/7/0/0/0,10211:1747647657804:,1747647670689
counter/7/0/0/0,10212:1747647657804:,1747647670689
counter/7/0/0/0,10213:1747647657804:,1747647670689
counter/7/0/0/0,10214:1747647657804:,1747647670689
counter/7/0/0/0,10215:1747647657804:,1747647670689
counter/2/0/0/0,10220:1747647656812:,1747647670689
counter/2/0/0/0,10221:1747647656812:,1747647670689
counter/6/0/0/0,9565:1747647657950:,1747647670689
counter/1/0/0/0,11408:1747647658498:,1747647670689
counter/1/0/0/0,11409:1747647658498:,1747647670689
counter/1/0/0/0,11410:1747647658499:,1747647670689
counter/1/0/0/0,11411:1747647658499:,1747647670689
counter/3/0/0/0,10787:1747647658352:,1747647670690
counter/10/0/0/0,9505:1747647657246:,1747647670691
counter/10/0/0/0,9506:1747647657246:,1747647670691
counter/10/0/0/0,9507:1747647657246:,1747647670691
counter/10/0/0/0,9508:1747647657246:,1747647670691
counter/10/0/0/0,9509:1747647657246:,1747647670691
counter/10/0/0/0,9510:1747647657246:,1747647670691
counter/9/0/0/0,10812:1747647657763:,1747647670692
counter/9/0/0/0,10813:1747647657763:,1747647670692
counter/9/0/0/0,10814:1747647657769:,1747647670692
counter/9/0/0/0,10815:1747647657769:,1747647670692
counter/1/0/0/0,11412:1747647658499:,1747647670692
counter/8/0/0/0,10317:1747647657175:,1747647670692
counter/8/0/0/0,10318:1747647657175:,1747647670692
counter/2/0/0/0,10222:1747647656813:,1747647670692
counter/2/0/0/0,10223:1747647656813:,1747647670692
counter/2/0/0/0,10224:1747647656813:,1747647670692
counter/2/0/0/0,10225:1747647656817:,1747647670692
counter/2/0/0/0,10226:1747647656817:,1747647670692
counter/7/0/0/0,10216:1747647657822:,1747647670692
counter/10/0/0/0,9511:1747647657246:,1747647670692
counter/10/0/0/0,9512:1747647657246:,1747647670692
counter/10/0/0/0,9513:1747647657246:,1747647670692
counter/10/0/0/0,9514:1747647657246:,1747647670692
counter/10/0/0/0,9515:1747647657246:,1747647670694
counter/4/0/0/0,10658:1747647659144:,1747647670694
counter/6/0/0/0,9566:1747647657950:,1747647670695
counter/6/0/0/0,9567:1747647657950:,1747647670695
counter/5/0/0/0,10174:1747647657180:,1747647670695
counter/9/0/0/0,10816:1747647657769:,1747647670696
counter/10/0/0/0,9516:1747647657252:,1747647670697
counter/4/0/0/0,10659:1747647659144:,1747647670697
counter/9/0/0/0,10817:1747647657769:,1747647670697
counter/4/0/0/0,10660:1747647659147:,1747647670697
counter/4/0/0/0,10661:1747647659147:,1747647670697
counter/4/0/0/0,10662:1747647659147:,1747647670697
counter/4/0/0/0,10663:1747647659147:,1747647670697
counter/4/0/0/0,10664:1747647659148:,1747647670697
counter/4/0/0/0,10665:1747647659148:,1747647670697
counter/4/0/0/0,10666:1747647659148:,1747647670698
counter/4/0/0/0,10667:1747647659148:,1747647670698
counter/4/0/0/0,10668:1747647659148:,1747647670698
counter/4/0/0/0,10669:1747647659148:,1747647670698
counter/8/0/0/0,10319:1747647657180:,1747647670698
counter/6/0/0/0,9568:1747647657950:,1747647670698
counter/8/0/0/0,10320:1747647657180:,1747647670698
counter/8/0/0/0,10321:1747647657180:,1747647670698
counter/9/0/0/0,10818:1747647657769:,1747647670698
counter/10/0/0/0,9517:1747647657252:,1747647670700
counter/1/0/0/0,11413:1747647658499:,1747647670700
counter/3/0/0/0,10788:1747647658352:,1747647670700
counter/2/0/0/0,10227:1747647656817:,1747647670701
counter/4/0/0/0,10670:1747647659148:,1747647670701
counter/4/0/0/0,10671:1747647659148:,1747647670701
counter/4/0/0/0,10672:1747647659148:,1747647670701
counter/6/0/0/0,9569:1747647657950:,1747647670701
counter/6/0/0/0,9570:1747647657950:,1747647670701
counter/5/0/0/0,10175:1747647657180:,1747647670702
counter/5/0/0/0,10176:1747647657180:,1747647670702
counter/2/0/0/0,10228:1747647656817:,1747647670702
counter/7/0/0/0,10217:1747647657822:,1747647670702
counter/7/0/0/0,10218:1747647657822:,1747647670702
counter/6/0/0/0,9571:1747647657950:,1747647670702
counter/6/0/0/0,9572:1747647657950:,1747647670703
counter/6/0/0/0,9573:1747647657950:,1747647670703
counter/6/0/0/0,9574:1747647657950:,1747647670703
counter/6/0/0/0,9575:1747647657950:,1747647670703
counter/6/0/0/0,9576:1747647657950:,1747647670703
counter/6/0/0/0,9577:1747647657950:,1747647670703
counter/6/0/0/0,9578:1747647657950:,1747647670703
counter/6/0/0/0,9579:1747647657950:,1747647670703
counter/6/0/0/0,9580:1747647657950:,1747647670703
counter/2/0/0/0,10229:1747647656817:,1747647670703
counter/7/0/0/0,10219:1747647657822:,1747647670703
counter/9/0/0/0,10819:1747647657769:,1747647670703
counter/9/0/0/0,10820:1747647657769:,1747647670703
counter/6/0/0/0,9581:1747647657950:,1747647670704
counter/6/0/0/0,9582:1747647657950:,1747647670704
counter/6/0/0/0,9583:1747647657950:,1747647670704
counter/6/0/0/0,9584:1747647657951:,1747647670704
counter/6/0/0/0,9585:1747647657951:,1747647670704
counter/8/0/0/0,10322:1747647657180:,1747647670704
counter/6/0/0/0,9586:1747647657951:,1747647670704
counter/5/0/0/0,10177:1747647657180:,1747647670704
counter/5/0/0/0,10178:1747647657180:,1747647670705
counter/8/0/0/0,10323:1747647657180:,1747647670705
counter/10/0/0/0,9518:1747647657484:,1747647670705
counter/10/0/0/0,9519:1747647657484:,1747647670705
counter/10/0/0/0,9520:1747647657484:,1747647670705
counter/10/0/0/0,9521:1747647657486:,1747647670705
counter/2/0/0/0,10230:1747647656817:,1747647670705
counter/2/0/0/0,10231:1747647656817:,1747647670705
counter/2/0/0/0,10232:1747647656817:,1747647670705
counter/2/0/0/0,10233:1747647656817:,1747647670705
counter/2/0/0/0,10234:1747647656817:,1747647670705
counter/7/0/0/0,10220:1747647657826:,1747647670705
counter/7/0/0/0,10221:1747647657826:,1747647670705
counter/7/0/0/0,10222:1747647657826:,1747647670705
counter/7/0/0/0,10223:1747647657826:,1747647670706
counter/6/0/0/0,9587:1747647657951:,1747647670706
counter/2/0/0/0,10235:1747647656817:,1747647670707
counter/2/0/0/0,10236:1747647656817:,1747647670707
counter/2/0/0/0,10237:1747647656817:,1747647670707
counter/2/0/0/0,10238:1747647656817:,1747647670707
counter/2/0/0/0,10239:1747647656829:,1747647670707
counter/2/0/0/0,10240:1747647656829:,1747647670707
counter/2/0/0/0,10241:1747647656829:,1747647670707
counter/5/0/0/0,10179:1747647657180:,1747647670707
counter/8/0/0/0,10324:1747647657180:,1747647670707
counter/10/0/0/0,9522:1747647657486:,1747647670707
counter/1/0/0/0,11414:1747647658499:,1747647670707
counter/1/0/0/0,11415:1747647658499:,1747647670707
counter/1/0/0/0,11416:1747647658499:,1747647670708
counter/1/0/0/0,11417:1747647658499:,1747647670708
counter/1/0/0/0,11418:1747647658499:,1747647670708
counter/7/0/0/0,10224:1747647657827:,1747647670708
counter/7/0/0/0,10225:1747647657828:,1747647670708
counter/2/0/0/0,10242:1747647656829:,1747647670708
counter/2/0/0/0,10243:1747647656829:,1747647670708
counter/2/0/0/0,10244:1747647656829:,1747647670708
counter/2/0/0/0,10245:1747647656829:,1747647670708
counter/2/0/0/0,10246:1747647656829:,1747647670708
counter/2/0/0/0,10247:1747647656830:,1747647670708
counter/5/0/0/0,10180:1747647657180:,1747647670708
counter/5/0/0/0,10181:1747647657180:,1747647670708
counter/5/0/0/0,10182:1747647657180:,1747647670708
counter/7/0/0/0,10226:1747647657828:,1747647670710
counter/7/0/0/0,10227:1747647657828:,1747647670710
counter/7/0/0/0,10228:1747647657828:,1747647670710
counter/7/0/0/0,10229:1747647657828:,1747647670710
counter/4/0/0/0,10673:1747647659148:,1747647670710
counter/4/0/0/0,10674:1747647659149:,1747647670710
counter/6/0/0/0,9588:1747647657951:,1747647670710
counter/5/0/0/0,10183:1747647657180:,1747647670711
counter/5/0/0/0,10184:1747647657182:,1747647670711
counter/5/0/0/0,10185:1747647657182:,1747647670712
counter/5/0/0/0,10186:1747647657182:,1747647670712
counter/5/0/0/0,10187:1747647657182:,1747647670712
counter/5/0/0/0,10188:1747647657182:,1747647670712
counter/5/0/0/0,10189:1747647657182:,1747647670712
counter/5/0/0/0,10190:1747647657183:,1747647670712
counter/5/0/0/0,10191:1747647657183:,1747647670712
counter/5/0/0/0,10192:1747647657183:,1747647670712
counter/5/0/0/0,10193:1747647657183:,1747647670712
counter/5/0/0/0,10194:1747647657183:,1747647670712
counter/5/0/0/0,10195:1747647657183:,1747647670713
counter/5/0/0/0,10196:1747647657183:,1747647670713
counter/7/0/0/0,10230:1747647657828:,1747647670713
counter/10/0/0/0,9523:1747647657486:,1747647670713
counter/6/0/0/0,9589:1747647657951:,1747647670713
counter/6/0/0/0,9590:1747647657951:,1747647670713
counter/6/0/0/0,9591:1747647657951:,1747647670713
counter/6/0/0/0,9592:1747647657951:,1747647670713
counter/6/0/0/0,9593:1747647657951:,1747647670714
counter/8/0/0/0,10325:1747647657180:,1747647670714
counter/1/0/0/0,11419:1747647658499:,1747647670714
counter/8/0/0/0,10326:1747647657180:,1747647670715
counter/5/0/0/0,10197:1747647657183:,1747647670715
counter/2/0/0/0,10248:1747647656830:,1747647670715
counter/1/0/0/0,11420:1747647658502:,1747647670715
counter/1/0/0/0,11421:1747647658502:,1747647670715
counter/1/0/0/0,11422:1747647658507:,1747647670715
counter/1/0/0/0,11423:1747647658507:,1747647670715
counter/1/0/0/0,11424:1747647658507:,1747647670715
counter/1/0/0/0,11425:1747647658507:,1747647670715
counter/7/0/0/0,10231:1747647657828:,1747647670715
counter/5/0/0/0,10198:1747647657185:,1747647670715
counter/2/0/0/0,10249:1747647656830:,1747647670716
counter/2/0/0/0,10250:1747647656830:,1747647670716
counter/2/0/0/0,10251:1747647656830:,1747647670716
counter/1/0/0/0,11426:1747647658507:,1747647670716
counter/1/0/0/0,11427:1747647658507:,1747647670716
counter/1/0/0/0,11428:1747647658507:,1747647670716
counter/7/0/0/0,10232:1747647657828:,1747647670716
counter/1/0/0/0,11429:1747647658507:,1747647670716
counter/1/0/0/0,11430:1747647658507:,1747647670716
counter/1/0/0/0,11431:1747647658507:,1747647670716
counter/1/0/0/0,11432:1747647658507:,1747647670716
counter/1/0/0/0,11433:1747647658507:,1747647670716
counter/1/0/0/0,11434:1747647658507:,1747647670716
counter/1/0/0/0,11435:1747647658507:,1747647670716
counter/1/0/0/0,11436:1747647658507:,1747647670716
counter/1/0/0/0,11437:1747647658507:,1747647670716
counter/1/0/0/0,11438:1747647658507:,1747647670716
counter/2/0/0/0,10252:1747647656830:,1747647670716
counter/9/0/0/0,10821:1747647657769:,1747647670716
counter/3/0/0/0,10789:1747647658352:,1747647670717
counter/6/0/0/0,9594:1747647657951:,1747647670717
counter/4/0/0/0,10675:1747647659149:,1747647670718
counter/8/0/0/0,10327:1747647657180:,1747647670719
counter/8/0/0/0,10328:1747647657180:,1747647670719
counter/1/0/0/0,11439:1747647658507:,1747647670719
counter/1/0/0/0,11440:1747647658507:,1747647670719
counter/7/0/0/0,10233:1747647657828:,1747647670721
counter/7/0/0/0,10234:1747647657828:,1747647670721
counter/7/0/0/0,10235:1747647657828:,1747647670721
counter/7/0/0/0,10236:1747647657837:,1747647670721
counter/7/0/0/0,10237:1747647657838:,1747647670721
counter/3/0/0/0,10790:1747647658352:,1747647670722
counter/8/0/0/0,10329:1747647657181:,1747647670722
counter/8/0/0/0,10330:1747647657181:,1747647670722
counter/8/0/0/0,10331:1747647657181:,1747647670722
counter/8/0/0/0,10332:1747647657182:,1747647670722
counter/8/0/0/0,10333:1747647657182:,1747647670722
counter/5/0/0/0,10199:1747647657185:,1747647670723
counter/4/0/0/0,10676:1747647659149:,1747647670724
counter/4/0/0/0,10677:1747647659149:,1747647670725
counter/3/0/0/0,10791:1747647658352:,1747647670725
counter/4/0/0/0,10678:1747647659175:,1747647670725
counter/3/0/0/0,10792:1747647658352:,1747647670726
counter/7/0/0/0,10238:1747647657838:,1747647670726
counter/7/0/0/0,10239:1747647657838:,1747647670726
counter/7/0/0/0,10240:1747647657838:,1747647670726
counter/7/0/0/0,10241:1747647657838:,1747647670727
counter/4/0/0/0,10679:1747647659175:,1747647670734
counter/4/0/0/0,10680:1747647659175:,1747647670734
counter/4/0/0/0,10681:1747647659175:,1747647670734
counter/4/0/0/0,10682:1747647659175:,1747647670734
counter/4/0/0/0,10683:1747647659175:,1747647670734
counter/4/0/0/0,10684:1747647659175:,1747647670734
counter/1/0/0/0,11441:1747647658507:,1747647670735
counter/8/0/0/0,10334:1747647657182:,1747647670736
counter/5/0/0/0,10200:1747647657185:,1747647670736
counter/5/0/0/0,10201:1747647657185:,1747647670736
counter/5/0/0/0,10202:1747647657185:,1747647670736
counter/5/0/0/0,10203:1747647657185:,1747647670736
counter/5/0/0/0,10204:1747647657185:,1747647670736
counter/10/0/0/0,9524:1747647657486:,1747647670736
counter/10/0/0/0,9525:1747647657488:,1747647670736
counter/9/0/0/0,10822:1747647657769:,1747647670736
counter/10/0/0/0,9526:1747647657488:,1747647670736
counter/9/0/0/0,10823:1747647657769:,1747647670736
counter/9/0/0/0,10824:1747647657769:,1747647670736
counter/9/0/0/0,10825:1747647657769:,1747647670736
counter/1/0/0/0,11442:1747647658507:,1747647670736
counter/4/0/0/0,10685:1747647659176:,1747647670736
counter/9/0/0/0,10826:1747647657769:,1747647670737
counter/4/0/0/0,10686:1747647659176:,1747647670737
counter/5/0/0/0,10205:1747647657185:,1747647670737
counter/5/0/0/0,10206:1747647657185:,1747647670737
counter/7/0/0/0,10242:1747647657838:,1747647670737
counter/8/0/0/0,10335:1747647657182:,1747647670737
counter/7/0/0/0,10243:1747647657838:,1747647670737
counter/10/0/0/0,9527:1747647657490:,1747647670738
counter/5/0/0/0,10207:1747647657185:,1747647670738
counter/6/0/0/0,9595:1747647657951:,1747647670738
counter/6/0/0/0,9596:1747647657951:,1747647670738
counter/6/0/0/0,9597:1747647657951:,1747647670738
counter/6/0/0/0,9598:1747647657951:,1747647670738
counter/6/0/0/0,9599:1747647657951:,1747647670738
counter/1/0/0/0,11443:1747647658507:,1747647670738
counter/1/0/0/0,11444:1747647658507:,1747647670738
counter/1/0/0/0,11445:1747647658508:,1747647670738
counter/1/0/0/0,11446:1747647658508:,1747647670738
counter/10/0/0/0,9528:1747647657490:,1747647670739
counter/7/0/0/0,10244:1747647657838:,1747647670739
counter/4/0/0/0,10687:1747647659176:,1747647670739
counter/7/0/0/0,10245:1747647657838:,1747647670739
counter/9/0/0/0,10827:1747647657769:,1747647670739
counter/7/0/0/0,10246:1747647657838:,1747647670739
counter/9/0/0/0,10828:1747647657769:,1747647670739
counter/9/0/0/0,10829:1747647657769:,1747647670739
counter/8/0/0/0,10336:1747647657182:,1747647670739
counter/8/0/0/0,10337:1747647657182:,1747647670739
counter/8/0/0/0,10338:1747647657182:,1747647670739
counter/8/0/0/0,10339:1747647657182:,1747647670739
counter/8/0/0/0,10340:1747647657182:,1747647670739
counter/8/0/0/0,10341:1747647657183:,1747647670740
counter/8/0/0/0,10342:1747647657183:,1747647670740
counter/2/0/0/0,10253:1747647656830:,1747647670740
counter/3/0/0/0,10793:1747647658352:,1747647670740
counter/2/0/0/0,10254:1747647656832:,1747647670740
counter/3/0/0/0,10794:1747647658352:,1747647670740
counter/2/0/0/0,10255:1747647656836:,1747647670741
counter/2/0/0/0,10256:1747647656836:,1747647670741
counter/2/0/0/0,10257:1747647656836:,1747647670741
counter/3/0/0/0,10795:1747647658352:,1747647670742
counter/6/0/0/0,9600:1747647657951:,1747647670742
counter/6/0/0/0,9601:1747647657951:,1747647670742
counter/6/0/0/0,9602:1747647657951:,1747647670742
counter/6/0/0/0,9603:1747647657951:,1747647670742
counter/6/0/0/0,9604:1747647657952:,1747647670742
counter/6/0/0/0,9605:1747647657952:,1747647670742
counter/6/0/0/0,9606:1747647657952:,1747647670742
counter/6/0/0/0,9607:1747647657952:,1747647670742
counter/6/0/0/0,9608:1747647657952:,1747647670742
counter/6/0/0/0,9609:1747647657952:,1747647670742
counter/6/0/0/0,9610:1747647657952:,1747647670742
counter/6/0/0/0,9611:1747647657952:,1747647670742
counter/10/0/0/0,9529:1747647657496:,1747647670743
counter/10/0/0/0,9530:1747647657497:,1747647670743
counter/10/0/0/0,9531:1747647657501:,1747647670743
counter/10/0/0/0,9532:1747647657502:,1747647670743
counter/3/0/0/0,10796:1747647658352:,1747647670743
counter/7/0/0/0,10247:1747647657838:,1747647670744
counter/2/0/0/0,10258:1747647656836:,1747647670745
counter/1/0/0/0,11447:1747647658508:,1747647670745
counter/5/0/0/0,10208:1747647657185:,1747647670745
counter/5/0/0/0,10209:1747647657185:,1747647670745
counter/5/0/0/0,10210:1747647657185:,1747647670745
counter/5/0/0/0,10211:1747647657185:,1747647670745
counter/5/0/0/0,10212:1747647657185:,1747647670745
counter/5/0/0/0,10213:1747647657185:,1747647670745
counter/5/0/0/0,10214:1747647657185:,1747647670745
counter/5/0/0/0,10215:1747647657185:,1747647670745
counter/5/0/0/0,10216:1747647657185:,1747647670745
counter/7/0/0/0,10248:1747647657838:,1747647670745
counter/2/0/0/0,10259:1747647656836:,1747647670745
counter/7/0/0/0,10249:1747647657838:,1747647670745
counter/7/0/0/0,10250:1747647657838:,1747647670746
counter/10/0/0/0,9533:1747647657502:,1747647670746
counter/6/0/0/0,9612:1747647657955:,1747647670747
counter/7/0/0/0,10251:1747647657838:,1747647670747
counter/7/0/0/0,10252:1747647657838:,1747647670748
counter/7/0/0/0,10253:1747647657838:,1747647670748
counter/7/0/0/0,10254:1747647657838:,1747647670749
counter/7/0/0/0,10255:1747647657838:,1747647670749
counter/7/0/0/0,10256:1747647657838:,1747647670749
counter/7/0/0/0,10257:1747647657838:,1747647670749
counter/7/0/0/0,10258:1747647657838:,1747647670749
counter/7/0/0/0,10259:1747647657838:,1747647670749
counter/7/0/0/0,10260:1747647657838:,1747647670749
counter/2/0/0/0,10260:1747647656842:,1747647670749
counter/7/0/0/0,10261:1747647657838:,1747647670749
counter/7/0/0/0,10262:1747647657839:,1747647670749
counter/7/0/0/0,10263:1747647657839:,1747647670749
counter/5/0/0/0,10217:1747647657185:,1747647670749
counter/5/0/0/0,10218:1747647657186:,1747647670749
counter/7/0/0/0,10264:1747647657839:,1747647670750
counter/5/0/0/0,10219:1747647657186:,1747647670750
counter/7/0/0/0,10265:1747647657839:,1747647670750
counter/5/0/0/0,10220:1747647657186:,1747647670750
counter/7/0/0/0,10266:1747647657839:,1747647670750
counter/5/0/0/0,10221:1747647657186:,1747647670750
counter/7/0/0/0,10267:1747647657839:,1747647670750
counter/7/0/0/0,10268:1747647657839:,1747647670750
counter/7/0/0/0,10269:1747647657839:,1747647670750
counter/7/0/0/0,10270:1747647657839:,1747647670750
counter/7/0/0/0,10271:1747647657839:,1747647670750
counter/7/0/0/0,10272:1747647657839:,1747647670750
counter/7/0/0/0,10273:1747647657839:,1747647670750
counter/7/0/0/0,10274:1747647657839:,1747647670750
counter/7/0/0/0,10275:1747647657839:,1747647670750
counter/7/0/0/0,10276:1747647657839:,1747647670750
counter/8/0/0/0,10343:1747647657183:,1747647670750
counter/8/0/0/0,10344:1747647657183:,1747647670751
counter/9/0/0/0,10830:1747647657769:,1747647670751
counter/9/0/0/0,10831:1747647657769:,1747647670751
counter/9/0/0/0,10832:1747647657769:,1747647670751
counter/9/0/0/0,10833:1747647657769:,1747647670751
counter/9/0/0/0,10834:1747647657769:,1747647670751
counter/9/0/0/0,10835:1747647657770:,1747647670751
counter/9/0/0/0,10836:1747647657770:,1747647670751
counter/9/0/0/0,10837:1747647657770:,1747647670751
counter/9/0/0/0,10838:1747647657770:,1747647670751
counter/9/0/0/0,10839:1747647657770:,1747647670751
counter/9/0/0/0,10840:1747647657771:,1747647670751
counter/9/0/0/0,10841:1747647657771:,1747647670751
counter/9/0/0/0,10842:1747647657772:,1747647670751
counter/3/0/0/0,10797:1747647658352:,1747647670751
counter/8/0/0/0,10345:1747647657194:,1747647670751
counter/8/0/0/0,10346:1747647657194:,1747647670751
counter/7/0/0/0,10277:1747647657839:,1747647670751
counter/7/0/0/0,10278:1747647657839:,1747647670751
counter/7/0/0/0,10279:1747647657839:,1747647670751
counter/7/0/0/0,10280:1747647657839:,1747647670751
counter/7/0/0/0,10281:1747647657843:,1747647670751
counter/7/0/0/0,10282:1747647657843:,1747647670752
counter/2/0/0/0,10261:1747647656842:,1747647670752
counter/6/0/0/0,9613:1747647657955:,1747647670752
counter/6/0/0/0,9614:1747647657955:,1747647670752
counter/6/0/0/0,9615:1747647657955:,1747647670752
counter/6/0/0/0,9616:1747647657956:,1747647670752
counter/6/0/0/0,9617:1747647657959:,1747647670752
counter/6/0/0/0,9618:1747647657959:,1747647670752
counter/6/0/0/0,9619:1747647657959:,1747647670752
counter/8/0/0/0,10347:1747647657194:,1747647670752
counter/8/0/0/0,10348:1747647657194:,1747647670752
counter/8/0/0/0,10349:1747647657194:,1747647670752
counter/5/0/0/0,10222:1747647657186:,1747647670752
counter/7/0/0/0,10283:1747647657844:,1747647670752
counter/1/0/0/0,11448:1747647658508:,1747647670752
counter/2/0/0/0,10262:1747647656846:,1747647670752
counter/6/0/0/0,9620:1747647657960:,1747647670752
counter/6/0/0/0,9621:1747647657960:,1747647670752
counter/3/0/0/0,10798:1747647658352:,1747647670752
counter/3/0/0/0,10799:1747647658352:,1747647670752
counter/3/0/0/0,10800:1747647658352:,1747647670752
counter/3/0/0/0,10801:1747647658352:,1747647670753
counter/3/0/0/0,10802:1747647658352:,1747647670753
counter/3/0/0/0,10803:1747647658352:,1747647670753
counter/3/0/0/0,10804:1747647658352:,1747647670753
counter/3/0/0/0,10805:1747647658352:,1747647670753
counter/6/0/0/0,9622:1747647657960:,1747647670753
counter/3/0/0/0,10806:1747647658353:,1747647670753
counter/3/0/0/0,10807:1747647658353:,1747647670753
counter/3/0/0/0,10808:1747647658353:,1747647670753
counter/3/0/0/0,10809:1747647658353:,1747647670753
counter/3/0/0/0,10810:1747647658353:,1747647670753
counter/2/0/0/0,10263:1747647656846:,1747647670753
counter/3/0/0/0,10811:1747647658353:,1747647670753
counter/1/0/0/0,11449:1747647658508:,1747647670753
counter/5/0/0/0,10223:1747647657186:,1747647670754
counter/10/0/0/0,9534:1747647657507:,1747647670754
counter/7/0/0/0,10284:1747647657844:,1747647670754
counter/10/0/0/0,9535:1747647657508:,1747647670754
counter/10/0/0/0,9536:1747647657508:,1747647670754
counter/10/0/0/0,9537:1747647657508:,1747647670754
counter/10/0/0/0,9538:1747647657508:,1747647670754
counter/10/0/0/0,9539:1747647657508:,1747647670754
counter/10/0/0/0,9540:1747647657508:,1747647670754
counter/10/0/0/0,9541:1747647657511:,1747647670754
counter/10/0/0/0,9542:1747647657511:,1747647670754
counter/10/0/0/0,9543:1747647657511:,1747647670754
counter/8/0/0/0,10350:1747647657194:,1747647670754
counter/8/0/0/0,10351:1747647657194:,1747647670754
counter/3/0/0/0,10812:1747647658353:,1747647670754
counter/5/0/0/0,10224:1747647657186:,1747647670755
counter/5/0/0/0,10225:1747647657186:,1747647670755
counter/5/0/0/0,10226:1747647657186:,1747647670755
counter/2/0/0/0,10264:1747647656847:,1747647670755
counter/4/0/0/0,10688:1747647659176:,1747647670755
counter/10/0/0/0,9544:1747647657512:,1747647670755
counter/10/0/0/0,9545:1747647657512:,1747647670755
counter/10/0/0/0,9546:1747647657512:,1747647670755
counter/10/0/0/0,9547:1747647657512:,1747647670755
counter/10/0/0/0,9548:1747647657512:,1747647670755
counter/10/0/0/0,9549:1747647657512:,1747647670755
counter/4/0/0/0,10689:1747647659176:,1747647670755
counter/10/0/0/0,9550:1747647657512:,1747647670755
counter/10/0/0/0,9551:1747647657512:,1747647670755
counter/1/0/0/0,11450:1747647658508:,1747647670755
counter/10/0/0/0,9552:1747647657512:,1747647670755
counter/10/0/0/0,9553:1747647657512:,1747647670755
counter/10/0/0/0,9554:1747647657536:,1747647670755
counter/10/0/0/0,9555:1747647657536:,1747647670755
counter/5/0/0/0,10227:1747647657187:,1747647670755
counter/7/0/0/0,10285:1747647657844:,1747647670756
counter/7/0/0/0,10286:1747647657844:,1747647670756
counter/3/0/0/0,10813:1747647658353:,1747647670756
counter/7/0/0/0,10287:1747647657844:,1747647670756
counter/7/0/0/0,10288:1747647657844:,1747647670756
counter/1/0/0/0,11451:1747647658508:,1747647670757
counter/1/0/0/0,11452:1747647658508:,1747647670757
counter/1/0/0/0,11453:1747647658508:,1747647670757
counter/1/0/0/0,11454:1747647658508:,1747647670757
counter/1/0/0/0,11455:1747647658508:,1747647670757
counter/4/0/0/0,10690:1747647659176:,1747647670757
counter/1/0/0/0,11456:1747647658508:,1747647670757
counter/4/0/0/0,10691:1747647659176:,1747647670757
counter/1/0/0/0,11457:1747647658508:,1747647670758
counter/4/0/0/0,10692:1747647659176:,1747647670758
counter/1/0/0/0,11458:1747647658508:,1747647670758
counter/4/0/0/0,10693:1747647659176:,1747647670758
counter/4/0/0/0,10694:1747647659176:,1747647670758
counter/4/0/0/0,10695:1747647659176:,1747647670758
counter/4/0/0/0,10696:1747647659189:,1747647670758
counter/9/0/0/0,10843:1747647657772:,1747647670758
counter/3/0/0/0,10814:1747647658360:,1747647670758
counter/4/0/0/0,10697:1747647659189:,1747647670758
counter/3/0/0/0,10815:1747647658395:,1747647670758
counter/7/0/0/0,10289:1747647657844:,1747647670758
counter/4/0/0/0,10698:1747647659197:,1747647670758
counter/3/0/0/0,10816:1747647658395:,1747647670758
counter/4/0/0/0,10699:1747647659199:,1747647670758
counter/3/0/0/0,10817:1747647658395:,1747647670758
counter/4/0/0/0,10700:1747647659199:,1747647670758
counter/3/0/0/0,10818:1747647658395:,1747647670758
counter/1/0/0/0,11459:1747647658508:,1747647670758
counter/4/0/0/0,10701:1747647659199:,1747647670758
counter/3/0/0/0,10819:1747647658395:,1747647670758
counter/4/0/0/0,10702:1747647659199:,1747647670758
counter/3/0/0/0,10820:1747647658395:,1747647670758
counter/4/0/0/0,10703:1747647659199:,1747647670758
counter/3/0/0/0,10821:1747647658395:,1747647670758
counter/4/0/0/0,10704:1747647659199:,1747647670758
counter/4/0/0/0,10705:1747647659208:,1747647670758
counter/4/0/0/0,10706:1747647659208:,1747647670759
counter/4/0/0/0,10707:1747647659209:,1747647670759
counter/4/0/0/0,10708:1747647659209:,1747647670759
counter/4/0/0/0,10709:1747647659209:,1747647670759
counter/4/0/0/0,10710:1747647659209:,1747647670759
counter/4/0/0/0,10711:1747647659209:,1747647670759
counter/4/0/0/0,10712:1747647659209:,1747647670759
counter/4/0/0/0,10713:1747647659213:,1747647670759
counter/6/0/0/0,9623:1747647657960:,1747647670759
counter/8/0/0/0,10352:1747647657194:,1747647670759
counter/4/0/0/0,10714:1747647659213:,1747647670759
counter/2/0/0/0,10265:1747647656847:,1747647670759
counter/5/0/0/0,10228:1747647657187:,1747647670759
counter/4/0/0/0,10715:1747647659213:,1747647670759
counter/5/0/0/0,10229:1747647657187:,1747647670759
counter/4/0/0/0,10716:1747647659214:,1747647670759
counter/5/0/0/0,10230:1747647657187:,1747647670759
counter/4/0/0/0,10717:1747647659214:,1747647670759
counter/5/0/0/0,10231:1747647657187:,1747647670759
counter/7/0/0/0,10290:1747647657844:,1747647670759
counter/3/0/0/0,10822:1747647658395:,1747647670759
counter/5/0/0/0,10232:1747647657187:,1747647670759
counter/7/0/0/0,10291:1747647657844:,1747647670759
counter/3/0/0/0,10823:1747647658395:,1747647670759
counter/5/0/0/0,10233:1747647657187:,1747647670759
counter/5/0/0/0,10234:1747647657187:,1747647670759
counter/5/0/0/0,10235:1747647657187:,1747647670759
counter/7/0/0/0,10292:1747647657844:,1747647670759
counter/3/0/0/0,10824:1747647658396:,1747647670759
counter/3/0/0/0,10825:1747647658402:,1747647670759
counter/3/0/0/0,10826:1747647658402:,1747647670759
counter/3/0/0/0,10827:1747647658402:,1747647670759
counter/3/0/0/0,10828:1747647658402:,1747647670760
counter/3/0/0/0,10829:1747647658402:,1747647670760
counter/3/0/0/0,10830:1747647658402:,1747647670760
counter/3/0/0/0,10831:1747647658402:,1747647670760
counter/3/0/0/0,10832:1747647658402:,1747647670760
counter/3/0/0/0,10833:1747647658402:,1747647670760
counter/4/0/0/0,10718:1747647659214:,1747647670760
counter/4/0/0/0,10719:1747647659214:,1747647670760
counter/4/0/0/0,10720:1747647659214:,1747647670760
counter/4/0/0/0,10721:1747647659214:,1747647670760
counter/4/0/0/0,10722:1747647659214:,1747647670760
counter/9/0/0/0,10844:1747647657772:,1747647670760
counter/6/0/0/0,9624:1747647657960:,1747647670760
counter/4/0/0/0,10723:1747647659214:,1747647670760
counter/9/0/0/0,10845:1747647657772:,1747647670760
counter/4/0/0/0,10724:1747647659214:,1747647670760
counter/9/0/0/0,10846:1747647657772:,1747647670760
counter/4/0/0/0,10725:1747647659214:,1747647670760
counter/9/0/0/0,10847:1747647657772:,1747647670760
counter/9/0/0/0,10848:1747647657772:,1747647670760
counter/9/0/0/0,10849:1747647657772:,1747647670760
counter/9/0/0/0,10850:1747647657772:,1747647670760
counter/9/0/0/0,10851:1747647657772:,1747647670760
counter/9/0/0/0,10852:1747647657789:,1747647670760
counter/4/0/0/0,10726:1747647659214:,1747647670760
counter/3/0/0/0,10834:1747647658402:,1747647670760
counter/1/0/0/0,11460:1747647658508:,1747647670760
counter/3/0/0/0,10835:1747647658402:,1747647670761
counter/1/0/0/0,11461:1747647658508:,1747647670761
counter/6/0/0/0,9625:1747647657960:,1747647670761
counter/6/0/0/0,9626:1747647657960:,1747647670761
counter/6/0/0/0,9627:1747647657960:,1747647670761
counter/6/0/0/0,9628:1747647657960:,1747647670761
counter/6/0/0/0,9629:1747647657960:,1747647670761
counter/6/0/0/0,9630:1747647657960:,1747647670761
counter/6/0/0/0,9631:1747647657960:,1747647670761
counter/6/0/0/0,9632:1747647657960:,1747647670761
counter/6/0/0/0,9633:1747647657960:,1747647670761
counter/7/0/0/0,10293:1747647657844:,1747647670761
counter/10/0/0/0,9556:1747647657536:,1747647670761
counter/6/0/0/0,9634:1747647657960:,1747647670761
counter/7/0/0/0,10294:1747647657844:,1747647670761
counter/6/0/0/0,9635:1747647657960:,1747647670761
counter/7/0/0/0,10295:1747647657844:,1747647670761
counter/6/0/0/0,9636:1747647657960:,1747647670761
counter/7/0/0/0,10296:1747647657844:,1747647670761
counter/6/0/0/0,9637:1747647657960:,1747647670761
counter/7/0/0/0,10297:1747647657844:,1747647670761
counter/6/0/0/0,9638:1747647657960:,1747647670761
counter/7/0/0/0,10298:1747647657844:,1747647670762
counter/7/0/0/0,10299:1747647657844:,1747647670762
counter/7/0/0/0,10300:1747647657844:,1747647670762
counter/7/0/0/0,10301:1747647657844:,1747647670762
counter/7/0/0/0,10302:1747647657844:,1747647670762
counter/7/0/0/0,10303:1747647657844:,1747647670762
counter/7/0/0/0,10304:1747647657844:,1747647670762
counter/10/0/0/0,9557:1747647657536:,1747647670762
counter/7/0/0/0,10305:1747647657844:,1747647670762
counter/10/0/0/0,9558:1747647657536:,1747647670762
counter/7/0/0/0,10306:1747647657845:,1747647670762
counter/10/0/0/0,9559:1747647657536:,1747647670762
counter/7/0/0/0,10307:1747647657845:,1747647670762
counter/10/0/0/0,9560:1747647657536:,1747647670762
counter/10/0/0/0,9561:1747647657536:,1747647670762
counter/1/0/0/0,11462:1747647658508:,1747647670762
counter/10/0/0/0,9562:1747647657536:,1747647670762
counter/8/0/0/0,10353:1747647657196:,1747647670762
counter/1/0/0/0,11463:1747647658508:,1747647670762
counter/1/0/0/0,11464:1747647658508:,1747647670762
counter/1/0/0/0,11465:1747647658508:,1747647670762
counter/1/0/0/0,11466:1747647658508:,1747647670762
counter/9/0/0/0,10853:1747647657789:,1747647670763
counter/8/0/0/0,10354:1747647657196:,1747647670763
counter/3/0/0/0,10836:1747647658402:,1747647670763
counter/8/0/0/0,10355:1747647657196:,1747647670763
counter/8/0/0/0,10356:1747647657196:,1747647670763
counter/1/0/0/0,11467:1747647658508:,1747647670764
counter/8/0/0/0,10357:1747647657197:,1747647670764
counter/1/0/0/0,11468:1747647658512:,1747647670764
counter/1/0/0/0,11469:1747647658512:,1747647670764
counter/1/0/0/0,11470:1747647658513:,1747647670764
counter/1/0/0/0,11471:1747647658513:,1747647670764
counter/4/0/0/0,10727:1747647659214:,1747647670764
counter/1/0/0/0,11472:1747647658513:,1747647670764
counter/1/0/0/0,11473:1747647658513:,1747647670764
counter/7/0/0/0,10308:1747647657845:,1747647670764
counter/1/0/0/0,11474:1747647658513:,1747647670764
counter/1/0/0/0,11475:1747647658513:,1747647670764
counter/1/0/0/0,11476:1747647658513:,1747647670764
counter/3/0/0/0,10837:1747647658402:,1747647670764
counter/3/0/0/0,10838:1747647658402:,1747647670764
counter/3/0/0/0,10839:1747647658402:,1747647670764
counter/3/0/0/0,10840:1747647658404:,1747647670764
counter/3/0/0/0,10841:1747647658404:,1747647670764
counter/3/0/0/0,10842:1747647658404:,1747647670764
counter/3/0/0/0,10843:1747647658404:,1747647670765
counter/3/0/0/0,10844:1747647658404:,1747647670765
counter/3/0/0/0,10845:1747647658405:,1747647670765
counter/3/0/0/0,10846:1747647658405:,1747647670765
counter/3/0/0/0,10847:1747647658405:,1747647670765
counter/3/0/0/0,10848:1747647658405:,1747647670765
counter/3/0/0/0,10849:1747647658405:,1747647670765
counter/3/0/0/0,10850:1747647658405:,1747647670765
counter/3/0/0/0,10851:1747647658405:,1747647670765
counter/3/0/0/0,10852:1747647658405:,1747647670765
counter/3/0/0/0,10853:1747647658413:,1747647670765
counter/3/0/0/0,10854:1747647658413:,1747647670765
counter/3/0/0/0,10855:1747647658413:,1747647670765
counter/3/0/0/0,10856:1747647658416:,1747647670765
counter/3/0/0/0,10857:1747647658416:,1747647670765
counter/8/0/0/0,10358:1747647657197:,1747647670765
counter/10/0/0/0,9563:1747647657536:,1747647670765
counter/2/0/0/0,10266:1747647656847:,1747647670765
counter/5/0/0/0,10236:1747647657187:,1747647670765
counter/5/0/0/0,10237:1747647657187:,1747647670765
counter/5/0/0/0,10238:1747647657187:,1747647670765
counter/5/0/0/0,10239:1747647657187:,1747647670765
counter/5/0/0/0,10240:1747647657189:,1747647670765
counter/5/0/0/0,10241:1747647657189:,1747647670765
counter/10/0/0/0,9564:1747647657536:,1747647670766
counter/10/0/0/0,9565:1747647657536:,1747647670766
counter/2/0/0/0,10267:1747647656847:,1747647670766
counter/4/0/0/0,10728:1747647659214:,1747647670766
counter/10/0/0/0,9566:1747647657538:,1747647670766
counter/4/0/0/0,10729:1747647659214:,1747647670766
counter/4/0/0/0,10730:1747647659225:,1747647670766
counter/4/0/0/0,10731:1747647659226:,1747647670766
counter/4/0/0/0,10732:1747647659226:,1747647670766
counter/4/0/0/0,10733:1747647659226:,1747647670766
counter/4/0/0/0,10734:1747647659226:,1747647670766
counter/4/0/0/0,10735:1747647659226:,1747647670766
counter/4/0/0/0,10736:1747647659226:,1747647670766
counter/4/0/0/0,10737:1747647659226:,1747647670766
counter/4/0/0/0,10738:1747647659226:,1747647670766
counter/4/0/0/0,10739:1747647659227:,1747647670766
counter/4/0/0/0,10740:1747647659228:,1747647670766
counter/4/0/0/0,10741:1747647659228:,1747647670766
counter/4/0/0/0,10742:1747647659228:,1747647670766
counter/4/0/0/0,10743:1747647659228:,1747647670766
counter/4/0/0/0,10744:1747647659228:,1747647670767
counter/4/0/0/0,10745:1747647659228:,1747647670767
counter/4/0/0/0,10746:1747647659228:,1747647670767
counter/8/0/0/0,10359:1747647657197:,1747647670767
counter/4/0/0/0,10747:1747647659228:,1747647670767
counter/4/0/0/0,10748:1747647659229:,1747647670767
counter/10/0/0/0,9567:1747647657554:,1747647670767
counter/8/0/0/0,10360:1747647657197:,1747647670767
counter/8/0/0/0,10361:1747647657198:,1747647670767
counter/3/0/0/0,10858:1747647658416:,1747647670767
counter/8/0/0/0,10362:1747647657199:,1747647670767
counter/8/0/0/0,10363:1747647657205:,1747647670767
counter/4/0/0/0,10749:1747647659229:,1747647670768
counter/8/0/0/0,10364:1747647657205:,1747647670768
counter/5/0/0/0,10242:1747647657189:,1747647670768
counter/5/0/0/0,10243:1747647657194:,1747647670769
counter/5/0/0/0,10244:1747647657212:,1747647670769
counter/5/0/0/0,10245:1747647657212:,1747647670769
counter/5/0/0/0,10246:1747647657212:,1747647670769
counter/5/0/0/0,10247:1747647657212:,1747647670769
counter/2/0/0/0,10268:1747647656847:,1747647670769
counter/5/0/0/0,10248:1747647657215:,1747647670769
counter/2/0/0/0,10269:1747647656847:,1747647670769
counter/8/0/0/0,10365:1747647657205:,1747647670769
counter/6/0/0/0,9639:1747647657960:,1747647670769
counter/8/0/0/0,10366:1747647657205:,1747647670769
counter/5/0/0/0,10249:1747647657215:,1747647670770
counter/8/0/0/0,10367:1747647657205:,1747647670770
counter/8/0/0/0,10368:1747647657205:,1747647670770
counter/8/0/0/0,10369:1747647657205:,1747647670770
counter/8/0/0/0,10370:1747647657205:,1747647670770
counter/8/0/0/0,10371:1747647657205:,1747647670770
counter/8/0/0/0,10372:1747647657205:,1747647670770
counter/8/0/0/0,10373:1747647657205:,1747647670770
counter/8/0/0/0,10374:1747647657206:,1747647670770
counter/8/0/0/0,10375:1747647657217:,1747647670770
counter/8/0/0/0,10376:1747647657217:,1747647670770
counter/3/0/0/0,10859:1747647658416:,1747647670770
counter/8/0/0/0,10377:1747647657217:,1747647670770
counter/8/0/0/0,10378:1747647657217:,1747647670770
counter/8/0/0/0,10379:1747647657217:,1747647670770
counter/8/0/0/0,10380:1747647657217:,1747647670771
counter/8/0/0/0,10381:1747647657217:,1747647670771
counter/6/0/0/0,9640:1747647657960:,1747647670771
counter/8/0/0/0,10382:1747647657217:,1747647670771
counter/8/0/0/0,10383:1747647657236:,1747647670771
counter/2/0/0/0,10270:1747647656847:,1747647670771
counter/2/0/0/0,10271:1747647656847:,1747647670772
counter/2/0/0/0,10272:1747647656847:,1747647670772
counter/2/0/0/0,10273:1747647656855:,1747647670772
counter/2/0/0/0,10274:1747647656855:,1747647670772
counter/2/0/0/0,10275:1747647656855:,1747647670772
counter/2/0/0/0,10276:1747647656855:,1747647670772
counter/2/0/0/0,10277:1747647656855:,1747647670772
counter/2/0/0/0,10278:1747647656880:,1747647670772
counter/7/0/0/0,10309:1747647657845:,1747647670772
counter/3/0/0/0,10860:1747647658416:,1747647670772
counter/3/0/0/0,10861:1747647658416:,1747647670772
counter/3/0/0/0,10862:1747647658416:,1747647670772
counter/3/0/0/0,10863:1747647658416:,1747647670772
counter/2/0/0/0,10279:1747647656881:,1747647670773
counter/2/0/0/0,10280:1747647656881:,1747647670773
counter/2/0/0/0,10281:1747647656881:,1747647670773
counter/2/0/0/0,10282:1747647656881:,1747647670773
counter/2/0/0/0,10283:1747647656881:,1747647670773
counter/2/0/0/0,10284:1747647656881:,1747647670773
counter/2/0/0/0,10285:1747647656881:,1747647670773
counter/2/0/0/0,10286:1747647656881:,1747647670773
counter/2/0/0/0,10287:1747647656881:,1747647670773
counter/2/0/0/0,10288:1747647656881:,1747647670773
counter/2/0/0/0,10289:1747647656881:,1747647670773
counter/2/0/0/0,10290:1747647656881:,1747647670773
counter/2/0/0/0,10291:1747647656881:,1747647670773
counter/2/0/0/0,10292:1747647656881:,1747647670773
counter/2/0/0/0,10293:1747647656881:,1747647670773
counter/10/0/0/0,9568:1747647657554:,1747647670773
counter/10/0/0/0,9569:1747647657554:,1747647670773
counter/10/0/0/0,9570:1747647657554:,1747647670773
counter/7/0/0/0,10310:1747647657845:,1747647670773
counter/5/0/0/0,10250:1747647657215:,1747647670773
counter/7/0/0/0,10311:1747647657845:,1747647670773
counter/7/0/0/0,10312:1747647657845:,1747647670773
counter/7/0/0/0,10313:1747647657845:,1747647670773
counter/7/0/0/0,10314:1747647657845:,1747647670773
counter/7/0/0/0,10315:1747647657845:,1747647670774
counter/2/0/0/0,10294:1747647656883:,1747647670774
counter/7/0/0/0,10316:1747647657845:,1747647670774
counter/7/0/0/0,10317:1747647657845:,1747647670774
counter/7/0/0/0,10318:1747647657845:,1747647670774
counter/7/0/0/0,10319:1747647657845:,1747647670774
counter/7/0/0/0,10320:1747647657845:,1747647670774
counter/7/0/0/0,10321:1747647657845:,1747647670774
counter/7/0/0/0,10322:1747647657845:,1747647670774
counter/7/0/0/0,10323:1747647657848:,1747647670774
counter/7/0/0/0,10324:1747647657848:,1747647670774
counter/7/0/0/0,10325:1747647657848:,1747647670774
counter/3/0/0/0,10864:1747647658416:,1747647670774
counter/3/0/0/0,10865:1747647658417:,1747647670774
counter/3/0/0/0,10866:1747647658417:,1747647670774
counter/3/0/0/0,10867:1747647658417:,1747647670775
counter/3/0/0/0,10868:1747647658417:,1747647670775
counter/3/0/0/0,10869:1747647658417:,1747647670775
counter/3/0/0/0,10870:1747647658417:,1747647670775
counter/3/0/0/0,10871:1747647658417:,1747647670775
counter/2/0/0/0,10295:1747647656883:,1747647670775
counter/2/0/0/0,10296:1747647656883:,1747647670775
counter/2/0/0/0,10297:1747647656883:,1747647670775
counter/2/0/0/0,10298:1747647656883:,1747647670775
counter/2/0/0/0,10299:1747647656883:,1747647670775
counter/2/0/0/0,10300:1747647656883:,1747647670775
counter/2/0/0/0,10301:1747647656883:,1747647670775
counter/2/0/0/0,10302:1747647656883:,1747647670775
counter/2/0/0/0,10303:1747647656883:,1747647670775
counter/2/0/0/0,10304:1747647656883:,1747647670775
counter/2/0/0/0,10305:1747647656883:,1747647670775
counter/2/0/0/0,10306:1747647656883:,1747647670775
counter/2/0/0/0,10307:1747647656900:,1747647670775
counter/2/0/0/0,10308:1747647656901:,1747647670775
counter/10/0/0/0,9571:1747647657555:,1747647670775
counter/10/0/0/0,9572:1747647657555:,1747647670775
counter/10/0/0/0,9573:1747647657555:,1747647670775
counter/10/0/0/0,9574:1747647657555:,1747647670775
counter/10/0/0/0,9575:1747647657555:,1747647670775
counter/10/0/0/0,9576:1747647657555:,1747647670775
counter/1/0/0/0,11477:1747647658513:,1747647670775
counter/10/0/0/0,9577:1747647657555:,1747647670776
counter/10/0/0/0,9578:1747647657555:,1747647670776
counter/10/0/0/0,9579:1747647657556:,1747647670776
counter/10/0/0/0,9580:1747647657556:,1747647670776
counter/10/0/0/0,9581:1747647657556:,1747647670776
counter/10/0/0/0,9582:1747647657556:,1747647670776
counter/10/0/0/0,9583:1747647657556:,1747647670776
counter/10/0/0/0,9584:1747647657556:,1747647670776
counter/10/0/0/0,9585:1747647657556:,1747647670776
counter/10/0/0/0,9586:1747647657556:,1747647670776
counter/10/0/0/0,9587:1747647657556:,1747647670776
counter/10/0/0/0,9588:1747647657556:,1747647670776
counter/10/0/0/0,9589:1747647657556:,1747647670776
counter/9/0/0/0,10854:1747647657789:,1747647670776
counter/10/0/0/0,9590:1747647657563:,1747647670776
counter/10/0/0/0,9591:1747647657563:,1747647670776
counter/1/0/0/0,11478:1747647658515:,1747647670776
counter/10/0/0/0,9592:1747647657563:,1747647670776
counter/7/0/0/0,10326:1747647657857:,1747647670776
counter/7/0/0/0,10327:1747647657858:,1747647670776
counter/7/0/0/0,10328:1747647657858:,1747647670776
counter/7/0/0/0,10329:1747647657858:,1747647670776
counter/7/0/0/0,10330:1747647657858:,1747647670776
counter/7/0/0/0,10331:1747647657858:,1747647670776
counter/7/0/0/0,10332:1747647657858:,1747647670776
counter/3/0/0/0,10872:1747647658417:,1747647670776
counter/3/0/0/0,10873:1747647658417:,1747647670777
counter/3/0/0/0,10874:1747647658417:,1747647670777
counter/3/0/0/0,10875:1747647658417:,1747647670777
counter/3/0/0/0,10876:1747647658417:,1747647670777
counter/3/0/0/0,10877:1747647658417:,1747647670777
counter/3/0/0/0,10878:1747647658417:,1747647670777
counter/3/0/0/0,10879:1747647658417:,1747647670777
counter/9/0/0/0,10855:1747647657789:,1747647670777
counter/3/0/0/0,10880:1747647658422:,1747647670777
counter/3/0/0/0,10881:1747647658422:,1747647670777
counter/3/0/0/0,10882:1747647658422:,1747647670777
counter/3/0/0/0,10883:1747647658422:,1747647670777
counter/3/0/0/0,10884:1747647658422:,1747647670777
counter/3/0/0/0,10885:1747647658422:,1747647670777
counter/3/0/0/0,10886:1747647658422:,1747647670777
counter/7/0/0/0,10333:1747647657858:,1747647670778
counter/3/0/0/0,10887:1747647658423:,1747647670778
counter/3/0/0/0,10888:1747647658423:,1747647670778
counter/3/0/0/0,10889:1747647658423:,1747647670778
counter/3/0/0/0,10890:1747647658423:,1747647670778
counter/3/0/0/0,10891:1747647658423:,1747647670778
counter/3/0/0/0,10892:1747647658423:,1747647670778
counter/3/0/0/0,10893:1747647658423:,1747647670779
counter/3/0/0/0,10894:1747647658423:,1747647670779
counter/3/0/0/0,10895:1747647658423:,1747647670779
counter/3/0/0/0,10896:1747647658423:,1747647670779
counter/3/0/0/0,10897:1747647658423:,1747647670780
counter/3/0/0/0,10898:1747647658425:,1747647670780
counter/3/0/0/0,10899:1747647658425:,1747647670780
counter/7/0/0/0,10334:1747647657858:,1747647670780
counter/3/0/0/0,10900:1747647658425:,1747647670780
counter/3/0/0/0,10901:1747647658425:,1747647670780
counter/3/0/0/0,10902:1747647658425:,1747647670780
counter/3/0/0/0,10903:1747647658425:,1747647670780
counter/3/0/0/0,10904:1747647658425:,1747647670780
counter/3/0/0/0,10905:1747647658433:,1747647670780
counter/7/0/0/0,10335:1747647657858:,1747647670782
counter/1/0/0/0,11479:1747647658515:,1747647670782
counter/2/0/0/0,10309:1747647656901:,1747647670782
counter/3/0/0/0,10906:1747647658433:,1747647670782
counter/3/0/0/0,10907:1747647658433:,1747647670782
counter/3/0/0/0,10908:1747647658433:,1747647670782
counter/3/0/0/0,10909:1747647658433:,1747647670782
counter/3/0/0/0,10910:1747647658433:,1747647670782
counter/3/0/0/0,10911:1747647658433:,1747647670783
counter/3/0/0/0,10912:1747647658433:,1747647670783
counter/3/0/0/0,10913:1747647658433:,1747647670783
counter/3/0/0/0,10914:1747647658433:,1747647670783
counter/3/0/0/0,10915:1747647658433:,1747647670783
counter/3/0/0/0,10916:1747647658433:,1747647670783
counter/3/0/0/0,10917:1747647658433:,1747647670783
counter/3/0/0/0,10918:1747647658433:,1747647670783
counter/3/0/0/0,10919:1747647658433:,1747647670783
counter/3/0/0/0,10920:1747647658433:,1747647670783
counter/3/0/0/0,10921:1747647658434:,1747647670783
counter/3/0/0/0,10922:1747647658434:,1747647670783
counter/3/0/0/0,10923:1747647658434:,1747647670783
counter/3/0/0/0,10924:1747647658434:,1747647670783
counter/3/0/0/0,10925:1747647658434:,1747647670783
counter/3/0/0/0,10926:1747647658434:,1747647670783
counter/3/0/0/0,10927:1747647658434:,1747647670784
counter/3/0/0/0,10928:1747647658459:,1747647670784
counter/3/0/0/0,10929:1747647658459:,1747647670784
counter/3/0/0/0,10930:1747647658459:,1747647670784
counter/3/0/0/0,10931:1747647658459:,1747647670784
counter/3/0/0/0,10932:1747647658463:,1747647670784
counter/3/0/0/0,10933:1747647658463:,1747647670784
counter/3/0/0/0,10934:1747647658463:,1747647670784
counter/3/0/0/0,10935:1747647658463:,1747647670784
counter/3/0/0/0,10936:1747647658463:,1747647670784
counter/3/0/0/0,10937:1747647658463:,1747647670784
counter/3/0/0/0,10938:1747647658463:,1747647670784
counter/3/0/0/0,10939:1747647658463:,1747647670784
counter/3/0/0/0,10940:1747647658463:,1747647670784
counter/3/0/0/0,10941:1747647658463:,1747647670784
counter/2/0/0/0,10310:1747647656902:,1747647670784
counter/3/0/0/0,10942:1747647658463:,1747647670784
counter/3/0/0/0,10943:1747647658463:,1747647670784
counter/7/0/0/0,10336:1747647657858:,1747647670785
counter/7/0/0/0,10337:1747647657858:,1747647670785
counter/7/0/0/0,10338:1747647657873:,1747647670785
counter/7/0/0/0,10339:1747647657873:,1747647670785
counter/7/0/0/0,10340:1747647657873:,1747647670785
counter/7/0/0/0,10341:1747647657915:,1747647670785
counter/7/0/0/0,10342:1747647657915:,1747647670785
counter/7/0/0/0,10343:1747647657915:,1747647670785
counter/10/0/0/0,9593:1747647657563:,1747647670785
counter/8/0/0/0,10384:1747647657237:,1747647670785
counter/9/0/0/0,10856:1747647657800:,1747647670785
counter/8/0/0/0,10385:1747647657237:,1747647670785
counter/8/0/0/0,10386:1747647657237:,1747647670785
counter/10/0/0/0,9594:1747647657563:,1747647670785
counter/8/0/0/0,10387:1747647657237:,1747647670785
counter/10/0/0/0,9595:1747647657563:,1747647670785
counter/10/0/0/0,9596:1747647657563:,1747647670785
counter/3/0/0/0,10944:1747647658463:,1747647670785
counter/5/0/0/0,10251:1747647657215:,1747647670785
counter/6/0/0/0,9641:1747647657960:,1747647670785
counter/5/0/0/0,10252:1747647657224:,1747647670785
counter/5/0/0/0,10253:1747647657224:,1747647670785
counter/5/0/0/0,10254:1747647657224:,1747647670785
counter/5/0/0/0,10255:1747647657225:,1747647670785
counter/5/0/0/0,10256:1747647657225:,1747647670785
counter/7/0/0/0,10344:1747647657915:,1747647670786
counter/5/0/0/0,10257:1747647657225:,1747647670786
counter/9/0/0/0,10857:1747647657800:,1747647670786
counter/5/0/0/0,10258:1747647657225:,1747647670786
counter/8/0/0/0,10388:1747647657237:,1747647670786
counter/4/0/0/0,10750:1747647659229:,1747647670787
counter/6/0/0/0,9642:1747647657960:,1747647670787
counter/7/0/0/0,10345:1747647657915:,1747647670788
counter/6/0/0/0,9643:1747647657960:,1747647670789
counter/5/0/0/0,10259:1747647657225:,1747647670790
counter/5/0/0/0,10260:1747647657225:,1747647670790
counter/5/0/0/0,10261:1747647657225:,1747647670790
counter/5/0/0/0,10262:1747647657225:,1747647670790
counter/5/0/0/0,10263:1747647657225:,1747647670790
counter/9/0/0/0,10858:1747647657801:,1747647670790
counter/1/0/0/0,11480:1747647658515:,1747647670790
counter/1/0/0/0,11481:1747647658515:,1747647670791
counter/1/0/0/0,11482:1747647658515:,1747647670791
counter/1/0/0/0,11483:1747647658515:,1747647670791
counter/1/0/0/0,11484:1747647658515:,1747647670791
counter/1/0/0/0,11485:1747647658515:,1747647670791
counter/1/0/0/0,11486:1747647658515:,1747647670791
counter/1/0/0/0,11487:1747647658515:,1747647670791
counter/1/0/0/0,11488:1747647658515:,1747647670791
counter/1/0/0/0,11489:1747647658515:,1747647670791
counter/1/0/0/0,11490:1747647658515:,1747647670791
counter/1/0/0/0,11491:1747647658515:,1747647670791
counter/1/0/0/0,11492:1747647658515:,1747647670791
counter/1/0/0/0,11493:1747647658515:,1747647670791
counter/4/0/0/0,10751:1747647659229:,1747647670791
counter/5/0/0/0,10264:1747647657225:,1747647670792
counter/4/0/0/0,10752:1747647659229:,1747647670792
counter/5/0/0/0,10265:1747647657235:,1747647670792
counter/9/0/0/0,10859:1747647657801:,1747647670792
counter/4/0/0/0,10753:1747647659229:,1747647670792
counter/9/0/0/0,10860:1747647657801:,1747647670792
counter/4/0/0/0,10754:1747647659229:,1747647670792
counter/9/0/0/0,10861:1747647657801:,1747647670792
counter/4/0/0/0,10755:1747647659229:,1747647670792
counter/9/0/0/0,10862:1747647657801:,1747647670792
counter/4/0/0/0,10756:1747647659229:,1747647670792
counter/9/0/0/0,10863:1747647657801:,1747647670792
counter/4/0/0/0,10757:1747647659229:,1747647670792
counter/9/0/0/0,10864:1747647657801:,1747647670792
counter/4/0/0/0,10758:1747647659229:,1747647670793
counter/9/0/0/0,10865:1747647657805:,1747647670793
counter/4/0/0/0,10759:1747647659229:,1747647670793
counter/9/0/0/0,10866:1747647657805:,1747647670793
counter/4/0/0/0,10760:1747647659229:,1747647670793
counter/9/0/0/0,10867:1747647657805:,1747647670793
counter/4/0/0/0,10761:1747647659229:,1747647670793
counter/9/0/0/0,10868:1747647657805:,1747647670793
counter/4/0/0/0,10762:1747647659229:,1747647670793
counter/4/0/0/0,10763:1747647659229:,1747647670793
counter/4/0/0/0,10764:1747647659229:,1747647670793
counter/4/0/0/0,10765:1747647659229:,1747647670793
counter/4/0/0/0,10766:1747647659234:,1747647670793
counter/4/0/0/0,10767:1747647659234:,1747647670793
counter/4/0/0/0,10768:1747647659234:,1747647670793
counter/4/0/0/0,10769:1747647659234:,1747647670793
counter/4/0/0/0,10770:1747647659250:,1747647670794
counter/4/0/0/0,10771:1747647659250:,1747647670794
counter/4/0/0/0,10772:1747647659250:,1747647670794
counter/4/0/0/0,10773:1747647659262:,1747647670794
counter/4/0/0/0,10774:1747647659262:,1747647670794
counter/2/0/0/0,10311:1747647656902:,1747647670794
counter/6/0/0/0,9644:1747647657960:,1747647670794
counter/6/0/0/0,9645:1747647657961:,1747647670794
counter/6/0/0/0,9646:1747647657961:,1747647670794
counter/6/0/0/0,9647:1747647657961:,1747647670794
counter/1/0/0/0,11494:1747647658519:,1747647670794
counter/1/0/0/0,11495:1747647658519:,1747647670794
counter/1/0/0/0,11496:1747647658519:,1747647670794
counter/10/0/0/0,9597:1747647657563:,1747647670794
counter/7/0/0/0,10346:1747647657915:,1747647670794
counter/7/0/0/0,10347:1747647657915:,1747647670794
counter/3/0/0/0,10945:1747647658463:,1747647670795
counter/3/0/0/0,10946:1747647658463:,1747647670795
counter/7/0/0/0,10348:1747647657915:,1747647670795
counter/2/0/0/0,10312:1747647656902:,1747647670795
counter/2/0/0/0,10313:1747647656902:,1747647670795
counter/2/0/0/0,10314:1747647656905:,1747647670795
counter/2/0/0/0,10315:1747647656910:,1747647670795
counter/2/0/0/0,10316:1747647656910:,1747647670795
counter/2/0/0/0,10317:1747647656910:,1747647670795
counter/8/0/0/0,10389:1747647657237:,1747647670795
counter/5/0/0/0,10266:1747647657235:,1747647670796
counter/5/0/0/0,10267:1747647657235:,1747647670796
counter/5/0/0/0,10268:1747647657235:,1747647670796
counter/5/0/0/0,10269:1747647657235:,1747647670796
counter/5/0/0/0,10270:1747647657235:,1747647670796
counter/5/0/0/0,10271:1747647657235:,1747647670796
counter/5/0/0/0,10272:1747647657235:,1747647670796
counter/6/0/0/0,9648:1747647657966:,1747647670796
counter/6/0/0/0,9649:1747647657966:,1747647670796
counter/1/0/0/0,11497:1747647658519:,1747647670796
counter/1/0/0/0,11498:1747647658520:,1747647670796
counter/8/0/0/0,10390:1747647657237:,1747647670796
counter/10/0/0/0,9598:1747647657563:,1747647670796
counter/10/0/0/0,9599:1747647657563:,1747647670796
counter/2/0/0/0,10318:1747647656910:,1747647670797
counter/5/0/0/0,10273:1747647657235:,1747647670797
counter/5/0/0/0,10274:1747647657236:,1747647670797
counter/9/0/0/0,10869:1747647657805:,1747647670797
counter/7/0/0/0,10349:1747647657915:,1747647670797
counter/9/0/0/0,10870:1747647657805:,1747647670798
counter/3/0/0/0,10947:1747647658463:,1747647670798
counter/8/0/0/0,10391:1747647657241:,1747647670799
counter/8/0/0/0,10392:1747647657241:,1747647670799
counter/3/0/0/0,10948:1747647658463:,1747647670799
counter/8/0/0/0,10393:1747647657242:,1747647670799
counter/8/0/0/0,10394:1747647657242:,1747647670799
counter/7/0/0/0,10350:1747647657915:,1747647670800
counter/9/0/0/0,10871:1747647657805:,1747647670801
counter/5/0/0/0,10275:1747647657236:,1747647670801
counter/8/0/0/0,10395:1747647657242:,1747647670801
counter/5/0/0/0,10276:1747647657236:,1747647670801
counter/1/0/0/0,11499:1747647658520:,1747647670801
counter/2/0/0/0,10319:1747647656911:,1747647670806
counter/9/0/0/0,10872:1747647657805:,1747647670807
counter/9/0/0/0,10873:1747647657805:,1747647670808
counter/9/0/0/0,10874:1747647657814:,1747647670808
counter/9/0/0/0,10875:1747647657814:,1747647670808
counter/9/0/0/0,10876:1747647657814:,1747647670808
counter/9/0/0/0,10877:1747647657814:,1747647670808
counter/9/0/0/0,10878:1747647657815:,1747647670808
counter/10/0/0/0,9600:1747647657563:,1747647670808
counter/7/0/0/0,10351:1747647657919:,1747647670808
counter/7/0/0/0,10352:1747647657919:,1747647670808
counter/9/0/0/0,10879:1747647657816:,1747647670810
counter/8/0/0/0,10396:1747647657242:,1747647670810
counter/8/0/0/0,10397:1747647657242:,1747647670810
counter/8/0/0/0,10398:1747647657242:,1747647670810
counter/8/0/0/0,10399:1747647657242:,1747647670810
counter/8/0/0/0,10400:1747647657242:,1747647670810
counter/8/0/0/0,10401:1747647657242:,1747647670810
counter/8/0/0/0,10402:1747647657242:,1747647670810
counter/8/0/0/0,10403:1747647657242:,1747647670810
counter/8/0/0/0,10404:1747647657242:,1747647670810
counter/8/0/0/0,10405:1747647657242:,1747647670810
counter/10/0/0/0,9601:1747647657563:,1747647670811
counter/4/0/0/0,10775:1747647659266:,1747647670811
counter/7/0/0/0,10353:1747647657919:,1747647670811
counter/7/0/0/0,10354:1747647657919:,1747647670811
counter/7/0/0/0,10355:1747647657921:,1747647670811
counter/7/0/0/0,10356:1747647657921:,1747647670812
counter/10/0/0/0,9602:1747647657563:,1747647670812
counter/10/0/0/0,9603:1747647657563:,1747647670812
counter/10/0/0/0,9604:1747647657563:,1747647670812
counter/10/0/0/0,9605:1747647657563:,1747647670812
counter/10/0/0/0,9606:1747647657563:,1747647670812
counter/10/0/0/0,9607:1747647657564:,1747647670812
counter/4/0/0/0,10776:1747647659266:,1747647670813
counter/10/0/0/0,9608:1747647657564:,1747647670813
counter/10/0/0/0,9609:1747647657564:,1747647670813
counter/10/0/0/0,9610:1747647657564:,1747647670814
counter/10/0/0/0,9611:1747647657564:,1747647670814
counter/10/0/0/0,9612:1747647657564:,1747647670814
counter/10/0/0/0,9613:1747647657564:,1747647670814
counter/5/0/0/0,10277:1747647657236:,1747647670814
counter/10/0/0/0,9614:1747647657571:,1747647670814
counter/3/0/0/0,10949:1747647658463:,1747647670814
counter/10/0/0/0,9615:1747647657571:,1747647670814
counter/5/0/0/0,10278:1747647657237:,1747647670814
counter/7/0/0/0,10357:1747647657921:,1747647670814
counter/8/0/0/0,10406:1747647657254:,1747647670814
counter/7/0/0/0,10358:1747647657921:,1747647670814
counter/1/0/0/0,11500:1747647658520:,1747647670814
counter/7/0/0/0,10359:1747647657922:,1747647670814
counter/6/0/0/0,9650:1747647657966:,1747647670814
counter/9/0/0/0,10880:1747647657816:,1747647670815
counter/9/0/0/0,10881:1747647657816:,1747647670815
counter/6/0/0/0,9651:1747647657966:,1747647670815
counter/9/0/0/0,10882:1747647657816:,1747647670815
counter/6/0/0/0,9652:1747647657966:,1747647670816
counter/9/0/0/0,10883:1747647657816:,1747647670816
counter/2/0/0/0,10320:1747647656911:,1747647670816
counter/1/0/0/0,11501:1747647658524:,1747647670818
counter/1/0/0/0,11502:1747647658524:,1747647670818
counter/1/0/0/0,11503:1747647658524:,1747647670818
counter/1/0/0/0,11504:1747647658524:,1747647670818
counter/1/0/0/0,11505:1747647658524:,1747647670818
counter/1/0/0/0,11506:1747647658524:,1747647670818
counter/7/0/0/0,10360:1747647657922:,1747647670818
counter/7/0/0/0,10361:1747647657922:,1747647670818
counter/7/0/0/0,10362:1747647657923:,1747647670818
counter/7/0/0/0,10363:1747647657941:,1747647670818
counter/7/0/0/0,10364:1747647657941:,1747647670818
counter/7/0/0/0,10365:1747647657941:,1747647670818
counter/8/0/0/0,10407:1747647657254:,1747647670818
counter/8/0/0/0,10408:1747647657254:,1747647670819
counter/4/0/0/0,10777:1747647659266:,1747647670819
counter/2/0/0/0,10321:1747647656911:,1747647670819
counter/6/0/0/0,9653:1747647657966:,1747647670819
counter/9/0/0/0,10884:1747647657816:,1747647670819
counter/10/0/0/0,9616:1747647657571:,1747647670819
counter/9/0/0/0,10885:1747647657816:,1747647670819
counter/9/0/0/0,10886:1747647657816:,1747647670819
counter/9/0/0/0,10887:1747647657816:,1747647670819
counter/9/0/0/0,10888:1747647657816:,1747647670820
counter/5/0/0/0,10279:1747647657237:,1747647670820
counter/3/0/0/0,10950:1747647658463:,1747647670820
counter/8/0/0/0,10409:1747647657254:,1747647670820
counter/8/0/0/0,10410:1747647657485:,1747647670820
counter/8/0/0/0,10411:1747647657490:,1747647670820
counter/8/0/0/0,10412:1747647657497:,1747647670820
counter/8/0/0/0,10413:1747647657497:,1747647670820
counter/8/0/0/0,10414:1747647657498:,1747647670820
counter/8/0/0/0,10415:1747647657499:,1747647670820
counter/8/0/0/0,10416:1747647657499:,1747647670820
counter/10/0/0/0,9617:1747647657571:,1747647670820
counter/5/0/0/0,10280:1747647657237:,1747647670820
counter/9/0/0/0,10889:1747647657816:,1747647670821
counter/7/0/0/0,10366:1747647657942:,1747647670821
counter/9/0/0/0,10890:1747647657820:,1747647670821
counter/7/0/0/0,10367:1747647657942:,1747647670821
counter/10/0/0/0,9618:1747647657571:,1747647670821
counter/10/0/0/0,9619:1747647657571:,1747647670821
counter/10/0/0/0,9620:1747647657571:,1747647670821
counter/10/0/0/0,9621:1747647657571:,1747647670822
counter/10/0/0/0,9622:1747647657571:,1747647670822
counter/10/0/0/0,9623:1747647657572:,1747647670822
counter/10/0/0/0,9624:1747647657572:,1747647670822
counter/10/0/0/0,9625:1747647657572:,1747647670822
counter/9/0/0/0,10891:1747647657820:,1747647670822
counter/10/0/0/0,9626:1747647657572:,1747647670822
counter/6/0/0/0,9654:1747647657966:,1747647670822
counter/6/0/0/0,9655:1747647657966:,1747647670822
counter/6/0/0/0,9656:1747647657966:,1747647670822
counter/9/0/0/0,10892:1747647657820:,1747647670822
counter/6/0/0/0,9657:1747647657966:,1747647670822
counter/1/0/0/0,11507:1747647658525:,1747647670822
counter/6/0/0/0,9658:1747647657966:,1747647670822
counter/2/0/0/0,10322:1747647656911:,1747647670822
counter/6/0/0/0,9659:1747647657966:,1747647670823
counter/2/0/0/0,10323:1747647656911:,1747647670823
counter/2/0/0/0,10324:1747647656911:,1747647670823
counter/4/0/0/0,10778:1747647659266:,1747647670823
counter/3/0/0/0,10951:1747647658463:,1747647670823
counter/3/0/0/0,10952:1747647658464:,1747647670823
counter/3/0/0/0,10953:1747647658464:,1747647670824
counter/8/0/0/0,10417:1747647657500:,1747647670824
counter/5/0/0/0,10281:1747647657237:,1747647670824
counter/1/0/0/0,11508:1747647658525:,1747647670825
counter/10/0/0/0,9627:1747647657580:,1747647670825
counter/10/0/0/0,9628:1747647657580:,1747647670825
counter/10/0/0/0,9629:1747647657580:,1747647670825
counter/10/0/0/0,9630:1747647657580:,1747647670826
counter/10/0/0/0,9631:1747647657580:,1747647670826
counter/10/0/0/0,9632:1747647657580:,1747647670826
counter/10/0/0/0,9633:1747647657580:,1747647670826
counter/10/0/0/0,9634:1747647657581:,1747647670826
counter/10/0/0/0,9635:1747647657585:,1747647670826
counter/10/0/0/0,9636:1747647657586:,1747647670826
counter/10/0/0/0,9637:1747647657586:,1747647670826
counter/4/0/0/0,10779:1747647659266:,1747647670826
counter/4/0/0/0,10780:1747647659266:,1747647670826
counter/4/0/0/0,10781:1747647659266:,1747647670826
counter/4/0/0/0,10782:1747647659272:,1747647670826
counter/4/0/0/0,10783:1747647659272:,1747647670826
counter/4/0/0/0,10784:1747647659272:,1747647670826
counter/4/0/0/0,10785:1747647659272:,1747647670826
counter/4/0/0/0,10786:1747647659272:,1747647670826
counter/4/0/0/0,10787:1747647659272:,1747647670826
counter/4/0/0/0,10788:1747647659272:,1747647670826
counter/4/0/0/0,10789:1747647659272:,1747647670826
counter/10/0/0/0,9638:1747647657586:,1747647670826
counter/10/0/0/0,9639:1747647657586:,1747647670826
counter/10/0/0/0,9640:1747647657586:,1747647670826
counter/10/0/0/0,9641:1747647657586:,1747647670826
counter/10/0/0/0,9642:1747647657586:,1747647670826
counter/10/0/0/0,9643:1747647657588:,1747647670826
counter/3/0/0/0,10954:1747647658464:,1747647670827
counter/8/0/0/0,10418:1747647657510:,1747647670827
counter/9/0/0/0,10893:1747647657820:,1747647670827
counter/9/0/0/0,10894:1747647657820:,1747647670827
counter/8/0/0/0,10419:1747647657510:,1747647670827
counter/5/0/0/0,10282:1747647657237:,1747647670827
counter/5/0/0/0,10283:1747647657237:,1747647670827
counter/2/0/0/0,10325:1747647656911:,1747647670827
counter/1/0/0/0,11509:1747647658525:,1747647670827
counter/1/0/0/0,11510:1747647658525:,1747647670827
counter/1/0/0/0,11511:1747647658525:,1747647670827
counter/1/0/0/0,11512:1747647658525:,1747647670827
counter/1/0/0/0,11513:1747647658530:,1747647670828
counter/10/0/0/0,9644:1747647657588:,1747647670828
counter/10/0/0/0,9645:1747647657588:,1747647670828
counter/10/0/0/0,9646:1747647657588:,1747647670828
counter/10/0/0/0,9647:1747647657588:,1747647670829
counter/9/0/0/0,10895:1747647657820:,1747647670829
counter/10/0/0/0,9648:1747647657588:,1747647670829
counter/10/0/0/0,9649:1747647657588:,1747647670829
counter/2/0/0/0,10326:1747647656911:,1747647670829
counter/4/0/0/0,10790:1747647659272:,1747647670829
counter/8/0/0/0,10420:1747647657510:,1747647670829
counter/4/0/0/0,10791:1747647659273:,1747647670829
counter/10/0/0/0,9650:1747647657588:,1747647670829
counter/10/0/0/0,9651:1747647657588:,1747647670829
counter/10/0/0/0,9652:1747647657588:,1747647670829
counter/10/0/0/0,9653:1747647657589:,1747647670829
counter/10/0/0/0,9654:1747647657589:,1747647670829
counter/9/0/0/0,10896:1747647657820:,1747647670830
counter/9/0/0/0,10897:1747647657820:,1747647670830
counter/10/0/0/0,9655:1747647657589:,1747647670830
counter/10/0/0/0,9656:1747647657589:,1747647670830
counter/10/0/0/0,9657:1747647657589:,1747647670830
counter/10/0/0/0,9658:1747647657589:,1747647670830
counter/4/0/0/0,10792:1747647659273:,1747647670830
counter/5/0/0/0,10284:1747647657237:,1747647670831
counter/9/0/0/0,10898:1747647657820:,1747647670831
counter/9/0/0/0,10899:1747647657820:,1747647670831
counter/9/0/0/0,10900:1747647657820:,1747647670831
counter/9/0/0/0,10901:1747647657820:,1747647670831
counter/1/0/0/0,11514:1747647658530:,1747647670831
counter/2/0/0/0,10327:1747647656911:,1747647670831
counter/2/0/0/0,10328:1747647656911:,1747647670831
counter/2/0/0/0,10329:1747647656911:,1747647670831
counter/2/0/0/0,10330:1747647656911:,1747647670831
counter/9/0/0/0,10902:1747647657820:,1747647670832
counter/10/0/0/0,9659:1747647657589:,1747647670832
counter/10/0/0/0,9660:1747647657589:,1747647670832
counter/10/0/0/0,9661:1747647657589:,1747647670832
counter/10/0/0/0,9662:1747647657589:,1747647670832
counter/10/0/0/0,9663:1747647657589:,1747647670832
counter/10/0/0/0,9664:1747647657589:,1747647670832
counter/10/0/0/0,9665:1747647657589:,1747647670832
counter/10/0/0/0,9666:1747647657589:,1747647670832
counter/10/0/0/0,9667:1747647657589:,1747647670832
counter/10/0/0/0,9668:1747647657589:,1747647670832
counter/8/0/0/0,10421:1747647657512:,1747647670832
counter/10/0/0/0,9669:1747647657589:,1747647670832
counter/2/0/0/0,10331:1747647656911:,1747647670833
counter/7/0/0/0,10368:1747647657946:,1747647670833
counter/7/0/0/0,10369:1747647657946:,1747647670833
counter/7/0/0/0,10370:1747647657947:,1747647670834
counter/7/0/0/0,10371:1747647657947:,1747647670834
counter/4/0/0/0,10793:1747647659273:,1747647670834
counter/9/0/0/0,10903:1747647657820:,1747647670834
counter/10/0/0/0,9670:1747647657589:,1747647670835
counter/4/0/0/0,10794:1747647659274:,1747647670836
counter/9/0/0/0,10904:1747647657820:,1747647670836
counter/2/0/0/0,10332:1747647656911:,1747647670836
counter/2/0/0/0,10333:1747647656912:,1747647670836
counter/2/0/0/0,10334:1747647656912:,1747647670836
counter/2/0/0/0,10335:1747647656912:,1747647670836
counter/9/0/0/0,10905:1747647657820:,1747647670837
counter/2/0/0/0,10336:1747647656912:,1747647670837
counter/9/0/0/0,10906:1747647657822:,1747647670837
counter/8/0/0/0,10422:1747647657512:,1747647670837
counter/8/0/0/0,10423:1747647657512:,1747647670837
counter/8/0/0/0,10424:1747647657513:,1747647670837
counter/8/0/0/0,10425:1747647657517:,1747647670837
counter/8/0/0/0,10426:1747647657522:,1747647670837
counter/8/0/0/0,10427:1747647657529:,1747647670837
counter/8/0/0/0,10428:1747647657529:,1747647670837
counter/8/0/0/0,10429:1747647657529:,1747647670837
counter/8/0/0/0,10430:1747647657529:,1747647670837
counter/8/0/0/0,10431:1747647657529:,1747647670837
counter/8/0/0/0,10432:1747647657529:,1747647670837
counter/4/0/0/0,10795:1747647659274:,1747647670837
counter/8/0/0/0,10433:1747647657529:,1747647670837
counter/8/0/0/0,10434:1747647657529:,1747647670838
counter/8/0/0/0,10435:1747647657534:,1747647670838
counter/8/0/0/0,10436:1747647657534:,1747647670838
counter/3/0/0/0,10955:1747647658464:,1747647670838
counter/2/0/0/0,10337:1747647656912:,1747647670838
counter/3/0/0/0,10956:1747647658464:,1747647670838
counter/3/0/0/0,10957:1747647658464:,1747647670838
counter/3/0/0/0,10958:1747647658464:,1747647670838
counter/3/0/0/0,10959:1747647658467:,1747647670838
counter/3/0/0/0,10960:1747647658474:,1747647670838
counter/3/0/0/0,10961:1747647658478:,1747647670838
counter/3/0/0/0,10962:1747647658478:,1747647670839
counter/9/0/0/0,10907:1747647657822:,1747647670840
counter/9/0/0/0,10908:1747647657822:,1747647670840
counter/9/0/0/0,10909:1747647657822:,1747647670840
counter/9/0/0/0,10910:1747647657823:,1747647670840
counter/9/0/0/0,10911:1747647657823:,1747647670840
counter/9/0/0/0,10912:1747647657823:,1747647670840
counter/9/0/0/0,10913:1747647657823:,1747647670840
counter/9/0/0/0,10914:1747647657823:,1747647670840
counter/9/0/0/0,10915:1747647657823:,1747647670840
counter/9/0/0/0,10916:1747647657823:,1747647670840
counter/9/0/0/0,10917:1747647657823:,1747647670840
counter/9/0/0/0,10918:1747647657823:,1747647670840
counter/9/0/0/0,10919:1747647657823:,1747647670840
counter/10/0/0/0,9671:1747647657593:,1747647670841
counter/10/0/0/0,9672:1747647657595:,1747647670841
counter/10/0/0/0,9673:1747647657595:,1747647670841
counter/10/0/0/0,9674:1747647657595:,1747647670841
counter/10/0/0/0,9675:1747647657595:,1747647670841
counter/10/0/0/0,9676:1747647657595:,1747647670841
counter/1/0/0/0,11515:1747647658530:,1747647670841
counter/10/0/0/0,9677:1747647657595:,1747647670841
counter/1/0/0/0,11516:1747647658530:,1747647670841
counter/10/0/0/0,9678:1747647657603:,1747647670841
counter/10/0/0/0,9679:1747647657603:,1747647670841
counter/1/0/0/0,11517:1747647658536:,1747647670842
counter/9/0/0/0,10920:1747647657823:,1747647670842
counter/2/0/0/0,10338:1747647656912:,1747647670842
counter/2/0/0/0,10339:1747647656912:,1747647670842
counter/2/0/0/0,10340:1747647656912:,1747647670842
counter/6/0/0/0,9660:1747647657966:,1747647670842
counter/8/0/0/0,10437:1747647657536:,1747647670842
counter/1/0/0/0,11518:1747647658536:,1747647670842
counter/1/0/0/0,11519:1747647658536:,1747647670842
counter/1/0/0/0,11520:1747647658537:,1747647670842
counter/1/0/0/0,11521:1747647658537:,1747647670842
counter/1/0/0/0,11522:1747647658537:,1747647670842
counter/1/0/0/0,11523:1747647658537:,1747647670842
counter/9/0/0/0,10921:1747647657823:,1747647670842
counter/3/0/0/0,10963:1747647658478:,1747647670843
counter/3/0/0/0,10964:1747647658478:,1747647670843
counter/1/0/0/0,11524:1747647658537:,1747647670843
counter/3/0/0/0,10965:1747647658478:,1747647670843
counter/9/0/0/0,10922:1747647657825:,1747647670843
counter/7/0/0/0,10372:1747647657947:,1747647670844
counter/7/0/0/0,10373:1747647657947:,1747647670844
counter/7/0/0/0,10374:1747647657947:,1747647670844
counter/7/0/0/0,10375:1747647657947:,1747647670844
counter/7/0/0/0,10376:1747647657947:,1747647670844
counter/7/0/0/0,10377:1747647657947:,1747647670844
counter/7/0/0/0,10378:1747647657947:,1747647670844
counter/7/0/0/0,10379:1747647657947:,1747647670844
counter/7/0/0/0,10380:1747647657947:,1747647670844
counter/10/0/0/0,9680:1747647657603:,1747647670845
counter/8/0/0/0,10438:1747647657539:,1747647670845
counter/4/0/0/0,10796:1747647659274:,1747647670845
counter/4/0/0/0,10797:1747647659274:,1747647670845
counter/4/0/0/0,10798:1747647659274:,1747647670845
counter/4/0/0/0,10799:1747647659274:,1747647670845
counter/3/0/0/0,10966:1747647658478:,1747647670845
counter/3/0/0/0,10967:1747647658478:,1747647670845
counter/3/0/0/0,10968:1747647658478:,1747647670845
counter/2/0/0/0,10341:1747647656912:,1747647670845
counter/2/0/0/0,10342:1747647656912:,1747647670845
counter/2/0/0/0,10343:1747647656912:,1747647670845
counter/2/0/0/0,10344:1747647656912:,1747647670845
counter/2/0/0/0,10345:1747647656912:,1747647670845
counter/2/0/0/0,10346:1747647656913:,1747647670846
counter/2/0/0/0,10347:1747647656913:,1747647670847
counter/2/0/0/0,10348:1747647656913:,1747647670847
counter/2/0/0/0,10349:1747647656913:,1747647670847
counter/2/0/0/0,10350:1747647656913:,1747647670847
counter/2/0/0/0,10351:1747647656913:,1747647670847
counter/2/0/0/0,10352:1747647656913:,1747647670847
counter/2/0/0/0,10353:1747647656918:,1747647670847
counter/2/0/0/0,10354:1747647656918:,1747647670847
counter/2/0/0/0,10355:1747647656918:,1747647670847
counter/2/0/0/0,10356:1747647656918:,1747647670847
counter/2/0/0/0,10357:1747647656918:,1747647670847
counter/2/0/0/0,10358:1747647656918:,1747647670847
counter/2/0/0/0,10359:1747647656922:,1747647670847
counter/2/0/0/0,10360:1747647656922:,1747647670847
counter/9/0/0/0,10923:1747647657826:,1747647670847
counter/9/0/0/0,10924:1747647657826:,1747647670847
counter/3/0/0/0,10969:1747647658478:,1747647670847
counter/3/0/0/0,10970:1747647658478:,1747647670848
counter/2/0/0/0,10361:1747647656922:,1747647670848
counter/2/0/0/0,10362:1747647656922:,1747647670848
counter/2/0/0/0,10363:1747647656922:,1747647670848
counter/2/0/0/0,10364:1747647656922:,1747647670848
counter/2/0/0/0,10365:1747647656922:,1747647670848
counter/2/0/0/0,10366:1747647656922:,1747647670848
counter/2/0/0/0,10367:1747647656922:,1747647670848
counter/2/0/0/0,10368:1747647656922:,1747647670848
counter/1/0/0/0,11525:1747647658537:,1747647670848
counter/1/0/0/0,11526:1747647658537:,1747647670848
counter/1/0/0/0,11527:1747647658537:,1747647670848
counter/1/0/0/0,11528:1747647658537:,1747647670848
counter/1/0/0/0,11529:1747647658537:,1747647670848
counter/1/0/0/0,11530:1747647658537:,1747647670848
counter/1/0/0/0,11531:1747647658537:,1747647670848
counter/6/0/0/0,9661:1747647657966:,1747647670848
counter/6/0/0/0,9662:1747647657966:,1747647670849
counter/6/0/0/0,9663:1747647657967:,1747647670849
counter/9/0/0/0,10925:1747647657826:,1747647670849
counter/1/0/0/0,11532:1747647658537:,1747647670849
counter/9/0/0/0,10926:1747647657826:,1747647670850
counter/1/0/0/0,11533:1747647658537:,1747647670850
counter/9/0/0/0,10927:1747647657826:,1747647670851
counter/9/0/0/0,10928:1747647657826:,1747647670851
counter/9/0/0/0,10929:1747647657826:,1747647670851
counter/9/0/0/0,10930:1747647657826:,1747647670851
counter/4/0/0/0,10800:1747647659274:,1747647670851
counter/9/0/0/0,10931:1747647657826:,1747647670851
counter/3/0/0/0,10971:1747647658478:,1747647670851
counter/3/0/0/0,10972:1747647658478:,1747647670851
counter/3/0/0/0,10973:1747647658478:,1747647670851
counter/3/0/0/0,10974:1747647658484:,1747647670851
counter/3/0/0/0,10975:1747647658484:,1747647670851
counter/3/0/0/0,10976:1747647658484:,1747647670851
counter/3/0/0/0,10977:1747647658484:,1747647670851
counter/3/0/0/0,10978:1747647658484:,1747647670851
counter/3/0/0/0,10979:1747647658485:,1747647670851
counter/10/0/0/0,9681:1747647657603:,1747647670851
counter/4/0/0/0,10801:1747647659274:,1747647670851
counter/4/0/0/0,10802:1747647659274:,1747647670851
counter/4/0/0/0,10803:1747647659274:,1747647670852
counter/4/0/0/0,10804:1747647659276:,1747647670852
counter/4/0/0/0,10805:1747647659276:,1747647670852
counter/4/0/0/0,10806:1747647659276:,1747647670852
counter/4/0/0/0,10807:1747647659276:,1747647670852
counter/3/0/0/0,10980:1747647658485:,1747647670852
counter/4/0/0/0,10808:1747647659276:,1747647670852
counter/2/0/0/0,10369:1747647656922:,1747647670852
counter/2/0/0/0,10370:1747647656922:,1747647670852
counter/2/0/0/0,10371:1747647656922:,1747647670852
counter/2/0/0/0,10372:1747647656924:,1747647670852
counter/2/0/0/0,10373:1747647656925:,1747647670852
counter/2/0/0/0,10374:1747647656925:,1747647670852
counter/2/0/0/0,10375:1747647656925:,1747647670852
counter/2/0/0/0,10376:1747647656926:,1747647670852
counter/8/0/0/0,10439:1747647657539:,1747647670853
counter/8/0/0/0,10440:1747647657539:,1747647670853
counter/8/0/0/0,10441:1747647657539:,1747647670853
counter/8/0/0/0,10442:1747647657539:,1747647670853
counter/8/0/0/0,10443:1747647657539:,1747647670853
counter/8/0/0/0,10444:1747647657539:,1747647670853
counter/8/0/0/0,10445:1747647657539:,1747647670853
counter/8/0/0/0,10446:1747647657539:,1747647670853
counter/8/0/0/0,10447:1747647657539:,1747647670854
counter/8/0/0/0,10448:1747647657548:,1747647670854
counter/8/0/0/0,10449:1747647657548:,1747647670854
counter/4/0/0/0,10809:1747647659276:,1747647670854
counter/4/0/0/0,10810:1747647659276:,1747647670854
counter/4/0/0/0,10811:1747647659276:,1747647670854
counter/4/0/0/0,10812:1747647659276:,1747647670854
counter/4/0/0/0,10813:1747647659276:,1747647670854
counter/4/0/0/0,10814:1747647659276:,1747647670855
counter/4/0/0/0,10815:1747647659276:,1747647670855
counter/4/0/0/0,10816:1747647659276:,1747647670855
counter/4/0/0/0,10817:1747647659276:,1747647670855
counter/4/0/0/0,10818:1747647659276:,1747647670855
counter/2/0/0/0,10377:1747647656926:,1747647670855
counter/10/0/0/0,9682:1747647657603:,1747647670856
counter/10/0/0/0,9683:1747647657603:,1747647670856
counter/10/0/0/0,9684:1747647657603:,1747647670856
counter/10/0/0/0,9685:1747647657603:,1747647670856
counter/10/0/0/0,9686:1747647657603:,1747647670856
counter/1/0/0/0,11534:1747647658537:,1747647670856
counter/10/0/0/0,9687:1747647657603:,1747647670857
counter/10/0/0/0,9688:1747647657603:,1747647670857
counter/10/0/0/0,9689:1747647657603:,1747647670857
counter/10/0/0/0,9690:1747647657603:,1747647670857
counter/4/0/0/0,10819:1747647659276:,1747647670857
counter/10/0/0/0,9691:1747647657603:,1747647670857
counter/10/0/0/0,9692:1747647657603:,1747647670857
counter/10/0/0/0,9693:1747647657603:,1747647670857
counter/8/0/0/0,10450:1747647657548:,1747647670857
counter/9/0/0/0,10932:1747647657847:,1747647670857
counter/9/0/0/0,10933:1747647657847:,1747647670857
counter/9/0/0/0,10934:1747647657847:,1747647670857
counter/5/0/0/0,10285:1747647657237:,1747647670858
counter/6/0/0/0,9664:1747647657978:,1747647670858
counter/2/0/0/0,10378:1747647656926:,1747647670858
counter/10/0/0/0,9694:1747647657603:,1747647670859
counter/10/0/0/0,9695:1747647657603:,1747647670859
counter/10/0/0/0,9696:1747647657603:,1747647670859
counter/10/0/0/0,9697:1747647657603:,1747647670859
counter/10/0/0/0,9698:1747647657603:,1747647670859
counter/10/0/0/0,9699:1747647657603:,1747647670859
counter/10/0/0/0,9700:1747647657603:,1747647670859
counter/10/0/0/0,9701:1747647657604:,1747647670859
counter/9/0/0/0,10935:1747647657847:,1747647670859
counter/9/0/0/0,10936:1747647657847:,1747647670859
counter/3/0/0/0,10981:1747647658485:,1747647670859
counter/3/0/0/0,10982:1747647658485:,1747647670859
counter/1/0/0/0,11535:1747647658537:,1747647670859
counter/3/0/0/0,10983:1747647658485:,1747647670860
counter/3/0/0/0,10984:1747647658485:,1747647670860
counter/3/0/0/0,10985:1747647658485:,1747647670860
counter/3/0/0/0,10986:1747647658485:,1747647670860
counter/3/0/0/0,10987:1747647658485:,1747647670860
counter/3/0/0/0,10988:1747647658485:,1747647670860
counter/3/0/0/0,10989:1747647658485:,1747647670860
counter/9/0/0/0,10937:1747647657847:,1747647670861
counter/1/0/0/0,11536:1747647658537:,1747647670861
counter/2/0/0/0,10379:1747647656926:,1747647670862
counter/6/0/0/0,9665:1747647657978:,1747647670862
counter/5/0/0/0,10286:1747647657237:,1747647670862
counter/10/0/0/0,9702:1747647657604:,1747647670862
counter/10/0/0/0,9703:1747647657604:,1747647670862
counter/10/0/0/0,9704:1747647657604:,1747647670862
counter/10/0/0/0,9705:1747647657604:,1747647670862
counter/9/0/0/0,10938:1747647657847:,1747647670862
counter/6/0/0/0,9666:1747647657978:,1747647670864
counter/6/0/0/0,9667:1747647657978:,1747647670864
counter/6/0/0/0,9668:1747647657978:,1747647670864
counter/6/0/0/0,9669:1747647657993:,1747647670864
counter/6/0/0/0,9670:1747647657993:,1747647670864
counter/6/0/0/0,9671:1747647657993:,1747647670864
counter/6/0/0/0,9672:1747647657993:,1747647670864
counter/6/0/0/0,9673:1747647657993:,1747647670864
counter/6/0/0/0,9674:1747647657993:,1747647670864
counter/6/0/0/0,9675:1747647657993:,1747647670864
counter/6/0/0/0,9676:1747647657997:,1747647670864
counter/3/0/0/0,10990:1747647658485:,1747647670865
counter/3/0/0/0,10991:1747647658485:,1747647670865
counter/3/0/0/0,10992:1747647658489:,1747647670865
counter/3/0/0/0,10993:1747647658518:,1747647670865
counter/3/0/0/0,10994:1747647658518:,1747647670865
counter/3/0/0/0,10995:1747647658518:,1747647670865
counter/3/0/0/0,10996:1747647658518:,1747647670865
counter/3/0/0/0,10997:1747647658518:,1747647670865
counter/3/0/0/0,10998:1747647658518:,1747647670865
counter/3/0/0/0,10999:1747647658518:,1747647670865
counter/3/0/0/0,11000:1747647658518:,1747647670865
counter/3/0/0/0,11001:1747647658518:,1747647670865
counter/3/0/0/0,11002:1747647658518:,1747647670865
counter/3/0/0/0,11003:1747647658518:,1747647670865
counter/3/0/0/0,11004:1747647658523:,1747647670865
counter/3/0/0/0,11005:1747647658523:,1747647670865
counter/4/0/0/0,10820:1747647659276:,1747647670865
counter/7/0/0/0,10381:1747647657947:,1747647670865
counter/7/0/0/0,10382:1747647657947:,1747647670865
counter/7/0/0/0,10383:1747647657947:,1747647670865
counter/7/0/0/0,10384:1747647657947:,1747647670866
counter/7/0/0/0,10385:1747647657947:,1747647670866
counter/5/0/0/0,10287:1747647657237:,1747647670866
counter/6/0/0/0,9677:1747647657997:,1747647670867
counter/7/0/0/0,10386:1747647657947:,1747647670867
counter/10/0/0/0,9706:1747647657604:,1747647670867
counter/5/0/0/0,10288:1747647657237:,1747647670867
counter/2/0/0/0,10380:1747647656926:,1747647670867
counter/8/0/0/0,10451:1747647657548:,1747647670868
counter/8/0/0/0,10452:1747647657548:,1747647670868
counter/8/0/0/0,10453:1747647657548:,1747647670868
counter/8/0/0/0,10454:1747647657548:,1747647670868
counter/8/0/0/0,10455:1747647657548:,1747647670868
counter/8/0/0/0,10456:1747647657548:,1747647670868
counter/8/0/0/0,10457:1747647657548:,1747647670868
counter/8/0/0/0,10458:1747647657548:,1747647670868
counter/4/0/0/0,10821:1747647659276:,1747647670868
counter/6/0/0/0,9678:1747647657997:,1747647670868
counter/6/0/0/0,9679:1747647657998:,1747647670868
counter/6/0/0/0,9680:1747647657998:,1747647670869
counter/5/0/0/0,10289:1747647657237:,1747647670869
counter/9/0/0/0,10939:1747647657847:,1747647670869
counter/9/0/0/0,10940:1747647657847:,1747647670869
counter/2/0/0/0,10381:1747647656926:,1747647670869
counter/1/0/0/0,11537:1747647658537:,1747647670869
counter/2/0/0/0,10382:1747647656926:,1747647670869
counter/3/0/0/0,11006:1747647658523:,1747647670869
counter/3/0/0/0,11007:1747647658523:,1747647670869
counter/3/0/0/0,11008:1747647658523:,1747647670869
counter/3/0/0/0,11009:1747647658523:,1747647670869
counter/3/0/0/0,11010:1747647658523:,1747647670869
counter/3/0/0/0,11011:1747647658523:,1747647670869
counter/3/0/0/0,11012:1747647658523:,1747647670869
counter/10/0/0/0,9707:1747647657604:,1747647670869
counter/10/0/0/0,9708:1747647657604:,1747647670869
counter/4/0/0/0,10822:1747647659276:,1747647670869
counter/10/0/0/0,9709:1747647657604:,1747647670869
counter/10/0/0/0,9710:1747647657604:,1747647670869
counter/10/0/0/0,9711:1747647657604:,1747647670869
counter/10/0/0/0,9712:1747647657606:,1747647670869
counter/10/0/0/0,9713:1747647657606:,1747647670869
counter/9/0/0/0,10941:1747647657847:,1747647670870
counter/10/0/0/0,9714:1747647657606:,1747647670870
counter/10/0/0/0,9715:1747647657606:,1747647670870
counter/10/0/0/0,9716:1747647657606:,1747647670870
counter/10/0/0/0,9717:1747647657606:,1747647670870
counter/10/0/0/0,9718:1747647657606:,1747647670870
counter/10/0/0/0,9719:1747647657606:,1747647670870
counter/10/0/0/0,9720:1747647657606:,1747647670870
counter/8/0/0/0,10459:1747647657548:,1747647670870
counter/1/0/0/0,11538:1747647658537:,1747647670871
counter/6/0/0/0,9681:1747647657998:,1747647670872
counter/6/0/0/0,9682:1747647657998:,1747647670872
counter/6/0/0/0,9683:1747647657998:,1747647670872
counter/6/0/0/0,9684:1747647657998:,1747647670872
counter/6/0/0/0,9685:1747647657998:,1747647670872
counter/6/0/0/0,9686:1747647657999:,1747647670872
counter/6/0/0/0,9687:1747647657999:,1747647670872
counter/6/0/0/0,9688:1747647657999:,1747647670872
counter/8/0/0/0,10460:1747647657548:,1747647670872
counter/3/0/0/0,11013:1747647658523:,1747647670872
counter/2/0/0/0,10383:1747647656926:,1747647670872
counter/6/0/0/0,9689:1747647657999:,1747647670872
counter/6/0/0/0,9690:1747647657999:,1747647670872
counter/6/0/0/0,9691:1747647657999:,1747647670873
counter/6/0/0/0,9692:1747647657999:,1747647670873
counter/6/0/0/0,9693:1747647657999:,1747647670873
counter/7/0/0/0,10387:1747647657947:,1747647670873
counter/6/0/0/0,9694:1747647658000:,1747647670873
counter/6/0/0/0,9695:1747647658001:,1747647670873
counter/6/0/0/0,9696:1747647658001:,1747647670873
counter/6/0/0/0,9697:1747647658001:,1747647670873
counter/6/0/0/0,9698:1747647658001:,1747647670873
counter/6/0/0/0,9699:1747647658001:,1747647670873
counter/6/0/0/0,9700:1747647658001:,1747647670873
counter/1/0/0/0,11539:1747647658537:,1747647670873
counter/10/0/0/0,9721:1747647657606:,1747647670873
counter/10/0/0/0,9722:1747647657606:,1747647670874
counter/10/0/0/0,9723:1747647657606:,1747647670874
counter/3/0/0/0,11014:1747647658531:,1747647670874
counter/8/0/0/0,10461:1747647657548:,1747647670874
counter/8/0/0/0,10462:1747647657548:,1747647670875
counter/8/0/0/0,10463:1747647657548:,1747647670875
counter/8/0/0/0,10464:1747647657548:,1747647670875
counter/10/0/0/0,9724:1747647657606:,1747647670875
counter/8/0/0/0,10465:1747647657548:,1747647670875
counter/10/0/0/0,9725:1747647657607:,1747647670876
counter/10/0/0/0,9726:1747647657607:,1747647670876
counter/10/0/0/0,9727:1747647657607:,1747647670876
counter/10/0/0/0,9728:1747647657607:,1747647670876
counter/10/0/0/0,9729:1747647657607:,1747647670876
counter/10/0/0/0,9730:1747647657614:,1747647670876
counter/10/0/0/0,9731:1747647657635:,1747647670876
counter/10/0/0/0,9732:1747647657635:,1747647670876
counter/10/0/0/0,9733:1747647657635:,1747647670876
counter/10/0/0/0,9734:1747647657635:,1747647670876
counter/10/0/0/0,9735:1747647657635:,1747647670876
counter/10/0/0/0,9736:1747647657635:,1747647670876
counter/4/0/0/0,10823:1747647659277:,1747647670877
counter/9/0/0/0,10942:1747647657847:,1747647670877
counter/8/0/0/0,10466:1747647657548:,1747647670877
counter/8/0/0/0,10467:1747647657548:,1747647670877
counter/8/0/0/0,10468:1747647657549:,1747647670877
counter/8/0/0/0,10469:1747647657549:,1747647670877
counter/8/0/0/0,10470:1747647657549:,1747647670877
counter/8/0/0/0,10471:1747647657549:,1747647670877
counter/8/0/0/0,10472:1747647657549:,1747647670877
counter/8/0/0/0,10473:1747647657549:,1747647670877
counter/8/0/0/0,10474:1747647657549:,1747647670877
counter/8/0/0/0,10475:1747647657549:,1747647670877
counter/8/0/0/0,10476:1747647657549:,1747647670877
counter/8/0/0/0,10477:1747647657549:,1747647670877
counter/8/0/0/0,10478:1747647657549:,1747647670877
counter/8/0/0/0,10479:1747647657549:,1747647670877
counter/8/0/0/0,10480:1747647657549:,1747647670877
counter/8/0/0/0,10481:1747647657549:,1747647670877
counter/6/0/0/0,9701:1747647658001:,1747647670878
counter/4/0/0/0,10824:1747647659277:,1747647670878
counter/4/0/0/0,10825:1747647659277:,1747647670878
counter/9/0/0/0,10943:1747647657847:,1747647670878
counter/9/0/0/0,10944:1747647657847:,1747647670878
counter/9/0/0/0,10945:1747647657847:,1747647670878
counter/9/0/0/0,10946:1747647657848:,1747647670878
counter/9/0/0/0,10947:1747647657848:,1747647670878
counter/9/0/0/0,10948:1747647657848:,1747647670878
counter/7/0/0/0,10388:1747647657947:,1747647670878
counter/1/0/0/0,11540:1747647658537:,1747647670878
counter/1/0/0/0,11541:1747647658537:,1747647670878
counter/1/0/0/0,11542:1747647658537:,1747647670878
counter/1/0/0/0,11543:1747647658537:,1747647670878
counter/1/0/0/0,11544:1747647658537:,1747647670878
counter/1/0/0/0,11545:1747647658537:,1747647670878
counter/1/0/0/0,11546:1747647658537:,1747647670879
counter/1/0/0/0,11547:1747647658538:,1747647670879
counter/3/0/0/0,11015:1747647658532:,1747647670879
counter/2/0/0/0,10384:1747647656926:,1747647670879
counter/3/0/0/0,11016:1747647658532:,1747647670879
counter/3/0/0/0,11017:1747647658532:,1747647670879
counter/3/0/0/0,11018:1747647658532:,1747647670879
counter/8/0/0/0,10482:1747647657549:,1747647670879
counter/3/0/0/0,11019:1747647658532:,1747647670879
counter/8/0/0/0,10483:1747647657549:,1747647670879
counter/4/0/0/0,10826:1747647659277:,1747647670879
counter/4/0/0/0,10827:1747647659277:,1747647670879
counter/4/0/0/0,10828:1747647659277:,1747647670879
counter/4/0/0/0,10829:1747647659277:,1747647670879
counter/4/0/0/0,10830:1747647659286:,1747647670879
counter/4/0/0/0,10831:1747647659286:,1747647670879
counter/4/0/0/0,10832:1747647659286:,1747647670879
counter/4/0/0/0,10833:1747647659286:,1747647670879
counter/4/0/0/0,10834:1747647659286:,1747647670879
counter/4/0/0/0,10835:1747647659286:,1747647670879
counter/2/0/0/0,10385:1747647656926:,1747647670879
counter/7/0/0/0,10389:1747647657947:,1747647670881
counter/2/0/0/0,10386:1747647656926:,1747647670881
counter/2/0/0/0,10387:1747647656926:,1747647670881
counter/2/0/0/0,10388:1747647656926:,1747647670881
counter/2/0/0/0,10389:1747647656926:,1747647670881
counter/10/0/0/0,9737:1747647657635:,1747647670881
counter/2/0/0/0,10390:1747647656926:,1747647670881
counter/10/0/0/0,9738:1747647657635:,1747647670881
counter/2/0/0/0,10391:1747647656926:,1747647670881
counter/10/0/0/0,9739:1747647657639:,1747647670881
counter/10/0/0/0,9740:1747647657640:,1747647670881
counter/4/0/0/0,10836:1747647659286:,1747647670881
counter/4/0/0/0,10837:1747647659289:,1747647670881
counter/4/0/0/0,10838:1747647659289:,1747647670881
counter/4/0/0/0,10839:1747647659289:,1747647670882
counter/4/0/0/0,10840:1747647659289:,1747647670882
counter/3/0/0/0,11020:1747647658532:,1747647670882
counter/4/0/0/0,10841:1747647659300:,1747647670882
counter/1/0/0/0,11548:1747647658538:,1747647670883
counter/3/0/0/0,11021:1747647658532:,1747647670883
counter/3/0/0/0,11022:1747647658532:,1747647670883
counter/3/0/0/0,11023:1747647658533:,1747647670883
counter/3/0/0/0,11024:1747647658533:,1747647670883
counter/3/0/0/0,11025:1747647658533:,1747647670883
counter/2/0/0/0,10392:1747647656926:,1747647670883
counter/2/0/0/0,10393:1747647656926:,1747647670883
counter/2/0/0/0,10394:1747647656926:,1747647670883
counter/2/0/0/0,10395:1747647656926:,1747647670883
counter/2/0/0/0,10396:1747647656926:,1747647670883
counter/2/0/0/0,10397:1747647656926:,1747647670883
counter/2/0/0/0,10398:1747647656926:,1747647670883
counter/2/0/0/0,10399:1747647656930:,1747647670883
counter/2/0/0/0,10400:1747647656930:,1747647670884
counter/2/0/0/0,10401:1747647656930:,1747647670884
counter/2/0/0/0,10402:1747647656930:,1747647670884
counter/9/0/0/0,10949:1747647657848:,1747647670884
counter/8/0/0/0,10484:1747647657549:,1747647670885
counter/8/0/0/0,10485:1747647657552:,1747647670885
counter/8/0/0/0,10486:1747647657552:,1747647670885
counter/8/0/0/0,10487:1747647657552:,1747647670885
counter/8/0/0/0,10488:1747647657552:,1747647670885
counter/8/0/0/0,10489:1747647657552:,1747647670885
counter/8/0/0/0,10490:1747647657552:,1747647670885
counter/8/0/0/0,10491:1747647657553:,1747647670885
counter/8/0/0/0,10492:1747647657553:,1747647670885
counter/6/0/0/0,9702:1747647658013:,1747647670885
counter/5/0/0/0,10290:1747647657238:,1747647670885
counter/6/0/0/0,9703:1747647658013:,1747647670885
counter/6/0/0/0,9704:1747647658013:,1747647670885
counter/8/0/0/0,10493:1747647657560:,1747647670885
counter/6/0/0/0,9705:1747647658013:,1747647670886
counter/6/0/0/0,9706:1747647658013:,1747647670886
counter/6/0/0/0,9707:1747647658013:,1747647670886
counter/6/0/0/0,9708:1747647658013:,1747647670886
counter/8/0/0/0,10494:1747647657560:,1747647670886
counter/6/0/0/0,9709:1747647658013:,1747647670887
counter/6/0/0/0,9710:1747647658013:,1747647670887
counter/1/0/0/0,11549:1747647658538:,1747647670887
counter/1/0/0/0,11550:1747647658538:,1747647670887
counter/8/0/0/0,10495:1747647657560:,1747647670887
counter/1/0/0/0,11551:1747647658538:,1747647670887
counter/8/0/0/0,10496:1747647657560:,1747647670887
counter/1/0/0/0,11552:1747647658538:,1747647670887
counter/8/0/0/0,10497:1747647657560:,1747647670887
counter/1/0/0/0,11553:1747647658539:,1747647670887
counter/8/0/0/0,10498:1747647657560:,1747647670887
counter/8/0/0/0,10499:1747647657560:,1747647670888
counter/8/0/0/0,10500:1747647657560:,1747647670888
counter/8/0/0/0,10501:1747647657560:,1747647670888
counter/1/0/0/0,11554:1747647658539:,1747647670888
counter/10/0/0/0,9741:1747647657640:,1747647670888
counter/10/0/0/0,9742:1747647657640:,1747647670888
counter/10/0/0/0,9743:1747647657640:,1747647670888
counter/10/0/0/0,9744:1747647657640:,1747647670888
counter/10/0/0/0,9745:1747647657640:,1747647670888
counter/10/0/0/0,9746:1747647657640:,1747647670888
counter/10/0/0/0,9747:1747647657640:,1747647670888
counter/7/0/0/0,10390:1747647657947:,1747647670888
counter/9/0/0/0,10950:1747647657848:,1747647670889
counter/3/0/0/0,11026:1747647658533:,1747647670889
counter/9/0/0/0,10951:1747647657848:,1747647670889
counter/9/0/0/0,10952:1747647657848:,1747647670889
counter/9/0/0/0,10953:1747647657848:,1747647670889
counter/9/0/0/0,10954:1747647657849:,1747647670889
counter/5/0/0/0,10291:1747647657238:,1747647670889
counter/6/0/0/0,9711:1747647658013:,1747647670889
counter/6/0/0/0,9712:1747647658013:,1747647670889
counter/1/0/0/0,11555:1747647658539:,1747647670889
counter/6/0/0/0,9713:1747647658013:,1747647670889
counter/6/0/0/0,9714:1747647658014:,1747647670889
counter/6/0/0/0,9715:1747647658014:,1747647670889
counter/6/0/0/0,9716:1747647658014:,1747647670889
counter/3/0/0/0,11027:1747647658533:,1747647670889
counter/3/0/0/0,11028:1747647658533:,1747647670889
counter/3/0/0/0,11029:1747647658533:,1747647670889
counter/3/0/0/0,11030:1747647658533:,1747647670889
counter/3/0/0/0,11031:1747647658533:,1747647670889
counter/3/0/0/0,11032:1747647658533:,1747647670889
counter/3/0/0/0,11033:1747647658533:,1747647670889
counter/3/0/0/0,11034:1747647658533:,1747647670889
counter/3/0/0/0,11035:1747647658533:,1747647670889
counter/3/0/0/0,11036:1747647658533:,1747647670890
counter/1/0/0/0,11556:1747647658539:,1747647670890
counter/10/0/0/0,9748:1747647657640:,1747647670892
counter/10/0/0/0,9749:1747647657640:,1747647670892
counter/10/0/0/0,9750:1747647657640:,1747647670892
counter/9/0/0/0,10955:1747647657849:,1747647670893
counter/3/0/0/0,11037:1747647658551:,1747647670893
counter/9/0/0/0,10956:1747647657849:,1747647670893
counter/3/0/0/0,11038:1747647658551:,1747647670893
counter/3/0/0/0,11039:1747647658551:,1747647670893
counter/3/0/0/0,11040:1747647658551:,1747647670893
counter/3/0/0/0,11041:1747647658551:,1747647670894
counter/3/0/0/0,11042:1747647658551:,1747647670894
counter/3/0/0/0,11043:1747647658551:,1747647670894
counter/3/0/0/0,11044:1747647658551:,1747647670894
counter/9/0/0/0,10957:1747647657849:,1747647670894
counter/7/0/0/0,10391:1747647657947:,1747647670894
counter/2/0/0/0,10403:1747647656930:,1747647670894
counter/2/0/0/0,10404:1747647656930:,1747647670894
counter/2/0/0/0,10405:1747647656930:,1747647670894
counter/2/0/0/0,10406:1747647656931:,1747647670895
counter/2/0/0/0,10407:1747647656931:,1747647670895
counter/2/0/0/0,10408:1747647656931:,1747647670895
counter/2/0/0/0,10409:1747647656931:,1747647670895
counter/2/0/0/0,10410:1747647656931:,1747647670895
counter/2/0/0/0,10411:1747647656932:,1747647670895
counter/2/0/0/0,10412:1747647656932:,1747647670895
counter/5/0/0/0,10292:1747647657238:,1747647670895
counter/5/0/0/0,10293:1747647657238:,1747647670895
counter/5/0/0/0,10294:1747647657241:,1747647670895
counter/5/0/0/0,10295:1747647657241:,1747647670895
counter/8/0/0/0,10502:1747647657560:,1747647670895
counter/10/0/0/0,9751:1747647657640:,1747647670895
counter/2/0/0/0,10413:1747647656932:,1747647670895
counter/10/0/0/0,9752:1747647657640:,1747647670895
counter/2/0/0/0,10414:1747647656932:,1747647670895
counter/6/0/0/0,9717:1747647658014:,1747647670895
counter/6/0/0/0,9718:1747647658014:,1747647670895
counter/6/0/0/0,9719:1747647658014:,1747647670895
counter/6/0/0/0,9720:1747647658014:,1747647670896
counter/1/0/0/0,11557:1747647658539:,1747647670896
counter/1/0/0/0,11558:1747647658539:,1747647670896
counter/1/0/0/0,11559:1747647658539:,1747647670896
counter/5/0/0/0,10296:1747647657241:,1747647670896
counter/5/0/0/0,10297:1747647657251:,1747647670896
counter/5/0/0/0,10298:1747647657251:,1747647670896
counter/5/0/0/0,10299:1747647657251:,1747647670896
counter/5/0/0/0,10300:1747647657251:,1747647670896
counter/9/0/0/0,10958:1747647657849:,1747647670897
counter/7/0/0/0,10392:1747647657948:,1747647670897
counter/7/0/0/0,10393:1747647657948:,1747647670897
counter/7/0/0/0,10394:1747647657948:,1747647670898
counter/7/0/0/0,10395:1747647657948:,1747647670898
counter/7/0/0/0,10396:1747647657948:,1747647670898
counter/7/0/0/0,10397:1747647657948:,1747647670898
counter/2/0/0/0,10415:1747647656933:,1747647670898
counter/7/0/0/0,10398:1747647657948:,1747647670898
counter/7/0/0/0,10399:1747647657948:,1747647670898
counter/5/0/0/0,10301:1747647657251:,1747647670898
counter/10/0/0/0,9753:1747647657640:,1747647670898
counter/10/0/0/0,9754:1747647657648:,1747647670898
counter/10/0/0/0,9755:1747647657648:,1747647670898
counter/1/0/0/0,11560:1747647658539:,1747647670898
counter/1/0/0/0,11561:1747647658539:,1747647670899
counter/3/0/0/0,11045:1747647658551:,1747647670900
counter/8/0/0/0,10503:1747647657560:,1747647670900
counter/3/0/0/0,11046:1747647658552:,1747647670900
counter/3/0/0/0,11047:1747647658553:,1747647670900
counter/3/0/0/0,11048:1747647658553:,1747647670900
counter/3/0/0/0,11049:1747647658553:,1747647670900
counter/3/0/0/0,11050:1747647658553:,1747647670900
counter/3/0/0/0,11051:1747647658553:,1747647670900
counter/3/0/0/0,11052:1747647658553:,1747647670900
counter/1/0/0/0,11562:1747647658539:,1747647670900
counter/1/0/0/0,11563:1747647658539:,1747647670900
counter/1/0/0/0,11564:1747647658539:,1747647670900
counter/1/0/0/0,11565:1747647658539:,1747647670900
counter/10/0/0/0,9756:1747647657648:,1747647670900
counter/4/0/0/0,10842:1747647659300:,1747647670900
counter/4/0/0/0,10843:1747647659300:,1747647670900
counter/4/0/0/0,10844:1747647659300:,1747647670900
counter/4/0/0/0,10845:1747647659300:,1747647670900
counter/4/0/0/0,10846:1747647659300:,1747647670901
counter/4/0/0/0,10847:1747647659300:,1747647670901
counter/9/0/0/0,10959:1747647657852:,1747647670901
counter/2/0/0/0,10416:1747647656933:,1747647670901
counter/1/0/0/0,11566:1747647658539:,1747647670901
counter/1/0/0/0,11567:1747647658539:,1747647670903
counter/7/0/0/0,10400:1747647657948:,1747647670903
counter/4/0/0/0,10848:1747647659300:,1747647670903
counter/4/0/0/0,10849:1747647659300:,1747647670903
counter/1/0/0/0,11568:1747647658539:,1747647670905
counter/7/0/0/0,10401:1747647657948:,1747647670905
counter/4/0/0/0,10850:1747647659300:,1747647670905
counter/7/0/0/0,10402:1747647657948:,1747647670905
counter/7/0/0/0,10403:1747647657948:,1747647670905
counter/7/0/0/0,10404:1747647657948:,1747647670905
counter/8/0/0/0,10504:1747647657560:,1747647670905
counter/3/0/0/0,11053:1747647658554:,1747647670905
counter/3/0/0/0,11054:1747647658555:,1747647670905
counter/3/0/0/0,11055:1747647658567:,1747647670905
counter/3/0/0/0,11056:1747647658567:,1747647670905
counter/3/0/0/0,11057:1747647658567:,1747647670906
counter/3/0/0/0,11058:1747647658567:,1747647670906
counter/3/0/0/0,11059:1747647658567:,1747647670906
counter/3/0/0/0,11060:1747647658567:,1747647670906
counter/5/0/0/0,10302:1747647657251:,1747647670906
counter/9/0/0/0,10960:1747647657852:,1747647670906
counter/2/0/0/0,10417:1747647656933:,1747647670906
counter/7/0/0/0,10405:1747647657948:,1747647670906
counter/8/0/0/0,10505:1747647657560:,1747647670906
counter/8/0/0/0,10506:1747647657560:,1747647670906
counter/10/0/0/0,9757:1747647657648:,1747647670907
counter/10/0/0/0,9758:1747647657648:,1747647670907
counter/1/0/0/0,11569:1747647658539:,1747647670907
counter/6/0/0/0,9721:1747647658014:,1747647670907
counter/6/0/0/0,9722:1747647658014:,1747647670907
counter/6/0/0/0,9723:1747647658014:,1747647670907
counter/6/0/0/0,9724:1747647658014:,1747647670907
counter/6/0/0/0,9725:1747647658014:,1747647670907
counter/6/0/0/0,9726:1747647658014:,1747647670907
counter/7/0/0/0,10406:1747647657948:,1747647670907
counter/7/0/0/0,10407:1747647657948:,1747647670908
counter/1/0/0/0,11570:1747647658539:,1747647670908
counter/1/0/0/0,11571:1747647658539:,1747647670908
counter/1/0/0/0,11572:1747647658539:,1747647670908
counter/1/0/0/0,11573:1747647658540:,1747647670908
counter/9/0/0/0,10961:1747647657852:,1747647670910
counter/5/0/0/0,10303:1747647657484:,1747647670916
counter/2/0/0/0,10418:1747647656933:,1747647670916
counter/2/0/0/0,10419:1747647656933:,1747647670916
counter/2/0/0/0,10420:1747647656933:,1747647670917
counter/8/0/0/0,10507:1747647657560:,1747647670917
counter/8/0/0/0,10508:1747647657562:,1747647670917
counter/8/0/0/0,10509:1747647657562:,1747647670918
counter/8/0/0/0,10510:1747647657562:,1747647670918
counter/8/0/0/0,10511:1747647657562:,1747647670918
counter/9/0/0/0,10962:1747647657852:,1747647670918
counter/6/0/0/0,9727:1747647658014:,1747647670919
counter/6/0/0/0,9728:1747647658014:,1747647670919
counter/6/0/0/0,9729:1747647658014:,1747647670919
counter/6/0/0/0,9730:1747647658038:,1747647670919
counter/6/0/0/0,9731:1747647658048:,1747647670919
counter/6/0/0/0,9732:1747647658048:,1747647670919
counter/6/0/0/0,9733:1747647658048:,1747647670919
counter/6/0/0/0,9734:1747647658048:,1747647670919
counter/6/0/0/0,9735:1747647658048:,1747647670919
counter/6/0/0/0,9736:1747647658048:,1747647670919
counter/6/0/0/0,9737:1747647658048:,1747647670919
counter/6/0/0/0,9738:1747647658048:,1747647670920
counter/6/0/0/0,9739:1747647658049:,1747647670920
counter/6/0/0/0,9740:1747647658049:,1747647670920
counter/6/0/0/0,9741:1747647658049:,1747647670920
counter/6/0/0/0,9742:1747647658049:,1747647670920
counter/6/0/0/0,9743:1747647658049:,1747647670920
counter/9/0/0/0,10963:1747647657852:,1747647670920
counter/6/0/0/0,9744:1747647658049:,1747647670920
counter/1/0/0/0,11574:1747647658540:,1747647670920
counter/6/0/0/0,9745:1747647658049:,1747647670920
counter/6/0/0/0,9746:1747647658058:,1747647670920
counter/6/0/0/0,9747:1747647658058:,1747647670920
counter/6/0/0/0,9748:1747647658059:,1747647670920
counter/6/0/0/0,9749:1747647658059:,1747647670920
counter/6/0/0/0,9750:1747647658065:,1747647670920
counter/6/0/0/0,9751:1747647658065:,1747647670920
counter/6/0/0/0,9752:1747647658065:,1747647670921
counter/6/0/0/0,9753:1747647658065:,1747647670921
counter/6/0/0/0,9754:1747647658065:,1747647670921
counter/9/0/0/0,10964:1747647657852:,1747647670921
counter/9/0/0/0,10965:1747647657852:,1747647670921
counter/9/0/0/0,10966:1747647657852:,1747647670921
counter/9/0/0/0,10967:1747647657852:,1747647670921
counter/9/0/0/0,10968:1747647657853:,1747647670921
counter/9/0/0/0,10969:1747647657853:,1747647670921
counter/9/0/0/0,10970:1747647657853:,1747647670921
counter/9/0/0/0,10971:1747647657856:,1747647670921
counter/9/0/0/0,10972:1747647657856:,1747647670921
counter/2/0/0/0,10421:1747647656939:,1747647670921
counter/2/0/0/0,10422:1747647656939:,1747647670921
counter/2/0/0/0,10423:1747647656939:,1747647670921
counter/2/0/0/0,10424:1747647656939:,1747647670921
counter/2/0/0/0,10425:1747647656939:,1747647670922
counter/2/0/0/0,10426:1747647656939:,1747647670922
counter/2/0/0/0,10427:1747647656949:,1747647670922
counter/2/0/0/0,10428:1747647656968:,1747647670922
counter/2/0/0/0,10429:1747647656969:,1747647670922
counter/2/0/0/0,10430:1747647656969:,1747647670922
counter/2/0/0/0,10431:1747647656969:,1747647670922
counter/1/0/0/0,11575:1747647658540:,1747647670922
counter/1/0/0/0,11576:1747647658540:,1747647670922
counter/1/0/0/0,11577:1747647658540:,1747647670922
counter/1/0/0/0,11578:1747647658540:,1747647670922
counter/1/0/0/0,11579:1747647658540:,1747647670922
counter/1/0/0/0,11580:1747647658540:,1747647670922
counter/1/0/0/0,11581:1747647658540:,1747647670923
counter/1/0/0/0,11582:1747647658540:,1747647670923
counter/1/0/0/0,11583:1747647658540:,1747647670923
counter/1/0/0/0,11584:1747647658540:,1747647670923
counter/1/0/0/0,11585:1747647658541:,1747647670923
counter/1/0/0/0,11586:1747647658541:,1747647670923
counter/1/0/0/0,11587:1747647658541:,1747647670923
counter/1/0/0/0,11588:1747647658541:,1747647670923
counter/1/0/0/0,11589:1747647658541:,1747647670923
counter/1/0/0/0,11590:1747647658541:,1747647670923
counter/1/0/0/0,11591:1747647658541:,1747647670923
counter/1/0/0/0,11592:1747647658541:,1747647670923
counter/3/0/0/0,11061:1747647658567:,1747647670923
counter/1/0/0/0,11593:1747647658541:,1747647670924
counter/3/0/0/0,11062:1747647658567:,1747647670924
counter/4/0/0/0,10851:1747647659300:,1747647670924
counter/4/0/0/0,10852:1747647659300:,1747647670924
counter/4/0/0/0,10853:1747647659300:,1747647670924
counter/4/0/0/0,10854:1747647659301:,1747647670924
counter/4/0/0/0,10855:1747647659301:,1747647670924
counter/4/0/0/0,10856:1747647659301:,1747647670924
counter/4/0/0/0,10857:1747647659301:,1747647670924
counter/4/0/0/0,10858:1747647659305:,1747647670924
counter/4/0/0/0,10859:1747647659308:,1747647670924
counter/4/0/0/0,10860:1747647659308:,1747647670924
counter/4/0/0/0,10861:1747647659308:,1747647670924
counter/4/0/0/0,10862:1747647659308:,1747647670924
counter/4/0/0/0,10863:1747647659308:,1747647670924
counter/10/0/0/0,9759:1747647657648:,1747647670924
counter/10/0/0/0,9760:1747647657648:,1747647670924
counter/10/0/0/0,9761:1747647657649:,1747647670924
counter/10/0/0/0,9762:1747647657649:,1747647670924
counter/8/0/0/0,10512:1747647657562:,1747647670924
counter/5/0/0/0,10304:1747647657492:,1747647670924
counter/5/0/0/0,10305:1747647657495:,1747647670925
counter/5/0/0/0,10306:1747647657496:,1747647670925
counter/5/0/0/0,10307:1747647657496:,1747647670925
counter/5/0/0/0,10308:1747647657496:,1747647670925
counter/3/0/0/0,11063:1747647658567:,1747647670925
counter/7/0/0/0,10408:1747647657948:,1747647670925
counter/8/0/0/0,10513:1747647657562:,1747647670925
counter/7/0/0/0,10409:1747647657948:,1747647670925
counter/2/0/0/0,10432:1747647656969:,1747647670925
counter/1/0/0/0,11594:1747647658541:,1747647670926
counter/8/0/0/0,10514:1747647657572:,1747647670926
counter/7/0/0/0,10410:1747647657948:,1747647670926
counter/7/0/0/0,10411:1747647657953:,1747647670926
counter/2/0/0/0,10433:1747647656969:,1747647670926
counter/4/0/0/0,10864:1747647659308:,1747647670926
counter/6/0/0/0,9755:1747647658065:,1747647670926
counter/5/0/0/0,10309:1747647657500:,1747647670926
counter/9/0/0/0,10973:1747647657856:,1747647670926
counter/10/0/0/0,9763:1747647657653:,1747647670927
counter/8/0/0/0,10515:1747647657572:,1747647670927
counter/8/0/0/0,10516:1747647657572:,1747647670927
counter/8/0/0/0,10517:1747647657574:,1747647670927
counter/8/0/0/0,10518:1747647657574:,1747647670927
counter/8/0/0/0,10519:1747647657584:,1747647670927
counter/8/0/0/0,10520:1747647657584:,1747647670927
counter/8/0/0/0,10521:1747647657584:,1747647670927
counter/8/0/0/0,10522:1747647657584:,1747647670927
counter/8/0/0/0,10523:1747647657584:,1747647670927
counter/8/0/0/0,10524:1747647657584:,1747647670927
counter/8/0/0/0,10525:1747647657584:,1747647670927
counter/8/0/0/0,10526:1747647657584:,1747647670927
counter/8/0/0/0,10527:1747647657584:,1747647670927
counter/8/0/0/0,10528:1747647657584:,1747647670927
counter/3/0/0/0,11064:1747647658581:,1747647670928
counter/7/0/0/0,10412:1747647657953:,1747647670928
counter/4/0/0/0,10865:1747647659308:,1747647670928
counter/4/0/0/0,10866:1747647659308:,1747647670928
counter/4/0/0/0,10867:1747647659308:,1747647670928
counter/4/0/0/0,10868:1747647659308:,1747647670928
counter/5/0/0/0,10310:1747647657500:,1747647670928
counter/8/0/0/0,10529:1747647657585:,1747647670928
counter/1/0/0/0,11595:1747647658541:,1747647670928
counter/2/0/0/0,10434:1747647656969:,1747647670928
counter/1/0/0/0,11596:1747647658541:,1747647670928
counter/1/0/0/0,11597:1747647658541:,1747647670928
counter/1/0/0/0,11598:1747647658541:,1747647670928
counter/1/0/0/0,11599:1747647658541:,1747647670928
counter/1/0/0/0,11600:1747647658541:,1747647670928
counter/1/0/0/0,11601:1747647658541:,1747647670928
counter/1/0/0/0,11602:1747647658558:,1747647670928
counter/1/0/0/0,11603:1747647658558:,1747647670928
counter/3/0/0/0,11065:1747647658581:,1747647670928
counter/6/0/0/0,9756:1747647658065:,1747647670929
counter/9/0/0/0,10974:1747647657856:,1747647670929
counter/2/0/0/0,10435:1747647656973:,1747647670929
counter/2/0/0/0,10436:1747647656973:,1747647670929
counter/2/0/0/0,10437:1747647656973:,1747647670929
counter/2/0/0/0,10438:1747647656973:,1747647670929
counter/2/0/0/0,10439:1747647656973:,1747647670929
counter/2/0/0/0,10440:1747647656973:,1747647670929
counter/2/0/0/0,10441:1747647656973:,1747647670929
counter/7/0/0/0,10413:1747647657953:,1747647670929
counter/7/0/0/0,10414:1747647657955:,1747647670929
counter/7/0/0/0,10415:1747647657956:,1747647670929
counter/7/0/0/0,10416:1747647657956:,1747647670929
counter/4/0/0/0,10869:1747647659308:,1747647670930
counter/2/0/0/0,10442:1747647656973:,1747647670930
counter/1/0/0/0,11604:1747647658558:,1747647670930
counter/8/0/0/0,10530:1747647657585:,1747647670930
counter/8/0/0/0,10531:1747647657585:,1747647670930
counter/8/0/0/0,10532:1747647657591:,1747647670930
counter/8/0/0/0,10533:1747647657591:,1747647670930
counter/8/0/0/0,10534:1747647657591:,1747647670930
counter/8/0/0/0,10535:1747647657591:,1747647670930
counter/4/0/0/0,10870:1747647659308:,1747647670930
counter/8/0/0/0,10536:1747647657591:,1747647670930
counter/3/0/0/0,11066:1747647658581:,1747647670930
counter/9/0/0/0,10975:1747647657868:,1747647670930
counter/3/0/0/0,11067:1747647658581:,1747647670930
counter/6/0/0/0,9757:1747647658065:,1747647670930
counter/5/0/0/0,10311:1747647657502:,1747647670930
counter/9/0/0/0,10976:1747647657868:,1747647670930
counter/3/0/0/0,11068:1747647658582:,1747647670931
counter/6/0/0/0,9758:1747647658066:,1747647670931
counter/5/0/0/0,10312:1747647657504:,1747647670931
counter/9/0/0/0,10977:1747647657868:,1747647670931
counter/6/0/0/0,9759:1747647658066:,1747647670932
counter/5/0/0/0,10313:1747647657506:,1747647670932
counter/3/0/0/0,11069:1747647658867:,1747647670933
counter/6/0/0/0,9760:1747647658066:,1747647670933
counter/7/0/0/0,10417:1747647657956:,1747647670933
counter/7/0/0/0,10418:1747647657956:,1747647670933
counter/7/0/0/0,10419:1747647657962:,1747647670933
counter/7/0/0/0,10420:1747647657962:,1747647670933
counter/7/0/0/0,10421:1747647657962:,1747647670933
counter/4/0/0/0,10871:1747647659308:,1747647670933
counter/9/0/0/0,10978:1747647657868:,1747647670933
counter/4/0/0/0,10872:1747647659309:,1747647670933
counter/4/0/0/0,10873:1747647659309:,1747647670933
counter/4/0/0/0,10874:1747647659309:,1747647670933
counter/4/0/0/0,10875:1747647659309:,1747647670933
counter/6/0/0/0,9761:1747647658066:,1747647670933
counter/2/0/0/0,10443:1747647656978:,1747647670933
counter/2/0/0/0,10444:1747647656979:,1747647670933
counter/2/0/0/0,10445:1747647656979:,1747647670933
counter/2/0/0/0,10446:1747647656979:,1747647670934
counter/2/0/0/0,10447:1747647656979:,1747647670934
counter/2/0/0/0,10448:1747647656979:,1747647670934
counter/7/0/0/0,10422:1747647657962:,1747647670934
counter/7/0/0/0,10423:1747647657962:,1747647670934
counter/7/0/0/0,10424:1747647657962:,1747647670934
counter/3/0/0/0,11070:1747647658870:,1747647670934
counter/5/0/0/0,10314:1747647657506:,1747647670934
counter/5/0/0/0,10315:1747647657511:,1747647670934
counter/5/0/0/0,10316:1747647657512:,1747647670934
counter/5/0/0/0,10317:1747647657512:,1747647670934
counter/5/0/0/0,10318:1747647657518:,1747647670934
counter/5/0/0/0,10319:1747647657518:,1747647670934
counter/5/0/0/0,10320:1747647657518:,1747647670934
counter/1/0/0/0,11605:1747647658558:,1747647670935
counter/10/0/0/0,9764:1747647657654:,1747647670935
counter/10/0/0/0,9765:1747647657654:,1747647670935
counter/10/0/0/0,9766:1747647657658:,1747647670935
counter/6/0/0/0,9762:1747647658066:,1747647670935
counter/8/0/0/0,10537:1747647657591:,1747647670935
counter/6/0/0/0,9763:1747647658066:,1747647670935
counter/6/0/0/0,9764:1747647658069:,1747647670935
counter/6/0/0/0,9765:1747647658069:,1747647670935
counter/6/0/0/0,9766:1747647658069:,1747647670935
counter/6/0/0/0,9767:1747647658069:,1747647670935
counter/6/0/0/0,9768:1747647658070:,1747647670935
counter/10/0/0/0,9767:1747647657658:,1747647670935
counter/10/0/0/0,9768:1747647657658:,1747647670935
counter/10/0/0/0,9769:1747647657658:,1747647670935
counter/10/0/0/0,9770:1747647657658:,1747647670935
counter/7/0/0/0,10425:1747647657963:,1747647670935
counter/7/0/0/0,10426:1747647657963:,1747647670935
counter/7/0/0/0,10427:1747647657963:,1747647670935
counter/7/0/0/0,10428:1747647657963:,1747647670935
counter/7/0/0/0,10429:1747647657963:,1747647670936
counter/7/0/0/0,10430:1747647657963:,1747647670936
counter/7/0/0/0,10431:1747647657963:,1747647670936
counter/10/0/0/0,9771:1747647657658:,1747647670936
counter/10/0/0/0,9772:1747647657658:,1747647670936
counter/10/0/0/0,9773:1747647657658:,1747647670936
counter/4/0/0/0,10876:1747647659312:,1747647670936
counter/9/0/0/0,10979:1747647657868:,1747647670936
counter/9/0/0/0,10980:1747647657868:,1747647670936
counter/9/0/0/0,10981:1747647657868:,1747647670936
counter/9/0/0/0,10982:1747647657868:,1747647670936
counter/9/0/0/0,10983:1747647657868:,1747647670936
counter/9/0/0/0,10984:1747647657868:,1747647670936
counter/9/0/0/0,10985:1747647657868:,1747647670936
counter/9/0/0/0,10986:1747647657868:,1747647670936
counter/9/0/0/0,10987:1747647657868:,1747647670936
counter/9/0/0/0,10988:1747647657870:,1747647670936
counter/9/0/0/0,10989:1747647657870:,1747647670936
counter/9/0/0/0,10990:1747647657870:,1747647670936
counter/9/0/0/0,10991:1747647657870:,1747647670936
counter/9/0/0/0,10992:1747647657870:,1747647670936
counter/9/0/0/0,10993:1747647657870:,1747647670936
counter/9/0/0/0,10994:1747647657870:,1747647670937
counter/9/0/0/0,10995:1747647657870:,1747647670937
counter/6/0/0/0,9769:1747647658070:,1747647670937
counter/9/0/0/0,10996:1747647657870:,1747647670937
counter/6/0/0/0,9770:1747647658070:,1747647670937
counter/7/0/0/0,10432:1747647657963:,1747647670937
counter/7/0/0/0,10433:1747647657963:,1747647670937
counter/7/0/0/0,10434:1747647657963:,1747647670937
counter/7/0/0/0,10435:1747647657963:,1747647670937
counter/7/0/0/0,10436:1747647657963:,1747647670937
counter/7/0/0/0,10437:1747647657963:,1747647670937
counter/4/0/0/0,10877:1747647659312:,1747647670937
counter/3/0/0/0,11071:1747647658872:,1747647670937
counter/3/0/0/0,11072:1747647658872:,1747647670937
counter/3/0/0/0,11073:1747647658872:,1747647670937
counter/3/0/0/0,11074:1747647658877:,1747647670937
counter/5/0/0/0,10321:1747647657518:,1747647670938
counter/3/0/0/0,11075:1747647658877:,1747647670938
counter/5/0/0/0,10322:1747647657518:,1747647670938
counter/5/0/0/0,10323:1747647657518:,1747647670938
counter/5/0/0/0,10324:1747647657518:,1747647670938
counter/5/0/0/0,10325:1747647657518:,1747647670938
counter/5/0/0/0,10326:1747647657518:,1747647670938
counter/5/0/0/0,10327:1747647657518:,1747647670938
counter/5/0/0/0,10328:1747647657518:,1747647670938
counter/5/0/0/0,10329:1747647657518:,1747647670938
counter/5/0/0/0,10330:1747647657530:,1747647670938
counter/5/0/0/0,10331:1747647657530:,1747647670938
counter/3/0/0/0,11076:1747647658877:,1747647670939
counter/9/0/0/0,10997:1747647657870:,1747647670940
counter/9/0/0/0,10998:1747647657870:,1747647670940
counter/9/0/0/0,10999:1747647657871:,1747647670940
counter/9/0/0/0,11000:1747647657871:,1747647670940
counter/9/0/0/0,11001:1747647657871:,1747647670940
counter/9/0/0/0,11002:1747647657871:,1747647670940
counter/9/0/0/0,11003:1747647657871:,1747647670940
counter/9/0/0/0,11004:1747647657871:,1747647670940
counter/9/0/0/0,11005:1747647657871:,1747647670940
counter/9/0/0/0,11006:1747647657871:,1747647670940
counter/6/0/0/0,9771:1747647658070:,1747647670941
counter/3/0/0/0,11077:1747647658880:,1747647670941
counter/1/0/0/0,11606:1747647658558:,1747647670941
counter/10/0/0/0,9774:1747647657659:,1747647670941
counter/10/0/0/0,9775:1747647657660:,1747647670941
counter/10/0/0/0,9776:1747647657660:,1747647670941
counter/10/0/0/0,9777:1747647657660:,1747647670941
counter/10/0/0/0,9778:1747647657660:,1747647670941
counter/10/0/0/0,9779:1747647657660:,1747647670941
counter/10/0/0/0,9780:1747647657660:,1747647670941
counter/10/0/0/0,9781:1747647657664:,1747647670941
counter/3/0/0/0,11078:1747647658880:,1747647670941
counter/7/0/0/0,10438:1747647657967:,1747647670942
counter/3/0/0/0,11079:1747647658881:,1747647670942
counter/5/0/0/0,10332:1747647657530:,1747647670942
counter/5/0/0/0,10333:1747647657530:,1747647670942
counter/5/0/0/0,10334:1747647657530:,1747647670942
counter/3/0/0/0,11080:1747647658881:,1747647670942
counter/9/0/0/0,11007:1747647657871:,1747647670942
counter/3/0/0/0,11081:1747647658890:,1747647670942
counter/3/0/0/0,11082:1747647658899:,1747647670942
counter/3/0/0/0,11083:1747647658902:,1747647670942
counter/3/0/0/0,11084:1747647658903:,1747647670943
counter/3/0/0/0,11085:1747647658903:,1747647670943
counter/3/0/0/0,11086:1747647658903:,1747647670943
counter/3/0/0/0,11087:1747647658903:,1747647670943
counter/3/0/0/0,11088:1747647658903:,1747647670943
counter/7/0/0/0,10439:1747647657967:,1747647670943
counter/4/0/0/0,10878:1747647659312:,1747647670944
counter/2/0/0/0,10449:1747647656979:,1747647670944
counter/2/0/0/0,10450:1747647656979:,1747647670944
counter/10/0/0/0,9782:1747647657664:,1747647670944
counter/2/0/0/0,10451:1747647656979:,1747647670944
counter/2/0/0/0,10452:1747647656979:,1747647670944
counter/3/0/0/0,11089:1747647658903:,1747647670944
counter/10/0/0/0,9783:1747647657664:,1747647670944
counter/3/0/0/0,11090:1747647658903:,1747647670944
counter/3/0/0/0,11091:1747647658903:,1747647670944
counter/3/0/0/0,11092:1747647658903:,1747647670945
counter/3/0/0/0,11093:1747647658904:,1747647670945
counter/7/0/0/0,10440:1747647657968:,1747647670945
counter/5/0/0/0,10335:1747647657530:,1747647670945
counter/5/0/0/0,10336:1747647657530:,1747647670945
counter/5/0/0/0,10337:1747647657530:,1747647670945
counter/5/0/0/0,10338:1747647657535:,1747647670945
counter/5/0/0/0,10339:1747647657535:,1747647670945
counter/3/0/0/0,11094:1747647658904:,1747647670946
counter/5/0/0/0,10340:1747647657536:,1747647670946
counter/5/0/0/0,10341:1747647657536:,1747647670946
counter/5/0/0/0,10342:1747647657537:,1747647670946
counter/5/0/0/0,10343:1747647657541:,1747647670946
counter/5/0/0/0,10344:1747647657542:,1747647670946
counter/5/0/0/0,10345:1747647657542:,1747647670946
counter/5/0/0/0,10346:1747647657542:,1747647670946
counter/5/0/0/0,10347:1747647657542:,1747647670946
counter/5/0/0/0,10348:1747647657542:,1747647670946
counter/5/0/0/0,10349:1747647657542:,1747647670946
counter/5/0/0/0,10350:1747647657542:,1747647670946
counter/9/0/0/0,11008:1747647657871:,1747647670947
counter/8/0/0/0,10538:1747647657591:,1747647670947
counter/9/0/0/0,11009:1747647657871:,1747647670947
counter/4/0/0/0,10879:1747647659312:,1747647670947
counter/4/0/0/0,10880:1747647659317:,1747647670947
counter/2/0/0/0,10453:1747647656979:,1747647670947
counter/4/0/0/0,10881:1747647659317:,1747647670947
counter/4/0/0/0,10882:1747647659317:,1747647670947
counter/3/0/0/0,11095:1747647658904:,1747647670947
counter/4/0/0/0,10883:1747647659317:,1747647670947
counter/10/0/0/0,9784:1747647657664:,1747647670947
counter/8/0/0/0,10539:1747647657591:,1747647670947
counter/9/0/0/0,11010:1747647657871:,1747647670948
counter/2/0/0/0,10454:1747647656979:,1747647670948
counter/2/0/0/0,10455:1747647656980:,1747647670948
counter/3/0/0/0,11096:1747647658904:,1747647670948
counter/4/0/0/0,10884:1747647659317:,1747647670948
counter/10/0/0/0,9785:1747647657664:,1747647670948
counter/4/0/0/0,10885:1747647659317:,1747647670948
counter/7/0/0/0,10441:1747647657985:,1747647670948
counter/5/0/0/0,10351:1747647657542:,1747647670949
counter/7/0/0/0,10442:1747647657985:,1747647670949
counter/5/0/0/0,10352:1747647657542:,1747647670949
counter/5/0/0/0,10353:1747647657542:,1747647670949
counter/5/0/0/0,10354:1747647657542:,1747647670949
counter/5/0/0/0,10355:1747647657542:,1747647670949
counter/5/0/0/0,10356:1747647657542:,1747647670949
counter/5/0/0/0,10357:1747647657546:,1747647670949
counter/6/0/0/0,9772:1747647658075:,1747647670950
counter/6/0/0/0,9773:1747647658075:,1747647670950
counter/1/0/0/0,11607:1747647658558:,1747647670950
counter/6/0/0/0,9774:1747647658075:,1747647670950
counter/5/0/0/0,10358:1747647657546:,1747647670950
counter/5/0/0/0,10359:1747647657546:,1747647670950
counter/5/0/0/0,10360:1747647657546:,1747647670950
counter/5/0/0/0,10361:1747647657551:,1747647670950
counter/5/0/0/0,10362:1747647657551:,1747647670950
counter/5/0/0/0,10363:1747647657551:,1747647670950
counter/5/0/0/0,10364:1747647657551:,1747647670950
counter/5/0/0/0,10365:1747647657551:,1747647670950
counter/5/0/0/0,10366:1747647657570:,1747647670950
counter/5/0/0/0,10367:1747647657570:,1747647670950
counter/5/0/0/0,10368:1747647657571:,1747647670950
counter/5/0/0/0,10369:1747647657571:,1747647670950
counter/5/0/0/0,10370:1747647657571:,1747647670950
counter/5/0/0/0,10371:1747647657571:,1747647670950
counter/5/0/0/0,10372:1747647657571:,1747647670950
counter/5/0/0/0,10373:1747647657571:,1747647670950
counter/5/0/0/0,10374:1747647657571:,1747647670950
counter/5/0/0/0,10375:1747647657571:,1747647670950
counter/5/0/0/0,10376:1747647657571:,1747647670951
counter/5/0/0/0,10377:1747647657575:,1747647670951
counter/5/0/0/0,10378:1747647657575:,1747647670951
counter/5/0/0/0,10379:1747647657575:,1747647670951
counter/5/0/0/0,10380:1747647657575:,1747647670951
counter/2/0/0/0,10456:1747647656980:,1747647670951
counter/5/0/0/0,10381:1747647657575:,1747647670951
counter/5/0/0/0,10382:1747647657575:,1747647670951
counter/5/0/0/0,10383:1747647657575:,1747647670951
counter/5/0/0/0,10384:1747647657575:,1747647670951
counter/8/0/0/0,10540:1747647657591:,1747647670951
counter/5/0/0/0,10385:1747647657575:,1747647670951
counter/5/0/0/0,10386:1747647657575:,1747647670951
counter/4/0/0/0,10886:1747647659317:,1747647670951
counter/5/0/0/0,10387:1747647657583:,1747647670951
counter/2/0/0/0,10457:1747647656980:,1747647670951
counter/2/0/0/0,10458:1747647656985:,1747647670951
counter/2/0/0/0,10459:1747647656985:,1747647670951
counter/2/0/0/0,10460:1747647656986:,1747647670951
counter/2/0/0/0,10461:1747647656986:,1747647670952
counter/2/0/0/0,10462:1747647656986:,1747647670952
counter/2/0/0/0,10463:1747647656986:,1747647670952
counter/2/0/0/0,10464:1747647656986:,1747647670952
counter/2/0/0/0,10465:1747647656986:,1747647670952
counter/2/0/0/0,10466:1747647657006:,1747647670952
counter/1/0/0/0,11608:1747647658558:,1747647670952
counter/5/0/0/0,10388:1747647657583:,1747647670952
counter/5/0/0/0,10389:1747647657584:,1747647670952
counter/2/0/0/0,10467:1747647657006:,1747647670952
counter/2/0/0/0,10468:1747647657006:,1747647670953
counter/2/0/0/0,10469:1747647657006:,1747647670953
counter/2/0/0/0,10470:1747647657006:,1747647670953
counter/2/0/0/0,10471:1747647657006:,1747647670953
counter/2/0/0/0,10472:1747647657006:,1747647670953
counter/2/0/0/0,10473:1747647657007:,1747647670953
counter/2/0/0/0,10474:1747647657007:,1747647670953
counter/2/0/0/0,10475:1747647657007:,1747647670953
counter/2/0/0/0,10476:1747647657007:,1747647670953
counter/2/0/0/0,10477:1747647657007:,1747647670953
counter/10/0/0/0,9786:1747647657664:,1747647670953
counter/10/0/0/0,9787:1747647657665:,1747647670953
counter/5/0/0/0,10390:1747647657588:,1747647670953
counter/5/0/0/0,10391:1747647657597:,1747647670953
counter/4/0/0/0,10887:1747647659317:,1747647670953
counter/5/0/0/0,10392:1747647657597:,1747647670953
counter/5/0/0/0,10393:1747647657597:,1747647670953
counter/5/0/0/0,10394:1747647657597:,1747647670953
counter/5/0/0/0,10395:1747647657597:,1747647670953
counter/7/0/0/0,10443:1747647657985:,1747647670953
counter/5/0/0/0,10396:1747647657597:,1747647670954
counter/3/0/0/0,11097:1747647658904:,1747647670954
counter/2/0/0/0,10478:1747647657016:,1747647670954
counter/6/0/0/0,9775:1747647658075:,1747647670955
counter/10/0/0/0,9788:1747647657665:,1747647670955
counter/10/0/0/0,9789:1747647657665:,1747647670955
counter/10/0/0/0,9790:1747647657665:,1747647670955
counter/10/0/0/0,9791:1747647657665:,1747647670955
counter/10/0/0/0,9792:1747647657665:,1747647670955
counter/5/0/0/0,10397:1747647657597:,1747647670956
counter/10/0/0/0,9793:1747647657665:,1747647670956
counter/5/0/0/0,10398:1747647657597:,1747647670956
counter/10/0/0/0,9794:1747647657665:,1747647670956
counter/1/0/0/0,11609:1747647658559:,1747647670957
counter/5/0/0/0,10399:1747647657597:,1747647670957
counter/5/0/0/0,10400:1747647657597:,1747647670957
counter/5/0/0/0,10401:1747647657597:,1747647670957
counter/5/0/0/0,10402:1747647657602:,1747647670957
counter/5/0/0/0,10403:1747647657602:,1747647670957
counter/5/0/0/0,10404:1747647657602:,1747647670957
counter/5/0/0/0,10405:1747647657602:,1747647670957
counter/5/0/0/0,10406:1747647657602:,1747647670957
counter/5/0/0/0,10407:1747647657603:,1747647670957
counter/5/0/0/0,10408:1747647657603:,1747647670957
counter/5/0/0/0,10409:1747647657607:,1747647670957
counter/5/0/0/0,10410:1747647657607:,1747647670957
counter/5/0/0/0,10411:1747647657607:,1747647670957
counter/5/0/0/0,10412:1747647657607:,1747647670957
counter/10/0/0/0,9795:1747647657665:,1747647670957
counter/10/0/0/0,9796:1747647657665:,1747647670957
counter/10/0/0/0,9797:1747647657665:,1747647670957
counter/6/0/0/0,9776:1747647658075:,1747647670958
counter/10/0/0/0,9798:1747647657665:,1747647670958
counter/6/0/0/0,9777:1747647658075:,1747647670959
counter/10/0/0/0,9799:1747647657665:,1747647670959
counter/2/0/0/0,10479:1747647657016:,1747647670959
counter/3/0/0/0,11098:1747647658904:,1747647670960
counter/6/0/0/0,9778:1747647658075:,1747647670960
counter/10/0/0/0,9800:1747647657665:,1747647670960
counter/1/0/0/0,11610:1747647658559:,1747647670962
counter/1/0/0/0,11611:1747647658559:,1747647670962
counter/1/0/0/0,11612:1747647658559:,1747647670962
counter/6/0/0/0,9779:1747647658075:,1747647670962
counter/1/0/0/0,11613:1747647658559:,1747647670962
counter/7/0/0/0,10444:1747647657985:,1747647670962
counter/5/0/0/0,10413:1747647657607:,1747647670962
counter/9/0/0/0,11011:1747647657871:,1747647670962
counter/5/0/0/0,10414:1747647657607:,1747647670962
counter/5/0/0/0,10415:1747647657607:,1747647670962
counter/2/0/0/0,10480:1747647657016:,1747647670962
counter/5/0/0/0,10416:1747647657607:,1747647670963
counter/5/0/0/0,10417:1747647657607:,1747647670963
counter/5/0/0/0,10418:1747647657608:,1747647670963
counter/5/0/0/0,10419:1747647657608:,1747647670963
counter/5/0/0/0,10420:1747647657608:,1747647670963
counter/5/0/0/0,10421:1747647657608:,1747647670963
counter/5/0/0/0,10422:1747647657608:,1747647670963
counter/5/0/0/0,10423:1747647657608:,1747647670963
counter/5/0/0/0,10424:1747647657610:,1747647670964
counter/5/0/0/0,10425:1747647657610:,1747647670964
counter/5/0/0/0,10426:1747647657610:,1747647670964
counter/5/0/0/0,10427:1747647657619:,1747647670964
counter/6/0/0/0,9780:1747647658075:,1747647670964
counter/3/0/0/0,11099:1747647658905:,1747647670964
counter/1/0/0/0,11614:1747647658559:,1747647670964
counter/6/0/0/0,9781:1747647658075:,1747647670964
counter/9/0/0/0,11012:1747647657871:,1747647670965
counter/3/0/0/0,11100:1747647658905:,1747647670965
counter/1/0/0/0,11615:1747647658559:,1747647670965
counter/1/0/0/0,11616:1747647658559:,1747647670965
counter/5/0/0/0,10428:1747647657619:,1747647670965
counter/5/0/0/0,10429:1747647657619:,1747647670965
counter/5/0/0/0,10430:1747647657619:,1747647670965
counter/5/0/0/0,10431:1747647657619:,1747647670966
counter/5/0/0/0,10432:1747647657619:,1747647670966
counter/5/0/0/0,10433:1747647657619:,1747647670966
counter/8/0/0/0,10541:1747647657591:,1747647670966
counter/8/0/0/0,10542:1747647657591:,1747647670966
counter/8/0/0/0,10543:1747647657592:,1747647670966
counter/8/0/0/0,10544:1747647657592:,1747647670966
counter/3/0/0/0,11101:1747647658911:,1747647670966
counter/1/0/0/0,11617:1747647658559:,1747647670966
counter/3/0/0/0,11102:1747647658912:,1747647670966
counter/5/0/0/0,10434:1747647657623:,1747647670966
counter/1/0/0/0,11618:1747647658559:,1747647670968
counter/8/0/0/0,10545:1747647657592:,1747647670968
counter/3/0/0/0,11103:1747647658912:,1747647670968
counter/3/0/0/0,11104:1747647658912:,1747647670968
counter/3/0/0/0,11105:1747647658912:,1747647670968
counter/5/0/0/0,10435:1747647657623:,1747647670968
counter/5/0/0/0,10436:1747647657623:,1747647670968
counter/5/0/0/0,10437:1747647657623:,1747647670968
counter/5/0/0/0,10438:1747647657623:,1747647670968
counter/5/0/0/0,10439:1747647657623:,1747647670968
counter/7/0/0/0,10445:1747647657985:,1747647670969
counter/7/0/0/0,10446:1747647657985:,1747647670969
counter/7/0/0/0,10447:1747647657985:,1747647670969
counter/7/0/0/0,10448:1747647657985:,1747647670969
counter/7/0/0/0,10449:1747647657985:,1747647670969
counter/4/0/0/0,10888:1747647659322:,1747647670969
counter/8/0/0/0,10546:1747647657592:,1747647670969
counter/8/0/0/0,10547:1747647657592:,1747647670969
counter/8/0/0/0,10548:1747647657592:,1747647670969
counter/3/0/0/0,11106:1747647658912:,1747647670969
counter/3/0/0/0,11107:1747647658912:,1747647670969
counter/3/0/0/0,11108:1747647658912:,1747647670969
counter/2/0/0/0,10481:1747647657016:,1747647670970
counter/2/0/0/0,10482:1747647657017:,1747647670970
counter/2/0/0/0,10483:1747647657017:,1747647670970
counter/2/0/0/0,10484:1747647657017:,1747647670970
counter/2/0/0/0,10485:1747647657017:,1747647670970
counter/2/0/0/0,10486:1747647657017:,1747647670970
counter/2/0/0/0,10487:1747647657017:,1747647670970
counter/2/0/0/0,10488:1747647657017:,1747647670970
counter/2/0/0/0,10489:1747647657017:,1747647670970
counter/2/0/0/0,10490:1747647657017:,1747647670970
counter/2/0/0/0,10491:1747647657020:,1747647670970
counter/5/0/0/0,10440:1747647657623:,1747647670971
counter/5/0/0/0,10441:1747647657623:,1747647670971
counter/5/0/0/0,10442:1747647657623:,1747647670971
counter/3/0/0/0,11109:1747647658912:,1747647670973
counter/3/0/0/0,11110:1747647658912:,1747647670973
counter/3/0/0/0,11111:1747647658912:,1747647670973
counter/3/0/0/0,11112:1747647658912:,1747647670973
counter/3/0/0/0,11113:1747647658912:,1747647670973
counter/3/0/0/0,11114:1747647658918:,1747647670973
counter/6/0/0/0,9782:1747647658075:,1747647670973
counter/6/0/0/0,9783:1747647658075:,1747647670973
counter/6/0/0/0,9784:1747647658075:,1747647670973
counter/6/0/0/0,9785:1747647658075:,1747647670973
counter/6/0/0/0,9786:1747647658088:,1747647670973
counter/7/0/0/0,10450:1747647657995:,1747647670973
counter/7/0/0/0,10451:1747647657995:,1747647670973
counter/2/0/0/0,10492:1747647657020:,1747647670974
counter/2/0/0/0,10493:1747647657020:,1747647670974
counter/2/0/0/0,10494:1747647657020:,1747647670974
counter/2/0/0/0,10495:1747647657020:,1747647670974
counter/2/0/0/0,10496:1747647657020:,1747647670974
counter/2/0/0/0,10497:1747647657020:,1747647670974
counter/2/0/0/0,10498:1747647657020:,1747647670974
counter/2/0/0/0,10499:1747647657020:,1747647670974
counter/2/0/0/0,10500:1747647657023:,1747647670974
counter/2/0/0/0,10501:1747647657024:,1747647670974
counter/2/0/0/0,10502:1747647657024:,1747647670974
counter/1/0/0/0,11619:1747647658559:,1747647670974
counter/10/0/0/0,9801:1747647657665:,1747647670974
counter/10/0/0/0,9802:1747647657665:,1747647670974
counter/10/0/0/0,9803:1747647657665:,1747647670974
counter/10/0/0/0,9804:1747647657665:,1747647670974
counter/10/0/0/0,9805:1747647657665:,1747647670974
counter/10/0/0/0,9806:1747647657665:,1747647670974
counter/3/0/0/0,11115:1747647658927:,1747647670974
counter/6/0/0/0,9787:1747647658088:,1747647670975
counter/6/0/0/0,9788:1747647658088:,1747647670975
counter/6/0/0/0,9789:1747647658088:,1747647670975
counter/6/0/0/0,9790:1747647658088:,1747647670975
counter/6/0/0/0,9791:1747647658088:,1747647670975
counter/2/0/0/0,10503:1747647657024:,1747647670975
counter/6/0/0/0,9792:1747647658088:,1747647670975
counter/2/0/0/0,10504:1747647657024:,1747647670975
counter/1/0/0/0,11620:1747647658559:,1747647670976
counter/1/0/0/0,11621:1747647658559:,1747647670976
counter/1/0/0/0,11622:1747647658559:,1747647670976
counter/1/0/0/0,11623:1747647658559:,1747647670976
counter/1/0/0/0,11624:1747647658559:,1747647670976
counter/1/0/0/0,11625:1747647658559:,1747647670976
counter/9/0/0/0,11013:1747647657871:,1747647670976
counter/4/0/0/0,10889:1747647659322:,1747647670976
counter/9/0/0/0,11014:1747647657871:,1747647670976
counter/6/0/0/0,9793:1747647658088:,1747647670977
counter/9/0/0/0,11015:1747647657872:,1747647670977
counter/6/0/0/0,9794:1747647658088:,1747647670978
counter/9/0/0/0,11016:1747647657872:,1747647670978
counter/1/0/0/0,11626:1747647658559:,1747647670978
counter/8/0/0/0,10549:1747647657592:,1747647670979
counter/8/0/0/0,10550:1747647657594:,1747647670979
counter/8/0/0/0,10551:1747647657594:,1747647670979
counter/8/0/0/0,10552:1747647657595:,1747647670979
counter/3/0/0/0,11116:1747647658927:,1747647670980
counter/3/0/0/0,11117:1747647658927:,1747647670980
counter/5/0/0/0,10443:1747647657624:,1747647670980
counter/5/0/0/0,10444:1747647657624:,1747647670980
counter/1/0/0/0,11627:1747647658559:,1747647670980
counter/5/0/0/0,10445:1747647657624:,1747647670981
counter/5/0/0/0,10446:1747647657624:,1747647670981
counter/5/0/0/0,10447:1747647657624:,1747647670981
counter/5/0/0/0,10448:1747647657624:,1747647670981
counter/5/0/0/0,10449:1747647657624:,1747647670981
counter/5/0/0/0,10450:1747647657624:,1747647670981
counter/8/0/0/0,10553:1747647657595:,1747647670981
counter/5/0/0/0,10451:1747647657624:,1747647670981
counter/5/0/0/0,10452:1747647657624:,1747647670981
counter/5/0/0/0,10453:1747647657632:,1747647670981
counter/7/0/0/0,10452:1747647657996:,1747647670981
counter/3/0/0/0,11118:1747647658927:,1747647670982
counter/1/0/0/0,11628:1747647658569:,1747647670982
counter/1/0/0/0,11629:1747647658569:,1747647670982
counter/1/0/0/0,11630:1747647658569:,1747647670983
counter/1/0/0/0,11631:1747647658569:,1747647670983
counter/1/0/0/0,11632:1747647658569:,1747647670983
counter/1/0/0/0,11633:1747647658569:,1747647670983
counter/5/0/0/0,10454:1747647657632:,1747647670983
counter/5/0/0/0,10455:1747647657632:,1747647670983
counter/8/0/0/0,10554:1747647657601:,1747647670983
counter/8/0/0/0,10555:1747647657601:,1747647670983
counter/8/0/0/0,10556:1747647657601:,1747647670983
counter/8/0/0/0,10557:1747647657601:,1747647670983
counter/5/0/0/0,10456:1747647657632:,1747647670984
counter/5/0/0/0,10457:1747647657632:,1747647670984
counter/5/0/0/0,10458:1747647657632:,1747647670984
counter/7/0/0/0,10453:1747647657996:,1747647670984
counter/5/0/0/0,10459:1747647657632:,1747647670984
counter/7/0/0/0,10454:1747647657996:,1747647670984
counter/5/0/0/0,10460:1747647657632:,1747647670984
counter/7/0/0/0,10455:1747647657996:,1747647670984
counter/5/0/0/0,10461:1747647657632:,1747647670984
counter/7/0/0/0,10456:1747647657996:,1747647670984
counter/5/0/0/0,10462:1747647657633:,1747647670984
counter/7/0/0/0,10457:1747647657996:,1747647670984
counter/3/0/0/0,11119:1747647658927:,1747647670984
counter/1/0/0/0,11634:1747647658569:,1747647670984
counter/3/0/0/0,11120:1747647658927:,1747647670984
counter/3/0/0/0,11121:1747647658927:,1747647670984
counter/3/0/0/0,11122:1747647658927:,1747647670984
counter/3/0/0/0,11123:1747647658927:,1747647670984
counter/3/0/0/0,11124:1747647658927:,1747647670984
counter/10/0/0/0,9807:1747647657675:,1747647670985
counter/10/0/0/0,9808:1747647657686:,1747647670985
counter/8/0/0/0,10558:1747647657601:,1747647670985
counter/8/0/0/0,10559:1747647657601:,1747647670985
counter/8/0/0/0,10560:1747647657601:,1747647670985
counter/5/0/0/0,10463:1747647657633:,1747647670985
counter/2/0/0/0,10505:1747647657024:,1747647670985
counter/2/0/0/0,10506:1747647657024:,1747647670985
counter/2/0/0/0,10507:1747647657024:,1747647670985
counter/2/0/0/0,10508:1747647657024:,1747647670985
counter/2/0/0/0,10509:1747647657024:,1747647670986
counter/2/0/0/0,10510:1747647657024:,1747647670986
counter/5/0/0/0,10464:1747647657633:,1747647670986
counter/4/0/0/0,10890:1747647659322:,1747647670986
counter/4/0/0/0,10891:1747647659322:,1747647670986
counter/9/0/0/0,11017:1747647657872:,1747647670986
counter/9/0/0/0,11018:1747647657872:,1747647670986
counter/9/0/0/0,11019:1747647657872:,1747647670986
counter/9/0/0/0,11020:1747647657872:,1747647670986
counter/9/0/0/0,11021:1747647657872:,1747647670986
counter/9/0/0/0,11022:1747647657872:,1747647670986
counter/7/0/0/0,10458:1747647657997:,1747647670986
counter/3/0/0/0,11125:1747647658927:,1747647670987
counter/2/0/0/0,10511:1747647657024:,1747647670987
counter/3/0/0/0,11126:1747647658927:,1747647670987
counter/2/0/0/0,10512:1747647657024:,1747647670987
counter/2/0/0/0,10513:1747647657024:,1747647670987
counter/2/0/0/0,10514:1747647657024:,1747647670987
counter/2/0/0/0,10515:1747647657024:,1747647670987
counter/2/0/0/0,10516:1747647657024:,1747647670987
counter/2/0/0/0,10517:1747647657024:,1747647670987
counter/2/0/0/0,10518:1747647657024:,1747647670987
counter/5/0/0/0,10465:1747647657633:,1747647670988
counter/8/0/0/0,10561:1747647657601:,1747647670988
counter/2/0/0/0,10519:1747647657024:,1747647670989
counter/9/0/0/0,11023:1747647657872:,1747647670989
counter/6/0/0/0,9795:1747647658088:,1747647670989
counter/3/0/0/0,11127:1747647658927:,1747647670989
counter/5/0/0/0,10466:1747647657633:,1747647670990
counter/3/0/0/0,11128:1747647658927:,1747647670991
counter/3/0/0/0,11129:1747647658942:,1747647670991
counter/5/0/0/0,10467:1747647657633:,1747647670991
counter/5/0/0/0,10468:1747647657633:,1747647670991
counter/5/0/0/0,10469:1747647657633:,1747647670991
counter/5/0/0/0,10470:1747647657633:,1747647670992
counter/5/0/0/0,10471:1747647657633:,1747647670992
counter/5/0/0/0,10472:1747647657633:,1747647670992
counter/8/0/0/0,10562:1747647657601:,1747647670992
counter/5/0/0/0,10473:1747647657633:,1747647670992
counter/5/0/0/0,10474:1747647657633:,1747647670992
counter/1/0/0/0,11635:1747647658573:,1747647670992
counter/8/0/0/0,10563:1747647657601:,1747647670992
counter/9/0/0/0,11024:1747647657872:,1747647670992
counter/2/0/0/0,10520:1747647657024:,1747647670992
counter/9/0/0/0,11025:1747647657872:,1747647670992
counter/4/0/0/0,10892:1747647659335:,1747647670992
counter/10/0/0/0,9809:1747647657686:,1747647670992
counter/10/0/0/0,9810:1747647657686:,1747647670992
counter/10/0/0/0,9811:1747647657691:,1747647670992
counter/6/0/0/0,9796:1747647658088:,1747647670992
counter/6/0/0/0,9797:1747647658088:,1747647670992
counter/6/0/0/0,9798:1747647658088:,1747647670993
counter/5/0/0/0,10475:1747647657634:,1747647670993
counter/5/0/0/0,10476:1747647657634:,1747647670993
counter/5/0/0/0,10477:1747647657634:,1747647670993
counter/5/0/0/0,10478:1747647657634:,1747647670993
counter/5/0/0/0,10479:1747647657634:,1747647670993
counter/5/0/0/0,10480:1747647657634:,1747647670993
counter/5/0/0/0,10481:1747647657634:,1747647670993
counter/5/0/0/0,10482:1747647657634:,1747647670993
counter/5/0/0/0,10483:1747647657634:,1747647670993
counter/4/0/0/0,10893:1747647659335:,1747647670993
counter/2/0/0/0,10521:1747647657024:,1747647670994
counter/2/0/0/0,10522:1747647657024:,1747647670994
counter/2/0/0/0,10523:1747647657024:,1747647670994
counter/2/0/0/0,10524:1747647657026:,1747647670994
counter/2/0/0/0,10525:1747647657026:,1747647670995
counter/5/0/0/0,10484:1747647657634:,1747647670995
counter/5/0/0/0,10485:1747647657634:,1747647670995
counter/5/0/0/0,10486:1747647657634:,1747647670995
counter/5/0/0/0,10487:1747647657635:,1747647670995
counter/2/0/0/0,10526:1747647657026:,1747647670995
counter/2/0/0/0,10527:1747647657026:,1747647670995
counter/2/0/0/0,10528:1747647657026:,1747647670995
counter/2/0/0/0,10529:1747647657026:,1747647670995
counter/4/0/0/0,10894:1747647659335:,1747647670996
counter/10/0/0/0,9812:1747647657691:,1747647670996
counter/10/0/0/0,9813:1747647657691:,1747647670996
counter/10/0/0/0,9814:1747647657691:,1747647670996
counter/10/0/0/0,9815:1747647657691:,1747647670996
counter/6/0/0/0,9799:1747647658088:,1747647670996
counter/6/0/0/0,9800:1747647658088:,1747647670996
counter/1/0/0/0,11636:1747647658573:,1747647670996
counter/1/0/0/0,11637:1747647658573:,1747647670996
counter/3/0/0/0,11130:1747647658942:,1747647670996
counter/5/0/0/0,10488:1747647657655:,1747647670997
counter/5/0/0/0,10489:1747647657655:,1747647670997
counter/5/0/0/0,10490:1747647657655:,1747647670997
counter/5/0/0/0,10491:1747647657655:,1747647670997
counter/5/0/0/0,10492:1747647657655:,1747647670997
counter/5/0/0/0,10493:1747647657655:,1747647670997
counter/5/0/0/0,10494:1747647657655:,1747647670997
counter/5/0/0/0,10495:1747647657655:,1747647670997
counter/5/0/0/0,10496:1747647657657:,1747647670997
counter/4/0/0/0,10895:1747647659335:,1747647670997
counter/4/0/0/0,10896:1747647659335:,1747647670997
counter/10/0/0/0,9816:1747647657691:,1747647670997
counter/10/0/0/0,9817:1747647657691:,1747647670997
counter/10/0/0/0,9818:1747647657691:,1747647670997
counter/10/0/0/0,9819:1747647657692:,1747647670997
counter/6/0/0/0,9801:1747647658088:,1747647670997
counter/1/0/0/0,11638:1747647658573:,1747647670997
counter/6/0/0/0,9802:1747647658088:,1747647670998
counter/3/0/0/0,11131:1747647658942:,1747647670998
counter/9/0/0/0,11026:1747647657872:,1747647670998
counter/3/0/0/0,11132:1747647658942:,1747647670998
counter/3/0/0/0,11133:1747647658942:,1747647670998
counter/5/0/0/0,10497:1747647657657:,1747647670998
counter/2/0/0/0,10530:1747647657026:,1747647670998
counter/2/0/0/0,10531:1747647657026:,1747647670998
counter/2/0/0/0,10532:1747647657026:,1747647670998
counter/2/0/0/0,10533:1747647657026:,1747647670998
counter/2/0/0/0,10534:1747647657026:,1747647670998
counter/2/0/0/0,10535:1747647657026:,1747647670998
counter/2/0/0/0,10536:1747647657026:,1747647670998
counter/2/0/0/0,10537:1747647657026:,1747647670998
counter/2/0/0/0,10538:1747647657026:,1747647670998
counter/2/0/0/0,10539:1747647657026:,1747647670998
counter/2/0/0/0,10540:1747647657026:,1747647670998
counter/2/0/0/0,10541:1747647657026:,1747647670998
counter/2/0/0/0,10542:1747647657026:,1747647670998
counter/2/0/0/0,10543:1747647657026:,1747647670998
counter/6/0/0/0,9803:1747647658088:,1747647670998
counter/10/0/0/0,9820:1747647657695:,1747647670998
counter/8/0/0/0,10564:1747647657601:,1747647670999
counter/6/0/0/0,9804:1747647658088:,1747647670999
counter/6/0/0/0,9805:1747647658088:,1747647670999
counter/6/0/0/0,9806:1747647658088:,1747647670999
counter/3/0/0/0,11134:1747647658942:,1747647670999
counter/5/0/0/0,10498:1747647657657:,1747647670999
counter/2/0/0/0,10544:1747647657026:,1747647670999
counter/2/0/0/0,10545:1747647657026:,1747647670999
counter/2/0/0/0,10546:1747647657026:,1747647670999
counter/2/0/0/0,10547:1747647657026:,1747647670999
counter/2/0/0/0,10548:1747647657029:,1747647671000
counter/2/0/0/0,10549:1747647657029:,1747647671000
counter/2/0/0/0,10550:1747647657029:,1747647671000
counter/2/0/0/0,10551:1747647657029:,1747647671000
counter/2/0/0/0,10552:1747647657029:,1747647671000
counter/2/0/0/0,10553:1747647657029:,1747647671000
counter/2/0/0/0,10554:1747647657030:,1747647671000
counter/2/0/0/0,10555:1747647657030:,1747647671000
counter/1/0/0/0,11639:1747647658574:,1747647671000
counter/9/0/0/0,11027:1747647657872:,1747647671000
counter/9/0/0/0,11028:1747647657872:,1747647671000
counter/9/0/0/0,11029:1747647657872:,1747647671000
counter/9/0/0/0,11030:1747647657872:,1747647671000
counter/9/0/0/0,11031:1747647657872:,1747647671000
counter/6/0/0/0,9807:1747647658088:,1747647671000
counter/3/0/0/0,11135:1747647658942:,1747647671001
counter/8/0/0/0,10565:1747647657601:,1747647671002
counter/7/0/0/0,10459:1747647657997:,1747647671002
counter/3/0/0/0,11136:1747647658949:,1747647671003
counter/7/0/0/0,10460:1747647657997:,1747647671004
counter/3/0/0/0,11137:1747647658949:,1747647671004
counter/3/0/0/0,11138:1747647658949:,1747647671004
counter/8/0/0/0,10566:1747647657601:,1747647671005
counter/8/0/0/0,10567:1747647657601:,1747647671005
counter/8/0/0/0,10568:1747647657601:,1747647671005
counter/8/0/0/0,10569:1747647657601:,1747647671005
counter/6/0/0/0,9808:1747647658088:,1747647671005
counter/6/0/0/0,9809:1747647658089:,1747647671005
counter/6/0/0/0,9810:1747647658089:,1747647671005
counter/6/0/0/0,9811:1747647658089:,1747647671005
counter/6/0/0/0,9812:1747647658089:,1747647671005
counter/4/0/0/0,10897:1747647659343:,1747647671005
counter/2/0/0/0,10556:1747647657033:,1747647671005
counter/3/0/0/0,11139:1747647658949:,1747647671006
counter/4/0/0/0,10898:1747647659343:,1747647671006
counter/3/0/0/0,11140:1747647658949:,1747647671006
counter/1/0/0/0,11640:1747647658574:,1747647671006
counter/8/0/0/0,10570:1747647657601:,1747647671007
counter/8/0/0/0,10571:1747647657601:,1747647671007
counter/8/0/0/0,10572:1747647657601:,1747647671007
counter/8/0/0/0,10573:1747647657601:,1747647671007
counter/8/0/0/0,10574:1747647657601:,1747647671007
counter/8/0/0/0,10575:1747647657601:,1747647671007
counter/4/0/0/0,10899:1747647659343:,1747647671007
counter/8/0/0/0,10576:1747647657601:,1747647671007
counter/3/0/0/0,11141:1747647658949:,1747647671008
counter/3/0/0/0,11142:1747647658949:,1747647671008
counter/3/0/0/0,11143:1747647658949:,1747647671008
counter/3/0/0/0,11144:1747647658949:,1747647671008
counter/3/0/0/0,11145:1747647658949:,1747647671008
counter/3/0/0/0,11146:1747647658949:,1747647671008
counter/7/0/0/0,10461:1747647657997:,1747647671008
counter/3/0/0/0,11147:1747647658949:,1747647671008
counter/3/0/0/0,11148:1747647658950:,1747647671008
counter/3/0/0/0,11149:1747647658951:,1747647671008
counter/6/0/0/0,9813:1747647658089:,1747647671008
counter/6/0/0/0,9814:1747647658089:,1747647671008
counter/9/0/0/0,11032:1747647657872:,1747647671008
counter/5/0/0/0,10499:1747647657657:,1747647671008
counter/8/0/0/0,10577:1747647657601:,1747647671008
counter/8/0/0/0,10578:1747647657601:,1747647671008
counter/4/0/0/0,10900:1747647659343:,1747647671008
counter/4/0/0/0,10901:1747647659343:,1747647671008
counter/4/0/0/0,10902:1747647659346:,1747647671008
counter/4/0/0/0,10903:1747647659346:,1747647671009
counter/4/0/0/0,10904:1747647659346:,1747647671009
counter/4/0/0/0,10905:1747647659346:,1747647671009
counter/4/0/0/0,10906:1747647659346:,1747647671009
counter/4/0/0/0,10907:1747647659346:,1747647671009
counter/4/0/0/0,10908:1747647659346:,1747647671009
counter/3/0/0/0,11150:1747647658951:,1747647671009
counter/7/0/0/0,10462:1747647657997:,1747647671009
counter/4/0/0/0,10909:1747647659346:,1747647671010
counter/10/0/0/0,9821:1747647657695:,1747647671010
counter/6/0/0/0,9815:1747647658089:,1747647671010
counter/6/0/0/0,9816:1747647658092:,1747647671010
counter/6/0/0/0,9817:1747647658092:,1747647671010
counter/6/0/0/0,9818:1747647658092:,1747647671011
counter/6/0/0/0,9819:1747647658092:,1747647671011
counter/6/0/0/0,9820:1747647658092:,1747647671011
counter/5/0/0/0,10500:1747647657657:,1747647671011
counter/8/0/0/0,10579:1747647657601:,1747647671011
counter/5/0/0/0,10501:1747647657657:,1747647671011
counter/2/0/0/0,10557:1747647657033:,1747647671011
counter/5/0/0/0,10502:1747647657657:,1747647671011
counter/4/0/0/0,10910:1747647659346:,1747647671011
counter/4/0/0/0,10911:1747647659351:,1747647671011
counter/10/0/0/0,9822:1747647657695:,1747647671011
counter/3/0/0/0,11151:1747647658951:,1747647671011
counter/3/0/0/0,11152:1747647658951:,1747647671011
counter/7/0/0/0,10463:1747647657997:,1747647671011
counter/5/0/0/0,10503:1747647657657:,1747647671013
counter/8/0/0/0,10580:1747647657601:,1747647671013
counter/1/0/0/0,11641:1747647658574:,1747647671013
counter/5/0/0/0,10504:1747647657657:,1747647671013
counter/5/0/0/0,10505:1747647657657:,1747647671015
counter/5/0/0/0,10506:1747647657657:,1747647671015
counter/5/0/0/0,10507:1747647657657:,1747647671015
counter/5/0/0/0,10508:1747647657657:,1747647671015
counter/5/0/0/0,10509:1747647657657:,1747647671015
counter/5/0/0/0,10510:1747647657657:,1747647671015
counter/5/0/0/0,10511:1747647657657:,1747647671015
counter/5/0/0/0,10512:1747647657657:,1747647671015
counter/5/0/0/0,10513:1747647657657:,1747647671015
counter/6/0/0/0,9821:1747647658092:,1747647671015
counter/6/0/0/0,9822:1747647658092:,1747647671015
counter/6/0/0/0,9823:1747647658092:,1747647671015
counter/2/0/0/0,10558:1747647657033:,1747647671015
counter/6/0/0/0,9824:1747647658092:,1747647671015
counter/6/0/0/0,9825:1747647658092:,1747647671015
counter/2/0/0/0,10559:1747647657033:,1747647671015
counter/6/0/0/0,9826:1747647658092:,1747647671015
counter/4/0/0/0,10912:1747647659351:,1747647671016
counter/2/0/0/0,10560:1747647657033:,1747647671016
counter/2/0/0/0,10561:1747647657033:,1747647671016
counter/1/0/0/0,11642:1747647658574:,1747647671016
counter/2/0/0/0,10562:1747647657033:,1747647671016
counter/2/0/0/0,10563:1747647657033:,1747647671016
counter/2/0/0/0,10564:1747647657033:,1747647671016
counter/2/0/0/0,10565:1747647657033:,1747647671016
counter/5/0/0/0,10514:1747647657657:,1747647671017
counter/8/0/0/0,10581:1747647657601:,1747647671018
counter/5/0/0/0,10515:1747647657657:,1747647671018
counter/8/0/0/0,10582:1747647657601:,1747647671018
counter/1/0/0/0,11643:1747647658574:,1747647671018
counter/1/0/0/0,11644:1747647658871:,1747647671018
counter/3/0/0/0,11153:1747647658951:,1747647671018
counter/9/0/0/0,11033:1747647657872:,1747647671018
counter/6/0/0/0,9827:1747647658092:,1747647671018
counter/10/0/0/0,9823:1747647657695:,1747647671018
counter/10/0/0/0,9824:1747647657698:,1747647671019
counter/5/0/0/0,10516:1747647657657:,1747647671019
counter/10/0/0/0,9825:1747647657698:,1747647671019
counter/10/0/0/0,9826:1747647657698:,1747647671019
counter/9/0/0/0,11034:1747647657872:,1747647671019
counter/1/0/0/0,11645:1747647658871:,1747647671020
counter/9/0/0/0,11035:1747647657872:,1747647671020
counter/1/0/0/0,11646:1747647658872:,1747647671020
counter/1/0/0/0,11647:1747647658873:,1747647671020
counter/1/0/0/0,11648:1747647658874:,1747647671020
counter/1/0/0/0,11649:1747647658874:,1747647671020
counter/1/0/0/0,11650:1747647658874:,1747647671020
counter/1/0/0/0,11651:1747647658874:,1747647671020
counter/1/0/0/0,11652:1747647658875:,1747647671020
counter/1/0/0/0,11653:1747647658875:,1747647671020
counter/1/0/0/0,11654:1747647658876:,1747647671020
counter/1/0/0/0,11655:1747647658881:,1747647671020
counter/1/0/0/0,11656:1747647658884:,1747647671020
counter/3/0/0/0,11154:1747647658951:,1747647671021
counter/9/0/0/0,11036:1747647657872:,1747647671021
counter/8/0/0/0,10583:1747647657601:,1747647671021
counter/5/0/0/0,10517:1747647657658:,1747647671022
counter/7/0/0/0,10464:1747647657997:,1747647671022
counter/1/0/0/0,11657:1747647658890:,1747647671022
counter/1/0/0/0,11658:1747647658893:,1747647671023
counter/2/0/0/0,10566:1747647657034:,1747647671023
counter/2/0/0/0,10567:1747647657034:,1747647671023
counter/2/0/0/0,10568:1747647657034:,1747647671023
counter/2/0/0/0,10569:1747647657037:,1747647671023
counter/2/0/0/0,10570:1747647657037:,1747647671023
counter/9/0/0/0,11037:1747647657872:,1747647671023
counter/6/0/0/0,9828:1747647658092:,1747647671023
counter/6/0/0/0,9829:1747647658092:,1747647671023
counter/6/0/0/0,9830:1747647658092:,1747647671023
counter/6/0/0/0,9831:1747647658092:,1747647671023
counter/6/0/0/0,9832:1747647658092:,1747647671024
counter/6/0/0/0,9833:1747647658093:,1747647671024
counter/6/0/0/0,9834:1747647658093:,1747647671024
counter/6/0/0/0,9835:1747647658093:,1747647671024
counter/6/0/0/0,9836:1747647658093:,1747647671024
counter/4/0/0/0,10913:1747647659351:,1747647671024
counter/5/0/0/0,10518:1747647657658:,1747647671024
counter/5/0/0/0,10519:1747647657658:,1747647671025
counter/10/0/0/0,9827:1747647657701:,1747647671025
counter/6/0/0/0,9837:1747647658093:,1747647671025
counter/6/0/0/0,9838:1747647658095:,1747647671025
counter/6/0/0/0,9839:1747647658095:,1747647671025
counter/6/0/0/0,9840:1747647658095:,1747647671025
counter/6/0/0/0,9841:1747647658095:,1747647671025
counter/6/0/0/0,9842:1747647658095:,1747647671026
counter/6/0/0/0,9843:1747647658095:,1747647671026
counter/6/0/0/0,9844:1747647658098:,1747647671026
counter/6/0/0/0,9845:1747647658098:,1747647671026
counter/10/0/0/0,9828:1747647657701:,1747647671026
counter/6/0/0/0,9846:1747647658098:,1747647671026
counter/6/0/0/0,9847:1747647658099:,1747647671026
counter/6/0/0/0,9848:1747647658099:,1747647671026
counter/6/0/0/0,9849:1747647658099:,1747647671026
counter/6/0/0/0,9850:1747647658099:,1747647671026
counter/6/0/0/0,9851:1747647658099:,1747647671026
counter/6/0/0/0,9852:1747647658099:,1747647671026
counter/6/0/0/0,9853:1747647658099:,1747647671026
counter/6/0/0/0,9854:1747647658099:,1747647671026
counter/6/0/0/0,9855:1747647658099:,1747647671026
counter/6/0/0/0,9856:1747647658099:,1747647671026
counter/1/0/0/0,11659:1747647658893:,1747647671026
counter/5/0/0/0,10520:1747647657658:,1747647671027
counter/5/0/0/0,10521:1747647657658:,1747647671027
counter/1/0/0/0,11660:1747647658899:,1747647671027
counter/4/0/0/0,10914:1747647659352:,1747647671027
counter/8/0/0/0,10584:1747647657601:,1747647671027
counter/8/0/0/0,10585:1747647657601:,1747647671027
counter/8/0/0/0,10586:1747647657601:,1747647671027
counter/8/0/0/0,10587:1747647657601:,1747647671027
counter/3/0/0/0,11155:1747647658951:,1747647671027
counter/9/0/0/0,11038:1747647657872:,1747647671027
counter/9/0/0/0,11039:1747647657872:,1747647671027
counter/9/0/0/0,11040:1747647657872:,1747647671027
counter/6/0/0/0,9857:1747647658099:,1747647671028
counter/6/0/0/0,9858:1747647658099:,1747647671028
counter/6/0/0/0,9859:1747647658099:,1747647671028
counter/6/0/0/0,9860:1747647658099:,1747647671028
counter/6/0/0/0,9861:1747647658099:,1747647671028
counter/6/0/0/0,9862:1747647658099:,1747647671028
counter/5/0/0/0,10522:1747647657661:,1747647671028
counter/9/0/0/0,11041:1747647657872:,1747647671028
counter/9/0/0/0,11042:1747647657873:,1747647671028
counter/9/0/0/0,11043:1747647657875:,1747647671028
counter/9/0/0/0,11044:1747647657875:,1747647671028
counter/9/0/0/0,11045:1747647657875:,1747647671028
counter/1/0/0/0,11661:1747647658904:,1747647671029
counter/1/0/0/0,11662:1747647658904:,1747647671029
counter/1/0/0/0,11663:1747647658904:,1747647671029
counter/1/0/0/0,11664:1747647658910:,1747647671029
counter/1/0/0/0,11665:1747647658910:,1747647671029
counter/1/0/0/0,11666:1747647658910:,1747647671029
counter/1/0/0/0,11667:1747647658910:,1747647671029
counter/6/0/0/0,9863:1747647658099:,1747647671029
counter/5/0/0/0,10523:1747647657661:,1747647671029
counter/1/0/0/0,11668:1747647658910:,1747647671029
counter/5/0/0/0,10524:1747647657661:,1747647671029
counter/4/0/0/0,10915:1747647659352:,1747647671029
counter/9/0/0/0,11046:1747647657875:,1747647671029
counter/9/0/0/0,11047:1747647657875:,1747647671029
counter/9/0/0/0,11048:1747647657875:,1747647671030
counter/9/0/0/0,11049:1747647657875:,1747647671030
counter/9/0/0/0,11050:1747647657875:,1747647671030
counter/9/0/0/0,11051:1747647657875:,1747647671030
counter/9/0/0/0,11052:1747647657875:,1747647671030
counter/9/0/0/0,11053:1747647657875:,1747647671030
counter/6/0/0/0,9864:1747647658099:,1747647671030
counter/3/0/0/0,11156:1747647658951:,1747647671030
counter/3/0/0/0,11157:1747647658951:,1747647671030
counter/3/0/0/0,11158:1747647658955:,1747647671031
counter/3/0/0/0,11159:1747647658955:,1747647671031
counter/3/0/0/0,11160:1747647658955:,1747647671031
counter/1/0/0/0,11669:1747647658910:,1747647671031
counter/3/0/0/0,11161:1747647658955:,1747647671031
counter/1/0/0/0,11670:1747647658910:,1747647671031
counter/1/0/0/0,11671:1747647658910:,1747647671031
counter/1/0/0/0,11672:1747647658910:,1747647671031
counter/1/0/0/0,11673:1747647658910:,1747647671031
counter/1/0/0/0,11674:1747647658910:,1747647671031
counter/6/0/0/0,9865:1747647658099:,1747647671031
counter/6/0/0/0,9866:1747647658099:,1747647671031
counter/6/0/0/0,9867:1747647658099:,1747647671031
counter/6/0/0/0,9868:1747647658099:,1747647671031
counter/6/0/0/0,9869:1747647658101:,1747647671031
counter/6/0/0/0,9870:1747647658101:,1747647671031
counter/6/0/0/0,9871:1747647658101:,1747647671031
counter/6/0/0/0,9872:1747647658101:,1747647671031
counter/9/0/0/0,11054:1747647657875:,1747647671032
counter/9/0/0/0,11055:1747647657879:,1747647671032
counter/9/0/0/0,11056:1747647657879:,1747647671032
counter/9/0/0/0,11057:1747647657879:,1747647671032
counter/9/0/0/0,11058:1747647657879:,1747647671032
counter/9/0/0/0,11059:1747647657883:,1747647671032
counter/9/0/0/0,11060:1747647657883:,1747647671032
counter/9/0/0/0,11061:1747647657883:,1747647671032
counter/9/0/0/0,11062:1747647657883:,1747647671032
counter/1/0/0/0,11675:1747647658910:,1747647671032
counter/9/0/0/0,11063:1747647657883:,1747647671032
counter/7/0/0/0,10465:1747647657997:,1747647671032
counter/9/0/0/0,11064:1747647657883:,1747647671032
counter/7/0/0/0,10466:1747647657999:,1747647671032
counter/8/0/0/0,10588:1747647657601:,1747647671032
counter/5/0/0/0,10525:1747647657661:,1747647671032
counter/2/0/0/0,10571:1747647657037:,1747647671032
counter/5/0/0/0,10526:1747647657661:,1747647671032
counter/6/0/0/0,9873:1747647658101:,1747647671032
counter/6/0/0/0,9874:1747647658101:,1747647671033
counter/6/0/0/0,9875:1747647658102:,1747647671033
counter/6/0/0/0,9876:1747647658102:,1747647671033
counter/6/0/0/0,9877:1747647658102:,1747647671033
counter/6/0/0/0,9878:1747647658102:,1747647671033
counter/6/0/0/0,9879:1747647658102:,1747647671033
counter/6/0/0/0,9880:1747647658102:,1747647671033
counter/9/0/0/0,11065:1747647657883:,1747647671033
counter/9/0/0/0,11066:1747647657884:,1747647671033
counter/9/0/0/0,11067:1747647657884:,1747647671033
counter/9/0/0/0,11068:1747647657884:,1747647671033
counter/9/0/0/0,11069:1747647657884:,1747647671033
counter/9/0/0/0,11070:1747647657884:,1747647671033
counter/9/0/0/0,11071:1747647657884:,1747647671033
counter/9/0/0/0,11072:1747647657884:,1747647671033
counter/9/0/0/0,11073:1747647657884:,1747647671033
counter/9/0/0/0,11074:1747647657884:,1747647671034
counter/9/0/0/0,11075:1747647657884:,1747647671034
counter/4/0/0/0,10916:1747647659352:,1747647671034
counter/9/0/0/0,11076:1747647657884:,1747647671034
counter/9/0/0/0,11077:1747647657884:,1747647671034
counter/9/0/0/0,11078:1747647657884:,1747647671034
counter/6/0/0/0,9881:1747647658102:,1747647671034
counter/2/0/0/0,10572:1747647657037:,1747647671034
counter/4/0/0/0,10917:1747647659352:,1747647671034
counter/2/0/0/0,10573:1747647657037:,1747647671034
counter/2/0/0/0,10574:1747647657037:,1747647671034
counter/2/0/0/0,10575:1747647657037:,1747647671034
counter/9/0/0/0,11079:1747647657884:,1747647671034
counter/6/0/0/0,9882:1747647658102:,1747647671034
counter/10/0/0/0,9829:1747647657701:,1747647671034
counter/10/0/0/0,9830:1747647657701:,1747647671034
counter/10/0/0/0,9831:1747647657701:,1747647671034
counter/10/0/0/0,9832:1747647657704:,1747647671034
counter/10/0/0/0,9833:1747647657704:,1747647671034
counter/8/0/0/0,10589:1747647657601:,1747647671035
counter/1/0/0/0,11676:1747647658911:,1747647671035
counter/8/0/0/0,10590:1747647657601:,1747647671035
counter/8/0/0/0,10591:1747647657602:,1747647671035
counter/8/0/0/0,10592:1747647657602:,1747647671035
counter/8/0/0/0,10593:1747647657602:,1747647671035
counter/9/0/0/0,11080:1747647657885:,1747647671035
counter/6/0/0/0,9883:1747647658102:,1747647671035
counter/6/0/0/0,9884:1747647658102:,1747647671035
counter/6/0/0/0,9885:1747647658102:,1747647671035
counter/6/0/0/0,9886:1747647658102:,1747647671035
counter/6/0/0/0,9887:1747647658102:,1747647671035
counter/6/0/0/0,9888:1747647658102:,1747647671035
counter/6/0/0/0,9889:1747647658112:,1747647671035
counter/10/0/0/0,9834:1747647657704:,1747647671035
counter/4/0/0/0,10918:1747647659352:,1747647671035
counter/9/0/0/0,11081:1747647657885:,1747647671036
counter/2/0/0/0,10576:1747647657037:,1747647671036
counter/2/0/0/0,10577:1747647657037:,1747647671036
counter/2/0/0/0,10578:1747647657042:,1747647671037
counter/2/0/0/0,10579:1747647657042:,1747647671037
counter/2/0/0/0,10580:1747647657042:,1747647671037
counter/2/0/0/0,10581:1747647657042:,1747647671037
counter/4/0/0/0,10919:1747647659352:,1747647671037
counter/9/0/0/0,11082:1747647657885:,1747647671037
counter/9/0/0/0,11083:1747647657885:,1747647671037
counter/9/0/0/0,11084:1747647657887:,1747647671037
counter/9/0/0/0,11085:1747647657887:,1747647671037
counter/9/0/0/0,11086:1747647657887:,1747647671037
counter/9/0/0/0,11087:1747647657887:,1747647671037
counter/9/0/0/0,11088:1747647657887:,1747647671037
counter/9/0/0/0,11089:1747647657887:,1747647671037
counter/8/0/0/0,10594:1747647657602:,1747647671037
counter/8/0/0/0,10595:1747647657602:,1747647671038
counter/8/0/0/0,10596:1747647657602:,1747647671038
counter/8/0/0/0,10597:1747647657602:,1747647671038
counter/8/0/0/0,10598:1747647657602:,1747647671038
counter/9/0/0/0,11090:1747647657887:,1747647671038
counter/8/0/0/0,10599:1747647657602:,1747647671038
counter/6/0/0/0,9890:1747647658113:,1747647671039
counter/6/0/0/0,9891:1747647658113:,1747647671039
counter/6/0/0/0,9892:1747647658113:,1747647671039
counter/6/0/0/0,9893:1747647658113:,1747647671039
counter/6/0/0/0,9894:1747647658114:,1747647671039
counter/6/0/0/0,9895:1747647658114:,1747647671039
counter/6/0/0/0,9896:1747647658114:,1747647671039
counter/6/0/0/0,9897:1747647658114:,1747647671039
counter/6/0/0/0,9898:1747647658114:,1747647671039
counter/6/0/0/0,9899:1747647658114:,1747647671040
counter/6/0/0/0,9900:1747647658114:,1747647671040
counter/6/0/0/0,9901:1747647658115:,1747647671040
counter/6/0/0/0,9902:1747647658115:,1747647671040
counter/6/0/0/0,9903:1747647658115:,1747647671040
counter/6/0/0/0,9904:1747647658115:,1747647671040
counter/6/0/0/0,9905:1747647658115:,1747647671040
counter/6/0/0/0,9906:1747647658126:,1747647671040
counter/6/0/0/0,9907:1747647658126:,1747647671040
counter/6/0/0/0,9908:1747647658126:,1747647671040
counter/6/0/0/0,9909:1747647658126:,1747647671040
counter/7/0/0/0,10467:1747647657999:,1747647671041
counter/2/0/0/0,10582:1747647657042:,1747647671041
counter/10/0/0/0,9835:1747647657704:,1747647671041
counter/1/0/0/0,11677:1747647658911:,1747647671041
counter/7/0/0/0,10468:1747647657999:,1747647671041
counter/7/0/0/0,10469:1747647657999:,1747647671041
counter/7/0/0/0,10470:1747647657999:,1747647671041
counter/7/0/0/0,10471:1747647657999:,1747647671041
counter/7/0/0/0,10472:1747647658003:,1747647671042
counter/8/0/0/0,10600:1747647657602:,1747647671042
counter/5/0/0/0,10527:1747647657661:,1747647671042
counter/4/0/0/0,10920:1747647659352:,1747647671042
counter/5/0/0/0,10528:1747647657661:,1747647671042
counter/4/0/0/0,10921:1747647659357:,1747647671042
counter/5/0/0/0,10529:1747647657661:,1747647671042
counter/4/0/0/0,10922:1747647659357:,1747647671042
counter/6/0/0/0,9910:1747647658126:,1747647671042
counter/8/0/0/0,10601:1747647657602:,1747647671042
counter/8/0/0/0,10602:1747647657602:,1747647671042
counter/8/0/0/0,10603:1747647657602:,1747647671042
counter/8/0/0/0,10604:1747647657602:,1747647671042
counter/8/0/0/0,10605:1747647657602:,1747647671042
counter/8/0/0/0,10606:1747647657602:,1747647671042
counter/8/0/0/0,10607:1747647657602:,1747647671042
counter/8/0/0/0,10608:1747647657602:,1747647671042
counter/3/0/0/0,11162:1747647658956:,1747647671043
counter/3/0/0/0,11163:1747647658956:,1747647671043
counter/3/0/0/0,11164:1747647658956:,1747647671043
counter/3/0/0/0,11165:1747647658956:,1747647671043
counter/3/0/0/0,11166:1747647658956:,1747647671043
counter/3/0/0/0,11167:1747647658956:,1747647671043
counter/8/0/0/0,10609:1747647657602:,1747647671043
counter/8/0/0/0,10610:1747647657602:,1747647671043
counter/8/0/0/0,10611:1747647657602:,1747647671044
counter/3/0/0/0,11168:1747647658956:,1747647671044
counter/8/0/0/0,10612:1747647657602:,1747647671044
counter/3/0/0/0,11169:1747647658956:,1747647671044
counter/8/0/0/0,10613:1747647657602:,1747647671044
counter/4/0/0/0,10923:1747647659358:,1747647671044
counter/8/0/0/0,10614:1747647657606:,1747647671045
counter/8/0/0/0,10615:1747647657606:,1747647671045
counter/8/0/0/0,10616:1747647657606:,1747647671045
counter/8/0/0/0,10617:1747647657606:,1747647671045
counter/3/0/0/0,11170:1747647658958:,1747647671045
counter/8/0/0/0,10618:1747647657606:,1747647671045
counter/3/0/0/0,11171:1747647658958:,1747647671045
counter/10/0/0/0,9836:1747647657704:,1747647671045
counter/3/0/0/0,11172:1747647658958:,1747647671045
counter/2/0/0/0,10583:1747647657053:,1747647671045
counter/2/0/0/0,10584:1747647657053:,1747647671045
counter/2/0/0/0,10585:1747647657053:,1747647671045
counter/2/0/0/0,10586:1747647657053:,1747647671045
counter/2/0/0/0,10587:1747647657053:,1747647671046
counter/2/0/0/0,10588:1747647657053:,1747647671046
counter/2/0/0/0,10589:1747647657054:,1747647671046
counter/2/0/0/0,10590:1747647657054:,1747647671046
counter/2/0/0/0,10591:1747647657054:,1747647671046
counter/2/0/0/0,10592:1747647657054:,1747647671046
counter/2/0/0/0,10593:1747647657054:,1747647671046
counter/3/0/0/0,11173:1747647658968:,1747647671046
counter/10/0/0/0,9837:1747647657704:,1747647671046
counter/4/0/0/0,10924:1747647659358:,1747647671046
counter/4/0/0/0,10925:1747647659358:,1747647671046
counter/9/0/0/0,11091:1747647657887:,1747647671046
counter/9/0/0/0,11092:1747647657887:,1747647671046
counter/9/0/0/0,11093:1747647657887:,1747647671046
counter/9/0/0/0,11094:1747647657887:,1747647671046
counter/9/0/0/0,11095:1747647657887:,1747647671046
counter/5/0/0/0,10530:1747647657661:,1747647671046
counter/5/0/0/0,10531:1747647657661:,1747647671046
counter/5/0/0/0,10532:1747647657661:,1747647671046
counter/5/0/0/0,10533:1747647657661:,1747647671046
counter/6/0/0/0,9911:1747647658126:,1747647671046
counter/6/0/0/0,9912:1747647658126:,1747647671046
counter/2/0/0/0,10594:1747647657058:,1747647671046
counter/2/0/0/0,10595:1747647657058:,1747647671046
counter/2/0/0/0,10596:1747647657058:,1747647671046
counter/2/0/0/0,10597:1747647657058:,1747647671047
counter/2/0/0/0,10598:1747647657058:,1747647671047
counter/2/0/0/0,10599:1747647657058:,1747647671047
counter/2/0/0/0,10600:1747647657058:,1747647671047
counter/4/0/0/0,10926:1747647659358:,1747647671047
counter/2/0/0/0,10601:1747647657058:,1747647671047
counter/4/0/0/0,10927:1747647659358:,1747647671047
counter/4/0/0/0,10928:1747647659361:,1747647671047
counter/8/0/0/0,10619:1747647657606:,1747647671047
counter/4/0/0/0,10929:1747647659362:,1747647671047
counter/7/0/0/0,10473:1747647658003:,1747647671047
counter/4/0/0/0,10930:1747647659362:,1747647671047
counter/7/0/0/0,10474:1747647658003:,1747647671047
counter/4/0/0/0,10931:1747647659362:,1747647671047
counter/7/0/0/0,10475:1747647658003:,1747647671047
counter/4/0/0/0,10932:1747647659363:,1747647671047
counter/7/0/0/0,10476:1747647658003:,1747647671047
counter/4/0/0/0,10933:1747647659363:,1747647671048
counter/7/0/0/0,10477:1747647658003:,1747647671048
counter/7/0/0/0,10478:1747647658003:,1747647671048
counter/7/0/0/0,10479:1747647658003:,1747647671048
counter/7/0/0/0,10480:1747647658003:,1747647671048
counter/7/0/0/0,10481:1747647658003:,1747647671048
counter/7/0/0/0,10482:1747647658009:,1747647671048
counter/7/0/0/0,10483:1747647658009:,1747647671048
counter/7/0/0/0,10484:1747647658009:,1747647671048
counter/8/0/0/0,10620:1747647657606:,1747647671048
counter/8/0/0/0,10621:1747647657613:,1747647671048
counter/8/0/0/0,10622:1747647657613:,1747647671048
counter/8/0/0/0,10623:1747647657613:,1747647671048
counter/6/0/0/0,9913:1747647658126:,1747647671048
counter/6/0/0/0,9914:1747647658126:,1747647671048
counter/6/0/0/0,9915:1747647658126:,1747647671048
counter/6/0/0/0,9916:1747647658126:,1747647671049
counter/6/0/0/0,9917:1747647658126:,1747647671049
counter/6/0/0/0,9918:1747647658126:,1747647671049
counter/6/0/0/0,9919:1747647658126:,1747647671049
counter/4/0/0/0,10934:1747647659395:,1747647671049
counter/7/0/0/0,10485:1747647658012:,1747647671049
counter/7/0/0/0,10486:1747647658012:,1747647671049
counter/7/0/0/0,10487:1747647658012:,1747647671049
counter/8/0/0/0,10624:1747647657613:,1747647671049
counter/8/0/0/0,10625:1747647657613:,1747647671049
counter/8/0/0/0,10626:1747647657618:,1747647671049
counter/8/0/0/0,10627:1747647657618:,1747647671049
counter/8/0/0/0,10628:1747647657618:,1747647671049
counter/8/0/0/0,10629:1747647657618:,1747647671049
counter/8/0/0/0,10630:1747647657618:,1747647671049
counter/8/0/0/0,10631:1747647657618:,1747647671049
counter/8/0/0/0,10632:1747647657618:,1747647671049
counter/1/0/0/0,11678:1747647658911:,1747647671049
counter/7/0/0/0,10488:1747647658012:,1747647671049
counter/1/0/0/0,11679:1747647658911:,1747647671049
counter/10/0/0/0,9838:1747647657705:,1747647671049
counter/5/0/0/0,10534:1747647657661:,1747647671050
counter/10/0/0/0,9839:1747647657705:,1747647671050
counter/7/0/0/0,10489:1747647658012:,1747647671050
counter/7/0/0/0,10490:1747647658023:,1747647671050
counter/7/0/0/0,10491:1747647658023:,1747647671050
counter/7/0/0/0,10492:1747647658023:,1747647671050
counter/7/0/0/0,10493:1747647658023:,1747647671050
counter/7/0/0/0,10494:1747647658029:,1747647671050
counter/8/0/0/0,10633:1747647657618:,1747647671050
counter/3/0/0/0,11174:1747647658968:,1747647671050
counter/3/0/0/0,11175:1747647658968:,1747647671052
counter/3/0/0/0,11176:1747647658968:,1747647671052
counter/6/0/0/0,9920:1747647658126:,1747647671052
counter/6/0/0/0,9921:1747647658128:,1747647671052
counter/6/0/0/0,9922:1747647658128:,1747647671052
counter/6/0/0/0,9923:1747647658128:,1747647671052
counter/6/0/0/0,9924:1747647658128:,1747647671052
counter/6/0/0/0,9925:1747647658129:,1747647671052
counter/1/0/0/0,11680:1747647658911:,1747647671052
counter/5/0/0/0,10535:1747647657662:,1747647671052
counter/10/0/0/0,9840:1747647657705:,1747647671052
counter/5/0/0/0,10536:1747647657662:,1747647671052
counter/5/0/0/0,10537:1747647657662:,1747647671052
counter/5/0/0/0,10538:1747647657662:,1747647671052
counter/5/0/0/0,10539:1747647657662:,1747647671053
counter/2/0/0/0,10602:1747647657058:,1747647671053
counter/5/0/0/0,10540:1747647657662:,1747647671053
counter/2/0/0/0,10603:1747647657058:,1747647671053
counter/5/0/0/0,10541:1747647657662:,1747647671053
counter/2/0/0/0,10604:1747647657058:,1747647671053
counter/2/0/0/0,10605:1747647657058:,1747647671053
counter/2/0/0/0,10606:1747647657076:,1747647671053
counter/3/0/0/0,11177:1747647658968:,1747647671053
counter/3/0/0/0,11178:1747647658968:,1747647671053
counter/3/0/0/0,11179:1747647658968:,1747647671053
counter/3/0/0/0,11180:1747647658968:,1747647671053
counter/3/0/0/0,11181:1747647658968:,1747647671053
counter/4/0/0/0,10935:1747647659395:,1747647671053
counter/10/0/0/0,9841:1747647657705:,1747647671053
counter/10/0/0/0,9842:1747647657705:,1747647671053
counter/10/0/0/0,9843:1747647657705:,1747647671053
counter/10/0/0/0,9844:1747647657708:,1747647671053
counter/10/0/0/0,9845:1747647657708:,1747647671053
counter/10/0/0/0,9846:1747647657708:,1747647671053
counter/5/0/0/0,10542:1747647657662:,1747647671054
counter/10/0/0/0,9847:1747647657708:,1747647671054
counter/5/0/0/0,10543:1747647657662:,1747647671054
counter/10/0/0/0,9848:1747647657708:,1747647671054
counter/5/0/0/0,10544:1747647657662:,1747647671055
counter/5/0/0/0,10545:1747647657662:,1747647671055
counter/5/0/0/0,10546:1747647657662:,1747647671055
counter/5/0/0/0,10547:1747647657662:,1747647671055
counter/5/0/0/0,10548:1747647657662:,1747647671055
counter/5/0/0/0,10549:1747647657664:,1747647671055
counter/5/0/0/0,10550:1747647657664:,1747647671055
counter/8/0/0/0,10634:1747647657627:,1747647671055
counter/5/0/0/0,10551:1747647657664:,1747647671055
counter/9/0/0/0,11096:1747647657887:,1747647671055
counter/5/0/0/0,10552:1747647657670:,1747647671055
counter/8/0/0/0,10635:1747647657627:,1747647671055
counter/6/0/0/0,9926:1747647658131:,1747647671055
counter/3/0/0/0,11182:1747647658974:,1747647671055
counter/3/0/0/0,11183:1747647658974:,1747647671055
counter/3/0/0/0,11184:1747647658974:,1747647671055
counter/3/0/0/0,11185:1747647658974:,1747647671056
counter/3/0/0/0,11186:1747647658974:,1747647671056
counter/3/0/0/0,11187:1747647658974:,1747647671056
counter/3/0/0/0,11188:1747647658974:,1747647671056
counter/3/0/0/0,11189:1747647658976:,1747647671056
counter/3/0/0/0,11190:1747647658976:,1747647671056
counter/10/0/0/0,9849:1747647657710:,1747647671056
counter/10/0/0/0,9850:1747647657710:,1747647671056
counter/10/0/0/0,9851:1747647657710:,1747647671056
counter/10/0/0/0,9852:1747647657710:,1747647671056
counter/10/0/0/0,9853:1747647657710:,1747647671057
counter/10/0/0/0,9854:1747647657711:,1747647671057
counter/10/0/0/0,9855:1747647657711:,1747647671057
counter/5/0/0/0,10553:1747647657671:,1747647671057
counter/8/0/0/0,10636:1747647657627:,1747647671057
counter/5/0/0/0,10554:1747647657673:,1747647671057
counter/9/0/0/0,11097:1747647657887:,1747647671057
counter/8/0/0/0,10637:1747647657627:,1747647671062
counter/8/0/0/0,10638:1747647657627:,1747647671062
counter/8/0/0/0,10639:1747647657627:,1747647671062
counter/8/0/0/0,10640:1747647657627:,1747647671062
counter/8/0/0/0,10641:1747647657627:,1747647671063
counter/8/0/0/0,10642:1747647657627:,1747647671063
counter/8/0/0/0,10643:1747647657627:,1747647671063
counter/8/0/0/0,10644:1747647657627:,1747647671063
counter/8/0/0/0,10645:1747647657627:,1747647671063
counter/10/0/0/0,9856:1747647657715:,1747647671063
counter/10/0/0/0,9857:1747647657715:,1747647671063
counter/10/0/0/0,9858:1747647657715:,1747647671063
counter/10/0/0/0,9859:1747647657715:,1747647671063
counter/10/0/0/0,9860:1747647657715:,1747647671063
counter/10/0/0/0,9861:1747647657715:,1747647671063
counter/3/0/0/0,11191:1747647658976:,1747647671063
counter/2/0/0/0,10607:1747647657077:,1747647671064
counter/1/0/0/0,11681:1747647658911:,1747647671064
counter/1/0/0/0,11682:1747647658911:,1747647671064
counter/1/0/0/0,11683:1747647658911:,1747647671064
counter/1/0/0/0,11684:1747647658911:,1747647671064
counter/1/0/0/0,11685:1747647658911:,1747647671064
counter/1/0/0/0,11686:1747647658913:,1747647671064
counter/1/0/0/0,11687:1747647658913:,1747647671064
counter/1/0/0/0,11688:1747647658913:,1747647671064
counter/1/0/0/0,11689:1747647658913:,1747647671064
counter/1/0/0/0,11690:1747647658913:,1747647671065
counter/1/0/0/0,11691:1747647658918:,1747647671065
counter/1/0/0/0,11692:1747647658918:,1747647671065
counter/1/0/0/0,11693:1747647658919:,1747647671065
counter/5/0/0/0,10555:1747647657673:,1747647671065
counter/3/0/0/0,11192:1747647658976:,1747647671065
counter/10/0/0/0,9862:1747647657715:,1747647671066
counter/10/0/0/0,9863:1747647657715:,1747647671066
counter/10/0/0/0,9864:1747647657724:,1747647671066
counter/10/0/0/0,9865:1747647657724:,1747647671066
counter/10/0/0/0,9866:1747647657724:,1747647671066
counter/10/0/0/0,9867:1747647657724:,1747647671066
counter/10/0/0/0,9868:1747647657727:,1747647671066
counter/10/0/0/0,9869:1747647657727:,1747647671066
counter/10/0/0/0,9870:1747647657727:,1747647671066
counter/10/0/0/0,9871:1747647657727:,1747647671066
counter/10/0/0/0,9872:1747647657727:,1747647671066
counter/10/0/0/0,9873:1747647657727:,1747647671066
counter/10/0/0/0,9874:1747647657727:,1747647671067
counter/2/0/0/0,10608:1747647657077:,1747647671067
counter/2/0/0/0,10609:1747647657077:,1747647671067
counter/2/0/0/0,10610:1747647657077:,1747647671067
counter/2/0/0/0,10611:1747647657077:,1747647671067
counter/2/0/0/0,10612:1747647657077:,1747647671067
counter/2/0/0/0,10613:1747647657077:,1747647671067
counter/2/0/0/0,10614:1747647657077:,1747647671067
counter/2/0/0/0,10615:1747647657089:,1747647671067
counter/2/0/0/0,10616:1747647657089:,1747647671067
counter/2/0/0/0,10617:1747647657089:,1747647671067
counter/2/0/0/0,10618:1747647657089:,1747647671067
counter/2/0/0/0,10619:1747647657101:,1747647671067
counter/2/0/0/0,10620:1747647657101:,1747647671067
counter/2/0/0/0,10621:1747647657101:,1747647671067
counter/3/0/0/0,11193:1747647658976:,1747647671068
counter/9/0/0/0,11098:1747647657887:,1747647671068
counter/10/0/0/0,9875:1747647657727:,1747647671068
counter/5/0/0/0,10556:1747647657673:,1747647671068
counter/2/0/0/0,10622:1747647657104:,1747647671070
counter/3/0/0/0,11194:1747647658976:,1747647671070
counter/9/0/0/0,11099:1747647657887:,1747647671070
counter/9/0/0/0,11100:1747647657887:,1747647671070
counter/9/0/0/0,11101:1747647657887:,1747647671070
counter/9/0/0/0,11102:1747647657887:,1747647671070
counter/9/0/0/0,11103:1747647657887:,1747647671070
counter/9/0/0/0,11104:1747647657888:,1747647671070
counter/9/0/0/0,11105:1747647657888:,1747647671070
counter/9/0/0/0,11106:1747647657888:,1747647671070
counter/9/0/0/0,11107:1747647657888:,1747647671070
counter/9/0/0/0,11108:1747647657888:,1747647671070
counter/9/0/0/0,11109:1747647657888:,1747647671070
counter/9/0/0/0,11110:1747647657888:,1747647671070
counter/9/0/0/0,11111:1747647657888:,1747647671070
counter/9/0/0/0,11112:1747647657888:,1747647671071
counter/9/0/0/0,11113:1747647657888:,1747647671071
counter/9/0/0/0,11114:1747647657888:,1747647671071
counter/9/0/0/0,11115:1747647657888:,1747647671071
counter/9/0/0/0,11116:1747647657888:,1747647671071
counter/9/0/0/0,11117:1747647657888:,1747647671071
counter/9/0/0/0,11118:1747647657894:,1747647671071
counter/5/0/0/0,10557:1747647657673:,1747647671071
$SYS/broker/uptime,238590 seconds,1747647671071
$SYS/broker/load/messages/received/1min,865821.95,1747647671072
$SYS/broker/load/messages/sent/1min,511977.79,1747647671072
$SYS/broker/load/publish/dropped/1min,348116.03,1747647671072
$SYS/broker/load/publish/received/1min,865798.52,1747647671072
$SYS/broker/load/publish/sent/1min,511946.21,1747647671072
$SYS/broker/load/bytes/received/1min,34094599.53,1747647671072
$SYS/broker/load/bytes/sent/1min,20000013.39,1747647671072
$SYS/broker/load/sockets/1min,3.34,1747647671072
$SYS/broker/load/connections/1min,3.34,1747647671072
$SYS/broker/load/messages/received/5min,725734.38,1747647671072
$SYS/broker/load/messages/sent/5min,355258.69,1747647671072
$SYS/broker/load/publish/dropped/5min,348738.23,1747647671072
$SYS/broker/load/publish/received/5min,725698.03,1747647671072
$SYS/broker/load/publish/sent/5min,355218.76,1747647671072
$SYS/broker/load/bytes/received/5min,28807411.26,1747647671072
$SYS/broker/load/bytes/sent/5min,13985782.65,1747647671072
$SYS/broker/load/sockets/5min,5.57,1747647671072
$SYS/broker/load/connections/5min,5.55,1747647671072
$SYS/broker/load/messages/received/15min,563098.01,1747647671072
$SYS/broker/load/messages/sent/15min,279357.48,1747647671072
$SYS/broker/load/publish/dropped/15min,256200.91,1747647671073
$SYS/broker/load/publish/received/15min,563017.39,1747647671073
$SYS/broker/load/publish/sent/15min,279280.43,1747647671073
$SYS/broker/load/bytes/received/15min,22380693.51,1747647671073
$SYS/broker/load/bytes/sent/15min,11018236.62,1747647671073
$SYS/broker/load/sockets/15min,12.13,1747647671073
$SYS/broker/load/connections/15min,12.07,1747647671073
$SYS/broker/messages/stored,44,1747647671073
$SYS/broker/store/messages/count,44,1747647671074
$SYS/broker/store/messages/bytes,365,1747647671074
$SYS/broker/retained messages/count,44,1747647671074
$SYS/broker/messages/received,77833340,1747647671074
$SYS/broker/messages/sent,31609266,1747647671074
$SYS/broker/publish/messages/received,77815865,1747647671074
$SYS/broker/publish/messages/sent,31591376,1747647671074
$SYS/broker/bytes/received,3100345507,1747647671074
$SYS/broker/bytes/sent,1248503904,1747647671074
$SYS/broker/publish/bytes/received,1620839044,1747647671074
$SYS/broker/publish/bytes/sent,647305944,1747647671074
counter/7/0/0/0,10495:1747647658029:,1747647671074
counter/4/0/0/0,10936:1747647659395:,1747647671074
counter/4/0/0/0,10937:1747647659398:,1747647671074
counter/4/0/0/0,10938:1747647659398:,1747647671074
counter/9/0/0/0,11119:1747647657894:,1747647671074
counter/4/0/0/0,10939:1747647659398:,1747647671075
counter/4/0/0/0,10940:1747647659398:,1747647671075
counter/4/0/0/0,10941:1747647659398:,1747647671075
counter/5/0/0/0,10558:1747647657673:,1747647671075
counter/5/0/0/0,10559:1747647657673:,1747647671075
counter/5/0/0/0,10560:1747647657673:,1747647671075
counter/7/0/0/0,10496:1747647658029:,1747647671075
counter/7/0/0/0,10497:1747647658029:,1747647671075
counter/7/0/0/0,10498:1747647658029:,1747647671075
counter/7/0/0/0,10499:1747647658029:,1747647671075
counter/7/0/0/0,10500:1747647658029:,1747647671075
counter/7/0/0/0,10501:1747647658029:,1747647671075
counter/7/0/0/0,10502:1747647658029:,1747647671075
counter/7/0/0/0,10503:1747647658029:,1747647671075
counter/7/0/0/0,10504:1747647658029:,1747647671075
counter/1/0/0/0,11694:1747647658919:,1747647671076
counter/7/0/0/0,10505:1747647658029:,1747647671076
counter/7/0/0/0,10506:1747647658029:,1747647671076
counter/4/0/0/0,10942:1747647659398:,1747647671076
counter/6/0/0/0,9927:1747647658131:,1747647671076
counter/1/0/0/0,11695:1747647658919:,1747647671076
counter/1/0/0/0,11696:1747647658919:,1747647671076
counter/1/0/0/0,11697:1747647658919:,1747647671076
counter/1/0/0/0,11698:1747647658919:,1747647671076
counter/1/0/0/0,11699:1747647658919:,1747647671076
counter/1/0/0/0,11700:1747647658920:,1747647671076
counter/1/0/0/0,11701:1747647658920:,1747647671076
counter/6/0/0/0,9928:1747647658131:,1747647671077
counter/7/0/0/0,10507:1747647658029:,1747647671077
counter/2/0/0/0,10623:1747647657104:,1747647671077
counter/4/0/0/0,10943:1747647659398:,1747647671077
counter/2/0/0/0,10624:1747647657104:,1747647671077
counter/5/0/0/0,10561:1747647657673:,1747647671077
counter/2/0/0/0,10625:1747647657104:,1747647671078
counter/2/0/0/0,10626:1747647657104:,1747647671078
counter/2/0/0/0,10627:1747647657104:,1747647671078
counter/2/0/0/0,10628:1747647657107:,1747647671078
counter/2/0/0/0,10629:1747647657107:,1747647671078
counter/2/0/0/0,10630:1747647657107:,1747647671078
counter/2/0/0/0,10631:1747647657107:,1747647671078
counter/2/0/0/0,10632:1747647657108:,1747647671078
counter/2/0/0/0,10633:1747647657108:,1747647671078
counter/7/0/0/0,10508:1747647658029:,1747647671078
counter/4/0/0/0,10944:1747647659398:,1747647671079
counter/2/0/0/0,10634:1747647657108:,1747647671080
counter/2/0/0/0,10635:1747647657108:,1747647671080
counter/1/0/0/0,11702:1747647658920:,1747647671080
counter/10/0/0/0,9876:1747647657727:,1747647671080
counter/3/0/0/0,11195:1747647658976:,1747647671081
counter/3/0/0/0,11196:1747647658997:,1747647671081
counter/3/0/0/0,11197:1747647658997:,1747647671081
counter/3/0/0/0,11198:1747647658997:,1747647671081
counter/6/0/0/0,9929:1747647658131:,1747647671081
counter/7/0/0/0,10509:1747647658029:,1747647671081
counter/7/0/0/0,10510:1747647658030:,1747647671081
counter/7/0/0/0,10511:1747647658030:,1747647671081
counter/7/0/0/0,10512:1747647658030:,1747647671081
counter/7/0/0/0,10513:1747647658030:,1747647671081
counter/4/0/0/0,10945:1747647659398:,1747647671081
counter/4/0/0/0,10946:1747647659398:,1747647671081
counter/4/0/0/0,10947:1747647659398:,1747647671082
counter/4/0/0/0,10948:1747647659398:,1747647671082
counter/4/0/0/0,10949:1747647659398:,1747647671082
counter/4/0/0/0,10950:1747647659398:,1747647671082
counter/4/0/0/0,10951:1747647659398:,1747647671082
counter/4/0/0/0,10952:1747647659400:,1747647671082
counter/4/0/0/0,10953:1747647659400:,1747647671082
counter/4/0/0/0,10954:1747647659400:,1747647671082
counter/1/0/0/0,11703:1747647658920:,1747647671082
counter/5/0/0/0,10562:1747647657673:,1747647671082
counter/2/0/0/0,10636:1747647657108:,1747647671082
counter/2/0/0/0,10637:1747647657116:,1747647671082
counter/2/0/0/0,10638:1747647657116:,1747647671082
counter/2/0/0/0,10639:1747647657116:,1747647671082
counter/2/0/0/0,10640:1747647657116:,1747647671082
counter/2/0/0/0,10641:1747647657116:,1747647671082
counter/2/0/0/0,10642:1747647657116:,1747647671082
counter/9/0/0/0,11120:1747647657894:,1747647671082
counter/5/0/0/0,10563:1747647657673:,1747647671084
counter/9/0/0/0,11121:1747647657894:,1747647671084
counter/5/0/0/0,10564:1747647657673:,1747647671084
counter/5/0/0/0,10565:1747647657673:,1747647671084
counter/5/0/0/0,10566:1747647657673:,1747647671084
counter/5/0/0/0,10567:1747647657674:,1747647671084
counter/7/0/0/0,10514:1747647658030:,1747647671084
counter/5/0/0/0,10568:1747647657674:,1747647671084
counter/8/0/0/0,10646:1747647657627:,1747647671084
counter/5/0/0/0,10569:1747647657674:,1747647671084
counter/8/0/0/0,10647:1747647657627:,1747647671084
counter/5/0/0/0,10570:1747647657675:,1747647671084
counter/8/0/0/0,10648:1747647657627:,1747647671084
counter/5/0/0/0,10571:1747647657675:,1747647671084
counter/8/0/0/0,10649:1747647657627:,1747647671084
counter/5/0/0/0,10572:1747647657675:,1747647671084
counter/8/0/0/0,10650:1747647657627:,1747647671084
counter/10/0/0/0,9877:1747647657727:,1747647671084
counter/5/0/0/0,10573:1747647657675:,1747647671084
counter/8/0/0/0,10651:1747647657627:,1747647671084
counter/10/0/0/0,9878:1747647657727:,1747647671084
counter/8/0/0/0,10652:1747647657628:,1747647671085
counter/10/0/0/0,9879:1747647657727:,1747647671085
counter/10/0/0/0,9880:1747647657727:,1747647671085
counter/4/0/0/0,10955:1747647659400:,1747647671085
counter/3/0/0/0,11199:1747647658998:,1747647671085
counter/4/0/0/0,10956:1747647659400:,1747647671085
counter/4/0/0/0,10957:1747647659400:,1747647671085
counter/4/0/0/0,10958:1747647659400:,1747647671085
counter/5/0/0/0,10574:1747647657675:,1747647671085
counter/1/0/0/0,11704:1747647658920:,1747647671085
counter/5/0/0/0,10575:1747647657675:,1747647671085
counter/9/0/0/0,11122:1747647657894:,1747647671085
counter/9/0/0/0,11123:1747647657894:,1747647671085
counter/9/0/0/0,11124:1747647657898:,1747647671085
counter/9/0/0/0,11125:1747647657898:,1747647671085
counter/9/0/0/0,11126:1747647657898:,1747647671085
counter/9/0/0/0,11127:1747647657898:,1747647671085
counter/9/0/0/0,11128:1747647657898:,1747647671085
counter/9/0/0/0,11129:1747647657898:,1747647671085
counter/9/0/0/0,11130:1747647657898:,1747647671085
counter/9/0/0/0,11131:1747647657898:,1747647671085
counter/9/0/0/0,11132:1747647657899:,1747647671085
counter/9/0/0/0,11133:1747647657900:,1747647671085
counter/9/0/0/0,11134:1747647657900:,1747647671085
counter/9/0/0/0,11135:1747647657900:,1747647671085
counter/9/0/0/0,11136:1747647657900:,1747647671085
counter/9/0/0/0,11137:1747647657900:,1747647671085
counter/9/0/0/0,11138:1747647657900:,1747647671086
counter/9/0/0/0,11139:1747647657900:,1747647671086
counter/9/0/0/0,11140:1747647657900:,1747647671086
counter/9/0/0/0,11141:1747647657900:,1747647671086
counter/9/0/0/0,11142:1747647657919:,1747647671086
counter/9/0/0/0,11143:1747647657919:,1747647671086
counter/9/0/0/0,11144:1747647657919:,1747647671086
counter/9/0/0/0,11145:1747647657919:,1747647671086
counter/9/0/0/0,11146:1747647657920:,1747647671086
counter/4/0/0/0,10959:1747647659400:,1747647671086
counter/4/0/0/0,10960:1747647659400:,1747647671086
counter/4/0/0/0,10961:1747647659405:,1747647671086
counter/4/0/0/0,10962:1747647659405:,1747647671086
counter/4/0/0/0,10963:1747647659405:,1747647671086
counter/4/0/0/0,10964:1747647659405:,1747647671086
counter/4/0/0/0,10965:1747647659405:,1747647671086
counter/4/0/0/0,10966:1747647659424:,1747647671086
counter/4/0/0/0,10967:1747647659427:,1747647671086
counter/4/0/0/0,10968:1747647659433:,1747647671086
counter/4/0/0/0,10969:1747647659433:,1747647671086
counter/4/0/0/0,10970:1747647659433:,1747647671086
counter/10/0/0/0,9881:1747647657727:,1747647671086
counter/8/0/0/0,10653:1747647657628:,1747647671086
counter/8/0/0/0,10654:1747647657628:,1747647671086
counter/8/0/0/0,10655:1747647657628:,1747647671086
counter/8/0/0/0,10656:1747647657628:,1747647671086
counter/8/0/0/0,10657:1747647657628:,1747647671087
counter/8/0/0/0,10658:1747647657628:,1747647671087
counter/6/0/0/0,9930:1747647658135:,1747647671087
counter/5/0/0/0,10576:1747647657675:,1747647671087
counter/5/0/0/0,10577:1747647657675:,1747647671087
counter/10/0/0/0,9882:1747647657727:,1747647671087
counter/9/0/0/0,11147:1747647657920:,1747647671087
counter/9/0/0/0,11148:1747647657920:,1747647671087
counter/9/0/0/0,11149:1747647657920:,1747647671087
counter/9/0/0/0,11150:1747647657920:,1747647671087
counter/9/0/0/0,11151:1747647657928:,1747647671087
counter/9/0/0/0,11152:1747647657928:,1747647671087
counter/9/0/0/0,11153:1747647657928:,1747647671087
counter/9/0/0/0,11154:1747647657928:,1747647671087
counter/9/0/0/0,11155:1747647657928:,1747647671087
counter/9/0/0/0,11156:1747647657928:,1747647671087
counter/8/0/0/0,10659:1747647657628:,1747647671088
counter/8/0/0/0,10660:1747647657628:,1747647671088
counter/8/0/0/0,10661:1747647657628:,1747647671088
counter/8/0/0/0,10662:1747647657630:,1747647671088
counter/9/0/0/0,11157:1747647657930:,1747647671088
counter/8/0/0/0,10663:1747647657630:,1747647671088
counter/8/0/0/0,10664:1747647657630:,1747647671088
counter/8/0/0/0,10665:1747647657631:,1747647671089
counter/6/0/0/0,9931:1747647658135:,1747647671089
counter/8/0/0/0,10666:1747647657636:,1747647671089
counter/6/0/0/0,9932:1747647658135:,1747647671089
counter/8/0/0/0,10667:1747647657636:,1747647671089
counter/6/0/0/0,9933:1747647658135:,1747647671089
counter/8/0/0/0,10668:1747647657636:,1747647671089
counter/6/0/0/0,9934:1747647658135:,1747647671089
counter/8/0/0/0,10669:1747647657636:,1747647671089
counter/6/0/0/0,9935:1747647658135:,1747647671089
counter/6/0/0/0,9936:1747647658135:,1747647671089
counter/6/0/0/0,9937:1747647658135:,1747647671090
counter/6/0/0/0,9938:1747647658135:,1747647671090
counter/6/0/0/0,9939:1747647658135:,1747647671090
counter/6/0/0/0,9940:1747647658136:,1747647671090
counter/10/0/0/0,9883:1747647657727:,1747647671090
counter/5/0/0/0,10578:1747647657679:,1747647671090
counter/7/0/0/0,10515:1747647658030:,1747647671090
counter/5/0/0/0,10579:1747647657679:,1747647671090
counter/5/0/0/0,10580:1747647657679:,1747647671090
counter/5/0/0/0,10581:1747647657679:,1747647671090
counter/8/0/0/0,10670:1747647657636:,1747647671090
counter/5/0/0/0,10582:1747647657679:,1747647671090
counter/8/0/0/0,10671:1747647657636:,1747647671090
counter/8/0/0/0,10672:1747647657636:,1747647671091
counter/8/0/0/0,10673:1747647657636:,1747647671091
counter/8/0/0/0,10674:1747647657636:,1747647671091
counter/8/0/0/0,10675:1747647657636:,1747647671091
counter/4/0/0/0,10971:1747647659433:,1747647671091
counter/4/0/0/0,10972:1747647659433:,1747647671091
counter/3/0/0/0,11200:1747647658998:,1747647671091
counter/8/0/0/0,10676:1747647657636:,1747647671091
counter/3/0/0/0,11201:1747647658998:,1747647671091
counter/2/0/0/0,10643:1747647657117:,1747647671091
counter/5/0/0/0,10583:1747647657679:,1747647671091
counter/6/0/0/0,9941:1747647658136:,1747647671091
counter/5/0/0/0,10584:1747647657680:,1747647671091
counter/1/0/0/0,11705:1747647658920:,1747647671092
counter/3/0/0/0,11202:1747647659001:,1747647671092
counter/6/0/0/0,9942:1747647658136:,1747647671092
counter/6/0/0/0,9943:1747647658137:,1747647671092
counter/6/0/0/0,9944:1747647658137:,1747647671092
counter/6/0/0/0,9945:1747647658137:,1747647671092
counter/5/0/0/0,10585:1747647657694:,1747647671092
counter/8/0/0/0,10677:1747647657636:,1747647671093
counter/8/0/0/0,10678:1747647657636:,1747647671093
counter/8/0/0/0,10679:1747647657636:,1747647671093
counter/8/0/0/0,10680:1747647657636:,1747647671094
counter/8/0/0/0,10681:1747647657636:,1747647671094
counter/8/0/0/0,10682:1747647657636:,1747647671094
counter/8/0/0/0,10683:1747647657636:,1747647671094
counter/9/0/0/0,11158:1747647657930:,1747647671094
counter/10/0/0/0,9884:1747647657727:,1747647671094
counter/10/0/0/0,9885:1747647657727:,1747647671094
counter/10/0/0/0,9886:1747647657727:,1747647671094
counter/10/0/0/0,9887:1747647657731:,1747647671094
counter/10/0/0/0,9888:1747647657731:,1747647671094
counter/1/0/0/0,11706:1747647658920:,1747647671094
counter/3/0/0/0,11203:1747647659001:,1747647671095
counter/4/0/0/0,10973:1747647659433:,1747647671095
counter/8/0/0/0,10684:1747647657636:,1747647671096
counter/6/0/0/0,9946:1747647658137:,1747647671096
counter/8/0/0/0,10685:1747647657637:,1747647671096
counter/6/0/0/0,9947:1747647658137:,1747647671096
counter/6/0/0/0,9948:1747647658137:,1747647671096
counter/6/0/0/0,9949:1747647658137:,1747647671096
counter/6/0/0/0,9950:1747647658137:,1747647671096
counter/6/0/0/0,9951:1747647658137:,1747647671096
counter/7/0/0/0,10516:1747647658031:,1747647671096
counter/6/0/0/0,9952:1747647658137:,1747647671096
counter/1/0/0/0,11707:1747647658920:,1747647671096
counter/1/0/0/0,11708:1747647658920:,1747647671096
counter/1/0/0/0,11709:1747647658939:,1747647671096
counter/1/0/0/0,11710:1747647658939:,1747647671097
counter/2/0/0/0,10644:1747647657117:,1747647671097
counter/3/0/0/0,11204:1747647659009:,1747647671097
counter/2/0/0/0,10645:1747647657117:,1747647671097
counter/2/0/0/0,10646:1747647657117:,1747647671097
counter/2/0/0/0,10647:1747647657117:,1747647671097
counter/10/0/0/0,9889:1747647657737:,1747647671097
counter/10/0/0/0,9890:1747647657737:,1747647671097
counter/10/0/0/0,9891:1747647657737:,1747647671097
counter/10/0/0/0,9892:1747647657738:,1747647671097
counter/10/0/0/0,9893:1747647657738:,1747647671097
counter/3/0/0/0,11205:1747647659009:,1747647671097
counter/9/0/0/0,11159:1747647657930:,1747647671097
counter/3/0/0/0,11206:1747647659009:,1747647671098
counter/9/0/0/0,11160:1747647657930:,1747647671098
counter/3/0/0/0,11207:1747647659009:,1747647671099
counter/9/0/0/0,11161:1747647657930:,1747647671099
counter/9/0/0/0,11162:1747647657930:,1747647671099
counter/9/0/0/0,11163:1747647657930:,1747647671099
counter/9/0/0/0,11164:1747647657931:,1747647671099
counter/9/0/0/0,11165:1747647657931:,1747647671099
counter/8/0/0/0,10686:1747647657638:,1747647671099
counter/9/0/0/0,11166:1747647657931:,1747647671099
counter/4/0/0/0,10974:1747647659433:,1747647671099
counter/3/0/0/0,11208:1747647659009:,1747647671099
counter/6/0/0/0,9953:1747647658137:,1747647671099
counter/8/0/0/0,10687:1747647657638:,1747647671099
counter/8/0/0/0,10688:1747647657638:,1747647671099
counter/8/0/0/0,10689:1747647657638:,1747647671099
counter/8/0/0/0,10690:1747647657638:,1747647671099
counter/8/0/0/0,10691:1747647657638:,1747647671099
counter/8/0/0/0,10692:1747647657638:,1747647671100
counter/8/0/0/0,10693:1747647657638:,1747647671100
counter/8/0/0/0,10694:1747647657638:,1747647671100
counter/8/0/0/0,10695:1747647657638:,1747647671100
counter/8/0/0/0,10696:1747647657638:,1747647671100
counter/8/0/0/0,10697:1747647657638:,1747647671100
counter/8/0/0/0,10698:1747647657638:,1747647671100
counter/8/0/0/0,10699:1747647657638:,1747647671100
counter/5/0/0/0,10586:1747647657694:,1747647671100
counter/8/0/0/0,10700:1747647657638:,1747647671100
counter/1/0/0/0,11711:1747647658939:,1747647671100
counter/3/0/0/0,11209:1747647659009:,1747647671101
counter/2/0/0/0,10648:1747647657117:,1747647671101
counter/5/0/0/0,10587:1747647657694:,1747647671102
counter/5/0/0/0,10588:1747647657694:,1747647671102
counter/5/0/0/0,10589:1747647657694:,1747647671102
counter/5/0/0/0,10590:1747647657694:,1747647671102
counter/5/0/0/0,10591:1747647657694:,1747647671102
counter/5/0/0/0,10592:1747647657694:,1747647671102
counter/5/0/0/0,10593:1747647657694:,1747647671102
counter/5/0/0/0,10594:1747647657694:,1747647671102
counter/8/0/0/0,10701:1747647657641:,1747647671102
counter/3/0/0/0,11210:1747647659009:,1747647671102
counter/2/0/0/0,10649:1747647657117:,1747647671102
counter/4/0/0/0,10975:1747647659433:,1747647671103
counter/4/0/0/0,10976:1747647659433:,1747647671103
counter/4/0/0/0,10977:1747647659433:,1747647671103
counter/4/0/0/0,10978:1747647659433:,1747647671103
counter/4/0/0/0,10979:1747647659439:,1747647671103
counter/4/0/0/0,10980:1747647659439:,1747647671104
counter/8/0/0/0,10702:1747647657641:,1747647671104
counter/8/0/0/0,10703:1747647657641:,1747647671104
counter/8/0/0/0,10704:1747647657641:,1747647671104
counter/8/0/0/0,10705:1747647657641:,1747647671104
counter/8/0/0/0,10706:1747647657641:,1747647671104
counter/8/0/0/0,10707:1747647657641:,1747647671104
counter/8/0/0/0,10708:1747647657641:,1747647671104
counter/8/0/0/0,10709:1747647657641:,1747647671104
counter/8/0/0/0,10710:1747647657641:,1747647671104
counter/8/0/0/0,10711:1747647657641:,1747647671104
counter/8/0/0/0,10712:1747647657641:,1747647671104
counter/8/0/0/0,10713:1747647657641:,1747647671104
counter/8/0/0/0,10714:1747647657643:,1747647671104
counter/8/0/0/0,10715:1747647657643:,1747647671104
counter/8/0/0/0,10716:1747647657643:,1747647671104
counter/8/0/0/0,10717:1747647657643:,1747647671104
counter/8/0/0/0,10718:1747647657643:,1747647671104
counter/8/0/0/0,10719:1747647657643:,1747647671104
counter/8/0/0/0,10720:1747647657643:,1747647671105
counter/8/0/0/0,10721:1747647657643:,1747647671105
counter/8/0/0/0,10722:1747647657644:,1747647671105
counter/8/0/0/0,10723:1747647657644:,1747647671105
counter/8/0/0/0,10724:1747647657644:,1747647671105
counter/6/0/0/0,9954:1747647658138:,1747647671105
counter/6/0/0/0,9955:1747647658138:,1747647671105
counter/6/0/0/0,9956:1747647658138:,1747647671105
counter/6/0/0/0,9957:1747647658140:,1747647671105
counter/6/0/0/0,9958:1747647658140:,1747647671105
counter/6/0/0/0,9959:1747647658140:,1747647671105
counter/6/0/0/0,9960:1747647658140:,1747647671105
counter/6/0/0/0,9961:1747647658140:,1747647671105
counter/2/0/0/0,10650:1747647657117:,1747647671105
counter/7/0/0/0,10517:1747647658031:,1747647671105
counter/7/0/0/0,10518:1747647658031:,1747647671105
counter/7/0/0/0,10519:1747647658031:,1747647671106
counter/8/0/0/0,10725:1747647657644:,1747647671106
counter/6/0/0/0,9962:1747647658140:,1747647671106
counter/6/0/0/0,9963:1747647658140:,1747647671106
counter/6/0/0/0,9964:1747647658140:,1747647671106
counter/6/0/0/0,9965:1747647658140:,1747647671106
counter/6/0/0/0,9966:1747647658140:,1747647671106
counter/1/0/0/0,11712:1747647658939:,1747647671106
counter/9/0/0/0,11167:1747647657931:,1747647671106
counter/3/0/0/0,11211:1747647659009:,1747647671106
counter/2/0/0/0,10651:1747647657117:,1747647671106
counter/2/0/0/0,10652:1747647657117:,1747647671106
counter/2/0/0/0,10653:1747647657117:,1747647671106
counter/5/0/0/0,10595:1747647657694:,1747647671107
counter/5/0/0/0,10596:1747647657694:,1747647671107
counter/2/0/0/0,10654:1747647657117:,1747647671107
counter/5/0/0/0,10597:1747647657700:,1747647671107
counter/10/0/0/0,9894:1747647657738:,1747647671107
counter/8/0/0/0,10726:1747647657647:,1747647671107
counter/5/0/0/0,10598:1747647657700:,1747647671107
counter/8/0/0/0,10727:1747647657647:,1747647671107
counter/5/0/0/0,10599:1747647657701:,1747647671107
counter/8/0/0/0,10728:1747647657647:,1747647671107
counter/8/0/0/0,10729:1747647657647:,1747647671108
counter/9/0/0/0,11168:1747647657931:,1747647671108
counter/3/0/0/0,11212:1747647659010:,1747647671108
counter/3/0/0/0,11213:1747647659010:,1747647671108
counter/5/0/0/0,10600:1747647657701:,1747647671109
counter/9/0/0/0,11169:1747647657931:,1747647671110
counter/4/0/0/0,10981:1747647659439:,1747647671110
counter/9/0/0/0,11170:1747647657931:,1747647671110
counter/6/0/0/0,9967:1747647658140:,1747647671110
counter/3/0/0/0,11214:1747647659010:,1747647671110
counter/7/0/0/0,10520:1747647658031:,1747647671110
counter/2/0/0/0,10655:1747647657117:,1747647671110
counter/2/0/0/0,10656:1747647657117:,1747647671110
counter/2/0/0/0,10657:1747647657117:,1747647671110
counter/2/0/0/0,10658:1747647657117:,1747647671110
counter/2/0/0/0,10659:1747647657117:,1747647671110
counter/2/0/0/0,10660:1747647657117:,1747647671111
counter/2/0/0/0,10661:1747647657117:,1747647671111
counter/7/0/0/0,10521:1747647658032:,1747647671111
counter/4/0/0/0,10982:1747647659439:,1747647671116
counter/10/0/0/0,9895:1747647657738:,1747647671116
counter/10/0/0/0,9896:1747647657738:,1747647671117
counter/10/0/0/0,9897:1747647657738:,1747647671117
counter/10/0/0/0,9898:1747647657738:,1747647671117
counter/10/0/0/0,9899:1747647657738:,1747647671117
counter/10/0/0/0,9900:1747647657738:,1747647671117
counter/10/0/0/0,9901:1747647657738:,1747647671117
counter/10/0/0/0,9902:1747647657738:,1747647671117
counter/10/0/0/0,9903:1747647657747:,1747647671117
counter/10/0/0/0,9904:1747647657747:,1747647671117
counter/7/0/0/0,10522:1747647658038:,1747647671117
counter/1/0/0/0,11713:1747647658939:,1747647671117
counter/5/0/0/0,10601:1747647657712:,1747647671118
counter/7/0/0/0,10523:1747647658038:,1747647671118
counter/10/0/0/0,9905:1747647657747:,1747647671118
counter/10/0/0/0,9906:1747647657747:,1747647671118
counter/10/0/0/0,9907:1747647657747:,1747647671118
counter/10/0/0/0,9908:1747647657747:,1747647671118
counter/10/0/0/0,9909:1747647657747:,1747647671118
counter/10/0/0/0,9910:1747647657747:,1747647671118
counter/8/0/0/0,10730:1747647657647:,1747647671118
counter/9/0/0/0,11171:1747647657931:,1747647671118
counter/1/0/0/0,11714:1747647658939:,1747647671119
counter/1/0/0/0,11715:1747647658939:,1747647671119
counter/1/0/0/0,11716:1747647658939:,1747647671120
counter/2/0/0/0,10662:1747647657117:,1747647671120
counter/1/0/0/0,11717:1747647658939:,1747647671120
counter/2/0/0/0,10663:1747647657126:,1747647671120
counter/2/0/0/0,10664:1747647657126:,1747647671120
counter/9/0/0/0,11172:1747647657931:,1747647671120
counter/5/0/0/0,10602:1747647657712:,1747647671120
counter/5/0/0/0,10603:1747647657712:,1747647671120
counter/5/0/0/0,10604:1747647657712:,1747647671120
counter/7/0/0/0,10524:1747647658039:,1747647671120
counter/6/0/0/0,9968:1747647658140:,1747647671121
counter/6/0/0/0,9969:1747647658140:,1747647671121
counter/6/0/0/0,9970:1747647658140:,1747647671121
counter/6/0/0/0,9971:1747647658140:,1747647671121
counter/6/0/0/0,9972:1747647658145:,1747647671121
counter/6/0/0/0,9973:1747647658145:,1747647671121
counter/6/0/0/0,9974:1747647658146:,1747647671121
counter/10/0/0/0,9911:1747647657747:,1747647671123
counter/8/0/0/0,10731:1747647657652:,1747647671123
counter/8/0/0/0,10732:1747647657652:,1747647671123
counter/8/0/0/0,10733:1747647657652:,1747647671123
counter/8/0/0/0,10734:1747647657652:,1747647671123
counter/5/0/0/0,10605:1747647657712:,1747647671125
counter/6/0/0/0,9975:1747647658146:,1747647671126
counter/6/0/0/0,9976:1747647658146:,1747647671126
counter/6/0/0/0,9977:1747647658146:,1747647671126
counter/6/0/0/0,9978:1747647658146:,1747647671126
counter/6/0/0/0,9979:1747647658146:,1747647671126
counter/6/0/0/0,9980:1747647658146:,1747647671126
counter/2/0/0/0,10665:1747647657126:,1747647671127
counter/5/0/0/0,10606:1747647657714:,1747647671127
counter/2/0/0/0,10666:1747647657126:,1747647671127
counter/2/0/0/0,10667:1747647657126:,1747647671127
counter/2/0/0/0,10668:1747647657126:,1747647671127
counter/2/0/0/0,10669:1747647657127:,1747647671127
counter/2/0/0/0,10670:1747647657127:,1747647671127
counter/2/0/0/0,10671:1747647657127:,1747647671127
counter/8/0/0/0,10735:1747647657652:,1747647671128
counter/1/0/0/0,11718:1747647658939:,1747647671128
counter/1/0/0/0,11719:1747647658939:,1747647671128
counter/1/0/0/0,11720:1747647658941:,1747647671128
counter/1/0/0/0,11721:1747647658949:,1747647671128
counter/8/0/0/0,10736:1747647657652:,1747647671128
counter/3/0/0/0,11215:1747647659010:,1747647671128
counter/3/0/0/0,11216:1747647659010:,1747647671128
counter/4/0/0/0,10983:1747647659439:,1747647671128
counter/7/0/0/0,10525:1747647658040:,1747647671129
counter/4/0/0/0,10984:1747647659439:,1747647671131
counter/4/0/0/0,10985:1747647659439:,1747647671131
counter/4/0/0/0,10986:1747647659439:,1747647671131
counter/3/0/0/0,11217:1747647659010:,1747647671131
counter/10/0/0/0,9912:1747647657747:,1747647671131
counter/10/0/0/0,9913:1747647657748:,1747647671131
counter/10/0/0/0,9914:1747647657748:,1747647671131
counter/7/0/0/0,10526:1747647658040:,1747647671132
counter/5/0/0/0,10607:1747647657719:,1747647671135
counter/3/0/0/0,11218:1747647659010:,1747647671136
counter/9/0/0/0,11173:1747647657931:,1747647671137
counter/9/0/0/0,11174:1747647657931:,1747647671137
counter/7/0/0/0,10527:1747647658040:,1747647671137
counter/9/0/0/0,11175:1747647657931:,1747647671137
counter/9/0/0/0,11176:1747647657931:,1747647671137
counter/7/0/0/0,10528:1747647658040:,1747647671137
counter/9/0/0/0,11177:1747647657931:,1747647671137
counter/9/0/0/0,11178:1747647657931:,1747647671137
counter/9/0/0/0,11179:1747647657937:,1747647671137
counter/9/0/0/0,11180:1747647657937:,1747647671137
counter/6/0/0/0,9981:1747647658146:,1747647671137
counter/10/0/0/0,9915:1747647657748:,1747647671138
counter/10/0/0/0,9916:1747647657748:,1747647671138
counter/10/0/0/0,9917:1747647657748:,1747647671138
counter/10/0/0/0,9918:1747647657748:,1747647671138
counter/10/0/0/0,9919:1747647657748:,1747647671138
counter/1/0/0/0,11722:1747647658950:,1747647671139
counter/9/0/0/0,11181:1747647657937:,1747647671139
counter/7/0/0/0,10529:1747647658040:,1747647671139
counter/7/0/0/0,10530:1747647658040:,1747647671139
counter/7/0/0/0,10531:1747647658040:,1747647671139
counter/7/0/0/0,10532:1747647658040:,1747647671139
counter/4/0/0/0,10987:1747647659439:,1747647671139
counter/6/0/0/0,9982:1747647658146:,1747647671139
counter/6/0/0/0,9983:1747647658146:,1747647671139
counter/6/0/0/0,9984:1747647658146:,1747647671140
counter/6/0/0/0,9985:1747647658146:,1747647671140
counter/9/0/0/0,11182:1747647657937:,1747647671140
counter/9/0/0/0,11183:1747647657937:,1747647671140
counter/7/0/0/0,10533:1747647658040:,1747647671140
counter/7/0/0/0,10534:1747647658040:,1747647671140
counter/7/0/0/0,10535:1747647658040:,1747647671140
counter/7/0/0/0,10536:1747647658040:,1747647671140
counter/7/0/0/0,10537:1747647658040:,1747647671140
counter/10/0/0/0,9920:1747647657750:,1747647671140
counter/10/0/0/0,9921:1747647657751:,1747647671141
counter/10/0/0/0,9922:1747647657751:,1747647671141
counter/10/0/0/0,9923:1747647657751:,1747647671141
counter/10/0/0/0,9924:1747647657751:,1747647671141
counter/3/0/0/0,11219:1747647659011:,1747647671141
counter/4/0/0/0,10988:1747647659439:,1747647671142
counter/7/0/0/0,10538:1747647658040:,1747647671142
counter/7/0/0/0,10539:1747647658040:,1747647671142
counter/7/0/0/0,10540:1747647658040:,1747647671142
counter/7/0/0/0,10541:1747647658042:,1747647671143
counter/7/0/0/0,10542:1747647658042:,1747647671143
counter/7/0/0/0,10543:1747647658042:,1747647671143
counter/7/0/0/0,10544:1747647658042:,1747647671143
counter/10/0/0/0,9925:1747647657751:,1747647671143
counter/10/0/0/0,9926:1747647657751:,1747647671143
counter/6/0/0/0,9986:1747647658146:,1747647671143
counter/6/0/0/0,9987:1747647658146:,1747647671143
counter/6/0/0/0,9988:1747647658146:,1747647671143
counter/6/0/0/0,9989:1747647658146:,1747647671143
counter/6/0/0/0,9990:1747647658146:,1747647671143
counter/6/0/0/0,9991:1747647658146:,1747647671143
counter/6/0/0/0,9992:1747647658146:,1747647671144
counter/6/0/0/0,9993:1747647658147:,1747647671144
counter/6/0/0/0,9994:1747647658147:,1747647671144
counter/6/0/0/0,9995:1747647658147:,1747647671144
counter/6/0/0/0,9996:1747647658147:,1747647671144
counter/6/0/0/0,9997:1747647658147:,1747647671144
counter/6/0/0/0,9998:1747647658147:,1747647671144
counter/6/0/0/0,9999:1747647658147:,1747647671144
counter/6/0/0/0,10000:1747647658147:,1747647671144
counter/4/0/0/0,10989:1747647659439:,1747647671144
counter/8/0/0/0,10737:1747647657652:,1747647671147
counter/2/0/0/0,10672:1747647657127:,1747647671148
counter/2/0/0/0,10673:1747647657127:,1747647671148
counter/2/0/0/0,10674:1747647657127:,1747647671148
counter/2/0/0/0,10675:1747647657127:,1747647671149
counter/2/0/0/0,10676:1747647657127:,1747647671149
counter/4/0/0/0,10990:1747647659439:,1747647671149
counter/8/0/0/0,10738:1747647657653:,1747647671149
counter/8/0/0/0,10739:1747647657653:,1747647671149
counter/8/0/0/0,10740:1747647657653:,1747647671149
counter/8/0/0/0,10741:1747647657653:,1747647671149
counter/5/0/0/0,10608:1747647657719:,1747647671149
counter/1/0/0/0,11723:1747647658951:,1747647671149
counter/1/0/0/0,11724:1747647658952:,1747647671149
counter/1/0/0/0,11725:1747647658953:,1747647671149
counter/3/0/0/0,11220:1747647659011:,1747647671150
counter/3/0/0/0,11221:1747647659011:,1747647671150
counter/9/0/0/0,11184:1747647657937:,1747647671150
counter/9/0/0/0,11185:1747647657937:,1747647671150
counter/9/0/0/0,11186:1747647657938:,1747647671150
counter/9/0/0/0,11187:1747647657942:,1747647671150
counter/9/0/0/0,11188:1747647657942:,1747647671150
counter/9/0/0/0,11189:1747647657942:,1747647671150
counter/2/0/0/0,10677:1747647657141:,1747647671150
counter/9/0/0/0,11190:1747647657942:,1747647671150
counter/4/0/0/0,10991:1747647659439:,1747647671150
counter/4/0/0/0,10992:1747647659439:,1747647671150
counter/4/0/0/0,10993:1747647659439:,1747647671150
counter/4/0/0/0,10994:1747647659439:,1747647671150
counter/4/0/0/0,10995:1747647659445:,1747647671150
counter/1/0/0/0,11726:1747647658954:,1747647671150
counter/3/0/0/0,11222:1747647659012:,1747647671150
counter/3/0/0/0,11223:1747647659012:,1747647671150
counter/9/0/0/0,11191:1747647657942:,1747647671150
counter/3/0/0/0,11224:1747647659012:,1747647671151
counter/9/0/0/0,11192:1747647657942:,1747647671151
counter/3/0/0/0,11225:1747647659012:,1747647671151
counter/10/0/0/0,9927:1747647657751:,1747647671159
counter/10/0/0/0,9928:1747647657751:,1747647671159
counter/10/0/0/0,9929:1747647657751:,1747647671159
counter/10/0/0/0,9930:1747647657751:,1747647671159
counter/10/0/0/0,9931:1747647657751:,1747647671159
counter/10/0/0/0,9932:1747647657751:,1747647671160
counter/10/0/0/0,9933:1747647657751:,1747647671160
counter/10/0/0/0,9934:1747647657752:,1747647671160
counter/10/0/0/0,9935:1747647657752:,1747647671160
counter/3/0/0/0,11226:1747647659012:,1747647671160
counter/3/0/0/0,11227:1747647659013:,1747647671160
counter/3/0/0/0,11228:1747647659013:,1747647671160
counter/1/0/0/0,11727:1747647658954:,1747647671161
counter/1/0/0/0,11728:1747647658954:,1747647671161
counter/1/0/0/0,11729:1747647658954:,1747647671161
counter/1/0/0/0,11730:1747647658954:,1747647671161
counter/9/0/0/0,11193:1747647657942:,1747647671161
counter/9/0/0/0,11194:1747647657942:,1747647671161
counter/6/0/0/0,10001:1747647658148:,1747647671161
counter/6/0/0/0,10002:1747647658148:,1747647671161
counter/6/0/0/0,10003:1747647658148:,1747647671161
counter/10/0/0/0,9936:1747647657752:,1747647671161
counter/10/0/0/0,9937:1747647657752:,1747647671161
counter/10/0/0/0,9938:1747647657752:,1747647671161
counter/6/0/0/0,10004:1747647658148:,1747647671161
counter/4/0/0/0,10996:1747647659446:,1747647671161
counter/4/0/0/0,10997:1747647659446:,1747647671162
counter/4/0/0/0,10998:1747647659446:,1747647671162
counter/4/0/0/0,10999:1747647659446:,1747647671162
counter/10/0/0/0,9939:1747647657752:,1747647671162
counter/6/0/0/0,10005:1747647658150:,1747647671162
counter/6/0/0/0,10006:1747647658150:,1747647671162
counter/6/0/0/0,10007:1747647658151:,1747647671163
counter/6/0/0/0,10008:1747647658151:,1747647671163
counter/6/0/0/0,10009:1747647658151:,1747647671163
counter/9/0/0/0,11195:1747647657942:,1747647671163
counter/3/0/0/0,11229:1747647659013:,1747647671164
counter/3/0/0/0,11230:1747647659016:,1747647671164
counter/3/0/0/0,11231:1747647659016:,1747647671164
counter/3/0/0/0,11232:1747647659016:,1747647671164
counter/3/0/0/0,11233:1747647659017:,1747647671164
counter/9/0/0/0,11196:1747647657981:,1747647671164
counter/10/0/0/0,9940:1747647657753:,1747647671164
counter/2/0/0/0,10678:1747647657141:,1747647671165
counter/10/0/0/0,9941:1747647657753:,1747647671165
counter/10/0/0/0,9942:1747647657753:,1747647671165
counter/10/0/0/0,9943:1747647657753:,1747647671165
counter/10/0/0/0,9944:1747647657753:,1747647671165
counter/10/0/0/0,9945:1747647657754:,1747647671165
counter/10/0/0/0,9946:1747647657754:,1747647671165
counter/10/0/0/0,9947:1747647657754:,1747647671165
counter/10/0/0/0,9948:1747647657754:,1747647671165
counter/10/0/0/0,9949:1747647657754:,1747647671165
counter/5/0/0/0,10609:1747647657719:,1747647671165
counter/5/0/0/0,10610:1747647657719:,1747647671165
counter/3/0/0/0,11234:1747647659017:,1747647671165
counter/9/0/0/0,11197:1747647657982:,1747647671165
counter/9/0/0/0,11198:1747647657983:,1747647671165
counter/9/0/0/0,11199:1747647657983:,1747647671166
counter/9/0/0/0,11200:1747647657983:,1747647671166
counter/9/0/0/0,11201:1747647657983:,1747647671166
counter/9/0/0/0,11202:1747647657983:,1747647671166
counter/10/0/0/0,9950:1747647657761:,1747647671166
counter/3/0/0/0,11235:1747647659017:,1747647671166
counter/3/0/0/0,11236:1747647659017:,1747647671166
counter/3/0/0/0,11237:1747647659017:,1747647671166
counter/4/0/0/0,11000:1747647659446:,1747647671166
counter/4/0/0/0,11001:1747647659446:,1747647671166
counter/4/0/0/0,11002:1747647659446:,1747647671166
counter/4/0/0/0,11003:1747647659446:,1747647671166
counter/4/0/0/0,11004:1747647659446:,1747647671166
counter/4/0/0/0,11005:1747647659446:,1747647671166
counter/4/0/0/0,11006:1747647659446:,1747647671166
counter/4/0/0/0,11007:1747647659446:,1747647671166
counter/8/0/0/0,10742:1747647657654:,1747647671166
counter/7/0/0/0,10545:1747647658042:,1747647671167
counter/7/0/0/0,10546:1747647658042:,1747647671167
counter/7/0/0/0,10547:1747647658042:,1747647671167
counter/5/0/0/0,10611:1747647657719:,1747647671167
counter/1/0/0/0,11731:1747647658964:,1747647671167
counter/6/0/0/0,10010:1747647658151:,1747647671167
counter/3/0/0/0,11238:1747647659017:,1747647671167
counter/3/0/0/0,11239:1747647659017:,1747647671168
counter/10/0/0/0,9951:1747647657761:,1747647671168
counter/10/0/0/0,9952:1747647657761:,1747647671168
counter/1/0/0/0,11732:1747647658981:,1747647671168
counter/3/0/0/0,11240:1747647659017:,1747647671168
counter/10/0/0/0,9953:1747647657761:,1747647671168
counter/6/0/0/0,10011:1747647658151:,1747647671169
counter/2/0/0/0,10679:1747647657141:,1747647671169
counter/2/0/0/0,10680:1747647657150:,1747647671169
counter/2/0/0/0,10681:1747647657150:,1747647671169
counter/2/0/0/0,10682:1747647657150:,1747647671169
counter/8/0/0/0,10743:1747647657654:,1747647671170
counter/2/0/0/0,10683:1747647657150:,1747647671170
counter/8/0/0/0,10744:1747647657654:,1747647671170
counter/6/0/0/0,10012:1747647658155:,1747647671170
counter/8/0/0/0,10745:1747647657654:,1747647671171
counter/10/0/0/0,9954:1747647657761:,1747647671172
counter/8/0/0/0,10746:1747647657654:,1747647671172
counter/10/0/0/0,9955:1747647657761:,1747647671173
counter/10/0/0/0,9956:1747647657761:,1747647671173
counter/10/0/0/0,9957:1747647657761:,1747647671173
counter/8/0/0/0,10747:1747647657654:,1747647671173
counter/7/0/0/0,10548:1747647658042:,1747647671173
counter/7/0/0/0,10549:1747647658042:,1747647671173
counter/7/0/0/0,10550:1747647658042:,1747647671173
counter/7/0/0/0,10551:1747647658042:,1747647671173
counter/7/0/0/0,10552:1747647658050:,1747647671173
counter/7/0/0/0,10553:1747647658050:,1747647671173
counter/7/0/0/0,10554:1747647658050:,1747647671173
counter/3/0/0/0,11241:1747647659017:,1747647671173
counter/2/0/0/0,10684:1747647657150:,1747647671173
counter/8/0/0/0,10748:1747647657654:,1747647671174
counter/6/0/0/0,10013:1747647658155:,1747647671175
counter/8/0/0/0,10749:1747647657654:,1747647671175
counter/3/0/0/0,11242:1747647659017:,1747647671176
counter/3/0/0/0,11243:1747647659017:,1747647671176
counter/3/0/0/0,11244:1747647659017:,1747647671176
counter/3/0/0/0,11245:1747647659017:,1747647671176
counter/3/0/0/0,11246:1747647659017:,1747647671176
counter/3/0/0/0,11247:1747647659017:,1747647671176
counter/3/0/0/0,11248:1747647659017:,1747647671176
counter/3/0/0/0,11249:1747647659017:,1747647671176
counter/3/0/0/0,11250:1747647659021:,1747647671176
counter/3/0/0/0,11251:1747647659021:,1747647671176
counter/3/0/0/0,11252:1747647659021:,1747647671176
counter/3/0/0/0,11253:1747647659021:,1747647671176
counter/3/0/0/0,11254:1747647659021:,1747647671177
counter/1/0/0/0,11733:1747647658981:,1747647671177
counter/4/0/0/0,11008:1747647659446:,1747647671178
counter/6/0/0/0,10014:1747647658155:,1747647671178
counter/8/0/0/0,10750:1747647657654:,1747647671180
counter/5/0/0/0,10612:1747647657719:,1747647671180
counter/8/0/0/0,10751:1747647657654:,1747647671181
counter/5/0/0/0,10613:1747647657719:,1747647671181
counter/4/0/0/0,11009:1747647659446:,1747647671184
counter/4/0/0/0,11010:1747647659446:,1747647671184
counter/4/0/0/0,11011:1747647659446:,1747647671184
counter/4/0/0/0,11012:1747647659446:,1747647671184
counter/10/0/0/0,9958:1747647657762:,1747647671184
counter/4/0/0/0,11013:1747647659448:,1747647671184
counter/10/0/0/0,9959:1747647657762:,1747647671184
counter/10/0/0/0,9960:1747647657762:,1747647671184
counter/3/0/0/0,11255:1747647659021:,1747647671184
counter/10/0/0/0,9961:1747647657762:,1747647671185
counter/8/0/0/0,10752:1747647657660:,1747647671185
counter/1/0/0/0,11734:1747647658981:,1747647671186
counter/3/0/0/0,11256:1747647659021:,1747647671186
counter/3/0/0/0,11257:1747647659021:,1747647671186
counter/3/0/0/0,11258:1747647659021:,1747647671186
counter/2/0/0/0,10685:1747647657150:,1747647671186
counter/1/0/0/0,11735:1747647658981:,1747647671186
counter/4/0/0/0,11014:1747647659450:,1747647671186
counter/7/0/0/0,10555:1747647658051:,1747647671187
counter/7/0/0/0,10556:1747647658051:,1747647671187
counter/10/0/0/0,9962:1747647657762:,1747647671187
counter/1/0/0/0,11736:1747647658981:,1747647671189
counter/1/0/0/0,11737:1747647658981:,1747647671189
counter/1/0/0/0,11738:1747647658981:,1747647671189
counter/1/0/0/0,11739:1747647658981:,1747647671189
counter/1/0/0/0,11740:1747647658982:,1747647671189
counter/1/0/0/0,11741:1747647658983:,1747647671189
counter/1/0/0/0,11742:1747647658983:,1747647671189
counter/7/0/0/0,10557:1747647658051:,1747647671189
counter/10/0/0/0,9963:1747647657762:,1747647671190
counter/8/0/0/0,10753:1747647657660:,1747647671190
counter/6/0/0/0,10015:1747647658155:,1747647671190
counter/8/0/0/0,10754:1747647657660:,1747647671190
counter/8/0/0/0,10755:1747647657660:,1747647671190
counter/2/0/0/0,10686:1747647657150:,1747647671190
counter/5/0/0/0,10614:1747647657719:,1747647671190
counter/4/0/0/0,11015:1747647659450:,1747647671190
counter/5/0/0/0,10615:1747647657719:,1747647671190
counter/2/0/0/0,10687:1747647657150:,1747647671190
counter/7/0/0/0,10558:1747647658051:,1747647671190
counter/4/0/0/0,11016:1747647659450:,1747647671190
counter/2/0/0/0,10688:1747647657150:,1747647671192
counter/6/0/0/0,10016:1747647658155:,1747647671192
counter/2/0/0/0,10689:1747647657153:,1747647671192
counter/2/0/0/0,10690:1747647657173:,1747647671192
counter/2/0/0/0,10691:1747647657173:,1747647671192
counter/2/0/0/0,10692:1747647657173:,1747647671192
counter/2/0/0/0,10693:1747647657173:,1747647671193
counter/2/0/0/0,10694:1747647657173:,1747647671193
counter/2/0/0/0,10695:1747647657173:,1747647671193
counter/3/0/0/0,11259:1747647659021:,1747647671193
counter/6/0/0/0,10017:1747647658155:,1747647671193
counter/10/0/0/0,9964:1747647657762:,1747647671193
counter/3/0/0/0,11260:1747647659021:,1747647671193
counter/5/0/0/0,10616:1747647657719:,1747647671195
counter/8/0/0/0,10756:1747647657660:,1747647671196
counter/7/0/0/0,10559:1747647658051:,1747647671196
counter/7/0/0/0,10560:1747647658051:,1747647671196
counter/7/0/0/0,10561:1747647658051:,1747647671196
counter/7/0/0/0,10562:1747647658051:,1747647671196
counter/6/0/0/0,10018:1747647658155:,1747647671196
counter/9/0/0/0,11203:1747647657983:,1747647671200
counter/9/0/0/0,11204:1747647657983:,1747647671200
counter/1/0/0/0,11743:1747647658998:,1747647671200
counter/6/0/0/0,10019:1747647658155:,1747647671200
counter/6/0/0/0,10020:1747647658155:,1747647671200
counter/6/0/0/0,10021:1747647658155:,1747647671200
counter/8/0/0/0,10757:1747647657667:,1747647671201
counter/5/0/0/0,10617:1747647657719:,1747647671202
counter/1/0/0/0,11744:1747647658998:,1747647671203
counter/9/0/0/0,11205:1747647657983:,1747647671203
counter/9/0/0/0,11206:1747647657983:,1747647671203
counter/9/0/0/0,11207:1747647657983:,1747647671203
counter/9/0/0/0,11208:1747647657998:,1747647671203
counter/9/0/0/0,11209:1747647657998:,1747647671203
counter/8/0/0/0,10758:1747647657667:,1747647671203
counter/8/0/0/0,10759:1747647657667:,1747647671203
counter/8/0/0/0,10760:1747647657667:,1747647671203
counter/8/0/0/0,10761:1747647657668:,1747647671204
counter/8/0/0/0,10762:1747647657668:,1747647671204
counter/8/0/0/0,10763:1747647657668:,1747647671204
counter/8/0/0/0,10764:1747647657668:,1747647671204
counter/3/0/0/0,11261:1747647659021:,1747647671204
counter/4/0/0/0,11017:1747647659450:,1747647671204
counter/7/0/0/0,10563:1747647658051:,1747647671204
counter/7/0/0/0,10564:1747647658051:,1747647671204
counter/7/0/0/0,10565:1747647658051:,1747647671204
counter/10/0/0/0,9965:1747647657762:,1747647671204
counter/1/0/0/0,11745:1747647658998:,1747647671204
counter/1/0/0/0,11746:1747647658998:,1747647671204
counter/3/0/0/0,11262:1747647659021:,1747647671204
counter/4/0/0/0,11018:1747647659450:,1747647671204
counter/4/0/0/0,11019:1747647659452:,1747647671204
counter/4/0/0/0,11020:1747647659453:,1747647671204
counter/4/0/0/0,11021:1747647659453:,1747647671204
counter/4/0/0/0,11022:1747647659453:,1747647671204
counter/6/0/0/0,10022:1747647658155:,1747647671206
counter/6/0/0/0,10023:1747647658155:,1747647671206
counter/6/0/0/0,10024:1747647658155:,1747647671207
counter/6/0/0/0,10025:1747647658155:,1747647671207
counter/6/0/0/0,10026:1747647658155:,1747647671207
counter/6/0/0/0,10027:1747647658155:,1747647671207
counter/6/0/0/0,10028:1747647658155:,1747647671207
counter/6/0/0/0,10029:1747647658155:,1747647671207
counter/6/0/0/0,10030:1747647658160:,1747647671207
counter/6/0/0/0,10031:1747647658160:,1747647671207
counter/6/0/0/0,10032:1747647658160:,1747647671207
counter/6/0/0/0,10033:1747647658161:,1747647671207
counter/6/0/0/0,10034:1747647658162:,1747647671207
counter/6/0/0/0,10035:1747647658162:,1747647671207
counter/6/0/0/0,10036:1747647658162:,1747647671207
counter/10/0/0/0,9966:1747647657762:,1747647671207
counter/1/0/0/0,11747:1747647658999:,1747647671208
counter/6/0/0/0,10037:1747647658164:,1747647671209
counter/10/0/0/0,9967:1747647657762:,1747647671209
counter/9/0/0/0,11210:1747647657998:,1747647671210
counter/9/0/0/0,11211:1747647657998:,1747647671211
counter/9/0/0/0,11212:1747647657998:,1747647671211
counter/9/0/0/0,11213:1747647657998:,1747647671211
counter/9/0/0/0,11214:1747647657998:,1747647671211
counter/9/0/0/0,11215:1747647657998:,1747647671211
counter/9/0/0/0,11216:1747647657998:,1747647671211
counter/9/0/0/0,11217:1747647657998:,1747647671211
counter/10/0/0/0,9968:1747647657764:,1747647671211
counter/3/0/0/0,11263:1747647659025:,1747647671211
counter/10/0/0/0,9969:1747647657764:,1747647671212
counter/10/0/0/0,9970:1747647657764:,1747647671212
counter/10/0/0/0,9971:1747647657764:,1747647671212
counter/10/0/0/0,9972:1747647657764:,1747647671212
counter/10/0/0/0,9973:1747647657765:,1747647671212
counter/6/0/0/0,10038:1747647658165:,1747647671212
counter/7/0/0/0,10566:1747647658058:,1747647671213
counter/2/0/0/0,10696:1747647657173:,1747647671214
counter/7/0/0/0,10567:1747647658058:,1747647671214
counter/9/0/0/0,11218:1747647657998:,1747647671214
counter/7/0/0/0,10568:1747647658058:,1747647671215
counter/4/0/0/0,11023:1747647659453:,1747647671215
counter/7/0/0/0,10569:1747647658058:,1747647671215
counter/8/0/0/0,10765:1747647657668:,1747647671215
counter/1/0/0/0,11748:1747647658999:,1747647671215
counter/1/0/0/0,11749:1747647658999:,1747647671215
counter/10/0/0/0,9974:1747647657765:,1747647671215
counter/10/0/0/0,9975:1747647657765:,1747647671215
counter/7/0/0/0,10570:1747647658058:,1747647671215
counter/7/0/0/0,10571:1747647658058:,1747647671215
counter/7/0/0/0,10572:1747647658058:,1747647671215
counter/7/0/0/0,10573:1747647658058:,1747647671216
counter/4/0/0/0,11024:1747647659453:,1747647671216
counter/1/0/0/0,11750:1747647658999:,1747647671216
counter/1/0/0/0,11751:1747647658999:,1747647671216
counter/1/0/0/0,11752:1747647658999:,1747647671216
counter/1/0/0/0,11753:1747647658999:,1747647671216
counter/1/0/0/0,11754:1747647658999:,1747647671216
counter/1/0/0/0,11755:1747647658999:,1747647671216
counter/1/0/0/0,11756:1747647658999:,1747647671216
counter/1/0/0/0,11757:1747647658999:,1747647671216
counter/1/0/0/0,11758:1747647658999:,1747647671216
counter/8/0/0/0,10766:1747647657668:,1747647671216
counter/8/0/0/0,10767:1747647657668:,1747647671216
counter/10/0/0/0,9976:1747647657765:,1747647671217
counter/10/0/0/0,9977:1747647657765:,1747647671217
counter/10/0/0/0,9978:1747647657766:,1747647671217
counter/10/0/0/0,9979:1747647657766:,1747647671217
counter/10/0/0/0,9980:1747647657766:,1747647671217
counter/5/0/0/0,10618:1747647657719:,1747647671217
counter/1/0/0/0,11759:1747647659002:,1747647671217
counter/1/0/0/0,11760:1747647659003:,1747647671217
counter/2/0/0/0,10697:1747647657173:,1747647671217
counter/2/0/0/0,10698:1747647657173:,1747647671217
counter/2/0/0/0,10699:1747647657173:,1747647671217
counter/2/0/0/0,10700:1747647657173:,1747647671217
counter/2/0/0/0,10701:1747647657173:,1747647671217
counter/3/0/0/0,11264:1747647659025:,1747647671218
counter/9/0/0/0,11219:1747647657998:,1747647671218
counter/3/0/0/0,11265:1747647659025:,1747647671218
counter/3/0/0/0,11266:1747647659025:,1747647671218
counter/3/0/0/0,11267:1747647659025:,1747647671218
counter/3/0/0/0,11268:1747647659025:,1747647671218
counter/10/0/0/0,9981:1747647657766:,1747647671221
counter/9/0/0/0,11220:1747647657998:,1747647671221
counter/9/0/0/0,11221:1747647657998:,1747647671222
counter/9/0/0/0,11222:1747647657998:,1747647671222
counter/9/0/0/0,11223:1747647658012:,1747647671222
counter/9/0/0/0,11224:1747647658012:,1747647671222
counter/9/0/0/0,11225:1747647658012:,1747647671222
counter/9/0/0/0,11226:1747647658012:,1747647671222
counter/7/0/0/0,10574:1747647658058:,1747647671222
counter/4/0/0/0,11025:1747647659453:,1747647671223
counter/4/0/0/0,11026:1747647659453:,1747647671223
counter/4/0/0/0,11027:1747647659453:,1747647671223
counter/5/0/0/0,10619:1747647657719:,1747647671223
counter/5/0/0/0,10620:1747647657719:,1747647671223
counter/5/0/0/0,10621:1747647657719:,1747647671223
counter/5/0/0/0,10622:1747647657719:,1747647671223
counter/5/0/0/0,10623:1747647657719:,1747647671223
counter/5/0/0/0,10624:1747647657719:,1747647671223
counter/5/0/0/0,10625:1747647657719:,1747647671224
counter/5/0/0/0,10626:1747647657723:,1747647671224
counter/5/0/0/0,10627:1747647657723:,1747647671224
counter/5/0/0/0,10628:1747647657725:,1747647671224
counter/5/0/0/0,10629:1747647657725:,1747647671224
counter/5/0/0/0,10630:1747647657725:,1747647671224
counter/5/0/0/0,10631:1747647657725:,1747647671224
counter/5/0/0/0,10632:1747647657725:,1747647671224
counter/10/0/0/0,9982:1747647657766:,1747647671229
counter/10/0/0/0,9983:1747647657766:,1747647671229
counter/10/0/0/0,9984:1747647657766:,1747647671229
counter/10/0/0/0,9985:1747647657766:,1747647671229
counter/10/0/0/0,9986:1747647657766:,1747647671229
counter/1/0/0/0,11761:1747647659007:,1747647671229
counter/1/0/0/0,11762:1747647659010:,1747647671229
counter/8/0/0/0,10768:1747647657668:,1747647671230
counter/4/0/0/0,11028:1747647659453:,1747647671231
counter/4/0/0/0,11029:1747647659453:,1747647671231
counter/4/0/0/0,11030:1747647659453:,1747647671231
counter/8/0/0/0,10769:1747647657668:,1747647671232
counter/8/0/0/0,10770:1747647657668:,1747647671232
counter/8/0/0/0,10771:1747647657668:,1747647671232
counter/8/0/0/0,10772:1747647657668:,1747647671232
counter/8/0/0/0,10773:1747647657668:,1747647671232
counter/8/0/0/0,10774:1747647657668:,1747647671232
counter/8/0/0/0,10775:1747647657668:,1747647671232
counter/8/0/0/0,10776:1747647657668:,1747647671232
counter/1/0/0/0,11763:1747647659012:,1747647671234
counter/1/0/0/0,11764:1747647659012:,1747647671234
counter/1/0/0/0,11765:1747647659012:,1747647671234
counter/1/0/0/0,11766:1747647659017:,1747647671234
counter/1/0/0/0,11767:1747647659018:,1747647671234
counter/1/0/0/0,11768:1747647659018:,1747647671234
counter/1/0/0/0,11769:1747647659018:,1747647671234
counter/8/0/0/0,10777:1747647657668:,1747647671234
counter/8/0/0/0,10778:1747647657668:,1747647671235
counter/8/0/0/0,10779:1747647657668:,1747647671235
counter/8/0/0/0,10780:1747647657668:,1747647671235
counter/8/0/0/0,10781:1747647657668:,1747647671235
counter/8/0/0/0,10782:1747647657668:,1747647671235
counter/1/0/0/0,11770:1747647659018:,1747647671235
counter/1/0/0/0,11771:1747647659018:,1747647671235
counter/1/0/0/0,11772:1747647659018:,1747647671235
counter/1/0/0/0,11773:1747647659018:,1747647671236
counter/1/0/0/0,11774:1747647659018:,1747647671236
counter/1/0/0/0,11775:1747647659037:,1747647671236
counter/1/0/0/0,11776:1747647659047:,1747647671237
counter/4/0/0/0,11031:1747647659453:,1747647671237
counter/3/0/0/0,11269:1747647659025:,1747647671237
counter/1/0/0/0,11777:1747647659047:,1747647671237
counter/1/0/0/0,11778:1747647659047:,1747647671237
counter/1/0/0/0,11779:1747647659047:,1747647671237
counter/1/0/0/0,11780:1747647659047:,1747647671237
counter/1/0/0/0,11781:1747647659052:,1747647671238
counter/1/0/0/0,11782:1747647659052:,1747647671238
counter/1/0/0/0,11783:1747647659052:,1747647671238
counter/4/0/0/0,11032:1747647659453:,1747647671238
counter/8/0/0/0,10783:1747647657668:,1747647671238
counter/4/0/0/0,11033:1747647659453:,1747647671238
counter/6/0/0/0,10039:1747647658165:,1747647671238
counter/4/0/0/0,11034:1747647659454:,1747647671238
counter/4/0/0/0,11035:1747647659456:,1747647671238
counter/9/0/0/0,11227:1747647658012:,1747647671238
counter/9/0/0/0,11228:1747647658012:,1747647671240
counter/9/0/0/0,11229:1747647658012:,1747647671240
counter/9/0/0/0,11230:1747647658019:,1747647671240
counter/9/0/0/0,11231:1747647658020:,1747647671240
counter/8/0/0/0,10784:1747647657668:,1747647671244
counter/8/0/0/0,10785:1747647657668:,1747647671244
counter/8/0/0/0,10786:1747647657669:,1747647671244
counter/8/0/0/0,10787:1747647657672:,1747647671244
counter/6/0/0/0,10040:1747647658165:,1747647671247
counter/8/0/0/0,10788:1747647657672:,1747647671247
counter/8/0/0/0,10789:1747647657672:,1747647671247
counter/8/0/0/0,10790:1747647657672:,1747647671247
counter/8/0/0/0,10791:1747647657672:,1747647671247
counter/8/0/0/0,10792:1747647657672:,1747647671248
counter/8/0/0/0,10793:1747647657672:,1747647671248
counter/8/0/0/0,10794:1747647657672:,1747647671248
counter/8/0/0/0,10795:1747647657672:,1747647671248
counter/8/0/0/0,10796:1747647657672:,1747647671248
counter/8/0/0/0,10797:1747647657672:,1747647671248
counter/8/0/0/0,10798:1747647657678:,1747647671248
counter/8/0/0/0,10799:1747647657678:,1747647671248
counter/8/0/0/0,10800:1747647657678:,1747647671248
counter/8/0/0/0,10801:1747647657678:,1747647671248
counter/3/0/0/0,11270:1747647659025:,1747647671248
counter/5/0/0/0,10633:1747647657726:,1747647671248
counter/3/0/0/0,11271:1747647659025:,1747647671248
counter/2/0/0/0,10702:1747647657181:,1747647671248
counter/2/0/0/0,10703:1747647657181:,1747647671248
counter/6/0/0/0,10041:1747647658165:,1747647671248
counter/2/0/0/0,10704:1747647657181:,1747647671248
counter/10/0/0/0,9987:1747647657766:,1747647671248
counter/10/0/0/0,9988:1747647657766:,1747647671248
counter/10/0/0/0,9989:1747647657770:,1747647671248
counter/10/0/0/0,9990:1747647657770:,1747647671248
counter/10/0/0/0,9991:1747647657770:,1747647671249
counter/4/0/0/0,11036:1747647659456:,1747647671249
counter/8/0/0/0,10802:1747647657678:,1747647671249
counter/4/0/0/0,11037:1747647659456:,1747647671249
counter/3/0/0/0,11272:1747647659025:,1747647671250
counter/6/0/0/0,10042:1747647658165:,1747647671250
counter/1/0/0/0,11784:1747647659052:,1747647671250
counter/1/0/0/0,11785:1747647659052:,1747647671250
counter/1/0/0/0,11786:1747647659063:,1747647671250
counter/1/0/0/0,11787:1747647659063:,1747647671250
counter/1/0/0/0,11788:1747647659063:,1747647671250
counter/1/0/0/0,11789:1747647659063:,1747647671250
counter/1/0/0/0,11790:1747647659063:,1747647671251
counter/1/0/0/0,11791:1747647659063:,1747647671251
counter/1/0/0/0,11792:1747647659063:,1747647671251
counter/1/0/0/0,11793:1747647659063:,1747647671251
counter/1/0/0/0,11794:1747647659069:,1747647671251
counter/1/0/0/0,11795:1747647659069:,1747647671251
counter/1/0/0/0,11796:1747647659069:,1747647671251
counter/2/0/0/0,10705:1747647657189:,1747647671251
counter/1/0/0/0,11797:1747647659069:,1747647671251
counter/9/0/0/0,11232:1747647658020:,1747647671251
counter/5/0/0/0,10634:1747647657726:,1747647671251
counter/8/0/0/0,10803:1747647657678:,1747647671251
counter/10/0/0/0,9992:1747647657770:,1747647671252
counter/10/0/0/0,9993:1747647657770:,1747647671252
counter/10/0/0/0,9994:1747647657770:,1747647671252
counter/10/0/0/0,9995:1747647657770:,1747647671252
counter/10/0/0/0,9996:1747647657770:,1747647671252
counter/3/0/0/0,11273:1747647659036:,1747647671252
counter/1/0/0/0,11798:1747647659069:,1747647671252
counter/3/0/0/0,11274:1747647659036:,1747647671252
counter/5/0/0/0,10635:1747647657726:,1747647671253
counter/5/0/0/0,10636:1747647657726:,1747647671253
counter/5/0/0/0,10637:1747647657726:,1747647671253
counter/5/0/0/0,10638:1747647657726:,1747647671253
counter/4/0/0/0,11038:1747647659456:,1747647671253
counter/4/0/0/0,11039:1747647659456:,1747647671253
counter/4/0/0/0,11040:1747647659456:,1747647671253
counter/4/0/0/0,11041:1747647659456:,1747647671254
counter/4/0/0/0,11042:1747647659456:,1747647671254
counter/9/0/0/0,11233:1747647658020:,1747647671254
counter/3/0/0/0,11275:1747647659036:,1747647671254
counter/1/0/0/0,11799:1747647659069:,1747647671254
counter/9/0/0/0,11234:1747647658020:,1747647671254
counter/9/0/0/0,11235:1747647658020:,1747647671255
counter/9/0/0/0,11236:1747647658020:,1747647671255
counter/9/0/0/0,11237:1747647658020:,1747647671255
counter/9/0/0/0,11238:1747647658020:,1747647671255
counter/9/0/0/0,11239:1747647658020:,1747647671255
counter/3/0/0/0,11276:1747647659036:,1747647671255
counter/3/0/0/0,11277:1747647659036:,1747647671255
counter/8/0/0/0,10804:1747647657678:,1747647671255
counter/4/0/0/0,11043:1747647659457:,1747647671256
counter/4/0/0/0,11044:1747647659457:,1747647671256
counter/4/0/0/0,11045:1747647659457:,1747647671256
counter/4/0/0/0,11046:1747647659457:,1747647671256
counter/4/0/0/0,11047:1747647659457:,1747647671256
counter/5/0/0/0,10639:1747647657726:,1747647671257
counter/5/0/0/0,10640:1747647657728:,1747647671257
counter/5/0/0/0,10641:1747647657728:,1747647671257
counter/5/0/0/0,10642:1747647657728:,1747647671257
counter/5/0/0/0,10643:1747647657728:,1747647671257
counter/8/0/0/0,10805:1747647657678:,1747647671258
counter/4/0/0/0,11048:1747647659457:,1747647671258
counter/4/0/0/0,11049:1747647659457:,1747647671258
counter/4/0/0/0,11050:1747647659457:,1747647671258
counter/4/0/0/0,11051:1747647659457:,1747647671258
counter/4/0/0/0,11052:1747647659457:,1747647671258
counter/4/0/0/0,11053:1747647659457:,1747647671258
counter/4/0/0/0,11054:1747647659457:,1747647671258
counter/4/0/0/0,11055:1747647659457:,1747647671259
counter/4/0/0/0,11056:1747647659457:,1747647671259
counter/7/0/0/0,10575:1747647658058:,1747647671259
counter/10/0/0/0,9997:1747647657770:,1747647671259
counter/10/0/0/0,9998:1747647657770:,1747647671259
counter/10/0/0/0,9999:1747647657770:,1747647671259
counter/10/0/0/0,10000:1747647657770:,1747647671259
counter/10/0/0/0,10001:1747647657770:,1747647671259
counter/9/0/0/0,11240:1747647658036:,1747647671259
counter/1/0/0/0,11800:1747647659069:,1747647671259
counter/1/0/0/0,11801:1747647659069:,1747647671260
counter/8/0/0/0,10806:1747647657678:,1747647671260
counter/8/0/0/0,10807:1747647657678:,1747647671260
counter/8/0/0/0,10808:1747647657678:,1747647671260
counter/3/0/0/0,11278:1747647659036:,1747647671260
counter/4/0/0/0,11057:1747647659457:,1747647671260
counter/4/0/0/0,11058:1747647659457:,1747647671260
counter/4/0/0/0,11059:1747647659457:,1747647671260
counter/4/0/0/0,11060:1747647659457:,1747647671260
counter/7/0/0/0,10576:1747647658058:,1747647671260
counter/7/0/0/0,10577:1747647658058:,1747647671260
counter/7/0/0/0,10578:1747647658058:,1747647671260
counter/7/0/0/0,10579:1747647658058:,1747647671260
counter/2/0/0/0,10706:1747647657190:,1747647671261
counter/4/0/0/0,11061:1747647659457:,1747647671261
counter/2/0/0/0,10707:1747647657190:,1747647671261
counter/4/0/0/0,11062:1747647659457:,1747647671262
counter/2/0/0/0,10708:1747647657190:,1747647671262
counter/2/0/0/0,10709:1747647657190:,1747647671262
counter/2/0/0/0,10710:1747647657190:,1747647671262
counter/2/0/0/0,10711:1747647657190:,1747647671262
counter/7/0/0/0,10580:1747647658058:,1747647671262
counter/10/0/0/0,10002:1747647657774:,1747647671263
counter/1/0/0/0,11802:1747647659069:,1747647671263
counter/1/0/0/0,11803:1747647659069:,1747647671263
counter/1/0/0/0,11804:1747647659069:,1747647671263
counter/2/0/0/0,10712:1747647657206:,1747647671263
counter/10/0/0/0,10003:1747647657774:,1747647671264
counter/10/0/0/0,10004:1747647657774:,1747647671264
counter/10/0/0/0,10005:1747647657774:,1747647671264
counter/10/0/0/0,10006:1747647657774:,1747647671264
counter/10/0/0/0,10007:1747647657774:,1747647671264
counter/8/0/0/0,10809:1747647657678:,1747647671264
counter/6/0/0/0,10043:1747647658165:,1747647671264
counter/6/0/0/0,10044:1747647658165:,1747647671264
counter/6/0/0/0,10045:1747647658165:,1747647671264
counter/6/0/0/0,10046:1747647658165:,1747647671264
counter/6/0/0/0,10047:1747647658165:,1747647671264
counter/3/0/0/0,11279:1747647659036:,1747647671264
counter/4/0/0/0,11063:1747647659457:,1747647671264
counter/4/0/0/0,11064:1747647659457:,1747647671264
counter/4/0/0/0,11065:1747647659457:,1747647671264
counter/4/0/0/0,11066:1747647659457:,1747647671264
counter/9/0/0/0,11241:1747647658036:,1747647671264
counter/2/0/0/0,10713:1747647657206:,1747647671264
counter/10/0/0/0,10008:1747647657774:,1747647671264
counter/7/0/0/0,10581:1747647658058:,1747647671264
counter/8/0/0/0,10810:1747647657678:,1747647671265
counter/7/0/0/0,10582:1747647658058:,1747647671266
counter/10/0/0/0,10009:1747647657774:,1747647671266
counter/10/0/0/0,10010:1747647657774:,1747647671266
counter/2/0/0/0,10714:1747647657206:,1747647671266
counter/2/0/0/0,10715:1747647657206:,1747647671266
counter/2/0/0/0,10716:1747647657206:,1747647671266
counter/2/0/0/0,10717:1747647657206:,1747647671266
counter/2/0/0/0,10718:1747647657208:,1747647671266
counter/2/0/0/0,10719:1747647657208:,1747647671266
counter/5/0/0/0,10644:1747647657728:,1747647671266
counter/2/0/0/0,10720:1747647657208:,1747647671266
counter/5/0/0/0,10645:1747647657729:,1747647671267
counter/5/0/0/0,10646:1747647657729:,1747647671267
counter/5/0/0/0,10647:1747647657729:,1747647671267
counter/5/0/0/0,10648:1747647657729:,1747647671267
counter/5/0/0/0,10649:1747647657729:,1747647671267
counter/5/0/0/0,10650:1747647657729:,1747647671267
counter/5/0/0/0,10651:1747647657731:,1747647671267
counter/5/0/0/0,10652:1747647657731:,1747647671267
counter/5/0/0/0,10653:1747647657731:,1747647671267
counter/5/0/0/0,10654:1747647657731:,1747647671267
counter/4/0/0/0,11067:1747647659457:,1747647671267
counter/4/0/0/0,11068:1747647659457:,1747647671267
counter/9/0/0/0,11242:1747647658037:,1747647671268
counter/9/0/0/0,11243:1747647658037:,1747647671268
counter/9/0/0/0,11244:1747647658037:,1747647671268
counter/9/0/0/0,11245:1747647658037:,1747647671268
counter/9/0/0/0,11246:1747647658037:,1747647671268
counter/10/0/0/0,10011:1747647657774:,1747647671268
counter/9/0/0/0,11247:1747647658037:,1747647671268
counter/10/0/0/0,10012:1747647657774:,1747647671268
counter/9/0/0/0,11248:1747647658044:,1747647671268
counter/10/0/0/0,10013:1747647657775:,1747647671268
counter/10/0/0/0,10014:1747647657775:,1747647671268
counter/10/0/0/0,10015:1747647657775:,1747647671268
counter/10/0/0/0,10016:1747647657775:,1747647671268
counter/10/0/0/0,10017:1747647657775:,1747647671268
counter/10/0/0/0,10018:1747647657775:,1747647671268
counter/7/0/0/0,10583:1747647658058:,1747647671268
counter/7/0/0/0,10584:1747647658058:,1747647671268
counter/7/0/0/0,10585:1747647658058:,1747647671269
counter/7/0/0/0,10586:1747647658058:,1747647671269
counter/7/0/0/0,10587:1747647658058:,1747647671269
counter/7/0/0/0,10588:1747647658072:,1747647671269
counter/7/0/0/0,10589:1747647658074:,1747647671269
counter/7/0/0/0,10590:1747647658093:,1747647671269
counter/7/0/0/0,10591:1747647658095:,1747647671269
counter/7/0/0/0,10592:1747647658095:,1747647671269
counter/7/0/0/0,10593:1747647658097:,1747647671269
counter/7/0/0/0,10594:1747647658100:,1747647671269
counter/7/0/0/0,10595:1747647658100:,1747647671269
counter/6/0/0/0,10048:1747647658174:,1747647671269
counter/4/0/0/0,11069:1747647659463:,1747647671269
counter/4/0/0/0,11070:1747647659464:,1747647671269
counter/4/0/0/0,11071:1747647659464:,1747647671269
counter/4/0/0/0,11072:1747647659464:,1747647671270
counter/4/0/0/0,11073:1747647659468:,1747647671270
counter/4/0/0/0,11074:1747647659468:,1747647671270
counter/4/0/0/0,11075:1747647659468:,1747647671270
counter/4/0/0/0,11076:1747647659468:,1747647671270
counter/4/0/0/0,11077:1747647659468:,1747647671270
counter/4/0/0/0,11078:1747647659468:,1747647671270
counter/4/0/0/0,11079:1747647659468:,1747647671270
counter/9/0/0/0,11249:1747647658044:,1747647671270
counter/9/0/0/0,11250:1747647658044:,1747647671270
counter/9/0/0/0,11251:1747647658044:,1747647671270
counter/9/0/0/0,11252:1747647658044:,1747647671270
counter/9/0/0/0,11253:1747647658044:,1747647671270
counter/7/0/0/0,10596:1747647658102:,1747647671270
counter/7/0/0/0,10597:1747647658103:,1747647671270
counter/7/0/0/0,10598:1747647658103:,1747647671270
counter/10/0/0/0,10019:1747647657775:,1747647671270
counter/9/0/0/0,11254:1747647658044:,1747647671271
counter/9/0/0/0,11255:1747647658044:,1747647671271
counter/9/0/0/0,11256:1747647658044:,1747647671271
counter/9/0/0/0,11257:1747647658044:,1747647671271
counter/9/0/0/0,11258:1747647658044:,1747647671271
counter/9/0/0/0,11259:1747647658044:,1747647671271
counter/9/0/0/0,11260:1747647658045:,1747647671271
counter/9/0/0/0,11261:1747647658056:,1747647671271
counter/9/0/0/0,11262:1747647658057:,1747647671271
counter/9/0/0/0,11263:1747647658057:,1747647671271
counter/10/0/0/0,10020:1747647657776:,1747647671271
counter/10/0/0/0,10021:1747647657776:,1747647671271
counter/10/0/0/0,10022:1747647657776:,1747647671271
counter/4/0/0/0,11080:1747647659469:,1747647671271
counter/4/0/0/0,11081:1747647659469:,1747647671271
counter/4/0/0/0,11082:1747647659469:,1747647671271
counter/4/0/0/0,11083:1747647659469:,1747647671271
counter/4/0/0/0,11084:1747647659469:,1747647671271
counter/4/0/0/0,11085:1747647659469:,1747647671271
counter/4/0/0/0,11086:1747647659469:,1747647671271
counter/4/0/0/0,11087:1747647659469:,1747647671271
counter/4/0/0/0,11088:1747647659469:,1747647671271
counter/4/0/0/0,11089:1747647659469:,1747647671271
counter/2/0/0/0,10721:1747647657208:,1747647671271
counter/2/0/0/0,10722:1747647657208:,1747647671271
counter/1/0/0/0,11805:1747647659069:,1747647671272
counter/9/0/0/0,11264:1747647658057:,1747647671272
counter/9/0/0/0,11265:1747647658057:,1747647671272
counter/9/0/0/0,11266:1747647658057:,1747647671272
counter/9/0/0/0,11267:1747647658057:,1747647671272
counter/9/0/0/0,11268:1747647658057:,1747647671272
counter/7/0/0/0,10599:1747647658103:,1747647671272
counter/10/0/0/0,10023:1747647657776:,1747647671272
counter/1/0/0/0,11806:1747647659069:,1747647671272
counter/1/0/0/0,11807:1747647659069:,1747647671272
counter/3/0/0/0,11280:1747647659036:,1747647671272
counter/8/0/0/0,10811:1747647657679:,1747647671272
counter/3/0/0/0,11281:1747647659036:,1747647671273
counter/4/0/0/0,11090:1747647659469:,1747647671273
counter/4/0/0/0,11091:1747647659469:,1747647671273
counter/4/0/0/0,11092:1747647659469:,1747647671274
counter/4/0/0/0,11093:1747647659469:,1747647671274
counter/4/0/0/0,11094:1747647659469:,1747647671274
counter/4/0/0/0,11095:1747647659469:,1747647671274
counter/4/0/0/0,11096:1747647659469:,1747647671274
counter/4/0/0/0,11097:1747647659474:,1747647671274
counter/4/0/0/0,11098:1747647659474:,1747647671274
counter/4/0/0/0,11099:1747647659474:,1747647671274
counter/10/0/0/0,10024:1747647657776:,1747647671274
counter/2/0/0/0,10723:1747647657219:,1747647671275
counter/2/0/0/0,10724:1747647657219:,1747647671275
counter/2/0/0/0,10725:1747647657219:,1747647671275
counter/1/0/0/0,11808:1747647659069:,1747647671275
counter/10/0/0/0,10025:1747647657776:,1747647671275
counter/10/0/0/0,10026:1747647657776:,1747647671275
counter/10/0/0/0,10027:1747647657776:,1747647671275
counter/10/0/0/0,10028:1747647657776:,1747647671275
counter/4/0/0/0,11100:1747647659474:,1747647671275
counter/4/0/0/0,11101:1747647659505:,1747647671275
counter/7/0/0/0,10600:1747647658103:,1747647671275
counter/7/0/0/0,10601:1747647658103:,1747647671275
counter/8/0/0/0,10812:1747647657679:,1747647671275
counter/8/0/0/0,10813:1747647657679:,1747647671275
counter/8/0/0/0,10814:1747647657679:,1747647671276
counter/8/0/0/0,10815:1747647657679:,1747647671276
counter/8/0/0/0,10816:1747647657679:,1747647671276
counter/8/0/0/0,10817:1747647657679:,1747647671276
counter/8/0/0/0,10818:1747647657679:,1747647671276
counter/8/0/0/0,10819:1747647657679:,1747647671276
counter/8/0/0/0,10820:1747647657679:,1747647671276
counter/8/0/0/0,10821:1747647657679:,1747647671276
counter/8/0/0/0,10822:1747647657679:,1747647671276
counter/8/0/0/0,10823:1747647657679:,1747647671276
counter/2/0/0/0,10726:1747647657219:,1747647671276
counter/8/0/0/0,10824:1747647657679:,1747647671276
counter/8/0/0/0,10825:1747647657679:,1747647671276
counter/7/0/0/0,10602:1747647658103:,1747647671276
counter/5/0/0/0,10655:1747647657731:,1747647671276
counter/5/0/0/0,10656:1747647657731:,1747647671276
counter/5/0/0/0,10657:1747647657731:,1747647671276
counter/5/0/0/0,10658:1747647657731:,1747647671276
counter/10/0/0/0,10029:1747647657776:,1747647671277
counter/6/0/0/0,10049:1747647658174:,1747647671277
counter/6/0/0/0,10050:1747647658174:,1747647671277
counter/6/0/0/0,10051:1747647658174:,1747647671277
counter/6/0/0/0,10052:1747647658174:,1747647671277
counter/6/0/0/0,10053:1747647658174:,1747647671277
counter/10/0/0/0,10030:1747647657776:,1747647671277
counter/10/0/0/0,10031:1747647657776:,1747647671277
counter/4/0/0/0,11102:1747647659505:,1747647671277
counter/6/0/0/0,10054:1747647658174:,1747647671279
counter/7/0/0/0,10603:1747647658103:,1747647671279
counter/8/0/0/0,10826:1747647657679:,1747647671279
counter/3/0/0/0,11282:1747647659036:,1747647671279
counter/3/0/0/0,11283:1747647659036:,1747647671279
counter/3/0/0/0,11284:1747647659036:,1747647671279
counter/3/0/0/0,11285:1747647659036:,1747647671279
counter/9/0/0/0,11269:1747647658057:,1747647671279
counter/4/0/0/0,11103:1747647659505:,1747647671279
counter/6/0/0/0,10055:1747647658178:,1747647671279
counter/6/0/0/0,10056:1747647658178:,1747647671279
counter/6/0/0/0,10057:1747647658178:,1747647671279
counter/6/0/0/0,10058:1747647658178:,1747647671280
counter/6/0/0/0,10059:1747647658178:,1747647671280
counter/6/0/0/0,10060:1747647658178:,1747647671280
counter/6/0/0/0,10061:1747647658178:,1747647671280
counter/6/0/0/0,10062:1747647658179:,1747647671280
counter/6/0/0/0,10063:1747647658179:,1747647671280
counter/6/0/0/0,10064:1747647658179:,1747647671280
counter/5/0/0/0,10659:1747647657731:,1747647671280
counter/10/0/0/0,10032:1747647657776:,1747647671280
counter/8/0/0/0,10827:1747647657679:,1747647671280
counter/1/0/0/0,11809:1747647659069:,1747647671280
counter/1/0/0/0,11810:1747647659069:,1747647671280
counter/1/0/0/0,11811:1747647659069:,1747647671280
counter/1/0/0/0,11812:1747647659069:,1747647671280
counter/1/0/0/0,11813:1747647659069:,1747647671280
counter/3/0/0/0,11286:1747647659038:,1747647671280
counter/2/0/0/0,10727:1747647657219:,1747647671281
counter/4/0/0/0,11104:1747647659505:,1747647671281
counter/8/0/0/0,10828:1747647657679:,1747647671281
counter/8/0/0/0,10829:1747647657679:,1747647671281
counter/8/0/0/0,10830:1747647657679:,1747647671281
counter/8/0/0/0,10831:1747647657684:,1747647671281
counter/8/0/0/0,10832:1747647657684:,1747647671281
counter/6/0/0/0,10065:1747647658179:,1747647671281
counter/1/0/0/0,11814:1747647659069:,1747647671281
counter/1/0/0/0,11815:1747647659070:,1747647671281
counter/1/0/0/0,11816:1747647659070:,1747647671281
counter/1/0/0/0,11817:1747647659070:,1747647671281
counter/1/0/0/0,11818:1747647659070:,1747647671281
counter/1/0/0/0,11819:1747647659070:,1747647671281
counter/5/0/0/0,10660:1747647657731:,1747647671281
counter/7/0/0/0,10604:1747647658103:,1747647671281
counter/6/0/0/0,10066:1747647658179:,1747647671282
counter/10/0/0/0,10033:1747647657776:,1747647671282
counter/10/0/0/0,10034:1747647657776:,1747647671282
counter/10/0/0/0,10035:1747647657776:,1747647671282
counter/10/0/0/0,10036:1747647657776:,1747647671282
counter/10/0/0/0,10037:1747647657776:,1747647671282
counter/10/0/0/0,10038:1747647657776:,1747647671282
counter/10/0/0/0,10039:1747647657776:,1747647671282
counter/10/0/0/0,10040:1747647657776:,1747647671282
counter/10/0/0/0,10041:1747647657776:,1747647671282
counter/10/0/0/0,10042:1747647657776:,1747647671282
counter/10/0/0/0,10043:1747647657776:,1747647671282
counter/10/0/0/0,10044:1747647657776:,1747647671282
counter/10/0/0/0,10045:1747647657777:,1747647671283
counter/10/0/0/0,10046:1747647657777:,1747647671283
counter/10/0/0/0,10047:1747647657777:,1747647671283
counter/10/0/0/0,10048:1747647657777:,1747647671283
counter/9/0/0/0,11270:1747647658057:,1747647671283
counter/10/0/0/0,10049:1747647657777:,1747647671283
counter/10/0/0/0,10050:1747647657777:,1747647671283
counter/10/0/0/0,10051:1747647657777:,1747647671283
counter/10/0/0/0,10052:1747647657777:,1747647671283
counter/10/0/0/0,10053:1747647657777:,1747647671283
counter/10/0/0/0,10054:1747647657777:,1747647671283
counter/10/0/0/0,10055:1747647657777:,1747647671283
counter/10/0/0/0,10056:1747647657777:,1747647671283
counter/10/0/0/0,10057:1747647657777:,1747647671283
counter/10/0/0/0,10058:1747647657781:,1747647671283
counter/10/0/0/0,10059:1747647657782:,1747647671283
counter/1/0/0/0,11820:1747647659070:,1747647671283
counter/10/0/0/0,10060:1747647657782:,1747647671284
counter/9/0/0/0,11271:1747647658057:,1747647671284
counter/10/0/0/0,10061:1747647657782:,1747647671284
counter/9/0/0/0,11272:1747647658057:,1747647671284
counter/10/0/0/0,10062:1747647657782:,1747647671284
counter/9/0/0/0,11273:1747647658063:,1747647671284
counter/9/0/0/0,11274:1747647658064:,1747647671284
counter/9/0/0/0,11275:1747647658064:,1747647671284
counter/9/0/0/0,11276:1747647658064:,1747647671284
counter/9/0/0/0,11277:1747647658064:,1747647671284
counter/9/0/0/0,11278:1747647658064:,1747647671284
counter/9/0/0/0,11279:1747647658064:,1747647671284
counter/9/0/0/0,11280:1747647658064:,1747647671284
counter/9/0/0/0,11281:1747647658064:,1747647671284
counter/9/0/0/0,11282:1747647658064:,1747647671284
counter/2/0/0/0,10728:1747647657220:,1747647671284
counter/3/0/0/0,11287:1747647659038:,1747647671284
counter/4/0/0/0,11105:1747647659505:,1747647671284
counter/3/0/0/0,11288:1747647659038:,1747647671284
counter/8/0/0/0,10833:1747647657684:,1747647671284
counter/8/0/0/0,10834:1747647657685:,1747647671284
counter/6/0/0/0,10067:1747647658179:,1747647671285
counter/6/0/0/0,10068:1747647658179:,1747647671285
counter/5/0/0/0,10661:1747647657731:,1747647671285
counter/7/0/0/0,10605:1747647658103:,1747647671285
counter/8/0/0/0,10835:1747647657685:,1747647671285
counter/6/0/0/0,10069:1747647658179:,1747647671285
counter/9/0/0/0,11283:1747647658064:,1747647671285
counter/9/0/0/0,11284:1747647658064:,1747647671285
counter/9/0/0/0,11285:1747647658064:,1747647671285
counter/9/0/0/0,11286:1747647658064:,1747647671285
counter/9/0/0/0,11287:1747647658064:,1747647671285
counter/5/0/0/0,10662:1747647657731:,1747647671285
counter/5/0/0/0,10663:1747647657731:,1747647671285
counter/10/0/0/0,10063:1747647657782:,1747647671285
counter/5/0/0/0,10664:1747647657731:,1747647671285
counter/5/0/0/0,10665:1747647657731:,1747647671285
counter/5/0/0/0,10666:1747647657731:,1747647671285
counter/5/0/0/0,10667:1747647657733:,1747647671285
counter/5/0/0/0,10668:1747647657733:,1747647671285
counter/4/0/0/0,11106:1747647659505:,1747647671285
counter/4/0/0/0,11107:1747647659505:,1747647671285
counter/6/0/0/0,10070:1747647658179:,1747647671285
counter/6/0/0/0,10071:1747647658188:,1747647671285
counter/6/0/0/0,10072:1747647658188:,1747647671286
counter/6/0/0/0,10073:1747647658188:,1747647671286
counter/6/0/0/0,10074:1747647658188:,1747647671286
counter/10/0/0/0,10064:1747647657782:,1747647671286
counter/10/0/0/0,10065:1747647657789:,1747647671286
counter/10/0/0/0,10066:1747647657789:,1747647671286
counter/10/0/0/0,10067:1747647657789:,1747647671286
counter/10/0/0/0,10068:1747647657789:,1747647671286
counter/10/0/0/0,10069:1747647657803:,1747647671286
counter/10/0/0/0,10070:1747647657803:,1747647671286
counter/10/0/0/0,10071:1747647657803:,1747647671286
counter/10/0/0/0,10072:1747647657803:,1747647671286
counter/10/0/0/0,10073:1747647657803:,1747647671287
counter/5/0/0/0,10669:1747647657733:,1747647671287
counter/7/0/0/0,10606:1747647658103:,1747647671287
counter/6/0/0/0,10075:1747647658188:,1747647671287
counter/10/0/0/0,10074:1747647657803:,1747647671288
counter/10/0/0/0,10075:1747647657803:,1747647671288
counter/10/0/0/0,10076:1747647657803:,1747647671288
counter/10/0/0/0,10077:1747647657803:,1747647671288
counter/10/0/0/0,10078:1747647657803:,1747647671288
counter/10/0/0/0,10079:1747647657803:,1747647671288
counter/10/0/0/0,10080:1747647657803:,1747647671288
counter/10/0/0/0,10081:1747647657803:,1747647671288
counter/10/0/0/0,10082:1747647657803:,1747647671288
counter/1/0/0/0,11821:1747647659074:,1747647671288
counter/1/0/0/0,11822:1747647659074:,1747647671288
counter/1/0/0/0,11823:1747647659074:,1747647671288
counter/8/0/0/0,10836:1747647657685:,1747647671288
counter/8/0/0/0,10837:1747647657685:,1747647671288
counter/8/0/0/0,10838:1747647657687:,1747647671288
counter/8/0/0/0,10839:1747647657687:,1747647671288
counter/8/0/0/0,10840:1747647657687:,1747647671288
counter/8/0/0/0,10841:1747647657687:,1747647671288
counter/8/0/0/0,10842:1747647657687:,1747647671289
counter/8/0/0/0,10843:1747647657687:,1747647671289
counter/8/0/0/0,10844:1747647657687:,1747647671289
counter/8/0/0/0,10845:1747647657687:,1747647671289
counter/8/0/0/0,10846:1747647657687:,1747647671289
counter/8/0/0/0,10847:1747647657690:,1747647671289
counter/10/0/0/0,10083:1747647657803:,1747647671289
counter/10/0/0/0,10084:1747647657803:,1747647671289
counter/10/0/0/0,10085:1747647657803:,1747647671289
counter/10/0/0/0,10086:1747647657803:,1747647671289
counter/10/0/0/0,10087:1747647657804:,1747647671289
counter/10/0/0/0,10088:1747647657804:,1747647671289
counter/7/0/0/0,10607:1747647658109:,1747647671290
counter/1/0/0/0,11824:1747647659074:,1747647671290
counter/7/0/0/0,10608:1747647658109:,1747647671290
counter/7/0/0/0,10609:1747647658109:,1747647671290
counter/7/0/0/0,10610:1747647658109:,1747647671290
counter/2/0/0/0,10729:1747647657220:,1747647671290
counter/7/0/0/0,10611:1747647658110:,1747647671290
counter/7/0/0/0,10612:1747647658110:,1747647671290
counter/10/0/0/0,10089:1747647657804:,1747647671290
counter/10/0/0/0,10090:1747647657804:,1747647671290
counter/10/0/0/0,10091:1747647657804:,1747647671291
counter/10/0/0/0,10092:1747647657804:,1747647671291
counter/10/0/0/0,10093:1747647657804:,1747647671291
counter/10/0/0/0,10094:1747647657804:,1747647671291
counter/10/0/0/0,10095:1747647657804:,1747647671291
counter/10/0/0/0,10096:1747647657804:,1747647671291
counter/5/0/0/0,10670:1747647657733:,1747647671291
counter/1/0/0/0,11825:1747647659074:,1747647671291
counter/5/0/0/0,10671:1747647657733:,1747647671291
counter/1/0/0/0,11826:1747647659074:,1747647671291
counter/10/0/0/0,10097:1747647657804:,1747647671292
counter/10/0/0/0,10098:1747647657804:,1747647671292
counter/10/0/0/0,10099:1747647657804:,1747647671292
counter/10/0/0/0,10100:1747647657821:,1747647671292
counter/10/0/0/0,10101:1747647657821:,1747647671292
counter/10/0/0/0,10102:1747647657821:,1747647671292
counter/10/0/0/0,10103:1747647657821:,1747647671292
counter/1/0/0/0,11827:1747647659074:,1747647671293
counter/10/0/0/0,10104:1747647657821:,1747647671293
counter/10/0/0/0,10105:1747647657821:,1747647671293
counter/10/0/0/0,10106:1747647657821:,1747647671293
counter/8/0/0/0,10848:1747647657690:,1747647671293
counter/8/0/0/0,10849:1747647657690:,1747647671293
counter/8/0/0/0,10850:1747647657690:,1747647671293
counter/8/0/0/0,10851:1747647657690:,1747647671293
counter/8/0/0/0,10852:1747647657690:,1747647671293
counter/8/0/0/0,10853:1747647657690:,1747647671293
counter/8/0/0/0,10854:1747647657690:,1747647671293
counter/8/0/0/0,10855:1747647657690:,1747647671293
counter/8/0/0/0,10856:1747647657690:,1747647671293
counter/8/0/0/0,10857:1747647657690:,1747647671293
counter/8/0/0/0,10858:1747647657690:,1747647671293
counter/8/0/0/0,10859:1747647657690:,1747647671294
counter/8/0/0/0,10860:1747647657690:,1747647671294
counter/8/0/0/0,10861:1747647657690:,1747647671294
counter/2/0/0/0,10730:1747647657220:,1747647671294
counter/2/0/0/0,10731:1747647657220:,1747647671294
counter/6/0/0/0,10076:1747647658188:,1747647671294
counter/4/0/0/0,11108:1747647659505:,1747647671294
counter/4/0/0/0,11109:1747647659505:,1747647671294
counter/9/0/0/0,11288:1747647658064:,1747647671294
counter/1/0/0/0,11828:1747647659074:,1747647671294
counter/10/0/0/0,10107:1747647657821:,1747647671295
counter/10/0/0/0,10108:1747647657821:,1747647671295
counter/10/0/0/0,10109:1747647657821:,1747647671295
counter/10/0/0/0,10110:1747647657821:,1747647671296
counter/10/0/0/0,10111:1747647657821:,1747647671296
counter/10/0/0/0,10112:1747647657821:,1747647671296
counter/10/0/0/0,10113:1747647657821:,1747647671296
counter/10/0/0/0,10114:1747647657821:,1747647671296
counter/10/0/0/0,10115:1747647657821:,1747647671296
counter/4/0/0/0,11110:1747647659505:,1747647671296
counter/4/0/0/0,11111:1747647659505:,1747647671296
counter/3/0/0/0,11289:1747647659038:,1747647671296
counter/3/0/0/0,11290:1747647659038:,1747647671296
counter/1/0/0/0,11829:1747647659074:,1747647671296
counter/10/0/0/0,10116:1747647657821:,1747647671298
counter/10/0/0/0,10117:1747647657821:,1747647671298
counter/10/0/0/0,10118:1747647657821:,1747647671298
counter/10/0/0/0,10119:1747647657821:,1747647671298
counter/10/0/0/0,10120:1747647657821:,1747647671298
counter/10/0/0/0,10121:1747647657821:,1747647671298
counter/10/0/0/0,10122:1747647657826:,1747647671298
counter/10/0/0/0,10123:1747647657827:,1747647671299
counter/10/0/0/0,10124:1747647657827:,1747647671299
counter/7/0/0/0,10613:1747647658127:,1747647671299
counter/7/0/0/0,10614:1747647658127:,1747647671299
counter/8/0/0/0,10862:1747647657690:,1747647671300
counter/8/0/0/0,10863:1747647657690:,1747647671300
counter/8/0/0/0,10864:1747647657692:,1747647671300
counter/8/0/0/0,10865:1747647657692:,1747647671300
counter/5/0/0/0,10672:1747647657733:,1747647671300
counter/10/0/0/0,10125:1747647657827:,1747647671301
counter/10/0/0/0,10126:1747647657827:,1747647671301
counter/10/0/0/0,10127:1747647657827:,1747647671301
counter/10/0/0/0,10128:1747647657827:,1747647671301
counter/10/0/0/0,10129:1747647657827:,1747647671301
counter/10/0/0/0,10130:1747647657827:,1747647671302
counter/10/0/0/0,10131:1747647657829:,1747647671302
counter/6/0/0/0,10077:1747647658188:,1747647671302
counter/10/0/0/0,10132:1747647657829:,1747647671302
counter/6/0/0/0,10078:1747647658188:,1747647671302
counter/6/0/0/0,10079:1747647658188:,1747647671302
counter/6/0/0/0,10080:1747647658188:,1747647671302
counter/6/0/0/0,10081:1747647658188:,1747647671303
counter/6/0/0/0,10082:1747647658188:,1747647671303
counter/4/0/0/0,11112:1747647659505:,1747647671303
counter/7/0/0/0,10615:1747647658127:,1747647671303
counter/7/0/0/0,10616:1747647658128:,1747647671303
counter/6/0/0/0,10083:1747647658188:,1747647671303
counter/9/0/0/0,11289:1747647658078:,1747647671303
counter/9/0/0/0,11290:1747647658078:,1747647671303
counter/9/0/0/0,11291:1747647658078:,1747647671303
counter/9/0/0/0,11292:1747647658078:,1747647671303
counter/5/0/0/0,10673:1747647657735:,1747647671303
counter/8/0/0/0,10866:1747647657692:,1747647671303
counter/1/0/0/0,11830:1747647659074:,1747647671304
counter/4/0/0/0,11113:1747647659505:,1747647671304
counter/8/0/0/0,10867:1747647657692:,1747647671304
counter/6/0/0/0,10084:1747647658188:,1747647671305
counter/7/0/0/0,10617:1747647658128:,1747647671305
counter/7/0/0/0,10618:1747647658128:,1747647671305
counter/7/0/0/0,10619:1747647658128:,1747647671305
counter/7/0/0/0,10620:1747647658128:,1747647671305
counter/4/0/0/0,11114:1747647659508:,1747647671305
counter/9/0/0/0,11293:1747647658078:,1747647671305
counter/9/0/0/0,11294:1747647658078:,1747647671305
counter/9/0/0/0,11295:1747647658078:,1747647671305
counter/9/0/0/0,11296:1747647658078:,1747647671305
counter/9/0/0/0,11297:1747647658078:,1747647671306
counter/9/0/0/0,11298:1747647658078:,1747647671306
counter/9/0/0/0,11299:1747647658097:,1747647671306
counter/9/0/0/0,11300:1747647658097:,1747647671306
counter/9/0/0/0,11301:1747647658097:,1747647671306
counter/4/0/0/0,11115:1747647659508:,1747647671306
counter/4/0/0/0,11116:1747647659508:,1747647671306
counter/4/0/0/0,11117:1747647659508:,1747647671306
counter/4/0/0/0,11118:1747647659508:,1747647671306
counter/8/0/0/0,10868:1747647657692:,1747647671306
counter/2/0/0/0,10732:1747647657220:,1747647671306
counter/9/0/0/0,11302:1747647658097:,1747647671306
counter/2/0/0/0,10733:1747647657220:,1747647671306
counter/2/0/0/0,10734:1747647657220:,1747647671306
counter/2/0/0/0,10735:1747647657220:,1747647671306
counter/2/0/0/0,10736:1747647657220:,1747647671306
counter/2/0/0/0,10737:1747647657247:,1747647671307
counter/10/0/0/0,10133:1747647657829:,1747647671307
counter/10/0/0/0,10134:1747647657829:,1747647671307
counter/10/0/0/0,10135:1747647657829:,1747647671307
counter/10/0/0/0,10136:1747647657829:,1747647671307
counter/8/0/0/0,10869:1747647657692:,1747647671307
counter/2/0/0/0,10738:1747647657247:,1747647671308
counter/1/0/0/0,11831:1747647659074:,1747647671309
counter/3/0/0/0,11291:1747647659038:,1747647671309
counter/5/0/0/0,10674:1747647657735:,1747647671310
counter/3/0/0/0,11292:1747647659038:,1747647671310
counter/3/0/0/0,11293:1747647659038:,1747647671310
counter/3/0/0/0,11294:1747647659039:,1747647671310
counter/3/0/0/0,11295:1747647659039:,1747647671310
counter/3/0/0/0,11296:1747647659039:,1747647671310
counter/1/0/0/0,11832:1747647659074:,1747647671311
counter/1/0/0/0,11833:1747647659074:,1747647671311
counter/1/0/0/0,11834:1747647659074:,1747647671311
counter/1/0/0/0,11835:1747647659076:,1747647671311
counter/9/0/0/0,11303:1747647658098:,1747647671312
counter/9/0/0/0,11304:1747647658098:,1747647671312
counter/10/0/0/0,10137:1747647657829:,1747647671312
counter/10/0/0/0,10138:1747647657829:,1747647671312
counter/10/0/0/0,10139:1747647657829:,1747647671312
counter/10/0/0/0,10140:1747647657832:,1747647671312
counter/10/0/0/0,10141:1747647657832:,1747647671312
counter/10/0/0/0,10142:1747647657832:,1747647671312
counter/5/0/0/0,10675:1747647657735:,1747647671313
counter/6/0/0/0,10085:1747647658188:,1747647671313
counter/6/0/0/0,10086:1747647658188:,1747647671313
counter/6/0/0/0,10087:1747647658188:,1747647671313
counter/6/0/0/0,10088:1747647658188:,1747647671313
counter/6/0/0/0,10089:1747647658189:,1747647671313
counter/6/0/0/0,10090:1747647658190:,1747647671313
counter/6/0/0/0,10091:1747647658190:,1747647671313
counter/6/0/0/0,10092:1747647658190:,1747647671313
counter/6/0/0/0,10093:1747647658190:,1747647671313
counter/6/0/0/0,10094:1747647658190:,1747647671313
counter/6/0/0/0,10095:1747647658190:,1747647671314
counter/6/0/0/0,10096:1747647658190:,1747647671314
counter/9/0/0/0,11305:1747647658098:,1747647671314
counter/10/0/0/0,10143:1747647657832:,1747647671314
counter/3/0/0/0,11297:1747647659039:,1747647671314
counter/3/0/0/0,11298:1747647659039:,1747647671314
counter/3/0/0/0,11299:1747647659039:,1747647671314
counter/3/0/0/0,11300:1747647659039:,1747647671315
counter/3/0/0/0,11301:1747647659039:,1747647671315
counter/3/0/0/0,11302:1747647659041:,1747647671315
counter/3/0/0/0,11303:1747647659041:,1747647671315
counter/3/0/0/0,11304:1747647659041:,1747647671315
counter/3/0/0/0,11305:1747647659041:,1747647671315
counter/6/0/0/0,10097:1747647658190:,1747647671315
counter/8/0/0/0,10870:1747647657692:,1747647671315
counter/3/0/0/0,11306:1747647659041:,1747647671315
counter/10/0/0/0,10144:1747647657832:,1747647671315
counter/6/0/0/0,10098:1747647658190:,1747647671315
counter/10/0/0/0,10145:1747647657832:,1747647671316
counter/6/0/0/0,10099:1747647658190:,1747647671316
counter/6/0/0/0,10100:1747647658190:,1747647671316
counter/6/0/0/0,10101:1747647658190:,1747647671316
counter/6/0/0/0,10102:1747647658190:,1747647671316
counter/6/0/0/0,10103:1747647658190:,1747647671316
counter/6/0/0/0,10104:1747647658190:,1747647671317
counter/6/0/0/0,10105:1747647658190:,1747647671317
counter/6/0/0/0,10106:1747647658190:,1747647671317
counter/6/0/0/0,10107:1747647658193:,1747647671317
counter/8/0/0/0,10871:1747647657692:,1747647671317
counter/2/0/0/0,10739:1747647657247:,1747647671317
counter/1/0/0/0,11836:1747647659076:,1747647671317
counter/10/0/0/0,10146:1747647657832:,1747647671317
counter/5/0/0/0,10676:1747647657735:,1747647671317
counter/6/0/0/0,10108:1747647658193:,1747647671317
counter/6/0/0/0,10109:1747647658193:,1747647671317
counter/6/0/0/0,10110:1747647658193:,1747647671317
counter/6/0/0/0,10111:1747647658193:,1747647671318
counter/9/0/0/0,11306:1747647658098:,1747647671318
counter/2/0/0/0,10740:1747647657247:,1747647671318
counter/9/0/0/0,11307:1747647658098:,1747647671318
counter/1/0/0/0,11837:1747647659076:,1747647671318
counter/6/0/0/0,10112:1747647658193:,1747647671318
counter/10/0/0/0,10147:1747647657833:,1747647671319
counter/10/0/0/0,10148:1747647657833:,1747647671319
counter/8/0/0/0,10872:1747647657692:,1747647671320
counter/5/0/0/0,10677:1747647657737:,1747647671321
counter/5/0/0/0,10678:1747647657737:,1747647671321
counter/5/0/0/0,10679:1747647657737:,1747647671321
counter/7/0/0/0,10621:1747647658128:,1747647671321
counter/7/0/0/0,10622:1747647658139:,1747647671321
counter/7/0/0/0,10623:1747647658139:,1747647671321
counter/7/0/0/0,10624:1747647658139:,1747647671321
counter/7/0/0/0,10625:1747647658139:,1747647671321
counter/7/0/0/0,10626:1747647658139:,1747647671321
counter/7/0/0/0,10627:1747647658139:,1747647671321
counter/7/0/0/0,10628:1747647658139:,1747647671321
counter/2/0/0/0,10741:1747647657247:,1747647671322
counter/2/0/0/0,10742:1747647657247:,1747647671322
counter/2/0/0/0,10743:1747647657247:,1747647671322
counter/2/0/0/0,10744:1747647657247:,1747647671322
counter/2/0/0/0,10745:1747647657247:,1747647671322
counter/2/0/0/0,10746:1747647657247:,1747647671322
counter/2/0/0/0,10747:1747647657247:,1747647671322
counter/2/0/0/0,10748:1747647657252:,1747647671322
counter/2/0/0/0,10749:1747647657252:,1747647671322
counter/2/0/0/0,10750:1747647657252:,1747647671322
counter/2/0/0/0,10751:1747647657252:,1747647671322
counter/2/0/0/0,10752:1747647657253:,1747647671322
counter/10/0/0/0,10149:1747647657833:,1747647671322
counter/6/0/0/0,10113:1747647658193:,1747647671322
counter/6/0/0/0,10114:1747647658193:,1747647671322
counter/6/0/0/0,10115:1747647658193:,1747647671322
counter/6/0/0/0,10116:1747647658193:,1747647671322
counter/6/0/0/0,10117:1747647658193:,1747647671322
counter/6/0/0/0,10118:1747647658193:,1747647671322
counter/6/0/0/0,10119:1747647658193:,1747647671322
counter/2/0/0/0,10753:1747647657253:,1747647671322
counter/5/0/0/0,10680:1747647657737:,1747647671323
counter/6/0/0/0,10120:1747647658194:,1747647671323
counter/1/0/0/0,11838:1747647659076:,1747647671324
counter/4/0/0/0,11119:1747647659508:,1747647671324
counter/6/0/0/0,10121:1747647658199:,1747647671324
counter/4/0/0/0,11120:1747647659508:,1747647671324
counter/4/0/0/0,11121:1747647659508:,1747647671324
counter/10/0/0/0,10150:1747647657833:,1747647671325
counter/6/0/0/0,10122:1747647658199:,1747647671325
counter/6/0/0/0,10123:1747647658199:,1747647671325
counter/7/0/0/0,10629:1747647658139:,1747647671325
counter/9/0/0/0,11308:1747647658098:,1747647671325
counter/1/0/0/0,11839:1747647659076:,1747647671325
counter/4/0/0/0,11122:1747647659508:,1747647671326
counter/7/0/0/0,10630:1747647658140:,1747647671326
counter/9/0/0/0,11309:1747647658098:,1747647671326
counter/10/0/0/0,10151:1747647657833:,1747647671327
counter/1/0/0/0,11840:1747647659076:,1747647671327
counter/8/0/0/0,10873:1747647657692:,1747647671327
counter/6/0/0/0,10124:1747647658199:,1747647671328
counter/5/0/0/0,10681:1747647657737:,1747647671329
counter/5/0/0/0,10682:1747647657737:,1747647671329
counter/5/0/0/0,10683:1747647657737:,1747647671329
counter/1/0/0/0,11841:1747647659076:,1747647671330
counter/1/0/0/0,11842:1747647659076:,1747647671330
counter/1/0/0/0,11843:1747647659076:,1747647671330
counter/6/0/0/0,10125:1747647658199:,1747647671330
counter/4/0/0/0,11123:1747647659508:,1747647671331
counter/4/0/0/0,11124:1747647659508:,1747647671331
counter/4/0/0/0,11125:1747647659509:,1747647671331
counter/4/0/0/0,11126:1747647659509:,1747647671331
counter/4/0/0/0,11127:1747647659509:,1747647671331
counter/4/0/0/0,11128:1747647659509:,1747647671331
counter/10/0/0/0,10152:1747647657833:,1747647671331
counter/5/0/0/0,10684:1747647657737:,1747647671331
counter/2/0/0/0,10754:1747647657253:,1747647671331
counter/2/0/0/0,10755:1747647657253:,1747647671331
counter/2/0/0/0,10756:1747647657253:,1747647671331
counter/2/0/0/0,10757:1747647657254:,1747647671332
counter/3/0/0/0,11307:1747647659042:,1747647671332
counter/3/0/0/0,11308:1747647659042:,1747647671332
counter/9/0/0/0,11310:1747647658098:,1747647671332
counter/9/0/0/0,11311:1747647658098:,1747647671332
counter/9/0/0/0,11312:1747647658098:,1747647671332
counter/9/0/0/0,11313:1747647658105:,1747647671332
counter/9/0/0/0,11314:1747647658105:,1747647671332
counter/9/0/0/0,11315:1747647658106:,1747647671332
counter/9/0/0/0,11316:1747647658106:,1747647671332
counter/9/0/0/0,11317:1747647658106:,1747647671332
counter/9/0/0/0,11318:1747647658106:,1747647671332
counter/9/0/0/0,11319:1747647658106:,1747647671332
counter/3/0/0/0,11309:1747647659042:,1747647671333
counter/7/0/0/0,10631:1747647658140:,1747647671333
counter/10/0/0/0,10153:1747647657834:,1747647671333
counter/1/0/0/0,11844:1747647659076:,1747647671334
counter/1/0/0/0,11845:1747647659076:,1747647671334
counter/4/0/0/0,11129:1747647659509:,1747647671334
counter/4/0/0/0,11130:1747647659509:,1747647671334
counter/5/0/0/0,10685:1747647657737:,1747647671334
counter/6/0/0/0,10126:1747647658199:,1747647671334
counter/6/0/0/0,10127:1747647658199:,1747647671334
counter/6/0/0/0,10128:1747647658199:,1747647671334
counter/6/0/0/0,10129:1747647658201:,1747647671334
counter/6/0/0/0,10130:1747647658201:,1747647671334
counter/6/0/0/0,10131:1747647658201:,1747647671334
counter/6/0/0/0,10132:1747647658201:,1747647671334
counter/6/0/0/0,10133:1747647658201:,1747647671334
counter/6/0/0/0,10134:1747647658201:,1747647671334
counter/6/0/0/0,10135:1747647658201:,1747647671334
counter/6/0/0/0,10136:1747647658201:,1747647671334
counter/6/0/0/0,10137:1747647658201:,1747647671334
counter/6/0/0/0,10138:1747647658201:,1747647671335
counter/1/0/0/0,11846:1747647659076:,1747647671335
counter/4/0/0/0,11131:1747647659513:,1747647671335
counter/5/0/0/0,10686:1747647657737:,1747647671335
counter/6/0/0/0,10139:1747647658201:,1747647671335
counter/5/0/0/0,10687:1747647657737:,1747647671335
counter/6/0/0/0,10140:1747647658201:,1747647671335
counter/6/0/0/0,10141:1747647658208:,1747647671335
counter/6/0/0/0,10142:1747647658208:,1747647671335
counter/6/0/0/0,10143:1747647658208:,1747647671336
counter/6/0/0/0,10144:1747647658208:,1747647671336
counter/6/0/0/0,10145:1747647658208:,1747647671336
counter/1/0/0/0,11847:1747647659076:,1747647671336
counter/3/0/0/0,11310:1747647659042:,1747647671336
counter/3/0/0/0,11311:1747647659042:,1747647671336
counter/3/0/0/0,11312:1747647659047:,1747647671336
counter/3/0/0/0,11313:1747647659047:,1747647671336
counter/8/0/0/0,10874:1747647657692:,1747647671338
counter/6/0/0/0,10146:1747647658208:,1747647671338
counter/7/0/0/0,10632:1747647658140:,1747647671339
counter/5/0/0/0,10688:1747647657739:,1747647671339
counter/3/0/0/0,11314:1747647659047:,1747647671339
counter/3/0/0/0,11315:1747647659047:,1747647671339
counter/3/0/0/0,11316:1747647659047:,1747647671339
counter/8/0/0/0,10875:1747647657692:,1747647671339
counter/6/0/0/0,10147:1747647658208:,1747647671339
counter/8/0/0/0,10876:1747647657692:,1747647671339
counter/9/0/0/0,11320:1747647658106:,1747647671339
counter/9/0/0/0,11321:1747647658106:,1747647671339
counter/9/0/0/0,11322:1747647658106:,1747647671339
counter/9/0/0/0,11323:1747647658111:,1747647671339
counter/9/0/0/0,11324:1747647658112:,1747647671339
counter/9/0/0/0,11325:1747647658112:,1747647671339
counter/9/0/0/0,11326:1747647658112:,1747647671339
counter/9/0/0/0,11327:1747647658112:,1747647671339
counter/9/0/0/0,11328:1747647658112:,1747647671339
counter/9/0/0/0,11329:1747647658112:,1747647671339
counter/9/0/0/0,11330:1747647658112:,1747647671339
counter/9/0/0/0,11331:1747647658112:,1747647671339
counter/9/0/0/0,11332:1747647658112:,1747647671340
counter/9/0/0/0,11333:1747647658112:,1747647671340
counter/9/0/0/0,11334:1747647658112:,1747647671340
counter/7/0/0/0,10633:1747647658140:,1747647671340
counter/1/0/0/0,11848:1747647659076:,1747647671340
counter/10/0/0/0,10154:1747647657834:,1747647671345
counter/5/0/0/0,10689:1747647657739:,1747647671345
counter/2/0/0/0,10758:1747647657254:,1747647671345
counter/9/0/0/0,11335:1747647658112:,1747647671345
counter/3/0/0/0,11317:1747647659056:,1747647671345
counter/9/0/0/0,11336:1747647658112:,1747647671345
counter/3/0/0/0,11318:1747647659056:,1747647671345
counter/6/0/0/0,10148:1747647658208:,1747647671345
counter/6/0/0/0,10149:1747647658208:,1747647671346
counter/6/0/0/0,10150:1747647658208:,1747647671346
counter/6/0/0/0,10151:1747647658208:,1747647671346
counter/6/0/0/0,10152:1747647658208:,1747647671346
counter/6/0/0/0,10153:1747647658208:,1747647671346
counter/8/0/0/0,10877:1747647657692:,1747647671346
counter/8/0/0/0,10878:1747647657692:,1747647671346
counter/2/0/0/0,10759:1747647657254:,1747647671347
counter/7/0/0/0,10634:1747647658140:,1747647671347
counter/7/0/0/0,10635:1747647658140:,1747647671347
counter/7/0/0/0,10636:1747647658140:,1747647671347
counter/7/0/0/0,10637:1747647658140:,1747647671347
counter/7/0/0/0,10638:1747647658140:,1747647671347
counter/7/0/0/0,10639:1747647658140:,1747647671347
counter/7/0/0/0,10640:1747647658140:,1747647671347
counter/7/0/0/0,10641:1747647658140:,1747647671347
counter/7/0/0/0,10642:1747647658140:,1747647671347
counter/7/0/0/0,10643:1747647658140:,1747647671347
counter/7/0/0/0,10644:1747647658140:,1747647671347
counter/7/0/0/0,10645:1747647658142:,1747647671347
counter/7/0/0/0,10646:1747647658142:,1747647671348
counter/7/0/0/0,10647:1747647658142:,1747647671348
counter/7/0/0/0,10648:1747647658142:,1747647671348
counter/7/0/0/0,10649:1747647658142:,1747647671348
counter/10/0/0/0,10155:1747647657834:,1747647671348
counter/10/0/0/0,10156:1747647657834:,1747647671348
counter/4/0/0/0,11132:1747647659513:,1747647671348
counter/10/0/0/0,10157:1747647657834:,1747647671348
counter/10/0/0/0,10158:1747647657834:,1747647671348
counter/10/0/0/0,10159:1747647657834:,1747647671348
counter/10/0/0/0,10160:1747647657835:,1747647671348
counter/10/0/0/0,10161:1747647657835:,1747647671349
counter/10/0/0/0,10162:1747647657835:,1747647671349
counter/10/0/0/0,10163:1747647657836:,1747647671349
counter/10/0/0/0,10164:1747647657837:,1747647671349
counter/10/0/0/0,10165:1747647657837:,1747647671349
counter/10/0/0/0,10166:1747647657837:,1747647671349
counter/10/0/0/0,10167:1747647657837:,1747647671349
counter/10/0/0/0,10168:1747647657837:,1747647671349
counter/3/0/0/0,11319:1747647659056:,1747647671350
counter/10/0/0/0,10169:1747647657865:,1747647671350
counter/2/0/0/0,10760:1747647657254:,1747647671350
counter/2/0/0/0,10761:1747647657255:,1747647671350
counter/2/0/0/0,10762:1747647657255:,1747647671350
counter/2/0/0/0,10763:1747647657256:,1747647671350
counter/2/0/0/0,10764:1747647657256:,1747647671350
counter/2/0/0/0,10765:1747647657256:,1747647671350
counter/1/0/0/0,11849:1747647659076:,1747647671350
counter/2/0/0/0,10766:1747647657256:,1747647671350
counter/8/0/0/0,10879:1747647657692:,1747647671350
counter/3/0/0/0,11320:1747647659056:,1747647671350
counter/3/0/0/0,11321:1747647659056:,1747647671350
counter/3/0/0/0,11322:1747647659056:,1747647671350
counter/5/0/0/0,10690:1747647657739:,1747647671350
counter/10/0/0/0,10170:1747647657865:,1747647671351
counter/4/0/0/0,11133:1747647659513:,1747647671351
counter/6/0/0/0,10154:1747647658208:,1747647671351
counter/6/0/0/0,10155:1747647658208:,1747647671351
counter/6/0/0/0,10156:1747647658208:,1747647671351
counter/6/0/0/0,10157:1747647658208:,1747647671352
counter/1/0/0/0,11850:1747647659081:,1747647671353
counter/1/0/0/0,11851:1747647659081:,1747647671353
counter/10/0/0/0,10171:1747647657865:,1747647671353
counter/1/0/0/0,11852:1747647659081:,1747647671353
counter/1/0/0/0,11853:1747647659081:,1747647671353
counter/4/0/0/0,11134:1747647659513:,1747647671353
counter/1/0/0/0,11854:1747647659081:,1747647671353
counter/9/0/0/0,11337:1747647658112:,1747647671354
counter/1/0/0/0,11855:1747647659081:,1747647671355
counter/1/0/0/0,11856:1747647659081:,1747647671355
counter/8/0/0/0,10880:1747647657692:,1747647671355
counter/8/0/0/0,10881:1747647657693:,1747647671355
counter/8/0/0/0,10882:1747647657693:,1747647671355
counter/10/0/0/0,10172:1747647657865:,1747647671356
counter/10/0/0/0,10173:1747647657865:,1747647671356
counter/10/0/0/0,10174:1747647657865:,1747647671356
counter/10/0/0/0,10175:1747647657865:,1747647671356
counter/10/0/0/0,10176:1747647657865:,1747647671356
counter/10/0/0/0,10177:1747647657865:,1747647671356
counter/10/0/0/0,10178:1747647657865:,1747647671356
counter/10/0/0/0,10179:1747647657865:,1747647671356
counter/10/0/0/0,10180:1747647657865:,1747647671356
counter/10/0/0/0,10181:1747647657866:,1747647671356
counter/2/0/0/0,10767:1747647657256:,1747647671356
counter/6/0/0/0,10158:1747647658208:,1747647671356
counter/4/0/0/0,11135:1747647659513:,1747647671357
counter/6/0/0/0,10159:1747647658208:,1747647671357
counter/6/0/0/0,10160:1747647658208:,1747647671357
counter/6/0/0/0,10161:1747647658208:,1747647671357
counter/6/0/0/0,10162:1747647658208:,1747647671357
counter/6/0/0/0,10163:1747647658208:,1747647671357
counter/8/0/0/0,10883:1747647657693:,1747647671357
counter/7/0/0/0,10650:1747647658142:,1747647671358
counter/10/0/0/0,10182:1747647657866:,1747647671358
counter/4/0/0/0,11136:1747647659513:,1747647671358
counter/6/0/0/0,10164:1747647658209:,1747647671358
counter/8/0/0/0,10884:1747647657696:,1747647671358
counter/3/0/0/0,11323:1747647659056:,1747647671359
counter/3/0/0/0,11324:1747647659056:,1747647671359
counter/1/0/0/0,11857:1747647659081:,1747647671359
counter/3/0/0/0,11325:1747647659056:,1747647671359
counter/3/0/0/0,11326:1747647659063:,1747647671359
counter/3/0/0/0,11327:1747647659063:,1747647671359
counter/5/0/0/0,10691:1747647657739:,1747647671359
counter/4/0/0/0,11137:1747647659513:,1747647671360
counter/6/0/0/0,10165:1747647658209:,1747647671360
counter/4/0/0/0,11138:1747647659513:,1747647671360
counter/4/0/0/0,11139:1747647659514:,1747647671360
counter/4/0/0/0,11140:1747647659514:,1747647671360
counter/4/0/0/0,11141:1747647659514:,1747647671360
counter/4/0/0/0,11142:1747647659514:,1747647671360
counter/5/0/0/0,10692:1747647657744:,1747647671361
counter/5/0/0/0,10693:1747647657744:,1747647671361
counter/5/0/0/0,10694:1747647657744:,1747647671361
counter/6/0/0/0,10166:1747647658212:,1747647671361
counter/5/0/0/0,10695:1747647657744:,1747647671361
counter/5/0/0/0,10696:1747647657744:,1747647671361
counter/6/0/0/0,10167:1747647658212:,1747647671362
counter/1/0/0/0,11858:1747647659081:,1747647671362
counter/10/0/0/0,10183:1747647657866:,1747647671363
counter/10/0/0/0,10184:1747647657876:,1747647671363
counter/10/0/0/0,10185:1747647657877:,1747647671363
counter/6/0/0/0,10168:1747647658212:,1747647671364
counter/5/0/0/0,10697:1747647657745:,1747647671364
counter/5/0/0/0,10698:1747647657745:,1747647671364
counter/5/0/0/0,10699:1747647657745:,1747647671364
counter/5/0/0/0,10700:1747647657745:,1747647671364
counter/5/0/0/0,10701:1747647657745:,1747647671364
counter/5/0/0/0,10702:1747647657746:,1747647671364
counter/5/0/0/0,10703:1747647657746:,1747647671364
counter/10/0/0/0,10186:1747647657877:,1747647671365
counter/5/0/0/0,10704:1747647657746:,1747647671365
counter/1/0/0/0,11859:1747647659081:,1747647671365
counter/1/0/0/0,11860:1747647659081:,1747647671365
counter/7/0/0/0,10651:1747647658142:,1747647671365
counter/3/0/0/0,11328:1747647659063:,1747647671365
counter/3/0/0/0,11329:1747647659063:,1747647671365
counter/3/0/0/0,11330:1747647659063:,1747647671365
counter/3/0/0/0,11331:1747647659063:,1747647671365
counter/3/0/0/0,11332:1747647659063:,1747647671365
counter/3/0/0/0,11333:1747647659083:,1747647671365
counter/3/0/0/0,11334:1747647659083:,1747647671365
counter/3/0/0/0,11335:1747647659083:,1747647671365
counter/3/0/0/0,11336:1747647659083:,1747647671365
counter/8/0/0/0,10885:1747647657696:,1747647671366
counter/8/0/0/0,10886:1747647657696:,1747647671366
counter/8/0/0/0,10887:1747647657696:,1747647671366
counter/10/0/0/0,10187:1747647657877:,1747647671366
counter/3/0/0/0,11337:1747647659083:,1747647671366
counter/9/0/0/0,11338:1747647658112:,1747647671366
counter/9/0/0/0,11339:1747647658112:,1747647671366
counter/9/0/0/0,11340:1747647658112:,1747647671366
counter/2/0/0/0,10768:1747647657256:,1747647671366
counter/6/0/0/0,10169:1747647658218:,1747647671367
counter/6/0/0/0,10170:1747647658218:,1747647671367
counter/6/0/0/0,10171:1747647658218:,1747647671367
counter/6/0/0/0,10172:1747647658218:,1747647671367
counter/5/0/0/0,10705:1747647657746:,1747647671367
counter/7/0/0/0,10652:1747647658142:,1747647671367
counter/7/0/0/0,10653:1747647658142:,1747647671367
counter/7/0/0/0,10654:1747647658142:,1747647671367
counter/7/0/0/0,10655:1747647658142:,1747647671367
counter/7/0/0/0,10656:1747647658142:,1747647671367
counter/7/0/0/0,10657:1747647658142:,1747647671367
counter/7/0/0/0,10658:1747647658143:,1747647671367
counter/7/0/0/0,10659:1747647658143:,1747647671367
counter/7/0/0/0,10660:1747647658143:,1747647671367
counter/8/0/0/0,10888:1747647657696:,1747647671368
counter/8/0/0/0,10889:1747647657696:,1747647671368
counter/8/0/0/0,10890:1747647657696:,1747647671369
counter/6/0/0/0,10173:1747647658218:,1747647671369
counter/2/0/0/0,10769:1747647657256:,1747647671369
counter/10/0/0/0,10188:1747647657877:,1747647671369
counter/5/0/0/0,10706:1747647657746:,1747647671369
counter/3/0/0/0,11338:1747647659083:,1747647671370
counter/4/0/0/0,11143:1747647659514:,1747647671370
counter/4/0/0/0,11144:1747647659520:,1747647671370
counter/4/0/0/0,11145:1747647659520:,1747647671370
counter/4/0/0/0,11146:1747647659520:,1747647671370
counter/4/0/0/0,11147:1747647659520:,1747647671370
counter/4/0/0/0,11148:1747647659520:,1747647671370
counter/4/0/0/0,11149:1747647659522:,1747647671370
counter/4/0/0/0,11150:1747647659522:,1747647671370
counter/4/0/0/0,11151:1747647659522:,1747647671370
counter/4/0/0/0,11152:1747647659522:,1747647671371
counter/4/0/0/0,11153:1747647659522:,1747647671371
counter/4/0/0/0,11154:1747647659522:,1747647671371
counter/4/0/0/0,11155:1747647659522:,1747647671371
counter/4/0/0/0,11156:1747647659522:,1747647671371
counter/4/0/0/0,11157:1747647659522:,1747647671371
counter/4/0/0/0,11158:1747647659522:,1747647671371
counter/4/0/0/0,11159:1747647659522:,1747647671371
counter/4/0/0/0,11160:1747647659522:,1747647671371
counter/4/0/0/0,11161:1747647659522:,1747647671371
counter/4/0/0/0,11162:1747647659522:,1747647671371
counter/8/0/0/0,10891:1747647657696:,1747647671371
counter/3/0/0/0,11339:1747647659084:,1747647671371
counter/8/0/0/0,10892:1747647657697:,1747647671373
counter/10/0/0/0,10189:1747647657877:,1747647671373
counter/6/0/0/0,10174:1747647658218:,1747647671373
counter/4/0/0/0,11163:1747647659522:,1747647671374
counter/7/0/0/0,10661:1747647658144:,1747647671374
counter/10/0/0/0,10190:1747647657877:,1747647671374
counter/7/0/0/0,10662:1747647658144:,1747647671374
counter/7/0/0/0,10663:1747647658144:,1747647671374
counter/7/0/0/0,10664:1747647658144:,1747647671374
counter/7/0/0/0,10665:1747647658144:,1747647671374
counter/7/0/0/0,10666:1747647658150:,1747647671374
counter/7/0/0/0,10667:1747647658150:,1747647671374
counter/7/0/0/0,10668:1747647658150:,1747647671374
counter/10/0/0/0,10191:1747647657877:,1747647671374
counter/10/0/0/0,10192:1747647657877:,1747647671374
counter/10/0/0/0,10193:1747647657877:,1747647671374
counter/9/0/0/0,11341:1747647658112:,1747647671374
counter/10/0/0/0,10194:1747647657877:,1747647671374
counter/9/0/0/0,11342:1747647658112:,1747647671374
counter/9/0/0/0,11343:1747647658112:,1747647671374
counter/9/0/0/0,11344:1747647658112:,1747647671374
counter/7/0/0/0,10669:1747647658150:,1747647671374
counter/10/0/0/0,10195:1747647657877:,1747647671375
counter/10/0/0/0,10196:1747647657877:,1747647671375
counter/9/0/0/0,11345:1747647658112:,1747647671375
counter/10/0/0/0,10197:1747647657877:,1747647671375
counter/10/0/0/0,10198:1747647657877:,1747647671375
counter/10/0/0/0,10199:1747647657878:,1747647671375
counter/3/0/0/0,11340:1747647659084:,1747647671376
counter/10/0/0/0,10200:1747647657878:,1747647671376
counter/10/0/0/0,10201:1747647657878:,1747647671376
counter/10/0/0/0,10202:1747647657898:,1747647671376
counter/10/0/0/0,10203:1747647657898:,1747647671376
counter/10/0/0/0,10204:1747647657898:,1747647671376
counter/10/0/0/0,10205:1747647657898:,1747647671376
counter/10/0/0/0,10206:1747647657898:,1747647671376
counter/6/0/0/0,10175:1747647658218:,1747647671376
counter/6/0/0/0,10176:1747647658219:,1747647671376
counter/6/0/0/0,10177:1747647658219:,1747647671376
counter/6/0/0/0,10178:1747647658219:,1747647671377
counter/6/0/0/0,10179:1747647658219:,1747647671377
counter/6/0/0/0,10180:1747647658220:,1747647671377
counter/6/0/0/0,10181:1747647658226:,1747647671377
counter/6/0/0/0,10182:1747647658226:,1747647671377
counter/6/0/0/0,10183:1747647658226:,1747647671377
counter/6/0/0/0,10184:1747647658226:,1747647671377
counter/6/0/0/0,10185:1747647658226:,1747647671377
counter/6/0/0/0,10186:1747647658226:,1747647671377
counter/7/0/0/0,10670:1747647658150:,1747647671377
counter/8/0/0/0,10893:1747647657697:,1747647671377
counter/10/0/0/0,10207:1747647657898:,1747647671377
counter/4/0/0/0,11164:1747647659522:,1747647671377
counter/2/0/0/0,10770:1747647657256:,1747647671377
counter/2/0/0/0,10771:1747647657256:,1747647671377
counter/6/0/0/0,10187:1747647658226:,1747647671378
counter/4/0/0/0,11165:1747647659522:,1747647671378
counter/10/0/0/0,10208:1747647657898:,1747647671378
counter/10/0/0/0,10209:1747647657916:,1747647671378
counter/10/0/0/0,10210:1747647657916:,1747647671378
counter/10/0/0/0,10211:1747647657916:,1747647671378
counter/10/0/0/0,10212:1747647657916:,1747647671378
counter/10/0/0/0,10213:1747647657916:,1747647671378
counter/10/0/0/0,10214:1747647657916:,1747647671378
counter/10/0/0/0,10215:1747647657916:,1747647671378
counter/10/0/0/0,10216:1747647657916:,1747647671378
counter/10/0/0/0,10217:1747647657916:,1747647671378
counter/6/0/0/0,10188:1747647658231:,1747647671379
counter/6/0/0/0,10189:1747647658231:,1747647671379
counter/6/0/0/0,10190:1747647658231:,1747647671379
counter/6/0/0/0,10191:1747647658231:,1747647671379
counter/6/0/0/0,10192:1747647658236:,1747647671379
counter/8/0/0/0,10894:1747647657697:,1747647671379
counter/6/0/0/0,10193:1747647658236:,1747647671379
counter/8/0/0/0,10895:1747647657697:,1747647671379
counter/8/0/0/0,10896:1747647657697:,1747647671380
counter/3/0/0/0,11341:1747647659084:,1747647671381
counter/3/0/0/0,11342:1747647659084:,1747647671381
counter/3/0/0/0,11343:1747647659084:,1747647671381
counter/3/0/0/0,11344:1747647659084:,1747647671381
counter/3/0/0/0,11345:1747647659084:,1747647671381
counter/6/0/0/0,10194:1747647658236:,1747647671381
counter/10/0/0/0,10218:1747647657916:,1747647671381
counter/7/0/0/0,10671:1747647658150:,1747647671382
counter/7/0/0/0,10672:1747647658150:,1747647671382
counter/7/0/0/0,10673:1747647658150:,1747647671382
counter/7/0/0/0,10674:1747647658150:,1747647671383
counter/7/0/0/0,10675:1747647658150:,1747647671383
counter/7/0/0/0,10676:1747647658159:,1747647671383
counter/7/0/0/0,10677:1747647658159:,1747647671383
counter/7/0/0/0,10678:1747647658159:,1747647671383
counter/7/0/0/0,10679:1747647658159:,1747647671383
counter/10/0/0/0,10219:1747647657916:,1747647671383
counter/7/0/0/0,10680:1747647658159:,1747647671383
counter/7/0/0/0,10681:1747647658159:,1747647671383
counter/7/0/0/0,10682:1747647658159:,1747647671383
counter/7/0/0/0,10683:1747647658159:,1747647671383
counter/7/0/0/0,10684:1747647658160:,1747647671383
counter/7/0/0/0,10685:1747647658160:,1747647671383
counter/7/0/0/0,10686:1747647658160:,1747647671383
counter/7/0/0/0,10687:1747647658160:,1747647671383
counter/1/0/0/0,11861:1747647659081:,1747647671384
counter/9/0/0/0,11346:1747647658112:,1747647671384
counter/1/0/0/0,11862:1747647659081:,1747647671384
counter/10/0/0/0,10220:1747647657916:,1747647671384
counter/10/0/0/0,10221:1747647657916:,1747647671385
counter/10/0/0/0,10222:1747647657925:,1747647671385
counter/10/0/0/0,10223:1747647657925:,1747647671385
counter/3/0/0/0,11346:1747647659084:,1747647671385
counter/10/0/0/0,10224:1747647657925:,1747647671385
counter/10/0/0/0,10225:1747647657925:,1747647671385
counter/7/0/0/0,10688:1747647658160:,1747647671385
counter/10/0/0/0,10226:1747647657925:,1747647671385
counter/7/0/0/0,10689:1747647658160:,1747647671385
counter/2/0/0/0,10772:1747647657484:,1747647671386
counter/10/0/0/0,10227:1747647657925:,1747647671386
counter/2/0/0/0,10773:1747647657484:,1747647671386
counter/2/0/0/0,10774:1747647657484:,1747647671386
counter/2/0/0/0,10775:1747647657484:,1747647671386
counter/2/0/0/0,10776:1747647657486:,1747647671386
counter/2/0/0/0,10777:1747647657491:,1747647671386
counter/2/0/0/0,10778:1747647657492:,1747647671386
counter/2/0/0/0,10779:1747647657494:,1747647671386
counter/9/0/0/0,11347:1747647658113:,1747647671386
counter/9/0/0/0,11348:1747647658113:,1747647671386
counter/9/0/0/0,11349:1747647658113:,1747647671386
counter/1/0/0/0,11863:1747647659081:,1747647671387
counter/10/0/0/0,10228:1747647657925:,1747647671387
counter/10/0/0/0,10229:1747647657925:,1747647671387
counter/10/0/0/0,10230:1747647657925:,1747647671387
counter/10/0/0/0,10231:1747647657925:,1747647671387
counter/10/0/0/0,10232:1747647657925:,1747647671387
counter/10/0/0/0,10233:1747647657925:,1747647671387
counter/10/0/0/0,10234:1747647657925:,1747647671387
counter/10/0/0/0,10235:1747647657925:,1747647671387
counter/8/0/0/0,10897:1747647657697:,1747647671387
counter/6/0/0/0,10195:1747647658236:,1747647671387
counter/7/0/0/0,10690:1747647658166:,1747647671387
counter/7/0/0/0,10691:1747647658166:,1747647671388
counter/7/0/0/0,10692:1747647658166:,1747647671388
counter/7/0/0/0,10693:1747647658166:,1747647671388
counter/7/0/0/0,10694:1747647658166:,1747647671388
counter/7/0/0/0,10695:1747647658166:,1747647671388
counter/4/0/0/0,11166:1747647659522:,1747647671388
counter/4/0/0/0,11167:1747647659522:,1747647671388
counter/4/0/0/0,11168:1747647659522:,1747647671388
counter/4/0/0/0,11169:1747647659522:,1747647671388
counter/4/0/0/0,11170:1747647659530:,1747647671388
counter/4/0/0/0,11171:1747647659530:,1747647671389
counter/6/0/0/0,10196:1747647658236:,1747647671389
counter/6/0/0/0,10197:1747647658236:,1747647671389
counter/6/0/0/0,10198:1747647658237:,1747647671389
counter/6/0/0/0,10199:1747647658237:,1747647671389
counter/6/0/0/0,10200:1747647658238:,1747647671389
counter/6/0/0/0,10201:1747647658238:,1747647671389
counter/6/0/0/0,10202:1747647658252:,1747647671389
counter/6/0/0/0,10203:1747647658252:,1747647671389
counter/6/0/0/0,10204:1747647658252:,1747647671389
counter/6/0/0/0,10205:1747647658252:,1747647671389
counter/6/0/0/0,10206:1747647658252:,1747647671389
counter/6/0/0/0,10207:1747647658252:,1747647671389
counter/6/0/0/0,10208:1747647658254:,1747647671389
counter/6/0/0/0,10209:1747647658254:,1747647671390
counter/6/0/0/0,10210:1747647658254:,1747647671390
counter/6/0/0/0,10211:1747647658268:,1747647671390
counter/6/0/0/0,10212:1747647658268:,1747647671390
counter/6/0/0/0,10213:1747647658268:,1747647671390
counter/6/0/0/0,10214:1747647658268:,1747647671390
counter/10/0/0/0,10236:1747647657925:,1747647671390
counter/9/0/0/0,11350:1747647658114:,1747647671390
counter/3/0/0/0,11347:1747647659084:,1747647671390
counter/1/0/0/0,11864:1747647659081:,1747647671390
counter/7/0/0/0,10696:1747647658168:,1747647671390
counter/2/0/0/0,10780:1747647657494:,1747647671390
counter/2/0/0/0,10781:1747647657497:,1747647671390
counter/6/0/0/0,10215:1747647658269:,1747647671390
counter/8/0/0/0,10898:1747647657697:,1747647671390
counter/6/0/0/0,10216:1747647658269:,1747647671391
counter/6/0/0/0,10217:1747647658269:,1747647671391
counter/6/0/0/0,10218:1747647658269:,1747647671391
counter/6/0/0/0,10219:1747647658269:,1747647671391
counter/6/0/0/0,10220:1747647658269:,1747647671391
counter/6/0/0/0,10221:1747647658269:,1747647671391
counter/6/0/0/0,10222:1747647658269:,1747647671391
counter/6/0/0/0,10223:1747647658269:,1747647671391
counter/6/0/0/0,10224:1747647658269:,1747647671391
counter/9/0/0/0,11351:1747647658114:,1747647671391
counter/2/0/0/0,10782:1747647657497:,1747647671391
counter/6/0/0/0,10225:1747647658269:,1747647671391
counter/10/0/0/0,10237:1747647657925:,1747647671391
counter/1/0/0/0,11865:1747647659081:,1747647671392
counter/1/0/0/0,11866:1747647659093:,1747647671392
counter/1/0/0/0,11867:1747647659093:,1747647671392
counter/1/0/0/0,11868:1747647659093:,1747647671392
counter/3/0/0/0,11348:1747647659084:,1747647671392
counter/3/0/0/0,11349:1747647659095:,1747647671392
counter/3/0/0/0,11350:1747647659095:,1747647671392
counter/3/0/0/0,11351:1747647659095:,1747647671392
counter/3/0/0/0,11352:1747647659095:,1747647671393
counter/3/0/0/0,11353:1747647659095:,1747647671393
counter/3/0/0/0,11354:1747647659095:,1747647671393
counter/3/0/0/0,11355:1747647659096:,1747647671393
counter/3/0/0/0,11356:1747647659096:,1747647671393
counter/3/0/0/0,11357:1747647659096:,1747647671394
counter/3/0/0/0,11358:1747647659096:,1747647671394
counter/6/0/0/0,10226:1747647658269:,1747647671394
counter/2/0/0/0,10783:1747647657501:,1747647671394
counter/6/0/0/0,10227:1747647658269:,1747647671395
counter/6/0/0/0,10228:1747647658269:,1747647671395
counter/6/0/0/0,10229:1747647658269:,1747647671395
counter/6/0/0/0,10230:1747647658270:,1747647671395
counter/6/0/0/0,10231:1747647658270:,1747647671395
counter/6/0/0/0,10232:1747647658270:,1747647671395
counter/6/0/0/0,10233:1747647658271:,1747647671395
counter/6/0/0/0,10234:1747647658272:,1747647671395
counter/6/0/0/0,10235:1747647658272:,1747647671395
counter/6/0/0/0,10236:1747647658272:,1747647671395
counter/6/0/0/0,10237:1747647658272:,1747647671395
counter/6/0/0/0,10238:1747647658272:,1747647671395
counter/6/0/0/0,10239:1747647658272:,1747647671395
counter/6/0/0/0,10240:1747647658272:,1747647671395
counter/6/0/0/0,10241:1747647658288:,1747647671395
counter/6/0/0/0,10242:1747647658288:,1747647671395
counter/3/0/0/0,11359:1747647659102:,1747647671395
counter/3/0/0/0,11360:1747647659102:,1747647671395
counter/3/0/0/0,11361:1747647659102:,1747647671395
counter/3/0/0/0,11362:1747647659102:,1747647671395
counter/2/0/0/0,10784:1747647657501:,1747647671395
counter/4/0/0/0,11172:1747647659530:,1747647671395
counter/5/0/0/0,10707:1747647657746:,1747647671396
counter/4/0/0/0,11173:1747647659530:,1747647671396
counter/10/0/0/0,10238:1747647657925:,1747647671396
counter/10/0/0/0,10239:1747647657925:,1747647671396
counter/10/0/0/0,10240:1747647657925:,1747647671396
counter/3/0/0/0,11363:1747647659102:,1747647671396
counter/2/0/0/0,10785:1747647657501:,1747647671396
counter/5/0/0/0,10708:1747647657746:,1747647671396
counter/4/0/0/0,11174:1747647659530:,1747647671396
counter/8/0/0/0,10899:1747647657697:,1747647671397
counter/6/0/0/0,10243:1747647658288:,1747647671397
counter/3/0/0/0,11364:1747647659102:,1747647671398
counter/5/0/0/0,10709:1747647657746:,1747647671398
counter/5/0/0/0,10710:1747647657746:,1747647671398
counter/5/0/0/0,10711:1747647657746:,1747647671398
counter/4/0/0/0,11175:1747647659530:,1747647671398
counter/4/0/0/0,11176:1747647659530:,1747647671398
counter/10/0/0/0,10241:1747647657926:,1747647671398
counter/9/0/0/0,11352:1747647658114:,1747647671398
counter/10/0/0/0,10242:1747647657926:,1747647671398
counter/10/0/0/0,10243:1747647657926:,1747647671398
counter/1/0/0/0,11869:1747647659093:,1747647671399
counter/1/0/0/0,11870:1747647659096:,1747647671399
counter/6/0/0/0,10244:1747647658288:,1747647671399
counter/7/0/0/0,10697:1747647658168:,1747647671401
counter/7/0/0/0,10698:1747647658168:,1747647671401
counter/7/0/0/0,10699:1747647658168:,1747647671401
counter/7/0/0/0,10700:1747647658168:,1747647671401
counter/4/0/0/0,11177:1747647659533:,1747647671401
counter/4/0/0/0,11178:1747647659533:,1747647671401
counter/4/0/0/0,11179:1747647659533:,1747647671401
counter/6/0/0/0,10245:1747647658288:,1747647671402
counter/8/0/0/0,10900:1747647657697:,1747647671403
counter/4/0/0/0,11180:1747647659533:,1747647671403
counter/3/0/0/0,11365:1747647659106:,1747647671403
counter/9/0/0/0,11353:1747647658114:,1747647671403
counter/9/0/0/0,11354:1747647658116:,1747647671403
counter/9/0/0/0,11355:1747647658116:,1747647671403
counter/9/0/0/0,11356:1747647658116:,1747647671403
counter/5/0/0/0,10712:1747647657746:,1747647671403
counter/2/0/0/0,10786:1747647657501:,1747647671403
counter/7/0/0/0,10701:1747647658173:,1747647671403
counter/5/0/0/0,10713:1747647657746:,1747647671404
counter/5/0/0/0,10714:1747647657746:,1747647671404
counter/5/0/0/0,10715:1747647657747:,1747647671405
counter/5/0/0/0,10716:1747647657747:,1747647671405
counter/5/0/0/0,10717:1747647657747:,1747647671405
counter/5/0/0/0,10718:1747647657747:,1747647671405
counter/5/0/0/0,10719:1747647657747:,1747647671405
counter/10/0/0/0,10244:1747647657926:,1747647671405
counter/10/0/0/0,10245:1747647657926:,1747647671405
counter/10/0/0/0,10246:1747647657926:,1747647671405
counter/10/0/0/0,10247:1747647657926:,1747647671405
counter/10/0/0/0,10248:1747647657926:,1747647671405
counter/10/0/0/0,10249:1747647657926:,1747647671405
counter/3/0/0/0,11366:1747647659106:,1747647671405
counter/1/0/0/0,11871:1747647659097:,1747647671406
counter/10/0/0/0,10250:1747647657926:,1747647671406
counter/1/0/0/0,11872:1747647659097:,1747647671406
counter/1/0/0/0,11873:1747647659097:,1747647671406
counter/1/0/0/0,11874:1747647659097:,1747647671406
counter/1/0/0/0,11875:1747647659097:,1747647671406
counter/1/0/0/0,11876:1747647659097:,1747647671406
counter/1/0/0/0,11877:1747647659097:,1747647671406
counter/1/0/0/0,11878:1747647659097:,1747647671406
counter/1/0/0/0,11879:1747647659097:,1747647671406
counter/5/0/0/0,10720:1747647657747:,1747647671406
counter/10/0/0/0,10251:1747647657926:,1747647671406
counter/5/0/0/0,10721:1747647657748:,1747647671406
counter/6/0/0/0,10246:1747647658288:,1747647671407
counter/6/0/0/0,10247:1747647658288:,1747647671407
counter/2/0/0/0,10787:1747647657506:,1747647671407
counter/6/0/0/0,10248:1747647658301:,1747647671407
counter/6/0/0/0,10249:1747647658301:,1747647671407
counter/6/0/0/0,10250:1747647658301:,1747647671407
counter/6/0/0/0,10251:1747647658301:,1747647671407
counter/4/0/0/0,11181:1747647659533:,1747647671407
counter/3/0/0/0,11367:1747647659106:,1747647671407
counter/4/0/0/0,11182:1747647659533:,1747647671408
counter/4/0/0/0,11183:1747647659533:,1747647671408
counter/3/0/0/0,11368:1747647659106:,1747647671408
counter/3/0/0/0,11369:1747647659113:,1747647671408
counter/3/0/0/0,11370:1747647659113:,1747647671408
counter/3/0/0/0,11371:1747647659113:,1747647671408
counter/5/0/0/0,10722:1747647657748:,1747647671408
counter/3/0/0/0,11372:1747647659113:,1747647671408
counter/3/0/0/0,11373:1747647659113:,1747647671409
counter/10/0/0/0,10252:1747647657926:,1747647671409
counter/10/0/0/0,10253:1747647657926:,1747647671409
counter/9/0/0/0,11357:1747647658116:,1747647671409
counter/10/0/0/0,10254:1747647657926:,1747647671409
counter/9/0/0/0,11358:1747647658116:,1747647671409
counter/10/0/0/0,10255:1747647657926:,1747647671409
counter/9/0/0/0,11359:1747647658116:,1747647671409
counter/10/0/0/0,10256:1747647657927:,1747647671409
counter/6/0/0/0,10252:1747647658301:,1747647671410
counter/10/0/0/0,10257:1747647657927:,1747647671410
counter/9/0/0/0,11360:1747647658116:,1747647671410
counter/10/0/0/0,10258:1747647657927:,1747647671410
counter/9/0/0/0,11361:1747647658116:,1747647671410
counter/9/0/0/0,11362:1747647658116:,1747647671411
counter/9/0/0/0,11363:1747647658116:,1747647671411
counter/9/0/0/0,11364:1747647658117:,1747647671411
counter/9/0/0/0,11365:1747647658117:,1747647671411
counter/2/0/0/0,10788:1747647657506:,1747647671411
counter/3/0/0/0,11374:1747647659113:,1747647671411
counter/4/0/0/0,11184:1747647659533:,1747647671412
counter/7/0/0/0,10702:1747647658173:,1747647671412
counter/7/0/0/0,10703:1747647658173:,1747647671412
counter/5/0/0/0,10723:1747647657748:,1747647671412
counter/5/0/0/0,10724:1747647657748:,1747647671412
counter/10/0/0/0,10259:1747647657927:,1747647671412
counter/10/0/0/0,10260:1747647657927:,1747647671412
counter/3/0/0/0,11375:1747647659113:,1747647671413
counter/10/0/0/0,10261:1747647657928:,1747647671413
counter/3/0/0/0,11376:1747647659113:,1747647671413
counter/4/0/0/0,11185:1747647659533:,1747647671414
counter/3/0/0/0,11377:1747647659114:,1747647671414
counter/4/0/0/0,11186:1747647659533:,1747647671414
counter/3/0/0/0,11378:1747647659114:,1747647671414
counter/4/0/0/0,11187:1747647659534:,1747647671414
counter/4/0/0/0,11188:1747647659534:,1747647671414
counter/6/0/0/0,10253:1747647658301:,1747647671414
counter/6/0/0/0,10254:1747647658301:,1747647671416
counter/7/0/0/0,10704:1747647658173:,1747647671416
counter/7/0/0/0,10705:1747647658173:,1747647671416
counter/7/0/0/0,10706:1747647658176:,1747647671416
counter/7/0/0/0,10707:1747647658176:,1747647671416
counter/7/0/0/0,10708:1747647658176:,1747647671416
counter/7/0/0/0,10709:1747647658176:,1747647671416
counter/1/0/0/0,11880:1747647659097:,1747647671416
counter/9/0/0/0,11366:1747647658117:,1747647671418
counter/7/0/0/0,10710:1747647658176:,1747647671420
counter/7/0/0/0,10711:1747647658176:,1747647671420
counter/7/0/0/0,10712:1747647658177:,1747647671420
counter/7/0/0/0,10713:1747647658177:,1747647671420
counter/5/0/0/0,10725:1747647657748:,1747647671420
counter/7/0/0/0,10714:1747647658177:,1747647671420
counter/4/0/0/0,11189:1747647659540:,1747647671420
counter/7/0/0/0,10715:1747647658177:,1747647671420
counter/4/0/0/0,11190:1747647659540:,1747647671420
counter/7/0/0/0,10716:1747647658177:,1747647671420
counter/4/0/0/0,11191:1747647659540:,1747647671420
counter/7/0/0/0,10717:1747647658177:,1747647671420
counter/4/0/0/0,11192:1747647659540:,1747647671420
counter/7/0/0/0,10718:1747647658177:,1747647671420
counter/4/0/0/0,11193:1747647659540:,1747647671420
counter/7/0/0/0,10719:1747647658177:,1747647671420
counter/4/0/0/0,11194:1747647659540:,1747647671420
counter/7/0/0/0,10720:1747647658177:,1747647671420
counter/4/0/0/0,11195:1747647659540:,1747647671420
counter/7/0/0/0,10721:1747647658177:,1747647671420
counter/8/0/0/0,10901:1747647657697:,1747647671421
counter/4/0/0/0,11196:1747647659540:,1747647671421
counter/8/0/0/0,10902:1747647657697:,1747647671421
counter/8/0/0/0,10903:1747647657697:,1747647671421
counter/9/0/0/0,11367:1747647658117:,1747647671421
counter/8/0/0/0,10904:1747647657697:,1747647671421
counter/8/0/0/0,10905:1747647657697:,1747647671421
counter/7/0/0/0,10722:1747647658177:,1747647671422
counter/8/0/0/0,10906:1747647657697:,1747647671422
counter/8/0/0/0,10907:1747647657697:,1747647671422
counter/10/0/0/0,10262:1747647657928:,1747647671423
counter/1/0/0/0,11881:1747647659097:,1747647671423
counter/9/0/0/0,11368:1747647658117:,1747647671423
counter/6/0/0/0,10255:1747647658301:,1747647671423
counter/6/0/0/0,10256:1747647658301:,1747647671423
counter/6/0/0/0,10257:1747647658301:,1747647671424
counter/5/0/0/0,10726:1747647657748:,1747647671424
counter/5/0/0/0,10727:1747647657748:,1747647671424
counter/5/0/0/0,10728:1747647657756:,1747647671424
counter/5/0/0/0,10729:1747647657756:,1747647671424
counter/5/0/0/0,10730:1747647657756:,1747647671424
counter/5/0/0/0,10731:1747647657756:,1747647671424
counter/5/0/0/0,10732:1747647657756:,1747647671424
counter/7/0/0/0,10723:1747647658177:,1747647671424
counter/6/0/0/0,10258:1747647658301:,1747647671428
counter/6/0/0/0,10259:1747647658302:,1747647671428
counter/6/0/0/0,10260:1747647658302:,1747647671428
counter/6/0/0/0,10261:1747647658302:,1747647671428
counter/6/0/0/0,10262:1747647658302:,1747647671428
counter/6/0/0/0,10263:1747647658302:,1747647671428
counter/6/0/0/0,10264:1747647658302:,1747647671428
counter/6/0/0/0,10265:1747647658302:,1747647671428
counter/6/0/0/0,10266:1747647658302:,1747647671428
counter/1/0/0/0,11882:1747647659097:,1747647671428
counter/1/0/0/0,11883:1747647659097:,1747647671429
counter/7/0/0/0,10724:1747647658177:,1747647671429
counter/5/0/0/0,10733:1747647657756:,1747647671430
counter/6/0/0/0,10267:1747647658302:,1747647671430
counter/6/0/0/0,10268:1747647658302:,1747647671430
counter/1/0/0/0,11884:1747647659097:,1747647671430
counter/1/0/0/0,11885:1747647659097:,1747647671430
counter/1/0/0/0,11886:1747647659097:,1747647671430
counter/1/0/0/0,11887:1747647659097:,1747647671430
counter/1/0/0/0,11888:1747647659097:,1747647671430
counter/10/0/0/0,10263:1747647657928:,1747647671431
counter/5/0/0/0,10734:1747647657756:,1747647671431
counter/5/0/0/0,10735:1747647657756:,1747647671431
counter/5/0/0/0,10736:1747647657759:,1747647671431
counter/5/0/0/0,10737:1747647657759:,1747647671431
counter/6/0/0/0,10269:1747647658302:,1747647671432
counter/6/0/0/0,10270:1747647658302:,1747647671432
counter/5/0/0/0,10738:1747647657759:,1747647671432
counter/1/0/0/0,11889:1747647659097:,1747647671432
counter/1/0/0/0,11890:1747647659097:,1747647671432
counter/1/0/0/0,11891:1747647659097:,1747647671432
counter/1/0/0/0,11892:1747647659098:,1747647671432
counter/1/0/0/0,11893:1747647659098:,1747647671432
counter/1/0/0/0,11894:1747647659098:,1747647671433
counter/1/0/0/0,11895:1747647659098:,1747647671433
counter/7/0/0/0,10725:1747647658177:,1747647671433
counter/8/0/0/0,10908:1747647657697:,1747647671433
counter/9/0/0/0,11369:1747647658117:,1747647671433
counter/3/0/0/0,11379:1747647659114:,1747647671434
counter/5/0/0/0,10739:1747647657759:,1747647671437
counter/5/0/0/0,10740:1747647657763:,1747647671437
counter/5/0/0/0,10741:1747647657763:,1747647671437
counter/5/0/0/0,10742:1747647657763:,1747647671437
counter/5/0/0/0,10743:1747647657763:,1747647671437
counter/5/0/0/0,10744:1747647657763:,1747647671437
counter/5/0/0/0,10745:1747647657763:,1747647671437
counter/5/0/0/0,10746:1747647657763:,1747647671437
counter/5/0/0/0,10747:1747647657763:,1747647671437
counter/1/0/0/0,11896:1747647659101:,1747647671437
counter/5/0/0/0,10748:1747647657763:,1747647671438
counter/5/0/0/0,10749:1747647657763:,1747647671438
counter/5/0/0/0,10750:1747647657763:,1747647671438
counter/8/0/0/0,10909:1747647657697:,1747647671438
counter/8/0/0/0,10910:1747647657697:,1747647671438
counter/8/0/0/0,10911:1747647657697:,1747647671438
counter/8/0/0/0,10912:1747647657698:,1747647671438
counter/8/0/0/0,10913:1747647657698:,1747647671438
counter/8/0/0/0,10914:1747647657698:,1747647671438
counter/8/0/0/0,10915:1747647657698:,1747647671438
counter/8/0/0/0,10916:1747647657698:,1747647671438
counter/8/0/0/0,10917:1747647657698:,1747647671438
counter/8/0/0/0,10918:1747647657698:,1747647671438
counter/8/0/0/0,10919:1747647657698:,1747647671438
counter/7/0/0/0,10726:1747647658177:,1747647671439
counter/6/0/0/0,10271:1747647658302:,1747647671439
counter/3/0/0/0,11380:1747647659114:,1747647671439
counter/1/0/0/0,11897:1747647659101:,1747647671440
counter/1/0/0/0,11898:1747647659101:,1747647671440
counter/1/0/0/0,11899:1747647659101:,1747647671440
counter/1/0/0/0,11900:1747647659101:,1747647671440
counter/1/0/0/0,11901:1747647659101:,1747647671440
counter/5/0/0/0,10751:1747647657764:,1747647671441
counter/5/0/0/0,10752:1747647657764:,1747647671441
counter/5/0/0/0,10753:1747647657764:,1747647671441
counter/5/0/0/0,10754:1747647657764:,1747647671441
counter/5/0/0/0,10755:1747647657764:,1747647671441
counter/5/0/0/0,10756:1747647657764:,1747647671441
counter/5/0/0/0,10757:1747647657764:,1747647671441
counter/5/0/0/0,10758:1747647657784:,1747647671441
counter/5/0/0/0,10759:1747647657784:,1747647671441
counter/5/0/0/0,10760:1747647657784:,1747647671441
counter/5/0/0/0,10761:1747647657784:,1747647671441
counter/5/0/0/0,10762:1747647657784:,1747647671441
counter/5/0/0/0,10763:1747647657785:,1747647671441
counter/1/0/0/0,11902:1747647659101:,1747647671441
counter/1/0/0/0,11903:1747647659101:,1747647671442
counter/1/0/0/0,11904:1747647659101:,1747647671442
counter/1/0/0/0,11905:1747647659101:,1747647671442
counter/1/0/0/0,11906:1747647659101:,1747647671442
counter/1/0/0/0,11907:1747647659101:,1747647671442
counter/6/0/0/0,10272:1747647658302:,1747647671443
counter/3/0/0/0,11381:1747647659114:,1747647671443
counter/7/0/0/0,10727:1747647658177:,1747647671443
counter/7/0/0/0,10728:1747647658180:,1747647671443
counter/7/0/0/0,10729:1747647658180:,1747647671443
counter/7/0/0/0,10730:1747647658180:,1747647671443
counter/7/0/0/0,10731:1747647658180:,1747647671443
counter/7/0/0/0,10732:1747647658180:,1747647671443
counter/7/0/0/0,10733:1747647658180:,1747647671443
counter/7/0/0/0,10734:1747647658180:,1747647671443
counter/7/0/0/0,10735:1747647658181:,1747647671443
counter/7/0/0/0,10736:1747647658181:,1747647671443
counter/7/0/0/0,10737:1747647658181:,1747647671443
counter/5/0/0/0,10764:1747647657785:,1747647671444
counter/5/0/0/0,10765:1747647657785:,1747647671444
counter/5/0/0/0,10766:1747647657785:,1747647671444
counter/1/0/0/0,11908:1747647659101:,1747647671444
counter/5/0/0/0,10767:1747647657785:,1747647671445
counter/5/0/0/0,10768:1747647657785:,1747647671445
counter/4/0/0/0,11197:1747647659540:,1747647671445
counter/8/0/0/0,10920:1747647657698:,1747647671445
counter/8/0/0/0,10921:1747647657704:,1747647671445
counter/8/0/0/0,10922:1747647657704:,1747647671445
counter/8/0/0/0,10923:1747647657704:,1747647671445
counter/8/0/0/0,10924:1747647657704:,1747647671445
counter/8/0/0/0,10925:1747647657704:,1747647671445
counter/8/0/0/0,10926:1747647657704:,1747647671445
counter/8/0/0/0,10927:1747647657704:,1747647671445
counter/8/0/0/0,10928:1747647657704:,1747647671445
counter/6/0/0/0,10273:1747647658303:,1747647671445
counter/6/0/0/0,10274:1747647658304:,1747647671446
counter/1/0/0/0,11909:1747647659101:,1747647671446
counter/1/0/0/0,11910:1747647659101:,1747647671447
counter/1/0/0/0,11911:1747647659102:,1747647671447
counter/1/0/0/0,11912:1747647659102:,1747647671447
counter/1/0/0/0,11913:1747647659102:,1747647671447
counter/1/0/0/0,11914:1747647659102:,1747647671447
counter/1/0/0/0,11915:1747647659102:,1747647671448
counter/8/0/0/0,10929:1747647657704:,1747647671448
counter/2/0/0/0,10789:1747647657506:,1747647671448
counter/2/0/0/0,10790:1747647657506:,1747647671449
counter/2/0/0/0,10791:1747647657506:,1747647671449
counter/2/0/0/0,10792:1747647657506:,1747647671449
counter/2/0/0/0,10793:1747647657506:,1747647671449
counter/2/0/0/0,10794:1747647657506:,1747647671449
counter/2/0/0/0,10795:1747647657506:,1747647671449
counter/2/0/0/0,10796:1747647657506:,1747647671449
counter/2/0/0/0,10797:1747647657506:,1747647671449
counter/10/0/0/0,10264:1747647657928:,1747647671449
counter/2/0/0/0,10798:1747647657506:,1747647671449
counter/4/0/0/0,11198:1747647659561:,1747647671449
counter/4/0/0/0,11199:1747647659565:,1747647671449
counter/3/0/0/0,11382:1747647659114:,1747647671449
counter/7/0/0/0,10738:1747647658181:,1747647671450
counter/2/0/0/0,10799:1747647657506:,1747647671450
counter/7/0/0/0,10739:1747647658181:,1747647671453
counter/4/0/0/0,11200:1747647659565:,1747647671453
counter/4/0/0/0,11201:1747647659565:,1747647671453
counter/8/0/0/0,10930:1747647657704:,1747647671453
counter/8/0/0/0,10931:1747647657704:,1747647671453
counter/8/0/0/0,10932:1747647657704:,1747647671453
counter/8/0/0/0,10933:1747647657705:,1747647671453
counter/8/0/0/0,10934:1747647657705:,1747647671453
counter/8/0/0/0,10935:1747647657705:,1747647671453
counter/8/0/0/0,10936:1747647657712:,1747647671454
counter/8/0/0/0,10937:1747647657714:,1747647671454
counter/8/0/0/0,10938:1747647657714:,1747647671454
counter/8/0/0/0,10939:1747647657714:,1747647671454
counter/8/0/0/0,10940:1747647657714:,1747647671454
counter/8/0/0/0,10941:1747647657714:,1747647671454
counter/8/0/0/0,10942:1747647657714:,1747647671454
counter/8/0/0/0,10943:1747647657714:,1747647671454
counter/8/0/0/0,10944:1747647657714:,1747647671454
counter/1/0/0/0,11916:1747647659102:,1747647671454
counter/3/0/0/0,11383:1747647659114:,1747647671455
counter/8/0/0/0,10945:1747647657715:,1747647671459
counter/10/0/0/0,10265:1747647657928:,1747647671459
counter/6/0/0/0,10275:1747647658304:,1747647671460
counter/6/0/0/0,10276:1747647658304:,1747647671460
counter/6/0/0/0,10277:1747647658304:,1747647671460
counter/6/0/0/0,10278:1747647658305:,1747647671460
counter/6/0/0/0,10279:1747647658305:,1747647671460
counter/6/0/0/0,10280:1747647658305:,1747647671460
counter/6/0/0/0,10281:1747647658305:,1747647671460
counter/3/0/0/0,11384:1747647659114:,1747647671460
counter/8/0/0/0,10946:1747647657715:,1747647671461
counter/8/0/0/0,10947:1747647657715:,1747647671461
counter/7/0/0/0,10740:1747647658181:,1747647671461
counter/8/0/0/0,10948:1747647657715:,1747647671461
counter/5/0/0/0,10769:1747647657785:,1747647671462
counter/5/0/0/0,10770:1747647657793:,1747647671462
counter/5/0/0/0,10771:1747647657793:,1747647671462
counter/5/0/0/0,10772:1747647657793:,1747647671462
counter/10/0/0/0,10266:1747647657932:,1747647671464
counter/8/0/0/0,10949:1747647657715:,1747647671464
counter/9/0/0/0,11370:1747647658117:,1747647671464
counter/9/0/0/0,11371:1747647658117:,1747647671464
counter/9/0/0/0,11372:1747647658117:,1747647671465
counter/6/0/0/0,10282:1747647658305:,1747647671465
counter/6/0/0/0,10283:1747647658305:,1747647671465
counter/6/0/0/0,10284:1747647658305:,1747647671465
counter/6/0/0/0,10285:1747647658305:,1747647671465
counter/6/0/0/0,10286:1747647658306:,1747647671465
counter/6/0/0/0,10287:1747647658306:,1747647671465
counter/5/0/0/0,10773:1747647657793:,1747647671466
counter/5/0/0/0,10774:1747647657793:,1747647671466
counter/5/0/0/0,10775:1747647657794:,1747647671466
counter/5/0/0/0,10776:1747647657794:,1747647671466
counter/5/0/0/0,10777:1747647657794:,1747647671466
counter/5/0/0/0,10778:1747647657794:,1747647671466
counter/1/0/0/0,11917:1747647659102:,1747647671466
counter/1/0/0/0,11918:1747647659102:,1747647671466
counter/1/0/0/0,11919:1747647659107:,1747647671466
counter/8/0/0/0,10950:1747647657715:,1747647671466
counter/4/0/0/0,11202:1747647659565:,1747647671466
counter/2/0/0/0,10800:1747647657507:,1747647671466
counter/6/0/0/0,10288:1747647658306:,1747647671467
counter/1/0/0/0,11920:1747647659107:,1747647671469
counter/1/0/0/0,11921:1747647659107:,1747647671469
counter/1/0/0/0,11922:1747647659107:,1747647671469
counter/1/0/0/0,11923:1747647659107:,1747647671469
counter/1/0/0/0,11924:1747647659107:,1747647671469
counter/1/0/0/0,11925:1747647659113:,1747647671469
counter/1/0/0/0,11926:1747647659113:,1747647671470
counter/1/0/0/0,11927:1747647659113:,1747647671470
counter/1/0/0/0,11928:1747647659124:,1747647671470
counter/1/0/0/0,11929:1747647659124:,1747647671471
counter/1/0/0/0,11930:1747647659124:,1747647671471
counter/1/0/0/0,11931:1747647659125:,1747647671471
counter/1/0/0/0,11932:1747647659125:,1747647671471
counter/1/0/0/0,11933:1747647659125:,1747647671472
counter/1/0/0/0,11934:1747647659125:,1747647671472
counter/6/0/0/0,10289:1747647658306:,1747647671472
counter/6/0/0/0,10290:1747647658306:,1747647671472
counter/6/0/0/0,10291:1747647658306:,1747647671472
counter/6/0/0/0,10292:1747647658306:,1747647671473
counter/6/0/0/0,10293:1747647658306:,1747647671473
counter/6/0/0/0,10294:1747647658306:,1747647671473
counter/6/0/0/0,10295:1747647658306:,1747647671473
counter/6/0/0/0,10296:1747647658306:,1747647671473
counter/5/0/0/0,10779:1747647657794:,1747647671474
counter/9/0/0/0,11373:1747647658117:,1747647671474
counter/9/0/0/0,11374:1747647658118:,1747647671474
counter/9/0/0/0,11375:1747647658118:,1747647671474
counter/9/0/0/0,11376:1747647658118:,1747647671474
counter/9/0/0/0,11377:1747647658118:,1747647671474
counter/9/0/0/0,11378:1747647658118:,1747647671474
counter/9/0/0/0,11379:1747647658118:,1747647671474
counter/10/0/0/0,10267:1747647657932:,1747647671474
counter/3/0/0/0,11385:1747647659114:,1747647671474
counter/10/0/0/0,10268:1747647657932:,1747647671474
counter/3/0/0/0,11386:1747647659114:,1747647671474
counter/10/0/0/0,10269:1747647657932:,1747647671475
counter/8/0/0/0,10951:1747647657720:,1747647671475
counter/8/0/0/0,10952:1747647657720:,1747647671475
counter/8/0/0/0,10953:1747647657720:,1747647671475
counter/8/0/0/0,10954:1747647657720:,1747647671475
counter/8/0/0/0,10955:1747647657720:,1747647671476
counter/8/0/0/0,10956:1747647657720:,1747647671476
counter/8/0/0/0,10957:1747647657720:,1747647671476
counter/8/0/0/0,10958:1747647657720:,1747647671476
counter/8/0/0/0,10959:1747647657720:,1747647671476
counter/6/0/0/0,10297:1747647658306:,1747647671476
counter/6/0/0/0,10298:1747647658308:,1747647671476
counter/9/0/0/0,11380:1747647658118:,1747647671476
counter/6/0/0/0,10299:1747647658308:,1747647671476
counter/9/0/0/0,11381:1747647658118:,1747647671476
counter/9/0/0/0,11382:1747647658119:,1747647671476
counter/9/0/0/0,11383:1747647658120:,1747647671476
counter/5/0/0/0,10780:1747647657794:,1747647671476
counter/4/0/0/0,11203:1747647659565:,1747647671476
counter/8/0/0/0,10960:1747647657720:,1747647671476
counter/1/0/0/0,11935:1747647659129:,1747647671477
counter/1/0/0/0,11936:1747647659129:,1747647671477
counter/1/0/0/0,11937:1747647659129:,1747647671477
counter/1/0/0/0,11938:1747647659129:,1747647671478
counter/8/0/0/0,10961:1747647657720:,1747647671480
counter/8/0/0/0,10962:1747647657720:,1747647671480
counter/8/0/0/0,10963:1747647657720:,1747647671480
counter/8/0/0/0,10964:1747647657720:,1747647671480
counter/8/0/0/0,10965:1747647657720:,1747647671480
counter/8/0/0/0,10966:1747647657720:,1747647671481
counter/8/0/0/0,10967:1747647657720:,1747647671481
counter/8/0/0/0,10968:1747647657721:,1747647671481
counter/8/0/0/0,10969:1747647657721:,1747647671481
counter/8/0/0/0,10970:1747647657721:,1747647671481
counter/8/0/0/0,10971:1747647657721:,1747647671481
counter/8/0/0/0,10972:1747647657721:,1747647671481
counter/8/0/0/0,10973:1747647657721:,1747647671481
counter/8/0/0/0,10974:1747647657721:,1747647671481
counter/8/0/0/0,10975:1747647657721:,1747647671481
counter/4/0/0/0,11204:1747647659565:,1747647671481
counter/7/0/0/0,10741:1747647658181:,1747647671481
counter/7/0/0/0,10742:1747647658194:,1747647671481
counter/7/0/0/0,10743:1747647658195:,1747647671481
counter/7/0/0/0,10744:1747647658195:,1747647671481
counter/9/0/0/0,11384:1747647658120:,1747647671481
counter/5/0/0/0,10781:1747647657794:,1747647671482
counter/9/0/0/0,11385:1747647658120:,1747647671482
counter/9/0/0/0,11386:1747647658120:,1747647671482
counter/8/0/0/0,10976:1747647657721:,1747647671482
counter/8/0/0/0,10977:1747647657721:,1747647671482
counter/8/0/0/0,10978:1747647657721:,1747647671482
counter/1/0/0/0,11939:1747647659129:,1747647671482
counter/4/0/0/0,11205:1747647659572:,1747647671482
counter/2/0/0/0,10801:1747647657507:,1747647671482
counter/4/0/0/0,11206:1747647659580:,1747647671482
counter/4/0/0/0,11207:1747647659580:,1747647671482
counter/6/0/0/0,10300:1747647658308:,1747647671482
counter/6/0/0/0,10301:1747647658308:,1747647671483
counter/6/0/0/0,10302:1747647658308:,1747647671483
counter/6/0/0/0,10303:1747647658308:,1747647671483
counter/3/0/0/0,11387:1747647659114:,1747647671483
counter/10/0/0/0,10270:1747647657932:,1747647671483
counter/3/0/0/0,11388:1747647659114:,1747647671483
counter/10/0/0/0,10271:1747647657932:,1747647671483
counter/10/0/0/0,10272:1747647657932:,1747647671483
counter/10/0/0/0,10273:1747647657932:,1747647671483
counter/9/0/0/0,11387:1747647658120:,1747647671483
counter/9/0/0/0,11388:1747647658120:,1747647671483
counter/9/0/0/0,11389:1747647658120:,1747647671483
counter/1/0/0/0,11940:1747647659129:,1747647671483
counter/3/0/0/0,11389:1747647659114:,1747647671483
counter/2/0/0/0,10802:1747647657509:,1747647671484
counter/6/0/0/0,10304:1747647658308:,1747647671484
counter/6/0/0/0,10305:1747647658308:,1747647671484
counter/6/0/0/0,10306:1747647658308:,1747647671484
counter/6/0/0/0,10307:1747647658308:,1747647671484
counter/6/0/0/0,10308:1747647658308:,1747647671484
counter/6/0/0/0,10309:1747647658308:,1747647671484
counter/5/0/0/0,10782:1747647657794:,1747647671484
counter/5/0/0/0,10783:1747647657805:,1747647671484
counter/5/0/0/0,10784:1747647657805:,1747647671484
counter/5/0/0/0,10785:1747647657806:,1747647671484
counter/5/0/0/0,10786:1747647657806:,1747647671485
counter/5/0/0/0,10787:1747647657806:,1747647671485
counter/5/0/0/0,10788:1747647657806:,1747647671485
counter/8/0/0/0,10979:1747647657721:,1747647671485
counter/8/0/0/0,10980:1747647657721:,1747647671486
counter/8/0/0/0,10981:1747647657721:,1747647671486
counter/8/0/0/0,10982:1747647657721:,1747647671486
counter/4/0/0/0,11208:1747647659580:,1747647671486
counter/4/0/0/0,11209:1747647659580:,1747647671486
counter/4/0/0/0,11210:1747647659580:,1747647671486
counter/4/0/0/0,11211:1747647659583:,1747647671486
counter/4/0/0/0,11212:1747647659583:,1747647671486
counter/4/0/0/0,11213:1747647659583:,1747647671487
counter/4/0/0/0,11214:1747647659583:,1747647671487
counter/4/0/0/0,11215:1747647659583:,1747647671487
counter/4/0/0/0,11216:1747647659583:,1747647671487
counter/4/0/0/0,11217:1747647659583:,1747647671487
counter/4/0/0/0,11218:1747647659583:,1747647671487
counter/4/0/0/0,11219:1747647659591:,1747647671487
counter/10/0/0/0,10274:1747647657932:,1747647671487
counter/2/0/0/0,10803:1747647657509:,1747647671487
counter/5/0/0/0,10789:1747647657806:,1747647671487
counter/1/0/0/0,11941:1747647659129:,1747647671488
counter/3/0/0/0,11390:1747647659114:,1747647671490
counter/4/0/0/0,11220:1747647659592:,1747647671490
counter/4/0/0/0,11221:1747647659592:,1747647671490
counter/4/0/0/0,11222:1747647659592:,1747647671490
counter/4/0/0/0,11223:1747647659593:,1747647671490
counter/9/0/0/0,11390:1747647658120:,1747647671490
counter/4/0/0/0,11224:1747647659593:,1747647671490
counter/4/0/0/0,11225:1747647659598:,1747647671490
counter/4/0/0/0,11226:1747647659598:,1747647671490
counter/4/0/0/0,11227:1747647659598:,1747647671491
counter/4/0/0/0,11228:1747647659598:,1747647671491
counter/5/0/0/0,10790:1747647657806:,1747647671491
counter/8/0/0/0,10983:1747647657721:,1747647671491
counter/10/0/0/0,10275:1747647657932:,1747647671491
counter/10/0/0/0,10276:1747647657932:,1747647671491
counter/10/0/0/0,10277:1747647657936:,1747647671491
counter/10/0/0/0,10278:1747647657936:,1747647671491
counter/10/0/0/0,10279:1747647657936:,1747647671491
counter/2/0/0/0,10804:1747647657509:,1747647671491
counter/4/0/0/0,11229:1747647659599:,1747647671493
counter/3/0/0/0,11391:1747647659114:,1747647671493
counter/3/0/0/0,11392:1747647659117:,1747647671493
counter/3/0/0/0,11393:1747647659117:,1747647671493
counter/3/0/0/0,11394:1747647659117:,1747647671493
counter/3/0/0/0,11395:1747647659117:,1747647671493
counter/10/0/0/0,10280:1747647657936:,1747647671493
counter/2/0/0/0,10805:1747647657509:,1747647671494
counter/5/0/0/0,10791:1747647657806:,1747647671494
counter/5/0/0/0,10792:1747647657806:,1747647671494
counter/5/0/0/0,10793:1747647657806:,1747647671494
counter/8/0/0/0,10984:1747647657721:,1747647671495
counter/8/0/0/0,10985:1747647657721:,1747647671495
counter/8/0/0/0,10986:1747647657721:,1747647671495
counter/8/0/0/0,10987:1747647657732:,1747647671495
counter/4/0/0/0,11230:1747647659599:,1747647671495
counter/1/0/0/0,11942:1747647659129:,1747647671496
counter/8/0/0/0,10988:1747647657732:,1747647671497
counter/4/0/0/0,11231:1747647659599:,1747647671498
counter/8/0/0/0,10989:1747647657732:,1747647671498
counter/3/0/0/0,11396:1747647659117:,1747647671498
counter/3/0/0/0,11397:1747647659118:,1747647671498
counter/10/0/0/0,10281:1747647657936:,1747647671498
counter/10/0/0/0,10282:1747647657936:,1747647671498
counter/10/0/0/0,10283:1747647657936:,1747647671498
counter/2/0/0/0,10806:1747647657509:,1747647671498
counter/5/0/0/0,10794:1747647657806:,1747647671498
counter/2/0/0/0,10807:1747647657509:,1747647671498
counter/7/0/0/0,10745:1747647658195:,1747647671499
counter/7/0/0/0,10746:1747647658195:,1747647671499
counter/9/0/0/0,11391:1747647658120:,1747647671499
counter/9/0/0/0,11392:1747647658120:,1747647671499
counter/9/0/0/0,11393:1747647658120:,1747647671499
counter/9/0/0/0,11394:1747647658120:,1747647671499
counter/9/0/0/0,11395:1747647658120:,1747647671500
counter/1/0/0/0,11943:1747647659132:,1747647671500
counter/5/0/0/0,10795:1747647657806:,1747647671500
counter/5/0/0/0,10796:1747647657806:,1747647671500
counter/5/0/0/0,10797:1747647657806:,1747647671500
counter/2/0/0/0,10808:1747647657509:,1747647671500
counter/5/0/0/0,10798:1747647657806:,1747647671500
counter/9/0/0/0,11396:1747647658120:,1747647671501
counter/4/0/0/0,11232:1747647659599:,1747647671501
counter/3/0/0/0,11398:1747647659118:,1747647671501
counter/3/0/0/0,11399:1747647659118:,1747647671501
counter/3/0/0/0,11400:1747647659118:,1747647671501
counter/3/0/0/0,11401:1747647659119:,1747647671501
counter/3/0/0/0,11402:1747647659119:,1747647671501
counter/1/0/0/0,11944:1747647659132:,1747647671501
counter/10/0/0/0,10284:1747647657936:,1747647671502
counter/1/0/0/0,11945:1747647659132:,1747647671502
counter/5/0/0/0,10799:1747647657806:,1747647671502
counter/1/0/0/0,11946:1747647659132:,1747647671502
counter/1/0/0/0,11947:1747647659132:,1747647671503
counter/7/0/0/0,10747:1747647658195:,1747647671503
counter/6/0/0/0,10310:1747647658308:,1747647671503
counter/5/0/0/0,10800:1747647657806:,1747647671503
counter/5/0/0/0,10801:1747647657806:,1747647671503
counter/5/0/0/0,10802:1747647657806:,1747647671503
counter/5/0/0/0,10803:1747647657806:,1747647671503
counter/5/0/0/0,10804:1747647657806:,1747647671504
counter/5/0/0/0,10805:1747647657806:,1747647671504
counter/3/0/0/0,11403:1747647659119:,1747647671504
counter/2/0/0/0,10809:1747647657509:,1747647671507
counter/5/0/0/0,10806:1747647657816:,1747647671507
counter/5/0/0/0,10807:1747647657817:,1747647671507
counter/5/0/0/0,10808:1747647657817:,1747647671507
counter/9/0/0/0,11397:1747647658120:,1747647671507
counter/5/0/0/0,10809:1747647657817:,1747647671507
counter/5/0/0/0,10810:1747647657817:,1747647671507
counter/5/0/0/0,10811:1747647657817:,1747647671507
counter/9/0/0/0,11398:1747647658120:,1747647671508
counter/2/0/0/0,10810:1747647657509:,1747647671509
counter/2/0/0/0,10811:1747647657509:,1747647671509
counter/3/0/0/0,11404:1747647659124:,1747647671512
counter/8/0/0/0,10990:1747647657732:,1747647671512
counter/8/0/0/0,10991:1747647657732:,1747647671513
counter/1/0/0/0,11948:1747647659135:,1747647671513
counter/4/0/0/0,11233:1747647659599:,1747647671513
counter/4/0/0/0,11234:1747647659600:,1747647671513
counter/4/0/0/0,11235:1747647659600:,1747647671513
counter/4/0/0/0,11236:1747647659600:,1747647671513
counter/10/0/0/0,10285:1747647657936:,1747647671513
counter/8/0/0/0,10992:1747647657732:,1747647671515
counter/4/0/0/0,11237:1747647659600:,1747647671515
counter/7/0/0/0,10748:1747647658195:,1747647671515
counter/7/0/0/0,10749:1747647658195:,1747647671516
counter/3/0/0/0,11405:1747647659124:,1747647671516
counter/3/0/0/0,11406:1747647659124:,1747647671516
counter/3/0/0/0,11407:1747647659124:,1747647671516
counter/3/0/0/0,11408:1747647659124:,1747647671516
counter/3/0/0/0,11409:1747647659125:,1747647671516
counter/3/0/0/0,11410:1747647659125:,1747647671516
counter/3/0/0/0,11411:1747647659125:,1747647671516
counter/3/0/0/0,11412:1747647659125:,1747647671516
counter/3/0/0/0,11413:1747647659125:,1747647671516
counter/3/0/0/0,11414:1747647659129:,1747647671516
counter/3/0/0/0,11415:1747647659129:,1747647671516
counter/3/0/0/0,11416:1747647659129:,1747647671516
counter/3/0/0/0,11417:1747647659129:,1747647671516
counter/9/0/0/0,11399:1747647658120:,1747647671516
counter/7/0/0/0,10750:1747647658195:,1747647671516
counter/9/0/0/0,11400:1747647658120:,1747647671516
counter/3/0/0/0,11418:1747647659129:,1747647671516
counter/8/0/0/0,10993:1747647657732:,1747647671516
counter/7/0/0/0,10751:1747647658200:,1747647671517
counter/7/0/0/0,10752:1747647658200:,1747647671517
counter/7/0/0/0,10753:1747647658200:,1747647671517
counter/7/0/0/0,10754:1747647658200:,1747647671517
counter/7/0/0/0,10755:1747647658200:,1747647671517
counter/7/0/0/0,10756:1747647658200:,1747647671517
counter/7/0/0/0,10757:1747647658201:,1747647671517
counter/7/0/0/0,10758:1747647658201:,1747647671517
counter/7/0/0/0,10759:1747647658201:,1747647671517
counter/7/0/0/0,10760:1747647658201:,1747647671518
counter/6/0/0/0,10311:1747647658308:,1747647671519
counter/6/0/0/0,10312:1747647658308:,1747647671519
counter/6/0/0/0,10313:1747647658308:,1747647671519
counter/6/0/0/0,10314:1747647658308:,1747647671519
counter/6/0/0/0,10315:1747647658309:,1747647671519
counter/6/0/0/0,10316:1747647658309:,1747647671519
counter/6/0/0/0,10317:1747647658309:,1747647671519
counter/6/0/0/0,10318:1747647658309:,1747647671519
counter/6/0/0/0,10319:1747647658309:,1747647671519
counter/6/0/0/0,10320:1747647658309:,1747647671519
counter/6/0/0/0,10321:1747647658309:,1747647671520
counter/6/0/0/0,10322:1747647658309:,1747647671520
counter/6/0/0/0,10323:1747647658309:,1747647671520
counter/6/0/0/0,10324:1747647658309:,1747647671520
counter/6/0/0/0,10325:1747647658309:,1747647671520
counter/6/0/0/0,10326:1747647658309:,1747647671520
counter/8/0/0/0,10994:1747647657732:,1747647671520
counter/6/0/0/0,10327:1747647658309:,1747647671520
counter/9/0/0/0,11401:1747647658121:,1747647671520
counter/6/0/0/0,10328:1747647658309:,1747647671520
counter/6/0/0/0,10329:1747647658309:,1747647671520
counter/6/0/0/0,10330:1747647658309:,1747647671520
counter/6/0/0/0,10331:1747647658309:,1747647671520
counter/6/0/0/0,10332:1747647658309:,1747647671520
counter/6/0/0/0,10333:1747647658309:,1747647671520
counter/6/0/0/0,10334:1747647658309:,1747647671520
counter/6/0/0/0,10335:1747647658309:,1747647671520
counter/6/0/0/0,10336:1747647658309:,1747647671520
counter/3/0/0/0,11419:1747647659129:,1747647671521
counter/6/0/0/0,10337:1747647658309:,1747647671521
counter/6/0/0/0,10338:1747647658309:,1747647671521
counter/6/0/0/0,10339:1747647658309:,1747647671521
counter/6/0/0/0,10340:1747647658309:,1747647671521
counter/6/0/0/0,10341:1747647658309:,1747647671521
counter/6/0/0/0,10342:1747647658309:,1747647671521
counter/6/0/0/0,10343:1747647658309:,1747647671521
counter/6/0/0/0,10344:1747647658309:,1747647671521
counter/6/0/0/0,10345:1747647658310:,1747647671521
counter/6/0/0/0,10346:1747647658310:,1747647671521
counter/6/0/0/0,10347:1747647658310:,1747647671521
counter/6/0/0/0,10348:1747647658312:,1747647671521
counter/6/0/0/0,10349:1747647658312:,1747647671521
counter/6/0/0/0,10350:1747647658312:,1747647671521
counter/6/0/0/0,10351:1747647658313:,1747647671521
counter/10/0/0/0,10286:1747647657938:,1747647671521
counter/9/0/0/0,11402:1747647658121:,1747647671521
counter/5/0/0/0,10812:1747647657817:,1747647671522
counter/10/0/0/0,10287:1747647657939:,1747647671522
counter/9/0/0/0,11403:1747647658121:,1747647671523
counter/10/0/0/0,10288:1747647657939:,1747647671523
counter/9/0/0/0,11404:1747647658122:,1747647671523
counter/9/0/0/0,11405:1747647658122:,1747647671523
counter/9/0/0/0,11406:1747647658122:,1747647671523
counter/3/0/0/0,11420:1747647659129:,1747647671523
counter/6/0/0/0,10352:1747647658313:,1747647671523
counter/6/0/0/0,10353:1747647658313:,1747647671523
counter/6/0/0/0,10354:1747647658313:,1747647671523
counter/6/0/0/0,10355:1747647658313:,1747647671523
counter/6/0/0/0,10356:1747647658313:,1747647671523
counter/10/0/0/0,10289:1747647657939:,1747647671525
counter/6/0/0/0,10357:1747647658313:,1747647671525
counter/6/0/0/0,10358:1747647658313:,1747647671525
counter/6/0/0/0,10359:1747647658313:,1747647671525
counter/6/0/0/0,10360:1747647658313:,1747647671525
counter/6/0/0/0,10361:1747647658313:,1747647671525
counter/6/0/0/0,10362:1747647658313:,1747647671525
counter/6/0/0/0,10363:1747647658313:,1747647671525
counter/6/0/0/0,10364:1747647658313:,1747647671525
counter/6/0/0/0,10365:1747647658313:,1747647671525
counter/6/0/0/0,10366:1747647658313:,1747647671525
counter/6/0/0/0,10367:1747647658313:,1747647671525
counter/6/0/0/0,10368:1747647658313:,1747647671525
counter/6/0/0/0,10369:1747647658313:,1747647671525
counter/6/0/0/0,10370:1747647658313:,1747647671525
counter/6/0/0/0,10371:1747647658314:,1747647671525
counter/6/0/0/0,10372:1747647658314:,1747647671525
counter/9/0/0/0,11407:1747647658122:,1747647671525
counter/8/0/0/0,10995:1747647657743:,1747647671525
counter/8/0/0/0,10996:1747647657743:,1747647671525
counter/8/0/0/0,10997:1747647657744:,1747647671525
counter/8/0/0/0,10998:1747647657744:,1747647671525
counter/8/0/0/0,10999:1747647657744:,1747647671525
counter/8/0/0/0,11000:1747647657744:,1747647671526
counter/8/0/0/0,11001:1747647657744:,1747647671526
counter/8/0/0/0,11002:1747647657744:,1747647671526
counter/5/0/0/0,10813:1747647657817:,1747647671526
counter/8/0/0/0,11003:1747647657756:,1747647671526
counter/5/0/0/0,10814:1747647657817:,1747647671526
counter/5/0/0/0,10815:1747647657817:,1747647671526
counter/5/0/0/0,10816:1747647657828:,1747647671526
counter/5/0/0/0,10817:1747647657828:,1747647671526
counter/9/0/0/0,11408:1747647658122:,1747647671526
counter/9/0/0/0,11409:1747647658122:,1747647671526
counter/9/0/0/0,11410:1747647658122:,1747647671526
counter/9/0/0/0,11411:1747647658122:,1747647671526
counter/9/0/0/0,11412:1747647658122:,1747647671526
counter/9/0/0/0,11413:1747647658122:,1747647671526
counter/9/0/0/0,11414:1747647658122:,1747647671526
counter/9/0/0/0,11415:1747647658122:,1747647671526
counter/9/0/0/0,11416:1747647658122:,1747647671526
counter/9/0/0/0,11417:1747647658122:,1747647671526
counter/9/0/0/0,11418:1747647658122:,1747647671526
counter/9/0/0/0,11419:1747647658122:,1747647671526
counter/9/0/0/0,11420:1747647658123:,1747647671526
counter/7/0/0/0,10761:1747647658201:,1747647671526
counter/9/0/0/0,11421:1747647658123:,1747647671526
counter/7/0/0/0,10762:1747647658202:,1747647671526
counter/9/0/0/0,11422:1747647658123:,1747647671526
counter/7/0/0/0,10763:1747647658202:,1747647671526
counter/9/0/0/0,11423:1747647658123:,1747647671527
counter/1/0/0/0,11949:1747647659135:,1747647671527
counter/4/0/0/0,11238:1747647659600:,1747647671527
counter/4/0/0/0,11239:1747647659600:,1747647671527
counter/4/0/0/0,11240:1747647659600:,1747647671527
counter/4/0/0/0,11241:1747647659600:,1747647671527
counter/10/0/0/0,10290:1747647657939:,1747647671527
counter/4/0/0/0,11242:1747647659600:,1747647671527
counter/4/0/0/0,11243:1747647659600:,1747647671527
counter/8/0/0/0,11004:1747647657756:,1747647671528
counter/6/0/0/0,10373:1747647658316:,1747647671528
counter/6/0/0/0,10374:1747647658316:,1747647671528
counter/6/0/0/0,10375:1747647658333:,1747647671528
counter/6/0/0/0,10376:1747647658333:,1747647671528
counter/6/0/0/0,10377:1747647658333:,1747647671528
counter/6/0/0/0,10378:1747647658333:,1747647671528
counter/6/0/0/0,10379:1747647658333:,1747647671528
counter/6/0/0/0,10380:1747647658333:,1747647671528
counter/6/0/0/0,10381:1747647658333:,1747647671528
counter/6/0/0/0,10382:1747647658333:,1747647671528
counter/6/0/0/0,10383:1747647658333:,1747647671528
counter/6/0/0/0,10384:1747647658333:,1747647671529
counter/6/0/0/0,10385:1747647658333:,1747647671529
counter/6/0/0/0,10386:1747647658335:,1747647671529
counter/6/0/0/0,10387:1747647658335:,1747647671529
counter/6/0/0/0,10388:1747647658342:,1747647671529
counter/6/0/0/0,10389:1747647658342:,1747647671529
counter/6/0/0/0,10390:1747647658342:,1747647671529
counter/6/0/0/0,10391:1747647658342:,1747647671529
counter/6/0/0/0,10392:1747647658342:,1747647671529
counter/6/0/0/0,10393:1747647658342:,1747647671529
counter/6/0/0/0,10394:1747647658342:,1747647671529
counter/3/0/0/0,11421:1747647659129:,1747647671529
counter/3/0/0/0,11422:1747647659129:,1747647671529
counter/9/0/0/0,11424:1747647658123:,1747647671529
counter/9/0/0/0,11425:1747647658123:,1747647671530
counter/9/0/0/0,11426:1747647658123:,1747647671530
counter/9/0/0/0,11427:1747647658123:,1747647671530
counter/9/0/0/0,11428:1747647658123:,1747647671530
counter/9/0/0/0,11429:1747647658123:,1747647671530
counter/1/0/0/0,11950:1747647659141:,1747647671530
counter/1/0/0/0,11951:1747647659142:,1747647671530
counter/1/0/0/0,11952:1747647659142:,1747647671530
counter/1/0/0/0,11953:1747647659142:,1747647671530
counter/1/0/0/0,11954:1747647659142:,1747647671530
counter/1/0/0/0,11955:1747647659142:,1747647671530
counter/1/0/0/0,11956:1747647659142:,1747647671530
counter/1/0/0/0,11957:1747647659142:,1747647671530
counter/1/0/0/0,11958:1747647659142:,1747647671530
counter/1/0/0/0,11959:1747647659142:,1747647671530
counter/1/0/0/0,11960:1747647659142:,1747647671530
counter/1/0/0/0,11961:1747647659152:,1747647671530
counter/1/0/0/0,11962:1747647659152:,1747647671530
counter/6/0/0/0,10395:1747647658342:,1747647671530
counter/1/0/0/0,11963:1747647659152:,1747647671530
counter/1/0/0/0,11964:1747647659167:,1747647671530
counter/10/0/0/0,10291:1747647657939:,1747647671530
counter/1/0/0/0,11965:1747647659167:,1747647671530
counter/10/0/0/0,10292:1747647657939:,1747647671530
counter/4/0/0/0,11244:1747647659600:,1747647671530
counter/1/0/0/0,11966:1747647659167:,1747647671531
counter/10/0/0/0,10293:1747647657945:,1747647671531
counter/1/0/0/0,11967:1747647659167:,1747647671531
counter/7/0/0/0,10764:1747647658202:,1747647671531
counter/3/0/0/0,11423:1747647659133:,1747647671531
counter/3/0/0/0,11424:1747647659133:,1747647671531
counter/3/0/0/0,11425:1747647659133:,1747647671531
counter/9/0/0/0,11430:1747647658123:,1747647671531
counter/1/0/0/0,11968:1747647659174:,1747647671531
counter/9/0/0/0,11431:1747647658123:,1747647671531
counter/9/0/0/0,11432:1747647658123:,1747647671531
counter/9/0/0/0,11433:1747647658123:,1747647671531
counter/9/0/0/0,11434:1747647658123:,1747647671531
counter/9/0/0/0,11435:1747647658123:,1747647671531
counter/9/0/0/0,11436:1747647658123:,1747647671531
counter/7/0/0/0,10765:1747647658202:,1747647671531
counter/9/0/0/0,11437:1747647658123:,1747647671531
counter/9/0/0/0,11438:1747647658123:,1747647671531
counter/10/0/0/0,10294:1747647657945:,1747647671531
counter/9/0/0/0,11439:1747647658123:,1747647671531
counter/8/0/0/0,11005:1747647657756:,1747647671531
counter/6/0/0/0,10396:1747647658342:,1747647671531
counter/6/0/0/0,10397:1747647658342:,1747647671531
counter/6/0/0/0,10398:1747647658342:,1747647671531
counter/6/0/0/0,10399:1747647658342:,1747647671531
counter/1/0/0/0,11969:1747647659174:,1747647671531
counter/4/0/0/0,11245:1747647659610:,1747647671532
counter/4/0/0/0,11246:1747647659610:,1747647671532
counter/4/0/0/0,11247:1747647659610:,1747647671532
counter/7/0/0/0,10766:1747647658202:,1747647671532
counter/7/0/0/0,10767:1747647658202:,1747647671532
counter/8/0/0/0,11006:1747647657756:,1747647671532
counter/8/0/0/0,11007:1747647657756:,1747647671532
counter/2/0/0/0,10812:1747647657509:,1747647671532
counter/8/0/0/0,11008:1747647657760:,1747647671532
counter/2/0/0/0,10813:1747647657509:,1747647671532
counter/8/0/0/0,11009:1747647657760:,1747647671532
counter/2/0/0/0,10814:1747647657509:,1747647671532
counter/8/0/0/0,11010:1747647657760:,1747647671532
counter/2/0/0/0,10815:1747647657509:,1747647671532
counter/8/0/0/0,11011:1747647657760:,1747647671532
counter/2/0/0/0,10816:1747647657509:,1747647671532
counter/2/0/0/0,10817:1747647657509:,1747647671532
counter/2/0/0/0,10818:1747647657509:,1747647671532
counter/2/0/0/0,10819:1747647657513:,1747647671532
counter/2/0/0/0,10820:1747647657513:,1747647671532
counter/2/0/0/0,10821:1747647657513:,1747647671532
counter/2/0/0/0,10822:1747647657513:,1747647671532
counter/2/0/0/0,10823:1747647657513:,1747647671532
counter/2/0/0/0,10824:1747647657513:,1747647671532
counter/8/0/0/0,11012:1747647657760:,1747647671533
counter/2/0/0/0,10825:1747647657513:,1747647671533
counter/2/0/0/0,10826:1747647657513:,1747647671533
counter/2/0/0/0,10827:1747647657513:,1747647671533
counter/7/0/0/0,10768:1747647658202:,1747647671533
counter/6/0/0/0,10400:1747647658342:,1747647671533
counter/7/0/0/0,10769:1747647658202:,1747647671533
counter/6/0/0/0,10401:1747647658342:,1747647671533
counter/6/0/0/0,10402:1747647658342:,1747647671533
counter/6/0/0/0,10403:1747647658342:,1747647671533
counter/6/0/0/0,10404:1747647658343:,1747647671533
counter/9/0/0/0,11440:1747647658123:,1747647671533
counter/2/0/0/0,10828:1747647657513:,1747647671533
counter/9/0/0/0,11441:1747647658123:,1747647671533
counter/1/0/0/0,11970:1747647659174:,1747647671533
counter/8/0/0/0,11013:1747647657760:,1747647671533
counter/1/0/0/0,11971:1747647659174:,1747647671533
counter/1/0/0/0,11972:1747647659174:,1747647671533
counter/3/0/0/0,11426:1747647659133:,1747647671533
counter/5/0/0/0,10818:1747647657828:,1747647671534
counter/3/0/0/0,11427:1747647659133:,1747647671534
counter/1/0/0/0,11973:1747647659174:,1747647671534
counter/5/0/0/0,10819:1747647657828:,1747647671534
counter/5/0/0/0,10820:1747647657828:,1747647671534
counter/6/0/0/0,10405:1747647658344:,1747647671535
counter/6/0/0/0,10406:1747647658344:,1747647671535
counter/7/0/0/0,10770:1747647658202:,1747647671535
counter/7/0/0/0,10771:1747647658202:,1747647671535
counter/4/0/0/0,11248:1747647659610:,1747647671535
counter/9/0/0/0,11442:1747647658123:,1747647671535
counter/9/0/0/0,11443:1747647658124:,1747647671535
counter/8/0/0/0,11014:1747647657760:,1747647671535
counter/8/0/0/0,11015:1747647657760:,1747647671535
counter/8/0/0/0,11016:1747647657760:,1747647671535
counter/8/0/0/0,11017:1747647657760:,1747647671535
counter/8/0/0/0,11018:1747647657760:,1747647671535
counter/8/0/0/0,11019:1747647657760:,1747647671535
counter/8/0/0/0,11020:1747647657760:,1747647671535
counter/8/0/0/0,11021:1747647657764:,1747647671535
counter/10/0/0/0,10295:1747647657945:,1747647671535
counter/3/0/0/0,11428:1747647659133:,1747647671536
counter/3/0/0/0,11429:1747647659133:,1747647671536
counter/3/0/0/0,11430:1747647659133:,1747647671536
counter/3/0/0/0,11431:1747647659133:,1747647671536
counter/3/0/0/0,11432:1747647659134:,1747647671536
counter/3/0/0/0,11433:1747647659134:,1747647671537
counter/4/0/0/0,11249:1747647659610:,1747647671537
counter/3/0/0/0,11434:1747647659134:,1747647671537
counter/4/0/0/0,11250:1747647659615:,1747647671537
counter/4/0/0/0,11251:1747647659615:,1747647671537
counter/9/0/0/0,11444:1747647658124:,1747647671537
counter/7/0/0/0,10772:1747647658202:,1747647671537
counter/7/0/0/0,10773:1747647658202:,1747647671537
counter/7/0/0/0,10774:1747647658202:,1747647671537
counter/7/0/0/0,10775:1747647658202:,1747647671537
counter/5/0/0/0,10821:1747647657829:,1747647671537
counter/7/0/0/0,10776:1747647658202:,1747647671537
counter/7/0/0/0,10777:1747647658202:,1747647671538
counter/1/0/0/0,11974:1747647659174:,1747647671538
counter/8/0/0/0,11022:1747647657764:,1747647671538
counter/9/0/0/0,11445:1747647658124:,1747647671538
counter/5/0/0/0,10822:1747647657829:,1747647671538
counter/5/0/0/0,10823:1747647657829:,1747647671538
counter/5/0/0/0,10824:1747647657829:,1747647671538
counter/1/0/0/0,11975:1747647659174:,1747647671538
counter/5/0/0/0,10825:1747647657829:,1747647671538
counter/5/0/0/0,10826:1747647657829:,1747647671538
counter/8/0/0/0,11023:1747647657764:,1747647671538
counter/2/0/0/0,10829:1747647657513:,1747647671539
counter/8/0/0/0,11024:1747647657765:,1747647671539
counter/3/0/0/0,11435:1747647659134:,1747647671539
counter/3/0/0/0,11436:1747647659134:,1747647671539
counter/3/0/0/0,11437:1747647659134:,1747647671539
counter/3/0/0/0,11438:1747647659134:,1747647671539
counter/3/0/0/0,11439:1747647659134:,1747647671539
counter/3/0/0/0,11440:1747647659135:,1747647671539
counter/3/0/0/0,11441:1747647659135:,1747647671539
counter/3/0/0/0,11442:1747647659144:,1747647671540
counter/3/0/0/0,11443:1747647659144:,1747647671540
counter/3/0/0/0,11444:1747647659144:,1747647671540
counter/3/0/0/0,11445:1747647659144:,1747647671540
counter/3/0/0/0,11446:1747647659144:,1747647671540
counter/3/0/0/0,11447:1747647659144:,1747647671540
counter/10/0/0/0,10296:1747647657945:,1747647671540
counter/10/0/0/0,10297:1747647657946:,1747647671540
counter/4/0/0/0,11252:1747647659615:,1747647671540
counter/4/0/0/0,11253:1747647659615:,1747647671540
counter/4/0/0/0,11254:1747647659615:,1747647671540
counter/4/0/0/0,11255:1747647659615:,1747647671540
counter/4/0/0/0,11256:1747647659615:,1747647671540
counter/3/0/0/0,11448:1747647659144:,1747647671540
counter/4/0/0/0,11257:1747647659615:,1747647671540
counter/5/0/0/0,10827:1747647657829:,1747647671542
counter/5/0/0/0,10828:1747647657829:,1747647671542
counter/5/0/0/0,10829:1747647657829:,1747647671542
counter/5/0/0/0,10830:1747647657829:,1747647671542
counter/5/0/0/0,10831:1747647657829:,1747647671542
counter/5/0/0/0,10832:1747647657831:,1747647671542
counter/5/0/0/0,10833:1747647657831:,1747647671542
counter/5/0/0/0,10834:1747647657831:,1747647671542
counter/5/0/0/0,10835:1747647657831:,1747647671542
counter/5/0/0/0,10836:1747647657831:,1747647671542
counter/8/0/0/0,11025:1747647657765:,1747647671544
counter/2/0/0/0,10830:1747647657522:,1747647671545
counter/3/0/0/0,11449:1747647659145:,1747647671545
counter/3/0/0/0,11450:1747647659145:,1747647671545
counter/3/0/0/0,11451:1747647659152:,1747647671545
counter/3/0/0/0,11452:1747647659152:,1747647671545
counter/3/0/0/0,11453:1747647659152:,1747647671545
counter/3/0/0/0,11454:1747647659152:,1747647671545
counter/3/0/0/0,11455:1747647659152:,1747647671545
counter/3/0/0/0,11456:1747647659152:,1747647671545
counter/3/0/0/0,11457:1747647659152:,1747647671545
counter/10/0/0/0,10298:1747647657953:,1747647671545
counter/3/0/0/0,11458:1747647659152:,1747647671545
counter/4/0/0/0,11258:1747647659615:,1747647671545
counter/4/0/0/0,11259:1747647659615:,1747647671545
counter/1/0/0/0,11976:1747647659174:,1747647671545
counter/6/0/0/0,10407:1747647658344:,1747647671545
counter/6/0/0/0,10408:1747647658344:,1747647671545
counter/4/0/0/0,11260:1747647659615:,1747647671547
counter/8/0/0/0,11026:1747647657765:,1747647671548
counter/8/0/0/0,11027:1747647657765:,1747647671548
counter/8/0/0/0,11028:1747647657765:,1747647671548
counter/8/0/0/0,11029:1747647657765:,1747647671548
counter/7/0/0/0,10778:1747647658202:,1747647671548
counter/8/0/0/0,11030:1747647657765:,1747647671548
counter/6/0/0/0,10409:1747647658344:,1747647671548
counter/8/0/0/0,11031:1747647657765:,1747647671549
counter/8/0/0/0,11032:1747647657765:,1747647671549
counter/8/0/0/0,11033:1747647657765:,1747647671549
counter/8/0/0/0,11034:1747647657765:,1747647671549
counter/8/0/0/0,11035:1747647657765:,1747647671549
counter/8/0/0/0,11036:1747647657765:,1747647671549
counter/8/0/0/0,11037:1747647657766:,1747647671549
counter/8/0/0/0,11038:1747647657766:,1747647671549
counter/9/0/0/0,11446:1747647658124:,1747647671549
counter/8/0/0/0,11039:1747647657766:,1747647671549
counter/8/0/0/0,11040:1747647657766:,1747647671549
counter/8/0/0/0,11041:1747647657780:,1747647671549
counter/2/0/0/0,10831:1747647657522:,1747647671549
counter/2/0/0/0,10832:1747647657522:,1747647671550
counter/7/0/0/0,10779:1747647658202:,1747647671550
counter/8/0/0/0,11042:1747647657780:,1747647671550
counter/8/0/0/0,11043:1747647657780:,1747647671550
counter/8/0/0/0,11044:1747647657780:,1747647671550
counter/10/0/0/0,10299:1747647657953:,1747647671550
counter/10/0/0/0,10300:1747647657953:,1747647671550
counter/10/0/0/0,10301:1747647657953:,1747647671550
counter/6/0/0/0,10410:1747647658345:,1747647671551
counter/10/0/0/0,10302:1747647657953:,1747647671551
counter/10/0/0/0,10303:1747647657953:,1747647671551
counter/4/0/0/0,11261:1747647659615:,1747647671553
counter/8/0/0/0,11045:1747647657780:,1747647671553
counter/8/0/0/0,11046:1747647657780:,1747647671554
counter/8/0/0/0,11047:1747647657780:,1747647671554
counter/6/0/0/0,10411:1747647658345:,1747647671554
counter/8/0/0/0,11048:1747647657780:,1747647671554
counter/6/0/0/0,10412:1747647658346:,1747647671554
counter/8/0/0/0,11049:1747647657780:,1747647671554
counter/6/0/0/0,10413:1747647658346:,1747647671554
counter/8/0/0/0,11050:1747647657780:,1747647671554
counter/2/0/0/0,10833:1747647657522:,1747647671555
counter/4/0/0/0,11262:1747647659615:,1747647671555
counter/2/0/0/0,10834:1747647657522:,1747647671555
counter/2/0/0/0,10835:1747647657522:,1747647671556
counter/3/0/0/0,11459:1747647659154:,1747647671556
counter/3/0/0/0,11460:1747647659154:,1747647671556
counter/1/0/0/0,11977:1747647659174:,1747647671556
counter/3/0/0/0,11461:1747647659154:,1747647671557
counter/3/0/0/0,11462:1747647659154:,1747647671557
counter/3/0/0/0,11463:1747647659154:,1747647671557
counter/3/0/0/0,11464:1747647659154:,1747647671557
counter/3/0/0/0,11465:1747647659154:,1747647671557
counter/8/0/0/0,11051:1747647657781:,1747647671557
counter/9/0/0/0,11447:1747647658124:,1747647671557
counter/9/0/0/0,11448:1747647658129:,1747647671557
counter/7/0/0/0,10780:1747647658202:,1747647671557
counter/1/0/0/0,11978:1747647659174:,1747647671557
counter/2/0/0/0,10836:1747647657522:,1747647671557
counter/2/0/0/0,10837:1747647657522:,1747647671557
counter/6/0/0/0,10414:1747647658346:,1747647671558
counter/10/0/0/0,10304:1747647657953:,1747647671558
counter/4/0/0/0,11263:1747647659615:,1747647671558
counter/6/0/0/0,10415:1747647658346:,1747647671559
counter/10/0/0/0,10305:1747647657953:,1747647671559
counter/6/0/0/0,10416:1747647658346:,1747647671559
counter/6/0/0/0,10417:1747647658346:,1747647671559
counter/6/0/0/0,10418:1747647658346:,1747647671559
counter/6/0/0/0,10419:1747647658346:,1747647671559
counter/6/0/0/0,10420:1747647658346:,1747647671559
counter/6/0/0/0,10421:1747647658346:,1747647671559
counter/6/0/0/0,10422:1747647658346:,1747647671559
counter/7/0/0/0,10781:1747647658202:,1747647671562
counter/7/0/0/0,10782:1747647658202:,1747647671562
counter/7/0/0/0,10783:1747647658202:,1747647671562
counter/7/0/0/0,10784:1747647658202:,1747647671562
counter/7/0/0/0,10785:1747647658202:,1747647671562
counter/10/0/0/0,10306:1747647657954:,1747647671563
counter/6/0/0/0,10423:1747647658346:,1747647671564
counter/6/0/0/0,10424:1747647658346:,1747647671564
counter/6/0/0/0,10425:1747647658346:,1747647671564
counter/6/0/0/0,10426:1747647658346:,1747647671564
counter/6/0/0/0,10427:1747647658346:,1747647671564
counter/6/0/0/0,10428:1747647658346:,1747647671564
counter/6/0/0/0,10429:1747647658346:,1747647671564
counter/6/0/0/0,10430:1747647658350:,1747647671564
counter/6/0/0/0,10431:1747647658351:,1747647671564
counter/6/0/0/0,10432:1747647658351:,1747647671565
counter/6/0/0/0,10433:1747647658351:,1747647671565
counter/6/0/0/0,10434:1747647658351:,1747647671565
counter/7/0/0/0,10786:1747647658202:,1747647671565
counter/7/0/0/0,10787:1747647658202:,1747647671565
counter/7/0/0/0,10788:1747647658202:,1747647671565
counter/7/0/0/0,10789:1747647658202:,1747647671565
counter/7/0/0/0,10790:1747647658203:,1747647671565
counter/7/0/0/0,10791:1747647658203:,1747647671565
counter/7/0/0/0,10792:1747647658203:,1747647671565
counter/7/0/0/0,10793:1747647658203:,1747647671565
counter/7/0/0/0,10794:1747647658203:,1747647671565
counter/8/0/0/0,11052:1747647657781:,1747647671565
counter/1/0/0/0,11979:1747647659174:,1747647671565
counter/2/0/0/0,10838:1747647657522:,1747647671567
counter/2/0/0/0,10839:1747647657527:,1747647671567
counter/5/0/0/0,10837:1747647657831:,1747647671567
counter/1/0/0/0,11980:1747647659174:,1747647671567
counter/8/0/0/0,11053:1747647657788:,1747647671567
counter/10/0/0/0,10307:1747647657954:,1747647671567
counter/5/0/0/0,10838:1747647657831:,1747647671567
counter/1/0/0/0,11981:1747647659174:,1747647671567
counter/1/0/0/0,11982:1747647659178:,1747647671567
counter/1/0/0/0,11983:1747647659178:,1747647671567
counter/4/0/0/0,11264:1747647659615:,1747647671567
counter/9/0/0/0,11449:1747647658129:,1747647671567
counter/9/0/0/0,11450:1747647658129:,1747647671567
counter/9/0/0/0,11451:1747647658129:,1747647671567
counter/10/0/0/0,10308:1747647657954:,1747647671568
counter/10/0/0/0,10309:1747647657954:,1747647671568
counter/7/0/0/0,10795:1747647658203:,1747647671568
counter/10/0/0/0,10310:1747647657954:,1747647671568
counter/7/0/0/0,10796:1747647658205:,1747647671568
counter/10/0/0/0,10311:1747647657955:,1747647671568
counter/7/0/0/0,10797:1747647658205:,1747647671568
counter/10/0/0/0,10312:1747647657955:,1747647671568
counter/10/0/0/0,10313:1747647657955:,1747647671568
counter/5/0/0/0,10839:1747647657831:,1747647671568
counter/6/0/0/0,10435:1747647658351:,1747647671569
counter/6/0/0/0,10436:1747647658351:,1747647671569
counter/10/0/0/0,10314:1747647657955:,1747647671569
counter/6/0/0/0,10437:1747647658351:,1747647671569
counter/10/0/0/0,10315:1747647657955:,1747647671570
counter/6/0/0/0,10438:1747647658351:,1747647671570
counter/10/0/0/0,10316:1747647657955:,1747647671570
counter/6/0/0/0,10439:1747647658351:,1747647671570
counter/6/0/0/0,10440:1747647658351:,1747647671570
counter/6/0/0/0,10441:1747647658351:,1747647671570
counter/6/0/0/0,10442:1747647658351:,1747647671570
counter/6/0/0/0,10443:1747647658351:,1747647671570
counter/6/0/0/0,10444:1747647658351:,1747647671570
counter/6/0/0/0,10445:1747647658351:,1747647671570
counter/6/0/0/0,10446:1747647658351:,1747647671570
counter/5/0/0/0,10840:1747647657831:,1747647671571
counter/8/0/0/0,11054:1747647657788:,1747647671571
counter/3/0/0/0,11466:1747647659154:,1747647671571
counter/6/0/0/0,10447:1747647658351:,1747647671571
counter/6/0/0/0,10448:1747647658351:,1747647671571
counter/6/0/0/0,10449:1747647658351:,1747647671571
counter/6/0/0/0,10450:1747647658351:,1747647671571
counter/6/0/0/0,10451:1747647658351:,1747647671571
counter/6/0/0/0,10452:1747647658351:,1747647671571
counter/6/0/0/0,10453:1747647658351:,1747647671571
counter/7/0/0/0,10798:1747647658205:,1747647671571
counter/7/0/0/0,10799:1747647658205:,1747647671571
counter/7/0/0/0,10800:1747647658205:,1747647671571
counter/7/0/0/0,10801:1747647658205:,1747647671572
counter/7/0/0/0,10802:1747647658205:,1747647671572
counter/7/0/0/0,10803:1747647658205:,1747647671572
counter/7/0/0/0,10804:1747647658205:,1747647671572
counter/8/0/0/0,11055:1747647657788:,1747647671572
counter/7/0/0/0,10805:1747647658205:,1747647671573
counter/7/0/0/0,10806:1747647658205:,1747647671573
counter/7/0/0/0,10807:1747647658205:,1747647671573
counter/4/0/0/0,11265:1747647659618:,1747647671574
counter/4/0/0/0,11266:1747647659618:,1747647671574
counter/4/0/0/0,11267:1747647659619:,1747647671574
counter/4/0/0/0,11268:1747647659619:,1747647671574
counter/4/0/0/0,11269:1747647659619:,1747647671574
counter/4/0/0/0,11270:1747647659619:,1747647671574
counter/4/0/0/0,11271:1747647659619:,1747647671574
counter/4/0/0/0,11272:1747647659619:,1747647671574
counter/4/0/0/0,11273:1747647659619:,1747647671574
counter/4/0/0/0,11274:1747647659619:,1747647671575
counter/7/0/0/0,10808:1747647658205:,1747647671575
counter/6/0/0/0,10454:1747647658351:,1747647671575
counter/10/0/0/0,10317:1747647657955:,1747647671575
counter/9/0/0/0,11452:1747647658129:,1747647671578
counter/9/0/0/0,11453:1747647658129:,1747647671578
counter/6/0/0/0,10455:1747647658351:,1747647671579
counter/9/0/0/0,11454:1747647658129:,1747647671579
counter/10/0/0/0,10318:1747647657955:,1747647671579
counter/8/0/0/0,11056:1747647657788:,1747647671579
counter/10/0/0/0,10319:1747647657955:,1747647671579
counter/10/0/0/0,10320:1747647657955:,1747647671579
counter/10/0/0/0,10321:1747647657955:,1747647671579
counter/10/0/0/0,10322:1747647657955:,1747647671579
counter/10/0/0/0,10323:1747647657955:,1747647671579
counter/10/0/0/0,10324:1747647657955:,1747647671579
counter/10/0/0/0,10325:1747647657955:,1747647671580
counter/7/0/0/0,10809:1747647658205:,1747647671580
counter/6/0/0/0,10456:1747647658351:,1747647671580
counter/7/0/0/0,10810:1747647658210:,1747647671580
counter/6/0/0/0,10457:1747647658351:,1747647671580
counter/6/0/0/0,10458:1747647658351:,1747647671580
counter/6/0/0/0,10459:1747647658356:,1747647671580
counter/3/0/0/0,11467:1747647659157:,1747647671580
counter/2/0/0/0,10840:1747647657528:,1747647671580
counter/2/0/0/0,10841:1747647657528:,1747647671581
counter/10/0/0/0,10326:1747647657956:,1747647671581
counter/4/0/0/0,11275:1747647659619:,1747647671581
counter/10/0/0/0,10327:1747647657957:,1747647671581
counter/10/0/0/0,10328:1747647657957:,1747647671582
counter/10/0/0/0,10329:1747647657957:,1747647671582
counter/10/0/0/0,10330:1747647657957:,1747647671582
counter/10/0/0/0,10331:1747647657957:,1747647671582
counter/6/0/0/0,10460:1747647658356:,1747647671582
counter/5/0/0/0,10841:1747647657831:,1747647671582
counter/5/0/0/0,10842:1747647657831:,1747647671582
counter/5/0/0/0,10843:1747647657831:,1747647671582
counter/4/0/0/0,11276:1747647659619:,1747647671582
counter/4/0/0/0,11277:1747647659619:,1747647671582
counter/1/0/0/0,11984:1747647659178:,1747647671582
counter/10/0/0/0,10332:1747647657957:,1747647671582
counter/7/0/0/0,10811:1747647658210:,1747647671582
counter/7/0/0/0,10812:1747647658211:,1747647671582
counter/7/0/0/0,10813:1747647658211:,1747647671582
counter/4/0/0/0,11278:1747647659619:,1747647671585
counter/4/0/0/0,11279:1747647659619:,1747647671585
counter/4/0/0/0,11280:1747647659622:,1747647671585
counter/4/0/0/0,11281:1747647659622:,1747647671585
counter/4/0/0/0,11282:1747647659623:,1747647671585
counter/4/0/0/0,11283:1747647659623:,1747647671585
counter/4/0/0/0,11284:1747647659623:,1747647671585
counter/4/0/0/0,11285:1747647659623:,1747647671585
counter/10/0/0/0,10333:1747647657957:,1747647671585
counter/10/0/0/0,10334:1747647657957:,1747647671585
counter/3/0/0/0,11468:1747647659157:,1747647671585
counter/2/0/0/0,10842:1747647657528:,1747647671585
counter/2/0/0/0,10843:1747647657528:,1747647671585
counter/2/0/0/0,10844:1747647657528:,1747647671585
counter/6/0/0/0,10461:1747647658356:,1747647671586
counter/5/0/0/0,10844:1747647657831:,1747647671586
counter/5/0/0/0,10845:1747647657831:,1747647671586
counter/5/0/0/0,10846:1747647657835:,1747647671586
counter/5/0/0/0,10847:1747647657835:,1747647671586
counter/6/0/0/0,10462:1747647658356:,1747647671587
counter/10/0/0/0,10335:1747647657957:,1747647671587
counter/10/0/0/0,10336:1747647657957:,1747647671587
counter/10/0/0/0,10337:1747647657957:,1747647671587
counter/10/0/0/0,10338:1747647657957:,1747647671587
counter/10/0/0/0,10339:1747647657957:,1747647671587
counter/10/0/0/0,10340:1747647657957:,1747647671587
counter/10/0/0/0,10341:1747647657957:,1747647671587
counter/10/0/0/0,10342:1747647657957:,1747647671588
counter/10/0/0/0,10343:1747647657957:,1747647671588
counter/10/0/0/0,10344:1747647657957:,1747647671588
counter/10/0/0/0,10345:1747647657957:,1747647671588
counter/10/0/0/0,10346:1747647657957:,1747647671588
counter/6/0/0/0,10463:1747647658374:,1747647671588
counter/6/0/0/0,10464:1747647658374:,1747647671588
counter/6/0/0/0,10465:1747647658374:,1747647671588
counter/6/0/0/0,10466:1747647658375:,1747647671588
counter/6/0/0/0,10467:1747647658375:,1747647671588
counter/3/0/0/0,11469:1747647659157:,1747647671588
counter/8/0/0/0,11057:1747647657788:,1747647671589
counter/6/0/0/0,10468:1747647658375:,1747647671589
counter/6/0/0/0,10469:1747647658375:,1747647671590
counter/6/0/0/0,10470:1747647658375:,1747647671590
counter/6/0/0/0,10471:1747647658375:,1747647671590
counter/6/0/0/0,10472:1747647658375:,1747647671590
counter/6/0/0/0,10473:1747647658382:,1747647671590
counter/6/0/0/0,10474:1747647658382:,1747647671590
counter/6/0/0/0,10475:1747647658382:,1747647671590
counter/6/0/0/0,10476:1747647658382:,1747647671590
counter/6/0/0/0,10477:1747647658382:,1747647671590
counter/6/0/0/0,10478:1747647658382:,1747647671590
counter/6/0/0/0,10479:1747647658382:,1747647671590
counter/6/0/0/0,10480:1747647658382:,1747647671590
counter/6/0/0/0,10481:1747647658382:,1747647671590
counter/6/0/0/0,10482:1747647658395:,1747647671590
counter/6/0/0/0,10483:1747647658395:,1747647671590
counter/6/0/0/0,10484:1747647658429:,1747647671590
counter/6/0/0/0,10485:1747647658429:,1747647671590
counter/9/0/0/0,11455:1747647658129:,1747647671590
counter/1/0/0/0,11985:1747647659178:,1747647671590
counter/3/0/0/0,11470:1747647659157:,1747647671590
counter/5/0/0/0,10848:1747647657835:,1747647671590
counter/7/0/0/0,10814:1747647658211:,1747647671590
counter/8/0/0/0,11058:1747647657789:,1747647671591
counter/8/0/0/0,11059:1747647657789:,1747647671592
counter/8/0/0/0,11060:1747647657790:,1747647671592
counter/5/0/0/0,10849:1747647657835:,1747647671592
counter/5/0/0/0,10850:1747647657835:,1747647671592
counter/8/0/0/0,11061:1747647657790:,1747647671593
counter/8/0/0/0,11062:1747647657790:,1747647671593
counter/8/0/0/0,11063:1747647657790:,1747647671593
counter/8/0/0/0,11064:1747647657790:,1747647671593
counter/8/0/0/0,11065:1747647657790:,1747647671593
counter/1/0/0/0,11986:1747647659178:,1747647671593
counter/7/0/0/0,10815:1747647658211:,1747647671593
counter/1/0/0/0,11987:1747647659178:,1747647671593
counter/6/0/0/0,10486:1747647658429:,1747647671593
counter/9/0/0/0,11456:1747647658129:,1747647671593
counter/4/0/0/0,11286:1747647659623:,1747647671593
counter/4/0/0/0,11287:1747647659631:,1747647671593
counter/4/0/0/0,11288:1747647659631:,1747647671593
counter/4/0/0/0,11289:1747647659631:,1747647671593
counter/4/0/0/0,11290:1747647659631:,1747647671593
counter/2/0/0/0,10845:1747647657528:,1747647671593
counter/8/0/0/0,11066:1747647657790:,1747647671594
counter/3/0/0/0,11471:1747647659157:,1747647671594
counter/8/0/0/0,11067:1747647657790:,1747647671595
counter/3/0/0/0,11472:1747647659157:,1747647671595
counter/8/0/0/0,11068:1747647657790:,1747647671595
counter/5/0/0/0,10851:1747647657836:,1747647671596
counter/5/0/0/0,10852:1747647657836:,1747647671596
counter/5/0/0/0,10853:1747647657836:,1747647671596
counter/5/0/0/0,10854:1747647657836:,1747647671596
counter/9/0/0/0,11457:1747647658129:,1747647671596
counter/9/0/0/0,11458:1747647658130:,1747647671596
counter/1/0/0/0,11988:1747647659178:,1747647671596
counter/4/0/0/0,11291:1747647659631:,1747647671596
counter/10/0/0/0,10347:1747647657957:,1747647671596
counter/8/0/0/0,11069:1747647657790:,1747647671597
counter/3/0/0/0,11473:1747647659157:,1747647671598
counter/8/0/0/0,11070:1747647657799:,1747647671603
counter/6/0/0/0,10487:1747647658429:,1747647671603
counter/5/0/0/0,10855:1747647657836:,1747647671603
counter/9/0/0/0,11459:1747647658130:,1747647671603
counter/1/0/0/0,11989:1747647659178:,1747647671603
counter/7/0/0/0,10816:1747647658211:,1747647671604
counter/7/0/0/0,10817:1747647658211:,1747647671604
counter/3/0/0/0,11474:1747647659157:,1747647671604
counter/9/0/0/0,11460:1747647658130:,1747647671604
counter/4/0/0/0,11292:1747647659631:,1747647671604
counter/6/0/0/0,10488:1747647658429:,1747647671606
counter/3/0/0/0,11475:1747647659158:,1747647671606
counter/9/0/0/0,11461:1747647658130:,1747647671606
counter/5/0/0/0,10856:1747647657836:,1747647671606
counter/2/0/0/0,10846:1747647657528:,1747647671607
counter/1/0/0/0,11990:1747647659178:,1747647671607
counter/1/0/0/0,11991:1747647659178:,1747647671607
counter/1/0/0/0,11992:1747647659178:,1747647671607
counter/1/0/0/0,11993:1747647659178:,1747647671607
counter/1/0/0/0,11994:1747647659178:,1747647671607
counter/1/0/0/0,11995:1747647659178:,1747647671607
counter/1/0/0/0,11996:1747647659179:,1747647671607
counter/8/0/0/0,11071:1747647657799:,1747647671608
counter/8/0/0/0,11072:1747647657799:,1747647671608
counter/8/0/0/0,11073:1747647657799:,1747647671608
counter/8/0/0/0,11074:1747647657799:,1747647671608
counter/8/0/0/0,11075:1747647657799:,1747647671608
counter/8/0/0/0,11076:1747647657799:,1747647671608
counter/8/0/0/0,11077:1747647657799:,1747647671608
counter/8/0/0/0,11078:1747647657799:,1747647671608
counter/8/0/0/0,11079:1747647657799:,1747647671609
counter/8/0/0/0,11080:1747647657799:,1747647671609
counter/8/0/0/0,11081:1747647657799:,1747647671609
counter/9/0/0/0,11462:1747647658130:,1747647671609
counter/9/0/0/0,11463:1747647658130:,1747647671609
counter/6/0/0/0,10489:1747647658447:,1747647671609
counter/8/0/0/0,11082:1747647657799:,1747647671610
counter/8/0/0/0,11083:1747647657799:,1747647671610
counter/8/0/0/0,11084:1747647657799:,1747647671610
counter/3/0/0/0,11476:1747647659159:,1747647671610
counter/9/0/0/0,11464:1747647658130:,1747647671610
counter/6/0/0/0,10490:1747647658447:,1747647671610
counter/6/0/0/0,10491:1747647658447:,1747647671610
counter/6/0/0/0,10492:1747647658447:,1747647671610
counter/2/0/0/0,10847:1747647657528:,1747647671610
counter/4/0/0/0,11293:1747647659631:,1747647671610
counter/7/0/0/0,10818:1747647658211:,1747647671610
counter/7/0/0/0,10819:1747647658211:,1747647671610
counter/7/0/0/0,10820:1747647658211:,1747647671611
counter/3/0/0/0,11477:1747647659159:,1747647671612
counter/3/0/0/0,11478:1747647659159:,1747647671612
counter/3/0/0/0,11479:1747647659159:,1747647671612
counter/3/0/0/0,11480:1747647659159:,1747647671612
counter/3/0/0/0,11481:1747647659159:,1747647671612
counter/3/0/0/0,11482:1747647659159:,1747647671612
counter/3/0/0/0,11483:1747647659159:,1747647671612
counter/5/0/0/0,10857:1747647657836:,1747647671612
counter/1/0/0/0,11997:1747647659179:,1747647671612
counter/6/0/0/0,10493:1747647658447:,1747647671612
counter/6/0/0/0,10494:1747647658447:,1747647671612
counter/8/0/0/0,11085:1747647657799:,1747647671613
counter/10/0/0/0,10348:1747647657957:,1747647671613
counter/6/0/0/0,10495:1747647658451:,1747647671613
counter/1/0/0/0,11998:1747647659179:,1747647671613
counter/1/0/0/0,11999:1747647659179:,1747647671614
counter/1/0/0/0,12000:1747647659179:,1747647671614
counter/8/0/0/0,11086:1747647657799:,1747647671614
counter/7/0/0/0,10821:1747647658211:,1747647671614
counter/8/0/0/0,11087:1747647657799:,1747647671615
counter/7/0/0/0,10822:1747647658211:,1747647671615
counter/6/0/0/0,10496:1747647658452:,1747647671615
counter/9/0/0/0,11465:1747647658130:,1747647671615
counter/9/0/0/0,11466:1747647658130:,1747647671615
counter/9/0/0/0,11467:1747647658130:,1747647671615
counter/1/0/0/0,12001:1747647659179:,1747647671615
counter/7/0/0/0,10823:1747647658211:,1747647671615
counter/7/0/0/0,10824:1747647658211:,1747647671615
counter/7/0/0/0,10825:1747647658211:,1747647671616
counter/10/0/0/0,10349:1747647657957:,1747647671616
counter/10/0/0/0,10350:1747647657957:,1747647671616
counter/9/0/0/0,11468:1747647658130:,1747647671617
counter/4/0/0/0,11294:1747647659631:,1747647671617
counter/7/0/0/0,10826:1747647658211:,1747647671617
counter/7/0/0/0,10827:1747647658214:,1747647671617
counter/7/0/0/0,10828:1747647658214:,1747647671617
counter/7/0/0/0,10829:1747647658214:,1747647671617
counter/7/0/0/0,10830:1747647658214:,1747647671618
counter/1/0/0/0,12002:1747647659179:,1747647671618
counter/4/0/0/0,11295:1747647659631:,1747647671618
counter/4/0/0/0,11296:1747647659631:,1747647671620
counter/3/0/0/0,11484:1747647659159:,1747647671620
counter/3/0/0/0,11485:1747647659159:,1747647671620
counter/3/0/0/0,11486:1747647659159:,1747647671620
counter/3/0/0/0,11487:1747647659159:,1747647671620
counter/3/0/0/0,11488:1747647659159:,1747647671620
counter/3/0/0/0,11489:1747647659159:,1747647671621
counter/3/0/0/0,11490:1747647659159:,1747647671621
counter/3/0/0/0,11491:1747647659159:,1747647671621
counter/3/0/0/0,11492:1747647659159:,1747647671621
counter/3/0/0/0,11493:1747647659159:,1747647671621
counter/3/0/0/0,11494:1747647659159:,1747647671621
counter/3/0/0/0,11495:1747647659159:,1747647671621
counter/3/0/0/0,11496:1747647659159:,1747647671621
counter/3/0/0/0,11497:1747647659159:,1747647671621
counter/3/0/0/0,11498:1747647659159:,1747647671621
counter/3/0/0/0,11499:1747647659159:,1747647671621
counter/3/0/0/0,11500:1747647659159:,1747647671621
counter/8/0/0/0,11088:1747647657799:,1747647671621
counter/8/0/0/0,11089:1747647657799:,1747647671621
counter/8/0/0/0,11090:1747647657799:,1747647671621
counter/8/0/0/0,11091:1747647657799:,1747647671622
counter/10/0/0/0,10351:1747647657958:,1747647671623
counter/10/0/0/0,10352:1747647657958:,1747647671623
counter/10/0/0/0,10353:1747647657958:,1747647671623
counter/10/0/0/0,10354:1747647657958:,1747647671623
counter/10/0/0/0,10355:1747647657964:,1747647671623
counter/4/0/0/0,11297:1747647659632:,1747647671623
counter/7/0/0/0,10831:1747647658222:,1747647671623
counter/9/0/0/0,11469:1747647658131:,1747647671623
counter/7/0/0/0,10832:1747647658222:,1747647671623
counter/7/0/0/0,10833:1747647658222:,1747647671623
counter/2/0/0/0,10848:1747647657528:,1747647671624
counter/1/0/0/0,12003:1747647659179:,1747647671624
counter/8/0/0/0,11092:1747647657800:,1747647671624
counter/8/0/0/0,11093:1747647657800:,1747647671624
counter/8/0/0/0,11094:1747647657800:,1747647671624
counter/8/0/0/0,11095:1747647657800:,1747647671624
counter/8/0/0/0,11096:1747647657800:,1747647671625
counter/8/0/0/0,11097:1747647657800:,1747647671625
counter/8/0/0/0,11098:1747647657800:,1747647671625
counter/8/0/0/0,11099:1747647657800:,1747647671625
counter/8/0/0/0,11100:1747647657800:,1747647671625
counter/5/0/0/0,10858:1747647657836:,1747647671625
counter/2/0/0/0,10849:1747647657528:,1747647671625
counter/5/0/0/0,10859:1747647657884:,1747647671625
counter/5/0/0/0,10860:1747647657884:,1747647671625
counter/5/0/0/0,10861:1747647657884:,1747647671625
counter/5/0/0/0,10862:1747647657884:,1747647671625
counter/5/0/0/0,10863:1747647657885:,1747647671625
counter/5/0/0/0,10864:1747647657885:,1747647671625
counter/5/0/0/0,10865:1747647657885:,1747647671625
counter/5/0/0/0,10866:1747647657885:,1747647671625
counter/1/0/0/0,12004:1747647659179:,1747647671625
counter/3/0/0/0,11501:1747647659159:,1747647671625
counter/8/0/0/0,11101:1747647657800:,1747647671626
counter/10/0/0/0,10356:1747647657965:,1747647671626
counter/6/0/0/0,10497:1747647658452:,1747647671626
counter/6/0/0/0,10498:1747647658452:,1747647671626
counter/6/0/0/0,10499:1747647658452:,1747647671626
counter/2/0/0/0,10850:1747647657528:,1747647671626
counter/2/0/0/0,10851:1747647657528:,1747647671626
counter/9/0/0/0,11470:1747647658141:,1747647671626
counter/5/0/0/0,10867:1747647657885:,1747647671626
counter/5/0/0/0,10868:1747647657885:,1747647671626
counter/5/0/0/0,10869:1747647657885:,1747647671626
counter/5/0/0/0,10870:1747647657885:,1747647671627
counter/1/0/0/0,12005:1747647659179:,1747647671627
counter/5/0/0/0,10871:1747647657885:,1747647671628
counter/7/0/0/0,10834:1747647658222:,1747647671628
counter/1/0/0/0,12006:1747647659180:,1747647671629
counter/7/0/0/0,10835:1747647658222:,1747647671629
counter/8/0/0/0,11102:1747647657800:,1747647671629
counter/9/0/0/0,11471:1747647658141:,1747647671629
counter/3/0/0/0,11502:1747647659159:,1747647671630
counter/3/0/0/0,11503:1747647659159:,1747647671630
counter/10/0/0/0,10357:1747647657965:,1747647671630
counter/3/0/0/0,11504:1747647659159:,1747647671630
counter/3/0/0/0,11505:1747647659159:,1747647671630
counter/3/0/0/0,11506:1747647659159:,1747647671630
counter/2/0/0/0,10852:1747647657528:,1747647671631
counter/2/0/0/0,10853:1747647657528:,1747647671631
counter/2/0/0/0,10854:1747647657528:,1747647671631
counter/2/0/0/0,10855:1747647657528:,1747647671631
counter/7/0/0/0,10836:1747647658222:,1747647671632
counter/7/0/0/0,10837:1747647658222:,1747647671632
counter/7/0/0/0,10838:1747647658222:,1747647671632
counter/7/0/0/0,10839:1747647658222:,1747647671633
counter/7/0/0/0,10840:1747647658222:,1747647671633
counter/7/0/0/0,10841:1747647658222:,1747647671633
counter/7/0/0/0,10842:1747647658222:,1747647671633
counter/9/0/0/0,11472:1747647658141:,1747647671633
counter/7/0/0/0,10843:1747647658227:,1747647671633
counter/9/0/0/0,11473:1747647658141:,1747647671633
counter/8/0/0/0,11103:1747647657800:,1747647671634
counter/10/0/0/0,10358:1747647657965:,1747647671634
counter/4/0/0/0,11298:1747647659632:,1747647671635
counter/4/0/0/0,11299:1747647659632:,1747647671635
counter/4/0/0/0,11300:1747647659632:,1747647671635
counter/4/0/0/0,11301:1747647659632:,1747647671635
counter/4/0/0/0,11302:1747647659634:,1747647671635
counter/4/0/0/0,11303:1747647659638:,1747647671635
counter/7/0/0/0,10844:1747647658228:,1747647671635
counter/7/0/0/0,10845:1747647658228:,1747647671635
counter/7/0/0/0,10846:1747647658228:,1747647671635
counter/7/0/0/0,10847:1747647658228:,1747647671635
counter/5/0/0/0,10872:1747647657908:,1747647671635
counter/5/0/0/0,10873:1747647657908:,1747647671635
counter/8/0/0/0,11104:1747647657800:,1747647671635
counter/8/0/0/0,11105:1747647657800:,1747647671635
counter/8/0/0/0,11106:1747647657800:,1747647671635
counter/5/0/0/0,10874:1747647657908:,1747647671636
counter/5/0/0/0,10875:1747647657908:,1747647671636
counter/5/0/0/0,10876:1747647657908:,1747647671636
counter/5/0/0/0,10877:1747647657908:,1747647671637
counter/5/0/0/0,10878:1747647657908:,1747647671637
counter/5/0/0/0,10879:1747647657908:,1747647671637
counter/5/0/0/0,10880:1747647657908:,1747647671637
counter/3/0/0/0,11507:1747647659165:,1747647671637
counter/3/0/0/0,11508:1747647659165:,1747647671637
counter/3/0/0/0,11509:1747647659165:,1747647671637
counter/3/0/0/0,11510:1747647659165:,1747647671637
counter/3/0/0/0,11511:1747647659165:,1747647671637
counter/5/0/0/0,10881:1747647657912:,1747647671638
counter/8/0/0/0,11107:1747647657800:,1747647671638
counter/8/0/0/0,11108:1747647657800:,1747647671638
counter/8/0/0/0,11109:1747647657800:,1747647671638
counter/8/0/0/0,11110:1747647657800:,1747647671638
counter/8/0/0/0,11111:1747647657800:,1747647671639
counter/8/0/0/0,11112:1747647657800:,1747647671639
counter/8/0/0/0,11113:1747647657800:,1747647671639
counter/8/0/0/0,11114:1747647657800:,1747647671639
counter/8/0/0/0,11115:1747647657800:,1747647671639
counter/4/0/0/0,11304:1747647659638:,1747647671639
counter/4/0/0/0,11305:1747647659638:,1747647671639
counter/10/0/0/0,10359:1747647657965:,1747647671639
counter/6/0/0/0,10500:1747647658452:,1747647671639
counter/8/0/0/0,11116:1747647657801:,1747647671639
counter/8/0/0/0,11117:1747647657801:,1747647671639
counter/4/0/0/0,11306:1747647659638:,1747647671639
counter/5/0/0/0,10882:1747647657912:,1747647671641
counter/5/0/0/0,10883:1747647657912:,1747647671641
counter/5/0/0/0,10884:1747647657912:,1747647671641
counter/5/0/0/0,10885:1747647657912:,1747647671641
counter/5/0/0/0,10886:1747647657912:,1747647671642
counter/5/0/0/0,10887:1747647657936:,1747647671642
counter/7/0/0/0,10848:1747647658228:,1747647671642
counter/6/0/0/0,10501:1747647658452:,1747647671643
counter/6/0/0/0,10502:1747647658452:,1747647671643
counter/6/0/0/0,10503:1747647658452:,1747647671643
counter/6/0/0/0,10504:1747647658454:,1747647671643
counter/6/0/0/0,10505:1747647658454:,1747647671643
counter/6/0/0/0,10506:1747647658456:,1747647671643
counter/6/0/0/0,10507:1747647658456:,1747647671643
counter/6/0/0/0,10508:1747647658456:,1747647671643
counter/6/0/0/0,10509:1747647658456:,1747647671643
counter/6/0/0/0,10510:1747647658456:,1747647671644
counter/6/0/0/0,10511:1747647658456:,1747647671644
counter/7/0/0/0,10849:1747647658228:,1747647671644
counter/7/0/0/0,10850:1747647658228:,1747647671645
counter/7/0/0/0,10851:1747647658228:,1747647671645
counter/7/0/0/0,10852:1747647658228:,1747647671645
counter/7/0/0/0,10853:1747647658228:,1747647671645
counter/7/0/0/0,10854:1747647658228:,1747647671645
counter/7/0/0/0,10855:1747647658251:,1747647671645
counter/7/0/0/0,10856:1747647658251:,1747647671645
counter/7/0/0/0,10857:1747647658251:,1747647671645
counter/7/0/0/0,10858:1747647658252:,1747647671645
counter/7/0/0/0,10859:1747647658252:,1747647671645
counter/7/0/0/0,10860:1747647658252:,1747647671645
counter/9/0/0/0,11474:1747647658141:,1747647671645
counter/4/0/0/0,11307:1747647659639:,1747647671645
counter/1/0/0/0,12007:1747647659189:,1747647671645
counter/1/0/0/0,12008:1747647659189:,1747647671645
counter/1/0/0/0,12009:1747647659189:,1747647671645
counter/1/0/0/0,12010:1747647659189:,1747647671645
counter/1/0/0/0,12011:1747647659189:,1747647671645
counter/8/0/0/0,11118:1747647657801:,1747647671647
counter/8/0/0/0,11119:1747647657801:,1747647671647
counter/8/0/0/0,11120:1747647657801:,1747647671647
counter/8/0/0/0,11121:1747647657801:,1747647671647
counter/8/0/0/0,11122:1747647657802:,1747647671648
counter/8/0/0/0,11123:1747647657802:,1747647671648
counter/8/0/0/0,11124:1747647657802:,1747647671648
counter/8/0/0/0,11125:1747647657802:,1747647671648
counter/8/0/0/0,11126:1747647657802:,1747647671648
counter/4/0/0/0,11308:1747647659639:,1747647671648
counter/1/0/0/0,12012:1747647659189:,1747647671648
counter/7/0/0/0,10861:1747647658252:,1747647671648
counter/7/0/0/0,10862:1747647658252:,1747647671648
counter/9/0/0/0,11475:1747647658141:,1747647671648
counter/7/0/0/0,10863:1747647658252:,1747647671648
counter/7/0/0/0,10864:1747647658252:,1747647671648
counter/7/0/0/0,10865:1747647658252:,1747647671648
counter/7/0/0/0,10866:1747647658252:,1747647671648
counter/7/0/0/0,10867:1747647658252:,1747647671648
counter/10/0/0/0,10360:1747647657965:,1747647671649
counter/3/0/0/0,11512:1747647659165:,1747647671649
counter/9/0/0/0,11476:1747647658141:,1747647671649
counter/3/0/0/0,11513:1747647659165:,1747647671649
counter/9/0/0/0,11477:1747647658141:,1747647671649
counter/3/0/0/0,11514:1747647659165:,1747647671649
counter/3/0/0/0,11515:1747647659165:,1747647671649
counter/3/0/0/0,11516:1747647659165:,1747647671649
counter/7/0/0/0,10868:1747647658252:,1747647671649
counter/4/0/0/0,11309:1747647659639:,1747647671649
counter/8/0/0/0,11127:1747647657802:,1747647671652
counter/9/0/0/0,11478:1747647658141:,1747647671652
counter/9/0/0/0,11479:1747647658146:,1747647671652
counter/9/0/0/0,11480:1747647658151:,1747647671652
counter/4/0/0/0,11310:1747647659639:,1747647671652
counter/9/0/0/0,11481:1747647658151:,1747647671652
counter/4/0/0/0,11311:1747647659641:,1747647671653
counter/9/0/0/0,11482:1747647658151:,1747647671653
counter/4/0/0/0,11312:1747647659641:,1747647671653
counter/9/0/0/0,11483:1747647658151:,1747647671653
counter/4/0/0/0,11313:1747647659659:,1747647671653
counter/4/0/0/0,11314:1747647659659:,1747647671653
counter/4/0/0/0,11315:1747647659659:,1747647671653
counter/4/0/0/0,11316:1747647659659:,1747647671653
counter/4/0/0/0,11317:1747647659659:,1747647671653
counter/4/0/0/0,11318:1747647659659:,1747647671653
counter/4/0/0/0,11319:1747647659659:,1747647671653
counter/4/0/0/0,11320:1747647659659:,1747647671653
counter/4/0/0/0,11321:1747647659659:,1747647671653
counter/4/0/0/0,11322:1747647659659:,1747647671653
counter/4/0/0/0,11323:1747647659659:,1747647671653
counter/4/0/0/0,11324:1747647659659:,1747647671653
counter/7/0/0/0,10869:1747647658252:,1747647671653
counter/3/0/0/0,11517:1747647659165:,1747647671654
counter/3/0/0/0,11518:1747647659165:,1747647671654
counter/3/0/0/0,11519:1747647659165:,1747647671654
counter/3/0/0/0,11520:1747647659165:,1747647671654
counter/3/0/0/0,11521:1747647659165:,1747647671654
counter/3/0/0/0,11522:1747647659165:,1747647671654
counter/3/0/0/0,11523:1747647659165:,1747647671654
counter/3/0/0/0,11524:1747647659165:,1747647671654
counter/4/0/0/0,11325:1747647659659:,1747647671655
counter/4/0/0/0,11326:1747647659659:,1747647671655
counter/4/0/0/0,11327:1747647659681:,1747647671655
counter/4/0/0/0,11328:1747647659681:,1747647671655
counter/4/0/0/0,11329:1747647659681:,1747647671655
counter/4/0/0/0,11330:1747647659681:,1747647671655
counter/10/0/0/0,10361:1747647657967:,1747647671655
counter/10/0/0/0,10362:1747647657967:,1747647671655
counter/10/0/0/0,10363:1747647657967:,1747647671655
counter/10/0/0/0,10364:1747647657967:,1747647671655
counter/10/0/0/0,10365:1747647657967:,1747647671655
counter/3/0/0/0,11525:1747647659165:,1747647671656
counter/10/0/0/0,10366:1747647657967:,1747647671656
counter/3/0/0/0,11526:1747647659166:,1747647671656
counter/3/0/0/0,11527:1747647659166:,1747647671656
counter/3/0/0/0,11528:1747647659166:,1747647671656
counter/3/0/0/0,11529:1747647659166:,1747647671656
counter/3/0/0/0,11530:1747647659166:,1747647671656
counter/3/0/0/0,11531:1747647659166:,1747647671656
counter/3/0/0/0,11532:1747647659166:,1747647671656
counter/3/0/0/0,11533:1747647659166:,1747647671656
counter/6/0/0/0,10512:1747647658456:,1747647671656
counter/9/0/0/0,11484:1747647658151:,1747647671656
counter/9/0/0/0,11485:1747647658151:,1747647671656
counter/10/0/0/0,10367:1747647657968:,1747647671656
counter/10/0/0/0,10368:1747647657968:,1747647671656
counter/10/0/0/0,10369:1747647657969:,1747647671656
counter/10/0/0/0,10370:1747647657969:,1747647671656
counter/10/0/0/0,10371:1747647657969:,1747647671656
counter/10/0/0/0,10372:1747647657969:,1747647671656
counter/10/0/0/0,10373:1747647657969:,1747647671656
counter/10/0/0/0,10374:1747647657969:,1747647671656
counter/10/0/0/0,10375:1747647657969:,1747647671656
counter/10/0/0/0,10376:1747647657969:,1747647671656
counter/10/0/0/0,10377:1747647657969:,1747647671656
counter/10/0/0/0,10378:1747647657969:,1747647671656
counter/10/0/0/0,10379:1747647657969:,1747647671656
counter/10/0/0/0,10380:1747647657976:,1747647671657
counter/10/0/0/0,10381:1747647657976:,1747647671657
counter/10/0/0/0,10382:1747647657976:,1747647671657
counter/10/0/0/0,10383:1747647657976:,1747647671657
counter/10/0/0/0,10384:1747647657976:,1747647671657
counter/10/0/0/0,10385:1747647657976:,1747647671657
counter/10/0/0/0,10386:1747647657976:,1747647671657
counter/10/0/0/0,10387:1747647657976:,1747647671657
counter/7/0/0/0,10870:1747647658252:,1747647671657
counter/10/0/0/0,10388:1747647657976:,1747647671658
counter/10/0/0/0,10389:1747647657976:,1747647671658
counter/7/0/0/0,10871:1747647658253:,1747647671658
counter/10/0/0/0,10390:1747647657985:,1747647671658
counter/10/0/0/0,10391:1747647657985:,1747647671658
counter/8/0/0/0,11128:1747647657802:,1747647671659
counter/8/0/0/0,11129:1747647657802:,1747647671660
counter/6/0/0/0,10513:1747647658456:,1747647671662
counter/6/0/0/0,10514:1747647658458:,1747647671662
counter/6/0/0/0,10515:1747647658458:,1747647671662
counter/6/0/0/0,10516:1747647658458:,1747647671662
counter/6/0/0/0,10517:1747647658458:,1747647671662
counter/6/0/0/0,10518:1747647658471:,1747647671662
counter/6/0/0/0,10519:1747647658471:,1747647671662
counter/6/0/0/0,10520:1747647658471:,1747647671662
counter/6/0/0/0,10521:1747647658471:,1747647671662
counter/6/0/0/0,10522:1747647658471:,1747647671662
counter/6/0/0/0,10523:1747647658471:,1747647671662
counter/6/0/0/0,10524:1747647658471:,1747647671662
counter/6/0/0/0,10525:1747647658471:,1747647671662
counter/6/0/0/0,10526:1747647658471:,1747647671662
counter/6/0/0/0,10527:1747647658471:,1747647671662
counter/6/0/0/0,10528:1747647658474:,1747647671662
counter/5/0/0/0,10888:1747647657936:,1747647671662
counter/6/0/0/0,10529:1747647658474:,1747647671664
counter/6/0/0/0,10530:1747647658474:,1747647671664
counter/6/0/0/0,10531:1747647658474:,1747647671664
counter/6/0/0/0,10532:1747647658474:,1747647671664
counter/6/0/0/0,10533:1747647658474:,1747647671664
counter/6/0/0/0,10534:1747647658474:,1747647671664
counter/7/0/0/0,10872:1747647658253:,1747647671666
counter/5/0/0/0,10889:1747647657936:,1747647671666
counter/6/0/0/0,10535:1747647658474:,1747647671666
counter/6/0/0/0,10536:1747647658474:,1747647671666
counter/6/0/0/0,10537:1747647658474:,1747647671666
counter/6/0/0/0,10538:1747647658474:,1747647671666
counter/6/0/0/0,10539:1747647658477:,1747647671666
counter/6/0/0/0,10540:1747647658477:,1747647671666
counter/6/0/0/0,10541:1747647658477:,1747647671666
counter/8/0/0/0,11130:1747647657802:,1747647671667
counter/8/0/0/0,11131:1747647657802:,1747647671667
counter/4/0/0/0,11331:1747647659681:,1747647671667
counter/6/0/0/0,10542:1747647658477:,1747647671667
counter/6/0/0/0,10543:1747647658477:,1747647671667
counter/6/0/0/0,10544:1747647658477:,1747647671667
counter/6/0/0/0,10545:1747647658478:,1747647671667
counter/6/0/0/0,10546:1747647658478:,1747647671667
counter/6/0/0/0,10547:1747647658479:,1747647671667
counter/6/0/0/0,10548:1747647658479:,1747647671667
counter/6/0/0/0,10549:1747647658479:,1747647671667
counter/6/0/0/0,10550:1747647658479:,1747647671667
counter/9/0/0/0,11486:1747647658151:,1747647671667
counter/6/0/0/0,10551:1747647658479:,1747647671667
counter/10/0/0/0,10392:1747647657985:,1747647671668
counter/10/0/0/0,10393:1747647657985:,1747647671668
counter/10/0/0/0,10394:1747647657985:,1747647671668
counter/10/0/0/0,10395:1747647658001:,1747647671668
counter/10/0/0/0,10396:1747647658001:,1747647671668
counter/10/0/0/0,10397:1747647658001:,1747647671668
counter/10/0/0/0,10398:1747647658001:,1747647671668
counter/10/0/0/0,10399:1747647658001:,1747647671668
counter/10/0/0/0,10400:1747647658001:,1747647671668
counter/6/0/0/0,10552:1747647658479:,1747647671668
counter/6/0/0/0,10553:1747647658483:,1747647671668
counter/6/0/0/0,10554:1747647658483:,1747647671668
counter/6/0/0/0,10555:1747647658483:,1747647671668
counter/6/0/0/0,10556:1747647658483:,1747647671668
counter/6/0/0/0,10557:1747647658486:,1747647671668
counter/6/0/0/0,10558:1747647658486:,1747647671668
counter/8/0/0/0,11132:1747647657802:,1747647671669
counter/5/0/0/0,10890:1747647657936:,1747647671669
counter/5/0/0/0,10891:1747647657936:,1747647671669
counter/5/0/0/0,10892:1747647657936:,1747647671669
counter/5/0/0/0,10893:1747647657936:,1747647671669
counter/5/0/0/0,10894:1747647657944:,1747647671669
counter/5/0/0/0,10895:1747647657944:,1747647671669
counter/5/0/0/0,10896:1747647657948:,1747647671669
counter/3/0/0/0,11534:1747647659166:,1747647671670
counter/3/0/0/0,11535:1747647659166:,1747647671670
counter/3/0/0/0,11536:1747647659169:,1747647671670
counter/1/0/0/0,12013:1747647659193:,1747647671670
counter/3/0/0/0,11537:1747647659169:,1747647671670
counter/3/0/0/0,11538:1747647659169:,1747647671670
counter/1/0/0/0,12014:1747647659193:,1747647671670
counter/1/0/0/0,12015:1747647659193:,1747647671670
counter/1/0/0/0,12016:1747647659193:,1747647671670
counter/7/0/0/0,10873:1747647658253:,1747647671670
counter/9/0/0/0,11487:1747647658151:,1747647671670
counter/7/0/0/0,10874:1747647658254:,1747647671670
counter/9/0/0/0,11488:1747647658151:,1747647671670
counter/6/0/0/0,10559:1747647658486:,1747647671671
counter/6/0/0/0,10560:1747647658486:,1747647671671
counter/6/0/0/0,10561:1747647658486:,1747647671671
counter/6/0/0/0,10562:1747647658486:,1747647671671
counter/6/0/0/0,10563:1747647658487:,1747647671671
counter/6/0/0/0,10564:1747647658487:,1747647671671
counter/6/0/0/0,10565:1747647658487:,1747647671671
counter/6/0/0/0,10566:1747647658487:,1747647671671
counter/6/0/0/0,10567:1747647658487:,1747647671671
counter/6/0/0/0,10568:1747647658487:,1747647671671
counter/6/0/0/0,10569:1747647658487:,1747647671671
counter/6/0/0/0,10570:1747647658487:,1747647671671
counter/6/0/0/0,10571:1747647658487:,1747647671671
counter/6/0/0/0,10572:1747647658487:,1747647671671
counter/6/0/0/0,10573:1747647658487:,1747647671671
counter/6/0/0/0,10574:1747647658487:,1747647671671
counter/5/0/0/0,10897:1747647657948:,1747647671671
counter/9/0/0/0,11489:1747647658151:,1747647671673
counter/5/0/0/0,10898:1747647657948:,1747647671674
counter/8/0/0/0,11133:1747647657802:,1747647671675
counter/10/0/0/0,10401:1747647658001:,1747647671675
counter/10/0/0/0,10402:1747647658001:,1747647671675
counter/10/0/0/0,10403:1747647658001:,1747647671675
counter/10/0/0/0,10404:1747647658002:,1747647671675
counter/10/0/0/0,10405:1747647658002:,1747647671675
counter/10/0/0/0,10406:1747647658002:,1747647671675
counter/10/0/0/0,10407:1747647658002:,1747647671675
counter/10/0/0/0,10408:1747647658002:,1747647671675
counter/10/0/0/0,10409:1747647658002:,1747647671675
counter/10/0/0/0,10410:1747647658020:,1747647671675
counter/10/0/0/0,10411:1747647658031:,1747647671676
counter/10/0/0/0,10412:1747647658031:,1747647671676
counter/1/0/0/0,12017:1747647659193:,1747647671677
counter/4/0/0/0,11332:1747647659681:,1747647671677
counter/4/0/0/0,11333:1747647659681:,1747647671677
counter/4/0/0/0,11334:1747647659681:,1747647671677
counter/4/0/0/0,11335:1747647659681:,1747647671677
counter/4/0/0/0,11336:1747647659681:,1747647671677
counter/4/0/0/0,11337:1747647659684:,1747647671677
counter/4/0/0/0,11338:1747647659684:,1747647671677
counter/4/0/0/0,11339:1747647659684:,1747647671678
counter/4/0/0/0,11340:1747647659684:,1747647671678
counter/4/0/0/0,11341:1747647659684:,1747647671678
counter/7/0/0/0,10875:1747647658255:,1747647671678
counter/4/0/0/0,11342:1747647659684:,1747647671678
counter/7/0/0/0,10876:1747647658255:,1747647671678
counter/8/0/0/0,11134:1747647657808:,1747647671678
counter/3/0/0/0,11539:1747647659169:,1747647671678
counter/7/0/0/0,10877:1747647658255:,1747647671679
counter/7/0/0/0,10878:1747647658255:,1747647671679
counter/7/0/0/0,10879:1747647658256:,1747647671679
counter/7/0/0/0,10880:1747647658256:,1747647671679
counter/6/0/0/0,10575:1747647658487:,1747647671679
counter/8/0/0/0,11135:1747647657810:,1747647671680
counter/8/0/0/0,11136:1747647657810:,1747647671680
counter/8/0/0/0,11137:1747647657811:,1747647671680
counter/4/0/0/0,11343:1747647659684:,1747647671680
counter/3/0/0/0,11540:1747647659169:,1747647671680
counter/4/0/0/0,11344:1747647659684:,1747647671680
counter/4/0/0/0,11345:1747647659684:,1747647671680
counter/2/0/0/0,10856:1747647657532:,1747647671680
counter/9/0/0/0,11490:1747647658151:,1747647671683
counter/9/0/0/0,11491:1747647658157:,1747647671683
counter/9/0/0/0,11492:1747647658157:,1747647671683
counter/9/0/0/0,11493:1747647658157:,1747647671683
counter/9/0/0/0,11494:1747647658157:,1747647671683
counter/9/0/0/0,11495:1747647658157:,1747647671683
counter/9/0/0/0,11496:1747647658157:,1747647671683
counter/9/0/0/0,11497:1747647658157:,1747647671683
counter/9/0/0/0,11498:1747647658157:,1747647671683
counter/9/0/0/0,11499:1747647658157:,1747647671683
counter/9/0/0/0,11500:1747647658157:,1747647671683
counter/1/0/0/0,12018:1747647659193:,1747647671683
counter/10/0/0/0,10413:1747647658031:,1747647671683
counter/3/0/0/0,11541:1747647659169:,1747647671684
counter/8/0/0/0,11138:1747647657811:,1747647671684
counter/4/0/0/0,11346:1747647659684:,1747647671684
counter/9/0/0/0,11501:1747647658157:,1747647671685
counter/6/0/0/0,10576:1747647658501:,1747647671685
counter/3/0/0/0,11542:1747647659169:,1747647671685
counter/8/0/0/0,11139:1747647657811:,1747647671685
counter/4/0/0/0,11347:1747647659684:,1747647671685
counter/9/0/0/0,11502:1747647658157:,1747647671685
counter/9/0/0/0,11503:1747647658157:,1747647671685
counter/1/0/0/0,12019:1747647659193:,1747647671685
counter/1/0/0/0,12020:1747647659193:,1747647671685
counter/10/0/0/0,10414:1747647658031:,1747647671686
counter/10/0/0/0,10415:1747647658041:,1747647671686
counter/5/0/0/0,10899:1747647657949:,1747647671687
counter/5/0/0/0,10900:1747647657949:,1747647671687
counter/5/0/0/0,10901:1747647657949:,1747647671687
counter/5/0/0/0,10902:1747647657949:,1747647671687
counter/5/0/0/0,10903:1747647657949:,1747647671687
counter/5/0/0/0,10904:1747647657954:,1747647671687
counter/3/0/0/0,11543:1747647659169:,1747647671687
counter/7/0/0/0,10881:1747647658263:,1747647671687
counter/7/0/0/0,10882:1747647658263:,1747647671687
counter/7/0/0/0,10883:1747647658264:,1747647671687
counter/7/0/0/0,10884:1747647658264:,1747647671687
counter/10/0/0/0,10416:1747647658041:,1747647671687
counter/10/0/0/0,10417:1747647658041:,1747647671687
counter/10/0/0/0,10418:1747647658041:,1747647671687
counter/10/0/0/0,10419:1747647658041:,1747647671688
counter/6/0/0/0,10577:1747647658501:,1747647671688
counter/6/0/0/0,10578:1747647658501:,1747647671688
counter/6/0/0/0,10579:1747647658501:,1747647671689
counter/2/0/0/0,10857:1747647657532:,1747647671689
counter/3/0/0/0,11544:1747647659169:,1747647671689
counter/3/0/0/0,11545:1747647659169:,1747647671689
counter/3/0/0/0,11546:1747647659169:,1747647671689
counter/3/0/0/0,11547:1747647659177:,1747647671689
counter/3/0/0/0,11548:1747647659177:,1747647671689
counter/1/0/0/0,12021:1747647659193:,1747647671689
counter/3/0/0/0,11549:1747647659177:,1747647671689
counter/3/0/0/0,11550:1747647659177:,1747647671689
counter/3/0/0/0,11551:1747647659177:,1747647671689
counter/3/0/0/0,11552:1747647659177:,1747647671689
counter/3/0/0/0,11553:1747647659177:,1747647671689
counter/7/0/0/0,10885:1747647658264:,1747647671689
counter/9/0/0/0,11504:1747647658157:,1747647671689
counter/7/0/0/0,10886:1747647658264:,1747647671689
counter/10/0/0/0,10420:1747647658041:,1747647671690
counter/10/0/0/0,10421:1747647658041:,1747647671690
counter/10/0/0/0,10422:1747647658041:,1747647671690
counter/10/0/0/0,10423:1747647658041:,1747647671690
counter/10/0/0/0,10424:1747647658042:,1747647671690
counter/10/0/0/0,10425:1747647658042:,1747647671692
counter/2/0/0/0,10858:1747647657532:,1747647671693
counter/2/0/0/0,10859:1747647657532:,1747647671693
counter/2/0/0/0,10860:1747647657538:,1747647671693
counter/6/0/0/0,10580:1747647658501:,1747647671693
counter/10/0/0/0,10426:1747647658042:,1747647671693
counter/10/0/0/0,10427:1747647658042:,1747647671693
counter/10/0/0/0,10428:1747647658042:,1747647671694
counter/10/0/0/0,10429:1747647658042:,1747647671695
counter/10/0/0/0,10430:1747647658042:,1747647671695
counter/7/0/0/0,10887:1747647658264:,1747647671695
counter/10/0/0/0,10431:1747647658042:,1747647671695
counter/8/0/0/0,11140:1747647657811:,1747647671695
counter/10/0/0/0,10432:1747647658050:,1747647671695
counter/8/0/0/0,11141:1747647657811:,1747647671697
counter/8/0/0/0,11142:1747647657811:,1747647671697
counter/8/0/0/0,11143:1747647657811:,1747647671697
counter/8/0/0/0,11144:1747647657811:,1747647671697
counter/8/0/0/0,11145:1747647657811:,1747647671697
counter/8/0/0/0,11146:1747647657811:,1747647671697
counter/8/0/0/0,11147:1747647657811:,1747647671697
counter/8/0/0/0,11148:1747647657811:,1747647671697
counter/3/0/0/0,11554:1747647659177:,1747647671697
counter/3/0/0/0,11555:1747647659177:,1747647671697
counter/3/0/0/0,11556:1747647659177:,1747647671697
counter/3/0/0/0,11557:1747647659177:,1747647671697
counter/3/0/0/0,11558:1747647659177:,1747647671697
counter/3/0/0/0,11559:1747647659177:,1747647671697
counter/3/0/0/0,11560:1747647659177:,1747647671697
counter/3/0/0/0,11561:1747647659177:,1747647671697
counter/3/0/0/0,11562:1747647659177:,1747647671697
counter/3/0/0/0,11563:1747647659177:,1747647671697
counter/3/0/0/0,11564:1747647659177:,1747647671697
counter/3/0/0/0,11565:1747647659177:,1747647671698
counter/3/0/0/0,11566:1747647659177:,1747647671698
counter/3/0/0/0,11567:1747647659189:,1747647671698
counter/3/0/0/0,11568:1747647659189:,1747647671698
counter/3/0/0/0,11569:1747647659199:,1747647671698
counter/2/0/0/0,10861:1747647657539:,1747647671698
counter/3/0/0/0,11570:1747647659199:,1747647671698
counter/6/0/0/0,10581:1747647658501:,1747647671698
counter/1/0/0/0,12022:1747647659193:,1747647671698
counter/3/0/0/0,11571:1747647659199:,1747647671698
counter/3/0/0/0,11572:1747647659200:,1747647671698
counter/3/0/0/0,11573:1747647659200:,1747647671698
counter/3/0/0/0,11574:1747647659200:,1747647671698
counter/3/0/0/0,11575:1747647659202:,1747647671698
counter/3/0/0/0,11576:1747647659202:,1747647671698
counter/3/0/0/0,11577:1747647659202:,1747647671698
counter/3/0/0/0,11578:1747647659202:,1747647671698
counter/3/0/0/0,11579:1747647659202:,1747647671698
counter/3/0/0/0,11580:1747647659203:,1747647671699
counter/3/0/0/0,11581:1747647659204:,1747647671699
counter/3/0/0/0,11582:1747647659204:,1747647671699
counter/3/0/0/0,11583:1747647659204:,1747647671699
counter/10/0/0/0,10433:1747647658050:,1747647671699
counter/9/0/0/0,11505:1747647658157:,1747647671699
counter/4/0/0/0,11348:1747647659684:,1747647671699
counter/4/0/0/0,11349:1747647659684:,1747647671699
counter/6/0/0/0,10582:1747647658501:,1747647671699
counter/6/0/0/0,10583:1747647658501:,1747647671700
counter/6/0/0/0,10584:1747647658501:,1747647671700
counter/8/0/0/0,11149:1747647657817:,1747647671701
counter/8/0/0/0,11150:1747647657817:,1747647671701
counter/8/0/0/0,11151:1747647657817:,1747647671701
counter/8/0/0/0,11152:1747647657817:,1747647671701
counter/8/0/0/0,11153:1747647657817:,1747647671701
counter/8/0/0/0,11154:1747647657817:,1747647671701
counter/8/0/0/0,11155:1747647657817:,1747647671701
counter/8/0/0/0,11156:1747647657817:,1747647671701
counter/8/0/0/0,11157:1747647657817:,1747647671701
counter/8/0/0/0,11158:1747647657817:,1747647671701
counter/8/0/0/0,11159:1747647657817:,1747647671701
counter/8/0/0/0,11160:1747647657817:,1747647671701
counter/8/0/0/0,11161:1747647657819:,1747647671701
counter/8/0/0/0,11162:1747647657819:,1747647671701
counter/8/0/0/0,11163:1747647657819:,1747647671701
counter/8/0/0/0,11164:1747647657819:,1747647671702
counter/8/0/0/0,11165:1747647657819:,1747647671702
counter/8/0/0/0,11166:1747647657819:,1747647671702
counter/10/0/0/0,10434:1747647658050:,1747647671702
counter/1/0/0/0,12023:1747647659193:,1747647671702
counter/4/0/0/0,11350:1747647659701:,1747647671702
counter/3/0/0/0,11584:1747647659204:,1747647671702
counter/3/0/0/0,11585:1747647659204:,1747647671702
counter/3/0/0/0,11586:1747647659204:,1747647671702
counter/3/0/0/0,11587:1747647659204:,1747647671702
counter/3/0/0/0,11588:1747647659204:,1747647671702
counter/3/0/0/0,11589:1747647659204:,1747647671702
counter/3/0/0/0,11590:1747647659204:,1747647671702
counter/8/0/0/0,11167:1747647657819:,1747647671707
counter/10/0/0/0,10435:1747647658050:,1747647671708
counter/10/0/0/0,10436:1747647658050:,1747647671708
counter/10/0/0/0,10437:1747647658050:,1747647671708
counter/10/0/0/0,10438:1747647658050:,1747647671708
counter/10/0/0/0,10439:1747647658050:,1747647671708
counter/6/0/0/0,10585:1747647658501:,1747647671708
counter/8/0/0/0,11168:1747647657819:,1747647671708
counter/5/0/0/0,10905:1747647657954:,1747647671708
counter/10/0/0/0,10440:1747647658050:,1747647671709
counter/1/0/0/0,12024:1747647659193:,1747647671709
counter/6/0/0/0,10586:1747647658501:,1747647671709
counter/1/0/0/0,12025:1747647659194:,1747647671709
counter/1/0/0/0,12026:1747647659194:,1747647671709
counter/1/0/0/0,12027:1747647659194:,1747647671709
counter/1/0/0/0,12028:1747647659194:,1747647671710
counter/4/0/0/0,11351:1747647659701:,1747647671711
counter/10/0/0/0,10441:1747647658050:,1747647671711
counter/10/0/0/0,10442:1747647658051:,1747647671711
counter/10/0/0/0,10443:1747647658051:,1747647671711
counter/10/0/0/0,10444:1747647658051:,1747647671711
counter/1/0/0/0,12029:1747647659194:,1747647671711
counter/10/0/0/0,10445:1747647658051:,1747647671711
counter/1/0/0/0,12030:1747647659194:,1747647671711
counter/10/0/0/0,10446:1747647658051:,1747647671712
counter/1/0/0/0,12031:1747647659194:,1747647671712
counter/1/0/0/0,12032:1747647659194:,1747647671712
counter/1/0/0/0,12033:1747647659194:,1747647671712
counter/1/0/0/0,12034:1747647659194:,1747647671712
counter/9/0/0/0,11506:1747647658157:,1747647671713
counter/6/0/0/0,10587:1747647658501:,1747647671713
counter/6/0/0/0,10588:1747647658501:,1747647671713
counter/3/0/0/0,11591:1747647659204:,1747647671713
counter/6/0/0/0,10589:1747647658501:,1747647671713
counter/6/0/0/0,10590:1747647658517:,1747647671713
counter/6/0/0/0,10591:1747647658517:,1747647671713
counter/6/0/0/0,10592:1747647658517:,1747647671713
counter/6/0/0/0,10593:1747647658517:,1747647671713
counter/6/0/0/0,10594:1747647658517:,1747647671713
counter/7/0/0/0,10888:1747647658264:,1747647671713
counter/7/0/0/0,10889:1747647658264:,1747647671713
counter/7/0/0/0,10890:1747647658264:,1747647671713
counter/7/0/0/0,10891:1747647658264:,1747647671713
counter/7/0/0/0,10892:1747647658264:,1747647671714
counter/7/0/0/0,10893:1747647658264:,1747647671715
counter/1/0/0/0,12035:1747647659194:,1747647671717
counter/1/0/0/0,12036:1747647659194:,1747647671717
counter/1/0/0/0,12037:1747647659194:,1747647671717
counter/1/0/0/0,12038:1747647659194:,1747647671717
counter/1/0/0/0,12039:1747647659194:,1747647671717
counter/1/0/0/0,12040:1747647659194:,1747647671718
counter/1/0/0/0,12041:1747647659194:,1747647671718
counter/1/0/0/0,12042:1747647659194:,1747647671718
counter/1/0/0/0,12043:1747647659194:,1747647671718
counter/1/0/0/0,12044:1747647659194:,1747647671718
counter/1/0/0/0,12045:1747647659194:,1747647671718
counter/9/0/0/0,11507:1747647658160:,1747647671718
counter/1/0/0/0,12046:1747647659195:,1747647671718
counter/1/0/0/0,12047:1747647659195:,1747647671718
counter/1/0/0/0,12048:1747647659195:,1747647671718
counter/6/0/0/0,10595:1747647658517:,1747647671720
counter/9/0/0/0,11508:1747647658160:,1747647671721
counter/2/0/0/0,10862:1747647657539:,1747647671721
counter/1/0/0/0,12049:1747647659195:,1747647671721
counter/8/0/0/0,11169:1747647657827:,1747647671722
counter/9/0/0/0,11509:1747647658160:,1747647671722
counter/6/0/0/0,10596:1747647658517:,1747647671722
counter/6/0/0/0,10597:1747647658518:,1747647671722
counter/6/0/0/0,10598:1747647658518:,1747647671722
counter/2/0/0/0,10863:1747647657539:,1747647671722
counter/2/0/0/0,10864:1747647657540:,1747647671723
counter/1/0/0/0,12050:1747647659195:,1747647671723
counter/2/0/0/0,10865:1747647657540:,1747647671723
counter/2/0/0/0,10866:1747647657540:,1747647671723
counter/2/0/0/0,10867:1747647657540:,1747647671723
counter/2/0/0/0,10868:1747647657540:,1747647671723
counter/10/0/0/0,10447:1747647658052:,1747647671723
counter/10/0/0/0,10448:1747647658052:,1747647671723
counter/10/0/0/0,10449:1747647658052:,1747647671724
counter/10/0/0/0,10450:1747647658052:,1747647671724
counter/10/0/0/0,10451:1747647658052:,1747647671724
counter/7/0/0/0,10894:1747647658264:,1747647671724
counter/6/0/0/0,10599:1747647658519:,1747647671724
counter/4/0/0/0,11352:1747647659701:,1747647671724
counter/4/0/0/0,11353:1747647659701:,1747647671724
counter/10/0/0/0,10452:1747647658052:,1747647671724
counter/10/0/0/0,10453:1747647658052:,1747647671724
counter/10/0/0/0,10454:1747647658052:,1747647671724
counter/10/0/0/0,10455:1747647658052:,1747647671724
counter/10/0/0/0,10456:1747647658052:,1747647671724
counter/8/0/0/0,11170:1747647657827:,1747647671725
counter/2/0/0/0,10869:1747647657540:,1747647671725
counter/2/0/0/0,10870:1747647657550:,1747647671727
counter/8/0/0/0,11171:1747647657827:,1747647671727
counter/8/0/0/0,11172:1747647657827:,1747647671727
counter/9/0/0/0,11510:1747647658161:,1747647671729
counter/8/0/0/0,11173:1747647657827:,1747647671729
counter/8/0/0/0,11174:1747647657833:,1747647671729
counter/8/0/0/0,11175:1747647657833:,1747647671729
counter/8/0/0/0,11176:1747647657833:,1747647671729
counter/8/0/0/0,11177:1747647657833:,1747647671729
counter/8/0/0/0,11178:1747647657833:,1747647671730
counter/8/0/0/0,11179:1747647657833:,1747647671730
counter/8/0/0/0,11180:1747647657833:,1747647671730
counter/8/0/0/0,11181:1747647657833:,1747647671730
counter/8/0/0/0,11182:1747647657833:,1747647671730
counter/8/0/0/0,11183:1747647657833:,1747647671730
counter/5/0/0/0,10906:1747647657963:,1747647671730
counter/5/0/0/0,10907:1747647657970:,1747647671730
counter/5/0/0/0,10908:1747647657970:,1747647671730
counter/5/0/0/0,10909:1747647657971:,1747647671730
counter/5/0/0/0,10910:1747647657971:,1747647671730
counter/5/0/0/0,10911:1747647657971:,1747647671730
counter/6/0/0/0,10600:1747647658519:,1747647671730
counter/6/0/0/0,10601:1747647658519:,1747647671730
counter/6/0/0/0,10602:1747647658519:,1747647671730
counter/6/0/0/0,10603:1747647658526:,1747647671731
counter/6/0/0/0,10604:1747647658526:,1747647671731
counter/6/0/0/0,10605:1747647658526:,1747647671731
counter/6/0/0/0,10606:1747647658526:,1747647671731
counter/6/0/0/0,10607:1747647658526:,1747647671731
counter/6/0/0/0,10608:1747647658526:,1747647671731
counter/6/0/0/0,10609:1747647658526:,1747647671731
counter/6/0/0/0,10610:1747647658526:,1747647671731
counter/6/0/0/0,10611:1747647658526:,1747647671731
counter/6/0/0/0,10612:1747647658526:,1747647671731
counter/1/0/0/0,12051:1747647659195:,1747647671731
counter/7/0/0/0,10895:1747647658264:,1747647671731
counter/7/0/0/0,10896:1747647658264:,1747647671731
counter/9/0/0/0,11511:1747647658161:,1747647671731
counter/4/0/0/0,11354:1747647659701:,1747647671732
counter/4/0/0/0,11355:1747647659701:,1747647671732
counter/4/0/0/0,11356:1747647659701:,1747647671732
counter/4/0/0/0,11357:1747647659701:,1747647671732
counter/4/0/0/0,11358:1747647659701:,1747647671733
counter/4/0/0/0,11359:1747647659702:,1747647671733
counter/4/0/0/0,11360:1747647659703:,1747647671733
counter/3/0/0/0,11592:1747647659204:,1747647671734
counter/6/0/0/0,10613:1747647658526:,1747647671736
counter/10/0/0/0,10457:1747647658052:,1747647671737
counter/8/0/0/0,11184:1747647657833:,1747647671737
counter/9/0/0/0,11512:1747647658161:,1747647671738
counter/9/0/0/0,11513:1747647658161:,1747647671738
counter/9/0/0/0,11514:1747647658161:,1747647671738
counter/9/0/0/0,11515:1747647658161:,1747647671738
counter/10/0/0/0,10458:1747647658052:,1747647671738
counter/7/0/0/0,10897:1747647658264:,1747647671738
counter/1/0/0/0,12052:1747647659195:,1747647671738
counter/1/0/0/0,12053:1747647659196:,1747647671738
counter/1/0/0/0,12054:1747647659196:,1747647671739
counter/1/0/0/0,12055:1747647659196:,1747647671739
counter/5/0/0/0,10912:1747647657971:,1747647671739
counter/1/0/0/0,12056:1747647659196:,1747647671739
counter/2/0/0/0,10871:1747647657550:,1747647671739
counter/4/0/0/0,11361:1747647659703:,1747647671739
counter/2/0/0/0,10872:1747647657550:,1747647671739
counter/2/0/0/0,10873:1747647657550:,1747647671739
counter/2/0/0/0,10874:1747647657550:,1747647671739
counter/2/0/0/0,10875:1747647657550:,1747647671739
counter/2/0/0/0,10876:1747647657550:,1747647671739
counter/2/0/0/0,10877:1747647657550:,1747647671739
counter/2/0/0/0,10878:1747647657550:,1747647671739
counter/3/0/0/0,11593:1747647659239:,1747647671739
counter/7/0/0/0,10898:1747647658264:,1747647671739
counter/3/0/0/0,11594:1747647659239:,1747647671739
counter/4/0/0/0,11362:1747647659703:,1747647671740
counter/4/0/0/0,11363:1747647659703:,1747647671740
counter/4/0/0/0,11364:1747647659703:,1747647671740
counter/4/0/0/0,11365:1747647659703:,1747647671740
counter/8/0/0/0,11185:1747647657834:,1747647671741
counter/8/0/0/0,11186:1747647657834:,1747647671741
counter/4/0/0/0,11366:1747647659706:,1747647671741
counter/8/0/0/0,11187:1747647657834:,1747647671741
counter/8/0/0/0,11188:1747647657834:,1747647671741
counter/8/0/0/0,11189:1747647657834:,1747647671741
counter/8/0/0/0,11190:1747647657834:,1747647671741
counter/8/0/0/0,11191:1747647657834:,1747647671741
counter/8/0/0/0,11192:1747647657834:,1747647671741
counter/5/0/0/0,10913:1747647657971:,1747647671742
counter/7/0/0/0,10899:1747647658264:,1747647671742
counter/9/0/0/0,11516:1747647658161:,1747647671742
counter/9/0/0/0,11517:1747647658161:,1747647671742
counter/9/0/0/0,11518:1747647658161:,1747647671743
counter/4/0/0/0,11367:1747647659706:,1747647671743
counter/9/0/0/0,11519:1747647658161:,1747647671743
counter/4/0/0/0,11368:1747647659706:,1747647671743
counter/3/0/0/0,11595:1747647659239:,1747647671743
counter/9/0/0/0,11520:1747647658161:,1747647671744
counter/4/0/0/0,11369:1747647659713:,1747647671744
counter/9/0/0/0,11521:1747647658161:,1747647671744
counter/4/0/0/0,11370:1747647659713:,1747647671744
counter/9/0/0/0,11522:1747647658161:,1747647671744
counter/4/0/0/0,11371:1747647659713:,1747647671744
counter/4/0/0/0,11372:1747647659713:,1747647671745
counter/8/0/0/0,11193:1747647657834:,1747647671745
counter/6/0/0/0,10614:1747647658526:,1747647671745
counter/8/0/0/0,11194:1747647657834:,1747647671745
counter/9/0/0/0,11523:1747647658161:,1747647671745
counter/10/0/0/0,10459:1747647658052:,1747647671745
counter/1/0/0/0,12057:1747647659196:,1747647671745
counter/1/0/0/0,12058:1747647659196:,1747647671745
counter/1/0/0/0,12059:1747647659196:,1747647671745
counter/1/0/0/0,12060:1747647659196:,1747647671745
counter/1/0/0/0,12061:1747647659196:,1747647671745
counter/1/0/0/0,12062:1747647659196:,1747647671745
counter/1/0/0/0,12063:1747647659196:,1747647671745
counter/1/0/0/0,12064:1747647659201:,1747647671745
counter/1/0/0/0,12065:1747647659214:,1747647671745
counter/1/0/0/0,12066:1747647659216:,1747647671745
counter/3/0/0/0,11596:1747647659239:,1747647671746
counter/7/0/0/0,10900:1747647658264:,1747647671746
counter/10/0/0/0,10460:1747647658052:,1747647671746
counter/6/0/0/0,10615:1747647658526:,1747647671746
counter/9/0/0/0,11524:1747647658173:,1747647671747
counter/7/0/0/0,10901:1747647658264:,1747647671747
counter/7/0/0/0,10902:1747647658264:,1747647671747
counter/7/0/0/0,10903:1747647658264:,1747647671747
counter/7/0/0/0,10904:1747647658264:,1747647671747
counter/7/0/0/0,10905:1747647658264:,1747647671747
counter/10/0/0/0,10461:1747647658052:,1747647671747
counter/9/0/0/0,11525:1747647658173:,1747647671748
counter/7/0/0/0,10906:1747647658265:,1747647671748
counter/4/0/0/0,11373:1747647659713:,1747647671748
counter/7/0/0/0,10907:1747647658265:,1747647671749
counter/7/0/0/0,10908:1747647658265:,1747647671749
counter/3/0/0/0,11597:1747647659239:,1747647671749
counter/9/0/0/0,11526:1747647658173:,1747647671749
counter/9/0/0/0,11527:1747647658173:,1747647671749
counter/9/0/0/0,11528:1747647658173:,1747647671749
counter/7/0/0/0,10909:1747647658265:,1747647671749
counter/7/0/0/0,10910:1747647658265:,1747647671749
counter/5/0/0/0,10914:1747647657971:,1747647671749
counter/7/0/0/0,10911:1747647658270:,1747647671750
counter/5/0/0/0,10915:1747647657971:,1747647671750
counter/7/0/0/0,10912:1747647658270:,1747647671751
counter/7/0/0/0,10913:1747647658270:,1747647671751
counter/7/0/0/0,10914:1747647658271:,1747647671751
counter/7/0/0/0,10915:1747647658271:,1747647671751
counter/7/0/0/0,10916:1747647658271:,1747647671751
counter/7/0/0/0,10917:1747647658271:,1747647671751
counter/4/0/0/0,11374:1747647659713:,1747647671751
counter/4/0/0/0,11375:1747647659718:,1747647671751
counter/5/0/0/0,10916:1747647657971:,1747647671751
counter/5/0/0/0,10917:1747647657971:,1747647671751
counter/5/0/0/0,10918:1747647657971:,1747647671751
counter/4/0/0/0,11376:1747647659718:,1747647671751
counter/5/0/0/0,10919:1747647657971:,1747647671751
counter/5/0/0/0,10920:1747647657971:,1747647671751
counter/5/0/0/0,10921:1747647657971:,1747647671751
counter/9/0/0/0,11529:1747647658173:,1747647671751
counter/5/0/0/0,10922:1747647657971:,1747647671751
counter/5/0/0/0,10923:1747647657976:,1747647671751
counter/5/0/0/0,10924:1747647657976:,1747647671752
counter/5/0/0/0,10925:1747647657976:,1747647671752
counter/5/0/0/0,10926:1747647657977:,1747647671752
counter/5/0/0/0,10927:1747647657977:,1747647671752
counter/5/0/0/0,10928:1747647657977:,1747647671752
counter/5/0/0/0,10929:1747647657977:,1747647671752
counter/5/0/0/0,10930:1747647657977:,1747647671752
counter/5/0/0/0,10931:1747647657977:,1747647671753
counter/5/0/0/0,10932:1747647657977:,1747647671753
counter/5/0/0/0,10933:1747647657977:,1747647671753
counter/5/0/0/0,10934:1747647657977:,1747647671753
counter/5/0/0/0,10935:1747647657977:,1747647671753
counter/8/0/0/0,11195:1747647657834:,1747647671753
counter/6/0/0/0,10616:1747647658526:,1747647671753
counter/9/0/0/0,11530:1747647658173:,1747647671753
counter/6/0/0/0,10617:1747647658526:,1747647671753
counter/6/0/0/0,10618:1747647658526:,1747647671753
counter/6/0/0/0,10619:1747647658526:,1747647671753
counter/6/0/0/0,10620:1747647658526:,1747647671753
counter/6/0/0/0,10621:1747647658526:,1747647671753
counter/6/0/0/0,10622:1747647658527:,1747647671753
counter/6/0/0/0,10623:1747647658527:,1747647671753
counter/6/0/0/0,10624:1747647658527:,1747647671753
counter/6/0/0/0,10625:1747647658527:,1747647671753
counter/6/0/0/0,10626:1747647658527:,1747647671753
counter/6/0/0/0,10627:1747647658527:,1747647671753
counter/6/0/0/0,10628:1747647658527:,1747647671753
counter/6/0/0/0,10629:1747647658527:,1747647671753
counter/6/0/0/0,10630:1747647658529:,1747647671754
counter/2/0/0/0,10879:1747647657550:,1747647671754
counter/4/0/0/0,11377:1747647659718:,1747647671754
counter/5/0/0/0,10936:1747647657977:,1747647671754
counter/1/0/0/0,12067:1747647659217:,1747647671754
counter/6/0/0/0,10631:1747647658529:,1747647671754
counter/2/0/0/0,10880:1747647657550:,1747647671754
counter/9/0/0/0,11531:1747647658173:,1747647671754
counter/9/0/0/0,11532:1747647658182:,1747647671754
counter/9/0/0/0,11533:1747647658182:,1747647671754
counter/9/0/0/0,11534:1747647658182:,1747647671754
counter/9/0/0/0,11535:1747647658182:,1747647671754
counter/9/0/0/0,11536:1747647658182:,1747647671754
counter/9/0/0/0,11537:1747647658182:,1747647671754
counter/1/0/0/0,12068:1747647659223:,1747647671755
counter/4/0/0/0,11378:1747647659718:,1747647671755
counter/2/0/0/0,10881:1747647657550:,1747647671758
counter/6/0/0/0,10632:1747647658531:,1747647671758
counter/2/0/0/0,10882:1747647657550:,1747647671758
counter/9/0/0/0,11538:1747647658182:,1747647671758
counter/9/0/0/0,11539:1747647658182:,1747647671758
counter/9/0/0/0,11540:1747647658183:,1747647671758
counter/9/0/0/0,11541:1747647658183:,1747647671758
counter/9/0/0/0,11542:1747647658183:,1747647671758
counter/9/0/0/0,11543:1747647658183:,1747647671758
counter/9/0/0/0,11544:1747647658183:,1747647671758
counter/9/0/0/0,11545:1747647658183:,1747647671758
counter/5/0/0/0,10937:1747647657977:,1747647671758
counter/5/0/0/0,10938:1747647657977:,1747647671758
counter/5/0/0/0,10939:1747647657977:,1747647671758
counter/5/0/0/0,10940:1747647657977:,1747647671758
counter/5/0/0/0,10941:1747647657977:,1747647671758
counter/5/0/0/0,10942:1747647657977:,1747647671759
counter/5/0/0/0,10943:1747647657977:,1747647671759
counter/5/0/0/0,10944:1747647657977:,1747647671759
counter/6/0/0/0,10633:1747647658531:,1747647671759
counter/6/0/0/0,10634:1747647658531:,1747647671759
counter/6/0/0/0,10635:1747647658531:,1747647671759
counter/6/0/0/0,10636:1747647658531:,1747647671759
counter/6/0/0/0,10637:1747647658531:,1747647671759
counter/6/0/0/0,10638:1747647658531:,1747647671759
counter/6/0/0/0,10639:1747647658531:,1747647671759
counter/6/0/0/0,10640:1747647658531:,1747647671759
counter/6/0/0/0,10641:1747647658531:,1747647671759
counter/6/0/0/0,10642:1747647658531:,1747647671759
counter/10/0/0/0,10462:1747647658052:,1747647671760
counter/9/0/0/0,11546:1747647658183:,1747647671760
counter/10/0/0/0,10463:1747647658052:,1747647671760
counter/4/0/0/0,11379:1747647659722:,1747647671760
counter/4/0/0/0,11380:1747647659722:,1747647671760
counter/4/0/0/0,11381:1747647659722:,1747647671760
counter/4/0/0/0,11382:1747647659722:,1747647671760
counter/4/0/0/0,11383:1747647659722:,1747647671761
counter/4/0/0/0,11384:1747647659722:,1747647671761
counter/4/0/0/0,11385:1747647659725:,1747647671761
counter/4/0/0/0,11386:1747647659725:,1747647671761
counter/4/0/0/0,11387:1747647659725:,1747647671761
counter/4/0/0/0,11388:1747647659725:,1747647671761
counter/4/0/0/0,11389:1747647659725:,1747647671761
counter/4/0/0/0,11390:1747647659725:,1747647671761
counter/9/0/0/0,11547:1747647658183:,1747647671761
counter/4/0/0/0,11391:1747647659725:,1747647671761
counter/9/0/0/0,11548:1747647658183:,1747647671761
counter/4/0/0/0,11392:1747647659725:,1747647671761
counter/9/0/0/0,11549:1747647658183:,1747647671761
counter/4/0/0/0,11393:1747647659725:,1747647671762
counter/9/0/0/0,11550:1747647658183:,1747647671762
counter/4/0/0/0,11394:1747647659725:,1747647671762
counter/9/0/0/0,11551:1747647658183:,1747647671762
counter/9/0/0/0,11552:1747647658183:,1747647671762
counter/9/0/0/0,11553:1747647658183:,1747647671762
counter/9/0/0/0,11554:1747647658183:,1747647671762
counter/9/0/0/0,11555:1747647658183:,1747647671762
counter/9/0/0/0,11556:1747647658183:,1747647671762
counter/9/0/0/0,11557:1747647658183:,1747647671762
counter/9/0/0/0,11558:1747647658186:,1747647671762
counter/5/0/0/0,10945:1747647657977:,1747647671762
counter/3/0/0/0,11598:1747647659239:,1747647671762
counter/9/0/0/0,11559:1747647658186:,1747647671762
counter/9/0/0/0,11560:1747647658186:,1747647671762
counter/9/0/0/0,11561:1747647658186:,1747647671762
counter/9/0/0/0,11562:1747647658186:,1747647671762
counter/9/0/0/0,11563:1747647658186:,1747647671762
counter/9/0/0/0,11564:1747647658186:,1747647671762
counter/9/0/0/0,11565:1747647658186:,1747647671762
counter/9/0/0/0,11566:1747647658186:,1747647671762
counter/9/0/0/0,11567:1747647658186:,1747647671762
counter/9/0/0/0,11568:1747647658186:,1747647671762
counter/9/0/0/0,11569:1747647658186:,1747647671762
counter/9/0/0/0,11570:1747647658186:,1747647671762
counter/9/0/0/0,11571:1747647658189:,1747647671762
counter/9/0/0/0,11572:1747647658189:,1747647671763
counter/9/0/0/0,11573:1747647658198:,1747647671763
counter/9/0/0/0,11574:1747647658198:,1747647671763
counter/9/0/0/0,11575:1747647658198:,1747647671764
counter/9/0/0/0,11576:1747647658198:,1747647671764
counter/9/0/0/0,11577:1747647658198:,1747647671764
counter/9/0/0/0,11578:1747647658198:,1747647671764
counter/8/0/0/0,11196:1747647657834:,1747647671764
counter/1/0/0/0,12069:1747647659223:,1747647671764
counter/1/0/0/0,12070:1747647659223:,1747647671764
counter/5/0/0/0,10946:1747647657977:,1747647671767
counter/2/0/0/0,10883:1747647657555:,1747647671768
counter/9/0/0/0,11579:1747647658198:,1747647671768
counter/9/0/0/0,11580:1747647658198:,1747647671768
counter/9/0/0/0,11581:1747647658198:,1747647671768
counter/9/0/0/0,11582:1747647658198:,1747647671768
counter/9/0/0/0,11583:1747647658207:,1747647671768
counter/9/0/0/0,11584:1747647658207:,1747647671768
counter/9/0/0/0,11585:1747647658207:,1747647671768
counter/9/0/0/0,11586:1747647658207:,1747647671768
counter/6/0/0/0,10643:1747647658531:,1747647671769
counter/1/0/0/0,12071:1747647659223:,1747647671769
counter/5/0/0/0,10947:1747647657977:,1747647671769
counter/7/0/0/0,10918:1747647658271:,1747647671769
counter/6/0/0/0,10644:1747647658531:,1747647671769
counter/6/0/0/0,10645:1747647658544:,1747647671769
counter/6/0/0/0,10646:1747647658544:,1747647671770
counter/8/0/0/0,11197:1747647657834:,1747647671772
counter/10/0/0/0,10464:1747647658052:,1747647671772
counter/8/0/0/0,11198:1747647657837:,1747647671773
counter/10/0/0/0,10465:1747647658052:,1747647671773
counter/5/0/0/0,10948:1747647657978:,1747647671774
counter/5/0/0/0,10949:1747647657978:,1747647671774
counter/5/0/0/0,10950:1747647657978:,1747647671774
counter/5/0/0/0,10951:1747647657983:,1747647671774
counter/5/0/0/0,10952:1747647657983:,1747647671774
counter/5/0/0/0,10953:1747647657983:,1747647671775
counter/5/0/0/0,10954:1747647657983:,1747647671775
counter/5/0/0/0,10955:1747647657984:,1747647671775
counter/5/0/0/0,10956:1747647658005:,1747647671775
counter/5/0/0/0,10957:1747647658005:,1747647671775
counter/7/0/0/0,10919:1747647658271:,1747647671775
counter/7/0/0/0,10920:1747647658271:,1747647671775
counter/6/0/0/0,10647:1747647658544:,1747647671775
counter/6/0/0/0,10648:1747647658544:,1747647671775
counter/1/0/0/0,12072:1747647659223:,1747647671775
counter/2/0/0/0,10884:1747647657555:,1747647671776
counter/4/0/0/0,11395:1747647659725:,1747647671776
counter/2/0/0/0,10885:1747647657555:,1747647671776
counter/8/0/0/0,11199:1747647657837:,1747647671776
counter/3/0/0/0,11599:1747647659239:,1747647671777
counter/3/0/0/0,11600:1747647659239:,1747647671777
counter/3/0/0/0,11601:1747647659239:,1747647671777
counter/3/0/0/0,11602:1747647659239:,1747647671777
counter/3/0/0/0,11603:1747647659239:,1747647671777
counter/3/0/0/0,11604:1747647659254:,1747647671777
counter/3/0/0/0,11605:1747647659254:,1747647671777
counter/3/0/0/0,11606:1747647659254:,1747647671777
counter/3/0/0/0,11607:1747647659254:,1747647671777
counter/3/0/0/0,11608:1747647659254:,1747647671777
counter/3/0/0/0,11609:1747647659254:,1747647671777
counter/3/0/0/0,11610:1747647659255:,1747647671777
counter/3/0/0/0,11611:1747647659256:,1747647671777
counter/3/0/0/0,11612:1747647659256:,1747647671777
counter/3/0/0/0,11613:1747647659257:,1747647671777
counter/3/0/0/0,11614:1747647659257:,1747647671778
counter/3/0/0/0,11615:1747647659257:,1747647671778
counter/3/0/0/0,11616:1747647659257:,1747647671778
counter/3/0/0/0,11617:1747647659257:,1747647671778
counter/3/0/0/0,11618:1747647659257:,1747647671778
counter/3/0/0/0,11619:1747647659257:,1747647671778
counter/3/0/0/0,11620:1747647659257:,1747647671778
counter/5/0/0/0,10958:1747647658005:,1747647671778
counter/5/0/0/0,10959:1747647658005:,1747647671779
counter/5/0/0/0,10960:1747647658006:,1747647671779
counter/5/0/0/0,10961:1747647658006:,1747647671779
counter/5/0/0/0,10962:1747647658006:,1747647671780
counter/5/0/0/0,10963:1747647658006:,1747647671780
counter/5/0/0/0,10964:1747647658006:,1747647671780
counter/5/0/0/0,10965:1747647658006:,1747647671780
counter/5/0/0/0,10966:1747647658006:,1747647671780
counter/5/0/0/0,10967:1747647658006:,1747647671780
counter/2/0/0/0,10886:1747647657555:,1747647671780
counter/5/0/0/0,10968:1747647658006:,1747647671780
counter/5/0/0/0,10969:1747647658006:,1747647671780
counter/5/0/0/0,10970:1747647658006:,1747647671780
counter/10/0/0/0,10466:1747647658052:,1747647671780
counter/5/0/0/0,10971:1747647658006:,1747647671781
counter/10/0/0/0,10467:1747647658052:,1747647671781
counter/10/0/0/0,10468:1747647658052:,1747647671781
counter/10/0/0/0,10469:1747647658052:,1747647671781
counter/10/0/0/0,10470:1747647658060:,1747647671781
counter/10/0/0/0,10471:1747647658060:,1747647671781
counter/10/0/0/0,10472:1747647658060:,1747647671781
counter/10/0/0/0,10473:1747647658060:,1747647671781
counter/3/0/0/0,11621:1747647659257:,1747647671782
counter/7/0/0/0,10921:1747647658271:,1747647671782
counter/1/0/0/0,12073:1747647659223:,1747647671783
counter/1/0/0/0,12074:1747647659223:,1747647671783
counter/1/0/0/0,12075:1747647659223:,1747647671783
counter/1/0/0/0,12076:1747647659223:,1747647671783
counter/1/0/0/0,12077:1747647659225:,1747647671784
counter/1/0/0/0,12078:1747647659225:,1747647671784
counter/5/0/0/0,10972:1747647658006:,1747647671784
counter/5/0/0/0,10973:1747647658006:,1747647671784
counter/5/0/0/0,10974:1747647658006:,1747647671784
counter/5/0/0/0,10975:1747647658006:,1747647671784
counter/5/0/0/0,10976:1747647658006:,1747647671784
counter/5/0/0/0,10977:1747647658006:,1747647671784
counter/5/0/0/0,10978:1747647658006:,1747647671784
counter/3/0/0/0,11622:1747647659257:,1747647671785
counter/1/0/0/0,12079:1747647659225:,1747647671785
counter/3/0/0/0,11623:1747647659290:,1747647671786
counter/3/0/0/0,11624:1747647659290:,1747647671786
counter/3/0/0/0,11625:1747647659290:,1747647671786
counter/3/0/0/0,11626:1747647659290:,1747647671786
counter/3/0/0/0,11627:1747647659290:,1747647671786
counter/3/0/0/0,11628:1747647659290:,1747647671786
counter/3/0/0/0,11629:1747647659290:,1747647671786
counter/3/0/0/0,11630:1747647659290:,1747647671786
counter/3/0/0/0,11631:1747647659290:,1747647671786
counter/3/0/0/0,11632:1747647659290:,1747647671786
counter/3/0/0/0,11633:1747647659290:,1747647671786
counter/3/0/0/0,11634:1747647659290:,1747647671787
counter/3/0/0/0,11635:1747647659290:,1747647671787
counter/3/0/0/0,11636:1747647659290:,1747647671787
counter/10/0/0/0,10474:1747647658060:,1747647671787
counter/4/0/0/0,11396:1747647659725:,1747647671787
counter/10/0/0/0,10475:1747647658060:,1747647671787
counter/4/0/0/0,11397:1747647659725:,1747647671787
counter/10/0/0/0,10476:1747647658060:,1747647671789
counter/10/0/0/0,10477:1747647658060:,1747647671789
counter/10/0/0/0,10478:1747647658060:,1747647671790
counter/10/0/0/0,10479:1747647658060:,1747647671790
counter/10/0/0/0,10480:1747647658060:,1747647671790
counter/1/0/0/0,12080:1747647659225:,1747647671790
counter/10/0/0/0,10481:1747647658060:,1747647671790
counter/10/0/0/0,10482:1747647658060:,1747647671790
counter/10/0/0/0,10483:1747647658060:,1747647671790
counter/10/0/0/0,10484:1747647658060:,1747647671790
counter/10/0/0/0,10485:1747647658062:,1747647671790
counter/10/0/0/0,10486:1747647658062:,1747647671790
counter/10/0/0/0,10487:1747647658062:,1747647671790
counter/8/0/0/0,11200:1747647657837:,1747647671790
counter/9/0/0/0,11587:1747647658207:,1747647671790
counter/7/0/0/0,10922:1747647658271:,1747647671792
counter/7/0/0/0,10923:1747647658271:,1747647671792
counter/7/0/0/0,10924:1747647658271:,1747647671792
counter/2/0/0/0,10887:1747647657555:,1747647671792
counter/7/0/0/0,10925:1747647658271:,1747647671792
counter/2/0/0/0,10888:1747647657555:,1747647671792
counter/2/0/0/0,10889:1747647657555:,1747647671792
counter/2/0/0/0,10890:1747647657555:,1747647671792
counter/6/0/0/0,10649:1747647658544:,1747647671792
counter/8/0/0/0,11201:1747647657837:,1747647671792
counter/6/0/0/0,10650:1747647658544:,1747647671793
counter/8/0/0/0,11202:1747647657837:,1747647671793
counter/9/0/0/0,11588:1747647658207:,1747647671793
counter/9/0/0/0,11589:1747647658207:,1747647671794
counter/9/0/0/0,11590:1747647658207:,1747647671794
counter/9/0/0/0,11591:1747647658207:,1747647671794
counter/9/0/0/0,11592:1747647658207:,1747647671794
counter/9/0/0/0,11593:1747647658207:,1747647671794
counter/9/0/0/0,11594:1747647658207:,1747647671794
counter/1/0/0/0,12081:1747647659225:,1747647671794
counter/9/0/0/0,11595:1747647658207:,1747647671794
counter/9/0/0/0,11596:1747647658207:,1747647671794
counter/9/0/0/0,11597:1747647658207:,1747647671795
counter/9/0/0/0,11598:1747647658207:,1747647671795
counter/9/0/0/0,11599:1747647658207:,1747647671795
counter/9/0/0/0,11600:1747647658216:,1747647671795
counter/9/0/0/0,11601:1747647658216:,1747647671795
counter/9/0/0/0,11602:1747647658216:,1747647671795
counter/9/0/0/0,11603:1747647658216:,1747647671795
counter/9/0/0/0,11604:1747647658223:,1747647671795
counter/9/0/0/0,11605:1747647658223:,1747647671796
counter/9/0/0/0,11606:1747647658223:,1747647671796
counter/9/0/0/0,11607:1747647658223:,1747647671796
counter/9/0/0/0,11608:1747647658224:,1747647671796
counter/4/0/0/0,11398:1747647659725:,1747647671797
counter/10/0/0/0,10488:1747647658062:,1747647671797
counter/10/0/0/0,10489:1747647658062:,1747647671797
counter/10/0/0/0,10490:1747647658062:,1747647671797
counter/10/0/0/0,10491:1747647658062:,1747647671798
counter/10/0/0/0,10492:1747647658063:,1747647671798
counter/10/0/0/0,10493:1747647658063:,1747647671798
counter/10/0/0/0,10494:1747647658063:,1747647671798
counter/10/0/0/0,10495:1747647658063:,1747647671798
counter/10/0/0/0,10496:1747647658063:,1747647671798
counter/10/0/0/0,10497:1747647658063:,1747647671798
counter/10/0/0/0,10498:1747647658063:,1747647671798
counter/10/0/0/0,10499:1747647658064:,1747647671798
counter/10/0/0/0,10500:1747647658067:,1747647671798
counter/8/0/0/0,11203:1747647657841:,1747647671798
counter/10/0/0/0,10501:1747647658067:,1747647671798
counter/10/0/0/0,10502:1747647658067:,1747647671798
counter/10/0/0/0,10503:1747647658067:,1747647671798
counter/10/0/0/0,10504:1747647658067:,1747647671798
counter/10/0/0/0,10505:1747647658067:,1747647671798
counter/5/0/0/0,10979:1747647658006:,1747647671798
counter/5/0/0/0,10980:1747647658006:,1747647671799
counter/5/0/0/0,10981:1747647658006:,1747647671799
counter/5/0/0/0,10982:1747647658006:,1747647671799
counter/5/0/0/0,10983:1747647658008:,1747647671799
counter/5/0/0/0,10984:1747647658008:,1747647671799
counter/5/0/0/0,10985:1747647658008:,1747647671799
counter/5/0/0/0,10986:1747647658008:,1747647671799
counter/5/0/0/0,10987:1747647658008:,1747647671800
counter/5/0/0/0,10988:1747647658009:,1747647671800
counter/5/0/0/0,10989:1747647658009:,1747647671800
counter/6/0/0/0,10651:1747647658544:,1747647671800
counter/2/0/0/0,10891:1747647657555:,1747647671800
counter/6/0/0/0,10652:1747647658545:,1747647671800
counter/10/0/0/0,10506:1747647658067:,1747647671800
counter/10/0/0/0,10507:1747647658067:,1747647671800
counter/10/0/0/0,10508:1747647658067:,1747647671800
counter/10/0/0/0,10509:1747647658067:,1747647671800
counter/4/0/0/0,11399:1747647659726:,1747647671800
counter/10/0/0/0,10510:1747647658067:,1747647671800
counter/4/0/0/0,11400:1747647659726:,1747647671800
counter/10/0/0/0,10511:1747647658067:,1747647671800
counter/4/0/0/0,11401:1747647659726:,1747647671800
counter/10/0/0/0,10512:1747647658067:,1747647671800
counter/4/0/0/0,11402:1747647659726:,1747647671800
counter/10/0/0/0,10513:1747647658068:,1747647671801
counter/6/0/0/0,10653:1747647658545:,1747647671801
counter/6/0/0/0,10654:1747647658545:,1747647671801
counter/10/0/0/0,10514:1747647658068:,1747647671801
counter/6/0/0/0,10655:1747647658545:,1747647671801
counter/6/0/0/0,10656:1747647658545:,1747647671801
counter/6/0/0/0,10657:1747647658546:,1747647671801
counter/6/0/0/0,10658:1747647658546:,1747647671801
counter/6/0/0/0,10659:1747647658547:,1747647671801
counter/1/0/0/0,12082:1747647659225:,1747647671801
counter/5/0/0/0,10990:1747647658009:,1747647671801
counter/9/0/0/0,11609:1747647658224:,1747647671803
counter/10/0/0/0,10515:1747647658083:,1747647671803
counter/8/0/0/0,11204:1747647657841:,1747647671803
counter/4/0/0/0,11403:1747647659726:,1747647671803
counter/7/0/0/0,10926:1747647658271:,1747647671803
counter/10/0/0/0,10516:1747647658083:,1747647671806
counter/8/0/0/0,11205:1747647657841:,1747647671806
counter/6/0/0/0,10660:1747647658547:,1747647671806
counter/5/0/0/0,10991:1747647658009:,1747647671807
counter/9/0/0/0,11610:1747647658224:,1747647671807
counter/5/0/0/0,10992:1747647658009:,1747647671807
counter/5/0/0/0,10993:1747647658009:,1747647671807
counter/5/0/0/0,10994:1747647658009:,1747647671807
counter/5/0/0/0,10995:1747647658010:,1747647671807
counter/5/0/0/0,10996:1747647658010:,1747647671807
counter/5/0/0/0,10997:1747647658010:,1747647671807
counter/5/0/0/0,10998:1747647658010:,1747647671808
counter/5/0/0/0,10999:1747647658010:,1747647671808
counter/5/0/0/0,11000:1747647658010:,1747647671808
counter/5/0/0/0,11001:1747647658010:,1747647671808
counter/5/0/0/0,11002:1747647658010:,1747647671808
counter/5/0/0/0,11003:1747647658010:,1747647671808
counter/3/0/0/0,11637:1747647659290:,1747647671808
counter/7/0/0/0,10927:1747647658271:,1747647671808
counter/4/0/0/0,11404:1747647659729:,1747647671808
counter/4/0/0/0,11405:1747647659729:,1747647671808
counter/3/0/0/0,11638:1747647659290:,1747647671808
counter/4/0/0/0,11406:1747647659729:,1747647671808
counter/4/0/0/0,11407:1747647659729:,1747647671808
counter/1/0/0/0,12083:1747647659225:,1747647671808
counter/4/0/0/0,11408:1747647659729:,1747647671808
counter/4/0/0/0,11409:1747647659729:,1747647671809
counter/9/0/0/0,11611:1747647658224:,1747647671809
counter/8/0/0/0,11206:1747647657841:,1747647671810
counter/8/0/0/0,11207:1747647657841:,1747647671810
counter/10/0/0/0,10517:1747647658106:,1747647671810
counter/10/0/0/0,10518:1747647658106:,1747647671810
counter/10/0/0/0,10519:1747647658115:,1747647671810
counter/10/0/0/0,10520:1747647658115:,1747647671810
counter/10/0/0/0,10521:1747647658115:,1747647671810
counter/10/0/0/0,10522:1747647658115:,1747647671810
counter/10/0/0/0,10523:1747647658115:,1747647671810
counter/10/0/0/0,10524:1747647658115:,1747647671810
counter/5/0/0/0,11004:1747647658010:,1747647671811
counter/5/0/0/0,11005:1747647658010:,1747647671811
counter/5/0/0/0,11006:1747647658010:,1747647671811
counter/5/0/0/0,11007:1747647658010:,1747647671811
counter/5/0/0/0,11008:1747647658010:,1747647671811
counter/5/0/0/0,11009:1747647658010:,1747647671811
counter/6/0/0/0,10661:1747647658547:,1747647671811
counter/5/0/0/0,11010:1747647658010:,1747647671811
counter/4/0/0/0,11410:1747647659729:,1747647671813
counter/4/0/0/0,11411:1747647659729:,1747647671813
counter/4/0/0/0,11412:1747647659729:,1747647671813
counter/4/0/0/0,11413:1747647659729:,1747647671813
counter/4/0/0/0,11414:1747647659734:,1747647671813
counter/4/0/0/0,11415:1747647659734:,1747647671813
counter/4/0/0/0,11416:1747647659734:,1747647671813
counter/4/0/0/0,11417:1747647659737:,1747647671813
counter/4/0/0/0,11418:1747647659737:,1747647671813
counter/4/0/0/0,11419:1747647659737:,1747647671813
counter/8/0/0/0,11208:1747647657841:,1747647671814
counter/1/0/0/0,12084:1747647659225:,1747647671816
counter/8/0/0/0,11209:1747647657841:,1747647671816
counter/8/0/0/0,11210:1747647657841:,1747647671816
counter/8/0/0/0,11211:1747647657841:,1747647671816
counter/8/0/0/0,11212:1747647657841:,1747647671816
counter/8/0/0/0,11213:1747647657842:,1747647671816
counter/8/0/0/0,11214:1747647657842:,1747647671816
counter/8/0/0/0,11215:1747647657842:,1747647671816
counter/8/0/0/0,11216:1747647657842:,1747647671816
counter/8/0/0/0,11217:1747647657842:,1747647671816
counter/8/0/0/0,11218:1747647657842:,1747647671816
counter/4/0/0/0,11420:1747647659737:,1747647671816
counter/2/0/0/0,10892:1747647657555:,1747647671816
counter/9/0/0/0,11612:1747647658224:,1747647671816
counter/9/0/0/0,11613:1747647658224:,1747647671817
counter/9/0/0/0,11614:1747647658224:,1747647671817
counter/3/0/0/0,11639:1747647659290:,1747647671817
counter/3/0/0/0,11640:1747647659291:,1747647671817
counter/1/0/0/0,12085:1747647659225:,1747647671817
counter/1/0/0/0,12086:1747647659225:,1747647671817
counter/1/0/0/0,12087:1747647659225:,1747647671817
counter/1/0/0/0,12088:1747647659227:,1747647671817
counter/7/0/0/0,10928:1747647658271:,1747647671817
counter/9/0/0/0,11615:1747647658224:,1747647671817
counter/9/0/0/0,11616:1747647658224:,1747647671817
counter/9/0/0/0,11617:1747647658224:,1747647671817
counter/9/0/0/0,11618:1747647658224:,1747647671817
counter/9/0/0/0,11619:1747647658224:,1747647671817
counter/9/0/0/0,11620:1747647658226:,1747647671817
counter/9/0/0/0,11621:1747647658227:,1747647671817
counter/9/0/0/0,11622:1747647658227:,1747647671817
counter/9/0/0/0,11623:1747647658227:,1747647671818
counter/9/0/0/0,11624:1747647658227:,1747647671818
counter/8/0/0/0,11219:1747647657842:,1747647671818
counter/8/0/0/0,11220:1747647657842:,1747647671818
counter/8/0/0/0,11221:1747647657842:,1747647671818
counter/8/0/0/0,11222:1747647657842:,1747647671818
counter/8/0/0/0,11223:1747647657843:,1747647671818
counter/8/0/0/0,11224:1747647657843:,1747647671818
counter/6/0/0/0,10662:1747647658547:,1747647671818
counter/7/0/0/0,10929:1747647658271:,1747647671818
counter/8/0/0/0,11225:1747647657843:,1747647671819
counter/8/0/0/0,11226:1747647657843:,1747647671819
counter/8/0/0/0,11227:1747647657843:,1747647671819
counter/8/0/0/0,11228:1747647657843:,1747647671819
counter/8/0/0/0,11229:1747647657843:,1747647671819
counter/8/0/0/0,11230:1747647657843:,1747647671819
counter/8/0/0/0,11231:1747647657843:,1747647671819
counter/9/0/0/0,11625:1747647658227:,1747647671819
counter/8/0/0/0,11232:1747647657843:,1747647671819
counter/1/0/0/0,12089:1747647659227:,1747647671819
counter/9/0/0/0,11626:1747647658227:,1747647671819
counter/1/0/0/0,12090:1747647659227:,1747647671820
counter/3/0/0/0,11641:1747647659292:,1747647671820
counter/6/0/0/0,10663:1747647658547:,1747647671820
counter/3/0/0/0,11642:1747647659292:,1747647671820
counter/3/0/0/0,11643:1747647659292:,1747647671820
counter/3/0/0/0,11644:1747647659294:,1747647671820
counter/3/0/0/0,11645:1747647659294:,1747647671820
counter/3/0/0/0,11646:1747647659294:,1747647671820
counter/3/0/0/0,11647:1747647659294:,1747647671820
counter/3/0/0/0,11648:1747647659294:,1747647671820
counter/3/0/0/0,11649:1747647659294:,1747647671820
counter/8/0/0/0,11233:1747647657843:,1747647671820
counter/3/0/0/0,11650:1747647659294:,1747647671820
counter/3/0/0/0,11651:1747647659294:,1747647671820
counter/7/0/0/0,10930:1747647658271:,1747647671820
counter/9/0/0/0,11627:1747647658228:,1747647671820
counter/6/0/0/0,10664:1747647658547:,1747647671820
counter/6/0/0/0,10665:1747647658547:,1747647671820
counter/1/0/0/0,12091:1747647659227:,1747647671821
counter/6/0/0/0,10666:1747647658547:,1747647671821
counter/6/0/0/0,10667:1747647658547:,1747647671821
counter/6/0/0/0,10668:1747647658547:,1747647671821
counter/6/0/0/0,10669:1747647658547:,1747647671821
counter/6/0/0/0,10670:1747647658569:,1747647671821
counter/6/0/0/0,10671:1747647658569:,1747647671821
counter/6/0/0/0,10672:1747647658569:,1747647671821
counter/6/0/0/0,10673:1747647658569:,1747647671821
counter/8/0/0/0,11234:1747647657843:,1747647671821
counter/3/0/0/0,11652:1747647659294:,1747647671821
counter/6/0/0/0,10674:1747647658569:,1747647671822
counter/1/0/0/0,12092:1747647659227:,1747647671822
counter/1/0/0/0,12093:1747647659227:,1747647671822
counter/1/0/0/0,12094:1747647659227:,1747647671822
counter/3/0/0/0,11653:1747647659294:,1747647671823
counter/1/0/0/0,12095:1747647659227:,1747647671823
counter/1/0/0/0,12096:1747647659227:,1747647671823
counter/1/0/0/0,12097:1747647659227:,1747647671823
counter/5/0/0/0,11011:1747647658010:,1747647671823
counter/10/0/0/0,10525:1747647658115:,1747647671823
counter/10/0/0/0,10526:1747647658115:,1747647671823
counter/10/0/0/0,10527:1747647658115:,1747647671823
counter/10/0/0/0,10528:1747647658115:,1747647671823
counter/10/0/0/0,10529:1747647658115:,1747647671823
counter/10/0/0/0,10530:1747647658141:,1747647671823
counter/10/0/0/0,10531:1747647658141:,1747647671823
counter/10/0/0/0,10532:1747647658141:,1747647671823
counter/10/0/0/0,10533:1747647658141:,1747647671823
counter/10/0/0/0,10534:1747647658141:,1747647671823
counter/6/0/0/0,10675:1747647658569:,1747647671823
counter/3/0/0/0,11654:1747647659294:,1747647671824
counter/1/0/0/0,12098:1747647659227:,1747647671824
counter/3/0/0/0,11655:1747647659294:,1747647671824
counter/3/0/0/0,11656:1747647659296:,1747647671824
counter/3/0/0/0,11657:1747647659297:,1747647671824
counter/9/0/0/0,11628:1747647658229:,1747647671824
counter/7/0/0/0,10931:1747647658271:,1747647671824
counter/9/0/0/0,11629:1747647658229:,1747647671824
counter/4/0/0/0,11421:1747647659739:,1747647671824
counter/4/0/0/0,11422:1747647659739:,1747647671824
counter/4/0/0/0,11423:1747647659739:,1747647671824
counter/4/0/0/0,11424:1747647659739:,1747647671824
counter/4/0/0/0,11425:1747647659739:,1747647671824
counter/4/0/0/0,11426:1747647659739:,1747647671824
counter/4/0/0/0,11427:1747647659739:,1747647671824
counter/4/0/0/0,11428:1747647659739:,1747647671824
counter/4/0/0/0,11429:1747647659743:,1747647671824
counter/3/0/0/0,11658:1747647659297:,1747647671825
counter/5/0/0/0,11012:1747647658010:,1747647671826
counter/8/0/0/0,11235:1747647657850:,1747647671826
counter/8/0/0/0,11236:1747647657850:,1747647671826
counter/8/0/0/0,11237:1747647657850:,1747647671826
counter/8/0/0/0,11238:1747647657850:,1747647671826
counter/8/0/0/0,11239:1747647657850:,1747647671826
counter/8/0/0/0,11240:1747647657850:,1747647671826
counter/8/0/0/0,11241:1747647657851:,1747647671826
counter/4/0/0/0,11430:1747647659743:,1747647671826
counter/10/0/0/0,10535:1747647658152:,1747647671826
counter/7/0/0/0,10932:1747647658271:,1747647671826
counter/10/0/0/0,10536:1747647658152:,1747647671826
counter/10/0/0/0,10537:1747647658152:,1747647671826
counter/7/0/0/0,10933:1747647658272:,1747647671826
counter/3/0/0/0,11659:1747647659297:,1747647671826
counter/5/0/0/0,11013:1747647658010:,1747647671826
counter/5/0/0/0,11014:1747647658010:,1747647671826
counter/8/0/0/0,11242:1747647657851:,1747647671827
counter/9/0/0/0,11630:1747647658229:,1747647671827
counter/2/0/0/0,10893:1747647657555:,1747647671827
counter/6/0/0/0,10676:1747647658572:,1747647671827
counter/2/0/0/0,10894:1747647657555:,1747647671827
counter/2/0/0/0,10895:1747647657559:,1747647671827
counter/2/0/0/0,10896:1747647657559:,1747647671827
counter/2/0/0/0,10897:1747647657559:,1747647671827
counter/2/0/0/0,10898:1747647657559:,1747647671827
counter/2/0/0/0,10899:1747647657559:,1747647671827
counter/2/0/0/0,10900:1747647657559:,1747647671827
counter/2/0/0/0,10901:1747647657559:,1747647671827
counter/2/0/0/0,10902:1747647657559:,1747647671827
counter/10/0/0/0,10538:1747647658152:,1747647671828
counter/1/0/0/0,12099:1747647659227:,1747647671828
counter/1/0/0/0,12100:1747647659227:,1747647671829
counter/1/0/0/0,12101:1747647659227:,1747647671829
counter/3/0/0/0,11660:1747647659306:,1747647671829
counter/3/0/0/0,11661:1747647659306:,1747647671829
counter/3/0/0/0,11662:1747647659306:,1747647671829
counter/3/0/0/0,11663:1747647659306:,1747647671829
counter/3/0/0/0,11664:1747647659306:,1747647671829
counter/3/0/0/0,11665:1747647659306:,1747647671829
counter/3/0/0/0,11666:1747647659306:,1747647671829
counter/3/0/0/0,11667:1747647659307:,1747647671829
counter/3/0/0/0,11668:1747647659307:,1747647671829
counter/7/0/0/0,10934:1747647658273:,1747647671829
counter/4/0/0/0,11431:1747647659743:,1747647671829
counter/7/0/0/0,10935:1747647658273:,1747647671829
counter/4/0/0/0,11432:1747647659744:,1747647671829
counter/4/0/0/0,11433:1747647659744:,1747647671829
counter/6/0/0/0,10677:1747647658572:,1747647671830
counter/4/0/0/0,11434:1747647659744:,1747647671830
counter/10/0/0/0,10539:1747647658152:,1747647671830
counter/7/0/0/0,10936:1747647658273:,1747647671830
counter/10/0/0/0,10540:1747647658152:,1747647671830
counter/7/0/0/0,10937:1747647658273:,1747647671830
counter/10/0/0/0,10541:1747647658152:,1747647671831
counter/10/0/0/0,10542:1747647658152:,1747647671831
counter/10/0/0/0,10543:1747647658156:,1747647671831
counter/10/0/0/0,10544:1747647658156:,1747647671831
counter/10/0/0/0,10545:1747647658156:,1747647671831
counter/6/0/0/0,10678:1747647658572:,1747647671832
counter/4/0/0/0,11435:1747647659758:,1747647671832
counter/10/0/0/0,10546:1747647658156:,1747647671834
counter/8/0/0/0,11243:1747647657851:,1747647671834
counter/8/0/0/0,11244:1747647657859:,1747647671835
counter/8/0/0/0,11245:1747647657859:,1747647671835
counter/8/0/0/0,11246:1747647657859:,1747647671835
counter/3/0/0/0,11669:1747647659307:,1747647671835
counter/6/0/0/0,10679:1747647658572:,1747647671835
counter/6/0/0/0,10680:1747647658572:,1747647671835
counter/6/0/0/0,10681:1747647658572:,1747647671835
counter/6/0/0/0,10682:1747647658572:,1747647671835
counter/6/0/0/0,10683:1747647658572:,1747647671835
counter/4/0/0/0,11436:1747647659758:,1747647671835
counter/7/0/0/0,10938:1747647658273:,1747647671835
counter/7/0/0/0,10939:1747647658273:,1747647671835
counter/8/0/0/0,11247:1747647657859:,1747647671835
counter/2/0/0/0,10903:1747647657559:,1747647671836
counter/4/0/0/0,11437:1747647659758:,1747647671836
counter/7/0/0/0,10940:1747647658273:,1747647671836
counter/8/0/0/0,11248:1747647657859:,1747647671836
counter/7/0/0/0,10941:1747647658273:,1747647671837
counter/2/0/0/0,10904:1747647657559:,1747647671837
counter/7/0/0/0,10942:1747647658273:,1747647671837
counter/10/0/0/0,10547:1747647658156:,1747647671838
counter/10/0/0/0,10548:1747647658156:,1747647671838
counter/10/0/0/0,10549:1747647658156:,1747647671838
counter/10/0/0/0,10550:1747647658167:,1747647671838
counter/10/0/0/0,10551:1747647658167:,1747647671838
counter/10/0/0/0,10552:1747647658167:,1747647671838
counter/10/0/0/0,10553:1747647658167:,1747647671838
counter/10/0/0/0,10554:1747647658167:,1747647671838
counter/1/0/0/0,12102:1747647659227:,1747647671838
counter/4/0/0/0,11438:1747647659758:,1747647671838
counter/1/0/0/0,12103:1747647659230:,1747647671838
counter/1/0/0/0,12104:1747647659230:,1747647671838
counter/1/0/0/0,12105:1747647659230:,1747647671838
counter/1/0/0/0,12106:1747647659230:,1747647671838
counter/2/0/0/0,10905:1747647657559:,1747647671838
counter/1/0/0/0,12107:1747647659230:,1747647671839
counter/1/0/0/0,12108:1747647659230:,1747647671839
counter/1/0/0/0,12109:1747647659230:,1747647671839
counter/1/0/0/0,12110:1747647659231:,1747647671839
counter/9/0/0/0,11631:1747647658229:,1747647671839
counter/9/0/0/0,11632:1747647658229:,1747647671839
counter/9/0/0/0,11633:1747647658229:,1747647671839
counter/9/0/0/0,11634:1747647658229:,1747647671839
counter/9/0/0/0,11635:1747647658231:,1747647671839
counter/9/0/0/0,11636:1747647658231:,1747647671840
counter/9/0/0/0,11637:1747647658231:,1747647671840
counter/9/0/0/0,11638:1747647658231:,1747647671840
counter/9/0/0/0,11639:1747647658231:,1747647671840
counter/8/0/0/0,11249:1747647657859:,1747647671840
counter/4/0/0/0,11439:1747647659758:,1747647671840
counter/9/0/0/0,11640:1747647658231:,1747647671840
counter/9/0/0/0,11641:1747647658231:,1747647671840
counter/9/0/0/0,11642:1747647658231:,1747647671840
counter/9/0/0/0,11643:1747647658231:,1747647671840
counter/9/0/0/0,11644:1747647658231:,1747647671840
counter/9/0/0/0,11645:1747647658232:,1747647671840
counter/9/0/0/0,11646:1747647658232:,1747647671840
counter/9/0/0/0,11647:1747647658232:,1747647671840
counter/9/0/0/0,11648:1747647658232:,1747647671840
counter/9/0/0/0,11649:1747647658232:,1747647671840
counter/9/0/0/0,11650:1747647658232:,1747647671840
counter/9/0/0/0,11651:1747647658232:,1747647671840
counter/10/0/0/0,10555:1747647658167:,1747647671840
counter/10/0/0/0,10556:1747647658187:,1747647671841
counter/7/0/0/0,10943:1747647658273:,1747647671841
counter/7/0/0/0,10944:1747647658273:,1747647671841
counter/7/0/0/0,10945:1747647658273:,1747647671841
counter/5/0/0/0,11015:1747647658014:,1747647671841
counter/8/0/0/0,11250:1747647657859:,1747647671841
counter/8/0/0/0,11251:1747647657860:,1747647671841
counter/4/0/0/0,11440:1747647659758:,1747647671841
counter/5/0/0/0,11016:1747647658015:,1747647671843
counter/5/0/0/0,11017:1747647658015:,1747647671843
counter/5/0/0/0,11018:1747647658015:,1747647671843
counter/5/0/0/0,11019:1747647658015:,1747647671843
counter/5/0/0/0,11020:1747647658015:,1747647671843
counter/5/0/0/0,11021:1747647658015:,1747647671844
counter/6/0/0/0,10684:1747647658572:,1747647671844
counter/2/0/0/0,10906:1747647657559:,1747647671844
counter/2/0/0/0,10907:1747647657560:,1747647671844
counter/2/0/0/0,10908:1747647657560:,1747647671844
counter/2/0/0/0,10909:1747647657575:,1747647671844
counter/2/0/0/0,10910:1747647657575:,1747647671844
counter/2/0/0/0,10911:1747647657575:,1747647671844
counter/8/0/0/0,11252:1747647657860:,1747647671844
counter/8/0/0/0,11253:1747647657860:,1747647671844
counter/8/0/0/0,11254:1747647657860:,1747647671844
counter/4/0/0/0,11441:1747647659758:,1747647671844
counter/6/0/0/0,10685:1747647658572:,1747647671845
counter/6/0/0/0,10686:1747647658577:,1747647671845
counter/6/0/0/0,10687:1747647658577:,1747647671845
counter/6/0/0/0,10688:1747647658577:,1747647671847
counter/3/0/0/0,11670:1747647659307:,1747647671848
counter/3/0/0/0,11671:1747647659307:,1747647671848
counter/3/0/0/0,11672:1747647659308:,1747647671848
counter/3/0/0/0,11673:1747647659308:,1747647671848
counter/3/0/0/0,11674:1747647659309:,1747647671848
counter/3/0/0/0,11675:1747647659309:,1747647671848
counter/9/0/0/0,11652:1747647658232:,1747647671849
counter/3/0/0/0,11676:1747647659309:,1747647671850
counter/7/0/0/0,10946:1747647658273:,1747647671850
counter/7/0/0/0,10947:1747647658273:,1747647671850
counter/6/0/0/0,10689:1747647658577:,1747647671850
counter/9/0/0/0,11653:1747647658232:,1747647671850
counter/7/0/0/0,10948:1747647658273:,1747647671850
counter/1/0/0/0,12111:1747647659231:,1747647671850
counter/7/0/0/0,10949:1747647658273:,1747647671850
counter/7/0/0/0,10950:1747647658280:,1747647671850
counter/7/0/0/0,10951:1747647658280:,1747647671850
counter/7/0/0/0,10952:1747647658280:,1747647671850
counter/6/0/0/0,10690:1747647658577:,1747647671850
counter/6/0/0/0,10691:1747647658577:,1747647671850
counter/6/0/0/0,10692:1747647658577:,1747647671850
counter/10/0/0/0,10557:1747647658188:,1747647671851
counter/10/0/0/0,10558:1747647658188:,1747647671851
counter/10/0/0/0,10559:1747647658188:,1747647671851
counter/10/0/0/0,10560:1747647658193:,1747647671851
counter/10/0/0/0,10561:1747647658193:,1747647671851
counter/3/0/0/0,11677:1747647659309:,1747647671851
counter/3/0/0/0,11678:1747647659309:,1747647671851
counter/9/0/0/0,11654:1747647658240:,1747647671851
counter/9/0/0/0,11655:1747647658240:,1747647671851
counter/9/0/0/0,11656:1747647658240:,1747647671851
counter/9/0/0/0,11657:1747647658241:,1747647671851
counter/9/0/0/0,11658:1747647658241:,1747647671851
counter/9/0/0/0,11659:1747647658252:,1747647671851
counter/9/0/0/0,11660:1747647658252:,1747647671852
counter/9/0/0/0,11661:1747647658252:,1747647671852
counter/9/0/0/0,11662:1747647658252:,1747647671852
counter/2/0/0/0,10912:1747647657575:,1747647671852
counter/8/0/0/0,11255:1747647657861:,1747647671852
counter/8/0/0/0,11256:1747647657861:,1747647671852
counter/4/0/0/0,11442:1747647659770:,1747647671852
counter/8/0/0/0,11257:1747647657862:,1747647671852
counter/8/0/0/0,11258:1747647657862:,1747647671853
counter/8/0/0/0,11259:1747647657862:,1747647671853
counter/8/0/0/0,11260:1747647657862:,1747647671853
counter/8/0/0/0,11261:1747647657862:,1747647671853
counter/8/0/0/0,11262:1747647657862:,1747647671853
counter/8/0/0/0,11263:1747647657862:,1747647671853
counter/8/0/0/0,11264:1747647657905:,1747647671853
counter/8/0/0/0,11265:1747647657905:,1747647671853
counter/8/0/0/0,11266:1747647657905:,1747647671853
counter/8/0/0/0,11267:1747647657905:,1747647671853
counter/8/0/0/0,11268:1747647657905:,1747647671853
counter/8/0/0/0,11269:1747647657905:,1747647671853
counter/8/0/0/0,11270:1747647657905:,1747647671853
counter/8/0/0/0,11271:1747647657908:,1747647671853
counter/8/0/0/0,11272:1747647657908:,1747647671853
counter/8/0/0/0,11273:1747647657908:,1747647671853
counter/8/0/0/0,11274:1747647657908:,1747647671853
counter/8/0/0/0,11275:1747647657909:,1747647671853
counter/8/0/0/0,11276:1747647657909:,1747647671853
counter/8/0/0/0,11277:1747647657909:,1747647671853
counter/9/0/0/0,11663:1747647658253:,1747647671854
counter/2/0/0/0,10913:1747647657575:,1747647671854
counter/1/0/0/0,12112:1747647659231:,1747647671854
counter/1/0/0/0,12113:1747647659231:,1747647671854
counter/1/0/0/0,12114:1747647659231:,1747647671854
counter/1/0/0/0,12115:1747647659231:,1747647671854
counter/1/0/0/0,12116:1747647659233:,1747647671854
counter/1/0/0/0,12117:1747647659233:,1747647671854
counter/2/0/0/0,10914:1747647657576:,1747647671855
counter/2/0/0/0,10915:1747647657576:,1747647671855
counter/2/0/0/0,10916:1747647657577:,1747647671855
counter/2/0/0/0,10917:1747647657577:,1747647671855
counter/2/0/0/0,10918:1747647657577:,1747647671855
counter/2/0/0/0,10919:1747647657577:,1747647671855
counter/9/0/0/0,11664:1747647658253:,1747647671856
counter/9/0/0/0,11665:1747647658253:,1747647671856
counter/9/0/0/0,11666:1747647658253:,1747647671856
counter/9/0/0/0,11667:1747647658253:,1747647671856
counter/9/0/0/0,11668:1747647658270:,1747647671856
counter/3/0/0/0,11679:1747647659309:,1747647671857
counter/3/0/0/0,11680:1747647659309:,1747647671857
counter/3/0/0/0,11681:1747647659309:,1747647671857
counter/3/0/0/0,11682:1747647659309:,1747647671857
counter/3/0/0/0,11683:1747647659309:,1747647671857
counter/3/0/0/0,11684:1747647659309:,1747647671857
counter/10/0/0/0,10562:1747647658193:,1747647671858
counter/2/0/0/0,10920:1747647657577:,1747647671858
counter/2/0/0/0,10921:1747647657577:,1747647671858
counter/4/0/0/0,11443:1747647659770:,1747647671860
counter/6/0/0/0,10693:1747647658577:,1747647671860
counter/9/0/0/0,11669:1747647658270:,1747647671860
counter/8/0/0/0,11278:1747647657909:,1747647671860
counter/9/0/0/0,11670:1747647658270:,1747647671860
counter/9/0/0/0,11671:1747647658270:,1747647671860
counter/9/0/0/0,11672:1747647658270:,1747647671860
counter/9/0/0/0,11673:1747647658270:,1747647671861
counter/9/0/0/0,11674:1747647658270:,1747647671861
counter/9/0/0/0,11675:1747647658270:,1747647671861
counter/7/0/0/0,10953:1747647658298:,1747647671861
counter/1/0/0/0,12118:1747647659234:,1747647671861
counter/8/0/0/0,11279:1747647657909:,1747647671861
counter/1/0/0/0,12119:1747647659234:,1747647671861
counter/5/0/0/0,11022:1747647658015:,1747647671861
counter/6/0/0/0,10694:1747647658577:,1747647671862
counter/6/0/0/0,10695:1747647658577:,1747647671862
counter/9/0/0/0,11676:1747647658270:,1747647671862
counter/9/0/0/0,11677:1747647658270:,1747647671862
counter/9/0/0/0,11678:1747647658270:,1747647671862
counter/3/0/0/0,11685:1747647659313:,1747647671863
counter/6/0/0/0,10696:1747647658577:,1747647671863
counter/7/0/0/0,10954:1747647658298:,1747647671863
counter/8/0/0/0,11280:1747647657909:,1747647671864
counter/5/0/0/0,11023:1747647658015:,1747647671864
counter/10/0/0/0,10563:1747647658193:,1747647671864
counter/2/0/0/0,10922:1747647657578:,1747647671865
counter/10/0/0/0,10564:1747647658193:,1747647671865
counter/10/0/0/0,10565:1747647658193:,1747647671866
counter/3/0/0/0,11686:1747647659313:,1747647671866
counter/3/0/0/0,11687:1747647659313:,1747647671866
counter/3/0/0/0,11688:1747647659313:,1747647671866
counter/7/0/0/0,10955:1747647658298:,1747647671866
counter/7/0/0/0,10956:1747647658298:,1747647671867
counter/3/0/0/0,11689:1747647659313:,1747647671867
counter/3/0/0/0,11690:1747647659313:,1747647671867
counter/3/0/0/0,11691:1747647659313:,1747647671867
counter/1/0/0/0,12120:1747647659234:,1747647671867
counter/9/0/0/0,11679:1747647658270:,1747647671870
counter/9/0/0/0,11680:1747647658270:,1747647671870
counter/10/0/0/0,10566:1747647658193:,1747647671871
counter/8/0/0/0,11281:1747647657909:,1747647671871
counter/4/0/0/0,11444:1747647659770:,1747647671871
counter/8/0/0/0,11282:1747647657909:,1747647671872
counter/4/0/0/0,11445:1747647659783:,1747647671872
counter/4/0/0/0,11446:1747647659793:,1747647671872
counter/4/0/0/0,11447:1747647659793:,1747647671872
counter/10/0/0/0,10567:1747647658194:,1747647671873
counter/6/0/0/0,10697:1747647658577:,1747647671873
counter/9/0/0/0,11681:1747647658270:,1747647671873
counter/7/0/0/0,10957:1747647658298:,1747647671874
counter/7/0/0/0,10958:1747647658298:,1747647671874
counter/7/0/0/0,10959:1747647658302:,1747647671874
counter/7/0/0/0,10960:1747647658332:,1747647671874
counter/7/0/0/0,10961:1747647658332:,1747647671874
counter/7/0/0/0,10962:1747647658332:,1747647671874
counter/7/0/0/0,10963:1747647658332:,1747647671874
counter/7/0/0/0,10964:1747647658332:,1747647671874
counter/7/0/0/0,10965:1747647658332:,1747647671874
counter/8/0/0/0,11283:1747647657909:,1747647671874
counter/4/0/0/0,11448:1747647659793:,1747647671875
counter/9/0/0/0,11682:1747647658272:,1747647671875
counter/9/0/0/0,11683:1747647658273:,1747647671875
counter/9/0/0/0,11684:1747647658273:,1747647671875
counter/9/0/0/0,11685:1747647658274:,1747647671875
counter/9/0/0/0,11686:1747647658274:,1747647671875
counter/9/0/0/0,11687:1747647658274:,1747647671875
counter/5/0/0/0,11024:1747647658015:,1747647671875
counter/2/0/0/0,10923:1747647657578:,1747647671875
counter/5/0/0/0,11025:1747647658015:,1747647671877
counter/10/0/0/0,10568:1747647658194:,1747647671877
counter/8/0/0/0,11284:1747647657913:,1747647671877
counter/1/0/0/0,12121:1747647659234:,1747647671877
counter/8/0/0/0,11285:1747647657913:,1747647671880
counter/1/0/0/0,12122:1747647659234:,1747647671880
counter/1/0/0/0,12123:1747647659234:,1747647671880
counter/1/0/0/0,12124:1747647659235:,1747647671880
counter/1/0/0/0,12125:1747647659235:,1747647671880
counter/1/0/0/0,12126:1747647659235:,1747647671882
counter/4/0/0/0,11449:1747647659793:,1747647671882
counter/4/0/0/0,11450:1747647659793:,1747647671882
counter/6/0/0/0,10698:1747647658577:,1747647671882
counter/6/0/0/0,10699:1747647658577:,1747647671882
counter/7/0/0/0,10966:1747647658332:,1747647671882
counter/4/0/0/0,11451:1747647659800:,1747647671883
counter/9/0/0/0,11688:1747647658274:,1747647671883
counter/4/0/0/0,11452:1747647659800:,1747647671883
counter/4/0/0/0,11453:1747647659802:,1747647671884
counter/4/0/0/0,11454:1747647659804:,1747647671884
counter/4/0/0/0,11455:1747647659809:,1747647671884
counter/4/0/0/0,11456:1747647659810:,1747647671884
counter/5/0/0/0,11026:1747647658015:,1747647671884
counter/10/0/0/0,10569:1747647658194:,1747647671884
counter/5/0/0/0,11027:1747647658015:,1747647671884
counter/1/0/0/0,12127:1747647659235:,1747647671884
counter/5/0/0/0,11028:1747647658015:,1747647671884
counter/7/0/0/0,10967:1747647658332:,1747647671885
counter/7/0/0/0,10968:1747647658332:,1747647671885
counter/7/0/0/0,10969:1747647658332:,1747647671885
counter/7/0/0/0,10970:1747647658332:,1747647671886
counter/7/0/0/0,10971:1747647658337:,1747647671886
counter/1/0/0/0,12128:1747647659235:,1747647671886
counter/1/0/0/0,12129:1747647659235:,1747647671886
counter/1/0/0/0,12130:1747647659235:,1747647671886
counter/2/0/0/0,10924:1747647657578:,1747647671886
counter/8/0/0/0,11286:1747647657913:,1747647671887
counter/8/0/0/0,11287:1747647657913:,1747647671887
counter/8/0/0/0,11288:1747647657913:,1747647671887
counter/8/0/0/0,11289:1747647657913:,1747647671887
counter/8/0/0/0,11290:1747647657918:,1747647671887
counter/8/0/0/0,11291:1747647657918:,1747647671887
counter/8/0/0/0,11292:1747647657918:,1747647671887
counter/8/0/0/0,11293:1747647657918:,1747647671887
counter/8/0/0/0,11294:1747647657918:,1747647671887
counter/8/0/0/0,11295:1747647657918:,1747647671887
counter/3/0/0/0,11692:1747647659314:,1747647671887
counter/3/0/0/0,11693:1747647659314:,1747647671887
counter/7/0/0/0,10972:1747647658338:,1747647671888
counter/7/0/0/0,10973:1747647658338:,1747647671888
counter/7/0/0/0,10974:1747647658338:,1747647671888
counter/1/0/0/0,12131:1747647659235:,1747647671888
counter/7/0/0/0,10975:1747647658344:,1747647671888
counter/7/0/0/0,10976:1747647658344:,1747647671888
counter/7/0/0/0,10977:1747647658344:,1747647671888
counter/7/0/0/0,10978:1747647658344:,1747647671888
counter/7/0/0/0,10979:1747647658344:,1747647671888
counter/7/0/0/0,10980:1747647658344:,1747647671888
counter/7/0/0/0,10981:1747647658344:,1747647671888
counter/7/0/0/0,10982:1747647658344:,1747647671888
counter/7/0/0/0,10983:1747647658344:,1747647671889
counter/7/0/0/0,10984:1747647658345:,1747647671889
counter/6/0/0/0,10700:1747647658577:,1747647671889
counter/9/0/0/0,11689:1747647658274:,1747647671889
counter/9/0/0/0,11690:1747647658274:,1747647671889
counter/9/0/0/0,11691:1747647658274:,1747647671889
counter/9/0/0/0,11692:1747647658288:,1747647671889
counter/9/0/0/0,11693:1747647658288:,1747647671889
counter/9/0/0/0,11694:1747647658289:,1747647671889
counter/9/0/0/0,11695:1747647658289:,1747647671889
counter/4/0/0/0,11457:1747647659810:,1747647671889
counter/9/0/0/0,11696:1747647658290:,1747647671891
counter/9/0/0/0,11697:1747647658290:,1747647671891
counter/9/0/0/0,11698:1747647658290:,1747647671891
counter/9/0/0/0,11699:1747647658290:,1747647671891
counter/9/0/0/0,11700:1747647658290:,1747647671891
counter/9/0/0/0,11701:1747647658290:,1747647671891
counter/9/0/0/0,11702:1747647658290:,1747647671891
counter/9/0/0/0,11703:1747647658311:,1747647671891
counter/9/0/0/0,11704:1747647658311:,1747647671892
counter/9/0/0/0,11705:1747647658311:,1747647671892
counter/9/0/0/0,11706:1747647658311:,1747647671892
counter/9/0/0/0,11707:1747647658312:,1747647671892
counter/9/0/0/0,11708:1747647658316:,1747647671892
counter/5/0/0/0,11029:1747647658015:,1747647671892
counter/1/0/0/0,12132:1747647659235:,1747647671892
counter/5/0/0/0,11030:1747647658015:,1747647671892
counter/7/0/0/0,10985:1747647658345:,1747647671892
counter/7/0/0/0,10986:1747647658345:,1747647671892
counter/7/0/0/0,10987:1747647658345:,1747647671892
counter/7/0/0/0,10988:1747647658345:,1747647671892
counter/7/0/0/0,10989:1747647658345:,1747647671892
counter/7/0/0/0,10990:1747647658345:,1747647671892
counter/4/0/0/0,11458:1747647659820:,1747647671892
counter/4/0/0/0,11459:1747647659821:,1747647671892
counter/4/0/0/0,11460:1747647659821:,1747647671892
counter/4/0/0/0,11461:1747647659821:,1747647671892
counter/3/0/0/0,11694:1747647659314:,1747647671892
counter/1/0/0/0,12133:1747647659236:,1747647671893
counter/1/0/0/0,12134:1747647659236:,1747647671893
counter/1/0/0/0,12135:1747647659236:,1747647671893
counter/1/0/0/0,12136:1747647659236:,1747647671893
counter/9/0/0/0,11709:1747647658316:,1747647671893
counter/10/0/0/0,10570:1747647658194:,1747647671894
counter/9/0/0/0,11710:1747647658316:,1747647671897
counter/9/0/0/0,11711:1747647658317:,1747647671897
counter/8/0/0/0,11296:1747647657918:,1747647671897
counter/8/0/0/0,11297:1747647657918:,1747647671897
counter/8/0/0/0,11298:1747647657918:,1747647671897
counter/8/0/0/0,11299:1747647657918:,1747647671897
counter/8/0/0/0,11300:1747647657918:,1747647671898
counter/8/0/0/0,11301:1747647657918:,1747647671898
counter/8/0/0/0,11302:1747647657918:,1747647671898
counter/8/0/0/0,11303:1747647657918:,1747647671898
counter/8/0/0/0,11304:1747647657920:,1747647671898
counter/4/0/0/0,11462:1747647659821:,1747647671898
counter/4/0/0/0,11463:1747647659821:,1747647671898
counter/4/0/0/0,11464:1747647659821:,1747647671898
counter/4/0/0/0,11465:1747647659821:,1747647671898
counter/4/0/0/0,11466:1747647659821:,1747647671898
counter/4/0/0/0,11467:1747647659821:,1747647671898
counter/4/0/0/0,11468:1747647659821:,1747647671898
counter/4/0/0/0,11469:1747647659821:,1747647671898
counter/4/0/0/0,11470:1747647659821:,1747647671898
counter/4/0/0/0,11471:1747647659821:,1747647671898
counter/10/0/0/0,10571:1747647658195:,1747647671898
counter/8/0/0/0,11305:1747647657920:,1747647671900
counter/8/0/0/0,11306:1747647657920:,1747647671902
counter/3/0/0/0,11695:1747647659314:,1747647671902
counter/8/0/0/0,11307:1747647657920:,1747647671902
counter/8/0/0/0,11308:1747647657920:,1747647671902
counter/8/0/0/0,11309:1747647657920:,1747647671902
counter/9/0/0/0,11712:1747647658317:,1747647671902
counter/8/0/0/0,11310:1747647657920:,1747647671902
counter/8/0/0/0,11311:1747647657920:,1747647671903
counter/3/0/0/0,11696:1747647659314:,1747647671903
counter/1/0/0/0,12137:1747647659236:,1747647671903
counter/1/0/0/0,12138:1747647659236:,1747647671903
counter/1/0/0/0,12139:1747647659236:,1747647671903
counter/1/0/0/0,12140:1747647659236:,1747647671903
counter/1/0/0/0,12141:1747647659236:,1747647671903
counter/2/0/0/0,10925:1747647657578:,1747647671903
counter/6/0/0/0,10701:1747647658577:,1747647671903
counter/7/0/0/0,10991:1747647658345:,1747647671904
counter/8/0/0/0,11312:1747647657920:,1747647671904
counter/10/0/0/0,10572:1747647658197:,1747647671904
counter/6/0/0/0,10702:1747647658580:,1747647671904
counter/7/0/0/0,10992:1747647658350:,1747647671904
counter/8/0/0/0,11313:1747647657920:,1747647671905
counter/9/0/0/0,11713:1747647658317:,1747647671905
counter/8/0/0/0,11314:1747647657920:,1747647671906
counter/8/0/0/0,11315:1747647657920:,1747647671906
counter/8/0/0/0,11316:1747647657921:,1747647671906
counter/8/0/0/0,11317:1747647657921:,1747647671906
counter/8/0/0/0,11318:1747647657921:,1747647671906
counter/8/0/0/0,11319:1747647657931:,1747647671906
counter/6/0/0/0,10703:1747647658580:,1747647671906
counter/1/0/0/0,12142:1747647659236:,1747647671909
counter/6/0/0/0,10704:1747647658580:,1747647671909
counter/3/0/0/0,11697:1747647659314:,1747647671909
counter/3/0/0/0,11698:1747647659314:,1747647671909
counter/3/0/0/0,11699:1747647659314:,1747647671909
counter/9/0/0/0,11714:1747647658317:,1747647671909
counter/10/0/0/0,10573:1747647658197:,1747647671911
counter/10/0/0/0,10574:1747647658198:,1747647671911
counter/10/0/0/0,10575:1747647658198:,1747647671911
counter/10/0/0/0,10576:1747647658198:,1747647671911
counter/10/0/0/0,10577:1747647658198:,1747647671911
counter/10/0/0/0,10578:1747647658198:,1747647671911
counter/10/0/0/0,10579:1747647658198:,1747647671911
counter/10/0/0/0,10580:1747647658198:,1747647671912
counter/10/0/0/0,10581:1747647658198:,1747647671912
counter/10/0/0/0,10582:1747647658199:,1747647671912
counter/10/0/0/0,10583:1747647658199:,1747647671912
counter/9/0/0/0,11715:1747647658317:,1747647671912
counter/10/0/0/0,10584:1747647658231:,1747647671912
counter/10/0/0/0,10585:1747647658231:,1747647671912
counter/8/0/0/0,11320:1747647657931:,1747647671912
counter/3/0/0/0,11700:1747647659314:,1747647671912
counter/5/0/0/0,11031:1747647658015:,1747647671912
counter/8/0/0/0,11321:1747647657932:,1747647671912
counter/8/0/0/0,11322:1747647657932:,1747647671913
counter/7/0/0/0,10993:1747647658350:,1747647671913
counter/8/0/0/0,11323:1747647657934:,1747647671913
counter/7/0/0/0,10994:1747647658350:,1747647671913
counter/7/0/0/0,10995:1747647658350:,1747647671913
counter/1/0/0/0,12143:1747647659239:,1747647671913
counter/1/0/0/0,12144:1747647659240:,1747647671913
counter/2/0/0/0,10926:1747647657578:,1747647671914
counter/7/0/0/0,10996:1747647658350:,1747647671914
counter/7/0/0/0,10997:1747647658350:,1747647671914
counter/10/0/0/0,10586:1747647658231:,1747647671915
counter/10/0/0/0,10587:1747647658231:,1747647671915
counter/10/0/0/0,10588:1747647658231:,1747647671915
counter/10/0/0/0,10589:1747647658231:,1747647671915
counter/10/0/0/0,10590:1747647658232:,1747647671915
counter/10/0/0/0,10591:1747647658232:,1747647671915
counter/10/0/0/0,10592:1747647658232:,1747647671915
counter/10/0/0/0,10593:1747647658232:,1747647671915
counter/5/0/0/0,11032:1747647658015:,1747647671915
counter/5/0/0/0,11033:1747647658015:,1747647671915
counter/5/0/0/0,11034:1747647658015:,1747647671915
counter/5/0/0/0,11035:1747647658015:,1747647671915
counter/2/0/0/0,10927:1747647657578:,1747647671915
counter/2/0/0/0,10928:1747647657578:,1747647671916
counter/2/0/0/0,10929:1747647657578:,1747647671916
counter/2/0/0/0,10930:1747647657578:,1747647671916
counter/2/0/0/0,10931:1747647657578:,1747647671916
counter/2/0/0/0,10932:1747647657578:,1747647671916
counter/9/0/0/0,11716:1747647658317:,1747647671916
counter/6/0/0/0,10705:1747647658584:,1747647671916
counter/9/0/0/0,11717:1747647658321:,1747647671917
counter/5/0/0/0,11036:1747647658015:,1747647671917
counter/5/0/0/0,11037:1747647658015:,1747647671917
counter/5/0/0/0,11038:1747647658016:,1747647671917
counter/5/0/0/0,11039:1747647658016:,1747647671918
counter/2/0/0/0,10933:1747647657578:,1747647671918
counter/3/0/0/0,11701:1747647659314:,1747647671918
counter/3/0/0/0,11702:1747647659314:,1747647671918
counter/10/0/0/0,10594:1747647658232:,1747647671918
counter/10/0/0/0,10595:1747647658232:,1747647671918
counter/10/0/0/0,10596:1747647658232:,1747647671918
counter/1/0/0/0,12145:1747647659240:,1747647671919
counter/1/0/0/0,12146:1747647659240:,1747647671919
counter/1/0/0/0,12147:1747647659240:,1747647671919
counter/1/0/0/0,12148:1747647659240:,1747647671920
counter/1/0/0/0,12149:1747647659240:,1747647671920
counter/1/0/0/0,12150:1747647659240:,1747647671920
counter/1/0/0/0,12151:1747647659240:,1747647671920
counter/1/0/0/0,12152:1747647659240:,1747647671920
counter/4/0/0/0,11472:1747647659822:,1747647671920
counter/2/0/0/0,10934:1747647657578:,1747647671920
counter/2/0/0/0,10935:1747647657578:,1747647671920
counter/2/0/0/0,10936:1747647657578:,1747647671920
counter/2/0/0/0,10937:1747647657578:,1747647671920
counter/2/0/0/0,10938:1747647657578:,1747647671920
counter/2/0/0/0,10939:1747647657578:,1747647671920
counter/2/0/0/0,10940:1747647657578:,1747647671921
counter/2/0/0/0,10941:1747647657578:,1747647671921
counter/2/0/0/0,10942:1747647657578:,1747647671921
counter/2/0/0/0,10943:1747647657578:,1747647671921
counter/5/0/0/0,11040:1747647658016:,1747647671921
counter/10/0/0/0,10597:1747647658232:,1747647671921
counter/7/0/0/0,10998:1747647658368:,1747647671921
counter/2/0/0/0,10944:1747647657578:,1747647671921
counter/3/0/0/0,11703:1747647659314:,1747647671921
counter/1/0/0/0,12153:1747647659240:,1747647671921
counter/3/0/0/0,11704:1747647659314:,1747647671922
counter/3/0/0/0,11705:1747647659314:,1747647671922
counter/3/0/0/0,11706:1747647659314:,1747647671922
counter/3/0/0/0,11707:1747647659314:,1747647671922
counter/3/0/0/0,11708:1747647659316:,1747647671922
counter/1/0/0/0,12154:1747647659240:,1747647671922
counter/4/0/0/0,11473:1747647659822:,1747647671922
counter/4/0/0/0,11474:1747647659822:,1747647671922
counter/4/0/0/0,11475:1747647659822:,1747647671923
counter/9/0/0/0,11718:1747647658321:,1747647671923
counter/7/0/0/0,10999:1747647658369:,1747647671923
counter/7/0/0/0,11000:1747647658369:,1747647671923
counter/7/0/0/0,11001:1747647658373:,1747647671923
counter/5/0/0/0,11041:1747647658016:,1747647671923
counter/5/0/0/0,11042:1747647658016:,1747647671923
counter/5/0/0/0,11043:1747647658016:,1747647671923
counter/5/0/0/0,11044:1747647658016:,1747647671924
counter/1/0/0/0,12155:1747647659240:,1747647671924
counter/3/0/0/0,11709:1747647659316:,1747647671925
counter/6/0/0/0,10706:1747647658584:,1747647671925
counter/6/0/0/0,10707:1747647658584:,1747647671925
counter/6/0/0/0,10708:1747647658584:,1747647671925
counter/6/0/0/0,10709:1747647658584:,1747647671925
counter/6/0/0/0,10710:1747647658584:,1747647671926
counter/7/0/0/0,11002:1747647658373:,1747647671927
counter/5/0/0/0,11045:1747647658016:,1747647671927
counter/6/0/0/0,10711:1747647658584:,1747647671927
counter/6/0/0/0,10712:1747647658584:,1747647671927
counter/6/0/0/0,10713:1747647658584:,1747647671927
counter/6/0/0/0,10714:1747647658866:,1747647671927
counter/9/0/0/0,11719:1747647658321:,1747647671927
counter/4/0/0/0,11476:1747647659822:,1747647671928
counter/5/0/0/0,11046:1747647658016:,1747647671929
counter/10/0/0/0,10598:1747647658232:,1747647671929
counter/5/0/0/0,11047:1747647658016:,1747647671929
counter/5/0/0/0,11048:1747647658016:,1747647671929
counter/4/0/0/0,11477:1747647659822:,1747647671929
counter/2/0/0/0,10945:1747647657581:,1747647671929
counter/4/0/0/0,11478:1747647659823:,1747647671929
counter/4/0/0/0,11479:1747647659823:,1747647671929
counter/4/0/0/0,11480:1747647659823:,1747647671929
counter/9/0/0/0,11720:1747647658321:,1747647671929
counter/9/0/0/0,11721:1747647658321:,1747647671932
counter/4/0/0/0,11481:1747647659823:,1747647671933
counter/4/0/0/0,11482:1747647659823:,1747647671935
counter/8/0/0/0,11324:1747647657934:,1747647671935
counter/9/0/0/0,11722:1747647658321:,1747647671935
counter/3/0/0/0,11710:1747647659316:,1747647671935
counter/9/0/0/0,11723:1747647658321:,1747647671937
counter/1/0/0/0,12156:1747647659240:,1747647671937
counter/3/0/0/0,11711:1747647659316:,1747647671937
counter/3/0/0/0,11712:1747647659316:,1747647671937
counter/3/0/0/0,11713:1747647659316:,1747647671937
counter/3/0/0/0,11714:1747647659316:,1747647671937
counter/3/0/0/0,11715:1747647659316:,1747647671937
counter/3/0/0/0,11716:1747647659316:,1747647671937
counter/3/0/0/0,11717:1747647659316:,1747647671937
counter/5/0/0/0,11049:1747647658016:,1747647671937
counter/6/0/0/0,10715:1747647658866:,1747647671937
counter/8/0/0/0,11325:1747647657934:,1747647671937
counter/8/0/0/0,11326:1747647657934:,1747647671938
counter/8/0/0/0,11327:1747647657934:,1747647671938
counter/8/0/0/0,11328:1747647657934:,1747647671938
counter/8/0/0/0,11329:1747647657934:,1747647671938
counter/8/0/0/0,11330:1747647657934:,1747647671938
counter/10/0/0/0,10599:1747647658245:,1747647671938
counter/3/0/0/0,11718:1747647659316:,1747647671938
counter/3/0/0/0,11719:1747647659316:,1747647671938
counter/3/0/0/0,11720:1747647659316:,1747647671938
counter/3/0/0/0,11721:1747647659320:,1747647671939
counter/1/0/0/0,12157:1747647659240:,1747647671939
counter/5/0/0/0,11050:1747647658016:,1747647671939
counter/9/0/0/0,11724:1747647658327:,1747647671939
counter/8/0/0/0,11331:1747647657934:,1747647671939
counter/4/0/0/0,11483:1747647659823:,1747647671940
counter/4/0/0/0,11484:1747647659823:,1747647671940
counter/4/0/0/0,11485:1747647659824:,1747647671940
counter/4/0/0/0,11486:1747647659824:,1747647671940
counter/4/0/0/0,11487:1747647659824:,1747647671940
counter/4/0/0/0,11488:1747647659824:,1747647671940
counter/6/0/0/0,10716:1747647658871:,1747647671940
counter/2/0/0/0,10946:1747647657595:,1747647671941
counter/6/0/0/0,10717:1747647658871:,1747647671941
counter/6/0/0/0,10718:1747647658871:,1747647671941
counter/6/0/0/0,10719:1747647658871:,1747647671941
counter/6/0/0/0,10720:1747647658871:,1747647671941
counter/7/0/0/0,11003:1747647658373:,1747647671941
counter/9/0/0/0,11725:1747647658327:,1747647671941
counter/8/0/0/0,11332:1747647657934:,1747647671941
counter/9/0/0/0,11726:1747647658327:,1747647671941
counter/9/0/0/0,11727:1747647658327:,1747647671942
counter/6/0/0/0,10721:1747647658871:,1747647671942
counter/3/0/0/0,11722:1747647659320:,1747647671942
counter/3/0/0/0,11723:1747647659320:,1747647671942
counter/3/0/0/0,11724:1747647659320:,1747647671942
counter/3/0/0/0,11725:1747647659320:,1747647671942
counter/1/0/0/0,12158:1747647659240:,1747647671942
counter/1/0/0/0,12159:1747647659240:,1747647671942
counter/6/0/0/0,10722:1747647658873:,1747647671943
counter/4/0/0/0,11489:1747647659824:,1747647671943
counter/1/0/0/0,12160:1747647659263:,1747647671943
counter/1/0/0/0,12161:1747647659263:,1747647671943
counter/6/0/0/0,10723:1747647658873:,1747647671944
counter/1/0/0/0,12162:1747647659263:,1747647671944
counter/4/0/0/0,11490:1747647659824:,1747647671944
counter/2/0/0/0,10947:1747647657596:,1747647671944
counter/7/0/0/0,11004:1747647658373:,1747647671944
counter/8/0/0/0,11333:1747647657934:,1747647671944
counter/8/0/0/0,11334:1747647657937:,1747647671944
counter/8/0/0/0,11335:1747647657937:,1747647671944
counter/5/0/0/0,11051:1747647658016:,1747647671945
counter/4/0/0/0,11491:1747647659824:,1747647671945
counter/8/0/0/0,11336:1747647657937:,1747647671945
counter/4/0/0/0,11492:1747647659824:,1747647671946
counter/7/0/0/0,11005:1747647658373:,1747647671946
counter/7/0/0/0,11006:1747647658373:,1747647671946
counter/7/0/0/0,11007:1747647658373:,1747647671946
counter/7/0/0/0,11008:1747647658373:,1747647671946
counter/7/0/0/0,11009:1747647658373:,1747647671946
counter/5/0/0/0,11052:1747647658016:,1747647671947
counter/3/0/0/0,11726:1747647659320:,1747647671947
counter/3/0/0/0,11727:1747647659320:,1747647671947
counter/3/0/0/0,11728:1747647659320:,1747647671947
counter/3/0/0/0,11729:1747647659320:,1747647671947
counter/3/0/0/0,11730:1747647659320:,1747647671947
counter/3/0/0/0,11731:1747647659320:,1747647671947
counter/3/0/0/0,11732:1747647659320:,1747647671947
counter/2/0/0/0,10948:1747647657596:,1747647671948
counter/4/0/0/0,11493:1747647659824:,1747647671948
counter/9/0/0/0,11728:1747647658327:,1747647671948
counter/9/0/0/0,11729:1747647658327:,1747647671948
counter/9/0/0/0,11730:1747647658327:,1747647671948
counter/9/0/0/0,11731:1747647658327:,1747647671948
counter/9/0/0/0,11732:1747647658327:,1747647671948
counter/9/0/0/0,11733:1747647658328:,1747647671948
counter/9/0/0/0,11734:1747647658328:,1747647671948
counter/9/0/0/0,11735:1747647658328:,1747647671948
counter/9/0/0/0,11736:1747647658328:,1747647671948
counter/9/0/0/0,11737:1747647658328:,1747647671949
counter/9/0/0/0,11738:1747647658328:,1747647671949
counter/9/0/0/0,11739:1747647658328:,1747647671949
counter/9/0/0/0,11740:1747647658333:,1747647671949
counter/3/0/0/0,11733:1747647659340:,1747647671949
counter/9/0/0/0,11741:1747647658345:,1747647671949
counter/3/0/0/0,11734:1747647659340:,1747647671950
counter/3/0/0/0,11735:1747647659340:,1747647671950
counter/3/0/0/0,11736:1747647659340:,1747647671950
counter/3/0/0/0,11737:1747647659340:,1747647671950
counter/3/0/0/0,11738:1747647659340:,1747647671950
counter/3/0/0/0,11739:1747647659347:,1747647671950
counter/3/0/0/0,11740:1747647659347:,1747647671950
counter/10/0/0/0,10600:1747647658245:,1747647671950
counter/3/0/0/0,11741:1747647659347:,1747647671950
counter/5/0/0/0,11053:1747647658016:,1747647671951
counter/3/0/0/0,11742:1747647659347:,1747647671951
counter/5/0/0/0,11054:1747647658016:,1747647671951
counter/5/0/0/0,11055:1747647658016:,1747647671951
counter/5/0/0/0,11056:1747647658016:,1747647671951
counter/5/0/0/0,11057:1747647658016:,1747647671951
counter/1/0/0/0,12163:1747647659263:,1747647671951
counter/7/0/0/0,11010:1747647658373:,1747647671954
counter/3/0/0/0,11743:1747647659347:,1747647671954
counter/3/0/0/0,11744:1747647659347:,1747647671954
counter/3/0/0/0,11745:1747647659347:,1747647671954
counter/3/0/0/0,11746:1747647659356:,1747647671954
counter/3/0/0/0,11747:1747647659356:,1747647671954
counter/3/0/0/0,11748:1747647659356:,1747647671954
counter/3/0/0/0,11749:1747647659356:,1747647671954
counter/3/0/0/0,11750:1747647659356:,1747647671954
counter/3/0/0/0,11751:1747647659356:,1747647671954
counter/3/0/0/0,11752:1747647659356:,1747647671954
counter/3/0/0/0,11753:1747647659356:,1747647671954
counter/6/0/0/0,10724:1747647658884:,1747647671954
counter/6/0/0/0,10725:1747647658884:,1747647671954
counter/6/0/0/0,10726:1747647658884:,1747647671955
counter/6/0/0/0,10727:1747647658888:,1747647671955
counter/6/0/0/0,10728:1747647658906:,1747647671955
counter/6/0/0/0,10729:1747647658907:,1747647671955
counter/6/0/0/0,10730:1747647658908:,1747647671955
counter/6/0/0/0,10731:1747647658912:,1747647671955
counter/6/0/0/0,10732:1747647658915:,1747647671955
counter/6/0/0/0,10733:1747647658915:,1747647671955
counter/6/0/0/0,10734:1747647658915:,1747647671955
counter/8/0/0/0,11337:1747647657937:,1747647671955
counter/5/0/0/0,11058:1747647658016:,1747647671955
counter/5/0/0/0,11059:1747647658016:,1747647671955
counter/5/0/0/0,11060:1747647658016:,1747647671955
counter/5/0/0/0,11061:1747647658016:,1747647671955
counter/5/0/0/0,11062:1747647658016:,1747647671956
counter/5/0/0/0,11063:1747647658016:,1747647671956
counter/5/0/0/0,11064:1747647658016:,1747647671956
counter/5/0/0/0,11065:1747647658016:,1747647671956
counter/6/0/0/0,10735:1747647658915:,1747647671956
counter/4/0/0/0,11494:1747647659824:,1747647671956
counter/3/0/0/0,11754:1747647659356:,1747647671956
counter/3/0/0/0,11755:1747647659361:,1747647671956
counter/3/0/0/0,11756:1747647659361:,1747647671956
counter/3/0/0/0,11757:1747647659361:,1747647671957
counter/3/0/0/0,11758:1747647659361:,1747647671957
counter/3/0/0/0,11759:1747647659361:,1747647671957
counter/3/0/0/0,11760:1747647659361:,1747647671957
counter/3/0/0/0,11761:1747647659361:,1747647671957
counter/3/0/0/0,11762:1747647659361:,1747647671957
counter/3/0/0/0,11763:1747647659361:,1747647671957
counter/1/0/0/0,12164:1747647659263:,1747647671958
counter/1/0/0/0,12165:1747647659263:,1747647671958
counter/1/0/0/0,12166:1747647659263:,1747647671958
counter/1/0/0/0,12167:1747647659263:,1747647671958
counter/1/0/0/0,12168:1747647659263:,1747647671958
counter/1/0/0/0,12169:1747647659263:,1747647671959
counter/1/0/0/0,12170:1747647659263:,1747647671959
counter/1/0/0/0,12171:1747647659263:,1747647671959
counter/1/0/0/0,12172:1747647659263:,1747647671959
counter/6/0/0/0,10736:1747647658915:,1747647671959
counter/6/0/0/0,10737:1747647658915:,1747647671960
counter/1/0/0/0,12173:1747647659263:,1747647671960
counter/1/0/0/0,12174:1747647659263:,1747647671960
counter/1/0/0/0,12175:1747647659275:,1747647671960
counter/1/0/0/0,12176:1747647659275:,1747647671960
counter/1/0/0/0,12177:1747647659275:,1747647671960
counter/1/0/0/0,12178:1747647659275:,1747647671960
counter/1/0/0/0,12179:1747647659275:,1747647671960
counter/2/0/0/0,10949:1747647657596:,1747647671960
counter/8/0/0/0,11338:1747647657937:,1747647671960
counter/8/0/0/0,11339:1747647657937:,1747647671960
counter/8/0/0/0,11340:1747647657937:,1747647671960
counter/8/0/0/0,11341:1747647657939:,1747647671960
counter/10/0/0/0,10601:1747647658245:,1747647671960
counter/10/0/0/0,10602:1747647658245:,1747647671960
counter/10/0/0/0,10603:1747647658245:,1747647671960
counter/10/0/0/0,10604:1747647658245:,1747647671961
counter/10/0/0/0,10605:1747647658254:,1747647671961
counter/10/0/0/0,10606:1747647658254:,1747647671961
counter/10/0/0/0,10607:1747647658254:,1747647671961
counter/10/0/0/0,10608:1747647658254:,1747647671961
counter/10/0/0/0,10609:1747647658254:,1747647671961
counter/10/0/0/0,10610:1747647658254:,1747647671961
counter/10/0/0/0,10611:1747647658255:,1747647671961
counter/2/0/0/0,10950:1747647657596:,1747647671961
counter/9/0/0/0,11742:1747647658345:,1747647671962
counter/1/0/0/0,12180:1747647659275:,1747647671962
counter/1/0/0/0,12181:1747647659275:,1747647671962
counter/1/0/0/0,12182:1747647659275:,1747647671962
counter/1/0/0/0,12183:1747647659275:,1747647671962
counter/4/0/0/0,11495:1747647659825:,1747647671965
counter/2/0/0/0,10951:1747647657596:,1747647671965
counter/4/0/0/0,11496:1747647659825:,1747647671965
counter/6/0/0/0,10738:1747647658915:,1747647671965
counter/5/0/0/0,11066:1747647658016:,1747647671966
counter/5/0/0/0,11067:1747647658016:,1747647671966
counter/5/0/0/0,11068:1747647658016:,1747647671966
counter/5/0/0/0,11069:1747647658018:,1747647671966
counter/5/0/0/0,11070:1747647658018:,1747647671966
counter/5/0/0/0,11071:1747647658018:,1747647671966
counter/5/0/0/0,11072:1747647658018:,1747647671966
counter/3/0/0/0,11764:1747647659361:,1747647671966
counter/3/0/0/0,11765:1747647659361:,1747647671966
counter/6/0/0/0,10739:1747647658915:,1747647671966
counter/4/0/0/0,11497:1747647659825:,1747647671966
counter/2/0/0/0,10952:1747647657596:,1747647671966
counter/4/0/0/0,11498:1747647659825:,1747647671966
counter/4/0/0/0,11499:1747647659825:,1747647671966
counter/3/0/0/0,11766:1747647659367:,1747647671967
counter/3/0/0/0,11767:1747647659367:,1747647671967
counter/3/0/0/0,11768:1747647659367:,1747647671967
counter/3/0/0/0,11769:1747647659367:,1747647671967
counter/2/0/0/0,10953:1747647657598:,1747647671967
counter/8/0/0/0,11342:1747647657939:,1747647671967
counter/4/0/0/0,11500:1747647659825:,1747647671967
counter/2/0/0/0,10954:1747647657598:,1747647671969
counter/8/0/0/0,11343:1747647657939:,1747647671969
counter/10/0/0/0,10612:1747647658255:,1747647671969
counter/2/0/0/0,10955:1747647657598:,1747647671970
counter/2/0/0/0,10956:1747647657598:,1747647671970
counter/2/0/0/0,10957:1747647657599:,1747647671970
counter/2/0/0/0,10958:1747647657599:,1747647671970
counter/2/0/0/0,10959:1747647657622:,1747647671970
counter/2/0/0/0,10960:1747647657622:,1747647671971
counter/2/0/0/0,10961:1747647657622:,1747647671971
counter/2/0/0/0,10962:1747647657622:,1747647671971
counter/2/0/0/0,10963:1747647657622:,1747647671971
counter/2/0/0/0,10964:1747647657622:,1747647671971
counter/2/0/0/0,10965:1747647657622:,1747647671971
counter/2/0/0/0,10966:1747647657626:,1747647671971
counter/1/0/0/0,12184:1747647659275:,1747647671971
counter/8/0/0/0,11344:1747647657939:,1747647671972
counter/3/0/0/0,11770:1747647659369:,1747647671972
counter/3/0/0/0,11771:1747647659369:,1747647671972
counter/3/0/0/0,11772:1747647659369:,1747647671972
counter/2/0/0/0,10967:1747647657626:,1747647671972
counter/2/0/0/0,10968:1747647657626:,1747647671972
counter/2/0/0/0,10969:1747647657626:,1747647671972
counter/3/0/0/0,11773:1747647659369:,1747647671974
counter/3/0/0/0,11774:1747647659369:,1747647671974
counter/3/0/0/0,11775:1747647659369:,1747647671974
counter/2/0/0/0,10970:1747647657626:,1747647671974
counter/2/0/0/0,10971:1747647657626:,1747647671974
counter/2/0/0/0,10972:1747647657626:,1747647671974
counter/6/0/0/0,10740:1747647658915:,1747647671975
counter/6/0/0/0,10741:1747647658915:,1747647671975
counter/7/0/0/0,11011:1747647658374:,1747647671975
counter/6/0/0/0,10742:1747647658915:,1747647671975
counter/6/0/0/0,10743:1747647658915:,1747647671975
counter/3/0/0/0,11776:1747647659369:,1747647671977
counter/6/0/0/0,10744:1747647658915:,1747647671978
counter/5/0/0/0,11073:1747647658018:,1747647671979
counter/6/0/0/0,10745:1747647658915:,1747647671979
counter/6/0/0/0,10746:1747647658915:,1747647671979
counter/6/0/0/0,10747:1747647658915:,1747647671979
counter/7/0/0/0,11012:1747647658374:,1747647671980
counter/7/0/0/0,11013:1747647658374:,1747647671980
counter/7/0/0/0,11014:1747647658374:,1747647671980
counter/7/0/0/0,11015:1747647658374:,1747647671980
counter/7/0/0/0,11016:1747647658383:,1747647671980
counter/5/0/0/0,11074:1747647658018:,1747647671981
counter/5/0/0/0,11075:1747647658018:,1747647671982
counter/5/0/0/0,11076:1747647658018:,1747647671982
counter/5/0/0/0,11077:1747647658024:,1747647671982
counter/5/0/0/0,11078:1747647658024:,1747647671982
counter/5/0/0/0,11079:1747647658024:,1747647671982
counter/5/0/0/0,11080:1747647658024:,1747647671982
counter/5/0/0/0,11081:1747647658024:,1747647671982
counter/5/0/0/0,11082:1747647658024:,1747647671982
counter/1/0/0/0,12185:1747647659275:,1747647671982
counter/5/0/0/0,11083:1747647658024:,1747647671982
counter/3/0/0/0,11777:1747647659370:,1747647671982
counter/3/0/0/0,11778:1747647659370:,1747647671982
counter/3/0/0/0,11779:1747647659370:,1747647671982
counter/3/0/0/0,11780:1747647659370:,1747647671982
counter/3/0/0/0,11781:1747647659370:,1747647671982
counter/3/0/0/0,11782:1747647659370:,1747647671982
counter/3/0/0/0,11783:1747647659370:,1747647671982
counter/3/0/0/0,11784:1747647659370:,1747647671982
counter/8/0/0/0,11345:1747647657939:,1747647671982
counter/3/0/0/0,11785:1747647659380:,1747647671982
counter/4/0/0/0,11501:1747647659825:,1747647671982
counter/4/0/0/0,11502:1747647659825:,1747647671983
counter/5/0/0/0,11084:1747647658024:,1747647671983
counter/3/0/0/0,11786:1747647659380:,1747647671983
counter/3/0/0/0,11787:1747647659381:,1747647671983
counter/3/0/0/0,11788:1747647659381:,1747647671983
counter/3/0/0/0,11789:1747647659381:,1747647671983
counter/3/0/0/0,11790:1747647659381:,1747647671983
counter/3/0/0/0,11791:1747647659381:,1747647671983
counter/6/0/0/0,10748:1747647658915:,1747647671983
counter/3/0/0/0,11792:1747647659383:,1747647671983
counter/3/0/0/0,11793:1747647659383:,1747647671983
counter/3/0/0/0,11794:1747647659383:,1747647671983
counter/5/0/0/0,11085:1747647658024:,1747647671984
counter/5/0/0/0,11086:1747647658024:,1747647671984
counter/5/0/0/0,11087:1747647658024:,1747647671984
counter/5/0/0/0,11088:1747647658024:,1747647671984
counter/5/0/0/0,11089:1747647658024:,1747647671984
counter/5/0/0/0,11090:1747647658024:,1747647671984
counter/5/0/0/0,11091:1747647658024:,1747647671984
counter/5/0/0/0,11092:1747647658024:,1747647671984
counter/8/0/0/0,11346:1747647657939:,1747647671985
counter/8/0/0/0,11347:1747647657939:,1747647671985
counter/8/0/0/0,11348:1747647657939:,1747647671985
counter/8/0/0/0,11349:1747647657939:,1747647671985
counter/2/0/0/0,10973:1747647657626:,1747647671985
counter/2/0/0/0,10974:1747647657626:,1747647671985
counter/5/0/0/0,11093:1747647658024:,1747647671985
counter/5/0/0/0,11094:1747647658024:,1747647671985
counter/5/0/0/0,11095:1747647658024:,1747647671985
counter/5/0/0/0,11096:1747647658024:,1747647671985
counter/5/0/0/0,11097:1747647658024:,1747647671986
counter/5/0/0/0,11098:1747647658024:,1747647671986
counter/5/0/0/0,11099:1747647658024:,1747647671986
counter/5/0/0/0,11100:1747647658024:,1747647671986
counter/5/0/0/0,11101:1747647658024:,1747647671986
counter/9/0/0/0,11743:1747647658345:,1747647671987
counter/9/0/0/0,11744:1747647658345:,1747647671987
counter/9/0/0/0,11745:1747647658345:,1747647671987
counter/9/0/0/0,11746:1747647658345:,1747647671987
counter/9/0/0/0,11747:1747647658345:,1747647671987
counter/9/0/0/0,11748:1747647658345:,1747647671987
counter/9/0/0/0,11749:1747647658347:,1747647671987
counter/9/0/0/0,11750:1747647658348:,1747647671987
counter/9/0/0/0,11751:1747647658348:,1747647671987
counter/9/0/0/0,11752:1747647658348:,1747647671987
counter/4/0/0/0,11503:1747647659825:,1747647671988
counter/5/0/0/0,11102:1747647658024:,1747647671989
counter/7/0/0/0,11017:1747647658383:,1747647671989
counter/5/0/0/0,11103:1747647658024:,1747647671989
counter/3/0/0/0,11795:1747647659383:,1747647671989
counter/9/0/0/0,11753:1747647658348:,1747647671989
counter/3/0/0/0,11796:1747647659383:,1747647671989
counter/3/0/0/0,11797:1747647659383:,1747647671989
counter/3/0/0/0,11798:1747647659384:,1747647671989
counter/3/0/0/0,11799:1747647659384:,1747647671989
counter/3/0/0/0,11800:1747647659384:,1747647671989
counter/3/0/0/0,11801:1747647659384:,1747647671989
counter/3/0/0/0,11802:1747647659384:,1747647671990
counter/3/0/0/0,11803:1747647659384:,1747647671990
counter/3/0/0/0,11804:1747647659384:,1747647671990
counter/3/0/0/0,11805:1747647659384:,1747647671990
counter/3/0/0/0,11806:1747647659384:,1747647671990
counter/3/0/0/0,11807:1747647659386:,1747647671990
counter/3/0/0/0,11808:1747647659387:,1747647671990
counter/2/0/0/0,10975:1747647657626:,1747647671990
counter/1/0/0/0,12186:1747647659275:,1747647671990
counter/5/0/0/0,11104:1747647658024:,1747647671990
counter/1/0/0/0,12187:1747647659275:,1747647671990
counter/5/0/0/0,11105:1747647658034:,1747647671991
counter/6/0/0/0,10749:1747647658915:,1747647671991
counter/9/0/0/0,11754:1747647658348:,1747647671991
counter/6/0/0/0,10750:1747647658915:,1747647671991
counter/6/0/0/0,10751:1747647658915:,1747647671991
counter/6/0/0/0,10752:1747647658915:,1747647671991
counter/6/0/0/0,10753:1747647658916:,1747647671991
counter/6/0/0/0,10754:1747647658916:,1747647671991
counter/8/0/0/0,11350:1747647657939:,1747647671992
counter/3/0/0/0,11809:1747647659389:,1747647671993
counter/9/0/0/0,11755:1747647658348:,1747647671994
counter/2/0/0/0,10976:1747647657626:,1747647671994
counter/9/0/0/0,11756:1747647658348:,1747647671994
counter/3/0/0/0,11810:1747647659389:,1747647671994
counter/5/0/0/0,11106:1747647658034:,1747647671995
counter/9/0/0/0,11757:1747647658348:,1747647671995
counter/5/0/0/0,11107:1747647658034:,1747647671995
counter/9/0/0/0,11758:1747647658348:,1747647671995
counter/5/0/0/0,11108:1747647658034:,1747647671995
counter/9/0/0/0,11759:1747647658354:,1747647671995
counter/5/0/0/0,11109:1747647658034:,1747647671995
counter/5/0/0/0,11110:1747647658034:,1747647671995
counter/1/0/0/0,12188:1747647659275:,1747647671997
counter/5/0/0/0,11111:1747647658034:,1747647671997
counter/1/0/0/0,12189:1747647659286:,1747647671999
counter/5/0/0/0,11112:1747647658035:,1747647671999
counter/1/0/0/0,12190:1747647659286:,1747647671999
counter/1/0/0/0,12191:1747647659286:,1747647671999
counter/1/0/0/0,12192:1747647659286:,1747647671999
counter/1/0/0/0,12193:1747647659286:,1747647672000
counter/1/0/0/0,12194:1747647659286:,1747647672000
counter/1/0/0/0,12195:1747647659286:,1747647672000
counter/1/0/0/0,12196:1747647659287:,1747647672000
counter/1/0/0/0,12197:1747647659287:,1747647672000
counter/1/0/0/0,12198:1747647659287:,1747647672001
counter/1/0/0/0,12199:1747647659287:,1747647672002
counter/1/0/0/0,12200:1747647659287:,1747647672002
counter/2/0/0/0,10977:1747647657626:,1747647672002
counter/1/0/0/0,12201:1747647659287:,1747647672002
counter/7/0/0/0,11018:1747647658383:,1747647672002
counter/1/0/0/0,12202:1747647659287:,1747647672002
counter/7/0/0/0,11019:1747647658383:,1747647672002
counter/7/0/0/0,11020:1747647658383:,1747647672002
counter/7/0/0/0,11021:1747647658383:,1747647672002
counter/7/0/0/0,11022:1747647658383:,1747647672002
counter/7/0/0/0,11023:1747647658384:,1747647672002
counter/7/0/0/0,11024:1747647658384:,1747647672002
counter/9/0/0/0,11760:1747647658354:,1747647672003
counter/1/0/0/0,12203:1747647659287:,1747647672003
counter/9/0/0/0,11761:1747647658354:,1747647672003
counter/9/0/0/0,11762:1747647658354:,1747647672003
counter/9/0/0/0,11763:1747647658355:,1747647672003
counter/9/0/0/0,11764:1747647658355:,1747647672003
counter/8/0/0/0,11351:1747647657939:,1747647672005
counter/8/0/0/0,11352:1747647657940:,1747647672005
counter/8/0/0/0,11353:1747647657940:,1747647672005
counter/8/0/0/0,11354:1747647657940:,1747647672005
counter/8/0/0/0,11355:1747647657940:,1747647672005
counter/8/0/0/0,11356:1747647657940:,1747647672005
counter/8/0/0/0,11357:1747647657941:,1747647672005
counter/10/0/0/0,10613:1747647658266:,1747647672006
counter/6/0/0/0,10755:1747647658916:,1747647672006
counter/6/0/0/0,10756:1747647658916:,1747647672006
counter/4/0/0/0,11504:1747647659828:,1747647672006
counter/6/0/0/0,10757:1747647658916:,1747647672006
counter/10/0/0/0,10614:1747647658282:,1747647672008
counter/5/0/0/0,11113:1747647658035:,1747647672010
counter/5/0/0/0,11114:1747647658035:,1747647672010
counter/5/0/0/0,11115:1747647658035:,1747647672010
counter/5/0/0/0,11116:1747647658035:,1747647672010
counter/5/0/0/0,11117:1747647658035:,1747647672010
counter/6/0/0/0,10758:1747647658916:,1747647672011
counter/1/0/0/0,12204:1747647659288:,1747647672011
counter/3/0/0/0,11811:1747647659389:,1747647672011
counter/9/0/0/0,11765:1747647658355:,1747647672011
counter/1/0/0/0,12205:1747647659288:,1747647672011
counter/1/0/0/0,12206:1747647659288:,1747647672011
counter/1/0/0/0,12207:1747647659288:,1747647672011
counter/1/0/0/0,12208:1747647659288:,1747647672011
counter/5/0/0/0,11118:1747647658035:,1747647672012
counter/3/0/0/0,11812:1747647659389:,1747647672012
counter/5/0/0/0,11119:1747647658035:,1747647672012
counter/5/0/0/0,11120:1747647658035:,1747647672012
counter/4/0/0/0,11505:1747647659828:,1747647672012
counter/6/0/0/0,10759:1747647658916:,1747647672012
counter/7/0/0/0,11025:1747647658384:,1747647672012
counter/10/0/0/0,10615:1747647658282:,1747647672013
counter/5/0/0/0,11121:1747647658035:,1747647672013
counter/2/0/0/0,10978:1747647657626:,1747647672013
counter/9/0/0/0,11766:1747647658355:,1747647672013
counter/9/0/0/0,11767:1747647658378:,1747647672013
counter/1/0/0/0,12209:1747647659288:,1747647672013
counter/1/0/0/0,12210:1747647659288:,1747647672014
counter/1/0/0/0,12211:1747647659288:,1747647672014
counter/1/0/0/0,12212:1747647659288:,1747647672014
counter/1/0/0/0,12213:1747647659288:,1747647672014
counter/1/0/0/0,12214:1747647659288:,1747647672014
counter/9/0/0/0,11768:1747647658378:,1747647672014
counter/9/0/0/0,11769:1747647658378:,1747647672014
counter/6/0/0/0,10760:1747647658916:,1747647672014
counter/7/0/0/0,11026:1747647658384:,1747647672015
counter/6/0/0/0,10761:1747647658916:,1747647672015
counter/6/0/0/0,10762:1747647658916:,1747647672015
counter/1/0/0/0,12215:1747647659289:,1747647672015
counter/1/0/0/0,12216:1747647659289:,1747647672015
counter/1/0/0/0,12217:1747647659290:,1747647672015
counter/3/0/0/0,11813:1747647659390:,1747647672015
counter/10/0/0/0,10616:1747647658282:,1747647672015
counter/1/0/0/0,12218:1747647659296:,1747647672016
counter/1/0/0/0,12219:1747647659299:,1747647672016
counter/1/0/0/0,12220:1747647659299:,1747647672016
counter/1/0/0/0,12221:1747647659299:,1747647672016
counter/1/0/0/0,12222:1747647659299:,1747647672016
counter/1/0/0/0,12223:1747647659299:,1747647672016
counter/1/0/0/0,12224:1747647659299:,1747647672016
counter/2/0/0/0,10979:1747647657626:,1747647672016
counter/1/0/0/0,12225:1747647659300:,1747647672016
counter/2/0/0/0,10980:1747647657626:,1747647672016
counter/1/0/0/0,12226:1747647659300:,1747647672016
counter/2/0/0/0,10981:1747647657626:,1747647672016
counter/2/0/0/0,10982:1747647657626:,1747647672017
counter/9/0/0/0,11770:1747647658378:,1747647672017
counter/9/0/0/0,11771:1747647658378:,1747647672017
counter/9/0/0/0,11772:1747647658378:,1747647672017
counter/6/0/0/0,10763:1747647658916:,1747647672017
counter/6/0/0/0,10764:1747647658916:,1747647672017
counter/6/0/0/0,10765:1747647658916:,1747647672017
counter/6/0/0/0,10766:1747647658916:,1747647672017
counter/6/0/0/0,10767:1747647658916:,1747647672017
counter/6/0/0/0,10768:1747647658916:,1747647672017
counter/6/0/0/0,10769:1747647658916:,1747647672017
counter/6/0/0/0,10770:1747647658916:,1747647672017
counter/6/0/0/0,10771:1747647658916:,1747647672017
counter/6/0/0/0,10772:1747647658916:,1747647672017
counter/1/0/0/0,12227:1747647659303:,1747647672017
counter/1/0/0/0,12228:1747647659303:,1747647672017
counter/5/0/0/0,11122:1747647658035:,1747647672017
counter/3/0/0/0,11814:1747647659390:,1747647672017
counter/2/0/0/0,10983:1747647657638:,1747647672018
counter/9/0/0/0,11773:1747647658378:,1747647672018
counter/9/0/0/0,11774:1747647658378:,1747647672018
counter/9/0/0/0,11775:1747647658378:,1747647672018
counter/9/0/0/0,11776:1747647658378:,1747647672018
counter/9/0/0/0,11777:1747647658378:,1747647672018
counter/9/0/0/0,11778:1747647658378:,1747647672018
counter/9/0/0/0,11779:1747647658378:,1747647672018
counter/9/0/0/0,11780:1747647658379:,1747647672018
counter/9/0/0/0,11781:1747647658379:,1747647672019
counter/9/0/0/0,11782:1747647658379:,1747647672019
counter/9/0/0/0,11783:1747647658379:,1747647672019
counter/9/0/0/0,11784:1747647658379:,1747647672019
counter/9/0/0/0,11785:1747647658380:,1747647672019
counter/9/0/0/0,11786:1747647658380:,1747647672019
counter/9/0/0/0,11787:1747647658380:,1747647672019
counter/9/0/0/0,11788:1747647658380:,1747647672019
counter/9/0/0/0,11789:1747647658380:,1747647672019
counter/9/0/0/0,11790:1747647658380:,1747647672019
counter/2/0/0/0,10984:1747647657639:,1747647672019
counter/2/0/0/0,10985:1747647657639:,1747647672019
counter/2/0/0/0,10986:1747647657639:,1747647672019
counter/2/0/0/0,10987:1747647657639:,1747647672019
counter/2/0/0/0,10988:1747647657639:,1747647672019
counter/5/0/0/0,11123:1747647658035:,1747647672019
counter/3/0/0/0,11815:1747647659390:,1747647672019
counter/3/0/0/0,11816:1747647659390:,1747647672019
counter/6/0/0/0,10773:1747647658916:,1747647672019
counter/6/0/0/0,10774:1747647658916:,1747647672019
counter/5/0/0/0,11124:1747647658035:,1747647672020
counter/3/0/0/0,11817:1747647659390:,1747647672020
counter/8/0/0/0,11358:1747647657941:,1747647672020
counter/8/0/0/0,11359:1747647657941:,1747647672020
counter/8/0/0/0,11360:1747647657941:,1747647672020
counter/8/0/0/0,11361:1747647657952:,1747647672020
counter/8/0/0/0,11362:1747647657952:,1747647672020
counter/1/0/0/0,12229:1747647659303:,1747647672021
counter/1/0/0/0,12230:1747647659308:,1747647672021
counter/1/0/0/0,12231:1747647659308:,1747647672021
counter/1/0/0/0,12232:1747647659310:,1747647672021
counter/1/0/0/0,12233:1747647659310:,1747647672021
counter/1/0/0/0,12234:1747647659310:,1747647672021
counter/3/0/0/0,11818:1747647659390:,1747647672021
counter/1/0/0/0,12235:1747647659310:,1747647672021
counter/5/0/0/0,11125:1747647658035:,1747647672021
counter/6/0/0/0,10775:1747647658916:,1747647672021
counter/6/0/0/0,10776:1747647658916:,1747647672022
counter/10/0/0/0,10617:1747647658282:,1747647672022
counter/7/0/0/0,11027:1747647658384:,1747647672022
counter/7/0/0/0,11028:1747647658384:,1747647672022
counter/7/0/0/0,11029:1747647658384:,1747647672022
counter/7/0/0/0,11030:1747647658398:,1747647672022
counter/6/0/0/0,10777:1747647658916:,1747647672023
counter/2/0/0/0,10989:1747647657639:,1747647672023
counter/8/0/0/0,11363:1747647657952:,1747647672023
counter/7/0/0/0,11031:1747647658398:,1747647672023
counter/7/0/0/0,11032:1747647658398:,1747647672023
counter/7/0/0/0,11033:1747647658399:,1747647672023
counter/5/0/0/0,11126:1747647658035:,1747647672024
counter/5/0/0/0,11127:1747647658035:,1747647672024
counter/3/0/0/0,11819:1747647659391:,1747647672025
counter/8/0/0/0,11364:1747647657952:,1747647672025
counter/4/0/0/0,11506:1747647659829:,1747647672025
counter/5/0/0/0,11128:1747647658035:,1747647672025
counter/10/0/0/0,10618:1747647658282:,1747647672025
counter/6/0/0/0,10778:1747647658916:,1747647672027
counter/6/0/0/0,10779:1747647658917:,1747647672027
counter/6/0/0/0,10780:1747647658917:,1747647672027
counter/7/0/0/0,11034:1747647658399:,1747647672028
counter/8/0/0/0,11365:1747647657958:,1747647672028
counter/8/0/0/0,11366:1747647657958:,1747647672028
counter/8/0/0/0,11367:1747647657958:,1747647672028
counter/8/0/0/0,11368:1747647657958:,1747647672028
counter/8/0/0/0,11369:1747647657968:,1747647672028
counter/8/0/0/0,11370:1747647657970:,1747647672029
counter/8/0/0/0,11371:1747647657970:,1747647672029
counter/8/0/0/0,11372:1747647657970:,1747647672029
counter/5/0/0/0,11129:1747647658035:,1747647672029
counter/7/0/0/0,11035:1747647658400:,1747647672029
counter/3/0/0/0,11820:1747647659391:,1747647672031
counter/3/0/0/0,11821:1747647659391:,1747647672031
counter/1/0/0/0,12236:1747647659310:,1747647672031
counter/9/0/0/0,11791:1747647658380:,1747647672031
counter/9/0/0/0,11792:1747647658380:,1747647672031
counter/9/0/0/0,11793:1747647658380:,1747647672031
counter/9/0/0/0,11794:1747647658380:,1747647672032
counter/10/0/0/0,10619:1747647658282:,1747647672032
counter/1/0/0/0,12237:1747647659310:,1747647672032
counter/1/0/0/0,12238:1747647659310:,1747647672032
counter/3/0/0/0,11822:1747647659392:,1747647672032
counter/5/0/0/0,11130:1747647658035:,1747647672037
counter/9/0/0/0,11795:1747647658380:,1747647672037
counter/9/0/0/0,11796:1747647658380:,1747647672037
counter/9/0/0/0,11797:1747647658380:,1747647672037
counter/9/0/0/0,11798:1747647658380:,1747647672037
counter/9/0/0/0,11799:1747647658380:,1747647672037
counter/9/0/0/0,11800:1747647658381:,1747647672038
counter/9/0/0/0,11801:1747647658381:,1747647672038
counter/9/0/0/0,11802:1747647658382:,1747647672038
counter/9/0/0/0,11803:1747647658382:,1747647672038
counter/9/0/0/0,11804:1747647658382:,1747647672038
counter/9/0/0/0,11805:1747647658382:,1747647672038
counter/9/0/0/0,11806:1747647658382:,1747647672038
counter/9/0/0/0,11807:1747647658382:,1747647672038
counter/9/0/0/0,11808:1747647658383:,1747647672038
counter/9/0/0/0,11809:1747647658383:,1747647672038
counter/9/0/0/0,11810:1747647658383:,1747647672038
counter/10/0/0/0,10620:1747647658282:,1747647672038
counter/9/0/0/0,11811:1747647658383:,1747647672038
counter/7/0/0/0,11036:1747647658400:,1747647672038
counter/2/0/0/0,10990:1747647657639:,1747647672039
counter/2/0/0/0,10991:1747647657639:,1747647672039
counter/3/0/0/0,11823:1747647659392:,1747647672040
counter/3/0/0/0,11824:1747647659392:,1747647672040
counter/3/0/0/0,11825:1747647659392:,1747647672040
counter/3/0/0/0,11826:1747647659392:,1747647672040
counter/5/0/0/0,11131:1747647658035:,1747647672691
counter/5/0/0/0,11132:1747647658035:,1747647672691
counter/5/0/0/0,11133:1747647658035:,1747647672691
counter/5/0/0/0,11134:1747647658035:,1747647672691
counter/8/0/0/0,11373:1747647657970:,1747647672691
counter/5/0/0/0,11135:1747647658037:,1747647672691
counter/8/0/0/0,11374:1747647657970:,1747647672691
counter/5/0/0/0,11136:1747647658037:,1747647672692
counter/8/0/0/0,11375:1747647657971:,1747647672692
counter/8/0/0/0,11376:1747647657972:,1747647672692
counter/8/0/0/0,11377:1747647657972:,1747647672692
counter/8/0/0/0,11378:1747647657972:,1747647672692
counter/8/0/0/0,11379:1747647657972:,1747647672692
counter/8/0/0/0,11380:1747647657972:,1747647672692
counter/8/0/0/0,11381:1747647657974:,1747647672692
counter/8/0/0/0,11382:1747647657974:,1747647672692
counter/8/0/0/0,11383:1747647657974:,1747647672692
counter/8/0/0/0,11384:1747647657974:,1747647672692
counter/8/0/0/0,11385:1747647657974:,1747647672692
counter/5/0/0/0,11137:1747647658037:,1747647672692
counter/6/0/0/0,10781:1747647658917:,1747647672693
counter/10/0/0/0,10621:1747647658282:,1747647672693
counter/5/0/0/0,11138:1747647658037:,1747647672693
counter/6/0/0/0,10782:1747647658917:,1747647672694
counter/6/0/0/0,10783:1747647658917:,1747647672694
counter/10/0/0/0,10622:1747647658282:,1747647672694
counter/10/0/0/0,10623:1747647658282:,1747647672694
counter/10/0/0/0,10624:1747647658282:,1747647672694
counter/9/0/0/0,11812:1747647658383:,1747647672694
counter/9/0/0/0,11813:1747647658383:,1747647672694
counter/2/0/0/0,10992:1747647657639:,1747647672695
counter/10/0/0/0,10625:1747647658282:,1747647672696
counter/3/0/0/0,11827:1747647659392:,1747647672696
counter/2/0/0/0,10993:1747647657639:,1747647672696
counter/3/0/0/0,11828:1747647659392:,1747647672697
counter/3/0/0/0,11829:1747647659392:,1747647672697
counter/2/0/0/0,10994:1747647657639:,1747647672697
counter/2/0/0/0,10995:1747647657639:,1747647672697
counter/9/0/0/0,11814:1747647658383:,1747647672698
counter/9/0/0/0,11815:1747647658383:,1747647672698
counter/8/0/0/0,11386:1747647657974:,1747647672698
counter/6/0/0/0,10784:1747647658917:,1747647672699
counter/6/0/0/0,10785:1747647658917:,1747647672699
counter/5/0/0/0,11139:1747647658037:,1747647672699
counter/5/0/0/0,11140:1747647658038:,1747647672699
counter/4/0/0/0,11507:1747647659833:,1747647672699
counter/5/0/0/0,11141:1747647658038:,1747647672699
counter/5/0/0/0,11142:1747647658038:,1747647672699
counter/10/0/0/0,10626:1747647658283:,1747647672699
counter/5/0/0/0,11143:1747647658039:,1747647672699
counter/5/0/0/0,11144:1747647658039:,1747647672699
counter/9/0/0/0,11816:1747647658383:,1747647672700
counter/8/0/0/0,11387:1747647657974:,1747647672700
counter/8/0/0/0,11388:1747647657979:,1747647672700
counter/1/0/0/0,12239:1747647659310:,1747647672700
counter/9/0/0/0,11817:1747647658383:,1747647672700
counter/1/0/0/0,12240:1747647659310:,1747647672700
counter/4/0/0/0,11508:1747647659833:,1747647672700
counter/4/0/0/0,11509:1747647659833:,1747647672700
counter/10/0/0/0,10627:1747647658283:,1747647672700
counter/4/0/0/0,11510:1747647659833:,1747647672700
counter/3/0/0/0,11830:1747647659392:,1747647672700
counter/3/0/0/0,11831:1747647659392:,1747647672701
counter/3/0/0/0,11832:1747647659392:,1747647672701
counter/5/0/0/0,11145:1747647658039:,1747647672702
counter/4/0/0/0,11511:1747647659833:,1747647672702
counter/5/0/0/0,11146:1747647658039:,1747647672702
counter/5/0/0/0,11147:1747647658039:,1747647672702
counter/5/0/0/0,11148:1747647658039:,1747647672702
counter/5/0/0/0,11149:1747647658039:,1747647672702
counter/5/0/0/0,11150:1747647658039:,1747647672702
counter/5/0/0/0,11151:1747647658039:,1747647672702
counter/6/0/0/0,10786:1747647658917:,1747647672703
counter/7/0/0/0,11037:1747647658400:,1747647672703
counter/10/0/0/0,10628:1747647658283:,1747647672703
counter/4/0/0/0,11512:1747647659833:,1747647672703
counter/8/0/0/0,11389:1747647657980:,1747647672703
counter/2/0/0/0,10996:1747647657639:,1747647672703
counter/1/0/0/0,12241:1747647659310:,1747647672703
counter/2/0/0/0,10997:1747647657641:,1747647672703
counter/2/0/0/0,10998:1747647657641:,1747647672703
counter/2/0/0/0,10999:1747647657641:,1747647672703
counter/7/0/0/0,11038:1747647658400:,1747647672704
counter/10/0/0/0,10629:1747647658287:,1747647672704
counter/5/0/0/0,11152:1747647658039:,1747647672704
counter/8/0/0/0,11390:1747647657980:,1747647672704
counter/8/0/0/0,11391:1747647657980:,1747647672704
counter/8/0/0/0,11392:1747647657980:,1747647672704
counter/1/0/0/0,12242:1747647659310:,1747647672705
counter/6/0/0/0,10787:1747647658917:,1747647672705
counter/2/0/0/0,11000:1747647657641:,1747647672706
counter/1/0/0/0,12243:1747647659310:,1747647672706
counter/6/0/0/0,10788:1747647658917:,1747647672706
counter/1/0/0/0,12244:1747647659314:,1747647672706
counter/1/0/0/0,12245:1747647659314:,1747647672706
counter/1/0/0/0,12246:1747647659322:,1747647672706
counter/10/0/0/0,10630:1747647658287:,1747647672706
counter/8/0/0/0,11393:1747647657980:,1747647672706
counter/8/0/0/0,11394:1747647657980:,1747647672706
counter/8/0/0/0,11395:1747647657980:,1747647672706
counter/8/0/0/0,11396:1747647657980:,1747647672706
counter/8/0/0/0,11397:1747647657980:,1747647672706
counter/8/0/0/0,11398:1747647657982:,1747647672706
counter/8/0/0/0,11399:1747647657982:,1747647672706
counter/8/0/0/0,11400:1747647657982:,1747647672706
counter/8/0/0/0,11401:1747647657986:,1747647672706
counter/8/0/0/0,11402:1747647657986:,1747647672706
counter/8/0/0/0,11403:1747647657986:,1747647672706
counter/8/0/0/0,11404:1747647657986:,1747647672706
counter/8/0/0/0,11405:1747647657986:,1747647672706
counter/8/0/0/0,11406:1747647657987:,1747647672706
counter/6/0/0/0,10789:1747647658917:,1747647672706
counter/9/0/0/0,11818:1747647658383:,1747647672706
counter/6/0/0/0,10790:1747647658917:,1747647672707
counter/6/0/0/0,10791:1747647658917:,1747647672707
counter/4/0/0/0,11513:1747647659833:,1747647672707
counter/5/0/0/0,11153:1747647658039:,1747647672707
counter/4/0/0/0,11514:1747647659833:,1747647672707
counter/5/0/0/0,11154:1747647658039:,1747647672707
counter/6/0/0/0,10792:1747647658917:,1747647672708
counter/6/0/0/0,10793:1747647658917:,1747647672708
counter/5/0/0/0,11155:1747647658039:,1747647672708
counter/2/0/0/0,11001:1747647657641:,1747647672709
counter/1/0/0/0,12247:1747647659322:,1747647672709
counter/1/0/0/0,12248:1747647659322:,1747647672709
counter/8/0/0/0,11407:1747647657987:,1747647672709
counter/8/0/0/0,11408:1747647657987:,1747647672710
counter/8/0/0/0,11409:1747647657987:,1747647672710
counter/8/0/0/0,11410:1747647657987:,1747647672710
counter/8/0/0/0,11411:1747647657987:,1747647672710
counter/3/0/0/0,11833:1747647659392:,1747647672710
counter/3/0/0/0,11834:1747647659399:,1747647672710
counter/3/0/0/0,11835:1747647659399:,1747647672710
counter/3/0/0/0,11836:1747647659399:,1747647672710
counter/3/0/0/0,11837:1747647659399:,1747647672710
counter/9/0/0/0,11819:1747647658383:,1747647672710
counter/7/0/0/0,11039:1747647658400:,1747647672711
counter/9/0/0/0,11820:1747647658405:,1747647672711
counter/4/0/0/0,11515:1747647659833:,1747647672711
counter/6/0/0/0,10794:1747647658917:,1747647672711
counter/1/0/0/0,12249:1747647659322:,1747647672712
counter/8/0/0/0,11412:1747647657987:,1747647672712
counter/3/0/0/0,11838:1747647659399:,1747647672713
counter/3/0/0/0,11839:1747647659399:,1747647672713
counter/3/0/0/0,11840:1747647659399:,1747647672713
counter/3/0/0/0,11841:1747647659399:,1747647672713
counter/3/0/0/0,11842:1747647659399:,1747647672713
counter/3/0/0/0,11843:1747647659399:,1747647672713
counter/3/0/0/0,11844:1747647659400:,1747647672713
counter/3/0/0/0,11845:1747647659400:,1747647672713
counter/3/0/0/0,11846:1747647659400:,1747647672714
counter/8/0/0/0,11413:1747647657987:,1747647672714
counter/3/0/0/0,11847:1747647659400:,1747647672714
counter/3/0/0/0,11848:1747647659400:,1747647672714
counter/3/0/0/0,11849:1747647659401:,1747647672714
counter/8/0/0/0,11414:1747647657987:,1747647672714
counter/6/0/0/0,10795:1747647658917:,1747647672714
counter/6/0/0/0,10796:1747647658917:,1747647672714
counter/6/0/0/0,10797:1747647658917:,1747647672714
counter/3/0/0/0,11850:1747647659401:,1747647672714
counter/3/0/0/0,11851:1747647659401:,1747647672714
counter/3/0/0/0,11852:1747647659401:,1747647672714
counter/3/0/0/0,11853:1747647659402:,1747647672714
counter/3/0/0/0,11854:1747647659402:,1747647672714
counter/3/0/0/0,11855:1747647659402:,1747647672714
counter/8/0/0/0,11415:1747647657987:,1747647672714
counter/4/0/0/0,11516:1747647659833:,1747647672714
counter/1/0/0/0,12250:1747647659322:,1747647672714
counter/4/0/0/0,11517:1747647659842:,1747647672714
counter/5/0/0/0,11156:1747647658039:,1747647672715
counter/3/0/0/0,11856:1747647659402:,1747647672716
counter/3/0/0/0,11857:1747647659403:,1747647672716
counter/3/0/0/0,11858:1747647659403:,1747647672716
counter/3/0/0/0,11859:1747647659403:,1747647672716
counter/3/0/0/0,11860:1747647659403:,1747647672716
counter/3/0/0/0,11861:1747647659403:,1747647672716
counter/3/0/0/0,11862:1747647659403:,1747647672716
counter/3/0/0/0,11863:1747647659403:,1747647672716
counter/3/0/0/0,11864:1747647659403:,1747647672716
counter/3/0/0/0,11865:1747647659403:,1747647672716
counter/5/0/0/0,11157:1747647658039:,1747647672716
counter/2/0/0/0,11002:1747647657641:,1747647672716
counter/2/0/0/0,11003:1747647657642:,1747647672716
counter/2/0/0/0,11004:1747647657642:,1747647672716
counter/3/0/0/0,11866:1747647659403:,1747647672716
counter/2/0/0/0,11005:1747647657642:,1747647672716
counter/3/0/0/0,11867:1747647659405:,1747647672716
counter/2/0/0/0,11006:1747647657642:,1747647672717
counter/3/0/0/0,11868:1747647659405:,1747647672717
counter/3/0/0/0,11869:1747647659405:,1747647672717
counter/1/0/0/0,12251:1747647659322:,1747647672717
counter/5/0/0/0,11158:1747647658039:,1747647672717
counter/9/0/0/0,11821:1747647658405:,1747647672717
counter/4/0/0/0,11518:1747647659842:,1747647672717
counter/9/0/0/0,11822:1747647658405:,1747647672717
counter/4/0/0/0,11519:1747647659842:,1747647672717
counter/3/0/0/0,11870:1747647659405:,1747647672718
counter/3/0/0/0,11871:1747647659408:,1747647672718
counter/3/0/0/0,11872:1747647659408:,1747647672718
counter/3/0/0/0,11873:1747647659408:,1747647672718
counter/3/0/0/0,11874:1747647659408:,1747647672718
counter/3/0/0/0,11875:1747647659408:,1747647672718
counter/3/0/0/0,11876:1747647659408:,1747647672718
counter/9/0/0/0,11823:1747647658405:,1747647672718
counter/10/0/0/0,10631:1747647658287:,1747647672719
counter/10/0/0/0,10632:1747647658287:,1747647672719
counter/6/0/0/0,10798:1747647658917:,1747647672719
counter/5/0/0/0,11159:1747647658039:,1747647672719
counter/3/0/0/0,11877:1747647659408:,1747647672720
counter/7/0/0/0,11040:1747647658400:,1747647672720
counter/7/0/0/0,11041:1747647658400:,1747647672720
counter/7/0/0/0,11042:1747647658400:,1747647672720
counter/7/0/0/0,11043:1747647658400:,1747647672720
counter/7/0/0/0,11044:1747647658400:,1747647672720
counter/9/0/0/0,11824:1747647658405:,1747647672720
counter/9/0/0/0,11825:1747647658427:,1747647672720
counter/4/0/0/0,11520:1747647659842:,1747647672720
counter/3/0/0/0,11878:1747647659408:,1747647672721
counter/3/0/0/0,11879:1747647659408:,1747647672722
counter/3/0/0/0,11880:1747647659408:,1747647672722
counter/3/0/0/0,11881:1747647659408:,1747647672722
counter/3/0/0/0,11882:1747647659421:,1747647672722
counter/3/0/0/0,11883:1747647659435:,1747647672722
counter/3/0/0/0,11884:1747647659435:,1747647672722
counter/3/0/0/0,11885:1747647659435:,1747647672722
counter/3/0/0/0,11886:1747647659435:,1747647672722
counter/3/0/0/0,11887:1747647659435:,1747647672722
counter/3/0/0/0,11888:1747647659435:,1747647672722
counter/3/0/0/0,11889:1747647659435:,1747647672723
counter/3/0/0/0,11890:1747647659465:,1747647672723
counter/3/0/0/0,11891:1747647659465:,1747647672723
counter/6/0/0/0,10799:1747647658917:,1747647672723
counter/3/0/0/0,11892:1747647659465:,1747647672723
counter/3/0/0/0,11893:1747647659465:,1747647672723
counter/5/0/0/0,11160:1747647658039:,1747647672723
counter/5/0/0/0,11161:1747647658039:,1747647672723
counter/5/0/0/0,11162:1747647658057:,1747647672723
counter/7/0/0/0,11045:1747647658400:,1747647672723
counter/3/0/0/0,11894:1747647659465:,1747647672724
counter/3/0/0/0,11895:1747647659465:,1747647672724
counter/5/0/0/0,11163:1747647658057:,1747647672724
counter/7/0/0/0,11046:1747647658400:,1747647672724
counter/8/0/0/0,11416:1747647657987:,1747647672724
counter/8/0/0/0,11417:1747647658017:,1747647672724
counter/2/0/0/0,11007:1747647657642:,1747647672724
counter/2/0/0/0,11008:1747647657642:,1747647672724
counter/2/0/0/0,11009:1747647657642:,1747647672724
counter/9/0/0/0,11826:1747647658427:,1747647672725
counter/1/0/0/0,12252:1747647659322:,1747647672725
counter/1/0/0/0,12253:1747647659322:,1747647672725
counter/1/0/0/0,12254:1747647659336:,1747647672725
counter/6/0/0/0,10800:1747647658917:,1747647672725
counter/3/0/0/0,11896:1747647659465:,1747647672725
counter/3/0/0/0,11897:1747647659465:,1747647672725
counter/3/0/0/0,11898:1747647659465:,1747647672725
counter/3/0/0/0,11899:1747647659465:,1747647672725
counter/3/0/0/0,11900:1747647659465:,1747647672725
counter/3/0/0/0,11901:1747647659465:,1747647672725
counter/3/0/0/0,11902:1747647659465:,1747647672725
counter/3/0/0/0,11903:1747647659465:,1747647672725
counter/5/0/0/0,11164:1747647658057:,1747647672726
counter/5/0/0/0,11165:1747647658057:,1747647672726
counter/3/0/0/0,11904:1747647659465:,1747647672726
counter/2/0/0/0,11010:1747647657642:,1747647672727
counter/10/0/0/0,10633:1747647658287:,1747647672727
counter/10/0/0/0,10634:1747647658287:,1747647672727
counter/3/0/0/0,11905:1747647659465:,1747647672727
counter/5/0/0/0,11166:1747647658057:,1747647672727
counter/8/0/0/0,11418:1747647658017:,1747647672728
counter/2/0/0/0,11011:1747647657642:,1747647672728
counter/8/0/0/0,11419:1747647658017:,1747647672728
counter/4/0/0/0,11521:1747647659842:,1747647672728
counter/5/0/0/0,11167:1747647658057:,1747647672729
counter/2/0/0/0,11012:1747647657642:,1747647672729
counter/7/0/0/0,11047:1747647658402:,1747647672730
counter/9/0/0/0,11827:1747647658427:,1747647672731
counter/8/0/0/0,11420:1747647658017:,1747647672731
counter/8/0/0/0,11421:1747647658017:,1747647672731
counter/8/0/0/0,11422:1747647658017:,1747647672731
counter/8/0/0/0,11423:1747647658017:,1747647672731
counter/10/0/0/0,10635:1747647658287:,1747647672731
counter/6/0/0/0,10801:1747647658917:,1747647672732
counter/6/0/0/0,10802:1747647658917:,1747647672732
counter/6/0/0/0,10803:1747647658919:,1747647672732
counter/6/0/0/0,10804:1747647658920:,1747647672732
counter/3/0/0/0,11906:1747647659465:,1747647672732
counter/5/0/0/0,11168:1747647658057:,1747647672732
counter/5/0/0/0,11169:1747647658061:,1747647672732
counter/5/0/0/0,11170:1747647658061:,1747647672732
counter/8/0/0/0,11424:1747647658017:,1747647672732
counter/1/0/0/0,12255:1747647659336:,1747647672732
counter/4/0/0/0,11522:1747647659842:,1747647672732
counter/4/0/0/0,11523:1747647659842:,1747647672732
counter/7/0/0/0,11048:1747647658403:,1747647672733
counter/9/0/0/0,11828:1747647658427:,1747647672733
counter/6/0/0/0,10805:1747647658920:,1747647672733
counter/3/0/0/0,11907:1747647659465:,1747647672733
counter/7/0/0/0,11049:1747647658403:,1747647672734
counter/7/0/0/0,11050:1747647658403:,1747647672734
counter/2/0/0/0,11013:1747647657646:,1747647672734
counter/9/0/0/0,11829:1747647658427:,1747647672734
counter/9/0/0/0,11830:1747647658427:,1747647672734
counter/5/0/0/0,11171:1747647658061:,1747647672734
counter/5/0/0/0,11172:1747647658061:,1747647672734
counter/9/0/0/0,11831:1747647658427:,1747647672734
counter/4/0/0/0,11524:1747647659842:,1747647672734
counter/10/0/0/0,10636:1747647658287:,1747647672734
counter/4/0/0/0,11525:1747647659842:,1747647672734
counter/9/0/0/0,11832:1747647658427:,1747647672734
counter/3/0/0/0,11908:1747647659465:,1747647672735
counter/7/0/0/0,11051:1747647658403:,1747647672735
counter/7/0/0/0,11052:1747647658403:,1747647672735
counter/7/0/0/0,11053:1747647658403:,1747647672735
counter/10/0/0/0,10637:1747647658287:,1747647672735
counter/10/0/0/0,10638:1747647658287:,1747647672735
counter/10/0/0/0,10639:1747647658287:,1747647672736
counter/10/0/0/0,10640:1747647658295:,1747647672736
counter/10/0/0/0,10641:1747647658296:,1747647672736
counter/10/0/0/0,10642:1747647658296:,1747647672736
counter/3/0/0/0,11909:1747647659466:,1747647672736
counter/3/0/0/0,11910:1747647659466:,1747647672736
counter/3/0/0/0,11911:1747647659466:,1747647672736
counter/3/0/0/0,11912:1747647659466:,1747647672736
counter/3/0/0/0,11913:1747647659466:,1747647672736
counter/3/0/0/0,11914:1747647659466:,1747647672736
counter/6/0/0/0,10806:1747647658920:,1747647672740
counter/6/0/0/0,10807:1747647658920:,1747647672741
counter/3/0/0/0,11915:1747647659466:,1747647672741
counter/3/0/0/0,11916:1747647659466:,1747647672741
counter/3/0/0/0,11917:1747647659466:,1747647672741
counter/3/0/0/0,11918:1747647659467:,1747647672741
counter/8/0/0/0,11425:1747647658017:,1747647672741
counter/6/0/0/0,10808:1747647658920:,1747647672741
counter/6/0/0/0,10809:1747647658920:,1747647672741
counter/6/0/0/0,10810:1747647658920:,1747647672742
counter/9/0/0/0,11833:1747647658427:,1747647672742
counter/10/0/0/0,10643:1747647658296:,1747647672742
counter/9/0/0/0,11834:1747647658427:,1747647672742
counter/8/0/0/0,11426:1747647658017:,1747647672743
counter/8/0/0/0,11427:1747647658017:,1747647672743
counter/2/0/0/0,11014:1747647657647:,1747647672743
counter/8/0/0/0,11428:1747647658017:,1747647672743
counter/2/0/0/0,11015:1747647657648:,1747647672743
counter/4/0/0/0,11526:1747647659842:,1747647672743
counter/8/0/0/0,11429:1747647658017:,1747647672743
counter/2/0/0/0,11016:1747647657648:,1747647672743
counter/8/0/0/0,11430:1747647658017:,1747647672743
counter/2/0/0/0,11017:1747647657648:,1747647672743
counter/3/0/0/0,11919:1747647659467:,1747647672743
counter/3/0/0/0,11920:1747647659467:,1747647672743
counter/3/0/0/0,11921:1747647659467:,1747647672743
counter/3/0/0/0,11922:1747647659467:,1747647672743
counter/3/0/0/0,11923:1747647659467:,1747647672743
counter/3/0/0/0,11924:1747647659467:,1747647672743
counter/3/0/0/0,11925:1747647659467:,1747647672743
counter/3/0/0/0,11926:1747647659467:,1747647672744
counter/3/0/0/0,11927:1747647659467:,1747647672744
counter/3/0/0/0,11928:1747647659467:,1747647672744
counter/3/0/0/0,11929:1747647659481:,1747647672744
counter/10/0/0/0,10644:1747647658296:,1747647672744
counter/3/0/0/0,11930:1747647659481:,1747647672745
counter/3/0/0/0,11931:1747647659481:,1747647672745
counter/3/0/0/0,11932:1747647659481:,1747647672745
counter/3/0/0/0,11933:1747647659481:,1747647672745
counter/3/0/0/0,11934:1747647659481:,1747647672745
counter/2/0/0/0,11018:1747647657648:,1747647672745
counter/5/0/0/0,11173:1747647658061:,1747647672745
counter/6/0/0/0,10811:1747647658920:,1747647672746
counter/4/0/0/0,11527:1747647659842:,1747647672746
counter/3/0/0/0,11935:1747647659481:,1747647672746
counter/3/0/0/0,11936:1747647659481:,1747647672746
counter/3/0/0/0,11937:1747647659481:,1747647672746
counter/3/0/0/0,11938:1747647659481:,1747647672746
counter/3/0/0/0,11939:1747647659481:,1747647672746
counter/3/0/0/0,11940:1747647659481:,1747647672746
counter/2/0/0/0,11019:1747647657648:,1747647672746
counter/5/0/0/0,11174:1747647658062:,1747647672746
counter/5/0/0/0,11175:1747647658063:,1747647672746
counter/5/0/0/0,11176:1747647658063:,1747647672746
counter/5/0/0/0,11177:1747647658063:,1747647672746
counter/5/0/0/0,11178:1747647658063:,1747647672746
counter/5/0/0/0,11179:1747647658063:,1747647672746
counter/5/0/0/0,11180:1747647658063:,1747647672746
counter/5/0/0/0,11181:1747647658063:,1747647672746
counter/5/0/0/0,11182:1747647658073:,1747647672747
counter/5/0/0/0,11183:1747647658073:,1747647672747
counter/5/0/0/0,11184:1747647658073:,1747647672747
counter/5/0/0/0,11185:1747647658073:,1747647672747
counter/2/0/0/0,11020:1747647657648:,1747647672747
counter/2/0/0/0,11021:1747647657653:,1747647672747
counter/2/0/0/0,11022:1747647657653:,1747647672748
counter/2/0/0/0,11023:1747647657659:,1747647672748
counter/2/0/0/0,11024:1747647657659:,1747647672748
counter/2/0/0/0,11025:1747647657659:,1747647672748
counter/2/0/0/0,11026:1747647657659:,1747647672748
counter/2/0/0/0,11027:1747647657659:,1747647672748
counter/2/0/0/0,11028:1747647657659:,1747647672748
counter/2/0/0/0,11029:1747647657659:,1747647672748
counter/5/0/0/0,11186:1747647658073:,1747647672749
counter/5/0/0/0,11187:1747647658073:,1747647672749
counter/5/0/0/0,11188:1747647658073:,1747647672749
counter/6/0/0/0,10812:1747647658920:,1747647672749
counter/5/0/0/0,11189:1747647658073:,1747647672749
counter/9/0/0/0,11835:1747647658427:,1747647672749
counter/5/0/0/0,11190:1747647658073:,1747647672749
counter/2/0/0/0,11030:1747647657659:,1747647672749
counter/5/0/0/0,11191:1747647658073:,1747647672749
counter/5/0/0/0,11192:1747647658073:,1747647672750
counter/5/0/0/0,11193:1747647658073:,1747647672750
counter/5/0/0/0,11194:1747647658073:,1747647672750
counter/3/0/0/0,11941:1747647659481:,1747647672750
counter/3/0/0/0,11942:1747647659481:,1747647672750
counter/3/0/0/0,11943:1747647659481:,1747647672750
counter/3/0/0/0,11944:1747647659481:,1747647672750
counter/3/0/0/0,11945:1747647659481:,1747647672750
counter/3/0/0/0,11946:1747647659486:,1747647672750
counter/3/0/0/0,11947:1747647659488:,1747647672750
counter/2/0/0/0,11031:1747647657659:,1747647672750
counter/7/0/0/0,11054:1747647658403:,1747647672750
counter/2/0/0/0,11032:1747647657659:,1747647672750
counter/2/0/0/0,11033:1747647657659:,1747647672750
counter/10/0/0/0,10645:1747647658296:,1747647672750
counter/10/0/0/0,10646:1747647658296:,1747647672750
counter/10/0/0/0,10647:1747647658296:,1747647672750
counter/5/0/0/0,11195:1747647658073:,1747647672751
counter/8/0/0/0,11431:1747647658017:,1747647672751
counter/5/0/0/0,11196:1747647658073:,1747647672751
counter/4/0/0/0,11528:1747647659842:,1747647672751
counter/8/0/0/0,11432:1747647658017:,1747647672752
counter/8/0/0/0,11433:1747647658017:,1747647672752
counter/8/0/0/0,11434:1747647658017:,1747647672752
counter/8/0/0/0,11435:1747647658017:,1747647672752
counter/8/0/0/0,11436:1747647658018:,1747647672752
counter/8/0/0/0,11437:1747647658018:,1747647672752
counter/8/0/0/0,11438:1747647658019:,1747647672752
counter/8/0/0/0,11439:1747647658019:,1747647672752
counter/8/0/0/0,11440:1747647658019:,1747647672752
counter/8/0/0/0,11441:1747647658025:,1747647672752
counter/8/0/0/0,11442:1747647658025:,1747647672752
counter/8/0/0/0,11443:1747647658025:,1747647672752
counter/8/0/0/0,11444:1747647658025:,1747647672752
counter/6/0/0/0,10813:1747647658920:,1747647672752
counter/6/0/0/0,10814:1747647658920:,1747647672752
counter/5/0/0/0,11197:1747647658073:,1747647672753
counter/4/0/0/0,11529:1747647659847:,1747647672753
counter/4/0/0/0,11530:1747647659847:,1747647672753
counter/4/0/0/0,11531:1747647659847:,1747647672753
counter/4/0/0/0,11532:1747647659847:,1747647672753
counter/4/0/0/0,11533:1747647659847:,1747647672753
counter/4/0/0/0,11534:1747647659847:,1747647672753
counter/4/0/0/0,11535:1747647659847:,1747647672753
counter/4/0/0/0,11536:1747647659847:,1747647672753
counter/2/0/0/0,11034:1747647657659:,1747647672754
counter/9/0/0/0,11836:1747647658427:,1747647672754
counter/4/0/0/0,11537:1747647659847:,1747647672754
counter/2/0/0/0,11035:1747647657659:,1747647672754
counter/3/0/0/0,11948:1747647659488:,1747647672754
counter/8/0/0/0,11445:1747647658025:,1747647672754
counter/8/0/0/0,11446:1747647658025:,1747647672755
counter/8/0/0/0,11447:1747647658025:,1747647672755
counter/8/0/0/0,11448:1747647658025:,1747647672755
counter/1/0/0/0,12256:1747647659336:,1747647672755
counter/8/0/0/0,11449:1747647658025:,1747647672755
counter/6/0/0/0,10815:1747647658921:,1747647672756
counter/6/0/0/0,10816:1747647658921:,1747647672757
counter/6/0/0/0,10817:1747647658921:,1747647672757
counter/6/0/0/0,10818:1747647658921:,1747647672757
counter/2/0/0/0,11036:1747647657659:,1747647672757
counter/7/0/0/0,11055:1747647658403:,1747647672757
counter/7/0/0/0,11056:1747647658403:,1747647672757
counter/10/0/0/0,10648:1747647658296:,1747647672757
counter/5/0/0/0,11198:1747647658073:,1747647672757
counter/8/0/0/0,11450:1747647658025:,1747647672757
counter/8/0/0/0,11451:1747647658025:,1747647672758
counter/8/0/0/0,11452:1747647658025:,1747647672758
counter/8/0/0/0,11453:1747647658025:,1747647672758
counter/8/0/0/0,11454:1747647658025:,1747647672758
counter/9/0/0/0,11837:1747647658428:,1747647672758
counter/9/0/0/0,11838:1747647658428:,1747647672758
counter/9/0/0/0,11839:1747647658435:,1747647672758
counter/9/0/0/0,11840:1747647658435:,1747647672758
counter/9/0/0/0,11841:1747647658435:,1747647672758
counter/9/0/0/0,11842:1747647658435:,1747647672758
counter/3/0/0/0,11949:1747647659488:,1747647672759
counter/3/0/0/0,11950:1747647659488:,1747647672759
counter/3/0/0/0,11951:1747647659488:,1747647672759
counter/3/0/0/0,11952:1747647659488:,1747647672759
counter/3/0/0/0,11953:1747647659488:,1747647672759
counter/3/0/0/0,11954:1747647659488:,1747647672759
counter/3/0/0/0,11955:1747647659488:,1747647672759
counter/3/0/0/0,11956:1747647659488:,1747647672759
counter/3/0/0/0,11957:1747647659488:,1747647672759
counter/3/0/0/0,11958:1747647659488:,1747647672759
counter/1/0/0/0,12257:1747647659336:,1747647672759
counter/3/0/0/0,11959:1747647659488:,1747647672760
counter/2/0/0/0,11037:1747647657659:,1747647672761
counter/2/0/0/0,11038:1747647657659:,1747647672761
counter/2/0/0/0,11039:1747647657659:,1747647672761
counter/2/0/0/0,11040:1747647657673:,1747647672761
counter/2/0/0/0,11041:1747647657674:,1747647672761
counter/2/0/0/0,11042:1747647657674:,1747647672761
counter/2/0/0/0,11043:1747647657674:,1747647672761
counter/2/0/0/0,11044:1747647657674:,1747647672761
counter/2/0/0/0,11045:1747647657674:,1747647672761
counter/2/0/0/0,11046:1747647657674:,1747647672761
counter/6/0/0/0,10819:1747647658921:,1747647672762
counter/6/0/0/0,10820:1747647658921:,1747647672762
counter/6/0/0/0,10821:1747647658921:,1747647672762
counter/6/0/0/0,10822:1747647658921:,1747647672762
counter/6/0/0/0,10823:1747647658921:,1747647672762
counter/5/0/0/0,11199:1747647658073:,1747647672762
counter/6/0/0/0,10824:1747647658921:,1747647672762
counter/6/0/0/0,10825:1747647658922:,1747647672762
counter/1/0/0/0,12258:1747647659336:,1747647672762
counter/4/0/0/0,11538:1747647659847:,1747647672762
counter/2/0/0/0,11047:1747647657674:,1747647672764
counter/3/0/0/0,11960:1747647659488:,1747647672764
counter/3/0/0/0,11961:1747647659488:,1747647672764
counter/3/0/0/0,11962:1747647659488:,1747647672764
counter/7/0/0/0,11057:1747647658403:,1747647672764
counter/6/0/0/0,10826:1747647658922:,1747647672764
counter/9/0/0/0,11843:1747647658435:,1747647672765
counter/9/0/0/0,11844:1747647658435:,1747647672765
counter/9/0/0/0,11845:1747647658435:,1747647672765
counter/9/0/0/0,11846:1747647658435:,1747647672765
counter/9/0/0/0,11847:1747647658435:,1747647672765
counter/9/0/0/0,11848:1747647658435:,1747647672765
counter/8/0/0/0,11455:1747647658025:,1747647672765
counter/8/0/0/0,11456:1747647658025:,1747647672765
counter/8/0/0/0,11457:1747647658025:,1747647672765
counter/8/0/0/0,11458:1747647658025:,1747647672765
counter/8/0/0/0,11459:1747647658026:,1747647672765
counter/8/0/0/0,11460:1747647658033:,1747647672765
counter/4/0/0/0,11539:1747647659847:,1747647672765
counter/7/0/0/0,11058:1747647658403:,1747647672765
counter/5/0/0/0,11200:1747647658073:,1747647672766
counter/7/0/0/0,11059:1747647658403:,1747647672766
counter/7/0/0/0,11060:1747647658403:,1747647672766
counter/7/0/0/0,11061:1747647658403:,1747647672766
counter/7/0/0/0,11062:1747647658409:,1747647672766
counter/2/0/0/0,11048:1747647657674:,1747647672767
counter/2/0/0/0,11049:1747647657674:,1747647672767
counter/2/0/0/0,11050:1747647657674:,1747647672767
counter/2/0/0/0,11051:1747647657674:,1747647672767
counter/2/0/0/0,11052:1747647657674:,1747647672767
counter/2/0/0/0,11053:1747647657674:,1747647672767
counter/2/0/0/0,11054:1747647657674:,1747647672767
counter/2/0/0/0,11055:1747647657674:,1747647672767
counter/3/0/0/0,11963:1747647659488:,1747647672769
counter/2/0/0/0,11056:1747647657676:,1747647672769
counter/2/0/0/0,11057:1747647657676:,1747647672769
counter/2/0/0/0,11058:1747647657676:,1747647672769
counter/2/0/0/0,11059:1747647657676:,1747647672769
counter/2/0/0/0,11060:1747647657676:,1747647672769
counter/2/0/0/0,11061:1747647657676:,1747647672770
counter/2/0/0/0,11062:1747647657676:,1747647672770
counter/2/0/0/0,11063:1747647657677:,1747647672770
counter/4/0/0/0,11540:1747647659847:,1747647672770
counter/7/0/0/0,11063:1747647658409:,1747647672771
counter/3/0/0/0,11964:1747647659488:,1747647672771
counter/10/0/0/0,10649:1747647658296:,1747647672771
counter/10/0/0/0,10650:1747647658296:,1747647672771
counter/9/0/0/0,11849:1747647658445:,1747647672771
counter/10/0/0/0,10651:1747647658300:,1747647672772
counter/10/0/0/0,10652:1747647658300:,1747647672772
counter/10/0/0/0,10653:1747647658300:,1747647672772
counter/10/0/0/0,10654:1747647658300:,1747647672772
counter/10/0/0/0,10655:1747647658300:,1747647672773
counter/1/0/0/0,12259:1747647659336:,1747647672773
counter/10/0/0/0,10656:1747647658301:,1747647672773
counter/10/0/0/0,10657:1747647658301:,1747647672773
counter/10/0/0/0,10658:1747647658301:,1747647672773
counter/5/0/0/0,11201:1747647658074:,1747647672773
counter/6/0/0/0,10827:1747647658922:,1747647672774
counter/5/0/0/0,11202:1747647658074:,1747647672775
counter/5/0/0/0,11203:1747647658074:,1747647672776
counter/5/0/0/0,11204:1747647658074:,1747647672776
counter/5/0/0/0,11205:1747647658074:,1747647672776
counter/10/0/0/0,10659:1747647658301:,1747647672776
counter/8/0/0/0,11461:1747647658033:,1747647672778
counter/8/0/0/0,11462:1747647658033:,1747647672778
counter/8/0/0/0,11463:1747647658033:,1747647672778
counter/8/0/0/0,11464:1747647658033:,1747647672778
counter/8/0/0/0,11465:1747647658033:,1747647672778
counter/6/0/0/0,10828:1747647658922:,1747647672778
counter/9/0/0/0,11850:1747647658445:,1747647672778
counter/6/0/0/0,10829:1747647658922:,1747647672778
counter/5/0/0/0,11206:1747647658074:,1747647672778
counter/8/0/0/0,11466:1747647658033:,1747647672778
counter/3/0/0/0,11965:1747647659490:,1747647672778
counter/10/0/0/0,10660:1747647658310:,1747647672778
counter/6/0/0/0,10830:1747647658922:,1747647672778
counter/6/0/0/0,10831:1747647658922:,1747647672778
counter/9/0/0/0,11851:1747647658445:,1747647672780
counter/7/0/0/0,11064:1747647658409:,1747647672780
counter/4/0/0/0,11541:1747647659847:,1747647672780
counter/10/0/0/0,10661:1747647658310:,1747647672781
counter/10/0/0/0,10662:1747647658320:,1747647672781
counter/10/0/0/0,10663:1747647658320:,1747647672781
counter/10/0/0/0,10664:1747647658320:,1747647672781
counter/10/0/0/0,10665:1747647658320:,1747647672782
counter/6/0/0/0,10832:1747647658922:,1747647672782
counter/4/0/0/0,11542:1747647659847:,1747647672782
counter/2/0/0/0,11064:1747647657677:,1747647672782
counter/2/0/0/0,11065:1747647657677:,1747647672782
counter/2/0/0/0,11066:1747647657677:,1747647672782
counter/7/0/0/0,11065:1747647658416:,1747647672782
counter/7/0/0/0,11066:1747647658416:,1747647672782
counter/7/0/0/0,11067:1747647658416:,1747647672782
counter/7/0/0/0,11068:1747647658436:,1747647672782
counter/5/0/0/0,11207:1747647658074:,1747647672782
counter/5/0/0/0,11208:1747647658074:,1747647672782
counter/2/0/0/0,11067:1747647657677:,1747647672783
counter/5/0/0/0,11209:1747647658074:,1747647672784
counter/2/0/0/0,11068:1747647657677:,1747647672784
counter/2/0/0/0,11069:1747647657677:,1747647672784
counter/2/0/0/0,11070:1747647657677:,1747647672784
counter/2/0/0/0,11071:1747647657677:,1747647672784
counter/2/0/0/0,11072:1747647657677:,1747647672784
counter/3/0/0/0,11966:1747647659490:,1747647672785
counter/2/0/0/0,11073:1747647657677:,1747647672786
counter/2/0/0/0,11074:1747647657677:,1747647672786
counter/2/0/0/0,11075:1747647657677:,1747647672786
counter/2/0/0/0,11076:1747647657677:,1747647672786
counter/2/0/0/0,11077:1747647657677:,1747647672786
counter/2/0/0/0,11078:1747647657677:,1747647672786
counter/10/0/0/0,10666:1747647658329:,1747647672786
counter/4/0/0/0,11543:1747647659847:,1747647672786
counter/7/0/0/0,11069:1747647658436:,1747647672786
counter/4/0/0/0,11544:1747647659847:,1747647672786
counter/10/0/0/0,10667:1747647658330:,1747647672786
counter/10/0/0/0,10668:1747647658330:,1747647672786
counter/10/0/0/0,10669:1747647658330:,1747647672787
counter/4/0/0/0,11545:1747647659847:,1747647672787
counter/4/0/0/0,11546:1747647659847:,1747647672787
counter/5/0/0/0,11210:1747647658074:,1747647672787
counter/5/0/0/0,11211:1747647658074:,1747647672787
counter/5/0/0/0,11212:1747647658074:,1747647672787
counter/3/0/0/0,11967:1747647659491:,1747647672788
counter/5/0/0/0,11213:1747647658074:,1747647672788
counter/2/0/0/0,11079:1747647657677:,1747647672788
counter/2/0/0/0,11080:1747647657677:,1747647672788
counter/8/0/0/0,11467:1747647658033:,1747647672788
counter/8/0/0/0,11468:1747647658033:,1747647672788
counter/8/0/0/0,11469:1747647658033:,1747647672788
counter/8/0/0/0,11470:1747647658033:,1747647672789
counter/8/0/0/0,11471:1747647658033:,1747647672789
counter/6/0/0/0,10833:1747647658922:,1747647672789
counter/3/0/0/0,11968:1747647659491:,1747647672789
counter/7/0/0/0,11070:1747647658436:,1747647672789
counter/8/0/0/0,11472:1747647658033:,1747647672790
counter/7/0/0/0,11071:1747647658437:,1747647672790
counter/7/0/0/0,11072:1747647658437:,1747647672790
counter/5/0/0/0,11214:1747647658074:,1747647672790
counter/3/0/0/0,11969:1747647659491:,1747647672790
counter/3/0/0/0,11970:1747647659491:,1747647672790
counter/3/0/0/0,11971:1747647659491:,1747647672790
counter/3/0/0/0,11972:1747647659491:,1747647672790
counter/3/0/0/0,11973:1747647659491:,1747647672790
counter/3/0/0/0,11974:1747647659491:,1747647672790
counter/3/0/0/0,11975:1747647659491:,1747647672790
counter/3/0/0/0,11976:1747647659491:,1747647672790
counter/2/0/0/0,11081:1747647657677:,1747647672791
counter/2/0/0/0,11082:1747647657677:,1747647672791
counter/10/0/0/0,10670:1747647658330:,1747647672791
counter/6/0/0/0,10834:1747647658922:,1747647672791
counter/8/0/0/0,11473:1747647658033:,1747647672791
counter/8/0/0/0,11474:1747647658034:,1747647672791
counter/8/0/0/0,11475:1747647658035:,1747647672791
counter/8/0/0/0,11476:1747647658036:,1747647672791
counter/8/0/0/0,11477:1747647658036:,1747647672791
counter/8/0/0/0,11478:1747647658036:,1747647672791
counter/9/0/0/0,11852:1747647658446:,1747647672792
counter/5/0/0/0,11215:1747647658074:,1747647672792
counter/5/0/0/0,11216:1747647658074:,1747647672792
counter/5/0/0/0,11217:1747647658074:,1747647672792
counter/5/0/0/0,11218:1747647658075:,1747647672792
counter/5/0/0/0,11219:1747647658075:,1747647672792
counter/5/0/0/0,11220:1747647658075:,1747647672792
counter/1/0/0/0,12260:1747647659336:,1747647672793
counter/1/0/0/0,12261:1747647659336:,1747647672793
counter/1/0/0/0,12262:1747647659336:,1747647672793
counter/1/0/0/0,12263:1747647659345:,1747647672793
counter/1/0/0/0,12264:1747647659345:,1747647672793
counter/1/0/0/0,12265:1747647659345:,1747647672794
counter/1/0/0/0,12266:1747647659345:,1747647672794
counter/2/0/0/0,11083:1747647657677:,1747647672794
counter/6/0/0/0,10835:1747647658922:,1747647672795
counter/6/0/0/0,10836:1747647658922:,1747647672795
counter/5/0/0/0,11221:1747647658075:,1747647672795
counter/5/0/0/0,11222:1747647658076:,1747647672795
counter/5/0/0/0,11223:1747647658076:,1747647672795
counter/5/0/0/0,11224:1747647658076:,1747647672795
counter/5/0/0/0,11225:1747647658076:,1747647672795
counter/5/0/0/0,11226:1747647658076:,1747647672795
counter/8/0/0/0,11479:1747647658036:,1747647672795
counter/5/0/0/0,11227:1747647658076:,1747647672796
counter/5/0/0/0,11228:1747647658076:,1747647672796
counter/1/0/0/0,12267:1747647659345:,1747647672796
counter/4/0/0/0,11547:1747647659847:,1747647672796
counter/10/0/0/0,10671:1747647658354:,1747647672796
counter/2/0/0/0,11084:1747647657677:,1747647672796
counter/2/0/0/0,11085:1747647657677:,1747647672796
counter/6/0/0/0,10837:1747647658922:,1747647672796
counter/1/0/0/0,12268:1747647659345:,1747647672796
counter/4/0/0/0,11548:1747647659849:,1747647672796
counter/1/0/0/0,12269:1747647659348:,1747647672796
counter/7/0/0/0,11073:1747647658437:,1747647672796
counter/2/0/0/0,11086:1747647657677:,1747647672800
counter/5/0/0/0,11229:1747647658076:,1747647672801
counter/5/0/0/0,11230:1747647658076:,1747647672801
counter/5/0/0/0,11231:1747647658076:,1747647672801
counter/5/0/0/0,11232:1747647658076:,1747647672801
counter/5/0/0/0,11233:1747647658076:,1747647672801
counter/5/0/0/0,11234:1747647658080:,1747647672801
counter/5/0/0/0,11235:1747647658081:,1747647672802
counter/5/0/0/0,11236:1747647658081:,1747647672802
counter/5/0/0/0,11237:1747647658081:,1747647672802
counter/2/0/0/0,11087:1747647657678:,1747647672803
counter/10/0/0/0,10672:1747647658354:,1747647672803
counter/9/0/0/0,11853:1747647658446:,1747647672803
counter/7/0/0/0,11074:1747647658437:,1747647672803
counter/1/0/0/0,12270:1747647659348:,1747647672803
counter/5/0/0/0,11238:1747647658081:,1747647672803
counter/5/0/0/0,11239:1747647658081:,1747647672803
counter/5/0/0/0,11240:1747647658081:,1747647672803
counter/5/0/0/0,11241:1747647658083:,1747647672803
counter/5/0/0/0,11242:1747647658083:,1747647672803
counter/5/0/0/0,11243:1747647658083:,1747647672803
counter/1/0/0/0,12271:1747647659348:,1747647672804
counter/5/0/0/0,11244:1747647658083:,1747647672804
counter/1/0/0/0,12272:1747647659348:,1747647672804
counter/5/0/0/0,11245:1747647658083:,1747647672804
counter/5/0/0/0,11246:1747647658083:,1747647672804
counter/5/0/0/0,11247:1747647658090:,1747647672804
counter/5/0/0/0,11248:1747647658090:,1747647672804
counter/5/0/0/0,11249:1747647658090:,1747647672804
counter/5/0/0/0,11250:1747647658090:,1747647672804
counter/5/0/0/0,11251:1747647658090:,1747647672804
counter/5/0/0/0,11252:1747647658090:,1747647672804
counter/5/0/0/0,11253:1747647658090:,1747647672804
counter/5/0/0/0,11254:1747647658090:,1747647672804
counter/5/0/0/0,11255:1747647658090:,1747647672805
counter/5/0/0/0,11256:1747647658090:,1747647672805
counter/3/0/0/0,11977:1747647659491:,1747647672805
counter/2/0/0/0,11088:1747647657678:,1747647672807
counter/3/0/0/0,11978:1747647659491:,1747647672807
counter/3/0/0/0,11979:1747647659491:,1747647672808
counter/10/0/0/0,10673:1747647658354:,1747647672808
counter/2/0/0/0,11089:1747647657678:,1747647672809
counter/2/0/0/0,11090:1747647657678:,1747647672809
counter/4/0/0/0,11549:1747647659849:,1747647672809
counter/4/0/0/0,11550:1747647659849:,1747647672809
counter/5/0/0/0,11257:1747647658090:,1747647672809
counter/5/0/0/0,11258:1747647658090:,1747647672809
counter/5/0/0/0,11259:1747647658090:,1747647672809
counter/5/0/0/0,11260:1747647658095:,1747647672809
counter/10/0/0/0,10674:1747647658365:,1747647672809
counter/3/0/0/0,11980:1747647659491:,1747647672810
counter/3/0/0/0,11981:1747647659493:,1747647672810
counter/3/0/0/0,11982:1747647659493:,1747647672810
counter/3/0/0/0,11983:1747647659494:,1747647672810
counter/10/0/0/0,10675:1747647658366:,1747647672810
counter/3/0/0/0,11984:1747647659494:,1747647672811
counter/3/0/0/0,11985:1747647659494:,1747647672811
counter/8/0/0/0,11480:1747647658036:,1747647672811
counter/9/0/0/0,11854:1747647658446:,1747647672812
counter/6/0/0/0,10838:1747647658922:,1747647672812
counter/5/0/0/0,11261:1747647658096:,1747647672813
counter/5/0/0/0,11262:1747647658096:,1747647672813
counter/7/0/0/0,11075:1747647658439:,1747647672813
counter/8/0/0/0,11481:1747647658036:,1747647672814
counter/9/0/0/0,11855:1747647658446:,1747647672814
counter/9/0/0/0,11856:1747647658446:,1747647672814
counter/9/0/0/0,11857:1747647658446:,1747647672814
counter/9/0/0/0,11858:1747647658446:,1747647672814
counter/2/0/0/0,11091:1747647657678:,1747647672814
counter/2/0/0/0,11092:1747647657678:,1747647672814
counter/1/0/0/0,12273:1747647659348:,1747647672814
counter/2/0/0/0,11093:1747647657678:,1747647672816
counter/9/0/0/0,11859:1747647658446:,1747647672817
counter/7/0/0/0,11076:1747647658439:,1747647672818
counter/1/0/0/0,12274:1747647659348:,1747647672818
counter/10/0/0/0,10676:1747647658366:,1747647672819
counter/8/0/0/0,11482:1747647658036:,1747647672821
counter/7/0/0/0,11077:1747647658439:,1747647672821
counter/7/0/0/0,11078:1747647658439:,1747647672821
counter/7/0/0/0,11079:1747647658439:,1747647672821
counter/7/0/0/0,11080:1747647658439:,1747647672821
counter/7/0/0/0,11081:1747647658439:,1747647672821
counter/7/0/0/0,11082:1747647658439:,1747647672821
counter/7/0/0/0,11083:1747647658439:,1747647672821
counter/7/0/0/0,11084:1747647658439:,1747647672821
counter/2/0/0/0,11094:1747647657678:,1747647672821
counter/2/0/0/0,11095:1747647657678:,1747647672821
counter/5/0/0/0,11263:1747647658096:,1747647672822
counter/5/0/0/0,11264:1747647658096:,1747647672822
counter/5/0/0/0,11265:1747647658096:,1747647672823
counter/5/0/0/0,11266:1747647658103:,1747647672823
counter/5/0/0/0,11267:1747647658103:,1747647672823
counter/5/0/0/0,11268:1747647658103:,1747647672823
counter/5/0/0/0,11269:1747647658104:,1747647672823
counter/5/0/0/0,11270:1747647658104:,1747647672823
counter/5/0/0/0,11271:1747647658104:,1747647672823
counter/5/0/0/0,11272:1747647658104:,1747647672823
counter/3/0/0/0,11986:1747647659494:,1747647672823
counter/2/0/0/0,11096:1747647657678:,1747647672824
counter/3/0/0/0,11987:1747647659494:,1747647672825
counter/10/0/0/0,10677:1747647658366:,1747647672825
counter/4/0/0/0,11551:1747647659849:,1747647672825
counter/10/0/0/0,10678:1747647658366:,1747647672825
counter/10/0/0/0,10679:1747647658367:,1747647672825
counter/10/0/0/0,10680:1747647658367:,1747647672826
counter/10/0/0/0,10681:1747647658367:,1747647672826
counter/10/0/0/0,10682:1747647658367:,1747647672826
counter/9/0/0/0,11860:1747647658446:,1747647672826
counter/9/0/0/0,11861:1747647658446:,1747647672826
counter/9/0/0/0,11862:1747647658446:,1747647672826
counter/9/0/0/0,11863:1747647658446:,1747647672826
counter/9/0/0/0,11864:1747647658450:,1747647672826
counter/9/0/0/0,11865:1747647658450:,1747647672826
counter/9/0/0/0,11866:1747647658450:,1747647672826
counter/9/0/0/0,11867:1747647658450:,1747647672826
counter/9/0/0/0,11868:1747647658460:,1747647672826
counter/9/0/0/0,11869:1747647658461:,1747647672826
counter/8/0/0/0,11483:1747647658036:,1747647672827
counter/3/0/0/0,11988:1747647659494:,1747647672827
counter/10/0/0/0,10683:1747647658367:,1747647672828
counter/5/0/0/0,11273:1747647658104:,1747647672828
counter/8/0/0/0,11484:1747647658036:,1747647672829
counter/8/0/0/0,11485:1747647658036:,1747647672829
counter/8/0/0/0,11486:1747647658036:,1747647672829
counter/8/0/0/0,11487:1747647658036:,1747647672829
counter/8/0/0/0,11488:1747647658036:,1747647672829
counter/5/0/0/0,11274:1747647658104:,1747647672829
counter/9/0/0/0,11870:1747647658461:,1747647672831
counter/1/0/0/0,12275:1747647659348:,1747647672831
counter/1/0/0/0,12276:1747647659348:,1747647672832
counter/8/0/0/0,11489:1747647658036:,1747647672832
counter/1/0/0/0,12277:1747647659353:,1747647672832
counter/8/0/0/0,11490:1747647658036:,1747647672832
counter/4/0/0/0,11552:1747647659850:,1747647672832
counter/1/0/0/0,12278:1747647659353:,1747647672832
counter/4/0/0/0,11553:1747647659850:,1747647672832
counter/1/0/0/0,12279:1747647659353:,1747647672832
counter/1/0/0/0,12280:1747647659353:,1747647672832
counter/1/0/0/0,12281:1747647659353:,1747647672832
counter/1/0/0/0,12282:1747647659353:,1747647672832
counter/1/0/0/0,12283:1747647659353:,1747647672832
counter/1/0/0/0,12284:1747647659385:,1747647672832
counter/1/0/0/0,12285:1747647659387:,1747647672832
counter/10/0/0/0,10684:1747647658367:,1747647672832
counter/4/0/0/0,11554:1747647659850:,1747647672833
counter/7/0/0/0,11085:1747647658439:,1747647672833
counter/4/0/0/0,11555:1747647659850:,1747647672833
counter/4/0/0/0,11556:1747647659850:,1747647672833
counter/4/0/0/0,11557:1747647659850:,1747647672833
counter/4/0/0/0,11558:1747647659850:,1747647672833
counter/4/0/0/0,11559:1747647659850:,1747647672833
counter/3/0/0/0,11989:1747647659494:,1747647672835
counter/3/0/0/0,11990:1747647659494:,1747647672835
counter/3/0/0/0,11991:1747647659494:,1747647672835
counter/3/0/0/0,11992:1747647659494:,1747647672835
counter/3/0/0/0,11993:1747647659494:,1747647672835
counter/3/0/0/0,11994:1747647659494:,1747647672835
counter/3/0/0/0,11995:1747647659494:,1747647672835
counter/7/0/0/0,11086:1747647658439:,1747647672836
counter/6/0/0/0,10839:1747647658922:,1747647672837
counter/6/0/0/0,10840:1747647658922:,1747647672839
counter/3/0/0/0,11996:1747647659494:,1747647672839
counter/3/0/0/0,11997:1747647659494:,1747647672839
counter/3/0/0/0,11998:1747647659494:,1747647672839
counter/3/0/0/0,11999:1747647659494:,1747647672839
counter/3/0/0/0,12000:1747647659494:,1747647672839
counter/3/0/0/0,12001:1747647659494:,1747647672839
counter/3/0/0/0,12002:1747647659494:,1747647672839
counter/3/0/0/0,12003:1747647659494:,1747647672839
counter/3/0/0/0,12004:1747647659494:,1747647672839
counter/3/0/0/0,12005:1747647659494:,1747647672839
counter/3/0/0/0,12006:1747647659494:,1747647672840
counter/3/0/0/0,12007:1747647659494:,1747647672840
counter/3/0/0/0,12008:1747647659498:,1747647672840
counter/3/0/0/0,12009:1747647659503:,1747647672840
counter/3/0/0/0,12010:1747647659503:,1747647672840
counter/3/0/0/0,12011:1747647659503:,1747647672840
counter/7/0/0/0,11087:1747647658439:,1747647672840
counter/6/0/0/0,10841:1747647658922:,1747647672840
counter/6/0/0/0,10842:1747647658922:,1747647672840
counter/6/0/0/0,10843:1747647658922:,1747647672840
counter/6/0/0/0,10844:1747647658922:,1747647672840
counter/6/0/0/0,10845:1747647658922:,1747647672840
counter/6/0/0/0,10846:1747647658922:,1747647672840
counter/6/0/0/0,10847:1747647658922:,1747647672840
counter/6/0/0/0,10848:1747647658933:,1747647672840
counter/6/0/0/0,10849:1747647658948:,1747647672840
counter/6/0/0/0,10850:1747647658948:,1747647672840
counter/10/0/0/0,10685:1747647658367:,1747647672840
counter/9/0/0/0,11871:1747647658461:,1747647672840
counter/9/0/0/0,11872:1747647658461:,1747647672840
counter/4/0/0/0,11560:1747647659850:,1747647672840
counter/4/0/0/0,11561:1747647659850:,1747647672840
counter/1/0/0/0,12286:1747647659387:,1747647672840
counter/1/0/0/0,12287:1747647659387:,1747647672840
counter/1/0/0/0,12288:1747647659388:,1747647672841
counter/1/0/0/0,12289:1747647659388:,1747647672841
counter/1/0/0/0,12290:1747647659388:,1747647672841
counter/1/0/0/0,12291:1747647659388:,1747647672841
counter/1/0/0/0,12292:1747647659388:,1747647672841
counter/1/0/0/0,12293:1747647659388:,1747647672841
counter/3/0/0/0,12012:1747647659503:,1747647672841
counter/5/0/0/0,11275:1747647658104:,1747647672841
counter/2/0/0/0,11097:1747647657678:,1747647672841
counter/5/0/0/0,11276:1747647658104:,1747647672841
counter/5/0/0/0,11277:1747647658114:,1747647672841
counter/5/0/0/0,11278:1747647658114:,1747647672841
counter/3/0/0/0,12013:1747647659503:,1747647672841
counter/5/0/0/0,11279:1747647658118:,1747647672842
counter/5/0/0/0,11280:1747647658118:,1747647672842
counter/7/0/0/0,11088:1747647658439:,1747647672842
counter/8/0/0/0,11491:1747647658036:,1747647672842
counter/8/0/0/0,11492:1747647658036:,1747647672842
counter/8/0/0/0,11493:1747647658061:,1747647672842
counter/8/0/0/0,11494:1747647658061:,1747647672842
counter/8/0/0/0,11495:1747647658061:,1747647672842
counter/8/0/0/0,11496:1747647658061:,1747647672842
counter/8/0/0/0,11497:1747647658061:,1747647672842
counter/8/0/0/0,11498:1747647658068:,1747647672842
counter/8/0/0/0,11499:1747647658068:,1747647672842
counter/8/0/0/0,11500:1747647658068:,1747647672842
counter/8/0/0/0,11501:1747647658068:,1747647672843
counter/8/0/0/0,11502:1747647658070:,1747647672843
counter/8/0/0/0,11503:1747647658071:,1747647672843
counter/8/0/0/0,11504:1747647658071:,1747647672843
counter/8/0/0/0,11505:1747647658071:,1747647672843
counter/8/0/0/0,11506:1747647658071:,1747647672843
counter/1/0/0/0,12294:1747647659388:,1747647672843
counter/1/0/0/0,12295:1747647659388:,1747647672843
counter/1/0/0/0,12296:1747647659388:,1747647672843
counter/1/0/0/0,12297:1747647659388:,1747647672843
counter/1/0/0/0,12298:1747647659388:,1747647672843
counter/1/0/0/0,12299:1747647659388:,1747647672843
counter/1/0/0/0,12300:1747647659388:,1747647672843
counter/1/0/0/0,12301:1747647659407:,1747647672843
counter/1/0/0/0,12302:1747647659412:,1747647672843
counter/1/0/0/0,12303:1747647659412:,1747647672843
counter/1/0/0/0,12304:1747647659412:,1747647672843
counter/1/0/0/0,12305:1747647659412:,1747647672843
counter/1/0/0/0,12306:1747647659412:,1747647672843
counter/7/0/0/0,11089:1747647658440:,1747647672843
counter/7/0/0/0,11090:1747647658440:,1747647672843
counter/7/0/0/0,11091:1747647658440:,1747647672843
counter/7/0/0/0,11092:1747647658440:,1747647672844
counter/7/0/0/0,11093:1747647658440:,1747647672844
counter/7/0/0/0,11094:1747647658440:,1747647672844
counter/7/0/0/0,11095:1747647658440:,1747647672844
counter/4/0/0/0,11562:1747647659850:,1747647672844
counter/6/0/0/0,10851:1747647658955:,1747647672844
counter/6/0/0/0,10852:1747647658956:,1747647672844
counter/6/0/0/0,10853:1747647658956:,1747647672844
counter/6/0/0/0,10854:1747647658956:,1747647672844
counter/6/0/0/0,10855:1747647658956:,1747647672844
counter/7/0/0/0,11096:1747647658440:,1747647672844
counter/4/0/0/0,11563:1747647659850:,1747647672845
counter/8/0/0/0,11507:1747647658071:,1747647672846
counter/5/0/0/0,11281:1747647658118:,1747647672847
counter/7/0/0/0,11097:1747647658440:,1747647672850
counter/7/0/0/0,11098:1747647658440:,1747647672850
counter/7/0/0/0,11099:1747647658440:,1747647672850
counter/7/0/0/0,11100:1747647658440:,1747647672850
counter/7/0/0/0,11101:1747647658443:,1747647672850
counter/4/0/0/0,11564:1747647659850:,1747647672850
counter/6/0/0/0,10856:1747647658956:,1747647672850
counter/7/0/0/0,11102:1747647658443:,1747647672851
counter/4/0/0/0,11565:1747647659850:,1747647672851
counter/4/0/0/0,11566:1747647659850:,1747647672851
counter/4/0/0/0,11567:1747647659850:,1747647672851
counter/4/0/0/0,11568:1747647659850:,1747647672851
counter/4/0/0/0,11569:1747647659850:,1747647672851
counter/5/0/0/0,11282:1747647658118:,1747647672851
counter/9/0/0/0,11873:1747647658461:,1747647672854
counter/2/0/0/0,11098:1747647657680:,1747647672854
counter/5/0/0/0,11283:1747647658118:,1747647672854
counter/5/0/0/0,11284:1747647658118:,1747647672854
counter/5/0/0/0,11285:1747647658118:,1747647672854
counter/5/0/0/0,11286:1747647658118:,1747647672854
counter/5/0/0/0,11287:1747647658118:,1747647672854
counter/5/0/0/0,11288:1747647658129:,1747647672854
counter/5/0/0/0,11289:1747647658129:,1747647672854
counter/5/0/0/0,11290:1747647658130:,1747647672854
counter/5/0/0/0,11291:1747647658130:,1747647672854
counter/5/0/0/0,11292:1747647658131:,1747647672854
counter/5/0/0/0,11293:1747647658131:,1747647672854
counter/5/0/0/0,11294:1747647658131:,1747647672854
counter/5/0/0/0,11295:1747647658131:,1747647672854
counter/8/0/0/0,11508:1747647658071:,1747647672854
counter/10/0/0/0,10686:1747647658367:,1747647672854
counter/2/0/0/0,11099:1747647657680:,1747647672854
counter/1/0/0/0,12307:1747647659412:,1747647672855
counter/9/0/0/0,11874:1747647658461:,1747647672855
counter/9/0/0/0,11875:1747647658461:,1747647672855
counter/5/0/0/0,11296:1747647658131:,1747647672855
counter/3/0/0/0,12014:1747647659503:,1747647672855
counter/7/0/0/0,11103:1747647658443:,1747647672855
counter/3/0/0/0,12015:1747647659503:,1747647672855
counter/4/0/0/0,11570:1747647659850:,1747647672856
counter/4/0/0/0,11571:1747647659850:,1747647672856
counter/5/0/0/0,11297:1747647658132:,1747647672856
counter/5/0/0/0,11298:1747647658132:,1747647672856
counter/8/0/0/0,11509:1747647658071:,1747647672856
counter/10/0/0/0,10687:1747647658367:,1747647672857
counter/1/0/0/0,12308:1747647659412:,1747647672857
counter/1/0/0/0,12309:1747647659412:,1747647672857
counter/1/0/0/0,12310:1747647659413:,1747647672857
counter/1/0/0/0,12311:1747647659413:,1747647672858
counter/1/0/0/0,12312:1747647659413:,1747647672858
counter/10/0/0/0,10688:1747647658367:,1747647672858
counter/7/0/0/0,11104:1747647658443:,1747647672858
counter/1/0/0/0,12313:1747647659413:,1747647672858
counter/1/0/0/0,12314:1747647659413:,1747647672858
counter/1/0/0/0,12315:1747647659413:,1747647672858
counter/1/0/0/0,12316:1747647659413:,1747647672859
counter/1/0/0/0,12317:1747647659423:,1747647672859
counter/1/0/0/0,12318:1747647659423:,1747647672859
counter/1/0/0/0,12319:1747647659423:,1747647672859
counter/4/0/0/0,11572:1747647659850:,1747647672859
counter/9/0/0/0,11876:1747647658461:,1747647672859
counter/10/0/0/0,10689:1747647658367:,1747647672861
counter/7/0/0/0,11105:1747647658443:,1747647672861
counter/7/0/0/0,11106:1747647658447:,1747647672861
counter/7/0/0/0,11107:1747647658447:,1747647672861
counter/7/0/0/0,11108:1747647658447:,1747647672861
counter/7/0/0/0,11109:1747647658447:,1747647672861
counter/7/0/0/0,11110:1747647658447:,1747647672862
counter/7/0/0/0,11111:1747647658448:,1747647672862
counter/7/0/0/0,11112:1747647658448:,1747647672862
counter/4/0/0/0,11573:1747647659850:,1747647672862
counter/4/0/0/0,11574:1747647659850:,1747647672862
counter/4/0/0/0,11575:1747647659850:,1747647672862
counter/9/0/0/0,11877:1747647658461:,1747647672862
counter/2/0/0/0,11100:1747647657680:,1747647672862
counter/2/0/0/0,11101:1747647657685:,1747647672862
counter/2/0/0/0,11102:1747647657685:,1747647672862
counter/2/0/0/0,11103:1747647657685:,1747647672862
counter/2/0/0/0,11104:1747647657685:,1747647672862
counter/1/0/0/0,12320:1747647659423:,1747647672862
counter/1/0/0/0,12321:1747647659423:,1747647672862
counter/1/0/0/0,12322:1747647659423:,1747647672862
counter/3/0/0/0,12016:1747647659503:,1747647672864
counter/3/0/0/0,12017:1747647659503:,1747647672864
counter/1/0/0/0,12323:1747647659423:,1747647672864
counter/5/0/0/0,11299:1747647658132:,1747647672864
counter/9/0/0/0,11878:1747647658461:,1747647672865
counter/1/0/0/0,12324:1747647659423:,1747647672866
counter/7/0/0/0,11113:1747647658448:,1747647672866
counter/7/0/0/0,11114:1747647658450:,1747647672866
counter/7/0/0/0,11115:1747647658450:,1747647672866
counter/7/0/0/0,11116:1747647658450:,1747647672866
counter/7/0/0/0,11117:1747647658450:,1747647672866
counter/7/0/0/0,11118:1747647658450:,1747647672866
counter/2/0/0/0,11105:1747647657685:,1747647672866
counter/6/0/0/0,10857:1747647658956:,1747647672867
counter/6/0/0/0,10858:1747647658956:,1747647672867
counter/6/0/0/0,10859:1747647658956:,1747647672867
counter/6/0/0/0,10860:1747647658956:,1747647672867
counter/6/0/0/0,10861:1747647658956:,1747647672867
counter/3/0/0/0,12018:1747647659503:,1747647672867
counter/3/0/0/0,12019:1747647659503:,1747647672867
counter/3/0/0/0,12020:1747647659503:,1747647672867
counter/3/0/0/0,12021:1747647659503:,1747647672867
counter/3/0/0/0,12022:1747647659503:,1747647672867
counter/3/0/0/0,12023:1747647659503:,1747647672867
counter/3/0/0/0,12024:1747647659506:,1747647672867
counter/7/0/0/0,11119:1747647658453:,1747647672867
counter/5/0/0/0,11300:1747647658132:,1747647672868
counter/3/0/0/0,12025:1747647659506:,1747647672869
counter/3/0/0/0,12026:1747647659506:,1747647672869
counter/3/0/0/0,12027:1747647659506:,1747647672869
counter/6/0/0/0,10862:1747647658956:,1747647672870
counter/3/0/0/0,12028:1747647659506:,1747647672871
counter/7/0/0/0,11120:1747647658453:,1747647672871
counter/7/0/0/0,11121:1747647658453:,1747647672871
counter/7/0/0/0,11122:1747647658453:,1747647672871
counter/7/0/0/0,11123:1747647658453:,1747647672871
counter/9/0/0/0,11879:1747647658461:,1747647672871
counter/8/0/0/0,11510:1747647658071:,1747647672872
counter/10/0/0/0,10690:1747647658367:,1747647672872
counter/10/0/0/0,10691:1747647658367:,1747647672872
counter/10/0/0/0,10692:1747647658367:,1747647672872
counter/10/0/0/0,10693:1747647658367:,1747647672872
counter/10/0/0/0,10694:1747647658367:,1747647672872
counter/2/0/0/0,11106:1747647657685:,1747647672872
counter/1/0/0/0,12325:1747647659423:,1747647672873
counter/1/0/0/0,12326:1747647659423:,1747647672873
counter/3/0/0/0,12029:1747647659506:,1747647672877
counter/3/0/0/0,12030:1747647659506:,1747647672877
counter/3/0/0/0,12031:1747647659507:,1747647672877
counter/3/0/0/0,12032:1747647659507:,1747647672877
counter/1/0/0/0,12327:1747647659423:,1747647672879
counter/6/0/0/0,10863:1747647658956:,1747647672879
counter/8/0/0/0,11511:1747647658071:,1747647672879
counter/7/0/0/0,11124:1747647658453:,1747647672880
counter/3/0/0/0,12033:1747647659507:,1747647672880
counter/7/0/0/0,11125:1747647658453:,1747647672881
counter/10/0/0/0,10695:1747647658367:,1747647672882
counter/5/0/0/0,11301:1747647658132:,1747647672882
counter/5/0/0/0,11302:1747647658134:,1747647672882
counter/5/0/0/0,11303:1747647658134:,1747647672882
counter/5/0/0/0,11304:1747647658134:,1747647672882
counter/5/0/0/0,11305:1747647658134:,1747647672882
counter/5/0/0/0,11306:1747647658134:,1747647672882
counter/5/0/0/0,11307:1747647658134:,1747647672882
counter/5/0/0/0,11308:1747647658134:,1747647672882
counter/8/0/0/0,11512:1747647658072:,1747647672883
counter/3/0/0/0,12034:1747647659507:,1747647672883
counter/2/0/0/0,11107:1747647657685:,1747647672883
counter/2/0/0/0,11108:1747647657685:,1747647672883
counter/2/0/0/0,11109:1747647657685:,1747647672883
counter/2/0/0/0,11110:1747647657685:,1747647672883
counter/1/0/0/0,12328:1747647659423:,1747647672883
counter/1/0/0/0,12329:1747647659423:,1747647672883
counter/1/0/0/0,12330:1747647659423:,1747647672883
counter/1/0/0/0,12331:1747647659423:,1747647672883
counter/1/0/0/0,12332:1747647659423:,1747647672883
counter/2/0/0/0,11111:1747647657685:,1747647672883
counter/1/0/0/0,12333:1747647659423:,1747647672883
counter/1/0/0/0,12334:1747647659423:,1747647672884
counter/10/0/0/0,10696:1747647658367:,1747647672884
counter/7/0/0/0,11126:1747647658453:,1747647672884
counter/8/0/0/0,11513:1747647658072:,1747647672884
counter/8/0/0/0,11514:1747647658076:,1747647672884
counter/8/0/0/0,11515:1747647658077:,1747647672885
counter/5/0/0/0,11309:1747647658134:,1747647672885
counter/3/0/0/0,12035:1747647659507:,1747647672885
counter/7/0/0/0,11127:1747647658454:,1747647672885
counter/3/0/0/0,12036:1747647659507:,1747647672885
counter/6/0/0/0,10864:1747647658956:,1747647672885
counter/6/0/0/0,10865:1747647658957:,1747647672887
counter/5/0/0/0,11310:1747647658134:,1747647672887
counter/9/0/0/0,11880:1747647658467:,1747647672887
counter/10/0/0/0,10697:1747647658370:,1747647672887
counter/4/0/0/0,11576:1747647659850:,1747647672887
counter/5/0/0/0,11311:1747647658134:,1747647672888
counter/1/0/0/0,12335:1747647659423:,1747647672889
counter/5/0/0/0,11312:1747647658138:,1747647672889
counter/5/0/0/0,11313:1747647658138:,1747647672889
counter/2/0/0/0,11112:1747647657685:,1747647672889
counter/2/0/0/0,11113:1747647657685:,1747647672890
counter/2/0/0/0,11114:1747647657685:,1747647672890
counter/2/0/0/0,11115:1747647657685:,1747647672890
counter/2/0/0/0,11116:1747647657685:,1747647672890
counter/2/0/0/0,11117:1747647657686:,1747647672890
counter/2/0/0/0,11118:1747647657688:,1747647672890
counter/3/0/0/0,12037:1747647659507:,1747647672890
counter/5/0/0/0,11314:1747647658138:,1747647672890
counter/10/0/0/0,10698:1747647658370:,1747647672890
counter/5/0/0/0,11315:1747647658138:,1747647672890
counter/7/0/0/0,11128:1747647658454:,1747647672890
counter/6/0/0/0,10866:1747647658957:,1747647672891
counter/1/0/0/0,12336:1747647659424:,1747647672891
counter/2/0/0/0,11119:1747647657688:,1747647672891
counter/1/0/0/0,12337:1747647659426:,1747647672891
counter/8/0/0/0,11516:1747647658077:,1747647672891
counter/2/0/0/0,11120:1747647657688:,1747647672892
counter/9/0/0/0,11881:1747647658467:,1747647672892
counter/6/0/0/0,10867:1747647658957:,1747647672892
counter/9/0/0/0,11882:1747647658467:,1747647672892
counter/2/0/0/0,11121:1747647657688:,1747647672892
counter/5/0/0/0,11316:1747647658138:,1747647672892
counter/10/0/0/0,10699:1747647658370:,1747647672892
counter/5/0/0/0,11317:1747647658139:,1747647672892
counter/10/0/0/0,10700:1747647658370:,1747647672892
counter/8/0/0/0,11517:1747647658077:,1747647672893
counter/5/0/0/0,11318:1747647658144:,1747647672893
counter/10/0/0/0,10701:1747647658370:,1747647672893
counter/4/0/0/0,11577:1747647659850:,1747647672893
counter/4/0/0/0,11578:1747647659850:,1747647672893
counter/4/0/0/0,11579:1747647659850:,1747647672893
counter/4/0/0/0,11580:1747647659850:,1747647672894
counter/9/0/0/0,11883:1747647658467:,1747647672894
counter/6/0/0/0,10868:1747647658957:,1747647672894
counter/6/0/0/0,10869:1747647658957:,1747647672894
counter/6/0/0/0,10870:1747647658957:,1747647672894
counter/7/0/0/0,11129:1747647658455:,1747647672894
counter/8/0/0/0,11518:1747647658077:,1747647672896
counter/9/0/0/0,11884:1747647658467:,1747647672899
counter/2/0/0/0,11122:1747647657688:,1747647672899
counter/2/0/0/0,11123:1747647657688:,1747647672899
counter/2/0/0/0,11124:1747647657688:,1747647672899
counter/2/0/0/0,11125:1747647657688:,1747647672899
counter/7/0/0/0,11130:1747647658455:,1747647672899
counter/3/0/0/0,12038:1747647659507:,1747647672899
counter/6/0/0/0,10871:1747647658957:,1747647672900
counter/9/0/0/0,11885:1747647658467:,1747647672900
counter/2/0/0/0,11126:1747647657688:,1747647672900
counter/9/0/0/0,11886:1747647658467:,1747647672900
counter/7/0/0/0,11131:1747647658455:,1747647672902
counter/5/0/0/0,11319:1747647658144:,1747647672902
counter/5/0/0/0,11320:1747647658144:,1747647672902
counter/5/0/0/0,11321:1747647658144:,1747647672903
counter/5/0/0/0,11322:1747647658144:,1747647672903
counter/5/0/0/0,11323:1747647658144:,1747647672903
counter/6/0/0/0,10872:1747647658957:,1747647672903
counter/5/0/0/0,11324:1747647658144:,1747647672903
counter/5/0/0/0,11325:1747647658144:,1747647672903
counter/8/0/0/0,11519:1747647658077:,1747647672903
counter/1/0/0/0,12338:1747647659434:,1747647672906
counter/1/0/0/0,12339:1747647659434:,1747647672906
counter/1/0/0/0,12340:1747647659434:,1747647672906
counter/2/0/0/0,11127:1747647657688:,1747647672906
counter/1/0/0/0,12341:1747647659434:,1747647672906
counter/9/0/0/0,11887:1747647658467:,1747647672907
counter/3/0/0/0,12039:1747647659507:,1747647672907
counter/3/0/0/0,12040:1747647659507:,1747647672907
counter/3/0/0/0,12041:1747647659507:,1747647672907
counter/2/0/0/0,11128:1747647657688:,1747647672908
counter/2/0/0/0,11129:1747647657689:,1747647672908
counter/2/0/0/0,11130:1747647657699:,1747647672908
counter/2/0/0/0,11131:1747647657699:,1747647672908
counter/2/0/0/0,11132:1747647657699:,1747647672908
counter/2/0/0/0,11133:1747647657699:,1747647672908
counter/2/0/0/0,11134:1747647657699:,1747647672908
counter/2/0/0/0,11135:1747647657699:,1747647672908
counter/10/0/0/0,10702:1747647658370:,1747647672909
counter/9/0/0/0,11888:1747647658467:,1747647672909
counter/3/0/0/0,12042:1747647659507:,1747647672909
counter/9/0/0/0,11889:1747647658467:,1747647672909
counter/3/0/0/0,12043:1747647659507:,1747647672909
counter/3/0/0/0,12044:1747647659507:,1747647672909
counter/3/0/0/0,12045:1747647659507:,1747647672909
counter/3/0/0/0,12046:1747647659507:,1747647672909
counter/6/0/0/0,10873:1747647658957:,1747647672909
counter/6/0/0/0,10874:1747647658957:,1747647672909
counter/6/0/0/0,10875:1747647658957:,1747647672910
counter/6/0/0/0,10876:1747647658957:,1747647672910
counter/6/0/0/0,10877:1747647658957:,1747647672910
counter/6/0/0/0,10878:1747647658957:,1747647672910
counter/6/0/0/0,10879:1747647658957:,1747647672910
counter/6/0/0/0,10880:1747647658958:,1747647672910
counter/6/0/0/0,10881:1747647658958:,1747647672910
counter/6/0/0/0,10882:1747647658959:,1747647672910
counter/7/0/0/0,11132:1747647658455:,1747647672916
counter/6/0/0/0,10883:1747647658959:,1747647672916
counter/6/0/0/0,10884:1747647658959:,1747647672916
counter/6/0/0/0,10885:1747647658959:,1747647672916
counter/6/0/0/0,10886:1747647658959:,1747647672916
counter/6/0/0/0,10887:1747647658959:,1747647672916
counter/6/0/0/0,10888:1747647658959:,1747647672916
counter/6/0/0/0,10889:1747647658959:,1747647672916
counter/6/0/0/0,10890:1747647658987:,1747647672917
counter/6/0/0/0,10891:1747647658994:,1747647672917
counter/4/0/0/0,11581:1747647659852:,1747647672917
counter/6/0/0/0,10892:1747647658994:,1747647672917
counter/9/0/0/0,11890:1747647658467:,1747647672917
counter/2/0/0/0,11136:1747647657699:,1747647672917
counter/8/0/0/0,11520:1747647658077:,1747647672917
counter/8/0/0/0,11521:1747647658077:,1747647672917
counter/6/0/0/0,10893:1747647658994:,1747647672918
counter/8/0/0/0,11522:1747647658077:,1747647672918
counter/4/0/0/0,11582:1747647659852:,1747647672918
counter/4/0/0/0,11583:1747647659852:,1747647672918
counter/4/0/0/0,11584:1747647659852:,1747647672918
counter/4/0/0/0,11585:1747647659852:,1747647672918
counter/4/0/0/0,11586:1747647659852:,1747647672918
counter/4/0/0/0,11587:1747647659858:,1747647672918
counter/4/0/0/0,11588:1747647659859:,1747647672918
counter/4/0/0/0,11589:1747647659859:,1747647672918
counter/4/0/0/0,11590:1747647659859:,1747647672918
counter/4/0/0/0,11591:1747647659859:,1747647672918
counter/3/0/0/0,12047:1747647659507:,1747647672919
counter/4/0/0/0,11592:1747647659859:,1747647672919
counter/10/0/0/0,10703:1747647658370:,1747647672919
counter/4/0/0/0,11593:1747647659859:,1747647672919
counter/10/0/0/0,10704:1747647658370:,1747647672919
counter/10/0/0/0,10705:1747647658370:,1747647672919
counter/10/0/0/0,10706:1747647658370:,1747647672919
counter/10/0/0/0,10707:1747647658370:,1747647672919
counter/9/0/0/0,11891:1747647658467:,1747647672920
counter/8/0/0/0,11523:1747647658077:,1747647672920
counter/8/0/0/0,11524:1747647658077:,1747647672920
counter/8/0/0/0,11525:1747647658077:,1747647672920
counter/8/0/0/0,11526:1747647658077:,1747647672920
counter/8/0/0/0,11527:1747647658077:,1747647672920
counter/4/0/0/0,11594:1747647659859:,1747647672922
counter/4/0/0/0,11595:1747647659859:,1747647672923
counter/6/0/0/0,10894:1747647658994:,1747647672923
counter/6/0/0/0,10895:1747647658994:,1747647672923
counter/6/0/0/0,10896:1747647658994:,1747647672923
counter/4/0/0/0,11596:1747647659859:,1747647672924
counter/5/0/0/0,11326:1747647658144:,1747647672924
counter/5/0/0/0,11327:1747647658144:,1747647672924
counter/5/0/0/0,11328:1747647658144:,1747647672924
counter/5/0/0/0,11329:1747647658144:,1747647672924
counter/5/0/0/0,11330:1747647658145:,1747647672924
counter/5/0/0/0,11331:1747647658145:,1747647672925
counter/5/0/0/0,11332:1747647658145:,1747647672925
counter/9/0/0/0,11892:1747647658467:,1747647672929
counter/9/0/0/0,11893:1747647658479:,1747647672929
counter/9/0/0/0,11894:1747647658486:,1747647672929
counter/9/0/0/0,11895:1747647658486:,1747647672929
counter/9/0/0/0,11896:1747647658486:,1747647672930
counter/6/0/0/0,10897:1747647658994:,1747647672930
counter/8/0/0/0,11528:1747647658077:,1747647672930
counter/6/0/0/0,10898:1747647658994:,1747647672931
counter/5/0/0/0,11333:1747647658145:,1747647672931
counter/5/0/0/0,11334:1747647658153:,1747647672931
counter/2/0/0/0,11137:1747647657699:,1747647672931
counter/5/0/0/0,11335:1747647658153:,1747647672931
counter/2/0/0/0,11138:1747647657699:,1747647672931
counter/5/0/0/0,11336:1747647658154:,1747647672931
counter/2/0/0/0,11139:1747647657699:,1747647672931
counter/5/0/0/0,11337:1747647658154:,1747647672931
counter/2/0/0/0,11140:1747647657706:,1747647672931
counter/5/0/0/0,11338:1747647658154:,1747647672931
counter/10/0/0/0,10708:1747647658370:,1747647672932
counter/10/0/0/0,10709:1747647658370:,1747647672932
counter/10/0/0/0,10710:1747647658370:,1747647672932
counter/10/0/0/0,10711:1747647658370:,1747647672932
counter/1/0/0/0,12342:1747647659434:,1747647672932
counter/1/0/0/0,12343:1747647659434:,1747647672932
counter/10/0/0/0,10712:1747647658370:,1747647672932
counter/10/0/0/0,10713:1747647658370:,1747647672932
counter/10/0/0/0,10714:1747647658370:,1747647672932
counter/10/0/0/0,10715:1747647658372:,1747647672932
counter/10/0/0/0,10716:1747647658372:,1747647672932
counter/10/0/0/0,10717:1747647658372:,1747647672933
counter/10/0/0/0,10718:1747647658372:,1747647672933
counter/10/0/0/0,10719:1747647658372:,1747647672933
counter/10/0/0/0,10720:1747647658372:,1747647672933
counter/10/0/0/0,10721:1747647658377:,1747647672933
counter/10/0/0/0,10722:1747647658377:,1747647672933
counter/10/0/0/0,10723:1747647658377:,1747647672933
counter/10/0/0/0,10724:1747647658377:,1747647672933
counter/10/0/0/0,10725:1747647658377:,1747647672933
counter/10/0/0/0,10726:1747647658377:,1747647672933
counter/9/0/0/0,11897:1747647658486:,1747647672933
counter/5/0/0/0,11339:1747647658154:,1747647672933
counter/2/0/0/0,11141:1747647657706:,1747647672933
counter/8/0/0/0,11529:1747647658077:,1747647672934
counter/6/0/0/0,10899:1747647658995:,1747647672934
counter/8/0/0/0,11530:1747647658077:,1747647672934
counter/3/0/0/0,12048:1747647659507:,1747647672934
counter/5/0/0/0,11340:1747647658154:,1747647672934
counter/7/0/0/0,11133:1747647658455:,1747647672935
counter/2/0/0/0,11142:1747647657706:,1747647672935
counter/3/0/0/0,12049:1747647659507:,1747647672935
counter/6/0/0/0,10900:1747647658995:,1747647672935
counter/6/0/0/0,10901:1747647659001:,1747647672935
counter/6/0/0/0,10902:1747647659002:,1747647672936
counter/6/0/0/0,10903:1747647659002:,1747647672936
counter/5/0/0/0,11341:1747647658154:,1747647672936
counter/10/0/0/0,10727:1747647658377:,1747647672936
counter/5/0/0/0,11342:1747647658154:,1747647672936
counter/3/0/0/0,12050:1747647659507:,1747647672936
counter/3/0/0/0,12051:1747647659507:,1747647672937
counter/3/0/0/0,12052:1747647659507:,1747647672937
counter/3/0/0/0,12053:1747647659507:,1747647672937
counter/3/0/0/0,12054:1747647659509:,1747647672937
counter/3/0/0/0,12055:1747647659509:,1747647672937
counter/3/0/0/0,12056:1747647659509:,1747647672937
counter/3/0/0/0,12057:1747647659509:,1747647672937
counter/3/0/0/0,12058:1747647659509:,1747647672938
counter/9/0/0/0,11898:1747647658486:,1747647672938
counter/8/0/0/0,11531:1747647658077:,1747647672938
counter/9/0/0/0,11899:1747647658486:,1747647672938
counter/8/0/0/0,11532:1747647658082:,1747647672939
counter/8/0/0/0,11533:1747647658082:,1747647672940
counter/9/0/0/0,11900:1747647658486:,1747647672940
counter/8/0/0/0,11534:1747647658082:,1747647672940
counter/7/0/0/0,11134:1747647658455:,1747647672940
counter/2/0/0/0,11143:1747647657706:,1747647672940
counter/10/0/0/0,10728:1747647658377:,1747647672940
counter/2/0/0/0,11144:1747647657708:,1747647672940
counter/2/0/0/0,11145:1747647657708:,1747647672940
counter/2/0/0/0,11146:1747647657708:,1747647672940
counter/2/0/0/0,11147:1747647657708:,1747647672940
counter/2/0/0/0,11148:1747647657708:,1747647672940
counter/8/0/0/0,11535:1747647658082:,1747647672941
counter/8/0/0/0,11536:1747647658082:,1747647672941
counter/8/0/0/0,11537:1747647658082:,1747647672941
counter/8/0/0/0,11538:1747647658082:,1747647672941
counter/8/0/0/0,11539:1747647658082:,1747647672941
counter/8/0/0/0,11540:1747647658082:,1747647672941
counter/8/0/0/0,11541:1747647658082:,1747647672941
counter/8/0/0/0,11542:1747647658082:,1747647672942
counter/8/0/0/0,11543:1747647658082:,1747647672942
counter/8/0/0/0,11544:1747647658082:,1747647672942
counter/8/0/0/0,11545:1747647658082:,1747647672943
counter/8/0/0/0,11546:1747647658082:,1747647672943
counter/8/0/0/0,11547:1747647658082:,1747647672943
counter/7/0/0/0,11135:1747647658455:,1747647672943
counter/8/0/0/0,11548:1747647658082:,1747647672943
counter/7/0/0/0,11136:1747647658455:,1747647672943
counter/8/0/0/0,11549:1747647658082:,1747647672943
counter/7/0/0/0,11137:1747647658455:,1747647672943
counter/8/0/0/0,11550:1747647658082:,1747647672943
counter/7/0/0/0,11138:1747647658475:,1747647672943
counter/8/0/0/0,11551:1747647658082:,1747647672943
counter/7/0/0/0,11139:1747647658475:,1747647672943
counter/8/0/0/0,11552:1747647658082:,1747647672943
counter/7/0/0/0,11140:1747647658475:,1747647672943
counter/7/0/0/0,11141:1747647658475:,1747647672943
counter/7/0/0/0,11142:1747647658475:,1747647672943
counter/7/0/0/0,11143:1747647658475:,1747647672943
counter/7/0/0/0,11144:1747647658475:,1747647672944
counter/7/0/0/0,11145:1747647658475:,1747647672944
counter/7/0/0/0,11146:1747647658475:,1747647672944
counter/7/0/0/0,11147:1747647658475:,1747647672944
counter/7/0/0/0,11148:1747647658475:,1747647672944
counter/7/0/0/0,11149:1747647658475:,1747647672944
counter/5/0/0/0,11343:1747647658154:,1747647672944
counter/7/0/0/0,11150:1747647658475:,1747647672944
counter/5/0/0/0,11344:1747647658154:,1747647672944
counter/7/0/0/0,11151:1747647658476:,1747647672944
counter/5/0/0/0,11345:1747647658154:,1747647672944
counter/7/0/0/0,11152:1747647658488:,1747647672944
counter/7/0/0/0,11153:1747647658506:,1747647672944
counter/7/0/0/0,11154:1747647658506:,1747647672944
counter/7/0/0/0,11155:1747647658506:,1747647672944
counter/7/0/0/0,11156:1747647658506:,1747647672945
counter/7/0/0/0,11157:1747647658506:,1747647672945
counter/7/0/0/0,11158:1747647658506:,1747647672945
counter/9/0/0/0,11901:1747647658486:,1747647672945
counter/2/0/0/0,11149:1747647657708:,1747647672945
counter/2/0/0/0,11150:1747647657713:,1747647672945
counter/2/0/0/0,11151:1747647657713:,1747647672945
counter/2/0/0/0,11152:1747647657713:,1747647672945
counter/10/0/0/0,10729:1747647658391:,1747647672946
counter/8/0/0/0,11553:1747647658082:,1747647672946
counter/8/0/0/0,11554:1747647658084:,1747647672946
counter/8/0/0/0,11555:1747647658084:,1747647672946
counter/3/0/0/0,12059:1747647659509:,1747647672946
counter/7/0/0/0,11159:1747647658506:,1747647672946
counter/3/0/0/0,12060:1747647659509:,1747647672946
counter/7/0/0/0,11160:1747647658509:,1747647672946
counter/7/0/0/0,11161:1747647658509:,1747647672946
counter/10/0/0/0,10730:1747647658406:,1747647672946
counter/7/0/0/0,11162:1747647658509:,1747647672947
counter/7/0/0/0,11163:1747647658510:,1747647672947
counter/7/0/0/0,11164:1747647658510:,1747647672947
counter/7/0/0/0,11165:1747647658516:,1747647672947
counter/7/0/0/0,11166:1747647658516:,1747647672947
counter/7/0/0/0,11167:1747647658516:,1747647672947
counter/5/0/0/0,11346:1747647658154:,1747647672947
counter/5/0/0/0,11347:1747647658154:,1747647672947
counter/5/0/0/0,11348:1747647658154:,1747647672947
counter/5/0/0/0,11349:1747647658154:,1747647672947
counter/5/0/0/0,11350:1747647658154:,1747647672947
counter/5/0/0/0,11351:1747647658154:,1747647672947
counter/5/0/0/0,11352:1747647658154:,1747647672947
counter/9/0/0/0,11902:1747647658489:,1747647672947
counter/3/0/0/0,12061:1747647659509:,1747647672947
counter/2/0/0/0,11153:1747647657713:,1747647672948
counter/2/0/0/0,11154:1747647657713:,1747647672948
counter/2/0/0/0,11155:1747647657713:,1747647672948
counter/2/0/0/0,11156:1747647657713:,1747647672948
counter/2/0/0/0,11157:1747647657713:,1747647672948
counter/2/0/0/0,11158:1747647657714:,1747647672948
counter/2/0/0/0,11159:1747647657714:,1747647672948
counter/2/0/0/0,11160:1747647657714:,1747647672949
counter/5/0/0/0,11353:1747647658154:,1747647672949
counter/5/0/0/0,11354:1747647658154:,1747647672949
counter/6/0/0/0,10904:1747647659002:,1747647672949
counter/6/0/0/0,10905:1747647659002:,1747647672951
counter/4/0/0/0,11597:1747647659859:,1747647672952
counter/4/0/0/0,11598:1747647659859:,1747647672953
counter/5/0/0/0,11355:1747647658176:,1747647672953
counter/5/0/0/0,11356:1747647658178:,1747647672953
counter/5/0/0/0,11357:1747647658178:,1747647672953
counter/3/0/0/0,12062:1747647659509:,1747647672953
counter/1/0/0/0,12344:1747647659435:,1747647672953
counter/10/0/0/0,10731:1747647658406:,1747647672953
counter/1/0/0/0,12345:1747647659436:,1747647672953
counter/6/0/0/0,10906:1747647659002:,1747647672953
counter/5/0/0/0,11358:1747647658178:,1747647672953
counter/5/0/0/0,11359:1747647658178:,1747647672953
counter/5/0/0/0,11360:1747647658178:,1747647672953
counter/5/0/0/0,11361:1747647658185:,1747647672953
counter/5/0/0/0,11362:1747647658185:,1747647672953
counter/10/0/0/0,10732:1747647658406:,1747647672953
counter/5/0/0/0,11363:1747647658185:,1747647672954
counter/5/0/0/0,11364:1747647658185:,1747647672954
counter/9/0/0/0,11903:1747647658489:,1747647672954
counter/8/0/0/0,11556:1747647658084:,1747647672954
counter/8/0/0/0,11557:1747647658084:,1747647672954
counter/8/0/0/0,11558:1747647658084:,1747647672954
counter/2/0/0/0,11161:1747647657714:,1747647672954
counter/8/0/0/0,11559:1747647658084:,1747647672954
counter/3/0/0/0,12063:1747647659509:,1747647672955
counter/8/0/0/0,11560:1747647658084:,1747647672955
counter/8/0/0/0,11561:1747647658084:,1747647672955
counter/8/0/0/0,11562:1747647658084:,1747647672955
counter/8/0/0/0,11563:1747647658084:,1747647672955
counter/8/0/0/0,11564:1747647658085:,1747647672955
counter/8/0/0/0,11565:1747647658085:,1747647672955
counter/8/0/0/0,11566:1747647658086:,1747647672955
counter/8/0/0/0,11567:1747647658086:,1747647672955
counter/8/0/0/0,11568:1747647658086:,1747647672955
counter/8/0/0/0,11569:1747647658086:,1747647672955
counter/8/0/0/0,11570:1747647658086:,1747647672955
counter/8/0/0/0,11571:1747647658086:,1747647672955
counter/8/0/0/0,11572:1747647658086:,1747647672955
counter/8/0/0/0,11573:1747647658086:,1747647672955
counter/8/0/0/0,11574:1747647658086:,1747647672955
counter/8/0/0/0,11575:1747647658086:,1747647672955
counter/8/0/0/0,11576:1747647658086:,1747647672955
counter/8/0/0/0,11577:1747647658086:,1747647672955
counter/8/0/0/0,11578:1747647658086:,1747647672955
counter/8/0/0/0,11579:1747647658096:,1747647672956
counter/8/0/0/0,11580:1747647658096:,1747647672956
counter/8/0/0/0,11581:1747647658096:,1747647672956
counter/8/0/0/0,11582:1747647658096:,1747647672956
counter/8/0/0/0,11583:1747647658096:,1747647672956
counter/8/0/0/0,11584:1747647658096:,1747647672956
counter/7/0/0/0,11168:1747647658516:,1747647672956
counter/3/0/0/0,12064:1747647659509:,1747647672956
counter/9/0/0/0,11904:1747647658489:,1747647672956
counter/3/0/0/0,12065:1747647659509:,1747647672958
counter/7/0/0/0,11169:1747647658516:,1747647672958
counter/3/0/0/0,12066:1747647659509:,1747647672958
counter/2/0/0/0,11162:1747647657717:,1747647672958
counter/3/0/0/0,12067:1747647659509:,1747647672958
counter/3/0/0/0,12068:1747647659509:,1747647672958
counter/3/0/0/0,12069:1747647659509:,1747647672958
counter/3/0/0/0,12070:1747647659509:,1747647672958
counter/10/0/0/0,10733:1747647658406:,1747647672959
counter/10/0/0/0,10734:1747647658406:,1747647672959
counter/10/0/0/0,10735:1747647658406:,1747647672959
counter/10/0/0/0,10736:1747647658406:,1747647672959
counter/2/0/0/0,11163:1747647657718:,1747647672959
counter/10/0/0/0,10737:1747647658406:,1747647672959
counter/10/0/0/0,10738:1747647658408:,1747647672959
counter/1/0/0/0,12346:1747647659436:,1747647672960
counter/10/0/0/0,10739:1747647658409:,1747647672960
counter/2/0/0/0,11164:1747647657718:,1747647672961
counter/7/0/0/0,11170:1747647658516:,1747647672961
counter/8/0/0/0,11585:1747647658096:,1747647672961
counter/6/0/0/0,10907:1747647659002:,1747647672961
counter/9/0/0/0,11905:1747647658489:,1747647672965
counter/10/0/0/0,10740:1747647658418:,1747647672965
counter/10/0/0/0,10741:1747647658419:,1747647672965
counter/10/0/0/0,10742:1747647658419:,1747647672965
counter/10/0/0/0,10743:1747647658419:,1747647672965
counter/10/0/0/0,10744:1747647658419:,1747647672965
counter/10/0/0/0,10745:1747647658419:,1747647672965
counter/10/0/0/0,10746:1747647658419:,1747647672965
counter/10/0/0/0,10747:1747647658419:,1747647672965
counter/7/0/0/0,11171:1747647658516:,1747647672965
counter/7/0/0/0,11172:1747647658517:,1747647672965
counter/7/0/0/0,11173:1747647658518:,1747647672965
counter/7/0/0/0,11174:1747647658518:,1747647672965
counter/5/0/0/0,11365:1747647658185:,1747647672965
counter/1/0/0/0,12347:1747647659436:,1747647672965
counter/3/0/0/0,12071:1747647659509:,1747647672966
counter/3/0/0/0,12072:1747647659510:,1747647672966
counter/6/0/0/0,10908:1747647659007:,1747647672966
counter/3/0/0/0,12073:1747647659510:,1747647672966
counter/5/0/0/0,11366:1747647658185:,1747647672966
counter/1/0/0/0,12348:1747647659436:,1747647672967
counter/5/0/0/0,11367:1747647658193:,1747647672967
counter/6/0/0/0,10909:1747647659007:,1747647672967
counter/6/0/0/0,10910:1747647659007:,1747647672967
counter/6/0/0/0,10911:1747647659007:,1747647672967
counter/6/0/0/0,10912:1747647659007:,1747647672967
counter/6/0/0/0,10913:1747647659007:,1747647672967
counter/6/0/0/0,10914:1747647659007:,1747647672967
counter/6/0/0/0,10915:1747647659007:,1747647672967
counter/6/0/0/0,10916:1747647659007:,1747647672967
counter/6/0/0/0,10917:1747647659010:,1747647672967
counter/6/0/0/0,10918:1747647659010:,1747647672967
counter/3/0/0/0,12074:1747647659510:,1747647672968
counter/3/0/0/0,12075:1747647659510:,1747647672968
counter/2/0/0/0,11165:1747647657718:,1747647672968
counter/6/0/0/0,10919:1747647659010:,1747647672968
counter/2/0/0/0,11166:1747647657718:,1747647672968
counter/2/0/0/0,11167:1747647657718:,1747647672968
counter/7/0/0/0,11175:1747647658518:,1747647672968
counter/8/0/0/0,11586:1747647658097:,1747647672968
counter/1/0/0/0,12349:1747647659436:,1747647672968
counter/10/0/0/0,10748:1747647658419:,1747647672968
counter/10/0/0/0,10749:1747647658419:,1747647672968
counter/10/0/0/0,10750:1747647658419:,1747647672968
counter/10/0/0/0,10751:1747647658419:,1747647672968
counter/10/0/0/0,10752:1747647658419:,1747647672969
counter/10/0/0/0,10753:1747647658419:,1747647672969
counter/10/0/0/0,10754:1747647658419:,1747647672969
counter/6/0/0/0,10920:1747647659010:,1747647672969
counter/6/0/0/0,10921:1747647659010:,1747647672969
counter/6/0/0/0,10922:1747647659010:,1747647672969
counter/6/0/0/0,10923:1747647659010:,1747647672969
counter/3/0/0/0,12076:1747647659510:,1747647672969
counter/10/0/0/0,10755:1747647658426:,1747647672969
counter/3/0/0/0,12077:1747647659510:,1747647672970
counter/3/0/0/0,12078:1747647659510:,1747647672970
counter/3/0/0/0,12079:1747647659510:,1747647672970
counter/3/0/0/0,12080:1747647659510:,1747647672970
counter/3/0/0/0,12081:1747647659510:,1747647672970
counter/3/0/0/0,12082:1747647659510:,1747647672970
counter/3/0/0/0,12083:1747647659510:,1747647672970
counter/3/0/0/0,12084:1747647659510:,1747647672970
counter/7/0/0/0,11176:1747647658518:,1747647672970
counter/7/0/0/0,11177:1747647658518:,1747647672970
counter/7/0/0/0,11178:1747647658518:,1747647672970
counter/7/0/0/0,11179:1747647658522:,1747647672970
counter/7/0/0/0,11180:1747647658522:,1747647672971
counter/7/0/0/0,11181:1747647658522:,1747647672971
counter/7/0/0/0,11182:1747647658522:,1747647672971
counter/7/0/0/0,11183:1747647658522:,1747647672971
counter/7/0/0/0,11184:1747647658522:,1747647672971
counter/7/0/0/0,11185:1747647658522:,1747647672971
counter/7/0/0/0,11186:1747647658522:,1747647672971
counter/1/0/0/0,12350:1747647659436:,1747647672971
counter/10/0/0/0,10756:1747647658426:,1747647672971
counter/3/0/0/0,12085:1747647659510:,1747647672971
counter/3/0/0/0,12086:1747647659510:,1747647672971
counter/3/0/0/0,12087:1747647659510:,1747647672971
counter/3/0/0/0,12088:1747647659510:,1747647672971
counter/3/0/0/0,12089:1747647659510:,1747647672971
counter/3/0/0/0,12090:1747647659510:,1747647672971
counter/7/0/0/0,11187:1747647658522:,1747647672972
counter/10/0/0/0,10757:1747647658426:,1747647672973
counter/6/0/0/0,10924:1747647659010:,1747647672973
counter/2/0/0/0,11168:1747647657718:,1747647672974
counter/4/0/0/0,11599:1747647659859:,1747647672974
counter/2/0/0/0,11169:1747647657718:,1747647672975
counter/10/0/0/0,10758:1747647658426:,1747647672975
counter/8/0/0/0,11587:1747647658097:,1747647672976
counter/8/0/0/0,11588:1747647658097:,1747647672978
counter/1/0/0/0,12351:1747647659436:,1747647672978
counter/6/0/0/0,10925:1747647659010:,1747647672978
counter/3/0/0/0,12091:1747647659510:,1747647672979
counter/3/0/0/0,12092:1747647659510:,1747647672979
counter/3/0/0/0,12093:1747647659510:,1747647672979
counter/3/0/0/0,12094:1747647659510:,1747647672979
counter/3/0/0/0,12095:1747647659510:,1747647672979
counter/3/0/0/0,12096:1747647659510:,1747647672979
counter/3/0/0/0,12097:1747647659513:,1747647672979
counter/3/0/0/0,12098:1747647659513:,1747647672979
counter/3/0/0/0,12099:1747647659513:,1747647672979
counter/3/0/0/0,12100:1747647659514:,1747647672980
counter/8/0/0/0,11589:1747647658100:,1747647672980
counter/8/0/0/0,11590:1747647658100:,1747647672980
counter/8/0/0/0,11591:1747647658100:,1747647672980
counter/1/0/0/0,12352:1747647659436:,1747647672980
counter/6/0/0/0,10926:1747647659010:,1747647672980
counter/6/0/0/0,10927:1747647659010:,1747647672980
counter/6/0/0/0,10928:1747647659010:,1747647672980
counter/6/0/0/0,10929:1747647659012:,1747647672981
counter/6/0/0/0,10930:1747647659012:,1747647672981
counter/6/0/0/0,10931:1747647659012:,1747647672981
counter/6/0/0/0,10932:1747647659021:,1747647672981
counter/6/0/0/0,10933:1747647659024:,1747647672981
counter/6/0/0/0,10934:1747647659024:,1747647672981
counter/4/0/0/0,11600:1747647659859:,1747647672981
counter/4/0/0/0,11601:1747647659859:,1747647672982
counter/4/0/0/0,11602:1747647659859:,1747647672982
counter/4/0/0/0,11603:1747647659859:,1747647672982
counter/4/0/0/0,11604:1747647659859:,1747647672982
counter/4/0/0/0,11605:1747647659859:,1747647672982
counter/4/0/0/0,11606:1747647659859:,1747647672982
counter/4/0/0/0,11607:1747647659859:,1747647672982
counter/4/0/0/0,11608:1747647659859:,1747647672982
counter/5/0/0/0,11368:1747647658195:,1747647672983
counter/2/0/0/0,11170:1747647657718:,1747647672983
counter/6/0/0/0,10935:1747647659024:,1747647672984
counter/1/0/0/0,12353:1747647659436:,1747647672984
counter/4/0/0/0,11609:1747647659859:,1747647672985
counter/4/0/0/0,11610:1747647659859:,1747647672985
counter/4/0/0/0,11611:1747647659859:,1747647672985
counter/4/0/0/0,11612:1747647659859:,1747647672985
counter/4/0/0/0,11613:1747647659859:,1747647672985
counter/4/0/0/0,11614:1747647659859:,1747647672985
counter/4/0/0/0,11615:1747647659859:,1747647672985
counter/4/0/0/0,11616:1747647659859:,1747647672985
counter/4/0/0/0,11617:1747647659859:,1747647672985
counter/4/0/0/0,11618:1747647659859:,1747647672985
counter/4/0/0/0,11619:1747647659859:,1747647672985
counter/10/0/0/0,10759:1747647658426:,1747647672985
counter/4/0/0/0,11620:1747647659859:,1747647672985
counter/3/0/0/0,12101:1747647659520:,1747647672986
counter/3/0/0/0,12102:1747647659520:,1747647672986
counter/4/0/0/0,11621:1747647659859:,1747647672986
counter/3/0/0/0,12103:1747647659520:,1747647672986
counter/3/0/0/0,12104:1747647659520:,1747647672986
counter/3/0/0/0,12105:1747647659520:,1747647672986
counter/3/0/0/0,12106:1747647659520:,1747647672986
counter/3/0/0/0,12107:1747647659520:,1747647672986
counter/3/0/0/0,12108:1747647659520:,1747647672987
counter/9/0/0/0,11906:1747647658489:,1747647672987
counter/8/0/0/0,11592:1747647658100:,1747647672987
counter/9/0/0/0,11907:1747647658489:,1747647672988
counter/9/0/0/0,11908:1747647658489:,1747647672988
counter/9/0/0/0,11909:1747647658489:,1747647672988
counter/9/0/0/0,11910:1747647658490:,1747647672988
counter/9/0/0/0,11911:1747647658490:,1747647672988
counter/9/0/0/0,11912:1747647658514:,1747647672988
counter/9/0/0/0,11913:1747647658514:,1747647672988
counter/9/0/0/0,11914:1747647658514:,1747647672988
counter/9/0/0/0,11915:1747647658514:,1747647672988
counter/9/0/0/0,11916:1747647658514:,1747647672988
counter/7/0/0/0,11188:1747647658522:,1747647672988
counter/5/0/0/0,11369:1747647658195:,1747647672988
counter/7/0/0/0,11189:1747647658524:,1747647672988
counter/5/0/0/0,11370:1747647658196:,1747647672989
counter/7/0/0/0,11190:1747647658524:,1747647672989
counter/5/0/0/0,11371:1747647658196:,1747647672989
counter/1/0/0/0,12354:1747647659436:,1747647672990
counter/3/0/0/0,12109:1747647659520:,1747647672990
counter/3/0/0/0,12110:1747647659520:,1747647672991
counter/3/0/0/0,12111:1747647659520:,1747647672991
counter/8/0/0/0,11593:1747647658100:,1747647672993
counter/1/0/0/0,12355:1747647659437:,1747647672994
counter/1/0/0/0,12356:1747647659437:,1747647672995
counter/7/0/0/0,11191:1747647658524:,1747647672995
counter/7/0/0/0,11192:1747647658527:,1747647672995
counter/7/0/0/0,11193:1747647658527:,1747647672995
counter/7/0/0/0,11194:1747647658527:,1747647672995
counter/7/0/0/0,11195:1747647658527:,1747647672995
counter/5/0/0/0,11372:1747647658196:,1747647672995
counter/5/0/0/0,11373:1747647658196:,1747647672995
counter/1/0/0/0,12357:1747647659437:,1747647672996
counter/1/0/0/0,12358:1747647659437:,1747647672996
counter/1/0/0/0,12359:1747647659437:,1747647672996
counter/1/0/0/0,12360:1747647659437:,1747647672996
counter/1/0/0/0,12361:1747647659437:,1747647672996
counter/1/0/0/0,12362:1747647659441:,1747647672996
counter/1/0/0/0,12363:1747647659444:,1747647672996
counter/1/0/0/0,12364:1747647659444:,1747647672997
counter/1/0/0/0,12365:1747647659444:,1747647672997
counter/1/0/0/0,12366:1747647659444:,1747647672997
counter/1/0/0/0,12367:1747647659444:,1747647672997
counter/1/0/0/0,12368:1747647659444:,1747647672997
counter/1/0/0/0,12369:1747647659444:,1747647672997
counter/1/0/0/0,12370:1747647659453:,1747647672997
counter/4/0/0/0,11622:1747647659859:,1747647672997
counter/10/0/0/0,10760:1747647658426:,1747647672997
counter/10/0/0/0,10761:1747647658426:,1747647672997
counter/10/0/0/0,10762:1747647658426:,1747647672997
counter/10/0/0/0,10763:1747647658426:,1747647672998
counter/10/0/0/0,10764:1747647658426:,1747647672998
counter/10/0/0/0,10765:1747647658426:,1747647672998
counter/10/0/0/0,10766:1747647658427:,1747647672998
counter/10/0/0/0,10767:1747647658427:,1747647672998
counter/10/0/0/0,10768:1747647658437:,1747647672998
counter/10/0/0/0,10769:1747647658437:,1747647672998
counter/10/0/0/0,10770:1747647658437:,1747647672998
counter/10/0/0/0,10771:1747647658437:,1747647672998
counter/10/0/0/0,10772:1747647658437:,1747647672998
counter/2/0/0/0,11171:1747647657718:,1747647672998
counter/3/0/0/0,12112:1747647659520:,1747647672998
counter/2/0/0/0,11172:1747647657718:,1747647672998
counter/5/0/0/0,11374:1747647658196:,1747647672998
counter/2/0/0/0,11173:1747647657718:,1747647672998
counter/2/0/0/0,11174:1747647657718:,1747647672998
counter/2/0/0/0,11175:1747647657723:,1747647672998
counter/2/0/0/0,11176:1747647657729:,1747647672998
counter/2/0/0/0,11177:1747647657729:,1747647672998
counter/2/0/0/0,11178:1747647657729:,1747647672998
counter/2/0/0/0,11179:1747647657729:,1747647672998
counter/4/0/0/0,11623:1747647659859:,1747647672998
counter/8/0/0/0,11594:1747647658100:,1747647672999
counter/8/0/0/0,11595:1747647658100:,1747647672999
counter/8/0/0/0,11596:1747647658100:,1747647672999
counter/8/0/0/0,11597:1747647658100:,1747647672999
counter/6/0/0/0,10936:1747647659024:,1747647673000
counter/6/0/0/0,10937:1747647659024:,1747647673000
counter/6/0/0/0,10938:1747647659024:,1747647673000
counter/6/0/0/0,10939:1747647659024:,1747647673000
counter/6/0/0/0,10940:1747647659024:,1747647673000
counter/6/0/0/0,10941:1747647659024:,1747647673000
counter/6/0/0/0,10942:1747647659024:,1747647673000
counter/6/0/0/0,10943:1747647659024:,1747647673000
counter/6/0/0/0,10944:1747647659025:,1747647673000
counter/6/0/0/0,10945:1747647659025:,1747647673000
counter/6/0/0/0,10946:1747647659025:,1747647673000
counter/10/0/0/0,10773:1747647658437:,1747647673000
counter/4/0/0/0,11624:1747647659859:,1747647673000
counter/9/0/0/0,11917:1747647658514:,1747647673000
counter/5/0/0/0,11375:1747647658196:,1747647673000
counter/5/0/0/0,11376:1747647658196:,1747647673000
counter/9/0/0/0,11918:1747647658514:,1747647673000
counter/8/0/0/0,11598:1747647658107:,1747647673002
counter/6/0/0/0,10947:1747647659025:,1747647673002
counter/2/0/0/0,11180:1747647657729:,1747647673003
counter/2/0/0/0,11181:1747647657729:,1747647673003
counter/2/0/0/0,11182:1747647657729:,1747647673004
counter/2/0/0/0,11183:1747647657742:,1747647673004
counter/2/0/0/0,11184:1747647657742:,1747647673004
counter/2/0/0/0,11185:1747647657742:,1747647673004
counter/10/0/0/0,10774:1747647658437:,1747647673004
counter/6/0/0/0,10948:1747647659025:,1747647673004
counter/2/0/0/0,11186:1747647657742:,1747647673004
counter/6/0/0/0,10949:1747647659025:,1747647673006
counter/6/0/0/0,10950:1747647659028:,1747647673008
counter/2/0/0/0,11187:1747647657742:,1747647673008
counter/2/0/0/0,11188:1747647657742:,1747647673008
counter/2/0/0/0,11189:1747647657742:,1747647673008
counter/2/0/0/0,11190:1747647657742:,1747647673008
counter/2/0/0/0,11191:1747647657742:,1747647673008
counter/2/0/0/0,11192:1747647657742:,1747647673008
counter/2/0/0/0,11193:1747647657742:,1747647673008
counter/2/0/0/0,11194:1747647657742:,1747647673008
counter/2/0/0/0,11195:1747647657742:,1747647673008
counter/2/0/0/0,11196:1747647657742:,1747647673008
counter/3/0/0/0,12113:1747647659520:,1747647673011
counter/3/0/0/0,12114:1747647659521:,1747647673011
counter/3/0/0/0,12115:1747647659521:,1747647673011
counter/3/0/0/0,12116:1747647659521:,1747647673011
counter/1/0/0/0,12371:1747647659453:,1747647673012
counter/1/0/0/0,12372:1747647659454:,1747647673012
counter/1/0/0/0,12373:1747647659454:,1747647673012
counter/1/0/0/0,12374:1747647659454:,1747647673012
counter/1/0/0/0,12375:1747647659460:,1747647673012
counter/1/0/0/0,12376:1747647659461:,1747647673012
counter/1/0/0/0,12377:1747647659461:,1747647673012
counter/1/0/0/0,12378:1747647659461:,1747647673012
counter/1/0/0/0,12379:1747647659461:,1747647673012
counter/1/0/0/0,12380:1747647659461:,1747647673012
counter/1/0/0/0,12381:1747647659461:,1747647673012
counter/1/0/0/0,12382:1747647659461:,1747647673012
counter/1/0/0/0,12383:1747647659461:,1747647673012
counter/7/0/0/0,11196:1747647658528:,1747647673012
counter/7/0/0/0,11197:1747647658529:,1747647673013
counter/6/0/0/0,10951:1747647659028:,1747647673013
counter/6/0/0/0,10952:1747647659028:,1747647673013
counter/5/0/0/0,11377:1747647658196:,1747647673013
counter/7/0/0/0,11198:1747647658546:,1747647673013
counter/7/0/0/0,11199:1747647658546:,1747647673013
counter/7/0/0/0,11200:1747647658546:,1747647673013
counter/7/0/0/0,11201:1747647658557:,1747647673013
counter/7/0/0/0,11202:1747647658557:,1747647673014
counter/7/0/0/0,11203:1747647658557:,1747647673014
counter/7/0/0/0,11204:1747647658557:,1747647673014
counter/7/0/0/0,11205:1747647658561:,1747647673014
counter/7/0/0/0,11206:1747647658561:,1747647673014
counter/2/0/0/0,11197:1747647657742:,1747647673014
counter/2/0/0/0,11198:1747647657742:,1747647673014
counter/2/0/0/0,11199:1747647657742:,1747647673014
counter/2/0/0/0,11200:1747647657743:,1747647673015
counter/2/0/0/0,11201:1747647657743:,1747647673015
counter/2/0/0/0,11202:1747647657743:,1747647673015
counter/2/0/0/0,11203:1747647657743:,1747647673015
counter/2/0/0/0,11204:1747647657761:,1747647673015
counter/2/0/0/0,11205:1747647657761:,1747647673015
counter/2/0/0/0,11206:1747647657762:,1747647673015
counter/5/0/0/0,11378:1747647658196:,1747647673015
counter/5/0/0/0,11379:1747647658196:,1747647673015
counter/5/0/0/0,11380:1747647658196:,1747647673015
counter/6/0/0/0,10953:1747647659028:,1747647673015
counter/8/0/0/0,11599:1747647658107:,1747647673015
counter/8/0/0/0,11600:1747647658107:,1747647673015
counter/8/0/0/0,11601:1747647658107:,1747647673015
counter/8/0/0/0,11602:1747647658107:,1747647673015
counter/8/0/0/0,11603:1747647658107:,1747647673016
counter/8/0/0/0,11604:1747647658107:,1747647673016
counter/8/0/0/0,11605:1747647658107:,1747647673016
counter/8/0/0/0,11606:1747647658107:,1747647673016
counter/8/0/0/0,11607:1747647658107:,1747647673016
counter/8/0/0/0,11608:1747647658107:,1747647673016
counter/8/0/0/0,11609:1747647658107:,1747647673016
counter/8/0/0/0,11610:1747647658107:,1747647673016
counter/8/0/0/0,11611:1747647658111:,1747647673016
counter/10/0/0/0,10775:1747647658437:,1747647673016
counter/10/0/0/0,10776:1747647658437:,1747647673016
counter/10/0/0/0,10777:1747647658437:,1747647673016
counter/5/0/0/0,11381:1747647658196:,1747647673016
counter/10/0/0/0,10778:1747647658437:,1747647673016
counter/5/0/0/0,11382:1747647658196:,1747647673017
counter/10/0/0/0,10779:1747647658437:,1747647673017
counter/8/0/0/0,11612:1747647658111:,1747647673018
counter/8/0/0/0,11613:1747647658111:,1747647673018
counter/8/0/0/0,11614:1747647658111:,1747647673018
counter/8/0/0/0,11615:1747647658128:,1747647673019
counter/1/0/0/0,12384:1747647659461:,1747647673019
counter/1/0/0/0,12385:1747647659461:,1747647673019
counter/1/0/0/0,12386:1747647659461:,1747647673019
counter/1/0/0/0,12387:1747647659461:,1747647673019
counter/1/0/0/0,12388:1747647659461:,1747647673019
counter/1/0/0/0,12389:1747647659461:,1747647673019
counter/1/0/0/0,12390:1747647659462:,1747647673019
counter/1/0/0/0,12391:1747647659474:,1747647673019
counter/1/0/0/0,12392:1747647659474:,1747647673019
counter/1/0/0/0,12393:1747647659474:,1747647673019
counter/9/0/0/0,11919:1747647658514:,1747647673019
counter/1/0/0/0,12394:1747647659474:,1747647673019
counter/9/0/0/0,11920:1747647658514:,1747647673019
counter/9/0/0/0,11921:1747647658514:,1747647673019
counter/9/0/0/0,11922:1747647658514:,1747647673019
counter/9/0/0/0,11923:1747647658515:,1747647673019
counter/5/0/0/0,11383:1747647658203:,1747647673020
counter/7/0/0/0,11207:1747647658561:,1747647673020
counter/7/0/0/0,11208:1747647658561:,1747647673020
counter/7/0/0/0,11209:1747647658561:,1747647673020
counter/7/0/0/0,11210:1747647658561:,1747647673020
counter/7/0/0/0,11211:1747647658561:,1747647673020
counter/7/0/0/0,11212:1747647658561:,1747647673020
counter/7/0/0/0,11213:1747647658561:,1747647673020
counter/10/0/0/0,10780:1747647658437:,1747647673020
counter/1/0/0/0,12395:1747647659474:,1747647673021
counter/1/0/0/0,12396:1747647659474:,1747647673021
counter/7/0/0/0,11214:1747647658561:,1747647673021
counter/7/0/0/0,11215:1747647658561:,1747647673021
counter/7/0/0/0,11216:1747647658561:,1747647673021
counter/7/0/0/0,11217:1747647658571:,1747647673021
counter/7/0/0/0,11218:1747647658571:,1747647673021
counter/7/0/0/0,11219:1747647658571:,1747647673021
counter/7/0/0/0,11220:1747647658574:,1747647673021
counter/7/0/0/0,11221:1747647658574:,1747647673021
counter/6/0/0/0,10954:1747647659033:,1747647673021
counter/6/0/0/0,10955:1747647659033:,1747647673021
counter/6/0/0/0,10956:1747647659034:,1747647673021
counter/6/0/0/0,10957:1747647659034:,1747647673021
counter/6/0/0/0,10958:1747647659034:,1747647673021
counter/6/0/0/0,10959:1747647659034:,1747647673021
counter/6/0/0/0,10960:1747647659034:,1747647673021
counter/6/0/0/0,10961:1747647659034:,1747647673021
counter/6/0/0/0,10962:1747647659034:,1747647673021
counter/6/0/0/0,10963:1747647659034:,1747647673021
counter/6/0/0/0,10964:1747647659034:,1747647673021
counter/6/0/0/0,10965:1747647659034:,1747647673021
counter/7/0/0/0,11222:1747647658574:,1747647673022
counter/3/0/0/0,12117:1747647659521:,1747647673022
counter/3/0/0/0,12118:1747647659521:,1747647673022
counter/3/0/0/0,12119:1747647659521:,1747647673022
counter/3/0/0/0,12120:1747647659521:,1747647673022
counter/3/0/0/0,12121:1747647659521:,1747647673022
counter/3/0/0/0,12122:1747647659523:,1747647673022
counter/8/0/0/0,11616:1747647658132:,1747647673022
counter/3/0/0/0,12123:1747647659527:,1747647673023
counter/8/0/0/0,11617:1747647658132:,1747647673023
counter/8/0/0/0,11618:1747647658132:,1747647673023
counter/8/0/0/0,11619:1747647658133:,1747647673023
counter/8/0/0/0,11620:1747647658133:,1747647673023
counter/8/0/0/0,11621:1747647658133:,1747647673023
counter/7/0/0/0,11223:1747647658574:,1747647673023
counter/10/0/0/0,10781:1747647658437:,1747647673023
counter/3/0/0/0,12124:1747647659527:,1747647673023
counter/10/0/0/0,10782:1747647658448:,1747647673023
counter/10/0/0/0,10783:1747647658448:,1747647673023
counter/10/0/0/0,10784:1747647658448:,1747647673023
counter/10/0/0/0,10785:1747647658448:,1747647673023
counter/7/0/0/0,11224:1747647658574:,1747647673023
counter/8/0/0/0,11622:1747647658133:,1747647673024
counter/7/0/0/0,11225:1747647658574:,1747647673024
counter/8/0/0/0,11623:1747647658133:,1747647673024
counter/8/0/0/0,11624:1747647658133:,1747647673024
counter/8/0/0/0,11625:1747647658133:,1747647673024
counter/8/0/0/0,11626:1747647658133:,1747647673024
counter/8/0/0/0,11627:1747647658133:,1747647673024
counter/8/0/0/0,11628:1747647658136:,1747647673024
counter/8/0/0/0,11629:1747647658136:,1747647673024
counter/8/0/0/0,11630:1747647658136:,1747647673025
counter/8/0/0/0,11631:1747647658136:,1747647673025
counter/8/0/0/0,11632:1747647658136:,1747647673025
counter/1/0/0/0,12397:1747647659474:,1747647673026
counter/1/0/0/0,12398:1747647659474:,1747647673026
counter/10/0/0/0,10786:1747647658448:,1747647673026
counter/1/0/0/0,12399:1747647659483:,1747647673026
counter/1/0/0/0,12400:1747647659483:,1747647673026
counter/8/0/0/0,11633:1747647658136:,1747647673026
counter/4/0/0/0,11625:1747647659859:,1747647673027
counter/8/0/0/0,11634:1747647658136:,1747647673027
counter/7/0/0/0,11226:1747647658574:,1747647673027
counter/7/0/0/0,11227:1747647658574:,1747647673027
counter/9/0/0/0,11924:1747647658515:,1747647673027
counter/10/0/0/0,10787:1747647658448:,1747647673029
counter/10/0/0/0,10788:1747647658448:,1747647673029
counter/10/0/0/0,10789:1747647658448:,1747647673029
counter/10/0/0/0,10790:1747647658448:,1747647673029
counter/10/0/0/0,10791:1747647658448:,1747647673029
counter/1/0/0/0,12401:1747647659483:,1747647673029
counter/10/0/0/0,10792:1747647658448:,1747647673029
counter/10/0/0/0,10793:1747647658448:,1747647673029
counter/10/0/0/0,10794:1747647658448:,1747647673029
counter/3/0/0/0,12125:1747647659527:,1747647673029
counter/3/0/0/0,12126:1747647659527:,1747647673029
counter/3/0/0/0,12127:1747647659527:,1747647673029
counter/3/0/0/0,12128:1747647659528:,1747647673029
counter/3/0/0/0,12129:1747647659528:,1747647673029
counter/3/0/0/0,12130:1747647659528:,1747647673029
counter/3/0/0/0,12131:1747647659528:,1747647673029
counter/3/0/0/0,12132:1747647659528:,1747647673029
counter/10/0/0/0,10795:1747647658449:,1747647673030
counter/8/0/0/0,11635:1747647658136:,1747647673030
counter/8/0/0/0,11636:1747647658136:,1747647673030
counter/8/0/0/0,11637:1747647658136:,1747647673030
counter/8/0/0/0,11638:1747647658136:,1747647673030
counter/8/0/0/0,11639:1747647658136:,1747647673030
counter/8/0/0/0,11640:1747647658136:,1747647673031
counter/8/0/0/0,11641:1747647658152:,1747647673031
counter/8/0/0/0,11642:1747647658153:,1747647673031
counter/8/0/0/0,11643:1747647658153:,1747647673031
counter/3/0/0/0,12133:1747647659528:,1747647673032
counter/8/0/0/0,11644:1747647658153:,1747647673032
counter/8/0/0/0,11645:1747647658153:,1747647673032
counter/8/0/0/0,11646:1747647658153:,1747647673032
counter/8/0/0/0,11647:1747647658153:,1747647673032
counter/8/0/0/0,11648:1747647658153:,1747647673032
counter/8/0/0/0,11649:1747647658153:,1747647673032
counter/8/0/0/0,11650:1747647658157:,1747647673032
counter/8/0/0/0,11651:1747647658157:,1747647673032
counter/1/0/0/0,12402:1747647659483:,1747647673032
counter/5/0/0/0,11384:1747647658203:,1747647673032
counter/4/0/0/0,11626:1747647659859:,1747647673032
counter/7/0/0/0,11228:1747647658574:,1747647673032
counter/4/0/0/0,11627:1747647659859:,1747647673032
counter/7/0/0/0,11229:1747647658574:,1747647673032
counter/9/0/0/0,11925:1747647658515:,1747647673033
counter/1/0/0/0,12403:1747647659483:,1747647673034
counter/8/0/0/0,11652:1747647658157:,1747647673035
counter/5/0/0/0,11385:1747647658203:,1747647673035
counter/7/0/0/0,11230:1747647658574:,1747647673035
counter/7/0/0/0,11231:1747647658574:,1747647673035
counter/7/0/0/0,11232:1747647658574:,1747647673035
counter/7/0/0/0,11233:1747647658574:,1747647673035
counter/7/0/0/0,11234:1747647658574:,1747647673035
counter/7/0/0/0,11235:1747647658574:,1747647673035
counter/7/0/0/0,11236:1747647658574:,1747647673035
counter/7/0/0/0,11237:1747647658574:,1747647673036
counter/7/0/0/0,11238:1747647658574:,1747647673036
counter/7/0/0/0,11239:1747647658574:,1747647673036
counter/7/0/0/0,11240:1747647658574:,1747647673036
counter/7/0/0/0,11241:1747647658574:,1747647673036
counter/7/0/0/0,11242:1747647658574:,1747647673036
counter/7/0/0/0,11243:1747647658575:,1747647673036
counter/7/0/0/0,11244:1747647658575:,1747647673036
counter/7/0/0/0,11245:1747647658582:,1747647673036
counter/9/0/0/0,11926:1747647658516:,1747647673036
counter/3/0/0/0,12134:1747647659528:,1747647673036
counter/3/0/0/0,12135:1747647659528:,1747647673036
counter/3/0/0/0,12136:1747647659528:,1747647673036
counter/3/0/0/0,12137:1747647659528:,1747647673037
counter/3/0/0/0,12138:1747647659528:,1747647673037
counter/3/0/0/0,12139:1747647659528:,1747647673037
counter/3/0/0/0,12140:1747647659528:,1747647673037
counter/10/0/0/0,10796:1747647658449:,1747647673037
counter/3/0/0/0,12141:1747647659528:,1747647673037
counter/3/0/0/0,12142:1747647659528:,1747647673037
counter/10/0/0/0,10797:1747647658453:,1747647673037
counter/3/0/0/0,12143:1747647659528:,1747647673037
counter/3/0/0/0,12144:1747647659528:,1747647673037
counter/9/0/0/0,11927:1747647658516:,1747647673039
counter/9/0/0/0,11928:1747647658517:,1747647673039
counter/8/0/0/0,11653:1747647658157:,1747647673039
counter/6/0/0/0,10966:1747647659034:,1747647673040
counter/6/0/0/0,10967:1747647659034:,1747647673040
counter/6/0/0/0,10968:1747647659034:,1747647673041
counter/6/0/0/0,10969:1747647659034:,1747647673041
counter/6/0/0/0,10970:1747647659034:,1747647673041
counter/6/0/0/0,10971:1747647659034:,1747647673041
counter/6/0/0/0,10972:1747647659050:,1747647673041
counter/6/0/0/0,10973:1747647659050:,1747647673041
counter/6/0/0/0,10974:1747647659050:,1747647673041
counter/6/0/0/0,10975:1747647659050:,1747647673041
counter/5/0/0/0,11386:1747647658203:,1747647673041
counter/6/0/0/0,10976:1747647659051:,1747647673041
counter/2/0/0/0,11207:1747647657762:,1747647673041
counter/10/0/0/0,10798:1747647658453:,1747647673041
counter/4/0/0/0,11628:1747647659860:,1747647673041
counter/1/0/0/0,12404:1747647659483:,1747647673042
counter/1/0/0/0,12405:1747647659483:,1747647673042
counter/1/0/0/0,12406:1747647659483:,1747647673042
counter/8/0/0/0,11654:1747647658157:,1747647673042
counter/8/0/0/0,11655:1747647658158:,1747647673042
counter/8/0/0/0,11656:1747647658158:,1747647673042
counter/8/0/0/0,11657:1747647658158:,1747647673042
counter/8/0/0/0,11658:1747647658158:,1747647673042
counter/8/0/0/0,11659:1747647658158:,1747647673042
counter/8/0/0/0,11660:1747647658158:,1747647673042
counter/5/0/0/0,11387:1747647658203:,1747647673042
counter/5/0/0/0,11388:1747647658203:,1747647673042
counter/5/0/0/0,11389:1747647658206:,1747647673042
counter/5/0/0/0,11390:1747647658207:,1747647673042
counter/5/0/0/0,11391:1747647658209:,1747647673042
counter/5/0/0/0,11392:1747647658209:,1747647673042
counter/5/0/0/0,11393:1747647658209:,1747647673042
counter/5/0/0/0,11394:1747647658209:,1747647673042
counter/5/0/0/0,11395:1747647658209:,1747647673042
counter/5/0/0/0,11396:1747647658209:,1747647673042
counter/5/0/0/0,11397:1747647658210:,1747647673042
counter/5/0/0/0,11398:1747647658210:,1747647673043
counter/4/0/0/0,11629:1747647659860:,1747647673043
counter/7/0/0/0,11246:1747647658582:,1747647673043
counter/7/0/0/0,11247:1747647658582:,1747647673043
counter/7/0/0/0,11248:1747647658582:,1747647673043
counter/7/0/0/0,11249:1747647658582:,1747647673043
counter/7/0/0/0,11250:1747647658582:,1747647673043
counter/7/0/0/0,11251:1747647658582:,1747647673043
counter/7/0/0/0,11252:1747647658582:,1747647673043
counter/7/0/0/0,11253:1747647658582:,1747647673043
counter/7/0/0/0,11254:1747647658582:,1747647673043
counter/8/0/0/0,11661:1747647658158:,1747647673043
counter/7/0/0/0,11255:1747647658582:,1747647673043
counter/7/0/0/0,11256:1747647658871:,1747647673043
counter/5/0/0/0,11399:1747647658210:,1747647673043
counter/4/0/0/0,11630:1747647659860:,1747647673043
counter/4/0/0/0,11631:1747647659860:,1747647673043
counter/4/0/0/0,11632:1747647659860:,1747647673043
counter/4/0/0/0,11633:1747647659860:,1747647673043
counter/4/0/0/0,11634:1747647659860:,1747647673043
counter/4/0/0/0,11635:1747647659860:,1747647673043
counter/1/0/0/0,12407:1747647659492:,1747647673044
counter/10/0/0/0,10799:1747647658453:,1747647673044
counter/6/0/0/0,10977:1747647659051:,1747647673044
counter/10/0/0/0,10800:1747647658454:,1747647673044
counter/7/0/0/0,11257:1747647658871:,1747647673044
counter/5/0/0/0,11400:1747647658210:,1747647673044
counter/5/0/0/0,11401:1747647658210:,1747647673044
counter/5/0/0/0,11402:1747647658210:,1747647673044
counter/5/0/0/0,11403:1747647658210:,1747647673044
counter/9/0/0/0,11929:1747647658517:,1747647673044
counter/7/0/0/0,11258:1747647658874:,1747647673045
counter/7/0/0/0,11259:1747647658874:,1747647673045
counter/7/0/0/0,11260:1747647658874:,1747647673045
counter/7/0/0/0,11261:1747647658875:,1747647673045
counter/7/0/0/0,11262:1747647658876:,1747647673045
counter/7/0/0/0,11263:1747647658876:,1747647673045
counter/7/0/0/0,11264:1747647658876:,1747647673045
counter/8/0/0/0,11662:1747647658158:,1747647673045
counter/7/0/0/0,11265:1747647658878:,1747647673045
counter/9/0/0/0,11930:1747647658517:,1747647673045
counter/7/0/0/0,11266:1747647658879:,1747647673045
counter/7/0/0/0,11267:1747647658880:,1747647673045
counter/1/0/0/0,12408:1747647659492:,1747647673046
counter/10/0/0/0,10801:1747647658454:,1747647673046
counter/5/0/0/0,11404:1747647658211:,1747647673046
counter/7/0/0/0,11268:1747647658880:,1747647673046
counter/5/0/0/0,11405:1747647658211:,1747647673046
counter/3/0/0/0,12145:1747647659528:,1747647673046
counter/3/0/0/0,12146:1747647659528:,1747647673046
counter/3/0/0/0,12147:1747647659528:,1747647673047
counter/3/0/0/0,12148:1747647659528:,1747647673047
counter/3/0/0/0,12149:1747647659528:,1747647673047
counter/3/0/0/0,12150:1747647659528:,1747647673047
counter/3/0/0/0,12151:1747647659528:,1747647673047
counter/3/0/0/0,12152:1747647659528:,1747647673047
counter/3/0/0/0,12153:1747647659528:,1747647673047
counter/3/0/0/0,12154:1747647659528:,1747647673047
counter/10/0/0/0,10802:1747647658454:,1747647673047
counter/7/0/0/0,11269:1747647658880:,1747647673048
counter/7/0/0/0,11270:1747647658883:,1747647673048
counter/7/0/0/0,11271:1747647658883:,1747647673048
counter/7/0/0/0,11272:1747647658884:,1747647673048
counter/7/0/0/0,11273:1747647658884:,1747647673048
counter/7/0/0/0,11274:1747647658884:,1747647673049
counter/7/0/0/0,11275:1747647658884:,1747647673049
counter/7/0/0/0,11276:1747647658884:,1747647673049
counter/7/0/0/0,11277:1747647658884:,1747647673049
counter/7/0/0/0,11278:1747647658884:,1747647673049
counter/7/0/0/0,11279:1747647658884:,1747647673049
counter/7/0/0/0,11280:1747647658885:,1747647673049
counter/7/0/0/0,11281:1747647658885:,1747647673049
counter/7/0/0/0,11282:1747647658885:,1747647673049
counter/7/0/0/0,11283:1747647658885:,1747647673049
counter/7/0/0/0,11284:1747647658885:,1747647673049
counter/7/0/0/0,11285:1747647658887:,1747647673050
counter/7/0/0/0,11286:1747647658887:,1747647673050
counter/8/0/0/0,11663:1747647658158:,1747647673050
counter/8/0/0/0,11664:1747647658158:,1747647673050
counter/8/0/0/0,11665:1747647658160:,1747647673050
counter/8/0/0/0,11666:1747647658160:,1747647673050
counter/8/0/0/0,11667:1747647658160:,1747647673050
counter/8/0/0/0,11668:1747647658160:,1747647673050
counter/8/0/0/0,11669:1747647658160:,1747647673050
counter/6/0/0/0,10978:1747647659051:,1747647673050
counter/6/0/0/0,10979:1747647659051:,1747647673050
counter/6/0/0/0,10980:1747647659051:,1747647673050
counter/6/0/0/0,10981:1747647659051:,1747647673050
counter/6/0/0/0,10982:1747647659051:,1747647673050
counter/6/0/0/0,10983:1747647659051:,1747647673051
counter/6/0/0/0,10984:1747647659051:,1747647673051
counter/6/0/0/0,10985:1747647659051:,1747647673051
counter/6/0/0/0,10986:1747647659051:,1747647673051
counter/6/0/0/0,10987:1747647659051:,1747647673051
counter/6/0/0/0,10988:1747647659064:,1747647673051
counter/6/0/0/0,10989:1747647659064:,1747647673051
counter/6/0/0/0,10990:1747647659064:,1747647673051
counter/6/0/0/0,10991:1747647659064:,1747647673051
counter/6/0/0/0,10992:1747647659064:,1747647673051
counter/6/0/0/0,10993:1747647659067:,1747647673051
counter/6/0/0/0,10994:1747647659068:,1747647673051
counter/6/0/0/0,10995:1747647659068:,1747647673051
counter/6/0/0/0,10996:1747647659068:,1747647673051
counter/5/0/0/0,11406:1747647658211:,1747647673051
counter/5/0/0/0,11407:1747647658211:,1747647673051
counter/1/0/0/0,12409:1747647659492:,1747647673051
counter/9/0/0/0,11931:1747647658517:,1747647673051
counter/6/0/0/0,10997:1747647659068:,1747647673051
counter/6/0/0/0,10998:1747647659068:,1747647673051
counter/6/0/0/0,10999:1747647659068:,1747647673051
counter/6/0/0/0,11000:1747647659068:,1747647673051
counter/6/0/0/0,11001:1747647659068:,1747647673051
counter/6/0/0/0,11002:1747647659068:,1747647673051
counter/9/0/0/0,11932:1747647658517:,1747647673051
counter/6/0/0/0,11003:1747647659068:,1747647673051
counter/3/0/0/0,12155:1747647659528:,1747647673052
counter/2/0/0/0,11208:1747647657762:,1747647673052
counter/2/0/0/0,11209:1747647657762:,1747647673052
counter/2/0/0/0,11210:1747647657762:,1747647673052
counter/2/0/0/0,11211:1747647657762:,1747647673052
counter/2/0/0/0,11212:1747647657762:,1747647673052
counter/2/0/0/0,11213:1747647657762:,1747647673052
counter/2/0/0/0,11214:1747647657762:,1747647673052
counter/5/0/0/0,11408:1747647658211:,1747647673052
counter/4/0/0/0,11636:1747647659860:,1747647673052
counter/4/0/0/0,11637:1747647659860:,1747647673052
counter/4/0/0/0,11638:1747647659860:,1747647673052
counter/4/0/0/0,11639:1747647659860:,1747647673052
counter/3/0/0/0,12156:1747647659528:,1747647673052
counter/4/0/0/0,11640:1747647659865:,1747647673052
counter/9/0/0/0,11933:1747647658517:,1747647673052
counter/4/0/0/0,11641:1747647659865:,1747647673053
counter/6/0/0/0,11004:1747647659068:,1747647673053
counter/4/0/0/0,11642:1747647659865:,1747647673053
counter/4/0/0/0,11643:1747647659865:,1747647673053
counter/3/0/0/0,12157:1747647659528:,1747647673053
counter/1/0/0/0,12410:1747647659492:,1747647673053
counter/3/0/0/0,12158:1747647659528:,1747647673054
counter/3/0/0/0,12159:1747647659528:,1747647673054
counter/3/0/0/0,12160:1747647659528:,1747647673054
counter/3/0/0/0,12161:1747647659528:,1747647673054
counter/2/0/0/0,11215:1747647657768:,1747647673054
counter/9/0/0/0,11934:1747647658517:,1747647673054
counter/2/0/0/0,11216:1747647657779:,1747647673054
counter/2/0/0/0,11217:1747647657782:,1747647673054
counter/2/0/0/0,11218:1747647657782:,1747647673054
counter/2/0/0/0,11219:1747647657782:,1747647673054
counter/2/0/0/0,11220:1747647657816:,1747647673054
counter/5/0/0/0,11409:1747647658211:,1747647673054
counter/5/0/0/0,11410:1747647658214:,1747647673054
counter/5/0/0/0,11411:1747647658224:,1747647673054
counter/5/0/0/0,11412:1747647658224:,1747647673054
counter/5/0/0/0,11413:1747647658225:,1747647673054
counter/6/0/0/0,11005:1747647659068:,1747647673054
counter/1/0/0/0,12411:1747647659492:,1747647673054
counter/8/0/0/0,11670:1747647658160:,1747647673054
counter/2/0/0/0,11221:1747647657816:,1747647673054
counter/2/0/0/0,11222:1747647657816:,1747647673054
counter/2/0/0/0,11223:1747647657816:,1747647673054
counter/2/0/0/0,11224:1747647657816:,1747647673054
counter/2/0/0/0,11225:1747647657816:,1747647673055
counter/2/0/0/0,11226:1747647657816:,1747647673055
counter/2/0/0/0,11227:1747647657816:,1747647673055
counter/2/0/0/0,11228:1747647657816:,1747647673055
counter/6/0/0/0,11006:1747647659068:,1747647673055
counter/10/0/0/0,10803:1747647658454:,1747647673055
counter/3/0/0/0,12162:1747647659529:,1747647673055
counter/3/0/0/0,12163:1747647659529:,1747647673055
counter/3/0/0/0,12164:1747647659529:,1747647673055
counter/3/0/0/0,12165:1747647659529:,1747647673055
counter/3/0/0/0,12166:1747647659529:,1747647673055
counter/3/0/0/0,12167:1747647659529:,1747647673055
counter/3/0/0/0,12168:1747647659529:,1747647673055
counter/3/0/0/0,12169:1747647659537:,1747647673055
counter/3/0/0/0,12170:1747647659537:,1747647673055
counter/3/0/0/0,12171:1747647659537:,1747647673055
counter/3/0/0/0,12172:1747647659537:,1747647673055
counter/3/0/0/0,12173:1747647659537:,1747647673055
counter/3/0/0/0,12174:1747647659537:,1747647673055
counter/3/0/0/0,12175:1747647659537:,1747647673055
counter/3/0/0/0,12176:1747647659537:,1747647673055
counter/3/0/0/0,12177:1747647659537:,1747647673055
counter/3/0/0/0,12178:1747647659537:,1747647673055
counter/3/0/0/0,12179:1747647659538:,1747647673055
counter/3/0/0/0,12180:1747647659538:,1747647673056
counter/3/0/0/0,12181:1747647659538:,1747647673056
counter/1/0/0/0,12412:1747647659492:,1747647673056
counter/4/0/0/0,11644:1747647659865:,1747647673056
counter/4/0/0/0,11645:1747647659865:,1747647673056
counter/1/0/0/0,12413:1747647659500:,1747647673056
counter/1/0/0/0,12414:1747647659500:,1747647673056
counter/2/0/0/0,11229:1747647657816:,1747647673056
counter/10/0/0/0,10804:1747647658454:,1747647673057
counter/8/0/0/0,11671:1747647658162:,1747647673057
counter/7/0/0/0,11287:1747647658887:,1747647673058
counter/8/0/0/0,11672:1747647658162:,1747647673058
counter/8/0/0/0,11673:1747647658162:,1747647673058
counter/1/0/0/0,12415:1747647659500:,1747647673058
counter/3/0/0/0,12182:1747647659538:,1747647673058
counter/1/0/0/0,12416:1747647659500:,1747647673058
counter/1/0/0/0,12417:1747647659500:,1747647673058
counter/10/0/0/0,10805:1747647658454:,1747647673059
counter/3/0/0/0,12183:1747647659538:,1747647673059
counter/3/0/0/0,12184:1747647659539:,1747647673059
counter/3/0/0/0,12185:1747647659543:,1747647673059
counter/5/0/0/0,11414:1747647658225:,1747647673059
counter/3/0/0/0,12186:1747647659543:,1747647673059
counter/3/0/0/0,12187:1747647659543:,1747647673059
counter/3/0/0/0,12188:1747647659543:,1747647673059
counter/3/0/0/0,12189:1747647659543:,1747647673059
counter/3/0/0/0,12190:1747647659543:,1747647673059
counter/8/0/0/0,11674:1747647658162:,1747647673060
counter/5/0/0/0,11415:1747647658225:,1747647673060
counter/5/0/0/0,11416:1747647658226:,1747647673061
counter/5/0/0/0,11417:1747647658226:,1747647673061
counter/5/0/0/0,11418:1747647658226:,1747647673061
counter/5/0/0/0,11419:1747647658226:,1747647673061
counter/5/0/0/0,11420:1747647658226:,1747647673061
counter/5/0/0/0,11421:1747647658229:,1747647673061
counter/5/0/0/0,11422:1747647658229:,1747647673061
counter/4/0/0/0,11646:1747647659865:,1747647673061
counter/4/0/0/0,11647:1747647659865:,1747647673061
counter/7/0/0/0,11288:1747647658887:,1747647673061
counter/7/0/0/0,11289:1747647658887:,1747647673061
counter/7/0/0/0,11290:1747647658887:,1747647673061
counter/7/0/0/0,11291:1747647658887:,1747647673061
counter/7/0/0/0,11292:1747647658887:,1747647673061
counter/7/0/0/0,11293:1747647658887:,1747647673061
counter/7/0/0/0,11294:1747647658887:,1747647673061
counter/7/0/0/0,11295:1747647658887:,1747647673062
counter/7/0/0/0,11296:1747647658887:,1747647673062
counter/7/0/0/0,11297:1747647658887:,1747647673062
counter/7/0/0/0,11298:1747647658887:,1747647673062
counter/7/0/0/0,11299:1747647658887:,1747647673062
counter/7/0/0/0,11300:1747647658887:,1747647673062
counter/7/0/0/0,11301:1747647658887:,1747647673062
counter/7/0/0/0,11302:1747647658887:,1747647673062
counter/7/0/0/0,11303:1747647658888:,1747647673062
counter/7/0/0/0,11304:1747647658888:,1747647673062
counter/7/0/0/0,11305:1747647658888:,1747647673062
counter/7/0/0/0,11306:1747647658888:,1747647673062
counter/7/0/0/0,11307:1747647658889:,1747647673062
counter/4/0/0/0,11648:1747647659865:,1747647673062
counter/6/0/0/0,11007:1747647659068:,1747647673062
counter/6/0/0/0,11008:1747647659068:,1747647673062
counter/6/0/0/0,11009:1747647659068:,1747647673062
counter/6/0/0/0,11010:1747647659068:,1747647673062
counter/6/0/0/0,11011:1747647659068:,1747647673062
counter/6/0/0/0,11012:1747647659068:,1747647673062
counter/6/0/0/0,11013:1747647659068:,1747647673062
counter/6/0/0/0,11014:1747647659072:,1747647673063
counter/8/0/0/0,11675:1747647658162:,1747647673063
counter/5/0/0/0,11423:1747647658229:,1747647673063
counter/7/0/0/0,11308:1747647658889:,1747647673063
counter/5/0/0/0,11424:1747647658229:,1747647673063
counter/5/0/0/0,11425:1747647658229:,1747647673063
counter/5/0/0/0,11426:1747647658229:,1747647673063
counter/5/0/0/0,11427:1747647658229:,1747647673063
counter/9/0/0/0,11935:1747647658517:,1747647673063
counter/4/0/0/0,11649:1747647659865:,1747647673063
counter/7/0/0/0,11309:1747647658889:,1747647673063
counter/7/0/0/0,11310:1747647658889:,1747647673063
counter/7/0/0/0,11311:1747647658889:,1747647673064
counter/9/0/0/0,11936:1747647658517:,1747647673064
counter/7/0/0/0,11312:1747647658889:,1747647673064
counter/7/0/0/0,11313:1747647658889:,1747647673064
counter/7/0/0/0,11314:1747647658889:,1747647673064
counter/7/0/0/0,11315:1747647658889:,1747647673064
counter/3/0/0/0,12191:1747647659543:,1747647673065
counter/3/0/0/0,12192:1747647659543:,1747647673065
counter/6/0/0/0,11015:1747647659072:,1747647673065
counter/4/0/0/0,11650:1747647659865:,1747647673065
counter/4/0/0/0,11651:1747647659865:,1747647673065
counter/4/0/0/0,11652:1747647659865:,1747647673065
counter/4/0/0/0,11653:1747647659865:,1747647673065
counter/4/0/0/0,11654:1747647659865:,1747647673065
counter/5/0/0/0,11428:1747647658229:,1747647673065
counter/6/0/0/0,11016:1747647659073:,1747647673066
counter/6/0/0/0,11017:1747647659073:,1747647673066
counter/6/0/0/0,11018:1747647659073:,1747647673066
counter/6/0/0/0,11019:1747647659074:,1747647673066
counter/1/0/0/0,12418:1747647659500:,1747647673066
counter/6/0/0/0,11020:1747647659074:,1747647673066
counter/10/0/0/0,10806:1747647658457:,1747647673066
counter/2/0/0/0,11230:1747647657816:,1747647673067
counter/7/0/0/0,11316:1747647658889:,1747647673068
counter/7/0/0/0,11317:1747647658890:,1747647673068
counter/7/0/0/0,11318:1747647658890:,1747647673068
counter/7/0/0/0,11319:1747647658890:,1747647673068
counter/7/0/0/0,11320:1747647658890:,1747647673069
counter/7/0/0/0,11321:1747647658891:,1747647673069
counter/7/0/0/0,11322:1747647658891:,1747647673069
counter/7/0/0/0,11323:1747647658891:,1747647673069
counter/7/0/0/0,11324:1747647658891:,1747647673069
counter/4/0/0/0,11655:1747647659865:,1747647673069
counter/6/0/0/0,11021:1747647659074:,1747647673069
counter/5/0/0/0,11429:1747647658229:,1747647673069
counter/6/0/0/0,11022:1747647659074:,1747647673070
counter/6/0/0/0,11023:1747647659074:,1747647673070
counter/6/0/0/0,11024:1747647659074:,1747647673070
counter/6/0/0/0,11025:1747647659075:,1747647673070
counter/10/0/0/0,10807:1747647658457:,1747647673070
counter/6/0/0/0,11026:1747647659075:,1747647673070
counter/8/0/0/0,11676:1747647658162:,1747647673070
counter/9/0/0/0,11937:1747647658517:,1747647673070
counter/8/0/0/0,11677:1747647658163:,1747647673071
counter/10/0/0/0,10808:1747647658457:,1747647673071
counter/7/0/0/0,11325:1747647658891:,1747647673071
counter/7/0/0/0,11326:1747647658891:,1747647673071
counter/7/0/0/0,11327:1747647658891:,1747647673071
counter/7/0/0/0,11328:1747647658891:,1747647673071
counter/7/0/0/0,11329:1747647658891:,1747647673071
counter/7/0/0/0,11330:1747647658898:,1747647673071
counter/10/0/0/0,10809:1747647658457:,1747647673072
counter/2/0/0/0,11231:1747647657816:,1747647673072
counter/7/0/0/0,11331:1747647658898:,1747647673072
counter/7/0/0/0,11332:1747647658898:,1747647673072
counter/7/0/0/0,11333:1747647658898:,1747647673072
counter/7/0/0/0,11334:1747647658898:,1747647673072
counter/7/0/0/0,11335:1747647658898:,1747647673072
counter/7/0/0/0,11336:1747647658898:,1747647673072
counter/7/0/0/0,11337:1747647658898:,1747647673072
counter/3/0/0/0,12193:1747647659543:,1747647673072
counter/5/0/0/0,11430:1747647658229:,1747647673072
counter/3/0/0/0,12194:1747647659543:,1747647673073
counter/3/0/0/0,12195:1747647659543:,1747647673073
counter/3/0/0/0,12196:1747647659544:,1747647673073
counter/3/0/0/0,12197:1747647659544:,1747647673073
counter/3/0/0/0,12198:1747647659544:,1747647673073
counter/3/0/0/0,12199:1747647659562:,1747647673073
counter/6/0/0/0,11027:1747647659075:,1747647673073
counter/9/0/0/0,11938:1747647658520:,1747647673074
counter/9/0/0/0,11939:1747647658520:,1747647673074
counter/9/0/0/0,11940:1747647658520:,1747647673074
counter/9/0/0/0,11941:1747647658520:,1747647673074
counter/9/0/0/0,11942:1747647658525:,1747647673074
counter/9/0/0/0,11943:1747647658526:,1747647673074
counter/4/0/0/0,11656:1747647659865:,1747647673074
counter/4/0/0/0,11657:1747647659865:,1747647673074
counter/7/0/0/0,11338:1747647658898:,1747647673075
counter/6/0/0/0,11028:1747647659075:,1747647673076
counter/2/0/0/0,11232:1747647657820:,1747647673076
counter/6/0/0/0,11029:1747647659075:,1747647673081
counter/8/0/0/0,11678:1747647658163:,1747647673081
counter/4/0/0/0,11658:1747647659865:,1747647673082
counter/8/0/0/0,11679:1747647658163:,1747647673082
counter/8/0/0/0,11680:1747647658163:,1747647673083
counter/8/0/0/0,11681:1747647658166:,1747647673083
counter/8/0/0/0,11682:1747647658167:,1747647673083
counter/8/0/0/0,11683:1747647658167:,1747647673083
counter/8/0/0/0,11684:1747647658167:,1747647673083
counter/8/0/0/0,11685:1747647658168:,1747647673083
counter/9/0/0/0,11944:1747647658526:,1747647673084
counter/5/0/0/0,11431:1747647658229:,1747647673085
counter/3/0/0/0,12200:1747647659562:,1747647673085
counter/1/0/0/0,12419:1747647659500:,1747647673086
counter/3/0/0/0,12201:1747647659562:,1747647673086
counter/10/0/0/0,10810:1747647658457:,1747647673086
counter/10/0/0/0,10811:1747647658457:,1747647673086
counter/10/0/0/0,10812:1747647658457:,1747647673086
counter/10/0/0/0,10813:1747647658458:,1747647673087
counter/10/0/0/0,10814:1747647658458:,1747647673087
counter/10/0/0/0,10815:1747647658458:,1747647673087
counter/10/0/0/0,10816:1747647658458:,1747647673087
counter/10/0/0/0,10817:1747647658458:,1747647673087
counter/10/0/0/0,10818:1747647658458:,1747647673087
counter/5/0/0/0,11432:1747647658229:,1747647673087
counter/10/0/0/0,10819:1747647658459:,1747647673087
counter/5/0/0/0,11433:1747647658230:,1747647673087
counter/10/0/0/0,10820:1747647658459:,1747647673087
counter/5/0/0/0,11434:1747647658230:,1747647673087
counter/10/0/0/0,10821:1747647658459:,1747647673087
counter/5/0/0/0,11435:1747647658230:,1747647673087
counter/10/0/0/0,10822:1747647658459:,1747647673087
counter/5/0/0/0,11436:1747647658230:,1747647673087
counter/10/0/0/0,10823:1747647658459:,1747647673087
counter/5/0/0/0,11437:1747647658230:,1747647673088
counter/10/0/0/0,10824:1747647658459:,1747647673088
counter/5/0/0/0,11438:1747647658234:,1747647673088
counter/8/0/0/0,11686:1747647658168:,1747647673088
counter/5/0/0/0,11439:1747647658234:,1747647673088
counter/5/0/0/0,11440:1747647658235:,1747647673088
counter/6/0/0/0,11030:1747647659075:,1747647673088
counter/2/0/0/0,11233:1747647657849:,1747647673088
counter/5/0/0/0,11441:1747647658235:,1747647673088
counter/9/0/0/0,11945:1747647658555:,1747647673089
counter/9/0/0/0,11946:1747647658555:,1747647673090
counter/9/0/0/0,11947:1747647658555:,1747647673090
counter/9/0/0/0,11948:1747647658555:,1747647673090
counter/9/0/0/0,11949:1747647658555:,1747647673090
counter/9/0/0/0,11950:1747647658555:,1747647673090
counter/9/0/0/0,11951:1747647658555:,1747647673090
counter/9/0/0/0,11952:1747647658555:,1747647673090
counter/9/0/0/0,11953:1747647658555:,1747647673090
counter/9/0/0/0,11954:1747647658557:,1747647673090
counter/2/0/0/0,11234:1747647657849:,1747647673091
counter/5/0/0/0,11442:1747647658235:,1747647673092
counter/7/0/0/0,11339:1747647658899:,1747647673092
counter/7/0/0/0,11340:1747647658899:,1747647673093
counter/5/0/0/0,11443:1747647658235:,1747647673093
counter/5/0/0/0,11444:1747647658235:,1747647673093
counter/6/0/0/0,11031:1747647659075:,1747647673093
counter/6/0/0/0,11032:1747647659075:,1747647673093
counter/6/0/0/0,11033:1747647659075:,1747647673093
counter/2/0/0/0,11235:1747647657849:,1747647673093
counter/2/0/0/0,11236:1747647657849:,1747647673093
counter/3/0/0/0,12202:1747647659562:,1747647673094
counter/3/0/0/0,12203:1747647659562:,1747647673094
counter/3/0/0/0,12204:1747647659562:,1747647673094
counter/1/0/0/0,12420:1747647659500:,1747647673095
counter/1/0/0/0,12421:1747647659500:,1747647673095
counter/8/0/0/0,11687:1747647658187:,1747647673095
counter/2/0/0/0,11237:1747647657849:,1747647673095
counter/2/0/0/0,11238:1747647657850:,1747647673095
counter/2/0/0/0,11239:1747647657850:,1747647673096
counter/2/0/0/0,11240:1747647657850:,1747647673096
counter/2/0/0/0,11241:1747647657854:,1747647673096
counter/2/0/0/0,11242:1747647657854:,1747647673096
counter/2/0/0/0,11243:1747647657854:,1747647673096
counter/2/0/0/0,11244:1747647657854:,1747647673096
counter/2/0/0/0,11245:1747647657856:,1747647673096
counter/2/0/0/0,11246:1747647657857:,1747647673096
counter/2/0/0/0,11247:1747647657857:,1747647673096
counter/2/0/0/0,11248:1747647657857:,1747647673096
counter/2/0/0/0,11249:1747647657857:,1747647673096
counter/1/0/0/0,12422:1747647659500:,1747647673096
counter/1/0/0/0,12423:1747647659501:,1747647673096
counter/1/0/0/0,12424:1747647659501:,1747647673096
counter/1/0/0/0,12425:1747647659501:,1747647673096
counter/1/0/0/0,12426:1747647659501:,1747647673096
counter/1/0/0/0,12427:1747647659501:,1747647673097
counter/1/0/0/0,12428:1747647659501:,1747647673097
counter/1/0/0/0,12429:1747647659501:,1747647673097
counter/1/0/0/0,12430:1747647659501:,1747647673097
counter/1/0/0/0,12431:1747647659501:,1747647673097
counter/7/0/0/0,11341:1747647658899:,1747647673097
counter/2/0/0/0,11250:1747647657857:,1747647673097
counter/2/0/0/0,11251:1747647657863:,1747647673097
counter/2/0/0/0,11252:1747647657863:,1747647673097
counter/2/0/0/0,11253:1747647657863:,1747647673097
counter/2/0/0/0,11254:1747647657863:,1747647673097
counter/2/0/0/0,11255:1747647657873:,1747647673097
counter/2/0/0/0,11256:1747647657880:,1747647673097
counter/2/0/0/0,11257:1747647657880:,1747647673097
counter/9/0/0/0,11955:1747647658557:,1747647673097
counter/5/0/0/0,11445:1747647658235:,1747647673097
counter/5/0/0/0,11446:1747647658236:,1747647673097
counter/5/0/0/0,11447:1747647658236:,1747647673097
counter/5/0/0/0,11448:1747647658236:,1747647673098
counter/3/0/0/0,12205:1747647659562:,1747647673098
counter/3/0/0/0,12206:1747647659562:,1747647673099
counter/7/0/0/0,11342:1747647658899:,1747647673099
counter/6/0/0/0,11034:1747647659075:,1747647673099
counter/7/0/0/0,11343:1747647658899:,1747647673099
counter/7/0/0/0,11344:1747647658901:,1747647673099
counter/2/0/0/0,11258:1747647657880:,1747647673099
counter/2/0/0/0,11259:1747647657880:,1747647673099
counter/2/0/0/0,11260:1747647657880:,1747647673099
counter/2/0/0/0,11261:1747647657880:,1747647673099
counter/2/0/0/0,11262:1747647657880:,1747647673099
counter/2/0/0/0,11263:1747647657880:,1747647673099
counter/3/0/0/0,12207:1747647659562:,1747647673100
counter/6/0/0/0,11035:1747647659075:,1747647673100
counter/6/0/0/0,11036:1747647659075:,1747647673100
counter/6/0/0/0,11037:1747647659075:,1747647673100
counter/6/0/0/0,11038:1747647659075:,1747647673100
counter/6/0/0/0,11039:1747647659075:,1747647673100
counter/6/0/0/0,11040:1747647659087:,1747647673100
counter/4/0/0/0,11659:1747647659865:,1747647673100
counter/6/0/0/0,11041:1747647659087:,1747647673101
counter/3/0/0/0,12208:1747647659562:,1747647673101
counter/3/0/0/0,12209:1747647659562:,1747647673101
counter/3/0/0/0,12210:1747647659562:,1747647673101
counter/3/0/0/0,12211:1747647659562:,1747647673101
counter/7/0/0/0,11345:1747647658901:,1747647673101
counter/7/0/0/0,11346:1747647658901:,1747647673101
counter/7/0/0/0,11347:1747647658901:,1747647673101
counter/7/0/0/0,11348:1747647658901:,1747647673101
counter/1/0/0/0,12432:1747647659501:,1747647673102
counter/1/0/0/0,12433:1747647659502:,1747647673102
counter/5/0/0/0,11449:1747647658236:,1747647673102
counter/1/0/0/0,12434:1747647659502:,1747647673102
counter/5/0/0/0,11450:1747647658236:,1747647673102
counter/1/0/0/0,12435:1747647659502:,1747647673102
counter/5/0/0/0,11451:1747647658236:,1747647673102
counter/5/0/0/0,11452:1747647658236:,1747647673102
counter/8/0/0/0,11688:1747647658187:,1747647673102
counter/2/0/0/0,11264:1747647657880:,1747647673104
counter/4/0/0/0,11660:1747647659865:,1747647673104
counter/4/0/0/0,11661:1747647659865:,1747647673104
counter/4/0/0/0,11662:1747647659866:,1747647673104
counter/4/0/0/0,11663:1747647659866:,1747647673104
counter/4/0/0/0,11664:1747647659866:,1747647673104
counter/4/0/0/0,11665:1747647659866:,1747647673105
counter/4/0/0/0,11666:1747647659867:,1747647673105
counter/2/0/0/0,11265:1747647657880:,1747647673105
counter/2/0/0/0,11266:1747647657881:,1747647673105
counter/2/0/0/0,11267:1747647657881:,1747647673105
counter/7/0/0/0,11349:1747647658901:,1747647673105
counter/5/0/0/0,11453:1747647658243:,1747647673105
counter/2/0/0/0,11268:1747647657881:,1747647673106
counter/2/0/0/0,11269:1747647657881:,1747647673106
counter/2/0/0/0,11270:1747647657881:,1747647673106
counter/2/0/0/0,11271:1747647657881:,1747647673106
counter/2/0/0/0,11272:1747647657881:,1747647673106
counter/2/0/0/0,11273:1747647657882:,1747647673106
counter/2/0/0/0,11274:1747647657882:,1747647673106
counter/2/0/0/0,11275:1747647657882:,1747647673106
counter/2/0/0/0,11276:1747647657882:,1747647673106
counter/2/0/0/0,11277:1747647657882:,1747647673106
counter/7/0/0/0,11350:1747647658901:,1747647673106
counter/4/0/0/0,11667:1747647659867:,1747647673107
counter/2/0/0/0,11278:1747647657882:,1747647673107
counter/2/0/0/0,11279:1747647657882:,1747647673107
counter/2/0/0/0,11280:1747647657882:,1747647673107
counter/2/0/0/0,11281:1747647657883:,1747647673107
counter/2/0/0/0,11282:1747647657883:,1747647673107
counter/2/0/0/0,11283:1747647657883:,1747647673107
counter/2/0/0/0,11284:1747647657883:,1747647673107
counter/2/0/0/0,11285:1747647657883:,1747647673107
counter/2/0/0/0,11286:1747647657883:,1747647673107
counter/2/0/0/0,11287:1747647657883:,1747647673107
counter/2/0/0/0,11288:1747647657883:,1747647673107
counter/2/0/0/0,11289:1747647657883:,1747647673107
counter/2/0/0/0,11290:1747647657901:,1747647673107
counter/2/0/0/0,11291:1747647657901:,1747647673107
counter/3/0/0/0,12212:1747647659562:,1747647673107
counter/1/0/0/0,12436:1747647659502:,1747647673108
counter/7/0/0/0,11351:1747647658901:,1747647673108
counter/7/0/0/0,11352:1747647658901:,1747647673108
counter/7/0/0/0,11353:1747647658901:,1747647673108
counter/7/0/0/0,11354:1747647658901:,1747647673108
counter/7/0/0/0,11355:1747647658902:,1747647673108
counter/6/0/0/0,11042:1747647659087:,1747647673109
counter/6/0/0/0,11043:1747647659087:,1747647673109
counter/8/0/0/0,11689:1747647658187:,1747647673109
counter/6/0/0/0,11044:1747647659087:,1747647673109
counter/6/0/0/0,11045:1747647659087:,1747647673109
counter/6/0/0/0,11046:1747647659087:,1747647673109
counter/3/0/0/0,12213:1747647659563:,1747647673110
counter/9/0/0/0,11956:1747647658557:,1747647673110
counter/9/0/0/0,11957:1747647658558:,1747647673110
counter/9/0/0/0,11958:1747647658558:,1747647673110
counter/9/0/0/0,11959:1747647658558:,1747647673110
counter/9/0/0/0,11960:1747647658558:,1747647673110
counter/7/0/0/0,11356:1747647658902:,1747647673110
counter/2/0/0/0,11292:1747647657901:,1747647673110
counter/2/0/0/0,11293:1747647657901:,1747647673110
counter/10/0/0/0,10825:1747647658459:,1747647673110
counter/8/0/0/0,11690:1747647658187:,1747647673111
counter/7/0/0/0,11357:1747647658902:,1747647673112
counter/5/0/0/0,11454:1747647658243:,1747647673112
counter/8/0/0/0,11691:1747647658187:,1747647673112
counter/5/0/0/0,11455:1747647658243:,1747647673112
counter/2/0/0/0,11294:1747647657901:,1747647673112
counter/2/0/0/0,11295:1747647657901:,1747647673112
counter/2/0/0/0,11296:1747647657901:,1747647673112
counter/2/0/0/0,11297:1747647657902:,1747647673112
counter/4/0/0/0,11668:1747647659867:,1747647673113
counter/2/0/0/0,11298:1747647657902:,1747647673113
counter/4/0/0/0,11669:1747647659867:,1747647673113
counter/4/0/0/0,11670:1747647659867:,1747647673113
counter/4/0/0/0,11671:1747647659867:,1747647673113
counter/4/0/0/0,11672:1747647659867:,1747647673113
counter/4/0/0/0,11673:1747647659867:,1747647673113
counter/1/0/0/0,12437:1747647659502:,1747647673113
counter/4/0/0/0,11674:1747647659867:,1747647673113
counter/1/0/0/0,12438:1747647659502:,1747647673113
counter/4/0/0/0,11675:1747647659867:,1747647673113
counter/1/0/0/0,12439:1747647659502:,1747647673113
counter/7/0/0/0,11358:1747647658902:,1747647673114
counter/7/0/0/0,11359:1747647658902:,1747647673114
counter/7/0/0/0,11360:1747647658902:,1747647673114
counter/7/0/0/0,11361:1747647658902:,1747647673114
counter/7/0/0/0,11362:1747647658904:,1747647673115
counter/7/0/0/0,11363:1747647658905:,1747647673115
counter/7/0/0/0,11364:1747647658905:,1747647673115
counter/10/0/0/0,10826:1747647658460:,1747647673115
counter/10/0/0/0,10827:1747647658460:,1747647673115
counter/10/0/0/0,10828:1747647658460:,1747647673116
counter/10/0/0/0,10829:1747647658460:,1747647673116
counter/10/0/0/0,10830:1747647658461:,1747647673116
counter/10/0/0/0,10831:1747647658461:,1747647673116
counter/10/0/0/0,10832:1747647658462:,1747647673116
counter/10/0/0/0,10833:1747647658462:,1747647673116
counter/10/0/0/0,10834:1747647658462:,1747647673116
counter/10/0/0/0,10835:1747647658462:,1747647673116
counter/10/0/0/0,10836:1747647658462:,1747647673116
counter/10/0/0/0,10837:1747647658462:,1747647673116
counter/10/0/0/0,10838:1747647658462:,1747647673116
counter/10/0/0/0,10839:1747647658462:,1747647673116
counter/10/0/0/0,10840:1747647658462:,1747647673116
counter/2/0/0/0,11299:1747647657902:,1747647673116
counter/4/0/0/0,11676:1747647659867:,1747647673116
counter/4/0/0/0,11677:1747647659891:,1747647673116
counter/4/0/0/0,11678:1747647659891:,1747647673116
counter/4/0/0/0,11679:1747647659891:,1747647673116
counter/4/0/0/0,11680:1747647659891:,1747647673116
counter/4/0/0/0,11681:1747647659891:,1747647673117
counter/1/0/0/0,12440:1747647659504:,1747647673117
counter/4/0/0/0,11682:1747647659891:,1747647673120
counter/4/0/0/0,11683:1747647659891:,1747647673120
counter/4/0/0/0,11684:1747647659891:,1747647673120
counter/4/0/0/0,11685:1747647659891:,1747647673120
counter/4/0/0/0,11686:1747647659891:,1747647673120
counter/4/0/0/0,11687:1747647659891:,1747647673120
counter/4/0/0/0,11688:1747647659891:,1747647673120
counter/4/0/0/0,11689:1747647659891:,1747647673120
counter/4/0/0/0,11690:1747647659891:,1747647673121
counter/4/0/0/0,11691:1747647659893:,1747647673121
counter/4/0/0/0,11692:1747647659894:,1747647673121
counter/4/0/0/0,11693:1747647659894:,1747647673121
counter/5/0/0/0,11456:1747647658243:,1747647673121
counter/4/0/0/0,11694:1747647659894:,1747647673121
counter/1/0/0/0,12441:1747647659504:,1747647673121
counter/3/0/0/0,12214:1747647659563:,1747647673121
counter/3/0/0/0,12215:1747647659563:,1747647673122
counter/3/0/0/0,12216:1747647659564:,1747647673122
counter/3/0/0/0,12217:1747647659564:,1747647673122
counter/8/0/0/0,11692:1747647658187:,1747647673123
counter/8/0/0/0,11693:1747647658189:,1747647673123
counter/8/0/0/0,11694:1747647658189:,1747647673123
counter/9/0/0/0,11961:1747647658558:,1747647673123
counter/9/0/0/0,11962:1747647658558:,1747647673123
counter/9/0/0/0,11963:1747647658558:,1747647673123
counter/1/0/0/0,12442:1747647659504:,1747647673123
counter/3/0/0/0,12218:1747647659564:,1747647673123
counter/3/0/0/0,12219:1747647659564:,1747647673123
counter/3/0/0/0,12220:1747647659564:,1747647673123
counter/3/0/0/0,12221:1747647659564:,1747647673123
counter/5/0/0/0,11457:1747647658243:,1747647673124
counter/7/0/0/0,11365:1747647658905:,1747647673124
counter/5/0/0/0,11458:1747647658243:,1747647673124
counter/7/0/0/0,11366:1747647658905:,1747647673124
counter/7/0/0/0,11367:1747647658905:,1747647673124
counter/7/0/0/0,11368:1747647658905:,1747647673124
counter/7/0/0/0,11369:1747647658905:,1747647673124
counter/7/0/0/0,11370:1747647658906:,1747647673124
counter/10/0/0/0,10841:1747647658462:,1747647673124
counter/7/0/0/0,11371:1747647658906:,1747647673124
counter/4/0/0/0,11695:1747647659894:,1747647673124
counter/7/0/0/0,11372:1747647658906:,1747647673124
counter/4/0/0/0,11696:1747647659894:,1747647673124
counter/7/0/0/0,11373:1747647658909:,1747647673124
counter/4/0/0/0,11697:1747647659894:,1747647673124
counter/7/0/0/0,11374:1747647658909:,1747647673124
counter/4/0/0/0,11698:1747647659894:,1747647673125
counter/4/0/0/0,11699:1747647659894:,1747647673125
counter/8/0/0/0,11695:1747647658189:,1747647673125
counter/5/0/0/0,11459:1747647658243:,1747647673125
counter/5/0/0/0,11460:1747647658243:,1747647673125
counter/5/0/0/0,11461:1747647658243:,1747647673125
counter/5/0/0/0,11462:1747647658246:,1747647673125
counter/5/0/0/0,11463:1747647658246:,1747647673126
counter/5/0/0/0,11464:1747647658246:,1747647673126
counter/5/0/0/0,11465:1747647658246:,1747647673126
counter/5/0/0/0,11466:1747647658247:,1747647673126
counter/7/0/0/0,11375:1747647658909:,1747647673126
counter/7/0/0/0,11376:1747647658909:,1747647673126
counter/7/0/0/0,11377:1747647658909:,1747647673126
counter/4/0/0/0,11700:1747647659894:,1747647673126
counter/7/0/0/0,11378:1747647658909:,1747647673126
counter/7/0/0/0,11379:1747647658910:,1747647673126
counter/4/0/0/0,11701:1747647659894:,1747647673126
counter/7/0/0/0,11380:1747647658910:,1747647673126
counter/2/0/0/0,11300:1747647657902:,1747647673126
counter/6/0/0/0,11047:1747647659087:,1747647673127
counter/4/0/0/0,11702:1747647659894:,1747647673127
counter/4/0/0/0,11703:1747647659894:,1747647673127
counter/4/0/0/0,11704:1747647659894:,1747647673127
counter/4/0/0/0,11705:1747647659894:,1747647673127
counter/4/0/0/0,11706:1747647659894:,1747647673127
counter/8/0/0/0,11696:1747647658189:,1747647673128
counter/10/0/0/0,10842:1747647658462:,1747647673128
counter/3/0/0/0,12222:1747647659564:,1747647673128
counter/3/0/0/0,12223:1747647659564:,1747647673128
counter/3/0/0/0,12224:1747647659564:,1747647673128
counter/3/0/0/0,12225:1747647659564:,1747647673128
counter/3/0/0/0,12226:1747647659564:,1747647673128
counter/3/0/0/0,12227:1747647659564:,1747647673128
counter/1/0/0/0,12443:1747647659504:,1747647673128
counter/1/0/0/0,12444:1747647659504:,1747647673128
counter/6/0/0/0,11048:1747647659087:,1747647673129
counter/10/0/0/0,10843:1747647658462:,1747647673129
counter/10/0/0/0,10844:1747647658462:,1747647673129
counter/10/0/0/0,10845:1747647658464:,1747647673129
counter/7/0/0/0,11381:1747647658910:,1747647673129
counter/7/0/0/0,11382:1747647658910:,1747647673130
counter/7/0/0/0,11383:1747647658910:,1747647673130
counter/7/0/0/0,11384:1747647658910:,1747647673130
counter/7/0/0/0,11385:1747647658910:,1747647673130
counter/7/0/0/0,11386:1747647658910:,1747647673130
counter/7/0/0/0,11387:1747647658910:,1747647673130
counter/7/0/0/0,11388:1747647658910:,1747647673130
counter/2/0/0/0,11301:1747647657902:,1747647673130
counter/8/0/0/0,11697:1747647658189:,1747647673131
counter/4/0/0/0,11707:1747647659894:,1747647673131
counter/3/0/0/0,12228:1747647659564:,1747647673131
counter/4/0/0/0,11708:1747647659894:,1747647673131
counter/10/0/0/0,10846:1747647658464:,1747647673131
counter/10/0/0/0,10847:1747647658464:,1747647673131
counter/4/0/0/0,11709:1747647659894:,1747647673131
counter/9/0/0/0,11964:1747647658558:,1747647673131
counter/4/0/0/0,11710:1747647659894:,1747647673133
counter/7/0/0/0,11389:1747647658910:,1747647673133
counter/7/0/0/0,11390:1747647658910:,1747647673133
counter/7/0/0/0,11391:1747647658922:,1747647673133
counter/7/0/0/0,11392:1747647658922:,1747647673133
counter/9/0/0/0,11965:1747647658558:,1747647673133
counter/2/0/0/0,11302:1747647657902:,1747647673133
counter/2/0/0/0,11303:1747647657902:,1747647673134
counter/2/0/0/0,11304:1747647657902:,1747647673134
counter/2/0/0/0,11305:1747647657902:,1747647673134
counter/6/0/0/0,11049:1747647659087:,1747647673134
counter/6/0/0/0,11050:1747647659087:,1747647673134
counter/6/0/0/0,11051:1747647659087:,1747647673134
counter/6/0/0/0,11052:1747647659087:,1747647673134
counter/6/0/0/0,11053:1747647659087:,1747647673134
counter/6/0/0/0,11054:1747647659087:,1747647673134
counter/6/0/0/0,11055:1747647659087:,1747647673134
counter/6/0/0/0,11056:1747647659087:,1747647673134
counter/6/0/0/0,11057:1747647659091:,1747647673134
counter/6/0/0/0,11058:1747647659091:,1747647673134
counter/7/0/0/0,11393:1747647658923:,1747647673134
counter/7/0/0/0,11394:1747647658923:,1747647673134
counter/7/0/0/0,11395:1747647658923:,1747647673135
counter/1/0/0/0,12445:1747647659504:,1747647673135
counter/1/0/0/0,12446:1747647659516:,1747647673135
counter/3/0/0/0,12229:1747647659564:,1747647673135
counter/1/0/0/0,12447:1747647659516:,1747647673135
counter/3/0/0/0,12230:1747647659564:,1747647673135
counter/1/0/0/0,12448:1747647659516:,1747647673135
counter/1/0/0/0,12449:1747647659516:,1747647673135
counter/6/0/0/0,11059:1747647659092:,1747647673135
counter/3/0/0/0,12231:1747647659564:,1747647673137
counter/5/0/0/0,11467:1747647658247:,1747647673137
counter/5/0/0/0,11468:1747647658247:,1747647673138
counter/5/0/0/0,11469:1747647658247:,1747647673138
counter/5/0/0/0,11470:1747647658247:,1747647673138
counter/10/0/0/0,10848:1747647658464:,1747647673138
counter/10/0/0/0,10849:1747647658464:,1747647673138
counter/10/0/0/0,10850:1747647658464:,1747647673138
counter/10/0/0/0,10851:1747647658464:,1747647673138
counter/1/0/0/0,12450:1747647659516:,1747647673138
counter/1/0/0/0,12451:1747647659516:,1747647673138
counter/8/0/0/0,11698:1747647658189:,1747647673139
counter/8/0/0/0,11699:1747647658189:,1747647673139
counter/8/0/0/0,11700:1747647658203:,1747647673139
counter/8/0/0/0,11701:1747647658203:,1747647673139
counter/8/0/0/0,11702:1747647658203:,1747647673139
counter/5/0/0/0,11471:1747647658247:,1747647673139
counter/5/0/0/0,11472:1747647658247:,1747647673139
counter/10/0/0/0,10852:1747647658464:,1747647673139
counter/10/0/0/0,10853:1747647658464:,1747647673139
counter/10/0/0/0,10854:1747647658464:,1747647673139
counter/10/0/0/0,10855:1747647658464:,1747647673139
counter/10/0/0/0,10856:1747647658464:,1747647673139
counter/10/0/0/0,10857:1747647658466:,1747647673139
counter/10/0/0/0,10858:1747647658466:,1747647673140
counter/6/0/0/0,11060:1747647659092:,1747647673142
counter/9/0/0/0,11966:1747647658558:,1747647673142
counter/2/0/0/0,11306:1747647657902:,1747647673143
counter/8/0/0/0,11703:1747647658203:,1747647673143
counter/7/0/0/0,11396:1747647658924:,1747647673143
counter/7/0/0/0,11397:1747647658924:,1747647673143
counter/6/0/0/0,11061:1747647659092:,1747647673143
counter/6/0/0/0,11062:1747647659092:,1747647673143
counter/8/0/0/0,11704:1747647658203:,1747647673144
counter/8/0/0/0,11705:1747647658204:,1747647673144
counter/8/0/0/0,11706:1747647658204:,1747647673144
counter/8/0/0/0,11707:1747647658204:,1747647673144
counter/8/0/0/0,11708:1747647658204:,1747647673144
counter/8/0/0/0,11709:1747647658205:,1747647673144
counter/8/0/0/0,11710:1747647658205:,1747647673144
counter/5/0/0/0,11473:1747647658247:,1747647673144
counter/4/0/0/0,11711:1747647659894:,1747647673144
counter/3/0/0/0,12232:1747647659578:,1747647673146
counter/3/0/0/0,12233:1747647659578:,1747647673146
counter/3/0/0/0,12234:1747647659578:,1747647673146
counter/3/0/0/0,12235:1747647659578:,1747647673146
counter/3/0/0/0,12236:1747647659578:,1747647673147
counter/3/0/0/0,12237:1747647659578:,1747647673147
counter/2/0/0/0,11307:1747647657902:,1747647673147
counter/2/0/0/0,11308:1747647657902:,1747647673147
counter/1/0/0/0,12452:1747647659516:,1747647673148
counter/4/0/0/0,11712:1747647659894:,1747647673148
counter/7/0/0/0,11398:1747647658924:,1747647673149
counter/7/0/0/0,11399:1747647658924:,1747647673149
counter/7/0/0/0,11400:1747647658924:,1747647673149
counter/7/0/0/0,11401:1747647658924:,1747647673149
counter/6/0/0/0,11063:1747647659092:,1747647673149
counter/7/0/0/0,11402:1747647658924:,1747647673149
counter/10/0/0/0,10859:1747647658466:,1747647673149
counter/7/0/0/0,11403:1747647658924:,1747647673149
counter/10/0/0/0,10860:1747647658466:,1747647673149
counter/10/0/0/0,10861:1747647658466:,1747647673149
counter/10/0/0/0,10862:1747647658466:,1747647673149
counter/10/0/0/0,10863:1747647658466:,1747647673149
counter/1/0/0/0,12453:1747647659516:,1747647673149
counter/8/0/0/0,11711:1747647658206:,1747647673149
counter/8/0/0/0,11712:1747647658220:,1747647673149
counter/8/0/0/0,11713:1747647658220:,1747647673149
counter/8/0/0/0,11714:1747647658220:,1747647673149
counter/4/0/0/0,11713:1747647659894:,1747647673150
counter/1/0/0/0,12454:1747647659516:,1747647673150
counter/10/0/0/0,10864:1747647658481:,1747647673151
counter/10/0/0/0,10865:1747647658482:,1747647673151
counter/10/0/0/0,10866:1747647658482:,1747647673151
counter/10/0/0/0,10867:1747647658482:,1747647673151
counter/10/0/0/0,10868:1747647658482:,1747647673151
counter/7/0/0/0,11404:1747647658924:,1747647673151
counter/10/0/0/0,10869:1747647658491:,1747647673152
counter/7/0/0/0,11405:1747647658924:,1747647673152
counter/10/0/0/0,10870:1747647658491:,1747647673152
counter/7/0/0/0,11406:1747647658924:,1747647673152
counter/10/0/0/0,10871:1747647658491:,1747647673152
counter/7/0/0/0,11407:1747647658924:,1747647673152
counter/7/0/0/0,11408:1747647658924:,1747647673152
counter/7/0/0/0,11409:1747647658924:,1747647673152
counter/7/0/0/0,11410:1747647658925:,1747647673152
counter/1/0/0/0,12455:1747647659516:,1747647673152
counter/1/0/0/0,12456:1747647659516:,1747647673152
counter/10/0/0/0,10872:1747647658491:,1747647673152
counter/1/0/0/0,12457:1747647659516:,1747647673152
counter/1/0/0/0,12458:1747647659516:,1747647673152
counter/4/0/0/0,11714:1747647659894:,1747647673152
counter/4/0/0/0,11715:1747647659894:,1747647673153
counter/1/0/0/0,12459:1747647659517:,1747647673153
counter/2/0/0/0,11309:1747647657902:,1747647673154
counter/3/0/0/0,12238:1747647659578:,1747647673155
counter/3/0/0/0,12239:1747647659578:,1747647673155
counter/3/0/0/0,12240:1747647659579:,1747647673155
counter/1/0/0/0,12460:1747647659517:,1747647673155
counter/7/0/0/0,11411:1747647658925:,1747647673155
counter/3/0/0/0,12241:1747647659584:,1747647673156
counter/7/0/0/0,11412:1747647658925:,1747647673156
counter/3/0/0/0,12242:1747647659584:,1747647673156
counter/7/0/0/0,11413:1747647658925:,1747647673156
counter/7/0/0/0,11414:1747647658925:,1747647673156
counter/7/0/0/0,11415:1747647658925:,1747647673156
counter/7/0/0/0,11416:1747647658925:,1747647673156
counter/2/0/0/0,11310:1747647657902:,1747647673156
counter/3/0/0/0,12243:1747647659584:,1747647673156
counter/2/0/0/0,11311:1747647657902:,1747647673156
counter/2/0/0/0,11312:1747647657902:,1747647673156
counter/2/0/0/0,11313:1747647657902:,1747647673156
counter/2/0/0/0,11314:1747647657902:,1747647673156
counter/2/0/0/0,11315:1747647657902:,1747647673156
counter/2/0/0/0,11316:1747647657902:,1747647673156
counter/2/0/0/0,11317:1747647657902:,1747647673156
counter/2/0/0/0,11318:1747647657902:,1747647673156
counter/2/0/0/0,11319:1747647657902:,1747647673156
counter/2/0/0/0,11320:1747647657902:,1747647673156
counter/2/0/0/0,11321:1747647657902:,1747647673157
counter/2/0/0/0,11322:1747647657903:,1747647673157
counter/2/0/0/0,11323:1747647657903:,1747647673157
counter/2/0/0/0,11324:1747647657903:,1747647673157
counter/2/0/0/0,11325:1747647657903:,1747647673157
counter/2/0/0/0,11326:1747647657903:,1747647673157
counter/2/0/0/0,11327:1747647657903:,1747647673157
counter/2/0/0/0,11328:1747647657903:,1747647673157
counter/2/0/0/0,11329:1747647657903:,1747647673157
counter/2/0/0/0,11330:1747647657903:,1747647673157
counter/9/0/0/0,11967:1747647658558:,1747647673157
counter/9/0/0/0,11968:1747647658558:,1747647673157
counter/9/0/0/0,11969:1747647658558:,1747647673157
counter/9/0/0/0,11970:1747647658582:,1747647673157
counter/9/0/0/0,11971:1747647658582:,1747647673157
counter/9/0/0/0,11972:1747647658869:,1747647673157
counter/9/0/0/0,11973:1747647658873:,1747647673157
counter/9/0/0/0,11974:1747647658877:,1747647673157
counter/9/0/0/0,11975:1747647658877:,1747647673157
counter/9/0/0/0,11976:1747647658877:,1747647673157
counter/10/0/0/0,10873:1747647658491:,1747647673157
counter/10/0/0/0,10874:1747647658491:,1747647673158
counter/10/0/0/0,10875:1747647658491:,1747647673158
counter/5/0/0/0,11474:1747647658247:,1747647673158
counter/7/0/0/0,11417:1747647658925:,1747647673158
counter/6/0/0/0,11064:1747647659092:,1747647673158
counter/2/0/0/0,11331:1747647657906:,1747647673158
counter/5/0/0/0,11475:1747647658247:,1747647673158
counter/10/0/0/0,10876:1747647658491:,1747647673159
counter/6/0/0/0,11065:1747647659092:,1747647673159
counter/10/0/0/0,10877:1747647658491:,1747647673159
counter/2/0/0/0,11332:1747647657906:,1747647673159
counter/2/0/0/0,11333:1747647657906:,1747647673159
counter/2/0/0/0,11334:1747647657907:,1747647673160
counter/2/0/0/0,11335:1747647657907:,1747647673160
counter/2/0/0/0,11336:1747647657907:,1747647673160
counter/2/0/0/0,11337:1747647657907:,1747647673160
counter/2/0/0/0,11338:1747647657907:,1747647673160
counter/2/0/0/0,11339:1747647657907:,1747647673160
counter/2/0/0/0,11340:1747647657907:,1747647673160
counter/2/0/0/0,11341:1747647657907:,1747647673160
counter/2/0/0/0,11342:1747647657907:,1747647673160
counter/2/0/0/0,11343:1747647657910:,1747647673160
counter/4/0/0/0,11716:1747647659894:,1747647673160
counter/2/0/0/0,11344:1747647657910:,1747647673160
counter/4/0/0/0,11717:1747647659894:,1747647673161
counter/10/0/0/0,10878:1747647658491:,1747647673162
counter/1/0/0/0,12461:1747647659517:,1747647673163
counter/1/0/0/0,12462:1747647659517:,1747647673164
counter/2/0/0/0,11345:1747647657910:,1747647673166
counter/2/0/0/0,11346:1747647657910:,1747647673166
counter/2/0/0/0,11347:1747647657910:,1747647673166
counter/2/0/0/0,11348:1747647657910:,1747647673166
counter/8/0/0/0,11715:1747647658220:,1747647673166
counter/6/0/0/0,11066:1747647659092:,1747647673166
counter/8/0/0/0,11716:1747647658220:,1747647673166
counter/9/0/0/0,11977:1747647658878:,1747647673166
counter/7/0/0/0,11418:1747647658925:,1747647673166
counter/9/0/0/0,11978:1747647658886:,1747647673166
counter/7/0/0/0,11419:1747647658925:,1747647673166
counter/7/0/0/0,11420:1747647658925:,1747647673166
counter/7/0/0/0,11421:1747647658925:,1747647673167
counter/7/0/0/0,11422:1747647658925:,1747647673167
counter/7/0/0/0,11423:1747647658925:,1747647673167
counter/7/0/0/0,11424:1747647658925:,1747647673167
counter/7/0/0/0,11425:1747647658925:,1747647673167
counter/7/0/0/0,11426:1747647658925:,1747647673168
counter/7/0/0/0,11427:1747647658925:,1747647673168
counter/7/0/0/0,11428:1747647658925:,1747647673168
counter/9/0/0/0,11979:1747647658908:,1747647673168
counter/3/0/0/0,12244:1747647659584:,1747647673170
counter/3/0/0/0,12245:1747647659584:,1747647673170
counter/3/0/0/0,12246:1747647659584:,1747647673170
counter/3/0/0/0,12247:1747647659584:,1747647673170
counter/3/0/0/0,12248:1747647659585:,1747647673170
counter/3/0/0/0,12249:1747647659585:,1747647673170
counter/3/0/0/0,12250:1747647659588:,1747647673170
counter/6/0/0/0,11067:1747647659092:,1747647673170
counter/1/0/0/0,12463:1747647659517:,1747647673170
counter/10/0/0/0,10879:1747647658491:,1747647673170
counter/7/0/0/0,11429:1747647658925:,1747647673170
counter/2/0/0/0,11349:1747647657910:,1747647673170
counter/2/0/0/0,11350:1747647657910:,1747647673171
counter/4/0/0/0,11718:1747647659894:,1747647673171
counter/2/0/0/0,11351:1747647657910:,1747647673171
counter/2/0/0/0,11352:1747647657910:,1747647673171
counter/6/0/0/0,11068:1747647659092:,1747647673171
counter/3/0/0/0,12251:1747647659588:,1747647673172
counter/3/0/0/0,12252:1747647659588:,1747647673172
counter/3/0/0/0,12253:1747647659588:,1747647673172
counter/3/0/0/0,12254:1747647659588:,1747647673172
counter/1/0/0/0,12464:1747647659517:,1747647673172
counter/1/0/0/0,12465:1747647659517:,1747647673172
counter/1/0/0/0,12466:1747647659518:,1747647673172
counter/10/0/0/0,10880:1747647658492:,1747647673173
counter/10/0/0/0,10881:1747647658492:,1747647673173
counter/6/0/0/0,11069:1747647659092:,1747647673173
counter/6/0/0/0,11070:1747647659092:,1747647673173
counter/6/0/0/0,11071:1747647659092:,1747647673173
counter/6/0/0/0,11072:1747647659092:,1747647673173
counter/6/0/0/0,11073:1747647659092:,1747647673173
counter/6/0/0/0,11074:1747647659092:,1747647673173
counter/6/0/0/0,11075:1747647659092:,1747647673173
counter/9/0/0/0,11980:1747647658908:,1747647673173
counter/6/0/0/0,11076:1747647659092:,1747647673173
counter/6/0/0/0,11077:1747647659093:,1747647673173
counter/7/0/0/0,11430:1747647658925:,1747647673173
counter/7/0/0/0,11431:1747647658925:,1747647673173
counter/7/0/0/0,11432:1747647658925:,1747647673173
counter/7/0/0/0,11433:1747647658925:,1747647673174
counter/7/0/0/0,11434:1747647658925:,1747647673174
counter/7/0/0/0,11435:1747647658925:,1747647673174
counter/2/0/0/0,11353:1747647657910:,1747647673174
counter/2/0/0/0,11354:1747647657910:,1747647673174
counter/2/0/0/0,11355:1747647657910:,1747647673174
counter/1/0/0/0,12467:1747647659518:,1747647673174
counter/10/0/0/0,10882:1747647658492:,1747647673175
counter/1/0/0/0,12468:1747647659518:,1747647673175
counter/5/0/0/0,11476:1747647658251:,1747647673175
counter/5/0/0/0,11477:1747647658251:,1747647673175
counter/5/0/0/0,11478:1747647658251:,1747647673175
counter/5/0/0/0,11479:1747647658251:,1747647673175
counter/5/0/0/0,11480:1747647658251:,1747647673175
counter/5/0/0/0,11481:1747647658251:,1747647673176
counter/2/0/0/0,11356:1747647657910:,1747647673176
counter/5/0/0/0,11482:1747647658251:,1747647673176
counter/6/0/0/0,11078:1747647659093:,1747647673176
counter/6/0/0/0,11079:1747647659093:,1747647673176
counter/6/0/0/0,11080:1747647659094:,1747647673176
counter/6/0/0/0,11081:1747647659094:,1747647673176
counter/6/0/0/0,11082:1747647659094:,1747647673176
counter/6/0/0/0,11083:1747647659094:,1747647673176
counter/6/0/0/0,11084:1747647659094:,1747647673176
counter/6/0/0/0,11085:1747647659094:,1747647673176
counter/6/0/0/0,11086:1747647659094:,1747647673176
counter/10/0/0/0,10883:1747647658492:,1747647673177
counter/10/0/0/0,10884:1747647658492:,1747647673177
counter/5/0/0/0,11483:1747647658251:,1747647673177
counter/2/0/0/0,11357:1747647657910:,1747647673177
counter/6/0/0/0,11087:1747647659094:,1747647673177
counter/4/0/0/0,11719:1747647659894:,1747647673177
counter/4/0/0/0,11720:1747647659894:,1747647673177
counter/7/0/0/0,11436:1747647658925:,1747647673178
counter/7/0/0/0,11437:1747647658925:,1747647673178
counter/7/0/0/0,11438:1747647658926:,1747647673178
counter/7/0/0/0,11439:1747647658926:,1747647673178
counter/7/0/0/0,11440:1747647658926:,1747647673178
counter/2/0/0/0,11358:1747647657910:,1747647673178
counter/2/0/0/0,11359:1747647657910:,1747647673178
counter/6/0/0/0,11088:1747647659094:,1747647673178
counter/7/0/0/0,11441:1747647658926:,1747647673182
counter/7/0/0/0,11442:1747647658926:,1747647673182
counter/7/0/0/0,11443:1747647658928:,1747647673182
counter/7/0/0/0,11444:1747647658928:,1747647673182
counter/7/0/0/0,11445:1747647658928:,1747647673182
counter/7/0/0/0,11446:1747647658928:,1747647673182
counter/1/0/0/0,12469:1747647659518:,1747647673182
counter/3/0/0/0,12255:1747647659588:,1747647673182
counter/3/0/0/0,12256:1747647659588:,1747647673183
counter/2/0/0/0,11360:1747647657910:,1747647673183
counter/2/0/0/0,11361:1747647657911:,1747647673183
counter/2/0/0/0,11362:1747647657911:,1747647673183
counter/2/0/0/0,11363:1747647657911:,1747647673183
counter/2/0/0/0,11364:1747647657911:,1747647673184
counter/2/0/0/0,11365:1747647657911:,1747647673184
counter/2/0/0/0,11366:1747647657911:,1747647673184
counter/2/0/0/0,11367:1747647657911:,1747647673184
counter/2/0/0/0,11368:1747647657911:,1747647673184
counter/8/0/0/0,11717:1747647658220:,1747647673186
counter/8/0/0/0,11718:1747647658220:,1747647673186
counter/8/0/0/0,11719:1747647658220:,1747647673186
counter/5/0/0/0,11484:1747647658251:,1747647673187
counter/5/0/0/0,11485:1747647658251:,1747647673187
counter/5/0/0/0,11486:1747647658251:,1747647673187
counter/5/0/0/0,11487:1747647658251:,1747647673187
counter/5/0/0/0,11488:1747647658251:,1747647673187
counter/5/0/0/0,11489:1747647658251:,1747647673187
counter/5/0/0/0,11490:1747647658251:,1747647673187
counter/5/0/0/0,11491:1747647658251:,1747647673187
counter/5/0/0/0,11492:1747647658251:,1747647673187
counter/5/0/0/0,11493:1747647658251:,1747647673187
counter/3/0/0/0,12257:1747647659588:,1747647673187
counter/2/0/0/0,11369:1747647657911:,1747647673188
counter/2/0/0/0,11370:1747647657911:,1747647673188
counter/2/0/0/0,11371:1747647657911:,1747647673188
counter/2/0/0/0,11372:1747647657911:,1747647673188
counter/2/0/0/0,11373:1747647657911:,1747647673188
counter/2/0/0/0,11374:1747647657911:,1747647673188
counter/8/0/0/0,11720:1747647658220:,1747647673188
counter/9/0/0/0,11981:1747647658908:,1747647673189
counter/8/0/0/0,11721:1747647658220:,1747647673190
counter/8/0/0/0,11722:1747647658220:,1747647673190
counter/9/0/0/0,11982:1747647658908:,1747647673190
counter/8/0/0/0,11723:1747647658220:,1747647673190
counter/2/0/0/0,11375:1747647657911:,1747647673190
counter/8/0/0/0,11724:1747647658221:,1747647673190
counter/2/0/0/0,11376:1747647657911:,1747647673190
counter/2/0/0/0,11377:1747647657911:,1747647673190
counter/2/0/0/0,11378:1747647657911:,1747647673190
counter/2/0/0/0,11379:1747647657911:,1747647673190
counter/2/0/0/0,11380:1747647657911:,1747647673190
counter/2/0/0/0,11381:1747647657911:,1747647673190
counter/4/0/0/0,11721:1747647659895:,1747647673190
counter/7/0/0/0,11447:1747647658928:,1747647673190
counter/5/0/0/0,11494:1747647658251:,1747647673190
counter/5/0/0/0,11495:1747647658251:,1747647673190
counter/5/0/0/0,11496:1747647658251:,1747647673190
counter/5/0/0/0,11497:1747647658266:,1747647673191
counter/5/0/0/0,11498:1747647658267:,1747647673191
counter/5/0/0/0,11499:1747647658267:,1747647673191
counter/5/0/0/0,11500:1747647658274:,1747647673191
counter/3/0/0/0,12258:1747647659588:,1747647673191
counter/3/0/0/0,12259:1747647659588:,1747647673191
counter/5/0/0/0,11501:1747647658274:,1747647673191
counter/4/0/0/0,11722:1747647659895:,1747647673191
counter/6/0/0/0,11089:1747647659094:,1747647673191
counter/4/0/0/0,11723:1747647659895:,1747647673191
counter/1/0/0/0,12470:1747647659518:,1747647673192
counter/5/0/0/0,11502:1747647658275:,1747647673192
counter/6/0/0/0,11090:1747647659094:,1747647673192
counter/4/0/0/0,11724:1747647659895:,1747647673192
counter/4/0/0/0,11725:1747647659895:,1747647673192
counter/8/0/0/0,11725:1747647658221:,1747647673192
counter/10/0/0/0,10885:1747647658492:,1747647673192
counter/5/0/0/0,11503:1747647658275:,1747647673193
counter/6/0/0/0,11091:1747647659094:,1747647673193
counter/6/0/0/0,11092:1747647659094:,1747647673193
counter/4/0/0/0,11726:1747647659896:,1747647673193
counter/4/0/0/0,11727:1747647659896:,1747647673193
counter/4/0/0/0,11728:1747647659896:,1747647673193
counter/4/0/0/0,11729:1747647659896:,1747647673193
counter/4/0/0/0,11730:1747647659896:,1747647673193
counter/4/0/0/0,11731:1747647659896:,1747647673193
counter/4/0/0/0,11732:1747647659896:,1747647673193
counter/8/0/0/0,11726:1747647658221:,1747647673193
counter/4/0/0/0,11733:1747647659896:,1747647673193
counter/4/0/0/0,11734:1747647659896:,1747647673193
counter/4/0/0/0,11735:1747647659896:,1747647673193
counter/2/0/0/0,11382:1747647657915:,1747647673193
counter/3/0/0/0,12260:1747647659588:,1747647673194
counter/3/0/0/0,12261:1747647659588:,1747647673194
counter/3/0/0/0,12262:1747647659588:,1747647673194
counter/3/0/0/0,12263:1747647659588:,1747647673194
counter/8/0/0/0,11727:1747647658221:,1747647673194
counter/2/0/0/0,11383:1747647657915:,1747647673195
counter/1/0/0/0,12471:1747647659518:,1747647673195
counter/1/0/0/0,12472:1747647659518:,1747647673195
counter/1/0/0/0,12473:1747647659518:,1747647673195
counter/1/0/0/0,12474:1747647659518:,1747647673195
counter/1/0/0/0,12475:1747647659518:,1747647673195
counter/1/0/0/0,12476:1747647659518:,1747647673195
counter/1/0/0/0,12477:1747647659518:,1747647673195
counter/1/0/0/0,12478:1747647659518:,1747647673195
counter/1/0/0/0,12479:1747647659518:,1747647673195
counter/1/0/0/0,12480:1747647659530:,1747647673195
counter/1/0/0/0,12481:1747647659531:,1747647673195
counter/1/0/0/0,12482:1747647659535:,1747647673195
counter/5/0/0/0,11504:1747647658275:,1747647673195
counter/1/0/0/0,12483:1747647659535:,1747647673195
counter/1/0/0/0,12484:1747647659535:,1747647673195
counter/1/0/0/0,12485:1747647659535:,1747647673195
counter/2/0/0/0,11384:1747647657915:,1747647673195
counter/7/0/0/0,11448:1747647658928:,1747647673195
counter/7/0/0/0,11449:1747647658928:,1747647673195
counter/7/0/0/0,11450:1747647658933:,1747647673195
counter/7/0/0/0,11451:1747647658933:,1747647673195
counter/7/0/0/0,11452:1747647658934:,1747647673196
counter/7/0/0/0,11453:1747647658934:,1747647673196
counter/7/0/0/0,11454:1747647658934:,1747647673196
counter/7/0/0/0,11455:1747647658934:,1747647673196
counter/7/0/0/0,11456:1747647658934:,1747647673196
counter/7/0/0/0,11457:1747647658934:,1747647673196
counter/7/0/0/0,11458:1747647658934:,1747647673196
counter/7/0/0/0,11459:1747647658934:,1747647673196
counter/7/0/0/0,11460:1747647658934:,1747647673196
counter/7/0/0/0,11461:1747647658934:,1747647673196
counter/3/0/0/0,12264:1747647659588:,1747647673196
counter/7/0/0/0,11462:1747647658934:,1747647673196
counter/3/0/0/0,12265:1747647659588:,1747647673196
counter/6/0/0/0,11093:1747647659094:,1747647673196
counter/7/0/0/0,11463:1747647658934:,1747647673196
counter/3/0/0/0,12266:1747647659588:,1747647673196
counter/8/0/0/0,11728:1747647658221:,1747647673196
counter/8/0/0/0,11729:1747647658221:,1747647673196
counter/9/0/0/0,11983:1747647658908:,1747647673196
counter/9/0/0/0,11984:1747647658908:,1747647673196
counter/9/0/0/0,11985:1747647658909:,1747647673197
counter/9/0/0/0,11986:1747647658909:,1747647673197
counter/9/0/0/0,11987:1747647658909:,1747647673197
counter/9/0/0/0,11988:1747647658909:,1747647673197
counter/9/0/0/0,11989:1747647658909:,1747647673197
counter/7/0/0/0,11464:1747647658934:,1747647673197
counter/7/0/0/0,11465:1747647658934:,1747647673197
counter/7/0/0/0,11466:1747647658934:,1747647673197
counter/7/0/0/0,11467:1747647658934:,1747647673197
counter/7/0/0/0,11468:1747647658934:,1747647673197
counter/7/0/0/0,11469:1747647658934:,1747647673197
counter/7/0/0/0,11470:1747647658934:,1747647673197
counter/7/0/0/0,11471:1747647658934:,1747647673197
counter/3/0/0/0,12267:1747647659588:,1747647673197
counter/3/0/0/0,12268:1747647659592:,1747647673197
counter/3/0/0/0,12269:1747647659593:,1747647673197
counter/3/0/0/0,12270:1747647659594:,1747647673197
counter/3/0/0/0,12271:1747647659594:,1747647673197
counter/3/0/0/0,12272:1747647659594:,1747647673197
counter/3/0/0/0,12273:1747647659594:,1747647673198
counter/3/0/0/0,12274:1747647659594:,1747647673198
counter/3/0/0/0,12275:1747647659594:,1747647673198
counter/3/0/0/0,12276:1747647659594:,1747647673198
counter/3/0/0/0,12277:1747647659594:,1747647673198
counter/3/0/0/0,12278:1747647659595:,1747647673198
counter/8/0/0/0,11730:1747647658221:,1747647673198
counter/7/0/0/0,11472:1747647658936:,1747647673198
counter/10/0/0/0,10886:1747647658492:,1747647673198
counter/2/0/0/0,11385:1747647657915:,1747647673199
counter/2/0/0/0,11386:1747647657915:,1747647673199
counter/2/0/0/0,11387:1747647657915:,1747647673199
counter/6/0/0/0,11094:1747647659094:,1747647673199
counter/2/0/0/0,11388:1747647657915:,1747647673199
counter/7/0/0/0,11473:1747647658936:,1747647673199
counter/7/0/0/0,11474:1747647658937:,1747647673199
counter/7/0/0/0,11475:1747647658941:,1747647673199
counter/10/0/0/0,10887:1747647658495:,1747647673199
counter/8/0/0/0,11731:1747647658221:,1747647673199
counter/9/0/0/0,11990:1747647658909:,1747647673200
counter/5/0/0/0,11505:1747647658275:,1747647673200
counter/7/0/0/0,11476:1747647658941:,1747647673200
counter/7/0/0/0,11477:1747647658942:,1747647673200
counter/10/0/0/0,10888:1747647658495:,1747647673200
counter/4/0/0/0,11736:1747647659896:,1747647673200
counter/4/0/0/0,11737:1747647659896:,1747647673200
counter/4/0/0/0,11738:1747647659896:,1747647673200
counter/4/0/0/0,11739:1747647659896:,1747647673200
counter/4/0/0/0,11740:1747647659896:,1747647673200
counter/4/0/0/0,11741:1747647659896:,1747647673200
counter/5/0/0/0,11506:1747647658275:,1747647673201
counter/2/0/0/0,11389:1747647657916:,1747647673201
counter/6/0/0/0,11095:1747647659094:,1747647673201
counter/1/0/0/0,12486:1747647659535:,1747647673201
counter/1/0/0/0,12487:1747647659535:,1747647673201
counter/1/0/0/0,12488:1747647659536:,1747647673201
counter/1/0/0/0,12489:1747647659536:,1747647673201
counter/1/0/0/0,12490:1747647659536:,1747647673202
counter/1/0/0/0,12491:1747647659536:,1747647673202
counter/1/0/0/0,12492:1747647659536:,1747647673202
counter/1/0/0/0,12493:1747647659536:,1747647673202
counter/1/0/0/0,12494:1747647659536:,1747647673202
counter/1/0/0/0,12495:1747647659536:,1747647673202
counter/1/0/0/0,12496:1747647659536:,1747647673202
counter/1/0/0/0,12497:1747647659536:,1747647673202
counter/1/0/0/0,12498:1747647659536:,1747647673202
counter/1/0/0/0,12499:1747647659536:,1747647673202
counter/1/0/0/0,12500:1747647659536:,1747647673202
counter/1/0/0/0,12501:1747647659536:,1747647673202
counter/1/0/0/0,12502:1747647659541:,1747647673202
counter/3/0/0/0,12279:1747647659595:,1747647673203
counter/3/0/0/0,12280:1747647659616:,1747647673203
counter/3/0/0/0,12281:1747647659623:,1747647673203
counter/3/0/0/0,12282:1747647659623:,1747647673203
counter/3/0/0/0,12283:1747647659623:,1747647673203
counter/3/0/0/0,12284:1747647659627:,1747647673204
counter/3/0/0/0,12285:1747647659627:,1747647673204
counter/3/0/0/0,12286:1747647659627:,1747647673204
counter/3/0/0/0,12287:1747647659627:,1747647673204
counter/3/0/0/0,12288:1747647659627:,1747647673204
counter/3/0/0/0,12289:1747647659627:,1747647673204
counter/3/0/0/0,12290:1747647659627:,1747647673204
counter/3/0/0/0,12291:1747647659627:,1747647673204
counter/3/0/0/0,12292:1747647659627:,1747647673204
counter/3/0/0/0,12293:1747647659627:,1747647673204
counter/4/0/0/0,11742:1747647659896:,1747647673204
counter/4/0/0/0,11743:1747647659896:,1747647673204
counter/5/0/0/0,11507:1747647658275:,1747647673204
counter/7/0/0/0,11478:1747647658942:,1747647673206
counter/6/0/0/0,11096:1747647659094:,1747647673206
counter/7/0/0/0,11479:1747647658953:,1747647673206
counter/6/0/0/0,11097:1747647659094:,1747647673206
counter/6/0/0/0,11098:1747647659094:,1747647673206
counter/5/0/0/0,11508:1747647658275:,1747647673206
counter/3/0/0/0,12294:1747647659627:,1747647673206
counter/6/0/0/0,11099:1747647659094:,1747647673207
counter/5/0/0/0,11509:1747647658275:,1747647673207
counter/4/0/0/0,11744:1747647659896:,1747647673207
counter/6/0/0/0,11100:1747647659094:,1747647673207
counter/4/0/0/0,11745:1747647659896:,1747647673207
counter/6/0/0/0,11101:1747647659094:,1747647673207
counter/4/0/0/0,11746:1747647659896:,1747647673207
counter/6/0/0/0,11102:1747647659094:,1747647673207
counter/4/0/0/0,11747:1747647659896:,1747647673207
counter/4/0/0/0,11748:1747647659896:,1747647673207
counter/9/0/0/0,11991:1747647658909:,1747647673207
counter/4/0/0/0,11749:1747647659896:,1747647673207
counter/6/0/0/0,11103:1747647659094:,1747647673208
counter/1/0/0/0,12503:1747647659545:,1747647673208
counter/1/0/0/0,12504:1747647659545:,1747647673208
counter/1/0/0/0,12505:1747647659545:,1747647673208
counter/1/0/0/0,12506:1747647659545:,1747647673208
counter/5/0/0/0,11510:1747647658275:,1747647673208
counter/8/0/0/0,11732:1747647658221:,1747647673209
counter/1/0/0/0,12507:1747647659552:,1747647673209
counter/4/0/0/0,11750:1747647659896:,1747647673209
counter/7/0/0/0,11480:1747647658953:,1747647673209
counter/3/0/0/0,12295:1747647659629:,1747647673210
counter/3/0/0/0,12296:1747647659634:,1747647673211
counter/3/0/0/0,12297:1747647659634:,1747647673211
counter/3/0/0/0,12298:1747647659634:,1747647673211
counter/1/0/0/0,12508:1747647659552:,1747647673211
counter/3/0/0/0,12299:1747647659634:,1747647673211
counter/1/0/0/0,12509:1747647659552:,1747647673211
counter/3/0/0/0,12300:1747647659634:,1747647673211
counter/1/0/0/0,12510:1747647659552:,1747647673211
counter/3/0/0/0,12301:1747647659634:,1747647673211
counter/1/0/0/0,12511:1747647659552:,1747647673211
counter/1/0/0/0,12512:1747647659552:,1747647673211
counter/1/0/0/0,12513:1747647659557:,1747647673211
counter/1/0/0/0,12514:1747647659557:,1747647673211
counter/1/0/0/0,12515:1747647659557:,1747647673211
counter/1/0/0/0,12516:1747647659557:,1747647673211
counter/1/0/0/0,12517:1747647659557:,1747647673211
counter/6/0/0/0,11104:1747647659094:,1747647673211
counter/6/0/0/0,11105:1747647659094:,1747647673212
counter/6/0/0/0,11106:1747647659094:,1747647673212
counter/6/0/0/0,11107:1747647659094:,1747647673212
counter/6/0/0/0,11108:1747647659095:,1747647673212
counter/3/0/0/0,12302:1747647659634:,1747647673212
counter/6/0/0/0,11109:1747647659112:,1747647673212
counter/6/0/0/0,11110:1747647659112:,1747647673212
counter/6/0/0/0,11111:1747647659112:,1747647673212
counter/6/0/0/0,11112:1747647659113:,1747647673212
counter/6/0/0/0,11113:1747647659118:,1747647673212
counter/6/0/0/0,11114:1747647659119:,1747647673212
counter/6/0/0/0,11115:1747647659119:,1747647673212
counter/6/0/0/0,11116:1747647659119:,1747647673212
counter/6/0/0/0,11117:1747647659119:,1747647673212
counter/6/0/0/0,11118:1747647659119:,1747647673212
counter/6/0/0/0,11119:1747647659119:,1747647673212
counter/8/0/0/0,11733:1747647658221:,1747647673213
counter/8/0/0/0,11734:1747647658221:,1747647673213
counter/8/0/0/0,11735:1747647658237:,1747647673213
counter/6/0/0/0,11120:1747647659119:,1747647673213
counter/8/0/0/0,11736:1747647658237:,1747647673213
counter/4/0/0/0,11751:1747647659896:,1747647673213
counter/9/0/0/0,11992:1747647658909:,1747647673213
counter/8/0/0/0,11737:1747647658237:,1747647673213
counter/4/0/0/0,11752:1747647659896:,1747647673213
counter/8/0/0/0,11738:1747647658237:,1747647673213
counter/4/0/0/0,11753:1747647659910:,1747647673213
counter/8/0/0/0,11739:1747647658237:,1747647673213
counter/4/0/0/0,11754:1747647659910:,1747647673214
counter/8/0/0/0,11740:1747647658237:,1747647673214
counter/4/0/0/0,11755:1747647659910:,1747647673214
counter/4/0/0/0,11756:1747647659910:,1747647673214
counter/5/0/0/0,11511:1747647658276:,1747647673215
counter/5/0/0/0,11512:1747647658276:,1747647673215
counter/3/0/0/0,12303:1747647659638:,1747647673215
counter/9/0/0/0,11993:1747647658909:,1747647673215
counter/5/0/0/0,11513:1747647658276:,1747647673215
counter/5/0/0/0,11514:1747647658276:,1747647673215
counter/5/0/0/0,11515:1747647658276:,1747647673215
counter/5/0/0/0,11516:1747647658276:,1747647673215
counter/5/0/0/0,11517:1747647658276:,1747647673215
counter/5/0/0/0,11518:1747647658276:,1747647673215
counter/10/0/0/0,10889:1747647658495:,1747647673217
counter/10/0/0/0,10890:1747647658495:,1747647673218
counter/10/0/0/0,10891:1747647658495:,1747647673218
counter/10/0/0/0,10892:1747647658496:,1747647673218
counter/10/0/0/0,10893:1747647658496:,1747647673218
counter/10/0/0/0,10894:1747647658496:,1747647673218
counter/10/0/0/0,10895:1747647658496:,1747647673218
counter/10/0/0/0,10896:1747647658496:,1747647673218
counter/10/0/0/0,10897:1747647658496:,1747647673218
counter/10/0/0/0,10898:1747647658496:,1747647673219
counter/3/0/0/0,12304:1747647659638:,1747647673219
counter/6/0/0/0,11121:1747647659124:,1747647673220
counter/6/0/0/0,11122:1747647659124:,1747647673222
counter/6/0/0/0,11123:1747647659124:,1747647673222
counter/6/0/0/0,11124:1747647659124:,1747647673222
counter/6/0/0/0,11125:1747647659124:,1747647673223
counter/6/0/0/0,11126:1747647659124:,1747647673223
counter/4/0/0/0,11757:1747647659910:,1747647673223
counter/9/0/0/0,11994:1747647658921:,1747647673223
counter/7/0/0/0,11481:1747647658953:,1747647673223
counter/9/0/0/0,11995:1747647658921:,1747647673223
counter/2/0/0/0,11390:1747647657916:,1747647673223
counter/9/0/0/0,11996:1747647658921:,1747647673223
counter/8/0/0/0,11741:1747647658237:,1747647673223
counter/7/0/0/0,11482:1747647658953:,1747647673225
counter/7/0/0/0,11483:1747647658953:,1747647673225
counter/7/0/0/0,11484:1747647658953:,1747647673225
counter/7/0/0/0,11485:1747647658966:,1747647673225
counter/7/0/0/0,11486:1747647658966:,1747647673226
counter/7/0/0/0,11487:1747647658966:,1747647673226
counter/7/0/0/0,11488:1747647658966:,1747647673226
counter/7/0/0/0,11489:1747647658966:,1747647673226
counter/7/0/0/0,11490:1747647658966:,1747647673226
counter/5/0/0/0,11519:1747647658276:,1747647673226
counter/9/0/0/0,11997:1747647658921:,1747647673226
counter/1/0/0/0,12518:1747647659557:,1747647673227
counter/1/0/0/0,12519:1747647659557:,1747647673227
counter/1/0/0/0,12520:1747647659557:,1747647673227
counter/1/0/0/0,12521:1747647659557:,1747647673227
counter/1/0/0/0,12522:1747647659557:,1747647673227
counter/1/0/0/0,12523:1747647659557:,1747647673227
counter/1/0/0/0,12524:1747647659557:,1747647673227
counter/1/0/0/0,12525:1747647659558:,1747647673227
counter/8/0/0/0,11742:1747647658237:,1747647673227
counter/1/0/0/0,12526:1747647659558:,1747647673230
counter/8/0/0/0,11743:1747647658237:,1747647673230
counter/1/0/0/0,12527:1747647659558:,1747647673230
counter/5/0/0/0,11520:1747647658276:,1747647673230
counter/5/0/0/0,11521:1747647658276:,1747647673230
counter/5/0/0/0,11522:1747647658276:,1747647673230
counter/5/0/0/0,11523:1747647658280:,1747647673231
counter/1/0/0/0,12528:1747647659558:,1747647673231
counter/1/0/0/0,12529:1747647659558:,1747647673231
counter/1/0/0/0,12530:1747647659558:,1747647673231
counter/1/0/0/0,12531:1747647659558:,1747647673231
counter/1/0/0/0,12532:1747647659558:,1747647673232
counter/1/0/0/0,12533:1747647659558:,1747647673232
counter/1/0/0/0,12534:1747647659558:,1747647673232
counter/10/0/0/0,10899:1747647658496:,1747647673232
counter/10/0/0/0,10900:1747647658496:,1747647673232
counter/10/0/0/0,10901:1747647658496:,1747647673232
counter/8/0/0/0,11744:1747647658237:,1747647673232
counter/10/0/0/0,10902:1747647658496:,1747647673232
counter/7/0/0/0,11491:1747647658966:,1747647673232
counter/2/0/0/0,11391:1747647657916:,1747647673232
counter/2/0/0/0,11392:1747647657916:,1747647673233
counter/2/0/0/0,11393:1747647657916:,1747647673233
counter/2/0/0/0,11394:1747647657916:,1747647673233
counter/2/0/0/0,11395:1747647657916:,1747647673233
counter/1/0/0/0,12535:1747647659558:,1747647673233
counter/3/0/0/0,12305:1747647659638:,1747647673233
counter/1/0/0/0,12536:1747647659558:,1747647673234
counter/9/0/0/0,11998:1747647658921:,1747647673234
counter/6/0/0/0,11127:1747647659124:,1747647673236
counter/6/0/0/0,11128:1747647659124:,1747647673236
counter/6/0/0/0,11129:1747647659124:,1747647673236
counter/6/0/0/0,11130:1747647659128:,1747647673236
counter/6/0/0/0,11131:1747647659128:,1747647673236
counter/6/0/0/0,11132:1747647659128:,1747647673236
counter/6/0/0/0,11133:1747647659129:,1747647673236
counter/6/0/0/0,11134:1747647659129:,1747647673236
counter/6/0/0/0,11135:1747647659129:,1747647673236
counter/6/0/0/0,11136:1747647659130:,1747647673236
counter/6/0/0/0,11137:1747647659130:,1747647673236
counter/6/0/0/0,11138:1747647659130:,1747647673236
counter/6/0/0/0,11139:1747647659130:,1747647673236
counter/1/0/0/0,12537:1747647659558:,1747647673236
counter/7/0/0/0,11492:1747647658966:,1747647673236
counter/1/0/0/0,12538:1747647659558:,1747647673237
counter/1/0/0/0,12539:1747647659558:,1747647673237
counter/1/0/0/0,12540:1747647659558:,1747647673237
counter/1/0/0/0,12541:1747647659558:,1747647673237
counter/1/0/0/0,12542:1747647659558:,1747647673237
counter/1/0/0/0,12543:1747647659558:,1747647673238
counter/1/0/0/0,12544:1747647659558:,1747647673238
counter/1/0/0/0,12545:1747647659558:,1747647673238
counter/2/0/0/0,11396:1747647657922:,1747647673238
counter/6/0/0/0,11140:1747647659130:,1747647673238
counter/10/0/0/0,10903:1747647658496:,1747647673238
counter/9/0/0/0,11999:1747647658921:,1747647673239
counter/9/0/0/0,12000:1747647658921:,1747647673239
counter/8/0/0/0,11745:1747647658237:,1747647673239
counter/8/0/0/0,11746:1747647658237:,1747647673239
counter/7/0/0/0,11493:1747647658967:,1747647673239
counter/9/0/0/0,12001:1747647658922:,1747647673239
counter/1/0/0/0,12546:1747647659558:,1747647673239
counter/9/0/0/0,12002:1747647658922:,1747647673240
counter/2/0/0/0,11397:1747647657923:,1747647673240
counter/2/0/0/0,11398:1747647657923:,1747647673240
counter/2/0/0/0,11399:1747647657923:,1747647673240
counter/2/0/0/0,11400:1747647657923:,1747647673240
counter/2/0/0/0,11401:1747647657923:,1747647673240
counter/2/0/0/0,11402:1747647657923:,1747647673240
counter/2/0/0/0,11403:1747647657923:,1747647673240
counter/2/0/0/0,11404:1747647657923:,1747647673240
counter/4/0/0/0,11758:1747647659913:,1747647673243
counter/6/0/0/0,11141:1747647659130:,1747647673243
counter/4/0/0/0,11759:1747647659913:,1747647673243
counter/4/0/0/0,11760:1747647659913:,1747647673243
counter/4/0/0/0,11761:1747647659913:,1747647673243
counter/4/0/0/0,11762:1747647659914:,1747647673243
counter/4/0/0/0,11763:1747647659914:,1747647673243
counter/4/0/0/0,11764:1747647659914:,1747647673243
counter/4/0/0/0,11765:1747647659914:,1747647673243
counter/4/0/0/0,11766:1747647659914:,1747647673243
counter/4/0/0/0,11767:1747647659914:,1747647673243
counter/4/0/0/0,11768:1747647659914:,1747647673244
counter/4/0/0/0,11769:1747647659914:,1747647673244
counter/4/0/0/0,11770:1747647659914:,1747647673244
counter/4/0/0/0,11771:1747647659915:,1747647673244
counter/4/0/0/0,11772:1747647659915:,1747647673244
counter/6/0/0/0,11142:1747647659130:,1747647673244
counter/1/0/0/0,12547:1747647659558:,1747647673244
counter/6/0/0/0,11143:1747647659130:,1747647673244
counter/8/0/0/0,11747:1747647658238:,1747647673246
counter/6/0/0/0,11144:1747647659139:,1747647673247
counter/4/0/0/0,11773:1747647659915:,1747647673247
counter/5/0/0/0,11524:1747647658280:,1747647673250
counter/1/0/0/0,12548:1747647659558:,1747647673251
counter/7/0/0/0,11494:1747647658967:,1747647673251
counter/9/0/0/0,12003:1747647658922:,1747647673251
counter/7/0/0/0,11495:1747647658967:,1747647673251
counter/6/0/0/0,11145:1747647659139:,1747647673251
counter/7/0/0/0,11496:1747647658967:,1747647673252
counter/7/0/0/0,11497:1747647658967:,1747647673252
counter/7/0/0/0,11498:1747647658967:,1747647673252
counter/7/0/0/0,11499:1747647658967:,1747647673252
counter/7/0/0/0,11500:1747647658967:,1747647673252
counter/7/0/0/0,11501:1747647658967:,1747647673252
counter/3/0/0/0,12306:1747647659638:,1747647673252
counter/3/0/0/0,12307:1747647659638:,1747647673252
counter/3/0/0/0,12308:1747647659638:,1747647673252
counter/3/0/0/0,12309:1747647659638:,1747647673253
counter/8/0/0/0,11748:1747647658238:,1747647673253
counter/8/0/0/0,11749:1747647658241:,1747647673253
counter/8/0/0/0,11750:1747647658241:,1747647673253
counter/10/0/0/0,10904:1747647658496:,1747647673253
counter/8/0/0/0,11751:1747647658241:,1747647673253
counter/8/0/0/0,11752:1747647658241:,1747647673253
counter/8/0/0/0,11753:1747647658241:,1747647673253
counter/8/0/0/0,11754:1747647658241:,1747647673253
counter/8/0/0/0,11755:1747647658241:,1747647673254
counter/8/0/0/0,11756:1747647658241:,1747647673254
counter/8/0/0/0,11757:1747647658241:,1747647673254
counter/9/0/0/0,12004:1747647658922:,1747647673254
counter/6/0/0/0,11146:1747647659139:,1747647673254
counter/1/0/0/0,12549:1747647659564:,1747647673254
counter/6/0/0/0,11147:1747647659139:,1747647673254
counter/3/0/0/0,12310:1747647659641:,1747647673254
counter/7/0/0/0,11502:1747647658967:,1747647673254
counter/7/0/0/0,11503:1747647658967:,1747647673254
counter/7/0/0/0,11504:1747647658967:,1747647673254
counter/4/0/0/0,11774:1747647659915:,1747647673254
counter/2/0/0/0,11405:1747647657923:,1747647673254
counter/2/0/0/0,11406:1747647657923:,1747647673254
counter/2/0/0/0,11407:1747647657923:,1747647673255
counter/10/0/0/0,10905:1747647658496:,1747647673255
counter/8/0/0/0,11758:1747647658241:,1747647673255
counter/3/0/0/0,12311:1747647659641:,1747647673255
counter/3/0/0/0,12312:1747647659641:,1747647673255
counter/3/0/0/0,12313:1747647659663:,1747647673255
counter/3/0/0/0,12314:1747647659667:,1747647673256
counter/3/0/0/0,12315:1747647659667:,1747647673256
counter/3/0/0/0,12316:1747647659667:,1747647673256
counter/6/0/0/0,11148:1747647659139:,1747647673256
counter/3/0/0/0,12317:1747647659667:,1747647673256
counter/3/0/0/0,12318:1747647659667:,1747647673257
counter/3/0/0/0,12319:1747647659672:,1747647673257
counter/3/0/0/0,12320:1747647659672:,1747647673257
counter/3/0/0/0,12321:1747647659673:,1747647673257
counter/3/0/0/0,12322:1747647659673:,1747647673257
counter/3/0/0/0,12323:1747647659673:,1747647673257
counter/3/0/0/0,12324:1747647659673:,1747647673257
counter/5/0/0/0,11525:1747647658280:,1747647673257
counter/9/0/0/0,12005:1747647658922:,1747647673257
counter/5/0/0/0,11526:1747647658280:,1747647673257
counter/9/0/0/0,12006:1747647658922:,1747647673257
counter/7/0/0/0,11505:1747647658967:,1747647673257
counter/7/0/0/0,11506:1747647658967:,1747647673257
counter/4/0/0/0,11775:1747647659915:,1747647673257
counter/4/0/0/0,11776:1747647659915:,1747647673257
counter/4/0/0/0,11777:1747647659915:,1747647673257
counter/4/0/0/0,11778:1747647659915:,1747647673258
counter/4/0/0/0,11779:1747647659920:,1747647673258
counter/4/0/0/0,11780:1747647659920:,1747647673258
counter/4/0/0/0,11781:1747647659921:,1747647673258
counter/4/0/0/0,11782:1747647659921:,1747647673258
counter/5/0/0/0,11527:1747647658280:,1747647673258
counter/1/0/0/0,12550:1747647659564:,1747647673258
counter/4/0/0/0,11783:1747647659921:,1747647673258
counter/1/0/0/0,12551:1747647659564:,1747647673258
counter/1/0/0/0,12552:1747647659564:,1747647673258
counter/1/0/0/0,12553:1747647659564:,1747647673258
counter/1/0/0/0,12554:1747647659564:,1747647673258
counter/1/0/0/0,12555:1747647659565:,1747647673259
counter/1/0/0/0,12556:1747647659565:,1747647673259
counter/1/0/0/0,12557:1747647659565:,1747647673259
counter/1/0/0/0,12558:1747647659565:,1747647673259
counter/1/0/0/0,12559:1747647659565:,1747647673259
counter/1/0/0/0,12560:1747647659565:,1747647673260
counter/5/0/0/0,11528:1747647658280:,1747647673260
counter/9/0/0/0,12007:1747647658922:,1747647673260
counter/5/0/0/0,11529:1747647658280:,1747647673260
counter/4/0/0/0,11784:1747647659921:,1747647673262
counter/4/0/0/0,11785:1747647659921:,1747647673262
counter/4/0/0/0,11786:1747647659921:,1747647673262
counter/6/0/0/0,11149:1747647659142:,1747647673262
counter/9/0/0/0,12008:1747647658936:,1747647673262
counter/5/0/0/0,11530:1747647658281:,1747647673262
counter/5/0/0/0,11531:1747647658282:,1747647673262
counter/5/0/0/0,11532:1747647658282:,1747647673262
counter/5/0/0/0,11533:1747647658282:,1747647673262
counter/8/0/0/0,11759:1747647658241:,1747647673263
counter/5/0/0/0,11534:1747647658303:,1747647673263
counter/1/0/0/0,12561:1747647659565:,1747647673263
counter/1/0/0/0,12562:1747647659565:,1747647673263
counter/1/0/0/0,12563:1747647659565:,1747647673263
counter/1/0/0/0,12564:1747647659571:,1747647673263
counter/1/0/0/0,12565:1747647659571:,1747647673263
counter/1/0/0/0,12566:1747647659571:,1747647673263
counter/1/0/0/0,12567:1747647659571:,1747647673263
counter/1/0/0/0,12568:1747647659585:,1747647673263
counter/1/0/0/0,12569:1747647659585:,1747647673263
counter/1/0/0/0,12570:1747647659585:,1747647673263
counter/1/0/0/0,12571:1747647659585:,1747647673263
counter/1/0/0/0,12572:1747647659585:,1747647673263
counter/1/0/0/0,12573:1747647659585:,1747647673263
counter/5/0/0/0,11535:1747647658307:,1747647673263
counter/1/0/0/0,12574:1747647659585:,1747647673264
counter/1/0/0/0,12575:1747647659586:,1747647673264
counter/1/0/0/0,12576:1747647659586:,1747647673264
counter/2/0/0/0,11408:1747647657923:,1747647673264
counter/10/0/0/0,10906:1747647658496:,1747647673264
counter/6/0/0/0,11150:1747647659142:,1747647673264
counter/10/0/0/0,10907:1747647658496:,1747647673264
counter/10/0/0/0,10908:1747647658496:,1747647673264
counter/10/0/0/0,10909:1747647658496:,1747647673264
counter/7/0/0/0,11507:1747647658967:,1747647673265
counter/6/0/0/0,11151:1747647659142:,1747647673265
counter/6/0/0/0,11152:1747647659146:,1747647673265
counter/6/0/0/0,11153:1747647659147:,1747647673265
counter/6/0/0/0,11154:1747647659147:,1747647673265
counter/6/0/0/0,11155:1747647659147:,1747647673265
counter/6/0/0/0,11156:1747647659147:,1747647673266
counter/6/0/0/0,11157:1747647659147:,1747647673266
counter/6/0/0/0,11158:1747647659147:,1747647673266
counter/6/0/0/0,11159:1747647659147:,1747647673266
counter/6/0/0/0,11160:1747647659147:,1747647673266
counter/6/0/0/0,11161:1747647659147:,1747647673266
counter/6/0/0/0,11162:1747647659147:,1747647673266
counter/10/0/0/0,10910:1747647658496:,1747647673266
counter/1/0/0/0,12577:1747647659586:,1747647673266
counter/10/0/0/0,10911:1747647658496:,1747647673267
counter/1/0/0/0,12578:1747647659586:,1747647673267
counter/1/0/0/0,12579:1747647659586:,1747647673267
counter/1/0/0/0,12580:1747647659587:,1747647673267
counter/1/0/0/0,12581:1747647659587:,1747647673267
counter/1/0/0/0,12582:1747647659587:,1747647673267
counter/1/0/0/0,12583:1747647659587:,1747647673267
counter/1/0/0/0,12584:1747647659594:,1747647673267
counter/1/0/0/0,12585:1747647659598:,1747647673267
counter/1/0/0/0,12586:1747647659599:,1747647673267
counter/1/0/0/0,12587:1747647659608:,1747647673267
counter/1/0/0/0,12588:1747647659617:,1747647673267
counter/1/0/0/0,12589:1747647659625:,1747647673267
counter/1/0/0/0,12590:1747647659625:,1747647673267
counter/1/0/0/0,12591:1747647659627:,1747647673267
counter/1/0/0/0,12592:1747647659627:,1747647673267
counter/1/0/0/0,12593:1747647659627:,1747647673267
counter/1/0/0/0,12594:1747647659627:,1747647673267
counter/1/0/0/0,12595:1747647659628:,1747647673268
counter/8/0/0/0,11760:1747647658241:,1747647673271
counter/4/0/0/0,11787:1747647659921:,1747647673271
counter/8/0/0/0,11761:1747647658241:,1747647673271
counter/8/0/0/0,11762:1747647658241:,1747647673271
counter/8/0/0/0,11763:1747647658241:,1747647673271
counter/5/0/0/0,11536:1747647658308:,1747647673271
counter/5/0/0/0,11537:1747647658308:,1747647673271
counter/1/0/0/0,12596:1747647659628:,1747647673271
counter/7/0/0/0,11508:1747647658970:,1747647673272
counter/8/0/0/0,11764:1747647658241:,1747647673273
counter/9/0/0/0,12009:1747647658936:,1747647673273
counter/9/0/0/0,12010:1747647658937:,1747647673273
counter/9/0/0/0,12011:1747647658937:,1747647673273
counter/9/0/0/0,12012:1747647658937:,1747647673273
counter/9/0/0/0,12013:1747647658937:,1747647673273
counter/9/0/0/0,12014:1747647658937:,1747647673273
counter/1/0/0/0,12597:1747647659628:,1747647673273
counter/10/0/0/0,10912:1747647658496:,1747647673273
counter/6/0/0/0,11163:1747647659147:,1747647673273
counter/10/0/0/0,10913:1747647658496:,1747647673274
counter/6/0/0/0,11164:1747647659149:,1747647673275
counter/6/0/0/0,11165:1747647659152:,1747647673275
counter/6/0/0/0,11166:1747647659153:,1747647673275
counter/6/0/0/0,11167:1747647659153:,1747647673275
counter/6/0/0/0,11168:1747647659153:,1747647673275
counter/6/0/0/0,11169:1747647659153:,1747647673275
counter/6/0/0/0,11170:1747647659153:,1747647673275
counter/3/0/0/0,12325:1747647659673:,1747647673275
counter/3/0/0/0,12326:1747647659673:,1747647673276
counter/3/0/0/0,12327:1747647659678:,1747647673276
counter/3/0/0/0,12328:1747647659678:,1747647673276
counter/10/0/0/0,10914:1747647658496:,1747647673277
counter/10/0/0/0,10915:1747647658498:,1747647673277
counter/10/0/0/0,10916:1747647658498:,1747647673277
counter/10/0/0/0,10917:1747647658498:,1747647673277
counter/10/0/0/0,10918:1747647658498:,1747647673277
counter/3/0/0/0,12329:1747647659678:,1747647673277
counter/10/0/0/0,10919:1747647658498:,1747647673277
counter/10/0/0/0,10920:1747647658498:,1747647673277
counter/10/0/0/0,10921:1747647658498:,1747647673277
counter/8/0/0/0,11765:1747647658241:,1747647673277
counter/1/0/0/0,12598:1747647659628:,1747647673277
counter/1/0/0/0,12599:1747647659628:,1747647673277
counter/1/0/0/0,12600:1747647659628:,1747647673277
counter/1/0/0/0,12601:1747647659635:,1747647673277
counter/5/0/0/0,11538:1747647658316:,1747647673278
counter/9/0/0/0,12015:1747647658937:,1747647673278
counter/6/0/0/0,11171:1747647659153:,1747647673280
counter/10/0/0/0,10922:1747647658498:,1747647673280
counter/6/0/0/0,11172:1747647659163:,1747647673280
counter/6/0/0/0,11173:1747647659163:,1747647673280
counter/6/0/0/0,11174:1747647659163:,1747647673280
counter/6/0/0/0,11175:1747647659163:,1747647673280
counter/8/0/0/0,11766:1747647658252:,1747647673280
counter/7/0/0/0,11509:1747647658970:,1747647673282
counter/2/0/0/0,11409:1747647657923:,1747647673282
counter/7/0/0/0,11510:1747647658970:,1747647673282
counter/7/0/0/0,11511:1747647658970:,1747647673282
counter/7/0/0/0,11512:1747647658970:,1747647673282
counter/7/0/0/0,11513:1747647658970:,1747647673282
counter/7/0/0/0,11514:1747647658970:,1747647673282
counter/7/0/0/0,11515:1747647658970:,1747647673282
counter/9/0/0/0,12016:1747647658937:,1747647673284
counter/9/0/0/0,12017:1747647658937:,1747647673284
counter/3/0/0/0,12330:1747647659678:,1747647673284
counter/3/0/0/0,12331:1747647659678:,1747647673284
counter/3/0/0/0,12332:1747647659697:,1747647673284
counter/3/0/0/0,12333:1747647659697:,1747647673284
counter/3/0/0/0,12334:1747647659698:,1747647673284
counter/3/0/0/0,12335:1747647659698:,1747647673284
counter/6/0/0/0,11176:1747647659163:,1747647673284
counter/3/0/0/0,12336:1747647659698:,1747647673284
counter/4/0/0/0,11788:1747647659921:,1747647673284
counter/10/0/0/0,10923:1747647658512:,1747647673285
counter/1/0/0/0,12602:1747647659636:,1747647673285
counter/10/0/0/0,10924:1747647658512:,1747647673287
counter/9/0/0/0,12018:1747647658937:,1747647673292
counter/9/0/0/0,12019:1747647658937:,1747647673292
counter/7/0/0/0,11516:1747647658970:,1747647673292
counter/7/0/0/0,11517:1747647658970:,1747647673292
counter/3/0/0/0,12337:1747647659698:,1747647673292
counter/5/0/0/0,11539:1747647658316:,1747647673292
counter/10/0/0/0,10925:1747647658521:,1747647673293
counter/10/0/0/0,10926:1747647658521:,1747647673293
counter/3/0/0/0,12338:1747647659702:,1747647673295
counter/3/0/0/0,12339:1747647659711:,1747647673295
counter/3/0/0/0,12340:1747647659711:,1747647673295
counter/3/0/0/0,12341:1747647659711:,1747647673295
counter/3/0/0/0,12342:1747647659712:,1747647673295
counter/3/0/0/0,12343:1747647659712:,1747647673296
counter/3/0/0/0,12344:1747647659712:,1747647673296
counter/3/0/0/0,12345:1747647659712:,1747647673296
counter/8/0/0/0,11767:1747647658257:,1747647673296
counter/9/0/0/0,12020:1747647658938:,1747647673297
counter/8/0/0/0,11768:1747647658257:,1747647673297
counter/8/0/0/0,11769:1747647658257:,1747647673297
counter/8/0/0/0,11770:1747647658257:,1747647673297
counter/8/0/0/0,11771:1747647658258:,1747647673298
counter/8/0/0/0,11772:1747647658258:,1747647673298
counter/8/0/0/0,11773:1747647658258:,1747647673298
counter/8/0/0/0,11774:1747647658258:,1747647673298
counter/8/0/0/0,11775:1747647658258:,1747647673298
counter/8/0/0/0,11776:1747647658258:,1747647673298
counter/8/0/0/0,11777:1747647658258:,1747647673298
counter/6/0/0/0,11177:1747647659163:,1747647673298
counter/8/0/0/0,11778:1747647658258:,1747647673298
counter/6/0/0/0,11178:1747647659163:,1747647673298
counter/7/0/0/0,11518:1747647658970:,1747647673299
counter/8/0/0/0,11779:1747647658258:,1747647673299
counter/8/0/0/0,11780:1747647658258:,1747647673299
counter/8/0/0/0,11781:1747647658258:,1747647673299
counter/8/0/0/0,11782:1747647658258:,1747647673299
counter/8/0/0/0,11783:1747647658258:,1747647673299
counter/8/0/0/0,11784:1747647658258:,1747647673299
counter/8/0/0/0,11785:1747647658261:,1747647673300
counter/8/0/0/0,11786:1747647658261:,1747647673300
counter/8/0/0/0,11787:1747647658261:,1747647673300
counter/8/0/0/0,11788:1747647658261:,1747647673300
counter/8/0/0/0,11789:1747647658261:,1747647673300
counter/10/0/0/0,10927:1747647658521:,1747647673300
counter/6/0/0/0,11179:1747647659163:,1747647673300
counter/6/0/0/0,11180:1747647659163:,1747647673301
counter/1/0/0/0,12603:1747647659636:,1747647673302
counter/1/0/0/0,12604:1747647659636:,1747647673302
counter/1/0/0/0,12605:1747647659636:,1747647673302
counter/1/0/0/0,12606:1747647659636:,1747647673302
counter/1/0/0/0,12607:1747647659636:,1747647673302
counter/2/0/0/0,11410:1747647657923:,1747647673302
counter/2/0/0/0,11411:1747647657923:,1747647673302
counter/2/0/0/0,11412:1747647657923:,1747647673302
counter/2/0/0/0,11413:1747647657923:,1747647673303
counter/10/0/0/0,10928:1747647658521:,1747647673303
counter/2/0/0/0,11414:1747647657923:,1747647673303
counter/2/0/0/0,11415:1747647657923:,1747647673303
counter/2/0/0/0,11416:1747647657923:,1747647673303
counter/2/0/0/0,11417:1747647657923:,1747647673303
counter/2/0/0/0,11418:1747647657923:,1747647673303
counter/6/0/0/0,11181:1747647659163:,1747647673303
counter/6/0/0/0,11182:1747647659163:,1747647673303
counter/8/0/0/0,11790:1747647658261:,1747647673304
counter/5/0/0/0,11540:1747647658316:,1747647673304
counter/10/0/0/0,10929:1747647658525:,1747647673304
counter/2/0/0/0,11419:1747647657924:,1747647673304
counter/10/0/0/0,10930:1747647658534:,1747647673305
counter/10/0/0/0,10931:1747647658534:,1747647673305
counter/10/0/0/0,10932:1747647658534:,1747647673305
counter/4/0/0/0,11789:1747647659921:,1747647673305
counter/4/0/0/0,11790:1747647659921:,1747647673305
counter/4/0/0/0,11791:1747647659921:,1747647673305
counter/4/0/0/0,11792:1747647659921:,1747647673305
counter/4/0/0/0,11793:1747647659921:,1747647673305
counter/4/0/0/0,11794:1747647659921:,1747647673305
counter/8/0/0/0,11791:1747647658261:,1747647673305
counter/8/0/0/0,11792:1747647658261:,1747647673305
counter/8/0/0/0,11793:1747647658261:,1747647673305
counter/3/0/0/0,12346:1747647659712:,1747647673306
counter/3/0/0/0,12347:1747647659712:,1747647673306
counter/3/0/0/0,12348:1747647659712:,1747647673306
counter/10/0/0/0,10933:1747647658534:,1747647673306
counter/10/0/0/0,10934:1747647658534:,1747647673306
counter/6/0/0/0,11183:1747647659166:,1747647673306
counter/6/0/0/0,11184:1747647659166:,1747647673306
counter/6/0/0/0,11185:1747647659166:,1747647673306
counter/6/0/0/0,11186:1747647659166:,1747647673306
counter/9/0/0/0,12021:1747647658938:,1747647673308
counter/9/0/0/0,12022:1747647658938:,1747647673308
counter/9/0/0/0,12023:1747647658938:,1747647673308
counter/9/0/0/0,12024:1747647658938:,1747647673308
counter/3/0/0/0,12349:1747647659712:,1747647673308
counter/10/0/0/0,10935:1747647658534:,1747647673309
counter/6/0/0/0,11187:1747647659167:,1747647673309
counter/6/0/0/0,11188:1747647659167:,1747647673309
counter/6/0/0/0,11189:1747647659167:,1747647673309
counter/6/0/0/0,11190:1747647659167:,1747647673309
counter/6/0/0/0,11191:1747647659167:,1747647673309
counter/10/0/0/0,10936:1747647658534:,1747647673310
counter/5/0/0/0,11541:1747647658316:,1747647673312
counter/5/0/0/0,11542:1747647658328:,1747647673312
counter/3/0/0/0,12350:1747647659721:,1747647673312
counter/9/0/0/0,12025:1747647658938:,1747647673312
counter/9/0/0/0,12026:1747647658942:,1747647673312
counter/9/0/0/0,12027:1747647658943:,1747647673312
counter/10/0/0/0,10937:1747647658534:,1747647673312
counter/10/0/0/0,10938:1747647658534:,1747647673312
counter/10/0/0/0,10939:1747647658534:,1747647673312
counter/10/0/0/0,10940:1747647658534:,1747647673312
counter/10/0/0/0,10941:1747647658534:,1747647673312
counter/4/0/0/0,11795:1747647659921:,1747647673312
counter/10/0/0/0,10942:1747647658534:,1747647673313
counter/5/0/0/0,11543:1747647658328:,1747647673314
counter/6/0/0/0,11192:1747647659167:,1747647673314
counter/7/0/0/0,11519:1747647658970:,1747647673316
counter/9/0/0/0,12028:1747647658943:,1747647673317
counter/9/0/0/0,12029:1747647658943:,1747647673318
counter/9/0/0/0,12030:1747647658943:,1747647673318
counter/9/0/0/0,12031:1747647658943:,1747647673318
counter/9/0/0/0,12032:1747647658943:,1747647673318
counter/6/0/0/0,11193:1747647659168:,1747647673318
counter/5/0/0/0,11544:1747647658329:,1747647673318
counter/5/0/0/0,11545:1747647658329:,1747647673318
counter/10/0/0/0,10943:1747647658545:,1747647673318
counter/1/0/0/0,12608:1747647659636:,1747647673318
counter/1/0/0/0,12609:1747647659636:,1747647673318
counter/1/0/0/0,12610:1747647659636:,1747647673318
counter/1/0/0/0,12611:1747647659636:,1747647673318
counter/9/0/0/0,12033:1747647658943:,1747647673319
counter/9/0/0/0,12034:1747647658943:,1747647673319
counter/9/0/0/0,12035:1747647658943:,1747647673319
counter/9/0/0/0,12036:1747647658943:,1747647673319
counter/6/0/0/0,11194:1747647659169:,1747647673320
counter/10/0/0/0,10944:1747647658545:,1747647673323
counter/8/0/0/0,11794:1747647658261:,1747647673324
counter/2/0/0/0,11420:1747647657924:,1747647673324
counter/7/0/0/0,11520:1747647658970:,1747647673324
counter/4/0/0/0,11796:1747647659921:,1747647673324
counter/4/0/0/0,11797:1747647659921:,1747647673324
counter/4/0/0/0,11798:1747647659921:,1747647673324
counter/9/0/0/0,12037:1747647658943:,1747647673324
counter/10/0/0/0,10945:1747647658545:,1747647673324
counter/9/0/0/0,12038:1747647658943:,1747647673325
counter/9/0/0/0,12039:1747647658943:,1747647673325
counter/9/0/0/0,12040:1747647658943:,1747647673325
counter/9/0/0/0,12041:1747647658943:,1747647673325
counter/9/0/0/0,12042:1747647658943:,1747647673325
counter/9/0/0/0,12043:1747647658943:,1747647673325
counter/9/0/0/0,12044:1747647658943:,1747647673325
counter/9/0/0/0,12045:1747647658943:,1747647673325
counter/9/0/0/0,12046:1747647658943:,1747647673325
counter/9/0/0/0,12047:1747647658943:,1747647673325
counter/1/0/0/0,12612:1747647659636:,1747647673325
counter/1/0/0/0,12613:1747647659636:,1747647673326
counter/4/0/0/0,11799:1747647659921:,1747647673326
counter/1/0/0/0,12614:1747647659641:,1747647673326
counter/6/0/0/0,11195:1747647659169:,1747647673326
counter/10/0/0/0,10946:1747647658545:,1747647673326
counter/10/0/0/0,10947:1747647658545:,1747647673326
counter/10/0/0/0,10948:1747647658545:,1747647673326
counter/10/0/0/0,10949:1747647658545:,1747647673326
counter/10/0/0/0,10950:1747647658545:,1747647673327
counter/2/0/0/0,11421:1747647657924:,1747647673327
counter/2/0/0/0,11422:1747647657924:,1747647673327
counter/2/0/0/0,11423:1747647657924:,1747647673327
counter/6/0/0/0,11196:1747647659172:,1747647673327
counter/10/0/0/0,10951:1747647658548:,1747647673327
counter/10/0/0/0,10952:1747647658548:,1747647673327
counter/10/0/0/0,10953:1747647658548:,1747647673328
counter/9/0/0/0,12048:1747647658943:,1747647673328
counter/9/0/0/0,12049:1747647658943:,1747647673328
counter/9/0/0/0,12050:1747647658943:,1747647673328
counter/3/0/0/0,12351:1747647659722:,1747647673328
counter/2/0/0/0,11424:1747647657925:,1747647673328
counter/8/0/0/0,11795:1747647658261:,1747647673328
counter/8/0/0/0,11796:1747647658261:,1747647673328
counter/4/0/0/0,11800:1747647659921:,1747647673328
counter/8/0/0/0,11797:1747647658261:,1747647673328
counter/8/0/0/0,11798:1747647658261:,1747647673328
counter/8/0/0/0,11799:1747647658262:,1747647673328
counter/8/0/0/0,11800:1747647658262:,1747647673328
counter/5/0/0/0,11546:1747647658329:,1747647673328
counter/5/0/0/0,11547:1747647658329:,1747647673328
counter/5/0/0/0,11548:1747647658329:,1747647673329
counter/5/0/0/0,11549:1747647658329:,1747647673329
counter/10/0/0/0,10954:1747647658548:,1747647673329
counter/6/0/0/0,11197:1747647659173:,1747647673329
counter/1/0/0/0,12615:1747647659642:,1747647673330
counter/9/0/0/0,12051:1747647658943:,1747647673331
counter/9/0/0/0,12052:1747647658943:,1747647673331
counter/2/0/0/0,11425:1747647657925:,1747647673331
counter/9/0/0/0,12053:1747647658943:,1747647673331
counter/2/0/0/0,11426:1747647657925:,1747647673331
counter/9/0/0/0,12054:1747647658943:,1747647673331
counter/2/0/0/0,11427:1747647657925:,1747647673331
counter/2/0/0/0,11428:1747647657962:,1747647673332
counter/2/0/0/0,11429:1747647657962:,1747647673332
counter/2/0/0/0,11430:1747647657962:,1747647673332
counter/2/0/0/0,11431:1747647657962:,1747647673332
counter/10/0/0/0,10955:1747647658548:,1747647673332
counter/3/0/0/0,12352:1747647659722:,1747647673332
counter/7/0/0/0,11521:1747647658970:,1747647673333
counter/7/0/0/0,11522:1747647658970:,1747647673333
counter/7/0/0/0,11523:1747647658970:,1747647673333
counter/7/0/0/0,11524:1747647658970:,1747647673333
counter/7/0/0/0,11525:1747647658971:,1747647673333
counter/7/0/0/0,11526:1747647658983:,1747647673333
counter/7/0/0/0,11527:1747647658983:,1747647673333
counter/7/0/0/0,11528:1747647658983:,1747647673333
counter/7/0/0/0,11529:1747647658983:,1747647673333
counter/7/0/0/0,11530:1747647658985:,1747647673333
counter/6/0/0/0,11198:1747647659173:,1747647673333
counter/7/0/0/0,11531:1747647658985:,1747647673334
counter/7/0/0/0,11532:1747647658985:,1747647673334
counter/7/0/0/0,11533:1747647658985:,1747647673334
counter/7/0/0/0,11534:1747647658985:,1747647673334
counter/7/0/0/0,11535:1747647658985:,1747647673334
counter/7/0/0/0,11536:1747647658986:,1747647673334
counter/2/0/0/0,11432:1747647657962:,1747647673334
counter/4/0/0/0,11801:1747647659921:,1747647673334
counter/4/0/0/0,11802:1747647659921:,1747647673334
counter/1/0/0/0,12616:1747647659648:,1747647673334
counter/1/0/0/0,12617:1747647659648:,1747647673335
counter/1/0/0/0,12618:1747647659648:,1747647673335
counter/1/0/0/0,12619:1747647659648:,1747647673335
counter/3/0/0/0,12353:1747647659722:,1747647673335
counter/9/0/0/0,12055:1747647658943:,1747647673335
counter/9/0/0/0,12056:1747647658944:,1747647673335
counter/2/0/0/0,11433:1747647657962:,1747647673335
counter/2/0/0/0,11434:1747647657962:,1747647673335
counter/2/0/0/0,11435:1747647657962:,1747647673335
counter/2/0/0/0,11436:1747647657962:,1747647673335
counter/2/0/0/0,11437:1747647657962:,1747647673335
counter/2/0/0/0,11438:1747647657979:,1747647673335
counter/2/0/0/0,11439:1747647657979:,1747647673335
counter/1/0/0/0,12620:1747647659648:,1747647673336
counter/3/0/0/0,12354:1747647659722:,1747647673336
counter/1/0/0/0,12621:1747647659648:,1747647673336
counter/1/0/0/0,12622:1747647659648:,1747647673336
counter/8/0/0/0,11801:1747647658262:,1747647673336
counter/5/0/0/0,11550:1747647658329:,1747647673336
counter/5/0/0/0,11551:1747647658329:,1747647673336
counter/5/0/0/0,11552:1747647658329:,1747647673336
counter/5/0/0/0,11553:1747647658333:,1747647673337
counter/5/0/0/0,11554:1747647658333:,1747647673337
counter/5/0/0/0,11555:1747647658333:,1747647673337
counter/5/0/0/0,11556:1747647658333:,1747647673337
counter/7/0/0/0,11537:1747647658986:,1747647673337
counter/7/0/0/0,11538:1747647658986:,1747647673337
counter/7/0/0/0,11539:1747647658986:,1747647673337
counter/7/0/0/0,11540:1747647658987:,1747647673337
counter/7/0/0/0,11541:1747647658987:,1747647673337
counter/8/0/0/0,11802:1747647658263:,1747647673337
counter/7/0/0/0,11542:1747647658987:,1747647673337
counter/5/0/0/0,11557:1747647658333:,1747647673338
counter/5/0/0/0,11558:1747647658333:,1747647673338
counter/7/0/0/0,11543:1747647658988:,1747647673338
counter/5/0/0/0,11559:1747647658334:,1747647673338
counter/7/0/0/0,11544:1747647658988:,1747647673338
counter/5/0/0/0,11560:1747647658334:,1747647673338
counter/7/0/0/0,11545:1747647658988:,1747647673338
counter/8/0/0/0,11803:1747647658263:,1747647673338
counter/8/0/0/0,11804:1747647658263:,1747647673338
counter/2/0/0/0,11440:1747647657979:,1747647673338
counter/4/0/0/0,11803:1747647659921:,1747647673338
counter/8/0/0/0,11805:1747647658263:,1747647673338
counter/3/0/0/0,12355:1747647659722:,1747647673338
counter/3/0/0/0,12356:1747647659722:,1747647673339
counter/3/0/0/0,12357:1747647659722:,1747647673339
counter/3/0/0/0,12358:1747647659722:,1747647673339
counter/3/0/0/0,12359:1747647659722:,1747647673339
counter/4/0/0/0,11804:1747647659921:,1747647673339
counter/9/0/0/0,12057:1747647658944:,1747647673339
counter/8/0/0/0,11806:1747647658263:,1747647673339
counter/9/0/0/0,12058:1747647658944:,1747647673339
counter/8/0/0/0,11807:1747647658263:,1747647673339
counter/8/0/0/0,11808:1747647658265:,1747647673339
counter/8/0/0/0,11809:1747647658265:,1747647673339
counter/10/0/0/0,10956:1747647658561:,1747647673339
counter/10/0/0/0,10957:1747647658561:,1747647673339
counter/6/0/0/0,11199:1747647659173:,1747647673340
counter/6/0/0/0,11200:1747647659173:,1747647673340
counter/6/0/0/0,11201:1747647659173:,1747647673340
counter/6/0/0/0,11202:1747647659173:,1747647673340
counter/6/0/0/0,11203:1747647659173:,1747647673340
counter/6/0/0/0,11204:1747647659173:,1747647673340
counter/4/0/0/0,11805:1747647659921:,1747647673340
counter/4/0/0/0,11806:1747647659921:,1747647673340
counter/4/0/0/0,11807:1747647659921:,1747647673340
counter/8/0/0/0,11810:1747647658265:,1747647673341
counter/8/0/0/0,11811:1747647658265:,1747647673341
counter/1/0/0/0,12623:1747647659648:,1747647673341
counter/1/0/0/0,12624:1747647659648:,1747647673341
counter/1/0/0/0,12625:1747647659649:,1747647673341
counter/1/0/0/0,12626:1747647659649:,1747647673341
counter/1/0/0/0,12627:1747647659649:,1747647673341
counter/1/0/0/0,12628:1747647659649:,1747647673341
counter/3/0/0/0,12360:1747647659722:,1747647673341
counter/3/0/0/0,12361:1747647659730:,1747647673341
counter/9/0/0/0,12059:1747647658944:,1747647673341
counter/3/0/0/0,12362:1747647659730:,1747647673342
counter/8/0/0/0,11812:1747647658265:,1747647673342
counter/9/0/0/0,12060:1747647658945:,1747647673342
counter/9/0/0/0,12061:1747647658945:,1747647673343
counter/9/0/0/0,12062:1747647658946:,1747647673343
counter/1/0/0/0,12629:1747647659649:,1747647673343
counter/8/0/0/0,11813:1747647658265:,1747647673343
counter/10/0/0/0,10958:1747647658561:,1747647673343
counter/10/0/0/0,10959:1747647658561:,1747647673343
counter/10/0/0/0,10960:1747647658561:,1747647673343
counter/9/0/0/0,12063:1747647658946:,1747647673343
counter/5/0/0/0,11561:1747647658334:,1747647673344
counter/9/0/0/0,12064:1747647658946:,1747647673344
counter/7/0/0/0,11546:1747647658988:,1747647673345
counter/5/0/0/0,11562:1747647658335:,1747647673345
counter/2/0/0/0,11441:1747647657979:,1747647673345
counter/5/0/0/0,11563:1747647658335:,1747647673346
counter/2/0/0/0,11442:1747647657979:,1747647673346
counter/5/0/0/0,11564:1747647658335:,1747647673347
counter/2/0/0/0,11443:1747647657979:,1747647673347
counter/5/0/0/0,11565:1747647658335:,1747647673347
counter/3/0/0/0,12363:1747647659730:,1747647673347
counter/3/0/0/0,12364:1747647659730:,1747647673347
counter/3/0/0/0,12365:1747647659730:,1747647673347
counter/3/0/0/0,12366:1747647659730:,1747647673347
counter/3/0/0/0,12367:1747647659730:,1747647673347
counter/3/0/0/0,12368:1747647659730:,1747647673347
counter/3/0/0/0,12369:1747647659730:,1747647673347
counter/3/0/0/0,12370:1747647659730:,1747647673347
counter/3/0/0/0,12371:1747647659730:,1747647673348
counter/2/0/0/0,11444:1747647657979:,1747647673348
counter/2/0/0/0,11445:1747647657989:,1747647673348
counter/2/0/0/0,11446:1747647657989:,1747647673348
counter/2/0/0/0,11447:1747647657989:,1747647673348
counter/2/0/0/0,11448:1747647657989:,1747647673348
counter/3/0/0/0,12372:1747647659730:,1747647673348
counter/9/0/0/0,12065:1747647658947:,1747647673349
counter/4/0/0/0,11808:1747647659921:,1747647673349
counter/9/0/0/0,12066:1747647658947:,1747647673349
counter/9/0/0/0,12067:1747647658947:,1747647673349
counter/9/0/0/0,12068:1747647658947:,1747647673349
counter/7/0/0/0,11547:1747647658988:,1747647673349
counter/9/0/0/0,12069:1747647658947:,1747647673349
counter/7/0/0/0,11548:1747647658988:,1747647673349
counter/9/0/0/0,12070:1747647658947:,1747647673349
counter/7/0/0/0,11549:1747647658988:,1747647673349
counter/7/0/0/0,11550:1747647658988:,1747647673349
counter/7/0/0/0,11551:1747647658988:,1747647673349
counter/7/0/0/0,11552:1747647658988:,1747647673349
counter/7/0/0/0,11553:1747647658988:,1747647673349
counter/7/0/0/0,11554:1747647658988:,1747647673349
counter/7/0/0/0,11555:1747647658988:,1747647673349
counter/10/0/0/0,10961:1747647658561:,1747647673349
counter/2/0/0/0,11449:1747647657989:,1747647673349
counter/10/0/0/0,10962:1747647658562:,1747647673349
counter/3/0/0/0,12373:1747647659730:,1747647673349
counter/3/0/0/0,12374:1747647659730:,1747647673350
counter/3/0/0/0,12375:1747647659730:,1747647673350
counter/8/0/0/0,11814:1747647658265:,1747647673350
counter/6/0/0/0,11205:1747647659173:,1747647673350
counter/8/0/0/0,11815:1747647658265:,1747647673350
counter/6/0/0/0,11206:1747647659173:,1747647673350
counter/4/0/0/0,11809:1747647659921:,1747647673350
counter/5/0/0/0,11566:1747647658335:,1747647673350
counter/9/0/0/0,12071:1747647658947:,1747647673350
counter/8/0/0/0,11816:1747647658265:,1747647673350
counter/6/0/0/0,11207:1747647659173:,1747647673351
counter/5/0/0/0,11567:1747647658335:,1747647673351
counter/8/0/0/0,11817:1747647658265:,1747647673351
counter/3/0/0/0,12376:1747647659740:,1747647673352
counter/4/0/0/0,11810:1747647659921:,1747647673352
counter/4/0/0/0,11811:1747647659921:,1747647673352
counter/4/0/0/0,11812:1747647659921:,1747647673352
counter/4/0/0/0,11813:1747647659921:,1747647673352
counter/4/0/0/0,11814:1747647659921:,1747647673352
counter/4/0/0/0,11815:1747647659922:,1747647673352
counter/10/0/0/0,10963:1747647658562:,1747647673352
counter/4/0/0/0,11816:1747647659922:,1747647673352
counter/4/0/0/0,11817:1747647659922:,1747647673352
counter/4/0/0/0,11818:1747647659922:,1747647673352
counter/4/0/0/0,11819:1747647659922:,1747647673353
counter/10/0/0/0,10964:1747647658562:,1747647673353
counter/10/0/0/0,10965:1747647658562:,1747647673353
counter/10/0/0/0,10966:1747647658562:,1747647673353
counter/10/0/0/0,10967:1747647658562:,1747647673353
counter/10/0/0/0,10968:1747647658562:,1747647673353
counter/10/0/0/0,10969:1747647658562:,1747647673353
counter/6/0/0/0,11208:1747647659180:,1747647673354
counter/10/0/0/0,10970:1747647658562:,1747647673354
counter/7/0/0/0,11556:1747647658988:,1747647673358
counter/9/0/0/0,12072:1747647658947:,1747647673359
counter/9/0/0/0,12073:1747647658947:,1747647673359
counter/9/0/0/0,12074:1747647658947:,1747647673359
counter/9/0/0/0,12075:1747647658947:,1747647673359
counter/9/0/0/0,12076:1747647658951:,1747647673359
counter/9/0/0/0,12077:1747647658951:,1747647673359
counter/7/0/0/0,11557:1747647658988:,1747647673359
counter/9/0/0/0,12078:1747647658951:,1747647673359
counter/9/0/0/0,12079:1747647658951:,1747647673359
counter/10/0/0/0,10971:1747647658562:,1747647673360
counter/10/0/0/0,10972:1747647658562:,1747647673360
counter/10/0/0/0,10973:1747647658562:,1747647673360
counter/10/0/0/0,10974:1747647658562:,1747647673360
counter/6/0/0/0,11209:1747647659180:,1747647673360
counter/5/0/0/0,11568:1747647658335:,1747647673360
counter/6/0/0/0,11210:1747647659182:,1747647673361
counter/5/0/0/0,11569:1747647658335:,1747647673361
counter/2/0/0/0,11450:1747647657989:,1747647673361
counter/2/0/0/0,11451:1747647657989:,1747647673361
counter/2/0/0/0,11452:1747647657989:,1747647673361
counter/2/0/0/0,11453:1747647657989:,1747647673361
counter/2/0/0/0,11454:1747647658014:,1747647673361
counter/7/0/0/0,11558:1747647658988:,1747647673362
counter/6/0/0/0,11211:1747647659182:,1747647673362
counter/6/0/0/0,11212:1747647659182:,1747647673362
counter/6/0/0/0,11213:1747647659182:,1747647673362
counter/5/0/0/0,11570:1747647658335:,1747647673363
counter/2/0/0/0,11455:1747647658014:,1747647673363
counter/2/0/0/0,11456:1747647658014:,1747647673363
counter/2/0/0/0,11457:1747647658014:,1747647673363
counter/2/0/0/0,11458:1747647658014:,1747647673363
counter/2/0/0/0,11459:1747647658014:,1747647673363
counter/2/0/0/0,11460:1747647658014:,1747647673363
counter/2/0/0/0,11461:1747647658046:,1747647673363
counter/2/0/0/0,11462:1747647658046:,1747647673363
counter/2/0/0/0,11463:1747647658046:,1747647673363
counter/2/0/0/0,11464:1747647658046:,1747647673363
counter/2/0/0/0,11465:1747647658046:,1747647673363
counter/1/0/0/0,12630:1747647659649:,1747647673363
counter/1/0/0/0,12631:1747647659649:,1747647673363
counter/9/0/0/0,12080:1747647658951:,1747647673363
counter/1/0/0/0,12632:1747647659649:,1747647673363
counter/10/0/0/0,10975:1747647658562:,1747647673364
counter/7/0/0/0,11559:1747647658994:,1747647673364
counter/9/0/0/0,12081:1747647658951:,1747647673364
counter/10/0/0/0,10976:1747647658562:,1747647673364
counter/1/0/0/0,12633:1747647659649:,1747647673365
counter/6/0/0/0,11214:1747647659182:,1747647673365
counter/6/0/0/0,11215:1747647659182:,1747647673365
counter/6/0/0/0,11216:1747647659182:,1747647673365
counter/6/0/0/0,11217:1747647659182:,1747647673365
counter/6/0/0/0,11218:1747647659182:,1747647673365
counter/6/0/0/0,11219:1747647659182:,1747647673365
counter/6/0/0/0,11220:1747647659182:,1747647673365
counter/6/0/0/0,11221:1747647659182:,1747647673365
counter/4/0/0/0,11820:1747647659922:,1747647673365
counter/6/0/0/0,11222:1747647659182:,1747647673366
counter/10/0/0/0,10977:1747647658562:,1747647673366
counter/3/0/0/0,12377:1747647659741:,1747647673366
counter/3/0/0/0,12378:1747647659741:,1747647673367
counter/3/0/0/0,12379:1747647659762:,1747647673367
counter/3/0/0/0,12380:1747647659762:,1747647673367
counter/3/0/0/0,12381:1747647659762:,1747647673367
counter/6/0/0/0,11223:1747647659183:,1747647673367
counter/5/0/0/0,11571:1747647658335:,1747647673367
counter/2/0/0/0,11466:1747647658046:,1747647673367
counter/5/0/0/0,11572:1747647658335:,1747647673367
counter/5/0/0/0,11573:1747647658343:,1747647673367
counter/5/0/0/0,11574:1747647658343:,1747647673367
counter/5/0/0/0,11575:1747647658343:,1747647673367
counter/5/0/0/0,11576:1747647658357:,1747647673368
counter/5/0/0/0,11577:1747647658357:,1747647673368
counter/5/0/0/0,11578:1747647658357:,1747647673368
counter/5/0/0/0,11579:1747647658357:,1747647673368
counter/7/0/0/0,11560:1747647658997:,1747647673368
counter/7/0/0/0,11561:1747647658997:,1747647673368
counter/7/0/0/0,11562:1747647658997:,1747647673368
counter/7/0/0/0,11563:1747647658997:,1747647673368
counter/7/0/0/0,11564:1747647658997:,1747647673368
counter/7/0/0/0,11565:1747647658997:,1747647673368
counter/5/0/0/0,11580:1747647658357:,1747647673368
counter/1/0/0/0,12634:1747647659649:,1747647673369
counter/8/0/0/0,11818:1747647658265:,1747647673369
counter/6/0/0/0,11224:1747647659183:,1747647673369
counter/2/0/0/0,11467:1747647658046:,1747647673371
counter/6/0/0/0,11225:1747647659183:,1747647673371
counter/6/0/0/0,11226:1747647659185:,1747647673371
counter/4/0/0/0,11821:1747647659922:,1747647673371
counter/6/0/0/0,11227:1747647659185:,1747647673371
counter/9/0/0/0,12082:1747647658951:,1747647673371
counter/6/0/0/0,11228:1747647659185:,1747647673371
counter/6/0/0/0,11229:1747647659185:,1747647673371
counter/6/0/0/0,11230:1747647659185:,1747647673371
counter/6/0/0/0,11231:1747647659187:,1747647673371
counter/1/0/0/0,12635:1747647659649:,1747647673371
counter/1/0/0/0,12636:1747647659649:,1747647673371
counter/1/0/0/0,12637:1747647659649:,1747647673371
counter/1/0/0/0,12638:1747647659649:,1747647673371
counter/8/0/0/0,11819:1747647658265:,1747647673372
counter/8/0/0/0,11820:1747647658265:,1747647673372
counter/8/0/0/0,11821:1747647658266:,1747647673372
counter/8/0/0/0,11822:1747647658266:,1747647673372
counter/2/0/0/0,11468:1747647658046:,1747647673373
counter/2/0/0/0,11469:1747647658046:,1747647673373
counter/2/0/0/0,11470:1747647658046:,1747647673373
counter/9/0/0/0,12083:1747647658951:,1747647673373
counter/2/0/0/0,11471:1747647658046:,1747647673373
counter/9/0/0/0,12084:1747647658951:,1747647673373
counter/2/0/0/0,11472:1747647658053:,1747647673373
counter/9/0/0/0,12085:1747647658951:,1747647673373
counter/2/0/0/0,11473:1747647658053:,1747647673373
counter/9/0/0/0,12086:1747647658951:,1747647673373
counter/2/0/0/0,11474:1747647658053:,1747647673373
counter/9/0/0/0,12087:1747647658954:,1747647673373
counter/9/0/0/0,12088:1747647658960:,1747647673373
counter/9/0/0/0,12089:1747647658960:,1747647673373
counter/9/0/0/0,12090:1747647658960:,1747647673374
counter/9/0/0/0,12091:1747647658960:,1747647673374
counter/9/0/0/0,12092:1747647658960:,1747647673374
counter/6/0/0/0,11232:1747647659188:,1747647673374
counter/2/0/0/0,11475:1747647658053:,1747647673374
counter/2/0/0/0,11476:1747647658053:,1747647673374
counter/2/0/0/0,11477:1747647658053:,1747647673374
counter/2/0/0/0,11478:1747647658053:,1747647673374
counter/2/0/0/0,11479:1747647658053:,1747647673374
counter/2/0/0/0,11480:1747647658053:,1747647673374
counter/2/0/0/0,11481:1747647658053:,1747647673374
counter/2/0/0/0,11482:1747647658056:,1747647673374
counter/2/0/0/0,11483:1747647658056:,1747647673374
counter/2/0/0/0,11484:1747647658056:,1747647673374
counter/2/0/0/0,11485:1747647658056:,1747647673374
counter/2/0/0/0,11486:1747647658056:,1747647673374
counter/2/0/0/0,11487:1747647658062:,1747647673374
counter/1/0/0/0,12639:1747647659649:,1747647673374
counter/1/0/0/0,12640:1747647659649:,1747647673374
counter/2/0/0/0,11488:1747647658062:,1747647673374
counter/1/0/0/0,12641:1747647659649:,1747647673374
counter/1/0/0/0,12642:1747647659649:,1747647673374
counter/5/0/0/0,11581:1747647658357:,1747647673374
counter/10/0/0/0,10978:1747647658562:,1747647673375
counter/5/0/0/0,11582:1747647658357:,1747647673375
counter/7/0/0/0,11566:1747647658997:,1747647673375
counter/9/0/0/0,12093:1747647658960:,1747647673375
counter/7/0/0/0,11567:1747647658997:,1747647673376
counter/7/0/0/0,11568:1747647659003:,1747647673376
counter/7/0/0/0,11569:1747647659003:,1747647673376
counter/7/0/0/0,11570:1747647659003:,1747647673376
counter/7/0/0/0,11571:1747647659008:,1747647673376
counter/7/0/0/0,11572:1747647659008:,1747647673376
counter/1/0/0/0,12643:1747647659649:,1747647673376
counter/3/0/0/0,12382:1747647659762:,1747647673376
counter/1/0/0/0,12644:1747647659649:,1747647673376
counter/1/0/0/0,12645:1747647659649:,1747647673376
counter/1/0/0/0,12646:1747647659649:,1747647673376
counter/1/0/0/0,12647:1747647659649:,1747647673377
counter/1/0/0/0,12648:1747647659649:,1747647673377
counter/7/0/0/0,11573:1747647659008:,1747647673377
counter/4/0/0/0,11822:1747647659922:,1747647673377
counter/3/0/0/0,12383:1747647659762:,1747647673377
counter/9/0/0/0,12094:1747647658960:,1747647673378
counter/9/0/0/0,12095:1747647658960:,1747647673378
counter/9/0/0/0,12096:1747647658960:,1747647673378
counter/9/0/0/0,12097:1747647658960:,1747647673378
counter/9/0/0/0,12098:1747647658960:,1747647673378
counter/9/0/0/0,12099:1747647658961:,1747647673378
counter/9/0/0/0,12100:1747647658961:,1747647673378
counter/9/0/0/0,12101:1747647658966:,1747647673378
counter/3/0/0/0,12384:1747647659762:,1747647673378
counter/1/0/0/0,12649:1747647659649:,1747647673378
counter/6/0/0/0,11233:1747647659188:,1747647673379
counter/8/0/0/0,11823:1747647658266:,1747647673379
counter/6/0/0/0,11234:1747647659188:,1747647673379
counter/8/0/0/0,11824:1747647658266:,1747647673379
counter/5/0/0/0,11583:1747647658357:,1747647673380
counter/5/0/0/0,11584:1747647658357:,1747647673380
counter/5/0/0/0,11585:1747647658357:,1747647673380
counter/5/0/0/0,11586:1747647658357:,1747647673380
counter/8/0/0/0,11825:1747647658279:,1747647673380
counter/10/0/0/0,10979:1747647658563:,1747647673380
counter/10/0/0/0,10980:1747647658563:,1747647673380
counter/10/0/0/0,10981:1747647658563:,1747647673380
counter/10/0/0/0,10982:1747647658563:,1747647673381
counter/10/0/0/0,10983:1747647658563:,1747647673381
counter/4/0/0/0,11823:1747647659922:,1747647673381
counter/4/0/0/0,11824:1747647659922:,1747647673381
counter/4/0/0/0,11825:1747647659922:,1747647673381
counter/8/0/0/0,11826:1747647658279:,1747647673381
counter/8/0/0/0,11827:1747647658279:,1747647673381
counter/7/0/0/0,11574:1747647659008:,1747647673381
counter/7/0/0/0,11575:1747647659018:,1747647673381
counter/7/0/0/0,11576:1747647659018:,1747647673381
counter/7/0/0/0,11577:1747647659019:,1747647673381
counter/7/0/0/0,11578:1747647659019:,1747647673381
counter/7/0/0/0,11579:1747647659019:,1747647673381
counter/7/0/0/0,11580:1747647659019:,1747647673381
counter/7/0/0/0,11581:1747647659019:,1747647673381
counter/9/0/0/0,12102:1747647658966:,1747647673381
counter/4/0/0/0,11826:1747647659922:,1747647673381
counter/9/0/0/0,12103:1747647658966:,1747647673382
counter/9/0/0/0,12104:1747647658966:,1747647673382
counter/9/0/0/0,12105:1747647658966:,1747647673383
counter/3/0/0/0,12385:1747647659762:,1747647673383
counter/3/0/0/0,12386:1747647659762:,1747647673383
counter/3/0/0/0,12387:1747647659762:,1747647673383
counter/3/0/0/0,12388:1747647659763:,1747647673383
counter/3/0/0/0,12389:1747647659763:,1747647673383
counter/6/0/0/0,11235:1747647659188:,1747647673383
counter/10/0/0/0,10984:1747647658563:,1747647673383
counter/9/0/0/0,12106:1747647658966:,1747647673383
counter/9/0/0/0,12107:1747647658966:,1747647673383
counter/3/0/0/0,12390:1747647659763:,1747647673384
counter/10/0/0/0,10985:1747647658563:,1747647673385
counter/4/0/0/0,11827:1747647659923:,1747647673385
counter/10/0/0/0,10986:1747647658563:,1747647673385
counter/10/0/0/0,10987:1747647658563:,1747647673385
counter/7/0/0/0,11582:1747647659019:,1747647673385
counter/10/0/0/0,10988:1747647658563:,1747647673385
counter/10/0/0/0,10989:1747647658563:,1747647673385
counter/2/0/0/0,11489:1747647658069:,1747647673385
counter/2/0/0/0,11490:1747647658069:,1747647673385
counter/2/0/0/0,11491:1747647658069:,1747647673385
counter/2/0/0/0,11492:1747647658069:,1747647673385
counter/2/0/0/0,11493:1747647658069:,1747647673385
counter/2/0/0/0,11494:1747647658069:,1747647673385
counter/2/0/0/0,11495:1747647658069:,1747647673385
counter/2/0/0/0,11496:1747647658069:,1747647673385
counter/2/0/0/0,11497:1747647658069:,1747647673385
counter/2/0/0/0,11498:1747647658069:,1747647673385
counter/6/0/0/0,11236:1747647659191:,1747647673385
counter/2/0/0/0,11499:1747647658069:,1747647673386
counter/8/0/0/0,11828:1747647658279:,1747647673386
counter/6/0/0/0,11237:1747647659201:,1747647673386
counter/10/0/0/0,10990:1747647658563:,1747647673386
counter/7/0/0/0,11583:1747647659021:,1747647673387
counter/5/0/0/0,11587:1747647658357:,1747647673387
counter/3/0/0/0,12391:1747647659763:,1747647673388
counter/5/0/0/0,11588:1747647658357:,1747647673388
counter/2/0/0/0,11500:1747647658069:,1747647673388
counter/8/0/0/0,11829:1747647658279:,1747647673388
counter/2/0/0/0,11501:1747647658070:,1747647673388
counter/8/0/0/0,11830:1747647658279:,1747647673388
counter/2/0/0/0,11502:1747647658070:,1747647673388
counter/8/0/0/0,11831:1747647658291:,1747647673388
counter/8/0/0/0,11832:1747647658291:,1747647673388
counter/4/0/0/0,11828:1747647659923:,1747647673388
counter/4/0/0/0,11829:1747647659923:,1747647673388
counter/8/0/0/0,11833:1747647658291:,1747647673388
counter/4/0/0/0,11830:1747647659923:,1747647673389
counter/8/0/0/0,11834:1747647658291:,1747647673389
counter/4/0/0/0,11831:1747647659924:,1747647673389
counter/8/0/0/0,11835:1747647658291:,1747647673389
counter/4/0/0/0,11832:1747647659924:,1747647673389
counter/8/0/0/0,11836:1747647658291:,1747647673389
counter/4/0/0/0,11833:1747647659924:,1747647673389
counter/8/0/0/0,11837:1747647658291:,1747647673389
counter/4/0/0/0,11834:1747647659950:,1747647673389
counter/8/0/0/0,11838:1747647658292:,1747647673389
counter/8/0/0/0,11839:1747647658292:,1747647673389
counter/8/0/0/0,11840:1747647658292:,1747647673389
counter/8/0/0/0,11841:1747647658292:,1747647673389
counter/3/0/0/0,12392:1747647659763:,1747647673389
counter/3/0/0/0,12393:1747647659763:,1747647673389
counter/3/0/0/0,12394:1747647659763:,1747647673389
counter/3/0/0/0,12395:1747647659763:,1747647673389
counter/3/0/0/0,12396:1747647659767:,1747647673389
counter/3/0/0/0,12397:1747647659767:,1747647673389
counter/3/0/0/0,12398:1747647659767:,1747647673389
counter/3/0/0/0,12399:1747647659767:,1747647673390
counter/3/0/0/0,12400:1747647659767:,1747647673390
counter/3/0/0/0,12401:1747647659768:,1747647673390
counter/1/0/0/0,12650:1747647659649:,1747647673390
counter/3/0/0/0,12402:1747647659768:,1747647673390
counter/8/0/0/0,11842:1747647658292:,1747647673390
counter/3/0/0/0,12403:1747647659768:,1747647673390
counter/4/0/0/0,11835:1747647659950:,1747647673390
counter/7/0/0/0,11584:1747647659022:,1747647673390
counter/2/0/0/0,11503:1747647658070:,1747647673390
counter/2/0/0/0,11504:1747647658070:,1747647673390
counter/1/0/0/0,12651:1747647659649:,1747647673390
counter/9/0/0/0,12108:1747647658984:,1747647673390
counter/9/0/0/0,12109:1747647658984:,1747647673390
counter/9/0/0/0,12110:1747647658984:,1747647673390
counter/9/0/0/0,12111:1747647658984:,1747647673390
counter/9/0/0/0,12112:1747647658985:,1747647673391
counter/7/0/0/0,11585:1747647659022:,1747647673391
counter/2/0/0/0,11505:1747647658070:,1747647673391
counter/2/0/0/0,11506:1747647658070:,1747647673391
counter/2/0/0/0,11507:1747647658070:,1747647673391
counter/1/0/0/0,12652:1747647659670:,1747647673391
counter/6/0/0/0,11238:1747647659201:,1747647673392
counter/6/0/0/0,11239:1747647659201:,1747647673392
counter/6/0/0/0,11240:1747647659201:,1747647673392
counter/6/0/0/0,11241:1747647659201:,1747647673393
counter/1/0/0/0,12653:1747647659670:,1747647673393
counter/8/0/0/0,11843:1747647658292:,1747647673393
counter/8/0/0/0,11844:1747647658292:,1747647673393
counter/8/0/0/0,11845:1747647658292:,1747647673393
counter/8/0/0/0,11846:1747647658292:,1747647673393
counter/8/0/0/0,11847:1747647658293:,1747647673393
counter/8/0/0/0,11848:1747647658293:,1747647673393
counter/8/0/0/0,11849:1747647658293:,1747647673393
counter/8/0/0/0,11850:1747647658294:,1747647673393
counter/3/0/0/0,12404:1747647659768:,1747647673393
counter/4/0/0/0,11836:1747647659950:,1747647673393
counter/4/0/0/0,11837:1747647659950:,1747647673393
counter/4/0/0/0,11838:1747647659950:,1747647673394
counter/7/0/0/0,11586:1747647659022:,1747647673394
counter/7/0/0/0,11587:1747647659022:,1747647673394
counter/7/0/0/0,11588:1747647659022:,1747647673394
counter/9/0/0/0,12113:1747647658985:,1747647673394
counter/9/0/0/0,12114:1747647658985:,1747647673394
counter/9/0/0/0,12115:1747647658985:,1747647673394
counter/9/0/0/0,12116:1747647659004:,1747647673394
counter/5/0/0/0,11589:1747647658357:,1747647673394
counter/6/0/0/0,11242:1747647659201:,1747647673394
counter/4/0/0/0,11839:1747647659950:,1747647673395
counter/4/0/0/0,11840:1747647659950:,1747647673395
counter/4/0/0/0,11841:1747647659950:,1747647673395
counter/4/0/0/0,11842:1747647659950:,1747647673395
counter/4/0/0/0,11843:1747647659950:,1747647673395
counter/4/0/0/0,11844:1747647659950:,1747647673395
counter/7/0/0/0,11589:1747647659022:,1747647673396
counter/7/0/0/0,11590:1747647659022:,1747647673396
counter/7/0/0/0,11591:1747647659022:,1747647673397
counter/7/0/0/0,11592:1747647659022:,1747647673397
counter/10/0/0/0,10991:1747647658563:,1747647673397
counter/10/0/0/0,10992:1747647658563:,1747647673397
counter/10/0/0/0,10993:1747647658563:,1747647673397
counter/10/0/0/0,10994:1747647658563:,1747647673397
counter/3/0/0/0,12405:1747647659768:,1747647673398
counter/1/0/0/0,12654:1747647659670:,1747647673399
counter/1/0/0/0,12655:1747647659670:,1747647673399
counter/1/0/0/0,12656:1747647659670:,1747647673399
counter/1/0/0/0,12657:1747647659670:,1747647673399
counter/1/0/0/0,12658:1747647659670:,1747647673399
counter/1/0/0/0,12659:1747647659670:,1747647673399
counter/1/0/0/0,12660:1747647659670:,1747647673399
counter/2/0/0/0,11508:1747647658070:,1747647673399
counter/2/0/0/0,11509:1747647658071:,1747647673399
counter/2/0/0/0,11510:1747647658071:,1747647673399
counter/3/0/0/0,12406:1747647659768:,1747647673399
counter/4/0/0/0,11845:1747647659950:,1747647673399
counter/4/0/0/0,11846:1747647659950:,1747647673399
counter/4/0/0/0,11847:1747647659951:,1747647673399
counter/4/0/0/0,11848:1747647659951:,1747647673399
counter/4/0/0/0,11849:1747647659951:,1747647673399
counter/4/0/0/0,11850:1747647659951:,1747647673399
counter/4/0/0/0,11851:1747647659951:,1747647673400
counter/4/0/0/0,11852:1747647659951:,1747647673400
counter/1/0/0/0,12661:1747647659670:,1747647673401
counter/1/0/0/0,12662:1747647659670:,1747647673401
counter/1/0/0/0,12663:1747647659670:,1747647673401
counter/1/0/0/0,12664:1747647659671:,1747647673401
counter/1/0/0/0,12665:1747647659680:,1747647673401
counter/1/0/0/0,12666:1747647659680:,1747647673401
counter/1/0/0/0,12667:1747647659680:,1747647673401
counter/1/0/0/0,12668:1747647659680:,1747647673401
counter/1/0/0/0,12669:1747647659680:,1747647673401
counter/1/0/0/0,12670:1747647659680:,1747647673401
counter/1/0/0/0,12671:1747647659680:,1747647673401
counter/1/0/0/0,12672:1747647659680:,1747647673401
counter/1/0/0/0,12673:1747647659680:,1747647673401
counter/1/0/0/0,12674:1747647659680:,1747647673401
counter/1/0/0/0,12675:1747647659680:,1747647673401
counter/1/0/0/0,12676:1747647659680:,1747647673401
counter/1/0/0/0,12677:1747647659680:,1747647673401
counter/1/0/0/0,12678:1747647659681:,1747647673401
counter/1/0/0/0,12679:1747647659681:,1747647673401
counter/2/0/0/0,11511:1747647658071:,1747647673401
counter/2/0/0/0,11512:1747647658071:,1747647673401
counter/2/0/0/0,11513:1747647658071:,1747647673401
counter/2/0/0/0,11514:1747647658071:,1747647673402
counter/2/0/0/0,11515:1747647658071:,1747647673402
counter/2/0/0/0,11516:1747647658071:,1747647673402
counter/2/0/0/0,11517:1747647658071:,1747647673402
counter/2/0/0/0,11518:1747647658071:,1747647673402
counter/2/0/0/0,11519:1747647658072:,1747647673402
counter/2/0/0/0,11520:1747647658072:,1747647673402
counter/2/0/0/0,11521:1747647658072:,1747647673402
counter/2/0/0/0,11522:1747647658072:,1747647673402
counter/2/0/0/0,11523:1747647658072:,1747647673402
counter/2/0/0/0,11524:1747647658072:,1747647673402
counter/2/0/0/0,11525:1747647658072:,1747647673402
counter/2/0/0/0,11526:1747647658097:,1747647673402
counter/2/0/0/0,11527:1747647658097:,1747647673402
counter/4/0/0/0,11853:1747647659951:,1747647673402
counter/3/0/0/0,12407:1747647659768:,1747647673402
counter/4/0/0/0,11854:1747647659951:,1747647673402
counter/3/0/0/0,12408:1747647659768:,1747647673402
counter/10/0/0/0,10995:1747647658563:,1747647673402
counter/10/0/0/0,10996:1747647658563:,1747647673402
counter/10/0/0/0,10997:1747647658563:,1747647673402
counter/10/0/0/0,10998:1747647658564:,1747647673402
counter/10/0/0/0,10999:1747647658565:,1747647673403
counter/6/0/0/0,11243:1747647659201:,1747647673403
counter/1/0/0/0,12680:1747647659692:,1747647673403
counter/6/0/0/0,11244:1747647659201:,1747647673403
counter/1/0/0/0,12681:1747647659692:,1747647673403
counter/1/0/0/0,12682:1747647659692:,1747647673403
counter/1/0/0/0,12683:1747647659692:,1747647673403
counter/1/0/0/0,12684:1747647659692:,1747647673403
counter/1/0/0/0,12685:1747647659692:,1747647673403
counter/1/0/0/0,12686:1747647659692:,1747647673404
counter/8/0/0/0,11851:1747647658294:,1747647673405
counter/4/0/0/0,11855:1747647659951:,1747647673405
counter/4/0/0/0,11856:1747647659951:,1747647673405
counter/4/0/0/0,11857:1747647659951:,1747647673405
counter/4/0/0/0,11858:1747647659951:,1747647673405
counter/3/0/0/0,12409:1747647659769:,1747647673405
counter/2/0/0/0,11528:1747647658097:,1747647673405
counter/3/0/0/0,12410:1747647659769:,1747647673405
counter/9/0/0/0,12117:1747647659004:,1747647673406
counter/5/0/0/0,11590:1747647658362:,1747647673406
counter/9/0/0/0,12118:1747647659004:,1747647673407
counter/5/0/0/0,11591:1747647658362:,1747647673407
counter/8/0/0/0,11852:1747647658294:,1747647673408
counter/8/0/0/0,11853:1747647658294:,1747647673408
counter/8/0/0/0,11854:1747647658294:,1747647673408
counter/8/0/0/0,11855:1747647658294:,1747647673408
counter/8/0/0/0,11856:1747647658294:,1747647673408
counter/8/0/0/0,11857:1747647658294:,1747647673408
counter/3/0/0/0,12411:1747647659769:,1747647673408
counter/8/0/0/0,11858:1747647658294:,1747647673408
counter/8/0/0/0,11859:1747647658294:,1747647673408
counter/6/0/0/0,11245:1747647659201:,1747647673408
counter/8/0/0/0,11860:1747647658294:,1747647673408
counter/6/0/0/0,11246:1747647659201:,1747647673408
counter/8/0/0/0,11861:1747647658294:,1747647673408
counter/6/0/0/0,11247:1747647659201:,1747647673409
counter/6/0/0/0,11248:1747647659201:,1747647673409
counter/6/0/0/0,11249:1747647659201:,1747647673409
counter/6/0/0/0,11250:1747647659202:,1747647673410
counter/6/0/0/0,11251:1747647659202:,1747647673410
counter/2/0/0/0,11529:1747647658097:,1747647673410
counter/2/0/0/0,11530:1747647658097:,1747647673410
counter/2/0/0/0,11531:1747647658104:,1747647673410
counter/2/0/0/0,11532:1747647658104:,1747647673410
counter/2/0/0/0,11533:1747647658104:,1747647673410
counter/3/0/0/0,12412:1747647659769:,1747647673410
counter/8/0/0/0,11862:1747647658294:,1747647673410
counter/8/0/0/0,11863:1747647658294:,1747647673411
counter/1/0/0/0,12687:1747647659692:,1747647673411
counter/7/0/0/0,11593:1747647659022:,1747647673411
counter/1/0/0/0,12688:1747647659692:,1747647673411
counter/3/0/0/0,12413:1747647659769:,1747647673412
counter/3/0/0/0,12414:1747647659769:,1747647673412
counter/3/0/0/0,12415:1747647659769:,1747647673412
counter/3/0/0/0,12416:1747647659769:,1747647673412
counter/3/0/0/0,12417:1747647659769:,1747647673412
counter/3/0/0/0,12418:1747647659771:,1747647673412
counter/4/0/0/0,11859:1747647659951:,1747647673412
counter/9/0/0/0,12119:1747647659004:,1747647673412
counter/2/0/0/0,11534:1747647658105:,1747647673412
counter/2/0/0/0,11535:1747647658105:,1747647673412
counter/2/0/0/0,11536:1747647658105:,1747647673412
counter/2/0/0/0,11537:1747647658105:,1747647673412
counter/2/0/0/0,11538:1747647658105:,1747647673412
counter/2/0/0/0,11539:1747647658105:,1747647673412
counter/8/0/0/0,11864:1747647658294:,1747647673417
counter/10/0/0/0,11000:1747647658565:,1747647673417
counter/6/0/0/0,11252:1747647659210:,1747647673418
counter/6/0/0/0,11253:1747647659218:,1747647673418
counter/6/0/0/0,11254:1747647659218:,1747647673418
counter/6/0/0/0,11255:1747647659218:,1747647673418
counter/6/0/0/0,11256:1747647659218:,1747647673418
counter/6/0/0/0,11257:1747647659218:,1747647673418
counter/6/0/0/0,11258:1747647659218:,1747647673418
counter/6/0/0/0,11259:1747647659218:,1747647673418
counter/6/0/0/0,11260:1747647659218:,1747647673418
counter/4/0/0/0,11860:1747647659962:,1747647673418
counter/4/0/0/0,11861:1747647659962:,1747647673418
counter/4/0/0/0,11862:1747647659965:,1747647673418
counter/9/0/0/0,12120:1747647659004:,1747647673418
counter/9/0/0/0,12121:1747647659004:,1747647673418
counter/3/0/0/0,12419:1747647659771:,1747647673419
counter/3/0/0/0,12420:1747647659771:,1747647673419
counter/3/0/0/0,12421:1747647659771:,1747647673419
counter/3/0/0/0,12422:1747647659771:,1747647673419
counter/3/0/0/0,12423:1747647659771:,1747647673419
counter/3/0/0/0,12424:1747647659777:,1747647673419
counter/6/0/0/0,11261:1747647659218:,1747647673419
counter/6/0/0/0,11262:1747647659218:,1747647673420
counter/1/0/0/0,12689:1747647659692:,1747647673420
counter/10/0/0/0,11001:1747647658565:,1747647673420
counter/9/0/0/0,12122:1747647659004:,1747647673422
counter/1/0/0/0,12690:1747647659692:,1747647673423
counter/4/0/0/0,11863:1747647659965:,1747647673423
counter/4/0/0/0,11864:1747647659965:,1747647673423
counter/4/0/0/0,11865:1747647659965:,1747647673423
counter/4/0/0/0,11866:1747647659965:,1747647673423
counter/4/0/0/0,11867:1747647659965:,1747647673423
counter/4/0/0/0,11868:1747647659965:,1747647673423
counter/4/0/0/0,11869:1747647659965:,1747647673423
counter/4/0/0/0,11870:1747647659988:,1747647673423
counter/6/0/0/0,11263:1747647659218:,1747647673424
counter/6/0/0/0,11264:1747647659218:,1747647673424
counter/6/0/0/0,11265:1747647659218:,1747647673424
counter/6/0/0/0,11266:1747647659218:,1747647673425
counter/6/0/0/0,11267:1747647659219:,1747647673425
counter/6/0/0/0,11268:1747647659219:,1747647673425
counter/6/0/0/0,11269:1747647659219:,1747647673425
counter/6/0/0/0,11270:1747647659219:,1747647673425
counter/6/0/0/0,11271:1747647659219:,1747647673425
counter/6/0/0/0,11272:1747647659219:,1747647673425
counter/1/0/0/0,12691:1747647659692:,1747647673425
counter/9/0/0/0,12123:1747647659004:,1747647673425
counter/9/0/0/0,12124:1747647659004:,1747647673425
counter/3/0/0/0,12425:1747647659777:,1747647673425
counter/4/0/0/0,11871:1747647659988:,1747647673425
counter/4/0/0/0,11872:1747647659989:,1747647673425
counter/4/0/0/0,11873:1747647659989:,1747647673425
counter/4/0/0/0,11874:1747647659989:,1747647673425
counter/4/0/0/0,11875:1747647659989:,1747647673425
counter/4/0/0/0,11876:1747647659989:,1747647673426
counter/4/0/0/0,11877:1747647659989:,1747647673426
counter/4/0/0/0,11878:1747647659989:,1747647673426
counter/4/0/0/0,11879:1747647659989:,1747647673426
counter/6/0/0/0,11273:1747647659219:,1747647673426
counter/4/0/0/0,11880:1747647659989:,1747647673427
counter/6/0/0/0,11274:1747647659219:,1747647673427
counter/10/0/0/0,11002:1747647658565:,1747647673427
counter/6/0/0/0,11275:1747647659219:,1747647673427
counter/10/0/0/0,11003:1747647658565:,1747647673429
counter/3/0/0/0,12426:1747647659777:,1747647673429
counter/8/0/0/0,11865:1747647658294:,1747647673431
counter/3/0/0/0,12427:1747647659777:,1747647673431
counter/3/0/0/0,12428:1747647659777:,1747647673431
counter/4/0/0/0,11881:1747647659989:,1747647673431
counter/7/0/0/0,11594:1747647659022:,1747647673431
counter/7/0/0/0,11595:1747647659022:,1747647673431
counter/7/0/0/0,11596:1747647659022:,1747647673431
counter/10/0/0/0,11004:1747647658565:,1747647673431
counter/10/0/0/0,11005:1747647658565:,1747647673431
counter/10/0/0/0,11006:1747647658565:,1747647673431
counter/10/0/0/0,11007:1747647658565:,1747647673431
counter/10/0/0/0,11008:1747647658565:,1747647673431
counter/9/0/0/0,12125:1747647659010:,1747647673431
counter/9/0/0/0,12126:1747647659010:,1747647673431
counter/9/0/0/0,12127:1747647659010:,1747647673431
counter/2/0/0/0,11540:1747647658105:,1747647673431
counter/9/0/0/0,12128:1747647659013:,1747647673431
counter/1/0/0/0,12692:1747647659692:,1747647673432
counter/10/0/0/0,11009:1747647658565:,1747647673432
counter/5/0/0/0,11592:1747647658362:,1747647673433
counter/1/0/0/0,12693:1747647659692:,1747647673433
counter/1/0/0/0,12694:1747647659692:,1747647673433
counter/10/0/0/0,11010:1747647658565:,1747647673433
counter/1/0/0/0,12695:1747647659692:,1747647673436
counter/2/0/0/0,11541:1747647658105:,1747647673436
counter/2/0/0/0,11542:1747647658105:,1747647673436
counter/2/0/0/0,11543:1747647658105:,1747647673436
counter/6/0/0/0,11276:1747647659219:,1747647673436
counter/3/0/0/0,12429:1747647659777:,1747647673437
counter/6/0/0/0,11277:1747647659219:,1747647673438
counter/4/0/0/0,11882:1747647659989:,1747647673440
counter/4/0/0/0,11883:1747647659989:,1747647673440
counter/4/0/0/0,11884:1747647659989:,1747647673440
counter/4/0/0/0,11885:1747647659989:,1747647673440
counter/4/0/0/0,11886:1747647659991:,1747647673440
counter/4/0/0/0,11887:1747647659991:,1747647673440
counter/4/0/0/0,11888:1747647659992:,1747647673440
counter/4/0/0/0,11889:1747647659995:,1747647673440
counter/4/0/0/0,11890:1747647659995:,1747647673440
counter/4/0/0/0,11891:1747647659995:,1747647673440
counter/4/0/0/0,11892:1747647659995:,1747647673440
counter/4/0/0/0,11893:1747647659995:,1747647673440
counter/4/0/0/0,11894:1747647659995:,1747647673440
counter/4/0/0/0,11895:1747647659995:,1747647673440
counter/4/0/0/0,11896:1747647659995:,1747647673440
counter/4/0/0/0,11897:1747647659995:,1747647673440
counter/4/0/0/0,11898:1747647659995:,1747647673440
counter/4/0/0/0,11899:1747647659995:,1747647673440
counter/1/0/0/0,12696:1747647659692:,1747647673441
counter/6/0/0/0,11278:1747647659219:,1747647673441
counter/6/0/0/0,11279:1747647659219:,1747647673441
counter/6/0/0/0,11280:1747647659219:,1747647673441
counter/6/0/0/0,11281:1747647659219:,1747647673441
counter/6/0/0/0,11282:1747647659219:,1747647673441
counter/6/0/0/0,11283:1747647659221:,1747647673441
counter/6/0/0/0,11284:1747647659221:,1747647673441
counter/6/0/0/0,11285:1747647659221:,1747647673441
counter/6/0/0/0,11286:1747647659221:,1747647673441
counter/8/0/0/0,11866:1747647658294:,1747647673442
counter/7/0/0/0,11597:1747647659022:,1747647673442
counter/8/0/0/0,11867:1747647658295:,1747647673442
counter/5/0/0/0,11593:1747647658362:,1747647673442
counter/1/0/0/0,12697:1747647659692:,1747647673442
counter/7/0/0/0,11598:1747647659022:,1747647673443
counter/8/0/0/0,11868:1747647658295:,1747647673444
counter/8/0/0/0,11869:1747647658295:,1747647673444
counter/8/0/0/0,11870:1747647658295:,1747647673444
counter/8/0/0/0,11871:1747647658295:,1747647673444
counter/8/0/0/0,11872:1747647658295:,1747647673444
counter/8/0/0/0,11873:1747647658295:,1747647673444
counter/8/0/0/0,11874:1747647658295:,1747647673444
counter/9/0/0/0,12129:1747647659013:,1747647673444
counter/2/0/0/0,11544:1747647658108:,1747647673445
counter/2/0/0/0,11545:1747647658108:,1747647673445
counter/2/0/0/0,11546:1747647658108:,1747647673445
counter/2/0/0/0,11547:1747647658108:,1747647673445
counter/2/0/0/0,11548:1747647658108:,1747647673445
counter/2/0/0/0,11549:1747647658108:,1747647673445
counter/2/0/0/0,11550:1747647658108:,1747647673445
counter/2/0/0/0,11551:1747647658109:,1747647673445
counter/2/0/0/0,11552:1747647658109:,1747647673445
counter/3/0/0/0,12430:1747647659777:,1747647673447
counter/6/0/0/0,11287:1747647659221:,1747647673448
counter/6/0/0/0,11288:1747647659221:,1747647673448
counter/6/0/0/0,11289:1747647659221:,1747647673448
counter/6/0/0/0,11290:1747647659221:,1747647673448
counter/6/0/0/0,11291:1747647659221:,1747647673448
counter/6/0/0/0,11292:1747647659221:,1747647673448
counter/7/0/0/0,11599:1747647659022:,1747647673449
counter/7/0/0/0,11600:1747647659022:,1747647673449
counter/7/0/0/0,11601:1747647659022:,1747647673449
counter/7/0/0/0,11602:1747647659024:,1747647673449
counter/7/0/0/0,11603:1747647659024:,1747647673449
counter/3/0/0/0,12431:1747647659777:,1747647673449
counter/7/0/0/0,11604:1747647659024:,1747647673449
counter/7/0/0/0,11605:1747647659026:,1747647673449
counter/7/0/0/0,11606:1747647659026:,1747647673449
counter/7/0/0/0,11607:1747647659026:,1747647673449
counter/1/0/0/0,12698:1747647659692:,1747647673449
counter/9/0/0/0,12130:1747647659016:,1747647673449
counter/1/0/0/0,12699:1747647659692:,1747647673450
counter/4/0/0/0,11900:1747647659995:,1747647673452
counter/4/0/0/0,11901:1747647659995:,1747647673452
counter/4/0/0/0,11902:1747647659995:,1747647673452
counter/3/0/0/0,12432:1747647659777:,1747647673452
counter/4/0/0/0,11903:1747647659995:,1747647673452
counter/4/0/0/0,11904:1747647659995:,1747647673452
counter/4/0/0/0,11905:1747647659995:,1747647673453
counter/4/0/0/0,11906:1747647659995:,1747647673453
counter/4/0/0/0,11907:1747647659995:,1747647673453
counter/10/0/0/0,11011:1747647658565:,1747647673453
counter/10/0/0/0,11012:1747647658565:,1747647673453
counter/10/0/0/0,11013:1747647658565:,1747647673453
counter/10/0/0/0,11014:1747647658565:,1747647673453
counter/8/0/0/0,11875:1747647658295:,1747647673453
counter/8/0/0/0,11876:1747647658295:,1747647673453
counter/8/0/0/0,11877:1747647658295:,1747647673453
counter/8/0/0/0,11878:1747647658295:,1747647673453
counter/8/0/0/0,11879:1747647658295:,1747647673454
counter/8/0/0/0,11880:1747647658295:,1747647673454
counter/8/0/0/0,11881:1747647658295:,1747647673454
counter/8/0/0/0,11882:1747647658295:,1747647673454
counter/8/0/0/0,11883:1747647658295:,1747647673454
counter/8/0/0/0,11884:1747647658295:,1747647673454
counter/8/0/0/0,11885:1747647658297:,1747647673454
counter/8/0/0/0,11886:1747647658297:,1747647673454
counter/8/0/0/0,11887:1747647658297:,1747647673454
counter/8/0/0/0,11888:1747647658297:,1747647673454
counter/8/0/0/0,11889:1747647658297:,1747647673454
counter/2/0/0/0,11553:1747647658109:,1747647673454
counter/7/0/0/0,11608:1747647659026:,1747647673454
counter/1/0/0/0,12700:1747647659692:,1747647673454
counter/1/0/0/0,12701:1747647659693:,1747647673455
counter/1/0/0/0,12702:1747647659693:,1747647673455
counter/1/0/0/0,12703:1747647659693:,1747647673455
counter/1/0/0/0,12704:1747647659693:,1747647673455
counter/1/0/0/0,12705:1747647659693:,1747647673455
counter/1/0/0/0,12706:1747647659693:,1747647673455
counter/1/0/0/0,12707:1747647659693:,1747647673455
counter/1/0/0/0,12708:1747647659693:,1747647673455
counter/8/0/0/0,11890:1747647658297:,1747647673455
counter/2/0/0/0,11554:1747647658110:,1747647673459
counter/2/0/0/0,11555:1747647658120:,1747647673459
counter/2/0/0/0,11556:1747647658120:,1747647673459
counter/6/0/0/0,11293:1747647659221:,1747647673459
counter/2/0/0/0,11557:1747647658121:,1747647673459
counter/6/0/0/0,11294:1747647659221:,1747647673459
counter/2/0/0/0,11558:1747647658121:,1747647673459
counter/6/0/0/0,11295:1747647659221:,1747647673459
counter/2/0/0/0,11559:1747647658121:,1747647673459
counter/6/0/0/0,11296:1747647659221:,1747647673459
counter/6/0/0/0,11297:1747647659221:,1747647673459
counter/3/0/0/0,12433:1747647659778:,1747647673459
counter/8/0/0/0,11891:1747647658297:,1747647673460
counter/8/0/0/0,11892:1747647658297:,1747647673460
counter/8/0/0/0,11893:1747647658297:,1747647673460
counter/5/0/0/0,11594:1747647658362:,1747647673460
counter/5/0/0/0,11595:1747647658362:,1747647673460
counter/5/0/0/0,11596:1747647658362:,1747647673460
counter/5/0/0/0,11597:1747647658362:,1747647673460
counter/8/0/0/0,11894:1747647658297:,1747647673460
counter/5/0/0/0,11598:1747647658363:,1747647673461
counter/8/0/0/0,11895:1747647658297:,1747647673461
counter/8/0/0/0,11896:1747647658297:,1747647673461
counter/8/0/0/0,11897:1747647658297:,1747647673461
counter/8/0/0/0,11898:1747647658297:,1747647673461
counter/8/0/0/0,11899:1747647658297:,1747647673461
counter/8/0/0/0,11900:1747647658298:,1747647673461
counter/8/0/0/0,11901:1747647658298:,1747647673461
counter/8/0/0/0,11902:1747647658298:,1747647673461
counter/8/0/0/0,11903:1747647658298:,1747647673461
counter/8/0/0/0,11904:1747647658298:,1747647673461
counter/8/0/0/0,11905:1747647658298:,1747647673461
counter/8/0/0/0,11906:1747647658298:,1747647673461
counter/8/0/0/0,11907:1747647658314:,1747647673461
counter/8/0/0/0,11908:1747647658314:,1747647673461
counter/8/0/0/0,11909:1747647658314:,1747647673461
counter/8/0/0/0,11910:1747647658314:,1747647673461
counter/8/0/0/0,11911:1747647658314:,1747647673461
counter/8/0/0/0,11912:1747647658315:,1747647673461
counter/7/0/0/0,11609:1747647659026:,1747647673461
counter/7/0/0/0,11610:1747647659026:,1747647673461
counter/8/0/0/0,11913:1747647658315:,1747647673462
counter/10/0/0/0,11015:1747647658565:,1747647673462
counter/5/0/0/0,11599:1747647658365:,1747647673462
counter/8/0/0/0,11914:1747647658315:,1747647673462
counter/5/0/0/0,11600:1747647658365:,1747647673462
counter/7/0/0/0,11611:1747647659026:,1747647673463
counter/5/0/0/0,11601:1747647658365:,1747647673463
counter/6/0/0/0,11298:1747647659221:,1747647673463
counter/5/0/0/0,11602:1747647658365:,1747647673463
counter/5/0/0/0,11603:1747647658365:,1747647673463
counter/5/0/0/0,11604:1747647658365:,1747647673463
counter/2/0/0/0,11560:1747647658121:,1747647673464
counter/3/0/0/0,12434:1747647659778:,1747647673464
counter/3/0/0/0,12435:1747647659779:,1747647673464
counter/3/0/0/0,12436:1747647659779:,1747647673464
counter/9/0/0/0,12131:1747647659016:,1747647673464
counter/9/0/0/0,12132:1747647659016:,1747647673464
counter/9/0/0/0,12133:1747647659016:,1747647673464
counter/9/0/0/0,12134:1747647659016:,1747647673464
counter/9/0/0/0,12135:1747647659016:,1747647673464
counter/9/0/0/0,12136:1747647659016:,1747647673464
counter/6/0/0/0,11299:1747647659221:,1747647673464
counter/6/0/0/0,11300:1747647659221:,1747647673466
counter/10/0/0/0,11016:1747647658565:,1747647673466
counter/6/0/0/0,11301:1747647659221:,1747647673466
counter/10/0/0/0,11017:1747647658566:,1747647673466
counter/10/0/0/0,11018:1747647658566:,1747647673466
counter/10/0/0/0,11019:1747647658566:,1747647673466
counter/10/0/0/0,11020:1747647658566:,1747647673466
counter/10/0/0/0,11021:1747647658566:,1747647673466
counter/10/0/0/0,11022:1747647658566:,1747647673466
counter/10/0/0/0,11023:1747647658567:,1747647673466
counter/10/0/0/0,11024:1747647658567:,1747647673466
counter/10/0/0/0,11025:1747647658567:,1747647673466
counter/10/0/0/0,11026:1747647658568:,1747647673466
counter/10/0/0/0,11027:1747647658568:,1747647673466
counter/10/0/0/0,11028:1747647658568:,1747647673466
counter/10/0/0/0,11029:1747647658568:,1747647673466
counter/10/0/0/0,11030:1747647658568:,1747647673466
counter/10/0/0/0,11031:1747647658568:,1747647673467
counter/2/0/0/0,11561:1747647658121:,1747647673468
counter/3/0/0/0,12437:1747647659779:,1747647673468
counter/3/0/0/0,12438:1747647659804:,1747647673468
counter/2/0/0/0,11562:1747647658122:,1747647673468
counter/3/0/0/0,12439:1747647659805:,1747647673468
counter/7/0/0/0,11612:1747647659026:,1747647673468
counter/9/0/0/0,12137:1747647659020:,1747647673469
counter/5/0/0/0,11605:1747647658365:,1747647673470
counter/5/0/0/0,11606:1747647658365:,1747647673471
counter/5/0/0/0,11607:1747647658365:,1747647673471
counter/3/0/0/0,12440:1747647659805:,1747647673471
counter/8/0/0/0,11915:1747647658315:,1747647673471
counter/4/0/0/0,11908:1747647659996:,1747647673471
counter/5/0/0/0,11608:1747647658365:,1747647673471
counter/7/0/0/0,11613:1747647659026:,1747647673472
counter/7/0/0/0,11614:1747647659026:,1747647673472
counter/7/0/0/0,11615:1747647659026:,1747647673472
counter/9/0/0/0,12138:1747647659020:,1747647673472
counter/9/0/0/0,12139:1747647659020:,1747647673472
counter/9/0/0/0,12140:1747647659020:,1747647673472
counter/9/0/0/0,12141:1747647659020:,1747647673472
counter/6/0/0/0,11302:1747647659221:,1747647673475
counter/3/0/0/0,12441:1747647659805:,1747647673480
counter/10/0/0/0,11032:1747647658568:,1747647673480
counter/5/0/0/0,11609:1747647658366:,1747647673480
counter/10/0/0/0,11033:1747647658568:,1747647673481
counter/5/0/0/0,11610:1747647658366:,1747647673482
counter/1/0/0/0,12709:1747647659693:,1747647673482
counter/10/0/0/0,11034:1747647658568:,1747647673482
counter/5/0/0/0,11611:1747647658367:,1747647673482
counter/5/0/0/0,11612:1747647658368:,1747647673483
counter/8/0/0/0,11916:1747647658315:,1747647673483
counter/7/0/0/0,11616:1747647659026:,1747647673483
counter/8/0/0/0,11917:1747647658317:,1747647673483
counter/6/0/0/0,11303:1747647659221:,1747647673484
counter/6/0/0/0,11304:1747647659221:,1747647673484
counter/7/0/0/0,11617:1747647659026:,1747647673486
counter/1/0/0/0,12710:1747647659693:,1747647673486
counter/10/0/0/0,11035:1747647658568:,1747647673486
counter/1/0/0/0,12711:1747647659693:,1747647673486
counter/1/0/0/0,12712:1747647659693:,1747647673486
counter/8/0/0/0,11918:1747647658317:,1747647673486
counter/2/0/0/0,11563:1747647658122:,1747647673487
counter/10/0/0/0,11036:1747647658568:,1747647673488
counter/4/0/0/0,11909:1747647659996:,1747647673489
counter/4/0/0/0,11910:1747647659996:,1747647673489
counter/4/0/0/0,11911:1747647659996:,1747647673489
counter/4/0/0/0,11912:1747647659996:,1747647673489
counter/4/0/0/0,11913:1747647659996:,1747647673489
counter/4/0/0/0,11914:1747647659996:,1747647673489
counter/4/0/0/0,11915:1747647659996:,1747647673489
counter/8/0/0/0,11919:1747647658317:,1747647673489
counter/10/0/0/0,11037:1747647658568:,1747647673490
counter/9/0/0/0,12142:1747647659020:,1747647673490
counter/9/0/0/0,12143:1747647659020:,1747647673490
counter/9/0/0/0,12144:1747647659021:,1747647673490
counter/9/0/0/0,12145:1747647659025:,1747647673490
counter/9/0/0/0,12146:1747647659025:,1747647673490
counter/9/0/0/0,12147:1747647659034:,1747647673490
counter/4/0/0/0,11916:1747647659997:,1747647673490
counter/4/0/0/0,11917:1747647659997:,1747647673490
counter/7/0/0/0,11618:1747647659026:,1747647673491
counter/4/0/0/0,11918:1747647659997:,1747647673491
counter/10/0/0/0,11038:1747647658568:,1747647673493
counter/10/0/0/0,11039:1747647658568:,1747647673493
counter/10/0/0/0,11040:1747647658568:,1747647673494
counter/6/0/0/0,11305:1747647659221:,1747647673494
counter/10/0/0/0,11041:1747647658568:,1747647673494
counter/1/0/0/0,12713:1747647659693:,1747647673494
counter/1/0/0/0,12714:1747647659693:,1747647673494
counter/1/0/0/0,12715:1747647659693:,1747647673494
counter/1/0/0/0,12716:1747647659693:,1747647673494
counter/1/0/0/0,12717:1747647659693:,1747647673494
counter/9/0/0/0,12148:1747647659041:,1747647673494
counter/9/0/0/0,12149:1747647659041:,1747647673494
counter/9/0/0/0,12150:1747647659041:,1747647673494
counter/9/0/0/0,12151:1747647659041:,1747647673494
counter/9/0/0/0,12152:1747647659041:,1747647673494
counter/9/0/0/0,12153:1747647659041:,1747647673494
counter/9/0/0/0,12154:1747647659041:,1747647673494
counter/9/0/0/0,12155:1747647659042:,1747647673494
counter/1/0/0/0,12718:1747647659693:,1747647673495
counter/1/0/0/0,12719:1747647659694:,1747647673495
counter/9/0/0/0,12156:1747647659042:,1747647673496
counter/6/0/0/0,11306:1747647659224:,1747647673496
counter/6/0/0/0,11307:1747647659224:,1747647673496
counter/6/0/0/0,11308:1747647659224:,1747647673497
counter/5/0/0/0,11613:1747647658368:,1747647673497
counter/8/0/0/0,11920:1747647658317:,1747647673497
counter/1/0/0/0,12720:1747647659694:,1747647673497
counter/9/0/0/0,12157:1747647659042:,1747647673497
counter/7/0/0/0,11619:1747647659026:,1747647673497
counter/1/0/0/0,12721:1747647659694:,1747647673499
counter/1/0/0/0,12722:1747647659694:,1747647673499
counter/1/0/0/0,12723:1747647659694:,1747647673499
counter/1/0/0/0,12724:1747647659694:,1747647673499
counter/1/0/0/0,12725:1747647659694:,1747647673499
counter/1/0/0/0,12726:1747647659694:,1747647673499
counter/1/0/0/0,12727:1747647659704:,1747647673499
counter/4/0/0/0,11919:1747647659997:,1747647673499
counter/6/0/0/0,11309:1747647659237:,1747647673499
counter/5/0/0/0,11614:1747647658368:,1747647673501
counter/4/0/0/0,11920:1747647659998:,1747647673501
counter/4/0/0/0,11921:1747647659998:,1747647673502
counter/4/0/0/0,11922:1747647659998:,1747647673502
counter/4/0/0/0,11923:1747647659998:,1747647673502
counter/4/0/0/0,11924:1747647659998:,1747647673502
counter/4/0/0/0,11925:1747647659999:,1747647673502
counter/4/0/0/0,11926:1747647660000:,1747647673502
counter/4/0/0/0,11927:1747647660000:,1747647673502
counter/4/0/0/0,11928:1747647660000:,1747647673502
counter/6/0/0/0,11310:1747647659237:,1747647673502
counter/6/0/0/0,11311:1747647659237:,1747647673502
counter/6/0/0/0,11312:1747647659238:,1747647673502
counter/3/0/0/0,12442:1747647659805:,1747647673502
counter/10/0/0/0,11042:1747647658568:,1747647673503
counter/10/0/0/0,11043:1747647658568:,1747647673503
counter/10/0/0/0,11044:1747647658568:,1747647673503
counter/10/0/0/0,11045:1747647658570:,1747647673503
counter/10/0/0/0,11046:1747647658570:,1747647673503
counter/10/0/0/0,11047:1747647658570:,1747647673503
counter/6/0/0/0,11313:1747647659238:,1747647673503
counter/7/0/0/0,11620:1747647659026:,1747647673503
counter/2/0/0/0,11564:1747647658122:,1747647673503
counter/2/0/0/0,11565:1747647658122:,1747647673503
counter/9/0/0/0,12158:1747647659042:,1747647673504
counter/9/0/0/0,12159:1747647659042:,1747647673504
counter/9/0/0/0,12160:1747647659042:,1747647673504
counter/6/0/0/0,11314:1747647659238:,1747647673504
counter/9/0/0/0,12161:1747647659046:,1747647673504
counter/9/0/0/0,12162:1747647659046:,1747647673505
counter/9/0/0/0,12163:1747647659046:,1747647673505
counter/6/0/0/0,11315:1747647659238:,1747647673505
counter/6/0/0/0,11316:1747647659238:,1747647673505
counter/6/0/0/0,11317:1747647659238:,1747647673505
counter/6/0/0/0,11318:1747647659238:,1747647673505
counter/6/0/0/0,11319:1747647659238:,1747647673505
counter/6/0/0/0,11320:1747647659238:,1747647673505
counter/6/0/0/0,11321:1747647659238:,1747647673505
counter/7/0/0/0,11621:1747647659027:,1747647673506
counter/6/0/0/0,11322:1747647659238:,1747647673506
counter/5/0/0/0,11615:1747647658368:,1747647673506
counter/5/0/0/0,11616:1747647658368:,1747647673506
counter/5/0/0/0,11617:1747647658368:,1747647673506
counter/5/0/0/0,11618:1747647658368:,1747647673506
counter/5/0/0/0,11619:1747647658368:,1747647673506
counter/8/0/0/0,11921:1747647658317:,1747647673507
counter/8/0/0/0,11922:1747647658317:,1747647673507
counter/8/0/0/0,11923:1747647658317:,1747647673507
counter/8/0/0/0,11924:1747647658318:,1747647673507
counter/8/0/0/0,11925:1747647658318:,1747647673507
counter/6/0/0/0,11323:1747647659238:,1747647673507
counter/5/0/0/0,11620:1747647658368:,1747647673507
counter/5/0/0/0,11621:1747647658368:,1747647673507
counter/5/0/0/0,11622:1747647658368:,1747647673507
counter/2/0/0/0,11566:1747647658122:,1747647673507
counter/9/0/0/0,12164:1747647659046:,1747647673508
counter/9/0/0/0,12165:1747647659046:,1747647673508
counter/9/0/0/0,12166:1747647659046:,1747647673509
counter/9/0/0/0,12167:1747647659046:,1747647673509
counter/9/0/0/0,12168:1747647659046:,1747647673509
counter/9/0/0/0,12169:1747647659046:,1747647673509
counter/6/0/0/0,11324:1747647659238:,1747647673509
counter/9/0/0/0,12170:1747647659047:,1747647673509
counter/2/0/0/0,11567:1747647658122:,1747647673509
counter/2/0/0/0,11568:1747647658122:,1747647673509
counter/3/0/0/0,12443:1747647659805:,1747647673509
counter/3/0/0/0,12444:1747647659805:,1747647673509
counter/2/0/0/0,11569:1747647658122:,1747647673509
counter/3/0/0/0,12445:1747647659805:,1747647673509
counter/10/0/0/0,11048:1747647658570:,1747647673509
counter/2/0/0/0,11570:1747647658132:,1747647673509
counter/8/0/0/0,11926:1747647658318:,1747647673510
counter/8/0/0/0,11927:1747647658329:,1747647673510
counter/8/0/0/0,11928:1747647658337:,1747647673510
counter/8/0/0/0,11929:1747647658337:,1747647673511
counter/6/0/0/0,11325:1747647659267:,1747647673511
counter/6/0/0/0,11326:1747647659272:,1747647673511
counter/6/0/0/0,11327:1747647659272:,1747647673511
counter/6/0/0/0,11328:1747647659272:,1747647673511
counter/7/0/0/0,11622:1747647659027:,1747647673511
counter/2/0/0/0,11571:1747647658132:,1747647673512
counter/2/0/0/0,11572:1747647658132:,1747647673512
counter/9/0/0/0,12171:1747647659047:,1747647673512
counter/9/0/0/0,12172:1747647659047:,1747647673512
counter/2/0/0/0,11573:1747647658132:,1747647673512
counter/9/0/0/0,12173:1747647659047:,1747647673512
counter/6/0/0/0,11329:1747647659272:,1747647673512
counter/2/0/0/0,11574:1747647658132:,1747647673512
counter/1/0/0/0,12728:1747647659704:,1747647673513
counter/2/0/0/0,11575:1747647658132:,1747647673513
counter/3/0/0/0,12446:1747647659805:,1747647673513
counter/5/0/0/0,11623:1747647658368:,1747647673513
counter/3/0/0/0,12447:1747647659805:,1747647673513
counter/3/0/0/0,12448:1747647659805:,1747647673513
counter/3/0/0/0,12449:1747647659806:,1747647673513
counter/3/0/0/0,12450:1747647659806:,1747647673513
counter/8/0/0/0,11930:1747647658337:,1747647673513
counter/6/0/0/0,11330:1747647659272:,1747647673513
counter/9/0/0/0,12174:1747647659048:,1747647673514
counter/9/0/0/0,12175:1747647659048:,1747647673516
counter/9/0/0/0,12176:1747647659048:,1747647673516
counter/9/0/0/0,12177:1747647659048:,1747647673516
counter/9/0/0/0,12178:1747647659048:,1747647673516
counter/9/0/0/0,12179:1747647659055:,1747647673516
counter/9/0/0/0,12180:1747647659056:,1747647673516
counter/9/0/0/0,12181:1747647659056:,1747647673516
counter/9/0/0/0,12182:1747647659056:,1747647673516
counter/9/0/0/0,12183:1747647659056:,1747647673516
counter/9/0/0/0,12184:1747647659056:,1747647673516
counter/9/0/0/0,12185:1747647659056:,1747647673516
counter/9/0/0/0,12186:1747647659056:,1747647673516
counter/9/0/0/0,12187:1747647659056:,1747647673516
counter/10/0/0/0,11049:1747647658583:,1747647673517
counter/2/0/0/0,11576:1747647658132:,1747647673517
counter/7/0/0/0,11623:1747647659035:,1747647673517
counter/2/0/0/0,11577:1747647658132:,1747647673517
counter/3/0/0/0,12451:1747647659806:,1747647673518
counter/3/0/0/0,12452:1747647659806:,1747647673518
counter/10/0/0/0,11050:1747647658583:,1747647673518
counter/10/0/0/0,11051:1747647658583:,1747647673518
counter/4/0/0/0,11929:1747647660000:,1747647673518
counter/4/0/0/0,11930:1747647660000:,1747647673518
counter/4/0/0/0,11931:1747647660000:,1747647673518
counter/4/0/0/0,11932:1747647660000:,1747647673518
counter/4/0/0/0,11933:1747647660000:,1747647673518
counter/4/0/0/0,11934:1747647660000:,1747647673518
counter/4/0/0/0,11935:1747647660000:,1747647673518
counter/7/0/0/0,11624:1747647659063:,1747647673518
counter/7/0/0/0,11625:1747647659075:,1747647673518
counter/6/0/0/0,11331:1747647659272:,1747647673518
counter/5/0/0/0,11624:1747647658368:,1747647673519
counter/10/0/0/0,11052:1747647658583:,1747647673519
counter/5/0/0/0,11625:1747647658368:,1747647673519
counter/10/0/0/0,11053:1747647658583:,1747647673519
counter/10/0/0/0,11054:1747647658583:,1747647673519
counter/10/0/0/0,11055:1747647658583:,1747647673519
counter/10/0/0/0,11056:1747647658583:,1747647673519
counter/9/0/0/0,12188:1747647659056:,1747647673519
counter/3/0/0/0,12453:1747647659806:,1747647673520
counter/5/0/0/0,11626:1747647658372:,1747647673520
counter/5/0/0/0,11627:1747647658372:,1747647673520
counter/5/0/0/0,11628:1747647658372:,1747647673520
counter/5/0/0/0,11629:1747647658372:,1747647673520
counter/5/0/0/0,11630:1747647658372:,1747647673520
counter/10/0/0/0,11057:1747647658583:,1747647673521
counter/10/0/0/0,11058:1747647658583:,1747647673521
counter/10/0/0/0,11059:1747647658583:,1747647673521
counter/10/0/0/0,11060:1747647658583:,1747647673521
counter/10/0/0/0,11061:1747647658583:,1747647673521
counter/10/0/0/0,11062:1747647658583:,1747647673521
counter/10/0/0/0,11063:1747647658583:,1747647673521
counter/6/0/0/0,11332:1747647659272:,1747647673521
counter/10/0/0/0,11064:1747647658583:,1747647673521
counter/8/0/0/0,11931:1747647658337:,1747647673521
counter/8/0/0/0,11932:1747647658337:,1747647673522
counter/8/0/0/0,11933:1747647658337:,1747647673522
counter/8/0/0/0,11934:1747647658337:,1747647673522
counter/8/0/0/0,11935:1747647658337:,1747647673522
counter/8/0/0/0,11936:1747647658337:,1747647673522
counter/8/0/0/0,11937:1747647658337:,1747647673522
counter/4/0/0/0,11936:1747647660000:,1747647673522
counter/1/0/0/0,12729:1747647659704:,1747647673522
counter/2/0/0/0,11578:1747647658132:,1747647673523
counter/5/0/0/0,11631:1747647658372:,1747647673523
counter/2/0/0/0,11579:1747647658132:,1747647673523
counter/3/0/0/0,12454:1747647659806:,1747647673524
counter/9/0/0/0,12189:1747647659066:,1747647673524
counter/3/0/0/0,12455:1747647659810:,1747647673524
counter/3/0/0/0,12456:1747647659810:,1747647673524
counter/3/0/0/0,12457:1747647659810:,1747647673524
counter/3/0/0/0,12458:1747647659810:,1747647673524
counter/3/0/0/0,12459:1747647659810:,1747647673524
counter/3/0/0/0,12460:1747647659810:,1747647673524
counter/3/0/0/0,12461:1747647659810:,1747647673525
counter/3/0/0/0,12462:1747647659810:,1747647673525
counter/3/0/0/0,12463:1747647659810:,1747647673525
counter/8/0/0/0,11938:1747647658339:,1747647673525
counter/7/0/0/0,11626:1747647659075:,1747647673526
counter/7/0/0/0,11627:1747647659075:,1747647673526
counter/7/0/0/0,11628:1747647659075:,1747647673526
counter/7/0/0/0,11629:1747647659075:,1747647673527
counter/7/0/0/0,11630:1747647659075:,1747647673527
counter/7/0/0/0,11631:1747647659085:,1747647673527
counter/7/0/0/0,11632:1747647659085:,1747647673527
counter/3/0/0/0,12464:1747647659810:,1747647673527
counter/3/0/0/0,12465:1747647659810:,1747647673527
counter/3/0/0/0,12466:1747647659811:,1747647673527
counter/3/0/0/0,12467:1747647659811:,1747647673527
counter/3/0/0/0,12468:1747647659811:,1747647673527
counter/4/0/0/0,11937:1747647660000:,1747647673527
counter/9/0/0/0,12190:1747647659066:,1747647673527
counter/3/0/0/0,12469:1747647659811:,1747647673528
counter/3/0/0/0,12470:1747647659811:,1747647673528
counter/3/0/0/0,12471:1747647659811:,1747647673528
counter/3/0/0/0,12472:1747647659811:,1747647673528
counter/3/0/0/0,12473:1747647659811:,1747647673528
counter/3/0/0/0,12474:1747647659811:,1747647673528
counter/3/0/0/0,12475:1747647659820:,1747647673528
counter/9/0/0/0,12191:1747647659066:,1747647673528
counter/9/0/0/0,12192:1747647659066:,1747647673528
counter/9/0/0/0,12193:1747647659066:,1747647673528
counter/9/0/0/0,12194:1747647659066:,1747647673528
counter/9/0/0/0,12195:1747647659066:,1747647673528
counter/6/0/0/0,11333:1747647659272:,1747647673528
counter/10/0/0/0,11065:1747647658584:,1747647673529
counter/6/0/0/0,11334:1747647659272:,1747647673529
counter/10/0/0/0,11066:1747647658584:,1747647673529
counter/10/0/0/0,11067:1747647658584:,1747647673529
counter/10/0/0/0,11068:1747647658584:,1747647673529
counter/10/0/0/0,11069:1747647658584:,1747647673529
counter/10/0/0/0,11070:1747647658584:,1747647673529
counter/10/0/0/0,11071:1747647658584:,1747647673529
counter/10/0/0/0,11072:1747647658584:,1747647673529
counter/10/0/0/0,11073:1747647658585:,1747647673529
counter/10/0/0/0,11074:1747647658585:,1747647673529
counter/3/0/0/0,12476:1747647659820:,1747647673529
counter/7/0/0/0,11633:1747647659085:,1747647673529
counter/9/0/0/0,12196:1747647659066:,1747647673530
counter/7/0/0/0,11634:1747647659086:,1747647673530
counter/6/0/0/0,11335:1747647659278:,1747647673530
counter/7/0/0/0,11635:1747647659086:,1747647673530
counter/1/0/0/0,12730:1747647659704:,1747647673530
counter/1/0/0/0,12731:1747647659704:,1747647673530
counter/1/0/0/0,12732:1747647659704:,1747647673530
counter/1/0/0/0,12733:1747647659704:,1747647673530
counter/10/0/0/0,11075:1747647658585:,1747647673530
counter/10/0/0/0,11076:1747647658585:,1747647673530
counter/2/0/0/0,11580:1747647658138:,1747647673530
counter/4/0/0/0,11938:1747647660000:,1747647673531
counter/4/0/0/0,11939:1747647660000:,1747647673531
counter/3/0/0/0,12477:1747647659820:,1747647673531
counter/3/0/0/0,12478:1747647659820:,1747647673531
counter/3/0/0/0,12479:1747647659821:,1747647673531
counter/2/0/0/0,11581:1747647658138:,1747647673531
counter/9/0/0/0,12197:1747647659066:,1747647673531
counter/3/0/0/0,12480:1747647659821:,1747647673531
counter/2/0/0/0,11582:1747647658138:,1747647673531
counter/3/0/0/0,12481:1747647659821:,1747647673531
counter/2/0/0/0,11583:1747647658138:,1747647673531
counter/6/0/0/0,11336:1747647659278:,1747647673532
counter/2/0/0/0,11584:1747647658138:,1747647673532
counter/7/0/0/0,11636:1747647659086:,1747647673532
counter/8/0/0/0,11939:1747647658339:,1747647673532
counter/6/0/0/0,11337:1747647659278:,1747647673532
counter/4/0/0/0,11940:1747647660000:,1747647673533
counter/6/0/0/0,11338:1747647659278:,1747647673533
counter/6/0/0/0,11339:1747647659278:,1747647673534
counter/6/0/0/0,11340:1747647659278:,1747647673534
counter/6/0/0/0,11341:1747647659278:,1747647673534
counter/6/0/0/0,11342:1747647659278:,1747647673534
counter/6/0/0/0,11343:1747647659278:,1747647673534
counter/6/0/0/0,11344:1747647659278:,1747647673534
counter/6/0/0/0,11345:1747647659278:,1747647673534
counter/6/0/0/0,11346:1747647659278:,1747647673534
counter/6/0/0/0,11347:1747647659282:,1747647673534
counter/10/0/0/0,11077:1747647658868:,1747647673534
counter/2/0/0/0,11585:1747647658138:,1747647673534
counter/9/0/0/0,12198:1747647659067:,1747647673534
counter/2/0/0/0,11586:1747647658138:,1747647673534
counter/5/0/0/0,11632:1747647658372:,1747647673534
counter/9/0/0/0,12199:1747647659067:,1747647673534
counter/2/0/0/0,11587:1747647658138:,1747647673535
counter/3/0/0/0,12482:1747647659821:,1747647673535
counter/3/0/0/0,12483:1747647659821:,1747647673535
counter/3/0/0/0,12484:1747647659821:,1747647673535
counter/3/0/0/0,12485:1747647659821:,1747647673536
counter/3/0/0/0,12486:1747647659827:,1747647673536
counter/4/0/0/0,11941:1747647660000:,1747647673536
counter/3/0/0/0,12487:1747647659827:,1747647673536
counter/5/0/0/0,11633:1747647658372:,1747647673537
counter/7/0/0/0,11637:1747647659086:,1747647673537
counter/7/0/0/0,11638:1747647659086:,1747647673537
counter/8/0/0/0,11940:1747647658339:,1747647673539
counter/8/0/0/0,11941:1747647658339:,1747647673540
counter/8/0/0/0,11942:1747647658339:,1747647673540
counter/8/0/0/0,11943:1747647658339:,1747647673540
counter/8/0/0/0,11944:1747647658339:,1747647673540
counter/8/0/0/0,11945:1747647658339:,1747647673540
counter/8/0/0/0,11946:1747647658339:,1747647673540
counter/8/0/0/0,11947:1747647658339:,1747647673540
counter/8/0/0/0,11948:1747647658339:,1747647673540
counter/7/0/0/0,11639:1747647659086:,1747647673540
counter/9/0/0/0,12200:1747647659067:,1747647673540
counter/2/0/0/0,11588:1747647658138:,1747647673540
counter/2/0/0/0,11589:1747647658138:,1747647673540
counter/2/0/0/0,11590:1747647658138:,1747647673540
counter/3/0/0/0,12488:1747647659827:,1747647673540
counter/3/0/0/0,12489:1747647659827:,1747647673540
counter/5/0/0/0,11634:1747647658372:,1747647673540
counter/8/0/0/0,11949:1747647658339:,1747647673540
counter/10/0/0/0,11078:1747647658869:,1747647673542
counter/3/0/0/0,12490:1747647659827:,1747647673542
counter/10/0/0/0,11079:1747647658869:,1747647673542
counter/3/0/0/0,12491:1747647659827:,1747647673542
counter/5/0/0/0,11635:1747647658373:,1747647673542
counter/8/0/0/0,11950:1747647658339:,1747647673542
counter/3/0/0/0,12492:1747647659827:,1747647673542
counter/10/0/0/0,11080:1747647658876:,1747647673543
counter/3/0/0/0,12493:1747647659827:,1747647673543
counter/3/0/0/0,12494:1747647659827:,1747647673543
counter/5/0/0/0,11636:1747647658373:,1747647673543
counter/4/0/0/0,11942:1747647660000:,1747647673543
counter/3/0/0/0,12495:1747647659830:,1747647673543
counter/3/0/0/0,12496:1747647659830:,1747647673543
counter/6/0/0/0,11348:1747647659283:,1747647673544
counter/10/0/0/0,11081:1747647658876:,1747647673545
counter/8/0/0/0,11951:1747647658357:,1747647673546
counter/8/0/0/0,11952:1747647658367:,1747647673546
counter/8/0/0/0,11953:1747647658369:,1747647673546
counter/8/0/0/0,11954:1747647658369:,1747647673546
counter/5/0/0/0,11637:1747647658373:,1747647673547
counter/5/0/0/0,11638:1747647658373:,1747647673547
counter/5/0/0/0,11639:1747647658373:,1747647673547
counter/6/0/0/0,11349:1747647659283:,1747647673547
counter/5/0/0/0,11640:1747647658376:,1747647673547
counter/4/0/0/0,11943:1747647660000:,1747647673547
counter/3/0/0/0,12497:1747647659830:,1747647673547
counter/3/0/0/0,12498:1747647659830:,1747647673547
counter/3/0/0/0,12499:1747647659830:,1747647673547
counter/9/0/0/0,12201:1747647659067:,1747647673547
counter/3/0/0/0,12500:1747647659830:,1747647673549
counter/10/0/0/0,11082:1747647658876:,1747647673550
counter/10/0/0/0,11083:1747647658876:,1747647673550
counter/10/0/0/0,11084:1747647658879:,1747647673550
counter/10/0/0/0,11085:1747647658881:,1747647673550
counter/10/0/0/0,11086:1747647658881:,1747647673550
counter/10/0/0/0,11087:1747647658881:,1747647673550
counter/3/0/0/0,12501:1747647659830:,1747647673551
counter/7/0/0/0,11640:1747647659086:,1747647673551
counter/7/0/0/0,11641:1747647659086:,1747647673551
counter/7/0/0/0,11642:1747647659086:,1747647673551
counter/7/0/0/0,11643:1747647659086:,1747647673551
counter/7/0/0/0,11644:1747647659086:,1747647673551
counter/7/0/0/0,11645:1747647659086:,1747647673551
counter/7/0/0/0,11646:1747647659086:,1747647673551
counter/7/0/0/0,11647:1747647659100:,1747647673551
counter/7/0/0/0,11648:1747647659100:,1747647673552
counter/7/0/0/0,11649:1747647659100:,1747647673552
counter/7/0/0/0,11650:1747647659100:,1747647673552
counter/7/0/0/0,11651:1747647659100:,1747647673552
counter/5/0/0/0,11641:1747647658376:,1747647673552
counter/5/0/0/0,11642:1747647658376:,1747647673552
counter/1/0/0/0,12734:1747647659704:,1747647673553
counter/4/0/0/0,11944:1747647660002:,1747647673553
counter/9/0/0/0,12202:1747647659067:,1747647673553
counter/9/0/0/0,12203:1747647659067:,1747647673553
counter/9/0/0/0,12204:1747647659067:,1747647673553
counter/9/0/0/0,12205:1747647659068:,1747647673553
counter/9/0/0/0,12206:1747647659068:,1747647673553
counter/9/0/0/0,12207:1747647659068:,1747647673553
counter/5/0/0/0,11643:1747647658376:,1747647673554
counter/6/0/0/0,11350:1747647659283:,1747647673555
counter/6/0/0/0,11351:1747647659283:,1747647673555
counter/6/0/0/0,11352:1747647659283:,1747647673555
counter/6/0/0/0,11353:1747647659283:,1747647673555
counter/6/0/0/0,11354:1747647659283:,1747647673555
counter/6/0/0/0,11355:1747647659283:,1747647673556
counter/6/0/0/0,11356:1747647659283:,1747647673556
counter/8/0/0/0,11955:1747647658369:,1747647673556
counter/1/0/0/0,12735:1747647659704:,1747647673556
counter/9/0/0/0,12208:1747647659068:,1747647673556
counter/9/0/0/0,12209:1747647659069:,1747647673556
counter/9/0/0/0,12210:1747647659069:,1747647673556
counter/7/0/0/0,11652:1747647659100:,1747647673557
counter/4/0/0/0,11945:1747647660002:,1747647673558
counter/4/0/0/0,11946:1747647660002:,1747647673558
counter/1/0/0/0,12736:1747647659704:,1747647673558
counter/6/0/0/0,11357:1747647659283:,1747647673558
counter/6/0/0/0,11358:1747647659283:,1747647673558
counter/8/0/0/0,11956:1747647658369:,1747647673559
counter/8/0/0/0,11957:1747647658369:,1747647673559
counter/6/0/0/0,11359:1747647659288:,1747647673559
counter/6/0/0/0,11360:1747647659288:,1747647673559
counter/6/0/0/0,11361:1747647659288:,1747647673559
counter/7/0/0/0,11653:1747647659100:,1747647673559
counter/9/0/0/0,12211:1747647659069:,1747647673559
counter/7/0/0/0,11654:1747647659100:,1747647673559
counter/7/0/0/0,11655:1747647659100:,1747647673559
counter/7/0/0/0,11656:1747647659100:,1747647673559
counter/7/0/0/0,11657:1747647659100:,1747647673559
counter/7/0/0/0,11658:1747647659100:,1747647673559
counter/6/0/0/0,11362:1747647659288:,1747647673560
counter/7/0/0/0,11659:1747647659101:,1747647673561
counter/7/0/0/0,11660:1747647659108:,1747647673562
counter/7/0/0/0,11661:1747647659115:,1747647673562
counter/7/0/0/0,11662:1747647659115:,1747647673562
counter/7/0/0/0,11663:1747647659115:,1747647673562
counter/10/0/0/0,11088:1747647658883:,1747647673562
counter/10/0/0/0,11089:1747647658883:,1747647673562
counter/10/0/0/0,11090:1747647658883:,1747647673563
counter/10/0/0/0,11091:1747647658886:,1747647673563
counter/4/0/0/0,11947:1747647660002:,1747647673563
counter/4/0/0/0,11948:1747647660002:,1747647673563
counter/1/0/0/0,12737:1747647659704:,1747647673563
counter/10/0/0/0,11092:1747647658886:,1747647673563
counter/10/0/0/0,11093:1747647658893:,1747647673563
counter/9/0/0/0,12212:1747647659069:,1747647673563
counter/3/0/0/0,12502:1747647659833:,1747647673564
counter/3/0/0/0,12503:1747647659833:,1747647673564
counter/7/0/0/0,11664:1747647659115:,1747647673564
counter/7/0/0/0,11665:1747647659115:,1747647673564
counter/7/0/0/0,11666:1747647659115:,1747647673564
counter/4/0/0/0,11949:1747647660002:,1747647673564
counter/3/0/0/0,12504:1747647659833:,1747647673565
counter/6/0/0/0,11363:1747647659288:,1747647673565
counter/2/0/0/0,11591:1747647658149:,1747647673565
counter/2/0/0/0,11592:1747647658149:,1747647673565
counter/2/0/0/0,11593:1747647658149:,1747647673565
counter/2/0/0/0,11594:1747647658149:,1747647673565
counter/2/0/0/0,11595:1747647658149:,1747647673565
counter/2/0/0/0,11596:1747647658149:,1747647673565
counter/2/0/0/0,11597:1747647658149:,1747647673565
counter/2/0/0/0,11598:1747647658149:,1747647673565
counter/2/0/0/0,11599:1747647658149:,1747647673565
counter/2/0/0/0,11600:1747647658149:,1747647673565
counter/2/0/0/0,11601:1747647658149:,1747647673565
counter/2/0/0/0,11602:1747647658149:,1747647673566
counter/2/0/0/0,11603:1747647658149:,1747647673566
counter/2/0/0/0,11604:1747647658149:,1747647673566
counter/2/0/0/0,11605:1747647658149:,1747647673566
counter/2/0/0/0,11606:1747647658149:,1747647673566
counter/2/0/0/0,11607:1747647658153:,1747647673566
counter/2/0/0/0,11608:1747647658153:,1747647673566
counter/2/0/0/0,11609:1747647658153:,1747647673566
counter/2/0/0/0,11610:1747647658153:,1747647673566
counter/2/0/0/0,11611:1747647658153:,1747647673566
counter/2/0/0/0,11612:1747647658153:,1747647673566
counter/2/0/0/0,11613:1747647658153:,1747647673566
counter/9/0/0/0,12213:1747647659069:,1747647673566
counter/7/0/0/0,11667:1747647659115:,1747647673566
counter/9/0/0/0,12214:1747647659069:,1747647673566
counter/8/0/0/0,11958:1747647658369:,1747647673567
counter/1/0/0/0,12738:1747647659704:,1747647673567
counter/6/0/0/0,11364:1747647659298:,1747647673567
counter/4/0/0/0,11950:1747647660003:,1747647673567
counter/4/0/0/0,11951:1747647660003:,1747647673567
counter/7/0/0/0,11668:1747647659115:,1747647673568
counter/2/0/0/0,11614:1747647658153:,1747647673570
counter/2/0/0/0,11615:1747647658164:,1747647673570
counter/2/0/0/0,11616:1747647658164:,1747647673570
counter/2/0/0/0,11617:1747647658164:,1747647673570
counter/2/0/0/0,11618:1747647658164:,1747647673570
counter/7/0/0/0,11669:1747647659115:,1747647673570
counter/2/0/0/0,11619:1747647658164:,1747647673570
counter/2/0/0/0,11620:1747647658164:,1747647673571
counter/2/0/0/0,11621:1747647658165:,1747647673571
counter/2/0/0/0,11622:1747647658165:,1747647673571
counter/2/0/0/0,11623:1747647658165:,1747647673571
counter/2/0/0/0,11624:1747647658166:,1747647673571
counter/2/0/0/0,11625:1747647658166:,1747647673571
counter/2/0/0/0,11626:1747647658166:,1747647673571
counter/2/0/0/0,11627:1747647658166:,1747647673571
counter/2/0/0/0,11628:1747647658166:,1747647673571
counter/9/0/0/0,12215:1747647659073:,1747647673571
counter/9/0/0/0,12216:1747647659073:,1747647673571
counter/9/0/0/0,12217:1747647659073:,1747647673571
counter/9/0/0/0,12218:1747647659074:,1747647673571
counter/9/0/0/0,12219:1747647659076:,1747647673571
counter/9/0/0/0,12220:1747647659077:,1747647673571
counter/9/0/0/0,12221:1747647659077:,1747647673571
counter/9/0/0/0,12222:1747647659077:,1747647673571
counter/1/0/0/0,12739:1747647659704:,1747647673572
counter/4/0/0/0,11952:1747647660003:,1747647673572
counter/4/0/0/0,11953:1747647660003:,1747647673572
counter/2/0/0/0,11629:1747647658166:,1747647673572
counter/2/0/0/0,11630:1747647658166:,1747647673572
counter/2/0/0/0,11631:1747647658166:,1747647673572
counter/2/0/0/0,11632:1747647658166:,1747647673573
counter/2/0/0/0,11633:1747647658166:,1747647673573
counter/2/0/0/0,11634:1747647658166:,1747647673573
counter/6/0/0/0,11365:1747647659298:,1747647673573
counter/6/0/0/0,11366:1747647659298:,1747647673573
counter/8/0/0/0,11959:1747647658369:,1747647673573
counter/2/0/0/0,11635:1747647658166:,1747647673574
counter/1/0/0/0,12740:1747647659704:,1747647673574
counter/1/0/0/0,12741:1747647659704:,1747647673574
counter/3/0/0/0,12505:1747647659833:,1747647673574
counter/1/0/0/0,12742:1747647659705:,1747647673574
counter/3/0/0/0,12506:1747647659833:,1747647673574
counter/1/0/0/0,12743:1747647659705:,1747647673574
counter/3/0/0/0,12507:1747647659833:,1747647673574
counter/1/0/0/0,12744:1747647659705:,1747647673574
counter/3/0/0/0,12508:1747647659833:,1747647673574
counter/1/0/0/0,12745:1747647659705:,1747647673574
counter/3/0/0/0,12509:1747647659833:,1747647673574
counter/3/0/0/0,12510:1747647659833:,1747647673575
counter/10/0/0/0,11094:1747647658893:,1747647673576
counter/10/0/0/0,11095:1747647658893:,1747647673576
counter/10/0/0/0,11096:1747647658893:,1747647673576
counter/10/0/0/0,11097:1747647658893:,1747647673576
counter/10/0/0/0,11098:1747647658893:,1747647673576
counter/10/0/0/0,11099:1747647658893:,1747647673576
counter/8/0/0/0,11960:1747647658369:,1747647673576
counter/6/0/0/0,11367:1747647659298:,1747647673576
counter/5/0/0/0,11644:1747647658376:,1747647673576
counter/5/0/0/0,11645:1747647658376:,1747647673576
counter/5/0/0/0,11646:1747647658376:,1747647673576
counter/5/0/0/0,11647:1747647658376:,1747647673576
counter/5/0/0/0,11648:1747647658376:,1747647673576
counter/5/0/0/0,11649:1747647658376:,1747647673577
counter/1/0/0/0,12746:1747647659705:,1747647673577
counter/9/0/0/0,12223:1747647659077:,1747647673577
counter/9/0/0/0,12224:1747647659077:,1747647673577
counter/9/0/0/0,12225:1747647659077:,1747647673577
counter/9/0/0/0,12226:1747647659077:,1747647673577
counter/8/0/0/0,11961:1747647658369:,1747647673577
counter/9/0/0/0,12227:1747647659077:,1747647673577
counter/5/0/0/0,11650:1747647658376:,1747647673577
counter/6/0/0/0,11368:1747647659298:,1747647673578
counter/10/0/0/0,11100:1747647658893:,1747647673578
counter/10/0/0/0,11101:1747647658894:,1747647673578
counter/10/0/0/0,11102:1747647658894:,1747647673579
counter/10/0/0/0,11103:1747647658894:,1747647673579
counter/10/0/0/0,11104:1747647658894:,1747647673579
counter/10/0/0/0,11105:1747647658894:,1747647673579
counter/10/0/0/0,11106:1747647658901:,1747647673579
counter/4/0/0/0,11954:1747647660008:,1747647673579
counter/5/0/0/0,11651:1747647658376:,1747647673579
counter/4/0/0/0,11955:1747647660008:,1747647673580
counter/7/0/0/0,11670:1747647659115:,1747647673580
counter/7/0/0/0,11671:1747647659115:,1747647673580
counter/7/0/0/0,11672:1747647659115:,1747647673580
counter/7/0/0/0,11673:1747647659115:,1747647673580
counter/7/0/0/0,11674:1747647659115:,1747647673580
counter/7/0/0/0,11675:1747647659115:,1747647673580
counter/6/0/0/0,11369:1747647659298:,1747647673580
counter/1/0/0/0,12747:1747647659705:,1747647673580
counter/1/0/0/0,12748:1747647659712:,1747647673580
counter/1/0/0/0,12749:1747647659712:,1747647673581
counter/1/0/0/0,12750:1747647659712:,1747647673581
counter/7/0/0/0,11676:1747647659115:,1747647673582
counter/10/0/0/0,11107:1747647658901:,1747647673583
counter/10/0/0/0,11108:1747647658901:,1747647673583
counter/10/0/0/0,11109:1747647658901:,1747647673583
counter/10/0/0/0,11110:1747647658901:,1747647673583
counter/10/0/0/0,11111:1747647658901:,1747647673583
counter/10/0/0/0,11112:1747647658901:,1747647673583
counter/10/0/0/0,11113:1747647658902:,1747647673583
counter/5/0/0/0,11652:1747647658377:,1747647673583
counter/10/0/0/0,11114:1747647658902:,1747647673583
counter/1/0/0/0,12751:1747647659712:,1747647673584
counter/1/0/0/0,12752:1747647659712:,1747647673584
counter/1/0/0/0,12753:1747647659712:,1747647673584
counter/1/0/0/0,12754:1747647659712:,1747647673584
counter/6/0/0/0,11370:1747647659298:,1747647673585
counter/6/0/0/0,11371:1747647659299:,1747647673585
counter/8/0/0/0,11962:1747647658370:,1747647673587
counter/8/0/0/0,11963:1747647658371:,1747647673587
counter/6/0/0/0,11372:1747647659299:,1747647673587
counter/2/0/0/0,11636:1747647658166:,1747647673588
counter/6/0/0/0,11373:1747647659299:,1747647673589
counter/6/0/0/0,11374:1747647659299:,1747647673589
counter/6/0/0/0,11375:1747647659299:,1747647673589
counter/6/0/0/0,11376:1747647659299:,1747647673589
counter/2/0/0/0,11637:1747647658177:,1747647673589
counter/6/0/0/0,11377:1747647659299:,1747647673589
counter/2/0/0/0,11638:1747647658177:,1747647673589
counter/2/0/0/0,11639:1747647658177:,1747647673589
counter/2/0/0/0,11640:1747647658177:,1747647673589
counter/10/0/0/0,11115:1747647658902:,1747647673589
counter/3/0/0/0,12511:1747647659833:,1747647673590
counter/5/0/0/0,11653:1747647658377:,1747647673590
counter/1/0/0/0,12755:1747647659712:,1747647673590
counter/8/0/0/0,11964:1747647658371:,1747647673590
counter/4/0/0/0,11956:1747647660008:,1747647673591
counter/7/0/0/0,11677:1747647659115:,1747647673591
counter/7/0/0/0,11678:1747647659119:,1747647673592
counter/7/0/0/0,11679:1747647659119:,1747647673592
counter/7/0/0/0,11680:1747647659120:,1747647673592
counter/3/0/0/0,12512:1747647659833:,1747647673592
counter/3/0/0/0,12513:1747647659833:,1747647673592
counter/10/0/0/0,11116:1747647658902:,1747647673592
counter/10/0/0/0,11117:1747647658918:,1747647673592
counter/10/0/0/0,11118:1747647658918:,1747647673592
counter/10/0/0/0,11119:1747647658918:,1747647673592
counter/3/0/0/0,12514:1747647659833:,1747647673593
counter/4/0/0/0,11957:1747647660008:,1747647673593
counter/2/0/0/0,11641:1747647658177:,1747647673595
counter/2/0/0/0,11642:1747647658184:,1747647673595
counter/2/0/0/0,11643:1747647658184:,1747647673595
counter/2/0/0/0,11644:1747647658184:,1747647673595
counter/2/0/0/0,11645:1747647658184:,1747647673595
counter/2/0/0/0,11646:1747647658184:,1747647673595
counter/2/0/0/0,11647:1747647658184:,1747647673595
counter/2/0/0/0,11648:1747647658184:,1747647673596
counter/2/0/0/0,11649:1747647658184:,1747647673596
counter/2/0/0/0,11650:1747647658184:,1747647673596
counter/2/0/0/0,11651:1747647658184:,1747647673596
counter/2/0/0/0,11652:1747647658184:,1747647673596
counter/2/0/0/0,11653:1747647658190:,1747647673596
counter/2/0/0/0,11654:1747647658190:,1747647673596
counter/5/0/0/0,11654:1747647658388:,1747647673596
counter/5/0/0/0,11655:1747647658388:,1747647673596
counter/8/0/0/0,11965:1747647658371:,1747647673596
counter/8/0/0/0,11966:1747647658371:,1747647673596
counter/8/0/0/0,11967:1747647658371:,1747647673596
counter/10/0/0/0,11120:1747647658918:,1747647673597
counter/6/0/0/0,11378:1747647659299:,1747647673597
counter/3/0/0/0,12515:1747647659833:,1747647673597
counter/3/0/0/0,12516:1747647659833:,1747647673597
counter/6/0/0/0,11379:1747647659299:,1747647673597
counter/3/0/0/0,12517:1747647659834:,1747647673597
counter/3/0/0/0,12518:1747647659834:,1747647673598
counter/4/0/0/0,11958:1747647660008:,1747647673598
counter/2/0/0/0,11655:1747647658190:,1747647673598
counter/6/0/0/0,11380:1747647659300:,1747647673598
counter/9/0/0/0,12228:1747647659077:,1747647673599
counter/4/0/0/0,11959:1747647660008:,1747647673599
counter/4/0/0/0,11960:1747647660008:,1747647673599
counter/4/0/0/0,11961:1747647660008:,1747647673599
counter/4/0/0/0,11962:1747647660010:,1747647673599
counter/4/0/0/0,11963:1747647660010:,1747647673599
counter/4/0/0/0,11964:1747647660010:,1747647673599
counter/1/0/0/0,12756:1747647659712:,1747647673599
counter/1/0/0/0,12757:1747647659712:,1747647673599
counter/2/0/0/0,11656:1747647658190:,1747647673599
counter/5/0/0/0,11656:1747647658388:,1747647673600
counter/5/0/0/0,11657:1747647658388:,1747647673600
counter/3/0/0/0,12519:1747647659840:,1747647673600
counter/1/0/0/0,12758:1747647659712:,1747647673600
counter/1/0/0/0,12759:1747647659712:,1747647673600
counter/5/0/0/0,11658:1747647658388:,1747647673600
counter/1/0/0/0,12760:1747647659712:,1747647673600
counter/1/0/0/0,12761:1747647659712:,1747647673600
counter/1/0/0/0,12762:1747647659712:,1747647673600
counter/6/0/0/0,11381:1747647659300:,1747647673601
counter/5/0/0/0,11659:1747647658388:,1747647673601
counter/6/0/0/0,11382:1747647659300:,1747647673601
counter/6/0/0/0,11383:1747647659300:,1747647673601
counter/6/0/0/0,11384:1747647659303:,1747647673601
counter/6/0/0/0,11385:1747647659303:,1747647673601
counter/6/0/0/0,11386:1747647659303:,1747647673601
counter/1/0/0/0,12763:1747647659712:,1747647673601
counter/8/0/0/0,11968:1747647658371:,1747647673601
counter/1/0/0/0,12764:1747647659713:,1747647673602
counter/8/0/0/0,11969:1747647658371:,1747647673602
counter/2/0/0/0,11657:1747647658190:,1747647673602
counter/5/0/0/0,11660:1747647658388:,1747647673603
counter/5/0/0/0,11661:1747647658389:,1747647673603
counter/6/0/0/0,11387:1747647659303:,1747647673603
counter/9/0/0/0,12229:1747647659077:,1747647673603
counter/6/0/0/0,11388:1747647659303:,1747647673603
counter/9/0/0/0,12230:1747647659077:,1747647673603
counter/9/0/0/0,12231:1747647659077:,1747647673603
counter/9/0/0/0,12232:1747647659077:,1747647673603
counter/9/0/0/0,12233:1747647659077:,1747647673604
counter/9/0/0/0,12234:1747647659077:,1747647673604
counter/10/0/0/0,11121:1747647658918:,1747647673604
counter/1/0/0/0,12765:1747647659713:,1747647673604
counter/1/0/0/0,12766:1747647659714:,1747647673604
counter/6/0/0/0,11389:1747647659303:,1747647673604
counter/9/0/0/0,12235:1747647659077:,1747647673604
counter/7/0/0/0,11681:1747647659120:,1747647673605
counter/6/0/0/0,11390:1747647659303:,1747647673605
counter/6/0/0/0,11391:1747647659303:,1747647673606
counter/8/0/0/0,11970:1747647658371:,1747647673610
counter/8/0/0/0,11971:1747647658371:,1747647673610
counter/8/0/0/0,11972:1747647658371:,1747647673610
counter/8/0/0/0,11973:1747647658371:,1747647673610
counter/2/0/0/0,11658:1747647658191:,1747647673610
counter/2/0/0/0,11659:1747647658191:,1747647673611
counter/2/0/0/0,11660:1747647658191:,1747647673611
counter/10/0/0/0,11122:1747647658918:,1747647673611
counter/7/0/0/0,11682:1747647659120:,1747647673611
counter/1/0/0/0,12767:1747647659714:,1747647673612
counter/10/0/0/0,11123:1747647658918:,1747647673613
counter/7/0/0/0,11683:1747647659120:,1747647673613
counter/8/0/0/0,11974:1747647658371:,1747647673616
counter/8/0/0/0,11975:1747647658371:,1747647673616
counter/8/0/0/0,11976:1747647658391:,1747647673616
counter/8/0/0/0,11977:1747647658391:,1747647673616
counter/8/0/0/0,11978:1747647658391:,1747647673616
counter/8/0/0/0,11979:1747647658391:,1747647673616
counter/9/0/0/0,12236:1747647659077:,1747647673616
counter/8/0/0/0,11980:1747647658391:,1747647673616
counter/9/0/0/0,12237:1747647659077:,1747647673616
counter/8/0/0/0,11981:1747647658391:,1747647673616
counter/9/0/0/0,12238:1747647659077:,1747647673616
counter/9/0/0/0,12239:1747647659077:,1747647673616
counter/9/0/0/0,12240:1747647659077:,1747647673616
counter/9/0/0/0,12241:1747647659077:,1747647673616
counter/9/0/0/0,12242:1747647659077:,1747647673616
counter/9/0/0/0,12243:1747647659077:,1747647673616
counter/9/0/0/0,12244:1747647659077:,1747647673617
counter/9/0/0/0,12245:1747647659077:,1747647673617
counter/4/0/0/0,11965:1747647660010:,1747647673618
counter/10/0/0/0,11124:1747647658918:,1747647673618
counter/4/0/0/0,11966:1747647660010:,1747647673618
counter/4/0/0/0,11967:1747647660010:,1747647673618
counter/1/0/0/0,12768:1747647659714:,1747647673618
counter/4/0/0/0,11968:1747647660010:,1747647673618
counter/1/0/0/0,12769:1747647659714:,1747647673618
counter/4/0/0/0,11969:1747647660010:,1747647673618
counter/1/0/0/0,12770:1747647659714:,1747647673618
counter/1/0/0/0,12771:1747647659714:,1747647673618
counter/1/0/0/0,12772:1747647659714:,1747647673618
counter/1/0/0/0,12773:1747647659714:,1747647673618
counter/1/0/0/0,12774:1747647659714:,1747647673618
counter/1/0/0/0,12775:1747647659714:,1747647673618
counter/8/0/0/0,11982:1747647658391:,1747647673618
counter/5/0/0/0,11662:1747647658389:,1747647673619
counter/5/0/0/0,11663:1747647658389:,1747647673619
counter/5/0/0/0,11664:1747647658389:,1747647673619
counter/5/0/0/0,11665:1747647658389:,1747647673619
counter/5/0/0/0,11666:1747647658389:,1747647673619
counter/5/0/0/0,11667:1747647658389:,1747647673619
counter/1/0/0/0,12776:1747647659714:,1747647673620
counter/5/0/0/0,11668:1747647658389:,1747647673620
counter/8/0/0/0,11983:1747647658391:,1747647673620
counter/5/0/0/0,11669:1747647658389:,1747647673620
counter/8/0/0/0,11984:1747647658391:,1747647673620
counter/5/0/0/0,11670:1747647658389:,1747647673620
counter/8/0/0/0,11985:1747647658391:,1747647673620
counter/8/0/0/0,11986:1747647658391:,1747647673620
counter/8/0/0/0,11987:1747647658391:,1747647673620
counter/8/0/0/0,11988:1747647658391:,1747647673620
counter/8/0/0/0,11989:1747647658391:,1747647673620
counter/8/0/0/0,11990:1747647658391:,1747647673620
counter/7/0/0/0,11684:1747647659120:,1747647673620
counter/8/0/0/0,11991:1747647658391:,1747647673620
counter/2/0/0/0,11661:1747647658213:,1747647673620
counter/2/0/0/0,11662:1747647658213:,1747647673620
counter/2/0/0/0,11663:1747647658213:,1747647673621
counter/2/0/0/0,11664:1747647658213:,1747647673621
counter/9/0/0/0,12246:1747647659077:,1747647673621
counter/7/0/0/0,11685:1747647659120:,1747647673621
counter/9/0/0/0,12247:1747647659077:,1747647673621
counter/3/0/0/0,12520:1747647659840:,1747647673621
counter/9/0/0/0,12248:1747647659079:,1747647673621
counter/3/0/0/0,12521:1747647659840:,1747647673621
counter/3/0/0/0,12522:1747647659840:,1747647673621
counter/3/0/0/0,12523:1747647659840:,1747647673621
counter/3/0/0/0,12524:1747647659840:,1747647673621
counter/3/0/0/0,12525:1747647659840:,1747647673622
counter/3/0/0/0,12526:1747647659840:,1747647673622
counter/3/0/0/0,12527:1747647659840:,1747647673622
counter/3/0/0/0,12528:1747647659849:,1747647673622
counter/3/0/0/0,12529:1747647659849:,1747647673622
counter/3/0/0/0,12530:1747647659849:,1747647673622
counter/3/0/0/0,12531:1747647659849:,1747647673622
counter/7/0/0/0,11686:1747647659120:,1747647673622
counter/10/0/0/0,11125:1747647658918:,1747647673622
counter/10/0/0/0,11126:1747647658918:,1747647673622
counter/10/0/0/0,11127:1747647658918:,1747647673622
counter/10/0/0/0,11128:1747647658918:,1747647673623
counter/10/0/0/0,11129:1747647658919:,1747647673623
counter/10/0/0/0,11130:1747647658919:,1747647673623
counter/10/0/0/0,11131:1747647658919:,1747647673623
counter/10/0/0/0,11132:1747647658919:,1747647673623
counter/6/0/0/0,11392:1747647659303:,1747647673626
counter/4/0/0/0,11970:1747647660010:,1747647673626
counter/4/0/0/0,11971:1747647660010:,1747647673626
counter/4/0/0/0,11972:1747647660010:,1747647673627
counter/4/0/0/0,11973:1747647660010:,1747647673627
counter/4/0/0/0,11974:1747647660010:,1747647673627
counter/4/0/0/0,11975:1747647660010:,1747647673627
counter/4/0/0/0,11976:1747647660010:,1747647673627
counter/4/0/0/0,11977:1747647660010:,1747647673627
counter/4/0/0/0,11978:1747647660010:,1747647673627
counter/4/0/0/0,11979:1747647660010:,1747647673627
counter/4/0/0/0,11980:1747647660019:,1747647673628
counter/6/0/0/0,11393:1747647659303:,1747647673629
counter/6/0/0/0,11394:1747647659303:,1747647673629
counter/6/0/0/0,11395:1747647659303:,1747647673629
counter/6/0/0/0,11396:1747647659303:,1747647673629
counter/6/0/0/0,11397:1747647659303:,1747647673629
counter/4/0/0/0,11981:1747647660019:,1747647673629
counter/6/0/0/0,11398:1747647659303:,1747647673629
counter/6/0/0/0,11399:1747647659303:,1747647673629
counter/6/0/0/0,11400:1747647659303:,1747647673630
counter/3/0/0/0,12532:1747647659849:,1747647673630
counter/10/0/0/0,11133:1747647658919:,1747647673631
counter/10/0/0/0,11134:1747647658919:,1747647673631
counter/1/0/0/0,12777:1747647659714:,1747647673631
counter/4/0/0/0,11982:1747647660019:,1747647673631
counter/1/0/0/0,12778:1747647659714:,1747647673631
counter/4/0/0/0,11983:1747647660019:,1747647673631
counter/4/0/0/0,11984:1747647660019:,1747647673631
counter/4/0/0/0,11985:1747647660019:,1747647673631
counter/4/0/0/0,11986:1747647660019:,1747647673631
counter/4/0/0/0,11987:1747647660019:,1747647673632
counter/7/0/0/0,11687:1747647659120:,1747647673632
counter/10/0/0/0,11135:1747647658919:,1747647673632
counter/10/0/0/0,11136:1747647658919:,1747647673632
counter/6/0/0/0,11401:1747647659303:,1747647673632
counter/4/0/0/0,11988:1747647660019:,1747647673632
counter/4/0/0/0,11989:1747647660019:,1747647673633
counter/10/0/0/0,11137:1747647658923:,1747647673633
counter/6/0/0/0,11402:1747647659303:,1747647673634
counter/5/0/0/0,11671:1747647658389:,1747647673634
counter/4/0/0/0,11990:1747647660019:,1747647673634
counter/10/0/0/0,11138:1747647658924:,1747647673634
counter/2/0/0/0,11665:1747647658213:,1747647673634
counter/2/0/0/0,11666:1747647658213:,1747647673634
counter/2/0/0/0,11667:1747647658213:,1747647673634
counter/2/0/0/0,11668:1747647658215:,1747647673636
counter/8/0/0/0,11992:1747647658391:,1747647673636
counter/8/0/0/0,11993:1747647658392:,1747647673636
counter/8/0/0/0,11994:1747647658392:,1747647673636
counter/8/0/0/0,11995:1747647658392:,1747647673636
counter/8/0/0/0,11996:1747647658392:,1747647673636
counter/8/0/0/0,11997:1747647658404:,1747647673636
counter/8/0/0/0,11998:1747647658404:,1747647673636
counter/8/0/0/0,11999:1747647658404:,1747647673636
counter/8/0/0/0,12000:1747647658404:,1747647673637
counter/5/0/0/0,11672:1747647658389:,1747647673637
counter/5/0/0/0,11673:1747647658389:,1747647673637
counter/4/0/0/0,11991:1747647660021:,1747647673637
counter/7/0/0/0,11688:1747647659120:,1747647673637
counter/2/0/0/0,11669:1747647658215:,1747647673637
counter/2/0/0/0,11670:1747647658215:,1747647673637
counter/2/0/0/0,11671:1747647658215:,1747647673637
counter/2/0/0/0,11672:1747647658215:,1747647673637
counter/6/0/0/0,11403:1747647659311:,1747647673637
counter/1/0/0/0,12779:1747647659714:,1747647673638
counter/6/0/0/0,11404:1747647659311:,1747647673638
counter/6/0/0/0,11405:1747647659311:,1747647673639
counter/6/0/0/0,11406:1747647659311:,1747647673639
counter/6/0/0/0,11407:1747647659311:,1747647673639
counter/6/0/0/0,11408:1747647659311:,1747647673639
counter/6/0/0/0,11409:1747647659311:,1747647673639
counter/8/0/0/0,12001:1747647658404:,1747647673639
counter/5/0/0/0,11674:1747647658389:,1747647673639
counter/10/0/0/0,11139:1747647658924:,1747647673639
counter/3/0/0/0,12533:1747647659849:,1747647673639
counter/8/0/0/0,12002:1747647658404:,1747647673641
counter/9/0/0/0,12249:1747647659079:,1747647673641
counter/2/0/0/0,11673:1747647658215:,1747647673641
counter/5/0/0/0,11675:1747647658389:,1747647673642
counter/5/0/0/0,11676:1747647658389:,1747647673642
counter/5/0/0/0,11677:1747647658389:,1747647673642
counter/5/0/0/0,11678:1747647658389:,1747647673642
counter/5/0/0/0,11679:1747647658389:,1747647673642
counter/4/0/0/0,11992:1747647660021:,1747647673642
counter/5/0/0/0,11680:1747647658389:,1747647673642
counter/4/0/0/0,11993:1747647660021:,1747647673642
counter/4/0/0/0,11994:1747647660021:,1747647673642
counter/5/0/0/0,11681:1747647658389:,1747647673643
counter/5/0/0/0,11682:1747647658390:,1747647673643
counter/5/0/0/0,11683:1747647658408:,1747647673643
counter/4/0/0/0,11995:1747647660021:,1747647673643
counter/8/0/0/0,12003:1747647658410:,1747647673645
counter/8/0/0/0,12004:1747647658410:,1747647673645
counter/8/0/0/0,12005:1747647658410:,1747647673645
counter/6/0/0/0,11410:1747647659311:,1747647673645
counter/2/0/0/0,11674:1747647658215:,1747647673645
counter/2/0/0/0,11675:1747647658215:,1747647673645
counter/9/0/0/0,12250:1747647659079:,1747647673646
counter/7/0/0/0,11689:1747647659120:,1747647673646
counter/6/0/0/0,11411:1747647659311:,1747647673648
counter/6/0/0/0,11412:1747647659311:,1747647673648
counter/6/0/0/0,11413:1747647659311:,1747647673648
counter/6/0/0/0,11414:1747647659311:,1747647673648
counter/6/0/0/0,11415:1747647659311:,1747647673648
counter/6/0/0/0,11416:1747647659311:,1747647673648
counter/6/0/0/0,11417:1747647659312:,1747647673648
counter/6/0/0/0,11418:1747647659312:,1747647673648
counter/6/0/0/0,11419:1747647659312:,1747647673648
counter/6/0/0/0,11420:1747647659312:,1747647673648
counter/6/0/0/0,11421:1747647659312:,1747647673648
counter/6/0/0/0,11422:1747647659320:,1747647673648
counter/6/0/0/0,11423:1747647659320:,1747647673648
counter/6/0/0/0,11424:1747647659320:,1747647673648
counter/6/0/0/0,11425:1747647659320:,1747647673648
counter/6/0/0/0,11426:1747647659320:,1747647673649
counter/6/0/0/0,11427:1747647659320:,1747647673649
counter/6/0/0/0,11428:1747647659320:,1747647673649
counter/6/0/0/0,11429:1747647659320:,1747647673649
counter/6/0/0/0,11430:1747647659320:,1747647673649
counter/6/0/0/0,11431:1747647659320:,1747647673649
counter/6/0/0/0,11432:1747647659320:,1747647673649
counter/4/0/0/0,11996:1747647660026:,1747647673649
counter/4/0/0/0,11997:1747647660026:,1747647673649
counter/4/0/0/0,11998:1747647660026:,1747647673649
counter/4/0/0/0,11999:1747647660026:,1747647673649
counter/7/0/0/0,11690:1747647659120:,1747647673649
counter/9/0/0/0,12251:1747647659079:,1747647673649
counter/6/0/0/0,11433:1747647659320:,1747647673649
counter/9/0/0/0,12252:1747647659079:,1747647673649
counter/8/0/0/0,12006:1747647658410:,1747647673650
counter/6/0/0/0,11434:1747647659321:,1747647673651
counter/3/0/0/0,12534:1747647659850:,1747647673651
counter/9/0/0/0,12253:1747647659084:,1747647673652
counter/3/0/0/0,12535:1747647659871:,1747647673652
counter/2/0/0/0,11676:1747647658215:,1747647673652
counter/2/0/0/0,11677:1747647658215:,1747647673652
counter/2/0/0/0,11678:1747647658215:,1747647673652
counter/2/0/0/0,11679:1747647658215:,1747647673652
counter/2/0/0/0,11680:1747647658215:,1747647673652
counter/4/0/0/0,12000:1747647660026:,1747647673653
counter/7/0/0/0,11691:1747647659120:,1747647673653
counter/8/0/0/0,12007:1747647658410:,1747647673654
counter/3/0/0/0,12536:1747647659871:,1747647673654
counter/2/0/0/0,11681:1747647658216:,1747647673654
counter/5/0/0/0,11684:1747647658408:,1747647673655
counter/5/0/0/0,11685:1747647658408:,1747647673655
counter/5/0/0/0,11686:1747647658408:,1747647673655
counter/5/0/0/0,11687:1747647658408:,1747647673655
counter/5/0/0/0,11688:1747647658408:,1747647673655
counter/5/0/0/0,11689:1747647658409:,1747647673655
counter/5/0/0/0,11690:1747647658410:,1747647673655
counter/4/0/0/0,12001:1747647660026:,1747647673656
counter/4/0/0/0,12002:1747647660026:,1747647673656
counter/5/0/0/0,11691:1747647658410:,1747647673656
counter/8/0/0/0,12008:1747647658410:,1747647673656
counter/4/0/0/0,12003:1747647660026:,1747647673656
counter/6/0/0/0,11435:1747647659321:,1747647673656
counter/3/0/0/0,12537:1747647659871:,1747647673657
counter/9/0/0/0,12254:1747647659084:,1747647673658
counter/9/0/0/0,12255:1747647659084:,1747647673659
counter/7/0/0/0,11692:1747647659120:,1747647673659
counter/9/0/0/0,12256:1747647659084:,1747647673659
counter/9/0/0/0,12257:1747647659084:,1747647673659
counter/9/0/0/0,12258:1747647659084:,1747647673659
counter/4/0/0/0,12004:1747647660026:,1747647673659
counter/9/0/0/0,12259:1747647659084:,1747647673659
counter/10/0/0/0,11140:1747647658924:,1747647673660
counter/2/0/0/0,11682:1747647658216:,1747647673660
counter/4/0/0/0,12005:1747647660026:,1747647673660
counter/4/0/0/0,12006:1747647660026:,1747647673660
counter/1/0/0/0,12780:1747647659714:,1747647673660
counter/4/0/0/0,12007:1747647660026:,1747647673660
counter/6/0/0/0,11436:1747647659321:,1747647673660
counter/6/0/0/0,11437:1747647659321:,1747647673660
counter/6/0/0/0,11438:1747647659321:,1747647673660
counter/6/0/0/0,11439:1747647659321:,1747647673661
counter/6/0/0/0,11440:1747647659321:,1747647673661
counter/7/0/0/0,11693:1747647659120:,1747647673661
counter/6/0/0/0,11441:1747647659321:,1747647673662
counter/7/0/0/0,11694:1747647659121:,1747647673662
counter/8/0/0/0,12009:1747647658414:,1747647673662
counter/5/0/0/0,11692:1747647658420:,1747647673662
counter/6/0/0/0,11442:1747647659321:,1747647673663
counter/5/0/0/0,11693:1747647658420:,1747647673663
counter/7/0/0/0,11695:1747647659121:,1747647673664
counter/7/0/0/0,11696:1747647659121:,1747647673664
counter/7/0/0/0,11697:1747647659121:,1747647673665
counter/7/0/0/0,11698:1747647659127:,1747647673665
counter/7/0/0/0,11699:1747647659127:,1747647673665
counter/6/0/0/0,11443:1747647659321:,1747647673665
counter/7/0/0/0,11700:1747647659133:,1747647673665
counter/3/0/0/0,12538:1747647659871:,1747647673667
counter/4/0/0/0,12008:1747647660026:,1747647673667
counter/4/0/0/0,12009:1747647660026:,1747647673668
counter/4/0/0/0,12010:1747647660026:,1747647673668
counter/4/0/0/0,12011:1747647660026:,1747647673668
counter/4/0/0/0,12012:1747647660026:,1747647673668
counter/4/0/0/0,12013:1747647660026:,1747647673668
counter/4/0/0/0,12014:1747647660026:,1747647673668
counter/4/0/0/0,12015:1747647660026:,1747647673668
counter/4/0/0/0,12016:1747647660026:,1747647673668
counter/4/0/0/0,12017:1747647660026:,1747647673668
counter/6/0/0/0,11444:1747647659325:,1747647673669
counter/6/0/0/0,11445:1747647659326:,1747647673669
counter/7/0/0/0,11701:1747647659135:,1747647673669
counter/6/0/0/0,11446:1747647659326:,1747647673669
counter/6/0/0/0,11447:1747647659326:,1747647673669
counter/4/0/0/0,12018:1747647660026:,1747647673669
counter/4/0/0/0,12019:1747647660026:,1747647673670
counter/4/0/0/0,12020:1747647660027:,1747647673670
counter/4/0/0/0,12021:1747647660027:,1747647673670
counter/4/0/0/0,12022:1747647660027:,1747647673670
counter/2/0/0/0,11683:1747647658217:,1747647673670
counter/4/0/0/0,12023:1747647660027:,1747647673670
counter/4/0/0/0,12024:1747647660027:,1747647673670
counter/2/0/0/0,11684:1747647658217:,1747647673670
counter/4/0/0/0,12025:1747647660035:,1747647673670
counter/2/0/0/0,11685:1747647658217:,1747647673670
counter/2/0/0/0,11686:1747647658217:,1747647673670
counter/2/0/0/0,11687:1747647658217:,1747647673670
counter/2/0/0/0,11688:1747647658217:,1747647673670
counter/2/0/0/0,11689:1747647658217:,1747647673670
counter/2/0/0/0,11690:1747647658217:,1747647673670
counter/2/0/0/0,11691:1747647658217:,1747647673670
counter/2/0/0/0,11692:1747647658217:,1747647673670
counter/10/0/0/0,11141:1747647658924:,1747647673670
counter/8/0/0/0,12010:1747647658414:,1747647673671
counter/8/0/0/0,12011:1747647658414:,1747647673671
counter/8/0/0/0,12012:1747647658414:,1747647673671
counter/8/0/0/0,12013:1747647658415:,1747647673671
counter/10/0/0/0,11142:1747647658924:,1747647673671
counter/10/0/0/0,11143:1747647658924:,1747647673671
counter/7/0/0/0,11702:1747647659135:,1747647673671
counter/10/0/0/0,11144:1747647658924:,1747647673671
counter/10/0/0/0,11145:1747647658924:,1747647673671
counter/10/0/0/0,11146:1747647658924:,1747647673671
counter/9/0/0/0,12260:1747647659084:,1747647673672
counter/9/0/0/0,12261:1747647659085:,1747647673672
counter/9/0/0/0,12262:1747647659085:,1747647673672
counter/9/0/0/0,12263:1747647659085:,1747647673672
counter/6/0/0/0,11448:1747647659326:,1747647673673
counter/6/0/0/0,11449:1747647659326:,1747647673673
counter/4/0/0/0,12026:1747647660035:,1747647673674
counter/5/0/0/0,11694:1747647658420:,1747647673674
counter/10/0/0/0,11147:1747647658928:,1747647673678
counter/7/0/0/0,11703:1747647659135:,1747647673678
counter/7/0/0/0,11704:1747647659136:,1747647673678
counter/7/0/0/0,11705:1747647659136:,1747647673678
counter/7/0/0/0,11706:1747647659136:,1747647673678
counter/7/0/0/0,11707:1747647659136:,1747647673678
counter/7/0/0/0,11708:1747647659136:,1747647673678
counter/6/0/0/0,11450:1747647659326:,1747647673679
counter/1/0/0/0,12781:1747647659719:,1747647673679
counter/1/0/0/0,12782:1747647659719:,1747647673679
counter/1/0/0/0,12783:1747647659719:,1747647673679
counter/1/0/0/0,12784:1747647659719:,1747647673679
counter/5/0/0/0,11695:1747647658420:,1747647673680
counter/3/0/0/0,12539:1747647659871:,1747647673680
counter/3/0/0/0,12540:1747647659871:,1747647673680
counter/3/0/0/0,12541:1747647659871:,1747647673680
counter/3/0/0/0,12542:1747647659871:,1747647673680
counter/3/0/0/0,12543:1747647659871:,1747647673680
counter/3/0/0/0,12544:1747647659871:,1747647673680
counter/3/0/0/0,12545:1747647659872:,1747647673680
counter/3/0/0/0,12546:1747647659872:,1747647673680
counter/3/0/0/0,12547:1747647659881:,1747647673681
counter/5/0/0/0,11696:1747647658420:,1747647673681
counter/8/0/0/0,12014:1747647658415:,1747647673681
counter/8/0/0/0,12015:1747647658415:,1747647673681
counter/8/0/0/0,12016:1747647658415:,1747647673681
counter/8/0/0/0,12017:1747647658415:,1747647673681
counter/8/0/0/0,12018:1747647658415:,1747647673681
counter/8/0/0/0,12019:1747647658415:,1747647673681
counter/2/0/0/0,11693:1747647658236:,1747647673681
counter/7/0/0/0,11709:1747647659136:,1747647673681
counter/2/0/0/0,11694:1747647658259:,1747647673681
counter/2/0/0/0,11695:1747647658274:,1747647673681
counter/2/0/0/0,11696:1747647658274:,1747647673682
counter/2/0/0/0,11697:1747647658288:,1747647673682
counter/2/0/0/0,11698:1747647658288:,1747647673682
counter/2/0/0/0,11699:1747647658288:,1747647673682
counter/2/0/0/0,11700:1747647658288:,1747647673682
counter/2/0/0/0,11701:1747647658288:,1747647673682
counter/2/0/0/0,11702:1747647658289:,1747647673682
counter/2/0/0/0,11703:1747647658289:,1747647673682
counter/2/0/0/0,11704:1747647658289:,1747647673682
counter/2/0/0/0,11705:1747647658289:,1747647673682
counter/8/0/0/0,12020:1747647658432:,1747647673682
counter/8/0/0/0,12021:1747647658432:,1747647673683
counter/8/0/0/0,12022:1747647658432:,1747647673683
counter/8/0/0/0,12023:1747647658432:,1747647673683
counter/3/0/0/0,12548:1747647659885:,1747647673683
counter/3/0/0/0,12549:1747647659885:,1747647673683
counter/3/0/0/0,12550:1747647659885:,1747647673683
counter/3/0/0/0,12551:1747647659885:,1747647673683
counter/3/0/0/0,12552:1747647659885:,1747647673683
counter/3/0/0/0,12553:1747647659885:,1747647673684
counter/5/0/0/0,11697:1747647658420:,1747647673684
counter/3/0/0/0,12554:1747647659885:,1747647673684
counter/3/0/0/0,12555:1747647659885:,1747647673684
counter/2/0/0/0,11706:1747647658289:,1747647673684
counter/2/0/0/0,11707:1747647658289:,1747647673684
counter/2/0/0/0,11708:1747647658289:,1747647673684
counter/7/0/0/0,11710:1747647659136:,1747647673684
counter/7/0/0/0,11711:1747647659136:,1747647673684
counter/7/0/0/0,11712:1747647659136:,1747647673684
counter/7/0/0/0,11713:1747647659136:,1747647673684
counter/8/0/0/0,12024:1747647658432:,1747647673684
counter/4/0/0/0,12027:1747647660035:,1747647673684
counter/8/0/0/0,12025:1747647658432:,1747647673684
counter/3/0/0/0,12556:1747647659885:,1747647673684
counter/6/0/0/0,11451:1747647659326:,1747647673684
counter/5/0/0/0,11698:1747647658420:,1747647673684
counter/9/0/0/0,12264:1747647659093:,1747647673684
counter/9/0/0/0,12265:1747647659096:,1747647673685
counter/7/0/0/0,11714:1747647659137:,1747647673685
counter/3/0/0/0,12557:1747647659885:,1747647673685
counter/7/0/0/0,11715:1747647659138:,1747647673687
counter/6/0/0/0,11452:1747647659326:,1747647673687
counter/8/0/0/0,12026:1747647658432:,1747647673687
counter/3/0/0/0,12558:1747647659887:,1747647673687
counter/8/0/0/0,12027:1747647658432:,1747647673687
counter/4/0/0/0,12028:1747647660035:,1747647673688
counter/10/0/0/0,11148:1747647658928:,1747647673688
counter/9/0/0/0,12266:1747647659096:,1747647673690
counter/3/0/0/0,12559:1747647659887:,1747647673690
counter/3/0/0/0,12560:1747647659887:,1747647673690
counter/3/0/0/0,12561:1747647659887:,1747647673690
counter/3/0/0/0,12562:1747647659887:,1747647673690
counter/3/0/0/0,12563:1747647659887:,1747647673690
counter/9/0/0/0,12267:1747647659096:,1747647673691
counter/6/0/0/0,11453:1747647659326:,1747647673692
counter/2/0/0/0,11709:1747647658289:,1747647673692
counter/7/0/0/0,11716:1747647659138:,1747647673692
counter/7/0/0/0,11717:1747647659138:,1747647673692
counter/7/0/0/0,11718:1747647659143:,1747647673692
counter/4/0/0/0,12029:1747647660035:,1747647673692
counter/10/0/0/0,11149:1747647658929:,1747647673692
counter/10/0/0/0,11150:1747647658929:,1747647673692
counter/10/0/0/0,11151:1747647658929:,1747647673692
counter/6/0/0/0,11454:1747647659326:,1747647673692
counter/6/0/0/0,11455:1747647659326:,1747647673692
counter/6/0/0/0,11456:1747647659328:,1747647673692
counter/6/0/0/0,11457:1747647659328:,1747647673692
counter/6/0/0/0,11458:1747647659328:,1747647673692
counter/6/0/0/0,11459:1747647659328:,1747647673692
counter/6/0/0/0,11460:1747647659329:,1747647673693
counter/8/0/0/0,12028:1747647658432:,1747647673694
counter/8/0/0/0,12029:1747647658433:,1747647673696
counter/10/0/0/0,11152:1747647658929:,1747647673696
counter/8/0/0/0,12030:1747647658436:,1747647673696
counter/3/0/0/0,12564:1747647659887:,1747647673696
counter/3/0/0/0,12565:1747647659887:,1747647673696
counter/3/0/0/0,12566:1747647659887:,1747647673696
counter/3/0/0/0,12567:1747647659887:,1747647673696
counter/3/0/0/0,12568:1747647659887:,1747647673696
counter/3/0/0/0,12569:1747647659887:,1747647673696
counter/9/0/0/0,12268:1747647659096:,1747647673697
counter/1/0/0/0,12785:1747647659719:,1747647673697
counter/9/0/0/0,12269:1747647659096:,1747647673699
counter/9/0/0/0,12270:1747647659096:,1747647673699
counter/9/0/0/0,12271:1747647659096:,1747647673699
counter/9/0/0/0,12272:1747647659096:,1747647673699
counter/9/0/0/0,12273:1747647659096:,1747647673699
counter/9/0/0/0,12274:1747647659096:,1747647673699
counter/9/0/0/0,12275:1747647659100:,1747647673699
counter/9/0/0/0,12276:1747647659100:,1747647673699
counter/9/0/0/0,12277:1747647659100:,1747647673699
counter/9/0/0/0,12278:1747647659100:,1747647673699
counter/9/0/0/0,12279:1747647659100:,1747647673700
counter/10/0/0/0,11153:1747647658929:,1747647673700
counter/8/0/0/0,12031:1747647658436:,1747647673700
counter/1/0/0/0,12786:1747647659719:,1747647673700
counter/7/0/0/0,11719:1747647659143:,1747647673700
counter/3/0/0/0,12570:1747647659887:,1747647673701
counter/3/0/0/0,12571:1747647659888:,1747647673701
counter/8/0/0/0,12032:1747647658436:,1747647673701
counter/3/0/0/0,12572:1747647659888:,1747647673701
counter/3/0/0/0,12573:1747647659900:,1747647673701
counter/3/0/0/0,12574:1747647659900:,1747647673701
counter/3/0/0/0,12575:1747647659900:,1747647673701
counter/3/0/0/0,12576:1747647659900:,1747647673701
counter/3/0/0/0,12577:1747647659900:,1747647673701
counter/3/0/0/0,12578:1747647659900:,1747647673701
counter/3/0/0/0,12579:1747647659900:,1747647673701
counter/6/0/0/0,11461:1747647659329:,1747647673702
counter/6/0/0/0,11462:1747647659329:,1747647673702
counter/6/0/0/0,11463:1747647659329:,1747647673702
counter/6/0/0/0,11464:1747647659329:,1747647673702
counter/6/0/0/0,11465:1747647659329:,1747647673702
counter/6/0/0/0,11466:1747647659329:,1747647673702
counter/6/0/0/0,11467:1747647659329:,1747647673702
counter/6/0/0/0,11468:1747647659329:,1747647673702
counter/6/0/0/0,11469:1747647659329:,1747647673702
counter/6/0/0/0,11470:1747647659329:,1747647673703
counter/5/0/0/0,11699:1747647658420:,1747647673703
counter/6/0/0/0,11471:1747647659331:,1747647673703
counter/5/0/0/0,11700:1747647658420:,1747647673703
counter/7/0/0/0,11720:1747647659143:,1747647673703
counter/6/0/0/0,11472:1747647659331:,1747647673704
counter/8/0/0/0,12033:1747647658436:,1747647673704
counter/8/0/0/0,12034:1747647658436:,1747647673704
counter/8/0/0/0,12035:1747647658449:,1747647673704
counter/8/0/0/0,12036:1747647658449:,1747647673704
counter/8/0/0/0,12037:1747647658449:,1747647673704
counter/8/0/0/0,12038:1747647658449:,1747647673705
counter/8/0/0/0,12039:1747647658449:,1747647673705
counter/5/0/0/0,11701:1747647658420:,1747647673705
counter/4/0/0/0,12030:1747647660035:,1747647673705
counter/10/0/0/0,11154:1747647658931:,1747647673705
counter/10/0/0/0,11155:1747647658931:,1747647673705
counter/3/0/0/0,12580:1747647659900:,1747647673705
counter/9/0/0/0,12280:1747647659100:,1747647673705
counter/9/0/0/0,12281:1747647659100:,1747647673705
counter/9/0/0/0,12282:1747647659100:,1747647673705
counter/9/0/0/0,12283:1747647659102:,1747647673705
counter/9/0/0/0,12284:1747647659102:,1747647673705
counter/10/0/0/0,11156:1747647658931:,1747647673705
counter/10/0/0/0,11157:1747647658931:,1747647673705
counter/6/0/0/0,11473:1747647659332:,1747647673708
counter/6/0/0/0,11474:1747647659332:,1747647673708
counter/6/0/0/0,11475:1747647659332:,1747647673708
counter/6/0/0/0,11476:1747647659332:,1747647673708
counter/6/0/0/0,11477:1747647659332:,1747647673708
counter/6/0/0/0,11478:1747647659332:,1747647673708
counter/4/0/0/0,12031:1747647660035:,1747647673708
counter/4/0/0/0,12032:1747647660035:,1747647673708
counter/10/0/0/0,11158:1747647658931:,1747647673709
counter/10/0/0/0,11159:1747647658932:,1747647673709
counter/10/0/0/0,11160:1747647658932:,1747647673709
counter/7/0/0/0,11721:1747647659143:,1747647673709
counter/5/0/0/0,11702:1747647658420:,1747647673709
counter/5/0/0/0,11703:1747647658420:,1747647673709
counter/5/0/0/0,11704:1747647658421:,1747647673709
counter/5/0/0/0,11705:1747647658421:,1747647673709
counter/5/0/0/0,11706:1747647658421:,1747647673709
counter/1/0/0/0,12787:1747647659719:,1747647673709
counter/1/0/0/0,12788:1747647659719:,1747647673709
counter/1/0/0/0,12789:1747647659719:,1747647673709
counter/9/0/0/0,12285:1747647659102:,1747647673709
counter/9/0/0/0,12286:1747647659102:,1747647673709
counter/9/0/0/0,12287:1747647659102:,1747647673709
counter/9/0/0/0,12288:1747647659102:,1747647673709
counter/3/0/0/0,12581:1747647659900:,1747647673710
counter/10/0/0/0,11161:1747647658932:,1747647673710
counter/7/0/0/0,11722:1747647659143:,1747647673710
counter/7/0/0/0,11723:1747647659143:,1747647673710
counter/7/0/0/0,11724:1747647659143:,1747647673710
counter/7/0/0/0,11725:1747647659143:,1747647673710
counter/6/0/0/0,11479:1747647659332:,1747647673710
counter/4/0/0/0,12033:1747647660035:,1747647673710
counter/6/0/0/0,11480:1747647659332:,1747647673710
counter/6/0/0/0,11481:1747647659334:,1747647673710
counter/6/0/0/0,11482:1747647659342:,1747647673710
counter/6/0/0/0,11483:1747647659349:,1747647673710
counter/2/0/0/0,11710:1747647658289:,1747647673710
counter/2/0/0/0,11711:1747647658289:,1747647673710
counter/2/0/0/0,11712:1747647658289:,1747647673710
counter/2/0/0/0,11713:1747647658310:,1747647673711
counter/2/0/0/0,11714:1747647658310:,1747647673711
counter/1/0/0/0,12790:1747647659719:,1747647673711
counter/3/0/0/0,12582:1747647659902:,1747647673711
counter/5/0/0/0,11707:1747647658421:,1747647673712
counter/4/0/0/0,12034:1747647660035:,1747647673712
counter/6/0/0/0,11484:1747647659349:,1747647673712
counter/6/0/0/0,11485:1747647659349:,1747647673714
counter/6/0/0/0,11486:1747647659349:,1747647673714
counter/6/0/0/0,11487:1747647659349:,1747647673714
counter/6/0/0/0,11488:1747647659349:,1747647673714
counter/2/0/0/0,11715:1747647658310:,1747647673714
counter/6/0/0/0,11489:1747647659349:,1747647673715
counter/6/0/0/0,11490:1747647659349:,1747647673715
counter/6/0/0/0,11491:1747647659349:,1747647673715
counter/3/0/0/0,12583:1747647659902:,1747647673715
counter/9/0/0/0,12289:1747647659103:,1747647673715
counter/10/0/0/0,11162:1747647658932:,1747647673715
counter/6/0/0/0,11492:1747647659349:,1747647673716
counter/2/0/0/0,11716:1747647658310:,1747647673716
counter/6/0/0/0,11493:1747647659349:,1747647673716
counter/6/0/0/0,11494:1747647659349:,1747647673716
counter/6/0/0/0,11495:1747647659351:,1747647673716
counter/6/0/0/0,11496:1747647659351:,1747647673716
counter/6/0/0/0,11497:1747647659351:,1747647673716
counter/6/0/0/0,11498:1747647659351:,1747647673716
counter/6/0/0/0,11499:1747647659358:,1747647673716
counter/6/0/0/0,11500:1747647659358:,1747647673716
counter/5/0/0/0,11708:1747647658421:,1747647673716
counter/3/0/0/0,12584:1747647659902:,1747647673718
counter/10/0/0/0,11163:1747647658932:,1747647673718
counter/2/0/0/0,11717:1747647658310:,1747647673718
counter/10/0/0/0,11164:1747647658932:,1747647673719
counter/2/0/0/0,11718:1747647658310:,1747647673719
counter/2/0/0/0,11719:1747647658310:,1747647673719
counter/2/0/0/0,11720:1747647658310:,1747647673719
counter/2/0/0/0,11721:1747647658311:,1747647673719
counter/6/0/0/0,11501:1747647659358:,1747647673720
counter/6/0/0/0,11502:1747647659358:,1747647673720
counter/6/0/0/0,11503:1747647659358:,1747647673720
counter/6/0/0/0,11504:1747647659358:,1747647673720
counter/4/0/0/0,12035:1747647660035:,1747647673720
counter/6/0/0/0,11505:1747647659358:,1747647673720
counter/6/0/0/0,11506:1747647659358:,1747647673720
counter/3/0/0/0,12585:1747647659902:,1747647673720
counter/5/0/0/0,11709:1747647658421:,1747647673720
counter/8/0/0/0,12040:1747647658449:,1747647673720
counter/8/0/0/0,12041:1747647658449:,1747647673720
counter/8/0/0/0,12042:1747647658449:,1747647673721
counter/8/0/0/0,12043:1747647658451:,1747647673721
counter/8/0/0/0,12044:1747647658451:,1747647673721
counter/8/0/0/0,12045:1747647658451:,1747647673721
counter/8/0/0/0,12046:1747647658451:,1747647673721
counter/2/0/0/0,11722:1747647658311:,1747647673721
counter/8/0/0/0,12047:1747647658451:,1747647673721
counter/2/0/0/0,11723:1747647658311:,1747647673721
counter/8/0/0/0,12048:1747647658451:,1747647673721
counter/7/0/0/0,11726:1747647659143:,1747647673721
counter/7/0/0/0,11727:1747647659145:,1747647673721
counter/7/0/0/0,11728:1747647659145:,1747647673721
counter/7/0/0/0,11729:1747647659145:,1747647673721
counter/7/0/0/0,11730:1747647659145:,1747647673721
counter/7/0/0/0,11731:1747647659145:,1747647673721
counter/3/0/0/0,12586:1747647659902:,1747647673721
counter/8/0/0/0,12049:1747647658451:,1747647673722
counter/8/0/0/0,12050:1747647658458:,1747647673722
counter/8/0/0/0,12051:1747647658458:,1747647673722
counter/1/0/0/0,12791:1747647659719:,1747647673722
counter/1/0/0/0,12792:1747647659726:,1747647673722
counter/4/0/0/0,12036:1747647660035:,1747647673722
counter/7/0/0/0,11732:1747647659150:,1747647673725
counter/7/0/0/0,11733:1747647659150:,1747647673725
counter/7/0/0/0,11734:1747647659150:,1747647673725
counter/7/0/0/0,11735:1747647659150:,1747647673725
counter/7/0/0/0,11736:1747647659150:,1747647673725
counter/7/0/0/0,11737:1747647659150:,1747647673725
counter/7/0/0/0,11738:1747647659150:,1747647673725
counter/7/0/0/0,11739:1747647659150:,1747647673725
counter/7/0/0/0,11740:1747647659150:,1747647673725
counter/7/0/0/0,11741:1747647659150:,1747647673725
counter/7/0/0/0,11742:1747647659150:,1747647673725
counter/7/0/0/0,11743:1747647659150:,1747647673725
counter/10/0/0/0,11165:1747647658932:,1747647673727
counter/10/0/0/0,11166:1747647658932:,1747647673727
counter/2/0/0/0,11724:1747647658314:,1747647673727
counter/2/0/0/0,11725:1747647658314:,1747647673727
counter/2/0/0/0,11726:1747647658314:,1747647673727
counter/2/0/0/0,11727:1747647658334:,1747647673727
counter/7/0/0/0,11744:1747647659150:,1747647673728
counter/2/0/0/0,11728:1747647658348:,1747647673728
counter/6/0/0/0,11507:1747647659358:,1747647673728
counter/6/0/0/0,11508:1747647659358:,1747647673728
counter/8/0/0/0,12052:1747647658476:,1747647673728
counter/5/0/0/0,11710:1747647658421:,1747647673728
counter/5/0/0/0,11711:1747647658421:,1747647673728
counter/5/0/0/0,11712:1747647658421:,1747647673728
counter/2/0/0/0,11729:1747647658348:,1747647673728
counter/5/0/0/0,11713:1747647658421:,1747647673728
counter/5/0/0/0,11714:1747647658421:,1747647673728
counter/6/0/0/0,11509:1747647659358:,1747647673729
counter/9/0/0/0,12290:1747647659103:,1747647673729
counter/9/0/0/0,12291:1747647659103:,1747647673730
counter/9/0/0/0,12292:1747647659103:,1747647673730
counter/9/0/0/0,12293:1747647659104:,1747647673730
counter/5/0/0/0,11715:1747647658421:,1747647673731
counter/5/0/0/0,11716:1747647658421:,1747647673731
counter/5/0/0/0,11717:1747647658421:,1747647673731
counter/5/0/0/0,11718:1747647658421:,1747647673731
counter/5/0/0/0,11719:1747647658421:,1747647673731
counter/5/0/0/0,11720:1747647658421:,1747647673731
counter/3/0/0/0,12587:1747647659902:,1747647673731
counter/5/0/0/0,11721:1747647658421:,1747647673731
counter/4/0/0/0,12037:1747647660035:,1747647673731
counter/5/0/0/0,11722:1747647658421:,1747647673731
counter/3/0/0/0,12588:1747647659902:,1747647673732
counter/4/0/0/0,12038:1747647660035:,1747647673732
counter/4/0/0/0,12039:1747647660036:,1747647673732
counter/4/0/0/0,12040:1747647660036:,1747647673732
counter/4/0/0/0,12041:1747647660036:,1747647673732
counter/6/0/0/0,11510:1747647659358:,1747647673732
counter/9/0/0/0,12294:1747647659104:,1747647673732
counter/6/0/0/0,11511:1747647659358:,1747647673732
counter/9/0/0/0,12295:1747647659104:,1747647673732
counter/10/0/0/0,11167:1747647658932:,1747647673732
counter/10/0/0/0,11168:1747647658935:,1747647673732
counter/10/0/0/0,11169:1747647658936:,1747647673732
counter/10/0/0/0,11170:1747647658939:,1747647673732
counter/10/0/0/0,11171:1747647658940:,1747647673732
counter/10/0/0/0,11172:1747647658940:,1747647673732
counter/10/0/0/0,11173:1747647658940:,1747647673732
counter/10/0/0/0,11174:1747647658940:,1747647673732
counter/4/0/0/0,12042:1747647660036:,1747647673732
counter/8/0/0/0,12053:1747647658476:,1747647673733
counter/4/0/0/0,12043:1747647660036:,1747647673733
counter/8/0/0/0,12054:1747647658476:,1747647673733
counter/3/0/0/0,12589:1747647659902:,1747647673733
counter/8/0/0/0,12055:1747647658476:,1747647673733
counter/3/0/0/0,12590:1747647659902:,1747647673733
counter/8/0/0/0,12056:1747647658476:,1747647673733
counter/3/0/0/0,12591:1747647659910:,1747647673733
counter/3/0/0/0,12592:1747647659910:,1747647673733
counter/3/0/0/0,12593:1747647659910:,1747647673733
counter/3/0/0/0,12594:1747647659914:,1747647673733
counter/3/0/0/0,12595:1747647659914:,1747647673734
counter/3/0/0/0,12596:1747647659917:,1747647673734
counter/3/0/0/0,12597:1747647659917:,1747647673734
counter/3/0/0/0,12598:1747647659917:,1747647673734
counter/1/0/0/0,12793:1747647659726:,1747647673734
counter/9/0/0/0,12296:1747647659104:,1747647673734
counter/7/0/0/0,11745:1747647659150:,1747647673734
counter/7/0/0/0,11746:1747647659153:,1747647673734
counter/7/0/0/0,11747:1747647659153:,1747647673734
counter/7/0/0/0,11748:1747647659153:,1747647673734
counter/5/0/0/0,11723:1747647658421:,1747647673734
counter/5/0/0/0,11724:1747647658421:,1747647673734
counter/5/0/0/0,11725:1747647658421:,1747647673734
counter/10/0/0/0,11175:1747647658940:,1747647673735
counter/8/0/0/0,12057:1747647658476:,1747647673735
counter/5/0/0/0,11726:1747647658421:,1747647673735
counter/5/0/0/0,11727:1747647658421:,1747647673735
counter/5/0/0/0,11728:1747647658422:,1747647673735
counter/5/0/0/0,11729:1747647658422:,1747647673735
counter/5/0/0/0,11730:1747647658422:,1747647673735
counter/5/0/0/0,11731:1747647658422:,1747647673735
counter/5/0/0/0,11732:1747647658429:,1747647673735
counter/1/0/0/0,12794:1747647659726:,1747647673735
counter/3/0/0/0,12599:1747647659928:,1747647673735
counter/6/0/0/0,11512:1747647659359:,1747647673736
counter/8/0/0/0,12058:1747647658476:,1747647673736
counter/2/0/0/0,11730:1747647658349:,1747647673736
counter/2/0/0/0,11731:1747647658349:,1747647673736
counter/2/0/0/0,11732:1747647658349:,1747647673736
counter/2/0/0/0,11733:1747647658349:,1747647673736
counter/5/0/0/0,11733:1747647658429:,1747647673736
counter/5/0/0/0,11734:1747647658429:,1747647673737
counter/5/0/0/0,11735:1747647658430:,1747647673737
counter/5/0/0/0,11736:1747647658430:,1747647673737
counter/5/0/0/0,11737:1747647658430:,1747647673737
counter/5/0/0/0,11738:1747647658430:,1747647673737
counter/5/0/0/0,11739:1747647658430:,1747647673737
counter/5/0/0/0,11740:1747647658430:,1747647673737
counter/5/0/0/0,11741:1747647658430:,1747647673737
counter/3/0/0/0,12600:1747647659928:,1747647673738
counter/5/0/0/0,11742:1747647658430:,1747647673738
counter/2/0/0/0,11734:1747647658349:,1747647673738
counter/6/0/0/0,11513:1747647659359:,1747647673738
counter/6/0/0/0,11514:1747647659359:,1747647673738
counter/9/0/0/0,12297:1747647659104:,1747647673738
counter/9/0/0/0,12298:1747647659104:,1747647673738
counter/9/0/0/0,12299:1747647659104:,1747647673738
counter/9/0/0/0,12300:1747647659104:,1747647673738
counter/9/0/0/0,12301:1747647659104:,1747647673738
counter/9/0/0/0,12302:1747647659104:,1747647673738
counter/3/0/0/0,12601:1747647659928:,1747647673739
counter/4/0/0/0,12044:1747647660036:,1747647673740
counter/9/0/0/0,12303:1747647659104:,1747647673741
counter/10/0/0/0,11176:1747647658940:,1747647673742
counter/10/0/0/0,11177:1747647658940:,1747647673742
counter/10/0/0/0,11178:1747647658940:,1747647673742
counter/4/0/0/0,12045:1747647660036:,1747647673742
counter/10/0/0/0,11179:1747647658940:,1747647673742
counter/10/0/0/0,11180:1747647658940:,1747647673742
counter/10/0/0/0,11181:1747647658940:,1747647673742
counter/6/0/0/0,11515:1747647659359:,1747647673742
counter/4/0/0/0,12046:1747647660036:,1747647673742
counter/6/0/0/0,11516:1747647659359:,1747647673742
counter/5/0/0/0,11743:1747647658430:,1747647673742
counter/10/0/0/0,11182:1747647658940:,1747647673743
counter/3/0/0/0,12602:1747647659928:,1747647673743
counter/3/0/0/0,12603:1747647659928:,1747647673743
counter/4/0/0/0,12047:1747647660036:,1747647673743
counter/4/0/0/0,12048:1747647660036:,1747647673743
counter/4/0/0/0,12049:1747647660036:,1747647673743
counter/4/0/0/0,12050:1747647660036:,1747647673743
counter/4/0/0/0,12051:1747647660036:,1747647673743
counter/4/0/0/0,12052:1747647660036:,1747647673744
counter/10/0/0/0,11183:1747647658940:,1747647673744
counter/4/0/0/0,12053:1747647660463:,1747647673744
counter/6/0/0/0,11517:1747647659359:,1747647673744
counter/5/0/0/0,11744:1747647658430:,1747647673744
counter/7/0/0/0,11749:1747647659153:,1747647673744
counter/9/0/0/0,12304:1747647659104:,1747647673744
counter/1/0/0/0,12795:1747647659726:,1747647673744
counter/1/0/0/0,12796:1747647659726:,1747647673744
counter/2/0/0/0,11735:1747647658349:,1747647673744
counter/2/0/0/0,11736:1747647658349:,1747647673744
counter/2/0/0/0,11737:1747647658349:,1747647673744
counter/2/0/0/0,11738:1747647658349:,1747647673744
counter/2/0/0/0,11739:1747647658349:,1747647673744
counter/2/0/0/0,11740:1747647658349:,1747647673744
counter/2/0/0/0,11741:1747647658349:,1747647673744
counter/2/0/0/0,11742:1747647658349:,1747647673744
counter/2/0/0/0,11743:1747647658349:,1747647673744
counter/2/0/0/0,11744:1747647658349:,1747647673744
counter/4/0/0/0,12054:1747647660463:,1747647673746
counter/6/0/0/0,11518:1747647659359:,1747647673746
counter/5/0/0/0,11745:1747647658430:,1747647673746
counter/5/0/0/0,11746:1747647658430:,1747647673746
counter/7/0/0/0,11750:1747647659154:,1747647673746
counter/5/0/0/0,11747:1747647658430:,1747647673746
counter/5/0/0/0,11748:1747647658430:,1747647673747
counter/5/0/0/0,11749:1747647658430:,1747647673747
counter/5/0/0/0,11750:1747647658430:,1747647673747
counter/2/0/0/0,11745:1747647658359:,1747647673747
counter/8/0/0/0,12059:1747647658476:,1747647673747
counter/2/0/0/0,11746:1747647658359:,1747647673748
counter/8/0/0/0,12060:1747647658476:,1747647673748
counter/8/0/0/0,12061:1747647658477:,1747647673748
counter/8/0/0/0,12062:1747647658477:,1747647673748
counter/8/0/0/0,12063:1747647658477:,1747647673748
counter/8/0/0/0,12064:1747647658477:,1747647673749
counter/4/0/0/0,12055:1747647660465:,1747647673751
counter/4/0/0/0,12056:1747647660465:,1747647673751
counter/3/0/0/0,12604:1747647659928:,1747647673751
counter/4/0/0/0,12057:1747647660471:,1747647673751
counter/5/0/0/0,11751:1747647658430:,1747647673752
counter/8/0/0/0,12065:1747647658477:,1747647673752
counter/3/0/0/0,12605:1747647659928:,1747647673752
counter/3/0/0/0,12606:1747647659928:,1747647673753
counter/9/0/0/0,12305:1747647659104:,1747647673753
counter/3/0/0/0,12607:1747647659928:,1747647673753
counter/9/0/0/0,12306:1747647659104:,1747647673753
counter/3/0/0/0,12608:1747647659928:,1747647673753
counter/9/0/0/0,12307:1747647659104:,1747647673753
counter/3/0/0/0,12609:1747647659928:,1747647673753
counter/9/0/0/0,12308:1747647659105:,1747647673753
counter/9/0/0/0,12309:1747647659105:,1747647673753
counter/9/0/0/0,12310:1747647659106:,1747647673753
counter/9/0/0/0,12311:1747647659106:,1747647673753
counter/9/0/0/0,12312:1747647659108:,1747647673753
counter/9/0/0/0,12313:1747647659108:,1747647673753
counter/9/0/0/0,12314:1747647659108:,1747647673753
counter/9/0/0/0,12315:1747647659108:,1747647673753
counter/9/0/0/0,12316:1747647659108:,1747647673753
counter/10/0/0/0,11184:1747647658940:,1747647673754
counter/8/0/0/0,12066:1747647658477:,1747647673754
counter/5/0/0/0,11752:1747647658430:,1747647673755
counter/5/0/0/0,11753:1747647658430:,1747647673755
counter/5/0/0/0,11754:1747647658430:,1747647673755
counter/6/0/0/0,11519:1747647659359:,1747647673755
counter/5/0/0/0,11755:1747647658430:,1747647673755
counter/5/0/0/0,11756:1747647658430:,1747647673755
counter/5/0/0/0,11757:1747647658430:,1747647673755
counter/7/0/0/0,11751:1747647659154:,1747647673757
counter/7/0/0/0,11752:1747647659154:,1747647673757
counter/2/0/0/0,11747:1747647658359:,1747647673758
counter/2/0/0/0,11748:1747647658359:,1747647673758
counter/2/0/0/0,11749:1747647658359:,1747647673758
counter/2/0/0/0,11750:1747647658359:,1747647673758
counter/2/0/0/0,11751:1747647658359:,1747647673758
counter/2/0/0/0,11752:1747647658359:,1747647673758
counter/2/0/0/0,11753:1747647658359:,1747647673758
counter/2/0/0/0,11754:1747647658359:,1747647673758
counter/2/0/0/0,11755:1747647658359:,1747647673758
counter/2/0/0/0,11756:1747647658359:,1747647673758
counter/2/0/0/0,11757:1747647658359:,1747647673759
counter/2/0/0/0,11758:1747647658359:,1747647673759
counter/2/0/0/0,11759:1747647658377:,1747647673759
counter/2/0/0/0,11760:1747647658377:,1747647673759
counter/4/0/0/0,12058:1747647660471:,1747647673759
counter/1/0/0/0,12797:1747647659726:,1747647673759
counter/4/0/0/0,12059:1747647660471:,1747647673759
counter/4/0/0/0,12060:1747647660475:,1747647673759
counter/4/0/0/0,12061:1747647660475:,1747647673759
counter/4/0/0/0,12062:1747647660475:,1747647673759
counter/3/0/0/0,12610:1747647659928:,1747647673759
counter/3/0/0/0,12611:1747647659928:,1747647673760
counter/3/0/0/0,12612:1747647659929:,1747647673760
counter/3/0/0/0,12613:1747647659936:,1747647673760
counter/3/0/0/0,12614:1747647659936:,1747647673760
counter/3/0/0/0,12615:1747647659936:,1747647673761
counter/3/0/0/0,12616:1747647659937:,1747647673761
counter/9/0/0/0,12317:1747647659108:,1747647673761
counter/9/0/0/0,12318:1747647659108:,1747647673761
counter/7/0/0/0,11753:1747647659154:,1747647673761
counter/7/0/0/0,11754:1747647659159:,1747647673761
counter/2/0/0/0,11761:1747647658378:,1747647673761
counter/3/0/0/0,12617:1747647659937:,1747647673761
counter/3/0/0/0,12618:1747647659937:,1747647673761
counter/3/0/0/0,12619:1747647659937:,1747647673761
counter/3/0/0/0,12620:1747647659937:,1747647673762
counter/9/0/0/0,12319:1747647659108:,1747647673762
counter/9/0/0/0,12320:1747647659108:,1747647673762
counter/9/0/0/0,12321:1747647659108:,1747647673762
counter/9/0/0/0,12322:1747647659108:,1747647673762
counter/5/0/0/0,11758:1747647658430:,1747647673762
counter/5/0/0/0,11759:1747647658430:,1747647673762
counter/5/0/0/0,11760:1747647658430:,1747647673763
counter/5/0/0/0,11761:1747647658430:,1747647673763
counter/5/0/0/0,11762:1747647658430:,1747647673763
counter/5/0/0/0,11763:1747647658430:,1747647673763
counter/5/0/0/0,11764:1747647658430:,1747647673763
counter/5/0/0/0,11765:1747647658430:,1747647673763
counter/5/0/0/0,11766:1747647658431:,1747647673763
counter/9/0/0/0,12323:1747647659108:,1747647673763
counter/9/0/0/0,12324:1747647659109:,1747647673763
counter/9/0/0/0,12325:1747647659109:,1747647673763
counter/7/0/0/0,11755:1747647659161:,1747647673763
counter/7/0/0/0,11756:1747647659162:,1747647673763
counter/7/0/0/0,11757:1747647659162:,1747647673763
counter/7/0/0/0,11758:1747647659163:,1747647673763
counter/7/0/0/0,11759:1747647659163:,1747647673763
counter/7/0/0/0,11760:1747647659163:,1747647673764
counter/7/0/0/0,11761:1747647659163:,1747647673764
counter/7/0/0/0,11762:1747647659163:,1747647673764
counter/7/0/0/0,11763:1747647659164:,1747647673764
counter/7/0/0/0,11764:1747647659164:,1747647673764
counter/7/0/0/0,11765:1747647659164:,1747647673764
counter/7/0/0/0,11766:1747647659164:,1747647673764
counter/7/0/0/0,11767:1747647659164:,1747647673764
counter/7/0/0/0,11768:1747647659164:,1747647673765
counter/4/0/0/0,12063:1747647660477:,1747647673766
counter/10/0/0/0,11185:1747647658940:,1747647673766
counter/4/0/0/0,12064:1747647660477:,1747647673767
counter/5/0/0/0,11767:1747647658431:,1747647673767
counter/5/0/0/0,11768:1747647658431:,1747647673767
counter/5/0/0/0,11769:1747647658431:,1747647673767
counter/5/0/0/0,11770:1747647658431:,1747647673767
counter/5/0/0/0,11771:1747647658431:,1747647673767
counter/5/0/0/0,11772:1747647658440:,1747647673767
counter/5/0/0/0,11773:1747647658440:,1747647673767
counter/5/0/0/0,11774:1747647658440:,1747647673767
counter/5/0/0/0,11775:1747647658440:,1747647673767
counter/5/0/0/0,11776:1747647658440:,1747647673767
counter/5/0/0/0,11777:1747647658440:,1747647673767
counter/5/0/0/0,11778:1747647658440:,1747647673768
counter/5/0/0/0,11779:1747647658441:,1747647673768
counter/5/0/0/0,11780:1747647658441:,1747647673768
counter/5/0/0/0,11781:1747647658441:,1747647673768
counter/8/0/0/0,12067:1747647658479:,1747647673768
counter/7/0/0/0,11769:1747647659164:,1747647673768
counter/5/0/0/0,11782:1747647658441:,1747647673768
counter/5/0/0/0,11783:1747647658441:,1747647673768
counter/5/0/0/0,11784:1747647658441:,1747647673768
counter/5/0/0/0,11785:1747647658441:,1747647673768
counter/5/0/0/0,11786:1747647658441:,1747647673768
counter/5/0/0/0,11787:1747647658441:,1747647673769
counter/5/0/0/0,11788:1747647658441:,1747647673769
counter/3/0/0/0,12621:1747647659937:,1747647673769
counter/7/0/0/0,11770:1747647659164:,1747647673769
counter/3/0/0/0,12622:1747647659937:,1747647673769
counter/3/0/0/0,12623:1747647659937:,1747647673769
counter/3/0/0/0,12624:1747647659937:,1747647673769
counter/8/0/0/0,12068:1747647658479:,1747647673811
counter/8/0/0/0,12069:1747647658479:,1747647673811
counter/7/0/0/0,11771:1747647659164:,1747647673811
counter/8/0/0/0,12070:1747647658479:,1747647673811
counter/8/0/0/0,12071:1747647658479:,1747647673811
counter/8/0/0/0,12072:1747647658479:,1747647673811
counter/8/0/0/0,12073:1747647658479:,1747647673811
counter/8/0/0/0,12074:1747647658480:,1747647673811
counter/8/0/0/0,12075:1747647658480:,1747647673811
counter/8/0/0/0,12076:1747647658480:,1747647673811
counter/8/0/0/0,12077:1747647658480:,1747647673811
counter/8/0/0/0,12078:1747647658480:,1747647673812
counter/7/0/0/0,11772:1747647659164:,1747647673812
counter/9/0/0/0,12326:1747647659109:,1747647673812
counter/9/0/0/0,12327:1747647659109:,1747647673812
counter/9/0/0/0,12328:1747647659109:,1747647673812
counter/9/0/0/0,12329:1747647659109:,1747647673812
counter/9/0/0/0,12330:1747647659109:,1747647673812
counter/9/0/0/0,12331:1747647659109:,1747647673812
counter/7/0/0/0,11773:1747647659164:,1747647673812
counter/6/0/0/0,11520:1747647659359:,1747647673812
counter/3/0/0/0,12625:1747647659937:,1747647673812
counter/3/0/0/0,12626:1747647659937:,1747647673812
counter/3/0/0/0,12627:1747647659937:,1747647673812
counter/3/0/0/0,12628:1747647659937:,1747647673812
counter/3/0/0/0,12629:1747647659937:,1747647673812
counter/3/0/0/0,12630:1747647659937:,1747647673812
counter/3/0/0/0,12631:1747647659948:,1747647673812
counter/6/0/0/0,11521:1747647659359:,1747647673812
counter/6/0/0/0,11522:1747647659359:,1747647673813
counter/6/0/0/0,11523:1747647659359:,1747647673813
counter/6/0/0/0,11524:1747647659359:,1747647673813
counter/2/0/0/0,11762:1747647658378:,1747647673813
counter/9/0/0/0,12332:1747647659110:,1747647673813
counter/9/0/0/0,12333:1747647659110:,1747647673813
counter/9/0/0/0,12334:1747647659110:,1747647673813
counter/4/0/0/0,12065:1747647660480:,1747647673813
counter/9/0/0/0,12335:1747647659110:,1747647673813
counter/4/0/0/0,12066:1747647660483:,1747647673813
counter/9/0/0/0,12336:1747647659110:,1747647673813
counter/9/0/0/0,12337:1747647659110:,1747647673813
counter/9/0/0/0,12338:1747647659110:,1747647673813
counter/10/0/0/0,11186:1747647658940:,1747647673813
counter/10/0/0/0,11187:1747647658950:,1747647673813
counter/10/0/0/0,11188:1747647658950:,1747647673813
counter/10/0/0/0,11189:1747647658968:,1747647673813
counter/10/0/0/0,11190:1747647658968:,1747647673813
counter/4/0/0/0,12067:1747647660483:,1747647673813
counter/6/0/0/0,11525:1747647659359:,1747647673813
counter/6/0/0/0,11526:1747647659359:,1747647673813
counter/6/0/0/0,11527:1747647659359:,1747647673813
counter/6/0/0/0,11528:1747647659359:,1747647673813
counter/6/0/0/0,11529:1747647659359:,1747647673813
counter/1/0/0/0,12798:1747647659726:,1747647673814
counter/1/0/0/0,12799:1747647659726:,1747647673814
counter/1/0/0/0,12800:1747647659726:,1747647673814
counter/1/0/0/0,12801:1747647659726:,1747647673814
counter/1/0/0/0,12802:1747647659726:,1747647673814
counter/1/0/0/0,12803:1747647659726:,1747647673814
counter/2/0/0/0,11763:1747647658378:,1747647673814
counter/1/0/0/0,12804:1747647659726:,1747647673814
counter/9/0/0/0,12339:1747647659110:,1747647673814
counter/3/0/0/0,12632:1747647659948:,1747647673814
counter/3/0/0/0,12633:1747647659949:,1747647673814
counter/3/0/0/0,12634:1747647659949:,1747647673814
counter/3/0/0/0,12635:1747647659949:,1747647673814
counter/3/0/0/0,12636:1747647659949:,1747647673814
counter/3/0/0/0,12637:1747647659949:,1747647673814
counter/3/0/0/0,12638:1747647659949:,1747647673814
counter/3/0/0/0,12639:1747647659949:,1747647673814
counter/7/0/0/0,11774:1747647659164:,1747647673814
counter/9/0/0/0,12340:1747647659110:,1747647673814
counter/9/0/0/0,12341:1747647659110:,1747647673814
counter/9/0/0/0,12342:1747647659110:,1747647673814
counter/9/0/0/0,12343:1747647659111:,1747647673814
counter/9/0/0/0,12344:1747647659111:,1747647673814
counter/1/0/0/0,12805:1747647659726:,1747647673814
counter/10/0/0/0,11191:1747647658968:,1747647673814
counter/5/0/0/0,11789:1747647658441:,1747647673814
counter/1/0/0/0,12806:1747647659726:,1747647673814
counter/1/0/0/0,12807:1747647659726:,1747647673815
counter/1/0/0/0,12808:1747647659726:,1747647673815
counter/1/0/0/0,12809:1747647659726:,1747647673815
counter/1/0/0/0,12810:1747647659727:,1747647673815
counter/1/0/0/0,12811:1747647659727:,1747647673815
counter/1/0/0/0,12812:1747647659727:,1747647673815
counter/1/0/0/0,12813:1747647659727:,1747647673815
counter/1/0/0/0,12814:1747647659727:,1747647673815
counter/1/0/0/0,12815:1747647659727:,1747647673815
counter/1/0/0/0,12816:1747647659727:,1747647673815
counter/1/0/0/0,12817:1747647659727:,1747647673815
counter/2/0/0/0,11764:1747647658378:,1747647673815
counter/2/0/0/0,11765:1747647658378:,1747647673815
counter/2/0/0/0,11766:1747647658378:,1747647673815
counter/2/0/0/0,11767:1747647658384:,1747647673815
counter/2/0/0/0,11768:1747647658384:,1747647673815
counter/2/0/0/0,11769:1747647658387:,1747647673815
counter/2/0/0/0,11770:1747647658387:,1747647673816
counter/6/0/0/0,11530:1747647659359:,1747647673816
counter/2/0/0/0,11771:1747647658387:,1747647673816
counter/2/0/0/0,11772:1747647658387:,1747647673816
counter/2/0/0/0,11773:1747647658387:,1747647673816
counter/2/0/0/0,11774:1747647658387:,1747647673816
counter/2/0/0/0,11775:1747647658387:,1747647673816
counter/2/0/0/0,11776:1747647658388:,1747647673816
counter/8/0/0/0,12079:1747647658480:,1747647673816
counter/8/0/0/0,12080:1747647658480:,1747647673816
counter/8/0/0/0,12081:1747647658480:,1747647673816
counter/8/0/0/0,12082:1747647658480:,1747647673816
counter/4/0/0/0,12068:1747647660483:,1747647673816
counter/1/0/0/0,12818:1747647659727:,1747647673816
counter/1/0/0/0,12819:1747647659727:,1747647673816
counter/2/0/0/0,11777:1747647658388:,1747647673816
counter/3/0/0/0,12640:1747647659949:,1747647673816
counter/8/0/0/0,12083:1747647658482:,1747647673816
counter/4/0/0/0,12069:1747647660486:,1747647673816
counter/4/0/0/0,12070:1747647660486:,1747647673816
counter/2/0/0/0,11778:1747647658388:,1747647673816
counter/2/0/0/0,11779:1747647658388:,1747647673816
counter/2/0/0/0,11780:1747647658388:,1747647673816
counter/2/0/0/0,11781:1747647658388:,1747647673817
counter/2/0/0/0,11782:1747647658392:,1747647673817
counter/2/0/0/0,11783:1747647658392:,1747647673817
counter/4/0/0/0,12071:1747647660486:,1747647673817
counter/10/0/0/0,11192:1747647658968:,1747647673817
counter/10/0/0/0,11193:1747647658968:,1747647673817
counter/9/0/0/0,12345:1747647659111:,1747647673817
counter/3/0/0/0,12641:1747647659949:,1747647673817
counter/9/0/0/0,12346:1747647659111:,1747647673817
counter/7/0/0/0,11775:1747647659164:,1747647673817
counter/8/0/0/0,12084:1747647658482:,1747647673817
counter/8/0/0/0,12085:1747647658482:,1747647673817
counter/8/0/0/0,12086:1747647658482:,1747647673817
counter/8/0/0/0,12087:1747647658482:,1747647673817
counter/8/0/0/0,12088:1747647658482:,1747647673817
counter/8/0/0/0,12089:1747647658482:,1747647673817
counter/1/0/0/0,12820:1747647659727:,1747647673817
counter/1/0/0/0,12821:1747647659727:,1747647673817
counter/1/0/0/0,12822:1747647659727:,1747647673817
counter/1/0/0/0,12823:1747647659729:,1747647673817
counter/1/0/0/0,12824:1747647659729:,1747647673817
counter/1/0/0/0,12825:1747647659729:,1747647673817
counter/1/0/0/0,12826:1747647659729:,1747647673818
counter/1/0/0/0,12827:1747647659729:,1747647673818
counter/1/0/0/0,12828:1747647659729:,1747647673818
counter/1/0/0/0,12829:1747647659729:,1747647673818
counter/1/0/0/0,12830:1747647659729:,1747647673818
counter/10/0/0/0,11194:1747647658971:,1747647673818
counter/3/0/0/0,12642:1747647659949:,1747647673818
counter/8/0/0/0,12090:1747647658483:,1747647673818
counter/5/0/0/0,11790:1747647658441:,1747647673818
counter/8/0/0/0,12091:1747647658488:,1747647673818
counter/10/0/0/0,11195:1747647658975:,1747647673818
counter/10/0/0/0,11196:1747647658976:,1747647673818
counter/10/0/0/0,11197:1747647658976:,1747647673818
counter/10/0/0/0,11198:1747647658976:,1747647673818
counter/6/0/0/0,11531:1747647659362:,1747647673818
counter/2/0/0/0,11784:1747647658392:,1747647673818
counter/1/0/0/0,12831:1747647659730:,1747647673818
counter/2/0/0/0,11785:1747647658392:,1747647673818
counter/10/0/0/0,11199:1747647658976:,1747647673818
counter/5/0/0/0,11791:1747647658441:,1747647673818
counter/10/0/0/0,11200:1747647658976:,1747647673818
counter/10/0/0/0,11201:1747647658977:,1747647673818
counter/10/0/0/0,11202:1747647658977:,1747647673818
counter/5/0/0/0,11792:1747647658441:,1747647673818
counter/10/0/0/0,11203:1747647658977:,1747647673818
counter/10/0/0/0,11204:1747647658977:,1747647673818
counter/5/0/0/0,11793:1747647658441:,1747647673818
counter/10/0/0/0,11205:1747647658977:,1747647673819
counter/5/0/0/0,11794:1747647658441:,1747647673819
counter/5/0/0/0,11795:1747647658441:,1747647673819
counter/5/0/0/0,11796:1747647658441:,1747647673819
counter/5/0/0/0,11797:1747647658441:,1747647673819
counter/5/0/0/0,11798:1747647658441:,1747647673819
counter/5/0/0/0,11799:1747647658442:,1747647673819
counter/5/0/0/0,11800:1747647658442:,1747647673819
counter/5/0/0/0,11801:1747647658442:,1747647673819
counter/5/0/0/0,11802:1747647658442:,1747647673819
counter/5/0/0/0,11803:1747647658443:,1747647673819
counter/2/0/0/0,11786:1747647658392:,1747647673819
counter/7/0/0/0,11776:1747647659164:,1747647673819
counter/7/0/0/0,11777:1747647659164:,1747647673819
counter/7/0/0/0,11778:1747647659164:,1747647673819
counter/7/0/0/0,11779:1747647659164:,1747647673819
counter/7/0/0/0,11780:1747647659164:,1747647673819
counter/3/0/0/0,12643:1747647659949:,1747647673819
counter/5/0/0/0,11804:1747647658443:,1747647673819
counter/5/0/0/0,11805:1747647658443:,1747647673819
counter/5/0/0/0,11806:1747647658443:,1747647673819
counter/5/0/0/0,11807:1747647658443:,1747647673819
counter/10/0/0/0,11206:1747647658977:,1747647673819
counter/10/0/0/0,11207:1747647658977:,1747647673819
counter/10/0/0/0,11208:1747647658977:,1747647673819
counter/9/0/0/0,12347:1747647659111:,1747647673819
counter/9/0/0/0,12348:1747647659111:,1747647673819
counter/8/0/0/0,12092:1747647658488:,1747647673820
counter/4/0/0/0,12072:1747647660486:,1747647673820
counter/7/0/0/0,11781:1747647659164:,1747647673820
counter/7/0/0/0,11782:1747647659164:,1747647673820
counter/1/0/0/0,12832:1747647659730:,1747647673820
counter/1/0/0/0,12833:1747647659730:,1747647673820
counter/4/0/0/0,12073:1747647660486:,1747647673820
counter/1/0/0/0,12834:1747647659730:,1747647673820
counter/1/0/0/0,12835:1747647659730:,1747647673820
counter/1/0/0/0,12836:1747647659730:,1747647673820
counter/1/0/0/0,12837:1747647659730:,1747647673820
counter/1/0/0/0,12838:1747647659730:,1747647673820
counter/1/0/0/0,12839:1747647659730:,1747647673820
counter/10/0/0/0,11209:1747647658977:,1747647673820
counter/2/0/0/0,11787:1747647658392:,1747647673820
counter/1/0/0/0,12840:1747647659730:,1747647673820
counter/4/0/0/0,12074:1747647660486:,1747647673820
counter/3/0/0/0,12644:1747647659949:,1747647673820
counter/3/0/0/0,12645:1747647659949:,1747647673820
counter/3/0/0/0,12646:1747647659949:,1747647673820
counter/3/0/0/0,12647:1747647659949:,1747647673820
counter/3/0/0/0,12648:1747647659949:,1747647673820
counter/3/0/0/0,12649:1747647659949:,1747647673820
counter/1/0/0/0,12841:1747647659730:,1747647673820
counter/1/0/0/0,12842:1747647659730:,1747647673821
counter/1/0/0/0,12843:1747647659730:,1747647673821
counter/1/0/0/0,12844:1747647659730:,1747647673821
counter/1/0/0/0,12845:1747647659730:,1747647673821
counter/1/0/0/0,12846:1747647659736:,1747647673821
counter/1/0/0/0,12847:1747647659736:,1747647673821
counter/1/0/0/0,12848:1747647659736:,1747647673821
counter/1/0/0/0,12849:1747647659736:,1747647673821
counter/8/0/0/0,12093:1747647658488:,1747647673821
counter/8/0/0/0,12094:1747647658488:,1747647673821
counter/8/0/0/0,12095:1747647658488:,1747647673821
counter/8/0/0/0,12096:1747647658488:,1747647673821
counter/8/0/0/0,12097:1747647658488:,1747647673821
counter/8/0/0/0,12098:1747647658488:,1747647673821
counter/8/0/0/0,12099:1747647658488:,1747647673821
counter/8/0/0/0,12100:1747647658490:,1747647673821
counter/2/0/0/0,11788:1747647658392:,1747647673821
counter/7/0/0/0,11783:1747647659164:,1747647673821
counter/7/0/0/0,11784:1747647659166:,1747647673821
counter/7/0/0/0,11785:1747647659168:,1747647673821
counter/3/0/0/0,12650:1747647659949:,1747647673821
counter/3/0/0/0,12651:1747647659949:,1747647673821
counter/3/0/0/0,12652:1747647659949:,1747647673821
counter/3/0/0/0,12653:1747647659950:,1747647673822
counter/3/0/0/0,12654:1747647659950:,1747647673822
counter/3/0/0/0,12655:1747647659955:,1747647673822
counter/3/0/0/0,12656:1747647659955:,1747647673822
counter/3/0/0/0,12657:1747647659955:,1747647673822
counter/3/0/0/0,12658:1747647659955:,1747647673822
counter/3/0/0/0,12659:1747647659955:,1747647673822
counter/3/0/0/0,12660:1747647659955:,1747647673822
counter/9/0/0/0,12349:1747647659111:,1747647673822
counter/3/0/0/0,12661:1747647659955:,1747647673822
counter/10/0/0/0,11210:1747647658977:,1747647673822
counter/7/0/0/0,11786:1747647659169:,1747647673822
counter/8/0/0/0,12101:1747647658490:,1747647673822
counter/8/0/0/0,12102:1747647658490:,1747647673822
counter/8/0/0/0,12103:1747647658491:,1747647673822
counter/8/0/0/0,12104:1747647658491:,1747647673822
counter/8/0/0/0,12105:1747647658491:,1747647673822
counter/8/0/0/0,12106:1747647658491:,1747647673822
counter/8/0/0/0,12107:1747647658491:,1747647673822
counter/5/0/0/0,11808:1747647658443:,1747647673822
counter/5/0/0/0,11809:1747647658443:,1747647673822
counter/2/0/0/0,11789:1747647658392:,1747647673822
counter/2/0/0/0,11790:1747647658392:,1747647673822
counter/2/0/0/0,11791:1747647658392:,1747647673822
counter/3/0/0/0,12662:1747647659955:,1747647673822
counter/3/0/0/0,12663:1747647659955:,1747647673822
counter/3/0/0/0,12664:1747647659961:,1747647673822
counter/3/0/0/0,12665:1747647659961:,1747647673823
counter/3/0/0/0,12666:1747647659961:,1747647673823
counter/3/0/0/0,12667:1747647659961:,1747647673823
counter/3/0/0/0,12668:1747647659961:,1747647673823
counter/3/0/0/0,12669:1747647659961:,1747647673823
counter/3/0/0/0,12670:1747647659961:,1747647673823
counter/3/0/0/0,12671:1747647659961:,1747647673823
counter/3/0/0/0,12672:1747647659961:,1747647673823
counter/3/0/0/0,12673:1747647659963:,1747647673823
counter/3/0/0/0,12674:1747647659963:,1747647673823
counter/3/0/0/0,12675:1747647659963:,1747647673823
counter/3/0/0/0,12676:1747647659963:,1747647673823
counter/3/0/0/0,12677:1747647659963:,1747647673823
counter/3/0/0/0,12678:1747647659963:,1747647673823
counter/8/0/0/0,12108:1747647658491:,1747647673823
counter/8/0/0/0,12109:1747647658491:,1747647673823
counter/8/0/0/0,12110:1747647658491:,1747647673823
counter/8/0/0/0,12111:1747647658491:,1747647673824
counter/8/0/0/0,12112:1747647658491:,1747647673824
counter/4/0/0/0,12075:1747647660486:,1747647673824
counter/8/0/0/0,12113:1747647658497:,1747647673824
counter/7/0/0/0,11787:1747647659183:,1747647673824
counter/9/0/0/0,12350:1747647659111:,1747647673824
counter/10/0/0/0,11211:1747647658979:,1747647673824
counter/1/0/0/0,12850:1747647659737:,1747647673824
counter/8/0/0/0,12114:1747647658497:,1747647673824
counter/10/0/0/0,11212:1747647658979:,1747647673824
counter/8/0/0/0,12115:1747647658497:,1747647673824
counter/8/0/0/0,12116:1747647658497:,1747647673824
counter/4/0/0/0,12076:1747647660486:,1747647673824
counter/8/0/0/0,12117:1747647658497:,1747647673824
counter/8/0/0/0,12118:1747647658511:,1747647673824
counter/7/0/0/0,11788:1747647659183:,1747647673824
counter/3/0/0/0,12679:1747647659963:,1747647673824
counter/3/0/0/0,12680:1747647659963:,1747647673824
counter/2/0/0/0,11792:1747647658393:,1747647673824
counter/2/0/0/0,11793:1747647658393:,1747647673824
counter/2/0/0/0,11794:1747647658393:,1747647673824
counter/1/0/0/0,12851:1747647659737:,1747647673825
counter/1/0/0/0,12852:1747647659737:,1747647673825
counter/1/0/0/0,12853:1747647659737:,1747647673825
counter/1/0/0/0,12854:1747647659737:,1747647673825
counter/1/0/0/0,12855:1747647659737:,1747647673825
counter/1/0/0/0,12856:1747647659737:,1747647673825
counter/1/0/0/0,12857:1747647659737:,1747647673825
counter/1/0/0/0,12858:1747647659737:,1747647673825
counter/1/0/0/0,12859:1747647659737:,1747647673825
counter/1/0/0/0,12860:1747647659737:,1747647673825
counter/1/0/0/0,12861:1747647659737:,1747647673825
counter/1/0/0/0,12862:1747647659737:,1747647673825
counter/1/0/0/0,12863:1747647659738:,1747647673825
counter/1/0/0/0,12864:1747647659738:,1747647673825
counter/1/0/0/0,12865:1747647659738:,1747647673825
counter/1/0/0/0,12866:1747647659743:,1747647673825
counter/1/0/0/0,12867:1747647659743:,1747647673825
counter/1/0/0/0,12868:1747647659749:,1747647673826
counter/1/0/0/0,12869:1747647659752:,1747647673826
counter/1/0/0/0,12870:1747647659752:,1747647673826
counter/1/0/0/0,12871:1747647659752:,1747647673826
counter/1/0/0/0,12872:1747647659753:,1747647673826
counter/1/0/0/0,12873:1747647659753:,1747647673826
counter/1/0/0/0,12874:1747647659753:,1747647673826
counter/1/0/0/0,12875:1747647659755:,1747647673826
counter/1/0/0/0,12876:1747647659755:,1747647673826
counter/9/0/0/0,12351:1747647659111:,1747647673826
counter/10/0/0/0,11213:1747647658979:,1747647673826
counter/1/0/0/0,12877:1747647659755:,1747647673826
counter/3/0/0/0,12681:1747647659963:,1747647673826
counter/3/0/0/0,12682:1747647659963:,1747647673826
counter/3/0/0/0,12683:1747647659963:,1747647673826
counter/3/0/0/0,12684:1747647659969:,1747647673826
counter/3/0/0/0,12685:1747647659969:,1747647673826
counter/3/0/0/0,12686:1747647659969:,1747647673826
counter/3/0/0/0,12687:1747647659969:,1747647673826
counter/3/0/0/0,12688:1747647659969:,1747647673826
counter/3/0/0/0,12689:1747647659969:,1747647673826
counter/3/0/0/0,12690:1747647659969:,1747647673826
counter/3/0/0/0,12691:1747647659969:,1747647673826
counter/3/0/0/0,12692:1747647659969:,1747647673826
counter/4/0/0/0,12077:1747647660486:,1747647673826
counter/1/0/0/0,12878:1747647659755:,1747647673827
counter/5/0/0/0,11810:1747647658443:,1747647673827
counter/10/0/0/0,11214:1747647658979:,1747647673827
counter/5/0/0/0,11811:1747647658443:,1747647673827
counter/1/0/0/0,12879:1747647659755:,1747647673827
counter/5/0/0/0,11812:1747647658472:,1747647673827
counter/5/0/0/0,11813:1747647658483:,1747647673827
counter/1/0/0/0,12880:1747647659755:,1747647673827
counter/9/0/0/0,12352:1747647659111:,1747647673827
counter/10/0/0/0,11215:1747647658979:,1747647673827
counter/10/0/0/0,11216:1747647658979:,1747647673827
counter/10/0/0/0,11217:1747647658986:,1747647673827
counter/10/0/0/0,11218:1747647658986:,1747647673827
counter/10/0/0/0,11219:1747647658986:,1747647673827
counter/5/0/0/0,11814:1747647658484:,1747647673827
counter/10/0/0/0,11220:1747647658986:,1747647673827
counter/6/0/0/0,11532:1747647659362:,1747647673827
counter/6/0/0/0,11533:1747647659362:,1747647673827
counter/6/0/0/0,11534:1747647659362:,1747647673827
counter/6/0/0/0,11535:1747647659363:,1747647673827
counter/6/0/0/0,11536:1747647659375:,1747647673827
counter/1/0/0/0,12881:1747647659755:,1747647673827
counter/1/0/0/0,12882:1747647659755:,1747647673827
counter/1/0/0/0,12883:1747647659758:,1747647673827
counter/1/0/0/0,12884:1747647659758:,1747647673827
counter/6/0/0/0,11537:1747647659376:,1747647673827
counter/6/0/0/0,11538:1747647659376:,1747647673827
counter/4/0/0/0,12078:1747647660486:,1747647673827
counter/4/0/0/0,12079:1747647660490:,1747647673827
counter/4/0/0/0,12080:1747647660490:,1747647673827
counter/4/0/0/0,12081:1747647660490:,1747647673828
counter/4/0/0/0,12082:1747647660490:,1747647673828
counter/4/0/0/0,12083:1747647660490:,1747647673828
counter/10/0/0/0,11221:1747647658986:,1747647673828
counter/7/0/0/0,11789:1747647659184:,1747647673828
counter/5/0/0/0,11815:1747647658496:,1747647673828
counter/1/0/0/0,12885:1747647659758:,1747647673828
counter/5/0/0/0,11816:1747647658497:,1747647673828
counter/1/0/0/0,12886:1747647659759:,1747647673828
counter/5/0/0/0,11817:1747647658497:,1747647673828
counter/5/0/0/0,11818:1747647658497:,1747647673828
counter/5/0/0/0,11819:1747647658497:,1747647673828
counter/6/0/0/0,11539:1747647659376:,1747647673828
counter/6/0/0/0,11540:1747647659376:,1747647673828
counter/9/0/0/0,12353:1747647659112:,1747647673828
counter/2/0/0/0,11795:1747647658393:,1747647673828
counter/7/0/0/0,11790:1747647659184:,1747647673828
counter/6/0/0/0,11541:1747647659376:,1747647673828
counter/6/0/0/0,11542:1747647659376:,1747647673828
counter/6/0/0/0,11543:1747647659376:,1747647673828
counter/6/0/0/0,11544:1747647659376:,1747647673828
counter/6/0/0/0,11545:1747647659376:,1747647673828
counter/6/0/0/0,11546:1747647659376:,1747647673828
counter/9/0/0/0,12354:1747647659112:,1747647673828
counter/8/0/0/0,12119:1747647658511:,1747647673828
counter/4/0/0/0,12084:1747647660490:,1747647673828
counter/7/0/0/0,11791:1747647659184:,1747647673828
counter/7/0/0/0,11792:1747647659184:,1747647673828
counter/7/0/0/0,11793:1747647659184:,1747647673828
counter/1/0/0/0,12887:1747647659759:,1747647673828
counter/1/0/0/0,12888:1747647659759:,1747647673828
counter/10/0/0/0,11222:1747647658986:,1747647673828
counter/1/0/0/0,12889:1747647659759:,1747647673828
counter/2/0/0/0,11796:1747647658393:,1747647673828
counter/8/0/0/0,12120:1747647658511:,1747647673828
counter/8/0/0/0,12121:1747647658511:,1747647673829
counter/8/0/0/0,12122:1747647658511:,1747647673829
counter/8/0/0/0,12123:1747647658511:,1747647673829
counter/8/0/0/0,12124:1747647658511:,1747647673829
counter/7/0/0/0,11794:1747647659184:,1747647673829
counter/7/0/0/0,11795:1747647659184:,1747647673829
counter/7/0/0/0,11796:1747647659184:,1747647673829
counter/7/0/0/0,11797:1747647659184:,1747647673829
counter/7/0/0/0,11798:1747647659184:,1747647673829
counter/7/0/0/0,11799:1747647659184:,1747647673829
counter/3/0/0/0,12693:1747647659978:,1747647673829
counter/7/0/0/0,11800:1747647659184:,1747647673829
counter/3/0/0/0,12694:1747647659978:,1747647673829
counter/3/0/0/0,12695:1747647659978:,1747647673829
counter/3/0/0/0,12696:1747647659978:,1747647673829
counter/3/0/0/0,12697:1747647659978:,1747647673829
counter/9/0/0/0,12355:1747647659112:,1747647673829
counter/5/0/0/0,11820:1747647658497:,1747647673829
counter/5/0/0/0,11821:1747647658497:,1747647673829
counter/10/0/0/0,11223:1747647658986:,1747647673829
counter/10/0/0/0,11224:1747647658997:,1747647673829
counter/10/0/0/0,11225:1747647658997:,1747647673829
counter/2/0/0/0,11797:1747647658393:,1747647673829
counter/6/0/0/0,11547:1747647659376:,1747647673829
counter/10/0/0/0,11226:1747647658997:,1747647673829
counter/10/0/0/0,11227:1747647658997:,1747647673829
counter/10/0/0/0,11228:1747647658997:,1747647673830
counter/10/0/0/0,11229:1747647658997:,1747647673830
counter/10/0/0/0,11230:1747647658997:,1747647673830
counter/10/0/0/0,11231:1747647659006:,1747647673830
counter/10/0/0/0,11232:1747647659006:,1747647673830
counter/10/0/0/0,11233:1747647659006:,1747647673830
counter/10/0/0/0,11234:1747647659010:,1747647673830
counter/10/0/0/0,11235:1747647659019:,1747647673830
counter/10/0/0/0,11236:1747647659019:,1747647673830
counter/10/0/0/0,11237:1747647659019:,1747647673830
counter/1/0/0/0,12890:1747647659759:,1747647673830
counter/1/0/0/0,12891:1747647659759:,1747647673830
counter/1/0/0/0,12892:1747647659759:,1747647673830
counter/1/0/0/0,12893:1747647659759:,1747647673830
counter/1/0/0/0,12894:1747647659759:,1747647673830
counter/1/0/0/0,12895:1747647659759:,1747647673830
counter/1/0/0/0,12896:1747647659759:,1747647673830
counter/1/0/0/0,12897:1747647659759:,1747647673830
counter/1/0/0/0,12898:1747647659759:,1747647673830
counter/1/0/0/0,12899:1747647659760:,1747647673830
counter/1/0/0/0,12900:1747647659760:,1747647673830
counter/5/0/0/0,11822:1747647658497:,1747647673830
counter/1/0/0/0,12901:1747647659760:,1747647673830
counter/9/0/0/0,12356:1747647659117:,1747647673830
counter/2/0/0/0,11798:1747647658393:,1747647673830
counter/2/0/0/0,11799:1747647658393:,1747647673830
counter/4/0/0/0,12085:1747647660490:,1747647673830
counter/2/0/0/0,11800:1747647658393:,1747647673830
counter/5/0/0/0,11823:1747647658497:,1747647673830
counter/2/0/0/0,11801:1747647658393:,1747647673830
counter/6/0/0/0,11548:1747647659376:,1747647673831
counter/2/0/0/0,11802:1747647658393:,1747647673831
counter/6/0/0/0,11549:1747647659376:,1747647673831
counter/6/0/0/0,11550:1747647659376:,1747647673831
counter/6/0/0/0,11551:1747647659376:,1747647673831
counter/6/0/0/0,11552:1747647659385:,1747647673831
counter/6/0/0/0,11553:1747647659385:,1747647673831
counter/4/0/0/0,12086:1747647660490:,1747647673831
counter/5/0/0/0,11824:1747647658497:,1747647673831
counter/4/0/0/0,12087:1747647660490:,1747647673831
counter/9/0/0/0,12357:1747647659117:,1747647673831
counter/10/0/0/0,11238:1747647659019:,1747647673831
counter/10/0/0/0,11239:1747647659019:,1747647673831
counter/10/0/0/0,11240:1747647659019:,1747647673831
counter/10/0/0/0,11241:1747647659019:,1747647673831
counter/10/0/0/0,11242:1747647659019:,1747647673831
counter/10/0/0/0,11243:1747647659020:,1747647673831
counter/10/0/0/0,11244:1747647659020:,1747647673831
counter/10/0/0/0,11245:1747647659020:,1747647673831
counter/10/0/0/0,11246:1747647659020:,1747647673831
counter/10/0/0/0,11247:1747647659020:,1747647673832
counter/10/0/0/0,11248:1747647659020:,1747647673832
counter/9/0/0/0,12358:1747647659117:,1747647673832
counter/10/0/0/0,11249:1747647659020:,1747647673832
counter/8/0/0/0,12125:1747647658511:,1747647673832
counter/10/0/0/0,11250:1747647659020:,1747647673832
counter/8/0/0/0,12126:1747647658512:,1747647673832
counter/8/0/0/0,12127:1747647658512:,1747647673832
counter/8/0/0/0,12128:1747647658527:,1747647673832
counter/8/0/0/0,12129:1747647658527:,1747647673832
counter/8/0/0/0,12130:1747647658527:,1747647673832
counter/8/0/0/0,12131:1747647658527:,1747647673832
counter/8/0/0/0,12132:1747647658527:,1747647673832
counter/6/0/0/0,11554:1747647659385:,1747647673832
counter/6/0/0/0,11555:1747647659385:,1747647673832
counter/6/0/0/0,11556:1747647659385:,1747647673832
counter/6/0/0/0,11557:1747647659385:,1747647673832
counter/2/0/0/0,11803:1747647658393:,1747647673833
counter/2/0/0/0,11804:1747647658393:,1747647673833
counter/2/0/0/0,11805:1747647658393:,1747647673833
counter/2/0/0/0,11806:1747647658393:,1747647673834
counter/2/0/0/0,11807:1747647658393:,1747647673834
counter/6/0/0/0,11558:1747647659385:,1747647673834
counter/6/0/0/0,11559:1747647659385:,1747647673834
counter/6/0/0/0,11560:1747647659386:,1747647673834
counter/6/0/0/0,11561:1747647659386:,1747647673834
counter/8/0/0/0,12133:1747647658527:,1747647673834
counter/6/0/0/0,11562:1747647659386:,1747647673834
counter/8/0/0/0,12134:1747647658527:,1747647673834
counter/6/0/0/0,11563:1747647659389:,1747647673834
counter/8/0/0/0,12135:1747647658527:,1747647673834
counter/8/0/0/0,12136:1747647658527:,1747647673834
counter/8/0/0/0,12137:1747647658536:,1747647673834
counter/8/0/0/0,12138:1747647658539:,1747647673834
counter/6/0/0/0,11564:1747647659389:,1747647673836
counter/6/0/0/0,11565:1747647659389:,1747647673836
counter/6/0/0/0,11566:1747647659389:,1747647673836
counter/6/0/0/0,11567:1747647659389:,1747647673836
counter/6/0/0/0,11568:1747647659389:,1747647673836
counter/1/0/0/0,12902:1747647659760:,1747647673836
counter/6/0/0/0,11569:1747647659390:,1747647673836
counter/8/0/0/0,12139:1747647658539:,1747647673836
counter/8/0/0/0,12140:1747647658540:,1747647673836
counter/8/0/0/0,12141:1747647658540:,1747647673836
counter/8/0/0/0,12142:1747647658540:,1747647673837
counter/8/0/0/0,12143:1747647658540:,1747647673837
counter/8/0/0/0,12144:1747647658540:,1747647673837
counter/10/0/0/0,11251:1747647659020:,1747647673837
counter/5/0/0/0,11825:1747647658497:,1747647673837
counter/8/0/0/0,12145:1747647658540:,1747647673839
counter/8/0/0/0,12146:1747647658540:,1747647673839
counter/8/0/0/0,12147:1747647658540:,1747647673839
counter/8/0/0/0,12148:1747647658540:,1747647673839
counter/6/0/0/0,11570:1747647659390:,1747647673840
counter/8/0/0/0,12149:1747647658540:,1747647673840
counter/1/0/0/0,12903:1747647659760:,1747647673840
counter/5/0/0/0,11826:1747647658497:,1747647673841
counter/5/0/0/0,11827:1747647658497:,1747647673841
counter/5/0/0/0,11828:1747647658497:,1747647673841
counter/5/0/0/0,11829:1747647658497:,1747647673841
counter/5/0/0/0,11830:1747647658504:,1747647673841
counter/5/0/0/0,11831:1747647658504:,1747647673841
counter/5/0/0/0,11832:1747647658504:,1747647673841
counter/5/0/0/0,11833:1747647658504:,1747647673841
counter/8/0/0/0,12150:1747647658540:,1747647673841
counter/7/0/0/0,11801:1747647659184:,1747647673841
counter/5/0/0/0,11834:1747647658504:,1747647673841
counter/8/0/0/0,12151:1747647658543:,1747647673841
counter/9/0/0/0,12359:1747647659117:,1747647673842
counter/9/0/0/0,12360:1747647659117:,1747647673842
counter/9/0/0/0,12361:1747647659117:,1747647673842
counter/9/0/0/0,12362:1747647659117:,1747647673842
counter/9/0/0/0,12363:1747647659117:,1747647673842
counter/9/0/0/0,12364:1747647659117:,1747647673842
counter/9/0/0/0,12365:1747647659118:,1747647673842
counter/9/0/0/0,12366:1747647659118:,1747647673842
counter/9/0/0/0,12367:1747647659118:,1747647673842
counter/9/0/0/0,12368:1747647659118:,1747647673842
counter/9/0/0/0,12369:1747647659123:,1747647673842
counter/9/0/0/0,12370:1747647659123:,1747647673842
counter/9/0/0/0,12371:1747647659123:,1747647673842
counter/9/0/0/0,12372:1747647659123:,1747647673842
counter/9/0/0/0,12373:1747647659123:,1747647673842
counter/9/0/0/0,12374:1747647659123:,1747647673842
counter/10/0/0/0,11252:1747647659020:,1747647673848
counter/8/0/0/0,12152:1747647658543:,1747647673848
counter/6/0/0/0,11571:1747647659390:,1747647673848
counter/6/0/0/0,11572:1747647659390:,1747647673848
counter/6/0/0/0,11573:1747647659390:,1747647673848
counter/6/0/0/0,11574:1747647659390:,1747647673848
counter/6/0/0/0,11575:1747647659391:,1747647673849
counter/6/0/0/0,11576:1747647659391:,1747647673849
counter/6/0/0/0,11577:1747647659394:,1747647673849
counter/6/0/0/0,11578:1747647659394:,1747647673849
counter/2/0/0/0,11808:1747647658393:,1747647673849
counter/6/0/0/0,11579:1747647659394:,1747647673849
counter/2/0/0/0,11809:1747647658393:,1747647673849
counter/3/0/0/0,12698:1747647659978:,1747647673849
counter/7/0/0/0,11802:1747647659184:,1747647673849
counter/4/0/0/0,12088:1747647660490:,1747647673849
counter/4/0/0/0,12089:1747647660490:,1747647673849
counter/4/0/0/0,12090:1747647660490:,1747647673849
counter/4/0/0/0,12091:1747647660491:,1747647673849
counter/4/0/0/0,12092:1747647660491:,1747647673849
counter/4/0/0/0,12093:1747647660491:,1747647673849
counter/4/0/0/0,12094:1747647660491:,1747647673849
counter/10/0/0/0,11253:1747647659030:,1747647673849
counter/4/0/0/0,12095:1747647660492:,1747647673849
counter/10/0/0/0,11254:1747647659030:,1747647673850
counter/10/0/0/0,11255:1747647659030:,1747647673850
counter/10/0/0/0,11256:1747647659030:,1747647673850
counter/8/0/0/0,12153:1747647658543:,1747647673851
counter/8/0/0/0,12154:1747647658543:,1747647673851
counter/1/0/0/0,12904:1747647659762:,1747647673851
counter/5/0/0/0,11835:1747647658504:,1747647673851
counter/5/0/0/0,11836:1747647658505:,1747647673851
counter/1/0/0/0,12905:1747647659762:,1747647673851
counter/2/0/0/0,11810:1747647658393:,1747647673851
counter/6/0/0/0,11580:1747647659395:,1747647673851
counter/6/0/0/0,11581:1747647659395:,1747647673851
counter/8/0/0/0,12155:1747647658543:,1747647673851
counter/8/0/0/0,12156:1747647658544:,1747647673851
counter/8/0/0/0,12157:1747647658544:,1747647673852
counter/8/0/0/0,12158:1747647658544:,1747647673852
counter/5/0/0/0,11837:1747647658505:,1747647673852
counter/8/0/0/0,12159:1747647658544:,1747647673852
counter/2/0/0/0,11811:1747647658393:,1747647673852
counter/8/0/0/0,12160:1747647658544:,1747647673853
counter/8/0/0/0,12161:1747647658544:,1747647673853
counter/5/0/0/0,11838:1747647658505:,1747647673853
counter/2/0/0/0,11812:1747647658393:,1747647673854
counter/6/0/0/0,11582:1747647659395:,1747647673854
counter/6/0/0/0,11583:1747647659395:,1747647673854
counter/5/0/0/0,11839:1747647658505:,1747647673854
counter/5/0/0/0,11840:1747647658505:,1747647673854
counter/8/0/0/0,12162:1747647658544:,1747647673854
counter/8/0/0/0,12163:1747647658552:,1747647673854
counter/8/0/0/0,12164:1747647658552:,1747647673855
counter/8/0/0/0,12165:1747647658552:,1747647673855
counter/8/0/0/0,12166:1747647658552:,1747647673855
counter/9/0/0/0,12375:1747647659123:,1747647673855
counter/3/0/0/0,12699:1747647659978:,1747647673855
counter/3/0/0/0,12700:1747647659978:,1747647673855
counter/2/0/0/0,11813:1747647658394:,1747647673855
counter/9/0/0/0,12376:1747647659125:,1747647673855
counter/10/0/0/0,11257:1747647659030:,1747647673856
counter/7/0/0/0,11803:1747647659189:,1747647673856
counter/7/0/0/0,11804:1747647659190:,1747647673856
counter/4/0/0/0,12096:1747647660496:,1747647673856
counter/7/0/0/0,11805:1747647659190:,1747647673857
counter/7/0/0/0,11806:1747647659190:,1747647673857
counter/7/0/0/0,11807:1747647659190:,1747647673857
counter/7/0/0/0,11808:1747647659190:,1747647673857
counter/7/0/0/0,11809:1747647659190:,1747647673857
counter/7/0/0/0,11810:1747647659190:,1747647673857
counter/7/0/0/0,11811:1747647659190:,1747647673857
counter/7/0/0/0,11812:1747647659190:,1747647673857
counter/9/0/0/0,12377:1747647659125:,1747647673857
counter/6/0/0/0,11584:1747647659395:,1747647673857
counter/4/0/0/0,12097:1747647660496:,1747647673857
counter/8/0/0/0,12167:1747647658552:,1747647673859
counter/8/0/0/0,12168:1747647658552:,1747647673859
counter/8/0/0/0,12169:1747647658552:,1747647673859
counter/8/0/0/0,12170:1747647658553:,1747647673859
counter/8/0/0/0,12171:1747647658553:,1747647673859
counter/8/0/0/0,12172:1747647658570:,1747647673859
counter/4/0/0/0,12098:1747647660496:,1747647673860
counter/8/0/0/0,12173:1747647658570:,1747647673860
counter/8/0/0/0,12174:1747647658570:,1747647673860
counter/8/0/0/0,12175:1747647658570:,1747647673860
counter/8/0/0/0,12176:1747647658576:,1747647673860
counter/8/0/0/0,12177:1747647658576:,1747647673860
counter/8/0/0/0,12178:1747647658872:,1747647673860
counter/8/0/0/0,12179:1747647658874:,1747647673860
counter/8/0/0/0,12180:1747647658874:,1747647673860
counter/7/0/0/0,11813:1747647659190:,1747647673860
counter/9/0/0/0,12378:1747647659125:,1747647673861
counter/6/0/0/0,11585:1747647659395:,1747647673861
counter/2/0/0/0,11814:1747647658394:,1747647673862
counter/2/0/0/0,11815:1747647658394:,1747647673862
counter/10/0/0/0,11258:1747647659030:,1747647673862
counter/4/0/0/0,12099:1747647660496:,1747647673862
counter/5/0/0/0,11841:1747647658505:,1747647673862
counter/1/0/0/0,12906:1747647659762:,1747647673862
counter/1/0/0/0,12907:1747647659762:,1747647673862
counter/1/0/0/0,12908:1747647659762:,1747647673862
counter/1/0/0/0,12909:1747647659762:,1747647673862
counter/1/0/0/0,12910:1747647659762:,1747647673862
counter/1/0/0/0,12911:1747647659762:,1747647673862
counter/1/0/0/0,12912:1747647659762:,1747647673862
counter/6/0/0/0,11586:1747647659395:,1747647673862
counter/2/0/0/0,11816:1747647658394:,1747647673862
counter/10/0/0/0,11259:1747647659030:,1747647673862
counter/2/0/0/0,11817:1747647658394:,1747647673863
counter/10/0/0/0,11260:1747647659030:,1747647673863
counter/5/0/0/0,11842:1747647658505:,1747647673863
counter/7/0/0/0,11814:1747647659190:,1747647673863
counter/7/0/0/0,11815:1747647659190:,1747647673863
counter/7/0/0/0,11816:1747647659190:,1747647673863
counter/7/0/0/0,11817:1747647659190:,1747647673863
counter/7/0/0/0,11818:1747647659190:,1747647673863
counter/7/0/0/0,11819:1747647659190:,1747647673863
counter/7/0/0/0,11820:1747647659190:,1747647673863
counter/2/0/0/0,11818:1747647658394:,1747647673863
counter/4/0/0/0,12100:1747647660496:,1747647673863
counter/4/0/0/0,12101:1747647660496:,1747647673863
counter/2/0/0/0,11819:1747647658394:,1747647673863
counter/1/0/0/0,12913:1747647659762:,1747647673863
counter/2/0/0/0,11820:1747647658394:,1747647673863
counter/7/0/0/0,11821:1747647659190:,1747647673864
counter/7/0/0/0,11822:1747647659190:,1747647673864
counter/7/0/0/0,11823:1747647659190:,1747647673864
counter/3/0/0/0,12701:1747647659979:,1747647673864
counter/10/0/0/0,11261:1747647659030:,1747647673864
counter/10/0/0/0,11262:1747647659030:,1747647673864
counter/1/0/0/0,12914:1747647659765:,1747647673864
counter/6/0/0/0,11587:1747647659403:,1747647673865
counter/6/0/0/0,11588:1747647659403:,1747647673865
counter/8/0/0/0,12181:1747647658876:,1747647673865
counter/7/0/0/0,11824:1747647659190:,1747647673866
counter/3/0/0/0,12702:1747647659980:,1747647673866
counter/6/0/0/0,11589:1747647659403:,1747647673867
counter/8/0/0/0,12182:1747647658876:,1747647673867
counter/6/0/0/0,11590:1747647659403:,1747647673867
counter/8/0/0/0,12183:1747647658878:,1747647673867
counter/8/0/0/0,12184:1747647658878:,1747647673867
counter/8/0/0/0,12185:1747647658878:,1747647673867
counter/8/0/0/0,12186:1747647658879:,1747647673867
counter/8/0/0/0,12187:1747647658880:,1747647673867
counter/8/0/0/0,12188:1747647658880:,1747647673867
counter/8/0/0/0,12189:1747647658882:,1747647673867
counter/1/0/0/0,12915:1747647659765:,1747647673867
counter/1/0/0/0,12916:1747647659766:,1747647673867
counter/9/0/0/0,12379:1747647659125:,1747647673867
counter/9/0/0/0,12380:1747647659126:,1747647673867
counter/9/0/0/0,12381:1747647659126:,1747647673867
counter/9/0/0/0,12382:1747647659126:,1747647673867
counter/9/0/0/0,12383:1747647659126:,1747647673867
counter/3/0/0/0,12703:1747647659980:,1747647673867
counter/6/0/0/0,11591:1747647659403:,1747647673867
counter/9/0/0/0,12384:1747647659126:,1747647673869
counter/10/0/0/0,11263:1747647659030:,1747647673870
counter/6/0/0/0,11592:1747647659403:,1747647673870
counter/6/0/0/0,11593:1747647659403:,1747647673870
counter/6/0/0/0,11594:1747647659403:,1747647673870
counter/6/0/0/0,11595:1747647659403:,1747647673870
counter/6/0/0/0,11596:1747647659403:,1747647673870
counter/6/0/0/0,11597:1747647659403:,1747647673870
counter/6/0/0/0,11598:1747647659403:,1747647673870
counter/6/0/0/0,11599:1747647659408:,1747647673870
counter/6/0/0/0,11600:1747647659408:,1747647673870
counter/6/0/0/0,11601:1747647659408:,1747647673870
counter/6/0/0/0,11602:1747647659408:,1747647673870
counter/5/0/0/0,11843:1747647658505:,1747647673870
counter/5/0/0/0,11844:1747647658505:,1747647673870
counter/5/0/0/0,11845:1747647658505:,1747647673870
counter/5/0/0/0,11846:1747647658505:,1747647673870
counter/5/0/0/0,11847:1747647658505:,1747647673870
counter/5/0/0/0,11848:1747647658505:,1747647673871
counter/5/0/0/0,11849:1747647658505:,1747647673871
counter/8/0/0/0,12190:1747647658885:,1747647673871
counter/9/0/0/0,12385:1747647659128:,1747647673871
counter/9/0/0/0,12386:1747647659128:,1747647673871
counter/10/0/0/0,11264:1747647659030:,1747647673871
counter/10/0/0/0,11265:1747647659030:,1747647673871
counter/5/0/0/0,11850:1747647658505:,1747647673871
counter/1/0/0/0,12917:1747647659766:,1747647673871
counter/1/0/0/0,12918:1747647659766:,1747647673871
counter/1/0/0/0,12919:1747647659766:,1747647673871
counter/1/0/0/0,12920:1747647659766:,1747647673871
counter/1/0/0/0,12921:1747647659766:,1747647673871
counter/1/0/0/0,12922:1747647659766:,1747647673871
counter/1/0/0/0,12923:1747647659766:,1747647673871
counter/1/0/0/0,12924:1747647659766:,1747647673871
counter/1/0/0/0,12925:1747647659766:,1747647673871
counter/7/0/0/0,11825:1747647659191:,1747647673871
counter/7/0/0/0,11826:1747647659191:,1747647673871
counter/7/0/0/0,11827:1747647659191:,1747647673872
counter/3/0/0/0,12704:1747647659980:,1747647673872
counter/1/0/0/0,12926:1747647659766:,1747647673872
counter/6/0/0/0,11603:1747647659408:,1747647673873
counter/6/0/0/0,11604:1747647659408:,1747647673873
counter/8/0/0/0,12191:1747647658889:,1747647673873
counter/6/0/0/0,11605:1747647659408:,1747647673874
counter/9/0/0/0,12387:1747647659128:,1747647673874
counter/6/0/0/0,11606:1747647659412:,1747647673874
counter/4/0/0/0,12102:1747647660496:,1747647673874
counter/4/0/0/0,12103:1747647660496:,1747647673874
counter/4/0/0/0,12104:1747647660496:,1747647673874
counter/4/0/0/0,12105:1747647660496:,1747647673874
counter/4/0/0/0,12106:1747647660496:,1747647673874
counter/4/0/0/0,12107:1747647660496:,1747647673874
counter/4/0/0/0,12108:1747647660507:,1747647673874
counter/4/0/0/0,12109:1747647660507:,1747647673874
counter/4/0/0/0,12110:1747647660507:,1747647673874
counter/4/0/0/0,12111:1747647660507:,1747647673874
counter/4/0/0/0,12112:1747647660507:,1747647673874
counter/4/0/0/0,12113:1747647660507:,1747647673874
counter/3/0/0/0,12705:1747647659980:,1747647673874
counter/2/0/0/0,11821:1747647658394:,1747647673874
counter/2/0/0/0,11822:1747647658394:,1747647673874
counter/2/0/0/0,11823:1747647658394:,1747647673874
counter/7/0/0/0,11828:1747647659191:,1747647673874
counter/3/0/0/0,12706:1747647659980:,1747647673875
counter/2/0/0/0,11824:1747647658394:,1747647673876
counter/2/0/0/0,11825:1747647658394:,1747647673876
counter/2/0/0/0,11826:1747647658394:,1747647673876
counter/2/0/0/0,11827:1747647658394:,1747647673876
counter/2/0/0/0,11828:1747647658394:,1747647673876
counter/2/0/0/0,11829:1747647658394:,1747647673876
counter/2/0/0/0,11830:1747647658394:,1747647673876
counter/2/0/0/0,11831:1747647658394:,1747647673876
counter/2/0/0/0,11832:1747647658394:,1747647673876
counter/3/0/0/0,12707:1747647659981:,1747647673876
counter/10/0/0/0,11266:1747647659030:,1747647673876
counter/5/0/0/0,11851:1747647658506:,1747647673877
counter/5/0/0/0,11852:1747647658506:,1747647673877
counter/5/0/0/0,11853:1747647658506:,1747647673877
counter/5/0/0/0,11854:1747647658506:,1747647673877
counter/5/0/0/0,11855:1747647658506:,1747647673877
counter/5/0/0/0,11856:1747647658506:,1747647673877
counter/5/0/0/0,11857:1747647658506:,1747647673877
counter/5/0/0/0,11858:1747647658506:,1747647673877
counter/5/0/0/0,11859:1747647658506:,1747647673877
counter/5/0/0/0,11860:1747647658506:,1747647673877
counter/8/0/0/0,12192:1747647658892:,1747647673877
counter/9/0/0/0,12388:1747647659128:,1747647673877
counter/9/0/0/0,12389:1747647659128:,1747647673877
counter/9/0/0/0,12390:1747647659128:,1747647673877
counter/9/0/0/0,12391:1747647659128:,1747647673877
counter/9/0/0/0,12392:1747647659128:,1747647673877
counter/9/0/0/0,12393:1747647659131:,1747647673877
counter/3/0/0/0,12708:1747647659989:,1747647673878
counter/7/0/0/0,11829:1747647659191:,1747647673879
counter/7/0/0/0,11830:1747647659191:,1747647673879
counter/1/0/0/0,12927:1747647659766:,1747647673879
counter/9/0/0/0,12394:1747647659131:,1747647673879
counter/7/0/0/0,11831:1747647659193:,1747647673879
counter/1/0/0/0,12928:1747647659766:,1747647673879
counter/7/0/0/0,11832:1747647659193:,1747647673879
counter/1/0/0/0,12929:1747647659776:,1747647673879
counter/7/0/0/0,11833:1747647659193:,1747647673879
counter/1/0/0/0,12930:1747647659777:,1747647673879
counter/7/0/0/0,11834:1747647659193:,1747647673879
counter/1/0/0/0,12931:1747647659777:,1747647673879
counter/5/0/0/0,11861:1747647658506:,1747647673879
counter/7/0/0/0,11835:1747647659193:,1747647673879
counter/1/0/0/0,12932:1747647659777:,1747647673879
counter/7/0/0/0,11836:1747647659193:,1747647673879
counter/1/0/0/0,12933:1747647659777:,1747647673880
counter/7/0/0/0,11837:1747647659193:,1747647673880
counter/1/0/0/0,12934:1747647659777:,1747647673880
counter/7/0/0/0,11838:1747647659193:,1747647673880
counter/1/0/0/0,12935:1747647659777:,1747647673880
counter/7/0/0/0,11839:1747647659193:,1747647673880
counter/1/0/0/0,12936:1747647659777:,1747647673880
counter/1/0/0/0,12937:1747647659777:,1747647673880
counter/1/0/0/0,12938:1747647659777:,1747647673880
counter/7/0/0/0,11840:1747647659193:,1747647673880
counter/7/0/0/0,11841:1747647659193:,1747647673880
counter/7/0/0/0,11842:1747647659193:,1747647673880
counter/7/0/0/0,11843:1747647659193:,1747647673880
counter/9/0/0/0,12395:1747647659131:,1747647673880
counter/7/0/0/0,11844:1747647659193:,1747647673880
counter/9/0/0/0,12396:1747647659131:,1747647673880
counter/7/0/0/0,11845:1747647659193:,1747647673880
counter/9/0/0/0,12397:1747647659131:,1747647673880
counter/9/0/0/0,12398:1747647659131:,1747647673880
counter/9/0/0/0,12399:1747647659131:,1747647673880
counter/9/0/0/0,12400:1747647659131:,1747647673880
counter/9/0/0/0,12401:1747647659131:,1747647673880
counter/9/0/0/0,12402:1747647659151:,1747647673880
counter/9/0/0/0,12403:1747647659151:,1747647673880
counter/9/0/0/0,12404:1747647659151:,1747647673880
counter/9/0/0/0,12405:1747647659151:,1747647673880
counter/9/0/0/0,12406:1747647659151:,1747647673880
counter/9/0/0/0,12407:1747647659151:,1747647673880
counter/9/0/0/0,12408:1747647659151:,1747647673880
counter/5/0/0/0,11862:1747647658506:,1747647673881
counter/9/0/0/0,12409:1747647659151:,1747647673881
counter/5/0/0/0,11863:1747647658506:,1747647673881
counter/9/0/0/0,12410:1747647659152:,1747647673881
counter/5/0/0/0,11864:1747647658519:,1747647673881
counter/9/0/0/0,12411:1747647659152:,1747647673881
counter/5/0/0/0,11865:1747647658519:,1747647673881
counter/9/0/0/0,12412:1747647659152:,1747647673881
counter/5/0/0/0,11866:1747647658519:,1747647673881
counter/9/0/0/0,12413:1747647659152:,1747647673881
counter/5/0/0/0,11867:1747647658519:,1747647673881
counter/5/0/0/0,11868:1747647658519:,1747647673881
counter/5/0/0/0,11869:1747647658519:,1747647673881
counter/5/0/0/0,11870:1747647658519:,1747647673881
counter/5/0/0/0,11871:1747647658519:,1747647673881
counter/5/0/0/0,11872:1747647658519:,1747647673881
counter/5/0/0/0,11873:1747647658529:,1747647673881
counter/2/0/0/0,11833:1747647658394:,1747647673881
counter/2/0/0/0,11834:1747647658394:,1747647673881
counter/2/0/0/0,11835:1747647658395:,1747647673881
counter/2/0/0/0,11836:1747647658395:,1747647673881
counter/2/0/0/0,11837:1747647658395:,1747647673881
counter/2/0/0/0,11838:1747647658395:,1747647673881
counter/2/0/0/0,11839:1747647658396:,1747647673881
counter/2/0/0/0,11840:1747647658396:,1747647673881
counter/10/0/0/0,11267:1747647659030:,1747647673884
counter/10/0/0/0,11268:1747647659030:,1747647673884
counter/10/0/0/0,11269:1747647659031:,1747647673884
counter/10/0/0/0,11270:1747647659031:,1747647673884
counter/2/0/0/0,11841:1747647658396:,1747647673884
counter/10/0/0/0,11271:1747647659031:,1747647673884
counter/10/0/0/0,11272:1747647659031:,1747647673884
counter/10/0/0/0,11273:1747647659031:,1747647673884
counter/10/0/0/0,11274:1747647659031:,1747647673884
counter/10/0/0/0,11275:1747647659037:,1747647673884
counter/10/0/0/0,11276:1747647659037:,1747647673884
counter/7/0/0/0,11846:1747647659202:,1747647673885
counter/7/0/0/0,11847:1747647659202:,1747647673885
counter/9/0/0/0,12414:1747647659154:,1747647673885
counter/7/0/0/0,11848:1747647659202:,1747647673885
counter/7/0/0/0,11849:1747647659202:,1747647673885
counter/7/0/0/0,11850:1747647659202:,1747647673885
counter/7/0/0/0,11851:1747647659202:,1747647673885
counter/7/0/0/0,11852:1747647659202:,1747647673885
counter/7/0/0/0,11853:1747647659202:,1747647673885
counter/5/0/0/0,11874:1747647658529:,1747647673886
counter/5/0/0/0,11875:1747647658529:,1747647673886
counter/5/0/0/0,11876:1747647658529:,1747647673886
counter/10/0/0/0,11277:1747647659045:,1747647673886
counter/5/0/0/0,11877:1747647658529:,1747647673886
counter/10/0/0/0,11278:1747647659045:,1747647673886
counter/5/0/0/0,11878:1747647658529:,1747647673886
counter/10/0/0/0,11279:1747647659045:,1747647673887
counter/10/0/0/0,11280:1747647659045:,1747647673887
counter/4/0/0/0,12114:1747647660507:,1747647673887
counter/4/0/0/0,12115:1747647660508:,1747647673887
counter/4/0/0/0,12116:1747647660508:,1747647673887
counter/7/0/0/0,11854:1747647659202:,1747647673887
counter/7/0/0/0,11855:1747647659203:,1747647673887
counter/7/0/0/0,11856:1747647659203:,1747647673887
counter/7/0/0/0,11857:1747647659203:,1747647673887
counter/7/0/0/0,11858:1747647659203:,1747647673887
counter/7/0/0/0,11859:1747647659203:,1747647673887
counter/7/0/0/0,11860:1747647659203:,1747647673887
counter/7/0/0/0,11861:1747647659203:,1747647673887
counter/7/0/0/0,11862:1747647659203:,1747647673887
counter/7/0/0/0,11863:1747647659203:,1747647673887
counter/7/0/0/0,11864:1747647659203:,1747647673887
counter/1/0/0/0,12939:1747647659779:,1747647673887
counter/7/0/0/0,11865:1747647659203:,1747647673887
counter/7/0/0/0,11866:1747647659203:,1747647673887
counter/7/0/0/0,11867:1747647659203:,1747647673887
counter/7/0/0/0,11868:1747647659203:,1747647673887
counter/7/0/0/0,11869:1747647659203:,1747647673888
counter/7/0/0/0,11870:1747647659203:,1747647673888
counter/7/0/0/0,11871:1747647659203:,1747647673888
counter/7/0/0/0,11872:1747647659203:,1747647673888
counter/7/0/0/0,11873:1747647659203:,1747647673888
counter/7/0/0/0,11874:1747647659203:,1747647673888
counter/7/0/0/0,11875:1747647659203:,1747647673888
counter/7/0/0/0,11876:1747647659203:,1747647673888
counter/10/0/0/0,11281:1747647659045:,1747647673888
counter/10/0/0/0,11282:1747647659045:,1747647673888
counter/10/0/0/0,11283:1747647659045:,1747647673888
counter/10/0/0/0,11284:1747647659045:,1747647673888
counter/10/0/0/0,11285:1747647659045:,1747647673888
counter/10/0/0/0,11286:1747647659045:,1747647673888
counter/10/0/0/0,11287:1747647659045:,1747647673888
counter/10/0/0/0,11288:1747647659045:,1747647673888
counter/9/0/0/0,12415:1747647659154:,1747647673888
counter/8/0/0/0,12193:1747647658892:,1747647673888
counter/5/0/0/0,11879:1747647658532:,1747647673888
counter/8/0/0/0,12194:1747647658894:,1747647673888
counter/4/0/0/0,12117:1747647660508:,1747647673888
counter/8/0/0/0,12195:1747647658894:,1747647673888
counter/8/0/0/0,12196:1747647658894:,1747647673888
counter/6/0/0/0,11607:1747647659412:,1747647673889
counter/5/0/0/0,11880:1747647658532:,1747647673889
counter/5/0/0/0,11881:1747647658532:,1747647673889
counter/5/0/0/0,11882:1747647658532:,1747647673889
counter/5/0/0/0,11883:1747647658532:,1747647673889
counter/5/0/0/0,11884:1747647658532:,1747647673889
counter/5/0/0/0,11885:1747647658532:,1747647673889
counter/5/0/0/0,11886:1747647658532:,1747647673889
counter/10/0/0/0,11289:1747647659046:,1747647673889
counter/10/0/0/0,11290:1747647659046:,1747647673889
counter/6/0/0/0,11608:1747647659412:,1747647673890
counter/4/0/0/0,12118:1747647660508:,1747647673890
counter/4/0/0/0,12119:1747647660508:,1747647673890
counter/4/0/0/0,12120:1747647660508:,1747647673890
counter/2/0/0/0,11842:1747647658396:,1747647673890
counter/4/0/0/0,12121:1747647660508:,1747647673890
counter/9/0/0/0,12416:1747647659154:,1747647673890
counter/4/0/0/0,12122:1747647660508:,1747647673890
counter/9/0/0/0,12417:1747647659154:,1747647673890
counter/4/0/0/0,12123:1747647660508:,1747647673890
counter/9/0/0/0,12418:1747647659154:,1747647673890
counter/4/0/0/0,12124:1747647660509:,1747647673890
counter/4/0/0/0,12125:1747647660509:,1747647673890
counter/9/0/0/0,12419:1747647659154:,1747647673891
counter/2/0/0/0,11843:1747647658396:,1747647673891
counter/8/0/0/0,12197:1747647658894:,1747647673891
counter/10/0/0/0,11291:1747647659055:,1747647673892
counter/10/0/0/0,11292:1747647659055:,1747647673892
counter/10/0/0/0,11293:1747647659055:,1747647673892
counter/7/0/0/0,11877:1747647659203:,1747647673892
counter/10/0/0/0,11294:1747647659055:,1747647673892
counter/10/0/0/0,11295:1747647659055:,1747647673892
counter/3/0/0/0,12709:1747647659989:,1747647673892
counter/10/0/0/0,11296:1747647659055:,1747647673892
counter/2/0/0/0,11844:1747647658396:,1747647673892
counter/9/0/0/0,12420:1747647659154:,1747647673892
counter/5/0/0/0,11887:1747647658534:,1747647673892
counter/4/0/0/0,12126:1747647660509:,1747647673892
counter/4/0/0/0,12127:1747647660509:,1747647673892
counter/4/0/0/0,12128:1747647660509:,1747647673892
counter/4/0/0/0,12129:1747647660509:,1747647673893
counter/4/0/0/0,12130:1747647660509:,1747647673893
counter/4/0/0/0,12131:1747647660509:,1747647673893
counter/4/0/0/0,12132:1747647660509:,1747647673893
counter/4/0/0/0,12133:1747647660509:,1747647673893
counter/4/0/0/0,12134:1747647660509:,1747647673893
counter/4/0/0/0,12135:1747647660509:,1747647673893
counter/4/0/0/0,12136:1747647660509:,1747647673893
counter/4/0/0/0,12137:1747647660510:,1747647673893
counter/4/0/0/0,12138:1747647660510:,1747647673893
counter/4/0/0/0,12139:1747647660512:,1747647673893
counter/4/0/0/0,12140:1747647660512:,1747647673893
counter/4/0/0/0,12141:1747647660512:,1747647673893
counter/4/0/0/0,12142:1747647660512:,1747647673893
counter/4/0/0/0,12143:1747647660512:,1747647673893
counter/4/0/0/0,12144:1747647660512:,1747647673893
counter/4/0/0/0,12145:1747647660512:,1747647673893
counter/4/0/0/0,12146:1747647660512:,1747647673894
counter/2/0/0/0,11845:1747647658396:,1747647673894
counter/2/0/0/0,11846:1747647658396:,1747647673894
counter/2/0/0/0,11847:1747647658396:,1747647673894
counter/2/0/0/0,11848:1747647658396:,1747647673894
counter/2/0/0/0,11849:1747647658396:,1747647673894
counter/2/0/0/0,11850:1747647658396:,1747647673894
counter/2/0/0/0,11851:1747647658397:,1747647673894
counter/2/0/0/0,11852:1747647658397:,1747647673894
counter/7/0/0/0,11878:1747647659203:,1747647673894
counter/5/0/0/0,11888:1747647658534:,1747647673894
counter/8/0/0/0,12198:1747647658894:,1747647673895
counter/8/0/0/0,12199:1747647658894:,1747647673895
counter/8/0/0/0,12200:1747647658894:,1747647673895
counter/2/0/0/0,11853:1747647658397:,1747647673895
counter/2/0/0/0,11854:1747647658397:,1747647673895
counter/2/0/0/0,11855:1747647658397:,1747647673895
counter/2/0/0/0,11856:1747647658397:,1747647673895
counter/1/0/0/0,12940:1747647659779:,1747647673895
counter/3/0/0/0,12710:1747647659989:,1747647673895
counter/4/0/0/0,12147:1747647660512:,1747647673895
counter/8/0/0/0,12201:1747647658894:,1747647673895
counter/8/0/0/0,12202:1747647658894:,1747647673896
counter/8/0/0/0,12203:1747647658894:,1747647673896
counter/8/0/0/0,12204:1747647658894:,1747647673896
counter/2/0/0/0,11857:1747647658397:,1747647673896
counter/9/0/0/0,12421:1747647659154:,1747647673896
counter/1/0/0/0,12941:1747647659779:,1747647673896
counter/1/0/0/0,12942:1747647659779:,1747647673896
counter/1/0/0/0,12943:1747647659779:,1747647673896
counter/1/0/0/0,12944:1747647659779:,1747647673896
counter/1/0/0/0,12945:1747647659779:,1747647673896
counter/10/0/0/0,11297:1747647659055:,1747647673896
counter/3/0/0/0,12711:1747647659989:,1747647673897
counter/2/0/0/0,11858:1747647658397:,1747647673899
counter/6/0/0/0,11609:1747647659412:,1747647673899
counter/2/0/0/0,11859:1747647658397:,1747647673900
counter/3/0/0/0,12712:1747647659989:,1747647673902
counter/10/0/0/0,11298:1747647659064:,1747647673903
counter/4/0/0/0,12148:1747647660512:,1747647673903
counter/10/0/0/0,11299:1747647659064:,1747647673903
counter/2/0/0/0,11860:1747647658397:,1747647673903
counter/2/0/0/0,11861:1747647658397:,1747647673903
counter/2/0/0/0,11862:1747647658397:,1747647673903
counter/2/0/0/0,11863:1747647658397:,1747647673903
counter/2/0/0/0,11864:1747647658397:,1747647673903
counter/2/0/0/0,11865:1747647658397:,1747647673904
counter/2/0/0/0,11866:1747647658397:,1747647673904
counter/2/0/0/0,11867:1747647658407:,1747647673904
counter/2/0/0/0,11868:1747647658407:,1747647673904
counter/2/0/0/0,11869:1747647658407:,1747647673904
counter/7/0/0/0,11879:1747647659205:,1747647673904
counter/2/0/0/0,11870:1747647658407:,1747647673904
counter/8/0/0/0,12205:1747647658894:,1747647673904
counter/5/0/0/0,11889:1747647658534:,1747647673904
counter/5/0/0/0,11890:1747647658534:,1747647673904
counter/9/0/0/0,12422:1747647659154:,1747647673904
counter/1/0/0/0,12946:1747647659779:,1747647673904
counter/1/0/0/0,12947:1747647659779:,1747647673904
counter/1/0/0/0,12948:1747647659779:,1747647673904
counter/7/0/0/0,11880:1747647659205:,1747647673905
counter/7/0/0/0,11881:1747647659205:,1747647673905
counter/7/0/0/0,11882:1747647659206:,1747647673905
counter/7/0/0/0,11883:1747647659206:,1747647673905
counter/7/0/0/0,11884:1747647659206:,1747647673905
counter/7/0/0/0,11885:1747647659212:,1747647673905
counter/9/0/0/0,12423:1747647659154:,1747647673905
counter/7/0/0/0,11886:1747647659213:,1747647673905
counter/7/0/0/0,11887:1747647659213:,1747647673905
counter/7/0/0/0,11888:1747647659213:,1747647673905
counter/7/0/0/0,11889:1747647659213:,1747647673905
counter/7/0/0/0,11890:1747647659217:,1747647673905
counter/10/0/0/0,11300:1747647659064:,1747647673905
counter/7/0/0/0,11891:1747647659219:,1747647673905
counter/10/0/0/0,11301:1747647659065:,1747647673905
counter/6/0/0/0,11610:1747647659412:,1747647673905
counter/10/0/0/0,11302:1747647659065:,1747647673908
counter/10/0/0/0,11303:1747647659065:,1747647673908
counter/10/0/0/0,11304:1747647659065:,1747647673908
counter/10/0/0/0,11305:1747647659065:,1747647673908
counter/6/0/0/0,11611:1747647659412:,1747647673908
counter/7/0/0/0,11892:1747647659220:,1747647673908
counter/7/0/0/0,11893:1747647659220:,1747647673908
counter/7/0/0/0,11894:1747647659220:,1747647673908
counter/7/0/0/0,11895:1747647659220:,1747647673908
counter/7/0/0/0,11896:1747647659220:,1747647673909
counter/7/0/0/0,11897:1747647659220:,1747647673909
counter/7/0/0/0,11898:1747647659220:,1747647673909
counter/7/0/0/0,11899:1747647659220:,1747647673909
counter/7/0/0/0,11900:1747647659220:,1747647673909
counter/7/0/0/0,11901:1747647659220:,1747647673909
counter/7/0/0/0,11902:1747647659231:,1747647673909
counter/7/0/0/0,11903:1747647659231:,1747647673909
counter/7/0/0/0,11904:1747647659231:,1747647673909
counter/7/0/0/0,11905:1747647659231:,1747647673909
counter/7/0/0/0,11906:1747647659231:,1747647673909
counter/7/0/0/0,11907:1747647659231:,1747647673909
counter/7/0/0/0,11908:1747647659233:,1747647673909
counter/7/0/0/0,11909:1747647659233:,1747647673909
counter/7/0/0/0,11910:1747647659233:,1747647673909
counter/7/0/0/0,11911:1747647659233:,1747647673909
counter/7/0/0/0,11912:1747647659233:,1747647673909
counter/7/0/0/0,11913:1747647659233:,1747647673910
counter/7/0/0/0,11914:1747647659233:,1747647673910
counter/7/0/0/0,11915:1747647659233:,1747647673910
counter/7/0/0/0,11916:1747647659233:,1747647673910
counter/7/0/0/0,11917:1747647659233:,1747647673910
counter/7/0/0/0,11918:1747647659233:,1747647673910
counter/7/0/0/0,11919:1747647659233:,1747647673910
counter/7/0/0/0,11920:1747647659240:,1747647673910
counter/5/0/0/0,11891:1747647658534:,1747647673910
counter/7/0/0/0,11921:1747647659241:,1747647673910
counter/2/0/0/0,11871:1747647658407:,1747647673910
counter/2/0/0/0,11872:1747647658407:,1747647673910
counter/2/0/0/0,11873:1747647658407:,1747647673910
counter/3/0/0/0,12713:1747647659989:,1747647673910
counter/7/0/0/0,11922:1747647659241:,1747647673910
counter/7/0/0/0,11923:1747647659241:,1747647673910
counter/7/0/0/0,11924:1747647659241:,1747647673910
counter/7/0/0/0,11925:1747647659241:,1747647673911
counter/1/0/0/0,12949:1747647659779:,1747647673911
counter/1/0/0/0,12950:1747647659791:,1747647673911
counter/1/0/0/0,12951:1747647659791:,1747647673911
counter/1/0/0/0,12952:1747647659791:,1747647673911
counter/1/0/0/0,12953:1747647659791:,1747647673911
counter/1/0/0/0,12954:1747647659791:,1747647673911
counter/3/0/0/0,12714:1747647659989:,1747647673911
counter/1/0/0/0,12955:1747647659791:,1747647673911
counter/10/0/0/0,11306:1747647659065:,1747647673911
counter/8/0/0/0,12206:1747647658896:,1747647673911
counter/9/0/0/0,12424:1747647659154:,1747647673911
counter/5/0/0/0,11892:1747647658534:,1747647673911
counter/5/0/0/0,11893:1747647658534:,1747647673911
counter/5/0/0/0,11894:1747647658534:,1747647673911
counter/5/0/0/0,11895:1747647658534:,1747647673911
counter/5/0/0/0,11896:1747647658534:,1747647673911
counter/5/0/0/0,11897:1747647658534:,1747647673911
counter/5/0/0/0,11898:1747647658535:,1747647673911
counter/5/0/0/0,11899:1747647658535:,1747647673911
counter/5/0/0/0,11900:1747647658535:,1747647673911
counter/5/0/0/0,11901:1747647658535:,1747647673911
counter/5/0/0/0,11902:1747647658535:,1747647673911
counter/5/0/0/0,11903:1747647658535:,1747647673911
counter/3/0/0/0,12715:1747647659989:,1747647673911
counter/5/0/0/0,11904:1747647658535:,1747647673911
counter/5/0/0/0,11905:1747647658535:,1747647673911
counter/10/0/0/0,11307:1747647659065:,1747647673911
counter/8/0/0/0,12207:1747647658896:,1747647673911
counter/2/0/0/0,11874:1747647658407:,1747647673912
counter/2/0/0/0,11875:1747647658407:,1747647673912
counter/2/0/0/0,11876:1747647658407:,1747647673912
counter/2/0/0/0,11877:1747647658407:,1747647673912
counter/2/0/0/0,11878:1747647658407:,1747647673912
counter/2/0/0/0,11879:1747647658407:,1747647673912
counter/4/0/0/0,12149:1747647660512:,1747647673912
counter/9/0/0/0,12425:1747647659156:,1747647673913
counter/10/0/0/0,11308:1747647659065:,1747647673913
counter/4/0/0/0,12150:1747647660512:,1747647673915
counter/4/0/0/0,12151:1747647660512:,1747647673915
counter/4/0/0/0,12152:1747647660512:,1747647673915
counter/4/0/0/0,12153:1747647660512:,1747647673915
counter/4/0/0/0,12154:1747647660518:,1747647673915
counter/4/0/0/0,12155:1747647660519:,1747647673915
counter/10/0/0/0,11309:1747647659065:,1747647673916
counter/10/0/0/0,11310:1747647659066:,1747647673916
counter/10/0/0/0,11311:1747647659066:,1747647673916
counter/10/0/0/0,11312:1747647659066:,1747647673916
counter/10/0/0/0,11313:1747647659066:,1747647673916
counter/10/0/0/0,11314:1747647659066:,1747647673916
counter/10/0/0/0,11315:1747647659066:,1747647673916
counter/10/0/0/0,11316:1747647659070:,1747647673916
counter/4/0/0/0,12156:1747647660519:,1747647673917
counter/4/0/0/0,12157:1747647660519:,1747647673917
counter/4/0/0/0,12158:1747647660523:,1747647673917
counter/4/0/0/0,12159:1747647660523:,1747647673917
counter/4/0/0/0,12160:1747647660523:,1747647673917
counter/4/0/0/0,12161:1747647660523:,1747647673917
counter/4/0/0/0,12162:1747647660523:,1747647673917
counter/4/0/0/0,12163:1747647660523:,1747647673917
counter/4/0/0/0,12164:1747647660523:,1747647673917
counter/2/0/0/0,11880:1747647658407:,1747647673917
counter/10/0/0/0,11317:1747647659070:,1747647673917
counter/9/0/0/0,12426:1747647659156:,1747647673917
counter/8/0/0/0,12208:1747647658896:,1747647673918
counter/8/0/0/0,12209:1747647658896:,1747647673918
counter/4/0/0/0,12165:1747647660523:,1747647673918
counter/9/0/0/0,12427:1747647659156:,1747647673919
counter/9/0/0/0,12428:1747647659156:,1747647673919
counter/9/0/0/0,12429:1747647659156:,1747647673920
counter/9/0/0/0,12430:1747647659156:,1747647673920
counter/9/0/0/0,12431:1747647659156:,1747647673920
counter/9/0/0/0,12432:1747647659156:,1747647673920
counter/9/0/0/0,12433:1747647659156:,1747647673920
counter/9/0/0/0,12434:1747647659156:,1747647673920
counter/9/0/0/0,12435:1747647659156:,1747647673920
counter/6/0/0/0,11612:1747647659412:,1747647673920
counter/8/0/0/0,12210:1747647658897:,1747647673920
counter/8/0/0/0,12211:1747647658897:,1747647673920
counter/7/0/0/0,11926:1747647659241:,1747647673920
counter/7/0/0/0,11927:1747647659241:,1747647673920
counter/7/0/0/0,11928:1747647659241:,1747647673920
counter/1/0/0/0,12956:1747647659791:,1747647673920
counter/1/0/0/0,12957:1747647659791:,1747647673921
counter/1/0/0/0,12958:1747647659791:,1747647673921
counter/1/0/0/0,12959:1747647659791:,1747647673921
counter/1/0/0/0,12960:1747647659791:,1747647673921
counter/1/0/0/0,12961:1747647659791:,1747647673921
counter/1/0/0/0,12962:1747647659815:,1747647673921
counter/1/0/0/0,12963:1747647659815:,1747647673921
counter/1/0/0/0,12964:1747647659815:,1747647673921
counter/1/0/0/0,12965:1747647659815:,1747647673921
counter/1/0/0/0,12966:1747647659815:,1747647673921
counter/1/0/0/0,12967:1747647659816:,1747647673921
counter/1/0/0/0,12968:1747647659816:,1747647673921
counter/1/0/0/0,12969:1747647659816:,1747647673921
counter/7/0/0/0,11929:1747647659241:,1747647673921
counter/7/0/0/0,11930:1747647659241:,1747647673921
counter/7/0/0/0,11931:1747647659241:,1747647673921
counter/7/0/0/0,11932:1747647659241:,1747647673921
counter/5/0/0/0,11906:1747647658535:,1747647673924
counter/6/0/0/0,11613:1747647659412:,1747647673924
counter/5/0/0/0,11907:1747647658535:,1747647673924
counter/5/0/0/0,11908:1747647658535:,1747647673924
counter/5/0/0/0,11909:1747647658535:,1747647673924
counter/5/0/0/0,11910:1747647658535:,1747647673924
counter/5/0/0/0,11911:1747647658535:,1747647673924
counter/3/0/0/0,12716:1747647659989:,1747647673924
counter/5/0/0/0,11912:1747647658535:,1747647673924
counter/9/0/0/0,12436:1747647659156:,1747647673924
counter/7/0/0/0,11933:1747647659241:,1747647673924
counter/7/0/0/0,11934:1747647659241:,1747647673924
counter/7/0/0/0,11935:1747647659241:,1747647673924
counter/7/0/0/0,11936:1747647659241:,1747647673924
counter/7/0/0/0,11937:1747647659241:,1747647673924
counter/7/0/0/0,11938:1747647659241:,1747647673924
counter/7/0/0/0,11939:1747647659241:,1747647673924
counter/1/0/0/0,12970:1747647659816:,1747647673924
counter/7/0/0/0,11940:1747647659241:,1747647673924
counter/7/0/0/0,11941:1747647659241:,1747647673924
counter/7/0/0/0,11942:1747647659241:,1747647673924
counter/7/0/0/0,11943:1747647659241:,1747647673925
counter/3/0/0/0,12717:1747647659989:,1747647673925
counter/9/0/0/0,12437:1747647659156:,1747647673925
counter/8/0/0/0,12212:1747647658897:,1747647673925
counter/2/0/0/0,11881:1747647658407:,1747647673926
counter/7/0/0/0,11944:1747647659241:,1747647673926
counter/7/0/0/0,11945:1747647659241:,1747647673926
counter/7/0/0/0,11946:1747647659241:,1747647673926
counter/7/0/0/0,11947:1747647659244:,1747647673926
counter/7/0/0/0,11948:1747647659245:,1747647673926
counter/7/0/0/0,11949:1747647659245:,1747647673926
counter/7/0/0/0,11950:1747647659245:,1747647673926
counter/7/0/0/0,11951:1747647659245:,1747647673926
counter/7/0/0/0,11952:1747647659245:,1747647673926
counter/7/0/0/0,11953:1747647659245:,1747647673926
counter/7/0/0/0,11954:1747647659245:,1747647673928
counter/7/0/0/0,11955:1747647659253:,1747647673928
counter/7/0/0/0,11956:1747647659253:,1747647673928
counter/7/0/0/0,11957:1747647659253:,1747647673928
counter/7/0/0/0,11958:1747647659253:,1747647673928
counter/8/0/0/0,12213:1747647658900:,1747647673928
counter/6/0/0/0,11614:1747647659412:,1747647673928
counter/4/0/0/0,12166:1747647660523:,1747647673928
counter/9/0/0/0,12438:1747647659156:,1747647673928
counter/7/0/0/0,11959:1747647659253:,1747647673929
counter/7/0/0/0,11960:1747647659253:,1747647673929
counter/3/0/0/0,12718:1747647659989:,1747647673929
counter/10/0/0/0,11318:1747647659070:,1747647673931
counter/7/0/0/0,11961:1747647659253:,1747647673931
counter/7/0/0/0,11962:1747647659253:,1747647673931
counter/7/0/0/0,11963:1747647659253:,1747647673931
counter/7/0/0/0,11964:1747647659255:,1747647673931
counter/7/0/0/0,11965:1747647659255:,1747647673931
counter/7/0/0/0,11966:1747647659255:,1747647673931
counter/7/0/0/0,11967:1747647659255:,1747647673931
counter/7/0/0/0,11968:1747647659255:,1747647673931
counter/7/0/0/0,11969:1747647659255:,1747647673931
counter/6/0/0/0,11615:1747647659425:,1747647673931
counter/4/0/0/0,12167:1747647660523:,1747647673934
counter/4/0/0/0,12168:1747647660523:,1747647673935
counter/4/0/0/0,12169:1747647660523:,1747647673935
counter/8/0/0/0,12214:1747647658906:,1747647673935
counter/9/0/0/0,12439:1747647659156:,1747647673935
counter/9/0/0/0,12440:1747647659156:,1747647673935
counter/2/0/0/0,11882:1747647658407:,1747647673935
counter/5/0/0/0,11913:1747647658535:,1747647673935
counter/9/0/0/0,12441:1747647659156:,1747647673935
counter/9/0/0/0,12442:1747647659156:,1747647673936
counter/2/0/0/0,11883:1747647658407:,1747647673936
counter/9/0/0/0,12443:1747647659156:,1747647673936
counter/9/0/0/0,12444:1747647659156:,1747647673936
counter/9/0/0/0,12445:1747647659156:,1747647673936
counter/9/0/0/0,12446:1747647659156:,1747647673936
counter/9/0/0/0,12447:1747647659156:,1747647673936
counter/9/0/0/0,12448:1747647659156:,1747647673936
counter/9/0/0/0,12449:1747647659156:,1747647673936
counter/9/0/0/0,12450:1747647659156:,1747647673936
counter/9/0/0/0,12451:1747647659156:,1747647673936
counter/9/0/0/0,12452:1747647659156:,1747647673936
counter/8/0/0/0,12215:1747647658906:,1747647673937
counter/7/0/0/0,11970:1747647659255:,1747647673937
counter/3/0/0/0,12719:1747647659989:,1747647673937
counter/3/0/0/0,12720:1747647659990:,1747647673937
counter/3/0/0/0,12721:1747647659990:,1747647673938
counter/3/0/0/0,12722:1747647659990:,1747647673938
counter/3/0/0/0,12723:1747647659990:,1747647673938
counter/3/0/0/0,12724:1747647659990:,1747647673938
counter/2/0/0/0,11884:1747647658412:,1747647673938
counter/9/0/0/0,12453:1747647659156:,1747647673940
counter/4/0/0/0,12170:1747647660523:,1747647673940
counter/7/0/0/0,11971:1747647659255:,1747647673940
counter/7/0/0/0,11972:1747647659255:,1747647673940
counter/7/0/0/0,11973:1747647659255:,1747647673941
counter/8/0/0/0,12216:1747647658906:,1747647673941
counter/7/0/0/0,11974:1747647659255:,1747647673941
counter/8/0/0/0,12217:1747647658906:,1747647673942
counter/7/0/0/0,11975:1747647659267:,1747647673942
counter/7/0/0/0,11976:1747647659267:,1747647673942
counter/3/0/0/0,12725:1747647659990:,1747647673943
counter/4/0/0/0,12171:1747647660523:,1747647673943
counter/1/0/0/0,12971:1747647659816:,1747647673945
counter/6/0/0/0,11616:1747647659425:,1747647673945
counter/7/0/0/0,11977:1747647659267:,1747647673945
counter/4/0/0/0,12172:1747647660523:,1747647673945
counter/4/0/0/0,12173:1747647660523:,1747647673945
counter/3/0/0/0,12726:1747647659990:,1747647673946
counter/3/0/0/0,12727:1747647659990:,1747647673946
counter/3/0/0/0,12728:1747647659990:,1747647673946
counter/3/0/0/0,12729:1747647659990:,1747647673946
counter/10/0/0/0,11319:1747647659070:,1747647673946
counter/9/0/0/0,12454:1747647659157:,1747647673946
counter/9/0/0/0,12455:1747647659157:,1747647673946
counter/9/0/0/0,12456:1747647659160:,1747647673946
counter/9/0/0/0,12457:1747647659160:,1747647673946
counter/9/0/0/0,12458:1747647659160:,1747647673946
counter/9/0/0/0,12459:1747647659160:,1747647673946
counter/9/0/0/0,12460:1747647659160:,1747647673946
counter/9/0/0/0,12461:1747647659160:,1747647673946
counter/7/0/0/0,11978:1747647659267:,1747647673947
counter/7/0/0/0,11979:1747647659267:,1747647673947
counter/3/0/0/0,12730:1747647659990:,1747647673947
counter/5/0/0/0,11914:1747647658535:,1747647673947
counter/3/0/0/0,12731:1747647659990:,1747647673947
counter/3/0/0/0,12732:1747647660001:,1747647673947
counter/3/0/0/0,12733:1747647660001:,1747647673947
counter/1/0/0/0,12972:1747647659816:,1747647673947
counter/3/0/0/0,12734:1747647660001:,1747647673948
counter/6/0/0/0,11617:1747647659425:,1747647673948
counter/6/0/0/0,11618:1747647659425:,1747647673948
counter/7/0/0/0,11980:1747647659267:,1747647673948
counter/10/0/0/0,11320:1747647659070:,1747647673948
counter/3/0/0/0,12735:1747647660001:,1747647673949
counter/3/0/0/0,12736:1747647660001:,1747647673949
counter/3/0/0/0,12737:1747647660001:,1747647673949
counter/1/0/0/0,12973:1747647659816:,1747647673949
counter/2/0/0/0,11885:1747647658412:,1747647673950
counter/4/0/0/0,12174:1747647660523:,1747647673950
counter/4/0/0/0,12175:1747647660527:,1747647673950
counter/4/0/0/0,12176:1747647660527:,1747647673950
counter/4/0/0/0,12177:1747647660527:,1747647673951
counter/4/0/0/0,12178:1747647660527:,1747647673951
counter/4/0/0/0,12179:1747647660528:,1747647673951
counter/4/0/0/0,12180:1747647660528:,1747647673951
counter/4/0/0/0,12181:1747647660528:,1747647673951
counter/4/0/0/0,12182:1747647660528:,1747647673951
counter/4/0/0/0,12183:1747647660528:,1747647673951
counter/7/0/0/0,11981:1747647659267:,1747647673951
counter/2/0/0/0,11886:1747647658413:,1747647673953
counter/2/0/0/0,11887:1747647658413:,1747647673953
counter/2/0/0/0,11888:1747647658413:,1747647673953
counter/2/0/0/0,11889:1747647658413:,1747647673953
counter/2/0/0/0,11890:1747647658413:,1747647673954
counter/2/0/0/0,11891:1747647658413:,1747647673954
counter/2/0/0/0,11892:1747647658413:,1747647673954
counter/2/0/0/0,11893:1747647658418:,1747647673954
counter/2/0/0/0,11894:1747647658418:,1747647673954
counter/7/0/0/0,11982:1747647659267:,1747647673954
counter/1/0/0/0,12974:1747647659816:,1747647673954
counter/6/0/0/0,11619:1747647659426:,1747647673954
counter/1/0/0/0,12975:1747647659817:,1747647673954
counter/9/0/0/0,12462:1747647659160:,1747647673954
counter/3/0/0/0,12738:1747647660002:,1747647673954
counter/5/0/0/0,11915:1747647658535:,1747647673955
counter/5/0/0/0,11916:1747647658535:,1747647673955
counter/5/0/0/0,11917:1747647658535:,1747647673955
counter/5/0/0/0,11918:1747647658535:,1747647673955
counter/5/0/0/0,11919:1747647658535:,1747647673955
counter/5/0/0/0,11920:1747647658535:,1747647673955
counter/7/0/0/0,11983:1747647659267:,1747647673955
counter/8/0/0/0,12218:1747647658906:,1747647673955
counter/3/0/0/0,12739:1747647660011:,1747647673956
counter/3/0/0/0,12740:1747647660012:,1747647673957
counter/3/0/0/0,12741:1747647660012:,1747647673957
counter/3/0/0/0,12742:1747647660012:,1747647673957
counter/3/0/0/0,12743:1747647660012:,1747647673957
counter/2/0/0/0,11895:1747647658418:,1747647673957
counter/9/0/0/0,12463:1747647659160:,1747647673957
counter/4/0/0/0,12184:1747647660528:,1747647673957
counter/8/0/0/0,12219:1747647658906:,1747647673958
counter/4/0/0/0,12185:1747647660528:,1747647673958
counter/4/0/0/0,12186:1747647660528:,1747647673958
counter/4/0/0/0,12187:1747647660528:,1747647673958
counter/4/0/0/0,12188:1747647660528:,1747647673958
counter/4/0/0/0,12189:1747647660528:,1747647673958
counter/4/0/0/0,12190:1747647660528:,1747647673958
counter/4/0/0/0,12191:1747647660528:,1747647673959
counter/4/0/0/0,12192:1747647660528:,1747647673959
counter/4/0/0/0,12193:1747647660528:,1747647673959
counter/4/0/0/0,12194:1747647660528:,1747647673959
counter/6/0/0/0,11620:1747647659426:,1747647673959
counter/3/0/0/0,12744:1747647660012:,1747647673959
counter/9/0/0/0,12464:1747647659160:,1747647673960
counter/9/0/0/0,12465:1747647659160:,1747647673960
counter/9/0/0/0,12466:1747647659160:,1747647673960
counter/9/0/0/0,12467:1747647659160:,1747647673960
counter/9/0/0/0,12468:1747647659160:,1747647673960
counter/9/0/0/0,12469:1747647659160:,1747647673960
counter/8/0/0/0,12220:1747647658906:,1747647673960
counter/8/0/0/0,12221:1747647658906:,1747647673960
counter/8/0/0/0,12222:1747647658906:,1747647673960
counter/10/0/0/0,11321:1747647659070:,1747647673960
counter/4/0/0/0,12195:1747647660528:,1747647673961
counter/10/0/0/0,11322:1747647659070:,1747647673961
counter/8/0/0/0,12223:1747647658906:,1747647673961
counter/9/0/0/0,12470:1747647659160:,1747647673962
counter/3/0/0/0,12745:1747647660012:,1747647673962
counter/3/0/0/0,12746:1747647660012:,1747647673962
counter/3/0/0/0,12747:1747647660012:,1747647673962
counter/3/0/0/0,12748:1747647660012:,1747647673962
counter/3/0/0/0,12749:1747647660012:,1747647673962
counter/5/0/0/0,11921:1747647658535:,1747647673962
counter/7/0/0/0,11984:1747647659269:,1747647673963
counter/7/0/0/0,11985:1747647659269:,1747647673963
counter/7/0/0/0,11986:1747647659269:,1747647673963
counter/7/0/0/0,11987:1747647659269:,1747647673963
counter/1/0/0/0,12976:1747647659817:,1747647673964
counter/4/0/0/0,12196:1747647660528:,1747647673964
counter/4/0/0/0,12197:1747647660528:,1747647673964
counter/4/0/0/0,12198:1747647660528:,1747647673964
counter/4/0/0/0,12199:1747647660528:,1747647673964
counter/8/0/0/0,12224:1747647658906:,1747647673964
counter/2/0/0/0,11896:1747647658418:,1747647673965
counter/2/0/0/0,11897:1747647658418:,1747647673965
counter/2/0/0/0,11898:1747647658418:,1747647673965
counter/2/0/0/0,11899:1747647658418:,1747647673965
counter/2/0/0/0,11900:1747647658418:,1747647673965
counter/2/0/0/0,11901:1747647658418:,1747647673965
counter/2/0/0/0,11902:1747647658418:,1747647673965
counter/2/0/0/0,11903:1747647658422:,1747647673965
counter/2/0/0/0,11904:1747647658424:,1747647673965
counter/2/0/0/0,11905:1747647658424:,1747647673965
counter/3/0/0/0,12750:1747647660012:,1747647673966
counter/3/0/0/0,12751:1747647660012:,1747647673966
counter/6/0/0/0,11621:1747647659426:,1747647673967
counter/6/0/0/0,11622:1747647659426:,1747647673967
counter/6/0/0/0,11623:1747647659426:,1747647673967
counter/6/0/0/0,11624:1747647659426:,1747647673967
counter/6/0/0/0,11625:1747647659426:,1747647673967
counter/6/0/0/0,11626:1747647659426:,1747647673967
counter/3/0/0/0,12752:1747647660012:,1747647673967
counter/6/0/0/0,11627:1747647659437:,1747647673967
counter/4/0/0/0,12200:1747647660528:,1747647673967
counter/6/0/0/0,11628:1747647659437:,1747647673968
counter/6/0/0/0,11629:1747647659437:,1747647673968
counter/6/0/0/0,11630:1747647659437:,1747647673968
counter/6/0/0/0,11631:1747647659437:,1747647673968
counter/6/0/0/0,11632:1747647659437:,1747647673968
counter/6/0/0/0,11633:1747647659437:,1747647673968
counter/5/0/0/0,11922:1747647658535:,1747647673968
counter/5/0/0/0,11923:1747647658535:,1747647673968
counter/5/0/0/0,11924:1747647658535:,1747647673968
counter/5/0/0/0,11925:1747647658535:,1747647673968
counter/5/0/0/0,11926:1747647658535:,1747647673968
counter/9/0/0/0,12471:1747647659160:,1747647673968
counter/7/0/0/0,11988:1747647659269:,1747647673968
counter/7/0/0/0,11989:1747647659269:,1747647673968
counter/6/0/0/0,11634:1747647659437:,1747647673968
counter/6/0/0/0,11635:1747647659438:,1747647673969
counter/6/0/0/0,11636:1747647659438:,1747647673969
counter/6/0/0/0,11637:1747647659438:,1747647673969
counter/6/0/0/0,11638:1747647659438:,1747647673969
counter/6/0/0/0,11639:1747647659438:,1747647673969
counter/6/0/0/0,11640:1747647659438:,1747647673969
counter/6/0/0/0,11641:1747647659438:,1747647673969
counter/6/0/0/0,11642:1747647659438:,1747647673969
counter/6/0/0/0,11643:1747647659438:,1747647673969
counter/1/0/0/0,12977:1747647659817:,1747647673969
counter/6/0/0/0,11644:1747647659438:,1747647673969
counter/1/0/0/0,12978:1747647659817:,1747647673969
counter/1/0/0/0,12979:1747647659817:,1747647673969
counter/4/0/0/0,12201:1747647660528:,1747647673969
counter/8/0/0/0,12225:1747647658906:,1747647673969
counter/5/0/0/0,11927:1747647658536:,1747647673970
counter/5/0/0/0,11928:1747647658536:,1747647673970
counter/5/0/0/0,11929:1747647658536:,1747647673970
counter/5/0/0/0,11930:1747647658538:,1747647673970
counter/8/0/0/0,12226:1747647658906:,1747647673970
counter/9/0/0/0,12472:1747647659160:,1747647673970
counter/3/0/0/0,12753:1747647660012:,1747647673970
counter/2/0/0/0,11906:1747647658424:,1747647673970
counter/2/0/0/0,11907:1747647658424:,1747647673970
counter/2/0/0/0,11908:1747647658424:,1747647673970
counter/2/0/0/0,11909:1747647658424:,1747647673970
counter/2/0/0/0,11910:1747647658425:,1747647673970
counter/2/0/0/0,11911:1747647658434:,1747647673971
counter/4/0/0/0,12202:1747647660528:,1747647673971
counter/1/0/0/0,12980:1747647659817:,1747647673971
counter/9/0/0/0,12473:1747647659160:,1747647673971
counter/7/0/0/0,11990:1747647659269:,1747647673971
counter/7/0/0/0,11991:1747647659269:,1747647673971
counter/2/0/0/0,11912:1747647658434:,1747647673971
counter/8/0/0/0,12227:1747647658906:,1747647673972
counter/3/0/0/0,12754:1747647660012:,1747647673972
counter/2/0/0/0,11913:1747647658434:,1747647673972
counter/2/0/0/0,11914:1747647658434:,1747647673972
counter/2/0/0/0,11915:1747647658435:,1747647673972
counter/2/0/0/0,11916:1747647658435:,1747647673972
counter/2/0/0/0,11917:1747647658435:,1747647673972
counter/2/0/0/0,11918:1747647658435:,1747647673972
counter/3/0/0/0,12755:1747647660015:,1747647673973
counter/9/0/0/0,12474:1747647659160:,1747647673973
counter/9/0/0/0,12475:1747647659160:,1747647673973
counter/6/0/0/0,11645:1747647659438:,1747647673973
counter/10/0/0/0,11323:1747647659070:,1747647673974
counter/2/0/0/0,11919:1747647658435:,1747647673974
counter/5/0/0/0,11931:1747647658538:,1747647673974
counter/8/0/0/0,12228:1747647658907:,1747647673974
counter/8/0/0/0,12229:1747647658907:,1747647673974
counter/8/0/0/0,12230:1747647658907:,1747647673974
counter/8/0/0/0,12231:1747647658907:,1747647673974
counter/8/0/0/0,12232:1747647658907:,1747647673975
counter/8/0/0/0,12233:1747647658917:,1747647673975
counter/9/0/0/0,12476:1747647659160:,1747647673975
counter/3/0/0/0,12756:1747647660016:,1747647673976
counter/10/0/0/0,11324:1747647659070:,1747647673977
counter/10/0/0/0,11325:1747647659071:,1747647673977
counter/10/0/0/0,11326:1747647659071:,1747647673977
counter/10/0/0/0,11327:1747647659071:,1747647673977
counter/10/0/0/0,11328:1747647659071:,1747647673977
counter/10/0/0/0,11329:1747647659071:,1747647673977
counter/3/0/0/0,12757:1747647660016:,1747647673977
counter/10/0/0/0,11330:1747647659071:,1747647673978
counter/10/0/0/0,11331:1747647659071:,1747647673978
counter/10/0/0/0,11332:1747647659071:,1747647673978
counter/10/0/0/0,11333:1747647659071:,1747647673978
counter/2/0/0/0,11920:1747647658435:,1747647673978
counter/10/0/0/0,11334:1747647659071:,1747647673978
counter/10/0/0/0,11335:1747647659071:,1747647673978
counter/10/0/0/0,11336:1747647659071:,1747647673978
counter/10/0/0/0,11337:1747647659071:,1747647673980
counter/9/0/0/0,12477:1747647659160:,1747647673980
counter/6/0/0/0,11646:1747647659438:,1747647673981
counter/6/0/0/0,11647:1747647659441:,1747647673981
counter/6/0/0/0,11648:1747647659441:,1747647673981
counter/6/0/0/0,11649:1747647659441:,1747647673981
counter/6/0/0/0,11650:1747647659441:,1747647673981
counter/6/0/0/0,11651:1747647659441:,1747647673981
counter/3/0/0/0,12758:1747647660016:,1747647673981
counter/7/0/0/0,11992:1747647659269:,1747647673982
counter/6/0/0/0,11652:1747647659449:,1747647673983
counter/6/0/0/0,11653:1747647659449:,1747647673983
counter/6/0/0/0,11654:1747647659449:,1747647673983
counter/6/0/0/0,11655:1747647659449:,1747647673984
counter/6/0/0/0,11656:1747647659449:,1747647673984
counter/6/0/0/0,11657:1747647659449:,1747647673984
counter/2/0/0/0,11921:1747647658435:,1747647673984
counter/6/0/0/0,11658:1747647659449:,1747647673984
counter/1/0/0/0,12981:1747647659817:,1747647673984
counter/1/0/0/0,12982:1747647659817:,1747647673984
counter/1/0/0/0,12983:1747647659817:,1747647673984
counter/1/0/0/0,12984:1747647659817:,1747647673984
counter/1/0/0/0,12985:1747647659817:,1747647673984
counter/1/0/0/0,12986:1747647659817:,1747647673984
counter/1/0/0/0,12987:1747647659818:,1747647673984
counter/1/0/0/0,12988:1747647659818:,1747647673984
counter/4/0/0/0,12203:1747647660528:,1747647673984
counter/8/0/0/0,12234:1747647658917:,1747647673984
counter/8/0/0/0,12235:1747647658917:,1747647673985
counter/1/0/0/0,12989:1747647659819:,1747647673985
counter/1/0/0/0,12990:1747647659819:,1747647673985
counter/1/0/0/0,12991:1747647659819:,1747647673985
counter/1/0/0/0,12992:1747647659819:,1747647673985
counter/7/0/0/0,11993:1747647659269:,1747647673985
counter/7/0/0/0,11994:1747647659269:,1747647673985
counter/3/0/0/0,12759:1747647660016:,1747647673985
counter/1/0/0/0,12993:1747647659819:,1747647673986
counter/3/0/0/0,12760:1747647660016:,1747647673986
counter/10/0/0/0,11338:1747647659071:,1747647673986
counter/7/0/0/0,11995:1747647659269:,1747647673987
counter/3/0/0/0,12761:1747647660016:,1747647673988
counter/3/0/0/0,12762:1747647660016:,1747647673988
counter/3/0/0/0,12763:1747647660016:,1747647673988
counter/3/0/0/0,12764:1747647660016:,1747647673988
counter/4/0/0/0,12204:1747647660528:,1747647673988
counter/10/0/0/0,11339:1747647659071:,1747647673988
counter/8/0/0/0,12236:1747647658917:,1747647673989
counter/8/0/0/0,12237:1747647658917:,1747647673989
counter/8/0/0/0,12238:1747647658917:,1747647673989
counter/8/0/0/0,12239:1747647658917:,1747647673989
counter/10/0/0/0,11340:1747647659071:,1747647673989
counter/10/0/0/0,11341:1747647659071:,1747647673989
counter/10/0/0/0,11342:1747647659073:,1747647673989
counter/10/0/0/0,11343:1747647659087:,1747647673989
counter/7/0/0/0,11996:1747647659269:,1747647673989
counter/7/0/0/0,11997:1747647659270:,1747647673991
counter/1/0/0/0,12994:1747647659819:,1747647673992
counter/1/0/0/0,12995:1747647659819:,1747647673992
counter/1/0/0/0,12996:1747647659819:,1747647673992
counter/1/0/0/0,12997:1747647659819:,1747647673992
counter/1/0/0/0,12998:1747647659823:,1747647673992
counter/1/0/0/0,12999:1747647659824:,1747647673992
counter/1/0/0/0,13000:1747647659824:,1747647673992
counter/6/0/0/0,11659:1747647659449:,1747647673993
counter/7/0/0/0,11998:1747647659270:,1747647673994
counter/9/0/0/0,12478:1747647659167:,1747647673995
counter/10/0/0/0,11344:1747647659088:,1747647673995
counter/10/0/0/0,11345:1747647659091:,1747647673995
counter/10/0/0/0,11346:1747647659091:,1747647673995
counter/10/0/0/0,11347:1747647659103:,1747647673995
counter/10/0/0/0,11348:1747647659103:,1747647673995
counter/1/0/0/0,13001:1747647659824:,1747647673995
counter/1/0/0/0,13002:1747647659824:,1747647673995
counter/1/0/0/0,13003:1747647659824:,1747647673996
counter/3/0/0/0,12765:1747647660016:,1747647673996
counter/7/0/0/0,11999:1747647659270:,1747647673996
counter/7/0/0/0,12000:1747647659270:,1747647673996
counter/10/0/0/0,11349:1747647659103:,1747647673997
counter/10/0/0/0,11350:1747647659103:,1747647673997
counter/7/0/0/0,12001:1747647659270:,1747647673997
counter/4/0/0/0,12205:1747647660528:,1747647673997
counter/1/0/0/0,13004:1747647659824:,1747647673997
counter/1/0/0/0,13005:1747647659824:,1747647673997
counter/1/0/0/0,13006:1747647659824:,1747647673997
counter/1/0/0/0,13007:1747647659824:,1747647673997
counter/1/0/0/0,13008:1747647659824:,1747647673997
counter/1/0/0/0,13009:1747647659824:,1747647673997
counter/1/0/0/0,13010:1747647659826:,1747647673997
counter/1/0/0/0,13011:1747647659826:,1747647673997
counter/1/0/0/0,13012:1747647659826:,1747647673997
counter/1/0/0/0,13013:1747647659826:,1747647673997
counter/1/0/0/0,13014:1747647659826:,1747647673997
counter/1/0/0/0,13015:1747647659826:,1747647673997
counter/1/0/0/0,13016:1747647659826:,1747647673997
counter/3/0/0/0,12766:1747647660016:,1747647673997
counter/9/0/0/0,12479:1747647659168:,1747647673997
counter/3/0/0/0,12767:1747647660016:,1747647673998
counter/3/0/0/0,12768:1747647660016:,1747647673998
counter/3/0/0/0,12769:1747647660016:,1747647673998
counter/3/0/0/0,12770:1747647660016:,1747647673998
counter/3/0/0/0,12771:1747647660022:,1747647673998
counter/1/0/0/0,13017:1747647659826:,1747647673998
counter/1/0/0/0,13018:1747647659826:,1747647673998
counter/1/0/0/0,13019:1747647659826:,1747647673998
counter/1/0/0/0,13020:1747647659829:,1747647673998
counter/1/0/0/0,13021:1747647659829:,1747647673998
counter/1/0/0/0,13022:1747647659829:,1747647673998
counter/1/0/0/0,13023:1747647659829:,1747647673998
counter/1/0/0/0,13024:1747647659830:,1747647673998
counter/1/0/0/0,13025:1747647659843:,1747647673999
counter/3/0/0/0,12772:1747647660022:,1747647673999
counter/3/0/0/0,12773:1747647660022:,1747647673999
counter/3/0/0/0,12774:1747647660023:,1747647673999
counter/3/0/0/0,12775:1747647660023:,1747647673999
counter/3/0/0/0,12776:1747647660023:,1747647673999
counter/3/0/0/0,12777:1747647660023:,1747647673999
counter/3/0/0/0,12778:1747647660023:,1747647673999
counter/3/0/0/0,12779:1747647660023:,1747647673999
counter/3/0/0/0,12780:1747647660023:,1747647673999
counter/2/0/0/0,11922:1747647658438:,1747647673999
counter/8/0/0/0,12240:1747647658917:,1747647673999
counter/4/0/0/0,12206:1747647660528:,1747647673999
counter/4/0/0/0,12207:1747647660528:,1747647674000
counter/4/0/0/0,12208:1747647660529:,1747647674000
counter/4/0/0/0,12209:1747647660529:,1747647674000
counter/4/0/0/0,12210:1747647660529:,1747647674000
counter/9/0/0/0,12480:1747647659168:,1747647674001
counter/9/0/0/0,12481:1747647659168:,1747647674001
counter/9/0/0/0,12482:1747647659168:,1747647674001
counter/9/0/0/0,12483:1747647659168:,1747647674001
counter/9/0/0/0,12484:1747647659168:,1747647674001
counter/9/0/0/0,12485:1747647659168:,1747647674001
counter/9/0/0/0,12486:1747647659168:,1747647674001
counter/9/0/0/0,12487:1747647659168:,1747647674001
counter/9/0/0/0,12488:1747647659168:,1747647674001
counter/6/0/0/0,11660:1747647659449:,1747647674002
counter/1/0/0/0,13026:1747647659847:,1747647674002
counter/1/0/0/0,13027:1747647659848:,1747647674002
counter/7/0/0/0,12002:1747647659270:,1747647674002
counter/10/0/0/0,11351:1747647659103:,1747647674002
counter/3/0/0/0,12781:1747647660023:,1747647674002
counter/9/0/0/0,12489:1747647659168:,1747647674003
counter/1/0/0/0,13028:1747647659848:,1747647674003
counter/9/0/0/0,12490:1747647659168:,1747647674003
counter/9/0/0/0,12491:1747647659168:,1747647674003
counter/9/0/0/0,12492:1747647659168:,1747647674003
counter/9/0/0/0,12493:1747647659168:,1747647674003
counter/9/0/0/0,12494:1747647659168:,1747647674003
counter/9/0/0/0,12495:1747647659168:,1747647674003
counter/9/0/0/0,12496:1747647659168:,1747647674003
counter/9/0/0/0,12497:1747647659168:,1747647674003
counter/9/0/0/0,12498:1747647659168:,1747647674003
counter/9/0/0/0,12499:1747647659168:,1747647674003
counter/9/0/0/0,12500:1747647659168:,1747647674003
counter/9/0/0/0,12501:1747647659168:,1747647674003
counter/9/0/0/0,12502:1747647659175:,1747647674003
counter/9/0/0/0,12503:1747647659175:,1747647674003
counter/9/0/0/0,12504:1747647659175:,1747647674004
counter/9/0/0/0,12505:1747647659175:,1747647674004
counter/9/0/0/0,12506:1747647659175:,1747647674004
counter/8/0/0/0,12241:1747647658931:,1747647674004
counter/9/0/0/0,12507:1747647659175:,1747647674004
counter/9/0/0/0,12508:1747647659175:,1747647674004
counter/6/0/0/0,11661:1747647659449:,1747647674005
counter/9/0/0/0,12509:1747647659178:,1747647674005
counter/9/0/0/0,12510:1747647659178:,1747647674005
counter/9/0/0/0,12511:1747647659178:,1747647674005
counter/9/0/0/0,12512:1747647659178:,1747647674005
counter/9/0/0/0,12513:1747647659178:,1747647674005
counter/9/0/0/0,12514:1747647659178:,1747647674005
counter/9/0/0/0,12515:1747647659178:,1747647674005
counter/9/0/0/0,12516:1747647659178:,1747647674005
counter/9/0/0/0,12517:1747647659195:,1747647674005
counter/3/0/0/0,12782:1747647660024:,1747647674005
counter/4/0/0/0,12211:1747647660529:,1747647674005
counter/3/0/0/0,12783:1747647660024:,1747647674005
counter/3/0/0/0,12784:1747647660024:,1747647674005
counter/3/0/0/0,12785:1747647660024:,1747647674005
counter/3/0/0/0,12786:1747647660024:,1747647674006
counter/3/0/0/0,12787:1747647660024:,1747647674006
counter/3/0/0/0,12788:1747647660024:,1747647674006
counter/3/0/0/0,12789:1747647660024:,1747647674006
counter/6/0/0/0,11662:1747647659449:,1747647674006
counter/2/0/0/0,11923:1747647658438:,1747647674006
counter/6/0/0/0,11663:1747647659449:,1747647674006
counter/6/0/0/0,11664:1747647659449:,1747647674006
counter/10/0/0/0,11352:1747647659103:,1747647674006
counter/10/0/0/0,11353:1747647659103:,1747647674006
counter/1/0/0/0,13029:1747647659857:,1747647674006
counter/3/0/0/0,12790:1747647660024:,1747647674006
counter/3/0/0/0,12791:1747647660024:,1747647674006
counter/3/0/0/0,12792:1747647660024:,1747647674006
counter/3/0/0/0,12793:1747647660024:,1747647674006
counter/3/0/0/0,12794:1747647660024:,1747647674006
counter/3/0/0/0,12795:1747647660024:,1747647674006
counter/3/0/0/0,12796:1747647660024:,1747647674007
counter/7/0/0/0,12003:1747647659270:,1747647674007
counter/7/0/0/0,12004:1747647659270:,1747647674007
counter/6/0/0/0,11665:1747647659449:,1747647674007
counter/10/0/0/0,11354:1747647659103:,1747647674007
counter/1/0/0/0,13030:1747647659857:,1747647674007
counter/10/0/0/0,11355:1747647659103:,1747647674007
counter/10/0/0/0,11356:1747647659103:,1747647674007
counter/10/0/0/0,11357:1747647659104:,1747647674007
counter/8/0/0/0,12242:1747647658931:,1747647674007
counter/9/0/0/0,12518:1747647659195:,1747647674008
counter/10/0/0/0,11358:1747647659104:,1747647674008
counter/10/0/0/0,11359:1747647659104:,1747647674008
counter/10/0/0/0,11360:1747647659104:,1747647674008
counter/2/0/0/0,11924:1747647658438:,1747647674008
counter/7/0/0/0,12005:1747647659270:,1747647674010
counter/7/0/0/0,12006:1747647659270:,1747647674010
counter/7/0/0/0,12007:1747647659270:,1747647674010
counter/7/0/0/0,12008:1747647659270:,1747647674010
counter/7/0/0/0,12009:1747647659270:,1747647674010
counter/7/0/0/0,12010:1747647659270:,1747647674010
counter/7/0/0/0,12011:1747647659270:,1747647674010
counter/6/0/0/0,11666:1747647659449:,1747647674011
counter/6/0/0/0,11667:1747647659449:,1747647674011
counter/6/0/0/0,11668:1747647659449:,1747647674011
counter/6/0/0/0,11669:1747647659450:,1747647674011
counter/6/0/0/0,11670:1747647659450:,1747647674011
counter/6/0/0/0,11671:1747647659450:,1747647674011
counter/4/0/0/0,12212:1747647660529:,1747647674011
counter/8/0/0/0,12243:1747647658931:,1747647674011
counter/9/0/0/0,12519:1747647659195:,1747647674011
counter/8/0/0/0,12244:1747647658931:,1747647674011
counter/10/0/0/0,11361:1747647659105:,1747647674011
counter/2/0/0/0,11925:1747647658456:,1747647674011
counter/10/0/0/0,11362:1747647659105:,1747647674011
counter/3/0/0/0,12797:1747647660024:,1747647674011
counter/5/0/0/0,11932:1747647658538:,1747647674011
counter/8/0/0/0,12245:1747647658933:,1747647674012
counter/2/0/0/0,11926:1747647658456:,1747647674012
counter/9/0/0/0,12520:1747647659195:,1747647674013
counter/9/0/0/0,12521:1747647659195:,1747647674013
counter/9/0/0/0,12522:1747647659196:,1747647674013
counter/9/0/0/0,12523:1747647659196:,1747647674013
counter/9/0/0/0,12524:1747647659196:,1747647674013
counter/9/0/0/0,12525:1747647659196:,1747647674013
counter/9/0/0/0,12526:1747647659196:,1747647674013
counter/2/0/0/0,11927:1747647658456:,1747647674013
counter/2/0/0/0,11928:1747647658456:,1747647674013
counter/5/0/0/0,11933:1747647658538:,1747647674014
counter/7/0/0/0,12012:1747647659270:,1747647674014
counter/8/0/0/0,12246:1747647658933:,1747647674015
counter/8/0/0/0,12247:1747647658933:,1747647674015
counter/8/0/0/0,12248:1747647658933:,1747647674015
counter/8/0/0/0,12249:1747647658933:,1747647674015
counter/8/0/0/0,12250:1747647658933:,1747647674015
counter/8/0/0/0,12251:1747647658934:,1747647674015
counter/8/0/0/0,12252:1747647658936:,1747647674015
counter/10/0/0/0,11363:1747647659105:,1747647674015
counter/6/0/0/0,11672:1747647659450:,1747647674015
counter/8/0/0/0,12253:1747647658938:,1747647674016
counter/8/0/0/0,12254:1747647658940:,1747647674016
counter/2/0/0/0,11929:1747647658456:,1747647674016
counter/2/0/0/0,11930:1747647658457:,1747647674016
counter/2/0/0/0,11931:1747647658457:,1747647674016
counter/2/0/0/0,11932:1747647658457:,1747647674016
counter/2/0/0/0,11933:1747647658465:,1747647674016
counter/3/0/0/0,12798:1747647660024:,1747647674016
counter/10/0/0/0,11364:1747647659105:,1747647674017
counter/1/0/0/0,13031:1747647659857:,1747647674017
counter/2/0/0/0,11934:1747647658465:,1747647674017
counter/6/0/0/0,11673:1747647659450:,1747647674017
counter/4/0/0/0,12213:1747647660532:,1747647674017
counter/4/0/0/0,12214:1747647660532:,1747647674017
counter/4/0/0/0,12215:1747647660532:,1747647674017
counter/4/0/0/0,12216:1747647660532:,1747647674017
counter/4/0/0/0,12217:1747647660532:,1747647674017
counter/4/0/0/0,12218:1747647660532:,1747647674017
counter/4/0/0/0,12219:1747647660532:,1747647674017
counter/3/0/0/0,12799:1747647660024:,1747647674018
counter/3/0/0/0,12800:1747647660024:,1747647674018
counter/3/0/0/0,12801:1747647660461:,1747647674018
counter/9/0/0/0,12527:1747647659196:,1747647674018
counter/5/0/0/0,11934:1747647658538:,1747647674018
counter/6/0/0/0,11674:1747647659450:,1747647674019
counter/6/0/0/0,11675:1747647659450:,1747647674019
counter/10/0/0/0,11365:1747647659105:,1747647674019
counter/2/0/0/0,11935:1747647658465:,1747647674020
counter/6/0/0/0,11676:1747647659450:,1747647674020
counter/6/0/0/0,11677:1747647659450:,1747647674020
counter/6/0/0/0,11678:1747647659450:,1747647674020
counter/6/0/0/0,11679:1747647659450:,1747647674020
counter/6/0/0/0,11680:1747647659450:,1747647674020
counter/6/0/0/0,11681:1747647659455:,1747647674020
counter/6/0/0/0,11682:1747647659455:,1747647674020
counter/6/0/0/0,11683:1747647659455:,1747647674020
counter/9/0/0/0,12528:1747647659196:,1747647674020
counter/6/0/0/0,11684:1747647659455:,1747647674020
counter/9/0/0/0,12529:1747647659196:,1747647674020
counter/9/0/0/0,12530:1747647659196:,1747647674020
counter/9/0/0/0,12531:1747647659196:,1747647674020
counter/9/0/0/0,12532:1747647659196:,1747647674020
counter/9/0/0/0,12533:1747647659196:,1747647674020
counter/8/0/0/0,12255:1747647658940:,1747647674020
counter/8/0/0/0,12256:1747647658940:,1747647674020
counter/8/0/0/0,12257:1747647658941:,1747647674020
counter/8/0/0/0,12258:1747647658941:,1747647674020
counter/9/0/0/0,12534:1747647659196:,1747647674021
counter/9/0/0/0,12535:1747647659196:,1747647674021
counter/9/0/0/0,12536:1747647659201:,1747647674021
counter/9/0/0/0,12537:1747647659201:,1747647674021
counter/9/0/0/0,12538:1747647659201:,1747647674021
counter/8/0/0/0,12259:1747647658948:,1747647674021
counter/8/0/0/0,12260:1747647658959:,1747647674021
counter/8/0/0/0,12261:1747647658964:,1747647674021
counter/8/0/0/0,12262:1747647658964:,1747647674021
counter/8/0/0/0,12263:1747647658964:,1747647674021
counter/8/0/0/0,12264:1747647658964:,1747647674021
counter/8/0/0/0,12265:1747647658964:,1747647674021
counter/8/0/0/0,12266:1747647658964:,1747647674021
counter/8/0/0/0,12267:1747647658969:,1747647674021
counter/8/0/0/0,12268:1747647658969:,1747647674021
counter/8/0/0/0,12269:1747647658969:,1747647674022
counter/8/0/0/0,12270:1747647658969:,1747647674022
counter/8/0/0/0,12271:1747647658969:,1747647674022
counter/6/0/0/0,11685:1747647659455:,1747647674022
counter/5/0/0/0,11935:1747647658538:,1747647674022
counter/5/0/0/0,11936:1747647658538:,1747647674022
counter/5/0/0/0,11937:1747647658538:,1747647674022
counter/5/0/0/0,11938:1747647658538:,1747647674022
counter/5/0/0/0,11939:1747647658538:,1747647674022
counter/5/0/0/0,11940:1747647658543:,1747647674022
counter/5/0/0/0,11941:1747647658543:,1747647674022
counter/5/0/0/0,11942:1747647658543:,1747647674022
counter/5/0/0/0,11943:1747647658543:,1747647674022
counter/1/0/0/0,13032:1747647659857:,1747647674022
counter/5/0/0/0,11944:1747647658543:,1747647674022
counter/10/0/0/0,11366:1747647659105:,1747647674024
counter/10/0/0/0,11367:1747647659105:,1747647674024
counter/3/0/0/0,12802:1747647660461:,1747647674024
counter/3/0/0/0,12803:1747647660463:,1747647674024
counter/5/0/0/0,11945:1747647658543:,1747647674024
counter/5/0/0/0,11946:1747647658543:,1747647674024
counter/5/0/0/0,11947:1747647658543:,1747647674024
counter/5/0/0/0,11948:1747647658543:,1747647674025
counter/5/0/0/0,11949:1747647658543:,1747647674025
counter/6/0/0/0,11686:1747647659455:,1747647674025
counter/1/0/0/0,13033:1747647659857:,1747647674025
counter/1/0/0/0,13034:1747647659857:,1747647674025
counter/1/0/0/0,13035:1747647659857:,1747647674025
counter/1/0/0/0,13036:1747647659857:,1747647674025
counter/1/0/0/0,13037:1747647659857:,1747647674025
counter/1/0/0/0,13038:1747647659857:,1747647674025
counter/1/0/0/0,13039:1747647659857:,1747647674025
counter/2/0/0/0,11936:1747647658465:,1747647674025
counter/3/0/0/0,12804:1747647660465:,1747647674026
counter/8/0/0/0,12272:1747647658969:,1747647674026
counter/9/0/0/0,12539:1747647659206:,1747647674026
counter/9/0/0/0,12540:1747647659206:,1747647674026
counter/9/0/0/0,12541:1747647659206:,1747647674026
counter/9/0/0/0,12542:1747647659206:,1747647674026
counter/9/0/0/0,12543:1747647659206:,1747647674026
counter/9/0/0/0,12544:1747647659206:,1747647674026
counter/9/0/0/0,12545:1747647659206:,1747647674026
counter/9/0/0/0,12546:1747647659206:,1747647674026
counter/9/0/0/0,12547:1747647659206:,1747647674026
counter/9/0/0/0,12548:1747647659206:,1747647674026
counter/1/0/0/0,13040:1747647659857:,1747647674026
counter/1/0/0/0,13041:1747647659857:,1747647674026
counter/1/0/0/0,13042:1747647659857:,1747647674026
counter/1/0/0/0,13043:1747647659860:,1747647674026
counter/1/0/0/0,13044:1747647659860:,1747647674026
counter/1/0/0/0,13045:1747647659860:,1747647674026
counter/10/0/0/0,11368:1747647659105:,1747647674026
counter/3/0/0/0,12805:1747647660468:,1747647674026
counter/4/0/0/0,12220:1747647660532:,1747647674027
counter/3/0/0/0,12806:1747647660468:,1747647674027
counter/3/0/0/0,12807:1747647660468:,1747647674027
counter/3/0/0/0,12808:1747647660477:,1747647674027
counter/3/0/0/0,12809:1747647660478:,1747647674027
counter/3/0/0/0,12810:1747647660479:,1747647674027
counter/3/0/0/0,12811:1747647660481:,1747647674027
counter/3/0/0/0,12812:1747647660481:,1747647674027
counter/3/0/0/0,12813:1747647660481:,1747647674027
counter/4/0/0/0,12221:1747647660532:,1747647674028
counter/7/0/0/0,12013:1747647659271:,1747647674028
counter/10/0/0/0,11369:1747647659105:,1747647674028
counter/3/0/0/0,12814:1747647660481:,1747647674029
counter/3/0/0/0,12815:1747647660484:,1747647674029
counter/2/0/0/0,11937:1747647658465:,1747647674029
counter/5/0/0/0,11950:1747647658543:,1747647674029
counter/5/0/0/0,11951:1747647658543:,1747647674029
counter/5/0/0/0,11952:1747647658546:,1747647674029
counter/5/0/0/0,11953:1747647658546:,1747647674029
counter/5/0/0/0,11954:1747647658546:,1747647674029
counter/5/0/0/0,11955:1747647658546:,1747647674029
counter/5/0/0/0,11956:1747647658546:,1747647674029
counter/5/0/0/0,11957:1747647658546:,1747647674029
counter/5/0/0/0,11958:1747647658546:,1747647674029
counter/5/0/0/0,11959:1747647658546:,1747647674029
counter/6/0/0/0,11687:1747647659456:,1747647674029
counter/9/0/0/0,12549:1747647659206:,1747647674029
counter/9/0/0/0,12550:1747647659206:,1747647674029
counter/7/0/0/0,12014:1747647659271:,1747647674030
counter/7/0/0/0,12015:1747647659271:,1747647674030
counter/7/0/0/0,12016:1747647659275:,1747647674030
counter/7/0/0/0,12017:1747647659275:,1747647674030
counter/7/0/0/0,12018:1747647659275:,1747647674030
counter/7/0/0/0,12019:1747647659275:,1747647674030
counter/7/0/0/0,12020:1747647659275:,1747647674030
counter/7/0/0/0,12021:1747647659275:,1747647674030
counter/7/0/0/0,12022:1747647659275:,1747647674030
counter/7/0/0/0,12023:1747647659275:,1747647674030
counter/7/0/0/0,12024:1747647659284:,1747647674030
counter/7/0/0/0,12025:1747647659285:,1747647674030
counter/7/0/0/0,12026:1747647659285:,1747647674030
counter/7/0/0/0,12027:1747647659285:,1747647674030
counter/7/0/0/0,12028:1747647659285:,1747647674030
counter/7/0/0/0,12029:1747647659285:,1747647674030
counter/7/0/0/0,12030:1747647659285:,1747647674030
counter/7/0/0/0,12031:1747647659285:,1747647674030
counter/7/0/0/0,12032:1747647659285:,1747647674030
counter/10/0/0/0,11370:1747647659105:,1747647674030
counter/5/0/0/0,11960:1747647658546:,1747647674030
counter/6/0/0/0,11688:1747647659456:,1747647674030
counter/6/0/0/0,11689:1747647659456:,1747647674030
counter/6/0/0/0,11690:1747647659456:,1747647674031
counter/6/0/0/0,11691:1747647659456:,1747647674031
counter/6/0/0/0,11692:1747647659456:,1747647674031
counter/6/0/0/0,11693:1747647659456:,1747647674031
counter/6/0/0/0,11694:1747647659456:,1747647674031
counter/6/0/0/0,11695:1747647659456:,1747647674031
counter/6/0/0/0,11696:1747647659464:,1747647674031
counter/6/0/0/0,11697:1747647659464:,1747647674031
counter/4/0/0/0,12222:1747647660532:,1747647674032
counter/10/0/0/0,11371:1747647659107:,1747647674032
counter/6/0/0/0,11698:1747647659464:,1747647674034
counter/4/0/0/0,12223:1747647660532:,1747647674034
counter/7/0/0/0,12033:1747647659285:,1747647674034
counter/8/0/0/0,12273:1747647658969:,1747647674035
counter/10/0/0/0,11372:1747647659110:,1747647674035
counter/5/0/0/0,11961:1747647658546:,1747647674035
counter/10/0/0/0,11373:1747647659110:,1747647674035
counter/5/0/0/0,11962:1747647658546:,1747647674035
counter/10/0/0/0,11374:1747647659110:,1747647674035
counter/4/0/0/0,12224:1747647660532:,1747647674038
counter/4/0/0/0,12225:1747647660532:,1747647674038
counter/3/0/0/0,12816:1747647660484:,1747647674038
counter/3/0/0/0,12817:1747647660488:,1747647674039
counter/3/0/0/0,12818:1747647660494:,1747647674039
counter/3/0/0/0,12819:1747647660494:,1747647674039
counter/3/0/0/0,12820:1747647660494:,1747647674039
counter/3/0/0/0,12821:1747647660497:,1747647674039
counter/3/0/0/0,12822:1747647660500:,1747647674039
counter/3/0/0/0,12823:1747647660500:,1747647674039
counter/3/0/0/0,12824:1747647660500:,1747647674039
counter/3/0/0/0,12825:1747647660500:,1747647674039
counter/3/0/0/0,12826:1747647660500:,1747647674039
counter/3/0/0/0,12827:1747647660500:,1747647674039
counter/3/0/0/0,12828:1747647660500:,1747647674039
counter/3/0/0/0,12829:1747647660500:,1747647674039
counter/3/0/0/0,12830:1747647660500:,1747647674039
counter/3/0/0/0,12831:1747647660500:,1747647674039
counter/3/0/0/0,12832:1747647660500:,1747647674039
counter/1/0/0/0,13046:1747647659860:,1747647674039
counter/3/0/0/0,12833:1747647660500:,1747647674040
counter/9/0/0/0,12551:1747647659206:,1747647674041
counter/8/0/0/0,12274:1747647658970:,1747647674041
counter/5/0/0/0,11963:1747647658547:,1747647674041
counter/3/0/0/0,12834:1747647660502:,1747647674043
counter/5/0/0/0,11964:1747647658547:,1747647674043
counter/3/0/0/0,12835:1747647660502:,1747647674043
counter/3/0/0/0,12836:1747647660502:,1747647674043
counter/10/0/0/0,11375:1747647659110:,1747647674043
counter/3/0/0/0,12837:1747647660502:,1747647674043
counter/3/0/0/0,12838:1747647660502:,1747647674043
counter/3/0/0/0,12839:1747647660502:,1747647674043
counter/3/0/0/0,12840:1747647660502:,1747647674044
counter/3/0/0/0,12841:1747647660502:,1747647674044
counter/5/0/0/0,11965:1747647658547:,1747647674044
counter/5/0/0/0,11966:1747647658548:,1747647674044
counter/5/0/0/0,11967:1747647658548:,1747647674044
counter/5/0/0/0,11968:1747647658548:,1747647674044
counter/5/0/0/0,11969:1747647658548:,1747647674044
counter/5/0/0/0,11970:1747647658548:,1747647674044
counter/5/0/0/0,11971:1747647658548:,1747647674044
counter/5/0/0/0,11972:1747647658548:,1747647674044
counter/5/0/0/0,11973:1747647658548:,1747647674044
counter/5/0/0/0,11974:1747647658550:,1747647674044
counter/5/0/0/0,11975:1747647658550:,1747647674044
counter/5/0/0/0,11976:1747647658550:,1747647674044
counter/5/0/0/0,11977:1747647658550:,1747647674044
counter/5/0/0/0,11978:1747647658550:,1747647674044
counter/5/0/0/0,11979:1747647658550:,1747647674044
counter/1/0/0/0,13047:1747647659860:,1747647674044
counter/5/0/0/0,11980:1747647658550:,1747647674044
counter/6/0/0/0,11699:1747647659464:,1747647674045
counter/3/0/0/0,12842:1747647660502:,1747647674045
counter/5/0/0/0,11981:1747647658550:,1747647674045
counter/6/0/0/0,11700:1747647659464:,1747647674045
counter/5/0/0/0,11982:1747647658550:,1747647674045
counter/8/0/0/0,12275:1747647658970:,1747647674045
counter/5/0/0/0,11983:1747647658550:,1747647674045
counter/5/0/0/0,11984:1747647658564:,1747647674045
counter/3/0/0/0,12843:1747647660502:,1747647674045
counter/3/0/0/0,12844:1747647660502:,1747647674045
counter/3/0/0/0,12845:1747647660502:,1747647674045
counter/3/0/0/0,12846:1747647660502:,1747647674045
counter/8/0/0/0,12276:1747647658970:,1747647674046
counter/8/0/0/0,12277:1747647658970:,1747647674046
counter/5/0/0/0,11985:1747647658564:,1747647674046
counter/8/0/0/0,12278:1747647658971:,1747647674046
counter/8/0/0/0,12279:1747647658971:,1747647674046
counter/8/0/0/0,12280:1747647658971:,1747647674047
counter/8/0/0/0,12281:1747647658971:,1747647674047
counter/6/0/0/0,11701:1747647659464:,1747647674048
counter/10/0/0/0,11376:1747647659110:,1747647674048
counter/10/0/0/0,11377:1747647659110:,1747647674048
counter/10/0/0/0,11378:1747647659110:,1747647674048
counter/10/0/0/0,11379:1747647659111:,1747647674048
counter/10/0/0/0,11380:1747647659111:,1747647674048
counter/10/0/0/0,11381:1747647659111:,1747647674048
counter/10/0/0/0,11382:1747647659111:,1747647674048
counter/8/0/0/0,12282:1747647658971:,1747647674048
counter/10/0/0/0,11383:1747647659111:,1747647674048
counter/10/0/0/0,11384:1747647659121:,1747647674048
counter/9/0/0/0,12552:1747647659207:,1747647674049
counter/9/0/0/0,12553:1747647659207:,1747647674049
counter/9/0/0/0,12554:1747647659207:,1747647674049
counter/9/0/0/0,12555:1747647659207:,1747647674049
counter/5/0/0/0,11986:1747647658564:,1747647674049
counter/9/0/0/0,12556:1747647659207:,1747647674049
counter/5/0/0/0,11987:1747647658564:,1747647674049
counter/5/0/0/0,11988:1747647658576:,1747647674049
counter/5/0/0/0,11989:1747647658576:,1747647674049
counter/5/0/0/0,11990:1747647658576:,1747647674049
counter/5/0/0/0,11991:1747647658576:,1747647674049
counter/5/0/0/0,11992:1747647658576:,1747647674049
counter/5/0/0/0,11993:1747647658576:,1747647674049
counter/5/0/0/0,11994:1747647658576:,1747647674049
counter/5/0/0/0,11995:1747647658576:,1747647674049
counter/5/0/0/0,11996:1747647658576:,1747647674049
counter/8/0/0/0,12283:1747647658971:,1747647674049
counter/5/0/0/0,11997:1747647658576:,1747647674049
counter/6/0/0/0,11702:1747647659479:,1747647674049
counter/5/0/0/0,11998:1747647658580:,1747647674049
counter/5/0/0/0,11999:1747647658580:,1747647674050
counter/4/0/0/0,12226:1747647660532:,1747647674050
counter/5/0/0/0,12000:1747647658580:,1747647674050
counter/4/0/0/0,12227:1747647660532:,1747647674050
counter/4/0/0/0,12228:1747647660532:,1747647674050
counter/4/0/0/0,12229:1747647660532:,1747647674050
counter/4/0/0/0,12230:1747647660532:,1747647674050
counter/7/0/0/0,12034:1747647659285:,1747647674050
counter/1/0/0/0,13048:1747647659860:,1747647674050
counter/8/0/0/0,12284:1747647658971:,1747647674050
counter/6/0/0/0,11703:1747647659479:,1747647674050
counter/6/0/0/0,11704:1747647659479:,1747647674050
counter/6/0/0/0,11705:1747647659479:,1747647674050
counter/6/0/0/0,11706:1747647659479:,1747647674050
counter/6/0/0/0,11707:1747647659479:,1747647674050
counter/6/0/0/0,11708:1747647659479:,1747647674050
counter/6/0/0/0,11709:1747647659479:,1747647674050
counter/6/0/0/0,11710:1747647659479:,1747647674050
counter/6/0/0/0,11711:1747647659479:,1747647674051
counter/6/0/0/0,11712:1747647659479:,1747647674051
counter/6/0/0/0,11713:1747647659479:,1747647674051
counter/6/0/0/0,11714:1747647659479:,1747647674051
counter/6/0/0/0,11715:1747647659479:,1747647674051
counter/9/0/0/0,12557:1747647659207:,1747647674052
counter/1/0/0/0,13049:1747647659860:,1747647674052
counter/1/0/0/0,13050:1747647659861:,1747647674052
counter/8/0/0/0,12285:1747647658975:,1747647674052
counter/7/0/0/0,12035:1747647659285:,1747647674052
counter/7/0/0/0,12036:1747647659285:,1747647674052
counter/7/0/0/0,12037:1747647659285:,1747647674053
counter/7/0/0/0,12038:1747647659289:,1747647674053
counter/7/0/0/0,12039:1747647659289:,1747647674053
counter/7/0/0/0,12040:1747647659289:,1747647674053
counter/7/0/0/0,12041:1747647659289:,1747647674053
counter/7/0/0/0,12042:1747647659298:,1747647674053
counter/7/0/0/0,12043:1747647659298:,1747647674053
counter/7/0/0/0,12044:1747647659298:,1747647674053
counter/7/0/0/0,12045:1747647659298:,1747647674053
counter/7/0/0/0,12046:1747647659298:,1747647674053
counter/7/0/0/0,12047:1747647659298:,1747647674053
counter/7/0/0/0,12048:1747647659298:,1747647674053
counter/2/0/0/0,11938:1747647658465:,1747647674053
counter/5/0/0/0,12001:1747647658580:,1747647674053
counter/5/0/0/0,12002:1747647658580:,1747647674053
counter/6/0/0/0,11716:1747647659479:,1747647674053
counter/6/0/0/0,11717:1747647659479:,1747647674053
counter/6/0/0/0,11718:1747647659479:,1747647674053
counter/1/0/0/0,13051:1747647659872:,1747647674054
counter/6/0/0/0,11719:1747647659479:,1747647674055
counter/6/0/0/0,11720:1747647659479:,1747647674056
counter/4/0/0/0,12231:1747647660532:,1747647674056
counter/7/0/0/0,12049:1747647659298:,1747647674056
counter/9/0/0/0,12558:1747647659208:,1747647674056
counter/7/0/0/0,12050:1747647659298:,1747647674056
counter/8/0/0/0,12286:1747647658975:,1747647674056
counter/2/0/0/0,11939:1747647658465:,1747647674056
counter/5/0/0/0,12003:1747647658580:,1747647674056
counter/5/0/0/0,12004:1747647658580:,1747647674056
counter/1/0/0/0,13052:1747647659872:,1747647674056
counter/1/0/0/0,13053:1747647659872:,1747647674056
counter/1/0/0/0,13054:1747647659872:,1747647674056
counter/1/0/0/0,13055:1747647659872:,1747647674056
counter/1/0/0/0,13056:1747647659877:,1747647674056
counter/1/0/0/0,13057:1747647659877:,1747647674056
counter/1/0/0/0,13058:1747647659877:,1747647674056
counter/1/0/0/0,13059:1747647659877:,1747647674056
counter/10/0/0/0,11385:1747647659122:,1747647674057
counter/9/0/0/0,12559:1747647659208:,1747647674057
counter/9/0/0/0,12560:1747647659208:,1747647674057
counter/9/0/0/0,12561:1747647659208:,1747647674058
counter/7/0/0/0,12051:1747647659298:,1747647674058
counter/7/0/0/0,12052:1747647659298:,1747647674058
counter/7/0/0/0,12053:1747647659298:,1747647674058
counter/7/0/0/0,12054:1747647659298:,1747647674058
counter/7/0/0/0,12055:1747647659298:,1747647674058
counter/7/0/0/0,12056:1747647659298:,1747647674058
counter/7/0/0/0,12057:1747647659298:,1747647674058
counter/7/0/0/0,12058:1747647659302:,1747647674058
counter/6/0/0/0,11721:1747647659479:,1747647674058
counter/4/0/0/0,12232:1747647660533:,1747647674058
counter/6/0/0/0,11722:1747647659479:,1747647674059
counter/4/0/0/0,12233:1747647660533:,1747647674059
counter/4/0/0/0,12234:1747647660533:,1747647674059
counter/4/0/0/0,12235:1747647660533:,1747647674059
counter/10/0/0/0,11386:1747647659122:,1747647674060
counter/8/0/0/0,12287:1747647658975:,1747647674060
counter/5/0/0/0,12005:1747647658580:,1747647674062
counter/10/0/0/0,11387:1747647659122:,1747647674062
counter/8/0/0/0,12288:1747647658975:,1747647674062
counter/10/0/0/0,11388:1747647659122:,1747647674062
counter/7/0/0/0,12059:1747647659302:,1747647674062
counter/7/0/0/0,12060:1747647659302:,1747647674062
counter/1/0/0/0,13060:1747647659877:,1747647674062
counter/1/0/0/0,13061:1747647659877:,1747647674062
counter/1/0/0/0,13062:1747647659883:,1747647674062
counter/1/0/0/0,13063:1747647659883:,1747647674062
counter/1/0/0/0,13064:1747647659883:,1747647674062
counter/1/0/0/0,13065:1747647659883:,1747647674062
counter/1/0/0/0,13066:1747647659883:,1747647674062
counter/1/0/0/0,13067:1747647659883:,1747647674062
counter/1/0/0/0,13068:1747647659884:,1747647674062
counter/1/0/0/0,13069:1747647659884:,1747647674062
counter/1/0/0/0,13070:1747647659884:,1747647674062
counter/1/0/0/0,13071:1747647659884:,1747647674062
counter/1/0/0/0,13072:1747647659884:,1747647674062
counter/4/0/0/0,12236:1747647660533:,1747647674062
counter/8/0/0/0,12289:1747647658975:,1747647674063
counter/9/0/0/0,12562:1747647659208:,1747647674063
counter/10/0/0/0,11389:1747647659122:,1747647674063
counter/5/0/0/0,12006:1747647658580:,1747647674063
counter/5/0/0/0,12007:1747647658580:,1747647674064
counter/3/0/0/0,12847:1747647660514:,1747647674064
counter/5/0/0/0,12008:1747647658580:,1747647674064
counter/5/0/0/0,12009:1747647658581:,1747647674064
counter/7/0/0/0,12061:1747647659302:,1747647674064
counter/5/0/0/0,12010:1747647658868:,1747647674064
counter/3/0/0/0,12848:1747647660514:,1747647674065
counter/3/0/0/0,12849:1747647660514:,1747647674065
counter/3/0/0/0,12850:1747647660514:,1747647674065
counter/3/0/0/0,12851:1747647660514:,1747647674065
counter/3/0/0/0,12852:1747647660514:,1747647674065
counter/3/0/0/0,12853:1747647660514:,1747647674065
counter/3/0/0/0,12854:1747647660514:,1747647674065
counter/3/0/0/0,12855:1747647660514:,1747647674065
counter/4/0/0/0,12237:1747647660534:,1747647674065
counter/3/0/0/0,12856:1747647660515:,1747647674065
counter/8/0/0/0,12290:1747647658975:,1747647674065
counter/9/0/0/0,12563:1747647659208:,1747647674065
counter/3/0/0/0,12857:1747647660515:,1747647674065
counter/2/0/0/0,11940:1747647658465:,1747647674065
counter/3/0/0/0,12858:1747647660515:,1747647674065
counter/3/0/0/0,12859:1747647660515:,1747647674065
counter/3/0/0/0,12860:1747647660515:,1747647674065
counter/3/0/0/0,12861:1747647660515:,1747647674065
counter/3/0/0/0,12862:1747647660515:,1747647674065
counter/3/0/0/0,12863:1747647660515:,1747647674066
counter/10/0/0/0,11390:1747647659122:,1747647674066
counter/6/0/0/0,11723:1747647659479:,1747647674066
counter/5/0/0/0,12011:1747647658868:,1747647674066
counter/8/0/0/0,12291:1747647658975:,1747647674066
counter/6/0/0/0,11724:1747647659479:,1747647674066
counter/8/0/0/0,12292:1747647658975:,1747647674066
counter/8/0/0/0,12293:1747647658975:,1747647674067
counter/8/0/0/0,12294:1747647658975:,1747647674067
counter/8/0/0/0,12295:1747647658975:,1747647674067
counter/8/0/0/0,12296:1747647658975:,1747647674067
counter/8/0/0/0,12297:1747647658975:,1747647674067
counter/8/0/0/0,12298:1747647658975:,1747647674067
counter/8/0/0/0,12299:1747647658977:,1747647674068
counter/8/0/0/0,12300:1747647658977:,1747647674068
counter/8/0/0/0,12301:1747647658977:,1747647674068
counter/10/0/0/0,11391:1747647659122:,1747647674068
counter/10/0/0/0,11392:1747647659122:,1747647674068
counter/10/0/0/0,11393:1747647659122:,1747647674068
counter/10/0/0/0,11394:1747647659122:,1747647674068
counter/10/0/0/0,11395:1747647659122:,1747647674068
counter/10/0/0/0,11396:1747647659122:,1747647674068
counter/7/0/0/0,12062:1747647659302:,1747647674068
counter/7/0/0/0,12063:1747647659302:,1747647674068
counter/10/0/0/0,11397:1747647659122:,1747647674068
counter/7/0/0/0,12064:1747647659302:,1747647674068
counter/10/0/0/0,11398:1747647659122:,1747647674068
counter/10/0/0/0,11399:1747647659135:,1747647674068
counter/10/0/0/0,11400:1747647659135:,1747647674068
counter/10/0/0/0,11401:1747647659135:,1747647674068
counter/10/0/0/0,11402:1747647659135:,1747647674068
counter/8/0/0/0,12302:1747647658978:,1747647674068
counter/7/0/0/0,12065:1747647659302:,1747647674069
counter/5/0/0/0,12012:1747647658868:,1747647674069
counter/5/0/0/0,12013:1747647658873:,1747647674069
counter/5/0/0/0,12014:1747647658873:,1747647674069
counter/5/0/0/0,12015:1747647658878:,1747647674069
counter/5/0/0/0,12016:1747647658878:,1747647674070
counter/7/0/0/0,12066:1747647659302:,1747647674070
counter/7/0/0/0,12067:1747647659302:,1747647674070
counter/7/0/0/0,12068:1747647659302:,1747647674070
counter/7/0/0/0,12069:1747647659302:,1747647674070
counter/7/0/0/0,12070:1747647659302:,1747647674070
counter/7/0/0/0,12071:1747647659302:,1747647674070
counter/7/0/0/0,12072:1747647659310:,1747647674070
counter/7/0/0/0,12073:1747647659310:,1747647674070
counter/7/0/0/0,12074:1747647659310:,1747647674070
counter/7/0/0/0,12075:1747647659311:,1747647674070
counter/7/0/0/0,12076:1747647659311:,1747647674070
counter/1/0/0/0,13073:1747647659884:,1747647674070
counter/1/0/0/0,13074:1747647659886:,1747647674070
counter/1/0/0/0,13075:1747647659891:,1747647674071
counter/1/0/0/0,13076:1747647659891:,1747647674071
counter/9/0/0/0,12564:1747647659208:,1747647674071
counter/10/0/0/0,11403:1747647659135:,1747647674071
counter/9/0/0/0,12565:1747647659208:,1747647674071
counter/9/0/0/0,12566:1747647659208:,1747647674071
counter/9/0/0/0,12567:1747647659208:,1747647674071
counter/9/0/0/0,12568:1747647659208:,1747647674072
counter/9/0/0/0,12569:1747647659208:,1747647674072
counter/8/0/0/0,12303:1747647658980:,1747647674072
counter/10/0/0/0,11404:1747647659135:,1747647674072
counter/2/0/0/0,11941:1747647658465:,1747647674072
counter/9/0/0/0,12570:1747647659209:,1747647674072
counter/9/0/0/0,12571:1747647659209:,1747647674072
counter/9/0/0/0,12572:1747647659209:,1747647674072
counter/1/0/0/0,13077:1747647659893:,1747647674072
counter/1/0/0/0,13078:1747647659893:,1747647674072
counter/1/0/0/0,13079:1747647659893:,1747647674072
counter/1/0/0/0,13080:1747647659893:,1747647674072
counter/10/0/0/0,11405:1747647659135:,1747647674073
counter/10/0/0/0,11406:1747647659135:,1747647674073
counter/10/0/0/0,11407:1747647659136:,1747647674073
counter/10/0/0/0,11408:1747647659148:,1747647674073
counter/10/0/0/0,11409:1747647659148:,1747647674073
counter/2/0/0/0,11942:1747647658466:,1747647674073
counter/10/0/0/0,11410:1747647659149:,1747647674073
counter/9/0/0/0,12573:1747647659209:,1747647674073
counter/2/0/0/0,11943:1747647658466:,1747647674073
counter/4/0/0/0,12238:1747647660534:,1747647674073
counter/2/0/0/0,11944:1747647658466:,1747647674074
counter/2/0/0/0,11945:1747647658466:,1747647674074
counter/2/0/0/0,11946:1747647658466:,1747647674074
counter/2/0/0/0,11947:1747647658466:,1747647674074
counter/2/0/0/0,11948:1747647658466:,1747647674075
counter/2/0/0/0,11949:1747647658466:,1747647674075
counter/2/0/0/0,11950:1747647658469:,1747647674075
counter/2/0/0/0,11951:1747647658469:,1747647674075
counter/2/0/0/0,11952:1747647658469:,1747647674075
counter/2/0/0/0,11953:1747647658469:,1747647674075
counter/2/0/0/0,11954:1747647658469:,1747647674075
counter/2/0/0/0,11955:1747647658469:,1747647674075
counter/2/0/0/0,11956:1747647658469:,1747647674075
counter/2/0/0/0,11957:1747647658469:,1747647674075
counter/2/0/0/0,11958:1747647658469:,1747647674075
counter/2/0/0/0,11959:1747647658469:,1747647674075
counter/3/0/0/0,12864:1747647660515:,1747647674075
counter/2/0/0/0,11960:1747647658469:,1747647674075
counter/7/0/0/0,12077:1747647659311:,1747647674075
counter/10/0/0/0,11411:1747647659149:,1747647674076
counter/2/0/0/0,11961:1747647658469:,1747647674076
counter/2/0/0/0,11962:1747647658469:,1747647674076
counter/2/0/0/0,11963:1747647658469:,1747647674076
counter/2/0/0/0,11964:1747647658469:,1747647674076
counter/2/0/0/0,11965:1747647658469:,1747647674076
counter/2/0/0/0,11966:1747647658469:,1747647674076
counter/2/0/0/0,11967:1747647658469:,1747647674076
counter/2/0/0/0,11968:1747647658469:,1747647674076
counter/2/0/0/0,11969:1747647658469:,1747647674076
counter/2/0/0/0,11970:1747647658469:,1747647674076
counter/2/0/0/0,11971:1747647658469:,1747647674076
counter/2/0/0/0,11972:1747647658470:,1747647674076
counter/2/0/0/0,11973:1747647658470:,1747647674076
counter/7/0/0/0,12078:1747647659312:,1747647674076
counter/7/0/0/0,12079:1747647659312:,1747647674077
counter/7/0/0/0,12080:1747647659312:,1747647674077
counter/7/0/0/0,12081:1747647659312:,1747647674077
counter/8/0/0/0,12304:1747647658980:,1747647674077
counter/10/0/0/0,11412:1747647659149:,1747647674077
counter/7/0/0/0,12082:1747647659312:,1747647674077
counter/7/0/0/0,12083:1747647659313:,1747647674077
counter/7/0/0/0,12084:1747647659313:,1747647674077
counter/7/0/0/0,12085:1747647659313:,1747647674077
counter/7/0/0/0,12086:1747647659313:,1747647674077
counter/6/0/0/0,11725:1747647659483:,1747647674079
counter/2/0/0/0,11974:1747647658470:,1747647674079
counter/2/0/0/0,11975:1747647658470:,1747647674079
counter/2/0/0/0,11976:1747647658470:,1747647674079
counter/2/0/0/0,11977:1747647658470:,1747647674079
counter/10/0/0/0,11413:1747647659149:,1747647674079
counter/3/0/0/0,12865:1747647660538:,1747647674079
counter/3/0/0/0,12866:1747647660538:,1747647674079
counter/3/0/0/0,12867:1747647660538:,1747647674079
counter/3/0/0/0,12868:1747647660538:,1747647674079
counter/3/0/0/0,12869:1747647660540:,1747647674079
counter/3/0/0/0,12870:1747647660540:,1747647674080
counter/2/0/0/0,11978:1747647658470:,1747647674080
counter/10/0/0/0,11414:1747647659149:,1747647674080
counter/10/0/0/0,11415:1747647659149:,1747647674080
counter/1/0/0/0,13081:1747647659893:,1747647674080
counter/10/0/0/0,11416:1747647659150:,1747647674080
counter/10/0/0/0,11417:1747647659154:,1747647674080
counter/6/0/0/0,11726:1747647659483:,1747647674081
counter/7/0/0/0,12087:1747647659313:,1747647674084
counter/1/0/0/0,13082:1747647659894:,1747647674084
counter/4/0/0/0,12239:1747647660534:,1747647674084
counter/6/0/0/0,11727:1747647659483:,1747647674084
counter/6/0/0/0,11728:1747647659483:,1747647674085
counter/6/0/0/0,11729:1747647659483:,1747647674085
counter/9/0/0/0,12574:1747647659209:,1747647674085
counter/8/0/0/0,12305:1747647658980:,1747647674085
counter/4/0/0/0,12240:1747647660534:,1747647674085
counter/4/0/0/0,12241:1747647660534:,1747647674086
counter/4/0/0/0,12242:1747647660536:,1747647674086
counter/4/0/0/0,12243:1747647660536:,1747647674086
counter/4/0/0/0,12244:1747647660536:,1747647674086
counter/4/0/0/0,12245:1747647660536:,1747647674086
counter/4/0/0/0,12246:1747647660536:,1747647674086
counter/4/0/0/0,12247:1747647660549:,1747647674086
counter/7/0/0/0,12088:1747647659313:,1747647674086
counter/5/0/0/0,12017:1747647658879:,1747647674086
counter/5/0/0/0,12018:1747647658879:,1747647674086
counter/5/0/0/0,12019:1747647658882:,1747647674086
counter/6/0/0/0,11730:1747647659483:,1747647674086
counter/5/0/0/0,12020:1747647658882:,1747647674087
counter/10/0/0/0,11418:1747647659154:,1747647674087
counter/1/0/0/0,13083:1747647659895:,1747647674087
counter/1/0/0/0,13084:1747647659895:,1747647674087
counter/1/0/0/0,13085:1747647659895:,1747647674087
counter/1/0/0/0,13086:1747647659897:,1747647674087
counter/1/0/0/0,13087:1747647659898:,1747647674087
counter/1/0/0/0,13088:1747647659898:,1747647674087
counter/1/0/0/0,13089:1747647659898:,1747647674087
counter/1/0/0/0,13090:1747647659898:,1747647674087
counter/8/0/0/0,12306:1747647658980:,1747647674087
counter/8/0/0/0,12307:1747647658980:,1747647674087
counter/8/0/0/0,12308:1747647658980:,1747647674087
counter/8/0/0/0,12309:1747647658980:,1747647674088
counter/8/0/0/0,12310:1747647658980:,1747647674088
counter/8/0/0/0,12311:1747647658980:,1747647674088
counter/9/0/0/0,12575:1747647659209:,1747647674088
counter/6/0/0/0,11731:1747647659483:,1747647674089
counter/3/0/0/0,12871:1747647660541:,1747647674089
counter/3/0/0/0,12872:1747647660541:,1747647674089
counter/3/0/0/0,12873:1747647660541:,1747647674089
counter/7/0/0/0,12089:1747647659313:,1747647674089
counter/7/0/0/0,12090:1747647659313:,1747647674089
counter/7/0/0/0,12091:1747647659313:,1747647674089
counter/7/0/0/0,12092:1747647659313:,1747647674089
counter/7/0/0/0,12093:1747647659313:,1747647674089
counter/7/0/0/0,12094:1747647659319:,1747647674089
counter/7/0/0/0,12095:1747647659332:,1747647674090
counter/7/0/0/0,12096:1747647659332:,1747647674090
counter/7/0/0/0,12097:1747647659332:,1747647674090
counter/7/0/0/0,12098:1747647659332:,1747647674090
counter/10/0/0/0,11419:1747647659154:,1747647674090
counter/5/0/0/0,12021:1747647658890:,1747647674090
counter/8/0/0/0,12312:1747647658980:,1747647674090
counter/6/0/0/0,11732:1747647659484:,1747647674090
counter/6/0/0/0,11733:1747647659484:,1747647674090
counter/6/0/0/0,11734:1747647659484:,1747647674090
counter/6/0/0/0,11735:1747647659484:,1747647674090
counter/3/0/0/0,12874:1747647660541:,1747647674090
counter/3/0/0/0,12875:1747647660541:,1747647674090
counter/3/0/0/0,12876:1747647660541:,1747647674090
counter/3/0/0/0,12877:1747647660541:,1747647674090
counter/3/0/0/0,12878:1747647660541:,1747647674090
counter/3/0/0/0,12879:1747647660541:,1747647674090
counter/3/0/0/0,12880:1747647660541:,1747647674090
counter/3/0/0/0,12881:1747647660541:,1747647674090
counter/3/0/0/0,12882:1747647660541:,1747647674090
counter/3/0/0/0,12883:1747647660541:,1747647674090
counter/3/0/0/0,12884:1747647660541:,1747647674090
counter/3/0/0/0,12885:1747647660541:,1747647674090
counter/9/0/0/0,12576:1747647659209:,1747647674090
counter/7/0/0/0,12099:1747647659332:,1747647674091
counter/1/0/0/0,13091:1747647659898:,1747647674091
counter/4/0/0/0,12248:1747647660550:,1747647674091
counter/4/0/0/0,12249:1747647660550:,1747647674091
counter/6/0/0/0,11736:1747647659484:,1747647674092
counter/9/0/0/0,12577:1747647659209:,1747647674092
counter/5/0/0/0,12022:1747647658894:,1747647674093
counter/1/0/0/0,13092:1747647659898:,1747647674093
counter/5/0/0/0,12023:1747647658902:,1747647674093
counter/1/0/0/0,13093:1747647659898:,1747647674093
counter/6/0/0/0,11737:1747647659484:,1747647674094
counter/10/0/0/0,11420:1747647659155:,1747647674094
counter/10/0/0/0,11421:1747647659155:,1747647674094
counter/10/0/0/0,11422:1747647659160:,1747647674094
counter/10/0/0/0,11423:1747647659160:,1747647674094
counter/10/0/0/0,11424:1747647659160:,1747647674095
counter/7/0/0/0,12100:1747647659332:,1747647674095
counter/7/0/0/0,12101:1747647659332:,1747647674095
counter/7/0/0/0,12102:1747647659332:,1747647674095
counter/7/0/0/0,12103:1747647659332:,1747647674095
counter/7/0/0/0,12104:1747647659332:,1747647674095
counter/7/0/0/0,12105:1747647659332:,1747647674095
counter/7/0/0/0,12106:1747647659332:,1747647674095
counter/7/0/0/0,12107:1747647659332:,1747647674095
counter/7/0/0/0,12108:1747647659332:,1747647674095
counter/7/0/0/0,12109:1747647659332:,1747647674095
counter/7/0/0/0,12110:1747647659332:,1747647674095
counter/7/0/0/0,12111:1747647659332:,1747647674095
counter/6/0/0/0,11738:1747647659492:,1747647674096
counter/6/0/0/0,11739:1747647659492:,1747647674096
counter/10/0/0/0,11425:1747647659160:,1747647674096
counter/3/0/0/0,12886:1747647660541:,1747647674097
counter/3/0/0/0,12887:1747647660541:,1747647674097
counter/3/0/0/0,12888:1747647660541:,1747647674097
counter/4/0/0/0,12250:1747647660550:,1747647674097
counter/3/0/0/0,12889:1747647660541:,1747647674097
counter/4/0/0/0,12251:1747647660550:,1747647674097
counter/3/0/0/0,12890:1747647660541:,1747647674097
counter/4/0/0/0,12252:1747647660550:,1747647674097
counter/4/0/0/0,12253:1747647660551:,1747647674097
counter/4/0/0/0,12254:1747647660554:,1747647674097
counter/7/0/0/0,12112:1747647659332:,1747647674097
counter/7/0/0/0,12113:1747647659332:,1747647674098
counter/7/0/0/0,12114:1747647659332:,1747647674098
counter/10/0/0/0,11426:1747647659160:,1747647674098
counter/10/0/0/0,11427:1747647659167:,1747647674098
counter/2/0/0/0,11979:1747647658470:,1747647674099
counter/2/0/0/0,11980:1747647658470:,1747647674099
counter/7/0/0/0,12115:1747647659338:,1747647674099
counter/2/0/0/0,11981:1747647658470:,1747647674099
counter/7/0/0/0,12116:1747647659338:,1747647674099
counter/2/0/0/0,11982:1747647658470:,1747647674099
counter/7/0/0/0,12117:1747647659338:,1747647674099
counter/2/0/0/0,11983:1747647658470:,1747647674099
counter/6/0/0/0,11740:1747647659492:,1747647674099
counter/1/0/0/0,13094:1747647659898:,1747647674099
counter/6/0/0/0,11741:1747647659492:,1747647674099
counter/6/0/0/0,11742:1747647659492:,1747647674099
counter/6/0/0/0,11743:1747647659492:,1747647674099
counter/6/0/0/0,11744:1747647659519:,1747647674099
counter/6/0/0/0,11745:1747647659519:,1747647674099
counter/6/0/0/0,11746:1747647659519:,1747647674099
counter/4/0/0/0,12255:1747647660554:,1747647674100
counter/8/0/0/0,12313:1747647658980:,1747647674100
counter/3/0/0/0,12891:1747647660541:,1747647674100
counter/3/0/0/0,12892:1747647660541:,1747647674100
counter/3/0/0/0,12893:1747647660541:,1747647674101
counter/3/0/0/0,12894:1747647660541:,1747647674101
counter/3/0/0/0,12895:1747647660549:,1747647674101
counter/3/0/0/0,12896:1747647660549:,1747647674101
counter/3/0/0/0,12897:1747647660549:,1747647674101
counter/3/0/0/0,12898:1747647660549:,1747647674101
counter/3/0/0/0,12899:1747647660549:,1747647674101
counter/3/0/0/0,12900:1747647660572:,1747647674101
counter/3/0/0/0,12901:1747647660572:,1747647674101
counter/3/0/0/0,12902:1747647660572:,1747647674101
counter/4/0/0/0,12256:1747647660554:,1747647674101
counter/7/0/0/0,12118:1747647659338:,1747647674101
counter/1/0/0/0,13095:1747647659898:,1747647674101
counter/1/0/0/0,13096:1747647659898:,1747647674101
counter/1/0/0/0,13097:1747647659898:,1747647674101
counter/10/0/0/0,11428:1747647659167:,1747647674101
counter/10/0/0/0,11429:1747647659167:,1747647674101
counter/10/0/0/0,11430:1747647659167:,1747647674101
counter/10/0/0/0,11431:1747647659167:,1747647674101
counter/6/0/0/0,11747:1747647659519:,1747647674101
counter/6/0/0/0,11748:1747647659519:,1747647674101
counter/6/0/0/0,11749:1747647659520:,1747647674101
counter/6/0/0/0,11750:1747647659520:,1747647674101
counter/6/0/0/0,11751:1747647659534:,1747647674102
counter/2/0/0/0,11984:1747647658470:,1747647674102
counter/2/0/0/0,11985:1747647658470:,1747647674102
counter/2/0/0/0,11986:1747647658470:,1747647674102
counter/2/0/0/0,11987:1747647658470:,1747647674102
counter/2/0/0/0,11988:1747647658470:,1747647674102
counter/1/0/0/0,13098:1747647659898:,1747647674103
counter/1/0/0/0,13099:1747647659898:,1747647674103
counter/1/0/0/0,13100:1747647659898:,1747647674103
counter/1/0/0/0,13101:1747647659898:,1747647674103
counter/1/0/0/0,13102:1747647659898:,1747647674103
counter/4/0/0/0,12257:1747647660554:,1747647674103
counter/1/0/0/0,13103:1747647659898:,1747647674103
counter/1/0/0/0,13104:1747647659898:,1747647674103
counter/5/0/0/0,12024:1747647658904:,1747647674104
counter/5/0/0/0,12025:1747647658923:,1747647674104
counter/5/0/0/0,12026:1747647658927:,1747647674104
counter/8/0/0/0,12314:1747647658980:,1747647674104
counter/5/0/0/0,12027:1747647658927:,1747647674104
counter/5/0/0/0,12028:1747647658927:,1747647674104
counter/10/0/0/0,11432:1747647659167:,1747647674105
counter/1/0/0/0,13105:1747647659898:,1747647674105
counter/1/0/0/0,13106:1747647659898:,1747647674105
counter/1/0/0/0,13107:1747647659898:,1747647674105
counter/1/0/0/0,13108:1747647659898:,1747647674105
counter/1/0/0/0,13109:1747647659898:,1747647674105
counter/1/0/0/0,13110:1747647659900:,1747647674106
counter/4/0/0/0,12258:1747647660554:,1747647674106
counter/1/0/0/0,13111:1747647659900:,1747647674106
counter/1/0/0/0,13112:1747647659900:,1747647674106
counter/5/0/0/0,12029:1747647658928:,1747647674107
counter/5/0/0/0,12030:1747647658928:,1747647674107
counter/5/0/0/0,12031:1747647658928:,1747647674107
counter/5/0/0/0,12032:1747647658928:,1747647674107
counter/5/0/0/0,12033:1747647658928:,1747647674107
counter/5/0/0/0,12034:1747647658928:,1747647674107
counter/5/0/0/0,12035:1747647658928:,1747647674107
counter/4/0/0/0,12259:1747647660554:,1747647674107
counter/10/0/0/0,11433:1747647659173:,1747647674108
counter/1/0/0/0,13113:1747647659906:,1747647674108
counter/10/0/0/0,11434:1747647659173:,1747647674108
counter/10/0/0/0,11435:1747647659173:,1747647674109
counter/10/0/0/0,11436:1747647659174:,1747647674109
counter/10/0/0/0,11437:1747647659174:,1747647674109
counter/10/0/0/0,11438:1747647659175:,1747647674109
counter/10/0/0/0,11439:1747647659175:,1747647674109
counter/10/0/0/0,11440:1747647659175:,1747647674109
counter/10/0/0/0,11441:1747647659175:,1747647674109
counter/10/0/0/0,11442:1747647659222:,1747647674109
counter/10/0/0/0,11443:1747647659222:,1747647674110
counter/10/0/0/0,11444:1747647659222:,1747647674110
counter/10/0/0/0,11445:1747647659222:,1747647674110
counter/2/0/0/0,11989:1747647658470:,1747647674110
counter/10/0/0/0,11446:1747647659222:,1747647674110
counter/9/0/0/0,12578:1747647659209:,1747647674110
counter/1/0/0/0,13114:1747647659906:,1747647674110
counter/9/0/0/0,12579:1747647659209:,1747647674110
counter/1/0/0/0,13115:1747647659906:,1747647674110
counter/1/0/0/0,13116:1747647659906:,1747647674110
counter/4/0/0/0,12260:1747647660555:,1747647674110
counter/1/0/0/0,13117:1747647659906:,1747647674110
counter/4/0/0/0,12261:1747647660557:,1747647674110
counter/1/0/0/0,13118:1747647659906:,1747647674111
counter/4/0/0/0,12262:1747647660557:,1747647674111
counter/1/0/0/0,13119:1747647659906:,1747647674111
counter/4/0/0/0,12263:1747647660557:,1747647674111
counter/10/0/0/0,11447:1747647659222:,1747647674111
counter/1/0/0/0,13120:1747647659906:,1747647674111
counter/5/0/0/0,12036:1747647658928:,1747647674111
counter/10/0/0/0,11448:1747647659222:,1747647674112
counter/7/0/0/0,12119:1747647659338:,1747647674112
counter/8/0/0/0,12315:1747647658980:,1747647674112
counter/8/0/0/0,12316:1747647658980:,1747647674113
counter/8/0/0/0,12317:1747647658980:,1747647674113
counter/3/0/0/0,12903:1747647660572:,1747647674113
counter/8/0/0/0,12318:1747647658980:,1747647674113
counter/3/0/0/0,12904:1747647660572:,1747647674113
counter/3/0/0/0,12905:1747647660572:,1747647674113
counter/3/0/0/0,12906:1747647660572:,1747647674113
counter/3/0/0/0,12907:1747647660572:,1747647674113
counter/3/0/0/0,12908:1747647660572:,1747647674113
counter/3/0/0/0,12909:1747647660572:,1747647674113
counter/3/0/0/0,12910:1747647660572:,1747647674113
counter/3/0/0/0,12911:1747647660572:,1747647674113
counter/3/0/0/0,12912:1747647660572:,1747647674113
counter/3/0/0/0,12913:1747647660576:,1747647674113
counter/3/0/0/0,12914:1747647660576:,1747647674114
counter/3/0/0/0,12915:1747647660576:,1747647674114
counter/3/0/0/0,12916:1747647660576:,1747647674114
counter/3/0/0/0,12917:1747647660576:,1747647674114
counter/3/0/0/0,12918:1747647660576:,1747647674114
counter/8/0/0/0,12319:1747647658980:,1747647674114
counter/3/0/0/0,12919:1747647660576:,1747647674114
counter/8/0/0/0,12320:1747647658980:,1747647674114
counter/3/0/0/0,12920:1747647660576:,1747647674114
counter/8/0/0/0,12321:1747647658980:,1747647674114
counter/5/0/0/0,12037:1747647658928:,1747647674114
counter/8/0/0/0,12322:1747647658980:,1747647674114
counter/8/0/0/0,12323:1747647658981:,1747647674114
counter/8/0/0/0,12324:1747647658981:,1747647674114
counter/8/0/0/0,12325:1747647658981:,1747647674114
counter/2/0/0/0,11990:1747647658470:,1747647674115
counter/3/0/0/0,12921:1747647660576:,1747647674115
counter/3/0/0/0,12922:1747647660576:,1747647674115
counter/10/0/0/0,11449:1747647659222:,1747647674115
counter/3/0/0/0,12923:1747647660576:,1747647674115
counter/7/0/0/0,12120:1747647659338:,1747647674115
counter/9/0/0/0,12580:1747647659209:,1747647674116
counter/9/0/0/0,12581:1747647659209:,1747647674116
counter/10/0/0/0,11450:1747647659222:,1747647674116
counter/9/0/0/0,12582:1747647659209:,1747647674116
counter/10/0/0/0,11451:1747647659236:,1747647674116
counter/9/0/0/0,12583:1747647659209:,1747647674116
counter/10/0/0/0,11452:1747647659236:,1747647674116
counter/9/0/0/0,12584:1747647659210:,1747647674116
counter/10/0/0/0,11453:1747647659236:,1747647674116
counter/9/0/0/0,12585:1747647659210:,1747647674116
counter/10/0/0/0,11454:1747647659236:,1747647674116
counter/10/0/0/0,11455:1747647659237:,1747647674116
counter/10/0/0/0,11456:1747647659237:,1747647674116
counter/10/0/0/0,11457:1747647659237:,1747647674116
counter/10/0/0/0,11458:1747647659237:,1747647674116
counter/10/0/0/0,11459:1747647659237:,1747647674116
counter/3/0/0/0,12924:1747647660576:,1747647674117
counter/3/0/0/0,12925:1747647660576:,1747647674117
counter/3/0/0/0,12926:1747647660576:,1747647674117
counter/3/0/0/0,12927:1747647660576:,1747647674117
counter/3/0/0/0,12928:1747647660576:,1747647674117
counter/3/0/0/0,12929:1747647660579:,1747647674117
counter/3/0/0/0,12930:1747647660580:,1747647674117
counter/3/0/0/0,12931:1747647660580:,1747647674117
counter/3/0/0/0,12932:1747647660580:,1747647674117
counter/3/0/0/0,12933:1747647660583:,1747647674117
counter/3/0/0/0,12934:1747647660583:,1747647674117
counter/3/0/0/0,12935:1747647660583:,1747647674117
counter/3/0/0/0,12936:1747647660583:,1747647674117
counter/3/0/0/0,12937:1747647660583:,1747647674117
counter/9/0/0/0,12586:1747647659210:,1747647674117
counter/9/0/0/0,12587:1747647659210:,1747647674117
counter/4/0/0/0,12264:1747647660557:,1747647674118
counter/4/0/0/0,12265:1747647660557:,1747647674119
counter/4/0/0/0,12266:1747647660557:,1747647674119
counter/6/0/0/0,11752:1747647659534:,1747647674119
counter/3/0/0/0,12938:1747647660583:,1747647674119
counter/3/0/0/0,12939:1747647660583:,1747647674119
counter/3/0/0/0,12940:1747647660583:,1747647674120
counter/3/0/0/0,12941:1747647660583:,1747647674120
counter/3/0/0/0,12942:1747647660583:,1747647674120
counter/9/0/0/0,12588:1747647659210:,1747647674120
counter/4/0/0/0,12267:1747647660557:,1747647674120
counter/7/0/0/0,12121:1747647659338:,1747647674120
counter/4/0/0/0,12268:1747647660557:,1747647674120
counter/2/0/0/0,11991:1747647658470:,1747647674120
counter/2/0/0/0,11992:1747647658470:,1747647674120
counter/1/0/0/0,13121:1747647659906:,1747647674120
counter/1/0/0/0,13122:1747647659907:,1747647674120
counter/1/0/0/0,13123:1747647659907:,1747647674120
counter/1/0/0/0,13124:1747647659907:,1747647674120
counter/1/0/0/0,13125:1747647659907:,1747647674120
counter/6/0/0/0,11753:1747647659536:,1747647674120
counter/3/0/0/0,12943:1747647660583:,1747647674120
counter/2/0/0/0,11993:1747647658474:,1747647674121
counter/2/0/0/0,11994:1747647658481:,1747647674121
counter/2/0/0/0,11995:1747647658481:,1747647674121
counter/2/0/0/0,11996:1747647658481:,1747647674121
counter/3/0/0/0,12944:1747647660583:,1747647674121
counter/8/0/0/0,12326:1747647659004:,1747647674121
counter/1/0/0/0,13126:1747647659907:,1747647674121
counter/2/0/0/0,11997:1747647658481:,1747647674122
counter/2/0/0/0,11998:1747647658481:,1747647674122
counter/2/0/0/0,11999:1747647658481:,1747647674122
counter/2/0/0/0,12000:1747647658481:,1747647674122
counter/2/0/0/0,12001:1747647658481:,1747647674122
counter/2/0/0/0,12002:1747647658499:,1747647674122
counter/2/0/0/0,12003:1747647658499:,1747647674122
counter/2/0/0/0,12004:1747647658499:,1747647674122
counter/2/0/0/0,12005:1747647658499:,1747647674122
counter/7/0/0/0,12122:1747647659339:,1747647674122
counter/2/0/0/0,12006:1747647658499:,1747647674122
counter/2/0/0/0,12007:1747647658499:,1747647674122
counter/10/0/0/0,11460:1747647659237:,1747647674123
counter/10/0/0/0,11461:1747647659237:,1747647674123
counter/10/0/0/0,11462:1747647659237:,1747647674123
counter/10/0/0/0,11463:1747647659237:,1747647674123
counter/10/0/0/0,11464:1747647659237:,1747647674123
counter/10/0/0/0,11465:1747647659237:,1747647674123
counter/10/0/0/0,11466:1747647659238:,1747647674123
counter/10/0/0/0,11467:1747647659238:,1747647674123
counter/10/0/0/0,11468:1747647659238:,1747647674123
counter/3/0/0/0,12945:1747647660583:,1747647674123
counter/9/0/0/0,12589:1747647659210:,1747647674123
counter/1/0/0/0,13127:1747647659907:,1747647674124
counter/6/0/0/0,11754:1747647659536:,1747647674124
counter/3/0/0/0,12946:1747647660583:,1747647674124
counter/3/0/0/0,12947:1747647660583:,1747647674124
counter/3/0/0/0,12948:1747647660583:,1747647674124
counter/3/0/0/0,12949:1747647660588:,1747647674124
counter/3/0/0/0,12950:1747647660588:,1747647674124
counter/3/0/0/0,12951:1747647660588:,1747647674124
counter/3/0/0/0,12952:1747647660588:,1747647674124
counter/3/0/0/0,12953:1747647660589:,1747647674124
counter/3/0/0/0,12954:1747647660589:,1747647674124
counter/3/0/0/0,12955:1747647660589:,1747647674124
counter/3/0/0/0,12956:1747647660589:,1747647674124
counter/5/0/0/0,12038:1747647658928:,1747647674124
counter/5/0/0/0,12039:1747647658928:,1747647674124
counter/7/0/0/0,12123:1747647659339:,1747647674124
counter/6/0/0/0,11755:1747647659536:,1747647674124
counter/10/0/0/0,11469:1747647659238:,1747647674124
counter/10/0/0/0,11470:1747647659238:,1747647674124
counter/10/0/0/0,11471:1747647659238:,1747647674124
counter/2/0/0/0,12008:1747647658499:,1747647674125
counter/2/0/0/0,12009:1747647658499:,1747647674125
counter/2/0/0/0,12010:1747647658499:,1747647674125
counter/2/0/0/0,12011:1747647658499:,1747647674125
counter/2/0/0/0,12012:1747647658499:,1747647674125
counter/7/0/0/0,12124:1747647659339:,1747647674125
counter/3/0/0/0,12957:1747647660589:,1747647674127
counter/3/0/0/0,12958:1747647660601:,1747647674127
counter/7/0/0/0,12125:1747647659339:,1747647674127
counter/10/0/0/0,11472:1747647659238:,1747647674127
counter/10/0/0/0,11473:1747647659238:,1747647674128
counter/6/0/0/0,11756:1747647659537:,1747647674129
counter/10/0/0/0,11474:1747647659238:,1747647674130
counter/10/0/0/0,11475:1747647659239:,1747647674130
counter/10/0/0/0,11476:1747647659242:,1747647674130
counter/10/0/0/0,11477:1747647659242:,1747647674130
counter/1/0/0/0,13128:1747647659907:,1747647674131
counter/1/0/0/0,13129:1747647659914:,1747647674131
counter/1/0/0/0,13130:1747647659914:,1747647674131
counter/1/0/0/0,13131:1747647659914:,1747647674131
counter/1/0/0/0,13132:1747647659914:,1747647674131
counter/2/0/0/0,12013:1747647658499:,1747647674131
counter/4/0/0/0,12269:1747647660557:,1747647674131
counter/5/0/0/0,12040:1747647658928:,1747647674132
counter/1/0/0/0,13133:1747647659914:,1747647674132
counter/6/0/0/0,11757:1747647659537:,1747647674132
counter/3/0/0/0,12959:1747647660601:,1747647674132
counter/3/0/0/0,12960:1747647660601:,1747647674132
counter/3/0/0/0,12961:1747647660601:,1747647674132
counter/3/0/0/0,12962:1747647660601:,1747647674132
counter/4/0/0/0,12270:1747647660557:,1747647674132
counter/2/0/0/0,12014:1747647658499:,1747647674132
counter/6/0/0/0,11758:1747647659538:,1747647674133
counter/6/0/0/0,11759:1747647659538:,1747647674133
counter/6/0/0/0,11760:1747647659538:,1747647674133
counter/6/0/0/0,11761:1747647659538:,1747647674133
counter/6/0/0/0,11762:1747647659542:,1747647674133
counter/6/0/0/0,11763:1747647659542:,1747647674133
counter/6/0/0/0,11764:1747647659542:,1747647674133
counter/6/0/0/0,11765:1747647659542:,1747647674133
counter/6/0/0/0,11766:1747647659542:,1747647674133
counter/6/0/0/0,11767:1747647659542:,1747647674134
counter/6/0/0/0,11768:1747647659542:,1747647674134
counter/6/0/0/0,11769:1747647659542:,1747647674134
counter/6/0/0/0,11770:1747647659542:,1747647674134
counter/6/0/0/0,11771:1747647659542:,1747647674134
counter/6/0/0/0,11772:1747647659542:,1747647674134
counter/6/0/0/0,11773:1747647659542:,1747647674134
counter/5/0/0/0,12041:1747647658929:,1747647674134
counter/2/0/0/0,12015:1747647658499:,1747647674134
counter/2/0/0/0,12016:1747647658499:,1747647674134
counter/2/0/0/0,12017:1747647658499:,1747647674134
counter/6/0/0/0,11774:1747647659542:,1747647674134
counter/2/0/0/0,12018:1747647658502:,1747647674134
counter/4/0/0/0,12271:1747647660557:,1747647674134
counter/2/0/0/0,12019:1747647658502:,1747647674134
counter/2/0/0/0,12020:1747647658502:,1747647674134
counter/2/0/0/0,12021:1747647658502:,1747647674134
counter/6/0/0/0,11775:1747647659542:,1747647674135
counter/6/0/0/0,11776:1747647659542:,1747647674135
counter/6/0/0/0,11777:1747647659542:,1747647674135
counter/4/0/0/0,12272:1747647660557:,1747647674135
counter/6/0/0/0,11778:1747647659542:,1747647674136
counter/8/0/0/0,12327:1747647659004:,1747647674137
counter/9/0/0/0,12590:1747647659210:,1747647674137
counter/2/0/0/0,12022:1747647658502:,1747647674137
counter/6/0/0/0,11779:1747647659542:,1747647674137
counter/6/0/0/0,11780:1747647659542:,1747647674137
counter/6/0/0/0,11781:1747647659542:,1747647674137
counter/6/0/0/0,11782:1747647659542:,1747647674137
counter/6/0/0/0,11783:1747647659542:,1747647674137
counter/1/0/0/0,13134:1747647659914:,1747647674138
counter/5/0/0/0,12042:1747647658929:,1747647674138
counter/5/0/0/0,12043:1747647658929:,1747647674138
counter/5/0/0/0,12044:1747647658930:,1747647674138
counter/1/0/0/0,13135:1747647659914:,1747647674139
counter/5/0/0/0,12045:1747647658930:,1747647674139
counter/7/0/0/0,12126:1747647659339:,1747647674139
counter/10/0/0/0,11478:1747647659242:,1747647674139
counter/10/0/0/0,11479:1747647659242:,1747647674139
counter/10/0/0/0,11480:1747647659242:,1747647674139
counter/10/0/0/0,11481:1747647659243:,1747647674139
counter/10/0/0/0,11482:1747647659243:,1747647674139
counter/10/0/0/0,11483:1747647659243:,1747647674139
counter/10/0/0/0,11484:1747647659243:,1747647674139
counter/2/0/0/0,12023:1747647658502:,1747647674141
counter/3/0/0/0,12963:1747647660609:,1747647674141
counter/10/0/0/0,11485:1747647659243:,1747647674141
counter/10/0/0/0,11486:1747647659243:,1747647674141
counter/10/0/0/0,11487:1747647659244:,1747647674141
counter/10/0/0/0,11488:1747647659244:,1747647674142
counter/10/0/0/0,11489:1747647659244:,1747647674142
counter/10/0/0/0,11490:1747647659245:,1747647674142
counter/3/0/0/0,12964:1747647660609:,1747647674142
counter/10/0/0/0,11491:1747647659245:,1747647674142
counter/1/0/0/0,13136:1747647659914:,1747647674143
counter/4/0/0/0,12273:1747647660557:,1747647674143
counter/5/0/0/0,12046:1747647658930:,1747647674143
counter/7/0/0/0,12127:1747647659339:,1747647674143
counter/6/0/0/0,11784:1747647659542:,1747647674143
counter/6/0/0/0,11785:1747647659543:,1747647674144
counter/1/0/0/0,13137:1747647659915:,1747647674148
counter/2/0/0/0,12024:1747647658502:,1747647674150
counter/2/0/0/0,12025:1747647658502:,1747647674150
counter/2/0/0/0,12026:1747647658502:,1747647674150
counter/2/0/0/0,12027:1747647658502:,1747647674150
counter/2/0/0/0,12028:1747647658502:,1747647674150
counter/2/0/0/0,12029:1747647658502:,1747647674150
counter/2/0/0/0,12030:1747647658502:,1747647674150
counter/10/0/0/0,11492:1747647659246:,1747647674150
counter/4/0/0/0,12274:1747647660557:,1747647674150
counter/5/0/0/0,12047:1747647658930:,1747647674153
counter/2/0/0/0,12031:1747647658502:,1747647674153
counter/7/0/0/0,12128:1747647659339:,1747647674154
counter/7/0/0/0,12129:1747647659340:,1747647674154
counter/9/0/0/0,12591:1747647659210:,1747647674154
counter/7/0/0/0,12130:1747647659340:,1747647674154
counter/9/0/0/0,12592:1747647659210:,1747647674154
counter/7/0/0/0,12131:1747647659340:,1747647674154
counter/9/0/0/0,12593:1747647659210:,1747647674154
counter/7/0/0/0,12132:1747647659343:,1747647674154
counter/9/0/0/0,12594:1747647659210:,1747647674154
counter/1/0/0/0,13138:1747647659915:,1747647674155
counter/6/0/0/0,11786:1747647659543:,1747647674155
counter/4/0/0/0,12275:1747647660557:,1747647674158
counter/3/0/0/0,12965:1747647660609:,1747647674158
counter/4/0/0/0,12276:1747647660557:,1747647674158
counter/4/0/0/0,12277:1747647660564:,1747647674158
counter/4/0/0/0,12278:1747647660564:,1747647674158
counter/4/0/0/0,12279:1747647660564:,1747647674158
counter/4/0/0/0,12280:1747647660564:,1747647674158
counter/4/0/0/0,12281:1747647660564:,1747647674158
counter/6/0/0/0,11787:1747647659543:,1747647674158
counter/4/0/0/0,12282:1747647660564:,1747647674158
counter/4/0/0/0,12283:1747647660564:,1747647674158
counter/8/0/0/0,12328:1747647659004:,1747647674161
counter/8/0/0/0,12329:1747647659004:,1747647674161
counter/8/0/0/0,12330:1747647659005:,1747647674161
counter/3/0/0/0,12966:1747647660609:,1747647674161
counter/10/0/0/0,11493:1747647659246:,1747647674161
counter/7/0/0/0,12133:1747647659343:,1747647674161
counter/7/0/0/0,12134:1747647659343:,1747647674161
counter/7/0/0/0,12135:1747647659343:,1747647674161
counter/4/0/0/0,12284:1747647660564:,1747647674161
counter/6/0/0/0,11788:1747647659543:,1747647674162
counter/4/0/0/0,12285:1747647660564:,1747647674162
counter/2/0/0/0,12032:1747647658503:,1747647674162
counter/2/0/0/0,12033:1747647658503:,1747647674162
counter/1/0/0/0,13139:1747647659915:,1747647674163
counter/7/0/0/0,12136:1747647659343:,1747647674163
counter/9/0/0/0,12595:1747647659210:,1747647674163
counter/7/0/0/0,12137:1747647659343:,1747647674163
counter/7/0/0/0,12138:1747647659343:,1747647674163
counter/7/0/0/0,12139:1747647659343:,1747647674163
counter/7/0/0/0,12140:1747647659343:,1747647674163
counter/6/0/0/0,11789:1747647659543:,1747647674163
counter/5/0/0/0,12048:1747647658930:,1747647674163
counter/5/0/0/0,12049:1747647658941:,1747647674164
counter/8/0/0/0,12331:1747647659005:,1747647674164
counter/5/0/0/0,12050:1747647658941:,1747647674164
counter/5/0/0/0,12051:1747647658941:,1747647674164
counter/5/0/0/0,12052:1747647658941:,1747647674164
counter/5/0/0/0,12053:1747647658941:,1747647674164
counter/5/0/0/0,12054:1747647658941:,1747647674164
counter/5/0/0/0,12055:1747647658941:,1747647674164
counter/1/0/0/0,13140:1747647659915:,1747647674164
counter/7/0/0/0,12141:1747647659346:,1747647674164
counter/2/0/0/0,12034:1747647658503:,1747647674164
counter/2/0/0/0,12035:1747647658503:,1747647674164
counter/2/0/0/0,12036:1747647658503:,1747647674164
counter/2/0/0/0,12037:1747647658503:,1747647674164
counter/10/0/0/0,11494:1747647659248:,1747647674164
counter/10/0/0/0,11495:1747647659248:,1747647674164
counter/10/0/0/0,11496:1747647659248:,1747647674164
counter/10/0/0/0,11497:1747647659248:,1747647674164
counter/10/0/0/0,11498:1747647659248:,1747647674164
counter/10/0/0/0,11499:1747647659251:,1747647674165
counter/10/0/0/0,11500:1747647659251:,1747647674165
counter/10/0/0/0,11501:1747647659251:,1747647674165
counter/10/0/0/0,11502:1747647659251:,1747647674165
counter/10/0/0/0,11503:1747647659251:,1747647674165
counter/1/0/0/0,13141:1747647659915:,1747647674165
counter/10/0/0/0,11504:1747647659251:,1747647674165
counter/1/0/0/0,13142:1747647659915:,1747647674165
counter/1/0/0/0,13143:1747647659915:,1747647674165
counter/1/0/0/0,13144:1747647659915:,1747647674166
counter/1/0/0/0,13145:1747647659915:,1747647674166
counter/1/0/0/0,13146:1747647659922:,1747647674166
counter/2/0/0/0,12038:1747647658503:,1747647674166
counter/4/0/0/0,12286:1747647660564:,1747647674166
counter/4/0/0/0,12287:1747647660564:,1747647674166
counter/4/0/0/0,12288:1747647660565:,1747647674167
counter/4/0/0/0,12289:1747647660565:,1747647674167
counter/1/0/0/0,13147:1747647659922:,1747647674168
counter/6/0/0/0,11790:1747647659543:,1747647674168
counter/4/0/0/0,12290:1747647660565:,1747647674168
counter/4/0/0/0,12291:1747647660565:,1747647674168
counter/4/0/0/0,12292:1747647660565:,1747647674169
counter/4/0/0/0,12293:1747647660565:,1747647674169
counter/4/0/0/0,12294:1747647660565:,1747647674169
counter/4/0/0/0,12295:1747647660579:,1747647674169
counter/4/0/0/0,12296:1747647660579:,1747647674169
counter/4/0/0/0,12297:1747647660579:,1747647674169
counter/4/0/0/0,12298:1747647660579:,1747647674169
counter/4/0/0/0,12299:1747647660579:,1747647674169
counter/8/0/0/0,12332:1747647659005:,1747647674169
counter/10/0/0/0,11505:1747647659251:,1747647674170
counter/5/0/0/0,12056:1747647658947:,1747647674170
counter/9/0/0/0,12596:1747647659210:,1747647674170
counter/9/0/0/0,12597:1747647659210:,1747647674170
counter/9/0/0/0,12598:1747647659210:,1747647674170
counter/9/0/0/0,12599:1747647659210:,1747647674171
counter/9/0/0/0,12600:1747647659210:,1747647674171
counter/9/0/0/0,12601:1747647659210:,1747647674171
counter/9/0/0/0,12602:1747647659210:,1747647674171
counter/4/0/0/0,12300:1747647660582:,1747647674172
counter/4/0/0/0,12301:1747647660582:,1747647674172
counter/4/0/0/0,12302:1747647660582:,1747647674172
counter/4/0/0/0,12303:1747647660582:,1747647674172
counter/4/0/0/0,12304:1747647660596:,1747647674173
counter/4/0/0/0,12305:1747647660596:,1747647674173
counter/4/0/0/0,12306:1747647660596:,1747647674173
counter/8/0/0/0,12333:1747647659005:,1747647674173
counter/8/0/0/0,12334:1747647659005:,1747647674173
counter/9/0/0/0,12603:1747647659210:,1747647674173
counter/8/0/0/0,12335:1747647659005:,1747647674173
counter/8/0/0/0,12336:1747647659005:,1747647674173
counter/5/0/0/0,12057:1747647658947:,1747647674174
counter/6/0/0/0,11791:1747647659543:,1747647674174
counter/2/0/0/0,12039:1747647658503:,1747647674175
counter/6/0/0/0,11792:1747647659543:,1747647674176
counter/3/0/0/0,12967:1747647660609:,1747647674176
counter/3/0/0/0,12968:1747647660609:,1747647674177
counter/1/0/0/0,13148:1747647659922:,1747647674178
counter/3/0/0/0,12969:1747647660609:,1747647674178
counter/7/0/0/0,12142:1747647659357:,1747647674178
counter/3/0/0/0,12970:1747647660609:,1747647674178
counter/10/0/0/0,11506:1747647659251:,1747647674178
counter/3/0/0/0,12971:1747647660609:,1747647674178
counter/10/0/0/0,11507:1747647659251:,1747647674178
counter/3/0/0/0,12972:1747647660612:,1747647674178
counter/10/0/0/0,11508:1747647659251:,1747647674178
counter/3/0/0/0,12973:1747647660612:,1747647674178
counter/10/0/0/0,11509:1747647659265:,1747647674178
counter/3/0/0/0,12974:1747647660612:,1747647674178
counter/6/0/0/0,11793:1747647659543:,1747647674178
counter/3/0/0/0,12975:1747647660612:,1747647674178
counter/3/0/0/0,12976:1747647660612:,1747647674178
counter/6/0/0/0,11794:1747647659553:,1747647674178
counter/4/0/0/0,12307:1747647660596:,1747647674179
counter/4/0/0/0,12308:1747647660603:,1747647674179
counter/4/0/0/0,12309:1747647660603:,1747647674179
counter/4/0/0/0,12310:1747647660603:,1747647674179
counter/4/0/0/0,12311:1747647660603:,1747647674179
counter/4/0/0/0,12312:1747647660603:,1747647674179
counter/4/0/0/0,12313:1747647660603:,1747647674179
counter/4/0/0/0,12314:1747647660603:,1747647674179
counter/3/0/0/0,12977:1747647660612:,1747647674179
counter/3/0/0/0,12978:1747647660612:,1747647674179
counter/3/0/0/0,12979:1747647660612:,1747647674179
counter/3/0/0/0,12980:1747647660612:,1747647674179
counter/3/0/0/0,12981:1747647660612:,1747647674179
counter/3/0/0/0,12982:1747647660613:,1747647674179
counter/3/0/0/0,12983:1747647660613:,1747647674179
counter/10/0/0/0,11510:1747647659265:,1747647674180
counter/3/0/0/0,12984:1747647660623:,1747647674180
counter/8/0/0/0,12337:1747647659005:,1747647674180
counter/8/0/0/0,12338:1747647659005:,1747647674180
counter/6/0/0/0,11795:1747647659553:,1747647674180
counter/5/0/0/0,12058:1747647658947:,1747647674180
counter/6/0/0/0,11796:1747647659553:,1747647674180
counter/1/0/0/0,13149:1747647659935:,1747647674180
counter/5/0/0/0,12059:1747647658949:,1747647674180
counter/2/0/0/0,12040:1747647658503:,1747647674181
counter/2/0/0/0,12041:1747647658503:,1747647674181
counter/2/0/0/0,12042:1747647658503:,1747647674181
counter/5/0/0/0,12060:1747647658950:,1747647674181
counter/2/0/0/0,12043:1747647658503:,1747647674182
counter/5/0/0/0,12061:1747647658950:,1747647674182
counter/2/0/0/0,12044:1747647658503:,1747647674182
counter/5/0/0/0,12062:1747647658950:,1747647674182
counter/5/0/0/0,12063:1747647658950:,1747647674182
counter/6/0/0/0,11797:1747647659553:,1747647674183
counter/6/0/0/0,11798:1747647659553:,1747647674183
counter/3/0/0/0,12985:1747647660623:,1747647674183
counter/10/0/0/0,11511:1747647659265:,1747647674183
counter/1/0/0/0,13150:1747647659935:,1747647674184
counter/7/0/0/0,12143:1747647659357:,1747647674185
counter/6/0/0/0,11799:1747647659553:,1747647674185
counter/6/0/0/0,11800:1747647659553:,1747647674185
counter/3/0/0/0,12986:1747647660623:,1747647674185
counter/6/0/0/0,11801:1747647659553:,1747647674185
counter/9/0/0/0,12604:1747647659210:,1747647674185
counter/9/0/0/0,12605:1747647659210:,1747647674186
counter/6/0/0/0,11802:1747647659553:,1747647674186
counter/3/0/0/0,12987:1747647660623:,1747647674189
counter/3/0/0/0,12988:1747647660623:,1747647674189
counter/3/0/0/0,12989:1747647660624:,1747647674189
counter/3/0/0/0,12990:1747647660624:,1747647674189
counter/3/0/0/0,12991:1747647660624:,1747647674189
counter/3/0/0/0,12992:1747647660624:,1747647674189
counter/3/0/0/0,12993:1747647660624:,1747647674189
counter/5/0/0/0,12064:1747647658950:,1747647674190
counter/5/0/0/0,12065:1747647658950:,1747647674190
counter/5/0/0/0,12066:1747647658950:,1747647674190
counter/5/0/0/0,12067:1747647658950:,1747647674190
counter/5/0/0/0,12068:1747647658950:,1747647674190
counter/3/0/0/0,12994:1747647660624:,1747647674190
counter/4/0/0/0,12315:1747647660603:,1747647674190
counter/3/0/0/0,12995:1747647660624:,1747647674190
counter/8/0/0/0,12339:1747647659005:,1747647674190
counter/3/0/0/0,12996:1747647660624:,1747647674190
counter/4/0/0/0,12316:1747647660603:,1747647674190
counter/3/0/0/0,12997:1747647660624:,1747647674191
counter/8/0/0/0,12340:1747647659005:,1747647674191
counter/8/0/0/0,12341:1747647659005:,1747647674191
counter/8/0/0/0,12342:1747647659005:,1747647674191
counter/8/0/0/0,12343:1747647659005:,1747647674192
counter/8/0/0/0,12344:1747647659005:,1747647674192
counter/8/0/0/0,12345:1747647659005:,1747647674192
counter/8/0/0/0,12346:1747647659005:,1747647674192
counter/5/0/0/0,12069:1747647658950:,1747647674192
counter/8/0/0/0,12347:1747647659005:,1747647674192
counter/8/0/0/0,12348:1747647659006:,1747647674192
counter/8/0/0/0,12349:1747647659007:,1747647674193
counter/5/0/0/0,12070:1747647658956:,1747647674193
counter/3/0/0/0,12998:1747647660624:,1747647674193
counter/7/0/0/0,12144:1747647659357:,1747647674193
counter/4/0/0/0,12317:1747647660603:,1747647674193
counter/5/0/0/0,12071:1747647658956:,1747647674194
counter/10/0/0/0,11512:1747647659265:,1747647674195
counter/5/0/0/0,12072:1747647658957:,1747647674195
counter/5/0/0/0,12073:1747647658957:,1747647674195
counter/5/0/0/0,12074:1747647658957:,1747647674195
counter/5/0/0/0,12075:1747647658957:,1747647674195
counter/5/0/0/0,12076:1747647658957:,1747647674195
counter/5/0/0/0,12077:1747647658957:,1747647674195
counter/5/0/0/0,12078:1747647658957:,1747647674195
counter/5/0/0/0,12079:1747647658957:,1747647674195
counter/5/0/0/0,12080:1747647658957:,1747647674195
counter/5/0/0/0,12081:1747647658957:,1747647674195
counter/5/0/0/0,12082:1747647658957:,1747647674195
counter/5/0/0/0,12083:1747647658957:,1747647674195
counter/5/0/0/0,12084:1747647658962:,1747647674195
counter/5/0/0/0,12085:1747647658962:,1747647674195
counter/5/0/0/0,12086:1747647658962:,1747647674195
counter/5/0/0/0,12087:1747647658962:,1747647674195
counter/6/0/0/0,11803:1747647659553:,1747647674195
counter/10/0/0/0,11513:1747647659265:,1747647674195
counter/1/0/0/0,13151:1747647659935:,1747647674196
counter/1/0/0/0,13152:1747647659936:,1747647674196
counter/1/0/0/0,13153:1747647659936:,1747647674197
counter/1/0/0/0,13154:1747647659936:,1747647674197
counter/1/0/0/0,13155:1747647659936:,1747647674197
counter/1/0/0/0,13156:1747647659936:,1747647674197
counter/1/0/0/0,13157:1747647659936:,1747647674197
counter/1/0/0/0,13158:1747647659936:,1747647674197
counter/7/0/0/0,12145:1747647659357:,1747647674198
counter/7/0/0/0,12146:1747647659360:,1747647674199
counter/7/0/0/0,12147:1747647659360:,1747647674199
counter/7/0/0/0,12148:1747647659360:,1747647674199
counter/7/0/0/0,12149:1747647659360:,1747647674199
counter/7/0/0/0,12150:1747647659360:,1747647674199
counter/7/0/0/0,12151:1747647659360:,1747647674199
counter/8/0/0/0,12350:1747647659007:,1747647674199
counter/9/0/0/0,12606:1747647659210:,1747647674199
counter/5/0/0/0,12088:1747647658962:,1747647674200
counter/4/0/0/0,12318:1747647660603:,1747647674200
counter/6/0/0/0,11804:1747647659553:,1747647674200
counter/2/0/0/0,12045:1747647658503:,1747647674200
counter/10/0/0/0,11514:1747647659266:,1747647674201
counter/1/0/0/0,13159:1747647659936:,1747647674201
counter/10/0/0/0,11515:1747647659266:,1747647674202
counter/10/0/0/0,11516:1747647659266:,1747647674202
counter/10/0/0/0,11517:1747647659266:,1747647674202
counter/10/0/0/0,11518:1747647659268:,1747647674202
counter/10/0/0/0,11519:1747647659269:,1747647674202
counter/3/0/0/0,12999:1747647660624:,1747647674202
counter/3/0/0/0,13000:1747647660624:,1747647674202
counter/10/0/0/0,11520:1747647659269:,1747647674203
counter/10/0/0/0,11521:1747647659269:,1747647674203
counter/1/0/0/0,13160:1747647659936:,1747647674203
counter/6/0/0/0,11805:1747647659553:,1747647674203
counter/6/0/0/0,11806:1747647659553:,1747647674203
counter/6/0/0/0,11807:1747647659553:,1747647674203
counter/6/0/0/0,11808:1747647659555:,1747647674203
counter/6/0/0/0,11809:1747647659555:,1747647674203
counter/6/0/0/0,11810:1747647659555:,1747647674203
counter/6/0/0/0,11811:1747647659555:,1747647674204
counter/6/0/0/0,11812:1747647659555:,1747647674204
counter/6/0/0/0,11813:1747647659555:,1747647674204
counter/6/0/0/0,11814:1747647659555:,1747647674204
counter/3/0/0/0,13001:1747647660626:,1747647674204
counter/10/0/0/0,11522:1747647659269:,1747647674204
counter/10/0/0/0,11523:1747647659269:,1747647674204
counter/10/0/0/0,11524:1747647659269:,1747647674204
counter/10/0/0/0,11525:1747647659269:,1747647674204
counter/10/0/0/0,11526:1747647659273:,1747647674204
counter/10/0/0/0,11527:1747647659273:,1747647674204
counter/10/0/0/0,11528:1747647659277:,1747647674204
counter/10/0/0/0,11529:1747647659277:,1747647674204
counter/10/0/0/0,11530:1747647659277:,1747647674204
counter/2/0/0/0,12046:1747647658503:,1747647674204
counter/2/0/0/0,12047:1747647658503:,1747647674204
counter/2/0/0/0,12048:1747647658503:,1747647674204
counter/2/0/0/0,12049:1747647658503:,1747647674204
counter/2/0/0/0,12050:1747647658503:,1747647674204
counter/2/0/0/0,12051:1747647658503:,1747647674204
counter/2/0/0/0,12052:1747647658503:,1747647674204
counter/2/0/0/0,12053:1747647658506:,1747647674204
counter/2/0/0/0,12054:1747647658508:,1747647674205
counter/8/0/0/0,12351:1747647659007:,1747647674205
counter/7/0/0/0,12152:1747647659360:,1747647674205
counter/7/0/0/0,12153:1747647659360:,1747647674205
counter/7/0/0/0,12154:1747647659360:,1747647674205
counter/2/0/0/0,12055:1747647658509:,1747647674205
counter/7/0/0/0,12155:1747647659360:,1747647674205
counter/3/0/0/0,13002:1747647660626:,1747647674205
counter/1/0/0/0,13161:1747647659936:,1747647674207
counter/7/0/0/0,12156:1747647659360:,1747647674207
counter/7/0/0/0,12157:1747647659360:,1747647674207
counter/7/0/0/0,12158:1747647659360:,1747647674207
counter/4/0/0/0,12319:1747647660603:,1747647674207
counter/3/0/0/0,13003:1747647660626:,1747647674209
counter/3/0/0/0,13004:1747647660626:,1747647674209
counter/3/0/0/0,13005:1747647660626:,1747647674209
counter/3/0/0/0,13006:1747647660626:,1747647674209
counter/3/0/0/0,13007:1747647660626:,1747647674209
counter/3/0/0/0,13008:1747647660626:,1747647674209
counter/3/0/0/0,13009:1747647660626:,1747647674209
counter/1/0/0/0,13162:1747647659936:,1747647674209
counter/7/0/0/0,12159:1747647659360:,1747647674209
counter/7/0/0/0,12160:1747647659360:,1747647674209
counter/4/0/0/0,12320:1747647660606:,1747647674209
counter/5/0/0/0,12089:1747647658962:,1747647674209
counter/9/0/0/0,12607:1747647659211:,1747647674209
counter/8/0/0/0,12352:1747647659007:,1747647674210
counter/3/0/0/0,13010:1747647660658:,1747647674210
counter/6/0/0/0,11815:1747647659555:,1747647674210
counter/2/0/0/0,12056:1747647658509:,1747647674212
counter/2/0/0/0,12057:1747647658509:,1747647674212
counter/2/0/0/0,12058:1747647658509:,1747647674212
counter/2/0/0/0,12059:1747647658509:,1747647674212
counter/2/0/0/0,12060:1747647658509:,1747647674212
counter/1/0/0/0,13163:1747647659936:,1747647674213
counter/2/0/0/0,12061:1747647658509:,1747647674213
counter/2/0/0/0,12062:1747647658509:,1747647674213
counter/2/0/0/0,12063:1747647658509:,1747647674213
counter/2/0/0/0,12064:1747647658509:,1747647674213
counter/2/0/0/0,12065:1747647658509:,1747647674213
counter/2/0/0/0,12066:1747647658509:,1747647674213
counter/5/0/0/0,12090:1747647658962:,1747647674213
counter/5/0/0/0,12091:1747647658962:,1747647674213
counter/1/0/0/0,13164:1747647659936:,1747647674214
counter/10/0/0/0,11531:1747647659277:,1747647674214
counter/3/0/0/0,13011:1747647660658:,1747647674214
counter/9/0/0/0,12608:1747647659211:,1747647674214
counter/3/0/0/0,13012:1747647660658:,1747647674214
counter/3/0/0/0,13013:1747647660658:,1747647674214
counter/8/0/0/0,12353:1747647659007:,1747647674214
counter/8/0/0/0,12354:1747647659008:,1747647674214
counter/8/0/0/0,12355:1747647659008:,1747647674214
counter/8/0/0/0,12356:1747647659008:,1747647674214
counter/8/0/0/0,12357:1747647659013:,1747647674215
counter/1/0/0/0,13165:1747647659936:,1747647674215
counter/4/0/0/0,12321:1747647660606:,1747647674216
counter/4/0/0/0,12322:1747647660606:,1747647674216
counter/3/0/0/0,13014:1747647660658:,1747647674216
counter/3/0/0/0,13015:1747647660658:,1747647674216
counter/8/0/0/0,12358:1747647659013:,1747647674216
counter/8/0/0/0,12359:1747647659013:,1747647674216
counter/8/0/0/0,12360:1747647659013:,1747647674216
counter/1/0/0/0,13166:1747647659937:,1747647674216
counter/1/0/0/0,13167:1747647659937:,1747647674217
counter/1/0/0/0,13168:1747647659937:,1747647674217
counter/1/0/0/0,13169:1747647659937:,1747647674217
counter/1/0/0/0,13170:1747647659937:,1747647674217
counter/1/0/0/0,13171:1747647659938:,1747647674217
counter/2/0/0/0,12067:1747647658509:,1747647674217
counter/9/0/0/0,12609:1747647659211:,1747647674217
counter/9/0/0/0,12610:1747647659211:,1747647674217
counter/9/0/0/0,12611:1747647659211:,1747647674217
counter/9/0/0/0,12612:1747647659211:,1747647674217
counter/9/0/0/0,12613:1747647659211:,1747647674217
counter/9/0/0/0,12614:1747647659211:,1747647674218
counter/9/0/0/0,12615:1747647659211:,1747647674218
counter/9/0/0/0,12616:1747647659213:,1747647674218
counter/9/0/0/0,12617:1747647659213:,1747647674218
counter/9/0/0/0,12618:1747647659213:,1747647674218
counter/9/0/0/0,12619:1747647659213:,1747647674218
counter/9/0/0/0,12620:1747647659213:,1747647674218
counter/2/0/0/0,12068:1747647658509:,1747647674218
counter/2/0/0/0,12069:1747647658509:,1747647674218
counter/2/0/0/0,12070:1747647658509:,1747647674218
counter/7/0/0/0,12161:1747647659371:,1747647674219
counter/2/0/0/0,12071:1747647658509:,1747647674219
counter/7/0/0/0,12162:1747647659371:,1747647674219
counter/8/0/0/0,12361:1747647659013:,1747647674219
counter/8/0/0/0,12362:1747647659015:,1747647674219
counter/8/0/0/0,12363:1747647659015:,1747647674219
counter/8/0/0/0,12364:1747647659015:,1747647674219
counter/8/0/0/0,12365:1747647659015:,1747647674220
counter/8/0/0/0,12366:1747647659015:,1747647674220
counter/10/0/0/0,11532:1747647659277:,1747647674220
counter/10/0/0/0,11533:1747647659277:,1747647674220
counter/10/0/0/0,11534:1747647659277:,1747647674220
counter/10/0/0/0,11535:1747647659277:,1747647674220
counter/10/0/0/0,11536:1747647659277:,1747647674220
counter/10/0/0/0,11537:1747647659280:,1747647674220
counter/10/0/0/0,11538:1747647659281:,1747647674220
counter/10/0/0/0,11539:1747647659281:,1747647674220
counter/10/0/0/0,11540:1747647659281:,1747647674220
counter/10/0/0/0,11541:1747647659281:,1747647674220
counter/10/0/0/0,11542:1747647659281:,1747647674220
counter/10/0/0/0,11543:1747647659281:,1747647674220
counter/10/0/0/0,11544:1747647659281:,1747647674220
counter/10/0/0/0,11545:1747647659281:,1747647674220
counter/4/0/0/0,12323:1747647660606:,1747647674221
counter/7/0/0/0,12163:1747647659371:,1747647674221
counter/4/0/0/0,12324:1747647660606:,1747647674221
counter/4/0/0/0,12325:1747647660606:,1747647674221
counter/4/0/0/0,12326:1747647660608:,1747647674221
counter/4/0/0/0,12327:1747647660608:,1747647674221
counter/4/0/0/0,12328:1747647660608:,1747647674221
counter/4/0/0/0,12329:1747647660608:,1747647674221
counter/4/0/0/0,12330:1747647660608:,1747647674221
counter/1/0/0/0,13172:1747647659938:,1747647674221
counter/9/0/0/0,12621:1747647659229:,1747647674221
counter/9/0/0/0,12622:1747647659230:,1747647674221
counter/9/0/0/0,12623:1747647659230:,1747647674221
counter/8/0/0/0,12367:1747647659015:,1747647674223
counter/8/0/0/0,12368:1747647659015:,1747647674223
counter/9/0/0/0,12624:1747647659230:,1747647674223
counter/8/0/0/0,12369:1747647659015:,1747647674223
counter/9/0/0/0,12625:1747647659230:,1747647674223
counter/8/0/0/0,12370:1747647659015:,1747647674223
counter/9/0/0/0,12626:1747647659244:,1747647674223
counter/4/0/0/0,12331:1747647660608:,1747647674226
counter/9/0/0/0,12627:1747647659244:,1747647674227
counter/4/0/0/0,12332:1747647660608:,1747647674227
counter/5/0/0/0,12092:1747647658962:,1747647674227
counter/4/0/0/0,12333:1747647660608:,1747647674227
counter/4/0/0/0,12334:1747647660608:,1747647674227
counter/4/0/0/0,12335:1747647660608:,1747647674227
counter/4/0/0/0,12336:1747647660608:,1747647674227
counter/4/0/0/0,12337:1747647660608:,1747647674227
counter/1/0/0/0,13173:1747647659951:,1747647674227
counter/9/0/0/0,12628:1747647659244:,1747647674227
counter/9/0/0/0,12629:1747647659244:,1747647674227
counter/9/0/0/0,12630:1747647659244:,1747647674227
counter/9/0/0/0,12631:1747647659244:,1747647674227
counter/9/0/0/0,12632:1747647659245:,1747647674227
counter/9/0/0/0,12633:1747647659245:,1747647674227
counter/9/0/0/0,12634:1747647659245:,1747647674227
counter/2/0/0/0,12072:1747647658509:,1747647674228
counter/1/0/0/0,13174:1747647659951:,1747647674229
counter/3/0/0/0,13016:1747647660658:,1747647674229
counter/7/0/0/0,12164:1747647659371:,1747647674229
counter/1/0/0/0,13175:1747647659951:,1747647674230
counter/3/0/0/0,13017:1747647660658:,1747647674230
counter/3/0/0/0,13018:1747647660658:,1747647674230
counter/3/0/0/0,13019:1747647660658:,1747647674231
counter/3/0/0/0,13020:1747647660658:,1747647674231
counter/3/0/0/0,13021:1747647660658:,1747647674231
counter/5/0/0/0,12093:1747647658962:,1747647674231
counter/5/0/0/0,12094:1747647658962:,1747647674231
counter/8/0/0/0,12371:1747647659015:,1747647674231
counter/8/0/0/0,12372:1747647659015:,1747647674231
counter/8/0/0/0,12373:1747647659015:,1747647674231
counter/8/0/0/0,12374:1747647659023:,1747647674231
counter/8/0/0/0,12375:1747647659023:,1747647674231
counter/3/0/0/0,13022:1747647660658:,1747647674231
counter/7/0/0/0,12165:1747647659381:,1747647674232
counter/10/0/0/0,11546:1747647659282:,1747647674232
counter/7/0/0/0,12166:1747647659381:,1747647674233
counter/7/0/0/0,12167:1747647659381:,1747647674233
counter/7/0/0/0,12168:1747647659381:,1747647674233
counter/7/0/0/0,12169:1747647659381:,1747647674233
counter/9/0/0/0,12635:1747647659245:,1747647674233
counter/9/0/0/0,12636:1747647659245:,1747647674233
counter/4/0/0/0,12338:1747647660608:,1747647674233
counter/10/0/0/0,11547:1747647659282:,1747647674234
counter/6/0/0/0,11816:1747647659555:,1747647674234
counter/6/0/0/0,11817:1747647659555:,1747647674234
counter/6/0/0/0,11818:1747647659555:,1747647674234
counter/6/0/0/0,11819:1747647659555:,1747647674234
counter/8/0/0/0,12376:1747647659023:,1747647674234
counter/8/0/0/0,12377:1747647659023:,1747647674234
counter/8/0/0/0,12378:1747647659023:,1747647674234
counter/8/0/0/0,12379:1747647659023:,1747647674234
counter/8/0/0/0,12380:1747647659023:,1747647674234
counter/8/0/0/0,12381:1747647659024:,1747647674234
counter/5/0/0/0,12095:1747647658962:,1747647674235
counter/8/0/0/0,12382:1747647659024:,1747647674236
counter/1/0/0/0,13176:1747647659951:,1747647674236
counter/1/0/0/0,13177:1747647659951:,1747647674236
counter/2/0/0/0,12073:1747647658509:,1747647674236
counter/1/0/0/0,13178:1747647659951:,1747647674236
counter/1/0/0/0,13179:1747647659951:,1747647674236
counter/3/0/0/0,13023:1747647660658:,1747647674236
counter/6/0/0/0,11820:1747647659555:,1747647674237
counter/6/0/0/0,11821:1747647659555:,1747647674237
counter/6/0/0/0,11822:1747647659555:,1747647674237
counter/6/0/0/0,11823:1747647659555:,1747647674237
counter/6/0/0/0,11824:1747647659555:,1747647674237
counter/6/0/0/0,11825:1747647659555:,1747647674237
counter/6/0/0/0,11826:1747647659555:,1747647674237
counter/6/0/0/0,11827:1747647659555:,1747647674237
counter/6/0/0/0,11828:1747647659555:,1747647674237
counter/7/0/0/0,12170:1747647659381:,1747647674241
counter/1/0/0/0,13180:1747647659951:,1747647674242
counter/1/0/0/0,13181:1747647659951:,1747647674242
counter/6/0/0/0,11829:1747647659556:,1747647674242
counter/9/0/0/0,12637:1747647659245:,1747647674242
counter/6/0/0/0,11830:1747647659556:,1747647674242
counter/9/0/0/0,12638:1747647659245:,1747647674242
counter/5/0/0/0,12096:1747647658963:,1747647674242
counter/3/0/0/0,13024:1747647660659:,1747647674242
counter/3/0/0/0,13025:1747647660659:,1747647674243
counter/3/0/0/0,13026:1747647660659:,1747647674243
counter/3/0/0/0,13027:1747647660664:,1747647674243
counter/3/0/0/0,13028:1747647660668:,1747647674243
counter/3/0/0/0,13029:1747647660668:,1747647674243
counter/3/0/0/0,13030:1747647660668:,1747647674243
counter/3/0/0/0,13031:1747647660668:,1747647674243
counter/1/0/0/0,13182:1747647659951:,1747647674243
counter/1/0/0/0,13183:1747647659951:,1747647674243
counter/1/0/0/0,13184:1747647659951:,1747647674243
counter/1/0/0/0,13185:1747647659951:,1747647674244
counter/4/0/0/0,12339:1747647660617:,1747647674246
counter/8/0/0/0,12383:1747647659024:,1747647674247
counter/1/0/0/0,13186:1747647659951:,1747647674247
counter/1/0/0/0,13187:1747647659952:,1747647674247
counter/1/0/0/0,13188:1747647659952:,1747647674247
counter/1/0/0/0,13189:1747647659952:,1747647674248
counter/1/0/0/0,13190:1747647659952:,1747647674248
counter/9/0/0/0,12639:1747647659249:,1747647674248
counter/9/0/0/0,12640:1747647659249:,1747647674248
counter/9/0/0/0,12641:1747647659249:,1747647674248
counter/10/0/0/0,11548:1747647659282:,1747647674249
counter/3/0/0/0,13032:1747647660668:,1747647674249
counter/1/0/0/0,13191:1747647659952:,1747647674250
counter/1/0/0/0,13192:1747647659952:,1747647674250
counter/1/0/0/0,13193:1747647659952:,1747647674250
counter/5/0/0/0,12097:1747647658963:,1747647674250
counter/9/0/0/0,12642:1747647659249:,1747647674250
counter/9/0/0/0,12643:1747647659249:,1747647674251
counter/8/0/0/0,12384:1747647659024:,1747647674251
counter/8/0/0/0,12385:1747647659024:,1747647674251
counter/5/0/0/0,12098:1747647658963:,1747647674252
counter/5/0/0/0,12099:1747647658963:,1747647674252
counter/5/0/0/0,12100:1747647658963:,1747647674252
counter/8/0/0/0,12386:1747647659029:,1747647674252
counter/5/0/0/0,12101:1747647658964:,1747647674252
counter/5/0/0/0,12102:1747647658964:,1747647674252
counter/3/0/0/0,13033:1747647660668:,1747647674252
counter/1/0/0/0,13194:1747647659952:,1747647674254
counter/1/0/0/0,13195:1747647659952:,1747647674255
counter/2/0/0/0,12074:1747647658523:,1747647674255
counter/2/0/0/0,12075:1747647658523:,1747647674255
counter/2/0/0/0,12076:1747647658523:,1747647674255
counter/2/0/0/0,12077:1747647658523:,1747647674255
counter/2/0/0/0,12078:1747647658523:,1747647674255
counter/10/0/0/0,11549:1747647659282:,1747647674256
counter/7/0/0/0,12171:1747647659381:,1747647674256
counter/7/0/0/0,12172:1747647659382:,1747647674257
counter/9/0/0/0,12644:1747647659249:,1747647674257
counter/9/0/0/0,12645:1747647659249:,1747647674257
counter/9/0/0/0,12646:1747647659249:,1747647674257
counter/10/0/0/0,11550:1747647659282:,1747647674258
counter/1/0/0/0,13196:1747647659952:,1747647674258
counter/6/0/0/0,11831:1747647659556:,1747647674258
counter/9/0/0/0,12647:1747647659249:,1747647674258
counter/9/0/0/0,12648:1747647659249:,1747647674258
counter/3/0/0/0,13034:1747647660668:,1747647674258
counter/3/0/0/0,13035:1747647660668:,1747647674258
counter/3/0/0/0,13036:1747647660672:,1747647674259
counter/5/0/0/0,12103:1747647658964:,1747647674259
counter/5/0/0/0,12104:1747647658967:,1747647674259
counter/2/0/0/0,12079:1747647658523:,1747647674259
counter/2/0/0/0,12080:1747647658523:,1747647674259
counter/9/0/0/0,12649:1747647659249:,1747647674260
counter/9/0/0/0,12650:1747647659249:,1747647674260
counter/5/0/0/0,12105:1747647658967:,1747647674260
counter/9/0/0/0,12651:1747647659249:,1747647674260
counter/2/0/0/0,12081:1747647658531:,1747647674260
counter/9/0/0/0,12652:1747647659249:,1747647674260
counter/2/0/0/0,12082:1747647658532:,1747647674261
counter/9/0/0/0,12653:1747647659249:,1747647674261
counter/2/0/0/0,12083:1747647658536:,1747647674261
counter/9/0/0/0,12654:1747647659249:,1747647674261
counter/6/0/0/0,11832:1747647659557:,1747647674261
counter/4/0/0/0,12340:1747647660617:,1747647674261
counter/4/0/0/0,12341:1747647660617:,1747647674262
counter/4/0/0/0,12342:1747647660617:,1747647674262
counter/4/0/0/0,12343:1747647660617:,1747647674262
counter/4/0/0/0,12344:1747647660617:,1747647674262
counter/7/0/0/0,12173:1747647659382:,1747647674262
counter/4/0/0/0,12345:1747647660617:,1747647674262
counter/8/0/0/0,12387:1747647659029:,1747647674262
counter/4/0/0/0,12346:1747647660617:,1747647674262
counter/10/0/0/0,11551:1747647659282:,1747647674262
counter/2/0/0/0,12084:1747647658536:,1747647674262
counter/2/0/0/0,12085:1747647658536:,1747647674262
counter/2/0/0/0,12086:1747647658536:,1747647674262
counter/2/0/0/0,12087:1747647658536:,1747647674262
counter/2/0/0/0,12088:1747647658536:,1747647674262
counter/2/0/0/0,12089:1747647658564:,1747647674263
counter/1/0/0/0,13197:1747647659952:,1747647674263
counter/4/0/0/0,12347:1747647660617:,1747647674263
counter/3/0/0/0,13037:1747647660672:,1747647674263
counter/10/0/0/0,11552:1747647659282:,1747647674264
counter/10/0/0/0,11553:1747647659282:,1747647674264
counter/4/0/0/0,12348:1747647660617:,1747647674264
counter/4/0/0/0,12349:1747647660617:,1747647674264
counter/4/0/0/0,12350:1747647660617:,1747647674264
counter/4/0/0/0,12351:1747647660617:,1747647674264
counter/4/0/0/0,12352:1747647660617:,1747647674264
counter/4/0/0/0,12353:1747647660617:,1747647674265
counter/4/0/0/0,12354:1747647660617:,1747647674265
counter/4/0/0/0,12355:1747647660617:,1747647674265
counter/4/0/0/0,12356:1747647660617:,1747647674265
counter/4/0/0/0,12357:1747647660617:,1747647674265
counter/6/0/0/0,11833:1747647659557:,1747647674265
counter/3/0/0/0,13038:1747647660672:,1747647674265
counter/9/0/0/0,12655:1747647659249:,1747647674265
counter/8/0/0/0,12388:1747647659029:,1747647674265
counter/8/0/0/0,12389:1747647659029:,1747647674265
counter/8/0/0/0,12390:1747647659029:,1747647674265
counter/6/0/0/0,11834:1747647659557:,1747647674265
counter/10/0/0/0,11554:1747647659282:,1747647674267
counter/1/0/0/0,13198:1747647659952:,1747647674267
counter/9/0/0/0,12656:1747647659249:,1747647674267
counter/8/0/0/0,12391:1747647659029:,1747647674267
counter/8/0/0/0,12392:1747647659029:,1747647674267
counter/8/0/0/0,12393:1747647659029:,1747647674267
counter/5/0/0/0,12106:1747647658967:,1747647674267
counter/4/0/0/0,12358:1747647660617:,1747647674268
counter/1/0/0/0,13199:1747647659952:,1747647674269
counter/5/0/0/0,12107:1747647658967:,1747647674269
counter/3/0/0/0,13039:1747647660672:,1747647674270
counter/4/0/0/0,12359:1747647660617:,1747647674270
counter/9/0/0/0,12657:1747647659249:,1747647674271
counter/9/0/0/0,12658:1747647659249:,1747647674271
counter/8/0/0/0,12394:1747647659029:,1747647674271
counter/8/0/0/0,12395:1747647659029:,1747647674271
counter/8/0/0/0,12396:1747647659029:,1747647674271
counter/2/0/0/0,12090:1747647658564:,1747647674272
counter/2/0/0/0,12091:1747647658564:,1747647674272
counter/2/0/0/0,12092:1747647658564:,1747647674272
counter/2/0/0/0,12093:1747647658564:,1747647674273
counter/2/0/0/0,12094:1747647658564:,1747647674273
counter/2/0/0/0,12095:1747647658564:,1747647674273
counter/10/0/0/0,11555:1747647659282:,1747647674273
counter/2/0/0/0,12096:1747647658564:,1747647674273
counter/10/0/0/0,11556:1747647659282:,1747647674273
counter/10/0/0/0,11557:1747647659282:,1747647674273
counter/10/0/0/0,11558:1747647659291:,1747647674273
counter/10/0/0/0,11559:1747647659291:,1747647674273
counter/10/0/0/0,11560:1747647659291:,1747647674273
counter/5/0/0/0,12108:1747647658967:,1747647674274
counter/10/0/0/0,11561:1747647659291:,1747647674274
counter/10/0/0/0,11562:1747647659291:,1747647674274
counter/9/0/0/0,12659:1747647659249:,1747647674274
counter/3/0/0/0,13040:1747647660672:,1747647674274
counter/10/0/0/0,11563:1747647659291:,1747647674274
counter/6/0/0/0,11835:1747647659557:,1747647674274
counter/5/0/0/0,12109:1747647658972:,1747647674275
counter/3/0/0/0,13041:1747647660672:,1747647674275
counter/1/0/0/0,13200:1747647659952:,1747647674275
counter/1/0/0/0,13201:1747647659952:,1747647674275
counter/1/0/0/0,13202:1747647659952:,1747647674275
counter/1/0/0/0,13203:1747647659952:,1747647674276
counter/1/0/0/0,13204:1747647659952:,1747647674276
counter/1/0/0/0,13205:1747647659952:,1747647674276
counter/6/0/0/0,11836:1747647659557:,1747647674276
counter/6/0/0/0,11837:1747647659557:,1747647674276
counter/6/0/0/0,11838:1747647659567:,1747647674276
counter/6/0/0/0,11839:1747647659567:,1747647674276
counter/6/0/0/0,11840:1747647659567:,1747647674277
counter/6/0/0/0,11841:1747647659567:,1747647674277
counter/2/0/0/0,12097:1747647658564:,1747647674277
counter/7/0/0/0,12174:1747647659382:,1747647674279
counter/4/0/0/0,12360:1747647660617:,1747647674279
counter/4/0/0/0,12361:1747647660617:,1747647674279
counter/4/0/0/0,12362:1747647660617:,1747647674279
counter/4/0/0/0,12363:1747647660618:,1747647674279
counter/4/0/0/0,12364:1747647660618:,1747647674279
counter/4/0/0/0,12365:1747647660618:,1747647674279
counter/4/0/0/0,12366:1747647660618:,1747647674279
counter/4/0/0/0,12367:1747647660618:,1747647674280
counter/4/0/0/0,12368:1747647660618:,1747647674280
counter/4/0/0/0,12369:1747647660618:,1747647674280
counter/4/0/0/0,12370:1747647660618:,1747647674280
counter/4/0/0/0,12371:1747647660618:,1747647674280
counter/4/0/0/0,12372:1747647660618:,1747647674280
counter/4/0/0/0,12373:1747647660618:,1747647674280
counter/4/0/0/0,12374:1747647660618:,1747647674282
counter/4/0/0/0,12375:1747647660618:,1747647674282
counter/4/0/0/0,12376:1747647660618:,1747647674282
counter/4/0/0/0,12377:1747647660618:,1747647674282
counter/4/0/0/0,12378:1747647660618:,1747647674282
counter/4/0/0/0,12379:1747647660618:,1747647674282
counter/4/0/0/0,12380:1747647660618:,1747647674282
counter/4/0/0/0,12381:1747647660618:,1747647674282
counter/4/0/0/0,12382:1747647660618:,1747647674282
counter/4/0/0/0,12383:1747647660618:,1747647674282
counter/1/0/0/0,13206:1747647659952:,1747647674285
counter/10/0/0/0,11564:1747647659291:,1747647674285
counter/10/0/0/0,11565:1747647659291:,1747647674286
counter/10/0/0/0,11566:1747647659291:,1747647674286
counter/10/0/0/0,11567:1747647659296:,1747647674286
counter/9/0/0/0,12660:1747647659249:,1747647674286
counter/2/0/0/0,12098:1747647658564:,1747647674286
counter/1/0/0/0,13207:1747647659952:,1747647674287
counter/1/0/0/0,13208:1747647659953:,1747647674287
counter/1/0/0/0,13209:1747647659953:,1747647674287
counter/8/0/0/0,12397:1747647659032:,1747647674287
counter/8/0/0/0,12398:1747647659032:,1747647674287
counter/8/0/0/0,12399:1747647659032:,1747647674287
counter/8/0/0/0,12400:1747647659032:,1747647674287
counter/8/0/0/0,12401:1747647659032:,1747647674288
counter/1/0/0/0,13210:1747647659953:,1747647674288
counter/8/0/0/0,12402:1747647659032:,1747647674288
counter/8/0/0/0,12403:1747647659032:,1747647674288
counter/8/0/0/0,12404:1747647659032:,1747647674288
counter/8/0/0/0,12405:1747647659032:,1747647674288
counter/8/0/0/0,12406:1747647659033:,1747647674289
counter/8/0/0/0,12407:1747647659033:,1747647674289
counter/8/0/0/0,12408:1747647659033:,1747647674289
counter/3/0/0/0,13042:1747647660673:,1747647674289
counter/3/0/0/0,13043:1747647660673:,1747647674289
counter/3/0/0/0,13044:1747647660673:,1747647674289
counter/3/0/0/0,13045:1747647660673:,1747647674289
counter/3/0/0/0,13046:1747647660673:,1747647674289
counter/3/0/0/0,13047:1747647660677:,1747647674289
counter/3/0/0/0,13048:1747647660685:,1747647674289
counter/7/0/0/0,12175:1747647659382:,1747647674289
counter/1/0/0/0,13211:1747647659953:,1747647674290
counter/1/0/0/0,13212:1747647659953:,1747647674290
counter/1/0/0/0,13213:1747647659953:,1747647674290
counter/1/0/0/0,13214:1747647659953:,1747647674290
counter/1/0/0/0,13215:1747647659953:,1747647674290
counter/2/0/0/0,12099:1747647658571:,1747647674290
counter/2/0/0/0,12100:1747647658572:,1747647674290
counter/9/0/0/0,12661:1747647659249:,1747647674293
counter/10/0/0/0,11568:1747647659296:,1747647674295
counter/6/0/0/0,11842:1747647659567:,1747647674296
counter/9/0/0/0,12662:1747647659249:,1747647674296
counter/9/0/0/0,12663:1747647659249:,1747647674296
counter/9/0/0/0,12664:1747647659249:,1747647674296
counter/9/0/0/0,12665:1747647659249:,1747647674296
counter/9/0/0/0,12666:1747647659249:,1747647674296
counter/9/0/0/0,12667:1747647659249:,1747647674296
counter/9/0/0/0,12668:1747647659249:,1747647674296
counter/9/0/0/0,12669:1747647659250:,1747647674296
counter/9/0/0/0,12670:1747647659250:,1747647674296
counter/10/0/0/0,11569:1747647659296:,1747647674296
counter/10/0/0/0,11570:1747647659297:,1747647674296
counter/10/0/0/0,11571:1747647659297:,1747647674297
counter/10/0/0/0,11572:1747647659297:,1747647674297
counter/10/0/0/0,11573:1747647659297:,1747647674297
counter/10/0/0/0,11574:1747647659297:,1747647674297
counter/10/0/0/0,11575:1747647659297:,1747647674297
counter/10/0/0/0,11576:1747647659297:,1747647674297
counter/4/0/0/0,12384:1747647660618:,1747647674297
counter/6/0/0/0,11843:1747647659567:,1747647674297
counter/6/0/0/0,11844:1747647659567:,1747647674297
counter/6/0/0/0,11845:1747647659567:,1747647674297
counter/6/0/0/0,11846:1747647659567:,1747647674297
counter/6/0/0/0,11847:1747647659567:,1747647674297
counter/6/0/0/0,11848:1747647659567:,1747647674298
counter/6/0/0/0,11849:1747647659567:,1747647674298
counter/6/0/0/0,11850:1747647659567:,1747647674298
counter/6/0/0/0,11851:1747647659567:,1747647674298
counter/6/0/0/0,11852:1747647659567:,1747647674298
counter/6/0/0/0,11853:1747647659571:,1747647674298
counter/10/0/0/0,11577:1747647659301:,1747647674298
counter/9/0/0/0,12671:1747647659250:,1747647674298
counter/9/0/0/0,12672:1747647659250:,1747647674298
counter/9/0/0/0,12673:1747647659250:,1747647674298
counter/9/0/0/0,12674:1747647659250:,1747647674298
counter/9/0/0/0,12675:1747647659250:,1747647674298
counter/10/0/0/0,11578:1747647659301:,1747647674298
counter/10/0/0/0,11579:1747647659304:,1747647674299
counter/10/0/0/0,11580:1747647659304:,1747647674299
counter/10/0/0/0,11581:1747647659304:,1747647674299
counter/10/0/0/0,11582:1747647659304:,1747647674299
counter/4/0/0/0,12385:1747647660618:,1747647674299
counter/4/0/0/0,12386:1747647660618:,1747647674299
counter/4/0/0/0,12387:1747647660622:,1747647674299
counter/4/0/0/0,12388:1747647660622:,1747647674299
counter/4/0/0/0,12389:1747647660622:,1747647674299
counter/2/0/0/0,12101:1747647658573:,1747647674299
counter/1/0/0/0,13216:1747647659953:,1747647674299
counter/10/0/0/0,11583:1747647659304:,1747647674299
counter/10/0/0/0,11584:1747647659304:,1747647674300
counter/4/0/0/0,12390:1747647660622:,1747647674300
counter/9/0/0/0,12676:1747647659250:,1747647674300
counter/9/0/0/0,12677:1747647659250:,1747647674301
counter/9/0/0/0,12678:1747647659250:,1747647674301
counter/9/0/0/0,12679:1747647659254:,1747647674301
counter/9/0/0/0,12680:1747647659254:,1747647674301
counter/9/0/0/0,12681:1747647659254:,1747647674301
counter/9/0/0/0,12682:1747647659254:,1747647674301
counter/9/0/0/0,12683:1747647659257:,1747647674301
counter/9/0/0/0,12684:1747647659257:,1747647674301
counter/9/0/0/0,12685:1747647659262:,1747647674301
counter/9/0/0/0,12686:1747647659262:,1747647674301
counter/9/0/0/0,12687:1747647659262:,1747647674301
counter/1/0/0/0,13217:1747647659953:,1747647674301
counter/9/0/0/0,12688:1747647659262:,1747647674302
counter/8/0/0/0,12409:1747647659033:,1747647674302
counter/8/0/0/0,12410:1747647659033:,1747647674302
counter/8/0/0/0,12411:1747647659033:,1747647674302
counter/6/0/0/0,11854:1747647659571:,1747647674302
counter/5/0/0/0,12110:1747647658972:,1747647674303
counter/7/0/0/0,12176:1747647659382:,1747647674303
counter/3/0/0/0,13049:1747647660685:,1747647674304
counter/7/0/0/0,12177:1747647659382:,1747647674304
counter/7/0/0/0,12178:1747647659382:,1747647674304
counter/7/0/0/0,12179:1747647659382:,1747647674304
counter/7/0/0/0,12180:1747647659382:,1747647674304
counter/7/0/0/0,12181:1747647659382:,1747647674305
counter/8/0/0/0,12412:1747647659033:,1747647674305
counter/10/0/0/0,11585:1747647659304:,1747647674305
counter/10/0/0/0,11586:1747647659304:,1747647674306
counter/10/0/0/0,11587:1747647659304:,1747647674306
counter/10/0/0/0,11588:1747647659304:,1747647674306
counter/10/0/0/0,11589:1747647659304:,1747647674306
counter/10/0/0/0,11590:1747647659304:,1747647674306
counter/1/0/0/0,13218:1747647659953:,1747647674306
counter/10/0/0/0,11591:1747647659304:,1747647674308
counter/10/0/0/0,11592:1747647659304:,1747647674308
counter/10/0/0/0,11593:1747647659304:,1747647674308
counter/10/0/0/0,11594:1747647659304:,1747647674308
counter/10/0/0/0,11595:1747647659304:,1747647674308
counter/10/0/0/0,11596:1747647659304:,1747647674308
counter/10/0/0/0,11597:1747647659304:,1747647674308
counter/10/0/0/0,11598:1747647659304:,1747647674309
counter/10/0/0/0,11599:1747647659304:,1747647674309
counter/10/0/0/0,11600:1747647659304:,1747647674309
counter/10/0/0/0,11601:1747647659305:,1747647674309
counter/5/0/0/0,12111:1747647658972:,1747647674309
counter/9/0/0/0,12689:1747647659262:,1747647674310
counter/7/0/0/0,12182:1747647659382:,1747647674310
counter/4/0/0/0,12391:1747647660622:,1747647674310
counter/10/0/0/0,11602:1747647659305:,1747647674311
counter/10/0/0/0,11603:1747647659305:,1747647674311
counter/9/0/0/0,12690:1747647659262:,1747647674311
counter/4/0/0/0,12392:1747647660622:,1747647674311
counter/4/0/0/0,12393:1747647660622:,1747647674311
counter/4/0/0/0,12394:1747647660623:,1747647674311
counter/4/0/0/0,12395:1747647660623:,1747647674311
counter/4/0/0/0,12396:1747647660623:,1747647674311
counter/4/0/0/0,12397:1747647660623:,1747647674311
counter/4/0/0/0,12398:1747647660623:,1747647674311
counter/4/0/0/0,12399:1747647660623:,1747647674312
counter/4/0/0/0,12400:1747647660623:,1747647674312
counter/4/0/0/0,12401:1747647660623:,1747647674312
counter/1/0/0/0,13219:1747647659953:,1747647674312
counter/10/0/0/0,11604:1747647659305:,1747647674312
counter/9/0/0/0,12691:1747647659263:,1747647674312
counter/10/0/0/0,11605:1747647659305:,1747647674312
counter/10/0/0/0,11606:1747647659305:,1747647674313
counter/10/0/0/0,11607:1747647659305:,1747647674313
counter/10/0/0/0,11608:1747647659305:,1747647674313
counter/10/0/0/0,11609:1747647659305:,1747647674313
counter/9/0/0/0,12692:1747647659263:,1747647674313
counter/10/0/0/0,11610:1747647659305:,1747647674313
counter/10/0/0/0,11611:1747647659306:,1747647674313
counter/10/0/0/0,11612:1747647659306:,1747647674314
counter/10/0/0/0,11613:1747647659306:,1747647674314
counter/10/0/0/0,11614:1747647659306:,1747647674314
counter/10/0/0/0,11615:1747647659306:,1747647674314
counter/10/0/0/0,11616:1747647659306:,1747647674314
counter/10/0/0/0,11617:1747647659306:,1747647674314
counter/10/0/0/0,11618:1747647659306:,1747647674314
counter/3/0/0/0,13050:1747647660685:,1747647674314
counter/4/0/0/0,12402:1747647660623:,1747647674314
counter/2/0/0/0,12102:1747647658573:,1747647674315
counter/2/0/0/0,12103:1747647658573:,1747647674315
counter/9/0/0/0,12693:1747647659264:,1747647674315
counter/9/0/0/0,12694:1747647659264:,1747647674315
counter/9/0/0/0,12695:1747647659264:,1747647674315
counter/9/0/0/0,12696:1747647659264:,1747647674315
counter/7/0/0/0,12183:1747647659382:,1747647674315
counter/7/0/0/0,12184:1747647659382:,1747647674315
counter/7/0/0/0,12185:1747647659382:,1747647674315
counter/7/0/0/0,12186:1747647659382:,1747647674315
counter/7/0/0/0,12187:1747647659382:,1747647674315
counter/8/0/0/0,12413:1747647659033:,1747647674316
counter/7/0/0/0,12188:1747647659382:,1747647674316
counter/5/0/0/0,12112:1747647658972:,1747647674316
counter/1/0/0/0,13220:1747647659953:,1747647674316
counter/1/0/0/0,13221:1747647659953:,1747647674316
counter/10/0/0/0,11619:1747647659306:,1747647674316
counter/1/0/0/0,13222:1747647659953:,1747647674317
counter/1/0/0/0,13223:1747647659953:,1747647674317
counter/1/0/0/0,13224:1747647659956:,1747647674317
counter/1/0/0/0,13225:1747647659956:,1747647674317
counter/3/0/0/0,13051:1747647660685:,1747647674317
counter/6/0/0/0,11855:1747647659571:,1747647674318
counter/10/0/0/0,11620:1747647659306:,1747647674318
counter/10/0/0/0,11621:1747647659306:,1747647674318
counter/10/0/0/0,11622:1747647659306:,1747647674318
counter/10/0/0/0,11623:1747647659306:,1747647674318
counter/10/0/0/0,11624:1747647659306:,1747647674318
counter/10/0/0/0,11625:1747647659332:,1747647674318
counter/10/0/0/0,11626:1747647659332:,1747647674318
counter/10/0/0/0,11627:1747647659332:,1747647674318
counter/10/0/0/0,11628:1747647659332:,1747647674318
counter/10/0/0/0,11629:1747647659333:,1747647674319
counter/10/0/0/0,11630:1747647659333:,1747647674319
counter/10/0/0/0,11631:1747647659333:,1747647674319
counter/10/0/0/0,11632:1747647659333:,1747647674319
counter/10/0/0/0,11633:1747647659334:,1747647674319
counter/4/0/0/0,12403:1747647660623:,1747647674319
counter/5/0/0/0,12113:1747647658972:,1747647674319
counter/8/0/0/0,12414:1747647659035:,1747647674319
counter/5/0/0/0,12114:1747647658972:,1747647674319
counter/5/0/0/0,12115:1747647658973:,1747647674319
counter/5/0/0/0,12116:1747647658973:,1747647674319
counter/5/0/0/0,12117:1747647658973:,1747647674319
counter/5/0/0/0,12118:1747647658973:,1747647674319
counter/9/0/0/0,12697:1747647659264:,1747647674319
counter/5/0/0/0,12119:1747647658973:,1747647674320
counter/10/0/0/0,11634:1747647659334:,1747647674320
counter/5/0/0/0,12120:1747647658973:,1747647674320
counter/2/0/0/0,12104:1747647658573:,1747647674320
counter/3/0/0/0,13052:1747647660685:,1747647674321
counter/5/0/0/0,12121:1747647658973:,1747647674321
counter/10/0/0/0,11635:1747647659334:,1747647674321
counter/10/0/0/0,11636:1747647659334:,1747647674321
counter/10/0/0/0,11637:1747647659334:,1747647674321
counter/10/0/0/0,11638:1747647659334:,1747647674321
counter/10/0/0/0,11639:1747647659334:,1747647674321
counter/10/0/0/0,11640:1747647659337:,1747647674322
counter/3/0/0/0,13053:1747647660685:,1747647674322
counter/10/0/0/0,11641:1747647659337:,1747647674322
counter/10/0/0/0,11642:1747647659337:,1747647674322
counter/7/0/0/0,12189:1747647659382:,1747647674322
counter/10/0/0/0,11643:1747647659337:,1747647674322
counter/7/0/0/0,12190:1747647659382:,1747647674322
counter/7/0/0/0,12191:1747647659382:,1747647674322
counter/7/0/0/0,12192:1747647659382:,1747647674322
counter/7/0/0/0,12193:1747647659388:,1747647674322
counter/7/0/0/0,12194:1747647659389:,1747647674322
counter/10/0/0/0,11644:1747647659337:,1747647674322
counter/10/0/0/0,11645:1747647659337:,1747647674322
counter/10/0/0/0,11646:1747647659337:,1747647674322
counter/10/0/0/0,11647:1747647659337:,1747647674322
counter/6/0/0/0,11856:1747647659571:,1747647674322
counter/10/0/0/0,11648:1747647659337:,1747647674322
counter/10/0/0/0,11649:1747647659337:,1747647674323
counter/6/0/0/0,11857:1747647659571:,1747647674323
counter/6/0/0/0,11858:1747647659571:,1747647674323
counter/6/0/0/0,11859:1747647659573:,1747647674323
counter/3/0/0/0,13054:1747647660685:,1747647674323
counter/6/0/0/0,11860:1747647659573:,1747647674324
counter/6/0/0/0,11861:1747647659573:,1747647674324
counter/6/0/0/0,11862:1747647659573:,1747647674324
counter/10/0/0/0,11650:1747647659337:,1747647674324
counter/2/0/0/0,12105:1747647658573:,1747647674324
counter/2/0/0/0,12106:1747647658573:,1747647674324
counter/6/0/0/0,11863:1747647659573:,1747647674325
counter/6/0/0/0,11864:1747647659573:,1747647674325
counter/6/0/0/0,11865:1747647659573:,1747647674325
counter/6/0/0/0,11866:1747647659573:,1747647674326
counter/6/0/0/0,11867:1747647659574:,1747647674326
counter/6/0/0/0,11868:1747647659574:,1747647674326
counter/6/0/0/0,11869:1747647659574:,1747647674326
counter/5/0/0/0,12122:1747647658973:,1747647674326
counter/6/0/0/0,11870:1747647659574:,1747647674326
counter/8/0/0/0,12415:1747647659035:,1747647674326
counter/7/0/0/0,12195:1747647659391:,1747647674327
counter/7/0/0/0,12196:1747647659395:,1747647674327
counter/7/0/0/0,12197:1747647659395:,1747647674327
counter/7/0/0/0,12198:1747647659396:,1747647674327
counter/7/0/0/0,12199:1747647659396:,1747647674327
counter/7/0/0/0,12200:1747647659396:,1747647674327
counter/7/0/0/0,12201:1747647659396:,1747647674327
counter/7/0/0/0,12202:1747647659396:,1747647674327
counter/1/0/0/0,13226:1747647659956:,1747647674327
counter/8/0/0/0,12416:1747647659035:,1747647674328
counter/8/0/0/0,12417:1747647659035:,1747647674328
counter/9/0/0/0,12698:1747647659264:,1747647674328
counter/9/0/0/0,12699:1747647659268:,1747647674328
counter/6/0/0/0,11871:1747647659579:,1747647674328
counter/5/0/0/0,12123:1747647658973:,1747647674328
counter/7/0/0/0,12203:1747647659396:,1747647674328
counter/7/0/0/0,12204:1747647659396:,1747647674328
counter/7/0/0/0,12205:1747647659397:,1747647674328
counter/7/0/0/0,12206:1747647659397:,1747647674328
counter/7/0/0/0,12207:1747647659397:,1747647674328
counter/7/0/0/0,12208:1747647659397:,1747647674329
counter/7/0/0/0,12209:1747647659397:,1747647674329
counter/7/0/0/0,12210:1747647659397:,1747647674329
counter/7/0/0/0,12211:1747647659397:,1747647674329
counter/7/0/0/0,12212:1747647659397:,1747647674329
counter/7/0/0/0,12213:1747647659397:,1747647674329
counter/7/0/0/0,12214:1747647659402:,1747647674329
counter/2/0/0/0,12107:1747647658573:,1747647674329
counter/2/0/0/0,12108:1747647658573:,1747647674329
counter/2/0/0/0,12109:1747647658580:,1747647674329
counter/2/0/0/0,12110:1747647658580:,1747647674329
counter/2/0/0/0,12111:1747647658580:,1747647674329
counter/2/0/0/0,12112:1747647658580:,1747647674329
counter/2/0/0/0,12113:1747647658581:,1747647674329
counter/2/0/0/0,12114:1747647658581:,1747647674329
counter/5/0/0/0,12124:1747647658973:,1747647674329
counter/1/0/0/0,13227:1747647659956:,1747647674329
counter/3/0/0/0,13055:1747647660685:,1747647674329
counter/3/0/0/0,13056:1747647660685:,1747647674329
counter/3/0/0/0,13057:1747647660685:,1747647674329
counter/10/0/0/0,11651:1747647659337:,1747647674331
counter/10/0/0/0,11652:1747647659339:,1747647674331
counter/10/0/0/0,11653:1747647659339:,1747647674331
counter/10/0/0/0,11654:1747647659339:,1747647674331
counter/10/0/0/0,11655:1747647659339:,1747647674331
counter/9/0/0/0,12700:1747647659280:,1747647674332
counter/9/0/0/0,12701:1747647659280:,1747647674332
counter/4/0/0/0,12404:1747647660623:,1747647674332
counter/9/0/0/0,12702:1747647659280:,1747647674332
counter/8/0/0/0,12418:1747647659035:,1747647674332
counter/1/0/0/0,13228:1747647659956:,1747647674332
counter/3/0/0/0,13058:1747647660685:,1747647674332
counter/4/0/0/0,12405:1747647660629:,1747647674333
counter/9/0/0/0,12703:1747647659280:,1747647674333
counter/9/0/0/0,12704:1747647659280:,1747647674333
counter/2/0/0/0,12115:1747647658581:,1747647674333
counter/8/0/0/0,12419:1747647659035:,1747647674333
counter/6/0/0/0,11872:1747647659582:,1747647674333
counter/6/0/0/0,11873:1747647659582:,1747647674333
counter/6/0/0/0,11874:1747647659582:,1747647674333
counter/6/0/0/0,11875:1747647659582:,1747647674333
counter/6/0/0/0,11876:1747647659582:,1747647674333
counter/6/0/0/0,11877:1747647659583:,1747647674333
counter/6/0/0/0,11878:1747647659583:,1747647674333
counter/6/0/0/0,11879:1747647659584:,1747647674333
counter/7/0/0/0,12215:1747647659402:,1747647674334
counter/7/0/0/0,12216:1747647659402:,1747647674334
counter/7/0/0/0,12217:1747647659402:,1747647674334
counter/2/0/0/0,12116:1747647658581:,1747647674335
counter/10/0/0/0,11656:1747647659339:,1747647674335
counter/8/0/0/0,12420:1747647659037:,1747647674335
counter/5/0/0/0,12125:1747647658978:,1747647674335
counter/7/0/0/0,12218:1747647659402:,1747647674335
counter/5/0/0/0,12126:1747647658978:,1747647674335
counter/5/0/0/0,12127:1747647658978:,1747647674335
counter/5/0/0/0,12128:1747647658978:,1747647674335
counter/5/0/0/0,12129:1747647658978:,1747647674335
counter/5/0/0/0,12130:1747647658978:,1747647674335
counter/5/0/0/0,12131:1747647658978:,1747647674335
counter/5/0/0/0,12132:1747647658978:,1747647674335
counter/1/0/0/0,13229:1747647659956:,1747647674335
counter/5/0/0/0,12133:1747647658978:,1747647674336
counter/5/0/0/0,12134:1747647658978:,1747647674336
counter/5/0/0/0,12135:1747647658978:,1747647674336
counter/5/0/0/0,12136:1747647658978:,1747647674336
counter/5/0/0/0,12137:1747647658979:,1747647674336
counter/5/0/0/0,12138:1747647658979:,1747647674336
counter/5/0/0/0,12139:1747647658979:,1747647674336
counter/5/0/0/0,12140:1747647658979:,1747647674336
counter/5/0/0/0,12141:1747647658979:,1747647674337
counter/5/0/0/0,12142:1747647658979:,1747647674337
counter/4/0/0/0,12406:1747647660629:,1747647674337
counter/2/0/0/0,12117:1747647658581:,1747647674337
counter/7/0/0/0,12219:1747647659402:,1747647674337
counter/7/0/0/0,12220:1747647659402:,1747647674337
counter/9/0/0/0,12705:1747647659280:,1747647674337
counter/1/0/0/0,13230:1747647659956:,1747647674338
counter/1/0/0/0,13231:1747647659956:,1747647674339
counter/4/0/0/0,12407:1747647660629:,1747647674339
counter/4/0/0/0,12408:1747647660629:,1747647674339
counter/4/0/0/0,12409:1747647660629:,1747647674339
counter/4/0/0/0,12410:1747647660629:,1747647674340
counter/4/0/0/0,12411:1747647660629:,1747647674340
counter/4/0/0/0,12412:1747647660629:,1747647674340
counter/4/0/0/0,12413:1747647660629:,1747647674340
counter/4/0/0/0,12414:1747647660629:,1747647674340
counter/4/0/0/0,12415:1747647660629:,1747647674340
counter/3/0/0/0,13059:1747647660685:,1747647674340
counter/8/0/0/0,12421:1747647659038:,1747647674340
counter/5/0/0/0,12143:1747647658979:,1747647674340
counter/6/0/0/0,11880:1747647659584:,1747647674340
counter/9/0/0/0,12706:1747647659280:,1747647674340
counter/3/0/0/0,13060:1747647660686:,1747647674340
counter/6/0/0/0,11881:1747647659584:,1747647674341
counter/10/0/0/0,11657:1747647659340:,1747647674342
counter/6/0/0/0,11882:1747647659584:,1747647674342
counter/6/0/0/0,11883:1747647659584:,1747647674342
counter/6/0/0/0,11884:1747647659584:,1747647674342
counter/6/0/0/0,11885:1747647659584:,1747647674342
counter/6/0/0/0,11886:1747647659584:,1747647674342
counter/6/0/0/0,11887:1747647659584:,1747647674343
counter/6/0/0/0,11888:1747647659584:,1747647674343
counter/6/0/0/0,11889:1747647659589:,1747647674343
counter/5/0/0/0,12144:1747647658979:,1747647674343
counter/2/0/0/0,12118:1747647658583:,1747647674343
counter/10/0/0/0,11658:1747647659340:,1747647674343
counter/7/0/0/0,12221:1747647659402:,1747647674343
counter/10/0/0/0,11659:1747647659340:,1747647674344
counter/7/0/0/0,12222:1747647659402:,1747647674344
counter/4/0/0/0,12416:1747647660629:,1747647674345
counter/8/0/0/0,12422:1747647659038:,1747647674345
counter/2/0/0/0,12119:1747647658583:,1747647674346
counter/2/0/0/0,12120:1747647658867:,1747647674347
counter/2/0/0/0,12121:1747647658867:,1747647674347
counter/2/0/0/0,12122:1747647658867:,1747647674347
counter/2/0/0/0,12123:1747647658870:,1747647674347
counter/2/0/0/0,12124:1747647658870:,1747647674347
counter/2/0/0/0,12125:1747647658872:,1747647674347
counter/2/0/0/0,12126:1747647658872:,1747647674347
counter/2/0/0/0,12127:1747647658877:,1747647674347
counter/2/0/0/0,12128:1747647658877:,1747647674347
counter/2/0/0/0,12129:1747647658879:,1747647674347
counter/2/0/0/0,12130:1747647658882:,1747647674347
counter/5/0/0/0,12145:1747647658979:,1747647674348
counter/5/0/0/0,12146:1747647658979:,1747647674348
counter/5/0/0/0,12147:1747647658979:,1747647674348
counter/5/0/0/0,12148:1747647658979:,1747647674348
counter/5/0/0/0,12149:1747647658983:,1747647674348
counter/5/0/0/0,12150:1747647658983:,1747647674348
counter/5/0/0/0,12151:1747647658983:,1747647674348
counter/5/0/0/0,12152:1747647658983:,1747647674348
counter/5/0/0/0,12153:1747647658984:,1747647674348
counter/2/0/0/0,12131:1747647658882:,1747647674348
counter/2/0/0/0,12132:1747647658882:,1747647674348
counter/8/0/0/0,12423:1747647659038:,1747647674349
counter/8/0/0/0,12424:1747647659038:,1747647674349
counter/8/0/0/0,12425:1747647659038:,1747647674349
counter/8/0/0/0,12426:1747647659038:,1747647674350
counter/8/0/0/0,12427:1747647659038:,1747647674350
counter/8/0/0/0,12428:1747647659038:,1747647674350
counter/3/0/0/0,13061:1747647660687:,1747647674350
counter/10/0/0/0,11660:1747647659340:,1747647674350
counter/10/0/0/0,11661:1747647659340:,1747647674350
counter/10/0/0/0,11662:1747647659340:,1747647674350
counter/10/0/0/0,11663:1747647659340:,1747647674350
counter/10/0/0/0,11664:1747647659340:,1747647674350
counter/10/0/0/0,11665:1747647659340:,1747647674350
counter/10/0/0/0,11666:1747647659340:,1747647674350
counter/10/0/0/0,11667:1747647659348:,1747647674350
counter/10/0/0/0,11668:1747647659348:,1747647674351
counter/10/0/0/0,11669:1747647659348:,1747647674351
counter/10/0/0/0,11670:1747647659348:,1747647674351
counter/10/0/0/0,11671:1747647659348:,1747647674351
counter/9/0/0/0,12707:1747647659280:,1747647674352
counter/2/0/0/0,12133:1747647658883:,1747647674353
counter/2/0/0/0,12134:1747647658885:,1747647674353
counter/1/0/0/0,13232:1747647659962:,1747647674353
counter/1/0/0/0,13233:1747647659962:,1747647674353
counter/3/0/0/0,13062:1747647660687:,1747647674353
counter/3/0/0/0,13063:1747647660687:,1747647674353
counter/1/0/0/0,13234:1747647659962:,1747647674354
counter/10/0/0/0,11672:1747647659348:,1747647674354
counter/3/0/0/0,13064:1747647660687:,1747647674354
counter/8/0/0/0,12429:1747647659038:,1747647674355
counter/10/0/0/0,11673:1747647659348:,1747647674355
counter/8/0/0/0,12430:1747647659038:,1747647674355
counter/10/0/0/0,11674:1747647659359:,1747647674355
counter/10/0/0/0,11675:1747647659359:,1747647674356
counter/10/0/0/0,11676:1747647659359:,1747647674356
counter/10/0/0/0,11677:1747647659359:,1747647674356
counter/10/0/0/0,11678:1747647659365:,1747647674356
counter/10/0/0/0,11679:1747647659365:,1747647674356
counter/10/0/0/0,11680:1747647659377:,1747647674356
counter/9/0/0/0,12708:1747647659280:,1747647674356
counter/10/0/0/0,11681:1747647659377:,1747647674356
counter/7/0/0/0,12223:1747647659402:,1747647674356
counter/9/0/0/0,12709:1747647659280:,1747647674356
counter/4/0/0/0,12417:1747647660629:,1747647674356
counter/4/0/0/0,12418:1747647660629:,1747647674356
counter/4/0/0/0,12419:1747647660629:,1747647674356
counter/4/0/0/0,12420:1747647660629:,1747647674356
counter/4/0/0/0,12421:1747647660634:,1747647674356
counter/4/0/0/0,12422:1747647660634:,1747647674356
counter/4/0/0/0,12423:1747647660639:,1747647674356
counter/4/0/0/0,12424:1747647660639:,1747647674356
counter/4/0/0/0,12425:1747647660639:,1747647674357
counter/4/0/0/0,12426:1747647660639:,1747647674357
counter/4/0/0/0,12427:1747647660639:,1747647674357
counter/8/0/0/0,12431:1747647659039:,1747647674360
counter/10/0/0/0,11682:1747647659377:,1747647674360
counter/10/0/0/0,11683:1747647659377:,1747647674360
counter/10/0/0/0,11684:1747647659377:,1747647674360
counter/10/0/0/0,11685:1747647659377:,1747647674360
counter/10/0/0/0,11686:1747647659377:,1747647674360
counter/10/0/0/0,11687:1747647659377:,1747647674360
counter/10/0/0/0,11688:1747647659377:,1747647674361
counter/10/0/0/0,11689:1747647659377:,1747647674361
counter/9/0/0/0,12710:1747647659280:,1747647674361
counter/2/0/0/0,12135:1747647658889:,1747647674361
counter/2/0/0/0,12136:1747647658889:,1747647674362
counter/2/0/0/0,12137:1747647658890:,1747647674362
counter/2/0/0/0,12138:1747647658890:,1747647674362
counter/2/0/0/0,12139:1747647658890:,1747647674362
counter/2/0/0/0,12140:1747647658890:,1747647674362
counter/2/0/0/0,12141:1747647658890:,1747647674362
counter/5/0/0/0,12154:1747647658984:,1747647674362
counter/10/0/0/0,11690:1747647659377:,1747647674364
counter/3/0/0/0,13065:1747647660687:,1747647674364
counter/8/0/0/0,12432:1747647659039:,1747647674364
counter/8/0/0/0,12433:1747647659039:,1747647674364
counter/6/0/0/0,11890:1747647659589:,1747647674364
counter/8/0/0/0,12434:1747647659039:,1747647674364
counter/9/0/0/0,12711:1747647659280:,1747647674365
counter/9/0/0/0,12712:1747647659280:,1747647674365
counter/9/0/0/0,12713:1747647659280:,1747647674365
counter/9/0/0/0,12714:1747647659283:,1747647674365
counter/9/0/0/0,12715:1747647659283:,1747647674365
counter/9/0/0/0,12716:1747647659283:,1747647674365
counter/9/0/0/0,12717:1747647659283:,1747647674365
counter/9/0/0/0,12718:1747647659283:,1747647674365
counter/2/0/0/0,12142:1747647658890:,1747647674366
counter/9/0/0/0,12719:1747647659283:,1747647674366
counter/2/0/0/0,12143:1747647658891:,1747647674366
counter/9/0/0/0,12720:1747647659283:,1747647674366
counter/2/0/0/0,12144:1747647658892:,1747647674366
counter/2/0/0/0,12145:1747647658892:,1747647674366
counter/2/0/0/0,12146:1747647658892:,1747647674366
counter/2/0/0/0,12147:1747647658892:,1747647674366
counter/2/0/0/0,12148:1747647658892:,1747647674366
counter/10/0/0/0,11691:1747647659377:,1747647674366
counter/3/0/0/0,13066:1747647660687:,1747647674366
counter/7/0/0/0,12224:1747647659402:,1747647674367
counter/9/0/0/0,12721:1747647659283:,1747647674367
counter/8/0/0/0,12435:1747647659039:,1747647674367
counter/1/0/0/0,13235:1747647659962:,1747647674367
counter/8/0/0/0,12436:1747647659039:,1747647674367
counter/4/0/0/0,12428:1747647660639:,1747647674370
counter/4/0/0/0,12429:1747647660639:,1747647674370
counter/5/0/0/0,12155:1747647658984:,1747647674370
counter/5/0/0/0,12156:1747647658984:,1747647674370
counter/5/0/0/0,12157:1747647658984:,1747647674370
counter/9/0/0/0,12722:1747647659284:,1747647674370
counter/1/0/0/0,13236:1747647659962:,1747647674371
counter/9/0/0/0,12723:1747647659284:,1747647674371
counter/9/0/0/0,12724:1747647659284:,1747647674371
counter/9/0/0/0,12725:1747647659284:,1747647674371
counter/9/0/0/0,12726:1747647659284:,1747647674371
counter/9/0/0/0,12727:1747647659284:,1747647674371
counter/9/0/0/0,12728:1747647659284:,1747647674371
counter/9/0/0/0,12729:1747647659284:,1747647674371
counter/10/0/0/0,11692:1747647659377:,1747647674371
counter/5/0/0/0,12158:1747647658984:,1747647674371
counter/4/0/0/0,12430:1747647660639:,1747647674371
counter/5/0/0/0,12159:1747647658984:,1747647674371
counter/5/0/0/0,12160:1747647658984:,1747647674371
counter/10/0/0/0,11693:1747647659377:,1747647674372
counter/10/0/0/0,11694:1747647659377:,1747647674372
counter/6/0/0/0,11891:1747647659589:,1747647674372
counter/10/0/0/0,11695:1747647659377:,1747647674372
counter/4/0/0/0,12431:1747647660640:,1747647674372
counter/5/0/0/0,12161:1747647658984:,1747647674372
counter/8/0/0/0,12437:1747647659039:,1747647674372
counter/3/0/0/0,13067:1747647660687:,1747647674372
counter/2/0/0/0,12149:1747647658892:,1747647674372
counter/1/0/0/0,13237:1747647659962:,1747647674373
counter/6/0/0/0,11892:1747647659589:,1747647674373
counter/2/0/0/0,12150:1747647658892:,1747647674374
counter/2/0/0/0,12151:1747647658892:,1747647674374
counter/2/0/0/0,12152:1747647658892:,1747647674374
counter/10/0/0/0,11696:1747647659377:,1747647674375
counter/10/0/0/0,11697:1747647659377:,1747647674375
counter/10/0/0/0,11698:1747647659377:,1747647674375
counter/10/0/0/0,11699:1747647659377:,1747647674375
counter/10/0/0/0,11700:1747647659377:,1747647674375
counter/1/0/0/0,13238:1747647659962:,1747647674375
counter/4/0/0/0,12432:1747647660640:,1747647674375
counter/9/0/0/0,12730:1747647659284:,1747647674377
counter/10/0/0/0,11701:1747647659377:,1747647674377
counter/8/0/0/0,12438:1747647659043:,1747647674377
counter/1/0/0/0,13239:1747647659963:,1747647674377
counter/1/0/0/0,13240:1747647659963:,1747647674378
counter/1/0/0/0,13241:1747647659963:,1747647674378
counter/3/0/0/0,13068:1747647660687:,1747647674378
counter/3/0/0/0,13069:1747647660689:,1747647674378
counter/4/0/0/0,12433:1747647660640:,1747647674379
counter/4/0/0/0,12434:1747647660640:,1747647674380
counter/6/0/0/0,11893:1747647659589:,1747647674380
counter/3/0/0/0,13070:1747647660693:,1747647674381
counter/3/0/0/0,13071:1747647660693:,1747647674381
counter/3/0/0/0,13072:1747647660694:,1747647674381
counter/3/0/0/0,13073:1747647660694:,1747647674381
counter/8/0/0/0,12439:1747647659043:,1747647674381
counter/8/0/0/0,12440:1747647659043:,1747647674381
counter/6/0/0/0,11894:1747647659589:,1747647674381
counter/6/0/0/0,11895:1747647659589:,1747647674381
counter/9/0/0/0,12731:1747647659284:,1747647674382
counter/2/0/0/0,12153:1747647658892:,1747647674382
counter/9/0/0/0,12732:1747647659284:,1747647674382
counter/9/0/0/0,12733:1747647659284:,1747647674382
counter/9/0/0/0,12734:1747647659284:,1747647674383
counter/9/0/0/0,12735:1747647659284:,1747647674383
counter/9/0/0/0,12736:1747647659284:,1747647674383
counter/9/0/0/0,12737:1747647659284:,1747647674383
counter/9/0/0/0,12738:1747647659284:,1747647674383
counter/9/0/0/0,12739:1747647659284:,1747647674383
counter/3/0/0/0,13074:1747647660694:,1747647674383
counter/3/0/0/0,13075:1747647660694:,1747647674383
counter/3/0/0/0,13076:1747647660694:,1747647674383
counter/3/0/0/0,13077:1747647660697:,1747647674383
counter/8/0/0/0,12441:1747647659043:,1747647674383
counter/6/0/0/0,11896:1747647659589:,1747647674383
counter/6/0/0/0,11897:1747647659589:,1747647674383
counter/6/0/0/0,11898:1747647659589:,1747647674384
counter/6/0/0/0,11899:1747647659589:,1747647674384
counter/6/0/0/0,11900:1747647659589:,1747647674384
counter/6/0/0/0,11901:1747647659590:,1747647674384
counter/6/0/0/0,11902:1747647659590:,1747647674384
counter/8/0/0/0,12442:1747647659043:,1747647674384
counter/6/0/0/0,11903:1747647659590:,1747647674384
counter/4/0/0/0,12435:1747647660640:,1747647674384
counter/1/0/0/0,13242:1747647659963:,1747647674384
counter/7/0/0/0,12225:1747647659402:,1747647674386
counter/10/0/0/0,11702:1747647659377:,1747647674387
counter/10/0/0/0,11703:1747647659377:,1747647674387
counter/10/0/0/0,11704:1747647659377:,1747647674387
counter/10/0/0/0,11705:1747647659377:,1747647674387
counter/10/0/0/0,11706:1747647659379:,1747647674388
counter/10/0/0/0,11707:1747647659379:,1747647674388
counter/10/0/0/0,11708:1747647659379:,1747647674388
counter/10/0/0/0,11709:1747647659380:,1747647674388
counter/10/0/0/0,11710:1747647659380:,1747647674388
counter/10/0/0/0,11711:1747647659380:,1747647674388
counter/10/0/0/0,11712:1747647659380:,1747647674388
counter/10/0/0/0,11713:1747647659383:,1747647674388
counter/10/0/0/0,11714:1747647659383:,1747647674388
counter/10/0/0/0,11715:1747647659383:,1747647674388
counter/10/0/0/0,11716:1747647659383:,1747647674388
counter/9/0/0/0,12740:1747647659284:,1747647674388
counter/9/0/0/0,12741:1747647659284:,1747647674388
counter/9/0/0/0,12742:1747647659284:,1747647674388
counter/9/0/0/0,12743:1747647659284:,1747647674388
counter/9/0/0/0,12744:1747647659284:,1747647674388
counter/9/0/0/0,12745:1747647659284:,1747647674389
counter/10/0/0/0,11717:1747647659383:,1747647674389
counter/1/0/0/0,13243:1747647659963:,1747647674389
counter/1/0/0/0,13244:1747647659963:,1747647674389
counter/1/0/0/0,13245:1747647659966:,1747647674389
counter/1/0/0/0,13246:1747647659966:,1747647674389
counter/1/0/0/0,13247:1747647659966:,1747647674389
counter/1/0/0/0,13248:1747647659966:,1747647674389
counter/1/0/0/0,13249:1747647659970:,1747647674389
counter/1/0/0/0,13250:1747647659971:,1747647674389
counter/1/0/0/0,13251:1747647659971:,1747647674389
counter/2/0/0/0,12154:1747647658892:,1747647674389
counter/2/0/0/0,12155:1747647658895:,1747647674389
counter/9/0/0/0,12746:1747647659284:,1747647674389
counter/2/0/0/0,12156:1747647658895:,1747647674389
counter/3/0/0/0,13078:1747647660697:,1747647674390
counter/2/0/0/0,12157:1747647658895:,1747647674391
counter/2/0/0/0,12158:1747647658895:,1747647674391
counter/1/0/0/0,13252:1747647659971:,1747647674391
counter/1/0/0/0,13253:1747647659971:,1747647674391
counter/1/0/0/0,13254:1747647659971:,1747647674391
counter/1/0/0/0,13255:1747647659971:,1747647674391
counter/1/0/0/0,13256:1747647659971:,1747647674391
counter/1/0/0/0,13257:1747647659972:,1747647674391
counter/1/0/0/0,13258:1747647659972:,1747647674391
counter/1/0/0/0,13259:1747647659972:,1747647674391
counter/1/0/0/0,13260:1747647659972:,1747647674391
counter/1/0/0/0,13261:1747647659972:,1747647674391
counter/9/0/0/0,12747:1747647659284:,1747647674392
counter/1/0/0/0,13262:1747647659972:,1747647674392
counter/1/0/0/0,13263:1747647659972:,1747647674392
counter/8/0/0/0,12443:1747647659043:,1747647674394
counter/9/0/0/0,12748:1747647659284:,1747647674394
counter/9/0/0/0,12749:1747647659284:,1747647674394
counter/9/0/0/0,12750:1747647659284:,1747647674395
counter/9/0/0/0,12751:1747647659284:,1747647674395
counter/1/0/0/0,13264:1747647659972:,1747647674395
counter/5/0/0/0,12162:1747647658984:,1747647674395
counter/5/0/0/0,12163:1747647658984:,1747647674395
counter/5/0/0/0,12164:1747647658984:,1747647674395
counter/5/0/0/0,12165:1747647658984:,1747647674396
counter/5/0/0/0,12166:1747647658984:,1747647674396
counter/5/0/0/0,12167:1747647658984:,1747647674396
counter/5/0/0/0,12168:1747647658984:,1747647674396
counter/5/0/0/0,12169:1747647658984:,1747647674396
counter/5/0/0/0,12170:1747647658995:,1747647674396
counter/5/0/0/0,12171:1747647658995:,1747647674396
counter/6/0/0/0,11904:1747647659590:,1747647674396
counter/6/0/0/0,11905:1747647659590:,1747647674396
counter/10/0/0/0,11718:1747647659383:,1747647674396
counter/8/0/0/0,12444:1747647659043:,1747647674397
counter/8/0/0/0,12445:1747647659043:,1747647674397
counter/8/0/0/0,12446:1747647659043:,1747647674397
counter/8/0/0/0,12447:1747647659043:,1747647674397
counter/8/0/0/0,12448:1747647659043:,1747647674397
counter/8/0/0/0,12449:1747647659043:,1747647674397
counter/8/0/0/0,12450:1747647659043:,1747647674397
counter/8/0/0/0,12451:1747647659043:,1747647674397
counter/1/0/0/0,13265:1747647659977:,1747647674398
counter/9/0/0/0,12752:1747647659285:,1747647674399
counter/10/0/0/0,11719:1747647659383:,1747647674399
counter/9/0/0/0,12753:1747647659285:,1747647674399
counter/7/0/0/0,12226:1747647659404:,1747647674399
counter/6/0/0/0,11906:1747647659609:,1747647674403
counter/6/0/0/0,11907:1747647659609:,1747647674403
counter/6/0/0/0,11908:1747647659609:,1747647674403
counter/6/0/0/0,11909:1747647659609:,1747647674403
counter/6/0/0/0,11910:1747647659609:,1747647674403
counter/6/0/0/0,11911:1747647659609:,1747647674403
counter/6/0/0/0,11912:1747647659609:,1747647674403
counter/6/0/0/0,11913:1747647659609:,1747647674403
counter/6/0/0/0,11914:1747647659609:,1747647674403
counter/6/0/0/0,11915:1747647659609:,1747647674404
counter/6/0/0/0,11916:1747647659609:,1747647674404
counter/9/0/0/0,12754:1747647659285:,1747647674404
counter/10/0/0/0,11720:1747647659387:,1747647674404
counter/1/0/0/0,13266:1747647659977:,1747647674404
counter/10/0/0/0,11721:1747647659387:,1747647674406
counter/10/0/0/0,11722:1747647659387:,1747647674406
counter/10/0/0/0,11723:1747647659387:,1747647674406
counter/10/0/0/0,11724:1747647659387:,1747647674406
counter/10/0/0/0,11725:1747647659387:,1747647674406
counter/10/0/0/0,11726:1747647659387:,1747647674406
counter/6/0/0/0,11917:1747647659609:,1747647674406
counter/3/0/0/0,13079:1747647660698:,1747647674406
counter/6/0/0/0,11918:1747647659609:,1747647674408
counter/9/0/0/0,12755:1747647659285:,1747647674409
counter/1/0/0/0,13267:1747647659977:,1747647674410
counter/1/0/0/0,13268:1747647659977:,1747647674410
counter/7/0/0/0,12227:1747647659404:,1747647674411
counter/7/0/0/0,12228:1747647659405:,1747647674411
counter/7/0/0/0,12229:1747647659405:,1747647674411
counter/7/0/0/0,12230:1747647659405:,1747647674411
counter/7/0/0/0,12231:1747647659405:,1747647674411
counter/7/0/0/0,12232:1747647659405:,1747647674411
counter/7/0/0/0,12233:1747647659405:,1747647674412
counter/1/0/0/0,13269:1747647659977:,1747647674412
counter/1/0/0/0,13270:1747647659977:,1747647674412
counter/1/0/0/0,13271:1747647659977:,1747647674412
counter/1/0/0/0,13272:1747647659977:,1747647674412
counter/1/0/0/0,13273:1747647659977:,1747647674412
counter/1/0/0/0,13274:1747647659977:,1747647674412
counter/1/0/0/0,13275:1747647659977:,1747647674412
counter/1/0/0/0,13276:1747647659977:,1747647674412
counter/7/0/0/0,12234:1747647659406:,1747647674412
counter/8/0/0/0,12452:1747647659043:,1747647674412
counter/1/0/0/0,13277:1747647659977:,1747647674412
counter/7/0/0/0,12235:1747647659406:,1747647674412
counter/1/0/0/0,13278:1747647659977:,1747647674412
counter/1/0/0/0,13279:1747647659977:,1747647674413
counter/1/0/0/0,13280:1747647659977:,1747647674413
counter/1/0/0/0,13281:1747647659977:,1747647674413
counter/1/0/0/0,13282:1747647659977:,1747647674413
counter/1/0/0/0,13283:1747647659977:,1747647674413
counter/10/0/0/0,11727:1747647659387:,1747647674413
counter/8/0/0/0,12453:1747647659043:,1747647674413
counter/9/0/0/0,12756:1747647659285:,1747647674413
counter/10/0/0/0,11728:1747647659387:,1747647674413
counter/8/0/0/0,12454:1747647659043:,1747647674413
counter/10/0/0/0,11729:1747647659388:,1747647674413
counter/10/0/0/0,11730:1747647659390:,1747647674413
counter/10/0/0/0,11731:1747647659391:,1747647674413
counter/10/0/0/0,11732:1747647659398:,1747647674414
counter/10/0/0/0,11733:1747647659398:,1747647674414
counter/10/0/0/0,11734:1747647659398:,1747647674414
counter/10/0/0/0,11735:1747647659398:,1747647674414
counter/8/0/0/0,12455:1747647659043:,1747647674414
counter/10/0/0/0,11736:1747647659398:,1747647674414
counter/10/0/0/0,11737:1747647659398:,1747647674414
counter/10/0/0/0,11738:1747647659398:,1747647674414
counter/1/0/0/0,13284:1747647659977:,1747647674414
counter/10/0/0/0,11739:1747647659398:,1747647674414
counter/1/0/0/0,13285:1747647659977:,1747647674414
counter/10/0/0/0,11740:1747647659398:,1747647674414
counter/1/0/0/0,13286:1747647659978:,1747647674414
counter/10/0/0/0,11741:1747647659399:,1747647674414
counter/1/0/0/0,13287:1747647659978:,1747647674414
counter/10/0/0/0,11742:1747647659399:,1747647674415
counter/1/0/0/0,13288:1747647659978:,1747647674415
counter/10/0/0/0,11743:1747647659399:,1747647674415
counter/10/0/0/0,11744:1747647659399:,1747647674415
counter/10/0/0/0,11745:1747647659399:,1747647674415
counter/9/0/0/0,12757:1747647659285:,1747647674415
counter/5/0/0/0,12172:1747647658995:,1747647674415
counter/5/0/0/0,12173:1747647658995:,1747647674415
counter/2/0/0/0,12159:1747647658895:,1747647674415
counter/5/0/0/0,12174:1747647658995:,1747647674415
counter/5/0/0/0,12175:1747647658995:,1747647674415
counter/10/0/0/0,11746:1747647659399:,1747647674416
counter/10/0/0/0,11747:1747647659399:,1747647674416
counter/1/0/0/0,13289:1747647659978:,1747647674416
counter/2/0/0/0,12160:1747647658895:,1747647674416
counter/2/0/0/0,12161:1747647658895:,1747647674416
counter/3/0/0/0,13080:1747647660698:,1747647674416
counter/3/0/0/0,13081:1747647660698:,1747647674416
counter/3/0/0/0,13082:1747647660698:,1747647674416
counter/3/0/0/0,13083:1747647660698:,1747647674416
counter/3/0/0/0,13084:1747647660698:,1747647674416
counter/3/0/0/0,13085:1747647660698:,1747647674416
counter/3/0/0/0,13086:1747647660698:,1747647674416
counter/1/0/0/0,13290:1747647659978:,1747647674418
counter/1/0/0/0,13291:1747647659978:,1747647674418
counter/1/0/0/0,13292:1747647659978:,1747647674418
counter/1/0/0/0,13293:1747647659978:,1747647674418
counter/1/0/0/0,13294:1747647659978:,1747647674418
counter/6/0/0/0,11919:1747647659609:,1747647674419
counter/7/0/0/0,12236:1747647659406:,1747647674419
counter/7/0/0/0,12237:1747647659406:,1747647674419
counter/8/0/0/0,12456:1747647659043:,1747647674419
counter/7/0/0/0,12238:1747647659406:,1747647674419
counter/7/0/0/0,12239:1747647659406:,1747647674419
counter/7/0/0/0,12240:1747647659406:,1747647674420
counter/9/0/0/0,12758:1747647659285:,1747647674420
counter/9/0/0/0,12759:1747647659285:,1747647674420
counter/9/0/0/0,12760:1747647659285:,1747647674420
counter/9/0/0/0,12761:1747647659285:,1747647674420
counter/7/0/0/0,12241:1747647659406:,1747647674420
counter/4/0/0/0,12436:1747647660640:,1747647674420
counter/7/0/0/0,12242:1747647659406:,1747647674420
counter/7/0/0/0,12243:1747647659406:,1747647674420
counter/1/0/0/0,13295:1747647659978:,1747647674421
counter/1/0/0/0,13296:1747647659978:,1747647674421
counter/1/0/0/0,13297:1747647659978:,1747647674421
counter/9/0/0/0,12762:1747647659285:,1747647674421
counter/4/0/0/0,12437:1747647660644:,1747647674421
counter/1/0/0/0,13298:1747647659978:,1747647674421
counter/9/0/0/0,12763:1747647659286:,1747647674421
counter/8/0/0/0,12457:1747647659043:,1747647674421
counter/1/0/0/0,13299:1747647659978:,1747647674421
counter/9/0/0/0,12764:1747647659286:,1747647674421
counter/5/0/0/0,12176:1747647658995:,1747647674421
counter/9/0/0/0,12765:1747647659286:,1747647674421
counter/9/0/0/0,12766:1747647659287:,1747647674422
counter/9/0/0/0,12767:1747647659287:,1747647674422
counter/9/0/0/0,12768:1747647659287:,1747647674422
counter/9/0/0/0,12769:1747647659287:,1747647674422
counter/9/0/0/0,12770:1747647659287:,1747647674422
counter/9/0/0/0,12771:1747647659287:,1747647674422
counter/1/0/0/0,13300:1747647659978:,1747647674422
counter/1/0/0/0,13301:1747647659978:,1747647674422
counter/1/0/0/0,13302:1747647659978:,1747647674422
counter/1/0/0/0,13303:1747647659978:,1747647674422
counter/1/0/0/0,13304:1747647659988:,1747647674422
counter/10/0/0/0,11748:1747647659399:,1747647674422
counter/1/0/0/0,13305:1747647659988:,1747647674422
counter/1/0/0/0,13306:1747647659988:,1747647674422
counter/1/0/0/0,13307:1747647660004:,1747647674422
counter/1/0/0/0,13308:1747647660004:,1747647674422
counter/1/0/0/0,13309:1747647660004:,1747647674423
counter/1/0/0/0,13310:1747647660004:,1747647674423
counter/1/0/0/0,13311:1747647660004:,1747647674423
counter/1/0/0/0,13312:1747647660004:,1747647674423
counter/1/0/0/0,13313:1747647660004:,1747647674423
counter/1/0/0/0,13314:1747647660004:,1747647674423
counter/1/0/0/0,13315:1747647660004:,1747647674423
counter/1/0/0/0,13316:1747647660004:,1747647674423
counter/1/0/0/0,13317:1747647660004:,1747647674423
counter/1/0/0/0,13318:1747647660004:,1747647674423
counter/1/0/0/0,13319:1747647660004:,1747647674423
counter/1/0/0/0,13320:1747647660004:,1747647674423
counter/1/0/0/0,13321:1747647660004:,1747647674423
counter/1/0/0/0,13322:1747647660005:,1747647674423
counter/9/0/0/0,12772:1747647659287:,1747647674425
counter/9/0/0/0,12773:1747647659293:,1747647674425
counter/9/0/0/0,12774:1747647659293:,1747647674425
counter/6/0/0/0,11920:1747647659609:,1747647674425
counter/6/0/0/0,11921:1747647659612:,1747647674425
counter/6/0/0/0,11922:1747647659612:,1747647674425
counter/6/0/0/0,11923:1747647659612:,1747647674425
counter/6/0/0/0,11924:1747647659612:,1747647674425
counter/6/0/0/0,11925:1747647659612:,1747647674426
counter/6/0/0/0,11926:1747647659612:,1747647674426
counter/6/0/0/0,11927:1747647659612:,1747647674426
counter/1/0/0/0,13323:1747647660005:,1747647674426
counter/1/0/0/0,13324:1747647660010:,1747647674426
counter/1/0/0/0,13325:1747647660010:,1747647674426
counter/1/0/0/0,13326:1747647660010:,1747647674426
counter/1/0/0/0,13327:1747647660010:,1747647674426
counter/1/0/0/0,13328:1747647660010:,1747647674426
counter/1/0/0/0,13329:1747647660010:,1747647674426
counter/1/0/0/0,13330:1747647660010:,1747647674426
counter/1/0/0/0,13331:1747647660011:,1747647674426
counter/1/0/0/0,13332:1747647660024:,1747647674426
counter/5/0/0/0,12177:1747647658995:,1747647674427
counter/5/0/0/0,12178:1747647658995:,1747647674427
counter/5/0/0/0,12179:1747647658995:,1747647674427
counter/5/0/0/0,12180:1747647658995:,1747647674427
counter/5/0/0/0,12181:1747647658995:,1747647674428
counter/5/0/0/0,12182:1747647658995:,1747647674428
counter/3/0/0/0,13087:1747647660698:,1747647674428
counter/5/0/0/0,12183:1747647658995:,1747647674428
counter/5/0/0/0,12184:1747647658995:,1747647674428
counter/10/0/0/0,11749:1747647659399:,1747647674428
counter/5/0/0/0,12185:1747647658995:,1747647674428
counter/5/0/0/0,12186:1747647658995:,1747647674428
counter/5/0/0/0,12187:1747647658995:,1747647674428
counter/5/0/0/0,12188:1747647658999:,1747647674428
counter/5/0/0/0,12189:1747647658999:,1747647674428
counter/5/0/0/0,12190:1747647658999:,1747647674428
counter/10/0/0/0,11750:1747647659399:,1747647674428
counter/9/0/0/0,12775:1747647659293:,1747647674428
counter/9/0/0/0,12776:1747647659293:,1747647674429
counter/9/0/0/0,12777:1747647659293:,1747647674429
counter/5/0/0/0,12191:1747647659000:,1747647674429
counter/5/0/0/0,12192:1747647659000:,1747647674429
counter/5/0/0/0,12193:1747647659000:,1747647674429
counter/5/0/0/0,12194:1747647659000:,1747647674429
counter/5/0/0/0,12195:1747647659000:,1747647674429
counter/5/0/0/0,12196:1747647659000:,1747647674429
counter/5/0/0/0,12197:1747647659000:,1747647674429
counter/5/0/0/0,12198:1747647659000:,1747647674429
counter/5/0/0/0,12199:1747647659000:,1747647674429
counter/5/0/0/0,12200:1747647659000:,1747647674429
counter/2/0/0/0,12162:1747647658896:,1747647674429
counter/2/0/0/0,12163:1747647658896:,1747647674429
counter/2/0/0/0,12164:1747647658897:,1747647674429
counter/1/0/0/0,13333:1747647660024:,1747647674429
counter/2/0/0/0,12165:1747647658897:,1747647674429
counter/6/0/0/0,11928:1747647659612:,1747647674429
counter/1/0/0/0,13334:1747647660024:,1747647674429
counter/7/0/0/0,12244:1747647659406:,1747647674430
counter/7/0/0/0,12245:1747647659406:,1747647674430
counter/7/0/0/0,12246:1747647659406:,1747647674430
counter/7/0/0/0,12247:1747647659406:,1747647674430
counter/7/0/0/0,12248:1747647659406:,1747647674430
counter/7/0/0/0,12249:1747647659406:,1747647674430
counter/5/0/0/0,12201:1747647659000:,1747647674430
counter/7/0/0/0,12250:1747647659406:,1747647674430
counter/5/0/0/0,12202:1747647659000:,1747647674430
counter/7/0/0/0,12251:1747647659420:,1747647674430
counter/5/0/0/0,12203:1747647659000:,1747647674430
counter/5/0/0/0,12204:1747647659000:,1747647674430
counter/5/0/0/0,12205:1747647659000:,1747647674430
counter/5/0/0/0,12206:1747647659001:,1747647674431
counter/5/0/0/0,12207:1747647659002:,1747647674431
counter/5/0/0/0,12208:1747647659002:,1747647674431
counter/5/0/0/0,12209:1747647659002:,1747647674431
counter/6/0/0/0,11929:1747647659612:,1747647674431
counter/5/0/0/0,12210:1747647659002:,1747647674431
counter/5/0/0/0,12211:1747647659002:,1747647674431
counter/5/0/0/0,12212:1747647659002:,1747647674431
counter/5/0/0/0,12213:1747647659002:,1747647674431
counter/1/0/0/0,13335:1747647660024:,1747647674431
counter/1/0/0/0,13336:1747647660024:,1747647674432
counter/1/0/0/0,13337:1747647660024:,1747647674432
counter/2/0/0/0,12166:1747647658897:,1747647674432
counter/8/0/0/0,12458:1747647659060:,1747647674432
counter/1/0/0/0,13338:1747647660024:,1747647674432
counter/2/0/0/0,12167:1747647658897:,1747647674432
counter/2/0/0/0,12168:1747647658897:,1747647674432
counter/2/0/0/0,12169:1747647658897:,1747647674432
counter/2/0/0/0,12170:1747647658897:,1747647674432
counter/2/0/0/0,12171:1747647658897:,1747647674432
counter/6/0/0/0,11930:1747647659613:,1747647674432
counter/2/0/0/0,12172:1747647658897:,1747647674432
counter/6/0/0/0,11931:1747647659614:,1747647674432
counter/6/0/0/0,11932:1747647659614:,1747647674432
counter/6/0/0/0,11933:1747647659614:,1747647674432
counter/6/0/0/0,11934:1747647659614:,1747647674432
counter/6/0/0/0,11935:1747647659614:,1747647674432
counter/1/0/0/0,13339:1747647660024:,1747647674432
counter/6/0/0/0,11936:1747647659614:,1747647674432
counter/1/0/0/0,13340:1747647660024:,1747647674432
counter/6/0/0/0,11937:1747647659614:,1747647674432
counter/1/0/0/0,13341:1747647660025:,1747647674432
counter/1/0/0/0,13342:1747647660025:,1747647674432
counter/1/0/0/0,13343:1747647660025:,1747647674433
counter/1/0/0/0,13344:1747647660025:,1747647674433
counter/1/0/0/0,13345:1747647660025:,1747647674433
counter/1/0/0/0,13346:1747647660025:,1747647674433
counter/1/0/0/0,13347:1747647660025:,1747647674433
counter/1/0/0/0,13348:1747647660025:,1747647674433
counter/1/0/0/0,13349:1747647660025:,1747647674433
counter/1/0/0/0,13350:1747647660025:,1747647674433
counter/1/0/0/0,13351:1747647660025:,1747647674433
counter/10/0/0/0,11751:1747647659399:,1747647674433
counter/10/0/0/0,11752:1747647659399:,1747647674433
counter/10/0/0/0,11753:1747647659399:,1747647674433
counter/2/0/0/0,12173:1747647658897:,1747647674433
counter/7/0/0/0,12252:1747647659420:,1747647674433
counter/9/0/0/0,12778:1747647659293:,1747647674433
counter/5/0/0/0,12214:1747647659008:,1747647674433
counter/9/0/0/0,12779:1747647659293:,1747647674433
counter/9/0/0/0,12780:1747647659293:,1747647674433
counter/9/0/0/0,12781:1747647659293:,1747647674433
counter/9/0/0/0,12782:1747647659293:,1747647674433
counter/9/0/0/0,12783:1747647659293:,1747647674433
counter/3/0/0/0,13088:1747647660699:,1747647674433
counter/9/0/0/0,12784:1747647659293:,1747647674433
counter/3/0/0/0,13089:1747647660699:,1747647674433
counter/1/0/0/0,13352:1747647660025:,1747647674433
counter/8/0/0/0,12459:1747647659060:,1747647674433
counter/8/0/0/0,12460:1747647659060:,1747647674434
counter/8/0/0/0,12461:1747647659060:,1747647674434
counter/8/0/0/0,12462:1747647659060:,1747647674434
counter/8/0/0/0,12463:1747647659060:,1747647674434
counter/7/0/0/0,12253:1747647659420:,1747647674434
counter/8/0/0/0,12464:1747647659060:,1747647674434
counter/8/0/0/0,12465:1747647659060:,1747647674434
counter/8/0/0/0,12466:1747647659060:,1747647674434
counter/10/0/0/0,11754:1747647659399:,1747647674434
counter/8/0/0/0,12467:1747647659060:,1747647674434
counter/10/0/0/0,11755:1747647659399:,1747647674434
counter/1/0/0/0,13353:1747647660025:,1747647674434
counter/9/0/0/0,12785:1747647659293:,1747647674434
counter/1/0/0/0,13354:1747647660025:,1747647674434
counter/1/0/0/0,13355:1747647660025:,1747647674434
counter/10/0/0/0,11756:1747647659401:,1747647674434
counter/9/0/0/0,12786:1747647659293:,1747647674435
counter/4/0/0/0,12438:1747647660648:,1747647674435
counter/9/0/0/0,12787:1747647659293:,1747647674435
counter/9/0/0/0,12788:1747647659293:,1747647674435
counter/9/0/0/0,12789:1747647659293:,1747647674435
counter/9/0/0/0,12790:1747647659293:,1747647674435
counter/9/0/0/0,12791:1747647659293:,1747647674435
counter/9/0/0/0,12792:1747647659293:,1747647674435
counter/9/0/0/0,12793:1747647659293:,1747647674435
counter/9/0/0/0,12794:1747647659293:,1747647674435
counter/9/0/0/0,12795:1747647659293:,1747647674435
counter/9/0/0/0,12796:1747647659293:,1747647674436
counter/9/0/0/0,12797:1747647659295:,1747647674436
counter/9/0/0/0,12798:1747647659295:,1747647674436
counter/9/0/0/0,12799:1747647659295:,1747647674436
counter/9/0/0/0,12800:1747647659295:,1747647674436
counter/9/0/0/0,12801:1747647659296:,1747647674436
counter/9/0/0/0,12802:1747647659296:,1747647674436
counter/9/0/0/0,12803:1747647659296:,1747647674436
counter/9/0/0/0,12804:1747647659296:,1747647674436
counter/1/0/0/0,13356:1747647660025:,1747647674436
counter/7/0/0/0,12254:1747647659420:,1747647674437
counter/3/0/0/0,13090:1747647660699:,1747647674437
counter/10/0/0/0,11757:1747647659401:,1747647674438
counter/7/0/0/0,12255:1747647659420:,1747647674438
counter/10/0/0/0,11758:1747647659401:,1747647674439
counter/1/0/0/0,13357:1747647660025:,1747647674440
counter/1/0/0/0,13358:1747647660025:,1747647674440
counter/1/0/0/0,13359:1747647660025:,1747647674440
counter/1/0/0/0,13360:1747647660025:,1747647674440
counter/1/0/0/0,13361:1747647660025:,1747647674440
counter/1/0/0/0,13362:1747647660025:,1747647674440
counter/1/0/0/0,13363:1747647660025:,1747647674440
counter/1/0/0/0,13364:1747647660025:,1747647674440
counter/3/0/0/0,13091:1747647660699:,1747647674440
counter/1/0/0/0,13365:1747647660025:,1747647674441
counter/8/0/0/0,12468:1747647659060:,1747647674441
counter/1/0/0/0,13366:1747647660025:,1747647674441
counter/1/0/0/0,13367:1747647660025:,1747647674441
counter/1/0/0/0,13368:1747647660025:,1747647674441
counter/9/0/0/0,12805:1747647659296:,1747647674441
counter/9/0/0/0,12806:1747647659296:,1747647674442
counter/3/0/0/0,13092:1747647660700:,1747647674442
counter/2/0/0/0,12174:1747647658897:,1747647674443
counter/9/0/0/0,12807:1747647659296:,1747647674445
counter/9/0/0/0,12808:1747647659296:,1747647674445
counter/8/0/0/0,12469:1747647659061:,1747647674445
counter/9/0/0/0,12809:1747647659296:,1747647674446
counter/9/0/0/0,12810:1747647659296:,1747647674446
counter/6/0/0/0,11938:1747647659614:,1747647674446
counter/10/0/0/0,11759:1747647659401:,1747647674446
counter/7/0/0/0,12256:1747647659420:,1747647674446
counter/6/0/0/0,11939:1747647659614:,1747647674446
counter/6/0/0/0,11940:1747647659614:,1747647674446
counter/8/0/0/0,12470:1747647659061:,1747647674448
counter/8/0/0/0,12471:1747647659061:,1747647674448
counter/8/0/0/0,12472:1747647659061:,1747647674448
counter/8/0/0/0,12473:1747647659061:,1747647674448
counter/9/0/0/0,12811:1747647659296:,1747647674449
counter/9/0/0/0,12812:1747647659296:,1747647674453
counter/9/0/0/0,12813:1747647659296:,1747647674453
counter/9/0/0/0,12814:1747647659307:,1747647674453
counter/9/0/0/0,12815:1747647659307:,1747647674453
counter/1/0/0/0,13369:1747647660025:,1747647674455
counter/9/0/0/0,12816:1747647659307:,1747647674455
counter/9/0/0/0,12817:1747647659307:,1747647674455
counter/9/0/0/0,12818:1747647659307:,1747647674455
counter/9/0/0/0,12819:1747647659307:,1747647674455
counter/9/0/0/0,12820:1747647659307:,1747647674455
counter/9/0/0/0,12821:1747647659307:,1747647674455
counter/9/0/0/0,12822:1747647659307:,1747647674455
counter/9/0/0/0,12823:1747647659307:,1747647674455
counter/5/0/0/0,12215:1747647659008:,1747647674457
counter/5/0/0/0,12216:1747647659019:,1747647674458
counter/5/0/0/0,12217:1747647659026:,1747647674458
counter/5/0/0/0,12218:1747647659026:,1747647674458
counter/5/0/0/0,12219:1747647659026:,1747647674458
counter/5/0/0/0,12220:1747647659026:,1747647674458
counter/5/0/0/0,12221:1747647659026:,1747647674458
counter/5/0/0/0,12222:1747647659026:,1747647674458
counter/5/0/0/0,12223:1747647659026:,1747647674458
counter/3/0/0/0,13093:1747647660700:,1747647674458
counter/5/0/0/0,12224:1747647659026:,1747647674458
counter/3/0/0/0,13094:1747647660700:,1747647674458
counter/5/0/0/0,12225:1747647659029:,1747647674458
counter/5/0/0/0,12226:1747647659029:,1747647674458
counter/5/0/0/0,12227:1747647659029:,1747647674459
counter/3/0/0/0,13095:1747647660700:,1747647674459
counter/7/0/0/0,12257:1747647659420:,1747647674459
counter/9/0/0/0,12824:1747647659307:,1747647674459
counter/10/0/0/0,11760:1747647659401:,1747647674459
counter/8/0/0/0,12474:1747647659061:,1747647674459
counter/8/0/0/0,12475:1747647659062:,1747647674459
counter/8/0/0/0,12476:1747647659062:,1747647674459
counter/8/0/0/0,12477:1747647659062:,1747647674459
counter/8/0/0/0,12478:1747647659062:,1747647674459
counter/8/0/0/0,12479:1747647659062:,1747647674459
counter/8/0/0/0,12480:1747647659062:,1747647674460
counter/10/0/0/0,11761:1747647659401:,1747647674460
counter/8/0/0/0,12481:1747647659062:,1747647674460
counter/5/0/0/0,12228:1747647659029:,1747647674460
counter/8/0/0/0,12482:1747647659062:,1747647674460
counter/6/0/0/0,11941:1747647659614:,1747647674460
counter/4/0/0/0,12439:1747647660655:,1747647674460
counter/10/0/0/0,11762:1747647659401:,1747647674460
counter/7/0/0/0,12258:1747647659420:,1747647674460
counter/9/0/0/0,12825:1747647659307:,1747647674461
counter/1/0/0/0,13370:1747647660025:,1747647674461
counter/9/0/0/0,12826:1747647659307:,1747647674461
counter/1/0/0/0,13371:1747647660025:,1747647674462
counter/6/0/0/0,11942:1747647659614:,1747647674462
counter/10/0/0/0,11763:1747647659401:,1747647674463
counter/3/0/0/0,13096:1747647660700:,1747647674463
counter/8/0/0/0,12483:1747647659062:,1747647674465
counter/10/0/0/0,11764:1747647659401:,1747647674466
counter/10/0/0/0,11765:1747647659401:,1747647674466
counter/10/0/0/0,11766:1747647659401:,1747647674466
counter/10/0/0/0,11767:1747647659401:,1747647674466
counter/10/0/0/0,11768:1747647659401:,1747647674466
counter/10/0/0/0,11769:1747647659401:,1747647674467
counter/10/0/0/0,11770:1747647659401:,1747647674467
counter/10/0/0/0,11771:1747647659401:,1747647674467
counter/10/0/0/0,11772:1747647659402:,1747647674467
counter/10/0/0/0,11773:1747647659402:,1747647674467
counter/10/0/0/0,11774:1747647659402:,1747647674467
counter/10/0/0/0,11775:1747647659402:,1747647674467
counter/10/0/0/0,11776:1747647659411:,1747647674467
counter/10/0/0/0,11777:1747647659411:,1747647674467
counter/1/0/0/0,13372:1747647660025:,1747647674467
counter/1/0/0/0,13373:1747647660026:,1747647674467
counter/1/0/0/0,13374:1747647660026:,1747647674467
counter/1/0/0/0,13375:1747647660026:,1747647674467
counter/1/0/0/0,13376:1747647660026:,1747647674467
counter/1/0/0/0,13377:1747647660026:,1747647674467
counter/7/0/0/0,12259:1747647659420:,1747647674467
counter/1/0/0/0,13378:1747647660026:,1747647674468
counter/4/0/0/0,12440:1747647660655:,1747647674468
counter/4/0/0/0,12441:1747647660655:,1747647674469
counter/4/0/0/0,12442:1747647660655:,1747647674469
counter/4/0/0/0,12443:1747647660655:,1747647674469
counter/4/0/0/0,12444:1747647660655:,1747647674469
counter/4/0/0/0,12445:1747647660655:,1747647674469
counter/4/0/0/0,12446:1747647660655:,1747647674469
counter/3/0/0/0,13097:1747647660701:,1747647674469
counter/4/0/0/0,12447:1747647660655:,1747647674469
counter/8/0/0/0,12484:1747647659062:,1747647674469
counter/8/0/0/0,12485:1747647659083:,1747647674469
counter/8/0/0/0,12486:1747647659083:,1747647674469
counter/8/0/0/0,12487:1747647659083:,1747647674469
counter/8/0/0/0,12488:1747647659083:,1747647674469
counter/8/0/0/0,12489:1747647659083:,1747647674469
counter/6/0/0/0,11943:1747647659614:,1747647674470
counter/6/0/0/0,11944:1747647659614:,1747647674470
counter/6/0/0/0,11945:1747647659614:,1747647674470
counter/6/0/0/0,11946:1747647659614:,1747647674471
counter/6/0/0/0,11947:1747647659614:,1747647674471
counter/6/0/0/0,11948:1747647659614:,1747647674471
counter/6/0/0/0,11949:1747647659614:,1747647674471
counter/6/0/0/0,11950:1747647659615:,1747647674471
counter/6/0/0/0,11951:1747647659615:,1747647674471
counter/6/0/0/0,11952:1747647659615:,1747647674471
counter/6/0/0/0,11953:1747647659615:,1747647674471
counter/6/0/0/0,11954:1747647659615:,1747647674471
counter/6/0/0/0,11955:1747647659615:,1747647674471
counter/6/0/0/0,11956:1747647659615:,1747647674471
counter/6/0/0/0,11957:1747647659633:,1747647674471
counter/6/0/0/0,11958:1747647659633:,1747647674471
counter/6/0/0/0,11959:1747647659633:,1747647674471
counter/6/0/0/0,11960:1747647659633:,1747647674472
counter/6/0/0/0,11961:1747647659633:,1747647674472
counter/6/0/0/0,11962:1747647659633:,1747647674472
counter/8/0/0/0,12490:1747647659083:,1747647674472
counter/1/0/0/0,13379:1747647660026:,1747647674472
counter/6/0/0/0,11963:1747647659633:,1747647674472
counter/10/0/0/0,11778:1747647659411:,1747647674472
counter/10/0/0/0,11779:1747647659411:,1747647674472
counter/10/0/0/0,11780:1747647659411:,1747647674473
counter/10/0/0/0,11781:1747647659431:,1747647674473
counter/1/0/0/0,13380:1747647660026:,1747647674473
counter/1/0/0/0,13381:1747647660027:,1747647674474
counter/1/0/0/0,13382:1747647660027:,1747647674474
counter/1/0/0/0,13383:1747647660027:,1747647674474
counter/1/0/0/0,13384:1747647660027:,1747647674474
counter/8/0/0/0,12491:1747647659083:,1747647674474
counter/6/0/0/0,11964:1747647659633:,1747647674474
counter/6/0/0/0,11965:1747647659633:,1747647674474
counter/6/0/0/0,11966:1747647659633:,1747647674474
counter/6/0/0/0,11967:1747647659633:,1747647674474
counter/6/0/0/0,11968:1747647659633:,1747647674474
counter/6/0/0/0,11969:1747647659633:,1747647674474
counter/6/0/0/0,11970:1747647659635:,1747647674474
counter/6/0/0/0,11971:1747647659635:,1747647674474
counter/6/0/0/0,11972:1747647659635:,1747647674474
counter/6/0/0/0,11973:1747647659635:,1747647674474
counter/6/0/0/0,11974:1747647659638:,1747647674474
counter/2/0/0/0,12175:1747647658897:,1747647674475
counter/2/0/0/0,12176:1747647658897:,1747647674475
counter/2/0/0/0,12177:1747647658897:,1747647674476
counter/2/0/0/0,12178:1747647658897:,1747647674476
counter/10/0/0/0,11782:1747647659431:,1747647674476
counter/2/0/0/0,12179:1747647658897:,1747647674476
counter/2/0/0/0,12180:1747647658897:,1747647674476
counter/2/0/0/0,12181:1747647658897:,1747647674476
counter/5/0/0/0,12229:1747647659029:,1747647674476
counter/5/0/0/0,12230:1747647659032:,1747647674476
counter/1/0/0/0,13385:1747647660027:,1747647674476
counter/8/0/0/0,12492:1747647659085:,1747647674476
counter/9/0/0/0,12827:1747647659307:,1747647674476
counter/10/0/0/0,11783:1747647659442:,1747647674477
counter/10/0/0/0,11784:1747647659442:,1747647674477
counter/10/0/0/0,11785:1747647659442:,1747647674477
counter/10/0/0/0,11786:1747647659442:,1747647674477
counter/10/0/0/0,11787:1747647659442:,1747647674477
counter/9/0/0/0,12828:1747647659307:,1747647674477
counter/10/0/0/0,11788:1747647659442:,1747647674478
counter/1/0/0/0,13386:1747647660030:,1747647674478
counter/1/0/0/0,13387:1747647660030:,1747647674478
counter/5/0/0/0,12231:1747647659032:,1747647674478
counter/5/0/0/0,12232:1747647659032:,1747647674478
counter/5/0/0/0,12233:1747647659032:,1747647674478
counter/5/0/0/0,12234:1747647659032:,1747647674478
counter/5/0/0/0,12235:1747647659032:,1747647674478
counter/8/0/0/0,12493:1747647659085:,1747647674478
counter/5/0/0/0,12236:1747647659037:,1747647674479
counter/5/0/0/0,12237:1747647659037:,1747647674479
counter/10/0/0/0,11789:1747647659442:,1747647674479
counter/10/0/0/0,11790:1747647659442:,1747647674480
counter/10/0/0/0,11791:1747647659442:,1747647674480
counter/10/0/0/0,11792:1747647659442:,1747647674480
counter/10/0/0/0,11793:1747647659442:,1747647674480
counter/1/0/0/0,13388:1747647660030:,1747647674480
counter/1/0/0/0,13389:1747647660030:,1747647674480
counter/1/0/0/0,13390:1747647660030:,1747647674480
counter/1/0/0/0,13391:1747647660037:,1747647674480
counter/1/0/0/0,13392:1747647660037:,1747647674480
counter/1/0/0/0,13393:1747647660037:,1747647674480
counter/1/0/0/0,13394:1747647660037:,1747647674480
counter/1/0/0/0,13395:1747647660037:,1747647674481
counter/3/0/0/0,13098:1747647660714:,1747647674481
counter/3/0/0/0,13099:1747647660719:,1747647674481
counter/7/0/0/0,12260:1747647659420:,1747647674481
counter/4/0/0/0,12448:1747647660655:,1747647674481
counter/4/0/0/0,12449:1747647660656:,1747647674481
counter/6/0/0/0,11975:1747647659638:,1747647674482
counter/6/0/0/0,11976:1747647659638:,1747647674482
counter/6/0/0/0,11977:1747647659638:,1747647674482
counter/9/0/0/0,12829:1747647659307:,1747647674484
counter/10/0/0/0,11794:1747647659442:,1747647674485
counter/9/0/0/0,12830:1747647659307:,1747647674485
counter/9/0/0/0,12831:1747647659307:,1747647674485
counter/1/0/0/0,13396:1747647660464:,1747647674485
counter/3/0/0/0,13100:1747647660719:,1747647674485
counter/1/0/0/0,13397:1747647660466:,1747647674485
counter/1/0/0/0,13398:1747647660466:,1747647674485
counter/1/0/0/0,13399:1747647660466:,1747647674485
counter/1/0/0/0,13400:1747647660469:,1747647674485
counter/1/0/0/0,13401:1747647660469:,1747647674485
counter/7/0/0/0,12261:1747647659420:,1747647674485
counter/9/0/0/0,12832:1747647659308:,1747647674486
counter/6/0/0/0,11978:1747647659638:,1747647674488
counter/6/0/0/0,11979:1747647659638:,1747647674488
counter/6/0/0/0,11980:1747647659638:,1747647674488
counter/3/0/0/0,13101:1747647660723:,1747647674488
counter/3/0/0/0,13102:1747647660723:,1747647674488
counter/4/0/0/0,12450:1747647660656:,1747647674489
counter/7/0/0/0,12262:1747647659421:,1747647674489
counter/10/0/0/0,11795:1747647659442:,1747647674490
counter/5/0/0/0,12238:1747647659037:,1747647674491
counter/7/0/0/0,12263:1747647659421:,1747647674492
counter/9/0/0/0,12833:1747647659308:,1747647674492
counter/2/0/0/0,12182:1747647658898:,1747647674492
counter/9/0/0/0,12834:1747647659308:,1747647674493
counter/9/0/0/0,12835:1747647659314:,1747647674493
counter/3/0/0/0,13103:1747647660723:,1747647674493
counter/3/0/0/0,13104:1747647660724:,1747647674493
counter/3/0/0/0,13105:1747647660724:,1747647674493
counter/3/0/0/0,13106:1747647660724:,1747647674493
counter/3/0/0/0,13107:1747647660724:,1747647674493
counter/3/0/0/0,13108:1747647660724:,1747647674493
counter/2/0/0/0,12183:1747647658898:,1747647674494
counter/2/0/0/0,12184:1747647658898:,1747647674494
counter/2/0/0/0,12185:1747647658898:,1747647674494
counter/2/0/0/0,12186:1747647658898:,1747647674494
counter/2/0/0/0,12187:1747647658898:,1747647674494
counter/2/0/0/0,12188:1747647658899:,1747647674494
counter/2/0/0/0,12189:1747647658899:,1747647674494
counter/2/0/0/0,12190:1747647658899:,1747647674494
counter/2/0/0/0,12191:1747647658899:,1747647674494
counter/9/0/0/0,12836:1747647659315:,1747647674495
counter/9/0/0/0,12837:1747647659315:,1747647674495
counter/5/0/0/0,12239:1747647659037:,1747647674495
counter/5/0/0/0,12240:1747647659037:,1747647674496
counter/5/0/0/0,12241:1747647659037:,1747647674496
counter/5/0/0/0,12242:1747647659037:,1747647674496
counter/5/0/0/0,12243:1747647659040:,1747647674496
counter/5/0/0/0,12244:1747647659040:,1747647674496
counter/5/0/0/0,12245:1747647659040:,1747647674496
counter/6/0/0/0,11981:1747647659638:,1747647674496
counter/7/0/0/0,12264:1747647659421:,1747647674497
counter/5/0/0/0,12246:1747647659040:,1747647674497
counter/5/0/0/0,12247:1747647659041:,1747647674497
counter/5/0/0/0,12248:1747647659041:,1747647674497
counter/5/0/0/0,12249:1747647659041:,1747647674497
counter/5/0/0/0,12250:1747647659041:,1747647674497
counter/5/0/0/0,12251:1747647659043:,1747647674497
counter/5/0/0/0,12252:1747647659044:,1747647674497
counter/5/0/0/0,12253:1747647659044:,1747647674497
counter/5/0/0/0,12254:1747647659044:,1747647674497
counter/5/0/0/0,12255:1747647659044:,1747647674497
counter/9/0/0/0,12838:1747647659315:,1747647674498
counter/9/0/0/0,12839:1747647659315:,1747647674498
counter/9/0/0/0,12840:1747647659315:,1747647674499
counter/9/0/0/0,12841:1747647659315:,1747647674499
counter/9/0/0/0,12842:1747647659315:,1747647674499
counter/9/0/0/0,12843:1747647659315:,1747647674499
counter/1/0/0/0,13402:1747647660470:,1747647674499
counter/9/0/0/0,12844:1747647659315:,1747647674499
counter/5/0/0/0,12256:1747647659044:,1747647674499
counter/10/0/0/0,11796:1747647659442:,1747647674499
counter/3/0/0/0,13109:1747647660724:,1747647674500
counter/3/0/0/0,13110:1747647660724:,1747647674500
counter/3/0/0/0,13111:1747647660724:,1747647674500
counter/3/0/0/0,13112:1747647660724:,1747647674500
counter/3/0/0/0,13113:1747647660724:,1747647674500
counter/3/0/0/0,13114:1747647660724:,1747647674500
counter/3/0/0/0,13115:1747647660724:,1747647674500
counter/3/0/0/0,13116:1747647660724:,1747647674500
counter/3/0/0/0,13117:1747647660732:,1747647674500
counter/3/0/0/0,13118:1747647660732:,1747647674500
counter/6/0/0/0,11982:1747647659638:,1747647674503
counter/6/0/0/0,11983:1747647659654:,1747647674503
counter/6/0/0/0,11984:1747647659654:,1747647674503
counter/6/0/0/0,11985:1747647659654:,1747647674503
counter/6/0/0/0,11986:1747647659654:,1747647674503
counter/6/0/0/0,11987:1747647659654:,1747647674503
counter/6/0/0/0,11988:1747647659654:,1747647674503
counter/6/0/0/0,11989:1747647659654:,1747647674503
counter/9/0/0/0,12845:1747647659315:,1747647674504
counter/5/0/0/0,12257:1747647659044:,1747647674505
counter/6/0/0/0,11990:1747647659654:,1747647674505
counter/6/0/0/0,11991:1747647659654:,1747647674505
counter/1/0/0/0,13403:1747647660470:,1747647674505
counter/1/0/0/0,13404:1747647660476:,1747647674505
counter/1/0/0/0,13405:1747647660478:,1747647674506
counter/1/0/0/0,13406:1747647660479:,1747647674506
counter/1/0/0/0,13407:1747647660482:,1747647674506
counter/8/0/0/0,12494:1747647659085:,1747647674506
counter/8/0/0/0,12495:1747647659085:,1747647674506
counter/8/0/0/0,12496:1747647659085:,1747647674506
counter/5/0/0/0,12258:1747647659044:,1747647674506
counter/6/0/0/0,11992:1747647659654:,1747647674506
counter/10/0/0/0,11797:1747647659442:,1747647674510
counter/10/0/0/0,11798:1747647659442:,1747647674510
counter/4/0/0/0,12451:1747647660656:,1747647674510
counter/10/0/0/0,11799:1747647659442:,1747647674510
counter/10/0/0/0,11800:1747647659443:,1747647674510
counter/4/0/0/0,12452:1747647660656:,1747647674510
counter/4/0/0/0,12453:1747647660660:,1747647674510
counter/4/0/0/0,12454:1747647660660:,1747647674510
counter/3/0/0/0,13119:1747647660732:,1747647674510
counter/3/0/0/0,13120:1747647660732:,1747647674510
counter/1/0/0/0,13408:1747647660484:,1747647674510
counter/1/0/0/0,13409:1747647660492:,1747647674510
counter/2/0/0/0,12192:1747647658899:,1747647674510
counter/2/0/0/0,12193:1747647658899:,1747647674511
counter/2/0/0/0,12194:1747647658899:,1747647674511
counter/1/0/0/0,13410:1747647660492:,1747647674511
counter/9/0/0/0,12846:1747647659315:,1747647674512
counter/10/0/0/0,11801:1747647659443:,1747647674512
counter/6/0/0/0,11993:1747647659656:,1747647674513
counter/6/0/0/0,11994:1747647659656:,1747647674513
counter/6/0/0/0,11995:1747647659656:,1747647674513
counter/6/0/0/0,11996:1747647659656:,1747647674513
counter/6/0/0/0,11997:1747647659656:,1747647674513
counter/6/0/0/0,11998:1747647659656:,1747647674513
counter/6/0/0/0,11999:1747647659656:,1747647674513
counter/6/0/0/0,12000:1747647659656:,1747647674518
counter/6/0/0/0,12001:1747647659656:,1747647674518
counter/10/0/0/0,11802:1747647659443:,1747647674519
counter/10/0/0/0,11803:1747647659443:,1747647674519
counter/5/0/0/0,12259:1747647659044:,1747647674519
counter/5/0/0/0,12260:1747647659044:,1747647674519
counter/5/0/0/0,12261:1747647659047:,1747647674519
counter/5/0/0/0,12262:1747647659047:,1747647674519
counter/5/0/0/0,12263:1747647659051:,1747647674519
counter/5/0/0/0,12264:1747647659051:,1747647674520
counter/5/0/0/0,12265:1747647659051:,1747647674520
counter/5/0/0/0,12266:1747647659051:,1747647674520
counter/5/0/0/0,12267:1747647659051:,1747647674520
counter/5/0/0/0,12268:1747647659051:,1747647674520
counter/5/0/0/0,12269:1747647659053:,1747647674520
counter/5/0/0/0,12270:1747647659053:,1747647674520
counter/8/0/0/0,12497:1747647659085:,1747647674520
counter/7/0/0/0,12265:1747647659436:,1747647674520
counter/5/0/0/0,12271:1747647659053:,1747647674520
counter/7/0/0/0,12266:1747647659436:,1747647674520
counter/7/0/0/0,12267:1747647659436:,1747647674520
counter/7/0/0/0,12268:1747647659436:,1747647674520
counter/7/0/0/0,12269:1747647659436:,1747647674520
counter/7/0/0/0,12270:1747647659436:,1747647674520
counter/7/0/0/0,12271:1747647659436:,1747647674521
counter/7/0/0/0,12272:1747647659436:,1747647674521
counter/9/0/0/0,12847:1747647659315:,1747647674523
counter/3/0/0/0,13121:1747647660732:,1747647674523
counter/9/0/0/0,12848:1747647659315:,1747647674523
counter/4/0/0/0,12455:1747647660660:,1747647674523
counter/4/0/0/0,12456:1747647660660:,1747647674523
counter/7/0/0/0,12273:1747647659436:,1747647674523
counter/8/0/0/0,12498:1747647659085:,1747647674523
counter/7/0/0/0,12274:1747647659436:,1747647674523
counter/8/0/0/0,12499:1747647659085:,1747647674523
counter/8/0/0/0,12500:1747647659085:,1747647674523
counter/8/0/0/0,12501:1747647659086:,1747647674524
counter/1/0/0/0,13411:1747647660495:,1747647674524
counter/3/0/0/0,13122:1747647660733:,1747647674525
counter/5/0/0/0,12272:1747647659053:,1747647674525
counter/3/0/0/0,13123:1747647660733:,1747647674526
counter/3/0/0/0,13124:1747647660734:,1747647674526
counter/3/0/0/0,13125:1747647660734:,1747647674527
counter/3/0/0/0,13126:1747647660734:,1747647674527
counter/3/0/0/0,13127:1747647660734:,1747647674527
counter/3/0/0/0,13128:1747647660734:,1747647674527
counter/3/0/0/0,13129:1747647660734:,1747647674527
counter/3/0/0/0,13130:1747647660734:,1747647674527
counter/8/0/0/0,12502:1747647659086:,1747647674527
counter/8/0/0/0,12503:1747647659086:,1747647674527
counter/8/0/0/0,12504:1747647659098:,1747647674527
counter/8/0/0/0,12505:1747647659098:,1747647674527
counter/8/0/0/0,12506:1747647659098:,1747647674527
counter/8/0/0/0,12507:1747647659098:,1747647674527
counter/8/0/0/0,12508:1747647659098:,1747647674527
counter/8/0/0/0,12509:1747647659098:,1747647674527
counter/8/0/0/0,12510:1747647659098:,1747647674527
counter/8/0/0/0,12511:1747647659098:,1747647674527
counter/8/0/0/0,12512:1747647659098:,1747647674527
counter/8/0/0/0,12513:1747647659099:,1747647674527
counter/8/0/0/0,12514:1747647659099:,1747647674527
counter/8/0/0/0,12515:1747647659099:,1747647674527
counter/8/0/0/0,12516:1747647659099:,1747647674527
counter/8/0/0/0,12517:1747647659099:,1747647674527
counter/8/0/0/0,12518:1747647659099:,1747647674527
counter/8/0/0/0,12519:1747647659099:,1747647674528
counter/8/0/0/0,12520:1747647659099:,1747647674528
counter/8/0/0/0,12521:1747647659112:,1747647674528
counter/8/0/0/0,12522:1747647659112:,1747647674528
counter/8/0/0/0,12523:1747647659112:,1747647674528
counter/10/0/0/0,11804:1747647659443:,1747647674528
counter/8/0/0/0,12524:1747647659112:,1747647674528
counter/8/0/0/0,12525:1747647659112:,1747647674528
counter/8/0/0/0,12526:1747647659112:,1747647674528
counter/8/0/0/0,12527:1747647659112:,1747647674528
counter/8/0/0/0,12528:1747647659112:,1747647674528
counter/8/0/0/0,12529:1747647659121:,1747647674529
counter/7/0/0/0,12275:1747647659436:,1747647674531
counter/3/0/0/0,13131:1747647660734:,1747647674531
counter/2/0/0/0,12195:1747647658899:,1747647674532
counter/9/0/0/0,12849:1747647659315:,1747647674532
counter/4/0/0/0,12457:1747647660660:,1747647674532
counter/4/0/0/0,12458:1747647660660:,1747647674532
counter/4/0/0/0,12459:1747647660660:,1747647674532
counter/4/0/0/0,12460:1747647660660:,1747647674532
counter/4/0/0/0,12461:1747647660665:,1747647674532
counter/3/0/0/0,13132:1747647660734:,1747647674532
counter/4/0/0/0,12462:1747647660665:,1747647674532
counter/3/0/0/0,13133:1747647660734:,1747647674532
counter/3/0/0/0,13134:1747647660734:,1747647674532
counter/3/0/0/0,13135:1747647660734:,1747647674532
counter/3/0/0/0,13136:1747647660734:,1747647674532
counter/3/0/0/0,13137:1747647660734:,1747647674533
counter/5/0/0/0,12273:1747647659053:,1747647674533
counter/7/0/0/0,12276:1747647659436:,1747647674533
counter/7/0/0/0,12277:1747647659436:,1747647674533
counter/7/0/0/0,12278:1747647659436:,1747647674533
counter/10/0/0/0,11805:1747647659443:,1747647674533
counter/6/0/0/0,12002:1747647659656:,1747647674535
counter/1/0/0/0,13412:1747647660495:,1747647674536
counter/2/0/0/0,12196:1747647658899:,1747647674536
counter/1/0/0/0,13413:1747647660495:,1747647674536
counter/3/0/0/0,13138:1747647660734:,1747647674536
counter/3/0/0/0,13139:1747647660734:,1747647674536
counter/3/0/0/0,13140:1747647660736:,1747647674536
counter/3/0/0/0,13141:1747647660737:,1747647674537
counter/7/0/0/0,12279:1747647659451:,1747647674537
counter/3/0/0/0,13142:1747647660745:,1747647674537
counter/3/0/0/0,13143:1747647660749:,1747647674537
counter/3/0/0/0,13144:1747647660749:,1747647674537
counter/3/0/0/0,13145:1747647660749:,1747647674537
counter/3/0/0/0,13146:1747647660749:,1747647674537
counter/3/0/0/0,13147:1747647660749:,1747647674537
counter/3/0/0/0,13148:1747647660749:,1747647674537
counter/3/0/0/0,13149:1747647660749:,1747647674537
counter/3/0/0/0,13150:1747647660749:,1747647674537
counter/3/0/0/0,13151:1747647660749:,1747647674537
counter/3/0/0/0,13152:1747647660749:,1747647674537
counter/1/0/0/0,13414:1747647660498:,1747647674537
counter/6/0/0/0,12003:1747647659660:,1747647674538
counter/8/0/0/0,12530:1747647659121:,1747647674538
counter/8/0/0/0,12531:1747647659121:,1747647674538
counter/3/0/0/0,13153:1747647660756:,1747647674538
counter/8/0/0/0,12532:1747647659121:,1747647674538
counter/10/0/0/0,11806:1747647659443:,1747647674538
counter/5/0/0/0,12274:1747647659053:,1747647674538
counter/1/0/0/0,13415:1747647660499:,1747647674538
counter/4/0/0/0,12463:1747647660665:,1747647674539
counter/10/0/0/0,11807:1747647659443:,1747647674539
counter/8/0/0/0,12533:1747647659121:,1747647674539
counter/4/0/0/0,12464:1747647660665:,1747647674539
counter/4/0/0/0,12465:1747647660665:,1747647674539
counter/4/0/0/0,12466:1747647660665:,1747647674540
counter/4/0/0/0,12467:1747647660665:,1747647674540
counter/7/0/0/0,12280:1747647659451:,1747647674540
counter/9/0/0/0,12850:1747647659315:,1747647674541
counter/7/0/0/0,12281:1747647659451:,1747647674542
counter/6/0/0/0,12004:1747647659660:,1747647674542
counter/6/0/0/0,12005:1747647659660:,1747647674542
counter/10/0/0/0,11808:1747647659443:,1747647674542
counter/10/0/0/0,11809:1747647659443:,1747647674542
counter/10/0/0/0,11810:1747647659443:,1747647674542
counter/1/0/0/0,13416:1747647660499:,1747647674542
counter/1/0/0/0,13417:1747647660499:,1747647674542
counter/9/0/0/0,12851:1747647659315:,1747647674544
counter/9/0/0/0,12852:1747647659315:,1747647674544
counter/1/0/0/0,13418:1747647660499:,1747647674545
counter/3/0/0/0,13154:1747647660774:,1747647674545
counter/3/0/0/0,13155:1747647660774:,1747647674545
counter/3/0/0/0,13156:1747647660774:,1747647674545
counter/3/0/0/0,13157:1747647660774:,1747647674545
counter/3/0/0/0,13158:1747647660774:,1747647674545
counter/3/0/0/0,13159:1747647660775:,1747647674545
counter/3/0/0/0,13160:1747647660775:,1747647674545
counter/5/0/0/0,12275:1747647659053:,1747647674545
counter/5/0/0/0,12276:1747647659053:,1747647674545
counter/5/0/0/0,12277:1747647659053:,1747647674546
counter/5/0/0/0,12278:1747647659053:,1747647674546
counter/5/0/0/0,12279:1747647659053:,1747647674546
counter/5/0/0/0,12280:1747647659053:,1747647674546
counter/5/0/0/0,12281:1747647659053:,1747647674546
counter/9/0/0/0,12853:1747647659315:,1747647674546
counter/7/0/0/0,12282:1747647659451:,1747647674546
counter/4/0/0/0,12468:1747647660665:,1747647674546
counter/4/0/0/0,12469:1747647660665:,1747647674546
counter/3/0/0/0,13161:1747647660775:,1747647674546
counter/4/0/0/0,12470:1747647660665:,1747647674546
counter/4/0/0/0,12471:1747647660665:,1747647674546
counter/7/0/0/0,12283:1747647659451:,1747647674547
counter/7/0/0/0,12284:1747647659451:,1747647674547
counter/7/0/0/0,12285:1747647659451:,1747647674547
counter/7/0/0/0,12286:1747647659451:,1747647674547
counter/7/0/0/0,12287:1747647659477:,1747647674547
counter/7/0/0/0,12288:1747647659477:,1747647674547
counter/7/0/0/0,12289:1747647659477:,1747647674547
counter/7/0/0/0,12290:1747647659477:,1747647674547
counter/5/0/0/0,12282:1747647659053:,1747647674547
counter/3/0/0/0,13162:1747647660775:,1747647674547
counter/4/0/0/0,12472:1747647660665:,1747647674548
counter/10/0/0/0,11811:1747647659443:,1747647674548
counter/10/0/0/0,11812:1747647659443:,1747647674548
counter/10/0/0/0,11813:1747647659444:,1747647674548
counter/10/0/0/0,11814:1747647659444:,1747647674548
counter/10/0/0/0,11815:1747647659444:,1747647674549
counter/2/0/0/0,12197:1747647658899:,1747647674549
counter/2/0/0/0,12198:1747647658905:,1747647674549
counter/3/0/0/0,13163:1747647660775:,1747647674549
counter/10/0/0/0,11816:1747647659444:,1747647674549
counter/1/0/0/0,13419:1747647660499:,1747647674550
counter/2/0/0/0,12199:1747647658905:,1747647674550
counter/10/0/0/0,11817:1747647659444:,1747647674551
counter/10/0/0/0,11818:1747647659447:,1747647674551
counter/10/0/0/0,11819:1747647659447:,1747647674551
counter/10/0/0/0,11820:1747647659447:,1747647674551
counter/4/0/0/0,12473:1747647660665:,1747647674551
counter/7/0/0/0,12291:1747647659477:,1747647674551
counter/5/0/0/0,12283:1747647659053:,1747647674551
counter/7/0/0/0,12292:1747647659477:,1747647674551
counter/7/0/0/0,12293:1747647659477:,1747647674551
counter/4/0/0/0,12474:1747647660665:,1747647674552
counter/4/0/0/0,12475:1747647660665:,1747647674552
counter/7/0/0/0,12294:1747647659477:,1747647674552
counter/4/0/0/0,12476:1747647660665:,1747647674553
counter/3/0/0/0,13164:1747647660778:,1747647674553
counter/1/0/0/0,13420:1747647660502:,1747647674553
counter/1/0/0/0,13421:1747647660503:,1747647674553
counter/1/0/0/0,13422:1747647660503:,1747647674553
counter/1/0/0/0,13423:1747647660503:,1747647674553
counter/9/0/0/0,12854:1747647659315:,1747647674553
counter/3/0/0/0,13165:1747647660781:,1747647674553
counter/2/0/0/0,12200:1747647658905:,1747647674553
counter/2/0/0/0,12201:1747647658905:,1747647674553
counter/10/0/0/0,11821:1747647659447:,1747647674553
counter/2/0/0/0,12202:1747647658905:,1747647674553
counter/2/0/0/0,12203:1747647658906:,1747647674554
counter/5/0/0/0,12284:1747647659053:,1747647674554
counter/7/0/0/0,12295:1747647659477:,1747647674554
counter/7/0/0/0,12296:1747647659477:,1747647674554
counter/7/0/0/0,12297:1747647659477:,1747647674554
counter/7/0/0/0,12298:1747647659477:,1747647674554
counter/7/0/0/0,12299:1747647659477:,1747647674554
counter/1/0/0/0,13424:1747647660504:,1747647674555
counter/9/0/0/0,12855:1747647659315:,1747647674555
counter/6/0/0/0,12006:1747647659660:,1747647674555
counter/5/0/0/0,12285:1747647659053:,1747647674555
counter/5/0/0/0,12286:1747647659053:,1747647674555
counter/5/0/0/0,12287:1747647659054:,1747647674555
counter/5/0/0/0,12288:1747647659054:,1747647674555
counter/5/0/0/0,12289:1747647659054:,1747647674555
counter/5/0/0/0,12290:1747647659054:,1747647674555
counter/10/0/0/0,11822:1747647659447:,1747647674556
counter/5/0/0/0,12291:1747647659054:,1747647674556
counter/5/0/0/0,12292:1747647659054:,1747647674556
counter/3/0/0/0,13166:1747647660782:,1747647674556
counter/5/0/0/0,12293:1747647659054:,1747647674556
counter/5/0/0/0,12294:1747647659054:,1747647674556
counter/5/0/0/0,12295:1747647659054:,1747647674556
counter/5/0/0/0,12296:1747647659054:,1747647674556
counter/5/0/0/0,12297:1747647659054:,1747647674556
counter/5/0/0/0,12298:1747647659054:,1747647674556
counter/5/0/0/0,12299:1747647659054:,1747647674556
counter/5/0/0/0,12300:1747647659054:,1747647674557
counter/5/0/0/0,12301:1747647659054:,1747647674557
counter/5/0/0/0,12302:1747647659059:,1747647674557
counter/5/0/0/0,12303:1747647659059:,1747647674558
counter/5/0/0/0,12304:1747647659059:,1747647674558
counter/5/0/0/0,12305:1747647659059:,1747647674558
counter/5/0/0/0,12306:1747647659059:,1747647674559
counter/6/0/0/0,12007:1747647659660:,1747647674559
counter/4/0/0/0,12477:1747647660667:,1747647674559
counter/6/0/0/0,12008:1747647659660:,1747647674559
counter/6/0/0/0,12009:1747647659660:,1747647674559
counter/6/0/0/0,12010:1747647659660:,1747647674559
counter/6/0/0/0,12011:1747647659660:,1747647674559
counter/6/0/0/0,12012:1747647659660:,1747647674559
counter/6/0/0/0,12013:1747647659660:,1747647674559
counter/8/0/0/0,12534:1747647659121:,1747647674559
counter/6/0/0/0,12014:1747647659660:,1747647674559
counter/8/0/0/0,12535:1747647659121:,1747647674559
counter/6/0/0/0,12015:1747647659660:,1747647674559
counter/8/0/0/0,12536:1747647659121:,1747647674559
counter/8/0/0/0,12537:1747647659121:,1747647674559
counter/8/0/0/0,12538:1747647659141:,1747647674559
counter/8/0/0/0,12539:1747647659141:,1747647674559
counter/8/0/0/0,12540:1747647659141:,1747647674560
counter/8/0/0/0,12541:1747647659143:,1747647674560
counter/8/0/0/0,12542:1747647659143:,1747647674560
counter/5/0/0/0,12307:1747647659059:,1747647674560
counter/5/0/0/0,12308:1747647659059:,1747647674560
counter/5/0/0/0,12309:1747647659059:,1747647674560
counter/5/0/0/0,12310:1747647659078:,1747647674560
counter/6/0/0/0,12016:1747647659661:,1747647674563
counter/8/0/0/0,12543:1747647659143:,1747647674564
counter/8/0/0/0,12544:1747647659143:,1747647674565
counter/8/0/0/0,12545:1747647659143:,1747647674565
counter/4/0/0/0,12478:1747647660668:,1747647674565
counter/4/0/0/0,12479:1747647660668:,1747647674565
counter/4/0/0/0,12480:1747647660668:,1747647674565
counter/4/0/0/0,12481:1747647660670:,1747647674565
counter/4/0/0/0,12482:1747647660671:,1747647674565
counter/4/0/0/0,12483:1747647660673:,1747647674565
counter/4/0/0/0,12484:1747647660673:,1747647674565
counter/4/0/0/0,12485:1747647660673:,1747647674565
counter/6/0/0/0,12017:1747647659663:,1747647674566
counter/9/0/0/0,12856:1747647659315:,1747647674566
counter/9/0/0/0,12857:1747647659315:,1747647674566
counter/10/0/0/0,11823:1747647659447:,1747647674568
counter/10/0/0/0,11824:1747647659447:,1747647674568
counter/10/0/0/0,11825:1747647659447:,1747647674569
counter/9/0/0/0,12858:1747647659315:,1747647674569
counter/10/0/0/0,11826:1747647659447:,1747647674569
counter/10/0/0/0,11827:1747647659447:,1747647674569
counter/9/0/0/0,12859:1747647659315:,1747647674569
counter/9/0/0/0,12860:1747647659315:,1747647674570
counter/9/0/0/0,12861:1747647659316:,1747647674570
counter/9/0/0/0,12862:1747647659316:,1747647674570
counter/9/0/0/0,12863:1747647659316:,1747647674570
counter/2/0/0/0,12204:1747647658906:,1747647674570
counter/10/0/0/0,11828:1747647659447:,1747647674572
counter/10/0/0/0,11829:1747647659447:,1747647674574
counter/1/0/0/0,13425:1747647660504:,1747647674574
counter/1/0/0/0,13426:1747647660504:,1747647674574
counter/1/0/0/0,13427:1747647660505:,1747647674574
counter/1/0/0/0,13428:1747647660505:,1747647674574
counter/9/0/0/0,12864:1747647659316:,1747647674574
counter/5/0/0/0,12311:1747647659078:,1747647674574
counter/5/0/0/0,12312:1747647659078:,1747647674574
counter/5/0/0/0,12313:1747647659080:,1747647674574
counter/5/0/0/0,12314:1747647659080:,1747647674574
counter/5/0/0/0,12315:1747647659080:,1747647674574
counter/5/0/0/0,12316:1747647659080:,1747647674575
counter/5/0/0/0,12317:1747647659080:,1747647674575
counter/5/0/0/0,12318:1747647659095:,1747647674575
counter/5/0/0/0,12319:1747647659108:,1747647674575
counter/5/0/0/0,12320:1747647659108:,1747647674575
counter/3/0/0/0,13167:1747647660782:,1747647674575
counter/6/0/0/0,12018:1747647659668:,1747647674575
counter/10/0/0/0,11830:1747647659447:,1747647674575
counter/7/0/0/0,12300:1747647659477:,1747647674575
counter/1/0/0/0,13429:1747647660509:,1747647674575
counter/8/0/0/0,12546:1747647659151:,1747647674575
counter/8/0/0/0,12547:1747647659151:,1747647674575
counter/8/0/0/0,12548:1747647659151:,1747647674575
counter/9/0/0/0,12865:1747647659316:,1747647674575
counter/4/0/0/0,12486:1747647660674:,1747647674575
counter/9/0/0/0,12866:1747647659316:,1747647674576
counter/9/0/0/0,12867:1747647659317:,1747647674576
counter/9/0/0/0,12868:1747647659317:,1747647674576
counter/1/0/0/0,13430:1747647660515:,1747647674577
counter/9/0/0/0,12869:1747647659318:,1747647674578
counter/9/0/0/0,12870:1747647659318:,1747647674578
counter/9/0/0/0,12871:1747647659318:,1747647674578
counter/5/0/0/0,12321:1747647659108:,1747647674578
counter/9/0/0/0,12872:1747647659318:,1747647674578
counter/5/0/0/0,12322:1747647659109:,1747647674578
counter/9/0/0/0,12873:1747647659318:,1747647674578
counter/5/0/0/0,12323:1747647659109:,1747647674579
counter/9/0/0/0,12874:1747647659318:,1747647674579
counter/5/0/0/0,12324:1747647659109:,1747647674579
counter/5/0/0/0,12325:1747647659109:,1747647674579
counter/5/0/0/0,12326:1747647659109:,1747647674579
counter/5/0/0/0,12327:1747647659109:,1747647674579
counter/5/0/0/0,12328:1747647659109:,1747647674579
counter/5/0/0/0,12329:1747647659109:,1747647674579
counter/5/0/0/0,12330:1747647659109:,1747647674579
counter/5/0/0/0,12331:1747647659109:,1747647674579
counter/5/0/0/0,12332:1747647659109:,1747647674579
counter/7/0/0/0,12301:1747647659477:,1747647674579
counter/1/0/0/0,13431:1747647660525:,1747647674579
counter/4/0/0/0,12487:1747647660674:,1747647674580
counter/6/0/0/0,12019:1747647659673:,1747647674582
counter/6/0/0/0,12020:1747647659679:,1747647674582
counter/8/0/0/0,12549:1747647659151:,1747647674582
counter/6/0/0/0,12021:1747647659680:,1747647674582
counter/5/0/0/0,12333:1747647659109:,1747647674582
counter/5/0/0/0,12334:1747647659118:,1747647674582
counter/2/0/0/0,12205:1747647658907:,1747647674582
counter/9/0/0/0,12875:1747647659318:,1747647674584
counter/7/0/0/0,12302:1747647659477:,1747647674585
counter/5/0/0/0,12335:1747647659120:,1747647674585
counter/8/0/0/0,12550:1747647659151:,1747647674585
counter/5/0/0/0,12336:1747647659120:,1747647674585
counter/5/0/0/0,12337:1747647659120:,1747647674585
counter/5/0/0/0,12338:1747647659120:,1747647674585
counter/5/0/0/0,12339:1747647659121:,1747647674585
counter/5/0/0/0,12340:1747647659121:,1747647674585
counter/5/0/0/0,12341:1747647659121:,1747647674585
counter/5/0/0/0,12342:1747647659121:,1747647674585
counter/5/0/0/0,12343:1747647659122:,1747647674585
counter/5/0/0/0,12344:1747647659123:,1747647674585
counter/3/0/0/0,13168:1747647660782:,1747647674587
counter/3/0/0/0,13169:1747647660782:,1747647674587
counter/3/0/0/0,13170:1747647660786:,1747647674588
counter/3/0/0/0,13171:1747647660788:,1747647674588
counter/3/0/0/0,13172:1747647660789:,1747647674588
counter/9/0/0/0,12876:1747647659318:,1747647674588
counter/9/0/0/0,12877:1747647659318:,1747647674588
counter/5/0/0/0,12345:1747647659123:,1747647674588
counter/7/0/0/0,12303:1747647659477:,1747647674589
counter/7/0/0/0,12304:1747647659477:,1747647674589
counter/7/0/0/0,12305:1747647659482:,1747647674589
counter/7/0/0/0,12306:1747647659482:,1747647674589
counter/7/0/0/0,12307:1747647659482:,1747647674589
counter/7/0/0/0,12308:1747647659482:,1747647674589
counter/8/0/0/0,12551:1747647659151:,1747647674590
counter/10/0/0/0,11831:1747647659447:,1747647674590
counter/7/0/0/0,12309:1747647659482:,1747647674590
counter/10/0/0/0,11832:1747647659447:,1747647674590
counter/10/0/0/0,11833:1747647659447:,1747647674590
counter/7/0/0/0,12310:1747647659482:,1747647674591
counter/10/0/0/0,11834:1747647659447:,1747647674591
counter/9/0/0/0,12878:1747647659318:,1747647674591
counter/9/0/0/0,12879:1747647659318:,1747647674591
counter/9/0/0/0,12880:1747647659318:,1747647674591
counter/9/0/0/0,12881:1747647659318:,1747647674591
counter/9/0/0/0,12882:1747647659318:,1747647674591
counter/9/0/0/0,12883:1747647659319:,1747647674591
counter/9/0/0/0,12884:1747647659319:,1747647674591
counter/9/0/0/0,12885:1747647659319:,1747647674591
counter/9/0/0/0,12886:1747647659319:,1747647674592
counter/9/0/0/0,12887:1747647659319:,1747647674592
counter/9/0/0/0,12888:1747647659319:,1747647674592
counter/2/0/0/0,12206:1747647658907:,1747647674592
counter/3/0/0/0,13173:1747647660789:,1747647674592
counter/9/0/0/0,12889:1747647659322:,1747647674592
counter/8/0/0/0,12552:1747647659151:,1747647674593
counter/8/0/0/0,12553:1747647659151:,1747647674593
counter/8/0/0/0,12554:1747647659158:,1747647674593
counter/5/0/0/0,12346:1747647659123:,1747647674593
counter/6/0/0/0,12022:1747647659680:,1747647674593
counter/4/0/0/0,12488:1747647660674:,1747647674594
counter/7/0/0/0,12311:1747647659482:,1747647674597
counter/1/0/0/0,13432:1747647660525:,1747647674598
counter/1/0/0/0,13433:1747647660525:,1747647674598
counter/1/0/0/0,13434:1747647660525:,1747647674598
counter/10/0/0/0,11835:1747647659459:,1747647674599
counter/10/0/0/0,11836:1747647659462:,1747647674599
counter/7/0/0/0,12312:1747647659482:,1747647674600
counter/7/0/0/0,12313:1747647659482:,1747647674600
counter/7/0/0/0,12314:1747647659482:,1747647674600
counter/7/0/0/0,12315:1747647659482:,1747647674600
counter/7/0/0/0,12316:1747647659482:,1747647674600
counter/4/0/0/0,12489:1747647660675:,1747647674600
counter/7/0/0/0,12317:1747647659482:,1747647674600
counter/7/0/0/0,12318:1747647659482:,1747647674600
counter/3/0/0/0,13174:1747647660789:,1747647674600
counter/7/0/0/0,12319:1747647659482:,1747647674600
counter/1/0/0/0,13435:1747647660530:,1747647674603
counter/1/0/0/0,13436:1747647660531:,1747647674603
counter/1/0/0/0,13437:1747647660531:,1747647674603
counter/1/0/0/0,13438:1747647660531:,1747647674603
counter/10/0/0/0,11837:1747647659462:,1747647674603
counter/1/0/0/0,13439:1747647660531:,1747647674603
counter/1/0/0/0,13440:1747647660531:,1747647674603
counter/10/0/0/0,11838:1747647659464:,1747647674603
counter/1/0/0/0,13441:1747647660531:,1747647674603
counter/6/0/0/0,12023:1747647659680:,1747647674603
counter/6/0/0/0,12024:1747647659680:,1747647674603
counter/4/0/0/0,12490:1747647660676:,1747647674604
counter/4/0/0/0,12491:1747647660676:,1747647674604
counter/4/0/0/0,12492:1747647660676:,1747647674604
counter/4/0/0/0,12493:1747647660676:,1747647674604
counter/3/0/0/0,13175:1747647660789:,1747647674604
counter/7/0/0/0,12320:1747647659484:,1747647674605
counter/4/0/0/0,12494:1747647660676:,1747647674605
counter/4/0/0/0,12495:1747647660677:,1747647674606
counter/4/0/0/0,12496:1747647660677:,1747647674606
counter/4/0/0/0,12497:1747647660681:,1747647674606
counter/4/0/0/0,12498:1747647660681:,1747647674606
counter/4/0/0/0,12499:1747647660681:,1747647674606
counter/6/0/0/0,12025:1747647659680:,1747647674606
counter/8/0/0/0,12555:1747647659158:,1747647674606
counter/8/0/0/0,12556:1747647659158:,1747647674606
counter/8/0/0/0,12557:1747647659158:,1747647674606
counter/1/0/0/0,13442:1747647660531:,1747647674606
counter/9/0/0/0,12890:1747647659322:,1747647674607
counter/9/0/0/0,12891:1747647659322:,1747647674607
counter/9/0/0/0,12892:1747647659322:,1747647674607
counter/9/0/0/0,12893:1747647659322:,1747647674607
counter/9/0/0/0,12894:1747647659322:,1747647674607
counter/9/0/0/0,12895:1747647659323:,1747647674607
counter/9/0/0/0,12896:1747647659323:,1747647674607
counter/9/0/0/0,12897:1747647659323:,1747647674607
counter/9/0/0/0,12898:1747647659323:,1747647674607
counter/1/0/0/0,13443:1747647660531:,1747647674608
counter/7/0/0/0,12321:1747647659484:,1747647674608
counter/10/0/0/0,11839:1747647659464:,1747647674608
counter/5/0/0/0,12347:1747647659123:,1747647674609
counter/3/0/0/0,13176:1747647660789:,1747647674609
counter/5/0/0/0,12348:1747647659123:,1747647674609
counter/1/0/0/0,13444:1747647660531:,1747647674610
counter/4/0/0/0,12500:1747647660681:,1747647674610
counter/3/0/0/0,13177:1747647660789:,1747647674611
counter/7/0/0/0,12322:1747647659484:,1747647674612
counter/6/0/0/0,12026:1747647659680:,1747647674612
counter/9/0/0/0,12899:1747647659323:,1747647674614
counter/8/0/0/0,12558:1747647659158:,1747647674615
counter/8/0/0/0,12559:1747647659158:,1747647674615
counter/8/0/0/0,12560:1747647659158:,1747647674615
counter/8/0/0/0,12561:1747647659158:,1747647674615
counter/8/0/0/0,12562:1747647659158:,1747647674615
counter/8/0/0/0,12563:1747647659158:,1747647674616
counter/8/0/0/0,12564:1747647659161:,1747647674616
counter/5/0/0/0,12349:1747647659126:,1747647674616
counter/8/0/0/0,12565:1747647659161:,1747647674616
counter/5/0/0/0,12350:1747647659126:,1747647674617
counter/3/0/0/0,13178:1747647660789:,1747647674617
counter/4/0/0/0,12501:1747647660681:,1747647674617
counter/3/0/0/0,13179:1747647660789:,1747647674617
counter/3/0/0/0,13180:1747647660789:,1747647674617
counter/3/0/0/0,13181:1747647660789:,1747647674617
counter/3/0/0/0,13182:1747647660799:,1747647674617
counter/6/0/0/0,12027:1747647659681:,1747647674617
counter/9/0/0/0,12900:1747647659323:,1747647674618
counter/9/0/0/0,12901:1747647659323:,1747647674618
counter/9/0/0/0,12902:1747647659323:,1747647674618
counter/9/0/0/0,12903:1747647659323:,1747647674618
counter/8/0/0/0,12566:1747647659161:,1747647674618
counter/10/0/0/0,11840:1747647659464:,1747647674619
counter/10/0/0/0,11841:1747647659466:,1747647674619
counter/10/0/0/0,11842:1747647659466:,1747647674619
counter/10/0/0/0,11843:1747647659466:,1747647674619
counter/6/0/0/0,12028:1747647659681:,1747647674620
counter/9/0/0/0,12904:1747647659323:,1747647674621
counter/3/0/0/0,13183:1747647660799:,1747647674621
counter/7/0/0/0,12323:1747647659484:,1747647674621
counter/3/0/0/0,13184:1747647660799:,1747647674622
counter/9/0/0/0,12905:1747647659323:,1747647674622
counter/7/0/0/0,12324:1747647659484:,1747647674622
counter/7/0/0/0,12325:1747647659484:,1747647674622
counter/5/0/0/0,12351:1747647659126:,1747647674624
counter/5/0/0/0,12352:1747647659126:,1747647674624
counter/5/0/0/0,12353:1747647659126:,1747647674624
counter/5/0/0/0,12354:1747647659126:,1747647674624
counter/5/0/0/0,12355:1747647659126:,1747647674624
counter/5/0/0/0,12356:1747647659126:,1747647674624
counter/5/0/0/0,12357:1747647659126:,1747647674624
counter/5/0/0/0,12358:1747647659126:,1747647674624
counter/5/0/0/0,12359:1747647659130:,1747647674625
counter/1/0/0/0,13445:1747647660531:,1747647674625
counter/3/0/0/0,13185:1747647660815:,1747647674625
counter/1/0/0/0,13446:1747647660531:,1747647674625
counter/1/0/0/0,13447:1747647660531:,1747647674625
counter/1/0/0/0,13448:1747647660531:,1747647674625
counter/1/0/0/0,13449:1747647660533:,1747647674625
counter/1/0/0/0,13450:1747647660533:,1747647674625
counter/1/0/0/0,13451:1747647660533:,1747647674625
counter/1/0/0/0,13452:1747647660533:,1747647674625
counter/10/0/0/0,11844:1747647659466:,1747647674625
counter/6/0/0/0,12029:1747647659681:,1747647674625
counter/9/0/0/0,12906:1747647659323:,1747647674626
counter/6/0/0/0,12030:1747647659689:,1747647674627
counter/6/0/0/0,12031:1747647659689:,1747647674627
counter/5/0/0/0,12360:1747647659130:,1747647674627
counter/5/0/0/0,12361:1747647659131:,1747647674627
counter/9/0/0/0,12907:1747647659323:,1747647674627
counter/1/0/0/0,13453:1747647660533:,1747647674628
counter/6/0/0/0,12032:1747647659689:,1747647674628
counter/6/0/0/0,12033:1747647659689:,1747647674628
counter/6/0/0/0,12034:1747647659689:,1747647674628
counter/6/0/0/0,12035:1747647659689:,1747647674629
counter/6/0/0/0,12036:1747647659689:,1747647674629
counter/6/0/0/0,12037:1747647659690:,1747647674629
counter/6/0/0/0,12038:1747647659690:,1747647674629
counter/6/0/0/0,12039:1747647659690:,1747647674629
counter/6/0/0/0,12040:1747647659690:,1747647674629
counter/7/0/0/0,12326:1747647659484:,1747647674629
counter/8/0/0/0,12567:1747647659161:,1747647674629
counter/5/0/0/0,12362:1747647659131:,1747647674629
counter/8/0/0/0,12568:1747647659161:,1747647674629
counter/5/0/0/0,12363:1747647659131:,1747647674629
counter/8/0/0/0,12569:1747647659162:,1747647674630
counter/10/0/0/0,11845:1747647659466:,1747647674631
counter/10/0/0/0,11846:1747647659466:,1747647674631
counter/10/0/0/0,11847:1747647659466:,1747647674631
counter/10/0/0/0,11848:1747647659466:,1747647674631
counter/10/0/0/0,11849:1747647659466:,1747647674631
counter/10/0/0/0,11850:1747647659466:,1747647674632
counter/4/0/0/0,12502:1747647660681:,1747647674632
counter/7/0/0/0,12327:1747647659484:,1747647674632
counter/1/0/0/0,13454:1747647660533:,1747647674632
counter/1/0/0/0,13455:1747647660533:,1747647674633
counter/1/0/0/0,13456:1747647660533:,1747647674633
counter/1/0/0/0,13457:1747647660533:,1747647674633
counter/1/0/0/0,13458:1747647660538:,1747647674633
counter/1/0/0/0,13459:1747647660552:,1747647674634
counter/1/0/0/0,13460:1747647660552:,1747647674634
counter/1/0/0/0,13461:1747647660555:,1747647674634
counter/3/0/0/0,13186:1747647660815:,1747647674634
counter/3/0/0/0,13187:1747647660815:,1747647674634
counter/3/0/0/0,13188:1747647660815:,1747647674634
counter/10/0/0/0,11851:1747647659467:,1747647674635
counter/10/0/0/0,11852:1747647659467:,1747647674635
counter/10/0/0/0,11853:1747647659467:,1747647674635
counter/10/0/0/0,11854:1747647659468:,1747647674635
counter/6/0/0/0,12041:1747647659690:,1747647674636
counter/3/0/0/0,13189:1747647660816:,1747647674636
counter/1/0/0/0,13462:1747647660555:,1747647674638
counter/10/0/0/0,11855:1747647659468:,1747647674638
counter/10/0/0/0,11856:1747647659468:,1747647674638
counter/10/0/0/0,11857:1747647659468:,1747647674638
counter/10/0/0/0,11858:1747647659468:,1747647674638
counter/10/0/0/0,11859:1747647659468:,1747647674638
counter/2/0/0/0,12207:1747647658907:,1747647674638
counter/6/0/0/0,12042:1747647659690:,1747647674638
counter/3/0/0/0,13190:1747647660816:,1747647674638
counter/3/0/0/0,13191:1747647660819:,1747647674638
counter/7/0/0/0,12328:1747647659484:,1747647674639
counter/7/0/0/0,12329:1747647659484:,1747647674639
counter/1/0/0/0,13463:1747647660555:,1747647674640
counter/1/0/0/0,13464:1747647660555:,1747647674640
counter/1/0/0/0,13465:1747647660555:,1747647674640
counter/4/0/0/0,12503:1747647660681:,1747647674640
counter/1/0/0/0,13466:1747647660555:,1747647674640
counter/4/0/0/0,12504:1747647660681:,1747647674641
counter/4/0/0/0,12505:1747647660681:,1747647674641
counter/4/0/0/0,12506:1747647660681:,1747647674641
counter/3/0/0/0,13192:1747647660819:,1747647674641
counter/3/0/0/0,13193:1747647660822:,1747647674641
counter/3/0/0/0,13194:1747647660823:,1747647674641
counter/3/0/0/0,13195:1747647660823:,1747647674641
counter/3/0/0/0,13196:1747647660823:,1747647674641
counter/3/0/0/0,13197:1747647660823:,1747647674641
counter/6/0/0/0,12043:1747647659691:,1747647674641
counter/8/0/0/0,12570:1747647659162:,1747647674641
counter/2/0/0/0,12208:1747647658907:,1747647674642
counter/2/0/0/0,12209:1747647658907:,1747647674642
counter/2/0/0/0,12210:1747647658907:,1747647674642
counter/2/0/0/0,12211:1747647658907:,1747647674642
counter/2/0/0/0,12212:1747647658907:,1747647674642
counter/2/0/0/0,12213:1747647658912:,1747647674642
counter/9/0/0/0,12908:1747647659323:,1747647674642
counter/9/0/0/0,12909:1747647659323:,1747647674642
counter/9/0/0/0,12910:1747647659323:,1747647674642
counter/9/0/0/0,12911:1747647659323:,1747647674643
counter/9/0/0/0,12912:1747647659323:,1747647674643
counter/9/0/0/0,12913:1747647659323:,1747647674643
counter/9/0/0/0,12914:1747647659323:,1747647674643
counter/4/0/0/0,12507:1747647660681:,1747647674643
counter/5/0/0/0,12364:1747647659131:,1747647674643
counter/5/0/0/0,12365:1747647659131:,1747647674643
counter/6/0/0/0,12044:1747647659691:,1747647674643
counter/6/0/0/0,12045:1747647659691:,1747647674643
counter/2/0/0/0,12214:1747647658912:,1747647674643
counter/4/0/0/0,12508:1747647660681:,1747647674644
counter/4/0/0/0,12509:1747647660681:,1747647674644
counter/4/0/0/0,12510:1747647660681:,1747647674644
counter/4/0/0/0,12511:1747647660681:,1747647674644
counter/4/0/0/0,12512:1747647660683:,1747647674644
counter/4/0/0/0,12513:1747647660683:,1747647674644
counter/3/0/0/0,13198:1747647660823:,1747647674644
counter/4/0/0/0,12514:1747647660683:,1747647674644
counter/3/0/0/0,13199:1747647660823:,1747647674644
counter/3/0/0/0,13200:1747647660823:,1747647674644
counter/3/0/0/0,13201:1747647660826:,1747647674645
counter/3/0/0/0,13202:1747647660826:,1747647674645
counter/3/0/0/0,13203:1747647660826:,1747647674645
counter/3/0/0/0,13204:1747647660826:,1747647674645
counter/3/0/0/0,13205:1747647660826:,1747647674645
counter/3/0/0/0,13206:1747647660826:,1747647674645
counter/3/0/0/0,13207:1747647660827:,1747647674645
counter/1/0/0/0,13467:1747647660555:,1747647674645
counter/9/0/0/0,12915:1747647659323:,1747647674646
counter/1/0/0/0,13468:1747647660555:,1747647674646
counter/3/0/0/0,13208:1747647660827:,1747647674646
counter/7/0/0/0,12330:1747647659484:,1747647674646
counter/7/0/0/0,12331:1747647659484:,1747647674646
counter/7/0/0/0,12332:1747647659484:,1747647674646
counter/7/0/0/0,12333:1747647659484:,1747647674646
counter/7/0/0/0,12334:1747647659484:,1747647674646
counter/5/0/0/0,12366:1747647659131:,1747647674647
counter/6/0/0/0,12046:1747647659691:,1747647674647
counter/8/0/0/0,12571:1747647659162:,1747647674647
counter/8/0/0/0,12572:1747647659162:,1747647674647
counter/8/0/0/0,12573:1747647659162:,1747647674647
counter/8/0/0/0,12574:1747647659162:,1747647674647
counter/8/0/0/0,12575:1747647659162:,1747647674647
counter/9/0/0/0,12916:1747647659323:,1747647674647
counter/10/0/0/0,11860:1747647659468:,1747647674647
counter/10/0/0/0,11861:1747647659468:,1747647674647
counter/1/0/0/0,13469:1747647660555:,1747647674647
counter/3/0/0/0,13209:1747647660828:,1747647674648
counter/1/0/0/0,13470:1747647660555:,1747647674648
counter/1/0/0/0,13471:1747647660555:,1747647674648
counter/1/0/0/0,13472:1747647660555:,1747647674648
counter/1/0/0/0,13473:1747647660555:,1747647674648
counter/1/0/0/0,13474:1747647660555:,1747647674648
counter/2/0/0/0,12215:1747647658912:,1747647674648
counter/10/0/0/0,11862:1747647659468:,1747647674648
counter/3/0/0/0,13210:1747647660828:,1747647674648
counter/3/0/0/0,13211:1747647660828:,1747647674648
counter/3/0/0/0,13212:1747647660828:,1747647674649
counter/5/0/0/0,12367:1747647659131:,1747647674649
counter/1/0/0/0,13475:1747647660555:,1747647674649
counter/1/0/0/0,13476:1747647660555:,1747647674649
counter/1/0/0/0,13477:1747647660555:,1747647674649
counter/1/0/0/0,13478:1747647660555:,1747647674649
counter/1/0/0/0,13479:1747647660556:,1747647674649
counter/1/0/0/0,13480:1747647660556:,1747647674649
counter/1/0/0/0,13481:1747647660556:,1747647674649
counter/10/0/0/0,11863:1747647659470:,1747647674650
counter/10/0/0/0,11864:1747647659470:,1747647674650
counter/3/0/0/0,13213:1747647660828:,1747647674650
counter/5/0/0/0,12368:1747647659131:,1747647674650
counter/6/0/0/0,12047:1747647659691:,1747647674650
counter/6/0/0/0,12048:1747647659691:,1747647674650
counter/6/0/0/0,12049:1747647659691:,1747647674650
counter/6/0/0/0,12050:1747647659691:,1747647674650
counter/6/0/0/0,12051:1747647659695:,1747647674650
counter/1/0/0/0,13482:1747647660556:,1747647674650
counter/3/0/0/0,13214:1747647660828:,1747647674651
counter/3/0/0/0,13215:1747647660828:,1747647674651
counter/3/0/0/0,13216:1747647660828:,1747647674651
counter/3/0/0/0,13217:1747647660828:,1747647674651
counter/3/0/0/0,13218:1747647660828:,1747647674651
counter/3/0/0/0,13219:1747647660828:,1747647674651
counter/3/0/0/0,13220:1747647660847:,1747647674651
counter/1/0/0/0,13483:1747647660556:,1747647674651
counter/1/0/0/0,13484:1747647660556:,1747647674651
counter/1/0/0/0,13485:1747647660556:,1747647674651
counter/1/0/0/0,13486:1747647660556:,1747647674651
counter/1/0/0/0,13487:1747647660556:,1747647674652
counter/1/0/0/0,13488:1747647660556:,1747647674652
counter/6/0/0/0,12052:1747647659695:,1747647674652
counter/6/0/0/0,12053:1747647659695:,1747647674652
counter/6/0/0/0,12054:1747647659696:,1747647674652
counter/6/0/0/0,12055:1747647659696:,1747647674652
counter/6/0/0/0,12056:1747647659696:,1747647674652
counter/6/0/0/0,12057:1747647659696:,1747647674652
counter/7/0/0/0,12335:1747647659484:,1747647674652
counter/9/0/0/0,12917:1747647659323:,1747647674652
counter/9/0/0/0,12918:1747647659323:,1747647674652
counter/9/0/0/0,12919:1747647659323:,1747647674652
counter/8/0/0/0,12576:1747647659162:,1747647674652
counter/3/0/0/0,13221:1747647660847:,1747647674653
counter/8/0/0/0,12577:1747647659162:,1747647674653
counter/5/0/0/0,12369:1747647659131:,1747647674653
counter/10/0/0/0,11865:1747647659470:,1747647674653
counter/6/0/0/0,12058:1747647659696:,1747647674653
counter/10/0/0/0,11866:1747647659470:,1747647674654
counter/6/0/0/0,12059:1747647659696:,1747647674654
counter/6/0/0/0,12060:1747647659696:,1747647674654
counter/6/0/0/0,12061:1747647659696:,1747647674654
counter/6/0/0/0,12062:1747647659696:,1747647674654
counter/2/0/0/0,12216:1747647658912:,1747647674654
counter/9/0/0/0,12920:1747647659324:,1747647674654
counter/2/0/0/0,12217:1747647658913:,1747647674654
counter/8/0/0/0,12578:1747647659163:,1747647674655
counter/4/0/0/0,12515:1747647660683:,1747647674655
counter/6/0/0/0,12063:1747647659696:,1747647674655
counter/6/0/0/0,12064:1747647659696:,1747647674655
counter/7/0/0/0,12336:1747647659485:,1747647674655
counter/1/0/0/0,13489:1747647660556:,1747647674655
counter/8/0/0/0,12579:1747647659163:,1747647674657
counter/7/0/0/0,12337:1747647659485:,1747647674657
counter/7/0/0/0,12338:1747647659485:,1747647674657
counter/9/0/0/0,12921:1747647659324:,1747647674657
counter/9/0/0/0,12922:1747647659324:,1747647674657
counter/1/0/0/0,13490:1747647660556:,1747647674658
counter/6/0/0/0,12065:1747647659696:,1747647674659
counter/5/0/0/0,12370:1747647659131:,1747647674659
counter/6/0/0/0,12066:1747647659696:,1747647674660
counter/8/0/0/0,12580:1747647659163:,1747647674661
counter/6/0/0/0,12067:1747647659696:,1747647674662
counter/6/0/0/0,12068:1747647659699:,1747647674662
counter/6/0/0/0,12069:1747647659707:,1747647674662
counter/6/0/0/0,12070:1747647659707:,1747647674662
counter/6/0/0/0,12071:1747647659707:,1747647674662
counter/6/0/0/0,12072:1747647659707:,1747647674662
counter/6/0/0/0,12073:1747647659707:,1747647674662
counter/6/0/0/0,12074:1747647659707:,1747647674662
counter/6/0/0/0,12075:1747647659707:,1747647674662
counter/6/0/0/0,12076:1747647659708:,1747647674662
counter/3/0/0/0,13222:1747647660847:,1747647674662
counter/3/0/0/0,13223:1747647660847:,1747647674662
counter/3/0/0/0,13224:1747647660847:,1747647674662
counter/3/0/0/0,13225:1747647660847:,1747647674662
counter/5/0/0/0,12371:1747647659132:,1747647674662
counter/3/0/0/0,13226:1747647660847:,1747647674662
counter/3/0/0/0,13227:1747647660847:,1747647674663
counter/5/0/0/0,12372:1747647659132:,1747647674663
counter/3/0/0/0,13228:1747647660847:,1747647674663
counter/8/0/0/0,12581:1747647659163:,1747647674663
counter/8/0/0/0,12582:1747647659163:,1747647674663
counter/7/0/0/0,12339:1747647659514:,1747647674663
counter/2/0/0/0,12218:1747647658913:,1747647674663
counter/1/0/0/0,13491:1747647660559:,1747647674663
counter/1/0/0/0,13492:1747647660559:,1747647674663
counter/1/0/0/0,13493:1747647660559:,1747647674663
counter/1/0/0/0,13494:1747647660559:,1747647674663
counter/5/0/0/0,12373:1747647659132:,1747647674665
counter/6/0/0/0,12077:1747647659708:,1747647674665
counter/6/0/0/0,12078:1747647659708:,1747647674665
counter/6/0/0/0,12079:1747647659708:,1747647674665
counter/6/0/0/0,12080:1747647659708:,1747647674665
counter/6/0/0/0,12081:1747647659708:,1747647674665
counter/6/0/0/0,12082:1747647659708:,1747647674665
counter/6/0/0/0,12083:1747647659708:,1747647674665
counter/2/0/0/0,12219:1747647658913:,1747647674665
counter/1/0/0/0,13495:1747647660559:,1747647674665
counter/1/0/0/0,13496:1747647660559:,1747647674665
counter/1/0/0/0,13497:1747647660559:,1747647674665
counter/8/0/0/0,12583:1747647659168:,1747647674666
counter/4/0/0/0,12516:1747647660683:,1747647674666
counter/4/0/0/0,12517:1747647660683:,1747647674666
counter/4/0/0/0,12518:1747647660683:,1747647674666
counter/4/0/0/0,12519:1747647660683:,1747647674666
counter/4/0/0/0,12520:1747647660683:,1747647674666
counter/6/0/0/0,12084:1747647659708:,1747647674667
counter/3/0/0/0,13229:1747647660847:,1747647674667
counter/4/0/0/0,12521:1747647660684:,1747647674667
counter/4/0/0/0,12522:1747647660684:,1747647674667
counter/4/0/0/0,12523:1747647660684:,1747647674667
counter/4/0/0/0,12524:1747647660684:,1747647674667
counter/4/0/0/0,12525:1747647660684:,1747647674667
counter/4/0/0/0,12526:1747647660684:,1747647674667
counter/10/0/0/0,11867:1747647659471:,1747647674667
counter/4/0/0/0,12527:1747647660684:,1747647674667
counter/5/0/0/0,12374:1747647659132:,1747647674667
counter/4/0/0/0,12528:1747647660684:,1747647674667
counter/4/0/0/0,12529:1747647660689:,1747647674668
counter/10/0/0/0,11868:1747647659471:,1747647674669
counter/2/0/0/0,12220:1747647658913:,1747647674669
counter/5/0/0/0,12375:1747647659132:,1747647674672
counter/5/0/0/0,12376:1747647659132:,1747647674672
counter/5/0/0/0,12377:1747647659132:,1747647674672
counter/5/0/0/0,12378:1747647659132:,1747647674672
counter/5/0/0/0,12379:1747647659133:,1747647674672
counter/10/0/0/0,11869:1747647659471:,1747647674673
counter/5/0/0/0,12380:1747647659133:,1747647674673
counter/5/0/0/0,12381:1747647659133:,1747647674673
counter/5/0/0/0,12382:1747647659133:,1747647674673
counter/5/0/0/0,12383:1747647659136:,1747647674673
counter/3/0/0/0,13230:1747647660847:,1747647674673
counter/1/0/0/0,13498:1747647660559:,1747647674674
counter/7/0/0/0,12340:1747647659514:,1747647674674
counter/7/0/0/0,12341:1747647659514:,1747647674674
counter/1/0/0/0,13499:1747647660566:,1747647674676
counter/1/0/0/0,13500:1747647660570:,1747647674676
counter/1/0/0/0,13501:1747647660570:,1747647674677
counter/1/0/0/0,13502:1747647660570:,1747647674677
counter/1/0/0/0,13503:1747647660570:,1747647674677
counter/10/0/0/0,11870:1747647659473:,1747647674677
counter/5/0/0/0,12384:1747647659136:,1747647674678
counter/5/0/0/0,12385:1747647659136:,1747647674678
counter/5/0/0/0,12386:1747647659136:,1747647674679
counter/5/0/0/0,12387:1747647659136:,1747647674680
counter/5/0/0/0,12388:1747647659136:,1747647674680
counter/5/0/0/0,12389:1747647659136:,1747647674680
counter/5/0/0/0,12390:1747647659137:,1747647674680
counter/5/0/0/0,12391:1747647659137:,1747647674680
counter/5/0/0/0,12392:1747647659137:,1747647674680
counter/5/0/0/0,12393:1747647659137:,1747647674680
counter/5/0/0/0,12394:1747647659137:,1747647674680
counter/5/0/0/0,12395:1747647659137:,1747647674680
counter/5/0/0/0,12396:1747647659137:,1747647674680
counter/5/0/0/0,12397:1747647659137:,1747647674680
counter/5/0/0/0,12398:1747647659137:,1747647674680
counter/6/0/0/0,12085:1747647659708:,1747647674681
counter/4/0/0/0,12530:1747647660690:,1747647674681
counter/6/0/0/0,12086:1747647659708:,1747647674681
counter/4/0/0/0,12531:1747647660690:,1747647674681
counter/4/0/0/0,12532:1747647660690:,1747647674681
counter/4/0/0/0,12533:1747647660690:,1747647674681
counter/5/0/0/0,12399:1747647659137:,1747647674681
counter/9/0/0/0,12923:1747647659324:,1747647674681
counter/9/0/0/0,12924:1747647659324:,1747647674681
counter/9/0/0/0,12925:1747647659324:,1747647674681
counter/9/0/0/0,12926:1747647659324:,1747647674681
counter/2/0/0/0,12221:1747647658913:,1747647674681
counter/2/0/0/0,12222:1747647658913:,1747647674681
counter/2/0/0/0,12223:1747647658913:,1747647674682
counter/6/0/0/0,12087:1747647659708:,1747647674682
counter/7/0/0/0,12342:1747647659514:,1747647674682
counter/7/0/0/0,12343:1747647659514:,1747647674682
counter/7/0/0/0,12344:1747647659514:,1747647674682
counter/7/0/0/0,12345:1747647659514:,1747647674682
counter/7/0/0/0,12346:1747647659514:,1747647674682
counter/7/0/0/0,12347:1747647659514:,1747647674682
counter/7/0/0/0,12348:1747647659522:,1747647674682
counter/7/0/0/0,12349:1747647659522:,1747647674682
counter/7/0/0/0,12350:1747647659522:,1747647674682
counter/7/0/0/0,12351:1747647659524:,1747647674682
counter/5/0/0/0,12400:1747647659137:,1747647674682
counter/5/0/0/0,12401:1747647659138:,1747647674682
counter/5/0/0/0,12402:1747647659138:,1747647674682
counter/5/0/0/0,12403:1747647659138:,1747647674683
counter/7/0/0/0,12352:1747647659524:,1747647674684
counter/7/0/0/0,12353:1747647659524:,1747647674684
counter/7/0/0/0,12354:1747647659524:,1747647674684
counter/7/0/0/0,12355:1747647659524:,1747647674684
counter/7/0/0/0,12356:1747647659524:,1747647674685
counter/7/0/0/0,12357:1747647659524:,1747647674685
counter/5/0/0/0,12404:1747647659138:,1747647674685
counter/10/0/0/0,11871:1747647659473:,1747647674685
counter/8/0/0/0,12584:1747647659168:,1747647674685
counter/8/0/0/0,12585:1747647659168:,1747647674685
counter/8/0/0/0,12586:1747647659173:,1747647674685
counter/8/0/0/0,12587:1747647659174:,1747647674685
counter/8/0/0/0,12588:1747647659174:,1747647674686
counter/8/0/0/0,12589:1747647659174:,1747647674686
counter/8/0/0/0,12590:1747647659174:,1747647674686
counter/2/0/0/0,12224:1747647658913:,1747647674686
counter/2/0/0/0,12225:1747647658913:,1747647674686
counter/7/0/0/0,12358:1747647659524:,1747647674686
counter/7/0/0/0,12359:1747647659525:,1747647674686
counter/7/0/0/0,12360:1747647659525:,1747647674686
counter/7/0/0/0,12361:1747647659525:,1747647674686
counter/7/0/0/0,12362:1747647659542:,1747647674686
counter/7/0/0/0,12363:1747647659542:,1747647674686
counter/7/0/0/0,12364:1747647659542:,1747647674686
counter/7/0/0/0,12365:1747647659545:,1747647674686
counter/7/0/0/0,12366:1747647659545:,1747647674686
counter/3/0/0/0,13231:1747647660847:,1747647674686
counter/6/0/0/0,12088:1747647659708:,1747647674687
counter/3/0/0/0,13232:1747647660856:,1747647674687
counter/6/0/0/0,12089:1747647659708:,1747647674687
counter/1/0/0/0,13504:1747647660570:,1747647674687
counter/6/0/0/0,12090:1747647659710:,1747647674687
counter/8/0/0/0,12591:1747647659174:,1747647674688
counter/3/0/0/0,13233:1747647660856:,1747647674688
counter/1/0/0/0,13505:1747647660570:,1747647674688
counter/1/0/0/0,13506:1747647660570:,1747647674688
counter/1/0/0/0,13507:1747647660570:,1747647674688
counter/1/0/0/0,13508:1747647660570:,1747647674688
counter/1/0/0/0,13509:1747647660570:,1747647674688
counter/1/0/0/0,13510:1747647660570:,1747647674688
counter/1/0/0/0,13511:1747647660570:,1747647674688
counter/9/0/0/0,12927:1747647659324:,1747647674688
counter/9/0/0/0,12928:1747647659324:,1747647674688
counter/9/0/0/0,12929:1747647659324:,1747647674688
counter/9/0/0/0,12930:1747647659324:,1747647674688
counter/6/0/0/0,12091:1747647659710:,1747647674689
counter/3/0/0/0,13234:1747647660856:,1747647674690
counter/1/0/0/0,13512:1747647660570:,1747647674690
counter/1/0/0/0,13513:1747647660570:,1747647674690
counter/1/0/0/0,13514:1747647660570:,1747647674690
counter/1/0/0/0,13515:1747647660570:,1747647674690
counter/1/0/0/0,13516:1747647660570:,1747647674690
counter/1/0/0/0,13517:1747647660570:,1747647674690
counter/4/0/0/0,12534:1747647660691:,1747647674690
counter/7/0/0/0,12367:1747647659545:,1747647674690
counter/7/0/0/0,12368:1747647659545:,1747647674690
counter/7/0/0/0,12369:1747647659549:,1747647674690
counter/7/0/0/0,12370:1747647659549:,1747647674690
counter/7/0/0/0,12371:1747647659549:,1747647674691
counter/7/0/0/0,12372:1747647659549:,1747647674691
counter/7/0/0/0,12373:1747647659549:,1747647674691
counter/7/0/0/0,12374:1747647659549:,1747647674691
counter/9/0/0/0,12931:1747647659324:,1747647674691
counter/1/0/0/0,13518:1747647660570:,1747647674691
counter/1/0/0/0,13519:1747647660571:,1747647674691
counter/4/0/0/0,12535:1747647660691:,1747647674691
counter/4/0/0/0,12536:1747647660691:,1747647674691
counter/4/0/0/0,12537:1747647660691:,1747647674691
counter/2/0/0/0,12226:1747647658913:,1747647674692
counter/9/0/0/0,12932:1747647659324:,1747647674692
counter/1/0/0/0,13520:1747647660571:,1747647674692
counter/4/0/0/0,12538:1747647660691:,1747647674692
counter/4/0/0/0,12539:1747647660691:,1747647674692
counter/4/0/0/0,12540:1747647660691:,1747647674692
counter/10/0/0/0,11872:1747647659473:,1747647674692
counter/9/0/0/0,12933:1747647659324:,1747647674695
counter/1/0/0/0,13521:1747647660572:,1747647674695
counter/1/0/0/0,13522:1747647660572:,1747647674695
counter/1/0/0/0,13523:1747647660573:,1747647674695
counter/1/0/0/0,13524:1747647660584:,1747647674695
counter/1/0/0/0,13525:1747647660584:,1747647674695
counter/1/0/0/0,13526:1747647660584:,1747647674695
counter/1/0/0/0,13527:1747647660584:,1747647674695
counter/7/0/0/0,12375:1747647659549:,1747647674695
counter/7/0/0/0,12376:1747647659549:,1747647674695
counter/5/0/0/0,12405:1747647659138:,1747647674695
counter/7/0/0/0,12377:1747647659549:,1747647674696
counter/10/0/0/0,11873:1747647659473:,1747647674696
counter/2/0/0/0,12227:1747647658913:,1747647674697
counter/9/0/0/0,12934:1747647659324:,1747647674697
counter/9/0/0/0,12935:1747647659324:,1747647674697
counter/9/0/0/0,12936:1747647659324:,1747647674697
counter/9/0/0/0,12937:1747647659324:,1747647674697
counter/1/0/0/0,13528:1747647660584:,1747647674697
counter/9/0/0/0,12938:1747647659324:,1747647674697
counter/1/0/0/0,13529:1747647660594:,1747647674697
counter/5/0/0/0,12406:1747647659138:,1747647674697
counter/5/0/0/0,12407:1747647659138:,1747647674697
counter/8/0/0/0,12592:1747647659176:,1747647674697
counter/10/0/0/0,11874:1747647659473:,1747647674698
counter/10/0/0/0,11875:1747647659473:,1747647674698
counter/10/0/0/0,11876:1747647659473:,1747647674698
counter/10/0/0/0,11877:1747647659473:,1747647674698
counter/10/0/0/0,11878:1747647659473:,1747647674698
counter/7/0/0/0,12378:1747647659549:,1747647674698
counter/10/0/0/0,11879:1747647659473:,1747647674698
counter/7/0/0/0,12379:1747647659549:,1747647674698
counter/3/0/0/0,13235:1747647660856:,1747647674699
counter/3/0/0/0,13236:1747647660856:,1747647674699
counter/3/0/0/0,13237:1747647660856:,1747647674699
counter/3/0/0/0,13238:1747647660856:,1747647674699
counter/3/0/0/0,13239:1747647660856:,1747647674699
counter/3/0/0/0,13240:1747647660856:,1747647674699
counter/1/0/0/0,13530:1747647660597:,1747647674699
counter/10/0/0/0,11880:1747647659473:,1747647674699
counter/8/0/0/0,12593:1747647659176:,1747647674699
counter/5/0/0/0,12408:1747647659138:,1747647674699
counter/4/0/0/0,12541:1747647660691:,1747647674700
counter/1/0/0/0,13531:1747647660597:,1747647674700
counter/5/0/0/0,12409:1747647659138:,1747647674702
counter/7/0/0/0,12380:1747647659549:,1747647674702
counter/7/0/0/0,12381:1747647659549:,1747647674702
counter/7/0/0/0,12382:1747647659549:,1747647674702
counter/7/0/0/0,12383:1747647659549:,1747647674702
counter/7/0/0/0,12384:1747647659549:,1747647674702
counter/2/0/0/0,12228:1747647658913:,1747647674702
counter/2/0/0/0,12229:1747647658913:,1747647674702
counter/2/0/0/0,12230:1747647658913:,1747647674702
counter/3/0/0/0,13241:1747647660856:,1747647674702
counter/3/0/0/0,13242:1747647660868:,1747647674702
counter/9/0/0/0,12939:1747647659324:,1747647674702
counter/9/0/0/0,12940:1747647659324:,1747647674702
counter/9/0/0/0,12941:1747647659324:,1747647674702
counter/9/0/0/0,12942:1747647659324:,1747647674702
counter/9/0/0/0,12943:1747647659325:,1747647674703
counter/8/0/0/0,12594:1747647659176:,1747647674703
counter/9/0/0/0,12944:1747647659325:,1747647674703
counter/10/0/0/0,11881:1747647659475:,1747647674703
counter/8/0/0/0,12595:1747647659177:,1747647674704
counter/8/0/0/0,12596:1747647659177:,1747647674704
counter/8/0/0/0,12597:1747647659177:,1747647674704
counter/8/0/0/0,12598:1747647659179:,1747647674704
counter/8/0/0/0,12599:1747647659179:,1747647674705
counter/8/0/0/0,12600:1747647659179:,1747647674705
counter/8/0/0/0,12601:1747647659179:,1747647674705
counter/8/0/0/0,12602:1747647659179:,1747647674705
counter/5/0/0/0,12410:1747647659138:,1747647674705
counter/1/0/0/0,13532:1747647660597:,1747647674705
counter/7/0/0/0,12385:1747647659552:,1747647674705
counter/2/0/0/0,12231:1747647658914:,1747647674705
counter/2/0/0/0,12232:1747647658914:,1747647674706
counter/8/0/0/0,12603:1747647659179:,1747647674707
counter/4/0/0/0,12542:1747647660691:,1747647674707
counter/4/0/0/0,12543:1747647660691:,1747647674707
counter/1/0/0/0,13533:1747647660597:,1747647674707
counter/7/0/0/0,12386:1747647659552:,1747647674707
counter/4/0/0/0,12544:1747647660691:,1747647674707
counter/2/0/0/0,12233:1747647658914:,1747647674707
counter/4/0/0/0,12545:1747647660691:,1747647674707
counter/4/0/0/0,12546:1747647660691:,1747647674707
counter/4/0/0/0,12547:1747647660691:,1747647674707
counter/1/0/0/0,13534:1747647660597:,1747647674708
counter/9/0/0/0,12945:1747647659325:,1747647674709
counter/9/0/0/0,12946:1747647659325:,1747647674710
counter/9/0/0/0,12947:1747647659325:,1747647674710
counter/9/0/0/0,12948:1747647659325:,1747647674711
counter/9/0/0/0,12949:1747647659325:,1747647674711
counter/9/0/0/0,12950:1747647659325:,1747647674711
counter/10/0/0/0,11882:1747647659495:,1747647674711
counter/9/0/0/0,12951:1747647659325:,1747647674711
counter/10/0/0/0,11883:1747647659495:,1747647674711
counter/9/0/0/0,12952:1747647659325:,1747647674711
counter/10/0/0/0,11884:1747647659495:,1747647674712
counter/3/0/0/0,13243:1747647660882:,1747647674716
counter/3/0/0/0,13244:1747647660882:,1747647674716
counter/6/0/0/0,12092:1747647659710:,1747647674716
counter/3/0/0/0,13245:1747647660882:,1747647674716
counter/8/0/0/0,12604:1747647659179:,1747647674717
counter/3/0/0/0,13246:1747647660882:,1747647674717
counter/8/0/0/0,12605:1747647659179:,1747647674717
counter/8/0/0/0,12606:1747647659179:,1747647674717
counter/8/0/0/0,12607:1747647659179:,1747647674717
counter/6/0/0/0,12093:1747647659710:,1747647674717
counter/6/0/0/0,12094:1747647659710:,1747647674718
counter/6/0/0/0,12095:1747647659710:,1747647674718
counter/6/0/0/0,12096:1747647659713:,1747647674718
counter/6/0/0/0,12097:1747647659715:,1747647674718
counter/6/0/0/0,12098:1747647659715:,1747647674718
counter/6/0/0/0,12099:1747647659715:,1747647674718
counter/10/0/0/0,11885:1747647659495:,1747647674719
counter/10/0/0/0,11886:1747647659495:,1747647674719
counter/10/0/0/0,11887:1747647659497:,1747647674719
counter/10/0/0/0,11888:1747647659497:,1747647674719
counter/10/0/0/0,11889:1747647659498:,1747647674719
counter/10/0/0/0,11890:1747647659498:,1747647674719
counter/10/0/0/0,11891:1747647659498:,1747647674719
counter/10/0/0/0,11892:1747647659498:,1747647674720
counter/9/0/0/0,12953:1747647659325:,1747647674720
counter/7/0/0/0,12387:1747647659552:,1747647674720
counter/4/0/0/0,12548:1747647660691:,1747647674721
counter/8/0/0/0,12608:1747647659185:,1747647674721
counter/8/0/0/0,12609:1747647659185:,1747647674721
counter/8/0/0/0,12610:1747647659185:,1747647674722
counter/8/0/0/0,12611:1747647659185:,1747647674722
counter/8/0/0/0,12612:1747647659186:,1747647674722
counter/9/0/0/0,12954:1747647659325:,1747647674722
counter/8/0/0/0,12613:1747647659186:,1747647674723
counter/2/0/0/0,12234:1747647658914:,1747647674723
counter/7/0/0/0,12388:1747647659552:,1747647674723
counter/8/0/0/0,12614:1747647659186:,1747647674723
counter/2/0/0/0,12235:1747647658914:,1747647674723
counter/8/0/0/0,12615:1747647659186:,1747647674723
counter/8/0/0/0,12616:1747647659186:,1747647674723
counter/8/0/0/0,12617:1747647659186:,1747647674723
counter/8/0/0/0,12618:1747647659186:,1747647674723
counter/10/0/0/0,11893:1747647659498:,1747647674723
counter/3/0/0/0,13247:1747647660893:,1747647674724
counter/3/0/0/0,13248:1747647660893:,1747647674724
counter/3/0/0/0,13249:1747647660893:,1747647674724
counter/3/0/0/0,13250:1747647660893:,1747647674724
counter/3/0/0/0,13251:1747647660893:,1747647674724
counter/3/0/0/0,13252:1747647660893:,1747647674724
counter/3/0/0/0,13253:1747647660893:,1747647674724
counter/3/0/0/0,13254:1747647660894:,1747647674724
counter/3/0/0/0,13255:1747647660894:,1747647674724
counter/3/0/0/0,13256:1747647660894:,1747647674724
counter/3/0/0/0,13257:1747647660894:,1747647674724
counter/3/0/0/0,13258:1747647660898:,1747647674724
counter/3/0/0/0,13259:1747647660898:,1747647674724
counter/3/0/0/0,13260:1747647660898:,1747647674725
counter/3/0/0/0,13261:1747647660898:,1747647674725
counter/3/0/0/0,13262:1747647660898:,1747647674725
counter/3/0/0/0,13263:1747647660898:,1747647674725
counter/8/0/0/0,12619:1747647659186:,1747647674726
counter/8/0/0/0,12620:1747647659186:,1747647674726
counter/8/0/0/0,12621:1747647659186:,1747647674726
counter/4/0/0/0,12549:1747647660692:,1747647674727
counter/4/0/0/0,12550:1747647660692:,1747647674727
counter/4/0/0/0,12551:1747647660692:,1747647674727
counter/4/0/0/0,12552:1747647660692:,1747647674727
counter/4/0/0/0,12553:1747647660711:,1747647674727
counter/4/0/0/0,12554:1747647660711:,1747647674727
counter/4/0/0/0,12555:1747647660711:,1747647674727
counter/4/0/0/0,12556:1747647660711:,1747647674727
counter/4/0/0/0,12557:1747647660711:,1747647674727
counter/5/0/0/0,12411:1747647659138:,1747647674728
counter/6/0/0/0,12100:1747647659715:,1747647674728
counter/6/0/0/0,12101:1747647659715:,1747647674728
counter/6/0/0/0,12102:1747647659720:,1747647674728
counter/6/0/0/0,12103:1747647659720:,1747647674728
counter/3/0/0/0,13264:1747647660898:,1747647674728
counter/6/0/0/0,12104:1747647659720:,1747647674729
counter/6/0/0/0,12105:1747647659720:,1747647674729
counter/4/0/0/0,12558:1747647660711:,1747647674729
counter/6/0/0/0,12106:1747647659720:,1747647674729
counter/2/0/0/0,12236:1747647658914:,1747647674729
counter/2/0/0/0,12237:1747647658914:,1747647674729
counter/2/0/0/0,12238:1747647658914:,1747647674730
counter/2/0/0/0,12239:1747647658914:,1747647674730
counter/2/0/0/0,12240:1747647658914:,1747647674730
counter/2/0/0/0,12241:1747647658914:,1747647674730
counter/8/0/0/0,12622:1747647659186:,1747647674730
counter/2/0/0/0,12242:1747647658914:,1747647674730
counter/8/0/0/0,12623:1747647659186:,1747647674730
counter/8/0/0/0,12624:1747647659186:,1747647674730
counter/8/0/0/0,12625:1747647659186:,1747647674730
counter/8/0/0/0,12626:1747647659186:,1747647674730
counter/8/0/0/0,12627:1747647659186:,1747647674730
counter/8/0/0/0,12628:1747647659186:,1747647674730
counter/8/0/0/0,12629:1747647659187:,1747647674730
counter/8/0/0/0,12630:1747647659187:,1747647674730
counter/3/0/0/0,13265:1747647660898:,1747647674730
counter/8/0/0/0,12631:1747647659187:,1747647674730
counter/9/0/0/0,12955:1747647659325:,1747647674730
counter/1/0/0/0,13535:1747647660597:,1747647674731
counter/3/0/0/0,13266:1747647660902:,1747647674731
counter/1/0/0/0,13536:1747647660597:,1747647674731
counter/1/0/0/0,13537:1747647660597:,1747647674731
counter/1/0/0/0,13538:1747647660597:,1747647674731
counter/1/0/0/0,13539:1747647660597:,1747647674731
counter/1/0/0/0,13540:1747647660597:,1747647674731
counter/1/0/0/0,13541:1747647660597:,1747647674731
counter/1/0/0/0,13542:1747647660597:,1747647674731
counter/1/0/0/0,13543:1747647660597:,1747647674731
counter/1/0/0/0,13544:1747647660597:,1747647674731
counter/1/0/0/0,13545:1747647660602:,1747647674731
counter/1/0/0/0,13546:1747647660602:,1747647674731
counter/4/0/0/0,12559:1747647660711:,1747647674732
counter/8/0/0/0,12632:1747647659187:,1747647674732
counter/8/0/0/0,12633:1747647659187:,1747647674732
counter/3/0/0/0,13267:1747647660911:,1747647674732
counter/10/0/0/0,11894:1747647659498:,1747647674734
counter/4/0/0/0,12560:1747647660711:,1747647674734
counter/4/0/0/0,12561:1747647660711:,1747647674734
counter/4/0/0/0,12562:1747647660713:,1747647674734
counter/4/0/0/0,12563:1747647660713:,1747647674734
counter/8/0/0/0,12634:1747647659187:,1747647674735
counter/3/0/0/0,13268:1747647660911:,1747647674737
counter/7/0/0/0,12389:1747647659555:,1747647674737
counter/7/0/0/0,12390:1747647659555:,1747647674737
counter/7/0/0/0,12391:1747647659556:,1747647674737
counter/7/0/0/0,12392:1747647659556:,1747647674737
counter/7/0/0/0,12393:1747647659556:,1747647674737
counter/7/0/0/0,12394:1747647659559:,1747647674737
counter/7/0/0/0,12395:1747647659559:,1747647674737
counter/7/0/0/0,12396:1747647659559:,1747647674737
counter/9/0/0/0,12956:1747647659325:,1747647674737
counter/4/0/0/0,12564:1747647660713:,1747647674737
counter/3/0/0/0,13269:1747647660911:,1747647674737
counter/3/0/0/0,13270:1747647660911:,1747647674737
counter/2/0/0/0,12243:1747647658914:,1747647674737
counter/9/0/0/0,12957:1747647659325:,1747647674739
counter/3/0/0/0,13271:1747647660911:,1747647674739
counter/3/0/0/0,13272:1747647660911:,1747647674739
counter/3/0/0/0,13273:1747647660911:,1747647674739
counter/3/0/0/0,13274:1747647660911:,1747647674739
counter/3/0/0/0,13275:1747647660911:,1747647674739
counter/3/0/0/0,13276:1747647660911:,1747647674739
counter/3/0/0/0,13277:1747647660911:,1747647674739
counter/3/0/0/0,13278:1747647660911:,1747647674739
counter/8/0/0/0,12635:1747647659187:,1747647674739
counter/6/0/0/0,12107:1747647659720:,1747647674740
counter/8/0/0/0,12636:1747647659187:,1747647674740
counter/1/0/0/0,13547:1747647660613:,1747647674740
counter/8/0/0/0,12637:1747647659188:,1747647674740
counter/7/0/0/0,12397:1747647659559:,1747647674741
counter/3/0/0/0,13279:1747647660911:,1747647674741
counter/7/0/0/0,12398:1747647659559:,1747647674741
counter/7/0/0/0,12399:1747647659559:,1747647674742
counter/7/0/0/0,12400:1747647659559:,1747647674742
counter/7/0/0/0,12401:1747647659559:,1747647674742
counter/7/0/0/0,12402:1747647659559:,1747647674742
counter/7/0/0/0,12403:1747647659559:,1747647674742
counter/4/0/0/0,12565:1747647660718:,1747647674742
counter/4/0/0/0,12566:1747647660718:,1747647674742
counter/6/0/0/0,12108:1747647659720:,1747647674742
counter/10/0/0/0,11895:1747647659498:,1747647674742
counter/3/0/0/0,13280:1747647660911:,1747647674742
counter/3/0/0/0,13281:1747647660911:,1747647674742
counter/1/0/0/0,13548:1747647660621:,1747647674742
counter/1/0/0/0,13549:1747647660621:,1747647674743
counter/8/0/0/0,12638:1747647659188:,1747647674743
counter/9/0/0/0,12958:1747647659325:,1747647674743
counter/8/0/0/0,12639:1747647659189:,1747647674743
counter/6/0/0/0,12109:1747647659720:,1747647674743
counter/6/0/0/0,12110:1747647659721:,1747647674743
counter/2/0/0/0,12244:1747647658914:,1747647674743
counter/2/0/0/0,12245:1747647658914:,1747647674743
counter/6/0/0/0,12111:1747647659721:,1747647674743
counter/6/0/0/0,12112:1747647659721:,1747647674743
counter/5/0/0/0,12412:1747647659138:,1747647674744
counter/10/0/0/0,11896:1747647659498:,1747647674744
counter/9/0/0/0,12959:1747647659325:,1747647674745
counter/9/0/0/0,12960:1747647659325:,1747647674745
counter/9/0/0/0,12961:1747647659330:,1747647674745
counter/9/0/0/0,12962:1747647659330:,1747647674745
counter/9/0/0/0,12963:1747647659330:,1747647674745
counter/1/0/0/0,13550:1747647660621:,1747647674746
counter/7/0/0/0,12404:1747647659559:,1747647674746
counter/7/0/0/0,12405:1747647659559:,1747647674746
counter/7/0/0/0,12406:1747647659559:,1747647674746
counter/7/0/0/0,12407:1747647659559:,1747647674746
counter/7/0/0/0,12408:1747647659559:,1747647674746
counter/2/0/0/0,12246:1747647658914:,1747647674746
counter/5/0/0/0,12413:1747647659138:,1747647674746
counter/5/0/0/0,12414:1747647659138:,1747647674747
counter/5/0/0/0,12415:1747647659138:,1747647674747
counter/5/0/0/0,12416:1747647659138:,1747647674747
counter/5/0/0/0,12417:1747647659138:,1747647674747
counter/5/0/0/0,12418:1747647659138:,1747647674747
counter/5/0/0/0,12419:1747647659138:,1747647674747
counter/4/0/0/0,12567:1747647660718:,1747647674747
counter/1/0/0/0,13551:1747647660622:,1747647674747
counter/7/0/0/0,12409:1747647659560:,1747647674747
counter/9/0/0/0,12964:1747647659330:,1747647674747
counter/8/0/0/0,12640:1747647659189:,1747647674747
counter/2/0/0/0,12247:1747647658914:,1747647674747
counter/2/0/0/0,12248:1747647658914:,1747647674747
counter/2/0/0/0,12249:1747647658914:,1747647674747
counter/6/0/0/0,12113:1747647659721:,1747647674747
counter/4/0/0/0,12568:1747647660718:,1747647674748
counter/6/0/0/0,12114:1747647659721:,1747647674748
counter/10/0/0/0,11897:1747647659498:,1747647674749
counter/10/0/0/0,11898:1747647659508:,1747647674749
counter/10/0/0/0,11899:1747647659514:,1747647674749
counter/10/0/0/0,11900:1747647659514:,1747647674749
counter/10/0/0/0,11901:1747647659514:,1747647674749
counter/2/0/0/0,12250:1747647658914:,1747647674750
counter/3/0/0/0,13282:1747647660911:,1747647674750
counter/3/0/0/0,13283:1747647660912:,1747647674750
counter/3/0/0/0,13284:1747647660912:,1747647674751
counter/3/0/0/0,13285:1747647660912:,1747647674751
counter/3/0/0/0,13286:1747647660912:,1747647674751
counter/3/0/0/0,13287:1747647660912:,1747647674751
counter/3/0/0/0,13288:1747647660912:,1747647674751
counter/3/0/0/0,13289:1747647660912:,1747647674751
counter/5/0/0/0,12420:1747647659138:,1747647674751
counter/6/0/0/0,12115:1747647659721:,1747647674751
counter/5/0/0/0,12421:1747647659138:,1747647674752
counter/1/0/0/0,13552:1747647660622:,1747647674752
counter/8/0/0/0,12641:1747647659189:,1747647674752
counter/10/0/0/0,11902:1747647659514:,1747647674752
counter/10/0/0/0,11903:1747647659514:,1747647674752
counter/10/0/0/0,11904:1747647659514:,1747647674753
counter/10/0/0/0,11905:1747647659514:,1747647674753
counter/10/0/0/0,11906:1747647659518:,1747647674753
counter/3/0/0/0,13290:1747647660912:,1747647674753
counter/3/0/0/0,13291:1747647660912:,1747647674754
counter/10/0/0/0,11907:1747647659518:,1747647674754
counter/3/0/0/0,13292:1747647660912:,1747647674754
counter/4/0/0/0,12569:1747647660718:,1747647674754
counter/4/0/0/0,12570:1747647660718:,1747647674754
counter/4/0/0/0,12571:1747647660740:,1747647674754
counter/4/0/0/0,12572:1747647660740:,1747647674754
counter/4/0/0/0,12573:1747647660740:,1747647674754
counter/4/0/0/0,12574:1747647660743:,1747647674754
counter/4/0/0/0,12575:1747647660743:,1747647674754
counter/4/0/0/0,12576:1747647660744:,1747647674754
counter/4/0/0/0,12577:1747647660744:,1747647674754
counter/4/0/0/0,12578:1747647660744:,1747647674755
counter/1/0/0/0,13553:1747647660622:,1747647674755
counter/5/0/0/0,12422:1747647659138:,1747647674756
counter/1/0/0/0,13554:1747647660622:,1747647674756
counter/4/0/0/0,12579:1747647660744:,1747647674756
counter/1/0/0/0,13555:1747647660622:,1747647674758
counter/5/0/0/0,12423:1747647659139:,1747647674758
counter/1/0/0/0,13556:1747647660622:,1747647674758
counter/5/0/0/0,12424:1747647659139:,1747647674758
counter/7/0/0/0,12410:1747647659591:,1747647674758
counter/5/0/0/0,12425:1747647659139:,1747647674758
counter/8/0/0/0,12642:1747647659189:,1747647674758
counter/4/0/0/0,12580:1747647660744:,1747647674759
counter/8/0/0/0,12643:1747647659197:,1747647674760
counter/4/0/0/0,12581:1747647660744:,1747647674760
counter/4/0/0/0,12582:1747647660744:,1747647674760
counter/4/0/0/0,12583:1747647660744:,1747647674760
counter/4/0/0/0,12584:1747647660744:,1747647674760
counter/4/0/0/0,12585:1747647660744:,1747647674761
counter/4/0/0/0,12586:1747647660744:,1747647674761
counter/4/0/0/0,12587:1747647660744:,1747647674761
counter/4/0/0/0,12588:1747647660744:,1747647674761
counter/4/0/0/0,12589:1747647660744:,1747647674761
counter/4/0/0/0,12590:1747647660744:,1747647674761
counter/4/0/0/0,12591:1747647660744:,1747647674761
counter/4/0/0/0,12592:1747647660747:,1747647674761
counter/3/0/0/0,13293:1747647660912:,1747647674761
counter/3/0/0/0,13294:1747647660912:,1747647674761
counter/10/0/0/0,11908:1747647659519:,1747647674761
counter/8/0/0/0,12644:1747647659197:,1747647674765
counter/8/0/0/0,12645:1747647659197:,1747647674765
counter/8/0/0/0,12646:1747647659197:,1747647674765
counter/8/0/0/0,12647:1747647659197:,1747647674765
counter/8/0/0/0,12648:1747647659197:,1747647674765
counter/4/0/0/0,12593:1747647660747:,1747647674765
counter/8/0/0/0,12649:1747647659197:,1747647674765
counter/10/0/0/0,11909:1747647659519:,1747647674765
counter/10/0/0/0,11910:1747647659519:,1747647674765
counter/10/0/0/0,11911:1747647659519:,1747647674765
counter/3/0/0/0,13295:1747647660919:,1747647674765
counter/6/0/0/0,12116:1747647659721:,1747647674766
counter/3/0/0/0,13296:1747647660920:,1747647674766
counter/3/0/0/0,13297:1747647660920:,1747647674767
counter/3/0/0/0,13298:1747647660920:,1747647674767
counter/3/0/0/0,13299:1747647660920:,1747647674767
counter/9/0/0/0,12965:1747647659330:,1747647674767
counter/9/0/0/0,12966:1747647659330:,1747647674767
counter/9/0/0/0,12967:1747647659331:,1747647674767
counter/9/0/0/0,12968:1747647659331:,1747647674767
counter/9/0/0/0,12969:1747647659331:,1747647674767
counter/9/0/0/0,12970:1747647659331:,1747647674767
counter/9/0/0/0,12971:1747647659331:,1747647674767
counter/9/0/0/0,12972:1747647659331:,1747647674767
counter/9/0/0/0,12973:1747647659331:,1747647674767
counter/9/0/0/0,12974:1747647659331:,1747647674768
counter/9/0/0/0,12975:1747647659331:,1747647674768
counter/9/0/0/0,12976:1747647659331:,1747647674768
counter/7/0/0/0,12411:1747647659591:,1747647674768
counter/4/0/0/0,12594:1747647660747:,1747647674768
counter/10/0/0/0,11912:1747647659519:,1747647674768
counter/10/0/0/0,11913:1747647659519:,1747647674768
counter/10/0/0/0,11914:1747647659519:,1747647674768
counter/3/0/0/0,13300:1747647660920:,1747647674770
counter/3/0/0/0,13301:1747647660920:,1747647674770
counter/5/0/0/0,12426:1747647659139:,1747647674770
counter/3/0/0/0,13302:1747647660920:,1747647674770
counter/3/0/0/0,13303:1747647660920:,1747647674770
counter/3/0/0/0,13304:1747647660920:,1747647674770
counter/3/0/0/0,13305:1747647660920:,1747647674770
counter/10/0/0/0,11915:1747647659519:,1747647674770
counter/1/0/0/0,13557:1747647660627:,1747647674771
counter/7/0/0/0,12412:1747647659591:,1747647674772
counter/7/0/0/0,12413:1747647659591:,1747647674772
counter/4/0/0/0,12595:1747647660747:,1747647674772
counter/7/0/0/0,12414:1747647659591:,1747647674772
counter/4/0/0/0,12596:1747647660747:,1747647674772
counter/7/0/0/0,12415:1747647659591:,1747647674772
counter/4/0/0/0,12597:1747647660747:,1747647674772
counter/7/0/0/0,12416:1747647659591:,1747647674772
counter/4/0/0/0,12598:1747647660747:,1747647674772
counter/4/0/0/0,12599:1747647660749:,1747647674772
counter/4/0/0/0,12600:1747647660749:,1747647674772
counter/3/0/0/0,13306:1747647660920:,1747647674772
counter/2/0/0/0,12251:1747647658914:,1747647674772
counter/1/0/0/0,13558:1747647660627:,1747647674774
counter/10/0/0/0,11916:1747647659519:,1747647674775
counter/7/0/0/0,12417:1747647659591:,1747647674775
counter/7/0/0/0,12418:1747647659591:,1747647674775
counter/7/0/0/0,12419:1747647659591:,1747647674775
counter/5/0/0/0,12427:1747647659139:,1747647674775
counter/5/0/0/0,12428:1747647659139:,1747647674775
counter/3/0/0/0,13307:1747647660920:,1747647674775
counter/2/0/0/0,12252:1747647658914:,1747647674775
counter/6/0/0/0,12117:1747647659721:,1747647674775
counter/2/0/0/0,12253:1747647658914:,1747647674776
counter/2/0/0/0,12254:1747647658914:,1747647674777
counter/2/0/0/0,12255:1747647658914:,1747647674777
counter/2/0/0/0,12256:1747647658914:,1747647674777
counter/2/0/0/0,12257:1747647658914:,1747647674777
counter/2/0/0/0,12258:1747647658914:,1747647674777
counter/2/0/0/0,12259:1747647658914:,1747647674777
counter/2/0/0/0,12260:1747647658914:,1747647674777
counter/2/0/0/0,12261:1747647658914:,1747647674777
counter/2/0/0/0,12262:1747647658914:,1747647674777
counter/2/0/0/0,12263:1747647658915:,1747647674777
counter/2/0/0/0,12264:1747647658915:,1747647674777
counter/10/0/0/0,11917:1747647659519:,1747647674777
counter/7/0/0/0,12420:1747647659591:,1747647674777
counter/7/0/0/0,12421:1747647659591:,1747647674777
counter/7/0/0/0,12422:1747647659591:,1747647674777
counter/7/0/0/0,12423:1747647659591:,1747647674777
counter/7/0/0/0,12424:1747647659592:,1747647674777
counter/7/0/0/0,12425:1747647659596:,1747647674777
counter/7/0/0/0,12426:1747647659596:,1747647674777
counter/7/0/0/0,12427:1747647659596:,1747647674778
counter/7/0/0/0,12428:1747647659596:,1747647674778
counter/7/0/0/0,12429:1747647659596:,1747647674778
counter/5/0/0/0,12429:1747647659139:,1747647674778
counter/6/0/0/0,12118:1747647659735:,1747647674778
counter/6/0/0/0,12119:1747647659736:,1747647674778
counter/9/0/0/0,12977:1747647659334:,1747647674778
counter/10/0/0/0,11918:1747647659519:,1747647674778
counter/1/0/0/0,13559:1747647660627:,1747647674778
counter/1/0/0/0,13560:1747647660627:,1747647674778
counter/1/0/0/0,13561:1747647660627:,1747647674778
counter/4/0/0/0,12601:1747647660749:,1747647674778
counter/4/0/0/0,12602:1747647660749:,1747647674778
counter/8/0/0/0,12650:1747647659197:,1747647674778
counter/8/0/0/0,12651:1747647659197:,1747647674778
counter/8/0/0/0,12652:1747647659197:,1747647674778
counter/8/0/0/0,12653:1747647659197:,1747647674779
counter/8/0/0/0,12654:1747647659197:,1747647674779
counter/8/0/0/0,12655:1747647659197:,1747647674779
counter/8/0/0/0,12656:1747647659197:,1747647674779
counter/8/0/0/0,12657:1747647659198:,1747647674779
counter/8/0/0/0,12658:1747647659198:,1747647674779
counter/8/0/0/0,12659:1747647659198:,1747647674779
counter/6/0/0/0,12120:1747647659736:,1747647674779
counter/9/0/0/0,12978:1747647659335:,1747647674779
counter/10/0/0/0,11919:1747647659519:,1747647674779
counter/1/0/0/0,13562:1747647660627:,1747647674779
counter/6/0/0/0,12121:1747647659736:,1747647674779
counter/6/0/0/0,12122:1747647659736:,1747647674780
counter/4/0/0/0,12603:1747647660749:,1747647674780
counter/4/0/0/0,12604:1747647660750:,1747647674780
counter/4/0/0/0,12605:1747647660750:,1747647674780
counter/7/0/0/0,12430:1747647659596:,1747647674780
counter/7/0/0/0,12431:1747647659596:,1747647674780
counter/7/0/0/0,12432:1747647659597:,1747647674781
counter/7/0/0/0,12433:1747647659597:,1747647674781
counter/7/0/0/0,12434:1747647659597:,1747647674781
counter/4/0/0/0,12606:1747647660750:,1747647674781
counter/4/0/0/0,12607:1747647660750:,1747647674781
counter/8/0/0/0,12660:1747647659198:,1747647674781
counter/8/0/0/0,12661:1747647659198:,1747647674781
counter/8/0/0/0,12662:1747647659198:,1747647674781
counter/8/0/0/0,12663:1747647659198:,1747647674781
counter/8/0/0/0,12664:1747647659198:,1747647674781
counter/8/0/0/0,12665:1747647659198:,1747647674781
counter/3/0/0/0,13308:1747647660920:,1747647674781
counter/4/0/0/0,12608:1747647660750:,1747647674781
counter/4/0/0/0,12609:1747647660750:,1747647674782
counter/5/0/0/0,12430:1747647659139:,1747647674782
counter/8/0/0/0,12666:1747647659198:,1747647674782
counter/5/0/0/0,12431:1747647659139:,1747647674782
counter/5/0/0/0,12432:1747647659139:,1747647674782
counter/2/0/0/0,12265:1747647658915:,1747647674782
counter/6/0/0/0,12123:1747647659736:,1747647674782
counter/10/0/0/0,11920:1747647659519:,1747647674782
counter/1/0/0/0,13563:1747647660627:,1747647674782
counter/1/0/0/0,13564:1747647660627:,1747647674782
counter/1/0/0/0,13565:1747647660627:,1747647674782
counter/1/0/0/0,13566:1747647660627:,1747647674782
counter/1/0/0/0,13567:1747647660627:,1747647674782
counter/3/0/0/0,13309:1747647660920:,1747647674782
counter/8/0/0/0,12667:1747647659198:,1747647674783
counter/5/0/0/0,12433:1747647659139:,1747647674783
counter/5/0/0/0,12434:1747647659139:,1747647674783
counter/9/0/0/0,12979:1747647659335:,1747647674783
counter/9/0/0/0,12980:1747647659335:,1747647674783
counter/9/0/0/0,12981:1747647659335:,1747647674783
counter/9/0/0/0,12982:1747647659335:,1747647674783
counter/9/0/0/0,12983:1747647659335:,1747647674783
counter/1/0/0/0,13568:1747647660628:,1747647674783
counter/3/0/0/0,13310:1747647660920:,1747647674785
counter/6/0/0/0,12124:1747647659736:,1747647674785
counter/6/0/0/0,12125:1747647659736:,1747647674785
counter/6/0/0/0,12126:1747647659742:,1747647674785
counter/2/0/0/0,12266:1747647658915:,1747647674785
counter/2/0/0/0,12267:1747647658946:,1747647674785
counter/2/0/0/0,12268:1747647658955:,1747647674785
counter/2/0/0/0,12269:1747647658958:,1747647674786
counter/2/0/0/0,12270:1747647658958:,1747647674786
counter/2/0/0/0,12271:1747647658958:,1747647674786
counter/2/0/0/0,12272:1747647658958:,1747647674786
counter/5/0/0/0,12435:1747647659139:,1747647674786
counter/6/0/0/0,12127:1747647659742:,1747647674789
counter/2/0/0/0,12273:1747647658958:,1747647674789
counter/6/0/0/0,12128:1747647659742:,1747647674789
counter/6/0/0/0,12129:1747647659742:,1747647674789
counter/6/0/0/0,12130:1747647659742:,1747647674789
counter/6/0/0/0,12131:1747647659742:,1747647674789
counter/6/0/0/0,12132:1747647659742:,1747647674789
counter/6/0/0/0,12133:1747647659742:,1747647674790
counter/6/0/0/0,12134:1747647659742:,1747647674790
counter/6/0/0/0,12135:1747647659742:,1747647674790
counter/6/0/0/0,12136:1747647659742:,1747647674790
counter/7/0/0/0,12435:1747647659597:,1747647674790
counter/3/0/0/0,13311:1747647660920:,1747647674791
counter/10/0/0/0,11921:1747647659523:,1747647674791
counter/5/0/0/0,12436:1747647659140:,1747647674791
counter/2/0/0/0,12274:1747647658959:,1747647674791
counter/1/0/0/0,13569:1747647660630:,1747647674791
counter/9/0/0/0,12984:1747647659335:,1747647674791
counter/1/0/0/0,13570:1747647660630:,1747647674791
counter/7/0/0/0,12436:1747647659597:,1747647674791
counter/7/0/0/0,12437:1747647659601:,1747647674791
counter/7/0/0/0,12438:1747647659601:,1747647674791
counter/7/0/0/0,12439:1747647659601:,1747647674791
counter/7/0/0/0,12440:1747647659601:,1747647674792
counter/10/0/0/0,11922:1747647659523:,1747647674793
counter/3/0/0/0,13312:1747647660920:,1747647674793
counter/5/0/0/0,12437:1747647659140:,1747647674793
counter/2/0/0/0,12275:1747647658959:,1747647674793
counter/2/0/0/0,12276:1747647658959:,1747647674793
counter/2/0/0/0,12277:1747647658959:,1747647674793
counter/2/0/0/0,12278:1747647658959:,1747647674793
counter/1/0/0/0,13571:1747647660631:,1747647674793
counter/7/0/0/0,12441:1747647659601:,1747647674793
counter/1/0/0/0,13572:1747647660631:,1747647674793
counter/6/0/0/0,12137:1747647659742:,1747647674794
counter/6/0/0/0,12138:1747647659742:,1747647674794
counter/6/0/0/0,12139:1747647659742:,1747647674794
counter/6/0/0/0,12140:1747647659742:,1747647674794
counter/6/0/0/0,12141:1747647659742:,1747647674794
counter/6/0/0/0,12142:1747647659742:,1747647674794
counter/5/0/0/0,12438:1747647659140:,1747647674794
counter/6/0/0/0,12143:1747647659742:,1747647674794
counter/9/0/0/0,12985:1747647659335:,1747647674794
counter/9/0/0/0,12986:1747647659339:,1747647674794
counter/6/0/0/0,12144:1747647659742:,1747647674794
counter/1/0/0/0,13573:1747647660631:,1747647674794
counter/1/0/0/0,13574:1747647660632:,1747647674794
counter/4/0/0/0,12610:1747647660750:,1747647674795
counter/4/0/0/0,12611:1747647660756:,1747647674795
counter/4/0/0/0,12612:1747647660767:,1747647674795
counter/4/0/0/0,12613:1747647660767:,1747647674795
counter/3/0/0/0,13313:1747647660920:,1747647674795
counter/10/0/0/0,11923:1747647659523:,1747647674795
counter/3/0/0/0,13314:1747647660920:,1747647674795
counter/3/0/0/0,13315:1747647660920:,1747647674795
counter/3/0/0/0,13316:1747647660920:,1747647674795
counter/3/0/0/0,13317:1747647660920:,1747647674795
counter/9/0/0/0,12987:1747647659339:,1747647674795
counter/9/0/0/0,12988:1747647659339:,1747647674795
counter/7/0/0/0,12442:1747647659601:,1747647674795
counter/4/0/0/0,12614:1747647660767:,1747647674795
counter/1/0/0/0,13575:1747647660632:,1747647674796
counter/1/0/0/0,13576:1747647660632:,1747647674796
counter/1/0/0/0,13577:1747647660632:,1747647674796
counter/1/0/0/0,13578:1747647660632:,1747647674796
counter/1/0/0/0,13579:1747647660632:,1747647674796
counter/1/0/0/0,13580:1747647660632:,1747647674796
counter/2/0/0/0,12279:1747647658959:,1747647674796
counter/6/0/0/0,12145:1747647659742:,1747647674796
counter/8/0/0/0,12668:1747647659198:,1747647674796
counter/9/0/0/0,12989:1747647659339:,1747647674797
counter/9/0/0/0,12990:1747647659339:,1747647674797
counter/9/0/0/0,12991:1747647659339:,1747647674797
counter/7/0/0/0,12443:1747647659601:,1747647674797
counter/7/0/0/0,12444:1747647659602:,1747647674797
counter/7/0/0/0,12445:1747647659602:,1747647674797
counter/7/0/0/0,12446:1747647659602:,1747647674797
counter/1/0/0/0,13581:1747647660633:,1747647674797
counter/5/0/0/0,12439:1747647659140:,1747647674797
counter/5/0/0/0,12440:1747647659140:,1747647674797
counter/5/0/0/0,12441:1747647659140:,1747647674797
counter/3/0/0/0,13318:1747647660921:,1747647674797
counter/5/0/0/0,12442:1747647659140:,1747647674797
counter/9/0/0/0,12992:1747647659339:,1747647674798
counter/5/0/0/0,12443:1747647659140:,1747647674798
counter/9/0/0/0,12993:1747647659339:,1747647674798
counter/9/0/0/0,12994:1747647659339:,1747647674798
counter/9/0/0/0,12995:1747647659339:,1747647674798
counter/9/0/0/0,12996:1747647659339:,1747647674798
counter/9/0/0/0,12997:1747647659339:,1747647674798
counter/9/0/0/0,12998:1747647659339:,1747647674798
counter/10/0/0/0,11924:1747647659523:,1747647674798
counter/10/0/0/0,11925:1747647659523:,1747647674798
counter/10/0/0/0,11926:1747647659523:,1747647674798
counter/10/0/0/0,11927:1747647659523:,1747647674798
counter/8/0/0/0,12669:1747647659198:,1747647674798
counter/1/0/0/0,13582:1747647660633:,1747647674798
counter/1/0/0/0,13583:1747647660651:,1747647674799
counter/1/0/0/0,13584:1747647660651:,1747647674799
counter/1/0/0/0,13585:1747647660651:,1747647674799
counter/1/0/0/0,13586:1747647660651:,1747647674799
counter/1/0/0/0,13587:1747647660651:,1747647674799
counter/1/0/0/0,13588:1747647660651:,1747647674799
counter/1/0/0/0,13589:1747647660651:,1747647674799
counter/1/0/0/0,13590:1747647660651:,1747647674799
counter/1/0/0/0,13591:1747647660651:,1747647674799
counter/1/0/0/0,13592:1747647660652:,1747647674799
counter/1/0/0/0,13593:1747647660652:,1747647674799
counter/1/0/0/0,13594:1747647660652:,1747647674799
counter/3/0/0/0,13319:1747647660921:,1747647674799
counter/7/0/0/0,12447:1747647659602:,1747647674799
counter/7/0/0/0,12448:1747647659602:,1747647674799
counter/9/0/0/0,12999:1747647659339:,1747647674799
counter/9/0/0/0,13000:1747647659345:,1747647674799
counter/9/0/0/0,13001:1747647659353:,1747647674799
counter/9/0/0/0,13002:1747647659353:,1747647674799
counter/5/0/0/0,12444:1747647659140:,1747647674799
counter/5/0/0/0,12445:1747647659140:,1747647674799
counter/5/0/0/0,12446:1747647659140:,1747647674800
counter/5/0/0/0,12447:1747647659140:,1747647674800
counter/5/0/0/0,12448:1747647659140:,1747647674800
counter/5/0/0/0,12449:1747647659140:,1747647674800
counter/5/0/0/0,12450:1747647659140:,1747647674801
counter/5/0/0/0,12451:1747647659140:,1747647674801
counter/5/0/0/0,12452:1747647659141:,1747647674801
counter/5/0/0/0,12453:1747647659141:,1747647674801
counter/5/0/0/0,12454:1747647659141:,1747647674801
counter/1/0/0/0,13595:1747647660652:,1747647674801
counter/7/0/0/0,12449:1747647659602:,1747647674801
counter/1/0/0/0,13596:1747647660652:,1747647674801
counter/1/0/0/0,13597:1747647660652:,1747647674801
counter/1/0/0/0,13598:1747647660655:,1747647674801
counter/1/0/0/0,13599:1747647660655:,1747647674802
counter/1/0/0/0,13600:1747647660655:,1747647674802
counter/1/0/0/0,13601:1747647660655:,1747647674802
counter/1/0/0/0,13602:1747647660655:,1747647674802
counter/1/0/0/0,13603:1747647660655:,1747647674802
counter/1/0/0/0,13604:1747647660655:,1747647674802
counter/1/0/0/0,13605:1747647660655:,1747647674802
counter/1/0/0/0,13606:1747647660655:,1747647674802
counter/1/0/0/0,13607:1747647660661:,1747647674802
counter/1/0/0/0,13608:1747647660661:,1747647674802
counter/1/0/0/0,13609:1747647660661:,1747647674802
counter/1/0/0/0,13610:1747647660661:,1747647674802
counter/4/0/0/0,12615:1747647660767:,1747647674802
counter/4/0/0/0,12616:1747647660767:,1747647674802
counter/4/0/0/0,12617:1747647660768:,1747647674802
counter/4/0/0/0,12618:1747647660768:,1747647674802
counter/7/0/0/0,12450:1747647659602:,1747647674802
counter/6/0/0/0,12146:1747647659742:,1747647674802
counter/6/0/0/0,12147:1747647659742:,1747647674802
counter/3/0/0/0,13320:1747647660921:,1747647674802
counter/2/0/0/0,12280:1747647658965:,1747647674803
counter/2/0/0/0,12281:1747647658965:,1747647674803
counter/2/0/0/0,12282:1747647658965:,1747647674803
counter/2/0/0/0,12283:1747647658965:,1747647674803
counter/2/0/0/0,12284:1747647658965:,1747647674803
counter/2/0/0/0,12285:1747647658965:,1747647674803
counter/2/0/0/0,12286:1747647658965:,1747647674803
counter/2/0/0/0,12287:1747647658965:,1747647674804
counter/5/0/0/0,12455:1747647659141:,1747647674804
counter/5/0/0/0,12456:1747647659141:,1747647674804
counter/5/0/0/0,12457:1747647659141:,1747647674804
counter/5/0/0/0,12458:1747647659141:,1747647674804
counter/7/0/0/0,12451:1747647659607:,1747647674804
counter/5/0/0/0,12459:1747647659141:,1747647674804
counter/5/0/0/0,12460:1747647659141:,1747647674804
counter/7/0/0/0,12452:1747647659608:,1747647674804
counter/5/0/0/0,12461:1747647659141:,1747647674804
counter/5/0/0/0,12462:1747647659141:,1747647674804
counter/4/0/0/0,12619:1747647660768:,1747647674805
counter/4/0/0/0,12620:1747647660768:,1747647674805
counter/4/0/0/0,12621:1747647660768:,1747647674805
counter/4/0/0/0,12622:1747647660770:,1747647674805
counter/6/0/0/0,12148:1747647659742:,1747647674805
counter/6/0/0/0,12149:1747647659743:,1747647674805
counter/6/0/0/0,12150:1747647659743:,1747647674805
counter/6/0/0/0,12151:1747647659745:,1747647674805
counter/6/0/0/0,12152:1747647659745:,1747647674805
counter/9/0/0/0,13003:1747647659353:,1747647674806
counter/9/0/0/0,13004:1747647659353:,1747647674806
counter/9/0/0/0,13005:1747647659353:,1747647674806
counter/9/0/0/0,13006:1747647659353:,1747647674806
counter/8/0/0/0,12670:1747647659198:,1747647674806
counter/1/0/0/0,13611:1747647660661:,1747647674806
counter/4/0/0/0,12623:1747647660770:,1747647674806
counter/1/0/0/0,13612:1747647660661:,1747647674806
counter/4/0/0/0,12624:1747647660770:,1747647674806
counter/9/0/0/0,13007:1747647659353:,1747647674807
counter/8/0/0/0,12671:1747647659198:,1747647674807
counter/1/0/0/0,13613:1747647660661:,1747647674807
counter/4/0/0/0,12625:1747647660770:,1747647674807
counter/4/0/0/0,12626:1747647660770:,1747647674807
counter/3/0/0/0,13321:1747647660921:,1747647674807
counter/3/0/0/0,13322:1747647660921:,1747647674807
counter/5/0/0/0,12463:1747647659141:,1747647674807
counter/4/0/0/0,12627:1747647660770:,1747647674808
counter/3/0/0/0,13323:1747647660926:,1747647674808
counter/9/0/0/0,13008:1747647659353:,1747647674808
counter/9/0/0/0,13009:1747647659353:,1747647674809
counter/9/0/0/0,13010:1747647659353:,1747647674809
counter/9/0/0/0,13011:1747647659353:,1747647674809
counter/9/0/0/0,13012:1747647659353:,1747647674809
counter/9/0/0/0,13013:1747647659353:,1747647674809
counter/3/0/0/0,13324:1747647660927:,1747647674809
counter/5/0/0/0,12464:1747647659141:,1747647674809
counter/5/0/0/0,12465:1747647659141:,1747647674809
counter/5/0/0/0,12466:1747647659141:,1747647674809
counter/5/0/0/0,12467:1747647659145:,1747647674809
counter/5/0/0/0,12468:1747647659145:,1747647674809
counter/7/0/0/0,12453:1747647659608:,1747647674809
counter/7/0/0/0,12454:1747647659608:,1747647674809
counter/7/0/0/0,12455:1747647659608:,1747647674810
counter/7/0/0/0,12456:1747647659608:,1747647674810
counter/4/0/0/0,12628:1747647660785:,1747647674810
counter/10/0/0/0,11928:1747647659523:,1747647674810
counter/7/0/0/0,12457:1747647659608:,1747647674810
counter/7/0/0/0,12458:1747647659608:,1747647674810
counter/7/0/0/0,12459:1747647659608:,1747647674811
counter/7/0/0/0,12460:1747647659609:,1747647674811
counter/7/0/0/0,12461:1747647659609:,1747647674811
counter/9/0/0/0,13014:1747647659353:,1747647674811
counter/9/0/0/0,13015:1747647659353:,1747647674811
counter/9/0/0/0,13016:1747647659353:,1747647674811
counter/9/0/0/0,13017:1747647659353:,1747647674811
counter/9/0/0/0,13018:1747647659354:,1747647674811
counter/3/0/0/0,13325:1747647660931:,1747647674811
counter/6/0/0/0,12153:1747647659745:,1747647674811
counter/6/0/0/0,12154:1747647659745:,1747647674811
counter/6/0/0/0,12155:1747647659745:,1747647674811
counter/6/0/0/0,12156:1747647659746:,1747647674811
counter/6/0/0/0,12157:1747647659746:,1747647674812
counter/6/0/0/0,12158:1747647659746:,1747647674812
counter/6/0/0/0,12159:1747647659747:,1747647674812
counter/6/0/0/0,12160:1747647659747:,1747647674812
counter/6/0/0/0,12161:1747647659747:,1747647674812
counter/8/0/0/0,12672:1747647659198:,1747647674812
counter/8/0/0/0,12673:1747647659198:,1747647674812
counter/8/0/0/0,12674:1747647659198:,1747647674812
counter/9/0/0/0,13019:1747647659354:,1747647674812
counter/9/0/0/0,13020:1747647659354:,1747647674812
counter/9/0/0/0,13021:1747647659354:,1747647674812
counter/4/0/0/0,12629:1747647660785:,1747647674812
counter/4/0/0/0,12630:1747647660785:,1747647674812
counter/5/0/0/0,12469:1747647659145:,1747647674813
counter/4/0/0/0,12631:1747647660785:,1747647674813
counter/4/0/0/0,12632:1747647660785:,1747647674813
counter/9/0/0/0,13022:1747647659354:,1747647674813
counter/3/0/0/0,13326:1747647660931:,1747647674813
counter/2/0/0/0,12288:1747647658965:,1747647674813
counter/3/0/0/0,13327:1747647660931:,1747647674813
counter/4/0/0/0,12633:1747647660785:,1747647674813
counter/6/0/0/0,12162:1747647659747:,1747647674813
counter/4/0/0/0,12634:1747647660785:,1747647674813
counter/7/0/0/0,12462:1747647659609:,1747647674814
counter/7/0/0/0,12463:1747647659609:,1747647674814
counter/7/0/0/0,12464:1747647659609:,1747647674814
counter/7/0/0/0,12465:1747647659609:,1747647674814
counter/7/0/0/0,12466:1747647659609:,1747647674814
counter/7/0/0/0,12467:1747647659609:,1747647674814
counter/7/0/0/0,12468:1747647659609:,1747647674814
counter/7/0/0/0,12469:1747647659609:,1747647674814
counter/7/0/0/0,12470:1747647659609:,1747647674814
counter/3/0/0/0,13328:1747647660931:,1747647674814
counter/9/0/0/0,13023:1747647659354:,1747647674814
counter/8/0/0/0,12675:1747647659198:,1747647674815
counter/5/0/0/0,12470:1747647659145:,1747647674815
counter/5/0/0/0,12471:1747647659145:,1747647674815
counter/1/0/0/0,13614:1747647660661:,1747647674815
counter/6/0/0/0,12163:1747647659747:,1747647674815
counter/6/0/0/0,12164:1747647659747:,1747647674815
counter/6/0/0/0,12165:1747647659747:,1747647674815
counter/3/0/0/0,13329:1747647660931:,1747647674816
counter/3/0/0/0,13330:1747647660931:,1747647674816
counter/5/0/0/0,12472:1747647659145:,1747647674816
counter/1/0/0/0,13615:1747647660663:,1747647674818
counter/1/0/0/0,13616:1747647660663:,1747647674819
counter/1/0/0/0,13617:1747647660663:,1747647674819
counter/10/0/0/0,11929:1747647659523:,1747647674819
counter/7/0/0/0,12471:1747647659609:,1747647674819
counter/10/0/0/0,11930:1747647659523:,1747647674819
counter/7/0/0/0,12472:1747647659609:,1747647674819
counter/7/0/0/0,12473:1747647659609:,1747647674819
counter/4/0/0/0,12635:1747647660785:,1747647674819
counter/4/0/0/0,12636:1747647660785:,1747647674819
counter/4/0/0/0,12637:1747647660785:,1747647674819
counter/4/0/0/0,12638:1747647660794:,1747647674819
counter/4/0/0/0,12639:1747647660795:,1747647674819
counter/3/0/0/0,13331:1747647660931:,1747647674819
counter/3/0/0/0,13332:1747647660939:,1747647674819
counter/1/0/0/0,13618:1747647660663:,1747647674820
counter/1/0/0/0,13619:1747647660663:,1747647674820
counter/5/0/0/0,12473:1747647659145:,1747647674822
counter/6/0/0/0,12166:1747647659747:,1747647674822
counter/5/0/0/0,12474:1747647659145:,1747647674822
counter/6/0/0/0,12167:1747647659749:,1747647674823
counter/10/0/0/0,11931:1747647659523:,1747647674823
counter/4/0/0/0,12640:1747647660795:,1747647674823
counter/7/0/0/0,12474:1747647659610:,1747647674823
counter/5/0/0/0,12475:1747647659145:,1747647674823
counter/6/0/0/0,12168:1747647659749:,1747647674824
counter/6/0/0/0,12169:1747647659749:,1747647674824
counter/6/0/0/0,12170:1747647659749:,1747647674824
counter/6/0/0/0,12171:1747647659749:,1747647674824
counter/6/0/0/0,12172:1747647659749:,1747647674824
counter/6/0/0/0,12173:1747647659749:,1747647674824
counter/6/0/0/0,12174:1747647659749:,1747647674824
counter/6/0/0/0,12175:1747647659749:,1747647674824
counter/6/0/0/0,12176:1747647659749:,1747647674824
counter/6/0/0/0,12177:1747647659750:,1747647674824
counter/6/0/0/0,12178:1747647659750:,1747647674824
counter/2/0/0/0,12289:1747647658965:,1747647674824
counter/9/0/0/0,13024:1747647659354:,1747647674824
counter/4/0/0/0,12641:1747647660795:,1747647674824
counter/4/0/0/0,12642:1747647660796:,1747647674824
counter/4/0/0/0,12643:1747647660813:,1747647674824
counter/4/0/0/0,12644:1747647660813:,1747647674824
counter/4/0/0/0,12645:1747647660814:,1747647674824
counter/4/0/0/0,12646:1747647660814:,1747647674824
counter/4/0/0/0,12647:1747647660814:,1747647674824
counter/4/0/0/0,12648:1747647660814:,1747647674825
counter/1/0/0/0,13620:1747647660663:,1747647674825
counter/1/0/0/0,13621:1747647660663:,1747647674825
counter/3/0/0/0,13333:1747647660946:,1747647674826
counter/4/0/0/0,12649:1747647660814:,1747647674826
counter/9/0/0/0,13025:1747647659354:,1747647674826
counter/10/0/0/0,11932:1747647659523:,1747647674826
counter/7/0/0/0,12475:1747647659610:,1747647674826
counter/4/0/0/0,12650:1747647660814:,1747647674826
counter/4/0/0/0,12651:1747647660814:,1747647674826
counter/4/0/0/0,12652:1747647660814:,1747647674827
counter/4/0/0/0,12653:1747647660814:,1747647674827
counter/4/0/0/0,12654:1747647660814:,1747647674827
counter/4/0/0/0,12655:1747647660814:,1747647674827
counter/4/0/0/0,12656:1747647660814:,1747647674827
counter/4/0/0/0,12657:1747647660814:,1747647674827
counter/9/0/0/0,13026:1747647659354:,1747647674827
counter/8/0/0/0,12676:1747647659198:,1747647674827
counter/8/0/0/0,12677:1747647659198:,1747647674827
counter/5/0/0/0,12476:1747647659145:,1747647674827
counter/3/0/0/0,13334:1747647660946:,1747647674828
counter/3/0/0/0,13335:1747647660946:,1747647674828
counter/3/0/0/0,13336:1747647660946:,1747647674828
counter/3/0/0/0,13337:1747647660946:,1747647674828
counter/3/0/0/0,13338:1747647660946:,1747647674828
counter/2/0/0/0,12290:1747647658965:,1747647674828
counter/2/0/0/0,12291:1747647658965:,1747647674828
counter/4/0/0/0,12658:1747647660814:,1747647674828
counter/4/0/0/0,12659:1747647660820:,1747647674828
counter/4/0/0/0,12660:1747647660820:,1747647674828
counter/2/0/0/0,12292:1747647658965:,1747647674829
counter/10/0/0/0,11933:1747647659523:,1747647674829
counter/4/0/0/0,12661:1747647660820:,1747647674829
counter/4/0/0/0,12662:1747647660820:,1747647674829
counter/4/0/0/0,12663:1747647660820:,1747647674829
counter/4/0/0/0,12664:1747647660820:,1747647674829
counter/4/0/0/0,12665:1747647660820:,1747647674829
counter/4/0/0/0,12666:1747647660820:,1747647674829
counter/4/0/0/0,12667:1747647660820:,1747647674829
counter/4/0/0/0,12668:1747647660820:,1747647674829
counter/4/0/0/0,12669:1747647660820:,1747647674829
counter/4/0/0/0,12670:1747647660821:,1747647674829
counter/4/0/0/0,12671:1747647660823:,1747647674829
counter/4/0/0/0,12672:1747647660823:,1747647674829
counter/4/0/0/0,12673:1747647660823:,1747647674829
counter/4/0/0/0,12674:1747647660823:,1747647674829
counter/8/0/0/0,12678:1747647659198:,1747647674830
counter/5/0/0/0,12477:1747647659145:,1747647674831
counter/5/0/0/0,12478:1747647659146:,1747647674831
counter/5/0/0/0,12479:1747647659146:,1747647674831
counter/5/0/0/0,12480:1747647659146:,1747647674831
counter/5/0/0/0,12481:1747647659146:,1747647674831
counter/5/0/0/0,12482:1747647659146:,1747647674831
counter/5/0/0/0,12483:1747647659146:,1747647674831
counter/5/0/0/0,12484:1747647659146:,1747647674831
counter/5/0/0/0,12485:1747647659146:,1747647674831
counter/5/0/0/0,12486:1747647659146:,1747647674831
counter/5/0/0/0,12487:1747647659146:,1747647674831
counter/8/0/0/0,12679:1747647659198:,1747647674831
counter/8/0/0/0,12680:1747647659198:,1747647674831
counter/8/0/0/0,12681:1747647659198:,1747647674831
counter/8/0/0/0,12682:1747647659198:,1747647674832
counter/8/0/0/0,12683:1747647659198:,1747647674832
counter/6/0/0/0,12179:1747647659750:,1747647674832
counter/8/0/0/0,12684:1747647659198:,1747647674832
counter/6/0/0/0,12180:1747647659750:,1747647674832
counter/2/0/0/0,12293:1747647658982:,1747647674832
counter/8/0/0/0,12685:1747647659198:,1747647674832
counter/8/0/0/0,12686:1747647659198:,1747647674832
counter/2/0/0/0,12294:1747647658982:,1747647674832
counter/8/0/0/0,12687:1747647659198:,1747647674832
counter/2/0/0/0,12295:1747647658982:,1747647674832
counter/2/0/0/0,12296:1747647658982:,1747647674832
counter/9/0/0/0,13027:1747647659354:,1747647674832
counter/2/0/0/0,12297:1747647658982:,1747647674833
counter/9/0/0/0,13028:1747647659354:,1747647674833
counter/2/0/0/0,12298:1747647658982:,1747647674834
counter/9/0/0/0,13029:1747647659354:,1747647674834
counter/1/0/0/0,13622:1747647660664:,1747647674835
counter/2/0/0/0,12299:1747647658982:,1747647674839
counter/10/0/0/0,11934:1747647659523:,1747647674839
counter/2/0/0/0,12300:1747647658987:,1747647674840
counter/2/0/0/0,12301:1747647658987:,1747647674840
counter/2/0/0/0,12302:1747647658987:,1747647674840
counter/10/0/0/0,11935:1747647659523:,1747647674840
counter/2/0/0/0,12303:1747647658988:,1747647674840
counter/10/0/0/0,11936:1747647659524:,1747647674840
counter/2/0/0/0,12304:1747647658988:,1747647674840
counter/10/0/0/0,11937:1747647659526:,1747647674840
counter/10/0/0/0,11938:1747647659526:,1747647674840
counter/10/0/0/0,11939:1747647659526:,1747647674840
counter/10/0/0/0,11940:1747647659526:,1747647674841
counter/8/0/0/0,12688:1747647659198:,1747647674841
counter/10/0/0/0,11941:1747647659526:,1747647674841
counter/10/0/0/0,11942:1747647659526:,1747647674841
counter/10/0/0/0,11943:1747647659526:,1747647674841
counter/10/0/0/0,11944:1747647659526:,1747647674841
counter/10/0/0/0,11945:1747647659526:,1747647674841
counter/6/0/0/0,12181:1747647659750:,1747647674841
counter/3/0/0/0,13339:1747647660949:,1747647674841
counter/4/0/0/0,12675:1747647660823:,1747647674841
counter/9/0/0/0,13030:1747647659354:,1747647674842
counter/9/0/0/0,13031:1747647659354:,1747647674842
counter/9/0/0/0,13032:1747647659354:,1747647674842
counter/9/0/0/0,13033:1747647659354:,1747647674842
counter/9/0/0/0,13034:1747647659354:,1747647674842
counter/1/0/0/0,13623:1747647660664:,1747647674842
counter/3/0/0/0,13340:1747647660949:,1747647674842
counter/9/0/0/0,13035:1747647659354:,1747647674842
counter/1/0/0/0,13624:1747647660664:,1747647674842
counter/9/0/0/0,13036:1747647659354:,1747647674842
counter/1/0/0/0,13625:1747647660664:,1747647674842
counter/1/0/0/0,13626:1747647660664:,1747647674842
counter/1/0/0/0,13627:1747647660672:,1747647674842
counter/1/0/0/0,13628:1747647660672:,1747647674842
counter/1/0/0/0,13629:1747647660672:,1747647674842
counter/1/0/0/0,13630:1747647660672:,1747647674843
counter/1/0/0/0,13631:1747647660672:,1747647674843
counter/1/0/0/0,13632:1747647660672:,1747647674843
counter/1/0/0/0,13633:1747647660672:,1747647674843
counter/8/0/0/0,12689:1747647659198:,1747647674843
counter/1/0/0/0,13634:1747647660672:,1747647674843
counter/10/0/0/0,11946:1747647659526:,1747647674844
counter/1/0/0/0,13635:1747647660675:,1747647674844
counter/1/0/0/0,13636:1747647660675:,1747647674845
counter/1/0/0/0,13637:1747647660687:,1747647674845
counter/6/0/0/0,12182:1747647659750:,1747647674845
counter/1/0/0/0,13638:1747647660687:,1747647674845
counter/6/0/0/0,12183:1747647659751:,1747647674845
counter/1/0/0/0,13639:1747647660687:,1747647674845
counter/7/0/0/0,12476:1747647659610:,1747647674845
counter/1/0/0/0,13640:1747647660687:,1747647674845
counter/7/0/0/0,12477:1747647659610:,1747647674845
counter/1/0/0/0,13641:1747647660687:,1747647674845
counter/7/0/0/0,12478:1747647659610:,1747647674845
counter/1/0/0/0,13642:1747647660687:,1747647674845
counter/7/0/0/0,12479:1747647659610:,1747647674845
counter/1/0/0/0,13643:1747647660687:,1747647674845
counter/7/0/0/0,12480:1747647659610:,1747647674845
counter/5/0/0/0,12488:1747647659146:,1747647674846
counter/5/0/0/0,12489:1747647659146:,1747647674846
counter/3/0/0/0,13341:1747647660949:,1747647674846
counter/8/0/0/0,12690:1747647659199:,1747647674847
counter/10/0/0/0,11947:1747647659526:,1747647674847
counter/6/0/0/0,12184:1747647659751:,1747647674847
counter/2/0/0/0,12305:1747647658988:,1747647674847
counter/9/0/0/0,13037:1747647659354:,1747647674847
counter/7/0/0/0,12481:1747647659610:,1747647674848
counter/9/0/0/0,13038:1747647659354:,1747647674848
counter/9/0/0/0,13039:1747647659354:,1747647674848
counter/9/0/0/0,13040:1747647659354:,1747647674848
counter/9/0/0/0,13041:1747647659354:,1747647674848
counter/9/0/0/0,13042:1747647659355:,1747647674848
counter/9/0/0/0,13043:1747647659355:,1747647674848
counter/9/0/0/0,13044:1747647659355:,1747647674848
counter/9/0/0/0,13045:1747647659355:,1747647674848
counter/9/0/0/0,13046:1747647659355:,1747647674848
counter/9/0/0/0,13047:1747647659355:,1747647674848
counter/3/0/0/0,13342:1747647660949:,1747647674849
counter/4/0/0/0,12676:1747647660823:,1747647674850
counter/7/0/0/0,12482:1747647659610:,1747647674850
counter/4/0/0/0,12677:1747647660823:,1747647674850
counter/9/0/0/0,13048:1747647659355:,1747647674850
counter/9/0/0/0,13049:1747647659355:,1747647674850
counter/9/0/0/0,13050:1747647659355:,1747647674851
counter/9/0/0/0,13051:1747647659355:,1747647674851
counter/9/0/0/0,13052:1747647659355:,1747647674851
counter/9/0/0/0,13053:1747647659355:,1747647674851
counter/9/0/0/0,13054:1747647659355:,1747647674851
counter/7/0/0/0,12483:1747647659610:,1747647674851
counter/7/0/0/0,12484:1747647659610:,1747647674851
counter/7/0/0/0,12485:1747647659610:,1747647674851
counter/7/0/0/0,12486:1747647659610:,1747647674851
counter/7/0/0/0,12487:1747647659610:,1747647674851
counter/4/0/0/0,12678:1747647660823:,1747647674851
counter/9/0/0/0,13055:1747647659355:,1747647674851
counter/1/0/0/0,13644:1747647660689:,1747647674852
counter/2/0/0/0,12306:1747647658988:,1747647674853
counter/2/0/0/0,12307:1747647658988:,1747647674853
counter/2/0/0/0,12308:1747647658989:,1747647674853
counter/2/0/0/0,12309:1747647658989:,1747647674853
counter/2/0/0/0,12310:1747647658989:,1747647674853
counter/2/0/0/0,12311:1747647658989:,1747647674853
counter/2/0/0/0,12312:1747647658989:,1747647674853
counter/2/0/0/0,12313:1747647658989:,1747647674853
counter/9/0/0/0,13056:1747647659355:,1747647674854
counter/2/0/0/0,12314:1747647658989:,1747647674854
counter/3/0/0/0,13343:1747647660949:,1747647674854
counter/8/0/0/0,12691:1747647659199:,1747647674855
counter/2/0/0/0,12315:1747647658989:,1747647674856
counter/9/0/0/0,13057:1747647659355:,1747647674856
counter/2/0/0/0,12316:1747647658989:,1747647674856
counter/4/0/0/0,12679:1747647660828:,1747647674856
counter/5/0/0/0,12490:1747647659146:,1747647674856
counter/5/0/0/0,12491:1747647659155:,1747647674856
counter/10/0/0/0,11948:1747647659526:,1747647674856
counter/1/0/0/0,13645:1747647660693:,1747647674856
counter/5/0/0/0,12492:1747647659157:,1747647674857
counter/6/0/0/0,12185:1747647659751:,1747647674857
counter/10/0/0/0,11949:1747647659526:,1747647674857
counter/10/0/0/0,11950:1747647659527:,1747647674858
counter/10/0/0/0,11951:1747647659527:,1747647674858
counter/10/0/0/0,11952:1747647659527:,1747647674858
counter/10/0/0/0,11953:1747647659527:,1747647674858
counter/4/0/0/0,12680:1747647660828:,1747647674858
counter/4/0/0/0,12681:1747647660828:,1747647674858
counter/4/0/0/0,12682:1747647660828:,1747647674858
counter/4/0/0/0,12683:1747647660828:,1747647674858
counter/4/0/0/0,12684:1747647660829:,1747647674859
counter/4/0/0/0,12685:1747647660829:,1747647674859
counter/4/0/0/0,12686:1747647660829:,1747647674859
counter/4/0/0/0,12687:1747647660829:,1747647674859
counter/4/0/0/0,12688:1747647660829:,1747647674859
counter/4/0/0/0,12689:1747647660829:,1747647674859
counter/4/0/0/0,12690:1747647660829:,1747647674859
counter/4/0/0/0,12691:1747647660829:,1747647674859
counter/2/0/0/0,12317:1747647658989:,1747647674859
counter/5/0/0/0,12493:1747647659157:,1747647674859
counter/7/0/0/0,12488:1747647659611:,1747647674860
counter/7/0/0/0,12489:1747647659611:,1747647674860
counter/7/0/0/0,12490:1747647659611:,1747647674860
counter/2/0/0/0,12318:1747647658989:,1747647674862
counter/6/0/0/0,12186:1747647659751:,1747647674862
counter/6/0/0/0,12187:1747647659751:,1747647674863
counter/6/0/0/0,12188:1747647659751:,1747647674863
counter/6/0/0/0,12189:1747647659751:,1747647674863
counter/6/0/0/0,12190:1747647659751:,1747647674863
counter/6/0/0/0,12191:1747647659751:,1747647674863
counter/6/0/0/0,12192:1747647659751:,1747647674863
counter/6/0/0/0,12193:1747647659751:,1747647674863
counter/6/0/0/0,12194:1747647659751:,1747647674863
counter/6/0/0/0,12195:1747647659751:,1747647674863
counter/9/0/0/0,13058:1747647659355:,1747647674863
counter/9/0/0/0,13059:1747647659355:,1747647674863
counter/9/0/0/0,13060:1747647659355:,1747647674863
counter/1/0/0/0,13646:1747647660693:,1747647674863
counter/4/0/0/0,12692:1747647660835:,1747647674863
counter/2/0/0/0,12319:1747647658989:,1747647674863
counter/4/0/0/0,12693:1747647660835:,1747647674863
counter/4/0/0/0,12694:1747647660835:,1747647674863
counter/8/0/0/0,12692:1747647659199:,1747647674864
counter/7/0/0/0,12491:1747647659611:,1747647674866
counter/8/0/0/0,12693:1747647659204:,1747647674866
counter/10/0/0/0,11954:1747647659527:,1747647674867
counter/9/0/0/0,13061:1747647659355:,1747647674867
counter/9/0/0/0,13062:1747647659355:,1747647674867
counter/9/0/0/0,13063:1747647659355:,1747647674867
counter/9/0/0/0,13064:1747647659355:,1747647674867
counter/2/0/0/0,12320:1747647658989:,1747647674868
counter/2/0/0/0,12321:1747647658989:,1747647674868
counter/2/0/0/0,12322:1747647658989:,1747647674868
counter/2/0/0/0,12323:1747647658989:,1747647674868
counter/2/0/0/0,12324:1747647658989:,1747647674868
counter/3/0/0/0,13344:1747647660949:,1747647674868
counter/3/0/0/0,13345:1747647660949:,1747647674869
counter/3/0/0/0,13346:1747647660949:,1747647674869
counter/3/0/0/0,13347:1747647660952:,1747647674869
counter/3/0/0/0,13348:1747647660952:,1747647674869
counter/3/0/0/0,13349:1747647660953:,1747647674869
counter/7/0/0/0,12492:1747647659611:,1747647674869
counter/1/0/0/0,13647:1747647660693:,1747647674869
counter/1/0/0/0,13648:1747647660693:,1747647674869
counter/1/0/0/0,13649:1747647660693:,1747647674870
counter/1/0/0/0,13650:1747647660693:,1747647674870
counter/1/0/0/0,13651:1747647660693:,1747647674870
counter/1/0/0/0,13652:1747647660702:,1747647674870
counter/1/0/0/0,13653:1747647660702:,1747647674870
counter/5/0/0/0,12494:1747647659157:,1747647674870
counter/3/0/0/0,13350:1747647660953:,1747647674870
counter/3/0/0/0,13351:1747647660953:,1747647674870
counter/3/0/0/0,13352:1747647660953:,1747647674870
counter/10/0/0/0,11955:1747647659527:,1747647674871
counter/10/0/0/0,11956:1747647659527:,1747647674871
counter/3/0/0/0,13353:1747647660953:,1747647674873
counter/3/0/0/0,13354:1747647660953:,1747647674873
counter/3/0/0/0,13355:1747647660953:,1747647674873
counter/3/0/0/0,13356:1747647660953:,1747647674873
counter/3/0/0/0,13357:1747647660953:,1747647674873
counter/3/0/0/0,13358:1747647660953:,1747647674874
counter/3/0/0/0,13359:1747647660963:,1747647674874
counter/8/0/0/0,12694:1747647659204:,1747647674874
counter/6/0/0/0,12196:1747647659751:,1747647674875
counter/6/0/0/0,12197:1747647659751:,1747647674875
counter/8/0/0/0,12695:1747647659204:,1747647674875
counter/6/0/0/0,12198:1747647659751:,1747647674875
counter/6/0/0/0,12199:1747647659751:,1747647674875
counter/7/0/0/0,12493:1747647659611:,1747647674876
counter/7/0/0/0,12494:1747647659611:,1747647674876
counter/7/0/0/0,12495:1747647659611:,1747647674876
counter/7/0/0/0,12496:1747647659611:,1747647674876
counter/7/0/0/0,12497:1747647659611:,1747647674876
counter/9/0/0/0,13065:1747647659356:,1747647674876
counter/9/0/0/0,13066:1747647659356:,1747647674877
counter/9/0/0/0,13067:1747647659356:,1747647674877
counter/9/0/0/0,13068:1747647659356:,1747647674877
counter/9/0/0/0,13069:1747647659356:,1747647674877
counter/9/0/0/0,13070:1747647659356:,1747647674877
counter/9/0/0/0,13071:1747647659356:,1747647674877
counter/9/0/0/0,13072:1747647659356:,1747647674878
counter/9/0/0/0,13073:1747647659356:,1747647674878
counter/2/0/0/0,12325:1747647658993:,1747647674878
counter/5/0/0/0,12495:1747647659157:,1747647674878
counter/4/0/0/0,12695:1747647660835:,1747647674878
counter/10/0/0/0,11957:1747647659527:,1747647674878
counter/4/0/0/0,12696:1747647660835:,1747647674878
counter/1/0/0/0,13654:1747647660702:,1747647674878
counter/1/0/0/0,13655:1747647660702:,1747647674878
counter/1/0/0/0,13656:1747647660702:,1747647674878
counter/8/0/0/0,12696:1747647659205:,1747647674878
counter/8/0/0/0,12697:1747647659205:,1747647674878
counter/8/0/0/0,12698:1747647659205:,1747647674878
counter/8/0/0/0,12699:1747647659205:,1747647674878
counter/9/0/0/0,13074:1747647659356:,1747647674879
counter/9/0/0/0,13075:1747647659356:,1747647674879
counter/9/0/0/0,13076:1747647659356:,1747647674879
counter/9/0/0/0,13077:1747647659356:,1747647674879
counter/9/0/0/0,13078:1747647659356:,1747647674879
counter/9/0/0/0,13079:1747647659361:,1747647674879
counter/9/0/0/0,13080:1747647659362:,1747647674879
counter/9/0/0/0,13081:1747647659362:,1747647674880
counter/10/0/0/0,11958:1747647659527:,1747647674880
counter/4/0/0/0,12697:1747647660835:,1747647674880
counter/1/0/0/0,13657:1747647660702:,1747647674880
counter/3/0/0/0,13360:1747647660963:,1747647674880
counter/2/0/0/0,12326:1747647658993:,1747647674883
counter/2/0/0/0,12327:1747647658994:,1747647674883
counter/2/0/0/0,12328:1747647658998:,1747647674883
counter/2/0/0/0,12329:1747647659006:,1747647674883
counter/4/0/0/0,12698:1747647660835:,1747647674884
counter/10/0/0/0,11959:1747647659527:,1747647674885
counter/6/0/0/0,12200:1747647659752:,1747647674885
counter/3/0/0/0,13361:1747647660963:,1747647674885
counter/6/0/0/0,12201:1747647659752:,1747647674885
counter/1/0/0/0,13658:1747647660703:,1747647674885
counter/4/0/0/0,12699:1747647660835:,1747647674885
counter/4/0/0/0,12700:1747647660835:,1747647674885
counter/8/0/0/0,12700:1747647659205:,1747647674886
counter/3/0/0/0,13362:1747647660963:,1747647674886
counter/8/0/0/0,12701:1747647659205:,1747647674886
counter/6/0/0/0,12202:1747647659753:,1747647674886
counter/1/0/0/0,13659:1747647660703:,1747647674886
counter/6/0/0/0,12203:1747647659753:,1747647674886
counter/6/0/0/0,12204:1747647659753:,1747647674886
counter/4/0/0/0,12701:1747647660835:,1747647674887
counter/8/0/0/0,12702:1747647659205:,1747647674887
counter/6/0/0/0,12205:1747647659753:,1747647674888
counter/6/0/0/0,12206:1747647659753:,1747647674888
counter/5/0/0/0,12496:1747647659157:,1747647674888
counter/4/0/0/0,12702:1747647660835:,1747647674888
counter/10/0/0/0,11960:1747647659527:,1747647674888
counter/4/0/0/0,12703:1747647660835:,1747647674888
counter/7/0/0/0,12498:1747647659611:,1747647674889
counter/7/0/0/0,12499:1747647659621:,1747647674890
counter/1/0/0/0,13660:1747647660706:,1747647674890
counter/1/0/0/0,13661:1747647660706:,1747647674890
counter/1/0/0/0,13662:1747647660706:,1747647674890
counter/2/0/0/0,12330:1747647659013:,1747647674890
counter/8/0/0/0,12703:1747647659205:,1747647674890
counter/8/0/0/0,12704:1747647659205:,1747647674890
counter/8/0/0/0,12705:1747647659205:,1747647674890
counter/8/0/0/0,12706:1747647659205:,1747647674890
counter/8/0/0/0,12707:1747647659205:,1747647674890
counter/8/0/0/0,12708:1747647659205:,1747647674891
counter/8/0/0/0,12709:1747647659205:,1747647674892
counter/8/0/0/0,12710:1747647659205:,1747647674892
counter/8/0/0/0,12711:1747647659205:,1747647674892
counter/5/0/0/0,12497:1747647659157:,1747647674892
counter/4/0/0/0,12704:1747647660835:,1747647674892
counter/8/0/0/0,12712:1747647659205:,1747647674892
counter/8/0/0/0,12713:1747647659205:,1747647674892
counter/8/0/0/0,12714:1747647659207:,1747647674892
counter/8/0/0/0,12715:1747647659207:,1747647674892
counter/5/0/0/0,12498:1747647659158:,1747647674892
counter/4/0/0/0,12705:1747647660835:,1747647674892
counter/4/0/0/0,12706:1747647660835:,1747647674892
counter/7/0/0/0,12500:1747647659621:,1747647674892
counter/10/0/0/0,11961:1747647659530:,1747647674892
counter/10/0/0/0,11962:1747647659530:,1747647674892
counter/10/0/0/0,11963:1747647659530:,1747647674893
counter/10/0/0/0,11964:1747647659530:,1747647674893
counter/10/0/0/0,11965:1747647659531:,1747647674893
counter/10/0/0/0,11966:1747647659531:,1747647674893
counter/10/0/0/0,11967:1747647659531:,1747647674893
counter/10/0/0/0,11968:1747647659531:,1747647674893
counter/10/0/0/0,11969:1747647659531:,1747647674893
counter/3/0/0/0,13363:1747647660963:,1747647674893
counter/5/0/0/0,12499:1747647659161:,1747647674893
counter/1/0/0/0,13663:1747647660712:,1747647674893
counter/5/0/0/0,12500:1747647659162:,1747647674894
counter/5/0/0/0,12501:1747647659180:,1747647674894
counter/4/0/0/0,12707:1747647660835:,1747647674894
counter/4/0/0/0,12708:1747647660838:,1747647674894
counter/4/0/0/0,12709:1747647660838:,1747647674894
counter/6/0/0/0,12207:1747647659753:,1747647674894
counter/1/0/0/0,13664:1747647660712:,1747647674894
counter/1/0/0/0,13665:1747647660712:,1747647674894
counter/5/0/0/0,12502:1747647659180:,1747647674894
counter/5/0/0/0,12503:1747647659180:,1747647674894
counter/2/0/0/0,12331:1747647659013:,1747647674895
counter/5/0/0/0,12504:1747647659180:,1747647674895
counter/5/0/0/0,12505:1747647659180:,1747647674895
counter/5/0/0/0,12506:1747647659180:,1747647674895
counter/5/0/0/0,12507:1747647659180:,1747647674895
counter/5/0/0/0,12508:1747647659180:,1747647674895
counter/9/0/0/0,13082:1747647659362:,1747647674895
counter/8/0/0/0,12716:1747647659207:,1747647674895
counter/9/0/0/0,13083:1747647659362:,1747647674895
counter/8/0/0/0,12717:1747647659207:,1747647674896
counter/5/0/0/0,12509:1747647659181:,1747647674896
counter/5/0/0/0,12510:1747647659181:,1747647674896
counter/1/0/0/0,13666:1747647660715:,1747647674897
counter/6/0/0/0,12208:1747647659753:,1747647674897
counter/6/0/0/0,12209:1747647659753:,1747647674898
counter/7/0/0/0,12501:1747647659621:,1747647674898
counter/7/0/0/0,12502:1747647659621:,1747647674898
counter/7/0/0/0,12503:1747647659621:,1747647674898
counter/7/0/0/0,12504:1747647659621:,1747647674898
counter/6/0/0/0,12210:1747647659753:,1747647674898
counter/10/0/0/0,11970:1747647659531:,1747647674898
counter/10/0/0/0,11971:1747647659531:,1747647674898
counter/10/0/0/0,11972:1747647659531:,1747647674898
counter/10/0/0/0,11973:1747647659531:,1747647674898
counter/4/0/0/0,12710:1747647660838:,1747647674898
counter/4/0/0/0,12711:1747647660838:,1747647674899
counter/7/0/0/0,12505:1747647659621:,1747647674899
counter/8/0/0/0,12718:1747647659207:,1747647674899
counter/8/0/0/0,12719:1747647659207:,1747647674899
counter/8/0/0/0,12720:1747647659207:,1747647674900
counter/8/0/0/0,12721:1747647659207:,1747647674900
counter/8/0/0/0,12722:1747647659207:,1747647674900
counter/8/0/0/0,12723:1747647659207:,1747647674900
counter/8/0/0/0,12724:1747647659207:,1747647674900
counter/8/0/0/0,12725:1747647659207:,1747647674900
counter/8/0/0/0,12726:1747647659207:,1747647674900
counter/8/0/0/0,12727:1747647659207:,1747647674900
counter/8/0/0/0,12728:1747647659207:,1747647674900
counter/8/0/0/0,12729:1747647659207:,1747647674900
counter/8/0/0/0,12730:1747647659207:,1747647674900
counter/2/0/0/0,12332:1747647659014:,1747647674901
counter/1/0/0/0,13667:1747647660715:,1747647674901
counter/2/0/0/0,12333:1747647659014:,1747647674901
counter/1/0/0/0,13668:1747647660715:,1747647674901
counter/3/0/0/0,13364:1747647660963:,1747647674901
counter/6/0/0/0,12211:1747647659753:,1747647674901
counter/6/0/0/0,12212:1747647659753:,1747647674901
counter/8/0/0/0,12731:1747647659207:,1747647674902
counter/3/0/0/0,13365:1747647660963:,1747647674902
counter/8/0/0/0,12732:1747647659207:,1747647674903
counter/9/0/0/0,13084:1747647659362:,1747647674903
counter/2/0/0/0,12334:1747647659015:,1747647674903
counter/1/0/0/0,13669:1747647660715:,1747647674903
counter/4/0/0/0,12712:1747647660838:,1747647674904
counter/4/0/0/0,12713:1747647660838:,1747647674904
counter/4/0/0/0,12714:1747647660838:,1747647674904
counter/4/0/0/0,12715:1747647660838:,1747647674904
counter/4/0/0/0,12716:1747647660838:,1747647674904
counter/4/0/0/0,12717:1747647660846:,1747647674904
counter/4/0/0/0,12718:1747647660846:,1747647674904
counter/4/0/0/0,12719:1747647660848:,1747647674904
counter/4/0/0/0,12720:1747647660848:,1747647674904
counter/5/0/0/0,12511:1747647659181:,1747647674904
counter/7/0/0/0,12506:1747647659621:,1747647674904
counter/7/0/0/0,12507:1747647659621:,1747647674906
counter/7/0/0/0,12508:1747647659629:,1747647674906
counter/7/0/0/0,12509:1747647659629:,1747647674906
counter/7/0/0/0,12510:1747647659629:,1747647674906
counter/8/0/0/0,12733:1747647659207:,1747647674906
counter/4/0/0/0,12721:1747647660848:,1747647674906
counter/3/0/0/0,13366:1747647660963:,1747647674906
counter/3/0/0/0,13367:1747647660963:,1747647674907
counter/3/0/0/0,13368:1747647660963:,1747647674907
counter/3/0/0/0,13369:1747647660963:,1747647674907
counter/3/0/0/0,13370:1747647660963:,1747647674907
counter/9/0/0/0,13085:1747647659362:,1747647674907
counter/4/0/0/0,12722:1747647660848:,1747647674907
counter/9/0/0/0,13086:1747647659362:,1747647674907
counter/5/0/0/0,12512:1747647659181:,1747647674907
counter/8/0/0/0,12734:1747647659212:,1747647674907
counter/8/0/0/0,12735:1747647659212:,1747647674907
counter/7/0/0/0,12511:1747647659629:,1747647674907
counter/2/0/0/0,12335:1747647659015:,1747647674907
counter/9/0/0/0,13087:1747647659362:,1747647674908
counter/10/0/0/0,11974:1747647659531:,1747647674908
counter/10/0/0/0,11975:1747647659531:,1747647674908
counter/7/0/0/0,12512:1747647659629:,1747647674909
counter/3/0/0/0,13371:1747647660963:,1747647674909
counter/7/0/0/0,12513:1747647659629:,1747647674910
counter/1/0/0/0,13670:1747647660715:,1747647674910
counter/4/0/0/0,12723:1747647660870:,1747647674910
counter/5/0/0/0,12513:1747647659181:,1747647674910
counter/8/0/0/0,12736:1747647659212:,1747647674910
counter/5/0/0/0,12514:1747647659181:,1747647674910
counter/8/0/0/0,12737:1747647659216:,1747647674910
counter/8/0/0/0,12738:1747647659217:,1747647674910
counter/8/0/0/0,12739:1747647659217:,1747647674910
counter/8/0/0/0,12740:1747647659217:,1747647674910
counter/8/0/0/0,12741:1747647659217:,1747647674910
counter/8/0/0/0,12742:1747647659217:,1747647674910
counter/8/0/0/0,12743:1747647659217:,1747647674910
counter/8/0/0/0,12744:1747647659217:,1747647674910
counter/8/0/0/0,12745:1747647659230:,1747647674910
counter/8/0/0/0,12746:1747647659231:,1747647674910
counter/2/0/0/0,12336:1747647659015:,1747647674911
counter/2/0/0/0,12337:1747647659015:,1747647674911
counter/7/0/0/0,12514:1747647659629:,1747647674911
counter/7/0/0/0,12515:1747647659629:,1747647674911
counter/7/0/0/0,12516:1747647659629:,1747647674912
counter/7/0/0/0,12517:1747647659629:,1747647674912
counter/7/0/0/0,12518:1747647659629:,1747647674912
counter/7/0/0/0,12519:1747647659630:,1747647674912
counter/7/0/0/0,12520:1747647659648:,1747647674912
counter/10/0/0/0,11976:1747647659531:,1747647674913
counter/10/0/0/0,11977:1747647659531:,1747647674913
counter/10/0/0/0,11978:1747647659531:,1747647674913
counter/10/0/0/0,11979:1747647659531:,1747647674913
counter/10/0/0/0,11980:1747647659541:,1747647674913
counter/10/0/0/0,11981:1747647659541:,1747647674913
counter/8/0/0/0,12747:1747647659231:,1747647674913
counter/8/0/0/0,12748:1747647659231:,1747647674913
counter/4/0/0/0,12724:1747647660870:,1747647674913
counter/8/0/0/0,12749:1747647659231:,1747647674913
counter/3/0/0/0,13372:1747647660969:,1747647674914
counter/3/0/0/0,13373:1747647660970:,1747647674914
counter/3/0/0/0,13374:1747647660970:,1747647674914
counter/3/0/0/0,13375:1747647660970:,1747647674914
counter/3/0/0/0,13376:1747647660970:,1747647674914
counter/3/0/0/0,13377:1747647660971:,1747647674914
counter/3/0/0/0,13378:1747647660971:,1747647674914
counter/9/0/0/0,13088:1747647659362:,1747647674915
counter/3/0/0/0,13379:1747647660971:,1747647674915
counter/5/0/0/0,12515:1747647659181:,1747647674916
counter/5/0/0/0,12516:1747647659181:,1747647674916
counter/10/0/0/0,11982:1747647659541:,1747647674918
counter/10/0/0/0,11983:1747647659554:,1747647674918
counter/8/0/0/0,12750:1747647659232:,1747647674918
counter/8/0/0/0,12751:1747647659232:,1747647674918
counter/8/0/0/0,12752:1747647659232:,1747647674918
counter/5/0/0/0,12517:1747647659181:,1747647674918
counter/8/0/0/0,12753:1747647659232:,1747647674918
counter/5/0/0/0,12518:1747647659181:,1747647674918
counter/5/0/0/0,12519:1747647659181:,1747647674918
counter/3/0/0/0,13380:1747647660971:,1747647674918
counter/7/0/0/0,12521:1747647659648:,1747647674918
counter/3/0/0/0,13381:1747647660971:,1747647674920
counter/7/0/0/0,12522:1747647659648:,1747647674920
counter/7/0/0/0,12523:1747647659648:,1747647674920
counter/7/0/0/0,12524:1747647659648:,1747647674920
counter/7/0/0/0,12525:1747647659648:,1747647674920
counter/7/0/0/0,12526:1747647659650:,1747647674920
counter/7/0/0/0,12527:1747647659650:,1747647674920
counter/7/0/0/0,12528:1747647659650:,1747647674920
counter/7/0/0/0,12529:1747647659650:,1747647674920
counter/8/0/0/0,12754:1747647659232:,1747647674921
counter/2/0/0/0,12338:1747647659015:,1747647674921
counter/5/0/0/0,12520:1747647659181:,1747647674921
counter/1/0/0/0,13671:1747647660715:,1747647674921
counter/9/0/0/0,13089:1747647659362:,1747647674922
counter/9/0/0/0,13090:1747647659362:,1747647674922
counter/7/0/0/0,12530:1747647659651:,1747647674922
counter/7/0/0/0,12531:1747647659651:,1747647674922
counter/8/0/0/0,12755:1747647659232:,1747647674923
counter/8/0/0/0,12756:1747647659232:,1747647674923
counter/8/0/0/0,12757:1747647659232:,1747647674923
counter/1/0/0/0,13672:1747647660715:,1747647674923
counter/3/0/0/0,13382:1747647660971:,1747647674924
counter/8/0/0/0,12758:1747647659232:,1747647674925
counter/2/0/0/0,12339:1747647659015:,1747647674925
counter/1/0/0/0,13673:1747647660715:,1747647674925
counter/1/0/0/0,13674:1747647660715:,1747647674926
counter/10/0/0/0,11984:1747647659554:,1747647674926
counter/5/0/0/0,12521:1747647659181:,1747647674927
counter/3/0/0/0,13383:1747647660971:,1747647674928
counter/3/0/0/0,13384:1747647660971:,1747647674928
counter/8/0/0/0,12759:1747647659234:,1747647674928
counter/3/0/0/0,13385:1747647660971:,1747647674928
counter/8/0/0/0,12760:1747647659234:,1747647674928
counter/3/0/0/0,13386:1747647660971:,1747647674928
counter/8/0/0/0,12761:1747647659234:,1747647674928
counter/8/0/0/0,12762:1747647659234:,1747647674928
counter/8/0/0/0,12763:1747647659236:,1747647674929
counter/8/0/0/0,12764:1747647659236:,1747647674929
counter/8/0/0/0,12765:1747647659236:,1747647674929
counter/8/0/0/0,12766:1747647659236:,1747647674929
counter/8/0/0/0,12767:1747647659236:,1747647674929
counter/8/0/0/0,12768:1747647659236:,1747647674929
counter/8/0/0/0,12769:1747647659241:,1747647674929
counter/8/0/0/0,12770:1747647659242:,1747647674929
counter/8/0/0/0,12771:1747647659242:,1747647674929
counter/8/0/0/0,12772:1747647659242:,1747647674929
counter/10/0/0/0,11985:1747647659554:,1747647674930
counter/10/0/0/0,11986:1747647659554:,1747647674930
counter/2/0/0/0,12340:1747647659015:,1747647674930
counter/2/0/0/0,12341:1747647659015:,1747647674930
counter/2/0/0/0,12342:1747647659015:,1747647674930
counter/2/0/0/0,12343:1747647659015:,1747647674930
counter/2/0/0/0,12344:1747647659015:,1747647674930
counter/2/0/0/0,12345:1747647659023:,1747647674930
counter/2/0/0/0,12346:1747647659023:,1747647674930
counter/2/0/0/0,12347:1747647659027:,1747647674930
counter/3/0/0/0,13387:1747647660971:,1747647674930
counter/2/0/0/0,12348:1747647659027:,1747647674930
counter/6/0/0/0,12213:1747647659753:,1747647674930
counter/2/0/0/0,12349:1747647659027:,1747647674930
counter/6/0/0/0,12214:1747647659753:,1747647674931
counter/6/0/0/0,12215:1747647659753:,1747647674931
counter/6/0/0/0,12216:1747647659753:,1747647674931
counter/6/0/0/0,12217:1747647659754:,1747647674931
counter/6/0/0/0,12218:1747647659754:,1747647674931
counter/9/0/0/0,13091:1747647659362:,1747647674931
counter/9/0/0/0,13092:1747647659362:,1747647674931
counter/9/0/0/0,13093:1747647659363:,1747647674931
counter/9/0/0/0,13094:1747647659364:,1747647674932
counter/7/0/0/0,12532:1747647659651:,1747647674932
counter/10/0/0/0,11987:1747647659554:,1747647674932
counter/9/0/0/0,13095:1747647659364:,1747647674932
counter/8/0/0/0,12773:1747647659242:,1747647674933
counter/3/0/0/0,13388:1747647660971:,1747647674933
counter/3/0/0/0,13389:1747647660975:,1747647674933
counter/3/0/0/0,13390:1747647660975:,1747647674933
counter/2/0/0/0,12350:1747647659027:,1747647674934
counter/7/0/0/0,12533:1747647659651:,1747647674934
counter/1/0/0/0,13675:1747647660715:,1747647674934
counter/8/0/0/0,12774:1747647659242:,1747647674936
counter/8/0/0/0,12775:1747647659242:,1747647674936
counter/8/0/0/0,12776:1747647659242:,1747647674936
counter/8/0/0/0,12777:1747647659242:,1747647674936
counter/8/0/0/0,12778:1747647659242:,1747647674936
counter/5/0/0/0,12522:1747647659181:,1747647674936
counter/10/0/0/0,11988:1747647659554:,1747647674936
counter/10/0/0/0,11989:1747647659554:,1747647674936
counter/10/0/0/0,11990:1747647659554:,1747647674936
counter/10/0/0/0,11991:1747647659561:,1747647674937
counter/10/0/0/0,11992:1747647659561:,1747647674937
counter/10/0/0/0,11993:1747647659561:,1747647674937
counter/10/0/0/0,11994:1747647659561:,1747647674937
counter/10/0/0/0,11995:1747647659561:,1747647674937
counter/10/0/0/0,11996:1747647659561:,1747647674937
counter/10/0/0/0,11997:1747647659561:,1747647674937
counter/1/0/0/0,13676:1747647660715:,1747647674937
counter/10/0/0/0,11998:1747647659561:,1747647674938
counter/10/0/0/0,11999:1747647659561:,1747647674938
counter/10/0/0/0,12000:1747647659561:,1747647674938
counter/9/0/0/0,13096:1747647659364:,1747647674939
counter/9/0/0/0,13097:1747647659364:,1747647674939
counter/9/0/0/0,13098:1747647659364:,1747647674939
counter/9/0/0/0,13099:1747647659364:,1747647674939
counter/9/0/0/0,13100:1747647659364:,1747647674939
counter/9/0/0/0,13101:1747647659364:,1747647674939
counter/9/0/0/0,13102:1747647659364:,1747647674939
counter/9/0/0/0,13103:1747647659364:,1747647674939
counter/9/0/0/0,13104:1747647659364:,1747647674939
counter/2/0/0/0,12351:1747647659027:,1747647674943
counter/10/0/0/0,12001:1747647659579:,1747647674943
counter/5/0/0/0,12523:1747647659181:,1747647674943
counter/6/0/0/0,12219:1747647659754:,1747647674944
counter/6/0/0/0,12220:1747647659754:,1747647674944
counter/9/0/0/0,13105:1747647659364:,1747647674945
counter/6/0/0/0,12221:1747647659754:,1747647674945
counter/7/0/0/0,12534:1747647659658:,1747647674945
counter/7/0/0/0,12535:1747647659658:,1747647674945
counter/7/0/0/0,12536:1747647659658:,1747647674945
counter/7/0/0/0,12537:1747647659658:,1747647674945
counter/5/0/0/0,12524:1747647659181:,1747647674945
counter/5/0/0/0,12525:1747647659181:,1747647674945
counter/5/0/0/0,12526:1747647659181:,1747647674945
counter/10/0/0/0,12002:1747647659579:,1747647674945
counter/10/0/0/0,12003:1747647659579:,1747647674945
counter/9/0/0/0,13106:1747647659364:,1747647674945
counter/10/0/0/0,12004:1747647659579:,1747647674945
counter/2/0/0/0,12352:1747647659027:,1747647674947
counter/2/0/0/0,12353:1747647659028:,1747647674947
counter/2/0/0/0,12354:1747647659028:,1747647674947
counter/2/0/0/0,12355:1747647659028:,1747647674947
counter/2/0/0/0,12356:1747647659028:,1747647674947
counter/10/0/0/0,12005:1747647659579:,1747647674947
counter/2/0/0/0,12357:1747647659028:,1747647674947
counter/2/0/0/0,12358:1747647659028:,1747647674947
counter/9/0/0/0,13107:1747647659364:,1747647674947
counter/1/0/0/0,13677:1747647660716:,1747647674947
counter/5/0/0/0,12527:1747647659181:,1747647674947
counter/1/0/0/0,13678:1747647660716:,1747647674947
counter/5/0/0/0,12528:1747647659181:,1747647674948
counter/9/0/0/0,13108:1747647659365:,1747647674949
counter/9/0/0/0,13109:1747647659365:,1747647674949
counter/1/0/0/0,13679:1747647660716:,1747647674949
counter/9/0/0/0,13110:1747647659365:,1747647674949
counter/9/0/0/0,13111:1747647659365:,1747647674949
counter/9/0/0/0,13112:1747647659365:,1747647674949
counter/9/0/0/0,13113:1747647659365:,1747647674949
counter/4/0/0/0,12725:1747647660870:,1747647674949
counter/9/0/0/0,13114:1747647659365:,1747647674949
counter/2/0/0/0,12359:1747647659031:,1747647674949
counter/10/0/0/0,12006:1747647659579:,1747647674950
counter/10/0/0/0,12007:1747647659579:,1747647674950
counter/10/0/0/0,12008:1747647659579:,1747647674950
counter/10/0/0/0,12009:1747647659579:,1747647674950
counter/10/0/0/0,12010:1747647659580:,1747647674950
counter/3/0/0/0,13391:1747647660975:,1747647674950
counter/5/0/0/0,12529:1747647659185:,1747647674951
counter/6/0/0/0,12222:1747647659754:,1747647674951
counter/6/0/0/0,12223:1747647659754:,1747647674951
counter/2/0/0/0,12360:1747647659031:,1747647674952
counter/10/0/0/0,12011:1747647659580:,1747647674952
counter/5/0/0/0,12530:1747647659191:,1747647674952
counter/5/0/0/0,12531:1747647659191:,1747647674952
counter/5/0/0/0,12532:1747647659191:,1747647674952
counter/5/0/0/0,12533:1747647659191:,1747647674953
counter/5/0/0/0,12534:1747647659191:,1747647674953
counter/3/0/0/0,13392:1747647660975:,1747647674953
counter/9/0/0/0,13115:1747647659365:,1747647674954
counter/9/0/0/0,13116:1747647659367:,1747647674954
counter/9/0/0/0,13117:1747647659367:,1747647674954
counter/9/0/0/0,13118:1747647659367:,1747647674954
counter/9/0/0/0,13119:1747647659367:,1747647674954
counter/9/0/0/0,13120:1747647659368:,1747647674955
counter/9/0/0/0,13121:1747647659368:,1747647674955
counter/2/0/0/0,12361:1747647659031:,1747647674956
counter/5/0/0/0,12535:1747647659192:,1747647674956
counter/5/0/0/0,12536:1747647659192:,1747647674956
counter/5/0/0/0,12537:1747647659192:,1747647674956
counter/5/0/0/0,12538:1747647659192:,1747647674956
counter/5/0/0/0,12539:1747647659192:,1747647674956
counter/2/0/0/0,12362:1747647659031:,1747647674957
counter/1/0/0/0,13680:1747647660716:,1747647674957
counter/1/0/0/0,13681:1747647660716:,1747647674957
counter/1/0/0/0,13682:1747647660716:,1747647674957
counter/1/0/0/0,13683:1747647660716:,1747647674957
counter/1/0/0/0,13684:1747647660720:,1747647674958
counter/9/0/0/0,13122:1747647659368:,1747647674958
counter/9/0/0/0,13123:1747647659368:,1747647674958
counter/4/0/0/0,12726:1747647660870:,1747647674958
counter/4/0/0/0,12727:1747647660870:,1747647674958
counter/4/0/0/0,12728:1747647660870:,1747647674958
counter/10/0/0/0,12012:1747647659580:,1747647674958
counter/10/0/0/0,12013:1747647659580:,1747647674958
counter/1/0/0/0,13685:1747647660720:,1747647674959
counter/1/0/0/0,13686:1747647660721:,1747647674959
counter/8/0/0/0,12779:1747647659242:,1747647674959
counter/1/0/0/0,13687:1747647660721:,1747647674959
counter/8/0/0/0,12780:1747647659242:,1747647674959
counter/4/0/0/0,12729:1747647660870:,1747647674959
counter/1/0/0/0,13688:1747647660724:,1747647674959
counter/8/0/0/0,12781:1747647659242:,1747647674959
counter/4/0/0/0,12730:1747647660870:,1747647674959
counter/8/0/0/0,12782:1747647659242:,1747647674959
counter/8/0/0/0,12783:1747647659250:,1747647674961
counter/4/0/0/0,12731:1747647660870:,1747647674961
counter/4/0/0/0,12732:1747647660870:,1747647674961
counter/4/0/0/0,12733:1747647660870:,1747647674962
counter/4/0/0/0,12734:1747647660870:,1747647674962
counter/4/0/0/0,12735:1747647660870:,1747647674962
counter/4/0/0/0,12736:1747647660871:,1747647674962
counter/4/0/0/0,12737:1747647660876:,1747647674962
counter/7/0/0/0,12538:1747647659658:,1747647674962
counter/2/0/0/0,12363:1747647659031:,1747647674963
counter/2/0/0/0,12364:1747647659031:,1747647674963
counter/2/0/0/0,12365:1747647659031:,1747647674963
counter/2/0/0/0,12366:1747647659031:,1747647674963
counter/2/0/0/0,12367:1747647659031:,1747647674963
counter/10/0/0/0,12014:1747647659580:,1747647674963
counter/1/0/0/0,13689:1747647660724:,1747647674963
counter/1/0/0/0,13690:1747647660728:,1747647674963
counter/1/0/0/0,13691:1747647660728:,1747647674963
counter/1/0/0/0,13692:1747647660728:,1747647674963
counter/1/0/0/0,13693:1747647660729:,1747647674963
counter/1/0/0/0,13694:1747647660729:,1747647674963
counter/1/0/0/0,13695:1747647660729:,1747647674963
counter/1/0/0/0,13696:1747647660733:,1747647674963
counter/7/0/0/0,12539:1747647659658:,1747647674964
counter/9/0/0/0,13124:1747647659368:,1747647674964
counter/1/0/0/0,13697:1747647660735:,1747647674964
counter/9/0/0/0,13125:1747647659368:,1747647674964
counter/9/0/0/0,13126:1747647659368:,1747647674964
counter/9/0/0/0,13127:1747647659368:,1747647674964
counter/1/0/0/0,13698:1747647660735:,1747647674966
counter/1/0/0/0,13699:1747647660736:,1747647674966
counter/1/0/0/0,13700:1747647660736:,1747647674966
counter/9/0/0/0,13128:1747647659368:,1747647674966
counter/1/0/0/0,13701:1747647660736:,1747647674966
counter/4/0/0/0,12738:1747647660876:,1747647674966
counter/1/0/0/0,13702:1747647660737:,1747647674966
counter/1/0/0/0,13703:1747647660737:,1747647674966
counter/1/0/0/0,13704:1747647660737:,1747647674966
counter/9/0/0/0,13129:1747647659368:,1747647674967
counter/4/0/0/0,12739:1747647660876:,1747647674967
counter/4/0/0/0,12740:1747647660876:,1747647674968
counter/4/0/0/0,12741:1747647660876:,1747647674968
counter/7/0/0/0,12540:1747647659658:,1747647674968
counter/4/0/0/0,12742:1747647660876:,1747647674968
counter/2/0/0/0,12368:1747647659031:,1747647674969
counter/5/0/0/0,12540:1747647659192:,1747647674969
counter/5/0/0/0,12541:1747647659192:,1747647674969
counter/5/0/0/0,12542:1747647659192:,1747647674969
counter/5/0/0/0,12543:1747647659192:,1747647674970
counter/5/0/0/0,12544:1747647659192:,1747647674970
counter/5/0/0/0,12545:1747647659192:,1747647674970
counter/5/0/0/0,12546:1747647659206:,1747647674970
counter/9/0/0/0,13130:1747647659368:,1747647674970
counter/5/0/0/0,12547:1747647659217:,1747647674970
counter/9/0/0/0,13131:1747647659368:,1747647674970
counter/9/0/0/0,13132:1747647659368:,1747647674970
counter/9/0/0/0,13133:1747647659368:,1747647674970
counter/9/0/0/0,13134:1747647659368:,1747647674970
counter/9/0/0/0,13135:1747647659368:,1747647674971
counter/9/0/0/0,13136:1747647659368:,1747647674971
counter/9/0/0/0,13137:1747647659368:,1747647674971
counter/9/0/0/0,13138:1747647659368:,1747647674971
counter/9/0/0/0,13139:1747647659368:,1747647674971
counter/2/0/0/0,12369:1747647659032:,1747647674971
counter/2/0/0/0,12370:1747647659032:,1747647674971
counter/5/0/0/0,12548:1747647659217:,1747647674971
counter/7/0/0/0,12541:1747647659664:,1747647674971
counter/10/0/0/0,12015:1747647659580:,1747647674971
counter/10/0/0/0,12016:1747647659580:,1747647674971
counter/10/0/0/0,12017:1747647659580:,1747647674972
counter/10/0/0/0,12018:1747647659580:,1747647674972
counter/9/0/0/0,13140:1747647659368:,1747647674972
counter/9/0/0/0,13141:1747647659375:,1747647674972
counter/9/0/0/0,13142:1747647659375:,1747647674972
counter/9/0/0/0,13143:1747647659375:,1747647674972
counter/9/0/0/0,13144:1747647659375:,1747647674972
counter/9/0/0/0,13145:1747647659378:,1747647674972
counter/9/0/0/0,13146:1747647659378:,1747647674972
counter/9/0/0/0,13147:1747647659378:,1747647674972
counter/9/0/0/0,13148:1747647659378:,1747647674972
counter/9/0/0/0,13149:1747647659378:,1747647674972
counter/9/0/0/0,13150:1747647659378:,1747647674972
counter/9/0/0/0,13151:1747647659378:,1747647674972
counter/9/0/0/0,13152:1747647659378:,1747647674972
counter/9/0/0/0,13153:1747647659378:,1747647674972
counter/7/0/0/0,12542:1747647659664:,1747647674972
counter/2/0/0/0,12371:1747647659032:,1747647674972
counter/10/0/0/0,12019:1747647659580:,1747647674973
counter/2/0/0/0,12372:1747647659035:,1747647674973
counter/2/0/0/0,12373:1747647659035:,1747647674973
counter/2/0/0/0,12374:1747647659035:,1747647674973
counter/2/0/0/0,12375:1747647659035:,1747647674973
counter/2/0/0/0,12376:1747647659035:,1747647674973
counter/2/0/0/0,12377:1747647659035:,1747647674973
counter/8/0/0/0,12784:1747647659251:,1747647674973
counter/1/0/0/0,13705:1747647660737:,1747647674974
counter/8/0/0/0,12785:1747647659251:,1747647674974
counter/8/0/0/0,12786:1747647659251:,1747647674974
counter/8/0/0/0,12787:1747647659251:,1747647674974
counter/8/0/0/0,12788:1747647659252:,1747647674974
counter/8/0/0/0,12789:1747647659252:,1747647674974
counter/8/0/0/0,12790:1747647659252:,1747647674974
counter/8/0/0/0,12791:1747647659252:,1747647674974
counter/8/0/0/0,12792:1747647659252:,1747647674974
counter/8/0/0/0,12793:1747647659252:,1747647674974
counter/8/0/0/0,12794:1747647659252:,1747647674974
counter/8/0/0/0,12795:1747647659252:,1747647674974
counter/8/0/0/0,12796:1747647659252:,1747647674974
counter/8/0/0/0,12797:1747647659252:,1747647674974
counter/8/0/0/0,12798:1747647659254:,1747647674974
counter/6/0/0/0,12224:1747647659756:,1747647674974
counter/8/0/0/0,12799:1747647659254:,1747647674975
counter/3/0/0/0,13393:1747647660975:,1747647674975
counter/8/0/0/0,12800:1747647659255:,1747647674975
counter/8/0/0/0,12801:1747647659255:,1747647674975
counter/1/0/0/0,13706:1747647660739:,1747647674975
counter/4/0/0/0,12743:1747647660876:,1747647674975
counter/5/0/0/0,12549:1747647659217:,1747647674975
counter/5/0/0/0,12550:1747647659217:,1747647674976
counter/5/0/0/0,12551:1747647659217:,1747647674976
counter/10/0/0/0,12020:1747647659580:,1747647674976
counter/2/0/0/0,12378:1747647659035:,1747647674976
counter/2/0/0/0,12379:1747647659035:,1747647674976
counter/5/0/0/0,12552:1747647659217:,1747647674977
counter/3/0/0/0,13394:1747647660975:,1747647674977
counter/3/0/0/0,13395:1747647660975:,1747647674977
counter/3/0/0/0,13396:1747647660975:,1747647674977
counter/3/0/0/0,13397:1747647660975:,1747647674977
counter/3/0/0/0,13398:1747647660975:,1747647674977
counter/3/0/0/0,13399:1747647660975:,1747647674977
counter/3/0/0/0,13400:1747647660975:,1747647674977
counter/3/0/0/0,13401:1747647660975:,1747647674977
counter/3/0/0/0,13402:1747647660975:,1747647674977
counter/3/0/0/0,13403:1747647660975:,1747647674977
counter/3/0/0/0,13404:1747647660975:,1747647674977
counter/3/0/0/0,13405:1747647660975:,1747647674977
counter/3/0/0/0,13406:1747647660976:,1747647674977
counter/3/0/0/0,13407:1747647660976:,1747647674977
counter/3/0/0/0,13408:1747647660980:,1747647674977
counter/3/0/0/0,13409:1747647660980:,1747647674977
counter/2/0/0/0,12380:1747647659035:,1747647674978
counter/4/0/0/0,12744:1747647660876:,1747647674979
counter/7/0/0/0,12543:1747647659664:,1747647674979
counter/8/0/0/0,12802:1747647659255:,1747647674979
counter/8/0/0/0,12803:1747647659256:,1747647674979
counter/8/0/0/0,12804:1747647659256:,1747647674979
counter/8/0/0/0,12805:1747647659256:,1747647674979
counter/8/0/0/0,12806:1747647659256:,1747647674979
counter/8/0/0/0,12807:1747647659256:,1747647674979
counter/1/0/0/0,13707:1747647660739:,1747647674979
counter/1/0/0/0,13708:1747647660755:,1747647674983
counter/7/0/0/0,12544:1747647659664:,1747647674983
counter/5/0/0/0,12553:1747647659217:,1747647674983
counter/6/0/0/0,12225:1747647659756:,1747647674983
counter/6/0/0/0,12226:1747647659756:,1747647674983
counter/6/0/0/0,12227:1747647659756:,1747647674983
counter/6/0/0/0,12228:1747647659756:,1747647674983
counter/2/0/0/0,12381:1747647659036:,1747647674984
counter/4/0/0/0,12745:1747647660876:,1747647674984
counter/2/0/0/0,12382:1747647659036:,1747647674984
counter/9/0/0/0,13154:1747647659378:,1747647674984
counter/2/0/0/0,12383:1747647659036:,1747647674984
counter/1/0/0/0,13709:1747647660755:,1747647674984
counter/1/0/0/0,13710:1747647660755:,1747647674985
counter/1/0/0/0,13711:1747647660755:,1747647674985
counter/1/0/0/0,13712:1747647660755:,1747647674985
counter/1/0/0/0,13713:1747647660755:,1747647674985
counter/1/0/0/0,13714:1747647660756:,1747647674985
counter/1/0/0/0,13715:1747647660756:,1747647674985
counter/1/0/0/0,13716:1747647660756:,1747647674985
counter/1/0/0/0,13717:1747647660756:,1747647674985
counter/1/0/0/0,13718:1747647660756:,1747647674985
counter/2/0/0/0,12384:1747647659036:,1747647674986
counter/10/0/0/0,12021:1747647659580:,1747647674986
counter/4/0/0/0,12746:1747647660878:,1747647674986
counter/8/0/0/0,12808:1747647659256:,1747647674986
counter/8/0/0/0,12809:1747647659256:,1747647674986
counter/8/0/0/0,12810:1747647659257:,1747647674986
counter/8/0/0/0,12811:1747647659257:,1747647674986
counter/8/0/0/0,12812:1747647659258:,1747647674986
counter/8/0/0/0,12813:1747647659258:,1747647674986
counter/8/0/0/0,12814:1747647659258:,1747647674986
counter/6/0/0/0,12229:1747647659756:,1747647674986
counter/8/0/0/0,12815:1747647659258:,1747647674987
counter/6/0/0/0,12230:1747647659756:,1747647674987
counter/1/0/0/0,13719:1747647660756:,1747647674987
counter/6/0/0/0,12231:1747647659756:,1747647674987
counter/6/0/0/0,12232:1747647659756:,1747647674987
counter/6/0/0/0,12233:1747647659756:,1747647674987
counter/6/0/0/0,12234:1747647659756:,1747647674987
counter/6/0/0/0,12235:1747647659756:,1747647674987
counter/5/0/0/0,12554:1747647659217:,1747647674987
counter/6/0/0/0,12236:1747647659756:,1747647674987
counter/5/0/0/0,12555:1747647659218:,1747647674987
counter/6/0/0/0,12237:1747647659756:,1747647674987
counter/5/0/0/0,12556:1747647659218:,1747647674987
counter/9/0/0/0,13155:1747647659380:,1747647674987
counter/6/0/0/0,12238:1747647659756:,1747647674987
counter/9/0/0/0,13156:1747647659380:,1747647674987
counter/6/0/0/0,12239:1747647659756:,1747647674987
counter/9/0/0/0,13157:1747647659380:,1747647674987
counter/9/0/0/0,13158:1747647659380:,1747647674987
counter/9/0/0/0,13159:1747647659380:,1747647674988
counter/9/0/0/0,13160:1747647659380:,1747647674988
counter/4/0/0/0,12747:1747647660878:,1747647674988
counter/7/0/0/0,12545:1747647659664:,1747647674988
counter/3/0/0/0,13410:1747647660980:,1747647674988
counter/3/0/0/0,13411:1747647660980:,1747647674988
counter/3/0/0/0,13412:1747647660980:,1747647674988
counter/3/0/0/0,13413:1747647660980:,1747647674988
counter/3/0/0/0,13414:1747647660980:,1747647674988
counter/3/0/0/0,13415:1747647660980:,1747647674988
counter/3/0/0/0,13416:1747647660980:,1747647674988
counter/3/0/0/0,13417:1747647660980:,1747647674988
counter/3/0/0/0,13418:1747647660982:,1747647674988
counter/3/0/0/0,13419:1747647660982:,1747647674988
counter/3/0/0/0,13420:1747647660982:,1747647674988
counter/9/0/0/0,13161:1747647659380:,1747647674988
counter/6/0/0/0,12240:1747647659756:,1747647674988
counter/3/0/0/0,13421:1747647660982:,1747647674989
counter/6/0/0/0,12241:1747647659756:,1747647674989
counter/6/0/0/0,12242:1747647659756:,1747647674989
counter/6/0/0/0,12243:1747647659756:,1747647674989
counter/9/0/0/0,13162:1747647659380:,1747647674989
counter/6/0/0/0,12244:1747647659756:,1747647674989
counter/9/0/0/0,13163:1747647659380:,1747647674989
counter/6/0/0/0,12245:1747647659756:,1747647674989
counter/9/0/0/0,13164:1747647659380:,1747647674989
counter/6/0/0/0,12246:1747647659756:,1747647674989
counter/9/0/0/0,13165:1747647659380:,1747647674989
counter/6/0/0/0,12247:1747647659756:,1747647674989
counter/9/0/0/0,13166:1747647659386:,1747647674989
counter/9/0/0/0,13167:1747647659386:,1747647674989
counter/9/0/0/0,13168:1747647659390:,1747647674989
counter/9/0/0/0,13169:1747647659390:,1747647674989
counter/9/0/0/0,13170:1747647659390:,1747647674989
counter/9/0/0/0,13171:1747647659390:,1747647674989
counter/9/0/0/0,13172:1747647659390:,1747647674990
counter/9/0/0/0,13173:1747647659390:,1747647674990
counter/10/0/0/0,12022:1747647659583:,1747647674990
counter/9/0/0/0,13174:1747647659390:,1747647674990
counter/10/0/0/0,12023:1747647659583:,1747647674991
counter/7/0/0/0,12546:1747647659664:,1747647674992
counter/4/0/0/0,12748:1747647660878:,1747647674992
counter/4/0/0/0,12749:1747647660878:,1747647674992
counter/5/0/0/0,12557:1747647659218:,1747647674992
counter/4/0/0/0,12750:1747647660878:,1747647674992
counter/2/0/0/0,12385:1747647659040:,1747647674993
counter/2/0/0/0,12386:1747647659040:,1747647674993
counter/2/0/0/0,12387:1747647659040:,1747647674993
counter/2/0/0/0,12388:1747647659040:,1747647674993
counter/2/0/0/0,12389:1747647659040:,1747647674993
counter/2/0/0/0,12390:1747647659040:,1747647674993
counter/2/0/0/0,12391:1747647659040:,1747647674993
counter/4/0/0/0,12751:1747647660878:,1747647674994
counter/9/0/0/0,13175:1747647659390:,1747647674994
counter/9/0/0/0,13176:1747647659392:,1747647674994
counter/9/0/0/0,13177:1747647659393:,1747647674994
counter/9/0/0/0,13178:1747647659393:,1747647674994
counter/9/0/0/0,13179:1747647659393:,1747647674994
counter/9/0/0/0,13180:1747647659393:,1747647674994
counter/10/0/0/0,12024:1747647659583:,1747647674994
counter/10/0/0/0,12025:1747647659583:,1747647674994
counter/10/0/0/0,12026:1747647659583:,1747647674995
counter/10/0/0/0,12027:1747647659583:,1747647674995
counter/10/0/0/0,12028:1747647659583:,1747647674995
counter/9/0/0/0,13181:1747647659393:,1747647674995
counter/9/0/0/0,13182:1747647659393:,1747647674995
counter/9/0/0/0,13183:1747647659393:,1747647674995
counter/9/0/0/0,13184:1747647659393:,1747647674995
counter/9/0/0/0,13185:1747647659393:,1747647674995
counter/9/0/0/0,13186:1747647659393:,1747647674995
counter/9/0/0/0,13187:1747647659393:,1747647674995
counter/9/0/0/0,13188:1747647659393:,1747647674995
counter/9/0/0/0,13189:1747647659393:,1747647674995
counter/9/0/0/0,13190:1747647659393:,1747647674995
counter/9/0/0/0,13191:1747647659403:,1747647674995
counter/9/0/0/0,13192:1747647659403:,1747647674995
counter/9/0/0/0,13193:1747647659404:,1747647674996
counter/9/0/0/0,13194:1747647659404:,1747647674996
counter/2/0/0/0,12392:1747647659040:,1747647674996
counter/9/0/0/0,13195:1747647659404:,1747647674996
counter/9/0/0/0,13196:1747647659404:,1747647674996
counter/9/0/0/0,13197:1747647659404:,1747647674996
counter/9/0/0/0,13198:1747647659404:,1747647674996
counter/9/0/0/0,13199:1747647659404:,1747647674996
counter/9/0/0/0,13200:1747647659404:,1747647674996
counter/1/0/0/0,13720:1747647660763:,1747647674996
counter/8/0/0/0,12816:1747647659258:,1747647674996
counter/1/0/0/0,13721:1747647660763:,1747647674996
counter/6/0/0/0,12248:1747647659758:,1747647674996
counter/6/0/0/0,12249:1747647659763:,1747647674996
counter/6/0/0/0,12250:1747647659763:,1747647674996
counter/6/0/0/0,12251:1747647659763:,1747647674996
counter/8/0/0/0,12817:1747647659258:,1747647674997
counter/9/0/0/0,13201:1747647659404:,1747647674997
counter/2/0/0/0,12393:1747647659040:,1747647674997
counter/2/0/0/0,12394:1747647659040:,1747647674997
counter/2/0/0/0,12395:1747647659040:,1747647674997
counter/6/0/0/0,12252:1747647659763:,1747647674997
counter/7/0/0/0,12547:1747647659664:,1747647674997
counter/3/0/0/0,13422:1747647660982:,1747647674997
counter/3/0/0/0,13423:1747647660982:,1747647674997
counter/3/0/0/0,13424:1747647660982:,1747647674997
counter/3/0/0/0,13425:1747647660993:,1747647674997
counter/5/0/0/0,12558:1747647659218:,1747647674997
counter/3/0/0/0,13426:1747647660993:,1747647674998
counter/7/0/0/0,12548:1747647659664:,1747647674998
counter/7/0/0/0,12549:1747647659664:,1747647674998
counter/7/0/0/0,12550:1747647659664:,1747647674998
counter/7/0/0/0,12551:1747647659666:,1747647674998
counter/7/0/0/0,12552:1747647659666:,1747647674998
counter/4/0/0/0,12752:1747647660878:,1747647674999
counter/2/0/0/0,12396:1747647659040:,1747647674999
counter/9/0/0/0,13202:1747647659404:,1747647674999
counter/10/0/0/0,12029:1747647659583:,1747647675000
counter/6/0/0/0,12253:1747647659763:,1747647675000
counter/6/0/0/0,12254:1747647659764:,1747647675000
counter/6/0/0/0,12255:1747647659764:,1747647675000
counter/6/0/0/0,12256:1747647659764:,1747647675000
counter/5/0/0/0,12559:1747647659220:,1747647675000
counter/10/0/0/0,12030:1747647659583:,1747647675001
counter/10/0/0/0,12031:1747647659583:,1747647675001
counter/10/0/0/0,12032:1747647659583:,1747647675001
counter/1/0/0/0,13722:1747647660763:,1747647675001
counter/7/0/0/0,12553:1747647659666:,1747647675001
counter/7/0/0/0,12554:1747647659666:,1747647675001
counter/7/0/0/0,12555:1747647659666:,1747647675001
counter/5/0/0/0,12560:1747647659220:,1747647675001
counter/3/0/0/0,13427:1747647660993:,1747647675001
counter/3/0/0/0,13428:1747647660994:,1747647675001
counter/8/0/0/0,12818:1747647659258:,1747647675002
counter/1/0/0/0,13723:1747647660763:,1747647675002
counter/7/0/0/0,12556:1747647659666:,1747647675002
counter/7/0/0/0,12557:1747647659666:,1747647675002
counter/4/0/0/0,12753:1747647660880:,1747647675002
counter/4/0/0/0,12754:1747647660882:,1747647675002
counter/4/0/0/0,12755:1747647660882:,1747647675002
counter/4/0/0/0,12756:1747647660882:,1747647675002
counter/4/0/0/0,12757:1747647660882:,1747647675002
counter/4/0/0/0,12758:1747647660882:,1747647675002
counter/4/0/0/0,12759:1747647660882:,1747647675002
counter/2/0/0/0,12397:1747647659040:,1747647675003
counter/2/0/0/0,12398:1747647659040:,1747647675003
counter/2/0/0/0,12399:1747647659040:,1747647675003
counter/2/0/0/0,12400:1747647659040:,1747647675003
counter/2/0/0/0,12401:1747647659040:,1747647675003
counter/2/0/0/0,12402:1747647659044:,1747647675003
counter/2/0/0/0,12403:1747647659044:,1747647675003
counter/9/0/0/0,13203:1747647659404:,1747647675003
counter/9/0/0/0,13204:1747647659404:,1747647675003
counter/3/0/0/0,13429:1747647660994:,1747647675003
counter/5/0/0/0,12561:1747647659220:,1747647675003
counter/3/0/0/0,13430:1747647660994:,1747647675003
counter/8/0/0/0,12819:1747647659258:,1747647675003
counter/1/0/0/0,13724:1747647660763:,1747647675003
counter/8/0/0/0,12820:1747647659258:,1747647675004
counter/8/0/0/0,12821:1747647659258:,1747647675004
counter/8/0/0/0,12822:1747647659258:,1747647675004
counter/8/0/0/0,12823:1747647659258:,1747647675004
counter/8/0/0/0,12824:1747647659258:,1747647675004
counter/8/0/0/0,12825:1747647659258:,1747647675004
counter/8/0/0/0,12826:1747647659259:,1747647675004
counter/9/0/0/0,13205:1747647659404:,1747647675004
counter/5/0/0/0,12562:1747647659220:,1747647675004
counter/2/0/0/0,12404:1747647659048:,1747647675004
counter/6/0/0/0,12257:1747647659764:,1747647675004
counter/8/0/0/0,12827:1747647659259:,1747647675005
counter/8/0/0/0,12828:1747647659259:,1747647675005
counter/8/0/0/0,12829:1747647659259:,1747647675005
counter/8/0/0/0,12830:1747647659259:,1747647675005
counter/8/0/0/0,12831:1747647659259:,1747647675005
counter/9/0/0/0,13206:1747647659407:,1747647675005
counter/7/0/0/0,12558:1747647659666:,1747647675005
counter/3/0/0/0,13431:1747647660994:,1747647675005
counter/4/0/0/0,12760:1747647660882:,1747647675005
counter/3/0/0/0,13432:1747647660994:,1747647675005
counter/3/0/0/0,13433:1747647660994:,1747647675006
counter/2/0/0/0,12405:1747647659048:,1747647675006
counter/1/0/0/0,13725:1747647660763:,1747647675006
counter/8/0/0/0,12832:1747647659259:,1747647675006
counter/5/0/0/0,12563:1747647659220:,1747647675006
counter/10/0/0/0,12033:1747647659583:,1747647675006
counter/5/0/0/0,12564:1747647659220:,1747647675006
counter/10/0/0/0,12034:1747647659583:,1747647675006
counter/10/0/0/0,12035:1747647659583:,1747647675006
counter/10/0/0/0,12036:1747647659584:,1747647675006
counter/10/0/0/0,12037:1747647659584:,1747647675007
counter/10/0/0/0,12038:1747647659584:,1747647675007
counter/10/0/0/0,12039:1747647659584:,1747647675007
counter/10/0/0/0,12040:1747647659584:,1747647675007
counter/10/0/0/0,12041:1747647659584:,1747647675007
counter/7/0/0/0,12559:1747647659666:,1747647675007
counter/3/0/0/0,13434:1747647661002:,1747647675007
counter/1/0/0/0,13726:1747647660763:,1747647675007
counter/3/0/0/0,13435:1747647661003:,1747647675007
counter/9/0/0/0,13207:1747647659407:,1747647675007
counter/3/0/0/0,13436:1747647661003:,1747647675008
counter/8/0/0/0,12833:1747647659259:,1747647675008
counter/4/0/0/0,12761:1747647660882:,1747647675008
counter/8/0/0/0,12834:1747647659259:,1747647675008
counter/4/0/0/0,12762:1747647660882:,1747647675008
counter/4/0/0/0,12763:1747647660882:,1747647675008
counter/4/0/0/0,12764:1747647660882:,1747647675008
counter/10/0/0/0,12042:1747647659584:,1747647675009
counter/10/0/0/0,12043:1747647659584:,1747647675009
counter/10/0/0/0,12044:1747647659584:,1747647675009
counter/2/0/0/0,12406:1747647659049:,1747647675010
counter/2/0/0/0,12407:1747647659049:,1747647675010
counter/7/0/0/0,12560:1747647659666:,1747647675010
counter/9/0/0/0,13208:1747647659407:,1747647675014
counter/9/0/0/0,13209:1747647659407:,1747647675014
counter/9/0/0/0,13210:1747647659407:,1747647675014
counter/9/0/0/0,13211:1747647659407:,1747647675014
counter/9/0/0/0,13212:1747647659407:,1747647675014
counter/9/0/0/0,13213:1747647659407:,1747647675014
counter/9/0/0/0,13214:1747647659407:,1747647675014
counter/6/0/0/0,12258:1747647659764:,1747647675014
counter/2/0/0/0,12408:1747647659049:,1747647675014
counter/7/0/0/0,12561:1747647659666:,1747647675014
counter/5/0/0/0,12565:1747647659220:,1747647675014
counter/3/0/0/0,13437:1747647661003:,1747647675014
counter/3/0/0/0,13438:1747647661003:,1747647675014
counter/4/0/0/0,12765:1747647660882:,1747647675014
counter/4/0/0/0,12766:1747647660882:,1747647675015
counter/4/0/0/0,12767:1747647660882:,1747647675015
counter/4/0/0/0,12768:1747647660883:,1747647675015
counter/4/0/0/0,12769:1747647660883:,1747647675015
counter/10/0/0/0,12045:1747647659584:,1747647675015
counter/10/0/0/0,12046:1747647659584:,1747647675015
counter/10/0/0/0,12047:1747647659585:,1747647675015
counter/10/0/0/0,12048:1747647659585:,1747647675015
counter/8/0/0/0,12835:1747647659259:,1747647675015
counter/2/0/0/0,12409:1747647659049:,1747647675015
counter/2/0/0/0,12410:1747647659049:,1747647675015
counter/2/0/0/0,12411:1747647659049:,1747647675015
counter/7/0/0/0,12562:1747647659666:,1747647675015
counter/7/0/0/0,12563:1747647659666:,1747647675015
counter/7/0/0/0,12564:1747647659666:,1747647675015
counter/5/0/0/0,12566:1747647659221:,1747647675015
counter/5/0/0/0,12567:1747647659221:,1747647675015
counter/3/0/0/0,13439:1747647661003:,1747647675016
counter/3/0/0/0,13440:1747647661003:,1747647675016
counter/4/0/0/0,12770:1747647660883:,1747647675016
counter/9/0/0/0,13215:1747647659407:,1747647675016
counter/8/0/0/0,12836:1747647659259:,1747647675016
counter/7/0/0/0,12565:1747647659666:,1747647675016
counter/7/0/0/0,12566:1747647659671:,1747647675017
counter/7/0/0/0,12567:1747647659671:,1747647675017
counter/7/0/0/0,12568:1747647659671:,1747647675017
counter/7/0/0/0,12569:1747647659671:,1747647675017
counter/7/0/0/0,12570:1747647659671:,1747647675017
counter/1/0/0/0,13727:1747647660763:,1747647675017
counter/2/0/0/0,12412:1747647659049:,1747647675017
counter/5/0/0/0,12568:1747647659224:,1747647675017
counter/5/0/0/0,12569:1747647659224:,1747647675017
counter/7/0/0/0,12571:1747647659672:,1747647675017
counter/7/0/0/0,12572:1747647659672:,1747647675018
counter/7/0/0/0,12573:1747647659672:,1747647675018
counter/7/0/0/0,12574:1747647659672:,1747647675018
counter/7/0/0/0,12575:1747647659672:,1747647675018
counter/3/0/0/0,13441:1747647661003:,1747647675018
counter/9/0/0/0,13216:1747647659407:,1747647675018
counter/4/0/0/0,12771:1747647660883:,1747647675019
counter/6/0/0/0,12259:1747647659764:,1747647675020
counter/3/0/0/0,13442:1747647661020:,1747647675021
counter/4/0/0/0,12772:1747647660897:,1747647675021
counter/4/0/0/0,12773:1747647660897:,1747647675021
counter/4/0/0/0,12774:1747647660897:,1747647675021
counter/4/0/0/0,12775:1747647660897:,1747647675021
counter/4/0/0/0,12776:1747647660897:,1747647675021
counter/4/0/0/0,12777:1747647660897:,1747647675021
counter/4/0/0/0,12778:1747647660897:,1747647675021
counter/4/0/0/0,12779:1747647660897:,1747647675021
counter/4/0/0/0,12780:1747647660897:,1747647675021
counter/4/0/0/0,12781:1747647660897:,1747647675021
counter/6/0/0/0,12260:1747647659764:,1747647675022
counter/2/0/0/0,12413:1747647659049:,1747647675022
counter/1/0/0/0,13728:1747647660763:,1747647675022
counter/7/0/0/0,12576:1747647659672:,1747647675022
counter/1/0/0/0,13729:1747647660763:,1747647675022
counter/1/0/0/0,13730:1747647660763:,1747647675022
counter/1/0/0/0,13731:1747647660763:,1747647675022
counter/1/0/0/0,13732:1747647660763:,1747647675022
counter/1/0/0/0,13733:1747647660763:,1747647675022
counter/1/0/0/0,13734:1747647660763:,1747647675022
counter/2/0/0/0,12414:1747647659049:,1747647675022
counter/8/0/0/0,12837:1747647659259:,1747647675022
counter/8/0/0/0,12838:1747647659259:,1747647675022
counter/8/0/0/0,12839:1747647659259:,1747647675022
counter/8/0/0/0,12840:1747647659259:,1747647675023
counter/8/0/0/0,12841:1747647659259:,1747647675023
counter/8/0/0/0,12842:1747647659259:,1747647675023
counter/3/0/0/0,13443:1747647661021:,1747647675023
counter/4/0/0/0,12782:1747647660897:,1747647675024
counter/6/0/0/0,12261:1747647659764:,1747647675024
counter/8/0/0/0,12843:1747647659259:,1747647675025
counter/1/0/0/0,13735:1747647660765:,1747647675026
counter/8/0/0/0,12844:1747647659259:,1747647675028
counter/6/0/0/0,12262:1747647659764:,1747647675028
counter/6/0/0/0,12263:1747647659764:,1747647675028
counter/3/0/0/0,13444:1747647661021:,1747647675028
counter/5/0/0/0,12570:1747647659224:,1747647675028
counter/5/0/0/0,12571:1747647659224:,1747647675028
counter/5/0/0/0,12572:1747647659224:,1747647675028
counter/5/0/0/0,12573:1747647659224:,1747647675028
counter/5/0/0/0,12574:1747647659224:,1747647675029
counter/7/0/0/0,12577:1747647659672:,1747647675029
counter/9/0/0/0,13217:1747647659409:,1747647675029
counter/2/0/0/0,12415:1747647659049:,1747647675029
counter/2/0/0/0,12416:1747647659049:,1747647675029
counter/2/0/0/0,12417:1747647659049:,1747647675029
counter/2/0/0/0,12418:1747647659049:,1747647675029
counter/2/0/0/0,12419:1747647659049:,1747647675029
counter/5/0/0/0,12575:1747647659224:,1747647675029
counter/9/0/0/0,13218:1747647659409:,1747647675030
counter/10/0/0/0,12049:1747647659585:,1747647675031
counter/10/0/0/0,12050:1747647659585:,1747647675031
counter/10/0/0/0,12051:1747647659585:,1747647675031
counter/10/0/0/0,12052:1747647659592:,1747647675031
counter/10/0/0/0,12053:1747647659592:,1747647675031
counter/10/0/0/0,12054:1747647659592:,1747647675031
counter/10/0/0/0,12055:1747647659592:,1747647675031
counter/10/0/0/0,12056:1747647659592:,1747647675031
counter/9/0/0/0,13219:1747647659409:,1747647675033
counter/9/0/0/0,13220:1747647659409:,1747647675033
counter/10/0/0/0,12057:1747647659592:,1747647675033
counter/10/0/0/0,12058:1747647659592:,1747647675033
counter/10/0/0/0,12059:1747647659592:,1747647675033
counter/2/0/0/0,12420:1747647659049:,1747647675033
counter/7/0/0/0,12578:1747647659687:,1747647675033
counter/7/0/0/0,12579:1747647659687:,1747647675033
counter/7/0/0/0,12580:1747647659687:,1747647675033
counter/7/0/0/0,12581:1747647659687:,1747647675033
counter/7/0/0/0,12582:1747647659687:,1747647675033
counter/2/0/0/0,12421:1747647659050:,1747647675035
counter/2/0/0/0,12422:1747647659052:,1747647675035
counter/2/0/0/0,12423:1747647659052:,1747647675035
counter/2/0/0/0,12424:1747647659052:,1747647675035
counter/1/0/0/0,13736:1747647660765:,1747647675035
counter/2/0/0/0,12425:1747647659052:,1747647675035
counter/6/0/0/0,12264:1747647659764:,1747647675035
counter/1/0/0/0,13737:1747647660765:,1747647675036
counter/1/0/0/0,13738:1747647660771:,1747647675036
counter/1/0/0/0,13739:1747647660771:,1747647675036
counter/1/0/0/0,13740:1747647660771:,1747647675037
counter/1/0/0/0,13741:1747647660771:,1747647675037
counter/7/0/0/0,12583:1747647659687:,1747647675039
counter/7/0/0/0,12584:1747647659687:,1747647675039
counter/7/0/0/0,12585:1747647659696:,1747647675039
counter/2/0/0/0,12426:1747647659056:,1747647675039
counter/7/0/0/0,12586:1747647659696:,1747647675039
counter/7/0/0/0,12587:1747647659696:,1747647675039
counter/2/0/0/0,12427:1747647659057:,1747647675039
counter/6/0/0/0,12265:1747647659767:,1747647675039
counter/5/0/0/0,12576:1747647659224:,1747647675039
counter/5/0/0/0,12577:1747647659224:,1747647675039
counter/5/0/0/0,12578:1747647659224:,1747647675039
counter/3/0/0/0,13445:1747647661021:,1747647675039
counter/2/0/0/0,12428:1747647659057:,1747647675040
counter/2/0/0/0,12429:1747647659057:,1747647675040
counter/2/0/0/0,12430:1747647659057:,1747647675040
counter/2/0/0/0,12431:1747647659057:,1747647675040
counter/2/0/0/0,12432:1747647659057:,1747647675040
counter/2/0/0/0,12433:1747647659057:,1747647675040
counter/2/0/0/0,12434:1747647659057:,1747647675040
counter/2/0/0/0,12435:1747647659057:,1747647675040
counter/2/0/0/0,12436:1747647659057:,1747647675040
counter/9/0/0/0,13221:1747647659409:,1747647675041
counter/2/0/0/0,12437:1747647659057:,1747647675041
counter/8/0/0/0,12845:1747647659259:,1747647675041
counter/8/0/0/0,12846:1747647659259:,1747647675041
counter/2/0/0/0,12438:1747647659057:,1747647675041
counter/2/0/0/0,12439:1747647659057:,1747647675041
counter/2/0/0/0,12440:1747647659057:,1747647675041
counter/2/0/0/0,12441:1747647659058:,1747647675041
counter/2/0/0/0,12442:1747647659058:,1747647675041
counter/2/0/0/0,12443:1747647659058:,1747647675041
counter/2/0/0/0,12444:1747647659058:,1747647675041
counter/2/0/0/0,12445:1747647659058:,1747647675042
counter/2/0/0/0,12446:1747647659062:,1747647675042
counter/2/0/0/0,12447:1747647659062:,1747647675042
counter/2/0/0/0,12448:1747647659062:,1747647675042
counter/5/0/0/0,12579:1747647659224:,1747647675042
counter/6/0/0/0,12266:1747647659767:,1747647675044
counter/10/0/0/0,12060:1747647659594:,1747647675045
counter/10/0/0/0,12061:1747647659594:,1747647675045
counter/10/0/0/0,12062:1747647659594:,1747647675045
counter/10/0/0/0,12063:1747647659594:,1747647675045
counter/10/0/0/0,12064:1747647659594:,1747647675045
counter/10/0/0/0,12065:1747647659596:,1747647675045
counter/10/0/0/0,12066:1747647659601:,1747647675045
counter/10/0/0/0,12067:1747647659601:,1747647675045
counter/5/0/0/0,12580:1747647659226:,1747647675045
counter/2/0/0/0,12449:1747647659062:,1747647675045
counter/2/0/0/0,12450:1747647659062:,1747647675045
counter/2/0/0/0,12451:1747647659064:,1747647675045
counter/2/0/0/0,12452:1747647659064:,1747647675045
counter/2/0/0/0,12453:1747647659064:,1747647675045
counter/2/0/0/0,12454:1747647659064:,1747647675045
counter/2/0/0/0,12455:1747647659064:,1747647675046
counter/2/0/0/0,12456:1747647659064:,1747647675046
counter/2/0/0/0,12457:1747647659064:,1747647675046
counter/3/0/0/0,13446:1747647661021:,1747647675046
counter/3/0/0/0,13447:1747647661021:,1747647675047
counter/3/0/0/0,13448:1747647661021:,1747647675047
counter/3/0/0/0,13449:1747647661021:,1747647675047
counter/3/0/0/0,13450:1747647661021:,1747647675047
counter/3/0/0/0,13451:1747647661021:,1747647675047
counter/3/0/0/0,13452:1747647661030:,1747647675047
counter/3/0/0/0,13453:1747647661030:,1747647675047
counter/3/0/0/0,13454:1747647661030:,1747647675047
counter/3/0/0/0,13455:1747647661048:,1747647675047
counter/3/0/0/0,13456:1747647661048:,1747647675047
counter/3/0/0/0,13457:1747647661048:,1747647675047
counter/5/0/0/0,12581:1747647659226:,1747647675047
counter/5/0/0/0,12582:1747647659226:,1747647675047
counter/5/0/0/0,12583:1747647659226:,1747647675047
counter/5/0/0/0,12584:1747647659226:,1747647675047
counter/10/0/0/0,12068:1747647659601:,1747647675047
counter/3/0/0/0,13458:1747647661048:,1747647675047
counter/8/0/0/0,12847:1747647659259:,1747647675047
counter/4/0/0/0,12783:1747647660897:,1747647675047
counter/4/0/0/0,12784:1747647660897:,1747647675047
counter/4/0/0/0,12785:1747647660897:,1747647675048
counter/1/0/0/0,13742:1747647660771:,1747647675048
counter/10/0/0/0,12069:1747647659601:,1747647675049
counter/10/0/0/0,12070:1747647659601:,1747647675049
counter/10/0/0/0,12071:1747647659601:,1747647675049
counter/10/0/0/0,12072:1747647659601:,1747647675049
counter/10/0/0/0,12073:1747647659601:,1747647675049
counter/10/0/0/0,12074:1747647659601:,1747647675049
counter/10/0/0/0,12075:1747647659601:,1747647675049
counter/6/0/0/0,12267:1747647659767:,1747647675049
counter/9/0/0/0,13222:1747647659411:,1747647675050
counter/9/0/0/0,13223:1747647659411:,1747647675050
counter/9/0/0/0,13224:1747647659412:,1747647675050
counter/9/0/0/0,13225:1747647659412:,1747647675050
counter/9/0/0/0,13226:1747647659412:,1747647675050
counter/6/0/0/0,12268:1747647659767:,1747647675050
counter/4/0/0/0,12786:1747647660898:,1747647675051
counter/4/0/0/0,12787:1747647660898:,1747647675051
counter/4/0/0/0,12788:1747647660898:,1747647675051
counter/4/0/0/0,12789:1747647660901:,1747647675051
counter/4/0/0/0,12790:1747647660901:,1747647675051
counter/6/0/0/0,12269:1747647659767:,1747647675051
counter/5/0/0/0,12585:1747647659228:,1747647675051
counter/7/0/0/0,12588:1747647659696:,1747647675051
counter/7/0/0/0,12589:1747647659697:,1747647675051
counter/7/0/0/0,12590:1747647659697:,1747647675051
counter/7/0/0/0,12591:1747647659697:,1747647675051
counter/7/0/0/0,12592:1747647659697:,1747647675051
counter/2/0/0/0,12458:1747647659064:,1747647675051
counter/2/0/0/0,12459:1747647659064:,1747647675051
counter/2/0/0/0,12460:1747647659064:,1747647675051
counter/2/0/0/0,12461:1747647659067:,1747647675051
counter/2/0/0/0,12462:1747647659078:,1747647675051
counter/2/0/0/0,12463:1747647659079:,1747647675052
counter/2/0/0/0,12464:1747647659079:,1747647675052
counter/2/0/0/0,12465:1747647659079:,1747647675052
counter/10/0/0/0,12076:1747647659601:,1747647675052
counter/1/0/0/0,13743:1747647660771:,1747647675052
counter/4/0/0/0,12791:1747647660901:,1747647675052
counter/4/0/0/0,12792:1747647660901:,1747647675052
counter/8/0/0/0,12848:1747647659260:,1747647675052
counter/8/0/0/0,12849:1747647659260:,1747647675052
counter/8/0/0/0,12850:1747647659260:,1747647675052
counter/8/0/0/0,12851:1747647659260:,1747647675053
counter/8/0/0/0,12852:1747647659265:,1747647675053
counter/8/0/0/0,12853:1747647659265:,1747647675053
counter/8/0/0/0,12854:1747647659267:,1747647675053
counter/8/0/0/0,12855:1747647659267:,1747647675053
counter/8/0/0/0,12856:1747647659267:,1747647675053
counter/8/0/0/0,12857:1747647659268:,1747647675053
counter/8/0/0/0,12858:1747647659268:,1747647675053
counter/8/0/0/0,12859:1747647659268:,1747647675053
counter/8/0/0/0,12860:1747647659268:,1747647675053
counter/8/0/0/0,12861:1747647659279:,1747647675053
counter/8/0/0/0,12862:1747647659279:,1747647675053
counter/8/0/0/0,12863:1747647659279:,1747647675053
counter/8/0/0/0,12864:1747647659279:,1747647675053
counter/8/0/0/0,12865:1747647659279:,1747647675053
counter/8/0/0/0,12866:1747647659279:,1747647675053
counter/8/0/0/0,12867:1747647659279:,1747647675053
counter/8/0/0/0,12868:1747647659279:,1747647675053
counter/8/0/0/0,12869:1747647659279:,1747647675053
counter/8/0/0/0,12870:1747647659289:,1747647675053
counter/8/0/0/0,12871:1747647659292:,1747647675053
counter/4/0/0/0,12793:1747647660901:,1747647675053
counter/4/0/0/0,12794:1747647660901:,1747647675053
counter/10/0/0/0,12077:1747647659601:,1747647675054
counter/1/0/0/0,13744:1747647660771:,1747647675054
counter/10/0/0/0,12078:1747647659601:,1747647675054
counter/6/0/0/0,12270:1747647659767:,1747647675054
counter/1/0/0/0,13745:1747647660771:,1747647675054
counter/1/0/0/0,13746:1747647660771:,1747647675054
counter/1/0/0/0,13747:1747647660771:,1747647675054
counter/1/0/0/0,13748:1747647660771:,1747647675054
counter/1/0/0/0,13749:1747647660781:,1747647675054
counter/1/0/0/0,13750:1747647660781:,1747647675054
counter/6/0/0/0,12271:1747647659767:,1747647675054
counter/1/0/0/0,13751:1747647660781:,1747647675054
counter/10/0/0/0,12079:1747647659602:,1747647675055
counter/9/0/0/0,13227:1747647659412:,1747647675055
counter/2/0/0/0,12466:1747647659079:,1747647675055
counter/2/0/0/0,12467:1747647659080:,1747647675056
counter/2/0/0/0,12468:1747647659080:,1747647675056
counter/2/0/0/0,12469:1747647659080:,1747647675056
counter/2/0/0/0,12470:1747647659080:,1747647675056
counter/2/0/0/0,12471:1747647659080:,1747647675056
counter/6/0/0/0,12272:1747647659775:,1747647675056
counter/2/0/0/0,12472:1747647659080:,1747647675056
counter/2/0/0/0,12473:1747647659080:,1747647675056
counter/2/0/0/0,12474:1747647659080:,1747647675057
counter/2/0/0/0,12475:1747647659081:,1747647675057
counter/2/0/0/0,12476:1747647659081:,1747647675057
counter/2/0/0/0,12477:1747647659103:,1747647675057
counter/2/0/0/0,12478:1747647659103:,1747647675057
counter/2/0/0/0,12479:1747647659104:,1747647675057
counter/2/0/0/0,12480:1747647659104:,1747647675057
counter/2/0/0/0,12481:1747647659105:,1747647675057
counter/2/0/0/0,12482:1747647659105:,1747647675057
counter/2/0/0/0,12483:1747647659105:,1747647675057
counter/2/0/0/0,12484:1747647659105:,1747647675057
counter/2/0/0/0,12485:1747647659105:,1747647675057
counter/2/0/0/0,12486:1747647659107:,1747647675057
counter/2/0/0/0,12487:1747647659107:,1747647675058
counter/2/0/0/0,12488:1747647659107:,1747647675058
counter/2/0/0/0,12489:1747647659107:,1747647675058
counter/2/0/0/0,12490:1747647659107:,1747647675058
counter/2/0/0/0,12491:1747647659107:,1747647675058
counter/2/0/0/0,12492:1747647659107:,1747647675058
counter/2/0/0/0,12493:1747647659107:,1747647675058
counter/2/0/0/0,12494:1747647659107:,1747647675058
counter/8/0/0/0,12872:1747647659292:,1747647675058
counter/9/0/0/0,13228:1747647659412:,1747647675058
counter/7/0/0/0,12593:1747647659697:,1747647675058
counter/7/0/0/0,12594:1747647659697:,1747647675058
counter/10/0/0/0,12080:1747647659602:,1747647675058
counter/10/0/0/0,12081:1747647659602:,1747647675058
counter/10/0/0/0,12082:1747647659602:,1747647675058
counter/10/0/0/0,12083:1747647659602:,1747647675059
counter/9/0/0/0,13229:1747647659412:,1747647675059
counter/7/0/0/0,12595:1747647659697:,1747647675059
counter/4/0/0/0,12795:1747647660901:,1747647675059
counter/4/0/0/0,12796:1747647660901:,1747647675059
counter/4/0/0/0,12797:1747647660901:,1747647675059
counter/4/0/0/0,12798:1747647660901:,1747647675059
counter/8/0/0/0,12873:1747647659292:,1747647675059
counter/7/0/0/0,12596:1747647659697:,1747647675059
counter/8/0/0/0,12874:1747647659292:,1747647675059
counter/8/0/0/0,12875:1747647659292:,1747647675059
counter/8/0/0/0,12876:1747647659292:,1747647675059
counter/8/0/0/0,12877:1747647659292:,1747647675059
counter/8/0/0/0,12878:1747647659292:,1747647675060
counter/8/0/0/0,12879:1747647659292:,1747647675060
counter/9/0/0/0,13230:1747647659412:,1747647675060
counter/8/0/0/0,12880:1747647659292:,1747647675060
counter/6/0/0/0,12273:1747647659775:,1747647675060
counter/6/0/0/0,12274:1747647659775:,1747647675060
counter/6/0/0/0,12275:1747647659775:,1747647675060
counter/7/0/0/0,12597:1747647659697:,1747647675061
counter/9/0/0/0,13231:1747647659431:,1747647675063
counter/9/0/0/0,13232:1747647659431:,1747647675063
counter/9/0/0/0,13233:1747647659431:,1747647675063
counter/9/0/0/0,13234:1747647659432:,1747647675063
counter/10/0/0/0,12084:1747647659602:,1747647675063
counter/9/0/0/0,13235:1747647659432:,1747647675063
counter/10/0/0/0,12085:1747647659602:,1747647675063
counter/9/0/0/0,13236:1747647659432:,1747647675063
counter/9/0/0/0,13237:1747647659432:,1747647675063
counter/10/0/0/0,12086:1747647659602:,1747647675063
counter/10/0/0/0,12087:1747647659604:,1747647675063
counter/10/0/0/0,12088:1747647659604:,1747647675063
counter/5/0/0/0,12586:1747647659228:,1747647675064
counter/5/0/0/0,12587:1747647659228:,1747647675064
counter/5/0/0/0,12588:1747647659228:,1747647675064
counter/5/0/0/0,12589:1747647659228:,1747647675064
counter/3/0/0/0,13459:1747647661048:,1747647675064
counter/5/0/0/0,12590:1747647659228:,1747647675064
counter/5/0/0/0,12591:1747647659228:,1747647675064
counter/5/0/0/0,12592:1747647659228:,1747647675064
counter/5/0/0/0,12593:1747647659228:,1747647675064
counter/5/0/0/0,12594:1747647659228:,1747647675064
counter/7/0/0/0,12598:1747647659697:,1747647675064
counter/1/0/0/0,13752:1747647660781:,1747647675065
counter/7/0/0/0,12599:1747647659703:,1747647675066
counter/7/0/0/0,12600:1747647659703:,1747647675066
counter/5/0/0/0,12595:1747647659228:,1747647675066
counter/7/0/0/0,12601:1747647659703:,1747647675066
counter/7/0/0/0,12602:1747647659703:,1747647675066
counter/3/0/0/0,13460:1747647661048:,1747647675066
counter/7/0/0/0,12603:1747647659703:,1747647675066
counter/7/0/0/0,12604:1747647659717:,1747647675066
counter/3/0/0/0,13461:1747647661048:,1747647675066
counter/8/0/0/0,12881:1747647659292:,1747647675066
counter/8/0/0/0,12882:1747647659292:,1747647675066
counter/6/0/0/0,12276:1747647659775:,1747647675066
counter/6/0/0/0,12277:1747647659775:,1747647675066
counter/10/0/0/0,12089:1747647659604:,1747647675066
counter/8/0/0/0,12883:1747647659292:,1747647675067
counter/6/0/0/0,12278:1747647659775:,1747647675068
counter/6/0/0/0,12279:1747647659775:,1747647675068
counter/7/0/0/0,12605:1747647659723:,1747647675068
counter/1/0/0/0,13753:1747647660781:,1747647675068
counter/7/0/0/0,12606:1747647659723:,1747647675070
counter/7/0/0/0,12607:1747647659723:,1747647675070
counter/7/0/0/0,12608:1747647659723:,1747647675070
counter/7/0/0/0,12609:1747647659723:,1747647675070
counter/7/0/0/0,12610:1747647659723:,1747647675070
counter/1/0/0/0,13754:1747647660781:,1747647675074
counter/8/0/0/0,12884:1747647659292:,1747647675074
counter/8/0/0/0,12885:1747647659292:,1747647675074
counter/8/0/0/0,12886:1747647659299:,1747647675076
counter/8/0/0/0,12887:1747647659302:,1747647675076
counter/8/0/0/0,12888:1747647659303:,1747647675076
counter/8/0/0/0,12889:1747647659303:,1747647675076
counter/8/0/0/0,12890:1747647659303:,1747647675076
counter/8/0/0/0,12891:1747647659330:,1747647675076
counter/8/0/0/0,12892:1747647659330:,1747647675076
counter/8/0/0/0,12893:1747647659330:,1747647675076
counter/8/0/0/0,12894:1747647659330:,1747647675076
counter/2/0/0/0,12495:1747647659107:,1747647675076
counter/3/0/0/0,13462:1747647661048:,1747647675077
counter/3/0/0/0,13463:1747647661048:,1747647675077
counter/3/0/0/0,13464:1747647661048:,1747647675077
counter/3/0/0/0,13465:1747647661048:,1747647675077
counter/3/0/0/0,13466:1747647661064:,1747647675077
counter/6/0/0/0,12280:1747647659775:,1747647675078
counter/3/0/0/0,13467:1747647661064:,1747647675078
counter/3/0/0/0,13468:1747647661064:,1747647675078
counter/7/0/0/0,12611:1747647659723:,1747647675078
counter/10/0/0/0,12090:1747647659616:,1747647675078
counter/10/0/0/0,12091:1747647659616:,1747647675078
counter/10/0/0/0,12092:1747647659616:,1747647675078
counter/10/0/0/0,12093:1747647659616:,1747647675078
counter/10/0/0/0,12094:1747647659617:,1747647675078
counter/8/0/0/0,12895:1747647659341:,1747647675079
counter/10/0/0/0,12095:1747647659617:,1747647675079
counter/3/0/0/0,13469:1747647661064:,1747647675079
counter/10/0/0/0,12096:1747647659617:,1747647675079
counter/10/0/0/0,12097:1747647659617:,1747647675080
counter/10/0/0/0,12098:1747647659617:,1747647675080
counter/6/0/0/0,12281:1747647659781:,1747647675080
counter/6/0/0/0,12282:1747647659781:,1747647675080
counter/8/0/0/0,12896:1747647659341:,1747647675080
counter/6/0/0/0,12283:1747647659781:,1747647675081
counter/6/0/0/0,12284:1747647659781:,1747647675081
counter/6/0/0/0,12285:1747647659781:,1747647675081
counter/4/0/0/0,12799:1747647660901:,1747647675081
counter/4/0/0/0,12800:1747647660901:,1747647675081
counter/4/0/0/0,12801:1747647660901:,1747647675081
counter/4/0/0/0,12802:1747647660901:,1747647675081
counter/4/0/0/0,12803:1747647660903:,1747647675081
counter/10/0/0/0,12099:1747647659617:,1747647675081
counter/7/0/0/0,12612:1747647659723:,1747647675081
counter/6/0/0/0,12286:1747647659784:,1747647675081
counter/9/0/0/0,13238:1747647659432:,1747647675081
counter/9/0/0/0,13239:1747647659432:,1747647675082
counter/9/0/0/0,13240:1747647659432:,1747647675082
counter/9/0/0/0,13241:1747647659432:,1747647675082
counter/9/0/0/0,13242:1747647659432:,1747647675082
counter/9/0/0/0,13243:1747647659432:,1747647675082
counter/8/0/0/0,12897:1747647659341:,1747647675083
counter/4/0/0/0,12804:1747647660921:,1747647675083
counter/3/0/0/0,13470:1747647661064:,1747647675084
counter/3/0/0/0,13471:1747647661064:,1747647675084
counter/6/0/0/0,12287:1747647659784:,1747647675084
counter/3/0/0/0,13472:1747647661064:,1747647675084
counter/6/0/0/0,12288:1747647659784:,1747647675084
counter/3/0/0/0,13473:1747647661064:,1747647675084
counter/6/0/0/0,12289:1747647659784:,1747647675084
counter/6/0/0/0,12290:1747647659784:,1747647675084
counter/10/0/0/0,12100:1747647659617:,1747647675084
counter/6/0/0/0,12291:1747647659785:,1747647675084
counter/6/0/0/0,12292:1747647659785:,1747647675084
counter/6/0/0/0,12293:1747647659785:,1747647675084
counter/4/0/0/0,12805:1747647660921:,1747647675084
counter/6/0/0/0,12294:1747647659785:,1747647675085
counter/9/0/0/0,13244:1747647659432:,1747647675085
counter/4/0/0/0,12806:1747647660921:,1747647675085
counter/5/0/0/0,12596:1747647659228:,1747647675085
counter/5/0/0/0,12597:1747647659228:,1747647675085
counter/5/0/0/0,12598:1747647659228:,1747647675085
counter/6/0/0/0,12295:1747647659785:,1747647675085
counter/5/0/0/0,12599:1747647659240:,1747647675085
counter/6/0/0/0,12296:1747647659785:,1747647675085
counter/5/0/0/0,12600:1747647659260:,1747647675085
counter/6/0/0/0,12297:1747647659785:,1747647675085
counter/5/0/0/0,12601:1747647659260:,1747647675085
counter/6/0/0/0,12298:1747647659786:,1747647675085
counter/1/0/0/0,13755:1747647660783:,1747647675085
counter/5/0/0/0,12602:1747647659260:,1747647675085
counter/6/0/0/0,12299:1747647659786:,1747647675085
counter/9/0/0/0,13245:1747647659432:,1747647675085
counter/5/0/0/0,12603:1747647659260:,1747647675086
counter/6/0/0/0,12300:1747647659786:,1747647675086
counter/6/0/0/0,12301:1747647659786:,1747647675086
counter/6/0/0/0,12302:1747647659786:,1747647675086
counter/6/0/0/0,12303:1747647659786:,1747647675086
counter/9/0/0/0,13246:1747647659432:,1747647675086
counter/9/0/0/0,13247:1747647659432:,1747647675086
counter/4/0/0/0,12807:1747647660921:,1747647675086
counter/6/0/0/0,12304:1747647659786:,1747647675087
counter/3/0/0/0,13474:1747647661064:,1747647675087
counter/2/0/0/0,12496:1747647659107:,1747647675087
counter/1/0/0/0,13756:1747647660783:,1747647675087
counter/10/0/0/0,12101:1747647659617:,1747647675087
counter/7/0/0/0,12613:1747647659723:,1747647675087
counter/8/0/0/0,12898:1747647659341:,1747647675088
counter/1/0/0/0,13757:1747647660783:,1747647675088
counter/8/0/0/0,12899:1747647659341:,1747647675088
counter/8/0/0/0,12900:1747647659341:,1747647675088
counter/8/0/0/0,12901:1747647659341:,1747647675088
counter/8/0/0/0,12902:1747647659341:,1747647675088
counter/8/0/0/0,12903:1747647659341:,1747647675088
counter/8/0/0/0,12904:1747647659341:,1747647675088
counter/8/0/0/0,12905:1747647659341:,1747647675089
counter/4/0/0/0,12808:1747647660921:,1747647675090
counter/4/0/0/0,12809:1747647660921:,1747647675091
counter/3/0/0/0,13475:1747647661074:,1747647675091
counter/3/0/0/0,13476:1747647661074:,1747647675091
counter/3/0/0/0,13477:1747647661074:,1747647675091
counter/9/0/0/0,13248:1747647659432:,1747647675091
counter/9/0/0/0,13249:1747647659432:,1747647675091
counter/9/0/0/0,13250:1747647659432:,1747647675091
counter/9/0/0/0,13251:1747647659432:,1747647675091
counter/9/0/0/0,13252:1747647659432:,1747647675091
counter/9/0/0/0,13253:1747647659432:,1747647675092
counter/9/0/0/0,13254:1747647659432:,1747647675092
counter/9/0/0/0,13255:1747647659432:,1747647675092
counter/9/0/0/0,13256:1747647659433:,1747647675092
counter/9/0/0/0,13257:1747647659434:,1747647675092
counter/5/0/0/0,12604:1747647659260:,1747647675092
counter/5/0/0/0,12605:1747647659260:,1747647675092
counter/5/0/0/0,12606:1747647659260:,1747647675092
counter/5/0/0/0,12607:1747647659260:,1747647675092
counter/5/0/0/0,12608:1747647659260:,1747647675092
counter/5/0/0/0,12609:1747647659260:,1747647675093
counter/5/0/0/0,12610:1747647659260:,1747647675093
counter/5/0/0/0,12611:1747647659260:,1747647675093
counter/5/0/0/0,12612:1747647659260:,1747647675093
counter/5/0/0/0,12613:1747647659269:,1747647675093
counter/8/0/0/0,12906:1747647659341:,1747647675093
counter/8/0/0/0,12907:1747647659342:,1747647675093
counter/8/0/0/0,12908:1747647659342:,1747647675093
counter/8/0/0/0,12909:1747647659345:,1747647675093
counter/4/0/0/0,12810:1747647660921:,1747647675094
counter/4/0/0/0,12811:1747647660921:,1747647675094
counter/10/0/0/0,12102:1747647659617:,1747647675094
counter/7/0/0/0,12614:1747647659723:,1747647675094
counter/7/0/0/0,12615:1747647659723:,1747647675094
counter/7/0/0/0,12616:1747647659739:,1747647675094
counter/3/0/0/0,13478:1747647661074:,1747647675094
counter/1/0/0/0,13758:1747647660783:,1747647675095
counter/1/0/0/0,13759:1747647660783:,1747647675095
counter/1/0/0/0,13760:1747647660783:,1747647675095
counter/1/0/0/0,13761:1747647660783:,1747647675095
counter/2/0/0/0,12497:1747647659107:,1747647675095
counter/6/0/0/0,12305:1747647659786:,1747647675096
counter/8/0/0/0,12910:1747647659345:,1747647675096
counter/7/0/0/0,12617:1747647659739:,1747647675096
counter/8/0/0/0,12911:1747647659348:,1747647675096
counter/7/0/0/0,12618:1747647659739:,1747647675096
counter/7/0/0/0,12619:1747647659739:,1747647675096
counter/2/0/0/0,12498:1747647659107:,1747647675096
counter/2/0/0/0,12499:1747647659108:,1747647675097
counter/2/0/0/0,12500:1747647659116:,1747647675097
counter/1/0/0/0,13762:1747647660784:,1747647675097
counter/1/0/0/0,13763:1747647660784:,1747647675097
counter/1/0/0/0,13764:1747647660784:,1747647675097
counter/7/0/0/0,12620:1747647659740:,1747647675097
counter/2/0/0/0,12501:1747647659116:,1747647675097
counter/2/0/0/0,12502:1747647659116:,1747647675097
counter/2/0/0/0,12503:1747647659116:,1747647675097
counter/2/0/0/0,12504:1747647659116:,1747647675097
counter/2/0/0/0,12505:1747647659116:,1747647675097
counter/2/0/0/0,12506:1747647659116:,1747647675097
counter/4/0/0/0,12812:1747647660940:,1747647675099
counter/6/0/0/0,12306:1747647659786:,1747647675099
counter/6/0/0/0,12307:1747647659786:,1747647675099
counter/6/0/0/0,12308:1747647659786:,1747647675099
counter/6/0/0/0,12309:1747647659786:,1747647675099
counter/6/0/0/0,12310:1747647659792:,1747647675099
counter/3/0/0/0,13479:1747647661074:,1747647675100
counter/5/0/0/0,12614:1747647659279:,1747647675101
counter/5/0/0/0,12615:1747647659280:,1747647675101
counter/5/0/0/0,12616:1747647659280:,1747647675101
counter/5/0/0/0,12617:1747647659280:,1747647675101
counter/5/0/0/0,12618:1747647659280:,1747647675101
counter/5/0/0/0,12619:1747647659280:,1747647675101
counter/5/0/0/0,12620:1747647659280:,1747647675101
counter/5/0/0/0,12621:1747647659281:,1747647675101
counter/5/0/0/0,12622:1747647659281:,1747647675101
counter/1/0/0/0,13765:1747647660784:,1747647675101
counter/4/0/0/0,12813:1747647660940:,1747647675101
counter/3/0/0/0,13480:1747647661074:,1747647675102
counter/3/0/0/0,13481:1747647661074:,1747647675102
counter/3/0/0/0,13482:1747647661074:,1747647675102
counter/5/0/0/0,12623:1747647659281:,1747647675102
counter/10/0/0/0,12103:1747647659617:,1747647675102
counter/5/0/0/0,12624:1747647659281:,1747647675102
counter/10/0/0/0,12104:1747647659617:,1747647675102
counter/5/0/0/0,12625:1747647659281:,1747647675102
counter/5/0/0/0,12626:1747647659281:,1747647675103
counter/1/0/0/0,13766:1747647660784:,1747647675103
counter/2/0/0/0,12507:1747647659116:,1747647675104
counter/2/0/0/0,12508:1747647659116:,1747647675104
counter/2/0/0/0,12509:1747647659116:,1747647675104
counter/2/0/0/0,12510:1747647659116:,1747647675104
counter/2/0/0/0,12511:1747647659116:,1747647675105
counter/10/0/0/0,12105:1747647659617:,1747647675105
counter/8/0/0/0,12912:1747647659350:,1747647675105
counter/8/0/0/0,12913:1747647659351:,1747647675105
counter/8/0/0/0,12914:1747647659351:,1747647675105
counter/8/0/0/0,12915:1747647659351:,1747647675105
counter/8/0/0/0,12916:1747647659351:,1747647675105
counter/8/0/0/0,12917:1747647659351:,1747647675105
counter/1/0/0/0,13767:1747647660784:,1747647675106
counter/8/0/0/0,12918:1747647659360:,1747647675106
counter/5/0/0/0,12627:1747647659288:,1747647675106
counter/8/0/0/0,12919:1747647659360:,1747647675106
counter/7/0/0/0,12621:1747647659740:,1747647675106
counter/3/0/0/0,13483:1747647661074:,1747647675107
counter/2/0/0/0,12512:1747647659116:,1747647675107
counter/4/0/0/0,12814:1747647660940:,1747647675107
counter/5/0/0/0,12628:1747647659289:,1747647675108
counter/3/0/0/0,13484:1747647661074:,1747647675108
counter/3/0/0/0,13485:1747647661075:,1747647675108
counter/3/0/0/0,13486:1747647661075:,1747647675108
counter/3/0/0/0,13487:1747647661075:,1747647675108
counter/3/0/0/0,13488:1747647661075:,1747647675108
counter/3/0/0/0,13489:1747647661075:,1747647675108
counter/1/0/0/0,13768:1747647660789:,1747647675108
counter/4/0/0/0,12815:1747647660940:,1747647675108
counter/7/0/0/0,12622:1747647659740:,1747647675108
counter/1/0/0/0,13769:1747647660789:,1747647675110
counter/4/0/0/0,12816:1747647660940:,1747647675110
counter/3/0/0/0,13490:1747647661075:,1747647675110
counter/1/0/0/0,13770:1747647660789:,1747647675111
counter/1/0/0/0,13771:1747647660789:,1747647675111
counter/6/0/0/0,12311:1747647659792:,1747647675111
counter/6/0/0/0,12312:1747647659792:,1747647675111
counter/4/0/0/0,12817:1747647660940:,1747647675112
counter/2/0/0/0,12513:1747647659116:,1747647675113
counter/2/0/0/0,12514:1747647659116:,1747647675113
counter/2/0/0/0,12515:1747647659116:,1747647675113
counter/2/0/0/0,12516:1747647659116:,1747647675113
counter/2/0/0/0,12517:1747647659116:,1747647675113
counter/2/0/0/0,12518:1747647659116:,1747647675113
counter/2/0/0/0,12519:1747647659117:,1747647675114
counter/2/0/0/0,12520:1747647659117:,1747647675114
counter/2/0/0/0,12521:1747647659117:,1747647675114
counter/2/0/0/0,12522:1747647659117:,1747647675114
counter/2/0/0/0,12523:1747647659117:,1747647675115
counter/2/0/0/0,12524:1747647659117:,1747647675115
counter/2/0/0/0,12525:1747647659117:,1747647675115
counter/2/0/0/0,12526:1747647659117:,1747647675115
counter/7/0/0/0,12623:1747647659740:,1747647675116
counter/7/0/0/0,12624:1747647659740:,1747647675116
counter/7/0/0/0,12625:1747647659740:,1747647675116
counter/7/0/0/0,12626:1747647659740:,1747647675116
counter/7/0/0/0,12627:1747647659740:,1747647675117
counter/7/0/0/0,12628:1747647659740:,1747647675117
counter/7/0/0/0,12629:1747647659740:,1747647675117
counter/7/0/0/0,12630:1747647659740:,1747647675117
counter/7/0/0/0,12631:1747647659740:,1747647675117
counter/3/0/0/0,13491:1747647661075:,1747647675119
counter/3/0/0/0,13492:1747647661075:,1747647675119
counter/3/0/0/0,13493:1747647661075:,1747647675119
counter/3/0/0/0,13494:1747647661075:,1747647675119
counter/3/0/0/0,13495:1747647661076:,1747647675119
counter/3/0/0/0,13496:1747647661076:,1747647675119
counter/3/0/0/0,13497:1747647661076:,1747647675119
counter/3/0/0/0,13498:1747647661078:,1747647675120
counter/1/0/0/0,13772:1747647660789:,1747647675120
counter/3/0/0/0,13499:1747647661078:,1747647675120
counter/3/0/0/0,13500:1747647661078:,1747647675120
counter/3/0/0/0,13501:1747647661078:,1747647675121
counter/4/0/0/0,12818:1747647660941:,1747647675122
counter/1/0/0/0,13773:1747647660789:,1747647675123
counter/1/0/0/0,13774:1747647660789:,1747647675123
counter/6/0/0/0,12313:1747647659792:,1747647675123
counter/6/0/0/0,12314:1747647659792:,1747647675123
counter/6/0/0/0,12315:1747647659792:,1747647675123
counter/6/0/0/0,12316:1747647659792:,1747647675123
counter/6/0/0/0,12317:1747647659792:,1747647675123
counter/6/0/0/0,12318:1747647659793:,1747647675123
counter/5/0/0/0,12629:1747647659289:,1747647675124
counter/5/0/0/0,12630:1747647659289:,1747647675124
counter/5/0/0/0,12631:1747647659289:,1747647675124
counter/5/0/0/0,12632:1747647659289:,1747647675124
counter/5/0/0/0,12633:1747647659289:,1747647675124
counter/8/0/0/0,12920:1747647659360:,1747647675125
counter/8/0/0/0,12921:1747647659369:,1747647675125
counter/8/0/0/0,12922:1747647659369:,1747647675125
counter/7/0/0/0,12632:1747647659740:,1747647675126
counter/2/0/0/0,12527:1747647659117:,1747647675126
counter/5/0/0/0,12634:1747647659289:,1747647675126
counter/5/0/0/0,12635:1747647659289:,1747647675127
counter/5/0/0/0,12636:1747647659299:,1747647675127
counter/5/0/0/0,12637:1747647659309:,1747647675127
counter/5/0/0/0,12638:1747647659318:,1747647675127
counter/4/0/0/0,12819:1747647660941:,1747647675127
counter/9/0/0/0,13258:1747647659434:,1747647675127
counter/8/0/0/0,12923:1747647659369:,1747647675128
counter/3/0/0/0,13502:1747647661078:,1747647675128
counter/9/0/0/0,13259:1747647659434:,1747647675128
counter/3/0/0/0,13503:1747647661078:,1747647675128
counter/10/0/0/0,12106:1747647659617:,1747647675128
counter/10/0/0/0,12107:1747647659625:,1747647675128
counter/10/0/0/0,12108:1747647659625:,1747647675128
counter/10/0/0/0,12109:1747647659625:,1747647675128
counter/10/0/0/0,12110:1747647659625:,1747647675128
counter/10/0/0/0,12111:1747647659625:,1747647675129
counter/10/0/0/0,12112:1747647659625:,1747647675129
counter/6/0/0/0,12319:1747647659793:,1747647675129
counter/3/0/0/0,13504:1747647661078:,1747647675130
counter/3/0/0/0,13505:1747647661078:,1747647675130
counter/3/0/0/0,13506:1747647661078:,1747647675130
counter/10/0/0/0,12113:1747647659625:,1747647675132
counter/10/0/0/0,12114:1747647659625:,1747647675132
counter/10/0/0/0,12115:1747647659625:,1747647675132
counter/10/0/0/0,12116:1747647659625:,1747647675132
counter/7/0/0/0,12633:1747647659740:,1747647675132
counter/3/0/0/0,13507:1747647661078:,1747647675132
counter/3/0/0/0,13508:1747647661078:,1747647675132
counter/2/0/0/0,12528:1747647659117:,1747647675133
counter/2/0/0/0,12529:1747647659117:,1747647675133
counter/2/0/0/0,12530:1747647659117:,1747647675133
counter/2/0/0/0,12531:1747647659117:,1747647675133
counter/5/0/0/0,12639:1747647659318:,1747647675133
counter/2/0/0/0,12532:1747647659117:,1747647675133
counter/5/0/0/0,12640:1747647659318:,1747647675133
counter/3/0/0/0,13509:1747647661078:,1747647675133
counter/2/0/0/0,12533:1747647659118:,1747647675133
counter/2/0/0/0,12534:1747647659118:,1747647675134
counter/2/0/0/0,12535:1747647659118:,1747647675134
counter/2/0/0/0,12536:1747647659118:,1747647675134
counter/2/0/0/0,12537:1747647659118:,1747647675134
counter/5/0/0/0,12641:1747647659318:,1747647675134
counter/1/0/0/0,13775:1747647660789:,1747647675134
counter/9/0/0/0,13260:1747647659434:,1747647675134
counter/9/0/0/0,13261:1747647659452:,1747647675134
counter/9/0/0/0,13262:1747647659452:,1747647675134
counter/9/0/0/0,13263:1747647659452:,1747647675135
counter/9/0/0/0,13264:1747647659452:,1747647675135
counter/9/0/0/0,13265:1747647659452:,1747647675135
counter/9/0/0/0,13266:1747647659452:,1747647675135
counter/9/0/0/0,13267:1747647659463:,1747647675135
counter/9/0/0/0,13268:1747647659463:,1747647675135
counter/9/0/0/0,13269:1747647659463:,1747647675135
counter/9/0/0/0,13270:1747647659463:,1747647675135
counter/9/0/0/0,13271:1747647659463:,1747647675135
counter/9/0/0/0,13272:1747647659463:,1747647675135
counter/3/0/0/0,13510:1747647661078:,1747647675135
counter/8/0/0/0,12924:1747647659369:,1747647675135
counter/5/0/0/0,12642:1747647659318:,1747647675135
counter/5/0/0/0,12643:1747647659318:,1747647675135
counter/5/0/0/0,12644:1747647659318:,1747647675135
counter/5/0/0/0,12645:1747647659318:,1747647675136
counter/5/0/0/0,12646:1747647659318:,1747647675136
counter/5/0/0/0,12647:1747647659318:,1747647675136
counter/5/0/0/0,12648:1747647659318:,1747647675136
counter/5/0/0/0,12649:1747647659318:,1747647675136
counter/5/0/0/0,12650:1747647659318:,1747647675136
counter/5/0/0/0,12651:1747647659318:,1747647675136
counter/5/0/0/0,12652:1747647659319:,1747647675136
counter/5/0/0/0,12653:1747647659319:,1747647675136
counter/4/0/0/0,12820:1747647660941:,1747647675136
counter/5/0/0/0,12654:1747647659319:,1747647675137
counter/2/0/0/0,12538:1747647659118:,1747647675137
counter/8/0/0/0,12925:1747647659369:,1747647675138
counter/8/0/0/0,12926:1747647659369:,1747647675138
counter/8/0/0/0,12927:1747647659369:,1747647675138
counter/8/0/0/0,12928:1747647659369:,1747647675138
counter/8/0/0/0,12929:1747647659369:,1747647675138
counter/1/0/0/0,13776:1747647660789:,1747647675138
counter/8/0/0/0,12930:1747647659369:,1747647675138
counter/1/0/0/0,13777:1747647660789:,1747647675138
counter/8/0/0/0,12931:1747647659370:,1747647675138
counter/5/0/0/0,12655:1747647659319:,1747647675138
counter/9/0/0/0,13273:1747647659463:,1747647675138
counter/7/0/0/0,12634:1747647659740:,1747647675138
counter/7/0/0/0,12635:1747647659740:,1747647675138
counter/7/0/0/0,12636:1747647659740:,1747647675138
counter/7/0/0/0,12637:1747647659740:,1747647675138
counter/6/0/0/0,12320:1747647659793:,1747647675140
counter/6/0/0/0,12321:1747647659793:,1747647675140
counter/6/0/0/0,12322:1747647659793:,1747647675140
counter/6/0/0/0,12323:1747647659793:,1747647675140
counter/6/0/0/0,12324:1747647659793:,1747647675140
counter/2/0/0/0,12539:1747647659118:,1747647675140
counter/7/0/0/0,12638:1747647659740:,1747647675141
counter/7/0/0/0,12639:1747647659740:,1747647675141
counter/7/0/0/0,12640:1747647659741:,1747647675141
counter/7/0/0/0,12641:1747647659741:,1747647675141
counter/7/0/0/0,12642:1747647659741:,1747647675141
counter/7/0/0/0,12643:1747647659741:,1747647675141
counter/7/0/0/0,12644:1747647659741:,1747647675141
counter/7/0/0/0,12645:1747647659741:,1747647675141
counter/7/0/0/0,12646:1747647659745:,1747647675141
counter/7/0/0/0,12647:1747647659745:,1747647675141
counter/7/0/0/0,12648:1747647659745:,1747647675141
counter/7/0/0/0,12649:1747647659745:,1747647675141
counter/7/0/0/0,12650:1747647659745:,1747647675141
counter/5/0/0/0,12656:1747647659319:,1747647675141
counter/7/0/0/0,12651:1747647659745:,1747647675141
counter/9/0/0/0,13274:1747647659463:,1747647675141
counter/7/0/0/0,12652:1747647659745:,1747647675141
counter/7/0/0/0,12653:1747647659754:,1747647675141
counter/3/0/0/0,13511:1747647661078:,1747647675142
counter/7/0/0/0,12654:1747647659754:,1747647675142
counter/5/0/0/0,12657:1747647659319:,1747647675143
counter/5/0/0/0,12658:1747647659319:,1747647675143
counter/5/0/0/0,12659:1747647659319:,1747647675143
counter/5/0/0/0,12660:1747647659320:,1747647675143
counter/5/0/0/0,12661:1747647659320:,1747647675143
counter/5/0/0/0,12662:1747647659320:,1747647675143
counter/5/0/0/0,12663:1747647659322:,1747647675143
counter/5/0/0/0,12664:1747647659322:,1747647675143
counter/5/0/0/0,12665:1747647659322:,1747647675143
counter/8/0/0/0,12932:1747647659370:,1747647675145
counter/8/0/0/0,12933:1747647659370:,1747647675145
counter/10/0/0/0,12117:1747647659629:,1747647675146
counter/10/0/0/0,12118:1747647659629:,1747647675146
counter/10/0/0/0,12119:1747647659629:,1747647675146
counter/10/0/0/0,12120:1747647659629:,1747647675146
counter/10/0/0/0,12121:1747647659629:,1747647675146
counter/10/0/0/0,12122:1747647659629:,1747647675146
counter/10/0/0/0,12123:1747647659629:,1747647675146
counter/10/0/0/0,12124:1747647659629:,1747647675146
counter/10/0/0/0,12125:1747647659631:,1747647675146
counter/4/0/0/0,12821:1747647660941:,1747647675147
counter/8/0/0/0,12934:1747647659370:,1747647675147
counter/9/0/0/0,13275:1747647659463:,1747647675148
counter/9/0/0/0,13276:1747647659470:,1747647675148
counter/9/0/0/0,13277:1747647659470:,1747647675148
counter/9/0/0/0,13278:1747647659470:,1747647675148
counter/9/0/0/0,13279:1747647659470:,1747647675148
counter/9/0/0/0,13280:1747647659470:,1747647675148
counter/1/0/0/0,13778:1747647660789:,1747647675148
counter/9/0/0/0,13281:1747647659470:,1747647675148
counter/1/0/0/0,13779:1747647660790:,1747647675148
counter/9/0/0/0,13282:1747647659470:,1747647675148
counter/1/0/0/0,13780:1747647660790:,1747647675148
counter/9/0/0/0,13283:1747647659470:,1747647675148
counter/1/0/0/0,13781:1747647660790:,1747647675148
counter/1/0/0/0,13782:1747647660790:,1747647675148
counter/1/0/0/0,13783:1747647660791:,1747647675148
counter/1/0/0/0,13784:1747647660791:,1747647675148
counter/1/0/0/0,13785:1747647660791:,1747647675148
counter/10/0/0/0,12126:1747647659631:,1747647675149
counter/2/0/0/0,12540:1747647659119:,1747647675149
counter/2/0/0/0,12541:1747647659122:,1747647675149
counter/2/0/0/0,12542:1747647659126:,1747647675149
counter/2/0/0/0,12543:1747647659126:,1747647675149
counter/2/0/0/0,12544:1747647659126:,1747647675149
counter/2/0/0/0,12545:1747647659126:,1747647675149
counter/2/0/0/0,12546:1747647659127:,1747647675149
counter/2/0/0/0,12547:1747647659127:,1747647675149
counter/2/0/0/0,12548:1747647659127:,1747647675149
counter/9/0/0/0,13284:1747647659470:,1747647675149
counter/4/0/0/0,12822:1747647660945:,1747647675149
counter/4/0/0/0,12823:1747647660945:,1747647675149
counter/1/0/0/0,13786:1747647660791:,1747647675149
counter/1/0/0/0,13787:1747647660795:,1747647675149
counter/1/0/0/0,13788:1747647660795:,1747647675149
counter/1/0/0/0,13789:1747647660796:,1747647675149
counter/1/0/0/0,13790:1747647660796:,1747647675150
counter/5/0/0/0,12666:1747647659333:,1747647675150
counter/6/0/0/0,12325:1747647659793:,1747647675150
counter/6/0/0/0,12326:1747647659793:,1747647675150
counter/6/0/0/0,12327:1747647659793:,1747647675150
counter/6/0/0/0,12328:1747647659793:,1747647675150
counter/6/0/0/0,12329:1747647659793:,1747647675150
counter/6/0/0/0,12330:1747647659802:,1747647675150
counter/6/0/0/0,12331:1747647659802:,1747647675150
counter/9/0/0/0,13285:1747647659470:,1747647675150
counter/9/0/0/0,13286:1747647659471:,1747647675150
counter/10/0/0/0,12127:1747647659631:,1747647675150
counter/10/0/0/0,12128:1747647659631:,1747647675150
counter/10/0/0/0,12129:1747647659631:,1747647675151
counter/2/0/0/0,12549:1747647659127:,1747647675151
counter/10/0/0/0,12130:1747647659631:,1747647675152
counter/2/0/0/0,12550:1747647659127:,1747647675152
counter/6/0/0/0,12332:1747647659802:,1747647675152
counter/6/0/0/0,12333:1747647659803:,1747647675152
counter/6/0/0/0,12334:1747647659803:,1747647675152
counter/6/0/0/0,12335:1747647659803:,1747647675152
counter/6/0/0/0,12336:1747647659803:,1747647675153
counter/8/0/0/0,12935:1747647659372:,1747647675153
counter/9/0/0/0,13287:1747647659474:,1747647675154
counter/5/0/0/0,12667:1747647659333:,1747647675154
counter/5/0/0/0,12668:1747647659333:,1747647675156
counter/10/0/0/0,12131:1747647659631:,1747647675156
counter/6/0/0/0,12337:1747647659815:,1747647675156
counter/6/0/0/0,12338:1747647659815:,1747647675156
counter/1/0/0/0,13791:1747647660796:,1747647675156
counter/1/0/0/0,13792:1747647660796:,1747647675156
counter/1/0/0/0,13793:1747647660796:,1747647675156
counter/1/0/0/0,13794:1747647660796:,1747647675156
counter/1/0/0/0,13795:1747647660803:,1747647675156
counter/1/0/0/0,13796:1747647660803:,1747647675157
counter/3/0/0/0,13512:1747647661078:,1747647675157
counter/3/0/0/0,13513:1747647661078:,1747647675157
counter/3/0/0/0,13514:1747647661084:,1747647675157
counter/3/0/0/0,13515:1747647661087:,1747647675157
counter/3/0/0/0,13516:1747647661087:,1747647675157
counter/8/0/0/0,12936:1747647659372:,1747647675158
counter/8/0/0/0,12937:1747647659372:,1747647675158
counter/2/0/0/0,12551:1747647659130:,1747647675158
counter/2/0/0/0,12552:1747647659130:,1747647675158
counter/2/0/0/0,12553:1747647659130:,1747647675158
counter/10/0/0/0,12132:1747647659631:,1747647675158
counter/6/0/0/0,12339:1747647659815:,1747647675159
counter/6/0/0/0,12340:1747647659815:,1747647675159
counter/6/0/0/0,12341:1747647659815:,1747647675159
counter/6/0/0/0,12342:1747647659815:,1747647675159
counter/6/0/0/0,12343:1747647659826:,1747647675159
counter/6/0/0/0,12344:1747647659826:,1747647675159
counter/6/0/0/0,12345:1747647659826:,1747647675159
counter/6/0/0/0,12346:1747647659826:,1747647675159
counter/6/0/0/0,12347:1747647659826:,1747647675160
counter/6/0/0/0,12348:1747647659829:,1747647675160
counter/6/0/0/0,12349:1747647659829:,1747647675160
counter/6/0/0/0,12350:1747647659829:,1747647675160
counter/6/0/0/0,12351:1747647659829:,1747647675160
counter/6/0/0/0,12352:1747647659829:,1747647675160
counter/2/0/0/0,12554:1747647659130:,1747647675160
counter/3/0/0/0,13517:1747647661087:,1747647675160
counter/3/0/0/0,13518:1747647661098:,1747647675160
counter/3/0/0/0,13519:1747647661098:,1747647675160
counter/3/0/0/0,13520:1747647661098:,1747647675160
counter/3/0/0/0,13521:1747647661098:,1747647675161
counter/3/0/0/0,13522:1747647661099:,1747647675161
counter/3/0/0/0,13523:1747647661099:,1747647675161
counter/3/0/0/0,13524:1747647661099:,1747647675161
counter/3/0/0/0,13525:1747647661099:,1747647675161
counter/3/0/0/0,13526:1747647661099:,1747647675161
counter/5/0/0/0,12669:1747647659333:,1747647675161
counter/6/0/0/0,12353:1747647659829:,1747647675161
counter/5/0/0/0,12670:1747647659333:,1747647675161
counter/2/0/0/0,12555:1747647659130:,1747647675161
counter/2/0/0/0,12556:1747647659130:,1747647675161
counter/2/0/0/0,12557:1747647659130:,1747647675161
counter/10/0/0/0,12133:1747647659631:,1747647675161
counter/7/0/0/0,12655:1747647659754:,1747647675161
counter/10/0/0/0,12134:1747647659631:,1747647675161
counter/10/0/0/0,12135:1747647659631:,1747647675162
counter/9/0/0/0,13288:1747647659474:,1747647675162
counter/8/0/0/0,12938:1747647659372:,1747647675162
counter/8/0/0/0,12939:1747647659372:,1747647675162
counter/8/0/0/0,12940:1747647659372:,1747647675162
counter/8/0/0/0,12941:1747647659372:,1747647675162
counter/8/0/0/0,12942:1747647659372:,1747647675162
counter/8/0/0/0,12943:1747647659372:,1747647675162
counter/8/0/0/0,12944:1747647659372:,1747647675162
counter/8/0/0/0,12945:1747647659372:,1747647675162
counter/9/0/0/0,13289:1747647659474:,1747647675162
counter/9/0/0/0,13290:1747647659475:,1747647675163
counter/4/0/0/0,12824:1747647660945:,1747647675163
counter/6/0/0/0,12354:1747647659829:,1747647675163
counter/6/0/0/0,12355:1747647659829:,1747647675163
counter/6/0/0/0,12356:1747647659831:,1747647675163
counter/6/0/0/0,12357:1747647659834:,1747647675163
counter/6/0/0/0,12358:1747647659834:,1747647675163
counter/6/0/0/0,12359:1747647659834:,1747647675163
counter/6/0/0/0,12360:1747647659834:,1747647675163
counter/6/0/0/0,12361:1747647659834:,1747647675163
counter/6/0/0/0,12362:1747647659834:,1747647675163
counter/6/0/0/0,12363:1747647659835:,1747647675163
counter/6/0/0/0,12364:1747647659835:,1747647675163
counter/6/0/0/0,12365:1747647659835:,1747647675164
counter/6/0/0/0,12366:1747647659835:,1747647675164
counter/6/0/0/0,12367:1747647659835:,1747647675164
counter/7/0/0/0,12656:1747647659754:,1747647675164
counter/5/0/0/0,12671:1747647659333:,1747647675164
counter/6/0/0/0,12368:1747647659835:,1747647675164
counter/10/0/0/0,12136:1747647659631:,1747647675164
counter/7/0/0/0,12657:1747647659754:,1747647675164
counter/7/0/0/0,12658:1747647659754:,1747647675164
counter/9/0/0/0,13291:1747647659475:,1747647675164
counter/9/0/0/0,13292:1747647659475:,1747647675164
counter/9/0/0/0,13293:1747647659475:,1747647675164
counter/2/0/0/0,12558:1747647659130:,1747647675165
counter/3/0/0/0,13527:1747647661109:,1747647675165
counter/7/0/0/0,12659:1747647659754:,1747647675165
counter/4/0/0/0,12825:1747647660945:,1747647675165
counter/9/0/0/0,13294:1747647659475:,1747647675165
counter/4/0/0/0,12826:1747647660950:,1747647675165
counter/4/0/0/0,12827:1747647660956:,1747647675165
counter/4/0/0/0,12828:1747647660962:,1747647675165
counter/4/0/0/0,12829:1747647660962:,1747647675165
counter/4/0/0/0,12830:1747647660972:,1747647675165
counter/1/0/0/0,13797:1747647660803:,1747647675166
counter/10/0/0/0,12137:1747647659631:,1747647675166
counter/6/0/0/0,12369:1747647659835:,1747647675168
counter/6/0/0/0,12370:1747647659835:,1747647675168
counter/6/0/0/0,12371:1747647659835:,1747647675168
counter/6/0/0/0,12372:1747647659835:,1747647675168
counter/6/0/0/0,12373:1747647659835:,1747647675168
counter/6/0/0/0,12374:1747647659835:,1747647675168
counter/9/0/0/0,13295:1747647659480:,1747647675168
counter/6/0/0/0,12375:1747647659835:,1747647675168
counter/9/0/0/0,13296:1747647659480:,1747647675168
counter/8/0/0/0,12946:1747647659374:,1747647675168
counter/6/0/0/0,12376:1747647659835:,1747647675168
counter/9/0/0/0,13297:1747647659480:,1747647675168
counter/6/0/0/0,12377:1747647659835:,1747647675168
counter/9/0/0/0,13298:1747647659480:,1747647675168
counter/6/0/0/0,12378:1747647659835:,1747647675168
counter/9/0/0/0,13299:1747647659480:,1747647675168
counter/2/0/0/0,12559:1747647659130:,1747647675168
counter/6/0/0/0,12379:1747647659835:,1747647675168
counter/9/0/0/0,13300:1747647659480:,1747647675168
counter/3/0/0/0,13528:1747647661109:,1747647675168
counter/3/0/0/0,13529:1747647661109:,1747647675169
counter/5/0/0/0,12672:1747647659333:,1747647675169
counter/10/0/0/0,12138:1747647659632:,1747647675169
counter/5/0/0/0,12673:1747647659333:,1747647675169
counter/6/0/0/0,12380:1747647659857:,1747647675169
counter/6/0/0/0,12381:1747647659857:,1747647675169
counter/6/0/0/0,12382:1747647659858:,1747647675169
counter/6/0/0/0,12383:1747647659858:,1747647675169
counter/6/0/0/0,12384:1747647659858:,1747647675169
counter/6/0/0/0,12385:1747647659858:,1747647675169
counter/9/0/0/0,13301:1747647659481:,1747647675170
counter/3/0/0/0,13530:1747647661109:,1747647675170
counter/10/0/0/0,12139:1747647659632:,1747647675170
counter/5/0/0/0,12674:1747647659333:,1747647675170
counter/5/0/0/0,12675:1747647659333:,1747647675170
counter/5/0/0/0,12676:1747647659333:,1747647675170
counter/1/0/0/0,13798:1747647660803:,1747647675170
counter/9/0/0/0,13302:1747647659481:,1747647675170
counter/9/0/0/0,13303:1747647659482:,1747647675170
counter/9/0/0/0,13304:1747647659482:,1747647675170
counter/9/0/0/0,13305:1747647659482:,1747647675170
counter/9/0/0/0,13306:1747647659482:,1747647675171
counter/9/0/0/0,13307:1747647659482:,1747647675171
counter/9/0/0/0,13308:1747647659482:,1747647675171
counter/9/0/0/0,13309:1747647659487:,1747647675171
counter/9/0/0/0,13310:1747647659487:,1747647675171
counter/9/0/0/0,13311:1747647659487:,1747647675171
counter/9/0/0/0,13312:1747647659487:,1747647675171
counter/9/0/0/0,13313:1747647659487:,1747647675171
counter/10/0/0/0,12140:1747647659632:,1747647675171
counter/4/0/0/0,12831:1747647660972:,1747647675173
counter/10/0/0/0,12141:1747647659632:,1747647675173
counter/4/0/0/0,12832:1747647660972:,1747647675173
counter/6/0/0/0,12386:1747647659858:,1747647675173
counter/6/0/0/0,12387:1747647659858:,1747647675173
counter/6/0/0/0,12388:1747647659858:,1747647675173
counter/6/0/0/0,12389:1747647659858:,1747647675173
counter/6/0/0/0,12390:1747647659858:,1747647675173
counter/6/0/0/0,12391:1747647659860:,1747647675173
counter/6/0/0/0,12392:1747647659860:,1747647675174
counter/6/0/0/0,12393:1747647659860:,1747647675174
counter/7/0/0/0,12660:1747647659754:,1747647675174
counter/6/0/0/0,12394:1747647659860:,1747647675174
counter/3/0/0/0,13531:1747647661109:,1747647675174
counter/7/0/0/0,12661:1747647659755:,1747647675174
counter/4/0/0/0,12833:1747647660972:,1747647675175
counter/4/0/0/0,12834:1747647660972:,1747647675175
counter/4/0/0/0,12835:1747647660972:,1747647675175
counter/4/0/0/0,12836:1747647660972:,1747647675175
counter/4/0/0/0,12837:1747647660972:,1747647675175
counter/4/0/0/0,12838:1747647660972:,1747647675175
counter/4/0/0/0,12839:1747647660972:,1747647675175
counter/4/0/0/0,12840:1747647660982:,1747647675175
counter/10/0/0/0,12142:1747647659632:,1747647675175
counter/4/0/0/0,12841:1747647660982:,1747647675175
counter/4/0/0/0,12842:1747647660995:,1747647675175
counter/4/0/0/0,12843:1747647660995:,1747647675175
counter/4/0/0/0,12844:1747647660995:,1747647675175
counter/4/0/0/0,12845:1747647660995:,1747647675175
counter/4/0/0/0,12846:1747647660995:,1747647675175
counter/4/0/0/0,12847:1747647660995:,1747647675175
counter/4/0/0/0,12848:1747647660995:,1747647675175
counter/9/0/0/0,13314:1747647659487:,1747647675175
counter/6/0/0/0,12395:1747647659860:,1747647675176
counter/6/0/0/0,12396:1747647659860:,1747647675176
counter/6/0/0/0,12397:1747647659860:,1747647675176
counter/6/0/0/0,12398:1747647659863:,1747647675176
counter/3/0/0/0,13532:1747647661109:,1747647675176
counter/2/0/0/0,12560:1747647659130:,1747647675176
counter/9/0/0/0,13315:1747647659487:,1747647675176
counter/2/0/0/0,12561:1747647659130:,1747647675176
counter/2/0/0/0,12562:1747647659130:,1747647675176
counter/2/0/0/0,12563:1747647659130:,1747647675176
counter/2/0/0/0,12564:1747647659137:,1747647675176
counter/4/0/0/0,12849:1747647660995:,1747647675176
counter/10/0/0/0,12143:1747647659632:,1747647675176
counter/5/0/0/0,12677:1747647659333:,1747647675176
counter/8/0/0/0,12947:1747647659374:,1747647675177
counter/4/0/0/0,12850:1747647660995:,1747647675177
counter/2/0/0/0,12565:1747647659137:,1747647675178
counter/4/0/0/0,12851:1747647660995:,1747647675179
counter/4/0/0/0,12852:1747647660995:,1747647675179
counter/4/0/0/0,12853:1747647660995:,1747647675179
counter/4/0/0/0,12854:1747647660996:,1747647675179
counter/4/0/0/0,12855:1747647660997:,1747647675179
counter/4/0/0/0,12856:1747647660997:,1747647675179
counter/4/0/0/0,12857:1747647661009:,1747647675179
counter/4/0/0/0,12858:1747647661009:,1747647675179
counter/4/0/0/0,12859:1747647661009:,1747647675179
counter/4/0/0/0,12860:1747647661009:,1747647675179
counter/4/0/0/0,12861:1747647661009:,1747647675179
counter/2/0/0/0,12566:1747647659137:,1747647675179
counter/10/0/0/0,12144:1747647659632:,1747647675179
counter/9/0/0/0,13316:1747647659487:,1747647675179
counter/6/0/0/0,12399:1747647659863:,1747647675179
counter/6/0/0/0,12400:1747647659863:,1747647675179
counter/3/0/0/0,13533:1747647661109:,1747647675179
counter/7/0/0/0,12662:1747647659755:,1747647675179
counter/10/0/0/0,12145:1747647659632:,1747647675179
counter/7/0/0/0,12663:1747647659755:,1747647675180
counter/5/0/0/0,12678:1747647659333:,1747647675180
counter/2/0/0/0,12567:1747647659137:,1747647675180
counter/7/0/0/0,12664:1747647659755:,1747647675180
counter/7/0/0/0,12665:1747647659755:,1747647675180
counter/7/0/0/0,12666:1747647659755:,1747647675180
counter/7/0/0/0,12667:1747647659755:,1747647675180
counter/7/0/0/0,12668:1747647659755:,1747647675181
counter/7/0/0/0,12669:1747647659767:,1747647675181
counter/7/0/0/0,12670:1747647659767:,1747647675181
counter/3/0/0/0,13534:1747647661109:,1747647675181
counter/7/0/0/0,12671:1747647659767:,1747647675181
counter/6/0/0/0,12401:1747647659863:,1747647675181
counter/8/0/0/0,12948:1747647659374:,1747647675181
counter/3/0/0/0,13535:1747647661109:,1747647675181
counter/7/0/0/0,12672:1747647659767:,1747647675186
counter/6/0/0/0,12402:1747647659864:,1747647675186
counter/6/0/0/0,12403:1747647659864:,1747647675186
counter/6/0/0/0,12404:1747647659864:,1747647675186
counter/8/0/0/0,12949:1747647659384:,1747647675186
counter/9/0/0/0,13317:1747647659487:,1747647675187
counter/6/0/0/0,12405:1747647659864:,1747647675188
counter/10/0/0/0,12146:1747647659632:,1747647675188
counter/6/0/0/0,12406:1747647659864:,1747647675188
counter/6/0/0/0,12407:1747647659864:,1747647675188
counter/6/0/0/0,12408:1747647659864:,1747647675188
counter/6/0/0/0,12409:1747647659864:,1747647675188
counter/6/0/0/0,12410:1747647659864:,1747647675188
counter/6/0/0/0,12411:1747647659864:,1747647675188
counter/6/0/0/0,12412:1747647659864:,1747647675188
counter/6/0/0/0,12413:1747647659864:,1747647675188
counter/7/0/0/0,12673:1747647659767:,1747647675188
counter/3/0/0/0,13536:1747647661109:,1747647675188
counter/3/0/0/0,13537:1747647661110:,1747647675188
counter/7/0/0/0,12674:1747647659767:,1747647675188
counter/3/0/0/0,13538:1747647661110:,1747647675189
counter/7/0/0/0,12675:1747647659767:,1747647675189
counter/8/0/0/0,12950:1747647659384:,1747647675189
counter/7/0/0/0,12676:1747647659767:,1747647675189
counter/1/0/0/0,13799:1747647660803:,1747647675189
counter/2/0/0/0,12568:1747647659137:,1747647675190
counter/2/0/0/0,12569:1747647659137:,1747647675190
counter/2/0/0/0,12570:1747647659137:,1747647675190
counter/9/0/0/0,13318:1747647659487:,1747647675190
counter/6/0/0/0,12414:1747647659864:,1747647675190
counter/8/0/0/0,12951:1747647659384:,1747647675190
counter/6/0/0/0,12415:1747647659867:,1747647675190
counter/10/0/0/0,12147:1747647659632:,1747647675191
counter/4/0/0/0,12862:1747647661009:,1747647675191
counter/4/0/0/0,12863:1747647661009:,1747647675191
counter/4/0/0/0,12864:1747647661009:,1747647675191
counter/4/0/0/0,12865:1747647661009:,1747647675192
counter/10/0/0/0,12148:1747647659632:,1747647675192
counter/4/0/0/0,12866:1747647661009:,1747647675192
counter/4/0/0/0,12867:1747647661009:,1747647675192
counter/4/0/0/0,12868:1747647661009:,1747647675192
counter/4/0/0/0,12869:1747647661009:,1747647675192
counter/4/0/0/0,12870:1747647661009:,1747647675192
counter/4/0/0/0,12871:1747647661009:,1747647675192
counter/3/0/0/0,13539:1747647661110:,1747647675192
counter/4/0/0/0,12872:1747647661009:,1747647675192
counter/4/0/0/0,12873:1747647661010:,1747647675193
counter/4/0/0/0,12874:1747647661010:,1747647675193
counter/3/0/0/0,13540:1747647661110:,1747647675193
counter/4/0/0/0,12875:1747647661010:,1747647675193
counter/5/0/0/0,12679:1747647659333:,1747647675193
counter/9/0/0/0,13319:1747647659487:,1747647675193
counter/4/0/0/0,12876:1747647661010:,1747647675193
counter/4/0/0/0,12877:1747647661010:,1747647675193
counter/4/0/0/0,12878:1747647661010:,1747647675193
counter/4/0/0/0,12879:1747647661010:,1747647675193
counter/4/0/0/0,12880:1747647661010:,1747647675193
counter/3/0/0/0,13541:1747647661110:,1747647675194
counter/3/0/0/0,13542:1747647661110:,1747647675194
counter/3/0/0/0,13543:1747647661110:,1747647675194
counter/3/0/0/0,13544:1747647661113:,1747647675194
counter/3/0/0/0,13545:1747647661113:,1747647675194
counter/10/0/0/0,12149:1747647659633:,1747647675194
counter/6/0/0/0,12416:1747647659867:,1747647675196
counter/6/0/0/0,12417:1747647659868:,1747647675196
counter/6/0/0/0,12418:1747647659868:,1747647675196
counter/6/0/0/0,12419:1747647659868:,1747647675196
counter/6/0/0/0,12420:1747647659868:,1747647675196
counter/6/0/0/0,12421:1747647659868:,1747647675196
counter/6/0/0/0,12422:1747647659868:,1747647675196
counter/6/0/0/0,12423:1747647659868:,1747647675196
counter/7/0/0/0,12677:1747647659768:,1747647675196
counter/6/0/0/0,12424:1747647659868:,1747647675199
counter/5/0/0/0,12680:1747647659333:,1747647675199
counter/1/0/0/0,13800:1747647660804:,1747647675199
counter/1/0/0/0,13801:1747647660804:,1747647675199
counter/7/0/0/0,12678:1747647659768:,1747647675199
counter/1/0/0/0,13802:1747647660804:,1747647675199
counter/7/0/0/0,12679:1747647659768:,1747647675199
counter/4/0/0/0,12881:1747647661010:,1747647675199
counter/1/0/0/0,13803:1747647660804:,1747647675199
counter/7/0/0/0,12680:1747647659768:,1747647675199
counter/4/0/0/0,12882:1747647661010:,1747647675200
counter/1/0/0/0,13804:1747647660804:,1747647675200
counter/4/0/0/0,12883:1747647661010:,1747647675200
counter/6/0/0/0,12425:1747647659869:,1747647675200
counter/1/0/0/0,13805:1747647660804:,1747647675200
counter/3/0/0/0,13546:1747647661113:,1747647675200
counter/3/0/0/0,13547:1747647661113:,1747647675200
counter/2/0/0/0,12571:1747647659153:,1747647675200
counter/2/0/0/0,12572:1747647659153:,1747647675200
counter/2/0/0/0,12573:1747647659153:,1747647675200
counter/7/0/0/0,12681:1747647659779:,1747647675200
counter/9/0/0/0,13320:1747647659487:,1747647675202
counter/9/0/0/0,13321:1747647659487:,1747647675202
counter/7/0/0/0,12682:1747647659783:,1747647675202
counter/9/0/0/0,13322:1747647659487:,1747647675202
counter/7/0/0/0,12683:1747647659783:,1747647675202
counter/7/0/0/0,12684:1747647659783:,1747647675202
counter/10/0/0/0,12150:1747647659633:,1747647675203
counter/1/0/0/0,13806:1747647660804:,1747647675203
counter/8/0/0/0,12952:1747647659384:,1747647675205
counter/10/0/0/0,12151:1747647659633:,1747647675206
counter/7/0/0/0,12685:1747647659783:,1747647675206
counter/7/0/0/0,12686:1747647659783:,1747647675206
counter/7/0/0/0,12687:1747647659783:,1747647675207
counter/7/0/0/0,12688:1747647659783:,1747647675207
counter/7/0/0/0,12689:1747647659783:,1747647675207
counter/7/0/0/0,12690:1747647659783:,1747647675207
counter/6/0/0/0,12426:1747647659869:,1747647675207
counter/6/0/0/0,12427:1747647659869:,1747647675208
counter/6/0/0/0,12428:1747647659874:,1747647675208
counter/6/0/0/0,12429:1747647659874:,1747647675208
counter/7/0/0/0,12691:1747647659783:,1747647675208
counter/6/0/0/0,12430:1747647659875:,1747647675208
counter/7/0/0/0,12692:1747647659783:,1747647675208
counter/5/0/0/0,12681:1747647659336:,1747647675208
counter/6/0/0/0,12431:1747647659875:,1747647675209
counter/6/0/0/0,12432:1747647659875:,1747647675209
counter/4/0/0/0,12884:1747647661010:,1747647675209
counter/10/0/0/0,12152:1747647659633:,1747647675209
counter/9/0/0/0,13323:1747647659496:,1747647675209
counter/10/0/0/0,12153:1747647659633:,1747647675210
counter/9/0/0/0,13324:1747647659496:,1747647675210
counter/9/0/0/0,13325:1747647659496:,1747647675210
counter/9/0/0/0,13326:1747647659496:,1747647675210
counter/1/0/0/0,13807:1747647660804:,1747647675210
counter/2/0/0/0,12574:1747647659153:,1747647675210
counter/1/0/0/0,13808:1747647660809:,1747647675211
counter/1/0/0/0,13809:1747647660809:,1747647675211
counter/1/0/0/0,13810:1747647660809:,1747647675211
counter/1/0/0/0,13811:1747647660809:,1747647675211
counter/1/0/0/0,13812:1747647660809:,1747647675211
counter/5/0/0/0,12682:1747647659336:,1747647675211
counter/5/0/0/0,12683:1747647659336:,1747647675211
counter/5/0/0/0,12684:1747647659336:,1747647675212
counter/7/0/0/0,12693:1747647659783:,1747647675212
counter/7/0/0/0,12694:1747647659784:,1747647675212
counter/7/0/0/0,12695:1747647659784:,1747647675212
counter/7/0/0/0,12696:1747647659784:,1747647675212
counter/7/0/0/0,12697:1747647659784:,1747647675212
counter/7/0/0/0,12698:1747647659784:,1747647675212
counter/7/0/0/0,12699:1747647659784:,1747647675212
counter/7/0/0/0,12700:1747647659784:,1747647675212
counter/7/0/0/0,12701:1747647659784:,1747647675212
counter/7/0/0/0,12702:1747647659784:,1747647675213
counter/7/0/0/0,12703:1747647659784:,1747647675213
counter/7/0/0/0,12704:1747647659784:,1747647675213
counter/7/0/0/0,12705:1747647659784:,1747647675213
counter/7/0/0/0,12706:1747647659784:,1747647675213
counter/7/0/0/0,12707:1747647659784:,1747647675213
counter/7/0/0/0,12708:1747647659784:,1747647675213
counter/1/0/0/0,13813:1747647660809:,1747647675213
counter/2/0/0/0,12575:1747647659153:,1747647675213
counter/2/0/0/0,12576:1747647659169:,1747647675213
counter/2/0/0/0,12577:1747647659170:,1747647675213
counter/2/0/0/0,12578:1747647659170:,1747647675213
counter/6/0/0/0,12433:1747647659875:,1747647675213
counter/2/0/0/0,12579:1747647659170:,1747647675213
counter/6/0/0/0,12434:1747647659875:,1747647675213
counter/6/0/0/0,12435:1747647659875:,1747647675213
counter/4/0/0/0,12885:1747647661010:,1747647675213
counter/6/0/0/0,12436:1747647659875:,1747647675213
counter/4/0/0/0,12886:1747647661010:,1747647675213
counter/4/0/0/0,12887:1747647661010:,1747647675213
counter/10/0/0/0,12154:1747647659633:,1747647675214
counter/7/0/0/0,12709:1747647659787:,1747647675214
counter/7/0/0/0,12710:1747647659790:,1747647675214
counter/7/0/0/0,12711:1747647659790:,1747647675214
counter/7/0/0/0,12712:1747647659790:,1747647675214
counter/7/0/0/0,12713:1747647659790:,1747647675214
counter/4/0/0/0,12888:1747647661010:,1747647675214
counter/7/0/0/0,12714:1747647659790:,1747647675214
counter/4/0/0/0,12889:1747647661010:,1747647675214
counter/4/0/0/0,12890:1747647661012:,1747647675214
counter/4/0/0/0,12891:1747647661012:,1747647675214
counter/4/0/0/0,12892:1747647661012:,1747647675214
counter/4/0/0/0,12893:1747647661012:,1747647675214
counter/4/0/0/0,12894:1747647661012:,1747647675214
counter/3/0/0/0,13548:1747647661113:,1747647675214
counter/1/0/0/0,13814:1747647660809:,1747647675214
counter/1/0/0/0,13815:1747647660809:,1747647675214
counter/1/0/0/0,13816:1747647660809:,1747647675214
counter/8/0/0/0,12953:1747647659384:,1747647675217
counter/9/0/0/0,13327:1747647659496:,1747647675217
counter/5/0/0/0,12685:1747647659336:,1747647675218
counter/4/0/0/0,12895:1747647661012:,1747647675218
counter/10/0/0/0,12155:1747647659633:,1747647675218
counter/4/0/0/0,12896:1747647661012:,1747647675218
counter/4/0/0/0,12897:1747647661012:,1747647675218
counter/8/0/0/0,12954:1747647659384:,1747647675218
counter/4/0/0/0,12898:1747647661012:,1747647675220
counter/4/0/0/0,12899:1747647661012:,1747647675220
counter/8/0/0/0,12955:1747647659384:,1747647675220
counter/4/0/0/0,12900:1747647661012:,1747647675220
counter/8/0/0/0,12956:1747647659384:,1747647675220
counter/8/0/0/0,12957:1747647659384:,1747647675220
counter/7/0/0/0,12715:1747647659790:,1747647675220
counter/6/0/0/0,12437:1747647659875:,1747647675221
counter/6/0/0/0,12438:1747647659875:,1747647675221
counter/8/0/0/0,12958:1747647659384:,1747647675221
counter/6/0/0/0,12439:1747647659875:,1747647675221
counter/6/0/0/0,12440:1747647659875:,1747647675221
counter/6/0/0/0,12441:1747647659875:,1747647675222
counter/1/0/0/0,13817:1747647660809:,1747647675222
counter/10/0/0/0,12156:1747647659633:,1747647675222
counter/10/0/0/0,12157:1747647659633:,1747647675222
counter/10/0/0/0,12158:1747647659633:,1747647675222
counter/10/0/0/0,12159:1747647659639:,1747647675222
counter/10/0/0/0,12160:1747647659639:,1747647675222
counter/3/0/0/0,13549:1747647661113:,1747647675222
counter/8/0/0/0,12959:1747647659384:,1747647675222
counter/3/0/0/0,13550:1747647661116:,1747647675222
counter/7/0/0/0,12716:1747647659790:,1747647675223
counter/4/0/0/0,12901:1747647661012:,1747647675224
counter/2/0/0/0,12580:1747647659170:,1747647675225
counter/2/0/0/0,12581:1747647659170:,1747647675225
counter/2/0/0/0,12582:1747647659170:,1747647675225
counter/2/0/0/0,12583:1747647659170:,1747647675225
counter/2/0/0/0,12584:1747647659170:,1747647675225
counter/10/0/0/0,12161:1747647659640:,1747647675225
counter/5/0/0/0,12686:1747647659349:,1747647675225
counter/5/0/0/0,12687:1747647659349:,1747647675226
counter/8/0/0/0,12960:1747647659384:,1747647675226
counter/8/0/0/0,12961:1747647659385:,1747647675226
counter/8/0/0/0,12962:1747647659385:,1747647675226
counter/8/0/0/0,12963:1747647659385:,1747647675226
counter/3/0/0/0,13551:1747647661116:,1747647675226
counter/6/0/0/0,12442:1747647659875:,1747647675226
counter/7/0/0/0,12717:1747647659790:,1747647675226
counter/7/0/0/0,12718:1747647659790:,1747647675226
counter/7/0/0/0,12719:1747647659790:,1747647675226
counter/9/0/0/0,13328:1747647659496:,1747647675226
counter/9/0/0/0,13329:1747647659496:,1747647675226
counter/4/0/0/0,12902:1747647661012:,1747647675226
counter/9/0/0/0,13330:1747647659496:,1747647675227
counter/9/0/0/0,13331:1747647659496:,1747647675227
counter/5/0/0/0,12688:1747647659350:,1747647675227
counter/5/0/0/0,12689:1747647659350:,1747647675227
counter/5/0/0/0,12690:1747647659350:,1747647675227
counter/5/0/0/0,12691:1747647659350:,1747647675227
counter/5/0/0/0,12692:1747647659350:,1747647675227
counter/3/0/0/0,13552:1747647661116:,1747647675227
counter/6/0/0/0,12443:1747647659877:,1747647675228
counter/1/0/0/0,13818:1747647660809:,1747647675228
counter/1/0/0/0,13819:1747647660809:,1747647675228
counter/1/0/0/0,13820:1747647660809:,1747647675228
counter/7/0/0/0,12720:1747647659790:,1747647675228
counter/5/0/0/0,12693:1747647659350:,1747647675228
counter/5/0/0/0,12694:1747647659350:,1747647675229
counter/5/0/0/0,12695:1747647659350:,1747647675229
counter/5/0/0/0,12696:1747647659350:,1747647675229
counter/5/0/0/0,12697:1747647659350:,1747647675229
counter/5/0/0/0,12698:1747647659366:,1747647675229
counter/5/0/0/0,12699:1747647659366:,1747647675229
counter/9/0/0/0,13332:1747647659496:,1747647675229
counter/5/0/0/0,12700:1747647659366:,1747647675231
counter/6/0/0/0,12444:1747647659877:,1747647675231
counter/6/0/0/0,12445:1747647659877:,1747647675231
counter/8/0/0/0,12964:1747647659385:,1747647675231
counter/6/0/0/0,12446:1747647659877:,1747647675231
counter/8/0/0/0,12965:1747647659385:,1747647675231
counter/6/0/0/0,12447:1747647659877:,1747647675231
counter/8/0/0/0,12966:1747647659386:,1747647675231
counter/8/0/0/0,12967:1747647659386:,1747647675231
counter/8/0/0/0,12968:1747647659386:,1747647675231
counter/8/0/0/0,12969:1747647659393:,1747647675231
counter/8/0/0/0,12970:1747647659393:,1747647675231
counter/8/0/0/0,12971:1747647659393:,1747647675231
counter/7/0/0/0,12721:1747647659793:,1747647675231
counter/9/0/0/0,13333:1747647659496:,1747647675232
counter/10/0/0/0,12162:1747647659640:,1747647675234
counter/7/0/0/0,12722:1747647659796:,1747647675234
counter/7/0/0/0,12723:1747647659796:,1747647675234
counter/7/0/0/0,12724:1747647659796:,1747647675234
counter/3/0/0/0,13553:1747647661116:,1747647675234
counter/5/0/0/0,12701:1747647659367:,1747647675234
counter/9/0/0/0,13334:1747647659496:,1747647675234
counter/5/0/0/0,12702:1747647659367:,1747647675234
counter/1/0/0/0,13821:1747647660809:,1747647675235
counter/8/0/0/0,12972:1747647659393:,1747647675235
counter/8/0/0/0,12973:1747647659393:,1747647675235
counter/8/0/0/0,12974:1747647659393:,1747647675235
counter/8/0/0/0,12975:1747647659393:,1747647675235
counter/8/0/0/0,12976:1747647659394:,1747647675239
counter/2/0/0/0,12585:1747647659170:,1747647675239
counter/10/0/0/0,12163:1747647659640:,1747647675239
counter/10/0/0/0,12164:1747647659640:,1747647675239
counter/10/0/0/0,12165:1747647659640:,1747647675239
counter/10/0/0/0,12166:1747647659640:,1747647675239
counter/9/0/0/0,13335:1747647659496:,1747647675239
counter/9/0/0/0,13336:1747647659496:,1747647675239
counter/1/0/0/0,13822:1747647660809:,1747647675240
counter/1/0/0/0,13823:1747647660809:,1747647675240
counter/5/0/0/0,12703:1747647659373:,1747647675240
counter/1/0/0/0,13824:1747647660812:,1747647675240
counter/1/0/0/0,13825:1747647660812:,1747647675240
counter/1/0/0/0,13826:1747647660812:,1747647675240
counter/1/0/0/0,13827:1747647660812:,1747647675240
counter/1/0/0/0,13828:1747647660812:,1747647675241
counter/1/0/0/0,13829:1747647660812:,1747647675241
counter/1/0/0/0,13830:1747647660812:,1747647675241
counter/1/0/0/0,13831:1747647660812:,1747647675241
counter/6/0/0/0,12448:1747647659877:,1747647675243
counter/6/0/0/0,12449:1747647659878:,1747647675243
counter/6/0/0/0,12450:1747647659878:,1747647675244
counter/6/0/0/0,12451:1747647659878:,1747647675244
counter/6/0/0/0,12452:1747647659878:,1747647675244
counter/6/0/0/0,12453:1747647659878:,1747647675244
counter/6/0/0/0,12454:1747647659878:,1747647675244
counter/10/0/0/0,12167:1747647659640:,1747647675244
counter/10/0/0/0,12168:1747647659640:,1747647675244
counter/10/0/0/0,12169:1747647659640:,1747647675244
counter/10/0/0/0,12170:1747647659640:,1747647675244
counter/10/0/0/0,12171:1747647659640:,1747647675244
counter/10/0/0/0,12172:1747647659640:,1747647675244
counter/10/0/0/0,12173:1747647659640:,1747647675244
counter/10/0/0/0,12174:1747647659640:,1747647675244
counter/10/0/0/0,12175:1747647659640:,1747647675244
counter/5/0/0/0,12704:1747647659373:,1747647675244
counter/5/0/0/0,12705:1747647659373:,1747647675244
counter/5/0/0/0,12706:1747647659373:,1747647675244
counter/9/0/0/0,13337:1747647659496:,1747647675244
counter/9/0/0/0,13338:1747647659496:,1747647675244
counter/9/0/0/0,13339:1747647659496:,1747647675245
counter/3/0/0/0,13554:1747647661117:,1747647675245
counter/8/0/0/0,12977:1747647659394:,1747647675245
counter/8/0/0/0,12978:1747647659394:,1747647675245
counter/8/0/0/0,12979:1747647659394:,1747647675245
counter/8/0/0/0,12980:1747647659394:,1747647675245
counter/8/0/0/0,12981:1747647659394:,1747647675245
counter/8/0/0/0,12982:1747647659394:,1747647675245
counter/7/0/0/0,12725:1747647659796:,1747647675245
counter/7/0/0/0,12726:1747647659796:,1747647675245
counter/7/0/0/0,12727:1747647659796:,1747647675245
counter/7/0/0/0,12728:1747647659796:,1747647675245
counter/7/0/0/0,12729:1747647659796:,1747647675245
counter/7/0/0/0,12730:1747647659796:,1747647675245
counter/7/0/0/0,12731:1747647659796:,1747647675245
counter/6/0/0/0,12455:1747647659878:,1747647675245
counter/1/0/0/0,13832:1747647660812:,1747647675245
counter/1/0/0/0,13833:1747647660815:,1747647675245
counter/10/0/0/0,12176:1747647659640:,1747647675245
counter/10/0/0/0,12177:1747647659640:,1747647675245
counter/10/0/0/0,12178:1747647659641:,1747647675245
counter/2/0/0/0,12586:1747647659170:,1747647675246
counter/10/0/0/0,12179:1747647659641:,1747647675246
counter/4/0/0/0,12903:1747647661012:,1747647675246
counter/6/0/0/0,12456:1747647659878:,1747647675247
counter/1/0/0/0,13834:1747647660815:,1747647675247
counter/1/0/0/0,13835:1747647660815:,1747647675247
counter/8/0/0/0,12983:1747647659394:,1747647675247
counter/8/0/0/0,12984:1747647659394:,1747647675247
counter/8/0/0/0,12985:1747647659394:,1747647675247
counter/8/0/0/0,12986:1747647659394:,1747647675247
counter/8/0/0/0,12987:1747647659413:,1747647675247
counter/8/0/0/0,12988:1747647659415:,1747647675247
counter/8/0/0/0,12989:1747647659415:,1747647675247
counter/8/0/0/0,12990:1747647659415:,1747647675247
counter/8/0/0/0,12991:1747647659415:,1747647675247
counter/3/0/0/0,13555:1747647661117:,1747647675248
counter/5/0/0/0,12707:1747647659373:,1747647675248
counter/3/0/0/0,13556:1747647661117:,1747647675248
counter/3/0/0/0,13557:1747647661117:,1747647675248
counter/3/0/0/0,13558:1747647661117:,1747647675248
counter/3/0/0/0,13559:1747647661117:,1747647675248
counter/3/0/0/0,13560:1747647661117:,1747647675248
counter/3/0/0/0,13561:1747647661117:,1747647675248
counter/6/0/0/0,12457:1747647659881:,1747647675249
counter/4/0/0/0,12904:1747647661013:,1747647675249
counter/3/0/0/0,13562:1747647661117:,1747647675249
counter/3/0/0/0,13563:1747647661117:,1747647675249
counter/3/0/0/0,13564:1747647661117:,1747647675249
counter/1/0/0/0,13836:1747647660815:,1747647675249
counter/8/0/0/0,12992:1747647659417:,1747647675250
counter/8/0/0/0,12993:1747647659417:,1747647675250
counter/8/0/0/0,12994:1747647659417:,1747647675250
counter/8/0/0/0,12995:1747647659417:,1747647675250
counter/8/0/0/0,12996:1747647659417:,1747647675250
counter/8/0/0/0,12997:1747647659420:,1747647675250
counter/8/0/0/0,12998:1747647659420:,1747647675250
counter/6/0/0/0,12458:1747647659881:,1747647675250
counter/6/0/0/0,12459:1747647659883:,1747647675250
counter/7/0/0/0,12732:1747647659796:,1747647675250
counter/4/0/0/0,12905:1747647661013:,1747647675250
counter/4/0/0/0,12906:1747647661013:,1747647675250
counter/4/0/0/0,12907:1747647661014:,1747647675250
counter/4/0/0/0,12908:1747647661014:,1747647675250
counter/3/0/0/0,13565:1747647661117:,1747647675250
counter/2/0/0/0,12587:1747647659170:,1747647675251
counter/9/0/0/0,13340:1747647659497:,1747647675251
counter/3/0/0/0,13566:1747647661118:,1747647675252
counter/2/0/0/0,12588:1747647659170:,1747647675252
counter/9/0/0/0,13341:1747647659497:,1747647675252
counter/6/0/0/0,12460:1747647659883:,1747647675253
counter/6/0/0/0,12461:1747647659883:,1747647675253
counter/1/0/0/0,13837:1747647660815:,1747647675254
counter/10/0/0/0,12180:1747647659641:,1747647675254
counter/10/0/0/0,12181:1747647659641:,1747647675254
counter/10/0/0/0,12182:1747647659641:,1747647675254
counter/10/0/0/0,12183:1747647659647:,1747647675254
counter/6/0/0/0,12462:1747647659883:,1747647675257
counter/2/0/0/0,12589:1747647659170:,1747647675257
counter/2/0/0/0,12590:1747647659170:,1747647675257
counter/2/0/0/0,12591:1747647659170:,1747647675257
counter/2/0/0/0,12592:1747647659172:,1747647675257
counter/6/0/0/0,12463:1747647659883:,1747647675258
counter/7/0/0/0,12733:1747647659797:,1747647675258
counter/7/0/0/0,12734:1747647659797:,1747647675258
counter/7/0/0/0,12735:1747647659797:,1747647675258
counter/7/0/0/0,12736:1747647659797:,1747647675258
counter/4/0/0/0,12909:1747647661014:,1747647675258
counter/1/0/0/0,13838:1747647660815:,1747647675259
counter/10/0/0/0,12184:1747647659647:,1747647675260
counter/10/0/0/0,12185:1747647659647:,1747647675260
counter/1/0/0/0,13839:1747647660815:,1747647675260
counter/10/0/0/0,12186:1747647659648:,1747647675260
counter/10/0/0/0,12187:1747647659651:,1747647675260
counter/10/0/0/0,12188:1747647659651:,1747647675260
counter/6/0/0/0,12464:1747647659883:,1747647675261
counter/10/0/0/0,12189:1747647659651:,1747647675261
counter/7/0/0/0,12737:1747647659797:,1747647675261
counter/7/0/0/0,12738:1747647659797:,1747647675261
counter/7/0/0/0,12739:1747647659797:,1747647675261
counter/7/0/0/0,12740:1747647659797:,1747647675261
counter/7/0/0/0,12741:1747647659797:,1747647675261
counter/1/0/0/0,13840:1747647660822:,1747647675262
counter/1/0/0/0,13841:1747647660822:,1747647675262
counter/1/0/0/0,13842:1747647660822:,1747647675263
counter/1/0/0/0,13843:1747647660822:,1747647675263
counter/1/0/0/0,13844:1747647660822:,1747647675263
counter/1/0/0/0,13845:1747647660822:,1747647675263
counter/1/0/0/0,13846:1747647660824:,1747647675263
counter/1/0/0/0,13847:1747647660824:,1747647675263
counter/1/0/0/0,13848:1747647660824:,1747647675263
counter/1/0/0/0,13849:1747647660824:,1747647675263
counter/1/0/0/0,13850:1747647660824:,1747647675263
counter/1/0/0/0,13851:1747647660824:,1747647675263
counter/5/0/0/0,12708:1747647659373:,1747647675263
counter/5/0/0/0,12709:1747647659373:,1747647675263
counter/5/0/0/0,12710:1747647659373:,1747647675263
counter/5/0/0/0,12711:1747647659373:,1747647675264
counter/5/0/0/0,12712:1747647659373:,1747647675264
counter/5/0/0/0,12713:1747647659373:,1747647675264
counter/5/0/0/0,12714:1747647659373:,1747647675264
counter/2/0/0/0,12593:1747647659173:,1747647675264
counter/2/0/0/0,12594:1747647659181:,1747647675264
counter/2/0/0/0,12595:1747647659182:,1747647675264
counter/2/0/0/0,12596:1747647659182:,1747647675264
counter/2/0/0/0,12597:1747647659182:,1747647675264
counter/2/0/0/0,12598:1747647659182:,1747647675264
counter/2/0/0/0,12599:1747647659182:,1747647675264
counter/2/0/0/0,12600:1747647659183:,1747647675264
counter/2/0/0/0,12601:1747647659183:,1747647675264
counter/2/0/0/0,12602:1747647659183:,1747647675264
counter/9/0/0/0,13342:1747647659497:,1747647675264
counter/2/0/0/0,12603:1747647659183:,1747647675264
counter/2/0/0/0,12604:1747647659183:,1747647675264
counter/2/0/0/0,12605:1747647659183:,1747647675264
counter/2/0/0/0,12606:1747647659183:,1747647675264
counter/6/0/0/0,12465:1747647659883:,1747647675265
counter/1/0/0/0,13852:1747647660825:,1747647675266
counter/6/0/0/0,12466:1747647659883:,1747647675269
counter/5/0/0/0,12715:1747647659373:,1747647675272
counter/5/0/0/0,12716:1747647659373:,1747647675272
counter/5/0/0/0,12717:1747647659373:,1747647675272
counter/5/0/0/0,12718:1747647659373:,1747647675272
counter/5/0/0/0,12719:1747647659378:,1747647675272
counter/5/0/0/0,12720:1747647659379:,1747647675272
counter/3/0/0/0,13567:1747647661118:,1747647675272
counter/5/0/0/0,12721:1747647659379:,1747647675272
counter/5/0/0/0,12722:1747647659379:,1747647675272
counter/5/0/0/0,12723:1747647659379:,1747647675272
counter/1/0/0/0,13853:1747647660825:,1747647675272
counter/1/0/0/0,13854:1747647660825:,1747647675272
counter/1/0/0/0,13855:1747647660825:,1747647675272
counter/1/0/0/0,13856:1747647660825:,1747647675272
counter/4/0/0/0,12910:1747647661014:,1747647675272
counter/4/0/0/0,12911:1747647661014:,1747647675273
counter/4/0/0/0,12912:1747647661014:,1747647675274
counter/8/0/0/0,12999:1747647659420:,1747647675274
counter/8/0/0/0,13000:1747647659420:,1747647675274
counter/8/0/0/0,13001:1747647659420:,1747647675274
counter/8/0/0/0,13002:1747647659420:,1747647675274
counter/8/0/0/0,13003:1747647659422:,1747647675274
counter/8/0/0/0,13004:1747647659422:,1747647675274
counter/8/0/0/0,13005:1747647659422:,1747647675274
counter/8/0/0/0,13006:1747647659426:,1747647675274
counter/8/0/0/0,13007:1747647659428:,1747647675274
counter/8/0/0/0,13008:1747647659428:,1747647675275
counter/8/0/0/0,13009:1747647659428:,1747647675275
counter/8/0/0/0,13010:1747647659428:,1747647675275
counter/8/0/0/0,13011:1747647659428:,1747647675275
counter/10/0/0/0,12190:1747647659651:,1747647675275
counter/5/0/0/0,12724:1747647659379:,1747647675275
counter/5/0/0/0,12725:1747647659379:,1747647675275
counter/5/0/0/0,12726:1747647659379:,1747647675275
counter/5/0/0/0,12727:1747647659379:,1747647675275
counter/5/0/0/0,12728:1747647659379:,1747647675275
counter/5/0/0/0,12729:1747647659379:,1747647675275
counter/6/0/0/0,12467:1747647659883:,1747647675275
counter/6/0/0/0,12468:1747647659883:,1747647675275
counter/6/0/0/0,12469:1747647659883:,1747647675275
counter/6/0/0/0,12470:1747647659883:,1747647675275
counter/6/0/0/0,12471:1747647659883:,1747647675276
counter/6/0/0/0,12472:1747647659883:,1747647675276
counter/6/0/0/0,12473:1747647659883:,1747647675276
counter/6/0/0/0,12474:1747647659884:,1747647675276
counter/6/0/0/0,12475:1747647659884:,1747647675276
counter/6/0/0/0,12476:1747647659884:,1747647675276
counter/6/0/0/0,12477:1747647659884:,1747647675276
counter/3/0/0/0,13568:1747647661118:,1747647675277
counter/3/0/0/0,13569:1747647661118:,1747647675278
counter/2/0/0/0,12607:1747647659183:,1747647675278
counter/2/0/0/0,12608:1747647659183:,1747647675278
counter/2/0/0/0,12609:1747647659183:,1747647675278
counter/2/0/0/0,12610:1747647659183:,1747647675278
counter/2/0/0/0,12611:1747647659183:,1747647675278
counter/2/0/0/0,12612:1747647659183:,1747647675278
counter/2/0/0/0,12613:1747647659183:,1747647675279
counter/2/0/0/0,12614:1747647659183:,1747647675279
counter/2/0/0/0,12615:1747647659186:,1747647675279
counter/8/0/0/0,13012:1747647659428:,1747647675279
counter/2/0/0/0,12616:1747647659186:,1747647675279
counter/1/0/0/0,13857:1747647660825:,1747647675282
counter/8/0/0/0,13013:1747647659428:,1747647675282
counter/2/0/0/0,12617:1747647659186:,1747647675283
counter/10/0/0/0,12191:1747647659651:,1747647675284
counter/10/0/0/0,12192:1747647659651:,1747647675284
counter/10/0/0/0,12193:1747647659651:,1747647675284
counter/10/0/0/0,12194:1747647659651:,1747647675284
counter/10/0/0/0,12195:1747647659651:,1747647675284
counter/10/0/0/0,12196:1747647659651:,1747647675284
counter/2/0/0/0,12618:1747647659195:,1747647675284
counter/1/0/0/0,13858:1747647660825:,1747647675284
counter/10/0/0/0,12197:1747647659651:,1747647675285
counter/10/0/0/0,12198:1747647659651:,1747647675285
counter/10/0/0/0,12199:1747647659651:,1747647675285
counter/10/0/0/0,12200:1747647659660:,1747647675285
counter/10/0/0/0,12201:1747647659660:,1747647675285
counter/3/0/0/0,13570:1747647661118:,1747647675286
counter/5/0/0/0,12730:1747647659379:,1747647675286
counter/4/0/0/0,12913:1747647661014:,1747647675286
counter/4/0/0/0,12914:1747647661014:,1747647675286
counter/4/0/0/0,12915:1747647661014:,1747647675286
counter/4/0/0/0,12916:1747647661014:,1747647675286
counter/4/0/0/0,12917:1747647661014:,1747647675286
counter/4/0/0/0,12918:1747647661015:,1747647675286
counter/2/0/0/0,12619:1747647659195:,1747647675286
counter/9/0/0/0,13343:1747647659497:,1747647675286
counter/9/0/0/0,13344:1747647659497:,1747647675286
counter/9/0/0/0,13345:1747647659497:,1747647675286
counter/9/0/0/0,13346:1747647659497:,1747647675286
counter/6/0/0/0,12478:1747647659884:,1747647675286
counter/1/0/0/0,13859:1747647660825:,1747647675287
counter/2/0/0/0,12620:1747647659195:,1747647675287
counter/2/0/0/0,12621:1747647659195:,1747647675287
counter/2/0/0/0,12622:1747647659195:,1747647675287
counter/2/0/0/0,12623:1747647659195:,1747647675287
counter/8/0/0/0,13014:1747647659428:,1747647675287
counter/6/0/0/0,12479:1747647659884:,1747647675288
counter/6/0/0/0,12480:1747647659884:,1747647675288
counter/3/0/0/0,13571:1747647661118:,1747647675288
counter/3/0/0/0,13572:1747647661118:,1747647675288
counter/3/0/0/0,13573:1747647661126:,1747647675288
counter/3/0/0/0,13574:1747647661126:,1747647675288
counter/3/0/0/0,13575:1747647661126:,1747647675288
counter/3/0/0/0,13576:1747647661126:,1747647675288
counter/3/0/0/0,13577:1747647661127:,1747647675288
counter/3/0/0/0,13578:1747647661152:,1747647675288
counter/3/0/0/0,13579:1747647661152:,1747647675288
counter/3/0/0/0,13580:1747647661152:,1747647675288
counter/9/0/0/0,13347:1747647659497:,1747647675288
counter/5/0/0/0,12731:1747647659379:,1747647675289
counter/7/0/0/0,12742:1747647659797:,1747647675289
counter/4/0/0/0,12919:1747647661015:,1747647675289
counter/2/0/0/0,12624:1747647659195:,1747647675289
counter/2/0/0/0,12625:1747647659195:,1747647675289
counter/2/0/0/0,12626:1747647659200:,1747647675289
counter/2/0/0/0,12627:1747647659200:,1747647675289
counter/2/0/0/0,12628:1747647659200:,1747647675289
counter/2/0/0/0,12629:1747647659200:,1747647675289
counter/2/0/0/0,12630:1747647659200:,1747647675289
counter/2/0/0/0,12631:1747647659200:,1747647675289
counter/3/0/0/0,13581:1747647661152:,1747647675289
counter/6/0/0/0,12481:1747647659884:,1747647675289
counter/9/0/0/0,13348:1747647659497:,1747647675289
counter/1/0/0/0,13860:1747647660825:,1747647675289
counter/4/0/0/0,12920:1747647661015:,1747647675290
counter/1/0/0/0,13861:1747647660825:,1747647675290
counter/1/0/0/0,13862:1747647660826:,1747647675290
counter/1/0/0/0,13863:1747647660826:,1747647675290
counter/1/0/0/0,13864:1747647660826:,1747647675290
counter/1/0/0/0,13865:1747647660826:,1747647675290
counter/1/0/0/0,13866:1747647660826:,1747647675290
counter/8/0/0/0,13015:1747647659428:,1747647675290
counter/7/0/0/0,12743:1747647659797:,1747647675290
counter/7/0/0/0,12744:1747647659798:,1747647675290
counter/10/0/0/0,12202:1747647659660:,1747647675291
counter/7/0/0/0,12745:1747647659798:,1747647675291
counter/7/0/0/0,12746:1747647659798:,1747647675291
counter/7/0/0/0,12747:1747647659798:,1747647675291
counter/1/0/0/0,13867:1747647660826:,1747647675291
counter/7/0/0/0,12748:1747647659798:,1747647675291
counter/7/0/0/0,12749:1747647659798:,1747647675291
counter/1/0/0/0,13868:1747647660829:,1747647675291
counter/1/0/0/0,13869:1747647660831:,1747647675291
counter/1/0/0/0,13870:1747647660832:,1747647675291
counter/1/0/0/0,13871:1747647660832:,1747647675291
counter/2/0/0/0,12632:1747647659200:,1747647675291
counter/5/0/0/0,12732:1747647659379:,1747647675292
counter/6/0/0/0,12482:1747647659884:,1747647675292
counter/9/0/0/0,13349:1747647659497:,1747647675292
counter/9/0/0/0,13350:1747647659497:,1747647675293
counter/4/0/0/0,12921:1747647661015:,1747647675293
counter/4/0/0/0,12922:1747647661015:,1747647675293
counter/4/0/0/0,12923:1747647661015:,1747647675293
counter/4/0/0/0,12924:1747647661028:,1747647675294
counter/4/0/0/0,12925:1747647661028:,1747647675294
counter/4/0/0/0,12926:1747647661028:,1747647675294
counter/7/0/0/0,12750:1747647659798:,1747647675294
counter/4/0/0/0,12927:1747647661028:,1747647675294
counter/4/0/0/0,12928:1747647661028:,1747647675294
counter/4/0/0/0,12929:1747647661028:,1747647675294
counter/6/0/0/0,12483:1747647659884:,1747647675294
counter/9/0/0/0,13351:1747647659517:,1747647675294
counter/5/0/0/0,12733:1747647659397:,1747647675294
counter/5/0/0/0,12734:1747647659397:,1747647675294
counter/5/0/0/0,12735:1747647659397:,1747647675294
counter/3/0/0/0,13582:1747647661152:,1747647675294
counter/9/0/0/0,13352:1747647659517:,1747647675295
counter/5/0/0/0,12736:1747647659397:,1747647675295
counter/5/0/0/0,12737:1747647659397:,1747647675295
counter/5/0/0/0,12738:1747647659413:,1747647675295
counter/5/0/0/0,12739:1747647659414:,1747647675295
counter/5/0/0/0,12740:1747647659414:,1747647675295
counter/5/0/0/0,12741:1747647659414:,1747647675295
counter/5/0/0/0,12742:1747647659414:,1747647675295
counter/5/0/0/0,12743:1747647659414:,1747647675295
counter/7/0/0/0,12751:1747647659798:,1747647675295
counter/10/0/0/0,12203:1747647659660:,1747647675295
counter/6/0/0/0,12484:1747647659884:,1747647675296
counter/10/0/0/0,12204:1747647659660:,1747647675296
counter/1/0/0/0,13872:1747647660832:,1747647675297
counter/1/0/0/0,13873:1747647660832:,1747647675297
counter/1/0/0/0,13874:1747647660832:,1747647675297
counter/1/0/0/0,13875:1747647660832:,1747647675297
counter/1/0/0/0,13876:1747647660833:,1747647675297
counter/1/0/0/0,13877:1747647660833:,1747647675297
counter/1/0/0/0,13878:1747647660833:,1747647675297
counter/1/0/0/0,13879:1747647660833:,1747647675297
counter/1/0/0/0,13880:1747647660833:,1747647675297
counter/1/0/0/0,13881:1747647660846:,1747647675297
counter/8/0/0/0,13016:1747647659438:,1747647675298
counter/8/0/0/0,13017:1747647659438:,1747647675298
counter/8/0/0/0,13018:1747647659439:,1747647675298
counter/2/0/0/0,12633:1747647659200:,1747647675298
counter/8/0/0/0,13019:1747647659439:,1747647675298
counter/8/0/0/0,13020:1747647659439:,1747647675298
counter/8/0/0/0,13021:1747647659439:,1747647675298
counter/5/0/0/0,12744:1747647659414:,1747647675298
counter/9/0/0/0,13353:1747647659517:,1747647675298
counter/9/0/0/0,13354:1747647659521:,1747647675298
counter/7/0/0/0,12752:1747647659798:,1747647675298
counter/7/0/0/0,12753:1747647659798:,1747647675298
counter/7/0/0/0,12754:1747647659798:,1747647675298
counter/7/0/0/0,12755:1747647659798:,1747647675298
counter/7/0/0/0,12756:1747647659798:,1747647675298
counter/6/0/0/0,12485:1747647659884:,1747647675298
counter/3/0/0/0,13583:1747647661152:,1747647675299
counter/5/0/0/0,12745:1747647659414:,1747647675299
counter/5/0/0/0,12746:1747647659414:,1747647675300
counter/9/0/0/0,13355:1747647659521:,1747647675301
counter/7/0/0/0,12757:1747647659798:,1747647675301
counter/6/0/0/0,12486:1747647659884:,1747647675302
counter/4/0/0/0,12930:1747647661028:,1747647675302
counter/6/0/0/0,12487:1747647659884:,1747647675302
counter/6/0/0/0,12488:1747647659884:,1747647675302
counter/6/0/0/0,12489:1747647659884:,1747647675302
counter/6/0/0/0,12490:1747647659884:,1747647675302
counter/9/0/0/0,13356:1747647659521:,1747647675304
counter/4/0/0/0,12931:1747647661028:,1747647675304
counter/4/0/0/0,12932:1747647661028:,1747647675304
counter/4/0/0/0,12933:1747647661028:,1747647675304
counter/4/0/0/0,12934:1747647661028:,1747647675304
counter/4/0/0/0,12935:1747647661028:,1747647675304
counter/4/0/0/0,12936:1747647661028:,1747647675304
counter/3/0/0/0,13584:1747647661152:,1747647675304
counter/5/0/0/0,12747:1747647659414:,1747647675305
counter/5/0/0/0,12748:1747647659414:,1747647675305
counter/5/0/0/0,12749:1747647659414:,1747647675305
counter/3/0/0/0,13585:1747647661152:,1747647675306
counter/1/0/0/0,13882:1747647660846:,1747647675306
counter/1/0/0/0,13883:1747647660846:,1747647675306
counter/1/0/0/0,13884:1747647660846:,1747647675307
counter/1/0/0/0,13885:1747647660849:,1747647675307
counter/1/0/0/0,13886:1747647660849:,1747647675307
counter/1/0/0/0,13887:1747647660849:,1747647675307
counter/9/0/0/0,13357:1747647659521:,1747647675307
counter/7/0/0/0,12758:1747647659798:,1747647675307
counter/3/0/0/0,13586:1747647661152:,1747647675307
counter/7/0/0/0,12759:1747647659798:,1747647675308
counter/3/0/0/0,13587:1747647661152:,1747647675308
counter/2/0/0/0,12634:1747647659200:,1747647675309
counter/2/0/0/0,12635:1747647659204:,1747647675309
counter/9/0/0/0,13358:1747647659521:,1747647675309
counter/2/0/0/0,12636:1747647659204:,1747647675309
counter/7/0/0/0,12760:1747647659798:,1747647675309
counter/7/0/0/0,12761:1747647659798:,1747647675309
counter/7/0/0/0,12762:1747647659798:,1747647675309
counter/7/0/0/0,12763:1747647659798:,1747647675309
counter/7/0/0/0,12764:1747647659798:,1747647675309
counter/7/0/0/0,12765:1747647659798:,1747647675309
counter/2/0/0/0,12637:1747647659204:,1747647675310
counter/5/0/0/0,12750:1747647659414:,1747647675310
counter/5/0/0/0,12751:1747647659414:,1747647675310
counter/5/0/0/0,12752:1747647659414:,1747647675311
counter/5/0/0/0,12753:1747647659414:,1747647675311
counter/5/0/0/0,12754:1747647659414:,1747647675311
counter/5/0/0/0,12755:1747647659414:,1747647675311
counter/5/0/0/0,12756:1747647659414:,1747647675311
counter/5/0/0/0,12757:1747647659414:,1747647675311
counter/5/0/0/0,12758:1747647659414:,1747647675311
counter/10/0/0/0,12205:1747647659660:,1747647675311
counter/5/0/0/0,12759:1747647659414:,1747647675311
counter/5/0/0/0,12760:1747647659414:,1747647675311
counter/5/0/0/0,12761:1747647659414:,1747647675311
counter/5/0/0/0,12762:1747647659415:,1747647675312
counter/5/0/0/0,12763:1747647659415:,1747647675312
counter/10/0/0/0,12206:1747647659663:,1747647675312
counter/5/0/0/0,12764:1747647659415:,1747647675312
counter/5/0/0/0,12765:1747647659415:,1747647675312
counter/9/0/0/0,13359:1747647659525:,1747647675312
counter/7/0/0/0,12766:1747647659799:,1747647675312
counter/4/0/0/0,12937:1747647661028:,1747647675312
counter/4/0/0/0,12938:1747647661028:,1747647675312
counter/4/0/0/0,12939:1747647661028:,1747647675312
counter/4/0/0/0,12940:1747647661028:,1747647675312
counter/5/0/0/0,12766:1747647659415:,1747647675313
counter/5/0/0/0,12767:1747647659415:,1747647675313
counter/5/0/0/0,12768:1747647659415:,1747647675313
counter/5/0/0/0,12769:1747647659415:,1747647675313
counter/5/0/0/0,12770:1747647659415:,1747647675313
counter/5/0/0/0,12771:1747647659415:,1747647675313
counter/5/0/0/0,12772:1747647659415:,1747647675313
counter/5/0/0/0,12773:1747647659415:,1747647675314
counter/5/0/0/0,12774:1747647659415:,1747647675314
counter/4/0/0/0,12941:1747647661028:,1747647675314
counter/6/0/0/0,12491:1747647659899:,1747647675314
counter/7/0/0/0,12767:1747647659799:,1747647675315
counter/6/0/0/0,12492:1747647659899:,1747647675315
counter/9/0/0/0,13360:1747647659525:,1747647675316
counter/9/0/0/0,13361:1747647659525:,1747647675316
counter/9/0/0/0,13362:1747647659525:,1747647675316
counter/9/0/0/0,13363:1747647659525:,1747647675316
counter/9/0/0/0,13364:1747647659525:,1747647675316
counter/9/0/0/0,13365:1747647659525:,1747647675316
counter/9/0/0/0,13366:1747647659525:,1747647675316
counter/9/0/0/0,13367:1747647659525:,1747647675316
counter/9/0/0/0,13368:1747647659525:,1747647675316
counter/9/0/0/0,13369:1747647659525:,1747647675316
counter/1/0/0/0,13888:1747647660849:,1747647675316
counter/5/0/0/0,12775:1747647659415:,1747647675316
counter/3/0/0/0,13588:1747647661152:,1747647675316
counter/5/0/0/0,12776:1747647659415:,1747647675316
counter/3/0/0/0,13589:1747647661152:,1747647675316
counter/5/0/0/0,12777:1747647659416:,1747647675317
counter/4/0/0/0,12942:1747647661028:,1747647675317
counter/2/0/0/0,12638:1747647659204:,1747647675318
counter/2/0/0/0,12639:1747647659204:,1747647675318
counter/2/0/0/0,12640:1747647659204:,1747647675318
counter/2/0/0/0,12641:1747647659204:,1747647675318
counter/2/0/0/0,12642:1747647659204:,1747647675318
counter/2/0/0/0,12643:1747647659204:,1747647675318
counter/2/0/0/0,12644:1747647659211:,1747647675318
counter/2/0/0/0,12645:1747647659211:,1747647675318
counter/2/0/0/0,12646:1747647659211:,1747647675318
counter/2/0/0/0,12647:1747647659211:,1747647675318
counter/1/0/0/0,13889:1747647660849:,1747647675319
counter/1/0/0/0,13890:1747647660849:,1747647675319
counter/1/0/0/0,13891:1747647660849:,1747647675319
counter/1/0/0/0,13892:1747647660849:,1747647675319
counter/3/0/0/0,13590:1747647661152:,1747647675319
counter/1/0/0/0,13893:1747647660850:,1747647675319
counter/7/0/0/0,12768:1747647659799:,1747647675319
counter/7/0/0/0,12769:1747647659799:,1747647675319
counter/3/0/0/0,13591:1747647661152:,1747647675320
counter/6/0/0/0,12493:1747647659900:,1747647675320
counter/9/0/0/0,13370:1747647659525:,1747647675320
counter/9/0/0/0,13371:1747647659525:,1747647675320
counter/9/0/0/0,13372:1747647659525:,1747647675320
counter/9/0/0/0,13373:1747647659529:,1747647675320
counter/9/0/0/0,13374:1747647659529:,1747647675320
counter/9/0/0/0,13375:1747647659529:,1747647675320
counter/9/0/0/0,13376:1747647659529:,1747647675320
counter/1/0/0/0,13894:1747647660850:,1747647675320
counter/2/0/0/0,12648:1747647659211:,1747647675320
counter/2/0/0/0,12649:1747647659211:,1747647675321
counter/7/0/0/0,12770:1747647659799:,1747647675322
counter/7/0/0/0,12771:1747647659799:,1747647675322
counter/7/0/0/0,12772:1747647659799:,1747647675322
counter/7/0/0/0,12773:1747647659802:,1747647675322
counter/7/0/0/0,12774:1747647659802:,1747647675322
counter/7/0/0/0,12775:1747647659802:,1747647675323
counter/7/0/0/0,12776:1747647659802:,1747647675323
counter/7/0/0/0,12777:1747647659802:,1747647675323
counter/4/0/0/0,12943:1747647661028:,1747647675323
counter/4/0/0/0,12944:1747647661029:,1747647675323
counter/1/0/0/0,13895:1747647660850:,1747647675323
counter/1/0/0/0,13896:1747647660850:,1747647675323
counter/1/0/0/0,13897:1747647660850:,1747647675323
counter/1/0/0/0,13898:1747647660850:,1747647675323
counter/1/0/0/0,13899:1747647660850:,1747647675323
counter/3/0/0/0,13592:1747647661152:,1747647675323
counter/6/0/0/0,12494:1747647659900:,1747647675323
counter/6/0/0/0,12495:1747647659900:,1747647675323
counter/6/0/0/0,12496:1747647659900:,1747647675323
counter/9/0/0/0,13377:1747647659529:,1747647675324
counter/9/0/0/0,13378:1747647659529:,1747647675324
counter/9/0/0/0,13379:1747647659529:,1747647675325
counter/9/0/0/0,13380:1747647659529:,1747647675325
counter/9/0/0/0,13381:1747647659529:,1747647675325
counter/9/0/0/0,13382:1747647659529:,1747647675325
counter/7/0/0/0,12778:1747647659802:,1747647675325
counter/9/0/0/0,13383:1747647659529:,1747647675325
counter/8/0/0/0,13022:1747647659439:,1747647675325
counter/9/0/0/0,13384:1747647659529:,1747647675325
counter/9/0/0/0,13385:1747647659529:,1747647675325
counter/10/0/0/0,12207:1747647659663:,1747647675325
counter/9/0/0/0,13386:1747647659529:,1747647675325
counter/3/0/0/0,13593:1747647661153:,1747647675325
counter/9/0/0/0,13387:1747647659529:,1747647675325
counter/9/0/0/0,13388:1747647659551:,1747647675325
counter/9/0/0/0,13389:1747647659551:,1747647675325
counter/9/0/0/0,13390:1747647659552:,1747647675325
counter/9/0/0/0,13391:1747647659552:,1747647675325
counter/7/0/0/0,12779:1747647659802:,1747647675326
counter/5/0/0/0,12778:1747647659416:,1747647675326
counter/10/0/0/0,12208:1747647659663:,1747647675327
counter/9/0/0/0,13392:1747647659552:,1747647675327
counter/10/0/0/0,12209:1747647659663:,1747647675327
counter/9/0/0/0,13393:1747647659552:,1747647675327
counter/3/0/0/0,13594:1747647661153:,1747647675327
counter/2/0/0/0,12650:1747647659211:,1747647675328
counter/2/0/0/0,12651:1747647659211:,1747647675328
counter/2/0/0/0,12652:1747647659211:,1747647675328
counter/2/0/0/0,12653:1747647659211:,1747647675328
counter/2/0/0/0,12654:1747647659211:,1747647675328
counter/2/0/0/0,12655:1747647659211:,1747647675328
counter/2/0/0/0,12656:1747647659211:,1747647675328
counter/2/0/0/0,12657:1747647659211:,1747647675328
counter/2/0/0/0,12658:1747647659211:,1747647675328
counter/2/0/0/0,12659:1747647659211:,1747647675328
counter/2/0/0/0,12660:1747647659211:,1747647675328
counter/2/0/0/0,12661:1747647659214:,1747647675328
counter/2/0/0/0,12662:1747647659214:,1747647675328
counter/2/0/0/0,12663:1747647659215:,1747647675328
counter/2/0/0/0,12664:1747647659215:,1747647675328
counter/2/0/0/0,12665:1747647659215:,1747647675329
counter/2/0/0/0,12666:1747647659215:,1747647675329
counter/2/0/0/0,12667:1747647659215:,1747647675329
counter/2/0/0/0,12668:1747647659215:,1747647675329
counter/2/0/0/0,12669:1747647659215:,1747647675329
counter/2/0/0/0,12670:1747647659215:,1747647675329
counter/2/0/0/0,12671:1747647659215:,1747647675329
counter/8/0/0/0,13023:1747647659439:,1747647675329
counter/2/0/0/0,12672:1747647659215:,1747647675329
counter/2/0/0/0,12673:1747647659215:,1747647675329
counter/2/0/0/0,12674:1747647659215:,1747647675330
counter/2/0/0/0,12675:1747647659215:,1747647675330
counter/8/0/0/0,13024:1747647659439:,1747647675330
counter/6/0/0/0,12497:1747647659900:,1747647675330
counter/6/0/0/0,12498:1747647659926:,1747647675330
counter/6/0/0/0,12499:1747647659926:,1747647675330
counter/6/0/0/0,12500:1747647659926:,1747647675330
counter/5/0/0/0,12779:1747647659416:,1747647675330
counter/1/0/0/0,13900:1747647660850:,1747647675330
counter/5/0/0/0,12780:1747647659416:,1747647675331
counter/1/0/0/0,13901:1747647660850:,1747647675331
counter/4/0/0/0,12945:1747647661029:,1747647675331
counter/10/0/0/0,12210:1747647659663:,1747647675331
counter/5/0/0/0,12781:1747647659416:,1747647675331
counter/7/0/0/0,12780:1747647659802:,1747647675331
counter/1/0/0/0,13902:1747647660850:,1747647675331
counter/7/0/0/0,12781:1747647659802:,1747647675331
counter/4/0/0/0,12946:1747647661029:,1747647675331
counter/4/0/0/0,12947:1747647661029:,1747647675331
counter/4/0/0/0,12948:1747647661029:,1747647675331
counter/4/0/0/0,12949:1747647661030:,1747647675331
counter/3/0/0/0,13595:1747647661153:,1747647675331
counter/5/0/0/0,12782:1747647659416:,1747647675331
counter/5/0/0/0,12783:1747647659416:,1747647675332
counter/5/0/0/0,12784:1747647659416:,1747647675332
counter/5/0/0/0,12785:1747647659416:,1747647675332
counter/5/0/0/0,12786:1747647659416:,1747647675332
counter/1/0/0/0,13903:1747647660851:,1747647675333
counter/1/0/0/0,13904:1747647660851:,1747647675333
counter/1/0/0/0,13905:1747647660851:,1747647675333
counter/1/0/0/0,13906:1747647660851:,1747647675333
counter/1/0/0/0,13907:1747647660853:,1747647675333
counter/1/0/0/0,13908:1747647660853:,1747647675333
counter/9/0/0/0,13394:1747647659552:,1747647675334
counter/9/0/0/0,13395:1747647659552:,1747647675334
counter/9/0/0/0,13396:1747647659552:,1747647675334
counter/9/0/0/0,13397:1747647659552:,1747647675334
counter/3/0/0/0,13596:1747647661154:,1747647675334
counter/8/0/0/0,13025:1747647659462:,1747647675334
counter/6/0/0/0,12501:1747647659926:,1747647675334
counter/6/0/0/0,12502:1747647659926:,1747647675334
counter/6/0/0/0,12503:1747647659926:,1747647675334
counter/9/0/0/0,13398:1747647659552:,1747647675334
counter/7/0/0/0,12782:1747647659802:,1747647675335
counter/8/0/0/0,13026:1747647659462:,1747647675336
counter/3/0/0/0,13597:1747647661154:,1747647675337
counter/6/0/0/0,12504:1747647659926:,1747647675337
counter/5/0/0/0,12787:1747647659416:,1747647675338
counter/4/0/0/0,12950:1747647661030:,1747647675338
counter/4/0/0/0,12951:1747647661030:,1747647675338
counter/4/0/0/0,12952:1747647661030:,1747647675338
counter/4/0/0/0,12953:1747647661030:,1747647675338
counter/4/0/0/0,12954:1747647661030:,1747647675338
counter/4/0/0/0,12955:1747647661030:,1747647675338
counter/6/0/0/0,12505:1747647659926:,1747647675338
counter/10/0/0/0,12211:1747647659663:,1747647675338
counter/10/0/0/0,12212:1747647659665:,1747647675339
counter/5/0/0/0,12788:1747647659416:,1747647675339
counter/5/0/0/0,12789:1747647659416:,1747647675339
counter/6/0/0/0,12506:1747647659926:,1747647675339
counter/6/0/0/0,12507:1747647659926:,1747647675340
counter/6/0/0/0,12508:1747647659930:,1747647675340
counter/6/0/0/0,12509:1747647659930:,1747647675340
counter/6/0/0/0,12510:1747647659930:,1747647675340
counter/6/0/0/0,12511:1747647659930:,1747647675340
counter/6/0/0/0,12512:1747647659930:,1747647675340
counter/6/0/0/0,12513:1747647659930:,1747647675340
counter/6/0/0/0,12514:1747647659930:,1747647675340
counter/6/0/0/0,12515:1747647659930:,1747647675340
counter/6/0/0/0,12516:1747647659930:,1747647675340
counter/6/0/0/0,12517:1747647659930:,1747647675340
counter/6/0/0/0,12518:1747647659930:,1747647675340
counter/6/0/0/0,12519:1747647659930:,1747647675340
counter/6/0/0/0,12520:1747647659930:,1747647675340
counter/4/0/0/0,12956:1747647661031:,1747647675340
counter/5/0/0/0,12790:1747647659416:,1747647675340
counter/4/0/0/0,12957:1747647661031:,1747647675340
counter/6/0/0/0,12521:1747647659930:,1747647675340
counter/6/0/0/0,12522:1747647659930:,1747647675341
counter/6/0/0/0,12523:1747647659930:,1747647675341
counter/6/0/0/0,12524:1747647659930:,1747647675341
counter/6/0/0/0,12525:1747647659930:,1747647675341
counter/6/0/0/0,12526:1747647659930:,1747647675341
counter/6/0/0/0,12527:1747647659931:,1747647675341
counter/6/0/0/0,12528:1747647659931:,1747647675341
counter/6/0/0/0,12529:1747647659931:,1747647675341
counter/6/0/0/0,12530:1747647659931:,1747647675341
counter/6/0/0/0,12531:1747647659931:,1747647675341
counter/4/0/0/0,12958:1747647661031:,1747647675341
counter/4/0/0/0,12959:1747647661031:,1747647675341
counter/7/0/0/0,12783:1747647659802:,1747647675341
counter/4/0/0/0,12960:1747647661031:,1747647675341
counter/4/0/0/0,12961:1747647661031:,1747647675341
counter/4/0/0/0,12962:1747647661031:,1747647675341
counter/4/0/0/0,12963:1747647661031:,1747647675341
counter/4/0/0/0,12964:1747647661031:,1747647675342
counter/4/0/0/0,12965:1747647661031:,1747647675342
counter/5/0/0/0,12791:1747647659416:,1747647675342
counter/4/0/0/0,12966:1747647661031:,1747647675343
counter/6/0/0/0,12532:1747647659931:,1747647675344
counter/6/0/0/0,12533:1747647659931:,1747647675344
counter/6/0/0/0,12534:1747647659931:,1747647675344
counter/6/0/0/0,12535:1747647659931:,1747647675345
counter/6/0/0/0,12536:1747647659933:,1747647675345
counter/6/0/0/0,12537:1747647659933:,1747647675345
counter/6/0/0/0,12538:1747647659933:,1747647675345
counter/6/0/0/0,12539:1747647659933:,1747647675345
counter/6/0/0/0,12540:1747647659933:,1747647675345
counter/6/0/0/0,12541:1747647659933:,1747647675345
counter/6/0/0/0,12542:1747647659933:,1747647675346
counter/5/0/0/0,12792:1747647659416:,1747647675346
counter/1/0/0/0,13909:1747647660853:,1747647675346
counter/5/0/0/0,12793:1747647659416:,1747647675346
counter/3/0/0/0,13598:1747647661154:,1747647675346
counter/3/0/0/0,13599:1747647661154:,1747647675346
counter/3/0/0/0,13600:1747647661154:,1747647675346
counter/3/0/0/0,13601:1747647661154:,1747647675346
counter/3/0/0/0,13602:1747647661154:,1747647675346
counter/3/0/0/0,13603:1747647661154:,1747647675346
counter/3/0/0/0,13604:1747647661154:,1747647675346
counter/3/0/0/0,13605:1747647661154:,1747647675346
counter/3/0/0/0,13606:1747647661158:,1747647675346
counter/3/0/0/0,13607:1747647661158:,1747647675346
counter/7/0/0/0,12784:1747647659802:,1747647675347
counter/7/0/0/0,12785:1747647659802:,1747647675347
counter/7/0/0/0,12786:1747647659805:,1747647675347
counter/5/0/0/0,12794:1747647659416:,1747647675347
counter/6/0/0/0,12543:1747647659933:,1747647675347
counter/6/0/0/0,12544:1747647659933:,1747647675347
counter/6/0/0/0,12545:1747647659933:,1747647675347
counter/6/0/0/0,12546:1747647659933:,1747647675347
counter/6/0/0/0,12547:1747647659933:,1747647675347
counter/6/0/0/0,12548:1747647659933:,1747647675347
counter/9/0/0/0,13399:1747647659552:,1747647675347
counter/8/0/0/0,13027:1747647659462:,1747647675347
counter/3/0/0/0,13608:1747647661158:,1747647675347
counter/3/0/0/0,13609:1747647661158:,1747647675347
counter/3/0/0/0,13610:1747647661158:,1747647675347
counter/3/0/0/0,13611:1747647661158:,1747647675347
counter/3/0/0/0,13612:1747647661158:,1747647675347
counter/3/0/0/0,13613:1747647661159:,1747647675348
counter/3/0/0/0,13614:1747647661159:,1747647675348
counter/7/0/0/0,12787:1747647659811:,1747647675348
counter/10/0/0/0,12213:1747647659665:,1747647675348
counter/2/0/0/0,12676:1747647659215:,1747647675348
counter/8/0/0/0,13028:1747647659462:,1747647675348
counter/4/0/0/0,12967:1747647661031:,1747647675349
counter/4/0/0/0,12968:1747647661031:,1747647675349
counter/2/0/0/0,12677:1747647659215:,1747647675350
counter/4/0/0/0,12969:1747647661031:,1747647675353
counter/3/0/0/0,13615:1747647661159:,1747647675353
counter/4/0/0/0,12970:1747647661031:,1747647675353
counter/4/0/0/0,12971:1747647661032:,1747647675353
counter/4/0/0/0,12972:1747647661032:,1747647675353
counter/4/0/0/0,12973:1747647661032:,1747647675353
counter/4/0/0/0,12974:1747647661033:,1747647675353
counter/4/0/0/0,12975:1747647661033:,1747647675353
counter/4/0/0/0,12976:1747647661034:,1747647675353
counter/4/0/0/0,12977:1747647661034:,1747647675353
counter/4/0/0/0,12978:1747647661034:,1747647675353
counter/4/0/0/0,12979:1747647661034:,1747647675353
counter/4/0/0/0,12980:1747647661034:,1747647675353
counter/4/0/0/0,12981:1747647661034:,1747647675354
counter/4/0/0/0,12982:1747647661034:,1747647675354
counter/4/0/0/0,12983:1747647661034:,1747647675354
counter/8/0/0/0,13029:1747647659462:,1747647675354
counter/6/0/0/0,12549:1747647659933:,1747647675354
counter/6/0/0/0,12550:1747647659933:,1747647675354
counter/6/0/0/0,12551:1747647659933:,1747647675354
counter/6/0/0/0,12552:1747647659933:,1747647675354
counter/6/0/0/0,12553:1747647659933:,1747647675354
counter/9/0/0/0,13400:1747647659554:,1747647675354
counter/5/0/0/0,12795:1747647659416:,1747647675354
counter/3/0/0/0,13616:1747647661159:,1747647675355
counter/10/0/0/0,12214:1747647659665:,1747647675355
counter/10/0/0/0,12215:1747647659665:,1747647675355
counter/10/0/0/0,12216:1747647659665:,1747647675355
counter/9/0/0/0,13401:1747647659554:,1747647675355
counter/9/0/0/0,13402:1747647659554:,1747647675355
counter/9/0/0/0,13403:1747647659554:,1747647675356
counter/9/0/0/0,13404:1747647659554:,1747647675356
counter/9/0/0/0,13405:1747647659554:,1747647675356
counter/9/0/0/0,13406:1747647659554:,1747647675356
counter/9/0/0/0,13407:1747647659554:,1747647675356
counter/9/0/0/0,13408:1747647659555:,1747647675356
counter/9/0/0/0,13409:1747647659555:,1747647675356
counter/3/0/0/0,13617:1747647661159:,1747647675356
counter/3/0/0/0,13618:1747647661159:,1747647675356
counter/3/0/0/0,13619:1747647661159:,1747647675356
counter/3/0/0/0,13620:1747647661159:,1747647675357
counter/3/0/0/0,13621:1747647661162:,1747647675357
counter/3/0/0/0,13622:1747647661162:,1747647675357
counter/8/0/0/0,13030:1747647659462:,1747647675357
counter/8/0/0/0,13031:1747647659462:,1747647675357
counter/8/0/0/0,13032:1747647659462:,1747647675357
counter/8/0/0/0,13033:1747647659462:,1747647675357
counter/3/0/0/0,13623:1747647661162:,1747647675357
counter/4/0/0/0,12984:1747647661034:,1747647675358
counter/1/0/0/0,13910:1747647660853:,1747647675358
counter/4/0/0/0,12985:1747647661034:,1747647675358
counter/7/0/0/0,12788:1747647659811:,1747647675358
counter/7/0/0/0,12789:1747647659811:,1747647675358
counter/7/0/0/0,12790:1747647659811:,1747647675358
counter/7/0/0/0,12791:1747647659811:,1747647675358
counter/7/0/0/0,12792:1747647659811:,1747647675358
counter/7/0/0/0,12793:1747647659811:,1747647675358
counter/8/0/0/0,13034:1747647659462:,1747647675359
counter/9/0/0/0,13410:1747647659555:,1747647675359
counter/1/0/0/0,13911:1747647660853:,1747647675363
counter/6/0/0/0,12554:1747647659933:,1747647675364
counter/7/0/0/0,12794:1747647659814:,1747647675364
counter/6/0/0/0,12555:1747647659933:,1747647675364
counter/6/0/0/0,12556:1747647659934:,1747647675365
counter/6/0/0/0,12557:1747647659934:,1747647675365
counter/1/0/0/0,13912:1747647660853:,1747647675365
counter/5/0/0/0,12796:1747647659416:,1747647675366
counter/6/0/0/0,12558:1747647659954:,1747647675367
counter/6/0/0/0,12559:1747647659954:,1747647675367
counter/6/0/0/0,12560:1747647659954:,1747647675367
counter/6/0/0/0,12561:1747647659954:,1747647675367
counter/6/0/0/0,12562:1747647659954:,1747647675367
counter/6/0/0/0,12563:1747647659954:,1747647675367
counter/8/0/0/0,13035:1747647659463:,1747647675367
counter/8/0/0/0,13036:1747647659471:,1747647675367
counter/8/0/0/0,13037:1747647659472:,1747647675367
counter/8/0/0/0,13038:1747647659472:,1747647675367
counter/2/0/0/0,12678:1747647659215:,1747647675367
counter/2/0/0/0,12679:1747647659215:,1747647675367
counter/4/0/0/0,12986:1747647661034:,1747647675367
counter/4/0/0/0,12987:1747647661034:,1747647675368
counter/1/0/0/0,13913:1747647660853:,1747647675369
counter/5/0/0/0,12797:1747647659416:,1747647675370
counter/5/0/0/0,12798:1747647659416:,1747647675371
counter/8/0/0/0,13039:1747647659472:,1747647675371
counter/1/0/0/0,13914:1747647660853:,1747647675371
counter/8/0/0/0,13040:1747647659472:,1747647675371
counter/8/0/0/0,13041:1747647659472:,1747647675371
counter/8/0/0/0,13042:1747647659472:,1747647675371
counter/8/0/0/0,13043:1747647659472:,1747647675371
counter/8/0/0/0,13044:1747647659472:,1747647675371
counter/8/0/0/0,13045:1747647659472:,1747647675371
counter/8/0/0/0,13046:1747647659472:,1747647675371
counter/8/0/0/0,13047:1747647659472:,1747647675371
counter/8/0/0/0,13048:1747647659472:,1747647675372
counter/8/0/0/0,13049:1747647659472:,1747647675372
counter/8/0/0/0,13050:1747647659472:,1747647675372
counter/8/0/0/0,13051:1747647659472:,1747647675372
counter/8/0/0/0,13052:1747647659472:,1747647675372
counter/8/0/0/0,13053:1747647659477:,1747647675372
counter/8/0/0/0,13054:1747647659478:,1747647675372
counter/5/0/0/0,12799:1747647659416:,1747647675372
counter/7/0/0/0,12795:1747647659814:,1747647675372
counter/6/0/0/0,12564:1747647659954:,1747647675372
counter/1/0/0/0,13915:1747647660853:,1747647675372
counter/8/0/0/0,13055:1747647659478:,1747647675372
counter/5/0/0/0,12800:1747647659416:,1747647675372
counter/7/0/0/0,12796:1747647659814:,1747647675372
counter/7/0/0/0,12797:1747647659814:,1747647675372
counter/6/0/0/0,12565:1747647659954:,1747647675373
counter/2/0/0/0,12680:1747647659215:,1747647675373
counter/4/0/0/0,12988:1747647661034:,1747647675373
counter/2/0/0/0,12681:1747647659215:,1747647675373
counter/2/0/0/0,12682:1747647659215:,1747647675373
counter/2/0/0/0,12683:1747647659215:,1747647675373
counter/5/0/0/0,12801:1747647659416:,1747647675374
counter/3/0/0/0,13624:1747647661162:,1747647675374
counter/9/0/0/0,13411:1747647659560:,1747647675374
counter/5/0/0/0,12802:1747647659416:,1747647675374
counter/9/0/0/0,13412:1747647659560:,1747647675374
counter/9/0/0/0,13413:1747647659560:,1747647675374
counter/9/0/0/0,13414:1747647659561:,1747647675374
counter/3/0/0/0,13625:1747647661162:,1747647675374
counter/3/0/0/0,13626:1747647661162:,1747647675374
counter/3/0/0/0,13627:1747647661163:,1747647675374
counter/3/0/0/0,13628:1747647661172:,1747647675374
counter/3/0/0/0,13629:1747647661172:,1747647675374
counter/3/0/0/0,13630:1747647661172:,1747647675374
counter/3/0/0/0,13631:1747647661172:,1747647675374
counter/8/0/0/0,13056:1747647659478:,1747647675375
counter/8/0/0/0,13057:1747647659478:,1747647675375
counter/8/0/0/0,13058:1747647659478:,1747647675375
counter/8/0/0/0,13059:1747647659478:,1747647675375
counter/8/0/0/0,13060:1747647659478:,1747647675375
counter/8/0/0/0,13061:1747647659478:,1747647675375
counter/4/0/0/0,12989:1747647661034:,1747647675375
counter/8/0/0/0,13062:1747647659478:,1747647675375
counter/4/0/0/0,12990:1747647661034:,1747647675375
counter/4/0/0/0,12991:1747647661034:,1747647675375
counter/3/0/0/0,13632:1747647661172:,1747647675375
counter/4/0/0/0,12992:1747647661034:,1747647675376
counter/3/0/0/0,13633:1747647661172:,1747647675376
counter/3/0/0/0,13634:1747647661172:,1747647675376
counter/3/0/0/0,13635:1747647661172:,1747647675376
counter/3/0/0/0,13636:1747647661172:,1747647675376
counter/3/0/0/0,13637:1747647661172:,1747647675376
counter/10/0/0/0,12217:1747647659665:,1747647675379
counter/3/0/0/0,13638:1747647661172:,1747647675379
counter/5/0/0/0,12803:1747647659416:,1747647675380
counter/5/0/0/0,12804:1747647659416:,1747647675381
counter/5/0/0/0,12805:1747647659416:,1747647675381
counter/5/0/0/0,12806:1747647659416:,1747647675381
counter/5/0/0/0,12807:1747647659416:,1747647675381
counter/5/0/0/0,12808:1747647659416:,1747647675381
counter/7/0/0/0,12798:1747647659814:,1747647675382
counter/10/0/0/0,12218:1747647659665:,1747647675383
counter/6/0/0/0,12566:1747647659954:,1747647675383
counter/1/0/0/0,13916:1747647660853:,1747647675383
counter/1/0/0/0,13917:1747647660853:,1747647675383
counter/1/0/0/0,13918:1747647660854:,1747647675383
counter/1/0/0/0,13919:1747647660854:,1747647675383
counter/1/0/0/0,13920:1747647660854:,1747647675384
counter/3/0/0/0,13639:1747647661172:,1747647675384
counter/3/0/0/0,13640:1747647661172:,1747647675384
counter/9/0/0/0,13415:1747647659561:,1747647675384
counter/3/0/0/0,13641:1747647661172:,1747647675384
counter/6/0/0/0,12567:1747647659954:,1747647675384
counter/3/0/0/0,13642:1747647661172:,1747647675384
counter/6/0/0/0,12568:1747647659954:,1747647675384
counter/3/0/0/0,13643:1747647661172:,1747647675384
counter/6/0/0/0,12569:1747647659954:,1747647675384
counter/3/0/0/0,13644:1747647661173:,1747647675385
counter/6/0/0/0,12570:1747647659954:,1747647675385
counter/3/0/0/0,13645:1747647661173:,1747647675385
counter/6/0/0/0,12571:1747647659954:,1747647675385
counter/3/0/0/0,13646:1747647661173:,1747647675385
counter/6/0/0/0,12572:1747647659954:,1747647675385
counter/6/0/0/0,12573:1747647659954:,1747647675385
counter/6/0/0/0,12574:1747647659954:,1747647675385
counter/6/0/0/0,12575:1747647659954:,1747647675385
counter/6/0/0/0,12576:1747647659955:,1747647675385
counter/3/0/0/0,13647:1747647661173:,1747647675385
counter/6/0/0/0,12577:1747647659955:,1747647675387
counter/8/0/0/0,13063:1747647659478:,1747647675387
counter/8/0/0/0,13064:1747647659480:,1747647675387
counter/8/0/0/0,13065:1747647659480:,1747647675387
counter/2/0/0/0,12684:1747647659216:,1747647675387
counter/5/0/0/0,12809:1747647659416:,1747647675387
counter/5/0/0/0,12810:1747647659416:,1747647675388
counter/10/0/0/0,12219:1747647659665:,1747647675388
counter/10/0/0/0,12220:1747647659665:,1747647675388
counter/10/0/0/0,12221:1747647659665:,1747647675388
counter/3/0/0/0,13648:1747647661173:,1747647675388
counter/6/0/0/0,12578:1747647659955:,1747647675389
counter/6/0/0/0,12579:1747647659955:,1747647675390
counter/6/0/0/0,12580:1747647659955:,1747647675390
counter/6/0/0/0,12581:1747647659955:,1747647675390
counter/6/0/0/0,12582:1747647659963:,1747647675390
counter/6/0/0/0,12583:1747647659963:,1747647675390
counter/6/0/0/0,12584:1747647659964:,1747647675390
counter/6/0/0/0,12585:1747647659964:,1747647675390
counter/6/0/0/0,12586:1747647659967:,1747647675390
counter/6/0/0/0,12587:1747647659967:,1747647675390
counter/6/0/0/0,12588:1747647659967:,1747647675390
counter/6/0/0/0,12589:1747647659967:,1747647675390
counter/6/0/0/0,12590:1747647659967:,1747647675390
counter/6/0/0/0,12591:1747647659967:,1747647675390
counter/6/0/0/0,12592:1747647659967:,1747647675390
counter/6/0/0/0,12593:1747647659967:,1747647675390
counter/8/0/0/0,13066:1747647659480:,1747647675390
counter/5/0/0/0,12811:1747647659416:,1747647675390
counter/3/0/0/0,13649:1747647661173:,1747647675391
counter/3/0/0/0,13650:1747647661173:,1747647675391
counter/3/0/0/0,13651:1747647661173:,1747647675391
counter/3/0/0/0,13652:1747647661173:,1747647675391
counter/3/0/0/0,13653:1747647661179:,1747647675391
counter/3/0/0/0,13654:1747647661179:,1747647675391
counter/3/0/0/0,13655:1747647661179:,1747647675391
counter/9/0/0/0,13416:1747647659561:,1747647675391
counter/9/0/0/0,13417:1747647659561:,1747647675391
counter/9/0/0/0,13418:1747647659562:,1747647675392
counter/9/0/0/0,13419:1747647659562:,1747647675392
counter/9/0/0/0,13420:1747647659562:,1747647675392
counter/9/0/0/0,13421:1747647659562:,1747647675392
counter/9/0/0/0,13422:1747647659566:,1747647675392
counter/9/0/0/0,13423:1747647659566:,1747647675392
counter/9/0/0/0,13424:1747647659566:,1747647675392
counter/9/0/0/0,13425:1747647659566:,1747647675392
counter/9/0/0/0,13426:1747647659566:,1747647675392
counter/6/0/0/0,12594:1747647659967:,1747647675392
counter/6/0/0/0,12595:1747647659967:,1747647675392
counter/6/0/0/0,12596:1747647659967:,1747647675392
counter/6/0/0/0,12597:1747647659967:,1747647675392
counter/6/0/0/0,12598:1747647659979:,1747647675392
counter/6/0/0/0,12599:1747647659979:,1747647675392
counter/6/0/0/0,12600:1747647659979:,1747647675392
counter/6/0/0/0,12601:1747647659979:,1747647675393
counter/6/0/0/0,12602:1747647659979:,1747647675393
counter/6/0/0/0,12603:1747647659979:,1747647675393
counter/6/0/0/0,12604:1747647659979:,1747647675393
counter/6/0/0/0,12605:1747647659979:,1747647675393
counter/6/0/0/0,12606:1747647659979:,1747647675393
counter/9/0/0/0,13427:1747647659566:,1747647675394
counter/9/0/0/0,13428:1747647659567:,1747647675394
counter/2/0/0/0,12685:1747647659216:,1747647675395
counter/2/0/0/0,12686:1747647659216:,1747647675395
counter/2/0/0/0,12687:1747647659216:,1747647675395
counter/2/0/0/0,12688:1747647659216:,1747647675395
counter/9/0/0/0,13429:1747647659567:,1747647675395
counter/9/0/0/0,13430:1747647659567:,1747647675395
counter/3/0/0/0,13656:1747647661179:,1747647675395
counter/3/0/0/0,13657:1747647661180:,1747647675395
counter/3/0/0/0,13658:1747647661180:,1747647675395
counter/3/0/0/0,13659:1747647661180:,1747647675395
counter/3/0/0/0,13660:1747647661180:,1747647675396
counter/3/0/0/0,13661:1747647661180:,1747647675396
counter/3/0/0/0,13662:1747647661180:,1747647675396
counter/3/0/0/0,13663:1747647661180:,1747647675396
counter/3/0/0/0,13664:1747647661180:,1747647675396
counter/2/0/0/0,12689:1747647659216:,1747647675396
counter/3/0/0/0,13665:1747647661180:,1747647675396
counter/8/0/0/0,13067:1747647659480:,1747647675396
counter/3/0/0/0,13666:1747647661180:,1747647675396
counter/5/0/0/0,12812:1747647659417:,1747647675397
counter/6/0/0/0,12607:1747647659979:,1747647675397
counter/10/0/0/0,12222:1747647659665:,1747647675399
counter/5/0/0/0,12813:1747647659417:,1747647675399
counter/5/0/0/0,12814:1747647659417:,1747647675399
counter/5/0/0/0,12815:1747647659421:,1747647675399
counter/3/0/0/0,13667:1747647661180:,1747647675401
counter/6/0/0/0,12608:1747647659979:,1747647675403
counter/4/0/0/0,12993:1747647661034:,1747647675403
counter/1/0/0/0,13921:1747647660854:,1747647675404
counter/4/0/0/0,12994:1747647661037:,1747647675404
counter/4/0/0/0,12995:1747647661037:,1747647675404
counter/4/0/0/0,12996:1747647661037:,1747647675404
counter/2/0/0/0,12690:1747647659216:,1747647675404
counter/8/0/0/0,13068:1747647659480:,1747647675404
counter/4/0/0/0,12997:1747647661037:,1747647675404
counter/5/0/0/0,12816:1747647659421:,1747647675406
counter/5/0/0/0,12817:1747647659421:,1747647675406
counter/5/0/0/0,12818:1747647659421:,1747647675406
counter/5/0/0/0,12819:1747647659421:,1747647675407
counter/6/0/0/0,12609:1747647659979:,1747647675407
counter/9/0/0/0,13431:1747647659567:,1747647675407
counter/9/0/0/0,13432:1747647659568:,1747647675407
counter/9/0/0/0,13433:1747647659568:,1747647675407
counter/9/0/0/0,13434:1747647659568:,1747647675407
counter/9/0/0/0,13435:1747647659568:,1747647675407
counter/9/0/0/0,13436:1747647659568:,1747647675408
counter/9/0/0/0,13437:1747647659568:,1747647675408
counter/9/0/0/0,13438:1747647659569:,1747647675408
counter/9/0/0/0,13439:1747647659569:,1747647675408
counter/9/0/0/0,13440:1747647659569:,1747647675408
counter/9/0/0/0,13441:1747647659569:,1747647675408
counter/9/0/0/0,13442:1747647659569:,1747647675408
counter/3/0/0/0,13668:1747647661180:,1747647675409
counter/8/0/0/0,13069:1747647659480:,1747647675409
counter/5/0/0/0,12820:1747647659421:,1747647675409
counter/5/0/0/0,12821:1747647659421:,1747647675409
counter/5/0/0/0,12822:1747647659421:,1747647675409
counter/5/0/0/0,12823:1747647659421:,1747647675409
counter/6/0/0/0,12610:1747647659979:,1747647675409
counter/6/0/0/0,12611:1747647659984:,1747647675409
counter/6/0/0/0,12612:1747647659984:,1747647675409
counter/6/0/0/0,12613:1747647659984:,1747647675409
counter/2/0/0/0,12691:1747647659216:,1747647675409
counter/6/0/0/0,12614:1747647659984:,1747647675410
counter/1/0/0/0,13922:1747647660855:,1747647675410
counter/6/0/0/0,12615:1747647659984:,1747647675410
counter/5/0/0/0,12824:1747647659421:,1747647675413
counter/3/0/0/0,13669:1747647661180:,1747647675415
counter/5/0/0/0,12825:1747647659421:,1747647675415
counter/3/0/0/0,13670:1747647661180:,1747647675415
counter/5/0/0/0,12826:1747647659421:,1747647675415
counter/5/0/0/0,12827:1747647659421:,1747647675415
counter/5/0/0/0,12828:1747647659421:,1747647675415
counter/5/0/0/0,12829:1747647659421:,1747647675415
counter/5/0/0/0,12830:1747647659421:,1747647675415
counter/5/0/0/0,12831:1747647659422:,1747647675415
counter/5/0/0/0,12832:1747647659422:,1747647675415
counter/5/0/0/0,12833:1747647659422:,1747647675415
counter/9/0/0/0,13443:1747647659569:,1747647675416
counter/5/0/0/0,12834:1747647659422:,1747647675416
counter/3/0/0/0,13671:1747647661180:,1747647675416
counter/3/0/0/0,13672:1747647661180:,1747647675416
counter/5/0/0/0,12835:1747647659422:,1747647675418
counter/4/0/0/0,12998:1747647661037:,1747647675420
counter/5/0/0/0,12836:1747647659422:,1747647675420
counter/4/0/0/0,12999:1747647661037:,1747647675420
counter/1/0/0/0,13923:1747647660855:,1747647675420
counter/3/0/0/0,13673:1747647661180:,1747647675420
counter/6/0/0/0,12616:1747647659984:,1747647675421
counter/3/0/0/0,13674:1747647661180:,1747647675421
counter/7/0/0/0,12799:1747647659814:,1747647675421
counter/3/0/0/0,13675:1747647661180:,1747647675421
counter/3/0/0/0,13676:1747647661180:,1747647675421
counter/3/0/0/0,13677:1747647661180:,1747647675421
counter/3/0/0/0,13678:1747647661180:,1747647675422
counter/3/0/0/0,13679:1747647661180:,1747647675422
counter/3/0/0/0,13680:1747647661180:,1747647675422
counter/3/0/0/0,13681:1747647661180:,1747647675422
counter/3/0/0/0,13682:1747647661180:,1747647675422
counter/9/0/0/0,13444:1747647659569:,1747647675422
counter/9/0/0/0,13445:1747647659569:,1747647675422
counter/5/0/0/0,12837:1747647659422:,1747647675422
counter/8/0/0/0,13070:1747647659480:,1747647675422
counter/5/0/0/0,12838:1747647659422:,1747647675423
counter/5/0/0/0,12839:1747647659422:,1747647675423
counter/5/0/0/0,12840:1747647659422:,1747647675423
counter/5/0/0/0,12841:1747647659422:,1747647675423
counter/6/0/0/0,12617:1747647659984:,1747647675423
counter/5/0/0/0,12842:1747647659422:,1747647675423
counter/7/0/0/0,12800:1747647659814:,1747647675423
counter/5/0/0/0,12843:1747647659422:,1747647675423
counter/7/0/0/0,12801:1747647659814:,1747647675423
counter/5/0/0/0,12844:1747647659422:,1747647675423
counter/7/0/0/0,12802:1747647659814:,1747647675423
counter/3/0/0/0,13683:1747647661180:,1747647675423
counter/3/0/0/0,13684:1747647661180:,1747647675423
counter/3/0/0/0,13685:1747647661180:,1747647675423
counter/3/0/0/0,13686:1747647661180:,1747647675423
counter/3/0/0/0,13687:1747647661180:,1747647675423
counter/3/0/0/0,13688:1747647661180:,1747647675424
counter/3/0/0/0,13689:1747647661180:,1747647675424
counter/1/0/0/0,13924:1747647660855:,1747647675424
counter/8/0/0/0,13071:1747647659485:,1747647675424
counter/5/0/0/0,12845:1747647659422:,1747647675424
counter/8/0/0/0,13072:1747647659485:,1747647675424
counter/8/0/0/0,13073:1747647659485:,1747647675424
counter/10/0/0/0,12223:1747647659665:,1747647675425
counter/10/0/0/0,12224:1747647659665:,1747647675425
counter/1/0/0/0,13925:1747647660855:,1747647675425
counter/1/0/0/0,13926:1747647660855:,1747647675425
counter/1/0/0/0,13927:1747647660855:,1747647675425
counter/9/0/0/0,13446:1747647659569:,1747647675425
counter/1/0/0/0,13928:1747647660855:,1747647675426
counter/1/0/0/0,13929:1747647660858:,1747647675427
counter/1/0/0/0,13930:1747647660858:,1747647675427
counter/1/0/0/0,13931:1747647660858:,1747647675427
counter/3/0/0/0,13690:1747647661180:,1747647675427
counter/1/0/0/0,13932:1747647660859:,1747647675427
counter/3/0/0/0,13691:1747647661181:,1747647675427
counter/5/0/0/0,12846:1747647659422:,1747647675427
counter/6/0/0/0,12618:1747647659984:,1747647675427
counter/10/0/0/0,12225:1747647659665:,1747647675427
counter/10/0/0/0,12226:1747647659665:,1747647675427
counter/10/0/0/0,12227:1747647659665:,1747647675427
counter/10/0/0/0,12228:1747647659665:,1747647675427
counter/10/0/0/0,12229:1747647659665:,1747647675427
counter/10/0/0/0,12230:1747647659665:,1747647675427
counter/10/0/0/0,12231:1747647659665:,1747647675427
counter/10/0/0/0,12232:1747647659665:,1747647675427
counter/10/0/0/0,12233:1747647659665:,1747647675428
counter/10/0/0/0,12234:1747647659665:,1747647675428
counter/4/0/0/0,13000:1747647661038:,1747647675428
counter/1/0/0/0,13933:1747647660859:,1747647675429
counter/1/0/0/0,13934:1747647660859:,1747647675429
counter/1/0/0/0,13935:1747647660859:,1747647675429
counter/1/0/0/0,13936:1747647660859:,1747647675430
counter/1/0/0/0,13937:1747647660859:,1747647675430
counter/1/0/0/0,13938:1747647660859:,1747647675430
counter/1/0/0/0,13939:1747647660859:,1747647675430
counter/1/0/0/0,13940:1747647660859:,1747647675430
counter/1/0/0/0,13941:1747647660859:,1747647675431
counter/1/0/0/0,13942:1747647660859:,1747647675431
counter/1/0/0/0,13943:1747647660859:,1747647675431
counter/1/0/0/0,13944:1747647660860:,1747647675431
counter/9/0/0/0,13447:1747647659569:,1747647675431
counter/10/0/0/0,12235:1747647659666:,1747647675431
counter/4/0/0/0,13001:1747647661038:,1747647675431
counter/4/0/0/0,13002:1747647661039:,1747647675431
counter/1/0/0/0,13945:1747647660860:,1747647675434
counter/6/0/0/0,12619:1747647659991:,1747647675437
counter/6/0/0/0,12620:1747647659992:,1747647675437
counter/6/0/0/0,12621:1747647659993:,1747647675437
counter/6/0/0/0,12622:1747647659993:,1747647675437
counter/7/0/0/0,12803:1747647659814:,1747647675437
counter/6/0/0/0,12623:1747647659993:,1747647675437
counter/7/0/0/0,12804:1747647659814:,1747647675437
counter/7/0/0/0,12805:1747647659814:,1747647675437
counter/9/0/0/0,13448:1747647659569:,1747647675437
counter/10/0/0/0,12236:1747647659666:,1747647675439
counter/10/0/0/0,12237:1747647659666:,1747647675439
counter/10/0/0/0,12238:1747647659666:,1747647675440
counter/1/0/0/0,13946:1747647660861:,1747647676123
counter/6/0/0/0,12624:1747647659993:,1747647676123
counter/6/0/0/0,12625:1747647659993:,1747647676123
counter/6/0/0/0,12626:1747647659993:,1747647676123
counter/6/0/0/0,12627:1747647659993:,1747647676124
counter/6/0/0/0,12628:1747647659993:,1747647676124
counter/6/0/0/0,12629:1747647659993:,1747647676124
counter/9/0/0/0,13449:1747647659569:,1747647676124
counter/9/0/0/0,13450:1747647659569:,1747647676124
counter/3/0/0/0,13692:1747647661181:,1747647676124
counter/10/0/0/0,12239:1747647659668:,1747647676125
counter/10/0/0/0,12240:1747647659668:,1747647676125
counter/4/0/0/0,13003:1747647661052:,1747647676125
counter/4/0/0/0,13004:1747647661082:,1747647676125
counter/5/0/0/0,12847:1747647659422:,1747647676125
counter/6/0/0/0,12630:1747647659993:,1747647676125
counter/6/0/0/0,12631:1747647659993:,1747647676126
counter/8/0/0/0,13074:1747647659485:,1747647676126
counter/8/0/0/0,13075:1747647659485:,1747647676126
counter/8/0/0/0,13076:1747647659485:,1747647676126
counter/8/0/0/0,13077:1747647659485:,1747647676126
counter/2/0/0/0,12692:1747647659235:,1747647676126
counter/3/0/0/0,13693:1747647661181:,1747647676126
counter/3/0/0/0,13694:1747647661181:,1747647676126
counter/3/0/0/0,13695:1747647661184:,1747647676126
counter/3/0/0/0,13696:1747647661184:,1747647676126
counter/3/0/0/0,13697:1747647661184:,1747647676126
counter/3/0/0/0,13698:1747647661184:,1747647676126
counter/3/0/0/0,13699:1747647661184:,1747647676126
counter/3/0/0/0,13700:1747647661204:,1747647676126
counter/1/0/0/0,13947:1747647660861:,1747647676127
counter/5/0/0/0,12848:1747647659424:,1747647676127
counter/5/0/0/0,12849:1747647659424:,1747647676127
counter/9/0/0/0,13451:1747647659569:,1747647676127
counter/3/0/0/0,13701:1747647661204:,1747647676127
counter/3/0/0/0,13702:1747647661204:,1747647676127
counter/1/0/0/0,13948:1747647660861:,1747647676127
counter/1/0/0/0,13949:1747647660861:,1747647676127
counter/10/0/0/0,12241:1747647659668:,1747647676127
counter/1/0/0/0,13950:1747647660861:,1747647676128
counter/5/0/0/0,12850:1747647659424:,1747647676128
counter/1/0/0/0,13951:1747647660861:,1747647676128
counter/1/0/0/0,13952:1747647660861:,1747647676128
counter/1/0/0/0,13953:1747647660861:,1747647676128
counter/1/0/0/0,13954:1747647660861:,1747647676128
counter/1/0/0/0,13955:1747647660861:,1747647676128
counter/1/0/0/0,13956:1747647660861:,1747647676128
counter/1/0/0/0,13957:1747647660861:,1747647676128
counter/1/0/0/0,13958:1747647660861:,1747647676128
counter/7/0/0/0,12806:1747647659814:,1747647676128
counter/6/0/0/0,12632:1747647659993:,1747647676128
counter/1/0/0/0,13959:1747647660861:,1747647676128
counter/1/0/0/0,13960:1747647660861:,1747647676128
counter/1/0/0/0,13961:1747647660866:,1747647676128
counter/1/0/0/0,13962:1747647660866:,1747647676128
counter/1/0/0/0,13963:1747647660866:,1747647676129
counter/1/0/0/0,13964:1747647660866:,1747647676129
counter/1/0/0/0,13965:1747647660869:,1747647676129
counter/1/0/0/0,13966:1747647660869:,1747647676129
counter/1/0/0/0,13967:1747647660869:,1747647676129
counter/1/0/0/0,13968:1747647660869:,1747647676129
counter/1/0/0/0,13969:1747647660870:,1747647676129
counter/1/0/0/0,13970:1747647660870:,1747647676129
counter/7/0/0/0,12807:1747647659814:,1747647676129
counter/1/0/0/0,13971:1747647660870:,1747647676129
counter/5/0/0/0,12851:1747647659424:,1747647676129
counter/1/0/0/0,13972:1747647660877:,1747647676129
counter/6/0/0/0,12633:1747647659993:,1747647676129
counter/1/0/0/0,13973:1747647660877:,1747647676130
counter/8/0/0/0,13078:1747647659486:,1747647676130
counter/1/0/0/0,13974:1747647660877:,1747647676130
counter/1/0/0/0,13975:1747647660877:,1747647676130
counter/3/0/0/0,13703:1747647661204:,1747647676130
counter/3/0/0/0,13704:1747647661204:,1747647676130
counter/3/0/0/0,13705:1747647661204:,1747647676130
counter/3/0/0/0,13706:1747647661204:,1747647676130
counter/3/0/0/0,13707:1747647661204:,1747647676130
counter/5/0/0/0,12852:1747647659424:,1747647676130
counter/6/0/0/0,12634:1747647659993:,1747647676130
counter/6/0/0/0,12635:1747647659993:,1747647676130
counter/8/0/0/0,13079:1747647659486:,1747647676130
counter/7/0/0/0,12808:1747647659814:,1747647676130
counter/8/0/0/0,13080:1747647659486:,1747647676130
counter/5/0/0/0,12853:1747647659424:,1747647676131
counter/6/0/0/0,12636:1747647659993:,1747647676131
counter/8/0/0/0,13081:1747647659486:,1747647676131
counter/2/0/0/0,12693:1747647659235:,1747647676131
counter/9/0/0/0,13452:1747647659569:,1747647676131
counter/2/0/0/0,12694:1747647659235:,1747647676131
counter/8/0/0/0,13082:1747647659486:,1747647676132
counter/6/0/0/0,12637:1747647659993:,1747647676134
counter/5/0/0/0,12854:1747647659424:,1747647676134
counter/5/0/0/0,12855:1747647659424:,1747647676134
counter/5/0/0/0,12856:1747647659424:,1747647676134
counter/5/0/0/0,12857:1747647659424:,1747647676134
counter/5/0/0/0,12858:1747647659424:,1747647676134
counter/7/0/0/0,12809:1747647659814:,1747647676135
counter/5/0/0/0,12859:1747647659424:,1747647676135
counter/6/0/0/0,12638:1747647659993:,1747647676135
counter/7/0/0/0,12810:1747647659814:,1747647676135
counter/8/0/0/0,13083:1747647659486:,1747647676136
counter/8/0/0/0,13084:1747647659486:,1747647676136
counter/8/0/0/0,13085:1747647659486:,1747647676136
counter/8/0/0/0,13086:1747647659486:,1747647676136
counter/4/0/0/0,13005:1747647661082:,1747647676136
counter/10/0/0/0,12242:1747647659668:,1747647676136
counter/10/0/0/0,12243:1747647659668:,1747647676136
counter/7/0/0/0,12811:1747647659816:,1747647676137
counter/9/0/0/0,13453:1747647659569:,1747647676137
counter/2/0/0/0,12695:1747647659235:,1747647676137
counter/2/0/0/0,12696:1747647659235:,1747647676137
counter/2/0/0/0,12697:1747647659235:,1747647676137
counter/8/0/0/0,13087:1747647659486:,1747647676137
counter/1/0/0/0,13976:1747647660877:,1747647676137
counter/8/0/0/0,13088:1747647659486:,1747647676137
counter/1/0/0/0,13977:1747647660877:,1747647676137
counter/8/0/0/0,13089:1747647659490:,1747647676137
counter/4/0/0/0,13006:1747647661083:,1747647676137
counter/10/0/0/0,12244:1747647659668:,1747647676137
counter/4/0/0/0,13007:1747647661083:,1747647676137
counter/5/0/0/0,12860:1747647659424:,1747647676137
counter/5/0/0/0,12861:1747647659424:,1747647676137
counter/5/0/0/0,12862:1747647659424:,1747647676137
counter/5/0/0/0,12863:1747647659424:,1747647676138
counter/5/0/0/0,12864:1747647659424:,1747647676138
counter/5/0/0/0,12865:1747647659424:,1747647676138
counter/2/0/0/0,12698:1747647659243:,1747647676138
counter/2/0/0/0,12699:1747647659252:,1747647676138
counter/2/0/0/0,12700:1747647659252:,1747647676138
counter/1/0/0/0,13978:1747647660877:,1747647676138
counter/10/0/0/0,12245:1747647659673:,1747647676138
counter/4/0/0/0,13008:1747647661083:,1747647676138
counter/10/0/0/0,12246:1747647659674:,1747647676138
counter/9/0/0/0,13454:1747647659569:,1747647676139
counter/8/0/0/0,13090:1747647659490:,1747647676139
counter/6/0/0/0,12639:1747647659993:,1747647676139
counter/4/0/0/0,13009:1747647661083:,1747647676139
counter/5/0/0/0,12866:1747647659424:,1747647676139
counter/5/0/0/0,12867:1747647659424:,1747647676139
counter/5/0/0/0,12868:1747647659424:,1747647676139
counter/7/0/0/0,12812:1747647659816:,1747647676140
counter/8/0/0/0,13091:1747647659490:,1747647676140
counter/8/0/0/0,13092:1747647659490:,1747647676140
counter/8/0/0/0,13093:1747647659490:,1747647676140
counter/8/0/0/0,13094:1747647659490:,1747647676140
counter/8/0/0/0,13095:1747647659490:,1747647676140
counter/9/0/0/0,13455:1747647659569:,1747647676141
counter/6/0/0/0,12640:1747647659994:,1747647676143
counter/9/0/0/0,13456:1747647659569:,1747647676143
counter/8/0/0/0,13096:1747647659490:,1747647676143
counter/7/0/0/0,12813:1747647659816:,1747647676144
counter/6/0/0/0,12641:1747647659994:,1747647676144
counter/8/0/0/0,13097:1747647659490:,1747647676144
counter/1/0/0/0,13979:1747647660883:,1747647676144
counter/1/0/0/0,13980:1747647660883:,1747647676144
counter/1/0/0/0,13981:1747647660883:,1747647676144
counter/1/0/0/0,13982:1747647660883:,1747647676145
counter/1/0/0/0,13983:1747647660883:,1747647676145
counter/1/0/0/0,13984:1747647660883:,1747647676145
counter/1/0/0/0,13985:1747647660883:,1747647676145
counter/7/0/0/0,12814:1747647659816:,1747647676145
counter/4/0/0/0,13010:1747647661083:,1747647676145
counter/9/0/0/0,13457:1747647659569:,1747647676145
counter/9/0/0/0,13458:1747647659573:,1747647676146
counter/10/0/0/0,12247:1747647659674:,1747647676146
counter/10/0/0/0,12248:1747647659674:,1747647676146
counter/4/0/0/0,13011:1747647661083:,1747647676147
counter/10/0/0/0,12249:1747647659674:,1747647676147
counter/8/0/0/0,13098:1747647659490:,1747647676147
counter/10/0/0/0,12250:1747647659674:,1747647676147
counter/8/0/0/0,13099:1747647659490:,1747647676147
counter/10/0/0/0,12251:1747647659674:,1747647676147
counter/8/0/0/0,13100:1747647659490:,1747647676147
counter/1/0/0/0,13986:1747647660883:,1747647676147
counter/8/0/0/0,13101:1747647659490:,1747647676147
counter/5/0/0/0,12869:1747647659429:,1747647676147
counter/6/0/0/0,12642:1747647660012:,1747647676147
counter/6/0/0/0,12643:1747647660013:,1747647676147
counter/9/0/0/0,13459:1747647659573:,1747647676147
counter/4/0/0/0,13012:1747647661088:,1747647676147
counter/8/0/0/0,13102:1747647659490:,1747647676148
counter/5/0/0/0,12870:1747647659429:,1747647676148
counter/5/0/0/0,12871:1747647659429:,1747647676148
counter/5/0/0/0,12872:1747647659429:,1747647676148
counter/5/0/0/0,12873:1747647659429:,1747647676148
counter/5/0/0/0,12874:1747647659430:,1747647676148
counter/5/0/0/0,12875:1747647659430:,1747647676148
counter/5/0/0/0,12876:1747647659430:,1747647676148
counter/6/0/0/0,12644:1747647660013:,1747647676149
counter/6/0/0/0,12645:1747647660013:,1747647676149
counter/6/0/0/0,12646:1747647660013:,1747647676149
counter/6/0/0/0,12647:1747647660020:,1747647676149
counter/10/0/0/0,12252:1747647659674:,1747647676149
counter/6/0/0/0,12648:1747647660020:,1747647676149
counter/10/0/0/0,12253:1747647659676:,1747647676149
counter/6/0/0/0,12649:1747647660020:,1747647676149
counter/10/0/0/0,12254:1747647659676:,1747647676149
counter/10/0/0/0,12255:1747647659676:,1747647676149
counter/10/0/0/0,12256:1747647659676:,1747647676149
counter/10/0/0/0,12257:1747647659676:,1747647676149
counter/10/0/0/0,12258:1747647659676:,1747647676149
counter/10/0/0/0,12259:1747647659676:,1747647676149
counter/10/0/0/0,12260:1747647659676:,1747647676149
counter/10/0/0/0,12261:1747647659676:,1747647676149
counter/10/0/0/0,12262:1747647659677:,1747647676149
counter/2/0/0/0,12701:1747647659261:,1747647676150
counter/2/0/0/0,12702:1747647659261:,1747647676150
counter/2/0/0/0,12703:1747647659261:,1747647676150
counter/2/0/0/0,12704:1747647659261:,1747647676150
counter/2/0/0/0,12705:1747647659261:,1747647676150
counter/2/0/0/0,12706:1747647659261:,1747647676150
counter/2/0/0/0,12707:1747647659261:,1747647676150
counter/4/0/0/0,13013:1747647661088:,1747647676150
counter/2/0/0/0,12708:1747647659261:,1747647676150
counter/8/0/0/0,13103:1747647659491:,1747647676150
counter/2/0/0/0,12709:1747647659261:,1747647676151
counter/2/0/0/0,12710:1747647659261:,1747647676151
counter/2/0/0/0,12711:1747647659261:,1747647676151
counter/2/0/0/0,12712:1747647659261:,1747647676151
counter/2/0/0/0,12713:1747647659261:,1747647676151
counter/2/0/0/0,12714:1747647659264:,1747647676151
counter/2/0/0/0,12715:1747647659264:,1747647676151
counter/3/0/0/0,13708:1747647661204:,1747647676152
counter/3/0/0/0,13709:1747647661209:,1747647676152
counter/3/0/0/0,13710:1747647661209:,1747647676152
counter/3/0/0/0,13711:1747647661209:,1747647676152
counter/3/0/0/0,13712:1747647661214:,1747647676152
counter/3/0/0/0,13713:1747647661214:,1747647676152
counter/3/0/0/0,13714:1747647661214:,1747647676152
counter/3/0/0/0,13715:1747647661220:,1747647676152
counter/3/0/0/0,13716:1747647661220:,1747647676152
counter/3/0/0/0,13717:1747647661221:,1747647676152
counter/3/0/0/0,13718:1747647661221:,1747647676152
counter/4/0/0/0,13014:1747647661088:,1747647676155
counter/5/0/0/0,12877:1747647659430:,1747647676155
counter/9/0/0/0,13460:1747647659573:,1747647676155
counter/9/0/0/0,13461:1747647659573:,1747647676155
counter/9/0/0/0,13462:1747647659577:,1747647676155
counter/6/0/0/0,12650:1747647660021:,1747647676155
counter/7/0/0/0,12815:1747647659816:,1747647676156
counter/8/0/0/0,13104:1747647659499:,1747647676156
counter/1/0/0/0,13987:1747647660883:,1747647676156
counter/8/0/0/0,13105:1747647659499:,1747647676156
counter/8/0/0/0,13106:1747647659499:,1747647676156
counter/8/0/0/0,13107:1747647659499:,1747647676156
counter/8/0/0/0,13108:1747647659499:,1747647676156
counter/2/0/0/0,12716:1747647659264:,1747647676156
counter/4/0/0/0,13015:1747647661088:,1747647676156
counter/3/0/0/0,13719:1747647661221:,1747647676156
counter/4/0/0/0,13016:1747647661088:,1747647676156
counter/3/0/0/0,13720:1747647661221:,1747647676156
counter/3/0/0/0,13721:1747647661225:,1747647676156
counter/3/0/0/0,13722:1747647661225:,1747647676157
counter/3/0/0/0,13723:1747647661225:,1747647676157
counter/3/0/0/0,13724:1747647661227:,1747647676157
counter/3/0/0/0,13725:1747647661227:,1747647676157
counter/5/0/0/0,12878:1747647659430:,1747647676157
counter/6/0/0/0,12651:1747647660021:,1747647676157
counter/1/0/0/0,13988:1747647660883:,1747647676157
counter/1/0/0/0,13989:1747647660883:,1747647676157
counter/1/0/0/0,13990:1747647660890:,1747647676157
counter/1/0/0/0,13991:1747647660890:,1747647676157
counter/1/0/0/0,13992:1747647660890:,1747647676157
counter/7/0/0/0,12816:1747647659816:,1747647676158
counter/2/0/0/0,12717:1747647659264:,1747647676158
counter/7/0/0/0,12817:1747647659820:,1747647676158
counter/8/0/0/0,13109:1747647659499:,1747647676158
counter/9/0/0/0,13463:1747647659577:,1747647676159
counter/9/0/0/0,13464:1747647659577:,1747647676159
counter/1/0/0/0,13993:1747647660890:,1747647676160
counter/1/0/0/0,13994:1747647660890:,1747647676160
counter/1/0/0/0,13995:1747647660890:,1747647676160
counter/1/0/0/0,13996:1747647660890:,1747647676160
counter/1/0/0/0,13997:1747647660890:,1747647676160
counter/1/0/0/0,13998:1747647660890:,1747647676160
counter/2/0/0/0,12718:1747647659264:,1747647676160
counter/1/0/0/0,13999:1747647660890:,1747647676160
counter/10/0/0/0,12263:1747647659677:,1747647676160
counter/3/0/0/0,13726:1747647661227:,1747647676161
counter/3/0/0/0,13727:1747647661227:,1747647676161
counter/3/0/0/0,13728:1747647661227:,1747647676161
counter/3/0/0/0,13729:1747647661227:,1747647676161
counter/6/0/0/0,12652:1747647660021:,1747647676161
counter/6/0/0/0,12653:1747647660021:,1747647676161
counter/6/0/0/0,12654:1747647660021:,1747647676161
counter/6/0/0/0,12655:1747647660021:,1747647676161
counter/1/0/0/0,14000:1747647660890:,1747647676161
counter/8/0/0/0,13110:1747647659499:,1747647676161
counter/2/0/0/0,12719:1747647659264:,1747647676161
counter/8/0/0/0,13111:1747647659499:,1747647676161
counter/10/0/0/0,12264:1747647659677:,1747647676161
counter/1/0/0/0,14001:1747647660890:,1747647676163
counter/7/0/0/0,12818:1747647659820:,1747647676163
counter/10/0/0/0,12265:1747647659677:,1747647676163
counter/2/0/0/0,12720:1747647659264:,1747647676163
counter/4/0/0/0,13017:1747647661088:,1747647676164
counter/4/0/0/0,13018:1747647661088:,1747647676164
counter/4/0/0/0,13019:1747647661089:,1747647676164
counter/4/0/0/0,13020:1747647661089:,1747647676164
counter/1/0/0/0,14002:1747647660890:,1747647676165
counter/4/0/0/0,13021:1747647661089:,1747647676165
counter/1/0/0/0,14003:1747647660890:,1747647676165
counter/1/0/0/0,14004:1747647660891:,1747647676165
counter/1/0/0/0,14005:1747647660891:,1747647676165
counter/1/0/0/0,14006:1747647660891:,1747647676165
counter/10/0/0/0,12266:1747647659677:,1747647676165
counter/6/0/0/0,12656:1747647660022:,1747647676166
counter/6/0/0/0,12657:1747647660022:,1747647676166
counter/6/0/0/0,12658:1747647660022:,1747647676166
counter/6/0/0/0,12659:1747647660022:,1747647676166
counter/6/0/0/0,12660:1747647660022:,1747647676166
counter/6/0/0/0,12661:1747647660022:,1747647676166
counter/6/0/0/0,12662:1747647660022:,1747647676166
counter/6/0/0/0,12663:1747647660022:,1747647676166
counter/5/0/0/0,12879:1747647659430:,1747647676166
counter/9/0/0/0,13465:1747647659577:,1747647676166
counter/7/0/0/0,12819:1747647659820:,1747647676168
counter/7/0/0/0,12820:1747647659820:,1747647676168
counter/1/0/0/0,14007:1747647660911:,1747647676168
counter/1/0/0/0,14008:1747647660918:,1747647676168
counter/1/0/0/0,14009:1747647660918:,1747647676168
counter/1/0/0/0,14010:1747647660919:,1747647676168
counter/1/0/0/0,14011:1747647660919:,1747647676168
counter/1/0/0/0,14012:1747647660919:,1747647676168
counter/1/0/0/0,14013:1747647660919:,1747647676168
counter/1/0/0/0,14014:1747647660921:,1747647676168
counter/1/0/0/0,14015:1747647660921:,1747647676168
counter/1/0/0/0,14016:1747647660921:,1747647676168
counter/1/0/0/0,14017:1747647660921:,1747647676168
counter/1/0/0/0,14018:1747647660921:,1747647676168
counter/6/0/0/0,12664:1747647660022:,1747647676168
counter/9/0/0/0,13466:1747647659577:,1747647676168
counter/4/0/0/0,13022:1747647661089:,1747647676168
counter/7/0/0/0,12821:1747647659820:,1747647676168
counter/10/0/0/0,12267:1747647659677:,1747647676169
counter/6/0/0/0,12665:1747647660028:,1747647676169
counter/4/0/0/0,13023:1747647661089:,1747647676169
counter/9/0/0/0,13467:1747647659586:,1747647676170
counter/9/0/0/0,13468:1747647659586:,1747647676170
counter/9/0/0/0,13469:1747647659586:,1747647676170
counter/9/0/0/0,13470:1747647659587:,1747647676170
counter/5/0/0/0,12880:1747647659430:,1747647676170
counter/5/0/0/0,12881:1747647659430:,1747647676170
counter/5/0/0/0,12882:1747647659430:,1747647676170
counter/5/0/0/0,12883:1747647659430:,1747647676170
counter/1/0/0/0,14019:1747647660921:,1747647676170
counter/1/0/0/0,14020:1747647660922:,1747647676170
counter/1/0/0/0,14021:1747647660927:,1747647676170
counter/1/0/0/0,14022:1747647660927:,1747647676170
counter/1/0/0/0,14023:1747647660927:,1747647676171
counter/2/0/0/0,12721:1747647659264:,1747647676171
counter/6/0/0/0,12666:1747647660028:,1747647676171
counter/6/0/0/0,12667:1747647660028:,1747647676171
counter/6/0/0/0,12668:1747647660028:,1747647676171
counter/6/0/0/0,12669:1747647660028:,1747647676171
counter/6/0/0/0,12670:1747647660028:,1747647676171
counter/6/0/0/0,12671:1747647660028:,1747647676171
counter/6/0/0/0,12672:1747647660028:,1747647676171
counter/6/0/0/0,12673:1747647660028:,1747647676171
counter/8/0/0/0,13112:1747647659499:,1747647676172
counter/8/0/0/0,13113:1747647659499:,1747647676172
counter/7/0/0/0,12822:1747647659820:,1747647676172
counter/8/0/0/0,13114:1747647659499:,1747647676172
counter/8/0/0/0,13115:1747647659499:,1747647676172
counter/8/0/0/0,13116:1747647659499:,1747647676172
counter/8/0/0/0,13117:1747647659499:,1747647676172
counter/8/0/0/0,13118:1747647659499:,1747647676172
counter/6/0/0/0,12674:1747647660028:,1747647676172
counter/8/0/0/0,13119:1747647659499:,1747647676173
counter/4/0/0/0,13024:1747647661089:,1747647676173
counter/7/0/0/0,12823:1747647659822:,1747647676173
counter/4/0/0/0,13025:1747647661089:,1747647676173
counter/5/0/0/0,12884:1747647659430:,1747647676174
counter/4/0/0/0,13026:1747647661089:,1747647676174
counter/4/0/0/0,13027:1747647661089:,1747647676174
counter/4/0/0/0,13028:1747647661089:,1747647676174
counter/4/0/0/0,13029:1747647661089:,1747647676174
counter/10/0/0/0,12268:1747647659677:,1747647676174
counter/10/0/0/0,12269:1747647659677:,1747647676174
counter/8/0/0/0,13120:1747647659501:,1747647676175
counter/8/0/0/0,13121:1747647659501:,1747647676175
counter/8/0/0/0,13122:1747647659501:,1747647676175
counter/4/0/0/0,13030:1747647661089:,1747647676175
counter/4/0/0/0,13031:1747647661090:,1747647676175
counter/1/0/0/0,14024:1747647660927:,1747647676175
counter/4/0/0/0,13032:1747647661090:,1747647676175
counter/9/0/0/0,13471:1747647659595:,1747647676175
counter/1/0/0/0,14025:1747647660927:,1747647676175
counter/9/0/0/0,13472:1747647659595:,1747647676176
counter/2/0/0/0,12722:1747647659264:,1747647676176
counter/7/0/0/0,12824:1747647659822:,1747647676176
counter/5/0/0/0,12885:1747647659430:,1747647676176
counter/5/0/0/0,12886:1747647659444:,1747647676176
counter/5/0/0/0,12887:1747647659445:,1747647676176
counter/5/0/0/0,12888:1747647659445:,1747647676176
counter/5/0/0/0,12889:1747647659445:,1747647676176
counter/5/0/0/0,12890:1747647659445:,1747647676176
counter/5/0/0/0,12891:1747647659445:,1747647676176
counter/5/0/0/0,12892:1747647659445:,1747647676176
counter/4/0/0/0,13033:1747647661090:,1747647676178
counter/6/0/0/0,12675:1747647660028:,1747647676179
counter/5/0/0/0,12893:1747647659445:,1747647676179
counter/5/0/0/0,12894:1747647659445:,1747647676179
counter/5/0/0/0,12895:1747647659445:,1747647676179
counter/5/0/0/0,12896:1747647659445:,1747647676180
counter/5/0/0/0,12897:1747647659445:,1747647676180
counter/5/0/0/0,12898:1747647659445:,1747647676180
counter/5/0/0/0,12899:1747647659445:,1747647676180
counter/2/0/0/0,12723:1747647659264:,1747647676180
counter/2/0/0/0,12724:1747647659264:,1747647676180
counter/2/0/0/0,12725:1747647659264:,1747647676181
counter/2/0/0/0,12726:1747647659264:,1747647676181
counter/2/0/0/0,12727:1747647659264:,1747647676181
counter/5/0/0/0,12900:1747647659445:,1747647676181
counter/2/0/0/0,12728:1747647659268:,1747647676181
counter/5/0/0/0,12901:1747647659447:,1747647676181
counter/6/0/0/0,12676:1747647660028:,1747647676181
counter/6/0/0/0,12677:1747647660028:,1747647676181
counter/6/0/0/0,12678:1747647660028:,1747647676181
counter/6/0/0/0,12679:1747647660028:,1747647676181
counter/3/0/0/0,13730:1747647661227:,1747647676181
counter/7/0/0/0,12825:1747647659822:,1747647676181
counter/9/0/0/0,13473:1747647659595:,1747647676181
counter/9/0/0/0,13474:1747647659595:,1747647676181
counter/9/0/0/0,13475:1747647659595:,1747647676181
counter/3/0/0/0,13731:1747647661227:,1747647676182
counter/3/0/0/0,13732:1747647661227:,1747647676182
counter/1/0/0/0,14026:1747647660927:,1747647676182
counter/5/0/0/0,12902:1747647659448:,1747647676183
counter/2/0/0/0,12729:1747647659268:,1747647676183
counter/9/0/0/0,13476:1747647659595:,1747647676183
counter/9/0/0/0,13477:1747647659595:,1747647676183
counter/9/0/0/0,13478:1747647659595:,1747647676183
counter/5/0/0/0,12903:1747647659448:,1747647676183
counter/8/0/0/0,13123:1747647659501:,1747647676184
counter/8/0/0/0,13124:1747647659501:,1747647676184
counter/8/0/0/0,13125:1747647659501:,1747647676184
counter/8/0/0/0,13126:1747647659501:,1747647676184
counter/8/0/0/0,13127:1747647659501:,1747647676184
counter/8/0/0/0,13128:1747647659501:,1747647676184
counter/8/0/0/0,13129:1747647659501:,1747647676184
counter/8/0/0/0,13130:1747647659501:,1747647676184
counter/8/0/0/0,13131:1747647659501:,1747647676184
counter/8/0/0/0,13132:1747647659501:,1747647676184
counter/10/0/0/0,12270:1747647659677:,1747647676184
counter/9/0/0/0,13479:1747647659595:,1747647676184
counter/2/0/0/0,12730:1747647659268:,1747647676184
counter/5/0/0/0,12904:1747647659448:,1747647676184
counter/1/0/0/0,14027:1747647660927:,1747647676184
counter/9/0/0/0,13480:1747647659595:,1747647676185
counter/6/0/0/0,12680:1747647660029:,1747647676185
counter/5/0/0/0,12905:1747647659448:,1747647676186
counter/5/0/0/0,12906:1747647659448:,1747647676186
counter/5/0/0/0,12907:1747647659448:,1747647676186
counter/5/0/0/0,12908:1747647659448:,1747647676186
counter/4/0/0/0,13034:1747647661090:,1747647676187
counter/9/0/0/0,13481:1747647659595:,1747647676188
counter/9/0/0/0,13482:1747647659595:,1747647676188
counter/9/0/0/0,13483:1747647659595:,1747647676188
counter/5/0/0/0,12909:1747647659448:,1747647676188
counter/9/0/0/0,13484:1747647659595:,1747647676188
counter/4/0/0/0,13035:1747647661090:,1747647676188
counter/1/0/0/0,14028:1747647660937:,1747647676188
counter/8/0/0/0,13133:1747647659501:,1747647676189
counter/1/0/0/0,14029:1747647660937:,1747647676189
counter/1/0/0/0,14030:1747647660937:,1747647676189
counter/1/0/0/0,14031:1747647660937:,1747647676189
counter/1/0/0/0,14032:1747647660937:,1747647676189
counter/1/0/0/0,14033:1747647660937:,1747647676189
counter/1/0/0/0,14034:1747647660937:,1747647676189
counter/1/0/0/0,14035:1747647660937:,1747647676189
counter/7/0/0/0,12826:1747647659822:,1747647676190
counter/8/0/0/0,13134:1747647659502:,1747647676190
counter/8/0/0/0,13135:1747647659502:,1747647676190
counter/8/0/0/0,13136:1747647659515:,1747647676190
counter/9/0/0/0,13485:1747647659616:,1747647676191
counter/4/0/0/0,13036:1747647661090:,1747647676191
counter/6/0/0/0,12681:1747647660034:,1747647676191
counter/2/0/0/0,12731:1747647659268:,1747647676192
counter/10/0/0/0,12271:1747647659677:,1747647676192
counter/6/0/0/0,12682:1747647660034:,1747647676192
counter/6/0/0/0,12683:1747647660034:,1747647676192
counter/6/0/0/0,12684:1747647660034:,1747647676192
counter/6/0/0/0,12685:1747647660034:,1747647676192
counter/6/0/0/0,12686:1747647660034:,1747647676192
counter/6/0/0/0,12687:1747647660034:,1747647676192
counter/6/0/0/0,12688:1747647660034:,1747647676193
counter/5/0/0/0,12910:1747647659448:,1747647676193
counter/1/0/0/0,14036:1747647660944:,1747647676195
counter/6/0/0/0,12689:1747647660034:,1747647676195
counter/6/0/0/0,12690:1747647660034:,1747647676195
counter/6/0/0/0,12691:1747647660034:,1747647676196
counter/10/0/0/0,12272:1747647659677:,1747647676196
counter/5/0/0/0,12911:1747647659448:,1747647676196
counter/5/0/0/0,12912:1747647659448:,1747647676196
counter/8/0/0/0,13137:1747647659515:,1747647676196
counter/2/0/0/0,12732:1747647659268:,1747647676196
counter/2/0/0/0,12733:1747647659268:,1747647676196
counter/2/0/0/0,12734:1747647659278:,1747647676196
counter/2/0/0/0,12735:1747647659278:,1747647676196
counter/2/0/0/0,12736:1747647659278:,1747647676196
counter/2/0/0/0,12737:1747647659278:,1747647676196
counter/9/0/0/0,13486:1747647659616:,1747647676197
counter/9/0/0/0,13487:1747647659616:,1747647676197
counter/2/0/0/0,12738:1747647659278:,1747647676197
counter/3/0/0/0,13733:1747647661227:,1747647676197
counter/3/0/0/0,13734:1747647661227:,1747647676197
counter/3/0/0/0,13735:1747647661227:,1747647676197
counter/3/0/0/0,13736:1747647661227:,1747647676197
counter/3/0/0/0,13737:1747647661227:,1747647676197
counter/6/0/0/0,12692:1747647660034:,1747647676198
counter/6/0/0/0,12693:1747647660034:,1747647676198
counter/6/0/0/0,12694:1747647660034:,1747647676198
counter/6/0/0/0,12695:1747647660034:,1747647676198
counter/6/0/0/0,12696:1747647660034:,1747647676198
counter/6/0/0/0,12697:1747647660034:,1747647676198
counter/6/0/0/0,12698:1747647660462:,1747647676198
counter/6/0/0/0,12699:1747647660464:,1747647676198
counter/6/0/0/0,12700:1747647660464:,1747647676198
counter/6/0/0/0,12701:1747647660466:,1747647676198
counter/6/0/0/0,12702:1747647660469:,1747647676198
counter/6/0/0/0,12703:1747647660469:,1747647676198
counter/4/0/0/0,13037:1747647661090:,1747647676198
counter/8/0/0/0,13138:1747647659515:,1747647676198
counter/2/0/0/0,12739:1747647659279:,1747647676199
counter/9/0/0/0,13488:1747647659616:,1747647676199
counter/9/0/0/0,13489:1747647659616:,1747647676199
counter/9/0/0/0,13490:1747647659616:,1747647676199
counter/9/0/0/0,13491:1747647659616:,1747647676199
counter/3/0/0/0,13738:1747647661227:,1747647676199
counter/10/0/0/0,12273:1747647659677:,1747647676199
counter/5/0/0/0,12913:1747647659448:,1747647676199
counter/6/0/0/0,12704:1747647660471:,1747647676199
counter/6/0/0/0,12705:1747647660472:,1747647676199
counter/6/0/0/0,12706:1747647660475:,1747647676199
counter/6/0/0/0,12707:1747647660478:,1747647676199
counter/6/0/0/0,12708:1747647660478:,1747647676199
counter/6/0/0/0,12709:1747647660485:,1747647676199
counter/6/0/0/0,12710:1747647660486:,1747647676199
counter/4/0/0/0,13038:1747647661090:,1747647676199
counter/2/0/0/0,12740:1747647659279:,1747647676200
counter/2/0/0/0,12741:1747647659279:,1747647676200
counter/1/0/0/0,14037:1747647660945:,1747647676200
counter/4/0/0/0,13039:1747647661090:,1747647676200
counter/4/0/0/0,13040:1747647661090:,1747647676200
counter/4/0/0/0,13041:1747647661090:,1747647676200
counter/4/0/0/0,13042:1747647661090:,1747647676200
counter/4/0/0/0,13043:1747647661093:,1747647676200
counter/4/0/0/0,13044:1747647661094:,1747647676200
counter/4/0/0/0,13045:1747647661094:,1747647676200
counter/4/0/0/0,13046:1747647661094:,1747647676200
counter/4/0/0/0,13047:1747647661094:,1747647676200
counter/4/0/0/0,13048:1747647661094:,1747647676201
counter/4/0/0/0,13049:1747647661094:,1747647676201
counter/5/0/0/0,12914:1747647659448:,1747647676201
counter/6/0/0/0,12711:1747647660486:,1747647676201
counter/6/0/0/0,12712:1747647660487:,1747647676201
counter/6/0/0/0,12713:1747647660487:,1747647676201
counter/6/0/0/0,12714:1747647660488:,1747647676201
counter/6/0/0/0,12715:1747647660488:,1747647676202
counter/6/0/0/0,12716:1747647660488:,1747647676202
counter/6/0/0/0,12717:1747647660488:,1747647676202
counter/6/0/0/0,12718:1747647660489:,1747647676202
counter/4/0/0/0,13050:1747647661094:,1747647676202
counter/1/0/0/0,14038:1747647660947:,1747647676203
counter/4/0/0/0,13051:1747647661094:,1747647676203
counter/5/0/0/0,12915:1747647659451:,1747647676203
counter/3/0/0/0,13739:1747647661227:,1747647676204
counter/9/0/0/0,13492:1747647659617:,1747647676204
counter/9/0/0/0,13493:1747647659617:,1747647676204
counter/9/0/0/0,13494:1747647659617:,1747647676204
counter/9/0/0/0,13495:1747647659617:,1747647676204
counter/9/0/0/0,13496:1747647659617:,1747647676204
counter/9/0/0/0,13497:1747647659617:,1747647676206
counter/9/0/0/0,13498:1747647659617:,1747647676206
counter/9/0/0/0,13499:1747647659617:,1747647676206
counter/9/0/0/0,13500:1747647659618:,1747647676206
counter/9/0/0/0,13501:1747647659618:,1747647676206
counter/9/0/0/0,13502:1747647659618:,1747647676206
counter/8/0/0/0,13139:1747647659515:,1747647676206
counter/6/0/0/0,12719:1747647660489:,1747647676206
counter/6/0/0/0,12720:1747647660492:,1747647676206
counter/2/0/0/0,12742:1747647659279:,1747647676206
counter/9/0/0/0,13503:1747647659618:,1747647676207
counter/9/0/0/0,13504:1747647659618:,1747647676207
counter/9/0/0/0,13505:1747647659618:,1747647676207
counter/9/0/0/0,13506:1747647659618:,1747647676207
counter/7/0/0/0,12827:1747647659822:,1747647676207
counter/4/0/0/0,13052:1747647661094:,1747647676207
counter/8/0/0/0,13140:1747647659515:,1747647676209
counter/8/0/0/0,13141:1747647659516:,1747647676209
counter/8/0/0/0,13142:1747647659516:,1747647676209
counter/8/0/0/0,13143:1747647659516:,1747647676209
counter/8/0/0/0,13144:1747647659535:,1747647676209
counter/8/0/0/0,13145:1747647659535:,1747647676209
counter/8/0/0/0,13146:1747647659535:,1747647676209
counter/3/0/0/0,13740:1747647661227:,1747647676209
counter/9/0/0/0,13507:1747647659618:,1747647676209
counter/8/0/0/0,13147:1747647659535:,1747647676210
counter/8/0/0/0,13148:1747647659535:,1747647676210
counter/8/0/0/0,13149:1747647659535:,1747647676210
counter/1/0/0/0,14039:1747647660947:,1747647676210
counter/1/0/0/0,14040:1747647660947:,1747647676210
counter/1/0/0/0,14041:1747647660947:,1747647676210
counter/10/0/0/0,12274:1747647659677:,1747647676210
counter/9/0/0/0,13508:1747647659618:,1747647676211
counter/4/0/0/0,13053:1747647661094:,1747647676211
counter/3/0/0/0,13741:1747647661227:,1747647676211
counter/8/0/0/0,13150:1747647659535:,1747647676211
counter/3/0/0/0,13742:1747647661227:,1747647676211
counter/3/0/0/0,13743:1747647661227:,1747647676211
counter/3/0/0/0,13744:1747647661227:,1747647676212
counter/3/0/0/0,13745:1747647661228:,1747647676212
counter/3/0/0/0,13746:1747647661228:,1747647676212
counter/3/0/0/0,13747:1747647661228:,1747647676212
counter/6/0/0/0,12721:1747647660492:,1747647676212
counter/1/0/0/0,14042:1747647660947:,1747647676212
counter/3/0/0/0,13748:1747647661228:,1747647676215
counter/1/0/0/0,14043:1747647660947:,1747647676215
counter/10/0/0/0,12275:1747647659677:,1747647676216
counter/5/0/0/0,12916:1747647659451:,1747647676216
counter/6/0/0/0,12722:1747647660492:,1747647676216
counter/7/0/0/0,12828:1747647659822:,1747647676216
counter/6/0/0/0,12723:1747647660492:,1747647676216
counter/10/0/0/0,12276:1747647659677:,1747647676217
counter/6/0/0/0,12724:1747647660493:,1747647676217
counter/10/0/0/0,12277:1747647659677:,1747647676217
counter/6/0/0/0,12725:1747647660493:,1747647676217
counter/6/0/0/0,12726:1747647660493:,1747647676217
counter/6/0/0/0,12727:1747647660493:,1747647676217
counter/6/0/0/0,12728:1747647660493:,1747647676217
counter/6/0/0/0,12729:1747647660493:,1747647676218
counter/6/0/0/0,12730:1747647660493:,1747647676218
counter/4/0/0/0,13054:1747647661094:,1747647676218
counter/3/0/0/0,13749:1747647661228:,1747647676218
counter/3/0/0/0,13750:1747647661228:,1747647676218
counter/2/0/0/0,12743:1747647659281:,1747647676218
counter/5/0/0/0,12917:1747647659451:,1747647676218
counter/2/0/0/0,12744:1747647659281:,1747647676218
counter/6/0/0/0,12731:1747647660493:,1747647676218
counter/4/0/0/0,13055:1747647661094:,1747647676219
counter/6/0/0/0,12732:1747647660499:,1747647676219
counter/8/0/0/0,13151:1747647659535:,1747647676220
counter/8/0/0/0,13152:1747647659535:,1747647676220
counter/4/0/0/0,13056:1747647661094:,1747647676220
counter/3/0/0/0,13751:1747647661228:,1747647676220
counter/3/0/0/0,13752:1747647661228:,1747647676220
counter/3/0/0/0,13753:1747647661235:,1747647676220
counter/3/0/0/0,13754:1747647661237:,1747647676220
counter/3/0/0/0,13755:1747647661237:,1747647676221
counter/3/0/0/0,13756:1747647661237:,1747647676221
counter/3/0/0/0,13757:1747647661238:,1747647676221
counter/3/0/0/0,13758:1747647661238:,1747647676221
counter/3/0/0/0,13759:1747647661238:,1747647676221
counter/3/0/0/0,13760:1747647661238:,1747647676221
counter/3/0/0/0,13761:1747647661238:,1747647676221
counter/9/0/0/0,13509:1747647659618:,1747647676222
counter/6/0/0/0,12733:1747647660504:,1747647676222
counter/6/0/0/0,12734:1747647660504:,1747647676222
counter/6/0/0/0,12735:1747647660504:,1747647676222
counter/8/0/0/0,13153:1747647659536:,1747647676222
counter/8/0/0/0,13154:1747647659536:,1747647676222
counter/4/0/0/0,13057:1747647661094:,1747647676223
counter/4/0/0/0,13058:1747647661094:,1747647676224
counter/4/0/0/0,13059:1747647661094:,1747647676224
counter/4/0/0/0,13060:1747647661095:,1747647676224
counter/4/0/0/0,13061:1747647661095:,1747647676224
counter/3/0/0/0,13762:1747647661238:,1747647676224
counter/3/0/0/0,13763:1747647661238:,1747647676224
counter/3/0/0/0,13764:1747647661238:,1747647676224
counter/3/0/0/0,13765:1747647661238:,1747647676224
counter/3/0/0/0,13766:1747647661238:,1747647676224
counter/9/0/0/0,13510:1747647659618:,1747647676224
counter/6/0/0/0,12736:1747647660504:,1747647676224
counter/6/0/0/0,12737:1747647660505:,1747647676224
counter/6/0/0/0,12738:1747647660506:,1747647676224
counter/6/0/0/0,12739:1747647660506:,1747647676224
counter/6/0/0/0,12740:1747647660506:,1747647676225
counter/6/0/0/0,12741:1747647660506:,1747647676225
counter/6/0/0/0,12742:1747647660506:,1747647676225
counter/6/0/0/0,12743:1747647660514:,1747647676225
counter/4/0/0/0,13062:1747647661095:,1747647676225
counter/4/0/0/0,13063:1747647661109:,1747647676225
counter/10/0/0/0,12278:1747647659677:,1747647676225
counter/3/0/0/0,13767:1747647661238:,1747647676225
counter/3/0/0/0,13768:1747647661238:,1747647676225
counter/3/0/0/0,13769:1747647661238:,1747647676225
counter/3/0/0/0,13770:1747647661238:,1747647676225
counter/3/0/0/0,13771:1747647661247:,1747647676226
counter/3/0/0/0,13772:1747647661247:,1747647676226
counter/3/0/0/0,13773:1747647661247:,1747647676226
counter/3/0/0/0,13774:1747647661247:,1747647676226
counter/3/0/0/0,13775:1747647661247:,1747647676226
counter/1/0/0/0,14044:1747647660947:,1747647676226
counter/1/0/0/0,14045:1747647660947:,1747647676226
counter/6/0/0/0,12744:1747647660514:,1747647676226
counter/1/0/0/0,14046:1747647660950:,1747647676226
counter/9/0/0/0,13511:1747647659618:,1747647676227
counter/3/0/0/0,13776:1747647661247:,1747647676227
counter/6/0/0/0,12745:1747647660514:,1747647676227
counter/9/0/0/0,13512:1747647659618:,1747647676228
counter/7/0/0/0,12829:1747647659822:,1747647676229
counter/7/0/0/0,12830:1747647659822:,1747647676229
counter/7/0/0/0,12831:1747647659822:,1747647676229
counter/7/0/0/0,12832:1747647659822:,1747647676229
counter/7/0/0/0,12833:1747647659822:,1747647676229
counter/7/0/0/0,12834:1747647659822:,1747647676229
counter/7/0/0/0,12835:1747647659829:,1747647676229
counter/7/0/0/0,12836:1747647659829:,1747647676230
counter/9/0/0/0,13513:1747647659618:,1747647676230
counter/7/0/0/0,12837:1747647659829:,1747647676230
counter/5/0/0/0,12918:1747647659451:,1747647676230
counter/7/0/0/0,12838:1747647659829:,1747647676230
counter/7/0/0/0,12839:1747647659829:,1747647676230
counter/7/0/0/0,12840:1747647659829:,1747647676230
counter/7/0/0/0,12841:1747647659829:,1747647676230
counter/7/0/0/0,12842:1747647659829:,1747647676230
counter/9/0/0/0,13514:1747647659618:,1747647676230
counter/8/0/0/0,13155:1747647659536:,1747647676230
counter/6/0/0/0,12746:1747647660514:,1747647676231
counter/9/0/0/0,13515:1747647659618:,1747647676232
counter/5/0/0/0,12919:1747647659451:,1747647676232
counter/3/0/0/0,13777:1747647661248:,1747647676232
counter/2/0/0/0,12745:1747647659281:,1747647676233
counter/8/0/0/0,13156:1747647659536:,1747647676234
counter/5/0/0/0,12920:1747647659451:,1747647676234
counter/5/0/0/0,12921:1747647659451:,1747647676234
counter/5/0/0/0,12922:1747647659454:,1747647676234
counter/5/0/0/0,12923:1747647659454:,1747647676235
counter/5/0/0/0,12924:1747647659454:,1747647676235
counter/5/0/0/0,12925:1747647659458:,1747647676235
counter/5/0/0/0,12926:1747647659458:,1747647676235
counter/5/0/0/0,12927:1747647659458:,1747647676235
counter/5/0/0/0,12928:1747647659458:,1747647676235
counter/5/0/0/0,12929:1747647659458:,1747647676235
counter/5/0/0/0,12930:1747647659458:,1747647676235
counter/5/0/0/0,12931:1747647659458:,1747647676235
counter/8/0/0/0,13157:1747647659536:,1747647676235
counter/8/0/0/0,13158:1747647659536:,1747647676235
counter/9/0/0/0,13516:1747647659618:,1747647676235
counter/3/0/0/0,13778:1747647661248:,1747647676235
counter/3/0/0/0,13779:1747647661248:,1747647676236
counter/3/0/0/0,13780:1747647661248:,1747647676236
counter/9/0/0/0,13517:1747647659618:,1747647676236
counter/3/0/0/0,13781:1747647661248:,1747647676236
counter/9/0/0/0,13518:1747647659618:,1747647676237
counter/9/0/0/0,13519:1747647659618:,1747647676238
counter/9/0/0/0,13520:1747647659619:,1747647676238
counter/9/0/0/0,13521:1747647659619:,1747647676238
counter/9/0/0/0,13522:1747647659619:,1747647676238
counter/9/0/0/0,13523:1747647659619:,1747647676238
counter/9/0/0/0,13524:1747647659619:,1747647676238
counter/9/0/0/0,13525:1747647659619:,1747647676238
counter/9/0/0/0,13526:1747647659619:,1747647676238
counter/9/0/0/0,13527:1747647659620:,1747647676238
counter/9/0/0/0,13528:1747647659620:,1747647676239
counter/9/0/0/0,13529:1747647659620:,1747647676239
counter/9/0/0/0,13530:1747647659620:,1747647676239
counter/9/0/0/0,13531:1747647659620:,1747647676239
counter/3/0/0/0,13782:1747647661248:,1747647676239
counter/4/0/0/0,13064:1747647661109:,1747647676239
counter/5/0/0/0,12932:1747647659458:,1747647676239
counter/5/0/0/0,12933:1747647659458:,1747647676239
counter/7/0/0/0,12843:1747647659829:,1747647676239
counter/7/0/0/0,12844:1747647659834:,1747647676239
counter/5/0/0/0,12934:1747647659460:,1747647676240
counter/7/0/0/0,12845:1747647659834:,1747647676240
counter/7/0/0/0,12846:1747647659834:,1747647676240
counter/8/0/0/0,13159:1747647659539:,1747647676240
counter/8/0/0/0,13160:1747647659539:,1747647676240
counter/8/0/0/0,13161:1747647659539:,1747647676240
counter/4/0/0/0,13065:1747647661109:,1747647676241
counter/7/0/0/0,12847:1747647659834:,1747647676243
counter/7/0/0/0,12848:1747647659834:,1747647676243
counter/7/0/0/0,12849:1747647659834:,1747647676243
counter/7/0/0/0,12850:1747647659834:,1747647676243
counter/7/0/0/0,12851:1747647659834:,1747647676243
counter/7/0/0/0,12852:1747647659834:,1747647676243
counter/7/0/0/0,12853:1747647659834:,1747647676243
counter/7/0/0/0,12854:1747647659834:,1747647676243
counter/4/0/0/0,13066:1747647661109:,1747647676244
counter/3/0/0/0,13783:1747647661248:,1747647676245
counter/1/0/0/0,14047:1747647660950:,1747647676245
counter/1/0/0/0,14048:1747647660950:,1747647676245
counter/1/0/0/0,14049:1747647660950:,1747647676245
counter/9/0/0/0,13532:1747647659620:,1747647676245
counter/7/0/0/0,12855:1747647659834:,1747647676248
counter/10/0/0/0,12279:1747647659677:,1747647676249
counter/4/0/0/0,13067:1747647661109:,1747647676250
counter/1/0/0/0,14050:1747647660950:,1747647676250
counter/1/0/0/0,14051:1747647660950:,1747647676251
counter/6/0/0/0,12747:1747647660524:,1747647676251
counter/9/0/0/0,13533:1747647659620:,1747647676251
counter/9/0/0/0,13534:1747647659620:,1747647676251
counter/9/0/0/0,13535:1747647659620:,1747647676251
counter/9/0/0/0,13536:1747647659620:,1747647676251
counter/9/0/0/0,13537:1747647659620:,1747647676251
counter/9/0/0/0,13538:1747647659620:,1747647676251
counter/9/0/0/0,13539:1747647659620:,1747647676251
counter/9/0/0/0,13540:1747647659620:,1747647676251
counter/3/0/0/0,13784:1747647661248:,1747647676251
counter/3/0/0/0,13785:1747647661248:,1747647676252
counter/6/0/0/0,12748:1747647660524:,1747647676252
counter/6/0/0/0,12749:1747647660524:,1747647676252
counter/6/0/0/0,12750:1747647660524:,1747647676252
counter/6/0/0/0,12751:1747647660524:,1747647676252
counter/6/0/0/0,12752:1747647660524:,1747647676252
counter/6/0/0/0,12753:1747647660524:,1747647676252
counter/10/0/0/0,12280:1747647659677:,1747647676252
counter/6/0/0/0,12754:1747647660534:,1747647676252
counter/2/0/0/0,12746:1747647659281:,1747647676252
counter/5/0/0/0,12935:1747647659460:,1747647676253
counter/3/0/0/0,13786:1747647661248:,1747647676253
counter/5/0/0/0,12936:1747647659460:,1747647676254
counter/4/0/0/0,13068:1747647661109:,1747647676254
counter/4/0/0/0,13069:1747647661109:,1747647676254
counter/4/0/0/0,13070:1747647661109:,1747647676254
counter/4/0/0/0,13071:1747647661115:,1747647676254
counter/4/0/0/0,13072:1747647661116:,1747647676254
counter/4/0/0/0,13073:1747647661116:,1747647676254
counter/8/0/0/0,13162:1747647659539:,1747647676254
counter/8/0/0/0,13163:1747647659539:,1747647676255
counter/8/0/0/0,13164:1747647659539:,1747647676255
counter/8/0/0/0,13165:1747647659539:,1747647676255
counter/8/0/0/0,13166:1747647659539:,1747647676255
counter/8/0/0/0,13167:1747647659539:,1747647676255
counter/8/0/0/0,13168:1747647659539:,1747647676255
counter/2/0/0/0,12747:1747647659281:,1747647676255
counter/2/0/0/0,12748:1747647659281:,1747647676255
counter/2/0/0/0,12749:1747647659281:,1747647676255
counter/2/0/0/0,12750:1747647659282:,1747647676255
counter/2/0/0/0,12751:1747647659282:,1747647676255
counter/2/0/0/0,12752:1747647659282:,1747647676255
counter/2/0/0/0,12753:1747647659282:,1747647676255
counter/2/0/0/0,12754:1747647659282:,1747647676255
counter/7/0/0/0,12856:1747647659836:,1747647676255
counter/6/0/0/0,12755:1747647660539:,1747647676259
counter/6/0/0/0,12756:1747647660539:,1747647676259
counter/6/0/0/0,12757:1747647660539:,1747647676259
counter/5/0/0/0,12937:1747647659460:,1747647676259
counter/3/0/0/0,13787:1747647661248:,1747647676260
counter/3/0/0/0,13788:1747647661248:,1747647676260
counter/1/0/0/0,14052:1747647660950:,1747647676260
counter/3/0/0/0,13789:1747647661248:,1747647676260
counter/3/0/0/0,13790:1747647661250:,1747647676260
counter/6/0/0/0,12758:1747647660539:,1747647676260
counter/1/0/0/0,14053:1747647660950:,1747647676260
counter/6/0/0/0,12759:1747647660539:,1747647676261
counter/3/0/0/0,13791:1747647661250:,1747647676261
counter/4/0/0/0,13074:1747647661116:,1747647676261
counter/4/0/0/0,13075:1747647661116:,1747647676261
counter/4/0/0/0,13076:1747647661116:,1747647676261
counter/4/0/0/0,13077:1747647661116:,1747647676261
counter/6/0/0/0,12760:1747647660539:,1747647676262
counter/2/0/0/0,12755:1747647659282:,1747647676263
counter/8/0/0/0,13169:1747647659539:,1747647676264
counter/7/0/0/0,12857:1747647659836:,1747647676265
counter/6/0/0/0,12761:1747647660539:,1747647676265
counter/6/0/0/0,12762:1747647660539:,1747647676265
counter/4/0/0/0,13078:1747647661116:,1747647676266
counter/4/0/0/0,13079:1747647661116:,1747647676266
counter/4/0/0/0,13080:1747647661116:,1747647676266
counter/10/0/0/0,12281:1747647659677:,1747647676267
counter/9/0/0/0,13541:1747647659620:,1747647676267
counter/6/0/0/0,12763:1747647660563:,1747647676271
counter/9/0/0/0,13542:1747647659620:,1747647676271
counter/3/0/0/0,13792:1747647661250:,1747647676271
counter/2/0/0/0,12756:1747647659282:,1747647676271
counter/7/0/0/0,12858:1747647659836:,1747647676272
counter/5/0/0/0,12938:1747647659460:,1747647676272
counter/8/0/0/0,13170:1747647659539:,1747647676272
counter/6/0/0/0,12764:1747647660563:,1747647676272
counter/9/0/0/0,13543:1747647659620:,1747647676272
counter/9/0/0/0,13544:1747647659620:,1747647676272
counter/9/0/0/0,13545:1747647659620:,1747647676272
counter/9/0/0/0,13546:1747647659620:,1747647676272
counter/5/0/0/0,12939:1747647659460:,1747647676272
counter/8/0/0/0,13171:1747647659539:,1747647676273
counter/6/0/0/0,12765:1747647660563:,1747647676273
counter/6/0/0/0,12766:1747647660563:,1747647676273
counter/6/0/0/0,12767:1747647660563:,1747647676273
counter/3/0/0/0,13793:1747647661250:,1747647676274
counter/3/0/0/0,13794:1747647661250:,1747647676274
counter/3/0/0/0,13795:1747647661250:,1747647676274
counter/7/0/0/0,12859:1747647659836:,1747647676274
counter/7/0/0/0,12860:1747647659836:,1747647676274
counter/7/0/0/0,12861:1747647659836:,1747647676274
counter/7/0/0/0,12862:1747647659836:,1747647676274
counter/7/0/0/0,12863:1747647659836:,1747647676274
counter/7/0/0/0,12864:1747647659836:,1747647676274
counter/7/0/0/0,12865:1747647659836:,1747647676274
counter/7/0/0/0,12866:1747647659836:,1747647676275
counter/1/0/0/0,14054:1747647660950:,1747647676275
counter/10/0/0/0,12282:1747647659677:,1747647676275
counter/6/0/0/0,12768:1747647660563:,1747647676275
counter/6/0/0/0,12769:1747647660563:,1747647676275
counter/6/0/0/0,12770:1747647660563:,1747647676275
counter/6/0/0/0,12771:1747647660563:,1747647676275
counter/6/0/0/0,12772:1747647660563:,1747647676275
counter/6/0/0/0,12773:1747647660563:,1747647676276
counter/6/0/0/0,12774:1747647660563:,1747647676276
counter/9/0/0/0,13547:1747647659620:,1747647676276
counter/2/0/0/0,12757:1747647659282:,1747647676276
counter/2/0/0/0,12758:1747647659282:,1747647676276
counter/2/0/0/0,12759:1747647659286:,1747647676276
counter/2/0/0/0,12760:1747647659286:,1747647676277
counter/2/0/0/0,12761:1747647659286:,1747647676277
counter/2/0/0/0,12762:1747647659286:,1747647676277
counter/2/0/0/0,12763:1747647659286:,1747647676277
counter/2/0/0/0,12764:1747647659286:,1747647676277
counter/2/0/0/0,12765:1747647659286:,1747647676277
counter/2/0/0/0,12766:1747647659286:,1747647676277
counter/3/0/0/0,13796:1747647661250:,1747647676278
counter/2/0/0/0,12767:1747647659295:,1747647676278
counter/3/0/0/0,13797:1747647661250:,1747647676278
counter/3/0/0/0,13798:1747647661250:,1747647676278
counter/4/0/0/0,13081:1747647661130:,1747647676278
counter/5/0/0/0,12940:1747647659460:,1747647676278
counter/10/0/0/0,12283:1747647659677:,1747647676278
counter/5/0/0/0,12941:1747647659460:,1747647676278
counter/10/0/0/0,12284:1747647659677:,1747647676278
counter/1/0/0/0,14055:1747647660950:,1747647676279
counter/3/0/0/0,13799:1747647661250:,1747647676279
counter/3/0/0/0,13800:1747647661250:,1747647676279
counter/3/0/0/0,13801:1747647661250:,1747647676279
counter/3/0/0/0,13802:1747647661250:,1747647676279
counter/7/0/0/0,12867:1747647659836:,1747647676280
counter/1/0/0/0,14056:1747647660950:,1747647676280
counter/3/0/0/0,13803:1747647661250:,1747647676280
counter/3/0/0/0,13804:1747647661250:,1747647676280
counter/3/0/0/0,13805:1747647661250:,1747647676280
counter/3/0/0/0,13806:1747647661262:,1747647676280
counter/4/0/0/0,13082:1747647661130:,1747647676281
counter/8/0/0/0,13172:1747647659539:,1747647676281
counter/4/0/0/0,13083:1747647661130:,1747647676281
counter/4/0/0/0,13084:1747647661130:,1747647676281
counter/9/0/0/0,13548:1747647659620:,1747647676281
counter/4/0/0/0,13085:1747647661130:,1747647676281
counter/2/0/0/0,12768:1747647659295:,1747647676281
counter/5/0/0/0,12942:1747647659460:,1747647676282
counter/5/0/0/0,12943:1747647659475:,1747647676282
counter/9/0/0/0,13549:1747647659620:,1747647676283
counter/5/0/0/0,12944:1747647659475:,1747647676283
counter/9/0/0/0,13550:1747647659620:,1747647676283
counter/9/0/0/0,13551:1747647659621:,1747647676283
counter/9/0/0/0,13552:1747647659621:,1747647676283
counter/9/0/0/0,13553:1747647659621:,1747647676283
counter/6/0/0/0,12775:1747647660564:,1747647676283
counter/2/0/0/0,12769:1747647659295:,1747647676283
counter/4/0/0/0,13086:1747647661130:,1747647676283
counter/1/0/0/0,14057:1747647660963:,1747647676283
counter/4/0/0/0,13087:1747647661130:,1747647676283
counter/4/0/0/0,13088:1747647661130:,1747647676283
counter/10/0/0/0,12285:1747647659677:,1747647676283
counter/6/0/0/0,12776:1747647660564:,1747647676284
counter/5/0/0/0,12945:1747647659476:,1747647676284
counter/3/0/0/0,13807:1747647661262:,1747647676286
counter/3/0/0/0,13808:1747647661262:,1747647676286
counter/7/0/0/0,12868:1747647659836:,1747647676286
counter/3/0/0/0,13809:1747647661262:,1747647676286
counter/7/0/0/0,12869:1747647659836:,1747647676286
counter/3/0/0/0,13810:1747647661262:,1747647676286
counter/3/0/0/0,13811:1747647661262:,1747647676286
counter/8/0/0/0,13173:1747647659548:,1747647676286
counter/10/0/0/0,12286:1747647659677:,1747647676286
counter/2/0/0/0,12770:1747647659295:,1747647676286
counter/2/0/0/0,12771:1747647659295:,1747647676286
counter/1/0/0/0,14058:1747647660963:,1747647676286
counter/9/0/0/0,13554:1747647659621:,1747647676287
counter/4/0/0/0,13089:1747647661130:,1747647676288
counter/3/0/0/0,13812:1747647661262:,1747647676288
counter/4/0/0/0,13090:1747647661130:,1747647676288
counter/3/0/0/0,13813:1747647661262:,1747647676289
counter/2/0/0/0,12772:1747647659295:,1747647676289
counter/2/0/0/0,12773:1747647659295:,1747647676289
counter/2/0/0/0,12774:1747647659295:,1747647676289
counter/8/0/0/0,13174:1747647659549:,1747647676289
counter/2/0/0/0,12775:1747647659295:,1747647676289
counter/8/0/0/0,13175:1747647659549:,1747647676290
counter/2/0/0/0,12776:1747647659304:,1747647676290
counter/8/0/0/0,13176:1747647659549:,1747647676290
counter/2/0/0/0,12777:1747647659305:,1747647676290
counter/8/0/0/0,13177:1747647659549:,1747647676290
counter/2/0/0/0,12778:1747647659305:,1747647676290
counter/8/0/0/0,13178:1747647659549:,1747647676290
counter/8/0/0/0,13179:1747647659550:,1747647676290
counter/8/0/0/0,13180:1747647659550:,1747647676290
counter/8/0/0/0,13181:1747647659550:,1747647676290
counter/8/0/0/0,13182:1747647659550:,1747647676290
counter/8/0/0/0,13183:1747647659551:,1747647676290
counter/1/0/0/0,14059:1747647660963:,1747647676290
counter/3/0/0/0,13814:1747647661262:,1747647676290
counter/3/0/0/0,13815:1747647661263:,1747647676290
counter/3/0/0/0,13816:1747647661263:,1747647676290
counter/3/0/0/0,13817:1747647661263:,1747647676290
counter/3/0/0/0,13818:1747647661263:,1747647676291
counter/3/0/0/0,13819:1747647661263:,1747647676291
counter/3/0/0/0,13820:1747647661263:,1747647676291
counter/3/0/0/0,13821:1747647661263:,1747647676291
counter/3/0/0/0,13822:1747647661263:,1747647676291
counter/3/0/0/0,13823:1747647661263:,1747647676291
counter/2/0/0/0,12779:1747647659305:,1747647676295
counter/6/0/0/0,12777:1747647660564:,1747647676295
counter/6/0/0/0,12778:1747647660564:,1747647676295
counter/6/0/0/0,12779:1747647660564:,1747647676295
counter/6/0/0/0,12780:1747647660564:,1747647676295
counter/2/0/0/0,12780:1747647659305:,1747647676296
counter/2/0/0/0,12781:1747647659306:,1747647676296
counter/2/0/0/0,12782:1747647659306:,1747647676296
counter/2/0/0/0,12783:1747647659306:,1747647676296
counter/2/0/0/0,12784:1747647659306:,1747647676296
counter/2/0/0/0,12785:1747647659313:,1747647676296
counter/2/0/0/0,12786:1747647659314:,1747647676296
counter/2/0/0/0,12787:1747647659314:,1747647676296
counter/2/0/0/0,12788:1747647659314:,1747647676296
counter/2/0/0/0,12789:1747647659314:,1747647676297
counter/2/0/0/0,12790:1747647659314:,1747647676297
counter/2/0/0/0,12791:1747647659316:,1747647676297
counter/2/0/0/0,12792:1747647659317:,1747647676297
counter/2/0/0/0,12793:1747647659317:,1747647676297
counter/2/0/0/0,12794:1747647659317:,1747647676297
counter/2/0/0/0,12795:1747647659317:,1747647676297
counter/7/0/0/0,12870:1747647659836:,1747647676297
counter/8/0/0/0,13184:1747647659551:,1747647676297
counter/7/0/0/0,12871:1747647659836:,1747647676297
counter/1/0/0/0,14060:1747647660963:,1747647676297
counter/1/0/0/0,14061:1747647660963:,1747647676297
counter/1/0/0/0,14062:1747647660963:,1747647676298
counter/1/0/0/0,14063:1747647660963:,1747647676298
counter/7/0/0/0,12872:1747647659836:,1747647676298
counter/7/0/0/0,12873:1747647659836:,1747647676298
counter/7/0/0/0,12874:1747647659836:,1747647676298
counter/9/0/0/0,13555:1747647659621:,1747647676299
counter/6/0/0/0,12781:1747647660564:,1747647676299
counter/4/0/0/0,13091:1747647661130:,1747647676299
counter/3/0/0/0,13824:1747647661276:,1747647676299
counter/3/0/0/0,13825:1747647661284:,1747647676299
counter/8/0/0/0,13185:1747647659579:,1747647676299
counter/8/0/0/0,13186:1747647659579:,1747647676299
counter/8/0/0/0,13187:1747647659579:,1747647676299
counter/8/0/0/0,13188:1747647659579:,1747647676299
counter/8/0/0/0,13189:1747647659579:,1747647676299
counter/8/0/0/0,13190:1747647659579:,1747647676299
counter/8/0/0/0,13191:1747647659579:,1747647676299
counter/8/0/0/0,13192:1747647659579:,1747647676299
counter/8/0/0/0,13193:1747647659579:,1747647676299
counter/8/0/0/0,13194:1747647659579:,1747647676299
counter/5/0/0/0,12946:1747647659476:,1747647676299
counter/10/0/0/0,12287:1747647659677:,1747647676299
counter/6/0/0/0,12782:1747647660564:,1747647676300
counter/10/0/0/0,12288:1747647659678:,1747647676300
counter/6/0/0/0,12783:1747647660565:,1747647676300
counter/10/0/0/0,12289:1747647659678:,1747647676300
counter/6/0/0/0,12784:1747647660565:,1747647676301
counter/6/0/0/0,12785:1747647660565:,1747647676301
counter/6/0/0/0,12786:1747647660581:,1747647676301
counter/6/0/0/0,12787:1747647660581:,1747647676301
counter/6/0/0/0,12788:1747647660581:,1747647676301
counter/3/0/0/0,13826:1747647661284:,1747647676301
counter/3/0/0/0,13827:1747647661284:,1747647676301
counter/7/0/0/0,12875:1747647659836:,1747647676301
counter/3/0/0/0,13828:1747647661284:,1747647676302
counter/3/0/0/0,13829:1747647661284:,1747647676302
counter/8/0/0/0,13195:1747647659579:,1747647676302
counter/3/0/0/0,13830:1747647661284:,1747647676302
counter/8/0/0/0,13196:1747647659579:,1747647676302
counter/3/0/0/0,13831:1747647661284:,1747647676302
counter/8/0/0/0,13197:1747647659579:,1747647676302
counter/3/0/0/0,13832:1747647661285:,1747647676302
counter/7/0/0/0,12876:1747647659837:,1747647676302
counter/3/0/0/0,13833:1747647661285:,1747647676302
counter/7/0/0/0,12877:1747647659837:,1747647676302
counter/7/0/0/0,12878:1747647659837:,1747647676302
counter/7/0/0/0,12879:1747647659837:,1747647676302
counter/7/0/0/0,12880:1747647659837:,1747647676302
counter/7/0/0/0,12881:1747647659837:,1747647676302
counter/7/0/0/0,12882:1747647659837:,1747647676302
counter/7/0/0/0,12883:1747647659837:,1747647676303
counter/7/0/0/0,12884:1747647659837:,1747647676303
counter/7/0/0/0,12885:1747647659837:,1747647676303
counter/2/0/0/0,12796:1747647659319:,1747647676303
counter/10/0/0/0,12290:1747647659678:,1747647676303
counter/9/0/0/0,13556:1747647659641:,1747647676303
counter/2/0/0/0,12797:1747647659319:,1747647676303
counter/2/0/0/0,12798:1747647659319:,1747647676303
counter/2/0/0/0,12799:1747647659319:,1747647676304
counter/2/0/0/0,12800:1747647659319:,1747647676304
counter/2/0/0/0,12801:1747647659319:,1747647676304
counter/2/0/0/0,12802:1747647659319:,1747647676304
counter/2/0/0/0,12803:1747647659319:,1747647676304
counter/7/0/0/0,12886:1747647659837:,1747647676304
counter/3/0/0/0,13834:1747647661285:,1747647676304
counter/3/0/0/0,13835:1747647661285:,1747647676305
counter/9/0/0/0,13557:1747647659641:,1747647676305
counter/6/0/0/0,12789:1747647660581:,1747647676305
counter/6/0/0/0,12790:1747647660581:,1747647676305
counter/5/0/0/0,12947:1747647659476:,1747647676307
counter/7/0/0/0,12887:1747647659837:,1747647676307
counter/7/0/0/0,12888:1747647659841:,1747647676307
counter/7/0/0/0,12889:1747647659841:,1747647676307
counter/7/0/0/0,12890:1747647659841:,1747647676307
counter/7/0/0/0,12891:1747647659841:,1747647676307
counter/7/0/0/0,12892:1747647659841:,1747647676307
counter/2/0/0/0,12804:1747647659319:,1747647676307
counter/4/0/0/0,13092:1747647661130:,1747647676307
counter/4/0/0/0,13093:1747647661130:,1747647676307
counter/5/0/0/0,12948:1747647659476:,1747647676308
counter/5/0/0/0,12949:1747647659476:,1747647676308
counter/5/0/0/0,12950:1747647659476:,1747647676308
counter/5/0/0/0,12951:1747647659476:,1747647676308
counter/1/0/0/0,14064:1747647660964:,1747647676308
counter/10/0/0/0,12291:1747647659678:,1747647676308
counter/10/0/0/0,12292:1747647659678:,1747647676308
counter/3/0/0/0,13836:1747647661286:,1747647676308
counter/10/0/0/0,12293:1747647659678:,1747647676309
counter/3/0/0/0,13837:1747647661286:,1747647676310
counter/3/0/0/0,13838:1747647661286:,1747647676310
counter/3/0/0/0,13839:1747647661286:,1747647676310
counter/3/0/0/0,13840:1747647661286:,1747647676310
counter/3/0/0/0,13841:1747647661286:,1747647676310
counter/9/0/0/0,13558:1747647659641:,1747647676310
counter/10/0/0/0,12294:1747647659678:,1747647676310
counter/2/0/0/0,12805:1747647659319:,1747647676310
counter/7/0/0/0,12893:1747647659841:,1747647676310
counter/7/0/0/0,12894:1747647659841:,1747647676310
counter/5/0/0/0,12952:1747647659476:,1747647676310
counter/8/0/0/0,13198:1747647659579:,1747647676310
counter/8/0/0/0,13199:1747647659579:,1747647676310
counter/8/0/0/0,13200:1747647659587:,1747647676311
counter/7/0/0/0,12895:1747647659841:,1747647676311
counter/7/0/0/0,12896:1747647659841:,1747647676311
counter/7/0/0/0,12897:1747647659841:,1747647676311
counter/7/0/0/0,12898:1747647659841:,1747647676311
counter/7/0/0/0,12899:1747647659845:,1747647676311
counter/1/0/0/0,14065:1747647660964:,1747647676311
counter/4/0/0/0,13094:1747647661131:,1747647676312
counter/4/0/0/0,13095:1747647661131:,1747647676312
counter/3/0/0/0,13842:1747647661286:,1747647676312
counter/3/0/0/0,13843:1747647661287:,1747647676312
counter/3/0/0/0,13844:1747647661293:,1747647676312
counter/3/0/0/0,13845:1747647661293:,1747647676312
counter/3/0/0/0,13846:1747647661293:,1747647676312
counter/9/0/0/0,13559:1747647659641:,1747647676312
counter/10/0/0/0,12295:1747647659678:,1747647676312
counter/9/0/0/0,13560:1747647659641:,1747647676313
counter/9/0/0/0,13561:1747647659641:,1747647676313
counter/9/0/0/0,13562:1747647659645:,1747647676313
counter/8/0/0/0,13201:1747647659587:,1747647676313
counter/8/0/0/0,13202:1747647659587:,1747647676313
counter/8/0/0/0,13203:1747647659587:,1747647676313
counter/8/0/0/0,13204:1747647659590:,1747647676313
counter/8/0/0/0,13205:1747647659590:,1747647676313
counter/8/0/0/0,13206:1747647659590:,1747647676313
counter/8/0/0/0,13207:1747647659590:,1747647676314
counter/8/0/0/0,13208:1747647659590:,1747647676314
counter/8/0/0/0,13209:1747647659590:,1747647676314
counter/8/0/0/0,13210:1747647659590:,1747647676314
counter/8/0/0/0,13211:1747647659590:,1747647676314
counter/4/0/0/0,13096:1747647661131:,1747647676314
counter/2/0/0/0,12806:1747647659324:,1747647676314
counter/9/0/0/0,13563:1747647659645:,1747647676314
counter/2/0/0/0,12807:1747647659324:,1747647676314
counter/8/0/0/0,13212:1747647659590:,1747647676314
counter/5/0/0/0,12953:1747647659476:,1747647676314
counter/5/0/0/0,12954:1747647659476:,1747647676314
counter/5/0/0/0,12955:1747647659476:,1747647676314
counter/10/0/0/0,12296:1747647659678:,1747647676314
counter/10/0/0/0,12297:1747647659678:,1747647676314
counter/6/0/0/0,12791:1747647660581:,1747647676314
counter/10/0/0/0,12298:1747647659678:,1747647676315
counter/6/0/0/0,12792:1747647660581:,1747647676315
counter/9/0/0/0,13564:1747647659645:,1747647676315
counter/4/0/0/0,13097:1747647661131:,1747647676316
counter/6/0/0/0,12793:1747647660581:,1747647676317
counter/6/0/0/0,12794:1747647660581:,1747647676317
counter/6/0/0/0,12795:1747647660581:,1747647676317
counter/8/0/0/0,13213:1747647659590:,1747647676317
counter/4/0/0/0,13098:1747647661140:,1747647676317
counter/1/0/0/0,14066:1747647660964:,1747647676317
counter/4/0/0/0,13099:1747647661140:,1747647676318
counter/4/0/0/0,13100:1747647661140:,1747647676318
counter/1/0/0/0,14067:1747647660979:,1747647676319
counter/1/0/0/0,14068:1747647660979:,1747647676319
counter/1/0/0/0,14069:1747647660979:,1747647676319
counter/1/0/0/0,14070:1747647660979:,1747647676319
counter/1/0/0/0,14071:1747647660979:,1747647676319
counter/1/0/0/0,14072:1747647660979:,1747647676319
counter/1/0/0/0,14073:1747647660979:,1747647676319
counter/1/0/0/0,14074:1747647660979:,1747647676319
counter/2/0/0/0,12808:1747647659324:,1747647676319
counter/8/0/0/0,13214:1747647659590:,1747647676319
counter/2/0/0/0,12809:1747647659324:,1747647676319
counter/8/0/0/0,13215:1747647659590:,1747647676319
counter/8/0/0/0,13216:1747647659595:,1747647676319
counter/8/0/0/0,13217:1747647659595:,1747647676319
counter/8/0/0/0,13218:1747647659596:,1747647676319
counter/8/0/0/0,13219:1747647659596:,1747647676319
counter/9/0/0/0,13565:1747647659645:,1747647676319
counter/9/0/0/0,13566:1747647659645:,1747647676320
counter/7/0/0/0,12900:1747647659845:,1747647676320
counter/7/0/0/0,12901:1747647659846:,1747647676320
counter/5/0/0/0,12956:1747647659487:,1747647676320
counter/10/0/0/0,12299:1747647659693:,1747647676320
counter/5/0/0/0,12957:1747647659487:,1747647676320
counter/5/0/0/0,12958:1747647659489:,1747647676320
counter/5/0/0/0,12959:1747647659489:,1747647676321
counter/5/0/0/0,12960:1747647659489:,1747647676321
counter/5/0/0/0,12961:1747647659489:,1747647676321
counter/5/0/0/0,12962:1747647659489:,1747647676321
counter/5/0/0/0,12963:1747647659489:,1747647676321
counter/5/0/0/0,12964:1747647659489:,1747647676321
counter/5/0/0/0,12965:1747647659489:,1747647676321
counter/10/0/0/0,12300:1747647659693:,1747647676321
counter/3/0/0/0,13847:1747647661293:,1747647676321
counter/10/0/0/0,12301:1747647659693:,1747647676321
counter/1/0/0/0,14075:1747647660979:,1747647676321
counter/1/0/0/0,14076:1747647660984:,1747647676321
counter/1/0/0/0,14077:1747647660985:,1747647676322
counter/1/0/0/0,14078:1747647660985:,1747647676322
counter/1/0/0/0,14079:1747647660985:,1747647676322
counter/7/0/0/0,12902:1747647659846:,1747647676322
counter/2/0/0/0,12810:1747647659324:,1747647676322
counter/6/0/0/0,12796:1747647660581:,1747647676322
counter/9/0/0/0,13567:1747647659645:,1747647676322
counter/2/0/0/0,12811:1747647659324:,1747647676323
counter/2/0/0/0,12812:1747647659324:,1747647676323
counter/2/0/0/0,12813:1747647659325:,1747647676323
counter/2/0/0/0,12814:1747647659325:,1747647676323
counter/2/0/0/0,12815:1747647659325:,1747647676323
counter/2/0/0/0,12816:1747647659325:,1747647676323
counter/5/0/0/0,12966:1747647659489:,1747647676323
counter/4/0/0/0,13101:1747647661140:,1747647676323
counter/3/0/0/0,13848:1747647661293:,1747647676323
counter/4/0/0/0,13102:1747647661140:,1747647676323
counter/10/0/0/0,12302:1747647659693:,1747647676323
counter/8/0/0/0,13220:1747647659596:,1747647676323
counter/10/0/0/0,12303:1747647659693:,1747647676323
counter/10/0/0/0,12304:1747647659693:,1747647676323
counter/9/0/0/0,13568:1747647659645:,1747647676324
counter/1/0/0/0,14080:1747647660985:,1747647676324
counter/9/0/0/0,13569:1747647659645:,1747647676324
counter/9/0/0/0,13570:1747647659645:,1747647676324
counter/9/0/0/0,13571:1747647659646:,1747647676324
counter/7/0/0/0,12903:1747647659846:,1747647676324
counter/9/0/0/0,13572:1747647659646:,1747647676324
counter/7/0/0/0,12904:1747647659846:,1747647676325
counter/7/0/0/0,12905:1747647659846:,1747647676325
counter/7/0/0/0,12906:1747647659846:,1747647676325
counter/7/0/0/0,12907:1747647659846:,1747647676325
counter/7/0/0/0,12908:1747647659846:,1747647676326
counter/7/0/0/0,12909:1747647659846:,1747647676326
counter/7/0/0/0,12910:1747647659846:,1747647676326
counter/9/0/0/0,13573:1747647659646:,1747647676326
counter/3/0/0/0,13849:1747647661293:,1747647676326
counter/9/0/0/0,13574:1747647659646:,1747647676326
counter/5/0/0/0,12967:1747647659489:,1747647676326
counter/5/0/0/0,12968:1747647659489:,1747647676327
counter/5/0/0/0,12969:1747647659513:,1747647676327
counter/5/0/0/0,12970:1747647659532:,1747647676327
counter/4/0/0/0,13103:1747647661140:,1747647676327
counter/10/0/0/0,12305:1747647659694:,1747647676327
counter/10/0/0/0,12306:1747647659694:,1747647676327
counter/1/0/0/0,14081:1747647660985:,1747647676327
counter/6/0/0/0,12797:1747647660582:,1747647676328
counter/6/0/0/0,12798:1747647660582:,1747647676328
counter/7/0/0/0,12911:1747647659846:,1747647676328
counter/2/0/0/0,12817:1747647659325:,1747647676328
counter/8/0/0/0,13221:1747647659610:,1747647676328
counter/8/0/0/0,13222:1747647659611:,1747647676328
counter/8/0/0/0,13223:1747647659611:,1747647676328
counter/8/0/0/0,13224:1747647659611:,1747647676328
counter/8/0/0/0,13225:1747647659611:,1747647676328
counter/8/0/0/0,13226:1747647659611:,1747647676328
counter/8/0/0/0,13227:1747647659611:,1747647676328
counter/8/0/0/0,13228:1747647659611:,1747647676328
counter/8/0/0/0,13229:1747647659622:,1747647676328
counter/8/0/0/0,13230:1747647659622:,1747647676328
counter/9/0/0/0,13575:1747647659647:,1747647676328
counter/9/0/0/0,13576:1747647659647:,1747647676329
counter/10/0/0/0,12307:1747647659694:,1747647676329
counter/10/0/0/0,12308:1747647659694:,1747647676329
counter/4/0/0/0,13104:1747647661153:,1747647676329
counter/4/0/0/0,13105:1747647661153:,1747647676329
counter/4/0/0/0,13106:1747647661153:,1747647676329
counter/1/0/0/0,14082:1747647660985:,1747647676329
counter/4/0/0/0,13107:1747647661153:,1747647676329
counter/4/0/0/0,13108:1747647661153:,1747647676329
counter/4/0/0/0,13109:1747647661153:,1747647676329
counter/7/0/0/0,12912:1747647659846:,1747647676329
counter/2/0/0/0,12818:1747647659325:,1747647676330
counter/6/0/0/0,12799:1747647660600:,1747647676332
counter/3/0/0/0,13850:1747647661293:,1747647676332
counter/4/0/0/0,13110:1747647661153:,1747647676332
counter/4/0/0/0,13111:1747647661153:,1747647676332
counter/4/0/0/0,13112:1747647661200:,1747647676332
counter/4/0/0/0,13113:1747647661200:,1747647676332
counter/6/0/0/0,12800:1747647660605:,1747647676333
counter/6/0/0/0,12801:1747647660605:,1747647676333
counter/3/0/0/0,13851:1747647661293:,1747647676333
counter/2/0/0/0,12819:1747647659325:,1747647676334
counter/4/0/0/0,13114:1747647661200:,1747647676334
counter/7/0/0/0,12913:1747647659846:,1747647676335
counter/3/0/0/0,13852:1747647661293:,1747647676335
counter/7/0/0/0,12914:1747647659846:,1747647676335
counter/3/0/0/0,13853:1747647661293:,1747647676336
counter/3/0/0/0,13854:1747647661298:,1747647676336
counter/3/0/0/0,13855:1747647661298:,1747647676336
counter/3/0/0/0,13856:1747647661298:,1747647676336
counter/3/0/0/0,13857:1747647661298:,1747647676337
counter/3/0/0/0,13858:1747647661298:,1747647676337
counter/9/0/0/0,13577:1747647659647:,1747647676337
counter/7/0/0/0,12915:1747647659846:,1747647676337
counter/7/0/0/0,12916:1747647659846:,1747647676337
counter/7/0/0/0,12917:1747647659846:,1747647676337
counter/6/0/0/0,12802:1747647660605:,1747647676337
counter/3/0/0/0,13859:1747647661298:,1747647676338
counter/3/0/0/0,13860:1747647661301:,1747647676338
counter/7/0/0/0,12918:1747647659846:,1747647676338
counter/7/0/0/0,12919:1747647659846:,1747647676338
counter/7/0/0/0,12920:1747647659846:,1747647676338
counter/3/0/0/0,13861:1747647661302:,1747647676338
counter/7/0/0/0,12921:1747647659846:,1747647676339
counter/7/0/0/0,12922:1747647659846:,1747647676339
counter/7/0/0/0,12923:1747647659846:,1747647676339
counter/5/0/0/0,12971:1747647659532:,1747647676339
counter/1/0/0/0,14083:1747647660985:,1747647676339
counter/2/0/0/0,12820:1747647659325:,1747647676339
counter/2/0/0/0,12821:1747647659329:,1747647676339
counter/2/0/0/0,12822:1747647659329:,1747647676339
counter/2/0/0/0,12823:1747647659329:,1747647676340
counter/2/0/0/0,12824:1747647659329:,1747647676340
counter/2/0/0/0,12825:1747647659329:,1747647676340
counter/9/0/0/0,13578:1747647659647:,1747647676340
counter/6/0/0/0,12803:1747647660605:,1747647676340
counter/7/0/0/0,12924:1747647659846:,1747647676340
counter/4/0/0/0,13115:1747647661200:,1747647676340
counter/4/0/0/0,13116:1747647661200:,1747647676340
counter/4/0/0/0,13117:1747647661200:,1747647676340
counter/4/0/0/0,13118:1747647661200:,1747647676340
counter/1/0/0/0,14084:1747647660985:,1747647676340
counter/1/0/0/0,14085:1747647660985:,1747647676340
counter/1/0/0/0,14086:1747647660985:,1747647676340
counter/1/0/0/0,14087:1747647660985:,1747647676341
counter/6/0/0/0,12804:1747647660606:,1747647676341
counter/10/0/0/0,12309:1747647659694:,1747647676341
counter/9/0/0/0,13579:1747647659647:,1747647676341
counter/10/0/0/0,12310:1747647659694:,1747647676341
counter/7/0/0/0,12925:1747647659846:,1747647676342
counter/10/0/0/0,12311:1747647659694:,1747647676342
counter/3/0/0/0,13862:1747647661302:,1747647676343
counter/4/0/0/0,13119:1747647661200:,1747647676343
counter/4/0/0/0,13120:1747647661200:,1747647676343
counter/4/0/0/0,13121:1747647661200:,1747647676343
counter/2/0/0/0,12826:1747647659329:,1747647676343
counter/7/0/0/0,12926:1747647659846:,1747647676344
counter/7/0/0/0,12927:1747647659846:,1747647676344
counter/7/0/0/0,12928:1747647659846:,1747647676344
counter/7/0/0/0,12929:1747647659846:,1747647676344
counter/7/0/0/0,12930:1747647659846:,1747647676344
counter/10/0/0/0,12312:1747647659694:,1747647676344
counter/6/0/0/0,12805:1747647660606:,1747647676344
counter/10/0/0/0,12313:1747647659694:,1747647676344
counter/6/0/0/0,12806:1747647660606:,1747647676344
counter/6/0/0/0,12807:1747647660606:,1747647676344
counter/10/0/0/0,12314:1747647659694:,1747647676344
counter/5/0/0/0,12972:1747647659532:,1747647676344
counter/10/0/0/0,12315:1747647659694:,1747647676345
counter/2/0/0/0,12827:1747647659329:,1747647676346
counter/10/0/0/0,12316:1747647659694:,1747647676346
counter/9/0/0/0,13580:1747647659647:,1747647676347
counter/5/0/0/0,12973:1747647659532:,1747647676348
counter/5/0/0/0,12974:1747647659532:,1747647676348
counter/5/0/0/0,12975:1747647659532:,1747647676348
counter/7/0/0/0,12931:1747647659846:,1747647676348
counter/8/0/0/0,13231:1747647659622:,1747647676348
counter/7/0/0/0,12932:1747647659846:,1747647676348
counter/7/0/0/0,12933:1747647659846:,1747647676348
counter/7/0/0/0,12934:1747647659846:,1747647676348
counter/7/0/0/0,12935:1747647659846:,1747647676348
counter/7/0/0/0,12936:1747647659846:,1747647676348
counter/7/0/0/0,12937:1747647659846:,1747647676348
counter/3/0/0/0,13863:1747647661302:,1747647676348
counter/7/0/0/0,12938:1747647659846:,1747647676348
counter/7/0/0/0,12939:1747647659847:,1747647676349
counter/7/0/0/0,12940:1747647659847:,1747647676349
counter/7/0/0/0,12941:1747647659847:,1747647676349
counter/7/0/0/0,12942:1747647659847:,1747647676349
counter/7/0/0/0,12943:1747647659847:,1747647676349
counter/7/0/0/0,12944:1747647659847:,1747647676349
counter/3/0/0/0,13864:1747647661302:,1747647676349
counter/1/0/0/0,14088:1747647660985:,1747647676349
counter/7/0/0/0,12945:1747647659847:,1747647676349
counter/7/0/0/0,12946:1747647659848:,1747647676350
counter/7/0/0/0,12947:1747647659848:,1747647676350
counter/7/0/0/0,12948:1747647659848:,1747647676350
counter/7/0/0/0,12949:1747647659848:,1747647676350
counter/7/0/0/0,12950:1747647659848:,1747647676350
counter/7/0/0/0,12951:1747647659848:,1747647676350
counter/3/0/0/0,13865:1747647661302:,1747647676350
counter/3/0/0/0,13866:1747647661302:,1747647676350
counter/3/0/0/0,13867:1747647661302:,1747647676350
counter/3/0/0/0,13868:1747647661302:,1747647676351
counter/3/0/0/0,13869:1747647661302:,1747647676351
counter/3/0/0/0,13870:1747647661302:,1747647676351
counter/3/0/0/0,13871:1747647661302:,1747647676351
counter/3/0/0/0,13872:1747647661303:,1747647676351
counter/3/0/0/0,13873:1747647661308:,1747647676351
counter/9/0/0/0,13581:1747647659647:,1747647676351
counter/4/0/0/0,13122:1747647661200:,1747647676351
counter/2/0/0/0,12828:1747647659329:,1747647676351
counter/8/0/0/0,13232:1747647659622:,1747647676351
counter/2/0/0/0,12829:1747647659329:,1747647676351
counter/8/0/0/0,13233:1747647659622:,1747647676352
counter/8/0/0/0,13234:1747647659622:,1747647676352
counter/8/0/0/0,13235:1747647659625:,1747647676352
counter/8/0/0/0,13236:1747647659625:,1747647676352
counter/7/0/0/0,12952:1747647659848:,1747647676352
counter/8/0/0/0,13237:1747647659626:,1747647676352
counter/7/0/0/0,12953:1747647659848:,1747647676352
counter/7/0/0/0,12954:1747647659849:,1747647676352
counter/7/0/0/0,12955:1747647659851:,1747647676352
counter/7/0/0/0,12956:1747647659854:,1747647676352
counter/10/0/0/0,12317:1747647659694:,1747647676352
counter/7/0/0/0,12957:1747647659854:,1747647676352
counter/10/0/0/0,12318:1747647659694:,1747647676352
counter/10/0/0/0,12319:1747647659697:,1747647676352
counter/10/0/0/0,12320:1747647659697:,1747647676352
counter/10/0/0/0,12321:1747647659697:,1747647676353
counter/10/0/0/0,12322:1747647659697:,1747647676353
counter/10/0/0/0,12323:1747647659697:,1747647676353
counter/10/0/0/0,12324:1747647659697:,1747647676353
counter/10/0/0/0,12325:1747647659697:,1747647676353
counter/10/0/0/0,12326:1747647659697:,1747647676353
counter/2/0/0/0,12830:1747647659329:,1747647676353
counter/8/0/0/0,13238:1747647659626:,1747647676353
counter/8/0/0/0,13239:1747647659626:,1747647676353
counter/8/0/0/0,13240:1747647659626:,1747647676353
counter/7/0/0/0,12958:1747647659854:,1747647676353
counter/7/0/0/0,12959:1747647659854:,1747647676353
counter/7/0/0/0,12960:1747647659854:,1747647676353
counter/7/0/0/0,12961:1747647659854:,1747647676353
counter/7/0/0/0,12962:1747647659854:,1747647676354
counter/7/0/0/0,12963:1747647659854:,1747647676354
counter/7/0/0/0,12964:1747647659854:,1747647676354
counter/7/0/0/0,12965:1747647659854:,1747647676354
counter/7/0/0/0,12966:1747647659854:,1747647676354
counter/4/0/0/0,13123:1747647661211:,1747647676354
counter/5/0/0/0,12976:1747647659532:,1747647676355
counter/5/0/0/0,12977:1747647659532:,1747647676355
counter/5/0/0/0,12978:1747647659532:,1747647676355
counter/4/0/0/0,13124:1747647661212:,1747647676355
counter/10/0/0/0,12327:1747647659697:,1747647676355
counter/9/0/0/0,13582:1747647659647:,1747647676355
counter/9/0/0/0,13583:1747647659647:,1747647676355
counter/7/0/0/0,12967:1747647659854:,1747647676356
counter/9/0/0/0,13584:1747647659647:,1747647676356
counter/6/0/0/0,12808:1747647660606:,1747647676356
counter/2/0/0/0,12831:1747647659329:,1747647676356
counter/2/0/0/0,12832:1747647659329:,1747647676356
counter/2/0/0/0,12833:1747647659329:,1747647676356
counter/2/0/0/0,12834:1747647659329:,1747647676356
counter/2/0/0/0,12835:1747647659344:,1747647676357
counter/4/0/0/0,13125:1747647661212:,1747647676357
counter/4/0/0/0,13126:1747647661212:,1747647676357
counter/3/0/0/0,13874:1747647661308:,1747647676357
counter/5/0/0/0,12979:1747647659532:,1747647676357
counter/4/0/0/0,13127:1747647661212:,1747647676357
counter/4/0/0/0,13128:1747647661212:,1747647676358
counter/3/0/0/0,13875:1747647661308:,1747647676358
counter/3/0/0/0,13876:1747647661320:,1747647676358
counter/3/0/0/0,13877:1747647661320:,1747647676358
counter/3/0/0/0,13878:1747647661321:,1747647676358
counter/8/0/0/0,13241:1747647659626:,1747647676358
counter/10/0/0/0,12328:1747647659697:,1747647676358
counter/10/0/0/0,12329:1747647659697:,1747647676359
counter/10/0/0/0,12330:1747647659700:,1747647676359
counter/10/0/0/0,12331:1747647659700:,1747647676359
counter/10/0/0/0,12332:1747647659704:,1747647676359
counter/10/0/0/0,12333:1747647659706:,1747647676359
counter/10/0/0/0,12334:1747647659706:,1747647676359
counter/8/0/0/0,13242:1747647659626:,1747647676359
counter/6/0/0/0,12809:1747647660606:,1747647676359
counter/9/0/0/0,13585:1747647659647:,1747647676359
counter/6/0/0/0,12810:1747647660606:,1747647676359
counter/6/0/0/0,12811:1747647660606:,1747647676359
counter/7/0/0/0,12968:1747647659854:,1747647676359
counter/4/0/0/0,13129:1747647661212:,1747647676359
counter/7/0/0/0,12969:1747647659854:,1747647676359
counter/6/0/0/0,12812:1747647660606:,1747647676359
counter/6/0/0/0,12813:1747647660606:,1747647676360
counter/6/0/0/0,12814:1747647660607:,1747647676360
counter/2/0/0/0,12836:1747647659344:,1747647676360
counter/10/0/0/0,12335:1747647659706:,1747647676360
counter/10/0/0/0,12336:1747647659706:,1747647676360
counter/10/0/0/0,12337:1747647659706:,1747647676360
counter/10/0/0/0,12338:1747647659706:,1747647676360
counter/10/0/0/0,12339:1747647659706:,1747647676360
counter/5/0/0/0,12980:1747647659532:,1747647676360
counter/5/0/0/0,12981:1747647659532:,1747647676360
counter/8/0/0/0,13243:1747647659626:,1747647676360
counter/9/0/0/0,13586:1747647659647:,1747647676360
counter/7/0/0/0,12970:1747647659855:,1747647676361
counter/7/0/0/0,12971:1747647659855:,1747647676361
counter/7/0/0/0,12972:1747647659855:,1747647676361
counter/7/0/0/0,12973:1747647659855:,1747647676361
counter/6/0/0/0,12815:1747647660607:,1747647676361
counter/7/0/0/0,12974:1747647659864:,1747647676361
counter/7/0/0/0,12975:1747647659865:,1747647676361
counter/10/0/0/0,12340:1747647659706:,1747647676361
counter/7/0/0/0,12976:1747647659865:,1747647676361
counter/4/0/0/0,13130:1747647661212:,1747647676361
counter/9/0/0/0,13587:1747647659647:,1747647676362
counter/9/0/0/0,13588:1747647659647:,1747647676362
counter/7/0/0/0,12977:1747647659865:,1747647676362
counter/10/0/0/0,12341:1747647659706:,1747647676362
counter/6/0/0/0,12816:1747647660607:,1747647676362
counter/6/0/0/0,12817:1747647660607:,1747647676362
counter/6/0/0/0,12818:1747647660607:,1747647676362
counter/1/0/0/0,14089:1747647660985:,1747647676363
counter/1/0/0/0,14090:1747647660985:,1747647676363
counter/1/0/0/0,14091:1747647660985:,1747647676363
counter/1/0/0/0,14092:1747647660985:,1747647676363
counter/1/0/0/0,14093:1747647660991:,1747647676363
counter/1/0/0/0,14094:1747647660991:,1747647676363
counter/10/0/0/0,12342:1747647659706:,1747647676363
counter/10/0/0/0,12343:1747647659706:,1747647676363
counter/10/0/0/0,12344:1747647659706:,1747647676363
counter/3/0/0/0,13879:1747647661321:,1747647676364
counter/10/0/0/0,12345:1747647659706:,1747647676364
counter/9/0/0/0,13589:1747647659647:,1747647676364
counter/10/0/0/0,12346:1747647659706:,1747647676364
counter/1/0/0/0,14095:1747647660991:,1747647676364
counter/3/0/0/0,13880:1747647661321:,1747647676364
counter/1/0/0/0,14096:1747647660991:,1747647676364
counter/1/0/0/0,14097:1747647660991:,1747647676364
counter/1/0/0/0,14098:1747647660991:,1747647676364
counter/9/0/0/0,13590:1747647659667:,1747647676365
counter/9/0/0/0,13591:1747647659671:,1747647676365
counter/9/0/0/0,13592:1747647659671:,1747647676365
counter/9/0/0/0,13593:1747647659671:,1747647676365
counter/9/0/0/0,13594:1747647659674:,1747647676365
counter/9/0/0/0,13595:1747647659674:,1747647676365
counter/9/0/0/0,13596:1747647659674:,1747647676365
counter/9/0/0/0,13597:1747647659674:,1747647676365
counter/6/0/0/0,12819:1747647660609:,1747647676366
counter/9/0/0/0,13598:1747647659683:,1747647676366
counter/9/0/0/0,13599:1747647659683:,1747647676366
counter/9/0/0/0,13600:1747647659683:,1747647676366
counter/8/0/0/0,13244:1747647659626:,1747647676366
counter/9/0/0/0,13601:1747647659683:,1747647676366
counter/9/0/0/0,13602:1747647659683:,1747647676366
counter/9/0/0/0,13603:1747647659683:,1747647676366
counter/9/0/0/0,13604:1747647659683:,1747647676367
counter/9/0/0/0,13605:1747647659683:,1747647676367
counter/9/0/0/0,13606:1747647659683:,1747647676367
counter/9/0/0/0,13607:1747647659683:,1747647676367
counter/9/0/0/0,13608:1747647659683:,1747647676367
counter/2/0/0/0,12837:1747647659344:,1747647676367
counter/8/0/0/0,13245:1747647659626:,1747647676367
counter/2/0/0/0,12838:1747647659344:,1747647676367
counter/2/0/0/0,12839:1747647659344:,1747647676367
counter/4/0/0/0,13131:1747647661212:,1747647676367
counter/10/0/0/0,12347:1747647659706:,1747647676367
counter/10/0/0/0,12348:1747647659707:,1747647676367
counter/10/0/0/0,12349:1747647659707:,1747647676367
counter/7/0/0/0,12978:1747647659865:,1747647676367
counter/5/0/0/0,12982:1747647659532:,1747647676368
counter/2/0/0/0,12840:1747647659344:,1747647676368
counter/3/0/0/0,13881:1747647661321:,1747647676368
counter/2/0/0/0,12841:1747647659344:,1747647676370
counter/10/0/0/0,12350:1747647659707:,1747647676370
counter/4/0/0/0,13132:1747647661212:,1747647676370
counter/5/0/0/0,12983:1747647659532:,1747647676371
counter/5/0/0/0,12984:1747647659532:,1747647676371
counter/5/0/0/0,12985:1747647659532:,1747647676371
counter/5/0/0/0,12986:1747647659532:,1747647676371
counter/2/0/0/0,12842:1747647659344:,1747647676371
counter/10/0/0/0,12351:1747647659707:,1747647676371
counter/2/0/0/0,12843:1747647659344:,1747647676371
counter/2/0/0/0,12844:1747647659344:,1747647676371
counter/7/0/0/0,12979:1747647659865:,1747647676371
counter/2/0/0/0,12845:1747647659344:,1747647676372
counter/2/0/0/0,12846:1747647659344:,1747647676372
counter/4/0/0/0,13133:1747647661218:,1747647676372
counter/3/0/0/0,13882:1747647661321:,1747647676372
counter/4/0/0/0,13134:1747647661218:,1747647676372
counter/7/0/0/0,12980:1747647659866:,1747647676372
counter/3/0/0/0,13883:1747647661321:,1747647676373
counter/6/0/0/0,12820:1747647660609:,1747647676374
counter/2/0/0/0,12847:1747647659344:,1747647676374
counter/6/0/0/0,12821:1747647660616:,1747647676374
counter/2/0/0/0,12848:1747647659344:,1747647676375
counter/9/0/0/0,13609:1747647659683:,1747647676377
counter/2/0/0/0,12849:1747647659344:,1747647676377
counter/2/0/0/0,12850:1747647659344:,1747647676378
counter/2/0/0/0,12851:1747647659344:,1747647676378
counter/8/0/0/0,13246:1747647659626:,1747647676378
counter/2/0/0/0,12852:1747647659344:,1747647676378
counter/2/0/0/0,12853:1747647659344:,1747647676378
counter/5/0/0/0,12987:1747647659533:,1747647676378
counter/2/0/0/0,12854:1747647659357:,1747647676378
counter/5/0/0/0,12988:1747647659533:,1747647676378
counter/2/0/0/0,12855:1747647659357:,1747647676378
counter/5/0/0/0,12989:1747647659533:,1747647676378
counter/2/0/0/0,12856:1747647659357:,1747647676378
counter/2/0/0/0,12857:1747647659357:,1747647676378
counter/2/0/0/0,12858:1747647659357:,1747647676378
counter/5/0/0/0,12990:1747647659533:,1747647676378
counter/5/0/0/0,12991:1747647659533:,1747647676378
counter/5/0/0/0,12992:1747647659533:,1747647676378
counter/5/0/0/0,12993:1747647659533:,1747647676378
counter/5/0/0/0,12994:1747647659535:,1747647676378
counter/5/0/0/0,12995:1747647659548:,1747647676378
counter/2/0/0/0,12859:1747647659357:,1747647676379
counter/6/0/0/0,12822:1747647660617:,1747647676379
counter/1/0/0/0,14099:1747647660991:,1747647676380
counter/1/0/0/0,14100:1747647661001:,1747647676380
counter/1/0/0/0,14101:1747647661005:,1747647676380
counter/1/0/0/0,14102:1747647661005:,1747647676380
counter/1/0/0/0,14103:1747647661018:,1747647676380
counter/1/0/0/0,14104:1747647661018:,1747647676381
counter/1/0/0/0,14105:1747647661018:,1747647676381
counter/1/0/0/0,14106:1747647661018:,1747647676381
counter/10/0/0/0,12352:1747647659707:,1747647676381
counter/1/0/0/0,14107:1747647661023:,1747647676381
counter/1/0/0/0,14108:1747647661023:,1747647676381
counter/1/0/0/0,14109:1747647661023:,1747647676381
counter/1/0/0/0,14110:1747647661023:,1747647676381
counter/7/0/0/0,12981:1747647659869:,1747647676381
counter/6/0/0/0,12823:1747647660618:,1747647676381
counter/3/0/0/0,13884:1747647661321:,1747647676381
counter/3/0/0/0,13885:1747647661321:,1747647676381
counter/3/0/0/0,13886:1747647661321:,1747647676381
counter/10/0/0/0,12353:1747647659718:,1747647676381
counter/10/0/0/0,12354:1747647659718:,1747647676381
counter/10/0/0/0,12355:1747647659718:,1747647676381
counter/5/0/0/0,12996:1747647659548:,1747647676382
counter/3/0/0/0,13887:1747647661321:,1747647676382
counter/10/0/0/0,12356:1747647659718:,1747647676382
counter/9/0/0/0,13610:1747647659683:,1747647676383
counter/4/0/0/0,13135:1747647661218:,1747647676383
counter/5/0/0/0,12997:1747647659548:,1747647676384
counter/6/0/0/0,12824:1747647660618:,1747647676384
counter/3/0/0/0,13888:1747647661321:,1747647676384
counter/6/0/0/0,12825:1747647660619:,1747647676384
counter/6/0/0/0,12826:1747647660619:,1747647676384
counter/6/0/0/0,12827:1747647660619:,1747647676384
counter/6/0/0/0,12828:1747647660619:,1747647676384
counter/6/0/0/0,12829:1747647660619:,1747647676384
counter/6/0/0/0,12830:1747647660619:,1747647676384
counter/6/0/0/0,12831:1747647660619:,1747647676384
counter/6/0/0/0,12832:1747647660619:,1747647676384
counter/2/0/0/0,12860:1747647659357:,1747647676385
counter/2/0/0/0,12861:1747647659357:,1747647676385
counter/2/0/0/0,12862:1747647659366:,1747647676385
counter/2/0/0/0,12863:1747647659366:,1747647676385
counter/7/0/0/0,12982:1747647659869:,1747647676385
counter/2/0/0/0,12864:1747647659366:,1747647676385
counter/3/0/0/0,13889:1747647661321:,1747647676385
counter/2/0/0/0,12865:1747647659366:,1747647676385
counter/3/0/0/0,13890:1747647661322:,1747647676385
counter/2/0/0/0,12866:1747647659366:,1747647676385
counter/3/0/0/0,13891:1747647661322:,1747647676385
counter/2/0/0/0,12867:1747647659366:,1747647676386
counter/3/0/0/0,13892:1747647661325:,1747647676386
counter/2/0/0/0,12868:1747647659367:,1747647676386
counter/3/0/0/0,13893:1747647661325:,1747647676386
counter/2/0/0/0,12869:1747647659367:,1747647676386
counter/3/0/0/0,13894:1747647661325:,1747647676386
counter/2/0/0/0,12870:1747647659367:,1747647676386
counter/3/0/0/0,13895:1747647661337:,1747647676386
counter/3/0/0/0,13896:1747647661337:,1747647676386
counter/3/0/0/0,13897:1747647661337:,1747647676386
counter/3/0/0/0,13898:1747647661337:,1747647676386
counter/3/0/0/0,13899:1747647661337:,1747647676386
counter/3/0/0/0,13900:1747647661337:,1747647676386
counter/3/0/0/0,13901:1747647661337:,1747647676386
counter/3/0/0/0,13902:1747647661337:,1747647676386
counter/3/0/0/0,13903:1747647661337:,1747647676386
counter/3/0/0/0,13904:1747647661358:,1747647676386
counter/5/0/0/0,12998:1747647659549:,1747647676387
counter/5/0/0/0,12999:1747647659549:,1747647676387
counter/5/0/0/0,13000:1747647659552:,1747647676387
counter/5/0/0/0,13001:1747647659552:,1747647676387
counter/5/0/0/0,13002:1747647659552:,1747647676387
counter/5/0/0/0,13003:1747647659552:,1747647676387
counter/2/0/0/0,12871:1747647659371:,1747647676387
counter/3/0/0/0,13905:1747647661358:,1747647676387
counter/6/0/0/0,12833:1747647660632:,1747647676388
counter/3/0/0/0,13906:1747647661358:,1747647676388
counter/3/0/0/0,13907:1747647661358:,1747647676388
counter/3/0/0/0,13908:1747647661358:,1747647676388
counter/3/0/0/0,13909:1747647661358:,1747647676388
counter/3/0/0/0,13910:1747647661358:,1747647676388
counter/3/0/0/0,13911:1747647661358:,1747647676388
counter/3/0/0/0,13912:1747647661358:,1747647676388
counter/3/0/0/0,13913:1747647661358:,1747647676388
counter/3/0/0/0,13914:1747647661358:,1747647676388
counter/3/0/0/0,13915:1747647661358:,1747647676388
counter/5/0/0/0,13004:1747647659553:,1747647676389
counter/3/0/0/0,13916:1747647661358:,1747647676389
counter/5/0/0/0,13005:1747647659553:,1747647676389
counter/5/0/0/0,13006:1747647659568:,1747647676389
counter/5/0/0/0,13007:1747647659568:,1747647676389
counter/5/0/0/0,13008:1747647659568:,1747647676389
counter/5/0/0/0,13009:1747647659568:,1747647676389
counter/5/0/0/0,13010:1747647659568:,1747647676389
counter/5/0/0/0,13011:1747647659568:,1747647676389
counter/4/0/0/0,13136:1747647661225:,1747647676389
counter/2/0/0/0,12872:1747647659374:,1747647676389
counter/4/0/0/0,13137:1747647661225:,1747647676389
counter/4/0/0/0,13138:1747647661225:,1747647676389
counter/1/0/0/0,14111:1747647661032:,1747647676390
counter/1/0/0/0,14112:1747647661032:,1747647676390
counter/7/0/0/0,12983:1747647659869:,1747647676390
counter/3/0/0/0,13917:1747647661358:,1747647676390
counter/3/0/0/0,13918:1747647661358:,1747647676390
counter/3/0/0/0,13919:1747647661358:,1747647676390
counter/4/0/0/0,13139:1747647661225:,1747647676390
counter/1/0/0/0,14113:1747647661032:,1747647676390
counter/7/0/0/0,12984:1747647659869:,1747647676391
counter/6/0/0/0,12834:1747647660632:,1747647676391
counter/3/0/0/0,13920:1747647661358:,1747647676392
counter/3/0/0/0,13921:1747647661358:,1747647676392
counter/6/0/0/0,12835:1747647660632:,1747647676392
counter/3/0/0/0,13922:1747647661358:,1747647676392
counter/3/0/0/0,13923:1747647661358:,1747647676392
counter/3/0/0/0,13924:1747647661358:,1747647676392
counter/2/0/0/0,12873:1747647659374:,1747647676392
counter/2/0/0/0,12874:1747647659374:,1747647676392
counter/2/0/0/0,12875:1747647659374:,1747647676392
counter/2/0/0/0,12876:1747647659374:,1747647676392
counter/5/0/0/0,13012:1747647659568:,1747647676393
counter/9/0/0/0,13611:1747647659683:,1747647676393
counter/2/0/0/0,12877:1747647659374:,1747647676393
counter/2/0/0/0,12878:1747647659374:,1747647676393
counter/2/0/0/0,12879:1747647659374:,1747647676393
counter/2/0/0/0,12880:1747647659374:,1747647676393
counter/2/0/0/0,12881:1747647659374:,1747647676393
counter/1/0/0/0,14114:1747647661032:,1747647676393
counter/1/0/0/0,14115:1747647661032:,1747647676393
counter/1/0/0/0,14116:1747647661035:,1747647676393
counter/4/0/0/0,13140:1747647661225:,1747647676394
counter/3/0/0/0,13925:1747647661358:,1747647676394
counter/4/0/0/0,13141:1747647661232:,1747647676394
counter/3/0/0/0,13926:1747647661358:,1747647676394
counter/9/0/0/0,13612:1747647659683:,1747647676394
counter/6/0/0/0,12836:1747647660632:,1747647676394
counter/6/0/0/0,12837:1747647660632:,1747647676394
counter/6/0/0/0,12838:1747647660632:,1747647676395
counter/8/0/0/0,13247:1747647659626:,1747647676395
counter/6/0/0/0,12839:1747647660633:,1747647676395
counter/2/0/0/0,12882:1747647659396:,1747647676395
counter/6/0/0/0,12840:1747647660633:,1747647676395
counter/2/0/0/0,12883:1747647659396:,1747647676395
counter/2/0/0/0,12884:1747647659396:,1747647676395
counter/2/0/0/0,12885:1747647659396:,1747647676395
counter/2/0/0/0,12886:1747647659396:,1747647676395
counter/3/0/0/0,13927:1747647661362:,1747647676396
counter/3/0/0/0,13928:1747647661363:,1747647676396
counter/3/0/0/0,13929:1747647661363:,1747647676396
counter/3/0/0/0,13930:1747647661363:,1747647676396
counter/3/0/0/0,13931:1747647661363:,1747647676396
counter/10/0/0/0,12357:1747647659718:,1747647676396
counter/3/0/0/0,13932:1747647661363:,1747647676396
counter/10/0/0/0,12358:1747647659718:,1747647676397
counter/10/0/0/0,12359:1747647659718:,1747647676397
counter/10/0/0/0,12360:1747647659718:,1747647676397
counter/10/0/0/0,12361:1747647659718:,1747647676397
counter/9/0/0/0,13613:1747647659683:,1747647676397
counter/2/0/0/0,12887:1747647659396:,1747647676398
counter/2/0/0/0,12888:1747647659396:,1747647676398
counter/2/0/0/0,12889:1747647659396:,1747647676398
counter/2/0/0/0,12890:1747647659409:,1747647676398
counter/2/0/0/0,12891:1747647659409:,1747647676398
counter/2/0/0/0,12892:1747647659409:,1747647676398
counter/2/0/0/0,12893:1747647659409:,1747647676398
counter/2/0/0/0,12894:1747647659409:,1747647676398
counter/6/0/0/0,12841:1747647660633:,1747647676399
counter/6/0/0/0,12842:1747647660633:,1747647676399
counter/6/0/0/0,12843:1747647660633:,1747647676399
counter/6/0/0/0,12844:1747647660633:,1747647676399
counter/6/0/0/0,12845:1747647660633:,1747647676400
counter/6/0/0/0,12846:1747647660633:,1747647676400
counter/5/0/0/0,13013:1747647659568:,1747647676400
counter/6/0/0/0,12847:1747647660639:,1747647676400
counter/4/0/0/0,13142:1747647661238:,1747647676400
counter/2/0/0/0,12895:1747647659409:,1747647676405
counter/4/0/0/0,13143:1747647661238:,1747647676405
counter/5/0/0/0,13014:1747647659568:,1747647676405
counter/5/0/0/0,13015:1747647659568:,1747647676405
counter/5/0/0/0,13016:1747647659568:,1747647676405
counter/5/0/0/0,13017:1747647659568:,1747647676405
counter/3/0/0/0,13933:1747647661363:,1747647676406
counter/3/0/0/0,13934:1747647661372:,1747647676406
counter/3/0/0/0,13935:1747647661372:,1747647676406
counter/3/0/0/0,13936:1747647661372:,1747647676406
counter/3/0/0/0,13937:1747647661372:,1747647676406
counter/3/0/0/0,13938:1747647661372:,1747647676406
counter/3/0/0/0,13939:1747647661372:,1747647676406
counter/1/0/0/0,14117:1747647661035:,1747647676406
counter/6/0/0/0,12848:1747647660641:,1747647676406
counter/2/0/0/0,12896:1747647659410:,1747647676407
counter/6/0/0/0,12849:1747647660641:,1747647676407
counter/6/0/0/0,12850:1747647660641:,1747647676407
counter/6/0/0/0,12851:1747647660642:,1747647676407
counter/6/0/0/0,12852:1747647660642:,1747647676407
counter/6/0/0/0,12853:1747647660642:,1747647676407
counter/6/0/0/0,12854:1747647660642:,1747647676407
counter/6/0/0/0,12855:1747647660643:,1747647676407
counter/3/0/0/0,13940:1747647661372:,1747647676407
counter/7/0/0/0,12985:1747647659869:,1747647676407
counter/7/0/0/0,12986:1747647659869:,1747647676407
counter/1/0/0/0,14118:1747647661035:,1747647676407
counter/8/0/0/0,13248:1747647659626:,1747647676407
counter/9/0/0/0,13614:1747647659683:,1747647676407
counter/9/0/0/0,13615:1747647659683:,1747647676407
counter/9/0/0/0,13616:1747647659684:,1747647676407
counter/9/0/0/0,13617:1747647659684:,1747647676407
counter/4/0/0/0,13144:1747647661238:,1747647676407
counter/4/0/0/0,13145:1747647661238:,1747647676408
counter/4/0/0/0,13146:1747647661238:,1747647676408
counter/4/0/0/0,13147:1747647661238:,1747647676408
counter/4/0/0/0,13148:1747647661238:,1747647676408
counter/4/0/0/0,13149:1747647661238:,1747647676408
counter/3/0/0/0,13941:1747647661372:,1747647676410
counter/7/0/0/0,12987:1747647659869:,1747647676410
counter/8/0/0/0,13249:1747647659626:,1747647676410
counter/9/0/0/0,13618:1747647659685:,1747647676410
counter/8/0/0/0,13250:1747647659626:,1747647676410
counter/9/0/0/0,13619:1747647659685:,1747647676410
counter/8/0/0/0,13251:1747647659627:,1747647676410
counter/5/0/0/0,13018:1747647659571:,1747647676410
counter/8/0/0/0,13252:1747647659627:,1747647676411
counter/5/0/0/0,13019:1747647659572:,1747647676411
counter/5/0/0/0,13020:1747647659572:,1747647676411
counter/5/0/0/0,13021:1747647659572:,1747647676411
counter/5/0/0/0,13022:1747647659572:,1747647676411
counter/5/0/0/0,13023:1747647659572:,1747647676411
counter/6/0/0/0,12856:1747647660643:,1747647676412
counter/5/0/0/0,13024:1747647659572:,1747647676412
counter/5/0/0/0,13025:1747647659572:,1747647676412
counter/5/0/0/0,13026:1747647659572:,1747647676412
counter/5/0/0/0,13027:1747647659572:,1747647676412
counter/5/0/0/0,13028:1747647659574:,1747647676412
counter/5/0/0/0,13029:1747647659574:,1747647676412
counter/5/0/0/0,13030:1747647659574:,1747647676412
counter/5/0/0/0,13031:1747647659574:,1747647676412
counter/3/0/0/0,13942:1747647661372:,1747647676412
counter/3/0/0/0,13943:1747647661377:,1747647676413
counter/3/0/0/0,13944:1747647661377:,1747647676413
counter/3/0/0/0,13945:1747647661377:,1747647676413
counter/3/0/0/0,13946:1747647661377:,1747647676413
counter/3/0/0/0,13947:1747647661377:,1747647676413
counter/3/0/0/0,13948:1747647661377:,1747647676413
counter/3/0/0/0,13949:1747647661377:,1747647676413
counter/3/0/0/0,13950:1747647661377:,1747647676413
counter/3/0/0/0,13951:1747647661377:,1747647676413
counter/2/0/0/0,12897:1747647659410:,1747647676413
counter/7/0/0/0,12988:1747647659869:,1747647676414
counter/7/0/0/0,12989:1747647659869:,1747647676414
counter/7/0/0/0,12990:1747647659869:,1747647676414
counter/7/0/0/0,12991:1747647659870:,1747647676414
counter/7/0/0/0,12992:1747647659870:,1747647676414
counter/7/0/0/0,12993:1747647659870:,1747647676414
counter/7/0/0/0,12994:1747647659870:,1747647676414
counter/7/0/0/0,12995:1747647659870:,1747647676414
counter/7/0/0/0,12996:1747647659870:,1747647676414
counter/9/0/0/0,13620:1747647659685:,1747647676414
counter/7/0/0/0,12997:1747647659870:,1747647676416
counter/8/0/0/0,13253:1747647659627:,1747647676416
counter/9/0/0/0,13621:1747647659685:,1747647676417
counter/6/0/0/0,12857:1747647660643:,1747647676417
counter/5/0/0/0,13032:1747647659574:,1747647676417
counter/6/0/0/0,12858:1747647660643:,1747647676417
counter/1/0/0/0,14119:1747647661036:,1747647676417
counter/6/0/0/0,12859:1747647660643:,1747647676417
counter/3/0/0/0,13952:1747647661416:,1747647676418
counter/6/0/0/0,12860:1747647660643:,1747647676418
counter/7/0/0/0,12998:1747647659870:,1747647676418
counter/6/0/0/0,12861:1747647660643:,1747647676418
counter/6/0/0/0,12862:1747647660643:,1747647676418
counter/2/0/0/0,12898:1747647659410:,1747647676418
counter/5/0/0/0,13033:1747647659574:,1747647676419
counter/5/0/0/0,13034:1747647659574:,1747647676419
counter/5/0/0/0,13035:1747647659574:,1747647676419
counter/5/0/0/0,13036:1747647659574:,1747647676419
counter/1/0/0/0,14120:1747647661036:,1747647676419
counter/10/0/0/0,12362:1747647659722:,1747647676419
counter/3/0/0/0,13953:1747647661416:,1747647676419
counter/3/0/0/0,13954:1747647661416:,1747647676419
counter/3/0/0/0,13955:1747647661416:,1747647676419
counter/3/0/0/0,13956:1747647661416:,1747647676419
counter/3/0/0/0,13957:1747647661416:,1747647676419
counter/3/0/0/0,13958:1747647661416:,1747647676420
counter/3/0/0/0,13959:1747647661416:,1747647676420
counter/3/0/0/0,13960:1747647661423:,1747647676420
counter/3/0/0/0,13961:1747647661423:,1747647676420
counter/9/0/0/0,13622:1747647659685:,1747647676420
counter/7/0/0/0,12999:1747647659870:,1747647676420
counter/6/0/0/0,12863:1747647660643:,1747647676420
counter/6/0/0/0,12864:1747647660643:,1747647676420
counter/6/0/0/0,12865:1747647660643:,1747647676420
counter/6/0/0/0,12866:1747647660643:,1747647676420
counter/6/0/0/0,12867:1747647660643:,1747647676420
counter/4/0/0/0,13150:1747647661239:,1747647676420
counter/3/0/0/0,13962:1747647661423:,1747647676420
counter/3/0/0/0,13963:1747647661423:,1747647676421
counter/3/0/0/0,13964:1747647661423:,1747647676421
counter/3/0/0/0,13965:1747647661435:,1747647676421
counter/3/0/0/0,13966:1747647661435:,1747647676421
counter/1/0/0/0,14121:1747647661036:,1747647676421
counter/1/0/0/0,14122:1747647661036:,1747647676421
counter/1/0/0/0,14123:1747647661036:,1747647676421
counter/1/0/0/0,14124:1747647661036:,1747647676421
counter/6/0/0/0,12868:1747647660643:,1747647676421
counter/6/0/0/0,12869:1747647660643:,1747647676421
counter/6/0/0/0,12870:1747647660643:,1747647676421
counter/6/0/0/0,12871:1747647660643:,1747647676421
counter/6/0/0/0,12872:1747647660644:,1747647676421
counter/6/0/0/0,12873:1747647660644:,1747647676421
counter/6/0/0/0,12874:1747647660644:,1747647676421
counter/3/0/0/0,13967:1747647661435:,1747647676421
counter/9/0/0/0,13623:1747647659685:,1747647676422
counter/8/0/0/0,13254:1747647659627:,1747647676422
counter/6/0/0/0,12875:1747647660644:,1747647676422
counter/6/0/0/0,12876:1747647660644:,1747647676422
counter/6/0/0/0,12877:1747647660645:,1747647676422
counter/6/0/0/0,12878:1747647660647:,1747647676422
counter/6/0/0/0,12879:1747647660647:,1747647676422
counter/6/0/0/0,12880:1747647660648:,1747647676422
counter/6/0/0/0,12881:1747647660648:,1747647676422
counter/6/0/0/0,12882:1747647660648:,1747647676422
counter/9/0/0/0,13624:1747647659685:,1747647676422
counter/5/0/0/0,13037:1747647659574:,1747647676422
counter/6/0/0/0,12883:1747647660648:,1747647676425
counter/5/0/0/0,13038:1747647659574:,1747647676425
counter/9/0/0/0,13625:1747647659685:,1747647676425
counter/10/0/0/0,12363:1747647659723:,1747647676425
counter/9/0/0/0,13626:1747647659685:,1747647676425
counter/9/0/0/0,13627:1747647659685:,1747647676425
counter/9/0/0/0,13628:1747647659685:,1747647676425
counter/9/0/0/0,13629:1747647659685:,1747647676425
counter/9/0/0/0,13630:1747647659685:,1747647676425
counter/9/0/0/0,13631:1747647659685:,1747647676425
counter/9/0/0/0,13632:1747647659685:,1747647676425
counter/9/0/0/0,13633:1747647659685:,1747647676425
counter/6/0/0/0,12884:1747647660649:,1747647676426
counter/10/0/0/0,12364:1747647659723:,1747647676426
counter/7/0/0/0,13000:1747647659870:,1747647676426
counter/7/0/0/0,13001:1747647659870:,1747647676426
counter/7/0/0/0,13002:1747647659870:,1747647676426
counter/4/0/0/0,13151:1747647661239:,1747647676426
counter/9/0/0/0,13634:1747647659686:,1747647676426
counter/9/0/0/0,13635:1747647659686:,1747647676426
counter/9/0/0/0,13636:1747647659686:,1747647676426
counter/9/0/0/0,13637:1747647659686:,1747647676426
counter/3/0/0/0,13968:1747647661435:,1747647676426
counter/3/0/0/0,13969:1747647661435:,1747647676426
counter/3/0/0/0,13970:1747647661435:,1747647676426
counter/1/0/0/0,14125:1747647661036:,1747647676426
counter/8/0/0/0,13255:1747647659627:,1747647676427
counter/9/0/0/0,13638:1747647659686:,1747647676427
counter/9/0/0/0,13639:1747647659686:,1747647676427
counter/9/0/0/0,13640:1747647659686:,1747647676427
counter/9/0/0/0,13641:1747647659690:,1747647676427
counter/9/0/0/0,13642:1747647659690:,1747647676427
counter/9/0/0/0,13643:1747647659690:,1747647676427
counter/9/0/0/0,13644:1747647659690:,1747647676427
counter/9/0/0/0,13645:1747647659691:,1747647676427
counter/9/0/0/0,13646:1747647659691:,1747647676427
counter/9/0/0/0,13647:1747647659691:,1747647676427
counter/9/0/0/0,13648:1747647659691:,1747647676427
counter/10/0/0/0,12365:1747647659723:,1747647676427
counter/7/0/0/0,13003:1747647659872:,1747647676427
counter/7/0/0/0,13004:1747647659872:,1747647676427
counter/4/0/0/0,13152:1747647661242:,1747647676428
counter/4/0/0/0,13153:1747647661242:,1747647676428
counter/4/0/0/0,13154:1747647661243:,1747647676428
counter/8/0/0/0,13256:1747647659627:,1747647676428
counter/8/0/0/0,13257:1747647659628:,1747647676428
counter/8/0/0/0,13258:1747647659628:,1747647676428
counter/8/0/0/0,13259:1747647659628:,1747647676428
counter/8/0/0/0,13260:1747647659628:,1747647676428
counter/1/0/0/0,14126:1747647661036:,1747647676428
counter/3/0/0/0,13971:1747647661435:,1747647676428
counter/3/0/0/0,13972:1747647661435:,1747647676428
counter/3/0/0/0,13973:1747647661435:,1747647676429
counter/3/0/0/0,13974:1747647661435:,1747647676429
counter/9/0/0/0,13649:1747647659691:,1747647676429
counter/3/0/0/0,13975:1747647661435:,1747647676429
counter/3/0/0/0,13976:1747647661435:,1747647676429
counter/6/0/0/0,12885:1747647660649:,1747647676429
counter/3/0/0/0,13977:1747647661435:,1747647676429
counter/6/0/0/0,12886:1747647660649:,1747647676429
counter/10/0/0/0,12366:1747647659723:,1747647676429
counter/10/0/0/0,12367:1747647659723:,1747647676429
counter/10/0/0/0,12368:1747647659723:,1747647676429
counter/10/0/0/0,12369:1747647659723:,1747647676429
counter/10/0/0/0,12370:1747647659723:,1747647676429
counter/10/0/0/0,12371:1747647659727:,1747647676429
counter/10/0/0/0,12372:1747647659727:,1747647676429
counter/4/0/0/0,13155:1747647661243:,1747647676429
counter/8/0/0/0,13261:1747647659628:,1747647676429
counter/4/0/0/0,13156:1747647661246:,1747647676429
counter/8/0/0/0,13262:1747647659628:,1747647676429
counter/2/0/0/0,12899:1747647659410:,1747647676429
counter/2/0/0/0,12900:1747647659410:,1747647676429
counter/2/0/0/0,12901:1747647659410:,1747647676429
counter/5/0/0/0,13039:1747647659574:,1747647676430
counter/8/0/0/0,13263:1747647659628:,1747647676430
counter/8/0/0/0,13264:1747647659630:,1747647676430
counter/8/0/0/0,13265:1747647659630:,1747647676430
counter/8/0/0/0,13266:1747647659630:,1747647676430
counter/8/0/0/0,13267:1747647659630:,1747647676430
counter/8/0/0/0,13268:1747647659630:,1747647676430
counter/2/0/0/0,12902:1747647659410:,1747647676430
counter/9/0/0/0,13650:1747647659691:,1747647676430
counter/7/0/0/0,13005:1747647659873:,1747647676430
counter/7/0/0/0,13006:1747647659873:,1747647676430
counter/7/0/0/0,13007:1747647659873:,1747647676430
counter/7/0/0/0,13008:1747647659873:,1747647676430
counter/8/0/0/0,13269:1747647659630:,1747647676431
counter/8/0/0/0,13270:1747647659630:,1747647676431
counter/8/0/0/0,13271:1747647659630:,1747647676431
counter/8/0/0/0,13272:1747647659630:,1747647676431
counter/8/0/0/0,13273:1747647659630:,1747647676431
counter/8/0/0/0,13274:1747647659632:,1747647676431
counter/8/0/0/0,13275:1747647659634:,1747647676431
counter/8/0/0/0,13276:1747647659634:,1747647676431
counter/8/0/0/0,13277:1747647659634:,1747647676431
counter/8/0/0/0,13278:1747647659634:,1747647676431
counter/8/0/0/0,13279:1747647659637:,1747647676431
counter/8/0/0/0,13280:1747647659637:,1747647676431
counter/8/0/0/0,13281:1747647659637:,1747647676431
counter/6/0/0/0,12887:1747647660649:,1747647676431
counter/8/0/0/0,13282:1747647659637:,1747647676431
counter/6/0/0/0,12888:1747647660649:,1747647676431
counter/6/0/0/0,12889:1747647660649:,1747647676431
counter/6/0/0/0,12890:1747647660649:,1747647676431
counter/6/0/0/0,12891:1747647660649:,1747647676431
counter/3/0/0/0,13978:1747647661437:,1747647676432
counter/6/0/0/0,12892:1747647660649:,1747647676433
counter/6/0/0/0,12893:1747647660649:,1747647676433
counter/2/0/0/0,12903:1747647659410:,1747647676433
counter/6/0/0/0,12894:1747647660649:,1747647676433
counter/6/0/0/0,12895:1747647660649:,1747647676433
counter/8/0/0/0,13283:1747647659637:,1747647676433
counter/8/0/0/0,13284:1747647659637:,1747647676433
counter/8/0/0/0,13285:1747647659638:,1747647676433
counter/8/0/0/0,13286:1747647659643:,1747647676434
counter/8/0/0/0,13287:1747647659643:,1747647676434
counter/8/0/0/0,13288:1747647659643:,1747647676434
counter/8/0/0/0,13289:1747647659643:,1747647676434
counter/5/0/0/0,13040:1747647659574:,1747647676434
counter/8/0/0/0,13290:1747647659644:,1747647676434
counter/8/0/0/0,13291:1747647659644:,1747647676434
counter/6/0/0/0,12896:1747647660654:,1747647676434
counter/6/0/0/0,12897:1747647660654:,1747647676434
counter/2/0/0/0,12904:1747647659410:,1747647676434
counter/6/0/0/0,12898:1747647660654:,1747647676434
counter/2/0/0/0,12905:1747647659410:,1747647676434
counter/6/0/0/0,12899:1747647660654:,1747647676434
counter/6/0/0/0,12900:1747647660654:,1747647676435
counter/9/0/0/0,13651:1747647659691:,1747647676435
counter/4/0/0/0,13157:1747647661246:,1747647676435
counter/4/0/0/0,13158:1747647661246:,1747647676435
counter/4/0/0/0,13159:1747647661246:,1747647676435
counter/4/0/0/0,13160:1747647661246:,1747647676436
counter/8/0/0/0,13292:1747647659644:,1747647676437
counter/3/0/0/0,13979:1747647661438:,1747647676437
counter/3/0/0/0,13980:1747647661438:,1747647676437
counter/3/0/0/0,13981:1747647661438:,1747647676437
counter/3/0/0/0,13982:1747647661447:,1747647676438
counter/3/0/0/0,13983:1747647661447:,1747647676438
counter/3/0/0/0,13984:1747647661447:,1747647676438
counter/4/0/0/0,13161:1747647661246:,1747647676438
counter/3/0/0/0,13985:1747647661447:,1747647676438
counter/3/0/0/0,13986:1747647661447:,1747647676438
counter/3/0/0/0,13987:1747647661447:,1747647676438
counter/5/0/0/0,13041:1747647659574:,1747647676438
counter/6/0/0/0,12901:1747647660654:,1747647676438
counter/6/0/0/0,12902:1747647660654:,1747647676438
counter/2/0/0/0,12906:1747647659410:,1747647676438
counter/10/0/0/0,12373:1747647659727:,1747647676439
counter/3/0/0/0,13988:1747647661447:,1747647676439
counter/9/0/0/0,13652:1747647659691:,1747647676439
counter/6/0/0/0,12903:1747647660654:,1747647676440
counter/6/0/0/0,12904:1747647660654:,1747647676440
counter/6/0/0/0,12905:1747647660659:,1747647676440
counter/6/0/0/0,12906:1747647660659:,1747647676440
counter/6/0/0/0,12907:1747647660659:,1747647676440
counter/6/0/0/0,12908:1747647660659:,1747647676440
counter/6/0/0/0,12909:1747647660659:,1747647676440
counter/6/0/0/0,12910:1747647660659:,1747647676440
counter/6/0/0/0,12911:1747647660659:,1747647676440
counter/10/0/0/0,12374:1747647659728:,1747647676441
counter/6/0/0/0,12912:1747647660659:,1747647676442
counter/9/0/0/0,13653:1747647659698:,1747647676442
counter/7/0/0/0,13009:1747647659873:,1747647676443
counter/8/0/0/0,13293:1747647659644:,1747647676443
counter/8/0/0/0,13294:1747647659646:,1747647676443
counter/8/0/0/0,13295:1747647659653:,1747647676443
counter/8/0/0/0,13296:1747647659653:,1747647676443
counter/8/0/0/0,13297:1747647659653:,1747647676443
counter/8/0/0/0,13298:1747647659653:,1747647676443
counter/2/0/0/0,12907:1747647659410:,1747647676443
counter/4/0/0/0,13162:1747647661246:,1747647676443
counter/5/0/0/0,13042:1747647659574:,1747647676444
counter/8/0/0/0,13299:1747647659653:,1747647676444
counter/8/0/0/0,13300:1747647659653:,1747647676444
counter/10/0/0/0,12375:1747647659728:,1747647676444
counter/8/0/0/0,13301:1747647659655:,1747647676444
counter/10/0/0/0,12376:1747647659728:,1747647676444
counter/10/0/0/0,12377:1747647659728:,1747647676445
counter/1/0/0/0,14127:1747647661036:,1747647676445
counter/1/0/0/0,14128:1747647661036:,1747647676445
counter/1/0/0/0,14129:1747647661036:,1747647676445
counter/1/0/0/0,14130:1747647661036:,1747647676445
counter/1/0/0/0,14131:1747647661036:,1747647676445
counter/1/0/0/0,14132:1747647661036:,1747647676445
counter/6/0/0/0,12913:1747647660661:,1747647676445
counter/9/0/0/0,13654:1747647659698:,1747647676445
counter/5/0/0/0,13043:1747647659574:,1747647676446
counter/9/0/0/0,13655:1747647659698:,1747647676446
counter/8/0/0/0,13302:1747647659655:,1747647676446
counter/8/0/0/0,13303:1747647659656:,1747647676446
counter/8/0/0/0,13304:1747647659656:,1747647676446
counter/8/0/0/0,13305:1747647659656:,1747647676446
counter/8/0/0/0,13306:1747647659656:,1747647676446
counter/8/0/0/0,13307:1747647659656:,1747647676446
counter/8/0/0/0,13308:1747647659656:,1747647676446
counter/8/0/0/0,13309:1747647659656:,1747647676446
counter/8/0/0/0,13310:1747647659667:,1747647676446
counter/8/0/0/0,13311:1747647659667:,1747647676446
counter/8/0/0/0,13312:1747647659668:,1747647676446
counter/4/0/0/0,13163:1747647661246:,1747647676446
counter/6/0/0/0,12914:1747647660661:,1747647676446
counter/4/0/0/0,13164:1747647661246:,1747647676446
counter/5/0/0/0,13044:1747647659574:,1747647676446
counter/5/0/0/0,13045:1747647659574:,1747647676446
counter/5/0/0/0,13046:1747647659574:,1747647676446
counter/5/0/0/0,13047:1747647659575:,1747647676447
counter/5/0/0/0,13048:1747647659575:,1747647676447
counter/5/0/0/0,13049:1747647659575:,1747647676447
counter/5/0/0/0,13050:1747647659575:,1747647676447
counter/5/0/0/0,13051:1747647659575:,1747647676447
counter/5/0/0/0,13052:1747647659575:,1747647676447
counter/2/0/0/0,12908:1747647659410:,1747647676447
counter/1/0/0/0,14133:1747647661036:,1747647676447
counter/7/0/0/0,13010:1747647659873:,1747647676447
counter/7/0/0/0,13011:1747647659873:,1747647676447
counter/6/0/0/0,12915:1747647660661:,1747647676447
counter/6/0/0/0,12916:1747647660661:,1747647676447
counter/4/0/0/0,13165:1747647661246:,1747647676447
counter/5/0/0/0,13053:1747647659575:,1747647676447
counter/5/0/0/0,13054:1747647659575:,1747647676447
counter/5/0/0/0,13055:1747647659575:,1747647676447
counter/5/0/0/0,13056:1747647659575:,1747647676448
counter/5/0/0/0,13057:1747647659575:,1747647676448
counter/5/0/0/0,13058:1747647659575:,1747647676448
counter/5/0/0/0,13059:1747647659575:,1747647676448
counter/5/0/0/0,13060:1747647659575:,1747647676448
counter/5/0/0/0,13061:1747647659575:,1747647676448
counter/5/0/0/0,13062:1747647659575:,1747647676448
counter/5/0/0/0,13063:1747647659575:,1747647676448
counter/2/0/0/0,12909:1747647659410:,1747647676448
counter/7/0/0/0,13012:1747647659873:,1747647676448
counter/2/0/0/0,12910:1747647659410:,1747647676448
counter/7/0/0/0,13013:1747647659873:,1747647676448
counter/2/0/0/0,12911:1747647659410:,1747647676449
counter/7/0/0/0,13014:1747647659873:,1747647676449
counter/2/0/0/0,12912:1747647659410:,1747647676449
counter/2/0/0/0,12913:1747647659410:,1747647676449
counter/2/0/0/0,12914:1747647659410:,1747647676449
counter/2/0/0/0,12915:1747647659410:,1747647676449
counter/2/0/0/0,12916:1747647659410:,1747647676449
counter/2/0/0/0,12917:1747647659410:,1747647676449
counter/3/0/0/0,13989:1747647661447:,1747647676450
counter/3/0/0/0,13990:1747647661448:,1747647676450
counter/3/0/0/0,13991:1747647661448:,1747647676450
counter/3/0/0/0,13992:1747647661448:,1747647676450
counter/10/0/0/0,12378:1747647659728:,1747647676450
counter/9/0/0/0,13656:1747647659698:,1747647676450
counter/5/0/0/0,13064:1747647659575:,1747647676450
counter/9/0/0/0,13657:1747647659698:,1747647676451
counter/5/0/0/0,13065:1747647659575:,1747647676451
counter/9/0/0/0,13658:1747647659698:,1747647676451
counter/5/0/0/0,13066:1747647659575:,1747647676451
counter/5/0/0/0,13067:1747647659575:,1747647676451
counter/5/0/0/0,13068:1747647659575:,1747647676452
counter/5/0/0/0,13069:1747647659576:,1747647676452
counter/7/0/0/0,13015:1747647659873:,1747647676452
counter/6/0/0/0,12917:1747647660661:,1747647676452
counter/6/0/0/0,12918:1747647660661:,1747647676452
counter/6/0/0/0,12919:1747647660662:,1747647676452
counter/4/0/0/0,13166:1747647661246:,1747647676452
counter/4/0/0/0,13167:1747647661246:,1747647676452
counter/4/0/0/0,13168:1747647661246:,1747647676452
counter/4/0/0/0,13169:1747647661249:,1747647676452
counter/4/0/0/0,13170:1747647661249:,1747647676452
counter/4/0/0/0,13171:1747647661249:,1747647676452
counter/4/0/0/0,13172:1747647661249:,1747647676452
counter/1/0/0/0,14134:1747647661036:,1747647676453
counter/4/0/0/0,13173:1747647661254:,1747647676453
counter/10/0/0/0,12379:1747647659728:,1747647676454
counter/10/0/0/0,12380:1747647659728:,1747647676455
counter/10/0/0/0,12381:1747647659728:,1747647676455
counter/10/0/0/0,12382:1747647659728:,1747647676455
counter/10/0/0/0,12383:1747647659728:,1747647676455
counter/10/0/0/0,12384:1747647659728:,1747647676455
counter/10/0/0/0,12385:1747647659743:,1747647676455
counter/7/0/0/0,13016:1747647659873:,1747647676456
counter/7/0/0/0,13017:1747647659873:,1747647676456
counter/7/0/0/0,13018:1747647659873:,1747647676456
counter/7/0/0/0,13019:1747647659873:,1747647676456
counter/7/0/0/0,13020:1747647659873:,1747647676456
counter/7/0/0/0,13021:1747647659873:,1747647676456
counter/7/0/0/0,13022:1747647659873:,1747647676456
counter/7/0/0/0,13023:1747647659873:,1747647676456
counter/7/0/0/0,13024:1747647659873:,1747647676456
counter/7/0/0/0,13025:1747647659873:,1747647676456
counter/7/0/0/0,13026:1747647659873:,1747647676456
counter/7/0/0/0,13027:1747647659873:,1747647676456
counter/7/0/0/0,13028:1747647659873:,1747647676456
counter/7/0/0/0,13029:1747647659873:,1747647676456
counter/7/0/0/0,13030:1747647659873:,1747647676456
counter/7/0/0/0,13031:1747647659873:,1747647676456
counter/7/0/0/0,13032:1747647659873:,1747647676456
counter/7/0/0/0,13033:1747647659874:,1747647676456
counter/2/0/0/0,12918:1747647659410:,1747647676457
counter/7/0/0/0,13034:1747647659874:,1747647676457
counter/2/0/0/0,12919:1747647659411:,1747647676457
counter/4/0/0/0,13174:1747647661254:,1747647676457
counter/4/0/0/0,13175:1747647661254:,1747647676457
counter/4/0/0/0,13176:1747647661254:,1747647676457
counter/4/0/0/0,13177:1747647661254:,1747647676457
counter/4/0/0/0,13178:1747647661254:,1747647676457
counter/4/0/0/0,13179:1747647661254:,1747647676457
counter/4/0/0/0,13180:1747647661254:,1747647676457
counter/4/0/0/0,13181:1747647661263:,1747647676457
counter/4/0/0/0,13182:1747647661263:,1747647676457
counter/4/0/0/0,13183:1747647661263:,1747647676458
counter/4/0/0/0,13184:1747647661264:,1747647676458
counter/4/0/0/0,13185:1747647661264:,1747647676458
counter/4/0/0/0,13186:1747647661264:,1747647676458
counter/4/0/0/0,13187:1747647661264:,1747647676458
counter/4/0/0/0,13188:1747647661264:,1747647676458
counter/4/0/0/0,13189:1747647661264:,1747647676458
counter/4/0/0/0,13190:1747647661287:,1747647676458
counter/4/0/0/0,13191:1747647661287:,1747647676458
counter/6/0/0/0,12920:1747647660662:,1747647676458
counter/5/0/0/0,13070:1747647659576:,1747647676458
counter/8/0/0/0,13313:1747647659668:,1747647676458
counter/8/0/0/0,13314:1747647659668:,1747647676458
counter/8/0/0/0,13315:1747647659675:,1747647676458
counter/8/0/0/0,13316:1747647659675:,1747647676458
counter/8/0/0/0,13317:1747647659675:,1747647676458
counter/4/0/0/0,13192:1747647661287:,1747647676458
counter/3/0/0/0,13993:1747647661448:,1747647676459
counter/3/0/0/0,13994:1747647661449:,1747647676459
counter/3/0/0/0,13995:1747647661449:,1747647676459
counter/3/0/0/0,13996:1747647661449:,1747647676459
counter/3/0/0/0,13997:1747647661449:,1747647676459
counter/3/0/0/0,13998:1747647661449:,1747647676459
counter/4/0/0/0,13193:1747647661287:,1747647676459
counter/4/0/0/0,13194:1747647661287:,1747647676459
counter/2/0/0/0,12920:1747647659411:,1747647676459
counter/2/0/0/0,12921:1747647659411:,1747647676459
counter/6/0/0/0,12921:1747647660662:,1747647676461
counter/2/0/0/0,12922:1747647659411:,1747647676461
counter/5/0/0/0,13071:1747647659576:,1747647676461
counter/5/0/0/0,13072:1747647659576:,1747647676461
counter/5/0/0/0,13073:1747647659576:,1747647676461
counter/5/0/0/0,13074:1747647659576:,1747647676461
counter/5/0/0/0,13075:1747647659576:,1747647676461
counter/6/0/0/0,12922:1747647660662:,1747647676461
counter/2/0/0/0,12923:1747647659411:,1747647676461
counter/6/0/0/0,12923:1747647660662:,1747647676462
counter/6/0/0/0,12924:1747647660662:,1747647676462
counter/6/0/0/0,12925:1747647660662:,1747647676462
counter/6/0/0/0,12926:1747647660662:,1747647676462
counter/6/0/0/0,12927:1747647660662:,1747647676462
counter/6/0/0/0,12928:1747647660662:,1747647676462
counter/6/0/0/0,12929:1747647660662:,1747647676462
counter/8/0/0/0,13318:1747647659675:,1747647676463
counter/4/0/0/0,13195:1747647661287:,1747647676463
counter/8/0/0/0,13319:1747647659675:,1747647676464
counter/1/0/0/0,14135:1747647661036:,1747647676464
counter/8/0/0/0,13320:1747647659675:,1747647676464
counter/7/0/0/0,13035:1747647659874:,1747647676464
counter/7/0/0/0,13036:1747647659874:,1747647676464
counter/7/0/0/0,13037:1747647659874:,1747647676464
counter/7/0/0/0,13038:1747647659874:,1747647676464
counter/7/0/0/0,13039:1747647659874:,1747647676464
counter/7/0/0/0,13040:1747647659874:,1747647676464
counter/9/0/0/0,13659:1747647659698:,1747647676464
counter/7/0/0/0,13041:1747647659874:,1747647676465
counter/7/0/0/0,13042:1747647659874:,1747647676465
counter/7/0/0/0,13043:1747647659874:,1747647676465
counter/2/0/0/0,12924:1747647659411:,1747647676465
counter/2/0/0/0,12925:1747647659411:,1747647676465
counter/2/0/0/0,12926:1747647659411:,1747647676465
counter/9/0/0/0,13660:1747647659698:,1747647676466
counter/2/0/0/0,12927:1747647659411:,1747647676466
counter/5/0/0/0,13076:1747647659576:,1747647676466
counter/6/0/0/0,12930:1747647660662:,1747647676467
counter/4/0/0/0,13196:1747647661287:,1747647676467
counter/4/0/0/0,13197:1747647661302:,1747647676467
counter/4/0/0/0,13198:1747647661302:,1747647676467
counter/4/0/0/0,13199:1747647661302:,1747647676467
counter/4/0/0/0,13200:1747647661302:,1747647676467
counter/2/0/0/0,12928:1747647659411:,1747647676467
counter/5/0/0/0,13077:1747647659576:,1747647676468
counter/10/0/0/0,12386:1747647659743:,1747647676468
counter/5/0/0/0,13078:1747647659576:,1747647676468
counter/5/0/0/0,13079:1747647659576:,1747647676468
counter/5/0/0/0,13080:1747647659576:,1747647676468
counter/5/0/0/0,13081:1747647659576:,1747647676468
counter/5/0/0/0,13082:1747647659576:,1747647676469
counter/5/0/0/0,13083:1747647659576:,1747647676469
counter/5/0/0/0,13084:1747647659576:,1747647676469
counter/5/0/0/0,13085:1747647659577:,1747647676469
counter/5/0/0/0,13086:1747647659578:,1747647676469
counter/5/0/0/0,13087:1747647659578:,1747647676469
counter/1/0/0/0,14136:1747647661039:,1747647676469
counter/5/0/0/0,13088:1747647659578:,1747647676470
counter/9/0/0/0,13661:1747647659698:,1747647676470
counter/9/0/0/0,13662:1747647659699:,1747647676470
counter/9/0/0/0,13663:1747647659699:,1747647676471
counter/9/0/0/0,13664:1747647659699:,1747647676471
counter/1/0/0/0,14137:1747647661039:,1747647676471
counter/2/0/0/0,12929:1747647659425:,1747647676471
counter/2/0/0/0,12930:1747647659425:,1747647676471
counter/10/0/0/0,12387:1747647659744:,1747647676471
counter/8/0/0/0,13321:1747647659675:,1747647676471
counter/8/0/0/0,13322:1747647659675:,1747647676471
counter/8/0/0/0,13323:1747647659675:,1747647676471
counter/8/0/0/0,13324:1747647659675:,1747647676471
counter/8/0/0/0,13325:1747647659675:,1747647676471
counter/8/0/0/0,13326:1747647659675:,1747647676471
counter/8/0/0/0,13327:1747647659675:,1747647676472
counter/8/0/0/0,13328:1747647659675:,1747647676472
counter/8/0/0/0,13329:1747647659675:,1747647676472
counter/8/0/0/0,13330:1747647659675:,1747647676472
counter/8/0/0/0,13331:1747647659682:,1747647676472
counter/8/0/0/0,13332:1747647659682:,1747647676472
counter/8/0/0/0,13333:1747647659682:,1747647676472
counter/8/0/0/0,13334:1747647659682:,1747647676472
counter/8/0/0/0,13335:1747647659682:,1747647676472
counter/8/0/0/0,13336:1747647659682:,1747647676472
counter/8/0/0/0,13337:1747647659682:,1747647676472
counter/2/0/0/0,12931:1747647659434:,1747647676472
counter/3/0/0/0,13999:1747647661449:,1747647676472
counter/6/0/0/0,12931:1747647660662:,1747647676473
counter/9/0/0/0,13665:1747647659699:,1747647676474
counter/1/0/0/0,14138:1747647661039:,1747647676475
counter/1/0/0/0,14139:1747647661040:,1747647676475
counter/1/0/0/0,14140:1747647661040:,1747647676475
counter/1/0/0/0,14141:1747647661040:,1747647676475
counter/1/0/0/0,14142:1747647661041:,1747647676475
counter/1/0/0/0,14143:1747647661041:,1747647676475
counter/1/0/0/0,14144:1747647661041:,1747647676475
counter/1/0/0/0,14145:1747647661041:,1747647676475
counter/1/0/0/0,14146:1747647661041:,1747647676475
counter/1/0/0/0,14147:1747647661041:,1747647676475
counter/1/0/0/0,14148:1747647661041:,1747647676475
counter/3/0/0/0,14000:1747647661450:,1747647676475
counter/2/0/0/0,12932:1747647659434:,1747647676475
counter/2/0/0/0,12933:1747647659434:,1747647676475
counter/10/0/0/0,12388:1747647659744:,1747647676475
counter/10/0/0/0,12389:1747647659744:,1747647676475
counter/10/0/0/0,12390:1747647659744:,1747647676476
counter/10/0/0/0,12391:1747647659744:,1747647676476
counter/10/0/0/0,12392:1747647659744:,1747647676476
counter/10/0/0/0,12393:1747647659744:,1747647676476
counter/10/0/0/0,12394:1747647659744:,1747647676476
counter/10/0/0/0,12395:1747647659744:,1747647676476
counter/10/0/0/0,12396:1747647659744:,1747647676476
counter/10/0/0/0,12397:1747647659744:,1747647676476
counter/8/0/0/0,13338:1747647659682:,1747647676476
counter/10/0/0/0,12398:1747647659744:,1747647676477
counter/10/0/0/0,12399:1747647659744:,1747647676477
counter/10/0/0/0,12400:1747647659744:,1747647676477
counter/10/0/0/0,12401:1747647659744:,1747647676477
counter/10/0/0/0,12402:1747647659744:,1747647676477
counter/10/0/0/0,12403:1747647659755:,1747647676477
counter/10/0/0/0,12404:1747647659760:,1747647676477
counter/10/0/0/0,12405:1747647659761:,1747647676477
counter/10/0/0/0,12406:1747647659761:,1747647676477
counter/10/0/0/0,12407:1747647659761:,1747647676477
counter/10/0/0/0,12408:1747647659761:,1747647676477
counter/10/0/0/0,12409:1747647659761:,1747647676477
counter/10/0/0/0,12410:1747647659761:,1747647676477
counter/10/0/0/0,12411:1747647659761:,1747647676477
counter/8/0/0/0,13339:1747647659682:,1747647676477
counter/8/0/0/0,13340:1747647659682:,1747647676477
counter/8/0/0/0,13341:1747647659682:,1747647676477
counter/8/0/0/0,13342:1747647659682:,1747647676477
counter/8/0/0/0,13343:1747647659682:,1747647676478
counter/8/0/0/0,13344:1747647659682:,1747647676478
counter/8/0/0/0,13345:1747647659682:,1747647676478
counter/9/0/0/0,13666:1747647659699:,1747647676478
counter/7/0/0/0,13044:1747647659874:,1747647676478
counter/9/0/0/0,13667:1747647659701:,1747647676478
counter/7/0/0/0,13045:1747647659874:,1747647676478
counter/7/0/0/0,13046:1747647659874:,1747647676478
counter/7/0/0/0,13047:1747647659874:,1747647676478
counter/7/0/0/0,13048:1747647659874:,1747647676478
counter/1/0/0/0,14149:1747647661041:,1747647676478
counter/6/0/0/0,12932:1747647660662:,1747647676478
counter/6/0/0/0,12933:1747647660662:,1747647676479
counter/8/0/0/0,13346:1747647659682:,1747647676479
counter/8/0/0/0,13347:1747647659682:,1747647676479
counter/8/0/0/0,13348:1747647659682:,1747647676479
counter/8/0/0/0,13349:1747647659682:,1747647676479
counter/10/0/0/0,12412:1747647659761:,1747647676479
counter/5/0/0/0,13089:1747647659578:,1747647676479
counter/5/0/0/0,13090:1747647659578:,1747647676479
counter/1/0/0/0,14150:1747647661041:,1747647676479
counter/1/0/0/0,14151:1747647661041:,1747647676480
counter/1/0/0/0,14152:1747647661041:,1747647676480
counter/1/0/0/0,14153:1747647661041:,1747647676480
counter/1/0/0/0,14154:1747647661041:,1747647676480
counter/1/0/0/0,14155:1747647661043:,1747647676480
counter/1/0/0/0,14156:1747647661043:,1747647676480
counter/1/0/0/0,14157:1747647661043:,1747647676480
counter/1/0/0/0,14158:1747647661043:,1747647676480
counter/6/0/0/0,12934:1747647660662:,1747647676480
counter/1/0/0/0,14159:1747647661043:,1747647676480
counter/1/0/0/0,14160:1747647661043:,1747647676480
counter/1/0/0/0,14161:1747647661043:,1747647676480
counter/1/0/0/0,14162:1747647661043:,1747647676480
counter/1/0/0/0,14163:1747647661043:,1747647676481
counter/1/0/0/0,14164:1747647661043:,1747647676481
counter/1/0/0/0,14165:1747647661043:,1747647676481
counter/1/0/0/0,14166:1747647661043:,1747647676481
counter/1/0/0/0,14167:1747647661043:,1747647676481
counter/1/0/0/0,14168:1747647661043:,1747647676481
counter/1/0/0/0,14169:1747647661043:,1747647676481
counter/10/0/0/0,12413:1747647659761:,1747647676481
counter/4/0/0/0,13201:1747647661302:,1747647676481
counter/5/0/0/0,13091:1747647659578:,1747647676481
counter/4/0/0/0,13202:1747647661302:,1747647676481
counter/2/0/0/0,12934:1747647659434:,1747647676481
counter/5/0/0/0,13092:1747647659578:,1747647676481
counter/2/0/0/0,12935:1747647659434:,1747647676482
counter/5/0/0/0,13093:1747647659578:,1747647676482
counter/5/0/0/0,13094:1747647659578:,1747647676482
counter/5/0/0/0,13095:1747647659578:,1747647676482
counter/9/0/0/0,13668:1747647659701:,1747647676482
counter/9/0/0/0,13669:1747647659701:,1747647676482
counter/9/0/0/0,13670:1747647659701:,1747647676482
counter/9/0/0/0,13671:1747647659701:,1747647676482
counter/9/0/0/0,13672:1747647659701:,1747647676482
counter/9/0/0/0,13673:1747647659701:,1747647676482
counter/9/0/0/0,13674:1747647659701:,1747647676482
counter/9/0/0/0,13675:1747647659701:,1747647676482
counter/9/0/0/0,13676:1747647659701:,1747647676482
counter/7/0/0/0,13049:1747647659874:,1747647676482
counter/7/0/0/0,13050:1747647659874:,1747647676483
counter/10/0/0/0,12414:1747647659761:,1747647676483
counter/10/0/0/0,12415:1747647659761:,1747647676483
counter/6/0/0/0,12935:1747647660662:,1747647676483
counter/6/0/0/0,12936:1747647660662:,1747647676483
counter/6/0/0/0,12937:1747647660662:,1747647676483
counter/2/0/0/0,12936:1747647659434:,1747647676483
counter/5/0/0/0,13096:1747647659578:,1747647676483
counter/2/0/0/0,12937:1747647659434:,1747647676483
counter/5/0/0/0,13097:1747647659578:,1747647676483
counter/3/0/0/0,14001:1747647661450:,1747647676483
counter/3/0/0/0,14002:1747647661450:,1747647676483
counter/1/0/0/0,14170:1747647661043:,1747647676483
counter/4/0/0/0,13203:1747647661302:,1747647676484
counter/9/0/0/0,13677:1747647659701:,1747647676485
counter/10/0/0/0,12416:1747647659761:,1747647676485
counter/1/0/0/0,14171:1747647661043:,1747647676486
counter/8/0/0/0,13350:1747647659682:,1747647676486
counter/8/0/0/0,13351:1747647659683:,1747647676486
counter/8/0/0/0,13352:1747647659683:,1747647676486
counter/8/0/0/0,13353:1747647659686:,1747647676486
counter/8/0/0/0,13354:1747647659686:,1747647676486
counter/8/0/0/0,13355:1747647659686:,1747647676486
counter/8/0/0/0,13356:1747647659702:,1747647676486
counter/8/0/0/0,13357:1747647659702:,1747647676486
counter/8/0/0/0,13358:1747647659702:,1747647676486
counter/8/0/0/0,13359:1747647659702:,1747647676486
counter/8/0/0/0,13360:1747647659702:,1747647676486
counter/8/0/0/0,13361:1747647659702:,1747647676486
counter/8/0/0/0,13362:1747647659702:,1747647676486
counter/8/0/0/0,13363:1747647659702:,1747647676486
counter/8/0/0/0,13364:1747647659702:,1747647676486
counter/8/0/0/0,13365:1747647659702:,1747647676486
counter/8/0/0/0,13366:1747647659703:,1747647676486
counter/8/0/0/0,13367:1747647659703:,1747647676486
counter/1/0/0/0,14172:1747647661043:,1747647676486
counter/9/0/0/0,13678:1747647659701:,1747647676487
counter/3/0/0/0,14003:1747647661450:,1747647676488
counter/4/0/0/0,13204:1747647661302:,1747647676488
counter/9/0/0/0,13679:1747647659702:,1747647676489
counter/8/0/0/0,13368:1747647659703:,1747647676489
counter/8/0/0/0,13369:1747647659703:,1747647676489
counter/8/0/0/0,13370:1747647659703:,1747647676489
counter/8/0/0/0,13371:1747647659708:,1747647676489
counter/8/0/0/0,13372:1747647659708:,1747647676489
counter/8/0/0/0,13373:1747647659708:,1747647676489
counter/3/0/0/0,14004:1747647661450:,1747647676489
counter/8/0/0/0,13374:1747647659708:,1747647676489
counter/7/0/0/0,13051:1747647659874:,1747647676489
counter/6/0/0/0,12938:1747647660662:,1747647676489
counter/6/0/0/0,12939:1747647660662:,1747647676491
counter/6/0/0/0,12940:1747647660663:,1747647676491
counter/2/0/0/0,12938:1747647659454:,1747647676491
counter/2/0/0/0,12939:1747647659454:,1747647676492
counter/10/0/0/0,12417:1747647659764:,1747647676493
counter/8/0/0/0,13375:1747647659708:,1747647676493
counter/8/0/0/0,13376:1747647659708:,1747647676493
counter/8/0/0/0,13377:1747647659709:,1747647676493
counter/8/0/0/0,13378:1747647659709:,1747647676493
counter/8/0/0/0,13379:1747647659715:,1747647676493
counter/1/0/0/0,14173:1747647661044:,1747647676493
counter/8/0/0/0,13380:1747647659715:,1747647676493
counter/5/0/0/0,13098:1747647659578:,1747647676495
counter/6/0/0/0,12941:1747647660663:,1747647676495
counter/3/0/0/0,14005:1747647661450:,1747647676496
counter/3/0/0/0,14006:1747647661450:,1747647676496
counter/3/0/0/0,14007:1747647661467:,1747647676496
counter/3/0/0/0,14008:1747647661467:,1747647676496
counter/3/0/0/0,14009:1747647661467:,1747647676496
counter/3/0/0/0,14010:1747647661467:,1747647676496
counter/3/0/0/0,14011:1747647661467:,1747647676496
counter/3/0/0/0,14012:1747647661467:,1747647676496
counter/7/0/0/0,13052:1747647659874:,1747647676496
counter/7/0/0/0,13053:1747647659891:,1747647676496
counter/7/0/0/0,13054:1747647659891:,1747647676496
counter/9/0/0/0,13680:1747647659702:,1747647676497
counter/6/0/0/0,12942:1747647660663:,1747647676497
counter/2/0/0/0,12940:1747647659455:,1747647676498
counter/1/0/0/0,14174:1747647661044:,1747647676500
counter/2/0/0/0,12941:1747647659455:,1747647676501
counter/7/0/0/0,13055:1747647659891:,1747647676501
counter/4/0/0/0,13205:1747647661302:,1747647676501
counter/7/0/0/0,13056:1747647659892:,1747647676501
counter/3/0/0/0,14013:1747647661467:,1747647676501
counter/3/0/0/0,14014:1747647661467:,1747647676501
counter/7/0/0/0,13057:1747647659892:,1747647676502
counter/4/0/0/0,13206:1747647661302:,1747647676503
counter/4/0/0/0,13207:1747647661302:,1747647676503
counter/4/0/0/0,13208:1747647661302:,1747647676503
counter/9/0/0/0,13681:1747647659702:,1747647676503
counter/7/0/0/0,13058:1747647659892:,1747647676504
counter/2/0/0/0,12942:1747647659455:,1747647676504
counter/4/0/0/0,13209:1747647661302:,1747647676505
counter/4/0/0/0,13210:1747647661302:,1747647676505
counter/4/0/0/0,13211:1747647661302:,1747647676505
counter/4/0/0/0,13212:1747647661303:,1747647676505
counter/4/0/0/0,13213:1747647661303:,1747647676506
counter/4/0/0/0,13214:1747647661303:,1747647676506
counter/4/0/0/0,13215:1747647661307:,1747647676506
counter/4/0/0/0,13216:1747647661307:,1747647676506
counter/4/0/0/0,13217:1747647661307:,1747647676506
counter/4/0/0/0,13218:1747647661307:,1747647676506
counter/10/0/0/0,12418:1747647659764:,1747647676506
counter/2/0/0/0,12943:1747647659455:,1747647676506
counter/9/0/0/0,13682:1747647659702:,1747647676506
counter/5/0/0/0,13099:1747647659578:,1747647676506
counter/3/0/0/0,14015:1747647661467:,1747647676508
counter/3/0/0/0,14016:1747647661467:,1747647676508
counter/6/0/0/0,12943:1747647660663:,1747647676508
counter/3/0/0/0,14017:1747647661467:,1747647676508
counter/6/0/0/0,12944:1747647660663:,1747647676508
counter/6/0/0/0,12945:1747647660672:,1747647676508
counter/6/0/0/0,12946:1747647660672:,1747647676508
counter/6/0/0/0,12947:1747647660673:,1747647676508
counter/6/0/0/0,12948:1747647660673:,1747647676508
counter/6/0/0/0,12949:1747647660673:,1747647676508
counter/6/0/0/0,12950:1747647660673:,1747647676508
counter/6/0/0/0,12951:1747647660673:,1747647676508
counter/6/0/0/0,12952:1747647660673:,1747647676508
counter/6/0/0/0,12953:1747647660673:,1747647676508
counter/2/0/0/0,12944:1747647659455:,1747647676509
counter/2/0/0/0,12945:1747647659455:,1747647676509
counter/3/0/0/0,14018:1747647661467:,1747647676511
counter/3/0/0/0,14019:1747647661467:,1747647676511
counter/3/0/0/0,14020:1747647661467:,1747647676511
counter/3/0/0/0,14021:1747647661467:,1747647676511
counter/3/0/0/0,14022:1747647661467:,1747647676511
counter/2/0/0/0,12946:1747647659455:,1747647676511
counter/3/0/0/0,14023:1747647661467:,1747647676511
counter/1/0/0/0,14175:1747647661044:,1747647676511
counter/4/0/0/0,13219:1747647661307:,1747647676511
counter/4/0/0/0,13220:1747647661307:,1747647676511
counter/4/0/0/0,13221:1747647661307:,1747647676511
counter/8/0/0/0,13381:1747647659715:,1747647676512
counter/4/0/0/0,13222:1747647661314:,1747647676512
counter/8/0/0/0,13382:1747647659715:,1747647676512
counter/2/0/0/0,12947:1747647659455:,1747647676512
counter/4/0/0/0,13223:1747647661314:,1747647676512
counter/8/0/0/0,13383:1747647659716:,1747647676512
counter/4/0/0/0,13224:1747647661314:,1747647676512
counter/8/0/0/0,13384:1747647659724:,1747647676512
counter/8/0/0/0,13385:1747647659731:,1747647676512
counter/8/0/0/0,13386:1747647659735:,1747647676512
counter/8/0/0/0,13387:1747647659735:,1747647676512
counter/8/0/0/0,13388:1747647659735:,1747647676512
counter/2/0/0/0,12948:1747647659455:,1747647676512
counter/1/0/0/0,14176:1747647661044:,1747647676512
counter/1/0/0/0,14177:1747647661044:,1747647676513
counter/7/0/0/0,13059:1747647659892:,1747647676513
counter/1/0/0/0,14178:1747647661044:,1747647676513
counter/1/0/0/0,14179:1747647661044:,1747647676513
counter/9/0/0/0,13683:1747647659702:,1747647676513
counter/9/0/0/0,13684:1747647659702:,1747647676514
counter/9/0/0/0,13685:1747647659705:,1747647676514
counter/9/0/0/0,13686:1747647659705:,1747647676514
counter/8/0/0/0,13389:1747647659735:,1747647676514
counter/9/0/0/0,13687:1747647659705:,1747647676514
counter/4/0/0/0,13225:1747647661314:,1747647676514
counter/9/0/0/0,13688:1747647659705:,1747647676514
counter/4/0/0/0,13226:1747647661314:,1747647676514
counter/8/0/0/0,13390:1747647659735:,1747647676514
counter/8/0/0/0,13391:1747647659735:,1747647676514
counter/8/0/0/0,13392:1747647659735:,1747647676514
counter/8/0/0/0,13393:1747647659735:,1747647676514
counter/2/0/0/0,12949:1747647659455:,1747647676514
counter/8/0/0/0,13394:1747647659735:,1747647676514
counter/8/0/0/0,13395:1747647659735:,1747647676514
counter/4/0/0/0,13227:1747647661314:,1747647676515
counter/4/0/0/0,13228:1747647661314:,1747647676515
counter/4/0/0/0,13229:1747647661314:,1747647676515
counter/4/0/0/0,13230:1747647661314:,1747647676515
counter/7/0/0/0,13060:1747647659892:,1747647676515
counter/4/0/0/0,13231:1747647661314:,1747647676515
counter/4/0/0/0,13232:1747647661314:,1747647676515
counter/4/0/0/0,13233:1747647661326:,1747647676515
counter/4/0/0/0,13234:1747647661326:,1747647676515
counter/5/0/0/0,13100:1747647659581:,1747647676515
counter/3/0/0/0,14024:1747647661467:,1747647676515
counter/6/0/0/0,12954:1747647660673:,1747647676515
counter/9/0/0/0,13689:1747647659705:,1747647676516
counter/9/0/0/0,13690:1747647659706:,1747647676516
counter/9/0/0/0,13691:1747647659706:,1747647676517
counter/9/0/0/0,13692:1747647659706:,1747647676517
counter/9/0/0/0,13693:1747647659706:,1747647676517
counter/6/0/0/0,12955:1747647660673:,1747647676517
counter/9/0/0/0,13694:1747647659706:,1747647676517
counter/6/0/0/0,12956:1747647660673:,1747647676517
counter/6/0/0/0,12957:1747647660673:,1747647676517
counter/6/0/0/0,12958:1747647660677:,1747647676517
counter/6/0/0/0,12959:1747647660677:,1747647676517
counter/6/0/0/0,12960:1747647660677:,1747647676517
counter/3/0/0/0,14025:1747647661472:,1747647676517
counter/3/0/0/0,14026:1747647661472:,1747647676517
counter/3/0/0/0,14027:1747647661472:,1747647676517
counter/3/0/0/0,14028:1747647661472:,1747647676518
counter/3/0/0/0,14029:1747647661472:,1747647676518
counter/8/0/0/0,13396:1747647659735:,1747647676518
counter/3/0/0/0,14030:1747647661472:,1747647676518
counter/6/0/0/0,12961:1747647660677:,1747647676518
counter/3/0/0/0,14031:1747647661472:,1747647676518
counter/10/0/0/0,12419:1747647659764:,1747647676518
counter/7/0/0/0,13061:1747647659892:,1747647676518
counter/5/0/0/0,13101:1747647659581:,1747647676518
counter/5/0/0/0,13102:1747647659581:,1747647676518
counter/5/0/0/0,13103:1747647659581:,1747647676518
counter/5/0/0/0,13104:1747647659581:,1747647676518
counter/1/0/0/0,14180:1747647661051:,1747647676518
counter/5/0/0/0,13105:1747647659581:,1747647676518
counter/5/0/0/0,13106:1747647659581:,1747647676518
counter/5/0/0/0,13107:1747647659581:,1747647676518
counter/6/0/0/0,12962:1747647660677:,1747647676518
counter/3/0/0/0,14032:1747647661472:,1747647676519
counter/3/0/0/0,14033:1747647661472:,1747647676519
counter/3/0/0/0,14034:1747647661501:,1747647676519
counter/3/0/0/0,14035:1747647661501:,1747647676519
counter/3/0/0/0,14036:1747647661501:,1747647676519
counter/3/0/0/0,14037:1747647661501:,1747647676519
counter/3/0/0/0,14038:1747647661501:,1747647676519
counter/3/0/0/0,14039:1747647661501:,1747647676519
counter/3/0/0/0,14040:1747647661501:,1747647676519
counter/8/0/0/0,13397:1747647659735:,1747647676519
counter/3/0/0/0,14041:1747647661501:,1747647676519
counter/5/0/0/0,13108:1747647659581:,1747647676519
counter/3/0/0/0,14042:1747647661501:,1747647676519
counter/8/0/0/0,13398:1747647659737:,1747647676519
counter/3/0/0/0,14043:1747647661501:,1747647676519
counter/4/0/0/0,13235:1747647661326:,1747647676519
counter/3/0/0/0,14044:1747647661501:,1747647676519
counter/10/0/0/0,12420:1747647659764:,1747647676520
counter/10/0/0/0,12421:1747647659764:,1747647676520
counter/10/0/0/0,12422:1747647659764:,1747647676520
counter/10/0/0/0,12423:1747647659765:,1747647676520
counter/10/0/0/0,12424:1747647659765:,1747647676520
counter/6/0/0/0,12963:1747647660677:,1747647676520
counter/10/0/0/0,12425:1747647659765:,1747647676520
counter/3/0/0/0,14045:1747647661501:,1747647676520
counter/3/0/0/0,14046:1747647661503:,1747647676520
counter/3/0/0/0,14047:1747647661504:,1747647676520
counter/5/0/0/0,13109:1747647659581:,1747647676520
counter/3/0/0/0,14048:1747647661504:,1747647676520
counter/4/0/0/0,13236:1747647661326:,1747647676520
counter/4/0/0/0,13237:1747647661327:,1747647676520
counter/2/0/0/0,12950:1747647659459:,1747647676520
counter/4/0/0/0,13238:1747647661327:,1747647676520
counter/2/0/0/0,12951:1747647659459:,1747647676520
counter/4/0/0/0,13239:1747647661327:,1747647676520
counter/2/0/0/0,12952:1747647659459:,1747647676520
counter/2/0/0/0,12953:1747647659459:,1747647676520
counter/2/0/0/0,12954:1747647659459:,1747647676520
counter/2/0/0/0,12955:1747647659459:,1747647676520
counter/7/0/0/0,13062:1747647659900:,1747647676520
counter/2/0/0/0,12956:1747647659459:,1747647676520
counter/8/0/0/0,13399:1747647659737:,1747647676520
counter/5/0/0/0,13110:1747647659581:,1747647676521
counter/5/0/0/0,13111:1747647659582:,1747647676521
counter/5/0/0/0,13112:1747647659582:,1747647676521
counter/9/0/0/0,13695:1747647659706:,1747647676522
counter/8/0/0/0,13400:1747647659737:,1747647676524
counter/5/0/0/0,13113:1747647659582:,1747647676524
counter/2/0/0/0,12957:1747647659459:,1747647676524
counter/2/0/0/0,12958:1747647659459:,1747647676524
counter/2/0/0/0,12959:1747647659459:,1747647676524
counter/2/0/0/0,12960:1747647659459:,1747647676524
counter/2/0/0/0,12961:1747647659459:,1747647676524
counter/2/0/0/0,12962:1747647659467:,1747647676524
counter/2/0/0/0,12963:1747647659467:,1747647676524
counter/2/0/0/0,12964:1747647659467:,1747647676524
counter/2/0/0/0,12965:1747647659467:,1747647676524
counter/2/0/0/0,12966:1747647659467:,1747647676524
counter/2/0/0/0,12967:1747647659468:,1747647676524
counter/2/0/0/0,12968:1747647659468:,1747647676524
counter/2/0/0/0,12969:1747647659473:,1747647676524
counter/2/0/0/0,12970:1747647659473:,1747647676524
counter/2/0/0/0,12971:1747647659473:,1747647676524
counter/2/0/0/0,12972:1747647659473:,1747647676524
counter/2/0/0/0,12973:1747647659473:,1747647676524
counter/2/0/0/0,12974:1747647659473:,1747647676524
counter/2/0/0/0,12975:1747647659473:,1747647676524
counter/2/0/0/0,12976:1747647659473:,1747647676524
counter/2/0/0/0,12977:1747647659473:,1747647676524
counter/2/0/0/0,12978:1747647659473:,1747647676524
counter/2/0/0/0,12979:1747647659475:,1747647676524
counter/2/0/0/0,12980:1747647659493:,1747647676525
counter/10/0/0/0,12426:1747647659780:,1747647676525
counter/9/0/0/0,13696:1747647659706:,1747647676525
counter/9/0/0/0,13697:1747647659706:,1747647676525
counter/5/0/0/0,13114:1747647659582:,1747647676525
counter/10/0/0/0,12427:1747647659780:,1747647676525
counter/9/0/0/0,13698:1747647659706:,1747647676525
counter/10/0/0/0,12428:1747647659780:,1747647676525
counter/9/0/0/0,13699:1747647659706:,1747647676525
counter/9/0/0/0,13700:1747647659706:,1747647676525
counter/9/0/0/0,13701:1747647659720:,1747647676525
counter/9/0/0/0,13702:1747647659724:,1747647676525
counter/1/0/0/0,14181:1747647661051:,1747647676526
counter/9/0/0/0,13703:1747647659724:,1747647676526
counter/9/0/0/0,13704:1747647659724:,1747647676526
counter/6/0/0/0,12964:1747647660677:,1747647676526
counter/4/0/0/0,13240:1747647661327:,1747647676526
counter/9/0/0/0,13705:1747647659724:,1747647676526
counter/1/0/0/0,14182:1747647661051:,1747647676526
counter/8/0/0/0,13401:1747647659737:,1747647676527
counter/5/0/0/0,13115:1747647659599:,1747647676527
counter/3/0/0/0,14049:1747647661504:,1747647676527
counter/3/0/0/0,14050:1747647661504:,1747647676527
counter/7/0/0/0,13063:1747647659900:,1747647676527
counter/7/0/0/0,13064:1747647659903:,1747647676527
counter/9/0/0/0,13706:1747647659724:,1747647676528
counter/9/0/0/0,13707:1747647659724:,1747647676528
counter/9/0/0/0,13708:1747647659724:,1747647676528
counter/9/0/0/0,13709:1747647659724:,1747647676528
counter/9/0/0/0,13710:1747647659724:,1747647676528
counter/6/0/0/0,12965:1747647660677:,1747647676528
counter/3/0/0/0,14051:1747647661504:,1747647676528
counter/5/0/0/0,13116:1747647659599:,1747647676528
counter/5/0/0/0,13117:1747647659599:,1747647676528
counter/4/0/0/0,13241:1747647661327:,1747647676528
counter/4/0/0/0,13242:1747647661327:,1747647676528
counter/4/0/0/0,13243:1747647661327:,1747647676528
counter/4/0/0/0,13244:1747647661327:,1747647676528
counter/4/0/0/0,13245:1747647661327:,1747647676528
counter/4/0/0/0,13246:1747647661327:,1747647676528
counter/4/0/0/0,13247:1747647661337:,1747647676528
counter/4/0/0/0,13248:1747647661337:,1747647676528
counter/4/0/0/0,13249:1747647661337:,1747647676528
counter/9/0/0/0,13711:1747647659724:,1747647676528
counter/9/0/0/0,13712:1747647659724:,1747647676528
counter/9/0/0/0,13713:1747647659724:,1747647676528
counter/9/0/0/0,13714:1747647659724:,1747647676528
counter/9/0/0/0,13715:1747647659724:,1747647676529
counter/1/0/0/0,14183:1747647661052:,1747647676529
counter/4/0/0/0,13250:1747647661337:,1747647676529
counter/6/0/0/0,12966:1747647660678:,1747647676530
counter/9/0/0/0,13716:1747647659724:,1747647676530
counter/6/0/0/0,12967:1747647660678:,1747647676530
counter/6/0/0/0,12968:1747647660678:,1747647676530
counter/10/0/0/0,12429:1747647659780:,1747647676530
counter/8/0/0/0,13402:1747647659737:,1747647676534
counter/7/0/0/0,13065:1747647659903:,1747647676534
counter/1/0/0/0,14184:1747647661052:,1747647676535
counter/7/0/0/0,13066:1747647659903:,1747647676535
counter/1/0/0/0,14185:1747647661052:,1747647676535
counter/1/0/0/0,14186:1747647661052:,1747647676535
counter/1/0/0/0,14187:1747647661052:,1747647676535
counter/1/0/0/0,14188:1747647661058:,1747647676535
counter/1/0/0/0,14189:1747647661066:,1747647676535
counter/1/0/0/0,14190:1747647661066:,1747647676535
counter/1/0/0/0,14191:1747647661066:,1747647676535
counter/6/0/0/0,12969:1747647660678:,1747647676535
counter/2/0/0/0,12981:1747647659493:,1747647676535
counter/2/0/0/0,12982:1747647659493:,1747647676535
counter/2/0/0/0,12983:1747647659493:,1747647676535
counter/2/0/0/0,12984:1747647659493:,1747647676535
counter/2/0/0/0,12985:1747647659493:,1747647676535
counter/2/0/0/0,12986:1747647659493:,1747647676536
counter/9/0/0/0,13717:1747647659724:,1747647676536
counter/10/0/0/0,12430:1747647659780:,1747647676536
counter/9/0/0/0,13718:1747647659725:,1747647676536
counter/10/0/0/0,12431:1747647659780:,1747647676536
counter/3/0/0/0,14052:1747647661504:,1747647676536
counter/1/0/0/0,14192:1747647661066:,1747647676536
counter/2/0/0/0,12987:1747647659493:,1747647676536
counter/8/0/0/0,13403:1747647659737:,1747647676536
counter/7/0/0/0,13067:1747647659903:,1747647676537
counter/10/0/0/0,12432:1747647659780:,1747647676537
counter/1/0/0/0,14193:1747647661066:,1747647676537
counter/1/0/0/0,14194:1747647661080:,1747647676537
counter/3/0/0/0,14053:1747647661504:,1747647676537
counter/1/0/0/0,14195:1747647661080:,1747647676539
counter/3/0/0/0,14054:1747647661504:,1747647676539
counter/4/0/0/0,13251:1747647661337:,1747647676539
counter/4/0/0/0,13252:1747647661337:,1747647676539
counter/6/0/0/0,12970:1747647660678:,1747647676540
counter/6/0/0/0,12971:1747647660678:,1747647676540
counter/6/0/0/0,12972:1747647660678:,1747647676540
counter/6/0/0/0,12973:1747647660678:,1747647676540
counter/7/0/0/0,13068:1747647659903:,1747647676540
counter/7/0/0/0,13069:1747647659903:,1747647676540
counter/7/0/0/0,13070:1747647659903:,1747647676540
counter/10/0/0/0,12433:1747647659780:,1747647676540
counter/5/0/0/0,13118:1747647659599:,1747647676540
counter/8/0/0/0,13404:1747647659737:,1747647676541
counter/5/0/0/0,13119:1747647659599:,1747647676541
counter/5/0/0/0,13120:1747647659600:,1747647676541
counter/5/0/0/0,13121:1747647659600:,1747647676541
counter/5/0/0/0,13122:1747647659600:,1747647676541
counter/5/0/0/0,13123:1747647659600:,1747647676541
counter/1/0/0/0,14196:1747647661080:,1747647676541
counter/1/0/0/0,14197:1747647661080:,1747647676541
counter/1/0/0/0,14198:1747647661080:,1747647676541
counter/1/0/0/0,14199:1747647661080:,1747647676541
counter/1/0/0/0,14200:1747647661080:,1747647676541
counter/8/0/0/0,13405:1747647659737:,1747647676541
counter/9/0/0/0,13719:1747647659725:,1747647676542
counter/10/0/0/0,12434:1747647659780:,1747647676542
counter/1/0/0/0,14201:1747647661080:,1747647676542
counter/3/0/0/0,14055:1747647661504:,1747647676544
counter/4/0/0/0,13253:1747647661337:,1747647676544
counter/3/0/0/0,14056:1747647661504:,1747647676544
counter/3/0/0/0,14057:1747647661505:,1747647676544
counter/3/0/0/0,14058:1747647661505:,1747647676544
counter/3/0/0/0,14059:1747647661505:,1747647676544
counter/7/0/0/0,13071:1747647659903:,1747647676544
counter/7/0/0/0,13072:1747647659903:,1747647676544
counter/7/0/0/0,13073:1747647659903:,1747647676544
counter/7/0/0/0,13074:1747647659903:,1747647676545
counter/7/0/0/0,13075:1747647659903:,1747647676545
counter/7/0/0/0,13076:1747647659903:,1747647676545
counter/7/0/0/0,13077:1747647659903:,1747647676545
counter/7/0/0/0,13078:1747647659903:,1747647676545
counter/7/0/0/0,13079:1747647659904:,1747647676545
counter/7/0/0/0,13080:1747647659904:,1747647676545
counter/7/0/0/0,13081:1747647659904:,1747647676545
counter/7/0/0/0,13082:1747647659904:,1747647676545
counter/9/0/0/0,13720:1747647659725:,1747647676545
counter/5/0/0/0,13124:1747647659600:,1747647676545
counter/10/0/0/0,12435:1747647659780:,1747647676545
counter/10/0/0/0,12436:1747647659780:,1747647676545
counter/10/0/0/0,12437:1747647659780:,1747647676546
counter/2/0/0/0,12988:1747647659493:,1747647676546
counter/7/0/0/0,13083:1747647659904:,1747647676546
counter/1/0/0/0,14202:1747647661080:,1747647676547
counter/8/0/0/0,13406:1747647659737:,1747647676547
counter/8/0/0/0,13407:1747647659737:,1747647676547
counter/8/0/0/0,13408:1747647659737:,1747647676547
counter/8/0/0/0,13409:1747647659738:,1747647676547
counter/4/0/0/0,13254:1747647661338:,1747647676548
counter/5/0/0/0,13125:1747647659600:,1747647676548
counter/7/0/0/0,13084:1747647659904:,1747647676548
counter/7/0/0/0,13085:1747647659904:,1747647676548
counter/7/0/0/0,13086:1747647659904:,1747647676548
counter/5/0/0/0,13126:1747647659600:,1747647676548
counter/9/0/0/0,13721:1747647659725:,1747647676549
counter/9/0/0/0,13722:1747647659725:,1747647676549
counter/9/0/0/0,13723:1747647659725:,1747647676549
counter/7/0/0/0,13087:1747647659904:,1747647676549
counter/2/0/0/0,12989:1747647659495:,1747647676551
counter/2/0/0/0,12990:1747647659495:,1747647676551
counter/2/0/0/0,12991:1747647659495:,1747647676551
counter/9/0/0/0,13724:1747647659725:,1747647676551
counter/8/0/0/0,13410:1747647659738:,1747647676552
counter/3/0/0/0,14060:1747647661506:,1747647676554
counter/7/0/0/0,13088:1747647659904:,1747647676554
counter/7/0/0/0,13089:1747647659904:,1747647676554
counter/7/0/0/0,13090:1747647659907:,1747647676554
counter/7/0/0/0,13091:1747647659907:,1747647676554
counter/7/0/0/0,13092:1747647659907:,1747647676554
counter/7/0/0/0,13093:1747647659907:,1747647676554
counter/7/0/0/0,13094:1747647659907:,1747647676554
counter/7/0/0/0,13095:1747647659908:,1747647676554
counter/7/0/0/0,13096:1747647659908:,1747647676554
counter/7/0/0/0,13097:1747647659908:,1747647676554
counter/7/0/0/0,13098:1747647659908:,1747647676554
counter/6/0/0/0,12974:1747647660678:,1747647676555
counter/7/0/0/0,13099:1747647659908:,1747647676556
counter/7/0/0/0,13100:1747647659908:,1747647676556
counter/7/0/0/0,13101:1747647659910:,1747647676556
counter/7/0/0/0,13102:1747647659910:,1747647676556
counter/3/0/0/0,14061:1747647661506:,1747647676556
counter/6/0/0/0,12975:1747647660678:,1747647676556
counter/1/0/0/0,14203:1747647661080:,1747647676557
counter/6/0/0/0,12976:1747647660678:,1747647676557
counter/1/0/0/0,14204:1747647661080:,1747647676557
counter/4/0/0/0,13255:1747647661338:,1747647676557
counter/6/0/0/0,12977:1747647660679:,1747647676557
counter/4/0/0/0,13256:1747647661338:,1747647676557
counter/7/0/0/0,13103:1747647659910:,1747647676558
counter/7/0/0/0,13104:1747647659918:,1747647676559
counter/7/0/0/0,13105:1747647659918:,1747647676559
counter/7/0/0/0,13106:1747647659918:,1747647676559
counter/7/0/0/0,13107:1747647659918:,1747647676559
counter/7/0/0/0,13108:1747647659919:,1747647676559
counter/7/0/0/0,13109:1747647659919:,1747647676559
counter/7/0/0/0,13110:1747647659919:,1747647676559
counter/7/0/0/0,13111:1747647659919:,1747647676559
counter/7/0/0/0,13112:1747647659919:,1747647676559
counter/7/0/0/0,13113:1747647659919:,1747647676560
counter/3/0/0/0,14062:1747647661506:,1747647676560
counter/1/0/0/0,14205:1747647661080:,1747647676560
counter/4/0/0/0,13257:1747647661338:,1747647676560
counter/1/0/0/0,14206:1747647661080:,1747647676560
counter/4/0/0/0,13258:1747647661338:,1747647676560
counter/6/0/0/0,12978:1747647660679:,1747647676560
counter/6/0/0/0,12979:1747647660680:,1747647676560
counter/7/0/0/0,13114:1747647659920:,1747647676560
counter/7/0/0/0,13115:1747647659920:,1747647676560
counter/7/0/0/0,13116:1747647659920:,1747647676560
counter/7/0/0/0,13117:1747647659920:,1747647676561
counter/7/0/0/0,13118:1747647659920:,1747647676561
counter/9/0/0/0,13725:1747647659729:,1747647676561
counter/9/0/0/0,13726:1747647659729:,1747647676561
counter/1/0/0/0,14207:1747647661080:,1747647676561
counter/4/0/0/0,13259:1747647661340:,1747647676561
counter/4/0/0/0,13260:1747647661341:,1747647676561
counter/4/0/0/0,13261:1747647661341:,1747647676561
counter/4/0/0/0,13262:1747647661341:,1747647676561
counter/4/0/0/0,13263:1747647661342:,1747647676561
counter/4/0/0/0,13264:1747647661342:,1747647676561
counter/2/0/0/0,12992:1747647659495:,1747647676561
counter/6/0/0/0,12980:1747647660683:,1747647676561
counter/6/0/0/0,12981:1747647660683:,1747647676561
counter/6/0/0/0,12982:1747647660683:,1747647676561
counter/7/0/0/0,13119:1747647659920:,1747647676561
counter/7/0/0/0,13120:1747647659920:,1747647676562
counter/7/0/0/0,13121:1747647659920:,1747647676562
counter/7/0/0/0,13122:1747647659920:,1747647676562
counter/7/0/0/0,13123:1747647659920:,1747647676562
counter/3/0/0/0,14063:1747647661506:,1747647676562
counter/3/0/0/0,14064:1747647661506:,1747647676562
counter/1/0/0/0,14208:1747647661081:,1747647676562
counter/4/0/0/0,13265:1747647661342:,1747647676562
counter/4/0/0/0,13266:1747647661342:,1747647676562
counter/4/0/0/0,13267:1747647661342:,1747647676562
counter/4/0/0/0,13268:1747647661342:,1747647676562
counter/4/0/0/0,13269:1747647661343:,1747647676562
counter/4/0/0/0,13270:1747647661343:,1747647676562
counter/4/0/0/0,13271:1747647661343:,1747647676562
counter/4/0/0/0,13272:1747647661353:,1747647676562
counter/2/0/0/0,12993:1747647659495:,1747647676562
counter/6/0/0/0,12983:1747647660683:,1747647676562
counter/8/0/0/0,13411:1747647659738:,1747647676562
counter/8/0/0/0,13412:1747647659738:,1747647676562
counter/8/0/0/0,13413:1747647659738:,1747647676562
counter/8/0/0/0,13414:1747647659738:,1747647676562
counter/9/0/0/0,13727:1747647659729:,1747647676562
counter/8/0/0/0,13415:1747647659738:,1747647676563
counter/8/0/0/0,13416:1747647659738:,1747647676563
counter/5/0/0/0,13127:1747647659600:,1747647676563
counter/8/0/0/0,13417:1747647659738:,1747647676563
counter/8/0/0/0,13418:1747647659738:,1747647676563
counter/8/0/0/0,13419:1747647659738:,1747647676563
counter/8/0/0/0,13420:1747647659738:,1747647676563
counter/8/0/0/0,13421:1747647659738:,1747647676563
counter/8/0/0/0,13422:1747647659738:,1747647676564
counter/1/0/0/0,14209:1747647661081:,1747647676564
counter/8/0/0/0,13423:1747647659738:,1747647676564
counter/4/0/0/0,13273:1747647661353:,1747647676564
counter/1/0/0/0,14210:1747647661083:,1747647676564
counter/6/0/0/0,12984:1747647660690:,1747647676564
counter/6/0/0/0,12985:1747647660690:,1747647676564
counter/2/0/0/0,12994:1747647659495:,1747647676564
counter/5/0/0/0,13128:1747647659600:,1747647676564
counter/5/0/0/0,13129:1747647659600:,1747647676564
counter/5/0/0/0,13130:1747647659600:,1747647676564
counter/5/0/0/0,13131:1747647659601:,1747647676564
counter/5/0/0/0,13132:1747647659601:,1747647676564
counter/5/0/0/0,13133:1747647659601:,1747647676564
counter/5/0/0/0,13134:1747647659601:,1747647676564
counter/5/0/0/0,13135:1747647659601:,1747647676564
counter/5/0/0/0,13136:1747647659601:,1747647676564
counter/5/0/0/0,13137:1747647659607:,1747647676564
counter/5/0/0/0,13138:1747647659607:,1747647676565
counter/5/0/0/0,13139:1747647659607:,1747647676565
counter/5/0/0/0,13140:1747647659607:,1747647676565
counter/1/0/0/0,14211:1747647661083:,1747647676565
counter/1/0/0/0,14212:1747647661083:,1747647676565
counter/1/0/0/0,14213:1747647661083:,1747647676565
counter/1/0/0/0,14214:1747647661083:,1747647676565
counter/1/0/0/0,14215:1747647661083:,1747647676565
counter/1/0/0/0,14216:1747647661084:,1747647676565
counter/1/0/0/0,14217:1747647661084:,1747647676565
counter/1/0/0/0,14218:1747647661084:,1747647676565
counter/1/0/0/0,14219:1747647661084:,1747647676565
counter/1/0/0/0,14220:1747647661084:,1747647676565
counter/1/0/0/0,14221:1747647661084:,1747647676565
counter/2/0/0/0,12995:1747647659495:,1747647676565
counter/2/0/0/0,12996:1747647659495:,1747647676565
counter/10/0/0/0,12438:1747647659780:,1747647676565
counter/5/0/0/0,13141:1747647659607:,1747647676565
counter/5/0/0/0,13142:1747647659607:,1747647676565
counter/5/0/0/0,13143:1747647659607:,1747647676565
counter/5/0/0/0,13144:1747647659607:,1747647676565
counter/5/0/0/0,13145:1747647659607:,1747647676565
counter/1/0/0/0,14222:1747647661084:,1747647676566
counter/6/0/0/0,12986:1747647660690:,1747647676567
counter/10/0/0/0,12439:1747647659780:,1747647676567
counter/6/0/0/0,12987:1747647660690:,1747647676567
counter/9/0/0/0,13728:1747647659729:,1747647676567
counter/9/0/0/0,13729:1747647659729:,1747647676567
counter/9/0/0/0,13730:1747647659729:,1747647676567
counter/9/0/0/0,13731:1747647659736:,1747647676567
counter/6/0/0/0,12988:1747647660690:,1747647676568
counter/9/0/0/0,13732:1747647659745:,1747647676568
counter/9/0/0/0,13733:1747647659745:,1747647676568
counter/6/0/0/0,12989:1747647660690:,1747647676568
counter/5/0/0/0,13146:1747647659607:,1747647676568
counter/5/0/0/0,13147:1747647659607:,1747647676568
counter/1/0/0/0,14223:1747647661084:,1747647676568
counter/1/0/0/0,14224:1747647661112:,1747647676568
counter/1/0/0/0,14225:1747647661112:,1747647676568
counter/1/0/0/0,14226:1747647661112:,1747647676568
counter/3/0/0/0,14065:1747647661506:,1747647676569
counter/3/0/0/0,14066:1747647661506:,1747647676569
counter/7/0/0/0,13124:1747647659920:,1747647676569
counter/2/0/0/0,12997:1747647659495:,1747647676571
counter/2/0/0/0,12998:1747647659495:,1747647676571
counter/2/0/0/0,12999:1747647659495:,1747647676571
counter/2/0/0/0,13000:1747647659495:,1747647676571
counter/2/0/0/0,13001:1747647659504:,1747647676571
counter/3/0/0/0,14067:1747647661506:,1747647676571
counter/7/0/0/0,13125:1747647659920:,1747647676571
counter/2/0/0/0,13002:1747647659504:,1747647676572
counter/3/0/0/0,14068:1747647661506:,1747647676572
counter/3/0/0/0,14069:1747647661506:,1747647676572
counter/3/0/0/0,14070:1747647661506:,1747647676572
counter/3/0/0/0,14071:1747647661506:,1747647676572
counter/3/0/0/0,14072:1747647661512:,1747647676572
counter/3/0/0/0,14073:1747647661512:,1747647676572
counter/3/0/0/0,14074:1747647661512:,1747647676572
counter/8/0/0/0,13424:1747647659755:,1747647676572
counter/2/0/0/0,13003:1747647659504:,1747647676572
counter/2/0/0/0,13004:1747647659504:,1747647676572
counter/2/0/0/0,13005:1747647659504:,1747647676572
counter/7/0/0/0,13126:1747647659920:,1747647676573
counter/4/0/0/0,13274:1747647661353:,1747647676574
counter/10/0/0/0,12440:1747647659780:,1747647676574
counter/9/0/0/0,13734:1747647659745:,1747647676574
counter/9/0/0/0,13735:1747647659745:,1747647676574
counter/9/0/0/0,13736:1747647659746:,1747647676574
counter/7/0/0/0,13127:1747647659920:,1747647676574
counter/3/0/0/0,14075:1747647661512:,1747647676576
counter/5/0/0/0,13148:1747647659607:,1747647676577
counter/5/0/0/0,13149:1747647659607:,1747647676577
counter/5/0/0/0,13150:1747647659607:,1747647676577
counter/5/0/0/0,13151:1747647659607:,1747647676577
counter/4/0/0/0,13275:1747647661353:,1747647676577
counter/6/0/0/0,12990:1747647660690:,1747647676577
counter/6/0/0/0,12991:1747647660690:,1747647676577
counter/7/0/0/0,13128:1747647659920:,1747647676580
counter/7/0/0/0,13129:1747647659920:,1747647676580
counter/7/0/0/0,13130:1747647659920:,1747647676580
counter/7/0/0/0,13131:1747647659920:,1747647676580
counter/7/0/0/0,13132:1747647659922:,1747647676581
counter/7/0/0/0,13133:1747647659922:,1747647676581
counter/9/0/0/0,13737:1747647659746:,1747647676581
counter/9/0/0/0,13738:1747647659746:,1747647676581
counter/4/0/0/0,13276:1747647661353:,1747647676581
counter/6/0/0/0,12992:1747647660690:,1747647676581
counter/2/0/0/0,13006:1747647659504:,1747647676581
counter/2/0/0/0,13007:1747647659504:,1747647676581
counter/2/0/0/0,13008:1747647659504:,1747647676581
counter/2/0/0/0,13009:1747647659504:,1747647676581
counter/2/0/0/0,13010:1747647659504:,1747647676581
counter/2/0/0/0,13011:1747647659505:,1747647676581
counter/2/0/0/0,13012:1747647659505:,1747647676581
counter/2/0/0/0,13013:1747647659505:,1747647676581
counter/2/0/0/0,13014:1747647659505:,1747647676581
counter/2/0/0/0,13015:1747647659506:,1747647676581
counter/3/0/0/0,14076:1747647661512:,1747647676581
counter/2/0/0/0,13016:1747647659506:,1747647676583
counter/6/0/0/0,12993:1747647660690:,1747647676584
counter/3/0/0/0,14077:1747647661512:,1747647676584
counter/6/0/0/0,12994:1747647660690:,1747647676584
counter/9/0/0/0,13739:1747647659746:,1747647676584
counter/1/0/0/0,14227:1747647661112:,1747647676584
counter/5/0/0/0,13152:1747647659607:,1747647676584
counter/10/0/0/0,12441:1747647659780:,1747647676585
counter/10/0/0/0,12442:1747647659780:,1747647676585
counter/10/0/0/0,12443:1747647659780:,1747647676585
counter/10/0/0/0,12444:1747647659780:,1747647676585
counter/10/0/0/0,12445:1747647659780:,1747647676585
counter/1/0/0/0,14228:1747647661112:,1747647676585
counter/1/0/0/0,14229:1747647661112:,1747647676585
counter/1/0/0/0,14230:1747647661112:,1747647676585
counter/2/0/0/0,13017:1747647659506:,1747647676585
counter/1/0/0/0,14231:1747647661112:,1747647676586
counter/3/0/0/0,14078:1747647661512:,1747647676586
counter/6/0/0/0,12995:1747647660690:,1747647676587
counter/9/0/0/0,13740:1747647659746:,1747647676587
counter/9/0/0/0,13741:1747647659746:,1747647676587
counter/9/0/0/0,13742:1747647659746:,1747647676588
counter/9/0/0/0,13743:1747647659746:,1747647676588
counter/9/0/0/0,13744:1747647659746:,1747647676588
counter/4/0/0/0,13277:1747647661353:,1747647676588
counter/2/0/0/0,13018:1747647659506:,1747647676588
counter/8/0/0/0,13425:1747647659755:,1747647676588
counter/2/0/0/0,13019:1747647659506:,1747647676588
counter/8/0/0/0,13426:1747647659755:,1747647676588
counter/8/0/0/0,13427:1747647659755:,1747647676588
counter/6/0/0/0,12996:1747647660690:,1747647676589
counter/2/0/0/0,13020:1747647659521:,1747647676589
counter/6/0/0/0,12997:1747647660692:,1747647676589
counter/6/0/0/0,12998:1747647660692:,1747647676589
counter/8/0/0/0,13428:1747647659755:,1747647676589
counter/6/0/0/0,12999:1747647660692:,1747647676589
counter/2/0/0/0,13021:1747647659539:,1747647676590
counter/3/0/0/0,14079:1747647661512:,1747647676591
counter/3/0/0/0,14080:1747647661512:,1747647676591
counter/3/0/0/0,14081:1747647661512:,1747647676591
counter/3/0/0/0,14082:1747647661512:,1747647676591
counter/1/0/0/0,14232:1747647661112:,1747647676591
counter/6/0/0/0,13000:1747647660693:,1747647676591
counter/9/0/0/0,13745:1747647659746:,1747647676591
counter/6/0/0/0,13001:1747647660696:,1747647676591
counter/1/0/0/0,14233:1747647661112:,1747647676592
counter/10/0/0/0,12446:1747647659780:,1747647676592
counter/9/0/0/0,13746:1747647659746:,1747647676592
counter/9/0/0/0,13747:1747647659747:,1747647676592
counter/9/0/0/0,13748:1747647659759:,1747647676592
counter/9/0/0/0,13749:1747647659759:,1747647676592
counter/9/0/0/0,13750:1747647659760:,1747647676592
counter/9/0/0/0,13751:1747647659760:,1747647676592
counter/4/0/0/0,13278:1747647661353:,1747647676592
counter/6/0/0/0,13002:1747647660696:,1747647676592
counter/7/0/0/0,13134:1747647659922:,1747647676593
counter/1/0/0/0,14234:1747647661112:,1747647676593
counter/7/0/0/0,13135:1747647659922:,1747647676593
counter/7/0/0/0,13136:1747647659922:,1747647676593
counter/7/0/0/0,13137:1747647659923:,1747647676593
counter/7/0/0/0,13138:1747647659923:,1747647676593
counter/7/0/0/0,13139:1747647659923:,1747647676593
counter/9/0/0/0,13752:1747647659766:,1747647676593
counter/7/0/0/0,13140:1747647659923:,1747647676593
counter/7/0/0/0,13141:1747647659923:,1747647676593
counter/8/0/0/0,13429:1747647659755:,1747647676595
counter/8/0/0/0,13430:1747647659755:,1747647676596
counter/8/0/0/0,13431:1747647659755:,1747647676596
counter/8/0/0/0,13432:1747647659755:,1747647676596
counter/8/0/0/0,13433:1747647659757:,1747647676596
counter/8/0/0/0,13434:1747647659757:,1747647676596
counter/8/0/0/0,13435:1747647659757:,1747647676596
counter/8/0/0/0,13436:1747647659757:,1747647676596
counter/8/0/0/0,13437:1747647659757:,1747647676596
counter/8/0/0/0,13438:1747647659757:,1747647676596
counter/8/0/0/0,13439:1747647659757:,1747647676596
counter/8/0/0/0,13440:1747647659757:,1747647676596
counter/5/0/0/0,13153:1747647659607:,1747647676596
counter/5/0/0/0,13154:1747647659607:,1747647676597
counter/9/0/0/0,13753:1747647659766:,1747647676597
counter/1/0/0/0,14235:1747647661132:,1747647676597
counter/1/0/0/0,14236:1747647661140:,1747647676597
counter/1/0/0/0,14237:1747647661150:,1747647676597
counter/1/0/0/0,14238:1747647661150:,1747647676597
counter/1/0/0/0,14239:1747647661150:,1747647676597
counter/1/0/0/0,14240:1747647661150:,1747647676597
counter/6/0/0/0,13003:1747647660696:,1747647676597
counter/2/0/0/0,13022:1747647659540:,1747647676598
counter/10/0/0/0,12447:1747647659780:,1747647676598
counter/7/0/0/0,13142:1747647659923:,1747647676598
counter/9/0/0/0,13754:1747647659766:,1747647676598
counter/2/0/0/0,13023:1747647659540:,1747647676599
counter/6/0/0/0,13004:1747647660696:,1747647676599
counter/3/0/0/0,14083:1747647661512:,1747647676600
counter/10/0/0/0,12448:1747647659780:,1747647676600
counter/3/0/0/0,14084:1747647661512:,1747647676600
counter/3/0/0/0,14085:1747647661512:,1747647676600
counter/2/0/0/0,13024:1747647659540:,1747647676600
counter/3/0/0/0,14086:1747647661512:,1747647676600
counter/4/0/0/0,13279:1747647661354:,1747647676600
counter/1/0/0/0,14241:1747647661152:,1747647676601
counter/9/0/0/0,13755:1747647659766:,1747647676601
counter/9/0/0/0,13756:1747647659766:,1747647676601
counter/9/0/0/0,13757:1747647659766:,1747647676602
counter/9/0/0/0,13758:1747647659766:,1747647676602
counter/9/0/0/0,13759:1747647659766:,1747647676602
counter/9/0/0/0,13760:1747647659772:,1747647676602
counter/9/0/0/0,13761:1747647659772:,1747647676602
counter/5/0/0/0,13155:1747647659607:,1747647676602
counter/5/0/0/0,13156:1747647659607:,1747647676602
counter/1/0/0/0,14242:1747647661152:,1747647676602
counter/7/0/0/0,13143:1747647659923:,1747647676604
counter/7/0/0/0,13144:1747647659923:,1747647676604
counter/10/0/0/0,12449:1747647659780:,1747647676604
counter/10/0/0/0,12450:1747647659780:,1747647676604
counter/10/0/0/0,12451:1747647659781:,1747647676604
counter/10/0/0/0,12452:1747647659781:,1747647676605
counter/10/0/0/0,12453:1747647659781:,1747647676605
counter/10/0/0/0,12454:1747647659781:,1747647676605
counter/10/0/0/0,12455:1747647659781:,1747647676605
counter/1/0/0/0,14243:1747647661152:,1747647676605
counter/1/0/0/0,14244:1747647661152:,1747647676605
counter/1/0/0/0,14245:1747647661152:,1747647676605
counter/1/0/0/0,14246:1747647661170:,1747647676605
counter/1/0/0/0,14247:1747647661170:,1747647676605
counter/1/0/0/0,14248:1747647661170:,1747647676605
counter/1/0/0/0,14249:1747647661170:,1747647676605
counter/8/0/0/0,13441:1747647659757:,1747647676605
counter/4/0/0/0,13280:1747647661354:,1747647676606
counter/8/0/0/0,13442:1747647659757:,1747647676607
counter/9/0/0/0,13762:1747647659772:,1747647676607
counter/9/0/0/0,13763:1747647659772:,1747647676607
counter/9/0/0/0,13764:1747647659772:,1747647676607
counter/9/0/0/0,13765:1747647659772:,1747647676607
counter/9/0/0/0,13766:1747647659772:,1747647676607
counter/9/0/0/0,13767:1747647659772:,1747647676607
counter/9/0/0/0,13768:1747647659772:,1747647676607
counter/6/0/0/0,13005:1747647660696:,1747647676609
counter/1/0/0/0,14250:1747647661170:,1747647676609
counter/4/0/0/0,13281:1747647661354:,1747647676610
counter/4/0/0/0,13282:1747647661354:,1747647676611
counter/4/0/0/0,13283:1747647661354:,1747647676611
counter/8/0/0/0,13443:1747647659757:,1747647676611
counter/9/0/0/0,13769:1747647659772:,1747647676611
counter/9/0/0/0,13770:1747647659772:,1747647676611
counter/9/0/0/0,13771:1747647659772:,1747647676611
counter/9/0/0/0,13772:1747647659772:,1747647676611
counter/9/0/0/0,13773:1747647659772:,1747647676611
counter/2/0/0/0,13025:1747647659540:,1747647676611
counter/6/0/0/0,13006:1747647660696:,1747647676611
counter/6/0/0/0,13007:1747647660696:,1747647676611
counter/10/0/0/0,12456:1747647659785:,1747647676611
counter/10/0/0/0,12457:1747647659785:,1747647676611
counter/5/0/0/0,13157:1747647659607:,1747647676611
counter/5/0/0/0,13158:1747647659607:,1747647676611
counter/5/0/0/0,13159:1747647659607:,1747647676612
counter/1/0/0/0,14251:1747647661170:,1747647676612
counter/1/0/0/0,14252:1747647661170:,1747647676612
counter/1/0/0/0,14253:1747647661170:,1747647676612
counter/1/0/0/0,14254:1747647661170:,1747647676612
counter/1/0/0/0,14255:1747647661170:,1747647676612
counter/1/0/0/0,14256:1747647661170:,1747647676612
counter/1/0/0/0,14257:1747647661170:,1747647676612
counter/1/0/0/0,14258:1747647661184:,1747647676612
counter/1/0/0/0,14259:1747647661185:,1747647676612
counter/1/0/0/0,14260:1747647661185:,1747647676612
counter/1/0/0/0,14261:1747647661193:,1747647676612
counter/1/0/0/0,14262:1747647661193:,1747647676612
counter/1/0/0/0,14263:1747647661193:,1747647676612
counter/1/0/0/0,14264:1747647661193:,1747647676612
counter/10/0/0/0,12458:1747647659785:,1747647676612
counter/3/0/0/0,14087:1747647661512:,1747647676612
counter/4/0/0/0,13284:1747647661354:,1747647676613
counter/8/0/0/0,13444:1747647659757:,1747647676613
counter/8/0/0/0,13445:1747647659757:,1747647676613
counter/9/0/0/0,13774:1747647659772:,1747647676613
counter/7/0/0/0,13145:1747647659923:,1747647676613
counter/2/0/0/0,13026:1747647659540:,1747647676613
counter/7/0/0/0,13146:1747647659923:,1747647676613
counter/4/0/0/0,13285:1747647661354:,1747647676614
counter/8/0/0/0,13446:1747647659757:,1747647676615
counter/9/0/0/0,13775:1747647659772:,1747647676615
counter/2/0/0/0,13027:1747647659540:,1747647676615
counter/2/0/0/0,13028:1747647659540:,1747647676615
counter/2/0/0/0,13029:1747647659540:,1747647676615
counter/2/0/0/0,13030:1747647659540:,1747647676615
counter/2/0/0/0,13031:1747647659540:,1747647676615
counter/2/0/0/0,13032:1747647659540:,1747647676615
counter/6/0/0/0,13008:1747647660696:,1747647676615
counter/3/0/0/0,14088:1747647661512:,1747647676615
counter/6/0/0/0,13009:1747647660699:,1747647676615
counter/10/0/0/0,12459:1747647659785:,1747647676615
counter/6/0/0/0,13010:1747647660700:,1747647676616
counter/8/0/0/0,13447:1747647659757:,1747647676616
counter/6/0/0/0,13011:1747647660700:,1747647676616
counter/4/0/0/0,13286:1747647661354:,1747647676617
counter/4/0/0/0,13287:1747647661358:,1747647676617
counter/4/0/0/0,13288:1747647661359:,1747647676617
counter/10/0/0/0,12460:1747647659785:,1747647676617
counter/2/0/0/0,13033:1747647659540:,1747647676618
counter/2/0/0/0,13034:1747647659540:,1747647676618
counter/2/0/0/0,13035:1747647659543:,1747647676618
counter/2/0/0/0,13036:1747647659543:,1747647676618
counter/2/0/0/0,13037:1747647659543:,1747647676618
counter/2/0/0/0,13038:1747647659544:,1747647676618
counter/2/0/0/0,13039:1747647659544:,1747647676618
counter/7/0/0/0,13147:1747647659923:,1747647676618
counter/2/0/0/0,13040:1747647659544:,1747647676618
counter/9/0/0/0,13776:1747647659772:,1747647676618
counter/4/0/0/0,13289:1747647661359:,1747647676620
counter/4/0/0/0,13290:1747647661376:,1747647676620
counter/4/0/0/0,13291:1747647661376:,1747647676620
counter/4/0/0/0,13292:1747647661376:,1747647676620
counter/3/0/0/0,14089:1747647661512:,1747647676620
counter/1/0/0/0,14265:1747647661193:,1747647676621
counter/1/0/0/0,14266:1747647661193:,1747647676621
counter/1/0/0/0,14267:1747647661193:,1747647676621
counter/1/0/0/0,14268:1747647661194:,1747647676621
counter/1/0/0/0,14269:1747647661194:,1747647676621
counter/2/0/0/0,13041:1747647659544:,1747647676621
counter/4/0/0/0,13293:1747647661376:,1747647676621
counter/1/0/0/0,14270:1747647661194:,1747647676622
counter/7/0/0/0,13148:1747647659925:,1747647676622
counter/4/0/0/0,13294:1747647661376:,1747647676622
counter/4/0/0/0,13295:1747647661376:,1747647676622
counter/3/0/0/0,14090:1747647661514:,1747647676622
counter/3/0/0/0,14091:1747647661514:,1747647676622
counter/10/0/0/0,12461:1747647659785:,1747647676622
counter/7/0/0/0,13149:1747647659925:,1747647676623
counter/7/0/0/0,13150:1747647659925:,1747647676623
counter/7/0/0/0,13151:1747647659925:,1747647676623
counter/7/0/0/0,13152:1747647659925:,1747647676623
counter/7/0/0/0,13153:1747647659925:,1747647676623
counter/7/0/0/0,13154:1747647659925:,1747647676623
counter/7/0/0/0,13155:1747647659925:,1747647676623
counter/7/0/0/0,13156:1747647659925:,1747647676623
counter/7/0/0/0,13157:1747647659925:,1747647676623
counter/7/0/0/0,13158:1747647659925:,1747647676623
counter/7/0/0/0,13159:1747647659925:,1747647676623
counter/7/0/0/0,13160:1747647659925:,1747647676623
counter/5/0/0/0,13160:1747647659607:,1747647676623
counter/5/0/0/0,13161:1747647659608:,1747647676623
counter/1/0/0/0,14271:1747647661194:,1747647676623
counter/1/0/0/0,14272:1747647661199:,1747647676624
counter/1/0/0/0,14273:1747647661199:,1747647676624
counter/1/0/0/0,14274:1747647661199:,1747647676624
counter/1/0/0/0,14275:1747647661199:,1747647676624
counter/4/0/0/0,13296:1747647661376:,1747647676624
counter/4/0/0/0,13297:1747647661376:,1747647676624
counter/1/0/0/0,14276:1747647661199:,1747647676624
counter/1/0/0/0,14277:1747647661199:,1747647676624
counter/1/0/0/0,14278:1747647661199:,1747647676624
counter/1/0/0/0,14279:1747647661199:,1747647676624
counter/2/0/0/0,13042:1747647659550:,1747647676624
counter/10/0/0/0,12462:1747647659785:,1747647676625
counter/10/0/0/0,12463:1747647659785:,1747647676625
counter/10/0/0/0,12464:1747647659785:,1747647676625
counter/10/0/0/0,12465:1747647659785:,1747647676625
counter/3/0/0/0,14092:1747647661514:,1747647676625
counter/5/0/0/0,13162:1747647659608:,1747647676625
counter/3/0/0/0,14093:1747647661514:,1747647676625
counter/8/0/0/0,13448:1747647659757:,1747647676626
counter/4/0/0/0,13298:1747647661376:,1747647676626
counter/10/0/0/0,12466:1747647659785:,1747647676627
counter/10/0/0/0,12467:1747647659785:,1747647676627
counter/10/0/0/0,12468:1747647659786:,1747647676627
counter/10/0/0/0,12469:1747647659786:,1747647676627
counter/10/0/0/0,12470:1747647659786:,1747647676627
counter/10/0/0/0,12471:1747647659786:,1747647676627
counter/4/0/0/0,13299:1747647661376:,1747647676627
counter/5/0/0/0,13163:1747647659608:,1747647676628
counter/8/0/0/0,13449:1747647659757:,1747647676628
counter/7/0/0/0,13161:1747647659926:,1747647676628
counter/7/0/0/0,13162:1747647659940:,1747647676628
counter/7/0/0/0,13163:1747647659941:,1747647676628
counter/7/0/0/0,13164:1747647659941:,1747647676628
counter/7/0/0/0,13165:1747647659941:,1747647676628
counter/1/0/0/0,14280:1747647661199:,1747647676628
counter/1/0/0/0,14281:1747647661199:,1747647676628
counter/1/0/0/0,14282:1747647661199:,1747647676628
counter/9/0/0/0,13777:1747647659774:,1747647676628
counter/9/0/0/0,13778:1747647659774:,1747647676628
counter/9/0/0/0,13779:1747647659774:,1747647676628
counter/9/0/0/0,13780:1747647659774:,1747647676628
counter/2/0/0/0,13043:1747647659550:,1747647676628
counter/2/0/0/0,13044:1747647659550:,1747647676628
counter/2/0/0/0,13045:1747647659550:,1747647676628
counter/1/0/0/0,14283:1747647661199:,1747647676630
counter/1/0/0/0,14284:1747647661199:,1747647676630
counter/1/0/0/0,14285:1747647661199:,1747647676630
counter/1/0/0/0,14286:1747647661199:,1747647676630
counter/5/0/0/0,13164:1747647659608:,1747647676630
counter/4/0/0/0,13300:1747647661376:,1747647676631
counter/3/0/0/0,14094:1747647661514:,1747647676631
counter/4/0/0/0,13301:1747647661376:,1747647676631
counter/6/0/0/0,13012:1747647660700:,1747647676631
counter/6/0/0/0,13013:1747647660700:,1747647676631
counter/6/0/0/0,13014:1747647660700:,1747647676632
counter/1/0/0/0,14287:1747647661199:,1747647676632
counter/6/0/0/0,13015:1747647660700:,1747647676632
counter/9/0/0/0,13781:1747647659774:,1747647676632
counter/2/0/0/0,13046:1747647659550:,1747647676632
counter/4/0/0/0,13302:1747647661376:,1747647676632
counter/6/0/0/0,13016:1747647660700:,1747647676632
counter/6/0/0/0,13017:1747647660700:,1747647676632
counter/6/0/0/0,13018:1747647660700:,1747647676632
counter/6/0/0/0,13019:1747647660700:,1747647676632
counter/2/0/0/0,13047:1747647659550:,1747647676633
counter/4/0/0/0,13303:1747647661376:,1747647676633
counter/6/0/0/0,13020:1747647660700:,1747647676633
counter/6/0/0/0,13021:1747647660700:,1747647676633
counter/6/0/0/0,13022:1747647660700:,1747647676633
counter/6/0/0/0,13023:1747647660703:,1747647676633
counter/8/0/0/0,13450:1747647659757:,1747647676634
counter/8/0/0/0,13451:1747647659757:,1747647676634
counter/8/0/0/0,13452:1747647659758:,1747647676634
counter/8/0/0/0,13453:1747647659758:,1747647676634
counter/8/0/0/0,13454:1747647659758:,1747647676634
counter/10/0/0/0,12472:1747647659786:,1747647676635
counter/2/0/0/0,13048:1747647659550:,1747647676639
counter/1/0/0/0,14288:1747647661199:,1747647676639
counter/1/0/0/0,14289:1747647661199:,1747647676639
counter/1/0/0/0,14290:1747647661200:,1747647676639
counter/1/0/0/0,14291:1747647661200:,1747647676639
counter/1/0/0/0,14292:1747647661207:,1747647676639
counter/1/0/0/0,14293:1747647661207:,1747647676639
counter/1/0/0/0,14294:1747647661207:,1747647676639
counter/1/0/0/0,14295:1747647661207:,1747647676639
counter/1/0/0/0,14296:1747647661207:,1747647676639
counter/1/0/0/0,14297:1747647661207:,1747647676640
counter/1/0/0/0,14298:1747647661208:,1747647676640
counter/1/0/0/0,14299:1747647661208:,1747647676640
counter/1/0/0/0,14300:1747647661208:,1747647676640
counter/1/0/0/0,14301:1747647661208:,1747647676640
counter/1/0/0/0,14302:1747647661208:,1747647676640
counter/1/0/0/0,14303:1747647661208:,1747647676640
counter/4/0/0/0,13304:1747647661382:,1747647676640
counter/5/0/0/0,13165:1747647659608:,1747647676641
counter/5/0/0/0,13166:1747647659608:,1747647676641
counter/5/0/0/0,13167:1747647659608:,1747647676641
counter/4/0/0/0,13305:1747647661382:,1747647676641
counter/2/0/0/0,13049:1747647659550:,1747647676641
counter/2/0/0/0,13050:1747647659550:,1747647676641
counter/2/0/0/0,13051:1747647659550:,1747647676641
counter/2/0/0/0,13052:1747647659550:,1747647676641
counter/2/0/0/0,13053:1747647659550:,1747647676641
counter/2/0/0/0,13054:1747647659550:,1747647676642
counter/7/0/0/0,13166:1747647659941:,1747647676642
counter/5/0/0/0,13168:1747647659608:,1747647676642
counter/1/0/0/0,14304:1747647661208:,1747647676642
counter/1/0/0/0,14305:1747647661208:,1747647676642
counter/7/0/0/0,13167:1747647659941:,1747647676643
counter/9/0/0/0,13782:1747647659774:,1747647676643
counter/9/0/0/0,13783:1747647659775:,1747647676643
counter/3/0/0/0,14095:1747647661514:,1747647676644
counter/3/0/0/0,14096:1747647661517:,1747647676644
counter/3/0/0/0,14097:1747647661517:,1747647676644
counter/3/0/0/0,14098:1747647661517:,1747647676644
counter/3/0/0/0,14099:1747647661517:,1747647676644
counter/3/0/0/0,14100:1747647661517:,1747647676644
counter/3/0/0/0,14101:1747647661517:,1747647676644
counter/3/0/0/0,14102:1747647661517:,1747647676644
counter/3/0/0/0,14103:1747647661517:,1747647676644
counter/2/0/0/0,13055:1747647659560:,1747647676644
counter/10/0/0/0,12473:1747647659788:,1747647676644
counter/1/0/0/0,14306:1747647661208:,1747647676646
counter/1/0/0/0,14307:1747647661208:,1747647676646
counter/5/0/0/0,13169:1747647659608:,1747647676646
counter/1/0/0/0,14308:1747647661211:,1747647676646
counter/4/0/0/0,13306:1747647661382:,1747647676646
counter/7/0/0/0,13168:1747647659941:,1747647676646
counter/1/0/0/0,14309:1747647661211:,1747647676646
counter/10/0/0/0,12474:1747647659788:,1747647676646
counter/10/0/0/0,12475:1747647659788:,1747647676647
counter/10/0/0/0,12476:1747647659788:,1747647676647
counter/10/0/0/0,12477:1747647659788:,1747647676647
counter/10/0/0/0,12478:1747647659788:,1747647676647
counter/10/0/0/0,12479:1747647659788:,1747647676647
counter/9/0/0/0,13784:1747647659775:,1747647676647
counter/5/0/0/0,13170:1747647659612:,1747647676648
counter/5/0/0/0,13171:1747647659612:,1747647676648
counter/4/0/0/0,13307:1747647661383:,1747647676648
counter/9/0/0/0,13785:1747647659775:,1747647676649
counter/5/0/0/0,13172:1747647659612:,1747647676649
counter/9/0/0/0,13786:1747647659775:,1747647676649
counter/9/0/0/0,13787:1747647659775:,1747647676649
counter/7/0/0/0,13169:1747647659941:,1747647676649
counter/7/0/0/0,13170:1747647659941:,1747647676649
counter/7/0/0/0,13171:1747647659941:,1747647676649
counter/7/0/0/0,13172:1747647659941:,1747647676649
counter/7/0/0/0,13173:1747647659941:,1747647676649
counter/7/0/0/0,13174:1747647659941:,1747647676650
counter/7/0/0/0,13175:1747647659941:,1747647676650
counter/1/0/0/0,14310:1747647661211:,1747647676650
counter/10/0/0/0,12480:1747647659788:,1747647676650
counter/10/0/0/0,12481:1747647659788:,1747647676650
counter/1/0/0/0,14311:1747647661211:,1747647676651
counter/1/0/0/0,14312:1747647661211:,1747647676651
counter/1/0/0/0,14313:1747647661211:,1747647676651
counter/1/0/0/0,14314:1747647661211:,1747647676651
counter/1/0/0/0,14315:1747647661211:,1747647676651
counter/1/0/0/0,14316:1747647661212:,1747647676651
counter/1/0/0/0,14317:1747647661212:,1747647676651
counter/1/0/0/0,14318:1747647661213:,1747647676651
counter/10/0/0/0,12482:1747647659788:,1747647676651
counter/5/0/0/0,13173:1747647659612:,1747647676652
counter/9/0/0/0,13788:1747647659775:,1747647676652
counter/7/0/0/0,13176:1747647659941:,1747647676652
counter/7/0/0/0,13177:1747647659941:,1747647676652
counter/7/0/0/0,13178:1747647659941:,1747647676652
counter/7/0/0/0,13179:1747647659941:,1747647676652
counter/7/0/0/0,13180:1747647659941:,1747647676652
counter/7/0/0/0,13181:1747647659941:,1747647676652
counter/7/0/0/0,13182:1747647659941:,1747647676652
counter/2/0/0/0,13056:1747647659560:,1747647676652
counter/9/0/0/0,13789:1747647659775:,1747647676652
counter/9/0/0/0,13790:1747647659776:,1747647676652
counter/9/0/0/0,13791:1747647659776:,1747647676652
counter/9/0/0/0,13792:1747647659776:,1747647676653
counter/9/0/0/0,13793:1747647659776:,1747647676653
counter/7/0/0/0,13183:1747647659941:,1747647676653
counter/9/0/0/0,13794:1747647659776:,1747647676653
counter/9/0/0/0,13795:1747647659776:,1747647676653
counter/2/0/0/0,13057:1747647659560:,1747647676653
counter/3/0/0/0,14104:1747647661517:,1747647676653
counter/1/0/0/0,14319:1747647661213:,1747647676653
counter/1/0/0/0,14320:1747647661213:,1747647676653
counter/1/0/0/0,14321:1747647661213:,1747647676653
counter/1/0/0/0,14322:1747647661213:,1747647676653
counter/1/0/0/0,14323:1747647661213:,1747647676653
counter/10/0/0/0,12483:1747647659788:,1747647676653
counter/10/0/0/0,12484:1747647659788:,1747647676653
counter/2/0/0/0,13058:1747647659560:,1747647676654
counter/7/0/0/0,13184:1747647659941:,1747647676654
counter/7/0/0/0,13185:1747647659955:,1747647676654
counter/7/0/0/0,13186:1747647659955:,1747647676654
counter/7/0/0/0,13187:1747647659955:,1747647676654
counter/7/0/0/0,13188:1747647659955:,1747647676654
counter/7/0/0/0,13189:1747647659955:,1747647676654
counter/7/0/0/0,13190:1747647659965:,1747647676654
counter/7/0/0/0,13191:1747647659983:,1747647676654
counter/7/0/0/0,13192:1747647659984:,1747647676654
counter/7/0/0/0,13193:1747647659984:,1747647676654
counter/7/0/0/0,13194:1747647659984:,1747647676655
counter/7/0/0/0,13195:1747647659984:,1747647676655
counter/1/0/0/0,14324:1747647661213:,1747647676655
counter/3/0/0/0,14105:1747647661517:,1747647676655
counter/8/0/0/0,13455:1747647659760:,1747647676655
counter/8/0/0/0,13456:1747647659760:,1747647676655
counter/8/0/0/0,13457:1747647659760:,1747647676655
counter/8/0/0/0,13458:1747647659760:,1747647676655
counter/8/0/0/0,13459:1747647659761:,1747647676655
counter/8/0/0/0,13460:1747647659761:,1747647676655
counter/8/0/0/0,13461:1747647659761:,1747647676655
counter/5/0/0/0,13174:1747647659612:,1747647676657
counter/6/0/0/0,13024:1747647660703:,1747647676657
counter/6/0/0/0,13025:1747647660703:,1747647676657
counter/6/0/0/0,13026:1747647660703:,1747647676657
counter/6/0/0/0,13027:1747647660703:,1747647676657
counter/6/0/0/0,13028:1747647660703:,1747647676657
counter/6/0/0/0,13029:1747647660703:,1747647676657
counter/7/0/0/0,13196:1747647659985:,1747647676658
counter/5/0/0/0,13175:1747647659612:,1747647676659
counter/5/0/0/0,13176:1747647659612:,1747647676659
counter/10/0/0/0,12485:1747647659788:,1747647676659
counter/10/0/0/0,12486:1747647659788:,1747647676659
counter/10/0/0/0,12487:1747647659788:,1747647676659
counter/10/0/0/0,12488:1747647659789:,1747647676659
counter/2/0/0/0,13059:1747647659560:,1747647676660
counter/9/0/0/0,13796:1747647659776:,1747647676660
counter/9/0/0/0,13797:1747647659776:,1747647676660
counter/5/0/0/0,13177:1747647659613:,1747647676660
counter/9/0/0/0,13798:1747647659776:,1747647676660
counter/9/0/0/0,13799:1747647659776:,1747647676660
counter/9/0/0/0,13800:1747647659776:,1747647676660
counter/9/0/0/0,13801:1747647659776:,1747647676660
counter/10/0/0/0,12489:1747647659789:,1747647676660
counter/4/0/0/0,13308:1747647661383:,1747647676660
counter/10/0/0/0,12490:1747647659789:,1747647676660
counter/8/0/0/0,13462:1747647659761:,1747647676660
counter/10/0/0/0,12491:1747647659789:,1747647676661
counter/10/0/0/0,12492:1747647659789:,1747647676661
counter/10/0/0/0,12493:1747647659789:,1747647676661
counter/10/0/0/0,12494:1747647659789:,1747647676661
counter/10/0/0/0,12495:1747647659789:,1747647676661
counter/10/0/0/0,12496:1747647659789:,1747647676662
counter/10/0/0/0,12497:1747647659789:,1747647676662
counter/7/0/0/0,13197:1747647659985:,1747647676662
counter/6/0/0/0,13030:1747647660703:,1747647676662
counter/9/0/0/0,13802:1747647659776:,1747647676662
counter/2/0/0/0,13060:1747647659560:,1747647676663
counter/2/0/0/0,13061:1747647659560:,1747647676664
counter/4/0/0/0,13309:1747647661383:,1747647676664
counter/2/0/0/0,13062:1747647659560:,1747647676664
counter/2/0/0/0,13063:1747647659565:,1747647676664
counter/2/0/0/0,13064:1747647659565:,1747647676664
counter/2/0/0/0,13065:1747647659565:,1747647676664
counter/2/0/0/0,13066:1747647659565:,1747647676664
counter/2/0/0/0,13067:1747647659565:,1747647676664
counter/5/0/0/0,13178:1747647659613:,1747647676666
counter/5/0/0/0,13179:1747647659613:,1747647676666
counter/5/0/0/0,13180:1747647659613:,1747647676666
counter/5/0/0/0,13181:1747647659613:,1747647676666
counter/5/0/0/0,13182:1747647659613:,1747647676666
counter/10/0/0/0,12498:1747647659789:,1747647676667
counter/5/0/0/0,13183:1747647659613:,1747647676667
counter/5/0/0/0,13184:1747647659613:,1747647676667
counter/5/0/0/0,13185:1747647659613:,1747647676667
counter/5/0/0/0,13186:1747647659613:,1747647676667
counter/7/0/0/0,13198:1747647659985:,1747647676667
counter/4/0/0/0,13310:1747647661383:,1747647676667
counter/6/0/0/0,13031:1747647660703:,1747647676667
counter/6/0/0/0,13032:1747647660703:,1747647676667
counter/6/0/0/0,13033:1747647660703:,1747647676668
counter/6/0/0/0,13034:1747647660703:,1747647676668
counter/6/0/0/0,13035:1747647660703:,1747647676668
counter/6/0/0/0,13036:1747647660704:,1747647676668
counter/6/0/0/0,13037:1747647660704:,1747647676668
counter/6/0/0/0,13038:1747647660704:,1747647676668
counter/6/0/0/0,13039:1747647660704:,1747647676668
counter/6/0/0/0,13040:1747647660705:,1747647676668
counter/6/0/0/0,13041:1747647660705:,1747647676668
counter/3/0/0/0,14106:1747647661517:,1747647676669
counter/3/0/0/0,14107:1747647661517:,1747647676669
counter/3/0/0/0,14108:1747647661517:,1747647676669
counter/3/0/0/0,14109:1747647661517:,1747647676669
counter/3/0/0/0,14110:1747647661517:,1747647676669
counter/3/0/0/0,14111:1747647661517:,1747647676669
counter/3/0/0/0,14112:1747647661518:,1747647676669
counter/3/0/0/0,14113:1747647661520:,1747647676669
counter/3/0/0/0,14114:1747647661520:,1747647676669
counter/3/0/0/0,14115:1747647661520:,1747647676670
counter/2/0/0/0,13068:1747647659566:,1747647676672
counter/2/0/0/0,13069:1747647659566:,1747647676672
counter/2/0/0/0,13070:1747647659566:,1747647676672
counter/6/0/0/0,13042:1747647660705:,1747647676673
counter/5/0/0/0,13187:1747647659613:,1747647676673
counter/5/0/0/0,13188:1747647659613:,1747647676673
counter/5/0/0/0,13189:1747647659613:,1747647676673
counter/5/0/0/0,13190:1747647659613:,1747647676673
counter/10/0/0/0,12499:1747647659789:,1747647676673
counter/10/0/0/0,12500:1747647659789:,1747647676674
counter/1/0/0/0,14325:1747647661213:,1747647676674
counter/10/0/0/0,12501:1747647659789:,1747647676675
counter/7/0/0/0,13199:1747647659985:,1747647676675
counter/10/0/0/0,12502:1747647659789:,1747647676675
counter/6/0/0/0,13043:1747647660705:,1747647676675
counter/6/0/0/0,13044:1747647660705:,1747647676675
counter/2/0/0/0,13071:1747647659566:,1747647676675
counter/6/0/0/0,13045:1747647660705:,1747647676675
counter/4/0/0/0,13311:1747647661383:,1747647676675
counter/1/0/0/0,14326:1747647661218:,1747647676677
counter/1/0/0/0,14327:1747647661224:,1747647676677
counter/1/0/0/0,14328:1747647661224:,1747647676677
counter/1/0/0/0,14329:1747647661224:,1747647676677
counter/1/0/0/0,14330:1747647661224:,1747647676677
counter/1/0/0/0,14331:1747647661224:,1747647676677
counter/1/0/0/0,14332:1747647661224:,1747647676677
counter/9/0/0/0,13803:1747647659776:,1747647676677
counter/10/0/0/0,12503:1747647659794:,1747647676677
counter/2/0/0/0,13072:1747647659566:,1747647676677
counter/7/0/0/0,13200:1747647659987:,1747647676678
counter/7/0/0/0,13201:1747647659987:,1747647676678
counter/2/0/0/0,13073:1747647659566:,1747647676678
counter/2/0/0/0,13074:1747647659566:,1747647676678
counter/2/0/0/0,13075:1747647659566:,1747647676678
counter/2/0/0/0,13076:1747647659566:,1747647676679
counter/2/0/0/0,13077:1747647659566:,1747647676679
counter/1/0/0/0,14333:1747647661224:,1747647676679
counter/3/0/0/0,14116:1747647661520:,1747647676679
counter/3/0/0/0,14117:1747647661525:,1747647676680
counter/3/0/0/0,14118:1747647661525:,1747647676680
counter/3/0/0/0,14119:1747647661527:,1747647676680
counter/3/0/0/0,14120:1747647661527:,1747647676680
counter/5/0/0/0,13191:1747647659613:,1747647676680
counter/10/0/0/0,12504:1747647659794:,1747647676682
counter/10/0/0/0,12505:1747647659794:,1747647676682
counter/10/0/0/0,12506:1747647659794:,1747647676682
counter/10/0/0/0,12507:1747647659794:,1747647676682
counter/10/0/0/0,12508:1747647659794:,1747647676682
counter/10/0/0/0,12509:1747647659794:,1747647676682
counter/10/0/0/0,12510:1747647659794:,1747647676682
counter/10/0/0/0,12511:1747647659794:,1747647676682
counter/7/0/0/0,13202:1747647659987:,1747647676682
counter/4/0/0/0,13312:1747647661383:,1747647676682
counter/4/0/0/0,13313:1747647661383:,1747647676682
counter/4/0/0/0,13314:1747647661383:,1747647676682
counter/4/0/0/0,13315:1747647661383:,1747647676682
counter/4/0/0/0,13316:1747647661383:,1747647676683
counter/10/0/0/0,12512:1747647659794:,1747647676683
counter/1/0/0/0,14334:1747647661224:,1747647676683
counter/10/0/0/0,12513:1747647659794:,1747647676683
counter/1/0/0/0,14335:1747647661224:,1747647676683
counter/1/0/0/0,14336:1747647661224:,1747647676684
counter/3/0/0/0,14121:1747647661541:,1747647676684
counter/10/0/0/0,12514:1747647659794:,1747647676684
counter/10/0/0/0,12515:1747647659797:,1747647676684
counter/6/0/0/0,13046:1747647660705:,1747647676684
counter/6/0/0/0,13047:1747647660705:,1747647676684
counter/5/0/0/0,13192:1747647659613:,1747647676685
counter/3/0/0/0,14122:1747647661541:,1747647676685
counter/3/0/0/0,14123:1747647661541:,1747647676685
counter/2/0/0/0,13078:1747647659566:,1747647676685
counter/10/0/0/0,12516:1747647659797:,1747647676686
counter/10/0/0/0,12517:1747647659797:,1747647676686
counter/10/0/0/0,12518:1747647659797:,1747647676686
counter/10/0/0/0,12519:1747647659797:,1747647676686
counter/10/0/0/0,12520:1747647659797:,1747647676686
counter/1/0/0/0,14337:1747647661224:,1747647676686
counter/10/0/0/0,12521:1747647659797:,1747647676687
counter/10/0/0/0,12522:1747647659799:,1747647676687
counter/10/0/0/0,12523:1747647659799:,1747647676687
counter/10/0/0/0,12524:1747647659799:,1747647676687
counter/10/0/0/0,12525:1747647659799:,1747647676687
counter/9/0/0/0,13804:1747647659776:,1747647676687
counter/3/0/0/0,14124:1747647661541:,1747647676688
counter/3/0/0/0,14125:1747647661541:,1747647676688
counter/3/0/0/0,14126:1747647661541:,1747647676688
counter/3/0/0/0,14127:1747647661541:,1747647676689
counter/1/0/0/0,14338:1747647661234:,1747647676689
counter/10/0/0/0,12526:1747647659799:,1747647676689
counter/10/0/0/0,12527:1747647659799:,1747647676689
counter/1/0/0/0,14339:1747647661234:,1747647676689
counter/1/0/0/0,14340:1747647661234:,1747647676689
counter/1/0/0/0,14341:1747647661234:,1747647676689
counter/1/0/0/0,14342:1747647661234:,1747647676689
counter/10/0/0/0,12528:1747647659806:,1747647676690
counter/10/0/0/0,12529:1747647659806:,1747647676690
counter/10/0/0/0,12530:1747647659806:,1747647676690
counter/10/0/0/0,12531:1747647659806:,1747647676690
counter/1/0/0/0,14343:1747647661234:,1747647676691
counter/2/0/0/0,13079:1747647659566:,1747647676691
counter/10/0/0/0,12532:1747647659806:,1747647676691
counter/10/0/0/0,12533:1747647659806:,1747647676691
counter/10/0/0/0,12534:1747647659806:,1747647676691
counter/10/0/0/0,12535:1747647659806:,1747647676691
counter/10/0/0/0,12536:1747647659811:,1747647676691
counter/5/0/0/0,13193:1747647659613:,1747647676691
counter/8/0/0/0,13463:1747647659761:,1747647676693
counter/8/0/0/0,13464:1747647659761:,1747647676693
counter/6/0/0/0,13048:1747647660705:,1747647676693
counter/6/0/0/0,13049:1747647660705:,1747647676693
counter/6/0/0/0,13050:1747647660705:,1747647676693
counter/6/0/0/0,13051:1747647660705:,1747647676693
counter/6/0/0/0,13052:1747647660705:,1747647676693
counter/6/0/0/0,13053:1747647660705:,1747647676693
counter/6/0/0/0,13054:1747647660706:,1747647676693
counter/6/0/0/0,13055:1747647660707:,1747647676693
counter/4/0/0/0,13317:1747647661389:,1747647676693
counter/6/0/0/0,13056:1747647660707:,1747647676694
counter/4/0/0/0,13318:1747647661390:,1747647676694
counter/3/0/0/0,14128:1747647661550:,1747647676694
counter/10/0/0/0,12537:1747647659811:,1747647676695
counter/10/0/0/0,12538:1747647659811:,1747647676695
counter/10/0/0/0,12539:1747647659811:,1747647676696
counter/10/0/0/0,12540:1747647659813:,1747647676696
counter/10/0/0/0,12541:1747647659813:,1747647676696
counter/10/0/0/0,12542:1747647659813:,1747647676696
counter/10/0/0/0,12543:1747647659813:,1747647676696
counter/10/0/0/0,12544:1747647659813:,1747647676696
counter/8/0/0/0,13465:1747647659761:,1747647676697
counter/5/0/0/0,13194:1747647659613:,1747647676697
counter/6/0/0/0,13057:1747647660707:,1747647676697
counter/6/0/0/0,13058:1747647660707:,1747647676697
counter/6/0/0/0,13059:1747647660707:,1747647676697
counter/2/0/0/0,13080:1747647659566:,1747647676697
counter/2/0/0/0,13081:1747647659566:,1747647676697
counter/1/0/0/0,14344:1747647661234:,1747647676697
counter/1/0/0/0,14345:1747647661234:,1747647676697
counter/1/0/0/0,14346:1747647661234:,1747647676697
counter/1/0/0/0,14347:1747647661234:,1747647676697
counter/1/0/0/0,14348:1747647661235:,1747647676697
counter/1/0/0/0,14349:1747647661235:,1747647676697
counter/1/0/0/0,14350:1747647661235:,1747647676697
counter/1/0/0/0,14351:1747647661248:,1747647676697
counter/7/0/0/0,13203:1747647659987:,1747647676698
counter/7/0/0/0,13204:1747647659987:,1747647676698
counter/7/0/0/0,13205:1747647659987:,1747647676698
counter/7/0/0/0,13206:1747647659987:,1747647676698
counter/7/0/0/0,13207:1747647659987:,1747647676698
counter/7/0/0/0,13208:1747647659987:,1747647676698
counter/9/0/0/0,13805:1747647659776:,1747647676698
counter/7/0/0/0,13209:1747647659987:,1747647676698
counter/7/0/0/0,13210:1747647659987:,1747647676698
counter/7/0/0/0,13211:1747647659987:,1747647676699
counter/7/0/0/0,13212:1747647659987:,1747647676699
counter/7/0/0/0,13213:1747647659988:,1747647676699
counter/7/0/0/0,13214:1747647660005:,1747647676699
counter/7/0/0/0,13215:1747647660005:,1747647676699
counter/7/0/0/0,13216:1747647660005:,1747647676699
counter/1/0/0/0,14352:1747647661253:,1747647676699
counter/5/0/0/0,13195:1747647659613:,1747647676699
counter/5/0/0/0,13196:1747647659630:,1747647676699
counter/5/0/0/0,13197:1747647659630:,1747647676699
counter/5/0/0/0,13198:1747647659630:,1747647676699
counter/8/0/0/0,13466:1747647659761:,1747647676699
counter/8/0/0/0,13467:1747647659770:,1747647676700
counter/8/0/0/0,13468:1747647659770:,1747647676700
counter/8/0/0/0,13469:1747647659770:,1747647676700
counter/8/0/0/0,13470:1747647659770:,1747647676700
counter/8/0/0/0,13471:1747647659788:,1747647676700
counter/8/0/0/0,13472:1747647659788:,1747647676700
counter/8/0/0/0,13473:1747647659788:,1747647676700
counter/8/0/0/0,13474:1747647659788:,1747647676700
counter/8/0/0/0,13475:1747647659788:,1747647676700
counter/8/0/0/0,13476:1747647659791:,1747647676700
counter/8/0/0/0,13477:1747647659792:,1747647676700
counter/8/0/0/0,13478:1747647659792:,1747647676700
counter/8/0/0/0,13479:1747647659792:,1747647676700
counter/10/0/0/0,12545:1747647659813:,1747647676700
counter/6/0/0/0,13060:1747647660707:,1747647676700
counter/6/0/0/0,13061:1747647660707:,1747647676700
counter/6/0/0/0,13062:1747647660707:,1747647676700
counter/6/0/0/0,13063:1747647660707:,1747647676700
counter/6/0/0/0,13064:1747647660707:,1747647676700
counter/6/0/0/0,13065:1747647660707:,1747647676700
counter/6/0/0/0,13066:1747647660707:,1747647676700
counter/1/0/0/0,14353:1747647661253:,1747647676702
counter/7/0/0/0,13217:1747647660005:,1747647676702
counter/3/0/0/0,14129:1747647661550:,1747647676703
counter/1/0/0/0,14354:1747647661253:,1747647676703
counter/1/0/0/0,14355:1747647661254:,1747647676703
counter/1/0/0/0,14356:1747647661254:,1747647676703
counter/7/0/0/0,13218:1747647660005:,1747647676703
counter/8/0/0/0,13480:1747647659792:,1747647676703
counter/8/0/0/0,13481:1747647659792:,1747647676703
counter/8/0/0/0,13482:1747647659792:,1747647676703
counter/8/0/0/0,13483:1747647659792:,1747647676703
counter/8/0/0/0,13484:1747647659792:,1747647676704
counter/8/0/0/0,13485:1747647659792:,1747647676704
counter/8/0/0/0,13486:1747647659804:,1747647676704
counter/8/0/0/0,13487:1747647659804:,1747647676704
counter/8/0/0/0,13488:1747647659804:,1747647676704
counter/8/0/0/0,13489:1747647659804:,1747647676704
counter/2/0/0/0,13082:1747647659566:,1747647676704
counter/8/0/0/0,13490:1747647659804:,1747647676704
counter/3/0/0/0,14130:1747647661550:,1747647676705
counter/10/0/0/0,12546:1747647659813:,1747647676705
counter/10/0/0/0,12547:1747647659813:,1747647676705
counter/10/0/0/0,12548:1747647659813:,1747647676705
counter/10/0/0/0,12549:1747647659813:,1747647676705
counter/3/0/0/0,14131:1747647661550:,1747647676706
counter/10/0/0/0,12550:1747647659813:,1747647676706
counter/4/0/0/0,13319:1747647661390:,1747647676706
counter/3/0/0/0,14132:1747647661550:,1747647676706
counter/4/0/0/0,13320:1747647661390:,1747647676707
counter/4/0/0/0,13321:1747647661390:,1747647676707
counter/4/0/0/0,13322:1747647661390:,1747647676707
counter/4/0/0/0,13323:1747647661390:,1747647676707
counter/4/0/0/0,13324:1747647661390:,1747647676707
counter/4/0/0/0,13325:1747647661390:,1747647676707
counter/8/0/0/0,13491:1747647659804:,1747647676707
counter/5/0/0/0,13199:1747647659630:,1747647676707
counter/5/0/0/0,13200:1747647659630:,1747647676707
counter/5/0/0/0,13201:1747647659630:,1747647676707
counter/1/0/0/0,14357:1747647661254:,1747647676707
counter/1/0/0/0,14358:1747647661254:,1747647676707
counter/1/0/0/0,14359:1747647661264:,1747647676707
counter/1/0/0/0,14360:1747647661264:,1747647676707
counter/1/0/0/0,14361:1747647661264:,1747647676707
counter/1/0/0/0,14362:1747647661264:,1747647676707
counter/1/0/0/0,14363:1747647661264:,1747647676707
counter/1/0/0/0,14364:1747647661265:,1747647676708
counter/1/0/0/0,14365:1747647661265:,1747647676708
counter/1/0/0/0,14366:1747647661265:,1747647676708
counter/1/0/0/0,14367:1747647661265:,1747647676708
counter/1/0/0/0,14368:1747647661265:,1747647676708
counter/1/0/0/0,14369:1747647661266:,1747647676708
counter/1/0/0/0,14370:1747647661268:,1747647676708
counter/9/0/0/0,13806:1747647659776:,1747647676708
counter/9/0/0/0,13807:1747647659776:,1747647676708
counter/9/0/0/0,13808:1747647659776:,1747647676708
counter/9/0/0/0,13809:1747647659776:,1747647676708
counter/9/0/0/0,13810:1747647659776:,1747647676708
counter/9/0/0/0,13811:1747647659776:,1747647676708
counter/9/0/0/0,13812:1747647659776:,1747647676708
counter/9/0/0/0,13813:1747647659776:,1747647676708
counter/7/0/0/0,13219:1747647660005:,1747647676708
counter/2/0/0/0,13083:1747647659566:,1747647676709
counter/1/0/0/0,14371:1747647661268:,1747647676710
counter/8/0/0/0,13492:1747647659804:,1747647676710
counter/7/0/0/0,13220:1747647660005:,1747647676711
counter/1/0/0/0,14372:1747647661268:,1747647676711
counter/5/0/0/0,13202:1747647659630:,1747647676711
counter/5/0/0/0,13203:1747647659630:,1747647676711
counter/5/0/0/0,13204:1747647659630:,1747647676711
counter/7/0/0/0,13221:1747647660005:,1747647676711
counter/5/0/0/0,13205:1747647659630:,1747647676711
counter/7/0/0/0,13222:1747647660005:,1747647676711
counter/9/0/0/0,13814:1747647659776:,1747647676712
counter/9/0/0/0,13815:1747647659776:,1747647676712
counter/4/0/0/0,13326:1747647661390:,1747647676712
counter/8/0/0/0,13493:1747647659804:,1747647676713
counter/7/0/0/0,13223:1747647660005:,1747647676713
counter/1/0/0/0,14373:1747647661268:,1747647676713
counter/5/0/0/0,13206:1747647659630:,1747647676713
counter/6/0/0/0,13067:1747647660707:,1747647676713
counter/10/0/0/0,12551:1747647659813:,1747647676713
counter/10/0/0/0,12552:1747647659813:,1747647676713
counter/10/0/0/0,12553:1747647659813:,1747647676713
counter/10/0/0/0,12554:1747647659813:,1747647676714
counter/2/0/0/0,13084:1747647659566:,1747647676716
counter/1/0/0/0,14374:1747647661268:,1747647676716
counter/5/0/0/0,13207:1747647659631:,1747647676717
counter/2/0/0/0,13085:1747647659566:,1747647676718
counter/5/0/0/0,13208:1747647659631:,1747647676719
counter/3/0/0/0,14133:1747647661550:,1747647676719
counter/9/0/0/0,13816:1747647659781:,1747647676719
counter/6/0/0/0,13068:1747647660707:,1747647676719
counter/6/0/0/0,13069:1747647660707:,1747647676719
counter/1/0/0/0,14375:1747647661268:,1747647676719
counter/5/0/0/0,13209:1747647659631:,1747647676719
counter/5/0/0/0,13210:1747647659631:,1747647676719
counter/5/0/0/0,13211:1747647659631:,1747647676719
counter/5/0/0/0,13212:1747647659631:,1747647676719
counter/5/0/0/0,13213:1747647659631:,1747647676719
counter/5/0/0/0,13214:1747647659639:,1747647676719
counter/4/0/0/0,13327:1747647661390:,1747647676719
counter/2/0/0/0,13086:1747647659566:,1747647676720
counter/2/0/0/0,13087:1747647659566:,1747647676720
counter/3/0/0/0,14134:1747647661550:,1747647676721
counter/3/0/0/0,14135:1747647661550:,1747647676721
counter/3/0/0/0,14136:1747647661553:,1747647676721
counter/3/0/0/0,14137:1747647661553:,1747647676721
counter/3/0/0/0,14138:1747647661553:,1747647676721
counter/3/0/0/0,14139:1747647661553:,1747647676721
counter/3/0/0/0,14140:1747647661553:,1747647676721
counter/10/0/0/0,12555:1747647659813:,1747647676721
counter/4/0/0/0,13328:1747647661390:,1747647676721
counter/8/0/0/0,13494:1747647659804:,1747647676721
counter/3/0/0/0,14141:1747647661553:,1747647676721
counter/3/0/0/0,14142:1747647661553:,1747647676722
counter/3/0/0/0,14143:1747647661560:,1747647676722
counter/3/0/0/0,14144:1747647661560:,1747647676722
counter/3/0/0/0,14145:1747647661560:,1747647676722
counter/3/0/0/0,14146:1747647661560:,1747647676722
counter/3/0/0/0,14147:1747647661560:,1747647676722
counter/10/0/0/0,12556:1747647659813:,1747647676722
counter/8/0/0/0,13495:1747647659804:,1747647676724
counter/7/0/0/0,13224:1747647660005:,1747647676724
counter/5/0/0/0,13215:1747647659642:,1747647676724
counter/5/0/0/0,13216:1747647659642:,1747647676724
counter/5/0/0/0,13217:1747647659642:,1747647676724
counter/2/0/0/0,13088:1747647659566:,1747647676725
counter/6/0/0/0,13070:1747647660709:,1747647676726
counter/3/0/0/0,14148:1747647661560:,1747647676727
counter/5/0/0/0,13218:1747647659642:,1747647676727
counter/2/0/0/0,13089:1747647659566:,1747647676727
counter/6/0/0/0,13071:1747647660709:,1747647676727
counter/6/0/0/0,13072:1747647660709:,1747647676727
counter/7/0/0/0,13225:1747647660005:,1747647676729
counter/7/0/0/0,13226:1747647660005:,1747647676729
counter/9/0/0/0,13817:1747647659782:,1747647676729
counter/9/0/0/0,13818:1747647659782:,1747647676729
counter/8/0/0/0,13496:1747647659804:,1747647676729
counter/4/0/0/0,13329:1747647661390:,1747647676730
counter/4/0/0/0,13330:1747647661390:,1747647676730
counter/4/0/0/0,13331:1747647661390:,1747647676730
counter/4/0/0/0,13332:1747647661390:,1747647676730
counter/1/0/0/0,14376:1747647661275:,1747647676731
counter/1/0/0/0,14377:1747647661275:,1747647676731
counter/1/0/0/0,14378:1747647661275:,1747647676731
counter/1/0/0/0,14379:1747647661276:,1747647676731
counter/1/0/0/0,14380:1747647661276:,1747647676731
counter/1/0/0/0,14381:1747647661276:,1747647676731
counter/1/0/0/0,14382:1747647661276:,1747647676731
counter/5/0/0/0,13219:1747647659642:,1747647676731
counter/9/0/0/0,13819:1747647659782:,1747647676732
counter/3/0/0/0,14149:1747647661560:,1747647676732
counter/5/0/0/0,13220:1747647659642:,1747647676733
counter/9/0/0/0,13820:1747647659782:,1747647676733
counter/10/0/0/0,12557:1747647659813:,1747647676734
counter/3/0/0/0,14150:1747647661561:,1747647676735
counter/1/0/0/0,14383:1747647661276:,1747647676735
counter/1/0/0/0,14384:1747647661276:,1747647676735
counter/1/0/0/0,14385:1747647661276:,1747647676735
counter/1/0/0/0,14386:1747647661276:,1747647676735
counter/1/0/0/0,14387:1747647661276:,1747647676735
counter/1/0/0/0,14388:1747647661280:,1747647676735
counter/1/0/0/0,14389:1747647661281:,1747647676735
counter/2/0/0/0,13090:1747647659566:,1747647676736
counter/5/0/0/0,13221:1747647659642:,1747647676736
counter/4/0/0/0,13333:1747647661393:,1747647676736
counter/4/0/0/0,13334:1747647661393:,1747647676736
counter/4/0/0/0,13335:1747647661393:,1747647676736
counter/4/0/0/0,13336:1747647661393:,1747647676736
counter/4/0/0/0,13337:1747647661393:,1747647676736
counter/4/0/0/0,13338:1747647661394:,1747647676736
counter/4/0/0/0,13339:1747647661394:,1747647676736
counter/4/0/0/0,13340:1747647661394:,1747647676736
counter/4/0/0/0,13341:1747647661394:,1747647676736
counter/9/0/0/0,13821:1747647659782:,1747647676736
counter/6/0/0/0,13073:1747647660709:,1747647676737
counter/1/0/0/0,14390:1747647661281:,1747647676737
counter/6/0/0/0,13074:1747647660709:,1747647676737
counter/2/0/0/0,13091:1747647659566:,1747647676738
counter/8/0/0/0,13497:1747647659804:,1747647676740
counter/8/0/0/0,13498:1747647659804:,1747647676740
counter/8/0/0/0,13499:1747647659804:,1747647676740
counter/8/0/0/0,13500:1747647659804:,1747647676740
counter/8/0/0/0,13501:1747647659804:,1747647676740
counter/8/0/0/0,13502:1747647659804:,1747647676740
counter/8/0/0/0,13503:1747647659804:,1747647676740
counter/8/0/0/0,13504:1747647659804:,1747647676741
counter/8/0/0/0,13505:1747647659804:,1747647676741
counter/7/0/0/0,13227:1747647660005:,1747647676741
counter/2/0/0/0,13092:1747647659566:,1747647676742
counter/2/0/0/0,13093:1747647659566:,1747647676742
counter/8/0/0/0,13506:1747647659805:,1747647676742
counter/5/0/0/0,13222:1747647659642:,1747647676742
counter/4/0/0/0,13342:1747647661394:,1747647676742
counter/10/0/0/0,12558:1747647659832:,1747647676742
counter/10/0/0/0,12559:1747647659832:,1747647676742
counter/3/0/0/0,14151:1747647661561:,1747647676743
counter/3/0/0/0,14152:1747647661561:,1747647676743
counter/3/0/0/0,14153:1747647661561:,1747647676744
counter/3/0/0/0,14154:1747647661561:,1747647676744
counter/3/0/0/0,14155:1747647661561:,1747647676744
counter/3/0/0/0,14156:1747647661561:,1747647676744
counter/7/0/0/0,13228:1747647660005:,1747647676744
counter/3/0/0/0,14157:1747647661561:,1747647676744
counter/6/0/0/0,13075:1747647660709:,1747647676744
counter/8/0/0/0,13507:1747647659805:,1747647676745
counter/8/0/0/0,13508:1747647659805:,1747647676745
counter/8/0/0/0,13509:1747647659807:,1747647676745
counter/2/0/0/0,13094:1747647659566:,1747647676745
counter/2/0/0/0,13095:1747647659570:,1747647676745
counter/2/0/0/0,13096:1747647659570:,1747647676745
counter/2/0/0/0,13097:1747647659570:,1747647676745
counter/10/0/0/0,12560:1747647659839:,1747647676745
counter/1/0/0/0,14391:1747647661281:,1747647676745
counter/9/0/0/0,13822:1747647659782:,1747647676745
counter/5/0/0/0,13223:1747647659642:,1747647676746
counter/3/0/0/0,14158:1747647661563:,1747647676746
counter/10/0/0/0,12561:1747647659839:,1747647676746
counter/3/0/0/0,14159:1747647661563:,1747647676746
counter/3/0/0/0,14160:1747647661563:,1747647676746
counter/2/0/0/0,13098:1747647659570:,1747647676746
counter/2/0/0/0,13099:1747647659570:,1747647676747
counter/2/0/0/0,13100:1747647659570:,1747647676747
counter/2/0/0/0,13101:1747647659571:,1747647676747
counter/9/0/0/0,13823:1747647659782:,1747647676747
counter/9/0/0/0,13824:1747647659782:,1747647676747
counter/9/0/0/0,13825:1747647659782:,1747647676747
counter/9/0/0/0,13826:1747647659782:,1747647676748
counter/1/0/0/0,14392:1747647661290:,1747647676748
counter/1/0/0/0,14393:1747647661290:,1747647676748
counter/1/0/0/0,14394:1747647661290:,1747647676748
counter/1/0/0/0,14395:1747647661290:,1747647676748
counter/1/0/0/0,14396:1747647661291:,1747647676748
counter/1/0/0/0,14397:1747647661319:,1747647676748
counter/1/0/0/0,14398:1747647661319:,1747647676748
counter/1/0/0/0,14399:1747647661319:,1747647676749
counter/1/0/0/0,14400:1747647661320:,1747647676749
counter/1/0/0/0,14401:1747647661320:,1747647676749
counter/1/0/0/0,14402:1747647661320:,1747647676749
counter/1/0/0/0,14403:1747647661320:,1747647676749
counter/1/0/0/0,14404:1747647661320:,1747647676749
counter/1/0/0/0,14405:1747647661320:,1747647676749
counter/5/0/0/0,13224:1747647659642:,1747647676749
counter/2/0/0/0,13102:1747647659571:,1747647676749
counter/2/0/0/0,13103:1747647659571:,1747647676749
counter/4/0/0/0,13343:1747647661399:,1747647676750
counter/4/0/0/0,13344:1747647661399:,1747647676750
counter/4/0/0/0,13345:1747647661399:,1747647676750
counter/4/0/0/0,13346:1747647661399:,1747647676750
counter/4/0/0/0,13347:1747647661399:,1747647676750
counter/4/0/0/0,13348:1747647661399:,1747647676750
counter/4/0/0/0,13349:1747647661399:,1747647676750
counter/4/0/0/0,13350:1747647661399:,1747647676750
counter/6/0/0/0,13076:1747647660709:,1747647676750
counter/9/0/0/0,13827:1747647659782:,1747647676751
counter/9/0/0/0,13828:1747647659782:,1747647676751
counter/9/0/0/0,13829:1747647659782:,1747647676751
counter/9/0/0/0,13830:1747647659782:,1747647676751
counter/9/0/0/0,13831:1747647659792:,1747647676751
counter/9/0/0/0,13832:1747647659795:,1747647676751
counter/9/0/0/0,13833:1747647659795:,1747647676751
counter/9/0/0/0,13834:1747647659795:,1747647676751
counter/5/0/0/0,13225:1747647659642:,1747647676751
counter/6/0/0/0,13077:1747647660709:,1747647676752
counter/6/0/0/0,13078:1747647660709:,1747647676752
counter/6/0/0/0,13079:1747647660709:,1747647676752
counter/6/0/0/0,13080:1747647660709:,1747647676752
counter/6/0/0/0,13081:1747647660709:,1747647676753
counter/6/0/0/0,13082:1747647660709:,1747647676753
counter/6/0/0/0,13083:1747647660709:,1747647676753
counter/6/0/0/0,13084:1747647660709:,1747647676753
counter/6/0/0/0,13085:1747647660709:,1747647676753
counter/6/0/0/0,13086:1747647660711:,1747647676753
counter/6/0/0/0,13087:1747647660718:,1747647676753
counter/8/0/0/0,13510:1747647659807:,1747647676753
counter/8/0/0/0,13511:1747647659807:,1747647676753
counter/8/0/0/0,13512:1747647659807:,1747647676753
counter/1/0/0/0,14406:1747647661320:,1747647676753
counter/2/0/0/0,13104:1747647659571:,1747647676754
counter/2/0/0/0,13105:1747647659571:,1747647676754
counter/8/0/0/0,13513:1747647659807:,1747647676754
counter/8/0/0/0,13514:1747647659807:,1747647676756
counter/1/0/0/0,14407:1747647661320:,1747647676756
counter/10/0/0/0,12562:1747647659839:,1747647676756
counter/6/0/0/0,13088:1747647660718:,1747647676756
counter/7/0/0/0,13229:1747647660005:,1747647676756
counter/6/0/0/0,13089:1747647660718:,1747647676756
counter/7/0/0/0,13230:1747647660005:,1747647676756
counter/7/0/0/0,13231:1747647660005:,1747647676756
counter/9/0/0/0,13835:1747647659795:,1747647676756
counter/3/0/0/0,14161:1747647661568:,1747647676757
counter/2/0/0/0,13106:1747647659571:,1747647676758
counter/8/0/0/0,13515:1747647659807:,1747647676758
counter/2/0/0/0,13107:1747647659571:,1747647676759
counter/2/0/0/0,13108:1747647659571:,1747647676760
counter/2/0/0/0,13109:1747647659572:,1747647676760
counter/2/0/0/0,13110:1747647659572:,1747647676760
counter/7/0/0/0,13232:1747647660005:,1747647676760
counter/9/0/0/0,13836:1747647659795:,1747647676760
counter/4/0/0/0,13351:1747647661399:,1747647676760
counter/9/0/0/0,13837:1747647659795:,1747647676760
counter/6/0/0/0,13090:1747647660718:,1747647676760
counter/8/0/0/0,13516:1747647659807:,1747647676762
counter/7/0/0/0,13233:1747647660006:,1747647676762
counter/7/0/0/0,13234:1747647660006:,1747647676762
counter/10/0/0/0,12563:1747647659839:,1747647676762
counter/7/0/0/0,13235:1747647660006:,1747647676762
counter/7/0/0/0,13236:1747647660006:,1747647676762
counter/7/0/0/0,13237:1747647660006:,1747647676763
counter/1/0/0/0,14408:1747647661320:,1747647676763
counter/8/0/0/0,13517:1747647659807:,1747647676763
counter/6/0/0/0,13091:1747647660718:,1747647676763
counter/7/0/0/0,13238:1747647660006:,1747647676764
counter/7/0/0/0,13239:1747647660006:,1747647676764
counter/7/0/0/0,13240:1747647660006:,1747647676764
counter/9/0/0/0,13838:1747647659795:,1747647676764
counter/8/0/0/0,13518:1747647659807:,1747647676764
counter/9/0/0/0,13839:1747647659795:,1747647676764
counter/10/0/0/0,12564:1747647659839:,1747647676764
counter/10/0/0/0,12565:1747647659839:,1747647676764
counter/5/0/0/0,13226:1747647659642:,1747647676764
counter/5/0/0/0,13227:1747647659646:,1747647676764
counter/5/0/0/0,13228:1747647659646:,1747647676764
counter/4/0/0/0,13352:1747647661399:,1747647676765
counter/9/0/0/0,13840:1747647659795:,1747647676765
counter/10/0/0/0,12566:1747647659839:,1747647676765
counter/5/0/0/0,13229:1747647659646:,1747647676766
counter/5/0/0/0,13230:1747647659646:,1747647676766
counter/5/0/0/0,13231:1747647659646:,1747647676766
counter/5/0/0/0,13232:1747647659646:,1747647676766
counter/1/0/0/0,14409:1747647661322:,1747647676766
counter/2/0/0/0,13111:1747647659572:,1747647676767
counter/5/0/0/0,13233:1747647659646:,1747647676768
counter/9/0/0/0,13841:1747647659795:,1747647676768
counter/9/0/0/0,13842:1747647659796:,1747647676768
counter/7/0/0/0,13241:1747647660006:,1747647676768
counter/3/0/0/0,14162:1747647661568:,1747647676769
counter/9/0/0/0,13843:1747647659796:,1747647676770
counter/2/0/0/0,13112:1747647659572:,1747647676770
counter/1/0/0/0,14410:1747647661322:,1747647676770
counter/4/0/0/0,13353:1747647661399:,1747647676770
counter/8/0/0/0,13519:1747647659807:,1747647676770
counter/5/0/0/0,13234:1747647659646:,1747647676770
counter/5/0/0/0,13235:1747647659646:,1747647676770
counter/5/0/0/0,13236:1747647659646:,1747647676770
counter/5/0/0/0,13237:1747647659646:,1747647676770
counter/5/0/0/0,13238:1747647659646:,1747647676770
counter/5/0/0/0,13239:1747647659646:,1747647676770
counter/5/0/0/0,13240:1747647659646:,1747647676770
counter/5/0/0/0,13241:1747647659646:,1747647676770
counter/1/0/0/0,14411:1747647661322:,1747647676771
counter/1/0/0/0,14412:1747647661322:,1747647676771
counter/1/0/0/0,14413:1747647661322:,1747647676771
counter/4/0/0/0,13354:1747647661399:,1747647676771
counter/9/0/0/0,13844:1747647659796:,1747647676771
counter/9/0/0/0,13845:1747647659796:,1747647676772
counter/9/0/0/0,13846:1747647659796:,1747647676772
counter/9/0/0/0,13847:1747647659798:,1747647676772
counter/9/0/0/0,13848:1747647659798:,1747647676772
counter/8/0/0/0,13520:1747647659807:,1747647676772
counter/9/0/0/0,13849:1747647659798:,1747647676772
counter/2/0/0/0,13113:1747647659573:,1747647676772
counter/2/0/0/0,13114:1747647659573:,1747647676772
counter/2/0/0/0,13115:1747647659577:,1747647676772
counter/2/0/0/0,13116:1747647659577:,1747647676772
counter/2/0/0/0,13117:1747647659580:,1747647676772
counter/2/0/0/0,13118:1747647659580:,1747647676772
counter/2/0/0/0,13119:1747647659580:,1747647676772
counter/2/0/0/0,13120:1747647659580:,1747647676772
counter/2/0/0/0,13121:1747647659580:,1747647676772
counter/2/0/0/0,13122:1747647659580:,1747647676772
counter/1/0/0/0,14414:1747647661322:,1747647676772
counter/1/0/0/0,14415:1747647661333:,1747647676772
counter/10/0/0/0,12567:1747647659839:,1747647676772
counter/1/0/0/0,14416:1747647661333:,1747647676772
counter/10/0/0/0,12568:1747647659839:,1747647676773
counter/6/0/0/0,13092:1747647660718:,1747647676773
counter/7/0/0/0,13242:1747647660006:,1747647676773
counter/7/0/0/0,13243:1747647660006:,1747647676773
counter/2/0/0/0,13123:1747647659580:,1747647676773
counter/7/0/0/0,13244:1747647660461:,1747647676773
counter/8/0/0/0,13521:1747647659807:,1747647676773
counter/7/0/0/0,13245:1747647660464:,1747647676773
counter/8/0/0/0,13522:1747647659807:,1747647676773
counter/8/0/0/0,13523:1747647659807:,1747647676773
counter/8/0/0/0,13524:1747647659807:,1747647676774
counter/8/0/0/0,13525:1747647659807:,1747647676774
counter/8/0/0/0,13526:1747647659807:,1747647676774
counter/8/0/0/0,13527:1747647659807:,1747647676774
counter/8/0/0/0,13528:1747647659807:,1747647676774
counter/4/0/0/0,13355:1747647661400:,1747647676774
counter/10/0/0/0,12569:1747647659839:,1747647676774
counter/3/0/0/0,14163:1747647661568:,1747647676774
counter/6/0/0/0,13093:1747647660718:,1747647676775
counter/7/0/0/0,13246:1747647660465:,1747647676775
counter/6/0/0/0,13094:1747647660720:,1747647676775
counter/6/0/0/0,13095:1747647660720:,1747647676775
counter/6/0/0/0,13096:1747647660720:,1747647676775
counter/5/0/0/0,13242:1747647659646:,1747647676775
counter/6/0/0/0,13097:1747647660720:,1747647676775
counter/4/0/0/0,13356:1747647661400:,1747647676775
counter/6/0/0/0,13098:1747647660720:,1747647676775
counter/4/0/0/0,13357:1747647661400:,1747647676775
counter/6/0/0/0,13099:1747647660720:,1747647676775
counter/4/0/0/0,13358:1747647661400:,1747647676775
counter/8/0/0/0,13529:1747647659807:,1747647676775
counter/4/0/0/0,13359:1747647661400:,1747647676775
counter/5/0/0/0,13243:1747647659646:,1747647676777
counter/2/0/0/0,13124:1747647659580:,1747647676777
counter/6/0/0/0,13100:1747647660720:,1747647676778
counter/1/0/0/0,14417:1747647661333:,1747647676779
counter/3/0/0/0,14164:1747647661568:,1747647676779
counter/9/0/0/0,13850:1747647659798:,1747647676779
counter/8/0/0/0,13530:1747647659807:,1747647676780
counter/3/0/0/0,14165:1747647661568:,1747647676781
counter/7/0/0/0,13247:1747647660465:,1747647676781
counter/3/0/0/0,14166:1747647661568:,1747647676781
counter/4/0/0/0,13360:1747647661403:,1747647676781
counter/4/0/0/0,13361:1747647661403:,1747647676781
counter/4/0/0/0,13362:1747647661403:,1747647676781
counter/4/0/0/0,13363:1747647661403:,1747647676781
counter/4/0/0/0,13364:1747647661403:,1747647676781
counter/4/0/0/0,13365:1747647661403:,1747647676781
counter/4/0/0/0,13366:1747647661405:,1747647676781
counter/4/0/0/0,13367:1747647661405:,1747647676781
counter/4/0/0/0,13368:1747647661405:,1747647676781
counter/4/0/0/0,13369:1747647661405:,1747647676781
counter/4/0/0/0,13370:1747647661405:,1747647676781
counter/2/0/0/0,13125:1747647659580:,1747647676781
counter/1/0/0/0,14418:1747647661333:,1747647676781
counter/4/0/0/0,13371:1747647661405:,1747647676782
counter/3/0/0/0,14167:1747647661568:,1747647676784
counter/5/0/0/0,13244:1747647659646:,1747647676784
counter/5/0/0/0,13245:1747647659646:,1747647676784
counter/5/0/0/0,13246:1747647659646:,1747647676784
counter/5/0/0/0,13247:1747647659646:,1747647676784
counter/5/0/0/0,13248:1747647659646:,1747647676784
counter/2/0/0/0,13126:1747647659581:,1747647676784
counter/5/0/0/0,13249:1747647659646:,1747647676785
counter/5/0/0/0,13250:1747647659646:,1747647676785
counter/5/0/0/0,13251:1747647659646:,1747647676785
counter/5/0/0/0,13252:1747647659646:,1747647676785
counter/8/0/0/0,13531:1747647659807:,1747647676785
counter/9/0/0/0,13851:1747647659798:,1747647676785
counter/6/0/0/0,13101:1747647660722:,1747647676786
counter/3/0/0/0,14168:1747647661568:,1747647676787
counter/3/0/0/0,14169:1747647661568:,1747647676787
counter/3/0/0/0,14170:1747647661579:,1747647676787
counter/8/0/0/0,13532:1747647659807:,1747647676787
counter/3/0/0/0,14171:1747647661579:,1747647676787
counter/8/0/0/0,13533:1747647659807:,1747647676787
counter/3/0/0/0,14172:1747647661579:,1747647676788
counter/8/0/0/0,13534:1747647659807:,1747647676788
counter/8/0/0/0,13535:1747647659807:,1747647676788
counter/8/0/0/0,13536:1747647659807:,1747647676788
counter/8/0/0/0,13537:1747647659810:,1747647676788
counter/8/0/0/0,13538:1747647659810:,1747647676788
counter/8/0/0/0,13539:1747647659812:,1747647676788
counter/8/0/0/0,13540:1747647659812:,1747647676788
counter/8/0/0/0,13541:1747647659812:,1747647676788
counter/8/0/0/0,13542:1747647659812:,1747647676788
counter/5/0/0/0,13253:1747647659646:,1747647676789
counter/9/0/0/0,13852:1747647659798:,1747647676789
counter/3/0/0/0,14173:1747647661579:,1747647676789
counter/2/0/0/0,13127:1747647659581:,1747647676790
counter/9/0/0/0,13853:1747647659798:,1747647676790
counter/5/0/0/0,13254:1747647659646:,1747647676790
counter/9/0/0/0,13854:1747647659798:,1747647676790
counter/5/0/0/0,13255:1747647659647:,1747647676790
counter/7/0/0/0,13248:1747647660469:,1747647676794
counter/6/0/0/0,13102:1747647660722:,1747647676794
counter/9/0/0/0,13855:1747647659798:,1747647676795
counter/6/0/0/0,13103:1747647660722:,1747647676795
counter/6/0/0/0,13104:1747647660722:,1747647676795
counter/6/0/0/0,13105:1747647660722:,1747647676795
counter/6/0/0/0,13106:1747647660722:,1747647676795
counter/6/0/0/0,13107:1747647660722:,1747647676795
counter/5/0/0/0,13256:1747647659647:,1747647676795
counter/5/0/0/0,13257:1747647659647:,1747647676795
counter/5/0/0/0,13258:1747647659650:,1747647676795
counter/5/0/0/0,13259:1747647659650:,1747647676796
counter/5/0/0/0,13260:1747647659650:,1747647676796
counter/5/0/0/0,13261:1747647659650:,1747647676796
counter/5/0/0/0,13262:1747647659650:,1747647676796
counter/5/0/0/0,13263:1747647659650:,1747647676796
counter/7/0/0/0,13249:1747647660469:,1747647676796
counter/5/0/0/0,13264:1747647659650:,1747647676796
counter/10/0/0/0,12570:1747647659839:,1747647676796
counter/3/0/0/0,14174:1747647661579:,1747647676796
counter/3/0/0/0,14175:1747647661579:,1747647676797
counter/3/0/0/0,14176:1747647661579:,1747647676797
counter/3/0/0/0,14177:1747647661579:,1747647676797
counter/3/0/0/0,14178:1747647661579:,1747647676797
counter/4/0/0/0,13372:1747647661405:,1747647676797
counter/4/0/0/0,13373:1747647661405:,1747647676797
counter/8/0/0/0,13543:1747647659812:,1747647676797
counter/8/0/0/0,13544:1747647659812:,1747647676797
counter/8/0/0/0,13545:1747647659812:,1747647676798
counter/8/0/0/0,13546:1747647659812:,1747647676798
counter/8/0/0/0,13547:1747647659812:,1747647676798
counter/8/0/0/0,13548:1747647659812:,1747647676798
counter/8/0/0/0,13549:1747647659812:,1747647676798
counter/8/0/0/0,13550:1747647659812:,1747647676798
counter/8/0/0/0,13551:1747647659812:,1747647676798
counter/8/0/0/0,13552:1747647659812:,1747647676798
counter/8/0/0/0,13553:1747647659812:,1747647676798
counter/8/0/0/0,13554:1747647659812:,1747647676799
counter/8/0/0/0,13555:1747647659812:,1747647676799
counter/8/0/0/0,13556:1747647659815:,1747647676799
counter/2/0/0/0,13128:1747647659581:,1747647676799
counter/5/0/0/0,13265:1747647659650:,1747647676799
counter/6/0/0/0,13108:1747647660722:,1747647676799
counter/6/0/0/0,13109:1747647660722:,1747647676799
counter/9/0/0/0,13856:1747647659800:,1747647676799
counter/3/0/0/0,14179:1747647661579:,1747647676799
counter/10/0/0/0,12571:1747647659839:,1747647676800
counter/10/0/0/0,12572:1747647659839:,1747647676800
counter/10/0/0/0,12573:1747647659840:,1747647676800
counter/10/0/0/0,12574:1747647659840:,1747647676800
counter/10/0/0/0,12575:1747647659840:,1747647676800
counter/10/0/0/0,12576:1747647659841:,1747647676800
counter/10/0/0/0,12577:1747647659841:,1747647676800
counter/10/0/0/0,12578:1747647659841:,1747647676800
counter/6/0/0/0,13110:1747647660722:,1747647676800
counter/9/0/0/0,13857:1747647659800:,1747647676801
counter/5/0/0/0,13266:1747647659650:,1747647676801
counter/5/0/0/0,13267:1747647659650:,1747647676803
counter/7/0/0/0,13250:1747647660472:,1747647676804
counter/10/0/0/0,12579:1747647659841:,1747647676804
counter/10/0/0/0,12580:1747647659841:,1747647676804
counter/10/0/0/0,12581:1747647659841:,1747647676804
counter/10/0/0/0,12582:1747647659841:,1747647676804
counter/10/0/0/0,12583:1747647659841:,1747647676804
counter/6/0/0/0,13111:1747647660736:,1747647676804
counter/6/0/0/0,13112:1747647660736:,1747647676804
counter/2/0/0/0,13129:1747647659581:,1747647676804
counter/2/0/0/0,13130:1747647659581:,1747647676804
counter/2/0/0/0,13131:1747647659581:,1747647676804
counter/2/0/0/0,13132:1747647659581:,1747647676804
counter/2/0/0/0,13133:1747647659581:,1747647676805
counter/3/0/0/0,14180:1747647661579:,1747647676805
counter/3/0/0/0,14181:1747647661579:,1747647676805
counter/5/0/0/0,13268:1747647659650:,1747647676805
counter/6/0/0/0,13113:1747647660736:,1747647676805
counter/9/0/0/0,13858:1747647659800:,1747647676806
counter/9/0/0/0,13859:1747647659803:,1747647676806
counter/9/0/0/0,13860:1747647659803:,1747647676806
counter/9/0/0/0,13861:1747647659803:,1747647676806
counter/7/0/0/0,13251:1747647660472:,1747647676806
counter/5/0/0/0,13269:1747647659650:,1747647676807
counter/5/0/0/0,13270:1747647659650:,1747647676807
counter/5/0/0/0,13271:1747647659650:,1747647676807
counter/8/0/0/0,13557:1747647659817:,1747647676807
counter/4/0/0/0,13374:1747647661405:,1747647676807
counter/8/0/0/0,13558:1747647659818:,1747647676809
counter/9/0/0/0,13862:1747647659803:,1747647676809
counter/9/0/0/0,13863:1747647659803:,1747647676809
counter/9/0/0/0,13864:1747647659803:,1747647676810
counter/9/0/0/0,13865:1747647659803:,1747647676810
counter/9/0/0/0,13866:1747647659803:,1747647676810
counter/9/0/0/0,13867:1747647659803:,1747647676810
counter/9/0/0/0,13868:1747647659803:,1747647676810
counter/9/0/0/0,13869:1747647659803:,1747647676810
counter/5/0/0/0,13272:1747647659653:,1747647676810
counter/9/0/0/0,13870:1747647659803:,1747647676810
counter/4/0/0/0,13375:1747647661405:,1747647676810
counter/6/0/0/0,13114:1747647660736:,1747647676811
counter/7/0/0/0,13252:1747647660474:,1747647676811
counter/7/0/0/0,13253:1747647660474:,1747647676811
counter/9/0/0/0,13871:1747647659803:,1747647676811
counter/9/0/0/0,13872:1747647659803:,1747647676811
counter/9/0/0/0,13873:1747647659803:,1747647676811
counter/9/0/0/0,13874:1747647659803:,1747647676812
counter/9/0/0/0,13875:1747647659804:,1747647676812
counter/8/0/0/0,13559:1747647659818:,1747647676812
counter/2/0/0/0,13134:1747647659581:,1747647676812
counter/5/0/0/0,13273:1747647659654:,1747647676812
counter/1/0/0/0,14419:1747647661333:,1747647676812
counter/5/0/0/0,13274:1747647659654:,1747647676812
counter/8/0/0/0,13560:1747647659818:,1747647676814
counter/8/0/0/0,13561:1747647659818:,1747647676814
counter/8/0/0/0,13562:1747647659818:,1747647676814
counter/8/0/0/0,13563:1747647659818:,1747647676814
counter/8/0/0/0,13564:1747647659818:,1747647676814
counter/9/0/0/0,13876:1747647659804:,1747647676814
counter/4/0/0/0,13376:1747647661408:,1747647676815
counter/10/0/0/0,12584:1747647659841:,1747647676815
counter/4/0/0/0,13377:1747647661408:,1747647676815
counter/4/0/0/0,13378:1747647661408:,1747647676815
counter/4/0/0/0,13379:1747647661408:,1747647676815
counter/4/0/0/0,13380:1747647661408:,1747647676815
counter/4/0/0/0,13381:1747647661408:,1747647676815
counter/4/0/0/0,13382:1747647661408:,1747647676815
counter/9/0/0/0,13877:1747647659804:,1747647676815
counter/9/0/0/0,13878:1747647659804:,1747647676815
counter/9/0/0/0,13879:1747647659805:,1747647676816
counter/3/0/0/0,14182:1747647661579:,1747647676816
counter/3/0/0/0,14183:1747647661591:,1747647676816
counter/3/0/0/0,14184:1747647661591:,1747647676816
counter/3/0/0/0,14185:1747647661591:,1747647676816
counter/8/0/0/0,13565:1747647659818:,1747647676816
counter/6/0/0/0,13115:1747647660736:,1747647676817
counter/6/0/0/0,13116:1747647660739:,1747647676818
counter/6/0/0/0,13117:1747647660740:,1747647676818
counter/6/0/0/0,13118:1747647660740:,1747647676818
counter/6/0/0/0,13119:1747647660752:,1747647676818
counter/6/0/0/0,13120:1747647660752:,1747647676818
counter/9/0/0/0,13880:1747647659805:,1747647676818
counter/8/0/0/0,13566:1747647659818:,1747647676818
counter/3/0/0/0,14186:1747647661591:,1747647676818
counter/9/0/0/0,13881:1747647659805:,1747647676818
counter/9/0/0/0,13882:1747647659805:,1747647676819
counter/9/0/0/0,13883:1747647659805:,1747647676819
counter/9/0/0/0,13884:1747647659806:,1747647676819
counter/9/0/0/0,13885:1747647659806:,1747647676819
counter/9/0/0/0,13886:1747647659806:,1747647676819
counter/3/0/0/0,14187:1747647661593:,1747647676819
counter/3/0/0/0,14188:1747647661593:,1747647676819
counter/1/0/0/0,14420:1747647661333:,1747647676819
counter/1/0/0/0,14421:1747647661333:,1747647676819
counter/1/0/0/0,14422:1747647661359:,1747647676819
counter/1/0/0/0,14423:1747647661359:,1747647676819
counter/6/0/0/0,13121:1747647660752:,1747647676820
counter/4/0/0/0,13383:1747647661408:,1747647676821
counter/1/0/0/0,14424:1747647661359:,1747647676821
counter/6/0/0/0,13122:1747647660752:,1747647676821
counter/1/0/0/0,14425:1747647661359:,1747647676821
counter/4/0/0/0,13384:1747647661408:,1747647676821
counter/1/0/0/0,14426:1747647661359:,1747647676821
counter/1/0/0/0,14427:1747647661359:,1747647676822
counter/4/0/0/0,13385:1747647661412:,1747647676822
counter/2/0/0/0,13135:1747647659581:,1747647676822
counter/10/0/0/0,12585:1747647659841:,1747647676822
counter/1/0/0/0,14428:1747647661359:,1747647676822
counter/1/0/0/0,14429:1747647661359:,1747647676822
counter/1/0/0/0,14430:1747647661359:,1747647676822
counter/3/0/0/0,14189:1747647661593:,1747647676823
counter/3/0/0/0,14190:1747647661593:,1747647676823
counter/3/0/0/0,14191:1747647661593:,1747647676823
counter/3/0/0/0,14192:1747647661593:,1747647676823
counter/3/0/0/0,14193:1747647661593:,1747647676823
counter/3/0/0/0,14194:1747647661602:,1747647676823
counter/4/0/0/0,13386:1747647661413:,1747647676825
counter/9/0/0/0,13887:1747647659806:,1747647676826
counter/4/0/0/0,13387:1747647661413:,1747647676826
counter/4/0/0/0,13388:1747647661413:,1747647676826
counter/4/0/0/0,13389:1747647661413:,1747647676826
counter/4/0/0/0,13390:1747647661413:,1747647676826
counter/9/0/0/0,13888:1747647659807:,1747647676827
counter/9/0/0/0,13889:1747647659808:,1747647676827
counter/9/0/0/0,13890:1747647659808:,1747647676827
counter/9/0/0/0,13891:1747647659808:,1747647676827
counter/9/0/0/0,13892:1747647659808:,1747647676827
counter/9/0/0/0,13893:1747647659808:,1747647676827
counter/9/0/0/0,13894:1747647659812:,1747647676827
counter/7/0/0/0,13254:1747647660474:,1747647676828
counter/10/0/0/0,12586:1747647659842:,1747647676828
counter/3/0/0/0,14195:1747647661602:,1747647676828
counter/6/0/0/0,13123:1747647660752:,1747647676828
counter/3/0/0/0,14196:1747647661603:,1747647676828
counter/3/0/0/0,14197:1747647661603:,1747647676828
counter/3/0/0/0,14198:1747647661603:,1747647676828
counter/3/0/0/0,14199:1747647661603:,1747647676828
counter/3/0/0/0,14200:1747647661607:,1747647676828
counter/3/0/0/0,14201:1747647661607:,1747647676828
counter/3/0/0/0,14202:1747647661607:,1747647676828
counter/3/0/0/0,14203:1747647661607:,1747647676828
counter/3/0/0/0,14204:1747647661610:,1747647676828
counter/3/0/0/0,14205:1747647661610:,1747647676828
counter/7/0/0/0,13255:1747647660474:,1747647676829
counter/7/0/0/0,13256:1747647660477:,1747647676829
counter/10/0/0/0,12587:1747647659842:,1747647676829
counter/7/0/0/0,13257:1747647660478:,1747647676829
counter/5/0/0/0,13275:1747647659654:,1747647676829
counter/5/0/0/0,13276:1747647659655:,1747647676829
counter/5/0/0/0,13277:1747647659655:,1747647676829
counter/5/0/0/0,13278:1747647659655:,1747647676829
counter/5/0/0/0,13279:1747647659655:,1747647676829
counter/5/0/0/0,13280:1747647659655:,1747647676829
counter/2/0/0/0,13136:1747647659581:,1747647676829
counter/2/0/0/0,13137:1747647659581:,1747647676829
counter/2/0/0/0,13138:1747647659581:,1747647676829
counter/5/0/0/0,13281:1747647659655:,1747647676830
counter/5/0/0/0,13282:1747647659655:,1747647676830
counter/5/0/0/0,13283:1747647659655:,1747647676830
counter/5/0/0/0,13284:1747647659657:,1747647676830
counter/5/0/0/0,13285:1747647659657:,1747647676830
counter/5/0/0/0,13286:1747647659657:,1747647676830
counter/5/0/0/0,13287:1747647659657:,1747647676830
counter/9/0/0/0,13895:1747647659812:,1747647676830
counter/5/0/0/0,13288:1747647659657:,1747647676830
counter/5/0/0/0,13289:1747647659657:,1747647676830
counter/7/0/0/0,13258:1747647660481:,1747647676830
counter/7/0/0/0,13259:1747647660483:,1747647676830
counter/7/0/0/0,13260:1747647660484:,1747647676830
counter/7/0/0/0,13261:1747647660489:,1747647676830
counter/7/0/0/0,13262:1747647660489:,1747647676831
counter/9/0/0/0,13896:1747647659812:,1747647676832
counter/9/0/0/0,13897:1747647659812:,1747647676832
counter/9/0/0/0,13898:1747647659812:,1747647676832
counter/9/0/0/0,13899:1747647659812:,1747647676832
counter/9/0/0/0,13900:1747647659812:,1747647676833
counter/9/0/0/0,13901:1747647659812:,1747647676833
counter/9/0/0/0,13902:1747647659812:,1747647676833
counter/8/0/0/0,13567:1747647659818:,1747647676834
counter/2/0/0/0,13139:1747647659581:,1747647676834
counter/2/0/0/0,13140:1747647659581:,1747647676834
counter/2/0/0/0,13141:1747647659581:,1747647676834
counter/4/0/0/0,13391:1747647661413:,1747647676834
counter/2/0/0/0,13142:1747647659586:,1747647676834
counter/2/0/0/0,13143:1747647659589:,1747647676834
counter/2/0/0/0,13144:1747647659589:,1747647676834
counter/5/0/0/0,13290:1747647659657:,1747647676835
counter/5/0/0/0,13291:1747647659657:,1747647676836
counter/5/0/0/0,13292:1747647659657:,1747647676836
counter/5/0/0/0,13293:1747647659657:,1747647676836
counter/5/0/0/0,13294:1747647659657:,1747647676836
counter/5/0/0/0,13295:1747647659657:,1747647676836
counter/5/0/0/0,13296:1747647659657:,1747647676836
counter/5/0/0/0,13297:1747647659657:,1747647676836
counter/5/0/0/0,13298:1747647659657:,1747647676836
counter/5/0/0/0,13299:1747647659657:,1747647676836
counter/3/0/0/0,14206:1747647661610:,1747647676836
counter/5/0/0/0,13300:1747647659657:,1747647676836
counter/8/0/0/0,13568:1747647659818:,1747647676836
counter/1/0/0/0,14431:1747647661359:,1747647676836
counter/8/0/0/0,13569:1747647659818:,1747647676836
counter/8/0/0/0,13570:1747647659818:,1747647676836
counter/8/0/0/0,13571:1747647659818:,1747647676836
counter/9/0/0/0,13903:1747647659823:,1747647676837
counter/4/0/0/0,13392:1747647661413:,1747647676837
counter/4/0/0/0,13393:1747647661415:,1747647676837
counter/4/0/0/0,13394:1747647661420:,1747647676837
counter/4/0/0/0,13395:1747647661420:,1747647676837
counter/4/0/0/0,13396:1747647661420:,1747647676837
counter/4/0/0/0,13397:1747647661420:,1747647676837
counter/4/0/0/0,13398:1747647661420:,1747647676837
counter/4/0/0/0,13399:1747647661420:,1747647676837
counter/8/0/0/0,13572:1747647659818:,1747647676838
counter/2/0/0/0,13145:1747647659589:,1747647676839
counter/2/0/0/0,13146:1747647659589:,1747647676839
counter/2/0/0/0,13147:1747647659589:,1747647676839
counter/2/0/0/0,13148:1747647659598:,1747647676839
counter/2/0/0/0,13149:1747647659598:,1747647676839
counter/2/0/0/0,13150:1747647659598:,1747647676839
counter/2/0/0/0,13151:1747647659598:,1747647676839
counter/6/0/0/0,13124:1747647660752:,1747647676841
counter/6/0/0/0,13125:1747647660752:,1747647676845
counter/4/0/0/0,13400:1747647661420:,1747647676845
counter/1/0/0/0,14432:1747647661360:,1747647676845
counter/5/0/0/0,13301:1747647659657:,1747647676845
counter/5/0/0/0,13302:1747647659657:,1747647676846
counter/5/0/0/0,13303:1747647659658:,1747647676846
counter/9/0/0/0,13904:1747647659823:,1747647676846
counter/5/0/0/0,13304:1747647659658:,1747647676846
counter/5/0/0/0,13305:1747647659658:,1747647676846
counter/5/0/0/0,13306:1747647659658:,1747647676846
counter/2/0/0/0,13152:1747647659598:,1747647676846
counter/2/0/0/0,13153:1747647659598:,1747647676846
counter/2/0/0/0,13154:1747647659598:,1747647676846
counter/4/0/0/0,13401:1747647661420:,1747647676846
counter/8/0/0/0,13573:1747647659818:,1747647676846
counter/8/0/0/0,13574:1747647659818:,1747647676846
counter/6/0/0/0,13126:1747647660752:,1747647676846
counter/8/0/0/0,13575:1747647659818:,1747647676846
counter/8/0/0/0,13576:1747647659818:,1747647676846
counter/9/0/0/0,13905:1747647659823:,1747647676846
counter/9/0/0/0,13906:1747647659823:,1747647676847
counter/9/0/0/0,13907:1747647659828:,1747647676847
counter/9/0/0/0,13908:1747647659828:,1747647676848
counter/3/0/0/0,14207:1747647661610:,1747647676848
counter/5/0/0/0,13307:1747647659658:,1747647676849
counter/5/0/0/0,13308:1747647659667:,1747647676849
counter/5/0/0/0,13309:1747647659667:,1747647676849
counter/5/0/0/0,13310:1747647659667:,1747647676849
counter/5/0/0/0,13311:1747647659667:,1747647676849
counter/5/0/0/0,13312:1747647659667:,1747647676849
counter/5/0/0/0,13313:1747647659667:,1747647676849
counter/5/0/0/0,13314:1747647659667:,1747647676849
counter/7/0/0/0,13263:1747647660489:,1747647676850
counter/10/0/0/0,12588:1747647659842:,1747647676853
counter/8/0/0/0,13577:1747647659819:,1747647676854
counter/10/0/0/0,12589:1747647659842:,1747647676854
counter/10/0/0/0,12590:1747647659842:,1747647676854
counter/10/0/0/0,12591:1747647659842:,1747647676854
counter/10/0/0/0,12592:1747647659842:,1747647676854
counter/10/0/0/0,12593:1747647659848:,1747647676854
counter/5/0/0/0,13315:1747647659667:,1747647676854
counter/1/0/0/0,14433:1747647661360:,1747647676854
counter/1/0/0/0,14434:1747647661360:,1747647676854
counter/7/0/0/0,13264:1747647660490:,1747647676855
counter/8/0/0/0,13578:1747647659819:,1747647676855
counter/9/0/0/0,13909:1747647659828:,1747647676856
counter/1/0/0/0,14435:1747647661365:,1747647676856
counter/10/0/0/0,12594:1747647659849:,1747647676856
counter/1/0/0/0,14436:1747647661365:,1747647676856
counter/1/0/0/0,14437:1747647661365:,1747647676856
counter/1/0/0/0,14438:1747647661365:,1747647676856
counter/1/0/0/0,14439:1747647661365:,1747647676856
counter/1/0/0/0,14440:1747647661365:,1747647676856
counter/1/0/0/0,14441:1747647661365:,1747647676856
counter/1/0/0/0,14442:1747647661365:,1747647676856
counter/4/0/0/0,13402:1747647661420:,1747647676857
counter/4/0/0/0,13403:1747647661420:,1747647676857
counter/4/0/0/0,13404:1747647661420:,1747647676857
counter/4/0/0/0,13405:1747647661421:,1747647676857
counter/4/0/0/0,13406:1747647661422:,1747647676857
counter/4/0/0/0,13407:1747647661422:,1747647676857
counter/4/0/0/0,13408:1747647661422:,1747647676857
counter/4/0/0/0,13409:1747647661422:,1747647676857
counter/3/0/0/0,14208:1747647661610:,1747647676857
counter/2/0/0/0,13155:1747647659598:,1747647676857
counter/2/0/0/0,13156:1747647659598:,1747647676857
counter/2/0/0/0,13157:1747647659605:,1747647676857
counter/2/0/0/0,13158:1747647659605:,1747647676857
counter/2/0/0/0,13159:1747647659605:,1747647676857
counter/2/0/0/0,13160:1747647659605:,1747647676857
counter/3/0/0/0,14209:1747647661610:,1747647676858
counter/3/0/0/0,14210:1747647661610:,1747647676858
counter/2/0/0/0,13161:1747647659605:,1747647676858
counter/3/0/0/0,14211:1747647661610:,1747647676858
counter/10/0/0/0,12595:1747647659849:,1747647676858
counter/3/0/0/0,14212:1747647661610:,1747647676858
counter/10/0/0/0,12596:1747647659849:,1747647676858
counter/3/0/0/0,14213:1747647661610:,1747647676858
counter/10/0/0/0,12597:1747647659849:,1747647676858
counter/3/0/0/0,14214:1747647661610:,1747647676858
counter/3/0/0/0,14215:1747647661610:,1747647676859
counter/6/0/0/0,13127:1747647660752:,1747647676859
counter/6/0/0/0,13128:1747647660752:,1747647676859
counter/6/0/0/0,13129:1747647660752:,1747647676859
counter/6/0/0/0,13130:1747647660753:,1747647676859
counter/6/0/0/0,13131:1747647660753:,1747647676859
counter/6/0/0/0,13132:1747647660754:,1747647676859
counter/6/0/0/0,13133:1747647660757:,1747647676859
counter/6/0/0/0,13134:1747647660757:,1747647676859
counter/6/0/0/0,13135:1747647660757:,1747647676859
counter/1/0/0/0,14443:1747647661365:,1747647676859
counter/1/0/0/0,14444:1747647661365:,1747647676859
counter/1/0/0/0,14445:1747647661365:,1747647676859
counter/1/0/0/0,14446:1747647661365:,1747647676859
counter/1/0/0/0,14447:1747647661365:,1747647676859
counter/1/0/0/0,14448:1747647661365:,1747647676860
counter/8/0/0/0,13579:1747647659819:,1747647676860
counter/7/0/0/0,13265:1747647660490:,1747647676860
counter/9/0/0/0,13910:1747647659828:,1747647676860
counter/9/0/0/0,13911:1747647659851:,1747647676861
counter/9/0/0/0,13912:1747647659851:,1747647676861
counter/9/0/0/0,13913:1747647659851:,1747647676861
counter/9/0/0/0,13914:1747647659852:,1747647676861
counter/9/0/0/0,13915:1747647659852:,1747647676861
counter/9/0/0/0,13916:1747647659852:,1747647676861
counter/3/0/0/0,14216:1747647661611:,1747647676862
counter/2/0/0/0,13162:1747647659605:,1747647676862
counter/2/0/0/0,13163:1747647659605:,1747647676862
counter/2/0/0/0,13164:1747647659605:,1747647676862
counter/2/0/0/0,13165:1747647659605:,1747647676862
counter/2/0/0/0,13166:1747647659605:,1747647676862
counter/6/0/0/0,13136:1747647660757:,1747647676863
counter/3/0/0/0,14217:1747647661611:,1747647676864
counter/3/0/0/0,14218:1747647661611:,1747647676864
counter/3/0/0/0,14219:1747647661611:,1747647676864
counter/3/0/0/0,14220:1747647661626:,1747647676864
counter/3/0/0/0,14221:1747647661626:,1747647676864
counter/4/0/0/0,13410:1747647661422:,1747647676864
counter/4/0/0/0,13411:1747647661423:,1747647676864
counter/9/0/0/0,13917:1747647659855:,1747647676864
counter/9/0/0/0,13918:1747647659855:,1747647676864
counter/9/0/0/0,13919:1747647659855:,1747647676864
counter/9/0/0/0,13920:1747647659855:,1747647676864
counter/1/0/0/0,14449:1747647661365:,1747647676864
counter/5/0/0/0,13316:1747647659667:,1747647676864
counter/5/0/0/0,13317:1747647659667:,1747647676864
counter/5/0/0/0,13318:1747647659667:,1747647676864
counter/5/0/0/0,13319:1747647659669:,1747647676864
counter/6/0/0/0,13137:1747647660757:,1747647676864
counter/5/0/0/0,13320:1747647659669:,1747647676865
counter/4/0/0/0,13412:1747647661441:,1747647676866
counter/4/0/0/0,13413:1747647661442:,1747647676866
counter/4/0/0/0,13414:1747647661442:,1747647676866
counter/4/0/0/0,13415:1747647661442:,1747647676866
counter/4/0/0/0,13416:1747647661442:,1747647676866
counter/4/0/0/0,13417:1747647661442:,1747647676866
counter/3/0/0/0,14222:1747647661634:,1747647676867
counter/1/0/0/0,14450:1747647661365:,1747647676868
counter/2/0/0/0,13167:1747647659605:,1747647676868
counter/2/0/0/0,13168:1747647659605:,1747647676868
counter/2/0/0/0,13169:1747647659605:,1747647676868
counter/2/0/0/0,13170:1747647659605:,1747647676868
counter/2/0/0/0,13171:1747647659605:,1747647676868
counter/2/0/0/0,13172:1747647659605:,1747647676868
counter/2/0/0/0,13173:1747647659605:,1747647676868
counter/2/0/0/0,13174:1747647659605:,1747647676868
counter/4/0/0/0,13418:1747647661442:,1747647676868
counter/8/0/0/0,13580:1747647659819:,1747647676869
counter/7/0/0/0,13266:1747647660490:,1747647676869
counter/9/0/0/0,13921:1747647659855:,1747647676869
counter/9/0/0/0,13922:1747647659855:,1747647676869
counter/9/0/0/0,13923:1747647659855:,1747647676869
counter/5/0/0/0,13321:1747647659669:,1747647676869
counter/9/0/0/0,13924:1747647659855:,1747647676869
counter/9/0/0/0,13925:1747647659855:,1747647676869
counter/9/0/0/0,13926:1747647659855:,1747647676869
counter/9/0/0/0,13927:1747647659856:,1747647676869
counter/9/0/0/0,13928:1747647659856:,1747647676869
counter/9/0/0/0,13929:1747647659856:,1747647676870
counter/9/0/0/0,13930:1747647659856:,1747647676870
counter/9/0/0/0,13931:1747647659858:,1747647676870
counter/9/0/0/0,13932:1747647659858:,1747647676870
counter/5/0/0/0,13322:1747647659669:,1747647676870
counter/9/0/0/0,13933:1747647659858:,1747647676870
counter/1/0/0/0,14451:1747647661365:,1747647676872
counter/9/0/0/0,13934:1747647659858:,1747647676873
counter/4/0/0/0,13419:1747647661442:,1747647676873
counter/4/0/0/0,13420:1747647661442:,1747647676873
counter/4/0/0/0,13421:1747647661442:,1747647676873
counter/4/0/0/0,13422:1747647661442:,1747647676873
counter/4/0/0/0,13423:1747647661449:,1747647676873
counter/4/0/0/0,13424:1747647661449:,1747647676873
counter/4/0/0/0,13425:1747647661449:,1747647676873
counter/4/0/0/0,13426:1747647661449:,1747647676873
counter/4/0/0/0,13427:1747647661449:,1747647676873
counter/4/0/0/0,13428:1747647661449:,1747647676873
counter/4/0/0/0,13429:1747647661450:,1747647676873
counter/4/0/0/0,13430:1747647661450:,1747647676873
counter/4/0/0/0,13431:1747647661450:,1747647676873
counter/4/0/0/0,13432:1747647661450:,1747647676873
counter/4/0/0/0,13433:1747647661450:,1747647676873
counter/4/0/0/0,13434:1747647661450:,1747647676873
counter/4/0/0/0,13435:1747647661451:,1747647676873
counter/4/0/0/0,13436:1747647661451:,1747647676873
counter/4/0/0/0,13437:1747647661451:,1747647676874
counter/4/0/0/0,13438:1747647661451:,1747647676874
counter/4/0/0/0,13439:1747647661451:,1747647676874
counter/4/0/0/0,13440:1747647661451:,1747647676874
counter/7/0/0/0,13267:1747647660492:,1747647676874
counter/7/0/0/0,13268:1747647660492:,1747647676874
counter/5/0/0/0,13323:1747647659669:,1747647676874
counter/7/0/0/0,13269:1747647660492:,1747647676874
counter/7/0/0/0,13270:1747647660492:,1747647676874
counter/7/0/0/0,13271:1747647660492:,1747647676874
counter/7/0/0/0,13272:1747647660494:,1747647676874
counter/7/0/0/0,13273:1747647660495:,1747647676874
counter/7/0/0/0,13274:1747647660506:,1747647676874
counter/7/0/0/0,13275:1747647660506:,1747647676874
counter/10/0/0/0,12598:1747647659849:,1747647676874
counter/3/0/0/0,14223:1747647661634:,1747647676874
counter/3/0/0/0,14224:1747647661634:,1747647676874
counter/3/0/0/0,14225:1747647661640:,1747647676874
counter/3/0/0/0,14226:1747647661640:,1747647676874
counter/7/0/0/0,13276:1747647660506:,1747647676876
counter/6/0/0/0,13138:1747647660757:,1747647676876
counter/7/0/0/0,13277:1747647660506:,1747647676878
counter/7/0/0/0,13278:1747647660506:,1747647676878
counter/1/0/0/0,14452:1747647661365:,1747647676878
counter/7/0/0/0,13279:1747647660507:,1747647676878
counter/7/0/0/0,13280:1747647660507:,1747647676878
counter/7/0/0/0,13281:1747647660507:,1747647676878
counter/7/0/0/0,13282:1747647660507:,1747647676878
counter/7/0/0/0,13283:1747647660507:,1747647676878
counter/7/0/0/0,13284:1747647660507:,1747647676878
counter/7/0/0/0,13285:1747647660507:,1747647676878
counter/7/0/0/0,13286:1747647660507:,1747647676878
counter/4/0/0/0,13441:1747647661451:,1747647676878
counter/5/0/0/0,13324:1747647659669:,1747647676878
counter/4/0/0/0,13442:1747647661451:,1747647676878
counter/4/0/0/0,13443:1747647661451:,1747647676879
counter/8/0/0/0,13581:1747647659819:,1747647676879
counter/3/0/0/0,14227:1747647661640:,1747647676880
counter/3/0/0/0,14228:1747647661640:,1747647676880
counter/3/0/0/0,14229:1747647661640:,1747647676880
counter/3/0/0/0,14230:1747647661640:,1747647676880
counter/3/0/0/0,14231:1747647661642:,1747647676880
counter/3/0/0/0,14232:1747647661642:,1747647676880
counter/3/0/0/0,14233:1747647661642:,1747647676880
counter/3/0/0/0,14234:1747647661642:,1747647676880
counter/3/0/0/0,14235:1747647661642:,1747647676880
counter/4/0/0/0,13444:1747647661451:,1747647676880
counter/2/0/0/0,13175:1747647659605:,1747647676880
counter/9/0/0/0,13935:1747647659864:,1747647676881
counter/9/0/0/0,13936:1747647659864:,1747647676883
counter/9/0/0/0,13937:1747647659864:,1747647676883
counter/9/0/0/0,13938:1747647659864:,1747647676883
counter/9/0/0/0,13939:1747647659864:,1747647676883
counter/9/0/0/0,13940:1747647659864:,1747647676883
counter/9/0/0/0,13941:1747647659864:,1747647676883
counter/9/0/0/0,13942:1747647659864:,1747647676883
counter/8/0/0/0,13582:1747647659819:,1747647676883
counter/3/0/0/0,14236:1747647661642:,1747647676884
counter/4/0/0/0,13445:1747647661451:,1747647676885
counter/9/0/0/0,13943:1747647659864:,1747647676885
counter/4/0/0/0,13446:1747647661451:,1747647676885
counter/4/0/0/0,13447:1747647661453:,1747647676885
counter/4/0/0/0,13448:1747647661454:,1747647676885
counter/4/0/0/0,13449:1747647661454:,1747647676885
counter/4/0/0/0,13450:1747647661454:,1747647676885
counter/4/0/0/0,13451:1747647661454:,1747647676885
counter/4/0/0/0,13452:1747647661454:,1747647676886
counter/4/0/0/0,13453:1747647661455:,1747647676886
counter/1/0/0/0,14453:1747647661366:,1747647676886
counter/10/0/0/0,12599:1747647659849:,1747647676886
counter/10/0/0/0,12600:1747647659852:,1747647676886
counter/10/0/0/0,12601:1747647659853:,1747647676886
counter/10/0/0/0,12602:1747647659853:,1747647676886
counter/10/0/0/0,12603:1747647659853:,1747647676886
counter/4/0/0/0,13454:1747647661455:,1747647676887
counter/4/0/0/0,13455:1747647661455:,1747647676887
counter/5/0/0/0,13325:1747647659669:,1747647676887
counter/4/0/0/0,13456:1747647661455:,1747647676887
counter/4/0/0/0,13457:1747647661455:,1747647676887
counter/9/0/0/0,13944:1747647659864:,1747647676887
counter/9/0/0/0,13945:1747647659864:,1747647676887
counter/9/0/0/0,13946:1747647659864:,1747647676887
counter/9/0/0/0,13947:1747647659864:,1747647676887
counter/9/0/0/0,13948:1747647659878:,1747647676887
counter/9/0/0/0,13949:1747647659878:,1747647676887
counter/9/0/0/0,13950:1747647659878:,1747647676887
counter/9/0/0/0,13951:1747647659878:,1747647676887
counter/9/0/0/0,13952:1747647659878:,1747647676887
counter/2/0/0/0,13176:1747647659605:,1747647676887
counter/2/0/0/0,13177:1747647659605:,1747647676888
counter/2/0/0/0,13178:1747647659605:,1747647676888
counter/2/0/0/0,13179:1747647659605:,1747647676888
counter/2/0/0/0,13180:1747647659606:,1747647676888
counter/4/0/0/0,13458:1747647661455:,1747647676889
counter/4/0/0/0,13459:1747647661455:,1747647676889
counter/4/0/0/0,13460:1747647661455:,1747647676889
counter/4/0/0/0,13461:1747647661455:,1747647676889
counter/4/0/0/0,13462:1747647661455:,1747647676889
counter/4/0/0/0,13463:1747647661455:,1747647676889
counter/5/0/0/0,13326:1747647659669:,1747647676889
counter/4/0/0/0,13464:1747647661473:,1747647676889
counter/6/0/0/0,13139:1747647660757:,1747647676889
counter/9/0/0/0,13953:1747647659878:,1747647676889
counter/8/0/0/0,13583:1747647659819:,1747647676889
counter/6/0/0/0,13140:1747647660757:,1747647676890
counter/7/0/0/0,13287:1747647660507:,1747647676891
counter/7/0/0/0,13288:1747647660507:,1747647676891
counter/7/0/0/0,13289:1747647660507:,1747647676891
counter/7/0/0/0,13290:1747647660507:,1747647676891
counter/7/0/0/0,13291:1747647660507:,1747647676891
counter/7/0/0/0,13292:1747647660508:,1747647676891
counter/7/0/0/0,13293:1747647660514:,1747647676891
counter/2/0/0/0,13181:1747647659606:,1747647676891
counter/1/0/0/0,14454:1747647661366:,1747647676891
counter/2/0/0/0,13182:1747647659606:,1747647676891
counter/8/0/0/0,13584:1747647659819:,1747647676892
counter/3/0/0/0,14237:1747647661642:,1747647676892
counter/5/0/0/0,13327:1747647659669:,1747647676892
counter/7/0/0/0,13294:1747647660514:,1747647676892
counter/7/0/0/0,13295:1747647660515:,1747647676893
counter/7/0/0/0,13296:1747647660515:,1747647676893
counter/7/0/0/0,13297:1747647660520:,1747647676893
counter/5/0/0/0,13328:1747647659669:,1747647676893
counter/10/0/0/0,12604:1747647659853:,1747647676893
counter/5/0/0/0,13329:1747647659669:,1747647676893
counter/5/0/0/0,13330:1747647659669:,1747647676893
counter/9/0/0/0,13954:1747647659878:,1747647676893
counter/6/0/0/0,13141:1747647660757:,1747647676894
counter/4/0/0/0,13465:1747647661474:,1747647676894
counter/4/0/0/0,13466:1747647661478:,1747647676894
counter/4/0/0/0,13467:1747647661478:,1747647676894
counter/6/0/0/0,13142:1747647660758:,1747647676895
counter/3/0/0/0,14238:1747647661642:,1747647676895
counter/3/0/0/0,14239:1747647661642:,1747647676895
counter/3/0/0/0,14240:1747647661642:,1747647676895
counter/3/0/0/0,14241:1747647661642:,1747647676895
counter/3/0/0/0,14242:1747647661642:,1747647676895
counter/3/0/0/0,14243:1747647661642:,1747647676895
counter/3/0/0/0,14244:1747647661642:,1747647676895
counter/8/0/0/0,13585:1747647659819:,1747647676895
counter/8/0/0/0,13586:1747647659819:,1747647676896
counter/7/0/0/0,13298:1747647660520:,1747647676897
counter/7/0/0/0,13299:1747647660520:,1747647676897
counter/7/0/0/0,13300:1747647660520:,1747647676897
counter/7/0/0/0,13301:1747647660520:,1747647676897
counter/7/0/0/0,13302:1747647660520:,1747647676897
counter/9/0/0/0,13955:1747647659878:,1747647676897
counter/9/0/0/0,13956:1747647659882:,1747647676897
counter/9/0/0/0,13957:1747647659882:,1747647676897
counter/9/0/0/0,13958:1747647659882:,1747647676897
counter/9/0/0/0,13959:1747647659882:,1747647676899
counter/4/0/0/0,13468:1747647661478:,1747647676899
counter/9/0/0/0,13960:1747647659882:,1747647676899
counter/1/0/0/0,14455:1747647661366:,1747647676899
counter/10/0/0/0,12605:1747647659853:,1747647676899
counter/10/0/0/0,12606:1747647659853:,1747647676899
counter/10/0/0/0,12607:1747647659853:,1747647676899
counter/10/0/0/0,12608:1747647659853:,1747647676899
counter/6/0/0/0,13143:1747647660758:,1747647676900
counter/7/0/0/0,13303:1747647660520:,1747647676900
counter/7/0/0/0,13304:1747647660520:,1747647676900
counter/7/0/0/0,13305:1747647660520:,1747647676900
counter/7/0/0/0,13306:1747647660520:,1747647676900
counter/7/0/0/0,13307:1747647660520:,1747647676900
counter/4/0/0/0,13469:1747647661478:,1747647676900
counter/4/0/0/0,13470:1747647661478:,1747647676900
counter/4/0/0/0,13471:1747647661478:,1747647676900
counter/4/0/0/0,13472:1747647661478:,1747647676900
counter/4/0/0/0,13473:1747647661478:,1747647676900
counter/5/0/0/0,13331:1747647659676:,1747647676901
counter/3/0/0/0,14245:1747647661643:,1747647676902
counter/3/0/0/0,14246:1747647661643:,1747647676902
counter/3/0/0/0,14247:1747647661643:,1747647676902
counter/3/0/0/0,14248:1747647661644:,1747647676902
counter/3/0/0/0,14249:1747647661644:,1747647676902
counter/3/0/0/0,14250:1747647661644:,1747647676902
counter/3/0/0/0,14251:1747647661644:,1747647676902
counter/3/0/0/0,14252:1747647661644:,1747647676902
counter/10/0/0/0,12609:1747647659853:,1747647676902
counter/10/0/0/0,12610:1747647659853:,1747647676902
counter/10/0/0/0,12611:1747647659853:,1747647676902
counter/10/0/0/0,12612:1747647659853:,1747647676903
counter/10/0/0/0,12613:1747647659853:,1747647676903
counter/10/0/0/0,12614:1747647659853:,1747647676903
counter/10/0/0/0,12615:1747647659853:,1747647676903
counter/10/0/0/0,12616:1747647659853:,1747647676903
counter/10/0/0/0,12617:1747647659853:,1747647676903
counter/10/0/0/0,12618:1747647659853:,1747647676903
counter/10/0/0/0,12619:1747647659853:,1747647676903
counter/10/0/0/0,12620:1747647659854:,1747647676903
counter/10/0/0/0,12621:1747647659854:,1747647676903
counter/10/0/0/0,12622:1747647659854:,1747647676903
counter/3/0/0/0,14253:1747647661644:,1747647676903
counter/3/0/0/0,14254:1747647661644:,1747647676903
counter/5/0/0/0,13332:1747647659678:,1747647676903
counter/6/0/0/0,13144:1747647660758:,1747647676904
counter/4/0/0/0,13474:1747647661478:,1747647676904
counter/6/0/0/0,13145:1747647660758:,1747647676904
counter/8/0/0/0,13587:1747647659819:,1747647676904
counter/5/0/0/0,13333:1747647659678:,1747647676904
counter/5/0/0/0,13334:1747647659679:,1747647676906
counter/3/0/0/0,14255:1747647661644:,1747647676906
counter/3/0/0/0,14256:1747647661644:,1747647676906
counter/3/0/0/0,14257:1747647661644:,1747647676907
counter/3/0/0/0,14258:1747647661644:,1747647676907
counter/3/0/0/0,14259:1747647661644:,1747647676907
counter/3/0/0/0,14260:1747647661644:,1747647676907
counter/3/0/0/0,14261:1747647661644:,1747647676907
counter/3/0/0/0,14262:1747647661652:,1747647676907
counter/3/0/0/0,14263:1747647661652:,1747647676907
counter/3/0/0/0,14264:1747647661652:,1747647676907
counter/3/0/0/0,14265:1747647661652:,1747647676907
counter/3/0/0/0,14266:1747647661652:,1747647676907
counter/3/0/0/0,14267:1747647661652:,1747647676907
counter/3/0/0/0,14268:1747647661652:,1747647676907
counter/3/0/0/0,14269:1747647661653:,1747647676908
counter/3/0/0/0,14270:1747647661653:,1747647676908
counter/3/0/0/0,14271:1747647661653:,1747647676908
counter/3/0/0/0,14272:1747647661653:,1747647676908
counter/3/0/0/0,14273:1747647661653:,1747647676908
counter/3/0/0/0,14274:1747647661653:,1747647676908
counter/3/0/0/0,14275:1747647661653:,1747647676908
counter/3/0/0/0,14276:1747647661653:,1747647676908
counter/3/0/0/0,14277:1747647661653:,1747647676908
counter/3/0/0/0,14278:1747647661653:,1747647676908
counter/3/0/0/0,14279:1747647661653:,1747647676908
counter/7/0/0/0,13308:1747647660521:,1747647676909
counter/7/0/0/0,13309:1747647660521:,1747647676909
counter/7/0/0/0,13310:1747647660521:,1747647676909
counter/7/0/0/0,13311:1747647660521:,1747647676909
counter/1/0/0/0,14456:1747647661366:,1747647676909
counter/4/0/0/0,13475:1747647661478:,1747647676909
counter/7/0/0/0,13312:1747647660521:,1747647676910
counter/5/0/0/0,13335:1747647659679:,1747647676910
counter/5/0/0/0,13336:1747647659679:,1747647676910
counter/9/0/0/0,13961:1747647659882:,1747647676911
counter/3/0/0/0,14280:1747647661653:,1747647676911
counter/3/0/0/0,14281:1747647661653:,1747647676911
counter/10/0/0/0,12623:1747647659854:,1747647676911
counter/3/0/0/0,14282:1747647661653:,1747647676911
counter/3/0/0/0,14283:1747647661653:,1747647676911
counter/3/0/0/0,14284:1747647661653:,1747647676911
counter/2/0/0/0,13183:1747647659606:,1747647676911
counter/4/0/0/0,13476:1747647661478:,1747647676911
counter/4/0/0/0,13477:1747647661478:,1747647676911
counter/4/0/0/0,13478:1747647661478:,1747647676911
counter/4/0/0/0,13479:1747647661478:,1747647676911
counter/4/0/0/0,13480:1747647661478:,1747647676912
counter/4/0/0/0,13481:1747647661483:,1747647676912
counter/4/0/0/0,13482:1747647661483:,1747647676912
counter/4/0/0/0,13483:1747647661483:,1747647676912
counter/4/0/0/0,13484:1747647661483:,1747647676912
counter/4/0/0/0,13485:1747647661483:,1747647676912
counter/4/0/0/0,13486:1747647661483:,1747647676912
counter/4/0/0/0,13487:1747647661484:,1747647676912
counter/4/0/0/0,13488:1747647661484:,1747647676912
counter/6/0/0/0,13146:1747647660758:,1747647676912
counter/7/0/0/0,13313:1747647660521:,1747647676912
counter/3/0/0/0,14285:1747647661653:,1747647676912
counter/7/0/0/0,13314:1747647660521:,1747647676912
counter/5/0/0/0,13337:1747647659679:,1747647676913
counter/5/0/0/0,13338:1747647659679:,1747647676913
counter/6/0/0/0,13147:1747647660758:,1747647676913
counter/6/0/0/0,13148:1747647660758:,1747647676913
counter/6/0/0/0,13149:1747647660758:,1747647676913
counter/6/0/0/0,13150:1747647660758:,1747647676913
counter/6/0/0/0,13151:1747647660758:,1747647676913
counter/6/0/0/0,13152:1747647660758:,1747647676913
counter/6/0/0/0,13153:1747647660758:,1747647676913
counter/6/0/0/0,13154:1747647660758:,1747647676913
counter/10/0/0/0,12624:1747647659854:,1747647676913
counter/4/0/0/0,13489:1747647661484:,1747647676914
counter/4/0/0/0,13490:1747647661484:,1747647676914
counter/4/0/0/0,13491:1747647661484:,1747647676914
counter/4/0/0/0,13492:1747647661484:,1747647676914
counter/4/0/0/0,13493:1747647661484:,1747647676914
counter/4/0/0/0,13494:1747647661489:,1747647676914
counter/4/0/0/0,13495:1747647661489:,1747647676914
counter/4/0/0/0,13496:1747647661489:,1747647676914
counter/4/0/0/0,13497:1747647661489:,1747647676914
counter/4/0/0/0,13498:1747647661489:,1747647676914
counter/4/0/0/0,13499:1747647661489:,1747647676914
counter/4/0/0/0,13500:1747647661493:,1747647676914
counter/4/0/0/0,13501:1747647661494:,1747647676914
counter/4/0/0/0,13502:1747647661494:,1747647676914
counter/3/0/0/0,14286:1747647661653:,1747647676914
counter/9/0/0/0,13962:1747647659882:,1747647676914
counter/6/0/0/0,13155:1747647660761:,1747647676914
counter/4/0/0/0,13503:1747647661494:,1747647676915
counter/4/0/0/0,13504:1747647661494:,1747647676915
counter/4/0/0/0,13505:1747647661494:,1747647676915
counter/4/0/0/0,13506:1747647661494:,1747647676915
counter/4/0/0/0,13507:1747647661494:,1747647676915
counter/4/0/0/0,13508:1747647661494:,1747647676915
counter/4/0/0/0,13509:1747647661494:,1747647676916
counter/4/0/0/0,13510:1747647661494:,1747647676916
counter/4/0/0/0,13511:1747647661502:,1747647676916
counter/4/0/0/0,13512:1747647661502:,1747647676916
counter/4/0/0/0,13513:1747647661502:,1747647676916
counter/4/0/0/0,13514:1747647661502:,1747647676916
counter/4/0/0/0,13515:1747647661502:,1747647676916
counter/4/0/0/0,13516:1747647661502:,1747647676916
counter/4/0/0/0,13517:1747647661502:,1747647676916
counter/4/0/0/0,13518:1747647661502:,1747647676916
counter/4/0/0/0,13519:1747647661502:,1747647676916
counter/4/0/0/0,13520:1747647661514:,1747647676916
counter/4/0/0/0,13521:1747647661514:,1747647676916
counter/4/0/0/0,13522:1747647661514:,1747647676916
counter/4/0/0/0,13523:1747647661514:,1747647676916
counter/4/0/0/0,13524:1747647661514:,1747647676916
counter/3/0/0/0,14287:1747647661655:,1747647676916
counter/10/0/0/0,12625:1747647659883:,1747647676916
counter/1/0/0/0,14457:1747647661366:,1747647676916
counter/4/0/0/0,13525:1747647661514:,1747647676916
counter/1/0/0/0,14458:1747647661366:,1747647676916
counter/8/0/0/0,13588:1747647659819:,1747647676916
counter/8/0/0/0,13589:1747647659819:,1747647676916
counter/9/0/0/0,13963:1747647659882:,1747647676916
counter/9/0/0/0,13964:1747647659882:,1747647676916
counter/9/0/0/0,13965:1747647659882:,1747647676916
counter/9/0/0/0,13966:1747647659882:,1747647676916
counter/9/0/0/0,13967:1747647659882:,1747647676916
counter/2/0/0/0,13184:1747647659606:,1747647676917
counter/5/0/0/0,13339:1747647659679:,1747647676917
counter/5/0/0/0,13340:1747647659679:,1747647676917
counter/5/0/0/0,13341:1747647659679:,1747647676917
counter/5/0/0/0,13342:1747647659679:,1747647676917
counter/3/0/0/0,14288:1747647661662:,1747647676917
counter/10/0/0/0,12626:1747647659883:,1747647676918
counter/8/0/0/0,13590:1747647659819:,1747647676918
counter/8/0/0/0,13591:1747647659819:,1747647676918
counter/8/0/0/0,13592:1747647659819:,1747647676918
counter/8/0/0/0,13593:1747647659819:,1747647676918
counter/8/0/0/0,13594:1747647659819:,1747647676918
counter/8/0/0/0,13595:1747647659819:,1747647676918
counter/8/0/0/0,13596:1747647659819:,1747647676918
counter/8/0/0/0,13597:1747647659819:,1747647676918
counter/9/0/0/0,13968:1747647659890:,1747647676918
counter/7/0/0/0,13315:1747647660521:,1747647676919
counter/7/0/0/0,13316:1747647660521:,1747647676919
counter/2/0/0/0,13185:1747647659606:,1747647676919
counter/3/0/0/0,14289:1747647661662:,1747647676919
counter/8/0/0/0,13598:1747647659819:,1747647676920
counter/8/0/0/0,13599:1747647659821:,1747647676920
counter/5/0/0/0,13343:1747647659679:,1747647676920
counter/4/0/0/0,13526:1747647661514:,1747647676920
counter/4/0/0/0,13527:1747647661514:,1747647676920
counter/4/0/0/0,13528:1747647661514:,1747647676920
counter/4/0/0/0,13529:1747647661516:,1747647676920
counter/4/0/0/0,13530:1747647661516:,1747647676920
counter/4/0/0/0,13531:1747647661516:,1747647676920
counter/4/0/0/0,13532:1747647661516:,1747647676920
counter/4/0/0/0,13533:1747647661516:,1747647676920
counter/4/0/0/0,13534:1747647661516:,1747647676920
counter/4/0/0/0,13535:1747647661516:,1747647676921
counter/1/0/0/0,14459:1747647661366:,1747647676921
counter/7/0/0/0,13317:1747647660521:,1747647676921
counter/7/0/0/0,13318:1747647660521:,1747647676921
counter/7/0/0/0,13319:1747647660521:,1747647676921
counter/7/0/0/0,13320:1747647660521:,1747647676921
counter/7/0/0/0,13321:1747647660521:,1747647676921
counter/7/0/0/0,13322:1747647660521:,1747647676921
counter/7/0/0/0,13323:1747647660521:,1747647676921
counter/7/0/0/0,13324:1747647660521:,1747647676921
counter/7/0/0/0,13325:1747647660521:,1747647676922
counter/7/0/0/0,13326:1747647660521:,1747647676922
counter/7/0/0/0,13327:1747647660521:,1747647676922
counter/10/0/0/0,12627:1747647659883:,1747647676922
counter/2/0/0/0,13186:1747647659606:,1747647676922
counter/2/0/0/0,13187:1747647659606:,1747647676922
counter/2/0/0/0,13188:1747647659606:,1747647676922
counter/5/0/0/0,13344:1747647659679:,1747647676922
counter/4/0/0/0,13536:1747647661516:,1747647676922
counter/1/0/0/0,14460:1747647661366:,1747647676923
counter/1/0/0/0,14461:1747647661366:,1747647676923
counter/1/0/0/0,14462:1747647661366:,1747647676923
counter/1/0/0/0,14463:1747647661366:,1747647676923
counter/1/0/0/0,14464:1747647661366:,1747647676923
counter/1/0/0/0,14465:1747647661366:,1747647676923
counter/9/0/0/0,13969:1747647659890:,1747647676923
counter/9/0/0/0,13970:1747647659890:,1747647676923
counter/9/0/0/0,13971:1747647659890:,1747647676924
counter/9/0/0/0,13972:1747647659890:,1747647676924
counter/9/0/0/0,13973:1747647659890:,1747647676924
counter/9/0/0/0,13974:1747647659890:,1747647676924
counter/9/0/0/0,13975:1747647659896:,1747647676924
counter/9/0/0/0,13976:1747647659896:,1747647676924
counter/5/0/0/0,13345:1747647659679:,1747647676924
counter/5/0/0/0,13346:1747647659679:,1747647676924
counter/10/0/0/0,12628:1747647659883:,1747647676924
counter/10/0/0/0,12629:1747647659888:,1747647676924
counter/10/0/0/0,12630:1747647659888:,1747647676924
counter/10/0/0/0,12631:1747647659888:,1747647676924
counter/10/0/0/0,12632:1747647659888:,1747647676924
counter/10/0/0/0,12633:1747647659888:,1747647676924
counter/10/0/0/0,12634:1747647659888:,1747647676924
counter/10/0/0/0,12635:1747647659888:,1747647676924
counter/10/0/0/0,12636:1747647659888:,1747647676924
counter/4/0/0/0,13537:1747647661516:,1747647676924
counter/9/0/0/0,13977:1747647659896:,1747647676925
counter/9/0/0/0,13978:1747647659897:,1747647676925
counter/9/0/0/0,13979:1747647659897:,1747647676925
counter/9/0/0/0,13980:1747647659897:,1747647676925
counter/9/0/0/0,13981:1747647659897:,1747647676925
counter/9/0/0/0,13982:1747647659897:,1747647676925
counter/9/0/0/0,13983:1747647659897:,1747647676925
counter/9/0/0/0,13984:1747647659897:,1747647676925
counter/1/0/0/0,14466:1747647661366:,1747647676925
counter/10/0/0/0,12637:1747647659888:,1747647676925
counter/1/0/0/0,14467:1747647661366:,1747647676925
counter/5/0/0/0,13347:1747647659679:,1747647676926
counter/6/0/0/0,13156:1747647660761:,1747647676926
counter/10/0/0/0,12638:1747647659888:,1747647676926
counter/6/0/0/0,13157:1747647660761:,1747647676926
counter/7/0/0/0,13328:1747647660522:,1747647676926
counter/3/0/0/0,14290:1747647661662:,1747647676926
counter/8/0/0/0,13600:1747647659826:,1747647676926
counter/9/0/0/0,13985:1747647659897:,1747647676927
counter/1/0/0/0,14468:1747647661366:,1747647676927
counter/10/0/0/0,12639:1747647659888:,1747647676927
counter/6/0/0/0,13158:1747647660761:,1747647676927
counter/6/0/0/0,13159:1747647660761:,1747647676927
counter/6/0/0/0,13160:1747647660761:,1747647676927
counter/2/0/0/0,13189:1747647659606:,1747647676928
counter/2/0/0/0,13190:1747647659606:,1747647676928
counter/10/0/0/0,12640:1747647659888:,1747647676928
counter/2/0/0/0,13191:1747647659606:,1747647676928
counter/10/0/0/0,12641:1747647659893:,1747647676929
counter/10/0/0/0,12642:1747647659897:,1747647676929
counter/10/0/0/0,12643:1747647659897:,1747647676929
counter/10/0/0/0,12644:1747647659897:,1747647676929
counter/5/0/0/0,13348:1747647659685:,1747647676930
counter/10/0/0/0,12645:1747647659904:,1747647676930
counter/10/0/0/0,12646:1747647659905:,1747647676930
counter/10/0/0/0,12647:1747647659905:,1747647676930
counter/10/0/0/0,12648:1747647659905:,1747647676930
counter/10/0/0/0,12649:1747647659905:,1747647676930
counter/4/0/0/0,13538:1747647661516:,1747647676930
counter/10/0/0/0,12650:1747647659905:,1747647676930
counter/10/0/0/0,12651:1747647659905:,1747647676930
counter/4/0/0/0,13539:1747647661525:,1747647676930
counter/4/0/0/0,13540:1747647661526:,1747647676930
counter/10/0/0/0,12652:1747647659905:,1747647676931
counter/10/0/0/0,12653:1747647659905:,1747647676931
counter/10/0/0/0,12654:1747647659905:,1747647676931
counter/9/0/0/0,13986:1747647659897:,1747647676933
counter/9/0/0/0,13987:1747647659897:,1747647676933
counter/9/0/0/0,13988:1747647659897:,1747647676933
counter/9/0/0/0,13989:1747647659907:,1747647676933
counter/9/0/0/0,13990:1747647659907:,1747647676933
counter/9/0/0/0,13991:1747647659910:,1747647676933
counter/9/0/0/0,13992:1747647659910:,1747647676933
counter/9/0/0/0,13993:1747647659910:,1747647676933
counter/5/0/0/0,13349:1747647659685:,1747647676933
counter/5/0/0/0,13350:1747647659685:,1747647676933
counter/5/0/0/0,13351:1747647659685:,1747647676933
counter/5/0/0/0,13352:1747647659686:,1747647676933
counter/5/0/0/0,13353:1747647659686:,1747647676933
counter/5/0/0/0,13354:1747647659686:,1747647676933
counter/5/0/0/0,13355:1747647659686:,1747647676933
counter/5/0/0/0,13356:1747647659686:,1747647676933
counter/5/0/0/0,13357:1747647659686:,1747647676933
counter/10/0/0/0,12655:1747647659905:,1747647676934
counter/5/0/0/0,13358:1747647659686:,1747647676934
counter/2/0/0/0,13192:1747647659606:,1747647676934
counter/1/0/0/0,14469:1747647661366:,1747647676934
counter/2/0/0/0,13193:1747647659606:,1747647676934
counter/2/0/0/0,13194:1747647659606:,1747647676934
counter/2/0/0/0,13195:1747647659606:,1747647676934
counter/2/0/0/0,13196:1747647659606:,1747647676934
counter/2/0/0/0,13197:1747647659606:,1747647676934
counter/2/0/0/0,13198:1747647659606:,1747647676934
counter/2/0/0/0,13199:1747647659606:,1747647676934
counter/4/0/0/0,13541:1747647661526:,1747647676934
counter/4/0/0/0,13542:1747647661526:,1747647676934
counter/4/0/0/0,13543:1747647661526:,1747647676934
counter/4/0/0/0,13544:1747647661526:,1747647676934
counter/7/0/0/0,13329:1747647660522:,1747647676934
counter/7/0/0/0,13330:1747647660522:,1747647676934
counter/7/0/0/0,13331:1747647660524:,1747647676934
counter/7/0/0/0,13332:1747647660524:,1747647676934
counter/7/0/0/0,13333:1747647660524:,1747647676934
counter/6/0/0/0,13161:1747647660761:,1747647676935
counter/6/0/0/0,13162:1747647660761:,1747647676935
counter/1/0/0/0,14470:1747647661366:,1747647676935
counter/9/0/0/0,13994:1747647659911:,1747647676935
counter/7/0/0/0,13334:1747647660525:,1747647676936
counter/7/0/0/0,13335:1747647660525:,1747647676936
counter/7/0/0/0,13336:1747647660525:,1747647676936
counter/7/0/0/0,13337:1747647660525:,1747647676936
counter/7/0/0/0,13338:1747647660531:,1747647676936
counter/7/0/0/0,13339:1747647660531:,1747647676936
counter/7/0/0/0,13340:1747647660531:,1747647676936
counter/2/0/0/0,13200:1747647659606:,1747647676936
counter/2/0/0/0,13201:1747647659606:,1747647676936
counter/2/0/0/0,13202:1747647659606:,1747647676936
counter/2/0/0/0,13203:1747647659606:,1747647676936
counter/3/0/0/0,14291:1747647661668:,1747647676937
counter/3/0/0/0,14292:1747647661669:,1747647676937
counter/3/0/0/0,14293:1747647661669:,1747647676937
counter/3/0/0/0,14294:1747647661669:,1747647676937
counter/3/0/0/0,14295:1747647661669:,1747647676937
counter/3/0/0/0,14296:1747647661669:,1747647676937
counter/4/0/0/0,13545:1747647661526:,1747647676937
counter/4/0/0/0,13546:1747647661526:,1747647676937
counter/4/0/0/0,13547:1747647661526:,1747647676937
counter/4/0/0/0,13548:1747647661526:,1747647676937
counter/4/0/0/0,13549:1747647661526:,1747647676938
counter/4/0/0/0,13550:1747647661526:,1747647676938
counter/4/0/0/0,13551:1747647661532:,1747647676938
counter/1/0/0/0,14471:1747647661366:,1747647676938
counter/10/0/0/0,12656:1747647659905:,1747647676938
counter/10/0/0/0,12657:1747647659905:,1747647676938
counter/10/0/0/0,12658:1747647659905:,1747647676938
counter/10/0/0/0,12659:1747647659905:,1747647676938
counter/10/0/0/0,12660:1747647659905:,1747647676938
counter/10/0/0/0,12661:1747647659911:,1747647676938
counter/10/0/0/0,12662:1747647659911:,1747647676938
counter/3/0/0/0,14297:1747647661669:,1747647676939
counter/6/0/0/0,13163:1747647660761:,1747647676939
counter/6/0/0/0,13164:1747647660761:,1747647676939
counter/4/0/0/0,13552:1747647661532:,1747647676939
counter/4/0/0/0,13553:1747647661532:,1747647676939
counter/4/0/0/0,13554:1747647661532:,1747647676939
counter/4/0/0/0,13555:1747647661532:,1747647676939
counter/4/0/0/0,13556:1747647661534:,1747647676939
counter/4/0/0/0,13557:1747647661534:,1747647676939
counter/4/0/0/0,13558:1747647661534:,1747647676939
counter/4/0/0/0,13559:1747647661534:,1747647676939
counter/4/0/0/0,13560:1747647661534:,1747647676939
counter/4/0/0/0,13561:1747647661534:,1747647676939
counter/4/0/0/0,13562:1747647661534:,1747647676939
counter/1/0/0/0,14472:1747647661366:,1747647676939
counter/4/0/0/0,13563:1747647661534:,1747647676940
counter/5/0/0/0,13359:1747647659687:,1747647676940
counter/9/0/0/0,13995:1747647659911:,1747647676941
counter/9/0/0/0,13996:1747647659911:,1747647676941
counter/9/0/0/0,13997:1747647659911:,1747647676941
counter/4/0/0/0,13564:1747647661535:,1747647676941
counter/4/0/0/0,13565:1747647661535:,1747647676941
counter/4/0/0/0,13566:1747647661535:,1747647676941
counter/4/0/0/0,13567:1747647661535:,1747647676942
counter/4/0/0/0,13568:1747647661535:,1747647676942
counter/4/0/0/0,13569:1747647661535:,1747647676942
counter/5/0/0/0,13360:1747647659687:,1747647676942
counter/3/0/0/0,14298:1747647661669:,1747647676942
counter/10/0/0/0,12663:1747647659911:,1747647676942
counter/8/0/0/0,13601:1747647659826:,1747647676942
counter/2/0/0/0,13204:1747647659606:,1747647676942
counter/1/0/0/0,14473:1747647661367:,1747647676943
counter/1/0/0/0,14474:1747647661367:,1747647676943
counter/1/0/0/0,14475:1747647661367:,1747647676943
counter/10/0/0/0,12664:1747647659911:,1747647676943
counter/4/0/0/0,13570:1747647661535:,1747647676943
counter/4/0/0/0,13571:1747647661535:,1747647676943
counter/4/0/0/0,13572:1747647661535:,1747647676943
counter/4/0/0/0,13573:1747647661536:,1747647676944
counter/4/0/0/0,13574:1747647661537:,1747647676944
counter/4/0/0/0,13575:1747647661537:,1747647676944
counter/4/0/0/0,13576:1747647661537:,1747647676944
counter/4/0/0/0,13577:1747647661537:,1747647676944
counter/4/0/0/0,13578:1747647661537:,1747647676944
counter/3/0/0/0,14299:1747647661673:,1747647676944
counter/4/0/0/0,13579:1747647661537:,1747647676944
counter/4/0/0/0,13580:1747647661537:,1747647676944
counter/4/0/0/0,13581:1747647661537:,1747647676944
counter/8/0/0/0,13602:1747647659830:,1747647676944
counter/8/0/0/0,13603:1747647659830:,1747647676944
counter/8/0/0/0,13604:1747647659830:,1747647676944
counter/8/0/0/0,13605:1747647659830:,1747647676944
counter/8/0/0/0,13606:1747647659830:,1747647676944
counter/8/0/0/0,13607:1747647659837:,1747647676944
counter/8/0/0/0,13608:1747647659838:,1747647676944
counter/2/0/0/0,13205:1747647659606:,1747647676944
counter/8/0/0/0,13609:1747647659838:,1747647676944
counter/2/0/0/0,13206:1747647659606:,1747647676944
counter/8/0/0/0,13610:1747647659838:,1747647676944
counter/2/0/0/0,13207:1747647659621:,1747647676944
counter/8/0/0/0,13611:1747647659838:,1747647676944
counter/2/0/0/0,13208:1747647659621:,1747647676945
counter/8/0/0/0,13612:1747647659838:,1747647676945
counter/2/0/0/0,13209:1747647659622:,1747647676945
counter/8/0/0/0,13613:1747647659838:,1747647676945
counter/2/0/0/0,13210:1747647659622:,1747647676945
counter/7/0/0/0,13341:1747647660531:,1747647676946
counter/8/0/0/0,13614:1747647659838:,1747647676946
counter/8/0/0/0,13615:1747647659838:,1747647676946
counter/9/0/0/0,13998:1747647659911:,1747647676946
counter/8/0/0/0,13616:1747647659838:,1747647676946
counter/9/0/0/0,13999:1747647659911:,1747647676946
counter/8/0/0/0,13617:1747647659838:,1747647676946
counter/9/0/0/0,14000:1747647659911:,1747647676947
counter/8/0/0/0,13618:1747647659838:,1747647676947
counter/9/0/0/0,14001:1747647659911:,1747647676947
counter/8/0/0/0,13619:1747647659838:,1747647676947
counter/9/0/0/0,14002:1747647659911:,1747647676947
counter/8/0/0/0,13620:1747647659838:,1747647676947
counter/9/0/0/0,14003:1747647659911:,1747647676947
counter/3/0/0/0,14300:1747647661673:,1747647676947
counter/8/0/0/0,13621:1747647659838:,1747647676947
counter/9/0/0/0,14004:1747647659911:,1747647676947
counter/10/0/0/0,12665:1747647659912:,1747647676947
counter/2/0/0/0,13211:1747647659622:,1747647676947
counter/8/0/0/0,13622:1747647659838:,1747647676947
counter/9/0/0/0,14005:1747647659911:,1747647676947
counter/2/0/0/0,13212:1747647659624:,1747647676947
counter/8/0/0/0,13623:1747647659838:,1747647676947
counter/9/0/0/0,14006:1747647659911:,1747647676947
counter/2/0/0/0,13213:1747647659624:,1747647676948
counter/2/0/0/0,13214:1747647659624:,1747647676948
counter/2/0/0/0,13215:1747647659624:,1747647676948
counter/2/0/0/0,13216:1747647659624:,1747647676948
counter/2/0/0/0,13217:1747647659624:,1747647676948
counter/2/0/0/0,13218:1747647659624:,1747647676948
counter/2/0/0/0,13219:1747647659624:,1747647676948
counter/2/0/0/0,13220:1747647659624:,1747647676948
counter/2/0/0/0,13221:1747647659624:,1747647676948
counter/5/0/0/0,13361:1747647659687:,1747647676948
counter/6/0/0/0,13165:1747647660761:,1747647676948
counter/6/0/0/0,13166:1747647660761:,1747647676948
counter/6/0/0/0,13167:1747647660762:,1747647676948
counter/2/0/0/0,13222:1747647659624:,1747647676949
counter/6/0/0/0,13168:1747647660762:,1747647676949
counter/3/0/0/0,14301:1747647661673:,1747647676949
counter/9/0/0/0,14007:1747647659911:,1747647676949
counter/3/0/0/0,14302:1747647661673:,1747647676949
counter/10/0/0/0,12666:1747647659912:,1747647676949
counter/10/0/0/0,12667:1747647659912:,1747647676949
counter/10/0/0/0,12668:1747647659912:,1747647676949
counter/10/0/0/0,12669:1747647659912:,1747647676949
counter/8/0/0/0,13624:1747647659838:,1747647676949
counter/7/0/0/0,13342:1747647660531:,1747647676949
counter/7/0/0/0,13343:1747647660531:,1747647676949
counter/7/0/0/0,13344:1747647660531:,1747647676949
counter/7/0/0/0,13345:1747647660531:,1747647676950
counter/7/0/0/0,13346:1747647660531:,1747647676950
counter/7/0/0/0,13347:1747647660531:,1747647676950
counter/7/0/0/0,13348:1747647660531:,1747647676950
counter/7/0/0/0,13349:1747647660531:,1747647676950
counter/7/0/0/0,13350:1747647660531:,1747647676950
counter/7/0/0/0,13351:1747647660535:,1747647676950
counter/7/0/0/0,13352:1747647660535:,1747647676950
counter/7/0/0/0,13353:1747647660535:,1747647676950
counter/10/0/0/0,12670:1747647659912:,1747647676950
counter/8/0/0/0,13625:1747647659839:,1747647676950
counter/8/0/0/0,13626:1747647659839:,1747647676950
counter/8/0/0/0,13627:1747647659843:,1747647676950
counter/8/0/0/0,13628:1747647659843:,1747647676950
counter/9/0/0/0,14008:1747647659911:,1747647676950
counter/7/0/0/0,13354:1747647660535:,1747647676950
counter/9/0/0/0,14009:1747647659911:,1747647676950
counter/4/0/0/0,13582:1747647661537:,1747647676952
counter/4/0/0/0,13583:1747647661537:,1747647676952
counter/4/0/0/0,13584:1747647661537:,1747647676952
counter/4/0/0/0,13585:1747647661537:,1747647676952
counter/4/0/0/0,13586:1747647661537:,1747647676952
counter/4/0/0/0,13587:1747647661537:,1747647676952
counter/4/0/0/0,13588:1747647661538:,1747647676952
counter/4/0/0/0,13589:1747647661538:,1747647676952
counter/10/0/0/0,12671:1747647659912:,1747647676954
counter/1/0/0/0,14476:1747647661367:,1747647676955
counter/1/0/0/0,14477:1747647661367:,1747647676955
counter/1/0/0/0,14478:1747647661367:,1747647676955
counter/1/0/0/0,14479:1747647661368:,1747647676955
counter/1/0/0/0,14480:1747647661368:,1747647676955
counter/8/0/0/0,13629:1747647659843:,1747647676955
counter/1/0/0/0,14481:1747647661368:,1747647676955
counter/8/0/0/0,13630:1747647659844:,1747647676955
counter/8/0/0/0,13631:1747647659844:,1747647676955
counter/8/0/0/0,13632:1747647659844:,1747647676955
counter/8/0/0/0,13633:1747647659844:,1747647676955
counter/8/0/0/0,13634:1747647659844:,1747647676955
counter/2/0/0/0,13223:1747647659624:,1747647676956
counter/6/0/0/0,13169:1747647660768:,1747647676956
counter/1/0/0/0,14482:1747647661368:,1747647676957
counter/8/0/0/0,13635:1747647659844:,1747647676958
counter/8/0/0/0,13636:1747647659844:,1747647676958
counter/8/0/0/0,13637:1747647659844:,1747647676958
counter/8/0/0/0,13638:1747647659844:,1747647676958
counter/6/0/0/0,13170:1747647660768:,1747647676958
counter/8/0/0/0,13639:1747647659844:,1747647676958
counter/6/0/0/0,13171:1747647660768:,1747647676959
counter/6/0/0/0,13172:1747647660768:,1747647676959
counter/1/0/0/0,14483:1747647661368:,1747647676959
counter/6/0/0/0,13173:1747647660771:,1747647676959
counter/2/0/0/0,13224:1747647659624:,1747647676959
counter/6/0/0/0,13174:1747647660771:,1747647676959
counter/2/0/0/0,13225:1747647659624:,1747647676959
counter/2/0/0/0,13226:1747647659624:,1747647676959
counter/2/0/0/0,13227:1747647659624:,1747647676959
counter/2/0/0/0,13228:1747647659624:,1747647676959
counter/2/0/0/0,13229:1747647659624:,1747647676959
counter/7/0/0/0,13355:1747647660535:,1747647676959
counter/9/0/0/0,14010:1747647659911:,1747647676959
counter/4/0/0/0,13590:1747647661538:,1747647676959
counter/4/0/0/0,13591:1747647661538:,1747647676959
counter/4/0/0/0,13592:1747647661538:,1747647676959
counter/4/0/0/0,13593:1747647661538:,1747647676959
counter/4/0/0/0,13594:1747647661538:,1747647676959
counter/2/0/0/0,13230:1747647659624:,1747647676961
counter/7/0/0/0,13356:1747647660535:,1747647676962
counter/9/0/0/0,14011:1747647659911:,1747647676962
counter/7/0/0/0,13357:1747647660535:,1747647676964
counter/4/0/0/0,13595:1747647661538:,1747647676964
counter/8/0/0/0,13640:1747647659844:,1747647676966
counter/8/0/0/0,13641:1747647659844:,1747647676966
counter/8/0/0/0,13642:1747647659844:,1747647676966
counter/4/0/0/0,13596:1747647661538:,1747647676967
counter/6/0/0/0,13175:1747647660799:,1747647676968
counter/10/0/0/0,12672:1747647659912:,1747647676969
counter/5/0/0/0,13362:1747647659687:,1747647676969
counter/5/0/0/0,13363:1747647659687:,1747647676969
counter/5/0/0/0,13364:1747647659690:,1747647676969
counter/5/0/0/0,13365:1747647659690:,1747647676969
counter/5/0/0/0,13366:1747647659690:,1747647676969
counter/5/0/0/0,13367:1747647659690:,1747647676969
counter/7/0/0/0,13358:1747647660535:,1747647676969
counter/9/0/0/0,14012:1747647659911:,1747647676970
counter/4/0/0/0,13597:1747647661538:,1747647676970
counter/2/0/0/0,13231:1747647659624:,1747647676970
counter/8/0/0/0,13643:1747647659844:,1747647676970
counter/8/0/0/0,13644:1747647659844:,1747647676970
counter/8/0/0/0,13645:1747647659844:,1747647676970
counter/8/0/0/0,13646:1747647659844:,1747647676970
counter/8/0/0/0,13647:1747647659844:,1747647676970
counter/8/0/0/0,13648:1747647659844:,1747647676970
counter/8/0/0/0,13649:1747647659844:,1747647676970
counter/8/0/0/0,13650:1747647659844:,1747647676970
counter/3/0/0/0,14303:1747647661673:,1747647676970
counter/3/0/0/0,14304:1747647661673:,1747647676971
counter/3/0/0/0,14305:1747647661673:,1747647676971
counter/3/0/0/0,14306:1747647661673:,1747647676971
counter/9/0/0/0,14013:1747647659913:,1747647676971
counter/4/0/0/0,13598:1747647661538:,1747647676972
counter/4/0/0/0,13599:1747647661538:,1747647676972
counter/4/0/0/0,13600:1747647661538:,1747647676972
counter/4/0/0/0,13601:1747647661538:,1747647676972
counter/6/0/0/0,13176:1747647660799:,1747647676972
counter/5/0/0/0,13368:1747647659690:,1747647676972
counter/4/0/0/0,13602:1747647661538:,1747647676973
counter/2/0/0/0,13232:1747647659624:,1747647676975
counter/5/0/0/0,13369:1747647659690:,1747647676975
counter/5/0/0/0,13370:1747647659690:,1747647676975
counter/5/0/0/0,13371:1747647659690:,1747647676975
counter/5/0/0/0,13372:1747647659690:,1747647676975
counter/5/0/0/0,13373:1747647659695:,1747647676975
counter/5/0/0/0,13374:1747647659695:,1747647676975
counter/5/0/0/0,13375:1747647659695:,1747647676975
counter/5/0/0/0,13376:1747647659695:,1747647676975
counter/5/0/0/0,13377:1747647659695:,1747647676975
counter/5/0/0/0,13378:1747647659695:,1747647676975
counter/5/0/0/0,13379:1747647659695:,1747647676975
counter/5/0/0/0,13380:1747647659698:,1747647676975
counter/4/0/0/0,13603:1747647661538:,1747647676975
counter/4/0/0/0,13604:1747647661538:,1747647676975
counter/4/0/0/0,13605:1747647661538:,1747647676975
counter/4/0/0/0,13606:1747647661538:,1747647676975
counter/4/0/0/0,13607:1747647661546:,1747647676975
counter/10/0/0/0,12673:1747647659912:,1747647676976
counter/9/0/0/0,14014:1747647659913:,1747647676976
counter/9/0/0/0,14015:1747647659913:,1747647676976
counter/9/0/0/0,14016:1747647659913:,1747647676976
counter/9/0/0/0,14017:1747647659913:,1747647676976
counter/9/0/0/0,14018:1747647659913:,1747647676976
counter/9/0/0/0,14019:1747647659915:,1747647676976
counter/9/0/0/0,14020:1747647659915:,1747647676976
counter/9/0/0/0,14021:1747647659915:,1747647676977
counter/9/0/0/0,14022:1747647659915:,1747647676977
counter/10/0/0/0,12674:1747647659912:,1747647676977
counter/7/0/0/0,13359:1747647660535:,1747647676977
counter/6/0/0/0,13177:1747647660799:,1747647676977
counter/1/0/0/0,14484:1747647661369:,1747647676978
counter/7/0/0/0,13360:1747647660535:,1747647676978
counter/7/0/0/0,13361:1747647660535:,1747647676978
counter/7/0/0/0,13362:1747647660535:,1747647676978
counter/9/0/0/0,14023:1747647659915:,1747647676980
counter/2/0/0/0,13233:1747647659624:,1747647676982
counter/3/0/0/0,14307:1747647661673:,1747647676982
counter/3/0/0/0,14308:1747647661673:,1747647676982
counter/3/0/0/0,14309:1747647661673:,1747647676982
counter/3/0/0/0,14310:1747647661673:,1747647676982
counter/3/0/0/0,14311:1747647661673:,1747647676982
counter/3/0/0/0,14312:1747647661673:,1747647676982
counter/3/0/0/0,14313:1747647661673:,1747647676982
counter/3/0/0/0,14314:1747647661689:,1747647676983
counter/3/0/0/0,14315:1747647661692:,1747647676983
counter/3/0/0/0,14316:1747647661692:,1747647676983
counter/3/0/0/0,14317:1747647661692:,1747647676983
counter/3/0/0/0,14318:1747647661692:,1747647676983
counter/3/0/0/0,14319:1747647661692:,1747647676983
counter/3/0/0/0,14320:1747647661693:,1747647676983
counter/3/0/0/0,14321:1747647661693:,1747647676983
counter/3/0/0/0,14322:1747647661693:,1747647676983
counter/3/0/0/0,14323:1747647661693:,1747647676983
counter/3/0/0/0,14324:1747647661693:,1747647676983
counter/3/0/0/0,14325:1747647661693:,1747647676983
counter/9/0/0/0,14024:1747647659915:,1747647676983
counter/9/0/0/0,14025:1747647659915:,1747647676983
counter/9/0/0/0,14026:1747647659916:,1747647676983
counter/9/0/0/0,14027:1747647659916:,1747647676983
counter/9/0/0/0,14028:1747647659916:,1747647676983
counter/9/0/0/0,14029:1747647659916:,1747647676983
counter/10/0/0/0,12675:1747647659917:,1747647676983
counter/3/0/0/0,14326:1747647661693:,1747647676983
counter/2/0/0/0,13234:1747647659624:,1747647676983
counter/1/0/0/0,14485:1747647661369:,1747647676983
counter/1/0/0/0,14486:1747647661369:,1747647676983
counter/1/0/0/0,14487:1747647661369:,1747647676984
counter/1/0/0/0,14488:1747647661369:,1747647676984
counter/1/0/0/0,14489:1747647661369:,1747647676984
counter/1/0/0/0,14490:1747647661370:,1747647676984
counter/1/0/0/0,14491:1747647661370:,1747647676984
counter/1/0/0/0,14492:1747647661371:,1747647676984
counter/1/0/0/0,14493:1747647661371:,1747647676984
counter/1/0/0/0,14494:1747647661375:,1747647676984
counter/9/0/0/0,14030:1747647659916:,1747647676984
counter/5/0/0/0,13381:1747647659698:,1747647676984
counter/1/0/0/0,14495:1747647661377:,1747647676984
counter/1/0/0/0,14496:1747647661377:,1747647676984
counter/1/0/0/0,14497:1747647661377:,1747647676984
counter/1/0/0/0,14498:1747647661377:,1747647676984
counter/1/0/0/0,14499:1747647661377:,1747647676984
counter/1/0/0/0,14500:1747647661382:,1747647676985
counter/1/0/0/0,14501:1747647661382:,1747647676985
counter/1/0/0/0,14502:1747647661382:,1747647676985
counter/1/0/0/0,14503:1747647661382:,1747647676985
counter/1/0/0/0,14504:1747647661382:,1747647676985
counter/1/0/0/0,14505:1747647661382:,1747647676985
counter/5/0/0/0,13382:1747647659698:,1747647676985
counter/1/0/0/0,14506:1747647661382:,1747647676985
counter/1/0/0/0,14507:1747647661382:,1747647676986
counter/1/0/0/0,14508:1747647661382:,1747647676986
counter/1/0/0/0,14509:1747647661382:,1747647676986
counter/1/0/0/0,14510:1747647661382:,1747647676986
counter/1/0/0/0,14511:1747647661398:,1747647676986
counter/1/0/0/0,14512:1747647661398:,1747647676986
counter/1/0/0/0,14513:1747647661398:,1747647676986
counter/1/0/0/0,14514:1747647661399:,1747647676986
counter/1/0/0/0,14515:1747647661399:,1747647676986
counter/1/0/0/0,14516:1747647661401:,1747647676986
counter/1/0/0/0,14517:1747647661402:,1747647676986
counter/1/0/0/0,14518:1747647661402:,1747647676986
counter/9/0/0/0,14031:1747647659916:,1747647676987
counter/8/0/0/0,13651:1747647659844:,1747647676987
counter/9/0/0/0,14032:1747647659916:,1747647676987
counter/9/0/0/0,14033:1747647659916:,1747647676987
counter/9/0/0/0,14034:1747647659927:,1747647676987
counter/9/0/0/0,14035:1747647659927:,1747647676987
counter/9/0/0/0,14036:1747647659927:,1747647676987
counter/9/0/0/0,14037:1747647659927:,1747647676987
counter/9/0/0/0,14038:1747647659927:,1747647676987
counter/9/0/0/0,14039:1747647659927:,1747647676987
counter/9/0/0/0,14040:1747647659927:,1747647676987
counter/9/0/0/0,14041:1747647659927:,1747647676987
counter/9/0/0/0,14042:1747647659927:,1747647676987
counter/9/0/0/0,14043:1747647659927:,1747647676987
counter/1/0/0/0,14519:1747647661402:,1747647676987
counter/9/0/0/0,14044:1747647659927:,1747647676987
counter/1/0/0/0,14520:1747647661402:,1747647676987
counter/9/0/0/0,14045:1747647659927:,1747647676987
counter/1/0/0/0,14521:1747647661402:,1747647676987
counter/8/0/0/0,13652:1747647659844:,1747647676988
counter/2/0/0/0,13235:1747647659624:,1747647676988
counter/3/0/0/0,14327:1747647661693:,1747647676988
counter/1/0/0/0,14522:1747647661402:,1747647676988
counter/1/0/0/0,14523:1747647661402:,1747647676988
counter/1/0/0/0,14524:1747647661402:,1747647676988
counter/1/0/0/0,14525:1747647661402:,1747647676988
counter/1/0/0/0,14526:1747647661402:,1747647676988
counter/1/0/0/0,14527:1747647661409:,1747647676988
counter/1/0/0/0,14528:1747647661409:,1747647676988
counter/1/0/0/0,14529:1747647661409:,1747647676988
counter/1/0/0/0,14530:1747647661409:,1747647676988
counter/6/0/0/0,13178:1747647660799:,1747647676990
counter/10/0/0/0,12676:1747647659917:,1747647676990
counter/6/0/0/0,13179:1747647660799:,1747647676991
counter/6/0/0/0,13180:1747647660799:,1747647676991
counter/6/0/0/0,13181:1747647660799:,1747647676991
counter/6/0/0/0,13182:1747647660799:,1747647676993
counter/6/0/0/0,13183:1747647660799:,1747647676993
counter/5/0/0/0,13383:1747647659698:,1747647676993
counter/6/0/0/0,13184:1747647660799:,1747647676993
counter/1/0/0/0,14531:1747647661409:,1747647676993
counter/6/0/0/0,13185:1747647660799:,1747647676993
counter/6/0/0/0,13186:1747647660799:,1747647676993
counter/7/0/0/0,13363:1747647660536:,1747647676994
counter/2/0/0/0,13236:1747647659625:,1747647676994
counter/5/0/0/0,13384:1747647659698:,1747647676994
counter/5/0/0/0,13385:1747647659698:,1747647676994
counter/5/0/0/0,13386:1747647659698:,1747647676994
counter/5/0/0/0,13387:1747647659698:,1747647676994
counter/8/0/0/0,13653:1747647659844:,1747647676994
counter/5/0/0/0,13388:1747647659698:,1747647676994
counter/8/0/0/0,13654:1747647659844:,1747647676994
counter/8/0/0/0,13655:1747647659844:,1747647676994
counter/8/0/0/0,13656:1747647659845:,1747647676994
counter/8/0/0/0,13657:1747647659845:,1747647676994
counter/8/0/0/0,13658:1747647659845:,1747647676994
counter/8/0/0/0,13659:1747647659845:,1747647676994
counter/8/0/0/0,13660:1747647659845:,1747647676994
counter/8/0/0/0,13661:1747647659845:,1747647676994
counter/8/0/0/0,13662:1747647659845:,1747647676994
counter/8/0/0/0,13663:1747647659845:,1747647676994
counter/1/0/0/0,14532:1747647661409:,1747647676995
counter/1/0/0/0,14533:1747647661415:,1747647676995
counter/7/0/0/0,13364:1747647660536:,1747647676995
counter/7/0/0/0,13365:1747647660536:,1747647676995
counter/4/0/0/0,13608:1747647661546:,1747647676995
counter/9/0/0/0,14046:1747647659927:,1747647676995
counter/1/0/0/0,14534:1747647661415:,1747647676996
counter/1/0/0/0,14535:1747647661415:,1747647676996
counter/1/0/0/0,14536:1747647661415:,1747647676996
counter/1/0/0/0,14537:1747647661415:,1747647676996
counter/7/0/0/0,13366:1747647660536:,1747647676996
counter/1/0/0/0,14538:1747647661415:,1747647676996
counter/1/0/0/0,14539:1747647661415:,1747647676996
counter/1/0/0/0,14540:1747647661415:,1747647676996
counter/7/0/0/0,13367:1747647660536:,1747647676997
counter/7/0/0/0,13368:1747647660536:,1747647676997
counter/9/0/0/0,14047:1747647659927:,1747647676997
counter/9/0/0/0,14048:1747647659927:,1747647676997
counter/9/0/0/0,14049:1747647659927:,1747647676997
counter/9/0/0/0,14050:1747647659928:,1747647676997
counter/9/0/0/0,14051:1747647659928:,1747647676997
counter/9/0/0/0,14052:1747647659928:,1747647676997
counter/9/0/0/0,14053:1747647659929:,1747647676997
counter/9/0/0/0,14054:1747647659929:,1747647676997
counter/9/0/0/0,14055:1747647659929:,1747647676997
counter/9/0/0/0,14056:1747647659929:,1747647676997
counter/9/0/0/0,14057:1747647659929:,1747647676997
counter/1/0/0/0,14541:1747647661415:,1747647676998
counter/1/0/0/0,14542:1747647661415:,1747647676998
counter/1/0/0/0,14543:1747647661415:,1747647676998
counter/1/0/0/0,14544:1747647661418:,1747647676998
counter/1/0/0/0,14545:1747647661418:,1747647676998
counter/1/0/0/0,14546:1747647661418:,1747647676998
counter/1/0/0/0,14547:1747647661418:,1747647676998
counter/1/0/0/0,14548:1747647661418:,1747647676998
counter/10/0/0/0,12677:1747647659917:,1747647676999
counter/8/0/0/0,13664:1747647659845:,1747647676999
counter/8/0/0/0,13665:1747647659845:,1747647676999
counter/6/0/0/0,13187:1747647660799:,1747647676999
counter/8/0/0/0,13666:1747647659845:,1747647676999
counter/6/0/0/0,13188:1747647660799:,1747647676999
counter/8/0/0/0,13667:1747647659845:,1747647677000
counter/6/0/0/0,13189:1747647660799:,1747647677000
counter/8/0/0/0,13668:1747647659845:,1747647677000
counter/6/0/0/0,13190:1747647660802:,1747647677000
counter/6/0/0/0,13191:1747647660802:,1747647677000
counter/6/0/0/0,13192:1747647660802:,1747647677000
counter/6/0/0/0,13193:1747647660802:,1747647677000
counter/6/0/0/0,13194:1747647660802:,1747647677000
counter/6/0/0/0,13195:1747647660802:,1747647677000
counter/6/0/0/0,13196:1747647660802:,1747647677000
counter/6/0/0/0,13197:1747647660802:,1747647677000
counter/6/0/0/0,13198:1747647660802:,1747647677000
counter/9/0/0/0,14058:1747647659929:,1747647677000
counter/1/0/0/0,14549:1747647661418:,1747647677001
counter/1/0/0/0,14550:1747647661418:,1747647677001
counter/2/0/0/0,13237:1747647659625:,1747647677002
counter/3/0/0/0,14328:1747647661693:,1747647677002
counter/3/0/0/0,14329:1747647661693:,1747647677002
counter/3/0/0/0,14330:1747647661693:,1747647677002
counter/3/0/0/0,14331:1747647661704:,1747647677002
counter/3/0/0/0,14332:1747647661704:,1747647677002
counter/3/0/0/0,14333:1747647661704:,1747647677002
counter/3/0/0/0,14334:1747647661704:,1747647677002
counter/2/0/0/0,13238:1747647659625:,1747647677003
counter/2/0/0/0,13239:1747647659625:,1747647677003
counter/2/0/0/0,13240:1747647659625:,1747647677003
counter/5/0/0/0,13389:1747647659698:,1747647677003
counter/5/0/0/0,13390:1747647659698:,1747647677003
counter/5/0/0/0,13391:1747647659698:,1747647677003
counter/3/0/0/0,14335:1747647661704:,1747647677003
counter/5/0/0/0,13392:1747647659698:,1747647677003
counter/3/0/0/0,14336:1747647661704:,1747647677003
counter/3/0/0/0,14337:1747647661704:,1747647677003
counter/3/0/0/0,14338:1747647661704:,1747647677003
counter/3/0/0/0,14339:1747647661704:,1747647677003
counter/3/0/0/0,14340:1747647661704:,1747647677004
counter/3/0/0/0,14341:1747647661704:,1747647677004
counter/4/0/0/0,13609:1747647661546:,1747647677004
counter/4/0/0/0,13610:1747647661546:,1747647677004
counter/4/0/0/0,13611:1747647661546:,1747647677004
counter/4/0/0/0,13612:1747647661546:,1747647677004
counter/4/0/0/0,13613:1747647661546:,1747647677004
counter/4/0/0/0,13614:1747647661546:,1747647677004
counter/4/0/0/0,13615:1747647661546:,1747647677004
counter/4/0/0/0,13616:1747647661549:,1747647677004
counter/4/0/0/0,13617:1747647661549:,1747647677004
counter/4/0/0/0,13618:1747647661549:,1747647677004
counter/4/0/0/0,13619:1747647661549:,1747647677005
counter/4/0/0/0,13620:1747647661549:,1747647677005
counter/4/0/0/0,13621:1747647661553:,1747647677005
counter/7/0/0/0,13369:1747647660536:,1747647677005
counter/7/0/0/0,13370:1747647660536:,1747647677010
counter/7/0/0/0,13371:1747647660536:,1747647677010
counter/7/0/0/0,13372:1747647660536:,1747647677010
counter/7/0/0/0,13373:1747647660536:,1747647677010
counter/7/0/0/0,13374:1747647660536:,1747647677010
counter/7/0/0/0,13375:1747647660536:,1747647677010
counter/9/0/0/0,14059:1747647659929:,1747647677010
counter/9/0/0/0,14060:1747647659929:,1747647677010
counter/3/0/0/0,14342:1747647661704:,1747647677010
counter/3/0/0/0,14343:1747647661705:,1747647677010
counter/3/0/0/0,14344:1747647661705:,1747647677010
counter/3/0/0/0,14345:1747647661705:,1747647677010
counter/3/0/0/0,14346:1747647661706:,1747647677010
counter/3/0/0/0,14347:1747647661706:,1747647677010
counter/3/0/0/0,14348:1747647661706:,1747647677010
counter/3/0/0/0,14349:1747647661706:,1747647677010
counter/3/0/0/0,14350:1747647661706:,1747647677011
counter/2/0/0/0,13241:1747647659633:,1747647677012
counter/2/0/0/0,13242:1747647659633:,1747647677012
counter/2/0/0/0,13243:1747647659633:,1747647677012
counter/2/0/0/0,13244:1747647659633:,1747647677012
counter/2/0/0/0,13245:1747647659633:,1747647677012
counter/4/0/0/0,13622:1747647661553:,1747647677013
counter/4/0/0/0,13623:1747647661553:,1747647677013
counter/4/0/0/0,13624:1747647661553:,1747647677013
counter/4/0/0/0,13625:1747647661553:,1747647677013
counter/4/0/0/0,13626:1747647661553:,1747647677013
counter/4/0/0/0,13627:1747647661553:,1747647677013
counter/4/0/0/0,13628:1747647661553:,1747647677013
counter/4/0/0/0,13629:1747647661554:,1747647677013
counter/4/0/0/0,13630:1747647661554:,1747647677013
counter/4/0/0/0,13631:1747647661554:,1747647677013
counter/4/0/0/0,13632:1747647661554:,1747647677013
counter/6/0/0/0,13199:1747647660802:,1747647677014
counter/4/0/0/0,13633:1747647661554:,1747647677014
counter/6/0/0/0,13200:1747647660802:,1747647677014
counter/4/0/0/0,13634:1747647661554:,1747647677014
counter/6/0/0/0,13201:1747647660802:,1747647677016
counter/6/0/0/0,13202:1747647660802:,1747647677016
counter/6/0/0/0,13203:1747647660802:,1747647677016
counter/6/0/0/0,13204:1747647660802:,1747647677016
counter/6/0/0/0,13205:1747647660802:,1747647677016
counter/6/0/0/0,13206:1747647660802:,1747647677016
counter/2/0/0/0,13246:1747647659634:,1747647677019
counter/10/0/0/0,12678:1747647659917:,1747647677019
counter/10/0/0/0,12679:1747647659917:,1747647677019
counter/2/0/0/0,13247:1747647659634:,1747647677021
counter/1/0/0/0,14551:1747647661418:,1747647677023
counter/9/0/0/0,14061:1747647659929:,1747647677023
counter/8/0/0/0,13669:1747647659845:,1747647677023
counter/9/0/0/0,14062:1747647659929:,1747647677023
counter/4/0/0/0,13635:1747647661554:,1747647677025
counter/2/0/0/0,13248:1747647659634:,1747647677026
counter/2/0/0/0,13249:1747647659634:,1747647677026
counter/2/0/0/0,13250:1747647659634:,1747647677026
counter/10/0/0/0,12680:1747647659918:,1747647677026
counter/2/0/0/0,13251:1747647659634:,1747647677026
counter/10/0/0/0,12681:1747647659918:,1747647677026
counter/10/0/0/0,12682:1747647659918:,1747647677026
counter/10/0/0/0,12683:1747647659918:,1747647677026
counter/7/0/0/0,13376:1747647660536:,1747647677027
counter/1/0/0/0,14552:1747647661418:,1747647677027
counter/1/0/0/0,14553:1747647661418:,1747647677027
counter/1/0/0/0,14554:1747647661418:,1747647677027
counter/1/0/0/0,14555:1747647661418:,1747647677028
counter/1/0/0/0,14556:1747647661420:,1747647677028
counter/1/0/0/0,14557:1747647661420:,1747647677028
counter/1/0/0/0,14558:1747647661420:,1747647677028
counter/1/0/0/0,14559:1747647661420:,1747647677028
counter/1/0/0/0,14560:1747647661420:,1747647677028
counter/1/0/0/0,14561:1747647661420:,1747647677028
counter/1/0/0/0,14562:1747647661420:,1747647677028
counter/1/0/0/0,14563:1747647661420:,1747647677028
counter/7/0/0/0,13377:1747647660536:,1747647677028
counter/7/0/0/0,13378:1747647660536:,1747647677028
counter/7/0/0/0,13379:1747647660542:,1747647677028
counter/7/0/0/0,13380:1747647660542:,1747647677028
counter/7/0/0/0,13381:1747647660542:,1747647677028
counter/7/0/0/0,13382:1747647660544:,1747647677028
counter/9/0/0/0,14063:1747647659929:,1747647677029
counter/9/0/0/0,14064:1747647659929:,1747647677029
counter/8/0/0/0,13670:1747647659845:,1747647677029
counter/8/0/0/0,13671:1747647659848:,1747647677029
counter/8/0/0/0,13672:1747647659848:,1747647677029
counter/8/0/0/0,13673:1747647659856:,1747647677029
counter/8/0/0/0,13674:1747647659856:,1747647677029
counter/8/0/0/0,13675:1747647659856:,1747647677029
counter/8/0/0/0,13676:1747647659856:,1747647677029
counter/8/0/0/0,13677:1747647659856:,1747647677029
counter/8/0/0/0,13678:1747647659856:,1747647677029
counter/8/0/0/0,13679:1747647659856:,1747647677029
counter/8/0/0/0,13680:1747647659856:,1747647677029
counter/6/0/0/0,13207:1747647660802:,1747647677029
counter/6/0/0/0,13208:1747647660802:,1747647677030
counter/6/0/0/0,13209:1747647660802:,1747647677030
counter/6/0/0/0,13210:1747647660802:,1747647677030
counter/6/0/0/0,13211:1747647660802:,1747647677030
counter/6/0/0/0,13212:1747647660802:,1747647677030
counter/6/0/0/0,13213:1747647660802:,1747647677030
counter/6/0/0/0,13214:1747647660802:,1747647677030
counter/2/0/0/0,13252:1747647659634:,1747647677030
counter/5/0/0/0,13393:1747647659698:,1747647677031
counter/5/0/0/0,13394:1747647659698:,1747647677031
counter/5/0/0/0,13395:1747647659698:,1747647677031
counter/5/0/0/0,13396:1747647659698:,1747647677031
counter/5/0/0/0,13397:1747647659698:,1747647677031
counter/5/0/0/0,13398:1747647659698:,1747647677031
counter/6/0/0/0,13215:1747647660802:,1747647677031
counter/7/0/0/0,13383:1747647660544:,1747647677031
counter/9/0/0/0,14065:1747647659929:,1747647677031
counter/1/0/0/0,14564:1747647661420:,1747647677031
counter/1/0/0/0,14565:1747647661420:,1747647677031
counter/1/0/0/0,14566:1747647661420:,1747647677031
counter/1/0/0/0,14567:1747647661420:,1747647677031
counter/1/0/0/0,14568:1747647661420:,1747647677031
counter/2/0/0/0,13253:1747647659634:,1747647677032
counter/5/0/0/0,13399:1747647659699:,1747647677032
counter/6/0/0/0,13216:1747647660802:,1747647677032
counter/6/0/0/0,13217:1747647660802:,1747647677033
counter/6/0/0/0,13218:1747647660802:,1747647677033
counter/6/0/0/0,13219:1747647660802:,1747647677033
counter/8/0/0/0,13681:1747647659856:,1747647677033
counter/8/0/0/0,13682:1747647659856:,1747647677033
counter/7/0/0/0,13384:1747647660544:,1747647677033
counter/2/0/0/0,13254:1747647659634:,1747647677033
counter/2/0/0/0,13255:1747647659634:,1747647677033
counter/2/0/0/0,13256:1747647659634:,1747647677033
counter/2/0/0/0,13257:1747647659635:,1747647677033
counter/2/0/0/0,13258:1747647659635:,1747647677033
counter/2/0/0/0,13259:1747647659635:,1747647677033
counter/2/0/0/0,13260:1747647659635:,1747647677033
counter/3/0/0/0,14351:1747647661706:,1747647677033
counter/4/0/0/0,13636:1747647661554:,1747647677034
counter/9/0/0/0,14066:1747647659929:,1747647677034
counter/9/0/0/0,14067:1747647659929:,1747647677034
counter/9/0/0/0,14068:1747647659929:,1747647677034
counter/9/0/0/0,14069:1747647659929:,1747647677034
counter/9/0/0/0,14070:1747647659941:,1747647677034
counter/9/0/0/0,14071:1747647659942:,1747647677034
counter/9/0/0/0,14072:1747647659942:,1747647677034
counter/9/0/0/0,14073:1747647659942:,1747647677034
counter/9/0/0/0,14074:1747647659942:,1747647677034
counter/9/0/0/0,14075:1747647659958:,1747647677034
counter/7/0/0/0,13385:1747647660544:,1747647677034
counter/10/0/0/0,12684:1747647659918:,1747647677035
counter/10/0/0/0,12685:1747647659918:,1747647677035
counter/10/0/0/0,12686:1747647659918:,1747647677035
counter/10/0/0/0,12687:1747647659918:,1747647677035
counter/10/0/0/0,12688:1747647659918:,1747647677035
counter/10/0/0/0,12689:1747647659918:,1747647677035
counter/10/0/0/0,12690:1747647659918:,1747647677035
counter/10/0/0/0,12691:1747647659932:,1747647677036
counter/10/0/0/0,12692:1747647659932:,1747647677036
counter/2/0/0/0,13261:1747647659635:,1747647677036
counter/2/0/0/0,13262:1747647659635:,1747647677036
counter/2/0/0/0,13263:1747647659635:,1747647677036
counter/2/0/0/0,13264:1747647659635:,1747647677036
counter/2/0/0/0,13265:1747647659635:,1747647677036
counter/2/0/0/0,13266:1747647659635:,1747647677036
counter/6/0/0/0,13220:1747647660802:,1747647677037
counter/6/0/0/0,13221:1747647660802:,1747647677037
counter/6/0/0/0,13222:1747647660802:,1747647677037
counter/6/0/0/0,13223:1747647660804:,1747647677037
counter/6/0/0/0,13224:1747647660804:,1747647677037
counter/6/0/0/0,13225:1747647660804:,1747647677037
counter/6/0/0/0,13226:1747647660804:,1747647677037
counter/6/0/0/0,13227:1747647660804:,1747647677037
counter/4/0/0/0,13637:1747647661554:,1747647677037
counter/4/0/0/0,13638:1747647661554:,1747647677037
counter/4/0/0/0,13639:1747647661554:,1747647677037
counter/4/0/0/0,13640:1747647661557:,1747647677037
counter/4/0/0/0,13641:1747647661557:,1747647677037
counter/4/0/0/0,13642:1747647661557:,1747647677037
counter/4/0/0/0,13643:1747647661557:,1747647677037
counter/2/0/0/0,13267:1747647659635:,1747647677037
counter/6/0/0/0,13228:1747647660804:,1747647677037
counter/6/0/0/0,13229:1747647660804:,1747647677037
counter/6/0/0/0,13230:1747647660804:,1747647677038
counter/3/0/0/0,14352:1747647661707:,1747647677038
counter/3/0/0/0,14353:1747647661713:,1747647677038
counter/3/0/0/0,14354:1747647661728:,1747647677038
counter/3/0/0/0,14355:1747647661729:,1747647677038
counter/3/0/0/0,14356:1747647661729:,1747647677038
counter/3/0/0/0,14357:1747647661729:,1747647677038
counter/10/0/0/0,12693:1747647659932:,1747647677038
counter/7/0/0/0,13386:1747647660544:,1747647677039
counter/3/0/0/0,14358:1747647661729:,1747647677040
counter/4/0/0/0,13644:1747647661557:,1747647677042
counter/2/0/0/0,13268:1747647659635:,1747647677042
counter/2/0/0/0,13269:1747647659635:,1747647677042
counter/2/0/0/0,13270:1747647659635:,1747647677042
counter/2/0/0/0,13271:1747647659637:,1747647677042
counter/3/0/0/0,14359:1747647661729:,1747647677044
counter/3/0/0/0,14360:1747647661729:,1747647677044
counter/3/0/0/0,14361:1747647661729:,1747647677044
counter/3/0/0/0,14362:1747647661729:,1747647677044
counter/3/0/0/0,14363:1747647661729:,1747647677044
counter/3/0/0/0,14364:1747647661729:,1747647677044
counter/3/0/0/0,14365:1747647661740:,1747647677044
counter/3/0/0/0,14366:1747647661740:,1747647677044
counter/4/0/0/0,13645:1747647661557:,1747647677044
counter/4/0/0/0,13646:1747647661557:,1747647677044
counter/4/0/0/0,13647:1747647661557:,1747647677045
counter/4/0/0/0,13648:1747647661557:,1747647677045
counter/4/0/0/0,13649:1747647661557:,1747647677045
counter/4/0/0/0,13650:1747647661557:,1747647677045
counter/4/0/0/0,13651:1747647661557:,1747647677045
counter/4/0/0/0,13652:1747647661557:,1747647677045
counter/10/0/0/0,12694:1747647659932:,1747647677045
counter/3/0/0/0,14367:1747647661740:,1747647677045
counter/3/0/0/0,14368:1747647661740:,1747647677045
counter/5/0/0/0,13400:1747647659699:,1747647677045
counter/5/0/0/0,13401:1747647659699:,1747647677045
counter/5/0/0/0,13402:1747647659699:,1747647677045
counter/9/0/0/0,14076:1747647659958:,1747647677045
counter/3/0/0/0,14369:1747647661740:,1747647677047
counter/3/0/0/0,14370:1747647661740:,1747647677047
counter/3/0/0/0,14371:1747647661740:,1747647677047
counter/3/0/0/0,14372:1747647661741:,1747647677047
counter/3/0/0/0,14373:1747647661741:,1747647677047
counter/3/0/0/0,14374:1747647661745:,1747647677048
counter/3/0/0/0,14375:1747647661745:,1747647677048
counter/3/0/0/0,14376:1747647661746:,1747647677048
counter/6/0/0/0,13231:1747647660805:,1747647677048
counter/8/0/0/0,13683:1747647659857:,1747647677051
counter/1/0/0/0,14569:1747647661421:,1747647677051
counter/1/0/0/0,14570:1747647661421:,1747647677051
counter/1/0/0/0,14571:1747647661429:,1747647677051
counter/1/0/0/0,14572:1747647661429:,1747647677051
counter/1/0/0/0,14573:1747647661429:,1747647677051
counter/1/0/0/0,14574:1747647661429:,1747647677051
counter/1/0/0/0,14575:1747647661429:,1747647677051
counter/1/0/0/0,14576:1747647661429:,1747647677051
counter/1/0/0/0,14577:1747647661429:,1747647677051
counter/1/0/0/0,14578:1747647661430:,1747647677051
counter/1/0/0/0,14579:1747647661436:,1747647677051
counter/8/0/0/0,13684:1747647659857:,1747647677051
counter/7/0/0/0,13387:1747647660545:,1747647677051
counter/7/0/0/0,13388:1747647660545:,1747647677051
counter/7/0/0/0,13389:1747647660545:,1747647677051
counter/7/0/0/0,13390:1747647660545:,1747647677051
counter/7/0/0/0,13391:1747647660545:,1747647677051
counter/7/0/0/0,13392:1747647660545:,1747647677052
counter/1/0/0/0,14580:1747647661436:,1747647677052
counter/3/0/0/0,14377:1747647661746:,1747647677052
counter/3/0/0/0,14378:1747647661746:,1747647677052
counter/3/0/0/0,14379:1747647661746:,1747647677052
counter/3/0/0/0,14380:1747647661746:,1747647677053
counter/3/0/0/0,14381:1747647661746:,1747647677053
counter/8/0/0/0,13685:1747647659857:,1747647677053
counter/6/0/0/0,13232:1747647660805:,1747647677054
counter/6/0/0/0,13233:1747647660805:,1747647677054
counter/1/0/0/0,14581:1747647661436:,1747647677054
counter/6/0/0/0,13234:1747647660805:,1747647677054
counter/6/0/0/0,13235:1747647660805:,1747647677054
counter/6/0/0/0,13236:1747647660805:,1747647677055
counter/5/0/0/0,13403:1747647659699:,1747647677056
counter/7/0/0/0,13393:1747647660545:,1747647677056
counter/2/0/0/0,13272:1747647659637:,1747647677057
counter/2/0/0/0,13273:1747647659637:,1747647677057
counter/2/0/0/0,13274:1747647659637:,1747647677057
counter/5/0/0/0,13404:1747647659699:,1747647677058
counter/9/0/0/0,14077:1747647659958:,1747647677058
counter/9/0/0/0,14078:1747647659958:,1747647677058
counter/9/0/0/0,14079:1747647659958:,1747647677058
counter/9/0/0/0,14080:1747647659958:,1747647677058
counter/9/0/0/0,14081:1747647659958:,1747647677058
counter/10/0/0/0,12695:1747647659932:,1747647677058
counter/6/0/0/0,13237:1747647660805:,1747647677058
counter/7/0/0/0,13394:1747647660545:,1747647677058
counter/6/0/0/0,13238:1747647660805:,1747647677058
counter/5/0/0/0,13405:1747647659699:,1747647677059
counter/9/0/0/0,14082:1747647659958:,1747647677059
counter/9/0/0/0,14083:1747647659958:,1747647677059
counter/9/0/0/0,14084:1747647659958:,1747647677059
counter/9/0/0/0,14085:1747647659958:,1747647677059
counter/9/0/0/0,14086:1747647659959:,1747647677059
counter/3/0/0/0,14382:1747647661751:,1747647677059
counter/7/0/0/0,13395:1747647660545:,1747647677059
counter/7/0/0/0,13396:1747647660545:,1747647677059
counter/8/0/0/0,13686:1747647659857:,1747647677061
counter/3/0/0/0,14383:1747647661751:,1747647677061
counter/5/0/0/0,13406:1747647659699:,1747647677061
counter/6/0/0/0,13239:1747647660805:,1747647677061
counter/6/0/0/0,13240:1747647660805:,1747647677061
counter/6/0/0/0,13241:1747647660805:,1747647677061
counter/6/0/0/0,13242:1747647660805:,1747647677061
counter/2/0/0/0,13275:1747647659637:,1747647677061
counter/3/0/0/0,14384:1747647661751:,1747647677062
counter/3/0/0/0,14385:1747647661751:,1747647677063
counter/3/0/0/0,14386:1747647661774:,1747647677063
counter/3/0/0/0,14387:1747647661785:,1747647677063
counter/3/0/0/0,14388:1747647661785:,1747647677063
counter/3/0/0/0,14389:1747647661785:,1747647677063
counter/8/0/0/0,13687:1747647659857:,1747647677063
counter/6/0/0/0,13243:1747647660814:,1747647677063
counter/7/0/0/0,13397:1747647660546:,1747647677064
counter/7/0/0/0,13398:1747647660546:,1747647677064
counter/7/0/0/0,13399:1747647660546:,1747647677064
counter/7/0/0/0,13400:1747647660546:,1747647677064
counter/7/0/0/0,13401:1747647660546:,1747647677064
counter/7/0/0/0,13402:1747647660549:,1747647677064
counter/7/0/0/0,13403:1747647660554:,1747647677064
counter/7/0/0/0,13404:1747647660560:,1747647677064
counter/6/0/0/0,13244:1747647660814:,1747647677064
counter/7/0/0/0,13405:1747647660560:,1747647677064
counter/6/0/0/0,13245:1747647660814:,1747647677064
counter/9/0/0/0,14087:1747647659959:,1747647677064
counter/1/0/0/0,14582:1747647661436:,1747647677065
counter/6/0/0/0,13246:1747647660814:,1747647677065
counter/1/0/0/0,14583:1747647661436:,1747647677065
counter/8/0/0/0,13688:1747647659857:,1747647677066
counter/8/0/0/0,13689:1747647659861:,1747647677066
counter/8/0/0/0,13690:1747647659861:,1747647677066
counter/8/0/0/0,13691:1747647659861:,1747647677066
counter/8/0/0/0,13692:1747647659861:,1747647677066
counter/8/0/0/0,13693:1747647659861:,1747647677066
counter/8/0/0/0,13694:1747647659861:,1747647677066
counter/8/0/0/0,13695:1747647659861:,1747647677066
counter/8/0/0/0,13696:1747647659861:,1747647677066
counter/8/0/0/0,13697:1747647659861:,1747647677066
counter/8/0/0/0,13698:1747647659861:,1747647677066
counter/8/0/0/0,13699:1747647659861:,1747647677066
counter/9/0/0/0,14088:1747647659959:,1747647677067
counter/6/0/0/0,13247:1747647660815:,1747647677067
counter/6/0/0/0,13248:1747647660815:,1747647677067
counter/6/0/0/0,13249:1747647660815:,1747647677068
counter/6/0/0/0,13250:1747647660815:,1747647677068
counter/6/0/0/0,13251:1747647660815:,1747647677068
counter/6/0/0/0,13252:1747647660815:,1747647677068
counter/1/0/0/0,14584:1747647661436:,1747647677068
counter/1/0/0/0,14585:1747647661436:,1747647677068
counter/1/0/0/0,14586:1747647661436:,1747647677068
counter/1/0/0/0,14587:1747647661436:,1747647677068
counter/5/0/0/0,13407:1747647659699:,1747647677068
counter/5/0/0/0,13408:1747647659699:,1747647677068
counter/5/0/0/0,13409:1747647659699:,1747647677068
counter/5/0/0/0,13410:1747647659699:,1747647677068
counter/5/0/0/0,13411:1747647659699:,1747647677068
counter/5/0/0/0,13412:1747647659699:,1747647677068
counter/2/0/0/0,13276:1747647659641:,1747647677068
counter/6/0/0/0,13253:1747647660815:,1747647677069
counter/2/0/0/0,13277:1747647659641:,1747647677072
counter/6/0/0/0,13254:1747647660815:,1747647677074
counter/5/0/0/0,13413:1747647659699:,1747647677074
counter/10/0/0/0,12696:1747647659932:,1747647677076
counter/3/0/0/0,14390:1747647661785:,1747647677076
counter/1/0/0/0,14588:1747647661436:,1747647677076
counter/10/0/0/0,12697:1747647659935:,1747647677076
counter/10/0/0/0,12698:1747647659935:,1747647677077
counter/8/0/0/0,13700:1747647659861:,1747647677077
counter/8/0/0/0,13701:1747647659861:,1747647677077
counter/8/0/0/0,13702:1747647659861:,1747647677077
counter/8/0/0/0,13703:1747647659861:,1747647677077
counter/8/0/0/0,13704:1747647659861:,1747647677078
counter/6/0/0/0,13255:1747647660815:,1747647677079
counter/3/0/0/0,14391:1747647661785:,1747647677080
counter/5/0/0/0,13414:1747647659699:,1747647677080
counter/3/0/0/0,14392:1747647661786:,1747647677080
counter/3/0/0/0,14393:1747647661786:,1747647677080
counter/3/0/0/0,14394:1747647661786:,1747647677080
counter/3/0/0/0,14395:1747647661791:,1747647677080
counter/3/0/0/0,14396:1747647661791:,1747647677080
counter/3/0/0/0,14397:1747647661791:,1747647677080
counter/3/0/0/0,14398:1747647661791:,1747647677080
counter/3/0/0/0,14399:1747647661791:,1747647677080
counter/3/0/0/0,14400:1747647661791:,1747647677080
counter/3/0/0/0,14401:1747647661791:,1747647677080
counter/3/0/0/0,14402:1747647661791:,1747647677081
counter/3/0/0/0,14403:1747647661791:,1747647677081
counter/3/0/0/0,14404:1747647661791:,1747647677081
counter/3/0/0/0,14405:1747647661791:,1747647677081
counter/6/0/0/0,13256:1747647660815:,1747647677081
counter/4/0/0/0,13653:1747647661557:,1747647677083
counter/4/0/0/0,13654:1747647661558:,1747647677083
counter/4/0/0/0,13655:1747647661558:,1747647677083
counter/7/0/0/0,13406:1747647660560:,1747647677083
counter/4/0/0/0,13656:1747647661558:,1747647677083
counter/4/0/0/0,13657:1747647661558:,1747647677083
counter/2/0/0/0,13278:1747647659641:,1747647677083
counter/4/0/0/0,13658:1747647661558:,1747647677083
counter/4/0/0/0,13659:1747647661558:,1747647677083
counter/4/0/0/0,13660:1747647661558:,1747647677083
counter/10/0/0/0,12699:1747647659935:,1747647677084
counter/10/0/0/0,12700:1747647659935:,1747647677084
counter/10/0/0/0,12701:1747647659935:,1747647677084
counter/9/0/0/0,14089:1747647659959:,1747647677084
counter/8/0/0/0,13705:1747647659861:,1747647677084
counter/8/0/0/0,13706:1747647659861:,1747647677084
counter/8/0/0/0,13707:1747647659862:,1747647677084
counter/7/0/0/0,13407:1747647660560:,1747647677084
counter/1/0/0/0,14589:1747647661436:,1747647677086
counter/1/0/0/0,14590:1747647661436:,1747647677086
counter/2/0/0/0,13279:1747647659644:,1747647677086
counter/3/0/0/0,14406:1747647661791:,1747647677086
counter/3/0/0/0,14407:1747647661791:,1747647677086
counter/3/0/0/0,14408:1747647661791:,1747647677086
counter/3/0/0/0,14409:1747647661794:,1747647677086
counter/3/0/0/0,14410:1747647661794:,1747647677086
counter/3/0/0/0,14411:1747647661794:,1747647677086
counter/5/0/0/0,13415:1747647659699:,1747647677086
counter/5/0/0/0,13416:1747647659699:,1747647677086
counter/5/0/0/0,13417:1747647659703:,1747647677087
counter/5/0/0/0,13418:1747647659703:,1747647677087
counter/5/0/0/0,13419:1747647659707:,1747647677087
counter/5/0/0/0,13420:1747647659709:,1747647677087
counter/1/0/0/0,14591:1747647661436:,1747647677088
counter/1/0/0/0,14592:1747647661436:,1747647677088
counter/1/0/0/0,14593:1747647661436:,1747647677088
counter/1/0/0/0,14594:1747647661436:,1747647677088
counter/1/0/0/0,14595:1747647661437:,1747647677088
counter/1/0/0/0,14596:1747647661437:,1747647677088
counter/1/0/0/0,14597:1747647661437:,1747647677088
counter/1/0/0/0,14598:1747647661437:,1747647677088
counter/1/0/0/0,14599:1747647661437:,1747647677088
counter/1/0/0/0,14600:1747647661437:,1747647677088
counter/1/0/0/0,14601:1747647661445:,1747647677088
counter/1/0/0/0,14602:1747647661445:,1747647677089
counter/1/0/0/0,14603:1747647661445:,1747647677089
counter/10/0/0/0,12702:1747647659935:,1747647677089
counter/10/0/0/0,12703:1747647659935:,1747647677089
counter/10/0/0/0,12704:1747647659935:,1747647677089
counter/10/0/0/0,12705:1747647659935:,1747647677089
counter/10/0/0/0,12706:1747647659935:,1747647677089
counter/10/0/0/0,12707:1747647659935:,1747647677089
counter/10/0/0/0,12708:1747647659935:,1747647677089
counter/10/0/0/0,12709:1747647659935:,1747647677089
counter/10/0/0/0,12710:1747647659935:,1747647677089
counter/10/0/0/0,12711:1747647659935:,1747647677089
counter/10/0/0/0,12712:1747647659935:,1747647677089
counter/6/0/0/0,13257:1747647660818:,1747647677089
counter/3/0/0/0,14412:1747647661794:,1747647677090
counter/5/0/0/0,13421:1747647659709:,1747647677090
counter/2/0/0/0,13280:1747647659644:,1747647677090
counter/4/0/0/0,13661:1747647661558:,1747647677090
counter/4/0/0/0,13662:1747647661558:,1747647677090
counter/4/0/0/0,13663:1747647661558:,1747647677090
counter/4/0/0/0,13664:1747647661559:,1747647677090
counter/4/0/0/0,13665:1747647661559:,1747647677090
counter/4/0/0/0,13666:1747647661559:,1747647677090
counter/4/0/0/0,13667:1747647661559:,1747647677090
counter/4/0/0/0,13668:1747647661559:,1747647677091
counter/4/0/0/0,13669:1747647661559:,1747647677091
counter/4/0/0/0,13670:1747647661559:,1747647677091
counter/4/0/0/0,13671:1747647661562:,1747647677091
counter/4/0/0/0,13672:1747647661562:,1747647677091
counter/6/0/0/0,13258:1747647660818:,1747647677093
counter/4/0/0/0,13673:1747647661562:,1747647677093
counter/4/0/0/0,13674:1747647661562:,1747647677093
counter/4/0/0/0,13675:1747647661562:,1747647677093
counter/4/0/0/0,13676:1747647661568:,1747647677093
counter/4/0/0/0,13677:1747647661568:,1747647677093
counter/4/0/0/0,13678:1747647661569:,1747647677093
counter/4/0/0/0,13679:1747647661569:,1747647677093
counter/1/0/0/0,14604:1747647661445:,1747647677094
counter/4/0/0/0,13680:1747647661569:,1747647677094
counter/4/0/0/0,13681:1747647661569:,1747647677094
counter/4/0/0/0,13682:1747647661569:,1747647677094
counter/8/0/0/0,13708:1747647659862:,1747647677094
counter/8/0/0/0,13709:1747647659862:,1747647677094
counter/1/0/0/0,14605:1747647661446:,1747647677094
counter/8/0/0/0,13710:1747647659862:,1747647677094
counter/1/0/0/0,14606:1747647661446:,1747647677095
counter/1/0/0/0,14607:1747647661452:,1747647677095
counter/1/0/0/0,14608:1747647661456:,1747647677095
counter/1/0/0/0,14609:1747647661456:,1747647677095
counter/1/0/0/0,14610:1747647661456:,1747647677095
counter/1/0/0/0,14611:1747647661456:,1747647677095
counter/2/0/0/0,13281:1747647659644:,1747647677095
counter/4/0/0/0,13683:1747647661569:,1747647677096
counter/10/0/0/0,12713:1747647659935:,1747647677096
counter/6/0/0/0,13259:1747647660818:,1747647677096
counter/10/0/0/0,12714:1747647659935:,1747647677096
counter/10/0/0/0,12715:1747647659942:,1747647677096
counter/6/0/0/0,13260:1747647660818:,1747647677096
counter/4/0/0/0,13684:1747647661569:,1747647677096
counter/4/0/0/0,13685:1747647661569:,1747647677097
counter/4/0/0/0,13686:1747647661569:,1747647677097
counter/4/0/0/0,13687:1747647661569:,1747647677097
counter/4/0/0/0,13688:1747647661569:,1747647677097
counter/4/0/0/0,13689:1747647661569:,1747647677097
counter/4/0/0/0,13690:1747647661569:,1747647677097
counter/4/0/0/0,13691:1747647661569:,1747647677097
counter/4/0/0/0,13692:1747647661571:,1747647677097
counter/4/0/0/0,13693:1747647661571:,1747647677097
counter/4/0/0/0,13694:1747647661572:,1747647677097
counter/3/0/0/0,14413:1747647661794:,1747647677097
counter/3/0/0/0,14414:1747647661794:,1747647677097
counter/3/0/0/0,14415:1747647661794:,1747647677097
counter/3/0/0/0,14416:1747647661794:,1747647677098
counter/7/0/0/0,13408:1747647660560:,1747647677099
counter/7/0/0/0,13409:1747647660560:,1747647677099
counter/9/0/0/0,14090:1747647659959:,1747647677099
counter/5/0/0/0,13422:1747647659709:,1747647677100
counter/5/0/0/0,13423:1747647659709:,1747647677100
counter/5/0/0/0,13424:1747647659709:,1747647677100
counter/5/0/0/0,13425:1747647659709:,1747647677100
counter/5/0/0/0,13426:1747647659709:,1747647677100
counter/5/0/0/0,13427:1747647659709:,1747647677100
counter/5/0/0/0,13428:1747647659709:,1747647677100
counter/5/0/0/0,13429:1747647659709:,1747647677100
counter/5/0/0/0,13430:1747647659711:,1747647677100
counter/5/0/0/0,13431:1747647659711:,1747647677100
counter/5/0/0/0,13432:1747647659711:,1747647677100
counter/5/0/0/0,13433:1747647659711:,1747647677100
counter/5/0/0/0,13434:1747647659711:,1747647677100
counter/2/0/0/0,13282:1747647659644:,1747647677100
counter/2/0/0/0,13283:1747647659644:,1747647677100
counter/2/0/0/0,13284:1747647659644:,1747647677100
counter/2/0/0/0,13285:1747647659644:,1747647677100
counter/1/0/0/0,14612:1747647661456:,1747647677101
counter/1/0/0/0,14613:1747647661456:,1747647677101
counter/1/0/0/0,14614:1747647661456:,1747647677101
counter/1/0/0/0,14615:1747647661456:,1747647677101
counter/1/0/0/0,14616:1747647661456:,1747647677101
counter/6/0/0/0,13261:1747647660818:,1747647677101
counter/3/0/0/0,14417:1747647661795:,1747647677106
counter/1/0/0/0,14617:1747647661456:,1747647677106
counter/1/0/0/0,14618:1747647661456:,1747647677106
counter/6/0/0/0,13262:1747647660818:,1747647677106
counter/6/0/0/0,13263:1747647660818:,1747647677106
counter/6/0/0/0,13264:1747647660818:,1747647677106
counter/6/0/0/0,13265:1747647660818:,1747647677106
counter/6/0/0/0,13266:1747647660819:,1747647677106
counter/7/0/0/0,13410:1747647660560:,1747647677107
counter/5/0/0/0,13435:1747647659711:,1747647677107
counter/5/0/0/0,13436:1747647659711:,1747647677107
counter/5/0/0/0,13437:1747647659711:,1747647677107
counter/2/0/0/0,13286:1747647659644:,1747647677107
counter/8/0/0/0,13711:1747647659862:,1747647677107
counter/2/0/0/0,13287:1747647659644:,1747647677107
counter/2/0/0/0,13288:1747647659644:,1747647677108
counter/1/0/0/0,14619:1747647661456:,1747647677109
counter/2/0/0/0,13289:1747647659644:,1747647677109
counter/7/0/0/0,13411:1747647660561:,1747647677109
counter/6/0/0/0,13267:1747647660819:,1747647677110
counter/10/0/0/0,12716:1747647659942:,1747647677111
counter/10/0/0/0,12717:1747647659942:,1747647677111
counter/10/0/0/0,12718:1747647659942:,1747647677111
counter/10/0/0/0,12719:1747647659942:,1747647677111
counter/10/0/0/0,12720:1747647659942:,1747647677111
counter/10/0/0/0,12721:1747647659942:,1747647677111
counter/10/0/0/0,12722:1747647659942:,1747647677111
counter/10/0/0/0,12723:1747647659942:,1747647677111
counter/10/0/0/0,12724:1747647659942:,1747647677111
counter/10/0/0/0,12725:1747647659942:,1747647677111
counter/10/0/0/0,12726:1747647659942:,1747647677111
counter/10/0/0/0,12727:1747647659942:,1747647677111
counter/2/0/0/0,13290:1747647659644:,1747647677112
counter/7/0/0/0,13412:1747647660561:,1747647677114
counter/7/0/0/0,13413:1747647660561:,1747647677114
counter/7/0/0/0,13414:1747647660561:,1747647677114
counter/7/0/0/0,13415:1747647660561:,1747647677114
counter/7/0/0/0,13416:1747647660561:,1747647677114
counter/7/0/0/0,13417:1747647660561:,1747647677114
counter/7/0/0/0,13418:1747647660561:,1747647677114
counter/7/0/0/0,13419:1747647660561:,1747647677114
counter/9/0/0/0,14091:1747647659959:,1747647677114
counter/9/0/0/0,14092:1747647659959:,1747647677114
counter/9/0/0/0,14093:1747647659959:,1747647677114
counter/9/0/0/0,14094:1747647659959:,1747647677114
counter/5/0/0/0,13438:1747647659711:,1747647677116
counter/7/0/0/0,13420:1747647660566:,1747647677116
counter/7/0/0/0,13421:1747647660566:,1747647677116
counter/7/0/0/0,13422:1747647660566:,1747647677116
counter/7/0/0/0,13423:1747647660566:,1747647677117
counter/4/0/0/0,13695:1747647661572:,1747647677117
counter/4/0/0/0,13696:1747647661572:,1747647677117
counter/4/0/0/0,13697:1747647661572:,1747647677118
counter/7/0/0/0,13424:1747647660566:,1747647677118
counter/4/0/0/0,13698:1747647661572:,1747647677118
counter/1/0/0/0,14620:1747647661461:,1747647677119
counter/1/0/0/0,14621:1747647661461:,1747647677120
counter/1/0/0/0,14622:1747647661461:,1747647677120
counter/1/0/0/0,14623:1747647661461:,1747647677120
counter/1/0/0/0,14624:1747647661462:,1747647677120
counter/1/0/0/0,14625:1747647661462:,1747647677120
counter/1/0/0/0,14626:1747647661462:,1747647677120
counter/1/0/0/0,14627:1747647661463:,1747647677120
counter/1/0/0/0,14628:1747647661466:,1747647677120
counter/1/0/0/0,14629:1747647661466:,1747647677120
counter/1/0/0/0,14630:1747647661466:,1747647677120
counter/1/0/0/0,14631:1747647661466:,1747647677120
counter/4/0/0/0,13699:1747647661572:,1747647677120
counter/2/0/0/0,13291:1747647659644:,1747647677120
counter/7/0/0/0,13425:1747647660566:,1747647677121
counter/1/0/0/0,14632:1747647661466:,1747647677121
counter/3/0/0/0,14418:1747647661796:,1747647677121
counter/6/0/0/0,13268:1747647660819:,1747647677121
counter/6/0/0/0,13269:1747647660831:,1747647677122
counter/6/0/0/0,13270:1747647660831:,1747647677122
counter/6/0/0/0,13271:1747647660839:,1747647677122
counter/6/0/0/0,13272:1747647660840:,1747647677122
counter/6/0/0/0,13273:1747647660842:,1747647677122
counter/6/0/0/0,13274:1747647660842:,1747647677122
counter/7/0/0/0,13426:1747647660566:,1747647677122
counter/6/0/0/0,13275:1747647660842:,1747647677124
counter/6/0/0/0,13276:1747647660842:,1747647677124
counter/6/0/0/0,13277:1747647660842:,1747647677124
counter/6/0/0/0,13278:1747647660842:,1747647677124
counter/6/0/0/0,13279:1747647660842:,1747647677124
counter/6/0/0/0,13280:1747647660842:,1747647677124
counter/7/0/0/0,13427:1747647660566:,1747647677124
counter/1/0/0/0,14633:1747647661466:,1747647677127
counter/2/0/0/0,13292:1747647659644:,1747647677127
counter/2/0/0/0,13293:1747647659645:,1747647677127
counter/2/0/0/0,13294:1747647659645:,1747647677127
counter/2/0/0/0,13295:1747647659645:,1747647677127
counter/2/0/0/0,13296:1747647659645:,1747647677127
counter/2/0/0/0,13297:1747647659645:,1747647677127
counter/2/0/0/0,13298:1747647659645:,1747647677128
counter/7/0/0/0,13428:1747647660566:,1747647677128
counter/2/0/0/0,13299:1747647659645:,1747647677129
counter/4/0/0/0,13700:1747647661572:,1747647677129
counter/1/0/0/0,14634:1747647661466:,1747647677129
counter/4/0/0/0,13701:1747647661572:,1747647677130
counter/7/0/0/0,13429:1747647660566:,1747647677130
counter/4/0/0/0,13702:1747647661572:,1747647677131
counter/7/0/0/0,13430:1747647660566:,1747647677131
counter/7/0/0/0,13431:1747647660581:,1747647677131
counter/7/0/0/0,13432:1747647660582:,1747647677131
counter/7/0/0/0,13433:1747647660582:,1747647677131
counter/7/0/0/0,13434:1747647660582:,1747647677131
counter/7/0/0/0,13435:1747647660582:,1747647677131
counter/6/0/0/0,13281:1747647660845:,1747647677132
counter/2/0/0/0,13300:1747647659645:,1747647677132
counter/2/0/0/0,13301:1747647659645:,1747647677133
counter/6/0/0/0,13282:1747647660845:,1747647677133
counter/6/0/0/0,13283:1747647660845:,1747647677133
counter/6/0/0/0,13284:1747647660845:,1747647677133
counter/6/0/0/0,13285:1747647660845:,1747647677134
counter/6/0/0/0,13286:1747647660845:,1747647677134
counter/6/0/0/0,13287:1747647660845:,1747647677134
counter/6/0/0/0,13288:1747647660845:,1747647677134
counter/6/0/0/0,13289:1747647660846:,1747647677134
counter/6/0/0/0,13290:1747647660846:,1747647677134
counter/6/0/0/0,13291:1747647660846:,1747647677134
counter/6/0/0/0,13292:1747647660846:,1747647677134
counter/6/0/0/0,13293:1747647660847:,1747647677134
counter/9/0/0/0,14095:1747647659959:,1747647677135
counter/1/0/0/0,14635:1747647661466:,1747647677135
counter/8/0/0/0,13712:1747647659862:,1747647677135
counter/7/0/0/0,13436:1747647660582:,1747647677136
counter/7/0/0/0,13437:1747647660583:,1747647677136
counter/8/0/0/0,13713:1747647659862:,1747647677136
counter/7/0/0/0,13438:1747647660587:,1747647677136
counter/7/0/0/0,13439:1747647660589:,1747647677136
counter/5/0/0/0,13439:1747647659711:,1747647677137
counter/3/0/0/0,14419:1747647661796:,1747647677137
counter/1/0/0/0,14636:1747647661466:,1747647677137
counter/8/0/0/0,13714:1747647659862:,1747647677137
counter/6/0/0/0,13294:1747647660847:,1747647677139
counter/6/0/0/0,13295:1747647660847:,1747647677139
counter/6/0/0/0,13296:1747647660847:,1747647677139
counter/6/0/0/0,13297:1747647660868:,1747647677139
counter/6/0/0/0,13298:1747647660868:,1747647677139
counter/9/0/0/0,14096:1747647659959:,1747647677140
counter/5/0/0/0,13440:1747647659711:,1747647677140
counter/5/0/0/0,13441:1747647659711:,1747647677140
counter/8/0/0/0,13715:1747647659862:,1747647677140
counter/7/0/0/0,13440:1747647660589:,1747647677140
counter/7/0/0/0,13441:1747647660589:,1747647677140
counter/7/0/0/0,13442:1747647660589:,1747647677140
counter/10/0/0/0,12728:1747647659942:,1747647677140
counter/10/0/0/0,12729:1747647659942:,1747647677140
counter/4/0/0/0,13703:1747647661572:,1747647677140
counter/4/0/0/0,13704:1747647661572:,1747647677140
counter/6/0/0/0,13299:1747647660868:,1747647677140
counter/5/0/0/0,13442:1747647659714:,1747647677141
counter/7/0/0/0,13443:1747647660589:,1747647677141
counter/2/0/0/0,13302:1747647659645:,1747647677141
counter/10/0/0/0,12730:1747647659942:,1747647677142
counter/5/0/0/0,13443:1747647659717:,1747647677143
counter/5/0/0/0,13444:1747647659720:,1747647677143
counter/5/0/0/0,13445:1747647659720:,1747647677143
counter/5/0/0/0,13446:1747647659720:,1747647677143
counter/5/0/0/0,13447:1747647659720:,1747647677143
counter/5/0/0/0,13448:1747647659720:,1747647677143
counter/5/0/0/0,13449:1747647659720:,1747647677143
counter/9/0/0/0,14097:1747647659959:,1747647677143
counter/4/0/0/0,13705:1747647661572:,1747647677144
counter/4/0/0/0,13706:1747647661573:,1747647677144
counter/4/0/0/0,13707:1747647661573:,1747647677144
counter/4/0/0/0,13708:1747647661589:,1747647677144
counter/6/0/0/0,13300:1747647660868:,1747647677144
counter/6/0/0/0,13301:1747647660868:,1747647677144
counter/5/0/0/0,13450:1747647659720:,1747647677144
counter/9/0/0/0,14098:1747647659959:,1747647677144
counter/5/0/0/0,13451:1747647659720:,1747647677145
counter/1/0/0/0,14637:1747647661466:,1747647677145
counter/3/0/0/0,14420:1747647661807:,1747647677145
counter/8/0/0/0,13716:1747647659862:,1747647677145
counter/8/0/0/0,13717:1747647659862:,1747647677145
counter/7/0/0/0,13444:1747647660589:,1747647677145
counter/4/0/0/0,13709:1747647661590:,1747647677146
counter/10/0/0/0,12731:1747647659942:,1747647677146
counter/6/0/0/0,13302:1747647660868:,1747647677146
counter/8/0/0/0,13718:1747647659862:,1747647677147
counter/9/0/0/0,14099:1747647659959:,1747647677148
counter/1/0/0/0,14638:1747647661466:,1747647677148
counter/1/0/0/0,14639:1747647661466:,1747647677148
counter/1/0/0/0,14640:1747647661466:,1747647677148
counter/8/0/0/0,13719:1747647659862:,1747647677149
counter/1/0/0/0,14641:1747647661466:,1747647677149
counter/1/0/0/0,14642:1747647661466:,1747647677149
counter/1/0/0/0,14643:1747647661466:,1747647677149
counter/3/0/0/0,14421:1747647661813:,1747647677149
counter/1/0/0/0,14644:1747647661466:,1747647677149
counter/3/0/0/0,14422:1747647661820:,1747647677149
counter/1/0/0/0,14645:1747647661472:,1747647677150
counter/7/0/0/0,13445:1747647660589:,1747647677150
counter/3/0/0/0,14423:1747647661820:,1747647677150
counter/3/0/0/0,14424:1747647661820:,1747647677150
counter/3/0/0/0,14425:1747647661820:,1747647677150
counter/6/0/0/0,13303:1747647660868:,1747647677150
counter/10/0/0/0,12732:1747647659944:,1747647677150
counter/10/0/0/0,12733:1747647659944:,1747647677150
counter/10/0/0/0,12734:1747647659944:,1747647677150
counter/10/0/0/0,12735:1747647659944:,1747647677150
counter/9/0/0/0,14100:1747647659959:,1747647677151
counter/7/0/0/0,13446:1747647660589:,1747647677151
counter/1/0/0/0,14646:1747647661472:,1747647677151
counter/10/0/0/0,12736:1747647659944:,1747647677151
counter/10/0/0/0,12737:1747647659944:,1747647677151
counter/3/0/0/0,14426:1747647661828:,1747647677152
counter/3/0/0/0,14427:1747647661828:,1747647677152
counter/8/0/0/0,13720:1747647659862:,1747647677152
counter/3/0/0/0,14428:1747647661828:,1747647677152
counter/3/0/0/0,14429:1747647661828:,1747647677152
counter/3/0/0/0,14430:1747647661828:,1747647677152
counter/3/0/0/0,14431:1747647661828:,1747647677152
counter/3/0/0/0,14432:1747647661828:,1747647677152
counter/3/0/0/0,14433:1747647661828:,1747647677152
counter/3/0/0/0,14434:1747647661828:,1747647677152
counter/3/0/0/0,14435:1747647661829:,1747647677152
counter/4/0/0/0,13710:1747647661590:,1747647677152
counter/4/0/0/0,13711:1747647661590:,1747647677153
counter/4/0/0/0,13712:1747647661590:,1747647677153
counter/4/0/0/0,13713:1747647661590:,1747647677153
counter/4/0/0/0,13714:1747647661590:,1747647677153
counter/7/0/0/0,13447:1747647660589:,1747647677153
counter/5/0/0/0,13452:1747647659720:,1747647677154
counter/5/0/0/0,13453:1747647659720:,1747647677154
counter/5/0/0/0,13454:1747647659720:,1747647677154
counter/5/0/0/0,13455:1747647659722:,1747647677154
counter/5/0/0/0,13456:1747647659722:,1747647677154
counter/5/0/0/0,13457:1747647659740:,1747647677154
counter/5/0/0/0,13458:1747647659748:,1747647677154
counter/5/0/0/0,13459:1747647659748:,1747647677155
counter/1/0/0/0,14647:1747647661472:,1747647677155
counter/3/0/0/0,14436:1747647661829:,1747647677155
counter/3/0/0/0,14437:1747647661829:,1747647677155
counter/3/0/0/0,14438:1747647661829:,1747647677155
counter/3/0/0/0,14439:1747647661829:,1747647677155
counter/3/0/0/0,14440:1747647661829:,1747647677155
counter/3/0/0/0,14441:1747647661829:,1747647677155
counter/3/0/0/0,14442:1747647661829:,1747647677155
counter/3/0/0/0,14443:1747647661829:,1747647677155
counter/3/0/0/0,14444:1747647661831:,1747647677156
counter/8/0/0/0,13721:1747647659862:,1747647677156
counter/8/0/0/0,13722:1747647659862:,1747647677156
counter/8/0/0/0,13723:1747647659862:,1747647677156
counter/1/0/0/0,14648:1747647661472:,1747647677156
counter/1/0/0/0,14649:1747647661472:,1747647677156
counter/1/0/0/0,14650:1747647661472:,1747647677156
counter/1/0/0/0,14651:1747647661473:,1747647677156
counter/1/0/0/0,14652:1747647661473:,1747647677156
counter/1/0/0/0,14653:1747647661473:,1747647677156
counter/1/0/0/0,14654:1747647661473:,1747647677156
counter/1/0/0/0,14655:1747647661473:,1747647677156
counter/1/0/0/0,14656:1747647661473:,1747647677156
counter/1/0/0/0,14657:1747647661473:,1747647677156
counter/1/0/0/0,14658:1747647661473:,1747647677156
counter/1/0/0/0,14659:1747647661485:,1747647677156
counter/4/0/0/0,13715:1747647661607:,1747647677157
counter/4/0/0/0,13716:1747647661607:,1747647677157
counter/4/0/0/0,13717:1747647661607:,1747647677157
counter/4/0/0/0,13718:1747647661607:,1747647677157
counter/4/0/0/0,13719:1747647661607:,1747647677157
counter/4/0/0/0,13720:1747647661610:,1747647677157
counter/3/0/0/0,14445:1747647661831:,1747647677158
counter/1/0/0/0,14660:1747647661485:,1747647677158
counter/5/0/0/0,13460:1747647659748:,1747647677158
counter/5/0/0/0,13461:1747647659748:,1747647677158
counter/5/0/0/0,13462:1747647659748:,1747647677158
counter/7/0/0/0,13448:1747647660595:,1747647677158
counter/7/0/0/0,13449:1747647660595:,1747647677158
counter/2/0/0/0,13303:1747647659645:,1747647677159
counter/2/0/0/0,13304:1747647659645:,1747647677159
counter/2/0/0/0,13305:1747647659645:,1747647677159
counter/2/0/0/0,13306:1747647659645:,1747647677159
counter/8/0/0/0,13724:1747647659862:,1747647677159
counter/6/0/0/0,13304:1747647660872:,1747647677159
counter/1/0/0/0,14661:1747647661485:,1747647677159
counter/6/0/0/0,13305:1747647660873:,1747647677159
counter/6/0/0/0,13306:1747647660873:,1747647677159
counter/6/0/0/0,13307:1747647660873:,1747647677160
counter/4/0/0/0,13721:1747647661631:,1747647677160
counter/6/0/0/0,13308:1747647660873:,1747647677160
counter/6/0/0/0,13309:1747647660873:,1747647677160
counter/6/0/0/0,13310:1747647660873:,1747647677161
counter/7/0/0/0,13450:1747647660595:,1747647677161
counter/9/0/0/0,14101:1747647659962:,1747647677161
counter/4/0/0/0,13722:1747647661631:,1747647677161
counter/4/0/0/0,13723:1747647661631:,1747647677161
counter/2/0/0/0,13307:1747647659645:,1747647677161
counter/5/0/0/0,13463:1747647659748:,1747647677162
counter/5/0/0/0,13464:1747647659748:,1747647677162
counter/6/0/0/0,13311:1747647660873:,1747647677162
counter/6/0/0/0,13312:1747647660873:,1747647677163
counter/2/0/0/0,13308:1747647659645:,1747647677163
counter/2/0/0/0,13309:1747647659645:,1747647677163
counter/6/0/0/0,13313:1747647660873:,1747647677164
counter/6/0/0/0,13314:1747647660873:,1747647677164
counter/6/0/0/0,13315:1747647660873:,1747647677165
counter/6/0/0/0,13316:1747647660873:,1747647677165
counter/8/0/0/0,13725:1747647659862:,1747647677165
counter/8/0/0/0,13726:1747647659862:,1747647677165
counter/8/0/0/0,13727:1747647659862:,1747647677165
counter/8/0/0/0,13728:1747647659863:,1747647677165
counter/8/0/0/0,13729:1747647659863:,1747647677165
counter/7/0/0/0,13451:1747647660595:,1747647677166
counter/7/0/0/0,13452:1747647660595:,1747647677167
counter/2/0/0/0,13310:1747647659645:,1747647677167
counter/2/0/0/0,13311:1747647659645:,1747647677167
counter/10/0/0/0,12738:1747647659944:,1747647677167
counter/1/0/0/0,14662:1747647661485:,1747647677167
counter/10/0/0/0,12739:1747647659944:,1747647677167
counter/7/0/0/0,13453:1747647660595:,1747647677168
counter/4/0/0/0,13724:1747647661631:,1747647677169
counter/2/0/0/0,13312:1747647659649:,1747647677169
counter/2/0/0/0,13313:1747647659650:,1747647677169
counter/2/0/0/0,13314:1747647659651:,1747647677169
counter/7/0/0/0,13454:1747647660595:,1747647677169
counter/5/0/0/0,13465:1747647659749:,1747647677169
counter/3/0/0/0,14446:1747647661831:,1747647677169
counter/1/0/0/0,14663:1747647661485:,1747647677169
counter/10/0/0/0,12740:1747647659944:,1747647677170
counter/2/0/0/0,13315:1747647659651:,1747647677170
counter/6/0/0/0,13317:1747647660873:,1747647677170
counter/6/0/0/0,13318:1747647660873:,1747647677170
counter/6/0/0/0,13319:1747647660873:,1747647677170
counter/6/0/0/0,13320:1747647660873:,1747647677170
counter/6/0/0/0,13321:1747647660873:,1747647677171
counter/6/0/0/0,13322:1747647660873:,1747647677171
counter/6/0/0/0,13323:1747647660873:,1747647677171
counter/6/0/0/0,13324:1747647660873:,1747647677171
counter/9/0/0/0,14102:1747647659962:,1747647677171
counter/9/0/0/0,14103:1747647659962:,1747647677171
counter/4/0/0/0,13725:1747647661632:,1747647677171
counter/4/0/0/0,13726:1747647661632:,1747647677171
counter/4/0/0/0,13727:1747647661632:,1747647677171
counter/4/0/0/0,13728:1747647661632:,1747647677171
counter/5/0/0/0,13466:1747647659749:,1747647677171
counter/8/0/0/0,13730:1747647659863:,1747647677172
counter/8/0/0/0,13731:1747647659870:,1747647677172
counter/8/0/0/0,13732:1747647659871:,1747647677172
counter/8/0/0/0,13733:1747647659871:,1747647677172
counter/8/0/0/0,13734:1747647659871:,1747647677172
counter/8/0/0/0,13735:1747647659871:,1747647677172
counter/8/0/0/0,13736:1747647659871:,1747647677172
counter/8/0/0/0,13737:1747647659871:,1747647677172
counter/8/0/0/0,13738:1747647659871:,1747647677172
counter/8/0/0/0,13739:1747647659871:,1747647677172
counter/3/0/0/0,14447:1747647661831:,1747647677173
counter/6/0/0/0,13325:1747647660873:,1747647677173
counter/9/0/0/0,14104:1747647659964:,1747647677173
counter/2/0/0/0,13316:1747647659651:,1747647677173
counter/2/0/0/0,13317:1747647659652:,1747647677173
counter/8/0/0/0,13740:1747647659871:,1747647677173
counter/8/0/0/0,13741:1747647659872:,1747647677173
counter/8/0/0/0,13742:1747647659872:,1747647677173
counter/10/0/0/0,12741:1747647659944:,1747647677174
counter/10/0/0/0,12742:1747647659944:,1747647677174
counter/10/0/0/0,12743:1747647659944:,1747647677174
counter/9/0/0/0,14105:1747647659964:,1747647677174
counter/7/0/0/0,13455:1747647660595:,1747647677175
counter/9/0/0/0,14106:1747647659964:,1747647677175
counter/9/0/0/0,14107:1747647659964:,1747647677175
counter/3/0/0/0,14448:1747647661831:,1747647677175
counter/3/0/0/0,14449:1747647661831:,1747647677175
counter/3/0/0/0,14450:1747647661831:,1747647677175
counter/3/0/0/0,14451:1747647661831:,1747647677175
counter/5/0/0/0,13467:1747647659749:,1747647677175
counter/5/0/0/0,13468:1747647659749:,1747647677176
counter/2/0/0/0,13318:1747647659652:,1747647677176
counter/8/0/0/0,13743:1747647659872:,1747647677176
counter/8/0/0/0,13744:1747647659872:,1747647677176
counter/8/0/0/0,13745:1747647659875:,1747647677176
counter/8/0/0/0,13746:1747647659875:,1747647677176
counter/8/0/0/0,13747:1747647659875:,1747647677177
counter/8/0/0/0,13748:1747647659875:,1747647677177
counter/8/0/0/0,13749:1747647659875:,1747647677177
counter/8/0/0/0,13750:1747647659875:,1747647677177
counter/8/0/0/0,13751:1747647659875:,1747647677177
counter/9/0/0/0,14108:1747647659964:,1747647677177
counter/9/0/0/0,14109:1747647659964:,1747647677177
counter/4/0/0/0,13729:1747647661632:,1747647677177
counter/3/0/0/0,14452:1747647661831:,1747647677178
counter/3/0/0/0,14453:1747647661831:,1747647677178
counter/8/0/0/0,13752:1747647659875:,1747647677178
counter/3/0/0/0,14454:1747647661831:,1747647677178
counter/3/0/0/0,14455:1747647661831:,1747647677178
counter/3/0/0/0,14456:1747647661831:,1747647677178
counter/3/0/0/0,14457:1747647661831:,1747647677178
counter/3/0/0/0,14458:1747647661831:,1747647677178
counter/3/0/0/0,14459:1747647661831:,1747647677178
counter/3/0/0/0,14460:1747647661831:,1747647677178
counter/3/0/0/0,14461:1747647661831:,1747647677178
counter/1/0/0/0,14664:1747647661485:,1747647677178
counter/1/0/0/0,14665:1747647661485:,1747647677178
counter/1/0/0/0,14666:1747647661485:,1747647677178
counter/1/0/0/0,14667:1747647661485:,1747647677178
counter/4/0/0/0,13730:1747647661632:,1747647677180
counter/5/0/0/0,13469:1747647659749:,1747647677181
counter/5/0/0/0,13470:1747647659754:,1747647677181
counter/5/0/0/0,13471:1747647659754:,1747647677181
counter/5/0/0/0,13472:1747647659760:,1747647677181
counter/5/0/0/0,13473:1747647659760:,1747647677181
counter/5/0/0/0,13474:1747647659760:,1747647677181
counter/5/0/0/0,13475:1747647659760:,1747647677181
counter/5/0/0/0,13476:1747647659760:,1747647677181
counter/7/0/0/0,13456:1747647660595:,1747647677182
counter/5/0/0/0,13477:1747647659760:,1747647677182
counter/7/0/0/0,13457:1747647660595:,1747647677182
counter/1/0/0/0,14668:1747647661486:,1747647677182
counter/2/0/0/0,13319:1747647659652:,1747647677183
counter/10/0/0/0,12744:1747647659944:,1747647677184
counter/10/0/0/0,12745:1747647659944:,1747647677184
counter/10/0/0/0,12746:1747647659944:,1747647677184
counter/10/0/0/0,12747:1747647659945:,1747647677185
counter/10/0/0/0,12748:1747647659945:,1747647677185
counter/9/0/0/0,14110:1747647659964:,1747647677185
counter/4/0/0/0,13731:1747647661641:,1747647677185
counter/5/0/0/0,13478:1747647659760:,1747647677185
counter/8/0/0/0,13753:1747647659875:,1747647677186
counter/8/0/0/0,13754:1747647659875:,1747647677186
counter/8/0/0/0,13755:1747647659875:,1747647677186
counter/8/0/0/0,13756:1747647659875:,1747647677186
counter/8/0/0/0,13757:1747647659876:,1747647677186
counter/8/0/0/0,13758:1747647659876:,1747647677186
counter/8/0/0/0,13759:1747647659876:,1747647677186
counter/2/0/0/0,13320:1747647659652:,1747647677186
counter/2/0/0/0,13321:1747647659652:,1747647677186
counter/2/0/0/0,13322:1747647659652:,1747647677186
counter/2/0/0/0,13323:1747647659652:,1747647677187
counter/1/0/0/0,14669:1747647661486:,1747647677187
counter/1/0/0/0,14670:1747647661486:,1747647677187
counter/1/0/0/0,14671:1747647661486:,1747647677187
counter/3/0/0/0,14462:1747647661831:,1747647677188
counter/3/0/0/0,14463:1747647661831:,1747647677188
counter/3/0/0/0,14464:1747647661832:,1747647677189
counter/3/0/0/0,14465:1747647661833:,1747647677189
counter/3/0/0/0,14466:1747647661833:,1747647677189
counter/3/0/0/0,14467:1747647661833:,1747647677189
counter/3/0/0/0,14468:1747647661833:,1747647677189
counter/3/0/0/0,14469:1747647661833:,1747647677189
counter/3/0/0/0,14470:1747647661833:,1747647677189
counter/3/0/0/0,14471:1747647661833:,1747647677189
counter/3/0/0/0,14472:1747647661833:,1747647677189
counter/3/0/0/0,14473:1747647661833:,1747647677189
counter/1/0/0/0,14672:1747647661486:,1747647677190
counter/1/0/0/0,14673:1747647661486:,1747647677190
counter/1/0/0/0,14674:1747647661486:,1747647677190
counter/8/0/0/0,13760:1747647659876:,1747647677190
counter/8/0/0/0,13761:1747647659876:,1747647677190
counter/8/0/0/0,13762:1747647659876:,1747647677190
counter/8/0/0/0,13763:1747647659878:,1747647677190
counter/1/0/0/0,14675:1747647661486:,1747647677191
counter/1/0/0/0,14676:1747647661491:,1747647677191
counter/1/0/0/0,14677:1747647661491:,1747647677191
counter/5/0/0/0,13479:1747647659760:,1747647677191
counter/2/0/0/0,13324:1747647659652:,1747647677191
counter/4/0/0/0,13732:1747647661641:,1747647677192
counter/4/0/0/0,13733:1747647661641:,1747647677192
counter/4/0/0/0,13734:1747647661641:,1747647677192
counter/4/0/0/0,13735:1747647661641:,1747647677192
counter/4/0/0/0,13736:1747647661641:,1747647677192
counter/4/0/0/0,13737:1747647661641:,1747647677192
counter/4/0/0/0,13738:1747647661641:,1747647677192
counter/9/0/0/0,14111:1747647659964:,1747647677192
counter/9/0/0/0,14112:1747647659964:,1747647677192
counter/9/0/0/0,14113:1747647659964:,1747647677192
counter/9/0/0/0,14114:1747647659964:,1747647677192
counter/9/0/0/0,14115:1747647659965:,1747647677192
counter/9/0/0/0,14116:1747647659965:,1747647677192
counter/6/0/0/0,13326:1747647660874:,1747647677192
counter/6/0/0/0,13327:1747647660874:,1747647677192
counter/6/0/0/0,13328:1747647660874:,1747647677192
counter/3/0/0/0,14474:1747647661833:,1747647677193
counter/3/0/0/0,14475:1747647661834:,1747647677193
counter/5/0/0/0,13480:1747647659760:,1747647677193
counter/3/0/0/0,14476:1747647661834:,1747647677193
counter/8/0/0/0,13764:1747647659878:,1747647677193
counter/3/0/0/0,14477:1747647661834:,1747647677193
counter/8/0/0/0,13765:1747647659878:,1747647677193
counter/3/0/0/0,14478:1747647661834:,1747647677193
counter/8/0/0/0,13766:1747647659878:,1747647677193
counter/3/0/0/0,14479:1747647661834:,1747647677193
counter/8/0/0/0,13767:1747647659878:,1747647677193
counter/3/0/0/0,14480:1747647661834:,1747647677193
counter/8/0/0/0,13768:1747647659878:,1747647677193
counter/10/0/0/0,12749:1747647659945:,1747647677193
counter/3/0/0/0,14481:1747647661834:,1747647677194
counter/8/0/0/0,13769:1747647659878:,1747647677194
counter/3/0/0/0,14482:1747647661834:,1747647677194
counter/8/0/0/0,13770:1747647659878:,1747647677194
counter/8/0/0/0,13771:1747647659888:,1747647677194
counter/8/0/0/0,13772:1747647659889:,1747647677194
counter/8/0/0/0,13773:1747647659889:,1747647677194
counter/8/0/0/0,13774:1747647659889:,1747647677194
counter/8/0/0/0,13775:1747647659889:,1747647677194
counter/8/0/0/0,13776:1747647659889:,1747647677194
counter/8/0/0/0,13777:1747647659889:,1747647677194
counter/8/0/0/0,13778:1747647659889:,1747647677194
counter/8/0/0/0,13779:1747647659889:,1747647677194
counter/8/0/0/0,13780:1747647659889:,1747647677194
counter/8/0/0/0,13781:1747647659889:,1747647677194
counter/8/0/0/0,13782:1747647659889:,1747647677194
counter/6/0/0/0,13329:1747647660874:,1747647677194
counter/1/0/0/0,14678:1747647661491:,1747647677194
counter/2/0/0/0,13325:1747647659652:,1747647677194
counter/8/0/0/0,13783:1747647659889:,1747647677195
counter/8/0/0/0,13784:1747647659889:,1747647677195
counter/8/0/0/0,13785:1747647659889:,1747647677195
counter/8/0/0/0,13786:1747647659889:,1747647677195
counter/10/0/0/0,12750:1747647659945:,1747647677195
counter/1/0/0/0,14679:1747647661491:,1747647677195
counter/10/0/0/0,12751:1747647659946:,1747647677195
counter/9/0/0/0,14117:1747647659983:,1747647677196
counter/6/0/0/0,13330:1747647660874:,1747647677196
counter/9/0/0/0,14118:1747647659984:,1747647677198
counter/7/0/0/0,13458:1747647660595:,1747647677198
counter/7/0/0/0,13459:1747647660595:,1747647677198
counter/7/0/0/0,13460:1747647660595:,1747647677198
counter/6/0/0/0,13331:1747647660874:,1747647677199
counter/8/0/0/0,13787:1747647659905:,1747647677200
counter/8/0/0/0,13788:1747647659906:,1747647677200
counter/6/0/0/0,13332:1747647660874:,1747647677200
counter/4/0/0/0,13739:1747647661641:,1747647677201
counter/5/0/0/0,13481:1747647659760:,1747647677201
counter/1/0/0/0,14680:1747647661491:,1747647677201
counter/1/0/0/0,14681:1747647661491:,1747647677201
counter/1/0/0/0,14682:1747647661491:,1747647677201
counter/1/0/0/0,14683:1747647661491:,1747647677201
counter/1/0/0/0,14684:1747647661491:,1747647677201
counter/1/0/0/0,14685:1747647661491:,1747647677201
counter/8/0/0/0,13789:1747647659906:,1747647677202
counter/3/0/0/0,14483:1747647661834:,1747647677202
counter/6/0/0/0,13333:1747647660874:,1747647677203
counter/8/0/0/0,13790:1747647659906:,1747647677204
counter/3/0/0/0,14484:1747647661834:,1747647677204
counter/4/0/0/0,13740:1747647661641:,1747647677205
counter/3/0/0/0,14485:1747647661834:,1747647677205
counter/4/0/0/0,13741:1747647661641:,1747647677205
counter/3/0/0/0,14486:1747647661834:,1747647677205
counter/9/0/0/0,14119:1747647659984:,1747647677205
counter/3/0/0/0,14487:1747647661834:,1747647677205
counter/9/0/0/0,14120:1747647659984:,1747647677205
counter/10/0/0/0,12752:1747647659947:,1747647677205
counter/3/0/0/0,14488:1747647661834:,1747647677205
counter/10/0/0/0,12753:1747647659947:,1747647677205
counter/2/0/0/0,13326:1747647659652:,1747647677205
counter/1/0/0/0,14686:1747647661492:,1747647677205
counter/8/0/0/0,13791:1747647659906:,1747647677206
counter/7/0/0/0,13461:1747647660595:,1747647677207
counter/2/0/0/0,13327:1747647659652:,1747647677207
counter/9/0/0/0,14121:1747647659984:,1747647677207
counter/9/0/0/0,14122:1747647659985:,1747647677207
counter/9/0/0/0,14123:1747647659985:,1747647677207
counter/9/0/0/0,14124:1747647659985:,1747647677207
counter/9/0/0/0,14125:1747647659985:,1747647677207
counter/9/0/0/0,14126:1747647659986:,1747647677208
counter/9/0/0/0,14127:1747647659986:,1747647677208
counter/10/0/0/0,12754:1747647659947:,1747647677208
counter/3/0/0/0,14489:1747647661837:,1747647677208
counter/10/0/0/0,12755:1747647659947:,1747647677208
counter/6/0/0/0,13334:1747647660874:,1747647677208
counter/3/0/0/0,14490:1747647661837:,1747647677208
counter/10/0/0/0,12756:1747647659947:,1747647677209
counter/2/0/0/0,13328:1747647659652:,1747647677209
counter/2/0/0/0,13329:1747647659652:,1747647677209
counter/2/0/0/0,13330:1747647659652:,1747647677209
counter/2/0/0/0,13331:1747647659652:,1747647677209
counter/2/0/0/0,13332:1747647659652:,1747647677209
counter/2/0/0/0,13333:1747647659652:,1747647677209
counter/2/0/0/0,13334:1747647659652:,1747647677209
counter/9/0/0/0,14128:1747647659986:,1747647677209
counter/7/0/0/0,13462:1747647660595:,1747647677210
counter/7/0/0/0,13463:1747647660595:,1747647677210
counter/8/0/0/0,13792:1747647659906:,1747647677211
counter/8/0/0/0,13793:1747647659906:,1747647677211
counter/8/0/0/0,13794:1747647659906:,1747647677211
counter/8/0/0/0,13795:1747647659906:,1747647677211
counter/8/0/0/0,13796:1747647659907:,1747647677211
counter/8/0/0/0,13797:1747647659907:,1747647677211
counter/8/0/0/0,13798:1747647659907:,1747647677211
counter/8/0/0/0,13799:1747647659908:,1747647677211
counter/7/0/0/0,13464:1747647660595:,1747647677211
counter/6/0/0/0,13335:1747647660879:,1747647677211
counter/10/0/0/0,12757:1747647659947:,1747647677211
counter/10/0/0/0,12758:1747647659947:,1747647677212
counter/10/0/0/0,12759:1747647659947:,1747647677212
counter/10/0/0/0,12760:1747647659947:,1747647677212
counter/3/0/0/0,14491:1747647661837:,1747647677212
counter/3/0/0/0,14492:1747647661839:,1747647677212
counter/3/0/0/0,14493:1747647661840:,1747647677212
counter/3/0/0/0,14494:1747647661840:,1747647677212
counter/9/0/0/0,14129:1747647659986:,1747647677212
counter/8/0/0/0,13800:1747647659908:,1747647677212
counter/8/0/0/0,13801:1747647659908:,1747647677213
counter/8/0/0/0,13802:1747647659908:,1747647677213
counter/8/0/0/0,13803:1747647659908:,1747647677213
counter/8/0/0/0,13804:1747647659908:,1747647677213
counter/8/0/0/0,13805:1747647659908:,1747647677213
counter/5/0/0/0,13482:1747647659760:,1747647677213
counter/5/0/0/0,13483:1747647659761:,1747647677213
counter/5/0/0/0,13484:1747647659761:,1747647677213
counter/5/0/0/0,13485:1747647659761:,1747647677213
counter/5/0/0/0,13486:1747647659761:,1747647677213
counter/2/0/0/0,13335:1747647659652:,1747647677213
counter/9/0/0/0,14130:1747647659986:,1747647677215
counter/9/0/0/0,14131:1747647659986:,1747647677215
counter/9/0/0/0,14132:1747647659986:,1747647677215
counter/7/0/0/0,13465:1747647660596:,1747647677215
counter/5/0/0/0,13487:1747647659761:,1747647677215
counter/6/0/0/0,13336:1747647660879:,1747647677215
counter/4/0/0/0,13742:1747647661641:,1747647677215
counter/1/0/0/0,14687:1747647661492:,1747647677216
counter/9/0/0/0,14133:1747647659986:,1747647677216
counter/9/0/0/0,14134:1747647659986:,1747647677216
counter/9/0/0/0,14135:1747647659986:,1747647677216
counter/7/0/0/0,13466:1747647660596:,1747647677216
counter/7/0/0/0,13467:1747647660596:,1747647677216
counter/6/0/0/0,13337:1747647660879:,1747647677216
counter/6/0/0/0,13338:1747647660879:,1747647677216
counter/6/0/0/0,13339:1747647660886:,1747647677216
counter/8/0/0/0,13806:1747647659908:,1747647677216
counter/8/0/0/0,13807:1747647659908:,1747647677216
counter/3/0/0/0,14495:1747647661840:,1747647677216
counter/2/0/0/0,13336:1747647659652:,1747647677217
counter/2/0/0/0,13337:1747647659652:,1747647677217
counter/2/0/0/0,13338:1747647659652:,1747647677217
counter/2/0/0/0,13339:1747647659652:,1747647677217
counter/4/0/0/0,13743:1747647661641:,1747647677218
counter/2/0/0/0,13340:1747647659652:,1747647677218
counter/2/0/0/0,13341:1747647659652:,1747647677218
counter/2/0/0/0,13342:1747647659652:,1747647677218
counter/2/0/0/0,13343:1747647659652:,1747647677218
counter/2/0/0/0,13344:1747647659653:,1747647677218
counter/2/0/0/0,13345:1747647659653:,1747647677218
counter/2/0/0/0,13346:1747647659653:,1747647677218
counter/2/0/0/0,13347:1747647659653:,1747647677218
counter/9/0/0/0,14136:1747647659986:,1747647677218
counter/10/0/0/0,12761:1747647659947:,1747647677219
counter/4/0/0/0,13744:1747647661641:,1747647677219
counter/4/0/0/0,13745:1747647661641:,1747647677219
counter/2/0/0/0,13348:1747647659653:,1747647677219
counter/2/0/0/0,13349:1747647659653:,1747647677219
counter/2/0/0/0,13350:1747647659653:,1747647677219
counter/2/0/0/0,13351:1747647659653:,1747647677219
counter/2/0/0/0,13352:1747647659653:,1747647677219
counter/2/0/0/0,13353:1747647659653:,1747647677219
counter/2/0/0/0,13354:1747647659653:,1747647677219
counter/5/0/0/0,13488:1747647659761:,1747647677219
counter/9/0/0/0,14137:1747647659986:,1747647677220
counter/1/0/0/0,14688:1747647661495:,1747647677220
counter/1/0/0/0,14689:1747647661495:,1747647677220
counter/7/0/0/0,13468:1747647660596:,1747647677221
counter/3/0/0/0,14496:1747647661840:,1747647677221
counter/8/0/0/0,13808:1747647659908:,1747647677221
counter/3/0/0/0,14497:1747647661840:,1747647677221
counter/8/0/0/0,13809:1747647659908:,1747647677221
counter/3/0/0/0,14498:1747647661840:,1747647677221
counter/2/0/0/0,13355:1747647659655:,1747647677222
counter/5/0/0/0,13489:1747647659764:,1747647677222
counter/5/0/0/0,13490:1747647659764:,1747647677222
counter/5/0/0/0,13491:1747647659768:,1747647677222
counter/5/0/0/0,13492:1747647659768:,1747647677222
counter/5/0/0/0,13493:1747647659769:,1747647677222
counter/6/0/0/0,13340:1747647660886:,1747647677222
counter/3/0/0/0,14499:1747647661840:,1747647677222
counter/4/0/0/0,13746:1747647661641:,1747647677222
counter/3/0/0/0,14500:1747647661842:,1747647677222
counter/4/0/0/0,13747:1747647661641:,1747647677222
counter/2/0/0/0,13356:1747647659655:,1747647677223
counter/8/0/0/0,13810:1747647659909:,1747647677227
counter/8/0/0/0,13811:1747647659909:,1747647677227
counter/9/0/0/0,14138:1747647659994:,1747647677227
counter/9/0/0/0,14139:1747647660015:,1747647677227
counter/1/0/0/0,14690:1747647661495:,1747647677227
counter/1/0/0/0,14691:1747647661495:,1747647677227
counter/1/0/0/0,14692:1747647661495:,1747647677228
counter/1/0/0/0,14693:1747647661495:,1747647677228
counter/1/0/0/0,14694:1747647661495:,1747647677228
counter/1/0/0/0,14695:1747647661495:,1747647677228
counter/1/0/0/0,14696:1747647661495:,1747647677228
counter/6/0/0/0,13341:1747647660886:,1747647677228
counter/5/0/0/0,13494:1747647659769:,1747647677228
counter/5/0/0/0,13495:1747647659769:,1747647677228
counter/4/0/0/0,13748:1747647661641:,1747647677229
counter/9/0/0/0,14140:1747647660015:,1747647677229
counter/3/0/0/0,14501:1747647661842:,1747647677229
counter/8/0/0/0,13812:1747647659909:,1747647677229
counter/10/0/0/0,12762:1747647659947:,1747647677231
counter/10/0/0/0,12763:1747647659947:,1747647677231
counter/4/0/0/0,13749:1747647661641:,1747647677231
counter/4/0/0/0,13750:1747647661641:,1747647677231
counter/9/0/0/0,14141:1747647660015:,1747647677231
counter/6/0/0/0,13342:1747647660886:,1747647677231
counter/2/0/0/0,13357:1747647659655:,1747647677232
counter/2/0/0/0,13358:1747647659655:,1747647677232
counter/2/0/0/0,13359:1747647659663:,1747647677232
counter/2/0/0/0,13360:1747647659663:,1747647677232
counter/5/0/0/0,13496:1747647659769:,1747647677232
counter/7/0/0/0,13469:1747647660597:,1747647677232
counter/7/0/0/0,13470:1747647660597:,1747647677232
counter/4/0/0/0,13751:1747647661641:,1747647677232
counter/7/0/0/0,13471:1747647660597:,1747647677233
counter/3/0/0/0,14502:1747647661842:,1747647677233
counter/3/0/0/0,14503:1747647661842:,1747647677233
counter/10/0/0/0,12764:1747647659947:,1747647677233
counter/1/0/0/0,14697:1747647661498:,1747647677233
counter/3/0/0/0,14504:1747647661842:,1747647677234
counter/3/0/0/0,14505:1747647661842:,1747647677234
counter/3/0/0/0,14506:1747647661842:,1747647677234
counter/3/0/0/0,14507:1747647661842:,1747647677234
counter/3/0/0/0,14508:1747647661842:,1747647677235
counter/3/0/0/0,14509:1747647661843:,1747647677235
counter/3/0/0/0,14510:1747647661843:,1747647677235
counter/6/0/0/0,13343:1747647660886:,1747647677235
counter/6/0/0/0,13344:1747647660886:,1747647677235
counter/6/0/0/0,13345:1747647660886:,1747647677235
counter/5/0/0/0,13497:1747647659769:,1747647677235
counter/5/0/0/0,13498:1747647659769:,1747647677235
counter/2/0/0/0,13361:1747647659663:,1747647677235
counter/2/0/0/0,13362:1747647659663:,1747647677235
counter/4/0/0/0,13752:1747647661642:,1747647677235
counter/3/0/0/0,14511:1747647661843:,1747647677235
counter/8/0/0/0,13813:1747647659909:,1747647677235
counter/3/0/0/0,14512:1747647661843:,1747647677235
counter/7/0/0/0,13472:1747647660597:,1747647677236
counter/1/0/0/0,14698:1747647661498:,1747647677236
counter/1/0/0/0,14699:1747647661498:,1747647677236
counter/1/0/0/0,14700:1747647661509:,1747647677236
counter/1/0/0/0,14701:1747647661509:,1747647677236
counter/1/0/0/0,14702:1747647661509:,1747647677236
counter/1/0/0/0,14703:1747647661509:,1747647677236
counter/1/0/0/0,14704:1747647661509:,1747647677236
counter/1/0/0/0,14705:1747647661509:,1747647677236
counter/1/0/0/0,14706:1747647661509:,1747647677237
counter/8/0/0/0,13814:1747647659909:,1747647677237
counter/6/0/0/0,13346:1747647660886:,1747647677237
counter/8/0/0/0,13815:1747647659909:,1747647677237
counter/8/0/0/0,13816:1747647659909:,1747647677237
counter/8/0/0/0,13817:1747647659909:,1747647677237
counter/8/0/0/0,13818:1747647659909:,1747647677237
counter/9/0/0/0,14142:1747647660015:,1747647677237
counter/2/0/0/0,13363:1747647659663:,1747647677237
counter/5/0/0/0,13499:1747647659769:,1747647677237
counter/2/0/0/0,13364:1747647659663:,1747647677237
counter/2/0/0/0,13365:1747647659664:,1747647677237
counter/1/0/0/0,14707:1747647661509:,1747647677238
counter/4/0/0/0,13753:1747647661642:,1747647677238
counter/5/0/0/0,13500:1747647659769:,1747647677238
counter/7/0/0/0,13473:1747647660597:,1747647677238
counter/2/0/0/0,13366:1747647659664:,1747647677238
counter/2/0/0/0,13367:1747647659664:,1747647677238
counter/2/0/0/0,13368:1747647659664:,1747647677238
counter/2/0/0/0,13369:1747647659664:,1747647677239
counter/2/0/0/0,13370:1747647659664:,1747647677239
counter/2/0/0/0,13371:1747647659664:,1747647677239
counter/2/0/0/0,13372:1747647659664:,1747647677239
counter/2/0/0/0,13373:1747647659664:,1747647677239
counter/2/0/0/0,13374:1747647659687:,1747647677239
counter/2/0/0/0,13375:1747647659687:,1747647677239
counter/2/0/0/0,13376:1747647659687:,1747647677239
counter/2/0/0/0,13377:1747647659687:,1747647677239
counter/4/0/0/0,13754:1747647661642:,1747647677239
counter/2/0/0/0,13378:1747647659687:,1747647677239
counter/8/0/0/0,13819:1747647659909:,1747647677239
counter/8/0/0/0,13820:1747647659909:,1747647677240
counter/9/0/0/0,14143:1747647660015:,1747647677240
counter/7/0/0/0,13474:1747647660597:,1747647677240
counter/10/0/0/0,12765:1747647659947:,1747647677241
counter/10/0/0/0,12766:1747647659947:,1747647677241
counter/10/0/0/0,12767:1747647659947:,1747647677241
counter/10/0/0/0,12768:1747647659948:,1747647677241
counter/10/0/0/0,12769:1747647659948:,1747647677241
counter/3/0/0/0,14513:1747647661843:,1747647677241
counter/3/0/0/0,14514:1747647661843:,1747647677242
counter/5/0/0/0,13501:1747647659769:,1747647677242
counter/5/0/0/0,13502:1747647659769:,1747647677242
counter/3/0/0/0,14515:1747647661843:,1747647677243
counter/1/0/0/0,14708:1747647661509:,1747647677243
counter/4/0/0/0,13755:1747647661642:,1747647677243
counter/4/0/0/0,13756:1747647661642:,1747647677243
counter/7/0/0/0,13475:1747647660597:,1747647677243
counter/4/0/0/0,13757:1747647661644:,1747647677243
counter/6/0/0/0,13347:1747647660886:,1747647677243
counter/4/0/0/0,13758:1747647661645:,1747647677243
counter/6/0/0/0,13348:1747647660886:,1747647677243
counter/6/0/0/0,13349:1747647660886:,1747647677243
counter/6/0/0/0,13350:1747647660886:,1747647677243
counter/6/0/0/0,13351:1747647660886:,1747647677243
counter/6/0/0/0,13352:1747647660886:,1747647677243
counter/6/0/0/0,13353:1747647660886:,1747647677243
counter/6/0/0/0,13354:1747647660886:,1747647677243
counter/6/0/0/0,13355:1747647660886:,1747647677244
counter/10/0/0/0,12770:1747647659948:,1747647677244
counter/10/0/0/0,12771:1747647659950:,1747647677244
counter/10/0/0/0,12772:1747647659950:,1747647677244
counter/10/0/0/0,12773:1747647659950:,1747647677244
counter/3/0/0/0,14516:1747647661843:,1747647677244
counter/5/0/0/0,13503:1747647659769:,1747647677244
counter/4/0/0/0,13759:1747647661645:,1747647677244
counter/2/0/0/0,13379:1747647659687:,1747647677244
counter/2/0/0/0,13380:1747647659687:,1747647677244
counter/1/0/0/0,14709:1747647661509:,1747647677244
counter/2/0/0/0,13381:1747647659688:,1747647677244
counter/1/0/0/0,14710:1747647661509:,1747647677244
counter/2/0/0/0,13382:1747647659688:,1747647677244
counter/1/0/0/0,14711:1747647661509:,1747647677244
counter/2/0/0/0,13383:1747647659688:,1747647677244
counter/1/0/0/0,14712:1747647661510:,1747647677244
counter/2/0/0/0,13384:1747647659688:,1747647677244
counter/1/0/0/0,14713:1747647661510:,1747647677244
counter/1/0/0/0,14714:1747647661510:,1747647677245
counter/10/0/0/0,12774:1747647659950:,1747647677246
counter/9/0/0/0,14144:1747647660015:,1747647677246
counter/1/0/0/0,14715:1747647661510:,1747647677246
counter/1/0/0/0,14716:1747647661513:,1747647677246
counter/1/0/0/0,14717:1747647661514:,1747647677246
counter/1/0/0/0,14718:1747647661514:,1747647677246
counter/1/0/0/0,14719:1747647661514:,1747647677246
counter/1/0/0/0,14720:1747647661514:,1747647677246
counter/1/0/0/0,14721:1747647661514:,1747647677246
counter/1/0/0/0,14722:1747647661514:,1747647677246
counter/6/0/0/0,13356:1747647660887:,1747647677246
counter/1/0/0/0,14723:1747647661514:,1747647677246
counter/3/0/0/0,14517:1747647661843:,1747647677246
counter/1/0/0/0,14724:1747647661514:,1747647677247
counter/4/0/0/0,13760:1747647661645:,1747647677247
counter/1/0/0/0,14725:1747647661514:,1747647677248
counter/8/0/0/0,13821:1747647659909:,1747647677249
counter/6/0/0/0,13357:1747647660888:,1747647677249
counter/3/0/0/0,14518:1747647661843:,1747647677249
counter/5/0/0/0,13504:1747647659769:,1747647677249
counter/6/0/0/0,13358:1747647660888:,1747647677250
counter/10/0/0/0,12775:1747647659969:,1747647677250
counter/10/0/0/0,12776:1747647659969:,1747647677250
counter/10/0/0/0,12777:1747647659970:,1747647677250
counter/10/0/0/0,12778:1747647659970:,1747647677250
counter/10/0/0/0,12779:1747647659970:,1747647677250
counter/10/0/0/0,12780:1747647659970:,1747647677250
counter/10/0/0/0,12781:1747647659970:,1747647677250
counter/10/0/0/0,12782:1747647659971:,1747647677250
counter/10/0/0/0,12783:1747647659971:,1747647677251
counter/5/0/0/0,13505:1747647659769:,1747647677251
counter/10/0/0/0,12784:1747647659971:,1747647677251
counter/10/0/0/0,12785:1747647659971:,1747647677251
counter/10/0/0/0,12786:1747647659971:,1747647677251
counter/8/0/0/0,13822:1747647659909:,1747647677251
counter/10/0/0/0,12787:1747647659971:,1747647677251
counter/8/0/0/0,13823:1747647659909:,1747647677251
counter/8/0/0/0,13824:1747647659909:,1747647677251
counter/1/0/0/0,14726:1747647661514:,1747647677251
counter/9/0/0/0,14145:1747647660015:,1747647677251
counter/7/0/0/0,13476:1747647660597:,1747647677251
counter/5/0/0/0,13506:1747647659771:,1747647677251
counter/9/0/0/0,14146:1747647660015:,1747647677251
counter/7/0/0/0,13477:1747647660597:,1747647677251
counter/9/0/0/0,14147:1747647660036:,1747647677251
counter/7/0/0/0,13478:1747647660597:,1747647677251
counter/7/0/0/0,13479:1747647660597:,1747647677251
counter/7/0/0/0,13480:1747647660597:,1747647677251
counter/7/0/0/0,13481:1747647660598:,1747647677251
counter/6/0/0/0,13359:1747647660888:,1747647677252
counter/7/0/0/0,13482:1747647660598:,1747647677252
counter/7/0/0/0,13483:1747647660602:,1747647677252
counter/6/0/0/0,13360:1747647660888:,1747647677252
counter/7/0/0/0,13484:1747647660602:,1747647677252
counter/6/0/0/0,13361:1747647660888:,1747647677252
counter/6/0/0/0,13362:1747647660891:,1747647677252
counter/6/0/0/0,13363:1747647660891:,1747647677252
counter/10/0/0/0,12788:1747647659971:,1747647677252
counter/8/0/0/0,13825:1747647659909:,1747647677253
counter/10/0/0/0,12789:1747647659980:,1747647677253
counter/4/0/0/0,13761:1747647661645:,1747647677254
counter/4/0/0/0,13762:1747647661645:,1747647677254
counter/4/0/0/0,13763:1747647661645:,1747647677254
counter/4/0/0/0,13764:1747647661645:,1747647677254
counter/6/0/0/0,13364:1747647660891:,1747647677254
counter/4/0/0/0,13765:1747647661650:,1747647677255
counter/10/0/0/0,12790:1747647659986:,1747647677255
counter/10/0/0/0,12791:1747647659986:,1747647677255
counter/9/0/0/0,14148:1747647660036:,1747647677255
counter/10/0/0/0,12792:1747647659987:,1747647677255
counter/9/0/0/0,14149:1747647660036:,1747647677255
counter/10/0/0/0,12793:1747647659987:,1747647677255
counter/9/0/0/0,14150:1747647660036:,1747647677255
counter/10/0/0/0,12794:1747647659987:,1747647677255
counter/10/0/0/0,12795:1747647659987:,1747647677255
counter/9/0/0/0,14151:1747647660038:,1747647677255
counter/1/0/0/0,14727:1747647661514:,1747647677255
counter/8/0/0/0,13826:1747647659917:,1747647677255
counter/1/0/0/0,14728:1747647661524:,1747647677255
counter/8/0/0/0,13827:1747647659917:,1747647677256
counter/8/0/0/0,13828:1747647659917:,1747647677256
counter/8/0/0/0,13829:1747647659917:,1747647677256
counter/8/0/0/0,13830:1747647659917:,1747647677256
counter/8/0/0/0,13831:1747647659917:,1747647677256
counter/8/0/0/0,13832:1747647659917:,1747647677257
counter/10/0/0/0,12796:1747647659987:,1747647677257
counter/8/0/0/0,13833:1747647659925:,1747647677257
counter/8/0/0/0,13834:1747647659925:,1747647677257
counter/8/0/0/0,13835:1747647659925:,1747647677257
counter/8/0/0/0,13836:1747647659925:,1747647677257
counter/3/0/0/0,14519:1747647661843:,1747647677257
counter/8/0/0/0,13837:1747647659934:,1747647677257
counter/4/0/0/0,13766:1747647661650:,1747647677257
counter/10/0/0/0,12797:1747647659987:,1747647677257
counter/10/0/0/0,12798:1747647659987:,1747647677257
counter/10/0/0/0,12799:1747647659987:,1747647677257
counter/6/0/0/0,13365:1747647660891:,1747647677258
counter/5/0/0/0,13507:1747647659771:,1747647677258
counter/2/0/0/0,13385:1747647659688:,1747647677258
counter/5/0/0/0,13508:1747647659771:,1747647677258
counter/1/0/0/0,14729:1747647661524:,1747647677258
counter/2/0/0/0,13386:1747647659688:,1747647677259
counter/6/0/0/0,13366:1747647660891:,1747647677260
counter/2/0/0/0,13387:1747647659688:,1747647677260
counter/2/0/0/0,13388:1747647659688:,1747647677261
counter/6/0/0/0,13367:1747647660892:,1747647677261
counter/7/0/0/0,13485:1747647660602:,1747647677261
counter/7/0/0/0,13486:1747647660602:,1747647677261
counter/7/0/0/0,13487:1747647660602:,1747647677261
counter/7/0/0/0,13488:1747647660602:,1747647677261
counter/8/0/0/0,13838:1747647659938:,1747647677261
counter/2/0/0/0,13389:1747647659688:,1747647677261
counter/2/0/0/0,13390:1747647659688:,1747647677261
counter/2/0/0/0,13391:1747647659688:,1747647677261
counter/2/0/0/0,13392:1747647659688:,1747647677262
counter/2/0/0/0,13393:1747647659688:,1747647677262
counter/1/0/0/0,14730:1747647661524:,1747647677262
counter/2/0/0/0,13394:1747647659688:,1747647677262
counter/8/0/0/0,13839:1747647659938:,1747647677263
counter/10/0/0/0,12800:1747647659987:,1747647677263
counter/8/0/0/0,13840:1747647659938:,1747647677263
counter/8/0/0/0,13841:1747647659938:,1747647677263
counter/8/0/0/0,13842:1747647659938:,1747647677263
counter/8/0/0/0,13843:1747647659938:,1747647677263
counter/2/0/0/0,13395:1747647659688:,1747647677264
counter/7/0/0/0,13489:1747647660602:,1747647677265
counter/6/0/0/0,13368:1747647660892:,1747647677265
counter/6/0/0/0,13369:1747647660892:,1747647677265
counter/6/0/0/0,13370:1747647660893:,1747647677265
counter/6/0/0/0,13371:1747647660893:,1747647677265
counter/6/0/0/0,13372:1747647660893:,1747647677265
counter/1/0/0/0,14731:1747647661524:,1747647677266
counter/10/0/0/0,12801:1747647659987:,1747647677266
counter/10/0/0/0,12802:1747647659987:,1747647677266
counter/10/0/0/0,12803:1747647659990:,1747647677266
counter/10/0/0/0,12804:1747647659990:,1747647677266
counter/10/0/0/0,12805:1747647659990:,1747647677266
counter/10/0/0/0,12806:1747647659990:,1747647677266
counter/10/0/0/0,12807:1747647659990:,1747647677266
counter/10/0/0/0,12808:1747647659990:,1747647677266
counter/3/0/0/0,14520:1747647661843:,1747647677267
counter/3/0/0/0,14521:1747647661843:,1747647677267
counter/3/0/0/0,14522:1747647661843:,1747647677268
counter/7/0/0/0,13490:1747647660602:,1747647677268
counter/2/0/0/0,13396:1747647659688:,1747647677268
counter/2/0/0/0,13397:1747647659688:,1747647677269
counter/2/0/0/0,13398:1747647659688:,1747647677269
counter/2/0/0/0,13399:1747647659688:,1747647677269
counter/8/0/0/0,13844:1747647659938:,1747647677269
counter/4/0/0/0,13767:1747647661650:,1747647677269
counter/8/0/0/0,13845:1747647659938:,1747647677270
counter/8/0/0/0,13846:1747647659938:,1747647677270
counter/4/0/0/0,13768:1747647661650:,1747647677270
counter/4/0/0/0,13769:1747647661650:,1747647677270
counter/10/0/0/0,12809:1747647659990:,1747647677270
counter/5/0/0/0,13509:1747647659771:,1747647677270
counter/5/0/0/0,13510:1747647659773:,1747647677270
counter/5/0/0/0,13511:1747647659773:,1747647677270
counter/2/0/0/0,13400:1747647659688:,1747647677270
counter/6/0/0/0,13373:1747647660893:,1747647677272
counter/7/0/0/0,13491:1747647660602:,1747647677272
counter/7/0/0/0,13492:1747647660602:,1747647677273
counter/9/0/0/0,14152:1747647660038:,1747647677273
counter/6/0/0/0,13374:1747647660894:,1747647677274
counter/1/0/0/0,14732:1747647661524:,1747647677274
counter/1/0/0/0,14733:1747647661524:,1747647677274
counter/1/0/0/0,14734:1747647661524:,1747647677274
counter/1/0/0/0,14735:1747647661524:,1747647677274
counter/1/0/0/0,14736:1747647661524:,1747647677274
counter/1/0/0/0,14737:1747647661524:,1747647677274
counter/1/0/0/0,14738:1747647661524:,1747647677275
counter/1/0/0/0,14739:1747647661524:,1747647677275
counter/10/0/0/0,12810:1747647659991:,1747647677275
counter/1/0/0/0,14740:1747647661524:,1747647677275
counter/4/0/0/0,13770:1747647661650:,1747647677275
counter/10/0/0/0,12811:1747647659991:,1747647677275
counter/10/0/0/0,12812:1747647660002:,1747647677275
counter/10/0/0/0,12813:1747647660003:,1747647677275
counter/10/0/0/0,12814:1747647660003:,1747647677275
counter/10/0/0/0,12815:1747647660003:,1747647677275
counter/10/0/0/0,12816:1747647660003:,1747647677275
counter/10/0/0/0,12817:1747647660003:,1747647677275
counter/10/0/0/0,12818:1747647660003:,1747647677276
counter/10/0/0/0,12819:1747647660003:,1747647677276
counter/10/0/0/0,12820:1747647660003:,1747647677276
counter/7/0/0/0,13493:1747647660602:,1747647677276
counter/7/0/0/0,13494:1747647660603:,1747647677276
counter/7/0/0/0,13495:1747647660603:,1747647677277
counter/7/0/0/0,13496:1747647660603:,1747647677277
counter/7/0/0/0,13497:1747647660603:,1747647677277
counter/7/0/0/0,13498:1747647660603:,1747647677277
counter/7/0/0/0,13499:1747647660603:,1747647677277
counter/7/0/0/0,13500:1747647660603:,1747647677277
counter/4/0/0/0,13771:1747647661650:,1747647677277
counter/2/0/0/0,13401:1747647659688:,1747647677277
counter/3/0/0/0,14523:1747647661843:,1747647677277
counter/1/0/0/0,14741:1747647661524:,1747647677278
counter/8/0/0/0,13847:1747647659938:,1747647677278
counter/6/0/0/0,13375:1747647660894:,1747647677279
counter/4/0/0/0,13772:1747647661650:,1747647677279
counter/2/0/0/0,13402:1747647659688:,1747647677279
counter/3/0/0/0,14524:1747647661843:,1747647677279
counter/9/0/0/0,14153:1747647660038:,1747647677279
counter/9/0/0/0,14154:1747647660038:,1747647677279
counter/9/0/0/0,14155:1747647660038:,1747647677279
counter/9/0/0/0,14156:1747647660038:,1747647677279
counter/9/0/0/0,14157:1747647660038:,1747647677279
counter/9/0/0/0,14158:1747647660038:,1747647677279
counter/9/0/0/0,14159:1747647660038:,1747647677279
counter/9/0/0/0,14160:1747647660038:,1747647677279
counter/9/0/0/0,14161:1747647660038:,1747647677279
counter/7/0/0/0,13501:1747647660603:,1747647677279
counter/9/0/0/0,14162:1747647660038:,1747647677279
counter/5/0/0/0,13512:1747647659773:,1747647677279
counter/5/0/0/0,13513:1747647659773:,1747647677279
counter/8/0/0/0,13848:1747647659938:,1747647677279
counter/6/0/0/0,13376:1747647660894:,1747647677280
counter/4/0/0/0,13773:1747647661650:,1747647677280
counter/6/0/0/0,13377:1747647660894:,1747647677280
counter/3/0/0/0,14525:1747647661843:,1747647677280
counter/6/0/0/0,13378:1747647660894:,1747647677281
counter/3/0/0/0,14526:1747647661843:,1747647677281
counter/2/0/0/0,13403:1747647659688:,1747647677282
counter/4/0/0/0,13774:1747647661650:,1747647677282
counter/4/0/0/0,13775:1747647661650:,1747647677283
counter/4/0/0/0,13776:1747647661650:,1747647677283
counter/4/0/0/0,13777:1747647661650:,1747647677283
counter/4/0/0/0,13778:1747647661651:,1747647677283
counter/9/0/0/0,14163:1747647660462:,1747647677283
counter/10/0/0/0,12821:1747647660003:,1747647677283
counter/10/0/0/0,12822:1747647660003:,1747647677283
counter/10/0/0/0,12823:1747647660003:,1747647677283
counter/10/0/0/0,12824:1747647660006:,1747647677283
counter/10/0/0/0,12825:1747647660006:,1747647677283
counter/10/0/0/0,12826:1747647660006:,1747647677283
counter/10/0/0/0,12827:1747647660006:,1747647677283
counter/10/0/0/0,12828:1747647660006:,1747647677283
counter/10/0/0/0,12829:1747647660006:,1747647677283
counter/10/0/0/0,12830:1747647660006:,1747647677283
counter/10/0/0/0,12831:1747647660006:,1747647677283
counter/10/0/0/0,12832:1747647660006:,1747647677283
counter/10/0/0/0,12833:1747647660011:,1747647677283
counter/7/0/0/0,13502:1747647660604:,1747647677283
counter/1/0/0/0,14742:1747647661524:,1747647677283
counter/1/0/0/0,14743:1747647661526:,1747647677283
counter/1/0/0/0,14744:1747647661530:,1747647677283
counter/2/0/0/0,13404:1747647659688:,1747647677283
counter/1/0/0/0,14745:1747647661530:,1747647677284
counter/1/0/0/0,14746:1747647661530:,1747647677284
counter/8/0/0/0,13849:1747647659938:,1747647677285
counter/6/0/0/0,13379:1747647660904:,1747647677285
counter/6/0/0/0,13380:1747647660904:,1747647677285
counter/6/0/0/0,13381:1747647660904:,1747647677286
counter/5/0/0/0,13514:1747647659773:,1747647677286
counter/1/0/0/0,14747:1747647661530:,1747647677286
counter/10/0/0/0,12834:1747647660011:,1747647677286
counter/10/0/0/0,12835:1747647660011:,1747647677286
counter/10/0/0/0,12836:1747647660011:,1747647677286
counter/10/0/0/0,12837:1747647660011:,1747647677286
counter/10/0/0/0,12838:1747647660011:,1747647677286
counter/10/0/0/0,12839:1747647660012:,1747647677286
counter/10/0/0/0,12840:1747647660014:,1747647677286
counter/3/0/0/0,14527:1747647661843:,1747647677287
counter/1/0/0/0,14748:1747647661530:,1747647677287
counter/10/0/0/0,12841:1747647660014:,1747647677287
counter/7/0/0/0,13503:1747647660604:,1747647677288
counter/7/0/0/0,13504:1747647660604:,1747647677288
counter/7/0/0/0,13505:1747647660604:,1747647677288
counter/7/0/0/0,13506:1747647660604:,1747647677288
counter/7/0/0/0,13507:1747647660604:,1747647677288
counter/7/0/0/0,13508:1747647660604:,1747647677288
counter/6/0/0/0,13382:1747647660904:,1747647677288
counter/7/0/0/0,13509:1747647660605:,1747647677288
counter/7/0/0/0,13510:1747647660605:,1747647677288
counter/7/0/0/0,13511:1747647660605:,1747647677288
counter/7/0/0/0,13512:1747647660605:,1747647677290
counter/7/0/0/0,13513:1747647660614:,1747647677290
counter/7/0/0/0,13514:1747647660614:,1747647677290
counter/3/0/0/0,14528:1747647661843:,1747647677290
counter/3/0/0/0,14529:1747647661844:,1747647677290
counter/3/0/0/0,14530:1747647661845:,1747647677290
counter/5/0/0/0,13515:1747647659773:,1747647677290
counter/10/0/0/0,12842:1747647660014:,1747647677290
counter/4/0/0/0,13779:1747647661654:,1747647677290
counter/6/0/0/0,13383:1747647660904:,1747647677290
counter/5/0/0/0,13516:1747647659773:,1747647677291
counter/5/0/0/0,13517:1747647659773:,1747647677291
counter/5/0/0/0,13518:1747647659773:,1747647677291
counter/6/0/0/0,13384:1747647660905:,1747647677292
counter/1/0/0/0,14749:1747647661530:,1747647677292
counter/8/0/0/0,13850:1747647659939:,1747647677292
counter/9/0/0/0,14164:1747647660467:,1747647677292
counter/9/0/0/0,14165:1747647660467:,1747647677292
counter/9/0/0/0,14166:1747647660467:,1747647677293
counter/5/0/0/0,13519:1747647659773:,1747647677293
counter/8/0/0/0,13851:1747647659939:,1747647677294
counter/7/0/0/0,13515:1747647660614:,1747647677294
counter/8/0/0/0,13852:1747647659943:,1747647677294
counter/10/0/0/0,12843:1747647660014:,1747647677294
counter/4/0/0/0,13780:1747647661654:,1747647677295
counter/4/0/0/0,13781:1747647661654:,1747647677295
counter/4/0/0/0,13782:1747647661654:,1747647677295
counter/4/0/0/0,13783:1747647661654:,1747647677296
counter/4/0/0/0,13784:1747647661654:,1747647677296
counter/4/0/0/0,13785:1747647661654:,1747647677296
counter/1/0/0/0,14750:1747647661532:,1747647677296
counter/3/0/0/0,14531:1747647661845:,1747647677296
counter/3/0/0/0,14532:1747647661845:,1747647677296
counter/3/0/0/0,14533:1747647661845:,1747647677296
counter/3/0/0/0,14534:1747647661845:,1747647677296
counter/3/0/0/0,14535:1747647661845:,1747647677296
counter/3/0/0/0,14536:1747647661845:,1747647677296
counter/3/0/0/0,14537:1747647661845:,1747647677296
counter/3/0/0/0,14538:1747647661845:,1747647677297
counter/3/0/0/0,14539:1747647661845:,1747647677297
counter/3/0/0/0,14540:1747647661845:,1747647677297
counter/3/0/0/0,14541:1747647661845:,1747647677297
counter/1/0/0/0,14751:1747647661532:,1747647677297
counter/8/0/0/0,13853:1747647659943:,1747647677297
counter/2/0/0/0,13405:1747647659689:,1747647677298
counter/3/0/0/0,14542:1747647661845:,1747647677298
counter/3/0/0/0,14543:1747647661845:,1747647677298
counter/3/0/0/0,14544:1747647661845:,1747647677298
counter/3/0/0/0,14545:1747647661845:,1747647677298
counter/3/0/0/0,14546:1747647661845:,1747647677298
counter/3/0/0/0,14547:1747647661845:,1747647677298
counter/7/0/0/0,13516:1747647660614:,1747647677298
counter/8/0/0/0,13854:1747647659944:,1747647677298
counter/8/0/0/0,13855:1747647659944:,1747647677301
counter/3/0/0/0,14548:1747647661845:,1747647677302
counter/7/0/0/0,13517:1747647660614:,1747647677302
counter/9/0/0/0,14167:1747647660467:,1747647677303
counter/9/0/0/0,14168:1747647660467:,1747647677303
counter/9/0/0/0,14169:1747647660473:,1747647677303
counter/4/0/0/0,13786:1747647661654:,1747647677303
counter/10/0/0/0,12844:1747647660014:,1747647677303
counter/10/0/0/0,12845:1747647660014:,1747647677303
counter/8/0/0/0,13856:1747647659944:,1747647677304
counter/5/0/0/0,13520:1747647659773:,1747647677305
counter/8/0/0/0,13857:1747647659944:,1747647677307
counter/2/0/0/0,13406:1747647659689:,1747647677308
counter/2/0/0/0,13407:1747647659689:,1747647677308
counter/2/0/0/0,13408:1747647659689:,1747647677308
counter/2/0/0/0,13409:1747647659689:,1747647677308
counter/2/0/0/0,13410:1747647659689:,1747647677308
counter/2/0/0/0,13411:1747647659689:,1747647677308
counter/2/0/0/0,13412:1747647659689:,1747647677308
counter/2/0/0/0,13413:1747647659689:,1747647677308
counter/8/0/0/0,13858:1747647659944:,1747647677308
counter/3/0/0/0,14549:1747647661845:,1747647677310
counter/3/0/0/0,14550:1747647661845:,1747647677310
counter/9/0/0/0,14170:1747647660473:,1747647677310
counter/9/0/0/0,14171:1747647660473:,1747647677310
counter/6/0/0/0,13385:1747647660905:,1747647677310
counter/6/0/0/0,13386:1747647660905:,1747647677310
counter/10/0/0/0,12846:1747647660014:,1747647677310
counter/10/0/0/0,12847:1747647660014:,1747647677310
counter/10/0/0/0,12848:1747647660014:,1747647677310
counter/10/0/0/0,12849:1747647660014:,1747647677310
counter/8/0/0/0,13859:1747647659944:,1747647677311
counter/7/0/0/0,13518:1747647660614:,1747647677311
counter/4/0/0/0,13787:1747647661654:,1747647677312
counter/9/0/0/0,14172:1747647660474:,1747647677312
counter/6/0/0/0,13387:1747647660905:,1747647677312
counter/6/0/0/0,13388:1747647660905:,1747647677312
counter/10/0/0/0,12850:1747647660016:,1747647677313
counter/2/0/0/0,13414:1747647659689:,1747647677313
counter/7/0/0/0,13519:1747647660614:,1747647677313
counter/7/0/0/0,13520:1747647660614:,1747647677313
counter/1/0/0/0,14752:1747647661532:,1747647677313
counter/7/0/0/0,13521:1747647660614:,1747647677314
counter/1/0/0/0,14753:1747647661532:,1747647677314
counter/1/0/0/0,14754:1747647661532:,1747647677314
counter/1/0/0/0,14755:1747647661533:,1747647677314
counter/1/0/0/0,14756:1747647661533:,1747647677314
counter/1/0/0/0,14757:1747647661533:,1747647677314
counter/1/0/0/0,14758:1747647661533:,1747647677314
counter/1/0/0/0,14759:1747647661533:,1747647677314
counter/1/0/0/0,14760:1747647661533:,1747647677314
counter/7/0/0/0,13522:1747647660614:,1747647677315
counter/5/0/0/0,13521:1747647659773:,1747647677316
counter/5/0/0/0,13522:1747647659773:,1747647677316
counter/5/0/0/0,13523:1747647659773:,1747647677316
counter/5/0/0/0,13524:1747647659774:,1747647677316
counter/5/0/0/0,13525:1747647659774:,1747647677316
counter/5/0/0/0,13526:1747647659775:,1747647677316
counter/5/0/0/0,13527:1747647659775:,1747647677316
counter/1/0/0/0,14761:1747647661533:,1747647677316
counter/9/0/0/0,14173:1747647660474:,1747647677317
counter/4/0/0/0,13788:1747647661656:,1747647677317
counter/4/0/0/0,13789:1747647661656:,1747647677317
counter/4/0/0/0,13790:1747647661656:,1747647677317
counter/4/0/0/0,13791:1747647661656:,1747647677317
counter/3/0/0/0,14551:1747647661845:,1747647677317
counter/4/0/0/0,13792:1747647661656:,1747647677317
counter/8/0/0/0,13860:1747647659944:,1747647677317
counter/2/0/0/0,13415:1747647659689:,1747647677317
counter/7/0/0/0,13523:1747647660614:,1747647677317
counter/7/0/0/0,13524:1747647660614:,1747647677317
counter/7/0/0/0,13525:1747647660614:,1747647677317
counter/7/0/0/0,13526:1747647660614:,1747647677317
counter/7/0/0/0,13527:1747647660614:,1747647677317
counter/7/0/0/0,13528:1747647660623:,1747647677318
counter/7/0/0/0,13529:1747647660623:,1747647677318
counter/7/0/0/0,13530:1747647660623:,1747647677318
counter/1/0/0/0,14762:1747647661533:,1747647677318
counter/4/0/0/0,13793:1747647661656:,1747647677318
counter/1/0/0/0,14763:1747647661533:,1747647677318
counter/1/0/0/0,14764:1747647661533:,1747647677318
counter/1/0/0/0,14765:1747647661533:,1747647677318
counter/1/0/0/0,14766:1747647661533:,1747647677318
counter/5/0/0/0,13528:1747647659775:,1747647677319
counter/3/0/0/0,14552:1747647661845:,1747647677319
counter/3/0/0/0,14553:1747647661845:,1747647677319
counter/3/0/0/0,14554:1747647661845:,1747647677319
counter/3/0/0/0,14555:1747647661845:,1747647677319
counter/3/0/0/0,14556:1747647661846:,1747647677319
counter/3/0/0/0,14557:1747647661846:,1747647677319
counter/3/0/0/0,14558:1747647661846:,1747647677319
counter/3/0/0/0,14559:1747647661846:,1747647677319
counter/3/0/0/0,14560:1747647661846:,1747647677319
counter/3/0/0/0,14561:1747647661846:,1747647677319
counter/3/0/0/0,14562:1747647661846:,1747647677319
counter/3/0/0/0,14563:1747647661846:,1747647677319
counter/9/0/0/0,14174:1747647660474:,1747647677319
counter/10/0/0/0,12851:1747647660017:,1747647677319
counter/10/0/0/0,12852:1747647660017:,1747647677320
counter/10/0/0/0,12853:1747647660017:,1747647677320
counter/2/0/0/0,13416:1747647659689:,1747647677320
counter/1/0/0/0,14767:1747647661533:,1747647677320
counter/10/0/0/0,12854:1747647660017:,1747647677320
counter/10/0/0/0,12855:1747647660017:,1747647677320
counter/10/0/0/0,12856:1747647660017:,1747647677321
counter/2/0/0/0,13417:1747647659689:,1747647677321
counter/2/0/0/0,13418:1747647659689:,1747647677321
counter/7/0/0/0,13531:1747647660623:,1747647677321
counter/4/0/0/0,13794:1747647661661:,1747647677321
counter/8/0/0/0,13861:1747647659956:,1747647677321
counter/8/0/0/0,13862:1747647659956:,1747647677321
counter/8/0/0/0,13863:1747647659956:,1747647677321
counter/8/0/0/0,13864:1747647659956:,1747647677321
counter/8/0/0/0,13865:1747647659956:,1747647677321
counter/3/0/0/0,14564:1747647661846:,1747647677323
counter/1/0/0/0,14768:1747647661542:,1747647677323
counter/1/0/0/0,14769:1747647661542:,1747647677323
counter/1/0/0/0,14770:1747647661542:,1747647677323
counter/1/0/0/0,14771:1747647661542:,1747647677323
counter/9/0/0/0,14175:1747647660474:,1747647677323
counter/9/0/0/0,14176:1747647660474:,1747647677324
counter/9/0/0/0,14177:1747647660475:,1747647677324
counter/9/0/0/0,14178:1747647660475:,1747647677324
counter/2/0/0/0,13419:1747647659709:,1747647677324
counter/5/0/0/0,13529:1747647659777:,1747647677325
counter/5/0/0/0,13530:1747647659778:,1747647677325
counter/5/0/0/0,13531:1747647659778:,1747647677325
counter/5/0/0/0,13532:1747647659778:,1747647677325
counter/8/0/0/0,13866:1747647659956:,1747647677325
counter/8/0/0/0,13867:1747647659956:,1747647677325
counter/8/0/0/0,13868:1747647659956:,1747647677325
counter/10/0/0/0,12857:1747647660017:,1747647677325
counter/10/0/0/0,12858:1747647660017:,1747647677325
counter/10/0/0/0,12859:1747647660017:,1747647677325
counter/10/0/0/0,12860:1747647660017:,1747647677325
counter/1/0/0/0,14772:1747647661542:,1747647677325
counter/4/0/0/0,13795:1747647661661:,1747647677325
counter/9/0/0/0,14179:1747647660477:,1747647677326
counter/2/0/0/0,13420:1747647659709:,1747647677326
counter/5/0/0/0,13533:1747647659778:,1747647677326
counter/2/0/0/0,13421:1747647659709:,1747647677326
counter/10/0/0/0,12861:1747647660017:,1747647677327
counter/8/0/0/0,13869:1747647659957:,1747647677327
counter/3/0/0/0,14565:1747647661846:,1747647677327
counter/3/0/0/0,14566:1747647661846:,1747647677328
counter/3/0/0/0,14567:1747647661846:,1747647677328
counter/3/0/0/0,14568:1747647661846:,1747647677328
counter/3/0/0/0,14569:1747647661846:,1747647677328
counter/3/0/0/0,14570:1747647661846:,1747647677328
counter/3/0/0/0,14571:1747647661848:,1747647677328
counter/3/0/0/0,14572:1747647661848:,1747647677329
counter/3/0/0/0,14573:1747647661848:,1747647677329
counter/3/0/0/0,14574:1747647661848:,1747647677329
counter/3/0/0/0,14575:1747647661848:,1747647677329
counter/9/0/0/0,14180:1747647660477:,1747647677329
counter/2/0/0/0,13422:1747647659710:,1747647677329
counter/2/0/0/0,13423:1747647659710:,1747647677329
counter/2/0/0/0,13424:1747647659710:,1747647677329
counter/2/0/0/0,13425:1747647659710:,1747647677329
counter/8/0/0/0,13870:1747647659957:,1747647677329
counter/8/0/0/0,13871:1747647659957:,1747647677329
counter/8/0/0/0,13872:1747647659957:,1747647677329
counter/2/0/0/0,13426:1747647659710:,1747647677330
counter/1/0/0/0,14773:1747647661542:,1747647677330
counter/8/0/0/0,13873:1747647659957:,1747647677330
counter/8/0/0/0,13874:1747647659957:,1747647677330
counter/8/0/0/0,13875:1747647659957:,1747647677330
counter/5/0/0/0,13534:1747647659778:,1747647677330
counter/5/0/0/0,13535:1747647659778:,1747647677330
counter/5/0/0/0,13536:1747647659778:,1747647677330
counter/5/0/0/0,13537:1747647659778:,1747647677330
counter/5/0/0/0,13538:1747647659778:,1747647677330
counter/5/0/0/0,13539:1747647659781:,1747647677330
counter/5/0/0/0,13540:1747647659790:,1747647677330
counter/5/0/0/0,13541:1747647659791:,1747647677331
counter/5/0/0/0,13542:1747647659791:,1747647677331
counter/5/0/0/0,13543:1747647659791:,1747647677331
counter/5/0/0/0,13544:1747647659791:,1747647677331
counter/10/0/0/0,12862:1747647660018:,1747647677331
counter/3/0/0/0,14576:1747647661848:,1747647677331
counter/1/0/0/0,14774:1747647661544:,1747647677339
counter/3/0/0/0,14577:1747647661848:,1747647677339
counter/10/0/0/0,12863:1747647660018:,1747647677340
counter/10/0/0/0,12864:1747647660028:,1747647677340
counter/10/0/0/0,12865:1747647660028:,1747647677340
counter/10/0/0/0,12866:1747647660028:,1747647677340
counter/10/0/0/0,12867:1747647660028:,1747647677340
counter/10/0/0/0,12868:1747647660028:,1747647677340
counter/10/0/0/0,12869:1747647660029:,1747647677340
counter/10/0/0/0,12870:1747647660029:,1747647677340
counter/10/0/0/0,12871:1747647660029:,1747647677340
counter/10/0/0/0,12872:1747647660029:,1747647677340
counter/10/0/0/0,12873:1747647660029:,1747647677340
counter/10/0/0/0,12874:1747647660029:,1747647677341
counter/10/0/0/0,12875:1747647660029:,1747647677341
counter/10/0/0/0,12876:1747647660466:,1747647677341
counter/4/0/0/0,13796:1747647661661:,1747647677341
counter/4/0/0/0,13797:1747647661661:,1747647677341
counter/1/0/0/0,14775:1747647661544:,1747647677341
counter/6/0/0/0,13389:1747647660905:,1747647677342
counter/6/0/0/0,13390:1747647660905:,1747647677342
counter/6/0/0/0,13391:1747647660905:,1747647677342
counter/6/0/0/0,13392:1747647660905:,1747647677342
counter/6/0/0/0,13393:1747647660905:,1747647677342
counter/6/0/0/0,13394:1747647660906:,1747647677342
counter/6/0/0/0,13395:1747647660906:,1747647677342
counter/6/0/0/0,13396:1747647660906:,1747647677342
counter/6/0/0/0,13397:1747647660906:,1747647677342
counter/8/0/0/0,13876:1747647659957:,1747647677342
counter/10/0/0/0,12877:1747647660470:,1747647677343
counter/10/0/0/0,12878:1747647660470:,1747647677343
counter/10/0/0/0,12879:1747647660470:,1747647677343
counter/10/0/0/0,12880:1747647660472:,1747647677343
counter/10/0/0/0,12881:1747647660472:,1747647677344
counter/10/0/0/0,12882:1747647660472:,1747647677344
counter/9/0/0/0,14181:1747647660479:,1747647677344
counter/9/0/0/0,14182:1747647660479:,1747647677344
counter/9/0/0/0,14183:1747647660479:,1747647677344
counter/9/0/0/0,14184:1747647660479:,1747647677344
counter/5/0/0/0,13545:1747647659791:,1747647677344
counter/9/0/0/0,14185:1747647660479:,1747647677344
counter/3/0/0/0,14578:1747647661848:,1747647677344
counter/3/0/0/0,14579:1747647661848:,1747647677344
counter/3/0/0/0,14580:1747647661848:,1747647677344
counter/3/0/0/0,14581:1747647661851:,1747647677344
counter/3/0/0/0,14582:1747647661865:,1747647677344
counter/3/0/0/0,14583:1747647661865:,1747647677345
counter/2/0/0/0,13427:1747647659710:,1747647677345
counter/4/0/0/0,13798:1747647661661:,1747647677346
counter/3/0/0/0,14584:1747647661865:,1747647677347
counter/3/0/0/0,14585:1747647661865:,1747647677347
counter/2/0/0/0,13428:1747647659710:,1747647677347
counter/10/0/0/0,12883:1747647660473:,1747647677347
counter/1/0/0/0,14776:1747647661544:,1747647677347
counter/8/0/0/0,13877:1747647659961:,1747647677348
counter/8/0/0/0,13878:1747647659961:,1747647677348
counter/8/0/0/0,13879:1747647659961:,1747647677348
counter/8/0/0/0,13880:1747647659962:,1747647677348
counter/8/0/0/0,13881:1747647659970:,1747647677348
counter/8/0/0/0,13882:1747647659980:,1747647677348
counter/8/0/0/0,13883:1747647659980:,1747647677348
counter/5/0/0/0,13546:1747647659791:,1747647677349
counter/5/0/0/0,13547:1747647659791:,1747647677349
counter/5/0/0/0,13548:1747647659793:,1747647677349
counter/5/0/0/0,13549:1747647659793:,1747647677349
counter/5/0/0/0,13550:1747647659793:,1747647677349
counter/5/0/0/0,13551:1747647659793:,1747647677349
counter/6/0/0/0,13398:1747647660906:,1747647677349
counter/5/0/0/0,13552:1747647659794:,1747647677349
counter/6/0/0/0,13399:1747647660906:,1747647677350
counter/6/0/0/0,13400:1747647660906:,1747647677351
counter/6/0/0/0,13401:1747647660906:,1747647677351
counter/6/0/0/0,13402:1747647660906:,1747647677351
counter/6/0/0/0,13403:1747647660906:,1747647677351
counter/6/0/0/0,13404:1747647660906:,1747647677351
counter/6/0/0/0,13405:1747647660906:,1747647677351
counter/6/0/0/0,13406:1747647660906:,1747647677351
counter/6/0/0/0,13407:1747647660906:,1747647677351
counter/6/0/0/0,13408:1747647660907:,1747647677351
counter/6/0/0/0,13409:1747647660907:,1747647677351
counter/8/0/0/0,13884:1747647659981:,1747647677351
counter/9/0/0/0,14186:1747647660479:,1747647677353
counter/9/0/0/0,14187:1747647660479:,1747647677353
counter/9/0/0/0,14188:1747647660480:,1747647677353
counter/9/0/0/0,14189:1747647660480:,1747647677353
counter/9/0/0/0,14190:1747647660480:,1747647677353
counter/9/0/0/0,14191:1747647660480:,1747647677353
counter/9/0/0/0,14192:1747647660480:,1747647677353
counter/9/0/0/0,14193:1747647660480:,1747647677353
counter/9/0/0/0,14194:1747647660480:,1747647677353
counter/9/0/0/0,14195:1747647660491:,1747647677353
counter/9/0/0/0,14196:1747647660503:,1747647677353
counter/9/0/0/0,14197:1747647660503:,1747647677354
counter/4/0/0/0,13799:1747647661661:,1747647677354
counter/10/0/0/0,12884:1747647660473:,1747647677354
counter/10/0/0/0,12885:1747647660473:,1747647677354
counter/10/0/0/0,12886:1747647660476:,1747647677354
counter/1/0/0/0,14777:1747647661544:,1747647677354
counter/10/0/0/0,12887:1747647660477:,1747647677354
counter/6/0/0/0,13410:1747647660907:,1747647677355
counter/6/0/0/0,13411:1747647660907:,1747647677355
counter/6/0/0/0,13412:1747647660907:,1747647677355
counter/5/0/0/0,13553:1747647659794:,1747647677356
counter/3/0/0/0,14586:1747647661865:,1747647677356
counter/3/0/0/0,14587:1747647661865:,1747647677356
counter/2/0/0/0,13429:1747647659710:,1747647677356
counter/8/0/0/0,13885:1747647659981:,1747647677356
counter/2/0/0/0,13430:1747647659711:,1747647677356
counter/8/0/0/0,13886:1747647659981:,1747647677357
counter/9/0/0/0,14198:1747647660503:,1747647677357
counter/4/0/0/0,13800:1747647661661:,1747647677357
counter/8/0/0/0,13887:1747647659981:,1747647677357
counter/8/0/0/0,13888:1747647659981:,1747647677358
counter/5/0/0/0,13554:1747647659794:,1747647677358
counter/5/0/0/0,13555:1747647659794:,1747647677358
counter/5/0/0/0,13556:1747647659794:,1747647677358
counter/5/0/0/0,13557:1747647659794:,1747647677359
counter/5/0/0/0,13558:1747647659794:,1747647677359
counter/5/0/0/0,13559:1747647659800:,1747647677359
counter/5/0/0/0,13560:1747647659800:,1747647677359
counter/5/0/0/0,13561:1747647659800:,1747647677359
counter/5/0/0/0,13562:1747647659800:,1747647677359
counter/5/0/0/0,13563:1747647659800:,1747647677359
counter/5/0/0/0,13564:1747647659800:,1747647677359
counter/5/0/0/0,13565:1747647659801:,1747647677359
counter/2/0/0/0,13431:1747647659716:,1747647677359
counter/2/0/0/0,13432:1747647659716:,1747647677360
counter/8/0/0/0,13889:1747647659981:,1747647677361
counter/8/0/0/0,13890:1747647659981:,1747647677361
counter/8/0/0/0,13891:1747647659981:,1747647677361
counter/8/0/0/0,13892:1747647659981:,1747647677361
counter/10/0/0/0,12888:1747647660488:,1747647677361
counter/4/0/0/0,13801:1747647661661:,1747647677364
counter/2/0/0/0,13433:1747647659716:,1747647677364
counter/5/0/0/0,13566:1747647659805:,1747647677365
counter/5/0/0/0,13567:1747647659805:,1747647677365
counter/6/0/0/0,13413:1747647660907:,1747647677365
counter/9/0/0/0,14199:1747647660503:,1747647677367
counter/9/0/0/0,14200:1747647660504:,1747647677367
counter/9/0/0/0,14201:1747647660504:,1747647677367
counter/9/0/0/0,14202:1747647660515:,1747647677367
counter/9/0/0/0,14203:1747647660517:,1747647677367
counter/9/0/0/0,14204:1747647660517:,1747647677367
counter/9/0/0/0,14205:1747647660517:,1747647677367
counter/9/0/0/0,14206:1747647660517:,1747647677367
counter/9/0/0/0,14207:1747647660517:,1747647677367
counter/9/0/0/0,14208:1747647660517:,1747647677367
counter/9/0/0/0,14209:1747647660517:,1747647677367
counter/9/0/0/0,14210:1747647660517:,1747647677367
counter/9/0/0/0,14211:1747647660517:,1747647677367
counter/9/0/0/0,14212:1747647660517:,1747647677367
counter/4/0/0/0,13802:1747647661661:,1747647677367
counter/5/0/0/0,13568:1747647659811:,1747647677367
counter/6/0/0/0,13414:1747647660907:,1747647677367
counter/6/0/0/0,13415:1747647660907:,1747647677367
counter/6/0/0/0,13416:1747647660907:,1747647677367
counter/3/0/0/0,14588:1747647661865:,1747647677368
counter/4/0/0/0,13803:1747647661661:,1747647677368
counter/4/0/0/0,13804:1747647661661:,1747647677368
counter/4/0/0/0,13805:1747647661665:,1747647677368
counter/4/0/0/0,13806:1747647661665:,1747647677368
counter/4/0/0/0,13807:1747647661665:,1747647677368
counter/4/0/0/0,13808:1747647661665:,1747647677368
counter/4/0/0/0,13809:1747647661665:,1747647677368
counter/4/0/0/0,13810:1747647661665:,1747647677368
counter/4/0/0/0,13811:1747647661665:,1747647677368
counter/4/0/0/0,13812:1747647661665:,1747647677368
counter/4/0/0/0,13813:1747647661666:,1747647677368
counter/4/0/0/0,13814:1747647661666:,1747647677368
counter/6/0/0/0,13417:1747647660907:,1747647677369
counter/6/0/0/0,13418:1747647660907:,1747647677370
counter/6/0/0/0,13419:1747647660907:,1747647677371
counter/6/0/0/0,13420:1747647660907:,1747647677371
counter/6/0/0/0,13421:1747647660907:,1747647677371
counter/6/0/0/0,13422:1747647660907:,1747647677371
counter/6/0/0/0,13423:1747647660907:,1747647677371
counter/9/0/0/0,14213:1747647660517:,1747647677371
counter/9/0/0/0,14214:1747647660517:,1747647677371
counter/9/0/0/0,14215:1747647660517:,1747647677371
counter/9/0/0/0,14216:1747647660517:,1747647677371
counter/9/0/0/0,14217:1747647660518:,1747647677371
counter/9/0/0/0,14218:1747647660518:,1747647677371
counter/9/0/0/0,14219:1747647660518:,1747647677371
counter/9/0/0/0,14220:1747647660518:,1747647677371
counter/9/0/0/0,14221:1747647660518:,1747647677371
counter/9/0/0/0,14222:1747647660518:,1747647677371
counter/9/0/0/0,14223:1747647660518:,1747647677371
counter/3/0/0/0,14589:1747647661865:,1747647677371
counter/8/0/0/0,13893:1747647659981:,1747647677371
counter/2/0/0/0,13434:1747647659716:,1747647677371
counter/2/0/0/0,13435:1747647659716:,1747647677371
counter/2/0/0/0,13436:1747647659716:,1747647677371
counter/3/0/0/0,14590:1747647661866:,1747647677372
counter/3/0/0/0,14591:1747647661866:,1747647677373
counter/3/0/0/0,14592:1747647661866:,1747647677373
counter/3/0/0/0,14593:1747647661866:,1747647677373
counter/3/0/0/0,14594:1747647661866:,1747647677373
counter/3/0/0/0,14595:1747647661866:,1747647677373
counter/3/0/0/0,14596:1747647661866:,1747647677373
counter/3/0/0/0,14597:1747647661866:,1747647677373
counter/3/0/0/0,14598:1747647661866:,1747647677373
counter/6/0/0/0,13424:1747647660907:,1747647677373
counter/1/0/0/0,14778:1747647661544:,1747647677375
counter/2/0/0/0,13437:1747647659716:,1747647677375
counter/1/0/0/0,14779:1747647661544:,1747647677376
counter/9/0/0/0,14224:1747647660518:,1747647677377
counter/10/0/0/0,12889:1747647660499:,1747647677377
counter/10/0/0/0,12890:1747647660501:,1747647677377
counter/10/0/0/0,12891:1747647660501:,1747647677377
counter/10/0/0/0,12892:1747647660502:,1747647677377
counter/8/0/0/0,13894:1747647659981:,1747647677377
counter/4/0/0/0,13815:1747647661666:,1747647677378
counter/3/0/0/0,14599:1747647661871:,1747647677378
counter/3/0/0/0,14600:1747647661871:,1747647677378
counter/3/0/0/0,14601:1747647661872:,1747647677378
counter/3/0/0/0,14602:1747647661872:,1747647677378
counter/3/0/0/0,14603:1747647661873:,1747647677378
counter/3/0/0/0,14604:1747647661873:,1747647677378
counter/3/0/0/0,14605:1747647661873:,1747647677378
counter/3/0/0/0,14606:1747647661873:,1747647677379
counter/3/0/0/0,14607:1747647661873:,1747647677379
counter/3/0/0/0,14608:1747647661873:,1747647677379
counter/3/0/0/0,14609:1747647661873:,1747647677379
counter/3/0/0/0,14610:1747647661873:,1747647677379
counter/1/0/0/0,14780:1747647661545:,1747647677379
counter/2/0/0/0,13438:1747647659716:,1747647677379
counter/2/0/0/0,13439:1747647659716:,1747647677379
counter/2/0/0/0,13440:1747647659716:,1747647677379
counter/2/0/0/0,13441:1747647659716:,1747647677379
counter/2/0/0/0,13442:1747647659716:,1747647677379
counter/2/0/0/0,13443:1747647659716:,1747647677379
counter/8/0/0/0,13895:1747647659981:,1747647677379
counter/2/0/0/0,13444:1747647659716:,1747647677379
counter/8/0/0/0,13896:1747647659981:,1747647677380
counter/8/0/0/0,13897:1747647659988:,1747647677380
counter/8/0/0/0,13898:1747647659988:,1747647677380
counter/8/0/0/0,13899:1747647659988:,1747647677380
counter/8/0/0/0,13900:1747647659988:,1747647677380
counter/8/0/0/0,13901:1747647659988:,1747647677380
counter/8/0/0/0,13902:1747647659992:,1747647677380
counter/8/0/0/0,13903:1747647659992:,1747647677380
counter/8/0/0/0,13904:1747647659992:,1747647677380
counter/8/0/0/0,13905:1747647659992:,1747647677380
counter/8/0/0/0,13906:1747647659992:,1747647677380
counter/2/0/0/0,13445:1747647659716:,1747647677380
counter/6/0/0/0,13425:1747647660907:,1747647677380
counter/3/0/0/0,14611:1747647661873:,1747647677381
counter/3/0/0/0,14612:1747647661873:,1747647677381
counter/3/0/0/0,14613:1747647661873:,1747647677381
counter/3/0/0/0,14614:1747647661873:,1747647677381
counter/3/0/0/0,14615:1747647661874:,1747647677381
counter/3/0/0/0,14616:1747647661874:,1747647677381
counter/3/0/0/0,14617:1747647661875:,1747647677381
counter/9/0/0/0,14225:1747647660518:,1747647677381
counter/9/0/0/0,14226:1747647660518:,1747647677382
counter/9/0/0/0,14227:1747647660518:,1747647677382
counter/9/0/0/0,14228:1747647660518:,1747647677382
counter/9/0/0/0,14229:1747647660518:,1747647677382
counter/9/0/0/0,14230:1747647660518:,1747647677382
counter/9/0/0/0,14231:1747647660518:,1747647677382
counter/10/0/0/0,12893:1747647660504:,1747647677382
counter/4/0/0/0,13816:1747647661666:,1747647677382
counter/4/0/0/0,13817:1747647661666:,1747647677382
counter/4/0/0/0,13818:1747647661666:,1747647677382
counter/4/0/0/0,13819:1747647661666:,1747647677382
counter/4/0/0/0,13820:1747647661666:,1747647677383
counter/4/0/0/0,13821:1747647661672:,1747647677383
counter/4/0/0/0,13822:1747647661672:,1747647677383
counter/2/0/0/0,13446:1747647659716:,1747647677383
counter/2/0/0/0,13447:1747647659716:,1747647677383
counter/2/0/0/0,13448:1747647659716:,1747647677383
counter/2/0/0/0,13449:1747647659716:,1747647677383
counter/9/0/0/0,14232:1747647660526:,1747647677383
counter/7/0/0/0,13532:1747647660623:,1747647677383
counter/7/0/0/0,13533:1747647660623:,1747647677383
counter/7/0/0/0,13534:1747647660623:,1747647677383
counter/3/0/0/0,14618:1747647661875:,1747647677384
counter/3/0/0/0,14619:1747647661875:,1747647677384
counter/3/0/0/0,14620:1747647661875:,1747647677384
counter/3/0/0/0,14621:1747647661875:,1747647677384
counter/3/0/0/0,14622:1747647661875:,1747647677384
counter/9/0/0/0,14233:1747647660526:,1747647677386
counter/8/0/0/0,13907:1747647659992:,1747647677386
counter/10/0/0/0,12894:1747647660504:,1747647677386
counter/10/0/0/0,12895:1747647660504:,1747647677387
counter/10/0/0/0,12896:1747647660504:,1747647677387
counter/10/0/0/0,12897:1747647660504:,1747647677387
counter/6/0/0/0,13426:1747647660907:,1747647677387
counter/4/0/0/0,13823:1747647661677:,1747647677389
counter/7/0/0/0,13535:1747647660623:,1747647677389
counter/7/0/0/0,13536:1747647660626:,1747647677389
counter/7/0/0/0,13537:1747647660626:,1747647677389
counter/7/0/0/0,13538:1747647660626:,1747647677389
counter/7/0/0/0,13539:1747647660626:,1747647677389
counter/7/0/0/0,13540:1747647660626:,1747647677389
counter/7/0/0/0,13541:1747647660627:,1747647677389
counter/7/0/0/0,13542:1747647660627:,1747647677389
counter/3/0/0/0,14623:1747647661876:,1747647677390
counter/7/0/0/0,13543:1747647660628:,1747647677392
counter/7/0/0/0,13544:1747647660628:,1747647677392
counter/7/0/0/0,13545:1747647660628:,1747647677392
counter/7/0/0/0,13546:1747647660628:,1747647677392
counter/7/0/0/0,13547:1747647660628:,1747647677392
counter/3/0/0/0,14624:1747647661876:,1747647677393
counter/3/0/0/0,14625:1747647661876:,1747647677393
counter/9/0/0/0,14234:1747647660526:,1747647677393
counter/3/0/0/0,14626:1747647661876:,1747647677393
counter/4/0/0/0,13824:1747647661678:,1747647677393
counter/6/0/0/0,13427:1747647660907:,1747647677393
counter/6/0/0/0,13428:1747647660908:,1747647677393
counter/7/0/0/0,13548:1747647660628:,1747647677393
counter/8/0/0/0,13908:1747647659994:,1747647677393
counter/8/0/0/0,13909:1747647659996:,1747647677393
counter/8/0/0/0,13910:1747647659996:,1747647677393
counter/8/0/0/0,13911:1747647659996:,1747647677393
counter/8/0/0/0,13912:1747647659997:,1747647677393
counter/8/0/0/0,13913:1747647659997:,1747647677394
counter/10/0/0/0,12898:1747647660509:,1747647677394
counter/10/0/0/0,12899:1747647660509:,1747647677395
counter/10/0/0/0,12900:1747647660509:,1747647677395
counter/10/0/0/0,12901:1747647660509:,1747647677395
counter/10/0/0/0,12902:1747647660509:,1747647677395
counter/10/0/0/0,12903:1747647660509:,1747647677395
counter/10/0/0/0,12904:1747647660510:,1747647677395
counter/3/0/0/0,14627:1747647661876:,1747647677396
counter/10/0/0/0,12905:1747647660510:,1747647677396
counter/10/0/0/0,12906:1747647660510:,1747647677396
counter/10/0/0/0,12907:1747647660510:,1747647677396
counter/10/0/0/0,12908:1747647660510:,1747647677397
counter/10/0/0/0,12909:1747647660510:,1747647677397
counter/10/0/0/0,12910:1747647660510:,1747647677397
counter/10/0/0/0,12911:1747647660510:,1747647677397
counter/10/0/0/0,12912:1747647660510:,1747647677397
counter/10/0/0/0,12913:1747647660510:,1747647677397
counter/10/0/0/0,12914:1747647660510:,1747647677397
counter/9/0/0/0,14235:1747647660526:,1747647677397
counter/9/0/0/0,14236:1747647660526:,1747647677397
counter/9/0/0/0,14237:1747647660526:,1747647677397
counter/9/0/0/0,14238:1747647660526:,1747647677397
counter/9/0/0/0,14239:1747647660526:,1747647677397
counter/2/0/0/0,13450:1747647659716:,1747647677397
counter/6/0/0/0,13429:1747647660908:,1747647677397
counter/6/0/0/0,13430:1747647660908:,1747647677397
counter/6/0/0/0,13431:1747647660909:,1747647677397
counter/6/0/0/0,13432:1747647660909:,1747647677397
counter/1/0/0/0,14781:1747647661545:,1747647677397
counter/2/0/0/0,13451:1747647659716:,1747647677397
counter/4/0/0/0,13825:1747647661678:,1747647677398
counter/1/0/0/0,14782:1747647661545:,1747647677398
counter/9/0/0/0,14240:1747647660526:,1747647677404
counter/4/0/0/0,13826:1747647661678:,1747647677406
counter/6/0/0/0,13433:1747647660909:,1747647677408
counter/6/0/0/0,13434:1747647660909:,1747647677408
counter/10/0/0/0,12915:1747647660510:,1747647677408
counter/6/0/0/0,13435:1747647660909:,1747647677408
counter/6/0/0/0,13436:1747647660909:,1747647677408
counter/6/0/0/0,13437:1747647660909:,1747647677408
counter/4/0/0/0,13827:1747647661678:,1747647677408
counter/9/0/0/0,14241:1747647660526:,1747647677409
counter/3/0/0/0,14628:1747647661876:,1747647677410
counter/6/0/0/0,13438:1747647660909:,1747647677410
counter/6/0/0/0,13439:1747647660909:,1747647677410
counter/10/0/0/0,12916:1747647660514:,1747647677410
counter/10/0/0/0,12917:1747647660519:,1747647677410
counter/10/0/0/0,12918:1747647660519:,1747647677410
counter/10/0/0/0,12919:1747647660519:,1747647677410
counter/10/0/0/0,12920:1747647660519:,1747647677410
counter/10/0/0/0,12921:1747647660519:,1747647677410
counter/10/0/0/0,12922:1747647660519:,1747647677410
counter/10/0/0/0,12923:1747647660519:,1747647677410
counter/5/0/0/0,13569:1747647659813:,1747647677410
counter/2/0/0/0,13452:1747647659716:,1747647677413
counter/9/0/0/0,14242:1747647660526:,1747647677413
counter/9/0/0/0,14243:1747647660534:,1747647677413
counter/9/0/0/0,14244:1747647660534:,1747647677413
counter/9/0/0/0,14245:1747647660534:,1747647677413
counter/9/0/0/0,14246:1747647660534:,1747647677413
counter/9/0/0/0,14247:1747647660534:,1747647677413
counter/9/0/0/0,14248:1747647660534:,1747647677413
counter/5/0/0/0,13570:1747647659814:,1747647677415
counter/5/0/0/0,13571:1747647659814:,1747647677415
counter/3/0/0/0,14629:1747647661876:,1747647677415
counter/3/0/0/0,14630:1747647661876:,1747647677417
counter/3/0/0/0,14631:1747647661876:,1747647677417
counter/3/0/0/0,14632:1747647661876:,1747647677417
counter/3/0/0/0,14633:1747647661876:,1747647677417
counter/3/0/0/0,14634:1747647661876:,1747647677417
counter/3/0/0/0,14635:1747647661876:,1747647677417
counter/8/0/0/0,13914:1747647659998:,1747647677417
counter/8/0/0/0,13915:1747647659998:,1747647677417
counter/8/0/0/0,13916:1747647659998:,1747647677417
counter/5/0/0/0,13572:1747647659814:,1747647677418
counter/5/0/0/0,13573:1747647659814:,1747647677418
counter/5/0/0/0,13574:1747647659814:,1747647677418
counter/5/0/0/0,13575:1747647659814:,1747647677418
counter/5/0/0/0,13576:1747647659815:,1747647677418
counter/5/0/0/0,13577:1747647659816:,1747647677418
counter/5/0/0/0,13578:1747647659817:,1747647677418
counter/5/0/0/0,13579:1747647659817:,1747647677418
counter/5/0/0/0,13580:1747647659817:,1747647677418
counter/5/0/0/0,13581:1747647659817:,1747647677418
counter/5/0/0/0,13582:1747647659817:,1747647677418
counter/5/0/0/0,13583:1747647659817:,1747647677418
counter/5/0/0/0,13584:1747647659817:,1747647677418
counter/6/0/0/0,13440:1747647660909:,1747647677418
counter/9/0/0/0,14249:1747647660534:,1747647677419
counter/2/0/0/0,13453:1747647659716:,1747647677419
counter/2/0/0/0,13454:1747647659716:,1747647677419
counter/2/0/0/0,13455:1747647659717:,1747647677419
counter/2/0/0/0,13456:1747647659717:,1747647677420
counter/2/0/0/0,13457:1747647659717:,1747647677420
counter/2/0/0/0,13458:1747647659717:,1747647677420
counter/2/0/0/0,13459:1747647659717:,1747647677420
counter/2/0/0/0,13460:1747647659717:,1747647677420
counter/9/0/0/0,14250:1747647660534:,1747647677420
counter/9/0/0/0,14251:1747647660534:,1747647677420
counter/9/0/0/0,14252:1747647660534:,1747647677420
counter/9/0/0/0,14253:1747647660534:,1747647677420
counter/9/0/0/0,14254:1747647660534:,1747647677420
counter/9/0/0/0,14255:1747647660534:,1747647677420
counter/8/0/0/0,13917:1747647659998:,1747647677422
counter/9/0/0/0,14256:1747647660534:,1747647677422
counter/8/0/0/0,13918:1747647659998:,1747647677422
counter/9/0/0/0,14257:1747647660535:,1747647677422
counter/9/0/0/0,14258:1747647660535:,1747647677422
counter/10/0/0/0,12924:1747647660519:,1747647677422
counter/9/0/0/0,14259:1747647660540:,1747647677422
counter/9/0/0/0,14260:1747647660540:,1747647677422
counter/9/0/0/0,14261:1747647660540:,1747647677422
counter/9/0/0/0,14262:1747647660540:,1747647677422
counter/6/0/0/0,13441:1747647660909:,1747647677422
counter/9/0/0/0,14263:1747647660552:,1747647677422
counter/9/0/0/0,14264:1747647660552:,1747647677422
counter/2/0/0/0,13461:1747647659717:,1747647677422
counter/6/0/0/0,13442:1747647660909:,1747647677422
counter/6/0/0/0,13443:1747647660909:,1747647677422
counter/3/0/0/0,14636:1747647661879:,1747647677424
counter/4/0/0/0,13828:1747647661678:,1747647677424
counter/2/0/0/0,13462:1747647659717:,1747647677425
counter/3/0/0/0,14637:1747647661879:,1747647677426
counter/3/0/0/0,14638:1747647661896:,1747647677426
counter/3/0/0/0,14639:1747647661896:,1747647677426
counter/3/0/0/0,14640:1747647661896:,1747647677426
counter/4/0/0/0,13829:1747647661678:,1747647677426
counter/3/0/0/0,14641:1747647661896:,1747647677426
counter/4/0/0/0,13830:1747647661678:,1747647677426
counter/4/0/0/0,13831:1747647661678:,1747647677426
counter/1/0/0/0,14783:1747647661545:,1747647677426
counter/2/0/0/0,13463:1747647659718:,1747647677427
counter/2/0/0/0,13464:1747647659718:,1747647677427
counter/2/0/0/0,13465:1747647659718:,1747647677427
counter/2/0/0/0,13466:1747647659718:,1747647677427
counter/2/0/0/0,13467:1747647659718:,1747647677427
counter/2/0/0/0,13468:1747647659718:,1747647677427
counter/2/0/0/0,13469:1747647659718:,1747647677427
counter/1/0/0/0,14784:1747647661545:,1747647677428
counter/1/0/0/0,14785:1747647661545:,1747647677428
counter/1/0/0/0,14786:1747647661545:,1747647677428
counter/1/0/0/0,14787:1747647661549:,1747647677428
counter/1/0/0/0,14788:1747647661549:,1747647677429
counter/1/0/0/0,14789:1747647661549:,1747647677429
counter/1/0/0/0,14790:1747647661549:,1747647677429
counter/1/0/0/0,14791:1747647661549:,1747647677429
counter/1/0/0/0,14792:1747647661549:,1747647677429
counter/4/0/0/0,13832:1747647661678:,1747647677429
counter/3/0/0/0,14642:1747647661896:,1747647677429
counter/3/0/0/0,14643:1747647661901:,1747647677429
counter/3/0/0/0,14644:1747647661901:,1747647677429
counter/3/0/0/0,14645:1747647661901:,1747647677429
counter/6/0/0/0,13444:1747647660909:,1747647677430
counter/6/0/0/0,13445:1747647660909:,1747647677430
counter/6/0/0/0,13446:1747647660909:,1747647677430
counter/6/0/0/0,13447:1747647660909:,1747647677430
counter/6/0/0/0,13448:1747647660909:,1747647677430
counter/6/0/0/0,13449:1747647660909:,1747647677430
counter/6/0/0/0,13450:1747647660909:,1747647677430
counter/6/0/0/0,13451:1747647660910:,1747647677430
counter/6/0/0/0,13452:1747647660910:,1747647677430
counter/6/0/0/0,13453:1747647660910:,1747647677430
counter/6/0/0/0,13454:1747647660910:,1747647677430
counter/9/0/0/0,14265:1747647660552:,1747647677430
counter/8/0/0/0,13919:1747647659998:,1747647677431
counter/8/0/0/0,13920:1747647659998:,1747647677431
counter/8/0/0/0,13921:1747647659998:,1747647677431
counter/6/0/0/0,13455:1747647660910:,1747647677431
counter/8/0/0/0,13922:1747647659998:,1747647677431
counter/9/0/0/0,14266:1747647660552:,1747647677431
counter/4/0/0/0,13833:1747647661678:,1747647677432
counter/4/0/0/0,13834:1747647661678:,1747647677432
counter/4/0/0/0,13835:1747647661678:,1747647677432
counter/4/0/0/0,13836:1747647661678:,1747647677433
counter/4/0/0/0,13837:1747647661678:,1747647677433
counter/4/0/0/0,13838:1747647661678:,1747647677433
counter/4/0/0/0,13839:1747647661678:,1747647677433
counter/4/0/0/0,13840:1747647661694:,1747647677433
counter/4/0/0/0,13841:1747647661694:,1747647677433
counter/4/0/0/0,13842:1747647661694:,1747647677433
counter/4/0/0/0,13843:1747647661694:,1747647677433
counter/4/0/0/0,13844:1747647661694:,1747647677433
counter/6/0/0/0,13456:1747647660910:,1747647677434
counter/2/0/0/0,13470:1747647659718:,1747647677434
counter/2/0/0/0,13471:1747647659718:,1747647677434
counter/2/0/0/0,13472:1747647659718:,1747647677434
counter/2/0/0/0,13473:1747647659718:,1747647677434
counter/2/0/0/0,13474:1747647659718:,1747647677434
counter/2/0/0/0,13475:1747647659718:,1747647677434
counter/2/0/0/0,13476:1747647659718:,1747647677434
counter/2/0/0/0,13477:1747647659718:,1747647677434
counter/7/0/0/0,13549:1747647660630:,1747647677434
counter/2/0/0/0,13478:1747647659718:,1747647677434
counter/8/0/0/0,13923:1747647659998:,1747647677435
counter/4/0/0/0,13845:1747647661694:,1747647677436
counter/4/0/0/0,13846:1747647661694:,1747647677436
counter/7/0/0/0,13550:1747647660630:,1747647677436
counter/4/0/0/0,13847:1747647661694:,1747647677436
counter/9/0/0/0,14267:1747647660554:,1747647677439
counter/4/0/0/0,13848:1747647661694:,1747647677441
counter/4/0/0/0,13849:1747647661694:,1747647677441
counter/4/0/0/0,13850:1747647661694:,1747647677441
counter/4/0/0/0,13851:1747647661694:,1747647677441
counter/4/0/0/0,13852:1747647661694:,1747647677441
counter/4/0/0/0,13853:1747647661694:,1747647677441
counter/4/0/0/0,13854:1747647661694:,1747647677441
counter/4/0/0/0,13855:1747647661694:,1747647677441
counter/4/0/0/0,13856:1747647661694:,1747647677441
counter/7/0/0/0,13551:1747647660631:,1747647677441
counter/3/0/0/0,14646:1747647661901:,1747647677442
counter/3/0/0/0,14647:1747647661901:,1747647677442
counter/3/0/0/0,14648:1747647662358:,1747647677442
counter/8/0/0/0,13924:1747647659998:,1747647677444
counter/2/0/0/0,13479:1747647659721:,1747647677445
counter/2/0/0/0,13480:1747647659721:,1747647677445
counter/2/0/0/0,13481:1747647659721:,1747647677445
counter/2/0/0/0,13482:1747647659721:,1747647677445
counter/2/0/0/0,13483:1747647659722:,1747647677445
counter/5/0/0/0,13585:1747647659822:,1747647677445
counter/7/0/0/0,13552:1747647660631:,1747647677445
counter/7/0/0/0,13553:1747647660631:,1747647677445
counter/7/0/0/0,13554:1747647660631:,1747647677445
counter/7/0/0/0,13555:1747647660637:,1747647677446
counter/7/0/0/0,13556:1747647660640:,1747647677446
counter/7/0/0/0,13557:1747647660642:,1747647677446
counter/7/0/0/0,13558:1747647660653:,1747647677446
counter/7/0/0/0,13559:1747647660653:,1747647677446
counter/7/0/0/0,13560:1747647660653:,1747647677447
counter/7/0/0/0,13561:1747647660653:,1747647677447
counter/7/0/0/0,13562:1747647660653:,1747647677447
counter/7/0/0/0,13563:1747647660654:,1747647677447
counter/7/0/0/0,13564:1747647660654:,1747647677447
counter/7/0/0/0,13565:1747647660656:,1747647677447
counter/7/0/0/0,13566:1747647660656:,1747647677447
counter/7/0/0/0,13567:1747647660658:,1747647677447
counter/7/0/0/0,13568:1747647660658:,1747647677447
counter/7/0/0/0,13569:1747647660658:,1747647677447
counter/10/0/0/0,12925:1747647660519:,1747647677447
counter/10/0/0/0,12926:1747647660519:,1747647677447
counter/5/0/0/0,13586:1747647659823:,1747647677447
counter/10/0/0/0,12927:1747647660519:,1747647677448
counter/10/0/0/0,12928:1747647660525:,1747647677448
counter/7/0/0/0,13570:1747647660658:,1747647677448
counter/7/0/0/0,13571:1747647660658:,1747647677448
counter/7/0/0/0,13572:1747647660658:,1747647677448
counter/7/0/0/0,13573:1747647660661:,1747647677449
counter/7/0/0/0,13574:1747647660661:,1747647677449
counter/7/0/0/0,13575:1747647660661:,1747647677449
counter/7/0/0/0,13576:1747647660661:,1747647677449
counter/7/0/0/0,13577:1747647660661:,1747647677449
counter/9/0/0/0,14268:1747647660554:,1747647677449
counter/2/0/0/0,13484:1747647659726:,1747647677449
counter/9/0/0/0,14269:1747647660554:,1747647677449
counter/9/0/0/0,14270:1747647660554:,1747647677449
counter/9/0/0/0,14271:1747647660554:,1747647677449
counter/1/0/0/0,14793:1747647661549:,1747647677449
counter/8/0/0/0,13925:1747647659998:,1747647677449
counter/1/0/0/0,14794:1747647661549:,1747647677449
counter/4/0/0/0,13857:1747647661699:,1747647677451
counter/7/0/0/0,13578:1747647660661:,1747647677451
counter/3/0/0/0,14649:1747647662358:,1747647677451
counter/2/0/0/0,13485:1747647659728:,1747647677451
counter/3/0/0/0,14650:1747647662358:,1747647677451
counter/9/0/0/0,14272:1747647660554:,1747647677451
counter/9/0/0/0,14273:1747647660554:,1747647677451
counter/10/0/0/0,12929:1747647660525:,1747647677451
counter/10/0/0/0,12930:1747647660525:,1747647677451
counter/10/0/0/0,12931:1747647660525:,1747647677451
counter/3/0/0/0,14651:1747647662358:,1747647677454
counter/3/0/0/0,14652:1747647662363:,1747647677454
counter/3/0/0/0,14653:1747647662363:,1747647677454
counter/3/0/0/0,14654:1747647662368:,1747647677454
counter/3/0/0/0,14655:1747647662368:,1747647677454
counter/7/0/0/0,13579:1747647660661:,1747647677454
counter/2/0/0/0,13486:1747647659728:,1747647677455
counter/2/0/0/0,13487:1747647659728:,1747647677455
counter/2/0/0/0,13488:1747647659728:,1747647677455
counter/2/0/0/0,13489:1747647659728:,1747647677455
counter/5/0/0/0,13587:1747647659823:,1747647677456
counter/2/0/0/0,13490:1747647659728:,1747647677456
counter/2/0/0/0,13491:1747647659728:,1747647677456
counter/6/0/0/0,13457:1747647660910:,1747647677456
counter/2/0/0/0,13492:1747647659728:,1747647677456
counter/10/0/0/0,12932:1747647660525:,1747647677456
counter/10/0/0/0,12933:1747647660525:,1747647677456
counter/4/0/0/0,13858:1747647661699:,1747647677456
counter/4/0/0/0,13859:1747647661699:,1747647677456
counter/9/0/0/0,14274:1747647660554:,1747647677457
counter/9/0/0/0,14275:1747647660554:,1747647677457
counter/9/0/0/0,14276:1747647660554:,1747647677457
counter/9/0/0/0,14277:1747647660554:,1747647677457
counter/9/0/0/0,14278:1747647660554:,1747647677457
counter/9/0/0/0,14279:1747647660559:,1747647677457
counter/7/0/0/0,13580:1747647660661:,1747647677457
counter/2/0/0/0,13493:1747647659728:,1747647677458
counter/5/0/0/0,13588:1747647659823:,1747647677458
counter/5/0/0/0,13589:1747647659823:,1747647677458
counter/5/0/0/0,13590:1747647659830:,1747647677458
counter/5/0/0/0,13591:1747647659830:,1747647677458
counter/5/0/0/0,13592:1747647659830:,1747647677458
counter/5/0/0/0,13593:1747647659830:,1747647677458
counter/5/0/0/0,13594:1747647659830:,1747647677458
counter/6/0/0/0,13458:1747647660910:,1747647677458
counter/6/0/0/0,13459:1747647660910:,1747647677458
counter/6/0/0/0,13460:1747647660910:,1747647677458
counter/6/0/0/0,13461:1747647660910:,1747647677458
counter/6/0/0/0,13462:1747647660910:,1747647677458
counter/6/0/0/0,13463:1747647660910:,1747647677459
counter/6/0/0/0,13464:1747647660910:,1747647677459
counter/6/0/0/0,13465:1747647660910:,1747647677459
counter/6/0/0/0,13466:1747647660910:,1747647677459
counter/6/0/0/0,13467:1747647660910:,1747647677459
counter/6/0/0/0,13468:1747647660910:,1747647677459
counter/6/0/0/0,13469:1747647660910:,1747647677459
counter/6/0/0/0,13470:1747647660910:,1747647677459
counter/8/0/0/0,13926:1747647659998:,1747647677459
counter/2/0/0/0,13494:1747647659728:,1747647677459
counter/8/0/0/0,13927:1747647659998:,1747647677459
counter/8/0/0/0,13928:1747647659998:,1747647677459
counter/8/0/0/0,13929:1747647659998:,1747647677459
counter/10/0/0/0,12934:1747647660525:,1747647677460
counter/1/0/0/0,14795:1747647661549:,1747647677461
counter/1/0/0/0,14796:1747647661549:,1747647677461
counter/1/0/0/0,14797:1747647661549:,1747647677462
counter/1/0/0/0,14798:1747647661549:,1747647677462
counter/1/0/0/0,14799:1747647661550:,1747647677462
counter/2/0/0/0,13495:1747647659731:,1747647677462
counter/6/0/0/0,13471:1747647660910:,1747647677462
counter/5/0/0/0,13595:1747647659835:,1747647677462
counter/5/0/0/0,13596:1747647659835:,1747647677462
counter/5/0/0/0,13597:1747647659835:,1747647677462
counter/5/0/0/0,13598:1747647659835:,1747647677462
counter/5/0/0/0,13599:1747647659835:,1747647677462
counter/5/0/0/0,13600:1747647659835:,1747647677462
counter/5/0/0/0,13601:1747647659835:,1747647677462
counter/5/0/0/0,13602:1747647659835:,1747647677462
counter/5/0/0/0,13603:1747647659840:,1747647677462
counter/7/0/0/0,13581:1747647660662:,1747647677463
counter/7/0/0/0,13582:1747647660663:,1747647677463
counter/4/0/0/0,13860:1747647661699:,1747647677463
counter/7/0/0/0,13583:1747647660663:,1747647677463
counter/7/0/0/0,13584:1747647660667:,1747647677463
counter/7/0/0/0,13585:1747647660667:,1747647677463
counter/7/0/0/0,13586:1747647660667:,1747647677463
counter/7/0/0/0,13587:1747647660667:,1747647677463
counter/7/0/0/0,13588:1747647660667:,1747647677463
counter/5/0/0/0,13604:1747647659841:,1747647677463
counter/5/0/0/0,13605:1747647659843:,1747647677463
counter/5/0/0/0,13606:1747647659843:,1747647677463
counter/5/0/0/0,13607:1747647659843:,1747647677463
counter/5/0/0/0,13608:1747647659843:,1747647677463
counter/5/0/0/0,13609:1747647659843:,1747647677463
counter/5/0/0/0,13610:1747647659851:,1747647677463
counter/5/0/0/0,13611:1747647659851:,1747647677463
counter/5/0/0/0,13612:1747647659851:,1747647677463
counter/5/0/0/0,13613:1747647659851:,1747647677463
counter/3/0/0/0,14656:1747647662368:,1747647677463
counter/8/0/0/0,13930:1747647659998:,1747647677464
counter/7/0/0/0,13589:1747647660667:,1747647677464
counter/8/0/0/0,13931:1747647659998:,1747647677464
counter/7/0/0/0,13590:1747647660667:,1747647677464
counter/7/0/0/0,13591:1747647660667:,1747647677464
counter/7/0/0/0,13592:1747647660667:,1747647677464
counter/7/0/0/0,13593:1747647660667:,1747647677464
counter/7/0/0/0,13594:1747647660667:,1747647677464
counter/3/0/0/0,14657:1747647662370:,1747647677464
counter/6/0/0/0,13472:1747647660910:,1747647677465
counter/10/0/0/0,12935:1747647660526:,1747647677465
counter/9/0/0/0,14280:1747647660559:,1747647677466
counter/5/0/0/0,13614:1747647659851:,1747647677467
counter/5/0/0/0,13615:1747647659851:,1747647677467
counter/5/0/0/0,13616:1747647659851:,1747647677467
counter/5/0/0/0,13617:1747647659851:,1747647677467
counter/5/0/0/0,13618:1747647659851:,1747647677467
counter/5/0/0/0,13619:1747647659851:,1747647677467
counter/5/0/0/0,13620:1747647659851:,1747647677467
counter/5/0/0/0,13621:1747647659851:,1747647677467
counter/5/0/0/0,13622:1747647659851:,1747647677467
counter/5/0/0/0,13623:1747647659851:,1747647677467
counter/3/0/0/0,14658:1747647662373:,1747647677467
counter/9/0/0/0,14281:1747647660559:,1747647677468
counter/9/0/0/0,14282:1747647660559:,1747647677468
counter/9/0/0/0,14283:1747647660559:,1747647677468
counter/9/0/0/0,14284:1747647660559:,1747647677468
counter/9/0/0/0,14285:1747647660559:,1747647677468
counter/5/0/0/0,13624:1747647659851:,1747647677468
counter/2/0/0/0,13496:1747647659731:,1747647677468
counter/5/0/0/0,13625:1747647659851:,1747647677469
counter/5/0/0/0,13626:1747647659851:,1747647677469
counter/5/0/0/0,13627:1747647659853:,1747647677469
counter/5/0/0/0,13628:1747647659853:,1747647677469
counter/5/0/0/0,13629:1747647659853:,1747647677469
counter/5/0/0/0,13630:1747647659853:,1747647677469
counter/6/0/0/0,13473:1747647660910:,1747647677469
counter/4/0/0/0,13861:1747647661703:,1747647677469
counter/3/0/0/0,14659:1747647662373:,1747647677470
counter/3/0/0/0,14660:1747647662373:,1747647677470
counter/3/0/0/0,14661:1747647662373:,1747647677470
counter/3/0/0/0,14662:1747647662377:,1747647677470
counter/3/0/0/0,14663:1747647662378:,1747647677470
counter/4/0/0/0,13862:1747647661703:,1747647677470
counter/9/0/0/0,14286:1747647660559:,1747647677470
counter/9/0/0/0,14287:1747647660559:,1747647677470
counter/9/0/0/0,14288:1747647660559:,1747647677470
counter/9/0/0/0,14289:1747647660559:,1747647677470
counter/9/0/0/0,14290:1747647660560:,1747647677470
counter/9/0/0/0,14291:1747647660560:,1747647677470
counter/8/0/0/0,13932:1747647659998:,1747647677471
counter/2/0/0/0,13497:1747647659731:,1747647677471
counter/8/0/0/0,13933:1747647659998:,1747647677471
counter/8/0/0/0,13934:1747647659998:,1747647677471
counter/8/0/0/0,13935:1747647659999:,1747647677471
counter/4/0/0/0,13863:1747647661710:,1747647677472
counter/4/0/0/0,13864:1747647661722:,1747647677472
counter/4/0/0/0,13865:1747647661722:,1747647677473
counter/4/0/0/0,13866:1747647661722:,1747647677473
counter/4/0/0/0,13867:1747647661722:,1747647677473
counter/7/0/0/0,13595:1747647660667:,1747647677473
counter/10/0/0/0,12936:1747647660526:,1747647677474
counter/8/0/0/0,13936:1747647659999:,1747647677474
counter/7/0/0/0,13596:1747647660667:,1747647677474
counter/8/0/0/0,13937:1747647659999:,1747647677474
counter/8/0/0/0,13938:1747647660006:,1747647677474
counter/5/0/0/0,13631:1747647659853:,1747647677474
counter/6/0/0/0,13474:1747647660910:,1747647677476
counter/6/0/0/0,13475:1747647660910:,1747647677476
counter/6/0/0/0,13476:1747647660911:,1747647677476
counter/6/0/0/0,13477:1747647660911:,1747647677476
counter/3/0/0/0,14664:1747647662378:,1747647677477
counter/9/0/0/0,14292:1747647660560:,1747647677478
counter/9/0/0/0,14293:1747647660560:,1747647677479
counter/9/0/0/0,14294:1747647660568:,1747647677479
counter/9/0/0/0,14295:1747647660571:,1747647677479
counter/9/0/0/0,14296:1747647660571:,1747647677479
counter/9/0/0/0,14297:1747647660571:,1747647677479
counter/9/0/0/0,14298:1747647660571:,1747647677479
counter/9/0/0/0,14299:1747647660572:,1747647677479
counter/9/0/0/0,14300:1747647660572:,1747647677479
counter/9/0/0/0,14301:1747647660572:,1747647677479
counter/9/0/0/0,14302:1747647660572:,1747647677479
counter/9/0/0/0,14303:1747647660572:,1747647677479
counter/9/0/0/0,14304:1747647660572:,1747647677479
counter/9/0/0/0,14305:1747647660580:,1747647677479
counter/9/0/0/0,14306:1747647660580:,1747647677479
counter/9/0/0/0,14307:1747647660580:,1747647677479
counter/9/0/0/0,14308:1747647660580:,1747647677479
counter/9/0/0/0,14309:1747647660580:,1747647677479
counter/9/0/0/0,14310:1747647660580:,1747647677479
counter/9/0/0/0,14311:1747647660580:,1747647677479
counter/9/0/0/0,14312:1747647660580:,1747647677479
counter/8/0/0/0,13939:1747647660007:,1747647677479
counter/7/0/0/0,13597:1747647660667:,1747647677479
counter/9/0/0/0,14313:1747647660580:,1747647677480
counter/9/0/0/0,14314:1747647660580:,1747647677480
counter/9/0/0/0,14315:1747647660580:,1747647677480
counter/9/0/0/0,14316:1747647660580:,1747647677480
counter/9/0/0/0,14317:1747647660580:,1747647677480
counter/7/0/0/0,13598:1747647660667:,1747647677480
counter/4/0/0/0,13868:1747647661722:,1747647677480
counter/4/0/0/0,13869:1747647661723:,1747647677480
counter/4/0/0/0,13870:1747647661723:,1747647677480
counter/4/0/0/0,13871:1747647661723:,1747647677480
counter/4/0/0/0,13872:1747647661723:,1747647677480
counter/4/0/0/0,13873:1747647661723:,1747647677480
counter/3/0/0/0,14665:1747647662379:,1747647677480
counter/4/0/0/0,13874:1747647661723:,1747647677480
counter/4/0/0/0,13875:1747647661723:,1747647677480
counter/4/0/0/0,13876:1747647661723:,1747647677480
counter/10/0/0/0,12937:1747647660526:,1747647677481
counter/10/0/0/0,12938:1747647660526:,1747647677481
counter/10/0/0/0,12939:1747647660526:,1747647677481
counter/10/0/0/0,12940:1747647660526:,1747647677481
counter/4/0/0/0,13877:1747647661723:,1747647677482
counter/1/0/0/0,14800:1747647661550:,1747647677483
counter/1/0/0/0,14801:1747647661550:,1747647677483
counter/1/0/0/0,14802:1747647661550:,1747647677483
counter/1/0/0/0,14803:1747647661555:,1747647677483
counter/1/0/0/0,14804:1747647661575:,1747647677483
counter/2/0/0/0,13498:1747647659731:,1747647677483
counter/1/0/0/0,14805:1747647661575:,1747647677483
counter/2/0/0/0,13499:1747647659733:,1747647677484
counter/9/0/0/0,14318:1747647660580:,1747647677484
counter/2/0/0/0,13500:1747647659733:,1747647677484
counter/9/0/0/0,14319:1747647660580:,1747647677484
counter/9/0/0/0,14320:1747647660580:,1747647677484
counter/9/0/0/0,14321:1747647660584:,1747647677484
counter/9/0/0/0,14322:1747647660584:,1747647677484
counter/9/0/0/0,14323:1747647660584:,1747647677485
counter/6/0/0/0,13478:1747647660914:,1747647677485
counter/6/0/0/0,13479:1747647660914:,1747647677485
counter/10/0/0/0,12941:1747647660526:,1747647677485
counter/5/0/0/0,13632:1747647659853:,1747647677490
counter/9/0/0/0,14324:1747647660584:,1747647677491
counter/9/0/0/0,14325:1747647660584:,1747647677491
counter/9/0/0/0,14326:1747647660584:,1747647677491
counter/9/0/0/0,14327:1747647660584:,1747647677491
counter/9/0/0/0,14328:1747647660585:,1747647677491
counter/9/0/0/0,14329:1747647660590:,1747647677491
counter/6/0/0/0,13480:1747647660914:,1747647677491
counter/3/0/0/0,14666:1747647662395:,1747647677492
counter/3/0/0/0,14667:1747647662395:,1747647677492
counter/3/0/0/0,14668:1747647662395:,1747647677492
counter/3/0/0/0,14669:1747647662395:,1747647677492
counter/3/0/0/0,14670:1747647662395:,1747647677492
counter/3/0/0/0,14671:1747647662395:,1747647677492
counter/2/0/0/0,13501:1747647659733:,1747647677492
counter/2/0/0/0,13502:1747647659733:,1747647677493
counter/2/0/0/0,13503:1747647659733:,1747647677493
counter/2/0/0/0,13504:1747647659733:,1747647677493
counter/2/0/0/0,13505:1747647659733:,1747647677493
counter/2/0/0/0,13506:1747647659734:,1747647677493
counter/2/0/0/0,13507:1747647659734:,1747647677493
counter/2/0/0/0,13508:1747647659734:,1747647677493
counter/2/0/0/0,13509:1747647659734:,1747647677493
counter/2/0/0/0,13510:1747647659734:,1747647677493
counter/2/0/0/0,13511:1747647659734:,1747647677493
counter/7/0/0/0,13599:1747647660667:,1747647677493
counter/4/0/0/0,13878:1747647661723:,1747647677493
counter/4/0/0/0,13879:1747647661723:,1747647677493
counter/4/0/0/0,13880:1747647661723:,1747647677493
counter/4/0/0/0,13881:1747647661723:,1747647677493
counter/4/0/0/0,13882:1747647661723:,1747647677493
counter/4/0/0/0,13883:1747647661723:,1747647677493
counter/4/0/0/0,13884:1747647661723:,1747647677494
counter/4/0/0/0,13885:1747647661723:,1747647677494
counter/3/0/0/0,14672:1747647662395:,1747647677494
counter/4/0/0/0,13886:1747647661723:,1747647677494
counter/6/0/0/0,13481:1747647660914:,1747647677494
counter/6/0/0/0,13482:1747647660914:,1747647677494
counter/9/0/0/0,14330:1747647660590:,1747647677495
counter/9/0/0/0,14331:1747647660590:,1747647677495
counter/9/0/0/0,14332:1747647660590:,1747647677495
counter/9/0/0/0,14333:1747647660592:,1747647677495
counter/9/0/0/0,14334:1747647660592:,1747647677495
counter/9/0/0/0,14335:1747647660592:,1747647677495
counter/9/0/0/0,14336:1747647660592:,1747647677495
counter/9/0/0/0,14337:1747647660592:,1747647677495
counter/1/0/0/0,14806:1747647661575:,1747647677495
counter/5/0/0/0,13633:1747647659863:,1747647677495
counter/5/0/0/0,13634:1747647659863:,1747647677495
counter/5/0/0/0,13635:1747647659863:,1747647677495
counter/5/0/0/0,13636:1747647659863:,1747647677495
counter/3/0/0/0,14673:1747647662395:,1747647677495
counter/3/0/0/0,14674:1747647662395:,1747647677495
counter/3/0/0/0,14675:1747647662395:,1747647677495
counter/3/0/0/0,14676:1747647662395:,1747647677495
counter/3/0/0/0,14677:1747647662395:,1747647677495
counter/1/0/0/0,14807:1747647661575:,1747647677497
counter/10/0/0/0,12942:1747647660526:,1747647677497
counter/10/0/0/0,12943:1747647660526:,1747647677497
counter/8/0/0/0,13940:1747647660007:,1747647677498
counter/6/0/0/0,13483:1747647660914:,1747647677498
counter/6/0/0/0,13484:1747647660914:,1747647677498
counter/4/0/0/0,13887:1747647661724:,1747647677498
counter/6/0/0/0,13485:1747647660914:,1747647677498
counter/6/0/0/0,13486:1747647660914:,1747647677499
counter/6/0/0/0,13487:1747647660914:,1747647677499
counter/2/0/0/0,13512:1747647659734:,1747647677500
counter/2/0/0/0,13513:1747647659734:,1747647677500
counter/2/0/0/0,13514:1747647659734:,1747647677500
counter/2/0/0/0,13515:1747647659734:,1747647677500
counter/2/0/0/0,13516:1747647659738:,1747647677500
counter/2/0/0/0,13517:1747647659738:,1747647677500
counter/2/0/0/0,13518:1747647659738:,1747647677500
counter/2/0/0/0,13519:1747647659738:,1747647677500
counter/2/0/0/0,13520:1747647659747:,1747647677500
counter/2/0/0/0,13521:1747647659747:,1747647677500
counter/2/0/0/0,13522:1747647659747:,1747647677500
counter/9/0/0/0,14338:1747647660592:,1747647677500
counter/1/0/0/0,14808:1747647661575:,1747647677500
counter/7/0/0/0,13600:1747647660667:,1747647677501
counter/9/0/0/0,14339:1747647660592:,1747647677501
counter/7/0/0/0,13601:1747647660667:,1747647677501
counter/10/0/0/0,12944:1747647660537:,1747647677501
counter/10/0/0/0,12945:1747647660537:,1747647677501
counter/6/0/0/0,13488:1747647660914:,1747647677501
counter/10/0/0/0,12946:1747647660537:,1747647677501
counter/5/0/0/0,13637:1747647659863:,1747647677501
counter/5/0/0/0,13638:1747647659863:,1747647677501
counter/3/0/0/0,14678:1747647662396:,1747647677503
counter/3/0/0/0,14679:1747647662396:,1747647677503
counter/3/0/0/0,14680:1747647662396:,1747647677503
counter/4/0/0/0,13888:1747647661724:,1747647677504
counter/10/0/0/0,12947:1747647660537:,1747647677505
counter/10/0/0/0,12948:1747647660537:,1747647677505
counter/10/0/0/0,12949:1747647660537:,1747647677505
counter/10/0/0/0,12950:1747647660537:,1747647677505
counter/10/0/0/0,12951:1747647660537:,1747647677505
counter/10/0/0/0,12952:1747647660537:,1747647677505
counter/10/0/0/0,12953:1747647660537:,1747647677505
counter/10/0/0/0,12954:1747647660537:,1747647677505
counter/9/0/0/0,14340:1747647660592:,1747647677506
counter/7/0/0/0,13602:1747647660667:,1747647677506
counter/3/0/0/0,14681:1747647662396:,1747647677508
counter/3/0/0/0,14682:1747647662410:,1747647677508
counter/3/0/0/0,14683:1747647662411:,1747647677508
counter/3/0/0/0,14684:1747647662411:,1747647677508
counter/1/0/0/0,14809:1747647661575:,1747647677508
counter/8/0/0/0,13941:1747647660007:,1747647677508
counter/8/0/0/0,13942:1747647660007:,1747647677509
counter/8/0/0/0,13943:1747647660007:,1747647677509
counter/8/0/0/0,13944:1747647660007:,1747647677509
counter/8/0/0/0,13945:1747647660007:,1747647677509
counter/8/0/0/0,13946:1747647660007:,1747647677509
counter/8/0/0/0,13947:1747647660007:,1747647677509
counter/6/0/0/0,13489:1747647660914:,1747647677509
counter/9/0/0/0,14341:1747647660592:,1747647677510
counter/4/0/0/0,13889:1747647661724:,1747647677510
counter/6/0/0/0,13490:1747647660914:,1747647677510
counter/4/0/0/0,13890:1747647661724:,1747647677510
counter/2/0/0/0,13523:1747647659747:,1747647677510
counter/4/0/0/0,13891:1747647661724:,1747647677510
counter/4/0/0/0,13892:1747647661724:,1747647677510
counter/3/0/0/0,14685:1747647662411:,1747647677510
counter/3/0/0/0,14686:1747647662411:,1747647677510
counter/3/0/0/0,14687:1747647662411:,1747647677510
counter/3/0/0/0,14688:1747647662411:,1747647677511
counter/3/0/0/0,14689:1747647662411:,1747647677511
counter/3/0/0/0,14690:1747647662414:,1747647677511
counter/3/0/0/0,14691:1747647662414:,1747647677511
counter/3/0/0/0,14692:1747647662414:,1747647677511
counter/3/0/0/0,14693:1747647662415:,1747647677511
counter/3/0/0/0,14694:1747647662415:,1747647677511
counter/3/0/0/0,14695:1747647662415:,1747647677511
counter/3/0/0/0,14696:1747647662415:,1747647677511
counter/3/0/0/0,14697:1747647662415:,1747647677511
counter/3/0/0/0,14698:1747647662415:,1747647677511
counter/8/0/0/0,13948:1747647660007:,1747647677511
counter/9/0/0/0,14342:1747647660592:,1747647677511
counter/10/0/0/0,12955:1747647660537:,1747647677511
counter/9/0/0/0,14343:1747647660593:,1747647677511
counter/2/0/0/0,13524:1747647659747:,1747647677511
counter/2/0/0/0,13525:1747647659747:,1747647677511
counter/4/0/0/0,13893:1747647661724:,1747647677512
counter/5/0/0/0,13639:1747647659863:,1747647677512
counter/5/0/0/0,13640:1747647659863:,1747647677512
counter/3/0/0/0,14699:1747647662415:,1747647677512
counter/3/0/0/0,14700:1747647662415:,1747647677512
counter/3/0/0/0,14701:1747647662415:,1747647677512
counter/3/0/0/0,14702:1747647662415:,1747647677512
counter/3/0/0/0,14703:1747647662415:,1747647677512
counter/3/0/0/0,14704:1747647662415:,1747647677512
counter/3/0/0/0,14705:1747647662415:,1747647677512
counter/3/0/0/0,14706:1747647662415:,1747647677512
counter/3/0/0/0,14707:1747647662417:,1747647677512
counter/3/0/0/0,14708:1747647662417:,1747647677512
counter/2/0/0/0,13526:1747647659748:,1747647677512
counter/9/0/0/0,14344:1747647660593:,1747647677512
counter/9/0/0/0,14345:1747647660593:,1747647677512
counter/5/0/0/0,13641:1747647659863:,1747647677512
counter/4/0/0/0,13894:1747647661724:,1747647677513
counter/4/0/0/0,13895:1747647661724:,1747647677513
counter/9/0/0/0,14346:1747647660593:,1747647677513
counter/9/0/0/0,14347:1747647660593:,1747647677513
counter/5/0/0/0,13642:1747647659863:,1747647677513
counter/6/0/0/0,13491:1747647660914:,1747647677513
counter/6/0/0/0,13492:1747647660914:,1747647677513
counter/6/0/0/0,13493:1747647660914:,1747647677514
counter/6/0/0/0,13494:1747647660914:,1747647677514
counter/6/0/0/0,13495:1747647660914:,1747647677514
counter/6/0/0/0,13496:1747647660915:,1747647677514
counter/6/0/0/0,13497:1747647660915:,1747647677514
counter/6/0/0/0,13498:1747647660915:,1747647677514
counter/6/0/0/0,13499:1747647660915:,1747647677514
counter/3/0/0/0,14709:1747647662417:,1747647677514
counter/8/0/0/0,13949:1747647660007:,1747647677514
counter/8/0/0/0,13950:1747647660007:,1747647677514
counter/8/0/0/0,13951:1747647660007:,1747647677514
counter/9/0/0/0,14348:1747647660593:,1747647677514
counter/2/0/0/0,13527:1747647659748:,1747647677514
counter/10/0/0/0,12956:1747647660538:,1747647677515
counter/10/0/0/0,12957:1747647660538:,1747647677515
counter/10/0/0/0,12958:1747647660538:,1747647677515
counter/3/0/0/0,14710:1747647662417:,1747647677515
counter/2/0/0/0,13528:1747647659748:,1747647677516
counter/9/0/0/0,14349:1747647660593:,1747647677518
counter/6/0/0/0,13500:1747647660915:,1747647677518
counter/9/0/0/0,14350:1747647660593:,1747647677519
counter/6/0/0/0,13501:1747647660915:,1747647677519
counter/6/0/0/0,13502:1747647660915:,1747647677519
counter/6/0/0/0,13503:1747647660915:,1747647677519
counter/6/0/0/0,13504:1747647660915:,1747647677519
counter/6/0/0/0,13505:1747647660915:,1747647677519
counter/6/0/0/0,13506:1747647660915:,1747647677519
counter/6/0/0/0,13507:1747647660915:,1747647677519
counter/6/0/0/0,13508:1747647660915:,1747647677519
counter/6/0/0/0,13509:1747647660915:,1747647677519
counter/8/0/0/0,13952:1747647660007:,1747647677519
counter/3/0/0/0,14711:1747647662418:,1747647677519
counter/7/0/0/0,13603:1747647660667:,1747647677519
counter/8/0/0/0,13953:1747647660009:,1747647677519
counter/7/0/0/0,13604:1747647660671:,1747647677519
counter/5/0/0/0,13643:1747647659863:,1747647677521
counter/5/0/0/0,13644:1747647659867:,1747647677521
counter/5/0/0/0,13645:1747647659888:,1747647677521
counter/5/0/0/0,13646:1747647659888:,1747647677521
counter/5/0/0/0,13647:1747647659888:,1747647677521
counter/5/0/0/0,13648:1747647659888:,1747647677521
counter/5/0/0/0,13649:1747647659888:,1747647677521
counter/9/0/0/0,14351:1747647660593:,1747647677522
counter/3/0/0/0,14712:1747647662418:,1747647677522
counter/1/0/0/0,14810:1747647661575:,1747647677522
counter/8/0/0/0,13954:1747647660009:,1747647677523
counter/2/0/0/0,13529:1747647659748:,1747647677524
counter/8/0/0/0,13955:1747647660009:,1747647677525
counter/8/0/0/0,13956:1747647660009:,1747647677525
counter/4/0/0/0,13896:1747647661724:,1747647677525
counter/3/0/0/0,14713:1747647662418:,1747647677525
counter/1/0/0/0,14811:1747647661576:,1747647677525
counter/3/0/0/0,14714:1747647662418:,1747647677525
counter/3/0/0/0,14715:1747647662422:,1747647677525
counter/3/0/0/0,14716:1747647662439:,1747647677525
counter/3/0/0/0,14717:1747647662439:,1747647677526
counter/6/0/0/0,13510:1747647660915:,1747647677527
counter/9/0/0/0,14352:1747647660593:,1747647677527
counter/10/0/0/0,12959:1747647660538:,1747647677527
counter/9/0/0/0,14353:1747647660593:,1747647677527
counter/9/0/0/0,14354:1747647660593:,1747647677527
counter/9/0/0/0,14355:1747647660593:,1747647677527
counter/9/0/0/0,14356:1747647660593:,1747647677527
counter/5/0/0/0,13650:1747647659889:,1747647677527
counter/9/0/0/0,14357:1747647660593:,1747647677527
counter/2/0/0/0,13530:1747647659748:,1747647677527
counter/9/0/0/0,14358:1747647660593:,1747647677527
counter/2/0/0/0,13531:1747647659748:,1747647677527
counter/2/0/0/0,13532:1747647659748:,1747647677527
counter/2/0/0/0,13533:1747647659748:,1747647677527
counter/2/0/0/0,13534:1747647659751:,1747647677527
counter/2/0/0/0,13535:1747647659751:,1747647677527
counter/2/0/0/0,13536:1747647659751:,1747647677527
counter/2/0/0/0,13537:1747647659751:,1747647677527
counter/2/0/0/0,13538:1747647659751:,1747647677527
counter/2/0/0/0,13539:1747647659752:,1747647677527
counter/2/0/0/0,13540:1747647659752:,1747647677527
counter/2/0/0/0,13541:1747647659752:,1747647677527
counter/4/0/0/0,13897:1747647661724:,1747647677527
counter/4/0/0/0,13898:1747647661724:,1747647677527
counter/8/0/0/0,13957:1747647660009:,1747647677527
counter/5/0/0/0,13651:1747647659890:,1747647677528
counter/5/0/0/0,13652:1747647659890:,1747647677528
counter/5/0/0/0,13653:1747647659890:,1747647677528
counter/5/0/0/0,13654:1747647659890:,1747647677528
counter/5/0/0/0,13655:1747647659899:,1747647677528
counter/1/0/0/0,14812:1747647661576:,1747647677528
counter/5/0/0/0,13656:1747647659899:,1747647677528
counter/5/0/0/0,13657:1747647659899:,1747647677528
counter/2/0/0/0,13542:1747647659752:,1747647677528
counter/5/0/0/0,13658:1747647659899:,1747647677529
counter/4/0/0/0,13899:1747647661724:,1747647677529
counter/4/0/0/0,13900:1747647661724:,1747647677529
counter/8/0/0/0,13958:1747647660009:,1747647677529
counter/4/0/0/0,13901:1747647661724:,1747647677529
counter/4/0/0/0,13902:1747647661724:,1747647677530
counter/6/0/0/0,13511:1747647660915:,1747647677530
counter/4/0/0/0,13903:1747647661724:,1747647677530
counter/6/0/0/0,13512:1747647660915:,1747647677530
counter/5/0/0/0,13659:1747647659899:,1747647677530
counter/6/0/0/0,13513:1747647660915:,1747647677530
counter/6/0/0/0,13514:1747647660915:,1747647677530
counter/6/0/0/0,13515:1747647660915:,1747647677530
counter/6/0/0/0,13516:1747647660915:,1747647677530
counter/5/0/0/0,13660:1747647659901:,1747647677530
counter/1/0/0/0,14813:1747647661576:,1747647677531
counter/1/0/0/0,14814:1747647661576:,1747647677531
counter/1/0/0/0,14815:1747647661576:,1747647677531
counter/1/0/0/0,14816:1747647661584:,1747647677531
counter/1/0/0/0,14817:1747647661595:,1747647677532
counter/1/0/0/0,14818:1747647661595:,1747647677532
counter/1/0/0/0,14819:1747647661595:,1747647677532
counter/1/0/0/0,14820:1747647661595:,1747647677532
counter/2/0/0/0,13543:1747647659752:,1747647677532
counter/2/0/0/0,13544:1747647659752:,1747647677532
counter/2/0/0/0,13545:1747647659752:,1747647677532
counter/2/0/0/0,13546:1747647659752:,1747647677532
counter/2/0/0/0,13547:1747647659752:,1747647677532
counter/2/0/0/0,13548:1747647659752:,1747647677532
counter/2/0/0/0,13549:1747647659752:,1747647677532
counter/2/0/0/0,13550:1747647659752:,1747647677532
counter/2/0/0/0,13551:1747647659764:,1747647677532
counter/4/0/0/0,13904:1747647661724:,1747647677532
counter/2/0/0/0,13552:1747647659765:,1747647677532
counter/3/0/0/0,14718:1747647662440:,1747647677532
counter/3/0/0/0,14719:1747647662440:,1747647677532
counter/6/0/0/0,13517:1747647660915:,1747647677533
counter/3/0/0/0,14720:1747647662447:,1747647677533
counter/6/0/0/0,13518:1747647660915:,1747647677533
counter/3/0/0/0,14721:1747647662447:,1747647677533
counter/9/0/0/0,14359:1747647660593:,1747647677533
counter/9/0/0/0,14360:1747647660593:,1747647677533
counter/9/0/0/0,14361:1747647660593:,1747647677533
counter/7/0/0/0,13605:1747647660671:,1747647677533
counter/9/0/0/0,14362:1747647660595:,1747647677533
counter/9/0/0/0,14363:1747647660615:,1747647677533
counter/9/0/0/0,14364:1747647660615:,1747647677533
counter/4/0/0/0,13905:1747647661724:,1747647677534
counter/9/0/0/0,14365:1747647660615:,1747647677534
counter/8/0/0/0,13959:1747647660009:,1747647677534
counter/4/0/0/0,13906:1747647661724:,1747647677534
counter/1/0/0/0,14821:1747647661608:,1747647677534
counter/1/0/0/0,14822:1747647661608:,1747647677534
counter/1/0/0/0,14823:1747647661608:,1747647677534
counter/1/0/0/0,14824:1747647661608:,1747647677534
counter/1/0/0/0,14825:1747647661609:,1747647677534
counter/1/0/0/0,14826:1747647661609:,1747647677534
counter/1/0/0/0,14827:1747647661609:,1747647677534
counter/1/0/0/0,14828:1747647661609:,1747647677534
counter/1/0/0/0,14829:1747647661609:,1747647677534
counter/8/0/0/0,13960:1747647660009:,1747647677534
counter/4/0/0/0,13907:1747647661724:,1747647677534
counter/8/0/0/0,13961:1747647660009:,1747647677535
counter/8/0/0/0,13962:1747647660009:,1747647677535
counter/8/0/0/0,13963:1747647660009:,1747647677535
counter/8/0/0/0,13964:1747647660009:,1747647677535
counter/8/0/0/0,13965:1747647660030:,1747647677535
counter/8/0/0/0,13966:1747647660030:,1747647677535
counter/8/0/0/0,13967:1747647660030:,1747647677535
counter/8/0/0/0,13968:1747647660030:,1747647677535
counter/8/0/0/0,13969:1747647660030:,1747647677535
counter/8/0/0/0,13970:1747647660030:,1747647677535
counter/8/0/0/0,13971:1747647660030:,1747647677535
counter/8/0/0/0,13972:1747647660030:,1747647677535
counter/2/0/0/0,13553:1747647659765:,1747647677535
counter/8/0/0/0,13973:1747647660030:,1747647677535
counter/10/0/0/0,12960:1747647660538:,1747647677535
counter/8/0/0/0,13974:1747647660030:,1747647677535
counter/10/0/0/0,12961:1747647660538:,1747647677535
counter/8/0/0/0,13975:1747647660030:,1747647677535
counter/10/0/0/0,12962:1747647660538:,1747647677535
counter/8/0/0/0,13976:1747647660030:,1747647677535
counter/10/0/0/0,12963:1747647660538:,1747647677535
counter/8/0/0/0,13977:1747647660030:,1747647677536
counter/10/0/0/0,12964:1747647660538:,1747647677536
counter/8/0/0/0,13978:1747647660030:,1747647677536
counter/10/0/0/0,12965:1747647660542:,1747647677536
counter/8/0/0/0,13979:1747647660030:,1747647677536
counter/10/0/0/0,12966:1747647660542:,1747647677536
counter/8/0/0/0,13980:1747647660030:,1747647677536
counter/10/0/0/0,12967:1747647660542:,1747647677536
counter/10/0/0/0,12968:1747647660542:,1747647677536
counter/10/0/0/0,12969:1747647660542:,1747647677536
counter/10/0/0/0,12970:1747647660542:,1747647677536
counter/10/0/0/0,12971:1747647660542:,1747647677536
counter/10/0/0/0,12972:1747647660542:,1747647677536
counter/10/0/0/0,12973:1747647660548:,1747647677536
counter/5/0/0/0,13661:1747647659901:,1747647677536
counter/10/0/0/0,12974:1747647660548:,1747647677536
counter/10/0/0/0,12975:1747647660548:,1747647677536
counter/9/0/0/0,14366:1747647660615:,1747647677536
counter/10/0/0/0,12976:1747647660548:,1747647677536
counter/4/0/0/0,13908:1747647661724:,1747647677537
counter/10/0/0/0,12977:1747647660548:,1747647677537
counter/10/0/0/0,12978:1747647660548:,1747647677538
counter/10/0/0/0,12979:1747647660548:,1747647677538
counter/10/0/0/0,12980:1747647660548:,1747647677538
counter/8/0/0/0,13981:1747647660031:,1747647677538
counter/6/0/0/0,13519:1747647660915:,1747647677538
counter/10/0/0/0,12981:1747647660548:,1747647677538
counter/8/0/0/0,13982:1747647660031:,1747647677538
counter/10/0/0/0,12982:1747647660548:,1747647677538
counter/8/0/0/0,13983:1747647660031:,1747647677538
counter/10/0/0/0,12983:1747647660548:,1747647677538
counter/10/0/0/0,12984:1747647660548:,1747647677538
counter/10/0/0/0,12985:1747647660548:,1747647677538
counter/10/0/0/0,12986:1747647660548:,1747647677538
counter/2/0/0/0,13554:1747647659765:,1747647677539
counter/5/0/0/0,13662:1747647659901:,1747647677539
counter/6/0/0/0,13520:1747647660915:,1747647677539
counter/6/0/0/0,13521:1747647660915:,1747647677539
counter/6/0/0/0,13522:1747647660916:,1747647677539
counter/6/0/0/0,13523:1747647660916:,1747647677539
counter/6/0/0/0,13524:1747647660917:,1747647677539
counter/6/0/0/0,13525:1747647660917:,1747647677539
counter/6/0/0/0,13526:1747647660922:,1747647677539
counter/6/0/0/0,13527:1747647660922:,1747647677539
counter/6/0/0/0,13528:1747647660922:,1747647677539
counter/6/0/0/0,13529:1747647660922:,1747647677539
counter/6/0/0/0,13530:1747647660922:,1747647677539
counter/6/0/0/0,13531:1747647660922:,1747647677539
counter/6/0/0/0,13532:1747647660922:,1747647677539
counter/6/0/0/0,13533:1747647660922:,1747647677539
counter/3/0/0/0,14722:1747647662447:,1747647677540
counter/3/0/0/0,14723:1747647662447:,1747647677540
counter/3/0/0/0,14724:1747647662447:,1747647677540
counter/3/0/0/0,14725:1747647662447:,1747647677540
counter/3/0/0/0,14726:1747647662447:,1747647677540
counter/3/0/0/0,14727:1747647662447:,1747647677540
counter/3/0/0/0,14728:1747647662447:,1747647677540
counter/3/0/0/0,14729:1747647662447:,1747647677540
counter/3/0/0/0,14730:1747647662447:,1747647677540
counter/2/0/0/0,13555:1747647659765:,1747647677540
counter/5/0/0/0,13663:1747647659901:,1747647677540
counter/5/0/0/0,13664:1747647659901:,1747647677540
counter/5/0/0/0,13665:1747647659901:,1747647677540
counter/5/0/0/0,13666:1747647659901:,1747647677540
counter/9/0/0/0,14367:1747647660615:,1747647677540
counter/9/0/0/0,14368:1747647660615:,1747647677540
counter/1/0/0/0,14830:1747647661609:,1747647677541
counter/1/0/0/0,14831:1747647661609:,1747647677541
counter/1/0/0/0,14832:1747647661609:,1747647677541
counter/1/0/0/0,14833:1747647661609:,1747647677541
counter/1/0/0/0,14834:1747647661609:,1747647677541
counter/1/0/0/0,14835:1747647661615:,1747647677541
counter/1/0/0/0,14836:1747647661615:,1747647677541
counter/1/0/0/0,14837:1747647661615:,1747647677541
counter/1/0/0/0,14838:1747647661615:,1747647677541
counter/4/0/0/0,13909:1747647661724:,1747647677541
counter/1/0/0/0,14839:1747647661615:,1747647677541
counter/5/0/0/0,13667:1747647659901:,1747647677542
counter/1/0/0/0,14840:1747647661615:,1747647677542
counter/1/0/0/0,14841:1747647661615:,1747647677542
counter/1/0/0/0,14842:1747647661615:,1747647677542
counter/1/0/0/0,14843:1747647661618:,1747647677542
counter/1/0/0/0,14844:1747647661618:,1747647677542
counter/1/0/0/0,14845:1747647661618:,1747647677542
counter/1/0/0/0,14846:1747647661618:,1747647677542
counter/1/0/0/0,14847:1747647661618:,1747647677542
counter/8/0/0/0,13984:1747647660031:,1747647677542
counter/1/0/0/0,14848:1747647661618:,1747647677542
counter/6/0/0/0,13534:1747647660922:,1747647677542
counter/5/0/0/0,13668:1747647659901:,1747647677542
counter/5/0/0/0,13669:1747647659901:,1747647677543
counter/5/0/0/0,13670:1747647659901:,1747647677543
counter/4/0/0/0,13910:1747647661724:,1747647677543
counter/6/0/0/0,13535:1747647660922:,1747647677543
counter/6/0/0/0,13536:1747647660922:,1747647677543
counter/6/0/0/0,13537:1747647660922:,1747647677543
counter/6/0/0/0,13538:1747647660922:,1747647677544
counter/6/0/0/0,13539:1747647660925:,1747647677544
counter/6/0/0/0,13540:1747647660925:,1747647677544
counter/1/0/0/0,14849:1747647661618:,1747647677544
counter/7/0/0/0,13606:1747647660671:,1747647677544
counter/6/0/0/0,13541:1747647660925:,1747647677544
counter/1/0/0/0,14850:1747647661618:,1747647677544
counter/1/0/0/0,14851:1747647661618:,1747647677544
counter/1/0/0/0,14852:1747647661618:,1747647677544
counter/1/0/0/0,14853:1747647661618:,1747647677544
counter/1/0/0/0,14854:1747647661618:,1747647677544
counter/1/0/0/0,14855:1747647661618:,1747647677544
counter/1/0/0/0,14856:1747647661618:,1747647677544
counter/1/0/0/0,14857:1747647661618:,1747647677544
counter/1/0/0/0,14858:1747647661618:,1747647677544
counter/1/0/0/0,14859:1747647661622:,1747647677544
counter/1/0/0/0,14860:1747647661622:,1747647677544
counter/10/0/0/0,12987:1747647660548:,1747647677545
counter/6/0/0/0,13542:1747647660925:,1747647677545
counter/6/0/0/0,13543:1747647660926:,1747647677545
counter/6/0/0/0,13544:1747647660926:,1747647677545
counter/6/0/0/0,13545:1747647660926:,1747647677546
counter/6/0/0/0,13546:1747647660926:,1747647677546
counter/6/0/0/0,13547:1747647660926:,1747647677546
counter/6/0/0/0,13548:1747647660926:,1747647677546
counter/6/0/0/0,13549:1747647660930:,1747647677546
counter/6/0/0/0,13550:1747647660930:,1747647677546
counter/6/0/0/0,13551:1747647660930:,1747647677546
counter/6/0/0/0,13552:1747647660930:,1747647677546
counter/5/0/0/0,13671:1747647659901:,1747647677546
counter/5/0/0/0,13672:1747647659901:,1747647677546
counter/1/0/0/0,14861:1747647661622:,1747647677546
counter/6/0/0/0,13553:1747647660933:,1747647677546
counter/6/0/0/0,13554:1747647660933:,1747647677546
counter/6/0/0/0,13555:1747647660933:,1747647677546
counter/6/0/0/0,13556:1747647660934:,1747647677546
counter/6/0/0/0,13557:1747647660934:,1747647677546
counter/6/0/0/0,13558:1747647660934:,1747647677546
counter/6/0/0/0,13559:1747647660934:,1747647677546
counter/6/0/0/0,13560:1747647660934:,1747647677546
counter/6/0/0/0,13561:1747647660934:,1747647677546
counter/6/0/0/0,13562:1747647660934:,1747647677546
counter/6/0/0/0,13563:1747647660934:,1747647677546
counter/3/0/0/0,14731:1747647662447:,1747647677548
counter/2/0/0/0,13556:1747647659765:,1747647677549
counter/2/0/0/0,13557:1747647659765:,1747647677549
counter/9/0/0/0,14369:1747647660628:,1747647677549
counter/3/0/0/0,14732:1747647662447:,1747647677550
counter/2/0/0/0,13558:1747647659765:,1747647677550
counter/6/0/0/0,13564:1747647660935:,1747647677551
counter/6/0/0/0,13565:1747647660935:,1747647677551
counter/6/0/0/0,13566:1747647660935:,1747647677551
counter/6/0/0/0,13567:1747647660935:,1747647677551
counter/6/0/0/0,13568:1747647660935:,1747647677551
counter/6/0/0/0,13569:1747647660935:,1747647677551
counter/6/0/0/0,13570:1747647660935:,1747647677551
counter/6/0/0/0,13571:1747647660935:,1747647677551
counter/6/0/0/0,13572:1747647660935:,1747647677551
counter/6/0/0/0,13573:1747647660935:,1747647677551
counter/6/0/0/0,13574:1747647660935:,1747647677551
counter/6/0/0/0,13575:1747647660936:,1747647677551
counter/3/0/0/0,14733:1747647662447:,1747647677552
counter/6/0/0/0,13576:1747647660936:,1747647677552
counter/6/0/0/0,13577:1747647660938:,1747647677552
counter/6/0/0/0,13578:1747647660938:,1747647677552
counter/6/0/0/0,13579:1747647660938:,1747647677552
counter/2/0/0/0,13559:1747647659765:,1747647677552
counter/2/0/0/0,13560:1747647659765:,1747647677553
counter/6/0/0/0,13580:1747647660938:,1747647677553
counter/9/0/0/0,14370:1747647660628:,1747647677553
counter/6/0/0/0,13581:1747647660938:,1747647677553
counter/6/0/0/0,13582:1747647660938:,1747647677553
counter/6/0/0/0,13583:1747647660938:,1747647677553
counter/6/0/0/0,13584:1747647660938:,1747647677553
counter/6/0/0/0,13585:1747647660938:,1747647677553
counter/6/0/0/0,13586:1747647660938:,1747647677553
counter/6/0/0/0,13587:1747647660939:,1747647677553
counter/6/0/0/0,13588:1747647660939:,1747647677553
counter/6/0/0/0,13589:1747647660939:,1747647677553
counter/6/0/0/0,13590:1747647660939:,1747647677553
counter/6/0/0/0,13591:1747647660939:,1747647677553
counter/4/0/0/0,13911:1747647661727:,1747647677554
counter/5/0/0/0,13673:1747647659901:,1747647677554
counter/6/0/0/0,13592:1747647660939:,1747647677554
counter/8/0/0/0,13985:1747647660031:,1747647677554
counter/8/0/0/0,13986:1747647660031:,1747647677554
counter/8/0/0/0,13987:1747647660031:,1747647677554
counter/1/0/0/0,14862:1747647661622:,1747647677554
counter/1/0/0/0,14863:1747647661622:,1747647677554
counter/1/0/0/0,14864:1747647661622:,1747647677554
counter/1/0/0/0,14865:1747647661622:,1747647677554
counter/1/0/0/0,14866:1747647661622:,1747647677554
counter/7/0/0/0,13607:1747647660671:,1747647677555
counter/7/0/0/0,13608:1747647660671:,1747647677555
counter/7/0/0/0,13609:1747647660671:,1747647677555
counter/7/0/0/0,13610:1747647660671:,1747647677555
counter/7/0/0/0,13611:1747647660671:,1747647677555
counter/7/0/0/0,13612:1747647660671:,1747647677555
counter/7/0/0/0,13613:1747647660671:,1747647677555
counter/7/0/0/0,13614:1747647660671:,1747647677555
counter/7/0/0/0,13615:1747647660671:,1747647677555
counter/7/0/0/0,13616:1747647660671:,1747647677555
counter/7/0/0/0,13617:1747647660674:,1747647677555
counter/7/0/0/0,13618:1747647660674:,1747647677555
counter/2/0/0/0,13561:1747647659765:,1747647677556
counter/10/0/0/0,12988:1747647660550:,1747647677556
counter/10/0/0/0,12989:1747647660550:,1747647677556
counter/10/0/0/0,12990:1747647660550:,1747647677556
counter/9/0/0/0,14371:1747647660628:,1747647677556
counter/9/0/0/0,14372:1747647660630:,1747647677556
counter/9/0/0/0,14373:1747647660637:,1747647677556
counter/2/0/0/0,13562:1747647659765:,1747647677556
counter/9/0/0/0,14374:1747647660637:,1747647677556
counter/4/0/0/0,13912:1747647661727:,1747647677556
counter/4/0/0/0,13913:1747647661727:,1747647677556
counter/8/0/0/0,13988:1747647660031:,1747647677556
counter/6/0/0/0,13593:1747647660940:,1747647677556
counter/6/0/0/0,13594:1747647660943:,1747647677556
counter/6/0/0/0,13595:1747647660944:,1747647677556
counter/6/0/0/0,13596:1747647660944:,1747647677557
counter/6/0/0/0,13597:1747647660944:,1747647677557
counter/6/0/0/0,13598:1747647660944:,1747647677557
counter/6/0/0/0,13599:1747647660944:,1747647677557
counter/6/0/0/0,13600:1747647660944:,1747647677557
counter/6/0/0/0,13601:1747647660947:,1747647677557
counter/6/0/0/0,13602:1747647660947:,1747647677557
counter/6/0/0/0,13603:1747647660947:,1747647677557
counter/6/0/0/0,13604:1747647660947:,1747647677557
counter/6/0/0/0,13605:1747647660947:,1747647677557
counter/1/0/0/0,14867:1747647661622:,1747647677558
counter/1/0/0/0,14868:1747647661622:,1747647677558
counter/1/0/0/0,14869:1747647661622:,1747647677558
counter/1/0/0/0,14870:1747647661622:,1747647677558
counter/9/0/0/0,14375:1747647660637:,1747647677559
counter/1/0/0/0,14871:1747647661622:,1747647677559
counter/7/0/0/0,13619:1747647660674:,1747647677559
counter/2/0/0/0,13563:1747647659765:,1747647677559
counter/7/0/0/0,13620:1747647660674:,1747647677559
counter/3/0/0/0,14734:1747647662448:,1747647677559
counter/8/0/0/0,13989:1747647660031:,1747647677559
counter/3/0/0/0,14735:1747647662448:,1747647677561
counter/8/0/0/0,13990:1747647660031:,1747647677561
counter/8/0/0/0,13991:1747647660031:,1747647677561
counter/8/0/0/0,13992:1747647660031:,1747647677561
counter/8/0/0/0,13993:1747647660031:,1747647677561
counter/8/0/0/0,13994:1747647660031:,1747647677561
counter/8/0/0/0,13995:1747647660031:,1747647677562
counter/8/0/0/0,13996:1747647660031:,1747647677562
counter/8/0/0/0,13997:1747647660031:,1747647677562
counter/8/0/0/0,13998:1747647660031:,1747647677562
counter/8/0/0/0,13999:1747647660031:,1747647677562
counter/8/0/0/0,14000:1747647660031:,1747647677562
counter/10/0/0/0,12991:1747647660550:,1747647677562
counter/1/0/0/0,14872:1747647661623:,1747647677562
counter/4/0/0/0,13914:1747647661727:,1747647677563
counter/4/0/0/0,13915:1747647661727:,1747647677563
counter/4/0/0/0,13916:1747647661727:,1747647677563
counter/4/0/0/0,13917:1747647661727:,1747647677563
counter/4/0/0/0,13918:1747647661727:,1747647677563
counter/7/0/0/0,13621:1747647660674:,1747647677563
counter/4/0/0/0,13919:1747647661727:,1747647677563
counter/2/0/0/0,13564:1747647659765:,1747647677564
counter/4/0/0/0,13920:1747647661727:,1747647677564
counter/4/0/0/0,13921:1747647661727:,1747647677564
counter/3/0/0/0,14736:1747647662448:,1747647677564
counter/3/0/0/0,14737:1747647662448:,1747647677564
counter/3/0/0/0,14738:1747647662456:,1747647677564
counter/3/0/0/0,14739:1747647662456:,1747647677564
counter/3/0/0/0,14740:1747647662456:,1747647677564
counter/1/0/0/0,14873:1747647661623:,1747647677564
counter/1/0/0/0,14874:1747647661623:,1747647677564
counter/1/0/0/0,14875:1747647661623:,1747647677564
counter/1/0/0/0,14876:1747647661623:,1747647677564
counter/1/0/0/0,14877:1747647661623:,1747647677564
counter/1/0/0/0,14878:1747647661623:,1747647677564
counter/1/0/0/0,14879:1747647661623:,1747647677564
counter/1/0/0/0,14880:1747647661623:,1747647677564
counter/2/0/0/0,13565:1747647659765:,1747647677564
counter/6/0/0/0,13606:1747647660947:,1747647677564
counter/6/0/0/0,13607:1747647660947:,1747647677564
counter/1/0/0/0,14881:1747647661623:,1747647677565
counter/1/0/0/0,14882:1747647661623:,1747647677565
counter/1/0/0/0,14883:1747647661623:,1747647677565
counter/7/0/0/0,13622:1747647660674:,1747647677565
counter/10/0/0/0,12992:1747647660550:,1747647677565
counter/8/0/0/0,14001:1747647660031:,1747647677565
counter/10/0/0/0,12993:1747647660550:,1747647677565
counter/10/0/0/0,12994:1747647660550:,1747647677565
counter/10/0/0/0,12995:1747647660550:,1747647677565
counter/10/0/0/0,12996:1747647660550:,1747647677565
counter/10/0/0/0,12997:1747647660550:,1747647677565
counter/10/0/0/0,12998:1747647660550:,1747647677565
counter/3/0/0/0,14741:1747647662456:,1747647677566
counter/9/0/0/0,14376:1747647660637:,1747647677566
counter/3/0/0/0,14742:1747647662456:,1747647677567
counter/3/0/0/0,14743:1747647662464:,1747647677567
counter/3/0/0/0,14744:1747647662467:,1747647677567
counter/3/0/0/0,14745:1747647662467:,1747647677567
counter/2/0/0/0,13566:1747647659765:,1747647677567
counter/3/0/0/0,14746:1747647662467:,1747647677567
counter/3/0/0/0,14747:1747647662467:,1747647677567
counter/3/0/0/0,14748:1747647662467:,1747647677567
counter/6/0/0/0,13608:1747647660947:,1747647677567
counter/1/0/0/0,14884:1747647661623:,1747647677569
counter/2/0/0/0,13567:1747647659770:,1747647677569
counter/6/0/0/0,13609:1747647660947:,1747647677569
counter/6/0/0/0,13610:1747647660947:,1747647677569
counter/6/0/0/0,13611:1747647660947:,1747647677569
counter/6/0/0/0,13612:1747647660947:,1747647677569
counter/6/0/0/0,13613:1747647660947:,1747647677569
counter/6/0/0/0,13614:1747647660947:,1747647677569
counter/6/0/0/0,13615:1747647660949:,1747647677570
counter/7/0/0/0,13623:1747647660674:,1747647677570
counter/6/0/0/0,13616:1747647660949:,1747647677570
counter/3/0/0/0,14749:1747647662467:,1747647677571
counter/4/0/0/0,13922:1747647661728:,1747647677571
counter/3/0/0/0,14750:1747647662467:,1747647677571
counter/3/0/0/0,14751:1747647662467:,1747647677571
counter/3/0/0/0,14752:1747647662467:,1747647677571
counter/7/0/0/0,13624:1747647660674:,1747647677571
counter/5/0/0/0,13674:1747647659901:,1747647677571
counter/8/0/0/0,14002:1747647660031:,1747647677571
counter/6/0/0/0,13617:1747647660974:,1747647677572
counter/6/0/0/0,13618:1747647660974:,1747647677572
counter/6/0/0/0,13619:1747647660974:,1747647677572
counter/6/0/0/0,13620:1747647660974:,1747647677572
counter/6/0/0/0,13621:1747647660974:,1747647677572
counter/6/0/0/0,13622:1747647660974:,1747647677572
counter/6/0/0/0,13623:1747647660974:,1747647677572
counter/6/0/0/0,13624:1747647660974:,1747647677572
counter/6/0/0/0,13625:1747647660974:,1747647677572
counter/6/0/0/0,13626:1747647660974:,1747647677572
counter/6/0/0/0,13627:1747647660975:,1747647677572
counter/6/0/0/0,13628:1747647660981:,1747647677572
counter/7/0/0/0,13625:1747647660674:,1747647677573
counter/9/0/0/0,14377:1747647660637:,1747647677573
counter/8/0/0/0,14003:1747647660031:,1747647677573
counter/5/0/0/0,13675:1747647659901:,1747647677573
counter/6/0/0/0,13629:1747647660981:,1747647677573
counter/6/0/0/0,13630:1747647660981:,1747647677573
counter/6/0/0/0,13631:1747647660981:,1747647677574
counter/6/0/0/0,13632:1747647660981:,1747647677574
counter/6/0/0/0,13633:1747647660981:,1747647677574
counter/6/0/0/0,13634:1747647660981:,1747647677574
counter/6/0/0/0,13635:1747647660982:,1747647677574
counter/6/0/0/0,13636:1747647660982:,1747647677574
counter/6/0/0/0,13637:1747647660982:,1747647677574
counter/6/0/0/0,13638:1747647660982:,1747647677574
counter/6/0/0/0,13639:1747647660982:,1747647677574
counter/6/0/0/0,13640:1747647660982:,1747647677574
counter/6/0/0/0,13641:1747647660982:,1747647677574
counter/7/0/0/0,13626:1747647660674:,1747647677574
counter/3/0/0/0,14753:1747647662467:,1747647677574
counter/3/0/0/0,14754:1747647662469:,1747647677574
counter/10/0/0/0,12999:1747647660550:,1747647677575
counter/10/0/0/0,13000:1747647660550:,1747647677575
counter/10/0/0/0,13001:1747647660550:,1747647677575
counter/10/0/0/0,13002:1747647660550:,1747647677575
counter/10/0/0/0,13003:1747647660550:,1747647677575
counter/10/0/0/0,13004:1747647660553:,1747647677575
counter/10/0/0/0,13005:1747647660553:,1747647677575
counter/10/0/0/0,13006:1747647660553:,1747647677575
counter/10/0/0/0,13007:1747647660553:,1747647677575
counter/10/0/0/0,13008:1747647660553:,1747647677575
counter/10/0/0/0,13009:1747647660553:,1747647677575
counter/10/0/0/0,13010:1747647660553:,1747647677575
counter/10/0/0/0,13011:1747647660557:,1747647677575
counter/5/0/0/0,13676:1747647659901:,1747647677575
counter/6/0/0/0,13642:1747647660982:,1747647677575
counter/6/0/0/0,13643:1747647660982:,1747647677576
counter/6/0/0/0,13644:1747647660991:,1747647677576
counter/6/0/0/0,13645:1747647660991:,1747647677576
counter/6/0/0/0,13646:1747647660991:,1747647677576
counter/6/0/0/0,13647:1747647660991:,1747647677576
counter/6/0/0/0,13648:1747647660991:,1747647677576
counter/6/0/0/0,13649:1747647660991:,1747647677576
counter/6/0/0/0,13650:1747647660991:,1747647677576
counter/6/0/0/0,13651:1747647660997:,1747647677576
counter/6/0/0/0,13652:1747647660997:,1747647677576
counter/6/0/0/0,13653:1747647660997:,1747647677576
counter/6/0/0/0,13654:1747647660997:,1747647677576
counter/6/0/0/0,13655:1747647660997:,1747647677576
counter/6/0/0/0,13656:1747647660998:,1747647677576
counter/6/0/0/0,13657:1747647660998:,1747647677581
counter/6/0/0/0,13658:1747647660998:,1747647677582
counter/6/0/0/0,13659:1747647660998:,1747647677582
counter/6/0/0/0,13660:1747647660998:,1747647677582
counter/6/0/0/0,13661:1747647660998:,1747647677582
counter/6/0/0/0,13662:1747647660998:,1747647677582
counter/8/0/0/0,14004:1747647660031:,1747647677582
counter/2/0/0/0,13568:1747647659771:,1747647677582
counter/8/0/0/0,14005:1747647660031:,1747647677582
counter/9/0/0/0,14378:1747647660640:,1747647677582
counter/9/0/0/0,14379:1747647660640:,1747647677582
counter/9/0/0/0,14380:1747647660641:,1747647677583
counter/9/0/0/0,14381:1747647660641:,1747647677583
counter/4/0/0/0,13923:1747647661728:,1747647677583
counter/1/0/0/0,14885:1747647661623:,1747647677583
counter/4/0/0/0,13924:1747647661728:,1747647677583
counter/1/0/0/0,14886:1747647661624:,1747647677583
counter/3/0/0/0,14755:1747647662469:,1747647677583
counter/7/0/0/0,13627:1747647660674:,1747647677583
counter/8/0/0/0,14006:1747647660033:,1747647677583
counter/9/0/0/0,14382:1747647660641:,1747647677584
counter/3/0/0/0,14756:1747647662506:,1747647677584
counter/7/0/0/0,13628:1747647660674:,1747647677584
counter/5/0/0/0,13677:1747647659901:,1747647677584
counter/1/0/0/0,14887:1747647661624:,1747647677584
counter/2/0/0/0,13569:1747647659771:,1747647677584
counter/9/0/0/0,14383:1747647660641:,1747647677585
counter/3/0/0/0,14757:1747647662506:,1747647677585
counter/3/0/0/0,14758:1747647662506:,1747647677585
counter/3/0/0/0,14759:1747647662506:,1747647677585
counter/3/0/0/0,14760:1747647662506:,1747647677585
counter/3/0/0/0,14761:1747647662506:,1747647677585
counter/3/0/0/0,14762:1747647662506:,1747647677585
counter/3/0/0/0,14763:1747647662506:,1747647677585
counter/3/0/0/0,14764:1747647662506:,1747647677585
counter/3/0/0/0,14765:1747647662506:,1747647677585
counter/3/0/0/0,14766:1747647662506:,1747647677585
counter/3/0/0/0,14767:1747647662506:,1747647677585
counter/3/0/0/0,14768:1747647662506:,1747647677585
counter/3/0/0/0,14769:1747647662507:,1747647677585
counter/3/0/0/0,14770:1747647662507:,1747647677586
counter/3/0/0/0,14771:1747647662507:,1747647677586
counter/3/0/0/0,14772:1747647662507:,1747647677586
counter/3/0/0/0,14773:1747647662507:,1747647677586
counter/7/0/0/0,13629:1747647660674:,1747647677586
counter/2/0/0/0,13570:1747647659772:,1747647677586
counter/7/0/0/0,13630:1747647660677:,1747647677586
counter/7/0/0/0,13631:1747647660677:,1747647677586
counter/7/0/0/0,13632:1747647660677:,1747647677587
counter/7/0/0/0,13633:1747647660677:,1747647677587
counter/4/0/0/0,13925:1747647661730:,1747647677587
counter/1/0/0/0,14888:1747647661624:,1747647677587
counter/5/0/0/0,13678:1747647659901:,1747647677588
counter/10/0/0/0,13012:1747647660558:,1747647677589
counter/9/0/0/0,14384:1747647660641:,1747647677590
counter/2/0/0/0,13571:1747647659772:,1747647677590
counter/2/0/0/0,13572:1747647659783:,1747647677590
counter/2/0/0/0,13573:1747647659786:,1747647677590
counter/2/0/0/0,13574:1747647659786:,1747647677590
counter/2/0/0/0,13575:1747647659787:,1747647677590
counter/2/0/0/0,13576:1747647659787:,1747647677591
counter/2/0/0/0,13577:1747647659787:,1747647677591
counter/2/0/0/0,13578:1747647659787:,1747647677591
counter/4/0/0/0,13926:1747647661730:,1747647677591
counter/1/0/0/0,14889:1747647661624:,1747647677591
counter/4/0/0/0,13927:1747647661730:,1747647677591
counter/4/0/0/0,13928:1747647661730:,1747647677591
counter/4/0/0/0,13929:1747647661730:,1747647677591
counter/4/0/0/0,13930:1747647661730:,1747647677591
counter/4/0/0/0,13931:1747647661730:,1747647677591
counter/4/0/0/0,13932:1747647661730:,1747647677591
counter/4/0/0/0,13933:1747647661731:,1747647677591
counter/1/0/0/0,14890:1747647661624:,1747647677592
counter/1/0/0/0,14891:1747647661624:,1747647677592
counter/4/0/0/0,13934:1747647661731:,1747647677593
counter/5/0/0/0,13679:1747647659902:,1747647677593
counter/2/0/0/0,13579:1747647659787:,1747647677594
counter/5/0/0/0,13680:1747647659902:,1747647677594
counter/2/0/0/0,13580:1747647659795:,1747647677594
counter/6/0/0/0,13663:1747647660998:,1747647677594
counter/2/0/0/0,13581:1747647659795:,1747647677594
counter/2/0/0/0,13582:1747647659795:,1747647677594
counter/8/0/0/0,14007:1747647660033:,1747647677595
counter/9/0/0/0,14385:1747647660641:,1747647677596
counter/9/0/0/0,14386:1747647660641:,1747647677596
counter/2/0/0/0,13583:1747647659795:,1747647677596
counter/9/0/0/0,14387:1747647660641:,1747647677596
counter/10/0/0/0,13013:1747647660558:,1747647677596
counter/9/0/0/0,14388:1747647660641:,1747647677596
counter/10/0/0/0,13014:1747647660558:,1747647677596
counter/9/0/0/0,14389:1747647660659:,1747647677596
counter/10/0/0/0,13015:1747647660558:,1747647677596
counter/5/0/0/0,13681:1747647659902:,1747647677596
counter/6/0/0/0,13664:1747647660998:,1747647677596
counter/5/0/0/0,13682:1747647659903:,1747647677596
counter/5/0/0/0,13683:1747647659919:,1747647677596
counter/5/0/0/0,13684:1747647659919:,1747647677596
counter/5/0/0/0,13685:1747647659919:,1747647677596
counter/7/0/0/0,13634:1747647660678:,1747647677596
counter/5/0/0/0,13686:1747647659919:,1747647677596
counter/7/0/0/0,13635:1747647660678:,1747647677596
counter/6/0/0/0,13665:1747647661000:,1747647677597
counter/2/0/0/0,13584:1747647659795:,1747647677598
counter/2/0/0/0,13585:1747647659795:,1747647677598
counter/9/0/0/0,14390:1747647660659:,1747647677598
counter/10/0/0/0,13016:1747647660558:,1747647677598
counter/9/0/0/0,14391:1747647660660:,1747647677599
counter/10/0/0/0,13017:1747647660568:,1747647677599
counter/8/0/0/0,14008:1747647660033:,1747647677603
counter/8/0/0/0,14009:1747647660033:,1747647677603
counter/3/0/0/0,14774:1747647662507:,1747647677603
counter/3/0/0/0,14775:1747647662518:,1747647677603
counter/3/0/0/0,14776:1747647662518:,1747647677603
counter/3/0/0/0,14777:1747647662520:,1747647677603
counter/3/0/0/0,14778:1747647662520:,1747647677603
counter/3/0/0/0,14779:1747647662520:,1747647677603
counter/10/0/0/0,13018:1747647660568:,1747647677603
counter/10/0/0/0,13019:1747647660568:,1747647677603
counter/10/0/0/0,13020:1747647660568:,1747647677604
counter/1/0/0/0,14892:1747647661624:,1747647677604
counter/1/0/0/0,14893:1747647661624:,1747647677604
counter/1/0/0/0,14894:1747647661624:,1747647677604
counter/1/0/0/0,14895:1747647661624:,1747647677604
counter/1/0/0/0,14896:1747647661624:,1747647677604
counter/5/0/0/0,13687:1747647659919:,1747647677604
counter/10/0/0/0,13021:1747647660568:,1747647677604
counter/9/0/0/0,14392:1747647660660:,1747647677605
counter/6/0/0/0,13666:1747647661003:,1747647677605
counter/5/0/0/0,13688:1747647659919:,1747647677605
counter/10/0/0/0,13022:1747647660568:,1747647677605
counter/5/0/0/0,13689:1747647659930:,1747647677606
counter/5/0/0/0,13690:1747647659930:,1747647677606
counter/5/0/0/0,13691:1747647659930:,1747647677606
counter/5/0/0/0,13692:1747647659930:,1747647677606
counter/5/0/0/0,13693:1747647659930:,1747647677606
counter/5/0/0/0,13694:1747647659931:,1747647677606
counter/5/0/0/0,13695:1747647659931:,1747647677606
counter/3/0/0/0,14780:1747647662520:,1747647677607
counter/3/0/0/0,14781:1747647662520:,1747647677607
counter/3/0/0/0,14782:1747647662520:,1747647677607
counter/3/0/0/0,14783:1747647662520:,1747647677607
counter/1/0/0/0,14897:1747647661624:,1747647677607
counter/3/0/0/0,14784:1747647662520:,1747647677607
counter/1/0/0/0,14898:1747647661624:,1747647677607
counter/3/0/0/0,14785:1747647662523:,1747647677607
counter/1/0/0/0,14899:1747647661624:,1747647677607
counter/1/0/0/0,14900:1747647661624:,1747647677607
counter/1/0/0/0,14901:1747647661624:,1747647677608
counter/2/0/0/0,13586:1747647659795:,1747647677608
counter/2/0/0/0,13587:1747647659795:,1747647677608
counter/2/0/0/0,13588:1747647659795:,1747647677608
counter/2/0/0/0,13589:1747647659795:,1747647677608
counter/2/0/0/0,13590:1747647659795:,1747647677608
counter/2/0/0/0,13591:1747647659795:,1747647677608
counter/2/0/0/0,13592:1747647659795:,1747647677608
counter/2/0/0/0,13593:1747647659797:,1747647677608
counter/5/0/0/0,13696:1747647659931:,1747647677608
counter/1/0/0/0,14902:1747647661624:,1747647677608
counter/1/0/0/0,14903:1747647661624:,1747647677609
counter/1/0/0/0,14904:1747647661624:,1747647677609
counter/1/0/0/0,14905:1747647661624:,1747647677609
counter/9/0/0/0,14393:1747647660660:,1747647677609
counter/10/0/0/0,13023:1747647660568:,1747647677609
counter/1/0/0/0,14906:1747647661624:,1747647677609
counter/4/0/0/0,13935:1747647661731:,1747647677609
counter/3/0/0/0,14786:1747647662523:,1747647677610
counter/3/0/0/0,14787:1747647662523:,1747647677610
counter/10/0/0/0,13024:1747647660568:,1747647677610
counter/10/0/0/0,13025:1747647660568:,1747647677611
counter/4/0/0/0,13936:1747647661731:,1747647677611
counter/5/0/0/0,13697:1747647659931:,1747647677612
counter/9/0/0/0,14394:1747647660660:,1747647677613
counter/3/0/0/0,14788:1747647662523:,1747647677613
counter/3/0/0/0,14789:1747647662523:,1747647677613
counter/3/0/0/0,14790:1747647662523:,1747647677613
counter/3/0/0/0,14791:1747647662523:,1747647677613
counter/1/0/0/0,14907:1747647661627:,1747647677614
counter/4/0/0/0,13937:1747647661731:,1747647677614
counter/4/0/0/0,13938:1747647661731:,1747647677614
counter/2/0/0/0,13594:1747647659797:,1747647677614
counter/2/0/0/0,13595:1747647659797:,1747647677614
counter/9/0/0/0,14395:1747647660660:,1747647677614
counter/9/0/0/0,14396:1747647660660:,1747647677614
counter/9/0/0/0,14397:1747647660660:,1747647677614
counter/9/0/0/0,14398:1747647660660:,1747647677614
counter/9/0/0/0,14399:1747647660660:,1747647677614
counter/9/0/0/0,14400:1747647660660:,1747647677614
counter/8/0/0/0,14010:1747647660033:,1747647677614
counter/8/0/0/0,14011:1747647660033:,1747647677614
counter/8/0/0/0,14012:1747647660033:,1747647677614
counter/8/0/0/0,14013:1747647660033:,1747647677614
counter/8/0/0/0,14014:1747647660033:,1747647677614
counter/10/0/0/0,13026:1747647660568:,1747647677614
counter/3/0/0/0,14792:1747647662523:,1747647677614
counter/3/0/0/0,14793:1747647662523:,1747647677615
counter/3/0/0/0,14794:1747647662523:,1747647677615
counter/3/0/0/0,14795:1747647662523:,1747647677615
counter/1/0/0/0,14908:1747647661627:,1747647677615
counter/3/0/0/0,14796:1747647662523:,1747647677615
counter/10/0/0/0,13027:1747647660573:,1747647677615
counter/2/0/0/0,13596:1747647659797:,1747647677615
counter/6/0/0/0,13667:1747647661003:,1747647677615
counter/6/0/0/0,13668:1747647661003:,1747647677616
counter/5/0/0/0,13698:1747647659931:,1747647677616
counter/5/0/0/0,13699:1747647659931:,1747647677616
counter/9/0/0/0,14401:1747647660660:,1747647677616
counter/8/0/0/0,14015:1747647660461:,1747647677616
counter/6/0/0/0,13669:1747647661003:,1747647677617
counter/7/0/0/0,13636:1747647660678:,1747647677617
counter/5/0/0/0,13700:1747647659931:,1747647677617
counter/5/0/0/0,13701:1747647659932:,1747647677617
counter/5/0/0/0,13702:1747647659932:,1747647677617
counter/5/0/0/0,13703:1747647659932:,1747647677617
counter/5/0/0/0,13704:1747647659932:,1747647677617
counter/5/0/0/0,13705:1747647659932:,1747647677617
counter/5/0/0/0,13706:1747647659932:,1747647677617
counter/5/0/0/0,13707:1747647659932:,1747647677617
counter/5/0/0/0,13708:1747647659939:,1747647677617
counter/5/0/0/0,13709:1747647659939:,1747647677617
counter/5/0/0/0,13710:1747647659939:,1747647677617
counter/5/0/0/0,13711:1747647659939:,1747647677617
counter/3/0/0/0,14797:1747647662523:,1747647677617
counter/3/0/0/0,14798:1747647662523:,1747647677618
counter/3/0/0/0,14799:1747647662523:,1747647677618
counter/2/0/0/0,13597:1747647659798:,1747647677618
counter/7/0/0/0,13637:1747647660679:,1747647677618
counter/7/0/0/0,13638:1747647660679:,1747647677618
counter/7/0/0/0,13639:1747647660679:,1747647677619
counter/7/0/0/0,13640:1747647660679:,1747647677619
counter/7/0/0/0,13641:1747647660679:,1747647677619
counter/4/0/0/0,13939:1747647661731:,1747647677619
counter/5/0/0/0,13712:1747647659939:,1747647677620
counter/2/0/0/0,13598:1747647659800:,1747647677621
counter/2/0/0/0,13599:1747647659801:,1747647677621
counter/2/0/0/0,13600:1747647659801:,1747647677621
counter/2/0/0/0,13601:1747647659801:,1747647677621
counter/2/0/0/0,13602:1747647659801:,1747647677621
counter/2/0/0/0,13603:1747647659801:,1747647677621
counter/7/0/0/0,13642:1747647660679:,1747647677621
counter/8/0/0/0,14016:1747647660463:,1747647677621
counter/5/0/0/0,13713:1747647659939:,1747647677622
counter/10/0/0/0,13028:1747647660573:,1747647677622
counter/7/0/0/0,13643:1747647660679:,1747647677622
counter/8/0/0/0,14017:1747647660463:,1747647677622
counter/8/0/0/0,14018:1747647660467:,1747647677622
counter/8/0/0/0,14019:1747647660468:,1747647677622
counter/3/0/0/0,14800:1747647662523:,1747647677623
counter/4/0/0/0,13940:1747647661731:,1747647677624
counter/3/0/0/0,14801:1747647662525:,1747647677624
counter/7/0/0/0,13644:1747647660679:,1747647677624
counter/7/0/0/0,13645:1747647660679:,1747647677624
counter/6/0/0/0,13670:1747647661003:,1747647677624
counter/10/0/0/0,13029:1747647660573:,1747647677624
counter/5/0/0/0,13714:1747647659939:,1747647677624
counter/8/0/0/0,14020:1747647660472:,1747647677624
counter/1/0/0/0,14909:1747647661627:,1747647677624
counter/8/0/0/0,14021:1747647660472:,1747647677625
counter/3/0/0/0,14802:1747647662525:,1747647677625
counter/7/0/0/0,13646:1747647660679:,1747647677625
counter/7/0/0/0,13647:1747647660679:,1747647677625
counter/7/0/0/0,13648:1747647660679:,1747647677625
counter/7/0/0/0,13649:1747647660679:,1747647677625
counter/7/0/0/0,13650:1747647660679:,1747647677625
counter/7/0/0/0,13651:1747647660682:,1747647677625
counter/10/0/0/0,13030:1747647660573:,1747647677625
counter/10/0/0/0,13031:1747647660573:,1747647677625
counter/1/0/0/0,14910:1747647661627:,1747647677625
counter/10/0/0/0,13032:1747647660573:,1747647677625
counter/10/0/0/0,13033:1747647660573:,1747647677626
counter/4/0/0/0,13941:1747647661731:,1747647677626
counter/1/0/0/0,14911:1747647661627:,1747647677626
counter/5/0/0/0,13715:1747647659939:,1747647677627
counter/10/0/0/0,13034:1747647660573:,1747647677627
counter/1/0/0/0,14912:1747647661627:,1747647677627
counter/10/0/0/0,13035:1747647660573:,1747647677627
counter/10/0/0/0,13036:1747647660573:,1747647677627
counter/9/0/0/0,14402:1747647660660:,1747647677627
counter/4/0/0/0,13942:1747647661731:,1747647677627
counter/3/0/0/0,14803:1747647662525:,1747647677628
counter/3/0/0/0,14804:1747647662525:,1747647677628
counter/3/0/0/0,14805:1747647662525:,1747647677628
counter/3/0/0/0,14806:1747647662525:,1747647677628
counter/3/0/0/0,14807:1747647662525:,1747647677628
counter/3/0/0/0,14808:1747647662525:,1747647677628
counter/3/0/0/0,14809:1747647662525:,1747647677628
counter/3/0/0/0,14810:1747647662525:,1747647677628
counter/6/0/0/0,13671:1747647661003:,1747647677628
counter/10/0/0/0,13037:1747647660573:,1747647677628
counter/10/0/0/0,13038:1747647660573:,1747647677628
counter/10/0/0/0,13039:1747647660573:,1747647677628
counter/1/0/0/0,14913:1747647661634:,1747647677629
counter/5/0/0/0,13716:1747647659939:,1747647677630
counter/6/0/0/0,13672:1747647661003:,1747647677630
counter/4/0/0/0,13943:1747647661731:,1747647677630
counter/6/0/0/0,13673:1747647661003:,1747647677630
counter/2/0/0/0,13604:1747647659801:,1747647677630
counter/6/0/0/0,13674:1747647661003:,1747647677630
counter/9/0/0/0,14403:1747647660664:,1747647677630
counter/9/0/0/0,14404:1747647660664:,1747647677630
counter/6/0/0/0,13675:1747647661003:,1747647677631
counter/6/0/0/0,13676:1747647661003:,1747647677631
counter/8/0/0/0,14022:1747647660475:,1747647677631
counter/8/0/0/0,14023:1747647660475:,1747647677631
counter/3/0/0/0,14811:1747647662525:,1747647677631
counter/8/0/0/0,14024:1747647660477:,1747647677631
counter/8/0/0/0,14025:1747647660479:,1747647677631
counter/8/0/0/0,14026:1747647660479:,1747647677631
counter/9/0/0/0,14405:1747647660664:,1747647677631
counter/9/0/0/0,14406:1747647660664:,1747647677631
counter/9/0/0/0,14407:1747647660664:,1747647677631
counter/9/0/0/0,14408:1747647660664:,1747647677631
counter/8/0/0/0,14027:1747647660479:,1747647677632
counter/4/0/0/0,13944:1747647661731:,1747647677632
counter/9/0/0/0,14409:1747647660664:,1747647677632
counter/9/0/0/0,14410:1747647660664:,1747647677632
counter/9/0/0/0,14411:1747647660664:,1747647677632
counter/9/0/0/0,14412:1747647660664:,1747647677632
counter/1/0/0/0,14914:1747647661634:,1747647677632
counter/1/0/0/0,14915:1747647661634:,1747647677632
counter/6/0/0/0,13677:1747647661003:,1747647677632
counter/10/0/0/0,13040:1747647660573:,1747647677632
counter/10/0/0/0,13041:1747647660573:,1747647677632
counter/10/0/0/0,13042:1747647660573:,1747647677633
counter/10/0/0/0,13043:1747647660573:,1747647677633
counter/10/0/0/0,13044:1747647660573:,1747647677633
counter/3/0/0/0,14812:1747647662525:,1747647677633
counter/5/0/0/0,13717:1747647659939:,1747647677633
counter/5/0/0/0,13718:1747647659940:,1747647677633
counter/8/0/0/0,14028:1747647660481:,1747647677633
counter/7/0/0/0,13652:1747647660691:,1747647677633
counter/4/0/0/0,13945:1747647661731:,1747647677634
counter/4/0/0/0,13946:1747647661731:,1747647677634
counter/4/0/0/0,13947:1747647661731:,1747647677634
counter/4/0/0/0,13948:1747647661731:,1747647677634
counter/4/0/0/0,13949:1747647661731:,1747647677634
counter/4/0/0/0,13950:1747647661731:,1747647677634
counter/4/0/0/0,13951:1747647661731:,1747647677634
counter/4/0/0/0,13952:1747647661731:,1747647677634
counter/6/0/0/0,13678:1747647661009:,1747647677634
counter/4/0/0/0,13953:1747647661731:,1747647677634
counter/4/0/0/0,13954:1747647661731:,1747647677634
counter/6/0/0/0,13679:1747647661009:,1747647677637
counter/3/0/0/0,14813:1747647662525:,1747647677638
counter/3/0/0/0,14814:1747647662525:,1747647677638
counter/3/0/0/0,14815:1747647662537:,1747647677638
counter/3/0/0/0,14816:1747647662537:,1747647677638
counter/3/0/0/0,14817:1747647662537:,1747647677638
counter/3/0/0/0,14818:1747647662537:,1747647677638
counter/3/0/0/0,14819:1747647662538:,1747647677638
counter/3/0/0/0,14820:1747647662538:,1747647677638
counter/3/0/0/0,14821:1747647662538:,1747647677638
counter/3/0/0/0,14822:1747647662538:,1747647677638
counter/3/0/0/0,14823:1747647662538:,1747647677639
counter/3/0/0/0,14824:1747647662538:,1747647677639
counter/3/0/0/0,14825:1747647662538:,1747647677639
counter/3/0/0/0,14826:1747647662538:,1747647677639
counter/3/0/0/0,14827:1747647662538:,1747647677639
counter/3/0/0/0,14828:1747647662538:,1747647677639
counter/3/0/0/0,14829:1747647662538:,1747647677639
counter/3/0/0/0,14830:1747647662539:,1747647677639
counter/6/0/0/0,13680:1747647661009:,1747647677639
counter/3/0/0/0,14831:1747647662539:,1747647677639
counter/9/0/0/0,14413:1747647660664:,1747647677639
counter/3/0/0/0,14832:1747647662539:,1747647677639
counter/2/0/0/0,13605:1747647659801:,1747647677639
counter/1/0/0/0,14916:1747647661639:,1747647677639
counter/5/0/0/0,13719:1747647659940:,1747647677639
counter/3/0/0/0,14833:1747647662548:,1747647677641
counter/2/0/0/0,13606:1747647659801:,1747647677641
counter/3/0/0/0,14834:1747647662548:,1747647677641
counter/3/0/0/0,14835:1747647662549:,1747647677641
counter/3/0/0/0,14836:1747647662549:,1747647677641
counter/3/0/0/0,14837:1747647662549:,1747647677641
counter/1/0/0/0,14917:1747647661639:,1747647677641
counter/9/0/0/0,14414:1747647660664:,1747647677642
counter/3/0/0/0,14838:1747647662552:,1747647677642
counter/3/0/0/0,14839:1747647662555:,1747647677642
counter/3/0/0/0,14840:1747647662555:,1747647677642
counter/3/0/0/0,14841:1747647662555:,1747647677642
counter/3/0/0/0,14842:1747647662555:,1747647677642
counter/3/0/0/0,14843:1747647662555:,1747647677642
counter/3/0/0/0,14844:1747647662555:,1747647677642
counter/3/0/0/0,14845:1747647662556:,1747647677642
counter/3/0/0/0,14846:1747647662556:,1747647677642
counter/3/0/0/0,14847:1747647662556:,1747647677642
counter/1/0/0/0,14918:1747647661639:,1747647677643
counter/9/0/0/0,14415:1747647660666:,1747647677643
counter/4/0/0/0,13955:1747647661731:,1747647677643
counter/3/0/0/0,14848:1747647662556:,1747647677643
counter/4/0/0/0,13956:1747647661731:,1747647677643
counter/4/0/0/0,13957:1747647661731:,1747647677643
counter/5/0/0/0,13720:1747647659940:,1747647677643
counter/2/0/0/0,13607:1747647659801:,1747647677643
counter/2/0/0/0,13608:1747647659801:,1747647677643
counter/2/0/0/0,13609:1747647659801:,1747647677643
counter/2/0/0/0,13610:1747647659801:,1747647677643
counter/2/0/0/0,13611:1747647659801:,1747647677644
counter/1/0/0/0,14919:1747647661644:,1747647677644
counter/9/0/0/0,14416:1747647660676:,1747647677644
counter/9/0/0/0,14417:1747647660676:,1747647677644
counter/9/0/0/0,14418:1747647660676:,1747647677644
counter/9/0/0/0,14419:1747647660676:,1747647677644
counter/4/0/0/0,13958:1747647661735:,1747647677644
counter/4/0/0/0,13959:1747647661735:,1747647677644
counter/4/0/0/0,13960:1747647661735:,1747647677644
counter/4/0/0/0,13961:1747647661735:,1747647677644
counter/4/0/0/0,13962:1747647661740:,1747647677644
counter/4/0/0/0,13963:1747647661740:,1747647677644
counter/4/0/0/0,13964:1747647661740:,1747647677644
counter/2/0/0/0,13612:1747647659801:,1747647677644
counter/5/0/0/0,13721:1747647659940:,1747647677646
counter/4/0/0/0,13965:1747647661740:,1747647677646
counter/6/0/0/0,13681:1747647661010:,1747647677646
counter/10/0/0/0,13045:1747647660573:,1747647677646
counter/10/0/0/0,13046:1747647660573:,1747647677646
counter/10/0/0/0,13047:1747647660573:,1747647677646
counter/10/0/0/0,13048:1747647660573:,1747647677646
counter/10/0/0/0,13049:1747647660573:,1747647677646
counter/10/0/0/0,13050:1747647660573:,1747647677646
counter/10/0/0/0,13051:1747647660573:,1747647677646
counter/4/0/0/0,13966:1747647661741:,1747647677647
counter/2/0/0/0,13613:1747647659801:,1747647677647
counter/2/0/0/0,13614:1747647659801:,1747647677647
counter/2/0/0/0,13615:1747647659810:,1747647677647
counter/2/0/0/0,13616:1747647659810:,1747647677647
counter/2/0/0/0,13617:1747647659810:,1747647677647
counter/2/0/0/0,13618:1747647659810:,1747647677647
counter/2/0/0/0,13619:1747647659810:,1747647677647
counter/2/0/0/0,13620:1747647659810:,1747647677647
counter/3/0/0/0,14849:1747647662556:,1747647677647
counter/2/0/0/0,13621:1747647659810:,1747647677647
counter/2/0/0/0,13622:1747647659810:,1747647677647
counter/2/0/0/0,13623:1747647659810:,1747647677647
counter/2/0/0/0,13624:1747647659810:,1747647677648
counter/9/0/0/0,14420:1747647660676:,1747647677648
counter/7/0/0/0,13653:1747647660693:,1747647677648
counter/7/0/0/0,13654:1747647660693:,1747647677648
counter/6/0/0/0,13682:1747647661010:,1747647677649
counter/7/0/0/0,13655:1747647660693:,1747647677649
counter/10/0/0/0,13052:1747647660573:,1747647677649
counter/7/0/0/0,13656:1747647660698:,1747647677649
counter/10/0/0/0,13053:1747647660573:,1747647677649
counter/7/0/0/0,13657:1747647660698:,1747647677649
counter/7/0/0/0,13658:1747647660698:,1747647677649
counter/7/0/0/0,13659:1747647660705:,1747647677649
counter/7/0/0/0,13660:1747647660705:,1747647677649
counter/7/0/0/0,13661:1747647660705:,1747647677649
counter/2/0/0/0,13625:1747647659810:,1747647677649
counter/2/0/0/0,13626:1747647659811:,1747647677649
counter/2/0/0/0,13627:1747647659811:,1747647677649
counter/9/0/0/0,14421:1747647660676:,1747647677650
counter/1/0/0/0,14920:1747647661644:,1747647677652
counter/1/0/0/0,14921:1747647661644:,1747647677652
counter/1/0/0/0,14922:1747647661644:,1747647677652
counter/1/0/0/0,14923:1747647661644:,1747647677652
counter/1/0/0/0,14924:1747647661644:,1747647677652
counter/1/0/0/0,14925:1747647661644:,1747647677652
counter/1/0/0/0,14926:1747647661644:,1747647677652
counter/1/0/0/0,14927:1747647661644:,1747647677652
counter/1/0/0/0,14928:1747647661644:,1747647677653
counter/1/0/0/0,14929:1747647661644:,1747647677653
counter/1/0/0/0,14930:1747647661644:,1747647677653
counter/1/0/0/0,14931:1747647661644:,1747647677653
counter/9/0/0/0,14422:1747647660676:,1747647677653
counter/2/0/0/0,13628:1747647659811:,1747647677653
counter/4/0/0/0,13967:1747647661741:,1747647677653
counter/6/0/0/0,13683:1747647661010:,1747647677653
counter/9/0/0/0,14423:1747647660676:,1747647677654
counter/10/0/0/0,13054:1747647660575:,1747647677654
counter/1/0/0/0,14932:1747647661644:,1747647677654
counter/1/0/0/0,14933:1747647661644:,1747647677654
counter/1/0/0/0,14934:1747647661644:,1747647677654
counter/1/0/0/0,14935:1747647661644:,1747647677654
counter/1/0/0/0,14936:1747647661644:,1747647677654
counter/1/0/0/0,14937:1747647661644:,1747647677654
counter/1/0/0/0,14938:1747647661648:,1747647677654
counter/1/0/0/0,14939:1747647661649:,1747647677654
counter/1/0/0/0,14940:1747647661649:,1747647677654
counter/1/0/0/0,14941:1747647661649:,1747647677654
counter/1/0/0/0,14942:1747647661649:,1747647677654
counter/5/0/0/0,13722:1747647659940:,1747647677656
counter/5/0/0/0,13723:1747647659940:,1747647677656
counter/5/0/0/0,13724:1747647659940:,1747647677656
counter/5/0/0/0,13725:1747647659940:,1747647677656
counter/5/0/0/0,13726:1747647659940:,1747647677656
counter/5/0/0/0,13727:1747647659940:,1747647677656
counter/5/0/0/0,13728:1747647659940:,1747647677656
counter/5/0/0/0,13729:1747647659940:,1747647677656
counter/5/0/0/0,13730:1747647659940:,1747647677656
counter/5/0/0/0,13731:1747647659940:,1747647677656
counter/5/0/0/0,13732:1747647659940:,1747647677656
counter/5/0/0/0,13733:1747647659940:,1747647677657
counter/1/0/0/0,14943:1747647661662:,1747647677657
counter/1/0/0/0,14944:1747647661662:,1747647677657
counter/1/0/0/0,14945:1747647661663:,1747647677657
counter/9/0/0/0,14424:1747647660676:,1747647677657
counter/9/0/0/0,14425:1747647660676:,1747647677657
counter/9/0/0/0,14426:1747647660676:,1747647677657
counter/9/0/0/0,14427:1747647660676:,1747647677657
counter/9/0/0/0,14428:1747647660682:,1747647677658
counter/9/0/0/0,14429:1747647660686:,1747647677658
counter/9/0/0/0,14430:1747647660686:,1747647677658
counter/9/0/0/0,14431:1747647660686:,1747647677658
counter/9/0/0/0,14432:1747647660686:,1747647677658
counter/9/0/0/0,14433:1747647660686:,1747647677658
counter/9/0/0/0,14434:1747647660686:,1747647677658
counter/6/0/0/0,13684:1747647661011:,1747647677658
counter/5/0/0/0,13734:1747647659956:,1747647677658
counter/6/0/0/0,13685:1747647661011:,1747647677661
counter/8/0/0/0,14029:1747647660481:,1747647677662
counter/7/0/0/0,13662:1747647660705:,1747647677662
counter/6/0/0/0,13686:1747647661011:,1747647677662
counter/6/0/0/0,13687:1747647661011:,1747647677662
counter/10/0/0/0,13055:1747647660575:,1747647677662
counter/5/0/0/0,13735:1747647659956:,1747647677662
counter/5/0/0/0,13736:1747647659956:,1747647677662
counter/5/0/0/0,13737:1747647659957:,1747647677662
counter/1/0/0/0,14946:1747647661663:,1747647677662
counter/1/0/0/0,14947:1747647661663:,1747647677662
counter/1/0/0/0,14948:1747647661663:,1747647677662
counter/1/0/0/0,14949:1747647661663:,1747647677662
counter/6/0/0/0,13688:1747647661011:,1747647677663
counter/10/0/0/0,13056:1747647660575:,1747647677663
counter/5/0/0/0,13738:1747647659957:,1747647677663
counter/5/0/0/0,13739:1747647659957:,1747647677663
counter/5/0/0/0,13740:1747647659957:,1747647677663
counter/5/0/0/0,13741:1747647659957:,1747647677663
counter/9/0/0/0,14435:1747647660686:,1747647677664
counter/9/0/0/0,14436:1747647660686:,1747647677664
counter/9/0/0/0,14437:1747647660686:,1747647677664
counter/9/0/0/0,14438:1747647660686:,1747647677664
counter/9/0/0/0,14439:1747647660686:,1747647677664
counter/4/0/0/0,13968:1747647661741:,1747647677664
counter/6/0/0/0,13689:1747647661011:,1747647677664
counter/6/0/0/0,13690:1747647661011:,1747647677664
counter/10/0/0/0,13057:1747647660575:,1747647677664
counter/10/0/0/0,13058:1747647660575:,1747647677664
counter/5/0/0/0,13742:1747647659957:,1747647677664
counter/5/0/0/0,13743:1747647659957:,1747647677664
counter/1/0/0/0,14950:1747647661663:,1747647677664
counter/8/0/0/0,14030:1747647660482:,1747647677664
counter/8/0/0/0,14031:1747647660482:,1747647677664
counter/8/0/0/0,14032:1747647660482:,1747647677665
counter/3/0/0/0,14850:1747647662557:,1747647677668
counter/2/0/0/0,13629:1747647659811:,1747647677668
counter/2/0/0/0,13630:1747647659811:,1747647677668
counter/2/0/0/0,13631:1747647659812:,1747647677668
counter/2/0/0/0,13632:1747647659812:,1747647677668
counter/2/0/0/0,13633:1747647659823:,1747647677668
counter/2/0/0/0,13634:1747647659823:,1747647677668
counter/2/0/0/0,13635:1747647659823:,1747647677668
counter/5/0/0/0,13744:1747647659957:,1747647677668
counter/2/0/0/0,13636:1747647659823:,1747647677668
counter/2/0/0/0,13637:1747647659826:,1747647677668
counter/2/0/0/0,13638:1747647659826:,1747647677669
counter/9/0/0/0,14440:1747647660686:,1747647677669
counter/6/0/0/0,13691:1747647661019:,1747647677669
counter/9/0/0/0,14441:1747647660686:,1747647677669
counter/9/0/0/0,14442:1747647660686:,1747647677669
counter/9/0/0/0,14443:1747647660686:,1747647677669
counter/8/0/0/0,14033:1747647660482:,1747647677670
counter/8/0/0/0,14034:1747647660482:,1747647677670
counter/8/0/0/0,14035:1747647660482:,1747647677670
counter/8/0/0/0,14036:1747647660482:,1747647677670
counter/8/0/0/0,14037:1747647660482:,1747647677670
counter/8/0/0/0,14038:1747647660482:,1747647677670
counter/6/0/0/0,13692:1747647661019:,1747647677670
counter/6/0/0/0,13693:1747647661019:,1747647677670
counter/6/0/0/0,13694:1747647661019:,1747647677670
counter/6/0/0/0,13695:1747647661019:,1747647677670
counter/6/0/0/0,13696:1747647661019:,1747647677670
counter/6/0/0/0,13697:1747647661019:,1747647677670
counter/6/0/0/0,13698:1747647661019:,1747647677670
counter/6/0/0/0,13699:1747647661046:,1747647677670
counter/6/0/0/0,13700:1747647661046:,1747647677670
counter/10/0/0/0,13059:1747647660575:,1747647677670
counter/5/0/0/0,13745:1747647659957:,1747647677670
counter/1/0/0/0,14951:1747647661663:,1747647677671
counter/1/0/0/0,14952:1747647661663:,1747647677671
counter/1/0/0/0,14953:1747647661663:,1747647677671
counter/1/0/0/0,14954:1747647661663:,1747647677671
counter/1/0/0/0,14955:1747647661663:,1747647677671
counter/5/0/0/0,13746:1747647659959:,1747647677671
counter/5/0/0/0,13747:1747647659959:,1747647677671
counter/5/0/0/0,13748:1747647659959:,1747647677671
counter/8/0/0/0,14039:1747647660482:,1747647677672
counter/1/0/0/0,14956:1747647661663:,1747647677672
counter/1/0/0/0,14957:1747647661663:,1747647677672
counter/1/0/0/0,14958:1747647661663:,1747647677672
counter/6/0/0/0,13701:1747647661047:,1747647677672
counter/6/0/0/0,13702:1747647661047:,1747647677672
counter/6/0/0/0,13703:1747647661047:,1747647677672
counter/6/0/0/0,13704:1747647661047:,1747647677672
counter/10/0/0/0,13060:1747647660575:,1747647677673
counter/10/0/0/0,13061:1747647660576:,1747647677673
counter/10/0/0/0,13062:1747647660576:,1747647677673
counter/2/0/0/0,13639:1747647659826:,1747647677673
counter/8/0/0/0,14040:1747647660482:,1747647677673
counter/8/0/0/0,14041:1747647660482:,1747647677673
counter/8/0/0/0,14042:1747647660482:,1747647677674
counter/8/0/0/0,14043:1747647660482:,1747647677674
counter/9/0/0/0,14444:1747647660686:,1747647677674
counter/6/0/0/0,13705:1747647661047:,1747647677674
counter/6/0/0/0,13706:1747647661047:,1747647677674
counter/6/0/0/0,13707:1747647661047:,1747647677674
counter/6/0/0/0,13708:1747647661047:,1747647677674
counter/6/0/0/0,13709:1747647661047:,1747647677674
counter/6/0/0/0,13710:1747647661047:,1747647677674
counter/6/0/0/0,13711:1747647661047:,1747647677674
counter/6/0/0/0,13712:1747647661047:,1747647677674
counter/6/0/0/0,13713:1747647661047:,1747647677674
counter/6/0/0/0,13714:1747647661047:,1747647677674
counter/6/0/0/0,13715:1747647661047:,1747647677674
counter/6/0/0/0,13716:1747647661047:,1747647677674
counter/6/0/0/0,13717:1747647661047:,1747647677674
counter/6/0/0/0,13718:1747647661047:,1747647677674
counter/6/0/0/0,13719:1747647661047:,1747647677674
counter/6/0/0/0,13720:1747647661047:,1747647677674
counter/6/0/0/0,13721:1747647661047:,1747647677674
counter/10/0/0/0,13063:1747647660576:,1747647677674
counter/3/0/0/0,14851:1747647662557:,1747647677674
counter/10/0/0/0,13064:1747647660576:,1747647677675
counter/3/0/0/0,14852:1747647662557:,1747647677675
counter/5/0/0/0,13749:1747647659964:,1747647677676
counter/5/0/0/0,13750:1747647659964:,1747647677676
counter/5/0/0/0,13751:1747647659964:,1747647677676
counter/5/0/0/0,13752:1747647659964:,1747647677677
counter/5/0/0/0,13753:1747647659964:,1747647677677
counter/5/0/0/0,13754:1747647659968:,1747647677677
counter/5/0/0/0,13755:1747647659968:,1747647677677
counter/5/0/0/0,13756:1747647659968:,1747647677677
counter/5/0/0/0,13757:1747647659968:,1747647677677
counter/5/0/0/0,13758:1747647659968:,1747647677677
counter/5/0/0/0,13759:1747647659968:,1747647677677
counter/5/0/0/0,13760:1747647659968:,1747647677677
counter/5/0/0/0,13761:1747647659968:,1747647677677
counter/3/0/0/0,14853:1747647662557:,1747647677677
counter/10/0/0/0,13065:1747647660576:,1747647677677
counter/2/0/0/0,13640:1747647659826:,1747647677677
counter/2/0/0/0,13641:1747647659826:,1747647677677
counter/3/0/0/0,14854:1747647662557:,1747647677679
counter/3/0/0/0,14855:1747647662557:,1747647677679
counter/3/0/0/0,14856:1747647662557:,1747647677679
counter/7/0/0/0,13663:1747647660705:,1747647677679
counter/7/0/0/0,13664:1747647660705:,1747647677679
counter/7/0/0/0,13665:1747647660707:,1747647677679
counter/4/0/0/0,13969:1747647661741:,1747647677680
counter/2/0/0/0,13642:1747647659826:,1747647677681
counter/2/0/0/0,13643:1747647659826:,1747647677683
counter/5/0/0/0,13762:1747647659968:,1747647677687
counter/2/0/0/0,13644:1747647659827:,1747647677687
counter/2/0/0/0,13645:1747647659827:,1747647677687
counter/2/0/0/0,13646:1747647659827:,1747647677688
counter/8/0/0/0,14044:1747647660484:,1747647677688
counter/6/0/0/0,13722:1747647661047:,1747647677688
counter/7/0/0/0,13666:1747647660707:,1747647677688
counter/7/0/0/0,13667:1747647660707:,1747647677688
counter/4/0/0/0,13970:1747647661741:,1747647677688
counter/4/0/0/0,13971:1747647661741:,1747647677688
counter/4/0/0/0,13972:1747647661741:,1747647677689
counter/3/0/0/0,14857:1747647662557:,1747647677689
counter/4/0/0/0,13973:1747647661741:,1747647677689
counter/5/0/0/0,13763:1747647659968:,1747647677689
counter/5/0/0/0,13764:1747647659968:,1747647677690
counter/5/0/0/0,13765:1747647659968:,1747647677690
counter/5/0/0/0,13766:1747647659968:,1747647677690
counter/5/0/0/0,13767:1747647659968:,1747647677690
counter/5/0/0/0,13768:1747647659968:,1747647677691
counter/6/0/0/0,13723:1747647661047:,1747647677691
counter/5/0/0/0,13769:1747647659968:,1747647677691
counter/6/0/0/0,13724:1747647661047:,1747647677691
counter/6/0/0/0,13725:1747647661047:,1747647677691
counter/4/0/0/0,13974:1747647661741:,1747647677691
counter/6/0/0/0,13726:1747647661047:,1747647677691
counter/4/0/0/0,13975:1747647661741:,1747647677691
counter/1/0/0/0,14959:1747647661663:,1747647677691
counter/2/0/0/0,13647:1747647659827:,1747647677691
counter/7/0/0/0,13668:1747647660707:,1747647677692
counter/7/0/0/0,13669:1747647660707:,1747647677692
counter/7/0/0/0,13670:1747647660708:,1747647677692
counter/5/0/0/0,13770:1747647659974:,1747647677693
counter/5/0/0/0,13771:1747647659976:,1747647677693
counter/5/0/0/0,13772:1747647659976:,1747647677693
counter/5/0/0/0,13773:1747647659976:,1747647677693
counter/5/0/0/0,13774:1747647659976:,1747647677693
counter/5/0/0/0,13775:1747647659976:,1747647677693
counter/5/0/0/0,13776:1747647659976:,1747647677693
counter/7/0/0/0,13671:1747647660708:,1747647677693
counter/7/0/0/0,13672:1747647660708:,1747647677693
counter/7/0/0/0,13673:1747647660708:,1747647677693
counter/7/0/0/0,13674:1747647660708:,1747647677693
counter/5/0/0/0,13777:1747647659976:,1747647677694
counter/7/0/0/0,13675:1747647660708:,1747647677696
counter/3/0/0/0,14858:1747647662557:,1747647677696
counter/8/0/0/0,14045:1747647660484:,1747647677696
counter/8/0/0/0,14046:1747647660484:,1747647677696
counter/8/0/0/0,14047:1747647660484:,1747647677696
counter/8/0/0/0,14048:1747647660485:,1747647677696
counter/4/0/0/0,13976:1747647661742:,1747647677696
counter/8/0/0/0,14049:1747647660485:,1747647677696
counter/9/0/0/0,14445:1747647660686:,1747647677697
counter/7/0/0/0,13676:1747647660708:,1747647677697
counter/7/0/0/0,13677:1747647660708:,1747647677697
counter/3/0/0/0,14859:1747647662557:,1747647677697
counter/3/0/0/0,14860:1747647662557:,1747647677697
counter/3/0/0/0,14861:1747647662557:,1747647677697
counter/3/0/0/0,14862:1747647662557:,1747647677697
counter/2/0/0/0,13648:1747647659827:,1747647677698
counter/7/0/0/0,13678:1747647660710:,1747647677698
counter/7/0/0/0,13679:1747647660711:,1747647677698
counter/7/0/0/0,13680:1747647660711:,1747647677698
counter/7/0/0/0,13681:1747647660711:,1747647677698
counter/7/0/0/0,13682:1747647660712:,1747647677698
counter/7/0/0/0,13683:1747647660712:,1747647677698
counter/7/0/0/0,13684:1747647660712:,1747647677698
counter/7/0/0/0,13685:1747647660712:,1747647677698
counter/7/0/0/0,13686:1747647660712:,1747647677698
counter/7/0/0/0,13687:1747647660712:,1747647677699
counter/1/0/0/0,14960:1747647661666:,1747647677699
counter/7/0/0/0,13688:1747647660713:,1747647677699
counter/8/0/0/0,14050:1747647660485:,1747647677699
counter/8/0/0/0,14051:1747647660485:,1747647677699
counter/8/0/0/0,14052:1747647660485:,1747647677699
counter/8/0/0/0,14053:1747647660485:,1747647677699
counter/8/0/0/0,14054:1747647660485:,1747647677699
counter/1/0/0/0,14961:1747647661666:,1747647677699
counter/8/0/0/0,14055:1747647660486:,1747647677699
counter/1/0/0/0,14962:1747647661666:,1747647677699
counter/1/0/0/0,14963:1747647661666:,1747647677699
counter/1/0/0/0,14964:1747647661666:,1747647677699
counter/1/0/0/0,14965:1747647661666:,1747647677699
counter/1/0/0/0,14966:1747647661666:,1747647677699
counter/4/0/0/0,13977:1747647661742:,1747647677700
counter/4/0/0/0,13978:1747647661742:,1747647677700
counter/4/0/0/0,13979:1747647661742:,1747647677700
counter/4/0/0/0,13980:1747647661742:,1747647677700
counter/4/0/0/0,13981:1747647661742:,1747647677700
counter/7/0/0/0,13689:1747647660713:,1747647677700
counter/9/0/0/0,14446:1747647660686:,1747647677700
counter/1/0/0/0,14967:1747647661666:,1747647677700
counter/1/0/0/0,14968:1747647661666:,1747647677700
counter/2/0/0/0,13649:1747647659827:,1747647677701
counter/3/0/0/0,14863:1747647662557:,1747647677701
counter/2/0/0/0,13650:1747647659827:,1747647677701
counter/4/0/0/0,13982:1747647661742:,1747647677702
counter/4/0/0/0,13983:1747647661742:,1747647677702
counter/4/0/0/0,13984:1747647661742:,1747647677702
counter/8/0/0/0,14056:1747647660489:,1747647677702
counter/9/0/0/0,14447:1747647660694:,1747647677702
counter/8/0/0/0,14057:1747647660489:,1747647677702
counter/8/0/0/0,14058:1747647660489:,1747647677702
counter/8/0/0/0,14059:1747647660489:,1747647677702
counter/1/0/0/0,14969:1747647661666:,1747647677702
counter/1/0/0/0,14970:1747647661666:,1747647677702
counter/1/0/0/0,14971:1747647661666:,1747647677702
counter/1/0/0/0,14972:1747647661666:,1747647677702
counter/1/0/0/0,14973:1747647661666:,1747647677702
counter/2/0/0/0,13651:1747647659827:,1747647677703
counter/2/0/0/0,13652:1747647659829:,1747647677704
counter/6/0/0/0,13727:1747647661047:,1747647677704
counter/2/0/0/0,13653:1747647659832:,1747647677704
counter/6/0/0/0,13728:1747647661047:,1747647677704
counter/6/0/0/0,13729:1747647661047:,1747647677704
counter/6/0/0/0,13730:1747647661047:,1747647677704
counter/6/0/0/0,13731:1747647661047:,1747647677704
counter/6/0/0/0,13732:1747647661048:,1747647677704
counter/6/0/0/0,13733:1747647661049:,1747647677704
counter/6/0/0/0,13734:1747647661049:,1747647677704
counter/6/0/0/0,13735:1747647661049:,1747647677704
counter/4/0/0/0,13985:1747647661742:,1747647677706
counter/4/0/0/0,13986:1747647661742:,1747647677706
counter/4/0/0/0,13987:1747647661742:,1747647677706
counter/4/0/0/0,13988:1747647661742:,1747647677706
counter/4/0/0/0,13989:1747647661742:,1747647677706
counter/4/0/0/0,13990:1747647661743:,1747647677706
counter/4/0/0/0,13991:1747647661743:,1747647677706
counter/4/0/0/0,13992:1747647661743:,1747647677706
counter/4/0/0/0,13993:1747647661743:,1747647677706
counter/4/0/0/0,13994:1747647661743:,1747647677706
counter/3/0/0/0,14864:1747647662557:,1747647677706
counter/6/0/0/0,13736:1747647661049:,1747647677706
counter/6/0/0/0,13737:1747647661049:,1747647677706
counter/2/0/0/0,13654:1747647659832:,1747647677707
counter/2/0/0/0,13655:1747647659832:,1747647677710
counter/8/0/0/0,14060:1747647660489:,1747647677712
counter/10/0/0/0,13066:1747647660576:,1747647677712
counter/10/0/0/0,13067:1747647660577:,1747647677712
counter/10/0/0/0,13068:1747647660577:,1747647677712
counter/10/0/0/0,13069:1747647660577:,1747647677712
counter/10/0/0/0,13070:1747647660577:,1747647677712
counter/10/0/0/0,13071:1747647660577:,1747647677712
counter/10/0/0/0,13072:1747647660577:,1747647677712
counter/10/0/0/0,13073:1747647660577:,1747647677712
counter/10/0/0/0,13074:1747647660577:,1747647677713
counter/2/0/0/0,13656:1747647659832:,1747647677713
counter/3/0/0/0,14865:1747647662557:,1747647677713
counter/6/0/0/0,13738:1747647661049:,1747647677713
counter/6/0/0/0,13739:1747647661049:,1747647677713
counter/6/0/0/0,13740:1747647661049:,1747647677713
counter/6/0/0/0,13741:1747647661049:,1747647677713
counter/6/0/0/0,13742:1747647661049:,1747647677713
counter/6/0/0/0,13743:1747647661049:,1747647677713
counter/6/0/0/0,13744:1747647661049:,1747647677713
counter/6/0/0/0,13745:1747647661049:,1747647677714
counter/6/0/0/0,13746:1747647661049:,1747647677714
counter/2/0/0/0,13657:1747647659832:,1747647677714
counter/6/0/0/0,13747:1747647661049:,1747647677716
counter/4/0/0/0,13995:1747647661743:,1747647677716
counter/5/0/0/0,13778:1747647659976:,1747647677717
counter/5/0/0/0,13779:1747647659976:,1747647677718
counter/5/0/0/0,13780:1747647659976:,1747647677718
counter/5/0/0/0,13781:1747647659976:,1747647677718
counter/5/0/0/0,13782:1747647659976:,1747647677718
counter/2/0/0/0,13658:1747647659832:,1747647677718
counter/5/0/0/0,13783:1747647659977:,1747647677718
counter/7/0/0/0,13690:1747647660713:,1747647677718
counter/4/0/0/0,13996:1747647661743:,1747647677718
counter/5/0/0/0,13784:1747647659977:,1747647677719
counter/5/0/0/0,13785:1747647659982:,1747647677719
counter/5/0/0/0,13786:1747647659982:,1747647677719
counter/5/0/0/0,13787:1747647659982:,1747647677719
counter/5/0/0/0,13788:1747647659982:,1747647677719
counter/5/0/0/0,13789:1747647659992:,1747647677719
counter/5/0/0/0,13790:1747647659992:,1747647677719
counter/5/0/0/0,13791:1747647659992:,1747647677719
counter/5/0/0/0,13792:1747647659992:,1747647677719
counter/5/0/0/0,13793:1747647659992:,1747647677719
counter/5/0/0/0,13794:1747647659992:,1747647677719
counter/5/0/0/0,13795:1747647659992:,1747647677719
counter/5/0/0/0,13796:1747647659992:,1747647677719
counter/5/0/0/0,13797:1747647659992:,1747647677719
counter/5/0/0/0,13798:1747647660007:,1747647677719
counter/5/0/0/0,13799:1747647660007:,1747647677719
counter/5/0/0/0,13800:1747647660008:,1747647677719
counter/5/0/0/0,13801:1747647660008:,1747647677719
counter/5/0/0/0,13802:1747647660008:,1747647677719
counter/2/0/0/0,13659:1747647659832:,1747647677720
counter/9/0/0/0,14448:1747647660695:,1747647677720
counter/2/0/0/0,13660:1747647659832:,1747647677720
counter/3/0/0/0,14866:1747647662557:,1747647677720
counter/4/0/0/0,13997:1747647661743:,1747647677720
counter/3/0/0/0,14867:1747647662557:,1747647677721
counter/2/0/0/0,13661:1747647659834:,1747647677721
counter/4/0/0/0,13998:1747647661743:,1747647677721
counter/10/0/0/0,13075:1747647660577:,1747647677721
counter/10/0/0/0,13076:1747647660577:,1747647677722
counter/5/0/0/0,13803:1747647660008:,1747647677722
counter/10/0/0/0,13077:1747647660577:,1747647677722
counter/8/0/0/0,14061:1747647660489:,1747647677723
counter/8/0/0/0,14062:1747647660489:,1747647677723
counter/3/0/0/0,14868:1747647662558:,1747647677723
counter/8/0/0/0,14063:1747647660489:,1747647677723
counter/8/0/0/0,14064:1747647660489:,1747647677723
counter/8/0/0/0,14065:1747647660489:,1747647677723
counter/8/0/0/0,14066:1747647660489:,1747647677723
counter/8/0/0/0,14067:1747647660489:,1747647677723
counter/8/0/0/0,14068:1747647660489:,1747647677723
counter/8/0/0/0,14069:1747647660489:,1747647677723
counter/8/0/0/0,14070:1747647660490:,1747647677723
counter/8/0/0/0,14071:1747647660491:,1747647677723
counter/3/0/0/0,14869:1747647662558:,1747647677724
counter/8/0/0/0,14072:1747647660491:,1747647677725
counter/1/0/0/0,14974:1747647661667:,1747647677725
counter/9/0/0/0,14449:1747647660695:,1747647677725
counter/10/0/0/0,13078:1747647660577:,1747647677725
counter/5/0/0/0,13804:1747647660008:,1747647677725
counter/5/0/0/0,13805:1747647660008:,1747647677726
counter/5/0/0/0,13806:1747647660008:,1747647677726
counter/5/0/0/0,13807:1747647660008:,1747647677726
counter/5/0/0/0,13808:1747647660008:,1747647677726
counter/5/0/0/0,13809:1747647660013:,1747647677726
counter/5/0/0/0,13810:1747647660013:,1747647677726
counter/5/0/0/0,13811:1747647660013:,1747647677726
counter/5/0/0/0,13812:1747647660017:,1747647677726
counter/5/0/0/0,13813:1747647660017:,1747647677726
counter/5/0/0/0,13814:1747647660017:,1747647677726
counter/5/0/0/0,13815:1747647660017:,1747647677726
counter/8/0/0/0,14073:1747647660491:,1747647677727
counter/2/0/0/0,13662:1747647659836:,1747647677727
counter/2/0/0/0,13663:1747647659836:,1747647677727
counter/2/0/0/0,13664:1747647659836:,1747647677727
counter/2/0/0/0,13665:1747647659836:,1747647677727
counter/2/0/0/0,13666:1747647659837:,1747647677727
counter/2/0/0/0,13667:1747647659837:,1747647677727
counter/2/0/0/0,13668:1747647659837:,1747647677727
counter/2/0/0/0,13669:1747647659837:,1747647677727
counter/7/0/0/0,13691:1747647660716:,1747647677728
counter/10/0/0/0,13079:1747647660577:,1747647677728
counter/7/0/0/0,13692:1747647660716:,1747647677728
counter/5/0/0/0,13816:1747647660017:,1747647677728
counter/4/0/0/0,13999:1747647661743:,1747647677728
counter/6/0/0/0,13748:1747647661049:,1747647677728
counter/7/0/0/0,13693:1747647660716:,1747647677729
counter/7/0/0/0,13694:1747647660716:,1747647677729
counter/7/0/0/0,13695:1747647660716:,1747647677729
counter/7/0/0/0,13696:1747647660716:,1747647677729
counter/7/0/0/0,13697:1747647660716:,1747647677729
counter/7/0/0/0,13698:1747647660716:,1747647677729
counter/7/0/0/0,13699:1747647660717:,1747647677729
counter/10/0/0/0,13080:1747647660577:,1747647677729
counter/7/0/0/0,13700:1747647660717:,1747647677729
counter/6/0/0/0,13749:1747647661049:,1747647677729
counter/4/0/0/0,14000:1747647661743:,1747647677729
counter/2/0/0/0,13670:1747647659837:,1747647677729
counter/4/0/0/0,14001:1747647661743:,1747647677729
counter/9/0/0/0,14450:1747647660704:,1747647677729
counter/9/0/0/0,14451:1747647660708:,1747647677729
counter/9/0/0/0,14452:1747647660708:,1747647677729
counter/9/0/0/0,14453:1747647660708:,1747647677730
counter/4/0/0/0,14002:1747647661743:,1747647677730
counter/9/0/0/0,14454:1747647660708:,1747647677730
counter/9/0/0/0,14455:1747647660708:,1747647677730
counter/9/0/0/0,14456:1747647660708:,1747647677730
counter/9/0/0/0,14457:1747647660708:,1747647677730
counter/9/0/0/0,14458:1747647660708:,1747647677730
counter/9/0/0/0,14459:1747647660708:,1747647677730
counter/9/0/0/0,14460:1747647660708:,1747647677731
counter/9/0/0/0,14461:1747647660708:,1747647677731
counter/7/0/0/0,13701:1747647660717:,1747647677731
counter/1/0/0/0,14975:1747647661667:,1747647677731
counter/7/0/0/0,13702:1747647660717:,1747647677733
counter/7/0/0/0,13703:1747647660717:,1747647677733
counter/7/0/0/0,13704:1747647660717:,1747647677733
counter/7/0/0/0,13705:1747647660717:,1747647677733
counter/7/0/0/0,13706:1747647660717:,1747647677733
counter/7/0/0/0,13707:1747647660717:,1747647677733
counter/7/0/0/0,13708:1747647660721:,1747647677733
counter/7/0/0/0,13709:1747647660725:,1747647677733
counter/8/0/0/0,14074:1747647660491:,1747647677733
counter/9/0/0/0,14462:1747647660708:,1747647677734
counter/4/0/0/0,14003:1747647661743:,1747647677735
counter/4/0/0/0,14004:1747647661743:,1747647677735
counter/6/0/0/0,13750:1747647661049:,1747647677735
counter/1/0/0/0,14976:1747647661667:,1747647677735
counter/4/0/0/0,14005:1747647661743:,1747647677735
counter/1/0/0/0,14977:1747647661667:,1747647677735
counter/1/0/0/0,14978:1747647661667:,1747647677735
counter/1/0/0/0,14979:1747647661667:,1747647677735
counter/1/0/0/0,14980:1747647661667:,1747647677735
counter/1/0/0/0,14981:1747647661667:,1747647677735
counter/1/0/0/0,14982:1747647661667:,1747647677735
counter/1/0/0/0,14983:1747647661667:,1747647677735
counter/2/0/0/0,13671:1747647659837:,1747647677735
counter/7/0/0/0,13710:1747647660725:,1747647677736
counter/7/0/0/0,13711:1747647660730:,1747647677736
counter/7/0/0/0,13712:1747647660730:,1747647677736
counter/7/0/0/0,13713:1747647660730:,1747647677736
counter/8/0/0/0,14075:1747647660493:,1747647677740
counter/8/0/0/0,14076:1747647660493:,1747647677740
counter/8/0/0/0,14077:1747647660493:,1747647677740
counter/8/0/0/0,14078:1747647660493:,1747647677740
counter/8/0/0/0,14079:1747647660494:,1747647677740
counter/10/0/0/0,13081:1747647660580:,1747647677740
counter/4/0/0/0,14006:1747647661743:,1747647677740
counter/4/0/0/0,14007:1747647661744:,1747647677740
counter/1/0/0/0,14984:1747647661667:,1747647677740
counter/1/0/0/0,14985:1747647661667:,1747647677740
counter/7/0/0/0,13714:1747647660730:,1747647677740
counter/9/0/0/0,14463:1747647660709:,1747647677742
counter/10/0/0/0,13082:1747647660580:,1747647677744
counter/4/0/0/0,14008:1747647661744:,1747647677744
counter/4/0/0/0,14009:1747647661744:,1747647677744
counter/4/0/0/0,14010:1747647661744:,1747647677744
counter/4/0/0/0,14011:1747647661744:,1747647677744
counter/4/0/0/0,14012:1747647661744:,1747647677744
counter/4/0/0/0,14013:1747647661744:,1747647677745
counter/4/0/0/0,14014:1747647661744:,1747647677745
counter/4/0/0/0,14015:1747647661748:,1747647677745
counter/7/0/0/0,13715:1747647660734:,1747647677745
counter/4/0/0/0,14016:1747647661748:,1747647677745
counter/9/0/0/0,14464:1747647660709:,1747647677745
counter/3/0/0/0,14870:1747647662558:,1747647677745
counter/6/0/0/0,13751:1747647661049:,1747647677746
counter/1/0/0/0,14986:1747647661667:,1747647677746
counter/4/0/0/0,14017:1747647661748:,1747647677746
counter/7/0/0/0,13716:1747647660735:,1747647677747
counter/5/0/0/0,13817:1747647660018:,1747647677747
counter/7/0/0/0,13717:1747647660735:,1747647677747
counter/5/0/0/0,13818:1747647660018:,1747647677747
counter/10/0/0/0,13083:1747647660580:,1747647677748
counter/9/0/0/0,14465:1747647660709:,1747647677748
counter/5/0/0/0,13819:1747647660018:,1747647677748
counter/5/0/0/0,13820:1747647660018:,1747647677748
counter/8/0/0/0,14080:1747647660494:,1747647677748
counter/8/0/0/0,14081:1747647660494:,1747647677748
counter/8/0/0/0,14082:1747647660494:,1747647677749
counter/8/0/0/0,14083:1747647660494:,1747647677749
counter/8/0/0/0,14084:1747647660494:,1747647677749
counter/6/0/0/0,13752:1747647661050:,1747647677749
counter/10/0/0/0,13084:1747647660587:,1747647677749
counter/10/0/0/0,13085:1747647660587:,1747647677749
counter/4/0/0/0,14018:1747647661748:,1747647677749
counter/9/0/0/0,14466:1747647660709:,1747647677750
counter/9/0/0/0,14467:1747647660716:,1747647677750
counter/9/0/0/0,14468:1747647660716:,1747647677750
counter/9/0/0/0,14469:1747647660716:,1747647677751
counter/8/0/0/0,14085:1747647660494:,1747647677751
counter/8/0/0/0,14086:1747647660494:,1747647677751
counter/8/0/0/0,14087:1747647660494:,1747647677751
counter/8/0/0/0,14088:1747647660496:,1747647677751
counter/8/0/0/0,14089:1747647660496:,1747647677751
counter/6/0/0/0,13753:1747647661050:,1747647677751
counter/10/0/0/0,13086:1747647660587:,1747647677751
counter/4/0/0/0,14019:1747647661748:,1747647677751
counter/2/0/0/0,13672:1747647659837:,1747647677752
counter/10/0/0/0,13087:1747647660587:,1747647677752
counter/4/0/0/0,14020:1747647661748:,1747647677752
counter/4/0/0/0,14021:1747647661757:,1747647677752
counter/3/0/0/0,14871:1747647662558:,1747647677752
counter/3/0/0/0,14872:1747647662558:,1747647677752
counter/3/0/0/0,14873:1747647662558:,1747647677752
counter/3/0/0/0,14874:1747647662596:,1747647677752
counter/3/0/0/0,14875:1747647662599:,1747647677752
counter/7/0/0/0,13718:1747647660735:,1747647677754
counter/7/0/0/0,13719:1747647660735:,1747647677754
counter/7/0/0/0,13720:1747647660735:,1747647677754
counter/5/0/0/0,13821:1747647660018:,1747647677755
counter/7/0/0/0,13721:1747647660735:,1747647677755
counter/5/0/0/0,13822:1747647660018:,1747647677755
counter/3/0/0/0,14876:1747647662599:,1747647677755
counter/5/0/0/0,13823:1747647660018:,1747647677755
counter/9/0/0/0,14470:1747647660721:,1747647677755
counter/9/0/0/0,14471:1747647660721:,1747647677755
counter/9/0/0/0,14472:1747647660721:,1747647677755
counter/9/0/0/0,14473:1747647660721:,1747647677755
counter/9/0/0/0,14474:1747647660721:,1747647677755
counter/9/0/0/0,14475:1747647660721:,1747647677756
counter/5/0/0/0,13824:1747647660018:,1747647677756
counter/7/0/0/0,13722:1747647660735:,1747647677756
counter/2/0/0/0,13673:1747647659838:,1747647677756
counter/7/0/0/0,13723:1747647660735:,1747647677756
counter/1/0/0/0,14987:1747647661667:,1747647677756
counter/9/0/0/0,14476:1747647660721:,1747647677757
counter/7/0/0/0,13724:1747647660735:,1747647677757
counter/9/0/0/0,14477:1747647660721:,1747647677757
counter/7/0/0/0,13725:1747647660739:,1747647677757
counter/9/0/0/0,14478:1747647660721:,1747647677757
counter/9/0/0/0,14479:1747647660721:,1747647677757
counter/8/0/0/0,14090:1747647660496:,1747647677757
counter/9/0/0/0,14480:1747647660721:,1747647677757
counter/9/0/0/0,14481:1747647660721:,1747647677758
counter/2/0/0/0,13674:1747647659838:,1747647677761
counter/6/0/0/0,13754:1747647661050:,1747647677761
counter/4/0/0/0,14022:1747647661758:,1747647677761
counter/7/0/0/0,13726:1747647660739:,1747647677761
counter/7/0/0/0,13727:1747647660739:,1747647677761
counter/7/0/0/0,13728:1747647660739:,1747647677761
counter/8/0/0/0,14091:1747647660496:,1747647677761
counter/10/0/0/0,13088:1747647660587:,1747647677761
counter/10/0/0/0,13089:1747647660587:,1747647677761
counter/10/0/0/0,13090:1747647660588:,1747647677761
counter/10/0/0/0,13091:1747647660588:,1747647677761
counter/10/0/0/0,13092:1747647660588:,1747647677761
counter/9/0/0/0,14482:1747647660721:,1747647677762
counter/9/0/0/0,14483:1747647660721:,1747647677762
counter/6/0/0/0,13755:1747647661050:,1747647677762
counter/6/0/0/0,13756:1747647661050:,1747647677762
counter/6/0/0/0,13757:1747647661053:,1747647677762
counter/6/0/0/0,13758:1747647661053:,1747647677762
counter/6/0/0/0,13759:1747647661053:,1747647677763
counter/6/0/0/0,13760:1747647661053:,1747647677763
counter/6/0/0/0,13761:1747647661053:,1747647677763
counter/6/0/0/0,13762:1747647661053:,1747647677763
counter/6/0/0/0,13763:1747647661053:,1747647677763
counter/6/0/0/0,13764:1747647661053:,1747647677763
counter/6/0/0/0,13765:1747647661053:,1747647677763
counter/6/0/0/0,13766:1747647661053:,1747647677763
counter/6/0/0/0,13767:1747647661053:,1747647677763
counter/6/0/0/0,13768:1747647661053:,1747647677763
counter/6/0/0/0,13769:1747647661054:,1747647677763
counter/6/0/0/0,13770:1747647661054:,1747647677764
counter/6/0/0/0,13771:1747647661054:,1747647677764
counter/4/0/0/0,14023:1747647661758:,1747647677765
counter/8/0/0/0,14092:1747647660496:,1747647677765
counter/8/0/0/0,14093:1747647660496:,1747647677765
counter/5/0/0/0,13825:1747647660018:,1747647677766
counter/1/0/0/0,14988:1747647661667:,1747647677766
counter/1/0/0/0,14989:1747647661667:,1747647677766
counter/1/0/0/0,14990:1747647661667:,1747647677766
counter/1/0/0/0,14991:1747647661671:,1747647677766
counter/1/0/0/0,14992:1747647661671:,1747647677766
counter/1/0/0/0,14993:1747647661671:,1747647677766
counter/1/0/0/0,14994:1747647661671:,1747647677766
counter/2/0/0/0,13675:1747647659838:,1747647677766
counter/1/0/0/0,14995:1747647661671:,1747647677766
counter/1/0/0/0,14996:1747647661671:,1747647677766
counter/8/0/0/0,14094:1747647660497:,1747647677766
counter/8/0/0/0,14095:1747647660497:,1747647677768
counter/8/0/0/0,14096:1747647660497:,1747647677768
counter/8/0/0/0,14097:1747647660497:,1747647677768
counter/8/0/0/0,14098:1747647660497:,1747647677768
counter/8/0/0/0,14099:1747647660497:,1747647677768
counter/9/0/0/0,14484:1747647660721:,1747647677768
counter/8/0/0/0,14100:1747647660497:,1747647677768
counter/3/0/0/0,14877:1747647662600:,1747647677768
counter/3/0/0/0,14878:1747647662600:,1747647677768
counter/3/0/0/0,14879:1747647662600:,1747647677768
counter/3/0/0/0,14880:1747647662600:,1747647677768
counter/3/0/0/0,14881:1747647662600:,1747647677768
counter/3/0/0/0,14882:1747647662600:,1747647677768
counter/3/0/0/0,14883:1747647662608:,1747647677768
counter/3/0/0/0,14884:1747647662608:,1747647677768
counter/3/0/0/0,14885:1747647662608:,1747647677768
counter/3/0/0/0,14886:1747647662608:,1747647677768
counter/3/0/0/0,14887:1747647662608:,1747647677768
counter/2/0/0/0,13676:1747647659847:,1747647677768
counter/8/0/0/0,14101:1747647660497:,1747647677768
counter/1/0/0/0,14997:1747647661671:,1747647677769
counter/1/0/0/0,14998:1747647661671:,1747647677769
counter/1/0/0/0,14999:1747647661671:,1747647677769
counter/1/0/0/0,15000:1747647661688:,1747647677769
counter/1/0/0/0,15001:1747647661691:,1747647677769
counter/1/0/0/0,15002:1747647661691:,1747647677769
counter/1/0/0/0,15003:1747647661691:,1747647677769
counter/1/0/0/0,15004:1747647661691:,1747647677769
counter/1/0/0/0,15005:1747647661691:,1747647677769
counter/1/0/0/0,15006:1747647661691:,1747647677769
counter/2/0/0/0,13677:1747647659852:,1747647677769
counter/2/0/0/0,13678:1747647659856:,1747647677769
counter/2/0/0/0,13679:1747647659856:,1747647677769
counter/2/0/0/0,13680:1747647659856:,1747647677769
counter/2/0/0/0,13681:1747647659856:,1747647677769
counter/2/0/0/0,13682:1747647659856:,1747647677769
counter/3/0/0/0,14888:1747647662608:,1747647677771
counter/8/0/0/0,14102:1747647660497:,1747647677771
counter/2/0/0/0,13683:1747647659856:,1747647677772
counter/1/0/0/0,15007:1747647661697:,1747647677772
counter/1/0/0/0,15008:1747647661697:,1747647677772
counter/1/0/0/0,15009:1747647661697:,1747647677773
counter/1/0/0/0,15010:1747647661698:,1747647677773
counter/4/0/0/0,14024:1747647661758:,1747647677775
counter/6/0/0/0,13772:1747647661054:,1747647677775
counter/6/0/0/0,13773:1747647661054:,1747647677775
counter/9/0/0/0,14485:1747647660721:,1747647677776
counter/6/0/0/0,13774:1747647661054:,1747647677777
counter/2/0/0/0,13684:1747647659856:,1747647677778
counter/5/0/0/0,13826:1747647660019:,1747647677778
counter/1/0/0/0,15011:1747647661698:,1747647677778
counter/1/0/0/0,15012:1747647661698:,1747647677778
counter/1/0/0/0,15013:1747647661698:,1747647677778
counter/1/0/0/0,15014:1747647661698:,1747647677779
counter/1/0/0/0,15015:1747647661698:,1747647677779
counter/1/0/0/0,15016:1747647661698:,1747647677779
counter/1/0/0/0,15017:1747647661698:,1747647677779
counter/7/0/0/0,13729:1747647660739:,1747647677780
counter/7/0/0/0,13730:1747647660739:,1747647677781
counter/7/0/0/0,13731:1747647660739:,1747647677781
counter/7/0/0/0,13732:1747647660744:,1747647677781
counter/7/0/0/0,13733:1747647660744:,1747647677781
counter/7/0/0/0,13734:1747647660744:,1747647677781
counter/7/0/0/0,13735:1747647660744:,1747647677781
counter/7/0/0/0,13736:1747647660744:,1747647677781
counter/7/0/0/0,13737:1747647660744:,1747647677781
counter/7/0/0/0,13738:1747647660744:,1747647677781
counter/7/0/0/0,13739:1747647660744:,1747647677781
counter/7/0/0/0,13740:1747647660744:,1747647677781
counter/8/0/0/0,14103:1747647660497:,1747647677781
counter/8/0/0/0,14104:1747647660497:,1747647677781
counter/8/0/0/0,14105:1747647660497:,1747647677781
counter/8/0/0/0,14106:1747647660501:,1747647677781
counter/8/0/0/0,14107:1747647660501:,1747647677781
counter/8/0/0/0,14108:1747647660501:,1747647677781
counter/8/0/0/0,14109:1747647660501:,1747647677781
counter/8/0/0/0,14110:1747647660501:,1747647677781
counter/8/0/0/0,14111:1747647660501:,1747647677781
counter/8/0/0/0,14112:1747647660501:,1747647677781
counter/8/0/0/0,14113:1747647660501:,1747647677781
counter/8/0/0/0,14114:1747647660501:,1747647677782
counter/8/0/0/0,14115:1747647660501:,1747647677782
counter/8/0/0/0,14116:1747647660501:,1747647677782
counter/8/0/0/0,14117:1747647660501:,1747647677782
counter/9/0/0/0,14486:1747647660721:,1747647677782
counter/6/0/0/0,13775:1747647661054:,1747647677784
counter/1/0/0/0,15018:1747647661698:,1747647677784
counter/4/0/0/0,14025:1747647661758:,1747647677785
counter/8/0/0/0,14118:1747647660501:,1747647677785
counter/8/0/0/0,14119:1747647660501:,1747647677785
counter/8/0/0/0,14120:1747647660501:,1747647677786
counter/8/0/0/0,14121:1747647660510:,1747647677786
counter/7/0/0/0,13741:1747647660744:,1747647677786
counter/2/0/0/0,13685:1747647659856:,1747647677786
counter/3/0/0/0,14889:1747647662608:,1747647677786
counter/2/0/0/0,13686:1747647659856:,1747647677786
counter/6/0/0/0,13776:1747647661054:,1747647677786
counter/1/0/0/0,15019:1747647661698:,1747647677788
counter/7/0/0/0,13742:1747647660744:,1747647677788
counter/7/0/0/0,13743:1747647660744:,1747647677788
counter/7/0/0/0,13744:1747647660744:,1747647677788
counter/7/0/0/0,13745:1747647660746:,1747647677788
counter/7/0/0/0,13746:1747647660746:,1747647677788
counter/10/0/0/0,13093:1747647660588:,1747647677788
counter/7/0/0/0,13747:1747647660746:,1747647677788
counter/7/0/0/0,13748:1747647660746:,1747647677788
counter/7/0/0/0,13749:1747647660746:,1747647677788
counter/10/0/0/0,13094:1747647660589:,1747647677788
counter/9/0/0/0,14487:1747647660721:,1747647677788
counter/8/0/0/0,14122:1747647660510:,1747647677789
counter/8/0/0/0,14123:1747647660511:,1747647677790
counter/8/0/0/0,14124:1747647660511:,1747647677790
counter/8/0/0/0,14125:1747647660511:,1747647677790
counter/6/0/0/0,13777:1747647661054:,1747647677791
counter/6/0/0/0,13778:1747647661054:,1747647677791
counter/9/0/0/0,14488:1747647660721:,1747647677791
counter/6/0/0/0,13779:1747647661054:,1747647677791
counter/1/0/0/0,15020:1747647661698:,1747647677791
counter/6/0/0/0,13780:1747647661054:,1747647677791
counter/7/0/0/0,13750:1747647660746:,1747647677792
counter/6/0/0/0,13781:1747647661062:,1747647677792
counter/7/0/0/0,13751:1747647660746:,1747647677792
counter/7/0/0/0,13752:1747647660746:,1747647677792
counter/7/0/0/0,13753:1747647660746:,1747647677792
counter/7/0/0/0,13754:1747647660746:,1747647677792
counter/7/0/0/0,13755:1747647660746:,1747647677792
counter/7/0/0/0,13756:1747647660746:,1747647677792
counter/7/0/0/0,13757:1747647660746:,1747647677792
counter/4/0/0/0,14026:1747647661758:,1747647677792
counter/9/0/0/0,14489:1747647660722:,1747647677792
counter/1/0/0/0,15021:1747647661698:,1747647677792
counter/4/0/0/0,14027:1747647661758:,1747647677793
counter/5/0/0/0,13827:1747647660019:,1747647677793
counter/3/0/0/0,14890:1747647662608:,1747647677793
counter/4/0/0/0,14028:1747647661758:,1747647677794
counter/1/0/0/0,15022:1747647661698:,1747647677794
counter/2/0/0/0,13687:1747647659856:,1747647677794
counter/2/0/0/0,13688:1747647659856:,1747647677794
counter/2/0/0/0,13689:1747647659866:,1747647677794
counter/3/0/0/0,14891:1747647662611:,1747647677794
counter/3/0/0/0,14892:1747647662611:,1747647677794
counter/3/0/0/0,14893:1747647662611:,1747647677794
counter/3/0/0/0,14894:1747647662611:,1747647677794
counter/6/0/0/0,13782:1747647661062:,1747647677794
counter/4/0/0/0,14029:1747647661758:,1747647677794
counter/6/0/0/0,13783:1747647661062:,1747647677794
counter/6/0/0/0,13784:1747647661062:,1747647677794
counter/2/0/0/0,13690:1747647659866:,1747647677794
counter/2/0/0/0,13691:1747647659866:,1747647677795
counter/2/0/0/0,13692:1747647659866:,1747647677795
counter/2/0/0/0,13693:1747647659866:,1747647677795
counter/2/0/0/0,13694:1747647659866:,1747647677795
counter/2/0/0/0,13695:1747647659866:,1747647677795
counter/7/0/0/0,13758:1747647660746:,1747647677795
counter/10/0/0/0,13095:1747647660589:,1747647677795
counter/10/0/0/0,13096:1747647660589:,1747647677795
counter/4/0/0/0,14030:1747647661758:,1747647677795
counter/1/0/0/0,15023:1747647661698:,1747647677795
counter/1/0/0/0,15024:1747647661698:,1747647677795
counter/1/0/0/0,15025:1747647661702:,1747647677795
counter/1/0/0/0,15026:1747647661702:,1747647677795
counter/1/0/0/0,15027:1747647661702:,1747647677795
counter/1/0/0/0,15028:1747647661702:,1747647677795
counter/1/0/0/0,15029:1747647661702:,1747647677795
counter/1/0/0/0,15030:1747647661702:,1747647677795
counter/9/0/0/0,14490:1747647660722:,1747647677796
counter/9/0/0/0,14491:1747647660722:,1747647677797
counter/9/0/0/0,14492:1747647660722:,1747647677797
counter/9/0/0/0,14493:1747647660725:,1747647677797
counter/9/0/0/0,14494:1747647660725:,1747647677797
counter/9/0/0/0,14495:1747647660725:,1747647677797
counter/9/0/0/0,14496:1747647660725:,1747647677797
counter/9/0/0/0,14497:1747647660725:,1747647677797
counter/9/0/0/0,14498:1747647660725:,1747647677797
counter/10/0/0/0,13097:1747647660589:,1747647677797
counter/9/0/0/0,14499:1747647660725:,1747647677797
counter/9/0/0/0,14500:1747647660725:,1747647677797
counter/9/0/0/0,14501:1747647660725:,1747647677798
counter/5/0/0/0,13828:1747647660019:,1747647677798
counter/7/0/0/0,13759:1747647660746:,1747647677798
counter/4/0/0/0,14031:1747647661758:,1747647677798
counter/4/0/0/0,14032:1747647661758:,1747647677798
counter/4/0/0/0,14033:1747647661758:,1747647677798
counter/4/0/0/0,14034:1747647661758:,1747647677798
counter/4/0/0/0,14035:1747647661758:,1747647677798
counter/1/0/0/0,15031:1747647661703:,1747647677798
counter/4/0/0/0,14036:1747647661758:,1747647677798
counter/7/0/0/0,13760:1747647660746:,1747647677798
counter/7/0/0/0,13761:1747647660750:,1747647677798
counter/7/0/0/0,13762:1747647660754:,1747647677798
counter/8/0/0/0,14126:1747647660511:,1747647677798
counter/8/0/0/0,14127:1747647660511:,1747647677798
counter/8/0/0/0,14128:1747647660511:,1747647677798
counter/8/0/0/0,14129:1747647660511:,1747647677798
counter/8/0/0/0,14130:1747647660511:,1747647677799
counter/8/0/0/0,14131:1747647660511:,1747647677799
counter/2/0/0/0,13696:1747647659866:,1747647677799
counter/8/0/0/0,14132:1747647660511:,1747647677799
counter/2/0/0/0,13697:1747647659869:,1747647677799
counter/2/0/0/0,13698:1747647659876:,1747647677799
counter/2/0/0/0,13699:1747647659876:,1747647677799
counter/2/0/0/0,13700:1747647659876:,1747647677799
counter/2/0/0/0,13701:1747647659877:,1747647677799
counter/2/0/0/0,13702:1747647659877:,1747647677799
counter/2/0/0/0,13703:1747647659877:,1747647677799
counter/2/0/0/0,13704:1747647659877:,1747647677799
counter/2/0/0/0,13705:1747647659877:,1747647677799
counter/2/0/0/0,13706:1747647659885:,1747647677799
counter/1/0/0/0,15032:1747647661703:,1747647677799
counter/2/0/0/0,13707:1747647659885:,1747647677799
counter/6/0/0/0,13785:1747647661062:,1747647677799
counter/6/0/0/0,13786:1747647661062:,1747647677799
counter/6/0/0/0,13787:1747647661062:,1747647677799
counter/6/0/0/0,13788:1747647661063:,1747647677799
counter/6/0/0/0,13789:1747647661063:,1747647677800
counter/6/0/0/0,13790:1747647661063:,1747647677800
counter/6/0/0/0,13791:1747647661063:,1747647677800
counter/6/0/0/0,13792:1747647661063:,1747647677800
counter/6/0/0/0,13793:1747647661074:,1747647677800
counter/9/0/0/0,14502:1747647660725:,1747647677800
counter/3/0/0/0,14895:1747647662611:,1747647677800
counter/2/0/0/0,13708:1747647659885:,1747647677800
counter/3/0/0/0,14896:1747647662611:,1747647677801
counter/9/0/0/0,14503:1747647660725:,1747647677801
counter/9/0/0/0,14504:1747647660725:,1747647677801
counter/9/0/0/0,14505:1747647660725:,1747647677801
counter/9/0/0/0,14506:1747647660726:,1747647677801
counter/9/0/0/0,14507:1747647660726:,1747647677801
counter/9/0/0/0,14508:1747647660726:,1747647677801
counter/9/0/0/0,14509:1747647660726:,1747647677801
counter/6/0/0/0,13794:1747647661074:,1747647677802
counter/4/0/0/0,14037:1747647661758:,1747647677803
counter/6/0/0/0,13795:1747647661074:,1747647677804
counter/6/0/0/0,13796:1747647661075:,1747647677804
counter/6/0/0/0,13797:1747647661081:,1747647677804
counter/6/0/0/0,13798:1747647661081:,1747647677804
counter/6/0/0/0,13799:1747647661081:,1747647677804
counter/4/0/0/0,14038:1747647661759:,1747647677804
counter/6/0/0/0,13800:1747647661082:,1747647677804
counter/7/0/0/0,13763:1747647660754:,1747647677804
counter/7/0/0/0,13764:1747647660754:,1747647677804
counter/7/0/0/0,13765:1747647660754:,1747647677804
counter/7/0/0/0,13766:1747647660754:,1747647677804
counter/7/0/0/0,13767:1747647660754:,1747647677804
counter/7/0/0/0,13768:1747647660754:,1747647677804
counter/7/0/0/0,13769:1747647660754:,1747647677804
counter/7/0/0/0,13770:1747647660754:,1747647677804
counter/7/0/0/0,13771:1747647660754:,1747647677804
counter/2/0/0/0,13709:1747647659885:,1747647677805
counter/2/0/0/0,13710:1747647659885:,1747647677806
counter/4/0/0/0,14039:1747647661759:,1747647677806
counter/8/0/0/0,14133:1747647660511:,1747647677807
counter/5/0/0/0,13829:1747647660019:,1747647677807
counter/10/0/0/0,13098:1747647660594:,1747647677807
counter/3/0/0/0,14897:1747647662612:,1747647677809
counter/3/0/0/0,14898:1747647662620:,1747647677809
counter/2/0/0/0,13711:1747647659885:,1747647677809
counter/2/0/0/0,13712:1747647659885:,1747647677809
counter/2/0/0/0,13713:1747647659885:,1747647677809
counter/2/0/0/0,13714:1747647659886:,1747647677811
counter/10/0/0/0,13099:1747647660594:,1747647677812
counter/7/0/0/0,13772:1747647660754:,1747647677816
counter/7/0/0/0,13773:1747647660757:,1747647677816
counter/7/0/0/0,13774:1747647660762:,1747647677816
counter/1/0/0/0,15033:1747647661703:,1747647677816
counter/9/0/0/0,14510:1747647660726:,1747647677816
counter/9/0/0/0,14511:1747647660726:,1747647677816
counter/9/0/0/0,14512:1747647660726:,1747647677816
counter/9/0/0/0,14513:1747647660726:,1747647677816
counter/9/0/0/0,14514:1747647660727:,1747647677816
counter/5/0/0/0,13830:1747647660019:,1747647677816
counter/2/0/0/0,13715:1747647659886:,1747647677816
counter/2/0/0/0,13716:1747647659886:,1747647677816
counter/3/0/0/0,14899:1747647662620:,1747647677816
counter/4/0/0/0,14040:1747647661759:,1747647677818
counter/1/0/0/0,15034:1747647661707:,1747647677818
counter/1/0/0/0,15035:1747647661707:,1747647677818
counter/6/0/0/0,13801:1747647661082:,1747647677818
counter/6/0/0/0,13802:1747647661082:,1747647677818
counter/9/0/0/0,14515:1747647660727:,1747647677818
counter/2/0/0/0,13717:1747647659886:,1747647677818
counter/5/0/0/0,13831:1747647660019:,1747647677818
counter/5/0/0/0,13832:1747647660020:,1747647677819
counter/4/0/0/0,14041:1747647661759:,1747647677821
counter/3/0/0/0,14900:1747647662621:,1747647677821
counter/3/0/0/0,14901:1747647662621:,1747647677821
counter/3/0/0/0,14902:1747647662621:,1747647677821
counter/3/0/0/0,14903:1747647662621:,1747647677821
counter/3/0/0/0,14904:1747647662621:,1747647677822
counter/3/0/0/0,14905:1747647662621:,1747647677822
counter/6/0/0/0,13803:1747647661082:,1747647677823
counter/1/0/0/0,15036:1747647661707:,1747647677824
counter/6/0/0/0,13804:1747647661082:,1747647677825
counter/6/0/0/0,13805:1747647661082:,1747647677825
counter/6/0/0/0,13806:1747647661082:,1747647677825
counter/4/0/0/0,14042:1747647661759:,1747647677825
counter/4/0/0/0,14043:1747647661759:,1747647677825
counter/4/0/0/0,14044:1747647661759:,1747647677825
counter/4/0/0/0,14045:1747647661761:,1747647677825
counter/4/0/0/0,14046:1747647661761:,1747647677825
counter/4/0/0/0,14047:1747647661761:,1747647677825
counter/4/0/0/0,14048:1747647661761:,1747647677825
counter/4/0/0/0,14049:1747647661761:,1747647677825
counter/4/0/0/0,14050:1747647661761:,1747647677825
counter/4/0/0/0,14051:1747647661761:,1747647677825
counter/4/0/0/0,14052:1747647661761:,1747647677825
counter/10/0/0/0,13100:1747647660594:,1747647677825
counter/4/0/0/0,14053:1747647661761:,1747647677825
counter/4/0/0/0,14054:1747647661765:,1747647677826
counter/4/0/0/0,14055:1747647661774:,1747647677826
counter/2/0/0/0,13718:1747647659886:,1747647677826
counter/3/0/0/0,14906:1747647662621:,1747647677826
counter/2/0/0/0,13719:1747647659886:,1747647677826
counter/3/0/0/0,14907:1747647662621:,1747647677827
counter/2/0/0/0,13720:1747647659886:,1747647677827
counter/2/0/0/0,13721:1747647659886:,1747647677827
counter/2/0/0/0,13722:1747647659886:,1747647677828
counter/2/0/0/0,13723:1747647659886:,1747647677828
counter/2/0/0/0,13724:1747647659886:,1747647677828
counter/8/0/0/0,14134:1747647660512:,1747647677828
counter/2/0/0/0,13725:1747647659886:,1747647677828
counter/8/0/0/0,14135:1747647660512:,1747647677828
counter/2/0/0/0,13726:1747647659886:,1747647677828
counter/8/0/0/0,14136:1747647660512:,1747647677828
counter/4/0/0/0,14056:1747647661776:,1747647677828
counter/8/0/0/0,14137:1747647660512:,1747647677828
counter/4/0/0/0,14057:1747647661776:,1747647677828
counter/4/0/0/0,14058:1747647661776:,1747647677828
counter/4/0/0/0,14059:1747647661776:,1747647677828
counter/4/0/0/0,14060:1747647661776:,1747647677828
counter/4/0/0/0,14061:1747647661776:,1747647677828
counter/4/0/0/0,14062:1747647661776:,1747647677828
counter/1/0/0/0,15037:1747647661708:,1747647677828
counter/1/0/0/0,15038:1747647661708:,1747647677828
counter/1/0/0/0,15039:1747647661708:,1747647677828
counter/5/0/0/0,13833:1747647660020:,1747647677828
counter/5/0/0/0,13834:1747647660020:,1747647677829
counter/5/0/0/0,13835:1747647660020:,1747647677829
counter/5/0/0/0,13836:1747647660020:,1747647677829
counter/5/0/0/0,13837:1747647660020:,1747647677829
counter/7/0/0/0,13775:1747647660764:,1747647677829
counter/5/0/0/0,13838:1747647660020:,1747647677830
counter/3/0/0/0,14908:1747647662621:,1747647677830
counter/5/0/0/0,13839:1747647660020:,1747647677830
counter/3/0/0/0,14909:1747647662621:,1747647677830
counter/3/0/0/0,14910:1747647662621:,1747647677830
counter/3/0/0/0,14911:1747647662621:,1747647677830
counter/3/0/0/0,14912:1747647662621:,1747647677830
counter/3/0/0/0,14913:1747647662621:,1747647677830
counter/2/0/0/0,13727:1747647659892:,1747647677830
counter/3/0/0/0,14914:1747647662621:,1747647677830
counter/9/0/0/0,14516:1747647660727:,1747647677831
counter/8/0/0/0,14138:1747647660512:,1747647677831
counter/7/0/0/0,13776:1747647660764:,1747647677832
counter/6/0/0/0,13807:1747647661082:,1747647677833
counter/6/0/0/0,13808:1747647661082:,1747647677833
counter/6/0/0/0,13809:1747647661082:,1747647677833
counter/4/0/0/0,14063:1747647661776:,1747647677833
counter/4/0/0/0,14064:1747647661776:,1747647677833
counter/4/0/0/0,14065:1747647661776:,1747647677834
counter/4/0/0/0,14066:1747647661776:,1747647677834
counter/9/0/0/0,14517:1747647660727:,1747647677835
counter/1/0/0/0,15040:1747647661708:,1747647677835
counter/6/0/0/0,13810:1747647661082:,1747647677835
counter/7/0/0/0,13777:1747647660764:,1747647677835
counter/7/0/0/0,13778:1747647660764:,1747647677835
counter/7/0/0/0,13779:1747647660764:,1747647677835
counter/7/0/0/0,13780:1747647660764:,1747647677835
counter/7/0/0/0,13781:1747647660764:,1747647677835
counter/10/0/0/0,13101:1747647660594:,1747647677835
counter/7/0/0/0,13782:1747647660764:,1747647677836
counter/10/0/0/0,13102:1747647660594:,1747647677836
counter/7/0/0/0,13783:1747647660764:,1747647677836
counter/10/0/0/0,13103:1747647660594:,1747647677836
counter/10/0/0/0,13104:1747647660594:,1747647677836
counter/10/0/0/0,13105:1747647660594:,1747647677836
counter/10/0/0/0,13106:1747647660594:,1747647677836
counter/10/0/0/0,13107:1747647660594:,1747647677836
counter/10/0/0/0,13108:1747647660594:,1747647677836
counter/10/0/0/0,13109:1747647660594:,1747647677836
counter/9/0/0/0,14518:1747647660727:,1747647677837
counter/6/0/0/0,13811:1747647661082:,1747647677837
counter/6/0/0/0,13812:1747647661082:,1747647677837
counter/6/0/0/0,13813:1747647661082:,1747647677837
counter/2/0/0/0,13728:1747647659892:,1747647677837
counter/4/0/0/0,14067:1747647661776:,1747647677837
counter/4/0/0/0,14068:1747647661776:,1747647677837
counter/4/0/0/0,14069:1747647661776:,1747647677837
counter/9/0/0/0,14519:1747647660727:,1747647677837
counter/6/0/0/0,13814:1747647661082:,1747647677838
counter/6/0/0/0,13815:1747647661082:,1747647677838
counter/6/0/0/0,13816:1747647661082:,1747647677838
counter/1/0/0/0,15041:1747647661709:,1747647677838
counter/6/0/0/0,13817:1747647661085:,1747647677841
counter/5/0/0/0,13840:1747647660020:,1747647677842
counter/5/0/0/0,13841:1747647660020:,1747647677842
counter/5/0/0/0,13842:1747647660020:,1747647677842
counter/10/0/0/0,13110:1747647660594:,1747647677843
counter/4/0/0/0,14070:1747647661776:,1747647677843
counter/4/0/0/0,14071:1747647661776:,1747647677844
counter/10/0/0/0,13111:1747647660606:,1747647677845
counter/10/0/0/0,13112:1747647660606:,1747647677845
counter/10/0/0/0,13113:1747647660607:,1747647677845
counter/8/0/0/0,14139:1747647660512:,1747647677845
counter/8/0/0/0,14140:1747647660512:,1747647677845
counter/8/0/0/0,14141:1747647660512:,1747647677845
counter/8/0/0/0,14142:1747647660512:,1747647677845
counter/10/0/0/0,13114:1747647660607:,1747647677845
counter/5/0/0/0,13843:1747647660020:,1747647677845
counter/5/0/0/0,13844:1747647660020:,1747647677845
counter/5/0/0/0,13845:1747647660037:,1747647677846
counter/5/0/0/0,13846:1747647660037:,1747647677846
counter/8/0/0/0,14143:1747647660513:,1747647677846
counter/5/0/0/0,13847:1747647660037:,1747647677846
counter/8/0/0/0,14144:1747647660513:,1747647677846
counter/8/0/0/0,14145:1747647660513:,1747647677846
counter/8/0/0/0,14146:1747647660513:,1747647677846
counter/8/0/0/0,14147:1747647660513:,1747647677846
counter/7/0/0/0,13784:1747647660764:,1747647677846
counter/3/0/0/0,14915:1747647662621:,1747647677847
counter/9/0/0/0,14520:1747647660727:,1747647677849
counter/9/0/0/0,14521:1747647660727:,1747647677849
counter/9/0/0/0,14522:1747647660727:,1747647677849
counter/9/0/0/0,14523:1747647660727:,1747647677849
counter/9/0/0/0,14524:1747647660727:,1747647677849
counter/9/0/0/0,14525:1747647660727:,1747647677849
counter/9/0/0/0,14526:1747647660727:,1747647677849
counter/9/0/0/0,14527:1747647660727:,1747647677849
counter/9/0/0/0,14528:1747647660727:,1747647677850
counter/5/0/0/0,13848:1747647660037:,1747647677850
counter/9/0/0/0,14529:1747647660728:,1747647677851
counter/9/0/0/0,14530:1747647660729:,1747647677851
counter/5/0/0/0,13849:1747647660037:,1747647677851
counter/9/0/0/0,14531:1747647660729:,1747647677851
counter/9/0/0/0,14532:1747647660729:,1747647677851
counter/9/0/0/0,14533:1747647660729:,1747647677851
counter/9/0/0/0,14534:1747647660729:,1747647677851
counter/9/0/0/0,14535:1747647660729:,1747647677851
counter/9/0/0/0,14536:1747647660729:,1747647677851
counter/7/0/0/0,13785:1747647660764:,1747647677851
counter/9/0/0/0,14537:1747647660731:,1747647677852
counter/6/0/0/0,13818:1747647661085:,1747647677852
counter/6/0/0/0,13819:1747647661085:,1747647677852
counter/6/0/0/0,13820:1747647661086:,1747647677852
counter/2/0/0/0,13729:1747647659899:,1747647677852
counter/1/0/0/0,15042:1747647661709:,1747647677852
counter/7/0/0/0,13786:1747647660764:,1747647677853
counter/8/0/0/0,14148:1747647660513:,1747647677853
counter/2/0/0/0,13730:1747647659899:,1747647677853
counter/2/0/0/0,13731:1747647659899:,1747647677853
counter/2/0/0/0,13732:1747647659899:,1747647677853
counter/2/0/0/0,13733:1747647659899:,1747647677853
counter/2/0/0/0,13734:1747647659899:,1747647677854
counter/2/0/0/0,13735:1747647659899:,1747647677854
counter/2/0/0/0,13736:1747647659899:,1747647677854
counter/2/0/0/0,13737:1747647659899:,1747647677854
counter/2/0/0/0,13738:1747647659899:,1747647677854
counter/2/0/0/0,13739:1747647659899:,1747647677854
counter/2/0/0/0,13740:1747647659912:,1747647677854
counter/2/0/0/0,13741:1747647659912:,1747647677854
counter/2/0/0/0,13742:1747647659912:,1747647677854
counter/7/0/0/0,13787:1747647660764:,1747647677854
counter/1/0/0/0,15043:1747647661709:,1747647677854
counter/4/0/0/0,14072:1747647661785:,1747647677854
counter/10/0/0/0,13115:1747647660607:,1747647677854
counter/10/0/0/0,13116:1747647660607:,1747647677854
counter/10/0/0/0,13117:1747647660608:,1747647677854
counter/6/0/0/0,13821:1747647661086:,1747647677854
counter/7/0/0/0,13788:1747647660764:,1747647677856
counter/7/0/0/0,13789:1747647660764:,1747647677856
counter/7/0/0/0,13790:1747647660768:,1747647677856
counter/7/0/0/0,13791:1747647660768:,1747647677856
counter/7/0/0/0,13792:1747647660768:,1747647677856
counter/7/0/0/0,13793:1747647660768:,1747647677856
counter/7/0/0/0,13794:1747647660768:,1747647677856
counter/7/0/0/0,13795:1747647660768:,1747647677856
counter/6/0/0/0,13822:1747647661086:,1747647677856
counter/9/0/0/0,14538:1747647660731:,1747647677856
counter/9/0/0/0,14539:1747647660732:,1747647677856
counter/10/0/0/0,13118:1747647660608:,1747647677856
counter/6/0/0/0,13823:1747647661086:,1747647677857
counter/6/0/0/0,13824:1747647661086:,1747647677857
counter/6/0/0/0,13825:1747647661086:,1747647677857
counter/6/0/0/0,13826:1747647661086:,1747647677857
counter/1/0/0/0,15044:1747647661709:,1747647677857
counter/7/0/0/0,13796:1747647660768:,1747647677859
counter/7/0/0/0,13797:1747647660768:,1747647677859
counter/7/0/0/0,13798:1747647660768:,1747647677859
counter/7/0/0/0,13799:1747647660768:,1747647677859
counter/7/0/0/0,13800:1747647660768:,1747647677859
counter/6/0/0/0,13827:1747647661086:,1747647677859
counter/2/0/0/0,13743:1747647659912:,1747647677860
counter/3/0/0/0,14916:1747647662621:,1747647677861
counter/3/0/0/0,14917:1747647662621:,1747647677861
counter/5/0/0/0,13850:1747647660037:,1747647677861
counter/4/0/0/0,14073:1747647661785:,1747647677862
counter/4/0/0/0,14074:1747647661785:,1747647677862
counter/2/0/0/0,13744:1747647659912:,1747647677862
counter/4/0/0/0,14075:1747647661790:,1747647677862
counter/4/0/0/0,14076:1747647661790:,1747647677862
counter/4/0/0/0,14077:1747647661790:,1747647677862
counter/4/0/0/0,14078:1747647661790:,1747647677862
counter/6/0/0/0,13828:1747647661086:,1747647677862
counter/6/0/0/0,13829:1747647661086:,1747647677862
counter/6/0/0/0,13830:1747647661086:,1747647677863
counter/6/0/0/0,13831:1747647661086:,1747647677863
counter/6/0/0/0,13832:1747647661086:,1747647677863
counter/6/0/0/0,13833:1747647661086:,1747647677863
counter/6/0/0/0,13834:1747647661086:,1747647677863
counter/6/0/0/0,13835:1747647661086:,1747647677863
counter/1/0/0/0,15045:1747647661709:,1747647677863
counter/6/0/0/0,13836:1747647661089:,1747647677863
counter/1/0/0/0,15046:1747647661709:,1747647677863
counter/6/0/0/0,13837:1747647661089:,1747647677863
counter/1/0/0/0,15047:1747647661709:,1747647677863
counter/1/0/0/0,15048:1747647661709:,1747647677863
counter/4/0/0/0,14079:1747647661790:,1747647677863
counter/4/0/0/0,14080:1747647661790:,1747647677863
counter/4/0/0/0,14081:1747647661790:,1747647677863
counter/4/0/0/0,14082:1747647661790:,1747647677863
counter/4/0/0/0,14083:1747647661790:,1747647677863
counter/4/0/0/0,14084:1747647661790:,1747647677864
counter/9/0/0/0,14540:1747647660732:,1747647677864
counter/8/0/0/0,14149:1747647660513:,1747647677864
counter/4/0/0/0,14085:1747647661794:,1747647677864
counter/8/0/0/0,14150:1747647660516:,1747647677864
counter/8/0/0/0,14151:1747647660519:,1747647677864
counter/3/0/0/0,14918:1747647662621:,1747647677864
counter/3/0/0/0,14919:1747647662621:,1747647677864
counter/3/0/0/0,14920:1747647662621:,1747647677864
counter/3/0/0/0,14921:1747647662621:,1747647677864
counter/3/0/0/0,14922:1747647662621:,1747647677864
counter/6/0/0/0,13838:1747647661089:,1747647677866
counter/6/0/0/0,13839:1747647661089:,1747647677866
counter/6/0/0/0,13840:1747647661089:,1747647677866
counter/6/0/0/0,13841:1747647661089:,1747647677866
counter/6/0/0/0,13842:1747647661089:,1747647677866
counter/1/0/0/0,15049:1747647661709:,1747647677867
counter/1/0/0/0,15050:1747647661709:,1747647677867
counter/1/0/0/0,15051:1747647661709:,1747647677867
counter/1/0/0/0,15052:1747647661709:,1747647677867
counter/1/0/0/0,15053:1747647661709:,1747647677867
counter/1/0/0/0,15054:1747647661709:,1747647677867
counter/10/0/0/0,13119:1747647660608:,1747647677868
counter/10/0/0/0,13120:1747647660608:,1747647677868
counter/10/0/0/0,13121:1747647660608:,1747647677868
counter/10/0/0/0,13122:1747647660608:,1747647677868
counter/10/0/0/0,13123:1747647660608:,1747647677868
counter/9/0/0/0,14541:1747647660732:,1747647677868
counter/4/0/0/0,14086:1747647661794:,1747647677869
counter/9/0/0/0,14542:1747647660732:,1747647677869
counter/8/0/0/0,14152:1747647660519:,1747647677869
counter/1/0/0/0,15055:1747647661709:,1747647677869
counter/9/0/0/0,14543:1747647660733:,1747647677870
counter/6/0/0/0,13843:1747647661089:,1747647677870
counter/6/0/0/0,13844:1747647661089:,1747647677870
counter/6/0/0/0,13845:1747647661096:,1747647677871
counter/6/0/0/0,13846:1747647661096:,1747647677871
counter/6/0/0/0,13847:1747647661096:,1747647677871
counter/6/0/0/0,13848:1747647661096:,1747647677871
counter/6/0/0/0,13849:1747647661096:,1747647677871
counter/6/0/0/0,13850:1747647661096:,1747647677871
counter/6/0/0/0,13851:1747647661096:,1747647677871
counter/6/0/0/0,13852:1747647661096:,1747647677871
counter/3/0/0/0,14923:1747647662621:,1747647677871
counter/6/0/0/0,13853:1747647661106:,1747647677871
counter/2/0/0/0,13745:1747647659912:,1747647677871
counter/9/0/0/0,14544:1747647660733:,1747647677871
counter/5/0/0/0,13851:1747647660464:,1747647677871
counter/5/0/0/0,13852:1747647660468:,1747647677871
counter/5/0/0/0,13853:1747647660472:,1747647677871
counter/5/0/0/0,13854:1747647660476:,1747647677871
counter/5/0/0/0,13855:1747647660476:,1747647677871
counter/5/0/0/0,13856:1747647660476:,1747647677871
counter/5/0/0/0,13857:1747647660480:,1747647677872
counter/5/0/0/0,13858:1747647660480:,1747647677872
counter/7/0/0/0,13801:1747647660769:,1747647677872
counter/7/0/0/0,13802:1747647660769:,1747647677872
counter/4/0/0/0,14087:1747647661794:,1747647677872
counter/7/0/0/0,13803:1747647660769:,1747647677872
counter/6/0/0/0,13854:1747647661106:,1747647677872
counter/6/0/0/0,13855:1747647661106:,1747647677873
counter/6/0/0/0,13856:1747647661106:,1747647677873
counter/6/0/0/0,13857:1747647661106:,1747647677873
counter/6/0/0/0,13858:1747647661106:,1747647677873
counter/9/0/0/0,14545:1747647660733:,1747647677873
counter/9/0/0/0,14546:1747647660733:,1747647677873
counter/2/0/0/0,13746:1747647659912:,1747647677873
counter/9/0/0/0,14547:1747647660733:,1747647677873
counter/9/0/0/0,14548:1747647660733:,1747647677873
counter/2/0/0/0,13747:1747647659912:,1747647677874
counter/2/0/0/0,13748:1747647659912:,1747647677874
counter/2/0/0/0,13749:1747647659912:,1747647677874
counter/2/0/0/0,13750:1747647659913:,1747647677874
counter/2/0/0/0,13751:1747647659913:,1747647677874
counter/2/0/0/0,13752:1747647659913:,1747647677874
counter/2/0/0/0,13753:1747647659913:,1747647677874
counter/2/0/0/0,13754:1747647659913:,1747647677874
counter/2/0/0/0,13755:1747647659913:,1747647677874
counter/2/0/0/0,13756:1747647659916:,1747647677874
counter/2/0/0/0,13757:1747647659916:,1747647677874
counter/2/0/0/0,13758:1747647659916:,1747647677874
counter/3/0/0/0,14924:1747647662622:,1747647677875
counter/3/0/0/0,14925:1747647662622:,1747647677875
counter/1/0/0/0,15056:1747647661709:,1747647677876
counter/3/0/0/0,14926:1747647662622:,1747647677876
counter/5/0/0/0,13859:1747647660480:,1747647677876
counter/3/0/0/0,14927:1747647662622:,1747647677876
counter/1/0/0/0,15057:1747647661713:,1747647677876
counter/9/0/0/0,14549:1747647660733:,1747647677876
counter/6/0/0/0,13859:1747647661106:,1747647677877
counter/6/0/0/0,13860:1747647661106:,1747647677877
counter/6/0/0/0,13861:1747647661106:,1747647677877
counter/10/0/0/0,13124:1747647660608:,1747647677877
counter/8/0/0/0,14153:1747647660519:,1747647677877
counter/8/0/0/0,14154:1747647660520:,1747647677878
counter/8/0/0/0,14155:1747647660520:,1747647677878
counter/5/0/0/0,13860:1747647660481:,1747647677880
counter/6/0/0/0,13862:1747647661106:,1747647677880
counter/6/0/0/0,13863:1747647661129:,1747647677881
counter/6/0/0/0,13864:1747647661129:,1747647677881
counter/6/0/0/0,13865:1747647661129:,1747647677881
counter/6/0/0/0,13866:1747647661129:,1747647677881
counter/6/0/0/0,13867:1747647661129:,1747647677881
counter/6/0/0/0,13868:1747647661129:,1747647677881
counter/6/0/0/0,13869:1747647661129:,1747647677882
counter/3/0/0/0,14928:1747647662640:,1747647677882
counter/5/0/0/0,13861:1747647660483:,1747647677882
counter/9/0/0/0,14550:1747647660733:,1747647677882
counter/5/0/0/0,13862:1747647660483:,1747647677884
counter/9/0/0/0,14551:1747647660733:,1747647677884
counter/2/0/0/0,13759:1747647659916:,1747647677884
counter/9/0/0/0,14552:1747647660735:,1747647677884
counter/9/0/0/0,14553:1747647660735:,1747647677884
counter/9/0/0/0,14554:1747647660735:,1747647677884
counter/9/0/0/0,14555:1747647660735:,1747647677885
counter/9/0/0/0,14556:1747647660735:,1747647677885
counter/9/0/0/0,14557:1747647660736:,1747647677885
counter/9/0/0/0,14558:1747647660736:,1747647677885
counter/9/0/0/0,14559:1747647660736:,1747647677885
counter/6/0/0/0,13870:1747647661129:,1747647677885
counter/9/0/0/0,14560:1747647660736:,1747647677885
counter/9/0/0/0,14561:1747647660736:,1747647677885
counter/9/0/0/0,14562:1747647660736:,1747647677886
counter/9/0/0/0,14563:1747647660736:,1747647677886
counter/9/0/0/0,14564:1747647660736:,1747647677886
counter/9/0/0/0,14565:1747647660736:,1747647677886
counter/9/0/0/0,14566:1747647660736:,1747647677886
counter/9/0/0/0,14567:1747647660736:,1747647677886
counter/9/0/0/0,14568:1747647660736:,1747647677886
counter/9/0/0/0,14569:1747647660737:,1747647677886
counter/9/0/0/0,14570:1747647660737:,1747647677886
counter/5/0/0/0,13863:1747647660483:,1747647677886
counter/5/0/0/0,13864:1747647660487:,1747647677886
counter/5/0/0/0,13865:1747647660487:,1747647677886
counter/5/0/0/0,13866:1747647660487:,1747647677886
counter/2/0/0/0,13760:1747647659916:,1747647677886
counter/5/0/0/0,13867:1747647660487:,1747647677887
counter/8/0/0/0,14156:1747647660520:,1747647677887
counter/6/0/0/0,13871:1747647661129:,1747647677887
counter/1/0/0/0,15058:1747647661713:,1747647677887
counter/1/0/0/0,15059:1747647661713:,1747647677887
counter/1/0/0/0,15060:1747647661713:,1747647677887
counter/1/0/0/0,15061:1747647661714:,1747647677887
counter/1/0/0/0,15062:1747647661714:,1747647677887
counter/1/0/0/0,15063:1747647661714:,1747647677888
counter/4/0/0/0,14088:1747647661794:,1747647677888
counter/4/0/0/0,14089:1747647661798:,1747647677888
counter/4/0/0/0,14090:1747647661798:,1747647677888
counter/5/0/0/0,13868:1747647660495:,1747647677888
counter/5/0/0/0,13869:1747647660495:,1747647677888
counter/5/0/0/0,13870:1747647660495:,1747647677889
counter/5/0/0/0,13871:1747647660495:,1747647677889
counter/5/0/0/0,13872:1747647660495:,1747647677889
counter/5/0/0/0,13873:1747647660495:,1747647677889
counter/8/0/0/0,14157:1747647660520:,1747647677889
counter/5/0/0/0,13874:1747647660495:,1747647677889
counter/5/0/0/0,13875:1747647660495:,1747647677889
counter/5/0/0/0,13876:1747647660495:,1747647677889
counter/6/0/0/0,13872:1747647661131:,1747647677889
counter/5/0/0/0,13877:1747647660495:,1747647677889
counter/6/0/0/0,13873:1747647661131:,1747647677889
counter/6/0/0/0,13874:1747647661131:,1747647677889
counter/6/0/0/0,13875:1747647661131:,1747647677889
counter/3/0/0/0,14929:1747647662640:,1747647677890
counter/3/0/0/0,14930:1747647662640:,1747647677890
counter/1/0/0/0,15064:1747647661715:,1747647677891
counter/1/0/0/0,15065:1747647661715:,1747647677891
counter/6/0/0/0,13876:1747647661131:,1747647677891
counter/10/0/0/0,13125:1747647660608:,1747647677894
counter/6/0/0/0,13877:1747647661131:,1747647677895
counter/6/0/0/0,13878:1747647661131:,1747647677895
counter/6/0/0/0,13879:1747647661131:,1747647677895
counter/6/0/0/0,13880:1747647661131:,1747647677895
counter/4/0/0/0,14091:1747647661798:,1747647677895
counter/5/0/0/0,13878:1747647660495:,1747647677895
counter/7/0/0/0,13804:1747647660769:,1747647677896
counter/7/0/0/0,13805:1747647660769:,1747647677896
counter/7/0/0/0,13806:1747647660769:,1747647677896
counter/7/0/0/0,13807:1747647660769:,1747647677896
counter/7/0/0/0,13808:1747647660776:,1747647677896
counter/7/0/0/0,13809:1747647660777:,1747647677897
counter/2/0/0/0,13761:1747647659916:,1747647677897
counter/4/0/0/0,14092:1747647661798:,1747647677897
counter/5/0/0/0,13879:1747647660495:,1747647677897
counter/4/0/0/0,14093:1747647661798:,1747647677897
counter/4/0/0/0,14094:1747647661798:,1747647677897
counter/4/0/0/0,14095:1747647661798:,1747647677897
counter/6/0/0/0,13881:1747647661137:,1747647677897
counter/6/0/0/0,13882:1747647661137:,1747647677897
counter/6/0/0/0,13883:1747647661137:,1747647677897
counter/6/0/0/0,13884:1747647661137:,1747647677897
counter/6/0/0/0,13885:1747647661137:,1747647677898
counter/6/0/0/0,13886:1747647661137:,1747647677898
counter/6/0/0/0,13887:1747647661137:,1747647677898
counter/4/0/0/0,14096:1747647661798:,1747647677898
counter/6/0/0/0,13888:1747647661137:,1747647677898
counter/6/0/0/0,13889:1747647661137:,1747647677898
counter/6/0/0/0,13890:1747647661137:,1747647677898
counter/2/0/0/0,13762:1747647659916:,1747647677899
counter/5/0/0/0,13880:1747647660495:,1747647677899
counter/4/0/0/0,14097:1747647661798:,1747647677899
counter/9/0/0/0,14571:1747647660745:,1747647677899
counter/8/0/0/0,14158:1747647660522:,1747647677899
counter/8/0/0/0,14159:1747647660522:,1747647677899
counter/5/0/0/0,13881:1747647660498:,1747647677900
counter/5/0/0/0,13882:1747647660498:,1747647677900
counter/5/0/0/0,13883:1747647660498:,1747647677900
counter/5/0/0/0,13884:1747647660498:,1747647677900
counter/5/0/0/0,13885:1747647660498:,1747647677900
counter/5/0/0/0,13886:1747647660498:,1747647677901
counter/5/0/0/0,13887:1747647660498:,1747647677901
counter/8/0/0/0,14160:1747647660522:,1747647677901
counter/7/0/0/0,13810:1747647660777:,1747647677902
counter/5/0/0/0,13888:1747647660498:,1747647677902
counter/1/0/0/0,15066:1747647661715:,1747647677902
counter/7/0/0/0,13811:1747647660777:,1747647677902
counter/7/0/0/0,13812:1747647660777:,1747647677902
counter/7/0/0/0,13813:1747647660777:,1747647677902
counter/7/0/0/0,13814:1747647660778:,1747647677902
counter/6/0/0/0,13891:1747647661137:,1747647677902
counter/3/0/0/0,14931:1747647662640:,1747647677903
counter/3/0/0/0,14932:1747647662640:,1747647677903
counter/7/0/0/0,13815:1747647660778:,1747647677903
counter/7/0/0/0,13816:1747647660778:,1747647677903
counter/7/0/0/0,13817:1747647660778:,1747647677903
counter/10/0/0/0,13126:1747647660608:,1747647677904
counter/10/0/0/0,13127:1747647660611:,1747647677904
counter/3/0/0/0,14933:1747647662640:,1747647677904
counter/3/0/0/0,14934:1747647662640:,1747647677904
counter/2/0/0/0,13763:1747647659916:,1747647677904
counter/2/0/0/0,13764:1747647659916:,1747647677904
counter/4/0/0/0,14098:1747647661798:,1747647677904
counter/4/0/0/0,14099:1747647661798:,1747647677904
counter/4/0/0/0,14100:1747647661798:,1747647677905
counter/4/0/0/0,14101:1747647661799:,1747647677905
counter/6/0/0/0,13892:1747647661137:,1747647677905
counter/6/0/0/0,13893:1747647661137:,1747647677905
counter/6/0/0/0,13894:1747647661143:,1747647677905
counter/6/0/0/0,13895:1747647661143:,1747647677905
counter/6/0/0/0,13896:1747647661143:,1747647677905
counter/6/0/0/0,13897:1747647661144:,1747647677905
counter/6/0/0/0,13898:1747647661144:,1747647677905
counter/3/0/0/0,14935:1747647662640:,1747647677905
counter/3/0/0/0,14936:1747647662640:,1747647677905
counter/3/0/0/0,14937:1747647662640:,1747647677906
counter/3/0/0/0,14938:1747647662640:,1747647677906
counter/3/0/0/0,14939:1747647662640:,1747647677906
counter/7/0/0/0,13818:1747647660778:,1747647677906
counter/7/0/0/0,13819:1747647660778:,1747647677906
counter/7/0/0/0,13820:1747647660778:,1747647677906
counter/7/0/0/0,13821:1747647660778:,1747647677906
counter/7/0/0/0,13822:1747647660778:,1747647677906
counter/7/0/0/0,13823:1747647660778:,1747647677906
counter/9/0/0/0,14572:1747647660745:,1747647677906
counter/9/0/0/0,14573:1747647660745:,1747647677906
counter/8/0/0/0,14161:1747647660522:,1747647677906
counter/8/0/0/0,14162:1747647660522:,1747647677906
counter/6/0/0/0,13899:1747647661144:,1747647677907
counter/8/0/0/0,14163:1747647660522:,1747647677907
counter/10/0/0/0,13128:1747647660611:,1747647677908
counter/10/0/0/0,13129:1747647660611:,1747647677908
counter/10/0/0/0,13130:1747647660611:,1747647677908
counter/10/0/0/0,13131:1747647660611:,1747647677908
counter/10/0/0/0,13132:1747647660611:,1747647677908
counter/10/0/0/0,13133:1747647660611:,1747647677908
counter/10/0/0/0,13134:1747647660611:,1747647677910
counter/10/0/0/0,13135:1747647660616:,1747647677910
counter/6/0/0/0,13900:1747647661144:,1747647677911
counter/6/0/0/0,13901:1747647661144:,1747647677911
counter/6/0/0/0,13902:1747647661144:,1747647677911
counter/6/0/0/0,13903:1747647661144:,1747647677911
counter/6/0/0/0,13904:1747647661144:,1747647677911
counter/4/0/0/0,14102:1747647661799:,1747647677911
counter/2/0/0/0,13765:1747647659916:,1747647677911
counter/3/0/0/0,14940:1747647662640:,1747647677911
counter/7/0/0/0,13824:1747647660779:,1747647677911
counter/7/0/0/0,13825:1747647660779:,1747647677911
counter/7/0/0/0,13826:1747647660779:,1747647677911
counter/6/0/0/0,13905:1747647661146:,1747647677911
counter/4/0/0/0,14103:1747647661799:,1747647677912
counter/4/0/0/0,14104:1747647661799:,1747647677912
counter/4/0/0/0,14105:1747647661799:,1747647677912
counter/4/0/0/0,14106:1747647661800:,1747647677912
counter/10/0/0/0,13136:1747647660616:,1747647677912
counter/10/0/0/0,13137:1747647660616:,1747647677912
counter/10/0/0/0,13138:1747647660616:,1747647677912
counter/10/0/0/0,13139:1747647660616:,1747647677912
counter/3/0/0/0,14941:1747647662640:,1747647677913
counter/3/0/0/0,14942:1747647662640:,1747647677913
counter/3/0/0/0,14943:1747647662640:,1747647677913
counter/3/0/0/0,14944:1747647662640:,1747647677913
counter/3/0/0/0,14945:1747647662641:,1747647677913
counter/3/0/0/0,14946:1747647662646:,1747647677913
counter/3/0/0/0,14947:1747647662649:,1747647677913
counter/3/0/0/0,14948:1747647662655:,1747647677913
counter/3/0/0/0,14949:1747647662655:,1747647677913
counter/3/0/0/0,14950:1747647662655:,1747647677914
counter/3/0/0/0,14951:1747647662656:,1747647677914
counter/3/0/0/0,14952:1747647662656:,1747647677914
counter/3/0/0/0,14953:1747647662660:,1747647677914
counter/1/0/0/0,15067:1747647661715:,1747647677914
counter/1/0/0/0,15068:1747647661715:,1747647677914
counter/1/0/0/0,15069:1747647661715:,1747647677914
counter/1/0/0/0,15070:1747647661715:,1747647677914
counter/9/0/0/0,14574:1747647660745:,1747647677914
counter/9/0/0/0,14575:1747647660745:,1747647677914
counter/5/0/0/0,13889:1747647660498:,1747647677914
counter/10/0/0/0,13140:1747647660616:,1747647677914
counter/3/0/0/0,14954:1747647662660:,1747647677915
counter/7/0/0/0,13827:1747647660779:,1747647677916
counter/7/0/0/0,13828:1747647660779:,1747647677916
counter/10/0/0/0,13141:1747647660616:,1747647677916
counter/10/0/0/0,13142:1747647660616:,1747647677916
counter/10/0/0/0,13143:1747647660616:,1747647677916
counter/10/0/0/0,13144:1747647660616:,1747647677916
counter/10/0/0/0,13145:1747647660616:,1747647677916
counter/10/0/0/0,13146:1747647660616:,1747647677916
counter/10/0/0/0,13147:1747647660616:,1747647677916
counter/10/0/0/0,13148:1747647660616:,1747647677916
counter/3/0/0/0,14955:1747647662660:,1747647677916
counter/4/0/0/0,14107:1747647661800:,1747647677916
counter/4/0/0/0,14108:1747647661800:,1747647677917
counter/4/0/0/0,14109:1747647661800:,1747647677917
counter/4/0/0/0,14110:1747647661800:,1747647677917
counter/8/0/0/0,14164:1747647660523:,1747647677917
counter/2/0/0/0,13766:1747647659916:,1747647677917
counter/1/0/0/0,15071:1747647661715:,1747647677917
counter/7/0/0/0,13829:1747647660779:,1747647677918
counter/7/0/0/0,13830:1747647660779:,1747647677918
counter/2/0/0/0,13767:1747647659916:,1747647677918
counter/2/0/0/0,13768:1747647659916:,1747647677918
counter/2/0/0/0,13769:1747647659916:,1747647677918
counter/6/0/0/0,13906:1747647661146:,1747647677918
counter/6/0/0/0,13907:1747647661146:,1747647677919
counter/6/0/0/0,13908:1747647661146:,1747647677919
counter/6/0/0/0,13909:1747647661146:,1747647677919
counter/6/0/0/0,13910:1747647661146:,1747647677919
counter/6/0/0/0,13911:1747647661146:,1747647677919
counter/6/0/0/0,13912:1747647661151:,1747647677919
counter/10/0/0/0,13149:1747647660616:,1747647677919
counter/6/0/0/0,13913:1747647661155:,1747647677922
counter/6/0/0/0,13914:1747647661165:,1747647677922
counter/6/0/0/0,13915:1747647661165:,1747647677922
counter/6/0/0/0,13916:1747647661165:,1747647677922
counter/6/0/0/0,13917:1747647661165:,1747647677922
counter/6/0/0/0,13918:1747647661166:,1747647677922
counter/6/0/0/0,13919:1747647661166:,1747647677922
counter/6/0/0/0,13920:1747647661166:,1747647677922
counter/6/0/0/0,13921:1747647661166:,1747647677922
counter/6/0/0/0,13922:1747647661166:,1747647677922
counter/8/0/0/0,14165:1747647660547:,1747647677923
counter/9/0/0/0,14576:1747647660745:,1747647677923
counter/9/0/0/0,14577:1747647660745:,1747647677923
counter/9/0/0/0,14578:1747647660745:,1747647677923
counter/4/0/0/0,14111:1747647661800:,1747647677923
counter/3/0/0/0,14956:1747647662660:,1747647677923
counter/10/0/0/0,13150:1747647660620:,1747647677923
counter/3/0/0/0,14957:1747647662660:,1747647677924
counter/8/0/0/0,14166:1747647660547:,1747647677925
counter/8/0/0/0,14167:1747647660547:,1747647677925
counter/8/0/0/0,14168:1747647660547:,1747647677925
counter/2/0/0/0,13770:1747647659916:,1747647677926
counter/3/0/0/0,14958:1747647662660:,1747647677927
counter/5/0/0/0,13890:1747647660498:,1747647677927
counter/6/0/0/0,13923:1747647661166:,1747647677928
counter/7/0/0/0,13831:1747647660779:,1747647677929
counter/7/0/0/0,13832:1747647660779:,1747647677929
counter/7/0/0/0,13833:1747647660779:,1747647677929
counter/7/0/0/0,13834:1747647660779:,1747647677929
counter/9/0/0/0,14579:1747647660745:,1747647677931
counter/1/0/0/0,15072:1747647661715:,1747647677932
counter/9/0/0/0,14580:1747647660745:,1747647677932
counter/10/0/0/0,13151:1747647660620:,1747647677932
counter/4/0/0/0,14112:1747647661805:,1747647677932
counter/10/0/0/0,13152:1747647660620:,1747647677932
counter/10/0/0/0,13153:1747647660620:,1747647677932
counter/10/0/0/0,13154:1747647660620:,1747647677932
counter/10/0/0/0,13155:1747647660621:,1747647677932
counter/10/0/0/0,13156:1747647660621:,1747647677933
counter/10/0/0/0,13157:1747647660621:,1747647677933
counter/10/0/0/0,13158:1747647660621:,1747647677933
counter/10/0/0/0,13159:1747647660621:,1747647677933
counter/10/0/0/0,13160:1747647660621:,1747647677933
counter/3/0/0/0,14959:1747647662660:,1747647677933
counter/10/0/0/0,13161:1747647660624:,1747647677933
counter/6/0/0/0,13924:1747647661166:,1747647677934
counter/5/0/0/0,13891:1747647660498:,1747647677939
counter/5/0/0/0,13892:1747647660498:,1747647677939
counter/9/0/0/0,14581:1747647660745:,1747647677939
counter/9/0/0/0,14582:1747647660745:,1747647677939
counter/3/0/0/0,14960:1747647662667:,1747647677939
counter/7/0/0/0,13835:1747647660779:,1747647677941
counter/7/0/0/0,13836:1747647660779:,1747647677941
counter/7/0/0/0,13837:1747647660779:,1747647677941
counter/6/0/0/0,13925:1747647661166:,1747647677941
counter/6/0/0/0,13926:1747647661166:,1747647677941
counter/6/0/0/0,13927:1747647661166:,1747647677941
counter/6/0/0/0,13928:1747647661166:,1747647677941
counter/6/0/0/0,13929:1747647661166:,1747647677941
counter/6/0/0/0,13930:1747647661167:,1747647677941
counter/1/0/0/0,15073:1747647661715:,1747647677941
counter/1/0/0/0,15074:1747647661715:,1747647677941
counter/1/0/0/0,15075:1747647661715:,1747647677941
counter/1/0/0/0,15076:1747647661715:,1747647677941
counter/1/0/0/0,15077:1747647661715:,1747647677941
counter/1/0/0/0,15078:1747647661715:,1747647677941
counter/1/0/0/0,15079:1747647661715:,1747647677941
counter/9/0/0/0,14583:1747647660745:,1747647677942
counter/10/0/0/0,13162:1747647660624:,1747647677942
counter/4/0/0/0,14113:1747647661805:,1747647677943
counter/6/0/0/0,13931:1747647661167:,1747647677944
counter/6/0/0/0,13932:1747647661168:,1747647677944
counter/6/0/0/0,13933:1747647661168:,1747647677944
counter/6/0/0/0,13934:1747647661168:,1747647677944
counter/8/0/0/0,14169:1747647660547:,1747647677944
counter/6/0/0/0,13935:1747647661168:,1747647677944
counter/6/0/0/0,13936:1747647661168:,1747647677944
counter/6/0/0/0,13937:1747647661168:,1747647677945
counter/6/0/0/0,13938:1747647661168:,1747647677945
counter/3/0/0/0,14961:1747647662667:,1747647677945
counter/3/0/0/0,14962:1747647662667:,1747647677945
counter/9/0/0/0,14584:1747647660745:,1747647677945
counter/10/0/0/0,13163:1747647660624:,1747647677945
counter/10/0/0/0,13164:1747647660624:,1747647677945
counter/7/0/0/0,13838:1747647660803:,1747647677946
counter/3/0/0/0,14963:1747647662667:,1747647677946
counter/7/0/0/0,13839:1747647660805:,1747647677947
counter/7/0/0/0,13840:1747647660805:,1747647677947
counter/7/0/0/0,13841:1747647660805:,1747647677947
counter/7/0/0/0,13842:1747647660805:,1747647677947
counter/7/0/0/0,13843:1747647660806:,1747647677947
counter/7/0/0/0,13844:1747647660806:,1747647677947
counter/7/0/0/0,13845:1747647660806:,1747647677947
counter/7/0/0/0,13846:1747647660806:,1747647677947
counter/7/0/0/0,13847:1747647660806:,1747647677947
counter/1/0/0/0,15080:1747647661715:,1747647677947
counter/1/0/0/0,15081:1747647661715:,1747647677947
counter/1/0/0/0,15082:1747647661715:,1747647677947
counter/1/0/0/0,15083:1747647661715:,1747647677947
counter/1/0/0/0,15084:1747647661715:,1747647677947
counter/1/0/0/0,15085:1747647661715:,1747647677948
counter/1/0/0/0,15086:1747647661716:,1747647677948
counter/1/0/0/0,15087:1747647661716:,1747647677948
counter/1/0/0/0,15088:1747647661716:,1747647677948
counter/3/0/0/0,14964:1747647662667:,1747647677948
counter/8/0/0/0,14170:1747647660548:,1747647677948
counter/6/0/0/0,13939:1747647661168:,1747647677948
counter/4/0/0/0,14114:1747647661805:,1747647677948
counter/1/0/0/0,15089:1747647661716:,1747647677948
counter/1/0/0/0,15090:1747647661716:,1747647677948
counter/1/0/0/0,15091:1747647661716:,1747647677948
counter/1/0/0/0,15092:1747647661716:,1747647677949
counter/1/0/0/0,15093:1747647661716:,1747647677949
counter/1/0/0/0,15094:1747647661716:,1747647677949
counter/1/0/0/0,15095:1747647661716:,1747647677949
counter/1/0/0/0,15096:1747647661716:,1747647677949
counter/1/0/0/0,15097:1747647661716:,1747647677949
counter/5/0/0/0,13893:1747647660498:,1747647677950
counter/7/0/0/0,13848:1747647660806:,1747647677951
counter/7/0/0/0,13849:1747647660806:,1747647677951
counter/8/0/0/0,14171:1747647660548:,1747647677951
counter/1/0/0/0,15098:1747647661716:,1747647677952
counter/7/0/0/0,13850:1747647660806:,1747647677952
counter/6/0/0/0,13940:1747647661168:,1747647677952
counter/6/0/0/0,13941:1747647661168:,1747647677952
counter/6/0/0/0,13942:1747647661168:,1747647677952
counter/5/0/0/0,13894:1747647660498:,1747647677953
counter/9/0/0/0,14585:1747647660745:,1747647677954
counter/5/0/0/0,13895:1747647660516:,1747647677955
counter/7/0/0/0,13851:1747647660806:,1747647677955
counter/6/0/0/0,13943:1747647661168:,1747647677955
counter/7/0/0/0,13852:1747647660806:,1747647677956
counter/9/0/0/0,14586:1747647660745:,1747647677957
counter/8/0/0/0,14172:1747647660548:,1747647677958
counter/8/0/0/0,14173:1747647660548:,1747647677958
counter/5/0/0/0,13896:1747647660516:,1747647677959
counter/4/0/0/0,14115:1747647661805:,1747647677959
counter/5/0/0/0,13897:1747647660516:,1747647677959
counter/4/0/0/0,14116:1747647661805:,1747647677959
counter/4/0/0/0,14117:1747647661830:,1747647677959
counter/4/0/0/0,14118:1747647661830:,1747647677959
counter/4/0/0/0,14119:1747647661830:,1747647677959
counter/4/0/0/0,14120:1747647661830:,1747647677959
counter/4/0/0/0,14121:1747647661830:,1747647677959
counter/5/0/0/0,13898:1747647660516:,1747647677960
counter/5/0/0/0,13899:1747647660516:,1747647677960
counter/5/0/0/0,13900:1747647660516:,1747647677960
counter/5/0/0/0,13901:1747647660516:,1747647677960
counter/4/0/0/0,14122:1747647661830:,1747647677960
counter/5/0/0/0,13902:1747647660516:,1747647677960
counter/1/0/0/0,15099:1747647661716:,1747647677960
counter/1/0/0/0,15100:1747647661716:,1747647677960
counter/1/0/0/0,15101:1747647661716:,1747647677960
counter/1/0/0/0,15102:1747647661716:,1747647677960
counter/1/0/0/0,15103:1747647661716:,1747647677960
counter/7/0/0/0,13853:1747647660806:,1747647677961
counter/6/0/0/0,13944:1747647661173:,1747647677961
counter/2/0/0/0,13771:1747647659916:,1747647677962
counter/2/0/0/0,13772:1747647659916:,1747647677962
counter/4/0/0/0,14123:1747647661830:,1747647677963
counter/9/0/0/0,14587:1747647660745:,1747647677963
counter/9/0/0/0,14588:1747647660745:,1747647677963
counter/9/0/0/0,14589:1747647660745:,1747647677963
counter/9/0/0/0,14590:1747647660745:,1747647677963
counter/9/0/0/0,14591:1747647660745:,1747647677963
counter/9/0/0/0,14592:1747647660745:,1747647677963
counter/1/0/0/0,15104:1747647661716:,1747647677963
counter/1/0/0/0,15105:1747647661716:,1747647677966
counter/3/0/0/0,14965:1747647662667:,1747647677966
counter/6/0/0/0,13945:1747647661173:,1747647677967
counter/4/0/0/0,14124:1747647661830:,1747647677967
counter/4/0/0/0,14125:1747647661855:,1747647677967
counter/4/0/0/0,14126:1747647661855:,1747647677967
counter/4/0/0/0,14127:1747647661858:,1747647677967
counter/4/0/0/0,14128:1747647661858:,1747647677967
counter/4/0/0/0,14129:1747647661858:,1747647677967
counter/4/0/0/0,14130:1747647661864:,1747647677967
counter/4/0/0/0,14131:1747647661864:,1747647677968
counter/4/0/0/0,14132:1747647661864:,1747647677968
counter/4/0/0/0,14133:1747647661864:,1747647677968
counter/4/0/0/0,14134:1747647661864:,1747647677968
counter/3/0/0/0,14966:1747647662667:,1747647677968
counter/3/0/0/0,14967:1747647662672:,1747647677968
counter/3/0/0/0,14968:1747647662672:,1747647677968
counter/3/0/0/0,14969:1747647662672:,1747647677968
counter/2/0/0/0,13773:1747647659924:,1747647677968
counter/3/0/0/0,14970:1747647662672:,1747647677969
counter/3/0/0/0,14971:1747647662672:,1747647677969
counter/3/0/0/0,14972:1747647662672:,1747647677969
counter/3/0/0/0,14973:1747647662672:,1747647677969
counter/3/0/0/0,14974:1747647662672:,1747647677969
counter/3/0/0/0,14975:1747647662672:,1747647677969
counter/3/0/0/0,14976:1747647662672:,1747647677969
counter/3/0/0/0,14977:1747647662672:,1747647677969
counter/3/0/0/0,14978:1747647662672:,1747647677969
counter/3/0/0/0,14979:1747647662672:,1747647677969
counter/8/0/0/0,14174:1747647660548:,1747647677970
counter/8/0/0/0,14175:1747647660548:,1747647677970
counter/8/0/0/0,14176:1747647660548:,1747647677970
counter/8/0/0/0,14177:1747647660548:,1747647677970
counter/8/0/0/0,14178:1747647660549:,1747647677970
counter/8/0/0/0,14179:1747647660549:,1747647677970
counter/8/0/0/0,14180:1747647660549:,1747647677971
counter/8/0/0/0,14181:1747647660549:,1747647677971
counter/8/0/0/0,14182:1747647660549:,1747647677971
counter/1/0/0/0,15106:1747647661716:,1747647677971
counter/5/0/0/0,13903:1747647660516:,1747647677971
counter/2/0/0/0,13774:1747647659924:,1747647677971
counter/9/0/0/0,14593:1747647660745:,1747647677971
counter/9/0/0/0,14594:1747647660745:,1747647677971
counter/3/0/0/0,14980:1747647662672:,1747647677971
counter/3/0/0/0,14981:1747647662672:,1747647677971
counter/3/0/0/0,14982:1747647662672:,1747647677971
counter/3/0/0/0,14983:1747647662676:,1747647677971
counter/3/0/0/0,14984:1747647662676:,1747647677971
counter/7/0/0/0,13854:1747647660806:,1747647677971
counter/1/0/0/0,15107:1747647661716:,1747647677972
counter/9/0/0/0,14595:1747647660745:,1747647677972
counter/7/0/0/0,13855:1747647660806:,1747647677973
counter/1/0/0/0,15108:1747647661717:,1747647677973
counter/1/0/0/0,15109:1747647661717:,1747647677973
counter/1/0/0/0,15110:1747647661717:,1747647677973
counter/1/0/0/0,15111:1747647661717:,1747647677973
counter/1/0/0/0,15112:1747647661717:,1747647677973
counter/1/0/0/0,15113:1747647661717:,1747647677973
counter/1/0/0/0,15114:1747647661717:,1747647677974
counter/1/0/0/0,15115:1747647661717:,1747647677974
counter/1/0/0/0,15116:1747647661717:,1747647677974
counter/1/0/0/0,15117:1747647661717:,1747647677974
counter/1/0/0/0,15118:1747647661717:,1747647677974
counter/1/0/0/0,15119:1747647661718:,1747647677974
counter/1/0/0/0,15120:1747647661718:,1747647677974
counter/7/0/0/0,13856:1747647660806:,1747647677974
counter/5/0/0/0,13904:1747647660518:,1747647677974
counter/8/0/0/0,14183:1747647660549:,1747647677975
counter/8/0/0/0,14184:1747647660549:,1747647677975
counter/8/0/0/0,14185:1747647660549:,1747647677975
counter/8/0/0/0,14186:1747647660549:,1747647677975
counter/10/0/0/0,13165:1747647660624:,1747647677976
counter/8/0/0/0,14187:1747647660552:,1747647677976
counter/8/0/0/0,14188:1747647660553:,1747647677976
counter/8/0/0/0,14189:1747647660553:,1747647677976
counter/8/0/0/0,14190:1747647660558:,1747647677976
counter/8/0/0/0,14191:1747647660561:,1747647677976
counter/8/0/0/0,14192:1747647660561:,1747647677976
counter/4/0/0/0,14135:1747647661864:,1747647677981
counter/4/0/0/0,14136:1747647661864:,1747647677981
counter/4/0/0/0,14137:1747647661864:,1747647677981
counter/4/0/0/0,14138:1747647661879:,1747647677981
counter/4/0/0/0,14139:1747647661879:,1747647677981
counter/4/0/0/0,14140:1747647661879:,1747647677982
counter/4/0/0/0,14141:1747647661879:,1747647677982
counter/7/0/0/0,13857:1747647660806:,1747647677982
counter/4/0/0/0,14142:1747647661879:,1747647677982
counter/7/0/0/0,13858:1747647660806:,1747647677982
counter/7/0/0/0,13859:1747647660806:,1747647677982
counter/7/0/0/0,13860:1747647660816:,1747647677982
counter/7/0/0/0,13861:1747647660816:,1747647677982
counter/7/0/0/0,13862:1747647660816:,1747647677982
counter/7/0/0/0,13863:1747647660816:,1747647677982
counter/7/0/0/0,13864:1747647660816:,1747647677982
counter/7/0/0/0,13865:1747647660816:,1747647677982
counter/7/0/0/0,13866:1747647660816:,1747647677982
counter/2/0/0/0,13775:1747647659924:,1747647677983
counter/2/0/0/0,13776:1747647659924:,1747647677983
counter/2/0/0/0,13777:1747647659924:,1747647677983
counter/2/0/0/0,13778:1747647659924:,1747647677983
counter/2/0/0/0,13779:1747647659924:,1747647677983
counter/2/0/0/0,13780:1747647659924:,1747647677983
counter/2/0/0/0,13781:1747647659924:,1747647677983
counter/2/0/0/0,13782:1747647659924:,1747647677983
counter/2/0/0/0,13783:1747647659924:,1747647677983
counter/2/0/0/0,13784:1747647659924:,1747647677983
counter/2/0/0/0,13785:1747647659924:,1747647677983
counter/2/0/0/0,13786:1747647659924:,1747647677983
counter/2/0/0/0,13787:1747647659924:,1747647677983
counter/2/0/0/0,13788:1747647659924:,1747647677983
counter/2/0/0/0,13789:1747647659924:,1747647677984
counter/2/0/0/0,13790:1747647659924:,1747647677984
counter/2/0/0/0,13791:1747647659924:,1747647677984
counter/2/0/0/0,13792:1747647659924:,1747647677984
counter/2/0/0/0,13793:1747647659925:,1747647677984
counter/2/0/0/0,13794:1747647659934:,1747647677984
counter/2/0/0/0,13795:1747647659934:,1747647677984
counter/2/0/0/0,13796:1747647659934:,1747647677984
counter/2/0/0/0,13797:1747647659959:,1747647677984
counter/2/0/0/0,13798:1747647659960:,1747647677984
counter/2/0/0/0,13799:1747647659960:,1747647677984
counter/2/0/0/0,13800:1747647659960:,1747647677984
counter/2/0/0/0,13801:1747647659960:,1747647677984
counter/2/0/0/0,13802:1747647659960:,1747647677984
counter/2/0/0/0,13803:1747647659960:,1747647677984
counter/1/0/0/0,15121:1747647661718:,1747647677984
counter/2/0/0/0,13804:1747647659960:,1747647677984
counter/3/0/0/0,14985:1747647662676:,1747647677984
counter/7/0/0/0,13867:1747647660816:,1747647677984
counter/4/0/0/0,14143:1747647661879:,1747647677984
counter/4/0/0/0,14144:1747647661879:,1747647677985
counter/4/0/0/0,14145:1747647661879:,1747647677985
counter/4/0/0/0,14146:1747647661879:,1747647677985
counter/4/0/0/0,14147:1747647661885:,1747647677985
counter/4/0/0/0,14148:1747647661885:,1747647677985
counter/4/0/0/0,14149:1747647661885:,1747647677985
counter/4/0/0/0,14150:1747647661885:,1747647677985
counter/4/0/0/0,14151:1747647661885:,1747647677985
counter/4/0/0/0,14152:1747647661885:,1747647677985
counter/4/0/0/0,14153:1747647661885:,1747647677985
counter/4/0/0/0,14154:1747647661885:,1747647677985
counter/4/0/0/0,14155:1747647661885:,1747647677985
counter/4/0/0/0,14156:1747647661885:,1747647677985
counter/4/0/0/0,14157:1747647661885:,1747647677985
counter/4/0/0/0,14158:1747647661886:,1747647677985
counter/4/0/0/0,14159:1747647661886:,1747647677985
counter/4/0/0/0,14160:1747647661886:,1747647677985
counter/4/0/0/0,14161:1747647661886:,1747647677985
counter/4/0/0/0,14162:1747647661886:,1747647677985
counter/9/0/0/0,14596:1747647660745:,1747647677985
counter/3/0/0/0,14986:1747647662676:,1747647677985
counter/2/0/0/0,13805:1747647659960:,1747647677985
counter/2/0/0/0,13806:1747647659960:,1747647677986
counter/5/0/0/0,13905:1747647660518:,1747647677986
counter/5/0/0/0,13906:1747647660518:,1747647677986
counter/5/0/0/0,13907:1747647660518:,1747647677986
counter/5/0/0/0,13908:1747647660529:,1747647677986
counter/5/0/0/0,13909:1747647660529:,1747647677986
counter/5/0/0/0,13910:1747647660529:,1747647677986
counter/5/0/0/0,13911:1747647660529:,1747647677986
counter/5/0/0/0,13912:1747647660529:,1747647677986
counter/5/0/0/0,13913:1747647660529:,1747647677986
counter/5/0/0/0,13914:1747647660529:,1747647677986
counter/5/0/0/0,13915:1747647660529:,1747647677986
counter/5/0/0/0,13916:1747647660530:,1747647677986
counter/2/0/0/0,13807:1747647659960:,1747647677988
counter/7/0/0/0,13868:1747647660816:,1747647677988
counter/7/0/0/0,13869:1747647660816:,1747647677988
counter/7/0/0/0,13870:1747647660816:,1747647677988
counter/8/0/0/0,14193:1747647660561:,1747647677989
counter/10/0/0/0,13166:1747647660624:,1747647677989
counter/8/0/0/0,14194:1747647660561:,1747647677990
counter/8/0/0/0,14195:1747647660561:,1747647677990
counter/8/0/0/0,14196:1747647660562:,1747647677990
counter/8/0/0/0,14197:1747647660562:,1747647677990
counter/4/0/0/0,14163:1747647661886:,1747647677990
counter/9/0/0/0,14597:1747647660745:,1747647677990
counter/9/0/0/0,14598:1747647660745:,1747647677990
counter/9/0/0/0,14599:1747647660745:,1747647677990
counter/4/0/0/0,14164:1747647661886:,1747647677990
counter/9/0/0/0,14600:1747647660745:,1747647677990
counter/9/0/0/0,14601:1747647660745:,1747647677990
counter/9/0/0/0,14602:1747647660745:,1747647677990
counter/2/0/0/0,13808:1747647659960:,1747647677990
counter/2/0/0/0,13809:1747647659960:,1747647677990
counter/2/0/0/0,13810:1747647659960:,1747647677991
counter/3/0/0/0,14987:1747647662676:,1747647677991
counter/6/0/0/0,13946:1747647661173:,1747647677991
counter/5/0/0/0,13917:1747647660530:,1747647677991
counter/5/0/0/0,13918:1747647660536:,1747647677991
counter/5/0/0/0,13919:1747647660538:,1747647677991
counter/5/0/0/0,13920:1747647660538:,1747647677991
counter/5/0/0/0,13921:1747647660538:,1747647677991
counter/5/0/0/0,13922:1747647660538:,1747647677991
counter/5/0/0/0,13923:1747647660539:,1747647677991
counter/5/0/0/0,13924:1747647660546:,1747647677991
counter/5/0/0/0,13925:1747647660546:,1747647677991
counter/5/0/0/0,13926:1747647660546:,1747647677991
counter/5/0/0/0,13927:1747647660546:,1747647677991
counter/6/0/0/0,13947:1747647661173:,1747647677994
counter/10/0/0/0,13167:1747647660624:,1747647677994
counter/10/0/0/0,13168:1747647660624:,1747647677994
counter/10/0/0/0,13169:1747647660624:,1747647677994
counter/10/0/0/0,13170:1747647660624:,1747647677994
counter/10/0/0/0,13171:1747647660624:,1747647677994
counter/10/0/0/0,13172:1747647660624:,1747647677994
counter/3/0/0/0,14988:1747647662676:,1747647677994
counter/9/0/0/0,14603:1747647660746:,1747647677994
counter/9/0/0/0,14604:1747647660746:,1747647677994
counter/5/0/0/0,13928:1747647660546:,1747647677994
counter/7/0/0/0,13871:1747647660816:,1747647677994
counter/7/0/0/0,13872:1747647660816:,1747647677994
counter/7/0/0/0,13873:1747647660816:,1747647677994
counter/6/0/0/0,13948:1747647661173:,1747647677995
counter/4/0/0/0,14165:1747647661886:,1747647677995
counter/6/0/0/0,13949:1747647661173:,1747647677995
counter/10/0/0/0,13173:1747647660624:,1747647677995
counter/6/0/0/0,13950:1747647661173:,1747647677995
counter/7/0/0/0,13874:1747647660816:,1747647677996
counter/1/0/0/0,15122:1747647661719:,1747647677997
counter/8/0/0/0,14198:1747647660562:,1747647677998
counter/10/0/0/0,13174:1747647660624:,1747647677998
counter/10/0/0/0,13175:1747647660624:,1747647677998
counter/10/0/0/0,13176:1747647660625:,1747647677998
counter/10/0/0/0,13177:1747647660625:,1747647677998
counter/10/0/0/0,13178:1747647660625:,1747647677998
counter/1/0/0/0,15123:1747647661719:,1747647677998
counter/7/0/0/0,13875:1747647660816:,1747647677998
counter/7/0/0/0,13876:1747647660816:,1747647677999
counter/7/0/0/0,13877:1747647660824:,1747647677999
counter/4/0/0/0,14166:1747647662357:,1747647677999
counter/8/0/0/0,14199:1747647660562:,1747647677999
counter/8/0/0/0,14200:1747647660562:,1747647677999
counter/2/0/0/0,13811:1747647659960:,1747647677999
counter/6/0/0/0,13951:1747647661173:,1747647677999
counter/4/0/0/0,14167:1747647662363:,1747647678000
counter/3/0/0/0,14989:1747647662682:,1747647678002
counter/6/0/0/0,13952:1747647661173:,1747647678002
counter/2/0/0/0,13812:1747647659961:,1747647678002
counter/9/0/0/0,14605:1747647660746:,1747647678003
counter/9/0/0/0,14606:1747647660746:,1747647678004
counter/9/0/0/0,14607:1747647660746:,1747647678005
counter/9/0/0/0,14608:1747647660746:,1747647678005
counter/9/0/0/0,14609:1747647660746:,1747647678005
counter/9/0/0/0,14610:1747647660746:,1747647678005
counter/10/0/0/0,13179:1747647660625:,1747647678005
counter/9/0/0/0,14611:1747647660751:,1747647678005
counter/9/0/0/0,14612:1747647660751:,1747647678005
counter/7/0/0/0,13878:1747647660824:,1747647678005
counter/1/0/0/0,15124:1747647661719:,1747647678005
counter/1/0/0/0,15125:1747647661719:,1747647678005
counter/1/0/0/0,15126:1747647661719:,1747647678005
counter/1/0/0/0,15127:1747647661719:,1747647678005
counter/10/0/0/0,13180:1747647660625:,1747647678005
counter/8/0/0/0,14201:1747647660562:,1747647678006
counter/8/0/0/0,14202:1747647660562:,1747647678006
counter/8/0/0/0,14203:1747647660562:,1747647678006
counter/8/0/0/0,14204:1747647660562:,1747647678006
counter/8/0/0/0,14205:1747647660562:,1747647678006
counter/8/0/0/0,14206:1747647660562:,1747647678006
counter/1/0/0/0,15128:1747647661719:,1747647678006
counter/1/0/0/0,15129:1747647661719:,1747647678006
counter/1/0/0/0,15130:1747647661719:,1747647678006
counter/1/0/0/0,15131:1747647661719:,1747647678006
counter/1/0/0/0,15132:1747647661719:,1747647678007
counter/1/0/0/0,15133:1747647661719:,1747647678007
counter/10/0/0/0,13181:1747647660625:,1747647678007
counter/2/0/0/0,13813:1747647659961:,1747647678007
counter/2/0/0/0,13814:1747647659961:,1747647678007
counter/2/0/0/0,13815:1747647659961:,1747647678007
counter/2/0/0/0,13816:1747647659961:,1747647678008
counter/2/0/0/0,13817:1747647659961:,1747647678008
counter/2/0/0/0,13818:1747647659961:,1747647678008
counter/1/0/0/0,15134:1747647661719:,1747647678008
counter/1/0/0/0,15135:1747647661719:,1747647678008
counter/1/0/0/0,15136:1747647661719:,1747647678008
counter/1/0/0/0,15137:1747647661719:,1747647678008
counter/1/0/0/0,15138:1747647661719:,1747647678008
counter/1/0/0/0,15139:1747647661719:,1747647678008
counter/7/0/0/0,13879:1747647660827:,1747647678009
counter/7/0/0/0,13880:1747647660829:,1747647678009
counter/8/0/0/0,14207:1747647660562:,1747647678009
counter/8/0/0/0,14208:1747647660562:,1747647678009
counter/8/0/0/0,14209:1747647660562:,1747647678009
counter/8/0/0/0,14210:1747647660562:,1747647678009
counter/8/0/0/0,14211:1747647660567:,1747647678009
counter/8/0/0/0,14212:1747647660567:,1747647678009
counter/8/0/0/0,14213:1747647660567:,1747647678009
counter/5/0/0/0,13929:1747647660546:,1747647678009
counter/1/0/0/0,15140:1747647661719:,1747647678009
counter/1/0/0/0,15141:1747647661719:,1747647678009
counter/1/0/0/0,15142:1747647661719:,1747647678009
counter/7/0/0/0,13881:1747647660830:,1747647678009
counter/3/0/0/0,14990:1747647662682:,1747647678010
counter/3/0/0/0,14991:1747647662682:,1747647678010
counter/10/0/0/0,13182:1747647660625:,1747647678010
counter/10/0/0/0,13183:1747647660625:,1747647678010
counter/1/0/0/0,15143:1747647661719:,1747647678010
counter/7/0/0/0,13882:1747647660830:,1747647678011
counter/7/0/0/0,13883:1747647660830:,1747647678011
counter/7/0/0/0,13884:1747647660830:,1747647678011
counter/7/0/0/0,13885:1747647660830:,1747647678011
counter/7/0/0/0,13886:1747647660830:,1747647678011
counter/7/0/0/0,13887:1747647660830:,1747647678011
counter/4/0/0/0,14168:1747647662363:,1747647678011
counter/8/0/0/0,14214:1747647660567:,1747647678011
counter/8/0/0/0,14215:1747647660567:,1747647678011
counter/8/0/0/0,14216:1747647660567:,1747647678011
counter/8/0/0/0,14217:1747647660567:,1747647678011
counter/6/0/0/0,13953:1747647661174:,1747647678011
counter/3/0/0/0,14992:1747647662682:,1747647678012
counter/4/0/0/0,14169:1747647662363:,1747647678012
counter/4/0/0/0,14170:1747647662363:,1747647678012
counter/4/0/0/0,14171:1747647662365:,1747647678012
counter/8/0/0/0,14218:1747647660567:,1747647678013
counter/8/0/0/0,14219:1747647660567:,1747647678013
counter/8/0/0/0,14220:1747647660567:,1747647678014
counter/8/0/0/0,14221:1747647660567:,1747647678014
counter/8/0/0/0,14222:1747647660567:,1747647678014
counter/9/0/0/0,14613:1747647660751:,1747647678014
counter/10/0/0/0,13184:1747647660625:,1747647678014
counter/10/0/0/0,13185:1747647660625:,1747647678014
counter/2/0/0/0,13819:1747647659961:,1747647678014
counter/2/0/0/0,13820:1747647659966:,1747647678014
counter/2/0/0/0,13821:1747647659972:,1747647678015
counter/4/0/0/0,14172:1747647662366:,1747647678015
counter/3/0/0/0,14993:1747647662682:,1747647678015
counter/3/0/0/0,14994:1747647662682:,1747647678015
counter/3/0/0/0,14995:1747647662682:,1747647678015
counter/3/0/0/0,14996:1747647662682:,1747647678015
counter/6/0/0/0,13954:1747647661174:,1747647678015
counter/5/0/0/0,13930:1747647660547:,1747647678015
counter/5/0/0/0,13931:1747647660547:,1747647678015
counter/5/0/0/0,13932:1747647660547:,1747647678015
counter/5/0/0/0,13933:1747647660551:,1747647678015
counter/5/0/0/0,13934:1747647660551:,1747647678015
counter/5/0/0/0,13935:1747647660551:,1747647678015
counter/5/0/0/0,13936:1747647660551:,1747647678015
counter/9/0/0/0,14614:1747647660751:,1747647678016
counter/4/0/0/0,14173:1747647662368:,1747647678016
counter/1/0/0/0,15144:1747647661719:,1747647678016
counter/1/0/0/0,15145:1747647661719:,1747647678016
counter/1/0/0/0,15146:1747647661719:,1747647678016
counter/1/0/0/0,15147:1747647661719:,1747647678016
counter/1/0/0/0,15148:1747647661719:,1747647678016
counter/8/0/0/0,14223:1747647660567:,1747647678016
counter/9/0/0/0,14615:1747647660751:,1747647678017
counter/5/0/0/0,13937:1747647660551:,1747647678017
counter/5/0/0/0,13938:1747647660552:,1747647678017
counter/5/0/0/0,13939:1747647660552:,1747647678017
counter/3/0/0/0,14997:1747647662682:,1747647678018
counter/1/0/0/0,15149:1747647661719:,1747647678019
counter/1/0/0/0,15150:1747647661720:,1747647678019
counter/2/0/0/0,13822:1747647659972:,1747647678020
counter/9/0/0/0,14616:1747647660751:,1747647678021
counter/3/0/0/0,14998:1747647662682:,1747647678021
counter/2/0/0/0,13823:1747647659973:,1747647678022
counter/2/0/0/0,13824:1747647659973:,1747647678022
counter/2/0/0/0,13825:1747647659973:,1747647678022
counter/2/0/0/0,13826:1747647659973:,1747647678022
counter/2/0/0/0,13827:1747647659973:,1747647678022
counter/4/0/0/0,14174:1747647662372:,1747647678022
counter/5/0/0/0,13940:1747647660552:,1747647678023
counter/5/0/0/0,13941:1747647660552:,1747647678023
counter/5/0/0/0,13942:1747647660552:,1747647678023
counter/5/0/0/0,13943:1747647660553:,1747647678023
counter/5/0/0/0,13944:1747647660553:,1747647678023
counter/5/0/0/0,13945:1747647660553:,1747647678023
counter/5/0/0/0,13946:1747647660553:,1747647678023
counter/5/0/0/0,13947:1747647660553:,1747647678024
counter/5/0/0/0,13948:1747647660553:,1747647678024
counter/5/0/0/0,13949:1747647660560:,1747647678024
counter/5/0/0/0,13950:1747647660560:,1747647678024
counter/5/0/0/0,13951:1747647660574:,1747647678024
counter/5/0/0/0,13952:1747647660574:,1747647678024
counter/5/0/0/0,13953:1747647660579:,1747647678025
counter/5/0/0/0,13954:1747647660579:,1747647678025
counter/5/0/0/0,13955:1747647660579:,1747647678025
counter/5/0/0/0,13956:1747647660579:,1747647678025
counter/5/0/0/0,13957:1747647660579:,1747647678025
counter/5/0/0/0,13958:1747647660579:,1747647678025
counter/6/0/0/0,13955:1747647661174:,1747647678025
counter/6/0/0/0,13956:1747647661174:,1747647678025
counter/3/0/0/0,14999:1747647662682:,1747647678025
counter/3/0/0/0,15000:1747647662682:,1747647678025
counter/3/0/0/0,15001:1747647662682:,1747647678025
counter/8/0/0/0,14224:1747647660567:,1747647678026
counter/8/0/0/0,14225:1747647660567:,1747647678026
counter/8/0/0/0,14226:1747647660567:,1747647678026
counter/8/0/0/0,14227:1747647660567:,1747647678026
counter/8/0/0/0,14228:1747647660567:,1747647678026
counter/8/0/0/0,14229:1747647660578:,1747647678026
counter/8/0/0/0,14230:1747647660578:,1747647678026
counter/4/0/0/0,14175:1747647662373:,1747647678026
counter/5/0/0/0,13959:1747647660579:,1747647678026
counter/8/0/0/0,14231:1747647660578:,1747647678027
counter/4/0/0/0,14176:1747647662377:,1747647678027
counter/5/0/0/0,13960:1747647660579:,1747647678027
counter/5/0/0/0,13961:1747647660582:,1747647678027
counter/5/0/0/0,13962:1747647660582:,1747647678028
counter/5/0/0/0,13963:1747647660582:,1747647678028
counter/5/0/0/0,13964:1747647660582:,1747647678028
counter/5/0/0/0,13965:1747647660582:,1747647678028
counter/5/0/0/0,13966:1747647660582:,1747647678028
counter/5/0/0/0,13967:1747647660582:,1747647678028
counter/5/0/0/0,13968:1747647660582:,1747647678028
counter/5/0/0/0,13969:1747647660582:,1747647678028
counter/5/0/0/0,13970:1747647660582:,1747647678028
counter/2/0/0/0,13828:1747647659973:,1747647678028
counter/6/0/0/0,13957:1747647661174:,1747647678028
counter/3/0/0/0,15002:1747647662683:,1747647678029
counter/9/0/0/0,14617:1747647660751:,1747647678029
counter/9/0/0/0,14618:1747647660751:,1747647678029
counter/9/0/0/0,14619:1747647660751:,1747647678029
counter/9/0/0/0,14620:1747647660751:,1747647678029
counter/9/0/0/0,14621:1747647660751:,1747647678029
counter/9/0/0/0,14622:1747647660751:,1747647678030
counter/2/0/0/0,13829:1747647659973:,1747647678030
counter/9/0/0/0,14623:1747647660751:,1747647678030
counter/3/0/0/0,15003:1747647662683:,1747647678030
counter/6/0/0/0,13958:1747647661174:,1747647678030
counter/6/0/0/0,13959:1747647661174:,1747647678030
counter/6/0/0/0,13960:1747647661174:,1747647678030
counter/10/0/0/0,13186:1747647660625:,1747647678030
counter/4/0/0/0,14177:1747647662383:,1747647678030
counter/10/0/0/0,13187:1747647660625:,1747647678030
counter/10/0/0/0,13188:1747647660625:,1747647678030
counter/7/0/0/0,13888:1747647660830:,1747647678031
counter/7/0/0/0,13889:1747647660830:,1747647678032
counter/7/0/0/0,13890:1747647660830:,1747647678032
counter/7/0/0/0,13891:1747647660830:,1747647678032
counter/7/0/0/0,13892:1747647660839:,1747647678032
counter/7/0/0/0,13893:1747647660839:,1747647678032
counter/7/0/0/0,13894:1747647660839:,1747647678032
counter/7/0/0/0,13895:1747647660839:,1747647678032
counter/7/0/0/0,13896:1747647660839:,1747647678032
counter/8/0/0/0,14232:1747647660578:,1747647678032
counter/10/0/0/0,13189:1747647660625:,1747647678032
counter/8/0/0/0,14233:1747647660578:,1747647678032
counter/2/0/0/0,13830:1747647659973:,1747647678032
counter/2/0/0/0,13831:1747647659973:,1747647678032
counter/2/0/0/0,13832:1747647659973:,1747647678032
counter/2/0/0/0,13833:1747647659973:,1747647678032
counter/2/0/0/0,13834:1747647659973:,1747647678032
counter/2/0/0/0,13835:1747647659973:,1747647678032
counter/9/0/0/0,14624:1747647660751:,1747647678033
counter/9/0/0/0,14625:1747647660751:,1747647678033
counter/9/0/0/0,14626:1747647660751:,1747647678033
counter/9/0/0/0,14627:1747647660751:,1747647678033
counter/9/0/0/0,14628:1747647660751:,1747647678033
counter/3/0/0/0,15004:1747647662683:,1747647678033
counter/2/0/0/0,13836:1747647659973:,1747647678034
counter/2/0/0/0,13837:1747647659973:,1747647678034
counter/2/0/0/0,13838:1747647659973:,1747647678034
counter/2/0/0/0,13839:1747647659973:,1747647678034
counter/2/0/0/0,13840:1747647659973:,1747647678034
counter/2/0/0/0,13841:1747647659973:,1747647678034
counter/2/0/0/0,13842:1747647659973:,1747647678034
counter/2/0/0/0,13843:1747647659974:,1747647678034
counter/2/0/0/0,13844:1747647659974:,1747647678034
counter/2/0/0/0,13845:1747647659974:,1747647678035
counter/2/0/0/0,13846:1747647659974:,1747647678035
counter/2/0/0/0,13847:1747647659974:,1747647678035
counter/2/0/0/0,13848:1747647659974:,1747647678035
counter/2/0/0/0,13849:1747647659975:,1747647678035
counter/2/0/0/0,13850:1747647659975:,1747647678035
counter/9/0/0/0,14629:1747647660751:,1747647678035
counter/3/0/0/0,15005:1747647662685:,1747647678035
counter/2/0/0/0,13851:1747647659975:,1747647678035
counter/2/0/0/0,13852:1747647659975:,1747647678035
counter/2/0/0/0,13853:1747647659975:,1747647678035
counter/2/0/0/0,13854:1747647659975:,1747647678035
counter/2/0/0/0,13855:1747647659975:,1747647678035
counter/2/0/0/0,13856:1747647659975:,1747647678035
counter/2/0/0/0,13857:1747647659975:,1747647678035
counter/2/0/0/0,13858:1747647659975:,1747647678035
counter/2/0/0/0,13859:1747647659975:,1747647678035
counter/7/0/0/0,13897:1747647660839:,1747647678038
counter/2/0/0/0,13860:1747647659982:,1747647678038
counter/2/0/0/0,13861:1747647659982:,1747647678038
counter/10/0/0/0,13190:1747647660625:,1747647678038
counter/2/0/0/0,13862:1747647659982:,1747647678038
counter/2/0/0/0,13863:1747647659982:,1747647678038
counter/2/0/0/0,13864:1747647659982:,1747647678038
counter/2/0/0/0,13865:1747647659982:,1747647678038
counter/2/0/0/0,13866:1747647659982:,1747647678039
counter/2/0/0/0,13867:1747647659982:,1747647678039
counter/2/0/0/0,13868:1747647659983:,1747647678039
counter/2/0/0/0,13869:1747647659983:,1747647678039
counter/2/0/0/0,13870:1747647659986:,1747647678039
counter/10/0/0/0,13191:1747647660625:,1747647678040
counter/10/0/0/0,13192:1747647660625:,1747647678040
counter/8/0/0/0,14234:1747647660578:,1747647678040
counter/8/0/0/0,14235:1747647660578:,1747647678040
counter/8/0/0/0,14236:1747647660586:,1747647678040
counter/8/0/0/0,14237:1747647660586:,1747647678040
counter/8/0/0/0,14238:1747647660586:,1747647678040
counter/8/0/0/0,14239:1747647660586:,1747647678040
counter/8/0/0/0,14240:1747647660586:,1747647678040
counter/8/0/0/0,14241:1747647660601:,1747647678040
counter/8/0/0/0,14242:1747647660601:,1747647678040
counter/8/0/0/0,14243:1747647660601:,1747647678040
counter/8/0/0/0,14244:1747647660610:,1747647678040
counter/8/0/0/0,14245:1747647660610:,1747647678040
counter/8/0/0/0,14246:1747647660610:,1747647678040
counter/8/0/0/0,14247:1747647660610:,1747647678040
counter/8/0/0/0,14248:1747647660610:,1747647678040
counter/6/0/0/0,13961:1747647661174:,1747647678040
counter/7/0/0/0,13898:1747647660839:,1747647678042
counter/9/0/0/0,14630:1747647660751:,1747647678042
counter/2/0/0/0,13871:1747647659986:,1747647678043
counter/2/0/0/0,13872:1747647659986:,1747647678043
counter/6/0/0/0,13962:1747647661174:,1747647678047
counter/2/0/0/0,13873:1747647659986:,1747647678049
counter/2/0/0/0,13874:1747647659997:,1747647678050
counter/2/0/0/0,13875:1747647659997:,1747647678050
counter/2/0/0/0,13876:1747647660013:,1747647678050
counter/2/0/0/0,13877:1747647660013:,1747647678050
counter/2/0/0/0,13878:1747647660013:,1747647678050
counter/2/0/0/0,13879:1747647660013:,1747647678050
counter/2/0/0/0,13880:1747647660013:,1747647678050
counter/2/0/0/0,13881:1747647660013:,1747647678050
counter/2/0/0/0,13882:1747647660013:,1747647678050
counter/2/0/0/0,13883:1747647660013:,1747647678050
counter/2/0/0/0,13884:1747647660013:,1747647678050
counter/1/0/0/0,15151:1747647661720:,1747647678050
counter/1/0/0/0,15152:1747647661720:,1747647678050
counter/1/0/0/0,15153:1747647661720:,1747647678050
counter/1/0/0/0,15154:1747647661720:,1747647678050
counter/1/0/0/0,15155:1747647661720:,1747647678050
counter/1/0/0/0,15156:1747647661720:,1747647678051
counter/1/0/0/0,15157:1747647661720:,1747647678051
counter/1/0/0/0,15158:1747647661720:,1747647678051
counter/1/0/0/0,15159:1747647661720:,1747647678051
counter/1/0/0/0,15160:1747647661720:,1747647678051
counter/1/0/0/0,15161:1747647661720:,1747647678051
counter/1/0/0/0,15162:1747647661720:,1747647678051
counter/1/0/0/0,15163:1747647661720:,1747647678051
counter/4/0/0/0,14178:1747647662385:,1747647678051
counter/1/0/0/0,15164:1747647661720:,1747647678052
counter/2/0/0/0,13885:1747647660014:,1747647678052
counter/2/0/0/0,13886:1747647660014:,1747647678052
counter/2/0/0/0,13887:1747647660023:,1747647678052
counter/2/0/0/0,13888:1747647660023:,1747647678052
counter/2/0/0/0,13889:1747647660023:,1747647678052
counter/2/0/0/0,13890:1747647660023:,1747647678052
counter/2/0/0/0,13891:1747647660023:,1747647678052
counter/2/0/0/0,13892:1747647660023:,1747647678052
counter/2/0/0/0,13893:1747647660023:,1747647678052
counter/2/0/0/0,13894:1747647660023:,1747647678052
counter/3/0/0/0,15006:1747647662685:,1747647678053
counter/3/0/0/0,15007:1747647662685:,1747647678054
counter/3/0/0/0,15008:1747647662685:,1747647678054
counter/3/0/0/0,15009:1747647662685:,1747647678054
counter/3/0/0/0,15010:1747647662687:,1747647678054
counter/3/0/0/0,15011:1747647662687:,1747647678054
counter/3/0/0/0,15012:1747647662687:,1747647678054
counter/3/0/0/0,15013:1747647662687:,1747647678055
counter/7/0/0/0,13899:1747647660839:,1747647678055
counter/9/0/0/0,14631:1747647660751:,1747647678055
counter/5/0/0/0,13971:1747647660585:,1747647678056
counter/5/0/0/0,13972:1747647660585:,1747647678056
counter/5/0/0/0,13973:1747647660585:,1747647678056
counter/5/0/0/0,13974:1747647660585:,1747647678056
counter/4/0/0/0,14179:1747647662396:,1747647678056
counter/5/0/0/0,13975:1747647660585:,1747647678056
counter/5/0/0/0,13976:1747647660586:,1747647678056
counter/2/0/0/0,13895:1747647660023:,1747647678056
counter/2/0/0/0,13896:1747647660023:,1747647678056
counter/8/0/0/0,14249:1747647660610:,1747647678056
counter/8/0/0/0,14250:1747647660610:,1747647678056
counter/8/0/0/0,14251:1747647660610:,1747647678057
counter/3/0/0/0,15014:1747647662687:,1747647678057
counter/10/0/0/0,13193:1747647660625:,1747647678060
counter/10/0/0/0,13194:1747647660625:,1747647678060
counter/10/0/0/0,13195:1747647660631:,1747647678060
counter/10/0/0/0,13196:1747647660631:,1747647678060
counter/10/0/0/0,13197:1747647660631:,1747647678060
counter/10/0/0/0,13198:1747647660631:,1747647678060
counter/10/0/0/0,13199:1747647660631:,1747647678061
counter/10/0/0/0,13200:1747647660631:,1747647678061
counter/10/0/0/0,13201:1747647660631:,1747647678061
counter/5/0/0/0,13977:1747647660587:,1747647678062
counter/10/0/0/0,13202:1747647660631:,1747647678062
counter/9/0/0/0,14632:1747647660752:,1747647678062
counter/4/0/0/0,14180:1747647662396:,1747647678062
counter/6/0/0/0,13963:1747647661174:,1747647678063
counter/1/0/0/0,15165:1747647661720:,1747647678063
counter/3/0/0/0,15015:1747647662687:,1747647678063
counter/1/0/0/0,15166:1747647661720:,1747647678063
counter/1/0/0/0,15167:1747647661720:,1747647678063
counter/7/0/0/0,13900:1747647660839:,1747647678063
counter/1/0/0/0,15168:1747647661720:,1747647678063
counter/7/0/0/0,13901:1747647660839:,1747647678063
counter/1/0/0/0,15169:1747647661721:,1747647678063
counter/7/0/0/0,13902:1747647660839:,1747647678063
counter/1/0/0/0,15170:1747647661721:,1747647678063
counter/7/0/0/0,13903:1747647660839:,1747647678063
counter/8/0/0/0,14252:1747647660610:,1747647678063
counter/1/0/0/0,15171:1747647661721:,1747647678063
counter/7/0/0/0,13904:1747647660844:,1747647678063
counter/2/0/0/0,13897:1747647660023:,1747647678063
counter/1/0/0/0,15172:1747647661721:,1747647678063
counter/2/0/0/0,13898:1747647660023:,1747647678064
counter/6/0/0/0,13964:1747647661174:,1747647678064
counter/2/0/0/0,13899:1747647660023:,1747647678064
counter/2/0/0/0,13900:1747647660027:,1747647678064
counter/2/0/0/0,13901:1747647660036:,1747647678064
counter/2/0/0/0,13902:1747647660036:,1747647678064
counter/2/0/0/0,13903:1747647660036:,1747647678064
counter/2/0/0/0,13904:1747647660036:,1747647678064
counter/2/0/0/0,13905:1747647660036:,1747647678064
counter/2/0/0/0,13906:1747647660037:,1747647678064
counter/4/0/0/0,14181:1747647662406:,1747647678065
counter/2/0/0/0,13907:1747647660037:,1747647678065
counter/2/0/0/0,13908:1747647660038:,1747647678065
counter/2/0/0/0,13909:1747647660038:,1747647678065
counter/2/0/0/0,13910:1747647660038:,1747647678065
counter/2/0/0/0,13911:1747647660038:,1747647678065
counter/2/0/0/0,13912:1747647660038:,1747647678065
counter/2/0/0/0,13913:1747647660038:,1747647678065
counter/2/0/0/0,13914:1747647660462:,1747647678066
counter/2/0/0/0,13915:1747647660462:,1747647678066
counter/2/0/0/0,13916:1747647660462:,1747647678066
counter/2/0/0/0,13917:1747647660464:,1747647678066
counter/2/0/0/0,13918:1747647660464:,1747647678066
counter/2/0/0/0,13919:1747647660464:,1747647678066
counter/2/0/0/0,13920:1747647660466:,1747647678066
counter/2/0/0/0,13921:1747647660466:,1747647678066
counter/1/0/0/0,15173:1747647661721:,1747647678066
counter/3/0/0/0,15016:1747647662687:,1747647678067
counter/6/0/0/0,13965:1747647661174:,1747647678067
counter/4/0/0/0,14182:1747647662413:,1747647678067
counter/4/0/0/0,14183:1747647662415:,1747647678067
counter/4/0/0/0,14184:1747647662415:,1747647678067
counter/2/0/0/0,13922:1747647660466:,1747647678068
counter/2/0/0/0,13923:1747647660473:,1747647678068
counter/2/0/0/0,13924:1747647660478:,1747647678068
counter/4/0/0/0,14185:1747647662415:,1747647678068
counter/2/0/0/0,13925:1747647660481:,1747647678068
counter/2/0/0/0,13926:1747647660482:,1747647678068
counter/2/0/0/0,13927:1747647660482:,1747647678069
counter/9/0/0/0,14633:1747647660752:,1747647678069
counter/6/0/0/0,13966:1747647661174:,1747647678070
counter/1/0/0/0,15174:1747647661721:,1747647678071
counter/7/0/0/0,13905:1747647660844:,1747647678071
counter/7/0/0/0,13906:1747647660844:,1747647678071
counter/7/0/0/0,13907:1747647660844:,1747647678071
counter/7/0/0/0,13908:1747647660844:,1747647678071
counter/7/0/0/0,13909:1747647660844:,1747647678072
counter/7/0/0/0,13910:1747647660844:,1747647678072
counter/7/0/0/0,13911:1747647660844:,1747647678072
counter/7/0/0/0,13912:1747647660844:,1747647678072
counter/7/0/0/0,13913:1747647660844:,1747647678072
counter/7/0/0/0,13914:1747647660844:,1747647678072
counter/7/0/0/0,13915:1747647660844:,1747647678072
counter/7/0/0/0,13916:1747647660844:,1747647678072
counter/7/0/0/0,13917:1747647660844:,1747647678072
counter/7/0/0/0,13918:1747647660844:,1747647678072
counter/5/0/0/0,13978:1747647660587:,1747647678072
counter/5/0/0/0,13979:1747647660587:,1747647678072
counter/5/0/0/0,13980:1747647660587:,1747647678072
counter/5/0/0/0,13981:1747647660587:,1747647678072
counter/8/0/0/0,14253:1747647660610:,1747647678072
counter/10/0/0/0,13203:1747647660632:,1747647678072
counter/6/0/0/0,13967:1747647661174:,1747647678074
counter/6/0/0/0,13968:1747647661174:,1747647678074
counter/6/0/0/0,13969:1747647661174:,1747647678074
counter/6/0/0/0,13970:1747647661174:,1747647678074
counter/6/0/0/0,13971:1747647661174:,1747647678074
counter/6/0/0/0,13972:1747647661174:,1747647678074
counter/6/0/0/0,13973:1747647661174:,1747647678074
counter/6/0/0/0,13974:1747647661174:,1747647678074
counter/6/0/0/0,13975:1747647661174:,1747647678074
counter/6/0/0/0,13976:1747647661174:,1747647678074
counter/6/0/0/0,13977:1747647661174:,1747647678074
counter/6/0/0/0,13978:1747647661174:,1747647678074
counter/9/0/0/0,14634:1747647660753:,1747647678074
counter/2/0/0/0,13928:1747647660482:,1747647678075
counter/2/0/0/0,13929:1747647660485:,1747647678075
counter/6/0/0/0,13979:1747647661174:,1747647678075
counter/6/0/0/0,13980:1747647661174:,1747647678075
counter/6/0/0/0,13981:1747647661175:,1747647678075
counter/6/0/0/0,13982:1747647661175:,1747647678075
counter/10/0/0/0,13204:1747647660632:,1747647678075
counter/1/0/0/0,15175:1747647661721:,1747647678075
counter/1/0/0/0,15176:1747647661721:,1747647678075
counter/1/0/0/0,15177:1747647661721:,1747647678075
counter/1/0/0/0,15178:1747647661721:,1747647678075
counter/1/0/0/0,15179:1747647661721:,1747647678075
counter/3/0/0/0,15017:1747647662687:,1747647678075
counter/8/0/0/0,14254:1747647660610:,1747647678075
counter/4/0/0/0,14186:1747647662415:,1747647678076
counter/1/0/0/0,15180:1747647661721:,1747647678076
counter/1/0/0/0,15181:1747647661721:,1747647678076
counter/1/0/0/0,15182:1747647661721:,1747647678076
counter/1/0/0/0,15183:1747647661721:,1747647678076
counter/1/0/0/0,15184:1747647661721:,1747647678076
counter/1/0/0/0,15185:1747647661721:,1747647678076
counter/1/0/0/0,15186:1747647661721:,1747647678076
counter/1/0/0/0,15187:1747647661722:,1747647678076
counter/1/0/0/0,15188:1747647661722:,1747647678076
counter/8/0/0/0,14255:1747647660610:,1747647678077
counter/1/0/0/0,15189:1747647661722:,1747647678077
counter/2/0/0/0,13930:1747647660488:,1747647678077
counter/7/0/0/0,13919:1747647660844:,1747647678077
counter/7/0/0/0,13920:1747647660844:,1747647678077
counter/7/0/0/0,13921:1747647660844:,1747647678077
counter/2/0/0/0,13931:1747647660488:,1747647678078
counter/7/0/0/0,13922:1747647660845:,1747647678078
counter/9/0/0/0,14635:1747647660753:,1747647678078
counter/4/0/0/0,14187:1747647662415:,1747647678079
counter/4/0/0/0,14188:1747647662415:,1747647678079
counter/4/0/0/0,14189:1747647662416:,1747647678079
counter/4/0/0/0,14190:1747647662416:,1747647678079
counter/4/0/0/0,14191:1747647662416:,1747647678079
counter/4/0/0/0,14192:1747647662416:,1747647678079
counter/4/0/0/0,14193:1747647662416:,1747647678079
counter/1/0/0/0,15190:1747647661722:,1747647678079
counter/4/0/0/0,14194:1747647662416:,1747647678079
counter/1/0/0/0,15191:1747647661722:,1747647678079
counter/2/0/0/0,13932:1747647660488:,1747647678079
counter/7/0/0/0,13923:1747647660845:,1747647678079
counter/7/0/0/0,13924:1747647660845:,1747647678079
counter/2/0/0/0,13933:1747647660488:,1747647678080
counter/7/0/0/0,13925:1747647660845:,1747647678080
counter/7/0/0/0,13926:1747647660845:,1747647678080
counter/7/0/0/0,13927:1747647660845:,1747647678080
counter/5/0/0/0,13982:1747647660587:,1747647678081
counter/9/0/0/0,14636:1747647660753:,1747647678081
counter/3/0/0/0,15018:1747647662687:,1747647678081
counter/3/0/0/0,15019:1747647662687:,1747647678081
counter/3/0/0/0,15020:1747647662687:,1747647678081
counter/3/0/0/0,15021:1747647662687:,1747647678081
counter/3/0/0/0,15022:1747647662690:,1747647678081
counter/8/0/0/0,14256:1747647660610:,1747647678081
counter/5/0/0/0,13983:1747647660587:,1747647678081
counter/5/0/0/0,13984:1747647660588:,1747647678081
counter/5/0/0/0,13985:1747647660588:,1747647678081
counter/5/0/0/0,13986:1747647660588:,1747647678081
counter/5/0/0/0,13987:1747647660588:,1747647678081
counter/5/0/0/0,13988:1747647660588:,1747647678081
counter/5/0/0/0,13989:1747647660588:,1747647678081
counter/5/0/0/0,13990:1747647660588:,1747647678081
counter/5/0/0/0,13991:1747647660588:,1747647678081
counter/4/0/0/0,14195:1747647662416:,1747647678082
counter/4/0/0/0,14196:1747647662416:,1747647678082
counter/1/0/0/0,15192:1747647661722:,1747647678082
counter/4/0/0/0,14197:1747647662416:,1747647678082
counter/4/0/0/0,14198:1747647662417:,1747647678082
counter/4/0/0/0,14199:1747647662417:,1747647678083
counter/4/0/0/0,14200:1747647662417:,1747647678083
counter/4/0/0/0,14201:1747647662417:,1747647678083
counter/4/0/0/0,14202:1747647662417:,1747647678083
counter/4/0/0/0,14203:1747647662417:,1747647678083
counter/4/0/0/0,14204:1747647662417:,1747647678083
counter/4/0/0/0,14205:1747647662421:,1747647678083
counter/4/0/0/0,14206:1747647662422:,1747647678083
counter/4/0/0/0,14207:1747647662422:,1747647678083
counter/4/0/0/0,14208:1747647662422:,1747647678083
counter/1/0/0/0,15193:1747647661722:,1747647678083
counter/3/0/0/0,15023:1747647662690:,1747647678083
counter/2/0/0/0,13934:1747647660488:,1747647678084
counter/2/0/0/0,13935:1747647660491:,1747647678084
counter/2/0/0/0,13936:1747647660491:,1747647678084
counter/2/0/0/0,13937:1747647660491:,1747647678084
counter/2/0/0/0,13938:1747647660491:,1747647678084
counter/2/0/0/0,13939:1747647660491:,1747647678084
counter/2/0/0/0,13940:1747647660503:,1747647678084
counter/2/0/0/0,13941:1747647660503:,1747647678084
counter/2/0/0/0,13942:1747647660503:,1747647678084
counter/2/0/0/0,13943:1747647660503:,1747647678084
counter/2/0/0/0,13944:1747647660503:,1747647678084
counter/2/0/0/0,13945:1747647660503:,1747647678084
counter/2/0/0/0,13946:1747647660503:,1747647678084
counter/2/0/0/0,13947:1747647660508:,1747647678084
counter/2/0/0/0,13948:1747647660508:,1747647678084
counter/6/0/0/0,13983:1747647661175:,1747647678084
counter/6/0/0/0,13984:1747647661175:,1747647678085
counter/2/0/0/0,13949:1747647660508:,1747647678085
counter/2/0/0/0,13950:1747647660509:,1747647678085
counter/2/0/0/0,13951:1747647660509:,1747647678085
counter/2/0/0/0,13952:1747647660509:,1747647678085
counter/2/0/0/0,13953:1747647660521:,1747647678085
counter/2/0/0/0,13954:1747647660521:,1747647678085
counter/2/0/0/0,13955:1747647660521:,1747647678085
counter/2/0/0/0,13956:1747647660521:,1747647678085
counter/2/0/0/0,13957:1747647660521:,1747647678085
counter/2/0/0/0,13958:1747647660522:,1747647678085
counter/6/0/0/0,13985:1747647661175:,1747647678085
counter/2/0/0/0,13959:1747647660522:,1747647678085
counter/2/0/0/0,13960:1747647660522:,1747647678085
counter/2/0/0/0,13961:1747647660522:,1747647678085
counter/4/0/0/0,14209:1747647662422:,1747647678085
counter/2/0/0/0,13962:1747647660522:,1747647678085
counter/2/0/0/0,13963:1747647660522:,1747647678086
counter/2/0/0/0,13964:1747647660522:,1747647678086
counter/2/0/0/0,13965:1747647660522:,1747647678086
counter/2/0/0/0,13966:1747647660522:,1747647678086
counter/4/0/0/0,14210:1747647662422:,1747647678086
counter/4/0/0/0,14211:1747647662425:,1747647678086
counter/4/0/0/0,14212:1747647662425:,1747647678086
counter/4/0/0/0,14213:1747647662425:,1747647678086
counter/4/0/0/0,14214:1747647662425:,1747647678086
counter/4/0/0/0,14215:1747647662425:,1747647678086
counter/9/0/0/0,14637:1747647660753:,1747647678086
counter/4/0/0/0,14216:1747647662441:,1747647678086
counter/2/0/0/0,13967:1747647660522:,1747647678086
counter/2/0/0/0,13968:1747647660530:,1747647678087
counter/2/0/0/0,13969:1747647660530:,1747647678087
counter/2/0/0/0,13970:1747647660530:,1747647678087
counter/2/0/0/0,13971:1747647660530:,1747647678087
counter/10/0/0/0,13205:1747647660632:,1747647678087
counter/10/0/0/0,13206:1747647660632:,1747647678087
counter/10/0/0/0,13207:1747647660632:,1747647678087
counter/10/0/0/0,13208:1747647660638:,1747647678087
counter/10/0/0/0,13209:1747647660638:,1747647678087
counter/10/0/0/0,13210:1747647660638:,1747647678087
counter/10/0/0/0,13211:1747647660638:,1747647678087
counter/4/0/0/0,14217:1747647662441:,1747647678087
counter/10/0/0/0,13212:1747647660638:,1747647678087
counter/10/0/0/0,13213:1747647660638:,1747647678087
counter/6/0/0/0,13986:1747647661175:,1747647678089
counter/2/0/0/0,13972:1747647660530:,1747647678089
counter/2/0/0/0,13973:1747647660530:,1747647678089
counter/2/0/0/0,13974:1747647660530:,1747647678089
counter/2/0/0/0,13975:1747647660530:,1747647678089
counter/2/0/0/0,13976:1747647660530:,1747647678089
counter/2/0/0/0,13977:1747647660530:,1747647678089
counter/2/0/0/0,13978:1747647660530:,1747647678090
counter/2/0/0/0,13979:1747647660530:,1747647678090
counter/2/0/0/0,13980:1747647660530:,1747647678090
counter/2/0/0/0,13981:1747647660530:,1747647678090
counter/2/0/0/0,13982:1747647660530:,1747647678090
counter/2/0/0/0,13983:1747647660530:,1747647678090
counter/2/0/0/0,13984:1747647660543:,1747647678090
counter/7/0/0/0,13928:1747647660845:,1747647678092
counter/6/0/0/0,13987:1747647661175:,1747647678092
counter/8/0/0/0,14257:1747647660610:,1747647678092
counter/6/0/0/0,13988:1747647661175:,1747647678092
counter/4/0/0/0,14218:1747647662441:,1747647678093
counter/2/0/0/0,13985:1747647660543:,1747647678093
counter/2/0/0/0,13986:1747647660543:,1747647678093
counter/2/0/0/0,13987:1747647660543:,1747647678094
counter/2/0/0/0,13988:1747647660543:,1747647678094
counter/2/0/0/0,13989:1747647660543:,1747647678094
counter/2/0/0/0,13990:1747647660543:,1747647678094
counter/2/0/0/0,13991:1747647660543:,1747647678094
counter/2/0/0/0,13992:1747647660543:,1747647678094
counter/2/0/0/0,13993:1747647660543:,1747647678094
counter/1/0/0/0,15194:1747647661722:,1747647678094
counter/1/0/0/0,15195:1747647661722:,1747647678094
counter/1/0/0/0,15196:1747647661722:,1747647678094
counter/1/0/0/0,15197:1747647661735:,1747647678094
counter/1/0/0/0,15198:1747647661748:,1747647678094
counter/1/0/0/0,15199:1747647661748:,1747647678094
counter/1/0/0/0,15200:1747647661748:,1747647678094
counter/1/0/0/0,15201:1747647661757:,1747647678094
counter/1/0/0/0,15202:1747647661757:,1747647678094
counter/1/0/0/0,15203:1747647661757:,1747647678094
counter/6/0/0/0,13989:1747647661179:,1747647678094
counter/10/0/0/0,13214:1747647660639:,1747647678094
counter/2/0/0/0,13994:1747647660543:,1747647678094
counter/9/0/0/0,14638:1747647660753:,1747647678095
counter/6/0/0/0,13990:1747647661179:,1747647678095
counter/6/0/0/0,13991:1747647661179:,1747647678095
counter/6/0/0/0,13992:1747647661179:,1747647678096
counter/8/0/0/0,14258:1747647660610:,1747647678096
counter/8/0/0/0,14259:1747647660610:,1747647678096
counter/10/0/0/0,13215:1747647660639:,1747647678096
counter/7/0/0/0,13929:1747647660845:,1747647678096
counter/5/0/0/0,13992:1747647660588:,1747647678096
counter/5/0/0/0,13993:1747647660588:,1747647678096
counter/5/0/0/0,13994:1747647660590:,1747647678096
counter/5/0/0/0,13995:1747647660590:,1747647678096
counter/5/0/0/0,13996:1747647660590:,1747647678096
counter/5/0/0/0,13997:1747647660590:,1747647678096
counter/5/0/0/0,13998:1747647660590:,1747647678097
counter/5/0/0/0,13999:1747647660634:,1747647678097
counter/6/0/0/0,13993:1747647661179:,1747647678100
counter/3/0/0/0,15024:1747647662690:,1747647678100
counter/4/0/0/0,14219:1747647662445:,1747647678100
counter/1/0/0/0,15204:1747647661757:,1747647678100
counter/8/0/0/0,14260:1747647660610:,1747647678101
counter/8/0/0/0,14261:1747647660610:,1747647678101
counter/10/0/0/0,13216:1747647660639:,1747647678101
counter/8/0/0/0,14262:1747647660613:,1747647678101
counter/8/0/0/0,14263:1747647660613:,1747647678101
counter/8/0/0/0,14264:1747647660615:,1747647678101
counter/8/0/0/0,14265:1747647660621:,1747647678101
counter/8/0/0/0,14266:1747647660621:,1747647678101
counter/8/0/0/0,14267:1747647660621:,1747647678101
counter/8/0/0/0,14268:1747647660621:,1747647678101
counter/8/0/0/0,14269:1747647660621:,1747647678101
counter/8/0/0/0,14270:1747647660621:,1747647678101
counter/8/0/0/0,14271:1747647660632:,1747647678101
counter/8/0/0/0,14272:1747647660638:,1747647678101
counter/8/0/0/0,14273:1747647660638:,1747647678102
counter/2/0/0/0,13995:1747647660543:,1747647678102
counter/9/0/0/0,14639:1747647660753:,1747647678102
counter/5/0/0/0,14000:1747647660634:,1747647678102
counter/10/0/0/0,13217:1747647660639:,1747647678102
counter/10/0/0/0,13218:1747647660639:,1747647678102
counter/10/0/0/0,13219:1747647660639:,1747647678102
counter/10/0/0/0,13220:1747647660639:,1747647678102
counter/10/0/0/0,13221:1747647660645:,1747647678102
counter/4/0/0/0,14220:1747647662445:,1747647678102
counter/4/0/0/0,14221:1747647662445:,1747647678102
counter/4/0/0/0,14222:1747647662445:,1747647678102
counter/4/0/0/0,14223:1747647662445:,1747647678102
counter/4/0/0/0,14224:1747647662445:,1747647678102
counter/4/0/0/0,14225:1747647662445:,1747647678102
counter/4/0/0/0,14226:1747647662445:,1747647678102
counter/4/0/0/0,14227:1747647662445:,1747647678102
counter/8/0/0/0,14274:1747647660638:,1747647678103
counter/4/0/0/0,14228:1747647662445:,1747647678103
counter/1/0/0/0,15205:1747647661757:,1747647678103
counter/1/0/0/0,15206:1747647661757:,1747647678103
counter/1/0/0/0,15207:1747647661757:,1747647678103
counter/1/0/0/0,15208:1747647661757:,1747647678103
counter/1/0/0/0,15209:1747647661757:,1747647678104
counter/1/0/0/0,15210:1747647661757:,1747647678104
counter/1/0/0/0,15211:1747647661757:,1747647678104
counter/2/0/0/0,13996:1747647660543:,1747647678104
counter/4/0/0/0,14229:1747647662445:,1747647678104
counter/3/0/0/0,15025:1747647662690:,1747647678104
counter/2/0/0/0,13997:1747647660543:,1747647678105
counter/3/0/0/0,15026:1747647662691:,1747647678105
counter/3/0/0/0,15027:1747647662691:,1747647678105
counter/3/0/0/0,15028:1747647662691:,1747647678105
counter/3/0/0/0,15029:1747647662691:,1747647678105
counter/10/0/0/0,13222:1747647660645:,1747647678105
counter/10/0/0/0,13223:1747647660645:,1747647678105
counter/10/0/0/0,13224:1747647660645:,1747647678105
counter/10/0/0/0,13225:1747647660645:,1747647678105
counter/10/0/0/0,13226:1747647660651:,1747647678105
counter/8/0/0/0,14275:1747647660638:,1747647678105
counter/1/0/0/0,15212:1747647661757:,1747647678105
counter/1/0/0/0,15213:1747647661757:,1747647678106
counter/1/0/0/0,15214:1747647661757:,1747647678106
counter/1/0/0/0,15215:1747647661757:,1747647678106
counter/1/0/0/0,15216:1747647661757:,1747647678106
counter/7/0/0/0,13930:1747647660845:,1747647678107
counter/7/0/0/0,13931:1747647660845:,1747647678107
counter/7/0/0/0,13932:1747647660845:,1747647678107
counter/7/0/0/0,13933:1747647660845:,1747647678107
counter/7/0/0/0,13934:1747647660854:,1747647678107
counter/7/0/0/0,13935:1747647660854:,1747647678107
counter/7/0/0/0,13936:1747647660854:,1747647678107
counter/7/0/0/0,13937:1747647660854:,1747647678107
counter/7/0/0/0,13938:1747647660854:,1747647678107
counter/7/0/0/0,13939:1747647660854:,1747647678107
counter/7/0/0/0,13940:1747647660854:,1747647678107
counter/9/0/0/0,14640:1747647660753:,1747647678107
counter/4/0/0/0,14230:1747647662445:,1747647678108
counter/5/0/0/0,14001:1747647660634:,1747647678108
counter/5/0/0/0,14002:1747647660634:,1747647678108
counter/5/0/0/0,14003:1747647660635:,1747647678108
counter/10/0/0/0,13227:1747647660651:,1747647678108
counter/5/0/0/0,14004:1747647660635:,1747647678108
counter/6/0/0/0,13994:1747647661186:,1747647678108
counter/9/0/0/0,14641:1747647660753:,1747647678109
counter/2/0/0/0,13998:1747647660543:,1747647678109
counter/6/0/0/0,13995:1747647661186:,1747647678111
counter/4/0/0/0,14231:1747647662445:,1747647678112
counter/8/0/0/0,14276:1747647660638:,1747647678113
counter/6/0/0/0,13996:1747647661186:,1747647678113
counter/9/0/0/0,14642:1747647660753:,1747647678113
counter/1/0/0/0,15217:1747647661760:,1747647678113
counter/9/0/0/0,14643:1747647660753:,1747647678116
counter/9/0/0/0,14644:1747647660753:,1747647678116
counter/6/0/0/0,13997:1747647661186:,1747647678116
counter/3/0/0/0,15030:1747647662704:,1747647678117
counter/10/0/0/0,13228:1747647660651:,1747647678117
counter/10/0/0/0,13229:1747647660651:,1747647678117
counter/10/0/0/0,13230:1747647660651:,1747647678117
counter/10/0/0/0,13231:1747647660651:,1747647678117
counter/10/0/0/0,13232:1747647660651:,1747647678117
counter/10/0/0/0,13233:1747647660651:,1747647678117
counter/10/0/0/0,13234:1747647660652:,1747647678117
counter/10/0/0/0,13235:1747647660652:,1747647678117
counter/10/0/0/0,13236:1747647660652:,1747647678117
counter/7/0/0/0,13941:1747647660859:,1747647678117
counter/3/0/0/0,15031:1747647662705:,1747647678117
counter/7/0/0/0,13942:1747647660859:,1747647678117
counter/1/0/0/0,15218:1747647661760:,1747647678117
counter/1/0/0/0,15219:1747647661760:,1747647678117
counter/1/0/0/0,15220:1747647661760:,1747647678117
counter/1/0/0/0,15221:1747647661760:,1747647678117
counter/5/0/0/0,14005:1747647660635:,1747647678118
counter/6/0/0/0,13998:1747647661186:,1747647678118
counter/3/0/0/0,15032:1747647662705:,1747647678118
counter/7/0/0/0,13943:1747647660859:,1747647678119
counter/7/0/0/0,13944:1747647660859:,1747647678119
counter/7/0/0/0,13945:1747647660859:,1747647678119
counter/7/0/0/0,13946:1747647660859:,1747647678119
counter/10/0/0/0,13237:1747647660652:,1747647678119
counter/10/0/0/0,13238:1747647660652:,1747647678119
counter/10/0/0/0,13239:1747647660652:,1747647678119
counter/10/0/0/0,13240:1747647660652:,1747647678119
counter/10/0/0/0,13241:1747647660654:,1747647678120
counter/10/0/0/0,13242:1747647660654:,1747647678120
counter/10/0/0/0,13243:1747647660654:,1747647678120
counter/10/0/0/0,13244:1747647660654:,1747647678120
counter/10/0/0/0,13245:1747647660654:,1747647678120
counter/10/0/0/0,13246:1747647660654:,1747647678120
counter/7/0/0/0,13947:1747647660859:,1747647678120
counter/7/0/0/0,13948:1747647660859:,1747647678120
counter/7/0/0/0,13949:1747647660859:,1747647678121
counter/7/0/0/0,13950:1747647660859:,1747647678121
counter/7/0/0/0,13951:1747647660859:,1747647678121
counter/7/0/0/0,13952:1747647660859:,1747647678121
counter/1/0/0/0,15222:1747647661760:,1747647678122
counter/1/0/0/0,15223:1747647661760:,1747647678122
counter/1/0/0/0,15224:1747647661762:,1747647678122
counter/8/0/0/0,14277:1747647660638:,1747647678124
counter/9/0/0/0,14645:1747647660753:,1747647678124
counter/2/0/0/0,13999:1747647660547:,1747647678125
counter/4/0/0/0,14232:1747647662445:,1747647678126
counter/4/0/0/0,14233:1747647662445:,1747647678126
counter/4/0/0/0,14234:1747647662449:,1747647678126
counter/4/0/0/0,14235:1747647662449:,1747647678126
counter/4/0/0/0,14236:1747647662451:,1747647678126
counter/9/0/0/0,14646:1747647660753:,1747647678127
counter/9/0/0/0,14647:1747647660753:,1747647678127
counter/9/0/0/0,14648:1747647660753:,1747647678127
counter/9/0/0/0,14649:1747647660754:,1747647678127
counter/7/0/0/0,13953:1747647660859:,1747647678127
counter/7/0/0/0,13954:1747647660860:,1747647678127
counter/10/0/0/0,13247:1747647660654:,1747647678127
counter/6/0/0/0,13999:1747647661186:,1747647678127
counter/6/0/0/0,14000:1747647661186:,1747647678127
counter/6/0/0/0,14001:1747647661186:,1747647678127
counter/6/0/0/0,14002:1747647661194:,1747647678127
counter/6/0/0/0,14003:1747647661194:,1747647678127
counter/6/0/0/0,14004:1747647661194:,1747647678127
counter/6/0/0/0,14005:1747647661194:,1747647678127
counter/6/0/0/0,14006:1747647661194:,1747647678128
counter/4/0/0/0,14237:1747647662451:,1747647678128
counter/2/0/0/0,14000:1747647660547:,1747647678128
counter/2/0/0/0,14001:1747647660547:,1747647678128
counter/2/0/0/0,14002:1747647660547:,1747647678128
counter/1/0/0/0,15225:1747647661762:,1747647678128
counter/3/0/0/0,15033:1747647662705:,1747647678129
counter/9/0/0/0,14650:1747647660754:,1747647678130
counter/9/0/0/0,14651:1747647660760:,1747647678130
counter/9/0/0/0,14652:1747647660760:,1747647678130
counter/9/0/0/0,14653:1747647660761:,1747647678130
counter/9/0/0/0,14654:1747647660761:,1747647678130
counter/8/0/0/0,14278:1747647660638:,1747647678130
counter/8/0/0/0,14279:1747647660638:,1747647678131
counter/8/0/0/0,14280:1747647660638:,1747647678131
counter/8/0/0/0,14281:1747647660640:,1747647678131
counter/7/0/0/0,13955:1747647660860:,1747647678131
counter/2/0/0/0,14003:1747647660547:,1747647678131
counter/1/0/0/0,15226:1747647661762:,1747647678131
counter/10/0/0/0,13248:1747647660654:,1747647678131
counter/10/0/0/0,13249:1747647660654:,1747647678131
counter/10/0/0/0,13250:1747647660654:,1747647678131
counter/10/0/0/0,13251:1747647660654:,1747647678131
counter/10/0/0/0,13252:1747647660654:,1747647678131
counter/10/0/0/0,13253:1747647660655:,1747647678131
counter/10/0/0/0,13254:1747647660655:,1747647678131
counter/3/0/0/0,15034:1747647662705:,1747647678131
counter/7/0/0/0,13956:1747647660860:,1747647678132
counter/7/0/0/0,13957:1747647660860:,1747647678132
counter/2/0/0/0,14004:1747647660574:,1747647678132
counter/9/0/0/0,14655:1747647660761:,1747647678132
counter/7/0/0/0,13958:1747647660860:,1747647678132
counter/9/0/0/0,14656:1747647660770:,1747647678132
counter/7/0/0/0,13959:1747647660860:,1747647678132
counter/9/0/0/0,14657:1747647660770:,1747647678132
counter/9/0/0/0,14658:1747647660770:,1747647678132
counter/9/0/0/0,14659:1747647660770:,1747647678132
counter/1/0/0/0,15227:1747647661762:,1747647678134
counter/1/0/0/0,15228:1747647661762:,1747647678134
counter/1/0/0/0,15229:1747647661762:,1747647678134
counter/10/0/0/0,13255:1747647660655:,1747647678134
counter/10/0/0/0,13256:1747647660655:,1747647678134
counter/10/0/0/0,13257:1747647660655:,1747647678134
counter/10/0/0/0,13258:1747647660655:,1747647678135
counter/10/0/0/0,13259:1747647660666:,1747647678135
counter/10/0/0/0,13260:1747647660666:,1747647678135
counter/10/0/0/0,13261:1747647660666:,1747647678135
counter/10/0/0/0,13262:1747647660666:,1747647678135
counter/10/0/0/0,13263:1747647660666:,1747647678135
counter/10/0/0/0,13264:1747647660666:,1747647678135
counter/9/0/0/0,14660:1747647660770:,1747647678135
counter/10/0/0/0,13265:1747647660666:,1747647678135
counter/9/0/0/0,14661:1747647660773:,1747647678135
counter/9/0/0/0,14662:1747647660773:,1747647678135
counter/4/0/0/0,14238:1747647662451:,1747647678135
counter/4/0/0/0,14239:1747647662451:,1747647678135
counter/4/0/0/0,14240:1747647662451:,1747647678135
counter/4/0/0/0,14241:1747647662451:,1747647678135
counter/10/0/0/0,13266:1747647660666:,1747647678137
counter/4/0/0/0,14242:1747647662451:,1747647678137
counter/4/0/0/0,14243:1747647662453:,1747647678137
counter/4/0/0/0,14244:1747647662453:,1747647678137
counter/4/0/0/0,14245:1747647662453:,1747647678137
counter/4/0/0/0,14246:1747647662453:,1747647678137
counter/4/0/0/0,14247:1747647662453:,1747647678137
counter/4/0/0/0,14248:1747647662453:,1747647678137
counter/2/0/0/0,14005:1747647660574:,1747647678139
counter/9/0/0/0,14663:1747647660773:,1747647678140
counter/3/0/0/0,15035:1747647662705:,1747647678140
counter/1/0/0/0,15230:1747647661770:,1747647678140
counter/1/0/0/0,15231:1747647661770:,1747647678142
counter/1/0/0/0,15232:1747647661770:,1747647678142
counter/1/0/0/0,15233:1747647661773:,1747647678142
counter/1/0/0/0,15234:1747647661774:,1747647678142
counter/1/0/0/0,15235:1747647661774:,1747647678142
counter/1/0/0/0,15236:1747647661774:,1747647678142
counter/1/0/0/0,15237:1747647661774:,1747647678142
counter/1/0/0/0,15238:1747647661791:,1747647678142
counter/1/0/0/0,15239:1747647661791:,1747647678142
counter/3/0/0/0,15036:1747647662705:,1747647678142
counter/5/0/0/0,14006:1747647660635:,1747647678142
counter/7/0/0/0,13960:1747647660860:,1747647678142
counter/2/0/0/0,14006:1747647660574:,1747647678143
counter/2/0/0/0,14007:1747647660574:,1747647678144
counter/8/0/0/0,14282:1747647660640:,1747647678144
counter/2/0/0/0,14008:1747647660574:,1747647678144
counter/2/0/0/0,14009:1747647660574:,1747647678144
counter/1/0/0/0,15240:1747647661792:,1747647678144
counter/1/0/0/0,15241:1747647661792:,1747647678144
counter/1/0/0/0,15242:1747647661792:,1747647678144
counter/1/0/0/0,15243:1747647661792:,1747647678144
counter/1/0/0/0,15244:1747647661792:,1747647678144
counter/10/0/0/0,13267:1747647660666:,1747647678144
counter/10/0/0/0,13268:1747647660675:,1747647678144
counter/10/0/0/0,13269:1747647660680:,1747647678144
counter/10/0/0/0,13270:1747647660680:,1747647678144
counter/10/0/0/0,13271:1747647660680:,1747647678144
counter/3/0/0/0,15037:1747647662706:,1747647678144
counter/3/0/0/0,15038:1747647662706:,1747647678145
counter/3/0/0/0,15039:1747647662706:,1747647678145
counter/3/0/0/0,15040:1747647662706:,1747647678145
counter/6/0/0/0,14007:1747647661194:,1747647678147
counter/6/0/0/0,14008:1747647661194:,1747647678147
counter/6/0/0/0,14009:1747647661196:,1747647678147
counter/5/0/0/0,14007:1747647660635:,1747647678147
counter/6/0/0/0,14010:1747647661196:,1747647678147
counter/6/0/0/0,14011:1747647661198:,1747647678147
counter/6/0/0/0,14012:1747647661198:,1747647678147
counter/6/0/0/0,14013:1747647661198:,1747647678147
counter/4/0/0/0,14249:1747647662453:,1747647678147
counter/5/0/0/0,14008:1747647660635:,1747647678148
counter/5/0/0/0,14009:1747647660635:,1747647678148
counter/5/0/0/0,14010:1747647660635:,1747647678148
counter/5/0/0/0,14011:1747647660635:,1747647678148
counter/5/0/0/0,14012:1747647660635:,1747647678148
counter/5/0/0/0,14013:1747647660638:,1747647678148
counter/5/0/0/0,14014:1747647660638:,1747647678148
counter/5/0/0/0,14015:1747647660638:,1747647678149
counter/5/0/0/0,14016:1747647660638:,1747647678149
counter/5/0/0/0,14017:1747647660638:,1747647678149
counter/5/0/0/0,14018:1747647660638:,1747647678149
counter/10/0/0/0,13272:1747647660680:,1747647678149
counter/10/0/0/0,13273:1747647660680:,1747647678149
counter/10/0/0/0,13274:1747647660680:,1747647678149
counter/10/0/0/0,13275:1747647660680:,1747647678149
counter/10/0/0/0,13276:1747647660680:,1747647678149
counter/10/0/0/0,13277:1747647660684:,1747647678149
counter/10/0/0/0,13278:1747647660684:,1747647678149
counter/10/0/0/0,13279:1747647660684:,1747647678149
counter/4/0/0/0,14250:1747647662453:,1747647678149
counter/8/0/0/0,14283:1747647660642:,1747647678149
counter/1/0/0/0,15245:1747647661801:,1747647678149
counter/8/0/0/0,14284:1747647660642:,1747647678149
counter/1/0/0/0,15246:1747647661802:,1747647678149
counter/8/0/0/0,14285:1747647660645:,1747647678150
counter/2/0/0/0,14010:1747647660574:,1747647678154
counter/2/0/0/0,14011:1747647660574:,1747647678154
counter/2/0/0/0,14012:1747647660574:,1747647678154
counter/7/0/0/0,13961:1747647660860:,1747647678154
counter/2/0/0/0,14013:1747647660574:,1747647678154
counter/2/0/0/0,14014:1747647660574:,1747647678154
counter/2/0/0/0,14015:1747647660574:,1747647678154
counter/2/0/0/0,14016:1747647660574:,1747647678154
counter/2/0/0/0,14017:1747647660585:,1747647678154
counter/2/0/0/0,14018:1747647660585:,1747647678154
counter/6/0/0/0,14014:1747647661215:,1747647678154
counter/6/0/0/0,14015:1747647661215:,1747647678154
counter/6/0/0/0,14016:1747647661215:,1747647678154
counter/6/0/0/0,14017:1747647661215:,1747647678155
counter/7/0/0/0,13962:1747647660860:,1747647678155
counter/7/0/0/0,13963:1747647660860:,1747647678155
counter/7/0/0/0,13964:1747647660860:,1747647678155
counter/7/0/0/0,13965:1747647660860:,1747647678156
counter/7/0/0/0,13966:1747647660869:,1747647678156
counter/6/0/0/0,14018:1747647661215:,1747647678156
counter/1/0/0/0,15247:1747647661802:,1747647678157
counter/9/0/0/0,14664:1747647660773:,1747647678161
counter/9/0/0/0,14665:1747647660773:,1747647678161
counter/3/0/0/0,15041:1747647662706:,1747647678161
counter/3/0/0/0,15042:1747647662729:,1747647678161
counter/5/0/0/0,14019:1747647660638:,1747647678161
counter/5/0/0/0,14020:1747647660638:,1747647678161
counter/5/0/0/0,14021:1747647660638:,1747647678161
counter/5/0/0/0,14022:1747647660638:,1747647678161
counter/5/0/0/0,14023:1747647660639:,1747647678161
counter/5/0/0/0,14024:1747647660639:,1747647678161
counter/5/0/0/0,14025:1747647660639:,1747647678161
counter/5/0/0/0,14026:1747647660639:,1747647678162
counter/9/0/0/0,14666:1747647660773:,1747647678162
counter/6/0/0/0,14019:1747647661215:,1747647678163
counter/2/0/0/0,14019:1747647660585:,1747647678164
counter/3/0/0/0,15043:1747647662729:,1747647678164
counter/5/0/0/0,14027:1747647660639:,1747647678164
counter/8/0/0/0,14286:1747647660645:,1747647678164
counter/4/0/0/0,14251:1747647662453:,1747647678164
counter/1/0/0/0,15248:1747647661802:,1747647678164
counter/1/0/0/0,15249:1747647661802:,1747647678164
counter/1/0/0/0,15250:1747647661802:,1747647678164
counter/1/0/0/0,15251:1747647661802:,1747647678164
counter/7/0/0/0,13967:1747647660869:,1747647678165
counter/7/0/0/0,13968:1747647660869:,1747647678165
counter/7/0/0/0,13969:1747647660869:,1747647678165
counter/7/0/0/0,13970:1747647660869:,1747647678165
counter/7/0/0/0,13971:1747647660869:,1747647678165
counter/7/0/0/0,13972:1747647660869:,1747647678165
counter/7/0/0/0,13973:1747647660869:,1747647678165
counter/2/0/0/0,14020:1747647660585:,1747647678165
counter/2/0/0/0,14021:1747647660585:,1747647678165
counter/5/0/0/0,14028:1747647660643:,1747647678165
counter/2/0/0/0,14022:1747647660585:,1747647678165
counter/4/0/0/0,14252:1747647662469:,1747647678165
counter/1/0/0/0,15252:1747647661802:,1747647678166
counter/4/0/0/0,14253:1747647662485:,1747647678166
counter/10/0/0/0,13280:1747647660684:,1747647678166
counter/7/0/0/0,13974:1747647660869:,1747647678166
counter/7/0/0/0,13975:1747647660871:,1747647678166
counter/7/0/0/0,13976:1747647660871:,1747647678166
counter/2/0/0/0,14023:1747647660585:,1747647678166
counter/7/0/0/0,13977:1747647660871:,1747647678166
counter/6/0/0/0,14020:1747647661215:,1747647678166
counter/6/0/0/0,14021:1747647661215:,1747647678166
counter/6/0/0/0,14022:1747647661215:,1747647678166
counter/6/0/0/0,14023:1747647661215:,1747647678166
counter/3/0/0/0,15044:1747647662729:,1747647678167
counter/8/0/0/0,14287:1747647660645:,1747647678167
counter/1/0/0/0,15253:1747647661802:,1747647678167
counter/1/0/0/0,15254:1747647661802:,1747647678167
counter/1/0/0/0,15255:1747647661803:,1747647678167
counter/2/0/0/0,14024:1747647660585:,1747647678167
counter/2/0/0/0,14025:1747647660586:,1747647678167
counter/2/0/0/0,14026:1747647660586:,1747647678167
counter/2/0/0/0,14027:1747647660589:,1747647678167
counter/2/0/0/0,14028:1747647660589:,1747647678167
counter/2/0/0/0,14029:1747647660589:,1747647678168
counter/2/0/0/0,14030:1747647660589:,1747647678168
counter/2/0/0/0,14031:1747647660590:,1747647678168
counter/2/0/0/0,14032:1747647660590:,1747647678168
counter/2/0/0/0,14033:1747647660591:,1747647678168
counter/2/0/0/0,14034:1747647660591:,1747647678168
counter/9/0/0/0,14667:1747647660773:,1747647678168
counter/2/0/0/0,14035:1747647660591:,1747647678168
counter/6/0/0/0,14024:1747647661215:,1747647678169
counter/2/0/0/0,14036:1747647660591:,1747647678169
counter/1/0/0/0,15256:1747647661809:,1747647678170
counter/1/0/0/0,15257:1747647661809:,1747647678170
counter/1/0/0/0,15258:1747647661809:,1747647678170
counter/1/0/0/0,15259:1747647661809:,1747647678170
counter/1/0/0/0,15260:1747647661809:,1747647678170
counter/1/0/0/0,15261:1747647661809:,1747647678170
counter/1/0/0/0,15262:1747647661810:,1747647678170
counter/1/0/0/0,15263:1747647661810:,1747647678170
counter/1/0/0/0,15264:1747647661810:,1747647678170
counter/1/0/0/0,15265:1747647661810:,1747647678170
counter/7/0/0/0,13978:1747647660871:,1747647678170
counter/5/0/0/0,14029:1747647660643:,1747647678170
counter/5/0/0/0,14030:1747647660644:,1747647678170
counter/5/0/0/0,14031:1747647660647:,1747647678170
counter/5/0/0/0,14032:1747647660647:,1747647678170
counter/5/0/0/0,14033:1747647660647:,1747647678171
counter/5/0/0/0,14034:1747647660652:,1747647678171
counter/5/0/0/0,14035:1747647660656:,1747647678171
counter/9/0/0/0,14668:1747647660773:,1747647678171
counter/9/0/0/0,14669:1747647660773:,1747647678171
counter/9/0/0/0,14670:1747647660773:,1747647678171
counter/9/0/0/0,14671:1747647660773:,1747647678171
counter/9/0/0/0,14672:1747647660773:,1747647678171
counter/9/0/0/0,14673:1747647660774:,1747647678171
counter/9/0/0/0,14674:1747647660775:,1747647678171
counter/9/0/0/0,14675:1747647660775:,1747647678171
counter/7/0/0/0,13979:1747647660871:,1747647678171
counter/8/0/0/0,14288:1747647660645:,1747647678171
counter/5/0/0/0,14036:1747647660656:,1747647678171
counter/8/0/0/0,14289:1747647660645:,1747647678171
counter/8/0/0/0,14290:1747647660645:,1747647678171
counter/8/0/0/0,14291:1747647660645:,1747647678171
counter/3/0/0/0,15045:1747647662729:,1747647678171
counter/1/0/0/0,15266:1747647661810:,1747647678172
counter/3/0/0/0,15046:1747647662729:,1747647678172
counter/7/0/0/0,13980:1747647660871:,1747647678172
counter/7/0/0/0,13981:1747647660871:,1747647678173
counter/5/0/0/0,14037:1747647660656:,1747647678173
counter/7/0/0/0,13982:1747647660872:,1747647678173
counter/7/0/0/0,13983:1747647660872:,1747647678174
counter/7/0/0/0,13984:1747647660875:,1747647678174
counter/7/0/0/0,13985:1747647660875:,1747647678174
counter/7/0/0/0,13986:1747647660875:,1747647678174
counter/7/0/0/0,13987:1747647660875:,1747647678174
counter/7/0/0/0,13988:1747647660875:,1747647678174
counter/5/0/0/0,14038:1747647660656:,1747647678174
counter/7/0/0/0,13989:1747647660875:,1747647678174
counter/5/0/0/0,14039:1747647660657:,1747647678174
counter/7/0/0/0,13990:1747647660877:,1747647678174
counter/5/0/0/0,14040:1747647660657:,1747647678174
counter/7/0/0/0,13991:1747647660877:,1747647678174
counter/5/0/0/0,14041:1747647660657:,1747647678174
counter/7/0/0/0,13992:1747647660877:,1747647678174
counter/5/0/0/0,14042:1747647660657:,1747647678174
counter/7/0/0/0,13993:1747647660878:,1747647678174
counter/5/0/0/0,14043:1747647660657:,1747647678174
counter/7/0/0/0,13994:1747647660878:,1747647678174
counter/5/0/0/0,14044:1747647660657:,1747647678174
counter/7/0/0/0,13995:1747647660878:,1747647678175
counter/7/0/0/0,13996:1747647660878:,1747647678175
counter/7/0/0/0,13997:1747647660878:,1747647678175
counter/7/0/0/0,13998:1747647660878:,1747647678175
counter/7/0/0/0,13999:1747647660878:,1747647678175
counter/7/0/0/0,14000:1747647660878:,1747647678175
counter/7/0/0/0,14001:1747647660878:,1747647678175
counter/7/0/0/0,14002:1747647660878:,1747647678175
counter/10/0/0/0,13281:1747647660684:,1747647678175
counter/1/0/0/0,15267:1747647661810:,1747647678175
counter/2/0/0/0,14037:1747647660591:,1747647678175
counter/2/0/0/0,14038:1747647660591:,1747647678175
counter/2/0/0/0,14039:1747647660591:,1747647678175
counter/2/0/0/0,14040:1747647660591:,1747647678175
counter/8/0/0/0,14292:1747647660645:,1747647678175
counter/3/0/0/0,15047:1747647662731:,1747647678175
counter/10/0/0/0,13282:1747647660684:,1747647678175
counter/10/0/0/0,13283:1747647660684:,1747647678175
counter/10/0/0/0,13284:1747647660689:,1747647678175
counter/1/0/0/0,15268:1747647661810:,1747647678177
counter/1/0/0/0,15269:1747647661810:,1747647678178
counter/1/0/0/0,15270:1747647661811:,1747647678178
counter/6/0/0/0,14025:1747647661216:,1747647678178
counter/1/0/0/0,15271:1747647661811:,1747647678178
counter/1/0/0/0,15272:1747647661811:,1747647678178
counter/1/0/0/0,15273:1747647661811:,1747647678178
counter/1/0/0/0,15274:1747647661811:,1747647678178
counter/1/0/0/0,15275:1747647661811:,1747647678178
counter/4/0/0/0,14254:1747647662485:,1747647678178
counter/4/0/0/0,14255:1747647662485:,1747647678178
counter/4/0/0/0,14256:1747647662485:,1747647678178
counter/4/0/0/0,14257:1747647662485:,1747647678178
counter/4/0/0/0,14258:1747647662485:,1747647678178
counter/4/0/0/0,14259:1747647662485:,1747647678178
counter/4/0/0/0,14260:1747647662485:,1747647678178
counter/4/0/0/0,14261:1747647662485:,1747647678178
counter/4/0/0/0,14262:1747647662485:,1747647678178
counter/4/0/0/0,14263:1747647662485:,1747647678178
counter/4/0/0/0,14264:1747647662485:,1747647678178
counter/4/0/0/0,14265:1747647662491:,1747647678178
counter/4/0/0/0,14266:1747647662514:,1747647678178
counter/4/0/0/0,14267:1747647662514:,1747647678179
counter/10/0/0/0,13285:1747647660689:,1747647678179
counter/7/0/0/0,14003:1747647660878:,1747647678179
counter/4/0/0/0,14268:1747647662514:,1747647678179
counter/1/0/0/0,15276:1747647661811:,1747647678180
counter/1/0/0/0,15277:1747647661811:,1747647678180
counter/1/0/0/0,15278:1747647661811:,1747647678180
counter/4/0/0/0,14269:1747647662514:,1747647678182
counter/4/0/0/0,14270:1747647662514:,1747647678182
counter/4/0/0/0,14271:1747647662514:,1747647678182
counter/4/0/0/0,14272:1747647662514:,1747647678182
counter/4/0/0/0,14273:1747647662515:,1747647678182
counter/4/0/0/0,14274:1747647662515:,1747647678182
counter/4/0/0/0,14275:1747647662515:,1747647678182
counter/2/0/0/0,14041:1747647660591:,1747647678182
counter/4/0/0/0,14276:1747647662515:,1747647678182
counter/6/0/0/0,14026:1747647661216:,1747647678182
counter/4/0/0/0,14277:1747647662515:,1747647678182
counter/6/0/0/0,14027:1747647661216:,1747647678182
counter/4/0/0/0,14278:1747647662515:,1747647678182
counter/6/0/0/0,14028:1747647661216:,1747647678182
counter/4/0/0/0,14279:1747647662515:,1747647678182
counter/6/0/0/0,14029:1747647661216:,1747647678182
counter/6/0/0/0,14030:1747647661216:,1747647678182
counter/6/0/0/0,14031:1747647661216:,1747647678182
counter/6/0/0/0,14032:1747647661216:,1747647678182
counter/8/0/0/0,14293:1747647660645:,1747647678183
counter/1/0/0/0,15279:1747647661811:,1747647678183
counter/8/0/0/0,14294:1747647660646:,1747647678183
counter/6/0/0/0,14033:1747647661216:,1747647678183
counter/8/0/0/0,14295:1747647660646:,1747647678183
counter/8/0/0/0,14296:1747647660646:,1747647678183
counter/8/0/0/0,14297:1747647660646:,1747647678183
counter/8/0/0/0,14298:1747647660646:,1747647678183
counter/4/0/0/0,14280:1747647662515:,1747647678183
counter/4/0/0/0,14281:1747647662515:,1747647678184
counter/4/0/0/0,14282:1747647662515:,1747647678184
counter/4/0/0/0,14283:1747647662515:,1747647678184
counter/4/0/0/0,14284:1747647662515:,1747647678184
counter/1/0/0/0,15280:1747647661811:,1747647678184
counter/5/0/0/0,14045:1747647660668:,1747647678185
counter/5/0/0/0,14046:1747647660668:,1747647678185
counter/5/0/0/0,14047:1747647660668:,1747647678185
counter/5/0/0/0,14048:1747647660668:,1747647678185
counter/5/0/0/0,14049:1747647660668:,1747647678185
counter/5/0/0/0,14050:1747647660669:,1747647678185
counter/5/0/0/0,14051:1747647660669:,1747647678185
counter/5/0/0/0,14052:1747647660669:,1747647678185
counter/6/0/0/0,14034:1747647661216:,1747647678187
counter/10/0/0/0,13286:1747647660697:,1747647678187
counter/10/0/0/0,13287:1747647660697:,1747647678187
counter/10/0/0/0,13288:1747647660697:,1747647678187
counter/10/0/0/0,13289:1747647660697:,1747647678187
counter/10/0/0/0,13290:1747647660697:,1747647678187
counter/10/0/0/0,13291:1747647660697:,1747647678187
counter/10/0/0/0,13292:1747647660697:,1747647678188
counter/10/0/0/0,13293:1747647660697:,1747647678188
counter/10/0/0/0,13294:1747647660697:,1747647678188
counter/10/0/0/0,13295:1747647660697:,1747647678188
counter/7/0/0/0,14004:1747647660878:,1747647678189
counter/9/0/0/0,14676:1747647660775:,1747647678189
counter/9/0/0/0,14677:1747647660775:,1747647678189
counter/9/0/0/0,14678:1747647660775:,1747647678189
counter/9/0/0/0,14679:1747647660775:,1747647678189
counter/9/0/0/0,14680:1747647660775:,1747647678189
counter/9/0/0/0,14681:1747647660775:,1747647678189
counter/9/0/0/0,14682:1747647660775:,1747647678190
counter/6/0/0/0,14035:1747647661216:,1747647678190
counter/9/0/0/0,14683:1747647660776:,1747647678190
counter/1/0/0/0,15281:1747647661812:,1747647678191
counter/5/0/0/0,14053:1747647660669:,1747647678192
counter/9/0/0/0,14684:1747647660776:,1747647678192
counter/9/0/0/0,14685:1747647660776:,1747647678192
counter/9/0/0/0,14686:1747647660776:,1747647678192
counter/9/0/0/0,14687:1747647660776:,1747647678192
counter/9/0/0/0,14688:1747647660776:,1747647678192
counter/9/0/0/0,14689:1747647660776:,1747647678193
counter/4/0/0/0,14285:1747647662515:,1747647678193
counter/4/0/0/0,14286:1747647662515:,1747647678193
counter/4/0/0/0,14287:1747647662515:,1747647678193
counter/4/0/0/0,14288:1747647662515:,1747647678193
counter/4/0/0/0,14289:1747647662517:,1747647678193
counter/4/0/0/0,14290:1747647662517:,1747647678193
counter/4/0/0/0,14291:1747647662517:,1747647678193
counter/4/0/0/0,14292:1747647662517:,1747647678193
counter/4/0/0/0,14293:1747647662517:,1747647678195
counter/4/0/0/0,14294:1747647662517:,1747647678195
counter/4/0/0/0,14295:1747647662517:,1747647678195
counter/4/0/0/0,14296:1747647662517:,1747647678195
counter/4/0/0/0,14297:1747647662517:,1747647678195
counter/4/0/0/0,14298:1747647662517:,1747647678195
counter/4/0/0/0,14299:1747647662517:,1747647678195
counter/4/0/0/0,14300:1747647662517:,1747647678195
counter/4/0/0/0,14301:1747647662527:,1747647678195
counter/4/0/0/0,14302:1747647662527:,1747647678195
counter/4/0/0/0,14303:1747647662527:,1747647678195
counter/8/0/0/0,14299:1747647660646:,1747647678196
counter/8/0/0/0,14300:1747647660646:,1747647678196
counter/8/0/0/0,14301:1747647660646:,1747647678196
counter/8/0/0/0,14302:1747647660646:,1747647678196
counter/8/0/0/0,14303:1747647660646:,1747647678196
counter/2/0/0/0,14042:1747647660591:,1747647678199
counter/8/0/0/0,14304:1747647660646:,1747647678199
counter/5/0/0/0,14054:1747647660669:,1747647678199
counter/5/0/0/0,14055:1747647660669:,1747647678199
counter/4/0/0/0,14304:1747647662527:,1747647678199
counter/4/0/0/0,14305:1747647662527:,1747647678199
counter/1/0/0/0,15282:1747647661812:,1747647678199
counter/9/0/0/0,14690:1747647660776:,1747647678199
counter/9/0/0/0,14691:1747647660776:,1747647678199
counter/9/0/0/0,14692:1747647660778:,1747647678199
counter/9/0/0/0,14693:1747647660778:,1747647678199
counter/3/0/0/0,15048:1747647662737:,1747647678199
counter/6/0/0/0,14036:1747647661216:,1747647678199
counter/6/0/0/0,14037:1747647661216:,1747647678199
counter/6/0/0/0,14038:1747647661217:,1747647678199
counter/6/0/0/0,14039:1747647661217:,1747647678200
counter/6/0/0/0,14040:1747647661222:,1747647678200
counter/6/0/0/0,14041:1747647661222:,1747647678200
counter/6/0/0/0,14042:1747647661222:,1747647678200
counter/6/0/0/0,14043:1747647661231:,1747647678200
counter/7/0/0/0,14005:1747647660878:,1747647678200
counter/5/0/0/0,14056:1747647660669:,1747647678200
counter/7/0/0/0,14006:1747647660881:,1747647678200
counter/1/0/0/0,15283:1747647661813:,1747647678200
counter/1/0/0/0,15284:1747647661813:,1747647678200
counter/1/0/0/0,15285:1747647661813:,1747647678200
counter/1/0/0/0,15286:1747647661813:,1747647678200
counter/9/0/0/0,14694:1747647660778:,1747647678200
counter/1/0/0/0,15287:1747647661813:,1747647678202
counter/4/0/0/0,14306:1747647662528:,1747647678202
counter/9/0/0/0,14695:1747647660778:,1747647678203
counter/9/0/0/0,14696:1747647660778:,1747647678204
counter/9/0/0/0,14697:1747647660792:,1747647678204
counter/9/0/0/0,14698:1747647660798:,1747647678204
counter/9/0/0/0,14699:1747647660798:,1747647678204
counter/9/0/0/0,14700:1747647660798:,1747647678204
counter/6/0/0/0,14044:1747647661231:,1747647678205
counter/3/0/0/0,15049:1747647662738:,1747647678205
counter/3/0/0/0,15050:1747647662738:,1747647678205
counter/3/0/0/0,15051:1747647662738:,1747647678205
counter/3/0/0/0,15052:1747647662740:,1747647678205
counter/3/0/0/0,15053:1747647662740:,1747647678205
counter/3/0/0/0,15054:1747647662741:,1747647678205
counter/2/0/0/0,14043:1747647660591:,1747647678205
counter/3/0/0/0,15055:1747647662741:,1747647678205
counter/3/0/0/0,15056:1747647662741:,1747647678205
counter/9/0/0/0,14701:1747647660798:,1747647678205
counter/9/0/0/0,14702:1747647660798:,1747647678206
counter/9/0/0/0,14703:1747647660798:,1747647678206
counter/9/0/0/0,14704:1747647660798:,1747647678206
counter/9/0/0/0,14705:1747647660798:,1747647678206
counter/3/0/0/0,15057:1747647662741:,1747647678206
counter/9/0/0/0,14706:1747647660798:,1747647678207
counter/9/0/0/0,14707:1747647660800:,1747647678207
counter/9/0/0/0,14708:1747647660801:,1747647678207
counter/9/0/0/0,14709:1747647660801:,1747647678207
counter/9/0/0/0,14710:1747647660801:,1747647678207
counter/9/0/0/0,14711:1747647660801:,1747647678207
counter/6/0/0/0,14045:1747647661231:,1747647678207
counter/6/0/0/0,14046:1747647661231:,1747647678207
counter/3/0/0/0,15058:1747647662741:,1747647678207
counter/7/0/0/0,14007:1747647660881:,1747647678208
counter/1/0/0/0,15288:1747647661813:,1747647678208
counter/1/0/0/0,15289:1747647661813:,1747647678208
counter/1/0/0/0,15290:1747647661813:,1747647678208
counter/4/0/0/0,14307:1747647662529:,1747647678208
counter/4/0/0/0,14308:1747647662529:,1747647678208
counter/9/0/0/0,14712:1747647660801:,1747647678208
counter/9/0/0/0,14713:1747647660801:,1747647678208
counter/10/0/0/0,13296:1747647660697:,1747647678208
counter/10/0/0/0,13297:1747647660697:,1747647678208
counter/10/0/0/0,13298:1747647660697:,1747647678208
counter/10/0/0/0,13299:1747647660697:,1747647678208
counter/10/0/0/0,13300:1747647660697:,1747647678208
counter/10/0/0/0,13301:1747647660697:,1747647678208
counter/10/0/0/0,13302:1747647660697:,1747647678208
counter/6/0/0/0,14047:1747647661231:,1747647678209
counter/8/0/0/0,14305:1747647660646:,1747647678209
counter/8/0/0/0,14306:1747647660646:,1747647678209
counter/8/0/0/0,14307:1747647660646:,1747647678209
counter/8/0/0/0,14308:1747647660646:,1747647678209
counter/8/0/0/0,14309:1747647660646:,1747647678209
counter/8/0/0/0,14310:1747647660646:,1747647678209
counter/8/0/0/0,14311:1747647660646:,1747647678210
counter/6/0/0/0,14048:1747647661231:,1747647678210
counter/6/0/0/0,14049:1747647661231:,1747647678211
counter/6/0/0/0,14050:1747647661231:,1747647678211
counter/8/0/0/0,14312:1747647660646:,1747647678211
counter/6/0/0/0,14051:1747647661231:,1747647678211
counter/7/0/0/0,14008:1747647660881:,1747647678211
counter/1/0/0/0,15291:1747647661813:,1747647678211
counter/1/0/0/0,15292:1747647661816:,1747647678211
counter/1/0/0/0,15293:1747647661816:,1747647678211
counter/1/0/0/0,15294:1747647661816:,1747647678211
counter/1/0/0/0,15295:1747647661816:,1747647678211
counter/1/0/0/0,15296:1747647661819:,1747647678211
counter/1/0/0/0,15297:1747647661822:,1747647678211
counter/1/0/0/0,15298:1747647661823:,1747647678211
counter/1/0/0/0,15299:1747647661823:,1747647678211
counter/9/0/0/0,14714:1747647660807:,1747647678211
counter/4/0/0/0,14309:1747647662529:,1747647678212
counter/4/0/0/0,14310:1747647662529:,1747647678212
counter/4/0/0/0,14311:1747647662529:,1747647678213
counter/4/0/0/0,14312:1747647662529:,1747647678213
counter/2/0/0/0,14044:1747647660591:,1747647678213
counter/2/0/0/0,14045:1747647660591:,1747647678213
counter/2/0/0/0,14046:1747647660591:,1747647678213
counter/2/0/0/0,14047:1747647660591:,1747647678213
counter/2/0/0/0,14048:1747647660591:,1747647678213
counter/2/0/0/0,14049:1747647660591:,1747647678213
counter/2/0/0/0,14050:1747647660591:,1747647678213
counter/5/0/0/0,14057:1747647660669:,1747647678213
counter/2/0/0/0,14051:1747647660591:,1747647678214
counter/2/0/0/0,14052:1747647660591:,1747647678214
counter/2/0/0/0,14053:1747647660591:,1747647678214
counter/2/0/0/0,14054:1747647660591:,1747647678214
counter/2/0/0/0,14055:1747647660591:,1747647678214
counter/2/0/0/0,14056:1747647660591:,1747647678214
counter/2/0/0/0,14057:1747647660591:,1747647678214
counter/2/0/0/0,14058:1747647660591:,1747647678215
counter/2/0/0/0,14059:1747647660591:,1747647678215
counter/10/0/0/0,13303:1747647660697:,1747647678215
counter/10/0/0/0,13304:1747647660702:,1747647678215
counter/10/0/0/0,13305:1747647660714:,1747647678215
counter/10/0/0/0,13306:1747647660734:,1747647678215
counter/10/0/0/0,13307:1747647660737:,1747647678215
counter/10/0/0/0,13308:1747647660737:,1747647678215
counter/10/0/0/0,13309:1747647660737:,1747647678215
counter/10/0/0/0,13310:1747647660738:,1747647678215
counter/10/0/0/0,13311:1747647660738:,1747647678215
counter/10/0/0/0,13312:1747647660738:,1747647678215
counter/10/0/0/0,13313:1747647660738:,1747647678215
counter/10/0/0/0,13314:1747647660738:,1747647678215
counter/10/0/0/0,13315:1747647660738:,1747647678216
counter/10/0/0/0,13316:1747647660738:,1747647678216
counter/10/0/0/0,13317:1747647660738:,1747647678216
counter/10/0/0/0,13318:1747647660738:,1747647678216
counter/10/0/0/0,13319:1747647660738:,1747647678216
counter/10/0/0/0,13320:1747647660738:,1747647678216
counter/10/0/0/0,13321:1747647660738:,1747647678216
counter/6/0/0/0,14052:1747647661231:,1747647678216
counter/6/0/0/0,14053:1747647661236:,1747647678216
counter/4/0/0/0,14313:1747647662529:,1747647678216
counter/3/0/0/0,15059:1747647662741:,1747647678216
counter/3/0/0/0,15060:1747647662741:,1747647678216
counter/2/0/0/0,14060:1747647660592:,1747647678216
counter/7/0/0/0,14009:1747647660881:,1747647678216
counter/8/0/0/0,14313:1747647660646:,1747647678216
counter/7/0/0/0,14010:1747647660881:,1747647678216
counter/9/0/0/0,14715:1747647660807:,1747647678216
counter/4/0/0/0,14314:1747647662529:,1747647678217
counter/5/0/0/0,14058:1747647660669:,1747647678217
counter/8/0/0/0,14314:1747647660646:,1747647678217
counter/8/0/0/0,14315:1747647660646:,1747647678217
counter/8/0/0/0,14316:1747647660646:,1747647678217
counter/8/0/0/0,14317:1747647660646:,1747647678217
counter/8/0/0/0,14318:1747647660646:,1747647678218
counter/7/0/0/0,14011:1747647660881:,1747647678218
counter/3/0/0/0,15061:1747647662741:,1747647678218
counter/9/0/0/0,14716:1747647660807:,1747647678218
counter/9/0/0/0,14717:1747647660807:,1747647678218
counter/9/0/0/0,14718:1747647660807:,1747647678218
counter/9/0/0/0,14719:1747647660807:,1747647678218
counter/9/0/0/0,14720:1747647660807:,1747647678218
counter/9/0/0/0,14721:1747647660807:,1747647678218
counter/9/0/0/0,14722:1747647660807:,1747647678218
counter/9/0/0/0,14723:1747647660807:,1747647678218
counter/9/0/0/0,14724:1747647660809:,1747647678218
counter/9/0/0/0,14725:1747647660810:,1747647678219
counter/5/0/0/0,14059:1747647660669:,1747647678219
counter/9/0/0/0,14726:1747647660810:,1747647678219
counter/10/0/0/0,13322:1747647660738:,1747647678219
counter/9/0/0/0,14727:1747647660810:,1747647678219
counter/10/0/0/0,13323:1747647660738:,1747647678219
counter/10/0/0/0,13324:1747647660738:,1747647678219
counter/10/0/0/0,13325:1747647660738:,1747647678219
counter/10/0/0/0,13326:1747647660738:,1747647678219
counter/10/0/0/0,13327:1747647660738:,1747647678219
counter/10/0/0/0,13328:1747647660738:,1747647678219
counter/10/0/0/0,13329:1747647660738:,1747647678220
counter/10/0/0/0,13330:1747647660738:,1747647678220
counter/10/0/0/0,13331:1747647660738:,1747647678220
counter/10/0/0/0,13332:1747647660738:,1747647678220
counter/10/0/0/0,13333:1747647660738:,1747647678220
counter/10/0/0/0,13334:1747647660738:,1747647678220
counter/10/0/0/0,13335:1747647660738:,1747647678220
counter/2/0/0/0,14061:1747647660592:,1747647678220
counter/2/0/0/0,14062:1747647660592:,1747647678220
counter/2/0/0/0,14063:1747647660592:,1747647678220
counter/2/0/0/0,14064:1747647660592:,1747647678220
counter/2/0/0/0,14065:1747647660592:,1747647678220
counter/2/0/0/0,14066:1747647660592:,1747647678220
counter/2/0/0/0,14067:1747647660596:,1747647678220
counter/2/0/0/0,14068:1747647660596:,1747647678220
counter/2/0/0/0,14069:1747647660596:,1747647678220
counter/2/0/0/0,14070:1747647660596:,1747647678220
counter/2/0/0/0,14071:1747647660596:,1747647678220
counter/2/0/0/0,14072:1747647660596:,1747647678221
counter/2/0/0/0,14073:1747647660596:,1747647678221
counter/2/0/0/0,14074:1747647660596:,1747647678221
counter/6/0/0/0,14054:1747647661236:,1747647678221
counter/2/0/0/0,14075:1747647660600:,1747647678221
counter/6/0/0/0,14055:1747647661236:,1747647678221
counter/6/0/0/0,14056:1747647661236:,1747647678221
counter/6/0/0/0,14057:1747647661236:,1747647678221
counter/6/0/0/0,14058:1747647661257:,1747647678221
counter/6/0/0/0,14059:1747647661257:,1747647678221
counter/6/0/0/0,14060:1747647661257:,1747647678221
counter/6/0/0/0,14061:1747647661257:,1747647678221
counter/6/0/0/0,14062:1747647661257:,1747647678221
counter/8/0/0/0,14319:1747647660646:,1747647678221
counter/4/0/0/0,14315:1747647662529:,1747647678222
counter/9/0/0/0,14728:1747647660810:,1747647678222
counter/2/0/0/0,14076:1747647660600:,1747647678222
counter/2/0/0/0,14077:1747647660615:,1747647678222
counter/2/0/0/0,14078:1747647660619:,1747647678222
counter/2/0/0/0,14079:1747647660619:,1747647678222
counter/10/0/0/0,13336:1747647660738:,1747647678222
counter/5/0/0/0,14060:1747647660669:,1747647678222
counter/5/0/0/0,14061:1747647660669:,1747647678222
counter/6/0/0/0,14063:1747647661257:,1747647678222
counter/6/0/0/0,14064:1747647661257:,1747647678222
counter/6/0/0/0,14065:1747647661266:,1747647678222
counter/8/0/0/0,14320:1747647660648:,1747647678222
counter/4/0/0/0,14316:1747647662529:,1747647678222
counter/3/0/0/0,15062:1747647662741:,1747647678222
counter/7/0/0/0,14012:1747647660883:,1747647678222
counter/3/0/0/0,15063:1747647662741:,1747647678222
counter/6/0/0/0,14066:1747647661266:,1747647678222
counter/1/0/0/0,15300:1747647661823:,1747647678224
counter/3/0/0/0,15064:1747647662741:,1747647678224
counter/8/0/0/0,14321:1747647660648:,1747647678224
counter/6/0/0/0,14067:1747647661266:,1747647678224
counter/6/0/0/0,14068:1747647661266:,1747647678224
counter/6/0/0/0,14069:1747647661266:,1747647678225
counter/6/0/0/0,14070:1747647661266:,1747647678225
counter/4/0/0/0,14317:1747647662545:,1747647678225
counter/9/0/0/0,14729:1747647660810:,1747647678225
counter/1/0/0/0,15301:1747647661823:,1747647678226
counter/1/0/0/0,15302:1747647661827:,1747647678226
counter/1/0/0/0,15303:1747647661827:,1747647678226
counter/1/0/0/0,15304:1747647661827:,1747647678226
counter/1/0/0/0,15305:1747647661827:,1747647678226
counter/10/0/0/0,13337:1747647660738:,1747647678226
counter/5/0/0/0,14062:1747647660669:,1747647678226
counter/2/0/0/0,14080:1747647660627:,1747647678226
counter/2/0/0/0,14081:1747647660627:,1747647678226
counter/2/0/0/0,14082:1747647660627:,1747647678226
counter/2/0/0/0,14083:1747647660628:,1747647678226
counter/10/0/0/0,13338:1747647660738:,1747647678226
counter/8/0/0/0,14322:1747647660653:,1747647678226
counter/8/0/0/0,14323:1747647660656:,1747647678226
counter/9/0/0/0,14730:1747647660810:,1747647678228
counter/2/0/0/0,14084:1747647660628:,1747647678228
counter/2/0/0/0,14085:1747647660628:,1747647678228
counter/2/0/0/0,14086:1747647660628:,1747647678228
counter/5/0/0/0,14063:1747647660669:,1747647678229
counter/5/0/0/0,14064:1747647660669:,1747647678229
counter/5/0/0/0,14065:1747647660669:,1747647678229
counter/5/0/0/0,14066:1747647660669:,1747647678229
counter/5/0/0/0,14067:1747647660670:,1747647678229
counter/5/0/0/0,14068:1747647660670:,1747647678229
counter/5/0/0/0,14069:1747647660670:,1747647678229
counter/5/0/0/0,14070:1747647660670:,1747647678229
counter/5/0/0/0,14071:1747647660670:,1747647678229
counter/8/0/0/0,14324:1747647660656:,1747647678229
counter/8/0/0/0,14325:1747647660656:,1747647678229
counter/8/0/0/0,14326:1747647660656:,1747647678230
counter/8/0/0/0,14327:1747647660656:,1747647678230
counter/8/0/0/0,14328:1747647660656:,1747647678230
counter/4/0/0/0,14318:1747647662545:,1747647678230
counter/1/0/0/0,15306:1747647661827:,1747647678230
counter/1/0/0/0,15307:1747647661829:,1747647678230
counter/3/0/0/0,15065:1747647662742:,1747647678230
counter/1/0/0/0,15308:1747647661829:,1747647678230
counter/5/0/0/0,14072:1747647660670:,1747647678230
counter/4/0/0/0,14319:1747647662545:,1747647678230
counter/3/0/0/0,15066:1747647662742:,1747647678230
counter/7/0/0/0,14013:1747647660883:,1747647678231
counter/7/0/0/0,14014:1747647660883:,1747647678231
counter/7/0/0/0,14015:1747647660883:,1747647678231
counter/7/0/0/0,14016:1747647660883:,1747647678231
counter/7/0/0/0,14017:1747647660884:,1747647678231
counter/7/0/0/0,14018:1747647660884:,1747647678231
counter/9/0/0/0,14731:1747647660810:,1747647678232
counter/9/0/0/0,14732:1747647660810:,1747647678232
counter/9/0/0/0,14733:1747647660810:,1747647678232
counter/9/0/0/0,14734:1747647660810:,1747647678232
counter/9/0/0/0,14735:1747647660810:,1747647678232
counter/9/0/0/0,14736:1747647660810:,1747647678232
counter/9/0/0/0,14737:1747647660810:,1747647678232
counter/9/0/0/0,14738:1747647660810:,1747647678232
counter/9/0/0/0,14739:1747647660810:,1747647678233
counter/6/0/0/0,14071:1747647661266:,1747647678233
counter/6/0/0/0,14072:1747647661267:,1747647678233
counter/6/0/0/0,14073:1747647661267:,1747647678233
counter/6/0/0/0,14074:1747647661267:,1747647678233
counter/6/0/0/0,14075:1747647661267:,1747647678233
counter/6/0/0/0,14076:1747647661267:,1747647678233
counter/8/0/0/0,14329:1747647660656:,1747647678233
counter/1/0/0/0,15309:1747647661829:,1747647678233
counter/3/0/0/0,15067:1747647662742:,1747647678233
counter/1/0/0/0,15310:1747647661829:,1747647678233
counter/1/0/0/0,15311:1747647661829:,1747647678233
counter/1/0/0/0,15312:1747647661829:,1747647678233
counter/1/0/0/0,15313:1747647661841:,1747647678233
counter/1/0/0/0,15314:1747647661841:,1747647678233
counter/1/0/0/0,15315:1747647661857:,1747647678233
counter/1/0/0/0,15316:1747647661857:,1747647678233
counter/1/0/0/0,15317:1747647661857:,1747647678234
counter/1/0/0/0,15318:1747647661857:,1747647678234
counter/1/0/0/0,15319:1747647661857:,1747647678234
counter/1/0/0/0,15320:1747647661857:,1747647678234
counter/1/0/0/0,15321:1747647661857:,1747647678234
counter/1/0/0/0,15322:1747647661857:,1747647678234
counter/10/0/0/0,13339:1747647660738:,1747647678235
counter/3/0/0/0,15068:1747647662742:,1747647678235
counter/3/0/0/0,15069:1747647662742:,1747647678235
counter/3/0/0/0,15070:1747647662742:,1747647678235
counter/3/0/0/0,15071:1747647662742:,1747647678235
counter/3/0/0/0,15072:1747647662742:,1747647678235
counter/3/0/0/0,15073:1747647662742:,1747647678235
counter/3/0/0/0,15074:1747647662747:,1747647678235
counter/3/0/0/0,15075:1747647662747:,1747647678235
counter/3/0/0/0,15076:1747647662747:,1747647678235
counter/8/0/0/0,14330:1747647660656:,1747647678237
counter/10/0/0/0,13340:1747647660738:,1747647678237
counter/8/0/0/0,14331:1747647660669:,1747647678237
counter/10/0/0/0,13341:1747647660738:,1747647678237
counter/10/0/0/0,13342:1747647660738:,1747647678237
counter/10/0/0/0,13343:1747647660738:,1747647678237
counter/10/0/0/0,13344:1747647660738:,1747647678237
counter/10/0/0/0,13345:1747647660738:,1747647678237
counter/7/0/0/0,14019:1747647660884:,1747647678237
counter/1/0/0/0,15323:1747647661857:,1747647678237
counter/7/0/0/0,14020:1747647660884:,1747647678238
counter/1/0/0/0,15324:1747647661857:,1747647678238
counter/1/0/0/0,15325:1747647661857:,1747647678238
counter/1/0/0/0,15326:1747647661866:,1747647678238
counter/1/0/0/0,15327:1747647661866:,1747647678238
counter/10/0/0/0,13346:1747647660738:,1747647678238
counter/2/0/0/0,14087:1747647660629:,1747647678239
counter/3/0/0/0,15077:1747647662747:,1747647678240
counter/10/0/0/0,13347:1747647660738:,1747647678240
counter/1/0/0/0,15328:1747647661866:,1747647678241
counter/10/0/0/0,13348:1747647660738:,1747647678242
counter/2/0/0/0,14088:1747647660629:,1747647678244
counter/6/0/0/0,14077:1747647661267:,1747647678244
counter/9/0/0/0,14740:1747647660811:,1747647678244
counter/6/0/0/0,14078:1747647661267:,1747647678245
counter/6/0/0/0,14079:1747647661267:,1747647678245
counter/6/0/0/0,14080:1747647661267:,1747647678245
counter/6/0/0/0,14081:1747647661267:,1747647678245
counter/6/0/0/0,14082:1747647661267:,1747647678245
counter/6/0/0/0,14083:1747647661267:,1747647678245
counter/6/0/0/0,14084:1747647661267:,1747647678245
counter/8/0/0/0,14332:1747647660669:,1747647678245
counter/8/0/0/0,14333:1747647660669:,1747647678245
counter/8/0/0/0,14334:1747647660669:,1747647678246
counter/8/0/0/0,14335:1747647660678:,1747647678246
counter/8/0/0/0,14336:1747647660678:,1747647678246
counter/9/0/0/0,14741:1747647660811:,1747647678247
counter/10/0/0/0,13349:1747647660739:,1747647678247
counter/10/0/0/0,13350:1747647660739:,1747647678247
counter/8/0/0/0,14337:1747647660678:,1747647678247
counter/6/0/0/0,14085:1747647661267:,1747647678247
counter/8/0/0/0,14338:1747647660678:,1747647678247
counter/8/0/0/0,14339:1747647660678:,1747647678247
counter/8/0/0/0,14340:1747647660682:,1747647678247
counter/8/0/0/0,14341:1747647660682:,1747647678247
counter/9/0/0/0,14742:1747647660811:,1747647678247
counter/9/0/0/0,14743:1747647660811:,1747647678247
counter/9/0/0/0,14744:1747647660811:,1747647678247
counter/9/0/0/0,14745:1747647660811:,1747647678247
counter/9/0/0/0,14746:1747647660811:,1747647678248
counter/9/0/0/0,14747:1747647660811:,1747647678248
counter/9/0/0/0,14748:1747647660811:,1747647678248
counter/9/0/0/0,14749:1747647660811:,1747647678248
counter/7/0/0/0,14021:1747647660884:,1747647678248
counter/5/0/0/0,14073:1747647660670:,1747647678248
counter/2/0/0/0,14089:1747647660629:,1747647678248
counter/5/0/0/0,14074:1747647660670:,1747647678248
counter/6/0/0/0,14086:1747647661267:,1747647678248
counter/5/0/0/0,14075:1747647660670:,1747647678249
counter/10/0/0/0,13351:1747647660739:,1747647678250
counter/3/0/0/0,15078:1747647662747:,1747647678250
counter/3/0/0/0,15079:1747647662747:,1747647678250
counter/3/0/0/0,15080:1747647662747:,1747647678250
counter/3/0/0/0,15081:1747647662747:,1747647678251
counter/3/0/0/0,15082:1747647662748:,1747647678251
counter/3/0/0/0,15083:1747647662748:,1747647678251
counter/3/0/0/0,15084:1747647662748:,1747647678251
counter/3/0/0/0,15085:1747647662767:,1747647678251
counter/3/0/0/0,15086:1747647662767:,1747647678251
counter/3/0/0/0,15087:1747647662767:,1747647678251
counter/3/0/0/0,15088:1747647662767:,1747647678251
counter/3/0/0/0,15089:1747647662767:,1747647678251
counter/4/0/0/0,14320:1747647662545:,1747647678251
counter/8/0/0/0,14342:1747647660684:,1747647678251
counter/1/0/0/0,15329:1747647661866:,1747647678251
counter/1/0/0/0,15330:1747647661866:,1747647678251
counter/1/0/0/0,15331:1747647661866:,1747647678251
counter/1/0/0/0,15332:1747647661866:,1747647678251
counter/1/0/0/0,15333:1747647661866:,1747647678252
counter/1/0/0/0,15334:1747647661870:,1747647678252
counter/1/0/0/0,15335:1747647661870:,1747647678252
counter/7/0/0/0,14022:1747647660884:,1747647678252
counter/8/0/0/0,14343:1747647660684:,1747647678253
counter/1/0/0/0,15336:1747647661870:,1747647678253
counter/2/0/0/0,14090:1747647660629:,1747647678253
counter/1/0/0/0,15337:1747647661887:,1747647678255
counter/2/0/0/0,14091:1747647660634:,1747647678255
counter/7/0/0/0,14023:1747647660884:,1747647678255
counter/7/0/0/0,14024:1747647660884:,1747647678255
counter/7/0/0/0,14025:1747647660884:,1747647678255
counter/7/0/0/0,14026:1747647660884:,1747647678255
counter/6/0/0/0,14087:1747647661267:,1747647678255
counter/7/0/0/0,14027:1747647660884:,1747647678255
counter/6/0/0/0,14088:1747647661267:,1747647678255
counter/7/0/0/0,14028:1747647660884:,1747647678255
counter/6/0/0/0,14089:1747647661267:,1747647678255
counter/6/0/0/0,14090:1747647661267:,1747647678255
counter/6/0/0/0,14091:1747647661267:,1747647678255
counter/9/0/0/0,14750:1747647660811:,1747647678255
counter/5/0/0/0,14076:1747647660670:,1747647678256
counter/7/0/0/0,14029:1747647660884:,1747647678257
counter/1/0/0/0,15338:1747647661887:,1747647678257
counter/1/0/0/0,15339:1747647661887:,1747647678257
counter/1/0/0/0,15340:1747647661887:,1747647678258
counter/5/0/0/0,14077:1747647660670:,1747647678258
counter/1/0/0/0,15341:1747647661887:,1747647678258
counter/1/0/0/0,15342:1747647661887:,1747647678258
counter/7/0/0/0,14030:1747647660884:,1747647678258
counter/7/0/0/0,14031:1747647660884:,1747647678258
counter/7/0/0/0,14032:1747647660884:,1747647678258
counter/7/0/0/0,14033:1747647660884:,1747647678258
counter/7/0/0/0,14034:1747647660884:,1747647678258
counter/7/0/0/0,14035:1747647660884:,1747647678258
counter/7/0/0/0,14036:1747647660884:,1747647678258
counter/4/0/0/0,14321:1747647662546:,1747647678258
counter/4/0/0/0,14322:1747647662546:,1747647678258
counter/4/0/0/0,14323:1747647662566:,1747647678258
counter/4/0/0/0,14324:1747647662566:,1747647678259
counter/4/0/0/0,14325:1747647662566:,1747647678259
counter/7/0/0/0,14037:1747647660884:,1747647678259
counter/7/0/0/0,14038:1747647660887:,1747647678260
counter/7/0/0/0,14039:1747647660887:,1747647678260
counter/7/0/0/0,14040:1747647660887:,1747647678260
counter/7/0/0/0,14041:1747647660887:,1747647678260
counter/7/0/0/0,14042:1747647660887:,1747647678260
counter/8/0/0/0,14344:1747647660684:,1747647678260
counter/3/0/0/0,15090:1747647662767:,1747647678260
counter/8/0/0/0,14345:1747647660684:,1747647678260
counter/3/0/0/0,15091:1747647662767:,1747647678260
counter/1/0/0/0,15343:1747647661887:,1747647678260
counter/1/0/0/0,15344:1747647661887:,1747647678260
counter/1/0/0/0,15345:1747647661887:,1747647678260
counter/1/0/0/0,15346:1747647661890:,1747647678261
counter/1/0/0/0,15347:1747647661890:,1747647678261
counter/8/0/0/0,14346:1747647660684:,1747647678261
counter/8/0/0/0,14347:1747647660685:,1747647678261
counter/8/0/0/0,14348:1747647660685:,1747647678261
counter/8/0/0/0,14349:1747647660692:,1747647678261
counter/8/0/0/0,14350:1747647660692:,1747647678261
counter/8/0/0/0,14351:1747647660692:,1747647678261
counter/4/0/0/0,14326:1747647662566:,1747647678262
counter/5/0/0/0,14078:1747647660670:,1747647678262
counter/5/0/0/0,14079:1747647660670:,1747647678262
counter/2/0/0/0,14092:1747647660634:,1747647678262
counter/2/0/0/0,14093:1747647660634:,1747647678262
counter/2/0/0/0,14094:1747647660634:,1747647678262
counter/2/0/0/0,14095:1747647660636:,1747647678262
counter/2/0/0/0,14096:1747647660636:,1747647678262
counter/1/0/0/0,15348:1747647661890:,1747647678262
counter/10/0/0/0,13352:1747647660740:,1747647678262
counter/10/0/0/0,13353:1747647660740:,1747647678262
counter/6/0/0/0,14092:1747647661269:,1747647678264
counter/6/0/0/0,14093:1747647661269:,1747647678264
counter/6/0/0/0,14094:1747647661269:,1747647678264
counter/4/0/0/0,14327:1747647662566:,1747647678264
counter/4/0/0/0,14328:1747647662566:,1747647678264
counter/4/0/0/0,14329:1747647662566:,1747647678265
counter/2/0/0/0,14097:1747647660636:,1747647678265
counter/2/0/0/0,14098:1747647660636:,1747647678265
counter/2/0/0/0,14099:1747647660636:,1747647678265
counter/9/0/0/0,14751:1747647660812:,1747647678265
counter/9/0/0/0,14752:1747647660812:,1747647678265
counter/9/0/0/0,14753:1747647660812:,1747647678265
counter/9/0/0/0,14754:1747647660812:,1747647678265
counter/9/0/0/0,14755:1747647660812:,1747647678265
counter/9/0/0/0,14756:1747647660812:,1747647678265
counter/9/0/0/0,14757:1747647660812:,1747647678265
counter/9/0/0/0,14758:1747647660812:,1747647678265
counter/9/0/0/0,14759:1747647660816:,1747647678266
counter/3/0/0/0,15092:1747647662767:,1747647678266
counter/3/0/0/0,15093:1747647662767:,1747647678266
counter/3/0/0/0,15094:1747647662767:,1747647678266
counter/9/0/0/0,14760:1747647660817:,1747647678268
counter/9/0/0/0,14761:1747647660817:,1747647678269
counter/6/0/0/0,14095:1747647661269:,1747647678269
counter/6/0/0/0,14096:1747647661269:,1747647678269
counter/6/0/0/0,14097:1747647661270:,1747647678269
counter/4/0/0/0,14330:1747647662566:,1747647678269
counter/4/0/0/0,14331:1747647662566:,1747647678269
counter/4/0/0/0,14332:1747647662566:,1747647678269
counter/4/0/0/0,14333:1747647662566:,1747647678269
counter/1/0/0/0,15349:1747647661890:,1747647678270
counter/10/0/0/0,13354:1747647660740:,1747647678270
counter/3/0/0/0,15095:1747647662767:,1747647678276
counter/6/0/0/0,14098:1747647661270:,1747647678276
counter/6/0/0/0,14099:1747647661270:,1747647678276
counter/6/0/0/0,14100:1747647661270:,1747647678276
counter/6/0/0/0,14101:1747647661270:,1747647678276
counter/6/0/0/0,14102:1747647661270:,1747647678276
counter/6/0/0/0,14103:1747647661270:,1747647678276
counter/5/0/0/0,14080:1747647660670:,1747647678276
counter/5/0/0/0,14081:1747647660679:,1747647678276
counter/5/0/0/0,14082:1747647660680:,1747647678276
counter/5/0/0/0,14083:1747647660680:,1747647678276
counter/5/0/0/0,14084:1747647660680:,1747647678276
counter/5/0/0/0,14085:1747647660680:,1747647678276
counter/1/0/0/0,15350:1747647661890:,1747647678277
counter/10/0/0/0,13355:1747647660740:,1747647678277
counter/10/0/0/0,13356:1747647660740:,1747647678277
counter/10/0/0/0,13357:1747647660740:,1747647678277
counter/6/0/0/0,14104:1747647661270:,1747647678278
counter/6/0/0/0,14105:1747647661270:,1747647678278
counter/6/0/0/0,14106:1747647661270:,1747647678278
counter/6/0/0/0,14107:1747647661270:,1747647678278
counter/7/0/0/0,14043:1747647660887:,1747647678278
counter/6/0/0/0,14108:1747647661270:,1747647678278
counter/6/0/0/0,14109:1747647661270:,1747647678278
counter/9/0/0/0,14762:1747647660817:,1747647678278
counter/10/0/0/0,13358:1747647660740:,1747647678279
counter/1/0/0/0,15351:1747647661890:,1747647678279
counter/9/0/0/0,14763:1747647660817:,1747647678282
counter/9/0/0/0,14764:1747647660817:,1747647678282
counter/9/0/0/0,14765:1747647660817:,1747647678282
counter/9/0/0/0,14766:1747647660817:,1747647678282
counter/9/0/0/0,14767:1747647660817:,1747647678282
counter/9/0/0/0,14768:1747647660817:,1747647678282
counter/9/0/0/0,14769:1747647660817:,1747647678282
counter/4/0/0/0,14334:1747647662566:,1747647678282
counter/4/0/0/0,14335:1747647662566:,1747647678282
counter/4/0/0/0,14336:1747647662570:,1747647678282
counter/4/0/0/0,14337:1747647662570:,1747647678282
counter/6/0/0/0,14110:1747647661270:,1747647678283
counter/6/0/0/0,14111:1747647661270:,1747647678283
counter/4/0/0/0,14338:1747647662570:,1747647678283
counter/4/0/0/0,14339:1747647662570:,1747647678284
counter/4/0/0/0,14340:1747647662570:,1747647678284
counter/4/0/0/0,14341:1747647662580:,1747647678284
counter/4/0/0/0,14342:1747647662580:,1747647678284
counter/4/0/0/0,14343:1747647662580:,1747647678284
counter/4/0/0/0,14344:1747647662580:,1747647678284
counter/4/0/0/0,14345:1747647662583:,1747647678284
counter/4/0/0/0,14346:1747647662583:,1747647678284
counter/10/0/0/0,13359:1747647660740:,1747647678284
counter/1/0/0/0,15352:1747647661890:,1747647678285
counter/1/0/0/0,15353:1747647661890:,1747647678285
counter/1/0/0/0,15354:1747647662353:,1747647678285
counter/1/0/0/0,15355:1747647662361:,1747647678285
counter/1/0/0/0,15356:1747647662361:,1747647678285
counter/7/0/0/0,14044:1747647660887:,1747647678285
counter/1/0/0/0,15357:1747647662369:,1747647678285
counter/1/0/0/0,15358:1747647662371:,1747647678285
counter/1/0/0/0,15359:1747647662371:,1747647678285
counter/10/0/0/0,13360:1747647660740:,1747647678286
counter/8/0/0/0,14352:1747647660692:,1747647678286
counter/10/0/0/0,13361:1747647660740:,1747647678288
counter/5/0/0/0,14086:1747647660680:,1747647678289
counter/5/0/0/0,14087:1747647660680:,1747647678289
counter/5/0/0/0,14088:1747647660680:,1747647678289
counter/5/0/0/0,14089:1747647660680:,1747647678289
counter/5/0/0/0,14090:1747647660680:,1747647678289
counter/5/0/0/0,14091:1747647660680:,1747647678290
counter/5/0/0/0,14092:1747647660680:,1747647678290
counter/5/0/0/0,14093:1747647660687:,1747647678290
counter/5/0/0/0,14094:1747647660687:,1747647678290
counter/5/0/0/0,14095:1747647660687:,1747647678290
counter/5/0/0/0,14096:1747647660688:,1747647678290
counter/5/0/0/0,14097:1747647660688:,1747647678290
counter/10/0/0/0,13362:1747647660740:,1747647678290
counter/1/0/0/0,15360:1747647662371:,1747647678290
counter/1/0/0/0,15361:1747647662371:,1747647678290
counter/8/0/0/0,14353:1747647660692:,1747647678290
counter/1/0/0/0,15362:1747647662371:,1747647678290
counter/1/0/0/0,15363:1747647662371:,1747647678290
counter/1/0/0/0,15364:1747647662372:,1747647678290
counter/1/0/0/0,15365:1747647662376:,1747647678290
counter/1/0/0/0,15366:1747647662379:,1747647678291
counter/1/0/0/0,15367:1747647662381:,1747647678291
counter/1/0/0/0,15368:1747647662381:,1747647678291
counter/1/0/0/0,15369:1747647662385:,1747647678291
counter/2/0/0/0,14100:1747647660636:,1747647678291
counter/2/0/0/0,14101:1747647660636:,1747647678291
counter/2/0/0/0,14102:1747647660642:,1747647678291
counter/2/0/0/0,14103:1747647660648:,1747647678291
counter/2/0/0/0,14104:1747647660648:,1747647678291
counter/9/0/0/0,14770:1747647660817:,1747647678292
counter/5/0/0/0,14098:1747647660688:,1747647678295
counter/6/0/0/0,14112:1747647661272:,1747647678295
counter/5/0/0/0,14099:1747647660688:,1747647678295
counter/5/0/0/0,14100:1747647660688:,1747647678295
counter/5/0/0/0,14101:1747647660688:,1747647678295
counter/5/0/0/0,14102:1747647660688:,1747647678295
counter/5/0/0/0,14103:1747647660688:,1747647678295
counter/5/0/0/0,14104:1747647660688:,1747647678295
counter/3/0/0/0,15096:1747647662767:,1747647678296
counter/4/0/0/0,14347:1747647662583:,1747647678296
counter/8/0/0/0,14354:1747647660692:,1747647678296
counter/9/0/0/0,14771:1747647660817:,1747647678296
counter/9/0/0/0,14772:1747647660817:,1747647678296
counter/9/0/0/0,14773:1747647660818:,1747647678296
counter/9/0/0/0,14774:1747647660819:,1747647678296
counter/1/0/0/0,15370:1747647662387:,1747647678296
counter/1/0/0/0,15371:1747647662387:,1747647678296
counter/1/0/0/0,15372:1747647662387:,1747647678296
counter/1/0/0/0,15373:1747647662387:,1747647678296
counter/6/0/0/0,14113:1747647661272:,1747647678296
counter/5/0/0/0,14105:1747647660688:,1747647678297
counter/5/0/0/0,14106:1747647660688:,1747647678297
counter/5/0/0/0,14107:1747647660688:,1747647678297
counter/5/0/0/0,14108:1747647660688:,1747647678297
counter/5/0/0/0,14109:1747647660688:,1747647678298
counter/5/0/0/0,14110:1747647660688:,1747647678298
counter/5/0/0/0,14111:1747647660688:,1747647678298
counter/5/0/0/0,14112:1747647660688:,1747647678298
counter/5/0/0/0,14113:1747647660688:,1747647678298
counter/5/0/0/0,14114:1747647660688:,1747647678298
counter/5/0/0/0,14115:1747647660688:,1747647678298
counter/4/0/0/0,14348:1747647662583:,1747647678298
counter/4/0/0/0,14349:1747647662583:,1747647678298
counter/4/0/0/0,14350:1747647662584:,1747647678298
counter/4/0/0/0,14351:1747647662584:,1747647678298
counter/6/0/0/0,14114:1747647661272:,1747647678298
counter/4/0/0/0,14352:1747647662584:,1747647678298
counter/4/0/0/0,14353:1747647662585:,1747647678298
counter/4/0/0/0,14354:1747647662585:,1747647678298
counter/4/0/0/0,14355:1747647662585:,1747647678298
counter/4/0/0/0,14356:1747647662585:,1747647678299
counter/4/0/0/0,14357:1747647662585:,1747647678299
counter/9/0/0/0,14775:1747647660819:,1747647678299
counter/1/0/0/0,15374:1747647662387:,1747647678299
counter/2/0/0/0,14105:1747647660648:,1747647678300
counter/4/0/0/0,14358:1747647662585:,1747647678302
counter/10/0/0/0,13363:1747647660747:,1747647678302
counter/4/0/0/0,14359:1747647662585:,1747647678302
counter/3/0/0/0,15097:1747647662767:,1747647678302
counter/4/0/0/0,14360:1747647662585:,1747647678302
counter/8/0/0/0,14355:1747647660692:,1747647678302
counter/8/0/0/0,14356:1747647660692:,1747647678304
counter/7/0/0/0,14045:1747647660887:,1747647678304
counter/7/0/0/0,14046:1747647660887:,1747647678304
counter/7/0/0/0,14047:1747647660887:,1747647678304
counter/7/0/0/0,14048:1747647660887:,1747647678304
counter/7/0/0/0,14049:1747647660887:,1747647678304
counter/1/0/0/0,15375:1747647662387:,1747647678304
counter/1/0/0/0,15376:1747647662388:,1747647678304
counter/1/0/0/0,15377:1747647662388:,1747647678305
counter/1/0/0/0,15378:1747647662388:,1747647678305
counter/1/0/0/0,15379:1747647662388:,1747647678305
counter/1/0/0/0,15380:1747647662388:,1747647678305
counter/1/0/0/0,15381:1747647662391:,1747647678305
counter/1/0/0/0,15382:1747647662391:,1747647678305
counter/1/0/0/0,15383:1747647662391:,1747647678305
counter/8/0/0/0,14357:1747647660694:,1747647678305
counter/8/0/0/0,14358:1747647660695:,1747647678305
counter/8/0/0/0,14359:1747647660695:,1747647678305
counter/8/0/0/0,14360:1747647660695:,1747647678305
counter/4/0/0/0,14361:1747647662592:,1747647678305
counter/6/0/0/0,14115:1747647661272:,1747647678306
counter/6/0/0/0,14116:1747647661272:,1747647678306
counter/6/0/0/0,14117:1747647661272:,1747647678306
counter/6/0/0/0,14118:1747647661272:,1747647678306
counter/2/0/0/0,14106:1747647660648:,1747647678306
counter/2/0/0/0,14107:1747647660648:,1747647678306
counter/2/0/0/0,14108:1747647660648:,1747647678306
counter/2/0/0/0,14109:1747647660648:,1747647678306
counter/2/0/0/0,14110:1747647660648:,1747647678306
counter/9/0/0/0,14776:1747647660819:,1747647678306
counter/9/0/0/0,14777:1747647660819:,1747647678306
counter/5/0/0/0,14116:1747647660688:,1747647678307
counter/6/0/0/0,14119:1747647661272:,1747647678307
counter/6/0/0/0,14120:1747647661272:,1747647678307
counter/6/0/0/0,14121:1747647661272:,1747647678307
counter/6/0/0/0,14122:1747647661272:,1747647678307
counter/6/0/0/0,14123:1747647661272:,1747647678307
counter/6/0/0/0,14124:1747647661272:,1747647678307
counter/6/0/0/0,14125:1747647661272:,1747647678308
counter/6/0/0/0,14126:1747647661272:,1747647678308
counter/2/0/0/0,14111:1747647660648:,1747647678308
counter/6/0/0/0,14127:1747647661272:,1747647678310
counter/6/0/0/0,14128:1747647661272:,1747647678310
counter/6/0/0/0,14129:1747647661272:,1747647678310
counter/6/0/0/0,14130:1747647661275:,1747647678310
counter/4/0/0/0,14362:1747647662593:,1747647678310
counter/2/0/0/0,14112:1747647660648:,1747647678310
counter/2/0/0/0,14113:1747647660648:,1747647678310
counter/2/0/0/0,14114:1747647660650:,1747647678310
counter/2/0/0/0,14115:1747647660650:,1747647678310
counter/2/0/0/0,14116:1747647660650:,1747647678310
counter/2/0/0/0,14117:1747647660650:,1747647678310
counter/3/0/0/0,15098:1747647662767:,1747647678310
counter/1/0/0/0,15384:1747647662391:,1747647678310
counter/3/0/0/0,15099:1747647662767:,1747647678311
counter/9/0/0/0,14778:1747647660819:,1747647678311
counter/9/0/0/0,14779:1747647660819:,1747647678311
counter/9/0/0/0,14780:1747647660819:,1747647678311
counter/9/0/0/0,14781:1747647660819:,1747647678311
counter/9/0/0/0,14782:1747647660819:,1747647678311
counter/9/0/0/0,14783:1747647660819:,1747647678311
counter/9/0/0/0,14784:1747647660819:,1747647678311
counter/9/0/0/0,14785:1747647660819:,1747647678311
counter/10/0/0/0,13364:1747647660747:,1747647678311
counter/4/0/0/0,14363:1747647662593:,1747647678311
counter/4/0/0/0,14364:1747647662593:,1747647678311
counter/4/0/0/0,14365:1747647662593:,1747647678311
counter/4/0/0/0,14366:1747647662593:,1747647678311
counter/4/0/0/0,14367:1747647662593:,1747647678311
counter/7/0/0/0,14050:1747647660887:,1747647678312
counter/7/0/0/0,14051:1747647660887:,1747647678312
counter/7/0/0/0,14052:1747647660892:,1747647678312
counter/7/0/0/0,14053:1747647660892:,1747647678312
counter/8/0/0/0,14361:1747647660695:,1747647678312
counter/3/0/0/0,15100:1747647662767:,1747647678313
counter/8/0/0/0,14362:1747647660695:,1747647678313
counter/8/0/0/0,14363:1747647660695:,1747647678313
counter/8/0/0/0,14364:1747647660695:,1747647678313
counter/8/0/0/0,14365:1747647660695:,1747647678313
counter/8/0/0/0,14366:1747647660699:,1747647678313
counter/8/0/0/0,14367:1747647660699:,1747647678313
counter/8/0/0/0,14368:1747647660699:,1747647678313
counter/8/0/0/0,14369:1747647660699:,1747647678313
counter/8/0/0/0,14370:1747647660703:,1747647678313
counter/2/0/0/0,14118:1747647660650:,1747647678313
counter/1/0/0/0,15385:1747647662392:,1747647678313
counter/1/0/0/0,15386:1747647662392:,1747647678313
counter/4/0/0/0,14368:1747647662593:,1747647678313
counter/8/0/0/0,14371:1747647660703:,1747647678315
counter/8/0/0/0,14372:1747647660703:,1747647678315
counter/8/0/0/0,14373:1747647660704:,1747647678315
counter/8/0/0/0,14374:1747647660704:,1747647678315
counter/8/0/0/0,14375:1747647660704:,1747647678315
counter/8/0/0/0,14376:1747647660704:,1747647678315
counter/5/0/0/0,14117:1747647660689:,1747647678315
counter/2/0/0/0,14119:1747647660650:,1747647678315
counter/3/0/0/0,15101:1747647662767:,1747647678316
counter/9/0/0/0,14786:1747647660819:,1747647678316
counter/9/0/0/0,14787:1747647660820:,1747647678316
counter/9/0/0/0,14788:1747647660824:,1747647678316
counter/8/0/0/0,14377:1747647660704:,1747647678318
counter/3/0/0/0,15102:1747647662767:,1747647678320
counter/3/0/0/0,15103:1747647662767:,1747647678320
counter/9/0/0/0,14789:1747647660824:,1747647678320
counter/3/0/0/0,15104:1747647662767:,1747647678320
counter/6/0/0/0,14131:1747647661275:,1747647678320
counter/6/0/0/0,14132:1747647661275:,1747647678320
counter/7/0/0/0,14054:1747647660892:,1747647678320
counter/7/0/0/0,14055:1747647660892:,1747647678320
counter/7/0/0/0,14056:1747647660892:,1747647678320
counter/7/0/0/0,14057:1747647660892:,1747647678320
counter/7/0/0/0,14058:1747647660892:,1747647678320
counter/7/0/0/0,14059:1747647660892:,1747647678321
counter/7/0/0/0,14060:1747647660892:,1747647678321
counter/7/0/0/0,14061:1747647660892:,1747647678321
counter/7/0/0/0,14062:1747647660892:,1747647678321
counter/7/0/0/0,14063:1747647660892:,1747647678321
counter/7/0/0/0,14064:1747647660892:,1747647678321
counter/7/0/0/0,14065:1747647660892:,1747647678321
counter/8/0/0/0,14378:1747647660704:,1747647678321
counter/6/0/0/0,14133:1747647661275:,1747647678322
counter/6/0/0/0,14134:1747647661275:,1747647678322
counter/6/0/0/0,14135:1747647661275:,1747647678322
counter/6/0/0/0,14136:1747647661275:,1747647678322
counter/5/0/0/0,14118:1747647660689:,1747647678322
counter/8/0/0/0,14379:1747647660706:,1747647678322
counter/3/0/0/0,15105:1747647662767:,1747647678323
counter/4/0/0/0,14369:1747647662593:,1747647678324
counter/4/0/0/0,14370:1747647662593:,1747647678324
counter/4/0/0/0,14371:1747647662601:,1747647678324
counter/4/0/0/0,14372:1747647662601:,1747647678324
counter/4/0/0/0,14373:1747647662601:,1747647678324
counter/7/0/0/0,14066:1747647660892:,1747647678325
counter/2/0/0/0,14120:1747647660650:,1747647678325
counter/2/0/0/0,14121:1747647660650:,1747647678325
counter/2/0/0/0,14122:1747647660652:,1747647678325
counter/2/0/0/0,14123:1747647660654:,1747647678325
counter/2/0/0/0,14124:1747647660654:,1747647678325
counter/9/0/0/0,14790:1747647660824:,1747647678326
counter/7/0/0/0,14067:1747647660892:,1747647678326
counter/5/0/0/0,14119:1747647660689:,1747647678326
counter/5/0/0/0,14120:1747647660689:,1747647678328
counter/9/0/0/0,14791:1747647660824:,1747647678329
counter/7/0/0/0,14068:1747647660892:,1747647678329
counter/9/0/0/0,14792:1747647660824:,1747647678329
counter/8/0/0/0,14380:1747647660706:,1747647678329
counter/3/0/0/0,15106:1747647662767:,1747647678329
counter/6/0/0/0,14137:1747647661275:,1747647678330
counter/6/0/0/0,14138:1747647661275:,1747647678330
counter/6/0/0/0,14139:1747647661275:,1747647678330
counter/7/0/0/0,14069:1747647660892:,1747647678330
counter/10/0/0/0,13365:1747647660750:,1747647678330
counter/10/0/0/0,13366:1747647660750:,1747647678331
counter/10/0/0/0,13367:1747647660750:,1747647678331
counter/10/0/0/0,13368:1747647660750:,1747647678331
counter/10/0/0/0,13369:1747647660750:,1747647678331
counter/10/0/0/0,13370:1747647660750:,1747647678331
counter/10/0/0/0,13371:1747647660750:,1747647678331
counter/10/0/0/0,13372:1747647660750:,1747647678331
counter/10/0/0/0,13373:1747647660750:,1747647678331
counter/10/0/0/0,13374:1747647660750:,1747647678331
counter/10/0/0/0,13375:1747647660750:,1747647678331
counter/3/0/0/0,15107:1747647662767:,1747647678334
counter/3/0/0/0,15108:1747647662769:,1747647678334
counter/3/0/0/0,15109:1747647662769:,1747647678334
counter/3/0/0/0,15110:1747647662769:,1747647678334
counter/3/0/0/0,15111:1747647662769:,1747647678334
counter/9/0/0/0,14793:1747647660824:,1747647678334
counter/2/0/0/0,14125:1747647660654:,1747647678335
counter/2/0/0/0,14126:1747647660654:,1747647678335
counter/2/0/0/0,14127:1747647660654:,1747647678335
counter/2/0/0/0,14128:1747647660654:,1747647678335
counter/6/0/0/0,14140:1747647661276:,1747647678335
counter/6/0/0/0,14141:1747647661276:,1747647678335
counter/4/0/0/0,14374:1747647662601:,1747647678336
counter/9/0/0/0,14794:1747647660830:,1747647678336
counter/9/0/0/0,14795:1747647660837:,1747647678336
counter/9/0/0/0,14796:1747647660837:,1747647678336
counter/9/0/0/0,14797:1747647660837:,1747647678336
counter/9/0/0/0,14798:1747647660837:,1747647678336
counter/9/0/0/0,14799:1747647660849:,1747647678336
counter/9/0/0/0,14800:1747647660849:,1747647678336
counter/9/0/0/0,14801:1747647660849:,1747647678336
counter/9/0/0/0,14802:1747647660849:,1747647678336
counter/9/0/0/0,14803:1747647660861:,1747647678336
counter/9/0/0/0,14804:1747647660861:,1747647678336
counter/1/0/0/0,15387:1747647662392:,1747647678336
counter/6/0/0/0,14142:1747647661276:,1747647678338
counter/6/0/0/0,14143:1747647661276:,1747647678338
counter/6/0/0/0,14144:1747647661276:,1747647678338
counter/6/0/0/0,14145:1747647661276:,1747647678338
counter/6/0/0/0,14146:1747647661276:,1747647678338
counter/6/0/0/0,14147:1747647661276:,1747647678339
counter/6/0/0/0,14148:1747647661279:,1747647678339
counter/4/0/0/0,14375:1747647662601:,1747647678339
counter/4/0/0/0,14376:1747647662601:,1747647678339
counter/4/0/0/0,14377:1747647662601:,1747647678339
counter/3/0/0/0,15112:1747647662769:,1747647678339
counter/3/0/0/0,15113:1747647662769:,1747647678339
counter/3/0/0/0,15114:1747647662780:,1747647678339
counter/3/0/0/0,15115:1747647662780:,1747647678339
counter/3/0/0/0,15116:1747647662780:,1747647678339
counter/3/0/0/0,15117:1747647662780:,1747647678339
counter/3/0/0/0,15118:1747647662780:,1747647678339
counter/3/0/0/0,15119:1747647662781:,1747647678339
counter/2/0/0/0,14129:1747647660657:,1747647678339
counter/2/0/0/0,14130:1747647660657:,1747647678339
counter/7/0/0/0,14070:1747647660892:,1747647678339
counter/6/0/0/0,14149:1747647661279:,1747647678339
counter/10/0/0/0,13376:1747647660750:,1747647678340
counter/2/0/0/0,14131:1747647660657:,1747647678340
counter/1/0/0/0,15388:1747647662392:,1747647678340
counter/1/0/0/0,15389:1747647662392:,1747647678340
counter/1/0/0/0,15390:1747647662392:,1747647678340
counter/1/0/0/0,15391:1747647662392:,1747647678341
counter/1/0/0/0,15392:1747647662392:,1747647678341
counter/1/0/0/0,15393:1747647662392:,1747647678341
counter/1/0/0/0,15394:1747647662396:,1747647678341
counter/6/0/0/0,14150:1747647661279:,1747647678342
counter/6/0/0/0,14151:1747647661279:,1747647678342
counter/6/0/0/0,14152:1747647661279:,1747647678343
counter/10/0/0/0,13377:1747647660750:,1747647678343
counter/6/0/0/0,14153:1747647661279:,1747647678343
counter/6/0/0/0,14154:1747647661279:,1747647678343
counter/6/0/0/0,14155:1747647661279:,1747647678343
counter/6/0/0/0,14156:1747647661279:,1747647678343
counter/6/0/0/0,14157:1747647661280:,1747647678343
counter/6/0/0/0,14158:1747647661280:,1747647678343
counter/8/0/0/0,14381:1747647660706:,1747647678343
counter/8/0/0/0,14382:1747647660706:,1747647678344
counter/8/0/0/0,14383:1747647660706:,1747647678344
counter/8/0/0/0,14384:1747647660706:,1747647678344
counter/8/0/0/0,14385:1747647660706:,1747647678344
counter/8/0/0/0,14386:1747647660706:,1747647678344
counter/6/0/0/0,14159:1747647661280:,1747647678344
counter/4/0/0/0,14378:1747647662601:,1747647678344
counter/3/0/0/0,15120:1747647662781:,1747647678344
counter/7/0/0/0,14071:1747647660892:,1747647678344
counter/7/0/0/0,14072:1747647660892:,1747647678345
counter/7/0/0/0,14073:1747647660930:,1747647678345
counter/1/0/0/0,15395:1747647662396:,1747647678345
counter/1/0/0/0,15396:1747647662396:,1747647678345
counter/5/0/0/0,14121:1747647660689:,1747647678345
counter/9/0/0/0,14805:1747647660861:,1747647678346
counter/1/0/0/0,15397:1747647662406:,1747647678346
counter/1/0/0/0,15398:1747647662407:,1747647678346
counter/1/0/0/0,15399:1747647662407:,1747647678347
counter/1/0/0/0,15400:1747647662407:,1747647678347
counter/1/0/0/0,15401:1747647662407:,1747647678347
counter/1/0/0/0,15402:1747647662407:,1747647678347
counter/1/0/0/0,15403:1747647662407:,1747647678347
counter/8/0/0/0,14387:1747647660707:,1747647678347
counter/4/0/0/0,14379:1747647662601:,1747647678347
counter/4/0/0/0,14380:1747647662601:,1747647678347
counter/4/0/0/0,14381:1747647662601:,1747647678347
counter/4/0/0/0,14382:1747647662601:,1747647678347
counter/4/0/0/0,14383:1747647662601:,1747647678347
counter/4/0/0/0,14384:1747647662601:,1747647678347
counter/4/0/0/0,14385:1747647662602:,1747647678348
counter/4/0/0/0,14386:1747647662602:,1747647678348
counter/4/0/0/0,14387:1747647662602:,1747647678348
counter/4/0/0/0,14388:1747647662603:,1747647678348
counter/2/0/0/0,14132:1747647660662:,1747647678348
counter/9/0/0/0,14806:1747647660861:,1747647678348
counter/7/0/0/0,14074:1747647660939:,1747647678348
counter/9/0/0/0,14807:1747647660861:,1747647678348
counter/7/0/0/0,14075:1747647660939:,1747647678348
counter/5/0/0/0,14122:1747647660689:,1747647678349
counter/5/0/0/0,14123:1747647660689:,1747647678349
counter/5/0/0/0,14124:1747647660695:,1747647678349
counter/5/0/0/0,14125:1747647660695:,1747647678349
counter/5/0/0/0,14126:1747647660695:,1747647678349
counter/5/0/0/0,14127:1747647660695:,1747647678349
counter/1/0/0/0,15404:1747647662407:,1747647678350
counter/5/0/0/0,14128:1747647660695:,1747647678350
counter/1/0/0/0,15405:1747647662407:,1747647678350
counter/5/0/0/0,14129:1747647660695:,1747647678350
counter/1/0/0/0,15406:1747647662407:,1747647678350
counter/5/0/0/0,14130:1747647660695:,1747647678350
counter/1/0/0/0,15407:1747647662407:,1747647678350
counter/1/0/0/0,15408:1747647662407:,1747647678350
counter/1/0/0/0,15409:1747647662407:,1747647678350
counter/1/0/0/0,15410:1747647662418:,1747647678350
counter/1/0/0/0,15411:1747647662418:,1747647678350
counter/1/0/0/0,15412:1747647662418:,1747647678350
counter/1/0/0/0,15413:1747647662418:,1747647678350
counter/1/0/0/0,15414:1747647662418:,1747647678350
counter/1/0/0/0,15415:1747647662418:,1747647678350
counter/6/0/0/0,14160:1747647661280:,1747647678350
counter/5/0/0/0,14131:1747647660696:,1747647678351
counter/10/0/0/0,13378:1747647660750:,1747647678351
counter/5/0/0/0,14132:1747647660696:,1747647678351
counter/10/0/0/0,13379:1747647660750:,1747647678351
counter/5/0/0/0,14133:1747647660696:,1747647678351
counter/9/0/0/0,14808:1747647660861:,1747647678351
counter/8/0/0/0,14388:1747647660710:,1747647678351
counter/9/0/0/0,14809:1747647660868:,1747647678351
counter/3/0/0/0,15121:1747647662781:,1747647678351
counter/9/0/0/0,14810:1747647660869:,1747647678351
counter/9/0/0/0,14811:1747647660869:,1747647678351
counter/9/0/0/0,14812:1747647660869:,1747647678351
counter/3/0/0/0,15122:1747647662781:,1747647678352
counter/3/0/0/0,15123:1747647662781:,1747647678353
counter/3/0/0/0,15124:1747647662782:,1747647678353
counter/3/0/0/0,15125:1747647662782:,1747647678353
counter/3/0/0/0,15126:1747647662782:,1747647678353
counter/2/0/0/0,14133:1747647660669:,1747647678353
counter/2/0/0/0,14134:1747647660670:,1747647678353
counter/2/0/0/0,14135:1747647660670:,1747647678353
counter/2/0/0/0,14136:1747647660670:,1747647678353
counter/2/0/0/0,14137:1747647660670:,1747647678353
counter/2/0/0/0,14138:1747647660670:,1747647678353
counter/2/0/0/0,14139:1747647660670:,1747647678353
counter/2/0/0/0,14140:1747647660675:,1747647678353
counter/2/0/0/0,14141:1747647660675:,1747647678353
counter/2/0/0/0,14142:1747647660675:,1747647678353
counter/2/0/0/0,14143:1747647660675:,1747647678353
counter/2/0/0/0,14144:1747647660675:,1747647678353
counter/2/0/0/0,14145:1747647660675:,1747647678354
counter/3/0/0/0,15127:1747647662782:,1747647678354
counter/9/0/0/0,14813:1747647660869:,1747647678355
counter/5/0/0/0,14134:1747647660696:,1747647678355
counter/5/0/0/0,14135:1747647660696:,1747647678355
counter/5/0/0/0,14136:1747647660696:,1747647678355
counter/5/0/0/0,14137:1747647660696:,1747647678355
counter/5/0/0/0,14138:1747647660696:,1747647678355
counter/5/0/0/0,14139:1747647660696:,1747647678355
counter/5/0/0/0,14140:1747647660696:,1747647678355
counter/5/0/0/0,14141:1747647660701:,1747647678355
counter/8/0/0/0,14389:1747647660710:,1747647678355
counter/9/0/0/0,14814:1747647660869:,1747647678355
counter/6/0/0/0,14161:1747647661280:,1747647678356
counter/10/0/0/0,13380:1747647660750:,1747647678356
counter/9/0/0/0,14815:1747647660871:,1747647678357
counter/8/0/0/0,14390:1747647660710:,1747647678357
counter/8/0/0/0,14391:1747647660710:,1747647678357
counter/8/0/0/0,14392:1747647660710:,1747647678357
counter/8/0/0/0,14393:1747647660710:,1747647678357
counter/8/0/0/0,14394:1747647660710:,1747647678357
counter/8/0/0/0,14395:1747647660710:,1747647678357
counter/8/0/0/0,14396:1747647660714:,1747647678357
counter/1/0/0/0,15416:1747647662418:,1747647678357
counter/8/0/0/0,14397:1747647660714:,1747647678357
counter/5/0/0/0,14142:1747647660701:,1747647678359
counter/5/0/0/0,14143:1747647660701:,1747647678360
counter/3/0/0/0,15128:1747647662782:,1747647678360
counter/5/0/0/0,14144:1747647660701:,1747647678360
counter/9/0/0/0,14816:1747647660871:,1747647678361
counter/6/0/0/0,14162:1747647661281:,1747647678361
counter/6/0/0/0,14163:1747647661283:,1747647678361
counter/6/0/0/0,14164:1747647661283:,1747647678361
counter/6/0/0/0,14165:1747647661283:,1747647678362
counter/6/0/0/0,14166:1747647661283:,1747647678362
counter/6/0/0/0,14167:1747647661283:,1747647678362
counter/6/0/0/0,14168:1747647661283:,1747647678362
counter/6/0/0/0,14169:1747647661283:,1747647678362
counter/6/0/0/0,14170:1747647661283:,1747647678362
counter/6/0/0/0,14171:1747647661283:,1747647678362
counter/6/0/0/0,14172:1747647661283:,1747647678362
counter/6/0/0/0,14173:1747647661283:,1747647678362
counter/6/0/0/0,14174:1747647661283:,1747647678362
counter/6/0/0/0,14175:1747647661289:,1747647678363
counter/7/0/0/0,14076:1747647660939:,1747647678363
counter/3/0/0/0,15129:1747647662782:,1747647678363
counter/5/0/0/0,14145:1747647660701:,1747647678363
counter/5/0/0/0,14146:1747647660701:,1747647678363
counter/8/0/0/0,14398:1747647660714:,1747647678363
counter/8/0/0/0,14399:1747647660714:,1747647678363
counter/8/0/0/0,14400:1747647660714:,1747647678363
counter/8/0/0/0,14401:1747647660714:,1747647678363
counter/8/0/0/0,14402:1747647660714:,1747647678363
counter/8/0/0/0,14403:1747647660722:,1747647678363
counter/8/0/0/0,14404:1747647660725:,1747647678363
counter/8/0/0/0,14405:1747647660725:,1747647678364
counter/8/0/0/0,14406:1747647660725:,1747647678364
counter/2/0/0/0,14146:1747647660680:,1747647678364
counter/5/0/0/0,14147:1747647660701:,1747647678364
counter/1/0/0/0,15417:1747647662418:,1747647678364
counter/8/0/0/0,14407:1747647660725:,1747647678365
counter/8/0/0/0,14408:1747647660725:,1747647678365
counter/8/0/0/0,14409:1747647660725:,1747647678365
counter/8/0/0/0,14410:1747647660725:,1747647678365
counter/8/0/0/0,14411:1747647660725:,1747647678365
counter/8/0/0/0,14412:1747647660726:,1747647678365
counter/8/0/0/0,14413:1747647660726:,1747647678365
counter/5/0/0/0,14148:1747647660701:,1747647678365
counter/9/0/0/0,14817:1747647660871:,1747647678365
counter/7/0/0/0,14077:1747647660939:,1747647678367
counter/4/0/0/0,14389:1747647662603:,1747647678367
counter/4/0/0/0,14390:1747647662603:,1747647678368
counter/4/0/0/0,14391:1747647662603:,1747647678368
counter/4/0/0/0,14392:1747647662603:,1747647678368
counter/9/0/0/0,14818:1747647660871:,1747647678368
counter/7/0/0/0,14078:1747647660939:,1747647678368
counter/2/0/0/0,14147:1747647660681:,1747647678368
counter/6/0/0/0,14176:1747647661289:,1747647678368
counter/9/0/0/0,14819:1747647660871:,1747647678369
counter/10/0/0/0,13381:1747647660750:,1747647678369
counter/7/0/0/0,14079:1747647660939:,1747647678369
counter/7/0/0/0,14080:1747647660939:,1747647678369
counter/7/0/0/0,14081:1747647660939:,1747647678369
counter/7/0/0/0,14082:1747647660939:,1747647678369
counter/2/0/0/0,14148:1747647660681:,1747647678369
counter/3/0/0/0,15130:1747647662782:,1747647678369
counter/3/0/0/0,15131:1747647662782:,1747647678370
counter/3/0/0/0,15132:1747647662783:,1747647678370
counter/3/0/0/0,15133:1747647662783:,1747647678370
counter/3/0/0/0,15134:1747647662783:,1747647678370
counter/5/0/0/0,14149:1747647660701:,1747647678370
counter/6/0/0/0,14177:1747647661289:,1747647678370
counter/9/0/0/0,14820:1747647660875:,1747647678370
counter/10/0/0/0,13382:1747647660750:,1747647678370
counter/10/0/0/0,13383:1747647660752:,1747647678370
counter/10/0/0/0,13384:1747647660752:,1747647678370
counter/10/0/0/0,13385:1747647660752:,1747647678370
counter/10/0/0/0,13386:1747647660752:,1747647678370
counter/7/0/0/0,14083:1747647660953:,1747647678370
counter/4/0/0/0,14393:1747647662603:,1747647678370
counter/4/0/0/0,14394:1747647662603:,1747647678371
counter/5/0/0/0,14150:1747647660701:,1747647678371
counter/5/0/0/0,14151:1747647660701:,1747647678371
counter/5/0/0/0,14152:1747647660701:,1747647678371
counter/5/0/0/0,14153:1747647660702:,1747647678371
counter/5/0/0/0,14154:1747647660702:,1747647678371
counter/10/0/0/0,13387:1747647660752:,1747647678371
counter/1/0/0/0,15418:1747647662418:,1747647678371
counter/7/0/0/0,14084:1747647660953:,1747647678371
counter/1/0/0/0,15419:1747647662418:,1747647678371
counter/7/0/0/0,14085:1747647660953:,1747647678371
counter/1/0/0/0,15420:1747647662418:,1747647678372
counter/1/0/0/0,15421:1747647662426:,1747647678372
counter/1/0/0/0,15422:1747647662426:,1747647678372
counter/1/0/0/0,15423:1747647662426:,1747647678372
counter/1/0/0/0,15424:1747647662426:,1747647678372
counter/1/0/0/0,15425:1747647662426:,1747647678372
counter/1/0/0/0,15426:1747647662426:,1747647678372
counter/8/0/0/0,14414:1747647660733:,1747647678372
counter/8/0/0/0,14415:1747647660733:,1747647678372
counter/3/0/0/0,15135:1747647662784:,1747647678373
counter/3/0/0/0,15136:1747647662784:,1747647678373
counter/3/0/0/0,15137:1747647662784:,1747647678373
counter/3/0/0/0,15138:1747647662784:,1747647678374
counter/3/0/0/0,15139:1747647662784:,1747647678374
counter/3/0/0/0,15140:1747647662784:,1747647678374
counter/7/0/0/0,14086:1747647660953:,1747647678374
counter/3/0/0/0,15141:1747647662784:,1747647678374
counter/3/0/0/0,15142:1747647662784:,1747647678374
counter/2/0/0/0,14149:1747647660681:,1747647678374
counter/1/0/0/0,15427:1747647662427:,1747647678374
counter/1/0/0/0,15428:1747647662427:,1747647678374
counter/1/0/0/0,15429:1747647662427:,1747647678374
counter/1/0/0/0,15430:1747647662427:,1747647678374
counter/9/0/0/0,14821:1747647660875:,1747647678374
counter/9/0/0/0,14822:1747647660875:,1747647678374
counter/5/0/0/0,14155:1747647660702:,1747647678374
counter/5/0/0/0,14156:1747647660702:,1747647678374
counter/5/0/0/0,14157:1747647660702:,1747647678374
counter/5/0/0/0,14158:1747647660702:,1747647678375
counter/10/0/0/0,13388:1747647660752:,1747647678375
counter/10/0/0/0,13389:1747647660752:,1747647678375
counter/1/0/0/0,15431:1747647662427:,1747647678375
counter/1/0/0/0,15432:1747647662427:,1747647678375
counter/1/0/0/0,15433:1747647662427:,1747647678376
counter/1/0/0/0,15434:1747647662427:,1747647678376
counter/1/0/0/0,15435:1747647662430:,1747647678376
counter/1/0/0/0,15436:1747647662430:,1747647678376
counter/8/0/0/0,14416:1747647660733:,1747647678376
counter/6/0/0/0,14178:1747647661289:,1747647678376
counter/5/0/0/0,14159:1747647660702:,1747647678376
counter/6/0/0/0,14179:1747647661289:,1747647678376
counter/6/0/0/0,14180:1747647661289:,1747647678376
counter/6/0/0/0,14181:1747647661289:,1747647678376
counter/6/0/0/0,14182:1747647661289:,1747647678376
counter/6/0/0/0,14183:1747647661298:,1747647678376
counter/6/0/0/0,14184:1747647661298:,1747647678376
counter/4/0/0/0,14395:1747647662603:,1747647678376
counter/1/0/0/0,15437:1747647662431:,1747647678376
counter/5/0/0/0,14160:1747647660702:,1747647678376
counter/1/0/0/0,15438:1747647662431:,1747647678376
counter/1/0/0/0,15439:1747647662431:,1747647678376
counter/10/0/0/0,13390:1747647660752:,1747647678376
counter/1/0/0/0,15440:1747647662431:,1747647678377
counter/1/0/0/0,15441:1747647662433:,1747647678377
counter/1/0/0/0,15442:1747647662434:,1747647678377
counter/1/0/0/0,15443:1747647662435:,1747647678377
counter/1/0/0/0,15444:1747647662435:,1747647678378
counter/1/0/0/0,15445:1747647662435:,1747647678378
counter/1/0/0/0,15446:1747647662435:,1747647678378
counter/1/0/0/0,15447:1747647662435:,1747647678378
counter/1/0/0/0,15448:1747647662435:,1747647678378
counter/1/0/0/0,15449:1747647662435:,1747647678378
counter/1/0/0/0,15450:1747647662435:,1747647678378
counter/1/0/0/0,15451:1747647662435:,1747647678378
counter/1/0/0/0,15452:1747647662435:,1747647678378
counter/7/0/0/0,14087:1747647660957:,1747647678378
counter/8/0/0/0,14417:1747647660733:,1747647678378
counter/8/0/0/0,14418:1747647660733:,1747647678378
counter/8/0/0/0,14419:1747647660733:,1747647678378
counter/9/0/0/0,14823:1747647660875:,1747647678379
counter/9/0/0/0,14824:1747647660875:,1747647678379
counter/9/0/0/0,14825:1747647660875:,1747647678379
counter/9/0/0/0,14826:1747647660875:,1747647678379
counter/9/0/0/0,14827:1747647660875:,1747647678379
counter/9/0/0/0,14828:1747647660875:,1747647678379
counter/9/0/0/0,14829:1747647660875:,1747647678379
counter/9/0/0/0,14830:1747647660875:,1747647678379
counter/6/0/0/0,14185:1747647661298:,1747647678379
counter/6/0/0/0,14186:1747647661298:,1747647678379
counter/6/0/0/0,14187:1747647661299:,1747647678379
counter/6/0/0/0,14188:1747647661307:,1747647678379
counter/3/0/0/0,15143:1747647662784:,1747647678381
counter/3/0/0/0,15144:1747647662784:,1747647678382
counter/3/0/0/0,15145:1747647662784:,1747647678382
counter/10/0/0/0,13391:1747647660752:,1747647678382
counter/6/0/0/0,14189:1747647661318:,1747647678382
counter/9/0/0/0,14831:1747647660875:,1747647678383
counter/9/0/0/0,14832:1747647660875:,1747647678383
counter/9/0/0/0,14833:1747647660880:,1747647678383
counter/9/0/0/0,14834:1747647660880:,1747647678383
counter/9/0/0/0,14835:1747647660880:,1747647678383
counter/9/0/0/0,14836:1747647660880:,1747647678383
counter/9/0/0/0,14837:1747647660880:,1747647678383
counter/8/0/0/0,14420:1747647660733:,1747647678383
counter/8/0/0/0,14421:1747647660737:,1747647678383
counter/8/0/0/0,14422:1747647660737:,1747647678383
counter/2/0/0/0,14150:1747647660698:,1747647678384
counter/2/0/0/0,14151:1747647660698:,1747647678384
counter/2/0/0/0,14152:1747647660698:,1747647678384
counter/2/0/0/0,14153:1747647660698:,1747647678384
counter/2/0/0/0,14154:1747647660698:,1747647678384
counter/2/0/0/0,14155:1747647660698:,1747647678384
counter/2/0/0/0,14156:1747647660698:,1747647678384
counter/2/0/0/0,14157:1747647660698:,1747647678384
counter/9/0/0/0,14838:1747647660880:,1747647678384
counter/10/0/0/0,13392:1747647660752:,1747647678384
counter/6/0/0/0,14190:1747647661318:,1747647678384
counter/10/0/0/0,13393:1747647660752:,1747647678384
counter/4/0/0/0,14396:1747647662603:,1747647678385
counter/4/0/0/0,14397:1747647662603:,1747647678385
counter/4/0/0/0,14398:1747647662603:,1747647678385
counter/4/0/0/0,14399:1747647662603:,1747647678385
counter/4/0/0/0,14400:1747647662603:,1747647678385
counter/8/0/0/0,14423:1747647660737:,1747647678386
counter/8/0/0/0,14424:1747647660737:,1747647678386
counter/8/0/0/0,14425:1747647660737:,1747647678386
counter/8/0/0/0,14426:1747647660737:,1747647678386
counter/9/0/0/0,14839:1747647660881:,1747647678386
counter/8/0/0/0,14427:1747647660737:,1747647678387
counter/8/0/0/0,14428:1747647660737:,1747647678387
counter/8/0/0/0,14429:1747647660739:,1747647678387
counter/8/0/0/0,14430:1747647660739:,1747647678387
counter/8/0/0/0,14431:1747647660739:,1747647678387
counter/8/0/0/0,14432:1747647660753:,1747647678387
counter/8/0/0/0,14433:1747647660755:,1747647678387
counter/8/0/0/0,14434:1747647660755:,1747647678387
counter/8/0/0/0,14435:1747647660755:,1747647678387
counter/8/0/0/0,14436:1747647660755:,1747647678387
counter/8/0/0/0,14437:1747647660755:,1747647678387
counter/2/0/0/0,14158:1747647660698:,1747647678392
counter/3/0/0/0,15146:1747647662784:,1747647678393
counter/1/0/0/0,15453:1747647662435:,1747647678393
counter/1/0/0/0,15454:1747647662435:,1747647678393
counter/5/0/0/0,14161:1747647660702:,1747647678394
counter/5/0/0/0,14162:1747647660702:,1747647678394
counter/5/0/0/0,14163:1747647660702:,1747647678394
counter/5/0/0/0,14164:1747647660702:,1747647678395
counter/5/0/0/0,14165:1747647660713:,1747647678395
counter/5/0/0/0,14166:1747647660713:,1747647678395
counter/5/0/0/0,14167:1747647660713:,1747647678395
counter/5/0/0/0,14168:1747647660713:,1747647678395
counter/5/0/0/0,14169:1747647660714:,1747647678395
counter/5/0/0/0,14170:1747647660714:,1747647678395
counter/10/0/0/0,13394:1747647660752:,1747647678395
counter/10/0/0/0,13395:1747647660752:,1747647678395
counter/3/0/0/0,15147:1747647662784:,1747647678395
counter/1/0/0/0,15455:1747647662435:,1747647678395
counter/8/0/0/0,14438:1747647660755:,1747647678395
counter/3/0/0/0,15148:1747647662784:,1747647678396
counter/8/0/0/0,14439:1747647660755:,1747647678396
counter/8/0/0/0,14440:1747647660755:,1747647678396
counter/8/0/0/0,14441:1747647660755:,1747647678396
counter/8/0/0/0,14442:1747647660755:,1747647678396
counter/8/0/0/0,14443:1747647660755:,1747647678396
counter/8/0/0/0,14444:1747647660755:,1747647678397
counter/10/0/0/0,13396:1747647660752:,1747647678397
counter/9/0/0/0,14840:1747647660881:,1747647678398
counter/9/0/0/0,14841:1747647660881:,1747647678398
counter/9/0/0/0,14842:1747647660881:,1747647678398
counter/9/0/0/0,14843:1747647660881:,1747647678398
counter/4/0/0/0,14401:1747647662603:,1747647678398
counter/4/0/0/0,14402:1747647662603:,1747647678398
counter/4/0/0/0,14403:1747647662603:,1747647678398
counter/4/0/0/0,14404:1747647662603:,1747647678398
counter/4/0/0/0,14405:1747647662610:,1747647678398
counter/4/0/0/0,14406:1747647662610:,1747647678398
counter/2/0/0/0,14159:1747647660698:,1747647678398
counter/2/0/0/0,14160:1747647660698:,1747647678398
counter/2/0/0/0,14161:1747647660699:,1747647678398
counter/10/0/0/0,13397:1747647660759:,1747647678398
counter/10/0/0/0,13398:1747647660759:,1747647678399
counter/10/0/0/0,13399:1747647660759:,1747647678399
counter/10/0/0/0,13400:1747647660759:,1747647678399
counter/10/0/0/0,13401:1747647660759:,1747647678399
counter/8/0/0/0,14445:1747647660759:,1747647678399
counter/8/0/0/0,14446:1747647660759:,1747647678399
counter/8/0/0/0,14447:1747647660759:,1747647678399
counter/8/0/0/0,14448:1747647660759:,1747647678399
counter/3/0/0/0,15149:1747647662784:,1747647678399
counter/8/0/0/0,14449:1747647660759:,1747647678399
counter/3/0/0/0,15150:1747647662784:,1747647678400
counter/3/0/0/0,15151:1747647662784:,1747647678400
counter/3/0/0/0,15152:1747647662784:,1747647678400
counter/3/0/0/0,15153:1747647662784:,1747647678400
counter/3/0/0/0,15154:1747647662785:,1747647678400
counter/3/0/0/0,15155:1747647662785:,1747647678400
counter/3/0/0/0,15156:1747647662785:,1747647678400
counter/7/0/0/0,14088:1747647660957:,1747647678400
counter/7/0/0/0,14089:1747647660957:,1747647678400
counter/7/0/0/0,14090:1747647660957:,1747647678400
counter/7/0/0/0,14091:1747647660957:,1747647678400
counter/7/0/0/0,14092:1747647660957:,1747647678400
counter/7/0/0/0,14093:1747647660957:,1747647678400
counter/7/0/0/0,14094:1747647660957:,1747647678400
counter/7/0/0/0,14095:1747647660957:,1747647678400
counter/7/0/0/0,14096:1747647660957:,1747647678400
counter/6/0/0/0,14191:1747647661318:,1747647678401
counter/6/0/0/0,14192:1747647661318:,1747647678401
counter/6/0/0/0,14193:1747647661318:,1747647678401
counter/6/0/0/0,14194:1747647661318:,1747647678401
counter/6/0/0/0,14195:1747647661318:,1747647678401
counter/6/0/0/0,14196:1747647661318:,1747647678401
counter/6/0/0/0,14197:1747647661318:,1747647678401
counter/6/0/0/0,14198:1747647661318:,1747647678401
counter/6/0/0/0,14199:1747647661318:,1747647678401
counter/1/0/0/0,15456:1747647662442:,1747647678403
counter/1/0/0/0,15457:1747647662442:,1747647678404
counter/1/0/0/0,15458:1747647662442:,1747647678404
counter/1/0/0/0,15459:1747647662442:,1747647678404
counter/1/0/0/0,15460:1747647662442:,1747647678404
counter/1/0/0/0,15461:1747647662442:,1747647678404
counter/1/0/0/0,15462:1747647662442:,1747647678404
counter/3/0/0/0,15157:1747647662785:,1747647678404
counter/10/0/0/0,13402:1747647660759:,1747647678405
counter/4/0/0/0,14407:1747647662610:,1747647678405
counter/4/0/0/0,14408:1747647662610:,1747647678405
counter/9/0/0/0,14844:1747647660881:,1747647678405
counter/9/0/0/0,14845:1747647660889:,1747647678405
counter/9/0/0/0,14846:1747647660889:,1747647678405
counter/9/0/0/0,14847:1747647660889:,1747647678405
counter/1/0/0/0,15463:1747647662442:,1747647678406
counter/1/0/0/0,15464:1747647662442:,1747647678406
counter/1/0/0/0,15465:1747647662442:,1747647678406
counter/1/0/0/0,15466:1747647662442:,1747647678406
counter/1/0/0/0,15467:1747647662442:,1747647678406
counter/1/0/0/0,15468:1747647662442:,1747647678406
counter/1/0/0/0,15469:1747647662442:,1747647678406
counter/1/0/0/0,15470:1747647662445:,1747647678406
counter/6/0/0/0,14200:1747647661318:,1747647678408
counter/6/0/0/0,14201:1747647661318:,1747647678409
counter/6/0/0/0,14202:1747647661318:,1747647678409
counter/6/0/0/0,14203:1747647661318:,1747647678409
counter/6/0/0/0,14204:1747647661318:,1747647678409
counter/6/0/0/0,14205:1747647661324:,1747647678409
counter/6/0/0/0,14206:1747647661324:,1747647678409
counter/6/0/0/0,14207:1747647661324:,1747647678409
counter/6/0/0/0,14208:1747647661324:,1747647678409
counter/6/0/0/0,14209:1747647661324:,1747647678409
counter/6/0/0/0,14210:1747647661324:,1747647678409
counter/6/0/0/0,14211:1747647661324:,1747647678409
counter/10/0/0/0,13403:1747647660759:,1747647678409
counter/9/0/0/0,14848:1747647660889:,1747647678409
counter/7/0/0/0,14097:1747647660957:,1747647678409
counter/6/0/0/0,14212:1747647661324:,1747647678410
counter/6/0/0/0,14213:1747647661324:,1747647678410
counter/6/0/0/0,14214:1747647661324:,1747647678410
counter/6/0/0/0,14215:1747647661324:,1747647678410
counter/6/0/0/0,14216:1747647661324:,1747647678410
counter/6/0/0/0,14217:1747647661333:,1747647678410
counter/2/0/0/0,14162:1747647660699:,1747647678411
counter/3/0/0/0,15158:1747647662785:,1747647678411
counter/8/0/0/0,14450:1747647660780:,1747647678411
counter/8/0/0/0,14451:1747647660783:,1747647678411
counter/8/0/0/0,14452:1747647660783:,1747647678411
counter/9/0/0/0,14849:1747647660889:,1747647678411
counter/8/0/0/0,14453:1747647660783:,1747647678411
counter/8/0/0/0,14454:1747647660783:,1747647678411
counter/8/0/0/0,14455:1747647660783:,1747647678411
counter/4/0/0/0,14409:1747647662610:,1747647678411
counter/4/0/0/0,14410:1747647662610:,1747647678411
counter/4/0/0/0,14411:1747647662611:,1747647678411
counter/4/0/0/0,14412:1747647662611:,1747647678411
counter/4/0/0/0,14413:1747647662611:,1747647678411
counter/4/0/0/0,14414:1747647662611:,1747647678411
counter/4/0/0/0,14415:1747647662611:,1747647678411
counter/4/0/0/0,14416:1747647662611:,1747647678411
counter/9/0/0/0,14850:1747647660889:,1747647678412
counter/6/0/0/0,14218:1747647661334:,1747647678412
counter/6/0/0/0,14219:1747647661334:,1747647678412
counter/6/0/0/0,14220:1747647661334:,1747647678412
counter/6/0/0/0,14221:1747647661334:,1747647678412
counter/6/0/0/0,14222:1747647661334:,1747647678412
counter/6/0/0/0,14223:1747647661334:,1747647678412
counter/6/0/0/0,14224:1747647661336:,1747647678412
counter/2/0/0/0,14163:1747647660699:,1747647678412
counter/4/0/0/0,14417:1747647662611:,1747647678413
counter/7/0/0/0,14098:1747647660957:,1747647678413
counter/7/0/0/0,14099:1747647660957:,1747647678413
counter/2/0/0/0,14164:1747647660699:,1747647678413
counter/6/0/0/0,14225:1747647661336:,1747647678414
counter/4/0/0/0,14418:1747647662611:,1747647678414
counter/4/0/0/0,14419:1747647662611:,1747647678414
counter/4/0/0/0,14420:1747647662611:,1747647678414
counter/4/0/0/0,14421:1747647662611:,1747647678414
counter/4/0/0/0,14422:1747647662630:,1747647678414
counter/4/0/0/0,14423:1747647662630:,1747647678414
counter/4/0/0/0,14424:1747647662630:,1747647678414
counter/10/0/0/0,13404:1747647660759:,1747647678415
counter/5/0/0/0,14171:1747647660714:,1747647678415
counter/7/0/0/0,14100:1747647660957:,1747647678415
counter/3/0/0/0,15159:1747647662785:,1747647678415
counter/1/0/0/0,15471:1747647662445:,1747647678415
counter/10/0/0/0,13405:1747647660759:,1747647678416
counter/10/0/0/0,13406:1747647660759:,1747647678416
counter/10/0/0/0,13407:1747647660759:,1747647678416
counter/10/0/0/0,13408:1747647660759:,1747647678416
counter/9/0/0/0,14851:1747647660889:,1747647678417
counter/10/0/0/0,13409:1747647660759:,1747647678418
counter/10/0/0/0,13410:1747647660759:,1747647678418
counter/10/0/0/0,13411:1747647660759:,1747647678418
counter/10/0/0/0,13412:1747647660760:,1747647678418
counter/2/0/0/0,14165:1747647660699:,1747647678421
counter/5/0/0/0,14172:1747647660714:,1747647678421
counter/7/0/0/0,14101:1747647660957:,1747647678422
counter/10/0/0/0,13413:1747647660760:,1747647678422
counter/3/0/0/0,15160:1747647662785:,1747647678423
counter/9/0/0/0,14852:1747647660889:,1747647678424
counter/10/0/0/0,13414:1747647660760:,1747647678424
counter/10/0/0/0,13415:1747647660760:,1747647678424
counter/10/0/0/0,13416:1747647660760:,1747647678424
counter/10/0/0/0,13417:1747647660760:,1747647678424
counter/6/0/0/0,14226:1747647661336:,1747647678424
counter/4/0/0/0,14425:1747647662630:,1747647678425
counter/4/0/0/0,14426:1747647662630:,1747647678425
counter/4/0/0/0,14427:1747647662637:,1747647678425
counter/4/0/0/0,14428:1747647662637:,1747647678425
counter/4/0/0/0,14429:1747647662637:,1747647678425
counter/4/0/0/0,14430:1747647662641:,1747647678425
counter/7/0/0/0,14102:1747647660958:,1747647678428
counter/7/0/0/0,14103:1747647660958:,1747647678428
counter/8/0/0/0,14456:1747647660783:,1747647678428
counter/8/0/0/0,14457:1747647660783:,1747647678429
counter/8/0/0/0,14458:1747647660783:,1747647678429
counter/8/0/0/0,14459:1747647660783:,1747647678429
counter/8/0/0/0,14460:1747647660783:,1747647678429
counter/8/0/0/0,14461:1747647660783:,1747647678430
counter/8/0/0/0,14462:1747647660785:,1747647678430
counter/8/0/0/0,14463:1747647660785:,1747647678430
counter/8/0/0/0,14464:1747647660785:,1747647678430
counter/8/0/0/0,14465:1747647660785:,1747647678430
counter/2/0/0/0,14166:1747647660699:,1747647678430
counter/8/0/0/0,14466:1747647660785:,1747647678430
counter/4/0/0/0,14431:1747647662641:,1747647678431
counter/6/0/0/0,14227:1747647661336:,1747647678432
counter/4/0/0/0,14432:1747647662641:,1747647678432
counter/5/0/0/0,14173:1747647660714:,1747647678432
counter/2/0/0/0,14167:1747647660699:,1747647678432
counter/2/0/0/0,14168:1747647660704:,1747647678432
counter/2/0/0/0,14169:1747647660704:,1747647678432
counter/2/0/0/0,14170:1747647660706:,1747647678432
counter/3/0/0/0,15161:1747647662785:,1747647678433
counter/7/0/0/0,14104:1747647660959:,1747647678433
counter/10/0/0/0,13418:1747647660760:,1747647678433
counter/8/0/0/0,14467:1747647660785:,1747647678433
counter/6/0/0/0,14228:1747647661336:,1747647678433
counter/10/0/0/0,13419:1747647660760:,1747647678434
counter/1/0/0/0,15472:1747647662445:,1747647678435
counter/8/0/0/0,14468:1747647660795:,1747647678436
counter/5/0/0/0,14174:1747647660714:,1747647678436
counter/5/0/0/0,14175:1747647660714:,1747647678436
counter/2/0/0/0,14171:1747647660706:,1747647678436
counter/2/0/0/0,14172:1747647660706:,1747647678436
counter/2/0/0/0,14173:1747647660706:,1747647678436
counter/2/0/0/0,14174:1747647660706:,1747647678436
counter/3/0/0/0,15162:1747647662785:,1747647678436
counter/9/0/0/0,14853:1747647660889:,1747647678436
counter/6/0/0/0,14229:1747647661336:,1747647678439
counter/6/0/0/0,14230:1747647661336:,1747647678440
counter/6/0/0/0,14231:1747647661336:,1747647678440
counter/6/0/0/0,14232:1747647661336:,1747647678440
counter/6/0/0/0,14233:1747647661337:,1747647678440
counter/10/0/0/0,13420:1747647660760:,1747647678441
counter/10/0/0/0,13421:1747647660760:,1747647678441
counter/10/0/0/0,13422:1747647660760:,1747647678441
counter/10/0/0/0,13423:1747647660760:,1747647678441
counter/10/0/0/0,13424:1747647660760:,1747647678442
counter/10/0/0/0,13425:1747647660760:,1747647678442
counter/10/0/0/0,13426:1747647660760:,1747647678442
counter/10/0/0/0,13427:1747647660760:,1747647678442
counter/10/0/0/0,13428:1747647660762:,1747647678442
counter/10/0/0/0,13429:1747647660762:,1747647678442
counter/10/0/0/0,13430:1747647660762:,1747647678442
counter/10/0/0/0,13431:1747647660762:,1747647678442
counter/10/0/0/0,13432:1747647660762:,1747647678442
counter/10/0/0/0,13433:1747647660767:,1747647678442
counter/10/0/0/0,13434:1747647660767:,1747647678442
counter/6/0/0/0,14234:1747647661339:,1747647678442
counter/9/0/0/0,14854:1747647660889:,1747647678442
counter/8/0/0/0,14469:1747647660795:,1747647678442
counter/8/0/0/0,14470:1747647660795:,1747647678442
counter/8/0/0/0,14471:1747647660795:,1747647678442
counter/8/0/0/0,14472:1747647660795:,1747647678442
counter/8/0/0/0,14473:1747647660795:,1747647678443
counter/8/0/0/0,14474:1747647660795:,1747647678443
counter/4/0/0/0,14433:1747647662641:,1747647678443
counter/8/0/0/0,14475:1747647660795:,1747647678443
counter/4/0/0/0,14434:1747647662641:,1747647678443
counter/4/0/0/0,14435:1747647662641:,1747647678443
counter/10/0/0/0,13435:1747647660767:,1747647678443
counter/10/0/0/0,13436:1747647660767:,1747647678443
counter/10/0/0/0,13437:1747647660767:,1747647678444
counter/10/0/0/0,13438:1747647660767:,1747647678444
counter/10/0/0/0,13439:1747647660767:,1747647678444
counter/10/0/0/0,13440:1747647660767:,1747647678444
counter/10/0/0/0,13441:1747647660767:,1747647678444
counter/10/0/0/0,13442:1747647660767:,1747647678444
counter/7/0/0/0,14105:1747647660960:,1747647678444
counter/1/0/0/0,15473:1747647662445:,1747647678444
counter/1/0/0/0,15474:1747647662445:,1747647678444
counter/1/0/0/0,15475:1747647662445:,1747647678444
counter/1/0/0/0,15476:1747647662445:,1747647678444
counter/1/0/0/0,15477:1747647662445:,1747647678444
counter/1/0/0/0,15478:1747647662451:,1747647678444
counter/3/0/0/0,15163:1747647662785:,1747647678444
counter/3/0/0/0,15164:1747647662785:,1747647678444
counter/3/0/0/0,15165:1747647662785:,1747647678444
counter/3/0/0/0,15166:1747647662785:,1747647678445
counter/3/0/0/0,15167:1747647662785:,1747647678445
counter/3/0/0/0,15168:1747647662785:,1747647678445
counter/10/0/0/0,13443:1747647660767:,1747647678445
counter/1/0/0/0,15479:1747647662452:,1747647678445
counter/2/0/0/0,14175:1747647660706:,1747647678445
counter/2/0/0/0,14176:1747647660706:,1747647678446
counter/2/0/0/0,14177:1747647660706:,1747647678446
counter/2/0/0/0,14178:1747647660706:,1747647678446
counter/2/0/0/0,14179:1747647660706:,1747647678446
counter/2/0/0/0,14180:1747647660706:,1747647678446
counter/2/0/0/0,14181:1747647660706:,1747647678446
counter/2/0/0/0,14182:1747647660706:,1747647678446
counter/5/0/0/0,14176:1747647660715:,1747647678446
counter/4/0/0/0,14436:1747647662641:,1747647678446
counter/4/0/0/0,14437:1747647662641:,1747647678446
counter/4/0/0/0,14438:1747647662656:,1747647678446
counter/4/0/0/0,14439:1747647662656:,1747647678446
counter/4/0/0/0,14440:1747647662656:,1747647678446
counter/6/0/0/0,14235:1747647661339:,1747647678446
counter/6/0/0/0,14236:1747647661339:,1747647678446
counter/6/0/0/0,14237:1747647661339:,1747647678447
counter/6/0/0/0,14238:1747647661339:,1747647678447
counter/6/0/0/0,14239:1747647661339:,1747647678447
counter/6/0/0/0,14240:1747647661339:,1747647678447
counter/9/0/0/0,14855:1747647660889:,1747647678447
counter/7/0/0/0,14106:1747647660960:,1747647678447
counter/9/0/0/0,14856:1747647660889:,1747647678447
counter/9/0/0/0,14857:1747647660889:,1747647678447
counter/9/0/0/0,14858:1747647660889:,1747647678447
counter/9/0/0/0,14859:1747647660889:,1747647678447
counter/9/0/0/0,14860:1747647660889:,1747647678447
counter/9/0/0/0,14861:1747647660889:,1747647678448
counter/5/0/0/0,14177:1747647660715:,1747647678448
counter/9/0/0/0,14862:1747647660890:,1747647678448
counter/5/0/0/0,14178:1747647660715:,1747647678448
counter/5/0/0/0,14179:1747647660715:,1747647678448
counter/5/0/0/0,14180:1747647660715:,1747647678448
counter/5/0/0/0,14181:1747647660715:,1747647678448
counter/5/0/0/0,14182:1747647660715:,1747647678448
counter/5/0/0/0,14183:1747647660715:,1747647678448
counter/5/0/0/0,14184:1747647660715:,1747647678448
counter/9/0/0/0,14863:1747647660890:,1747647678451
counter/9/0/0/0,14864:1747647660890:,1747647678451
counter/4/0/0/0,14441:1747647662656:,1747647678451
counter/9/0/0/0,14865:1747647660890:,1747647678451
counter/4/0/0/0,14442:1747647662657:,1747647678451
counter/9/0/0/0,14866:1747647660890:,1747647678451
counter/4/0/0/0,14443:1747647662657:,1747647678451
counter/4/0/0/0,14444:1747647662657:,1747647678451
counter/4/0/0/0,14445:1747647662657:,1747647678451
counter/4/0/0/0,14446:1747647662657:,1747647678451
counter/9/0/0/0,14867:1747647660890:,1747647678452
counter/9/0/0/0,14868:1747647660890:,1747647678452
counter/5/0/0/0,14185:1747647660715:,1747647678452
counter/4/0/0/0,14447:1747647662657:,1747647678452
counter/9/0/0/0,14869:1747647660890:,1747647678452
counter/4/0/0/0,14448:1747647662657:,1747647678452
counter/4/0/0/0,14449:1747647662657:,1747647678452
counter/4/0/0/0,14450:1747647662657:,1747647678452
counter/4/0/0/0,14451:1747647662657:,1747647678452
counter/6/0/0/0,14241:1747647661339:,1747647678452
counter/4/0/0/0,14452:1747647662657:,1747647678452
counter/3/0/0/0,15169:1747647662785:,1747647678452
counter/2/0/0/0,14183:1747647660710:,1747647678453
counter/7/0/0/0,14107:1747647660960:,1747647678453
counter/6/0/0/0,14242:1747647661339:,1747647678453
counter/3/0/0/0,15170:1747647662785:,1747647678453
counter/3/0/0/0,15171:1747647662785:,1747647678453
counter/8/0/0/0,14476:1747647660795:,1747647678454
counter/7/0/0/0,14108:1747647660960:,1747647678454
counter/8/0/0/0,14477:1747647660798:,1747647678454
counter/8/0/0/0,14478:1747647660798:,1747647678454
counter/8/0/0/0,14479:1747647660798:,1747647678454
counter/8/0/0/0,14480:1747647660798:,1747647678454
counter/8/0/0/0,14481:1747647660806:,1747647678455
counter/8/0/0/0,14482:1747647660806:,1747647678455
counter/8/0/0/0,14483:1747647660806:,1747647678455
counter/8/0/0/0,14484:1747647660806:,1747647678455
counter/8/0/0/0,14485:1747647660820:,1747647678455
counter/8/0/0/0,14486:1747647660820:,1747647678455
counter/8/0/0/0,14487:1747647660821:,1747647678455
counter/8/0/0/0,14488:1747647660821:,1747647678455
counter/8/0/0/0,14489:1747647660821:,1747647678455
counter/1/0/0/0,15480:1747647662452:,1747647678455
counter/3/0/0/0,15172:1747647662785:,1747647678455
counter/5/0/0/0,14186:1747647660715:,1747647678455
counter/8/0/0/0,14490:1747647660821:,1747647678455
counter/8/0/0/0,14491:1747647660821:,1747647678455
counter/8/0/0/0,14492:1747647660821:,1747647678455
counter/8/0/0/0,14493:1747647660821:,1747647678456
counter/3/0/0/0,15173:1747647662785:,1747647678458
counter/5/0/0/0,14187:1747647660715:,1747647678458
counter/8/0/0/0,14494:1747647660822:,1747647678459
counter/8/0/0/0,14495:1747647660823:,1747647678459
counter/8/0/0/0,14496:1747647660830:,1747647678459
counter/8/0/0/0,14497:1747647660830:,1747647678459
counter/8/0/0/0,14498:1747647660830:,1747647678459
counter/8/0/0/0,14499:1747647660830:,1747647678459
counter/7/0/0/0,14109:1747647660960:,1747647678459
counter/7/0/0/0,14110:1747647660961:,1747647678459
counter/7/0/0/0,14111:1747647660961:,1747647678459
counter/7/0/0/0,14112:1747647660961:,1747647678460
counter/9/0/0/0,14870:1747647660896:,1747647678461
counter/9/0/0/0,14871:1747647660900:,1747647678461
counter/9/0/0/0,14872:1747647660900:,1747647678461
counter/9/0/0/0,14873:1747647660900:,1747647678461
counter/9/0/0/0,14874:1747647660900:,1747647678461
counter/9/0/0/0,14875:1747647660900:,1747647678461
counter/9/0/0/0,14876:1747647660900:,1747647678461
counter/9/0/0/0,14877:1747647660900:,1747647678461
counter/9/0/0/0,14878:1747647660900:,1747647678461
counter/7/0/0/0,14113:1747647660961:,1747647678461
counter/6/0/0/0,14243:1747647661339:,1747647678461
counter/4/0/0/0,14453:1747647662657:,1747647678462
counter/4/0/0/0,14454:1747647662657:,1747647678462
counter/4/0/0/0,14455:1747647662658:,1747647678462
counter/4/0/0/0,14456:1747647662658:,1747647678463
counter/4/0/0/0,14457:1747647662658:,1747647678463
counter/4/0/0/0,14458:1747647662658:,1747647678463
counter/8/0/0/0,14500:1747647660830:,1747647678463
counter/8/0/0/0,14501:1747647660830:,1747647678463
counter/9/0/0/0,14879:1747647660900:,1747647678463
counter/9/0/0/0,14880:1747647660900:,1747647678463
counter/1/0/0/0,15481:1747647662452:,1747647678463
counter/1/0/0/0,15482:1747647662452:,1747647678463
counter/1/0/0/0,15483:1747647662452:,1747647678463
counter/1/0/0/0,15484:1747647662452:,1747647678463
counter/4/0/0/0,14459:1747647662658:,1747647678465
counter/9/0/0/0,14881:1747647660900:,1747647678465
counter/9/0/0/0,14882:1747647660900:,1747647678465
counter/9/0/0/0,14883:1747647660900:,1747647678465
counter/9/0/0/0,14884:1747647660900:,1747647678465
counter/9/0/0/0,14885:1747647660900:,1747647678465
counter/9/0/0/0,14886:1747647660900:,1747647678465
counter/1/0/0/0,15485:1747647662452:,1747647678465
counter/10/0/0/0,13444:1747647660767:,1747647678465
counter/10/0/0/0,13445:1747647660767:,1747647678465
counter/5/0/0/0,14188:1747647660717:,1747647678465
counter/10/0/0/0,13446:1747647660767:,1747647678465
counter/10/0/0/0,13447:1747647660769:,1747647678465
counter/10/0/0/0,13448:1747647660769:,1747647678466
counter/9/0/0/0,14887:1747647660900:,1747647678467
counter/9/0/0/0,14888:1747647660900:,1747647678467
counter/9/0/0/0,14889:1747647660901:,1747647678467
counter/9/0/0/0,14890:1747647660901:,1747647678467
counter/9/0/0/0,14891:1747647660901:,1747647678467
counter/9/0/0/0,14892:1747647660901:,1747647678467
counter/9/0/0/0,14893:1747647660901:,1747647678467
counter/9/0/0/0,14894:1747647660902:,1747647678467
counter/9/0/0/0,14895:1747647660904:,1747647678467
counter/9/0/0/0,14896:1747647660904:,1747647678467
counter/9/0/0/0,14897:1747647660904:,1747647678467
counter/9/0/0/0,14898:1747647660904:,1747647678467
counter/9/0/0/0,14899:1747647660904:,1747647678467
counter/3/0/0/0,15174:1747647662785:,1747647678467
counter/3/0/0/0,15175:1747647662785:,1747647678467
counter/3/0/0/0,15176:1747647662785:,1747647678467
counter/5/0/0/0,14189:1747647660717:,1747647678468
counter/10/0/0/0,13449:1747647660769:,1747647678468
counter/10/0/0/0,13450:1747647660780:,1747647678468
counter/7/0/0/0,14114:1747647660961:,1747647678468
counter/10/0/0/0,13451:1747647660780:,1747647678468
counter/6/0/0/0,14244:1747647661339:,1747647678468
counter/2/0/0/0,14184:1747647660711:,1747647678468
counter/2/0/0/0,14185:1747647660711:,1747647678468
counter/6/0/0/0,14245:1747647661339:,1747647678469
counter/6/0/0/0,14246:1747647661339:,1747647678469
counter/6/0/0/0,14247:1747647661339:,1747647678469
counter/6/0/0/0,14248:1747647661339:,1747647678469
counter/6/0/0/0,14249:1747647661339:,1747647678469
counter/6/0/0/0,14250:1747647661339:,1747647678469
counter/6/0/0/0,14251:1747647661339:,1747647678470
counter/7/0/0/0,14115:1747647660961:,1747647678470
counter/9/0/0/0,14900:1747647660904:,1747647678470
counter/9/0/0/0,14901:1747647660904:,1747647678470
counter/9/0/0/0,14902:1747647660908:,1747647678470
counter/3/0/0/0,15177:1747647662785:,1747647678470
counter/8/0/0/0,14502:1747647660830:,1747647678470
counter/5/0/0/0,14190:1747647660717:,1747647678472
counter/5/0/0/0,14191:1747647660717:,1747647678472
counter/5/0/0/0,14192:1747647660717:,1747647678472
counter/5/0/0/0,14193:1747647660717:,1747647678472
counter/5/0/0/0,14194:1747647660717:,1747647678472
counter/5/0/0/0,14195:1747647660717:,1747647678472
counter/5/0/0/0,14196:1747647660717:,1747647678472
counter/5/0/0/0,14197:1747647660717:,1747647678472
counter/5/0/0/0,14198:1747647660719:,1747647678472
counter/4/0/0/0,14460:1747647662658:,1747647678472
counter/9/0/0/0,14903:1747647660908:,1747647678472
counter/9/0/0/0,14904:1747647660908:,1747647678472
counter/9/0/0/0,14905:1747647660908:,1747647678472
counter/9/0/0/0,14906:1747647660908:,1747647678472
counter/9/0/0/0,14907:1747647660913:,1747647678472
counter/9/0/0/0,14908:1747647660928:,1747647678472
counter/10/0/0/0,13452:1747647660780:,1747647678473
counter/4/0/0/0,14461:1747647662658:,1747647678473
counter/4/0/0/0,14462:1747647662658:,1747647678473
counter/4/0/0/0,14463:1747647662658:,1747647678473
counter/4/0/0/0,14464:1747647662658:,1747647678473
counter/4/0/0/0,14465:1747647662662:,1747647678473
counter/4/0/0/0,14466:1747647662662:,1747647678473
counter/9/0/0/0,14909:1747647660928:,1747647678473
counter/9/0/0/0,14910:1747647660928:,1747647678473
counter/9/0/0/0,14911:1747647660928:,1747647678473
counter/9/0/0/0,14912:1747647660928:,1747647678473
counter/9/0/0/0,14913:1747647660928:,1747647678473
counter/10/0/0/0,13453:1747647660780:,1747647678474
counter/10/0/0/0,13454:1747647660784:,1747647678474
counter/10/0/0/0,13455:1747647660784:,1747647678474
counter/10/0/0/0,13456:1747647660784:,1747647678474
counter/10/0/0/0,13457:1747647660784:,1747647678474
counter/10/0/0/0,13458:1747647660784:,1747647678474
counter/7/0/0/0,14116:1747647660961:,1747647678475
counter/2/0/0/0,14186:1747647660711:,1747647678475
counter/2/0/0/0,14187:1747647660711:,1747647678475
counter/10/0/0/0,13459:1747647660784:,1747647678475
counter/10/0/0/0,13460:1747647660784:,1747647678475
counter/10/0/0/0,13461:1747647660784:,1747647678475
counter/9/0/0/0,14914:1747647660928:,1747647678475
counter/10/0/0/0,13462:1747647660793:,1747647678476
counter/2/0/0/0,14188:1747647660711:,1747647678476
counter/2/0/0/0,14189:1747647660711:,1747647678476
counter/2/0/0/0,14190:1747647660711:,1747647678476
counter/2/0/0/0,14191:1747647660711:,1747647678476
counter/2/0/0/0,14192:1747647660711:,1747647678476
counter/2/0/0/0,14193:1747647660712:,1747647678477
counter/6/0/0/0,14252:1747647661339:,1747647678479
counter/1/0/0/0,15486:1747647662452:,1747647678481
counter/1/0/0/0,15487:1747647662452:,1747647678481
counter/1/0/0/0,15488:1747647662452:,1747647678481
counter/1/0/0/0,15489:1747647662457:,1747647678481
counter/1/0/0/0,15490:1747647662457:,1747647678481
counter/1/0/0/0,15491:1747647662457:,1747647678481
counter/1/0/0/0,15492:1747647662457:,1747647678481
counter/1/0/0/0,15493:1747647662457:,1747647678481
counter/1/0/0/0,15494:1747647662457:,1747647678481
counter/10/0/0/0,13463:1747647660793:,1747647678481
counter/4/0/0/0,14467:1747647662662:,1747647678481
counter/10/0/0/0,13464:1747647660793:,1747647678482
counter/8/0/0/0,14503:1747647660838:,1747647678482
counter/4/0/0/0,14468:1747647662662:,1747647678482
counter/4/0/0/0,14469:1747647662662:,1747647678482
counter/9/0/0/0,14915:1747647660929:,1747647678482
counter/4/0/0/0,14470:1747647662662:,1747647678482
counter/9/0/0/0,14916:1747647660929:,1747647678482
counter/9/0/0/0,14917:1747647660929:,1747647678483
counter/9/0/0/0,14918:1747647660929:,1747647678483
counter/9/0/0/0,14919:1747647660929:,1747647678483
counter/9/0/0/0,14920:1747647660929:,1747647678483
counter/9/0/0/0,14921:1747647660929:,1747647678483
counter/9/0/0/0,14922:1747647660929:,1747647678483
counter/9/0/0/0,14923:1747647660929:,1747647678483
counter/9/0/0/0,14924:1747647660929:,1747647678483
counter/9/0/0/0,14925:1747647660929:,1747647678483
counter/9/0/0/0,14926:1747647660929:,1747647678483
counter/9/0/0/0,14927:1747647660929:,1747647678483
counter/9/0/0/0,14928:1747647660929:,1747647678483
counter/10/0/0/0,13465:1747647660793:,1747647678484
counter/10/0/0/0,13466:1747647660794:,1747647678484
counter/10/0/0/0,13467:1747647660794:,1747647678484
counter/10/0/0/0,13468:1747647660794:,1747647678484
counter/10/0/0/0,13469:1747647660794:,1747647678484
counter/10/0/0/0,13470:1747647660794:,1747647678484
counter/10/0/0/0,13471:1747647660796:,1747647678484
counter/10/0/0/0,13472:1747647660796:,1747647678485
counter/10/0/0/0,13473:1747647660796:,1747647678485
counter/10/0/0/0,13474:1747647660796:,1747647678485
counter/10/0/0/0,13475:1747647660796:,1747647678485
counter/6/0/0/0,14253:1747647661339:,1747647678487
counter/7/0/0/0,14117:1747647660967:,1747647678487
counter/1/0/0/0,15495:1747647662457:,1747647678487
counter/2/0/0/0,14194:1747647660712:,1747647678487
counter/2/0/0/0,14195:1747647660712:,1747647678487
counter/2/0/0/0,14196:1747647660712:,1747647678487
counter/2/0/0/0,14197:1747647660712:,1747647678487
counter/2/0/0/0,14198:1747647660712:,1747647678487
counter/2/0/0/0,14199:1747647660712:,1747647678488
counter/9/0/0/0,14929:1747647660929:,1747647678488
counter/2/0/0/0,14200:1747647660712:,1747647678488
counter/5/0/0/0,14199:1747647660719:,1747647678488
counter/10/0/0/0,13476:1747647660796:,1747647678488
counter/10/0/0/0,13477:1747647660796:,1747647678488
counter/10/0/0/0,13478:1747647660796:,1747647678488
counter/10/0/0/0,13479:1747647660796:,1747647678488
counter/4/0/0/0,14471:1747647662662:,1747647678488
counter/4/0/0/0,14472:1747647662662:,1747647678488
counter/4/0/0/0,14473:1747647662662:,1747647678489
counter/4/0/0/0,14474:1747647662662:,1747647678489
counter/9/0/0/0,14930:1747647660929:,1747647678489
counter/8/0/0/0,14504:1747647660838:,1747647678489
counter/5/0/0/0,14200:1747647660719:,1747647678489
counter/8/0/0/0,14505:1747647660838:,1747647678489
counter/6/0/0/0,14254:1747647661340:,1747647678489
counter/9/0/0/0,14931:1747647660929:,1747647678490
counter/5/0/0/0,14201:1747647660719:,1747647678490
counter/2/0/0/0,14201:1747647660712:,1747647678490
counter/2/0/0/0,14202:1747647660712:,1747647678491
counter/9/0/0/0,14932:1747647660929:,1747647678491
counter/2/0/0/0,14203:1747647660712:,1747647678491
counter/2/0/0/0,14204:1747647660718:,1747647678491
counter/2/0/0/0,14205:1747647660718:,1747647678491
counter/2/0/0/0,14206:1747647660718:,1747647678491
counter/2/0/0/0,14207:1747647660718:,1747647678493
counter/2/0/0/0,14208:1747647660718:,1747647678493
counter/9/0/0/0,14933:1747647660929:,1747647678493
counter/2/0/0/0,14209:1747647660718:,1747647678493
counter/8/0/0/0,14506:1747647660853:,1747647678493
counter/2/0/0/0,14210:1747647660727:,1747647678493
counter/2/0/0/0,14211:1747647660728:,1747647678493
counter/8/0/0/0,14507:1747647660855:,1747647678493
counter/2/0/0/0,14212:1747647660728:,1747647678493
counter/8/0/0/0,14508:1747647660855:,1747647678493
counter/8/0/0/0,14509:1747647660856:,1747647678493
counter/8/0/0/0,14510:1747647660865:,1747647678493
counter/8/0/0/0,14511:1747647660865:,1747647678493
counter/8/0/0/0,14512:1747647660865:,1747647678493
counter/10/0/0/0,13480:1747647660798:,1747647678493
counter/8/0/0/0,14513:1747647660865:,1747647678494
counter/6/0/0/0,14255:1747647661340:,1747647678494
counter/5/0/0/0,14202:1747647660719:,1747647678494
counter/5/0/0/0,14203:1747647660719:,1747647678494
counter/5/0/0/0,14204:1747647660719:,1747647678494
counter/5/0/0/0,14205:1747647660719:,1747647678494
counter/5/0/0/0,14206:1747647660719:,1747647678494
counter/5/0/0/0,14207:1747647660719:,1747647678494
counter/5/0/0/0,14208:1747647660719:,1747647678494
counter/5/0/0/0,14209:1747647660719:,1747647678494
counter/5/0/0/0,14210:1747647660719:,1747647678494
counter/2/0/0/0,14213:1747647660728:,1747647678495
counter/2/0/0/0,14214:1747647660728:,1747647678495
counter/2/0/0/0,14215:1747647660728:,1747647678495
counter/2/0/0/0,14216:1747647660728:,1747647678496
counter/2/0/0/0,14217:1747647660728:,1747647678496
counter/1/0/0/0,15496:1747647662457:,1747647678496
counter/1/0/0/0,15497:1747647662457:,1747647678496
counter/8/0/0/0,14514:1747647660865:,1747647678496
counter/8/0/0/0,14515:1747647660865:,1747647678496
counter/8/0/0/0,14516:1747647660872:,1747647678496
counter/10/0/0/0,13481:1747647660798:,1747647678496
counter/9/0/0/0,14934:1747647660929:,1747647678496
counter/7/0/0/0,14118:1747647660967:,1747647678497
counter/9/0/0/0,14935:1747647660929:,1747647678497
counter/9/0/0/0,14936:1747647660929:,1747647678497
counter/4/0/0/0,14475:1747647662662:,1747647678497
counter/9/0/0/0,14937:1747647660929:,1747647678497
counter/9/0/0/0,14938:1747647660929:,1747647678497
counter/9/0/0/0,14939:1747647660930:,1747647678497
counter/9/0/0/0,14940:1747647660930:,1747647678497
counter/9/0/0/0,14941:1747647660933:,1747647678497
counter/9/0/0/0,14942:1747647660933:,1747647678497
counter/8/0/0/0,14517:1747647660872:,1747647678497
counter/6/0/0/0,14256:1747647661340:,1747647678497
counter/7/0/0/0,14119:1747647660967:,1747647678497
counter/6/0/0/0,14257:1747647661340:,1747647678497
counter/6/0/0/0,14258:1747647661340:,1747647678497
counter/2/0/0/0,14218:1747647660728:,1747647678497
counter/6/0/0/0,14259:1747647661341:,1747647678498
counter/6/0/0/0,14260:1747647661341:,1747647678498
counter/4/0/0/0,14476:1747647662662:,1747647678499
counter/10/0/0/0,13482:1747647660798:,1747647678499
counter/10/0/0/0,13483:1747647660798:,1747647678499
counter/10/0/0/0,13484:1747647660799:,1747647678499
counter/10/0/0/0,13485:1747647660799:,1747647678499
counter/8/0/0/0,14518:1747647660872:,1747647678499
counter/5/0/0/0,14211:1747647660719:,1747647678499
counter/5/0/0/0,14212:1747647660719:,1747647678499
counter/5/0/0/0,14213:1747647660719:,1747647678499
counter/5/0/0/0,14214:1747647660719:,1747647678500
counter/5/0/0/0,14215:1747647660719:,1747647678500
counter/5/0/0/0,14216:1747647660719:,1747647678500
counter/5/0/0/0,14217:1747647660719:,1747647678500
counter/5/0/0/0,14218:1747647660720:,1747647678500
counter/5/0/0/0,14219:1747647660720:,1747647678500
counter/5/0/0/0,14220:1747647660720:,1747647678500
counter/5/0/0/0,14221:1747647660720:,1747647678500
counter/5/0/0/0,14222:1747647660720:,1747647678500
counter/5/0/0/0,14223:1747647660720:,1747647678500
counter/5/0/0/0,14224:1747647660720:,1747647678500
counter/5/0/0/0,14225:1747647660720:,1747647678500
counter/5/0/0/0,14226:1747647660720:,1747647678500
counter/5/0/0/0,14227:1747647660720:,1747647678500
counter/5/0/0/0,14228:1747647660720:,1747647678500
counter/5/0/0/0,14229:1747647660720:,1747647678500
counter/5/0/0/0,14230:1747647660722:,1747647678500
counter/5/0/0/0,14231:1747647660723:,1747647678500
counter/5/0/0/0,14232:1747647660723:,1747647678500
counter/5/0/0/0,14233:1747647660723:,1747647678500
counter/4/0/0/0,14477:1747647662662:,1747647678500
counter/8/0/0/0,14519:1747647660872:,1747647678500
counter/5/0/0/0,14234:1747647660723:,1747647678500
counter/5/0/0/0,14235:1747647660723:,1747647678501
counter/5/0/0/0,14236:1747647660723:,1747647678501
counter/2/0/0/0,14219:1747647660728:,1747647678501
counter/10/0/0/0,13486:1747647660799:,1747647678501
counter/10/0/0/0,13487:1747647660799:,1747647678501
counter/10/0/0/0,13488:1747647660799:,1747647678501
counter/10/0/0/0,13489:1747647660799:,1747647678501
counter/10/0/0/0,13490:1747647660825:,1747647678501
counter/10/0/0/0,13491:1747647660825:,1747647678501
counter/10/0/0/0,13492:1747647660825:,1747647678501
counter/4/0/0/0,14478:1747647662663:,1747647678501
counter/4/0/0/0,14479:1747647662663:,1747647678501
counter/4/0/0/0,14480:1747647662663:,1747647678501
counter/5/0/0/0,14237:1747647660723:,1747647678501
counter/5/0/0/0,14238:1747647660723:,1747647678501
counter/5/0/0/0,14239:1747647660723:,1747647678501
counter/5/0/0/0,14240:1747647660723:,1747647678501
counter/5/0/0/0,14241:1747647660723:,1747647678501
counter/1/0/0/0,15498:1747647662457:,1747647678501
counter/10/0/0/0,13493:1747647660825:,1747647678502
counter/1/0/0/0,15499:1747647662457:,1747647678503
counter/10/0/0/0,13494:1747647660825:,1747647678503
counter/1/0/0/0,15500:1747647662457:,1747647678503
counter/6/0/0/0,14261:1747647661341:,1747647678503
counter/6/0/0/0,14262:1747647661341:,1747647678503
counter/6/0/0/0,14263:1747647661341:,1747647678503
counter/6/0/0/0,14264:1747647661341:,1747647678503
counter/3/0/0/0,15178:1747647662788:,1747647678503
counter/7/0/0/0,14120:1747647660968:,1747647678503
counter/10/0/0/0,13495:1747647660825:,1747647678503
counter/10/0/0/0,13496:1747647660825:,1747647678503
counter/2/0/0/0,14220:1747647660728:,1747647678504
counter/2/0/0/0,14221:1747647660728:,1747647678504
counter/1/0/0/0,15501:1747647662457:,1747647678504
counter/8/0/0/0,14520:1747647660872:,1747647678504
counter/10/0/0/0,13497:1747647660828:,1747647678505
counter/10/0/0/0,13498:1747647660828:,1747647678505
counter/10/0/0/0,13499:1747647660828:,1747647678505
counter/3/0/0/0,15179:1747647662788:,1747647678506
counter/7/0/0/0,14121:1747647660972:,1747647678506
counter/10/0/0/0,13500:1747647660828:,1747647678506
counter/8/0/0/0,14521:1747647660872:,1747647678506
counter/2/0/0/0,14222:1747647660728:,1747647678506
counter/2/0/0/0,14223:1747647660728:,1747647678506
counter/1/0/0/0,15502:1747647662458:,1747647678507
counter/6/0/0/0,14265:1747647661341:,1747647678507
counter/1/0/0/0,15503:1747647662458:,1747647678507
counter/7/0/0/0,14122:1747647660974:,1747647678507
counter/7/0/0/0,14123:1747647660974:,1747647678507
counter/7/0/0/0,14124:1747647660974:,1747647678507
counter/7/0/0/0,14125:1747647660974:,1747647678507
counter/7/0/0/0,14126:1747647660976:,1747647678507
counter/7/0/0/0,14127:1747647660976:,1747647678507
counter/7/0/0/0,14128:1747647660976:,1747647678507
counter/9/0/0/0,14943:1747647660933:,1747647678507
counter/3/0/0/0,15180:1747647662788:,1747647678507
counter/3/0/0/0,15181:1747647662794:,1747647678507
counter/3/0/0/0,15182:1747647662794:,1747647678508
counter/4/0/0/0,14481:1747647662663:,1747647678508
counter/4/0/0/0,14482:1747647662666:,1747647678508
counter/5/0/0/0,14242:1747647660723:,1747647678508
counter/6/0/0/0,14266:1747647661341:,1747647678510
counter/4/0/0/0,14483:1747647662666:,1747647678511
counter/6/0/0/0,14267:1747647661342:,1747647678511
counter/5/0/0/0,14243:1747647660723:,1747647678511
counter/4/0/0/0,14484:1747647662666:,1747647678511
counter/4/0/0/0,14485:1747647662666:,1747647678512
counter/4/0/0/0,14486:1747647662666:,1747647678512
counter/3/0/0/0,15183:1747647662794:,1747647678515
counter/8/0/0/0,14522:1747647660872:,1747647678515
counter/5/0/0/0,14244:1747647660723:,1747647678515
counter/10/0/0/0,13501:1747647660828:,1747647678515
counter/10/0/0/0,13502:1747647660828:,1747647678515
counter/10/0/0/0,13503:1747647660828:,1747647678515
counter/10/0/0/0,13504:1747647660828:,1747647678515
counter/10/0/0/0,13505:1747647660829:,1747647678515
counter/10/0/0/0,13506:1747647660831:,1747647678515
counter/4/0/0/0,14487:1747647662666:,1747647678516
counter/9/0/0/0,14944:1747647660933:,1747647678516
counter/9/0/0/0,14945:1747647660933:,1747647678516
counter/9/0/0/0,14946:1747647660933:,1747647678516
counter/9/0/0/0,14947:1747647660933:,1747647678516
counter/9/0/0/0,14948:1747647660933:,1747647678517
counter/9/0/0/0,14949:1747647660933:,1747647678517
counter/9/0/0/0,14950:1747647660933:,1747647678517
counter/9/0/0/0,14951:1747647660933:,1747647678517
counter/9/0/0/0,14952:1747647660933:,1747647678517
counter/9/0/0/0,14953:1747647660933:,1747647678517
counter/9/0/0/0,14954:1747647660933:,1747647678517
counter/9/0/0/0,14955:1747647660933:,1747647678517
counter/9/0/0/0,14956:1747647660933:,1747647678517
counter/9/0/0/0,14957:1747647660933:,1747647678517
counter/9/0/0/0,14958:1747647660934:,1747647678517
counter/9/0/0/0,14959:1747647660934:,1747647678517
counter/9/0/0/0,14960:1747647660934:,1747647678517
counter/9/0/0/0,14961:1747647660939:,1747647678517
counter/9/0/0/0,14962:1747647660939:,1747647678517
counter/9/0/0/0,14963:1747647660939:,1747647678517
counter/9/0/0/0,14964:1747647660939:,1747647678517
counter/9/0/0/0,14965:1747647660939:,1747647678517
counter/9/0/0/0,14966:1747647660939:,1747647678517
counter/9/0/0/0,14967:1747647660939:,1747647678517
counter/9/0/0/0,14968:1747647660939:,1747647678517
counter/9/0/0/0,14969:1747647660939:,1747647678517
counter/9/0/0/0,14970:1747647660939:,1747647678517
counter/9/0/0/0,14971:1747647660939:,1747647678517
counter/9/0/0/0,14972:1747647660939:,1747647678517
counter/4/0/0/0,14488:1747647662666:,1747647678519
counter/9/0/0/0,14973:1747647660939:,1747647678519
counter/4/0/0/0,14489:1747647662666:,1747647678519
counter/4/0/0/0,14490:1747647662666:,1747647678519
counter/4/0/0/0,14491:1747647662666:,1747647678519
counter/4/0/0/0,14492:1747647662666:,1747647678519
counter/4/0/0/0,14493:1747647662666:,1747647678519
counter/4/0/0/0,14494:1747647662666:,1747647678519
counter/10/0/0/0,13507:1747647660831:,1747647678519
counter/10/0/0/0,13508:1747647660832:,1747647678519
counter/6/0/0/0,14268:1747647661342:,1747647678519
counter/7/0/0/0,14129:1747647660976:,1747647678519
counter/7/0/0/0,14130:1747647660976:,1747647678519
counter/7/0/0/0,14131:1747647660976:,1747647678519
counter/4/0/0/0,14495:1747647662666:,1747647678520
counter/3/0/0/0,15184:1747647662794:,1747647678520
counter/1/0/0/0,15504:1747647662458:,1747647678520
counter/2/0/0/0,14224:1747647660735:,1747647678520
counter/2/0/0/0,14225:1747647660740:,1747647678520
counter/6/0/0/0,14269:1747647661344:,1747647678521
counter/7/0/0/0,14132:1747647660976:,1747647678521
counter/7/0/0/0,14133:1747647660976:,1747647678522
counter/7/0/0/0,14134:1747647660976:,1747647678522
counter/7/0/0/0,14135:1747647660976:,1747647678522
counter/7/0/0/0,14136:1747647660976:,1747647678522
counter/7/0/0/0,14137:1747647660976:,1747647678522
counter/5/0/0/0,14245:1747647660723:,1747647678522
counter/8/0/0/0,14523:1747647660872:,1747647678522
counter/4/0/0/0,14496:1747647662666:,1747647678522
counter/8/0/0/0,14524:1747647660872:,1747647678522
counter/4/0/0/0,14497:1747647662666:,1747647678522
counter/4/0/0/0,14498:1747647662666:,1747647678522
counter/10/0/0/0,13509:1747647660832:,1747647678522
counter/10/0/0/0,13510:1747647660832:,1747647678522
counter/10/0/0/0,13511:1747647660832:,1747647678524
counter/10/0/0/0,13512:1747647660832:,1747647678524
counter/10/0/0/0,13513:1747647660832:,1747647678524
counter/2/0/0/0,14226:1747647660740:,1747647678524
counter/2/0/0/0,14227:1747647660740:,1747647678524
counter/2/0/0/0,14228:1747647660740:,1747647678524
counter/2/0/0/0,14229:1747647660740:,1747647678524
counter/6/0/0/0,14270:1747647661345:,1747647678524
counter/2/0/0/0,14230:1747647660740:,1747647678525
counter/1/0/0/0,15505:1747647662458:,1747647678525
counter/5/0/0/0,14246:1747647660723:,1747647678525
counter/5/0/0/0,14247:1747647660724:,1747647678525
counter/5/0/0/0,14248:1747647660724:,1747647678525
counter/5/0/0/0,14249:1747647660724:,1747647678525
counter/5/0/0/0,14250:1747647660724:,1747647678525
counter/8/0/0/0,14525:1747647660880:,1747647678525
counter/4/0/0/0,14499:1747647662666:,1747647678525
counter/9/0/0/0,14974:1747647660940:,1747647678525
counter/10/0/0/0,13514:1747647660832:,1747647678526
counter/1/0/0/0,15506:1747647662458:,1747647678529
counter/10/0/0/0,13515:1747647660832:,1747647678529
counter/9/0/0/0,14975:1747647660952:,1747647678529
counter/9/0/0/0,14976:1747647660952:,1747647678529
counter/8/0/0/0,14526:1747647660880:,1747647678530
counter/2/0/0/0,14231:1747647660740:,1747647678530
counter/7/0/0/0,14138:1747647660976:,1747647678531
counter/7/0/0/0,14139:1747647660976:,1747647678531
counter/4/0/0/0,14500:1747647662668:,1747647678531
counter/1/0/0/0,15507:1747647662458:,1747647678532
counter/9/0/0/0,14977:1747647660952:,1747647678532
counter/9/0/0/0,14978:1747647660952:,1747647678533
counter/7/0/0/0,14140:1747647660976:,1747647678533
counter/9/0/0/0,14979:1747647660952:,1747647678533
counter/9/0/0/0,14980:1747647660952:,1747647678533
counter/9/0/0/0,14981:1747647660952:,1747647678533
counter/9/0/0/0,14982:1747647660952:,1747647678533
counter/4/0/0/0,14501:1747647662668:,1747647678533
counter/4/0/0/0,14502:1747647662668:,1747647678533
counter/4/0/0/0,14503:1747647662668:,1747647678533
counter/4/0/0/0,14504:1747647662668:,1747647678533
counter/6/0/0/0,14271:1747647661345:,1747647678533
counter/6/0/0/0,14272:1747647661345:,1747647678533
counter/6/0/0/0,14273:1747647661345:,1747647678533
counter/6/0/0/0,14274:1747647661345:,1747647678533
counter/6/0/0/0,14275:1747647661345:,1747647678534
counter/6/0/0/0,14276:1747647661345:,1747647678534
counter/6/0/0/0,14277:1747647661345:,1747647678534
counter/6/0/0/0,14278:1747647661345:,1747647678534
counter/6/0/0/0,14279:1747647661345:,1747647678534
counter/7/0/0/0,14141:1747647660976:,1747647678534
counter/10/0/0/0,13516:1747647660832:,1747647678534
counter/10/0/0/0,13517:1747647660832:,1747647678534
counter/10/0/0/0,13518:1747647660832:,1747647678534
counter/10/0/0/0,13519:1747647660832:,1747647678534
counter/3/0/0/0,15185:1747647662794:,1747647678535
counter/8/0/0/0,14527:1747647660880:,1747647678536
counter/2/0/0/0,14232:1747647660740:,1747647678536
counter/4/0/0/0,14505:1747647662668:,1747647678537
counter/5/0/0/0,14251:1747647660724:,1747647678538
counter/2/0/0/0,14233:1747647660740:,1747647678538
counter/2/0/0/0,14234:1747647660740:,1747647678540
counter/2/0/0/0,14235:1747647660740:,1747647678540
counter/2/0/0/0,14236:1747647660740:,1747647678540
counter/2/0/0/0,14237:1747647660747:,1747647678540
counter/2/0/0/0,14238:1747647660747:,1747647678540
counter/2/0/0/0,14239:1747647660747:,1747647678540
counter/10/0/0/0,13520:1747647660832:,1747647678540
counter/9/0/0/0,14983:1747647660952:,1747647678540
counter/3/0/0/0,15186:1747647662794:,1747647678540
counter/9/0/0/0,14984:1747647660952:,1747647678540
counter/4/0/0/0,14506:1747647662668:,1747647678540
counter/4/0/0/0,14507:1747647662668:,1747647678540
counter/4/0/0/0,14508:1747647662668:,1747647678542
counter/4/0/0/0,14509:1747647662668:,1747647678542
counter/4/0/0/0,14510:1747647662668:,1747647678542
counter/4/0/0/0,14511:1747647662668:,1747647678543
counter/4/0/0/0,14512:1747647662668:,1747647678543
counter/4/0/0/0,14513:1747647662668:,1747647678543
counter/4/0/0/0,14514:1747647662668:,1747647678544
counter/4/0/0/0,14515:1747647662669:,1747647678545
counter/4/0/0/0,14516:1747647662669:,1747647678545
counter/4/0/0/0,14517:1747647662669:,1747647678545
counter/4/0/0/0,14518:1747647662669:,1747647678545
counter/4/0/0/0,14519:1747647662669:,1747647678545
counter/4/0/0/0,14520:1747647662669:,1747647678545
counter/4/0/0/0,14521:1747647662669:,1747647678545
counter/4/0/0/0,14522:1747647662669:,1747647678545
counter/4/0/0/0,14523:1747647662669:,1747647678545
counter/4/0/0/0,14524:1747647662669:,1747647678545
counter/7/0/0/0,14142:1747647660976:,1747647678545
counter/7/0/0/0,14143:1747647660976:,1747647678545
counter/7/0/0/0,14144:1747647660976:,1747647678545
counter/7/0/0/0,14145:1747647660976:,1747647678545
counter/7/0/0/0,14146:1747647660976:,1747647678545
counter/7/0/0/0,14147:1747647660976:,1747647678545
counter/7/0/0/0,14148:1747647660976:,1747647678545
counter/7/0/0/0,14149:1747647660987:,1747647678545
counter/7/0/0/0,14150:1747647660987:,1747647678546
counter/7/0/0/0,14151:1747647660988:,1747647678546
counter/7/0/0/0,14152:1747647660988:,1747647678546
counter/7/0/0/0,14153:1747647660988:,1747647678546
counter/6/0/0/0,14280:1747647661346:,1747647678548
counter/6/0/0/0,14281:1747647661351:,1747647678548
counter/6/0/0/0,14282:1747647661351:,1747647678548
counter/6/0/0/0,14283:1747647661351:,1747647678548
counter/6/0/0/0,14284:1747647661351:,1747647678548
counter/6/0/0/0,14285:1747647661351:,1747647678548
counter/6/0/0/0,14286:1747647661351:,1747647678548
counter/6/0/0/0,14287:1747647661351:,1747647678548
counter/6/0/0/0,14288:1747647661351:,1747647678548
counter/6/0/0/0,14289:1747647661351:,1747647678548
counter/2/0/0/0,14240:1747647660747:,1747647678549
counter/1/0/0/0,15508:1747647662462:,1747647678549
counter/4/0/0/0,14525:1747647662669:,1747647678549
counter/4/0/0/0,14526:1747647662669:,1747647678549
counter/4/0/0/0,14527:1747647662669:,1747647678549
counter/4/0/0/0,14528:1747647662671:,1747647678549
counter/4/0/0/0,14529:1747647662671:,1747647678549
counter/4/0/0/0,14530:1747647662672:,1747647678549
counter/4/0/0/0,14531:1747647662674:,1747647678549
counter/10/0/0/0,13521:1747647660832:,1747647678549
counter/10/0/0/0,13522:1747647660837:,1747647678550
counter/10/0/0/0,13523:1747647660837:,1747647678550
counter/10/0/0/0,13524:1747647660837:,1747647678550
counter/10/0/0/0,13525:1747647660837:,1747647678550
counter/9/0/0/0,14985:1747647660952:,1747647678550
counter/9/0/0/0,14986:1747647660952:,1747647678550
counter/3/0/0/0,15187:1747647662794:,1747647678551
counter/8/0/0/0,14528:1747647660880:,1747647678551
counter/3/0/0/0,15188:1747647662808:,1747647678551
counter/3/0/0/0,15189:1747647662808:,1747647678551
counter/3/0/0/0,15190:1747647662809:,1747647678551
counter/5/0/0/0,14252:1747647660724:,1747647678551
counter/3/0/0/0,15191:1747647662809:,1747647678551
counter/5/0/0/0,14253:1747647660724:,1747647678551
counter/3/0/0/0,15192:1747647662809:,1747647678551
counter/5/0/0/0,14254:1747647660724:,1747647678551
counter/3/0/0/0,15193:1747647662809:,1747647678551
counter/4/0/0/0,14532:1747647662674:,1747647678551
counter/4/0/0/0,14533:1747647662674:,1747647678552
counter/8/0/0/0,14529:1747647660880:,1747647678552
counter/6/0/0/0,14290:1747647661351:,1747647678552
counter/3/0/0/0,15194:1747647662809:,1747647678552
counter/7/0/0/0,14154:1747647660988:,1747647678552
counter/3/0/0/0,15195:1747647662809:,1747647678552
counter/3/0/0/0,15196:1747647662809:,1747647678552
counter/3/0/0/0,15197:1747647662809:,1747647678552
counter/3/0/0/0,15198:1747647662813:,1747647678552
counter/3/0/0/0,15199:1747647662820:,1747647678552
counter/3/0/0/0,15200:1747647662820:,1747647678552
counter/3/0/0/0,15201:1747647662820:,1747647678553
counter/3/0/0/0,15202:1747647662820:,1747647678553
counter/3/0/0/0,15203:1747647662820:,1747647678553
counter/3/0/0/0,15204:1747647662820:,1747647678553
counter/8/0/0/0,14530:1747647660880:,1747647678553
counter/8/0/0/0,14531:1747647660884:,1747647678553
counter/3/0/0/0,15205:1747647662820:,1747647678553
counter/8/0/0/0,14532:1747647660885:,1747647678554
counter/8/0/0/0,14533:1747647660885:,1747647678554
counter/8/0/0/0,14534:1747647660885:,1747647678554
counter/8/0/0/0,14535:1747647660885:,1747647678554
counter/8/0/0/0,14536:1747647660885:,1747647678554
counter/7/0/0/0,14155:1747647660988:,1747647678554
counter/7/0/0/0,14156:1747647660988:,1747647678554
counter/7/0/0/0,14157:1747647660988:,1747647678554
counter/7/0/0/0,14158:1747647660988:,1747647678554
counter/7/0/0/0,14159:1747647660988:,1747647678554
counter/7/0/0/0,14160:1747647660988:,1747647678554
counter/7/0/0/0,14161:1747647660988:,1747647678554
counter/2/0/0/0,14241:1747647660747:,1747647678554
counter/6/0/0/0,14291:1747647661351:,1747647678554
counter/2/0/0/0,14242:1747647660747:,1747647678554
counter/10/0/0/0,13526:1747647660837:,1747647678555
counter/10/0/0/0,13527:1747647660837:,1747647678555
counter/10/0/0/0,13528:1747647660837:,1747647678555
counter/10/0/0/0,13529:1747647660848:,1747647678555
counter/10/0/0/0,13530:1747647660848:,1747647678555
counter/10/0/0/0,13531:1747647660848:,1747647678555
counter/5/0/0/0,14255:1747647660724:,1747647678555
counter/10/0/0/0,13532:1747647660856:,1747647678555
counter/7/0/0/0,14162:1747647660988:,1747647678555
counter/9/0/0/0,14987:1747647660960:,1747647678556
counter/9/0/0/0,14988:1747647660960:,1747647678556
counter/5/0/0/0,14256:1747647660727:,1747647678557
counter/3/0/0/0,15206:1747647662820:,1747647678557
counter/7/0/0/0,14163:1747647660988:,1747647678557
counter/3/0/0/0,15207:1747647662820:,1747647678557
counter/3/0/0/0,15208:1747647662820:,1747647678557
counter/3/0/0/0,15209:1747647662825:,1747647678557
counter/9/0/0/0,14989:1747647660960:,1747647678557
counter/3/0/0/0,15210:1747647662826:,1747647678557
counter/2/0/0/0,14243:1747647660748:,1747647678557
counter/9/0/0/0,14990:1747647660960:,1747647678557
counter/6/0/0/0,14292:1747647661351:,1747647678557
counter/2/0/0/0,14244:1747647660748:,1747647678558
counter/2/0/0/0,14245:1747647660748:,1747647678558
counter/9/0/0/0,14991:1747647660960:,1747647678559
counter/9/0/0/0,14992:1747647660960:,1747647678559
counter/9/0/0/0,14993:1747647660960:,1747647678559
counter/9/0/0/0,14994:1747647660960:,1747647678559
counter/9/0/0/0,14995:1747647660960:,1747647678559
counter/9/0/0/0,14996:1747647660960:,1747647678559
counter/9/0/0/0,14997:1747647660960:,1747647678559
counter/9/0/0/0,14998:1747647660960:,1747647678559
counter/9/0/0/0,14999:1747647660960:,1747647678559
counter/9/0/0/0,15000:1747647660960:,1747647678559
counter/9/0/0/0,15001:1747647660966:,1747647678559
counter/8/0/0/0,14537:1747647660885:,1747647678559
counter/8/0/0/0,14538:1747647660885:,1747647678559
counter/8/0/0/0,14539:1747647660885:,1747647678559
counter/2/0/0/0,14246:1747647660748:,1747647678559
counter/2/0/0/0,14247:1747647660748:,1747647678559
counter/2/0/0/0,14248:1747647660748:,1747647678560
counter/2/0/0/0,14249:1747647660748:,1747647678560
counter/2/0/0/0,14250:1747647660748:,1747647678560
counter/2/0/0/0,14251:1747647660748:,1747647678560
counter/2/0/0/0,14252:1747647660748:,1747647678560
counter/2/0/0/0,14253:1747647660748:,1747647678560
counter/2/0/0/0,14254:1747647660748:,1747647678560
counter/7/0/0/0,14164:1747647660988:,1747647678560
counter/2/0/0/0,14255:1747647660748:,1747647678560
counter/2/0/0/0,14256:1747647660756:,1747647678560
counter/9/0/0/0,15002:1747647660966:,1747647678561
counter/9/0/0/0,15003:1747647660966:,1747647678561
counter/9/0/0/0,15004:1747647660966:,1747647678561
counter/9/0/0/0,15005:1747647660966:,1747647678561
counter/9/0/0/0,15006:1747647660966:,1747647678561
counter/9/0/0/0,15007:1747647660966:,1747647678561
counter/9/0/0/0,15008:1747647660966:,1747647678562
counter/9/0/0/0,15009:1747647660966:,1747647678562
counter/9/0/0/0,15010:1747647660966:,1747647678563
counter/9/0/0/0,15011:1747647660966:,1747647678563
counter/9/0/0/0,15012:1747647660966:,1747647678563
counter/9/0/0/0,15013:1747647660969:,1747647678563
counter/9/0/0/0,15014:1747647660969:,1747647678563
counter/9/0/0/0,15015:1747647660969:,1747647678563
counter/3/0/0/0,15211:1747647662826:,1747647678563
counter/3/0/0/0,15212:1747647662826:,1747647678563
counter/3/0/0/0,15213:1747647662826:,1747647678563
counter/10/0/0/0,13533:1747647660858:,1747647678563
counter/10/0/0/0,13534:1747647660858:,1747647678563
counter/10/0/0/0,13535:1747647660858:,1747647678563
counter/5/0/0/0,14257:1747647660727:,1747647678563
counter/6/0/0/0,14293:1747647661357:,1747647678565
counter/6/0/0/0,14294:1747647661357:,1747647678565
counter/6/0/0/0,14295:1747647661357:,1747647678565
counter/5/0/0/0,14258:1747647660727:,1747647678565
counter/6/0/0/0,14296:1747647661357:,1747647678565
counter/6/0/0/0,14297:1747647661357:,1747647678565
counter/6/0/0/0,14298:1747647661362:,1747647678566
counter/1/0/0/0,15509:1747647662462:,1747647678566
counter/2/0/0/0,14257:1747647660756:,1747647678566
counter/5/0/0/0,14259:1747647660727:,1747647678566
counter/5/0/0/0,14260:1747647660727:,1747647678566
counter/5/0/0/0,14261:1747647660727:,1747647678566
counter/4/0/0/0,14534:1747647662674:,1747647678566
counter/10/0/0/0,13536:1747647660858:,1747647678567
counter/10/0/0/0,13537:1747647660858:,1747647678568
counter/10/0/0/0,13538:1747647660858:,1747647678569
counter/7/0/0/0,14165:1747647660988:,1747647678569
counter/6/0/0/0,14299:1747647661362:,1747647678569
counter/6/0/0/0,14300:1747647661362:,1747647678569
counter/6/0/0/0,14301:1747647661362:,1747647678569
counter/6/0/0/0,14302:1747647661362:,1747647678569
counter/6/0/0/0,14303:1747647661362:,1747647678569
counter/6/0/0/0,14304:1747647661362:,1747647678569
counter/7/0/0/0,14166:1747647660988:,1747647678570
counter/1/0/0/0,15510:1747647662462:,1747647678570
counter/1/0/0/0,15511:1747647662462:,1747647678570
counter/9/0/0/0,15016:1747647660969:,1747647678571
counter/10/0/0/0,13539:1747647660860:,1747647678572
counter/10/0/0/0,13540:1747647660860:,1747647678572
counter/10/0/0/0,13541:1747647660860:,1747647678572
counter/10/0/0/0,13542:1747647660860:,1747647678572
counter/7/0/0/0,14167:1747647660989:,1747647678572
counter/2/0/0/0,14258:1747647660756:,1747647678572
counter/1/0/0/0,15512:1747647662462:,1747647678572
counter/5/0/0/0,14262:1747647660727:,1747647678572
counter/5/0/0/0,14263:1747647660729:,1747647678572
counter/5/0/0/0,14264:1747647660729:,1747647678572
counter/6/0/0/0,14305:1747647661362:,1747647678572
counter/7/0/0/0,14168:1747647660989:,1747647678573
counter/10/0/0/0,13543:1747647660860:,1747647678573
counter/2/0/0/0,14259:1747647660756:,1747647678573
counter/2/0/0/0,14260:1747647660756:,1747647678573
counter/5/0/0/0,14265:1747647660729:,1747647678573
counter/5/0/0/0,14266:1747647660729:,1747647678573
counter/5/0/0/0,14267:1747647660729:,1747647678573
counter/5/0/0/0,14268:1747647660729:,1747647678573
counter/9/0/0/0,15017:1747647660969:,1747647678573
counter/5/0/0/0,14269:1747647660729:,1747647678573
counter/2/0/0/0,14261:1747647660756:,1747647678574
counter/2/0/0/0,14262:1747647660756:,1747647678574
counter/2/0/0/0,14263:1747647660756:,1747647678574
counter/2/0/0/0,14264:1747647660756:,1747647678575
counter/2/0/0/0,14265:1747647660756:,1747647678575
counter/3/0/0/0,15214:1747647662826:,1747647678575
counter/7/0/0/0,14169:1747647660989:,1747647678576
counter/2/0/0/0,14266:1747647660757:,1747647678576
counter/4/0/0/0,14535:1747647662674:,1747647678578
counter/10/0/0/0,13544:1747647660860:,1747647678578
counter/8/0/0/0,14540:1747647660885:,1747647678579
counter/1/0/0/0,15513:1747647662462:,1747647678579
counter/8/0/0/0,14541:1747647660885:,1747647678579
counter/8/0/0/0,14542:1747647660885:,1747647678579
counter/9/0/0/0,15018:1747647660969:,1747647678579
counter/9/0/0/0,15019:1747647660969:,1747647678579
counter/9/0/0/0,15020:1747647660969:,1747647678579
counter/9/0/0/0,15021:1747647660969:,1747647678579
counter/9/0/0/0,15022:1747647660969:,1747647678579
counter/9/0/0/0,15023:1747647660973:,1747647678579
counter/9/0/0/0,15024:1747647660973:,1747647678579
counter/3/0/0/0,15215:1747647662827:,1747647678579
counter/2/0/0/0,14267:1747647660757:,1747647678580
counter/2/0/0/0,14268:1747647660757:,1747647678580
counter/9/0/0/0,15025:1747647660973:,1747647678580
counter/7/0/0/0,14170:1747647660989:,1747647678580
counter/7/0/0/0,14171:1747647660989:,1747647678580
counter/7/0/0/0,14172:1747647660989:,1747647678580
counter/7/0/0/0,14173:1747647660990:,1747647678580
counter/7/0/0/0,14174:1747647660990:,1747647678580
counter/4/0/0/0,14536:1747647662674:,1747647678580
counter/2/0/0/0,14269:1747647660757:,1747647678581
counter/7/0/0/0,14175:1747647660990:,1747647678582
counter/6/0/0/0,14306:1747647661362:,1747647678582
counter/2/0/0/0,14270:1747647660757:,1747647678583
counter/4/0/0/0,14537:1747647662674:,1747647678583
counter/2/0/0/0,14271:1747647660757:,1747647678583
counter/3/0/0/0,15216:1747647662827:,1747647678583
counter/2/0/0/0,14272:1747647660757:,1747647678583
counter/3/0/0/0,15217:1747647662827:,1747647678583
counter/3/0/0/0,15218:1747647662827:,1747647678583
counter/3/0/0/0,15219:1747647662827:,1747647678583
counter/3/0/0/0,15220:1747647662827:,1747647678583
counter/3/0/0/0,15221:1747647662827:,1747647678583
counter/3/0/0/0,15222:1747647662827:,1747647678583
counter/3/0/0/0,15223:1747647662827:,1747647678583
counter/9/0/0/0,15026:1747647660973:,1747647678584
counter/3/0/0/0,15224:1747647662827:,1747647678585
counter/8/0/0/0,14543:1747647660885:,1747647678586
counter/4/0/0/0,14538:1747647662674:,1747647678586
counter/2/0/0/0,14273:1747647660761:,1747647678586
counter/7/0/0/0,14176:1747647660990:,1747647678586
counter/2/0/0/0,14274:1747647660761:,1747647678586
counter/6/0/0/0,14307:1747647661362:,1747647678586
counter/6/0/0/0,14308:1747647661370:,1747647678586
counter/6/0/0/0,14309:1747647661370:,1747647678586
counter/6/0/0/0,14310:1747647661370:,1747647678587
counter/5/0/0/0,14270:1747647660729:,1747647678587
counter/5/0/0/0,14271:1747647660729:,1747647678587
counter/5/0/0/0,14272:1747647660729:,1747647678587
counter/5/0/0/0,14273:1747647660730:,1747647678587
counter/5/0/0/0,14274:1747647660730:,1747647678587
counter/3/0/0/0,15225:1747647662827:,1747647678587
counter/4/0/0/0,14539:1747647662674:,1747647678587
counter/5/0/0/0,14275:1747647660730:,1747647678588
counter/3/0/0/0,15226:1747647662827:,1747647678588
counter/3/0/0/0,15227:1747647662827:,1747647678588
counter/8/0/0/0,14544:1747647660888:,1747647678588
counter/8/0/0/0,14545:1747647660888:,1747647678588
counter/4/0/0/0,14540:1747647662674:,1747647678588
counter/3/0/0/0,15228:1747647662827:,1747647678589
counter/3/0/0/0,15229:1747647662827:,1747647678589
counter/8/0/0/0,14546:1747647660888:,1747647678589
counter/4/0/0/0,14541:1747647662674:,1747647678589
counter/8/0/0/0,14547:1747647660888:,1747647678589
counter/8/0/0/0,14548:1747647660888:,1747647678589
counter/9/0/0/0,15027:1747647660973:,1747647678590
counter/5/0/0/0,14276:1747647660730:,1747647678590
counter/5/0/0/0,14277:1747647660732:,1747647678590
counter/5/0/0/0,14278:1747647660732:,1747647678590
counter/10/0/0/0,13545:1747647660860:,1747647678592
counter/9/0/0/0,15028:1747647660973:,1747647678592
counter/10/0/0/0,13546:1747647660860:,1747647678592
counter/6/0/0/0,14311:1747647661371:,1747647678596
counter/10/0/0/0,13547:1747647660863:,1747647678597
counter/6/0/0/0,14312:1747647661371:,1747647678597
counter/7/0/0/0,14177:1747647660991:,1747647678597
counter/7/0/0/0,14178:1747647660991:,1747647678597
counter/3/0/0/0,15230:1747647662827:,1747647678597
counter/6/0/0/0,14313:1747647661371:,1747647678597
counter/8/0/0/0,14549:1747647660888:,1747647678597
counter/8/0/0/0,14550:1747647660888:,1747647678598
counter/8/0/0/0,14551:1747647660888:,1747647678598
counter/8/0/0/0,14552:1747647660888:,1747647678598
counter/8/0/0/0,14553:1747647660888:,1747647678598
counter/8/0/0/0,14554:1747647660888:,1747647678598
counter/8/0/0/0,14555:1747647660888:,1747647678598
counter/2/0/0/0,14275:1747647660761:,1747647678598
counter/2/0/0/0,14276:1747647660761:,1747647678598
counter/2/0/0/0,14277:1747647660762:,1747647678599
counter/2/0/0/0,14278:1747647660763:,1747647678599
counter/2/0/0/0,14279:1747647660763:,1747647678599
counter/2/0/0/0,14280:1747647660763:,1747647678599
counter/1/0/0/0,15514:1747647662462:,1747647678599
counter/6/0/0/0,14314:1747647661371:,1747647678600
counter/6/0/0/0,14315:1747647661371:,1747647678600
counter/6/0/0/0,14316:1747647661371:,1747647678601
counter/6/0/0/0,14317:1747647661371:,1747647678601
counter/6/0/0/0,14318:1747647661371:,1747647678601
counter/6/0/0/0,14319:1747647661371:,1747647678601
counter/6/0/0/0,14320:1747647661371:,1747647678601
counter/6/0/0/0,14321:1747647661371:,1747647678601
counter/6/0/0/0,14322:1747647661371:,1747647678601
counter/8/0/0/0,14556:1747647660888:,1747647678602
counter/1/0/0/0,15515:1747647662462:,1747647678603
counter/10/0/0/0,13548:1747647660863:,1747647678603
counter/7/0/0/0,14179:1747647661001:,1747647678603
counter/10/0/0/0,13549:1747647660863:,1747647678604
counter/9/0/0/0,15029:1747647660973:,1747647678604
counter/9/0/0/0,15030:1747647660974:,1747647678604
counter/9/0/0/0,15031:1747647660974:,1747647678604
counter/9/0/0/0,15032:1747647660974:,1747647678604
counter/9/0/0/0,15033:1747647660974:,1747647678604
counter/9/0/0/0,15034:1747647660974:,1747647678604
counter/9/0/0/0,15035:1747647660979:,1747647678604
counter/4/0/0/0,14542:1747647662674:,1747647678604
counter/1/0/0/0,15516:1747647662463:,1747647678604
counter/7/0/0/0,14180:1747647661001:,1747647678605
counter/3/0/0/0,15231:1747647662827:,1747647678605
counter/3/0/0/0,15232:1747647662829:,1747647678605
counter/3/0/0/0,15233:1747647662830:,1747647678605
counter/3/0/0/0,15234:1747647662830:,1747647678605
counter/2/0/0/0,14281:1747647660763:,1747647678605
counter/3/0/0/0,15235:1747647662830:,1747647678606
counter/9/0/0/0,15036:1747647660979:,1747647678606
counter/9/0/0/0,15037:1747647660980:,1747647678606
counter/9/0/0/0,15038:1747647660980:,1747647678606
counter/9/0/0/0,15039:1747647660980:,1747647678606
counter/9/0/0/0,15040:1747647660980:,1747647678606
counter/9/0/0/0,15041:1747647660980:,1747647678606
counter/8/0/0/0,14557:1747647660888:,1747647678606
counter/4/0/0/0,14543:1747647662674:,1747647678606
counter/7/0/0/0,14181:1747647661001:,1747647678607
counter/1/0/0/0,15517:1747647662463:,1747647678608
counter/1/0/0/0,15518:1747647662463:,1747647678608
counter/9/0/0/0,15042:1747647660981:,1747647678608
counter/9/0/0/0,15043:1747647660981:,1747647678608
counter/9/0/0/0,15044:1747647660981:,1747647678608
counter/6/0/0/0,14323:1747647661371:,1747647678609
counter/4/0/0/0,14544:1747647662674:,1747647678609
counter/7/0/0/0,14182:1747647661005:,1747647678609
counter/7/0/0/0,14183:1747647661005:,1747647678609
counter/1/0/0/0,15519:1747647662463:,1747647678609
counter/1/0/0/0,15520:1747647662463:,1747647678609
counter/9/0/0/0,15045:1747647660987:,1747647678609
counter/5/0/0/0,14279:1747647660732:,1747647678609
counter/8/0/0/0,14558:1747647660888:,1747647678609
counter/8/0/0/0,14559:1747647660888:,1747647678609
counter/8/0/0/0,14560:1747647660896:,1747647678610
counter/8/0/0/0,14561:1747647660896:,1747647678610
counter/8/0/0/0,14562:1747647660896:,1747647678610
counter/4/0/0/0,14545:1747647662675:,1747647678610
counter/7/0/0/0,14184:1747647661005:,1747647678612
counter/7/0/0/0,14185:1747647661005:,1747647678612
counter/7/0/0/0,14186:1747647661005:,1747647678612
counter/7/0/0/0,14187:1747647661005:,1747647678612
counter/7/0/0/0,14188:1747647661005:,1747647678612
counter/7/0/0/0,14189:1747647661005:,1747647678612
counter/7/0/0/0,14190:1747647661006:,1747647678612
counter/4/0/0/0,14546:1747647662675:,1747647678613
counter/3/0/0/0,15236:1747647662830:,1747647678613
counter/3/0/0/0,15237:1747647662830:,1747647678613
counter/3/0/0/0,15238:1747647662830:,1747647678613
counter/3/0/0/0,15239:1747647662830:,1747647678613
counter/9/0/0/0,15046:1747647660988:,1747647678614
counter/9/0/0/0,15047:1747647660988:,1747647678614
counter/9/0/0/0,15048:1747647660988:,1747647678614
counter/9/0/0/0,15049:1747647660988:,1747647678614
counter/9/0/0/0,15050:1747647660988:,1747647678614
counter/9/0/0/0,15051:1747647660989:,1747647678614
counter/9/0/0/0,15052:1747647660989:,1747647678614
counter/8/0/0/0,14563:1747647660896:,1747647678615
counter/9/0/0/0,15053:1747647660989:,1747647678615
counter/9/0/0/0,15054:1747647660989:,1747647678615
counter/9/0/0/0,15055:1747647660989:,1747647678615
counter/9/0/0/0,15056:1747647660990:,1747647678615
counter/9/0/0/0,15057:1747647660990:,1747647678615
counter/9/0/0/0,15058:1747647660990:,1747647678615
counter/9/0/0/0,15059:1747647660990:,1747647678615
counter/7/0/0/0,14191:1747647661006:,1747647678615
counter/3/0/0/0,15240:1747647662830:,1747647678615
counter/3/0/0/0,15241:1747647662830:,1747647678615
counter/3/0/0/0,15242:1747647662830:,1747647678615
counter/3/0/0/0,15243:1747647662830:,1747647678615
counter/3/0/0/0,15244:1747647662830:,1747647678615
counter/3/0/0/0,15245:1747647662830:,1747647678615
counter/3/0/0/0,15246:1747647662830:,1747647678615
counter/3/0/0/0,15247:1747647662830:,1747647678615
counter/3/0/0/0,15248:1747647662835:,1747647678615
counter/2/0/0/0,14282:1747647660763:,1747647678616
counter/2/0/0/0,14283:1747647660763:,1747647678616
counter/2/0/0/0,14284:1747647660774:,1747647678616
counter/2/0/0/0,14285:1747647660774:,1747647678616
counter/2/0/0/0,14286:1747647660774:,1747647678616
counter/3/0/0/0,15249:1747647662836:,1747647678616
counter/2/0/0/0,14287:1747647660774:,1747647678616
counter/2/0/0/0,14288:1747647660774:,1747647678616
counter/2/0/0/0,14289:1747647660774:,1747647678616
counter/4/0/0/0,14547:1747647662675:,1747647678616
counter/4/0/0/0,14548:1747647662675:,1747647678616
counter/4/0/0/0,14549:1747647662680:,1747647678616
counter/4/0/0/0,14550:1747647662681:,1747647678616
counter/4/0/0/0,14551:1747647662681:,1747647678616
counter/4/0/0/0,14552:1747647662681:,1747647678616
counter/4/0/0/0,14553:1747647662681:,1747647678616
counter/4/0/0/0,14554:1747647662681:,1747647678617
counter/4/0/0/0,14555:1747647662681:,1747647678617
counter/1/0/0/0,15521:1747647662463:,1747647678617
counter/1/0/0/0,15522:1747647662463:,1747647678617
counter/1/0/0/0,15523:1747647662463:,1747647678617
counter/1/0/0/0,15524:1747647662463:,1747647678617
counter/5/0/0/0,14280:1747647660732:,1747647678617
counter/4/0/0/0,14556:1747647662681:,1747647678617
counter/4/0/0/0,14557:1747647662681:,1747647678618
counter/4/0/0/0,14558:1747647662681:,1747647678618
counter/4/0/0/0,14559:1747647662683:,1747647678618
counter/4/0/0/0,14560:1747647662694:,1747647678618
counter/4/0/0/0,14561:1747647662694:,1747647678618
counter/4/0/0/0,14562:1747647662694:,1747647678618
counter/4/0/0/0,14563:1747647662694:,1747647678618
counter/4/0/0/0,14564:1747647662694:,1747647678618
counter/4/0/0/0,14565:1747647662694:,1747647678618
counter/4/0/0/0,14566:1747647662694:,1747647678618
counter/6/0/0/0,14324:1747647661371:,1747647678618
counter/1/0/0/0,15525:1747647662463:,1747647678619
counter/5/0/0/0,14281:1747647660732:,1747647678619
counter/5/0/0/0,14282:1747647660732:,1747647678619
counter/5/0/0/0,14283:1747647660732:,1747647678620
counter/5/0/0/0,14284:1747647660732:,1747647678620
counter/2/0/0/0,14290:1747647660774:,1747647678621
counter/4/0/0/0,14567:1747647662694:,1747647678621
counter/2/0/0/0,14291:1747647660774:,1747647678621
counter/2/0/0/0,14292:1747647660774:,1747647678621
counter/2/0/0/0,14293:1747647660775:,1747647678621
counter/2/0/0/0,14294:1747647660775:,1747647678621
counter/2/0/0/0,14295:1747647660784:,1747647678621
counter/3/0/0/0,15250:1747647662839:,1747647678623
counter/2/0/0/0,14296:1747647660786:,1747647678623
counter/5/0/0/0,14285:1747647660735:,1747647678623
counter/1/0/0/0,15526:1747647662463:,1747647678624
counter/1/0/0/0,15527:1747647662463:,1747647678624
counter/1/0/0/0,15528:1747647662463:,1747647678624
counter/1/0/0/0,15529:1747647662463:,1747647678624
counter/1/0/0/0,15530:1747647662463:,1747647678624
counter/1/0/0/0,15531:1747647662463:,1747647678624
counter/1/0/0/0,15532:1747647662463:,1747647678624
counter/1/0/0/0,15533:1747647662464:,1747647678624
counter/1/0/0/0,15534:1747647662470:,1747647678624
counter/1/0/0/0,15535:1747647662470:,1747647678624
counter/2/0/0/0,14297:1747647660786:,1747647678625
counter/2/0/0/0,14298:1747647660786:,1747647678625
counter/2/0/0/0,14299:1747647660786:,1747647678625
counter/2/0/0/0,14300:1747647660786:,1747647678625
counter/5/0/0/0,14286:1747647660754:,1747647678626
counter/5/0/0/0,14287:1747647660761:,1747647678626
counter/5/0/0/0,14288:1747647660770:,1747647678626
counter/5/0/0/0,14289:1747647660770:,1747647678627
counter/5/0/0/0,14290:1747647660770:,1747647678627
counter/5/0/0/0,14291:1747647660770:,1747647678627
counter/5/0/0/0,14292:1747647660770:,1747647678627
counter/3/0/0/0,15251:1747647662840:,1747647678627
counter/5/0/0/0,14293:1747647660770:,1747647678627
counter/5/0/0/0,14294:1747647660770:,1747647678627
counter/3/0/0/0,15252:1747647662840:,1747647678627
counter/10/0/0/0,13550:1747647660863:,1747647678627
counter/10/0/0/0,13551:1747647660864:,1747647678627
counter/10/0/0/0,13552:1747647660864:,1747647678627
counter/10/0/0/0,13553:1747647660864:,1747647678627
counter/10/0/0/0,13554:1747647660864:,1747647678627
counter/10/0/0/0,13555:1747647660864:,1747647678628
counter/10/0/0/0,13556:1747647660864:,1747647678628
counter/10/0/0/0,13557:1747647660864:,1747647678628
counter/5/0/0/0,14295:1747647660770:,1747647678628
counter/5/0/0/0,14296:1747647660771:,1747647678628
counter/5/0/0/0,14297:1747647660771:,1747647678628
counter/5/0/0/0,14298:1747647660771:,1747647678628
counter/5/0/0/0,14299:1747647660771:,1747647678628
counter/5/0/0/0,14300:1747647660772:,1747647678628
counter/5/0/0/0,14301:1747647660772:,1747647678628
counter/5/0/0/0,14302:1747647660772:,1747647678628
counter/5/0/0/0,14303:1747647660772:,1747647678628
counter/5/0/0/0,14304:1747647660772:,1747647678628
counter/5/0/0/0,14305:1747647660772:,1747647678628
counter/9/0/0/0,15060:1747647660990:,1747647678628
counter/2/0/0/0,14301:1747647660786:,1747647678629
counter/2/0/0/0,14302:1747647660786:,1747647678629
counter/4/0/0/0,14568:1747647662694:,1747647678629
counter/4/0/0/0,14569:1747647662694:,1747647678629
counter/4/0/0/0,14570:1747647662694:,1747647678629
counter/4/0/0/0,14571:1747647662694:,1747647678629
counter/1/0/0/0,15536:1747647662470:,1747647678632
counter/1/0/0/0,15537:1747647662470:,1747647678632
counter/1/0/0/0,15538:1747647662470:,1747647678632
counter/7/0/0/0,14192:1747647661006:,1747647678632
counter/3/0/0/0,15253:1747647662840:,1747647678632
counter/10/0/0/0,13558:1747647660865:,1747647678632
counter/10/0/0/0,13559:1747647660865:,1747647678633
counter/10/0/0/0,13560:1747647660865:,1747647678633
counter/10/0/0/0,13561:1747647660865:,1747647678633
counter/10/0/0/0,13562:1747647660865:,1747647678633
counter/7/0/0/0,14193:1747647661006:,1747647678634
counter/4/0/0/0,14572:1747647662695:,1747647678636
counter/4/0/0/0,14573:1747647662695:,1747647678636
counter/2/0/0/0,14303:1747647660786:,1747647678636
counter/2/0/0/0,14304:1747647660786:,1747647678636
counter/2/0/0/0,14305:1747647660786:,1747647678636
counter/2/0/0/0,14306:1747647660786:,1747647678636
counter/2/0/0/0,14307:1747647660786:,1747647678636
counter/2/0/0/0,14308:1747647660787:,1747647678636
counter/2/0/0/0,14309:1747647660787:,1747647678637
counter/2/0/0/0,14310:1747647660787:,1747647678637
counter/2/0/0/0,14311:1747647660787:,1747647678637
counter/7/0/0/0,14194:1747647661006:,1747647678637
counter/7/0/0/0,14195:1747647661006:,1747647678637
counter/7/0/0/0,14196:1747647661006:,1747647678637
counter/7/0/0/0,14197:1747647661006:,1747647678637
counter/7/0/0/0,14198:1747647661006:,1747647678637
counter/7/0/0/0,14199:1747647661016:,1747647678637
counter/7/0/0/0,14200:1747647661016:,1747647678637
counter/7/0/0/0,14201:1747647661017:,1747647678637
counter/7/0/0/0,14202:1747647661017:,1747647678637
counter/7/0/0/0,14203:1747647661017:,1747647678637
counter/7/0/0/0,14204:1747647661017:,1747647678637
counter/4/0/0/0,14574:1747647662695:,1747647678637
counter/8/0/0/0,14564:1747647660896:,1747647678637
counter/8/0/0/0,14565:1747647660896:,1747647678637
counter/6/0/0/0,14325:1747647661371:,1747647678637
counter/2/0/0/0,14312:1747647660787:,1747647678637
counter/6/0/0/0,14326:1747647661372:,1747647678637
counter/5/0/0/0,14306:1747647660772:,1747647678638
counter/3/0/0/0,15254:1747647662849:,1747647678638
counter/2/0/0/0,14313:1747647660787:,1747647678638
counter/8/0/0/0,14566:1747647660896:,1747647678638
counter/9/0/0/0,15061:1747647660990:,1747647678638
counter/8/0/0/0,14567:1747647660896:,1747647678640
counter/8/0/0/0,14568:1747647660896:,1747647678640
counter/10/0/0/0,13563:1747647660865:,1747647678640
counter/10/0/0/0,13564:1747647660865:,1747647678640
counter/5/0/0/0,14307:1747647660772:,1747647678640
counter/10/0/0/0,13565:1747647660865:,1747647678640
counter/5/0/0/0,14308:1747647660772:,1747647678640
counter/4/0/0/0,14575:1747647662695:,1747647678640
counter/10/0/0/0,13566:1747647660866:,1747647678641
counter/5/0/0/0,14309:1747647660772:,1747647678641
counter/4/0/0/0,14576:1747647662695:,1747647678641
counter/4/0/0/0,14577:1747647662695:,1747647678642
counter/6/0/0/0,14327:1747647661372:,1747647678642
counter/9/0/0/0,15062:1747647660990:,1747647678642
counter/9/0/0/0,15063:1747647660990:,1747647678642
counter/2/0/0/0,14314:1747647660787:,1747647678642
counter/2/0/0/0,14315:1747647660788:,1747647678642
counter/2/0/0/0,14316:1747647660788:,1747647678642
counter/2/0/0/0,14317:1747647660788:,1747647678642
counter/2/0/0/0,14318:1747647660788:,1747647678642
counter/2/0/0/0,14319:1747647660788:,1747647678643
counter/6/0/0/0,14328:1747647661372:,1747647678643
counter/2/0/0/0,14320:1747647660788:,1747647678643
counter/2/0/0/0,14321:1747647660788:,1747647678643
counter/2/0/0/0,14322:1747647660788:,1747647678643
counter/5/0/0/0,14310:1747647660772:,1747647678644
counter/3/0/0/0,15255:1747647662856:,1747647678644
counter/3/0/0/0,15256:1747647662856:,1747647678644
counter/3/0/0/0,15257:1747647662856:,1747647678644
counter/3/0/0/0,15258:1747647662856:,1747647678644
counter/3/0/0/0,15259:1747647662856:,1747647678644
counter/3/0/0/0,15260:1747647662856:,1747647678644
counter/3/0/0/0,15261:1747647662856:,1747647678644
counter/3/0/0/0,15262:1747647662856:,1747647678644
counter/3/0/0/0,15263:1747647662856:,1747647678644
counter/3/0/0/0,15264:1747647662856:,1747647678644
counter/2/0/0/0,14323:1747647660788:,1747647678645
counter/1/0/0/0,15539:1747647662470:,1747647678646
counter/7/0/0/0,14205:1747647661017:,1747647678646
counter/1/0/0/0,15540:1747647662471:,1747647678646
counter/1/0/0/0,15541:1747647662471:,1747647678646
counter/1/0/0/0,15542:1747647662471:,1747647678646
counter/1/0/0/0,15543:1747647662471:,1747647678646
counter/1/0/0/0,15544:1747647662471:,1747647678646
counter/1/0/0/0,15545:1747647662471:,1747647678646
counter/1/0/0/0,15546:1747647662471:,1747647678647
counter/1/0/0/0,15547:1747647662471:,1747647678647
counter/1/0/0/0,15548:1747647662471:,1747647678647
counter/2/0/0/0,14324:1747647660788:,1747647678647
counter/6/0/0/0,14329:1747647661373:,1747647678647
counter/6/0/0/0,14330:1747647661373:,1747647678647
counter/6/0/0/0,14331:1747647661373:,1747647678648
counter/6/0/0/0,14332:1747647661373:,1747647678648
counter/6/0/0/0,14333:1747647661373:,1747647678648
counter/6/0/0/0,14334:1747647661373:,1747647678648
counter/6/0/0/0,14335:1747647661373:,1747647678648
counter/6/0/0/0,14336:1747647661373:,1747647678648
counter/3/0/0/0,15265:1747647662856:,1747647678648
counter/5/0/0/0,14311:1747647660772:,1747647678648
counter/3/0/0/0,15266:1747647662856:,1747647678648
counter/7/0/0/0,14206:1747647661017:,1747647678648
counter/2/0/0/0,14325:1747647660788:,1747647678648
counter/9/0/0/0,15064:1747647660990:,1747647678649
counter/8/0/0/0,14569:1747647660903:,1747647678649
counter/8/0/0/0,14570:1747647660903:,1747647678649
counter/8/0/0/0,14571:1747647660903:,1747647678649
counter/8/0/0/0,14572:1747647660903:,1747647678649
counter/8/0/0/0,14573:1747647660903:,1747647678649
counter/7/0/0/0,14207:1747647661017:,1747647678649
counter/7/0/0/0,14208:1747647661017:,1747647678649
counter/7/0/0/0,14209:1747647661017:,1747647678649
counter/7/0/0/0,14210:1747647661017:,1747647678649
counter/7/0/0/0,14211:1747647661017:,1747647678649
counter/7/0/0/0,14212:1747647661017:,1747647678649
counter/4/0/0/0,14578:1747647662695:,1747647678649
counter/4/0/0/0,14579:1747647662695:,1747647678649
counter/7/0/0/0,14213:1747647661017:,1747647678650
counter/4/0/0/0,14580:1747647662695:,1747647678650
counter/9/0/0/0,15065:1747647660990:,1747647678650
counter/8/0/0/0,14574:1747647660903:,1747647678650
counter/3/0/0/0,15267:1747647662856:,1747647678650
counter/3/0/0/0,15268:1747647662856:,1747647678650
counter/5/0/0/0,14312:1747647660772:,1747647678650
counter/3/0/0/0,15269:1747647662856:,1747647678651
counter/3/0/0/0,15270:1747647662858:,1747647678651
counter/3/0/0/0,15271:1747647662858:,1747647678651
counter/3/0/0/0,15272:1747647662858:,1747647678651
counter/3/0/0/0,15273:1747647662858:,1747647678651
counter/3/0/0/0,15274:1747647662858:,1747647678651
counter/3/0/0/0,15275:1747647662859:,1747647678651
counter/3/0/0/0,15276:1747647662859:,1747647678651
counter/3/0/0/0,15277:1747647662859:,1747647678651
counter/3/0/0/0,15278:1747647662859:,1747647678651
counter/3/0/0/0,15279:1747647662859:,1747647678652
counter/3/0/0/0,15280:1747647662859:,1747647678652
counter/3/0/0/0,15281:1747647662859:,1747647678652
counter/3/0/0/0,15282:1747647662859:,1747647678652
counter/3/0/0/0,15283:1747647662859:,1747647678652
counter/3/0/0/0,15284:1747647662859:,1747647678652
counter/3/0/0/0,15285:1747647662859:,1747647678652
counter/9/0/0/0,15066:1747647660990:,1747647678652
counter/9/0/0/0,15067:1747647660990:,1747647678652
counter/4/0/0/0,14581:1747647662703:,1747647678652
counter/4/0/0/0,14582:1747647662703:,1747647678652
counter/4/0/0/0,14583:1747647662703:,1747647678652
counter/4/0/0/0,14584:1747647662703:,1747647678652
counter/4/0/0/0,14585:1747647662703:,1747647678652
counter/4/0/0/0,14586:1747647662703:,1747647678653
counter/4/0/0/0,14587:1747647662703:,1747647678653
counter/4/0/0/0,14588:1747647662703:,1747647678653
counter/4/0/0/0,14589:1747647662703:,1747647678653
counter/4/0/0/0,14590:1747647662703:,1747647678653
counter/2/0/0/0,14326:1747647660790:,1747647678653
counter/3/0/0/0,15286:1747647662859:,1747647678656
counter/10/0/0/0,13567:1747647660866:,1747647678656
counter/10/0/0/0,13568:1747647660866:,1747647678656
counter/10/0/0/0,13569:1747647660866:,1747647678656
counter/10/0/0/0,13570:1747647660866:,1747647678656
counter/5/0/0/0,14313:1747647660772:,1747647678656
counter/5/0/0/0,14314:1747647660772:,1747647678656
counter/5/0/0/0,14315:1747647660772:,1747647678656
counter/5/0/0/0,14316:1747647660772:,1747647678656
counter/4/0/0/0,14591:1747647662703:,1747647678656
counter/2/0/0/0,14327:1747647660790:,1747647678657
counter/2/0/0/0,14328:1747647660790:,1747647678657
counter/9/0/0/0,15068:1747647660990:,1747647678657
counter/8/0/0/0,14575:1747647660903:,1747647678658
counter/5/0/0/0,14317:1747647660772:,1747647678658
counter/5/0/0/0,14318:1747647660772:,1747647678658
counter/5/0/0/0,14319:1747647660772:,1747647678658
counter/5/0/0/0,14320:1747647660772:,1747647678658
counter/5/0/0/0,14321:1747647660772:,1747647678658
counter/5/0/0/0,14322:1747647660772:,1747647678658
counter/5/0/0/0,14323:1747647660772:,1747647678658
counter/5/0/0/0,14324:1747647660772:,1747647678658
counter/5/0/0/0,14325:1747647660772:,1747647678658
counter/5/0/0/0,14326:1747647660772:,1747647678658
counter/2/0/0/0,14329:1747647660791:,1747647678658
counter/2/0/0/0,14330:1747647660793:,1747647678659
counter/2/0/0/0,14331:1747647660800:,1747647678659
counter/2/0/0/0,14332:1747647660801:,1747647678659
counter/2/0/0/0,14333:1747647660801:,1747647678659
counter/2/0/0/0,14334:1747647660801:,1747647678659
counter/5/0/0/0,14327:1747647660772:,1747647678659
counter/6/0/0/0,14337:1747647661373:,1747647678659
counter/7/0/0/0,14214:1747647661017:,1747647678659
counter/7/0/0/0,14215:1747647661017:,1747647678659
counter/7/0/0/0,14216:1747647661017:,1747647678659
counter/7/0/0/0,14217:1747647661017:,1747647678659
counter/7/0/0/0,14218:1747647661017:,1747647678659
counter/7/0/0/0,14219:1747647661017:,1747647678660
counter/7/0/0/0,14220:1747647661017:,1747647678660
counter/7/0/0/0,14221:1747647661017:,1747647678660
counter/7/0/0/0,14222:1747647661017:,1747647678660
counter/7/0/0/0,14223:1747647661017:,1747647678660
counter/7/0/0/0,14224:1747647661017:,1747647678660
counter/7/0/0/0,14225:1747647661017:,1747647678660
counter/7/0/0/0,14226:1747647661017:,1747647678660
counter/7/0/0/0,14227:1747647661017:,1747647678660
counter/9/0/0/0,15069:1747647660990:,1747647678660
counter/2/0/0/0,14335:1747647660801:,1747647678660
counter/2/0/0/0,14336:1747647660801:,1747647678660
counter/3/0/0/0,15287:1747647662859:,1747647678660
counter/3/0/0/0,15288:1747647662859:,1747647678660
counter/7/0/0/0,14228:1747647661017:,1747647678660
counter/7/0/0/0,14229:1747647661017:,1747647678660
counter/7/0/0/0,14230:1747647661017:,1747647678660
counter/7/0/0/0,14231:1747647661017:,1747647678660
counter/7/0/0/0,14232:1747647661018:,1747647678660
counter/1/0/0/0,15549:1747647662471:,1747647678660
counter/1/0/0/0,15550:1747647662471:,1747647678660
counter/1/0/0/0,15551:1747647662474:,1747647678661
counter/1/0/0/0,15552:1747647662474:,1747647678661
counter/1/0/0/0,15553:1747647662474:,1747647678661
counter/10/0/0/0,13571:1747647660866:,1747647678661
counter/10/0/0/0,13572:1747647660866:,1747647678661
counter/10/0/0/0,13573:1747647660866:,1747647678661
counter/10/0/0/0,13574:1747647660866:,1747647678661
counter/6/0/0/0,14338:1747647661373:,1747647678662
counter/10/0/0/0,13575:1747647660868:,1747647678662
counter/10/0/0/0,13576:1747647660868:,1747647678662
counter/2/0/0/0,14337:1747647660807:,1747647678662
counter/8/0/0/0,14576:1747647660903:,1747647678662
counter/5/0/0/0,14328:1747647660772:,1747647678662
counter/10/0/0/0,13577:1747647660868:,1747647678662
counter/10/0/0/0,13578:1747647660868:,1747647678662
counter/10/0/0/0,13579:1747647660868:,1747647678662
counter/10/0/0/0,13580:1747647660868:,1747647678662
counter/9/0/0/0,15070:1747647660990:,1747647678663
counter/7/0/0/0,14233:1747647661018:,1747647678664
counter/7/0/0/0,14234:1747647661018:,1747647678664
counter/7/0/0/0,14235:1747647661018:,1747647678664
counter/4/0/0/0,14592:1747647662703:,1747647678664
counter/7/0/0/0,14236:1747647661018:,1747647678664
counter/5/0/0/0,14329:1747647660782:,1747647678665
counter/4/0/0/0,14593:1747647662703:,1747647678665
counter/4/0/0/0,14594:1747647662703:,1747647678665
counter/1/0/0/0,15554:1747647662478:,1747647678665
counter/1/0/0/0,15555:1747647662481:,1747647678665
counter/1/0/0/0,15556:1747647662481:,1747647678665
counter/1/0/0/0,15557:1747647662481:,1747647678665
counter/1/0/0/0,15558:1747647662481:,1747647678665
counter/1/0/0/0,15559:1747647662481:,1747647678665
counter/1/0/0/0,15560:1747647662481:,1747647678665
counter/1/0/0/0,15561:1747647662481:,1747647678665
counter/1/0/0/0,15562:1747647662481:,1747647678665
counter/1/0/0/0,15563:1747647662481:,1747647678665
counter/1/0/0/0,15564:1747647662481:,1747647678665
counter/8/0/0/0,14577:1747647660903:,1747647678665
counter/5/0/0/0,14330:1747647660782:,1747647678665
counter/10/0/0/0,13581:1747647660868:,1747647678665
counter/10/0/0/0,13582:1747647660868:,1747647678665
counter/10/0/0/0,13583:1747647660874:,1747647678665
counter/2/0/0/0,14338:1747647660807:,1747647678665
counter/10/0/0/0,13584:1747647660874:,1747647678665
counter/9/0/0/0,15071:1747647660991:,1747647678666
counter/9/0/0/0,15072:1747647660992:,1747647678666
counter/6/0/0/0,14339:1747647661373:,1747647678666
counter/1/0/0/0,15565:1747647662481:,1747647678666
counter/1/0/0/0,15566:1747647662481:,1747647678666
counter/1/0/0/0,15567:1747647662481:,1747647678666
counter/2/0/0/0,14339:1747647660807:,1747647678666
counter/2/0/0/0,14340:1747647660807:,1747647678666
counter/2/0/0/0,14341:1747647660807:,1747647678666
counter/2/0/0/0,14342:1747647660807:,1747647678666
counter/2/0/0/0,14343:1747647660808:,1747647678666
counter/2/0/0/0,14344:1747647660808:,1747647678666
counter/2/0/0/0,14345:1747647660808:,1747647678666
counter/2/0/0/0,14346:1747647660808:,1747647678666
counter/2/0/0/0,14347:1747647660808:,1747647678667
counter/8/0/0/0,14578:1747647660903:,1747647678667
counter/10/0/0/0,13585:1747647660874:,1747647678667
counter/10/0/0/0,13586:1747647660874:,1747647678667
counter/10/0/0/0,13587:1747647660874:,1747647678667
counter/2/0/0/0,14348:1747647660808:,1747647678667
counter/2/0/0/0,14349:1747647660808:,1747647678667
counter/10/0/0/0,13588:1747647660874:,1747647678667
counter/2/0/0/0,14350:1747647660808:,1747647678667
counter/9/0/0/0,15073:1747647660992:,1747647678667
counter/6/0/0/0,14340:1747647661373:,1747647678668
counter/2/0/0/0,14351:1747647660808:,1747647678668
counter/2/0/0/0,14352:1747647660808:,1747647678668
counter/2/0/0/0,14353:1747647660808:,1747647678668
counter/2/0/0/0,14354:1747647660808:,1747647678668
counter/2/0/0/0,14355:1747647660808:,1747647678668
counter/2/0/0/0,14356:1747647660808:,1747647678668
counter/2/0/0/0,14357:1747647660808:,1747647678668
counter/9/0/0/0,15074:1747647660992:,1747647678668
counter/2/0/0/0,14358:1747647660808:,1747647678668
counter/3/0/0/0,15289:1747647662859:,1747647678669
counter/4/0/0/0,14595:1747647662703:,1747647678669
counter/4/0/0/0,14596:1747647662703:,1747647678669
counter/4/0/0/0,14597:1747647662703:,1747647678669
counter/4/0/0/0,14598:1747647662703:,1747647678669
counter/4/0/0/0,14599:1747647662716:,1747647678669
counter/4/0/0/0,14600:1747647662716:,1747647678669
counter/4/0/0/0,14601:1747647662716:,1747647678670
counter/4/0/0/0,14602:1747647662716:,1747647678670
counter/4/0/0/0,14603:1747647662716:,1747647678670
counter/2/0/0/0,14359:1747647660808:,1747647678670
counter/2/0/0/0,14360:1747647660813:,1747647678670
counter/2/0/0/0,14361:1747647660813:,1747647678670
counter/2/0/0/0,14362:1747647660813:,1747647678670
counter/2/0/0/0,14363:1747647660813:,1747647678670
counter/2/0/0/0,14364:1747647660813:,1747647678670
counter/2/0/0/0,14365:1747647660827:,1747647678670
counter/2/0/0/0,14366:1747647660827:,1747647678670
counter/2/0/0/0,14367:1747647660827:,1747647678670
counter/2/0/0/0,14368:1747647660827:,1747647678670
counter/2/0/0/0,14369:1747647660827:,1747647678670
counter/2/0/0/0,14370:1747647660827:,1747647678670
counter/2/0/0/0,14371:1747647660837:,1747647678670
counter/2/0/0/0,14372:1747647660837:,1747647678670
counter/2/0/0/0,14373:1747647660837:,1747647678670
counter/2/0/0/0,14374:1747647660837:,1747647678670
counter/8/0/0/0,14579:1747647660903:,1747647678671
counter/8/0/0/0,14580:1747647660903:,1747647678671
counter/8/0/0/0,14581:1747647660903:,1747647678671
counter/8/0/0/0,14582:1747647660903:,1747647678671
counter/8/0/0/0,14583:1747647660903:,1747647678671
counter/8/0/0/0,14584:1747647660903:,1747647678671
counter/8/0/0/0,14585:1747647660903:,1747647678671
counter/1/0/0/0,15568:1747647662481:,1747647678671
counter/5/0/0/0,14331:1747647660782:,1747647678672
counter/9/0/0/0,15075:1747647660992:,1747647678672
counter/6/0/0/0,14341:1747647661373:,1747647678672
counter/10/0/0/0,13589:1747647660874:,1747647678672
counter/10/0/0/0,13590:1747647660874:,1747647678672
counter/10/0/0/0,13591:1747647660874:,1747647678672
counter/10/0/0/0,13592:1747647660876:,1747647678672
counter/10/0/0/0,13593:1747647660876:,1747647678672
counter/10/0/0/0,13594:1747647660876:,1747647678672
counter/2/0/0/0,14375:1747647660837:,1747647678672
counter/10/0/0/0,13595:1747647660876:,1747647678672
counter/10/0/0/0,13596:1747647660876:,1747647678672
counter/7/0/0/0,14237:1747647661018:,1747647678672
counter/7/0/0/0,14238:1747647661018:,1747647678674
counter/7/0/0/0,14239:1747647661022:,1747647678674
counter/7/0/0/0,14240:1747647661023:,1747647678674
counter/7/0/0/0,14241:1747647661023:,1747647678674
counter/7/0/0/0,14242:1747647661023:,1747647678674
counter/7/0/0/0,14243:1747647661023:,1747647678674
counter/7/0/0/0,14244:1747647661023:,1747647678674
counter/7/0/0/0,14245:1747647661023:,1747647678674
counter/7/0/0/0,14246:1747647661023:,1747647678674
counter/7/0/0/0,14247:1747647661023:,1747647678674
counter/7/0/0/0,14248:1747647661023:,1747647678674
counter/7/0/0/0,14249:1747647661023:,1747647678674
counter/7/0/0/0,14250:1747647661023:,1747647678674
counter/7/0/0/0,14251:1747647661026:,1747647678674
counter/7/0/0/0,14252:1747647661026:,1747647678674
counter/3/0/0/0,15290:1747647662859:,1747647678674
counter/3/0/0/0,15291:1747647662859:,1747647678674
counter/3/0/0/0,15292:1747647662860:,1747647678674
counter/3/0/0/0,15293:1747647662860:,1747647678674
counter/2/0/0/0,14376:1747647660837:,1747647678674
counter/6/0/0/0,14342:1747647661373:,1747647678675
counter/10/0/0/0,13597:1747647660876:,1747647678675
counter/10/0/0/0,13598:1747647660876:,1747647678675
counter/10/0/0/0,13599:1747647660877:,1747647678675
counter/10/0/0/0,13600:1747647660877:,1747647678675
counter/10/0/0/0,13601:1747647660877:,1747647678675
counter/10/0/0/0,13602:1747647660877:,1747647678675
counter/5/0/0/0,14332:1747647660782:,1747647678675
counter/5/0/0/0,14333:1747647660782:,1747647678675
counter/5/0/0/0,14334:1747647660782:,1747647678675
counter/5/0/0/0,14335:1747647660787:,1747647678675
counter/5/0/0/0,14336:1747647660787:,1747647678675
counter/5/0/0/0,14337:1747647660787:,1747647678675
counter/5/0/0/0,14338:1747647660787:,1747647678675
counter/5/0/0/0,14339:1747647660787:,1747647678675
counter/5/0/0/0,14340:1747647660787:,1747647678675
counter/3/0/0/0,15294:1747647662860:,1747647678675
counter/10/0/0/0,13603:1747647660891:,1747647678675
counter/10/0/0/0,13604:1747647660891:,1747647678675
counter/10/0/0/0,13605:1747647660895:,1747647678675
counter/10/0/0/0,13606:1747647660895:,1747647678675
counter/4/0/0/0,14604:1747647662716:,1747647678675
counter/4/0/0/0,14605:1747647662716:,1747647678675
counter/8/0/0/0,14586:1747647660903:,1747647678676
counter/8/0/0/0,14587:1747647660903:,1747647678676
counter/7/0/0/0,14253:1747647661026:,1747647678676
counter/7/0/0/0,14254:1747647661026:,1747647678676
counter/7/0/0/0,14255:1747647661026:,1747647678677
counter/7/0/0/0,14256:1747647661026:,1747647678677
counter/7/0/0/0,14257:1747647661026:,1747647678677
counter/7/0/0/0,14258:1747647661026:,1747647678677
counter/7/0/0/0,14259:1747647661035:,1747647678677
counter/7/0/0/0,14260:1747647661035:,1747647678677
counter/9/0/0/0,15076:1747647660992:,1747647678677
counter/9/0/0/0,15077:1747647660992:,1747647678678
counter/7/0/0/0,14261:1747647661035:,1747647678678
counter/7/0/0/0,14262:1747647661035:,1747647678678
counter/7/0/0/0,14263:1747647661035:,1747647678678
counter/7/0/0/0,14264:1747647661040:,1747647678678
counter/7/0/0/0,14265:1747647661040:,1747647678678
counter/7/0/0/0,14266:1747647661040:,1747647678678
counter/7/0/0/0,14267:1747647661040:,1747647678678
counter/7/0/0/0,14268:1747647661040:,1747647678678
counter/10/0/0/0,13607:1747647660895:,1747647678678
counter/1/0/0/0,15569:1747647662481:,1747647678679
counter/5/0/0/0,14341:1747647660787:,1747647678679
counter/1/0/0/0,15570:1747647662481:,1747647678679
counter/10/0/0/0,13608:1747647660895:,1747647678679
counter/1/0/0/0,15571:1747647662481:,1747647678680
counter/1/0/0/0,15572:1747647662481:,1747647678680
counter/4/0/0/0,14606:1747647662725:,1747647678680
counter/2/0/0/0,14377:1747647660837:,1747647678680
counter/2/0/0/0,14378:1747647660838:,1747647678680
counter/2/0/0/0,14379:1747647660838:,1747647678680
counter/2/0/0/0,14380:1747647660838:,1747647678680
counter/2/0/0/0,14381:1747647660838:,1747647678680
counter/2/0/0/0,14382:1747647660838:,1747647678680
counter/2/0/0/0,14383:1747647660838:,1747647678680
counter/2/0/0/0,14384:1747647660838:,1747647678680
counter/7/0/0/0,14269:1747647661040:,1747647678680
counter/10/0/0/0,13609:1747647660895:,1747647678680
counter/10/0/0/0,13610:1747647660895:,1747647678680
counter/10/0/0/0,13611:1747647660895:,1747647678680
counter/10/0/0/0,13612:1747647660895:,1747647678681
counter/10/0/0/0,13613:1747647660895:,1747647678681
counter/10/0/0/0,13614:1747647660895:,1747647678681
counter/6/0/0/0,14343:1747647661373:,1747647678683
counter/2/0/0/0,14385:1747647660838:,1747647678683
counter/2/0/0/0,14386:1747647660838:,1747647678683
counter/8/0/0/0,14588:1747647660903:,1747647678683
counter/8/0/0/0,14589:1747647660903:,1747647678683
counter/9/0/0/0,15078:1747647660992:,1747647678684
counter/1/0/0/0,15573:1747647662481:,1747647678685
counter/7/0/0/0,14270:1747647661051:,1747647678685
counter/7/0/0/0,14271:1747647661051:,1747647678685
counter/7/0/0/0,14272:1747647661051:,1747647678685
counter/7/0/0/0,14273:1747647661051:,1747647678685
counter/7/0/0/0,14274:1747647661051:,1747647678685
counter/7/0/0/0,14275:1747647661051:,1747647678685
counter/7/0/0/0,14276:1747647661051:,1747647678685
counter/9/0/0/0,15079:1747647660992:,1747647678686
counter/8/0/0/0,14590:1747647660905:,1747647678686
counter/4/0/0/0,14607:1747647662725:,1747647678686
counter/3/0/0/0,15295:1747647662860:,1747647678686
counter/7/0/0/0,14277:1747647661051:,1747647678686
counter/7/0/0/0,14278:1747647661051:,1747647678686
counter/2/0/0/0,14387:1747647660838:,1747647678686
counter/8/0/0/0,14591:1747647660905:,1747647678687
counter/8/0/0/0,14592:1747647660905:,1747647678687
counter/10/0/0/0,13615:1747647660916:,1747647678687
counter/10/0/0/0,13616:1747647660916:,1747647678687
counter/10/0/0/0,13617:1747647660916:,1747647678687
counter/4/0/0/0,14608:1747647662729:,1747647678688
counter/4/0/0/0,14609:1747647662730:,1747647678688
counter/1/0/0/0,15574:1747647662481:,1747647678688
counter/4/0/0/0,14610:1747647662730:,1747647678688
counter/4/0/0/0,14611:1747647662730:,1747647678688
counter/1/0/0/0,15575:1747647662481:,1747647678690
counter/10/0/0/0,13618:1747647660916:,1747647678691
counter/8/0/0/0,14593:1747647660905:,1747647678691
counter/8/0/0/0,14594:1747647660905:,1747647678692
counter/7/0/0/0,14279:1747647661051:,1747647678692
counter/4/0/0/0,14612:1747647662730:,1747647678692
counter/5/0/0/0,14342:1747647660787:,1747647678692
counter/9/0/0/0,15080:1747647660992:,1747647678694
counter/3/0/0/0,15296:1747647662862:,1747647678694
counter/7/0/0/0,14280:1747647661051:,1747647678694
counter/2/0/0/0,14388:1747647660838:,1747647678694
counter/4/0/0/0,14613:1747647662730:,1747647678694
counter/1/0/0/0,15576:1747647662481:,1747647678695
counter/1/0/0/0,15577:1747647662481:,1747647678695
counter/1/0/0/0,15578:1747647662481:,1747647678695
counter/1/0/0/0,15579:1747647662481:,1747647678695
counter/1/0/0/0,15580:1747647662481:,1747647678695
counter/10/0/0/0,13619:1747647660916:,1747647678695
counter/10/0/0/0,13620:1747647660916:,1747647678696
counter/10/0/0/0,13621:1747647660916:,1747647678696
counter/7/0/0/0,14281:1747647661068:,1747647678696
counter/10/0/0/0,13622:1747647660916:,1747647678696
counter/7/0/0/0,14282:1747647661068:,1747647678696
counter/10/0/0/0,13623:1747647660916:,1747647678696
counter/7/0/0/0,14283:1747647661068:,1747647678696
counter/7/0/0/0,14284:1747647661068:,1747647678696
counter/6/0/0/0,14344:1747647661374:,1747647678696
counter/8/0/0/0,14595:1747647660905:,1747647678697
counter/8/0/0/0,14596:1747647660905:,1747647678697
counter/8/0/0/0,14597:1747647660905:,1747647678697
counter/8/0/0/0,14598:1747647660905:,1747647678697
counter/8/0/0/0,14599:1747647660905:,1747647678698
counter/8/0/0/0,14600:1747647660911:,1747647678698
counter/8/0/0/0,14601:1747647660911:,1747647678698
counter/8/0/0/0,14602:1747647660911:,1747647678698
counter/8/0/0/0,14603:1747647660911:,1747647678698
counter/8/0/0/0,14604:1747647660911:,1747647678698
counter/8/0/0/0,14605:1747647660911:,1747647678698
counter/8/0/0/0,14606:1747647660911:,1747647678698
counter/8/0/0/0,14607:1747647660911:,1747647678698
counter/8/0/0/0,14608:1747647660911:,1747647678698
counter/8/0/0/0,14609:1747647660911:,1747647678698
counter/8/0/0/0,14610:1747647660912:,1747647678698
counter/7/0/0/0,14285:1747647661068:,1747647678698
counter/7/0/0/0,14286:1747647661068:,1747647678698
counter/4/0/0/0,14614:1747647662730:,1747647678698
counter/3/0/0/0,15297:1747647662862:,1747647678701
counter/6/0/0/0,14345:1747647661374:,1747647678702
counter/4/0/0/0,14615:1747647662730:,1747647678702
counter/4/0/0/0,14616:1747647662731:,1747647678702
counter/4/0/0/0,14617:1747647662733:,1747647678702
counter/4/0/0/0,14618:1747647662733:,1747647678702
counter/5/0/0/0,14343:1747647660787:,1747647678703
counter/3/0/0/0,15298:1747647662862:,1747647678704
counter/7/0/0/0,14287:1747647661068:,1747647678704
counter/3/0/0/0,15299:1747647662862:,1747647678704
counter/3/0/0/0,15300:1747647662862:,1747647678704
counter/3/0/0/0,15301:1747647662862:,1747647678704
counter/3/0/0/0,15302:1747647662862:,1747647678704
counter/3/0/0/0,15303:1747647662891:,1747647678704
counter/10/0/0/0,13624:1747647660916:,1747647678704
counter/9/0/0/0,15081:1747647660992:,1747647678704
counter/6/0/0/0,14346:1747647661383:,1747647678705
counter/6/0/0/0,14347:1747647661383:,1747647678705
counter/6/0/0/0,14348:1747647661383:,1747647678705
counter/6/0/0/0,14349:1747647661384:,1747647678705
counter/6/0/0/0,14350:1747647661384:,1747647678706
counter/6/0/0/0,14351:1747647661384:,1747647678706
counter/6/0/0/0,14352:1747647661384:,1747647678706
counter/9/0/0/0,15082:1747647660992:,1747647678706
counter/2/0/0/0,14389:1747647660842:,1747647678706
counter/8/0/0/0,14611:1747647660912:,1747647678706
counter/8/0/0/0,14612:1747647660912:,1747647678706
counter/8/0/0/0,14613:1747647660912:,1747647678706
counter/8/0/0/0,14614:1747647660913:,1747647678706
counter/8/0/0/0,14615:1747647660913:,1747647678706
counter/8/0/0/0,14616:1747647660913:,1747647678706
counter/8/0/0/0,14617:1747647660913:,1747647678706
counter/8/0/0/0,14618:1747647660913:,1747647678706
counter/8/0/0/0,14619:1747647660913:,1747647678706
counter/8/0/0/0,14620:1747647660913:,1747647678706
counter/4/0/0/0,14619:1747647662733:,1747647678707
counter/10/0/0/0,13625:1747647660916:,1747647678707
counter/4/0/0/0,14620:1747647662734:,1747647678707
counter/4/0/0/0,14621:1747647662734:,1747647678707
counter/4/0/0/0,14622:1747647662735:,1747647678707
counter/5/0/0/0,14344:1747647660787:,1747647678707
counter/2/0/0/0,14390:1747647660842:,1747647678707
counter/5/0/0/0,14345:1747647660787:,1747647678707
counter/10/0/0/0,13626:1747647660916:,1747647678708
counter/10/0/0/0,13627:1747647660916:,1747647678708
counter/10/0/0/0,13628:1747647660916:,1747647678708
counter/10/0/0/0,13629:1747647660919:,1747647678708
counter/2/0/0/0,14391:1747647660843:,1747647678709
counter/10/0/0/0,13630:1747647660919:,1747647678709
counter/9/0/0/0,15083:1747647660992:,1747647678709
counter/10/0/0/0,13631:1747647660919:,1747647678709
counter/10/0/0/0,13632:1747647660919:,1747647678709
counter/10/0/0/0,13633:1747647660919:,1747647678709
counter/10/0/0/0,13634:1747647660919:,1747647678709
counter/10/0/0/0,13635:1747647660919:,1747647678709
counter/10/0/0/0,13636:1747647660927:,1747647678709
counter/10/0/0/0,13637:1747647660927:,1747647678710
counter/10/0/0/0,13638:1747647660927:,1747647678710
counter/10/0/0/0,13639:1747647660927:,1747647678710
counter/10/0/0/0,13640:1747647660927:,1747647678710
counter/10/0/0/0,13641:1747647660927:,1747647678710
counter/10/0/0/0,13642:1747647660927:,1747647678710
counter/10/0/0/0,13643:1747647660927:,1747647678710
counter/2/0/0/0,14392:1747647660843:,1747647678710
counter/10/0/0/0,13644:1747647660928:,1747647678710
counter/10/0/0/0,13645:1747647660928:,1747647678710
counter/10/0/0/0,13646:1747647660928:,1747647678710
counter/7/0/0/0,14288:1747647661072:,1747647678710
counter/10/0/0/0,13647:1747647660928:,1747647678710
counter/9/0/0/0,15084:1747647660992:,1747647678710
counter/4/0/0/0,14623:1747647662735:,1747647678710
counter/10/0/0/0,13648:1747647660928:,1747647678711
counter/10/0/0/0,13649:1747647660928:,1747647678711
counter/10/0/0/0,13650:1747647660928:,1747647678711
counter/10/0/0/0,13651:1747647660928:,1747647678711
counter/10/0/0/0,13652:1747647660928:,1747647678711
counter/10/0/0/0,13653:1747647660931:,1747647678711
counter/10/0/0/0,13654:1747647660931:,1747647678711
counter/3/0/0/0,15304:1747647662891:,1747647678711
counter/10/0/0/0,13655:1747647660931:,1747647678711
counter/3/0/0/0,15305:1747647662891:,1747647678711
counter/3/0/0/0,15306:1747647662891:,1747647678711
counter/3/0/0/0,15307:1747647662891:,1747647678712
counter/3/0/0/0,15308:1747647662891:,1747647678712
counter/3/0/0/0,15309:1747647662891:,1747647678712
counter/3/0/0/0,15310:1747647662892:,1747647678712
counter/3/0/0/0,15311:1747647662892:,1747647678712
counter/3/0/0/0,15312:1747647662892:,1747647678712
counter/6/0/0/0,14353:1747647661384:,1747647678713
counter/5/0/0/0,14346:1747647660787:,1747647678713
counter/8/0/0/0,14621:1747647660913:,1747647678714
counter/8/0/0/0,14622:1747647660913:,1747647678714
counter/8/0/0/0,14623:1747647660918:,1747647678714
counter/5/0/0/0,14347:1747647660787:,1747647678714
counter/5/0/0/0,14348:1747647660787:,1747647678714
counter/5/0/0/0,14349:1747647660787:,1747647678714
counter/5/0/0/0,14350:1747647660787:,1747647678714
counter/5/0/0/0,14351:1747647660790:,1747647678714
counter/4/0/0/0,14624:1747647662735:,1747647678714
counter/1/0/0/0,15581:1747647662481:,1747647678714
counter/1/0/0/0,15582:1747647662481:,1747647678714
counter/1/0/0/0,15583:1747647662481:,1747647678714
counter/1/0/0/0,15584:1747647662482:,1747647678714
counter/1/0/0/0,15585:1747647662482:,1747647678714
counter/1/0/0/0,15586:1747647662482:,1747647678714
counter/10/0/0/0,13656:1747647660931:,1747647678714
counter/10/0/0/0,13657:1747647660932:,1747647678714
counter/9/0/0/0,15085:1747647660992:,1747647678714
counter/5/0/0/0,14352:1747647660790:,1747647678715
counter/6/0/0/0,14354:1747647661384:,1747647678719
counter/6/0/0/0,14355:1747647661384:,1747647678719
counter/6/0/0/0,14356:1747647661384:,1747647678719
counter/6/0/0/0,14357:1747647661384:,1747647678719
counter/6/0/0/0,14358:1747647661384:,1747647678720
counter/6/0/0/0,14359:1747647661384:,1747647678720
counter/6/0/0/0,14360:1747647661384:,1747647678720
counter/6/0/0/0,14361:1747647661384:,1747647678720
counter/3/0/0/0,15313:1747647662894:,1747647678720
counter/8/0/0/0,14624:1747647660918:,1747647678721
counter/7/0/0/0,14289:1747647661072:,1747647678722
counter/3/0/0/0,15314:1747647662901:,1747647678722
counter/5/0/0/0,14353:1747647660790:,1747647678722
counter/4/0/0/0,14625:1747647662735:,1747647678722
counter/5/0/0/0,14354:1747647660790:,1747647678722
counter/5/0/0/0,14355:1747647660790:,1747647678722
counter/5/0/0/0,14356:1747647660790:,1747647678722
counter/5/0/0/0,14357:1747647660790:,1747647678722
counter/9/0/0/0,15086:1747647660992:,1747647678722
counter/6/0/0/0,14362:1747647661388:,1747647678722
counter/6/0/0/0,14363:1747647661388:,1747647678722
counter/6/0/0/0,14364:1747647661388:,1747647678722
counter/6/0/0/0,14365:1747647661388:,1747647678722
counter/3/0/0/0,15315:1747647662901:,1747647678723
counter/3/0/0/0,15316:1747647662901:,1747647678723
counter/3/0/0/0,15317:1747647662901:,1747647678723
counter/3/0/0/0,15318:1747647662901:,1747647678723
counter/3/0/0/0,15319:1747647662901:,1747647678723
counter/3/0/0/0,15320:1747647662901:,1747647678723
counter/9/0/0/0,15087:1747647660992:,1747647678723
counter/3/0/0/0,15321:1747647662901:,1747647678723
counter/9/0/0/0,15088:1747647660992:,1747647678723
counter/3/0/0/0,15322:1747647662901:,1747647678723
counter/9/0/0/0,15089:1747647660992:,1747647678723
counter/3/0/0/0,15323:1747647662901:,1747647678723
counter/9/0/0/0,15090:1747647660992:,1747647678723
counter/9/0/0/0,15091:1747647660992:,1747647678723
counter/9/0/0/0,15092:1747647660993:,1747647678723
counter/9/0/0/0,15093:1747647661038:,1747647678723
counter/9/0/0/0,15094:1747647661038:,1747647678723
counter/9/0/0/0,15095:1747647661038:,1747647678724
counter/9/0/0/0,15096:1747647661038:,1747647678724
counter/9/0/0/0,15097:1747647661038:,1747647678724
counter/4/0/0/0,14626:1747647662735:,1747647678724
counter/2/0/0/0,14393:1747647660843:,1747647678724
counter/2/0/0/0,14394:1747647660843:,1747647678724
counter/2/0/0/0,14395:1747647660843:,1747647678724
counter/1/0/0/0,15587:1747647662482:,1747647678725
counter/1/0/0/0,15588:1747647662482:,1747647678725
counter/1/0/0/0,15589:1747647662482:,1747647678725
counter/3/0/0/0,15324:1747647662901:,1747647678725
counter/3/0/0/0,15325:1747647662907:,1747647678725
counter/2/0/0/0,14396:1747647660843:,1747647678725
counter/3/0/0/0,15326:1747647662907:,1747647678725
counter/3/0/0/0,15327:1747647662907:,1747647678725
counter/3/0/0/0,15328:1747647662907:,1747647678725
counter/3/0/0/0,15329:1747647662908:,1747647678726
counter/10/0/0/0,13658:1747647660932:,1747647678726
counter/10/0/0/0,13659:1747647660932:,1747647678726
counter/1/0/0/0,15590:1747647662482:,1747647678730
counter/10/0/0/0,13660:1747647660932:,1747647678730
counter/5/0/0/0,14358:1747647660791:,1747647678732
counter/6/0/0/0,14366:1747647661388:,1747647678732
counter/1/0/0/0,15591:1747647662483:,1747647678732
counter/10/0/0/0,13661:1747647660932:,1747647678732
counter/10/0/0/0,13662:1747647660932:,1747647678732
counter/10/0/0/0,13663:1747647660932:,1747647678732
counter/10/0/0/0,13664:1747647660932:,1747647678732
counter/10/0/0/0,13665:1747647660932:,1747647678732
counter/10/0/0/0,13666:1747647660932:,1747647678732
counter/4/0/0/0,14627:1747647662735:,1747647678732
counter/10/0/0/0,13667:1747647660932:,1747647678732
counter/2/0/0/0,14397:1747647660843:,1747647678732
counter/4/0/0/0,14628:1747647662735:,1747647678732
counter/4/0/0/0,14629:1747647662735:,1747647678732
counter/4/0/0/0,14630:1747647662735:,1747647678732
counter/4/0/0/0,14631:1747647662735:,1747647678732
counter/5/0/0/0,14359:1747647660791:,1747647678733
counter/5/0/0/0,14360:1747647660791:,1747647678733
counter/5/0/0/0,14361:1747647660791:,1747647678733
counter/5/0/0/0,14362:1747647660791:,1747647678733
counter/5/0/0/0,14363:1747647660791:,1747647678733
counter/5/0/0/0,14364:1747647660791:,1747647678733
counter/10/0/0/0,13668:1747647660932:,1747647678733
counter/8/0/0/0,14625:1747647660918:,1747647678735
counter/5/0/0/0,14365:1747647660791:,1747647678735
counter/5/0/0/0,14366:1747647660791:,1747647678735
counter/5/0/0/0,14367:1747647660791:,1747647678735
counter/5/0/0/0,14368:1747647660791:,1747647678735
counter/5/0/0/0,14369:1747647660791:,1747647678735
counter/5/0/0/0,14370:1747647660791:,1747647678735
counter/5/0/0/0,14371:1747647660791:,1747647678735
counter/5/0/0/0,14372:1747647660792:,1747647678735
counter/5/0/0/0,14373:1747647660792:,1747647678735
counter/2/0/0/0,14398:1747647660843:,1747647678735
counter/3/0/0/0,15330:1747647662908:,1747647678736
counter/9/0/0/0,15098:1747647661038:,1747647678736
counter/10/0/0/0,13669:1747647660932:,1747647678736
counter/9/0/0/0,15099:1747647661038:,1747647678736
counter/9/0/0/0,15100:1747647661038:,1747647678736
counter/9/0/0/0,15101:1747647661038:,1747647678736
counter/9/0/0/0,15102:1747647661040:,1747647678736
counter/9/0/0/0,15103:1747647661040:,1747647678736
counter/9/0/0/0,15104:1747647661040:,1747647678736
counter/9/0/0/0,15105:1747647661040:,1747647678736
counter/9/0/0/0,15106:1747647661040:,1747647678736
counter/9/0/0/0,15107:1747647661040:,1747647678736
counter/9/0/0/0,15108:1747647661042:,1747647678736
counter/9/0/0/0,15109:1747647661042:,1747647678736
counter/9/0/0/0,15110:1747647661042:,1747647678736
counter/9/0/0/0,15111:1747647661042:,1747647678736
counter/9/0/0/0,15112:1747647661042:,1747647678736
counter/9/0/0/0,15113:1747647661042:,1747647678737
counter/9/0/0/0,15114:1747647661042:,1747647678737
counter/9/0/0/0,15115:1747647661042:,1747647678737
counter/9/0/0/0,15116:1747647661053:,1747647678737
counter/9/0/0/0,15117:1747647661053:,1747647678737
counter/9/0/0/0,15118:1747647661053:,1747647678737
counter/9/0/0/0,15119:1747647661058:,1747647678737
counter/7/0/0/0,14290:1747647661072:,1747647678737
counter/2/0/0/0,14399:1747647660843:,1747647678737
counter/6/0/0/0,14367:1747647661388:,1747647678738
counter/8/0/0/0,14626:1747647660918:,1747647678739
counter/2/0/0/0,14400:1747647660846:,1747647678739
counter/10/0/0/0,13670:1747647660932:,1747647678739
counter/2/0/0/0,14401:1747647660846:,1747647678739
counter/2/0/0/0,14402:1747647660846:,1747647678739
counter/2/0/0/0,14403:1747647660849:,1747647678740
counter/2/0/0/0,14404:1747647660849:,1747647678740
counter/2/0/0/0,14405:1747647660849:,1747647678740
counter/2/0/0/0,14406:1747647660849:,1747647678740
counter/2/0/0/0,14407:1747647660849:,1747647678740
counter/2/0/0/0,14408:1747647660849:,1747647678740
counter/1/0/0/0,15592:1747647662483:,1747647678740
counter/10/0/0/0,13671:1747647660932:,1747647678741
counter/6/0/0/0,14368:1747647661388:,1747647678741
counter/6/0/0/0,14369:1747647661388:,1747647678741
counter/6/0/0/0,14370:1747647661388:,1747647678742
counter/6/0/0/0,14371:1747647661388:,1747647678742
counter/9/0/0/0,15120:1747647661059:,1747647678742
counter/2/0/0/0,14409:1747647660849:,1747647678742
counter/5/0/0/0,14374:1747647660792:,1747647678742
counter/5/0/0/0,14375:1747647660792:,1747647678742
counter/5/0/0/0,14376:1747647660792:,1747647678742
counter/5/0/0/0,14377:1747647660792:,1747647678742
counter/5/0/0/0,14378:1747647660792:,1747647678742
counter/5/0/0/0,14379:1747647660792:,1747647678742
counter/5/0/0/0,14380:1747647660792:,1747647678742
counter/5/0/0/0,14381:1747647660792:,1747647678742
counter/8/0/0/0,14627:1747647660918:,1747647678742
counter/5/0/0/0,14382:1747647660792:,1747647678742
counter/5/0/0/0,14383:1747647660792:,1747647678742
counter/8/0/0/0,14628:1747647660918:,1747647678742
counter/8/0/0/0,14629:1747647660918:,1747647678742
counter/1/0/0/0,15593:1747647662483:,1747647678743
counter/1/0/0/0,15594:1747647662483:,1747647678744
counter/1/0/0/0,15595:1747647662483:,1747647678744
counter/1/0/0/0,15596:1747647662492:,1747647678744
counter/1/0/0/0,15597:1747647662492:,1747647678744
counter/1/0/0/0,15598:1747647662492:,1747647678744
counter/10/0/0/0,13672:1747647660932:,1747647678744
counter/10/0/0/0,13673:1747647660932:,1747647678744
counter/10/0/0/0,13674:1747647660932:,1747647678744
counter/10/0/0/0,13675:1747647660933:,1747647678744
counter/10/0/0/0,13676:1747647660933:,1747647678744
counter/9/0/0/0,15121:1747647661059:,1747647678744
counter/7/0/0/0,14291:1747647661072:,1747647678745
counter/5/0/0/0,14384:1747647660792:,1747647678745
counter/7/0/0/0,14292:1747647661072:,1747647678745
counter/3/0/0/0,15331:1747647662908:,1747647678745
counter/6/0/0/0,14372:1747647661388:,1747647678745
counter/9/0/0/0,15122:1747647661064:,1747647678746
counter/4/0/0/0,14632:1747647662735:,1747647678746
counter/8/0/0/0,14630:1747647660918:,1747647678746
counter/8/0/0/0,14631:1747647660922:,1747647678746
counter/8/0/0/0,14632:1747647660922:,1747647678747
counter/8/0/0/0,14633:1747647660922:,1747647678747
counter/8/0/0/0,14634:1747647660922:,1747647678747
counter/2/0/0/0,14410:1747647660849:,1747647678747
counter/3/0/0/0,15332:1747647662908:,1747647678747
counter/10/0/0/0,13677:1747647660933:,1747647678747
counter/4/0/0/0,14633:1747647662735:,1747647678748
counter/10/0/0/0,13678:1747647660935:,1747647678749
counter/10/0/0/0,13679:1747647660935:,1747647678749
counter/10/0/0/0,13680:1747647660935:,1747647678750
counter/2/0/0/0,14411:1747647660850:,1747647678750
counter/2/0/0/0,14412:1747647660850:,1747647678750
counter/2/0/0/0,14413:1747647660850:,1747647678750
counter/2/0/0/0,14414:1747647660850:,1747647678750
counter/2/0/0/0,14415:1747647660852:,1747647678750
counter/9/0/0/0,15123:1747647661064:,1747647678750
counter/7/0/0/0,14293:1747647661072:,1747647678750
counter/7/0/0/0,14294:1747647661073:,1747647678750
counter/9/0/0/0,15124:1747647661064:,1747647678751
counter/9/0/0/0,15125:1747647661064:,1747647678751
counter/9/0/0/0,15126:1747647661064:,1747647678751
counter/9/0/0/0,15127:1747647661064:,1747647678751
counter/9/0/0/0,15128:1747647661064:,1747647678751
counter/9/0/0/0,15129:1747647661064:,1747647678751
counter/9/0/0/0,15130:1747647661065:,1747647678751
counter/9/0/0/0,15131:1747647661065:,1747647678751
counter/9/0/0/0,15132:1747647661065:,1747647678751
counter/4/0/0/0,14634:1747647662735:,1747647678752
counter/3/0/0/0,15333:1747647662908:,1747647678752
counter/3/0/0/0,15334:1747647662911:,1747647678752
counter/3/0/0/0,15335:1747647662911:,1747647678752
counter/3/0/0/0,15336:1747647662912:,1747647678752
counter/3/0/0/0,15337:1747647662913:,1747647678752
counter/3/0/0/0,15338:1747647662918:,1747647678752
counter/3/0/0/0,15339:1747647662918:,1747647678753
counter/3/0/0/0,15340:1747647662918:,1747647678753
counter/6/0/0/0,14373:1747647661388:,1747647678753
counter/7/0/0/0,14295:1747647661073:,1747647678753
counter/7/0/0/0,14296:1747647661073:,1747647678754
counter/7/0/0/0,14297:1747647661073:,1747647678754
counter/7/0/0/0,14298:1747647661090:,1747647678754
counter/7/0/0/0,14299:1747647661090:,1747647678754
counter/7/0/0/0,14300:1747647661090:,1747647678754
counter/2/0/0/0,14416:1747647660852:,1747647678754
counter/1/0/0/0,15599:1747647662492:,1747647678754
counter/1/0/0/0,15600:1747647662492:,1747647678754
counter/4/0/0/0,14635:1747647662735:,1747647678754
counter/4/0/0/0,14636:1747647662735:,1747647678754
counter/4/0/0/0,14637:1747647662735:,1747647678754
counter/4/0/0/0,14638:1747647662735:,1747647678754
counter/4/0/0/0,14639:1747647662735:,1747647678754
counter/3/0/0/0,15341:1747647662918:,1747647678754
counter/10/0/0/0,13681:1747647660935:,1747647678754
counter/10/0/0/0,13682:1747647660935:,1747647678754
counter/10/0/0/0,13683:1747647660935:,1747647678754
counter/10/0/0/0,13684:1747647660935:,1747647678754
counter/6/0/0/0,14374:1747647661388:,1747647678755
counter/7/0/0/0,14301:1747647661090:,1747647678755
counter/8/0/0/0,14635:1747647660924:,1747647678755
counter/7/0/0/0,14302:1747647661090:,1747647678755
counter/2/0/0/0,14417:1747647660852:,1747647678755
counter/2/0/0/0,14418:1747647660852:,1747647678755
counter/2/0/0/0,14419:1747647660852:,1747647678755
counter/2/0/0/0,14420:1747647660852:,1747647678755
counter/2/0/0/0,14421:1747647660852:,1747647678755
counter/2/0/0/0,14422:1747647660855:,1747647678755
counter/2/0/0/0,14423:1747647660855:,1747647678755
counter/2/0/0/0,14424:1747647660855:,1747647678755
counter/2/0/0/0,14425:1747647660855:,1747647678755
counter/2/0/0/0,14426:1747647660855:,1747647678755
counter/2/0/0/0,14427:1747647660855:,1747647678755
counter/2/0/0/0,14428:1747647660855:,1747647678755
counter/3/0/0/0,15342:1747647662919:,1747647678756
counter/3/0/0/0,15343:1747647662919:,1747647678756
counter/3/0/0/0,15344:1747647662919:,1747647678756
counter/3/0/0/0,15345:1747647662919:,1747647678756
counter/3/0/0/0,15346:1747647662919:,1747647678756
counter/3/0/0/0,15347:1747647662919:,1747647678756
counter/3/0/0/0,15348:1747647662919:,1747647678756
counter/3/0/0/0,15349:1747647662919:,1747647678756
counter/3/0/0/0,15350:1747647662919:,1747647678756
counter/3/0/0/0,15351:1747647662919:,1747647678756
counter/3/0/0/0,15352:1747647662919:,1747647678756
counter/10/0/0/0,13685:1747647660935:,1747647678757
counter/6/0/0/0,14375:1747647661392:,1747647678757
counter/6/0/0/0,14376:1747647661392:,1747647678757
counter/6/0/0/0,14377:1747647661392:,1747647678757
counter/6/0/0/0,14378:1747647661392:,1747647678757
counter/6/0/0/0,14379:1747647661393:,1747647678757
counter/3/0/0/0,15353:1747647662919:,1747647678758
counter/6/0/0/0,14380:1747647661393:,1747647678758
counter/2/0/0/0,14429:1747647660855:,1747647678758
counter/8/0/0/0,14636:1747647660924:,1747647678758
counter/10/0/0/0,13686:1747647660935:,1747647678759
counter/10/0/0/0,13687:1747647660935:,1747647678759
counter/10/0/0/0,13688:1747647660935:,1747647678759
counter/6/0/0/0,14381:1747647661393:,1747647678759
counter/7/0/0/0,14303:1747647661090:,1747647678759
counter/5/0/0/0,14385:1747647660792:,1747647678759
counter/5/0/0/0,14386:1747647660792:,1747647678759
counter/5/0/0/0,14387:1747647660792:,1747647678759
counter/5/0/0/0,14388:1747647660792:,1747647678759
counter/4/0/0/0,14640:1747647662735:,1747647678759
counter/1/0/0/0,15601:1747647662492:,1747647678759
counter/1/0/0/0,15602:1747647662492:,1747647678759
counter/3/0/0/0,15354:1747647662932:,1747647678760
counter/3/0/0/0,15355:1747647662932:,1747647678761
counter/3/0/0/0,15356:1747647662932:,1747647678761
counter/3/0/0/0,15357:1747647662932:,1747647678761
counter/3/0/0/0,15358:1747647662945:,1747647678761
counter/3/0/0/0,15359:1747647662945:,1747647678761
counter/3/0/0/0,15360:1747647662945:,1747647678761
counter/3/0/0/0,15361:1747647662945:,1747647678761
counter/3/0/0/0,15362:1747647662945:,1747647678761
counter/3/0/0/0,15363:1747647662945:,1747647678761
counter/3/0/0/0,15364:1747647662945:,1747647678761
counter/3/0/0/0,15365:1747647662951:,1747647678761
counter/3/0/0/0,15366:1747647662953:,1747647678761
counter/9/0/0/0,15133:1747647661065:,1747647678761
counter/6/0/0/0,14382:1747647661393:,1747647678761
counter/5/0/0/0,14389:1747647660792:,1747647678763
counter/5/0/0/0,14390:1747647660792:,1747647678763
counter/5/0/0/0,14391:1747647660792:,1747647678763
counter/5/0/0/0,14392:1747647660792:,1747647678763
counter/5/0/0/0,14393:1747647660795:,1747647678763
counter/5/0/0/0,14394:1747647660795:,1747647678763
counter/6/0/0/0,14383:1747647661394:,1747647678763
counter/5/0/0/0,14395:1747647660795:,1747647678763
counter/5/0/0/0,14396:1747647660796:,1747647678763
counter/3/0/0/0,15367:1747647662953:,1747647678763
counter/5/0/0/0,14397:1747647660797:,1747647678763
counter/2/0/0/0,14430:1747647660856:,1747647678763
counter/8/0/0/0,14637:1747647660924:,1747647678763
counter/2/0/0/0,14431:1747647660856:,1747647678763
counter/7/0/0/0,14304:1747647661090:,1747647678764
counter/9/0/0/0,15134:1747647661065:,1747647678764
counter/3/0/0/0,15368:1747647662953:,1747647678764
counter/7/0/0/0,14305:1747647661090:,1747647678764
counter/7/0/0/0,14306:1747647661090:,1747647678764
counter/7/0/0/0,14307:1747647661090:,1747647678764
counter/7/0/0/0,14308:1747647661091:,1747647678764
counter/7/0/0/0,14309:1747647661091:,1747647678764
counter/10/0/0/0,13689:1747647660935:,1747647678765
counter/1/0/0/0,15603:1747647662492:,1747647678765
counter/3/0/0/0,15369:1747647662953:,1747647678766
counter/6/0/0/0,14384:1747647661396:,1747647678766
counter/9/0/0/0,15135:1747647661067:,1747647678766
counter/4/0/0/0,14641:1747647662735:,1747647678766
counter/5/0/0/0,14398:1747647660797:,1747647678766
counter/5/0/0/0,14399:1747647660797:,1747647678766
counter/10/0/0/0,13690:1747647660936:,1747647678766
counter/1/0/0/0,15604:1747647662492:,1747647678766
counter/10/0/0/0,13691:1747647660936:,1747647678767
counter/3/0/0/0,15370:1747647662953:,1747647678768
counter/3/0/0/0,15371:1747647662953:,1747647678768
counter/3/0/0/0,15372:1747647662954:,1747647678768
counter/3/0/0/0,15373:1747647662954:,1747647678768
counter/3/0/0/0,15374:1747647662954:,1747647678768
counter/3/0/0/0,15375:1747647662954:,1747647678768
counter/3/0/0/0,15376:1747647662954:,1747647678768
counter/3/0/0/0,15377:1747647662954:,1747647678768
counter/10/0/0/0,13692:1747647660936:,1747647678768
counter/4/0/0/0,14642:1747647662735:,1747647678768
counter/7/0/0/0,14310:1747647661091:,1747647678770
counter/7/0/0/0,14311:1747647661092:,1747647678770
counter/7/0/0/0,14312:1747647661092:,1747647678770
counter/10/0/0/0,13693:1747647660936:,1747647678770
counter/10/0/0/0,13694:1747647660936:,1747647678770
counter/4/0/0/0,14643:1747647662735:,1747647678770
counter/3/0/0/0,15378:1747647662954:,1747647678770
counter/3/0/0/0,15379:1747647662954:,1747647678770
counter/3/0/0/0,15380:1747647662954:,1747647678770
counter/3/0/0/0,15381:1747647662955:,1747647678770
counter/3/0/0/0,15382:1747647662955:,1747647678770
counter/3/0/0/0,15383:1747647662955:,1747647678770
counter/3/0/0/0,15384:1747647662955:,1747647678770
counter/3/0/0/0,15385:1747647662955:,1747647678770
counter/3/0/0/0,15386:1747647662955:,1747647678770
counter/3/0/0/0,15387:1747647662955:,1747647678770
counter/3/0/0/0,15388:1747647662955:,1747647678771
counter/3/0/0/0,15389:1747647662955:,1747647678771
counter/3/0/0/0,15390:1747647662955:,1747647678771
counter/1/0/0/0,15605:1747647662492:,1747647678771
counter/3/0/0/0,15391:1747647662955:,1747647678771
counter/1/0/0/0,15606:1747647662492:,1747647678771
counter/10/0/0/0,13695:1747647660936:,1747647678771
counter/10/0/0/0,13696:1747647660936:,1747647678771
counter/10/0/0/0,13697:1747647660936:,1747647678771
counter/4/0/0/0,14644:1747647662735:,1747647678771
counter/8/0/0/0,14638:1747647660924:,1747647678771
counter/6/0/0/0,14385:1747647661397:,1747647678771
counter/6/0/0/0,14386:1747647661397:,1747647678771
counter/6/0/0/0,14387:1747647661397:,1747647678771
counter/6/0/0/0,14388:1747647661397:,1747647678771
counter/10/0/0/0,13698:1747647660936:,1747647678772
counter/10/0/0/0,13699:1747647660936:,1747647678772
counter/10/0/0/0,13700:1747647660936:,1747647678772
counter/10/0/0/0,13701:1747647660936:,1747647678772
counter/10/0/0/0,13702:1747647660936:,1747647678772
counter/4/0/0/0,14645:1747647662735:,1747647678772
counter/10/0/0/0,13703:1747647660936:,1747647678772
counter/5/0/0/0,14400:1747647660797:,1747647678772
counter/5/0/0/0,14401:1747647660797:,1747647678772
counter/5/0/0/0,14402:1747647660797:,1747647678772
counter/5/0/0/0,14403:1747647660797:,1747647678772
counter/5/0/0/0,14404:1747647660797:,1747647678772
counter/7/0/0/0,14313:1747647661100:,1747647678773
counter/5/0/0/0,14405:1747647660797:,1747647678773
counter/2/0/0/0,14432:1747647660856:,1747647678773
counter/9/0/0/0,15136:1747647661067:,1747647678773
counter/1/0/0/0,15607:1747647662495:,1747647678773
counter/1/0/0/0,15608:1747647662495:,1747647678773
counter/2/0/0/0,14433:1747647660856:,1747647678774
counter/1/0/0/0,15609:1747647662495:,1747647678774
counter/8/0/0/0,14639:1747647660924:,1747647678774
counter/10/0/0/0,13704:1747647660936:,1747647678775
counter/4/0/0/0,14646:1747647662735:,1747647678775
counter/10/0/0/0,13705:1747647660936:,1747647678775
counter/10/0/0/0,13706:1747647660936:,1747647678775
counter/10/0/0/0,13707:1747647660936:,1747647678776
counter/10/0/0/0,13708:1747647660936:,1747647678776
counter/10/0/0/0,13709:1747647660936:,1747647678776
counter/10/0/0/0,13710:1747647660937:,1747647678776
counter/10/0/0/0,13711:1747647660937:,1747647678776
counter/3/0/0/0,15392:1747647662955:,1747647678776
counter/3/0/0/0,15393:1747647662955:,1747647678776
counter/3/0/0/0,15394:1747647662955:,1747647678776
counter/3/0/0/0,15395:1747647662956:,1747647678776
counter/3/0/0/0,15396:1747647662956:,1747647678776
counter/3/0/0/0,15397:1747647662956:,1747647678776
counter/3/0/0/0,15398:1747647662956:,1747647678776
counter/3/0/0/0,15399:1747647662956:,1747647678776
counter/2/0/0/0,14434:1747647660857:,1747647678776
counter/3/0/0/0,15400:1747647662957:,1747647678776
counter/1/0/0/0,15610:1747647662495:,1747647678777
counter/8/0/0/0,14640:1747647660924:,1747647678777
counter/6/0/0/0,14389:1747647661397:,1747647678777
counter/7/0/0/0,14314:1747647661100:,1747647678778
counter/10/0/0/0,13712:1747647660937:,1747647678778
counter/10/0/0/0,13713:1747647660937:,1747647678778
counter/1/0/0/0,15611:1747647662496:,1747647678779
counter/7/0/0/0,14315:1747647661100:,1747647678779
counter/7/0/0/0,14316:1747647661100:,1747647678779
counter/7/0/0/0,14317:1747647661100:,1747647678779
counter/7/0/0/0,14318:1747647661100:,1747647678779
counter/7/0/0/0,14319:1747647661100:,1747647678779
counter/4/0/0/0,14647:1747647662738:,1747647678779
counter/2/0/0/0,14435:1747647660857:,1747647678779
counter/2/0/0/0,14436:1747647660857:,1747647678779
counter/7/0/0/0,14320:1747647661100:,1747647678780
counter/10/0/0/0,13714:1747647660937:,1747647678780
counter/7/0/0/0,14321:1747647661105:,1747647678780
counter/7/0/0/0,14322:1747647661105:,1747647678780
counter/7/0/0/0,14323:1747647661105:,1747647678780
counter/7/0/0/0,14324:1747647661105:,1747647678780
counter/7/0/0/0,14325:1747647661106:,1747647678780
counter/7/0/0/0,14326:1747647661106:,1747647678780
counter/7/0/0/0,14327:1747647661106:,1747647678780
counter/9/0/0/0,15137:1747647661067:,1747647678780
counter/8/0/0/0,14641:1747647660924:,1747647678780
counter/10/0/0/0,13715:1747647660937:,1747647678780
counter/10/0/0/0,13716:1747647660937:,1747647678780
counter/10/0/0/0,13717:1747647660937:,1747647678780
counter/10/0/0/0,13718:1747647660937:,1747647678780
counter/7/0/0/0,14328:1747647661106:,1747647678782
counter/10/0/0/0,13719:1747647660937:,1747647678782
counter/10/0/0/0,13720:1747647660937:,1747647678782
counter/10/0/0/0,13721:1747647660937:,1747647678782
counter/8/0/0/0,14642:1747647660924:,1747647678782
counter/4/0/0/0,14648:1747647662739:,1747647678782
counter/3/0/0/0,15401:1747647662957:,1747647678782
counter/3/0/0/0,15402:1747647662957:,1747647678782
counter/3/0/0/0,15403:1747647662957:,1747647678782
counter/3/0/0/0,15404:1747647662957:,1747647678783
counter/3/0/0/0,15405:1747647662957:,1747647678783
counter/7/0/0/0,14329:1747647661106:,1747647678783
counter/6/0/0/0,14390:1747647661397:,1747647678784
counter/7/0/0/0,14330:1747647661106:,1747647678784
counter/7/0/0/0,14331:1747647661106:,1747647678784
counter/7/0/0/0,14332:1747647661108:,1747647678784
counter/7/0/0/0,14333:1747647661108:,1747647678784
counter/7/0/0/0,14334:1747647661108:,1747647678784
counter/7/0/0/0,14335:1747647661108:,1747647678784
counter/1/0/0/0,15612:1747647662496:,1747647678784
counter/3/0/0/0,15406:1747647662957:,1747647678785
counter/3/0/0/0,15407:1747647662957:,1747647678785
counter/3/0/0/0,15408:1747647662957:,1747647678785
counter/10/0/0/0,13722:1747647660958:,1747647678785
counter/10/0/0/0,13723:1747647660958:,1747647678785
counter/10/0/0/0,13724:1747647660958:,1747647678785
counter/10/0/0/0,13725:1747647660958:,1747647678785
counter/10/0/0/0,13726:1747647660958:,1747647678785
counter/10/0/0/0,13727:1747647660958:,1747647678785
counter/10/0/0/0,13728:1747647660958:,1747647678785
counter/10/0/0/0,13729:1747647660958:,1747647678785
counter/10/0/0/0,13730:1747647660958:,1747647678785
counter/10/0/0/0,13731:1747647660958:,1747647678785
counter/10/0/0/0,13732:1747647660959:,1747647678785
counter/10/0/0/0,13733:1747647660959:,1747647678785
counter/10/0/0/0,13734:1747647660959:,1747647678785
counter/10/0/0/0,13735:1747647660959:,1747647678785
counter/10/0/0/0,13736:1747647660964:,1747647678785
counter/10/0/0/0,13737:1747647660964:,1747647678785
counter/10/0/0/0,13738:1747647660964:,1747647678785
counter/5/0/0/0,14406:1747647660797:,1747647678785
counter/10/0/0/0,13739:1747647660964:,1747647678785
counter/7/0/0/0,14336:1747647661108:,1747647678786
counter/10/0/0/0,13740:1747647660964:,1747647678786
counter/10/0/0/0,13741:1747647660965:,1747647678786
counter/3/0/0/0,15409:1747647662957:,1747647678786
counter/3/0/0/0,15410:1747647662957:,1747647678786
counter/3/0/0/0,15411:1747647662960:,1747647678786
counter/3/0/0/0,15412:1747647662960:,1747647678786
counter/3/0/0/0,15413:1747647662960:,1747647678786
counter/3/0/0/0,15414:1747647662960:,1747647678786
counter/10/0/0/0,13742:1747647660965:,1747647678786
counter/3/0/0/0,15415:1747647662960:,1747647678787
counter/6/0/0/0,14391:1747647661397:,1747647678787
counter/9/0/0/0,15138:1747647661067:,1747647678787
counter/10/0/0/0,13743:1747647660965:,1747647678787
counter/10/0/0/0,13744:1747647660965:,1747647678787
counter/8/0/0/0,14643:1747647660925:,1747647678787
counter/8/0/0/0,14644:1747647660925:,1747647678787
counter/8/0/0/0,14645:1747647660925:,1747647678787
counter/8/0/0/0,14646:1747647660925:,1747647678787
counter/8/0/0/0,14647:1747647660925:,1747647678787
counter/8/0/0/0,14648:1747647660925:,1747647678787
counter/8/0/0/0,14649:1747647660925:,1747647678787
counter/8/0/0/0,14650:1747647660925:,1747647678787
counter/8/0/0/0,14651:1747647660925:,1747647678788
counter/8/0/0/0,14652:1747647660925:,1747647678788
counter/8/0/0/0,14653:1747647660925:,1747647678788
counter/8/0/0/0,14654:1747647660925:,1747647678788
counter/8/0/0/0,14655:1747647660931:,1747647678788
counter/8/0/0/0,14656:1747647660931:,1747647678788
counter/8/0/0/0,14657:1747647660932:,1747647678788
counter/8/0/0/0,14658:1747647660932:,1747647678788
counter/8/0/0/0,14659:1747647660932:,1747647678788
counter/8/0/0/0,14660:1747647660932:,1747647678788
counter/8/0/0/0,14661:1747647660932:,1747647678788
counter/8/0/0/0,14662:1747647660932:,1747647678788
counter/6/0/0/0,14392:1747647661397:,1747647678788
counter/8/0/0/0,14663:1747647660932:,1747647678788
counter/8/0/0/0,14664:1747647660932:,1747647678788
counter/8/0/0/0,14665:1747647660932:,1747647678788
counter/9/0/0/0,15139:1747647661067:,1747647678788
counter/4/0/0/0,14649:1747647662739:,1747647678790
counter/8/0/0/0,14666:1747647660941:,1747647678790
counter/8/0/0/0,14667:1747647660941:,1747647678790
counter/8/0/0/0,14668:1747647660941:,1747647678790
counter/8/0/0/0,14669:1747647660941:,1747647678790
counter/8/0/0/0,14670:1747647660942:,1747647678790
counter/8/0/0/0,14671:1747647660942:,1747647678790
counter/2/0/0/0,14437:1747647660857:,1747647678790
counter/7/0/0/0,14337:1747647661108:,1747647678790
counter/1/0/0/0,15613:1747647662497:,1747647678790
counter/1/0/0/0,15614:1747647662497:,1747647678790
counter/1/0/0/0,15615:1747647662497:,1747647678791
counter/1/0/0/0,15616:1747647662497:,1747647678791
counter/1/0/0/0,15617:1747647662497:,1747647678791
counter/1/0/0/0,15618:1747647662497:,1747647678791
counter/1/0/0/0,15619:1747647662497:,1747647678791
counter/9/0/0/0,15140:1747647661067:,1747647678791
counter/9/0/0/0,15141:1747647661067:,1747647678791
counter/1/0/0/0,15620:1747647662497:,1747647678791
counter/3/0/0/0,15416:1747647662960:,1747647678792
counter/5/0/0/0,14407:1747647660797:,1747647678792
counter/9/0/0/0,15142:1747647661067:,1747647678792
counter/8/0/0/0,14672:1747647660942:,1747647678792
counter/9/0/0/0,15143:1747647661067:,1747647678792
counter/9/0/0/0,15144:1747647661067:,1747647678792
counter/4/0/0/0,14650:1747647662739:,1747647678792
counter/3/0/0/0,15417:1747647662960:,1747647678792
counter/5/0/0/0,14408:1747647660797:,1747647678792
counter/5/0/0/0,14409:1747647660797:,1747647678792
counter/5/0/0/0,14410:1747647660797:,1747647678792
counter/5/0/0/0,14411:1747647660797:,1747647678793
counter/5/0/0/0,14412:1747647660797:,1747647678793
counter/5/0/0/0,14413:1747647660797:,1747647678793
counter/5/0/0/0,14414:1747647660797:,1747647678793
counter/5/0/0/0,14415:1747647660798:,1747647678793
counter/5/0/0/0,14416:1747647660798:,1747647678793
counter/5/0/0/0,14417:1747647660798:,1747647678793
counter/5/0/0/0,14418:1747647660803:,1747647678793
counter/5/0/0/0,14419:1747647660803:,1747647678793
counter/5/0/0/0,14420:1747647660803:,1747647678793
counter/5/0/0/0,14421:1747647660803:,1747647678793
counter/1/0/0/0,15621:1747647662497:,1747647678793
counter/1/0/0/0,15622:1747647662497:,1747647678793
counter/9/0/0/0,15145:1747647661067:,1747647678793
counter/1/0/0/0,15623:1747647662497:,1747647678793
counter/9/0/0/0,15146:1747647661067:,1747647678794
counter/1/0/0/0,15624:1747647662497:,1747647678794
counter/9/0/0/0,15147:1747647661067:,1747647678794
counter/1/0/0/0,15625:1747647662497:,1747647678794
counter/3/0/0/0,15418:1747647662962:,1747647678794
counter/10/0/0/0,13745:1747647660965:,1747647678794
counter/10/0/0/0,13746:1747647660965:,1747647678794
counter/10/0/0/0,13747:1747647660965:,1747647678794
counter/10/0/0/0,13748:1747647660965:,1747647678794
counter/10/0/0/0,13749:1747647660965:,1747647678794
counter/10/0/0/0,13750:1747647660965:,1747647678794
counter/10/0/0/0,13751:1747647660965:,1747647678794
counter/2/0/0/0,14438:1747647660857:,1747647678795
counter/3/0/0/0,15419:1747647662962:,1747647678795
counter/3/0/0/0,15420:1747647662962:,1747647678795
counter/3/0/0/0,15421:1747647662962:,1747647678795
counter/3/0/0/0,15422:1747647662962:,1747647678795
counter/3/0/0/0,15423:1747647662962:,1747647678795
counter/3/0/0/0,15424:1747647662962:,1747647678795
counter/3/0/0/0,15425:1747647662962:,1747647678795
counter/3/0/0/0,15426:1747647662963:,1747647678795
counter/2/0/0/0,14439:1747647660857:,1747647678796
counter/3/0/0/0,15427:1747647662963:,1747647678796
counter/3/0/0/0,15428:1747647662964:,1747647678796
counter/3/0/0/0,15429:1747647662964:,1747647678796
counter/3/0/0/0,15430:1747647662964:,1747647678796
counter/1/0/0/0,15626:1747647662497:,1747647678796
counter/1/0/0/0,15627:1747647662504:,1747647678796
counter/1/0/0/0,15628:1747647662504:,1747647678796
counter/1/0/0/0,15629:1747647662504:,1747647678796
counter/1/0/0/0,15630:1747647662504:,1747647678796
counter/1/0/0/0,15631:1747647662504:,1747647678796
counter/1/0/0/0,15632:1747647662511:,1747647678796
counter/10/0/0/0,13752:1747647660965:,1747647678796
counter/3/0/0/0,15431:1747647662965:,1747647678796
counter/10/0/0/0,13753:1747647660965:,1747647678796
counter/5/0/0/0,14422:1747647660803:,1747647678797
counter/5/0/0/0,14423:1747647660803:,1747647678797
counter/5/0/0/0,14424:1747647660803:,1747647678797
counter/5/0/0/0,14425:1747647660803:,1747647678797
counter/5/0/0/0,14426:1747647660803:,1747647678797
counter/5/0/0/0,14427:1747647660803:,1747647678797
counter/5/0/0/0,14428:1747647660804:,1747647678797
counter/3/0/0/0,15432:1747647662966:,1747647678797
counter/5/0/0/0,14429:1747647660804:,1747647678797
counter/3/0/0/0,15433:1747647662966:,1747647678797
counter/3/0/0/0,15434:1747647662966:,1747647678798
counter/3/0/0/0,15435:1747647662966:,1747647678798
counter/3/0/0/0,15436:1747647662966:,1747647678798
counter/3/0/0/0,15437:1747647662966:,1747647678798
counter/3/0/0/0,15438:1747647662966:,1747647678798
counter/6/0/0/0,14393:1747647661397:,1747647678798
counter/4/0/0/0,14651:1747647662739:,1747647678798
counter/8/0/0/0,14673:1747647660942:,1747647678798
counter/8/0/0/0,14674:1747647660942:,1747647678798
counter/8/0/0/0,14675:1747647660942:,1747647678798
counter/8/0/0/0,14676:1747647660942:,1747647678798
counter/8/0/0/0,14677:1747647660942:,1747647678798
counter/8/0/0/0,14678:1747647660942:,1747647678798
counter/5/0/0/0,14430:1747647660804:,1747647678798
counter/5/0/0/0,14431:1747647660804:,1747647678799
counter/5/0/0/0,14432:1747647660804:,1747647678799
counter/5/0/0/0,14433:1747647660805:,1747647678799
counter/5/0/0/0,14434:1747647660805:,1747647678799
counter/5/0/0/0,14435:1747647660805:,1747647678799
counter/5/0/0/0,14436:1747647660810:,1747647678799
counter/3/0/0/0,15439:1747647662966:,1747647678799
counter/5/0/0/0,14437:1747647660811:,1747647678799
counter/3/0/0/0,15440:1747647662966:,1747647678799
counter/5/0/0/0,14438:1747647660811:,1747647678799
counter/3/0/0/0,15441:1747647662966:,1747647678799
counter/5/0/0/0,14439:1747647660811:,1747647678799
counter/3/0/0/0,15442:1747647662966:,1747647678799
counter/3/0/0/0,15443:1747647662966:,1747647678799
counter/3/0/0/0,15444:1747647662966:,1747647678800
counter/3/0/0/0,15445:1747647662966:,1747647678800
counter/3/0/0/0,15446:1747647662966:,1747647678800
counter/3/0/0/0,15447:1747647662966:,1747647678800
counter/10/0/0/0,13754:1747647660965:,1747647678800
counter/3/0/0/0,15448:1747647662966:,1747647678800
counter/3/0/0/0,15449:1747647662966:,1747647678800
counter/10/0/0/0,13755:1747647660965:,1747647678800
counter/3/0/0/0,15450:1747647662966:,1747647678800
counter/9/0/0/0,15148:1747647661067:,1747647678800
counter/9/0/0/0,15149:1747647661067:,1747647678800
counter/9/0/0/0,15150:1747647661067:,1747647678800
counter/9/0/0/0,15151:1747647661067:,1747647678800
counter/9/0/0/0,15152:1747647661070:,1747647678800
counter/9/0/0/0,15153:1747647661070:,1747647678801
counter/9/0/0/0,15154:1747647661070:,1747647678801
counter/3/0/0/0,15451:1747647662966:,1747647678801
counter/6/0/0/0,14394:1747647661397:,1747647678801
counter/8/0/0/0,14679:1747647660942:,1747647678801
counter/6/0/0/0,14395:1747647661412:,1747647678801
counter/2/0/0/0,14440:1747647660857:,1747647678801
counter/1/0/0/0,15633:1747647662513:,1747647678801
counter/1/0/0/0,15634:1747647662532:,1747647678801
counter/1/0/0/0,15635:1747647662532:,1747647678801
counter/1/0/0/0,15636:1747647662532:,1747647678801
counter/1/0/0/0,15637:1747647662532:,1747647678801
counter/1/0/0/0,15638:1747647662532:,1747647678801
counter/1/0/0/0,15639:1747647662532:,1747647678801
counter/1/0/0/0,15640:1747647662532:,1747647678801
counter/4/0/0/0,14652:1747647662739:,1747647678802
counter/8/0/0/0,14680:1747647660943:,1747647678802
counter/6/0/0/0,14396:1747647661412:,1747647678802
counter/6/0/0/0,14397:1747647661412:,1747647678802
counter/6/0/0/0,14398:1747647661412:,1747647678802
counter/9/0/0/0,15155:1747647661070:,1747647678802
counter/2/0/0/0,14441:1747647660863:,1747647678802
counter/6/0/0/0,14399:1747647661414:,1747647678802
counter/9/0/0/0,15156:1747647661070:,1747647678802
counter/10/0/0/0,13756:1747647660965:,1747647678802
counter/5/0/0/0,14440:1747647660811:,1747647678802
counter/2/0/0/0,14442:1747647660863:,1747647678802
counter/1/0/0/0,15641:1747647662536:,1747647678802
counter/2/0/0/0,14443:1747647660863:,1747647678802
counter/9/0/0/0,15157:1747647661070:,1747647678802
counter/9/0/0/0,15158:1747647661070:,1747647678802
counter/9/0/0/0,15159:1747647661070:,1747647678803
counter/9/0/0/0,15160:1747647661070:,1747647678803
counter/9/0/0/0,15161:1747647661070:,1747647678803
counter/9/0/0/0,15162:1747647661072:,1747647678803
counter/9/0/0/0,15163:1747647661072:,1747647678803
counter/9/0/0/0,15164:1747647661072:,1747647678803
counter/9/0/0/0,15165:1747647661072:,1747647678803
counter/4/0/0/0,14653:1747647662739:,1747647678804
counter/3/0/0/0,15452:1747647662966:,1747647678804
counter/3/0/0/0,15453:1747647662966:,1747647678804
counter/3/0/0/0,15454:1747647662966:,1747647678804
counter/3/0/0/0,15455:1747647662966:,1747647678804
counter/10/0/0/0,13757:1747647660965:,1747647678804
counter/7/0/0/0,14338:1747647661108:,1747647678804
counter/9/0/0/0,15166:1747647661077:,1747647678804
counter/9/0/0/0,15167:1747647661077:,1747647678804
counter/9/0/0/0,15168:1747647661077:,1747647678804
counter/9/0/0/0,15169:1747647661077:,1747647678804
counter/9/0/0/0,15170:1747647661077:,1747647678804
counter/9/0/0/0,15171:1747647661078:,1747647678805
counter/9/0/0/0,15172:1747647661078:,1747647678805
counter/9/0/0/0,15173:1747647661092:,1747647678805
counter/9/0/0/0,15174:1747647661092:,1747647678805
counter/9/0/0/0,15175:1747647661093:,1747647678805
counter/9/0/0/0,15176:1747647661093:,1747647678805
counter/9/0/0/0,15177:1747647661093:,1747647678805
counter/9/0/0/0,15178:1747647661093:,1747647678805
counter/2/0/0/0,14444:1747647660863:,1747647678805
counter/2/0/0/0,14445:1747647660863:,1747647678805
counter/2/0/0/0,14446:1747647660863:,1747647678805
counter/2/0/0/0,14447:1747647660863:,1747647678805
counter/2/0/0/0,14448:1747647660863:,1747647678806
counter/2/0/0/0,14449:1747647660863:,1747647678806
counter/5/0/0/0,14441:1747647660811:,1747647678806
counter/8/0/0/0,14681:1747647660943:,1747647678806
counter/9/0/0/0,15179:1747647661093:,1747647678806
counter/8/0/0/0,14682:1747647660943:,1747647678806
counter/10/0/0/0,13758:1747647660965:,1747647678806
counter/5/0/0/0,14442:1747647660811:,1747647678806
counter/5/0/0/0,14443:1747647660811:,1747647678806
counter/10/0/0/0,13759:1747647660965:,1747647678806
counter/5/0/0/0,14444:1747647660811:,1747647678806
counter/4/0/0/0,14654:1747647662739:,1747647678806
counter/5/0/0/0,14445:1747647660811:,1747647678807
counter/7/0/0/0,14339:1747647661108:,1747647678807
counter/5/0/0/0,14446:1747647660811:,1747647678807
counter/3/0/0/0,15456:1747647662967:,1747647678807
counter/6/0/0/0,14400:1747647661414:,1747647678807
counter/3/0/0/0,15457:1747647662967:,1747647678807
counter/9/0/0/0,15180:1747647661093:,1747647678807
counter/3/0/0/0,15458:1747647662967:,1747647678807
counter/3/0/0/0,15459:1747647662967:,1747647678807
counter/8/0/0/0,14683:1747647660943:,1747647678807
counter/8/0/0/0,14684:1747647660943:,1747647678807
counter/2/0/0/0,14450:1747647660863:,1747647678808
counter/3/0/0/0,15460:1747647662967:,1747647678808
counter/3/0/0/0,15461:1747647662967:,1747647678808
counter/9/0/0/0,15181:1747647661093:,1747647678808
counter/3/0/0/0,15462:1747647662967:,1747647678808
counter/3/0/0/0,15463:1747647662967:,1747647678808
counter/3/0/0/0,15464:1747647662968:,1747647678808
counter/3/0/0/0,15465:1747647662968:,1747647678809
counter/3/0/0/0,15466:1747647662968:,1747647678809
counter/3/0/0/0,15467:1747647662968:,1747647678809
counter/3/0/0/0,15468:1747647662968:,1747647678809
counter/3/0/0/0,15469:1747647662968:,1747647678809
counter/6/0/0/0,14401:1747647661414:,1747647678809
counter/5/0/0/0,14447:1747647660811:,1747647678809
counter/2/0/0/0,14451:1747647660863:,1747647678809
counter/9/0/0/0,15182:1747647661093:,1747647678809
counter/9/0/0/0,15183:1747647661093:,1747647678809
counter/9/0/0/0,15184:1747647661101:,1747647678809
counter/9/0/0/0,15185:1747647661101:,1747647678809
counter/9/0/0/0,15186:1747647661101:,1747647678809
counter/9/0/0/0,15187:1747647661101:,1747647678809
counter/9/0/0/0,15188:1747647661101:,1747647678809
counter/9/0/0/0,15189:1747647661101:,1747647678810
counter/9/0/0/0,15190:1747647661102:,1747647678810
counter/9/0/0/0,15191:1747647661102:,1747647678810
counter/9/0/0/0,15192:1747647661102:,1747647678810
counter/7/0/0/0,14340:1747647661108:,1747647678810
counter/2/0/0/0,14452:1747647660864:,1747647678810
counter/2/0/0/0,14453:1747647660864:,1747647678810
counter/2/0/0/0,14454:1747647660864:,1747647678810
counter/2/0/0/0,14455:1747647660864:,1747647678810
counter/2/0/0/0,14456:1747647660864:,1747647678811
counter/1/0/0/0,15642:1747647662536:,1747647678811
counter/2/0/0/0,14457:1747647660864:,1747647678811
counter/10/0/0/0,13760:1747647660965:,1747647678811
counter/8/0/0/0,14685:1747647660943:,1747647678811
counter/10/0/0/0,13761:1747647660965:,1747647678811
counter/9/0/0/0,15193:1747647661102:,1747647678811
counter/9/0/0/0,15194:1747647661102:,1747647678811
counter/6/0/0/0,14402:1747647661414:,1747647678812
counter/9/0/0/0,15195:1747647661102:,1747647678812
counter/6/0/0/0,14403:1747647661414:,1747647678812
counter/9/0/0/0,15196:1747647661102:,1747647678812
counter/6/0/0/0,14404:1747647661431:,1747647678812
counter/9/0/0/0,15197:1747647661102:,1747647678812
counter/6/0/0/0,14405:1747647661434:,1747647678812
counter/9/0/0/0,15198:1747647661102:,1747647678812
counter/6/0/0/0,14406:1747647661434:,1747647678812
counter/9/0/0/0,15199:1747647661102:,1747647678812
counter/6/0/0/0,14407:1747647661434:,1747647678812
counter/9/0/0/0,15200:1747647661105:,1747647678812
counter/6/0/0/0,14408:1747647661434:,1747647678812
counter/9/0/0/0,15201:1747647661105:,1747647678812
counter/6/0/0/0,14409:1747647661434:,1747647678812
counter/8/0/0/0,14686:1747647660943:,1747647678813
counter/9/0/0/0,15202:1747647661114:,1747647678813
counter/6/0/0/0,14410:1747647661434:,1747647678813
counter/9/0/0/0,15203:1747647661114:,1747647678813
counter/6/0/0/0,14411:1747647661434:,1747647678813
counter/9/0/0/0,15204:1747647661114:,1747647678813
counter/6/0/0/0,14412:1747647661434:,1747647678813
counter/9/0/0/0,15205:1747647661114:,1747647678813
counter/6/0/0/0,14413:1747647661434:,1747647678813
counter/9/0/0/0,15206:1747647661114:,1747647678813
counter/6/0/0/0,14414:1747647661451:,1747647678813
counter/9/0/0/0,15207:1747647661114:,1747647678813
counter/6/0/0/0,14415:1747647661451:,1747647678813
counter/9/0/0/0,15208:1747647661114:,1747647678814
counter/6/0/0/0,14416:1747647661451:,1747647678814
counter/6/0/0/0,14417:1747647661452:,1747647678814
counter/6/0/0/0,14418:1747647661452:,1747647678814
counter/9/0/0/0,15209:1747647661114:,1747647678814
counter/8/0/0/0,14687:1747647660943:,1747647678814
counter/1/0/0/0,15643:1747647662536:,1747647678814
counter/1/0/0/0,15644:1747647662536:,1747647678814
counter/1/0/0/0,15645:1747647662536:,1747647678814
counter/1/0/0/0,15646:1747647662536:,1747647678814
counter/1/0/0/0,15647:1747647662536:,1747647678814
counter/1/0/0/0,15648:1747647662547:,1747647678814
counter/1/0/0/0,15649:1747647662547:,1747647678814
counter/1/0/0/0,15650:1747647662547:,1747647678814
counter/1/0/0/0,15651:1747647662547:,1747647678814
counter/1/0/0/0,15652:1747647662547:,1747647678814
counter/1/0/0/0,15653:1747647662547:,1747647678815
counter/1/0/0/0,15654:1747647662547:,1747647678815
counter/1/0/0/0,15655:1747647662547:,1747647678815
counter/9/0/0/0,15210:1747647661115:,1747647678815
counter/8/0/0/0,14688:1747647660943:,1747647678815
counter/8/0/0/0,14689:1747647660951:,1747647678815
counter/8/0/0/0,14690:1747647660951:,1747647678815
counter/8/0/0/0,14691:1747647660951:,1747647678815
counter/7/0/0/0,14341:1747647661108:,1747647678815
counter/1/0/0/0,15656:1747647662547:,1747647678815
counter/8/0/0/0,14692:1747647660951:,1747647678815
counter/1/0/0/0,15657:1747647662559:,1747647678815
counter/5/0/0/0,14448:1747647660811:,1747647678815
counter/1/0/0/0,15658:1747647662559:,1747647678815
counter/6/0/0/0,14419:1747647661452:,1747647678815
counter/1/0/0/0,15659:1747647662559:,1747647678816
counter/2/0/0/0,14458:1747647660864:,1747647678816
counter/10/0/0/0,13762:1747647660965:,1747647678816
counter/10/0/0/0,13763:1747647660965:,1747647678816
counter/10/0/0/0,13764:1747647660965:,1747647678816
counter/2/0/0/0,14459:1747647660889:,1747647678816
counter/10/0/0/0,13765:1747647660965:,1747647678816
counter/10/0/0/0,13766:1747647660965:,1747647678816
counter/10/0/0/0,13767:1747647660965:,1747647678816
counter/10/0/0/0,13768:1747647660966:,1747647678816
counter/10/0/0/0,13769:1747647660966:,1747647678816
counter/10/0/0/0,13770:1747647660966:,1747647678816
counter/10/0/0/0,13771:1747647660966:,1747647678816
counter/4/0/0/0,14655:1747647662739:,1747647678816
counter/8/0/0/0,14693:1747647660951:,1747647678816
counter/8/0/0/0,14694:1747647660951:,1747647678817
counter/8/0/0/0,14695:1747647660951:,1747647678817
counter/8/0/0/0,14696:1747647660951:,1747647678817
counter/1/0/0/0,15660:1747647662559:,1747647678817
counter/1/0/0/0,15661:1747647662559:,1747647678817
counter/1/0/0/0,15662:1747647662565:,1747647678817
counter/1/0/0/0,15663:1747647662565:,1747647678817
counter/1/0/0/0,15664:1747647662565:,1747647678817
counter/1/0/0/0,15665:1747647662565:,1747647678817
counter/9/0/0/0,15211:1747647661115:,1747647678817
counter/10/0/0/0,13772:1747647660966:,1747647678817
counter/5/0/0/0,14449:1747647660811:,1747647678817
counter/8/0/0/0,14697:1747647660951:,1747647678817
counter/8/0/0/0,14698:1747647660951:,1747647678818
counter/8/0/0/0,14699:1747647660951:,1747647678818
counter/8/0/0/0,14700:1747647660951:,1747647678818
counter/6/0/0/0,14420:1747647661452:,1747647678818
counter/1/0/0/0,15666:1747647662565:,1747647678818
counter/1/0/0/0,15667:1747647662565:,1747647678818
counter/6/0/0/0,14421:1747647661452:,1747647678818
counter/6/0/0/0,14422:1747647661452:,1747647678818
counter/6/0/0/0,14423:1747647661453:,1747647678818
counter/6/0/0/0,14424:1747647661453:,1747647678818
counter/6/0/0/0,14425:1747647661453:,1747647678818
counter/6/0/0/0,14426:1747647661453:,1747647678818
counter/6/0/0/0,14427:1747647661453:,1747647678818
counter/6/0/0/0,14428:1747647661461:,1747647678818
counter/6/0/0/0,14429:1747647661463:,1747647678818
counter/6/0/0/0,14430:1747647661463:,1747647678818
counter/6/0/0/0,14431:1747647661463:,1747647678818
counter/5/0/0/0,14450:1747647660811:,1747647678819
counter/10/0/0/0,13773:1747647660966:,1747647678819
counter/9/0/0/0,15212:1747647661115:,1747647678819
counter/9/0/0/0,15213:1747647661115:,1747647678819
counter/7/0/0/0,14342:1747647661108:,1747647678819
counter/5/0/0/0,14451:1747647660811:,1747647678819
counter/5/0/0/0,14452:1747647660811:,1747647678819
counter/5/0/0/0,14453:1747647660826:,1747647678819
counter/5/0/0/0,14454:1747647660830:,1747647678819
counter/5/0/0/0,14455:1747647660830:,1747647678819
counter/5/0/0/0,14456:1747647660830:,1747647678820
counter/5/0/0/0,14457:1747647660833:,1747647678820
counter/5/0/0/0,14458:1747647660833:,1747647678820
counter/5/0/0/0,14459:1747647660833:,1747647678820
counter/5/0/0/0,14460:1747647660833:,1747647678820
counter/5/0/0/0,14461:1747647660833:,1747647678820
counter/5/0/0/0,14462:1747647660833:,1747647678820
counter/5/0/0/0,14463:1747647660833:,1747647678820
counter/5/0/0/0,14464:1747647660833:,1747647678820
counter/4/0/0/0,14656:1747647662739:,1747647678820
counter/7/0/0/0,14343:1747647661108:,1747647678820
counter/1/0/0/0,15668:1747647662565:,1747647678820
counter/1/0/0/0,15669:1747647662565:,1747647678820
counter/6/0/0/0,14432:1747647661476:,1747647678821
counter/1/0/0/0,15670:1747647662565:,1747647678821
counter/1/0/0/0,15671:1747647662565:,1747647678821
counter/1/0/0/0,15672:1747647662565:,1747647678821
counter/4/0/0/0,14657:1747647662739:,1747647678821
counter/5/0/0/0,14465:1747647660833:,1747647678821
counter/5/0/0/0,14466:1747647660833:,1747647678821
counter/5/0/0/0,14467:1747647660834:,1747647678821
counter/5/0/0/0,14468:1747647660834:,1747647678821
counter/5/0/0/0,14469:1747647660834:,1747647678821
counter/5/0/0/0,14470:1747647660834:,1747647678821
counter/5/0/0/0,14471:1747647660834:,1747647678821
counter/5/0/0/0,14472:1747647660834:,1747647678821
counter/5/0/0/0,14473:1747647660834:,1747647678822
counter/4/0/0/0,14658:1747647662746:,1747647678822
counter/7/0/0/0,14344:1747647661109:,1747647678822
counter/8/0/0/0,14701:1747647660951:,1747647678822
counter/8/0/0/0,14702:1747647660951:,1747647678822
counter/8/0/0/0,14703:1747647660951:,1747647678822
counter/8/0/0/0,14704:1747647660951:,1747647678822
counter/10/0/0/0,13774:1747647660966:,1747647678822
counter/3/0/0/0,15470:1747647662969:,1747647678822
counter/6/0/0/0,14433:1747647661476:,1747647678822
counter/9/0/0/0,15214:1747647661115:,1747647678823
counter/9/0/0/0,15215:1747647661117:,1747647678823
counter/9/0/0/0,15216:1747647661117:,1747647678823
counter/9/0/0/0,15217:1747647661117:,1747647678823
counter/9/0/0/0,15218:1747647661118:,1747647678823
counter/4/0/0/0,14659:1747647662746:,1747647678823
counter/2/0/0/0,14460:1747647660899:,1747647678823
counter/4/0/0/0,14660:1747647662747:,1747647678823
counter/2/0/0/0,14461:1747647660899:,1747647678823
counter/2/0/0/0,14462:1747647660899:,1747647678823
counter/8/0/0/0,14705:1747647660951:,1747647678823
counter/10/0/0/0,13775:1747647660966:,1747647678823
counter/10/0/0/0,13776:1747647660966:,1747647678823
counter/10/0/0/0,13777:1747647660966:,1747647678823
counter/10/0/0/0,13778:1747647660973:,1747647678824
counter/10/0/0/0,13779:1747647660987:,1747647678824
counter/4/0/0/0,14661:1747647662747:,1747647678825
counter/2/0/0/0,14463:1747647660899:,1747647678825
counter/2/0/0/0,14464:1747647660899:,1747647678825
counter/2/0/0/0,14465:1747647660900:,1747647678826
counter/2/0/0/0,14466:1747647660900:,1747647678826
counter/2/0/0/0,14467:1747647660900:,1747647678826
counter/10/0/0/0,13780:1747647660987:,1747647678826
counter/10/0/0/0,13781:1747647660987:,1747647678826
counter/10/0/0/0,13782:1747647660987:,1747647678826
counter/10/0/0/0,13783:1747647660987:,1747647678826
counter/10/0/0/0,13784:1747647660987:,1747647678826
counter/10/0/0/0,13785:1747647660987:,1747647678826
counter/5/0/0/0,14474:1747647660834:,1747647678826
counter/3/0/0/0,15471:1747647662969:,1747647678826
counter/6/0/0/0,14434:1747647661476:,1747647678826
counter/3/0/0/0,15472:1747647662969:,1747647678827
counter/6/0/0/0,14435:1747647661476:,1747647678827
counter/10/0/0/0,13786:1747647660987:,1747647678827
counter/4/0/0/0,14662:1747647662747:,1747647678828
counter/7/0/0/0,14345:1747647661109:,1747647678828
counter/7/0/0/0,14346:1747647661109:,1747647678828
counter/7/0/0/0,14347:1747647661109:,1747647678828
counter/6/0/0/0,14436:1747647661476:,1747647678828
counter/9/0/0/0,15219:1747647661118:,1747647678829
counter/6/0/0/0,14437:1747647661476:,1747647678829
counter/1/0/0/0,15673:1747647662565:,1747647678829
counter/1/0/0/0,15674:1747647662565:,1747647678829
counter/1/0/0/0,15675:1747647662565:,1747647678829
counter/1/0/0/0,15676:1747647662572:,1747647678829
counter/1/0/0/0,15677:1747647662572:,1747647678829
counter/1/0/0/0,15678:1747647662572:,1747647678829
counter/1/0/0/0,15679:1747647662572:,1747647678829
counter/1/0/0/0,15680:1747647662579:,1747647678829
counter/1/0/0/0,15681:1747647662579:,1747647678829
counter/1/0/0/0,15682:1747647662579:,1747647678829
counter/2/0/0/0,14468:1747647660900:,1747647678829
counter/5/0/0/0,14475:1747647660834:,1747647678830
counter/6/0/0/0,14438:1747647661476:,1747647678830
counter/1/0/0/0,15683:1747647662583:,1747647678830
counter/6/0/0/0,14439:1747647661476:,1747647678830
counter/6/0/0/0,14440:1747647661476:,1747647678830
counter/6/0/0/0,14441:1747647661477:,1747647678830
counter/6/0/0/0,14442:1747647661477:,1747647678830
counter/6/0/0/0,14443:1747647661477:,1747647678830
counter/6/0/0/0,14444:1747647661485:,1747647678830
counter/6/0/0/0,14445:1747647661485:,1747647678831
counter/6/0/0/0,14446:1747647661485:,1747647678831
counter/6/0/0/0,14447:1747647661485:,1747647678831
counter/6/0/0/0,14448:1747647661485:,1747647678831
counter/6/0/0/0,14449:1747647661486:,1747647678831
counter/3/0/0/0,15473:1747647662969:,1747647678831
counter/1/0/0/0,15684:1747647662583:,1747647678831
counter/8/0/0/0,14706:1747647660951:,1747647678831
counter/9/0/0/0,15220:1747647661118:,1747647678831
counter/8/0/0/0,14707:1747647660951:,1747647678831
counter/3/0/0/0,15474:1747647662969:,1747647678831
counter/5/0/0/0,14476:1747647660834:,1747647678832
counter/4/0/0/0,14663:1747647662747:,1747647678832
counter/4/0/0/0,14664:1747647662755:,1747647678833
counter/7/0/0/0,14348:1747647661109:,1747647678833
counter/7/0/0/0,14349:1747647661109:,1747647678833
counter/7/0/0/0,14350:1747647661109:,1747647678833
counter/7/0/0/0,14351:1747647661109:,1747647678833
counter/7/0/0/0,14352:1747647661109:,1747647678833
counter/7/0/0/0,14353:1747647661121:,1747647678833
counter/7/0/0/0,14354:1747647661121:,1747647678833
counter/7/0/0/0,14355:1747647661121:,1747647678834
counter/7/0/0/0,14356:1747647661121:,1747647678834
counter/8/0/0/0,14708:1747647660951:,1747647678834
counter/7/0/0/0,14357:1747647661121:,1747647678834
counter/8/0/0/0,14709:1747647660951:,1747647678834
counter/7/0/0/0,14358:1747647661121:,1747647678834
counter/7/0/0/0,14359:1747647661121:,1747647678834
counter/7/0/0/0,14360:1747647661121:,1747647678834
counter/7/0/0/0,14361:1747647661123:,1747647678834
counter/5/0/0/0,14477:1747647660834:,1747647678834
counter/5/0/0/0,14478:1747647660834:,1747647678834
counter/5/0/0/0,14479:1747647660834:,1747647678834
counter/5/0/0/0,14480:1747647660834:,1747647678835
counter/1/0/0/0,15685:1747647662584:,1747647678835
counter/1/0/0/0,15686:1747647662584:,1747647678835
counter/1/0/0/0,15687:1747647662584:,1747647678835
counter/1/0/0/0,15688:1747647662584:,1747647678835
counter/4/0/0/0,14665:1747647662755:,1747647678835
counter/1/0/0/0,15689:1747647662584:,1747647678835
counter/1/0/0/0,15690:1747647662584:,1747647678835
counter/5/0/0/0,14481:1747647660834:,1747647678835
counter/5/0/0/0,14482:1747647660834:,1747647678835
counter/5/0/0/0,14483:1747647660834:,1747647678835
counter/5/0/0/0,14484:1747647660834:,1747647678835
counter/5/0/0/0,14485:1747647660834:,1747647678835
counter/5/0/0/0,14486:1747647660834:,1747647678836
counter/6/0/0/0,14450:1747647661486:,1747647678836
counter/2/0/0/0,14469:1747647660900:,1747647678836
counter/7/0/0/0,14362:1747647661123:,1747647678836
counter/7/0/0/0,14363:1747647661123:,1747647678836
counter/7/0/0/0,14364:1747647661123:,1747647678837
counter/7/0/0/0,14365:1747647661123:,1747647678837
counter/7/0/0/0,14366:1747647661123:,1747647678837
counter/7/0/0/0,14367:1747647661123:,1747647678837
counter/10/0/0/0,13787:1747647660987:,1747647678837
counter/4/0/0/0,14666:1747647662755:,1747647678837
counter/6/0/0/0,14451:1747647661486:,1747647678838
counter/6/0/0/0,14452:1747647661486:,1747647678838
counter/6/0/0/0,14453:1747647661486:,1747647678838
counter/6/0/0/0,14454:1747647661486:,1747647678839
counter/6/0/0/0,14455:1747647661487:,1747647678839
counter/6/0/0/0,14456:1747647661487:,1747647678839
counter/6/0/0/0,14457:1747647661487:,1747647678839
counter/6/0/0/0,14458:1747647661487:,1747647678839
counter/8/0/0/0,14710:1747647660951:,1747647678839
counter/1/0/0/0,15691:1747647662584:,1747647678839
counter/1/0/0/0,15692:1747647662584:,1747647678839
counter/5/0/0/0,14487:1747647660836:,1747647678839
counter/1/0/0/0,15693:1747647662584:,1747647678840
counter/1/0/0/0,15694:1747647662584:,1747647678840
counter/1/0/0/0,15695:1747647662584:,1747647678840
counter/9/0/0/0,15221:1747647661118:,1747647678840
counter/1/0/0/0,15696:1747647662584:,1747647678840
counter/5/0/0/0,14488:1747647660836:,1747647678845
counter/5/0/0/0,14489:1747647660836:,1747647678845
counter/5/0/0/0,14490:1747647660836:,1747647678845
counter/5/0/0/0,14491:1747647660836:,1747647678845
counter/9/0/0/0,15222:1747647661118:,1747647678845
counter/1/0/0/0,15697:1747647662584:,1747647678845
counter/8/0/0/0,14711:1747647660951:,1747647678845
counter/8/0/0/0,14712:1747647660951:,1747647678846
counter/5/0/0/0,14492:1747647660836:,1747647678846
counter/3/0/0/0,15475:1747647662969:,1747647678846
counter/5/0/0/0,14493:1747647660836:,1747647678846
counter/10/0/0/0,13788:1747647660987:,1747647678847
counter/8/0/0/0,14713:1747647660962:,1747647678847
counter/8/0/0/0,14714:1747647660963:,1747647678847
counter/1/0/0/0,15698:1747647662584:,1747647678847
counter/8/0/0/0,14715:1747647660963:,1747647678847
counter/8/0/0/0,14716:1747647660963:,1747647678847
counter/8/0/0/0,14717:1747647660963:,1747647678848
counter/8/0/0/0,14718:1747647660963:,1747647678848
counter/5/0/0/0,14494:1747647660836:,1747647678848
counter/7/0/0/0,14368:1747647661123:,1747647678848
counter/3/0/0/0,15476:1747647662970:,1747647678848
counter/3/0/0/0,15477:1747647662971:,1747647678848
counter/8/0/0/0,14719:1747647660963:,1747647678848
counter/8/0/0/0,14720:1747647660968:,1747647678848
counter/8/0/0/0,14721:1747647660968:,1747647678848
counter/5/0/0/0,14495:1747647660836:,1747647678849
counter/6/0/0/0,14459:1747647661487:,1747647678849
counter/6/0/0/0,14460:1747647661487:,1747647678849
counter/7/0/0/0,14369:1747647661123:,1747647678849
counter/5/0/0/0,14496:1747647660836:,1747647678850
counter/7/0/0/0,14370:1747647661127:,1747647678850
counter/7/0/0/0,14371:1747647661127:,1747647678850
counter/7/0/0/0,14372:1747647661127:,1747647678850
counter/7/0/0/0,14373:1747647661127:,1747647678850
counter/7/0/0/0,14374:1747647661128:,1747647678850
counter/7/0/0/0,14375:1747647661128:,1747647678850
counter/7/0/0/0,14376:1747647661128:,1747647678851
counter/7/0/0/0,14377:1747647661128:,1747647678851
counter/7/0/0/0,14378:1747647661128:,1747647678851
counter/7/0/0/0,14379:1747647661128:,1747647678851
counter/7/0/0/0,14380:1747647661128:,1747647678851
counter/7/0/0/0,14381:1747647661128:,1747647678851
counter/10/0/0/0,13789:1747647660987:,1747647678851
counter/3/0/0/0,15478:1747647662971:,1747647678851
counter/9/0/0/0,15223:1747647661118:,1747647678851
counter/1/0/0/0,15699:1747647662598:,1747647678852
counter/1/0/0/0,15700:1747647662598:,1747647678852
counter/1/0/0/0,15701:1747647662599:,1747647678852
counter/1/0/0/0,15702:1747647662602:,1747647678852
counter/1/0/0/0,15703:1747647662602:,1747647678852
counter/1/0/0/0,15704:1747647662602:,1747647678852
counter/2/0/0/0,14470:1747647660902:,1747647678853
counter/2/0/0/0,14471:1747647660902:,1747647678853
counter/8/0/0/0,14722:1747647660968:,1747647678853
counter/10/0/0/0,13790:1747647660987:,1747647678853
counter/8/0/0/0,14723:1747647660968:,1747647678853
counter/8/0/0/0,14724:1747647660968:,1747647678853
counter/8/0/0/0,14725:1747647660968:,1747647678853
counter/8/0/0/0,14726:1747647660970:,1747647678853
counter/8/0/0/0,14727:1747647660970:,1747647678853
counter/8/0/0/0,14728:1747647660970:,1747647678853
counter/6/0/0/0,14461:1747647661487:,1747647678853
counter/6/0/0/0,14462:1747647661487:,1747647678853
counter/6/0/0/0,14463:1747647661487:,1747647678853
counter/6/0/0/0,14464:1747647661487:,1747647678853
counter/6/0/0/0,14465:1747647661487:,1747647678854
counter/1/0/0/0,15705:1747647662602:,1747647678854
counter/10/0/0/0,13791:1747647660987:,1747647678854
counter/5/0/0/0,14497:1747647660836:,1747647678854
counter/2/0/0/0,14472:1747647660941:,1747647678854
counter/6/0/0/0,14466:1747647661487:,1747647678854
counter/8/0/0/0,14729:1747647660970:,1747647678855
counter/10/0/0/0,13792:1747647660989:,1747647678855
counter/5/0/0/0,14498:1747647660836:,1747647678855
counter/5/0/0/0,14499:1747647660836:,1747647678855
counter/5/0/0/0,14500:1747647660836:,1747647678855
counter/5/0/0/0,14501:1747647660836:,1747647678855
counter/5/0/0/0,14502:1747647660854:,1747647678855
counter/5/0/0/0,14503:1747647660854:,1747647678855
counter/5/0/0/0,14504:1747647660854:,1747647678855
counter/5/0/0/0,14505:1747647660854:,1747647678855
counter/5/0/0/0,14506:1747647660854:,1747647678855
counter/5/0/0/0,14507:1747647660858:,1747647678856
counter/5/0/0/0,14508:1747647660858:,1747647678856
counter/1/0/0/0,15706:1747647662602:,1747647678856
counter/5/0/0/0,14509:1747647660858:,1747647678856
counter/5/0/0/0,14510:1747647660858:,1747647678856
counter/6/0/0/0,14467:1747647661487:,1747647678856
counter/6/0/0/0,14468:1747647661487:,1747647678857
counter/6/0/0/0,14469:1747647661487:,1747647678857
counter/6/0/0/0,14470:1747647661487:,1747647678857
counter/6/0/0/0,14471:1747647661487:,1747647678857
counter/6/0/0/0,14472:1747647661487:,1747647678857
counter/6/0/0/0,14473:1747647661487:,1747647678857
counter/4/0/0/0,14667:1747647662755:,1747647678857
counter/6/0/0/0,14474:1747647661487:,1747647678857
counter/3/0/0/0,15479:1747647662971:,1747647678857
counter/3/0/0/0,15480:1747647662971:,1747647678857
counter/3/0/0/0,15481:1747647662971:,1747647678857
counter/3/0/0/0,15482:1747647662971:,1747647678857
counter/3/0/0/0,15483:1747647662971:,1747647678857
counter/3/0/0/0,15484:1747647662971:,1747647678857
counter/3/0/0/0,15485:1747647662971:,1747647678857
counter/3/0/0/0,15486:1747647662971:,1747647678858
counter/3/0/0/0,15487:1747647662979:,1747647678858
counter/3/0/0/0,15488:1747647662979:,1747647678858
counter/3/0/0/0,15489:1747647662979:,1747647678858
counter/3/0/0/0,15490:1747647662979:,1747647678858
counter/3/0/0/0,15491:1747647662979:,1747647678858
counter/3/0/0/0,15492:1747647662979:,1747647678858
counter/7/0/0/0,14382:1747647661128:,1747647678858
counter/1/0/0/0,15707:1747647662602:,1747647678858
counter/3/0/0/0,15493:1747647662979:,1747647678858
counter/9/0/0/0,15224:1747647661118:,1747647678858
counter/2/0/0/0,14473:1747647660941:,1747647678858
counter/2/0/0/0,14474:1747647660941:,1747647678858
counter/7/0/0/0,14383:1747647661128:,1747647678859
counter/8/0/0/0,14730:1747647660970:,1747647678859
counter/8/0/0/0,14731:1747647660970:,1747647678860
counter/8/0/0/0,14732:1747647660970:,1747647678860
counter/8/0/0/0,14733:1747647660970:,1747647678860
counter/8/0/0/0,14734:1747647660970:,1747647678860
counter/8/0/0/0,14735:1747647660970:,1747647678860
counter/8/0/0/0,14736:1747647660970:,1747647678860
counter/8/0/0/0,14737:1747647660970:,1747647678860
counter/8/0/0/0,14738:1747647660973:,1747647678860
counter/8/0/0/0,14739:1747647660973:,1747647678860
counter/8/0/0/0,14740:1747647660973:,1747647678860
counter/4/0/0/0,14668:1747647662755:,1747647678860
counter/4/0/0/0,14669:1747647662755:,1747647678861
counter/5/0/0/0,14511:1747647660858:,1747647678861
counter/5/0/0/0,14512:1747647660858:,1747647678861
counter/5/0/0/0,14513:1747647660858:,1747647678861
counter/5/0/0/0,14514:1747647660858:,1747647678861
counter/5/0/0/0,14515:1747647660858:,1747647678861
counter/5/0/0/0,14516:1747647660858:,1747647678861
counter/5/0/0/0,14517:1747647660858:,1747647678861
counter/5/0/0/0,14518:1747647660858:,1747647678861
counter/5/0/0/0,14519:1747647660858:,1747647678861
counter/3/0/0/0,15494:1747647662979:,1747647678861
counter/1/0/0/0,15708:1747647662602:,1747647678861
counter/5/0/0/0,14520:1747647660860:,1747647678861
counter/5/0/0/0,14521:1747647660860:,1747647678862
counter/5/0/0/0,14522:1747647660860:,1747647678862
counter/10/0/0/0,13793:1747647660989:,1747647678862
counter/5/0/0/0,14523:1747647660860:,1747647678862
counter/5/0/0/0,14524:1747647660860:,1747647678862
counter/5/0/0/0,14525:1747647660861:,1747647678862
counter/5/0/0/0,14526:1747647660861:,1747647678862
counter/5/0/0/0,14527:1747647660862:,1747647678862
counter/5/0/0/0,14528:1747647660862:,1747647678862
counter/5/0/0/0,14529:1747647660862:,1747647678862
counter/5/0/0/0,14530:1747647660862:,1747647678862
counter/5/0/0/0,14531:1747647660862:,1747647678862
counter/5/0/0/0,14532:1747647660862:,1747647678862
counter/5/0/0/0,14533:1747647660862:,1747647678862
counter/5/0/0/0,14534:1747647660862:,1747647678862
counter/5/0/0/0,14535:1747647660862:,1747647678862
counter/10/0/0/0,13794:1747647660989:,1747647678863
counter/1/0/0/0,15709:1747647662604:,1747647678863
counter/1/0/0/0,15710:1747647662604:,1747647678863
counter/6/0/0/0,14475:1747647661487:,1747647678863
counter/9/0/0/0,15225:1747647661118:,1747647678863
counter/8/0/0/0,14741:1747647660973:,1747647678863
counter/5/0/0/0,14536:1747647660862:,1747647678864
counter/10/0/0/0,13795:1747647660989:,1747647678864
counter/7/0/0/0,14384:1747647661128:,1747647678864
counter/6/0/0/0,14476:1747647661487:,1747647678864
counter/6/0/0/0,14477:1747647661487:,1747647678864
counter/6/0/0/0,14478:1747647661487:,1747647678864
counter/6/0/0/0,14479:1747647661487:,1747647678864
counter/6/0/0/0,14480:1747647661487:,1747647678865
counter/5/0/0/0,14537:1747647660862:,1747647678865
counter/5/0/0/0,14538:1747647660862:,1747647678865
counter/5/0/0/0,14539:1747647660862:,1747647678865
counter/5/0/0/0,14540:1747647660862:,1747647678865
counter/5/0/0/0,14541:1747647660862:,1747647678865
counter/7/0/0/0,14385:1747647661128:,1747647678865
counter/6/0/0/0,14481:1747647661487:,1747647678865
counter/5/0/0/0,14542:1747647660862:,1747647678865
counter/5/0/0/0,14543:1747647660862:,1747647678865
counter/5/0/0/0,14544:1747647660863:,1747647678865
counter/5/0/0/0,14545:1747647660863:,1747647678866
counter/5/0/0/0,14546:1747647660867:,1747647678866
counter/5/0/0/0,14547:1747647660867:,1747647678866
counter/5/0/0/0,14548:1747647660867:,1747647678866
counter/5/0/0/0,14549:1747647660871:,1747647678866
counter/9/0/0/0,15226:1747647661118:,1747647678866
counter/2/0/0/0,14475:1747647660941:,1747647678866
counter/9/0/0/0,15227:1747647661118:,1747647678866
counter/2/0/0/0,14476:1747647660941:,1747647678866
counter/1/0/0/0,15711:1747647662604:,1747647678866
counter/1/0/0/0,15712:1747647662607:,1747647678866
counter/7/0/0/0,14386:1747647661128:,1747647678866
counter/6/0/0/0,14482:1747647661487:,1747647678867
counter/6/0/0/0,14483:1747647661488:,1747647678867
counter/6/0/0/0,14484:1747647661488:,1747647678867
counter/6/0/0/0,14485:1747647661492:,1747647678867
counter/6/0/0/0,14486:1747647661492:,1747647678867
counter/6/0/0/0,14487:1747647661492:,1747647678867
counter/9/0/0/0,15228:1747647661118:,1747647678871
counter/1/0/0/0,15713:1747647662607:,1747647678872
counter/1/0/0/0,15714:1747647662607:,1747647678872
counter/1/0/0/0,15715:1747647662607:,1747647678872
counter/1/0/0/0,15716:1747647662607:,1747647678872
counter/1/0/0/0,15717:1747647662607:,1747647678872
counter/1/0/0/0,15718:1747647662607:,1747647678872
counter/1/0/0/0,15719:1747647662607:,1747647678873
counter/1/0/0/0,15720:1747647662607:,1747647678873
counter/1/0/0/0,15721:1747647662607:,1747647678873
counter/1/0/0/0,15722:1747647662607:,1747647678873
counter/1/0/0/0,15723:1747647662607:,1747647678873
counter/1/0/0/0,15724:1747647662607:,1747647678873
counter/5/0/0/0,14550:1747647660894:,1747647678874
counter/5/0/0/0,14551:1747647660894:,1747647678874
counter/5/0/0/0,14552:1747647660894:,1747647678874
counter/5/0/0/0,14553:1747647660894:,1747647678874
counter/9/0/0/0,15229:1747647661120:,1747647678874
counter/5/0/0/0,14554:1747647660894:,1747647678874
counter/1/0/0/0,15725:1747647662607:,1747647678874
counter/6/0/0/0,14488:1747647661492:,1747647678874
counter/5/0/0/0,14555:1747647660894:,1747647678875
counter/5/0/0/0,14556:1747647660894:,1747647678875
counter/5/0/0/0,14557:1747647660894:,1747647678875
counter/1/0/0/0,15726:1747647662608:,1747647678875
counter/5/0/0/0,14558:1747647660894:,1747647678875
counter/5/0/0/0,14559:1747647660894:,1747647678875
counter/1/0/0/0,15727:1747647662608:,1747647678875
counter/5/0/0/0,14560:1747647660895:,1747647678875
counter/5/0/0/0,14561:1747647660895:,1747647678875
counter/4/0/0/0,14670:1747647662755:,1747647678875
counter/2/0/0/0,14477:1747647660944:,1747647678875
counter/5/0/0/0,14562:1747647660895:,1747647678875
counter/9/0/0/0,15230:1747647661120:,1747647678875
counter/2/0/0/0,14478:1747647660946:,1747647678875
counter/9/0/0/0,15231:1747647661120:,1747647678876
counter/2/0/0/0,14479:1747647660946:,1747647678876
counter/9/0/0/0,15232:1747647661120:,1747647678876
counter/2/0/0/0,14480:1747647660949:,1747647678876
counter/9/0/0/0,15233:1747647661121:,1747647678876
counter/2/0/0/0,14481:1747647660950:,1747647678876
counter/9/0/0/0,15234:1747647661121:,1747647678876
counter/2/0/0/0,14482:1747647660950:,1747647678876
counter/9/0/0/0,15235:1747647661121:,1747647678876
counter/2/0/0/0,14483:1747647660950:,1747647678876
counter/9/0/0/0,15236:1747647661121:,1747647678876
counter/2/0/0/0,14484:1747647660950:,1747647678876
counter/2/0/0/0,14485:1747647660950:,1747647678876
counter/2/0/0/0,14486:1747647660950:,1747647678877
counter/2/0/0/0,14487:1747647660954:,1747647678877
counter/9/0/0/0,15237:1747647661121:,1747647678877
counter/4/0/0/0,14671:1747647662755:,1747647678877
counter/3/0/0/0,15495:1747647662979:,1747647678877
counter/4/0/0/0,14672:1747647662755:,1747647678877
counter/3/0/0/0,15496:1747647662982:,1747647678877
counter/3/0/0/0,15497:1747647662982:,1747647678877
counter/3/0/0/0,15498:1747647662982:,1747647678877
counter/3/0/0/0,15499:1747647662982:,1747647678877
counter/3/0/0/0,15500:1747647662982:,1747647678877
counter/3/0/0/0,15501:1747647662982:,1747647678877
counter/3/0/0/0,15502:1747647662982:,1747647678877
counter/4/0/0/0,14673:1747647662755:,1747647678877
counter/4/0/0/0,14674:1747647662755:,1747647678877
counter/8/0/0/0,14742:1747647660973:,1747647678877
counter/8/0/0/0,14743:1747647660973:,1747647678877
counter/8/0/0/0,14744:1747647660973:,1747647678877
counter/6/0/0/0,14489:1747647661492:,1747647678878
counter/6/0/0/0,14490:1747647661492:,1747647678878
counter/6/0/0/0,14491:1747647661492:,1747647678878
counter/6/0/0/0,14492:1747647661492:,1747647678878
counter/6/0/0/0,14493:1747647661492:,1747647678878
counter/6/0/0/0,14494:1747647661492:,1747647678878
counter/7/0/0/0,14387:1747647661132:,1747647678879
counter/5/0/0/0,14563:1747647660895:,1747647678880
counter/1/0/0/0,15728:1747647662608:,1747647678880
counter/5/0/0/0,14564:1747647660895:,1747647678880
counter/1/0/0/0,15729:1747647662608:,1747647678881
counter/1/0/0/0,15730:1747647662608:,1747647678881
counter/1/0/0/0,15731:1747647662608:,1747647678881
counter/1/0/0/0,15732:1747647662613:,1747647678881
counter/1/0/0/0,15733:1747647662613:,1747647678881
counter/3/0/0/0,15503:1747647662982:,1747647678881
counter/3/0/0/0,15504:1747647662982:,1747647678881
counter/3/0/0/0,15505:1747647662982:,1747647678881
counter/4/0/0/0,14675:1747647662755:,1747647678881
counter/9/0/0/0,15238:1747647661121:,1747647678881
counter/8/0/0/0,14745:1747647660973:,1747647678881
counter/10/0/0/0,13796:1747647660989:,1747647678881
counter/8/0/0/0,14746:1747647660973:,1747647678881
counter/6/0/0/0,14495:1747647661492:,1747647678882
counter/1/0/0/0,15734:1747647662613:,1747647678882
counter/1/0/0/0,15735:1747647662613:,1747647678882
counter/1/0/0/0,15736:1747647662613:,1747647678882
counter/3/0/0/0,15506:1747647662982:,1747647678882
counter/3/0/0/0,15507:1747647662982:,1747647678882
counter/3/0/0/0,15508:1747647662982:,1747647678882
counter/2/0/0/0,14488:1747647660954:,1747647678882
counter/4/0/0/0,14676:1747647662755:,1747647678882
counter/4/0/0/0,14677:1747647662755:,1747647678882
counter/9/0/0/0,15239:1747647661121:,1747647678882
counter/9/0/0/0,15240:1747647661121:,1747647678882
counter/9/0/0/0,15241:1747647661122:,1747647678882
counter/9/0/0/0,15242:1747647661122:,1747647678882
counter/7/0/0/0,14388:1747647661132:,1747647678883
counter/7/0/0/0,14389:1747647661132:,1747647678883
counter/2/0/0/0,14489:1747647660954:,1747647678883
counter/4/0/0/0,14678:1747647662755:,1747647678883
counter/2/0/0/0,14490:1747647660954:,1747647678883
counter/5/0/0/0,14565:1747647660895:,1747647678883
counter/9/0/0/0,15243:1747647661122:,1747647678884
counter/9/0/0/0,15244:1747647661130:,1747647678884
counter/9/0/0/0,15245:1747647661136:,1747647678884
counter/9/0/0/0,15246:1747647661136:,1747647678884
counter/9/0/0/0,15247:1747647661136:,1747647678884
counter/9/0/0/0,15248:1747647661136:,1747647678884
counter/9/0/0/0,15249:1747647661136:,1747647678884
counter/9/0/0/0,15250:1747647661136:,1747647678884
counter/9/0/0/0,15251:1747647661136:,1747647678884
counter/9/0/0/0,15252:1747647661138:,1747647678884
counter/9/0/0/0,15253:1747647661138:,1747647678884
counter/7/0/0/0,14390:1747647661132:,1747647678884
counter/3/0/0/0,15509:1747647662982:,1747647678884
counter/7/0/0/0,14391:1747647661132:,1747647678884
counter/7/0/0/0,14392:1747647661132:,1747647678884
counter/7/0/0/0,14393:1747647661132:,1747647678884
counter/2/0/0/0,14491:1747647660954:,1747647678884
counter/4/0/0/0,14679:1747647662755:,1747647678884
counter/2/0/0/0,14492:1747647660954:,1747647678884
counter/4/0/0/0,14680:1747647662755:,1747647678884
counter/2/0/0/0,14493:1747647660954:,1747647678885
counter/4/0/0/0,14681:1747647662755:,1747647678885
counter/4/0/0/0,14682:1747647662755:,1747647678885
counter/9/0/0/0,15254:1747647661138:,1747647678887
counter/9/0/0/0,15255:1747647661138:,1747647678887
counter/9/0/0/0,15256:1747647661138:,1747647678887
counter/9/0/0/0,15257:1747647661138:,1747647678887
counter/2/0/0/0,14494:1747647660954:,1747647678888
counter/2/0/0/0,14495:1747647660954:,1747647678888
counter/2/0/0/0,14496:1747647660954:,1747647678888
counter/2/0/0/0,14497:1747647660954:,1747647678888
counter/2/0/0/0,14498:1747647660954:,1747647678888
counter/1/0/0/0,15737:1747647662613:,1747647678888
counter/5/0/0/0,14566:1747647660898:,1747647678889
counter/5/0/0/0,14567:1747647660898:,1747647678889
counter/5/0/0/0,14568:1747647660898:,1747647678889
counter/5/0/0/0,14569:1747647660912:,1747647678889
counter/5/0/0/0,14570:1747647660917:,1747647678889
counter/5/0/0/0,14571:1747647660917:,1747647678889
counter/10/0/0/0,13797:1747647660989:,1747647678890
counter/10/0/0/0,13798:1747647660994:,1747647678890
counter/4/0/0/0,14683:1747647662755:,1747647678890
counter/4/0/0/0,14684:1747647662755:,1747647678891
counter/4/0/0/0,14685:1747647662755:,1747647678891
counter/4/0/0/0,14686:1747647662755:,1747647678891
counter/4/0/0/0,14687:1747647662755:,1747647678891
counter/4/0/0/0,14688:1747647662756:,1747647678891
counter/4/0/0/0,14689:1747647662756:,1747647678891
counter/4/0/0/0,14690:1747647662756:,1747647678891
counter/8/0/0/0,14747:1747647660973:,1747647678891
counter/10/0/0/0,13799:1747647660994:,1747647678892
counter/3/0/0/0,15510:1747647662982:,1747647678892
counter/10/0/0/0,13800:1747647660994:,1747647678892
counter/10/0/0/0,13801:1747647660994:,1747647678893
counter/9/0/0/0,15258:1747647661139:,1747647678893
counter/4/0/0/0,14691:1747647662757:,1747647678893
counter/8/0/0/0,14748:1747647660973:,1747647678893
counter/8/0/0/0,14749:1747647660973:,1747647678893
counter/8/0/0/0,14750:1747647660973:,1747647678893
counter/8/0/0/0,14751:1747647660973:,1747647678893
counter/8/0/0/0,14752:1747647660980:,1747647678893
counter/8/0/0/0,14753:1747647660980:,1747647678893
counter/3/0/0/0,15511:1747647662996:,1747647678893
counter/6/0/0/0,14496:1747647661493:,1747647678894
counter/6/0/0/0,14497:1747647661504:,1747647678894
counter/5/0/0/0,14572:1747647660917:,1747647678895
counter/5/0/0/0,14573:1747647660917:,1747647678895
counter/1/0/0/0,15738:1747647662613:,1747647678895
counter/2/0/0/0,14499:1747647660954:,1747647678895
counter/2/0/0/0,14500:1747647660954:,1747647678896
counter/6/0/0/0,14498:1747647661504:,1747647678896
counter/6/0/0/0,14499:1747647661504:,1747647678896
counter/6/0/0/0,14500:1747647661504:,1747647678896
counter/4/0/0/0,14692:1747647662757:,1747647678896
counter/4/0/0/0,14693:1747647662757:,1747647678896
counter/7/0/0/0,14394:1747647661132:,1747647678896
counter/1/0/0/0,15739:1747647662613:,1747647678896
counter/8/0/0/0,14754:1747647660980:,1747647678897
counter/8/0/0/0,14755:1747647660980:,1747647678897
counter/8/0/0/0,14756:1747647660980:,1747647678897
counter/8/0/0/0,14757:1747647660982:,1747647678897
counter/8/0/0/0,14758:1747647660982:,1747647678897
counter/8/0/0/0,14759:1747647660982:,1747647678897
counter/5/0/0/0,14574:1747647660917:,1747647678897
counter/5/0/0/0,14575:1747647660917:,1747647678897
counter/5/0/0/0,14576:1747647660917:,1747647678897
counter/5/0/0/0,14577:1747647660917:,1747647678897
counter/5/0/0/0,14578:1747647660917:,1747647678897
counter/5/0/0/0,14579:1747647660917:,1747647678898
counter/7/0/0/0,14395:1747647661133:,1747647678898
counter/3/0/0/0,15512:1747647662996:,1747647678898
counter/3/0/0/0,15513:1747647662996:,1747647678898
counter/3/0/0/0,15514:1747647662996:,1747647678898
counter/3/0/0/0,15515:1747647662996:,1747647678898
counter/3/0/0/0,15516:1747647662996:,1747647678898
counter/3/0/0/0,15517:1747647662996:,1747647678899
counter/3/0/0/0,15518:1747647662996:,1747647678899
counter/4/0/0/0,14694:1747647662758:,1747647678899
counter/4/0/0/0,14695:1747647662758:,1747647678899
counter/3/0/0/0,15519:1747647662996:,1747647678899
counter/2/0/0/0,14501:1747647660954:,1747647678899
counter/2/0/0/0,14502:1747647660954:,1747647678900
counter/2/0/0/0,14503:1747647660954:,1747647678900
counter/2/0/0/0,14504:1747647660954:,1747647678900
counter/4/0/0/0,14696:1747647662758:,1747647678900
counter/2/0/0/0,14505:1747647660954:,1747647678900
counter/2/0/0/0,14506:1747647660954:,1747647678900
counter/2/0/0/0,14507:1747647660954:,1747647678900
counter/10/0/0/0,13802:1747647660994:,1747647678901
counter/7/0/0/0,14396:1747647661133:,1747647678901
counter/2/0/0/0,14508:1747647660955:,1747647678901
counter/7/0/0/0,14397:1747647661133:,1747647678901
counter/2/0/0/0,14509:1747647660955:,1747647678901
counter/2/0/0/0,14510:1747647660955:,1747647678901
counter/2/0/0/0,14511:1747647660955:,1747647678901
counter/2/0/0/0,14512:1747647660955:,1747647678901
counter/2/0/0/0,14513:1747647660955:,1747647678901
counter/5/0/0/0,14580:1747647660917:,1747647678902
counter/7/0/0/0,14398:1747647661133:,1747647678902
counter/7/0/0/0,14399:1747647661133:,1747647678904
counter/9/0/0/0,15259:1747647661139:,1747647678904
counter/9/0/0/0,15260:1747647661139:,1747647678904
counter/9/0/0/0,15261:1747647661139:,1747647678904
counter/9/0/0/0,15262:1747647661139:,1747647678904
counter/5/0/0/0,14581:1747647660918:,1747647678905
counter/5/0/0/0,14582:1747647660918:,1747647678905
counter/5/0/0/0,14583:1747647660918:,1747647678905
counter/7/0/0/0,14400:1747647661135:,1747647678905
counter/5/0/0/0,14584:1747647660925:,1747647678905
counter/7/0/0/0,14401:1747647661135:,1747647678905
counter/5/0/0/0,14585:1747647660925:,1747647678905
counter/5/0/0/0,14586:1747647660925:,1747647678905
counter/5/0/0/0,14587:1747647660925:,1747647678905
counter/9/0/0/0,15263:1747647661139:,1747647678906
counter/9/0/0/0,15264:1747647661147:,1747647678906
counter/9/0/0/0,15265:1747647661147:,1747647678906
counter/9/0/0/0,15266:1747647661147:,1747647678906
counter/4/0/0/0,14697:1747647662758:,1747647678907
counter/10/0/0/0,13803:1747647660994:,1747647678907
counter/10/0/0/0,13804:1747647660994:,1747647678907
counter/10/0/0/0,13805:1747647660994:,1747647678907
counter/10/0/0/0,13806:1747647660994:,1747647678907
counter/10/0/0/0,13807:1747647660994:,1747647678907
counter/10/0/0/0,13808:1747647660994:,1747647678907
counter/10/0/0/0,13809:1747647660994:,1747647678907
counter/10/0/0/0,13810:1747647660994:,1747647678907
counter/10/0/0/0,13811:1747647660994:,1747647678907
counter/1/0/0/0,15740:1747647662613:,1747647678907
counter/8/0/0/0,14760:1747647660982:,1747647678907
counter/1/0/0/0,15741:1747647662613:,1747647678907
counter/8/0/0/0,14761:1747647660983:,1747647678907
counter/1/0/0/0,15742:1747647662613:,1747647678908
counter/8/0/0/0,14762:1747647660983:,1747647678908
counter/8/0/0/0,14763:1747647660983:,1747647678908
counter/8/0/0/0,14764:1747647660983:,1747647678908
counter/8/0/0/0,14765:1747647660983:,1747647678908
counter/8/0/0/0,14766:1747647660983:,1747647678908
counter/8/0/0/0,14767:1747647660983:,1747647678908
counter/8/0/0/0,14768:1747647660983:,1747647678908
counter/4/0/0/0,14698:1747647662758:,1747647678908
counter/8/0/0/0,14769:1747647660983:,1747647678909
counter/8/0/0/0,14770:1747647660983:,1747647678909
counter/7/0/0/0,14402:1747647661135:,1747647678909
counter/10/0/0/0,13812:1747647660994:,1747647678909
counter/3/0/0/0,15520:1747647662996:,1747647678912
counter/3/0/0/0,15521:1747647662996:,1747647678912
counter/3/0/0/0,15522:1747647662996:,1747647678912
counter/3/0/0/0,15523:1747647662996:,1747647678912
counter/3/0/0/0,15524:1747647662996:,1747647678912
counter/3/0/0/0,15525:1747647663005:,1747647678912
counter/10/0/0/0,13813:1747647660994:,1747647678912
counter/2/0/0/0,14514:1747647660955:,1747647678913
counter/6/0/0/0,14501:1747647661504:,1747647678913
counter/10/0/0/0,13814:1747647660994:,1747647678913
counter/9/0/0/0,15267:1747647661157:,1747647678914
counter/5/0/0/0,14588:1747647660925:,1747647678916
counter/9/0/0/0,15268:1747647661157:,1747647678916
counter/3/0/0/0,15526:1747647663008:,1747647678916
counter/6/0/0/0,14502:1747647661505:,1747647678916
counter/5/0/0/0,14589:1747647660925:,1747647678917
counter/10/0/0/0,13815:1747647660994:,1747647678918
counter/3/0/0/0,15527:1747647663009:,1747647678919
counter/6/0/0/0,14503:1747647661505:,1747647678919
counter/6/0/0/0,14504:1747647661505:,1747647678919
counter/6/0/0/0,14505:1747647661505:,1747647678919
counter/6/0/0/0,14506:1747647661505:,1747647678919
counter/6/0/0/0,14507:1747647661505:,1747647678919
counter/6/0/0/0,14508:1747647661512:,1747647678919
counter/6/0/0/0,14509:1747647661512:,1747647678919
counter/6/0/0/0,14510:1747647661512:,1747647678919
counter/6/0/0/0,14511:1747647661512:,1747647678919
counter/4/0/0/0,14699:1747647662758:,1747647678919
counter/10/0/0/0,13816:1747647660994:,1747647678919
counter/6/0/0/0,14512:1747647661512:,1747647678922
counter/6/0/0/0,14513:1747647661512:,1747647678922
counter/6/0/0/0,14514:1747647661512:,1747647678922
counter/6/0/0/0,14515:1747647661521:,1747647678922
counter/6/0/0/0,14516:1747647661521:,1747647678922
counter/6/0/0/0,14517:1747647661521:,1747647678922
counter/6/0/0/0,14518:1747647661521:,1747647678922
counter/10/0/0/0,13817:1747647660994:,1747647678922
counter/7/0/0/0,14403:1747647661135:,1747647678923
counter/10/0/0/0,13818:1747647660994:,1747647678923
counter/10/0/0/0,13819:1747647661002:,1747647678923
counter/10/0/0/0,13820:1747647661002:,1747647678923
counter/10/0/0/0,13821:1747647661002:,1747647678923
counter/10/0/0/0,13822:1747647661002:,1747647678923
counter/2/0/0/0,14515:1747647660956:,1747647678925
counter/6/0/0/0,14519:1747647661521:,1747647678925
counter/10/0/0/0,13823:1747647661002:,1747647678925
counter/5/0/0/0,14590:1747647660942:,1747647678925
counter/9/0/0/0,15269:1747647661157:,1747647678925
counter/3/0/0/0,15528:1747647663009:,1747647678926
counter/3/0/0/0,15529:1747647663027:,1747647678926
counter/3/0/0/0,15530:1747647663027:,1747647678926
counter/3/0/0/0,15531:1747647663027:,1747647678926
counter/3/0/0/0,15532:1747647663027:,1747647678926
counter/3/0/0/0,15533:1747647663027:,1747647678926
counter/3/0/0/0,15534:1747647663027:,1747647678926
counter/8/0/0/0,14771:1747647660983:,1747647678926
counter/8/0/0/0,14772:1747647660983:,1747647678926
counter/8/0/0/0,14773:1747647660983:,1747647678927
counter/8/0/0/0,14774:1747647660983:,1747647678927
counter/7/0/0/0,14404:1747647661135:,1747647678927
counter/1/0/0/0,15743:1747647662613:,1747647678927
counter/9/0/0/0,15270:1747647661157:,1747647678927
counter/9/0/0/0,15271:1747647661157:,1747647678927
counter/9/0/0/0,15272:1747647661157:,1747647678927
counter/9/0/0/0,15273:1747647661158:,1747647678928
counter/9/0/0/0,15274:1747647661158:,1747647678928
counter/2/0/0/0,14516:1747647660956:,1747647678928
counter/9/0/0/0,15275:1747647661158:,1747647678928
counter/3/0/0/0,15535:1747647663027:,1747647678928
counter/3/0/0/0,15536:1747647663027:,1747647678928
counter/3/0/0/0,15537:1747647663027:,1747647678928
counter/3/0/0/0,15538:1747647663027:,1747647678928
counter/8/0/0/0,14775:1747647660983:,1747647678930
counter/8/0/0/0,14776:1747647660983:,1747647678930
counter/8/0/0/0,14777:1747647660983:,1747647678930
counter/8/0/0/0,14778:1747647660983:,1747647678930
counter/8/0/0/0,14779:1747647660983:,1747647678930
counter/8/0/0/0,14780:1747647660983:,1747647678930
counter/8/0/0/0,14781:1747647660993:,1747647678930
counter/3/0/0/0,15539:1747647663027:,1747647678930
counter/4/0/0/0,14700:1747647662758:,1747647678930
counter/1/0/0/0,15744:1747647662613:,1747647678930
counter/1/0/0/0,15745:1747647662613:,1747647678931
counter/1/0/0/0,15746:1747647662625:,1747647678931
counter/1/0/0/0,15747:1747647662631:,1747647678931
counter/1/0/0/0,15748:1747647662631:,1747647678931
counter/6/0/0/0,14520:1747647661521:,1747647678932
counter/6/0/0/0,14521:1747647661521:,1747647678934
counter/5/0/0/0,14591:1747647660942:,1747647678934
counter/5/0/0/0,14592:1747647660942:,1747647678934
counter/5/0/0/0,14593:1747647660942:,1747647678935
counter/5/0/0/0,14594:1747647660942:,1747647678935
counter/5/0/0/0,14595:1747647660942:,1747647678935
counter/5/0/0/0,14596:1747647660942:,1747647678935
counter/9/0/0/0,15276:1747647661158:,1747647678935
counter/4/0/0/0,14701:1747647662758:,1747647678935
counter/2/0/0/0,14517:1747647660956:,1747647678935
counter/10/0/0/0,13824:1747647661002:,1747647678935
counter/10/0/0/0,13825:1747647661002:,1747647678935
counter/5/0/0/0,14597:1747647660942:,1747647678936
counter/10/0/0/0,13826:1747647661002:,1747647678936
counter/6/0/0/0,14522:1747647661521:,1747647678936
counter/6/0/0/0,14523:1747647661521:,1747647678937
counter/6/0/0/0,14524:1747647661521:,1747647678937
counter/6/0/0/0,14525:1747647661521:,1747647678937
counter/6/0/0/0,14526:1747647661521:,1747647678937
counter/6/0/0/0,14527:1747647661521:,1747647678937
counter/9/0/0/0,15277:1747647661162:,1747647678937
counter/6/0/0/0,14528:1747647661521:,1747647678937
counter/6/0/0/0,14529:1747647661521:,1747647678937
counter/3/0/0/0,15540:1747647663028:,1747647678937
counter/4/0/0/0,14702:1747647662758:,1747647678937
counter/3/0/0/0,15541:1747647663028:,1747647678938
counter/3/0/0/0,15542:1747647663028:,1747647678938
counter/7/0/0/0,14405:1747647661135:,1747647678938
counter/1/0/0/0,15749:1747647662631:,1747647678939
counter/7/0/0/0,14406:1747647661163:,1747647678939
counter/2/0/0/0,14518:1747647660956:,1747647678939
counter/2/0/0/0,14519:1747647660956:,1747647678939
counter/2/0/0/0,14520:1747647660956:,1747647678939
counter/2/0/0/0,14521:1747647660956:,1747647678939
counter/2/0/0/0,14522:1747647660956:,1747647678939
counter/2/0/0/0,14523:1747647660956:,1747647678939
counter/2/0/0/0,14524:1747647660956:,1747647678939
counter/2/0/0/0,14525:1747647660956:,1747647678939
counter/2/0/0/0,14526:1747647660957:,1747647678939
counter/1/0/0/0,15750:1747647662631:,1747647678940
counter/1/0/0/0,15751:1747647662631:,1747647678940
counter/1/0/0/0,15752:1747647662631:,1747647678940
counter/1/0/0/0,15753:1747647662631:,1747647678940
counter/1/0/0/0,15754:1747647662631:,1747647678940
counter/1/0/0/0,15755:1747647662631:,1747647678945
counter/1/0/0/0,15756:1747647662631:,1747647678945
counter/5/0/0/0,14598:1747647660942:,1747647678945
counter/1/0/0/0,15757:1747647662631:,1747647678945
counter/1/0/0/0,15758:1747647662631:,1747647678945
counter/1/0/0/0,15759:1747647662631:,1747647678945
counter/10/0/0/0,13827:1747647661002:,1747647678949
counter/1/0/0/0,15760:1747647662631:,1747647678949
counter/9/0/0/0,15278:1747647661162:,1747647678950
counter/8/0/0/0,14782:1747647660993:,1747647678950
counter/4/0/0/0,14703:1747647662758:,1747647678951
counter/1/0/0/0,15761:1747647662631:,1747647678951
counter/10/0/0/0,13828:1747647661002:,1747647678951
counter/10/0/0/0,13829:1747647661004:,1747647678951
counter/10/0/0/0,13830:1747647661004:,1747647678951
counter/10/0/0/0,13831:1747647661004:,1747647678951
counter/10/0/0/0,13832:1747647661004:,1747647678951
counter/8/0/0/0,14783:1747647660993:,1747647678952
counter/10/0/0/0,13833:1747647661004:,1747647678952
counter/9/0/0/0,15279:1747647661162:,1747647678952
counter/1/0/0/0,15762:1747647662631:,1747647678952
counter/1/0/0/0,15763:1747647662631:,1747647678952
counter/1/0/0/0,15764:1747647662631:,1747647678952
counter/1/0/0/0,15765:1747647662631:,1747647678952
counter/1/0/0/0,15766:1747647662631:,1747647678952
counter/1/0/0/0,15767:1747647662631:,1747647678953
counter/4/0/0/0,14704:1747647662758:,1747647678953
counter/10/0/0/0,13834:1747647661004:,1747647678953
counter/8/0/0/0,14784:1747647660993:,1747647678954
counter/7/0/0/0,14407:1747647661164:,1747647678954
counter/5/0/0/0,14599:1747647660942:,1747647678955
counter/3/0/0/0,15543:1747647663028:,1747647678955
counter/5/0/0/0,14600:1747647660943:,1747647678955
counter/6/0/0/0,14530:1747647661521:,1747647678956
counter/8/0/0/0,14785:1747647660993:,1747647678956
counter/5/0/0/0,14601:1747647660943:,1747647678956
counter/3/0/0/0,15544:1747647663028:,1747647678956
counter/5/0/0/0,14602:1747647660943:,1747647678957
counter/3/0/0/0,15545:1747647663028:,1747647678957
counter/3/0/0/0,15546:1747647663028:,1747647678957
counter/1/0/0/0,15768:1747647662631:,1747647678957
counter/3/0/0/0,15547:1747647663028:,1747647678957
counter/9/0/0/0,15280:1747647661162:,1747647678957
counter/9/0/0/0,15281:1747647661162:,1747647678957
counter/10/0/0/0,13835:1747647661004:,1747647678957
counter/2/0/0/0,14527:1747647660957:,1747647678957
counter/10/0/0/0,13836:1747647661004:,1747647678957
counter/10/0/0/0,13837:1747647661004:,1747647678957
counter/4/0/0/0,14705:1747647662758:,1747647678957
counter/4/0/0/0,14706:1747647662758:,1747647678957
counter/7/0/0/0,14408:1747647661164:,1747647678957
counter/2/0/0/0,14528:1747647660957:,1747647678958
counter/10/0/0/0,13838:1747647661004:,1747647678958
counter/10/0/0/0,13839:1747647661004:,1747647678958
counter/7/0/0/0,14409:1747647661164:,1747647678958
counter/9/0/0/0,15282:1747647661181:,1747647678959
counter/4/0/0/0,14707:1747647662758:,1747647678959
counter/9/0/0/0,15283:1747647661181:,1747647678959
counter/4/0/0/0,14708:1747647662758:,1747647678960
counter/6/0/0/0,14531:1747647661522:,1747647678960
counter/4/0/0/0,14709:1747647662758:,1747647678961
counter/5/0/0/0,14603:1747647660943:,1747647678961
counter/9/0/0/0,15284:1747647661181:,1747647678962
counter/9/0/0/0,15285:1747647661181:,1747647678962
counter/9/0/0/0,15286:1747647661181:,1747647678962
counter/9/0/0/0,15287:1747647661181:,1747647678962
counter/9/0/0/0,15288:1747647661181:,1747647678962
counter/9/0/0/0,15289:1747647661181:,1747647678962
counter/9/0/0/0,15290:1747647661181:,1747647678962
counter/9/0/0/0,15291:1747647661181:,1747647678962
counter/9/0/0/0,15292:1747647661181:,1747647678962
counter/9/0/0/0,15293:1747647661181:,1747647678962
counter/9/0/0/0,15294:1747647661181:,1747647678962
counter/5/0/0/0,14604:1747647660943:,1747647678963
counter/5/0/0/0,14605:1747647660945:,1747647678963
counter/5/0/0/0,14606:1747647660945:,1747647678963
counter/5/0/0/0,14607:1747647660945:,1747647678964
counter/4/0/0/0,14710:1747647662758:,1747647678964
counter/3/0/0/0,15548:1747647663028:,1747647678964
counter/3/0/0/0,15549:1747647663028:,1747647678964
counter/3/0/0/0,15550:1747647663028:,1747647678964
counter/3/0/0/0,15551:1747647663028:,1747647678964
counter/4/0/0/0,14711:1747647662758:,1747647678964
counter/4/0/0/0,14712:1747647662758:,1747647678965
counter/4/0/0/0,14713:1747647662758:,1747647678965
counter/4/0/0/0,14714:1747647662758:,1747647678965
counter/4/0/0/0,14715:1747647662758:,1747647678965
counter/4/0/0/0,14716:1747647662758:,1747647678966
counter/4/0/0/0,14717:1747647662758:,1747647678966
counter/4/0/0/0,14718:1747647662760:,1747647678966
counter/2/0/0/0,14529:1747647660957:,1747647678967
counter/9/0/0/0,15295:1747647661181:,1747647678967
counter/10/0/0/0,13840:1747647661004:,1747647678967
counter/10/0/0/0,13841:1747647661005:,1747647678968
counter/10/0/0/0,13842:1747647661005:,1747647678968
counter/10/0/0/0,13843:1747647661005:,1747647678968
counter/10/0/0/0,13844:1747647661005:,1747647678968
counter/10/0/0/0,13845:1747647661013:,1747647678968
counter/10/0/0/0,13846:1747647661013:,1747647678968
counter/10/0/0/0,13847:1747647661013:,1747647678968
counter/10/0/0/0,13848:1747647661013:,1747647678968
counter/5/0/0/0,14608:1747647660945:,1747647678968
counter/5/0/0/0,14609:1747647660948:,1747647678968
counter/2/0/0/0,14530:1747647660957:,1747647678968
counter/7/0/0/0,14410:1747647661164:,1747647678968
counter/2/0/0/0,14531:1747647660957:,1747647678969
counter/5/0/0/0,14610:1747647660948:,1747647678970
counter/1/0/0/0,15769:1747647662631:,1747647678970
counter/1/0/0/0,15770:1747647662631:,1747647678970
counter/8/0/0/0,14786:1747647660993:,1747647678970
counter/2/0/0/0,14532:1747647660957:,1747647678971
counter/2/0/0/0,14533:1747647660957:,1747647678971
counter/2/0/0/0,14534:1747647660957:,1747647678971
counter/2/0/0/0,14535:1747647660957:,1747647678972
counter/2/0/0/0,14536:1747647660957:,1747647678972
counter/2/0/0/0,14537:1747647660957:,1747647678972
counter/2/0/0/0,14538:1747647660957:,1747647678972
counter/1/0/0/0,15771:1747647662638:,1747647678972
counter/5/0/0/0,14611:1747647660948:,1747647678972
counter/2/0/0/0,14539:1747647660961:,1747647678972
counter/6/0/0/0,14532:1747647661522:,1747647678974
counter/9/0/0/0,15296:1747647661181:,1747647678975
counter/8/0/0/0,14787:1747647660993:,1747647678975
counter/8/0/0/0,14788:1747647660993:,1747647678975
counter/8/0/0/0,14789:1747647660993:,1747647678975
counter/8/0/0/0,14790:1747647660993:,1747647678975
counter/3/0/0/0,15552:1747647663028:,1747647678975
counter/5/0/0/0,14612:1747647660948:,1747647678976
counter/5/0/0/0,14613:1747647660948:,1747647678976
counter/5/0/0/0,14614:1747647660948:,1747647678976
counter/5/0/0/0,14615:1747647660960:,1747647678976
counter/5/0/0/0,14616:1747647660960:,1747647678977
counter/8/0/0/0,14791:1747647660993:,1747647678977
counter/5/0/0/0,14617:1747647660960:,1747647678977
counter/5/0/0/0,14618:1747647660960:,1747647678977
counter/5/0/0/0,14619:1747647660960:,1747647678977
counter/10/0/0/0,13849:1747647661013:,1747647678977
counter/4/0/0/0,14719:1747647662760:,1747647678977
counter/2/0/0/0,14540:1747647660961:,1747647678977
counter/2/0/0/0,14541:1747647660961:,1747647678977
counter/2/0/0/0,14542:1747647660964:,1747647678977
counter/2/0/0/0,14543:1747647660964:,1747647678977
counter/2/0/0/0,14544:1747647660964:,1747647678978
counter/5/0/0/0,14620:1747647660961:,1747647678978
counter/10/0/0/0,13850:1747647661013:,1747647678978
counter/10/0/0/0,13851:1747647661013:,1747647678978
counter/6/0/0/0,14533:1747647661522:,1747647678978
counter/6/0/0/0,14534:1747647661522:,1747647678978
counter/6/0/0/0,14535:1747647661522:,1747647678979
counter/6/0/0/0,14536:1747647661522:,1747647678979
counter/6/0/0/0,14537:1747647661522:,1747647678980
counter/6/0/0/0,14538:1747647661522:,1747647678980
counter/6/0/0/0,14539:1747647661522:,1747647678980
counter/6/0/0/0,14540:1747647661522:,1747647678980
counter/6/0/0/0,14541:1747647661522:,1747647678980
counter/3/0/0/0,15553:1747647663028:,1747647678980
counter/3/0/0/0,15554:1747647663028:,1747647678980
counter/6/0/0/0,14542:1747647661522:,1747647678981
counter/2/0/0/0,14545:1747647660964:,1747647678982
counter/4/0/0/0,14720:1747647662760:,1747647678983
counter/8/0/0/0,14792:1747647660993:,1747647678984
counter/3/0/0/0,15555:1747647663028:,1747647678984
counter/1/0/0/0,15772:1747647662644:,1747647678984
counter/1/0/0/0,15773:1747647662646:,1747647678984
counter/5/0/0/0,14621:1747647660961:,1747647678984
counter/8/0/0/0,14793:1747647660993:,1747647678985
counter/5/0/0/0,14622:1747647660961:,1747647678985
counter/5/0/0/0,14623:1747647660961:,1747647678985
counter/8/0/0/0,14794:1747647661011:,1747647678985
counter/6/0/0/0,14543:1747647661522:,1747647678985
counter/8/0/0/0,14795:1747647661011:,1747647678985
counter/3/0/0/0,15556:1747647663028:,1747647678986
counter/5/0/0/0,14624:1747647660961:,1747647678986
counter/5/0/0/0,14625:1747647660961:,1747647678986
counter/5/0/0/0,14626:1747647660961:,1747647678987
counter/5/0/0/0,14627:1747647660961:,1747647678987
counter/5/0/0/0,14628:1747647660961:,1747647678987
counter/5/0/0/0,14629:1747647660961:,1747647678987
counter/5/0/0/0,14630:1747647660961:,1747647678987
counter/5/0/0/0,14631:1747647660966:,1747647678987
counter/5/0/0/0,14632:1747647660967:,1747647678988
counter/5/0/0/0,14633:1747647660977:,1747647678988
counter/5/0/0/0,14634:1747647660978:,1747647678988
counter/5/0/0/0,14635:1747647660978:,1747647678988
counter/9/0/0/0,15297:1747647661184:,1747647678988
counter/7/0/0/0,14411:1747647661164:,1747647678989
counter/10/0/0/0,13852:1747647661013:,1747647678990
counter/10/0/0/0,13853:1747647661013:,1747647678990
counter/7/0/0/0,14412:1747647661164:,1747647678990
counter/7/0/0/0,14413:1747647661165:,1747647678990
counter/7/0/0/0,14414:1747647661165:,1747647678990
counter/7/0/0/0,14415:1747647661165:,1747647678990
counter/7/0/0/0,14416:1747647661165:,1747647678990
counter/7/0/0/0,14417:1747647661165:,1747647678991
counter/3/0/0/0,15557:1747647663028:,1747647678991
counter/1/0/0/0,15774:1747647662646:,1747647678991
counter/2/0/0/0,14546:1747647660964:,1747647678991
counter/2/0/0/0,14547:1747647660964:,1747647678991
counter/2/0/0/0,14548:1747647660964:,1747647678991
counter/2/0/0/0,14549:1747647660964:,1747647678991
counter/2/0/0/0,14550:1747647660964:,1747647678991
counter/2/0/0/0,14551:1747647660964:,1747647678991
counter/9/0/0/0,15298:1747647661184:,1747647678992
counter/7/0/0/0,14418:1747647661165:,1747647678992
counter/7/0/0/0,14419:1747647661165:,1747647678992
counter/3/0/0/0,15558:1747647663028:,1747647678992
counter/8/0/0/0,14796:1747647661018:,1747647678992
counter/8/0/0/0,14797:1747647661018:,1747647678992
counter/8/0/0/0,14798:1747647661018:,1747647678992
counter/5/0/0/0,14636:1747647660978:,1747647678993
counter/8/0/0/0,14799:1747647661018:,1747647678993
counter/8/0/0/0,14800:1747647661018:,1747647678994
counter/5/0/0/0,14637:1747647660978:,1747647678995
counter/5/0/0/0,14638:1747647660978:,1747647678995
counter/5/0/0/0,14639:1747647660978:,1747647678995
counter/7/0/0/0,14420:1747647661166:,1747647678995
counter/7/0/0/0,14421:1747647661166:,1747647678995
counter/7/0/0/0,14422:1747647661166:,1747647678995
counter/7/0/0/0,14423:1747647661166:,1747647678996
counter/7/0/0/0,14424:1747647661166:,1747647678996
counter/7/0/0/0,14425:1747647661166:,1747647678996
counter/7/0/0/0,14426:1747647661167:,1747647678996
counter/7/0/0/0,14427:1747647661167:,1747647678996
counter/7/0/0/0,14428:1747647661167:,1747647678996
counter/7/0/0/0,14429:1747647661167:,1747647678996
counter/7/0/0/0,14430:1747647661167:,1747647678996
counter/7/0/0/0,14431:1747647661167:,1747647678996
counter/9/0/0/0,15299:1747647661185:,1747647678996
counter/9/0/0/0,15300:1747647661187:,1747647678996
counter/9/0/0/0,15301:1747647661187:,1747647678996
counter/9/0/0/0,15302:1747647661187:,1747647678996
counter/9/0/0/0,15303:1747647661187:,1747647678996
counter/9/0/0/0,15304:1747647661187:,1747647678996
counter/9/0/0/0,15305:1747647661187:,1747647678996
counter/9/0/0/0,15306:1747647661187:,1747647678997
counter/9/0/0/0,15307:1747647661187:,1747647678997
counter/9/0/0/0,15308:1747647661187:,1747647678997
counter/9/0/0/0,15309:1747647661188:,1747647678997
counter/9/0/0/0,15310:1747647661188:,1747647678997
counter/9/0/0/0,15311:1747647661188:,1747647678997
counter/6/0/0/0,14544:1747647661522:,1747647678997
counter/6/0/0/0,14545:1747647661522:,1747647678997
counter/6/0/0/0,14546:1747647661522:,1747647678997
counter/6/0/0/0,14547:1747647661522:,1747647678997
counter/6/0/0/0,14548:1747647661522:,1747647678997
counter/6/0/0/0,14549:1747647661523:,1747647678997
counter/6/0/0/0,14550:1747647661523:,1747647678997
counter/1/0/0/0,15775:1747647662646:,1747647679002
counter/9/0/0/0,15312:1747647661188:,1747647679002
counter/1/0/0/0,15776:1747647662647:,1747647679003
counter/5/0/0/0,14640:1747647660978:,1747647679004
counter/5/0/0/0,14641:1747647660978:,1747647679005
counter/8/0/0/0,14801:1747647661018:,1747647679006
counter/5/0/0/0,14642:1747647660978:,1747647679007
counter/6/0/0/0,14551:1747647661523:,1747647679007
counter/5/0/0/0,14643:1747647660978:,1747647679007
counter/6/0/0/0,14552:1747647661523:,1747647679007
counter/6/0/0/0,14553:1747647661523:,1747647679007
counter/6/0/0/0,14554:1747647661523:,1747647679007
counter/6/0/0/0,14555:1747647661523:,1747647679008
counter/6/0/0/0,14556:1747647661523:,1747647679008
counter/6/0/0/0,14557:1747647661523:,1747647679008
counter/6/0/0/0,14558:1747647661523:,1747647679008
counter/6/0/0/0,14559:1747647661523:,1747647679008
counter/6/0/0/0,14560:1747647661523:,1747647679008
counter/6/0/0/0,14561:1747647661532:,1747647679008
counter/7/0/0/0,14432:1747647661167:,1747647679008
counter/8/0/0/0,14802:1747647661018:,1747647679008
counter/8/0/0/0,14803:1747647661018:,1747647679008
counter/4/0/0/0,14721:1747647662760:,1747647679009
counter/4/0/0/0,14722:1747647662760:,1747647679009
counter/4/0/0/0,14723:1747647662760:,1747647679010
counter/4/0/0/0,14724:1747647662760:,1747647679010
counter/4/0/0/0,14725:1747647662760:,1747647679010
counter/4/0/0/0,14726:1747647662760:,1747647679010
counter/4/0/0/0,14727:1747647662760:,1747647679010
counter/4/0/0/0,14728:1747647662760:,1747647679010
counter/4/0/0/0,14729:1747647662760:,1747647679010
counter/4/0/0/0,14730:1747647662760:,1747647679010
counter/3/0/0/0,15559:1747647663028:,1747647679010
counter/3/0/0/0,15560:1747647663028:,1747647679010
counter/3/0/0/0,15561:1747647663028:,1747647679010
counter/3/0/0/0,15562:1747647663028:,1747647679011
counter/3/0/0/0,15563:1747647663029:,1747647679011
counter/7/0/0/0,14433:1747647661167:,1747647679011
counter/3/0/0/0,15564:1747647663029:,1747647679011
counter/7/0/0/0,14434:1747647661167:,1747647679011
counter/3/0/0/0,15565:1747647663031:,1747647679011
counter/3/0/0/0,15566:1747647663031:,1747647679011
counter/5/0/0/0,14644:1747647660978:,1747647679011
counter/1/0/0/0,15777:1747647662647:,1747647679011
counter/6/0/0/0,14562:1747647661532:,1747647679011
counter/7/0/0/0,14435:1747647661167:,1747647679012
counter/7/0/0/0,14436:1747647661167:,1747647679012
counter/7/0/0/0,14437:1747647661184:,1747647679012
counter/7/0/0/0,14438:1747647661184:,1747647679012
counter/7/0/0/0,14439:1747647661184:,1747647679012
counter/7/0/0/0,14440:1747647661184:,1747647679012
counter/7/0/0/0,14441:1747647661184:,1747647679012
counter/7/0/0/0,14442:1747647661184:,1747647679012
counter/8/0/0/0,14804:1747647661018:,1747647679014
counter/8/0/0/0,14805:1747647661019:,1747647679014
counter/10/0/0/0,13854:1747647661013:,1747647679014
counter/10/0/0/0,13855:1747647661013:,1747647679015
counter/5/0/0/0,14645:1747647660978:,1747647679015
counter/10/0/0/0,13856:1747647661013:,1747647679015
counter/10/0/0/0,13857:1747647661013:,1747647679015
counter/3/0/0/0,15567:1747647663031:,1747647679015
counter/8/0/0/0,14806:1747647661022:,1747647679019
counter/8/0/0/0,14807:1747647661022:,1747647679020
counter/8/0/0/0,14808:1747647661022:,1747647679020
counter/3/0/0/0,15568:1747647663032:,1747647679020
counter/3/0/0/0,15569:1747647663032:,1747647679020
counter/3/0/0/0,15570:1747647663032:,1747647679020
counter/3/0/0/0,15571:1747647663032:,1747647679020
counter/2/0/0/0,14552:1747647660964:,1747647679023
counter/2/0/0/0,14553:1747647660964:,1747647679023
counter/2/0/0/0,14554:1747647660964:,1747647679023
counter/2/0/0/0,14555:1747647660964:,1747647679023
counter/2/0/0/0,14556:1747647660964:,1747647679023
counter/9/0/0/0,15313:1747647661189:,1747647679024
counter/7/0/0/0,14443:1747647661196:,1747647679026
counter/2/0/0/0,14557:1747647660964:,1747647679026
counter/2/0/0/0,14558:1747647660964:,1747647679026
counter/2/0/0/0,14559:1747647660967:,1747647679027
counter/2/0/0/0,14560:1747647660967:,1747647679027
counter/2/0/0/0,14561:1747647660967:,1747647679027
counter/2/0/0/0,14562:1747647660968:,1747647679027
counter/2/0/0/0,14563:1747647660968:,1747647679027
counter/2/0/0/0,14564:1747647660968:,1747647679027
counter/8/0/0/0,14809:1747647661022:,1747647679029
counter/5/0/0/0,14646:1747647660978:,1747647679030
counter/5/0/0/0,14647:1747647660978:,1747647679030
counter/5/0/0/0,14648:1747647660979:,1747647679030
counter/5/0/0/0,14649:1747647660984:,1747647679030
counter/5/0/0/0,14650:1747647660984:,1747647679030
counter/5/0/0/0,14651:1747647660996:,1747647679030
counter/5/0/0/0,14652:1747647660996:,1747647679030
counter/8/0/0/0,14810:1747647661022:,1747647679030
counter/8/0/0/0,14811:1747647661022:,1747647679030
counter/8/0/0/0,14812:1747647661022:,1747647679031
counter/8/0/0/0,14813:1747647661022:,1747647679031
counter/8/0/0/0,14814:1747647661022:,1747647679031
counter/10/0/0/0,13858:1747647661014:,1747647679031
counter/8/0/0/0,14815:1747647661022:,1747647679031
counter/1/0/0/0,15778:1747647662647:,1747647679031
counter/8/0/0/0,14816:1747647661022:,1747647679031
counter/1/0/0/0,15779:1747647662647:,1747647679031
counter/1/0/0/0,15780:1747647662647:,1747647679031
counter/1/0/0/0,15781:1747647662647:,1747647679031
counter/3/0/0/0,15572:1747647663032:,1747647679031
counter/2/0/0/0,14565:1747647660969:,1747647679031
counter/2/0/0/0,14566:1747647660969:,1747647679031
counter/2/0/0/0,14567:1747647660969:,1747647679031
counter/8/0/0/0,14817:1747647661022:,1747647679032
counter/1/0/0/0,15782:1747647662647:,1747647679032
counter/8/0/0/0,14818:1747647661022:,1747647679032
counter/8/0/0/0,14819:1747647661022:,1747647679032
counter/8/0/0/0,14820:1747647661022:,1747647679032
counter/8/0/0/0,14821:1747647661022:,1747647679032
counter/8/0/0/0,14822:1747647661022:,1747647679032
counter/5/0/0/0,14653:1747647660996:,1747647679032
counter/2/0/0/0,14568:1747647660977:,1747647679035
counter/7/0/0/0,14444:1747647661197:,1747647679036
counter/7/0/0/0,14445:1747647661197:,1747647679036
counter/7/0/0/0,14446:1747647661199:,1747647679036
counter/7/0/0/0,14447:1747647661205:,1747647679036
counter/7/0/0/0,14448:1747647661205:,1747647679036
counter/7/0/0/0,14449:1747647661205:,1747647679036
counter/7/0/0/0,14450:1747647661205:,1747647679036
counter/7/0/0/0,14451:1747647661205:,1747647679037
counter/7/0/0/0,14452:1747647661205:,1747647679037
counter/7/0/0/0,14453:1747647661205:,1747647679037
counter/7/0/0/0,14454:1747647661205:,1747647679037
counter/7/0/0/0,14455:1747647661205:,1747647679037
counter/7/0/0/0,14456:1747647661205:,1747647679037
counter/7/0/0/0,14457:1747647661205:,1747647679037
counter/8/0/0/0,14823:1747647661022:,1747647679037
counter/7/0/0/0,14458:1747647661205:,1747647679037
counter/8/0/0/0,14824:1747647661022:,1747647679037
counter/7/0/0/0,14459:1747647661205:,1747647679037
counter/7/0/0/0,14460:1747647661205:,1747647679037
counter/5/0/0/0,14654:1747647660996:,1747647679037
counter/6/0/0/0,14563:1747647661532:,1747647679037
counter/10/0/0/0,13859:1747647661014:,1747647679037
counter/10/0/0/0,13860:1747647661014:,1747647679037
counter/3/0/0/0,15573:1747647663032:,1747647679038
counter/3/0/0/0,15574:1747647663032:,1747647679038
counter/3/0/0/0,15575:1747647663032:,1747647679038
counter/3/0/0/0,15576:1747647663035:,1747647679038
counter/3/0/0/0,15577:1747647663035:,1747647679038
counter/8/0/0/0,14825:1747647661022:,1747647679039
counter/3/0/0/0,15578:1747647663035:,1747647679040
counter/8/0/0/0,14826:1747647661022:,1747647679040
counter/3/0/0/0,15579:1747647663035:,1747647679040
counter/8/0/0/0,14827:1747647661024:,1747647679040
counter/6/0/0/0,14564:1747647661532:,1747647679040
counter/6/0/0/0,14565:1747647661532:,1747647679040
counter/6/0/0/0,14566:1747647661532:,1747647679040
counter/6/0/0/0,14567:1747647661536:,1747647679040
counter/6/0/0/0,14568:1747647661536:,1747647679040
counter/6/0/0/0,14569:1747647661536:,1747647679040
counter/6/0/0/0,14570:1747647661536:,1747647679040
counter/6/0/0/0,14571:1747647661536:,1747647679040
counter/6/0/0/0,14572:1747647661536:,1747647679041
counter/6/0/0/0,14573:1747647661536:,1747647679041
counter/6/0/0/0,14574:1747647661536:,1747647679041
counter/3/0/0/0,15580:1747647663035:,1747647679041
counter/9/0/0/0,15314:1747647661194:,1747647679041
counter/4/0/0/0,14731:1747647662760:,1747647679041
counter/4/0/0/0,14732:1747647662760:,1747647679041
counter/4/0/0/0,14733:1747647662760:,1747647679041
counter/4/0/0/0,14734:1747647662760:,1747647679041
counter/4/0/0/0,14735:1747647662760:,1747647679042
counter/4/0/0/0,14736:1747647662760:,1747647679042
counter/4/0/0/0,14737:1747647662760:,1747647679042
counter/4/0/0/0,14738:1747647662760:,1747647679042
counter/8/0/0/0,14828:1747647661024:,1747647679042
counter/10/0/0/0,13861:1747647661014:,1747647679042
counter/10/0/0/0,13862:1747647661015:,1747647679042
counter/2/0/0/0,14569:1747647660977:,1747647679042
counter/7/0/0/0,14461:1747647661206:,1747647679042
counter/7/0/0/0,14462:1747647661209:,1747647679042
counter/7/0/0/0,14463:1747647661209:,1747647679043
counter/7/0/0/0,14464:1747647661209:,1747647679043
counter/7/0/0/0,14465:1747647661209:,1747647679043
counter/7/0/0/0,14466:1747647661209:,1747647679043
counter/7/0/0/0,14467:1747647661209:,1747647679043
counter/7/0/0/0,14468:1747647661209:,1747647679043
counter/5/0/0/0,14655:1747647660996:,1747647679043
counter/6/0/0/0,14575:1747647661536:,1747647679043
counter/9/0/0/0,15315:1747647661194:,1747647679043
counter/4/0/0/0,14739:1747647662760:,1747647679043
counter/2/0/0/0,14570:1747647660977:,1747647679044
counter/2/0/0/0,14571:1747647660977:,1747647679044
counter/2/0/0/0,14572:1747647660977:,1747647679044
counter/7/0/0/0,14469:1747647661210:,1747647679044
counter/7/0/0/0,14470:1747647661210:,1747647679044
counter/5/0/0/0,14656:1747647660996:,1747647679044
counter/6/0/0/0,14576:1747647661536:,1747647679044
counter/6/0/0/0,14577:1747647661536:,1747647679044
counter/6/0/0/0,14578:1747647661543:,1747647679044
counter/6/0/0/0,14579:1747647661543:,1747647679045
counter/2/0/0/0,14573:1747647660977:,1747647679045
counter/1/0/0/0,15783:1747647662647:,1747647679045
counter/1/0/0/0,15784:1747647662647:,1747647679045
counter/1/0/0/0,15785:1747647662647:,1747647679045
counter/1/0/0/0,15786:1747647662656:,1747647679045
counter/6/0/0/0,14580:1747647661543:,1747647679046
counter/1/0/0/0,15787:1747647662664:,1747647679046
counter/5/0/0/0,14657:1747647660996:,1747647679047
counter/5/0/0/0,14658:1747647660996:,1747647679047
counter/5/0/0/0,14659:1747647660996:,1747647679047
counter/5/0/0/0,14660:1747647660996:,1747647679047
counter/5/0/0/0,14661:1747647660996:,1747647679047
counter/5/0/0/0,14662:1747647660996:,1747647679047
counter/3/0/0/0,15581:1747647663035:,1747647679047
counter/5/0/0/0,14663:1747647660996:,1747647679048
counter/4/0/0/0,14740:1747647662760:,1747647679048
counter/10/0/0/0,13863:1747647661015:,1747647679048
counter/10/0/0/0,13864:1747647661015:,1747647679048
counter/10/0/0/0,13865:1747647661015:,1747647679048
counter/10/0/0/0,13866:1747647661015:,1747647679048
counter/10/0/0/0,13867:1747647661015:,1747647679048
counter/10/0/0/0,13868:1747647661015:,1747647679048
counter/10/0/0/0,13869:1747647661015:,1747647679048
counter/7/0/0/0,14471:1747647661210:,1747647679048
counter/10/0/0/0,13870:1747647661015:,1747647679048
counter/6/0/0/0,14581:1747647661543:,1747647679049
counter/9/0/0/0,15316:1747647661194:,1747647679049
counter/9/0/0/0,15317:1747647661195:,1747647679049
counter/9/0/0/0,15318:1747647661195:,1747647679049
counter/9/0/0/0,15319:1747647661195:,1747647679049
counter/6/0/0/0,14582:1747647661543:,1747647679050
counter/9/0/0/0,15320:1747647661195:,1747647679050
counter/3/0/0/0,15582:1747647663035:,1747647679050
counter/3/0/0/0,15583:1747647663035:,1747647679050
counter/7/0/0/0,14472:1747647661210:,1747647679050
counter/1/0/0/0,15788:1747647662664:,1747647679050
counter/8/0/0/0,14829:1747647661024:,1747647679051
counter/10/0/0/0,13871:1747647661015:,1747647679052
counter/8/0/0/0,14830:1747647661024:,1747647679052
counter/8/0/0/0,14831:1747647661024:,1747647679052
counter/8/0/0/0,14832:1747647661024:,1747647679052
counter/9/0/0/0,15321:1747647661195:,1747647679052
counter/8/0/0/0,14833:1747647661024:,1747647679052
counter/4/0/0/0,14741:1747647662760:,1747647679052
counter/8/0/0/0,14834:1747647661024:,1747647679052
counter/4/0/0/0,14742:1747647662760:,1747647679052
counter/2/0/0/0,14574:1747647660977:,1747647679053
counter/5/0/0/0,14664:1747647661008:,1747647679053
counter/2/0/0/0,14575:1747647660977:,1747647679053
counter/2/0/0/0,14576:1747647660977:,1747647679053
counter/9/0/0/0,15322:1747647661195:,1747647679053
counter/9/0/0/0,15323:1747647661195:,1747647679053
counter/4/0/0/0,14743:1747647662760:,1747647679054
counter/4/0/0/0,14744:1747647662760:,1747647679054
counter/4/0/0/0,14745:1747647662760:,1747647679054
counter/4/0/0/0,14746:1747647662760:,1747647679054
counter/4/0/0/0,14747:1747647662764:,1747647679054
counter/4/0/0/0,14748:1747647662764:,1747647679054
counter/4/0/0/0,14749:1747647662764:,1747647679054
counter/4/0/0/0,14750:1747647662764:,1747647679054
counter/4/0/0/0,14751:1747647662764:,1747647679054
counter/4/0/0/0,14752:1747647662764:,1747647679054
counter/10/0/0/0,13872:1747647661016:,1747647679054
counter/5/0/0/0,14665:1747647661008:,1747647679055
counter/6/0/0/0,14583:1747647661543:,1747647679055
counter/10/0/0/0,13873:1747647661016:,1747647679055
counter/6/0/0/0,14584:1747647661543:,1747647679055
counter/2/0/0/0,14577:1747647660977:,1747647679055
counter/4/0/0/0,14753:1747647662764:,1747647679055
counter/2/0/0/0,14578:1747647660977:,1747647679055
counter/9/0/0/0,15324:1747647661195:,1747647679056
counter/9/0/0/0,15325:1747647661195:,1747647679056
counter/4/0/0/0,14754:1747647662764:,1747647679056
counter/4/0/0/0,14755:1747647662765:,1747647679056
counter/3/0/0/0,15584:1747647663036:,1747647679056
counter/3/0/0/0,15585:1747647663036:,1747647679057
counter/5/0/0/0,14666:1747647661008:,1747647679057
counter/2/0/0/0,14579:1747647660978:,1747647679057
counter/2/0/0/0,14580:1747647660978:,1747647679058
counter/2/0/0/0,14581:1747647660978:,1747647679058
counter/2/0/0/0,14582:1747647660978:,1747647679058
counter/2/0/0/0,14583:1747647660978:,1747647679058
counter/2/0/0/0,14584:1747647660981:,1747647679058
counter/2/0/0/0,14585:1747647660981:,1747647679058
counter/2/0/0/0,14586:1747647660981:,1747647679058
counter/10/0/0/0,13874:1747647661016:,1747647679058
counter/3/0/0/0,15586:1747647663036:,1747647679058
counter/1/0/0/0,15789:1747647662664:,1747647679058
counter/7/0/0/0,14473:1747647661210:,1747647679059
counter/7/0/0/0,14474:1747647661210:,1747647679059
counter/7/0/0/0,14475:1747647661210:,1747647679059
counter/7/0/0/0,14476:1747647661223:,1747647679059
counter/6/0/0/0,14585:1747647661543:,1747647679059
counter/6/0/0/0,14586:1747647661543:,1747647679059
counter/6/0/0/0,14587:1747647661543:,1747647679059
counter/6/0/0/0,14588:1747647661545:,1747647679059
counter/6/0/0/0,14589:1747647661545:,1747647679059
counter/4/0/0/0,14756:1747647662765:,1747647679059
counter/6/0/0/0,14590:1747647661545:,1747647679059
counter/4/0/0/0,14757:1747647662771:,1747647679059
counter/2/0/0/0,14587:1747647660981:,1747647679061
counter/7/0/0/0,14477:1747647661223:,1747647679062
counter/7/0/0/0,14478:1747647661223:,1747647679062
counter/7/0/0/0,14479:1747647661223:,1747647679062
counter/7/0/0/0,14480:1747647661223:,1747647679062
counter/7/0/0/0,14481:1747647661223:,1747647679062
counter/7/0/0/0,14482:1747647661223:,1747647679062
counter/5/0/0/0,14667:1747647661008:,1747647679063
counter/3/0/0/0,15587:1747647663036:,1747647679063
counter/3/0/0/0,15588:1747647663036:,1747647679065
counter/2/0/0/0,14588:1747647660981:,1747647679065
counter/3/0/0/0,15589:1747647663036:,1747647679066
counter/2/0/0/0,14589:1747647660981:,1747647679066
counter/2/0/0/0,14590:1747647660981:,1747647679066
counter/2/0/0/0,14591:1747647660981:,1747647679066
counter/2/0/0/0,14592:1747647660981:,1747647679066
counter/2/0/0/0,14593:1747647660984:,1747647679066
counter/2/0/0/0,14594:1747647660984:,1747647679066
counter/2/0/0/0,14595:1747647660984:,1747647679066
counter/2/0/0/0,14596:1747647660984:,1747647679067
counter/6/0/0/0,14591:1747647661545:,1747647679067
counter/2/0/0/0,14597:1747647660984:,1747647679067
counter/6/0/0/0,14592:1747647661545:,1747647679067
counter/2/0/0/0,14598:1747647660985:,1747647679067
counter/6/0/0/0,14593:1747647661546:,1747647679067
counter/2/0/0/0,14599:1747647660985:,1747647679067
counter/6/0/0/0,14594:1747647661546:,1747647679067
counter/2/0/0/0,14600:1747647660985:,1747647679067
counter/6/0/0/0,14595:1747647661546:,1747647679067
counter/8/0/0/0,14835:1747647661024:,1747647679067
counter/2/0/0/0,14601:1747647660986:,1747647679067
counter/8/0/0/0,14836:1747647661024:,1747647679067
counter/8/0/0/0,14837:1747647661024:,1747647679067
counter/8/0/0/0,14838:1747647661024:,1747647679067
counter/2/0/0/0,14602:1747647660986:,1747647679067
counter/8/0/0/0,14839:1747647661024:,1747647679067
counter/2/0/0/0,14603:1747647660986:,1747647679067
counter/2/0/0/0,14604:1747647660986:,1747647679067
counter/5/0/0/0,14668:1747647661008:,1747647679068
counter/5/0/0/0,14669:1747647661008:,1747647679069
counter/5/0/0/0,14670:1747647661008:,1747647679069
counter/5/0/0/0,14671:1747647661020:,1747647679069
counter/5/0/0/0,14672:1747647661020:,1747647679069
counter/5/0/0/0,14673:1747647661020:,1747647679069
counter/5/0/0/0,14674:1747647661020:,1747647679069
counter/5/0/0/0,14675:1747647661020:,1747647679069
counter/5/0/0/0,14676:1747647661020:,1747647679069
counter/5/0/0/0,14677:1747647661030:,1747647679069
counter/5/0/0/0,14678:1747647661030:,1747647679069
counter/5/0/0/0,14679:1747647661030:,1747647679069
counter/5/0/0/0,14680:1747647661030:,1747647679069
counter/5/0/0/0,14681:1747647661032:,1747647679069
counter/5/0/0/0,14682:1747647661032:,1747647679069
counter/5/0/0/0,14683:1747647661037:,1747647679069
counter/5/0/0/0,14684:1747647661037:,1747647679069
counter/5/0/0/0,14685:1747647661037:,1747647679069
counter/5/0/0/0,14686:1747647661037:,1747647679069
counter/5/0/0/0,14687:1747647661037:,1747647679069
counter/5/0/0/0,14688:1747647661038:,1747647679070
counter/5/0/0/0,14689:1747647661049:,1747647679070
counter/5/0/0/0,14690:1747647661049:,1747647679070
counter/5/0/0/0,14691:1747647661049:,1747647679070
counter/5/0/0/0,14692:1747647661049:,1747647679070
counter/5/0/0/0,14693:1747647661049:,1747647679070
counter/7/0/0/0,14483:1747647661223:,1747647679070
counter/8/0/0/0,14840:1747647661024:,1747647679070
counter/7/0/0/0,14484:1747647661223:,1747647679070
counter/4/0/0/0,14758:1747647662771:,1747647679070
counter/3/0/0/0,15590:1747647663037:,1747647679071
counter/4/0/0/0,14759:1747647662771:,1747647679071
counter/2/0/0/0,14605:1747647660986:,1747647679071
counter/2/0/0/0,14606:1747647660986:,1747647679071
counter/2/0/0/0,14607:1747647660986:,1747647679071
counter/2/0/0/0,14608:1747647660986:,1747647679071
counter/10/0/0/0,13875:1747647661016:,1747647679075
counter/10/0/0/0,13876:1747647661016:,1747647679075
counter/2/0/0/0,14609:1747647660986:,1747647679075
counter/10/0/0/0,13877:1747647661016:,1747647679075
counter/10/0/0/0,13878:1747647661016:,1747647679075
counter/10/0/0/0,13879:1747647661016:,1747647679075
counter/10/0/0/0,13880:1747647661019:,1747647679075
counter/3/0/0/0,15591:1747647663037:,1747647679076
counter/2/0/0/0,14610:1747647660986:,1747647679076
counter/2/0/0/0,14611:1747647660986:,1747647679076
counter/2/0/0/0,14612:1747647660986:,1747647679076
counter/2/0/0/0,14613:1747647660986:,1747647679076
counter/2/0/0/0,14614:1747647660986:,1747647679076
counter/7/0/0/0,14485:1747647661224:,1747647679076
counter/8/0/0/0,14841:1747647661024:,1747647679077
counter/8/0/0/0,14842:1747647661024:,1747647679077
counter/3/0/0/0,15592:1747647663037:,1747647679077
counter/8/0/0/0,14843:1747647661024:,1747647679077
counter/8/0/0/0,14844:1747647661024:,1747647679077
counter/8/0/0/0,14845:1747647661024:,1747647679077
counter/7/0/0/0,14486:1747647661224:,1747647679077
counter/7/0/0/0,14487:1747647661224:,1747647679077
counter/7/0/0/0,14488:1747647661224:,1747647679077
counter/7/0/0/0,14489:1747647661232:,1747647679078
counter/7/0/0/0,14490:1747647661232:,1747647679078
counter/7/0/0/0,14491:1747647661232:,1747647679078
counter/7/0/0/0,14492:1747647661232:,1747647679078
counter/7/0/0/0,14493:1747647661232:,1747647679078
counter/7/0/0/0,14494:1747647661233:,1747647679078
counter/7/0/0/0,14495:1747647661233:,1747647679078
counter/7/0/0/0,14496:1747647661233:,1747647679078
counter/10/0/0/0,13881:1747647661019:,1747647679078
counter/4/0/0/0,14760:1747647662771:,1747647679078
counter/8/0/0/0,14846:1747647661025:,1747647679078
counter/8/0/0/0,14847:1747647661025:,1747647679079
counter/2/0/0/0,14615:1747647660986:,1747647679079
counter/7/0/0/0,14497:1747647661233:,1747647679079
counter/7/0/0/0,14498:1747647661233:,1747647679079
counter/7/0/0/0,14499:1747647661233:,1747647679079
counter/7/0/0/0,14500:1747647661233:,1747647679079
counter/7/0/0/0,14501:1747647661233:,1747647679079
counter/3/0/0/0,15593:1747647663038:,1747647679079
counter/1/0/0/0,15790:1747647662664:,1747647679079
counter/9/0/0/0,15326:1747647661195:,1747647679080
counter/7/0/0/0,14502:1747647661233:,1747647679080
counter/7/0/0/0,14503:1747647661237:,1747647679080
counter/7/0/0/0,14504:1747647661240:,1747647679080
counter/7/0/0/0,14505:1747647661241:,1747647679080
counter/7/0/0/0,14506:1747647661241:,1747647679080
counter/7/0/0/0,14507:1747647661241:,1747647679080
counter/7/0/0/0,14508:1747647661241:,1747647679080
counter/7/0/0/0,14509:1747647661241:,1747647679080
counter/7/0/0/0,14510:1747647661241:,1747647679080
counter/7/0/0/0,14511:1747647661241:,1747647679080
counter/7/0/0/0,14512:1747647661241:,1747647679080
counter/6/0/0/0,14596:1747647661546:,1747647679081
counter/4/0/0/0,14761:1747647662771:,1747647679081
counter/8/0/0/0,14848:1747647661025:,1747647679081
counter/2/0/0/0,14616:1747647660986:,1747647679081
counter/2/0/0/0,14617:1747647660986:,1747647679081
counter/2/0/0/0,14618:1747647660986:,1747647679081
counter/2/0/0/0,14619:1747647660986:,1747647679081
counter/2/0/0/0,14620:1747647660986:,1747647679081
counter/9/0/0/0,15327:1747647661195:,1747647679083
counter/4/0/0/0,14762:1747647662771:,1747647679083
counter/10/0/0/0,13882:1747647661019:,1747647679084
counter/2/0/0/0,14621:1747647660986:,1747647679084
counter/1/0/0/0,15791:1747647662664:,1747647679084
counter/2/0/0/0,14622:1747647660986:,1747647679085
counter/5/0/0/0,14694:1747647661050:,1747647679087
counter/7/0/0/0,14513:1747647661241:,1747647679088
counter/7/0/0/0,14514:1747647661241:,1747647679088
counter/2/0/0/0,14623:1747647660986:,1747647679088
counter/7/0/0/0,14515:1747647661241:,1747647679088
counter/4/0/0/0,14763:1747647662771:,1747647679088
counter/10/0/0/0,13883:1747647661020:,1747647679088
counter/10/0/0/0,13884:1747647661020:,1747647679088
counter/10/0/0/0,13885:1747647661028:,1747647679088
counter/10/0/0/0,13886:1747647661029:,1747647679088
counter/10/0/0/0,13887:1747647661029:,1747647679088
counter/10/0/0/0,13888:1747647661029:,1747647679088
counter/10/0/0/0,13889:1747647661029:,1747647679088
counter/10/0/0/0,13890:1747647661029:,1747647679088
counter/10/0/0/0,13891:1747647661029:,1747647679088
counter/10/0/0/0,13892:1747647661029:,1747647679089
counter/10/0/0/0,13893:1747647661029:,1747647679089
counter/9/0/0/0,15328:1747647661195:,1747647679089
counter/2/0/0/0,14624:1747647661003:,1747647679089
counter/9/0/0/0,15329:1747647661195:,1747647679089
counter/5/0/0/0,14695:1747647661050:,1747647679089
counter/5/0/0/0,14696:1747647661050:,1747647679089
counter/1/0/0/0,15792:1747647662664:,1747647679089
counter/5/0/0/0,14697:1747647661050:,1747647679089
counter/4/0/0/0,14764:1747647662771:,1747647679089
counter/6/0/0/0,14597:1747647661546:,1747647679089
counter/8/0/0/0,14849:1747647661025:,1747647679089
counter/6/0/0/0,14598:1747647661547:,1747647679089
counter/3/0/0/0,15594:1747647663038:,1747647679091
counter/4/0/0/0,14765:1747647662771:,1747647679091
counter/8/0/0/0,14850:1747647661025:,1747647679092
counter/10/0/0/0,13894:1747647661029:,1747647679092
counter/4/0/0/0,14766:1747647662771:,1747647679092
counter/4/0/0/0,14767:1747647662771:,1747647679092
counter/4/0/0/0,14768:1747647662771:,1747647679092
counter/4/0/0/0,14769:1747647662771:,1747647679092
counter/4/0/0/0,14770:1747647662771:,1747647679093
counter/2/0/0/0,14625:1747647661004:,1747647679093
counter/2/0/0/0,14626:1747647661004:,1747647679093
counter/2/0/0/0,14627:1747647661004:,1747647679093
counter/2/0/0/0,14628:1747647661004:,1747647679093
counter/2/0/0/0,14629:1747647661004:,1747647679093
counter/2/0/0/0,14630:1747647661004:,1747647679093
counter/1/0/0/0,15793:1747647662664:,1747647679093
counter/2/0/0/0,14631:1747647661004:,1747647679094
counter/2/0/0/0,14632:1747647661004:,1747647679094
counter/2/0/0/0,14633:1747647661004:,1747647679094
counter/2/0/0/0,14634:1747647661004:,1747647679094
counter/1/0/0/0,15794:1747647662664:,1747647679096
counter/6/0/0/0,14599:1747647661547:,1747647679097
counter/7/0/0/0,14516:1747647661241:,1747647679097
counter/7/0/0/0,14517:1747647661241:,1747647679097
counter/7/0/0/0,14518:1747647661241:,1747647679097
counter/7/0/0/0,14519:1747647661244:,1747647679097
counter/2/0/0/0,14635:1747647661004:,1747647679097
counter/2/0/0/0,14636:1747647661004:,1747647679097
counter/2/0/0/0,14637:1747647661004:,1747647679098
counter/2/0/0/0,14638:1747647661007:,1747647679098
counter/2/0/0/0,14639:1747647661007:,1747647679098
counter/2/0/0/0,14640:1747647661007:,1747647679098
counter/1/0/0/0,15795:1747647662665:,1747647679098
counter/4/0/0/0,14771:1747647662771:,1747647679098
counter/4/0/0/0,14772:1747647662771:,1747647679098
counter/4/0/0/0,14773:1747647662771:,1747647679098
counter/4/0/0/0,14774:1747647662771:,1747647679098
counter/4/0/0/0,14775:1747647662771:,1747647679098
counter/4/0/0/0,14776:1747647662771:,1747647679098
counter/4/0/0/0,14777:1747647662771:,1747647679098
counter/8/0/0/0,14851:1747647661025:,1747647679099
counter/7/0/0/0,14520:1747647661244:,1747647679099
counter/7/0/0/0,14521:1747647661245:,1747647679099
counter/7/0/0/0,14522:1747647661245:,1747647679099
counter/7/0/0/0,14523:1747647661245:,1747647679099
counter/7/0/0/0,14524:1747647661245:,1747647679099
counter/7/0/0/0,14525:1747647661245:,1747647679099
counter/7/0/0/0,14526:1747647661245:,1747647679099
counter/1/0/0/0,15796:1747647662665:,1747647679100
counter/6/0/0/0,14600:1747647661547:,1747647679100
counter/4/0/0/0,14778:1747647662771:,1747647679100
counter/4/0/0/0,14779:1747647662771:,1747647679100
counter/10/0/0/0,13895:1747647661029:,1747647679100
counter/3/0/0/0,15595:1747647663038:,1747647679100
counter/3/0/0/0,15596:1747647663038:,1747647679100
counter/3/0/0/0,15597:1747647663038:,1747647679100
counter/3/0/0/0,15598:1747647663043:,1747647679100
counter/3/0/0/0,15599:1747647663059:,1747647679101
counter/3/0/0/0,15600:1747647663059:,1747647679101
counter/8/0/0/0,14852:1747647661025:,1747647679101
counter/5/0/0/0,14698:1747647661050:,1747647679101
counter/1/0/0/0,15797:1747647662665:,1747647679101
counter/5/0/0/0,14699:1747647661050:,1747647679101
counter/5/0/0/0,14700:1747647661050:,1747647679101
counter/5/0/0/0,14701:1747647661050:,1747647679101
counter/5/0/0/0,14702:1747647661050:,1747647679101
counter/5/0/0/0,14703:1747647661063:,1747647679101
counter/5/0/0/0,14704:1747647661063:,1747647679101
counter/5/0/0/0,14705:1747647661063:,1747647679101
counter/6/0/0/0,14601:1747647661547:,1747647679101
counter/6/0/0/0,14602:1747647661547:,1747647679103
counter/6/0/0/0,14603:1747647661547:,1747647679103
counter/6/0/0/0,14604:1747647661547:,1747647679103
counter/6/0/0/0,14605:1747647661547:,1747647679103
counter/6/0/0/0,14606:1747647661547:,1747647679103
counter/10/0/0/0,13896:1747647661029:,1747647679104
counter/10/0/0/0,13897:1747647661033:,1747647679104
counter/10/0/0/0,13898:1747647661033:,1747647679104
counter/10/0/0/0,13899:1747647661033:,1747647679104
counter/1/0/0/0,15798:1747647662665:,1747647679106
counter/4/0/0/0,14780:1747647662771:,1747647679106
counter/4/0/0/0,14781:1747647662771:,1747647679106
counter/4/0/0/0,14782:1747647662773:,1747647679106
counter/3/0/0/0,15601:1747647663059:,1747647679107
counter/3/0/0/0,15602:1747647663059:,1747647679107
counter/3/0/0/0,15603:1747647663059:,1747647679107
counter/3/0/0/0,15604:1747647663059:,1747647679107
counter/3/0/0/0,15605:1747647663059:,1747647679107
counter/3/0/0/0,15606:1747647663059:,1747647679107
counter/3/0/0/0,15607:1747647663059:,1747647679107
counter/3/0/0/0,15608:1747647663059:,1747647679108
counter/1/0/0/0,15799:1747647662665:,1747647679108
counter/9/0/0/0,15330:1747647661195:,1747647679108
counter/1/0/0/0,15800:1747647662665:,1747647679108
counter/1/0/0/0,15801:1747647662665:,1747647679108
counter/8/0/0/0,14853:1747647661025:,1747647679108
counter/8/0/0/0,14854:1747647661025:,1747647679108
counter/8/0/0/0,14855:1747647661025:,1747647679108
counter/8/0/0/0,14856:1747647661025:,1747647679108
counter/8/0/0/0,14857:1747647661025:,1747647679108
counter/8/0/0/0,14858:1747647661025:,1747647679108
counter/3/0/0/0,15609:1747647663059:,1747647679108
counter/8/0/0/0,14859:1747647661026:,1747647679108
counter/6/0/0/0,14607:1747647661547:,1747647679108
counter/5/0/0/0,14706:1747647661064:,1747647679108
counter/10/0/0/0,13900:1747647661033:,1747647679108
counter/6/0/0/0,14608:1747647661547:,1747647679110
counter/1/0/0/0,15802:1747647662665:,1747647679110
counter/1/0/0/0,15803:1747647662665:,1747647679110
counter/1/0/0/0,15804:1747647662665:,1747647679110
counter/1/0/0/0,15805:1747647662670:,1747647679110
counter/1/0/0/0,15806:1747647662670:,1747647679110
counter/1/0/0/0,15807:1747647662670:,1747647679110
counter/1/0/0/0,15808:1747647662671:,1747647679110
counter/1/0/0/0,15809:1747647662671:,1747647679110
counter/1/0/0/0,15810:1747647662671:,1747647679110
counter/1/0/0/0,15811:1747647662671:,1747647679110
counter/1/0/0/0,15812:1747647662671:,1747647679110
counter/1/0/0/0,15813:1747647662671:,1747647679110
counter/1/0/0/0,15814:1747647662671:,1747647679110
counter/1/0/0/0,15815:1747647662671:,1747647679111
counter/4/0/0/0,14783:1747647662773:,1747647679111
counter/4/0/0/0,14784:1747647662773:,1747647679111
counter/10/0/0/0,13901:1747647661033:,1747647679111
counter/10/0/0/0,13902:1747647661033:,1747647679111
counter/9/0/0/0,15331:1747647661195:,1747647679112
counter/2/0/0/0,14641:1747647661007:,1747647679112
counter/8/0/0/0,14860:1747647661026:,1747647679112
counter/2/0/0/0,14642:1747647661007:,1747647679112
counter/2/0/0/0,14643:1747647661007:,1747647679112
counter/2/0/0/0,14644:1747647661007:,1747647679112
counter/2/0/0/0,14645:1747647661007:,1747647679112
counter/2/0/0/0,14646:1747647661007:,1747647679112
counter/2/0/0/0,14647:1747647661007:,1747647679112
counter/2/0/0/0,14648:1747647661007:,1747647679112
counter/2/0/0/0,14649:1747647661007:,1747647679112
counter/2/0/0/0,14650:1747647661007:,1747647679112
counter/5/0/0/0,14707:1747647661064:,1747647679112
counter/6/0/0/0,14609:1747647661547:,1747647679112
counter/6/0/0/0,14610:1747647661547:,1747647679112
counter/6/0/0/0,14611:1747647661547:,1747647679112
counter/6/0/0/0,14612:1747647661547:,1747647679112
counter/6/0/0/0,14613:1747647661547:,1747647679112
counter/8/0/0/0,14861:1747647661026:,1747647679112
counter/2/0/0/0,14651:1747647661016:,1747647679113
counter/4/0/0/0,14785:1747647662773:,1747647679113
counter/4/0/0/0,14786:1747647662773:,1747647679113
counter/4/0/0/0,14787:1747647662773:,1747647679113
counter/5/0/0/0,14708:1747647661064:,1747647679114
counter/8/0/0/0,14862:1747647661026:,1747647679115
counter/8/0/0/0,14863:1747647661026:,1747647679115
counter/8/0/0/0,14864:1747647661026:,1747647679115
counter/8/0/0/0,14865:1747647661027:,1747647679115
counter/8/0/0/0,14866:1747647661027:,1747647679115
counter/8/0/0/0,14867:1747647661027:,1747647679115
counter/1/0/0/0,15816:1747647662671:,1747647679115
counter/7/0/0/0,14527:1747647661245:,1747647679121
counter/9/0/0/0,15332:1747647661195:,1747647679121
counter/7/0/0/0,14528:1747647661245:,1747647679122
counter/9/0/0/0,15333:1747647661195:,1747647679122
counter/2/0/0/0,14652:1747647661021:,1747647679122
counter/2/0/0/0,14653:1747647661021:,1747647679122
counter/6/0/0/0,14614:1747647661547:,1747647679123
counter/3/0/0/0,15610:1747647663059:,1747647679124
counter/3/0/0/0,15611:1747647663059:,1747647679124
counter/3/0/0/0,15612:1747647663059:,1747647679124
counter/3/0/0/0,15613:1747647663059:,1747647679124
counter/3/0/0/0,15614:1747647663072:,1747647679127
counter/3/0/0/0,15615:1747647663072:,1747647679127
counter/3/0/0/0,15616:1747647663072:,1747647679127
counter/6/0/0/0,14615:1747647661547:,1747647679128
counter/6/0/0/0,14616:1747647661547:,1747647679128
counter/3/0/0/0,15617:1747647663072:,1747647679128
counter/6/0/0/0,14617:1747647661547:,1747647679128
counter/6/0/0/0,14618:1747647661547:,1747647679128
counter/6/0/0/0,14619:1747647661551:,1747647679128
counter/6/0/0/0,14620:1747647661556:,1747647679128
counter/1/0/0/0,15817:1747647662671:,1747647679129
counter/7/0/0/0,14529:1747647661245:,1747647679130
counter/3/0/0/0,15618:1747647663072:,1747647679130
counter/3/0/0/0,15619:1747647663072:,1747647679130
counter/3/0/0/0,15620:1747647663072:,1747647679130
counter/3/0/0/0,15621:1747647663072:,1747647679130
counter/3/0/0/0,15622:1747647663072:,1747647679130
counter/3/0/0/0,15623:1747647663072:,1747647679131
counter/3/0/0/0,15624:1747647663072:,1747647679131
counter/3/0/0/0,15625:1747647663072:,1747647679131
counter/3/0/0/0,15626:1747647663072:,1747647679131
counter/3/0/0/0,15627:1747647663072:,1747647679131
counter/1/0/0/0,15818:1747647662671:,1747647679132
counter/1/0/0/0,15819:1747647662671:,1747647679132
counter/1/0/0/0,15820:1747647662671:,1747647679132
counter/1/0/0/0,15821:1747647662672:,1747647679132
counter/3/0/0/0,15628:1747647663072:,1747647679133
counter/1/0/0/0,15822:1747647662672:,1747647679133
counter/1/0/0/0,15823:1747647662672:,1747647679133
counter/1/0/0/0,15824:1747647662672:,1747647679133
counter/1/0/0/0,15825:1747647662673:,1747647679133
counter/7/0/0/0,14530:1747647661245:,1747647679135
counter/9/0/0/0,15334:1747647661195:,1747647679135
counter/9/0/0/0,15335:1747647661195:,1747647679135
counter/5/0/0/0,14709:1747647661064:,1747647679135
counter/5/0/0/0,14710:1747647661064:,1747647679135
counter/5/0/0/0,14711:1747647661064:,1747647679135
counter/5/0/0/0,14712:1747647661111:,1747647679135
counter/5/0/0/0,14713:1747647661112:,1747647679136
counter/5/0/0/0,14714:1747647661112:,1747647679136
counter/5/0/0/0,14715:1747647661112:,1747647679136
counter/5/0/0/0,14716:1747647661112:,1747647679136
counter/5/0/0/0,14717:1747647661121:,1747647679136
counter/5/0/0/0,14718:1747647661122:,1747647679136
counter/9/0/0/0,15336:1747647661195:,1747647679136
counter/9/0/0/0,15337:1747647661195:,1747647679136
counter/9/0/0/0,15338:1747647661196:,1747647679136
counter/4/0/0/0,14788:1747647662773:,1747647679137
counter/4/0/0/0,14789:1747647662773:,1747647679137
counter/4/0/0/0,14790:1747647662774:,1747647679137
counter/6/0/0/0,14621:1747647661556:,1747647679138
counter/4/0/0/0,14791:1747647662775:,1747647679138
counter/4/0/0/0,14792:1747647662775:,1747647679138
counter/9/0/0/0,15339:1747647661196:,1747647679138
counter/3/0/0/0,15629:1747647663077:,1747647679138
counter/5/0/0/0,14719:1747647661122:,1747647679138
counter/10/0/0/0,13903:1747647661033:,1747647679138
counter/10/0/0/0,13904:1747647661033:,1747647679138
counter/10/0/0/0,13905:1747647661033:,1747647679138
counter/6/0/0/0,14622:1747647661556:,1747647679138
counter/1/0/0/0,15826:1747647662673:,1747647679139
counter/1/0/0/0,15827:1747647662673:,1747647679139
counter/1/0/0/0,15828:1747647662673:,1747647679139
counter/8/0/0/0,14868:1747647661027:,1747647679140
counter/1/0/0/0,15829:1747647662673:,1747647679140
counter/10/0/0/0,13906:1747647661033:,1747647679140
counter/1/0/0/0,15830:1747647662673:,1747647679140
counter/3/0/0/0,15630:1747647663078:,1747647679141
counter/9/0/0/0,15340:1747647661196:,1747647679141
counter/10/0/0/0,13907:1747647661033:,1747647679141
counter/10/0/0/0,13908:1747647661033:,1747647679141
counter/10/0/0/0,13909:1747647661033:,1747647679141
counter/10/0/0/0,13910:1747647661033:,1747647679141
counter/10/0/0/0,13911:1747647661033:,1747647679141
counter/2/0/0/0,14654:1747647661021:,1747647679142
counter/2/0/0/0,14655:1747647661021:,1747647679142
counter/2/0/0/0,14656:1747647661021:,1747647679142
counter/2/0/0/0,14657:1747647661021:,1747647679142
counter/2/0/0/0,14658:1747647661021:,1747647679142
counter/2/0/0/0,14659:1747647661021:,1747647679142
counter/2/0/0/0,14660:1747647661023:,1747647679142
counter/2/0/0/0,14661:1747647661040:,1747647679142
counter/2/0/0/0,14662:1747647661040:,1747647679142
counter/2/0/0/0,14663:1747647661040:,1747647679143
counter/2/0/0/0,14664:1747647661055:,1747647679143
counter/6/0/0/0,14623:1747647661556:,1747647679143
counter/4/0/0/0,14793:1747647662775:,1747647679143
counter/4/0/0/0,14794:1747647662775:,1747647679143
counter/4/0/0/0,14795:1747647662775:,1747647679143
counter/1/0/0/0,15831:1747647662673:,1747647679143
counter/9/0/0/0,15341:1747647661196:,1747647679143
counter/3/0/0/0,15631:1747647663078:,1747647679143
counter/3/0/0/0,15632:1747647663078:,1747647679143
counter/3/0/0/0,15633:1747647663078:,1747647679143
counter/3/0/0/0,15634:1747647663078:,1747647679143
counter/8/0/0/0,14869:1747647661027:,1747647679143
counter/7/0/0/0,14531:1747647661245:,1747647679144
counter/1/0/0/0,15832:1747647662673:,1747647679145
counter/5/0/0/0,14720:1747647661122:,1747647679147
counter/9/0/0/0,15342:1747647661196:,1747647679148
counter/3/0/0/0,15635:1747647663078:,1747647679148
counter/9/0/0/0,15343:1747647661201:,1747647679148
counter/9/0/0/0,15344:1747647661201:,1747647679148
counter/9/0/0/0,15345:1747647661202:,1747647679148
counter/9/0/0/0,15346:1747647661202:,1747647679148
counter/9/0/0/0,15347:1747647661202:,1747647679148
counter/9/0/0/0,15348:1747647661202:,1747647679148
counter/6/0/0/0,14624:1747647661556:,1747647679148
counter/4/0/0/0,14796:1747647662775:,1747647679149
counter/4/0/0/0,14797:1747647662775:,1747647679149
counter/4/0/0/0,14798:1747647662775:,1747647679149
counter/4/0/0/0,14799:1747647662775:,1747647679149
counter/4/0/0/0,14800:1747647662775:,1747647679149
counter/5/0/0/0,14721:1747647661122:,1747647679150
counter/5/0/0/0,14722:1747647661122:,1747647679151
counter/2/0/0/0,14665:1747647661061:,1747647679151
counter/2/0/0/0,14666:1747647661061:,1747647679152
counter/2/0/0/0,14667:1747647661061:,1747647679152
counter/2/0/0/0,14668:1747647661061:,1747647679152
counter/2/0/0/0,14669:1747647661061:,1747647679152
counter/2/0/0/0,14670:1747647661061:,1747647679152
counter/2/0/0/0,14671:1747647661061:,1747647679152
counter/3/0/0/0,15636:1747647663078:,1747647679152
counter/5/0/0/0,14723:1747647661129:,1747647679152
counter/5/0/0/0,14724:1747647661129:,1747647679153
counter/1/0/0/0,15833:1747647662689:,1747647679154
counter/2/0/0/0,14672:1747647661061:,1747647679155
counter/2/0/0/0,14673:1747647661061:,1747647679155
counter/2/0/0/0,14674:1747647661061:,1747647679155
counter/2/0/0/0,14675:1747647661061:,1747647679155
counter/2/0/0/0,14676:1747647661061:,1747647679155
counter/9/0/0/0,15349:1747647661202:,1747647679155
counter/9/0/0/0,15350:1747647661202:,1747647679155
counter/9/0/0/0,15351:1747647661202:,1747647679155
counter/9/0/0/0,15352:1747647661202:,1747647679155
counter/9/0/0/0,15353:1747647661202:,1747647679155
counter/9/0/0/0,15354:1747647661202:,1747647679155
counter/9/0/0/0,15355:1747647661202:,1747647679155
counter/9/0/0/0,15356:1747647661202:,1747647679155
counter/9/0/0/0,15357:1747647661202:,1747647679155
counter/9/0/0/0,15358:1747647661202:,1747647679155
counter/9/0/0/0,15359:1747647661202:,1747647679155
counter/9/0/0/0,15360:1747647661213:,1747647679155
counter/8/0/0/0,14870:1747647661027:,1747647679155
counter/9/0/0/0,15361:1747647661213:,1747647679156
counter/1/0/0/0,15834:1747647662689:,1747647679156
counter/5/0/0/0,14725:1747647661129:,1747647679156
counter/2/0/0/0,14677:1747647661061:,1747647679156
counter/2/0/0/0,14678:1747647661061:,1747647679156
counter/4/0/0/0,14801:1747647662775:,1747647679156
counter/4/0/0/0,14802:1747647662776:,1747647679156
counter/5/0/0/0,14726:1747647661129:,1747647679157
counter/5/0/0/0,14727:1747647661129:,1747647679157
counter/5/0/0/0,14728:1747647661134:,1747647679157
counter/5/0/0/0,14729:1747647661134:,1747647679157
counter/5/0/0/0,14730:1747647661134:,1747647679157
counter/1/0/0/0,15835:1747647662689:,1747647679157
counter/1/0/0/0,15836:1747647662689:,1747647679158
counter/1/0/0/0,15837:1747647662689:,1747647679158
counter/4/0/0/0,14803:1747647662776:,1747647679158
counter/1/0/0/0,15838:1747647662689:,1747647679158
counter/1/0/0/0,15839:1747647662690:,1747647679158
counter/1/0/0/0,15840:1747647662691:,1747647679158
counter/1/0/0/0,15841:1747647662691:,1747647679158
counter/6/0/0/0,14625:1747647661556:,1747647679159
counter/6/0/0/0,14626:1747647661556:,1747647679159
counter/6/0/0/0,14627:1747647661556:,1747647679159
counter/6/0/0/0,14628:1747647661556:,1747647679159
counter/6/0/0/0,14629:1747647661556:,1747647679159
counter/4/0/0/0,14804:1747647662776:,1747647679159
counter/6/0/0/0,14630:1747647661557:,1747647679159
counter/2/0/0/0,14679:1747647661061:,1747647679161
counter/2/0/0/0,14680:1747647661061:,1747647679161
counter/2/0/0/0,14681:1747647661061:,1747647679161
counter/2/0/0/0,14682:1747647661065:,1747647679161
counter/2/0/0/0,14683:1747647661065:,1747647679161
counter/2/0/0/0,14684:1747647661065:,1747647679161
counter/2/0/0/0,14685:1747647661065:,1747647679162
counter/2/0/0/0,14686:1747647661065:,1747647679162
counter/2/0/0/0,14687:1747647661065:,1747647679162
counter/2/0/0/0,14688:1747647661065:,1747647679162
counter/2/0/0/0,14689:1747647661065:,1747647679162
counter/2/0/0/0,14690:1747647661068:,1747647679162
counter/2/0/0/0,14691:1747647661068:,1747647679162
counter/2/0/0/0,14692:1747647661068:,1747647679162
counter/2/0/0/0,14693:1747647661069:,1747647679162
counter/2/0/0/0,14694:1747647661069:,1747647679162
counter/2/0/0/0,14695:1747647661069:,1747647679162
counter/2/0/0/0,14696:1747647661073:,1747647679162
counter/2/0/0/0,14697:1747647661073:,1747647679162
counter/2/0/0/0,14698:1747647661073:,1747647679162
counter/10/0/0/0,13912:1747647661034:,1747647679162
counter/10/0/0/0,13913:1747647661034:,1747647679162
counter/10/0/0/0,13914:1747647661034:,1747647679162
counter/10/0/0/0,13915:1747647661035:,1747647679162
counter/3/0/0/0,15637:1747647663078:,1747647679162
counter/2/0/0/0,14699:1747647661073:,1747647679163
counter/6/0/0/0,14631:1747647661557:,1747647679163
counter/6/0/0/0,14632:1747647661557:,1747647679163
counter/6/0/0/0,14633:1747647661557:,1747647679163
counter/6/0/0/0,14634:1747647661557:,1747647679163
counter/10/0/0/0,13916:1747647661035:,1747647679163
counter/10/0/0/0,13917:1747647661035:,1747647679163
counter/1/0/0/0,15842:1747647662691:,1747647679164
counter/7/0/0/0,14532:1747647661245:,1747647679164
counter/9/0/0/0,15362:1747647661213:,1747647679164
counter/7/0/0/0,14533:1747647661245:,1747647679164
counter/5/0/0/0,14731:1747647661134:,1747647679164
counter/8/0/0/0,14871:1747647661027:,1747647679164
counter/8/0/0/0,14872:1747647661027:,1747647679164
counter/3/0/0/0,15638:1747647663078:,1747647679164
counter/1/0/0/0,15843:1747647662691:,1747647679165
counter/10/0/0/0,13918:1747647661035:,1747647679165
counter/10/0/0/0,13919:1747647661044:,1747647679165
counter/5/0/0/0,14732:1747647661134:,1747647679165
counter/8/0/0/0,14873:1747647661027:,1747647679165
counter/1/0/0/0,15844:1747647662691:,1747647679166
counter/4/0/0/0,14805:1747647662776:,1747647679166
counter/4/0/0/0,14806:1747647662776:,1747647679167
counter/9/0/0/0,15363:1747647661213:,1747647679167
counter/9/0/0/0,15364:1747647661213:,1747647679167
counter/7/0/0/0,14534:1747647661259:,1747647679167
counter/7/0/0/0,14535:1747647661259:,1747647679167
counter/9/0/0/0,15365:1747647661214:,1747647679168
counter/9/0/0/0,15366:1747647661214:,1747647679168
counter/4/0/0/0,14807:1747647662776:,1747647679168
counter/4/0/0/0,14808:1747647662777:,1747647679168
counter/4/0/0/0,14809:1747647662777:,1747647679168
counter/7/0/0/0,14536:1747647661259:,1747647679169
counter/7/0/0/0,14537:1747647661259:,1747647679170
counter/7/0/0/0,14538:1747647661259:,1747647679170
counter/7/0/0/0,14539:1747647661259:,1747647679170
counter/7/0/0/0,14540:1747647661260:,1747647679170
counter/7/0/0/0,14541:1747647661260:,1747647679170
counter/7/0/0/0,14542:1747647661260:,1747647679170
counter/7/0/0/0,14543:1747647661260:,1747647679170
counter/7/0/0/0,14544:1747647661260:,1747647679170
counter/7/0/0/0,14545:1747647661265:,1747647679170
counter/7/0/0/0,14546:1747647661265:,1747647679170
counter/2/0/0/0,14700:1747647661073:,1747647679170
counter/2/0/0/0,14701:1747647661073:,1747647679171
counter/5/0/0/0,14733:1747647661134:,1747647679171
counter/10/0/0/0,13920:1747647661044:,1747647679173
counter/1/0/0/0,15845:1747647662691:,1747647679173
counter/4/0/0/0,14810:1747647662777:,1747647679175
counter/1/0/0/0,15846:1747647662691:,1747647679176
counter/1/0/0/0,15847:1747647662692:,1747647679176
counter/1/0/0/0,15848:1747647662692:,1747647679176
counter/1/0/0/0,15849:1747647662692:,1747647679176
counter/1/0/0/0,15850:1747647662692:,1747647679176
counter/1/0/0/0,15851:1747647662697:,1747647679176
counter/7/0/0/0,14547:1747647661265:,1747647679177
counter/7/0/0/0,14548:1747647661265:,1747647679177
counter/7/0/0/0,14549:1747647661265:,1747647679177
counter/7/0/0/0,14550:1747647661271:,1747647679177
counter/7/0/0/0,14551:1747647661271:,1747647679177
counter/9/0/0/0,15367:1747647661214:,1747647679177
counter/9/0/0/0,15368:1747647661223:,1747647679177
counter/9/0/0/0,15369:1747647661227:,1747647679177
counter/9/0/0/0,15370:1747647661227:,1747647679177
counter/9/0/0/0,15371:1747647661227:,1747647679177
counter/9/0/0/0,15372:1747647661227:,1747647679177
counter/9/0/0/0,15373:1747647661227:,1747647679177
counter/3/0/0/0,15639:1747647663078:,1747647679177
counter/7/0/0/0,14552:1747647661271:,1747647679178
counter/7/0/0/0,14553:1747647661271:,1747647679178
counter/7/0/0/0,14554:1747647661271:,1747647679178
counter/1/0/0/0,15852:1747647662697:,1747647679179
counter/7/0/0/0,14555:1747647661271:,1747647679179
counter/7/0/0/0,14556:1747647661288:,1747647679179
counter/7/0/0/0,14557:1747647661288:,1747647679179
counter/1/0/0/0,15853:1747647662697:,1747647679180
counter/4/0/0/0,14811:1747647662777:,1747647679180
counter/4/0/0/0,14812:1747647662777:,1747647679180
counter/4/0/0/0,14813:1747647662777:,1747647679180
counter/4/0/0/0,14814:1747647662777:,1747647679180
counter/10/0/0/0,13921:1747647661044:,1747647679180
counter/10/0/0/0,13922:1747647661054:,1747647679181
counter/5/0/0/0,14734:1747647661134:,1747647679181
counter/5/0/0/0,14735:1747647661135:,1747647679181
counter/5/0/0/0,14736:1747647661135:,1747647679181
counter/5/0/0/0,14737:1747647661135:,1747647679181
counter/5/0/0/0,14738:1747647661151:,1747647679181
counter/5/0/0/0,14739:1747647661151:,1747647679181
counter/5/0/0/0,14740:1747647661151:,1747647679181
counter/5/0/0/0,14741:1747647661157:,1747647679181
counter/5/0/0/0,14742:1747647661157:,1747647679182
counter/5/0/0/0,14743:1747647661157:,1747647679182
counter/8/0/0/0,14874:1747647661027:,1747647679182
counter/8/0/0/0,14875:1747647661027:,1747647679182
counter/8/0/0/0,14876:1747647661027:,1747647679182
counter/8/0/0/0,14877:1747647661027:,1747647679182
counter/6/0/0/0,14635:1747647661557:,1747647679182
counter/6/0/0/0,14636:1747647661557:,1747647679182
counter/7/0/0/0,14558:1747647661288:,1747647679183
counter/7/0/0/0,14559:1747647661288:,1747647679183
counter/7/0/0/0,14560:1747647661288:,1747647679183
counter/7/0/0/0,14561:1747647661288:,1747647679183
counter/7/0/0/0,14562:1747647661288:,1747647679183
counter/6/0/0/0,14637:1747647661558:,1747647679183
counter/9/0/0/0,15374:1747647661227:,1747647679184
counter/1/0/0/0,15854:1747647662697:,1747647679185
counter/1/0/0/0,15855:1747647662697:,1747647679187
counter/4/0/0/0,14815:1747647662779:,1747647679187
counter/4/0/0/0,14816:1747647662779:,1747647679187
counter/4/0/0/0,14817:1747647662779:,1747647679187
counter/4/0/0/0,14818:1747647662780:,1747647679188
counter/4/0/0/0,14819:1747647662780:,1747647679188
counter/4/0/0/0,14820:1747647662780:,1747647679188
counter/4/0/0/0,14821:1747647662780:,1747647679188
counter/4/0/0/0,14822:1747647662780:,1747647679188
counter/4/0/0/0,14823:1747647662780:,1747647679188
counter/4/0/0/0,14824:1747647662786:,1747647679188
counter/4/0/0/0,14825:1747647662786:,1747647679188
counter/4/0/0/0,14826:1747647662786:,1747647679188
counter/4/0/0/0,14827:1747647662786:,1747647679188
counter/4/0/0/0,14828:1747647662786:,1747647679188
counter/4/0/0/0,14829:1747647662786:,1747647679188
counter/4/0/0/0,14830:1747647662786:,1747647679188
counter/4/0/0/0,14831:1747647662786:,1747647679188
counter/4/0/0/0,14832:1747647662786:,1747647679188
counter/6/0/0/0,14638:1747647661558:,1747647679188
counter/1/0/0/0,15856:1747647662697:,1747647679188
counter/5/0/0/0,14744:1747647661157:,1747647679189
counter/5/0/0/0,14745:1747647661157:,1747647679189
counter/5/0/0/0,14746:1747647661157:,1747647679189
counter/5/0/0/0,14747:1747647661157:,1747647679189
counter/3/0/0/0,15640:1747647663078:,1747647679189
counter/2/0/0/0,14702:1747647661073:,1747647679189
counter/2/0/0/0,14703:1747647661073:,1747647679189
counter/2/0/0/0,14704:1747647661073:,1747647679189
counter/2/0/0/0,14705:1747647661076:,1747647679189
counter/2/0/0/0,14706:1747647661076:,1747647679189
counter/2/0/0/0,14707:1747647661076:,1747647679189
counter/1/0/0/0,15857:1747647662697:,1747647679190
counter/3/0/0/0,15641:1747647663078:,1747647679190
counter/3/0/0/0,15642:1747647663078:,1747647679190
counter/3/0/0/0,15643:1747647663078:,1747647679191
counter/3/0/0/0,15644:1747647663078:,1747647679191
counter/3/0/0/0,15645:1747647663078:,1747647679191
counter/3/0/0/0,15646:1747647663078:,1747647679191
counter/3/0/0/0,15647:1747647663078:,1747647679191
counter/3/0/0/0,15648:1747647663080:,1747647679191
counter/3/0/0/0,15649:1747647663080:,1747647679191
counter/3/0/0/0,15650:1747647663080:,1747647679191
counter/3/0/0/0,15651:1747647663080:,1747647679191
counter/3/0/0/0,15652:1747647663080:,1747647679191
counter/3/0/0/0,15653:1747647663080:,1747647679191
counter/3/0/0/0,15654:1747647663080:,1747647679191
counter/6/0/0/0,14639:1747647661558:,1747647679191
counter/6/0/0/0,14640:1747647661558:,1747647679191
counter/6/0/0/0,14641:1747647661566:,1747647679191
counter/6/0/0/0,14642:1747647661566:,1747647679191
counter/6/0/0/0,14643:1747647661566:,1747647679191
counter/6/0/0/0,14644:1747647661566:,1747647679191
counter/5/0/0/0,14748:1747647661157:,1747647679191
counter/6/0/0/0,14645:1747647661566:,1747647679191
counter/2/0/0/0,14708:1747647661076:,1747647679192
counter/6/0/0/0,14646:1747647661566:,1747647679192
counter/6/0/0/0,14647:1747647661566:,1747647679192
counter/10/0/0/0,13923:1747647661054:,1747647679192
counter/6/0/0/0,14648:1747647661566:,1747647679192
counter/6/0/0/0,14649:1747647661566:,1747647679192
counter/6/0/0/0,14650:1747647661566:,1747647679192
counter/5/0/0/0,14749:1747647661167:,1747647679192
counter/5/0/0/0,14750:1747647661167:,1747647679192
counter/1/0/0/0,15858:1747647662698:,1747647679192
counter/4/0/0/0,14833:1747647662786:,1747647679193
counter/4/0/0/0,14834:1747647662795:,1747647679193
counter/4/0/0/0,14835:1747647662803:,1747647679193
counter/4/0/0/0,14836:1747647662803:,1747647679193
counter/4/0/0/0,14837:1747647662803:,1747647679193
counter/4/0/0/0,14838:1747647662803:,1747647679193
counter/4/0/0/0,14839:1747647662803:,1747647679193
counter/4/0/0/0,14840:1747647662803:,1747647679193
counter/5/0/0/0,14751:1747647661169:,1747647679194
counter/3/0/0/0,15655:1747647663080:,1747647679195
counter/3/0/0/0,15656:1747647663080:,1747647679195
counter/3/0/0/0,15657:1747647663080:,1747647679195
counter/1/0/0/0,15859:1747647662698:,1747647679196
counter/9/0/0/0,15375:1747647661227:,1747647679196
counter/7/0/0/0,14563:1747647661288:,1747647679196
counter/9/0/0/0,15376:1747647661229:,1747647679197
counter/7/0/0/0,14564:1747647661288:,1747647679197
counter/7/0/0/0,14565:1747647661288:,1747647679197
counter/7/0/0/0,14566:1747647661288:,1747647679197
counter/7/0/0/0,14567:1747647661288:,1747647679197
counter/7/0/0/0,14568:1747647661288:,1747647679197
counter/8/0/0/0,14878:1747647661027:,1747647679199
counter/2/0/0/0,14709:1747647661076:,1747647679200
counter/2/0/0/0,14710:1747647661076:,1747647679200
counter/2/0/0/0,14711:1747647661076:,1747647679200
counter/2/0/0/0,14712:1747647661076:,1747647679200
counter/2/0/0/0,14713:1747647661076:,1747647679200
counter/2/0/0/0,14714:1747647661076:,1747647679200
counter/4/0/0/0,14841:1747647662803:,1747647679201
counter/4/0/0/0,14842:1747647662803:,1747647679201
counter/4/0/0/0,14843:1747647662803:,1747647679201
counter/4/0/0/0,14844:1747647662813:,1747647679201
counter/4/0/0/0,14845:1747647662813:,1747647679201
counter/4/0/0/0,14846:1747647662813:,1747647679201
counter/4/0/0/0,14847:1747647662813:,1747647679201
counter/4/0/0/0,14848:1747647662813:,1747647679201
counter/4/0/0/0,14849:1747647662813:,1747647679201
counter/4/0/0/0,14850:1747647662813:,1747647679201
counter/5/0/0/0,14752:1747647661169:,1747647679202
counter/5/0/0/0,14753:1747647661185:,1747647679202
counter/5/0/0/0,14754:1747647661185:,1747647679202
counter/5/0/0/0,14755:1747647661185:,1747647679202
counter/5/0/0/0,14756:1747647661185:,1747647679202
counter/5/0/0/0,14757:1747647661189:,1747647679202
counter/5/0/0/0,14758:1747647661189:,1747647679202
counter/5/0/0/0,14759:1747647661189:,1747647679202
counter/5/0/0/0,14760:1747647661189:,1747647679202
counter/5/0/0/0,14761:1747647661189:,1747647679202
counter/5/0/0/0,14762:1747647661189:,1747647679202
counter/5/0/0/0,14763:1747647661189:,1747647679202
counter/5/0/0/0,14764:1747647661189:,1747647679202
counter/1/0/0/0,15860:1747647662699:,1747647679203
counter/5/0/0/0,14765:1747647661206:,1747647679203
counter/10/0/0/0,13924:1747647661054:,1747647679203
counter/1/0/0/0,15861:1747647662699:,1747647679205
counter/1/0/0/0,15862:1747647662699:,1747647679205
counter/1/0/0/0,15863:1747647662699:,1747647679205
counter/1/0/0/0,15864:1747647662699:,1747647679205
counter/6/0/0/0,14651:1747647661567:,1747647679206
counter/9/0/0/0,15377:1747647661230:,1747647679206
counter/2/0/0/0,14715:1747647661076:,1747647679206
counter/9/0/0/0,15378:1747647661230:,1747647679206
counter/4/0/0/0,14851:1747647662813:,1747647679206
counter/9/0/0/0,15379:1747647661230:,1747647679206
counter/4/0/0/0,14852:1747647662829:,1747647679206
counter/9/0/0/0,15380:1747647661230:,1747647679206
counter/4/0/0/0,14853:1747647662829:,1747647679206
counter/9/0/0/0,15381:1747647661232:,1747647679207
counter/4/0/0/0,14854:1747647662829:,1747647679207
counter/9/0/0/0,15382:1747647661232:,1747647679207
counter/4/0/0/0,14855:1747647662829:,1747647679207
counter/9/0/0/0,15383:1747647661232:,1747647679207
counter/4/0/0/0,14856:1747647662829:,1747647679207
counter/10/0/0/0,13925:1747647661054:,1747647679207
counter/10/0/0/0,13926:1747647661054:,1747647679207
counter/10/0/0/0,13927:1747647661054:,1747647679207
counter/10/0/0/0,13928:1747647661054:,1747647679207
counter/10/0/0/0,13929:1747647661054:,1747647679207
counter/10/0/0/0,13930:1747647661054:,1747647679207
counter/10/0/0/0,13931:1747647661054:,1747647679207
counter/7/0/0/0,14569:1747647661288:,1747647679207
counter/8/0/0/0,14879:1747647661027:,1747647679207
counter/9/0/0/0,15384:1747647661232:,1747647679207
counter/1/0/0/0,15865:1747647662699:,1747647679208
counter/1/0/0/0,15866:1747647662700:,1747647679208
counter/1/0/0/0,15867:1747647662700:,1747647679208
counter/2/0/0/0,14716:1747647661076:,1747647679208
counter/1/0/0/0,15868:1747647662700:,1747647679208
counter/10/0/0/0,13932:1747647661054:,1747647679208
counter/7/0/0/0,14570:1747647661288:,1747647679208
counter/7/0/0/0,14571:1747647661288:,1747647679208
counter/7/0/0/0,14572:1747647661288:,1747647679208
counter/7/0/0/0,14573:1747647661288:,1747647679208
counter/7/0/0/0,14574:1747647661288:,1747647679208
counter/7/0/0/0,14575:1747647661288:,1747647679208
counter/7/0/0/0,14576:1747647661289:,1747647679208
counter/7/0/0/0,14577:1747647661289:,1747647679208
counter/7/0/0/0,14578:1747647661289:,1747647679208
counter/7/0/0/0,14579:1747647661289:,1747647679208
counter/9/0/0/0,15385:1747647661232:,1747647679208
counter/1/0/0/0,15869:1747647662700:,1747647679210
counter/2/0/0/0,14717:1747647661077:,1747647679210
counter/2/0/0/0,14718:1747647661077:,1747647679210
counter/2/0/0/0,14719:1747647661077:,1747647679210
counter/2/0/0/0,14720:1747647661077:,1747647679210
counter/2/0/0/0,14721:1747647661077:,1747647679210
counter/2/0/0/0,14722:1747647661077:,1747647679210
counter/2/0/0/0,14723:1747647661077:,1747647679210
counter/2/0/0/0,14724:1747647661079:,1747647679210
counter/2/0/0/0,14725:1747647661079:,1747647679210
counter/1/0/0/0,15870:1747647662700:,1747647679210
counter/5/0/0/0,14766:1747647661206:,1747647679211
counter/2/0/0/0,14726:1747647661079:,1747647679211
counter/3/0/0/0,15658:1747647663080:,1747647679213
counter/1/0/0/0,15871:1747647662700:,1747647679214
counter/8/0/0/0,14880:1747647661027:,1747647679214
counter/8/0/0/0,14881:1747647661027:,1747647679214
counter/7/0/0/0,14580:1747647661289:,1747647679214
counter/8/0/0/0,14882:1747647661030:,1747647679214
counter/7/0/0/0,14581:1747647661293:,1747647679214
counter/8/0/0/0,14883:1747647661035:,1747647679215
counter/9/0/0/0,15386:1747647661232:,1747647679215
counter/8/0/0/0,14884:1747647661035:,1747647679215
counter/8/0/0/0,14885:1747647661035:,1747647679215
counter/8/0/0/0,14886:1747647661035:,1747647679215
counter/8/0/0/0,14887:1747647661035:,1747647679215
counter/3/0/0/0,15659:1747647663080:,1747647679215
counter/3/0/0/0,15660:1747647663080:,1747647679215
counter/3/0/0/0,15661:1747647663080:,1747647679215
counter/3/0/0/0,15662:1747647663080:,1747647679215
counter/3/0/0/0,15663:1747647663080:,1747647679215
counter/3/0/0/0,15664:1747647663099:,1747647679215
counter/10/0/0/0,13933:1747647661054:,1747647679216
counter/10/0/0/0,13934:1747647661054:,1747647679216
counter/10/0/0/0,13935:1747647661054:,1747647679216
counter/10/0/0/0,13936:1747647661058:,1747647679216
counter/10/0/0/0,13937:1747647661058:,1747647679216
counter/10/0/0/0,13938:1747647661058:,1747647679216
counter/10/0/0/0,13939:1747647661058:,1747647679216
counter/10/0/0/0,13940:1747647661058:,1747647679216
counter/10/0/0/0,13941:1747647661058:,1747647679216
counter/10/0/0/0,13942:1747647661058:,1747647679216
counter/10/0/0/0,13943:1747647661058:,1747647679216
counter/10/0/0/0,13944:1747647661058:,1747647679216
counter/10/0/0/0,13945:1747647661058:,1747647679216
counter/10/0/0/0,13946:1747647661059:,1747647679216
counter/10/0/0/0,13947:1747647661060:,1747647679217
counter/5/0/0/0,14767:1747647661206:,1747647679217
counter/2/0/0/0,14727:1747647661079:,1747647679217
counter/5/0/0/0,14768:1747647661206:,1747647679218
counter/5/0/0/0,14769:1747647661206:,1747647679218
counter/5/0/0/0,14770:1747647661210:,1747647679218
counter/5/0/0/0,14771:1747647661210:,1747647679218
counter/5/0/0/0,14772:1747647661214:,1747647679218
counter/5/0/0/0,14773:1747647661222:,1747647679218
counter/5/0/0/0,14774:1747647661222:,1747647679218
counter/6/0/0/0,14652:1747647661567:,1747647679218
counter/4/0/0/0,14857:1747647662829:,1747647679218
counter/4/0/0/0,14858:1747647662829:,1747647679218
counter/4/0/0/0,14859:1747647662829:,1747647679218
counter/4/0/0/0,14860:1747647662829:,1747647679218
counter/4/0/0/0,14861:1747647662836:,1747647679218
counter/3/0/0/0,15665:1747647663099:,1747647679218
counter/5/0/0/0,14775:1747647661222:,1747647679222
counter/10/0/0/0,13948:1747647661060:,1747647679222
counter/6/0/0/0,14653:1747647661567:,1747647679222
counter/9/0/0/0,15387:1747647661232:,1747647679222
counter/9/0/0/0,15388:1747647661232:,1747647679222
counter/2/0/0/0,14728:1747647661079:,1747647679223
counter/4/0/0/0,14862:1747647662836:,1747647679223
counter/10/0/0/0,13949:1747647661060:,1747647679223
counter/10/0/0/0,13950:1747647661060:,1747647679223
counter/10/0/0/0,13951:1747647661060:,1747647679223
counter/5/0/0/0,14776:1747647661223:,1747647679224
counter/5/0/0/0,14777:1747647661224:,1747647679224
counter/5/0/0/0,14778:1747647661224:,1747647679224
counter/5/0/0/0,14779:1747647661224:,1747647679224
counter/6/0/0/0,14654:1747647661567:,1747647679226
counter/6/0/0/0,14655:1747647661574:,1747647679226
counter/3/0/0/0,15666:1747647663099:,1747647679226
counter/3/0/0/0,15667:1747647663099:,1747647679226
counter/3/0/0/0,15668:1747647663099:,1747647679226
counter/3/0/0/0,15669:1747647663099:,1747647679226
counter/1/0/0/0,15872:1747647662700:,1747647679227
counter/1/0/0/0,15873:1747647662700:,1747647679227
counter/2/0/0/0,14729:1747647661079:,1747647679227
counter/2/0/0/0,14730:1747647661079:,1747647679227
counter/2/0/0/0,14731:1747647661079:,1747647679227
counter/9/0/0/0,15389:1747647661232:,1747647679227
counter/9/0/0/0,15390:1747647661236:,1747647679227
counter/7/0/0/0,14582:1747647661294:,1747647679227
counter/7/0/0/0,14583:1747647661294:,1747647679227
counter/3/0/0/0,15670:1747647663099:,1747647679228
counter/3/0/0/0,15671:1747647663099:,1747647679228
counter/3/0/0/0,15672:1747647663099:,1747647679228
counter/3/0/0/0,15673:1747647663105:,1747647679228
counter/3/0/0/0,15674:1747647663105:,1747647679228
counter/3/0/0/0,15675:1747647663105:,1747647679228
counter/3/0/0/0,15676:1747647663105:,1747647679228
counter/3/0/0/0,15677:1747647663105:,1747647679228
counter/3/0/0/0,15678:1747647663105:,1747647679228
counter/3/0/0/0,15679:1747647663105:,1747647679228
counter/9/0/0/0,15391:1747647661236:,1747647679228
counter/9/0/0/0,15392:1747647661236:,1747647679228
counter/6/0/0/0,14656:1747647661574:,1747647679228
counter/6/0/0/0,14657:1747647661575:,1747647679228
counter/6/0/0/0,14658:1747647661578:,1747647679228
counter/6/0/0/0,14659:1747647661578:,1747647679228
counter/6/0/0/0,14660:1747647661578:,1747647679228
counter/6/0/0/0,14661:1747647661578:,1747647679228
counter/6/0/0/0,14662:1747647661578:,1747647679230
counter/4/0/0/0,14863:1747647662836:,1747647679230
counter/4/0/0/0,14864:1747647662836:,1747647679230
counter/4/0/0/0,14865:1747647662836:,1747647679230
counter/4/0/0/0,14866:1747647662836:,1747647679230
counter/2/0/0/0,14732:1747647661079:,1747647679230
counter/7/0/0/0,14584:1747647661294:,1747647679230
counter/7/0/0/0,14585:1747647661294:,1747647679230
counter/7/0/0/0,14586:1747647661294:,1747647679230
counter/6/0/0/0,14663:1747647661578:,1747647679237
counter/7/0/0/0,14587:1747647661294:,1747647679237
counter/7/0/0/0,14588:1747647661297:,1747647679237
counter/7/0/0/0,14589:1747647661297:,1747647679237
counter/7/0/0/0,14590:1747647661297:,1747647679237
counter/7/0/0/0,14591:1747647661297:,1747647679237
counter/7/0/0/0,14592:1747647661297:,1747647679237
counter/7/0/0/0,14593:1747647661297:,1747647679237
counter/7/0/0/0,14594:1747647661297:,1747647679237
counter/1/0/0/0,15874:1747647662700:,1747647679237
counter/7/0/0/0,14595:1747647661297:,1747647679238
counter/4/0/0/0,14867:1747647662836:,1747647679238
counter/8/0/0/0,14888:1747647661035:,1747647679238
counter/8/0/0/0,14889:1747647661041:,1747647679238
counter/4/0/0/0,14868:1747647662836:,1747647679239
counter/8/0/0/0,14890:1747647661041:,1747647679239
counter/4/0/0/0,14869:1747647662836:,1747647679239
counter/8/0/0/0,14891:1747647661041:,1747647679239
counter/1/0/0/0,15875:1747647662700:,1747647679240
counter/2/0/0/0,14733:1747647661079:,1747647679241
counter/5/0/0/0,14780:1747647661224:,1747647679241
counter/2/0/0/0,14734:1747647661092:,1747647679241
counter/2/0/0/0,14735:1747647661092:,1747647679241
counter/2/0/0/0,14736:1747647661092:,1747647679241
counter/9/0/0/0,15393:1747647661236:,1747647679242
counter/9/0/0/0,15394:1747647661260:,1747647679242
counter/2/0/0/0,14737:1747647661092:,1747647679242
counter/9/0/0/0,15395:1747647661260:,1747647679242
counter/9/0/0/0,15396:1747647661260:,1747647679242
counter/9/0/0/0,15397:1747647661260:,1747647679242
counter/8/0/0/0,14892:1747647661041:,1747647679242
counter/8/0/0/0,14893:1747647661041:,1747647679242
counter/8/0/0/0,14894:1747647661041:,1747647679242
counter/5/0/0/0,14781:1747647661225:,1747647679243
counter/6/0/0/0,14664:1747647661578:,1747647679243
counter/7/0/0/0,14596:1747647661297:,1747647679243
counter/9/0/0/0,15398:1747647661260:,1747647679243
counter/9/0/0/0,15399:1747647661260:,1747647679243
counter/9/0/0/0,15400:1747647661260:,1747647679243
counter/9/0/0/0,15401:1747647661260:,1747647679243
counter/9/0/0/0,15402:1747647661260:,1747647679243
counter/4/0/0/0,14870:1747647662836:,1747647679243
counter/9/0/0/0,15403:1747647661260:,1747647679243
counter/9/0/0/0,15404:1747647661261:,1747647679243
counter/9/0/0/0,15405:1747647661261:,1747647679243
counter/9/0/0/0,15406:1747647661261:,1747647679243
counter/1/0/0/0,15876:1747647662700:,1747647679244
counter/5/0/0/0,14782:1747647661230:,1747647679244
counter/5/0/0/0,14783:1747647661230:,1747647679244
counter/5/0/0/0,14784:1747647661230:,1747647679244
counter/5/0/0/0,14785:1747647661230:,1747647679244
counter/5/0/0/0,14786:1747647661230:,1747647679244
counter/5/0/0/0,14787:1747647661230:,1747647679244
counter/5/0/0/0,14788:1747647661230:,1747647679244
counter/8/0/0/0,14895:1747647661041:,1747647679244
counter/9/0/0/0,15407:1747647661261:,1747647679244
counter/6/0/0/0,14665:1747647661578:,1747647679244
counter/5/0/0/0,14789:1747647661231:,1747647679244
counter/8/0/0/0,14896:1747647661041:,1747647679244
counter/9/0/0/0,15408:1747647661261:,1747647679245
counter/9/0/0/0,15409:1747647661261:,1747647679245
counter/9/0/0/0,15410:1747647661261:,1747647679245
counter/9/0/0/0,15411:1747647661261:,1747647679245
counter/9/0/0/0,15412:1747647661261:,1747647679245
counter/9/0/0/0,15413:1747647661261:,1747647679245
counter/9/0/0/0,15414:1747647661261:,1747647679245
counter/9/0/0/0,15415:1747647661261:,1747647679245
counter/9/0/0/0,15416:1747647661261:,1747647679245
counter/9/0/0/0,15417:1747647661261:,1747647679245
counter/9/0/0/0,15418:1747647661273:,1747647679245
counter/2/0/0/0,14738:1747647661107:,1747647679245
counter/9/0/0/0,15419:1747647661273:,1747647679245
counter/5/0/0/0,14790:1747647661240:,1747647679245
counter/9/0/0/0,15420:1747647661273:,1747647679245
counter/9/0/0/0,15421:1747647661273:,1747647679245
counter/9/0/0/0,15422:1747647661273:,1747647679246
counter/1/0/0/0,15877:1747647662700:,1747647679246
counter/9/0/0/0,15423:1747647661274:,1747647679246
counter/1/0/0/0,15878:1747647662700:,1747647679246
counter/1/0/0/0,15879:1747647662700:,1747647679246
counter/1/0/0/0,15880:1747647662700:,1747647679246
counter/1/0/0/0,15881:1747647662700:,1747647679246
counter/1/0/0/0,15882:1747647662700:,1747647679246
counter/1/0/0/0,15883:1747647662704:,1747647679246
counter/1/0/0/0,15884:1747647662704:,1747647679246
counter/1/0/0/0,15885:1747647662704:,1747647679246
counter/1/0/0/0,15886:1747647662704:,1747647679246
counter/1/0/0/0,15887:1747647662704:,1747647679246
counter/1/0/0/0,15888:1747647662704:,1747647679246
counter/6/0/0/0,14666:1747647661578:,1747647679246
counter/9/0/0/0,15424:1747647661274:,1747647679246
counter/2/0/0/0,14739:1747647661107:,1747647679246
counter/5/0/0/0,14791:1747647661240:,1747647679246
counter/5/0/0/0,14792:1747647661240:,1747647679246
counter/5/0/0/0,14793:1747647661240:,1747647679246
counter/5/0/0/0,14794:1747647661240:,1747647679247
counter/5/0/0/0,14795:1747647661240:,1747647679247
counter/5/0/0/0,14796:1747647661240:,1747647679247
counter/5/0/0/0,14797:1747647661240:,1747647679247
counter/5/0/0/0,14798:1747647661240:,1747647679247
counter/5/0/0/0,14799:1747647661240:,1747647679247
counter/5/0/0/0,14800:1747647661240:,1747647679247
counter/1/0/0/0,15889:1747647662704:,1747647679247
counter/5/0/0/0,14801:1747647661240:,1747647679247
counter/5/0/0/0,14802:1747647661240:,1747647679247
counter/5/0/0/0,14803:1747647661240:,1747647679247
counter/5/0/0/0,14804:1747647661240:,1747647679247
counter/5/0/0/0,14805:1747647661240:,1747647679247
counter/5/0/0/0,14806:1747647661241:,1747647679247
counter/1/0/0/0,15890:1747647662704:,1747647679247
counter/5/0/0/0,14807:1747647661242:,1747647679247
counter/5/0/0/0,14808:1747647661242:,1747647679247
counter/5/0/0/0,14809:1747647661242:,1747647679247
counter/5/0/0/0,14810:1747647661242:,1747647679248
counter/5/0/0/0,14811:1747647661242:,1747647679248
counter/6/0/0/0,14667:1747647661578:,1747647679248
counter/6/0/0/0,14668:1747647661578:,1747647679248
counter/9/0/0/0,15425:1747647661281:,1747647679248
counter/6/0/0/0,14669:1747647661586:,1747647679248
counter/9/0/0/0,15426:1747647661281:,1747647679248
counter/6/0/0/0,14670:1747647661586:,1747647679248
counter/9/0/0/0,15427:1747647661281:,1747647679248
counter/6/0/0/0,14671:1747647661586:,1747647679248
counter/9/0/0/0,15428:1747647661282:,1747647679248
counter/6/0/0/0,14672:1747647661587:,1747647679248
counter/9/0/0/0,15429:1747647661282:,1747647679248
counter/9/0/0/0,15430:1747647661282:,1747647679248
counter/9/0/0/0,15431:1747647661282:,1747647679248
counter/9/0/0/0,15432:1747647661282:,1747647679248
counter/9/0/0/0,15433:1747647661282:,1747647679248
counter/9/0/0/0,15434:1747647661282:,1747647679249
counter/9/0/0/0,15435:1747647661282:,1747647679249
counter/9/0/0/0,15436:1747647661296:,1747647679249
counter/3/0/0/0,15680:1747647663105:,1747647679249
counter/3/0/0/0,15681:1747647663105:,1747647679249
counter/6/0/0/0,14673:1747647661587:,1747647679250
counter/4/0/0/0,14871:1747647662836:,1747647679250
counter/6/0/0/0,14674:1747647661587:,1747647679250
counter/6/0/0/0,14675:1747647661587:,1747647679250
counter/9/0/0/0,15437:1747647661296:,1747647679250
counter/6/0/0/0,14676:1747647661587:,1747647679250
counter/9/0/0/0,15438:1747647661296:,1747647679250
counter/9/0/0/0,15439:1747647661296:,1747647679250
counter/9/0/0/0,15440:1747647661296:,1747647679250
counter/9/0/0/0,15441:1747647661296:,1747647679250
counter/9/0/0/0,15442:1747647661296:,1747647679250
counter/9/0/0/0,15443:1747647661296:,1747647679251
counter/10/0/0/0,13952:1747647661060:,1747647679251
counter/5/0/0/0,14812:1747647661242:,1747647679251
counter/10/0/0/0,13953:1747647661069:,1747647679252
counter/4/0/0/0,14872:1747647662836:,1747647679252
counter/3/0/0/0,15682:1747647663105:,1747647679253
counter/3/0/0/0,15683:1747647663105:,1747647679253
counter/3/0/0/0,15684:1747647663113:,1747647679253
counter/3/0/0/0,15685:1747647663113:,1747647679253
counter/3/0/0/0,15686:1747647663113:,1747647679253
counter/3/0/0/0,15687:1747647663113:,1747647679253
counter/3/0/0/0,15688:1747647663113:,1747647679253
counter/3/0/0/0,15689:1747647663113:,1747647679253
counter/3/0/0/0,15690:1747647663113:,1747647679253
counter/3/0/0/0,15691:1747647663113:,1747647679253
counter/10/0/0/0,13954:1747647661069:,1747647679254
counter/10/0/0/0,13955:1747647661069:,1747647679254
counter/10/0/0/0,13956:1747647661069:,1747647679254
counter/10/0/0/0,13957:1747647661069:,1747647679254
counter/10/0/0/0,13958:1747647661069:,1747647679254
counter/10/0/0/0,13959:1747647661069:,1747647679254
counter/1/0/0/0,15891:1747647662704:,1747647679254
counter/1/0/0/0,15892:1747647662704:,1747647679254
counter/1/0/0/0,15893:1747647662704:,1747647679255
counter/1/0/0/0,15894:1747647662716:,1747647679255
counter/6/0/0/0,14677:1747647661587:,1747647679255
counter/6/0/0/0,14678:1747647661587:,1747647679255
counter/3/0/0/0,15692:1747647663113:,1747647679255
counter/9/0/0/0,15444:1747647661296:,1747647679256
counter/9/0/0/0,15445:1747647661296:,1747647679256
counter/4/0/0/0,14873:1747647662836:,1747647679256
counter/9/0/0/0,15446:1747647661296:,1747647679256
counter/9/0/0/0,15447:1747647661296:,1747647679256
counter/1/0/0/0,15895:1747647662717:,1747647679256
counter/9/0/0/0,15448:1747647661300:,1747647679256
counter/1/0/0/0,15896:1747647662717:,1747647679256
counter/1/0/0/0,15897:1747647662717:,1747647679256
counter/1/0/0/0,15898:1747647662717:,1747647679256
counter/1/0/0/0,15899:1747647662717:,1747647679256
counter/1/0/0/0,15900:1747647662717:,1747647679256
counter/1/0/0/0,15901:1747647662717:,1747647679256
counter/1/0/0/0,15902:1747647662717:,1747647679256
counter/3/0/0/0,15693:1747647663113:,1747647679256
counter/10/0/0/0,13960:1747647661069:,1747647679257
counter/9/0/0/0,15449:1747647661300:,1747647679259
counter/5/0/0/0,14813:1747647661242:,1747647679259
counter/5/0/0/0,14814:1747647661242:,1747647679260
counter/5/0/0/0,14815:1747647661242:,1747647679260
counter/5/0/0/0,14816:1747647661242:,1747647679260
counter/5/0/0/0,14817:1747647661242:,1747647679260
counter/5/0/0/0,14818:1747647661252:,1747647679260
counter/5/0/0/0,14819:1747647661252:,1747647679260
counter/5/0/0/0,14820:1747647661252:,1747647679260
counter/5/0/0/0,14821:1747647661253:,1747647679260
counter/5/0/0/0,14822:1747647661253:,1747647679260
counter/5/0/0/0,14823:1747647661253:,1747647679260
counter/8/0/0/0,14897:1747647661041:,1747647679260
counter/8/0/0/0,14898:1747647661042:,1747647679260
counter/8/0/0/0,14899:1747647661042:,1747647679260
counter/8/0/0/0,14900:1747647661042:,1747647679260
counter/5/0/0/0,14824:1747647661253:,1747647679262
counter/1/0/0/0,15903:1747647662717:,1747647679262
counter/2/0/0/0,14740:1747647661107:,1747647679262
counter/2/0/0/0,14741:1747647661107:,1747647679262
counter/2/0/0/0,14742:1747647661107:,1747647679262
counter/2/0/0/0,14743:1747647661107:,1747647679262
counter/3/0/0/0,15694:1747647663113:,1747647679262
counter/3/0/0/0,15695:1747647663113:,1747647679262
counter/7/0/0/0,14597:1747647661301:,1747647679262
counter/3/0/0/0,15696:1747647663113:,1747647679262
counter/3/0/0/0,15697:1747647663113:,1747647679262
counter/3/0/0/0,15698:1747647663113:,1747647679262
counter/3/0/0/0,15699:1747647663113:,1747647679262
counter/8/0/0/0,14901:1747647661042:,1747647679263
counter/8/0/0/0,14902:1747647661045:,1747647679263
counter/8/0/0/0,14903:1747647661045:,1747647679263
counter/2/0/0/0,14744:1747647661107:,1747647679266
counter/2/0/0/0,14745:1747647661107:,1747647679266
counter/1/0/0/0,15904:1747647662717:,1747647679266
counter/2/0/0/0,14746:1747647661107:,1747647679266
counter/9/0/0/0,15450:1747647661300:,1747647679266
counter/7/0/0/0,14598:1747647661301:,1747647679266
counter/4/0/0/0,14874:1747647662836:,1747647679266
counter/4/0/0/0,14875:1747647662838:,1747647679266
counter/4/0/0/0,14876:1747647662838:,1747647679266
counter/4/0/0/0,14877:1747647662838:,1747647679266
counter/4/0/0/0,14878:1747647662838:,1747647679266
counter/4/0/0/0,14879:1747647662841:,1747647679266
counter/4/0/0/0,14880:1747647662841:,1747647679266
counter/4/0/0/0,14881:1747647662841:,1747647679266
counter/4/0/0/0,14882:1747647662841:,1747647679266
counter/4/0/0/0,14883:1747647662844:,1747647679266
counter/1/0/0/0,15905:1747647662717:,1747647679267
counter/3/0/0/0,15700:1747647663113:,1747647679268
counter/3/0/0/0,15701:1747647663113:,1747647679268
counter/3/0/0/0,15702:1747647663113:,1747647679268
counter/3/0/0/0,15703:1747647663113:,1747647679268
counter/3/0/0/0,15704:1747647663113:,1747647679268
counter/3/0/0/0,15705:1747647663113:,1747647679268
counter/3/0/0/0,15706:1747647663113:,1747647679268
counter/3/0/0/0,15707:1747647663113:,1747647679268
counter/2/0/0/0,14747:1747647661108:,1747647679269
counter/2/0/0/0,14748:1747647661111:,1747647679269
counter/2/0/0/0,14749:1747647661111:,1747647679269
counter/2/0/0/0,14750:1747647661111:,1747647679269
counter/2/0/0/0,14751:1747647661111:,1747647679269
counter/2/0/0/0,14752:1747647661111:,1747647679269
counter/2/0/0/0,14753:1747647661111:,1747647679269
counter/2/0/0/0,14754:1747647661111:,1747647679269
counter/2/0/0/0,14755:1747647661111:,1747647679269
counter/6/0/0/0,14679:1747647661591:,1747647679269
counter/10/0/0/0,13961:1747647661069:,1747647679269
counter/1/0/0/0,15906:1747647662717:,1747647679271
counter/4/0/0/0,14884:1747647662844:,1747647679271
counter/6/0/0/0,14680:1747647661598:,1747647679272
counter/6/0/0/0,14681:1747647661598:,1747647679273
counter/6/0/0/0,14682:1747647661598:,1747647679273
counter/6/0/0/0,14683:1747647661598:,1747647679273
counter/6/0/0/0,14684:1747647661604:,1747647679273
counter/6/0/0/0,14685:1747647661604:,1747647679273
counter/8/0/0/0,14904:1747647661045:,1747647679273
counter/9/0/0/0,15451:1747647661300:,1747647679273
counter/3/0/0/0,15708:1747647663113:,1747647679274
counter/3/0/0/0,15709:1747647663113:,1747647679274
counter/3/0/0/0,15710:1747647663113:,1747647679275
counter/3/0/0/0,15711:1747647663130:,1747647679275
counter/3/0/0/0,15712:1747647663142:,1747647679275
counter/6/0/0/0,14686:1747647661604:,1747647679275
counter/3/0/0/0,15713:1747647663142:,1747647679275
counter/3/0/0/0,15714:1747647663142:,1747647679275
counter/3/0/0/0,15715:1747647663142:,1747647679275
counter/5/0/0/0,14825:1747647661253:,1747647679275
counter/3/0/0/0,15716:1747647663142:,1747647679275
counter/1/0/0/0,15907:1747647662717:,1747647679275
counter/2/0/0/0,14756:1747647661119:,1747647679275
counter/1/0/0/0,15908:1747647662718:,1747647679275
counter/5/0/0/0,14826:1747647661253:,1747647679276
counter/2/0/0/0,14757:1747647661119:,1747647679276
counter/5/0/0/0,14827:1747647661253:,1747647679276
counter/5/0/0/0,14828:1747647661253:,1747647679276
counter/9/0/0/0,15452:1747647661300:,1747647679276
counter/9/0/0/0,15453:1747647661304:,1747647679276
counter/9/0/0/0,15454:1747647661304:,1747647679276
counter/9/0/0/0,15455:1747647661304:,1747647679276
counter/9/0/0/0,15456:1747647661304:,1747647679276
counter/9/0/0/0,15457:1747647661304:,1747647679276
counter/9/0/0/0,15458:1747647661304:,1747647679276
counter/9/0/0/0,15459:1747647661304:,1747647679277
counter/3/0/0/0,15717:1747647663146:,1747647679277
counter/9/0/0/0,15460:1747647661304:,1747647679278
counter/10/0/0/0,13962:1747647661069:,1747647679278
counter/10/0/0/0,13963:1747647661069:,1747647679281
counter/2/0/0/0,14758:1747647661119:,1747647679281
counter/2/0/0/0,14759:1747647661119:,1747647679281
counter/2/0/0/0,14760:1747647661119:,1747647679281
counter/2/0/0/0,14761:1747647661119:,1747647679281
counter/2/0/0/0,14762:1747647661119:,1747647679281
counter/2/0/0/0,14763:1747647661120:,1747647679281
counter/2/0/0/0,14764:1747647661120:,1747647679281
counter/2/0/0/0,14765:1747647661120:,1747647679281
counter/2/0/0/0,14766:1747647661120:,1747647679281
counter/2/0/0/0,14767:1747647661120:,1747647679281
counter/2/0/0/0,14768:1747647661120:,1747647679281
counter/10/0/0/0,13964:1747647661074:,1747647679282
counter/7/0/0/0,14599:1747647661301:,1747647679282
counter/8/0/0/0,14905:1747647661045:,1747647679282
counter/7/0/0/0,14600:1747647661301:,1747647679282
counter/3/0/0/0,15718:1747647663147:,1747647679282
counter/10/0/0/0,13965:1747647661074:,1747647679282
counter/2/0/0/0,14769:1747647661120:,1747647679282
counter/4/0/0/0,14885:1747647662844:,1747647679283
counter/4/0/0/0,14886:1747647662845:,1747647679283
counter/4/0/0/0,14887:1747647662846:,1747647679283
counter/4/0/0/0,14888:1747647662846:,1747647679283
counter/4/0/0/0,14889:1747647662846:,1747647679283
counter/4/0/0/0,14890:1747647662848:,1747647679283
counter/4/0/0/0,14891:1747647662848:,1747647679283
counter/8/0/0/0,14906:1747647661045:,1747647679283
counter/8/0/0/0,14907:1747647661045:,1747647679284
counter/8/0/0/0,14908:1747647661045:,1747647679284
counter/1/0/0/0,15909:1747647662718:,1747647679284
counter/1/0/0/0,15910:1747647662718:,1747647679284
counter/9/0/0/0,15461:1747647661304:,1747647679285
counter/9/0/0/0,15462:1747647661304:,1747647679285
counter/9/0/0/0,15463:1747647661304:,1747647679285
counter/9/0/0/0,15464:1747647661304:,1747647679285
counter/9/0/0/0,15465:1747647661304:,1747647679285
counter/9/0/0/0,15466:1747647661304:,1747647679285
counter/9/0/0/0,15467:1747647661304:,1747647679285
counter/9/0/0/0,15468:1747647661304:,1747647679286
counter/5/0/0/0,14829:1747647661253:,1747647679286
counter/1/0/0/0,15911:1747647662718:,1747647679286
counter/1/0/0/0,15912:1747647662719:,1747647679287
counter/6/0/0/0,14687:1747647661604:,1747647679287
counter/6/0/0/0,14688:1747647661604:,1747647679287
counter/6/0/0/0,14689:1747647661604:,1747647679288
counter/6/0/0/0,14690:1747647661604:,1747647679288
counter/5/0/0/0,14830:1747647661255:,1747647679288
counter/9/0/0/0,15469:1747647661305:,1747647679288
counter/4/0/0/0,14892:1747647662848:,1747647679288
counter/4/0/0/0,14893:1747647662848:,1747647679288
counter/1/0/0/0,15913:1747647662723:,1747647679288
counter/3/0/0/0,15719:1747647663147:,1747647679289
counter/3/0/0/0,15720:1747647663147:,1747647679289
counter/2/0/0/0,14770:1747647661120:,1747647679289
counter/10/0/0/0,13966:1747647661074:,1747647679290
counter/2/0/0/0,14771:1747647661120:,1747647679290
counter/10/0/0/0,13967:1747647661074:,1747647679290
counter/10/0/0/0,13968:1747647661074:,1747647679290
counter/6/0/0/0,14691:1747647661604:,1747647679290
counter/9/0/0/0,15470:1747647661309:,1747647679290
counter/4/0/0/0,14894:1747647662848:,1747647679290
counter/4/0/0/0,14895:1747647662868:,1747647679290
counter/4/0/0/0,14896:1747647662868:,1747647679290
counter/1/0/0/0,15914:1747647662724:,1747647679290
counter/5/0/0/0,14831:1747647661259:,1747647679290
counter/5/0/0/0,14832:1747647661259:,1747647679291
counter/5/0/0/0,14833:1747647661259:,1747647679291
counter/3/0/0/0,15721:1747647663147:,1747647679291
counter/2/0/0/0,14772:1747647661120:,1747647679291
counter/10/0/0/0,13969:1747647661074:,1747647679291
counter/10/0/0/0,13970:1747647661074:,1747647679291
counter/10/0/0/0,13971:1747647661084:,1747647679291
counter/10/0/0/0,13972:1747647661084:,1747647679291
counter/10/0/0/0,13973:1747647661084:,1747647679291
counter/10/0/0/0,13974:1747647661084:,1747647679291
counter/8/0/0/0,14909:1747647661045:,1747647679291
counter/2/0/0/0,14773:1747647661120:,1747647679293
counter/2/0/0/0,14774:1747647661120:,1747647679293
counter/2/0/0/0,14775:1747647661120:,1747647679293
counter/2/0/0/0,14776:1747647661120:,1747647679293
counter/5/0/0/0,14834:1747647661259:,1747647679293
counter/5/0/0/0,14835:1747647661259:,1747647679294
counter/4/0/0/0,14897:1747647662868:,1747647679294
counter/4/0/0/0,14898:1747647662868:,1747647679294
counter/4/0/0/0,14899:1747647662868:,1747647679294
counter/4/0/0/0,14900:1747647662868:,1747647679295
counter/4/0/0/0,14901:1747647662868:,1747647679295
counter/4/0/0/0,14902:1747647662868:,1747647679295
counter/6/0/0/0,14692:1747647661604:,1747647679296
counter/6/0/0/0,14693:1747647661604:,1747647679296
counter/6/0/0/0,14694:1747647661604:,1747647679296
counter/6/0/0/0,14695:1747647661604:,1747647679296
counter/4/0/0/0,14903:1747647662868:,1747647679296
counter/6/0/0/0,14696:1747647661604:,1747647679296
counter/5/0/0/0,14836:1747647661259:,1747647679299
counter/5/0/0/0,14837:1747647661259:,1747647679299
counter/5/0/0/0,14838:1747647661259:,1747647679299
counter/5/0/0/0,14839:1747647661259:,1747647679299
counter/5/0/0/0,14840:1747647661259:,1747647679299
counter/5/0/0/0,14841:1747647661259:,1747647679299
counter/5/0/0/0,14842:1747647661259:,1747647679299
counter/5/0/0/0,14843:1747647661259:,1747647679299
counter/5/0/0/0,14844:1747647661259:,1747647679299
counter/5/0/0/0,14845:1747647661264:,1747647679299
counter/1/0/0/0,15915:1747647662724:,1747647679299
counter/8/0/0/0,14910:1747647661046:,1747647679300
counter/4/0/0/0,14904:1747647662868:,1747647679300
counter/8/0/0/0,14911:1747647661046:,1747647679300
counter/8/0/0/0,14912:1747647661046:,1747647679300
counter/8/0/0/0,14913:1747647661046:,1747647679300
counter/8/0/0/0,14914:1747647661046:,1747647679300
counter/8/0/0/0,14915:1747647661046:,1747647679300
counter/8/0/0/0,14916:1747647661046:,1747647679300
counter/3/0/0/0,15722:1747647663156:,1747647679300
counter/1/0/0/0,15916:1747647662731:,1747647679300
counter/1/0/0/0,15917:1747647662731:,1747647679300
counter/1/0/0/0,15918:1747647662731:,1747647679300
counter/6/0/0/0,14697:1747647661607:,1747647679300
counter/6/0/0/0,14698:1747647661607:,1747647679300
counter/6/0/0/0,14699:1747647661607:,1747647679302
counter/6/0/0/0,14700:1747647661608:,1747647679302
counter/6/0/0/0,14701:1747647661608:,1747647679302
counter/5/0/0/0,14846:1747647661264:,1747647679302
counter/5/0/0/0,14847:1747647661264:,1747647679302
counter/5/0/0/0,14848:1747647661264:,1747647679302
counter/5/0/0/0,14849:1747647661264:,1747647679302
counter/5/0/0/0,14850:1747647661265:,1747647679302
counter/5/0/0/0,14851:1747647661265:,1747647679302
counter/5/0/0/0,14852:1747647661265:,1747647679302
counter/5/0/0/0,14853:1747647661265:,1747647679302
counter/5/0/0/0,14854:1747647661265:,1747647679302
counter/3/0/0/0,15723:1747647663156:,1747647679304
counter/5/0/0/0,14855:1747647661273:,1747647679304
counter/5/0/0/0,14856:1747647661273:,1747647679305
counter/1/0/0/0,15919:1747647662737:,1747647679305
counter/6/0/0/0,14702:1747647661608:,1747647679307
counter/10/0/0/0,13975:1747647661084:,1747647679307
counter/8/0/0/0,14917:1747647661046:,1747647679307
counter/3/0/0/0,15724:1747647663156:,1747647679307
counter/4/0/0/0,14905:1747647662873:,1747647679307
counter/4/0/0/0,14906:1747647662873:,1747647679307
counter/4/0/0/0,14907:1747647662873:,1747647679308
counter/4/0/0/0,14908:1747647662873:,1747647679308
counter/4/0/0/0,14909:1747647662873:,1747647679308
counter/4/0/0/0,14910:1747647662873:,1747647679308
counter/1/0/0/0,15920:1747647662737:,1747647679308
counter/8/0/0/0,14918:1747647661046:,1747647679308
counter/8/0/0/0,14919:1747647661046:,1747647679308
counter/8/0/0/0,14920:1747647661052:,1747647679308
counter/3/0/0/0,15725:1747647663156:,1747647679310
counter/3/0/0/0,15726:1747647663156:,1747647679310
counter/3/0/0/0,15727:1747647663157:,1747647679311
counter/3/0/0/0,15728:1747647663157:,1747647679311
counter/3/0/0/0,15729:1747647663157:,1747647679311
counter/3/0/0/0,15730:1747647663157:,1747647679311
counter/3/0/0/0,15731:1747647663157:,1747647679311
counter/3/0/0/0,15732:1747647663157:,1747647679311
counter/3/0/0/0,15733:1747647663157:,1747647679311
counter/7/0/0/0,14601:1747647661301:,1747647679312
counter/7/0/0/0,14602:1747647661301:,1747647679312
counter/7/0/0/0,14603:1747647661301:,1747647679312
counter/7/0/0/0,14604:1747647661301:,1747647679312
counter/7/0/0/0,14605:1747647661301:,1747647679313
counter/1/0/0/0,15921:1747647662737:,1747647679313
counter/1/0/0/0,15922:1747647662737:,1747647679313
counter/1/0/0/0,15923:1747647662737:,1747647679313
counter/1/0/0/0,15924:1747647662737:,1747647679313
counter/2/0/0/0,14777:1747647661120:,1747647679313
counter/1/0/0/0,15925:1747647662737:,1747647679314
counter/1/0/0/0,15926:1747647662737:,1747647679315
counter/8/0/0/0,14921:1747647661052:,1747647679315
counter/1/0/0/0,15927:1747647662737:,1747647679315
counter/6/0/0/0,14703:1747647661608:,1747647679315
counter/1/0/0/0,15928:1747647662737:,1747647679315
counter/6/0/0/0,14704:1747647661608:,1747647679315
counter/1/0/0/0,15929:1747647662737:,1747647679315
counter/2/0/0/0,14778:1747647661120:,1747647679315
counter/2/0/0/0,14779:1747647661120:,1747647679315
counter/2/0/0/0,14780:1747647661120:,1747647679315
counter/2/0/0/0,14781:1747647661120:,1747647679315
counter/2/0/0/0,14782:1747647661122:,1747647679315
counter/2/0/0/0,14783:1747647661122:,1747647679315
counter/2/0/0/0,14784:1747647661123:,1747647679315
counter/2/0/0/0,14785:1747647661123:,1747647679315
counter/1/0/0/0,15930:1747647662737:,1747647679316
counter/4/0/0/0,14911:1747647662875:,1747647679317
counter/4/0/0/0,14912:1747647662875:,1747647679317
counter/2/0/0/0,14786:1747647661126:,1747647679317
counter/2/0/0/0,14787:1747647661126:,1747647679317
counter/2/0/0/0,14788:1747647661126:,1747647679317
counter/2/0/0/0,14789:1747647661126:,1747647679317
counter/2/0/0/0,14790:1747647661150:,1747647679317
counter/2/0/0/0,14791:1747647661150:,1747647679317
counter/2/0/0/0,14792:1747647661150:,1747647679317
counter/2/0/0/0,14793:1747647661150:,1747647679317
counter/2/0/0/0,14794:1747647661150:,1747647679317
counter/2/0/0/0,14795:1747647661151:,1747647679317
counter/2/0/0/0,14796:1747647661151:,1747647679317
counter/2/0/0/0,14797:1747647661151:,1747647679317
counter/3/0/0/0,15734:1747647663157:,1747647679317
counter/1/0/0/0,15931:1747647662744:,1747647679318
counter/5/0/0/0,14857:1747647661273:,1747647679319
counter/9/0/0/0,15471:1747647661309:,1747647679319
counter/9/0/0/0,15472:1747647661309:,1747647679319
counter/7/0/0/0,14606:1747647661301:,1747647679319
counter/9/0/0/0,15473:1747647661309:,1747647679319
counter/6/0/0/0,14705:1747647661615:,1747647679320
counter/6/0/0/0,14706:1747647661615:,1747647679320
counter/6/0/0/0,14707:1747647661615:,1747647679321
counter/6/0/0/0,14708:1747647661615:,1747647679321
counter/6/0/0/0,14709:1747647661615:,1747647679321
counter/6/0/0/0,14710:1747647661615:,1747647679321
counter/6/0/0/0,14711:1747647661616:,1747647679321
counter/6/0/0/0,14712:1747647661616:,1747647679321
counter/3/0/0/0,15735:1747647663157:,1747647679321
counter/6/0/0/0,14713:1747647661616:,1747647679321
counter/10/0/0/0,13976:1747647661084:,1747647679321
counter/7/0/0/0,14607:1747647661301:,1747647679321
counter/2/0/0/0,14798:1747647661151:,1747647679322
counter/2/0/0/0,14799:1747647661151:,1747647679322
counter/9/0/0/0,15474:1747647661309:,1747647679322
counter/2/0/0/0,14800:1747647661151:,1747647679322
counter/6/0/0/0,14714:1747647661616:,1747647679323
counter/2/0/0/0,14801:1747647661151:,1747647679323
counter/2/0/0/0,14802:1747647661151:,1747647679323
counter/3/0/0/0,15736:1747647663159:,1747647679324
counter/8/0/0/0,14922:1747647661052:,1747647679324
counter/2/0/0/0,14803:1747647661151:,1747647679324
counter/2/0/0/0,14804:1747647661155:,1747647679324
counter/2/0/0/0,14805:1747647661156:,1747647679324
counter/2/0/0/0,14806:1747647661156:,1747647679324
counter/2/0/0/0,14807:1747647661156:,1747647679324
counter/2/0/0/0,14808:1747647661156:,1747647679324
counter/2/0/0/0,14809:1747647661156:,1747647679325
counter/2/0/0/0,14810:1747647661156:,1747647679325
counter/2/0/0/0,14811:1747647661156:,1747647679325
counter/2/0/0/0,14812:1747647661156:,1747647679325
counter/2/0/0/0,14813:1747647661156:,1747647679325
counter/2/0/0/0,14814:1747647661156:,1747647679325
counter/2/0/0/0,14815:1747647661156:,1747647679325
counter/2/0/0/0,14816:1747647661156:,1747647679325
counter/1/0/0/0,15932:1747647662744:,1747647679325
counter/7/0/0/0,14608:1747647661303:,1747647679325
counter/2/0/0/0,14817:1747647661156:,1747647679325
counter/2/0/0/0,14818:1747647661158:,1747647679325
counter/2/0/0/0,14819:1747647661159:,1747647679326
counter/2/0/0/0,14820:1747647661161:,1747647679326
counter/2/0/0/0,14821:1747647661161:,1747647679326
counter/2/0/0/0,14822:1747647661161:,1747647679326
counter/2/0/0/0,14823:1747647661161:,1747647679326
counter/2/0/0/0,14824:1747647661161:,1747647679326
counter/2/0/0/0,14825:1747647661161:,1747647679326
counter/2/0/0/0,14826:1747647661161:,1747647679326
counter/10/0/0/0,13977:1747647661084:,1747647679326
counter/2/0/0/0,14827:1747647661161:,1747647679327
counter/2/0/0/0,14828:1747647661161:,1747647679327
counter/3/0/0/0,15737:1747647663159:,1747647679327
counter/2/0/0/0,14829:1747647661161:,1747647679327
counter/2/0/0/0,14830:1747647661161:,1747647679327
counter/2/0/0/0,14831:1747647661161:,1747647679327
counter/2/0/0/0,14832:1747647661161:,1747647679327
counter/2/0/0/0,14833:1747647661161:,1747647679327
counter/2/0/0/0,14834:1747647661161:,1747647679327
counter/7/0/0/0,14609:1747647661313:,1747647679327
counter/8/0/0/0,14923:1747647661052:,1747647679330
counter/3/0/0/0,15738:1747647663159:,1747647679330
counter/10/0/0/0,13978:1747647661084:,1747647679331
counter/10/0/0/0,13979:1747647661084:,1747647679331
counter/10/0/0/0,13980:1747647661084:,1747647679331
counter/10/0/0/0,13981:1747647661084:,1747647679331
counter/10/0/0/0,13982:1747647661084:,1747647679331
counter/10/0/0/0,13983:1747647661085:,1747647679331
counter/7/0/0/0,14610:1747647661313:,1747647679333
counter/1/0/0/0,15933:1747647662744:,1747647679333
counter/10/0/0/0,13984:1747647661085:,1747647679333
counter/9/0/0/0,15475:1747647661309:,1747647679334
counter/9/0/0/0,15476:1747647661309:,1747647679334
counter/9/0/0/0,15477:1747647661309:,1747647679334
counter/9/0/0/0,15478:1747647661309:,1747647679334
counter/9/0/0/0,15479:1747647661309:,1747647679334
counter/9/0/0/0,15480:1747647661310:,1747647679334
counter/9/0/0/0,15481:1747647661310:,1747647679334
counter/7/0/0/0,14611:1747647661313:,1747647679335
counter/5/0/0/0,14858:1747647661273:,1747647679335
counter/3/0/0/0,15739:1747647663159:,1747647679335
counter/3/0/0/0,15740:1747647663159:,1747647679335
counter/3/0/0/0,15741:1747647663160:,1747647679335
counter/3/0/0/0,15742:1747647663160:,1747647679335
counter/6/0/0/0,14715:1747647661616:,1747647679335
counter/8/0/0/0,14924:1747647661052:,1747647679335
counter/8/0/0/0,14925:1747647661052:,1747647679335
counter/4/0/0/0,14913:1747647662875:,1747647679336
counter/1/0/0/0,15934:1747647662744:,1747647679336
counter/7/0/0/0,14612:1747647661313:,1747647679339
counter/1/0/0/0,15935:1747647662744:,1747647679340
counter/1/0/0/0,15936:1747647662744:,1747647679340
counter/1/0/0/0,15937:1747647662744:,1747647679340
counter/1/0/0/0,15938:1747647662744:,1747647679340
counter/1/0/0/0,15939:1747647662744:,1747647679340
counter/1/0/0/0,15940:1747647662744:,1747647679340
counter/1/0/0/0,15941:1747647662761:,1747647679340
counter/1/0/0/0,15942:1747647662765:,1747647679340
counter/1/0/0/0,15943:1747647662765:,1747647679340
counter/2/0/0/0,14835:1747647661169:,1747647679340
counter/6/0/0/0,14716:1747647661616:,1747647679341
counter/2/0/0/0,14836:1747647661169:,1747647679341
counter/2/0/0/0,14837:1747647661169:,1747647679341
counter/2/0/0/0,14838:1747647661169:,1747647679341
counter/2/0/0/0,14839:1747647661169:,1747647679341
counter/2/0/0/0,14840:1747647661169:,1747647679342
counter/4/0/0/0,14914:1747647662875:,1747647679342
counter/3/0/0/0,15743:1747647663160:,1747647679342
counter/3/0/0/0,15744:1747647663160:,1747647679342
counter/3/0/0/0,15745:1747647663160:,1747647679342
counter/3/0/0/0,15746:1747647663160:,1747647679342
counter/3/0/0/0,15747:1747647663160:,1747647679342
counter/3/0/0/0,15748:1747647663160:,1747647679342
counter/10/0/0/0,13985:1747647661085:,1747647679342
counter/10/0/0/0,13986:1747647661085:,1747647679342
counter/6/0/0/0,14717:1747647661616:,1747647679342
counter/5/0/0/0,14859:1747647661273:,1747647679343
counter/5/0/0/0,14860:1747647661273:,1747647679343
counter/4/0/0/0,14915:1747647662875:,1747647679343
counter/4/0/0/0,14916:1747647662878:,1747647679343
counter/4/0/0/0,14917:1747647662878:,1747647679343
counter/4/0/0/0,14918:1747647662878:,1747647679343
counter/4/0/0/0,14919:1747647662878:,1747647679343
counter/1/0/0/0,15944:1747647662765:,1747647679343
counter/3/0/0/0,15749:1747647663160:,1747647679348
counter/3/0/0/0,15750:1747647663160:,1747647679348
counter/3/0/0/0,15751:1747647663160:,1747647679348
counter/3/0/0/0,15752:1747647663160:,1747647679348
counter/3/0/0/0,15753:1747647663160:,1747647679348
counter/3/0/0/0,15754:1747647663160:,1747647679348
counter/3/0/0/0,15755:1747647663160:,1747647679348
counter/7/0/0/0,14613:1747647661313:,1747647679350
counter/7/0/0/0,14614:1747647661313:,1747647679350
counter/7/0/0/0,14615:1747647661313:,1747647679350
counter/10/0/0/0,13987:1747647661085:,1747647679350
counter/7/0/0/0,14616:1747647661313:,1747647679350
counter/8/0/0/0,14926:1747647661052:,1747647679350
counter/7/0/0/0,14617:1747647661313:,1747647679350
counter/7/0/0/0,14618:1747647661313:,1747647679350
counter/3/0/0/0,15756:1747647663160:,1747647679351
counter/2/0/0/0,14841:1747647661169:,1747647679351
counter/2/0/0/0,14842:1747647661169:,1747647679351
counter/2/0/0/0,14843:1747647661169:,1747647679351
counter/2/0/0/0,14844:1747647661169:,1747647679351
counter/4/0/0/0,14920:1747647662878:,1747647679351
counter/4/0/0/0,14921:1747647662891:,1747647679351
counter/4/0/0/0,14922:1747647662891:,1747647679351
counter/10/0/0/0,13988:1747647661085:,1747647679351
counter/3/0/0/0,15757:1747647663160:,1747647679351
counter/3/0/0/0,15758:1747647663160:,1747647679351
counter/3/0/0/0,15759:1747647663160:,1747647679351
counter/3/0/0/0,15760:1747647663161:,1747647679351
counter/2/0/0/0,14845:1747647661169:,1747647679351
counter/3/0/0/0,15761:1747647663161:,1747647679352
counter/1/0/0/0,15945:1747647662765:,1747647679352
counter/6/0/0/0,14718:1747647661616:,1747647679356
counter/6/0/0/0,14719:1747647661616:,1747647679356
counter/6/0/0/0,14720:1747647661632:,1747647679356
counter/6/0/0/0,14721:1747647661632:,1747647679356
counter/3/0/0/0,15762:1747647663161:,1747647679356
counter/6/0/0/0,14722:1747647661632:,1747647679357
counter/10/0/0/0,13989:1747647661085:,1747647679357
counter/10/0/0/0,13990:1747647661085:,1747647679357
counter/2/0/0/0,14846:1747647661191:,1747647679357
counter/7/0/0/0,14619:1747647661314:,1747647679357
counter/7/0/0/0,14620:1747647661314:,1747647679357
counter/7/0/0/0,14621:1747647661326:,1747647679357
counter/7/0/0/0,14622:1747647661326:,1747647679358
counter/9/0/0/0,15482:1747647661310:,1747647679358
counter/4/0/0/0,14923:1747647662891:,1747647679358
counter/4/0/0/0,14924:1747647662891:,1747647679359
counter/4/0/0/0,14925:1747647662891:,1747647679359
counter/4/0/0/0,14926:1747647662891:,1747647679359
counter/4/0/0/0,14927:1747647662900:,1747647679359
counter/4/0/0/0,14928:1747647662905:,1747647679359
counter/4/0/0/0,14929:1747647662905:,1747647679359
counter/4/0/0/0,14930:1747647662905:,1747647679359
counter/4/0/0/0,14931:1747647662917:,1747647679359
counter/4/0/0/0,14932:1747647662917:,1747647679359
counter/9/0/0/0,15483:1747647661310:,1747647679359
counter/4/0/0/0,14933:1747647662917:,1747647679360
counter/4/0/0/0,14934:1747647662917:,1747647679361
counter/4/0/0/0,14935:1747647662917:,1747647679361
counter/4/0/0/0,14936:1747647662917:,1747647679361
counter/4/0/0/0,14937:1747647662917:,1747647679361
counter/4/0/0/0,14938:1747647662917:,1747647679361
counter/7/0/0/0,14623:1747647661326:,1747647679361
counter/4/0/0/0,14939:1747647662918:,1747647679361
counter/1/0/0/0,15946:1747647662765:,1747647679361
counter/4/0/0/0,14940:1747647662918:,1747647679361
counter/6/0/0/0,14723:1747647661632:,1747647679361
counter/4/0/0/0,14941:1747647662918:,1747647679361
counter/3/0/0/0,15763:1747647663161:,1747647679361
counter/4/0/0/0,14942:1747647662918:,1747647679361
counter/3/0/0/0,15764:1747647663161:,1747647679361
counter/4/0/0/0,14943:1747647662920:,1747647679361
counter/3/0/0/0,15765:1747647663161:,1747647679361
counter/4/0/0/0,14944:1747647662920:,1747647679361
counter/3/0/0/0,15766:1747647663161:,1747647679361
counter/3/0/0/0,15767:1747647663161:,1747647679361
counter/3/0/0/0,15768:1747647663162:,1747647679362
counter/3/0/0/0,15769:1747647663163:,1747647679362
counter/3/0/0/0,15770:1747647663163:,1747647679362
counter/3/0/0/0,15771:1747647663163:,1747647679362
counter/3/0/0/0,15772:1747647663163:,1747647679362
counter/5/0/0/0,14861:1747647661274:,1747647679362
counter/5/0/0/0,14862:1747647661274:,1747647679362
counter/5/0/0/0,14863:1747647661274:,1747647679363
counter/5/0/0/0,14864:1747647661274:,1747647679363
counter/5/0/0/0,14865:1747647661274:,1747647679363
counter/5/0/0/0,14866:1747647661275:,1747647679363
counter/7/0/0/0,14624:1747647661326:,1747647679363
counter/7/0/0/0,14625:1747647661326:,1747647679363
counter/7/0/0/0,14626:1747647661326:,1747647679363
counter/10/0/0/0,13991:1747647661085:,1747647679363
counter/10/0/0/0,13992:1747647661085:,1747647679364
counter/3/0/0/0,15773:1747647663164:,1747647679364
counter/3/0/0/0,15774:1747647663164:,1747647679364
counter/3/0/0/0,15775:1747647663174:,1747647679364
counter/3/0/0/0,15776:1747647663175:,1747647679364
counter/3/0/0/0,15777:1747647663191:,1747647679364
counter/3/0/0/0,15778:1747647663191:,1747647679364
counter/3/0/0/0,15779:1747647663191:,1747647679364
counter/3/0/0/0,15780:1747647663191:,1747647679364
counter/3/0/0/0,15781:1747647663191:,1747647679364
counter/3/0/0/0,15782:1747647663191:,1747647679365
counter/3/0/0/0,15783:1747647663191:,1747647679365
counter/3/0/0/0,15784:1747647663191:,1747647679365
counter/3/0/0/0,15785:1747647663193:,1747647679365
counter/3/0/0/0,15786:1747647663193:,1747647679365
counter/3/0/0/0,15787:1747647663193:,1747647679365
counter/3/0/0/0,15788:1747647663193:,1747647679365
counter/3/0/0/0,15789:1747647663196:,1747647679365
counter/3/0/0/0,15790:1747647663196:,1747647679365
counter/3/0/0/0,15791:1747647663196:,1747647679365
counter/3/0/0/0,15792:1747647663196:,1747647679365
counter/3/0/0/0,15793:1747647663196:,1747647679365
counter/3/0/0/0,15794:1747647663196:,1747647679366
counter/7/0/0/0,14627:1747647661326:,1747647679366
counter/4/0/0/0,14945:1747647662920:,1747647679366
counter/9/0/0/0,15484:1747647661310:,1747647679366
counter/4/0/0/0,14946:1747647662920:,1747647679366
counter/4/0/0/0,14947:1747647662920:,1747647679366
counter/4/0/0/0,14948:1747647662920:,1747647679366
counter/4/0/0/0,14949:1747647662920:,1747647679366
counter/4/0/0/0,14950:1747647662920:,1747647679367
counter/4/0/0/0,14951:1747647662920:,1747647679367
counter/4/0/0/0,14952:1747647662920:,1747647679367
counter/4/0/0/0,14953:1747647662920:,1747647679367
counter/4/0/0/0,14954:1747647662920:,1747647679367
counter/4/0/0/0,14955:1747647662920:,1747647679367
counter/4/0/0/0,14956:1747647662920:,1747647679367
counter/4/0/0/0,14957:1747647662920:,1747647679367
counter/4/0/0/0,14958:1747647662920:,1747647679367
counter/4/0/0/0,14959:1747647662920:,1747647679367
counter/4/0/0/0,14960:1747647662920:,1747647679367
counter/4/0/0/0,14961:1747647662920:,1747647679367
counter/7/0/0/0,14628:1747647661327:,1747647679368
counter/8/0/0/0,14927:1747647661052:,1747647679368
counter/1/0/0/0,15947:1747647662765:,1747647679368
counter/5/0/0/0,14867:1747647661275:,1747647679369
counter/5/0/0/0,14868:1747647661275:,1747647679369
counter/5/0/0/0,14869:1747647661275:,1747647679369
counter/10/0/0/0,13993:1747647661085:,1747647679369
counter/10/0/0/0,13994:1747647661085:,1747647679369
counter/6/0/0/0,14724:1747647661632:,1747647679369
counter/6/0/0/0,14725:1747647661632:,1747647679369
counter/6/0/0/0,14726:1747647661632:,1747647679369
counter/6/0/0/0,14727:1747647661632:,1747647679370
counter/6/0/0/0,14728:1747647661632:,1747647679370
counter/6/0/0/0,14729:1747647661642:,1747647679370
counter/6/0/0/0,14730:1747647661643:,1747647679370
counter/3/0/0/0,15795:1747647663196:,1747647679370
counter/2/0/0/0,14847:1747647661191:,1747647679370
counter/2/0/0/0,14848:1747647661191:,1747647679370
counter/8/0/0/0,14928:1747647661052:,1747647679370
counter/10/0/0/0,13995:1747647661085:,1747647679370
counter/7/0/0/0,14629:1747647661327:,1747647679371
counter/7/0/0/0,14630:1747647661327:,1747647679371
counter/5/0/0/0,14870:1747647661275:,1747647679371
counter/5/0/0/0,14871:1747647661275:,1747647679371
counter/5/0/0/0,14872:1747647661281:,1747647679371
counter/5/0/0/0,14873:1747647661282:,1747647679371
counter/8/0/0/0,14929:1747647661052:,1747647679372
counter/8/0/0/0,14930:1747647661052:,1747647679372
counter/8/0/0/0,14931:1747647661052:,1747647679372
counter/8/0/0/0,14932:1747647661053:,1747647679372
counter/8/0/0/0,14933:1747647661055:,1747647679372
counter/7/0/0/0,14631:1747647661327:,1747647679372
counter/1/0/0/0,15948:1747647662765:,1747647679372
counter/7/0/0/0,14632:1747647661327:,1747647679373
counter/7/0/0/0,14633:1747647661327:,1747647679373
counter/7/0/0/0,14634:1747647661327:,1747647679373
counter/7/0/0/0,14635:1747647661327:,1747647679373
counter/7/0/0/0,14636:1747647661327:,1747647679373
counter/10/0/0/0,13996:1747647661085:,1747647679373
counter/10/0/0/0,13997:1747647661085:,1747647679373
counter/9/0/0/0,15485:1747647661310:,1747647679373
counter/9/0/0/0,15486:1747647661312:,1747647679373
counter/9/0/0/0,15487:1747647661312:,1747647679373
counter/9/0/0/0,15488:1747647661312:,1747647679373
counter/9/0/0/0,15489:1747647661312:,1747647679373
counter/9/0/0/0,15490:1747647661313:,1747647679373
counter/9/0/0/0,15491:1747647661313:,1747647679373
counter/9/0/0/0,15492:1747647661313:,1747647679373
counter/9/0/0/0,15493:1747647661313:,1747647679374
counter/9/0/0/0,15494:1747647661313:,1747647679374
counter/9/0/0/0,15495:1747647661313:,1747647679374
counter/10/0/0/0,13998:1747647661085:,1747647679374
counter/3/0/0/0,15796:1747647663196:,1747647679374
counter/3/0/0/0,15797:1747647663196:,1747647679374
counter/3/0/0/0,15798:1747647663196:,1747647679374
counter/3/0/0/0,15799:1747647663197:,1747647679374
counter/3/0/0/0,15800:1747647663197:,1747647679374
counter/3/0/0/0,15801:1747647663197:,1747647679374
counter/3/0/0/0,15802:1747647663197:,1747647679374
counter/3/0/0/0,15803:1747647663197:,1747647679374
counter/3/0/0/0,15804:1747647663197:,1747647679374
counter/3/0/0/0,15805:1747647663197:,1747647679374
counter/3/0/0/0,15806:1747647663198:,1747647679375
counter/2/0/0/0,14849:1747647661191:,1747647679375
counter/5/0/0/0,14874:1747647661282:,1747647679377
counter/9/0/0/0,15496:1747647661313:,1747647679377
counter/1/0/0/0,15949:1747647662765:,1747647679377
counter/2/0/0/0,14850:1747647661191:,1747647679377
counter/10/0/0/0,13999:1747647661085:,1747647679377
counter/4/0/0/0,14962:1747647662920:,1747647679379
counter/3/0/0/0,15807:1747647663198:,1747647679379
counter/1/0/0/0,15950:1747647662768:,1747647679379
counter/5/0/0/0,14875:1747647661282:,1747647679380
counter/9/0/0/0,15497:1747647661313:,1747647679380
counter/9/0/0/0,15498:1747647661313:,1747647679380
counter/9/0/0/0,15499:1747647661313:,1747647679380
counter/2/0/0/0,14851:1747647661191:,1747647679380
counter/6/0/0/0,14731:1747647661643:,1747647679380
counter/7/0/0/0,14637:1747647661327:,1747647679380
counter/7/0/0/0,14638:1747647661328:,1747647679380
counter/7/0/0/0,14639:1747647661328:,1747647679380
counter/7/0/0/0,14640:1747647661328:,1747647679381
counter/1/0/0/0,15951:1747647662770:,1747647679381
counter/3/0/0/0,15808:1747647663198:,1747647679381
counter/8/0/0/0,14934:1747647661055:,1747647679381
counter/2/0/0/0,14852:1747647661191:,1747647679381
counter/2/0/0/0,14853:1747647661192:,1747647679381
counter/4/0/0/0,14963:1747647662920:,1747647679381
counter/4/0/0/0,14964:1747647662920:,1747647679381
counter/4/0/0/0,14965:1747647662921:,1747647679381
counter/1/0/0/0,15952:1747647662770:,1747647679382
counter/8/0/0/0,14935:1747647661055:,1747647679382
counter/10/0/0/0,14000:1747647661085:,1747647679382
counter/10/0/0/0,14001:1747647661086:,1747647679382
counter/5/0/0/0,14876:1747647661282:,1747647679382
counter/5/0/0/0,14877:1747647661282:,1747647679382
counter/5/0/0/0,14878:1747647661282:,1747647679382
counter/5/0/0/0,14879:1747647661282:,1747647679382
counter/9/0/0/0,15500:1747647661313:,1747647679382
counter/7/0/0/0,14641:1747647661328:,1747647679382
counter/7/0/0/0,14642:1747647661328:,1747647679383
counter/7/0/0/0,14643:1747647661328:,1747647679383
counter/3/0/0/0,15809:1747647663198:,1747647679383
counter/7/0/0/0,14644:1747647661328:,1747647679383
counter/1/0/0/0,15953:1747647662770:,1747647679383
counter/1/0/0/0,15954:1747647662771:,1747647679383
counter/1/0/0/0,15955:1747647662775:,1747647679384
counter/1/0/0/0,15956:1747647662775:,1747647679384
counter/1/0/0/0,15957:1747647662775:,1747647679384
counter/1/0/0/0,15958:1747647662775:,1747647679384
counter/1/0/0/0,15959:1747647662797:,1747647679384
counter/1/0/0/0,15960:1747647662797:,1747647679384
counter/1/0/0/0,15961:1747647662797:,1747647679384
counter/1/0/0/0,15962:1747647662797:,1747647679384
counter/1/0/0/0,15963:1747647662797:,1747647679384
counter/5/0/0/0,14880:1747647661282:,1747647679385
counter/9/0/0/0,15501:1747647661313:,1747647679385
counter/2/0/0/0,14854:1747647661192:,1747647679385
counter/2/0/0/0,14855:1747647661193:,1747647679385
counter/2/0/0/0,14856:1747647661197:,1747647679385
counter/8/0/0/0,14936:1747647661055:,1747647679385
counter/2/0/0/0,14857:1747647661203:,1747647679385
counter/2/0/0/0,14858:1747647661203:,1747647679385
counter/8/0/0/0,14937:1747647661055:,1747647679386
counter/2/0/0/0,14859:1747647661204:,1747647679386
counter/5/0/0/0,14881:1747647661286:,1747647679386
counter/2/0/0/0,14860:1747647661206:,1747647679388
counter/2/0/0/0,14861:1747647661219:,1747647679388
counter/8/0/0/0,14938:1747647661055:,1747647679388
counter/1/0/0/0,15964:1747647662797:,1747647679388
counter/8/0/0/0,14939:1747647661055:,1747647679389
counter/7/0/0/0,14645:1747647661328:,1747647679389
counter/7/0/0/0,14646:1747647661328:,1747647679389
counter/7/0/0/0,14647:1747647661328:,1747647679389
counter/7/0/0/0,14648:1747647661328:,1747647679389
counter/9/0/0/0,15502:1747647661315:,1747647679389
counter/3/0/0/0,15810:1747647663198:,1747647679389
counter/3/0/0/0,15811:1747647663198:,1747647679389
counter/3/0/0/0,15812:1747647663198:,1747647679389
counter/8/0/0/0,14940:1747647661055:,1747647679390
counter/8/0/0/0,14941:1747647661055:,1747647679390
counter/8/0/0/0,14942:1747647661055:,1747647679390
counter/8/0/0/0,14943:1747647661055:,1747647679390
counter/8/0/0/0,14944:1747647661055:,1747647679390
counter/8/0/0/0,14945:1747647661055:,1747647679390
counter/9/0/0/0,15503:1747647661315:,1747647679390
counter/8/0/0/0,14946:1747647661055:,1747647679390
counter/8/0/0/0,14947:1747647661055:,1747647679392
counter/8/0/0/0,14948:1747647661055:,1747647679392
counter/8/0/0/0,14949:1747647661055:,1747647679392
counter/8/0/0/0,14950:1747647661055:,1747647679392
counter/8/0/0/0,14951:1747647661055:,1747647679392
counter/3/0/0/0,15813:1747647663198:,1747647679392
counter/8/0/0/0,14952:1747647661055:,1747647679392
counter/8/0/0/0,14953:1747647661055:,1747647679392
counter/3/0/0/0,15814:1747647663198:,1747647679392
counter/3/0/0/0,15815:1747647663199:,1747647679392
counter/3/0/0/0,15816:1747647663199:,1747647679392
counter/3/0/0/0,15817:1747647663199:,1747647679392
counter/3/0/0/0,15818:1747647663199:,1747647679392
counter/3/0/0/0,15819:1747647663199:,1747647679393
counter/2/0/0/0,14862:1747647661219:,1747647679393
counter/2/0/0/0,14863:1747647661219:,1747647679393
counter/2/0/0/0,14864:1747647661219:,1747647679393
counter/2/0/0/0,14865:1747647661219:,1747647679393
counter/2/0/0/0,14866:1747647661219:,1747647679393
counter/1/0/0/0,15965:1747647662797:,1747647679393
counter/9/0/0/0,15504:1747647661315:,1747647679393
counter/10/0/0/0,14002:1747647661086:,1747647679393
counter/9/0/0/0,15505:1747647661315:,1747647679393
counter/8/0/0/0,14954:1747647661055:,1747647679393
counter/8/0/0/0,14955:1747647661055:,1747647679393
counter/6/0/0/0,14732:1747647661643:,1747647679393
counter/6/0/0/0,14733:1747647661643:,1747647679393
counter/4/0/0/0,14966:1747647662921:,1747647679395
counter/5/0/0/0,14882:1747647661286:,1747647679395
counter/5/0/0/0,14883:1747647661286:,1747647679395
counter/6/0/0/0,14734:1747647661643:,1747647679395
counter/2/0/0/0,14867:1747647661219:,1747647679396
counter/1/0/0/0,15966:1747647662798:,1747647679397
counter/5/0/0/0,14884:1747647661286:,1747647679398
counter/5/0/0/0,14885:1747647661286:,1747647679398
counter/5/0/0/0,14886:1747647661286:,1747647679398
counter/5/0/0/0,14887:1747647661286:,1747647679399
counter/5/0/0/0,14888:1747647661286:,1747647679399
counter/3/0/0/0,15820:1747647663199:,1747647679399
counter/5/0/0/0,14889:1747647661286:,1747647679399
counter/5/0/0/0,14890:1747647661286:,1747647679399
counter/2/0/0/0,14868:1747647661219:,1747647679399
counter/3/0/0/0,15821:1747647663199:,1747647679399
counter/3/0/0/0,15822:1747647663199:,1747647679399
counter/3/0/0/0,15823:1747647663199:,1747647679399
counter/3/0/0/0,15824:1747647663199:,1747647679400
counter/3/0/0/0,15825:1747647663199:,1747647679400
counter/3/0/0/0,15826:1747647663199:,1747647679400
counter/3/0/0/0,15827:1747647663199:,1747647679400
counter/3/0/0/0,15828:1747647663200:,1747647679400
counter/3/0/0/0,15829:1747647663200:,1747647679400
counter/7/0/0/0,14649:1747647661328:,1747647679400
counter/8/0/0/0,14956:1747647661055:,1747647679400
counter/10/0/0/0,14003:1747647661087:,1747647679401
counter/10/0/0/0,14004:1747647661087:,1747647679401
counter/10/0/0/0,14005:1747647661087:,1747647679401
counter/5/0/0/0,14891:1747647661289:,1747647679401
counter/10/0/0/0,14006:1747647661087:,1747647679401
counter/5/0/0/0,14892:1747647661290:,1747647679401
counter/10/0/0/0,14007:1747647661087:,1747647679401
counter/5/0/0/0,14893:1747647661290:,1747647679401
counter/5/0/0/0,14894:1747647661290:,1747647679401
counter/5/0/0/0,14895:1747647661290:,1747647679401
counter/5/0/0/0,14896:1747647661291:,1747647679401
counter/5/0/0/0,14897:1747647661291:,1747647679401
counter/5/0/0/0,14898:1747647661291:,1747647679402
counter/3/0/0/0,15830:1747647663200:,1747647679402
counter/3/0/0/0,15831:1747647663203:,1747647679402
counter/10/0/0/0,14008:1747647661090:,1747647679402
counter/4/0/0/0,14967:1747647662921:,1747647679402
counter/4/0/0/0,14968:1747647662921:,1747647679402
counter/4/0/0/0,14969:1747647662921:,1747647679402
counter/4/0/0/0,14970:1747647662949:,1747647679402
counter/4/0/0/0,14971:1747647662950:,1747647679402
counter/4/0/0/0,14972:1747647662950:,1747647679402
counter/4/0/0/0,14973:1747647662950:,1747647679402
counter/4/0/0/0,14974:1747647662950:,1747647679403
counter/4/0/0/0,14975:1747647662950:,1747647679403
counter/4/0/0/0,14976:1747647662950:,1747647679403
counter/4/0/0/0,14977:1747647662950:,1747647679403
counter/4/0/0/0,14978:1747647662950:,1747647679403
counter/4/0/0/0,14979:1747647662950:,1747647679403
counter/4/0/0/0,14980:1747647662950:,1747647679403
counter/4/0/0/0,14981:1747647662950:,1747647679403
counter/4/0/0/0,14982:1747647662963:,1747647679403
counter/3/0/0/0,15832:1747647663203:,1747647679403
counter/2/0/0/0,14869:1747647661221:,1747647679403
counter/9/0/0/0,15506:1747647661315:,1747647679403
counter/7/0/0/0,14650:1747647661328:,1747647679404
counter/7/0/0/0,14651:1747647661329:,1747647679404
counter/7/0/0/0,14652:1747647661329:,1747647679404
counter/7/0/0/0,14653:1747647661329:,1747647679404
counter/7/0/0/0,14654:1747647661329:,1747647679404
counter/7/0/0/0,14655:1747647661329:,1747647679404
counter/7/0/0/0,14656:1747647661329:,1747647679404
counter/1/0/0/0,15967:1747647662798:,1747647679404
counter/6/0/0/0,14735:1747647661643:,1747647679405
counter/6/0/0/0,14736:1747647661643:,1747647679405
counter/1/0/0/0,15968:1747647662798:,1747647679405
counter/1/0/0/0,15969:1747647662798:,1747647679405
counter/1/0/0/0,15970:1747647662798:,1747647679405
counter/1/0/0/0,15971:1747647662810:,1747647679405
counter/1/0/0/0,15972:1747647662810:,1747647679406
counter/8/0/0/0,14957:1747647661055:,1747647679406
counter/5/0/0/0,14899:1747647661291:,1747647679406
counter/10/0/0/0,14009:1747647661090:,1747647679406
counter/10/0/0/0,14010:1747647661090:,1747647679406
counter/1/0/0/0,15973:1747647662814:,1747647679407
counter/4/0/0/0,14983:1747647662963:,1747647679407
counter/10/0/0/0,14011:1747647661091:,1747647679407
counter/10/0/0/0,14012:1747647661091:,1747647679407
counter/10/0/0/0,14013:1747647661091:,1747647679407
counter/10/0/0/0,14014:1747647661095:,1747647679407
counter/3/0/0/0,15833:1747647663203:,1747647679408
counter/3/0/0/0,15834:1747647663203:,1747647679408
counter/4/0/0/0,14984:1747647662963:,1747647679408
counter/4/0/0/0,14985:1747647662963:,1747647679408
counter/4/0/0/0,14986:1747647662963:,1747647679408
counter/4/0/0/0,14987:1747647662963:,1747647679408
counter/4/0/0/0,14988:1747647662963:,1747647679408
counter/4/0/0/0,14989:1747647662963:,1747647679408
counter/4/0/0/0,14990:1747647662963:,1747647679408
counter/4/0/0/0,14991:1747647662963:,1747647679408
counter/4/0/0/0,14992:1747647662965:,1747647679408
counter/5/0/0/0,14900:1747647661291:,1747647679408
counter/5/0/0/0,14901:1747647661291:,1747647679408
counter/5/0/0/0,14902:1747647661291:,1747647679408
counter/5/0/0/0,14903:1747647661291:,1747647679408
counter/5/0/0/0,14904:1747647661291:,1747647679408
counter/5/0/0/0,14905:1747647661291:,1747647679408
counter/5/0/0/0,14906:1747647661291:,1747647679408
counter/5/0/0/0,14907:1747647661291:,1747647679409
counter/5/0/0/0,14908:1747647661291:,1747647679409
counter/5/0/0/0,14909:1747647661291:,1747647679409
counter/5/0/0/0,14910:1747647661292:,1747647679409
counter/5/0/0/0,14911:1747647661292:,1747647679409
counter/5/0/0/0,14912:1747647661292:,1747647679409
counter/5/0/0/0,14913:1747647661292:,1747647679409
counter/5/0/0/0,14914:1747647661292:,1747647679409
counter/5/0/0/0,14915:1747647661292:,1747647679409
counter/5/0/0/0,14916:1747647661292:,1747647679409
counter/5/0/0/0,14917:1747647661292:,1747647679409
counter/5/0/0/0,14918:1747647661297:,1747647679409
counter/7/0/0/0,14657:1747647661329:,1747647679409
counter/6/0/0/0,14737:1747647661643:,1747647679409
counter/9/0/0/0,15507:1747647661315:,1747647679410
counter/6/0/0/0,14738:1747647661643:,1747647679410
counter/9/0/0/0,15508:1747647661315:,1747647679410
counter/9/0/0/0,15509:1747647661315:,1747647679410
counter/9/0/0/0,15510:1747647661315:,1747647679410
counter/1/0/0/0,15974:1747647662814:,1747647679410
counter/2/0/0/0,14870:1747647661221:,1747647679411
counter/3/0/0/0,15835:1747647663203:,1747647679412
counter/2/0/0/0,14871:1747647661221:,1747647679412
counter/4/0/0/0,14993:1747647662965:,1747647679412
counter/4/0/0/0,14994:1747647662965:,1747647679412
counter/4/0/0/0,14995:1747647662965:,1747647679413
counter/4/0/0/0,14996:1747647662965:,1747647679413
counter/4/0/0/0,14997:1747647662965:,1747647679413
counter/4/0/0/0,14998:1747647662968:,1747647679413
counter/4/0/0/0,14999:1747647662968:,1747647679413
counter/4/0/0/0,15000:1747647662968:,1747647679413
counter/6/0/0/0,14739:1747647661643:,1747647679413
counter/9/0/0/0,15511:1747647661315:,1747647679413
counter/7/0/0/0,14658:1747647661329:,1747647679413
counter/7/0/0/0,14659:1747647661329:,1747647679413
counter/7/0/0/0,14660:1747647661329:,1747647679413
counter/3/0/0/0,15836:1747647663203:,1747647679413
counter/3/0/0/0,15837:1747647663204:,1747647679413
counter/3/0/0/0,15838:1747647663204:,1747647679413
counter/3/0/0/0,15839:1747647663204:,1747647679413
counter/2/0/0/0,14872:1747647661221:,1747647679413
counter/2/0/0/0,14873:1747647661221:,1747647679413
counter/2/0/0/0,14874:1747647661221:,1747647679413
counter/2/0/0/0,14875:1747647661221:,1747647679413
counter/6/0/0/0,14740:1747647661645:,1747647679414
counter/10/0/0/0,14015:1747647661095:,1747647679414
counter/10/0/0/0,14016:1747647661095:,1747647679414
counter/10/0/0/0,14017:1747647661095:,1747647679414
counter/10/0/0/0,14018:1747647661095:,1747647679414
counter/1/0/0/0,15975:1747647662814:,1747647679414
counter/1/0/0/0,15976:1747647662817:,1747647679414
counter/1/0/0/0,15977:1747647662817:,1747647679414
counter/1/0/0/0,15978:1747647662821:,1747647679414
counter/8/0/0/0,14958:1747647661055:,1747647679416
counter/5/0/0/0,14919:1747647661297:,1747647679416
counter/8/0/0/0,14959:1747647661055:,1747647679416
counter/2/0/0/0,14876:1747647661221:,1747647679417
counter/6/0/0/0,14741:1747647661645:,1747647679417
counter/9/0/0/0,15512:1747647661315:,1747647679417
counter/3/0/0/0,15840:1747647663204:,1747647679417
counter/9/0/0/0,15513:1747647661315:,1747647679417
counter/3/0/0/0,15841:1747647663204:,1747647679417
counter/1/0/0/0,15979:1747647662821:,1747647679418
counter/1/0/0/0,15980:1747647662821:,1747647679418
counter/1/0/0/0,15981:1747647662825:,1747647679418
counter/3/0/0/0,15842:1747647663204:,1747647679419
counter/3/0/0/0,15843:1747647663204:,1747647679419
counter/8/0/0/0,14960:1747647661056:,1747647679419
counter/1/0/0/0,15982:1747647662825:,1747647679419
counter/1/0/0/0,15983:1747647662825:,1747647679419
counter/2/0/0/0,14877:1747647661221:,1747647679420
counter/4/0/0/0,15001:1747647662968:,1747647679420
counter/4/0/0/0,15002:1747647662970:,1747647679420
counter/4/0/0/0,15003:1747647662979:,1747647679420
counter/4/0/0/0,15004:1747647662982:,1747647679420
counter/4/0/0/0,15005:1747647663007:,1747647679420
counter/5/0/0/0,14920:1747647661297:,1747647679420
counter/5/0/0/0,14921:1747647661297:,1747647679420
counter/5/0/0/0,14922:1747647661298:,1747647679420
counter/5/0/0/0,14923:1747647661298:,1747647679420
counter/5/0/0/0,14924:1747647661298:,1747647679421
counter/5/0/0/0,14925:1747647661298:,1747647679421
counter/5/0/0/0,14926:1747647661300:,1747647679421
counter/5/0/0/0,14927:1747647661300:,1747647679421
counter/5/0/0/0,14928:1747647661300:,1747647679421
counter/5/0/0/0,14929:1747647661300:,1747647679421
counter/5/0/0/0,14930:1747647661300:,1747647679421
counter/2/0/0/0,14878:1747647661221:,1747647679421
counter/8/0/0/0,14961:1747647661056:,1747647679422
counter/8/0/0/0,14962:1747647661056:,1747647679422
counter/8/0/0/0,14963:1747647661056:,1747647679422
counter/8/0/0/0,14964:1747647661056:,1747647679422
counter/8/0/0/0,14965:1747647661056:,1747647679422
counter/8/0/0/0,14966:1747647661056:,1747647679422
counter/8/0/0/0,14967:1747647661056:,1747647679422
counter/8/0/0/0,14968:1747647661056:,1747647679422
counter/8/0/0/0,14969:1747647661056:,1747647679423
counter/9/0/0/0,15514:1747647661315:,1747647679423
counter/9/0/0/0,15515:1747647661316:,1747647679423
counter/9/0/0/0,15516:1747647661316:,1747647679423
counter/9/0/0/0,15517:1747647661316:,1747647679423
counter/9/0/0/0,15518:1747647661316:,1747647679423
counter/3/0/0/0,15844:1747647663204:,1747647679424
counter/1/0/0/0,15984:1747647662825:,1747647679426
counter/2/0/0/0,14879:1747647661222:,1747647679429
counter/8/0/0/0,14970:1747647661056:,1747647679429
counter/8/0/0/0,14971:1747647661056:,1747647679429
counter/8/0/0/0,14972:1747647661056:,1747647679429
counter/9/0/0/0,15519:1747647661316:,1747647679429
counter/8/0/0/0,14973:1747647661056:,1747647679429
counter/1/0/0/0,15985:1747647662825:,1747647679429
counter/1/0/0/0,15986:1747647662825:,1747647679429
counter/2/0/0/0,14880:1747647661223:,1747647679430
counter/2/0/0/0,14881:1747647661223:,1747647679430
counter/2/0/0/0,14882:1747647661223:,1747647679430
counter/2/0/0/0,14883:1747647661223:,1747647679430
counter/9/0/0/0,15520:1747647661316:,1747647679430
counter/1/0/0/0,15987:1747647662825:,1747647679430
counter/10/0/0/0,14019:1747647661095:,1747647679430
counter/10/0/0/0,14020:1747647661095:,1747647679430
counter/10/0/0/0,14021:1747647661095:,1747647679430
counter/10/0/0/0,14022:1747647661095:,1747647679430
counter/10/0/0/0,14023:1747647661097:,1747647679430
counter/10/0/0/0,14024:1747647661097:,1747647679431
counter/10/0/0/0,14025:1747647661097:,1747647679431
counter/10/0/0/0,14026:1747647661097:,1747647679431
counter/10/0/0/0,14027:1747647661097:,1747647679431
counter/2/0/0/0,14884:1747647661223:,1747647679431
counter/9/0/0/0,15521:1747647661316:,1747647679431
counter/2/0/0/0,14885:1747647661223:,1747647679432
counter/9/0/0/0,15522:1747647661316:,1747647679432
counter/2/0/0/0,14886:1747647661223:,1747647679432
counter/9/0/0/0,15523:1747647661316:,1747647679432
counter/2/0/0/0,14887:1747647661223:,1747647679432
counter/9/0/0/0,15524:1747647661316:,1747647679432
counter/2/0/0/0,14888:1747647661226:,1747647679432
counter/9/0/0/0,15525:1747647661316:,1747647679432
counter/9/0/0/0,15526:1747647661316:,1747647679432
counter/4/0/0/0,15006:1747647663007:,1747647679432
counter/9/0/0/0,15527:1747647661316:,1747647679432
counter/6/0/0/0,14742:1747647661645:,1747647679432
counter/9/0/0/0,15528:1747647661316:,1747647679433
counter/9/0/0/0,15529:1747647661316:,1747647679433
counter/7/0/0/0,14661:1747647661329:,1747647679433
counter/9/0/0/0,15530:1747647661316:,1747647679433
counter/9/0/0/0,15531:1747647661316:,1747647679433
counter/6/0/0/0,14743:1747647661645:,1747647679433
counter/6/0/0/0,14744:1747647661645:,1747647679433
counter/6/0/0/0,14745:1747647661645:,1747647679433
counter/6/0/0/0,14746:1747647661645:,1747647679433
counter/6/0/0/0,14747:1747647661645:,1747647679433
counter/6/0/0/0,14748:1747647661645:,1747647679433
counter/6/0/0/0,14749:1747647661645:,1747647679433
counter/3/0/0/0,15845:1747647663204:,1747647679433
counter/3/0/0/0,15846:1747647663204:,1747647679434
counter/3/0/0/0,15847:1747647663204:,1747647679434
counter/3/0/0/0,15848:1747647663204:,1747647679434
counter/3/0/0/0,15849:1747647663204:,1747647679434
counter/3/0/0/0,15850:1747647663204:,1747647679434
counter/7/0/0/0,14662:1747647661329:,1747647679434
counter/7/0/0/0,14663:1747647661329:,1747647679434
counter/7/0/0/0,14664:1747647661329:,1747647679434
counter/7/0/0/0,14665:1747647661329:,1747647679434
counter/7/0/0/0,14666:1747647661329:,1747647679434
counter/7/0/0/0,14667:1747647661329:,1747647679434
counter/7/0/0/0,14668:1747647661330:,1747647679434
counter/7/0/0/0,14669:1747647661330:,1747647679434
counter/4/0/0/0,15007:1747647663007:,1747647679434
counter/2/0/0/0,14889:1747647661226:,1747647679435
counter/2/0/0/0,14890:1747647661226:,1747647679435
counter/2/0/0/0,14891:1747647661226:,1747647679435
counter/2/0/0/0,14892:1747647661268:,1747647679435
counter/2/0/0/0,14893:1747647661268:,1747647679436
counter/2/0/0/0,14894:1747647661268:,1747647679436
counter/2/0/0/0,14895:1747647661268:,1747647679436
counter/4/0/0/0,15008:1747647663007:,1747647679436
counter/2/0/0/0,14896:1747647661268:,1747647679436
counter/1/0/0/0,15988:1747647662825:,1747647679436
counter/1/0/0/0,15989:1747647662826:,1747647679436
counter/1/0/0/0,15990:1747647662826:,1747647679437
counter/1/0/0/0,15991:1747647662826:,1747647679437
counter/8/0/0/0,14974:1747647661056:,1747647679437
counter/1/0/0/0,15992:1747647662826:,1747647679437
counter/1/0/0/0,15993:1747647662826:,1747647679437
counter/1/0/0/0,15994:1747647662826:,1747647679437
counter/1/0/0/0,15995:1747647662826:,1747647679437
counter/1/0/0/0,15996:1747647662826:,1747647679437
counter/1/0/0/0,15997:1747647662826:,1747647679438
counter/7/0/0/0,14670:1747647661330:,1747647679438
counter/5/0/0/0,14931:1747647661300:,1747647679438
counter/5/0/0/0,14932:1747647661301:,1747647679438
counter/5/0/0/0,14933:1747647661301:,1747647679438
counter/5/0/0/0,14934:1747647661308:,1747647679438
counter/5/0/0/0,14935:1747647661308:,1747647679438
counter/5/0/0/0,14936:1747647661308:,1747647679438
counter/5/0/0/0,14937:1747647661308:,1747647679438
counter/5/0/0/0,14938:1747647661308:,1747647679439
counter/8/0/0/0,14975:1747647661056:,1747647679439
counter/6/0/0/0,14750:1747647661646:,1747647679439
counter/4/0/0/0,15009:1747647663007:,1747647679439
counter/4/0/0/0,15010:1747647663007:,1747647679439
counter/4/0/0/0,15011:1747647663007:,1747647679439
counter/4/0/0/0,15012:1747647663007:,1747647679439
counter/4/0/0/0,15013:1747647663008:,1747647679439
counter/7/0/0/0,14671:1747647661330:,1747647679439
counter/7/0/0/0,14672:1747647661330:,1747647679440
counter/7/0/0/0,14673:1747647661330:,1747647679440
counter/7/0/0/0,14674:1747647661331:,1747647679440
counter/7/0/0/0,14675:1747647661331:,1747647679440
counter/7/0/0/0,14676:1747647661331:,1747647679440
counter/6/0/0/0,14751:1747647661646:,1747647679440
counter/2/0/0/0,14897:1747647661268:,1747647679441
counter/4/0/0/0,15014:1747647663008:,1747647679442
counter/10/0/0/0,14028:1747647661097:,1747647679442
counter/4/0/0/0,15015:1747647663008:,1747647679443
counter/4/0/0/0,15016:1747647663008:,1747647679443
counter/4/0/0/0,15017:1747647663008:,1747647679443
counter/4/0/0/0,15018:1747647663008:,1747647679443
counter/4/0/0/0,15019:1747647663017:,1747647679443
counter/4/0/0/0,15020:1747647663018:,1747647679443
counter/4/0/0/0,15021:1747647663018:,1747647679443
counter/4/0/0/0,15022:1747647663018:,1747647679443
counter/4/0/0/0,15023:1747647663018:,1747647679443
counter/2/0/0/0,14898:1747647661268:,1747647679444
counter/3/0/0/0,15851:1747647663213:,1747647679444
counter/6/0/0/0,14752:1747647661646:,1747647679446
counter/1/0/0/0,15998:1747647662826:,1747647679446
counter/5/0/0/0,14939:1747647661308:,1747647679447
counter/5/0/0/0,14940:1747647661308:,1747647679447
counter/5/0/0/0,14941:1747647661308:,1747647679448
counter/5/0/0/0,14942:1747647661308:,1747647679448
counter/5/0/0/0,14943:1747647661310:,1747647679448
counter/5/0/0/0,14944:1747647661310:,1747647679448
counter/5/0/0/0,14945:1747647661310:,1747647679448
counter/5/0/0/0,14946:1747647661310:,1747647679448
counter/5/0/0/0,14947:1747647661310:,1747647679448
counter/2/0/0/0,14899:1747647661268:,1747647679448
counter/8/0/0/0,14976:1747647661056:,1747647679449
counter/8/0/0/0,14977:1747647661056:,1747647679449
counter/8/0/0/0,14978:1747647661056:,1747647679449
counter/8/0/0/0,14979:1747647661056:,1747647679449
counter/3/0/0/0,15852:1747647663213:,1747647679449
counter/8/0/0/0,14980:1747647661056:,1747647679449
counter/8/0/0/0,14981:1747647661056:,1747647679449
counter/8/0/0/0,14982:1747647661056:,1747647679449
counter/8/0/0/0,14983:1747647661056:,1747647679449
counter/1/0/0/0,15999:1747647662826:,1747647679449
counter/1/0/0/0,16000:1747647662831:,1747647679449
counter/1/0/0/0,16001:1747647662831:,1747647679449
counter/1/0/0/0,16002:1747647662831:,1747647679449
counter/1/0/0/0,16003:1747647662831:,1747647679449
counter/1/0/0/0,16004:1747647662831:,1747647679449
counter/1/0/0/0,16005:1747647662831:,1747647679449
counter/9/0/0/0,15532:1747647661316:,1747647679450
counter/9/0/0/0,15533:1747647661316:,1747647679450
counter/9/0/0/0,15534:1747647661316:,1747647679450
counter/9/0/0/0,15535:1747647661316:,1747647679450
counter/9/0/0/0,15536:1747647661317:,1747647679451
counter/10/0/0/0,14029:1747647661097:,1747647679451
counter/1/0/0/0,16006:1747647662831:,1747647679451
counter/9/0/0/0,15537:1747647661317:,1747647679452
counter/9/0/0/0,15538:1747647661317:,1747647679452
counter/9/0/0/0,15539:1747647661317:,1747647679452
counter/6/0/0/0,14753:1747647661646:,1747647679453
counter/4/0/0/0,15024:1747647663018:,1747647679453
counter/6/0/0/0,14754:1747647661646:,1747647679453
counter/6/0/0/0,14755:1747647661646:,1747647679453
counter/6/0/0/0,14756:1747647661646:,1747647679453
counter/6/0/0/0,14757:1747647661646:,1747647679453
counter/6/0/0/0,14758:1747647661646:,1747647679453
counter/6/0/0/0,14759:1747647661646:,1747647679453
counter/6/0/0/0,14760:1747647661646:,1747647679453
counter/6/0/0/0,14761:1747647661646:,1747647679453
counter/6/0/0/0,14762:1747647661646:,1747647679453
counter/6/0/0/0,14763:1747647661646:,1747647679453
counter/6/0/0/0,14764:1747647661646:,1747647679454
counter/6/0/0/0,14765:1747647661646:,1747647679455
counter/6/0/0/0,14766:1747647661646:,1747647679455
counter/6/0/0/0,14767:1747647661646:,1747647679455
counter/3/0/0/0,15853:1747647663213:,1747647679455
counter/3/0/0/0,15854:1747647663213:,1747647679456
counter/3/0/0/0,15855:1747647663213:,1747647679456
counter/3/0/0/0,15856:1747647663214:,1747647679456
counter/3/0/0/0,15857:1747647663219:,1747647679456
counter/3/0/0/0,15858:1747647663219:,1747647679456
counter/3/0/0/0,15859:1747647663219:,1747647679456
counter/3/0/0/0,15860:1747647663219:,1747647679456
counter/3/0/0/0,15861:1747647663219:,1747647679456
counter/3/0/0/0,15862:1747647663219:,1747647679456
counter/6/0/0/0,14768:1747647661646:,1747647679456
counter/3/0/0/0,15863:1747647663219:,1747647679456
counter/9/0/0/0,15540:1747647661317:,1747647679457
counter/9/0/0/0,15541:1747647661317:,1747647679457
counter/10/0/0/0,14030:1747647661097:,1747647679457
counter/2/0/0/0,14900:1747647661268:,1747647679457
counter/7/0/0/0,14677:1747647661331:,1747647679458
counter/5/0/0/0,14948:1747647661310:,1747647679459
counter/3/0/0/0,15864:1747647663219:,1747647679459
counter/3/0/0/0,15865:1747647663219:,1747647679459
counter/3/0/0/0,15866:1747647663219:,1747647679459
counter/3/0/0/0,15867:1747647663229:,1747647679459
counter/3/0/0/0,15868:1747647663229:,1747647679459
counter/9/0/0/0,15542:1747647661317:,1747647679459
counter/9/0/0/0,15543:1747647661317:,1747647679460
counter/9/0/0/0,15544:1747647661317:,1747647679460
counter/9/0/0/0,15545:1747647661317:,1747647679460
counter/9/0/0/0,15546:1747647661317:,1747647679460
counter/2/0/0/0,14901:1747647661268:,1747647679460
counter/9/0/0/0,15547:1747647661317:,1747647679460
counter/9/0/0/0,15548:1747647661317:,1747647679460
counter/3/0/0/0,15869:1747647663229:,1747647679460
counter/3/0/0/0,15870:1747647663229:,1747647679461
counter/3/0/0/0,15871:1747647663229:,1747647679461
counter/3/0/0/0,15872:1747647663229:,1747647679461
counter/3/0/0/0,15873:1747647663229:,1747647679461
counter/3/0/0/0,15874:1747647663229:,1747647679461
counter/3/0/0/0,15875:1747647663229:,1747647679461
counter/3/0/0/0,15876:1747647663229:,1747647679461
counter/3/0/0/0,15877:1747647663229:,1747647679461
counter/3/0/0/0,15878:1747647663229:,1747647679461
counter/3/0/0/0,15879:1747647663229:,1747647679461
counter/3/0/0/0,15880:1747647663229:,1747647679461
counter/3/0/0/0,15881:1747647663229:,1747647679461
counter/3/0/0/0,15882:1747647663230:,1747647679461
counter/1/0/0/0,16007:1747647662831:,1747647679461
counter/2/0/0/0,14902:1747647661268:,1747647679463
counter/4/0/0/0,15025:1747647663018:,1747647679465
counter/5/0/0/0,14949:1747647661311:,1747647679466
counter/7/0/0/0,14678:1747647661331:,1747647679466
counter/8/0/0/0,14984:1747647661056:,1747647679466
counter/2/0/0/0,14903:1747647661268:,1747647679467
counter/2/0/0/0,14904:1747647661268:,1747647679467
counter/2/0/0/0,14905:1747647661268:,1747647679467
counter/2/0/0/0,14906:1747647661281:,1747647679467
counter/6/0/0/0,14769:1747647661646:,1747647679469
counter/6/0/0/0,14770:1747647661646:,1747647679469
counter/7/0/0/0,14679:1747647661331:,1747647679469
counter/6/0/0/0,14771:1747647661646:,1747647679469
counter/8/0/0/0,14985:1747647661056:,1747647679469
counter/8/0/0/0,14986:1747647661056:,1747647679469
counter/8/0/0/0,14987:1747647661056:,1747647679469
counter/8/0/0/0,14988:1747647661056:,1747647679469
counter/8/0/0/0,14989:1747647661056:,1747647679469
counter/3/0/0/0,15883:1747647663230:,1747647679469
counter/8/0/0/0,14990:1747647661056:,1747647679470
counter/6/0/0/0,14772:1747647661646:,1747647679470
counter/2/0/0/0,14907:1747647661281:,1747647679471
counter/6/0/0/0,14773:1747647661646:,1747647679472
counter/6/0/0/0,14774:1747647661646:,1747647679472
counter/6/0/0/0,14775:1747647661646:,1747647679472
counter/2/0/0/0,14908:1747647661281:,1747647679472
counter/6/0/0/0,14776:1747647661646:,1747647679472
counter/6/0/0/0,14777:1747647661646:,1747647679472
counter/2/0/0/0,14909:1747647661281:,1747647679472
counter/6/0/0/0,14778:1747647661646:,1747647679472
counter/2/0/0/0,14910:1747647661281:,1747647679472
counter/2/0/0/0,14911:1747647661281:,1747647679472
counter/2/0/0/0,14912:1747647661281:,1747647679472
counter/2/0/0/0,14913:1747647661281:,1747647679472
counter/2/0/0/0,14914:1747647661281:,1747647679472
counter/2/0/0/0,14915:1747647661283:,1747647679472
counter/2/0/0/0,14916:1747647661299:,1747647679472
counter/6/0/0/0,14779:1747647661646:,1747647679473
counter/6/0/0/0,14780:1747647661646:,1747647679473
counter/6/0/0/0,14781:1747647661646:,1747647679473
counter/6/0/0/0,14782:1747647661646:,1747647679473
counter/6/0/0/0,14783:1747647661646:,1747647679473
counter/8/0/0/0,14991:1747647661056:,1747647679473
counter/6/0/0/0,14784:1747647661646:,1747647679473
counter/6/0/0/0,14785:1747647661646:,1747647679473
counter/6/0/0/0,14786:1747647661646:,1747647679473
counter/7/0/0/0,14680:1747647661331:,1747647679473
counter/6/0/0/0,14787:1747647661647:,1747647679473
counter/5/0/0/0,14950:1747647661311:,1747647679473
counter/2/0/0/0,14917:1747647661299:,1747647679474
counter/2/0/0/0,14918:1747647661299:,1747647679474
counter/2/0/0/0,14919:1747647661299:,1747647679474
counter/2/0/0/0,14920:1747647661299:,1747647679474
counter/2/0/0/0,14921:1747647661299:,1747647679474
counter/2/0/0/0,14922:1747647661299:,1747647679474
counter/2/0/0/0,14923:1747647661309:,1747647679474
counter/2/0/0/0,14924:1747647661309:,1747647679474
counter/2/0/0/0,14925:1747647661309:,1747647679474
counter/2/0/0/0,14926:1747647661309:,1747647679474
counter/2/0/0/0,14927:1747647661309:,1747647679475
counter/9/0/0/0,15549:1747647661317:,1747647679475
counter/10/0/0/0,14031:1747647661097:,1747647679475
counter/1/0/0/0,16008:1747647662831:,1747647679475
counter/1/0/0/0,16009:1747647662831:,1747647679475
counter/1/0/0/0,16010:1747647662831:,1747647679475
counter/1/0/0/0,16011:1747647662831:,1747647679475
counter/1/0/0/0,16012:1747647662831:,1747647679475
counter/10/0/0/0,14032:1747647661098:,1747647679476
counter/4/0/0/0,15026:1747647663018:,1747647679477
counter/7/0/0/0,14681:1747647661331:,1747647679477
counter/4/0/0/0,15027:1747647663018:,1747647679477
counter/3/0/0/0,15884:1747647663230:,1747647679477
counter/6/0/0/0,14788:1747647661647:,1747647679478
counter/2/0/0/0,14928:1747647661309:,1747647679478
counter/10/0/0/0,14033:1747647661098:,1747647679479
counter/10/0/0/0,14034:1747647661098:,1747647679479
counter/10/0/0/0,14035:1747647661098:,1747647679479
counter/10/0/0/0,14036:1747647661098:,1747647679479
counter/7/0/0/0,14682:1747647661331:,1747647679479
counter/7/0/0/0,14683:1747647661331:,1747647679479
counter/7/0/0/0,14684:1747647661331:,1747647679479
counter/7/0/0/0,14685:1747647661331:,1747647679479
counter/4/0/0/0,15028:1747647663018:,1747647679484
counter/6/0/0/0,14789:1747647661647:,1747647679485
counter/5/0/0/0,14951:1747647661311:,1747647679488
counter/5/0/0/0,14952:1747647661311:,1747647679488
counter/5/0/0/0,14953:1747647661311:,1747647679488
counter/5/0/0/0,14954:1747647661311:,1747647679488
counter/5/0/0/0,14955:1747647661311:,1747647679488
counter/5/0/0/0,14956:1747647661311:,1747647679488
counter/5/0/0/0,14957:1747647661346:,1747647679488
counter/5/0/0/0,14958:1747647661356:,1747647679488
counter/2/0/0/0,14929:1747647661309:,1747647679488
counter/2/0/0/0,14930:1747647661309:,1747647679489
counter/2/0/0/0,14931:1747647661309:,1747647679489
counter/8/0/0/0,14992:1747647661056:,1747647680417
counter/8/0/0/0,14993:1747647661057:,1747647680417
counter/8/0/0/0,14994:1747647661057:,1747647680417
counter/8/0/0/0,14995:1747647661057:,1747647680417
counter/8/0/0/0,14996:1747647661057:,1747647680417
counter/8/0/0/0,14997:1747647661057:,1747647680417
counter/8/0/0/0,14998:1747647661057:,1747647680417
counter/7/0/0/0,14686:1747647661340:,1747647680417
counter/7/0/0/0,14687:1747647661340:,1747647680418
counter/7/0/0/0,14688:1747647661340:,1747647680418
counter/7/0/0/0,14689:1747647661340:,1747647680418
counter/9/0/0/0,15550:1747647661317:,1747647680418
counter/3/0/0/0,15885:1747647663230:,1747647680418
counter/9/0/0/0,15551:1747647661317:,1747647680418
counter/9/0/0/0,15552:1747647661317:,1747647680418
counter/9/0/0/0,15553:1747647661322:,1747647680418
counter/9/0/0/0,15554:1747647661323:,1747647680418
counter/5/0/0/0,14959:1747647661356:,1747647680418
counter/1/0/0/0,16013:1747647662831:,1747647680419
counter/1/0/0/0,16014:1747647662831:,1747647680419
counter/1/0/0/0,16015:1747647662840:,1747647680419
counter/1/0/0/0,16016:1747647662840:,1747647680419
counter/1/0/0/0,16017:1747647662840:,1747647680419
counter/1/0/0/0,16018:1747647662840:,1747647680419
counter/1/0/0/0,16019:1747647662840:,1747647680419
counter/2/0/0/0,14932:1747647661319:,1747647680419
counter/6/0/0/0,14790:1747647661647:,1747647680420
counter/5/0/0/0,14960:1747647661356:,1747647680420
counter/4/0/0/0,15029:1747647663018:,1747647680420
counter/8/0/0/0,14999:1747647661057:,1747647680420
counter/1/0/0/0,16020:1747647662841:,1747647680420
counter/8/0/0/0,15000:1747647661057:,1747647680420
counter/1/0/0/0,16021:1747647662841:,1747647680420
counter/10/0/0/0,14037:1747647661098:,1747647680420
counter/3/0/0/0,15886:1747647663230:,1747647680420
counter/3/0/0/0,15887:1747647663230:,1747647680421
counter/3/0/0/0,15888:1747647663230:,1747647680421
counter/3/0/0/0,15889:1747647663230:,1747647680421
counter/3/0/0/0,15890:1747647663230:,1747647680421
counter/6/0/0/0,14791:1747647661647:,1747647680421
counter/3/0/0/0,15891:1747647663230:,1747647680421
counter/10/0/0/0,14038:1747647661098:,1747647680421
counter/3/0/0/0,15892:1747647663230:,1747647680421
counter/1/0/0/0,16022:1747647662841:,1747647680421
counter/7/0/0/0,14690:1747647661344:,1747647680421
counter/1/0/0/0,16023:1747647662841:,1747647680421
counter/7/0/0/0,14691:1747647661344:,1747647680421
counter/1/0/0/0,16024:1747647662841:,1747647680422
counter/1/0/0/0,16025:1747647662841:,1747647680422
counter/8/0/0/0,15001:1747647661057:,1747647680422
counter/5/0/0/0,14961:1747647661356:,1747647680422
counter/5/0/0/0,14962:1747647661356:,1747647680422
counter/6/0/0/0,14792:1747647661647:,1747647680422
counter/2/0/0/0,14933:1747647661332:,1747647680422
counter/6/0/0/0,14793:1747647661647:,1747647680422
counter/7/0/0/0,14692:1747647661344:,1747647680422
counter/4/0/0/0,15030:1747647663018:,1747647680422
counter/4/0/0/0,15031:1747647663018:,1747647680422
counter/3/0/0/0,15893:1747647663230:,1747647680422
counter/3/0/0/0,15894:1747647663230:,1747647680422
counter/3/0/0/0,15895:1747647663231:,1747647680422
counter/3/0/0/0,15896:1747647663231:,1747647680422
counter/3/0/0/0,15897:1747647663231:,1747647680422
counter/8/0/0/0,15002:1747647661057:,1747647680422
counter/9/0/0/0,15555:1747647661323:,1747647680423
counter/8/0/0/0,15003:1747647661057:,1747647680423
counter/6/0/0/0,14794:1747647661647:,1747647680423
counter/1/0/0/0,16026:1747647662841:,1747647680423
counter/7/0/0/0,14693:1747647661344:,1747647680423
counter/1/0/0/0,16027:1747647662843:,1747647680423
counter/1/0/0/0,16028:1747647662843:,1747647680423
counter/1/0/0/0,16029:1747647662844:,1747647680423
counter/3/0/0/0,15898:1747647663231:,1747647680423
counter/8/0/0/0,15004:1747647661057:,1747647680423
counter/2/0/0/0,14934:1747647661332:,1747647680423
counter/2/0/0/0,14935:1747647661335:,1747647680423
counter/10/0/0/0,14039:1747647661098:,1747647680423
counter/2/0/0/0,14936:1747647661335:,1747647680423
counter/7/0/0/0,14694:1747647661344:,1747647680423
counter/6/0/0/0,14795:1747647661658:,1747647680424
counter/4/0/0/0,15032:1747647663018:,1747647680424
counter/4/0/0/0,15033:1747647663019:,1747647680424
counter/6/0/0/0,14796:1747647661658:,1747647680424
counter/6/0/0/0,14797:1747647661658:,1747647680424
counter/5/0/0/0,14963:1747647661356:,1747647680424
counter/8/0/0/0,15005:1747647661057:,1747647680424
counter/2/0/0/0,14937:1747647661335:,1747647680424
counter/9/0/0/0,15556:1747647661323:,1747647680424
counter/1/0/0/0,16030:1747647662844:,1747647680424
counter/7/0/0/0,14695:1747647661345:,1747647680424
counter/1/0/0/0,16031:1747647662844:,1747647680424
counter/7/0/0/0,14696:1747647661345:,1747647680424
counter/4/0/0/0,15034:1747647663019:,1747647680424
counter/9/0/0/0,15557:1747647661323:,1747647680425
counter/5/0/0/0,14964:1747647661356:,1747647680425
counter/8/0/0/0,15006:1747647661057:,1747647680425
counter/8/0/0/0,15007:1747647661057:,1747647680425
counter/1/0/0/0,16032:1747647662844:,1747647680425
counter/7/0/0/0,14697:1747647661345:,1747647680425
counter/6/0/0/0,14798:1747647661658:,1747647680425
counter/4/0/0/0,15035:1747647663019:,1747647680425
counter/9/0/0/0,15558:1747647661323:,1747647680425
counter/2/0/0/0,14938:1747647661335:,1747647680425
counter/5/0/0/0,14965:1747647661360:,1747647680425
counter/5/0/0/0,14966:1747647661360:,1747647680426
counter/5/0/0/0,14967:1747647661360:,1747647680426
counter/8/0/0/0,15008:1747647661057:,1747647680426
counter/1/0/0/0,16033:1747647662844:,1747647680426
counter/7/0/0/0,14698:1747647661345:,1747647680426
counter/6/0/0/0,14799:1747647661658:,1747647680426
counter/4/0/0/0,15036:1747647663019:,1747647680426
counter/6/0/0/0,14800:1747647661658:,1747647680426
counter/3/0/0/0,15899:1747647663231:,1747647680426
counter/6/0/0/0,14801:1747647661658:,1747647680426
counter/3/0/0/0,15900:1747647663231:,1747647680426
counter/5/0/0/0,14968:1747647661360:,1747647680426
counter/8/0/0/0,15009:1747647661057:,1747647680426
counter/8/0/0/0,15010:1747647661057:,1747647680426
counter/8/0/0/0,15011:1747647661057:,1747647680426
counter/8/0/0/0,15012:1747647661057:,1747647680426
counter/8/0/0/0,15013:1747647661057:,1747647680426
counter/8/0/0/0,15014:1747647661057:,1747647680426
counter/8/0/0/0,15015:1747647661057:,1747647680426
counter/8/0/0/0,15016:1747647661057:,1747647680427
counter/8/0/0/0,15017:1747647661057:,1747647680427
counter/8/0/0/0,15018:1747647661057:,1747647680427
counter/2/0/0/0,14939:1747647661335:,1747647680427
counter/1/0/0/0,16034:1747647662844:,1747647680427
counter/7/0/0/0,14699:1747647661363:,1747647680427
counter/7/0/0/0,14700:1747647661363:,1747647680427
counter/4/0/0/0,15037:1747647663020:,1747647680427
counter/3/0/0/0,15901:1747647663231:,1747647680427
counter/8/0/0/0,15019:1747647661057:,1747647680427
counter/8/0/0/0,15020:1747647661057:,1747647680427
counter/8/0/0/0,15021:1747647661058:,1747647680427
counter/8/0/0/0,15022:1747647661059:,1747647680427
counter/2/0/0/0,14940:1747647661335:,1747647680427
counter/1/0/0/0,16035:1747647662844:,1747647680427
counter/9/0/0/0,15559:1747647661323:,1747647680427
counter/4/0/0/0,15038:1747647663020:,1747647680427
counter/3/0/0/0,15902:1747647663231:,1747647680427
counter/4/0/0/0,15039:1747647663020:,1747647680428
counter/5/0/0/0,14969:1747647661360:,1747647680428
counter/6/0/0/0,14802:1747647661665:,1747647680428
counter/10/0/0/0,14040:1747647661098:,1747647680428
counter/6/0/0/0,14803:1747647661668:,1747647680428
counter/10/0/0/0,14041:1747647661098:,1747647680428
counter/1/0/0/0,16036:1747647662844:,1747647680428
counter/9/0/0/0,15560:1747647661323:,1747647680428
counter/8/0/0/0,15023:1747647661059:,1747647680428
counter/9/0/0/0,15561:1747647661323:,1747647680428
counter/4/0/0/0,15040:1747647663020:,1747647680428
counter/5/0/0/0,14970:1747647661360:,1747647680428
counter/7/0/0/0,14701:1747647661363:,1747647680428
counter/2/0/0/0,14941:1747647661335:,1747647680428
counter/6/0/0/0,14804:1747647661668:,1747647680428
counter/10/0/0/0,14042:1747647661098:,1747647680428
counter/6/0/0/0,14805:1747647661668:,1747647680428
counter/8/0/0/0,15024:1747647661059:,1747647680428
counter/6/0/0/0,14806:1747647661668:,1747647680428
counter/3/0/0/0,15903:1747647663231:,1747647680428
counter/10/0/0/0,14043:1747647661098:,1747647680428
counter/9/0/0/0,15562:1747647661323:,1747647680428
counter/5/0/0/0,14971:1747647661360:,1747647680428
counter/2/0/0/0,14942:1747647661336:,1747647680428
counter/1/0/0/0,16037:1747647662844:,1747647680429
counter/8/0/0/0,15025:1747647661066:,1747647680429
counter/8/0/0/0,15026:1747647661066:,1747647680429
counter/8/0/0/0,15027:1747647661066:,1747647680429
counter/6/0/0/0,14807:1747647661668:,1747647680429
counter/10/0/0/0,14044:1747647661100:,1747647680429
counter/6/0/0/0,14808:1747647661668:,1747647680429
counter/7/0/0/0,14702:1747647661363:,1747647680429
counter/7/0/0/0,14703:1747647661363:,1747647680429
counter/5/0/0/0,14972:1747647661360:,1747647680429
counter/1/0/0/0,16038:1747647662844:,1747647680429
counter/5/0/0/0,14973:1747647661360:,1747647680429
counter/4/0/0/0,15041:1747647663020:,1747647680429
counter/3/0/0/0,15904:1747647663231:,1747647680429
counter/3/0/0/0,15905:1747647663239:,1747647680429
counter/10/0/0/0,14045:1747647661105:,1747647680429
counter/2/0/0/0,14943:1747647661336:,1747647680430
counter/7/0/0/0,14704:1747647661364:,1747647680430
counter/2/0/0/0,14944:1747647661336:,1747647680430
counter/8/0/0/0,15028:1747647661066:,1747647680430
counter/8/0/0/0,15029:1747647661066:,1747647680430
counter/8/0/0/0,15030:1747647661066:,1747647680430
counter/8/0/0/0,15031:1747647661066:,1747647680430
counter/3/0/0/0,15906:1747647663244:,1747647680430
counter/10/0/0/0,14046:1747647661105:,1747647680430
counter/9/0/0/0,15563:1747647661323:,1747647680430
counter/10/0/0/0,14047:1747647661105:,1747647680430
counter/9/0/0/0,15564:1747647661323:,1747647680430
counter/10/0/0/0,14048:1747647661105:,1747647680430
counter/5/0/0/0,14974:1747647661361:,1747647680430
counter/4/0/0/0,15042:1747647663020:,1747647680430
counter/4/0/0/0,15043:1747647663020:,1747647680431
counter/3/0/0/0,15907:1747647663244:,1747647680431
counter/6/0/0/0,14809:1747647661668:,1747647680431
counter/1/0/0/0,16039:1747647662844:,1747647680431
counter/6/0/0/0,14810:1747647661668:,1747647680431
counter/2/0/0/0,14945:1747647661336:,1747647680431
counter/7/0/0/0,14705:1747647661364:,1747647680431
counter/7/0/0/0,14706:1747647661364:,1747647680431
counter/8/0/0/0,15032:1747647661066:,1747647680431
counter/10/0/0/0,14049:1747647661105:,1747647680431
counter/4/0/0/0,15044:1747647663020:,1747647680431
counter/3/0/0/0,15908:1747647663246:,1747647680431
counter/8/0/0/0,15033:1747647661066:,1747647680431
counter/1/0/0/0,16040:1747647662844:,1747647680431
counter/6/0/0/0,14811:1747647661668:,1747647680432
counter/2/0/0/0,14946:1747647661336:,1747647680432
counter/7/0/0/0,14707:1747647661364:,1747647680432
counter/2/0/0/0,14947:1747647661336:,1747647680432
counter/4/0/0/0,15045:1747647663020:,1747647680432
counter/3/0/0/0,15909:1747647663246:,1747647680432
counter/3/0/0/0,15910:1747647663246:,1747647680432
counter/3/0/0/0,15911:1747647663246:,1747647680432
counter/3/0/0/0,15912:1747647663246:,1747647680432
counter/3/0/0/0,15913:1747647663246:,1747647680432
counter/3/0/0/0,15914:1747647663246:,1747647680432
counter/3/0/0/0,15915:1747647663246:,1747647680432
counter/3/0/0/0,15916:1747647663264:,1747647680432
counter/3/0/0/0,15917:1747647663264:,1747647680432
counter/3/0/0/0,15918:1747647663264:,1747647680432
counter/3/0/0/0,15919:1747647663269:,1747647680433
counter/3/0/0/0,15920:1747647663270:,1747647680433
counter/3/0/0/0,15921:1747647663270:,1747647680433
counter/3/0/0/0,15922:1747647663270:,1747647680433
counter/3/0/0/0,15923:1747647663270:,1747647680433
counter/3/0/0/0,15924:1747647663270:,1747647680433
counter/3/0/0/0,15925:1747647663270:,1747647680433
counter/3/0/0/0,15926:1747647663270:,1747647680433
counter/8/0/0/0,15034:1747647661066:,1747647680433
counter/10/0/0/0,14050:1747647661105:,1747647680433
counter/6/0/0/0,14812:1747647661668:,1747647680433
counter/1/0/0/0,16041:1747647662844:,1747647680433
counter/2/0/0/0,14948:1747647661336:,1747647680433
counter/2/0/0/0,14949:1747647661343:,1747647680433
counter/3/0/0/0,15927:1747647663270:,1747647680433
counter/7/0/0/0,14708:1747647661364:,1747647680433
counter/7/0/0/0,14709:1747647661364:,1747647680433
counter/7/0/0/0,14710:1747647661364:,1747647680434
counter/7/0/0/0,14711:1747647661385:,1747647680434
counter/7/0/0/0,14712:1747647661385:,1747647680434
counter/7/0/0/0,14713:1747647661385:,1747647680434
counter/7/0/0/0,14714:1747647661385:,1747647680434
counter/6/0/0/0,14813:1747647661668:,1747647680434
counter/7/0/0/0,14715:1747647661385:,1747647680434
counter/7/0/0/0,14716:1747647661385:,1747647680434
counter/5/0/0/0,14975:1747647661361:,1747647680434
counter/8/0/0/0,15035:1747647661066:,1747647680434
counter/5/0/0/0,14976:1747647661361:,1747647680434
counter/4/0/0/0,15046:1747647663020:,1747647680434
counter/10/0/0/0,14051:1747647661105:,1747647680434
counter/7/0/0/0,14717:1747647661385:,1747647680434
counter/7/0/0/0,14718:1747647661385:,1747647680434
counter/7/0/0/0,14719:1747647661385:,1747647680434
counter/7/0/0/0,14720:1747647661385:,1747647680434
counter/7/0/0/0,14721:1747647661391:,1747647680434
counter/7/0/0/0,14722:1747647661391:,1747647680434
counter/7/0/0/0,14723:1747647661391:,1747647680434
counter/7/0/0/0,14724:1747647661391:,1747647680435
counter/7/0/0/0,14725:1747647661391:,1747647680435
counter/7/0/0/0,14726:1747647661391:,1747647680435
counter/2/0/0/0,14950:1747647661343:,1747647680435
counter/6/0/0/0,14814:1747647661669:,1747647680435
counter/5/0/0/0,14977:1747647661361:,1747647680435
counter/8/0/0/0,15036:1747647661066:,1747647680435
counter/7/0/0/0,14727:1747647661391:,1747647680435
counter/8/0/0/0,15037:1747647661066:,1747647680435
counter/3/0/0/0,15928:1747647663270:,1747647680435
counter/1/0/0/0,16042:1747647662844:,1747647680435
counter/1/0/0/0,16043:1747647662844:,1747647680435
counter/2/0/0/0,14951:1747647661343:,1747647680435
counter/10/0/0/0,14052:1747647661105:,1747647680435
counter/4/0/0/0,15047:1747647663020:,1747647680435
counter/5/0/0/0,14978:1747647661361:,1747647680435
counter/7/0/0/0,14728:1747647661391:,1747647680435
counter/7/0/0/0,14729:1747647661391:,1747647680435
counter/7/0/0/0,14730:1747647661391:,1747647680435
counter/7/0/0/0,14731:1747647661391:,1747647680435
counter/7/0/0/0,14732:1747647661391:,1747647680436
counter/7/0/0/0,14733:1747647661391:,1747647680436
counter/7/0/0/0,14734:1747647661391:,1747647680436
counter/6/0/0/0,14815:1747647661674:,1747647680436
counter/4/0/0/0,15048:1747647663025:,1747647680436
counter/5/0/0/0,14979:1747647661368:,1747647680436
counter/8/0/0/0,15038:1747647661066:,1747647680436
counter/3/0/0/0,15929:1747647663270:,1747647680436
counter/8/0/0/0,15039:1747647661066:,1747647680436
counter/9/0/0/0,15565:1747647661323:,1747647680436
counter/1/0/0/0,16044:1747647662848:,1747647680436
counter/7/0/0/0,14735:1747647661391:,1747647680436
counter/1/0/0/0,16045:1747647662848:,1747647680436
counter/1/0/0/0,16046:1747647662848:,1747647680436
counter/6/0/0/0,14816:1747647661676:,1747647680436
counter/5/0/0/0,14980:1747647661400:,1747647680436
counter/2/0/0/0,14952:1747647661344:,1747647680436
counter/2/0/0/0,14953:1747647661344:,1747647680436
counter/3/0/0/0,15930:1747647663270:,1747647680436
counter/9/0/0/0,15566:1747647661323:,1747647680436
counter/9/0/0/0,15567:1747647661325:,1747647680436
counter/9/0/0/0,15568:1747647661325:,1747647680436
counter/9/0/0/0,15569:1747647661325:,1747647680436
counter/9/0/0/0,15570:1747647661325:,1747647680436
counter/1/0/0/0,16047:1747647662848:,1747647680437
counter/5/0/0/0,14981:1747647661400:,1747647680437
counter/3/0/0/0,15931:1747647663271:,1747647680437
counter/5/0/0/0,14982:1747647661400:,1747647680437
counter/2/0/0/0,14954:1747647661344:,1747647680437
counter/10/0/0/0,14053:1747647661105:,1747647680437
counter/9/0/0/0,15571:1747647661325:,1747647680437
counter/9/0/0/0,15572:1747647661325:,1747647680437
counter/9/0/0/0,15573:1747647661325:,1747647680437
counter/9/0/0/0,15574:1747647661325:,1747647680437
counter/9/0/0/0,15575:1747647661325:,1747647680437
counter/1/0/0/0,16048:1747647662848:,1747647680437
counter/8/0/0/0,15040:1747647661066:,1747647680437
counter/1/0/0/0,16049:1747647662848:,1747647680437
counter/2/0/0/0,14955:1747647661344:,1747647680437
counter/10/0/0/0,14054:1747647661105:,1747647680437
counter/2/0/0/0,14956:1747647661344:,1747647680437
counter/9/0/0/0,15576:1747647661325:,1747647680437
counter/9/0/0/0,15577:1747647661325:,1747647680437
counter/9/0/0/0,15578:1747647661325:,1747647680437
counter/9/0/0/0,15579:1747647661330:,1747647680437
counter/9/0/0/0,15580:1747647661330:,1747647680437
counter/9/0/0/0,15581:1747647661330:,1747647680438
counter/10/0/0/0,14055:1747647661105:,1747647680438
counter/3/0/0/0,15932:1747647663271:,1747647680438
counter/3/0/0/0,15933:1747647663271:,1747647680438
counter/3/0/0/0,15934:1747647663271:,1747647680438
counter/8/0/0/0,15041:1747647661066:,1747647680438
counter/1/0/0/0,16050:1747647662848:,1747647680438
counter/9/0/0/0,15582:1747647661330:,1747647680438
counter/9/0/0/0,15583:1747647661330:,1747647680438
counter/9/0/0/0,15584:1747647661330:,1747647680438
counter/9/0/0/0,15585:1747647661330:,1747647680438
counter/9/0/0/0,15586:1747647661330:,1747647680438
counter/9/0/0/0,15587:1747647661330:,1747647680438
counter/9/0/0/0,15588:1747647661330:,1747647680438
counter/9/0/0/0,15589:1747647661330:,1747647680438
counter/9/0/0/0,15590:1747647661330:,1747647680438
counter/9/0/0/0,15591:1747647661330:,1747647680438
counter/9/0/0/0,15592:1747647661330:,1747647680438
counter/9/0/0/0,15593:1747647661334:,1747647680438
counter/9/0/0/0,15594:1747647661334:,1747647680438
counter/9/0/0/0,15595:1747647661334:,1747647680438
counter/2/0/0/0,14957:1747647661344:,1747647680438
counter/8/0/0/0,15042:1747647661066:,1747647680439
counter/1/0/0/0,16051:1747647662848:,1747647680439
counter/5/0/0/0,14983:1747647661400:,1747647680439
counter/10/0/0/0,14056:1747647661105:,1747647680439
counter/5/0/0/0,14984:1747647661400:,1747647680439
counter/9/0/0/0,15596:1747647661334:,1747647680439
counter/5/0/0/0,14985:1747647661400:,1747647680439
counter/7/0/0/0,14736:1747647661392:,1747647680439
counter/5/0/0/0,14986:1747647661400:,1747647680439
counter/3/0/0/0,15935:1747647663271:,1747647680439
counter/5/0/0/0,14987:1747647661400:,1747647680439
counter/4/0/0/0,15049:1747647663025:,1747647680439
counter/10/0/0/0,14057:1747647661105:,1747647680439
counter/4/0/0/0,15050:1747647663025:,1747647680439
counter/9/0/0/0,15597:1747647661335:,1747647680439
counter/2/0/0/0,14958:1747647661352:,1747647680439
counter/7/0/0/0,14737:1747647661392:,1747647680439
counter/8/0/0/0,15043:1747647661100:,1747647680439
counter/3/0/0/0,15936:1747647663272:,1747647680439
counter/1/0/0/0,16052:1747647662848:,1747647680440
counter/5/0/0/0,14988:1747647661400:,1747647680440
counter/10/0/0/0,14058:1747647661126:,1747647680440
counter/5/0/0/0,14989:1747647661400:,1747647680440
counter/4/0/0/0,15051:1747647663025:,1747647680440
counter/9/0/0/0,15598:1747647661335:,1747647680440
counter/4/0/0/0,15052:1747647663025:,1747647680440
counter/7/0/0/0,14738:1747647661392:,1747647680440
counter/2/0/0/0,14959:1747647661352:,1747647680440
counter/3/0/0/0,15937:1747647663272:,1747647680440
counter/1/0/0/0,16053:1747647662852:,1747647680440
counter/10/0/0/0,14059:1747647661126:,1747647680440
counter/1/0/0/0,16054:1747647662852:,1747647680440
counter/5/0/0/0,14990:1747647661400:,1747647680440
counter/9/0/0/0,15599:1747647661335:,1747647680440
counter/5/0/0/0,14991:1747647661400:,1747647680440
counter/8/0/0/0,15044:1747647661100:,1747647680440
counter/7/0/0/0,14739:1747647661392:,1747647680440
counter/7/0/0/0,14740:1747647661392:,1747647680441
counter/7/0/0/0,14741:1747647661392:,1747647680441
counter/7/0/0/0,14742:1747647661392:,1747647680441
counter/7/0/0/0,14743:1747647661404:,1747647680441
counter/7/0/0/0,14744:1747647661404:,1747647680441
counter/7/0/0/0,14745:1747647661404:,1747647680441
counter/7/0/0/0,14746:1747647661404:,1747647680441
counter/7/0/0/0,14747:1747647661404:,1747647680441
counter/7/0/0/0,14748:1747647661404:,1747647680441
counter/7/0/0/0,14749:1747647661404:,1747647680441
counter/7/0/0/0,14750:1747647661404:,1747647680441
counter/7/0/0/0,14751:1747647661419:,1747647680441
counter/7/0/0/0,14752:1747647661419:,1747647680441
counter/7/0/0/0,14753:1747647661419:,1747647680441
counter/7/0/0/0,14754:1747647661419:,1747647680441
counter/7/0/0/0,14755:1747647661419:,1747647680441
counter/2/0/0/0,14960:1747647661352:,1747647680441
counter/7/0/0/0,14756:1747647661419:,1747647680441
counter/5/0/0/0,14992:1747647661403:,1747647680441
counter/10/0/0/0,14060:1747647661126:,1747647680441
counter/10/0/0/0,14061:1747647661126:,1747647680442
counter/8/0/0/0,15045:1747647661100:,1747647680442
counter/10/0/0/0,14062:1747647661127:,1747647680442
counter/1/0/0/0,16055:1747647662852:,1747647680442
counter/7/0/0/0,14757:1747647661419:,1747647680442
counter/1/0/0/0,16056:1747647662862:,1747647680442
counter/9/0/0/0,15600:1747647661335:,1747647680442
counter/1/0/0/0,16057:1747647662862:,1747647680442
counter/5/0/0/0,14993:1747647661403:,1747647680442
counter/6/0/0/0,14817:1747647661680:,1747647680442
counter/4/0/0/0,15053:1747647663025:,1747647680442
counter/6/0/0/0,14818:1747647661680:,1747647680442
counter/10/0/0/0,14063:1747647661127:,1747647680442
counter/7/0/0/0,14758:1747647661419:,1747647680442
counter/7/0/0/0,14759:1747647661419:,1747647680442
counter/7/0/0/0,14760:1747647661420:,1747647680442
counter/7/0/0/0,14761:1747647661420:,1747647680442
counter/1/0/0/0,16058:1747647662862:,1747647680442
counter/5/0/0/0,14994:1747647661404:,1747647680442
counter/8/0/0/0,15046:1747647661100:,1747647680442
counter/5/0/0/0,14995:1747647661404:,1747647680442
counter/6/0/0/0,14819:1747647661680:,1747647680443
counter/10/0/0/0,14064:1747647661136:,1747647680443
counter/2/0/0/0,14961:1747647661352:,1747647680443
counter/7/0/0/0,14762:1747647661421:,1747647680443
counter/7/0/0/0,14763:1747647661421:,1747647680443
counter/7/0/0/0,14764:1747647661421:,1747647680443
counter/7/0/0/0,14765:1747647661421:,1747647680443
counter/7/0/0/0,14766:1747647661421:,1747647680443
counter/7/0/0/0,14767:1747647661424:,1747647680443
counter/7/0/0/0,14768:1747647661424:,1747647680443
counter/7/0/0/0,14769:1747647661427:,1747647680443
counter/6/0/0/0,14820:1747647661680:,1747647680443
counter/2/0/0/0,14962:1747647661352:,1747647680443
counter/1/0/0/0,16059:1747647662862:,1747647680443
counter/1/0/0/0,16060:1747647662862:,1747647680443
counter/8/0/0/0,15047:1747647661100:,1747647680443
counter/1/0/0/0,16061:1747647662862:,1747647680443
counter/3/0/0/0,15938:1747647663272:,1747647680443
counter/4/0/0/0,15054:1747647663025:,1747647680443
counter/9/0/0/0,15601:1747647661335:,1747647680443
counter/1/0/0/0,16062:1747647662863:,1747647680444
counter/6/0/0/0,14821:1747647661680:,1747647680444
counter/2/0/0/0,14963:1747647661363:,1747647680444
counter/7/0/0/0,14770:1747647661427:,1747647680444
counter/8/0/0/0,15048:1747647661104:,1747647680444
counter/3/0/0/0,15939:1747647663272:,1747647680444
counter/3/0/0/0,15940:1747647663272:,1747647680444
counter/3/0/0/0,15941:1747647663272:,1747647680444
counter/3/0/0/0,15942:1747647663272:,1747647680444
counter/3/0/0/0,15943:1747647663272:,1747647680444
counter/3/0/0/0,15944:1747647663272:,1747647680444
counter/3/0/0/0,15945:1747647663272:,1747647680444
counter/3/0/0/0,15946:1747647663272:,1747647680444
counter/3/0/0/0,15947:1747647663272:,1747647680444
counter/3/0/0/0,15948:1747647663272:,1747647680444
counter/3/0/0/0,15949:1747647663272:,1747647680444
counter/3/0/0/0,15950:1747647663275:,1747647680444
counter/3/0/0/0,15951:1747647663275:,1747647680444
counter/4/0/0/0,15055:1747647663025:,1747647680444
counter/5/0/0/0,14996:1747647661408:,1747647680444
counter/8/0/0/0,15049:1747647661104:,1747647680444
counter/2/0/0/0,14964:1747647661363:,1747647680445
counter/10/0/0/0,14065:1747647661136:,1747647680445
counter/3/0/0/0,15952:1747647663275:,1747647680445
counter/3/0/0/0,15953:1747647663275:,1747647680445
counter/3/0/0/0,15954:1747647663275:,1747647680445
counter/3/0/0/0,15955:1747647663276:,1747647680445
counter/6/0/0/0,14822:1747647661680:,1747647680445
counter/1/0/0/0,16063:1747647662863:,1747647680445
counter/8/0/0/0,15050:1747647661104:,1747647680445
counter/1/0/0/0,16064:1747647662863:,1747647680445
counter/2/0/0/0,14965:1747647661363:,1747647680445
counter/10/0/0/0,14066:1747647661136:,1747647680445
counter/3/0/0/0,15956:1747647663276:,1747647680445
counter/3/0/0/0,15957:1747647663276:,1747647680445
counter/3/0/0/0,15958:1747647663276:,1747647680445
counter/3/0/0/0,15959:1747647663276:,1747647680446
counter/4/0/0/0,15056:1747647663025:,1747647680446
counter/8/0/0/0,15051:1747647661104:,1747647680446
counter/4/0/0/0,15057:1747647663025:,1747647680446
counter/4/0/0/0,15058:1747647663025:,1747647680446
counter/2/0/0/0,14966:1747647661363:,1747647680446
counter/10/0/0/0,14067:1747647661137:,1747647680446
counter/2/0/0/0,14967:1747647661363:,1747647680446
counter/9/0/0/0,15602:1747647661335:,1747647680446
counter/9/0/0/0,15603:1747647661335:,1747647680446
counter/9/0/0/0,15604:1747647661335:,1747647680446
counter/8/0/0/0,15052:1747647661104:,1747647680446
counter/8/0/0/0,15053:1747647661104:,1747647680446
counter/8/0/0/0,15054:1747647661104:,1747647680446
counter/8/0/0/0,15055:1747647661104:,1747647680446
counter/8/0/0/0,15056:1747647661105:,1747647680446
counter/8/0/0/0,15057:1747647661105:,1747647680446
counter/8/0/0/0,15058:1747647661105:,1747647680447
counter/8/0/0/0,15059:1747647661105:,1747647680447
counter/9/0/0/0,15605:1747647661335:,1747647680447
counter/6/0/0/0,14823:1747647661680:,1747647680447
counter/4/0/0/0,15059:1747647663026:,1747647680447
counter/4/0/0/0,15060:1747647663034:,1747647680447
counter/4/0/0/0,15061:1747647663034:,1747647680447
counter/5/0/0/0,14997:1747647661408:,1747647680447
counter/2/0/0/0,14968:1747647661363:,1747647680447
counter/5/0/0/0,14998:1747647661408:,1747647680447
counter/10/0/0/0,14068:1747647661137:,1747647680447
counter/9/0/0/0,15606:1747647661335:,1747647680447
counter/9/0/0/0,15607:1747647661338:,1747647680447
counter/9/0/0/0,15608:1747647661338:,1747647680447
counter/9/0/0/0,15609:1747647661339:,1747647680447
counter/9/0/0/0,15610:1747647661339:,1747647680447
counter/9/0/0/0,15611:1747647661374:,1747647680448
counter/9/0/0/0,15612:1747647661374:,1747647680448
counter/9/0/0/0,15613:1747647661374:,1747647680448
counter/9/0/0/0,15614:1747647661374:,1747647680448
counter/9/0/0/0,15615:1747647661374:,1747647680448
counter/9/0/0/0,15616:1747647661374:,1747647680448
counter/9/0/0/0,15617:1747647661374:,1747647680448
counter/1/0/0/0,16065:1747647662863:,1747647680448
counter/8/0/0/0,15060:1747647661105:,1747647680448
counter/1/0/0/0,16066:1747647662863:,1747647680448
counter/2/0/0/0,14969:1747647661368:,1747647680448
counter/5/0/0/0,14999:1747647661408:,1747647680448
counter/4/0/0/0,15062:1747647663034:,1747647680448
counter/9/0/0/0,15618:1747647661374:,1747647680448
counter/4/0/0/0,15063:1747647663034:,1747647680448
counter/7/0/0/0,14771:1747647661427:,1747647680448
counter/4/0/0/0,15064:1747647663034:,1747647680448
counter/8/0/0/0,15061:1747647661113:,1747647680448
counter/8/0/0/0,15062:1747647661114:,1747647680448
counter/8/0/0/0,15063:1747647661114:,1747647680448
counter/8/0/0/0,15064:1747647661114:,1747647680449
counter/2/0/0/0,14970:1747647661368:,1747647680449
counter/9/0/0/0,15619:1747647661374:,1747647680449
counter/9/0/0/0,15620:1747647661385:,1747647680449
counter/9/0/0/0,15621:1747647661386:,1747647680449
counter/9/0/0/0,15622:1747647661386:,1747647680449
counter/6/0/0/0,14824:1747647661680:,1747647680449
counter/1/0/0/0,16067:1747647662863:,1747647680449
counter/6/0/0/0,14825:1747647661680:,1747647680449
counter/8/0/0/0,15065:1747647661114:,1747647680449
counter/8/0/0/0,15066:1747647661127:,1747647680449
counter/8/0/0/0,15067:1747647661127:,1747647680449
counter/9/0/0/0,15623:1747647661386:,1747647680449
counter/10/0/0/0,14069:1747647661137:,1747647680449
counter/3/0/0/0,15960:1747647663276:,1747647680449
counter/3/0/0/0,15961:1747647663277:,1747647680449
counter/3/0/0/0,15962:1747647663278:,1747647680449
counter/1/0/0/0,16068:1747647662863:,1747647680449
counter/6/0/0/0,14826:1747647661680:,1747647680449
counter/2/0/0/0,14971:1747647661368:,1747647680449
counter/8/0/0/0,15068:1747647661127:,1747647680450
counter/9/0/0/0,15624:1747647661386:,1747647680450
counter/9/0/0/0,15625:1747647661386:,1747647680450
counter/9/0/0/0,15626:1747647661386:,1747647680450
counter/4/0/0/0,15065:1747647663034:,1747647680450
counter/7/0/0/0,14772:1747647661427:,1747647680450
counter/4/0/0/0,15066:1747647663034:,1747647680450
counter/4/0/0/0,15067:1747647663034:,1747647680450
counter/6/0/0/0,14827:1747647661681:,1747647680450
counter/2/0/0/0,14972:1747647661368:,1747647680450
counter/8/0/0/0,15069:1747647661127:,1747647680450
counter/8/0/0/0,15070:1747647661127:,1747647680450
counter/9/0/0/0,15627:1747647661386:,1747647680450
counter/9/0/0/0,15628:1747647661386:,1747647680450
counter/9/0/0/0,15629:1747647661386:,1747647680450
counter/9/0/0/0,15630:1747647661386:,1747647680450
counter/9/0/0/0,15631:1747647661386:,1747647680450
counter/9/0/0/0,15632:1747647661386:,1747647680450
counter/1/0/0/0,16069:1747647662863:,1747647680451
counter/2/0/0/0,14973:1747647661368:,1747647680451
counter/8/0/0/0,15071:1747647661127:,1747647680451
counter/8/0/0/0,15072:1747647661127:,1747647680451
counter/8/0/0/0,15073:1747647661127:,1747647680451
counter/4/0/0/0,15068:1747647663034:,1747647680451
counter/9/0/0/0,15633:1747647661386:,1747647680451
counter/4/0/0/0,15069:1747647663034:,1747647680451
counter/7/0/0/0,14773:1747647661427:,1747647680451
counter/4/0/0/0,15070:1747647663034:,1747647680451
counter/4/0/0/0,15071:1747647663034:,1747647680451
counter/2/0/0/0,14974:1747647661375:,1747647680451
counter/1/0/0/0,16070:1747647662863:,1747647680451
counter/8/0/0/0,15074:1747647661133:,1747647680451
counter/8/0/0/0,15075:1747647661133:,1747647680451
counter/8/0/0/0,15076:1747647661136:,1747647680451
counter/8/0/0/0,15077:1747647661136:,1747647680451
counter/7/0/0/0,14774:1747647661432:,1747647680451
counter/7/0/0/0,14775:1747647661432:,1747647680451
counter/7/0/0/0,14776:1747647661432:,1747647680452
counter/7/0/0/0,14777:1747647661432:,1747647680452
counter/5/0/0/0,15000:1747647661408:,1747647680452
counter/1/0/0/0,16071:1747647662863:,1747647680452
counter/5/0/0/0,15001:1747647661408:,1747647680452
counter/3/0/0/0,15963:1747647663278:,1747647680452
counter/5/0/0/0,15002:1747647661408:,1747647680452
counter/10/0/0/0,14070:1747647661140:,1747647680452
counter/4/0/0/0,15072:1747647663035:,1747647680452
counter/6/0/0/0,14828:1747647661681:,1747647680452
counter/7/0/0/0,14778:1747647661432:,1747647680452
counter/6/0/0/0,14829:1747647661681:,1747647680452
counter/9/0/0/0,15634:1747647661386:,1747647680452
counter/1/0/0/0,16072:1747647662869:,1747647680452
counter/3/0/0/0,15964:1747647663278:,1747647680452
counter/1/0/0/0,16073:1747647662870:,1747647680452
counter/1/0/0/0,16074:1747647662870:,1747647680452
counter/10/0/0/0,14071:1747647661140:,1747647680452
counter/4/0/0/0,15073:1747647663042:,1747647680452
counter/7/0/0/0,14779:1747647661432:,1747647680453
counter/4/0/0/0,15074:1747647663042:,1747647680453
counter/4/0/0/0,15075:1747647663042:,1747647680453
counter/9/0/0/0,15635:1747647661393:,1747647680453
counter/4/0/0/0,15076:1747647663050:,1747647680453
counter/8/0/0/0,15078:1747647661136:,1747647680453
counter/5/0/0/0,15003:1747647661408:,1747647680453
counter/1/0/0/0,16075:1747647662870:,1747647680453
counter/10/0/0/0,14072:1747647661140:,1747647680453
counter/7/0/0/0,14780:1747647661432:,1747647680453
counter/10/0/0/0,14073:1747647661140:,1747647680453
counter/10/0/0/0,14074:1747647661140:,1747647680453
counter/9/0/0/0,15636:1747647661393:,1747647680453
counter/9/0/0/0,15637:1747647661414:,1747647680453
counter/4/0/0/0,15077:1747647663050:,1747647680453
counter/8/0/0/0,15079:1747647661136:,1747647680453
counter/4/0/0/0,15078:1747647663051:,1747647680453
counter/4/0/0/0,15079:1747647663051:,1747647680453
counter/2/0/0/0,14975:1747647661375:,1747647680453
counter/7/0/0/0,14781:1747647661432:,1747647680453
counter/2/0/0/0,14976:1747647661375:,1747647680454
counter/10/0/0/0,14075:1747647661140:,1747647680454
counter/9/0/0/0,15638:1747647661414:,1747647680454
counter/9/0/0/0,15639:1747647661414:,1747647680454
counter/5/0/0/0,15004:1747647661409:,1747647680454
counter/8/0/0/0,15080:1747647661136:,1747647680454
counter/4/0/0/0,15080:1747647663051:,1747647680454
counter/4/0/0/0,15081:1747647663051:,1747647680454
counter/7/0/0/0,14782:1747647661432:,1747647680454
counter/1/0/0/0,16076:1747647662870:,1747647680454
counter/6/0/0/0,14830:1747647661681:,1747647680454
counter/10/0/0/0,14076:1747647661140:,1747647680454
counter/9/0/0/0,15640:1747647661414:,1747647680454
counter/9/0/0/0,15641:1747647661414:,1747647680454
counter/9/0/0/0,15642:1747647661414:,1747647680454
counter/8/0/0/0,15081:1747647661136:,1747647680454
counter/7/0/0/0,14783:1747647661432:,1747647680454
counter/7/0/0/0,14784:1747647661432:,1747647680454
counter/7/0/0/0,14785:1747647661432:,1747647680454
counter/7/0/0/0,14786:1747647661432:,1747647680454
counter/7/0/0/0,14787:1747647661432:,1747647680455
counter/7/0/0/0,14788:1747647661432:,1747647680455
counter/7/0/0/0,14789:1747647661432:,1747647680455
counter/7/0/0/0,14790:1747647661432:,1747647680455
counter/7/0/0/0,14791:1747647661439:,1747647680455
counter/7/0/0/0,14792:1747647661439:,1747647680455
counter/2/0/0/0,14977:1747647661375:,1747647680455
counter/7/0/0/0,14793:1747647661439:,1747647680455
counter/4/0/0/0,15082:1747647663053:,1747647680455
counter/6/0/0/0,14831:1747647661681:,1747647680455
counter/10/0/0/0,14077:1747647661140:,1747647680455
counter/6/0/0/0,14832:1747647661681:,1747647680455
counter/8/0/0/0,15082:1747647661139:,1747647680455
counter/7/0/0/0,14794:1747647661439:,1747647680455
counter/7/0/0/0,14795:1747647661439:,1747647680455
counter/7/0/0/0,14796:1747647661439:,1747647680455
counter/1/0/0/0,16077:1747647662870:,1747647680455
counter/2/0/0/0,14978:1747647661375:,1747647680455
counter/4/0/0/0,15083:1747647663056:,1747647680456
counter/5/0/0/0,15005:1747647661409:,1747647680456
counter/10/0/0/0,14078:1747647661140:,1747647680456
counter/10/0/0/0,14079:1747647661140:,1747647680456
counter/10/0/0/0,14080:1747647661140:,1747647680456
counter/10/0/0/0,14081:1747647661140:,1747647680456
counter/7/0/0/0,14797:1747647661439:,1747647680456
counter/3/0/0/0,15965:1747647663278:,1747647680456
counter/1/0/0/0,16078:1747647662870:,1747647680456
counter/2/0/0/0,14979:1747647661389:,1747647680456
counter/4/0/0/0,15084:1747647663057:,1747647680456
counter/5/0/0/0,15006:1747647661409:,1747647680456
counter/4/0/0/0,15085:1747647663057:,1747647680456
counter/6/0/0/0,14833:1747647661689:,1747647680456
counter/10/0/0/0,14082:1747647661140:,1747647680456
counter/3/0/0/0,15966:1747647663278:,1747647680456
counter/3/0/0/0,15967:1747647663278:,1747647680456
counter/3/0/0/0,15968:1747647663278:,1747647680456
counter/3/0/0/0,15969:1747647663291:,1747647680456
counter/3/0/0/0,15970:1747647663291:,1747647680457
counter/3/0/0/0,15971:1747647663291:,1747647680457
counter/3/0/0/0,15972:1747647663291:,1747647680457
counter/5/0/0/0,15007:1747647661410:,1747647680457
counter/6/0/0/0,14834:1747647661696:,1747647680457
counter/10/0/0/0,14083:1747647661141:,1747647680457
counter/2/0/0/0,14980:1747647661389:,1747647680457
counter/1/0/0/0,16079:1747647662870:,1747647680457
counter/8/0/0/0,15083:1747647661141:,1747647680457
counter/1/0/0/0,16080:1747647662870:,1747647680457
counter/1/0/0/0,16081:1747647662870:,1747647680457
counter/7/0/0/0,14798:1747647661439:,1747647680457
counter/1/0/0/0,16082:1747647662870:,1747647680457
counter/1/0/0/0,16083:1747647662870:,1747647680457
counter/6/0/0/0,14835:1747647661696:,1747647680457
counter/10/0/0/0,14084:1747647661141:,1747647680457
counter/6/0/0/0,14836:1747647661696:,1747647680457
counter/3/0/0/0,15973:1747647663291:,1747647680457
counter/8/0/0/0,15084:1747647661141:,1747647680457
counter/7/0/0/0,14799:1747647661439:,1747647680457
counter/7/0/0/0,14800:1747647661439:,1747647680458
counter/7/0/0/0,14801:1747647661439:,1747647680458
counter/5/0/0/0,15008:1747647661410:,1747647680458
counter/4/0/0/0,15086:1747647663058:,1747647680458
counter/5/0/0/0,15009:1747647661410:,1747647680458
counter/2/0/0/0,14981:1747647661390:,1747647680458
counter/6/0/0/0,14837:1747647661696:,1747647680458
counter/3/0/0/0,15974:1747647663291:,1747647680458
counter/8/0/0/0,15085:1747647661142:,1747647680458
counter/7/0/0/0,14802:1747647661439:,1747647680458
counter/7/0/0/0,14803:1747647661439:,1747647680458
counter/7/0/0/0,14804:1747647661439:,1747647680458
counter/7/0/0/0,14805:1747647661439:,1747647680458
counter/7/0/0/0,14806:1747647661439:,1747647680458
counter/7/0/0/0,14807:1747647661439:,1747647680458
counter/7/0/0/0,14808:1747647661439:,1747647680458
counter/7/0/0/0,14809:1747647661439:,1747647680458
counter/7/0/0/0,14810:1747647661439:,1747647680458
counter/7/0/0/0,14811:1747647661439:,1747647680458
counter/7/0/0/0,14812:1747647661439:,1747647680458
counter/7/0/0/0,14813:1747647661452:,1747647680459
counter/7/0/0/0,14814:1747647661452:,1747647680459
counter/7/0/0/0,14815:1747647661452:,1747647680459
counter/7/0/0/0,14816:1747647661452:,1747647680459
counter/7/0/0/0,14817:1747647661452:,1747647680459
counter/7/0/0/0,14818:1747647661452:,1747647680459
counter/7/0/0/0,14819:1747647661452:,1747647680459
counter/7/0/0/0,14820:1747647661452:,1747647680459
counter/7/0/0/0,14821:1747647661452:,1747647680459
counter/7/0/0/0,14822:1747647661452:,1747647680459
counter/7/0/0/0,14823:1747647661452:,1747647680459
counter/1/0/0/0,16084:1747647662870:,1747647680459
counter/6/0/0/0,14838:1747647661696:,1747647680459
counter/10/0/0/0,14085:1747647661141:,1747647680459
counter/4/0/0/0,15087:1747647663058:,1747647680459
counter/5/0/0/0,15010:1747647661410:,1747647680459
counter/8/0/0/0,15086:1747647661142:,1747647680459
counter/5/0/0/0,15011:1747647661410:,1747647680459
counter/2/0/0/0,14982:1747647661390:,1747647680459
counter/3/0/0/0,15975:1747647663296:,1747647680459
counter/2/0/0/0,14983:1747647661395:,1747647680460
counter/1/0/0/0,16085:1747647662870:,1747647680460
counter/6/0/0/0,14839:1747647661696:,1747647680460
counter/10/0/0/0,14086:1747647661141:,1747647680460
counter/10/0/0/0,14087:1747647661141:,1747647680460
counter/8/0/0/0,15087:1747647661142:,1747647680460
counter/10/0/0/0,14088:1747647661141:,1747647680460
counter/5/0/0/0,15012:1747647661410:,1747647680460
counter/3/0/0/0,15976:1747647663296:,1747647680460
counter/3/0/0/0,15977:1747647663296:,1747647680460
counter/3/0/0/0,15978:1747647663296:,1747647680460
counter/3/0/0/0,15979:1747647663296:,1747647680460
counter/3/0/0/0,15980:1747647663296:,1747647680460
counter/3/0/0/0,15981:1747647663296:,1747647680460
counter/3/0/0/0,15982:1747647663296:,1747647680460
counter/3/0/0/0,15983:1747647663296:,1747647680460
counter/3/0/0/0,15984:1747647663296:,1747647680460
counter/3/0/0/0,15985:1747647663296:,1747647680460
counter/3/0/0/0,15986:1747647663296:,1747647680460
counter/3/0/0/0,15987:1747647663301:,1747647680460
counter/3/0/0/0,15988:1747647663301:,1747647680461
counter/3/0/0/0,15989:1747647663301:,1747647680461
counter/3/0/0/0,15990:1747647663301:,1747647680461
counter/3/0/0/0,15991:1747647663301:,1747647680461
counter/3/0/0/0,15992:1747647663301:,1747647680461
counter/1/0/0/0,16086:1747647662870:,1747647680461
counter/3/0/0/0,15993:1747647663301:,1747647680461
counter/8/0/0/0,15088:1747647661142:,1747647680461
counter/3/0/0/0,15994:1747647663301:,1747647680461
counter/1/0/0/0,16087:1747647662874:,1747647680461
counter/5/0/0/0,15013:1747647661410:,1747647680461
counter/1/0/0/0,16088:1747647662874:,1747647680461
counter/6/0/0/0,14840:1747647661696:,1747647680461
counter/4/0/0/0,15088:1747647663058:,1747647680461
counter/2/0/0/0,14984:1747647661395:,1747647680461
counter/9/0/0/0,15643:1747647661437:,1747647680461
counter/9/0/0/0,15644:1747647661437:,1747647680461
counter/9/0/0/0,15645:1747647661437:,1747647680462
counter/5/0/0/0,15014:1747647661410:,1747647680462
counter/9/0/0/0,15646:1747647661437:,1747647680462
counter/3/0/0/0,15995:1747647663302:,1747647680462
counter/6/0/0/0,14841:1747647661696:,1747647680462
counter/6/0/0/0,14842:1747647661696:,1747647680462
counter/6/0/0/0,14843:1747647661697:,1747647680462
counter/6/0/0/0,14844:1747647661697:,1747647680462
counter/8/0/0/0,15089:1747647661142:,1747647680462
counter/8/0/0/0,15090:1747647661142:,1747647680462
counter/8/0/0/0,15091:1747647661142:,1747647680462
counter/5/0/0/0,15015:1747647661417:,1747647680462
counter/8/0/0/0,15092:1747647661142:,1747647680462
counter/3/0/0/0,15996:1747647663302:,1747647680462
counter/3/0/0/0,15997:1747647663302:,1747647680462
counter/2/0/0/0,14985:1747647661395:,1747647680462
counter/3/0/0/0,15998:1747647663302:,1747647680462
counter/6/0/0/0,14845:1747647661697:,1747647680462
counter/9/0/0/0,15647:1747647661437:,1747647680462
counter/9/0/0/0,15648:1747647661437:,1747647680462
counter/9/0/0/0,15649:1747647661437:,1747647680462
counter/9/0/0/0,15650:1747647661437:,1747647680463
counter/9/0/0/0,15651:1747647661449:,1747647680463
counter/9/0/0/0,15652:1747647661449:,1747647680463
counter/4/0/0/0,15089:1747647663058:,1747647680463
counter/4/0/0/0,15090:1747647663058:,1747647680463
counter/2/0/0/0,14986:1747647661395:,1747647680463
counter/1/0/0/0,16089:1747647662874:,1747647680463
counter/8/0/0/0,15093:1747647661142:,1747647680463
counter/5/0/0/0,15016:1747647661417:,1747647680463
counter/5/0/0/0,15017:1747647661417:,1747647680463
counter/9/0/0/0,15653:1747647661449:,1747647680463
counter/9/0/0/0,15654:1747647661449:,1747647680463
counter/9/0/0/0,15655:1747647661453:,1747647680463
counter/9/0/0/0,15656:1747647661453:,1747647680463
counter/6/0/0/0,14846:1747647661697:,1747647680463
counter/2/0/0/0,14987:1747647661395:,1747647680463
counter/1/0/0/0,16090:1747647662874:,1747647680463
counter/8/0/0/0,15094:1747647661142:,1747647680463
counter/1/0/0/0,16091:1747647662874:,1747647680463
counter/5/0/0/0,15018:1747647661417:,1747647680464
counter/5/0/0/0,15019:1747647661417:,1747647680464
counter/9/0/0/0,15657:1747647661453:,1747647680464
counter/9/0/0/0,15658:1747647661453:,1747647680464
counter/9/0/0/0,15659:1747647661453:,1747647680464
counter/9/0/0/0,15660:1747647661455:,1747647680464
counter/2/0/0/0,14988:1747647661395:,1747647680464
counter/8/0/0/0,15095:1747647661142:,1747647680464
counter/2/0/0/0,14989:1747647661395:,1747647680464
counter/2/0/0/0,14990:1747647661395:,1747647680464
counter/2/0/0/0,14991:1747647661396:,1747647680464
counter/2/0/0/0,14992:1747647661396:,1747647680464
counter/6/0/0/0,14847:1747647661697:,1747647680464
counter/9/0/0/0,15661:1747647661455:,1747647680464
counter/9/0/0/0,15662:1747647661455:,1747647680464
counter/9/0/0/0,15663:1747647661455:,1747647680464
counter/9/0/0/0,15664:1747647661455:,1747647680464
counter/9/0/0/0,15665:1747647661455:,1747647680464
counter/5/0/0/0,15020:1747647661417:,1747647680464
counter/9/0/0/0,15666:1747647661455:,1747647680465
counter/2/0/0/0,14993:1747647661396:,1747647680465
counter/9/0/0/0,15667:1747647661455:,1747647680465
counter/6/0/0/0,14848:1747647661702:,1747647680465
counter/8/0/0/0,15096:1747647661144:,1747647680465
counter/8/0/0/0,15097:1747647661144:,1747647680465
counter/8/0/0/0,15098:1747647661145:,1747647680465
counter/8/0/0/0,15099:1747647661145:,1747647680465
counter/8/0/0/0,15100:1747647661145:,1747647680465
counter/8/0/0/0,15101:1747647661145:,1747647680465
counter/8/0/0/0,15102:1747647661145:,1747647680465
counter/8/0/0/0,15103:1747647661145:,1747647680465
counter/8/0/0/0,15104:1747647661145:,1747647680465
counter/9/0/0/0,15668:1747647661455:,1747647680465
counter/8/0/0/0,15105:1747647661145:,1747647680465
counter/9/0/0/0,15669:1747647661457:,1747647680465
counter/9/0/0/0,15670:1747647661457:,1747647680465
counter/5/0/0/0,15021:1747647661417:,1747647680465
counter/9/0/0/0,15671:1747647661457:,1747647680465
counter/2/0/0/0,14994:1747647661396:,1747647680465
counter/8/0/0/0,15106:1747647661149:,1747647680466
counter/9/0/0/0,15672:1747647661457:,1747647680466
counter/8/0/0/0,15107:1747647661149:,1747647680466
counter/9/0/0/0,15673:1747647661457:,1747647680466
counter/8/0/0/0,15108:1747647661149:,1747647680466
counter/9/0/0/0,15674:1747647661457:,1747647680466
counter/8/0/0/0,15109:1747647661149:,1747647680466
counter/9/0/0/0,15675:1747647661457:,1747647680466
counter/8/0/0/0,15110:1747647661149:,1747647680466
counter/9/0/0/0,15676:1747647661457:,1747647680466
counter/2/0/0/0,14995:1747647661400:,1747647680466
counter/9/0/0/0,15677:1747647661457:,1747647680466
counter/1/0/0/0,16092:1747647662874:,1747647680466
counter/8/0/0/0,15111:1747647661149:,1747647680466
counter/1/0/0/0,16093:1747647662874:,1747647680466
counter/10/0/0/0,14089:1747647661141:,1747647680466
counter/5/0/0/0,15022:1747647661418:,1747647680466
counter/9/0/0/0,15678:1747647661457:,1747647680466
counter/9/0/0/0,15679:1747647661457:,1747647680467
counter/9/0/0/0,15680:1747647661457:,1747647680467
counter/9/0/0/0,15681:1747647661457:,1747647680467
counter/9/0/0/0,15682:1747647661457:,1747647680467
counter/9/0/0/0,15683:1747647661457:,1747647680467
counter/9/0/0/0,15684:1747647661457:,1747647680467
counter/9/0/0/0,15685:1747647661457:,1747647680467
counter/9/0/0/0,15686:1747647661457:,1747647680467
counter/9/0/0/0,15687:1747647661457:,1747647680467
counter/9/0/0/0,15688:1747647661457:,1747647680467
counter/9/0/0/0,15689:1747647661457:,1747647680467
counter/9/0/0/0,15690:1747647661457:,1747647680467
counter/9/0/0/0,15691:1747647661457:,1747647680467
counter/9/0/0/0,15692:1747647661457:,1747647680467
counter/9/0/0/0,15693:1747647661457:,1747647680467
counter/9/0/0/0,15694:1747647661457:,1747647680467
counter/6/0/0/0,14849:1747647661702:,1747647680467
counter/9/0/0/0,15695:1747647661457:,1747647680467
counter/9/0/0/0,15696:1747647661457:,1747647680467
counter/9/0/0/0,15697:1747647661458:,1747647680467
counter/8/0/0/0,15112:1747647661149:,1747647680468
counter/8/0/0/0,15113:1747647661149:,1747647680468
counter/8/0/0/0,15114:1747647661163:,1747647680468
counter/8/0/0/0,15115:1747647661163:,1747647680468
counter/8/0/0/0,15116:1747647661163:,1747647680468
counter/8/0/0/0,15117:1747647661163:,1747647680468
counter/8/0/0/0,15118:1747647661163:,1747647680468
counter/8/0/0/0,15119:1747647661164:,1747647680468
counter/8/0/0/0,15120:1747647661183:,1747647680468
counter/8/0/0/0,15121:1747647661191:,1747647680468
counter/8/0/0/0,15122:1747647661191:,1747647680468
counter/8/0/0/0,15123:1747647661191:,1747647680468
counter/8/0/0/0,15124:1747647661191:,1747647680468
counter/8/0/0/0,15125:1747647661191:,1747647680468
counter/8/0/0/0,15126:1747647661197:,1747647680468
counter/8/0/0/0,15127:1747647661197:,1747647680468
counter/8/0/0/0,15128:1747647661197:,1747647680468
counter/8/0/0/0,15129:1747647661197:,1747647680468
counter/8/0/0/0,15130:1747647661197:,1747647680468
counter/8/0/0/0,15131:1747647661197:,1747647680468
counter/8/0/0/0,15132:1747647661197:,1747647680469
counter/8/0/0/0,15133:1747647661207:,1747647680469
counter/8/0/0/0,15134:1747647661207:,1747647680469
counter/8/0/0/0,15135:1747647661207:,1747647680469
counter/8/0/0/0,15136:1747647661207:,1747647680469
counter/3/0/0/0,15999:1747647663302:,1747647680469
counter/8/0/0/0,15137:1747647661207:,1747647680469
counter/3/0/0/0,16000:1747647663302:,1747647680469
counter/8/0/0/0,15138:1747647661207:,1747647680469
counter/5/0/0/0,15023:1747647661418:,1747647680469
counter/8/0/0/0,15139:1747647661208:,1747647680469
counter/8/0/0/0,15140:1747647661208:,1747647680469
counter/8/0/0/0,15141:1747647661208:,1747647680469
counter/1/0/0/0,16094:1747647662879:,1747647680469
counter/8/0/0/0,15142:1747647661208:,1747647680469
counter/2/0/0/0,14996:1747647661400:,1747647680469
counter/8/0/0/0,15143:1747647661208:,1747647680469
counter/4/0/0/0,15091:1747647663058:,1747647680469
counter/9/0/0/0,15698:1747647661458:,1747647680469
counter/4/0/0/0,15092:1747647663058:,1747647680470
counter/6/0/0/0,14850:1747647661702:,1747647680470
counter/1/0/0/0,16095:1747647662879:,1747647680470
counter/3/0/0/0,16001:1747647663302:,1747647680470
counter/3/0/0/0,16002:1747647663302:,1747647680470
counter/3/0/0/0,16003:1747647663302:,1747647680470
counter/3/0/0/0,16004:1747647663302:,1747647680470
counter/3/0/0/0,16005:1747647663302:,1747647680470
counter/3/0/0/0,16006:1747647663302:,1747647680470
counter/2/0/0/0,14997:1747647661401:,1747647680470
counter/4/0/0/0,15093:1747647663058:,1747647680470
counter/2/0/0/0,14998:1747647661401:,1747647680470
counter/4/0/0/0,15094:1747647663058:,1747647680470
counter/8/0/0/0,15144:1747647661208:,1747647680470
counter/7/0/0/0,14824:1747647661452:,1747647680470
counter/8/0/0/0,15145:1747647661208:,1747647680470
counter/7/0/0/0,14825:1747647661452:,1747647680470
counter/5/0/0/0,15024:1747647661418:,1747647680470
counter/10/0/0/0,14090:1747647661141:,1747647680470
counter/5/0/0/0,15025:1747647661418:,1747647680470
counter/2/0/0/0,14999:1747647661401:,1747647680471
counter/2/0/0/0,15000:1747647661401:,1747647680471
counter/2/0/0/0,15001:1747647661401:,1747647680471
counter/2/0/0/0,15002:1747647661401:,1747647680471
counter/7/0/0/0,14826:1747647661452:,1747647680471
counter/7/0/0/0,14827:1747647661456:,1747647680471
counter/7/0/0/0,14828:1747647661458:,1747647680471
counter/7/0/0/0,14829:1747647661458:,1747647680471
counter/10/0/0/0,14091:1747647661141:,1747647680471
counter/5/0/0/0,15026:1747647661418:,1747647680471
counter/5/0/0/0,15027:1747647661418:,1747647680471
counter/5/0/0/0,15028:1747647661418:,1747647680471
counter/5/0/0/0,15029:1747647661422:,1747647680471
counter/5/0/0/0,15030:1747647661422:,1747647680471
counter/5/0/0/0,15031:1747647661422:,1747647680471
counter/5/0/0/0,15032:1747647661422:,1747647680471
counter/5/0/0/0,15033:1747647661422:,1747647680471
counter/6/0/0/0,14851:1747647661702:,1747647680471
counter/5/0/0/0,15034:1747647661422:,1747647680472
counter/4/0/0/0,15095:1747647663058:,1747647680472
counter/8/0/0/0,15146:1747647661208:,1747647680472
counter/2/0/0/0,15003:1747647661401:,1747647680472
counter/1/0/0/0,16096:1747647662879:,1747647680472
counter/7/0/0/0,14830:1747647661458:,1747647680472
counter/1/0/0/0,16097:1747647662879:,1747647680472
counter/3/0/0/0,16007:1747647663302:,1747647680472
counter/5/0/0/0,15035:1747647661422:,1747647680472
counter/10/0/0/0,14092:1747647661141:,1747647680472
counter/10/0/0/0,14093:1747647661141:,1747647680472
counter/10/0/0/0,14094:1747647661141:,1747647680472
counter/4/0/0/0,15096:1747647663058:,1747647680472
counter/2/0/0/0,15004:1747647661401:,1747647680472
counter/7/0/0/0,14831:1747647661458:,1747647680472
counter/2/0/0/0,15005:1747647661401:,1747647680472
counter/3/0/0/0,16008:1747647663302:,1747647680472
counter/3/0/0/0,16009:1747647663303:,1747647680472
counter/3/0/0/0,16010:1747647663303:,1747647680472
counter/3/0/0/0,16011:1747647663303:,1747647680472
counter/3/0/0/0,16012:1747647663303:,1747647680472
counter/3/0/0/0,16013:1747647663303:,1747647680473
counter/3/0/0/0,16014:1747647663303:,1747647680473
counter/4/0/0/0,15097:1747647663058:,1747647680473
counter/4/0/0/0,15098:1747647663058:,1747647680473
counter/4/0/0/0,15099:1747647663058:,1747647680473
counter/4/0/0/0,15100:1747647663058:,1747647680473
counter/10/0/0/0,14095:1747647661141:,1747647680473
counter/4/0/0/0,15101:1747647663058:,1747647680473
counter/8/0/0/0,15147:1747647661208:,1747647680473
counter/1/0/0/0,16098:1747647662879:,1747647680473
counter/7/0/0/0,14832:1747647661458:,1747647680473
counter/1/0/0/0,16099:1747647662879:,1747647680473
counter/9/0/0/0,15699:1747647661458:,1747647680473
counter/5/0/0/0,15036:1747647661422:,1747647680473
counter/6/0/0/0,14852:1747647661702:,1747647680473
counter/10/0/0/0,14096:1747647661141:,1747647680473
counter/10/0/0/0,14097:1747647661141:,1747647680473
counter/10/0/0/0,14098:1747647661141:,1747647680473
counter/7/0/0/0,14833:1747647661459:,1747647680473
counter/2/0/0/0,15006:1747647661401:,1747647680473
counter/1/0/0/0,16100:1747647662880:,1747647680473
counter/9/0/0/0,15700:1747647661458:,1747647680473
counter/1/0/0/0,16101:1747647662881:,1747647680473
counter/5/0/0/0,15037:1747647661422:,1747647680473
counter/4/0/0/0,15102:1747647663058:,1747647680474
counter/3/0/0/0,16015:1747647663303:,1747647680474
counter/4/0/0/0,15103:1747647663058:,1747647680474
counter/8/0/0/0,15148:1747647661208:,1747647680474
counter/7/0/0/0,14834:1747647661459:,1747647680474
counter/8/0/0/0,15149:1747647661208:,1747647680474
counter/9/0/0/0,15701:1747647661458:,1747647680474
counter/9/0/0/0,15702:1747647661459:,1747647680474
counter/9/0/0/0,15703:1747647661460:,1747647680474
counter/9/0/0/0,15704:1747647661460:,1747647680474
counter/6/0/0/0,14853:1747647661703:,1747647680474
counter/3/0/0/0,16016:1747647663303:,1747647680474
counter/3/0/0/0,16017:1747647663307:,1747647680474
counter/3/0/0/0,16018:1747647663307:,1747647680474
counter/3/0/0/0,16019:1747647663307:,1747647680474
counter/3/0/0/0,16020:1747647663307:,1747647680474
counter/3/0/0/0,16021:1747647663307:,1747647680474
counter/1/0/0/0,16102:1747647662882:,1747647680474
counter/9/0/0/0,15705:1747647661460:,1747647680474
counter/1/0/0/0,16103:1747647662882:,1747647680474
counter/6/0/0/0,14854:1747647661703:,1747647680475
counter/6/0/0/0,14855:1747647661703:,1747647680475
counter/2/0/0/0,15007:1747647661401:,1747647680475
counter/8/0/0/0,15150:1747647661208:,1747647680475
counter/2/0/0/0,15008:1747647661401:,1747647680475
counter/5/0/0/0,15038:1747647661427:,1747647680475
counter/7/0/0/0,14835:1747647661459:,1747647680475
counter/10/0/0/0,14099:1747647661142:,1747647680475
counter/9/0/0/0,15706:1747647661460:,1747647680475
counter/9/0/0/0,15707:1747647661460:,1747647680475
counter/9/0/0/0,15708:1747647661460:,1747647680475
counter/9/0/0/0,15709:1747647661462:,1747647680475
counter/9/0/0/0,15710:1747647661462:,1747647680475
counter/9/0/0/0,15711:1747647661462:,1747647680475
counter/9/0/0/0,15712:1747647661462:,1747647680475
counter/9/0/0/0,15713:1747647661465:,1747647680475
counter/9/0/0/0,15714:1747647661465:,1747647680475
counter/9/0/0/0,15715:1747647661465:,1747647680475
counter/9/0/0/0,15716:1747647661465:,1747647680475
counter/9/0/0/0,15717:1747647661465:,1747647680476
counter/9/0/0/0,15718:1747647661465:,1747647680476
counter/9/0/0/0,15719:1747647661465:,1747647680476
counter/9/0/0/0,15720:1747647661465:,1747647680476
counter/9/0/0/0,15721:1747647661465:,1747647680476
counter/9/0/0/0,15722:1747647661465:,1747647680476
counter/9/0/0/0,15723:1747647661465:,1747647680476
counter/9/0/0/0,15724:1747647661465:,1747647680476
counter/9/0/0/0,15725:1747647661465:,1747647680476
counter/2/0/0/0,15009:1747647661401:,1747647680476
counter/5/0/0/0,15039:1747647661427:,1747647680476
counter/6/0/0/0,14856:1747647661703:,1747647680476
counter/10/0/0/0,14100:1747647661142:,1747647680476
counter/10/0/0/0,14101:1747647661142:,1747647680476
counter/10/0/0/0,14102:1747647661142:,1747647680476
counter/10/0/0/0,14103:1747647661142:,1747647680476
counter/7/0/0/0,14836:1747647661459:,1747647680476
counter/4/0/0/0,15104:1747647663058:,1747647680476
counter/4/0/0/0,15105:1747647663062:,1747647680477
counter/2/0/0/0,15010:1747647661401:,1747647680477
counter/5/0/0/0,15040:1747647661427:,1747647680477
counter/6/0/0/0,14857:1747647661703:,1747647680477
counter/9/0/0/0,15726:1747647661466:,1747647680477
counter/9/0/0/0,15727:1747647661466:,1747647680477
counter/9/0/0/0,15728:1747647661468:,1747647680477
counter/9/0/0/0,15729:1747647661469:,1747647680477
counter/9/0/0/0,15730:1747647661469:,1747647680477
counter/9/0/0/0,15731:1747647661469:,1747647680477
counter/9/0/0/0,15732:1747647661469:,1747647680477
counter/5/0/0/0,15041:1747647661427:,1747647680477
counter/9/0/0/0,15733:1747647661469:,1747647680477
counter/9/0/0/0,15734:1747647661469:,1747647680477
counter/9/0/0/0,15735:1747647661469:,1747647680477
counter/9/0/0/0,15736:1747647661469:,1747647680477
counter/4/0/0/0,15106:1747647663062:,1747647680477
counter/9/0/0/0,15737:1747647661469:,1747647680477
counter/3/0/0/0,16022:1747647663307:,1747647680477
counter/4/0/0/0,15107:1747647663062:,1747647680478
counter/9/0/0/0,15738:1747647661469:,1747647680478
counter/6/0/0/0,14858:1747647661703:,1747647680478
counter/5/0/0/0,15042:1747647661427:,1747647680478
counter/10/0/0/0,14104:1747647661142:,1747647680478
counter/10/0/0/0,14105:1747647661142:,1747647680478
counter/10/0/0/0,14106:1747647661142:,1747647680478
counter/3/0/0/0,16023:1747647663307:,1747647680478
counter/10/0/0/0,14107:1747647661142:,1747647680478
counter/3/0/0/0,16024:1747647663307:,1747647680478
counter/10/0/0/0,14108:1747647661142:,1747647680478
counter/3/0/0/0,16025:1747647663307:,1747647680478
counter/3/0/0/0,16026:1747647663307:,1747647680478
counter/3/0/0/0,16027:1747647663307:,1747647680478
counter/3/0/0/0,16028:1747647663310:,1747647680478
counter/3/0/0/0,16029:1747647663311:,1747647680478
counter/3/0/0/0,16030:1747647663311:,1747647680478
counter/3/0/0/0,16031:1747647663311:,1747647680478
counter/3/0/0/0,16032:1747647663311:,1747647680478
counter/3/0/0/0,16033:1747647663311:,1747647680478
counter/3/0/0/0,16034:1747647663311:,1747647680479
counter/3/0/0/0,16035:1747647663311:,1747647680479
counter/3/0/0/0,16036:1747647663317:,1747647680479
counter/3/0/0/0,16037:1747647663317:,1747647680479
counter/5/0/0/0,15043:1747647661427:,1747647680479
counter/3/0/0/0,16038:1747647663317:,1747647680479
counter/5/0/0/0,15044:1747647661427:,1747647680479
counter/3/0/0/0,16039:1747647663317:,1747647680479
counter/5/0/0/0,15045:1747647661427:,1747647680479
counter/3/0/0/0,16040:1747647663317:,1747647680479
counter/5/0/0/0,15046:1747647661427:,1747647680479
counter/5/0/0/0,15047:1747647661427:,1747647680479
counter/2/0/0/0,15011:1747647661401:,1747647680479
counter/7/0/0/0,14837:1747647661459:,1747647680479
counter/5/0/0/0,15048:1747647661427:,1747647680479
counter/2/0/0/0,15012:1747647661401:,1747647680479
counter/5/0/0/0,15049:1747647661430:,1747647680479
counter/2/0/0/0,15013:1747647661401:,1747647680479
counter/10/0/0/0,14109:1747647661142:,1747647680479
counter/1/0/0/0,16104:1747647662882:,1747647680480
counter/8/0/0/0,15151:1747647661212:,1747647680480
counter/6/0/0/0,14859:1747647661703:,1747647680480
counter/5/0/0/0,15050:1747647661431:,1747647680480
counter/3/0/0/0,16041:1747647663317:,1747647680480
counter/3/0/0/0,16042:1747647663320:,1747647680480
counter/3/0/0/0,16043:1747647663320:,1747647680480
counter/3/0/0/0,16044:1747647663320:,1747647680480
counter/3/0/0/0,16045:1747647663320:,1747647680480
counter/3/0/0/0,16046:1747647663320:,1747647680480
counter/3/0/0/0,16047:1747647663320:,1747647680480
counter/3/0/0/0,16048:1747647663320:,1747647680480
counter/3/0/0/0,16049:1747647663320:,1747647680480
counter/3/0/0/0,16050:1747647663320:,1747647680480
counter/3/0/0/0,16051:1747647663320:,1747647680480
counter/4/0/0/0,15108:1747647663062:,1747647680480
counter/2/0/0/0,15014:1747647661401:,1747647680480
counter/8/0/0/0,15152:1747647661212:,1747647680480
counter/2/0/0/0,15015:1747647661402:,1747647680480
counter/5/0/0/0,15051:1747647661431:,1747647680480
counter/5/0/0/0,15052:1747647661431:,1747647680481
counter/5/0/0/0,15053:1747647661431:,1747647680481
counter/5/0/0/0,15054:1747647661431:,1747647680481
counter/5/0/0/0,15055:1747647661431:,1747647680481
counter/5/0/0/0,15056:1747647661431:,1747647680481
counter/5/0/0/0,15057:1747647661431:,1747647680481
counter/4/0/0/0,15109:1747647663062:,1747647680481
counter/8/0/0/0,15153:1747647661212:,1747647680481
counter/4/0/0/0,15110:1747647663062:,1747647680481
counter/4/0/0/0,15111:1747647663062:,1747647680481
counter/3/0/0/0,16052:1747647663321:,1747647680481
counter/10/0/0/0,14110:1747647661142:,1747647680481
counter/7/0/0/0,14838:1747647661459:,1747647680481
counter/7/0/0/0,14839:1747647661459:,1747647680481
counter/7/0/0/0,14840:1747647661459:,1747647680481
counter/7/0/0/0,14841:1747647661459:,1747647680481
counter/2/0/0/0,15016:1747647661403:,1747647680481
counter/8/0/0/0,15154:1747647661212:,1747647680482
counter/8/0/0/0,15155:1747647661212:,1747647680482
counter/8/0/0/0,15156:1747647661212:,1747647680482
counter/8/0/0/0,15157:1747647661212:,1747647680482
counter/8/0/0/0,15158:1747647661212:,1747647680482
counter/8/0/0/0,15159:1747647661212:,1747647680482
counter/8/0/0/0,15160:1747647661212:,1747647680482
counter/8/0/0/0,15161:1747647661212:,1747647680482
counter/8/0/0/0,15162:1747647661212:,1747647680482
counter/8/0/0/0,15163:1747647661217:,1747647680482
counter/1/0/0/0,16105:1747647662882:,1747647680482
counter/8/0/0/0,15164:1747647661217:,1747647680482
counter/5/0/0/0,15058:1747647661431:,1747647680482
counter/8/0/0/0,15165:1747647661217:,1747647680482
counter/1/0/0/0,16106:1747647662882:,1747647680482
counter/9/0/0/0,15739:1747647661469:,1747647680482
counter/1/0/0/0,16107:1747647662893:,1747647680482
counter/2/0/0/0,15017:1747647661403:,1747647680482
counter/4/0/0/0,15112:1747647663062:,1747647680482
counter/8/0/0/0,15166:1747647661217:,1747647680482
counter/4/0/0/0,15113:1747647663062:,1747647680482
counter/4/0/0/0,15114:1747647663062:,1747647680483
counter/7/0/0/0,14842:1747647661460:,1747647680483
counter/5/0/0/0,15059:1747647661431:,1747647680483
counter/6/0/0/0,14860:1747647661703:,1747647680483
counter/9/0/0/0,15740:1747647661469:,1747647680483
counter/9/0/0/0,15741:1747647661469:,1747647680483
counter/9/0/0/0,15742:1747647661469:,1747647680483
counter/9/0/0/0,15743:1747647661469:,1747647680483
counter/9/0/0/0,15744:1747647661469:,1747647680483
counter/9/0/0/0,15745:1747647661491:,1747647680483
counter/9/0/0/0,15746:1747647661491:,1747647680483
counter/9/0/0/0,15747:1747647661491:,1747647680483
counter/9/0/0/0,15748:1747647661491:,1747647680483
counter/9/0/0/0,15749:1747647661491:,1747647680483
counter/2/0/0/0,15018:1747647661403:,1747647680483
counter/9/0/0/0,15750:1747647661491:,1747647680483
counter/8/0/0/0,15167:1747647661221:,1747647680483
counter/8/0/0/0,15168:1747647661221:,1747647680483
counter/8/0/0/0,15169:1747647661221:,1747647680483
counter/9/0/0/0,15751:1747647661491:,1747647680484
counter/8/0/0/0,15170:1747647661221:,1747647680484
counter/9/0/0/0,15752:1747647661498:,1747647680484
counter/8/0/0/0,15171:1747647661221:,1747647680484
counter/9/0/0/0,15753:1747647661498:,1747647680484
counter/9/0/0/0,15754:1747647661498:,1747647680484
counter/1/0/0/0,16108:1747647662894:,1747647680484
counter/1/0/0/0,16109:1747647662894:,1747647680484
counter/5/0/0/0,15060:1747647661458:,1747647680484
counter/8/0/0/0,15172:1747647661221:,1747647680484
counter/8/0/0/0,15173:1747647661221:,1747647680484
counter/8/0/0/0,15174:1747647661221:,1747647680484
counter/8/0/0/0,15175:1747647661221:,1747647680484
counter/8/0/0/0,15176:1747647661229:,1747647680484
counter/8/0/0/0,15177:1747647661229:,1747647680484
counter/8/0/0/0,15178:1747647661229:,1747647680484
counter/8/0/0/0,15179:1747647661229:,1747647680484
counter/1/0/0/0,16110:1747647662894:,1747647680484
counter/5/0/0/0,15061:1747647661458:,1747647680484
counter/1/0/0/0,16111:1747647662897:,1747647680484
counter/3/0/0/0,16053:1747647663325:,1747647680485
counter/4/0/0/0,15115:1747647663062:,1747647680485
counter/2/0/0/0,15019:1747647661403:,1747647680485
counter/7/0/0/0,14843:1747647661460:,1747647680485
counter/8/0/0/0,15180:1747647661229:,1747647680485
counter/8/0/0/0,15181:1747647661229:,1747647680485
counter/8/0/0/0,15182:1747647661231:,1747647680485
counter/8/0/0/0,15183:1747647661231:,1747647680485
counter/8/0/0/0,15184:1747647661231:,1747647680485
counter/1/0/0/0,16112:1747647662897:,1747647680485
counter/9/0/0/0,15755:1747647661499:,1747647680485
counter/2/0/0/0,15020:1747647661409:,1747647680485
counter/7/0/0/0,14844:1747647661460:,1747647680485
counter/4/0/0/0,15116:1747647663062:,1747647680485
counter/6/0/0/0,14861:1747647661703:,1747647680485
counter/5/0/0/0,15062:1747647661458:,1747647680485
counter/6/0/0/0,14862:1747647661709:,1747647680485
counter/6/0/0/0,14863:1747647661729:,1747647680485
counter/6/0/0/0,14864:1747647661730:,1747647680485
counter/9/0/0/0,15756:1747647661499:,1747647680485
counter/6/0/0/0,14865:1747647661730:,1747647680486
counter/2/0/0/0,15021:1747647661409:,1747647680486
counter/7/0/0/0,14845:1747647661460:,1747647680486
counter/7/0/0/0,14846:1747647661460:,1747647680486
counter/7/0/0/0,14847:1747647661460:,1747647680486
counter/7/0/0/0,14848:1747647661460:,1747647680486
counter/7/0/0/0,14849:1747647661460:,1747647680486
counter/7/0/0/0,14850:1747647661460:,1747647680486
counter/7/0/0/0,14851:1747647661460:,1747647680486
counter/7/0/0/0,14852:1747647661460:,1747647680486
counter/1/0/0/0,16113:1747647662897:,1747647680486
counter/2/0/0/0,15022:1747647661409:,1747647680486
counter/1/0/0/0,16114:1747647662897:,1747647680486
counter/8/0/0/0,15185:1747647661231:,1747647680486
counter/5/0/0/0,15063:1747647661458:,1747647680486
counter/10/0/0/0,14111:1747647661142:,1747647680486
counter/6/0/0/0,14866:1747647661730:,1747647680486
counter/7/0/0/0,14853:1747647661460:,1747647680487
counter/7/0/0/0,14854:1747647661474:,1747647680487
counter/7/0/0/0,14855:1747647661474:,1747647680487
counter/7/0/0/0,14856:1747647661474:,1747647680487
counter/7/0/0/0,14857:1747647661474:,1747647680487
counter/7/0/0/0,14858:1747647661474:,1747647680487
counter/4/0/0/0,15117:1747647663063:,1747647680487
counter/5/0/0/0,15064:1747647661458:,1747647680487
counter/4/0/0/0,15118:1747647663064:,1747647680487
counter/6/0/0/0,14867:1747647661730:,1747647680487
counter/2/0/0/0,15023:1747647661409:,1747647680487
counter/4/0/0/0,15119:1747647663064:,1747647680487
counter/7/0/0/0,14859:1747647661474:,1747647680487
counter/4/0/0/0,15120:1747647663064:,1747647680487
counter/8/0/0/0,15186:1747647661231:,1747647680487
counter/9/0/0/0,15757:1747647661499:,1747647680487
counter/10/0/0/0,14112:1747647661142:,1747647680487
counter/5/0/0/0,15065:1747647661458:,1747647680487
counter/6/0/0/0,14868:1747647661730:,1747647680487
counter/2/0/0/0,15024:1747647661409:,1747647680487
counter/7/0/0/0,14860:1747647661474:,1747647680488
counter/7/0/0/0,14861:1747647661474:,1747647680488
counter/7/0/0/0,14862:1747647661474:,1747647680488
counter/1/0/0/0,16115:1747647662897:,1747647680488
counter/1/0/0/0,16116:1747647662897:,1747647680488
counter/9/0/0/0,15758:1747647661505:,1747647680488
counter/10/0/0/0,14113:1747647661142:,1747647680488
counter/5/0/0/0,15066:1747647661458:,1747647680488
counter/6/0/0/0,14869:1747647661730:,1747647680488
counter/6/0/0/0,14870:1747647661730:,1747647680488
counter/6/0/0/0,14871:1747647661730:,1747647680488
counter/6/0/0/0,14872:1747647661730:,1747647680488
counter/6/0/0/0,14873:1747647661730:,1747647680488
counter/6/0/0/0,14874:1747647661730:,1747647680488
counter/1/0/0/0,16117:1747647662897:,1747647680488
counter/1/0/0/0,16118:1747647662897:,1747647680488
counter/10/0/0/0,14114:1747647661143:,1747647680488
counter/5/0/0/0,15067:1747647661458:,1747647680488
counter/4/0/0/0,15121:1747647663064:,1747647680488
counter/7/0/0/0,14863:1747647661474:,1747647680488
counter/4/0/0/0,15122:1747647663064:,1747647680489
counter/3/0/0/0,16054:1747647663325:,1747647680489
counter/6/0/0/0,14875:1747647661730:,1747647680489
counter/9/0/0/0,15759:1747647661511:,1747647680489
counter/9/0/0/0,15760:1747647661511:,1747647680489
counter/10/0/0/0,14115:1747647661143:,1747647680489
counter/5/0/0/0,15068:1747647661459:,1747647680489
counter/2/0/0/0,15025:1747647661409:,1747647680489
counter/8/0/0/0,15187:1747647661231:,1747647680489
counter/2/0/0/0,15026:1747647661409:,1747647680489
counter/2/0/0/0,15027:1747647661410:,1747647680489
counter/2/0/0/0,15028:1747647661411:,1747647680489
counter/2/0/0/0,15029:1747647661411:,1747647680489
counter/2/0/0/0,15030:1747647661411:,1747647680489
counter/2/0/0/0,15031:1747647661411:,1747647680489
counter/2/0/0/0,15032:1747647661411:,1747647680489
counter/2/0/0/0,15033:1747647661411:,1747647680489
counter/2/0/0/0,15034:1747647661411:,1747647680489
counter/2/0/0/0,15035:1747647661411:,1747647680489
counter/3/0/0/0,16055:1747647663325:,1747647680489
counter/2/0/0/0,15036:1747647661411:,1747647680490
counter/6/0/0/0,14876:1747647661730:,1747647680490
counter/9/0/0/0,15761:1747647661511:,1747647680490
counter/10/0/0/0,14116:1747647661143:,1747647680490
counter/10/0/0/0,14117:1747647661143:,1747647680490
counter/10/0/0/0,14118:1747647661143:,1747647680490
counter/10/0/0/0,14119:1747647661143:,1747647680490
counter/7/0/0/0,14864:1747647661474:,1747647680490
counter/2/0/0/0,15037:1747647661411:,1747647680490
counter/4/0/0/0,15123:1747647663064:,1747647680490
counter/3/0/0/0,16056:1747647663325:,1747647680490
counter/6/0/0/0,14877:1747647661730:,1747647680490
counter/9/0/0/0,15762:1747647661511:,1747647680490
counter/9/0/0/0,15763:1747647661511:,1747647680490
counter/5/0/0/0,15069:1747647661459:,1747647680490
counter/10/0/0/0,14120:1747647661143:,1747647680490
counter/10/0/0/0,14121:1747647661143:,1747647680490
counter/7/0/0/0,14865:1747647661474:,1747647680490
counter/2/0/0/0,15038:1747647661411:,1747647680490
counter/2/0/0/0,15039:1747647661411:,1747647680490
counter/2/0/0/0,15040:1747647661411:,1747647680491
counter/2/0/0/0,15041:1747647661411:,1747647680491
counter/2/0/0/0,15042:1747647661411:,1747647680491
counter/2/0/0/0,15043:1747647661411:,1747647680491
counter/2/0/0/0,15044:1747647661411:,1747647680491
counter/2/0/0/0,15045:1747647661411:,1747647680491
counter/2/0/0/0,15046:1747647661411:,1747647680491
counter/2/0/0/0,15047:1747647661411:,1747647680491
counter/2/0/0/0,15048:1747647661411:,1747647680491
counter/2/0/0/0,15049:1747647661412:,1747647680491
counter/2/0/0/0,15050:1747647661412:,1747647680491
counter/2/0/0/0,15051:1747647661412:,1747647680491
counter/1/0/0/0,16119:1747647662897:,1747647680491
counter/2/0/0/0,15052:1747647661412:,1747647680491
counter/7/0/0/0,14866:1747647661474:,1747647680491
counter/2/0/0/0,15053:1747647661412:,1747647680491
counter/1/0/0/0,16120:1747647662897:,1747647680491
counter/6/0/0/0,14878:1747647661731:,1747647680492
counter/4/0/0/0,15124:1747647663074:,1747647680492
counter/9/0/0/0,15764:1747647661511:,1747647680492
counter/5/0/0/0,15070:1747647661459:,1747647680492
counter/8/0/0/0,15188:1747647661231:,1747647680492
counter/8/0/0/0,15189:1747647661231:,1747647680492
counter/8/0/0/0,15190:1747647661231:,1747647680492
counter/8/0/0/0,15191:1747647661231:,1747647680492
counter/8/0/0/0,15192:1747647661232:,1747647680492
counter/1/0/0/0,16121:1747647662897:,1747647680492
counter/8/0/0/0,15193:1747647661237:,1747647680492
counter/9/0/0/0,15765:1747647661521:,1747647680492
counter/4/0/0/0,15125:1747647663074:,1747647680492
counter/5/0/0/0,15071:1747647661459:,1747647680492
counter/4/0/0/0,15126:1747647663074:,1747647680492
counter/3/0/0/0,16057:1747647663325:,1747647680492
counter/8/0/0/0,15194:1747647661237:,1747647680492
counter/4/0/0/0,15127:1747647663074:,1747647680492
counter/8/0/0/0,15195:1747647661237:,1747647680492
counter/8/0/0/0,15196:1747647661237:,1747647680493
counter/5/0/0/0,15072:1747647661459:,1747647680493
counter/8/0/0/0,15197:1747647661239:,1747647680493
counter/2/0/0/0,15054:1747647661412:,1747647680493
counter/8/0/0/0,15198:1747647661239:,1747647680493
counter/4/0/0/0,15128:1747647663074:,1747647680493
counter/4/0/0/0,15129:1747647663074:,1747647680493
counter/3/0/0/0,16058:1747647663326:,1747647680493
counter/6/0/0/0,14879:1747647661734:,1747647680493
counter/9/0/0/0,15766:1747647661521:,1747647680493
counter/9/0/0/0,15767:1747647661521:,1747647680493
counter/9/0/0/0,15768:1747647661521:,1747647680493
counter/9/0/0/0,15769:1747647661521:,1747647680493
counter/9/0/0/0,15770:1747647661521:,1747647680493
counter/9/0/0/0,15771:1747647661521:,1747647680493
counter/9/0/0/0,15772:1747647661521:,1747647680493
counter/1/0/0/0,16122:1747647662899:,1747647680493
counter/9/0/0/0,15773:1747647661521:,1747647680493
counter/6/0/0/0,14880:1747647661734:,1747647680493
counter/8/0/0/0,15199:1747647661239:,1747647680493
counter/5/0/0/0,15073:1747647661459:,1747647680494
counter/4/0/0/0,15130:1747647663074:,1747647680494
counter/2/0/0/0,15055:1747647661412:,1747647680494
counter/4/0/0/0,15131:1747647663074:,1747647680494
counter/3/0/0/0,16059:1747647663326:,1747647680494
counter/4/0/0/0,15132:1747647663075:,1747647680494
counter/6/0/0/0,14881:1747647661734:,1747647680494
counter/8/0/0/0,15200:1747647661239:,1747647680494
counter/8/0/0/0,15201:1747647661239:,1747647680494
counter/8/0/0/0,15202:1747647661239:,1747647680494
counter/8/0/0/0,15203:1747647661239:,1747647680494
counter/2/0/0/0,15056:1747647661415:,1747647680494
counter/3/0/0/0,16060:1747647663326:,1747647680494
counter/3/0/0/0,16061:1747647663326:,1747647680494
counter/3/0/0/0,16062:1747647663326:,1747647680494
counter/3/0/0/0,16063:1747647663326:,1747647680494
counter/3/0/0/0,16064:1747647663326:,1747647680494
counter/4/0/0/0,15133:1747647663075:,1747647680494
counter/9/0/0/0,15774:1747647661521:,1747647680494
counter/4/0/0/0,15134:1747647663075:,1747647680495
counter/2/0/0/0,15057:1747647661429:,1747647680495
counter/6/0/0/0,14882:1747647661734:,1747647680495
counter/5/0/0/0,15074:1747647661459:,1747647680495
counter/1/0/0/0,16123:1747647662899:,1747647680495
counter/3/0/0/0,16065:1747647663326:,1747647680495
counter/1/0/0/0,16124:1747647662899:,1747647680495
counter/7/0/0/0,14867:1747647661475:,1747647680495
counter/10/0/0/0,14122:1747647661143:,1747647680495
counter/1/0/0/0,16125:1747647662899:,1747647680495
counter/1/0/0/0,16126:1747647662899:,1747647680495
counter/2/0/0/0,15058:1747647661429:,1747647680495
counter/1/0/0/0,16127:1747647662899:,1747647680495
counter/5/0/0/0,15075:1747647661459:,1747647680495
counter/4/0/0/0,15135:1747647663075:,1747647680495
counter/3/0/0/0,16066:1747647663326:,1747647680495
counter/4/0/0/0,15136:1747647663075:,1747647680496
counter/7/0/0/0,14868:1747647661475:,1747647680496
counter/10/0/0/0,14123:1747647661143:,1747647680496
counter/6/0/0/0,14883:1747647661734:,1747647680496
counter/2/0/0/0,15059:1747647661429:,1747647680496
counter/5/0/0/0,15076:1747647661459:,1747647680496
counter/8/0/0/0,15204:1747647661239:,1747647680496
counter/3/0/0/0,16067:1747647663326:,1747647680496
counter/3/0/0/0,16068:1747647663327:,1747647680496
counter/3/0/0/0,16069:1747647663327:,1747647680496
counter/4/0/0/0,15137:1747647663075:,1747647680496
counter/9/0/0/0,15775:1747647661521:,1747647680496
counter/4/0/0/0,15138:1747647663075:,1747647680496
counter/6/0/0/0,14884:1747647661734:,1747647680496
counter/2/0/0/0,15060:1747647661429:,1747647680496
counter/5/0/0/0,15077:1747647661459:,1747647680496
counter/8/0/0/0,15205:1747647661239:,1747647680496
counter/1/0/0/0,16128:1747647662899:,1747647680496
counter/3/0/0/0,16070:1747647663327:,1747647680496
counter/1/0/0/0,16129:1747647662924:,1747647680496
counter/10/0/0/0,14124:1747647661143:,1747647680496
counter/1/0/0/0,16130:1747647662932:,1747647680496
counter/6/0/0/0,14885:1747647661734:,1747647680496
counter/1/0/0/0,16131:1747647662932:,1747647680496
counter/2/0/0/0,15061:1747647661429:,1747647680496
counter/5/0/0/0,15078:1747647661459:,1747647680496
counter/8/0/0/0,15206:1747647661239:,1747647680496
counter/3/0/0/0,16071:1747647663332:,1747647680496
counter/3/0/0/0,16072:1747647663332:,1747647680497
counter/3/0/0/0,16073:1747647663332:,1747647680497
counter/3/0/0/0,16074:1747647663332:,1747647680497
counter/3/0/0/0,16075:1747647663332:,1747647680497
counter/3/0/0/0,16076:1747647663332:,1747647680497
counter/3/0/0/0,16077:1747647663332:,1747647680497
counter/3/0/0/0,16078:1747647663332:,1747647680497
counter/3/0/0/0,16079:1747647663332:,1747647680497
counter/3/0/0/0,16080:1747647663348:,1747647680497
counter/3/0/0/0,16081:1747647663348:,1747647680497
counter/3/0/0/0,16082:1747647663355:,1747647680497
counter/2/0/0/0,15062:1747647661430:,1747647680497
counter/5/0/0/0,15079:1747647661459:,1747647680497
counter/3/0/0/0,16083:1747647663355:,1747647680497
counter/8/0/0/0,15207:1747647661249:,1747647680497
counter/8/0/0/0,15208:1747647661249:,1747647680497
counter/8/0/0/0,15209:1747647661249:,1747647680497
counter/8/0/0/0,15210:1747647661249:,1747647680497
counter/7/0/0/0,14869:1747647661475:,1747647680497
counter/8/0/0/0,15211:1747647661249:,1747647680497
counter/8/0/0/0,15212:1747647661255:,1747647680497
counter/1/0/0/0,16132:1747647662932:,1747647680497
counter/2/0/0/0,15063:1747647661430:,1747647680497
counter/1/0/0/0,16133:1747647662932:,1747647680497
counter/1/0/0/0,16134:1747647662932:,1747647680497
counter/6/0/0/0,14886:1747647661734:,1747647680497
counter/8/0/0/0,15213:1747647661255:,1747647680497
counter/8/0/0/0,15214:1747647661255:,1747647680497
counter/8/0/0/0,15215:1747647661255:,1747647680497
counter/8/0/0/0,15216:1747647661255:,1747647680497
counter/3/0/0/0,16084:1747647663355:,1747647680497
counter/5/0/0/0,15080:1747647661459:,1747647680497
counter/2/0/0/0,15064:1747647661430:,1747647680497
counter/2/0/0/0,15065:1747647661430:,1747647680497
counter/2/0/0/0,15066:1747647661430:,1747647680497
counter/4/0/0/0,15139:1747647663075:,1747647680497
counter/7/0/0/0,14870:1747647661475:,1747647680497
counter/8/0/0/0,15217:1747647661255:,1747647680497
counter/8/0/0/0,15218:1747647661255:,1747647680498
counter/8/0/0/0,15219:1747647661255:,1747647680498
counter/8/0/0/0,15220:1747647661255:,1747647680498
counter/5/0/0/0,15081:1747647661459:,1747647680498
counter/10/0/0/0,14125:1747647661143:,1747647680498
counter/2/0/0/0,15067:1747647661430:,1747647680498
counter/6/0/0/0,14887:1747647661734:,1747647680498
counter/4/0/0/0,15140:1747647663075:,1747647680498
counter/7/0/0/0,14871:1747647661475:,1747647680498
counter/4/0/0/0,15141:1747647663077:,1747647680498
counter/9/0/0/0,15776:1747647661521:,1747647680498
counter/8/0/0/0,15221:1747647661255:,1747647680498
counter/8/0/0/0,15222:1747647661255:,1747647680498
counter/5/0/0/0,15082:1747647661463:,1747647680498
counter/10/0/0/0,14126:1747647661143:,1747647680498
counter/2/0/0/0,15068:1747647661430:,1747647680498
counter/6/0/0/0,14888:1747647661735:,1747647680498
counter/2/0/0/0,15069:1747647661430:,1747647680498
counter/3/0/0/0,16085:1747647663355:,1747647680498
counter/4/0/0/0,15142:1747647663077:,1747647680498
counter/9/0/0/0,15777:1747647661521:,1747647680498
counter/4/0/0/0,15143:1747647663077:,1747647680498
counter/8/0/0/0,15223:1747647661255:,1747647680498
counter/1/0/0/0,16135:1747647662933:,1747647680498
counter/10/0/0/0,14127:1747647661143:,1747647680498
counter/7/0/0/0,14872:1747647661475:,1747647680498
counter/6/0/0/0,14889:1747647661735:,1747647680498
counter/2/0/0/0,15070:1747647661430:,1747647680498
counter/2/0/0/0,15071:1747647661434:,1747647680498
counter/3/0/0/0,16086:1747647663355:,1747647680498
counter/9/0/0/0,15778:1747647661529:,1747647680498
counter/5/0/0/0,15083:1747647661463:,1747647680498
counter/8/0/0/0,15224:1747647661255:,1747647680498
counter/8/0/0/0,15225:1747647661255:,1747647680498
counter/8/0/0/0,15226:1747647661255:,1747647680498
counter/8/0/0/0,15227:1747647661255:,1747647680498
counter/8/0/0/0,15228:1747647661256:,1747647680498
counter/8/0/0/0,15229:1747647661256:,1747647680498
counter/8/0/0/0,15230:1747647661256:,1747647680499
counter/4/0/0/0,15144:1747647663077:,1747647680499
counter/9/0/0/0,15779:1747647661529:,1747647680499
counter/5/0/0/0,15084:1747647661463:,1747647680499
counter/1/0/0/0,16136:1747647662933:,1747647680499
counter/6/0/0/0,14890:1747647661736:,1747647680499
counter/7/0/0/0,14873:1747647661475:,1747647680499
counter/7/0/0/0,14874:1747647661475:,1747647680499
counter/7/0/0/0,14875:1747647661475:,1747647680499
counter/7/0/0/0,14876:1747647661475:,1747647680499
counter/2/0/0/0,15072:1747647661440:,1747647680499
counter/2/0/0/0,15073:1747647661440:,1747647680499
counter/2/0/0/0,15074:1747647661440:,1747647680499
counter/2/0/0/0,15075:1747647661440:,1747647680499
counter/2/0/0/0,15076:1747647661440:,1747647680499
counter/2/0/0/0,15077:1747647661440:,1747647680499
counter/7/0/0/0,14877:1747647661475:,1747647680499
counter/2/0/0/0,15078:1747647661440:,1747647680499
counter/10/0/0/0,14128:1747647661143:,1747647680499
counter/3/0/0/0,16087:1747647663355:,1747647680499
counter/3/0/0/0,16088:1747647663355:,1747647680499
counter/3/0/0/0,16089:1747647663355:,1747647680499
counter/3/0/0/0,16090:1747647663355:,1747647680499
counter/3/0/0/0,16091:1747647663356:,1747647680499
counter/2/0/0/0,15079:1747647661440:,1747647680499
counter/3/0/0/0,16092:1747647663356:,1747647680499
counter/6/0/0/0,14891:1747647661736:,1747647680499
counter/7/0/0/0,14878:1747647661475:,1747647680499
counter/10/0/0/0,14129:1747647661143:,1747647680499
counter/10/0/0/0,14130:1747647661143:,1747647680499
counter/10/0/0/0,14131:1747647661143:,1747647680499
counter/10/0/0/0,14132:1747647661143:,1747647680499
counter/10/0/0/0,14133:1747647661143:,1747647680499
counter/1/0/0/0,16137:1747647662933:,1747647680499
counter/10/0/0/0,14134:1747647661143:,1747647680499
counter/2/0/0/0,15080:1747647661440:,1747647680500
counter/1/0/0/0,16138:1747647662933:,1747647680500
counter/7/0/0/0,14879:1747647661475:,1747647680500
counter/1/0/0/0,16139:1747647662933:,1747647680500
counter/5/0/0/0,15085:1747647661463:,1747647680500
counter/3/0/0/0,16093:1747647663356:,1747647680500
counter/10/0/0/0,14135:1747647661143:,1747647680500
counter/10/0/0/0,14136:1747647661143:,1747647680500
counter/10/0/0/0,14137:1747647661143:,1747647680500
counter/10/0/0/0,14138:1747647661147:,1747647680500
counter/10/0/0/0,14139:1747647661148:,1747647680500
counter/10/0/0/0,14140:1747647661148:,1747647680500
counter/10/0/0/0,14141:1747647661148:,1747647680500
counter/10/0/0/0,14142:1747647661148:,1747647680500
counter/10/0/0/0,14143:1747647661148:,1747647680500
counter/4/0/0/0,15145:1747647663077:,1747647680500
counter/9/0/0/0,15780:1747647661529:,1747647680500
counter/4/0/0/0,15146:1747647663077:,1747647680500
counter/2/0/0/0,15081:1747647661440:,1747647680500
counter/7/0/0/0,14880:1747647661475:,1747647680500
counter/5/0/0/0,15086:1747647661463:,1747647680500
counter/10/0/0/0,14144:1747647661148:,1747647680500
counter/3/0/0/0,16094:1747647663359:,1747647680500
counter/8/0/0/0,15231:1747647661256:,1747647680500
counter/6/0/0/0,14892:1747647661736:,1747647680500
counter/9/0/0/0,15781:1747647661529:,1747647680500
counter/9/0/0/0,15782:1747647661529:,1747647680500
counter/9/0/0/0,15783:1747647661529:,1747647680500
counter/9/0/0/0,15784:1747647661529:,1747647680500
counter/9/0/0/0,15785:1747647661529:,1747647680500
counter/4/0/0/0,15147:1747647663077:,1747647680500
counter/10/0/0/0,14145:1747647661148:,1747647680500
counter/3/0/0/0,16095:1747647663359:,1747647680500
counter/3/0/0/0,16096:1747647663359:,1747647680500
counter/3/0/0/0,16097:1747647663359:,1747647680500
counter/3/0/0/0,16098:1747647663359:,1747647680500
counter/3/0/0/0,16099:1747647663359:,1747647680500
counter/3/0/0/0,16100:1747647663364:,1747647680500
counter/3/0/0/0,16101:1747647663364:,1747647680501
counter/3/0/0/0,16102:1747647663364:,1747647680501
counter/3/0/0/0,16103:1747647663364:,1747647680501
counter/3/0/0/0,16104:1747647663364:,1747647680501
counter/3/0/0/0,16105:1747647663364:,1747647680501
counter/3/0/0/0,16106:1747647663364:,1747647680501
counter/2/0/0/0,15082:1747647661440:,1747647680501
counter/1/0/0/0,16140:1747647662933:,1747647680501
counter/5/0/0/0,15087:1747647661497:,1747647680501
counter/1/0/0/0,16141:1747647662933:,1747647680501
counter/1/0/0/0,16142:1747647662933:,1747647680501
counter/8/0/0/0,15232:1747647661256:,1747647680501
counter/6/0/0/0,14893:1747647661736:,1747647680501
counter/3/0/0/0,16107:1747647663364:,1747647680501
counter/3/0/0/0,16108:1747647663368:,1747647680501
counter/3/0/0/0,16109:1747647663368:,1747647680501
counter/3/0/0/0,16110:1747647663368:,1747647680501
counter/3/0/0/0,16111:1747647663368:,1747647680501
counter/3/0/0/0,16112:1747647663368:,1747647680501
counter/3/0/0/0,16113:1747647663368:,1747647680501
counter/3/0/0/0,16114:1747647663368:,1747647680501
counter/3/0/0/0,16115:1747647663368:,1747647680501
counter/3/0/0/0,16116:1747647663368:,1747647680501
counter/2/0/0/0,15083:1747647661440:,1747647680501
counter/10/0/0/0,14146:1747647661148:,1747647680501
counter/5/0/0/0,15088:1747647661497:,1747647680501
counter/5/0/0/0,15089:1747647661497:,1747647680501
counter/5/0/0/0,15090:1747647661497:,1747647680501
counter/5/0/0/0,15091:1747647661497:,1747647680501
counter/1/0/0/0,16143:1747647662933:,1747647680501
counter/3/0/0/0,16117:1747647663368:,1747647680501
counter/1/0/0/0,16144:1747647662933:,1747647680501
counter/9/0/0/0,15786:1747647661529:,1747647680501
counter/2/0/0/0,15084:1747647661440:,1747647680501
counter/10/0/0/0,14147:1747647661148:,1747647680501
counter/10/0/0/0,14148:1747647661148:,1747647680501
counter/10/0/0/0,14149:1747647661148:,1747647680501
counter/10/0/0/0,14150:1747647661148:,1747647680502
counter/10/0/0/0,14151:1747647661148:,1747647680502
counter/10/0/0/0,14152:1747647661154:,1747647680502
counter/7/0/0/0,14881:1747647661475:,1747647680502
counter/7/0/0/0,14882:1747647661475:,1747647680502
counter/7/0/0/0,14883:1747647661475:,1747647680502
counter/7/0/0/0,14884:1747647661475:,1747647680502
counter/7/0/0/0,14885:1747647661475:,1747647680502
counter/7/0/0/0,14886:1747647661475:,1747647680502
counter/7/0/0/0,14887:1747647661488:,1747647680502
counter/8/0/0/0,15233:1747647661256:,1747647680502
counter/7/0/0/0,14888:1747647661488:,1747647680502
counter/7/0/0/0,14889:1747647661488:,1747647680502
counter/1/0/0/0,16145:1747647662933:,1747647680502
counter/2/0/0/0,15085:1747647661441:,1747647680502
counter/1/0/0/0,16146:1747647662933:,1747647680502
counter/5/0/0/0,15092:1747647661497:,1747647680502
counter/1/0/0/0,16147:1747647662934:,1747647680502
counter/10/0/0/0,14153:1747647661154:,1747647680502
counter/7/0/0/0,14890:1747647661488:,1747647680502
counter/7/0/0/0,14891:1747647661488:,1747647680502
counter/7/0/0/0,14892:1747647661488:,1747647680502
counter/7/0/0/0,14893:1747647661488:,1747647680502
counter/6/0/0/0,14894:1747647661736:,1747647680502
counter/2/0/0/0,15086:1747647661441:,1747647680502
counter/2/0/0/0,15087:1747647661441:,1747647680502
counter/2/0/0/0,15088:1747647661441:,1747647680502
counter/2/0/0/0,15089:1747647661441:,1747647680502
counter/2/0/0/0,15090:1747647661445:,1747647680502
counter/3/0/0/0,16118:1747647663368:,1747647680502
counter/2/0/0/0,15091:1747647661445:,1747647680502
counter/6/0/0/0,14895:1747647661736:,1747647680502
counter/2/0/0/0,15092:1747647661445:,1747647680502
counter/6/0/0/0,14896:1747647661736:,1747647680502
counter/2/0/0/0,15093:1747647661446:,1747647680502
counter/6/0/0/0,14897:1747647661736:,1747647680503
counter/6/0/0/0,14898:1747647661736:,1747647680503
counter/6/0/0/0,14899:1747647661736:,1747647680503
counter/6/0/0/0,14900:1747647661736:,1747647680503
counter/6/0/0/0,14901:1747647661736:,1747647680503
counter/6/0/0/0,14902:1747647661736:,1747647680503
counter/6/0/0/0,14903:1747647661737:,1747647680503
counter/6/0/0/0,14904:1747647661737:,1747647680503
counter/6/0/0/0,14905:1747647661740:,1747647680503
counter/6/0/0/0,14906:1747647661740:,1747647680503
counter/6/0/0/0,14907:1747647661740:,1747647680503
counter/6/0/0/0,14908:1747647661756:,1747647680503
counter/6/0/0/0,14909:1747647661756:,1747647680503
counter/6/0/0/0,14910:1747647661756:,1747647680503
counter/6/0/0/0,14911:1747647661756:,1747647680503
counter/6/0/0/0,14912:1747647661756:,1747647680503
counter/6/0/0/0,14913:1747647661756:,1747647680503
counter/6/0/0/0,14914:1747647661756:,1747647680503
counter/6/0/0/0,14915:1747647661756:,1747647680503
counter/6/0/0/0,14916:1747647661756:,1747647680503
counter/6/0/0/0,14917:1747647661756:,1747647680503
counter/6/0/0/0,14918:1747647661756:,1747647680503
counter/1/0/0/0,16148:1747647662935:,1747647680503
counter/6/0/0/0,14919:1747647661756:,1747647680503
counter/1/0/0/0,16149:1747647662935:,1747647680503
counter/6/0/0/0,14920:1747647661756:,1747647680503
counter/10/0/0/0,14154:1747647661154:,1747647680503
counter/6/0/0/0,14921:1747647661756:,1747647680503
counter/4/0/0/0,15148:1747647663077:,1747647680503
counter/6/0/0/0,14922:1747647661759:,1747647680503
counter/8/0/0/0,15234:1747647661256:,1747647680503
counter/6/0/0/0,14923:1747647661763:,1747647680503
counter/4/0/0/0,15149:1747647663077:,1747647680503
counter/3/0/0/0,16119:1747647663368:,1747647680503
counter/6/0/0/0,14924:1747647661763:,1747647680503
counter/4/0/0/0,15150:1747647663077:,1747647680503
counter/5/0/0/0,15093:1747647661497:,1747647680503
counter/5/0/0/0,15094:1747647661497:,1747647680504
counter/5/0/0/0,15095:1747647661497:,1747647680504
counter/5/0/0/0,15096:1747647661497:,1747647680504
counter/5/0/0/0,15097:1747647661497:,1747647680504
counter/5/0/0/0,15098:1747647661526:,1747647680504
counter/5/0/0/0,15099:1747647661526:,1747647680504
counter/4/0/0/0,15151:1747647663077:,1747647680504
counter/5/0/0/0,15100:1747647661527:,1747647680504
counter/5/0/0/0,15101:1747647661527:,1747647680504
counter/4/0/0/0,15152:1747647663077:,1747647680504
counter/2/0/0/0,15094:1747647661446:,1747647680504
counter/7/0/0/0,14894:1747647661488:,1747647680504
counter/1/0/0/0,16150:1747647662935:,1747647680504
counter/3/0/0/0,16120:1747647663383:,1747647680504
counter/8/0/0/0,15235:1747647661258:,1747647680504
counter/9/0/0/0,15787:1747647661529:,1747647680504
counter/6/0/0/0,14925:1747647661763:,1747647680504
counter/5/0/0/0,15102:1747647661527:,1747647680504
counter/10/0/0/0,14155:1747647661154:,1747647680504
counter/2/0/0/0,15095:1747647661446:,1747647680504
counter/7/0/0/0,14895:1747647661488:,1747647680504
counter/7/0/0/0,14896:1747647661488:,1747647680504
counter/7/0/0/0,14897:1747647661488:,1747647680504
counter/7/0/0/0,14898:1747647661488:,1747647680504
counter/1/0/0/0,16151:1747647662935:,1747647680504
counter/9/0/0/0,15788:1747647661529:,1747647680504
counter/1/0/0/0,16152:1747647662935:,1747647680504
counter/5/0/0/0,15103:1747647661527:,1747647680504
counter/10/0/0/0,14156:1747647661154:,1747647680504
counter/2/0/0/0,15096:1747647661446:,1747647680504
counter/2/0/0/0,15097:1747647661446:,1747647680504
counter/7/0/0/0,14899:1747647661488:,1747647680504
counter/8/0/0/0,15236:1747647661258:,1747647680504
counter/3/0/0/0,16121:1747647663383:,1747647680504
counter/6/0/0/0,14926:1747647661763:,1747647680504
counter/9/0/0/0,15789:1747647661529:,1747647680505
counter/9/0/0/0,15790:1747647661529:,1747647680505
counter/5/0/0/0,15104:1747647661527:,1747647680505
counter/10/0/0/0,14157:1747647661154:,1747647680505
counter/10/0/0/0,14158:1747647661154:,1747647680505
counter/2/0/0/0,15098:1747647661446:,1747647680505
counter/7/0/0/0,14900:1747647661488:,1747647680505
counter/8/0/0/0,15237:1747647661258:,1747647680505
counter/3/0/0/0,16122:1747647663384:,1747647680505
counter/6/0/0/0,14927:1747647661763:,1747647680505
counter/6/0/0/0,14928:1747647661763:,1747647680505
counter/6/0/0/0,14929:1747647661764:,1747647680505
counter/6/0/0/0,14930:1747647661764:,1747647680505
counter/6/0/0/0,14931:1747647661764:,1747647680505
counter/4/0/0/0,15153:1747647663077:,1747647680505
counter/2/0/0/0,15099:1747647661446:,1747647680505
counter/7/0/0/0,14901:1747647661488:,1747647680505
counter/8/0/0/0,15238:1747647661258:,1747647680505
counter/3/0/0/0,16123:1747647663384:,1747647680505
counter/3/0/0/0,16124:1747647663384:,1747647680505
counter/3/0/0/0,16125:1747647663384:,1747647680505
counter/3/0/0/0,16126:1747647663384:,1747647680505
counter/3/0/0/0,16127:1747647663384:,1747647680505
counter/3/0/0/0,16128:1747647663384:,1747647680505
counter/4/0/0/0,15154:1747647663077:,1747647680505
counter/3/0/0/0,16129:1747647663384:,1747647680505
counter/7/0/0/0,14902:1747647661488:,1747647680505
counter/4/0/0/0,15155:1747647663077:,1747647680505
counter/4/0/0/0,15156:1747647663077:,1747647680505
counter/5/0/0/0,15105:1747647661527:,1747647680505
counter/6/0/0/0,14932:1747647661764:,1747647680505
counter/10/0/0/0,14159:1747647661154:,1747647680505
counter/3/0/0/0,16130:1747647663393:,1747647680505
counter/3/0/0/0,16131:1747647663393:,1747647680505
counter/3/0/0/0,16132:1747647663393:,1747647680505
counter/2/0/0/0,15100:1747647661446:,1747647680505
counter/7/0/0/0,14903:1747647661490:,1747647680505
counter/7/0/0/0,14904:1747647661490:,1747647680505
counter/7/0/0/0,14905:1747647661490:,1747647680506
counter/7/0/0/0,14906:1747647661490:,1747647680506
counter/7/0/0/0,14907:1747647661490:,1747647680506
counter/1/0/0/0,16153:1747647662935:,1747647680506
counter/1/0/0/0,16154:1747647662935:,1747647680506
counter/8/0/0/0,15239:1747647661258:,1747647680506
counter/9/0/0/0,15791:1747647661529:,1747647680506
counter/9/0/0/0,15792:1747647661529:,1747647680506
counter/9/0/0/0,15793:1747647661529:,1747647680506
counter/4/0/0/0,15157:1747647663077:,1747647680506
counter/6/0/0/0,14933:1747647661764:,1747647680506
counter/7/0/0/0,14908:1747647661490:,1747647680506
counter/10/0/0/0,14160:1747647661154:,1747647680506
counter/3/0/0/0,16133:1747647663394:,1747647680506
counter/8/0/0/0,15240:1747647661272:,1747647680506
counter/8/0/0/0,15241:1747647661272:,1747647680506
counter/8/0/0/0,15242:1747647661272:,1747647680506
counter/8/0/0/0,15243:1747647661284:,1747647680506
counter/8/0/0/0,15244:1747647661285:,1747647680506
counter/8/0/0/0,15245:1747647661285:,1747647680506
counter/8/0/0/0,15246:1747647661285:,1747647680506
counter/8/0/0/0,15247:1747647661285:,1747647680506
counter/8/0/0/0,15248:1747647661285:,1747647680506
counter/8/0/0/0,15249:1747647661285:,1747647680506
counter/8/0/0/0,15250:1747647661285:,1747647680506
counter/2/0/0/0,15101:1747647661463:,1747647680506
counter/9/0/0/0,15794:1747647661529:,1747647680506
counter/5/0/0/0,15106:1747647661527:,1747647680506
counter/5/0/0/0,15107:1747647661531:,1747647680506
counter/5/0/0/0,15108:1747647661531:,1747647680506
counter/5/0/0/0,15109:1747647661531:,1747647680506
counter/5/0/0/0,15110:1747647661531:,1747647680506
counter/5/0/0/0,15111:1747647661533:,1747647680506
counter/5/0/0/0,15112:1747647661533:,1747647680506
counter/5/0/0/0,15113:1747647661533:,1747647680506
counter/5/0/0/0,15114:1747647661533:,1747647680506
counter/5/0/0/0,15115:1747647661533:,1747647680506
counter/5/0/0/0,15116:1747647661534:,1747647680506
counter/5/0/0/0,15117:1747647661539:,1747647680507
counter/5/0/0/0,15118:1747647661539:,1747647680507
counter/5/0/0/0,15119:1747647661539:,1747647680507
counter/5/0/0/0,15120:1747647661539:,1747647680507
counter/1/0/0/0,16155:1747647662935:,1747647680507
counter/5/0/0/0,15121:1747647661539:,1747647680507
counter/6/0/0/0,14934:1747647661764:,1747647680507
counter/5/0/0/0,15122:1747647661539:,1747647680507
counter/1/0/0/0,16156:1747647662935:,1747647680507
counter/5/0/0/0,15123:1747647661539:,1747647680507
counter/1/0/0/0,16157:1747647662940:,1747647680507
counter/8/0/0/0,15251:1747647661285:,1747647680507
counter/4/0/0/0,15158:1747647663077:,1747647680507
counter/10/0/0/0,14161:1747647661155:,1747647680507
counter/2/0/0/0,15102:1747647661463:,1747647680507
counter/9/0/0/0,15795:1747647661529:,1747647680507
counter/5/0/0/0,15124:1747647661539:,1747647680507
counter/3/0/0/0,16134:1747647663394:,1747647680507
counter/6/0/0/0,14935:1747647661764:,1747647680507
counter/6/0/0/0,14936:1747647661764:,1747647680507
counter/6/0/0/0,14937:1747647661764:,1747647680507
counter/6/0/0/0,14938:1747647661764:,1747647680507
counter/6/0/0/0,14939:1747647661764:,1747647680507
counter/4/0/0/0,15159:1747647663079:,1747647680507
counter/2/0/0/0,15103:1747647661463:,1747647680507
counter/9/0/0/0,15796:1747647661529:,1747647680507
counter/5/0/0/0,15125:1747647661539:,1747647680507
counter/3/0/0/0,16135:1747647663394:,1747647680507
counter/3/0/0/0,16136:1747647663394:,1747647680507
counter/3/0/0/0,16137:1747647663394:,1747647680507
counter/8/0/0/0,15252:1747647661285:,1747647680507
counter/6/0/0/0,14940:1747647661764:,1747647680507
counter/10/0/0/0,14162:1747647661155:,1747647680507
counter/10/0/0/0,14163:1747647661155:,1747647680507
counter/10/0/0/0,14164:1747647661155:,1747647680508
counter/10/0/0/0,14165:1747647661159:,1747647680508
counter/10/0/0/0,14166:1747647661159:,1747647680508
counter/10/0/0/0,14167:1747647661160:,1747647680508
counter/3/0/0/0,16138:1747647663394:,1747647680508
counter/3/0/0/0,16139:1747647663394:,1747647680508
counter/3/0/0/0,16140:1747647663394:,1747647680508
counter/3/0/0/0,16141:1747647663400:,1747647680508
counter/3/0/0/0,16142:1747647663400:,1747647680508
counter/3/0/0/0,16143:1747647663401:,1747647680508
counter/3/0/0/0,16144:1747647663401:,1747647680508
counter/3/0/0/0,16145:1747647663401:,1747647680508
counter/3/0/0/0,16146:1747647663401:,1747647680508
counter/3/0/0/0,16147:1747647663401:,1747647680508
counter/1/0/0/0,16158:1747647662940:,1747647680508
counter/6/0/0/0,14941:1747647661764:,1747647680508
counter/1/0/0/0,16159:1747647662940:,1747647680508
counter/2/0/0/0,15104:1747647661463:,1747647680508
counter/4/0/0/0,15160:1747647663079:,1747647680508
counter/10/0/0/0,14168:1747647661160:,1747647680508
counter/3/0/0/0,16148:1747647663401:,1747647680508
counter/8/0/0/0,15253:1747647661294:,1747647680508
counter/7/0/0/0,14909:1747647661490:,1747647680508
counter/7/0/0/0,14910:1747647661490:,1747647680508
counter/6/0/0/0,14942:1747647661764:,1747647680508
counter/6/0/0/0,14943:1747647661764:,1747647680508
counter/5/0/0/0,15126:1747647661539:,1747647680508
counter/2/0/0/0,15105:1747647661463:,1747647680508
counter/2/0/0/0,15106:1747647661464:,1747647680508
counter/2/0/0/0,15107:1747647661465:,1747647680508
counter/2/0/0/0,15108:1747647661465:,1747647680508
counter/2/0/0/0,15109:1747647661465:,1747647680508
counter/2/0/0/0,15110:1747647661465:,1747647680508
counter/2/0/0/0,15111:1747647661465:,1747647680508
counter/2/0/0/0,15112:1747647661465:,1747647680508
counter/1/0/0/0,16160:1747647662940:,1747647680508
counter/5/0/0/0,15127:1747647661541:,1747647680508
counter/1/0/0/0,16161:1747647662940:,1747647680508
counter/10/0/0/0,14169:1747647661160:,1747647680509
counter/1/0/0/0,16162:1747647662940:,1747647680509
counter/8/0/0/0,15254:1747647661294:,1747647680509
counter/4/0/0/0,15161:1747647663081:,1747647680509
counter/9/0/0/0,15797:1747647661530:,1747647680509
counter/4/0/0/0,15162:1747647663081:,1747647680509
counter/6/0/0/0,14944:1747647661765:,1747647680509
counter/6/0/0/0,14945:1747647661765:,1747647680509
counter/3/0/0/0,16149:1747647663401:,1747647680509
counter/10/0/0/0,14170:1747647661160:,1747647680509
counter/10/0/0/0,14171:1747647661160:,1747647680509
counter/7/0/0/0,14911:1747647661497:,1747647680509
counter/8/0/0/0,15255:1747647661294:,1747647680509
counter/2/0/0/0,15113:1747647661465:,1747647680509
counter/9/0/0/0,15798:1747647661530:,1747647680509
counter/5/0/0/0,15128:1747647661541:,1747647680509
counter/5/0/0/0,15129:1747647661541:,1747647680509
counter/6/0/0/0,14946:1747647661765:,1747647680509
counter/3/0/0/0,16150:1747647663402:,1747647680509
counter/3/0/0/0,16151:1747647663402:,1747647680509
counter/3/0/0/0,16152:1747647663402:,1747647680509
counter/3/0/0/0,16153:1747647663402:,1747647680509
counter/3/0/0/0,16154:1747647663402:,1747647680509
counter/3/0/0/0,16155:1747647663402:,1747647680509
counter/3/0/0/0,16156:1747647663402:,1747647680509
counter/4/0/0/0,15163:1747647663081:,1747647680509
counter/5/0/0/0,15130:1747647661541:,1747647680509
counter/4/0/0/0,15164:1747647663082:,1747647680509
counter/4/0/0/0,15165:1747647663082:,1747647680509
counter/10/0/0/0,14172:1747647661160:,1747647680509
counter/1/0/0/0,16163:1747647662941:,1747647680509
counter/2/0/0/0,15114:1747647661465:,1747647680509
counter/1/0/0/0,16164:1747647662941:,1747647680509
counter/7/0/0/0,14912:1747647661497:,1747647680509
counter/1/0/0/0,16165:1747647662949:,1747647680510
counter/6/0/0/0,14947:1747647661765:,1747647680510
counter/1/0/0/0,16166:1747647662958:,1747647680510
counter/1/0/0/0,16167:1747647662958:,1747647680510
counter/10/0/0/0,14173:1747647661160:,1747647680510
counter/1/0/0/0,16168:1747647662958:,1747647680510
counter/3/0/0/0,16157:1747647663402:,1747647680510
counter/1/0/0/0,16169:1747647662958:,1747647680510
counter/7/0/0/0,14913:1747647661498:,1747647680510
counter/4/0/0/0,15166:1747647663082:,1747647680510
counter/5/0/0/0,15131:1747647661541:,1747647680510
counter/6/0/0/0,14948:1747647661765:,1747647680510
counter/10/0/0/0,14174:1747647661160:,1747647680510
counter/10/0/0/0,14175:1747647661160:,1747647680510
counter/10/0/0/0,14176:1747647661160:,1747647680510
counter/10/0/0/0,14177:1747647661160:,1747647680510
counter/10/0/0/0,14178:1747647661160:,1747647680510
counter/2/0/0/0,15115:1747647661466:,1747647680510
counter/9/0/0/0,15799:1747647661530:,1747647680510
counter/5/0/0/0,15132:1747647661541:,1747647680510
counter/4/0/0/0,15167:1747647663082:,1747647680510
counter/6/0/0/0,14949:1747647661765:,1747647680510
counter/3/0/0/0,16158:1747647663402:,1747647680510
counter/10/0/0/0,14179:1747647661160:,1747647680510
counter/7/0/0/0,14914:1747647661498:,1747647680510
counter/1/0/0/0,16170:1747647662958:,1747647680510
counter/8/0/0/0,15256:1747647661294:,1747647680510
counter/2/0/0/0,15116:1747647661466:,1747647680510
counter/9/0/0/0,15800:1747647661535:,1747647680510
counter/5/0/0/0,15133:1747647661541:,1747647680510
counter/4/0/0/0,15168:1747647663082:,1747647680510
counter/6/0/0/0,14950:1747647661765:,1747647680510
counter/4/0/0/0,15169:1747647663082:,1747647680510
counter/10/0/0/0,14180:1747647661160:,1747647680510
counter/7/0/0/0,14915:1747647661502:,1747647680511
counter/8/0/0/0,15257:1747647661294:,1747647680511
counter/1/0/0/0,16171:1747647662959:,1747647680511
counter/2/0/0/0,15117:1747647661466:,1747647680511
counter/9/0/0/0,15801:1747647661535:,1747647680511
counter/5/0/0/0,15134:1747647661541:,1747647680511
counter/3/0/0/0,16159:1747647663402:,1747647680511
counter/6/0/0/0,14951:1747647661765:,1747647680511
counter/4/0/0/0,15170:1747647663082:,1747647680511
counter/10/0/0/0,14181:1747647661160:,1747647680511
counter/4/0/0/0,15171:1747647663082:,1747647680511
counter/8/0/0/0,15258:1747647661295:,1747647680511
counter/4/0/0/0,15172:1747647663086:,1747647680511
counter/2/0/0/0,15118:1747647661466:,1747647680511
counter/9/0/0/0,15802:1747647661535:,1747647680511
counter/5/0/0/0,15135:1747647661541:,1747647680511
counter/3/0/0/0,16160:1747647663402:,1747647680511
counter/6/0/0/0,14952:1747647661765:,1747647680511
counter/7/0/0/0,14916:1747647661502:,1747647680511
counter/10/0/0/0,14182:1747647661160:,1747647680511
counter/10/0/0/0,14183:1747647661160:,1747647680511
counter/4/0/0/0,15173:1747647663086:,1747647680511
counter/2/0/0/0,15119:1747647661473:,1747647680511
counter/4/0/0/0,15174:1747647663086:,1747647680511
counter/9/0/0/0,15803:1747647661535:,1747647680511
counter/1/0/0/0,16172:1747647662959:,1747647680511
counter/3/0/0/0,16161:1747647663406:,1747647680511
counter/1/0/0/0,16173:1747647662959:,1747647680511
counter/7/0/0/0,14917:1747647661502:,1747647680511
counter/10/0/0/0,14184:1747647661160:,1747647680511
counter/10/0/0/0,14185:1747647661160:,1747647680511
counter/2/0/0/0,15120:1747647661473:,1747647680511
counter/9/0/0/0,15804:1747647661535:,1747647680511
counter/5/0/0/0,15136:1747647661541:,1747647680511
counter/6/0/0/0,14953:1747647661765:,1747647680511
counter/3/0/0/0,16162:1747647663406:,1747647680511
counter/1/0/0/0,16174:1747647662959:,1747647680512
counter/7/0/0/0,14918:1747647661502:,1747647680512
counter/1/0/0/0,16175:1747647662959:,1747647680512
counter/10/0/0/0,14186:1747647661160:,1747647680512
counter/4/0/0/0,15175:1747647663086:,1747647680512
counter/2/0/0/0,15121:1747647661473:,1747647680512
counter/1/0/0/0,16176:1747647662959:,1747647680512
counter/5/0/0/0,15137:1747647661541:,1747647680512
counter/6/0/0/0,14954:1747647661765:,1747647680512
counter/3/0/0/0,16163:1747647663406:,1747647680512
counter/3/0/0/0,16164:1747647663406:,1747647680512
counter/3/0/0/0,16165:1747647663406:,1747647680512
counter/3/0/0/0,16166:1747647663406:,1747647680512
counter/3/0/0/0,16167:1747647663407:,1747647680512
counter/3/0/0/0,16168:1747647663407:,1747647680512
counter/3/0/0/0,16169:1747647663407:,1747647680512
counter/3/0/0/0,16170:1747647663407:,1747647680512
counter/3/0/0/0,16171:1747647663407:,1747647680512
counter/3/0/0/0,16172:1747647663407:,1747647680512
counter/3/0/0/0,16173:1747647663407:,1747647680512
counter/3/0/0/0,16174:1747647663407:,1747647680512
counter/3/0/0/0,16175:1747647663407:,1747647680512
counter/3/0/0/0,16176:1747647663407:,1747647680512
counter/3/0/0/0,16177:1747647663407:,1747647680512
counter/3/0/0/0,16178:1747647663407:,1747647680512
counter/3/0/0/0,16179:1747647663408:,1747647680512
counter/2/0/0/0,15122:1747647661473:,1747647680512
counter/3/0/0/0,16180:1747647663408:,1747647680512
counter/1/0/0/0,16177:1747647662959:,1747647680512
counter/3/0/0/0,16181:1747647663408:,1747647680512
counter/5/0/0/0,15138:1747647661541:,1747647680512
counter/3/0/0/0,16182:1747647663408:,1747647680512
counter/1/0/0/0,16178:1747647662959:,1747647680512
counter/6/0/0/0,14955:1747647661765:,1747647680512
counter/8/0/0/0,15259:1747647661295:,1747647680512
counter/4/0/0/0,15176:1747647663086:,1747647680512
counter/7/0/0/0,14919:1747647661502:,1747647680512
counter/4/0/0/0,15177:1747647663086:,1747647680512
counter/2/0/0/0,15123:1747647661473:,1747647680513
counter/9/0/0/0,15805:1747647661535:,1747647680513
counter/10/0/0/0,14187:1747647661160:,1747647680513
counter/5/0/0/0,15139:1747647661541:,1747647680513
counter/5/0/0/0,15140:1747647661541:,1747647680513
counter/5/0/0/0,15141:1747647661541:,1747647680513
counter/5/0/0/0,15142:1747647661542:,1747647680513
counter/5/0/0/0,15143:1747647661542:,1747647680513
counter/5/0/0/0,15144:1747647661542:,1747647680513
counter/5/0/0/0,15145:1747647661542:,1747647680513
counter/10/0/0/0,14188:1747647661160:,1747647680513
counter/5/0/0/0,15146:1747647661542:,1747647680513
counter/5/0/0/0,15147:1747647661542:,1747647680513
counter/1/0/0/0,16179:1747647662959:,1747647680513
counter/6/0/0/0,14956:1747647661765:,1747647680513
counter/1/0/0/0,16180:1747647662970:,1747647680513
counter/1/0/0/0,16181:1747647662970:,1747647680513
counter/7/0/0/0,14920:1747647661502:,1747647680513
counter/7/0/0/0,14921:1747647661506:,1747647680513
counter/7/0/0/0,14922:1747647661507:,1747647680513
counter/7/0/0/0,14923:1747647661507:,1747647680513
counter/7/0/0/0,14924:1747647661507:,1747647680513
counter/7/0/0/0,14925:1747647661507:,1747647680513
counter/7/0/0/0,14926:1747647661507:,1747647680513
counter/7/0/0/0,14927:1747647661507:,1747647680513
counter/7/0/0/0,14928:1747647661507:,1747647680513
counter/7/0/0/0,14929:1747647661507:,1747647680513
counter/7/0/0/0,14930:1747647661507:,1747647680513
counter/7/0/0/0,14931:1747647661507:,1747647680513
counter/7/0/0/0,14932:1747647661507:,1747647680513
counter/7/0/0/0,14933:1747647661507:,1747647680513
counter/1/0/0/0,16182:1747647662970:,1747647680513
counter/7/0/0/0,14934:1747647661507:,1747647680513
counter/2/0/0/0,15124:1747647661473:,1747647680513
counter/7/0/0/0,14935:1747647661507:,1747647680513
counter/1/0/0/0,16183:1747647662970:,1747647680514
counter/6/0/0/0,14957:1747647661765:,1747647680514
counter/7/0/0/0,14936:1747647661509:,1747647680514
counter/5/0/0/0,15148:1747647661542:,1747647680514
counter/8/0/0/0,15260:1747647661295:,1747647680514
counter/3/0/0/0,16183:1747647663408:,1747647680514
counter/10/0/0/0,14189:1747647661160:,1747647680514
counter/9/0/0/0,15806:1747647661535:,1747647680514
counter/2/0/0/0,15125:1747647661484:,1747647680514
counter/4/0/0/0,15178:1747647663086:,1747647680514
counter/4/0/0/0,15179:1747647663086:,1747647680514
counter/5/0/0/0,15149:1747647661542:,1747647680514
counter/4/0/0/0,15180:1747647663086:,1747647680514
counter/7/0/0/0,14937:1747647661527:,1747647680514
counter/1/0/0/0,16184:1747647662970:,1747647680514
counter/3/0/0/0,16184:1747647663408:,1747647680514
counter/10/0/0/0,14190:1747647661160:,1747647680514
counter/9/0/0/0,15807:1747647661535:,1747647680514
counter/2/0/0/0,15126:1747647661484:,1747647680514
counter/6/0/0/0,14958:1747647661766:,1747647680514
counter/5/0/0/0,15150:1747647661542:,1747647680514
counter/5/0/0/0,15151:1747647661542:,1747647680514
counter/5/0/0/0,15152:1747647661542:,1747647680514
counter/5/0/0/0,15153:1747647661542:,1747647680514
counter/5/0/0/0,15154:1747647661542:,1747647680514
counter/5/0/0/0,15155:1747647661542:,1747647680514
counter/5/0/0/0,15156:1747647661542:,1747647680514
counter/5/0/0/0,15157:1747647661542:,1747647680514
counter/5/0/0/0,15158:1747647661542:,1747647680514
counter/5/0/0/0,15159:1747647661545:,1747647680514
counter/8/0/0/0,15261:1747647661295:,1747647680514
counter/5/0/0/0,15160:1747647661545:,1747647680514
counter/1/0/0/0,16185:1747647662970:,1747647680514
counter/1/0/0/0,16186:1747647662970:,1747647680514
counter/7/0/0/0,14938:1747647661527:,1747647680514
counter/1/0/0/0,16187:1747647662973:,1747647680514
counter/1/0/0/0,16188:1747647662985:,1747647680514
counter/1/0/0/0,16189:1747647662986:,1747647680514
counter/5/0/0/0,15161:1747647661545:,1747647680515
counter/1/0/0/0,16190:1747647662986:,1747647680515
counter/4/0/0/0,15181:1747647663086:,1747647680515
counter/8/0/0/0,15262:1747647661295:,1747647680515
counter/4/0/0/0,15182:1747647663086:,1747647680515
counter/7/0/0/0,14939:1747647661527:,1747647680515
counter/4/0/0/0,15183:1747647663086:,1747647680515
counter/2/0/0/0,15127:1747647661484:,1747647680515
counter/4/0/0/0,15184:1747647663086:,1747647680515
counter/6/0/0/0,14959:1747647661766:,1747647680515
counter/1/0/0/0,16191:1747647662986:,1747647680515
counter/5/0/0/0,15162:1747647661545:,1747647680515
counter/1/0/0/0,16192:1747647662986:,1747647680515
counter/10/0/0/0,14191:1747647661160:,1747647680515
counter/7/0/0/0,14940:1747647661527:,1747647680515
counter/7/0/0/0,14941:1747647661527:,1747647680515
counter/7/0/0/0,14942:1747647661527:,1747647680515
counter/7/0/0/0,14943:1747647661527:,1747647680515
counter/7/0/0/0,14944:1747647661527:,1747647680515
counter/7/0/0/0,14945:1747647661527:,1747647680515
counter/7/0/0/0,14946:1747647661527:,1747647680515
counter/7/0/0/0,14947:1747647661527:,1747647680515
counter/7/0/0/0,14948:1747647661527:,1747647680515
counter/7/0/0/0,14949:1747647661536:,1747647680515
counter/7/0/0/0,14950:1747647661536:,1747647680515
counter/7/0/0/0,14951:1747647661536:,1747647680515
counter/7/0/0/0,14952:1747647661536:,1747647680515
counter/7/0/0/0,14953:1747647661536:,1747647680515
counter/1/0/0/0,16193:1747647662987:,1747647680515
counter/7/0/0/0,14954:1747647661536:,1747647680515
counter/1/0/0/0,16194:1747647662987:,1747647680515
counter/10/0/0/0,14192:1747647661160:,1747647680515
counter/6/0/0/0,14960:1747647661766:,1747647680515
counter/8/0/0/0,15263:1747647661295:,1747647680515
counter/4/0/0/0,15185:1747647663086:,1747647680516
counter/5/0/0/0,15163:1747647661545:,1747647680516
counter/7/0/0/0,14955:1747647661538:,1747647680516
counter/7/0/0/0,14956:1747647661538:,1747647680516
counter/7/0/0/0,14957:1747647661538:,1747647680516
counter/2/0/0/0,15128:1747647661484:,1747647680516
counter/10/0/0/0,14193:1747647661160:,1747647680516
counter/1/0/0/0,16195:1747647662987:,1747647680516
counter/6/0/0/0,14961:1747647661767:,1747647680516
counter/8/0/0/0,15264:1747647661295:,1747647680516
counter/4/0/0/0,15186:1747647663086:,1747647680516
counter/5/0/0/0,15164:1747647661551:,1747647680516
counter/7/0/0/0,14958:1747647661538:,1747647680516
counter/7/0/0/0,14959:1747647661538:,1747647680516
counter/7/0/0/0,14960:1747647661538:,1747647680516
counter/7/0/0/0,14961:1747647661538:,1747647680516
counter/7/0/0/0,14962:1747647661540:,1747647680516
counter/7/0/0/0,14963:1747647661540:,1747647680516
counter/2/0/0/0,15129:1747647661484:,1747647680516
counter/8/0/0/0,15265:1747647661295:,1747647680516
counter/2/0/0/0,15130:1747647661484:,1747647680516
counter/5/0/0/0,15165:1747647661551:,1747647680516
counter/10/0/0/0,14194:1747647661160:,1747647680516
counter/6/0/0/0,14962:1747647661767:,1747647680516
counter/6/0/0/0,14963:1747647661767:,1747647680516
counter/6/0/0/0,14964:1747647661767:,1747647680516
counter/6/0/0/0,14965:1747647661768:,1747647680516
counter/6/0/0/0,14966:1747647661768:,1747647680516
counter/6/0/0/0,14967:1747647661768:,1747647680516
counter/6/0/0/0,14968:1747647661768:,1747647680516
counter/6/0/0/0,14969:1747647661768:,1747647680516
counter/6/0/0/0,14970:1747647661768:,1747647680516
counter/6/0/0/0,14971:1747647661768:,1747647680516
counter/1/0/0/0,16196:1747647662987:,1747647680516
counter/6/0/0/0,14972:1747647661768:,1747647680516
counter/3/0/0/0,16185:1747647663409:,1747647680516
counter/1/0/0/0,16197:1747647662987:,1747647680516
counter/1/0/0/0,16198:1747647662987:,1747647680516
counter/8/0/0/0,15266:1747647661295:,1747647680516
counter/5/0/0/0,15166:1747647661551:,1747647680517
counter/2/0/0/0,15131:1747647661484:,1747647680517
counter/10/0/0/0,14195:1747647661160:,1747647680517
counter/6/0/0/0,14973:1747647661768:,1747647680517
counter/7/0/0/0,14964:1747647661540:,1747647680517
counter/7/0/0/0,14965:1747647661552:,1747647680517
counter/7/0/0/0,14966:1747647661553:,1747647680517
counter/7/0/0/0,14967:1747647661565:,1747647680517
counter/7/0/0/0,14968:1747647661565:,1747647680517
counter/7/0/0/0,14969:1747647661565:,1747647680517
counter/7/0/0/0,14970:1747647661565:,1747647680517
counter/1/0/0/0,16199:1747647662987:,1747647680517
counter/10/0/0/0,14196:1747647661160:,1747647680517
counter/1/0/0/0,16200:1747647662987:,1747647680517
counter/8/0/0/0,15267:1747647661295:,1747647680517
counter/4/0/0/0,15187:1747647663086:,1747647680517
counter/5/0/0/0,15167:1747647661555:,1747647680517
counter/7/0/0/0,14971:1747647661565:,1747647680517
counter/7/0/0/0,14972:1747647661565:,1747647680517
counter/7/0/0/0,14973:1747647661566:,1747647680517
counter/7/0/0/0,14974:1747647661566:,1747647680517
counter/7/0/0/0,14975:1747647661566:,1747647680517
counter/7/0/0/0,14976:1747647661566:,1747647680517
counter/8/0/0/0,15268:1747647661295:,1747647680517
counter/8/0/0/0,15269:1747647661295:,1747647680517
counter/8/0/0/0,15270:1747647661295:,1747647680517
counter/8/0/0/0,15271:1747647661304:,1747647680517
counter/8/0/0/0,15272:1747647661305:,1747647680517
counter/8/0/0/0,15273:1747647661305:,1747647680517
counter/8/0/0/0,15274:1747647661305:,1747647680517
counter/8/0/0/0,15275:1747647661305:,1747647680517
counter/8/0/0/0,15276:1747647661305:,1747647680517
counter/8/0/0/0,15277:1747647661305:,1747647680517
counter/1/0/0/0,16201:1747647662987:,1747647680517
counter/8/0/0/0,15278:1747647661305:,1747647680518
counter/2/0/0/0,15132:1747647661484:,1747647680518
counter/1/0/0/0,16202:1747647662987:,1747647680518
counter/6/0/0/0,14974:1747647661770:,1747647680518
counter/7/0/0/0,14977:1747647661566:,1747647680518
counter/1/0/0/0,16203:1747647662987:,1747647680518
counter/9/0/0/0,15808:1747647661535:,1747647680518
counter/8/0/0/0,15279:1747647661305:,1747647680518
counter/5/0/0/0,15168:1747647661555:,1747647680518
counter/10/0/0/0,14197:1747647661161:,1747647680518
counter/2/0/0/0,15133:1747647661484:,1747647680518
counter/6/0/0/0,14975:1747647661770:,1747647680518
counter/7/0/0/0,14978:1747647661566:,1747647680518
counter/7/0/0/0,14979:1747647661566:,1747647680518
counter/7/0/0/0,14980:1747647661566:,1747647680518
counter/4/0/0/0,15188:1747647663086:,1747647680518
counter/4/0/0/0,15189:1747647663086:,1747647680518
counter/8/0/0/0,15280:1747647661305:,1747647680518
counter/5/0/0/0,15169:1747647661555:,1747647680518
counter/8/0/0/0,15281:1747647661305:,1747647680518
counter/2/0/0/0,15134:1747647661484:,1747647680518
counter/6/0/0/0,14976:1747647661770:,1747647680518
counter/7/0/0/0,14981:1747647661566:,1747647680518
counter/7/0/0/0,14982:1747647661566:,1747647680518
counter/7/0/0/0,14983:1747647661566:,1747647680518
counter/7/0/0/0,14984:1747647661567:,1747647680518
counter/4/0/0/0,15190:1747647663089:,1747647680518
counter/5/0/0/0,15170:1747647661555:,1747647680518
counter/8/0/0/0,15282:1747647661306:,1747647680518
counter/1/0/0/0,16204:1747647662988:,1747647680518
counter/2/0/0/0,15135:1747647661484:,1747647680518
counter/1/0/0/0,16205:1747647662991:,1747647680518
counter/7/0/0/0,14985:1747647661567:,1747647680518
counter/7/0/0/0,14986:1747647661567:,1747647680519
counter/7/0/0/0,14987:1747647661567:,1747647680519
counter/7/0/0/0,14988:1747647661567:,1747647680519
counter/7/0/0/0,14989:1747647661567:,1747647680519
counter/7/0/0/0,14990:1747647661570:,1747647680519
counter/7/0/0/0,14991:1747647661570:,1747647680519
counter/7/0/0/0,14992:1747647661570:,1747647680519
counter/7/0/0/0,14993:1747647661570:,1747647680519
counter/7/0/0/0,14994:1747647661570:,1747647680519
counter/7/0/0/0,14995:1747647661570:,1747647680519
counter/5/0/0/0,15171:1747647661556:,1747647680519
counter/7/0/0/0,14996:1747647661570:,1747647680519
counter/10/0/0/0,14198:1747647661161:,1747647680519
counter/6/0/0/0,14977:1747647661770:,1747647680519
counter/2/0/0/0,15136:1747647661484:,1747647680519
counter/2/0/0/0,15137:1747647661484:,1747647680519
counter/2/0/0/0,15138:1747647661485:,1747647680519
counter/2/0/0/0,15139:1747647661485:,1747647680519
counter/2/0/0/0,15140:1747647661485:,1747647680519
counter/2/0/0/0,15141:1747647661489:,1747647680519
counter/2/0/0/0,15142:1747647661489:,1747647680519
counter/2/0/0/0,15143:1747647661489:,1747647680519
counter/3/0/0/0,16186:1747647663409:,1747647680519
counter/2/0/0/0,15144:1747647661489:,1747647680519
counter/3/0/0/0,16187:1747647663409:,1747647680519
counter/2/0/0/0,15145:1747647661489:,1747647680519
counter/3/0/0/0,16188:1747647663409:,1747647680519
counter/2/0/0/0,15146:1747647661489:,1747647680519
counter/3/0/0/0,16189:1747647663409:,1747647680519
counter/4/0/0/0,15191:1747647663089:,1747647680519
counter/3/0/0/0,16190:1747647663409:,1747647680519
counter/4/0/0/0,15192:1747647663089:,1747647680519
counter/3/0/0/0,16191:1747647663409:,1747647680519
counter/4/0/0/0,15193:1747647663089:,1747647680519
counter/4/0/0/0,15194:1747647663089:,1747647680519
counter/8/0/0/0,15283:1747647661306:,1747647680519
counter/5/0/0/0,15172:1747647661556:,1747647680519
counter/3/0/0/0,16192:1747647663409:,1747647680520
counter/10/0/0/0,14199:1747647661161:,1747647680520
counter/9/0/0/0,15809:1747647661535:,1747647680520
counter/9/0/0/0,15810:1747647661540:,1747647680520
counter/9/0/0/0,15811:1747647661540:,1747647680520
counter/9/0/0/0,15812:1747647661540:,1747647680520
counter/9/0/0/0,15813:1747647661548:,1747647680520
counter/9/0/0/0,15814:1747647661548:,1747647680520
counter/1/0/0/0,16206:1747647662991:,1747647680520
counter/5/0/0/0,15173:1747647661556:,1747647680520
counter/1/0/0/0,16207:1747647662991:,1747647680520
counter/10/0/0/0,14200:1747647661170:,1747647680520
counter/1/0/0/0,16208:1747647662991:,1747647680520
counter/6/0/0/0,14978:1747647661770:,1747647680520
counter/4/0/0/0,15195:1747647663089:,1747647680520
counter/9/0/0/0,15815:1747647661548:,1747647680520
counter/4/0/0/0,15196:1747647663089:,1747647680520
counter/8/0/0/0,15284:1747647661306:,1747647680520
counter/1/0/0/0,16209:1747647662991:,1747647680520
counter/5/0/0/0,15174:1747647661556:,1747647680520
counter/2/0/0/0,15147:1747647661489:,1747647680520
counter/10/0/0/0,14201:1747647661170:,1747647680520
counter/6/0/0/0,14979:1747647661770:,1747647680520
counter/9/0/0/0,15816:1747647661548:,1747647680520
counter/9/0/0/0,15817:1747647661548:,1747647680520
counter/9/0/0/0,15818:1747647661548:,1747647680520
counter/4/0/0/0,15197:1747647663089:,1747647680520
counter/8/0/0/0,15285:1747647661306:,1747647680520
counter/4/0/0/0,15198:1747647663089:,1747647680520
counter/5/0/0/0,15175:1747647661556:,1747647680520
counter/2/0/0/0,15148:1747647661489:,1747647680520
counter/10/0/0/0,14202:1747647661170:,1747647680520
counter/6/0/0/0,14980:1747647661770:,1747647680520
counter/9/0/0/0,15819:1747647661548:,1747647680521
counter/9/0/0/0,15820:1747647661552:,1747647680521
counter/9/0/0/0,15821:1747647661552:,1747647680521
counter/9/0/0/0,15822:1747647661552:,1747647680521
counter/9/0/0/0,15823:1747647661552:,1747647680521
counter/9/0/0/0,15824:1747647661552:,1747647680521
counter/9/0/0/0,15825:1747647661552:,1747647680521
counter/9/0/0/0,15826:1747647661552:,1747647680521
counter/9/0/0/0,15827:1747647661568:,1747647680521
counter/9/0/0/0,15828:1747647661568:,1747647680521
counter/9/0/0/0,15829:1747647661568:,1747647680521
counter/9/0/0/0,15830:1747647661568:,1747647680521
counter/1/0/0/0,16210:1747647662991:,1747647680521
counter/2/0/0/0,15149:1747647661490:,1747647680521
counter/1/0/0/0,16211:1747647662991:,1747647680521
counter/10/0/0/0,14203:1747647661170:,1747647680521
counter/6/0/0/0,14981:1747647661770:,1747647680521
counter/8/0/0/0,15286:1747647661306:,1747647680521
counter/9/0/0/0,15831:1747647661568:,1747647680521
counter/5/0/0/0,15176:1747647661556:,1747647680521
counter/3/0/0/0,16193:1747647663409:,1747647680521
counter/3/0/0/0,16194:1747647663409:,1747647680521
counter/3/0/0/0,16195:1747647663409:,1747647680521
counter/3/0/0/0,16196:1747647663410:,1747647680521
counter/3/0/0/0,16197:1747647663410:,1747647680521
counter/3/0/0/0,16198:1747647663410:,1747647680521
counter/3/0/0/0,16199:1747647663410:,1747647680521
counter/3/0/0/0,16200:1747647663410:,1747647680521
counter/3/0/0/0,16201:1747647663410:,1747647680521
counter/3/0/0/0,16202:1747647663410:,1747647680521
counter/3/0/0/0,16203:1747647663410:,1747647680521
counter/3/0/0/0,16204:1747647663411:,1747647680521
counter/4/0/0/0,15199:1747647663089:,1747647680521
counter/8/0/0/0,15287:1747647661306:,1747647680521
counter/3/0/0/0,16205:1747647663411:,1747647680522
counter/4/0/0/0,15200:1747647663089:,1747647680522
counter/5/0/0/0,15177:1747647661556:,1747647680522
counter/2/0/0/0,15150:1747647661492:,1747647680522
counter/1/0/0/0,16212:1747647662992:,1747647680522
counter/3/0/0/0,16206:1747647663411:,1747647680522
counter/1/0/0/0,16213:1747647662992:,1747647680522
counter/9/0/0/0,15832:1747647661568:,1747647680522
counter/4/0/0/0,15201:1747647663089:,1747647680522
counter/8/0/0/0,15288:1747647661307:,1747647680522
counter/5/0/0/0,15178:1747647661556:,1747647680522
counter/10/0/0/0,14204:1747647661170:,1747647680522
counter/2/0/0/0,15151:1747647661492:,1747647680522
counter/6/0/0/0,14982:1747647661770:,1747647680522
counter/3/0/0/0,16207:1747647663411:,1747647680522
counter/3/0/0/0,16208:1747647663411:,1747647680522
counter/3/0/0/0,16209:1747647663411:,1747647680522
counter/3/0/0/0,16210:1747647663411:,1747647680522
counter/3/0/0/0,16211:1747647663411:,1747647680522
counter/3/0/0/0,16212:1747647663411:,1747647680522
counter/3/0/0/0,16213:1747647663415:,1747647680522
counter/3/0/0/0,16214:1747647663416:,1747647680522
counter/3/0/0/0,16215:1747647663416:,1747647680522
counter/3/0/0/0,16216:1747647663416:,1747647680522
counter/3/0/0/0,16217:1747647663416:,1747647680522
counter/3/0/0/0,16218:1747647663416:,1747647680522
counter/3/0/0/0,16219:1747647663416:,1747647680522
counter/1/0/0/0,16214:1747647662993:,1747647680522
counter/1/0/0/0,16215:1747647662993:,1747647680522
counter/10/0/0/0,14205:1747647661170:,1747647680522
counter/6/0/0/0,14983:1747647661770:,1747647680522
counter/4/0/0/0,15202:1747647663089:,1747647680522
counter/8/0/0/0,15289:1747647661307:,1747647680522
counter/3/0/0/0,16220:1747647663416:,1747647680522
counter/5/0/0/0,15179:1747647661556:,1747647680522
counter/7/0/0/0,14997:1747647661570:,1747647680522
counter/7/0/0/0,14998:1747647661570:,1747647680522
counter/7/0/0/0,14999:1747647661570:,1747647680522
counter/7/0/0/0,15000:1747647661570:,1747647680523
counter/7/0/0/0,15001:1747647661570:,1747647680523
counter/7/0/0/0,15002:1747647661570:,1747647680523
counter/7/0/0/0,15003:1747647661570:,1747647680523
counter/7/0/0/0,15004:1747647661571:,1747647680523
counter/7/0/0/0,15005:1747647661571:,1747647680523
counter/7/0/0/0,15006:1747647661571:,1747647680523
counter/7/0/0/0,15007:1747647661571:,1747647680523
counter/7/0/0/0,15008:1747647661571:,1747647680523
counter/10/0/0/0,14206:1747647661170:,1747647680523
counter/7/0/0/0,15009:1747647661571:,1747647680523
counter/4/0/0/0,15203:1747647663089:,1747647680523
counter/8/0/0/0,15290:1747647661307:,1747647680523
counter/4/0/0/0,15204:1747647663090:,1747647680523
counter/4/0/0/0,15205:1747647663090:,1747647680523
counter/4/0/0/0,15206:1747647663090:,1747647680523
counter/4/0/0/0,15207:1747647663090:,1747647680523
counter/4/0/0/0,15208:1747647663090:,1747647680523
counter/4/0/0/0,15209:1747647663090:,1747647680523
counter/4/0/0/0,15210:1747647663090:,1747647680523
counter/4/0/0/0,15211:1747647663090:,1747647680523
counter/5/0/0/0,15180:1747647661556:,1747647680523
counter/8/0/0/0,15291:1747647661308:,1747647680523
counter/8/0/0/0,15292:1747647661308:,1747647680523
counter/8/0/0/0,15293:1747647661308:,1747647680523
counter/3/0/0/0,16221:1747647663416:,1747647680523
counter/2/0/0/0,15152:1747647661492:,1747647680523
counter/3/0/0/0,16222:1747647663416:,1747647680523
counter/10/0/0/0,14207:1747647661171:,1747647680523
counter/10/0/0/0,14208:1747647661171:,1747647680523
counter/10/0/0/0,14209:1747647661171:,1747647680523
counter/10/0/0/0,14210:1747647661171:,1747647680523
counter/10/0/0/0,14211:1747647661171:,1747647680523
counter/10/0/0/0,14212:1747647661171:,1747647680523
counter/10/0/0/0,14213:1747647661171:,1747647680523
counter/10/0/0/0,14214:1747647661171:,1747647680523
counter/10/0/0/0,14215:1747647661171:,1747647680523
counter/10/0/0/0,14216:1747647661171:,1747647680524
counter/4/0/0/0,15212:1747647663090:,1747647680524
counter/10/0/0/0,14217:1747647661171:,1747647680524
counter/4/0/0/0,15213:1747647663090:,1747647680524
counter/6/0/0/0,14984:1747647661770:,1747647680524
counter/7/0/0/0,15010:1747647661571:,1747647680524
counter/1/0/0/0,16216:1747647662993:,1747647680524
counter/3/0/0/0,16223:1747647663416:,1747647680524
counter/2/0/0/0,15153:1747647661492:,1747647680524
counter/9/0/0/0,15833:1747647661568:,1747647680524
counter/10/0/0/0,14218:1747647661171:,1747647680524
counter/5/0/0/0,15181:1747647661562:,1747647680524
counter/8/0/0/0,15294:1747647661314:,1747647680524
counter/6/0/0/0,14985:1747647661770:,1747647680524
counter/6/0/0/0,14986:1747647661770:,1747647680524
counter/6/0/0/0,14987:1747647661770:,1747647680524
counter/6/0/0/0,14988:1747647661772:,1747647680524
counter/6/0/0/0,14989:1747647661774:,1747647680524
counter/6/0/0/0,14990:1747647661774:,1747647680524
counter/6/0/0/0,14991:1747647661774:,1747647680524
counter/6/0/0/0,14992:1747647661774:,1747647680524
counter/6/0/0/0,14993:1747647661777:,1747647680524
counter/6/0/0/0,14994:1747647661777:,1747647680524
counter/4/0/0/0,15214:1747647663091:,1747647680524
counter/6/0/0/0,14995:1747647661777:,1747647680524
counter/3/0/0/0,16224:1747647663416:,1747647680524
counter/4/0/0/0,15215:1747647663091:,1747647680524
counter/2/0/0/0,15154:1747647661492:,1747647680524
counter/9/0/0/0,15834:1747647661575:,1747647680524
counter/10/0/0/0,14219:1747647661182:,1747647680524
counter/5/0/0/0,15182:1747647661562:,1747647680524
counter/8/0/0/0,15295:1747647661314:,1747647680524
counter/6/0/0/0,14996:1747647661779:,1747647680524
counter/7/0/0/0,15011:1747647661571:,1747647680524
counter/7/0/0/0,15012:1747647661572:,1747647680524
counter/7/0/0/0,15013:1747647661572:,1747647680524
counter/1/0/0/0,16217:1747647662993:,1747647680525
counter/2/0/0/0,15155:1747647661499:,1747647680525
counter/2/0/0/0,15156:1747647661499:,1747647680525
counter/9/0/0/0,15835:1747647661575:,1747647680525
counter/5/0/0/0,15183:1747647661562:,1747647680525
counter/8/0/0/0,15296:1747647661315:,1747647680525
counter/6/0/0/0,14997:1747647661779:,1747647680525
counter/7/0/0/0,15014:1747647661572:,1747647680525
counter/7/0/0/0,15015:1747647661572:,1747647680525
counter/7/0/0/0,15016:1747647661572:,1747647680525
counter/7/0/0/0,15017:1747647661572:,1747647680525
counter/1/0/0/0,16218:1747647662993:,1747647680525
counter/9/0/0/0,15836:1747647661575:,1747647680525
counter/2/0/0/0,15157:1747647661499:,1747647680525
counter/5/0/0/0,15184:1747647661562:,1747647680525
counter/8/0/0/0,15297:1747647661315:,1747647680525
counter/6/0/0/0,14998:1747647661779:,1747647680525
counter/6/0/0/0,14999:1747647661779:,1747647680525
counter/6/0/0/0,15000:1747647661779:,1747647680525
counter/6/0/0/0,15001:1747647661779:,1747647680525
counter/6/0/0/0,15002:1747647661800:,1747647680525
counter/6/0/0/0,15003:1747647661800:,1747647680525
counter/6/0/0/0,15004:1747647661800:,1747647680525
counter/6/0/0/0,15005:1747647661800:,1747647680525
counter/6/0/0/0,15006:1747647661800:,1747647680525
counter/6/0/0/0,15007:1747647661800:,1747647680525
counter/6/0/0/0,15008:1747647661800:,1747647680525
counter/6/0/0/0,15009:1747647661800:,1747647680525
counter/6/0/0/0,15010:1747647661800:,1747647680525
counter/6/0/0/0,15011:1747647661801:,1747647680525
counter/6/0/0/0,15012:1747647661801:,1747647680525
counter/1/0/0/0,16219:1747647662993:,1747647680525
counter/6/0/0/0,15013:1747647661801:,1747647680525
counter/8/0/0/0,15298:1747647661315:,1747647680525
counter/6/0/0/0,15014:1747647661801:,1747647680525
counter/1/0/0/0,16220:1747647662993:,1747647680525
counter/7/0/0/0,15018:1747647661573:,1747647680525
counter/10/0/0/0,14220:1747647661182:,1747647680526
counter/3/0/0/0,16225:1747647663416:,1747647680526
counter/3/0/0/0,16226:1747647663416:,1747647680526
counter/3/0/0/0,16227:1747647663416:,1747647680526
counter/3/0/0/0,16228:1747647663417:,1747647680526
counter/3/0/0/0,16229:1747647663418:,1747647680526
counter/3/0/0/0,16230:1747647663418:,1747647680526
counter/3/0/0/0,16231:1747647663418:,1747647680526
counter/4/0/0/0,15216:1747647663091:,1747647680526
counter/4/0/0/0,15217:1747647663091:,1747647680526
counter/10/0/0/0,14221:1747647661182:,1747647680526
counter/2/0/0/0,15158:1747647661499:,1747647680526
counter/6/0/0/0,15015:1747647661801:,1747647680526
counter/2/0/0/0,15159:1747647661499:,1747647680526
counter/8/0/0/0,15299:1747647661315:,1747647680526
counter/3/0/0/0,16232:1747647663418:,1747647680526
counter/3/0/0/0,16233:1747647663418:,1747647680526
counter/3/0/0/0,16234:1747647663418:,1747647680526
counter/3/0/0/0,16235:1747647663418:,1747647680526
counter/3/0/0/0,16236:1747647663418:,1747647680526
counter/3/0/0/0,16237:1747647663418:,1747647680526
counter/1/0/0/0,16221:1747647663004:,1747647680526
counter/6/0/0/0,15016:1747647661816:,1747647680526
counter/4/0/0/0,15218:1747647663091:,1747647680526
counter/8/0/0/0,15300:1747647661315:,1747647680526
counter/4/0/0/0,15219:1747647663091:,1747647680526
counter/3/0/0/0,16238:1747647663418:,1747647680526
counter/5/0/0/0,15185:1747647661562:,1747647680526
counter/9/0/0/0,15837:1747647661575:,1747647680526
counter/9/0/0/0,15838:1747647661575:,1747647680526
counter/9/0/0/0,15839:1747647661575:,1747647680526
counter/9/0/0/0,15840:1747647661576:,1747647680526
counter/9/0/0/0,15841:1747647661587:,1747647680526
counter/9/0/0/0,15842:1747647661588:,1747647680526
counter/9/0/0/0,15843:1747647661588:,1747647680527
counter/9/0/0/0,15844:1747647661588:,1747647680527
counter/9/0/0/0,15845:1747647661588:,1747647680527
counter/9/0/0/0,15846:1747647661594:,1747647680527
counter/9/0/0/0,15847:1747647661595:,1747647680527
counter/9/0/0/0,15848:1747647661595:,1747647680527
counter/9/0/0/0,15849:1747647661595:,1747647680527
counter/9/0/0/0,15850:1747647661595:,1747647680527
counter/1/0/0/0,16222:1747647663004:,1747647680527
counter/9/0/0/0,15851:1747647661595:,1747647680527
counter/6/0/0/0,15017:1747647661816:,1747647680527
counter/9/0/0/0,15852:1747647661595:,1747647680527
counter/8/0/0/0,15301:1747647661315:,1747647680527
counter/8/0/0/0,15302:1747647661315:,1747647680527
counter/8/0/0/0,15303:1747647661321:,1747647680527
counter/8/0/0/0,15304:1747647661321:,1747647680527
counter/8/0/0/0,15305:1747647661331:,1747647680527
counter/3/0/0/0,16239:1747647663418:,1747647680527
counter/10/0/0/0,14222:1747647661182:,1747647680527
counter/7/0/0/0,15019:1747647661573:,1747647680527
counter/7/0/0/0,15020:1747647661574:,1747647680527
counter/7/0/0/0,15021:1747647661574:,1747647680527
counter/2/0/0/0,15160:1747647661499:,1747647680527
counter/5/0/0/0,15186:1747647661562:,1747647680527
counter/9/0/0/0,15853:1747647661598:,1747647680527
counter/2/0/0/0,15161:1747647661499:,1747647680527
counter/3/0/0/0,16240:1747647663418:,1747647680527
counter/10/0/0/0,14223:1747647661182:,1747647680527
counter/10/0/0/0,14224:1747647661182:,1747647680527
counter/4/0/0/0,15220:1747647663091:,1747647680527
counter/4/0/0/0,15221:1747647663091:,1747647680527
counter/7/0/0/0,15022:1747647661574:,1747647680527
counter/1/0/0/0,16223:1747647663004:,1747647680527
counter/8/0/0/0,15306:1747647661331:,1747647680527
counter/1/0/0/0,16224:1747647663014:,1747647680527
counter/2/0/0/0,15162:1747647661499:,1747647680527
counter/3/0/0/0,16241:1747647663418:,1747647680527
counter/10/0/0/0,14225:1747647661182:,1747647680527
counter/6/0/0/0,15018:1747647661816:,1747647680527
counter/6/0/0/0,15019:1747647661816:,1747647680528
counter/5/0/0/0,15187:1747647661563:,1747647680528
counter/7/0/0/0,15023:1747647661574:,1747647680528
counter/7/0/0/0,15024:1747647661574:,1747647680528
counter/8/0/0/0,15307:1747647661331:,1747647680528
counter/8/0/0/0,15308:1747647661331:,1747647680528
counter/1/0/0/0,16225:1747647663014:,1747647680528
counter/1/0/0/0,16226:1747647663014:,1747647680528
counter/3/0/0/0,16242:1747647663418:,1747647680528
counter/1/0/0/0,16227:1747647663014:,1747647680528
counter/6/0/0/0,15020:1747647661816:,1747647680528
counter/4/0/0/0,15222:1747647663091:,1747647680528
counter/7/0/0/0,15025:1747647661574:,1747647680528
counter/4/0/0/0,15223:1747647663093:,1747647680528
counter/2/0/0/0,15163:1747647661499:,1747647680528
counter/8/0/0/0,15309:1747647661331:,1747647680528
counter/8/0/0/0,15310:1747647661331:,1747647680528
counter/8/0/0/0,15311:1747647661331:,1747647680528
counter/8/0/0/0,15312:1747647661331:,1747647680528
counter/1/0/0/0,16228:1747647663014:,1747647680528
counter/6/0/0/0,15021:1747647661816:,1747647680528
counter/7/0/0/0,15026:1747647661574:,1747647680528
counter/7/0/0/0,15027:1747647661574:,1747647680528
counter/4/0/0/0,15224:1747647663093:,1747647680528
counter/2/0/0/0,15164:1747647661499:,1747647680528
counter/3/0/0/0,16243:1747647663418:,1747647680528
counter/8/0/0/0,15313:1747647661331:,1747647680528
counter/8/0/0/0,15314:1747647661331:,1747647680528
counter/8/0/0/0,15315:1747647661331:,1747647680528
counter/8/0/0/0,15316:1747647661332:,1747647680528
counter/8/0/0/0,15317:1747647661332:,1747647680528
counter/8/0/0/0,15318:1747647661332:,1747647680528
counter/8/0/0/0,15319:1747647661332:,1747647680528
counter/2/0/0/0,15165:1747647661499:,1747647680528
counter/8/0/0/0,15320:1747647661332:,1747647680528
counter/2/0/0/0,15166:1747647661499:,1747647680529
counter/8/0/0/0,15321:1747647661333:,1747647680529
counter/2/0/0/0,15167:1747647661499:,1747647680529
counter/2/0/0/0,15168:1747647661499:,1747647680529
counter/2/0/0/0,15169:1747647661499:,1747647680529
counter/2/0/0/0,15170:1747647661528:,1747647680529
counter/2/0/0/0,15171:1747647661530:,1747647680529
counter/2/0/0/0,15172:1747647661530:,1747647680529
counter/2/0/0/0,15173:1747647661530:,1747647680529
counter/2/0/0/0,15174:1747647661530:,1747647680529
counter/2/0/0/0,15175:1747647661530:,1747647680529
counter/2/0/0/0,15176:1747647661531:,1747647680529
counter/2/0/0/0,15177:1747647661531:,1747647680529
counter/2/0/0/0,15178:1747647661531:,1747647680529
counter/1/0/0/0,16229:1747647663015:,1747647680529
counter/2/0/0/0,15179:1747647661531:,1747647680529
counter/8/0/0/0,15322:1747647661333:,1747647680529
counter/1/0/0/0,16230:1747647663015:,1747647680529
counter/5/0/0/0,15188:1747647661563:,1747647680529
counter/4/0/0/0,15225:1747647663093:,1747647680529
counter/6/0/0/0,15022:1747647661819:,1747647680529
counter/10/0/0/0,14226:1747647661182:,1747647680529
counter/7/0/0/0,15028:1747647661574:,1747647680529
counter/2/0/0/0,15180:1747647661531:,1747647680529
counter/9/0/0/0,15854:1747647661598:,1747647680529
counter/9/0/0/0,15855:1747647661598:,1747647680529
counter/9/0/0/0,15856:1747647661614:,1747647680529
counter/9/0/0/0,15857:1747647661614:,1747647680529
counter/9/0/0/0,15858:1747647661614:,1747647680529
counter/9/0/0/0,15859:1747647661614:,1747647680529
counter/9/0/0/0,15860:1747647661614:,1747647680529
counter/9/0/0/0,15861:1747647661614:,1747647680529
counter/9/0/0/0,15862:1747647661614:,1747647680529
counter/9/0/0/0,15863:1747647661614:,1747647680529
counter/9/0/0/0,15864:1747647661614:,1747647680530
counter/9/0/0/0,15865:1747647661614:,1747647680530
counter/9/0/0/0,15866:1747647661614:,1747647680530
counter/1/0/0/0,16231:1747647663015:,1747647680530
counter/9/0/0/0,15867:1747647661614:,1747647680530
counter/10/0/0/0,14227:1747647661182:,1747647680530
counter/1/0/0/0,16232:1747647663015:,1747647680530
counter/2/0/0/0,15181:1747647661539:,1747647680530
counter/4/0/0/0,15226:1747647663093:,1747647680530
counter/3/0/0/0,16244:1747647663418:,1747647680530
counter/4/0/0/0,15227:1747647663093:,1747647680530
counter/6/0/0/0,15023:1747647661819:,1747647680530
counter/4/0/0/0,15228:1747647663093:,1747647680530
counter/10/0/0/0,14228:1747647661182:,1747647680530
counter/10/0/0/0,14229:1747647661182:,1747647680530
counter/10/0/0/0,14230:1747647661182:,1747647680530
counter/5/0/0/0,15189:1747647661563:,1747647680530
counter/2/0/0/0,15182:1747647661539:,1747647680530
counter/3/0/0/0,16245:1747647663418:,1747647680530
counter/3/0/0/0,16246:1747647663418:,1747647680530
counter/3/0/0/0,16247:1747647663418:,1747647680530
counter/3/0/0/0,16248:1747647663419:,1747647680530
counter/3/0/0/0,16249:1747647663419:,1747647680530
counter/3/0/0/0,16250:1747647663419:,1747647680530
counter/3/0/0/0,16251:1747647663419:,1747647680530
counter/3/0/0/0,16252:1747647663419:,1747647680530
counter/3/0/0/0,16253:1747647663419:,1747647680530
counter/3/0/0/0,16254:1747647663419:,1747647680530
counter/3/0/0/0,16255:1747647663419:,1747647680530
counter/3/0/0/0,16256:1747647663419:,1747647680530
counter/3/0/0/0,16257:1747647663419:,1747647680530
counter/3/0/0/0,16258:1747647663419:,1747647680530
counter/3/0/0/0,16259:1747647663419:,1747647680530
counter/1/0/0/0,16233:1747647663015:,1747647680530
counter/3/0/0/0,16260:1747647663420:,1747647680530
counter/8/0/0/0,15323:1747647661333:,1747647680530
counter/3/0/0/0,16261:1747647663420:,1747647680530
counter/1/0/0/0,16234:1747647663015:,1747647680530
counter/5/0/0/0,15190:1747647661563:,1747647680531
counter/3/0/0/0,16262:1747647663420:,1747647680531
counter/2/0/0/0,15183:1747647661539:,1747647680531
counter/6/0/0/0,15024:1747647661819:,1747647680531
counter/3/0/0/0,16263:1747647663420:,1747647680531
counter/3/0/0/0,16264:1747647663420:,1747647680531
counter/3/0/0/0,16265:1747647663422:,1747647680531
counter/3/0/0/0,16266:1747647663422:,1747647680531
counter/3/0/0/0,16267:1747647663422:,1747647680531
counter/1/0/0/0,16235:1747647663015:,1747647680531
counter/3/0/0/0,16268:1747647663422:,1747647680531
counter/2/0/0/0,15184:1747647661539:,1747647680531
counter/6/0/0/0,15025:1747647661834:,1747647680531
counter/3/0/0/0,16269:1747647663422:,1747647680531
counter/10/0/0/0,14231:1747647661182:,1747647680531
counter/10/0/0/0,14232:1747647661182:,1747647680531
counter/7/0/0/0,15029:1747647661574:,1747647680531
counter/10/0/0/0,14233:1747647661182:,1747647680531
counter/7/0/0/0,15030:1747647661574:,1747647680531
counter/10/0/0/0,14234:1747647661182:,1747647680531
counter/7/0/0/0,15031:1747647661574:,1747647680531
counter/10/0/0/0,14235:1747647661182:,1747647680531
counter/7/0/0/0,15032:1747647661574:,1747647680531
counter/10/0/0/0,14236:1747647661182:,1747647680531
counter/7/0/0/0,15033:1747647661574:,1747647680531
counter/7/0/0/0,15034:1747647661576:,1747647680531
counter/7/0/0/0,15035:1747647661598:,1747647680531
counter/2/0/0/0,15185:1747647661539:,1747647680531
counter/7/0/0/0,15036:1747647661598:,1747647680531
counter/6/0/0/0,15026:1747647661834:,1747647680531
counter/7/0/0/0,15037:1747647661598:,1747647680531
counter/5/0/0/0,15191:1747647661564:,1747647680531
counter/10/0/0/0,14237:1747647661182:,1747647680531
counter/7/0/0/0,15038:1747647661598:,1747647680531
counter/10/0/0/0,14238:1747647661182:,1747647680531
counter/7/0/0/0,15039:1747647661598:,1747647680531
counter/10/0/0/0,14239:1747647661183:,1747647680531
counter/10/0/0/0,14240:1747647661183:,1747647680532
counter/1/0/0/0,16236:1747647663015:,1747647680532
counter/10/0/0/0,14241:1747647661183:,1747647680532
counter/2/0/0/0,15186:1747647661539:,1747647680532
counter/6/0/0/0,15027:1747647661834:,1747647680532
counter/10/0/0/0,14242:1747647661183:,1747647680532
counter/5/0/0/0,15192:1747647661564:,1747647680532
counter/7/0/0/0,15040:1747647661600:,1747647680532
counter/7/0/0/0,15041:1747647661600:,1747647680532
counter/7/0/0/0,15042:1747647661600:,1747647680532
counter/7/0/0/0,15043:1747647661600:,1747647680532
counter/7/0/0/0,15044:1747647661600:,1747647680532
counter/7/0/0/0,15045:1747647661600:,1747647680532
counter/1/0/0/0,16237:1747647663015:,1747647680532
counter/6/0/0/0,15028:1747647661834:,1747647680532
counter/7/0/0/0,15046:1747647661601:,1747647680532
counter/5/0/0/0,15193:1747647661564:,1747647680532
counter/4/0/0/0,15229:1747647663093:,1747647680532
counter/10/0/0/0,14243:1747647661183:,1747647680532
counter/4/0/0/0,15230:1747647663093:,1747647680532
counter/7/0/0/0,15047:1747647661601:,1747647680532
counter/2/0/0/0,15187:1747647661539:,1747647680532
counter/3/0/0/0,16270:1747647663422:,1747647680532
counter/3/0/0/0,16271:1747647663422:,1747647680532
counter/3/0/0/0,16272:1747647663422:,1747647680532
counter/3/0/0/0,16273:1747647663449:,1747647680532
counter/3/0/0/0,16274:1747647663449:,1747647680532
counter/3/0/0/0,16275:1747647663449:,1747647680532
counter/3/0/0/0,16276:1747647663449:,1747647680532
counter/3/0/0/0,16277:1747647663449:,1747647680532
counter/4/0/0/0,15231:1747647663093:,1747647680532
counter/2/0/0/0,15188:1747647661539:,1747647680532
counter/4/0/0/0,15232:1747647663093:,1747647680532
counter/6/0/0/0,15029:1747647661850:,1747647680532
counter/5/0/0/0,15194:1747647661564:,1747647680532
counter/10/0/0/0,14244:1747647661183:,1747647680533
counter/10/0/0/0,14245:1747647661185:,1747647680533
counter/10/0/0/0,14246:1747647661185:,1747647680533
counter/10/0/0/0,14247:1747647661185:,1747647680533
counter/10/0/0/0,14248:1747647661186:,1747647680533
counter/10/0/0/0,14249:1747647661186:,1747647680533
counter/10/0/0/0,14250:1747647661186:,1747647680533
counter/1/0/0/0,16238:1747647663015:,1747647680533
counter/1/0/0/0,16239:1747647663015:,1747647680533
counter/5/0/0/0,15195:1747647661564:,1747647680533
counter/1/0/0/0,16240:1747647663015:,1747647680533
counter/9/0/0/0,15868:1747647661614:,1747647680533
counter/1/0/0/0,16241:1747647663015:,1747647680533
counter/2/0/0/0,15189:1747647661539:,1747647680533
counter/10/0/0/0,14251:1747647661186:,1747647680533
counter/10/0/0/0,14252:1747647661193:,1747647680533
counter/10/0/0/0,14253:1747647661193:,1747647680533
counter/10/0/0/0,14254:1747647661193:,1747647680533
counter/10/0/0/0,14255:1747647661196:,1747647680533
counter/10/0/0/0,14256:1747647661196:,1747647680533
counter/10/0/0/0,14257:1747647661196:,1747647680533
counter/10/0/0/0,14258:1747647661196:,1747647680533
counter/10/0/0/0,14259:1747647661196:,1747647680533
counter/10/0/0/0,14260:1747647661196:,1747647680533
counter/1/0/0/0,16242:1747647663015:,1747647680533
counter/6/0/0/0,15030:1747647661850:,1747647680533
counter/5/0/0/0,15196:1747647661564:,1747647680533
counter/9/0/0/0,15869:1747647661627:,1747647680533
counter/9/0/0/0,15870:1747647661627:,1747647680533
counter/9/0/0/0,15871:1747647661627:,1747647680533
counter/9/0/0/0,15872:1747647661627:,1747647680533
counter/9/0/0/0,15873:1747647661627:,1747647680533
counter/9/0/0/0,15874:1747647661627:,1747647680533
counter/9/0/0/0,15875:1747647661627:,1747647680533
counter/9/0/0/0,15876:1747647661627:,1747647680533
counter/9/0/0/0,15877:1747647661627:,1747647680533
counter/6/0/0/0,15031:1747647661850:,1747647680533
counter/9/0/0/0,15878:1747647661628:,1747647680534
counter/4/0/0/0,15233:1747647663093:,1747647680534
counter/10/0/0/0,14261:1747647661196:,1747647680534
counter/4/0/0/0,15234:1747647663096:,1747647680534
counter/5/0/0/0,15197:1747647661564:,1747647680534
counter/4/0/0/0,15235:1747647663096:,1747647680534
counter/4/0/0/0,15236:1747647663096:,1747647680534
counter/3/0/0/0,16278:1747647663449:,1747647680534
counter/4/0/0/0,15237:1747647663096:,1747647680534
counter/4/0/0/0,15238:1747647663096:,1747647680534
counter/6/0/0/0,15032:1747647661854:,1747647680534
counter/10/0/0/0,14262:1747647661196:,1747647680534
counter/10/0/0/0,14263:1747647661196:,1747647680534
counter/9/0/0/0,15879:1747647661628:,1747647680534
counter/9/0/0/0,15880:1747647661629:,1747647680534
counter/2/0/0/0,15190:1747647661539:,1747647680534
counter/3/0/0/0,16279:1747647663449:,1747647680534
counter/2/0/0/0,15191:1747647661539:,1747647680534
counter/4/0/0/0,15239:1747647663096:,1747647680534
counter/6/0/0/0,15033:1747647661854:,1747647680534
counter/1/0/0/0,16243:1747647663015:,1747647680534
counter/10/0/0/0,14264:1747647661196:,1747647680534
counter/1/0/0/0,16244:1747647663016:,1747647680534
counter/5/0/0/0,15198:1747647661564:,1747647680534
counter/5/0/0/0,15199:1747647661564:,1747647680534
counter/3/0/0/0,16280:1747647663449:,1747647680534
counter/3/0/0/0,16281:1747647663449:,1747647680534
counter/3/0/0/0,16282:1747647663449:,1747647680534
counter/3/0/0/0,16283:1747647663449:,1747647680534
counter/3/0/0/0,16284:1747647663449:,1747647680534
counter/10/0/0/0,14265:1747647661196:,1747647680534
counter/10/0/0/0,14266:1747647661200:,1747647680534
counter/10/0/0/0,14267:1747647661200:,1747647680534
counter/10/0/0/0,14268:1747647661200:,1747647680534
counter/10/0/0/0,14269:1747647661201:,1747647680534
counter/10/0/0/0,14270:1747647661201:,1747647680534
counter/10/0/0/0,14271:1747647661201:,1747647680534
counter/10/0/0/0,14272:1747647661201:,1747647680534
counter/10/0/0/0,14273:1747647661201:,1747647680535
counter/10/0/0/0,14274:1747647661201:,1747647680535
counter/10/0/0/0,14275:1747647661201:,1747647680535
counter/10/0/0/0,14276:1747647661201:,1747647680535
counter/10/0/0/0,14277:1747647661201:,1747647680535
counter/10/0/0/0,14278:1747647661201:,1747647680535
counter/10/0/0/0,14279:1747647661201:,1747647680535
counter/4/0/0/0,15240:1747647663096:,1747647680535
counter/10/0/0/0,14280:1747647661201:,1747647680535
counter/9/0/0/0,15881:1747647661629:,1747647680535
counter/10/0/0/0,14281:1747647661201:,1747647680535
counter/4/0/0/0,15241:1747647663096:,1747647680535
counter/6/0/0/0,15034:1747647661854:,1747647680535
counter/1/0/0/0,16245:1747647663016:,1747647680535
counter/2/0/0/0,15192:1747647661539:,1747647680535
counter/7/0/0/0,15048:1747647661601:,1747647680535
counter/10/0/0/0,14282:1747647661201:,1747647680535
counter/5/0/0/0,15200:1747647661569:,1747647680535
counter/8/0/0/0,15324:1747647661342:,1747647680535
counter/9/0/0/0,15882:1747647661629:,1747647680535
counter/9/0/0/0,15883:1747647661629:,1747647680535
counter/9/0/0/0,15884:1747647661629:,1747647680535
counter/6/0/0/0,15035:1747647661855:,1747647680535
counter/6/0/0/0,15036:1747647661858:,1747647680535
counter/6/0/0/0,15037:1747647661858:,1747647680535
counter/7/0/0/0,15049:1747647661601:,1747647680535
counter/10/0/0/0,14283:1747647661202:,1747647680535
counter/10/0/0/0,14284:1747647661202:,1747647680535
counter/10/0/0/0,14285:1747647661202:,1747647680535
counter/10/0/0/0,14286:1747647661202:,1747647680535
counter/4/0/0/0,15242:1747647663097:,1747647680535
counter/3/0/0/0,16285:1747647663449:,1747647680536
counter/4/0/0/0,15243:1747647663097:,1747647680536
counter/2/0/0/0,15193:1747647661539:,1747647680536
counter/1/0/0/0,16246:1747647663016:,1747647680536
counter/7/0/0/0,15050:1747647661601:,1747647680536
counter/1/0/0/0,16247:1747647663023:,1747647680536
counter/10/0/0/0,14287:1747647661203:,1747647680536
counter/1/0/0/0,16248:1747647663023:,1747647680536
counter/9/0/0/0,15885:1747647661629:,1747647680536
counter/1/0/0/0,16249:1747647663023:,1747647680536
counter/1/0/0/0,16250:1747647663023:,1747647680536
counter/6/0/0/0,15038:1747647661858:,1747647680536
counter/4/0/0/0,15244:1747647663097:,1747647680536
counter/5/0/0/0,15201:1747647661569:,1747647680536
counter/7/0/0/0,15051:1747647661608:,1747647680536
counter/10/0/0/0,14288:1747647661203:,1747647680536
counter/10/0/0/0,14289:1747647661203:,1747647680536
counter/10/0/0/0,14290:1747647661203:,1747647680536
counter/10/0/0/0,14291:1747647661203:,1747647680536
counter/10/0/0/0,14292:1747647661217:,1747647680536
counter/10/0/0/0,14293:1747647661217:,1747647680536
counter/2/0/0/0,15194:1747647661540:,1747647680536
counter/10/0/0/0,14294:1747647661218:,1747647680536
counter/5/0/0/0,15202:1747647661569:,1747647680536
counter/7/0/0/0,15052:1747647661608:,1747647680536
counter/7/0/0/0,15053:1747647661608:,1747647680536
counter/7/0/0/0,15054:1747647661608:,1747647680536
counter/7/0/0/0,15055:1747647661612:,1747647680536
counter/1/0/0/0,16251:1747647663023:,1747647680536
counter/1/0/0/0,16252:1747647663023:,1747647680536
counter/10/0/0/0,14295:1747647661218:,1747647680536
counter/10/0/0/0,14296:1747647661218:,1747647680536
counter/10/0/0/0,14297:1747647661218:,1747647680536
counter/10/0/0/0,14298:1747647661219:,1747647680536
counter/10/0/0/0,14299:1747647661219:,1747647680536
counter/10/0/0/0,14300:1747647661219:,1747647680537
counter/10/0/0/0,14301:1747647661219:,1747647680537
counter/10/0/0/0,14302:1747647661219:,1747647680537
counter/10/0/0/0,14303:1747647661219:,1747647680537
counter/10/0/0/0,14304:1747647661219:,1747647680537
counter/4/0/0/0,15245:1747647663097:,1747647680537
counter/2/0/0/0,15195:1747647661546:,1747647680537
counter/7/0/0/0,15056:1747647661612:,1747647680537
counter/6/0/0/0,15039:1747647661860:,1747647680537
counter/3/0/0/0,16286:1747647663449:,1747647680537
counter/3/0/0/0,16287:1747647663449:,1747647680537
counter/3/0/0/0,16288:1747647663452:,1747647680537
counter/3/0/0/0,16289:1747647663452:,1747647680537
counter/3/0/0/0,16290:1747647663452:,1747647680537
counter/3/0/0/0,16291:1747647663452:,1747647680537
counter/3/0/0/0,16292:1747647663452:,1747647680537
counter/3/0/0/0,16293:1747647663452:,1747647680537
counter/3/0/0/0,16294:1747647663452:,1747647680537
counter/3/0/0/0,16295:1747647663452:,1747647680537
counter/3/0/0/0,16296:1747647663452:,1747647680537
counter/5/0/0/0,15203:1747647661569:,1747647680537
counter/3/0/0/0,16297:1747647663463:,1747647680537
counter/8/0/0/0,15325:1747647661342:,1747647680537
counter/4/0/0/0,15246:1747647663097:,1747647680537
counter/2/0/0/0,15196:1747647661546:,1747647680537
counter/6/0/0/0,15040:1747647661860:,1747647680537
counter/10/0/0/0,14305:1747647661219:,1747647680537
counter/3/0/0/0,16298:1747647663463:,1747647680537
counter/3/0/0/0,16299:1747647663463:,1747647680537
counter/3/0/0/0,16300:1747647663463:,1747647680537
counter/1/0/0/0,16253:1747647663024:,1747647680537
counter/5/0/0/0,15204:1747647661569:,1747647680537
counter/8/0/0/0,15326:1747647661342:,1747647680537
counter/8/0/0/0,15327:1747647661342:,1747647680537
counter/8/0/0/0,15328:1747647661342:,1747647680537
counter/8/0/0/0,15329:1747647661342:,1747647680538
counter/8/0/0/0,15330:1747647661346:,1747647680538
counter/8/0/0/0,15331:1747647661346:,1747647680538
counter/8/0/0/0,15332:1747647661346:,1747647680538
counter/8/0/0/0,15333:1747647661346:,1747647680538
counter/5/0/0/0,15205:1747647661569:,1747647680538
counter/8/0/0/0,15334:1747647661346:,1747647680538
counter/4/0/0/0,15247:1747647663097:,1747647680538
counter/2/0/0/0,15197:1747647661546:,1747647680538
counter/4/0/0/0,15248:1747647663097:,1747647680538
counter/9/0/0/0,15886:1747647661629:,1747647680538
counter/4/0/0/0,15249:1747647663098:,1747647680538
counter/4/0/0/0,15250:1747647663098:,1747647680538
counter/8/0/0/0,15335:1747647661346:,1747647680538
counter/4/0/0/0,15251:1747647663098:,1747647680538
counter/10/0/0/0,14306:1747647661219:,1747647680538
counter/1/0/0/0,16254:1747647663024:,1747647680538
counter/6/0/0/0,15041:1747647661860:,1747647680538
counter/6/0/0/0,15042:1747647661860:,1747647680538
counter/9/0/0/0,15887:1747647661629:,1747647680538
counter/9/0/0/0,15888:1747647661629:,1747647680538
counter/9/0/0/0,15889:1747647661629:,1747647680538
counter/9/0/0/0,15890:1747647661629:,1747647680538
counter/9/0/0/0,15891:1747647661629:,1747647680538
counter/9/0/0/0,15892:1747647661629:,1747647680538
counter/9/0/0/0,15893:1747647661629:,1747647680538
counter/9/0/0/0,15894:1747647661629:,1747647680538
counter/9/0/0/0,15895:1747647661629:,1747647680538
counter/9/0/0/0,15896:1747647661633:,1747647680538
counter/9/0/0/0,15897:1747647661633:,1747647680538
counter/9/0/0/0,15898:1747647661635:,1747647680538
counter/9/0/0/0,15899:1747647661635:,1747647680538
counter/9/0/0/0,15900:1747647661636:,1747647680538
counter/9/0/0/0,15901:1747647661636:,1747647680538
counter/9/0/0/0,15902:1747647661656:,1747647680538
counter/9/0/0/0,15903:1747647661657:,1747647680538
counter/9/0/0/0,15904:1747647661657:,1747647680538
counter/9/0/0/0,15905:1747647661657:,1747647680539
counter/9/0/0/0,15906:1747647661657:,1747647680539
counter/9/0/0/0,15907:1747647661657:,1747647680539
counter/9/0/0/0,15908:1747647661657:,1747647680539
counter/9/0/0/0,15909:1747647661657:,1747647680539
counter/8/0/0/0,15336:1747647661346:,1747647680539
counter/9/0/0/0,15910:1747647661657:,1747647680539
counter/4/0/0/0,15252:1747647663098:,1747647680539
counter/9/0/0/0,15911:1747647661657:,1747647680539
counter/10/0/0/0,14307:1747647661219:,1747647680539
counter/4/0/0/0,15253:1747647663105:,1747647680539
counter/5/0/0/0,15206:1747647661569:,1747647680539
counter/4/0/0/0,15254:1747647663105:,1747647680539
counter/3/0/0/0,16301:1747647663463:,1747647680539
counter/2/0/0/0,15198:1747647661552:,1747647680539
counter/1/0/0/0,16255:1747647663024:,1747647680539
counter/7/0/0/0,15057:1747647661612:,1747647680539
counter/1/0/0/0,16256:1747647663024:,1747647680539
counter/6/0/0/0,15043:1747647661860:,1747647680539
counter/10/0/0/0,14308:1747647661219:,1747647680539
counter/9/0/0/0,15912:1747647661657:,1747647680539
counter/5/0/0/0,15207:1747647661569:,1747647680539
counter/5/0/0/0,15208:1747647661569:,1747647680539
counter/5/0/0/0,15209:1747647661569:,1747647680539
counter/7/0/0/0,15058:1747647661612:,1747647680539
counter/5/0/0/0,15210:1747647661569:,1747647680539
counter/5/0/0/0,15211:1747647661570:,1747647680539
counter/5/0/0/0,15212:1747647661570:,1747647680539
counter/5/0/0/0,15213:1747647661570:,1747647680539
counter/5/0/0/0,15214:1747647661572:,1747647680539
counter/1/0/0/0,16257:1747647663024:,1747647680539
counter/5/0/0/0,15215:1747647661572:,1747647680539
counter/7/0/0/0,15059:1747647661612:,1747647680539
counter/5/0/0/0,15216:1747647661572:,1747647680539
counter/1/0/0/0,16258:1747647663024:,1747647680539
counter/6/0/0/0,15044:1747647661860:,1747647680539
counter/5/0/0/0,15217:1747647661572:,1747647680540
counter/1/0/0/0,16259:1747647663024:,1747647680540
counter/2/0/0/0,15199:1747647661552:,1747647680540
counter/3/0/0/0,16302:1747647663463:,1747647680540
counter/5/0/0/0,15218:1747647661572:,1747647680540
counter/8/0/0/0,15337:1747647661347:,1747647680540
counter/5/0/0/0,15219:1747647661573:,1747647680540
counter/9/0/0/0,15913:1747647661657:,1747647680540
counter/5/0/0/0,15220:1747647661577:,1747647680540
counter/9/0/0/0,15914:1747647661657:,1747647680540
counter/5/0/0/0,15221:1747647661577:,1747647680540
counter/9/0/0/0,15915:1747647661657:,1747647680540
counter/8/0/0/0,15338:1747647661352:,1747647680540
counter/5/0/0/0,15222:1747647661577:,1747647680540
counter/9/0/0/0,15916:1747647661657:,1747647680540
counter/8/0/0/0,15339:1747647661352:,1747647680540
counter/5/0/0/0,15223:1747647661577:,1747647680540
counter/9/0/0/0,15917:1747647661657:,1747647680540
counter/8/0/0/0,15340:1747647661352:,1747647680540
counter/9/0/0/0,15918:1747647661657:,1747647680540
counter/8/0/0/0,15341:1747647661352:,1747647680540
counter/1/0/0/0,16260:1747647663024:,1747647680540
counter/9/0/0/0,15919:1747647661657:,1747647680540
counter/8/0/0/0,15342:1747647661352:,1747647680540
counter/4/0/0/0,15255:1747647663106:,1747647680540
counter/7/0/0/0,15060:1747647661615:,1747647680540
counter/8/0/0/0,15343:1747647661352:,1747647680540
counter/1/0/0/0,16261:1747647663024:,1747647680540
counter/6/0/0/0,15045:1747647661860:,1747647680540
counter/8/0/0/0,15344:1747647661352:,1747647680540
counter/8/0/0/0,15345:1747647661352:,1747647680540
counter/8/0/0/0,15346:1747647661353:,1747647680540
counter/8/0/0/0,15347:1747647661353:,1747647680540
counter/8/0/0/0,15348:1747647661353:,1747647680540
counter/8/0/0/0,15349:1747647661353:,1747647680540
counter/1/0/0/0,16262:1747647663024:,1747647680541
counter/8/0/0/0,15350:1747647661353:,1747647680541
counter/2/0/0/0,15200:1747647661552:,1747647680541
counter/8/0/0/0,15351:1747647661353:,1747647680541
counter/3/0/0/0,16303:1747647663463:,1747647680541
counter/8/0/0/0,15352:1747647661353:,1747647680541
counter/1/0/0/0,16263:1747647663024:,1747647680541
counter/5/0/0/0,15224:1747647661577:,1747647680541
counter/7/0/0/0,15061:1747647661625:,1747647680541
counter/8/0/0/0,15353:1747647661353:,1747647680541
counter/4/0/0/0,15256:1747647663106:,1747647680541
counter/6/0/0/0,15046:1747647661860:,1747647680541
counter/10/0/0/0,14309:1747647661220:,1747647680541
counter/2/0/0/0,15201:1747647661552:,1747647680541
counter/3/0/0/0,16304:1747647663463:,1747647680541
counter/1/0/0/0,16264:1747647663024:,1747647680541
counter/7/0/0/0,15062:1747647661625:,1747647680541
counter/3/0/0/0,16305:1747647663463:,1747647680541
counter/1/0/0/0,16265:1747647663024:,1747647680541
counter/3/0/0/0,16306:1747647663463:,1747647680541
counter/1/0/0/0,16266:1747647663024:,1747647680541
counter/1/0/0/0,16267:1747647663024:,1747647680541
counter/10/0/0/0,14310:1747647661220:,1747647680541
counter/2/0/0/0,15202:1747647661552:,1747647680541
counter/3/0/0/0,16307:1747647663463:,1747647680541
counter/3/0/0/0,16308:1747647663467:,1747647680541
counter/3/0/0/0,16309:1747647663467:,1747647680541
counter/3/0/0/0,16310:1747647663467:,1747647680541
counter/6/0/0/0,15047:1747647661860:,1747647680541
counter/3/0/0/0,16311:1747647663467:,1747647680541
counter/6/0/0/0,15048:1747647661860:,1747647680541
counter/6/0/0/0,15049:1747647661860:,1747647680541
counter/6/0/0/0,15050:1747647661862:,1747647680541
counter/6/0/0/0,15051:1747647661862:,1747647680541
counter/7/0/0/0,15063:1747647661628:,1747647680541
counter/6/0/0/0,15052:1747647661870:,1747647680542
counter/7/0/0/0,15064:1747647661628:,1747647680542
counter/6/0/0/0,15053:1747647661870:,1747647680542
counter/7/0/0/0,15065:1747647661628:,1747647680542
counter/6/0/0/0,15054:1747647661870:,1747647680542
counter/7/0/0/0,15066:1747647661628:,1747647680542
counter/7/0/0/0,15067:1747647661628:,1747647680542
counter/7/0/0/0,15068:1747647661628:,1747647680542
counter/7/0/0/0,15069:1747647661645:,1747647680542
counter/7/0/0/0,15070:1747647661648:,1747647680542
counter/7/0/0/0,15071:1747647661648:,1747647680542
counter/7/0/0/0,15072:1747647661648:,1747647680542
counter/7/0/0/0,15073:1747647661648:,1747647680542
counter/7/0/0/0,15074:1747647661648:,1747647680542
counter/7/0/0/0,15075:1747647661648:,1747647680542
counter/7/0/0/0,15076:1747647661648:,1747647680542
counter/7/0/0/0,15077:1747647661649:,1747647680542
counter/4/0/0/0,15257:1747647663106:,1747647680542
counter/7/0/0/0,15078:1747647661649:,1747647680542
counter/2/0/0/0,15203:1747647661552:,1747647680542
counter/7/0/0/0,15079:1747647661649:,1747647680542
counter/4/0/0/0,15258:1747647663106:,1747647680542
counter/5/0/0/0,15225:1747647661577:,1747647680542
counter/7/0/0/0,15080:1747647661649:,1747647680542
counter/8/0/0/0,15354:1747647661353:,1747647680542
counter/6/0/0/0,15055:1747647661870:,1747647680542
counter/7/0/0/0,15081:1747647661649:,1747647680542
counter/7/0/0/0,15082:1747647661649:,1747647680542
counter/7/0/0/0,15083:1747647661649:,1747647680542
counter/7/0/0/0,15084:1747647661649:,1747647680542
counter/7/0/0/0,15085:1747647661649:,1747647680542
counter/7/0/0/0,15086:1747647661649:,1747647680542
counter/7/0/0/0,15087:1747647661649:,1747647680542
counter/7/0/0/0,15088:1747647661649:,1747647680542
counter/7/0/0/0,15089:1747647661649:,1747647680542
counter/7/0/0/0,15090:1747647661649:,1747647680542
counter/1/0/0/0,16268:1747647663024:,1747647680543
counter/7/0/0/0,15091:1747647661649:,1747647680543
counter/8/0/0/0,15355:1747647661353:,1747647680543
counter/1/0/0/0,16269:1747647663024:,1747647680543
counter/7/0/0/0,15092:1747647661649:,1747647680543
counter/7/0/0/0,15093:1747647661649:,1747647680543
counter/6/0/0/0,15056:1747647661876:,1747647680543
counter/1/0/0/0,16270:1747647663024:,1747647680543
counter/2/0/0/0,15204:1747647661552:,1747647680543
counter/5/0/0/0,15226:1747647661577:,1747647680543
counter/1/0/0/0,16271:1747647663024:,1747647680543
counter/9/0/0/0,15920:1747647661657:,1747647680543
counter/1/0/0/0,16272:1747647663024:,1747647680543
counter/8/0/0/0,15356:1747647661353:,1747647680543
counter/8/0/0/0,15357:1747647661353:,1747647680543
counter/8/0/0/0,15358:1747647661354:,1747647680543
counter/8/0/0/0,15359:1747647661354:,1747647680543
counter/8/0/0/0,15360:1747647661354:,1747647680543
counter/4/0/0/0,15259:1747647663107:,1747647680543
counter/5/0/0/0,15227:1747647661577:,1747647680543
counter/9/0/0/0,15921:1747647661657:,1747647680543
counter/9/0/0/0,15922:1747647661657:,1747647680543
counter/9/0/0/0,15923:1747647661657:,1747647680543
counter/9/0/0/0,15924:1747647661658:,1747647680543
counter/9/0/0/0,15925:1747647661658:,1747647680543
counter/9/0/0/0,15926:1747647661658:,1747647680543
counter/9/0/0/0,15927:1747647661658:,1747647680543
counter/9/0/0/0,15928:1747647661658:,1747647680543
counter/9/0/0/0,15929:1747647661658:,1747647680543
counter/6/0/0/0,15057:1747647661876:,1747647680543
counter/9/0/0/0,15930:1747647661658:,1747647680543
counter/7/0/0/0,15094:1747647661652:,1747647680543
counter/2/0/0/0,15205:1747647661552:,1747647680543
counter/8/0/0/0,15361:1747647661354:,1747647680543
counter/8/0/0/0,15362:1747647661354:,1747647680544
counter/8/0/0/0,15363:1747647661354:,1747647680544
counter/8/0/0/0,15364:1747647661354:,1747647680544
counter/8/0/0/0,15365:1747647661354:,1747647680544
counter/8/0/0/0,15366:1747647661354:,1747647680544
counter/8/0/0/0,15367:1747647661354:,1747647680544
counter/1/0/0/0,16273:1747647663029:,1747647680544
counter/8/0/0/0,15368:1747647661354:,1747647680544
counter/2/0/0/0,15206:1747647661552:,1747647680544
counter/1/0/0/0,16274:1747647663029:,1747647680544
counter/9/0/0/0,15931:1747647661658:,1747647680544
counter/1/0/0/0,16275:1747647663029:,1747647680544
counter/6/0/0/0,15058:1747647661876:,1747647680544
counter/4/0/0/0,15260:1747647663107:,1747647680544
counter/8/0/0/0,15369:1747647661354:,1747647680544
counter/4/0/0/0,15261:1747647663107:,1747647680544
counter/10/0/0/0,14311:1747647661220:,1747647680544
counter/5/0/0/0,15228:1747647661577:,1747647680544
counter/2/0/0/0,15207:1747647661552:,1747647680544
counter/9/0/0/0,15932:1747647661658:,1747647680544
counter/9/0/0/0,15933:1747647661658:,1747647680544
counter/9/0/0/0,15934:1747647661664:,1747647680544
counter/9/0/0/0,15935:1747647661664:,1747647680544
counter/9/0/0/0,15936:1747647661664:,1747647680544
counter/9/0/0/0,15937:1747647661665:,1747647680544
counter/9/0/0/0,15938:1747647661665:,1747647680544
counter/9/0/0/0,15939:1747647661665:,1747647680544
counter/9/0/0/0,15940:1747647661665:,1747647680544
counter/6/0/0/0,15059:1747647661877:,1747647680544
counter/9/0/0/0,15941:1747647661665:,1747647680544
counter/8/0/0/0,15370:1747647661354:,1747647680544
counter/8/0/0/0,15371:1747647661354:,1747647680544
counter/8/0/0/0,15372:1747647661355:,1747647680544
counter/8/0/0/0,15373:1747647661355:,1747647680544
counter/2/0/0/0,15208:1747647661560:,1747647680544
counter/8/0/0/0,15374:1747647661355:,1747647680544
counter/9/0/0/0,15942:1747647661665:,1747647680544
counter/9/0/0/0,15943:1747647661665:,1747647680544
counter/9/0/0/0,15944:1747647661670:,1747647680544
counter/9/0/0/0,15945:1747647661670:,1747647680545
counter/9/0/0/0,15946:1747647661670:,1747647680545
counter/9/0/0/0,15947:1747647661670:,1747647680545
counter/9/0/0/0,15948:1747647661670:,1747647680545
counter/4/0/0/0,15262:1747647663107:,1747647680545
counter/9/0/0/0,15949:1747647661671:,1747647680545
counter/2/0/0/0,15209:1747647661560:,1747647680545
counter/6/0/0/0,15060:1747647661877:,1747647680545
counter/2/0/0/0,15210:1747647661560:,1747647680545
counter/5/0/0/0,15229:1747647661577:,1747647680545
counter/8/0/0/0,15375:1747647661355:,1747647680545
counter/9/0/0/0,15950:1747647661679:,1747647680545
counter/10/0/0/0,14312:1747647661220:,1747647680545
counter/3/0/0/0,16312:1747647663467:,1747647680545
counter/3/0/0/0,16313:1747647663467:,1747647680545
counter/3/0/0/0,16314:1747647663467:,1747647680545
counter/3/0/0/0,16315:1747647663467:,1747647680545
counter/3/0/0/0,16316:1747647663467:,1747647680545
counter/3/0/0/0,16317:1747647663467:,1747647680545
counter/5/0/0/0,15230:1747647661577:,1747647680545
counter/8/0/0/0,15376:1747647661355:,1747647680545
counter/9/0/0/0,15951:1747647661680:,1747647680545
counter/10/0/0/0,14313:1747647661226:,1747647680545
counter/6/0/0/0,15061:1747647661877:,1747647680545
counter/6/0/0/0,15062:1747647661877:,1747647680545
counter/6/0/0/0,15063:1747647661877:,1747647680545
counter/6/0/0/0,15064:1747647661877:,1747647680545
counter/6/0/0/0,15065:1747647661890:,1747647680545
counter/6/0/0/0,15066:1747647661891:,1747647680545
counter/6/0/0/0,15067:1747647661892:,1747647680545
counter/6/0/0/0,15068:1747647661892:,1747647680545
counter/6/0/0/0,15069:1747647661892:,1747647680545
counter/6/0/0/0,15070:1747647661892:,1747647680545
counter/4/0/0/0,15263:1747647663107:,1747647680545
counter/6/0/0/0,15071:1747647661892:,1747647680545
counter/4/0/0/0,15264:1747647663107:,1747647680546
counter/3/0/0/0,16318:1747647663467:,1747647680546
counter/4/0/0/0,15265:1747647663107:,1747647680546
counter/5/0/0/0,15231:1747647661577:,1747647680546
counter/8/0/0/0,15377:1747647661355:,1747647680546
counter/4/0/0/0,15266:1747647663107:,1747647680546
counter/10/0/0/0,14314:1747647661226:,1747647680546
counter/6/0/0/0,15072:1747647661892:,1747647680546
counter/2/0/0/0,15211:1747647661560:,1747647680546
counter/3/0/0/0,16319:1747647663467:,1747647680546
counter/3/0/0/0,16320:1747647663467:,1747647680546
counter/3/0/0/0,16321:1747647663467:,1747647680546
counter/3/0/0/0,16322:1747647663473:,1747647680546
counter/3/0/0/0,16323:1747647663478:,1747647680546
counter/3/0/0/0,16324:1747647663478:,1747647680546
counter/3/0/0/0,16325:1747647663478:,1747647680546
counter/3/0/0/0,16326:1747647663479:,1747647680546
counter/3/0/0/0,16327:1747647663479:,1747647680546
counter/3/0/0/0,16328:1747647663479:,1747647680546
counter/3/0/0/0,16329:1747647663479:,1747647680546
counter/3/0/0/0,16330:1747647663479:,1747647680546
counter/3/0/0/0,16331:1747647663479:,1747647680546
counter/1/0/0/0,16276:1747647663029:,1747647680546
counter/6/0/0/0,15073:1747647661892:,1747647680546
counter/1/0/0/0,16277:1747647663029:,1747647680546
counter/2/0/0/0,15212:1747647661560:,1747647680546
counter/1/0/0/0,16278:1747647663029:,1747647680546
counter/8/0/0/0,15378:1747647661355:,1747647680546
counter/3/0/0/0,16332:1747647663479:,1747647680546
counter/10/0/0/0,14315:1747647661226:,1747647680546
counter/7/0/0/0,15095:1747647661652:,1747647680546
counter/7/0/0/0,15096:1747647661652:,1747647680546
counter/7/0/0/0,15097:1747647661652:,1747647680546
counter/7/0/0/0,15098:1747647661652:,1747647680546
counter/7/0/0/0,15099:1747647661652:,1747647680546
counter/7/0/0/0,15100:1747647661652:,1747647680547
counter/7/0/0/0,15101:1747647661652:,1747647680547
counter/1/0/0/0,16279:1747647663029:,1747647680547
counter/1/0/0/0,16280:1747647663029:,1747647680547
counter/3/0/0/0,16333:1747647663480:,1747647680547
counter/6/0/0/0,15074:1747647661892:,1747647680547
counter/4/0/0/0,15267:1747647663107:,1747647680547
counter/2/0/0/0,15213:1747647661564:,1747647680547
counter/7/0/0/0,15102:1747647661652:,1747647680547
counter/8/0/0/0,15379:1747647661355:,1747647680547
counter/9/0/0/0,15952:1747647661680:,1747647680547
counter/10/0/0/0,14316:1747647661226:,1747647680547
counter/3/0/0/0,16334:1747647663480:,1747647680547
counter/3/0/0/0,16335:1747647663480:,1747647680547
counter/3/0/0/0,16336:1747647663494:,1747647680547
counter/3/0/0/0,16337:1747647663494:,1747647680547
counter/3/0/0/0,16338:1747647663494:,1747647680547
counter/3/0/0/0,16339:1747647663494:,1747647680547
counter/3/0/0/0,16340:1747647663495:,1747647680547
counter/3/0/0/0,16341:1747647663496:,1747647680547
counter/3/0/0/0,16342:1747647663496:,1747647680547
counter/3/0/0/0,16343:1747647663496:,1747647680547
counter/3/0/0/0,16344:1747647663496:,1747647680547
counter/1/0/0/0,16281:1747647663031:,1747647680547
counter/6/0/0/0,15075:1747647661892:,1747647680547
counter/1/0/0/0,16282:1747647663031:,1747647680547
counter/1/0/0/0,16283:1747647663031:,1747647680547
counter/8/0/0/0,15380:1747647661355:,1747647680547
counter/1/0/0/0,16284:1747647663031:,1747647680547
counter/5/0/0/0,15232:1747647661577:,1747647680547
counter/3/0/0/0,16345:1747647663496:,1747647680547
counter/3/0/0/0,16346:1747647663496:,1747647680547
counter/3/0/0/0,16347:1747647663496:,1747647680547
counter/3/0/0/0,16348:1747647663497:,1747647680547
counter/3/0/0/0,16349:1747647663497:,1747647680547
counter/3/0/0/0,16350:1747647663497:,1747647680547
counter/3/0/0/0,16351:1747647663497:,1747647680547
counter/3/0/0/0,16352:1747647663497:,1747647680548
counter/3/0/0/0,16353:1747647663497:,1747647680548
counter/3/0/0/0,16354:1747647663497:,1747647680548
counter/3/0/0/0,16355:1747647663497:,1747647680548
counter/3/0/0/0,16356:1747647663498:,1747647680548
counter/3/0/0/0,16357:1747647663498:,1747647680548
counter/3/0/0/0,16358:1747647663498:,1747647680548
counter/3/0/0/0,16359:1747647663498:,1747647680548
counter/3/0/0/0,16360:1747647663498:,1747647680548
counter/3/0/0/0,16361:1747647663498:,1747647680548
counter/3/0/0/0,16362:1747647663498:,1747647680548
counter/3/0/0/0,16363:1747647663498:,1747647680548
counter/3/0/0/0,16364:1747647663498:,1747647680548
counter/3/0/0/0,16365:1747647663498:,1747647680548
counter/3/0/0/0,16366:1747647663498:,1747647680548
counter/3/0/0/0,16367:1747647663498:,1747647680548
counter/3/0/0/0,16368:1747647663498:,1747647680548
counter/4/0/0/0,15268:1747647663107:,1747647680548
counter/3/0/0/0,16369:1747647663498:,1747647680548
counter/4/0/0/0,15269:1747647663107:,1747647680548
counter/3/0/0/0,16370:1747647663498:,1747647680548
counter/2/0/0/0,15214:1747647661564:,1747647680548
counter/6/0/0/0,15076:1747647661892:,1747647680548
counter/3/0/0/0,16371:1747647663498:,1747647680548
counter/8/0/0/0,15381:1747647661355:,1747647680548
counter/3/0/0/0,16372:1747647663498:,1747647680548
counter/8/0/0/0,15382:1747647661355:,1747647680548
counter/3/0/0/0,16373:1747647663498:,1747647680548
counter/8/0/0/0,15383:1747647661355:,1747647680548
counter/8/0/0/0,15384:1747647661355:,1747647680548
counter/8/0/0/0,15385:1747647661355:,1747647680548
counter/8/0/0/0,15386:1747647661355:,1747647680548
counter/8/0/0/0,15387:1747647661355:,1747647680548
counter/8/0/0/0,15388:1747647661355:,1747647680548
counter/7/0/0/0,15103:1747647661652:,1747647680548
counter/8/0/0/0,15389:1747647661355:,1747647680548
counter/7/0/0/0,15104:1747647661652:,1747647680548
counter/8/0/0/0,15390:1747647661355:,1747647680549
counter/7/0/0/0,15105:1747647661652:,1747647680549
counter/8/0/0/0,15391:1747647661355:,1747647680549
counter/4/0/0/0,15270:1747647663110:,1747647680549
counter/3/0/0/0,16374:1747647663498:,1747647680549
counter/8/0/0/0,15392:1747647661356:,1747647680549
counter/4/0/0/0,15271:1747647663110:,1747647680549
counter/5/0/0/0,15233:1747647661577:,1747647680549
counter/8/0/0/0,15393:1747647661356:,1747647680549
counter/8/0/0/0,15394:1747647661356:,1747647680549
counter/8/0/0/0,15395:1747647661356:,1747647680549
counter/8/0/0/0,15396:1747647661356:,1747647680549
counter/8/0/0/0,15397:1747647661356:,1747647680549
counter/8/0/0/0,15398:1747647661356:,1747647680549
counter/4/0/0/0,15272:1747647663110:,1747647680549
counter/8/0/0/0,15399:1747647661356:,1747647680549
counter/4/0/0/0,15273:1747647663121:,1747647680549
counter/7/0/0/0,15106:1747647661652:,1747647680549
counter/8/0/0/0,15400:1747647661356:,1747647680549
counter/4/0/0/0,15274:1747647663121:,1747647680549
counter/5/0/0/0,15234:1747647661577:,1747647680549
counter/8/0/0/0,15401:1747647661356:,1747647680549
counter/4/0/0/0,15275:1747647663121:,1747647680549
counter/1/0/0/0,16285:1747647663031:,1747647680549
counter/8/0/0/0,15402:1747647661356:,1747647680549
counter/1/0/0/0,16286:1747647663031:,1747647680549
counter/10/0/0/0,14317:1747647661226:,1747647680549
counter/6/0/0/0,15077:1747647661892:,1747647680549
counter/8/0/0/0,15403:1747647661356:,1747647680549
counter/7/0/0/0,15107:1747647661652:,1747647680549
counter/7/0/0/0,15108:1747647661652:,1747647680549
counter/7/0/0/0,15109:1747647661652:,1747647680549
counter/4/0/0/0,15276:1747647663121:,1747647680549
counter/7/0/0/0,15110:1747647661671:,1747647680549
counter/8/0/0/0,15404:1747647661364:,1747647680549
counter/8/0/0/0,15405:1747647661364:,1747647680549
counter/8/0/0/0,15406:1747647661364:,1747647680550
counter/8/0/0/0,15407:1747647661364:,1747647680550
counter/8/0/0/0,15408:1747647661364:,1747647680550
counter/8/0/0/0,15409:1747647661364:,1747647680550
counter/8/0/0/0,15410:1747647661364:,1747647680550
counter/8/0/0/0,15411:1747647661364:,1747647680550
counter/8/0/0/0,15412:1747647661364:,1747647680550
counter/8/0/0/0,15413:1747647661364:,1747647680550
counter/1/0/0/0,16287:1747647663031:,1747647680550
counter/8/0/0/0,15414:1747647661364:,1747647680550
counter/6/0/0/0,15078:1747647661892:,1747647680550
counter/8/0/0/0,15415:1747647661364:,1747647680550
counter/1/0/0/0,16288:1747647663034:,1747647680550
counter/9/0/0/0,15953:1747647661680:,1747647680550
counter/5/0/0/0,15235:1747647661577:,1747647680550
counter/3/0/0/0,16375:1747647663501:,1747647680550
counter/2/0/0/0,15215:1747647661564:,1747647680550
counter/4/0/0/0,15277:1747647663121:,1747647680550
counter/8/0/0/0,15416:1747647661364:,1747647680550
counter/4/0/0/0,15278:1747647663121:,1747647680550
counter/7/0/0/0,15111:1747647661671:,1747647680550
counter/6/0/0/0,15079:1747647661892:,1747647680550
counter/4/0/0/0,15279:1747647663121:,1747647680550
counter/9/0/0/0,15954:1747647661680:,1747647680550
counter/5/0/0/0,15236:1747647661584:,1747647680550
counter/3/0/0/0,16376:1747647663501:,1747647680550
counter/3/0/0/0,16377:1747647663502:,1747647680550
counter/3/0/0/0,16378:1747647663502:,1747647680550
counter/3/0/0/0,16379:1747647663502:,1747647680550
counter/3/0/0/0,16380:1747647663502:,1747647680550
counter/3/0/0/0,16381:1747647663502:,1747647680550
counter/1/0/0/0,16289:1747647663034:,1747647680550
counter/3/0/0/0,16382:1747647663502:,1747647680550
counter/1/0/0/0,16290:1747647663034:,1747647680550
counter/5/0/0/0,15237:1747647661584:,1747647680550
counter/2/0/0/0,15216:1747647661564:,1747647680550
counter/8/0/0/0,15417:1747647661364:,1747647680550
counter/2/0/0/0,15217:1747647661564:,1747647680550
counter/6/0/0/0,15080:1747647661893:,1747647680551
counter/3/0/0/0,16383:1747647663502:,1747647680551
counter/3/0/0/0,16384:1747647663502:,1747647680551
counter/3/0/0/0,16385:1747647663502:,1747647680551
counter/3/0/0/0,16386:1747647663502:,1747647680551
counter/3/0/0/0,16387:1747647663502:,1747647680551
counter/1/0/0/0,16291:1747647663034:,1747647680551
counter/8/0/0/0,15418:1747647661364:,1747647680551
counter/1/0/0/0,16292:1747647663034:,1747647680551
counter/2/0/0/0,15218:1747647661565:,1747647680551
counter/6/0/0/0,15081:1747647661893:,1747647680551
counter/6/0/0/0,15082:1747647661893:,1747647680551
counter/3/0/0/0,16388:1747647663502:,1747647680551
counter/5/0/0/0,15238:1747647661584:,1747647680551
counter/9/0/0/0,15955:1747647661680:,1747647680551
counter/9/0/0/0,15956:1747647661680:,1747647680551
counter/9/0/0/0,15957:1747647661680:,1747647680551
counter/9/0/0/0,15958:1747647661680:,1747647680551
counter/9/0/0/0,15959:1747647661680:,1747647680551
counter/1/0/0/0,16293:1747647663034:,1747647680551
counter/1/0/0/0,16294:1747647663034:,1747647680551
counter/1/0/0/0,16295:1747647663034:,1747647680551
counter/1/0/0/0,16296:1747647663034:,1747647680551
counter/5/0/0/0,15239:1747647661584:,1747647680551
counter/8/0/0/0,15419:1747647661364:,1747647680551
counter/8/0/0/0,15420:1747647661372:,1747647680551
counter/8/0/0/0,15421:1747647661378:,1747647680551
counter/8/0/0/0,15422:1747647661378:,1747647680551
counter/7/0/0/0,15112:1747647661685:,1747647680551
counter/6/0/0/0,15083:1747647661893:,1747647680551
counter/3/0/0/0,16389:1747647663502:,1747647680551
counter/3/0/0/0,16390:1747647663502:,1747647680551
counter/3/0/0/0,16391:1747647663502:,1747647680551
counter/3/0/0/0,16392:1747647663510:,1747647680551
counter/3/0/0/0,16393:1747647663510:,1747647680551
counter/3/0/0/0,16394:1747647663510:,1747647680552
counter/3/0/0/0,16395:1747647663510:,1747647680552
counter/3/0/0/0,16396:1747647663510:,1747647680552
counter/3/0/0/0,16397:1747647663514:,1747647680552
counter/5/0/0/0,15240:1747647661584:,1747647680552
counter/3/0/0/0,16398:1747647663514:,1747647680552
counter/9/0/0/0,15960:1747647661680:,1747647680552
counter/3/0/0/0,16399:1747647663514:,1747647680552
counter/2/0/0/0,15219:1747647661565:,1747647680552
counter/8/0/0/0,15423:1747647661378:,1747647680552
counter/8/0/0/0,15424:1747647661378:,1747647680552
counter/8/0/0/0,15425:1747647661378:,1747647680552
counter/1/0/0/0,16297:1747647663034:,1747647680552
counter/8/0/0/0,15426:1747647661378:,1747647680552
counter/7/0/0/0,15113:1747647661685:,1747647680552
counter/1/0/0/0,16298:1747647663034:,1747647680552
counter/5/0/0/0,15241:1747647661584:,1747647680552
counter/9/0/0/0,15961:1747647661686:,1747647680552
counter/2/0/0/0,15220:1747647661565:,1747647680552
counter/6/0/0/0,15084:1747647661893:,1747647680552
counter/8/0/0/0,15427:1747647661378:,1747647680552
counter/3/0/0/0,16400:1747647663514:,1747647680552
counter/10/0/0/0,14318:1747647661226:,1747647680552
counter/7/0/0/0,15114:1747647661685:,1747647680552
counter/7/0/0/0,15115:1747647661685:,1747647680552
counter/7/0/0/0,15116:1747647661685:,1747647680552
counter/7/0/0/0,15117:1747647661685:,1747647680552
counter/7/0/0/0,15118:1747647661685:,1747647680552
counter/7/0/0/0,15119:1747647661697:,1747647680552
counter/6/0/0/0,15085:1747647661893:,1747647680552
counter/8/0/0/0,15428:1747647661378:,1747647680552
counter/3/0/0/0,16401:1747647663514:,1747647680552
counter/10/0/0/0,14319:1747647661226:,1747647680552
counter/10/0/0/0,14320:1747647661229:,1747647680552
counter/10/0/0/0,14321:1747647661229:,1747647680552
counter/10/0/0/0,14322:1747647661229:,1747647680552
counter/10/0/0/0,14323:1747647661229:,1747647680552
counter/10/0/0/0,14324:1747647661229:,1747647680553
counter/10/0/0/0,14325:1747647661229:,1747647680553
counter/10/0/0/0,14326:1747647661229:,1747647680553
counter/10/0/0/0,14327:1747647661229:,1747647680553
counter/10/0/0/0,14328:1747647661229:,1747647680553
counter/4/0/0/0,15280:1747647663121:,1747647680553
counter/10/0/0/0,14329:1747647661229:,1747647680553
counter/2/0/0/0,15221:1747647661565:,1747647680553
counter/4/0/0/0,15281:1747647663121:,1747647680553
counter/7/0/0/0,15120:1747647661697:,1747647680553
counter/1/0/0/0,16299:1747647663034:,1747647680553
counter/6/0/0/0,15086:1747647661893:,1747647680553
counter/3/0/0/0,16402:1747647663514:,1747647680553
counter/10/0/0/0,14330:1747647661229:,1747647680553
counter/5/0/0/0,15242:1747647661584:,1747647680553
counter/8/0/0/0,15429:1747647661381:,1747647680553
counter/2/0/0/0,15222:1747647661565:,1747647680553
counter/7/0/0/0,15121:1747647661697:,1747647680553
counter/7/0/0/0,15122:1747647661697:,1747647680553
counter/7/0/0/0,15123:1747647661700:,1747647680553
counter/4/0/0/0,15282:1747647663121:,1747647680553
counter/4/0/0/0,15283:1747647663121:,1747647680553
counter/3/0/0/0,16403:1747647663514:,1747647680553
counter/4/0/0/0,15284:1747647663121:,1747647680553
counter/5/0/0/0,15243:1747647661585:,1747647680553
counter/8/0/0/0,15430:1747647661381:,1747647680553
counter/1/0/0/0,16300:1747647663034:,1747647680553
counter/7/0/0/0,15124:1747647661702:,1747647680553
counter/6/0/0/0,15087:1747647661893:,1747647680553
counter/6/0/0/0,15088:1747647661893:,1747647680553
counter/6/0/0/0,15089:1747647661893:,1747647680553
counter/6/0/0/0,15090:1747647661893:,1747647680553
counter/6/0/0/0,15091:1747647661893:,1747647680553
counter/6/0/0/0,15092:1747647661893:,1747647680553
counter/6/0/0/0,15093:1747647661893:,1747647680553
counter/6/0/0/0,15094:1747647661893:,1747647680553
counter/9/0/0/0,15962:1747647661686:,1747647680553
counter/6/0/0/0,15095:1747647661901:,1747647680554
counter/10/0/0/0,14331:1747647661233:,1747647680554
counter/3/0/0/0,16404:1747647663514:,1747647680554
counter/6/0/0/0,15096:1747647662354:,1747647680554
counter/5/0/0/0,15244:1747647661585:,1747647680554
counter/2/0/0/0,15223:1747647661567:,1747647680554
counter/8/0/0/0,15431:1747647661382:,1747647680554
counter/8/0/0/0,15432:1747647661382:,1747647680554
counter/8/0/0/0,15433:1747647661382:,1747647680554
counter/8/0/0/0,15434:1747647661382:,1747647680554
counter/8/0/0/0,15435:1747647661382:,1747647680554
counter/8/0/0/0,15436:1747647661387:,1747647680554
counter/8/0/0/0,15437:1747647661387:,1747647680554
counter/8/0/0/0,15438:1747647661387:,1747647680554
counter/8/0/0/0,15439:1747647661387:,1747647680554
counter/4/0/0/0,15285:1747647663122:,1747647680554
counter/8/0/0/0,15440:1747647661387:,1747647680554
counter/9/0/0/0,15963:1747647661686:,1747647680554
counter/8/0/0/0,15441:1747647661387:,1747647680554
counter/4/0/0/0,15286:1747647663122:,1747647680554
counter/4/0/0/0,15287:1747647663122:,1747647680554
counter/3/0/0/0,16405:1747647663514:,1747647680554
counter/5/0/0/0,15245:1747647661585:,1747647680554
counter/2/0/0/0,15224:1747647661567:,1747647680554
counter/8/0/0/0,15442:1747647661387:,1747647680554
counter/7/0/0/0,15125:1747647661702:,1747647680554
counter/10/0/0/0,14332:1747647661234:,1747647680554
counter/6/0/0/0,15097:1747647662355:,1747647680554
counter/9/0/0/0,15964:1747647661686:,1747647680554
counter/9/0/0/0,15965:1747647661686:,1747647680554
counter/9/0/0/0,15966:1747647661686:,1747647680554
counter/9/0/0/0,15967:1747647661686:,1747647680554
counter/9/0/0/0,15968:1747647661686:,1747647680554
counter/9/0/0/0,15969:1747647661688:,1747647680554
counter/8/0/0/0,15443:1747647661387:,1747647680554
counter/7/0/0/0,15126:1747647661702:,1747647680555
counter/10/0/0/0,14333:1747647661234:,1747647680555
counter/6/0/0/0,15098:1747647662356:,1747647680555
counter/6/0/0/0,15099:1747647662357:,1747647680555
counter/6/0/0/0,15100:1747647662365:,1747647680555
counter/6/0/0/0,15101:1747647662367:,1747647680555
counter/6/0/0/0,15102:1747647662373:,1747647680555
counter/3/0/0/0,16406:1747647663514:,1747647680555
counter/6/0/0/0,15103:1747647662375:,1747647680555
counter/3/0/0/0,16407:1747647663514:,1747647680555
counter/3/0/0/0,16408:1747647663514:,1747647680555
counter/3/0/0/0,16409:1747647663514:,1747647680555
counter/3/0/0/0,16410:1747647663514:,1747647680555
counter/3/0/0/0,16411:1747647663514:,1747647680555
counter/3/0/0/0,16412:1747647663514:,1747647680555
counter/3/0/0/0,16413:1747647663514:,1747647680555
counter/3/0/0/0,16414:1747647663514:,1747647680555
counter/3/0/0/0,16415:1747647663514:,1747647680555
counter/3/0/0/0,16416:1747647663515:,1747647680555
counter/4/0/0/0,15288:1747647663122:,1747647680555
counter/5/0/0/0,15246:1747647661585:,1747647680555
counter/3/0/0/0,16417:1747647663515:,1747647680555
counter/4/0/0/0,15289:1747647663122:,1747647680555
counter/8/0/0/0,15444:1747647661387:,1747647680555
counter/6/0/0/0,15104:1747647662396:,1747647680555
counter/1/0/0/0,16301:1747647663034:,1747647680555
counter/10/0/0/0,14334:1747647661234:,1747647680555
counter/3/0/0/0,16418:1747647663515:,1747647680555
counter/3/0/0/0,16419:1747647663527:,1747647680555
counter/3/0/0/0,16420:1747647663527:,1747647680555
counter/3/0/0/0,16421:1747647663527:,1747647680555
counter/3/0/0/0,16422:1747647663532:,1747647680555
counter/3/0/0/0,16423:1747647663532:,1747647680555
counter/3/0/0/0,16424:1747647663532:,1747647680555
counter/3/0/0/0,16425:1747647663532:,1747647680555
counter/3/0/0/0,16426:1747647663532:,1747647680555
counter/3/0/0/0,16427:1747647663532:,1747647680555
counter/2/0/0/0,15225:1747647661568:,1747647680555
counter/5/0/0/0,15247:1747647661585:,1747647680556
counter/8/0/0/0,15445:1747647661387:,1747647680556
counter/6/0/0/0,15105:1747647662396:,1747647680556
counter/6/0/0/0,15106:1747647662403:,1747647680556
counter/6/0/0/0,15107:1747647662404:,1747647680556
counter/6/0/0/0,15108:1747647662404:,1747647680556
counter/6/0/0/0,15109:1747647662404:,1747647680556
counter/6/0/0/0,15110:1747647662404:,1747647680556
counter/6/0/0/0,15111:1747647662404:,1747647680556
counter/6/0/0/0,15112:1747647662404:,1747647680556
counter/1/0/0/0,16302:1747647663034:,1747647680556
counter/8/0/0/0,15446:1747647661387:,1747647680556
counter/1/0/0/0,16303:1747647663034:,1747647680556
counter/9/0/0/0,15970:1747647661688:,1747647680556
counter/1/0/0/0,16304:1747647663034:,1747647680556
counter/10/0/0/0,14335:1747647661234:,1747647680556
counter/1/0/0/0,16305:1747647663034:,1747647680556
counter/2/0/0/0,15226:1747647661584:,1747647680556
counter/4/0/0/0,15290:1747647663122:,1747647680556
counter/6/0/0/0,15113:1747647662405:,1747647680556
counter/8/0/0/0,15447:1747647661387:,1747647680556
counter/9/0/0/0,15971:1747647661688:,1747647680556
counter/9/0/0/0,15972:1747647661688:,1747647680556
counter/9/0/0/0,15973:1747647661688:,1747647680556
counter/10/0/0/0,14336:1747647661234:,1747647680556
counter/3/0/0/0,16428:1747647663532:,1747647680556
counter/5/0/0/0,15248:1747647661585:,1747647680556
counter/2/0/0/0,15227:1747647661584:,1747647680556
counter/2/0/0/0,15228:1747647661584:,1747647680556
counter/6/0/0/0,15114:1747647662405:,1747647680556
counter/8/0/0/0,15448:1747647661387:,1747647680556
counter/9/0/0/0,15974:1747647661688:,1747647680556
counter/9/0/0/0,15975:1747647661688:,1747647680556
counter/9/0/0/0,15976:1747647661688:,1747647680556
counter/1/0/0/0,16306:1747647663037:,1747647680556
counter/3/0/0/0,16429:1747647663532:,1747647680556
counter/1/0/0/0,16307:1747647663037:,1747647680556
counter/1/0/0/0,16308:1747647663037:,1747647680556
counter/2/0/0/0,15229:1747647661584:,1747647680557
counter/6/0/0/0,15115:1747647662405:,1747647680557
counter/8/0/0/0,15449:1747647661387:,1747647680557
counter/9/0/0/0,15977:1747647661690:,1747647680557
counter/10/0/0/0,14337:1747647661234:,1747647680557
counter/7/0/0/0,15127:1747647661702:,1747647680557
counter/5/0/0/0,15249:1747647661585:,1747647680557
counter/3/0/0/0,16430:1747647663532:,1747647680557
counter/3/0/0/0,16431:1747647663532:,1747647680557
counter/3/0/0/0,16432:1747647663532:,1747647680557
counter/3/0/0/0,16433:1747647663532:,1747647680557
counter/3/0/0/0,16434:1747647663535:,1747647680557
counter/3/0/0/0,16435:1747647663535:,1747647680557
counter/3/0/0/0,16436:1747647663535:,1747647680557
counter/3/0/0/0,16437:1747647663536:,1747647680557
counter/3/0/0/0,16438:1747647663536:,1747647680557
counter/3/0/0/0,16439:1747647663536:,1747647680557
counter/3/0/0/0,16440:1747647663536:,1747647680557
counter/3/0/0/0,16441:1747647663554:,1747647680557
counter/3/0/0/0,16442:1747647663558:,1747647680557
counter/3/0/0/0,16443:1747647663558:,1747647680557
counter/3/0/0/0,16444:1747647663558:,1747647680557
counter/3/0/0/0,16445:1747647663561:,1747647680557
counter/3/0/0/0,16446:1747647663561:,1747647680557
counter/3/0/0/0,16447:1747647663561:,1747647680557
counter/4/0/0/0,15291:1747647663122:,1747647680557
counter/2/0/0/0,15230:1747647661584:,1747647680557
counter/4/0/0/0,15292:1747647663122:,1747647680557
counter/8/0/0/0,15450:1747647661393:,1747647680557
counter/8/0/0/0,15451:1747647661393:,1747647680557
counter/8/0/0/0,15452:1747647661393:,1747647680557
counter/8/0/0/0,15453:1747647661393:,1747647680557
counter/8/0/0/0,15454:1747647661393:,1747647680557
counter/8/0/0/0,15455:1747647661393:,1747647680557
counter/8/0/0/0,15456:1747647661393:,1747647680558
counter/8/0/0/0,15457:1747647661398:,1747647680558
counter/8/0/0/0,15458:1747647661398:,1747647680558
counter/8/0/0/0,15459:1747647661398:,1747647680558
counter/8/0/0/0,15460:1747647661398:,1747647680558
counter/8/0/0/0,15461:1747647661398:,1747647680558
counter/8/0/0/0,15462:1747647661398:,1747647680558
counter/8/0/0/0,15463:1747647661398:,1747647680558
counter/8/0/0/0,15464:1747647661406:,1747647680558
counter/8/0/0/0,15465:1747647661406:,1747647680558
counter/8/0/0/0,15466:1747647661406:,1747647680558
counter/8/0/0/0,15467:1747647661406:,1747647680558
counter/8/0/0/0,15468:1747647661406:,1747647680558
counter/8/0/0/0,15469:1747647661406:,1747647680558
counter/8/0/0/0,15470:1747647661406:,1747647680558
counter/8/0/0/0,15471:1747647661406:,1747647680558
counter/8/0/0/0,15472:1747647661406:,1747647680558
counter/8/0/0/0,15473:1747647661406:,1747647680558
counter/8/0/0/0,15474:1747647661406:,1747647680558
counter/8/0/0/0,15475:1747647661406:,1747647680558
counter/9/0/0/0,15978:1747647661690:,1747647680558
counter/8/0/0/0,15476:1747647661406:,1747647680558
counter/8/0/0/0,15477:1747647661406:,1747647680558
counter/4/0/0/0,15293:1747647663122:,1747647680558
counter/8/0/0/0,15478:1747647661406:,1747647680558
counter/3/0/0/0,16448:1747647663563:,1747647680558
counter/8/0/0/0,15479:1747647661406:,1747647680558
counter/4/0/0/0,15294:1747647663122:,1747647680558
counter/6/0/0/0,15116:1747647662405:,1747647680558
counter/8/0/0/0,15480:1747647661406:,1747647680558
counter/7/0/0/0,15128:1747647661702:,1747647680558
counter/2/0/0/0,15231:1747647661586:,1747647680558
counter/8/0/0/0,15481:1747647661406:,1747647680558
counter/8/0/0/0,15482:1747647661406:,1747647680558
counter/8/0/0/0,15483:1747647661406:,1747647680558
counter/3/0/0/0,16449:1747647663563:,1747647680558
counter/8/0/0/0,15484:1747647661406:,1747647680558
counter/6/0/0/0,15117:1747647662405:,1747647680559
counter/8/0/0/0,15485:1747647661406:,1747647680559
counter/4/0/0/0,15295:1747647663122:,1747647680559
counter/8/0/0/0,15486:1747647661406:,1747647680559
counter/7/0/0/0,15129:1747647661702:,1747647680559
counter/2/0/0/0,15232:1747647661586:,1747647680559
counter/5/0/0/0,15250:1747647661585:,1747647680559
counter/8/0/0/0,15487:1747647661406:,1747647680559
counter/8/0/0/0,15488:1747647661406:,1747647680559
counter/8/0/0/0,15489:1747647661406:,1747647680559
counter/1/0/0/0,16309:1747647663037:,1747647680559
counter/9/0/0/0,15979:1747647661690:,1747647680559
counter/1/0/0/0,16310:1747647663037:,1747647680559
counter/1/0/0/0,16311:1747647663037:,1747647680559
counter/7/0/0/0,15130:1747647661704:,1747647680559
counter/4/0/0/0,15296:1747647663122:,1747647680559
counter/5/0/0/0,15251:1747647661585:,1747647680559
counter/1/0/0/0,16312:1747647663037:,1747647680559
counter/10/0/0/0,14338:1747647661234:,1747647680559
counter/1/0/0/0,16313:1747647663037:,1747647680559
counter/6/0/0/0,15118:1747647662405:,1747647680559
counter/9/0/0/0,15980:1747647661690:,1747647680559
counter/2/0/0/0,15233:1747647661586:,1747647680559
counter/7/0/0/0,15131:1747647661704:,1747647680559
counter/5/0/0/0,15252:1747647661585:,1747647680559
counter/8/0/0/0,15490:1747647661407:,1747647680559
counter/3/0/0/0,16450:1747647663563:,1747647680559
counter/10/0/0/0,14339:1747647661234:,1747647680559
counter/10/0/0/0,14340:1747647661234:,1747647680559
counter/10/0/0/0,14341:1747647661235:,1747647680559
counter/10/0/0/0,14342:1747647661239:,1747647680559
counter/10/0/0/0,14343:1747647661239:,1747647680559
counter/10/0/0/0,14344:1747647661239:,1747647680559
counter/10/0/0/0,14345:1747647661239:,1747647680559
counter/10/0/0/0,14346:1747647661239:,1747647680560
counter/10/0/0/0,14347:1747647661239:,1747647680560
counter/4/0/0/0,15297:1747647663122:,1747647680560
counter/10/0/0/0,14348:1747647661239:,1747647680560
counter/4/0/0/0,15298:1747647663122:,1747647680560
counter/10/0/0/0,14349:1747647661243:,1747647680560
counter/9/0/0/0,15981:1747647661690:,1747647680560
counter/4/0/0/0,15299:1747647663123:,1747647680560
counter/7/0/0/0,15132:1747647661705:,1747647680560
counter/1/0/0/0,16314:1747647663037:,1747647680560
counter/3/0/0/0,16451:1747647663564:,1747647680560
counter/1/0/0/0,16315:1747647663037:,1747647680560
counter/6/0/0/0,15119:1747647662405:,1747647680560
counter/1/0/0/0,16316:1747647663044:,1747647680560
counter/1/0/0/0,16317:1747647663044:,1747647680560
counter/9/0/0/0,15982:1747647661690:,1747647680560
counter/4/0/0/0,15300:1747647663123:,1747647680560
counter/5/0/0/0,15253:1747647661585:,1747647680560
counter/4/0/0/0,15301:1747647663127:,1747647680560
counter/10/0/0/0,14350:1747647661243:,1747647680560
counter/3/0/0/0,16452:1747647663564:,1747647680560
counter/8/0/0/0,15491:1747647661407:,1747647680560
counter/6/0/0/0,15120:1747647662405:,1747647680560
counter/6/0/0/0,15121:1747647662405:,1747647680560
counter/6/0/0/0,15122:1747647662405:,1747647680560
counter/1/0/0/0,16318:1747647663044:,1747647680560
counter/7/0/0/0,15133:1747647661705:,1747647680560
counter/1/0/0/0,16319:1747647663044:,1747647680560
counter/1/0/0/0,16320:1747647663044:,1747647680560
counter/10/0/0/0,14351:1747647661243:,1747647680560
counter/1/0/0/0,16321:1747647663044:,1747647680560
counter/8/0/0/0,15492:1747647661407:,1747647680560
counter/2/0/0/0,15234:1747647661586:,1747647680560
counter/6/0/0/0,15123:1747647662410:,1747647680560
counter/9/0/0/0,15983:1747647661693:,1747647680560
counter/5/0/0/0,15254:1747647661585:,1747647680560
counter/7/0/0/0,15134:1747647661705:,1747647680560
counter/7/0/0/0,15135:1747647661712:,1747647680560
counter/7/0/0/0,15136:1747647661712:,1747647680560
counter/7/0/0/0,15137:1747647661712:,1747647680561
counter/7/0/0/0,15138:1747647661712:,1747647680561
counter/7/0/0/0,15139:1747647661712:,1747647680561
counter/1/0/0/0,16322:1747647663051:,1747647680561
counter/6/0/0/0,15124:1747647662410:,1747647680561
counter/9/0/0/0,15984:1747647661693:,1747647680561
counter/5/0/0/0,15255:1747647661585:,1747647680561
counter/10/0/0/0,14352:1747647661243:,1747647680561
counter/10/0/0/0,14353:1747647661243:,1747647680561
counter/10/0/0/0,14354:1747647661243:,1747647680561
counter/7/0/0/0,15140:1747647661712:,1747647680561
counter/7/0/0/0,15141:1747647661712:,1747647680561
counter/7/0/0/0,15142:1747647661712:,1747647680561
counter/7/0/0/0,15143:1747647661712:,1747647680561
counter/7/0/0/0,15144:1747647661712:,1747647680561
counter/7/0/0/0,15145:1747647661712:,1747647680561
counter/7/0/0/0,15146:1747647661712:,1747647680561
counter/7/0/0/0,15147:1747647661712:,1747647680561
counter/7/0/0/0,15148:1747647661712:,1747647680561
counter/7/0/0/0,15149:1747647661713:,1747647680561
counter/7/0/0/0,15150:1747647661713:,1747647680561
counter/7/0/0/0,15151:1747647661713:,1747647680561
counter/7/0/0/0,15152:1747647661713:,1747647680561
counter/7/0/0/0,15153:1747647661713:,1747647680561
counter/7/0/0/0,15154:1747647661713:,1747647680561
counter/7/0/0/0,15155:1747647661713:,1747647680561
counter/7/0/0/0,15156:1747647661713:,1747647680561
counter/5/0/0/0,15256:1747647661585:,1747647680561
counter/7/0/0/0,15157:1747647661713:,1747647680561
counter/10/0/0/0,14355:1747647661243:,1747647680561
counter/7/0/0/0,15158:1747647661713:,1747647680561
counter/1/0/0/0,16323:1747647663051:,1747647680561
counter/1/0/0/0,16324:1747647663051:,1747647680561
counter/8/0/0/0,15493:1747647661407:,1747647680561
counter/1/0/0/0,16325:1747647663051:,1747647680561
counter/1/0/0/0,16326:1747647663052:,1747647680561
counter/1/0/0/0,16327:1747647663052:,1747647680561
counter/1/0/0/0,16328:1747647663053:,1747647680561
counter/1/0/0/0,16329:1747647663053:,1747647680562
counter/1/0/0/0,16330:1747647663053:,1747647680562
counter/1/0/0/0,16331:1747647663053:,1747647680562
counter/1/0/0/0,16332:1747647663053:,1747647680562
counter/1/0/0/0,16333:1747647663053:,1747647680562
counter/1/0/0/0,16334:1747647663053:,1747647680562
counter/1/0/0/0,16335:1747647663053:,1747647680562
counter/1/0/0/0,16336:1747647663053:,1747647680562
counter/1/0/0/0,16337:1747647663053:,1747647680562
counter/1/0/0/0,16338:1747647663053:,1747647680562
counter/1/0/0/0,16339:1747647663053:,1747647680562
counter/1/0/0/0,16340:1747647663053:,1747647680562
counter/1/0/0/0,16341:1747647663053:,1747647680562
counter/1/0/0/0,16342:1747647663053:,1747647680562
counter/1/0/0/0,16343:1747647663053:,1747647680562
counter/1/0/0/0,16344:1747647663053:,1747647680562
counter/3/0/0/0,16453:1747647663564:,1747647680562
counter/5/0/0/0,15257:1747647661585:,1747647680562
counter/10/0/0/0,14356:1747647661243:,1747647680562
counter/2/0/0/0,15235:1747647661586:,1747647680562
counter/2/0/0/0,15236:1747647661586:,1747647680562
counter/8/0/0/0,15494:1747647661407:,1747647680562
counter/7/0/0/0,15159:1747647661713:,1747647680562
counter/7/0/0/0,15160:1747647661713:,1747647680562
counter/7/0/0/0,15161:1747647661713:,1747647680562
counter/7/0/0/0,15162:1747647661713:,1747647680562
counter/7/0/0/0,15163:1747647661713:,1747647680562
counter/7/0/0/0,15164:1747647661717:,1747647680562
counter/7/0/0/0,15165:1747647661717:,1747647680562
counter/8/0/0/0,15495:1747647661407:,1747647680562
counter/7/0/0/0,15166:1747647661718:,1747647680562
counter/2/0/0/0,15237:1747647661586:,1747647680562
counter/4/0/0/0,15302:1747647663127:,1747647680562
counter/5/0/0/0,15258:1747647661585:,1747647680562
counter/4/0/0/0,15303:1747647663128:,1747647680562
counter/6/0/0/0,15125:1747647662418:,1747647680563
counter/7/0/0/0,15167:1747647661718:,1747647680563
counter/6/0/0/0,15126:1747647662422:,1747647680563
counter/9/0/0/0,15985:1747647661693:,1747647680563
counter/9/0/0/0,15986:1747647661693:,1747647680563
counter/9/0/0/0,15987:1747647661693:,1747647680563
counter/9/0/0/0,15988:1747647661694:,1747647680563
counter/10/0/0/0,14357:1747647661243:,1747647680563
counter/5/0/0/0,15259:1747647661585:,1747647680563
counter/5/0/0/0,15260:1747647661585:,1747647680563
counter/5/0/0/0,15261:1747647661585:,1747647680563
counter/5/0/0/0,15262:1747647661585:,1747647680563
counter/5/0/0/0,15263:1747647661585:,1747647680563
counter/5/0/0/0,15264:1747647661590:,1747647680563
counter/5/0/0/0,15265:1747647661594:,1747647680563
counter/5/0/0/0,15266:1747647661594:,1747647680563
counter/5/0/0/0,15267:1747647661594:,1747647680563
counter/5/0/0/0,15268:1747647661594:,1747647680563
counter/4/0/0/0,15304:1747647663128:,1747647680563
counter/5/0/0/0,15269:1747647661594:,1747647680563
counter/4/0/0/0,15305:1747647663128:,1747647680563
counter/6/0/0/0,15127:1747647662422:,1747647680563
counter/8/0/0/0,15496:1747647661407:,1747647680563
counter/2/0/0/0,15238:1747647661586:,1747647680563
counter/9/0/0/0,15989:1747647661694:,1747647680563
counter/9/0/0/0,15990:1747647661694:,1747647680563
counter/9/0/0/0,15991:1747647661694:,1747647680563
counter/9/0/0/0,15992:1747647661695:,1747647680563
counter/5/0/0/0,15270:1747647661594:,1747647680563
counter/3/0/0/0,16454:1747647663564:,1747647680563
counter/1/0/0/0,16345:1747647663053:,1747647680563
counter/6/0/0/0,15128:1747647662422:,1747647680563
counter/8/0/0/0,15497:1747647661407:,1747647680563
counter/1/0/0/0,16346:1747647663053:,1747647680563
counter/10/0/0/0,14358:1747647661243:,1747647680563
counter/1/0/0/0,16347:1747647663053:,1747647680563
counter/5/0/0/0,15271:1747647661597:,1747647680563
counter/4/0/0/0,15306:1747647663128:,1747647680563
counter/3/0/0/0,16455:1747647663564:,1747647680564
counter/4/0/0/0,15307:1747647663128:,1747647680564
counter/2/0/0/0,15239:1747647661586:,1747647680564
counter/6/0/0/0,15129:1747647662422:,1747647680564
counter/8/0/0/0,15498:1747647661407:,1747647680564
counter/9/0/0/0,15993:1747647661695:,1747647680564
counter/10/0/0/0,14359:1747647661244:,1747647680564
counter/10/0/0/0,14360:1747647661244:,1747647680564
counter/10/0/0/0,14361:1747647661244:,1747647680564
counter/10/0/0/0,14362:1747647661244:,1747647680564
counter/7/0/0/0,15168:1747647661718:,1747647680564
counter/4/0/0/0,15308:1747647663128:,1747647680564
counter/2/0/0/0,15240:1747647661586:,1747647680564
counter/2/0/0/0,15241:1747647661586:,1747647680564
counter/2/0/0/0,15242:1747647661586:,1747647680564
counter/2/0/0/0,15243:1747647661586:,1747647680564
counter/9/0/0/0,15994:1747647661695:,1747647680564
counter/9/0/0/0,15995:1747647661695:,1747647680564
counter/9/0/0/0,15996:1747647661695:,1747647680564
counter/9/0/0/0,15997:1747647661714:,1747647680564
counter/9/0/0/0,15998:1747647661714:,1747647680564
counter/9/0/0/0,15999:1747647661714:,1747647680564
counter/9/0/0/0,16000:1747647661714:,1747647680564
counter/9/0/0/0,16001:1747647661714:,1747647680564
counter/9/0/0/0,16002:1747647661714:,1747647680564
counter/9/0/0/0,16003:1747647661714:,1747647680564
counter/9/0/0/0,16004:1747647661714:,1747647680564
counter/9/0/0/0,16005:1747647661714:,1747647680564
counter/9/0/0/0,16006:1747647661714:,1747647680564
counter/9/0/0/0,16007:1747647661714:,1747647680564
counter/9/0/0/0,16008:1747647661714:,1747647680564
counter/9/0/0/0,16009:1747647661714:,1747647680564
counter/8/0/0/0,15499:1747647661407:,1747647680564
counter/9/0/0/0,16010:1747647661727:,1747647680564
counter/3/0/0/0,16456:1747647663564:,1747647680564
counter/1/0/0/0,16348:1747647663053:,1747647680564
counter/10/0/0/0,14363:1747647661244:,1747647680564
counter/2/0/0/0,15244:1747647661586:,1747647680565
counter/4/0/0/0,15309:1747647663128:,1747647680565
counter/6/0/0/0,15130:1747647662422:,1747647680565
counter/8/0/0/0,15500:1747647661407:,1747647680565
counter/3/0/0/0,16457:1747647663564:,1747647680565
counter/3/0/0/0,16458:1747647663564:,1747647680565
counter/3/0/0/0,16459:1747647663564:,1747647680565
counter/3/0/0/0,16460:1747647663564:,1747647680565
counter/3/0/0/0,16461:1747647663565:,1747647680565
counter/2/0/0/0,15245:1747647661586:,1747647680565
counter/3/0/0/0,16462:1747647663565:,1747647680565
counter/9/0/0/0,16011:1747647661728:,1747647680565
counter/8/0/0/0,15501:1747647661422:,1747647680565
counter/8/0/0/0,15502:1747647661422:,1747647680565
counter/8/0/0/0,15503:1747647661422:,1747647680565
counter/8/0/0/0,15504:1747647661422:,1747647680565
counter/8/0/0/0,15505:1747647661422:,1747647680565
counter/8/0/0/0,15506:1747647661428:,1747647680565
counter/8/0/0/0,15507:1747647661428:,1747647680565
counter/2/0/0/0,15246:1747647661586:,1747647680565
counter/8/0/0/0,15508:1747647661429:,1747647680565
counter/10/0/0/0,14364:1747647661244:,1747647680565
counter/4/0/0/0,15310:1747647663128:,1747647680565
counter/7/0/0/0,15169:1747647661718:,1747647680565
counter/6/0/0/0,15131:1747647662422:,1747647680565
counter/3/0/0/0,16463:1747647663565:,1747647680565
counter/3/0/0/0,16464:1747647663565:,1747647680565
counter/3/0/0/0,16465:1747647663565:,1747647680565
counter/3/0/0/0,16466:1747647663565:,1747647680565
counter/2/0/0/0,15247:1747647661588:,1747647680565
counter/10/0/0/0,14365:1747647661244:,1747647680565
counter/4/0/0/0,15311:1747647663128:,1747647680565
counter/7/0/0/0,15170:1747647661718:,1747647680565
counter/6/0/0/0,15132:1747647662422:,1747647680565
counter/8/0/0/0,15509:1747647661429:,1747647680565
counter/1/0/0/0,16349:1747647663053:,1747647680565
counter/3/0/0/0,16467:1747647663565:,1747647680566
counter/3/0/0/0,16468:1747647663565:,1747647680566
counter/3/0/0/0,16469:1747647663565:,1747647680566
counter/3/0/0/0,16470:1747647663565:,1747647680566
counter/3/0/0/0,16471:1747647663566:,1747647680566
counter/3/0/0/0,16472:1747647663566:,1747647680566
counter/8/0/0/0,15510:1747647661430:,1747647680566
counter/3/0/0/0,16473:1747647663566:,1747647680566
counter/8/0/0/0,15511:1747647661435:,1747647680566
counter/8/0/0/0,15512:1747647661435:,1747647680566
counter/1/0/0/0,16350:1747647663053:,1747647680566
counter/10/0/0/0,14366:1747647661252:,1747647680566
counter/1/0/0/0,16351:1747647663061:,1747647680566
counter/3/0/0/0,16474:1747647663574:,1747647680566
counter/6/0/0/0,15133:1747647662423:,1747647680566
counter/7/0/0/0,15171:1747647661718:,1747647680566
counter/7/0/0/0,15172:1747647661718:,1747647680566
counter/1/0/0/0,16352:1747647663061:,1747647680566
counter/10/0/0/0,14367:1747647661258:,1747647680566
counter/10/0/0/0,14368:1747647661258:,1747647680566
counter/10/0/0/0,14369:1747647661258:,1747647680566
counter/10/0/0/0,14370:1747647661258:,1747647680566
counter/10/0/0/0,14371:1747647661259:,1747647680566
counter/10/0/0/0,14372:1747647661270:,1747647680566
counter/10/0/0/0,14373:1747647661270:,1747647680566
counter/10/0/0/0,14374:1747647661270:,1747647680566
counter/10/0/0/0,14375:1747647661270:,1747647680566
counter/1/0/0/0,16353:1747647663061:,1747647680566
counter/10/0/0/0,14376:1747647661271:,1747647680566
counter/10/0/0/0,14377:1747647661271:,1747647680566
counter/7/0/0/0,15173:1747647661718:,1747647680566
counter/10/0/0/0,14378:1747647661271:,1747647680566
counter/3/0/0/0,16475:1747647663574:,1747647680566
counter/10/0/0/0,14379:1747647661271:,1747647680566
counter/3/0/0/0,16476:1747647663574:,1747647680566
counter/3/0/0/0,16477:1747647663574:,1747647680566
counter/3/0/0/0,16478:1747647663574:,1747647680567
counter/3/0/0/0,16479:1747647663574:,1747647680567
counter/8/0/0/0,15513:1747647661435:,1747647680567
counter/8/0/0/0,15514:1747647661435:,1747647680567
counter/8/0/0/0,15515:1747647661436:,1747647680567
counter/4/0/0/0,15312:1747647663128:,1747647680567
counter/4/0/0/0,15313:1747647663128:,1747647680567
counter/4/0/0/0,15314:1747647663135:,1747647680567
counter/4/0/0/0,15315:1747647663135:,1747647680567
counter/4/0/0/0,15316:1747647663135:,1747647680567
counter/4/0/0/0,15317:1747647663135:,1747647680567
counter/4/0/0/0,15318:1747647663135:,1747647680567
counter/4/0/0/0,15319:1747647663135:,1747647680567
counter/4/0/0/0,15320:1747647663135:,1747647680567
counter/4/0/0/0,15321:1747647663135:,1747647680567
counter/4/0/0/0,15322:1747647663135:,1747647680567
counter/4/0/0/0,15323:1747647663135:,1747647680567
counter/3/0/0/0,16480:1747647663574:,1747647680567
counter/4/0/0/0,15324:1747647663135:,1747647680567
counter/8/0/0/0,15516:1747647661436:,1747647680567
counter/6/0/0/0,15134:1747647662423:,1747647680567
counter/4/0/0/0,15325:1747647663135:,1747647680567
counter/7/0/0/0,15174:1747647661718:,1747647680567
counter/4/0/0/0,15326:1747647663135:,1747647680567
counter/2/0/0/0,15248:1747647661588:,1747647680567
counter/9/0/0/0,16012:1747647661728:,1747647680567
counter/2/0/0/0,15249:1747647661588:,1747647680567
counter/2/0/0/0,15250:1747647661588:,1747647680567
counter/2/0/0/0,15251:1747647661588:,1747647680567
counter/2/0/0/0,15252:1747647661588:,1747647680567
counter/2/0/0/0,15253:1747647661588:,1747647680567
counter/2/0/0/0,15254:1747647661589:,1747647680567
counter/2/0/0/0,15255:1747647661590:,1747647680567
counter/7/0/0/0,15175:1747647661718:,1747647680567
counter/2/0/0/0,15256:1747647661590:,1747647680567
counter/9/0/0/0,16013:1747647661728:,1747647680567
counter/5/0/0/0,15272:1747647661597:,1747647680568
counter/1/0/0/0,16354:1747647663061:,1747647680568
counter/3/0/0/0,16481:1747647663574:,1747647680568
counter/8/0/0/0,15517:1747647661436:,1747647680568
counter/6/0/0/0,15135:1747647662423:,1747647680568
counter/10/0/0/0,14380:1747647661271:,1747647680568
counter/2/0/0/0,15257:1747647661591:,1747647680568
counter/4/0/0/0,15327:1747647663135:,1747647680568
counter/7/0/0/0,15176:1747647661718:,1747647680568
counter/9/0/0/0,16014:1747647661728:,1747647680568
counter/5/0/0/0,15273:1747647661597:,1747647680568
counter/1/0/0/0,16355:1747647663066:,1747647680568
counter/3/0/0/0,16482:1747647663574:,1747647680568
counter/8/0/0/0,15518:1747647661436:,1747647680568
counter/6/0/0/0,15136:1747647662423:,1747647680568
counter/10/0/0/0,14381:1747647661271:,1747647680568
counter/2/0/0/0,15258:1747647661591:,1747647680568
counter/4/0/0/0,15328:1747647663135:,1747647680568
counter/7/0/0/0,15177:1747647661718:,1747647680568
counter/9/0/0/0,16015:1747647661728:,1747647680568
counter/5/0/0/0,15274:1747647661597:,1747647680568
counter/1/0/0/0,16356:1747647663066:,1747647680568
counter/3/0/0/0,16483:1747647663574:,1747647680568
counter/8/0/0/0,15519:1747647661436:,1747647680568
counter/6/0/0/0,15137:1747647662423:,1747647680568
counter/10/0/0/0,14382:1747647661271:,1747647680568
counter/2/0/0/0,15259:1747647661591:,1747647680568
counter/4/0/0/0,15329:1747647663136:,1747647680568
counter/7/0/0/0,15178:1747647661718:,1747647680568
counter/9/0/0/0,16016:1747647661728:,1747647680568
counter/5/0/0/0,15275:1747647661597:,1747647680568
counter/1/0/0/0,16357:1747647663066:,1747647680568
counter/3/0/0/0,16484:1747647663574:,1747647680568
counter/8/0/0/0,15520:1747647661436:,1747647680568
counter/6/0/0/0,15138:1747647662423:,1747647680568
counter/10/0/0/0,14383:1747647661271:,1747647680568
counter/2/0/0/0,15260:1747647661591:,1747647680569
counter/4/0/0/0,15330:1747647663143:,1747647680569
counter/7/0/0/0,15179:1747647661718:,1747647680569
counter/9/0/0/0,16017:1747647661729:,1747647680569
counter/5/0/0/0,15276:1747647661597:,1747647680569
counter/1/0/0/0,16358:1747647663067:,1747647680569
counter/3/0/0/0,16485:1747647663574:,1747647680569
counter/8/0/0/0,15521:1747647661436:,1747647680569
counter/6/0/0/0,15139:1747647662423:,1747647680569
counter/10/0/0/0,14384:1747647661271:,1747647680569
counter/2/0/0/0,15261:1747647661592:,1747647680569
counter/4/0/0/0,15331:1747647663143:,1747647680569
counter/7/0/0/0,15180:1747647661718:,1747647680569
counter/9/0/0/0,16018:1747647661741:,1747647680569
counter/5/0/0/0,15277:1747647661597:,1747647680569
counter/1/0/0/0,16359:1747647663067:,1747647680569
counter/3/0/0/0,16486:1747647663575:,1747647680569
counter/8/0/0/0,15522:1747647661436:,1747647680569
counter/6/0/0/0,15140:1747647662423:,1747647680569
counter/10/0/0/0,14385:1747647661274:,1747647680569
counter/2/0/0/0,15262:1747647661592:,1747647680569
counter/4/0/0/0,15332:1747647663144:,1747647680569
counter/7/0/0/0,15181:1747647661718:,1747647680569
counter/9/0/0/0,16019:1747647661742:,1747647680569
counter/5/0/0/0,15278:1747647661597:,1747647680569
counter/1/0/0/0,16360:1747647663067:,1747647680569
counter/3/0/0/0,16487:1747647663575:,1747647680569
counter/8/0/0/0,15523:1747647661436:,1747647680569
counter/6/0/0/0,15141:1747647662423:,1747647680569
counter/10/0/0/0,14386:1747647661274:,1747647680569
counter/2/0/0/0,15263:1747647661592:,1747647680569
counter/4/0/0/0,15333:1747647663144:,1747647680569
counter/7/0/0/0,15182:1747647661718:,1747647680569
counter/9/0/0/0,16020:1747647661742:,1747647680569
counter/5/0/0/0,15279:1747647661597:,1747647680569
counter/1/0/0/0,16361:1747647663067:,1747647680569
counter/3/0/0/0,16488:1747647663583:,1747647680570
counter/8/0/0/0,15524:1747647661437:,1747647680570
counter/6/0/0/0,15142:1747647662423:,1747647680570
counter/10/0/0/0,14387:1747647661274:,1747647680570
counter/2/0/0/0,15264:1747647661592:,1747647680570
counter/4/0/0/0,15334:1747647663144:,1747647680570
counter/7/0/0/0,15183:1747647661718:,1747647680570
counter/9/0/0/0,16021:1747647661744:,1747647680570
counter/5/0/0/0,15280:1747647661597:,1747647680570
counter/1/0/0/0,16362:1747647663067:,1747647680570
counter/3/0/0/0,16489:1747647663590:,1747647680570
counter/8/0/0/0,15525:1747647661437:,1747647680570
counter/6/0/0/0,15143:1747647662423:,1747647680570
counter/10/0/0/0,14388:1747647661274:,1747647680570
counter/2/0/0/0,15265:1747647661592:,1747647680570
counter/4/0/0/0,15335:1747647663144:,1747647680570
counter/7/0/0/0,15184:1747647661718:,1747647680570
counter/9/0/0/0,16022:1747647661744:,1747647680570
counter/5/0/0/0,15281:1747647661597:,1747647680570
counter/1/0/0/0,16363:1747647663067:,1747647680570
counter/3/0/0/0,16490:1747647663590:,1747647680570
counter/8/0/0/0,15526:1747647661437:,1747647680570
counter/6/0/0/0,15144:1747647662428:,1747647680570
counter/10/0/0/0,14389:1747647661274:,1747647680570
counter/10/0/0/0,14390:1747647661274:,1747647680570
counter/10/0/0/0,14391:1747647661274:,1747647680570
counter/7/0/0/0,15185:1747647661718:,1747647680570
counter/9/0/0/0,16023:1747647661744:,1747647680570
counter/5/0/0/0,15282:1747647661597:,1747647680570
counter/1/0/0/0,16364:1747647663073:,1747647680570
counter/3/0/0/0,16491:1747647663590:,1747647680570
counter/8/0/0/0,15527:1747647661437:,1747647680570
counter/6/0/0/0,15145:1747647662428:,1747647680570
counter/6/0/0/0,15146:1747647662429:,1747647680570
counter/2/0/0/0,15266:1747647661592:,1747647680570
counter/10/0/0/0,14392:1747647661274:,1747647680570
counter/2/0/0/0,15267:1747647661592:,1747647680571
counter/2/0/0/0,15268:1747647661592:,1747647680571
counter/2/0/0/0,15269:1747647661592:,1747647680571
counter/8/0/0/0,15528:1747647661437:,1747647680571
counter/2/0/0/0,15270:1747647661592:,1747647680571
counter/6/0/0/0,15147:1747647662429:,1747647680571
counter/2/0/0/0,15271:1747647661592:,1747647680571
counter/4/0/0/0,15336:1747647663144:,1747647680571
counter/10/0/0/0,14393:1747647661274:,1747647680571
counter/7/0/0/0,15186:1747647661718:,1747647680571
counter/9/0/0/0,16024:1747647661744:,1747647680571
counter/1/0/0/0,16365:1747647663073:,1747647680571
counter/5/0/0/0,15283:1747647661599:,1747647680571
counter/3/0/0/0,16492:1747647663599:,1747647680571
counter/3/0/0/0,16493:1747647663599:,1747647680571
counter/8/0/0/0,15529:1747647661437:,1747647680571
counter/8/0/0/0,15530:1747647661437:,1747647680571
counter/8/0/0/0,15531:1747647661437:,1747647680571
counter/8/0/0/0,15532:1747647661437:,1747647680571
counter/8/0/0/0,15533:1747647661439:,1747647680571
counter/8/0/0/0,15534:1747647661442:,1747647680571
counter/1/0/0/0,16366:1747647663073:,1747647680571
counter/5/0/0/0,15284:1747647661599:,1747647680571
counter/2/0/0/0,15272:1747647661592:,1747647680571
counter/3/0/0/0,16494:1747647663599:,1747647680571
counter/3/0/0/0,16495:1747647663599:,1747647680571
counter/3/0/0/0,16496:1747647663599:,1747647680571
counter/3/0/0/0,16497:1747647663599:,1747647680571
counter/3/0/0/0,16498:1747647663600:,1747647680571
counter/3/0/0/0,16499:1747647663600:,1747647680571
counter/3/0/0/0,16500:1747647663600:,1747647680571
counter/3/0/0/0,16501:1747647663600:,1747647680571
counter/3/0/0/0,16502:1747647663600:,1747647680571
counter/4/0/0/0,15337:1747647663144:,1747647680571
counter/3/0/0/0,16503:1747647663600:,1747647680571
counter/6/0/0/0,15148:1747647662429:,1747647680571
counter/8/0/0/0,15535:1747647661442:,1747647680571
counter/1/0/0/0,16367:1747647663073:,1747647680571
counter/5/0/0/0,15285:1747647661599:,1747647680572
counter/5/0/0/0,15286:1747647661599:,1747647680572
counter/5/0/0/0,15287:1747647661599:,1747647680572
counter/5/0/0/0,15288:1747647661599:,1747647680572
counter/9/0/0/0,16025:1747647661744:,1747647680572
counter/7/0/0/0,15187:1747647661718:,1747647680572
counter/4/0/0/0,15338:1747647663165:,1747647680572
counter/6/0/0/0,15149:1747647662429:,1747647680572
counter/8/0/0/0,15536:1747647661442:,1747647680572
counter/1/0/0/0,16368:1747647663073:,1747647680572
counter/3/0/0/0,16504:1747647663600:,1747647680572
counter/5/0/0/0,15289:1747647661599:,1747647680572
counter/2/0/0/0,15273:1747647661592:,1747647680572
counter/10/0/0/0,14394:1747647661274:,1747647680572
counter/9/0/0/0,16026:1747647661744:,1747647680572
counter/7/0/0/0,15188:1747647661718:,1747647680572
counter/4/0/0/0,15339:1747647663165:,1747647680572
counter/6/0/0/0,15150:1747647662429:,1747647680572
counter/8/0/0/0,15537:1747647661442:,1747647680572
counter/1/0/0/0,16369:1747647663073:,1747647680572
counter/3/0/0/0,16505:1747647663600:,1747647680572
counter/5/0/0/0,15290:1747647661599:,1747647680572
counter/2/0/0/0,15274:1747647661592:,1747647680572
counter/10/0/0/0,14395:1747647661274:,1747647680572
counter/9/0/0/0,16027:1747647661745:,1747647680572
counter/7/0/0/0,15189:1747647661718:,1747647680572
counter/4/0/0/0,15340:1747647663165:,1747647680572
counter/6/0/0/0,15151:1747647662436:,1747647680572
counter/8/0/0/0,15538:1747647661442:,1747647680572
counter/1/0/0/0,16370:1747647663073:,1747647680572
counter/3/0/0/0,16506:1747647663600:,1747647680572
counter/5/0/0/0,15291:1747647661599:,1747647680572
counter/2/0/0/0,15275:1747647661593:,1747647680572
counter/10/0/0/0,14396:1747647661274:,1747647680572
counter/9/0/0/0,16028:1747647661745:,1747647680572
counter/7/0/0/0,15190:1747647661718:,1747647680572
counter/4/0/0/0,15341:1747647663165:,1747647680572
counter/6/0/0/0,15152:1747647662437:,1747647680572
counter/8/0/0/0,15539:1747647661443:,1747647680572
counter/1/0/0/0,16371:1747647663073:,1747647680573
counter/3/0/0/0,16507:1747647663600:,1747647680573
counter/5/0/0/0,15292:1747647661599:,1747647680573
counter/2/0/0/0,15276:1747647661593:,1747647680573
counter/10/0/0/0,14397:1747647661274:,1747647680573
counter/9/0/0/0,16029:1747647661745:,1747647680573
counter/7/0/0/0,15191:1747647661718:,1747647680573
counter/4/0/0/0,15342:1747647663165:,1747647680573
counter/6/0/0/0,15153:1747647662438:,1747647680573
counter/8/0/0/0,15540:1747647661443:,1747647680573
counter/1/0/0/0,16372:1747647663074:,1747647680573
counter/3/0/0/0,16508:1747647663600:,1747647680573
counter/5/0/0/0,15293:1747647661599:,1747647680573
counter/2/0/0/0,15277:1747647661596:,1747647680573
counter/10/0/0/0,14398:1747647661275:,1747647680573
counter/9/0/0/0,16030:1747647661745:,1747647680573
counter/7/0/0/0,15192:1747647661718:,1747647680573
counter/4/0/0/0,15343:1747647663165:,1747647680573
counter/6/0/0/0,15154:1747647662438:,1747647680573
counter/8/0/0/0,15541:1747647661443:,1747647680573
counter/1/0/0/0,16373:1747647663074:,1747647680573
counter/3/0/0/0,16509:1747647663600:,1747647680573
counter/5/0/0/0,15294:1747647661601:,1747647680573
counter/5/0/0/0,15295:1747647661602:,1747647680573
counter/5/0/0/0,15296:1747647661602:,1747647680573
counter/9/0/0/0,16031:1747647661745:,1747647680573
counter/9/0/0/0,16032:1747647661746:,1747647680573
counter/9/0/0/0,16033:1747647661746:,1747647680573
counter/9/0/0/0,16034:1747647661746:,1747647680573
counter/9/0/0/0,16035:1747647661746:,1747647680573
counter/8/0/0/0,15542:1747647661443:,1747647680573
counter/3/0/0/0,16510:1747647663600:,1747647680573
counter/2/0/0/0,15278:1747647661596:,1747647680573
counter/5/0/0/0,15297:1747647661602:,1747647680574
counter/5/0/0/0,15298:1747647661602:,1747647680574
counter/5/0/0/0,15299:1747647661602:,1747647680574
counter/5/0/0/0,15300:1747647661602:,1747647680574
counter/5/0/0/0,15301:1747647661602:,1747647680574
counter/5/0/0/0,15302:1747647661602:,1747647680574
counter/5/0/0/0,15303:1747647661602:,1747647680574
counter/5/0/0/0,15304:1747647661602:,1747647680574
counter/5/0/0/0,15305:1747647661602:,1747647680574
counter/5/0/0/0,15306:1747647661602:,1747647680574
counter/5/0/0/0,15307:1747647661602:,1747647680574
counter/5/0/0/0,15308:1747647661602:,1747647680574
counter/5/0/0/0,15309:1747647661602:,1747647680574
counter/2/0/0/0,15279:1747647661596:,1747647680574
counter/6/0/0/0,15155:1747647662439:,1747647680574
counter/2/0/0/0,15280:1747647661596:,1747647680574
counter/4/0/0/0,15344:1747647663165:,1747647680574
counter/9/0/0/0,16036:1747647661750:,1747647680574
counter/9/0/0/0,16037:1747647661750:,1747647680574
counter/9/0/0/0,16038:1747647661750:,1747647680574
counter/8/0/0/0,15543:1747647661443:,1747647680574
counter/1/0/0/0,16374:1747647663074:,1747647680574
counter/10/0/0/0,14399:1747647661292:,1747647680574
counter/6/0/0/0,15156:1747647662439:,1747647680574
counter/6/0/0/0,15157:1747647662439:,1747647680574
counter/6/0/0/0,15158:1747647662439:,1747647680574
counter/4/0/0/0,15345:1747647663165:,1747647680574
counter/5/0/0/0,15310:1747647661608:,1747647680574
counter/7/0/0/0,15193:1747647661720:,1747647680574
counter/9/0/0/0,16039:1747647661750:,1747647680574
counter/8/0/0/0,15544:1747647661444:,1747647680574
counter/1/0/0/0,16375:1747647663074:,1747647680574
counter/10/0/0/0,14400:1747647661292:,1747647680574
counter/10/0/0/0,14401:1747647661292:,1747647680574
counter/10/0/0/0,14402:1747647661292:,1747647680574
counter/10/0/0/0,14403:1747647661292:,1747647680574
counter/10/0/0/0,14404:1747647661292:,1747647680574
counter/10/0/0/0,14405:1747647661292:,1747647680574
counter/10/0/0/0,14406:1747647661292:,1747647680574
counter/10/0/0/0,14407:1747647661292:,1747647680575
counter/10/0/0/0,14408:1747647661293:,1747647680575
counter/10/0/0/0,14409:1747647661293:,1747647680575
counter/10/0/0/0,14410:1747647661293:,1747647680575
counter/10/0/0/0,14411:1747647661293:,1747647680575
counter/10/0/0/0,14412:1747647661293:,1747647680575
counter/10/0/0/0,14413:1747647661293:,1747647680575
counter/10/0/0/0,14414:1747647661305:,1747647680575
counter/10/0/0/0,14415:1747647661305:,1747647680575
counter/10/0/0/0,14416:1747647661305:,1747647680575
counter/10/0/0/0,14417:1747647661305:,1747647680575
counter/10/0/0/0,14418:1747647661306:,1747647680575
counter/10/0/0/0,14419:1747647661306:,1747647680575
counter/10/0/0/0,14420:1747647661306:,1747647680575
counter/10/0/0/0,14421:1747647661306:,1747647680575
counter/10/0/0/0,14422:1747647661306:,1747647680575
counter/10/0/0/0,14423:1747647661306:,1747647680575
counter/10/0/0/0,14424:1747647661306:,1747647680575
counter/10/0/0/0,14425:1747647661306:,1747647680575
counter/10/0/0/0,14426:1747647661306:,1747647680575
counter/10/0/0/0,14427:1747647661306:,1747647680575
counter/10/0/0/0,14428:1747647661332:,1747647680575
counter/10/0/0/0,14429:1747647661332:,1747647680575
counter/10/0/0/0,14430:1747647661332:,1747647680575
counter/10/0/0/0,14431:1747647661332:,1747647680575
counter/10/0/0/0,14432:1747647661332:,1747647680575
counter/10/0/0/0,14433:1747647661332:,1747647680575
counter/10/0/0/0,14434:1747647661332:,1747647680575
counter/10/0/0/0,14435:1747647661332:,1747647680575
counter/10/0/0/0,14436:1747647661332:,1747647680575
counter/10/0/0/0,14437:1747647661332:,1747647680575
counter/10/0/0/0,14438:1747647661332:,1747647680575
counter/10/0/0/0,14439:1747647661347:,1747647680575
counter/10/0/0/0,14440:1747647661347:,1747647680575
counter/10/0/0/0,14441:1747647661347:,1747647680575
counter/10/0/0/0,14442:1747647661347:,1747647680575
counter/10/0/0/0,14443:1747647661347:,1747647680575
counter/10/0/0/0,14444:1747647661347:,1747647680575
counter/3/0/0/0,16511:1747647663600:,1747647680576
counter/10/0/0/0,14445:1747647661347:,1747647680576
counter/7/0/0/0,15194:1747647661720:,1747647680576
counter/10/0/0/0,14446:1747647661347:,1747647680576
counter/1/0/0/0,16376:1747647663074:,1747647680576
counter/9/0/0/0,16040:1747647661750:,1747647680576
counter/10/0/0/0,14447:1747647661347:,1747647680576
counter/2/0/0/0,15281:1747647661596:,1747647680576
counter/6/0/0/0,15159:1747647662439:,1747647680576
counter/10/0/0/0,14448:1747647661347:,1747647680576
counter/4/0/0/0,15346:1747647663166:,1747647680576
counter/10/0/0/0,14449:1747647661347:,1747647680576
counter/4/0/0/0,15347:1747647663166:,1747647680576
counter/10/0/0/0,14450:1747647661347:,1747647680576
counter/4/0/0/0,15348:1747647663166:,1747647680576
counter/10/0/0/0,14451:1747647661347:,1747647680576
counter/4/0/0/0,15349:1747647663166:,1747647680576
counter/10/0/0/0,14452:1747647661348:,1747647680576
counter/4/0/0/0,15350:1747647663166:,1747647680576
counter/10/0/0/0,14453:1747647661348:,1747647680576
counter/4/0/0/0,15351:1747647663166:,1747647680576
counter/10/0/0/0,14454:1747647661348:,1747647680576
counter/4/0/0/0,15352:1747647663166:,1747647680576
counter/4/0/0/0,15353:1747647663166:,1747647680576
counter/4/0/0/0,15354:1747647663167:,1747647680576
counter/4/0/0/0,15355:1747647663167:,1747647680576
counter/4/0/0/0,15356:1747647663167:,1747647680576
counter/4/0/0/0,15357:1747647663167:,1747647680576
counter/4/0/0/0,15358:1747647663167:,1747647680576
counter/4/0/0/0,15359:1747647663167:,1747647680576
counter/2/0/0/0,15282:1747647661596:,1747647680576
counter/4/0/0/0,15360:1747647663167:,1747647680576
counter/6/0/0/0,15160:1747647662439:,1747647680576
counter/4/0/0/0,15361:1747647663167:,1747647680576
counter/10/0/0/0,14455:1747647661348:,1747647680576
counter/4/0/0/0,15362:1747647663167:,1747647680576
counter/10/0/0/0,14456:1747647661348:,1747647680577
counter/4/0/0/0,15363:1747647663167:,1747647680577
counter/10/0/0/0,14457:1747647661348:,1747647680577
counter/4/0/0/0,15364:1747647663168:,1747647680577
counter/10/0/0/0,14458:1747647661348:,1747647680577
counter/4/0/0/0,15365:1747647663168:,1747647680577
counter/10/0/0/0,14459:1747647661348:,1747647680577
counter/4/0/0/0,15366:1747647663168:,1747647680577
counter/10/0/0/0,14460:1747647661348:,1747647680577
counter/3/0/0/0,16512:1747647663600:,1747647680577
counter/4/0/0/0,15367:1747647663168:,1747647680577
counter/10/0/0/0,14461:1747647661349:,1747647680577
counter/7/0/0/0,15195:1747647661720:,1747647680577
counter/9/0/0/0,16041:1747647661750:,1747647680577
counter/4/0/0/0,15368:1747647663170:,1747647680577
counter/10/0/0/0,14462:1747647661349:,1747647680577
counter/4/0/0/0,15369:1747647663170:,1747647680577
counter/10/0/0/0,14463:1747647661349:,1747647680577
counter/4/0/0/0,15370:1747647663170:,1747647680577
counter/10/0/0/0,14464:1747647661349:,1747647680577
counter/4/0/0/0,15371:1747647663170:,1747647680577
counter/4/0/0/0,15372:1747647663170:,1747647680577
counter/4/0/0/0,15373:1747647663170:,1747647680577
counter/4/0/0/0,15374:1747647663170:,1747647680577
counter/4/0/0/0,15375:1747647663171:,1747647680577
counter/4/0/0/0,15376:1747647663171:,1747647680577
counter/4/0/0/0,15377:1747647663171:,1747647680577
counter/4/0/0/0,15378:1747647663175:,1747647680577
counter/4/0/0/0,15379:1747647663176:,1747647680577
counter/4/0/0/0,15380:1747647663176:,1747647680577
counter/4/0/0/0,15381:1747647663176:,1747647680577
counter/4/0/0/0,15382:1747647663176:,1747647680577
counter/4/0/0/0,15383:1747647663176:,1747647680577
counter/4/0/0/0,15384:1747647663176:,1747647680577
counter/4/0/0/0,15385:1747647663176:,1747647680577
counter/4/0/0/0,15386:1747647663176:,1747647680577
counter/4/0/0/0,15387:1747647663176:,1747647680577
counter/4/0/0/0,15388:1747647663176:,1747647680578
counter/4/0/0/0,15389:1747647663176:,1747647680578
counter/4/0/0/0,15390:1747647663177:,1747647680578
counter/4/0/0/0,15391:1747647663177:,1747647680578
counter/4/0/0/0,15392:1747647663177:,1747647680578
counter/4/0/0/0,15393:1747647663177:,1747647680578
counter/4/0/0/0,15394:1747647663177:,1747647680578
counter/4/0/0/0,15395:1747647663177:,1747647680578
counter/4/0/0/0,15396:1747647663177:,1747647680578
counter/4/0/0/0,15397:1747647663177:,1747647680578
counter/4/0/0/0,15398:1747647663177:,1747647680578
counter/4/0/0/0,15399:1747647663177:,1747647680578
counter/4/0/0/0,15400:1747647663177:,1747647680578
counter/4/0/0/0,15401:1747647663177:,1747647680578
counter/4/0/0/0,15402:1747647663177:,1747647680578
counter/4/0/0/0,15403:1747647663177:,1747647680578
counter/4/0/0/0,15404:1747647663177:,1747647680578
counter/4/0/0/0,15405:1747647663177:,1747647680578
counter/4/0/0/0,15406:1747647663177:,1747647680578
counter/4/0/0/0,15407:1747647663177:,1747647680578
counter/4/0/0/0,15408:1747647663177:,1747647680578
counter/4/0/0/0,15409:1747647663177:,1747647680578
counter/7/0/0/0,15196:1747647661720:,1747647680578
counter/4/0/0/0,15410:1747647663177:,1747647680578
counter/5/0/0/0,15311:1747647661608:,1747647680578
counter/4/0/0/0,15411:1747647663177:,1747647680578
counter/3/0/0/0,16513:1747647663600:,1747647680578
counter/4/0/0/0,15412:1747647663177:,1747647680578
counter/3/0/0/0,16514:1747647663607:,1747647680578
counter/4/0/0/0,15413:1747647663177:,1747647680578
counter/3/0/0/0,16515:1747647663607:,1747647680578
counter/4/0/0/0,15414:1747647663185:,1747647680578
counter/3/0/0/0,16516:1747647663607:,1747647680578
counter/4/0/0/0,15415:1747647663185:,1747647680578
counter/3/0/0/0,16517:1747647663607:,1747647680578
counter/4/0/0/0,15416:1747647663185:,1747647680579
counter/3/0/0/0,16518:1747647663608:,1747647680579
counter/4/0/0/0,15417:1747647663185:,1747647680579
counter/3/0/0/0,16519:1747647663608:,1747647680579
counter/4/0/0/0,15418:1747647663185:,1747647680579
counter/3/0/0/0,16520:1747647663609:,1747647680579
counter/4/0/0/0,15419:1747647663185:,1747647680579
counter/3/0/0/0,16521:1747647663609:,1747647680579
counter/4/0/0/0,15420:1747647663185:,1747647680579
counter/3/0/0/0,16522:1747647663609:,1747647680579
counter/4/0/0/0,15421:1747647663185:,1747647680579
counter/3/0/0/0,16523:1747647663609:,1747647680579
counter/4/0/0/0,15422:1747647663185:,1747647680579
counter/3/0/0/0,16524:1747647663609:,1747647680579
counter/4/0/0/0,15423:1747647663185:,1747647680579
counter/3/0/0/0,16525:1747647663609:,1747647680579
counter/3/0/0/0,16526:1747647663609:,1747647680579
counter/3/0/0/0,16527:1747647663609:,1747647680579
counter/3/0/0/0,16528:1747647663609:,1747647680579
counter/3/0/0/0,16529:1747647663609:,1747647680579
counter/3/0/0/0,16530:1747647663609:,1747647680579
counter/3/0/0/0,16531:1747647663609:,1747647680579
counter/3/0/0/0,16532:1747647663609:,1747647680579
counter/3/0/0/0,16533:1747647663609:,1747647680579
counter/3/0/0/0,16534:1747647663609:,1747647680579
counter/3/0/0/0,16535:1747647663610:,1747647680579
counter/3/0/0/0,16536:1747647663610:,1747647680579
counter/3/0/0/0,16537:1747647663610:,1747647680579
counter/3/0/0/0,16538:1747647663616:,1747647680579
counter/3/0/0/0,16539:1747647663616:,1747647680579
counter/3/0/0/0,16540:1747647663616:,1747647680579
counter/3/0/0/0,16541:1747647663616:,1747647680579
counter/3/0/0/0,16542:1747647663616:,1747647680579
counter/3/0/0/0,16543:1747647663616:,1747647680579
counter/3/0/0/0,16544:1747647663616:,1747647680579
counter/3/0/0/0,16545:1747647663616:,1747647680579
counter/3/0/0/0,16546:1747647663616:,1747647680579
counter/3/0/0/0,16547:1747647663616:,1747647680579
counter/3/0/0/0,16548:1747647663616:,1747647680579
counter/3/0/0/0,16549:1747647663616:,1747647680580
counter/3/0/0/0,16550:1747647663632:,1747647680580
counter/3/0/0/0,16551:1747647663632:,1747647680580
counter/3/0/0/0,16552:1747647663632:,1747647680580
counter/3/0/0/0,16553:1747647663632:,1747647680580
counter/3/0/0/0,16554:1747647663632:,1747647680580
counter/3/0/0/0,16555:1747647663632:,1747647680580
counter/3/0/0/0,16556:1747647663632:,1747647680580
counter/3/0/0/0,16557:1747647663633:,1747647680580
counter/3/0/0/0,16558:1747647663633:,1747647680580
counter/3/0/0/0,16559:1747647663633:,1747647680580
counter/3/0/0/0,16560:1747647663633:,1747647680580
counter/3/0/0/0,16561:1747647663633:,1747647680580
counter/3/0/0/0,16562:1747647663633:,1747647680580
counter/3/0/0/0,16563:1747647663633:,1747647680580
counter/3/0/0/0,16564:1747647663633:,1747647680580
counter/3/0/0/0,16565:1747647663633:,1747647680580
counter/3/0/0/0,16566:1747647663633:,1747647680580
counter/3/0/0/0,16567:1747647663633:,1747647680580
counter/3/0/0/0,16568:1747647663633:,1747647680580
counter/3/0/0/0,16569:1747647663633:,1747647680580
counter/3/0/0/0,16570:1747647663633:,1747647680580
counter/3/0/0/0,16571:1747647663633:,1747647680580
counter/3/0/0/0,16572:1747647663633:,1747647680580
counter/3/0/0/0,16573:1747647663636:,1747647680580
counter/3/0/0/0,16574:1747647663636:,1747647680580
counter/3/0/0/0,16575:1747647663639:,1747647680580
counter/3/0/0/0,16576:1747647663639:,1747647680580
counter/3/0/0/0,16577:1747647663639:,1747647680580
counter/3/0/0/0,16578:1747647663639:,1747647680580
counter/3/0/0/0,16579:1747647663639:,1747647680580
counter/3/0/0/0,16580:1747647663639:,1747647680580
counter/3/0/0/0,16581:1747647663640:,1747647680580
counter/3/0/0/0,16582:1747647663640:,1747647680580
counter/3/0/0/0,16583:1747647663640:,1747647680580
counter/3/0/0/0,16584:1747647663640:,1747647680580
counter/3/0/0/0,16585:1747647663640:,1747647680580
counter/3/0/0/0,16586:1747647663640:,1747647680580
counter/3/0/0/0,16587:1747647663640:,1747647680581
counter/3/0/0/0,16588:1747647663640:,1747647680581
counter/3/0/0/0,16589:1747647663640:,1747647680581
counter/3/0/0/0,16590:1747647663640:,1747647680581
counter/3/0/0/0,16591:1747647663640:,1747647680581
counter/3/0/0/0,16592:1747647663640:,1747647680581
counter/3/0/0/0,16593:1747647663640:,1747647680581
counter/3/0/0/0,16594:1747647663640:,1747647680581
counter/3/0/0/0,16595:1747647663640:,1747647680581
counter/3/0/0/0,16596:1747647663640:,1747647680581
counter/3/0/0/0,16597:1747647663640:,1747647680581
counter/3/0/0/0,16598:1747647663641:,1747647680581
counter/3/0/0/0,16599:1747647663641:,1747647680581
counter/3/0/0/0,16600:1747647663641:,1747647680581
counter/3/0/0/0,16601:1747647663641:,1747647680581
counter/3/0/0/0,16602:1747647663641:,1747647680581
counter/3/0/0/0,16603:1747647663641:,1747647680581
counter/3/0/0/0,16604:1747647663641:,1747647680581
counter/3/0/0/0,16605:1747647663641:,1747647680581
counter/3/0/0/0,16606:1747647663641:,1747647680581
counter/3/0/0/0,16607:1747647663642:,1747647680581
counter/3/0/0/0,16608:1747647663642:,1747647680581
counter/3/0/0/0,16609:1747647663642:,1747647680581
counter/3/0/0/0,16610:1747647663642:,1747647680581
counter/3/0/0/0,16611:1747647663642:,1747647680581
counter/3/0/0/0,16612:1747647663642:,1747647680581
counter/3/0/0/0,16613:1747647663642:,1747647680581
counter/3/0/0/0,16614:1747647663642:,1747647680581
counter/3/0/0/0,16615:1747647663642:,1747647680581
counter/3/0/0/0,16616:1747647663642:,1747647680581
counter/3/0/0/0,16617:1747647663642:,1747647680581
counter/3/0/0/0,16618:1747647663642:,1747647680581
counter/3/0/0/0,16619:1747647663642:,1747647680581
counter/3/0/0/0,16620:1747647663642:,1747647680581
counter/3/0/0/0,16621:1747647663642:,1747647680581
counter/3/0/0/0,16622:1747647663642:,1747647680582
counter/3/0/0/0,16623:1747647663642:,1747647680582
counter/3/0/0/0,16624:1747647663642:,1747647680582
counter/3/0/0/0,16625:1747647663642:,1747647680582
counter/3/0/0/0,16626:1747647663642:,1747647680582
counter/3/0/0/0,16627:1747647663642:,1747647680582
counter/3/0/0/0,16628:1747647663642:,1747647680582
counter/3/0/0/0,16629:1747647663642:,1747647680582
counter/3/0/0/0,16630:1747647663644:,1747647680582
counter/3/0/0/0,16631:1747647663644:,1747647680582
counter/3/0/0/0,16632:1747647663644:,1747647680582
counter/3/0/0/0,16633:1747647663644:,1747647680582
counter/3/0/0/0,16634:1747647663644:,1747647680582
counter/3/0/0/0,16635:1747647663644:,1747647680582
counter/3/0/0/0,16636:1747647663644:,1747647680582
counter/3/0/0/0,16637:1747647663644:,1747647680582
counter/3/0/0/0,16638:1747647663646:,1747647680582
counter/3/0/0/0,16639:1747647663646:,1747647680582
counter/3/0/0/0,16640:1747647663646:,1747647680582
counter/3/0/0/0,16641:1747647663646:,1747647680582
counter/3/0/0/0,16642:1747647663646:,1747647680582
counter/3/0/0/0,16643:1747647663647:,1747647680582
counter/3/0/0/0,16644:1747647663647:,1747647680582
counter/3/0/0/0,16645:1747647663647:,1747647680582
counter/3/0/0/0,16646:1747647663647:,1747647680582
counter/3/0/0/0,16647:1747647663647:,1747647680582
counter/3/0/0/0,16648:1747647663647:,1747647680582
counter/3/0/0/0,16649:1747647663647:,1747647680582
counter/3/0/0/0,16650:1747647663652:,1747647680582
counter/3/0/0/0,16651:1747647663652:,1747647680582
counter/3/0/0/0,16652:1747647663652:,1747647680582
counter/3/0/0/0,16653:1747647663652:,1747647680582
counter/3/0/0/0,16654:1747647663652:,1747647680582
counter/3/0/0/0,16655:1747647663652:,1747647680582
counter/3/0/0/0,16656:1747647663652:,1747647680582
counter/3/0/0/0,16657:1747647663652:,1747647680582
counter/3/0/0/0,16658:1747647663652:,1747647680582
counter/3/0/0/0,16659:1747647663652:,1747647680582
counter/3/0/0/0,16660:1747647663652:,1747647680583
counter/3/0/0/0,16661:1747647663652:,1747647680583
counter/3/0/0/0,16662:1747647663652:,1747647680583
counter/3/0/0/0,16663:1747647663652:,1747647680583
counter/3/0/0/0,16664:1747647663652:,1747647680583
counter/3/0/0/0,16665:1747647663652:,1747647680583
counter/3/0/0/0,16666:1747647663652:,1747647680583
counter/3/0/0/0,16667:1747647663652:,1747647680583
counter/3/0/0/0,16668:1747647663652:,1747647680583
counter/3/0/0/0,16669:1747647663652:,1747647680583
counter/3/0/0/0,16670:1747647663652:,1747647680583
counter/3/0/0/0,16671:1747647663652:,1747647680583
counter/3/0/0/0,16672:1747647663653:,1747647680583
counter/3/0/0/0,16673:1747647663653:,1747647680583
counter/3/0/0/0,16674:1747647663653:,1747647680583
counter/3/0/0/0,16675:1747647663653:,1747647680583
counter/3/0/0/0,16676:1747647663653:,1747647680583
counter/3/0/0/0,16677:1747647663653:,1747647680583
counter/3/0/0/0,16678:1747647663653:,1747647680583
counter/3/0/0/0,16679:1747647663653:,1747647680583
counter/3/0/0/0,16680:1747647663653:,1747647680583
counter/3/0/0/0,16681:1747647663653:,1747647680583
counter/3/0/0/0,16682:1747647663653:,1747647680583
counter/3/0/0/0,16683:1747647663653:,1747647680583
counter/3/0/0/0,16684:1747647663653:,1747647680583
counter/3/0/0/0,16685:1747647663653:,1747647680583
counter/3/0/0/0,16686:1747647663653:,1747647680583
counter/3/0/0/0,16687:1747647663653:,1747647680583
counter/3/0/0/0,16688:1747647663653:,1747647680583
counter/10/0/0/0,14465:1747647661349:,1747647680583
counter/3/0/0/0,16689:1747647663658:,1747647680583
counter/2/0/0/0,15283:1747647661599:,1747647680583
counter/3/0/0/0,16690:1747647663659:,1747647680583
counter/8/0/0/0,15545:1747647661444:,1747647680583
counter/3/0/0/0,16691:1747647663659:,1747647680583
counter/6/0/0/0,15161:1747647662439:,1747647680584
counter/3/0/0/0,16692:1747647663659:,1747647680584
counter/1/0/0/0,16377:1747647663074:,1747647680584
counter/9/0/0/0,16042:1747647661750:,1747647680584
counter/3/0/0/0,16693:1747647663659:,1747647680584
counter/5/0/0/0,15312:1747647661608:,1747647680584
counter/7/0/0/0,15197:1747647661720:,1747647680584
counter/3/0/0/0,16694:1747647663659:,1747647680584
counter/4/0/0/0,15424:1747647663185:,1747647680584
counter/3/0/0/0,16695:1747647663659:,1747647680584
counter/4/0/0/0,15425:1747647663185:,1747647680584
counter/3/0/0/0,16696:1747647663659:,1747647680584
counter/4/0/0/0,15426:1747647663185:,1747647680584
counter/3/0/0/0,16697:1747647663659:,1747647680584
counter/4/0/0/0,15427:1747647663185:,1747647680584
counter/3/0/0/0,16698:1747647663659:,1747647680584
counter/4/0/0/0,15428:1747647663185:,1747647680584
counter/3/0/0/0,16699:1747647663659:,1747647680584
counter/4/0/0/0,15429:1747647663185:,1747647680584
counter/3/0/0/0,16700:1747647663659:,1747647680584
counter/4/0/0/0,15430:1747647663185:,1747647680584
counter/3/0/0/0,16701:1747647663659:,1747647680584
counter/4/0/0/0,15431:1747647663186:,1747647680584
counter/3/0/0/0,16702:1747647663659:,1747647680584
counter/4/0/0/0,15432:1747647663186:,1747647680584
counter/3/0/0/0,16703:1747647663659:,1747647680584
counter/4/0/0/0,15433:1747647663186:,1747647680584
counter/3/0/0/0,16704:1747647663659:,1747647680584
counter/4/0/0/0,15434:1747647663186:,1747647680584
counter/3/0/0/0,16705:1747647663671:,1747647680584
counter/4/0/0/0,15435:1747647663186:,1747647680584
counter/3/0/0/0,16706:1747647663673:,1747647680584
counter/4/0/0/0,15436:1747647663186:,1747647680584
counter/3/0/0/0,16707:1747647663685:,1747647680584
counter/4/0/0/0,15437:1747647663186:,1747647680584
counter/3/0/0/0,16708:1747647663685:,1747647680584
counter/4/0/0/0,15438:1747647663186:,1747647680585
counter/3/0/0/0,16709:1747647663685:,1747647680585
counter/4/0/0/0,15439:1747647663186:,1747647680585
counter/3/0/0/0,16710:1747647663685:,1747647680585
counter/4/0/0/0,15440:1747647663186:,1747647680585
counter/3/0/0/0,16711:1747647663685:,1747647680585
counter/4/0/0/0,15441:1747647663186:,1747647680585
counter/3/0/0/0,16712:1747647663685:,1747647680585
counter/4/0/0/0,15442:1747647663186:,1747647680585
counter/3/0/0/0,16713:1747647663685:,1747647680585
counter/4/0/0/0,15443:1747647663190:,1747647680585
counter/3/0/0/0,16714:1747647663692:,1747647680585
counter/4/0/0/0,15444:1747647663191:,1747647680585
counter/3/0/0/0,16715:1747647663692:,1747647680585
counter/4/0/0/0,15445:1747647663191:,1747647680585
counter/3/0/0/0,16716:1747647663692:,1747647680585
counter/4/0/0/0,15446:1747647663191:,1747647680585
counter/3/0/0/0,16717:1747647663692:,1747647680585
counter/4/0/0/0,15447:1747647663191:,1747647680585
counter/3/0/0/0,16718:1747647663693:,1747647680585
counter/4/0/0/0,15448:1747647663191:,1747647680585
counter/3/0/0/0,16719:1747647663693:,1747647680585
counter/4/0/0/0,15449:1747647663193:,1747647680585
counter/3/0/0/0,16720:1747647663693:,1747647680585
counter/4/0/0/0,15450:1747647663193:,1747647680585
counter/3/0/0/0,16721:1747647663693:,1747647680585
counter/4/0/0/0,15451:1747647663193:,1747647680585
counter/3/0/0/0,16722:1747647663693:,1747647680585
counter/4/0/0/0,15452:1747647663193:,1747647680585
counter/3/0/0/0,16723:1747647663693:,1747647680585
counter/4/0/0/0,15453:1747647663193:,1747647680585
counter/3/0/0/0,16724:1747647663693:,1747647680585
counter/4/0/0/0,15454:1747647663193:,1747647680585
counter/3/0/0/0,16725:1747647663694:,1747647680585
counter/4/0/0/0,15455:1747647663204:,1747647680585
counter/3/0/0/0,16726:1747647663694:,1747647680585
counter/4/0/0/0,15456:1747647663204:,1747647680585
counter/3/0/0/0,16727:1747647663694:,1747647680586
counter/4/0/0/0,15457:1747647663204:,1747647680586
counter/3/0/0/0,16728:1747647663694:,1747647680586
counter/4/0/0/0,15458:1747647663204:,1747647680586
counter/4/0/0/0,15459:1747647663204:,1747647680586
counter/4/0/0/0,15460:1747647663205:,1747647680586
counter/4/0/0/0,15461:1747647663205:,1747647680586
counter/4/0/0/0,15462:1747647663205:,1747647680586
counter/4/0/0/0,15463:1747647663205:,1747647680586
counter/4/0/0/0,15464:1747647663205:,1747647680586
counter/4/0/0/0,15465:1747647663205:,1747647680586
counter/4/0/0/0,15466:1747647663206:,1747647680586
counter/4/0/0/0,15467:1747647663206:,1747647680586
counter/4/0/0/0,15468:1747647663206:,1747647680586
counter/4/0/0/0,15469:1747647663206:,1747647680586
counter/4/0/0/0,15470:1747647663206:,1747647680586
counter/4/0/0/0,15471:1747647663206:,1747647680586
counter/4/0/0/0,15472:1747647663207:,1747647680586
counter/4/0/0/0,15473:1747647663207:,1747647680586
counter/4/0/0/0,15474:1747647663207:,1747647680586
counter/4/0/0/0,15475:1747647663207:,1747647680586
counter/4/0/0/0,15476:1747647663207:,1747647680586
counter/4/0/0/0,15477:1747647663207:,1747647680586
counter/4/0/0/0,15478:1747647663209:,1747647680586
counter/4/0/0/0,15479:1747647663209:,1747647680586
counter/4/0/0/0,15480:1747647663209:,1747647680586
counter/4/0/0/0,15481:1747647663209:,1747647680586
counter/4/0/0/0,15482:1747647663209:,1747647680586
counter/4/0/0/0,15483:1747647663209:,1747647680586
counter/4/0/0/0,15484:1747647663209:,1747647680586
counter/4/0/0/0,15485:1747647663209:,1747647680586
counter/4/0/0/0,15486:1747647663209:,1747647680586
counter/4/0/0/0,15487:1747647663212:,1747647680586
counter/4/0/0/0,15488:1747647663212:,1747647680586
counter/4/0/0/0,15489:1747647663212:,1747647680586
counter/4/0/0/0,15490:1747647663212:,1747647680586
counter/4/0/0/0,15491:1747647663212:,1747647680587
counter/4/0/0/0,15492:1747647663212:,1747647680587
counter/4/0/0/0,15493:1747647663212:,1747647680587
counter/4/0/0/0,15494:1747647663212:,1747647680587
counter/4/0/0/0,15495:1747647663212:,1747647680587
counter/4/0/0/0,15496:1747647663212:,1747647680587
counter/4/0/0/0,15497:1747647663233:,1747647680587
counter/4/0/0/0,15498:1747647663233:,1747647680587
counter/4/0/0/0,15499:1747647663233:,1747647680587
counter/4/0/0/0,15500:1747647663233:,1747647680587
counter/4/0/0/0,15501:1747647663233:,1747647680587
counter/4/0/0/0,15502:1747647663233:,1747647680587
counter/4/0/0/0,15503:1747647663233:,1747647680587
counter/4/0/0/0,15504:1747647663233:,1747647680587
counter/4/0/0/0,15505:1747647663233:,1747647680587
counter/4/0/0/0,15506:1747647663233:,1747647680587
counter/4/0/0/0,15507:1747647663233:,1747647680587
counter/4/0/0/0,15508:1747647663233:,1747647680587
counter/4/0/0/0,15509:1747647663233:,1747647680587
counter/4/0/0/0,15510:1747647663235:,1747647680587
counter/4/0/0/0,15511:1747647663235:,1747647680587
counter/4/0/0/0,15512:1747647663235:,1747647680587
counter/4/0/0/0,15513:1747647663235:,1747647680587
counter/4/0/0/0,15514:1747647663235:,1747647680587
counter/4/0/0/0,15515:1747647663240:,1747647680587
counter/4/0/0/0,15516:1747647663240:,1747647680587
counter/4/0/0/0,15517:1747647663241:,1747647680587
counter/4/0/0/0,15518:1747647663241:,1747647680587
counter/4/0/0/0,15519:1747647663241:,1747647680587
counter/4/0/0/0,15520:1747647663241:,1747647680587
counter/8/0/0/0,15546:1747647661444:,1747647680587
counter/4/0/0/0,15521:1747647663241:,1747647680587
counter/4/0/0/0,15522:1747647663241:,1747647680587
counter/1/0/0/0,16378:1747647663087:,1747647680587
counter/4/0/0/0,15523:1747647663241:,1747647680587
counter/4/0/0/0,15524:1747647663241:,1747647680587
counter/4/0/0/0,15525:1747647663241:,1747647680587
counter/7/0/0/0,15198:1747647661720:,1747647680587
counter/3/0/0/0,16729:1747647663694:,1747647680587
counter/4/0/0/0,15526:1747647663241:,1747647680588
counter/9/0/0/0,16043:1747647661750:,1747647680588
counter/10/0/0/0,14466:1747647661349:,1747647680588
counter/4/0/0/0,15527:1747647663270:,1747647680588
counter/2/0/0/0,15284:1747647661599:,1747647680588
counter/6/0/0/0,15162:1747647662439:,1747647680588
counter/4/0/0/0,15528:1747647663270:,1747647680588
counter/6/0/0/0,15163:1747647662439:,1747647680588
counter/4/0/0/0,15529:1747647663270:,1747647680588
counter/6/0/0/0,15164:1747647662439:,1747647680588
counter/4/0/0/0,15530:1747647663270:,1747647680588
counter/6/0/0/0,15165:1747647662439:,1747647680588
counter/4/0/0/0,15531:1747647663271:,1747647680588
counter/6/0/0/0,15166:1747647662439:,1747647680588
counter/4/0/0/0,15532:1747647663271:,1747647680588
counter/6/0/0/0,15167:1747647662453:,1747647680588
counter/4/0/0/0,15533:1747647663271:,1747647680588
counter/6/0/0/0,15168:1747647662454:,1747647680588
counter/4/0/0/0,15534:1747647663271:,1747647680588
counter/6/0/0/0,15169:1747647662454:,1747647680588
counter/4/0/0/0,15535:1747647663271:,1747647680588
counter/6/0/0/0,15170:1747647662454:,1747647680588
counter/4/0/0/0,15536:1747647663271:,1747647680588
counter/6/0/0/0,15171:1747647662454:,1747647680588
counter/4/0/0/0,15537:1747647663271:,1747647680588
counter/6/0/0/0,15172:1747647662454:,1747647680588
counter/3/0/0/0,16730:1747647663699:,1747647680588
counter/9/0/0/0,16044:1747647661750:,1747647680588
counter/4/0/0/0,15538:1747647663271:,1747647680588
counter/6/0/0/0,15173:1747647662456:,1747647680588
counter/3/0/0/0,16731:1747647663699:,1747647680588
counter/4/0/0/0,15539:1747647663271:,1747647680588
counter/6/0/0/0,15174:1747647662456:,1747647680588
counter/3/0/0/0,16732:1747647663699:,1747647680588
counter/4/0/0/0,15540:1747647663275:,1747647680588
counter/6/0/0/0,15175:1747647662456:,1747647680588
counter/3/0/0/0,16733:1747647663699:,1747647680588
counter/4/0/0/0,15541:1747647663275:,1747647680589
counter/6/0/0/0,15176:1747647662456:,1747647680589
counter/3/0/0/0,16734:1747647663699:,1747647680589
counter/4/0/0/0,15542:1747647663275:,1747647680589
counter/3/0/0/0,16735:1747647663699:,1747647680589
counter/4/0/0/0,15543:1747647663275:,1747647680589
counter/3/0/0/0,16736:1747647663704:,1747647680589
counter/4/0/0/0,15544:1747647663275:,1747647680589
counter/3/0/0/0,16737:1747647663705:,1747647680589
counter/4/0/0/0,15545:1747647663275:,1747647680589
counter/3/0/0/0,16738:1747647663705:,1747647680589
counter/4/0/0/0,15546:1747647663275:,1747647680589
counter/3/0/0/0,16739:1747647663705:,1747647680589
counter/4/0/0/0,15547:1747647663275:,1747647680589
counter/3/0/0/0,16740:1747647663705:,1747647680589
counter/4/0/0/0,15548:1747647663275:,1747647680589
counter/3/0/0/0,16741:1747647663705:,1747647680589
counter/4/0/0/0,15549:1747647663275:,1747647680589
counter/3/0/0/0,16742:1747647663705:,1747647680589
counter/4/0/0/0,15550:1747647663275:,1747647680589
counter/3/0/0/0,16743:1747647663705:,1747647680589
counter/4/0/0/0,15551:1747647663275:,1747647680589
counter/3/0/0/0,16744:1747647663705:,1747647680589
counter/4/0/0/0,15552:1747647663275:,1747647680589
counter/3/0/0/0,16745:1747647663705:,1747647680589
counter/4/0/0/0,15553:1747647663275:,1747647680589
counter/3/0/0/0,16746:1747647663705:,1747647680589
counter/4/0/0/0,15554:1747647663291:,1747647680589
counter/3/0/0/0,16747:1747647663705:,1747647680589
counter/4/0/0/0,15555:1747647663291:,1747647680589
counter/3/0/0/0,16748:1747647663705:,1747647680589
counter/4/0/0/0,15556:1747647663291:,1747647680589
counter/3/0/0/0,16749:1747647663705:,1747647680589
counter/4/0/0/0,15557:1747647663291:,1747647680590
counter/3/0/0/0,16750:1747647663705:,1747647680590
counter/4/0/0/0,15558:1747647663291:,1747647680590
counter/3/0/0/0,16751:1747647663705:,1747647680590
counter/4/0/0/0,15559:1747647663291:,1747647680590
counter/3/0/0/0,16752:1747647663705:,1747647680590
counter/4/0/0/0,15560:1747647663291:,1747647680590
counter/3/0/0/0,16753:1747647663705:,1747647680590
counter/4/0/0/0,15561:1747647663291:,1747647680590
counter/3/0/0/0,16754:1747647663705:,1747647680590
counter/4/0/0/0,15562:1747647663291:,1747647680590
counter/3/0/0/0,16755:1747647663705:,1747647680590
counter/4/0/0/0,15563:1747647663291:,1747647680590
counter/3/0/0/0,16756:1747647663705:,1747647680590
counter/4/0/0/0,15564:1747647663291:,1747647680590
counter/3/0/0/0,16757:1747647663705:,1747647680590
counter/4/0/0/0,15565:1747647663295:,1747647680590
counter/3/0/0/0,16758:1747647663705:,1747647680590
counter/3/0/0/0,16759:1747647663706:,1747647680590
counter/3/0/0/0,16760:1747647663708:,1747647680590
counter/3/0/0/0,16761:1747647663708:,1747647680590
counter/3/0/0/0,16762:1747647663708:,1747647680590
counter/3/0/0/0,16763:1747647663708:,1747647680590
counter/3/0/0/0,16764:1747647663708:,1747647680590
counter/3/0/0/0,16765:1747647663708:,1747647680590
counter/3/0/0/0,16766:1747647663708:,1747647680590
counter/3/0/0/0,16767:1747647663708:,1747647680590
counter/3/0/0/0,16768:1747647663708:,1747647680590
counter/3/0/0/0,16769:1747647663708:,1747647680590
counter/3/0/0/0,16770:1747647663709:,1747647680590
counter/3/0/0/0,16771:1747647663709:,1747647680590
counter/7/0/0/0,15199:1747647661720:,1747647680590
counter/3/0/0/0,16772:1747647663709:,1747647680590
counter/10/0/0/0,14467:1747647661349:,1747647680590
counter/3/0/0/0,16773:1747647663709:,1747647680590
counter/6/0/0/0,15177:1747647662457:,1747647680590
counter/9/0/0/0,16045:1747647661750:,1747647680590
counter/3/0/0/0,16774:1747647663709:,1747647680590
counter/9/0/0/0,16046:1747647661750:,1747647680591
counter/3/0/0/0,16775:1747647663709:,1747647680591
counter/9/0/0/0,16047:1747647661750:,1747647680591
counter/3/0/0/0,16776:1747647663709:,1747647680591
counter/9/0/0/0,16048:1747647661753:,1747647680591
counter/3/0/0/0,16777:1747647663720:,1747647680591
counter/9/0/0/0,16049:1747647661753:,1747647680591
counter/3/0/0/0,16778:1747647663720:,1747647680591
counter/9/0/0/0,16050:1747647661753:,1747647680591
counter/3/0/0/0,16779:1747647663720:,1747647680591
counter/9/0/0/0,16051:1747647661753:,1747647680591
counter/3/0/0/0,16780:1747647663720:,1747647680591
counter/3/0/0/0,16781:1747647663720:,1747647680591
counter/3/0/0/0,16782:1747647663720:,1747647680591
counter/3/0/0/0,16783:1747647663720:,1747647680591
counter/3/0/0/0,16784:1747647663721:,1747647680591
counter/3/0/0/0,16785:1747647663721:,1747647680591
counter/3/0/0/0,16786:1747647663721:,1747647680591
counter/3/0/0/0,16787:1747647663721:,1747647680591
counter/3/0/0/0,16788:1747647663721:,1747647680591
counter/3/0/0/0,16789:1747647663721:,1747647680591
counter/3/0/0/0,16790:1747647663721:,1747647680591
counter/3/0/0/0,16791:1747647663721:,1747647680591
counter/3/0/0/0,16792:1747647663721:,1747647680591
counter/3/0/0/0,16793:1747647663721:,1747647680591
counter/3/0/0/0,16794:1747647663721:,1747647680591
counter/3/0/0/0,16795:1747647663721:,1747647680591
counter/3/0/0/0,16796:1747647663721:,1747647680591
counter/3/0/0/0,16797:1747647663721:,1747647680591
counter/3/0/0/0,16798:1747647663721:,1747647680591
counter/3/0/0/0,16799:1747647663721:,1747647680591
counter/3/0/0/0,16800:1747647663737:,1747647680591
counter/3/0/0/0,16801:1747647663737:,1747647680591
counter/3/0/0/0,16802:1747647663737:,1747647680591
counter/3/0/0/0,16803:1747647663737:,1747647680591
counter/3/0/0/0,16804:1747647663737:,1747647680591
counter/3/0/0/0,16805:1747647663737:,1747647680591
counter/3/0/0/0,16806:1747647663737:,1747647680591
counter/9/0/0/0,16052:1747647661753:,1747647680592
counter/3/0/0/0,16807:1747647663737:,1747647680592
counter/9/0/0/0,16053:1747647661753:,1747647680592
counter/3/0/0/0,16808:1747647663737:,1747647680592
counter/9/0/0/0,16054:1747647661753:,1747647680592
counter/3/0/0/0,16809:1747647663737:,1747647680592
counter/9/0/0/0,16055:1747647661753:,1747647680592
counter/3/0/0/0,16810:1747647663737:,1747647680592
counter/9/0/0/0,16056:1747647661753:,1747647680592
counter/3/0/0/0,16811:1747647663737:,1747647680592
counter/3/0/0/0,16812:1747647663737:,1747647680592
counter/9/0/0/0,16057:1747647661753:,1747647680592
counter/3/0/0/0,16813:1747647663737:,1747647680592
counter/9/0/0/0,16058:1747647661753:,1747647680592
counter/10/0/0/0,14468:1747647661349:,1747647680592
counter/2/0/0/0,15285:1747647661599:,1747647680592
counter/3/0/0/0,16814:1747647663737:,1747647680592
counter/9/0/0/0,16059:1747647661753:,1747647680592
counter/8/0/0/0,15547:1747647661444:,1747647680592
counter/9/0/0/0,16060:1747647661754:,1747647680592
counter/8/0/0/0,15548:1747647661444:,1747647680592
counter/9/0/0/0,16061:1747647661754:,1747647680592
counter/8/0/0/0,15549:1747647661444:,1747647680592
counter/9/0/0/0,16062:1747647661754:,1747647680592
counter/8/0/0/0,15550:1747647661444:,1747647680592
counter/8/0/0/0,15551:1747647661444:,1747647680592
counter/8/0/0/0,15552:1747647661444:,1747647680592
counter/8/0/0/0,15553:1747647661444:,1747647680592
counter/7/0/0/0,15200:1747647661720:,1747647680592
counter/8/0/0/0,15554:1747647661444:,1747647680592
counter/8/0/0/0,15555:1747647661444:,1747647680592
counter/8/0/0/0,15556:1747647661444:,1747647680592
counter/8/0/0/0,15557:1747647661444:,1747647680592
counter/4/0/0/0,15566:1747647663295:,1747647680592
counter/6/0/0/0,15178:1747647662457:,1747647680592
counter/8/0/0/0,15558:1747647661444:,1747647680592
counter/9/0/0/0,16063:1747647661757:,1747647680593
counter/9/0/0/0,16064:1747647661769:,1747647680593
counter/9/0/0/0,16065:1747647661769:,1747647680593
counter/9/0/0/0,16066:1747647661769:,1747647680593
counter/9/0/0/0,16067:1747647661769:,1747647680593
counter/9/0/0/0,16068:1747647661769:,1747647680593
counter/9/0/0/0,16069:1747647661769:,1747647680593
counter/3/0/0/0,16815:1747647663737:,1747647680593
counter/3/0/0/0,16816:1747647663737:,1747647680593
counter/4/0/0/0,15567:1747647663295:,1747647680593
counter/1/0/0/0,16379:1747647663087:,1747647680593
counter/8/0/0/0,15559:1747647661444:,1747647680593
counter/8/0/0/0,15560:1747647661444:,1747647680593
counter/8/0/0/0,15561:1747647661444:,1747647680593
counter/8/0/0/0,15562:1747647661444:,1747647680593
counter/8/0/0/0,15563:1747647661444:,1747647680593
counter/8/0/0/0,15564:1747647661444:,1747647680593
counter/8/0/0/0,15565:1747647661444:,1747647680593
counter/8/0/0/0,15566:1747647661446:,1747647680593
counter/8/0/0/0,15567:1747647661446:,1747647680593
counter/8/0/0/0,15568:1747647661446:,1747647680593
counter/8/0/0/0,15569:1747647661446:,1747647680593
counter/2/0/0/0,15286:1747647661599:,1747647680593
counter/8/0/0/0,15570:1747647661446:,1747647680593
counter/3/0/0/0,16817:1747647663737:,1747647680593
counter/1/0/0/0,16380:1747647663087:,1747647680593
counter/8/0/0/0,15571:1747647661446:,1747647680593
counter/1/0/0/0,16381:1747647663087:,1747647680593
counter/1/0/0/0,16382:1747647663087:,1747647680593
counter/1/0/0/0,16383:1747647663087:,1747647680593
counter/1/0/0/0,16384:1747647663094:,1747647680593
counter/1/0/0/0,16385:1747647663094:,1747647680593
counter/1/0/0/0,16386:1747647663094:,1747647680593
counter/1/0/0/0,16387:1747647663094:,1747647680593
counter/1/0/0/0,16388:1747647663094:,1747647680593
counter/1/0/0/0,16389:1747647663094:,1747647680593
counter/1/0/0/0,16390:1747647663094:,1747647680593
counter/1/0/0/0,16391:1747647663100:,1747647680593
counter/1/0/0/0,16392:1747647663100:,1747647680594
counter/1/0/0/0,16393:1747647663100:,1747647680594
counter/1/0/0/0,16394:1747647663100:,1747647680594
counter/1/0/0/0,16395:1747647663100:,1747647680594
counter/1/0/0/0,16396:1747647663100:,1747647680594
counter/1/0/0/0,16397:1747647663100:,1747647680594
counter/1/0/0/0,16398:1747647663100:,1747647680594
counter/1/0/0/0,16399:1747647663100:,1747647680594
counter/1/0/0/0,16400:1747647663100:,1747647680594
counter/1/0/0/0,16401:1747647663100:,1747647680594
counter/1/0/0/0,16402:1747647663100:,1747647680594
counter/1/0/0/0,16403:1747647663100:,1747647680594
counter/1/0/0/0,16404:1747647663100:,1747647680594
counter/1/0/0/0,16405:1747647663100:,1747647680594
counter/1/0/0/0,16406:1747647663100:,1747647680594
counter/1/0/0/0,16407:1747647663100:,1747647680594
counter/1/0/0/0,16408:1747647663100:,1747647680594
counter/1/0/0/0,16409:1747647663100:,1747647680594
counter/1/0/0/0,16410:1747647663100:,1747647680594
counter/1/0/0/0,16411:1747647663100:,1747647680594
counter/1/0/0/0,16412:1747647663103:,1747647680594
counter/1/0/0/0,16413:1747647663103:,1747647680594
counter/1/0/0/0,16414:1747647663103:,1747647680594
counter/1/0/0/0,16415:1747647663103:,1747647680594
counter/1/0/0/0,16416:1747647663110:,1747647680594
counter/1/0/0/0,16417:1747647663111:,1747647680594
counter/1/0/0/0,16418:1747647663111:,1747647680594
counter/1/0/0/0,16419:1747647663111:,1747647680594
counter/1/0/0/0,16420:1747647663111:,1747647680594
counter/1/0/0/0,16421:1747647663111:,1747647680594
counter/1/0/0/0,16422:1747647663111:,1747647680594
counter/1/0/0/0,16423:1747647663111:,1747647680594
counter/1/0/0/0,16424:1747647663111:,1747647680594
counter/1/0/0/0,16425:1747647663123:,1747647680594
counter/10/0/0/0,14469:1747647661349:,1747647680594
counter/1/0/0/0,16426:1747647663123:,1747647680594
counter/7/0/0/0,15201:1747647661720:,1747647680595
counter/1/0/0/0,16427:1747647663123:,1747647680595
counter/8/0/0/0,15572:1747647661446:,1747647680595
counter/9/0/0/0,16070:1747647661769:,1747647680595
counter/1/0/0/0,16428:1747647663123:,1747647680595
counter/6/0/0/0,15179:1747647662457:,1747647680595
counter/1/0/0/0,16429:1747647663123:,1747647680595
counter/2/0/0/0,15287:1747647661599:,1747647680595
counter/5/0/0/0,15313:1747647661608:,1747647680595
counter/1/0/0/0,16430:1747647663123:,1747647680595
counter/1/0/0/0,16431:1747647663123:,1747647680595
counter/1/0/0/0,16432:1747647663123:,1747647680595
counter/1/0/0/0,16433:1747647663123:,1747647680595
counter/1/0/0/0,16434:1747647663123:,1747647680595
counter/1/0/0/0,16435:1747647663123:,1747647680595
counter/1/0/0/0,16436:1747647663123:,1747647680595
counter/1/0/0/0,16437:1747647663126:,1747647680595
counter/1/0/0/0,16438:1747647663128:,1747647680595
counter/1/0/0/0,16439:1747647663128:,1747647680595
counter/1/0/0/0,16440:1747647663128:,1747647680595
counter/1/0/0/0,16441:1747647663128:,1747647680595
counter/1/0/0/0,16442:1747647663128:,1747647680595
counter/1/0/0/0,16443:1747647663128:,1747647680595
counter/1/0/0/0,16444:1747647663128:,1747647680595
counter/1/0/0/0,16445:1747647663128:,1747647680595
counter/1/0/0/0,16446:1747647663128:,1747647680595
counter/1/0/0/0,16447:1747647663128:,1747647680595
counter/1/0/0/0,16448:1747647663128:,1747647680595
counter/1/0/0/0,16449:1747647663128:,1747647680595
counter/1/0/0/0,16450:1747647663128:,1747647680595
counter/1/0/0/0,16451:1747647663128:,1747647680595
counter/1/0/0/0,16452:1747647663129:,1747647680595
counter/1/0/0/0,16453:1747647663129:,1747647680595
counter/1/0/0/0,16454:1747647663129:,1747647680595
counter/1/0/0/0,16455:1747647663129:,1747647680595
counter/1/0/0/0,16456:1747647663129:,1747647680595
counter/1/0/0/0,16457:1747647663129:,1747647680596
counter/1/0/0/0,16458:1747647663129:,1747647680596
counter/1/0/0/0,16459:1747647663129:,1747647680596
counter/1/0/0/0,16460:1747647663129:,1747647680596
counter/1/0/0/0,16461:1747647663129:,1747647680596
counter/1/0/0/0,16462:1747647663129:,1747647680596
counter/1/0/0/0,16463:1747647663129:,1747647680596
counter/1/0/0/0,16464:1747647663129:,1747647680596
counter/1/0/0/0,16465:1747647663129:,1747647680596
counter/1/0/0/0,16466:1747647663131:,1747647680596
counter/1/0/0/0,16467:1747647663131:,1747647680596
counter/1/0/0/0,16468:1747647663132:,1747647680596
counter/1/0/0/0,16469:1747647663132:,1747647680596
counter/1/0/0/0,16470:1747647663132:,1747647680596
counter/1/0/0/0,16471:1747647663132:,1747647680596
counter/1/0/0/0,16472:1747647663132:,1747647680596
counter/1/0/0/0,16473:1747647663132:,1747647680596
counter/1/0/0/0,16474:1747647663132:,1747647680596
counter/1/0/0/0,16475:1747647663133:,1747647680596
counter/1/0/0/0,16476:1747647663133:,1747647680596
counter/1/0/0/0,16477:1747647663148:,1747647680596
counter/1/0/0/0,16478:1747647663148:,1747647680596
counter/1/0/0/0,16479:1747647663148:,1747647680596
counter/2/0/0/0,15288:1747647661599:,1747647680596
counter/1/0/0/0,16480:1747647663148:,1747647680596
counter/4/0/0/0,15568:1747647663296:,1747647680596
counter/10/0/0/0,14470:1747647661349:,1747647680596
counter/1/0/0/0,16481:1747647663148:,1747647680596
counter/7/0/0/0,15202:1747647661720:,1747647680596
counter/8/0/0/0,15573:1747647661447:,1747647680596
counter/1/0/0/0,16482:1747647663148:,1747647680596
counter/6/0/0/0,15180:1747647662457:,1747647680596
counter/3/0/0/0,16818:1747647663738:,1747647680596
counter/5/0/0/0,15314:1747647661608:,1747647680596
counter/1/0/0/0,16483:1747647663148:,1747647680596
counter/1/0/0/0,16484:1747647663149:,1747647680596
counter/1/0/0/0,16485:1747647663149:,1747647680596
counter/1/0/0/0,16486:1747647663149:,1747647680596
counter/1/0/0/0,16487:1747647663149:,1747647680597
counter/1/0/0/0,16488:1747647663149:,1747647680597
counter/1/0/0/0,16489:1747647663149:,1747647680597
counter/1/0/0/0,16490:1747647663149:,1747647680597
counter/1/0/0/0,16491:1747647663149:,1747647680597
counter/1/0/0/0,16492:1747647663149:,1747647680597
counter/1/0/0/0,16493:1747647663149:,1747647680597
counter/1/0/0/0,16494:1747647663149:,1747647680597
counter/1/0/0/0,16495:1747647663149:,1747647680597
counter/1/0/0/0,16496:1747647663166:,1747647680597
counter/1/0/0/0,16497:1747647663166:,1747647680597
counter/1/0/0/0,16498:1747647663167:,1747647680597
counter/1/0/0/0,16499:1747647663167:,1747647680597
counter/1/0/0/0,16500:1747647663167:,1747647680597
counter/1/0/0/0,16501:1747647663167:,1747647680597
counter/1/0/0/0,16502:1747647663167:,1747647680597
counter/1/0/0/0,16503:1747647663167:,1747647680597
counter/1/0/0/0,16504:1747647663168:,1747647680597
counter/1/0/0/0,16505:1747647663168:,1747647680597
counter/1/0/0/0,16506:1747647663168:,1747647680597
counter/1/0/0/0,16507:1747647663168:,1747647680597
counter/1/0/0/0,16508:1747647663169:,1747647680597
counter/1/0/0/0,16509:1747647663169:,1747647680597
counter/1/0/0/0,16510:1747647663169:,1747647680597
counter/1/0/0/0,16511:1747647663169:,1747647680597
counter/1/0/0/0,16512:1747647663169:,1747647680597
counter/1/0/0/0,16513:1747647663169:,1747647680597
counter/1/0/0/0,16514:1747647663173:,1747647680597
counter/1/0/0/0,16515:1747647663173:,1747647680597
counter/1/0/0/0,16516:1747647663173:,1747647680597
counter/1/0/0/0,16517:1747647663173:,1747647680597
counter/1/0/0/0,16518:1747647663173:,1747647680597
counter/1/0/0/0,16519:1747647663179:,1747647680597
counter/1/0/0/0,16520:1747647663179:,1747647680598
counter/1/0/0/0,16521:1747647663179:,1747647680598
counter/1/0/0/0,16522:1747647663179:,1747647680598
counter/1/0/0/0,16523:1747647663179:,1747647680598
counter/1/0/0/0,16524:1747647663179:,1747647680598
counter/1/0/0/0,16525:1747647663179:,1747647680598
counter/1/0/0/0,16526:1747647663179:,1747647680598
counter/1/0/0/0,16527:1747647663179:,1747647680598
counter/1/0/0/0,16528:1747647663179:,1747647680598
counter/1/0/0/0,16529:1747647663181:,1747647680598
counter/1/0/0/0,16530:1747647663183:,1747647680598
counter/1/0/0/0,16531:1747647663183:,1747647680598
counter/1/0/0/0,16532:1747647663183:,1747647680598
counter/1/0/0/0,16533:1747647663183:,1747647680598
counter/1/0/0/0,16534:1747647663183:,1747647680598
counter/1/0/0/0,16535:1747647663183:,1747647680598
counter/1/0/0/0,16536:1747647663186:,1747647680598
counter/1/0/0/0,16537:1747647663189:,1747647680598
counter/1/0/0/0,16538:1747647663189:,1747647680598
counter/1/0/0/0,16539:1747647663189:,1747647680598
counter/1/0/0/0,16540:1747647663189:,1747647680598
counter/1/0/0/0,16541:1747647663189:,1747647680598
counter/1/0/0/0,16542:1747647663189:,1747647680598
counter/1/0/0/0,16543:1747647663189:,1747647680598
counter/1/0/0/0,16544:1747647663189:,1747647680598
counter/1/0/0/0,16545:1747647663189:,1747647680598
counter/1/0/0/0,16546:1747647663189:,1747647680598
counter/1/0/0/0,16547:1747647663189:,1747647680598
counter/1/0/0/0,16548:1747647663189:,1747647680598
counter/1/0/0/0,16549:1747647663189:,1747647680598
counter/1/0/0/0,16550:1747647663192:,1747647680598
counter/1/0/0/0,16551:1747647663192:,1747647680598
counter/6/0/0/0,15181:1747647662457:,1747647680598
counter/1/0/0/0,16552:1747647663192:,1747647680598
counter/3/0/0/0,16819:1747647663740:,1747647680598
counter/1/0/0/0,16553:1747647663192:,1747647680598
counter/5/0/0/0,15315:1747647661608:,1747647680598
counter/1/0/0/0,16554:1747647663192:,1747647680598
counter/2/0/0/0,15289:1747647661599:,1747647680599
counter/1/0/0/0,16555:1747647663200:,1747647680599
counter/10/0/0/0,14471:1747647661349:,1747647680599
counter/1/0/0/0,16556:1747647663200:,1747647680599
counter/9/0/0/0,16071:1747647661769:,1747647680599
counter/7/0/0/0,15203:1747647661720:,1747647680599
counter/1/0/0/0,16557:1747647663201:,1747647680599
counter/8/0/0/0,15574:1747647661447:,1747647680599
counter/1/0/0/0,16558:1747647663201:,1747647680599
counter/1/0/0/0,16559:1747647663201:,1747647680599
counter/1/0/0/0,16560:1747647663201:,1747647680599
counter/1/0/0/0,16561:1747647663201:,1747647680599
counter/1/0/0/0,16562:1747647663201:,1747647680599
counter/1/0/0/0,16563:1747647663201:,1747647680599
counter/1/0/0/0,16564:1747647663201:,1747647680599
counter/1/0/0/0,16565:1747647663201:,1747647680599
counter/1/0/0/0,16566:1747647663218:,1747647680599
counter/9/0/0/0,16072:1747647661769:,1747647680599
counter/8/0/0/0,15575:1747647661447:,1747647680599
counter/1/0/0/0,16567:1747647663218:,1747647680599
counter/6/0/0/0,15182:1747647662457:,1747647680599
counter/3/0/0/0,16820:1747647663740:,1747647680599
counter/1/0/0/0,16568:1747647663219:,1747647680599
counter/5/0/0/0,15316:1747647661608:,1747647680599
counter/1/0/0/0,16569:1747647663219:,1747647680599
counter/5/0/0/0,15317:1747647661608:,1747647680599
counter/1/0/0/0,16570:1747647663219:,1747647680599
counter/5/0/0/0,15318:1747647661608:,1747647680599
counter/1/0/0/0,16571:1747647663219:,1747647680599
counter/5/0/0/0,15319:1747647661627:,1747647680599
counter/1/0/0/0,16572:1747647663219:,1747647680599
counter/5/0/0/0,15320:1747647661627:,1747647680599
counter/1/0/0/0,16573:1747647663219:,1747647680599
counter/5/0/0/0,15321:1747647661627:,1747647680599
counter/7/0/0/0,15204:1747647661720:,1747647680599
counter/1/0/0/0,16574:1747647663219:,1747647680599
counter/5/0/0/0,15322:1747647661628:,1747647680599
counter/7/0/0/0,15205:1747647661720:,1747647680600
counter/3/0/0/0,16821:1747647663740:,1747647680600
counter/1/0/0/0,16575:1747647663219:,1747647680600
counter/5/0/0/0,15323:1747647661654:,1747647680600
counter/1/0/0/0,16576:1747647663260:,1747647680600
counter/5/0/0/0,15324:1747647661654:,1747647680600
counter/1/0/0/0,16577:1747647663262:,1747647680600
counter/5/0/0/0,15325:1747647661654:,1747647680600
counter/1/0/0/0,16578:1747647663262:,1747647680600
counter/5/0/0/0,15326:1747647661654:,1747647680600
counter/1/0/0/0,16579:1747647663262:,1747647680600
counter/5/0/0/0,15327:1747647661654:,1747647680600
counter/2/0/0/0,15290:1747647661599:,1747647680600
counter/1/0/0/0,16580:1747647663262:,1747647680600
counter/5/0/0/0,15328:1747647661654:,1747647680600
counter/2/0/0/0,15291:1747647661610:,1747647680600
counter/4/0/0/0,15569:1747647663296:,1747647680600
counter/1/0/0/0,16581:1747647663262:,1747647680600
counter/5/0/0/0,15329:1747647661658:,1747647680600
counter/4/0/0/0,15570:1747647663296:,1747647680600
counter/1/0/0/0,16582:1747647663263:,1747647680600
counter/5/0/0/0,15330:1747647661658:,1747647680600
counter/4/0/0/0,15571:1747647663297:,1747647680600
counter/1/0/0/0,16583:1747647663263:,1747647680600
counter/5/0/0/0,15331:1747647661658:,1747647680600
counter/4/0/0/0,15572:1747647663297:,1747647680600
counter/5/0/0/0,15332:1747647661658:,1747647680600
counter/4/0/0/0,15573:1747647663297:,1747647680600
counter/10/0/0/0,14472:1747647661349:,1747647680600
counter/5/0/0/0,15333:1747647661658:,1747647680601
counter/4/0/0/0,15574:1747647663297:,1747647680601
counter/10/0/0/0,14473:1747647661349:,1747647680601
counter/5/0/0/0,15334:1747647661659:,1747647680601
counter/4/0/0/0,15575:1747647663298:,1747647680601
counter/10/0/0/0,14474:1747647661349:,1747647680601
counter/5/0/0/0,15335:1747647661659:,1747647680601
counter/4/0/0/0,15576:1747647663298:,1747647680601
counter/10/0/0/0,14475:1747647661349:,1747647680601
counter/5/0/0/0,15336:1747647661659:,1747647680601
counter/4/0/0/0,15577:1747647663298:,1747647680601
counter/10/0/0/0,14476:1747647661350:,1747647680601
counter/5/0/0/0,15337:1747647661659:,1747647680601
counter/4/0/0/0,15578:1747647663298:,1747647680601
counter/10/0/0/0,14477:1747647661350:,1747647680601
counter/9/0/0/0,16073:1747647661769:,1747647680601
counter/5/0/0/0,15338:1747647661659:,1747647680601
counter/4/0/0/0,15579:1747647663299:,1747647680601
counter/10/0/0/0,14478:1747647661350:,1747647680601
counter/5/0/0/0,15339:1747647661659:,1747647680601
counter/4/0/0/0,15580:1747647663299:,1747647680601
counter/10/0/0/0,14479:1747647661350:,1747647680601
counter/7/0/0/0,15206:1747647661723:,1747647680601
counter/5/0/0/0,15340:1747647661659:,1747647680601
counter/4/0/0/0,15581:1747647663299:,1747647680601
counter/10/0/0/0,14480:1747647661350:,1747647680601
counter/6/0/0/0,15183:1747647662457:,1747647680601
counter/3/0/0/0,16822:1747647663740:,1747647680601
counter/5/0/0/0,15341:1747647661659:,1747647680601
counter/4/0/0/0,15582:1747647663299:,1747647680601
counter/10/0/0/0,14481:1747647661350:,1747647680601
counter/2/0/0/0,15292:1747647661612:,1747647680601
counter/5/0/0/0,15342:1747647661659:,1747647680601
counter/4/0/0/0,15583:1747647663299:,1747647680601
counter/10/0/0/0,14482:1747647661350:,1747647680601
counter/2/0/0/0,15293:1747647661612:,1747647680601
counter/5/0/0/0,15343:1747647661659:,1747647680601
counter/4/0/0/0,15584:1747647663299:,1747647680601
counter/10/0/0/0,14483:1747647661350:,1747647680602
counter/2/0/0/0,15294:1747647661612:,1747647680602
counter/5/0/0/0,15344:1747647661659:,1747647680602
counter/4/0/0/0,15585:1747647663299:,1747647680602
counter/2/0/0/0,15295:1747647661612:,1747647680602
counter/5/0/0/0,15345:1747647661659:,1747647680602
counter/4/0/0/0,15586:1747647663302:,1747647680602
counter/7/0/0/0,15207:1747647661723:,1747647680602
counter/3/0/0/0,16823:1747647663740:,1747647680602
counter/5/0/0/0,15346:1747647661659:,1747647680602
counter/4/0/0/0,15587:1747647663302:,1747647680602
counter/5/0/0/0,15347:1747647661669:,1747647680602
counter/4/0/0/0,15588:1747647663302:,1747647680602
counter/5/0/0/0,15348:1747647661672:,1747647680602
counter/4/0/0/0,15589:1747647663302:,1747647680602
counter/5/0/0/0,15349:1747647661672:,1747647680602
counter/4/0/0/0,15590:1747647663302:,1747647680602
counter/5/0/0/0,15350:1747647661672:,1747647680602
counter/4/0/0/0,15591:1747647663303:,1747647680602
counter/5/0/0/0,15351:1747647661672:,1747647680602
counter/4/0/0/0,15592:1747647663303:,1747647680602
counter/5/0/0/0,15352:1747647661672:,1747647680602
counter/4/0/0/0,15593:1747647663305:,1747647680602
counter/5/0/0/0,15353:1747647661672:,1747647680602
counter/4/0/0/0,15594:1747647663305:,1747647680602
counter/5/0/0/0,15354:1747647661673:,1747647680602
counter/4/0/0/0,15595:1747647663305:,1747647680602
counter/7/0/0/0,15208:1747647661723:,1747647680602
counter/5/0/0/0,15355:1747647661674:,1747647680602
counter/4/0/0/0,15596:1747647663305:,1747647680602
counter/7/0/0/0,15209:1747647661723:,1747647680602
counter/1/0/0/0,16584:1747647663263:,1747647680602
counter/5/0/0/0,15356:1747647661674:,1747647680602
counter/6/0/0/0,15184:1747647662457:,1747647680602
counter/3/0/0/0,16824:1747647663740:,1747647680602
counter/2/0/0/0,15296:1747647661612:,1747647680602
counter/5/0/0/0,15357:1747647661674:,1747647680602
counter/5/0/0/0,15358:1747647661678:,1747647680602
counter/7/0/0/0,15210:1747647661723:,1747647680603
counter/5/0/0/0,15359:1747647661705:,1747647680603
counter/7/0/0/0,15211:1747647661723:,1747647680603
counter/1/0/0/0,16585:1747647663263:,1747647680603
counter/5/0/0/0,15360:1747647661706:,1747647680603
counter/7/0/0/0,15212:1747647661723:,1747647680603
counter/4/0/0/0,15597:1747647663305:,1747647680603
counter/5/0/0/0,15361:1747647661706:,1747647680603
counter/7/0/0/0,15213:1747647661723:,1747647680603
counter/5/0/0/0,15362:1747647661706:,1747647680603
counter/5/0/0/0,15363:1747647661706:,1747647680603
counter/5/0/0/0,15364:1747647661706:,1747647680603
counter/5/0/0/0,15365:1747647661706:,1747647680603
counter/4/0/0/0,15598:1747647663305:,1747647680603
counter/5/0/0/0,15366:1747647661706:,1747647680603
counter/6/0/0/0,15185:1747647662457:,1747647680603
counter/5/0/0/0,15367:1747647661706:,1747647680603
counter/9/0/0/0,16074:1747647661769:,1747647680603
counter/3/0/0/0,16825:1747647663740:,1747647680603
counter/5/0/0/0,15368:1747647661706:,1747647680603
counter/1/0/0/0,16586:1747647663263:,1747647680603
counter/2/0/0/0,15297:1747647661612:,1747647680603
counter/5/0/0/0,15369:1747647661706:,1747647680603
counter/5/0/0/0,15370:1747647661706:,1747647680603
counter/7/0/0/0,15214:1747647661723:,1747647680603
counter/5/0/0/0,15371:1747647661706:,1747647680603
counter/10/0/0/0,14484:1747647661350:,1747647680603
counter/5/0/0/0,15372:1747647661706:,1747647680603
counter/7/0/0/0,15215:1747647661723:,1747647680603
counter/5/0/0/0,15373:1747647661706:,1747647680603
counter/7/0/0/0,15216:1747647661723:,1747647680603
counter/5/0/0/0,15374:1747647661706:,1747647680603
counter/7/0/0/0,15217:1747647661723:,1747647680603
counter/1/0/0/0,16587:1747647663263:,1747647680603
counter/5/0/0/0,15375:1747647661722:,1747647680604
counter/7/0/0/0,15218:1747647661723:,1747647680604
counter/2/0/0/0,15298:1747647661612:,1747647680604
counter/5/0/0/0,15376:1747647661727:,1747647680604
counter/5/0/0/0,15377:1747647661727:,1747647680604
counter/5/0/0/0,15378:1747647661727:,1747647680604
counter/5/0/0/0,15379:1747647661727:,1747647680604
counter/5/0/0/0,15380:1747647661727:,1747647680604
counter/7/0/0/0,15219:1747647661725:,1747647680604
counter/5/0/0/0,15381:1747647661737:,1747647680604
counter/5/0/0/0,15382:1747647661737:,1747647680604
counter/7/0/0/0,15220:1747647661725:,1747647680604
counter/5/0/0/0,15383:1747647661737:,1747647680604
counter/2/0/0/0,15299:1747647661612:,1747647680604
counter/5/0/0/0,15384:1747647661737:,1747647680604
counter/6/0/0/0,15186:1747647662457:,1747647680604
counter/9/0/0/0,16075:1747647661790:,1747647680604
counter/5/0/0/0,15385:1747647661737:,1747647680604
counter/3/0/0/0,16826:1747647663740:,1747647680604
counter/5/0/0/0,15386:1747647661737:,1747647680604
counter/5/0/0/0,15387:1747647661737:,1747647680604
counter/5/0/0/0,15388:1747647661737:,1747647680604
counter/5/0/0/0,15389:1747647661737:,1747647680604
counter/7/0/0/0,15221:1747647661725:,1747647680604
counter/5/0/0/0,15390:1747647661737:,1747647680604
counter/2/0/0/0,15300:1747647661612:,1747647680604
counter/5/0/0/0,15391:1747647661738:,1747647680604
counter/2/0/0/0,15301:1747647661612:,1747647680604
counter/2/0/0/0,15302:1747647661612:,1747647680604
counter/1/0/0/0,16588:1747647663263:,1747647680604
counter/2/0/0/0,15303:1747647661612:,1747647680604
counter/1/0/0/0,16589:1747647663263:,1747647680604
counter/1/0/0/0,16590:1747647663263:,1747647680604
counter/1/0/0/0,16591:1747647663273:,1747647680604
counter/1/0/0/0,16592:1747647663273:,1747647680604
counter/1/0/0/0,16593:1747647663273:,1747647680604
counter/1/0/0/0,16594:1747647663273:,1747647680604
counter/1/0/0/0,16595:1747647663273:,1747647680604
counter/10/0/0/0,14485:1747647661350:,1747647680604
counter/1/0/0/0,16596:1747647663276:,1747647680605
counter/7/0/0/0,15222:1747647661725:,1747647680605
counter/1/0/0/0,16597:1747647663278:,1747647680605
counter/1/0/0/0,16598:1747647663278:,1747647680605
counter/7/0/0/0,15223:1747647661725:,1747647680605
counter/1/0/0/0,16599:1747647663278:,1747647680605
counter/3/0/0/0,16827:1747647663740:,1747647680605
counter/6/0/0/0,15187:1747647662457:,1747647680605
counter/8/0/0/0,15576:1747647661447:,1747647680605
counter/8/0/0/0,15577:1747647661447:,1747647680605
counter/8/0/0/0,15578:1747647661448:,1747647680605
counter/8/0/0/0,15579:1747647661448:,1747647680605
counter/8/0/0/0,15580:1747647661448:,1747647680605
counter/8/0/0/0,15581:1747647661448:,1747647680605
counter/8/0/0/0,15582:1747647661448:,1747647680605
counter/8/0/0/0,15583:1747647661448:,1747647680605
counter/8/0/0/0,15584:1747647661448:,1747647680605
counter/8/0/0/0,15585:1747647661448:,1747647680605
counter/6/0/0/0,15188:1747647662467:,1747647680605
counter/8/0/0/0,15586:1747647661448:,1747647680605
counter/8/0/0/0,15587:1747647661448:,1747647680605
counter/6/0/0/0,15189:1747647662467:,1747647680605
counter/2/0/0/0,15304:1747647661613:,1747647680605
counter/2/0/0/0,15305:1747647661613:,1747647680605
counter/1/0/0/0,16600:1747647663278:,1747647680605
counter/8/0/0/0,15588:1747647661448:,1747647680605
counter/1/0/0/0,16601:1747647663278:,1747647680605
counter/10/0/0/0,14486:1747647661350:,1747647680605
counter/4/0/0/0,15599:1747647663305:,1747647680605
counter/5/0/0/0,15392:1747647661738:,1747647680605
counter/5/0/0/0,15393:1747647661738:,1747647680605
counter/6/0/0/0,15190:1747647662467:,1747647680605
counter/2/0/0/0,15306:1747647661613:,1747647680605
counter/7/0/0/0,15224:1747647661725:,1747647680605
counter/8/0/0/0,15589:1747647661454:,1747647680605
counter/7/0/0/0,15225:1747647661725:,1747647680606
counter/10/0/0/0,14487:1747647661356:,1747647680606
counter/4/0/0/0,15600:1747647663305:,1747647680606
counter/4/0/0/0,15601:1747647663305:,1747647680606
counter/5/0/0/0,15394:1747647661738:,1747647680606
counter/4/0/0/0,15602:1747647663305:,1747647680606
counter/6/0/0/0,15191:1747647662467:,1747647680606
counter/9/0/0/0,16076:1747647661807:,1747647680606
counter/1/0/0/0,16602:1747647663278:,1747647680606
counter/8/0/0/0,15590:1747647661454:,1747647680606
counter/8/0/0/0,15591:1747647661454:,1747647680606
counter/8/0/0/0,15592:1747647661454:,1747647680606
counter/8/0/0/0,15593:1747647661454:,1747647680606
counter/8/0/0/0,15594:1747647661454:,1747647680606
counter/8/0/0/0,15595:1747647661454:,1747647680606
counter/8/0/0/0,15596:1747647661454:,1747647680606
counter/6/0/0/0,15192:1747647662467:,1747647680606
counter/8/0/0/0,15597:1747647661454:,1747647680606
counter/9/0/0/0,16077:1747647661807:,1747647680606
counter/7/0/0/0,15226:1747647661725:,1747647680606
counter/3/0/0/0,16828:1747647663740:,1747647680606
counter/2/0/0/0,15307:1747647661613:,1747647680606
counter/4/0/0/0,15603:1747647663305:,1747647680606
counter/4/0/0/0,15604:1747647663306:,1747647680606
counter/4/0/0/0,15605:1747647663318:,1747647680606
counter/5/0/0/0,15395:1747647661738:,1747647680606
counter/5/0/0/0,15396:1747647661748:,1747647680606
counter/5/0/0/0,15397:1747647661748:,1747647680606
counter/6/0/0/0,15193:1747647662467:,1747647680606
counter/6/0/0/0,15194:1747647662468:,1747647680606
counter/3/0/0/0,16829:1747647663740:,1747647680606
counter/2/0/0/0,15308:1747647661613:,1747647680606
counter/3/0/0/0,16830:1747647663740:,1747647680606
counter/4/0/0/0,15606:1747647663318:,1747647680607
counter/4/0/0/0,15607:1747647663318:,1747647680607
counter/4/0/0/0,15608:1747647663318:,1747647680607
counter/9/0/0/0,16078:1747647661807:,1747647680607
counter/10/0/0/0,14488:1747647661357:,1747647680607
counter/10/0/0/0,14489:1747647661357:,1747647680607
counter/10/0/0/0,14490:1747647661357:,1747647680607
counter/10/0/0/0,14491:1747647661357:,1747647680607
counter/10/0/0/0,14492:1747647661357:,1747647680607
counter/10/0/0/0,14493:1747647661357:,1747647680607
counter/10/0/0/0,14494:1747647661357:,1747647680607
counter/10/0/0/0,14495:1747647661357:,1747647680607
counter/3/0/0/0,16831:1747647663744:,1747647680607
counter/9/0/0/0,16079:1747647661820:,1747647680607
counter/3/0/0/0,16832:1747647663744:,1747647680607
counter/3/0/0/0,16833:1747647663744:,1747647680607
counter/3/0/0/0,16834:1747647663744:,1747647680607
counter/4/0/0/0,15609:1747647663318:,1747647680607
counter/4/0/0/0,15610:1747647663318:,1747647680607
counter/4/0/0/0,15611:1747647663318:,1747647680607
counter/4/0/0/0,15612:1747647663318:,1747647680607
counter/4/0/0/0,15613:1747647663318:,1747647680607
counter/4/0/0/0,15614:1747647663318:,1747647680607
counter/9/0/0/0,16080:1747647661820:,1747647680607
counter/7/0/0/0,15227:1747647661726:,1747647680607
counter/2/0/0/0,15309:1747647661613:,1747647680607
counter/3/0/0/0,16835:1747647663744:,1747647680607
counter/10/0/0/0,14496:1747647661357:,1747647680607
counter/3/0/0/0,16836:1747647663744:,1747647680607
counter/5/0/0/0,15398:1747647661748:,1747647680607
counter/5/0/0/0,15399:1747647661748:,1747647680607
counter/1/0/0/0,16603:1747647663278:,1747647680607
counter/1/0/0/0,16604:1747647663278:,1747647680607
counter/1/0/0/0,16605:1747647663278:,1747647680607
counter/1/0/0/0,16606:1747647663278:,1747647680607
counter/2/0/0/0,15310:1747647661613:,1747647680607
counter/10/0/0/0,14497:1747647661357:,1747647680608
counter/10/0/0/0,14498:1747647661361:,1747647680608
counter/10/0/0/0,14499:1747647661361:,1747647680608
counter/10/0/0/0,14500:1747647661361:,1747647680608
counter/10/0/0/0,14501:1747647661361:,1747647680608
counter/10/0/0/0,14502:1747647661361:,1747647680608
counter/10/0/0/0,14503:1747647661362:,1747647680608
counter/7/0/0/0,15228:1747647661726:,1747647680608
counter/10/0/0/0,14504:1747647661362:,1747647680608
counter/9/0/0/0,16081:1747647661820:,1747647680608
counter/4/0/0/0,15615:1747647663318:,1747647680608
counter/9/0/0/0,16082:1747647661820:,1747647680608
counter/9/0/0/0,16083:1747647661820:,1747647680608
counter/9/0/0/0,16084:1747647661820:,1747647680608
counter/9/0/0/0,16085:1747647661820:,1747647680608
counter/9/0/0/0,16086:1747647661820:,1747647680608
counter/6/0/0/0,15195:1747647662468:,1747647680608
counter/2/0/0/0,15311:1747647661613:,1747647680608
counter/6/0/0/0,15196:1747647662468:,1747647680608
counter/4/0/0/0,15616:1747647663318:,1747647680608
counter/6/0/0/0,15197:1747647662468:,1747647680608
counter/3/0/0/0,16837:1747647663744:,1747647680608
counter/10/0/0/0,14505:1747647661367:,1747647680608
counter/3/0/0/0,16838:1747647663744:,1747647680608
counter/9/0/0/0,16087:1747647661820:,1747647680608
counter/5/0/0/0,15400:1747647661748:,1747647680608
counter/2/0/0/0,15312:1747647661613:,1747647680608
counter/4/0/0/0,15617:1747647663318:,1747647680608
counter/4/0/0/0,15618:1747647663318:,1747647680608
counter/4/0/0/0,15619:1747647663318:,1747647680608
counter/6/0/0/0,15198:1747647662468:,1747647680608
counter/10/0/0/0,14506:1747647661367:,1747647680608
counter/7/0/0/0,15229:1747647661726:,1747647680608
counter/3/0/0/0,16839:1747647663744:,1747647680608
counter/9/0/0/0,16088:1747647661820:,1747647680609
counter/5/0/0/0,15401:1747647661748:,1747647680609
counter/2/0/0/0,15313:1747647661613:,1747647680609
counter/4/0/0/0,15620:1747647663318:,1747647680609
counter/4/0/0/0,15621:1747647663318:,1747647680609
counter/4/0/0/0,15622:1747647663318:,1747647680609
counter/4/0/0/0,15623:1747647663318:,1747647680609
counter/4/0/0/0,15624:1747647663319:,1747647680609
counter/4/0/0/0,15625:1747647663319:,1747647680609
counter/6/0/0/0,15199:1747647662468:,1747647680609
counter/9/0/0/0,16089:1747647661821:,1747647680609
counter/5/0/0/0,15402:1747647661749:,1747647680609
counter/2/0/0/0,15314:1747647661613:,1747647680609
counter/10/0/0/0,14507:1747647661367:,1747647680609
counter/10/0/0/0,14508:1747647661368:,1747647680609
counter/10/0/0/0,14509:1747647661369:,1747647680609
counter/10/0/0/0,14510:1747647661369:,1747647680609
counter/10/0/0/0,14511:1747647661372:,1747647680609
counter/10/0/0/0,14512:1747647661373:,1747647680609
counter/10/0/0/0,14513:1747647661373:,1747647680609
counter/3/0/0/0,16840:1747647663744:,1747647680609
counter/5/0/0/0,15403:1747647661749:,1747647680609
counter/3/0/0/0,16841:1747647663744:,1747647680609
counter/7/0/0/0,15230:1747647661726:,1747647680609
counter/8/0/0/0,15598:1747647661454:,1747647680609
counter/4/0/0/0,15626:1747647663319:,1747647680609
counter/4/0/0/0,15627:1747647663319:,1747647680609
counter/4/0/0/0,15628:1747647663319:,1747647680609
counter/4/0/0/0,15629:1747647663319:,1747647680609
counter/4/0/0/0,15630:1747647663319:,1747647680609
counter/6/0/0/0,15200:1747647662468:,1747647680609
counter/5/0/0/0,15404:1747647661749:,1747647680609
counter/6/0/0/0,15201:1747647662468:,1747647680609
counter/6/0/0/0,15202:1747647662468:,1747647680609
counter/8/0/0/0,15599:1747647661454:,1747647680609
counter/7/0/0/0,15231:1747647661726:,1747647680609
counter/10/0/0/0,14514:1747647661373:,1747647680609
counter/7/0/0/0,15232:1747647661726:,1747647680610
counter/1/0/0/0,16607:1747647663278:,1747647680610
counter/7/0/0/0,15233:1747647661726:,1747647680610
counter/5/0/0/0,15405:1747647661749:,1747647680610
counter/6/0/0/0,15203:1747647662469:,1747647680610
counter/8/0/0/0,15600:1747647661454:,1747647680610
counter/6/0/0/0,15204:1747647662469:,1747647680610
counter/4/0/0/0,15631:1747647663319:,1747647680610
counter/10/0/0/0,14515:1747647661373:,1747647680610
counter/2/0/0/0,15315:1747647661618:,1747647680610
counter/1/0/0/0,16608:1747647663278:,1747647680610
counter/2/0/0/0,15316:1747647661618:,1747647680610
counter/5/0/0/0,15406:1747647661749:,1747647680610
counter/3/0/0/0,16842:1747647663745:,1747647680610
counter/9/0/0/0,16090:1747647661827:,1747647680610
counter/8/0/0/0,15601:1747647661454:,1747647680610
counter/9/0/0/0,16091:1747647661827:,1747647680610
counter/4/0/0/0,15632:1747647663319:,1747647680610
counter/10/0/0/0,14516:1747647661374:,1747647680610
counter/1/0/0/0,16609:1747647663278:,1747647680610
counter/7/0/0/0,15234:1747647661726:,1747647680610
counter/2/0/0/0,15317:1747647661618:,1747647680610
counter/5/0/0/0,15407:1747647661749:,1747647680610
counter/5/0/0/0,15408:1747647661749:,1747647680610
counter/5/0/0/0,15409:1747647661749:,1747647680610
counter/5/0/0/0,15410:1747647661749:,1747647680610
counter/5/0/0/0,15411:1747647661749:,1747647680610
counter/5/0/0/0,15412:1747647661749:,1747647680610
counter/5/0/0/0,15413:1747647661750:,1747647680610
counter/5/0/0/0,15414:1747647661750:,1747647680610
counter/5/0/0/0,15415:1747647661750:,1747647680610
counter/5/0/0/0,15416:1747647661750:,1747647680610
counter/5/0/0/0,15417:1747647661750:,1747647680610
counter/5/0/0/0,15418:1747647661750:,1747647680610
counter/5/0/0/0,15419:1747647661750:,1747647680610
counter/5/0/0/0,15420:1747647661751:,1747647680610
counter/5/0/0/0,15421:1747647661751:,1747647680610
counter/5/0/0/0,15422:1747647661752:,1747647680610
counter/5/0/0/0,15423:1747647661752:,1747647680610
counter/5/0/0/0,15424:1747647661752:,1747647680611
counter/1/0/0/0,16610:1747647663285:,1747647680611
counter/5/0/0/0,15425:1747647661752:,1747647680611
counter/7/0/0/0,15235:1747647661726:,1747647680611
counter/5/0/0/0,15426:1747647661752:,1747647680611
counter/2/0/0/0,15318:1747647661618:,1747647680611
counter/5/0/0/0,15427:1747647661752:,1747647680611
counter/6/0/0/0,15205:1747647662469:,1747647680611
counter/4/0/0/0,15633:1747647663319:,1747647680611
counter/5/0/0/0,15428:1747647661752:,1747647680611
counter/9/0/0/0,16092:1747647661827:,1747647680611
counter/5/0/0/0,15429:1747647661752:,1747647680611
counter/3/0/0/0,16843:1747647663746:,1747647680611
counter/3/0/0/0,16844:1747647663747:,1747647680611
counter/10/0/0/0,14517:1747647661374:,1747647680611
counter/1/0/0/0,16611:1747647663285:,1747647680611
counter/7/0/0/0,15236:1747647661746:,1747647680611
counter/2/0/0/0,15319:1747647661618:,1747647680611
counter/6/0/0/0,15206:1747647662470:,1747647680611
counter/4/0/0/0,15634:1747647663320:,1747647680611
counter/9/0/0/0,16093:1747647661827:,1747647680611
counter/5/0/0/0,15430:1747647661752:,1747647680611
counter/5/0/0/0,15431:1747647661752:,1747647680611
counter/5/0/0/0,15432:1747647661752:,1747647680611
counter/5/0/0/0,15433:1747647661752:,1747647680611
counter/3/0/0/0,16845:1747647663747:,1747647680611
counter/7/0/0/0,15237:1747647661746:,1747647680611
counter/2/0/0/0,15320:1747647661618:,1747647680611
counter/3/0/0/0,16846:1747647663747:,1747647680611
counter/4/0/0/0,15635:1747647663320:,1747647680611
counter/9/0/0/0,16094:1747647661827:,1747647680611
counter/5/0/0/0,15434:1747647661753:,1747647680611
counter/1/0/0/0,16612:1747647663285:,1747647680611
counter/8/0/0/0,15602:1747647661454:,1747647680611
counter/8/0/0/0,15603:1747647661454:,1747647680612
counter/7/0/0/0,15238:1747647661751:,1747647680612
counter/7/0/0/0,15239:1747647661751:,1747647680612
counter/2/0/0/0,15321:1747647661618:,1747647680612
counter/2/0/0/0,15322:1747647661618:,1747647680612
counter/4/0/0/0,15636:1747647663320:,1747647680612
counter/9/0/0/0,16095:1747647661827:,1747647680612
counter/5/0/0/0,15435:1747647661753:,1747647680612
counter/1/0/0/0,16613:1747647663285:,1747647680612
counter/8/0/0/0,15604:1747647661454:,1747647680612
counter/8/0/0/0,15605:1747647661454:,1747647680612
counter/8/0/0/0,15606:1747647661454:,1747647680612
counter/8/0/0/0,15607:1747647661468:,1747647680612
counter/8/0/0/0,15608:1747647661468:,1747647680612
counter/8/0/0/0,15609:1747647661468:,1747647680612
counter/8/0/0/0,15610:1747647661468:,1747647680612
counter/8/0/0/0,15611:1747647661468:,1747647680612
counter/8/0/0/0,15612:1747647661468:,1747647680612
counter/8/0/0/0,15613:1747647661468:,1747647680612
counter/8/0/0/0,15614:1747647661468:,1747647680612
counter/8/0/0/0,15615:1747647661468:,1747647680612
counter/8/0/0/0,15616:1747647661470:,1747647680612
counter/8/0/0/0,15617:1747647661470:,1747647680612
counter/8/0/0/0,15618:1747647661470:,1747647680612
counter/8/0/0/0,15619:1747647661470:,1747647680612
counter/8/0/0/0,15620:1747647661470:,1747647680612
counter/8/0/0/0,15621:1747647661470:,1747647680612
counter/8/0/0/0,15622:1747647661477:,1747647680612
counter/8/0/0/0,15623:1747647661477:,1747647680612
counter/8/0/0/0,15624:1747647661477:,1747647680612
counter/8/0/0/0,15625:1747647661477:,1747647680612
counter/8/0/0/0,15626:1747647661477:,1747647680612
counter/8/0/0/0,15627:1747647661478:,1747647680612
counter/3/0/0/0,16847:1747647663747:,1747647680612
counter/8/0/0/0,15628:1747647661478:,1747647680612
counter/9/0/0/0,16096:1747647661827:,1747647680612
counter/8/0/0/0,15629:1747647661478:,1747647680612
counter/3/0/0/0,16848:1747647663747:,1747647680613
counter/1/0/0/0,16614:1747647663285:,1747647680613
counter/7/0/0/0,15240:1747647661751:,1747647680613
counter/7/0/0/0,15241:1747647661751:,1747647680613
counter/7/0/0/0,15242:1747647661751:,1747647680613
counter/7/0/0/0,15243:1747647661751:,1747647680613
counter/7/0/0/0,15244:1747647661751:,1747647680613
counter/7/0/0/0,15245:1747647661751:,1747647680613
counter/7/0/0/0,15246:1747647661751:,1747647680613
counter/7/0/0/0,15247:1747647661751:,1747647680613
counter/3/0/0/0,16849:1747647663747:,1747647680613
counter/7/0/0/0,15248:1747647661751:,1747647680613
counter/5/0/0/0,15436:1747647661753:,1747647680613
counter/7/0/0/0,15249:1747647661751:,1747647680613
counter/3/0/0/0,16850:1747647663747:,1747647680613
counter/8/0/0/0,15630:1747647661494:,1747647680613
counter/4/0/0/0,15637:1747647663325:,1747647680613
counter/9/0/0/0,16097:1747647661828:,1747647680613
counter/1/0/0/0,16615:1747647663289:,1747647680613
counter/7/0/0/0,15250:1747647661751:,1747647680613
counter/2/0/0/0,15323:1747647661619:,1747647680613
counter/6/0/0/0,15207:1747647662470:,1747647680613
counter/5/0/0/0,15437:1747647661765:,1747647680613
counter/5/0/0/0,15438:1747647661765:,1747647680613
counter/5/0/0/0,15439:1747647661765:,1747647680613
counter/5/0/0/0,15440:1747647661765:,1747647680613
counter/5/0/0/0,15441:1747647661765:,1747647680613
counter/5/0/0/0,15442:1747647661765:,1747647680613
counter/5/0/0/0,15443:1747647661765:,1747647680613
counter/5/0/0/0,15444:1747647661765:,1747647680613
counter/5/0/0/0,15445:1747647661765:,1747647680613
counter/5/0/0/0,15446:1747647661769:,1747647680613
counter/5/0/0/0,15447:1747647661769:,1747647680613
counter/5/0/0/0,15448:1747647661769:,1747647680613
counter/3/0/0/0,16851:1747647663747:,1747647680613
counter/5/0/0/0,15449:1747647661769:,1747647680613
counter/7/0/0/0,15251:1747647661751:,1747647680613
counter/2/0/0/0,15324:1747647661619:,1747647680614
counter/2/0/0/0,15325:1747647661620:,1747647680614
counter/2/0/0/0,15326:1747647661620:,1747647680614
counter/2/0/0/0,15327:1747647661620:,1747647680614
counter/2/0/0/0,15328:1747647661620:,1747647680614
counter/2/0/0/0,15329:1747647661620:,1747647680614
counter/2/0/0/0,15330:1747647661622:,1747647680614
counter/2/0/0/0,15331:1747647661623:,1747647680614
counter/2/0/0/0,15332:1747647661623:,1747647680614
counter/3/0/0/0,16852:1747647663747:,1747647680614
counter/2/0/0/0,15333:1747647661623:,1747647680614
counter/5/0/0/0,15450:1747647661769:,1747647680614
counter/1/0/0/0,16616:1747647663289:,1747647680614
counter/2/0/0/0,15334:1747647661623:,1747647680614
counter/1/0/0/0,16617:1747647663289:,1747647680614
counter/1/0/0/0,16618:1747647663289:,1747647680614
counter/1/0/0/0,16619:1747647663289:,1747647680614
counter/1/0/0/0,16620:1747647663290:,1747647680614
counter/5/0/0/0,15451:1747647661770:,1747647680614
counter/1/0/0/0,16621:1747647663290:,1747647680614
counter/5/0/0/0,15452:1747647661770:,1747647680614
counter/1/0/0/0,16622:1747647663290:,1747647680614
counter/5/0/0/0,15453:1747647661770:,1747647680614
counter/1/0/0/0,16623:1747647663290:,1747647680614
counter/5/0/0/0,15454:1747647661770:,1747647680614
counter/1/0/0/0,16624:1747647663290:,1747647680614
counter/5/0/0/0,15455:1747647661770:,1747647680614
counter/5/0/0/0,15456:1747647661770:,1747647680614
counter/5/0/0/0,15457:1747647661770:,1747647680614
counter/5/0/0/0,15458:1747647661770:,1747647680614
counter/5/0/0/0,15459:1747647661770:,1747647680614
counter/5/0/0/0,15460:1747647661770:,1747647680614
counter/5/0/0/0,15461:1747647661770:,1747647680614
counter/5/0/0/0,15462:1747647661770:,1747647680614
counter/5/0/0/0,15463:1747647661771:,1747647680614
counter/3/0/0/0,16853:1747647663747:,1747647680615
counter/5/0/0/0,15464:1747647661771:,1747647680615
counter/6/0/0/0,15208:1747647662470:,1747647680615
counter/9/0/0/0,16098:1747647661828:,1747647680615
counter/5/0/0/0,15465:1747647661771:,1747647680615
counter/9/0/0/0,16099:1747647661828:,1747647680615
counter/1/0/0/0,16625:1747647663290:,1747647680615
counter/5/0/0/0,15466:1747647661771:,1747647680615
counter/9/0/0/0,16100:1747647661838:,1747647680615
counter/5/0/0/0,15467:1747647661771:,1747647680615
counter/9/0/0/0,16101:1747647661838:,1747647680615
counter/5/0/0/0,15468:1747647661771:,1747647680615
counter/9/0/0/0,16102:1747647661838:,1747647680615
counter/9/0/0/0,16103:1747647661838:,1747647680615
counter/9/0/0/0,16104:1747647661839:,1747647680615
counter/9/0/0/0,16105:1747647661839:,1747647680615
counter/9/0/0/0,16106:1747647661839:,1747647680615
counter/9/0/0/0,16107:1747647661839:,1747647680615
counter/9/0/0/0,16108:1747647661859:,1747647680615
counter/9/0/0/0,16109:1747647661859:,1747647680615
counter/9/0/0/0,16110:1747647661859:,1747647680615
counter/9/0/0/0,16111:1747647661859:,1747647680615
counter/9/0/0/0,16112:1747647661863:,1747647680615
counter/9/0/0/0,16113:1747647661863:,1747647680615
counter/9/0/0/0,16114:1747647661863:,1747647680615
counter/9/0/0/0,16115:1747647661863:,1747647680615
counter/9/0/0/0,16116:1747647661871:,1747647680615
counter/9/0/0/0,16117:1747647661871:,1747647680615
counter/9/0/0/0,16118:1747647661871:,1747647680615
counter/9/0/0/0,16119:1747647661871:,1747647680615
counter/9/0/0/0,16120:1747647661871:,1747647680615
counter/9/0/0/0,16121:1747647661871:,1747647680615
counter/9/0/0/0,16122:1747647661871:,1747647680615
counter/1/0/0/0,16626:1747647663290:,1747647680615
counter/9/0/0/0,16123:1747647661871:,1747647680615
counter/4/0/0/0,15638:1747647663325:,1747647680615
counter/4/0/0/0,15639:1747647663325:,1747647680615
counter/4/0/0/0,15640:1747647663325:,1747647680615
counter/4/0/0/0,15641:1747647663325:,1747647680616
counter/4/0/0/0,15642:1747647663325:,1747647680616
counter/4/0/0/0,15643:1747647663334:,1747647680616
counter/4/0/0/0,15644:1747647663334:,1747647680616
counter/4/0/0/0,15645:1747647663336:,1747647680616
counter/4/0/0/0,15646:1747647663336:,1747647680616
counter/4/0/0/0,15647:1747647663336:,1747647680616
counter/4/0/0/0,15648:1747647663336:,1747647680616
counter/4/0/0/0,15649:1747647663336:,1747647680616
counter/4/0/0/0,15650:1747647663336:,1747647680616
counter/4/0/0/0,15651:1747647663338:,1747647680616
counter/3/0/0/0,16854:1747647663747:,1747647680616
counter/3/0/0/0,16855:1747647663747:,1747647680616
counter/6/0/0/0,15209:1747647662470:,1747647680616
counter/2/0/0/0,15335:1747647661623:,1747647680616
counter/8/0/0/0,15631:1747647661496:,1747647680616
counter/8/0/0/0,15632:1747647661497:,1747647680616
counter/8/0/0/0,15633:1747647661497:,1747647680616
counter/8/0/0/0,15634:1747647661497:,1747647680616
counter/8/0/0/0,15635:1747647661500:,1747647680616
counter/7/0/0/0,15252:1747647661755:,1747647680616
counter/8/0/0/0,15636:1747647661500:,1747647680616
counter/7/0/0/0,15253:1747647661755:,1747647680616
counter/7/0/0/0,15254:1747647661755:,1747647680616
counter/2/0/0/0,15336:1747647661623:,1747647680616
counter/4/0/0/0,15652:1747647663338:,1747647680616
counter/4/0/0/0,15653:1747647663338:,1747647680616
counter/4/0/0/0,15654:1747647663338:,1747647680616
counter/9/0/0/0,16124:1747647661871:,1747647680616
counter/5/0/0/0,15469:1747647661771:,1747647680616
counter/5/0/0/0,15470:1747647661771:,1747647680616
counter/7/0/0/0,15255:1747647661756:,1747647680616
counter/7/0/0/0,15256:1747647661767:,1747647680616
counter/7/0/0/0,15257:1747647661767:,1747647680616
counter/2/0/0/0,15337:1747647661623:,1747647680616
counter/8/0/0/0,15637:1747647661500:,1747647680616
counter/4/0/0/0,15655:1747647663338:,1747647680617
counter/4/0/0/0,15656:1747647663338:,1747647680617
counter/4/0/0/0,15657:1747647663338:,1747647680617
counter/4/0/0/0,15658:1747647663338:,1747647680617
counter/4/0/0/0,15659:1747647663349:,1747647680617
counter/4/0/0/0,15660:1747647663349:,1747647680617
counter/4/0/0/0,15661:1747647663349:,1747647680617
counter/3/0/0/0,16856:1747647663749:,1747647680617
counter/2/0/0/0,15338:1747647661623:,1747647680617
counter/8/0/0/0,15638:1747647661502:,1747647680617
counter/9/0/0/0,16125:1747647661871:,1747647680617
counter/5/0/0/0,15471:1747647661771:,1747647680617
counter/5/0/0/0,15472:1747647661771:,1747647680617
counter/5/0/0/0,15473:1747647661771:,1747647680617
counter/5/0/0/0,15474:1747647661771:,1747647680617
counter/5/0/0/0,15475:1747647661771:,1747647680617
counter/5/0/0/0,15476:1747647661771:,1747647680617
counter/5/0/0/0,15477:1747647661771:,1747647680617
counter/5/0/0/0,15478:1747647661771:,1747647680617
counter/9/0/0/0,16126:1747647661871:,1747647680617
counter/5/0/0/0,15479:1747647661771:,1747647680617
counter/4/0/0/0,15662:1747647663349:,1747647680617
counter/6/0/0/0,15210:1747647662474:,1747647680617
counter/1/0/0/0,16627:1747647663290:,1747647680617
counter/1/0/0/0,16628:1747647663290:,1747647680617
counter/1/0/0/0,16629:1747647663294:,1747647680617
counter/1/0/0/0,16630:1747647663294:,1747647680617
counter/1/0/0/0,16631:1747647663294:,1747647680617
counter/1/0/0/0,16632:1747647663294:,1747647680617
counter/1/0/0/0,16633:1747647663294:,1747647680617
counter/1/0/0/0,16634:1747647663303:,1747647680617
counter/1/0/0/0,16635:1747647663323:,1747647680617
counter/1/0/0/0,16636:1747647663323:,1747647680617
counter/1/0/0/0,16637:1747647663323:,1747647680617
counter/9/0/0/0,16127:1747647661871:,1747647680617
counter/1/0/0/0,16638:1747647663323:,1747647680617
counter/6/0/0/0,15211:1747647662474:,1747647680617
counter/1/0/0/0,16639:1747647663323:,1747647680618
counter/6/0/0/0,15212:1747647662474:,1747647680618
counter/1/0/0/0,16640:1747647663323:,1747647680618
counter/6/0/0/0,15213:1747647662474:,1747647680618
counter/1/0/0/0,16641:1747647663323:,1747647680618
counter/6/0/0/0,15214:1747647662474:,1747647680618
counter/1/0/0/0,16642:1747647663323:,1747647680618
counter/6/0/0/0,15215:1747647662474:,1747647680618
counter/9/0/0/0,16128:1747647661871:,1747647680618
counter/6/0/0/0,15216:1747647662474:,1747647680618
counter/9/0/0/0,16129:1747647661871:,1747647680618
counter/5/0/0/0,15480:1747647661771:,1747647680618
counter/6/0/0/0,15217:1747647662474:,1747647680618
counter/5/0/0/0,15481:1747647661771:,1747647680618
counter/6/0/0/0,15218:1747647662492:,1747647680618
counter/5/0/0/0,15482:1747647661771:,1747647680618
counter/6/0/0/0,15219:1747647662494:,1747647680618
counter/5/0/0/0,15483:1747647661771:,1747647680618
counter/5/0/0/0,15484:1747647661771:,1747647680618
counter/9/0/0/0,16130:1747647661871:,1747647680618
counter/8/0/0/0,15639:1747647661502:,1747647680618
counter/5/0/0/0,15485:1747647661771:,1747647680618
counter/1/0/0/0,16643:1747647663323:,1747647680618
counter/10/0/0/0,14518:1747647661374:,1747647680618
counter/6/0/0/0,15220:1747647662494:,1747647680618
counter/5/0/0/0,15486:1747647661771:,1747647680618
counter/6/0/0/0,15221:1747647662494:,1747647680618
counter/5/0/0/0,15487:1747647661771:,1747647680618
counter/6/0/0/0,15222:1747647662494:,1747647680618
counter/6/0/0/0,15223:1747647662494:,1747647680618
counter/6/0/0/0,15224:1747647662494:,1747647680618
counter/6/0/0/0,15225:1747647662503:,1747647680618
counter/6/0/0/0,15226:1747647662503:,1747647680618
counter/9/0/0/0,16131:1747647661881:,1747647680618
counter/6/0/0/0,15227:1747647662504:,1747647680618
counter/9/0/0/0,16132:1747647661881:,1747647680618
counter/6/0/0/0,15228:1747647662504:,1747647680618
counter/9/0/0/0,16133:1747647661881:,1747647680618
counter/6/0/0/0,15229:1747647662504:,1747647680619
counter/9/0/0/0,16134:1747647661881:,1747647680619
counter/6/0/0/0,15230:1747647662504:,1747647680619
counter/9/0/0/0,16135:1747647661881:,1747647680619
counter/6/0/0/0,15231:1747647662504:,1747647680619
counter/9/0/0/0,16136:1747647661881:,1747647680619
counter/9/0/0/0,16137:1747647661881:,1747647680619
counter/9/0/0/0,16138:1747647661882:,1747647680619
counter/9/0/0/0,16139:1747647661882:,1747647680619
counter/9/0/0/0,16140:1747647661882:,1747647680619
counter/9/0/0/0,16141:1747647661882:,1747647680619
counter/9/0/0/0,16142:1747647661882:,1747647680619
counter/9/0/0/0,16143:1747647661882:,1747647680619
counter/4/0/0/0,15663:1747647663349:,1747647680619
counter/9/0/0/0,16144:1747647661882:,1747647680619
counter/5/0/0/0,15488:1747647661773:,1747647680619
counter/6/0/0/0,15232:1747647662504:,1747647680619
counter/9/0/0/0,16145:1747647661899:,1747647680619
counter/10/0/0/0,14519:1747647661375:,1747647680619
counter/7/0/0/0,15258:1747647661767:,1747647680619
counter/9/0/0/0,16146:1747647661899:,1747647680619
counter/8/0/0/0,15640:1747647661502:,1747647680619
counter/1/0/0/0,16644:1747647663323:,1747647680619
counter/9/0/0/0,16147:1747647661899:,1747647680619
counter/4/0/0/0,15664:1747647663349:,1747647680619
counter/9/0/0/0,16148:1747647661899:,1747647680619
counter/5/0/0/0,15489:1747647661773:,1747647680619
counter/6/0/0/0,15233:1747647662504:,1747647680619
counter/9/0/0/0,16149:1747647661899:,1747647680619
counter/10/0/0/0,14520:1747647661383:,1747647680619
counter/7/0/0/0,15259:1747647661767:,1747647680619
counter/9/0/0/0,16150:1747647661899:,1747647680619
counter/8/0/0/0,15641:1747647661503:,1747647680619
counter/1/0/0/0,16645:1747647663323:,1747647680620
counter/9/0/0/0,16151:1747647661899:,1747647680620
counter/9/0/0/0,16152:1747647661899:,1747647680620
counter/9/0/0/0,16153:1747647662355:,1747647680620
counter/4/0/0/0,15665:1747647663349:,1747647680620
counter/9/0/0/0,16154:1747647662356:,1747647680620
counter/5/0/0/0,15490:1747647661773:,1747647680620
counter/9/0/0/0,16155:1747647662356:,1747647680620
counter/6/0/0/0,15234:1747647662505:,1747647680620
counter/9/0/0/0,16156:1747647662359:,1747647680620
counter/10/0/0/0,14521:1747647661383:,1747647680620
counter/7/0/0/0,15260:1747647661767:,1747647680620
counter/8/0/0/0,15642:1747647661503:,1747647680620
counter/1/0/0/0,16646:1747647663323:,1747647680620
counter/9/0/0/0,16157:1747647662359:,1747647680620
counter/9/0/0/0,16158:1747647662362:,1747647680620
counter/9/0/0/0,16159:1747647662365:,1747647680620
counter/4/0/0/0,15666:1747647663349:,1747647680620
counter/5/0/0/0,15491:1747647661773:,1747647680620
counter/6/0/0/0,15235:1747647662505:,1747647680620
counter/10/0/0/0,14522:1747647661383:,1747647680620
counter/7/0/0/0,15261:1747647661767:,1747647680620
counter/8/0/0/0,15643:1747647661503:,1747647680620
counter/1/0/0/0,16647:1747647663323:,1747647680620
counter/9/0/0/0,16160:1747647662368:,1747647680620
counter/3/0/0/0,16857:1747647663749:,1747647680620
counter/2/0/0/0,15339:1747647661626:,1747647680620
counter/4/0/0/0,15667:1747647663349:,1747647680620
counter/4/0/0/0,15668:1747647663353:,1747647680620
counter/6/0/0/0,15236:1747647662505:,1747647680620
counter/10/0/0/0,14523:1747647661383:,1747647680620
counter/7/0/0/0,15262:1747647661767:,1747647680620
counter/8/0/0/0,15644:1747647661503:,1747647680620
counter/1/0/0/0,16648:1747647663323:,1747647680620
counter/9/0/0/0,16161:1747647662368:,1747647680620
counter/3/0/0/0,16858:1747647663749:,1747647680620
counter/2/0/0/0,15340:1747647661632:,1747647680620
counter/3/0/0/0,16859:1747647663749:,1747647680620
counter/4/0/0/0,15669:1747647663353:,1747647680620
counter/6/0/0/0,15237:1747647662505:,1747647680621
counter/10/0/0/0,14524:1747647661383:,1747647680621
counter/7/0/0/0,15263:1747647661767:,1747647680621
counter/8/0/0/0,15645:1747647661503:,1747647680621
counter/1/0/0/0,16649:1747647663323:,1747647680621
counter/9/0/0/0,16162:1747647662368:,1747647680621
counter/5/0/0/0,15492:1747647661773:,1747647680621
counter/2/0/0/0,15341:1747647661632:,1747647680621
counter/2/0/0/0,15342:1747647661633:,1747647680621
counter/2/0/0/0,15343:1747647661633:,1747647680621
counter/2/0/0/0,15344:1747647661633:,1747647680621
counter/10/0/0/0,14525:1747647661384:,1747647680621
counter/7/0/0/0,15264:1747647661767:,1747647680621
counter/8/0/0/0,15646:1747647661503:,1747647680621
counter/1/0/0/0,16650:1747647663328:,1747647680621
counter/1/0/0/0,16651:1747647663328:,1747647680621
counter/1/0/0/0,16652:1747647663329:,1747647680621
counter/1/0/0/0,16653:1747647663329:,1747647680621
counter/1/0/0/0,16654:1747647663329:,1747647680621
counter/6/0/0/0,15238:1747647662505:,1747647680621
counter/1/0/0/0,16655:1747647663329:,1747647680621
counter/10/0/0/0,14526:1747647661384:,1747647680621
counter/7/0/0/0,15265:1747647661767:,1747647680621
counter/8/0/0/0,15647:1747647661503:,1747647680621
counter/9/0/0/0,16163:1747647662368:,1747647680621
counter/5/0/0/0,15493:1747647661773:,1747647680621
counter/9/0/0/0,16164:1747647662368:,1747647680621
counter/9/0/0/0,16165:1747647662369:,1747647680621
counter/1/0/0/0,16656:1747647663329:,1747647680621
counter/1/0/0/0,16657:1747647663329:,1747647680621
counter/1/0/0/0,16658:1747647663329:,1747647680621
counter/1/0/0/0,16659:1747647663329:,1747647680621
counter/1/0/0/0,16660:1747647663329:,1747647680621
counter/7/0/0/0,15266:1747647661767:,1747647680621
counter/5/0/0/0,15494:1747647661773:,1747647680621
counter/5/0/0/0,15495:1747647661773:,1747647680621
counter/5/0/0/0,15496:1747647661773:,1747647680622
counter/5/0/0/0,15497:1747647661773:,1747647680622
counter/5/0/0/0,15498:1747647661777:,1747647680622
counter/5/0/0/0,15499:1747647661778:,1747647680622
counter/5/0/0/0,15500:1747647661785:,1747647680622
counter/5/0/0/0,15501:1747647661785:,1747647680622
counter/5/0/0/0,15502:1747647661789:,1747647680622
counter/5/0/0/0,15503:1747647661789:,1747647680622
counter/9/0/0/0,16166:1747647662369:,1747647680622
counter/5/0/0/0,15504:1747647661792:,1747647680622
counter/9/0/0/0,16167:1747647662371:,1747647680622
counter/9/0/0/0,16168:1747647662372:,1747647680622
counter/9/0/0/0,16169:1747647662373:,1747647680622
counter/9/0/0/0,16170:1747647662374:,1747647680622
counter/9/0/0/0,16171:1747647662374:,1747647680622
counter/9/0/0/0,16172:1747647662374:,1747647680622
counter/9/0/0/0,16173:1747647662374:,1747647680622
counter/9/0/0/0,16174:1747647662374:,1747647680622
counter/9/0/0/0,16175:1747647662374:,1747647680622
counter/1/0/0/0,16661:1747647663329:,1747647680622
counter/9/0/0/0,16176:1747647662374:,1747647680622
counter/3/0/0/0,16860:1747647663749:,1747647680622
counter/5/0/0/0,15505:1747647661792:,1747647680622
counter/9/0/0/0,16177:1747647662374:,1747647680622
counter/7/0/0/0,15267:1747647661767:,1747647680622
counter/8/0/0/0,15648:1747647661503:,1747647680622
counter/9/0/0/0,16178:1747647662374:,1747647680622
counter/8/0/0/0,15649:1747647661503:,1747647680622
counter/9/0/0/0,16179:1747647662374:,1747647680622
counter/8/0/0/0,15650:1747647661503:,1747647680622
counter/1/0/0/0,16662:1747647663334:,1747647680622
counter/9/0/0/0,16180:1747647662374:,1747647680622
counter/8/0/0/0,15651:1747647661503:,1747647680622
counter/1/0/0/0,16663:1747647663334:,1747647680622
counter/9/0/0/0,16181:1747647662374:,1747647680622
counter/8/0/0/0,15652:1747647661503:,1747647680623
counter/1/0/0/0,16664:1747647663335:,1747647680623
counter/9/0/0/0,16182:1747647662374:,1747647680623
counter/1/0/0/0,16665:1747647663335:,1747647680623
counter/9/0/0/0,16183:1747647662375:,1747647680623
counter/1/0/0/0,16666:1747647663335:,1747647680623
counter/3/0/0/0,16861:1747647663749:,1747647680623
counter/5/0/0/0,15506:1747647661792:,1747647680623
counter/9/0/0/0,16184:1747647662375:,1747647680623
counter/1/0/0/0,16667:1747647663335:,1747647680623
counter/3/0/0/0,16862:1747647663749:,1747647680623
counter/1/0/0/0,16668:1747647663335:,1747647680623
counter/3/0/0/0,16863:1747647663749:,1747647680623
counter/1/0/0/0,16669:1747647663335:,1747647680623
counter/3/0/0/0,16864:1747647663749:,1747647680623
counter/1/0/0/0,16670:1747647663335:,1747647680623
counter/3/0/0/0,16865:1747647663751:,1747647680623
counter/1/0/0/0,16671:1747647663335:,1747647680623
counter/3/0/0/0,16866:1747647663752:,1747647680623
counter/1/0/0/0,16672:1747647663335:,1747647680623
counter/1/0/0/0,16673:1747647663335:,1747647680623
counter/1/0/0/0,16674:1747647663335:,1747647680623
counter/3/0/0/0,16867:1747647663752:,1747647680623
counter/1/0/0/0,16675:1747647663335:,1747647680623
counter/6/0/0/0,15239:1747647662505:,1747647680623
counter/5/0/0/0,15507:1747647661792:,1747647680623
counter/1/0/0/0,16676:1747647663335:,1747647680623
counter/9/0/0/0,16185:1747647662375:,1747647680623
counter/1/0/0/0,16677:1747647663335:,1747647680623
counter/9/0/0/0,16186:1747647662375:,1747647680623
counter/1/0/0/0,16678:1747647663335:,1747647680623
counter/9/0/0/0,16187:1747647662375:,1747647680623
counter/1/0/0/0,16679:1747647663335:,1747647680623
counter/9/0/0/0,16188:1747647662375:,1747647680623
counter/1/0/0/0,16680:1747647663335:,1747647680623
counter/1/0/0/0,16681:1747647663335:,1747647680623
counter/1/0/0/0,16682:1747647663335:,1747647680623
counter/1/0/0/0,16683:1747647663335:,1747647680623
counter/1/0/0/0,16684:1747647663335:,1747647680624
counter/1/0/0/0,16685:1747647663337:,1747647680624
counter/1/0/0/0,16686:1747647663337:,1747647680624
counter/9/0/0/0,16189:1747647662375:,1747647680624
counter/1/0/0/0,16687:1747647663337:,1747647680624
counter/9/0/0/0,16190:1747647662375:,1747647680624
counter/1/0/0/0,16688:1747647663337:,1747647680624
counter/9/0/0/0,16191:1747647662375:,1747647680624
counter/1/0/0/0,16689:1747647663337:,1747647680624
counter/9/0/0/0,16192:1747647662375:,1747647680624
counter/1/0/0/0,16690:1747647663338:,1747647680624
counter/9/0/0/0,16193:1747647662375:,1747647680624
counter/1/0/0/0,16691:1747647663338:,1747647680624
counter/9/0/0/0,16194:1747647662375:,1747647680624
counter/1/0/0/0,16692:1747647663338:,1747647680624
counter/9/0/0/0,16195:1747647662375:,1747647680624
counter/1/0/0/0,16693:1747647663338:,1747647680624
counter/9/0/0/0,16196:1747647662375:,1747647680624
counter/1/0/0/0,16694:1747647663338:,1747647680624
counter/9/0/0/0,16197:1747647662375:,1747647680624
counter/1/0/0/0,16695:1747647663338:,1747647680624
counter/9/0/0/0,16198:1747647662375:,1747647680624
counter/1/0/0/0,16696:1747647663338:,1747647680624
counter/9/0/0/0,16199:1747647662375:,1747647680624
counter/1/0/0/0,16697:1747647663338:,1747647680624
counter/9/0/0/0,16200:1747647662375:,1747647680624
counter/1/0/0/0,16698:1747647663338:,1747647680624
counter/9/0/0/0,16201:1747647662375:,1747647680624
counter/3/0/0/0,16868:1747647663752:,1747647680624
counter/9/0/0/0,16202:1747647662375:,1747647680624
counter/10/0/0/0,14527:1747647661384:,1747647680624
counter/7/0/0/0,15268:1747647661768:,1747647680624
counter/9/0/0/0,16203:1747647662378:,1747647680624
counter/7/0/0/0,15269:1747647661768:,1747647680624
counter/9/0/0/0,16204:1747647662378:,1747647680624
counter/7/0/0/0,15270:1747647661768:,1747647680624
counter/9/0/0/0,16205:1747647662378:,1747647680624
counter/7/0/0/0,15271:1747647661768:,1747647680624
counter/9/0/0/0,16206:1747647662378:,1747647680624
counter/7/0/0/0,15272:1747647661768:,1747647680625
counter/9/0/0/0,16207:1747647662378:,1747647680625
counter/7/0/0/0,15273:1747647661772:,1747647680625
counter/9/0/0/0,16208:1747647662379:,1747647680625
counter/7/0/0/0,15274:1747647661772:,1747647680625
counter/9/0/0/0,16209:1747647662380:,1747647680625
counter/7/0/0/0,15275:1747647661772:,1747647680625
counter/9/0/0/0,16210:1747647662380:,1747647680625
counter/7/0/0/0,15276:1747647661772:,1747647680625
counter/9/0/0/0,16211:1747647662380:,1747647680625
counter/7/0/0/0,15277:1747647661772:,1747647680625
counter/7/0/0/0,15278:1747647661772:,1747647680625
counter/7/0/0/0,15279:1747647661772:,1747647680625
counter/7/0/0/0,15280:1747647661772:,1747647680625
counter/7/0/0/0,15281:1747647661772:,1747647680625
counter/3/0/0/0,16869:1747647663752:,1747647680625
counter/7/0/0/0,15282:1747647661772:,1747647680625
counter/9/0/0/0,16212:1747647662380:,1747647680625
counter/7/0/0/0,15283:1747647661772:,1747647680625
counter/3/0/0/0,16870:1747647663752:,1747647680625
counter/2/0/0/0,15345:1747647661633:,1747647680625
counter/7/0/0/0,15284:1747647661772:,1747647680625
counter/10/0/0/0,14528:1747647661384:,1747647680625
counter/7/0/0/0,15285:1747647661772:,1747647680625
counter/10/0/0/0,14529:1747647661384:,1747647680625
counter/7/0/0/0,15286:1747647661772:,1747647680625
counter/10/0/0/0,14530:1747647661384:,1747647680625
counter/7/0/0/0,15287:1747647661772:,1747647680625
counter/10/0/0/0,14531:1747647661396:,1747647680625
counter/7/0/0/0,15288:1747647661772:,1747647680625
counter/10/0/0/0,14532:1747647661396:,1747647680625
counter/3/0/0/0,16871:1747647663752:,1747647680625
counter/7/0/0/0,15289:1747647661772:,1747647680625
counter/10/0/0/0,14533:1747647661396:,1747647680625
counter/3/0/0/0,16872:1747647663757:,1747647680625
counter/1/0/0/0,16699:1747647663338:,1747647680626
counter/7/0/0/0,15290:1747647661772:,1747647680626
counter/10/0/0/0,14534:1747647661396:,1747647680626
counter/3/0/0/0,16873:1747647663757:,1747647680626
counter/7/0/0/0,15291:1747647661772:,1747647680626
counter/10/0/0/0,14535:1747647661396:,1747647680626
counter/3/0/0/0,16874:1747647663757:,1747647680626
counter/2/0/0/0,15346:1747647661633:,1747647680626
counter/8/0/0/0,15653:1747647661503:,1747647680626
counter/7/0/0/0,15292:1747647661772:,1747647680626
counter/10/0/0/0,14536:1747647661396:,1747647680626
counter/3/0/0/0,16875:1747647663757:,1747647680626
counter/8/0/0/0,15654:1747647661503:,1747647680626
counter/7/0/0/0,15293:1747647661772:,1747647680626
counter/3/0/0/0,16876:1747647663757:,1747647680626
counter/7/0/0/0,15294:1747647661772:,1747647680626
counter/3/0/0/0,16877:1747647663758:,1747647680626
counter/8/0/0/0,15655:1747647661503:,1747647680626
counter/7/0/0/0,15295:1747647661772:,1747647680626
counter/8/0/0/0,15656:1747647661503:,1747647680626
counter/7/0/0/0,15296:1747647661772:,1747647680626
counter/8/0/0/0,15657:1747647661503:,1747647680626
counter/7/0/0/0,15297:1747647661775:,1747647680626
counter/8/0/0/0,15658:1747647661503:,1747647680626
counter/7/0/0/0,15298:1747647661775:,1747647680626
counter/8/0/0/0,15659:1747647661503:,1747647680626
counter/7/0/0/0,15299:1747647661775:,1747647680626
counter/8/0/0/0,15660:1747647661503:,1747647680626
counter/7/0/0/0,15300:1747647661775:,1747647680626
counter/8/0/0/0,15661:1747647661503:,1747647680626
counter/3/0/0/0,16878:1747647663758:,1747647680626
counter/7/0/0/0,15301:1747647661775:,1747647680626
counter/8/0/0/0,15662:1747647661507:,1747647680626
counter/6/0/0/0,15240:1747647662506:,1747647680626
counter/1/0/0/0,16700:1747647663338:,1747647680626
counter/7/0/0/0,15302:1747647661775:,1747647680626
counter/8/0/0/0,15663:1747647661508:,1747647680626
counter/6/0/0/0,15241:1747647662506:,1747647680626
counter/9/0/0/0,16213:1747647662380:,1747647680627
counter/7/0/0/0,15303:1747647661776:,1747647680627
counter/8/0/0/0,15664:1747647661508:,1747647680627
counter/7/0/0/0,15304:1747647661776:,1747647680627
counter/8/0/0/0,15665:1747647661508:,1747647680627
counter/7/0/0/0,15305:1747647661776:,1747647680627
counter/8/0/0/0,15666:1747647661508:,1747647680627
counter/7/0/0/0,15306:1747647661776:,1747647680627
counter/8/0/0/0,15667:1747647661508:,1747647680627
counter/7/0/0/0,15307:1747647661776:,1747647680627
counter/8/0/0/0,15668:1747647661508:,1747647680627
counter/7/0/0/0,15308:1747647661776:,1747647680627
counter/3/0/0/0,16879:1747647663761:,1747647680627
counter/7/0/0/0,15309:1747647661776:,1747647680627
counter/9/0/0/0,16214:1747647662380:,1747647680627
counter/8/0/0/0,15669:1747647661508:,1747647680627
counter/7/0/0/0,15310:1747647661776:,1747647680627
counter/2/0/0/0,15347:1747647661633:,1747647680627
counter/5/0/0/0,15508:1747647661792:,1747647680627
counter/7/0/0/0,15311:1747647661776:,1747647680627
counter/5/0/0/0,15509:1747647661792:,1747647680627
counter/7/0/0/0,15312:1747647661776:,1747647680627
counter/5/0/0/0,15510:1747647661792:,1747647680627
counter/7/0/0/0,15313:1747647661776:,1747647680627
counter/5/0/0/0,15511:1747647661792:,1747647680627
counter/7/0/0/0,15314:1747647661776:,1747647680627
counter/5/0/0/0,15512:1747647661792:,1747647680627
counter/7/0/0/0,15315:1747647661799:,1747647680627
counter/5/0/0/0,15513:1747647661792:,1747647680627
counter/7/0/0/0,15316:1747647661799:,1747647680627
counter/5/0/0/0,15514:1747647661792:,1747647680627
counter/1/0/0/0,16701:1747647663338:,1747647680627
counter/7/0/0/0,15317:1747647661799:,1747647680627
counter/5/0/0/0,15515:1747647661792:,1747647680627
counter/10/0/0/0,14537:1747647661396:,1747647680627
counter/7/0/0/0,15318:1747647661799:,1747647680628
counter/5/0/0/0,15516:1747647661793:,1747647680628
counter/7/0/0/0,15319:1747647661799:,1747647680628
counter/5/0/0/0,15517:1747647661793:,1747647680628
counter/7/0/0/0,15320:1747647661803:,1747647680628
counter/7/0/0/0,15321:1747647661803:,1747647680628
counter/7/0/0/0,15322:1747647661803:,1747647680628
counter/7/0/0/0,15323:1747647661803:,1747647680628
counter/7/0/0/0,15324:1747647661803:,1747647680628
counter/7/0/0/0,15325:1747647661803:,1747647680628
counter/7/0/0/0,15326:1747647661803:,1747647680628
counter/7/0/0/0,15327:1747647661803:,1747647680628
counter/3/0/0/0,16880:1747647663761:,1747647680628
counter/7/0/0/0,15328:1747647661804:,1747647680628
counter/9/0/0/0,16215:1747647662380:,1747647680628
counter/7/0/0/0,15329:1747647661804:,1747647680628
counter/9/0/0/0,16216:1747647662380:,1747647680628
counter/4/0/0/0,15670:1747647663353:,1747647680628
counter/7/0/0/0,15330:1747647661804:,1747647680628
counter/9/0/0/0,16217:1747647662380:,1747647680628
counter/7/0/0/0,15331:1747647661804:,1747647680628
counter/9/0/0/0,16218:1747647662380:,1747647680628
counter/7/0/0/0,15332:1747647661804:,1747647680628
counter/9/0/0/0,16219:1747647662380:,1747647680628
counter/9/0/0/0,16220:1747647662380:,1747647680628
counter/3/0/0/0,16881:1747647663761:,1747647680628
counter/5/0/0/0,15518:1747647661793:,1747647680628
counter/9/0/0/0,16221:1747647662380:,1747647680628
counter/3/0/0/0,16882:1747647663761:,1747647680628
counter/9/0/0/0,16222:1747647662381:,1747647680628
counter/3/0/0/0,16883:1747647663768:,1747647680628
counter/9/0/0/0,16223:1747647662381:,1747647680628
counter/3/0/0/0,16884:1747647663768:,1747647680628
counter/10/0/0/0,14538:1747647661396:,1747647680628
counter/9/0/0/0,16224:1747647662381:,1747647680628
counter/3/0/0/0,16885:1747647663768:,1747647680628
counter/9/0/0/0,16225:1747647662381:,1747647680628
counter/9/0/0/0,16226:1747647662381:,1747647680628
counter/9/0/0/0,16227:1747647662383:,1747647680628
counter/9/0/0/0,16228:1747647662383:,1747647680629
counter/9/0/0/0,16229:1747647662383:,1747647680629
counter/3/0/0/0,16886:1747647663768:,1747647680629
counter/4/0/0/0,15671:1747647663353:,1747647680629
counter/9/0/0/0,16230:1747647662383:,1747647680629
counter/3/0/0/0,16887:1747647663769:,1747647680629
counter/8/0/0/0,15670:1747647661508:,1747647680629
counter/9/0/0/0,16231:1747647662383:,1747647680629
counter/7/0/0/0,15333:1747647661804:,1747647680629
counter/1/0/0/0,16702:1747647663341:,1747647680629
counter/6/0/0/0,15242:1747647662506:,1747647680629
counter/9/0/0/0,16232:1747647662383:,1747647680629
counter/9/0/0/0,16233:1747647662383:,1747647680629
counter/9/0/0/0,16234:1747647662383:,1747647680629
counter/9/0/0/0,16235:1747647662383:,1747647680629
counter/9/0/0/0,16236:1747647662383:,1747647680629
counter/1/0/0/0,16703:1747647663341:,1747647680629
counter/9/0/0/0,16237:1747647662383:,1747647680629
counter/6/0/0/0,15243:1747647662506:,1747647680629
counter/10/0/0/0,14539:1747647661396:,1747647680629
counter/9/0/0/0,16238:1747647662383:,1747647680629
counter/10/0/0/0,14540:1747647661397:,1747647680629
counter/9/0/0/0,16239:1747647662383:,1747647680629
counter/10/0/0/0,14541:1747647661397:,1747647680629
counter/9/0/0/0,16240:1747647662383:,1747647680629
counter/10/0/0/0,14542:1747647661397:,1747647680629
counter/3/0/0/0,16888:1747647663769:,1747647680629
counter/9/0/0/0,16241:1747647662383:,1747647680629
counter/3/0/0/0,16889:1747647663769:,1747647680629
counter/2/0/0/0,15348:1747647661633:,1747647680629
counter/1/0/0/0,16704:1747647663342:,1747647680629
counter/9/0/0/0,16242:1747647662383:,1747647680629
counter/6/0/0/0,15244:1747647662506:,1747647680629
counter/4/0/0/0,15672:1747647663353:,1747647680629
counter/10/0/0/0,14543:1747647661397:,1747647680629
counter/10/0/0/0,14544:1747647661397:,1747647680629
counter/3/0/0/0,16890:1747647663769:,1747647680629
counter/10/0/0/0,14545:1747647661397:,1747647680629
counter/1/0/0/0,16705:1747647663342:,1747647680630
counter/6/0/0/0,15245:1747647662506:,1747647680630
counter/10/0/0/0,14546:1747647661397:,1747647680630
counter/4/0/0/0,15673:1747647663353:,1747647680630
counter/9/0/0/0,16243:1747647662383:,1747647680630
counter/10/0/0/0,14547:1747647661397:,1747647680630
counter/7/0/0/0,15334:1747647661804:,1747647680630
counter/10/0/0/0,14548:1747647661397:,1747647680630
counter/10/0/0/0,14549:1747647661413:,1747647680630
counter/10/0/0/0,14550:1747647661413:,1747647680630
counter/6/0/0/0,15246:1747647662506:,1747647680630
counter/10/0/0/0,14551:1747647661413:,1747647680630
counter/4/0/0/0,15674:1747647663353:,1747647680630
counter/10/0/0/0,14552:1747647661413:,1747647680630
counter/9/0/0/0,16244:1747647662383:,1747647680630
counter/7/0/0/0,15335:1747647661804:,1747647680630
counter/10/0/0/0,14553:1747647661413:,1747647680630
counter/2/0/0/0,15349:1747647661633:,1747647680630
counter/1/0/0/0,16706:1747647663342:,1747647680630
counter/10/0/0/0,14554:1747647661413:,1747647680630
counter/3/0/0/0,16891:1747647663769:,1747647680630
counter/10/0/0/0,14555:1747647661413:,1747647680630
counter/5/0/0/0,15519:1747647661793:,1747647680630
counter/10/0/0/0,14556:1747647661423:,1747647680630
counter/3/0/0/0,16892:1747647663769:,1747647680630
counter/4/0/0/0,15675:1747647663353:,1747647680630
counter/9/0/0/0,16245:1747647662386:,1747647680630
counter/7/0/0/0,15336:1747647661804:,1747647680630
counter/2/0/0/0,15350:1747647661633:,1747647680630
counter/1/0/0/0,16707:1747647663342:,1747647680630
counter/10/0/0/0,14557:1747647661423:,1747647680630
counter/10/0/0/0,14558:1747647661423:,1747647680630
counter/10/0/0/0,14559:1747647661423:,1747647680630
counter/10/0/0/0,14560:1747647661423:,1747647680630
counter/10/0/0/0,14561:1747647661423:,1747647680630
counter/3/0/0/0,16893:1747647663769:,1747647680630
counter/10/0/0/0,14562:1747647661423:,1747647680631
counter/7/0/0/0,15337:1747647661823:,1747647680631
counter/2/0/0/0,15351:1747647661633:,1747647680631
counter/1/0/0/0,16708:1747647663342:,1747647680631
counter/6/0/0/0,15247:1747647662506:,1747647680631
counter/4/0/0/0,15676:1747647663353:,1747647680631
counter/10/0/0/0,14563:1747647661423:,1747647680631
counter/9/0/0/0,16246:1747647662386:,1747647680631
counter/8/0/0/0,15671:1747647661508:,1747647680631
counter/8/0/0/0,15672:1747647661508:,1747647680631
counter/8/0/0/0,15673:1747647661508:,1747647680631
counter/8/0/0/0,15674:1747647661508:,1747647680631
counter/2/0/0/0,15352:1747647661633:,1747647680631
counter/1/0/0/0,16709:1747647663342:,1747647680631
counter/6/0/0/0,15248:1747647662506:,1747647680631
counter/4/0/0/0,15677:1747647663353:,1747647680631
counter/10/0/0/0,14564:1747647661423:,1747647680631
counter/9/0/0/0,16247:1747647662386:,1747647680631
counter/3/0/0/0,16894:1747647663769:,1747647680631
counter/7/0/0/0,15338:1747647661823:,1747647680631
counter/8/0/0/0,15675:1747647661508:,1747647680631
counter/8/0/0/0,15676:1747647661508:,1747647680631
counter/2/0/0/0,15353:1747647661633:,1747647680631
counter/1/0/0/0,16710:1747647663343:,1747647680631
counter/6/0/0/0,15249:1747647662506:,1747647680631
counter/4/0/0/0,15678:1747647663353:,1747647680631
counter/10/0/0/0,14565:1747647661423:,1747647680631
counter/9/0/0/0,16248:1747647662386:,1747647680631
counter/9/0/0/0,16249:1747647662386:,1747647680631
counter/9/0/0/0,16250:1747647662386:,1747647680631
counter/9/0/0/0,16251:1747647662386:,1747647680631
counter/9/0/0/0,16252:1747647662386:,1747647680631
counter/9/0/0/0,16253:1747647662386:,1747647680631
counter/1/0/0/0,16711:1747647663343:,1747647680631
counter/6/0/0/0,15250:1747647662506:,1747647680631
counter/4/0/0/0,15679:1747647663353:,1747647680631
counter/10/0/0/0,14566:1747647661423:,1747647680631
counter/3/0/0/0,16895:1747647663769:,1747647680631
counter/7/0/0/0,15339:1747647661824:,1747647680631
counter/8/0/0/0,15677:1747647661508:,1747647680632
counter/8/0/0/0,15678:1747647661508:,1747647680632
counter/8/0/0/0,15679:1747647661508:,1747647680632
counter/8/0/0/0,15680:1747647661508:,1747647680632
counter/8/0/0/0,15681:1747647661508:,1747647680632
counter/8/0/0/0,15682:1747647661509:,1747647680632
counter/8/0/0/0,15683:1747647661509:,1747647680632
counter/8/0/0/0,15684:1747647661509:,1747647680632
counter/7/0/0/0,15340:1747647661824:,1747647680632
counter/8/0/0/0,15685:1747647661510:,1747647680632
counter/9/0/0/0,16254:1747647662386:,1747647680632
counter/9/0/0/0,16255:1747647662386:,1747647680632
counter/9/0/0/0,16256:1747647662386:,1747647680632
counter/9/0/0/0,16257:1747647662386:,1747647680632
counter/9/0/0/0,16258:1747647662386:,1747647680632
counter/10/0/0/0,14567:1747647661423:,1747647680632
counter/9/0/0/0,16259:1747647662386:,1747647680632
counter/9/0/0/0,16260:1747647662386:,1747647680632
counter/3/0/0/0,16896:1747647663769:,1747647680632
counter/7/0/0/0,15341:1747647661824:,1747647680632
counter/1/0/0/0,16712:1747647663343:,1747647680632
counter/3/0/0/0,16897:1747647663769:,1747647680632
counter/4/0/0/0,15680:1747647663353:,1747647680632
counter/8/0/0/0,15686:1747647661510:,1747647680632
counter/9/0/0/0,16261:1747647662390:,1747647680632
counter/9/0/0/0,16262:1747647662390:,1747647680632
counter/9/0/0/0,16263:1747647662390:,1747647680632
counter/9/0/0/0,16264:1747647662390:,1747647680632
counter/7/0/0/0,15342:1747647661824:,1747647680632
counter/9/0/0/0,16265:1747647662390:,1747647680632
counter/7/0/0/0,15343:1747647661824:,1747647680632
counter/7/0/0/0,15344:1747647661824:,1747647680632
counter/7/0/0/0,15345:1747647661824:,1747647680632
counter/7/0/0/0,15346:1747647661824:,1747647680632
counter/7/0/0/0,15347:1747647661824:,1747647680632
counter/7/0/0/0,15348:1747647661824:,1747647680632
counter/7/0/0/0,15349:1747647661824:,1747647680632
counter/7/0/0/0,15350:1747647661824:,1747647680632
counter/2/0/0/0,15354:1747647661633:,1747647680633
counter/3/0/0/0,16898:1747647663769:,1747647680633
counter/4/0/0/0,15681:1747647663353:,1747647680633
counter/10/0/0/0,14568:1747647661423:,1747647680633
counter/10/0/0/0,14569:1747647661423:,1747647680633
counter/10/0/0/0,14570:1747647661423:,1747647680633
counter/10/0/0/0,14571:1747647661424:,1747647680633
counter/10/0/0/0,14572:1747647661424:,1747647680633
counter/10/0/0/0,14573:1747647661424:,1747647680633
counter/10/0/0/0,14574:1747647661424:,1747647680633
counter/2/0/0/0,15355:1747647661633:,1747647680633
counter/3/0/0/0,16899:1747647663769:,1747647680633
counter/4/0/0/0,15682:1747647663353:,1747647680633
counter/3/0/0/0,16900:1747647663769:,1747647680633
counter/9/0/0/0,16266:1747647662390:,1747647680633
counter/6/0/0/0,15251:1747647662506:,1747647680633
counter/10/0/0/0,14575:1747647661424:,1747647680633
counter/10/0/0/0,14576:1747647661424:,1747647680633
counter/10/0/0/0,14577:1747647661424:,1747647680633
counter/10/0/0/0,14578:1747647661424:,1747647680633
counter/10/0/0/0,14579:1747647661424:,1747647680633
counter/10/0/0/0,14580:1747647661425:,1747647680633
counter/10/0/0/0,14581:1747647661425:,1747647680633
counter/10/0/0/0,14582:1747647661425:,1747647680633
counter/6/0/0/0,15252:1747647662506:,1747647680633
counter/10/0/0/0,14583:1747647661425:,1747647680633
counter/6/0/0/0,15253:1747647662506:,1747647680633
counter/2/0/0/0,15356:1747647661635:,1747647680633
counter/4/0/0/0,15683:1747647663357:,1747647680633
counter/4/0/0/0,15684:1747647663357:,1747647680633
counter/4/0/0/0,15685:1747647663357:,1747647680633
counter/4/0/0/0,15686:1747647663357:,1747647680634
counter/8/0/0/0,15687:1747647661513:,1747647680634
counter/3/0/0/0,16901:1747647663769:,1747647680634
counter/5/0/0/0,15520:1747647661793:,1747647680634
counter/6/0/0/0,15254:1747647662506:,1747647680634
counter/6/0/0/0,15255:1747647662506:,1747647680634
counter/6/0/0/0,15256:1747647662519:,1747647680634
counter/6/0/0/0,15257:1747647662519:,1747647680634
counter/6/0/0/0,15258:1747647662519:,1747647680634
counter/6/0/0/0,15259:1747647662519:,1747647680634
counter/6/0/0/0,15260:1747647662519:,1747647680634
counter/6/0/0/0,15261:1747647662519:,1747647680634
counter/6/0/0/0,15262:1747647662519:,1747647680634
counter/3/0/0/0,16902:1747647663770:,1747647680634
counter/2/0/0/0,15357:1747647661635:,1747647680634
counter/3/0/0/0,16903:1747647663770:,1747647680634
counter/3/0/0/0,16904:1747647663770:,1747647680634
counter/3/0/0/0,16905:1747647663770:,1747647680634
counter/3/0/0/0,16906:1747647663770:,1747647680634
counter/8/0/0/0,15688:1747647661513:,1747647680634
counter/6/0/0/0,15263:1747647662519:,1747647680634
counter/5/0/0/0,15521:1747647661794:,1747647680634
counter/7/0/0/0,15351:1747647661824:,1747647680634
counter/2/0/0/0,15358:1747647661635:,1747647680634
counter/10/0/0/0,14584:1747647661425:,1747647680634
counter/9/0/0/0,16267:1747647662390:,1747647680634
counter/4/0/0/0,15687:1747647663357:,1747647680634
counter/4/0/0/0,15688:1747647663357:,1747647680634
counter/4/0/0/0,15689:1747647663357:,1747647680634
counter/4/0/0/0,15690:1747647663361:,1747647680634
counter/4/0/0/0,15691:1747647663361:,1747647680634
counter/4/0/0/0,15692:1747647663361:,1747647680634
counter/4/0/0/0,15693:1747647663361:,1747647680634
counter/4/0/0/0,15694:1747647663361:,1747647680634
counter/4/0/0/0,15695:1747647663361:,1747647680634
counter/4/0/0/0,15696:1747647663361:,1747647680634
counter/4/0/0/0,15697:1747647663361:,1747647680635
counter/4/0/0/0,15698:1747647663361:,1747647680635
counter/6/0/0/0,15264:1747647662519:,1747647680635
counter/4/0/0/0,15699:1747647663361:,1747647680635
counter/10/0/0/0,14585:1747647661425:,1747647680635
counter/9/0/0/0,16268:1747647662390:,1747647680635
counter/4/0/0/0,15700:1747647663361:,1747647680635
counter/3/0/0/0,16907:1747647663772:,1747647680635
counter/8/0/0/0,15689:1747647661528:,1747647680635
counter/4/0/0/0,15701:1747647663363:,1747647680635
counter/8/0/0/0,15690:1747647661528:,1747647680635
counter/8/0/0/0,15691:1747647661528:,1747647680635
counter/1/0/0/0,16713:1747647663343:,1747647680635
counter/8/0/0/0,15692:1747647661528:,1747647680635
counter/6/0/0/0,15265:1747647662519:,1747647680635
counter/6/0/0/0,15266:1747647662519:,1747647680635
counter/6/0/0/0,15267:1747647662519:,1747647680635
counter/6/0/0/0,15268:1747647662519:,1747647680635
counter/3/0/0/0,16908:1747647663772:,1747647680635
counter/6/0/0/0,15269:1747647662519:,1747647680635
counter/2/0/0/0,15359:1747647661635:,1747647680635
counter/8/0/0/0,15693:1747647661528:,1747647680635
counter/8/0/0/0,15694:1747647661528:,1747647680635
counter/1/0/0/0,16714:1747647663343:,1747647680635
counter/10/0/0/0,14586:1747647661425:,1747647680635
counter/9/0/0/0,16269:1747647662390:,1747647680635
counter/6/0/0/0,15270:1747647662520:,1747647680635
counter/4/0/0/0,15702:1747647663363:,1747647680635
counter/7/0/0/0,15352:1747647661824:,1747647680635
counter/3/0/0/0,16909:1747647663773:,1747647680635
counter/2/0/0/0,15360:1747647661635:,1747647680635
counter/8/0/0/0,15695:1747647661528:,1747647680635
counter/8/0/0/0,15696:1747647661528:,1747647680635
counter/1/0/0/0,16715:1747647663358:,1747647680635
counter/10/0/0/0,14587:1747647661425:,1747647680636
counter/9/0/0/0,16270:1747647662391:,1747647680636
counter/6/0/0/0,15271:1747647662520:,1747647680636
counter/4/0/0/0,15703:1747647663363:,1747647680636
counter/7/0/0/0,15353:1747647661824:,1747647680636
counter/3/0/0/0,16910:1747647663773:,1747647680636
counter/2/0/0/0,15361:1747647661635:,1747647680636
counter/8/0/0/0,15697:1747647661528:,1747647680636
counter/3/0/0/0,16911:1747647663773:,1747647680636
counter/1/0/0/0,16716:1747647663358:,1747647680636
counter/10/0/0/0,14588:1747647661425:,1747647680636
counter/9/0/0/0,16271:1747647662391:,1747647680636
counter/6/0/0/0,15272:1747647662520:,1747647680636
counter/4/0/0/0,15704:1747647663363:,1747647680636
counter/7/0/0/0,15354:1747647661825:,1747647680636
counter/2/0/0/0,15362:1747647661655:,1747647680636
counter/8/0/0/0,15698:1747647661550:,1747647680636
counter/8/0/0/0,15699:1747647661550:,1747647680636
counter/3/0/0/0,16912:1747647663773:,1747647680636
counter/1/0/0/0,16717:1747647663358:,1747647680636
counter/3/0/0/0,16913:1747647663773:,1747647680636
counter/9/0/0/0,16272:1747647662391:,1747647680636
counter/6/0/0/0,15273:1747647662520:,1747647680636
counter/4/0/0/0,15705:1747647663363:,1747647680636
counter/7/0/0/0,15355:1747647661825:,1747647680636
counter/2/0/0/0,15363:1747647661655:,1747647680636
counter/8/0/0/0,15700:1747647661550:,1747647680636
counter/8/0/0/0,15701:1747647661551:,1747647680636
counter/8/0/0/0,15702:1747647661551:,1747647680636
counter/8/0/0/0,15703:1747647661551:,1747647680636
counter/8/0/0/0,15704:1747647661551:,1747647680636
counter/3/0/0/0,16914:1747647663773:,1747647680636
counter/6/0/0/0,15274:1747647662522:,1747647680636
counter/4/0/0/0,15706:1747647663363:,1747647680636
counter/7/0/0/0,15356:1747647661825:,1747647680636
counter/2/0/0/0,15364:1747647661655:,1747647680636
counter/1/0/0/0,16718:1747647663359:,1747647680636
counter/8/0/0/0,15705:1747647661551:,1747647680637
counter/9/0/0/0,16273:1747647662391:,1747647680637
counter/5/0/0/0,15522:1747647661795:,1747647680637
counter/5/0/0/0,15523:1747647661795:,1747647680637
counter/5/0/0/0,15524:1747647661795:,1747647680637
counter/5/0/0/0,15525:1747647661795:,1747647680637
counter/5/0/0/0,15526:1747647661795:,1747647680637
counter/5/0/0/0,15527:1747647661795:,1747647680637
counter/5/0/0/0,15528:1747647661795:,1747647680637
counter/5/0/0/0,15529:1747647661795:,1747647680637
counter/5/0/0/0,15530:1747647661795:,1747647680637
counter/5/0/0/0,15531:1747647661795:,1747647680637
counter/5/0/0/0,15532:1747647661795:,1747647680637
counter/5/0/0/0,15533:1747647661795:,1747647680637
counter/5/0/0/0,15534:1747647661802:,1747647680637
counter/5/0/0/0,15535:1747647661802:,1747647680637
counter/5/0/0/0,15536:1747647661802:,1747647680637
counter/3/0/0/0,16915:1747647663782:,1747647680637
counter/5/0/0/0,15537:1747647661802:,1747647680637
counter/4/0/0/0,15707:1747647663363:,1747647680637
counter/5/0/0/0,15538:1747647661802:,1747647680637
counter/3/0/0/0,16916:1747647663782:,1747647680637
counter/2/0/0/0,15365:1747647661655:,1747647680637
counter/3/0/0/0,16917:1747647663782:,1747647680637
counter/3/0/0/0,16918:1747647663782:,1747647680637
counter/3/0/0/0,16919:1747647663783:,1747647680637
counter/3/0/0/0,16920:1747647663787:,1747647680637
counter/3/0/0/0,16921:1747647663787:,1747647680637
counter/3/0/0/0,16922:1747647663787:,1747647680637
counter/3/0/0/0,16923:1747647663787:,1747647680637
counter/3/0/0/0,16924:1747647663787:,1747647680637
counter/1/0/0/0,16719:1747647663359:,1747647680637
counter/2/0/0/0,15366:1747647661656:,1747647680637
counter/2/0/0/0,15367:1747647661656:,1747647680637
counter/6/0/0/0,15275:1747647662522:,1747647680637
counter/5/0/0/0,15539:1747647661802:,1747647680637
counter/5/0/0/0,15540:1747647661802:,1747647680638
counter/5/0/0/0,15541:1747647661802:,1747647680638
counter/4/0/0/0,15708:1747647663363:,1747647680638
counter/5/0/0/0,15542:1747647661803:,1747647680638
counter/4/0/0/0,15709:1747647663363:,1747647680638
counter/4/0/0/0,15710:1747647663363:,1747647680638
counter/8/0/0/0,15706:1747647661551:,1747647680638
counter/4/0/0/0,15711:1747647663363:,1747647680638
counter/8/0/0/0,15707:1747647661551:,1747647680638
counter/2/0/0/0,15368:1747647661656:,1747647680638
counter/4/0/0/0,15712:1747647663363:,1747647680638
counter/8/0/0/0,15708:1747647661551:,1747647680638
counter/2/0/0/0,15369:1747647661656:,1747647680638
counter/4/0/0/0,15713:1747647663363:,1747647680638
counter/2/0/0/0,15370:1747647661656:,1747647680638
counter/4/0/0/0,15714:1747647663363:,1747647680638
counter/2/0/0/0,15371:1747647661656:,1747647680638
counter/4/0/0/0,15715:1747647663363:,1747647680638
counter/2/0/0/0,15372:1747647661656:,1747647680638
counter/4/0/0/0,15716:1747647663363:,1747647680638
counter/2/0/0/0,15373:1747647661656:,1747647680638
counter/3/0/0/0,16925:1747647663787:,1747647680638
counter/2/0/0/0,15374:1747647661656:,1747647680638
counter/3/0/0/0,16926:1747647663787:,1747647680638
counter/7/0/0/0,15357:1747647661826:,1747647680638
counter/8/0/0/0,15709:1747647661551:,1747647680638
counter/2/0/0/0,15375:1747647661662:,1747647680638
counter/8/0/0/0,15710:1747647661551:,1747647680638
counter/2/0/0/0,15376:1747647661662:,1747647680638
counter/8/0/0/0,15711:1747647661551:,1747647680638
counter/2/0/0/0,15377:1747647661662:,1747647680638
counter/8/0/0/0,15712:1747647661554:,1747647680638
counter/2/0/0/0,15378:1747647661662:,1747647680638
counter/8/0/0/0,15713:1747647661554:,1747647680638
counter/8/0/0/0,15714:1747647661554:,1747647680639
counter/8/0/0/0,15715:1747647661554:,1747647680639
counter/8/0/0/0,15716:1747647661554:,1747647680639
counter/8/0/0/0,15717:1747647661554:,1747647680639
counter/8/0/0/0,15718:1747647661554:,1747647680639
counter/8/0/0/0,15719:1747647661554:,1747647680639
counter/8/0/0/0,15720:1747647661554:,1747647680639
counter/8/0/0/0,15721:1747647661554:,1747647680639
counter/8/0/0/0,15722:1747647661554:,1747647680639
counter/8/0/0/0,15723:1747647661554:,1747647680639
counter/8/0/0/0,15724:1747647661554:,1747647680639
counter/8/0/0/0,15725:1747647661554:,1747647680639
counter/8/0/0/0,15726:1747647661554:,1747647680639
counter/8/0/0/0,15727:1747647661554:,1747647680639
counter/8/0/0/0,15728:1747647661554:,1747647680639
counter/8/0/0/0,15729:1747647661554:,1747647680639
counter/8/0/0/0,15730:1747647661554:,1747647680639
counter/3/0/0/0,16927:1747647663787:,1747647680639
counter/8/0/0/0,15731:1747647661554:,1747647680639
counter/4/0/0/0,15717:1747647663374:,1747647680639
counter/7/0/0/0,15358:1747647661826:,1747647680639
counter/8/0/0/0,15732:1747647661554:,1747647680639
counter/1/0/0/0,16720:1747647663359:,1747647680639
counter/6/0/0/0,15276:1747647662522:,1747647680639
counter/2/0/0/0,15379:1747647661662:,1747647680639
counter/8/0/0/0,15733:1747647661555:,1747647680639
counter/8/0/0/0,15734:1747647661559:,1747647680639
counter/8/0/0/0,15735:1747647661559:,1747647680639
counter/8/0/0/0,15736:1747647661559:,1747647680639
counter/8/0/0/0,15737:1747647661559:,1747647680639
counter/7/0/0/0,15359:1747647661826:,1747647680639
counter/8/0/0/0,15738:1747647661559:,1747647680639
counter/8/0/0/0,15739:1747647661559:,1747647680639
counter/3/0/0/0,16928:1747647663790:,1747647680639
counter/6/0/0/0,15277:1747647662522:,1747647680639
counter/8/0/0/0,15740:1747647661560:,1747647680639
counter/3/0/0/0,16929:1747647663790:,1747647680639
counter/9/0/0/0,16274:1747647662391:,1747647680639
counter/4/0/0/0,15718:1747647663374:,1747647680639
counter/8/0/0/0,15741:1747647661560:,1747647680640
counter/3/0/0/0,16930:1747647663790:,1747647680640
counter/4/0/0/0,15719:1747647663374:,1747647680640
counter/8/0/0/0,15742:1747647661560:,1747647680640
counter/3/0/0/0,16931:1747647663790:,1747647680640
counter/8/0/0/0,15743:1747647661560:,1747647680640
counter/3/0/0/0,16932:1747647663797:,1747647680640
counter/9/0/0/0,16275:1747647662391:,1747647680640
counter/8/0/0/0,15744:1747647661560:,1747647680640
counter/3/0/0/0,16933:1747647663797:,1747647680640
counter/5/0/0/0,15543:1747647661806:,1747647680640
counter/4/0/0/0,15720:1747647663374:,1747647680640
counter/8/0/0/0,15745:1747647661560:,1747647680640
counter/3/0/0/0,16934:1747647663797:,1747647680640
counter/5/0/0/0,15544:1747647661808:,1747647680640
counter/4/0/0/0,15721:1747647663374:,1747647680640
counter/8/0/0/0,15746:1747647661573:,1747647680640
counter/3/0/0/0,16935:1747647663797:,1747647680640
counter/4/0/0/0,15722:1747647663377:,1747647680640
counter/8/0/0/0,15747:1747647661573:,1747647680640
counter/4/0/0/0,15723:1747647663377:,1747647680640
counter/8/0/0/0,15748:1747647661573:,1747647680640
counter/4/0/0/0,15724:1747647663377:,1747647680640
counter/9/0/0/0,16276:1747647662391:,1747647680640
counter/5/0/0/0,15545:1747647661808:,1747647680640
counter/8/0/0/0,15749:1747647661573:,1747647680640
counter/4/0/0/0,15725:1747647663377:,1747647680640
counter/5/0/0/0,15546:1747647661808:,1747647680640
counter/8/0/0/0,15750:1747647661573:,1747647680640
counter/4/0/0/0,15726:1747647663377:,1747647680640
counter/5/0/0/0,15547:1747647661808:,1747647680640
counter/8/0/0/0,15751:1747647661573:,1747647680640
counter/4/0/0/0,15727:1747647663377:,1747647680640
counter/5/0/0/0,15548:1747647661808:,1747647680640
counter/9/0/0/0,16277:1747647662391:,1747647680640
counter/8/0/0/0,15752:1747647661573:,1747647680640
counter/4/0/0/0,15728:1747647663377:,1747647680640
counter/5/0/0/0,15549:1747647661808:,1747647680641
counter/7/0/0/0,15360:1747647661826:,1747647680641
counter/2/0/0/0,15380:1747647661662:,1747647680641
counter/6/0/0/0,15278:1747647662533:,1747647680641
counter/8/0/0/0,15753:1747647661573:,1747647680641
counter/4/0/0/0,15729:1747647663377:,1747647680641
counter/5/0/0/0,15550:1747647661808:,1747647680641
counter/8/0/0/0,15754:1747647661573:,1747647680641
counter/4/0/0/0,15730:1747647663377:,1747647680641
counter/5/0/0/0,15551:1747647661808:,1747647680641
counter/8/0/0/0,15755:1747647661574:,1747647680641
counter/4/0/0/0,15731:1747647663377:,1747647680641
counter/5/0/0/0,15552:1747647661808:,1747647680641
counter/8/0/0/0,15756:1747647661574:,1747647680641
counter/4/0/0/0,15732:1747647663378:,1747647680641
counter/5/0/0/0,15553:1747647661809:,1747647680641
counter/8/0/0/0,15757:1747647661594:,1747647680641
counter/4/0/0/0,15733:1747647663378:,1747647680641
counter/2/0/0/0,15381:1747647661662:,1747647680641
counter/8/0/0/0,15758:1747647661594:,1747647680641
counter/4/0/0/0,15734:1747647663378:,1747647680641
counter/6/0/0/0,15279:1747647662533:,1747647680641
counter/3/0/0/0,16936:1747647663797:,1747647680641
counter/8/0/0/0,15759:1747647661599:,1747647680641
counter/4/0/0/0,15735:1747647663378:,1747647680641
counter/5/0/0/0,15554:1747647661809:,1747647680641
counter/3/0/0/0,16937:1747647663797:,1747647680641
counter/8/0/0/0,15760:1747647661600:,1747647680641
counter/4/0/0/0,15736:1747647663378:,1747647680641
counter/9/0/0/0,16278:1747647662391:,1747647680641
counter/10/0/0/0,14589:1747647661425:,1747647680641
counter/8/0/0/0,15761:1747647661600:,1747647680641
counter/4/0/0/0,15737:1747647663378:,1747647680641
counter/8/0/0/0,15762:1747647661600:,1747647680641
counter/4/0/0/0,15738:1747647663378:,1747647680641
counter/6/0/0/0,15280:1747647662533:,1747647680642
counter/8/0/0/0,15763:1747647661600:,1747647680642
counter/4/0/0/0,15739:1747647663379:,1747647680642
counter/7/0/0/0,15361:1747647661826:,1747647680642
counter/8/0/0/0,15764:1747647661600:,1747647680642
counter/4/0/0/0,15740:1747647663379:,1747647680642
counter/10/0/0/0,14590:1747647661425:,1747647680642
counter/2/0/0/0,15382:1747647661664:,1747647680642
counter/4/0/0/0,15741:1747647663379:,1747647680642
counter/5/0/0/0,15555:1747647661809:,1747647680642
counter/4/0/0/0,15742:1747647663379:,1747647680642
counter/5/0/0/0,15556:1747647661809:,1747647680642
counter/4/0/0/0,15743:1747647663379:,1747647680642
counter/5/0/0/0,15557:1747647661809:,1747647680642
counter/4/0/0/0,15744:1747647663379:,1747647680642
counter/5/0/0/0,15558:1747647661809:,1747647680642
counter/4/0/0/0,15745:1747647663379:,1747647680642
counter/5/0/0/0,15559:1747647661809:,1747647680642
counter/1/0/0/0,16721:1747647663359:,1747647680642
counter/4/0/0/0,15746:1747647663397:,1747647680642
counter/5/0/0/0,15560:1747647661832:,1747647680642
counter/1/0/0/0,16722:1747647663359:,1747647680642
counter/4/0/0/0,15747:1747647663397:,1747647680642
counter/5/0/0/0,15561:1747647661832:,1747647680642
counter/1/0/0/0,16723:1747647663359:,1747647680642
counter/6/0/0/0,15281:1747647662533:,1747647680642
counter/4/0/0/0,15748:1747647663397:,1747647680642
counter/9/0/0/0,16279:1747647662391:,1747647680642
counter/4/0/0/0,15749:1747647663397:,1747647680642
counter/7/0/0/0,15362:1747647661826:,1747647680642
counter/4/0/0/0,15750:1747647663397:,1747647680642
counter/9/0/0/0,16280:1747647662391:,1747647680642
counter/8/0/0/0,15765:1747647661600:,1747647680642
counter/4/0/0/0,15751:1747647663397:,1747647680642
counter/2/0/0/0,15383:1747647661664:,1747647680642
counter/10/0/0/0,14591:1747647661425:,1747647680642
counter/4/0/0/0,15752:1747647663397:,1747647680642
counter/9/0/0/0,16281:1747647662391:,1747647680643
counter/4/0/0/0,15753:1747647663397:,1747647680643
counter/4/0/0/0,15754:1747647663398:,1747647680643
counter/4/0/0/0,15755:1747647663398:,1747647680643
counter/4/0/0/0,15756:1747647663398:,1747647680643
counter/4/0/0/0,15757:1747647663398:,1747647680643
counter/4/0/0/0,15758:1747647663398:,1747647680643
counter/4/0/0/0,15759:1747647663398:,1747647680643
counter/4/0/0/0,15760:1747647663398:,1747647680643
counter/4/0/0/0,15761:1747647663398:,1747647680643
counter/4/0/0/0,15762:1747647663398:,1747647680643
counter/4/0/0/0,15763:1747647663398:,1747647680643
counter/4/0/0/0,15764:1747647663398:,1747647680643
counter/4/0/0/0,15765:1747647663398:,1747647680643
counter/4/0/0/0,15766:1747647663398:,1747647680643
counter/4/0/0/0,15767:1747647663399:,1747647680643
counter/4/0/0/0,15768:1747647663399:,1747647680643
counter/4/0/0/0,15769:1747647663399:,1747647680643
counter/4/0/0/0,15770:1747647663399:,1747647680643
counter/4/0/0/0,15771:1747647663399:,1747647680643
counter/4/0/0/0,15772:1747647663399:,1747647680643
counter/4/0/0/0,15773:1747647663399:,1747647680643
counter/9/0/0/0,16282:1747647662391:,1747647680643
counter/10/0/0/0,14592:1747647661425:,1747647680643
counter/4/0/0/0,15774:1747647663399:,1747647680643
counter/9/0/0/0,16283:1747647662391:,1747647680643
counter/6/0/0/0,15282:1747647662533:,1747647680643
counter/4/0/0/0,15775:1747647663399:,1747647680643
counter/3/0/0/0,16938:1747647663797:,1747647680643
counter/5/0/0/0,15562:1747647661833:,1747647680643
counter/4/0/0/0,15776:1747647663399:,1747647680643
counter/3/0/0/0,16939:1747647663797:,1747647680643
counter/1/0/0/0,16724:1747647663359:,1747647680643
counter/4/0/0/0,15777:1747647663399:,1747647680643
counter/3/0/0/0,16940:1747647663797:,1747647680643
counter/1/0/0/0,16725:1747647663359:,1747647680643
counter/10/0/0/0,14593:1747647661425:,1747647680643
counter/2/0/0/0,15384:1747647661664:,1747647680644
counter/4/0/0/0,15778:1747647663399:,1747647680644
counter/3/0/0/0,16941:1747647663797:,1747647680644
counter/6/0/0/0,15283:1747647662533:,1747647680644
counter/5/0/0/0,15563:1747647661833:,1747647680644
counter/4/0/0/0,15779:1747647663399:,1747647680644
counter/6/0/0/0,15284:1747647662533:,1747647680644
counter/4/0/0/0,15780:1747647663399:,1747647680644
counter/6/0/0/0,15285:1747647662533:,1747647680644
counter/4/0/0/0,15781:1747647663399:,1747647680644
counter/6/0/0/0,15286:1747647662533:,1747647680644
counter/2/0/0/0,15385:1747647661664:,1747647680644
counter/4/0/0/0,15782:1747647663419:,1747647680644
counter/6/0/0/0,15287:1747647662534:,1747647680644
counter/5/0/0/0,15564:1747647661833:,1747647680644
counter/4/0/0/0,15783:1747647663419:,1747647680644
counter/6/0/0/0,15288:1747647662534:,1747647680644
counter/4/0/0/0,15784:1747647663419:,1747647680644
counter/6/0/0/0,15289:1747647662534:,1747647680644
counter/4/0/0/0,15785:1747647663441:,1747647680644
counter/6/0/0/0,15290:1747647662534:,1747647680644
counter/4/0/0/0,15786:1747647663441:,1747647680644
counter/4/0/0/0,15787:1747647663441:,1747647680644
counter/4/0/0/0,15788:1747647663441:,1747647680644
counter/4/0/0/0,15789:1747647663441:,1747647680644
counter/4/0/0/0,15790:1747647663441:,1747647680644
counter/4/0/0/0,15791:1747647663441:,1747647680644
counter/4/0/0/0,15792:1747647663441:,1747647680644
counter/3/0/0/0,16942:1747647663798:,1747647680644
counter/4/0/0/0,15793:1747647663441:,1747647680644
counter/6/0/0/0,15291:1747647662534:,1747647680644
counter/4/0/0/0,15794:1747647663441:,1747647680644
counter/4/0/0/0,15795:1747647663441:,1747647680644
counter/3/0/0/0,16943:1747647663798:,1747647680644
counter/4/0/0/0,15796:1747647663447:,1747647680644
counter/5/0/0/0,15565:1747647661833:,1747647680644
counter/4/0/0/0,15797:1747647663447:,1747647680644
counter/3/0/0/0,16944:1747647663798:,1747647680645
counter/8/0/0/0,15766:1747647661600:,1747647680645
counter/4/0/0/0,15798:1747647663447:,1747647680645
counter/9/0/0/0,16284:1747647662391:,1747647680645
counter/4/0/0/0,15799:1747647663447:,1747647680645
counter/9/0/0/0,16285:1747647662391:,1747647680645
counter/4/0/0/0,15800:1747647663447:,1747647680645
counter/9/0/0/0,16286:1747647662391:,1747647680645
counter/4/0/0/0,15801:1747647663447:,1747647680645
counter/9/0/0/0,16287:1747647662391:,1747647680645
counter/7/0/0/0,15363:1747647661826:,1747647680645
counter/5/0/0/0,15566:1747647661833:,1747647680645
counter/4/0/0/0,15802:1747647663447:,1747647680645
counter/9/0/0/0,16288:1747647662391:,1747647680645
counter/6/0/0/0,15292:1747647662534:,1747647680645
counter/8/0/0/0,15767:1747647661600:,1747647680645
counter/4/0/0/0,15803:1747647663447:,1747647680645
counter/9/0/0/0,16289:1747647662391:,1747647680645
counter/7/0/0/0,15364:1747647661826:,1747647680645
counter/4/0/0/0,15804:1747647663447:,1747647680645
counter/5/0/0/0,15567:1747647661833:,1747647680645
counter/4/0/0/0,15805:1747647663453:,1747647680645
counter/5/0/0/0,15568:1747647661833:,1747647680645
counter/4/0/0/0,15806:1747647663453:,1747647680645
counter/5/0/0/0,15569:1747647661833:,1747647680645
counter/5/0/0/0,15570:1747647661833:,1747647680645
counter/5/0/0/0,15571:1747647661833:,1747647680645
counter/5/0/0/0,15572:1747647661833:,1747647680645
counter/5/0/0/0,15573:1747647661833:,1747647680645
counter/3/0/0/0,16945:1747647663798:,1747647680645
counter/5/0/0/0,15574:1747647661833:,1747647680645
counter/2/0/0/0,15386:1747647661664:,1747647680645
counter/5/0/0/0,15575:1747647661840:,1747647680645
counter/3/0/0/0,16946:1747647663798:,1747647680645
counter/1/0/0/0,16726:1747647663359:,1747647680645
counter/5/0/0/0,15576:1747647661840:,1747647680645
counter/3/0/0/0,16947:1747647663798:,1747647680645
counter/7/0/0/0,15365:1747647661826:,1747647680646
counter/5/0/0/0,15577:1747647661840:,1747647680646
counter/5/0/0/0,15578:1747647661840:,1747647680646
counter/5/0/0/0,15579:1747647661840:,1747647680646
counter/1/0/0/0,16727:1747647663359:,1747647680646
counter/5/0/0/0,15580:1747647661840:,1747647680646
counter/1/0/0/0,16728:1747647663359:,1747647680646
counter/5/0/0/0,15581:1747647661840:,1747647680646
counter/1/0/0/0,16729:1747647663359:,1747647680646
counter/5/0/0/0,15582:1747647661840:,1747647680646
counter/1/0/0/0,16730:1747647663359:,1747647680646
counter/9/0/0/0,16290:1747647662392:,1747647680646
counter/5/0/0/0,15583:1747647661840:,1747647680646
counter/1/0/0/0,16731:1747647663361:,1747647680646
counter/5/0/0/0,15584:1747647661840:,1747647680646
counter/1/0/0/0,16732:1747647663371:,1747647680646
counter/3/0/0/0,16948:1747647663798:,1747647680646
counter/5/0/0/0,15585:1747647661840:,1747647680646
counter/6/0/0/0,15293:1747647662534:,1747647680646
counter/5/0/0/0,15586:1747647661840:,1747647680646
counter/2/0/0/0,15387:1747647661664:,1747647680646
counter/1/0/0/0,16733:1747647663373:,1747647680646
counter/5/0/0/0,15587:1747647661840:,1747647680646
counter/2/0/0/0,15388:1747647661664:,1747647680646
counter/5/0/0/0,15588:1747647661840:,1747647680646
counter/2/0/0/0,15389:1747647661664:,1747647680646
counter/5/0/0/0,15589:1747647661840:,1747647680646
counter/9/0/0/0,16291:1747647662392:,1747647680646
counter/10/0/0/0,14594:1747647661426:,1747647680646
counter/5/0/0/0,15590:1747647661840:,1747647680646
counter/9/0/0/0,16292:1747647662392:,1747647680646
counter/9/0/0/0,16293:1747647662392:,1747647680646
counter/9/0/0/0,16294:1747647662392:,1747647680646
counter/9/0/0/0,16295:1747647662392:,1747647680646
counter/9/0/0/0,16296:1747647662392:,1747647680646
counter/9/0/0/0,16297:1747647662392:,1747647680647
counter/9/0/0/0,16298:1747647662392:,1747647680647
counter/9/0/0/0,16299:1747647662392:,1747647680647
counter/9/0/0/0,16300:1747647662392:,1747647680647
counter/9/0/0/0,16301:1747647662392:,1747647680647
counter/3/0/0/0,16949:1747647663798:,1747647680647
counter/9/0/0/0,16302:1747647662392:,1747647680647
counter/3/0/0/0,16950:1747647663798:,1747647680647
counter/7/0/0/0,15366:1747647661826:,1747647680647
counter/9/0/0/0,16303:1747647662392:,1747647680647
counter/6/0/0/0,15294:1747647662534:,1747647680647
counter/5/0/0/0,15591:1747647661840:,1747647680647
counter/5/0/0/0,15592:1747647661840:,1747647680647
counter/5/0/0/0,15593:1747647661840:,1747647680647
counter/5/0/0/0,15594:1747647661840:,1747647680647
counter/5/0/0/0,15595:1747647661841:,1747647680647
counter/5/0/0/0,15596:1747647661841:,1747647680647
counter/5/0/0/0,15597:1747647661841:,1747647680647
counter/3/0/0/0,16951:1747647663798:,1747647680647
counter/5/0/0/0,15598:1747647661841:,1747647680647
counter/1/0/0/0,16734:1747647663373:,1747647680647
counter/5/0/0/0,15599:1747647661841:,1747647680647
counter/3/0/0/0,16952:1747647663798:,1747647680647
counter/4/0/0/0,15807:1747647663453:,1747647680647
counter/2/0/0/0,15390:1747647661664:,1747647680647
counter/7/0/0/0,15367:1747647661826:,1747647680647
counter/2/0/0/0,15391:1747647661664:,1747647680647
counter/2/0/0/0,15392:1747647661664:,1747647680647
counter/2/0/0/0,15393:1747647661664:,1747647680647
counter/2/0/0/0,15394:1747647661664:,1747647680647
counter/2/0/0/0,15395:1747647661664:,1747647680647
counter/2/0/0/0,15396:1747647661674:,1747647680647
counter/2/0/0/0,15397:1747647661674:,1747647680647
counter/2/0/0/0,15398:1747647661674:,1747647680647
counter/2/0/0/0,15399:1747647661674:,1747647680647
counter/2/0/0/0,15400:1747647661674:,1747647680647
counter/1/0/0/0,16735:1747647663373:,1747647680647
counter/2/0/0/0,15401:1747647661674:,1747647680647
counter/2/0/0/0,15402:1747647661674:,1747647680647
counter/3/0/0/0,16953:1747647663798:,1747647680648
counter/2/0/0/0,15403:1747647661674:,1747647680648
counter/4/0/0/0,15808:1747647663455:,1747647680648
counter/5/0/0/0,15600:1747647661841:,1747647680648
counter/3/0/0/0,16954:1747647663798:,1747647680648
counter/6/0/0/0,15295:1747647662539:,1747647680648
counter/8/0/0/0,15768:1747647661600:,1747647680648
counter/2/0/0/0,15404:1747647661674:,1747647680648
counter/10/0/0/0,14595:1747647661426:,1747647680648
counter/9/0/0/0,16304:1747647662393:,1747647680648
counter/1/0/0/0,16736:1747647663373:,1747647680648
counter/1/0/0/0,16737:1747647663376:,1747647680648
counter/1/0/0/0,16738:1747647663376:,1747647680648
counter/1/0/0/0,16739:1747647663376:,1747647680648
counter/6/0/0/0,15296:1747647662539:,1747647680648
counter/3/0/0/0,16955:1747647663798:,1747647680648
counter/8/0/0/0,15769:1747647661600:,1747647680648
counter/3/0/0/0,16956:1747647663834:,1747647680648
counter/10/0/0/0,14596:1747647661426:,1747647680648
counter/9/0/0/0,16305:1747647662393:,1747647680648
counter/7/0/0/0,15368:1747647661826:,1747647680648
counter/1/0/0/0,16740:1747647663376:,1747647680648
counter/5/0/0/0,15601:1747647661841:,1747647680648
counter/4/0/0/0,15809:1747647663462:,1747647680648
counter/6/0/0/0,15297:1747647662539:,1747647680648
counter/2/0/0/0,15405:1747647661674:,1747647680648
counter/8/0/0/0,15770:1747647661600:,1747647680648
counter/8/0/0/0,15771:1747647661600:,1747647680648
counter/8/0/0/0,15772:1747647661601:,1747647680648
counter/9/0/0/0,16306:1747647662393:,1747647680648
counter/7/0/0/0,15369:1747647661826:,1747647680648
counter/1/0/0/0,16741:1747647663376:,1747647680648
counter/5/0/0/0,15602:1747647661841:,1747647680648
counter/4/0/0/0,15810:1747647663462:,1747647680648
counter/6/0/0/0,15298:1747647662539:,1747647680648
counter/2/0/0/0,15406:1747647661675:,1747647680648
counter/2/0/0/0,15407:1747647661675:,1747647680648
counter/8/0/0/0,15773:1747647661601:,1747647680648
counter/8/0/0/0,15774:1747647661601:,1747647680648
counter/9/0/0/0,16307:1747647662393:,1747647680649
counter/7/0/0/0,15370:1747647661826:,1747647680649
counter/1/0/0/0,16742:1747647663376:,1747647680649
counter/5/0/0/0,15603:1747647661841:,1747647680649
counter/4/0/0/0,15811:1747647663462:,1747647680649
counter/6/0/0/0,15299:1747647662539:,1747647680649
counter/3/0/0/0,16957:1747647663834:,1747647680649
counter/2/0/0/0,15408:1747647661675:,1747647680649
counter/8/0/0/0,15775:1747647661601:,1747647680649
counter/8/0/0/0,15776:1747647661605:,1747647680649
counter/8/0/0/0,15777:1747647661605:,1747647680649
counter/8/0/0/0,15778:1747647661605:,1747647680649
counter/7/0/0/0,15371:1747647661826:,1747647680649
counter/5/0/0/0,15604:1747647661841:,1747647680649
counter/4/0/0/0,15812:1747647663462:,1747647680649
counter/4/0/0/0,15813:1747647663462:,1747647680649
counter/4/0/0/0,15814:1747647663462:,1747647680649
counter/2/0/0/0,15409:1747647661675:,1747647680649
counter/2/0/0/0,15410:1747647661681:,1747647680649
counter/2/0/0/0,15411:1747647661681:,1747647680649
counter/2/0/0/0,15412:1747647661681:,1747647680649
counter/2/0/0/0,15413:1747647661681:,1747647680649
counter/2/0/0/0,15414:1747647661681:,1747647680649
counter/2/0/0/0,15415:1747647661681:,1747647680649
counter/2/0/0/0,15416:1747647661681:,1747647680649
counter/1/0/0/0,16743:1747647663376:,1747647680649
counter/2/0/0/0,15417:1747647661681:,1747647680649
counter/2/0/0/0,15418:1747647661681:,1747647680649
counter/3/0/0/0,16958:1747647663834:,1747647680649
counter/8/0/0/0,15779:1747647661605:,1747647680649
counter/3/0/0/0,16959:1747647663834:,1747647680649
counter/7/0/0/0,15372:1747647661826:,1747647680649
counter/7/0/0/0,15373:1747647661826:,1747647680649
counter/4/0/0/0,15815:1747647663462:,1747647680649
counter/4/0/0/0,15816:1747647663463:,1747647680649
counter/4/0/0/0,15817:1747647663477:,1747647680649
counter/4/0/0/0,15818:1747647663477:,1747647680650
counter/4/0/0/0,15819:1747647663477:,1747647680650
counter/4/0/0/0,15820:1747647663477:,1747647680650
counter/4/0/0/0,15821:1747647663479:,1747647680650
counter/4/0/0/0,15822:1747647663479:,1747647680650
counter/4/0/0/0,15823:1747647663479:,1747647680650
counter/3/0/0/0,16960:1747647663834:,1747647680650
counter/4/0/0/0,15824:1747647663479:,1747647680650
counter/9/0/0/0,16308:1747647662393:,1747647680650
counter/9/0/0/0,16309:1747647662393:,1747647680650
counter/10/0/0/0,14597:1747647661426:,1747647680650
counter/8/0/0/0,15780:1747647661605:,1747647680650
counter/7/0/0/0,15374:1747647661826:,1747647680650
counter/5/0/0/0,15605:1747647661841:,1747647680650
counter/4/0/0/0,15825:1747647663479:,1747647680650
counter/2/0/0/0,15419:1747647661681:,1747647680650
counter/1/0/0/0,16744:1747647663376:,1747647680650
counter/1/0/0/0,16745:1747647663376:,1747647680650
counter/1/0/0/0,16746:1747647663376:,1747647680650
counter/1/0/0/0,16747:1747647663376:,1747647680650
counter/1/0/0/0,16748:1747647663376:,1747647680650
counter/1/0/0/0,16749:1747647663376:,1747647680650
counter/1/0/0/0,16750:1747647663376:,1747647680650
counter/1/0/0/0,16751:1747647663376:,1747647680650
counter/1/0/0/0,16752:1747647663376:,1747647680650
counter/3/0/0/0,16961:1747647663834:,1747647680650
counter/1/0/0/0,16753:1747647663376:,1747647680650
counter/8/0/0/0,15781:1747647661605:,1747647680650
counter/1/0/0/0,16754:1747647663377:,1747647680650
counter/3/0/0/0,16962:1747647663834:,1747647680650
counter/6/0/0/0,15300:1747647662539:,1747647680650
counter/6/0/0/0,15301:1747647662539:,1747647680650
counter/6/0/0/0,15302:1747647662539:,1747647680650
counter/6/0/0/0,15303:1747647662539:,1747647680650
counter/6/0/0/0,15304:1747647662539:,1747647680650
counter/6/0/0/0,15305:1747647662539:,1747647680650
counter/6/0/0/0,15306:1747647662539:,1747647680650
counter/6/0/0/0,15307:1747647662539:,1747647680650
counter/6/0/0/0,15308:1747647662539:,1747647680651
counter/6/0/0/0,15309:1747647662539:,1747647680651
counter/6/0/0/0,15310:1747647662539:,1747647680651
counter/6/0/0/0,15311:1747647662540:,1747647680651
counter/6/0/0/0,15312:1747647662540:,1747647680651
counter/5/0/0/0,15606:1747647661841:,1747647680651
counter/6/0/0/0,15313:1747647662540:,1747647680651
counter/2/0/0/0,15420:1747647661681:,1747647680651
counter/6/0/0/0,15314:1747647662546:,1747647680651
counter/2/0/0/0,15421:1747647661681:,1747647680651
counter/6/0/0/0,15315:1747647662546:,1747647680651
counter/2/0/0/0,15422:1747647661681:,1747647680651
counter/6/0/0/0,15316:1747647662546:,1747647680651
counter/2/0/0/0,15423:1747647661681:,1747647680651
counter/6/0/0/0,15317:1747647662546:,1747647680651
counter/2/0/0/0,15424:1747647661681:,1747647680651
counter/2/0/0/0,15425:1747647661681:,1747647680651
counter/2/0/0/0,15426:1747647661681:,1747647680651
counter/2/0/0/0,15427:1747647661681:,1747647680651
counter/2/0/0/0,15428:1747647661707:,1747647680651
counter/2/0/0/0,15429:1747647661725:,1747647680651
counter/2/0/0/0,15430:1747647661725:,1747647680651
counter/2/0/0/0,15431:1747647661725:,1747647680651
counter/2/0/0/0,15432:1747647661725:,1747647680651
counter/2/0/0/0,15433:1747647661725:,1747647680651
counter/2/0/0/0,15434:1747647661725:,1747647680651
counter/2/0/0/0,15435:1747647661741:,1747647680651
counter/2/0/0/0,15436:1747647661741:,1747647680651
counter/2/0/0/0,15437:1747647661744:,1747647680651
counter/3/0/0/0,16963:1747647663834:,1747647680651
counter/5/0/0/0,15607:1747647661841:,1747647680651
counter/2/0/0/0,15438:1747647661744:,1747647680651
counter/4/0/0/0,15826:1747647663479:,1747647680651
counter/2/0/0/0,15439:1747647661744:,1747647680651
counter/4/0/0/0,15827:1747647663479:,1747647680651
counter/2/0/0/0,15440:1747647661744:,1747647680651
counter/4/0/0/0,15828:1747647663479:,1747647680651
counter/2/0/0/0,15441:1747647661744:,1747647680651
counter/4/0/0/0,15829:1747647663482:,1747647680652
counter/2/0/0/0,15442:1747647661744:,1747647680652
counter/4/0/0/0,15830:1747647663482:,1747647680652
counter/2/0/0/0,15443:1747647661744:,1747647680652
counter/4/0/0/0,15831:1747647663482:,1747647680652
counter/8/0/0/0,15782:1747647661605:,1747647680652
counter/2/0/0/0,15444:1747647661749:,1747647680652
counter/8/0/0/0,15783:1747647661605:,1747647680652
counter/2/0/0/0,15445:1747647661749:,1747647680652
counter/8/0/0/0,15784:1747647661605:,1747647680652
counter/2/0/0/0,15446:1747647661749:,1747647680652
counter/8/0/0/0,15785:1747647661605:,1747647680652
counter/2/0/0/0,15447:1747647661749:,1747647680652
counter/8/0/0/0,15786:1747647661605:,1747647680652
counter/8/0/0/0,15787:1747647661605:,1747647680652
counter/9/0/0/0,16310:1747647662393:,1747647680652
counter/6/0/0/0,15318:1747647662546:,1747647680652
counter/8/0/0/0,15788:1747647661605:,1747647680652
counter/9/0/0/0,16311:1747647662393:,1747647680652
counter/1/0/0/0,16755:1747647663382:,1747647680652
counter/7/0/0/0,15375:1747647661826:,1747647680652
counter/8/0/0/0,15789:1747647661605:,1747647680652
counter/8/0/0/0,15790:1747647661605:,1747647680652
counter/8/0/0/0,15791:1747647661605:,1747647680652
counter/9/0/0/0,16312:1747647662393:,1747647680652
counter/8/0/0/0,15792:1747647661606:,1747647680652
counter/9/0/0/0,16313:1747647662393:,1747647680652
counter/8/0/0/0,15793:1747647661606:,1747647680652
counter/9/0/0/0,16314:1747647662393:,1747647680652
counter/8/0/0/0,15794:1747647661606:,1747647680652
counter/9/0/0/0,16315:1747647662393:,1747647680652
counter/4/0/0/0,15832:1747647663482:,1747647680652
counter/8/0/0/0,15795:1747647661606:,1747647680652
counter/9/0/0/0,16316:1747647662393:,1747647680652
counter/8/0/0/0,15796:1747647661606:,1747647680652
counter/8/0/0/0,15797:1747647661606:,1747647680653
counter/8/0/0/0,15798:1747647661606:,1747647680653
counter/8/0/0/0,15799:1747647661606:,1747647680653
counter/8/0/0/0,15800:1747647661606:,1747647680653
counter/8/0/0/0,15801:1747647661606:,1747647680653
counter/8/0/0/0,15802:1747647661606:,1747647680653
counter/3/0/0/0,16964:1747647663835:,1747647680653
counter/8/0/0/0,15803:1747647661606:,1747647680653
counter/7/0/0/0,15376:1747647661826:,1747647680653
counter/9/0/0/0,16317:1747647662393:,1747647680653
counter/8/0/0/0,15804:1747647661606:,1747647680653
counter/9/0/0/0,16318:1747647662393:,1747647680653
counter/8/0/0/0,15805:1747647661606:,1747647680653
counter/9/0/0/0,16319:1747647662393:,1747647680653
counter/8/0/0/0,15806:1747647661606:,1747647680653
counter/9/0/0/0,16320:1747647662393:,1747647680653
counter/8/0/0/0,15807:1747647661607:,1747647680653
counter/9/0/0/0,16321:1747647662393:,1747647680653
counter/9/0/0/0,16322:1747647662393:,1747647680653
counter/9/0/0/0,16323:1747647662393:,1747647680653
counter/9/0/0/0,16324:1747647662393:,1747647680653
counter/9/0/0/0,16325:1747647662393:,1747647680653
counter/9/0/0/0,16326:1747647662393:,1747647680653
counter/9/0/0/0,16327:1747647662393:,1747647680653
counter/9/0/0/0,16328:1747647662393:,1747647680653
counter/9/0/0/0,16329:1747647662393:,1747647680653
counter/9/0/0/0,16330:1747647662394:,1747647680653
counter/9/0/0/0,16331:1747647662394:,1747647680653
counter/9/0/0/0,16332:1747647662394:,1747647680653
counter/9/0/0/0,16333:1747647662394:,1747647680653
counter/4/0/0/0,15833:1747647663482:,1747647680653
counter/9/0/0/0,16334:1747647662394:,1747647680653
counter/8/0/0/0,15808:1747647661607:,1747647680653
counter/9/0/0/0,16335:1747647662394:,1747647680653
counter/6/0/0/0,15319:1747647662546:,1747647680653
counter/1/0/0/0,16756:1747647663382:,1747647680653
counter/9/0/0/0,16336:1747647662394:,1747647680653
counter/10/0/0/0,14598:1747647661426:,1747647680653
counter/9/0/0/0,16337:1747647662394:,1747647680654
counter/3/0/0/0,16965:1747647663835:,1747647680654
counter/5/0/0/0,15608:1747647661841:,1747647680654
counter/9/0/0/0,16338:1747647662394:,1747647680654
counter/3/0/0/0,16966:1747647663835:,1747647680654
counter/9/0/0/0,16339:1747647662394:,1747647680654
counter/3/0/0/0,16967:1747647663835:,1747647680654
counter/9/0/0/0,16340:1747647662394:,1747647680654
counter/3/0/0/0,16968:1747647663835:,1747647680654
counter/9/0/0/0,16341:1747647662394:,1747647680654
counter/3/0/0/0,16969:1747647663835:,1747647680654
counter/9/0/0/0,16342:1747647662394:,1747647680654
counter/3/0/0/0,16970:1747647663835:,1747647680654
counter/3/0/0/0,16971:1747647663835:,1747647680654
counter/3/0/0/0,16972:1747647663835:,1747647680654
counter/3/0/0/0,16973:1747647663835:,1747647680654
counter/3/0/0/0,16974:1747647663835:,1747647680654
counter/3/0/0/0,16975:1747647663835:,1747647680654
counter/3/0/0/0,16976:1747647663835:,1747647680654
counter/8/0/0/0,15809:1747647661607:,1747647680654
counter/3/0/0/0,16977:1747647663835:,1747647680654
counter/6/0/0/0,15320:1747647662546:,1747647680654
counter/1/0/0/0,16757:1747647663382:,1747647680654
counter/3/0/0/0,16978:1747647663835:,1747647680654
counter/10/0/0/0,14599:1747647661426:,1747647680654
counter/10/0/0/0,14600:1747647661426:,1747647680654
counter/10/0/0/0,14601:1747647661426:,1747647680654
counter/2/0/0/0,15448:1747647661749:,1747647680654
counter/4/0/0/0,15834:1747647663482:,1747647680654
counter/10/0/0/0,14602:1747647661426:,1747647680654
counter/2/0/0/0,15449:1747647661749:,1747647680654
counter/2/0/0/0,15450:1747647661749:,1747647680654
counter/2/0/0/0,15451:1747647661749:,1747647680654
counter/2/0/0/0,15452:1747647661749:,1747647680654
counter/2/0/0/0,15453:1747647661749:,1747647680654
counter/2/0/0/0,15454:1747647661749:,1747647680655
counter/2/0/0/0,15455:1747647661749:,1747647680655
counter/2/0/0/0,15456:1747647661749:,1747647680655
counter/2/0/0/0,15457:1747647661749:,1747647680655
counter/2/0/0/0,15458:1747647661753:,1747647680655
counter/2/0/0/0,15459:1747647661753:,1747647680655
counter/2/0/0/0,15460:1747647661753:,1747647680655
counter/2/0/0/0,15461:1747647661754:,1747647680655
counter/2/0/0/0,15462:1747647661754:,1747647680655
counter/2/0/0/0,15463:1747647661754:,1747647680655
counter/2/0/0/0,15464:1747647661754:,1747647680655
counter/2/0/0/0,15465:1747647661754:,1747647680655
counter/3/0/0/0,16979:1747647663835:,1747647680655
counter/2/0/0/0,15466:1747647661754:,1747647680655
counter/3/0/0/0,16980:1747647663835:,1747647680655
counter/10/0/0/0,14603:1747647661426:,1747647680655
counter/2/0/0/0,15467:1747647661754:,1747647680655
counter/3/0/0/0,16981:1747647663835:,1747647680655
counter/2/0/0/0,15468:1747647661754:,1747647680655
counter/3/0/0/0,16982:1747647663835:,1747647680655
counter/3/0/0/0,16983:1747647663840:,1747647680655
counter/1/0/0/0,16758:1747647663382:,1747647680655
counter/3/0/0/0,16984:1747647663841:,1747647680655
counter/9/0/0/0,16343:1747647662394:,1747647680655
counter/7/0/0/0,15377:1747647661826:,1747647680655
counter/3/0/0/0,16985:1747647663841:,1747647680655
counter/10/0/0/0,14604:1747647661426:,1747647680655
counter/10/0/0/0,14605:1747647661426:,1747647680655
counter/10/0/0/0,14606:1747647661426:,1747647680655
counter/10/0/0/0,14607:1747647661426:,1747647680655
counter/10/0/0/0,14608:1747647661427:,1747647680655
counter/10/0/0/0,14609:1747647661427:,1747647680655
counter/3/0/0/0,16986:1747647663841:,1747647680655
counter/9/0/0/0,16344:1747647662394:,1747647680655
counter/10/0/0/0,14610:1747647661428:,1747647680655
counter/3/0/0/0,16987:1747647663841:,1747647680655
counter/4/0/0/0,15835:1747647663482:,1747647680655
counter/6/0/0/0,15321:1747647662546:,1747647680655
counter/6/0/0/0,15322:1747647662546:,1747647680656
counter/6/0/0/0,15323:1747647662546:,1747647680656
counter/6/0/0/0,15324:1747647662546:,1747647680656
counter/6/0/0/0,15325:1747647662546:,1747647680656
counter/6/0/0/0,15326:1747647662546:,1747647680656
counter/6/0/0/0,15327:1747647662546:,1747647680656
counter/6/0/0/0,15328:1747647662546:,1747647680656
counter/6/0/0/0,15329:1747647662546:,1747647680656
counter/6/0/0/0,15330:1747647662546:,1747647680656
counter/6/0/0/0,15331:1747647662546:,1747647680656
counter/6/0/0/0,15332:1747647662546:,1747647680656
counter/6/0/0/0,15333:1747647662546:,1747647680656
counter/6/0/0/0,15334:1747647662546:,1747647680656
counter/3/0/0/0,16988:1747647663841:,1747647680656
counter/6/0/0/0,15335:1747647662546:,1747647680656
counter/1/0/0/0,16759:1747647663382:,1747647680656
counter/3/0/0/0,16989:1747647663841:,1747647680656
counter/6/0/0/0,15336:1747647662546:,1747647680656
counter/5/0/0/0,15609:1747647661841:,1747647680656
counter/6/0/0/0,15337:1747647662546:,1747647680656
counter/9/0/0/0,16345:1747647662394:,1747647680656
counter/4/0/0/0,15836:1747647663482:,1747647680656
counter/6/0/0/0,15338:1747647662546:,1747647680656
counter/9/0/0/0,16346:1747647662394:,1747647680656
counter/6/0/0/0,15339:1747647662547:,1747647680656
counter/9/0/0/0,16347:1747647662394:,1747647680656
counter/9/0/0/0,16348:1747647662394:,1747647680656
counter/3/0/0/0,16990:1747647663841:,1747647680656
counter/4/0/0/0,15837:1747647663482:,1747647680656
counter/9/0/0/0,16349:1747647662394:,1747647680656
counter/3/0/0/0,16991:1747647663841:,1747647680656
counter/9/0/0/0,16350:1747647662394:,1747647680656
counter/3/0/0/0,16992:1747647663841:,1747647680656
counter/9/0/0/0,16351:1747647662394:,1747647680656
counter/3/0/0/0,16993:1747647663841:,1747647680656
counter/8/0/0/0,15810:1747647661607:,1747647680656
counter/9/0/0/0,16352:1747647662394:,1747647680656
counter/3/0/0/0,16994:1747647663841:,1747647680656
counter/9/0/0/0,16353:1747647662394:,1747647680656
counter/9/0/0/0,16354:1747647662394:,1747647680657
counter/9/0/0/0,16355:1747647662394:,1747647680657
counter/9/0/0/0,16356:1747647662394:,1747647680657
counter/9/0/0/0,16357:1747647662394:,1747647680657
counter/9/0/0/0,16358:1747647662394:,1747647680657
counter/9/0/0/0,16359:1747647662394:,1747647680657
counter/9/0/0/0,16360:1747647662395:,1747647680657
counter/1/0/0/0,16760:1747647663382:,1747647680657
counter/9/0/0/0,16361:1747647662395:,1747647680657
counter/9/0/0/0,16362:1747647662397:,1747647680657
counter/3/0/0/0,16995:1747647663841:,1747647680657
counter/9/0/0/0,16363:1747647662397:,1747647680657
counter/8/0/0/0,15811:1747647661607:,1747647680657
counter/9/0/0/0,16364:1747647662397:,1747647680657
counter/8/0/0/0,15812:1747647661607:,1747647680657
counter/9/0/0/0,16365:1747647662397:,1747647680657
counter/8/0/0/0,15813:1747647661610:,1747647680657
counter/9/0/0/0,16366:1747647662397:,1747647680657
counter/8/0/0/0,15814:1747647661610:,1747647680657
counter/9/0/0/0,16367:1747647662397:,1747647680657
counter/8/0/0/0,15815:1747647661610:,1747647680657
counter/8/0/0/0,15816:1747647661610:,1747647680657
counter/4/0/0/0,15838:1747647663482:,1747647680657
counter/8/0/0/0,15817:1747647661610:,1747647680657
counter/6/0/0/0,15340:1747647662547:,1747647680657
counter/9/0/0/0,16368:1747647662397:,1747647680657
counter/8/0/0/0,15818:1747647661613:,1747647680657
counter/6/0/0/0,15341:1747647662547:,1747647680657
counter/8/0/0/0,15819:1747647661613:,1747647680657
counter/6/0/0/0,15342:1747647662547:,1747647680657
counter/8/0/0/0,15820:1747647661613:,1747647680657
counter/6/0/0/0,15343:1747647662547:,1747647680657
counter/6/0/0/0,15344:1747647662547:,1747647680657
counter/6/0/0/0,15345:1747647662547:,1747647680657
counter/6/0/0/0,15346:1747647662547:,1747647680658
counter/6/0/0/0,15347:1747647662549:,1747647680658
counter/6/0/0/0,15348:1747647662549:,1747647680658
counter/6/0/0/0,15349:1747647662549:,1747647680658
counter/6/0/0/0,15350:1747647662549:,1747647680658
counter/6/0/0/0,15351:1747647662549:,1747647680658
counter/6/0/0/0,15352:1747647662549:,1747647680658
counter/6/0/0/0,15353:1747647662549:,1747647680658
counter/6/0/0/0,15354:1747647662555:,1747647680658
counter/6/0/0/0,15355:1747647662555:,1747647680658
counter/6/0/0/0,15356:1747647662555:,1747647680658
counter/6/0/0/0,15357:1747647662555:,1747647680658
counter/6/0/0/0,15358:1747647662555:,1747647680658
counter/6/0/0/0,15359:1747647662555:,1747647680658
counter/6/0/0/0,15360:1747647662568:,1747647680658
counter/6/0/0/0,15361:1747647662568:,1747647680658
counter/6/0/0/0,15362:1747647662568:,1747647680658
counter/6/0/0/0,15363:1747647662568:,1747647680658
counter/6/0/0/0,15364:1747647662568:,1747647680658
counter/6/0/0/0,15365:1747647662568:,1747647680658
counter/6/0/0/0,15366:1747647662568:,1747647680658
counter/6/0/0/0,15367:1747647662568:,1747647680658
counter/6/0/0/0,15368:1747647662568:,1747647680658
counter/6/0/0/0,15369:1747647662568:,1747647680658
counter/6/0/0/0,15370:1747647662568:,1747647680658
counter/6/0/0/0,15371:1747647662568:,1747647680658
counter/6/0/0/0,15372:1747647662568:,1747647680658
counter/6/0/0/0,15373:1747647662568:,1747647680658
counter/6/0/0/0,15374:1747647662568:,1747647680658
counter/6/0/0/0,15375:1747647662568:,1747647680658
counter/6/0/0/0,15376:1747647662568:,1747647680658
counter/6/0/0/0,15377:1747647662568:,1747647680658
counter/6/0/0/0,15378:1747647662576:,1747647680658
counter/6/0/0/0,15379:1747647662576:,1747647680658
counter/8/0/0/0,15821:1747647661613:,1747647680658
counter/6/0/0/0,15380:1747647662576:,1747647680658
counter/3/0/0/0,16996:1747647663841:,1747647680658
counter/6/0/0/0,15381:1747647662576:,1747647680658
counter/5/0/0/0,15610:1747647661841:,1747647680658
counter/4/0/0/0,15839:1747647663482:,1747647680659
counter/6/0/0/0,15382:1747647662576:,1747647680659
counter/10/0/0/0,14611:1747647661428:,1747647680659
counter/9/0/0/0,16369:1747647662397:,1747647680659
counter/6/0/0/0,15383:1747647662576:,1747647680659
counter/9/0/0/0,16370:1747647662397:,1747647680659
counter/6/0/0/0,15384:1747647662576:,1747647680659
counter/9/0/0/0,16371:1747647662397:,1747647680659
counter/6/0/0/0,15385:1747647662576:,1747647680659
counter/9/0/0/0,16372:1747647662397:,1747647680659
counter/3/0/0/0,16997:1747647663841:,1747647680659
counter/6/0/0/0,15386:1747647662576:,1747647680659
counter/9/0/0/0,16373:1747647662397:,1747647680659
counter/5/0/0/0,15611:1747647661841:,1747647680659
counter/4/0/0/0,15840:1747647663495:,1747647680659
counter/10/0/0/0,14612:1747647661428:,1747647680659
counter/6/0/0/0,15387:1747647662576:,1747647680659
counter/9/0/0/0,16374:1747647662397:,1747647680659
counter/1/0/0/0,16761:1747647663382:,1747647680659
counter/8/0/0/0,15822:1747647661613:,1747647680659
counter/7/0/0/0,15378:1747647661826:,1747647680659
counter/6/0/0/0,15388:1747647662576:,1747647680659
counter/9/0/0/0,16375:1747647662397:,1747647680659
counter/6/0/0/0,15389:1747647662576:,1747647680659
counter/9/0/0/0,16376:1747647662397:,1747647680659
counter/6/0/0/0,15390:1747647662576:,1747647680659
counter/9/0/0/0,16377:1747647662397:,1747647680659
counter/6/0/0/0,15391:1747647662576:,1747647680659
counter/9/0/0/0,16378:1747647662397:,1747647680659
counter/9/0/0/0,16379:1747647662397:,1747647680659
counter/9/0/0/0,16380:1747647662397:,1747647680659
counter/9/0/0/0,16381:1747647662400:,1747647680659
counter/9/0/0/0,16382:1747647662400:,1747647680659
counter/9/0/0/0,16383:1747647662400:,1747647680659
counter/9/0/0/0,16384:1747647662400:,1747647680659
counter/9/0/0/0,16385:1747647662400:,1747647680659
counter/9/0/0/0,16386:1747647662400:,1747647680659
counter/9/0/0/0,16387:1747647662400:,1747647680659
counter/9/0/0/0,16388:1747647662400:,1747647680660
counter/9/0/0/0,16389:1747647662400:,1747647680660
counter/9/0/0/0,16390:1747647662400:,1747647680660
counter/1/0/0/0,16762:1747647663383:,1747647680660
counter/9/0/0/0,16391:1747647662400:,1747647680660
counter/10/0/0/0,14613:1747647661428:,1747647680660
counter/9/0/0/0,16392:1747647662400:,1747647680660
counter/6/0/0/0,15392:1747647662595:,1747647680660
counter/8/0/0/0,15823:1747647661613:,1747647680660
counter/9/0/0/0,16393:1747647662400:,1747647680660
counter/8/0/0/0,15824:1747647661614:,1747647680660
counter/9/0/0/0,16394:1747647662400:,1747647680660
counter/8/0/0/0,15825:1747647661614:,1747647680660
counter/9/0/0/0,16395:1747647662400:,1747647680660
counter/8/0/0/0,15826:1747647661614:,1747647680660
counter/9/0/0/0,16396:1747647662401:,1747647680660
counter/8/0/0/0,15827:1747647661614:,1747647680660
counter/9/0/0/0,16397:1747647662401:,1747647680660
counter/8/0/0/0,15828:1747647661614:,1747647680660
counter/9/0/0/0,16398:1747647662401:,1747647680660
counter/8/0/0/0,15829:1747647661614:,1747647680660
counter/9/0/0/0,16399:1747647662401:,1747647680660
counter/8/0/0/0,15830:1747647661614:,1747647680660
counter/9/0/0/0,16400:1747647662401:,1747647680660
counter/8/0/0/0,15831:1747647661617:,1747647680660
counter/9/0/0/0,16401:1747647662401:,1747647680660
counter/8/0/0/0,15832:1747647661624:,1747647680660
counter/9/0/0/0,16402:1747647662401:,1747647680660
counter/8/0/0/0,15833:1747647661636:,1747647680660
counter/9/0/0/0,16403:1747647662411:,1747647680660
counter/8/0/0/0,15834:1747647661636:,1747647680660
counter/9/0/0/0,16404:1747647662411:,1747647680660
counter/8/0/0/0,15835:1747647661636:,1747647680660
counter/8/0/0/0,15836:1747647661636:,1747647680660
counter/8/0/0/0,15837:1747647661636:,1747647680660
counter/8/0/0/0,15838:1747647661636:,1747647680660
counter/8/0/0/0,15839:1747647661636:,1747647680661
counter/8/0/0/0,15840:1747647661636:,1747647680661
counter/8/0/0/0,15841:1747647661636:,1747647680661
counter/8/0/0/0,15842:1747647661636:,1747647680661
counter/8/0/0/0,15843:1747647661636:,1747647680661
counter/8/0/0/0,15844:1747647661636:,1747647680661
counter/8/0/0/0,15845:1747647661636:,1747647680661
counter/8/0/0/0,15846:1747647661636:,1747647680661
counter/8/0/0/0,15847:1747647661636:,1747647680661
counter/8/0/0/0,15848:1747647661636:,1747647680661
counter/8/0/0/0,15849:1747647661636:,1747647680661
counter/8/0/0/0,15850:1747647661636:,1747647680661
counter/8/0/0/0,15851:1747647661636:,1747647680661
counter/8/0/0/0,15852:1747647661636:,1747647680661
counter/8/0/0/0,15853:1747647661636:,1747647680661
counter/8/0/0/0,15854:1747647661636:,1747647680661
counter/8/0/0/0,15855:1747647661636:,1747647680661
counter/8/0/0/0,15856:1747647661637:,1747647680661
counter/8/0/0/0,15857:1747647661648:,1747647680661
counter/8/0/0/0,15858:1747647661648:,1747647680661
counter/8/0/0/0,15859:1747647661648:,1747647680661
counter/8/0/0/0,15860:1747647661648:,1747647680661
counter/8/0/0/0,15861:1747647661651:,1747647680661
counter/8/0/0/0,15862:1747647661651:,1747647680661
counter/8/0/0/0,15863:1747647661651:,1747647680661
counter/8/0/0/0,15864:1747647661651:,1747647680661
counter/8/0/0/0,15865:1747647661651:,1747647680661
counter/8/0/0/0,15866:1747647661651:,1747647680661
counter/8/0/0/0,15867:1747647661651:,1747647680661
counter/8/0/0/0,15868:1747647661651:,1747647680661
counter/8/0/0/0,15869:1747647661651:,1747647680661
counter/8/0/0/0,15870:1747647661651:,1747647680661
counter/8/0/0/0,15871:1747647661653:,1747647680661
counter/8/0/0/0,15872:1747647661653:,1747647680661
counter/8/0/0/0,15873:1747647661653:,1747647680661
counter/8/0/0/0,15874:1747647661653:,1747647680661
counter/8/0/0/0,15875:1747647661653:,1747647680661
counter/8/0/0/0,15876:1747647661653:,1747647680661
counter/8/0/0/0,15877:1747647661660:,1747647680662
counter/8/0/0/0,15878:1747647661660:,1747647680662
counter/8/0/0/0,15879:1747647661660:,1747647680662
counter/8/0/0/0,15880:1747647661660:,1747647680662
counter/8/0/0/0,15881:1747647661660:,1747647680662
counter/8/0/0/0,15882:1747647661660:,1747647680662
counter/8/0/0/0,15883:1747647661660:,1747647680662
counter/8/0/0/0,15884:1747647661660:,1747647680662
counter/8/0/0/0,15885:1747647661660:,1747647680662
counter/8/0/0/0,15886:1747647661660:,1747647680662
counter/8/0/0/0,15887:1747647661660:,1747647680662
counter/8/0/0/0,15888:1747647661660:,1747647680662
counter/8/0/0/0,15889:1747647661660:,1747647680662
counter/8/0/0/0,15890:1747647661662:,1747647680662
counter/8/0/0/0,15891:1747647661662:,1747647680662
counter/8/0/0/0,15892:1747647661662:,1747647680662
counter/8/0/0/0,15893:1747647661662:,1747647680662
counter/8/0/0/0,15894:1747647661662:,1747647680662
counter/1/0/0/0,16763:1747647663383:,1747647680662
counter/8/0/0/0,15895:1747647661672:,1747647680662
counter/6/0/0/0,15393:1747647662604:,1747647680662
counter/3/0/0/0,16998:1747647663841:,1747647680662
counter/8/0/0/0,15896:1747647661672:,1747647680662
counter/7/0/0/0,15379:1747647661826:,1747647680662
counter/4/0/0/0,15841:1747647663495:,1747647680662
counter/8/0/0/0,15897:1747647661672:,1747647680662
counter/9/0/0/0,16405:1747647662411:,1747647680662
counter/8/0/0/0,15898:1747647661672:,1747647680662
counter/9/0/0/0,16406:1747647662412:,1747647680662
counter/8/0/0/0,15899:1747647661672:,1747647680662
counter/9/0/0/0,16407:1747647662412:,1747647680662
counter/1/0/0/0,16764:1747647663383:,1747647680662
counter/8/0/0/0,15900:1747647661672:,1747647680662
counter/9/0/0/0,16408:1747647662412:,1747647680662
counter/6/0/0/0,15394:1747647662604:,1747647680662
counter/3/0/0/0,16999:1747647663841:,1747647680663
counter/8/0/0/0,15901:1747647661672:,1747647680663
counter/9/0/0/0,16409:1747647662412:,1747647680663
counter/7/0/0/0,15380:1747647661826:,1747647680663
counter/4/0/0/0,15842:1747647663505:,1747647680663
counter/8/0/0/0,15902:1747647661672:,1747647680663
counter/8/0/0/0,15903:1747647661672:,1747647680663
counter/8/0/0/0,15904:1747647661672:,1747647680663
counter/8/0/0/0,15905:1747647661679:,1747647680663
counter/8/0/0/0,15906:1747647661679:,1747647680663
counter/8/0/0/0,15907:1747647661679:,1747647680663
counter/8/0/0/0,15908:1747647661679:,1747647680663
counter/8/0/0/0,15909:1747647661687:,1747647680663
counter/8/0/0/0,15910:1747647661687:,1747647680663
counter/8/0/0/0,15911:1747647661687:,1747647680663
counter/8/0/0/0,15912:1747647661687:,1747647680663
counter/8/0/0/0,15913:1747647661687:,1747647680663
counter/8/0/0/0,15914:1747647661687:,1747647680663
counter/8/0/0/0,15915:1747647661687:,1747647680663
counter/8/0/0/0,15916:1747647661687:,1747647680663
counter/8/0/0/0,15917:1747647661687:,1747647680663
counter/8/0/0/0,15918:1747647661687:,1747647680663
counter/8/0/0/0,15919:1747647661687:,1747647680663
counter/8/0/0/0,15920:1747647661687:,1747647680663
counter/8/0/0/0,15921:1747647661687:,1747647680663
counter/8/0/0/0,15922:1747647661687:,1747647680663
counter/8/0/0/0,15923:1747647661687:,1747647680663
counter/8/0/0/0,15924:1747647661687:,1747647680663
counter/8/0/0/0,15925:1747647661687:,1747647680663
counter/8/0/0/0,15926:1747647661687:,1747647680663
counter/8/0/0/0,15927:1747647661687:,1747647680663
counter/8/0/0/0,15928:1747647661687:,1747647680663
counter/8/0/0/0,15929:1747647661687:,1747647680663
counter/8/0/0/0,15930:1747647661688:,1747647680663
counter/8/0/0/0,15931:1747647661688:,1747647680663
counter/8/0/0/0,15932:1747647661688:,1747647680663
counter/8/0/0/0,15933:1747647661689:,1747647680663
counter/8/0/0/0,15934:1747647661689:,1747647680664
counter/8/0/0/0,15935:1747647661689:,1747647680664
counter/8/0/0/0,15936:1747647661689:,1747647680664
counter/8/0/0/0,15937:1747647661689:,1747647680664
counter/8/0/0/0,15938:1747647661690:,1747647680664
counter/8/0/0/0,15939:1747647661692:,1747647680664
counter/8/0/0/0,15940:1747647661692:,1747647680664
counter/8/0/0/0,15941:1747647661692:,1747647680664
counter/8/0/0/0,15942:1747647661692:,1747647680664
counter/8/0/0/0,15943:1747647661692:,1747647680664
counter/8/0/0/0,15944:1747647661692:,1747647680664
counter/8/0/0/0,15945:1747647661692:,1747647680664
counter/8/0/0/0,15946:1747647661692:,1747647680664
counter/8/0/0/0,15947:1747647661692:,1747647680664
counter/8/0/0/0,15948:1747647661699:,1747647680664
counter/8/0/0/0,15949:1747647661699:,1747647680664
counter/8/0/0/0,15950:1747647661699:,1747647680664
counter/8/0/0/0,15951:1747647661699:,1747647680664
counter/8/0/0/0,15952:1747647661699:,1747647680664
counter/8/0/0/0,15953:1747647661700:,1747647680664
counter/8/0/0/0,15954:1747647661700:,1747647680664
counter/8/0/0/0,15955:1747647661700:,1747647680664
counter/8/0/0/0,15956:1747647661701:,1747647680664
counter/8/0/0/0,15957:1747647661701:,1747647680664
counter/8/0/0/0,15958:1747647661706:,1747647680664
counter/8/0/0/0,15959:1747647661709:,1747647680664
counter/8/0/0/0,15960:1747647661715:,1747647680664
counter/8/0/0/0,15961:1747647661715:,1747647680664
counter/8/0/0/0,15962:1747647661715:,1747647680664
counter/8/0/0/0,15963:1747647661715:,1747647680664
counter/8/0/0/0,15964:1747647661715:,1747647680664
counter/8/0/0/0,15965:1747647661720:,1747647680664
counter/8/0/0/0,15966:1747647661721:,1747647680664
counter/8/0/0/0,15967:1747647661721:,1747647680664
counter/8/0/0/0,15968:1747647661721:,1747647680664
counter/8/0/0/0,15969:1747647661722:,1747647680664
counter/8/0/0/0,15970:1747647661722:,1747647680664
counter/8/0/0/0,15971:1747647661722:,1747647680664
counter/8/0/0/0,15972:1747647661737:,1747647680665
counter/8/0/0/0,15973:1747647661737:,1747647680665
counter/8/0/0/0,15974:1747647661737:,1747647680665
counter/8/0/0/0,15975:1747647661737:,1747647680665
counter/8/0/0/0,15976:1747647661737:,1747647680665
counter/8/0/0/0,15977:1747647661737:,1747647680665
counter/8/0/0/0,15978:1747647661737:,1747647680665
counter/8/0/0/0,15979:1747647661737:,1747647680665
counter/8/0/0/0,15980:1747647661737:,1747647680665
counter/8/0/0/0,15981:1747647661738:,1747647680665
counter/8/0/0/0,15982:1747647661738:,1747647680665
counter/8/0/0/0,15983:1747647661738:,1747647680665
counter/8/0/0/0,15984:1747647661738:,1747647680665
counter/8/0/0/0,15985:1747647661738:,1747647680665
counter/8/0/0/0,15986:1747647661738:,1747647680665
counter/8/0/0/0,15987:1747647661738:,1747647680665
counter/8/0/0/0,15988:1747647661738:,1747647680665
counter/8/0/0/0,15989:1747647661738:,1747647680665
counter/8/0/0/0,15990:1747647661738:,1747647680665
counter/8/0/0/0,15991:1747647661738:,1747647680665
counter/8/0/0/0,15992:1747647661739:,1747647680665
counter/8/0/0/0,15993:1747647661739:,1747647680665
counter/8/0/0/0,15994:1747647661739:,1747647680665
counter/8/0/0/0,15995:1747647661739:,1747647680665
counter/8/0/0/0,15996:1747647661739:,1747647680665
counter/8/0/0/0,15997:1747647661747:,1747647680665
counter/8/0/0/0,15998:1747647661747:,1747647680665
counter/8/0/0/0,15999:1747647661747:,1747647680665
counter/8/0/0/0,16000:1747647661747:,1747647680665
counter/8/0/0/0,16001:1747647661747:,1747647680665
counter/8/0/0/0,16002:1747647661747:,1747647680665
counter/8/0/0/0,16003:1747647661747:,1747647680665
counter/8/0/0/0,16004:1747647661747:,1747647680665
counter/8/0/0/0,16005:1747647661748:,1747647680665
counter/8/0/0/0,16006:1747647661748:,1747647680665
counter/8/0/0/0,16007:1747647661748:,1747647680665
counter/8/0/0/0,16008:1747647661748:,1747647680666
counter/8/0/0/0,16009:1747647661748:,1747647680666
counter/8/0/0/0,16010:1747647661748:,1747647680666
counter/8/0/0/0,16011:1747647661748:,1747647680666
counter/8/0/0/0,16012:1747647661760:,1747647680666
counter/8/0/0/0,16013:1747647661760:,1747647680666
counter/8/0/0/0,16014:1747647661761:,1747647680666
counter/8/0/0/0,16015:1747647661761:,1747647680666
counter/8/0/0/0,16016:1747647661761:,1747647680666
counter/8/0/0/0,16017:1747647661769:,1747647680666
counter/8/0/0/0,16018:1747647661778:,1747647680666
counter/8/0/0/0,16019:1747647661778:,1747647680666
counter/8/0/0/0,16020:1747647661778:,1747647680666
counter/8/0/0/0,16021:1747647661778:,1747647680666
counter/8/0/0/0,16022:1747647661779:,1747647680666
counter/8/0/0/0,16023:1747647661779:,1747647680666
counter/8/0/0/0,16024:1747647661784:,1747647680666
counter/8/0/0/0,16025:1747647661784:,1747647680666
counter/8/0/0/0,16026:1747647661784:,1747647680666
counter/8/0/0/0,16027:1747647661796:,1747647680666
counter/8/0/0/0,16028:1747647661796:,1747647680666
counter/8/0/0/0,16029:1747647661796:,1747647680666
counter/8/0/0/0,16030:1747647661796:,1747647680666
counter/8/0/0/0,16031:1747647661796:,1747647680666
counter/8/0/0/0,16032:1747647661796:,1747647680666
counter/8/0/0/0,16033:1747647661796:,1747647680666
counter/8/0/0/0,16034:1747647661796:,1747647680666
counter/8/0/0/0,16035:1747647661796:,1747647680666
counter/8/0/0/0,16036:1747647661797:,1747647680666
counter/8/0/0/0,16037:1747647661797:,1747647680666
counter/8/0/0/0,16038:1747647661797:,1747647680666
counter/8/0/0/0,16039:1747647661797:,1747647680666
counter/8/0/0/0,16040:1747647661797:,1747647680666
counter/8/0/0/0,16041:1747647661797:,1747647680666
counter/8/0/0/0,16042:1747647661797:,1747647680666
counter/8/0/0/0,16043:1747647661797:,1747647680666
counter/8/0/0/0,16044:1747647661797:,1747647680666
counter/8/0/0/0,16045:1747647661797:,1747647680667
counter/8/0/0/0,16046:1747647661797:,1747647680667
counter/8/0/0/0,16047:1747647661797:,1747647680667
counter/8/0/0/0,16048:1747647661797:,1747647680667
counter/8/0/0/0,16049:1747647661797:,1747647680667
counter/8/0/0/0,16050:1747647661798:,1747647680667
counter/8/0/0/0,16051:1747647661798:,1747647680667
counter/8/0/0/0,16052:1747647661798:,1747647680667
counter/8/0/0/0,16053:1747647661798:,1747647680667
counter/8/0/0/0,16054:1747647661798:,1747647680667
counter/8/0/0/0,16055:1747647661798:,1747647680667
counter/8/0/0/0,16056:1747647661798:,1747647680667
counter/1/0/0/0,16765:1747647663383:,1747647680667
counter/8/0/0/0,16057:1747647661798:,1747647680667
counter/6/0/0/0,15395:1747647662611:,1747647680667
counter/8/0/0/0,16058:1747647661798:,1747647680667
counter/3/0/0/0,17000:1747647663841:,1747647680667
counter/4/0/0/0,15843:1747647663505:,1747647680667
counter/8/0/0/0,16059:1747647661804:,1747647680667
counter/7/0/0/0,15381:1747647661826:,1747647680667
counter/8/0/0/0,16060:1747647661804:,1747647680667
counter/8/0/0/0,16061:1747647661806:,1747647680667
counter/8/0/0/0,16062:1747647661806:,1747647680667
counter/8/0/0/0,16063:1747647661806:,1747647680667
counter/8/0/0/0,16064:1747647661806:,1747647680667
counter/8/0/0/0,16065:1747647661806:,1747647680667
counter/8/0/0/0,16066:1747647661806:,1747647680667
counter/4/0/0/0,15844:1747647663505:,1747647680667
counter/8/0/0/0,16067:1747647661806:,1747647680667
counter/7/0/0/0,15382:1747647661826:,1747647680667
counter/8/0/0/0,16068:1747647661806:,1747647680667
counter/8/0/0/0,16069:1747647661817:,1747647680667
counter/9/0/0/0,16410:1747647662412:,1747647680667
counter/1/0/0/0,16766:1747647663383:,1747647680667
counter/8/0/0/0,16070:1747647661838:,1747647680667
counter/6/0/0/0,15396:1747647662611:,1747647680667
counter/8/0/0/0,16071:1747647661838:,1747647680667
counter/2/0/0/0,15469:1747647661754:,1747647680668
counter/8/0/0/0,16072:1747647661838:,1747647680668
counter/8/0/0/0,16073:1747647661839:,1747647680668
counter/8/0/0/0,16074:1747647661839:,1747647680668
counter/8/0/0/0,16075:1747647661839:,1747647680668
counter/1/0/0/0,16767:1747647663383:,1747647680668
counter/8/0/0/0,16076:1747647661839:,1747647680668
counter/1/0/0/0,16768:1747647663383:,1747647680668
counter/8/0/0/0,16077:1747647661839:,1747647680668
counter/1/0/0/0,16769:1747647663383:,1747647680668
counter/8/0/0/0,16078:1747647661839:,1747647680668
counter/1/0/0/0,16770:1747647663383:,1747647680668
counter/8/0/0/0,16079:1747647661839:,1747647680668
counter/1/0/0/0,16771:1747647663383:,1747647680668
counter/8/0/0/0,16080:1747647661839:,1747647680668
counter/1/0/0/0,16772:1747647663383:,1747647680668
counter/8/0/0/0,16081:1747647661839:,1747647680668
counter/1/0/0/0,16773:1747647663383:,1747647680668
counter/8/0/0/0,16082:1747647661839:,1747647680668
counter/1/0/0/0,16774:1747647663383:,1747647680668
counter/8/0/0/0,16083:1747647661839:,1747647680668
counter/1/0/0/0,16775:1747647663383:,1747647680668
counter/8/0/0/0,16084:1747647661839:,1747647680668
counter/1/0/0/0,16776:1747647663383:,1747647680668
counter/8/0/0/0,16085:1747647661872:,1747647680668
counter/1/0/0/0,16777:1747647663383:,1747647680668
counter/8/0/0/0,16086:1747647661880:,1747647680668
counter/1/0/0/0,16778:1747647663383:,1747647680668
counter/8/0/0/0,16087:1747647661880:,1747647680668
counter/1/0/0/0,16779:1747647663386:,1747647680668
counter/8/0/0/0,16088:1747647661880:,1747647680668
counter/1/0/0/0,16780:1747647663386:,1747647680668
counter/8/0/0/0,16089:1747647661880:,1747647680668
counter/1/0/0/0,16781:1747647663386:,1747647680668
counter/8/0/0/0,16090:1747647661880:,1747647680668
counter/1/0/0/0,16782:1747647663386:,1747647680668
counter/8/0/0/0,16091:1747647661880:,1747647680669
counter/1/0/0/0,16783:1747647663386:,1747647680669
counter/8/0/0/0,16092:1747647661880:,1747647680669
counter/1/0/0/0,16784:1747647663389:,1747647680669
counter/8/0/0/0,16093:1747647661880:,1747647680669
counter/1/0/0/0,16785:1747647663389:,1747647680669
counter/8/0/0/0,16094:1747647661880:,1747647680669
counter/1/0/0/0,16786:1747647663389:,1747647680669
counter/8/0/0/0,16095:1747647661880:,1747647680669
counter/1/0/0/0,16787:1747647663389:,1747647680669
counter/8/0/0/0,16096:1747647661880:,1747647680669
counter/1/0/0/0,16788:1747647663389:,1747647680669
counter/8/0/0/0,16097:1747647661880:,1747647680669
counter/1/0/0/0,16789:1747647663389:,1747647680669
counter/8/0/0/0,16098:1747647661880:,1747647680669
counter/1/0/0/0,16790:1747647663390:,1747647680669
counter/8/0/0/0,16099:1747647661880:,1747647680669
counter/1/0/0/0,16791:1747647663390:,1747647680669
counter/8/0/0/0,16100:1747647661880:,1747647680669
counter/1/0/0/0,16792:1747647663390:,1747647680669
counter/8/0/0/0,16101:1747647661880:,1747647680669
counter/1/0/0/0,16793:1747647663390:,1747647680669
counter/8/0/0/0,16102:1747647661880:,1747647680669
counter/1/0/0/0,16794:1747647663390:,1747647680669
counter/8/0/0/0,16103:1747647661880:,1747647680669
counter/1/0/0/0,16795:1747647663391:,1747647680669
counter/8/0/0/0,16104:1747647661880:,1747647680669
counter/1/0/0/0,16796:1747647663391:,1747647680669
counter/8/0/0/0,16105:1747647661880:,1747647680669
counter/1/0/0/0,16797:1747647663391:,1747647680669
counter/8/0/0/0,16106:1747647661881:,1747647680669
counter/1/0/0/0,16798:1747647663391:,1747647680669
counter/8/0/0/0,16107:1747647661881:,1747647680669
counter/1/0/0/0,16799:1747647663391:,1747647680669
counter/8/0/0/0,16108:1747647661881:,1747647680669
counter/1/0/0/0,16800:1747647663391:,1747647680670
counter/8/0/0/0,16109:1747647661881:,1747647680670
counter/1/0/0/0,16801:1747647663393:,1747647680670
counter/8/0/0/0,16110:1747647661881:,1747647680670
counter/1/0/0/0,16802:1747647663393:,1747647680670
counter/8/0/0/0,16111:1747647661881:,1747647680670
counter/1/0/0/0,16803:1747647663393:,1747647680670
counter/8/0/0/0,16112:1747647661881:,1747647680670
counter/1/0/0/0,16804:1747647663393:,1747647680670
counter/8/0/0/0,16113:1747647661881:,1747647680670
counter/1/0/0/0,16805:1747647663393:,1747647680670
counter/8/0/0/0,16114:1747647661881:,1747647680670
counter/1/0/0/0,16806:1747647663393:,1747647680670
counter/8/0/0/0,16115:1747647661881:,1747647680670
counter/1/0/0/0,16807:1747647663393:,1747647680670
counter/8/0/0/0,16116:1747647661881:,1747647680670
counter/1/0/0/0,16808:1747647663393:,1747647680670
counter/8/0/0/0,16117:1747647661882:,1747647680670
counter/1/0/0/0,16809:1747647663393:,1747647680670
counter/8/0/0/0,16118:1747647661882:,1747647680670
counter/1/0/0/0,16810:1747647663393:,1747647680670
counter/8/0/0/0,16119:1747647661882:,1747647680670
counter/1/0/0/0,16811:1747647663393:,1747647680670
counter/8/0/0/0,16120:1747647661882:,1747647680670
counter/1/0/0/0,16812:1747647663393:,1747647680670
counter/8/0/0/0,16121:1747647661882:,1747647680670
counter/1/0/0/0,16813:1747647663393:,1747647680670
counter/8/0/0/0,16122:1747647661882:,1747647680670
counter/1/0/0/0,16814:1747647663395:,1747647680670
counter/1/0/0/0,16815:1747647663395:,1747647680670
counter/1/0/0/0,16816:1747647663395:,1747647680670
counter/1/0/0/0,16817:1747647663395:,1747647680670
counter/1/0/0/0,16818:1747647663395:,1747647680670
counter/1/0/0/0,16819:1747647663395:,1747647680670
counter/1/0/0/0,16820:1747647663395:,1747647680671
counter/1/0/0/0,16821:1747647663395:,1747647680671
counter/1/0/0/0,16822:1747647663395:,1747647680671
counter/1/0/0/0,16823:1747647663395:,1747647680671
counter/1/0/0/0,16824:1747647663395:,1747647680671
counter/1/0/0/0,16825:1747647663397:,1747647680671
counter/1/0/0/0,16826:1747647663397:,1747647680671
counter/1/0/0/0,16827:1747647663397:,1747647680671
counter/1/0/0/0,16828:1747647663397:,1747647680671
counter/1/0/0/0,16829:1747647663397:,1747647680671
counter/1/0/0/0,16830:1747647663397:,1747647680671
counter/1/0/0/0,16831:1747647663397:,1747647680671
counter/1/0/0/0,16832:1747647663397:,1747647680671
counter/1/0/0/0,16833:1747647663397:,1747647680671
counter/1/0/0/0,16834:1747647663401:,1747647680671
counter/1/0/0/0,16835:1747647663401:,1747647680671
counter/1/0/0/0,16836:1747647663403:,1747647680671
counter/1/0/0/0,16837:1747647663403:,1747647680671
counter/1/0/0/0,16838:1747647663406:,1747647680671
counter/1/0/0/0,16839:1747647663406:,1747647680671
counter/1/0/0/0,16840:1747647663406:,1747647680671
counter/1/0/0/0,16841:1747647663406:,1747647680671
counter/1/0/0/0,16842:1747647663406:,1747647680671
counter/1/0/0/0,16843:1747647663406:,1747647680671
counter/1/0/0/0,16844:1747647663407:,1747647680671
counter/2/0/0/0,15470:1747647661754:,1747647680671
counter/1/0/0/0,16845:1747647663407:,1747647680671
counter/2/0/0/0,15471:1747647661754:,1747647680671
counter/8/0/0/0,16123:1747647661882:,1747647680671
counter/1/0/0/0,16846:1747647663407:,1747647680671
counter/8/0/0/0,16124:1747647661882:,1747647680671
counter/1/0/0/0,16847:1747647663407:,1747647680671
counter/8/0/0/0,16125:1747647661882:,1747647680671
counter/4/0/0/0,15845:1747647663505:,1747647680672
counter/1/0/0/0,16848:1747647663407:,1747647680672
counter/8/0/0/0,16126:1747647661882:,1747647680672
counter/4/0/0/0,15846:1747647663505:,1747647680672
counter/1/0/0/0,16849:1747647663407:,1747647680672
counter/8/0/0/0,16127:1747647661882:,1747647680672
counter/4/0/0/0,15847:1747647663505:,1747647680672
counter/1/0/0/0,16850:1747647663407:,1747647680672
counter/8/0/0/0,16128:1747647661882:,1747647680672
counter/4/0/0/0,15848:1747647663505:,1747647680672
counter/1/0/0/0,16851:1747647663407:,1747647680672
counter/4/0/0/0,15849:1747647663505:,1747647680672
counter/1/0/0/0,16852:1747647663407:,1747647680672
counter/4/0/0/0,15850:1747647663505:,1747647680672
counter/1/0/0/0,16853:1747647663407:,1747647680672
counter/4/0/0/0,15851:1747647663505:,1747647680672
counter/1/0/0/0,16854:1747647663407:,1747647680672
counter/4/0/0/0,15852:1747647663505:,1747647680672
counter/1/0/0/0,16855:1747647663416:,1747647680672
counter/4/0/0/0,15853:1747647663505:,1747647680672
counter/1/0/0/0,16856:1747647663416:,1747647680672
counter/4/0/0/0,15854:1747647663513:,1747647680672
counter/1/0/0/0,16857:1747647663417:,1747647680672
counter/4/0/0/0,15855:1747647663514:,1747647680672
counter/2/0/0/0,15472:1747647661754:,1747647680672
counter/1/0/0/0,16858:1747647663423:,1747647680672
counter/4/0/0/0,15856:1747647663514:,1747647680672
counter/2/0/0/0,15473:1747647661754:,1747647680672
counter/6/0/0/0,15397:1747647662612:,1747647680672
counter/1/0/0/0,16859:1747647663423:,1747647680672
counter/4/0/0/0,15857:1747647663514:,1747647680672
counter/3/0/0/0,17001:1747647663841:,1747647680672
counter/8/0/0/0,16129:1747647661882:,1747647680672
counter/1/0/0/0,16860:1747647663423:,1747647680672
counter/4/0/0/0,15858:1747647663517:,1747647680672
counter/8/0/0/0,16130:1747647661882:,1747647680672
counter/1/0/0/0,16861:1747647663423:,1747647680672
counter/4/0/0/0,15859:1747647663517:,1747647680672
counter/8/0/0/0,16131:1747647661882:,1747647680673
counter/1/0/0/0,16862:1747647663423:,1747647680673
counter/4/0/0/0,15860:1747647663517:,1747647680673
counter/8/0/0/0,16132:1747647661882:,1747647680673
counter/1/0/0/0,16863:1747647663423:,1747647680673
counter/4/0/0/0,15861:1747647663517:,1747647680673
counter/8/0/0/0,16133:1747647661882:,1747647680673
counter/1/0/0/0,16864:1747647663423:,1747647680673
counter/4/0/0/0,15862:1747647663517:,1747647680673
counter/1/0/0/0,16865:1747647663423:,1747647680673
counter/4/0/0/0,15863:1747647663517:,1747647680673
counter/1/0/0/0,16866:1747647663423:,1747647680673
counter/4/0/0/0,15864:1747647663517:,1747647680673
counter/1/0/0/0,16867:1747647663423:,1747647680673
counter/4/0/0/0,15865:1747647663517:,1747647680673
counter/1/0/0/0,16868:1747647663423:,1747647680673
counter/4/0/0/0,15866:1747647663518:,1747647680673
counter/1/0/0/0,16869:1747647663424:,1747647680673
counter/4/0/0/0,15867:1747647663518:,1747647680673
counter/1/0/0/0,16870:1747647663424:,1747647680673
counter/4/0/0/0,15868:1747647663518:,1747647680673
counter/1/0/0/0,16871:1747647663430:,1747647680673
counter/4/0/0/0,15869:1747647663518:,1747647680673
counter/1/0/0/0,16872:1747647663430:,1747647680673
counter/4/0/0/0,15870:1747647663518:,1747647680673
counter/1/0/0/0,16873:1747647663430:,1747647680673
counter/4/0/0/0,15871:1747647663518:,1747647680673
counter/1/0/0/0,16874:1747647663430:,1747647680673
counter/1/0/0/0,16875:1747647663441:,1747647680673
counter/1/0/0/0,16876:1747647663441:,1747647680673
counter/1/0/0/0,16877:1747647663441:,1747647680673
counter/1/0/0/0,16878:1747647663442:,1747647680673
counter/1/0/0/0,16879:1747647663442:,1747647680673
counter/1/0/0/0,16880:1747647663442:,1747647680673
counter/1/0/0/0,16881:1747647663442:,1747647680674
counter/1/0/0/0,16882:1747647663442:,1747647680674
counter/1/0/0/0,16883:1747647663442:,1747647680674
counter/1/0/0/0,16884:1747647663442:,1747647680674
counter/1/0/0/0,16885:1747647663442:,1747647680674
counter/1/0/0/0,16886:1747647663442:,1747647680674
counter/1/0/0/0,16887:1747647663442:,1747647680674
counter/1/0/0/0,16888:1747647663442:,1747647680674
counter/1/0/0/0,16889:1747647663442:,1747647680674
counter/1/0/0/0,16890:1747647663442:,1747647680674
counter/2/0/0/0,15474:1747647661754:,1747647680674
counter/1/0/0/0,16891:1747647663442:,1747647680674
counter/10/0/0/0,14614:1747647661428:,1747647680674
counter/1/0/0/0,16892:1747647663444:,1747647680674
counter/9/0/0/0,16411:1747647662412:,1747647680674
counter/6/0/0/0,15398:1747647662612:,1747647680674
counter/1/0/0/0,16893:1747647663444:,1747647680674
counter/3/0/0/0,17002:1747647663841:,1747647680674
counter/8/0/0/0,16134:1747647661883:,1747647680674
counter/1/0/0/0,16894:1747647663444:,1747647680674
counter/8/0/0/0,16135:1747647661883:,1747647680674
counter/4/0/0/0,15872:1747647663518:,1747647680674
counter/1/0/0/0,16895:1747647663444:,1747647680674
counter/8/0/0/0,16136:1747647661883:,1747647680674
counter/2/0/0/0,15475:1747647661754:,1747647680674
counter/10/0/0/0,14615:1747647661428:,1747647680674
counter/1/0/0/0,16896:1747647663444:,1747647680674
counter/8/0/0/0,16137:1747647661883:,1747647680674
counter/9/0/0/0,16412:1747647662412:,1747647680674
counter/6/0/0/0,15399:1747647662612:,1747647680674
counter/3/0/0/0,17003:1747647663841:,1747647680674
counter/1/0/0/0,16897:1747647663444:,1747647680674
counter/1/0/0/0,16898:1747647663444:,1747647680674
counter/1/0/0/0,16899:1747647663444:,1747647680674
counter/1/0/0/0,16900:1747647663444:,1747647680674
counter/1/0/0/0,16901:1747647663444:,1747647680674
counter/1/0/0/0,16902:1747647663446:,1747647680674
counter/1/0/0/0,16903:1747647663456:,1747647680675
counter/1/0/0/0,16904:1747647663456:,1747647680675
counter/1/0/0/0,16905:1747647663456:,1747647680675
counter/1/0/0/0,16906:1747647663456:,1747647680675
counter/1/0/0/0,16907:1747647663456:,1747647680675
counter/1/0/0/0,16908:1747647663456:,1747647680675
counter/1/0/0/0,16909:1747647663456:,1747647680675
counter/1/0/0/0,16910:1747647663456:,1747647680675
counter/1/0/0/0,16911:1747647663456:,1747647680675
counter/1/0/0/0,16912:1747647663456:,1747647680675
counter/1/0/0/0,16913:1747647663456:,1747647680675
counter/1/0/0/0,16914:1747647663456:,1747647680675
counter/1/0/0/0,16915:1747647663456:,1747647680675
counter/1/0/0/0,16916:1747647663456:,1747647680675
counter/1/0/0/0,16917:1747647663456:,1747647680675
counter/2/0/0/0,15476:1747647661754:,1747647680675
counter/1/0/0/0,16918:1747647663463:,1747647680675
counter/2/0/0/0,15477:1747647661754:,1747647680675
counter/1/0/0/0,16919:1747647663463:,1747647680675
counter/2/0/0/0,15478:1747647661754:,1747647680675
counter/1/0/0/0,16920:1747647663469:,1747647680675
counter/2/0/0/0,15479:1747647661754:,1747647680675
counter/1/0/0/0,16921:1747647663469:,1747647680675
counter/2/0/0/0,15480:1747647661754:,1747647680675
counter/1/0/0/0,16922:1747647663469:,1747647680675
counter/2/0/0/0,15481:1747647661754:,1747647680675
counter/1/0/0/0,16923:1747647663469:,1747647680675
counter/2/0/0/0,15482:1747647661754:,1747647680675
counter/1/0/0/0,16924:1747647663469:,1747647680675
counter/2/0/0/0,15483:1747647661754:,1747647680675
counter/1/0/0/0,16925:1747647663473:,1747647680675
counter/2/0/0/0,15484:1747647661754:,1747647680675
counter/1/0/0/0,16926:1747647663474:,1747647680675
counter/2/0/0/0,15485:1747647661754:,1747647680675
counter/1/0/0/0,16927:1747647663481:,1747647680675
counter/2/0/0/0,15486:1747647661757:,1747647680675
counter/1/0/0/0,16928:1747647663487:,1747647680676
counter/2/0/0/0,15487:1747647661757:,1747647680676
counter/1/0/0/0,16929:1747647663487:,1747647680676
counter/2/0/0/0,15488:1747647661757:,1747647680676
counter/1/0/0/0,16930:1747647663487:,1747647680676
counter/2/0/0/0,15489:1747647661757:,1747647680676
counter/1/0/0/0,16931:1747647663487:,1747647680676
counter/2/0/0/0,15490:1747647661757:,1747647680676
counter/1/0/0/0,16932:1747647663487:,1747647680676
counter/2/0/0/0,15491:1747647661757:,1747647680676
counter/1/0/0/0,16933:1747647663487:,1747647680676
counter/2/0/0/0,15492:1747647661762:,1747647680676
counter/1/0/0/0,16934:1747647663487:,1747647680676
counter/2/0/0/0,15493:1747647661762:,1747647680676
counter/1/0/0/0,16935:1747647663487:,1747647680676
counter/2/0/0/0,15494:1747647661762:,1747647680676
counter/1/0/0/0,16936:1747647663487:,1747647680676
counter/2/0/0/0,15495:1747647661762:,1747647680676
counter/1/0/0/0,16937:1747647663487:,1747647680676
counter/2/0/0/0,15496:1747647661762:,1747647680676
counter/1/0/0/0,16938:1747647663487:,1747647680676
counter/2/0/0/0,15497:1747647661763:,1747647680676
counter/1/0/0/0,16939:1747647663488:,1747647680676
counter/2/0/0/0,15498:1747647661763:,1747647680676
counter/1/0/0/0,16940:1747647663488:,1747647680676
counter/2/0/0/0,15499:1747647661763:,1747647680676
counter/1/0/0/0,16941:1747647663492:,1747647680676
counter/2/0/0/0,15500:1747647661763:,1747647680676
counter/1/0/0/0,16942:1747647663492:,1747647680676
counter/2/0/0/0,15501:1747647661763:,1747647680676
counter/1/0/0/0,16943:1747647663492:,1747647680676
counter/2/0/0/0,15502:1747647661763:,1747647680676
counter/1/0/0/0,16944:1747647663492:,1747647680676
counter/2/0/0/0,15503:1747647661764:,1747647680676
counter/1/0/0/0,16945:1747647663492:,1747647680676
counter/2/0/0/0,15504:1747647661764:,1747647680677
counter/1/0/0/0,16946:1747647663492:,1747647680677
counter/2/0/0/0,15505:1747647661764:,1747647680677
counter/1/0/0/0,16947:1747647663492:,1747647680677
counter/2/0/0/0,15506:1747647661764:,1747647680677
counter/1/0/0/0,16948:1747647663493:,1747647680677
counter/2/0/0/0,15507:1747647661773:,1747647680677
counter/1/0/0/0,16949:1747647663493:,1747647680677
counter/2/0/0/0,15508:1747647661773:,1747647680677
counter/1/0/0/0,16950:1747647663493:,1747647680677
counter/2/0/0/0,15509:1747647661773:,1747647680677
counter/1/0/0/0,16951:1747647663493:,1747647680677
counter/2/0/0/0,15510:1747647661773:,1747647680677
counter/1/0/0/0,16952:1747647663493:,1747647680677
counter/2/0/0/0,15511:1747647661774:,1747647680677
counter/1/0/0/0,16953:1747647663493:,1747647680677
counter/2/0/0/0,15512:1747647661774:,1747647680677
counter/1/0/0/0,16954:1747647663493:,1747647680677
counter/2/0/0/0,15513:1747647661774:,1747647680677
counter/1/0/0/0,16955:1747647663493:,1747647680677
counter/2/0/0/0,15514:1747647661774:,1747647680677
counter/1/0/0/0,16956:1747647663493:,1747647680677
counter/2/0/0/0,15515:1747647661774:,1747647680677
counter/1/0/0/0,16957:1747647663493:,1747647680677
counter/2/0/0/0,15516:1747647661774:,1747647680677
counter/1/0/0/0,16958:1747647663493:,1747647680677
counter/2/0/0/0,15517:1747647661774:,1747647680677
counter/1/0/0/0,16959:1747647663493:,1747647680677
counter/2/0/0/0,15518:1747647661775:,1747647680677
counter/5/0/0/0,15612:1747647661841:,1747647680677
counter/1/0/0/0,16960:1747647663493:,1747647680677
counter/2/0/0/0,15519:1747647661775:,1747647680677
counter/1/0/0/0,16961:1747647663493:,1747647680677
counter/2/0/0/0,15520:1747647661775:,1747647680677
counter/5/0/0/0,15613:1747647661841:,1747647680677
counter/1/0/0/0,16962:1747647663493:,1747647680677
counter/2/0/0/0,15521:1747647661775:,1747647680677
counter/5/0/0/0,15614:1747647661841:,1747647680677
counter/7/0/0/0,15383:1747647661826:,1747647680678
counter/1/0/0/0,16963:1747647663500:,1747647680678
counter/2/0/0/0,15522:1747647661778:,1747647680678
counter/5/0/0/0,15615:1747647661841:,1747647680678
counter/1/0/0/0,16964:1747647663502:,1747647680678
counter/2/0/0/0,15523:1747647661778:,1747647680678
counter/5/0/0/0,15616:1747647661841:,1747647680678
counter/1/0/0/0,16965:1747647663506:,1747647680678
counter/2/0/0/0,15524:1747647661778:,1747647680678
counter/5/0/0/0,15617:1747647661846:,1747647680678
counter/1/0/0/0,16966:1747647663507:,1747647680678
counter/2/0/0/0,15525:1747647661778:,1747647680678
counter/1/0/0/0,16967:1747647663507:,1747647680678
counter/2/0/0/0,15526:1747647661778:,1747647680678
counter/1/0/0/0,16968:1747647663507:,1747647680678
counter/2/0/0/0,15527:1747647661778:,1747647680678
counter/1/0/0/0,16969:1747647663507:,1747647680678
counter/2/0/0/0,15528:1747647661778:,1747647680678
counter/1/0/0/0,16970:1747647663507:,1747647680678
counter/2/0/0/0,15529:1747647661778:,1747647680678
counter/1/0/0/0,16971:1747647663507:,1747647680678
counter/1/0/0/0,16972:1747647663507:,1747647680678
counter/2/0/0/0,15530:1747647661779:,1747647680678
counter/1/0/0/0,16973:1747647663507:,1747647680678
counter/2/0/0/0,15531:1747647661779:,1747647680678
counter/10/0/0/0,14616:1747647661428:,1747647680678
counter/1/0/0/0,16974:1747647663507:,1747647680678
counter/2/0/0/0,15532:1747647661779:,1747647680678
counter/9/0/0/0,16413:1747647662413:,1747647680678
counter/1/0/0/0,16975:1747647663507:,1747647680678
counter/2/0/0/0,15533:1747647661782:,1747647680678
counter/8/0/0/0,16138:1747647661883:,1747647680678
counter/1/0/0/0,16976:1747647663507:,1747647680678
counter/2/0/0/0,15534:1747647661783:,1747647680678
counter/1/0/0/0,16977:1747647663507:,1747647680678
counter/2/0/0/0,15535:1747647661783:,1747647680678
counter/1/0/0/0,16978:1747647663507:,1747647680678
counter/2/0/0/0,15536:1747647661783:,1747647680678
counter/1/0/0/0,16979:1747647663507:,1747647680679
counter/2/0/0/0,15537:1747647661783:,1747647680679
counter/1/0/0/0,16980:1747647663507:,1747647680679
counter/2/0/0/0,15538:1747647661783:,1747647680679
counter/1/0/0/0,16981:1747647663507:,1747647680679
counter/2/0/0/0,15539:1747647661783:,1747647680679
counter/1/0/0/0,16982:1747647663507:,1747647680679
counter/2/0/0/0,15540:1747647661783:,1747647680679
counter/1/0/0/0,16983:1747647663507:,1747647680679
counter/2/0/0/0,15541:1747647661783:,1747647680679
counter/9/0/0/0,16414:1747647662413:,1747647680679
counter/1/0/0/0,16984:1747647663511:,1747647680679
counter/2/0/0/0,15542:1747647661783:,1747647680679
counter/8/0/0/0,16139:1747647661883:,1747647680679
counter/3/0/0/0,17004:1747647663841:,1747647680679
counter/1/0/0/0,16985:1747647663511:,1747647680679
counter/2/0/0/0,15543:1747647661786:,1747647680679
counter/5/0/0/0,15618:1747647661847:,1747647680679
counter/6/0/0/0,15400:1747647662612:,1747647680679
counter/1/0/0/0,16986:1747647663511:,1747647680679
counter/2/0/0/0,15544:1747647661786:,1747647680679
counter/6/0/0/0,15401:1747647662612:,1747647680679
counter/1/0/0/0,16987:1747647663511:,1747647680679
counter/2/0/0/0,15545:1747647661787:,1747647680679
counter/6/0/0/0,15402:1747647662612:,1747647680679
counter/9/0/0/0,16415:1747647662413:,1747647680679
counter/1/0/0/0,16988:1747647663511:,1747647680679
counter/2/0/0/0,15546:1747647661787:,1747647680679
counter/6/0/0/0,15403:1747647662612:,1747647680679
counter/8/0/0/0,16140:1747647661883:,1747647680679
counter/3/0/0/0,17005:1747647663841:,1747647680679
counter/5/0/0/0,15619:1747647661847:,1747647680679
counter/1/0/0/0,16989:1747647663511:,1747647680679
counter/2/0/0/0,15547:1747647661787:,1747647680679
counter/6/0/0/0,15404:1747647662612:,1747647680679
counter/1/0/0/0,16990:1747647663512:,1747647680680
counter/2/0/0/0,15548:1747647661787:,1747647680680
counter/6/0/0/0,15405:1747647662612:,1747647680680
counter/1/0/0/0,16991:1747647663512:,1747647680680
counter/2/0/0/0,15549:1747647661787:,1747647680680
counter/1/0/0/0,16992:1747647663512:,1747647680680
counter/2/0/0/0,15550:1747647661806:,1747647680680
counter/1/0/0/0,16993:1747647663512:,1747647680680
counter/2/0/0/0,15551:1747647661806:,1747647680680
counter/8/0/0/0,16141:1747647661883:,1747647680680
counter/1/0/0/0,16994:1747647663512:,1747647680680
counter/2/0/0/0,15552:1747647661806:,1747647680680
counter/3/0/0/0,17006:1747647663841:,1747647680680
counter/5/0/0/0,15620:1747647661847:,1747647680680
counter/1/0/0/0,16995:1747647663512:,1747647680680
counter/2/0/0/0,15553:1747647661806:,1747647680680
counter/1/0/0/0,16996:1747647663512:,1747647680680
counter/2/0/0/0,15554:1747647661806:,1747647680680
counter/1/0/0/0,16997:1747647663513:,1747647680680
counter/2/0/0/0,15555:1747647661806:,1747647680680
counter/8/0/0/0,16142:1747647661883:,1747647680680
counter/1/0/0/0,16998:1747647663513:,1747647680680
counter/2/0/0/0,15556:1747647661806:,1747647680680
counter/3/0/0/0,17007:1747647663842:,1747647680680
counter/5/0/0/0,15621:1747647661847:,1747647680680
counter/1/0/0/0,16999:1747647663513:,1747647680680
counter/2/0/0/0,15557:1747647661806:,1747647680680
counter/5/0/0/0,15622:1747647661847:,1747647680680
counter/1/0/0/0,17000:1747647663513:,1747647680680
counter/2/0/0/0,15558:1747647661806:,1747647680680
counter/5/0/0/0,15623:1747647661847:,1747647680680
counter/1/0/0/0,17001:1747647663513:,1747647680680
counter/2/0/0/0,15559:1747647661806:,1747647680680
counter/5/0/0/0,15624:1747647661847:,1747647680680
counter/1/0/0/0,17002:1747647663513:,1747647680680
counter/2/0/0/0,15560:1747647661806:,1747647680680
counter/5/0/0/0,15625:1747647661847:,1747647680680
counter/1/0/0/0,17003:1747647663513:,1747647680680
counter/2/0/0/0,15561:1747647661806:,1747647680680
counter/5/0/0/0,15626:1747647661847:,1747647680681
counter/1/0/0/0,17004:1747647663513:,1747647680681
counter/2/0/0/0,15562:1747647661806:,1747647680681
counter/5/0/0/0,15627:1747647661847:,1747647680681
counter/1/0/0/0,17005:1747647663513:,1747647680681
counter/2/0/0/0,15563:1747647661806:,1747647680681
counter/5/0/0/0,15628:1747647661847:,1747647680681
counter/1/0/0/0,17006:1747647663513:,1747647680681
counter/2/0/0/0,15564:1747647661806:,1747647680681
counter/5/0/0/0,15629:1747647661847:,1747647680681
counter/1/0/0/0,17007:1747647663513:,1747647680681
counter/2/0/0/0,15565:1747647661812:,1747647680681
counter/5/0/0/0,15630:1747647661847:,1747647680681
counter/1/0/0/0,17008:1747647663513:,1747647680681
counter/2/0/0/0,15566:1747647661812:,1747647680681
counter/5/0/0/0,15631:1747647661847:,1747647680681
counter/1/0/0/0,17009:1747647663513:,1747647680681
counter/2/0/0/0,15567:1747647661812:,1747647680681
counter/5/0/0/0,15632:1747647661847:,1747647680681
counter/1/0/0/0,17010:1747647663520:,1747647680681
counter/2/0/0/0,15568:1747647661812:,1747647680681
counter/5/0/0/0,15633:1747647661847:,1747647680681
counter/1/0/0/0,17011:1747647663526:,1747647680681
counter/2/0/0/0,15569:1747647661812:,1747647680681
counter/5/0/0/0,15634:1747647661847:,1747647680681
counter/7/0/0/0,15384:1747647661826:,1747647680681
counter/1/0/0/0,17012:1747647663526:,1747647680681
counter/2/0/0/0,15570:1747647661812:,1747647680681
counter/5/0/0/0,15635:1747647661847:,1747647680681
counter/10/0/0/0,14617:1747647661428:,1747647680681
counter/8/0/0/0,16143:1747647661883:,1747647680681
counter/1/0/0/0,17013:1747647663526:,1747647680681
counter/2/0/0/0,15571:1747647661812:,1747647680681
counter/5/0/0/0,15636:1747647661847:,1747647680681
counter/9/0/0/0,16416:1747647662413:,1747647680681
counter/1/0/0/0,17014:1747647663526:,1747647680682
counter/2/0/0/0,15572:1747647661812:,1747647680682
counter/5/0/0/0,15637:1747647661847:,1747647680682
counter/9/0/0/0,16417:1747647662413:,1747647680682
counter/6/0/0/0,15406:1747647662615:,1747647680682
counter/1/0/0/0,17015:1747647663526:,1747647680682
counter/2/0/0/0,15573:1747647661812:,1747647680682
counter/5/0/0/0,15638:1747647661847:,1747647680682
counter/9/0/0/0,16418:1747647662413:,1747647680682
counter/1/0/0/0,17016:1747647663526:,1747647680682
counter/2/0/0/0,15574:1747647661812:,1747647680682
counter/5/0/0/0,15639:1747647661847:,1747647680682
counter/9/0/0/0,16419:1747647662413:,1747647680682
counter/1/0/0/0,17017:1747647663526:,1747647680682
counter/2/0/0/0,15575:1747647661812:,1747647680682
counter/5/0/0/0,15640:1747647661847:,1747647680682
counter/9/0/0/0,16420:1747647662413:,1747647680682
counter/1/0/0/0,17018:1747647663526:,1747647680682
counter/2/0/0/0,15576:1747647661812:,1747647680682
counter/5/0/0/0,15641:1747647661847:,1747647680682
counter/1/0/0/0,17019:1747647663526:,1747647680682
counter/2/0/0/0,15577:1747647661812:,1747647680682
counter/5/0/0/0,15642:1747647661847:,1747647680682
counter/1/0/0/0,17020:1747647663526:,1747647680682
counter/2/0/0/0,15578:1747647661812:,1747647680682
counter/5/0/0/0,15643:1747647661847:,1747647680682
counter/1/0/0/0,17021:1747647663526:,1747647680682
counter/2/0/0/0,15579:1747647661812:,1747647680682
counter/5/0/0/0,15644:1747647661847:,1747647680682
counter/1/0/0/0,17022:1747647663526:,1747647680682
counter/2/0/0/0,15580:1747647661812:,1747647680682
counter/5/0/0/0,15645:1747647661847:,1747647680682
counter/1/0/0/0,17023:1747647663526:,1747647680682
counter/2/0/0/0,15581:1747647661812:,1747647680682
counter/5/0/0/0,15646:1747647661847:,1747647680682
counter/1/0/0/0,17024:1747647663526:,1747647680682
counter/2/0/0/0,15582:1747647661812:,1747647680682
counter/5/0/0/0,15647:1747647661847:,1747647680682
counter/1/0/0/0,17025:1747647663526:,1747647680683
counter/2/0/0/0,15583:1747647661812:,1747647680683
counter/5/0/0/0,15648:1747647661847:,1747647680683
counter/1/0/0/0,17026:1747647663526:,1747647680683
counter/2/0/0/0,15584:1747647661815:,1747647680683
counter/5/0/0/0,15649:1747647661847:,1747647680683
counter/1/0/0/0,17027:1747647663526:,1747647680683
counter/2/0/0/0,15585:1747647661815:,1747647680683
counter/5/0/0/0,15650:1747647661847:,1747647680683
counter/1/0/0/0,17028:1747647663526:,1747647680683
counter/2/0/0/0,15586:1747647661815:,1747647680683
counter/5/0/0/0,15651:1747647661847:,1747647680683
counter/2/0/0/0,15587:1747647661818:,1747647680683
counter/5/0/0/0,15652:1747647661848:,1747647680683
counter/2/0/0/0,15588:1747647661818:,1747647680683
counter/5/0/0/0,15653:1747647661848:,1747647680683
counter/2/0/0/0,15589:1747647661818:,1747647680683
counter/5/0/0/0,15654:1747647661848:,1747647680683
counter/2/0/0/0,15590:1747647661818:,1747647680683
counter/5/0/0/0,15655:1747647661848:,1747647680683
counter/2/0/0/0,15591:1747647661818:,1747647680683
counter/5/0/0/0,15656:1747647661848:,1747647680683
counter/2/0/0/0,15592:1747647661818:,1747647680683
counter/2/0/0/0,15593:1747647661818:,1747647680683
counter/2/0/0/0,15594:1747647661818:,1747647680683
counter/2/0/0/0,15595:1747647661818:,1747647680683
counter/2/0/0/0,15596:1747647661818:,1747647680683
counter/2/0/0/0,15597:1747647661818:,1747647680683
counter/2/0/0/0,15598:1747647661818:,1747647680683
counter/2/0/0/0,15599:1747647661818:,1747647680683
counter/2/0/0/0,15600:1747647661818:,1747647680683
counter/2/0/0/0,15601:1747647661818:,1747647680683
counter/2/0/0/0,15602:1747647661818:,1747647680683
counter/2/0/0/0,15603:1747647661819:,1747647680683
counter/2/0/0/0,15604:1747647661819:,1747647680683
counter/2/0/0/0,15605:1747647661819:,1747647680683
counter/2/0/0/0,15606:1747647661819:,1747647680683
counter/2/0/0/0,15607:1747647661819:,1747647680684
counter/2/0/0/0,15608:1747647661819:,1747647680684
counter/2/0/0/0,15609:1747647661819:,1747647680684
counter/2/0/0/0,15610:1747647661819:,1747647680684
counter/2/0/0/0,15611:1747647661819:,1747647680684
counter/2/0/0/0,15612:1747647661822:,1747647680684
counter/2/0/0/0,15613:1747647661823:,1747647680684
counter/2/0/0/0,15614:1747647661823:,1747647680684
counter/2/0/0/0,15615:1747647661823:,1747647680684
counter/2/0/0/0,15616:1747647661823:,1747647680684
counter/2/0/0/0,15617:1747647661823:,1747647680684
counter/2/0/0/0,15618:1747647661823:,1747647680684
counter/2/0/0/0,15619:1747647661823:,1747647680684
counter/2/0/0/0,15620:1747647661825:,1747647680684
counter/2/0/0/0,15621:1747647661825:,1747647680684
counter/2/0/0/0,15622:1747647661825:,1747647680684
counter/2/0/0/0,15623:1747647661825:,1747647680684
counter/2/0/0/0,15624:1747647661825:,1747647680684
counter/2/0/0/0,15625:1747647661825:,1747647680684
counter/2/0/0/0,15626:1747647661825:,1747647680684
counter/2/0/0/0,15627:1747647661828:,1747647680684
counter/2/0/0/0,15628:1747647661828:,1747647680684
counter/5/0/0/0,15657:1747647661848:,1747647680684
counter/2/0/0/0,15629:1747647661828:,1747647680684
counter/2/0/0/0,15630:1747647661829:,1747647680684
counter/2/0/0/0,15631:1747647661835:,1747647680684
counter/8/0/0/0,16144:1747647661883:,1747647680684
counter/9/0/0/0,16421:1747647662413:,1747647680684
counter/2/0/0/0,15632:1747647661835:,1747647680684
counter/7/0/0/0,15385:1747647661827:,1747647680684
counter/2/0/0/0,15633:1747647661835:,1747647680684
counter/7/0/0/0,15386:1747647661827:,1747647680684
counter/2/0/0/0,15634:1747647661835:,1747647680684
counter/7/0/0/0,15387:1747647661827:,1747647680684
counter/2/0/0/0,15635:1747647661835:,1747647680684
counter/7/0/0/0,15388:1747647661827:,1747647680685
counter/2/0/0/0,15636:1747647661835:,1747647680685
counter/7/0/0/0,15389:1747647661827:,1747647680685
counter/5/0/0/0,15658:1747647661850:,1747647680685
counter/2/0/0/0,15637:1747647661835:,1747647680685
counter/7/0/0/0,15390:1747647661827:,1747647680685
counter/5/0/0/0,15659:1747647661850:,1747647680685
counter/2/0/0/0,15638:1747647661835:,1747647680685
counter/5/0/0/0,15660:1747647661850:,1747647680685
counter/3/0/0/0,17008:1747647663842:,1747647680685
counter/2/0/0/0,15639:1747647661835:,1747647680685
counter/5/0/0/0,15661:1747647661850:,1747647680685
counter/6/0/0/0,15407:1747647662615:,1747647680685
counter/2/0/0/0,15640:1747647661835:,1747647680685
counter/5/0/0/0,15662:1747647661850:,1747647680685
counter/2/0/0/0,15641:1747647661835:,1747647680685
counter/5/0/0/0,15663:1747647661850:,1747647680685
counter/2/0/0/0,15642:1747647661836:,1747647680685
counter/5/0/0/0,15664:1747647661850:,1747647680685
counter/2/0/0/0,15643:1747647661836:,1747647680685
counter/2/0/0/0,15644:1747647661836:,1747647680685
counter/2/0/0/0,15645:1747647661836:,1747647680685
counter/2/0/0/0,15646:1747647661844:,1747647680685
counter/2/0/0/0,15647:1747647661844:,1747647680685
counter/2/0/0/0,15648:1747647661852:,1747647680685
counter/2/0/0/0,15649:1747647661852:,1747647680685
counter/2/0/0/0,15650:1747647661852:,1747647680685
counter/2/0/0/0,15651:1747647661852:,1747647680685
counter/2/0/0/0,15652:1747647661852:,1747647680685
counter/2/0/0/0,15653:1747647661853:,1747647680685
counter/2/0/0/0,15654:1747647661853:,1747647680685
counter/2/0/0/0,15655:1747647661853:,1747647680685
counter/2/0/0/0,15656:1747647661853:,1747647680685
counter/2/0/0/0,15657:1747647661862:,1747647680685
counter/6/0/0/0,15408:1747647662615:,1747647680685
counter/2/0/0/0,15658:1747647661862:,1747647680685
counter/3/0/0/0,17009:1747647663842:,1747647680685
counter/1/0/0/0,17029:1747647663526:,1747647680685
counter/2/0/0/0,15659:1747647661862:,1747647680685
counter/1/0/0/0,17030:1747647663526:,1747647680686
counter/2/0/0/0,15660:1747647661862:,1747647680686
counter/1/0/0/0,17031:1747647663526:,1747647680686
counter/8/0/0/0,16145:1747647661883:,1747647680686
counter/2/0/0/0,15661:1747647661862:,1747647680686
counter/1/0/0/0,17032:1747647663526:,1747647680686
counter/2/0/0/0,15662:1747647661862:,1747647680686
counter/1/0/0/0,17033:1747647663527:,1747647680686
counter/2/0/0/0,15663:1747647661862:,1747647680686
counter/2/0/0/0,15664:1747647661862:,1747647680686
counter/2/0/0/0,15665:1747647661862:,1747647680686
counter/2/0/0/0,15666:1747647661862:,1747647680686
counter/2/0/0/0,15667:1747647661862:,1747647680686
counter/2/0/0/0,15668:1747647661862:,1747647680686
counter/2/0/0/0,15669:1747647661862:,1747647680686
counter/2/0/0/0,15670:1747647661863:,1747647680686
counter/2/0/0/0,15671:1747647661863:,1747647680686
counter/2/0/0/0,15672:1747647661863:,1747647680686
counter/10/0/0/0,14618:1747647661428:,1747647680686
counter/2/0/0/0,15673:1747647661863:,1747647680686
counter/7/0/0/0,15391:1747647661827:,1747647680686
counter/2/0/0/0,15674:1747647661864:,1747647680686
counter/1/0/0/0,17034:1747647663527:,1747647680686
counter/2/0/0/0,15675:1747647661864:,1747647680686
counter/1/0/0/0,17035:1747647663531:,1747647680686
counter/2/0/0/0,15676:1747647661864:,1747647680686
counter/1/0/0/0,17036:1747647663531:,1747647680686
counter/2/0/0/0,15677:1747647661864:,1747647680686
counter/1/0/0/0,17037:1747647663531:,1747647680686
counter/2/0/0/0,15678:1747647661864:,1747647680686
counter/1/0/0/0,17038:1747647663531:,1747647680686
counter/2/0/0/0,15679:1747647661864:,1747647680686
counter/1/0/0/0,17039:1747647663531:,1747647680686
counter/2/0/0/0,15680:1747647661864:,1747647680686
counter/1/0/0/0,17040:1747647663531:,1747647680686
counter/2/0/0/0,15681:1747647661864:,1747647680686
counter/1/0/0/0,17041:1747647663531:,1747647680686
counter/2/0/0/0,15682:1747647661864:,1747647680686
counter/6/0/0/0,15409:1747647662615:,1747647680687
counter/2/0/0/0,15683:1747647661864:,1747647680687
counter/2/0/0/0,15684:1747647661864:,1747647680687
counter/2/0/0/0,15685:1747647661864:,1747647680687
counter/9/0/0/0,16422:1747647662422:,1747647680687
counter/1/0/0/0,17042:1747647663531:,1747647680687
counter/2/0/0/0,15686:1747647661864:,1747647680687
counter/10/0/0/0,14619:1747647661428:,1747647680687
counter/4/0/0/0,15873:1747647663518:,1747647680687
counter/2/0/0/0,15687:1747647661864:,1747647680687
counter/7/0/0/0,15392:1747647661829:,1747647680687
counter/8/0/0/0,16146:1747647661883:,1747647680687
counter/2/0/0/0,15688:1747647661865:,1747647680687
counter/3/0/0/0,17010:1747647663842:,1747647680687
counter/5/0/0/0,15665:1747647661850:,1747647680687
counter/2/0/0/0,15689:1747647661867:,1747647680687
counter/2/0/0/0,15690:1747647661867:,1747647680687
counter/2/0/0/0,15691:1747647661867:,1747647680687
counter/2/0/0/0,15692:1747647661867:,1747647680687
counter/2/0/0/0,15693:1747647661867:,1747647680687
counter/2/0/0/0,15694:1747647661867:,1747647680687
counter/2/0/0/0,15695:1747647661867:,1747647680687
counter/2/0/0/0,15696:1747647661867:,1747647680687
counter/2/0/0/0,15697:1747647661867:,1747647680687
counter/2/0/0/0,15698:1747647661867:,1747647680687
counter/2/0/0/0,15699:1747647661867:,1747647680687
counter/2/0/0/0,15700:1747647661867:,1747647680687
counter/2/0/0/0,15701:1747647661867:,1747647680687
counter/4/0/0/0,15874:1747647663518:,1747647680687
counter/2/0/0/0,15702:1747647661869:,1747647680687
counter/7/0/0/0,15393:1747647661829:,1747647680687
counter/2/0/0/0,15703:1747647661869:,1747647680687
counter/8/0/0/0,16147:1747647661883:,1747647680687
counter/2/0/0/0,15704:1747647661869:,1747647680687
counter/8/0/0/0,16148:1747647661883:,1747647680688
counter/2/0/0/0,15705:1747647661869:,1747647680688
counter/8/0/0/0,16149:1747647661883:,1747647680688
counter/2/0/0/0,15706:1747647661870:,1747647680688
counter/8/0/0/0,16150:1747647661883:,1747647680688
counter/2/0/0/0,15707:1747647661871:,1747647680688
counter/8/0/0/0,16151:1747647661883:,1747647680688
counter/2/0/0/0,15708:1747647661871:,1747647680688
counter/8/0/0/0,16152:1747647661883:,1747647680688
counter/2/0/0/0,15709:1747647661871:,1747647680688
counter/8/0/0/0,16153:1747647661883:,1747647680688
counter/1/0/0/0,17043:1747647663531:,1747647680688
counter/2/0/0/0,15710:1747647661871:,1747647680688
counter/8/0/0/0,16154:1747647661883:,1747647680688
counter/6/0/0/0,15410:1747647662615:,1747647680688
counter/2/0/0/0,15711:1747647661871:,1747647680688
counter/8/0/0/0,16155:1747647661895:,1747647680688
counter/2/0/0/0,15712:1747647661871:,1747647680688
counter/8/0/0/0,16156:1747647661895:,1747647680688
counter/2/0/0/0,15713:1747647661871:,1747647680688
counter/8/0/0/0,16157:1747647661895:,1747647680688
counter/2/0/0/0,15714:1747647661871:,1747647680688
counter/2/0/0/0,15715:1747647661871:,1747647680688
counter/2/0/0/0,15716:1747647661871:,1747647680688
counter/2/0/0/0,15717:1747647661874:,1747647680688
counter/2/0/0/0,15718:1747647661874:,1747647680688
counter/2/0/0/0,15719:1747647661874:,1747647680688
counter/2/0/0/0,15720:1747647661874:,1747647680688
counter/2/0/0/0,15721:1747647661875:,1747647680688
counter/2/0/0/0,15722:1747647661875:,1747647680688
counter/2/0/0/0,15723:1747647661877:,1747647680688
counter/2/0/0/0,15724:1747647661877:,1747647680688
counter/2/0/0/0,15725:1747647661877:,1747647680688
counter/2/0/0/0,15726:1747647661877:,1747647680688
counter/2/0/0/0,15727:1747647661877:,1747647680688
counter/2/0/0/0,15728:1747647661877:,1747647680688
counter/2/0/0/0,15729:1747647661877:,1747647680689
counter/2/0/0/0,15730:1747647661877:,1747647680689
counter/2/0/0/0,15731:1747647661877:,1747647680689
counter/2/0/0/0,15732:1747647661877:,1747647680689
counter/2/0/0/0,15733:1747647661877:,1747647680689
counter/2/0/0/0,15734:1747647661877:,1747647680689
counter/2/0/0/0,15735:1747647661877:,1747647680689
counter/2/0/0/0,15736:1747647661877:,1747647680689
counter/8/0/0/0,16158:1747647661895:,1747647680689
counter/2/0/0/0,15737:1747647661877:,1747647680689
counter/8/0/0/0,16159:1747647661895:,1747647680689
counter/2/0/0/0,15738:1747647661879:,1747647680689
counter/8/0/0/0,16160:1747647661895:,1747647680689
counter/2/0/0/0,15739:1747647661879:,1747647680689
counter/8/0/0/0,16161:1747647661895:,1747647680689
counter/2/0/0/0,15740:1747647661879:,1747647680689
counter/8/0/0/0,16162:1747647661895:,1747647680689
counter/2/0/0/0,15741:1747647661881:,1747647680689
counter/8/0/0/0,16163:1747647661895:,1747647680689
counter/2/0/0/0,15742:1747647661881:,1747647680689
counter/8/0/0/0,16164:1747647661895:,1747647680689
counter/2/0/0/0,15743:1747647661881:,1747647680689
counter/8/0/0/0,16165:1747647661895:,1747647680689
counter/2/0/0/0,15744:1747647661900:,1747647680689
counter/8/0/0/0,16166:1747647661895:,1747647680689
counter/2/0/0/0,15745:1747647661901:,1747647680689
counter/8/0/0/0,16167:1747647661895:,1747647680689
counter/2/0/0/0,15746:1747647661901:,1747647680689
counter/8/0/0/0,16168:1747647661895:,1747647680689
counter/2/0/0/0,15747:1747647661901:,1747647680689
counter/8/0/0/0,16169:1747647661895:,1747647680689
counter/2/0/0/0,15748:1747647662354:,1747647680689
counter/8/0/0/0,16170:1747647661895:,1747647680689
counter/2/0/0/0,15749:1747647662362:,1747647680689
counter/8/0/0/0,16171:1747647661895:,1747647680689
counter/2/0/0/0,15750:1747647662362:,1747647680689
counter/8/0/0/0,16172:1747647661897:,1747647680689
counter/2/0/0/0,15751:1747647662363:,1747647680690
counter/8/0/0/0,16173:1747647661897:,1747647680690
counter/2/0/0/0,15752:1747647662364:,1747647680690
counter/8/0/0/0,16174:1747647661897:,1747647680690
counter/2/0/0/0,15753:1747647662364:,1747647680690
counter/8/0/0/0,16175:1747647661897:,1747647680690
counter/2/0/0/0,15754:1747647662364:,1747647680690
counter/8/0/0/0,16176:1747647661897:,1747647680690
counter/2/0/0/0,15755:1747647662364:,1747647680690
counter/8/0/0/0,16177:1747647661897:,1747647680690
counter/2/0/0/0,15756:1747647662365:,1747647680690
counter/8/0/0/0,16178:1747647661897:,1747647680690
counter/2/0/0/0,15757:1747647662367:,1747647680690
counter/8/0/0/0,16179:1747647661897:,1747647680690
counter/2/0/0/0,15758:1747647662369:,1747647680690
counter/8/0/0/0,16180:1747647661897:,1747647680690
counter/2/0/0/0,15759:1747647662369:,1747647680690
counter/8/0/0/0,16181:1747647661897:,1747647680690
counter/2/0/0/0,15760:1747647662371:,1747647680690
counter/8/0/0/0,16182:1747647661897:,1747647680690
counter/2/0/0/0,15761:1747647662371:,1747647680690
counter/8/0/0/0,16183:1747647661897:,1747647680690
counter/2/0/0/0,15762:1747647662372:,1747647680690
counter/8/0/0/0,16184:1747647661897:,1747647680690
counter/2/0/0/0,15763:1747647662372:,1747647680690
counter/8/0/0/0,16185:1747647661897:,1747647680690
counter/2/0/0/0,15764:1747647662373:,1747647680690
counter/8/0/0/0,16186:1747647661899:,1747647680690
counter/2/0/0/0,15765:1747647662376:,1747647680690
counter/8/0/0/0,16187:1747647662356:,1747647680690
counter/9/0/0/0,16423:1747647662422:,1747647680690
counter/1/0/0/0,17044:1747647663531:,1747647680690
counter/2/0/0/0,15766:1747647662376:,1747647680690
counter/8/0/0/0,16188:1747647662356:,1747647680691
counter/9/0/0/0,16424:1747647662422:,1747647680691
counter/2/0/0/0,15767:1747647662376:,1747647680691
counter/8/0/0/0,16189:1747647662358:,1747647680691
counter/9/0/0/0,16425:1747647662422:,1747647680691
counter/2/0/0/0,15768:1747647662376:,1747647680691
counter/8/0/0/0,16190:1747647662358:,1747647680691
counter/9/0/0/0,16426:1747647662426:,1747647680691
counter/2/0/0/0,15769:1747647662376:,1747647680691
counter/8/0/0/0,16191:1747647662363:,1747647680691
counter/9/0/0/0,16427:1747647662426:,1747647680691
counter/2/0/0/0,15770:1747647662376:,1747647680691
counter/8/0/0/0,16192:1747647662363:,1747647680691
counter/9/0/0/0,16428:1747647662426:,1747647680691
counter/2/0/0/0,15771:1747647662376:,1747647680691
counter/8/0/0/0,16193:1747647662364:,1747647680691
counter/9/0/0/0,16429:1747647662426:,1747647680691
counter/2/0/0/0,15772:1747647662376:,1747647680691
counter/8/0/0/0,16194:1747647662366:,1747647680691
counter/9/0/0/0,16430:1747647662426:,1747647680691
counter/2/0/0/0,15773:1747647662376:,1747647680691
counter/8/0/0/0,16195:1747647662368:,1747647680691
counter/9/0/0/0,16431:1747647662426:,1747647680691
counter/2/0/0/0,15774:1747647662376:,1747647680691
counter/8/0/0/0,16196:1747647662371:,1747647680691
counter/9/0/0/0,16432:1747647662426:,1747647680691
counter/2/0/0/0,15775:1747647662376:,1747647680691
counter/8/0/0/0,16197:1747647662373:,1747647680691
counter/9/0/0/0,16433:1747647662426:,1747647680691
counter/2/0/0/0,15776:1747647662376:,1747647680691
counter/8/0/0/0,16198:1747647662376:,1747647680691
counter/9/0/0/0,16434:1747647662426:,1747647680691
counter/2/0/0/0,15777:1747647662378:,1747647680691
counter/8/0/0/0,16199:1747647662376:,1747647680691
counter/9/0/0/0,16435:1747647662426:,1747647680691
counter/2/0/0/0,15778:1747647662378:,1747647680691
counter/8/0/0/0,16200:1747647662379:,1747647680691
counter/9/0/0/0,16436:1747647662429:,1747647680691
counter/2/0/0/0,15779:1747647662378:,1747647680692
counter/8/0/0/0,16201:1747647662380:,1747647680692
counter/9/0/0/0,16437:1747647662430:,1747647680692
counter/2/0/0/0,15780:1747647662378:,1747647680692
counter/8/0/0/0,16202:1747647662381:,1747647680692
counter/9/0/0/0,16438:1747647662430:,1747647680692
counter/2/0/0/0,15781:1747647662384:,1747647680692
counter/8/0/0/0,16203:1747647662384:,1747647680692
counter/9/0/0/0,16439:1747647662430:,1747647680692
counter/2/0/0/0,15782:1747647662384:,1747647680692
counter/8/0/0/0,16204:1747647662390:,1747647680692
counter/9/0/0/0,16440:1747647662430:,1747647680692
counter/2/0/0/0,15783:1747647662384:,1747647680692
counter/8/0/0/0,16205:1747647662390:,1747647680692
counter/9/0/0/0,16441:1747647662430:,1747647680692
counter/2/0/0/0,15784:1747647662384:,1747647680692
counter/8/0/0/0,16206:1747647662390:,1747647680692
counter/9/0/0/0,16442:1747647662430:,1747647680692
counter/2/0/0/0,15785:1747647662384:,1747647680692
counter/8/0/0/0,16207:1747647662390:,1747647680692
counter/9/0/0/0,16443:1747647662430:,1747647680692
counter/2/0/0/0,15786:1747647662384:,1747647680692
counter/8/0/0/0,16208:1747647662390:,1747647680692
counter/9/0/0/0,16444:1747647662430:,1747647680692
counter/2/0/0/0,15787:1747647662384:,1747647680692
counter/8/0/0/0,16209:1747647662390:,1747647680692
counter/9/0/0/0,16445:1747647662430:,1747647680692
counter/2/0/0/0,15788:1747647662384:,1747647680692
counter/8/0/0/0,16210:1747647662390:,1747647680692
counter/9/0/0/0,16446:1747647662430:,1747647680692
counter/2/0/0/0,15789:1747647662384:,1747647680692
counter/9/0/0/0,16447:1747647662430:,1747647680692
counter/2/0/0/0,15790:1747647662384:,1747647680692
counter/9/0/0/0,16448:1747647662430:,1747647680692
counter/2/0/0/0,15791:1747647662384:,1747647680692
counter/9/0/0/0,16449:1747647662437:,1747647680692
counter/2/0/0/0,15792:1747647662384:,1747647680693
counter/9/0/0/0,16450:1747647662437:,1747647680693
counter/2/0/0/0,15793:1747647662384:,1747647680693
counter/9/0/0/0,16451:1747647662437:,1747647680693
counter/2/0/0/0,15794:1747647662384:,1747647680693
counter/9/0/0/0,16452:1747647662437:,1747647680693
counter/2/0/0/0,15795:1747647662384:,1747647680693
counter/9/0/0/0,16453:1747647662437:,1747647680693
counter/2/0/0/0,15796:1747647662384:,1747647680693
counter/9/0/0/0,16454:1747647662437:,1747647680693
counter/2/0/0/0,15797:1747647662404:,1747647680693
counter/9/0/0/0,16455:1747647662437:,1747647680693
counter/2/0/0/0,15798:1747647662404:,1747647680693
counter/9/0/0/0,16456:1747647662437:,1747647680693
counter/2/0/0/0,15799:1747647662404:,1747647680693
counter/9/0/0/0,16457:1747647662438:,1747647680693
counter/2/0/0/0,15800:1747647662404:,1747647680693
counter/9/0/0/0,16458:1747647662438:,1747647680693
counter/2/0/0/0,15801:1747647662404:,1747647680693
counter/9/0/0/0,16459:1747647662441:,1747647680693
counter/2/0/0/0,15802:1747647662404:,1747647680693
counter/9/0/0/0,16460:1747647662441:,1747647680693
counter/2/0/0/0,15803:1747647662404:,1747647680693
counter/9/0/0/0,16461:1747647662441:,1747647680693
counter/9/0/0/0,16462:1747647662441:,1747647680693
counter/9/0/0/0,16463:1747647662441:,1747647680693
counter/9/0/0/0,16464:1747647662441:,1747647680693
counter/9/0/0/0,16465:1747647662441:,1747647680693
counter/9/0/0/0,16466:1747647662454:,1747647680693
counter/9/0/0/0,16467:1747647662454:,1747647680693
counter/9/0/0/0,16468:1747647662454:,1747647680693
counter/9/0/0/0,16469:1747647662454:,1747647680693
counter/9/0/0/0,16470:1747647662454:,1747647680693
counter/9/0/0/0,16471:1747647662454:,1747647680693
counter/9/0/0/0,16472:1747647662454:,1747647680693
counter/9/0/0/0,16473:1747647662465:,1747647680693
counter/9/0/0/0,16474:1747647662465:,1747647680693
counter/9/0/0/0,16475:1747647662465:,1747647680693
counter/9/0/0/0,16476:1747647662465:,1747647680693
counter/9/0/0/0,16477:1747647662465:,1747647680694
counter/9/0/0/0,16478:1747647662465:,1747647680694
counter/9/0/0/0,16479:1747647662465:,1747647680694
counter/9/0/0/0,16480:1747647662465:,1747647680694
counter/9/0/0/0,16481:1747647662465:,1747647680694
counter/9/0/0/0,16482:1747647662465:,1747647680694
counter/10/0/0/0,14620:1747647661428:,1747647680694
counter/9/0/0/0,16483:1747647662465:,1747647680694
counter/6/0/0/0,15411:1747647662615:,1747647680694
counter/8/0/0/0,16211:1747647662390:,1747647680694
counter/9/0/0/0,16484:1747647662465:,1747647680694
counter/1/0/0/0,17045:1747647663531:,1747647680694
counter/7/0/0/0,15394:1747647661829:,1747647680694
counter/9/0/0/0,16485:1747647662466:,1747647680694
counter/4/0/0/0,15875:1747647663518:,1747647680694
counter/5/0/0/0,15666:1747647661850:,1747647680694
counter/9/0/0/0,16486:1747647662466:,1747647680694
counter/9/0/0/0,16487:1747647662466:,1747647680694
counter/9/0/0/0,16488:1747647662466:,1747647680694
counter/9/0/0/0,16489:1747647662466:,1747647680694
counter/9/0/0/0,16490:1747647662466:,1747647680694
counter/9/0/0/0,16491:1747647662466:,1747647680694
counter/9/0/0/0,16492:1747647662466:,1747647680694
counter/9/0/0/0,16493:1747647662466:,1747647680694
counter/9/0/0/0,16494:1747647662466:,1747647680694
counter/9/0/0/0,16495:1747647662480:,1747647680694
counter/9/0/0/0,16496:1747647662480:,1747647680694
counter/9/0/0/0,16497:1747647662480:,1747647680694
counter/9/0/0/0,16498:1747647662480:,1747647680694
counter/9/0/0/0,16499:1747647662480:,1747647680694
counter/9/0/0/0,16500:1747647662480:,1747647680694
counter/9/0/0/0,16501:1747647662480:,1747647680694
counter/9/0/0/0,16502:1747647662480:,1747647680694
counter/9/0/0/0,16503:1747647662480:,1747647680694
counter/9/0/0/0,16504:1747647662480:,1747647680694
counter/9/0/0/0,16505:1747647662480:,1747647680694
counter/9/0/0/0,16506:1747647662480:,1747647680694
counter/9/0/0/0,16507:1747647662480:,1747647680694
counter/9/0/0/0,16508:1747647662480:,1747647680695
counter/9/0/0/0,16509:1747647662480:,1747647680695
counter/9/0/0/0,16510:1747647662480:,1747647680695
counter/9/0/0/0,16511:1747647662480:,1747647680695
counter/9/0/0/0,16512:1747647662482:,1747647680695
counter/9/0/0/0,16513:1747647662482:,1747647680695
counter/9/0/0/0,16514:1747647662482:,1747647680695
counter/9/0/0/0,16515:1747647662482:,1747647680695
counter/9/0/0/0,16516:1747647662482:,1747647680695
counter/9/0/0/0,16517:1747647662482:,1747647680695
counter/9/0/0/0,16518:1747647662482:,1747647680695
counter/9/0/0/0,16519:1747647662482:,1747647680695
counter/9/0/0/0,16520:1747647662482:,1747647680695
counter/9/0/0/0,16521:1747647662482:,1747647680695
counter/9/0/0/0,16522:1747647662482:,1747647680695
counter/9/0/0/0,16523:1747647662482:,1747647680695
counter/9/0/0/0,16524:1747647662482:,1747647680695
counter/9/0/0/0,16525:1747647662482:,1747647680695
counter/9/0/0/0,16526:1747647662482:,1747647680695
counter/9/0/0/0,16527:1747647662482:,1747647680695
counter/9/0/0/0,16528:1747647662482:,1747647680695
counter/9/0/0/0,16529:1747647662482:,1747647680695
counter/9/0/0/0,16530:1747647662482:,1747647680695
counter/9/0/0/0,16531:1747647662482:,1747647680695
counter/9/0/0/0,16532:1747647662482:,1747647680695
counter/9/0/0/0,16533:1747647662482:,1747647680695
counter/9/0/0/0,16534:1747647662482:,1747647680695
counter/9/0/0/0,16535:1747647662482:,1747647680695
counter/9/0/0/0,16536:1747647662482:,1747647680695
counter/9/0/0/0,16537:1747647662486:,1747647680695
counter/9/0/0/0,16538:1747647662486:,1747647680695
counter/9/0/0/0,16539:1747647662486:,1747647680695
counter/9/0/0/0,16540:1747647662486:,1747647680695
counter/9/0/0/0,16541:1747647662486:,1747647680695
counter/9/0/0/0,16542:1747647662486:,1747647680695
counter/9/0/0/0,16543:1747647662486:,1747647680696
counter/9/0/0/0,16544:1747647662486:,1747647680696
counter/9/0/0/0,16545:1747647662486:,1747647680696
counter/9/0/0/0,16546:1747647662487:,1747647680696
counter/9/0/0/0,16547:1747647662487:,1747647680696
counter/9/0/0/0,16548:1747647662487:,1747647680696
counter/9/0/0/0,16549:1747647662487:,1747647680696
counter/9/0/0/0,16550:1747647662487:,1747647680696
counter/9/0/0/0,16551:1747647662487:,1747647680696
counter/9/0/0/0,16552:1747647662487:,1747647680696
counter/9/0/0/0,16553:1747647662487:,1747647680696
counter/9/0/0/0,16554:1747647662487:,1747647680696
counter/9/0/0/0,16555:1747647662487:,1747647680696
counter/9/0/0/0,16556:1747647662487:,1747647680696
counter/9/0/0/0,16557:1747647662487:,1747647680696
counter/9/0/0/0,16558:1747647662487:,1747647680696
counter/9/0/0/0,16559:1747647662487:,1747647680696
counter/9/0/0/0,16560:1747647662487:,1747647680696
counter/9/0/0/0,16561:1747647662487:,1747647680696
counter/9/0/0/0,16562:1747647662487:,1747647680696
counter/1/0/0/0,17046:1747647663531:,1747647680696
counter/9/0/0/0,16563:1747647662487:,1747647680696
counter/3/0/0/0,17011:1747647663842:,1747647680696
counter/9/0/0/0,16564:1747647662487:,1747647680696
counter/10/0/0/0,14621:1747647661428:,1747647680696
counter/6/0/0/0,15412:1747647662615:,1747647680696
counter/9/0/0/0,16565:1747647662487:,1747647680696
counter/8/0/0/0,16212:1747647662390:,1747647680696
counter/4/0/0/0,15876:1747647663518:,1747647680696
counter/9/0/0/0,16566:1747647662487:,1747647680696
counter/7/0/0/0,15395:1747647661830:,1747647680696
counter/9/0/0/0,16567:1747647662487:,1747647680696
counter/9/0/0/0,16568:1747647662487:,1747647680696
counter/9/0/0/0,16569:1747647662487:,1747647680696
counter/9/0/0/0,16570:1747647662487:,1747647680696
counter/9/0/0/0,16571:1747647662487:,1747647680696
counter/8/0/0/0,16213:1747647662390:,1747647680696
counter/9/0/0/0,16572:1747647662487:,1747647680696
counter/4/0/0/0,15877:1747647663518:,1747647680696
counter/9/0/0/0,16573:1747647662487:,1747647680697
counter/7/0/0/0,15396:1747647661830:,1747647680697
counter/5/0/0/0,15667:1747647661850:,1747647680697
counter/9/0/0/0,16574:1747647662493:,1747647680697
counter/1/0/0/0,17047:1747647663531:,1747647680697
counter/3/0/0/0,17012:1747647663842:,1747647680697
counter/9/0/0/0,16575:1747647662493:,1747647680697
counter/10/0/0/0,14622:1747647661428:,1747647680697
counter/9/0/0/0,16576:1747647662493:,1747647680697
counter/9/0/0/0,16577:1747647662493:,1747647680697
counter/9/0/0/0,16578:1747647662493:,1747647680697
counter/9/0/0/0,16579:1747647662496:,1747647680697
counter/9/0/0/0,16580:1747647662496:,1747647680697
counter/9/0/0/0,16581:1747647662496:,1747647680697
counter/9/0/0/0,16582:1747647662497:,1747647680697
counter/9/0/0/0,16583:1747647662497:,1747647680697
counter/9/0/0/0,16584:1747647662497:,1747647680697
counter/9/0/0/0,16585:1747647662497:,1747647680697
counter/9/0/0/0,16586:1747647662497:,1747647680697
counter/9/0/0/0,16587:1747647662497:,1747647680697
counter/9/0/0/0,16588:1747647662497:,1747647680697
counter/9/0/0/0,16589:1747647662497:,1747647680697
counter/9/0/0/0,16590:1747647662497:,1747647680697
counter/9/0/0/0,16591:1747647662497:,1747647680697
counter/9/0/0/0,16592:1747647662497:,1747647680697
counter/9/0/0/0,16593:1747647662497:,1747647680697
counter/9/0/0/0,16594:1747647662497:,1747647680697
counter/9/0/0/0,16595:1747647662498:,1747647680697
counter/9/0/0/0,16596:1747647662498:,1747647680697
counter/9/0/0/0,16597:1747647662498:,1747647680697
counter/9/0/0/0,16598:1747647662498:,1747647680697
counter/9/0/0/0,16599:1747647662498:,1747647680697
counter/9/0/0/0,16600:1747647662498:,1747647680697
counter/9/0/0/0,16601:1747647662498:,1747647680697
counter/9/0/0/0,16602:1747647662498:,1747647680697
counter/9/0/0/0,16603:1747647662498:,1747647680697
counter/9/0/0/0,16604:1747647662498:,1747647680697
counter/9/0/0/0,16605:1747647662498:,1747647680697
counter/9/0/0/0,16606:1747647662498:,1747647680697
counter/9/0/0/0,16607:1747647662504:,1747647680698
counter/9/0/0/0,16608:1747647662504:,1747647680698
counter/9/0/0/0,16609:1747647662504:,1747647680698
counter/9/0/0/0,16610:1747647662504:,1747647680698
counter/9/0/0/0,16611:1747647662504:,1747647680698
counter/9/0/0/0,16612:1747647662504:,1747647680698
counter/9/0/0/0,16613:1747647662505:,1747647680698
counter/9/0/0/0,16614:1747647662505:,1747647680698
counter/9/0/0/0,16615:1747647662510:,1747647680698
counter/9/0/0/0,16616:1747647662510:,1747647680698
counter/9/0/0/0,16617:1747647662510:,1747647680698
counter/9/0/0/0,16618:1747647662510:,1747647680698
counter/9/0/0/0,16619:1747647662510:,1747647680698
counter/9/0/0/0,16620:1747647662510:,1747647680698
counter/9/0/0/0,16621:1747647662510:,1747647680698
counter/9/0/0/0,16622:1747647662510:,1747647680698
counter/9/0/0/0,16623:1747647662510:,1747647680698
counter/9/0/0/0,16624:1747647662510:,1747647680698
counter/9/0/0/0,16625:1747647662510:,1747647680698
counter/9/0/0/0,16626:1747647662511:,1747647680698
counter/9/0/0/0,16627:1747647662527:,1747647680698
counter/9/0/0/0,16628:1747647662527:,1747647680698
counter/9/0/0/0,16629:1747647662527:,1747647680698
counter/9/0/0/0,16630:1747647662527:,1747647680698
counter/9/0/0/0,16631:1747647662527:,1747647680698
counter/9/0/0/0,16632:1747647662527:,1747647680698
counter/9/0/0/0,16633:1747647662531:,1747647680698
counter/9/0/0/0,16634:1747647662532:,1747647680698
counter/9/0/0/0,16635:1747647662532:,1747647680698
counter/9/0/0/0,16636:1747647662532:,1747647680698
counter/9/0/0/0,16637:1747647662532:,1747647680698
counter/9/0/0/0,16638:1747647662532:,1747647680698
counter/9/0/0/0,16639:1747647662538:,1747647680698
counter/9/0/0/0,16640:1747647662538:,1747647680698
counter/9/0/0/0,16641:1747647662538:,1747647680698
counter/9/0/0/0,16642:1747647662538:,1747647680698
counter/4/0/0/0,15878:1747647663518:,1747647680698
counter/9/0/0/0,16643:1747647662538:,1747647680698
counter/7/0/0/0,15397:1747647661831:,1747647680698
counter/9/0/0/0,16644:1747647662538:,1747647680698
counter/5/0/0/0,15668:1747647661850:,1747647680698
counter/1/0/0/0,17048:1747647663531:,1747647680698
counter/9/0/0/0,16645:1747647662538:,1747647680698
counter/10/0/0/0,14623:1747647661428:,1747647680699
counter/3/0/0/0,17013:1747647663855:,1747647680699
counter/9/0/0/0,16646:1747647662538:,1747647680699
counter/6/0/0/0,15413:1747647662615:,1747647680699
counter/8/0/0/0,16214:1747647662390:,1747647680699
counter/9/0/0/0,16647:1747647662538:,1747647680699
counter/9/0/0/0,16648:1747647662538:,1747647680699
counter/9/0/0/0,16649:1747647662538:,1747647680699
counter/9/0/0/0,16650:1747647662538:,1747647680699
counter/9/0/0/0,16651:1747647662538:,1747647680699
counter/9/0/0/0,16652:1747647662538:,1747647680699
counter/9/0/0/0,16653:1747647662538:,1747647680699
counter/9/0/0/0,16654:1747647662540:,1747647680699
counter/9/0/0/0,16655:1747647662540:,1747647680699
counter/9/0/0/0,16656:1747647662540:,1747647680699
counter/4/0/0/0,15879:1747647663518:,1747647680699
counter/9/0/0/0,16657:1747647662540:,1747647680699
counter/5/0/0/0,15669:1747647661850:,1747647680699
counter/7/0/0/0,15398:1747647661831:,1747647680699
counter/9/0/0/0,16658:1747647662540:,1747647680699
counter/1/0/0/0,17049:1747647663531:,1747647680699
counter/10/0/0/0,14624:1747647661428:,1747647680699
counter/9/0/0/0,16659:1747647662540:,1747647680699
counter/6/0/0/0,15414:1747647662615:,1747647680699
counter/3/0/0/0,17014:1747647663855:,1747647680699
counter/9/0/0/0,16660:1747647662540:,1747647680699
counter/8/0/0/0,16215:1747647662390:,1747647680699
counter/9/0/0/0,16661:1747647662540:,1747647680699
counter/9/0/0/0,16662:1747647662545:,1747647680699
counter/9/0/0/0,16663:1747647662545:,1747647680699
counter/9/0/0/0,16664:1747647662545:,1747647680699
counter/9/0/0/0,16665:1747647662549:,1747647680699
counter/9/0/0/0,16666:1747647662549:,1747647680699
counter/9/0/0/0,16667:1747647662549:,1747647680699
counter/9/0/0/0,16668:1747647662549:,1747647680699
counter/9/0/0/0,16669:1747647662549:,1747647680699
counter/9/0/0/0,16670:1747647662549:,1747647680699
counter/9/0/0/0,16671:1747647662549:,1747647680699
counter/9/0/0/0,16672:1747647662549:,1747647680699
counter/9/0/0/0,16673:1747647662549:,1747647680699
counter/9/0/0/0,16674:1747647662549:,1747647680699
counter/9/0/0/0,16675:1747647662549:,1747647680699
counter/9/0/0/0,16676:1747647662551:,1747647680699
counter/9/0/0/0,16677:1747647662551:,1747647680699
counter/9/0/0/0,16678:1747647662551:,1747647680700
counter/9/0/0/0,16679:1747647662551:,1747647680700
counter/9/0/0/0,16680:1747647662551:,1747647680700
counter/9/0/0/0,16681:1747647662551:,1747647680700
counter/9/0/0/0,16682:1747647662551:,1747647680700
counter/9/0/0/0,16683:1747647662551:,1747647680700
counter/9/0/0/0,16684:1747647662551:,1747647680700
counter/9/0/0/0,16685:1747647662551:,1747647680700
counter/9/0/0/0,16686:1747647662551:,1747647680700
counter/9/0/0/0,16687:1747647662555:,1747647680700
counter/9/0/0/0,16688:1747647662555:,1747647680700
counter/9/0/0/0,16689:1747647662555:,1747647680700
counter/9/0/0/0,16690:1747647662555:,1747647680700
counter/9/0/0/0,16691:1747647662555:,1747647680700
counter/1/0/0/0,17050:1747647663531:,1747647680700
counter/9/0/0/0,16692:1747647662555:,1747647680700
counter/7/0/0/0,15399:1747647661831:,1747647680700
counter/9/0/0/0,16693:1747647662556:,1747647680700
counter/10/0/0/0,14625:1747647661428:,1747647680700
counter/6/0/0/0,15415:1747647662615:,1747647680700
counter/9/0/0/0,16694:1747647662556:,1747647680700
counter/3/0/0/0,17015:1747647663855:,1747647680700
counter/8/0/0/0,16216:1747647662390:,1747647680700
counter/9/0/0/0,16695:1747647662556:,1747647680700
counter/4/0/0/0,15880:1747647663518:,1747647680700
counter/9/0/0/0,16696:1747647662556:,1747647680700
counter/9/0/0/0,16697:1747647662556:,1747647680700
counter/9/0/0/0,16698:1747647662556:,1747647680700
counter/9/0/0/0,16699:1747647662556:,1747647680700
counter/9/0/0/0,16700:1747647662556:,1747647680700
counter/9/0/0/0,16701:1747647662556:,1747647680700
counter/9/0/0/0,16702:1747647662556:,1747647680700
counter/9/0/0/0,16703:1747647662556:,1747647680700
counter/9/0/0/0,16704:1747647662556:,1747647680700
counter/9/0/0/0,16705:1747647662572:,1747647680700
counter/9/0/0/0,16706:1747647662572:,1747647680700
counter/9/0/0/0,16707:1747647662572:,1747647680700
counter/9/0/0/0,16708:1747647662572:,1747647680700
counter/9/0/0/0,16709:1747647662572:,1747647680700
counter/9/0/0/0,16710:1747647662572:,1747647680700
counter/9/0/0/0,16711:1747647662572:,1747647680700
counter/9/0/0/0,16712:1747647662572:,1747647680700
counter/9/0/0/0,16713:1747647662572:,1747647680701
counter/9/0/0/0,16714:1747647662572:,1747647680701
counter/9/0/0/0,16715:1747647662572:,1747647680701
counter/9/0/0/0,16716:1747647662577:,1747647680701
counter/9/0/0/0,16717:1747647662577:,1747647680701
counter/9/0/0/0,16718:1747647662577:,1747647680701
counter/9/0/0/0,16719:1747647662577:,1747647680701
counter/9/0/0/0,16720:1747647662577:,1747647680701
counter/9/0/0/0,16721:1747647662577:,1747647680701
counter/9/0/0/0,16722:1747647662577:,1747647680701
counter/9/0/0/0,16723:1747647662577:,1747647680701
counter/9/0/0/0,16724:1747647662577:,1747647680701
counter/9/0/0/0,16725:1747647662577:,1747647680701
counter/9/0/0/0,16726:1747647662577:,1747647680701
counter/9/0/0/0,16727:1747647662577:,1747647680701
counter/9/0/0/0,16728:1747647662577:,1747647680701
counter/9/0/0/0,16729:1747647662577:,1747647680701
counter/9/0/0/0,16730:1747647662577:,1747647680701
counter/9/0/0/0,16731:1747647662577:,1747647680701
counter/9/0/0/0,16732:1747647662577:,1747647680701
counter/9/0/0/0,16733:1747647662577:,1747647680701
counter/9/0/0/0,16734:1747647662578:,1747647680701
counter/9/0/0/0,16735:1747647662579:,1747647680701
counter/9/0/0/0,16736:1747647662579:,1747647680701
counter/9/0/0/0,16737:1747647662579:,1747647680701
counter/9/0/0/0,16738:1747647662579:,1747647680701
counter/9/0/0/0,16739:1747647662579:,1747647680701
counter/9/0/0/0,16740:1747647662579:,1747647680701
counter/9/0/0/0,16741:1747647662579:,1747647680701
counter/9/0/0/0,16742:1747647662579:,1747647680701
counter/9/0/0/0,16743:1747647662579:,1747647680701
counter/9/0/0/0,16744:1747647662579:,1747647680701
counter/9/0/0/0,16745:1747647662579:,1747647680701
counter/9/0/0/0,16746:1747647662579:,1747647680701
counter/9/0/0/0,16747:1747647662579:,1747647680701
counter/9/0/0/0,16748:1747647662579:,1747647680701
counter/9/0/0/0,16749:1747647662579:,1747647680701
counter/9/0/0/0,16750:1747647662594:,1747647680701
counter/9/0/0/0,16751:1747647662594:,1747647680701
counter/9/0/0/0,16752:1747647662595:,1747647680701
counter/9/0/0/0,16753:1747647662595:,1747647680701
counter/9/0/0/0,16754:1747647662595:,1747647680701
counter/9/0/0/0,16755:1747647662595:,1747647680701
counter/9/0/0/0,16756:1747647662595:,1747647680701
counter/9/0/0/0,16757:1747647662595:,1747647680702
counter/9/0/0/0,16758:1747647662595:,1747647680702
counter/9/0/0/0,16759:1747647662595:,1747647680702
counter/9/0/0/0,16760:1747647662595:,1747647680702
counter/9/0/0/0,16761:1747647662595:,1747647680702
counter/9/0/0/0,16762:1747647662595:,1747647680702
counter/9/0/0/0,16763:1747647662595:,1747647680702
counter/9/0/0/0,16764:1747647662595:,1747647680702
counter/9/0/0/0,16765:1747647662595:,1747647680702
counter/9/0/0/0,16766:1747647662595:,1747647680702
counter/9/0/0/0,16767:1747647662601:,1747647680702
counter/9/0/0/0,16768:1747647662601:,1747647680702
counter/9/0/0/0,16769:1747647662601:,1747647680702
counter/9/0/0/0,16770:1747647662605:,1747647680702
counter/9/0/0/0,16771:1747647662605:,1747647680702
counter/9/0/0/0,16772:1747647662605:,1747647680702
counter/9/0/0/0,16773:1747647662605:,1747647680702
counter/9/0/0/0,16774:1747647662605:,1747647680702
counter/9/0/0/0,16775:1747647662606:,1747647680702
counter/9/0/0/0,16776:1747647662606:,1747647680702
counter/9/0/0/0,16777:1747647662606:,1747647680702
counter/9/0/0/0,16778:1747647662606:,1747647680702
counter/9/0/0/0,16779:1747647662606:,1747647680702
counter/9/0/0/0,16780:1747647662624:,1747647680702
counter/9/0/0/0,16781:1747647662624:,1747647680702
counter/9/0/0/0,16782:1747647662624:,1747647680702
counter/9/0/0/0,16783:1747647662624:,1747647680702
counter/9/0/0/0,16784:1747647662624:,1747647680702
counter/9/0/0/0,16785:1747647662624:,1747647680702
counter/9/0/0/0,16786:1747647662627:,1747647680702
counter/9/0/0/0,16787:1747647662628:,1747647680702
counter/9/0/0/0,16788:1747647662628:,1747647680702
counter/9/0/0/0,16789:1747647662628:,1747647680702
counter/9/0/0/0,16790:1747647662628:,1747647680702
counter/9/0/0/0,16791:1747647662628:,1747647680702
counter/9/0/0/0,16792:1747647662628:,1747647680702
counter/9/0/0/0,16793:1747647662632:,1747647680702
counter/9/0/0/0,16794:1747647662632:,1747647680702
counter/9/0/0/0,16795:1747647662632:,1747647680702
counter/9/0/0/0,16796:1747647662632:,1747647680702
counter/9/0/0/0,16797:1747647662632:,1747647680702
counter/9/0/0/0,16798:1747647662632:,1747647680702
counter/9/0/0/0,16799:1747647662632:,1747647680703
counter/9/0/0/0,16800:1747647662633:,1747647680703
counter/9/0/0/0,16801:1747647662633:,1747647680703
counter/9/0/0/0,16802:1747647662633:,1747647680703
counter/9/0/0/0,16803:1747647662633:,1747647680703
counter/9/0/0/0,16804:1747647662633:,1747647680703
counter/9/0/0/0,16805:1747647662633:,1747647680703
counter/9/0/0/0,16806:1747647662633:,1747647680703
counter/9/0/0/0,16807:1747647662633:,1747647680703
counter/9/0/0/0,16808:1747647662637:,1747647680703
counter/3/0/0/0,17016:1747647663855:,1747647680703
counter/9/0/0/0,16809:1747647662637:,1747647680703
counter/2/0/0/0,15804:1747647662404:,1747647680703
counter/9/0/0/0,16810:1747647662637:,1747647680703
counter/8/0/0/0,16217:1747647662390:,1747647680703
counter/9/0/0/0,16811:1747647662637:,1747647680703
counter/8/0/0/0,16218:1747647662414:,1747647680703
counter/4/0/0/0,15881:1747647663521:,1747647680703
counter/9/0/0/0,16812:1747647662637:,1747647680703
counter/8/0/0/0,16219:1747647662414:,1747647680703
counter/9/0/0/0,16813:1747647662637:,1747647680703
counter/8/0/0/0,16220:1747647662414:,1747647680703
counter/9/0/0/0,16814:1747647662637:,1747647680703
counter/8/0/0/0,16221:1747647662420:,1747647680703
counter/9/0/0/0,16815:1747647662637:,1747647680703
counter/8/0/0/0,16222:1747647662421:,1747647680703
counter/9/0/0/0,16816:1747647662637:,1747647680703
counter/8/0/0/0,16223:1747647662421:,1747647680703
counter/9/0/0/0,16817:1747647662637:,1747647680703
counter/8/0/0/0,16224:1747647662426:,1747647680703
counter/9/0/0/0,16818:1747647662637:,1747647680703
counter/8/0/0/0,16225:1747647662435:,1747647680703
counter/9/0/0/0,16819:1747647662637:,1747647680703
counter/8/0/0/0,16226:1747647662435:,1747647680703
counter/9/0/0/0,16820:1747647662637:,1747647680703
counter/8/0/0/0,16227:1747647662435:,1747647680703
counter/9/0/0/0,16821:1747647662642:,1747647680703
counter/8/0/0/0,16228:1747647662435:,1747647680703
counter/9/0/0/0,16822:1747647662642:,1747647680703
counter/8/0/0/0,16229:1747647662435:,1747647680703
counter/9/0/0/0,16823:1747647662642:,1747647680703
counter/8/0/0/0,16230:1747647662435:,1747647680703
counter/9/0/0/0,16824:1747647662642:,1747647680703
counter/8/0/0/0,16231:1747647662436:,1747647680703
counter/9/0/0/0,16825:1747647662642:,1747647680703
counter/8/0/0/0,16232:1747647662436:,1747647680704
counter/9/0/0/0,16826:1747647662642:,1747647680704
counter/8/0/0/0,16233:1747647662436:,1747647680704
counter/9/0/0/0,16827:1747647662642:,1747647680704
counter/8/0/0/0,16234:1747647662436:,1747647680704
counter/9/0/0/0,16828:1747647662642:,1747647680704
counter/8/0/0/0,16235:1747647662436:,1747647680704
counter/9/0/0/0,16829:1747647662642:,1747647680704
counter/8/0/0/0,16236:1747647662436:,1747647680704
counter/9/0/0/0,16830:1747647662642:,1747647680704
counter/8/0/0/0,16237:1747647662436:,1747647680704
counter/9/0/0/0,16831:1747647662643:,1747647680704
counter/8/0/0/0,16238:1747647662436:,1747647680704
counter/9/0/0/0,16832:1747647662643:,1747647680704
counter/8/0/0/0,16239:1747647662436:,1747647680704
counter/9/0/0/0,16833:1747647662643:,1747647680704
counter/8/0/0/0,16240:1747647662436:,1747647680704
counter/9/0/0/0,16834:1747647662643:,1747647680704
counter/8/0/0/0,16241:1747647662436:,1747647680704
counter/9/0/0/0,16835:1747647662643:,1747647680704
counter/8/0/0/0,16242:1747647662436:,1747647680704
counter/9/0/0/0,16836:1747647662645:,1747647680704
counter/8/0/0/0,16243:1747647662436:,1747647680704
counter/9/0/0/0,16837:1747647662645:,1747647680704
counter/8/0/0/0,16244:1747647662436:,1747647680704
counter/9/0/0/0,16838:1747647662645:,1747647680704
counter/8/0/0/0,16245:1747647662436:,1747647680704
counter/9/0/0/0,16839:1747647662645:,1747647680704
counter/8/0/0/0,16246:1747647662436:,1747647680704
counter/9/0/0/0,16840:1747647662645:,1747647680704
counter/8/0/0/0,16247:1747647662436:,1747647680704
counter/9/0/0/0,16841:1747647662645:,1747647680704
counter/8/0/0/0,16248:1747647662436:,1747647680704
counter/9/0/0/0,16842:1747647662645:,1747647680704
counter/8/0/0/0,16249:1747647662436:,1747647680704
counter/9/0/0/0,16843:1747647662645:,1747647680704
counter/8/0/0/0,16250:1747647662436:,1747647680704
counter/9/0/0/0,16844:1747647662645:,1747647680704
counter/8/0/0/0,16251:1747647662440:,1747647680704
counter/9/0/0/0,16845:1747647662645:,1747647680704
counter/8/0/0/0,16252:1747647662440:,1747647680704
counter/9/0/0/0,16846:1747647662645:,1747647680705
counter/8/0/0/0,16253:1747647662440:,1747647680705
counter/9/0/0/0,16847:1747647662645:,1747647680705
counter/8/0/0/0,16254:1747647662440:,1747647680705
counter/9/0/0/0,16848:1747647662645:,1747647680705
counter/8/0/0/0,16255:1747647662441:,1747647680705
counter/9/0/0/0,16849:1747647662645:,1747647680705
counter/8/0/0/0,16256:1747647662442:,1747647680705
counter/9/0/0/0,16850:1747647662647:,1747647680705
counter/8/0/0/0,16257:1747647662442:,1747647680705
counter/9/0/0/0,16851:1747647662647:,1747647680705
counter/8/0/0/0,16258:1747647662442:,1747647680705
counter/9/0/0/0,16852:1747647662647:,1747647680705
counter/8/0/0/0,16259:1747647662442:,1747647680705
counter/9/0/0/0,16853:1747647662659:,1747647680705
counter/8/0/0/0,16260:1747647662445:,1747647680705
counter/9/0/0/0,16854:1747647662659:,1747647680705
counter/8/0/0/0,16261:1747647662446:,1747647680705
counter/9/0/0/0,16855:1747647662659:,1747647680705
counter/8/0/0/0,16262:1747647662446:,1747647680705
counter/9/0/0/0,16856:1747647662659:,1747647680705
counter/8/0/0/0,16263:1747647662450:,1747647680705
counter/9/0/0/0,16857:1747647662659:,1747647680705
counter/8/0/0/0,16264:1747647662450:,1747647680705
counter/9/0/0/0,16858:1747647662659:,1747647680705
counter/8/0/0/0,16265:1747647662450:,1747647680705
counter/9/0/0/0,16859:1747647662659:,1747647680705
counter/8/0/0/0,16266:1747647662450:,1747647680705
counter/9/0/0/0,16860:1747647662659:,1747647680705
counter/8/0/0/0,16267:1747647662450:,1747647680705
counter/9/0/0/0,16861:1747647662659:,1747647680705
counter/8/0/0/0,16268:1747647662450:,1747647680705
counter/9/0/0/0,16862:1747647662659:,1747647680705
counter/8/0/0/0,16269:1747647662450:,1747647680705
counter/9/0/0/0,16863:1747647662659:,1747647680705
counter/8/0/0/0,16270:1747647662451:,1747647680705
counter/9/0/0/0,16864:1747647662659:,1747647680705
counter/8/0/0/0,16271:1747647662451:,1747647680705
counter/9/0/0/0,16865:1747647662664:,1747647680705
counter/8/0/0/0,16272:1747647662451:,1747647680705
counter/9/0/0/0,16866:1747647662664:,1747647680705
counter/8/0/0/0,16273:1747647662452:,1747647680705
counter/9/0/0/0,16867:1747647662664:,1747647680705
counter/8/0/0/0,16274:1747647662463:,1747647680706
counter/9/0/0/0,16868:1747647662664:,1747647680706
counter/8/0/0/0,16275:1747647662463:,1747647680706
counter/9/0/0/0,16869:1747647662664:,1747647680706
counter/8/0/0/0,16276:1747647662463:,1747647680706
counter/9/0/0/0,16870:1747647662664:,1747647680706
counter/8/0/0/0,16277:1747647662464:,1747647680706
counter/9/0/0/0,16871:1747647662664:,1747647680706
counter/8/0/0/0,16278:1747647662464:,1747647680706
counter/9/0/0/0,16872:1747647662664:,1747647680706
counter/8/0/0/0,16279:1747647662464:,1747647680706
counter/9/0/0/0,16873:1747647662664:,1747647680706
counter/8/0/0/0,16280:1747647662464:,1747647680706
counter/9/0/0/0,16874:1747647662664:,1747647680706
counter/8/0/0/0,16281:1747647662464:,1747647680706
counter/9/0/0/0,16875:1747647662664:,1747647680706
counter/8/0/0/0,16282:1747647662464:,1747647680706
counter/9/0/0/0,16876:1747647662664:,1747647680706
counter/8/0/0/0,16283:1747647662464:,1747647680706
counter/9/0/0/0,16877:1747647662664:,1747647680706
counter/8/0/0/0,16284:1747647662472:,1747647680706
counter/9/0/0/0,16878:1747647662664:,1747647680706
counter/8/0/0/0,16285:1747647662472:,1747647680706
counter/9/0/0/0,16879:1747647662666:,1747647680706
counter/8/0/0/0,16286:1747647662472:,1747647680706
counter/9/0/0/0,16880:1747647662666:,1747647680706
counter/8/0/0/0,16287:1747647662472:,1747647680706
counter/9/0/0/0,16881:1747647662666:,1747647680706
counter/8/0/0/0,16288:1747647662472:,1747647680706
counter/9/0/0/0,16882:1747647662666:,1747647680706
counter/8/0/0/0,16289:1747647662472:,1747647680706
counter/9/0/0/0,16883:1747647662666:,1747647680706
counter/8/0/0/0,16290:1747647662472:,1747647680706
counter/9/0/0/0,16884:1747647662666:,1747647680706
counter/8/0/0/0,16291:1747647662472:,1747647680706
counter/9/0/0/0,16885:1747647662666:,1747647680706
counter/8/0/0/0,16292:1747647662472:,1747647680706
counter/9/0/0/0,16886:1747647662667:,1747647680706
counter/8/0/0/0,16293:1747647662473:,1747647680706
counter/9/0/0/0,16887:1747647662674:,1747647680706
counter/8/0/0/0,16294:1747647662473:,1747647680706
counter/9/0/0/0,16888:1747647662674:,1747647680706
counter/8/0/0/0,16295:1747647662473:,1747647680706
counter/9/0/0/0,16889:1747647662674:,1747647680706
counter/8/0/0/0,16296:1747647662473:,1747647680706
counter/9/0/0/0,16890:1747647662674:,1747647680707
counter/8/0/0/0,16297:1747647662473:,1747647680707
counter/9/0/0/0,16891:1747647662677:,1747647680707
counter/8/0/0/0,16298:1747647662473:,1747647680707
counter/9/0/0/0,16892:1747647662677:,1747647680707
counter/8/0/0/0,16299:1747647662473:,1747647680707
counter/9/0/0/0,16893:1747647662677:,1747647680707
counter/8/0/0/0,16300:1747647662473:,1747647680707
counter/9/0/0/0,16894:1747647662677:,1747647680707
counter/8/0/0/0,16301:1747647662473:,1747647680707
counter/9/0/0/0,16895:1747647662677:,1747647680707
counter/8/0/0/0,16302:1747647662473:,1747647680707
counter/9/0/0/0,16896:1747647662679:,1747647680707
counter/8/0/0/0,16303:1747647662473:,1747647680707
counter/9/0/0/0,16897:1747647662680:,1747647680707
counter/8/0/0/0,16304:1747647662473:,1747647680707
counter/9/0/0/0,16898:1747647662680:,1747647680707
counter/8/0/0/0,16305:1747647662473:,1747647680707
counter/9/0/0/0,16899:1747647662680:,1747647680707
counter/8/0/0/0,16306:1747647662473:,1747647680707
counter/9/0/0/0,16900:1747647662680:,1747647680707
counter/8/0/0/0,16307:1747647662473:,1747647680707
counter/9/0/0/0,16901:1747647662680:,1747647680707
counter/8/0/0/0,16308:1747647662473:,1747647680707
counter/9/0/0/0,16902:1747647662680:,1747647680707
counter/8/0/0/0,16309:1747647662473:,1747647680707
counter/9/0/0/0,16903:1747647662680:,1747647680707
counter/8/0/0/0,16310:1747647662483:,1747647680707
counter/9/0/0/0,16904:1747647662680:,1747647680707
counter/8/0/0/0,16311:1747647662483:,1747647680707
counter/9/0/0/0,16905:1747647662680:,1747647680707
counter/8/0/0/0,16312:1747647662483:,1747647680707
counter/9/0/0/0,16906:1747647662680:,1747647680707
counter/8/0/0/0,16313:1747647662483:,1747647680707
counter/9/0/0/0,16907:1747647662680:,1747647680707
counter/8/0/0/0,16314:1747647662483:,1747647680707
counter/9/0/0/0,16908:1747647662680:,1747647680707
counter/8/0/0/0,16315:1747647662483:,1747647680707
counter/9/0/0/0,16909:1747647662684:,1747647680707
counter/8/0/0/0,16316:1747647662493:,1747647680707
counter/9/0/0/0,16910:1747647662698:,1747647680707
counter/8/0/0/0,16317:1747647662493:,1747647680708
counter/9/0/0/0,16911:1747647662698:,1747647680708
counter/8/0/0/0,16318:1747647662493:,1747647680708
counter/9/0/0/0,16912:1747647662698:,1747647680708
counter/8/0/0/0,16319:1747647662500:,1747647680708
counter/9/0/0/0,16913:1747647662698:,1747647680708
counter/8/0/0/0,16320:1747647662500:,1747647680708
counter/9/0/0/0,16914:1747647662698:,1747647680708
counter/8/0/0/0,16321:1747647662500:,1747647680708
counter/9/0/0/0,16915:1747647662713:,1747647680708
counter/8/0/0/0,16322:1747647662500:,1747647680708
counter/9/0/0/0,16916:1747647662713:,1747647680708
counter/8/0/0/0,16323:1747647662500:,1747647680708
counter/9/0/0/0,16917:1747647662713:,1747647680708
counter/8/0/0/0,16324:1747647662500:,1747647680708
counter/9/0/0/0,16918:1747647662713:,1747647680708
counter/8/0/0/0,16325:1747647662500:,1747647680708
counter/9/0/0/0,16919:1747647662714:,1747647680708
counter/8/0/0/0,16326:1747647662500:,1747647680708
counter/9/0/0/0,16920:1747647662714:,1747647680708
counter/8/0/0/0,16327:1747647662500:,1747647680708
counter/9/0/0/0,16921:1747647662714:,1747647680708
counter/8/0/0/0,16328:1747647662500:,1747647680708
counter/9/0/0/0,16922:1747647662714:,1747647680708
counter/8/0/0/0,16329:1747647662500:,1747647680708
counter/9/0/0/0,16923:1747647662714:,1747647680708
counter/8/0/0/0,16330:1747647662500:,1747647680708
counter/9/0/0/0,16924:1747647662714:,1747647680708
counter/8/0/0/0,16331:1747647662500:,1747647680708
counter/9/0/0/0,16925:1747647662714:,1747647680708
counter/8/0/0/0,16332:1747647662500:,1747647680708
counter/9/0/0/0,16926:1747647662714:,1747647680708
counter/8/0/0/0,16333:1747647662500:,1747647680708
counter/9/0/0/0,16927:1747647662714:,1747647680708
counter/8/0/0/0,16334:1747647662509:,1747647680708
counter/9/0/0/0,16928:1747647662715:,1747647680708
counter/8/0/0/0,16335:1747647662509:,1747647680708
counter/9/0/0/0,16929:1747647662715:,1747647680708
counter/8/0/0/0,16336:1747647662509:,1747647680708
counter/9/0/0/0,16930:1747647662715:,1747647680708
counter/8/0/0/0,16337:1747647662509:,1747647680708
counter/9/0/0/0,16931:1747647662717:,1747647680708
counter/8/0/0/0,16338:1747647662509:,1747647680708
counter/9/0/0/0,16932:1747647662721:,1747647680708
counter/8/0/0/0,16339:1747647662509:,1747647680709
counter/8/0/0/0,16340:1747647662509:,1747647680709
counter/8/0/0/0,16341:1747647662509:,1747647680709
counter/8/0/0/0,16342:1747647662509:,1747647680709
counter/8/0/0/0,16343:1747647662509:,1747647680709
counter/8/0/0/0,16344:1747647662509:,1747647680709
counter/8/0/0/0,16345:1747647662509:,1747647680709
counter/8/0/0/0,16346:1747647662510:,1747647680709
counter/8/0/0/0,16347:1747647662510:,1747647680709
counter/8/0/0/0,16348:1747647662510:,1747647680709
counter/8/0/0/0,16349:1747647662510:,1747647680709
counter/8/0/0/0,16350:1747647662510:,1747647680709
counter/8/0/0/0,16351:1747647662510:,1747647680709
counter/8/0/0/0,16352:1747647662510:,1747647680709
counter/8/0/0/0,16353:1747647662510:,1747647680709
counter/8/0/0/0,16354:1747647662510:,1747647680709
counter/8/0/0/0,16355:1747647662510:,1747647680709
counter/8/0/0/0,16356:1747647662510:,1747647680709
counter/8/0/0/0,16357:1747647662510:,1747647680709
counter/8/0/0/0,16358:1747647662511:,1747647680709
counter/8/0/0/0,16359:1747647662511:,1747647680709
counter/8/0/0/0,16360:1747647662511:,1747647680709
counter/8/0/0/0,16361:1747647662511:,1747647680709
counter/8/0/0/0,16362:1747647662511:,1747647680709
counter/8/0/0/0,16363:1747647662511:,1747647680709
counter/8/0/0/0,16364:1747647662511:,1747647680709
counter/8/0/0/0,16365:1747647662511:,1747647680709
counter/8/0/0/0,16366:1747647662511:,1747647680709
counter/8/0/0/0,16367:1747647662511:,1747647680709
counter/8/0/0/0,16368:1747647662511:,1747647680709
counter/8/0/0/0,16369:1747647662518:,1747647680709
counter/8/0/0/0,16370:1747647662518:,1747647680709
counter/8/0/0/0,16371:1747647662518:,1747647680709
counter/8/0/0/0,16372:1747647662518:,1747647680709
counter/8/0/0/0,16373:1747647662518:,1747647680709
counter/8/0/0/0,16374:1747647662519:,1747647680709
counter/8/0/0/0,16375:1747647662519:,1747647680709
counter/8/0/0/0,16376:1747647662519:,1747647680709
counter/8/0/0/0,16377:1747647662520:,1747647680709
counter/8/0/0/0,16378:1747647662521:,1747647680709
counter/8/0/0/0,16379:1747647662521:,1747647680709
counter/8/0/0/0,16380:1747647662521:,1747647680710
counter/8/0/0/0,16381:1747647662526:,1747647680710
counter/8/0/0/0,16382:1747647662526:,1747647680710
counter/8/0/0/0,16383:1747647662526:,1747647680710
counter/8/0/0/0,16384:1747647662526:,1747647680710
counter/8/0/0/0,16385:1747647662526:,1747647680710
counter/8/0/0/0,16386:1747647662526:,1747647680710
counter/8/0/0/0,16387:1747647662526:,1747647680710
counter/8/0/0/0,16388:1747647662526:,1747647680710
counter/8/0/0/0,16389:1747647662526:,1747647680710
counter/8/0/0/0,16390:1747647662526:,1747647680710
counter/8/0/0/0,16391:1747647662526:,1747647680710
counter/8/0/0/0,16392:1747647662526:,1747647680710
counter/8/0/0/0,16393:1747647662527:,1747647680710
counter/8/0/0/0,16394:1747647662527:,1747647680710
counter/8/0/0/0,16395:1747647662531:,1747647680710
counter/8/0/0/0,16396:1747647662531:,1747647680710
counter/8/0/0/0,16397:1747647662531:,1747647680710
counter/8/0/0/0,16398:1747647662531:,1747647680710
counter/8/0/0/0,16399:1747647662531:,1747647680710
counter/8/0/0/0,16400:1747647662531:,1747647680710
counter/8/0/0/0,16401:1747647662531:,1747647680710
counter/8/0/0/0,16402:1747647662531:,1747647680710
counter/8/0/0/0,16403:1747647662531:,1747647680710
counter/8/0/0/0,16404:1747647662540:,1747647680710
counter/8/0/0/0,16405:1747647662540:,1747647680710
counter/8/0/0/0,16406:1747647662540:,1747647680710
counter/8/0/0/0,16407:1747647662540:,1747647680710
counter/8/0/0/0,16408:1747647662544:,1747647680710
counter/8/0/0/0,16409:1747647662544:,1747647680710
counter/8/0/0/0,16410:1747647662544:,1747647680710
counter/8/0/0/0,16411:1747647662544:,1747647680710
counter/8/0/0/0,16412:1747647662545:,1747647680710
counter/8/0/0/0,16413:1747647662545:,1747647680710
counter/8/0/0/0,16414:1747647662553:,1747647680710
counter/8/0/0/0,16415:1747647662553:,1747647680710
counter/8/0/0/0,16416:1747647662553:,1747647680710
counter/8/0/0/0,16417:1747647662553:,1747647680710
counter/8/0/0/0,16418:1747647662553:,1747647680710
counter/4/0/0/0,15882:1747647663521:,1747647680710
counter/8/0/0/0,16419:1747647662553:,1747647680710
counter/4/0/0/0,15883:1747647663521:,1747647680710
counter/8/0/0/0,16420:1747647662553:,1747647680710
counter/4/0/0/0,15884:1747647663521:,1747647680710
counter/8/0/0/0,16421:1747647662553:,1747647680710
counter/4/0/0/0,15885:1747647663521:,1747647680711
counter/8/0/0/0,16422:1747647662553:,1747647680711
counter/4/0/0/0,15886:1747647663521:,1747647680711
counter/8/0/0/0,16423:1747647662553:,1747647680711
counter/4/0/0/0,15887:1747647663521:,1747647680711
counter/9/0/0/0,16933:1747647662721:,1747647680711
counter/5/0/0/0,15670:1747647661850:,1747647680711
counter/8/0/0/0,16424:1747647662553:,1747647680711
counter/4/0/0/0,15888:1747647663521:,1747647680711
counter/9/0/0/0,16934:1747647662721:,1747647680711
counter/3/0/0/0,17017:1747647663855:,1747647680711
counter/8/0/0/0,16425:1747647662553:,1747647680711
counter/4/0/0/0,15889:1747647663521:,1747647680711
counter/6/0/0/0,15416:1747647662615:,1747647680711
counter/10/0/0/0,14626:1747647661431:,1747647680711
counter/8/0/0/0,16426:1747647662553:,1747647680711
counter/1/0/0/0,17051:1747647663531:,1747647680711
counter/5/0/0/0,15671:1747647661850:,1747647680711
counter/8/0/0/0,16427:1747647662553:,1747647680711
counter/2/0/0/0,15805:1747647662404:,1747647680711
counter/3/0/0/0,17018:1747647663855:,1747647680711
counter/4/0/0/0,15890:1747647663521:,1747647680711
counter/8/0/0/0,16428:1747647662554:,1747647680711
counter/6/0/0/0,15417:1747647662615:,1747647680711
counter/10/0/0/0,14627:1747647661432:,1747647680711
counter/8/0/0/0,16429:1747647662554:,1747647680711
counter/7/0/0/0,15400:1747647661832:,1747647680711
counter/1/0/0/0,17052:1747647663531:,1747647680711
counter/9/0/0/0,16935:1747647662721:,1747647680711
counter/8/0/0/0,16430:1747647662554:,1747647680711
counter/5/0/0/0,15672:1747647661850:,1747647680711
counter/8/0/0/0,16431:1747647662554:,1747647680711
counter/5/0/0/0,15673:1747647661850:,1747647680712
counter/8/0/0/0,16432:1747647662559:,1747647680712
counter/5/0/0/0,15674:1747647661850:,1747647680712
counter/8/0/0/0,16433:1747647662559:,1747647680712
counter/5/0/0/0,15675:1747647661850:,1747647680712
counter/8/0/0/0,16434:1747647662559:,1747647680712
counter/5/0/0/0,15676:1747647661850:,1747647680712
counter/8/0/0/0,16435:1747647662559:,1747647680712
counter/5/0/0/0,15677:1747647661850:,1747647680713
counter/8/0/0/0,16436:1747647662559:,1747647680713
counter/5/0/0/0,15678:1747647661850:,1747647680713
counter/8/0/0/0,16437:1747647662559:,1747647680713
counter/5/0/0/0,15679:1747647661851:,1747647680713
counter/8/0/0/0,16438:1747647662559:,1747647680713
counter/5/0/0/0,15680:1747647661851:,1747647680713
counter/8/0/0/0,16439:1747647662559:,1747647680713
counter/5/0/0/0,15681:1747647661851:,1747647680713
counter/8/0/0/0,16440:1747647662559:,1747647680713
counter/5/0/0/0,15682:1747647661851:,1747647680713
counter/8/0/0/0,16441:1747647662559:,1747647680713
counter/5/0/0/0,15683:1747647661851:,1747647680713
counter/8/0/0/0,16442:1747647662559:,1747647680713
counter/5/0/0/0,15684:1747647661851:,1747647680713
counter/8/0/0/0,16443:1747647662560:,1747647680713
counter/5/0/0/0,15685:1747647661851:,1747647680713
counter/8/0/0/0,16444:1747647662560:,1747647680713
counter/5/0/0/0,15686:1747647661851:,1747647680713
counter/8/0/0/0,16445:1747647662560:,1747647680713
counter/5/0/0/0,15687:1747647661851:,1747647680713
counter/8/0/0/0,16446:1747647662560:,1747647680713
counter/5/0/0/0,15688:1747647661851:,1747647680713
counter/8/0/0/0,16447:1747647662560:,1747647680713
counter/5/0/0/0,15689:1747647661851:,1747647680713
counter/9/0/0/0,16936:1747647662721:,1747647680713
counter/3/0/0/0,17019:1747647663855:,1747647680713
counter/8/0/0/0,16448:1747647662560:,1747647680713
counter/5/0/0/0,15690:1747647661851:,1747647680713
counter/9/0/0/0,16937:1747647662722:,1747647680713
counter/1/0/0/0,17053:1747647663531:,1747647680713
counter/2/0/0/0,15806:1747647662404:,1747647680713
counter/7/0/0/0,15401:1747647661832:,1747647680713
counter/8/0/0/0,16449:1747647662560:,1747647680713
counter/5/0/0/0,15691:1747647661851:,1747647680713
counter/1/0/0/0,17054:1747647663531:,1747647680713
counter/8/0/0/0,16450:1747647662560:,1747647680713
counter/5/0/0/0,15692:1747647661851:,1747647680713
counter/1/0/0/0,17055:1747647663532:,1747647680713
counter/8/0/0/0,16451:1747647662560:,1747647680713
counter/5/0/0/0,15693:1747647661851:,1747647680713
counter/1/0/0/0,17056:1747647663532:,1747647680713
counter/8/0/0/0,16452:1747647662560:,1747647680713
counter/5/0/0/0,15694:1747647661851:,1747647680713
counter/1/0/0/0,17057:1747647663532:,1747647680713
counter/8/0/0/0,16453:1747647662560:,1747647680714
counter/5/0/0/0,15695:1747647661851:,1747647680714
counter/1/0/0/0,17058:1747647663532:,1747647680714
counter/8/0/0/0,16454:1747647662568:,1747647680714
counter/5/0/0/0,15696:1747647661851:,1747647680714
counter/1/0/0/0,17059:1747647663532:,1747647680714
counter/8/0/0/0,16455:1747647662568:,1747647680714
counter/5/0/0/0,15697:1747647661851:,1747647680714
counter/1/0/0/0,17060:1747647663542:,1747647680714
counter/8/0/0/0,16456:1747647662568:,1747647680714
counter/5/0/0/0,15698:1747647661851:,1747647680714
counter/1/0/0/0,17061:1747647663543:,1747647680714
counter/4/0/0/0,15891:1747647663521:,1747647680714
counter/8/0/0/0,16457:1747647662568:,1747647680714
counter/5/0/0/0,15699:1747647661851:,1747647680714
counter/1/0/0/0,17062:1747647663543:,1747647680714
counter/6/0/0/0,15418:1747647662615:,1747647680714
counter/9/0/0/0,16938:1747647662722:,1747647680714
counter/3/0/0/0,17020:1747647663855:,1747647680714
counter/8/0/0/0,16458:1747647662569:,1747647680714
counter/5/0/0/0,15700:1747647661851:,1747647680714
counter/1/0/0/0,17063:1747647663543:,1747647680714
counter/2/0/0/0,15807:1747647662408:,1747647680714
counter/8/0/0/0,16459:1747647662569:,1747647680714
counter/5/0/0/0,15701:1747647661851:,1747647680714
counter/1/0/0/0,17064:1747647663543:,1747647680714
counter/8/0/0/0,16460:1747647662570:,1747647680714
counter/5/0/0/0,15702:1747647661851:,1747647680714
counter/1/0/0/0,17065:1747647663543:,1747647680714
counter/8/0/0/0,16461:1747647662570:,1747647680714
counter/5/0/0/0,15703:1747647661851:,1747647680714
counter/1/0/0/0,17066:1747647663543:,1747647680714
counter/8/0/0/0,16462:1747647662570:,1747647680714
counter/5/0/0/0,15704:1747647661851:,1747647680714
counter/1/0/0/0,17067:1747647663546:,1747647680714
counter/8/0/0/0,16463:1747647662570:,1747647680714
counter/5/0/0/0,15705:1747647661851:,1747647680714
counter/1/0/0/0,17068:1747647663546:,1747647680714
counter/8/0/0/0,16464:1747647662571:,1747647680714
counter/5/0/0/0,15706:1747647661854:,1747647680714
counter/1/0/0/0,17069:1747647663546:,1747647680714
counter/8/0/0/0,16465:1747647662571:,1747647680714
counter/5/0/0/0,15707:1747647661854:,1747647680714
counter/1/0/0/0,17070:1747647663546:,1747647680714
counter/8/0/0/0,16466:1747647662571:,1747647680715
counter/5/0/0/0,15708:1747647661863:,1747647680715
counter/1/0/0/0,17071:1747647663546:,1747647680715
counter/8/0/0/0,16467:1747647662571:,1747647680715
counter/5/0/0/0,15709:1747647661886:,1747647680715
counter/1/0/0/0,17072:1747647663546:,1747647680715
counter/8/0/0/0,16468:1747647662597:,1747647680715
counter/5/0/0/0,15710:1747647661887:,1747647680715
counter/1/0/0/0,17073:1747647663546:,1747647680715
counter/8/0/0/0,16469:1747647662605:,1747647680715
counter/5/0/0/0,15711:1747647661887:,1747647680715
counter/1/0/0/0,17074:1747647663546:,1747647680715
counter/8/0/0/0,16470:1747647662605:,1747647680715
counter/5/0/0/0,15712:1747647661899:,1747647680715
counter/1/0/0/0,17075:1747647663546:,1747647680715
counter/8/0/0/0,16471:1747647662605:,1747647680715
counter/5/0/0/0,15713:1747647661899:,1747647680715
counter/1/0/0/0,17076:1747647663548:,1747647680715
counter/8/0/0/0,16472:1747647662606:,1747647680715
counter/5/0/0/0,15714:1747647661900:,1747647680715
counter/1/0/0/0,17077:1747647663548:,1747647680715
counter/8/0/0/0,16473:1747647662606:,1747647680715
counter/5/0/0/0,15715:1747647661900:,1747647680715
counter/1/0/0/0,17078:1747647663548:,1747647680715
counter/8/0/0/0,16474:1747647662606:,1747647680715
counter/5/0/0/0,15716:1747647661900:,1747647680715
counter/1/0/0/0,17079:1747647663548:,1747647680715
counter/6/0/0/0,15419:1747647662615:,1747647680715
counter/8/0/0/0,16475:1747647662606:,1747647680715
counter/5/0/0/0,15717:1747647661900:,1747647680715
counter/1/0/0/0,17080:1747647663548:,1747647680715
counter/3/0/0/0,17021:1747647663855:,1747647680715
counter/9/0/0/0,16939:1747647662722:,1747647680715
counter/10/0/0/0,14628:1747647661433:,1747647680715
counter/8/0/0/0,16476:1747647662606:,1747647680715
counter/5/0/0/0,15718:1747647661900:,1747647680715
counter/1/0/0/0,17081:1747647663548:,1747647680715
counter/2/0/0/0,15808:1747647662411:,1747647680715
counter/8/0/0/0,16477:1747647662614:,1747647680715
counter/5/0/0/0,15719:1747647661900:,1747647680716
counter/1/0/0/0,17082:1747647663548:,1747647680716
counter/8/0/0/0,16478:1747647662614:,1747647680716
counter/5/0/0/0,15720:1747647661900:,1747647680716
counter/1/0/0/0,17083:1747647663548:,1747647680716
counter/8/0/0/0,16479:1747647662614:,1747647680716
counter/5/0/0/0,15721:1747647661900:,1747647680716
counter/1/0/0/0,17084:1747647663553:,1747647680716
counter/8/0/0/0,16480:1747647662614:,1747647680716
counter/5/0/0/0,15722:1747647661900:,1747647680716
counter/1/0/0/0,17085:1747647663553:,1747647680716
counter/8/0/0/0,16481:1747647662614:,1747647680716
counter/5/0/0/0,15723:1747647661900:,1747647680716
counter/1/0/0/0,17086:1747647663553:,1747647680716
counter/8/0/0/0,16482:1747647662614:,1747647680716
counter/5/0/0/0,15724:1747647661900:,1747647680716
counter/1/0/0/0,17087:1747647663553:,1747647680716
counter/8/0/0/0,16483:1747647662614:,1747647680716
counter/5/0/0/0,15725:1747647661900:,1747647680716
counter/1/0/0/0,17088:1747647663553:,1747647680716
counter/8/0/0/0,16484:1747647662614:,1747647680716
counter/5/0/0/0,15726:1747647661900:,1747647680716
counter/1/0/0/0,17089:1747647663553:,1747647680716
counter/8/0/0/0,16485:1747647662614:,1747647680716
counter/5/0/0/0,15727:1747647661900:,1747647680716
counter/1/0/0/0,17090:1747647663553:,1747647680716
counter/8/0/0/0,16486:1747647662614:,1747647680716
counter/5/0/0/0,15728:1747647661900:,1747647680716
counter/1/0/0/0,17091:1747647663553:,1747647680716
counter/8/0/0/0,16487:1747647662614:,1747647680716
counter/5/0/0/0,15729:1747647661900:,1747647680716
counter/1/0/0/0,17092:1747647663553:,1747647680716
counter/8/0/0/0,16488:1747647662614:,1747647680716
counter/5/0/0/0,15730:1747647662357:,1747647680716
counter/1/0/0/0,17093:1747647663553:,1747647680716
counter/8/0/0/0,16489:1747647662614:,1747647680716
counter/5/0/0/0,15731:1747647662360:,1747647680716
counter/1/0/0/0,17094:1747647663553:,1747647680716
counter/8/0/0/0,16490:1747647662614:,1747647680716
counter/5/0/0/0,15732:1747647662361:,1747647680716
counter/1/0/0/0,17095:1747647663553:,1747647680716
counter/8/0/0/0,16491:1747647662614:,1747647680716
counter/5/0/0/0,15733:1747647662364:,1747647680716
counter/1/0/0/0,17096:1747647663553:,1747647680716
counter/8/0/0/0,16492:1747647662614:,1747647680716
counter/5/0/0/0,15734:1747647662365:,1747647680717
counter/1/0/0/0,17097:1747647663553:,1747647680717
counter/8/0/0/0,16493:1747647662620:,1747647680717
counter/5/0/0/0,15735:1747647662366:,1747647680717
counter/1/0/0/0,17098:1747647663553:,1747647680717
counter/8/0/0/0,16494:1747647662620:,1747647680717
counter/5/0/0/0,15736:1747647662368:,1747647680717
counter/1/0/0/0,17099:1747647663553:,1747647680717
counter/8/0/0/0,16495:1747647662620:,1747647680717
counter/5/0/0/0,15737:1747647662370:,1747647680717
counter/1/0/0/0,17100:1747647663553:,1747647680717
counter/8/0/0/0,16496:1747647662620:,1747647680717
counter/5/0/0/0,15738:1747647662370:,1747647680717
counter/1/0/0/0,17101:1747647663553:,1747647680717
counter/8/0/0/0,16497:1747647662620:,1747647680717
counter/5/0/0/0,15739:1747647662371:,1747647680717
counter/1/0/0/0,17102:1747647663553:,1747647680717
counter/9/0/0/0,16940:1747647662722:,1747647680717
counter/8/0/0/0,16498:1747647662620:,1747647680717
counter/5/0/0/0,15740:1747647662373:,1747647680717
counter/1/0/0/0,17103:1747647663553:,1747647680717
counter/8/0/0/0,16499:1747647662620:,1747647680717
counter/5/0/0/0,15741:1747647662373:,1747647680717
counter/1/0/0/0,17104:1747647663554:,1747647680717
counter/8/0/0/0,16500:1747647662625:,1747647680717
counter/5/0/0/0,15742:1747647662379:,1747647680717
counter/1/0/0/0,17105:1747647663554:,1747647680717
counter/10/0/0/0,14629:1747647661433:,1747647680717
counter/8/0/0/0,16501:1747647662625:,1747647680717
counter/5/0/0/0,15743:1747647662398:,1747647680717
counter/1/0/0/0,17106:1747647663554:,1747647680717
counter/9/0/0/0,16941:1747647662722:,1747647680717
counter/7/0/0/0,15402:1747647661832:,1747647680717
counter/2/0/0/0,15809:1747647662411:,1747647680717
counter/8/0/0/0,16502:1747647662625:,1747647680717
counter/5/0/0/0,15744:1747647662404:,1747647680717
counter/1/0/0/0,17107:1747647663554:,1747647680717
counter/8/0/0/0,16503:1747647662625:,1747647680717
counter/5/0/0/0,15745:1747647662406:,1747647680717
counter/1/0/0/0,17108:1747647663554:,1747647680717
counter/8/0/0/0,16504:1747647662625:,1747647680717
counter/5/0/0/0,15746:1747647662411:,1747647680718
counter/1/0/0/0,17109:1747647663563:,1747647680718
counter/7/0/0/0,15403:1747647661832:,1747647680718
counter/2/0/0/0,15810:1747647662411:,1747647680718
counter/8/0/0/0,16505:1747647662626:,1747647680718
counter/5/0/0/0,15747:1747647662412:,1747647680718
counter/1/0/0/0,17110:1747647663563:,1747647680718
counter/6/0/0/0,15420:1747647662615:,1747647680718
counter/8/0/0/0,16506:1747647662626:,1747647680718
counter/5/0/0/0,15748:1747647662412:,1747647680718
counter/1/0/0/0,17111:1747647663563:,1747647680718
counter/8/0/0/0,16507:1747647662626:,1747647680718
counter/5/0/0/0,15749:1747647662412:,1747647680718
counter/1/0/0/0,17112:1747647663563:,1747647680718
counter/8/0/0/0,16508:1747647662626:,1747647680718
counter/5/0/0/0,15750:1747647662412:,1747647680718
counter/1/0/0/0,17113:1747647663567:,1747647680718
counter/8/0/0/0,16509:1747647662626:,1747647680718
counter/5/0/0/0,15751:1747647662412:,1747647680718
counter/1/0/0/0,17114:1747647663567:,1747647680718
counter/8/0/0/0,16510:1747647662627:,1747647680718
counter/5/0/0/0,15752:1747647662412:,1747647680718
counter/1/0/0/0,17115:1747647663567:,1747647680718
counter/8/0/0/0,16511:1747647662627:,1747647680718
counter/5/0/0/0,15753:1747647662412:,1747647680718
counter/1/0/0/0,17116:1747647663567:,1747647680718
counter/8/0/0/0,16512:1747647662627:,1747647680718
counter/5/0/0/0,15754:1747647662412:,1747647680718
counter/1/0/0/0,17117:1747647663567:,1747647680718
counter/8/0/0/0,16513:1747647662627:,1747647680718
counter/5/0/0/0,15755:1747647662412:,1747647680718
counter/1/0/0/0,17118:1747647663567:,1747647680718
counter/8/0/0/0,16514:1747647662627:,1747647680718
counter/5/0/0/0,15756:1747647662412:,1747647680718
counter/1/0/0/0,17119:1747647663568:,1747647680718
counter/8/0/0/0,16515:1747647662627:,1747647680718
counter/5/0/0/0,15757:1747647662412:,1747647680718
counter/1/0/0/0,17120:1747647663568:,1747647680718
counter/8/0/0/0,16516:1747647662628:,1747647680718
counter/5/0/0/0,15758:1747647662412:,1747647680718
counter/1/0/0/0,17121:1747647663568:,1747647680718
counter/8/0/0/0,16517:1747647662628:,1747647680718
counter/5/0/0/0,15759:1747647662412:,1747647680718
counter/1/0/0/0,17122:1747647663568:,1747647680718
counter/8/0/0/0,16518:1747647662628:,1747647680718
counter/5/0/0/0,15760:1747647662412:,1747647680719
counter/1/0/0/0,17123:1747647663568:,1747647680719
counter/8/0/0/0,16519:1747647662628:,1747647680719
counter/5/0/0/0,15761:1747647662412:,1747647680719
counter/1/0/0/0,17124:1747647663569:,1747647680719
counter/8/0/0/0,16520:1747647662628:,1747647680719
counter/5/0/0/0,15762:1747647662427:,1747647680719
counter/1/0/0/0,17125:1747647663569:,1747647680719
counter/8/0/0/0,16521:1747647662628:,1747647680719
counter/5/0/0/0,15763:1747647662427:,1747647680719
counter/1/0/0/0,17126:1747647663569:,1747647680719
counter/8/0/0/0,16522:1747647662628:,1747647680719
counter/5/0/0/0,15764:1747647662427:,1747647680719
counter/1/0/0/0,17127:1747647663569:,1747647680719
counter/8/0/0/0,16523:1747647662628:,1747647680719
counter/5/0/0/0,15765:1747647662427:,1747647680719
counter/1/0/0/0,17128:1747647663569:,1747647680719
counter/9/0/0/0,16942:1747647662722:,1747647680719
counter/6/0/0/0,15421:1747647662615:,1747647680719
counter/8/0/0/0,16524:1747647662628:,1747647680719
counter/5/0/0/0,15766:1747647662427:,1747647680719
counter/1/0/0/0,17129:1747647663569:,1747647680719
counter/8/0/0/0,16525:1747647662628:,1747647680719
counter/5/0/0/0,15767:1747647662427:,1747647680719
counter/1/0/0/0,17130:1747647663569:,1747647680719
counter/8/0/0/0,16526:1747647662628:,1747647680719
counter/5/0/0/0,15768:1747647662446:,1747647680719
counter/1/0/0/0,17131:1747647663569:,1747647680719
counter/9/0/0/0,16943:1747647662722:,1747647680719
counter/8/0/0/0,16527:1747647662629:,1747647680719
counter/5/0/0/0,15769:1747647662446:,1747647680719
counter/1/0/0/0,17132:1747647663569:,1747647680719
counter/7/0/0/0,15404:1747647661832:,1747647680719
counter/3/0/0/0,17022:1747647663855:,1747647680719
counter/8/0/0/0,16528:1747647662629:,1747647680719
counter/5/0/0/0,15770:1747647662446:,1747647680719
counter/1/0/0/0,17133:1747647663570:,1747647680719
counter/8/0/0/0,16529:1747647662629:,1747647680719
counter/5/0/0/0,15771:1747647662446:,1747647680719
counter/1/0/0/0,17134:1747647663570:,1747647680719
counter/10/0/0/0,14630:1747647661433:,1747647680720
counter/9/0/0/0,16944:1747647662725:,1747647680720
counter/8/0/0/0,16530:1747647662629:,1747647680720
counter/5/0/0/0,15772:1747647662446:,1747647680720
counter/1/0/0/0,17135:1747647663570:,1747647680720
counter/7/0/0/0,15405:1747647661832:,1747647680720
counter/3/0/0/0,17023:1747647663855:,1747647680720
counter/2/0/0/0,15811:1747647662411:,1747647680720
counter/8/0/0/0,16531:1747647662629:,1747647680720
counter/5/0/0/0,15773:1747647662447:,1747647680720
counter/1/0/0/0,17136:1747647663570:,1747647680720
counter/6/0/0/0,15422:1747647662619:,1747647680720
counter/8/0/0/0,16532:1747647662629:,1747647680720
counter/5/0/0/0,15774:1747647662447:,1747647680720
counter/1/0/0/0,17137:1747647663570:,1747647680720
counter/8/0/0/0,16533:1747647662629:,1747647680720
counter/5/0/0/0,15775:1747647662447:,1747647680720
counter/1/0/0/0,17138:1747647663570:,1747647680720
counter/8/0/0/0,16534:1747647662629:,1747647680720
counter/5/0/0/0,15776:1747647662447:,1747647680720
counter/1/0/0/0,17139:1747647663570:,1747647680720
counter/8/0/0/0,16535:1747647662629:,1747647680720
counter/5/0/0/0,15777:1747647662447:,1747647680720
counter/1/0/0/0,17140:1747647663570:,1747647680720
counter/8/0/0/0,16536:1747647662629:,1747647680720
counter/5/0/0/0,15778:1747647662447:,1747647680720
counter/1/0/0/0,17141:1747647663570:,1747647680720
counter/8/0/0/0,16537:1747647662629:,1747647680720
counter/5/0/0/0,15779:1747647662450:,1747647680720
counter/1/0/0/0,17142:1747647663570:,1747647680720
counter/8/0/0/0,16538:1747647662629:,1747647680720
counter/5/0/0/0,15780:1747647662450:,1747647680720
counter/1/0/0/0,17143:1747647663570:,1747647680720
counter/8/0/0/0,16539:1747647662629:,1747647680720
counter/5/0/0/0,15781:1747647662450:,1747647680720
counter/1/0/0/0,17144:1747647663570:,1747647680720
counter/8/0/0/0,16540:1747647662629:,1747647680720
counter/5/0/0/0,15782:1747647662450:,1747647680720
counter/1/0/0/0,17145:1747647663570:,1747647680720
counter/8/0/0/0,16541:1747647662629:,1747647680720
counter/5/0/0/0,15783:1747647662450:,1747647680720
counter/1/0/0/0,17146:1747647663570:,1747647680720
counter/8/0/0/0,16542:1747647662629:,1747647680720
counter/5/0/0/0,15784:1747647662450:,1747647680720
counter/1/0/0/0,17147:1747647663570:,1747647680720
counter/8/0/0/0,16543:1747647662629:,1747647680721
counter/5/0/0/0,15785:1747647662450:,1747647680721
counter/1/0/0/0,17148:1747647663573:,1747647680721
counter/8/0/0/0,16544:1747647662629:,1747647680721
counter/5/0/0/0,15786:1747647662479:,1747647680721
counter/1/0/0/0,17149:1747647663577:,1747647680721
counter/8/0/0/0,16545:1747647662629:,1747647680721
counter/5/0/0/0,15787:1747647662479:,1747647680721
counter/1/0/0/0,17150:1747647663577:,1747647680721
counter/8/0/0/0,16546:1747647662629:,1747647680721
counter/5/0/0/0,15788:1747647662479:,1747647680721
counter/1/0/0/0,17151:1747647663577:,1747647680721
counter/8/0/0/0,16547:1747647662629:,1747647680721
counter/5/0/0/0,15789:1747647662480:,1747647680721
counter/1/0/0/0,17152:1747647663577:,1747647680721
counter/8/0/0/0,16548:1747647662629:,1747647680721
counter/5/0/0/0,15790:1747647662480:,1747647680721
counter/1/0/0/0,17153:1747647663577:,1747647680721
counter/8/0/0/0,16549:1747647662629:,1747647680721
counter/5/0/0/0,15791:1747647662480:,1747647680721
counter/1/0/0/0,17154:1747647663577:,1747647680721
counter/8/0/0/0,16550:1747647662629:,1747647680721
counter/5/0/0/0,15792:1747647662480:,1747647680721
counter/1/0/0/0,17155:1747647663577:,1747647680721
counter/8/0/0/0,16551:1747647662629:,1747647680721
counter/5/0/0/0,15793:1747647662480:,1747647680721
counter/1/0/0/0,17156:1747647663577:,1747647680721
counter/8/0/0/0,16552:1747647662629:,1747647680721
counter/5/0/0/0,15794:1747647662480:,1747647680721
counter/1/0/0/0,17157:1747647663577:,1747647680721
counter/8/0/0/0,16553:1747647662629:,1747647680721
counter/5/0/0/0,15795:1747647662480:,1747647680721
counter/1/0/0/0,17158:1747647663577:,1747647680721
counter/8/0/0/0,16554:1747647662629:,1747647680721
counter/5/0/0/0,15796:1747647662480:,1747647680721
counter/1/0/0/0,17159:1747647663577:,1747647680721
counter/8/0/0/0,16555:1747647662629:,1747647680721
counter/5/0/0/0,15797:1747647662480:,1747647680721
counter/1/0/0/0,17160:1747647663577:,1747647680721
counter/8/0/0/0,16556:1747647662629:,1747647680721
counter/5/0/0/0,15798:1747647662480:,1747647680721
counter/1/0/0/0,17161:1747647663581:,1747647680722
counter/3/0/0/0,17024:1747647663855:,1747647680722
counter/8/0/0/0,16557:1747647662629:,1747647680722
counter/5/0/0/0,15799:1747647662480:,1747647680722
counter/1/0/0/0,17162:1747647663581:,1747647680722
counter/9/0/0/0,16945:1747647662726:,1747647680722
counter/8/0/0/0,16558:1747647662630:,1747647680722
counter/5/0/0/0,15800:1747647662480:,1747647680722
counter/1/0/0/0,17163:1747647663581:,1747647680722
counter/9/0/0/0,16946:1747647662726:,1747647680722
counter/8/0/0/0,16559:1747647662630:,1747647680722
counter/5/0/0/0,15801:1747647662484:,1747647680722
counter/1/0/0/0,17164:1747647663581:,1747647680722
counter/9/0/0/0,16947:1747647662726:,1747647680722
counter/8/0/0/0,16560:1747647662630:,1747647680722
counter/5/0/0/0,15802:1747647662484:,1747647680722
counter/1/0/0/0,17165:1747647663581:,1747647680722
counter/9/0/0/0,16948:1747647662726:,1747647680722
counter/3/0/0/0,17025:1747647663855:,1747647680722
counter/8/0/0/0,16561:1747647662630:,1747647680722
counter/5/0/0/0,15803:1747647662484:,1747647680722
counter/1/0/0/0,17166:1747647663581:,1747647680722
counter/9/0/0/0,16949:1747647662726:,1747647680722
counter/3/0/0/0,17026:1747647663856:,1747647680722
counter/4/0/0/0,15892:1747647663521:,1747647680722
counter/8/0/0/0,16562:1747647662630:,1747647680722
counter/5/0/0/0,15804:1747647662484:,1747647680722
counter/1/0/0/0,17167:1747647663581:,1747647680722
counter/9/0/0/0,16950:1747647662726:,1747647680722
counter/8/0/0/0,16563:1747647662630:,1747647680722
counter/5/0/0/0,15805:1747647662484:,1747647680722
counter/1/0/0/0,17168:1747647663581:,1747647680722
counter/9/0/0/0,16951:1747647662726:,1747647680722
counter/8/0/0/0,16564:1747647662630:,1747647680722
counter/5/0/0/0,15806:1747647662485:,1747647680722
counter/1/0/0/0,17169:1747647663581:,1747647680722
counter/9/0/0/0,16952:1747647662726:,1747647680722
counter/8/0/0/0,16565:1747647662630:,1747647680722
counter/5/0/0/0,15807:1747647662485:,1747647680722
counter/1/0/0/0,17170:1747647663581:,1747647680722
counter/9/0/0/0,16953:1747647662726:,1747647680722
counter/8/0/0/0,16566:1747647662630:,1747647680722
counter/5/0/0/0,15808:1747647662485:,1747647680723
counter/1/0/0/0,17171:1747647663581:,1747647680723
counter/9/0/0/0,16954:1747647662726:,1747647680723
counter/3/0/0/0,17027:1747647663856:,1747647680723
counter/8/0/0/0,16567:1747647662630:,1747647680723
counter/5/0/0/0,15809:1747647662486:,1747647680723
counter/1/0/0/0,17172:1747647663581:,1747647680723
counter/8/0/0/0,16568:1747647662630:,1747647680723
counter/5/0/0/0,15810:1747647662486:,1747647680723
counter/1/0/0/0,17173:1747647663582:,1747647680723
counter/8/0/0/0,16569:1747647662630:,1747647680723
counter/5/0/0/0,15811:1747647662486:,1747647680723
counter/1/0/0/0,17174:1747647663582:,1747647680723
counter/8/0/0/0,16570:1747647662630:,1747647680723
counter/5/0/0/0,15812:1747647662486:,1747647680723
counter/1/0/0/0,17175:1747647663582:,1747647680723
counter/8/0/0/0,16571:1747647662630:,1747647680723
counter/5/0/0/0,15813:1747647662486:,1747647680723
counter/1/0/0/0,17176:1747647663582:,1747647680723
counter/4/0/0/0,15893:1747647663521:,1747647680723
counter/10/0/0/0,14631:1747647661433:,1747647680723
counter/8/0/0/0,16572:1747647662630:,1747647680723
counter/5/0/0/0,15814:1747647662486:,1747647680723
counter/1/0/0/0,17177:1747647663582:,1747647680723
counter/10/0/0/0,14632:1747647661433:,1747647680723
counter/8/0/0/0,16573:1747647662630:,1747647680723
counter/5/0/0/0,15815:1747647662486:,1747647680723
counter/1/0/0/0,17178:1747647663582:,1747647680723
counter/10/0/0/0,14633:1747647661433:,1747647680723
counter/8/0/0/0,16574:1747647662630:,1747647680723
counter/5/0/0/0,15816:1747647662486:,1747647680723
counter/1/0/0/0,17179:1747647663582:,1747647680723
counter/10/0/0/0,14634:1747647661433:,1747647680723
counter/8/0/0/0,16575:1747647662630:,1747647680723
counter/5/0/0/0,15817:1747647662486:,1747647680723
counter/1/0/0/0,17180:1747647663582:,1747647680723
counter/10/0/0/0,14635:1747647661433:,1747647680723
counter/8/0/0/0,16576:1747647662630:,1747647680723
counter/5/0/0/0,15818:1747647662486:,1747647680723
counter/1/0/0/0,17181:1747647663582:,1747647680723
counter/10/0/0/0,14636:1747647661433:,1747647680723
counter/8/0/0/0,16577:1747647662630:,1747647680723
counter/5/0/0/0,15819:1747647662486:,1747647680723
counter/1/0/0/0,17182:1747647663582:,1747647680724
counter/10/0/0/0,14637:1747647661433:,1747647680724
counter/8/0/0/0,16578:1747647662630:,1747647680724
counter/5/0/0/0,15820:1747647662486:,1747647680724
counter/1/0/0/0,17183:1747647663582:,1747647680724
counter/10/0/0/0,14638:1747647661433:,1747647680724
counter/8/0/0/0,16579:1747647662630:,1747647680724
counter/5/0/0/0,15821:1747647662486:,1747647680724
counter/1/0/0/0,17184:1747647663582:,1747647680724
counter/10/0/0/0,14639:1747647661433:,1747647680724
counter/8/0/0/0,16580:1747647662630:,1747647680724
counter/5/0/0/0,15822:1747647662486:,1747647680724
counter/1/0/0/0,17185:1747647663582:,1747647680724
counter/10/0/0/0,14640:1747647661433:,1747647680724
counter/8/0/0/0,16581:1747647662633:,1747647680724
counter/5/0/0/0,15823:1747647662486:,1747647680724
counter/1/0/0/0,17186:1747647663582:,1747647680724
counter/10/0/0/0,14641:1747647661433:,1747647680724
counter/8/0/0/0,16582:1747647662634:,1747647680724
counter/5/0/0/0,15824:1747647662486:,1747647680724
counter/1/0/0/0,17187:1747647663582:,1747647680724
counter/10/0/0/0,14642:1747647661433:,1747647680724
counter/8/0/0/0,16583:1747647662634:,1747647680724
counter/5/0/0/0,15825:1747647662486:,1747647680724
counter/1/0/0/0,17188:1747647663582:,1747647680724
counter/10/0/0/0,14643:1747647661433:,1747647680724
counter/8/0/0/0,16584:1747647662634:,1747647680724
counter/5/0/0/0,15826:1747647662486:,1747647680724
counter/1/0/0/0,17189:1747647663582:,1747647680724
counter/10/0/0/0,14644:1747647661433:,1747647680724
counter/8/0/0/0,16585:1747647662634:,1747647680724
counter/5/0/0/0,15827:1747647662486:,1747647680724
counter/1/0/0/0,17190:1747647663585:,1747647680724
counter/10/0/0/0,14645:1747647661433:,1747647680724
counter/8/0/0/0,16586:1747647662634:,1747647680724
counter/5/0/0/0,15828:1747647662486:,1747647680724
counter/1/0/0/0,17191:1747647663585:,1747647680724
counter/10/0/0/0,14646:1747647661433:,1747647680724
counter/8/0/0/0,16587:1747647662634:,1747647680724
counter/5/0/0/0,15829:1747647662486:,1747647680724
counter/1/0/0/0,17192:1747647663585:,1747647680724
counter/10/0/0/0,14647:1747647661433:,1747647680724
counter/8/0/0/0,16588:1747647662635:,1747647680725
counter/5/0/0/0,15830:1747647662486:,1747647680725
counter/1/0/0/0,17193:1747647663585:,1747647680725
counter/10/0/0/0,14648:1747647661433:,1747647680725
counter/8/0/0/0,16589:1747647662635:,1747647680725
counter/5/0/0/0,15831:1747647662486:,1747647680725
counter/1/0/0/0,17194:1747647663585:,1747647680725
counter/10/0/0/0,14649:1747647661434:,1747647680725
counter/8/0/0/0,16590:1747647662635:,1747647680725
counter/5/0/0/0,15832:1747647662486:,1747647680725
counter/1/0/0/0,17195:1747647663585:,1747647680725
counter/10/0/0/0,14650:1747647661434:,1747647680725
counter/8/0/0/0,16591:1747647662635:,1747647680725
counter/5/0/0/0,15833:1747647662486:,1747647680725
counter/1/0/0/0,17196:1747647663585:,1747647680725
counter/10/0/0/0,14651:1747647661434:,1747647680725
counter/8/0/0/0,16592:1747647662635:,1747647680725
counter/5/0/0/0,15834:1747647662486:,1747647680725
counter/1/0/0/0,17197:1747647663586:,1747647680725
counter/10/0/0/0,14652:1747647661438:,1747647680725
counter/8/0/0/0,16593:1747647662639:,1747647680725
counter/5/0/0/0,15835:1747647662486:,1747647680725
counter/1/0/0/0,17198:1747647663586:,1747647680725
counter/10/0/0/0,14653:1747647661438:,1747647680725
counter/8/0/0/0,16594:1747647662639:,1747647680725
counter/5/0/0/0,15836:1747647662486:,1747647680725
counter/1/0/0/0,17199:1747647663586:,1747647680725
counter/10/0/0/0,14654:1747647661438:,1747647680725
counter/8/0/0/0,16595:1747647662639:,1747647680725
counter/5/0/0/0,15837:1747647662486:,1747647680725
counter/1/0/0/0,17200:1747647663586:,1747647680725
counter/10/0/0/0,14655:1747647661438:,1747647680725
counter/8/0/0/0,16596:1747647662639:,1747647680725
counter/5/0/0/0,15838:1747647662487:,1747647680725
counter/1/0/0/0,17201:1747647663586:,1747647680725
counter/10/0/0/0,14656:1747647661438:,1747647680725
counter/8/0/0/0,16597:1747647662639:,1747647680725
counter/5/0/0/0,15839:1747647662487:,1747647680725
counter/1/0/0/0,17202:1747647663586:,1747647680725
counter/10/0/0/0,14657:1747647661439:,1747647680725
counter/8/0/0/0,16598:1747647662639:,1747647680725
counter/5/0/0/0,15840:1747647662487:,1747647680725
counter/1/0/0/0,17203:1747647663586:,1747647680725
counter/10/0/0/0,14658:1747647661439:,1747647680725
counter/8/0/0/0,16599:1747647662639:,1747647680726
counter/5/0/0/0,15841:1747647662487:,1747647680726
counter/1/0/0/0,17204:1747647663586:,1747647680726
counter/10/0/0/0,14659:1747647661439:,1747647680726
counter/8/0/0/0,16600:1747647662639:,1747647680726
counter/5/0/0/0,15842:1747647662487:,1747647680726
counter/1/0/0/0,17205:1747647663586:,1747647680726
counter/10/0/0/0,14660:1747647661439:,1747647680726
counter/8/0/0/0,16601:1747647662639:,1747647680726
counter/5/0/0/0,15843:1747647662487:,1747647680726
counter/1/0/0/0,17206:1747647663586:,1747647680726
counter/10/0/0/0,14661:1747647661439:,1747647680726
counter/8/0/0/0,16602:1747647662639:,1747647680726
counter/5/0/0/0,15844:1747647662487:,1747647680726
counter/1/0/0/0,17207:1747647663586:,1747647680726
counter/10/0/0/0,14662:1747647661439:,1747647680726
counter/8/0/0/0,16603:1747647662639:,1747647680726
counter/5/0/0/0,15845:1747647662487:,1747647680726
counter/1/0/0/0,17208:1747647663586:,1747647680726
counter/10/0/0/0,14663:1747647661440:,1747647680726
counter/8/0/0/0,16604:1747647662639:,1747647680726
counter/5/0/0/0,15846:1747647662488:,1747647680726
counter/1/0/0/0,17209:1747647663586:,1747647680726
counter/10/0/0/0,14664:1747647661440:,1747647680726
counter/8/0/0/0,16605:1747647662639:,1747647680726
counter/5/0/0/0,15847:1747647662488:,1747647680726
counter/1/0/0/0,17210:1747647663586:,1747647680726
counter/10/0/0/0,14665:1747647661440:,1747647680726
counter/8/0/0/0,16606:1747647662639:,1747647680726
counter/5/0/0/0,15848:1747647662488:,1747647680726
counter/1/0/0/0,17211:1747647663598:,1747647680726
counter/10/0/0/0,14666:1747647661440:,1747647680726
counter/8/0/0/0,16607:1747647662639:,1747647680726
counter/5/0/0/0,15849:1747647662488:,1747647680726
counter/1/0/0/0,17212:1747647663598:,1747647680726
counter/10/0/0/0,14667:1747647661440:,1747647680726
counter/8/0/0/0,16608:1747647662639:,1747647680726
counter/5/0/0/0,15850:1747647662488:,1747647680726
counter/1/0/0/0,17213:1747647663598:,1747647680726
counter/10/0/0/0,14668:1747647661440:,1747647680726
counter/8/0/0/0,16609:1747647662639:,1747647680726
counter/5/0/0/0,15851:1747647662488:,1747647680727
counter/1/0/0/0,17214:1747647663598:,1747647680727
counter/10/0/0/0,14669:1747647661441:,1747647680727
counter/8/0/0/0,16610:1747647662639:,1747647680727
counter/5/0/0/0,15852:1747647662488:,1747647680727
counter/1/0/0/0,17215:1747647663598:,1747647680727
counter/10/0/0/0,14670:1747647661441:,1747647680727
counter/8/0/0/0,16611:1747647662640:,1747647680727
counter/5/0/0/0,15853:1747647662488:,1747647680727
counter/1/0/0/0,17216:1747647663598:,1747647680727
counter/10/0/0/0,14671:1747647661441:,1747647680727
counter/8/0/0/0,16612:1747647662640:,1747647680727
counter/5/0/0/0,15854:1747647662488:,1747647680727
counter/1/0/0/0,17217:1747647663598:,1747647680727
counter/10/0/0/0,14672:1747647661441:,1747647680727
counter/8/0/0/0,16613:1747647662640:,1747647680727
counter/5/0/0/0,15855:1747647662488:,1747647680727
counter/1/0/0/0,17218:1747647663607:,1747647680727
counter/10/0/0/0,14673:1747647661441:,1747647680727
counter/8/0/0/0,16614:1747647662640:,1747647680727
counter/5/0/0/0,15856:1747647662488:,1747647680727
counter/1/0/0/0,17219:1747647663607:,1747647680727
counter/10/0/0/0,14674:1747647661441:,1747647680727
counter/8/0/0/0,16615:1747647662640:,1747647680727
counter/5/0/0/0,15857:1747647662488:,1747647680727
counter/1/0/0/0,17220:1747647663607:,1747647680727
counter/10/0/0/0,14675:1747647661441:,1747647680727
counter/5/0/0/0,15858:1747647662488:,1747647680727
counter/1/0/0/0,17221:1747647663607:,1747647680727
counter/10/0/0/0,14676:1747647661441:,1747647680727
counter/5/0/0/0,15859:1747647662488:,1747647680727
counter/1/0/0/0,17222:1747647663607:,1747647680727
counter/10/0/0/0,14677:1747647661441:,1747647680727
counter/5/0/0/0,15860:1747647662488:,1747647680727
counter/1/0/0/0,17223:1747647663607:,1747647680727
counter/10/0/0/0,14678:1747647661441:,1747647680727
counter/5/0/0/0,15861:1747647662488:,1747647680727
counter/1/0/0/0,17224:1747647663607:,1747647680727
counter/10/0/0/0,14679:1747647661441:,1747647680727
counter/5/0/0/0,15862:1747647662488:,1747647680727
counter/1/0/0/0,17225:1747647663607:,1747647680727
counter/10/0/0/0,14680:1747647661443:,1747647680727
counter/5/0/0/0,15863:1747647662488:,1747647680727
counter/1/0/0/0,17226:1747647663607:,1747647680727
counter/10/0/0/0,14681:1747647661443:,1747647680728
counter/5/0/0/0,15864:1747647662488:,1747647680728
counter/1/0/0/0,17227:1747647663607:,1747647680728
counter/10/0/0/0,14682:1747647661443:,1747647680728
counter/5/0/0/0,15865:1747647662488:,1747647680728
counter/1/0/0/0,17228:1747647663607:,1747647680728
counter/10/0/0/0,14683:1747647661443:,1747647680728
counter/5/0/0/0,15866:1747647662488:,1747647680728
counter/10/0/0/0,14684:1747647661443:,1747647680728
counter/5/0/0/0,15867:1747647662488:,1747647680728
counter/10/0/0/0,14685:1747647661443:,1747647680728
counter/5/0/0/0,15868:1747647662488:,1747647680728
counter/10/0/0/0,14686:1747647661443:,1747647680728
counter/5/0/0/0,15869:1747647662488:,1747647680728
counter/10/0/0/0,14687:1747647661443:,1747647680728
counter/5/0/0/0,15870:1747647662488:,1747647680728
counter/10/0/0/0,14688:1747647661443:,1747647680728
counter/5/0/0/0,15871:1747647662488:,1747647680728
counter/10/0/0/0,14689:1747647661443:,1747647680728
counter/5/0/0/0,15872:1747647662488:,1747647680728
counter/10/0/0/0,14690:1747647661443:,1747647680728
counter/5/0/0/0,15873:1747647662489:,1747647680728
counter/10/0/0/0,14691:1747647661443:,1747647680728
counter/5/0/0/0,15874:1747647662489:,1747647680728
counter/10/0/0/0,14692:1747647661444:,1747647680728
counter/5/0/0/0,15875:1747647662489:,1747647680728
counter/10/0/0/0,14693:1747647661444:,1747647680728
counter/5/0/0/0,15876:1747647662489:,1747647680728
counter/10/0/0/0,14694:1747647661444:,1747647680728
counter/5/0/0/0,15877:1747647662489:,1747647680728
counter/10/0/0/0,14695:1747647661444:,1747647680728
counter/5/0/0/0,15878:1747647662489:,1747647680728
counter/10/0/0/0,14696:1747647661444:,1747647680728
counter/5/0/0/0,15879:1747647662489:,1747647680728
counter/10/0/0/0,14697:1747647661444:,1747647680728
counter/5/0/0/0,15880:1747647662489:,1747647680728
counter/10/0/0/0,14698:1747647661478:,1747647680728
counter/5/0/0/0,15881:1747647662489:,1747647680728
counter/10/0/0/0,14699:1747647661478:,1747647680728
counter/5/0/0/0,15882:1747647662490:,1747647680728
counter/10/0/0/0,14700:1747647661479:,1747647680728
counter/5/0/0/0,15883:1747647662490:,1747647680729
counter/10/0/0/0,14701:1747647661479:,1747647680729
counter/5/0/0/0,15884:1747647662490:,1747647680729
counter/10/0/0/0,14702:1747647661483:,1747647680729
counter/5/0/0/0,15885:1747647662490:,1747647680729
counter/10/0/0/0,14703:1747647661483:,1747647680729
counter/5/0/0/0,15886:1747647662490:,1747647680729
counter/10/0/0/0,14704:1747647661483:,1747647680729
counter/5/0/0/0,15887:1747647662490:,1747647680729
counter/10/0/0/0,14705:1747647661483:,1747647680729
counter/5/0/0/0,15888:1747647662490:,1747647680729
counter/10/0/0/0,14706:1747647661495:,1747647680729
counter/5/0/0/0,15889:1747647662490:,1747647680729
counter/10/0/0/0,14707:1747647661495:,1747647680729
counter/5/0/0/0,15890:1747647662490:,1747647680729
counter/10/0/0/0,14708:1747647661495:,1747647680729
counter/5/0/0/0,15891:1747647662490:,1747647680729
counter/10/0/0/0,14709:1747647661495:,1747647680729
counter/5/0/0/0,15892:1747647662490:,1747647680729
counter/10/0/0/0,14710:1747647661495:,1747647680729
counter/5/0/0/0,15893:1747647662490:,1747647680729
counter/10/0/0/0,14711:1747647661495:,1747647680729
counter/5/0/0/0,15894:1747647662490:,1747647680729
counter/10/0/0/0,14712:1747647661495:,1747647680729
counter/5/0/0/0,15895:1747647662490:,1747647680729
counter/10/0/0/0,14713:1747647661495:,1747647680729
counter/5/0/0/0,15896:1747647662490:,1747647680729
counter/10/0/0/0,14714:1747647661496:,1747647680729
counter/5/0/0/0,15897:1747647662490:,1747647680729
counter/10/0/0/0,14715:1747647661496:,1747647680729
counter/5/0/0/0,15898:1747647662490:,1747647680729
counter/10/0/0/0,14716:1747647661496:,1747647680729
counter/10/0/0/0,14717:1747647661496:,1747647680729
counter/10/0/0/0,14718:1747647661496:,1747647680729
counter/10/0/0/0,14719:1747647661496:,1747647680729
counter/10/0/0/0,14720:1747647661496:,1747647680729
counter/10/0/0/0,14721:1747647661496:,1747647680729
counter/10/0/0/0,14722:1747647661496:,1747647680729
counter/10/0/0/0,14723:1747647661496:,1747647680730
counter/10/0/0/0,14724:1747647661496:,1747647680730
counter/10/0/0/0,14725:1747647661496:,1747647680730
counter/10/0/0/0,14726:1747647661496:,1747647680730
counter/10/0/0/0,14727:1747647661496:,1747647680730
counter/10/0/0/0,14728:1747647661496:,1747647680730
counter/10/0/0/0,14729:1747647661496:,1747647680730
counter/10/0/0/0,14730:1747647661496:,1747647680730
counter/10/0/0/0,14731:1747647661496:,1747647680730
counter/10/0/0/0,14732:1747647661496:,1747647680730
counter/10/0/0/0,14733:1747647661496:,1747647680730
counter/10/0/0/0,14734:1747647661500:,1747647680730
counter/10/0/0/0,14735:1747647661510:,1747647680730
counter/10/0/0/0,14736:1747647661511:,1747647680730
counter/10/0/0/0,14737:1747647661511:,1747647680730
counter/10/0/0/0,14738:1747647661511:,1747647680730
counter/10/0/0/0,14739:1747647661511:,1747647680730
counter/10/0/0/0,14740:1747647661511:,1747647680730
counter/10/0/0/0,14741:1747647661511:,1747647680730
counter/10/0/0/0,14742:1747647661511:,1747647680730
counter/10/0/0/0,14743:1747647661515:,1747647680730
counter/10/0/0/0,14744:1747647661515:,1747647680730
counter/10/0/0/0,14745:1747647661515:,1747647680730
counter/10/0/0/0,14746:1747647661515:,1747647680730
counter/10/0/0/0,14747:1747647661515:,1747647680730
counter/10/0/0/0,14748:1747647661518:,1747647680730
counter/10/0/0/0,14749:1747647661518:,1747647680730
counter/10/0/0/0,14750:1747647661518:,1747647680730
counter/10/0/0/0,14751:1747647661518:,1747647680730
counter/10/0/0/0,14752:1747647661518:,1747647680730
counter/10/0/0/0,14753:1747647661518:,1747647680730
counter/10/0/0/0,14754:1747647661518:,1747647680730
counter/10/0/0/0,14755:1747647661518:,1747647680730
counter/10/0/0/0,14756:1747647661518:,1747647680730
counter/10/0/0/0,14757:1747647661518:,1747647680730
counter/10/0/0/0,14758:1747647661518:,1747647680730
counter/10/0/0/0,14759:1747647661518:,1747647680730
counter/10/0/0/0,14760:1747647661518:,1747647680730
counter/10/0/0/0,14761:1747647661518:,1747647680730
counter/10/0/0/0,14762:1747647661518:,1747647680730
counter/10/0/0/0,14763:1747647661518:,1747647680730
counter/10/0/0/0,14764:1747647661518:,1747647680730
counter/10/0/0/0,14765:1747647661518:,1747647680730
counter/10/0/0/0,14766:1747647661518:,1747647680731
counter/10/0/0/0,14767:1747647661519:,1747647680731
counter/10/0/0/0,14768:1747647661519:,1747647680731
counter/10/0/0/0,14769:1747647661519:,1747647680731
counter/10/0/0/0,14770:1747647661519:,1747647680731
counter/10/0/0/0,14771:1747647661519:,1747647680731
counter/10/0/0/0,14772:1747647661519:,1747647680731
counter/10/0/0/0,14773:1747647661519:,1747647680731
counter/10/0/0/0,14774:1747647661519:,1747647680731
counter/10/0/0/0,14775:1747647661519:,1747647680731
counter/10/0/0/0,14776:1747647661519:,1747647680731
counter/10/0/0/0,14777:1747647661519:,1747647680731
counter/10/0/0/0,14778:1747647661519:,1747647680731
counter/10/0/0/0,14779:1747647661519:,1747647680731
counter/10/0/0/0,14780:1747647661521:,1747647680731
counter/10/0/0/0,14781:1747647661522:,1747647680731
counter/10/0/0/0,14782:1747647661522:,1747647680731
counter/10/0/0/0,14783:1747647661522:,1747647680731
counter/10/0/0/0,14784:1747647661522:,1747647680731
counter/10/0/0/0,14785:1747647661522:,1747647680731
counter/10/0/0/0,14786:1747647661523:,1747647680731
counter/10/0/0/0,14787:1747647661525:,1747647680731
counter/10/0/0/0,14788:1747647661526:,1747647680731
counter/10/0/0/0,14789:1747647661526:,1747647680731
counter/10/0/0/0,14790:1747647661526:,1747647680731
counter/10/0/0/0,14791:1747647661528:,1747647680731
counter/10/0/0/0,14792:1747647661528:,1747647680731
counter/10/0/0/0,14793:1747647661528:,1747647680731
counter/10/0/0/0,14794:1747647661528:,1747647680731
counter/10/0/0/0,14795:1747647661528:,1747647680731
counter/10/0/0/0,14796:1747647661528:,1747647680731
counter/10/0/0/0,14797:1747647661529:,1747647680731
counter/10/0/0/0,14798:1747647661529:,1747647680731
counter/10/0/0/0,14799:1747647661529:,1747647680731
counter/10/0/0/0,14800:1747647661534:,1747647680731
counter/10/0/0/0,14801:1747647661534:,1747647680731
counter/10/0/0/0,14802:1747647661534:,1747647680732
counter/10/0/0/0,14803:1747647661534:,1747647680732
counter/10/0/0/0,14804:1747647661534:,1747647680732
counter/10/0/0/0,14805:1747647661534:,1747647680732
counter/10/0/0/0,14806:1747647661534:,1747647680732
counter/10/0/0/0,14807:1747647661534:,1747647680732
counter/10/0/0/0,14808:1747647661534:,1747647680732
counter/10/0/0/0,14809:1747647661534:,1747647680732
counter/10/0/0/0,14810:1747647661534:,1747647680732
counter/10/0/0/0,14811:1747647661543:,1747647680732
counter/10/0/0/0,14812:1747647661543:,1747647680732
counter/10/0/0/0,14813:1747647661543:,1747647680732
counter/10/0/0/0,14814:1747647661543:,1747647680732
counter/10/0/0/0,14815:1747647661544:,1747647680732
counter/3/0/0/0,17028:1747647663856:,1747647680732
counter/10/0/0/0,14816:1747647661544:,1747647680732
counter/4/0/0/0,15894:1747647663521:,1747647680732
counter/6/0/0/0,15423:1747647662619:,1747647680732
counter/10/0/0/0,14817:1747647661544:,1747647680732
counter/6/0/0/0,15424:1747647662619:,1747647680732
counter/10/0/0/0,14818:1747647661544:,1747647680732
counter/6/0/0/0,15425:1747647662619:,1747647680732
counter/10/0/0/0,14819:1747647661544:,1747647680732
counter/6/0/0/0,15426:1747647662619:,1747647680732
counter/10/0/0/0,14820:1747647661544:,1747647680732
counter/6/0/0/0,15427:1747647662619:,1747647680732
counter/10/0/0/0,14821:1747647661544:,1747647680732
counter/6/0/0/0,15428:1747647662619:,1747647680732
counter/10/0/0/0,14822:1747647661544:,1747647680732
counter/6/0/0/0,15429:1747647662619:,1747647680732
counter/10/0/0/0,14823:1747647661552:,1747647680732
counter/6/0/0/0,15430:1747647662619:,1747647680732
counter/10/0/0/0,14824:1747647661555:,1747647680732
counter/6/0/0/0,15431:1747647662619:,1747647680732
counter/10/0/0/0,14825:1747647661555:,1747647680732
counter/6/0/0/0,15432:1747647662619:,1747647680732
counter/10/0/0/0,14826:1747647661555:,1747647680732
counter/6/0/0/0,15433:1747647662619:,1747647680732
counter/10/0/0/0,14827:1747647661555:,1747647680732
counter/6/0/0/0,15434:1747647662619:,1747647680732
counter/10/0/0/0,14828:1747647661556:,1747647680732
counter/6/0/0/0,15435:1747647662619:,1747647680732
counter/10/0/0/0,14829:1747647661563:,1747647680732
counter/6/0/0/0,15436:1747647662622:,1747647680732
counter/10/0/0/0,14830:1747647661563:,1747647680732
counter/6/0/0/0,15437:1747647662622:,1747647680733
counter/10/0/0/0,14831:1747647661563:,1747647680733
counter/6/0/0/0,15438:1747647662622:,1747647680733
counter/10/0/0/0,14832:1747647661563:,1747647680733
counter/6/0/0/0,15439:1747647662622:,1747647680733
counter/10/0/0/0,14833:1747647661563:,1747647680733
counter/6/0/0/0,15440:1747647662622:,1747647680733
counter/10/0/0/0,14834:1747647661563:,1747647680733
counter/6/0/0/0,15441:1747647662622:,1747647680733
counter/10/0/0/0,14835:1747647661563:,1747647680733
counter/6/0/0/0,15442:1747647662622:,1747647680733
counter/10/0/0/0,14836:1747647661563:,1747647680733
counter/6/0/0/0,15443:1747647662622:,1747647680733
counter/10/0/0/0,14837:1747647661563:,1747647680733
counter/6/0/0/0,15444:1747647662622:,1747647680733
counter/10/0/0/0,14838:1747647661576:,1747647680733
counter/6/0/0/0,15445:1747647662622:,1747647680733
counter/10/0/0/0,14839:1747647661576:,1747647680733
counter/6/0/0/0,15446:1747647662622:,1747647680733
counter/10/0/0/0,14840:1747647661591:,1747647680733
counter/6/0/0/0,15447:1747647662622:,1747647680733
counter/10/0/0/0,14841:1747647661591:,1747647680733
counter/6/0/0/0,15448:1747647662622:,1747647680733
counter/10/0/0/0,14842:1747647661591:,1747647680733
counter/6/0/0/0,15449:1747647662622:,1747647680733
counter/10/0/0/0,14843:1747647661591:,1747647680733
counter/6/0/0/0,15450:1747647662622:,1747647680733
counter/10/0/0/0,14844:1747647661591:,1747647680733
counter/6/0/0/0,15451:1747647662622:,1747647680733
counter/10/0/0/0,14845:1747647661591:,1747647680733
counter/6/0/0/0,15452:1747647662624:,1747647680733
counter/10/0/0/0,14846:1747647661591:,1747647680733
counter/6/0/0/0,15453:1747647662624:,1747647680733
counter/10/0/0/0,14847:1747647661591:,1747647680733
counter/6/0/0/0,15454:1747647662624:,1747647680733
counter/10/0/0/0,14848:1747647661591:,1747647680733
counter/6/0/0/0,15455:1747647662624:,1747647680733
counter/10/0/0/0,14849:1747647661591:,1747647680733
counter/6/0/0/0,15456:1747647662624:,1747647680733
counter/10/0/0/0,14850:1747647661591:,1747647680733
counter/6/0/0/0,15457:1747647662624:,1747647680733
counter/10/0/0/0,14851:1747647661592:,1747647680733
counter/6/0/0/0,15458:1747647662624:,1747647680733
counter/10/0/0/0,14852:1747647661593:,1747647680734
counter/6/0/0/0,15459:1747647662624:,1747647680734
counter/10/0/0/0,14853:1747647661593:,1747647680734
counter/6/0/0/0,15460:1747647662624:,1747647680734
counter/10/0/0/0,14854:1747647661593:,1747647680734
counter/6/0/0/0,15461:1747647662625:,1747647680734
counter/10/0/0/0,14855:1747647661593:,1747647680734
counter/6/0/0/0,15462:1747647662625:,1747647680734
counter/10/0/0/0,14856:1747647661593:,1747647680734
counter/6/0/0/0,15463:1747647662625:,1747647680734
counter/10/0/0/0,14857:1747647661593:,1747647680734
counter/6/0/0/0,15464:1747647662625:,1747647680734
counter/10/0/0/0,14858:1747647661593:,1747647680734
counter/6/0/0/0,15465:1747647662625:,1747647680734
counter/2/0/0/0,15812:1747647662411:,1747647680734
counter/10/0/0/0,14859:1747647661606:,1747647680734
counter/6/0/0/0,15466:1747647662648:,1747647680734
counter/5/0/0/0,15899:1747647662490:,1747647680734
counter/3/0/0/0,17029:1747647663856:,1747647680734
counter/10/0/0/0,14860:1747647661606:,1747647680734
counter/6/0/0/0,15467:1747647662648:,1747647680734
counter/5/0/0/0,15900:1747647662490:,1747647680734
counter/10/0/0/0,14861:1747647661606:,1747647680734
counter/6/0/0/0,15468:1747647662648:,1747647680734
counter/5/0/0/0,15901:1747647662490:,1747647680734
counter/10/0/0/0,14862:1747647661606:,1747647680734
counter/6/0/0/0,15469:1747647662648:,1747647680734
counter/5/0/0/0,15902:1747647662490:,1747647680734
counter/4/0/0/0,15895:1747647663521:,1747647680734
counter/10/0/0/0,14863:1747647661606:,1747647680734
counter/6/0/0/0,15470:1747647662648:,1747647680734
counter/5/0/0/0,15903:1747647662490:,1747647680734
counter/9/0/0/0,16955:1747647662736:,1747647680734
counter/1/0/0/0,17229:1747647663608:,1747647680734
counter/7/0/0/0,15406:1747647661832:,1747647680734
counter/10/0/0/0,14864:1747647661606:,1747647680734
counter/6/0/0/0,15471:1747647662648:,1747647680734
counter/5/0/0/0,15904:1747647662490:,1747647680734
counter/7/0/0/0,15407:1747647661832:,1747647680735
counter/10/0/0/0,14865:1747647661606:,1747647680735
counter/6/0/0/0,15472:1747647662648:,1747647680735
counter/5/0/0/0,15905:1747647662490:,1747647680735
counter/7/0/0/0,15408:1747647661832:,1747647680735
counter/9/0/0/0,16956:1747647662736:,1747647680735
counter/1/0/0/0,17230:1747647663608:,1747647680735
counter/10/0/0/0,14866:1747647661606:,1747647680735
counter/6/0/0/0,15473:1747647662648:,1747647680735
counter/5/0/0/0,15906:1747647662490:,1747647680735
counter/7/0/0/0,15409:1747647661832:,1747647680735
counter/2/0/0/0,15813:1747647662411:,1747647680735
counter/10/0/0/0,14867:1747647661609:,1747647680735
counter/6/0/0/0,15474:1747647662649:,1747647680735
counter/5/0/0/0,15907:1747647662490:,1747647680735
counter/7/0/0/0,15410:1747647661832:,1747647680735
counter/1/0/0/0,17231:1747647663622:,1747647680735
counter/10/0/0/0,14868:1747647661609:,1747647680735
counter/6/0/0/0,15475:1747647662649:,1747647680735
counter/5/0/0/0,15908:1747647662490:,1747647680735
counter/7/0/0/0,15411:1747647661832:,1747647680735
counter/2/0/0/0,15814:1747647662411:,1747647680735
counter/3/0/0/0,17030:1747647663856:,1747647680735
counter/4/0/0/0,15896:1747647663521:,1747647680735
counter/10/0/0/0,14869:1747647661609:,1747647680735
counter/6/0/0/0,15476:1747647662660:,1747647680735
counter/5/0/0/0,15909:1747647662490:,1747647680735
counter/7/0/0/0,15412:1747647661832:,1747647680735
counter/10/0/0/0,14870:1747647661609:,1747647680735
counter/6/0/0/0,15477:1747647662660:,1747647680735
counter/5/0/0/0,15910:1747647662490:,1747647680735
counter/7/0/0/0,15413:1747647661834:,1747647680735
counter/10/0/0/0,14871:1747647661609:,1747647680735
counter/6/0/0/0,15478:1747647662660:,1747647680735
counter/5/0/0/0,15911:1747647662494:,1747647680735
counter/7/0/0/0,15414:1747647661835:,1747647680735
counter/10/0/0/0,14872:1747647661609:,1747647680735
counter/6/0/0/0,15479:1747647662660:,1747647680735
counter/5/0/0/0,15912:1747647662494:,1747647680735
counter/7/0/0/0,15415:1747647661835:,1747647680735
counter/10/0/0/0,14873:1747647661609:,1747647680735
counter/6/0/0/0,15480:1747647662660:,1747647680735
counter/5/0/0/0,15913:1747647662494:,1747647680735
counter/7/0/0/0,15416:1747647661835:,1747647680735
counter/10/0/0/0,14874:1747647661609:,1747647680736
counter/6/0/0/0,15481:1747647662660:,1747647680736
counter/5/0/0/0,15914:1747647662494:,1747647680736
counter/7/0/0/0,15417:1747647661835:,1747647680736
counter/10/0/0/0,14875:1747647661609:,1747647680736
counter/6/0/0/0,15482:1747647662662:,1747647680736
counter/5/0/0/0,15915:1747647662494:,1747647680736
counter/7/0/0/0,15418:1747647661835:,1747647680736
counter/10/0/0/0,14876:1747647661609:,1747647680736
counter/6/0/0/0,15483:1747647662670:,1747647680736
counter/5/0/0/0,15916:1747647662494:,1747647680736
counter/7/0/0/0,15419:1747647661835:,1747647680736
counter/10/0/0/0,14877:1747647661609:,1747647680736
counter/6/0/0/0,15484:1747647662670:,1747647680736
counter/7/0/0/0,15420:1747647661835:,1747647680736
counter/10/0/0/0,14878:1747647661609:,1747647680736
counter/6/0/0/0,15485:1747647662670:,1747647680736
counter/7/0/0/0,15421:1747647661835:,1747647680736
counter/2/0/0/0,15815:1747647662411:,1747647680736
counter/4/0/0/0,15897:1747647663521:,1747647680736
counter/10/0/0/0,14879:1747647661609:,1747647680736
counter/6/0/0/0,15486:1747647662670:,1747647680736
counter/7/0/0/0,15422:1747647661835:,1747647680736
counter/5/0/0/0,15917:1747647662494:,1747647680736
counter/1/0/0/0,17232:1747647663622:,1747647680736
counter/10/0/0/0,14880:1747647661609:,1747647680736
counter/6/0/0/0,15487:1747647662670:,1747647680736
counter/7/0/0/0,15423:1747647661835:,1747647680736
counter/10/0/0/0,14881:1747647661609:,1747647680736
counter/6/0/0/0,15488:1747647662670:,1747647680736
counter/7/0/0/0,15424:1747647661835:,1747647680736
counter/10/0/0/0,14882:1747647661609:,1747647680736
counter/6/0/0/0,15489:1747647662675:,1747647680736
counter/7/0/0/0,15425:1747647661835:,1747647680736
counter/10/0/0/0,14883:1747647661619:,1747647680736
counter/6/0/0/0,15490:1747647662675:,1747647680736
counter/7/0/0/0,15426:1747647661835:,1747647680736
counter/10/0/0/0,14884:1747647661619:,1747647680736
counter/6/0/0/0,15491:1747647662675:,1747647680736
counter/7/0/0/0,15427:1747647661846:,1747647680736
counter/10/0/0/0,14885:1747647661619:,1747647680736
counter/6/0/0/0,15492:1747647662675:,1747647680737
counter/7/0/0/0,15428:1747647661846:,1747647680737
counter/10/0/0/0,14886:1747647661619:,1747647680737
counter/6/0/0/0,15493:1747647662675:,1747647680737
counter/7/0/0/0,15429:1747647661846:,1747647680737
counter/9/0/0/0,16957:1747647662736:,1747647680737
counter/10/0/0/0,14887:1747647661619:,1747647680737
counter/6/0/0/0,15494:1747647662675:,1747647680737
counter/7/0/0/0,15430:1747647661846:,1747647680737
counter/1/0/0/0,17233:1747647663622:,1747647680737
counter/3/0/0/0,17031:1747647663856:,1747647680737
counter/10/0/0/0,14888:1747647661619:,1747647680737
counter/6/0/0/0,15495:1747647662675:,1747647680737
counter/7/0/0/0,15431:1747647661846:,1747647680737
counter/10/0/0/0,14889:1747647661619:,1747647680737
counter/6/0/0/0,15496:1747647662675:,1747647680737
counter/7/0/0/0,15432:1747647661846:,1747647680737
counter/10/0/0/0,14890:1747647661619:,1747647680737
counter/6/0/0/0,15497:1747647662675:,1747647680737
counter/7/0/0/0,15433:1747647661846:,1747647680737
counter/4/0/0/0,15898:1747647663525:,1747647680737
counter/9/0/0/0,16958:1747647662736:,1747647680737
counter/10/0/0/0,14891:1747647661619:,1747647680737
counter/6/0/0/0,15498:1747647662675:,1747647680737
counter/7/0/0/0,15434:1747647661846:,1747647680737
counter/1/0/0/0,17234:1747647663622:,1747647680737
counter/3/0/0/0,17032:1747647663856:,1747647680737
counter/10/0/0/0,14892:1747647661619:,1747647680737
counter/6/0/0/0,15499:1747647662675:,1747647680737
counter/7/0/0/0,15435:1747647661846:,1747647680737
counter/10/0/0/0,14893:1747647661619:,1747647680737
counter/6/0/0/0,15500:1747647662676:,1747647680737
counter/7/0/0/0,15436:1747647661846:,1747647680737
counter/10/0/0/0,14894:1747647661619:,1747647680737
counter/6/0/0/0,15501:1747647662676:,1747647680737
counter/7/0/0/0,15437:1747647661846:,1747647680737
counter/10/0/0/0,14895:1747647661619:,1747647680737
counter/6/0/0/0,15502:1747647662676:,1747647680737
counter/7/0/0/0,15438:1747647661846:,1747647680737
counter/10/0/0/0,14896:1747647661619:,1747647680737
counter/6/0/0/0,15503:1747647662679:,1747647680737
counter/7/0/0/0,15439:1747647661846:,1747647680737
counter/10/0/0/0,14897:1747647661619:,1747647680737
counter/6/0/0/0,15504:1747647662679:,1747647680738
counter/7/0/0/0,15440:1747647661846:,1747647680738
counter/10/0/0/0,14898:1747647661619:,1747647680738
counter/6/0/0/0,15505:1747647662679:,1747647680738
counter/7/0/0/0,15441:1747647661846:,1747647680738
counter/10/0/0/0,14899:1747647661621:,1747647680738
counter/6/0/0/0,15506:1747647662679:,1747647680738
counter/7/0/0/0,15442:1747647661848:,1747647680738
counter/10/0/0/0,14900:1747647661621:,1747647680738
counter/6/0/0/0,15507:1747647662679:,1747647680738
counter/7/0/0/0,15443:1747647661848:,1747647680738
counter/4/0/0/0,15899:1747647663525:,1747647680738
counter/9/0/0/0,16959:1747647662736:,1747647680738
counter/10/0/0/0,14901:1747647661621:,1747647680738
counter/6/0/0/0,15508:1747647662679:,1747647680738
counter/7/0/0/0,15444:1747647661848:,1747647680738
counter/1/0/0/0,17235:1747647663622:,1747647680738
counter/3/0/0/0,17033:1747647663856:,1747647680738
counter/2/0/0/0,15816:1747647662411:,1747647680738
counter/10/0/0/0,14902:1747647661621:,1747647680738
counter/6/0/0/0,15509:1747647662679:,1747647680738
counter/7/0/0/0,15445:1747647661848:,1747647680738
counter/10/0/0/0,14903:1747647661625:,1747647680738
counter/6/0/0/0,15510:1747647662679:,1747647680738
counter/7/0/0/0,15446:1747647661848:,1747647680738
counter/10/0/0/0,14904:1747647661625:,1747647680738
counter/6/0/0/0,15511:1747647662683:,1747647680738
counter/7/0/0/0,15447:1747647661848:,1747647680738
counter/10/0/0/0,14905:1747647661625:,1747647680738
counter/6/0/0/0,15512:1747647662683:,1747647680738
counter/7/0/0/0,15448:1747647661849:,1747647680738
counter/10/0/0/0,14906:1747647661625:,1747647680738
counter/6/0/0/0,15513:1747647662683:,1747647680738
counter/7/0/0/0,15449:1747647661849:,1747647680738
counter/10/0/0/0,14907:1747647661625:,1747647680738
counter/6/0/0/0,15514:1747647662684:,1747647680738
counter/7/0/0/0,15450:1747647661849:,1747647680739
counter/10/0/0/0,14908:1747647661625:,1747647680739
counter/6/0/0/0,15515:1747647662684:,1747647680739
counter/7/0/0/0,15451:1747647661849:,1747647680739
counter/10/0/0/0,14909:1747647661625:,1747647680739
counter/7/0/0/0,15452:1747647661855:,1747647680739
counter/10/0/0/0,14910:1747647661625:,1747647680739
counter/7/0/0/0,15453:1747647661859:,1747647680739
counter/10/0/0/0,14911:1747647661625:,1747647680739
counter/7/0/0/0,15454:1747647661859:,1747647680739
counter/10/0/0/0,14912:1747647661625:,1747647680739
counter/7/0/0/0,15455:1747647661859:,1747647680739
counter/10/0/0/0,14913:1747647661626:,1747647680739
counter/7/0/0/0,15456:1747647661859:,1747647680739
counter/10/0/0/0,14914:1747647661626:,1747647680739
counter/7/0/0/0,15457:1747647661860:,1747647680739
counter/10/0/0/0,14915:1747647661626:,1747647680739
counter/7/0/0/0,15458:1747647661860:,1747647680739
counter/10/0/0/0,14916:1747647661626:,1747647680739
counter/7/0/0/0,15459:1747647661860:,1747647680739
counter/10/0/0/0,14917:1747647661626:,1747647680739
counter/7/0/0/0,15460:1747647661860:,1747647680739
counter/10/0/0/0,14918:1747647661626:,1747647680739
counter/7/0/0/0,15461:1747647661860:,1747647680739
counter/10/0/0/0,14919:1747647661626:,1747647680739
counter/7/0/0/0,15462:1747647661861:,1747647680739
counter/10/0/0/0,14920:1747647661631:,1747647680739
counter/7/0/0/0,15463:1747647661861:,1747647680739
counter/10/0/0/0,14921:1747647661631:,1747647680739
counter/7/0/0/0,15464:1747647661861:,1747647680739
counter/1/0/0/0,17236:1747647663622:,1747647680739
counter/10/0/0/0,14922:1747647661637:,1747647680739
counter/7/0/0/0,15465:1747647661861:,1747647680739
counter/10/0/0/0,14923:1747647661637:,1747647680739
counter/7/0/0/0,15466:1747647661861:,1747647680739
counter/10/0/0/0,14924:1747647661637:,1747647680739
counter/7/0/0/0,15467:1747647661861:,1747647680739
counter/10/0/0/0,14925:1747647661637:,1747647680739
counter/7/0/0/0,15468:1747647661861:,1747647680739
counter/10/0/0/0,14926:1747647661637:,1747647680739
counter/7/0/0/0,15469:1747647661861:,1747647680739
counter/10/0/0/0,14927:1747647661637:,1747647680739
counter/7/0/0/0,15470:1747647661861:,1747647680740
counter/10/0/0/0,14928:1747647661637:,1747647680740
counter/7/0/0/0,15471:1747647661861:,1747647680740
counter/10/0/0/0,14929:1747647661637:,1747647680740
counter/7/0/0/0,15472:1747647661861:,1747647680740
counter/10/0/0/0,14930:1747647661637:,1747647680740
counter/7/0/0/0,15473:1747647661861:,1747647680740
counter/10/0/0/0,14931:1747647661638:,1747647680740
counter/7/0/0/0,15474:1747647661861:,1747647680740
counter/10/0/0/0,14932:1747647661638:,1747647680740
counter/7/0/0/0,15475:1747647661861:,1747647680740
counter/10/0/0/0,14933:1747647661638:,1747647680740
counter/7/0/0/0,15476:1747647661861:,1747647680740
counter/10/0/0/0,14934:1747647661638:,1747647680740
counter/7/0/0/0,15477:1747647661861:,1747647680740
counter/10/0/0/0,14935:1747647661638:,1747647680740
counter/7/0/0/0,15478:1747647661861:,1747647680740
counter/10/0/0/0,14936:1747647661638:,1747647680740
counter/7/0/0/0,15479:1747647661861:,1747647680740
counter/10/0/0/0,14937:1747647661638:,1747647680740
counter/7/0/0/0,15480:1747647661861:,1747647680740
counter/10/0/0/0,14938:1747647661638:,1747647680740
counter/7/0/0/0,15481:1747647661861:,1747647680740
counter/10/0/0/0,14939:1747647661638:,1747647680740
counter/7/0/0/0,15482:1747647661861:,1747647680740
counter/10/0/0/0,14940:1747647661638:,1747647680740
counter/7/0/0/0,15483:1747647661861:,1747647680740
counter/10/0/0/0,14941:1747647661638:,1747647680740
counter/7/0/0/0,15484:1747647661861:,1747647680740
counter/10/0/0/0,14942:1747647661638:,1747647680740
counter/7/0/0/0,15485:1747647661861:,1747647680740
counter/10/0/0/0,14943:1747647661638:,1747647680740
counter/7/0/0/0,15486:1747647661861:,1747647680740
counter/10/0/0/0,14944:1747647661638:,1747647680740
counter/7/0/0/0,15487:1747647661866:,1747647680740
counter/10/0/0/0,14945:1747647661638:,1747647680740
counter/7/0/0/0,15488:1747647661866:,1747647680740
counter/10/0/0/0,14946:1747647661638:,1747647680740
counter/7/0/0/0,15489:1747647661866:,1747647680740
counter/10/0/0/0,14947:1747647661638:,1747647680740
counter/7/0/0/0,15490:1747647661866:,1747647680740
counter/10/0/0/0,14948:1747647661638:,1747647680740
counter/7/0/0/0,15491:1747647661866:,1747647680741
counter/10/0/0/0,14949:1747647661638:,1747647680741
counter/7/0/0/0,15492:1747647661876:,1747647680741
counter/10/0/0/0,14950:1747647661638:,1747647680741
counter/7/0/0/0,15493:1747647661876:,1747647680741
counter/10/0/0/0,14951:1747647661647:,1747647680741
counter/7/0/0/0,15494:1747647661876:,1747647680741
counter/10/0/0/0,14952:1747647661647:,1747647680741
counter/7/0/0/0,15495:1747647661878:,1747647680741
counter/10/0/0/0,14953:1747647661647:,1747647680741
counter/7/0/0/0,15496:1747647661878:,1747647680741
counter/10/0/0/0,14954:1747647661647:,1747647680741
counter/7/0/0/0,15497:1747647661878:,1747647680741
counter/10/0/0/0,14955:1747647661647:,1747647680741
counter/7/0/0/0,15498:1747647661886:,1747647680741
counter/10/0/0/0,14956:1747647661647:,1747647680741
counter/7/0/0/0,15499:1747647661886:,1747647680741
counter/10/0/0/0,14957:1747647661647:,1747647680741
counter/7/0/0/0,15500:1747647661886:,1747647680741
counter/10/0/0/0,14958:1747647661647:,1747647680741
counter/7/0/0/0,15501:1747647661886:,1747647680741
counter/10/0/0/0,14959:1747647661647:,1747647680741
counter/10/0/0/0,14960:1747647661647:,1747647680741
counter/10/0/0/0,14961:1747647661647:,1747647680741
counter/10/0/0/0,14962:1747647661647:,1747647680741
counter/10/0/0/0,14963:1747647661647:,1747647680741
counter/10/0/0/0,14964:1747647661647:,1747647680741
counter/10/0/0/0,14965:1747647661647:,1747647680741
counter/10/0/0/0,14966:1747647661647:,1747647680741
counter/10/0/0/0,14967:1747647661647:,1747647680741
counter/10/0/0/0,14968:1747647661663:,1747647680741
counter/10/0/0/0,14969:1747647661663:,1747647680741
counter/10/0/0/0,14970:1747647661663:,1747647680741
counter/10/0/0/0,14971:1747647661663:,1747647680741
counter/10/0/0/0,14972:1747647661663:,1747647680741
counter/10/0/0/0,14973:1747647661663:,1747647680741
counter/10/0/0/0,14974:1747647661663:,1747647680741
counter/10/0/0/0,14975:1747647661663:,1747647680741
counter/10/0/0/0,14976:1747647661667:,1747647680741
counter/10/0/0/0,14977:1747647661669:,1747647680742
counter/10/0/0/0,14978:1747647661669:,1747647680742
counter/10/0/0/0,14979:1747647661669:,1747647680742
counter/10/0/0/0,14980:1747647661669:,1747647680742
counter/10/0/0/0,14981:1747647661670:,1747647680742
counter/10/0/0/0,14982:1747647661670:,1747647680742
counter/10/0/0/0,14983:1747647661670:,1747647680742
counter/10/0/0/0,14984:1747647661670:,1747647680742
counter/10/0/0/0,14985:1747647661670:,1747647680742
counter/10/0/0/0,14986:1747647661670:,1747647680742
counter/10/0/0/0,14987:1747647661670:,1747647680742
counter/10/0/0/0,14988:1747647661670:,1747647680742
counter/10/0/0/0,14989:1747647661670:,1747647680742
counter/10/0/0/0,14990:1747647661670:,1747647680742
counter/10/0/0/0,14991:1747647661675:,1747647680742
counter/10/0/0/0,14992:1747647661675:,1747647680742
counter/10/0/0/0,14993:1747647661675:,1747647680742
counter/10/0/0/0,14994:1747647661675:,1747647680742
counter/10/0/0/0,14995:1747647661679:,1747647680742
counter/10/0/0/0,14996:1747647661679:,1747647680742
counter/10/0/0/0,14997:1747647661679:,1747647680742
counter/10/0/0/0,14998:1747647661679:,1747647680742
counter/10/0/0/0,14999:1747647661679:,1747647680742
counter/10/0/0/0,15000:1747647661679:,1747647680742
counter/10/0/0/0,15001:1747647661679:,1747647680742
counter/10/0/0/0,15002:1747647661679:,1747647680742
counter/10/0/0/0,15003:1747647661679:,1747647680742
counter/10/0/0/0,15004:1747647661679:,1747647680742
counter/10/0/0/0,15005:1747647661679:,1747647680742
counter/10/0/0/0,15006:1747647661679:,1747647680742
counter/10/0/0/0,15007:1747647661679:,1747647680742
counter/10/0/0/0,15008:1747647661679:,1747647680742
counter/10/0/0/0,15009:1747647661679:,1747647680742
counter/10/0/0/0,15010:1747647661679:,1747647680742
counter/10/0/0/0,15011:1747647661679:,1747647680742
counter/10/0/0/0,15012:1747647661694:,1747647680742
counter/10/0/0/0,15013:1747647661695:,1747647680742
counter/10/0/0/0,15014:1747647661695:,1747647680742
counter/10/0/0/0,15015:1747647661695:,1747647680742
counter/10/0/0/0,15016:1747647661695:,1747647680742
counter/10/0/0/0,15017:1747647661695:,1747647680742
counter/10/0/0/0,15018:1747647661695:,1747647680742
counter/10/0/0/0,15019:1747647661695:,1747647680742
counter/10/0/0/0,15020:1747647661695:,1747647680742
counter/10/0/0/0,15021:1747647661695:,1747647680743
counter/10/0/0/0,15022:1747647661702:,1747647680743
counter/10/0/0/0,15023:1747647661702:,1747647680743
counter/10/0/0/0,15024:1747647661702:,1747647680743
counter/10/0/0/0,15025:1747647661702:,1747647680743
counter/10/0/0/0,15026:1747647661704:,1747647680743
counter/10/0/0/0,15027:1747647661704:,1747647680743
counter/10/0/0/0,15028:1747647661704:,1747647680743
counter/10/0/0/0,15029:1747647661704:,1747647680743
counter/10/0/0/0,15030:1747647661704:,1747647680743
counter/10/0/0/0,15031:1747647661704:,1747647680743
counter/10/0/0/0,15032:1747647661708:,1747647680743
counter/10/0/0/0,15033:1747647661708:,1747647680743
counter/10/0/0/0,15034:1747647661708:,1747647680743
counter/10/0/0/0,15035:1747647661708:,1747647680743
counter/10/0/0/0,15036:1747647661709:,1747647680743
counter/10/0/0/0,15037:1747647661709:,1747647680743
counter/10/0/0/0,15038:1747647661709:,1747647680743
counter/10/0/0/0,15039:1747647661710:,1747647680743
counter/10/0/0/0,15040:1747647661710:,1747647680743
counter/10/0/0/0,15041:1747647661710:,1747647680743
counter/10/0/0/0,15042:1747647661710:,1747647680743
counter/10/0/0/0,15043:1747647661710:,1747647680743
counter/10/0/0/0,15044:1747647661710:,1747647680743
counter/10/0/0/0,15045:1747647661710:,1747647680743
counter/10/0/0/0,15046:1747647661710:,1747647680743
counter/10/0/0/0,15047:1747647661710:,1747647680743
counter/10/0/0/0,15048:1747647661711:,1747647680743
counter/10/0/0/0,15049:1747647661711:,1747647680743
counter/10/0/0/0,15050:1747647661711:,1747647680743
counter/10/0/0/0,15051:1747647661711:,1747647680743
counter/10/0/0/0,15052:1747647661711:,1747647680743
counter/10/0/0/0,15053:1747647661711:,1747647680743
counter/10/0/0/0,15054:1747647661711:,1747647680743
counter/10/0/0/0,15055:1747647661711:,1747647680743
counter/10/0/0/0,15056:1747647661711:,1747647680743
counter/10/0/0/0,15057:1747647661711:,1747647680743
counter/10/0/0/0,15058:1747647661711:,1747647680743
counter/10/0/0/0,15059:1747647661711:,1747647680743
counter/10/0/0/0,15060:1747647661711:,1747647680743
counter/10/0/0/0,15061:1747647661711:,1747647680744
counter/10/0/0/0,15062:1747647661711:,1747647680744
counter/10/0/0/0,15063:1747647661716:,1747647680744
counter/10/0/0/0,15064:1747647661716:,1747647680744
counter/10/0/0/0,15065:1747647661716:,1747647680744
counter/10/0/0/0,15066:1747647661717:,1747647680744
counter/10/0/0/0,15067:1747647661717:,1747647680744
counter/10/0/0/0,15068:1747647661717:,1747647680744
counter/10/0/0/0,15069:1747647661728:,1747647680744
counter/10/0/0/0,15070:1747647661728:,1747647680744
counter/10/0/0/0,15071:1747647661732:,1747647680744
counter/10/0/0/0,15072:1747647661732:,1747647680744
counter/10/0/0/0,15073:1747647661732:,1747647680744
counter/10/0/0/0,15074:1747647661732:,1747647680744
counter/10/0/0/0,15075:1747647661732:,1747647680744
counter/10/0/0/0,15076:1747647661732:,1747647680744
counter/10/0/0/0,15077:1747647661732:,1747647680744
counter/10/0/0/0,15078:1747647661732:,1747647680744
counter/10/0/0/0,15079:1747647661733:,1747647680744
counter/10/0/0/0,15080:1747647661733:,1747647680744
counter/10/0/0/0,15081:1747647661733:,1747647680744
counter/10/0/0/0,15082:1747647661733:,1747647680744
counter/10/0/0/0,15083:1747647661733:,1747647680744
counter/10/0/0/0,15084:1747647661733:,1747647680744
counter/10/0/0/0,15085:1747647661733:,1747647680744
counter/10/0/0/0,15086:1747647661733:,1747647680744
counter/10/0/0/0,15087:1747647661738:,1747647680744
counter/10/0/0/0,15088:1747647661739:,1747647680744
counter/10/0/0/0,15089:1747647661739:,1747647680744
counter/10/0/0/0,15090:1747647661740:,1747647680744
counter/10/0/0/0,15091:1747647661740:,1747647680744
counter/10/0/0/0,15092:1747647661740:,1747647680744
counter/10/0/0/0,15093:1747647661740:,1747647680744
counter/10/0/0/0,15094:1747647661740:,1747647680744
counter/10/0/0/0,15095:1747647661745:,1747647680744
counter/10/0/0/0,15096:1747647661745:,1747647680744
counter/10/0/0/0,15097:1747647661745:,1747647680744
counter/10/0/0/0,15098:1747647661745:,1747647680744
counter/10/0/0/0,15099:1747647661745:,1747647680744
counter/10/0/0/0,15100:1747647661754:,1747647680744
counter/10/0/0/0,15101:1747647661754:,1747647680744
counter/10/0/0/0,15102:1747647661755:,1747647680744
counter/10/0/0/0,15103:1747647661755:,1747647680744
counter/10/0/0/0,15104:1747647661755:,1747647680744
counter/10/0/0/0,15105:1747647661755:,1747647680744
counter/10/0/0/0,15106:1747647661755:,1747647680745
counter/10/0/0/0,15107:1747647661755:,1747647680745
counter/10/0/0/0,15108:1747647661755:,1747647680745
counter/10/0/0/0,15109:1747647661755:,1747647680745
counter/10/0/0/0,15110:1747647661755:,1747647680745
counter/10/0/0/0,15111:1747647661755:,1747647680745
counter/10/0/0/0,15112:1747647661755:,1747647680745
counter/10/0/0/0,15113:1747647661755:,1747647680745
counter/10/0/0/0,15114:1747647661755:,1747647680745
counter/10/0/0/0,15115:1747647661760:,1747647680745
counter/10/0/0/0,15116:1747647661774:,1747647680745
counter/10/0/0/0,15117:1747647661778:,1747647680745
counter/10/0/0/0,15118:1747647661778:,1747647680745
counter/10/0/0/0,15119:1747647661778:,1747647680745
counter/10/0/0/0,15120:1747647661778:,1747647680745
counter/10/0/0/0,15121:1747647661778:,1747647680745
counter/10/0/0/0,15122:1747647661778:,1747647680745
counter/10/0/0/0,15123:1747647661778:,1747647680745
counter/10/0/0/0,15124:1747647661778:,1747647680745
counter/10/0/0/0,15125:1747647661778:,1747647680745
counter/10/0/0/0,15126:1747647661778:,1747647680745
counter/10/0/0/0,15127:1747647661778:,1747647680745
counter/10/0/0/0,15128:1747647661778:,1747647680745
counter/10/0/0/0,15129:1747647661778:,1747647680745
counter/10/0/0/0,15130:1747647661778:,1747647680745
counter/10/0/0/0,15131:1747647661779:,1747647680745
counter/10/0/0/0,15132:1747647661779:,1747647680745
counter/10/0/0/0,15133:1747647661779:,1747647680745
counter/10/0/0/0,15134:1747647661779:,1747647680745
counter/10/0/0/0,15135:1747647661779:,1747647680745
counter/10/0/0/0,15136:1747647661780:,1747647680745
counter/10/0/0/0,15137:1747647661780:,1747647680745
counter/10/0/0/0,15138:1747647661780:,1747647680745
counter/10/0/0/0,15139:1747647661780:,1747647680745
counter/10/0/0/0,15140:1747647661782:,1747647680745
counter/10/0/0/0,15141:1747647661782:,1747647680745
counter/10/0/0/0,15142:1747647661782:,1747647680745
counter/10/0/0/0,15143:1747647661782:,1747647680745
counter/10/0/0/0,15144:1747647661786:,1747647680745
counter/10/0/0/0,15145:1747647661786:,1747647680745
counter/10/0/0/0,15146:1747647661786:,1747647680745
counter/10/0/0/0,15147:1747647661786:,1747647680745
counter/10/0/0/0,15148:1747647661786:,1747647680746
counter/10/0/0/0,15149:1747647661786:,1747647680746
counter/10/0/0/0,15150:1747647661786:,1747647680746
counter/10/0/0/0,15151:1747647661787:,1747647680746
counter/10/0/0/0,15152:1747647661787:,1747647680746
counter/10/0/0/0,15153:1747647661787:,1747647680746
counter/10/0/0/0,15154:1747647661787:,1747647680746
counter/10/0/0/0,15155:1747647661787:,1747647680746
counter/10/0/0/0,15156:1747647661787:,1747647680746
counter/10/0/0/0,15157:1747647661787:,1747647680746
counter/10/0/0/0,15158:1747647661787:,1747647680746
counter/10/0/0/0,15159:1747647661787:,1747647680746
counter/10/0/0/0,15160:1747647661787:,1747647680746
counter/10/0/0/0,15161:1747647661787:,1747647680746
counter/10/0/0/0,15162:1747647661787:,1747647680746
counter/10/0/0/0,15163:1747647661787:,1747647680746
counter/10/0/0/0,15164:1747647661788:,1747647680746
counter/10/0/0/0,15165:1747647661788:,1747647680746
counter/10/0/0/0,15166:1747647661788:,1747647680746
counter/10/0/0/0,15167:1747647661788:,1747647680746
counter/10/0/0/0,15168:1747647661788:,1747647680746
counter/10/0/0/0,15169:1747647661788:,1747647680746
counter/10/0/0/0,15170:1747647661788:,1747647680746
counter/9/0/0/0,16960:1747647662736:,1747647680746
counter/10/0/0/0,15171:1747647661788:,1747647680746
counter/9/0/0/0,16961:1747647662736:,1747647680746
counter/5/0/0/0,15918:1747647662494:,1747647680746
counter/10/0/0/0,15172:1747647661788:,1747647680746
counter/5/0/0/0,15919:1747647662494:,1747647680746
counter/10/0/0/0,15173:1747647661788:,1747647680746
counter/5/0/0/0,15920:1747647662494:,1747647680746
counter/10/0/0/0,15174:1747647661788:,1747647680746
counter/5/0/0/0,15921:1747647662494:,1747647680746
counter/10/0/0/0,15175:1747647661788:,1747647680746
counter/5/0/0/0,15922:1747647662494:,1747647680746
counter/10/0/0/0,15176:1747647661788:,1747647680746
counter/5/0/0/0,15923:1747647662494:,1747647680746
counter/10/0/0/0,15177:1747647661788:,1747647680747
counter/5/0/0/0,15924:1747647662495:,1747647680747
counter/10/0/0/0,15178:1747647661788:,1747647680747
counter/5/0/0/0,15925:1747647662496:,1747647680747
counter/10/0/0/0,15179:1747647661788:,1747647680747
counter/5/0/0/0,15926:1747647662498:,1747647680747
counter/10/0/0/0,15180:1747647661788:,1747647680747
counter/5/0/0/0,15927:1747647662498:,1747647680747
counter/10/0/0/0,15181:1747647661788:,1747647680747
counter/5/0/0/0,15928:1747647662498:,1747647680747
counter/10/0/0/0,15182:1747647661788:,1747647680747
counter/5/0/0/0,15929:1747647662498:,1747647680747
counter/10/0/0/0,15183:1747647661788:,1747647680747
counter/5/0/0/0,15930:1747647662498:,1747647680747
counter/10/0/0/0,15184:1747647661788:,1747647680747
counter/5/0/0/0,15931:1747647662498:,1747647680747
counter/10/0/0/0,15185:1747647661788:,1747647680747
counter/5/0/0/0,15932:1747647662498:,1747647680747
counter/10/0/0/0,15186:1747647661788:,1747647680747
counter/5/0/0/0,15933:1747647662498:,1747647680747
counter/10/0/0/0,15187:1747647661788:,1747647680747
counter/5/0/0/0,15934:1747647662498:,1747647680747
counter/10/0/0/0,15188:1747647661788:,1747647680747
counter/5/0/0/0,15935:1747647662498:,1747647680747
counter/10/0/0/0,15189:1747647661788:,1747647680747
counter/5/0/0/0,15936:1747647662498:,1747647680747
counter/10/0/0/0,15190:1747647661788:,1747647680747
counter/5/0/0/0,15937:1747647662498:,1747647680747
counter/10/0/0/0,15191:1747647661788:,1747647680747
counter/5/0/0/0,15938:1747647662498:,1747647680747
counter/10/0/0/0,15192:1747647661788:,1747647680747
counter/5/0/0/0,15939:1747647662498:,1747647680747
counter/10/0/0/0,15193:1747647661788:,1747647680747
counter/5/0/0/0,15940:1747647662498:,1747647680747
counter/10/0/0/0,15194:1747647661788:,1747647680747
counter/5/0/0/0,15941:1747647662498:,1747647680747
counter/10/0/0/0,15195:1747647661788:,1747647680747
counter/5/0/0/0,15942:1747647662498:,1747647680747
counter/10/0/0/0,15196:1747647661788:,1747647680747
counter/5/0/0/0,15943:1747647662513:,1747647680747
counter/10/0/0/0,15197:1747647661788:,1747647680747
counter/5/0/0/0,15944:1747647662513:,1747647680747
counter/10/0/0/0,15198:1747647661788:,1747647680748
counter/5/0/0/0,15945:1747647662513:,1747647680748
counter/10/0/0/0,15199:1747647661788:,1747647680748
counter/5/0/0/0,15946:1747647662521:,1747647680748
counter/10/0/0/0,15200:1747647661788:,1747647680748
counter/5/0/0/0,15947:1747647662521:,1747647680748
counter/10/0/0/0,15201:1747647661788:,1747647680748
counter/5/0/0/0,15948:1747647662521:,1747647680748
counter/10/0/0/0,15202:1747647661788:,1747647680748
counter/5/0/0/0,15949:1747647662521:,1747647680748
counter/10/0/0/0,15203:1747647661788:,1747647680748
counter/5/0/0/0,15950:1747647662521:,1747647680748
counter/10/0/0/0,15204:1747647661788:,1747647680748
counter/5/0/0/0,15951:1747647662521:,1747647680748
counter/10/0/0/0,15205:1747647661788:,1747647680748
counter/5/0/0/0,15952:1747647662521:,1747647680748
counter/10/0/0/0,15206:1747647661789:,1747647680748
counter/5/0/0/0,15953:1747647662524:,1747647680748
counter/10/0/0/0,15207:1747647661789:,1747647680748
counter/5/0/0/0,15954:1747647662524:,1747647680748
counter/10/0/0/0,15208:1747647661789:,1747647680748
counter/5/0/0/0,15955:1747647662524:,1747647680748
counter/10/0/0/0,15209:1747647661789:,1747647680748
counter/5/0/0/0,15956:1747647662524:,1747647680748
counter/10/0/0/0,15210:1747647661789:,1747647680748
counter/5/0/0/0,15957:1747647662524:,1747647680748
counter/10/0/0/0,15211:1747647661789:,1747647680748
counter/5/0/0/0,15958:1747647662524:,1747647680748
counter/10/0/0/0,15212:1747647661789:,1747647680748
counter/5/0/0/0,15959:1747647662524:,1747647680748
counter/10/0/0/0,15213:1747647661789:,1747647680748
counter/5/0/0/0,15960:1747647662524:,1747647680748
counter/10/0/0/0,15214:1747647661789:,1747647680748
counter/5/0/0/0,15961:1747647662524:,1747647680748
counter/10/0/0/0,15215:1747647661789:,1747647680748
counter/5/0/0/0,15962:1747647662530:,1747647680748
counter/10/0/0/0,15216:1747647661789:,1747647680748
counter/5/0/0/0,15963:1747647662530:,1747647680748
counter/10/0/0/0,15217:1747647661789:,1747647680748
counter/5/0/0/0,15964:1747647662530:,1747647680748
counter/10/0/0/0,15218:1747647661789:,1747647680749
counter/5/0/0/0,15965:1747647662530:,1747647680749
counter/10/0/0/0,15219:1747647661789:,1747647680749
counter/5/0/0/0,15966:1747647662530:,1747647680749
counter/10/0/0/0,15220:1747647661789:,1747647680749
counter/5/0/0/0,15967:1747647662530:,1747647680749
counter/10/0/0/0,15221:1747647661793:,1747647680749
counter/5/0/0/0,15968:1747647662531:,1747647680749
counter/10/0/0/0,15222:1747647661793:,1747647680749
counter/5/0/0/0,15969:1747647662532:,1747647680749
counter/1/0/0/0,17237:1747647663622:,1747647680749
counter/10/0/0/0,15223:1747647661793:,1747647680749
counter/5/0/0/0,15970:1747647662532:,1747647680749
counter/6/0/0/0,15516:1747647662684:,1747647680749
counter/2/0/0/0,15817:1747647662411:,1747647680749
counter/10/0/0/0,15224:1747647661794:,1747647680749
counter/5/0/0/0,15971:1747647662532:,1747647680749
counter/7/0/0/0,15502:1747647661886:,1747647680749
counter/3/0/0/0,17034:1747647663856:,1747647680749
counter/10/0/0/0,15225:1747647661794:,1747647680749
counter/5/0/0/0,15972:1747647662532:,1747647680749
counter/10/0/0/0,15226:1747647661794:,1747647680749
counter/5/0/0/0,15973:1747647662532:,1747647680749
counter/10/0/0/0,15227:1747647661794:,1747647680749
counter/5/0/0/0,15974:1747647662532:,1747647680749
counter/10/0/0/0,15228:1747647661794:,1747647680749
counter/5/0/0/0,15975:1747647662532:,1747647680749
counter/10/0/0/0,15229:1747647661794:,1747647680749
counter/5/0/0/0,15976:1747647662532:,1747647680749
counter/10/0/0/0,15230:1747647661794:,1747647680749
counter/5/0/0/0,15977:1747647662532:,1747647680749
counter/10/0/0/0,15231:1747647661795:,1747647680749
counter/5/0/0/0,15978:1747647662532:,1747647680749
counter/10/0/0/0,15232:1747647661795:,1747647680749
counter/5/0/0/0,15979:1747647662532:,1747647680749
counter/10/0/0/0,15233:1747647661795:,1747647680749
counter/5/0/0/0,15980:1747647662532:,1747647680749
counter/10/0/0/0,15234:1747647661795:,1747647680749
counter/5/0/0/0,15981:1747647662532:,1747647680749
counter/10/0/0/0,15235:1747647661795:,1747647680749
counter/5/0/0/0,15982:1747647662532:,1747647680749
counter/10/0/0/0,15236:1747647661795:,1747647680749
counter/5/0/0/0,15983:1747647662532:,1747647680749
counter/10/0/0/0,15237:1747647661795:,1747647680749
counter/5/0/0/0,15984:1747647662533:,1747647680750
counter/10/0/0/0,15238:1747647661795:,1747647680750
counter/5/0/0/0,15985:1747647662533:,1747647680750
counter/7/0/0/0,15503:1747647661886:,1747647680750
counter/10/0/0/0,15239:1747647661795:,1747647680750
counter/5/0/0/0,15986:1747647662533:,1747647680750
counter/9/0/0/0,16962:1747647662736:,1747647680750
counter/4/0/0/0,15900:1747647663525:,1747647680750
counter/10/0/0/0,15240:1747647661795:,1747647680750
counter/5/0/0/0,15987:1747647662533:,1747647680750
counter/4/0/0/0,15901:1747647663525:,1747647680750
counter/10/0/0/0,15241:1747647661795:,1747647680750
counter/5/0/0/0,15988:1747647662533:,1747647680750
counter/4/0/0/0,15902:1747647663525:,1747647680750
counter/10/0/0/0,15242:1747647661795:,1747647680750
counter/5/0/0/0,15989:1747647662533:,1747647680750
counter/4/0/0/0,15903:1747647663525:,1747647680750
counter/10/0/0/0,15243:1747647661795:,1747647680750
counter/5/0/0/0,15990:1747647662535:,1747647680750
counter/4/0/0/0,15904:1747647663525:,1747647680750
counter/10/0/0/0,15244:1747647661796:,1747647680750
counter/5/0/0/0,15991:1747647662535:,1747647680750
counter/4/0/0/0,15905:1747647663525:,1747647680750
counter/10/0/0/0,15245:1747647661796:,1747647680750
counter/5/0/0/0,15992:1747647662535:,1747647680750
counter/4/0/0/0,15906:1747647663525:,1747647680750
counter/10/0/0/0,15246:1747647661804:,1747647680750
counter/5/0/0/0,15993:1747647662535:,1747647680750
counter/4/0/0/0,15907:1747647663525:,1747647680750
counter/10/0/0/0,15247:1747647661804:,1747647680750
counter/5/0/0/0,15994:1747647662535:,1747647680750
counter/4/0/0/0,15908:1747647663525:,1747647680750
counter/10/0/0/0,15248:1747647661804:,1747647680750
counter/5/0/0/0,15995:1747647662535:,1747647680750
counter/4/0/0/0,15909:1747647663525:,1747647680750
counter/10/0/0/0,15249:1747647661804:,1747647680750
counter/5/0/0/0,15996:1747647662535:,1747647680750
counter/4/0/0/0,15910:1747647663525:,1747647680750
counter/10/0/0/0,15250:1747647661804:,1747647680750
counter/5/0/0/0,15997:1747647662535:,1747647680750
counter/4/0/0/0,15911:1747647663525:,1747647680750
counter/10/0/0/0,15251:1747647661804:,1747647680751
counter/5/0/0/0,15998:1747647662535:,1747647680751
counter/4/0/0/0,15912:1747647663525:,1747647680751
counter/10/0/0/0,15252:1747647661805:,1747647680751
counter/5/0/0/0,15999:1747647662535:,1747647680751
counter/4/0/0/0,15913:1747647663525:,1747647680751
counter/10/0/0/0,15253:1747647661805:,1747647680751
counter/5/0/0/0,16000:1747647662535:,1747647680751
counter/4/0/0/0,15914:1747647663525:,1747647680751
counter/1/0/0/0,17238:1747647663622:,1747647680751
counter/10/0/0/0,15254:1747647661805:,1747647680751
counter/5/0/0/0,16001:1747647662535:,1747647680751
counter/4/0/0/0,15915:1747647663525:,1747647680751
counter/7/0/0/0,15504:1747647661886:,1747647680751
counter/8/0/0/0,16616:1747647662640:,1747647680751
counter/10/0/0/0,15255:1747647661805:,1747647680751
counter/5/0/0/0,16002:1747647662535:,1747647680751
counter/4/0/0/0,15916:1747647663525:,1747647680751
counter/8/0/0/0,16617:1747647662640:,1747647680751
counter/10/0/0/0,15256:1747647661805:,1747647680751
counter/5/0/0/0,16003:1747647662535:,1747647680751
counter/4/0/0/0,15917:1747647663525:,1747647680751
counter/8/0/0/0,16618:1747647662643:,1747647680751
counter/10/0/0/0,15257:1747647661805:,1747647680751
counter/5/0/0/0,16004:1747647662535:,1747647680751
counter/4/0/0/0,15918:1747647663525:,1747647680751
counter/8/0/0/0,16619:1747647662643:,1747647680751
counter/10/0/0/0,15258:1747647661805:,1747647680751
counter/5/0/0/0,16005:1747647662535:,1747647680751
counter/4/0/0/0,15919:1747647663525:,1747647680751
counter/8/0/0/0,16620:1747647662643:,1747647680751
counter/10/0/0/0,15259:1747647661805:,1747647680751
counter/5/0/0/0,16006:1747647662535:,1747647680751
counter/4/0/0/0,15920:1747647663525:,1747647680751
counter/8/0/0/0,16621:1747647662643:,1747647680751
counter/10/0/0/0,15260:1747647661805:,1747647680751
counter/5/0/0/0,16007:1747647662535:,1747647680751
counter/4/0/0/0,15921:1747647663525:,1747647680751
counter/8/0/0/0,16622:1747647662643:,1747647680751
counter/10/0/0/0,15261:1747647661805:,1747647680751
counter/5/0/0/0,16008:1747647662535:,1747647680751
counter/4/0/0/0,15922:1747647663525:,1747647680751
counter/8/0/0/0,16623:1747647662643:,1747647680752
counter/10/0/0/0,15262:1747647661805:,1747647680752
counter/5/0/0/0,16009:1747647662536:,1747647680752
counter/4/0/0/0,15923:1747647663525:,1747647680752
counter/8/0/0/0,16624:1747647662643:,1747647680752
counter/10/0/0/0,15263:1747647661815:,1747647680752
counter/5/0/0/0,16010:1747647662536:,1747647680752
counter/4/0/0/0,15924:1747647663526:,1747647680752
counter/8/0/0/0,16625:1747647662643:,1747647680752
counter/10/0/0/0,15264:1747647661815:,1747647680752
counter/5/0/0/0,16011:1747647662544:,1747647680752
counter/4/0/0/0,15925:1747647663526:,1747647680752
counter/8/0/0/0,16626:1747647662644:,1747647680752
counter/10/0/0/0,15265:1747647661815:,1747647680752
counter/5/0/0/0,16012:1747647662545:,1747647680752
counter/4/0/0/0,15926:1747647663526:,1747647680752
counter/8/0/0/0,16627:1747647662644:,1747647680752
counter/10/0/0/0,15266:1747647661815:,1747647680752
counter/5/0/0/0,16013:1747647662545:,1747647680752
counter/4/0/0/0,15927:1747647663526:,1747647680752
counter/8/0/0/0,16628:1747647662644:,1747647680752
counter/10/0/0/0,15267:1747647661815:,1747647680752
counter/5/0/0/0,16014:1747647662545:,1747647680752
counter/4/0/0/0,15928:1747647663526:,1747647680752
counter/8/0/0/0,16629:1747647662644:,1747647680752
counter/10/0/0/0,15268:1747647661815:,1747647680752
counter/5/0/0/0,16015:1747647662545:,1747647680752
counter/4/0/0/0,15929:1747647663526:,1747647680752
counter/8/0/0/0,16630:1747647662644:,1747647680752
counter/10/0/0/0,15269:1747647661815:,1747647680752
counter/5/0/0/0,16016:1747647662545:,1747647680752
counter/4/0/0/0,15930:1747647663560:,1747647680752
counter/8/0/0/0,16631:1747647662644:,1747647680752
counter/10/0/0/0,15270:1747647661815:,1747647680752
counter/5/0/0/0,16017:1747647662545:,1747647680752
counter/4/0/0/0,15931:1747647663561:,1747647680752
counter/8/0/0/0,16632:1747647662644:,1747647680752
counter/10/0/0/0,15271:1747647661815:,1747647680752
counter/5/0/0/0,16018:1747647662545:,1747647680752
counter/4/0/0/0,15932:1747647663561:,1747647680752
counter/8/0/0/0,16633:1747647662644:,1747647680752
counter/10/0/0/0,15272:1747647661816:,1747647680752
counter/5/0/0/0,16019:1747647662545:,1747647680753
counter/4/0/0/0,15933:1747647663561:,1747647680753
counter/8/0/0/0,16634:1747647662644:,1747647680753
counter/10/0/0/0,15273:1747647661816:,1747647680753
counter/5/0/0/0,16020:1747647662545:,1747647680753
counter/4/0/0/0,15934:1747647663561:,1747647680753
counter/8/0/0/0,16635:1747647662644:,1747647680753
counter/10/0/0/0,15274:1747647661816:,1747647680753
counter/5/0/0/0,16021:1747647662556:,1747647680753
counter/4/0/0/0,15935:1747647663561:,1747647680753
counter/8/0/0/0,16636:1747647662644:,1747647680753
counter/10/0/0/0,15275:1747647661816:,1747647680753
counter/5/0/0/0,16022:1747647662556:,1747647680753
counter/4/0/0/0,15936:1747647663561:,1747647680753
counter/8/0/0/0,16637:1747647662644:,1747647680753
counter/10/0/0/0,15276:1747647661816:,1747647680753
counter/5/0/0/0,16023:1747647662556:,1747647680753
counter/4/0/0/0,15937:1747647663561:,1747647680753
counter/8/0/0/0,16638:1747647662644:,1747647680753
counter/10/0/0/0,15277:1747647661816:,1747647680753
counter/5/0/0/0,16024:1747647662556:,1747647680753
counter/4/0/0/0,15938:1747647663562:,1747647680753
counter/8/0/0/0,16639:1747647662644:,1747647680753
counter/10/0/0/0,15278:1747647661816:,1747647680753
counter/5/0/0/0,16025:1747647662556:,1747647680753
counter/4/0/0/0,15939:1747647663562:,1747647680753
counter/8/0/0/0,16640:1747647662644:,1747647680753
counter/10/0/0/0,15279:1747647661816:,1747647680753
counter/5/0/0/0,16026:1747647662556:,1747647680753
counter/4/0/0/0,15940:1747647663562:,1747647680753
counter/8/0/0/0,16641:1747647662644:,1747647680753
counter/10/0/0/0,15280:1747647661817:,1747647680753
counter/5/0/0/0,16027:1747647662558:,1747647680753
counter/4/0/0/0,15941:1747647663562:,1747647680753
counter/8/0/0/0,16642:1747647662644:,1747647680753
counter/10/0/0/0,15281:1747647661817:,1747647680753
counter/5/0/0/0,16028:1747647662558:,1747647680753
counter/4/0/0/0,15942:1747647663562:,1747647680753
counter/8/0/0/0,16643:1747647662644:,1747647680753
counter/10/0/0/0,15282:1747647661817:,1747647680754
counter/5/0/0/0,16029:1747647662558:,1747647680754
counter/4/0/0/0,15943:1747647663562:,1747647680754
counter/8/0/0/0,16644:1747647662644:,1747647680754
counter/9/0/0/0,16963:1747647662736:,1747647680754
counter/10/0/0/0,15283:1747647661817:,1747647680754
counter/5/0/0/0,16030:1747647662558:,1747647680754
counter/4/0/0/0,15944:1747647663562:,1747647680754
counter/8/0/0/0,16645:1747647662644:,1747647680754
counter/9/0/0/0,16964:1747647662736:,1747647680754
counter/10/0/0/0,15284:1747647661817:,1747647680754
counter/5/0/0/0,16031:1747647662558:,1747647680754
counter/4/0/0/0,15945:1747647663563:,1747647680754
counter/8/0/0/0,16646:1747647662644:,1747647680754
counter/9/0/0/0,16965:1747647662736:,1747647680754
counter/10/0/0/0,15285:1747647661817:,1747647680754
counter/5/0/0/0,16032:1747647662558:,1747647680754
counter/4/0/0/0,15946:1747647663563:,1747647680754
counter/8/0/0/0,16647:1747647662644:,1747647680754
counter/9/0/0/0,16966:1747647662736:,1747647680754
counter/10/0/0/0,15286:1747647661817:,1747647680754
counter/5/0/0/0,16033:1747647662558:,1747647680754
counter/4/0/0/0,15947:1747647663577:,1747647680754
counter/8/0/0/0,16648:1747647662645:,1747647680754
counter/9/0/0/0,16967:1747647662736:,1747647680754
counter/10/0/0/0,15287:1747647661817:,1747647680754
counter/5/0/0/0,16034:1747647662558:,1747647680754
counter/4/0/0/0,15948:1747647663577:,1747647680754
counter/8/0/0/0,16649:1747647662645:,1747647680754
counter/9/0/0/0,16968:1747647662736:,1747647680754
counter/10/0/0/0,15288:1747647661817:,1747647680754
counter/5/0/0/0,16035:1747647662558:,1747647680754
counter/4/0/0/0,15949:1747647663577:,1747647680754
counter/8/0/0/0,16650:1747647662645:,1747647680754
counter/9/0/0/0,16969:1747647662737:,1747647680754
counter/10/0/0/0,15289:1747647661817:,1747647680754
counter/5/0/0/0,16036:1747647662558:,1747647680754
counter/4/0/0/0,15950:1747647663577:,1747647680754
counter/8/0/0/0,16651:1747647662646:,1747647680754
counter/9/0/0/0,16970:1747647662749:,1747647680754
counter/10/0/0/0,15290:1747647661817:,1747647680754
counter/5/0/0/0,16037:1747647662558:,1747647680754
counter/4/0/0/0,15951:1747647663577:,1747647680754
counter/8/0/0/0,16652:1747647662646:,1747647680755
counter/9/0/0/0,16971:1747647662749:,1747647680755
counter/10/0/0/0,15291:1747647661817:,1747647680755
counter/5/0/0/0,16038:1747647662558:,1747647680755
counter/4/0/0/0,15952:1747647663577:,1747647680755
counter/8/0/0/0,16653:1747647662646:,1747647680755
counter/9/0/0/0,16972:1747647662749:,1747647680755
counter/10/0/0/0,15292:1747647661817:,1747647680755
counter/5/0/0/0,16039:1747647662558:,1747647680755
counter/4/0/0/0,15953:1747647663577:,1747647680755
counter/8/0/0/0,16654:1747647662646:,1747647680755
counter/9/0/0/0,16973:1747647662749:,1747647680755
counter/10/0/0/0,15293:1747647661817:,1747647680755
counter/5/0/0/0,16040:1747647662558:,1747647680755
counter/4/0/0/0,15954:1747647663577:,1747647680755
counter/8/0/0/0,16655:1747647662649:,1747647680755
counter/9/0/0/0,16974:1747647662749:,1747647680755
counter/10/0/0/0,15294:1747647661817:,1747647680755
counter/5/0/0/0,16041:1747647662558:,1747647680755
counter/4/0/0/0,15955:1747647663577:,1747647680755
counter/8/0/0/0,16656:1747647662656:,1747647680755
counter/9/0/0/0,16975:1747647662749:,1747647680755
counter/10/0/0/0,15295:1747647661817:,1747647680755
counter/5/0/0/0,16042:1747647662558:,1747647680755
counter/4/0/0/0,15956:1747647663577:,1747647680755
counter/8/0/0/0,16657:1747647662656:,1747647680755
counter/9/0/0/0,16976:1747647662749:,1747647680755
counter/10/0/0/0,15296:1747647661817:,1747647680755
counter/5/0/0/0,16043:1747647662563:,1747647680755
counter/4/0/0/0,15957:1747647663579:,1747647680755
counter/8/0/0/0,16658:1747647662656:,1747647680755
counter/9/0/0/0,16977:1747647662749:,1747647680755
counter/2/0/0/0,15818:1747647662411:,1747647680755
counter/6/0/0/0,15517:1747647662684:,1747647680755
counter/10/0/0/0,15297:1747647661817:,1747647680755
counter/5/0/0/0,16044:1747647662563:,1747647680755
counter/4/0/0/0,15958:1747647663579:,1747647680755
counter/8/0/0/0,16659:1747647662656:,1747647680755
counter/9/0/0/0,16978:1747647662749:,1747647680755
counter/10/0/0/0,15298:1747647661817:,1747647680755
counter/5/0/0/0,16045:1747647662563:,1747647680756
counter/4/0/0/0,15959:1747647663579:,1747647680756
counter/8/0/0/0,16660:1747647662656:,1747647680756
counter/9/0/0/0,16979:1747647662749:,1747647680756
counter/10/0/0/0,15299:1747647661817:,1747647680756
counter/5/0/0/0,16046:1747647662563:,1747647680756
counter/4/0/0/0,15960:1747647663580:,1747647680756
counter/8/0/0/0,16661:1747647662656:,1747647680756
counter/9/0/0/0,16980:1747647662749:,1747647680756
counter/10/0/0/0,15300:1747647661817:,1747647680756
counter/5/0/0/0,16047:1747647662563:,1747647680756
counter/4/0/0/0,15961:1747647663580:,1747647680756
counter/8/0/0/0,16662:1747647662656:,1747647680756
counter/9/0/0/0,16981:1747647662749:,1747647680756
counter/10/0/0/0,15301:1747647661819:,1747647680756
counter/5/0/0/0,16048:1747647662563:,1747647680756
counter/4/0/0/0,15962:1747647663580:,1747647680756
counter/8/0/0/0,16663:1747647662656:,1747647680756
counter/9/0/0/0,16982:1747647662749:,1747647680756
counter/10/0/0/0,15302:1747647661819:,1747647680756
counter/5/0/0/0,16049:1747647662563:,1747647680756
counter/4/0/0/0,15963:1747647663580:,1747647680756
counter/8/0/0/0,16664:1747647662656:,1747647680756
counter/9/0/0/0,16983:1747647662749:,1747647680756
counter/10/0/0/0,15303:1747647661821:,1747647680756
counter/5/0/0/0,16050:1747647662563:,1747647680756
counter/4/0/0/0,15964:1747647663580:,1747647680756
counter/8/0/0/0,16665:1747647662656:,1747647680756
counter/9/0/0/0,16984:1747647662749:,1747647680756
counter/10/0/0/0,15304:1747647661821:,1747647680756
counter/5/0/0/0,16051:1747647662566:,1747647680756
counter/4/0/0/0,15965:1747647663585:,1747647680756
counter/8/0/0/0,16666:1747647662656:,1747647680756
counter/9/0/0/0,16985:1747647662749:,1747647680756
counter/10/0/0/0,15305:1747647661821:,1747647680756
counter/5/0/0/0,16052:1747647662567:,1747647680756
counter/4/0/0/0,15966:1747647663585:,1747647680756
counter/8/0/0/0,16667:1747647662656:,1747647680756
counter/9/0/0/0,16986:1747647662752:,1747647680756
counter/10/0/0/0,15306:1747647661821:,1747647680756
counter/5/0/0/0,16053:1747647662567:,1747647680756
counter/4/0/0/0,15967:1747647663585:,1747647680756
counter/8/0/0/0,16668:1747647662656:,1747647680756
counter/9/0/0/0,16987:1747647662756:,1747647680756
counter/10/0/0/0,15307:1747647661821:,1747647680756
counter/5/0/0/0,16054:1747647662567:,1747647680757
counter/4/0/0/0,15968:1747647663585:,1747647680757
counter/8/0/0/0,16669:1747647662656:,1747647680757
counter/9/0/0/0,16988:1747647662756:,1747647680757
counter/10/0/0/0,15308:1747647661821:,1747647680757
counter/5/0/0/0,16055:1747647662567:,1747647680757
counter/4/0/0/0,15969:1747647663585:,1747647680757
counter/8/0/0/0,16670:1747647662656:,1747647680757
counter/9/0/0/0,16989:1747647662756:,1747647680757
counter/6/0/0/0,15518:1747647662684:,1747647680757
counter/10/0/0/0,15309:1747647661821:,1747647680757
counter/5/0/0/0,16056:1747647662567:,1747647680757
counter/4/0/0/0,15970:1747647663585:,1747647680757
counter/8/0/0/0,16671:1747647662661:,1747647680757
counter/9/0/0/0,16990:1747647662756:,1747647680757
counter/3/0/0/0,17035:1747647663856:,1747647680757
counter/1/0/0/0,17239:1747647663622:,1747647680757
counter/10/0/0/0,15310:1747647661821:,1747647680757
counter/5/0/0/0,16057:1747647662567:,1747647680757
counter/8/0/0/0,16672:1747647662664:,1747647680757
counter/9/0/0/0,16991:1747647662756:,1747647680757
counter/1/0/0/0,17240:1747647663622:,1747647680757
counter/10/0/0/0,15311:1747647661821:,1747647680757
counter/5/0/0/0,16058:1747647662567:,1747647680757
counter/8/0/0/0,16673:1747647662675:,1747647680757
counter/9/0/0/0,16992:1747647662756:,1747647680757
counter/1/0/0/0,17241:1747647663622:,1747647680757
counter/10/0/0/0,15312:1747647661821:,1747647680757
counter/5/0/0/0,16059:1747647662567:,1747647680757
counter/8/0/0/0,16674:1747647662676:,1747647680757
counter/9/0/0/0,16993:1747647662756:,1747647680757
counter/1/0/0/0,17242:1747647663622:,1747647680757
counter/10/0/0/0,15313:1747647661821:,1747647680757
counter/5/0/0/0,16060:1747647662567:,1747647680757
counter/8/0/0/0,16675:1747647662676:,1747647680757
counter/9/0/0/0,16994:1747647662756:,1747647680757
counter/1/0/0/0,17243:1747647663624:,1747647680757
counter/10/0/0/0,15314:1747647661822:,1747647680757
counter/5/0/0/0,16061:1747647662567:,1747647680757
counter/8/0/0/0,16676:1747647662676:,1747647680757
counter/9/0/0/0,16995:1747647662756:,1747647680757
counter/10/0/0/0,15315:1747647661822:,1747647680757
counter/5/0/0/0,16062:1747647662567:,1747647680758
counter/8/0/0/0,16677:1747647662677:,1747647680758
counter/9/0/0/0,16996:1747647662756:,1747647680758
counter/10/0/0/0,15316:1747647661822:,1747647680758
counter/5/0/0/0,16063:1747647662567:,1747647680758
counter/8/0/0/0,16678:1747647662677:,1747647680758
counter/9/0/0/0,16997:1747647662756:,1747647680758
counter/10/0/0/0,15317:1747647661822:,1747647680758
counter/5/0/0/0,16064:1747647662567:,1747647680758
counter/8/0/0/0,16679:1747647662677:,1747647680758
counter/9/0/0/0,16998:1747647662756:,1747647680758
counter/10/0/0/0,15318:1747647661822:,1747647680758
counter/5/0/0/0,16065:1747647662571:,1747647680758
counter/8/0/0/0,16680:1747647662686:,1747647680758
counter/9/0/0/0,16999:1747647662756:,1747647680758
counter/10/0/0/0,15319:1747647661822:,1747647680758
counter/5/0/0/0,16066:1747647662571:,1747647680758
counter/8/0/0/0,16681:1747647662686:,1747647680758
counter/9/0/0/0,17000:1747647662756:,1747647680758
counter/10/0/0/0,15320:1747647661822:,1747647680758
counter/5/0/0/0,16067:1747647662571:,1747647680758
counter/8/0/0/0,16682:1747647662686:,1747647680758
counter/9/0/0/0,17001:1747647662756:,1747647680758
counter/10/0/0/0,15321:1747647661822:,1747647680758
counter/5/0/0/0,16068:1747647662571:,1747647680758
counter/8/0/0/0,16683:1747647662686:,1747647680758
counter/9/0/0/0,17002:1747647662759:,1747647680758
counter/10/0/0/0,15322:1747647661822:,1747647680758
counter/5/0/0/0,16069:1747647662572:,1747647680758
counter/8/0/0/0,16684:1747647662686:,1747647680758
counter/9/0/0/0,17003:1747647662759:,1747647680758
counter/10/0/0/0,15323:1747647661822:,1747647680758
counter/5/0/0/0,16070:1747647662572:,1747647680758
counter/8/0/0/0,16685:1747647662686:,1747647680758
counter/9/0/0/0,17004:1747647662759:,1747647680758
counter/10/0/0/0,15324:1747647661824:,1747647680758
counter/5/0/0/0,16071:1747647662572:,1747647680758
counter/8/0/0/0,16686:1747647662686:,1747647680758
counter/9/0/0/0,17005:1747647662759:,1747647680758
counter/10/0/0/0,15325:1747647661824:,1747647680758
counter/5/0/0/0,16072:1747647662572:,1747647680758
counter/8/0/0/0,16687:1747647662686:,1747647680758
counter/9/0/0/0,17006:1747647662759:,1747647680759
counter/10/0/0/0,15326:1747647661825:,1747647680759
counter/5/0/0/0,16073:1747647662572:,1747647680759
counter/8/0/0/0,16688:1747647662686:,1747647680759
counter/10/0/0/0,15327:1747647661825:,1747647680759
counter/5/0/0/0,16074:1747647662574:,1747647680759
counter/8/0/0/0,16689:1747647662686:,1747647680759
counter/10/0/0/0,15328:1747647661825:,1747647680759
counter/5/0/0/0,16075:1747647662574:,1747647680759
counter/8/0/0/0,16690:1747647662686:,1747647680759
counter/10/0/0/0,15329:1747647661825:,1747647680759
counter/5/0/0/0,16076:1747647662574:,1747647680759
counter/8/0/0/0,16691:1747647662686:,1747647680759
counter/10/0/0/0,15330:1747647661825:,1747647680759
counter/5/0/0/0,16077:1747647662574:,1747647680759
counter/8/0/0/0,16692:1747647662686:,1747647680759
counter/10/0/0/0,15331:1747647661825:,1747647680759
counter/5/0/0/0,16078:1747647662574:,1747647680759
counter/8/0/0/0,16693:1747647662686:,1747647680759
counter/10/0/0/0,15332:1747647661825:,1747647680759
counter/5/0/0/0,16079:1747647662578:,1747647680759
counter/8/0/0/0,16694:1747647662686:,1747647680759
counter/10/0/0/0,15333:1747647661825:,1747647680759
counter/5/0/0/0,16080:1747647662578:,1747647680759
counter/8/0/0/0,16695:1747647662686:,1747647680759
counter/10/0/0/0,15334:1747647661825:,1747647680759
counter/5/0/0/0,16081:1747647662578:,1747647680759
counter/8/0/0/0,16696:1747647662693:,1747647680759
counter/10/0/0/0,15335:1747647661825:,1747647680759
counter/5/0/0/0,16082:1747647662578:,1747647680759
counter/8/0/0/0,16697:1747647662693:,1747647680759
counter/10/0/0/0,15336:1747647661825:,1747647680759
counter/5/0/0/0,16083:1747647662578:,1747647680759
counter/8/0/0/0,16698:1747647662693:,1747647680759
counter/10/0/0/0,15337:1747647661825:,1747647680759
counter/5/0/0/0,16084:1747647662578:,1747647680759
counter/8/0/0/0,16699:1747647662693:,1747647680759
counter/10/0/0/0,15338:1747647661825:,1747647680759
counter/5/0/0/0,16085:1747647662578:,1747647680759
counter/8/0/0/0,16700:1747647662693:,1747647680759
counter/10/0/0/0,15339:1747647661827:,1747647680759
counter/5/0/0/0,16086:1747647662578:,1747647680759
counter/8/0/0/0,16701:1747647662696:,1747647680759
counter/10/0/0/0,15340:1747647661836:,1747647680760
counter/5/0/0/0,16087:1747647662578:,1747647680760
counter/8/0/0/0,16702:1747647662700:,1747647680760
counter/10/0/0/0,15341:1747647661836:,1747647680760
counter/5/0/0/0,16088:1747647662578:,1747647680760
counter/8/0/0/0,16703:1747647662701:,1747647680760
counter/10/0/0/0,15342:1747647661836:,1747647680760
counter/5/0/0/0,16089:1747647662578:,1747647680760
counter/8/0/0/0,16704:1747647662701:,1747647680760
counter/10/0/0/0,15343:1747647661836:,1747647680760
counter/5/0/0/0,16090:1747647662578:,1747647680760
counter/8/0/0/0,16705:1747647662701:,1747647680760
counter/10/0/0/0,15344:1747647661836:,1747647680760
counter/5/0/0/0,16091:1747647662578:,1747647680760
counter/8/0/0/0,16706:1747647662701:,1747647680760
counter/10/0/0/0,15345:1747647661836:,1747647680760
counter/5/0/0/0,16092:1747647662581:,1747647680760
counter/8/0/0/0,16707:1747647662701:,1747647680760
counter/10/0/0/0,15346:1747647661836:,1747647680760
counter/5/0/0/0,16093:1747647662581:,1747647680760
counter/8/0/0/0,16708:1747647662701:,1747647680760
counter/10/0/0/0,15347:1747647661836:,1747647680760
counter/5/0/0/0,16094:1747647662581:,1747647680760
counter/8/0/0/0,16709:1747647662701:,1747647680760
counter/10/0/0/0,15348:1747647661836:,1747647680760
counter/5/0/0/0,16095:1747647662581:,1747647680760
counter/8/0/0/0,16710:1747647662701:,1747647680760
counter/7/0/0/0,15505:1747647661898:,1747647680760
counter/10/0/0/0,15349:1747647661836:,1747647680760
counter/5/0/0/0,16096:1747647662581:,1747647680760
counter/8/0/0/0,16711:1747647662701:,1747647680760
counter/4/0/0/0,15971:1747647663596:,1747647680760
counter/10/0/0/0,15350:1747647661836:,1747647680760
counter/5/0/0/0,16097:1747647662581:,1747647680760
counter/8/0/0/0,16712:1747647662701:,1747647680760
counter/4/0/0/0,15972:1747647663596:,1747647680760
counter/10/0/0/0,15351:1747647661837:,1747647680760
counter/5/0/0/0,16098:1747647662581:,1747647680760
counter/8/0/0/0,16713:1747647662701:,1747647680760
counter/4/0/0/0,15973:1747647663596:,1747647680760
counter/10/0/0/0,15352:1747647661837:,1747647680760
counter/5/0/0/0,16099:1747647662581:,1747647680761
counter/8/0/0/0,16714:1747647662701:,1747647680761
counter/4/0/0/0,15974:1747647663596:,1747647680761
counter/10/0/0/0,15353:1747647661837:,1747647680761
counter/5/0/0/0,16100:1747647662581:,1747647680761
counter/8/0/0/0,16715:1747647662701:,1747647680761
counter/4/0/0/0,15975:1747647663596:,1747647680761
counter/10/0/0/0,15354:1747647661837:,1747647680761
counter/5/0/0/0,16101:1747647662581:,1747647680761
counter/8/0/0/0,16716:1747647662701:,1747647680761
counter/4/0/0/0,15976:1747647663596:,1747647680761
counter/10/0/0/0,15355:1747647661837:,1747647680761
counter/5/0/0/0,16102:1747647662581:,1747647680761
counter/8/0/0/0,16717:1747647662701:,1747647680761
counter/4/0/0/0,15977:1747647663596:,1747647680761
counter/10/0/0/0,15356:1747647661841:,1747647680761
counter/5/0/0/0,16103:1747647662581:,1747647680761
counter/8/0/0/0,16718:1747647662704:,1747647680761
counter/4/0/0/0,15978:1747647663596:,1747647680761
counter/10/0/0/0,15357:1747647661841:,1747647680761
counter/5/0/0/0,16104:1747647662581:,1747647680761
counter/8/0/0/0,16719:1747647662704:,1747647680761
counter/4/0/0/0,15979:1747647663596:,1747647680761
counter/10/0/0/0,15358:1747647661842:,1747647680761
counter/5/0/0/0,16105:1747647662581:,1747647680761
counter/8/0/0/0,16720:1747647662704:,1747647680761
counter/4/0/0/0,15980:1747647663596:,1747647680761
counter/10/0/0/0,15359:1747647661842:,1747647680761
counter/5/0/0/0,16106:1747647662581:,1747647680761
counter/8/0/0/0,16721:1747647662704:,1747647680761
counter/4/0/0/0,15981:1747647663596:,1747647680761
counter/10/0/0/0,15360:1747647661842:,1747647680761
counter/5/0/0/0,16107:1747647662581:,1747647680761
counter/8/0/0/0,16722:1747647662704:,1747647680761
counter/4/0/0/0,15982:1747647663597:,1747647680761
counter/10/0/0/0,15361:1747647661842:,1747647680761
counter/5/0/0/0,16108:1747647662581:,1747647680761
counter/8/0/0/0,16723:1747647662705:,1747647680761
counter/4/0/0/0,15983:1747647663600:,1747647680761
counter/10/0/0/0,15362:1747647661842:,1747647680761
counter/5/0/0/0,16109:1747647662592:,1747647680761
counter/8/0/0/0,16724:1747647662705:,1747647680761
counter/4/0/0/0,15984:1747647663600:,1747647680762
counter/10/0/0/0,15363:1747647661842:,1747647680762
counter/5/0/0/0,16110:1747647662597:,1747647680762
counter/8/0/0/0,16725:1747647662705:,1747647680762
counter/4/0/0/0,15985:1747647663600:,1747647680762
counter/10/0/0/0,15364:1747647661842:,1747647680762
counter/5/0/0/0,16111:1747647662597:,1747647680762
counter/8/0/0/0,16726:1747647662705:,1747647680762
counter/4/0/0/0,15986:1747647663600:,1747647680762
counter/10/0/0/0,15365:1747647661842:,1747647680762
counter/5/0/0/0,16112:1747647662597:,1747647680762
counter/8/0/0/0,16727:1747647662706:,1747647680762
counter/4/0/0/0,15987:1747647663604:,1747647680762
counter/10/0/0/0,15366:1747647661842:,1747647680762
counter/5/0/0/0,16113:1747647662597:,1747647680762
counter/8/0/0/0,16728:1747647662706:,1747647680762
counter/4/0/0/0,15988:1747647663604:,1747647680762
counter/10/0/0/0,15367:1747647661842:,1747647680762
counter/5/0/0/0,16114:1747647662598:,1747647680762
counter/8/0/0/0,16729:1747647662706:,1747647680762
counter/4/0/0/0,15989:1747647663604:,1747647680762
counter/10/0/0/0,15368:1747647661856:,1747647680762
counter/5/0/0/0,16115:1747647662598:,1747647680762
counter/8/0/0/0,16730:1747647662706:,1747647680762
counter/4/0/0/0,15990:1747647663604:,1747647680762
counter/10/0/0/0,15369:1747647661856:,1747647680762
counter/5/0/0/0,16116:1747647662598:,1747647680762
counter/8/0/0/0,16731:1747647662706:,1747647680762
counter/4/0/0/0,15991:1747647663604:,1747647680762
counter/10/0/0/0,15370:1747647661856:,1747647680762
counter/5/0/0/0,16117:1747647662598:,1747647680762
counter/8/0/0/0,16732:1747647662706:,1747647680762
counter/4/0/0/0,15992:1747647663604:,1747647680762
counter/10/0/0/0,15371:1747647661856:,1747647680762
counter/5/0/0/0,16118:1747647662598:,1747647680762
counter/8/0/0/0,16733:1747647662706:,1747647680762
counter/4/0/0/0,15993:1747647663604:,1747647680762
counter/10/0/0/0,15372:1747647661856:,1747647680762
counter/5/0/0/0,16119:1747647662598:,1747647680762
counter/8/0/0/0,16734:1747647662706:,1747647680762
counter/4/0/0/0,15994:1747647663605:,1747647680762
counter/10/0/0/0,15373:1747647661856:,1747647680763
counter/5/0/0/0,16120:1747647662598:,1747647680763
counter/8/0/0/0,16735:1747647662706:,1747647680763
counter/4/0/0/0,15995:1747647663605:,1747647680763
counter/10/0/0/0,15374:1747647661856:,1747647680763
counter/5/0/0/0,16121:1747647662598:,1747647680763
counter/8/0/0/0,16736:1747647662706:,1747647680763
counter/4/0/0/0,15996:1747647663605:,1747647680763
counter/10/0/0/0,15375:1747647661856:,1747647680763
counter/5/0/0/0,16122:1747647662598:,1747647680763
counter/8/0/0/0,16737:1747647662706:,1747647680763
counter/4/0/0/0,15997:1747647663605:,1747647680763
counter/10/0/0/0,15376:1747647661856:,1747647680763
counter/5/0/0/0,16123:1747647662599:,1747647680763
counter/8/0/0/0,16738:1747647662706:,1747647680763
counter/4/0/0/0,15998:1747647663605:,1747647680763
counter/10/0/0/0,15377:1747647661856:,1747647680763
counter/5/0/0/0,16124:1747647662599:,1747647680763
counter/8/0/0/0,16739:1747647662706:,1747647680763
counter/4/0/0/0,15999:1747647663605:,1747647680763
counter/10/0/0/0,15378:1747647661856:,1747647680763
counter/5/0/0/0,16125:1747647662599:,1747647680763
counter/8/0/0/0,16740:1747647662706:,1747647680763
counter/4/0/0/0,16000:1747647663605:,1747647680763
counter/10/0/0/0,15379:1747647661856:,1747647680763
counter/5/0/0/0,16126:1747647662599:,1747647680763
counter/8/0/0/0,16741:1747647662706:,1747647680763
counter/4/0/0/0,16001:1747647663610:,1747647680763
counter/10/0/0/0,15380:1747647661856:,1747647680763
counter/5/0/0/0,16127:1747647662599:,1747647680763
counter/8/0/0/0,16742:1747647662706:,1747647680763
counter/4/0/0/0,16002:1747647663610:,1747647680763
counter/10/0/0/0,15381:1747647661856:,1747647680763
counter/5/0/0/0,16128:1747647662599:,1747647680763
counter/8/0/0/0,16743:1747647662706:,1747647680763
counter/4/0/0/0,16003:1747647663610:,1747647680763
counter/1/0/0/0,17244:1747647663624:,1747647680763
counter/9/0/0/0,17007:1747647662759:,1747647680763
counter/6/0/0/0,15519:1747647662684:,1747647680763
counter/10/0/0/0,15382:1747647661872:,1747647680763
counter/5/0/0/0,16129:1747647662599:,1747647680763
counter/8/0/0/0,16744:1747647662707:,1747647680763
counter/4/0/0/0,16004:1747647663610:,1747647680763
counter/3/0/0/0,17036:1747647663856:,1747647680764
counter/7/0/0/0,15506:1747647661898:,1747647680764
counter/2/0/0/0,15819:1747647662424:,1747647680764
counter/10/0/0/0,15383:1747647661872:,1747647680764
counter/5/0/0/0,16130:1747647662600:,1747647680764
counter/8/0/0/0,16745:1747647662707:,1747647680764
counter/4/0/0/0,16005:1747647663614:,1747647680764
counter/7/0/0/0,15507:1747647661898:,1747647680764
counter/10/0/0/0,15384:1747647661872:,1747647680764
counter/5/0/0/0,16131:1747647662600:,1747647680764
counter/8/0/0/0,16746:1747647662707:,1747647680764
counter/4/0/0/0,16006:1747647663614:,1747647680764
counter/7/0/0/0,15508:1747647661899:,1747647680764
counter/10/0/0/0,15385:1747647661872:,1747647680764
counter/5/0/0/0,16132:1747647662600:,1747647680764
counter/8/0/0/0,16747:1747647662707:,1747647680764
counter/4/0/0/0,16007:1747647663614:,1747647680764
counter/7/0/0/0,15509:1747647661899:,1747647680764
counter/10/0/0/0,15386:1747647661872:,1747647680764
counter/5/0/0/0,16133:1747647662600:,1747647680764
counter/8/0/0/0,16748:1747647662707:,1747647680764
counter/4/0/0/0,16008:1747647663614:,1747647680764
counter/7/0/0/0,15510:1747647661899:,1747647680764
counter/1/0/0/0,17245:1747647663624:,1747647680764
counter/10/0/0/0,15387:1747647661872:,1747647680764
counter/5/0/0/0,16134:1747647662600:,1747647680764
counter/8/0/0/0,16749:1747647662707:,1747647680764
counter/4/0/0/0,16009:1747647663615:,1747647680764
counter/7/0/0/0,15511:1747647661899:,1747647680764
counter/10/0/0/0,15388:1747647661872:,1747647680764
counter/5/0/0/0,16135:1747647662600:,1747647680764
counter/8/0/0/0,16750:1747647662707:,1747647680764
counter/4/0/0/0,16010:1747647663615:,1747647680764
counter/7/0/0/0,15512:1747647662354:,1747647680764
counter/9/0/0/0,17008:1747647662759:,1747647680764
counter/3/0/0/0,17037:1747647663856:,1747647680764
counter/10/0/0/0,15389:1747647661872:,1747647680764
counter/5/0/0/0,16136:1747647662610:,1747647680764
counter/8/0/0/0,16751:1747647662707:,1747647680764
counter/4/0/0/0,16011:1747647663615:,1747647680764
counter/7/0/0/0,15513:1747647662357:,1747647680764
counter/6/0/0/0,15520:1747647662684:,1747647680764
counter/10/0/0/0,15390:1747647661872:,1747647680764
counter/5/0/0/0,16137:1747647662610:,1747647680764
counter/8/0/0/0,16752:1747647662707:,1747647680765
counter/4/0/0/0,16012:1747647663615:,1747647680765
counter/7/0/0/0,15514:1747647662357:,1747647680765
counter/6/0/0/0,15521:1747647662684:,1747647680765
counter/10/0/0/0,15391:1747647661872:,1747647680765
counter/5/0/0/0,16138:1747647662610:,1747647680765
counter/8/0/0/0,16753:1747647662707:,1747647680765
counter/4/0/0/0,16013:1747647663615:,1747647680765
counter/7/0/0/0,15515:1747647662363:,1747647680765
counter/6/0/0/0,15522:1747647662684:,1747647680765
counter/10/0/0/0,15392:1747647661872:,1747647680765
counter/5/0/0/0,16139:1747647662610:,1747647680765
counter/8/0/0/0,16754:1747647662707:,1747647680765
counter/4/0/0/0,16014:1747647663615:,1747647680765
counter/7/0/0/0,15516:1747647662365:,1747647680765
counter/6/0/0/0,15523:1747647662685:,1747647680765
counter/10/0/0/0,15393:1747647661872:,1747647680765
counter/5/0/0/0,16140:1747647662610:,1747647680765
counter/8/0/0/0,16755:1747647662707:,1747647680765
counter/4/0/0/0,16015:1747647663627:,1747647680765
counter/7/0/0/0,15517:1747647662366:,1747647680765
counter/6/0/0/0,15524:1747647662685:,1747647680765
counter/3/0/0/0,17038:1747647663856:,1747647680765
counter/10/0/0/0,15394:1747647661872:,1747647680765
counter/5/0/0/0,16141:1747647662610:,1747647680765
counter/8/0/0/0,16756:1747647662707:,1747647680765
counter/4/0/0/0,16016:1747647663627:,1747647680765
counter/7/0/0/0,15518:1747647662366:,1747647680765
counter/6/0/0/0,15525:1747647662685:,1747647680765
counter/3/0/0/0,17039:1747647663856:,1747647680765
counter/10/0/0/0,15395:1747647661872:,1747647680765
counter/5/0/0/0,16142:1747647662610:,1747647680765
counter/8/0/0/0,16757:1747647662707:,1747647680765
counter/4/0/0/0,16017:1747647663627:,1747647680765
counter/7/0/0/0,15519:1747647662370:,1747647680765
counter/6/0/0/0,15526:1747647662685:,1747647680765
counter/3/0/0/0,17040:1747647663856:,1747647680765
counter/10/0/0/0,15396:1747647661874:,1747647680765
counter/5/0/0/0,16143:1747647662610:,1747647680765
counter/8/0/0/0,16758:1747647662708:,1747647680765
counter/4/0/0/0,16018:1747647663627:,1747647680765
counter/7/0/0/0,15520:1747647662370:,1747647680766
counter/6/0/0/0,15527:1747647662685:,1747647680766
counter/3/0/0/0,17041:1747647663856:,1747647680766
counter/10/0/0/0,15397:1747647661874:,1747647680766
counter/5/0/0/0,16144:1747647662610:,1747647680766
counter/8/0/0/0,16759:1747647662708:,1747647680766
counter/4/0/0/0,16019:1747647663627:,1747647680766
counter/7/0/0/0,15521:1747647662371:,1747647680766
counter/6/0/0/0,15528:1747647662685:,1747647680766
counter/3/0/0/0,17042:1747647663856:,1747647680766
counter/10/0/0/0,15398:1747647661874:,1747647680766
counter/5/0/0/0,16145:1747647662615:,1747647680766
counter/8/0/0/0,16760:1747647662708:,1747647680766
counter/4/0/0/0,16020:1747647663627:,1747647680766
counter/7/0/0/0,15522:1747647662371:,1747647680766
counter/6/0/0/0,15529:1747647662685:,1747647680766
counter/3/0/0/0,17043:1747647663856:,1747647680766
counter/10/0/0/0,15399:1747647661874:,1747647680766
counter/5/0/0/0,16146:1747647662615:,1747647680766
counter/8/0/0/0,16761:1747647662708:,1747647680766
counter/4/0/0/0,16021:1747647663627:,1747647680766
counter/7/0/0/0,15523:1747647662371:,1747647680766
counter/6/0/0/0,15530:1747647662685:,1747647680766
counter/3/0/0/0,17044:1747647663856:,1747647680766
counter/10/0/0/0,15400:1747647661874:,1747647680766
counter/5/0/0/0,16147:1747647662616:,1747647680766
counter/8/0/0/0,16762:1747647662708:,1747647680766
counter/4/0/0/0,16022:1747647663628:,1747647680766
counter/7/0/0/0,15524:1747647662374:,1747647680766
counter/6/0/0/0,15531:1747647662685:,1747647680766
counter/3/0/0/0,17045:1747647663856:,1747647680766
counter/10/0/0/0,15401:1747647661874:,1747647680766
counter/5/0/0/0,16148:1747647662616:,1747647680766
counter/8/0/0/0,16763:1747647662708:,1747647680766
counter/4/0/0/0,16023:1747647663628:,1747647680766
counter/7/0/0/0,15525:1747647662374:,1747647680766
counter/6/0/0/0,15532:1747647662685:,1747647680766
counter/10/0/0/0,15402:1747647661874:,1747647680766
counter/5/0/0/0,16149:1747647662616:,1747647680766
counter/8/0/0/0,16764:1747647662708:,1747647680766
counter/4/0/0/0,16024:1747647663628:,1747647680766
counter/6/0/0/0,15533:1747647662685:,1747647680766
counter/10/0/0/0,15403:1747647661874:,1747647680766
counter/5/0/0/0,16150:1747647662616:,1747647680766
counter/8/0/0/0,16765:1747647662708:,1747647680767
counter/4/0/0/0,16025:1747647663628:,1747647680767
counter/6/0/0/0,15534:1747647662688:,1747647680767
counter/10/0/0/0,15404:1747647661874:,1747647680767
counter/5/0/0/0,16151:1747647662616:,1747647680767
counter/8/0/0/0,16766:1747647662708:,1747647680767
counter/4/0/0/0,16026:1747647663628:,1747647680767
counter/6/0/0/0,15535:1747647662688:,1747647680767
counter/10/0/0/0,15405:1747647661874:,1747647680767
counter/5/0/0/0,16152:1747647662616:,1747647680767
counter/8/0/0/0,16767:1747647662708:,1747647680767
counter/4/0/0/0,16027:1747647663631:,1747647680767
counter/6/0/0/0,15536:1747647662688:,1747647680767
counter/10/0/0/0,15406:1747647661874:,1747647680767
counter/5/0/0/0,16153:1747647662616:,1747647680767
counter/8/0/0/0,16768:1747647662708:,1747647680767
counter/4/0/0/0,16028:1747647663631:,1747647680767
counter/6/0/0/0,15537:1747647662688:,1747647680767
counter/1/0/0/0,17246:1747647663642:,1747647680767
counter/9/0/0/0,17009:1747647662759:,1747647680767
counter/10/0/0/0,15407:1747647661874:,1747647680767
counter/5/0/0/0,16154:1747647662616:,1747647680767
counter/8/0/0/0,16769:1747647662711:,1747647680767
counter/4/0/0/0,16029:1747647663631:,1747647680767
counter/6/0/0/0,15538:1747647662688:,1747647680767
counter/10/0/0/0,15408:1747647661878:,1747647680767
counter/5/0/0/0,16155:1747647662616:,1747647680767
counter/8/0/0/0,16770:1747647662711:,1747647680767
counter/4/0/0/0,16030:1747647663631:,1747647680767
counter/6/0/0/0,15539:1747647662688:,1747647680767
counter/10/0/0/0,15409:1747647661878:,1747647680767
counter/5/0/0/0,16156:1747647662616:,1747647680767
counter/8/0/0/0,16771:1747647662711:,1747647680767
counter/4/0/0/0,16031:1747647663631:,1747647680767
counter/6/0/0/0,15540:1747647662688:,1747647680767
counter/10/0/0/0,15410:1747647661878:,1747647680767
counter/5/0/0/0,16157:1747647662632:,1747647680767
counter/8/0/0/0,16772:1747647662711:,1747647680767
counter/4/0/0/0,16032:1747647663632:,1747647680767
counter/6/0/0/0,15541:1747647662688:,1747647680767
counter/10/0/0/0,15411:1747647661878:,1747647680767
counter/5/0/0/0,16158:1747647662632:,1747647680768
counter/8/0/0/0,16773:1747647662711:,1747647680768
counter/4/0/0/0,16033:1747647663632:,1747647680768
counter/6/0/0/0,15542:1747647662688:,1747647680768
counter/10/0/0/0,15412:1747647661878:,1747647680768
counter/5/0/0/0,16159:1747647662632:,1747647680768
counter/8/0/0/0,16774:1747647662711:,1747647680768
counter/4/0/0/0,16034:1747647663632:,1747647680768
counter/6/0/0/0,15543:1747647662689:,1747647680768
counter/10/0/0/0,15413:1747647661878:,1747647680768
counter/5/0/0/0,16160:1747647662632:,1747647680768
counter/8/0/0/0,16775:1747647662711:,1747647680768
counter/4/0/0/0,16035:1747647663632:,1747647680768
counter/6/0/0/0,15544:1747647662689:,1747647680768
counter/10/0/0/0,15414:1747647661878:,1747647680768
counter/5/0/0/0,16161:1747647662652:,1747647680768
counter/8/0/0/0,16776:1747647662715:,1747647680768
counter/4/0/0/0,16036:1747647663632:,1747647680768
counter/6/0/0/0,15545:1747647662689:,1747647680768
counter/10/0/0/0,15415:1747647661878:,1747647680768
counter/5/0/0/0,16162:1747647662652:,1747647680768
counter/8/0/0/0,16777:1747647662716:,1747647680768
counter/4/0/0/0,16037:1747647663632:,1747647680768
counter/6/0/0/0,15546:1747647662689:,1747647680768
counter/10/0/0/0,15416:1747647661878:,1747647680768
counter/5/0/0/0,16163:1747647662652:,1747647680768
counter/8/0/0/0,16778:1747647662716:,1747647680768
counter/4/0/0/0,16038:1747647663632:,1747647680768
counter/6/0/0/0,15547:1747647662689:,1747647680768
counter/10/0/0/0,15417:1747647661878:,1747647680768
counter/5/0/0/0,16164:1747647662652:,1747647680768
counter/8/0/0/0,16779:1747647662716:,1747647680768
counter/4/0/0/0,16039:1747647663632:,1747647680768
counter/6/0/0/0,15548:1747647662689:,1747647680768
counter/1/0/0/0,17247:1747647663643:,1747647680768
counter/3/0/0/0,17046:1747647663856:,1747647680768
counter/10/0/0/0,15418:1747647661878:,1747647680768
counter/5/0/0/0,16165:1747647662652:,1747647680768
counter/8/0/0/0,16780:1747647662716:,1747647680768
counter/4/0/0/0,16040:1747647663635:,1747647680768
counter/6/0/0/0,15549:1747647662715:,1747647680768
counter/10/0/0/0,15419:1747647661878:,1747647680768
counter/5/0/0/0,16166:1747647662652:,1747647680769
counter/8/0/0/0,16781:1747647662716:,1747647680769
counter/4/0/0/0,16041:1747647663645:,1747647680769
counter/6/0/0/0,15550:1747647662715:,1747647680769
counter/9/0/0/0,17010:1747647662759:,1747647680769
counter/10/0/0/0,15420:1747647661878:,1747647680769
counter/5/0/0/0,16167:1747647662652:,1747647680769
counter/8/0/0/0,16782:1747647662716:,1747647680769
counter/4/0/0/0,16042:1747647663646:,1747647680769
counter/6/0/0/0,15551:1747647662715:,1747647680769
counter/10/0/0/0,15421:1747647661878:,1747647680769
counter/5/0/0/0,16168:1747647662652:,1747647680769
counter/8/0/0/0,16783:1747647662716:,1747647680769
counter/4/0/0/0,16043:1747647663646:,1747647680769
counter/6/0/0/0,15552:1747647662715:,1747647680769
counter/10/0/0/0,15422:1747647661878:,1747647680769
counter/5/0/0/0,16169:1747647662652:,1747647680769
counter/8/0/0/0,16784:1747647662716:,1747647680769
counter/6/0/0/0,15553:1747647662715:,1747647680769
counter/1/0/0/0,17248:1747647663643:,1747647680769
counter/3/0/0/0,17047:1747647663856:,1747647680769
counter/10/0/0/0,15423:1747647661878:,1747647680769
counter/5/0/0/0,16170:1747647662652:,1747647680769
counter/8/0/0/0,16785:1747647662716:,1747647680769
counter/6/0/0/0,15554:1747647662715:,1747647680769
counter/2/0/0/0,15820:1747647662424:,1747647680769
counter/10/0/0/0,15424:1747647661878:,1747647680769
counter/5/0/0/0,16171:1747647662652:,1747647680769
counter/8/0/0/0,16786:1747647662722:,1747647680769
counter/6/0/0/0,15555:1747647662715:,1747647680769
counter/10/0/0/0,15425:1747647661884:,1747647680769
counter/5/0/0/0,16172:1747647662652:,1747647680769
counter/8/0/0/0,16787:1747647662722:,1747647680769
counter/6/0/0/0,15556:1747647662715:,1747647680769
counter/10/0/0/0,15426:1747647661884:,1747647680769
counter/5/0/0/0,16173:1747647662652:,1747647680769
counter/8/0/0/0,16788:1747647662722:,1747647680769
counter/6/0/0/0,15557:1747647662715:,1747647680769
counter/10/0/0/0,15427:1747647661884:,1747647680769
counter/5/0/0/0,16174:1747647662653:,1747647680769
counter/8/0/0/0,16789:1747647662722:,1747647680769
counter/6/0/0/0,15558:1747647662715:,1747647680770
counter/10/0/0/0,15428:1747647661884:,1747647680770
counter/5/0/0/0,16175:1747647662653:,1747647680770
counter/8/0/0/0,16790:1747647662722:,1747647680770
counter/6/0/0/0,15559:1747647662715:,1747647680770
counter/10/0/0/0,15429:1747647661884:,1747647680770
counter/5/0/0/0,16176:1747647662653:,1747647680770
counter/8/0/0/0,16791:1747647662723:,1747647680770
counter/6/0/0/0,15560:1747647662715:,1747647680770
counter/4/0/0/0,16044:1747647663646:,1747647680770
counter/10/0/0/0,15430:1747647661884:,1747647680770
counter/5/0/0/0,16177:1747647662653:,1747647680770
counter/8/0/0/0,16792:1747647662723:,1747647680770
counter/6/0/0/0,15561:1747647662718:,1747647680770
counter/10/0/0/0,15431:1747647661884:,1747647680770
counter/5/0/0/0,16178:1747647662653:,1747647680770
counter/8/0/0/0,16793:1747647662723:,1747647680770
counter/6/0/0/0,15562:1747647662718:,1747647680770
counter/10/0/0/0,15432:1747647661884:,1747647680770
counter/5/0/0/0,16179:1747647662653:,1747647680770
counter/8/0/0/0,16794:1747647662723:,1747647680770
counter/6/0/0/0,15563:1747647662718:,1747647680770
counter/10/0/0/0,15433:1747647661884:,1747647680770
counter/5/0/0/0,16180:1747647662654:,1747647680770
counter/8/0/0/0,16795:1747647662723:,1747647680770
counter/6/0/0/0,15564:1747647662718:,1747647680770
counter/10/0/0/0,15434:1747647661885:,1747647680770
counter/5/0/0/0,16181:1747647662654:,1747647680770
counter/8/0/0/0,16796:1747647662723:,1747647680770
counter/6/0/0/0,15565:1747647662718:,1747647680770
counter/10/0/0/0,15435:1747647661885:,1747647680770
counter/5/0/0/0,16182:1747647662660:,1747647680770
counter/8/0/0/0,16797:1747647662723:,1747647680770
counter/6/0/0/0,15566:1747647662720:,1747647680770
counter/10/0/0/0,15436:1747647661885:,1747647680770
counter/5/0/0/0,16183:1747647662660:,1747647680770
counter/8/0/0/0,16798:1747647662723:,1747647680770
counter/6/0/0/0,15567:1747647662720:,1747647680770
counter/10/0/0/0,15437:1747647661885:,1747647680770
counter/5/0/0/0,16184:1747647662660:,1747647680770
counter/8/0/0/0,16799:1747647662723:,1747647680770
counter/6/0/0/0,15568:1747647662720:,1747647680770
counter/10/0/0/0,15438:1747647661891:,1747647680771
counter/5/0/0/0,16185:1747647662660:,1747647680771
counter/8/0/0/0,16800:1747647662725:,1747647680771
counter/6/0/0/0,15569:1747647662720:,1747647680771
counter/10/0/0/0,15439:1747647661891:,1747647680771
counter/5/0/0/0,16186:1747647662673:,1747647680771
counter/8/0/0/0,16801:1747647662726:,1747647680771
counter/6/0/0/0,15570:1747647662721:,1747647680771
counter/10/0/0/0,15440:1747647661891:,1747647680771
counter/5/0/0/0,16187:1747647662673:,1747647680771
counter/8/0/0/0,16802:1747647662726:,1747647680771
counter/6/0/0/0,15571:1747647662721:,1747647680771
counter/10/0/0/0,15441:1747647661891:,1747647680771
counter/5/0/0/0,16188:1747647662673:,1747647680771
counter/8/0/0/0,16803:1747647662726:,1747647680771
counter/6/0/0/0,15572:1747647662721:,1747647680771
counter/10/0/0/0,15442:1747647661891:,1747647680771
counter/5/0/0/0,16189:1747647662673:,1747647680771
counter/8/0/0/0,16804:1747647662726:,1747647680771
counter/6/0/0/0,15573:1747647662721:,1747647680771
counter/10/0/0/0,15443:1747647661892:,1747647680771
counter/5/0/0/0,16190:1747647662673:,1747647680771
counter/8/0/0/0,16805:1747647662726:,1747647680771
counter/6/0/0/0,15574:1747647662721:,1747647680771
counter/1/0/0/0,17249:1747647663643:,1747647680771
counter/7/0/0/0,15526:1747647662379:,1747647680771
counter/10/0/0/0,15444:1747647661892:,1747647680771
counter/5/0/0/0,16191:1747647662673:,1747647680771
counter/8/0/0/0,16806:1747647662726:,1747647680771
counter/6/0/0/0,15575:1747647662721:,1747647680771
counter/7/0/0/0,15527:1747647662379:,1747647680771
counter/10/0/0/0,15445:1747647661892:,1747647680771
counter/5/0/0/0,16192:1747647662673:,1747647680771
counter/8/0/0/0,16807:1747647662726:,1747647680771
counter/7/0/0/0,15528:1747647662379:,1747647680771
counter/10/0/0/0,15446:1747647661892:,1747647680771
counter/5/0/0/0,16193:1747647662679:,1747647680771
counter/8/0/0/0,16808:1747647662726:,1747647680771
counter/7/0/0/0,15529:1747647662379:,1747647680771
counter/10/0/0/0,15447:1747647661892:,1747647680771
counter/5/0/0/0,16194:1747647662679:,1747647680771
counter/8/0/0/0,16809:1747647662726:,1747647680771
counter/7/0/0/0,15530:1747647662379:,1747647680772
counter/10/0/0/0,15448:1747647661892:,1747647680772
counter/5/0/0/0,16195:1747647662679:,1747647680772
counter/8/0/0/0,16810:1747647662726:,1747647680772
counter/7/0/0/0,15531:1747647662379:,1747647680772
counter/2/0/0/0,15821:1747647662424:,1747647680772
counter/1/0/0/0,17250:1747647663643:,1747647680772
counter/3/0/0/0,17048:1747647663856:,1747647680772
counter/10/0/0/0,15449:1747647661894:,1747647680772
counter/5/0/0/0,16196:1747647662679:,1747647680772
counter/8/0/0/0,16811:1747647662726:,1747647680772
counter/7/0/0/0,15532:1747647662380:,1747647680772
counter/10/0/0/0,15450:1747647661894:,1747647680772
counter/5/0/0/0,16197:1747647662683:,1747647680772
counter/8/0/0/0,16812:1747647662726:,1747647680772
counter/7/0/0/0,15533:1747647662380:,1747647680772
counter/10/0/0/0,15451:1747647661894:,1747647680772
counter/5/0/0/0,16198:1747647662683:,1747647680772
counter/8/0/0/0,16813:1747647662727:,1747647680772
counter/7/0/0/0,15534:1747647662380:,1747647680772
counter/10/0/0/0,15452:1747647661894:,1747647680772
counter/5/0/0/0,16199:1747647662683:,1747647680772
counter/8/0/0/0,16814:1747647662727:,1747647680772
counter/7/0/0/0,15535:1747647662380:,1747647680772
counter/1/0/0/0,17251:1747647663643:,1747647680772
counter/9/0/0/0,17011:1747647662759:,1747647680772
counter/10/0/0/0,15453:1747647661894:,1747647680772
counter/5/0/0/0,16200:1747647662683:,1747647680772
counter/8/0/0/0,16815:1747647662727:,1747647680772
counter/7/0/0/0,15536:1747647662380:,1747647680772
counter/3/0/0/0,17049:1747647663856:,1747647680772
counter/4/0/0/0,16045:1747647663646:,1747647680772
counter/10/0/0/0,15454:1747647661894:,1747647680772
counter/5/0/0/0,16201:1747647662683:,1747647680772
counter/8/0/0/0,16816:1747647662727:,1747647680772
counter/7/0/0/0,15537:1747647662380:,1747647680772
counter/10/0/0/0,15455:1747647661894:,1747647680772
counter/5/0/0/0,16202:1747647662683:,1747647680772
counter/8/0/0/0,16817:1747647662727:,1747647680772
counter/7/0/0/0,15538:1747647662380:,1747647680772
counter/10/0/0/0,15456:1747647661894:,1747647680773
counter/5/0/0/0,16203:1747647662684:,1747647680773
counter/8/0/0/0,16818:1747647662727:,1747647680773
counter/7/0/0/0,15539:1747647662380:,1747647680773
counter/10/0/0/0,15457:1747647661894:,1747647680773
counter/5/0/0/0,16204:1747647662684:,1747647680773
counter/8/0/0/0,16819:1747647662727:,1747647680773
counter/7/0/0/0,15540:1747647662385:,1747647680773
counter/10/0/0/0,15458:1747647661894:,1747647680773
counter/5/0/0/0,16205:1747647662684:,1747647680773
counter/8/0/0/0,16820:1747647662727:,1747647680773
counter/7/0/0/0,15541:1747647662386:,1747647680773
counter/10/0/0/0,15459:1747647661894:,1747647680773
counter/5/0/0/0,16206:1747647662707:,1747647680773
counter/8/0/0/0,16821:1747647662727:,1747647680773
counter/7/0/0/0,15542:1747647662386:,1747647680773
counter/10/0/0/0,15460:1747647661894:,1747647680773
counter/5/0/0/0,16207:1747647662727:,1747647680773
counter/8/0/0/0,16822:1747647662727:,1747647680773
counter/7/0/0/0,15543:1747647662400:,1747647680773
counter/10/0/0/0,15461:1747647661894:,1747647680773
counter/5/0/0/0,16208:1747647662727:,1747647680773
counter/8/0/0/0,16823:1747647662729:,1747647680773
counter/7/0/0/0,15544:1747647662400:,1747647680773
counter/10/0/0/0,15462:1747647661894:,1747647680773
counter/5/0/0/0,16209:1747647662727:,1747647680773
counter/8/0/0/0,16824:1747647662729:,1747647680773
counter/7/0/0/0,15545:1747647662400:,1747647680773
counter/10/0/0/0,15463:1747647661894:,1747647680773
counter/5/0/0/0,16210:1747647662728:,1747647680773
counter/8/0/0/0,16825:1747647662729:,1747647680773
counter/7/0/0/0,15546:1747647662400:,1747647680773
counter/10/0/0/0,15464:1747647661894:,1747647680773
counter/5/0/0/0,16211:1747647662728:,1747647680773
counter/8/0/0/0,16826:1747647662729:,1747647680773
counter/7/0/0/0,15547:1747647662400:,1747647680773
counter/3/0/0/0,17050:1747647663856:,1747647680773
counter/10/0/0/0,15465:1747647661894:,1747647680773
counter/5/0/0/0,16212:1747647662728:,1747647680773
counter/8/0/0/0,16827:1747647662729:,1747647680773
counter/7/0/0/0,15548:1747647662400:,1747647680774
counter/4/0/0/0,16046:1747647663647:,1747647680774
counter/10/0/0/0,15466:1747647662355:,1747647680774
counter/5/0/0/0,16213:1747647662728:,1747647680774
counter/8/0/0/0,16828:1747647662729:,1747647680774
counter/7/0/0/0,15549:1747647662400:,1747647680774
counter/4/0/0/0,16047:1747647663647:,1747647680774
counter/10/0/0/0,15467:1747647662355:,1747647680774
counter/5/0/0/0,16214:1747647662728:,1747647680774
counter/8/0/0/0,16829:1747647662729:,1747647680774
counter/4/0/0/0,16048:1747647663647:,1747647680774
counter/10/0/0/0,15468:1747647662357:,1747647680774
counter/5/0/0/0,16215:1747647662728:,1747647680774
counter/8/0/0/0,16830:1747647662729:,1747647680774
counter/4/0/0/0,16049:1747647663647:,1747647680774
counter/10/0/0/0,15469:1747647662358:,1747647680774
counter/5/0/0/0,16216:1747647662728:,1747647680774
counter/8/0/0/0,16831:1747647662730:,1747647680774
counter/4/0/0/0,16050:1747647663647:,1747647680774
counter/10/0/0/0,15470:1747647662359:,1747647680774
counter/5/0/0/0,16217:1747647662728:,1747647680774
counter/8/0/0/0,16832:1747647662730:,1747647680774
counter/4/0/0/0,16051:1747647663647:,1747647680774
counter/10/0/0/0,15471:1747647662359:,1747647680774
counter/5/0/0/0,16218:1747647662728:,1747647680774
counter/8/0/0/0,16833:1747647662730:,1747647680774
counter/4/0/0/0,16052:1747647663647:,1747647680774
counter/10/0/0/0,15472:1747647662365:,1747647680774
counter/5/0/0/0,16219:1747647662728:,1747647680774
counter/8/0/0/0,16834:1747647662730:,1747647680774
counter/4/0/0/0,16053:1747647663647:,1747647680774
counter/10/0/0/0,15473:1747647662366:,1747647680774
counter/5/0/0/0,16220:1747647662728:,1747647680774
counter/8/0/0/0,16835:1747647662730:,1747647680774
counter/4/0/0/0,16054:1747647663649:,1747647680774
counter/10/0/0/0,15474:1747647662368:,1747647680774
counter/5/0/0/0,16221:1747647662729:,1747647680774
counter/8/0/0/0,16836:1747647662730:,1747647680774
counter/10/0/0/0,15475:1747647662369:,1747647680774
counter/5/0/0/0,16222:1747647662729:,1747647680774
counter/8/0/0/0,16837:1747647662730:,1747647680774
counter/10/0/0/0,15476:1747647662371:,1747647680775
counter/5/0/0/0,16223:1747647662733:,1747647680775
counter/8/0/0/0,16838:1747647662730:,1747647680775
counter/10/0/0/0,15477:1747647662377:,1747647680775
counter/5/0/0/0,16224:1747647662739:,1747647680775
counter/8/0/0/0,16839:1747647662730:,1747647680775
counter/10/0/0/0,15478:1747647662377:,1747647680775
counter/5/0/0/0,16225:1747647662739:,1747647680775
counter/8/0/0/0,16840:1747647662730:,1747647680775
counter/4/0/0/0,16055:1747647663649:,1747647680775
counter/3/0/0/0,17051:1747647663857:,1747647680775
counter/10/0/0/0,15479:1747647662377:,1747647680775
counter/5/0/0/0,16226:1747647662739:,1747647680775
counter/8/0/0/0,16841:1747647662730:,1747647680775
counter/1/0/0/0,17252:1747647663643:,1747647680775
counter/9/0/0/0,17012:1747647662759:,1747647680775
counter/7/0/0/0,15550:1747647662401:,1747647680775
counter/10/0/0/0,15480:1747647662378:,1747647680775
counter/5/0/0/0,16227:1747647662739:,1747647680775
counter/8/0/0/0,16842:1747647662730:,1747647680775
counter/9/0/0/0,17013:1747647662759:,1747647680775
counter/10/0/0/0,15481:1747647662380:,1747647680775
counter/5/0/0/0,16228:1747647662739:,1747647680775
counter/8/0/0/0,16843:1747647662730:,1747647680775
counter/9/0/0/0,17014:1747647662759:,1747647680775
counter/10/0/0/0,15482:1747647662381:,1747647680775
counter/5/0/0/0,16229:1747647662739:,1747647680775
counter/8/0/0/0,16844:1747647662730:,1747647680775
counter/10/0/0/0,15483:1747647662381:,1747647680775
counter/5/0/0/0,16230:1747647662739:,1747647680775
counter/8/0/0/0,16845:1747647662730:,1747647680775
counter/10/0/0/0,15484:1747647662381:,1747647680775
counter/5/0/0/0,16231:1747647662739:,1747647680775
counter/8/0/0/0,16846:1747647662730:,1747647680775
counter/10/0/0/0,15485:1747647662381:,1747647680775
counter/5/0/0/0,16232:1747647662739:,1747647680775
counter/8/0/0/0,16847:1747647662730:,1747647680775
counter/10/0/0/0,15486:1747647662382:,1747647680775
counter/5/0/0/0,16233:1747647662739:,1747647680775
counter/8/0/0/0,16848:1747647662730:,1747647680775
counter/10/0/0/0,15487:1747647662382:,1747647680775
counter/5/0/0/0,16234:1747647662739:,1747647680775
counter/8/0/0/0,16849:1747647662730:,1747647680775
counter/10/0/0/0,15488:1747647662382:,1747647680775
counter/5/0/0/0,16235:1747647662739:,1747647680776
counter/8/0/0/0,16850:1747647662732:,1747647680776
counter/10/0/0/0,15489:1747647662382:,1747647680776
counter/5/0/0/0,16236:1747647662739:,1747647680776
counter/8/0/0/0,16851:1747647662740:,1747647680776
counter/10/0/0/0,15490:1747647662382:,1747647680776
counter/5/0/0/0,16237:1747647662754:,1747647680776
counter/8/0/0/0,16852:1747647662744:,1747647680776
counter/10/0/0/0,15491:1747647662382:,1747647680776
counter/5/0/0/0,16238:1747647662754:,1747647680776
counter/8/0/0/0,16853:1747647662744:,1747647680776
counter/10/0/0/0,15492:1747647662382:,1747647680776
counter/5/0/0/0,16239:1747647662754:,1747647680776
counter/8/0/0/0,16854:1747647662744:,1747647680776
counter/10/0/0/0,15493:1747647662382:,1747647680776
counter/5/0/0/0,16240:1747647662754:,1747647680776
counter/8/0/0/0,16855:1747647662744:,1747647680776
counter/10/0/0/0,15494:1747647662382:,1747647680776
counter/5/0/0/0,16241:1747647662754:,1747647680776
counter/8/0/0/0,16856:1747647662744:,1747647680776
counter/10/0/0/0,15495:1747647662382:,1747647680776
counter/5/0/0/0,16242:1747647662754:,1747647680776
counter/8/0/0/0,16857:1747647662745:,1747647680776
counter/10/0/0/0,15496:1747647662382:,1747647680776
counter/5/0/0/0,16243:1747647662771:,1747647680776
counter/8/0/0/0,16858:1747647662745:,1747647680776
counter/10/0/0/0,15497:1747647662382:,1747647680776
counter/5/0/0/0,16244:1747647662771:,1747647680776
counter/8/0/0/0,16859:1747647662745:,1747647680776
counter/10/0/0/0,15498:1747647662388:,1747647680776
counter/5/0/0/0,16245:1747647662771:,1747647680776
counter/8/0/0/0,16860:1747647662745:,1747647680776
counter/10/0/0/0,15499:1747647662388:,1747647680776
counter/5/0/0/0,16246:1747647662777:,1747647680776
counter/8/0/0/0,16861:1747647662745:,1747647680776
counter/10/0/0/0,15500:1747647662388:,1747647680776
counter/5/0/0/0,16247:1747647662777:,1747647680776
counter/8/0/0/0,16862:1747647662745:,1747647680776
counter/4/0/0/0,16056:1747647663649:,1747647680776
counter/10/0/0/0,15501:1747647662388:,1747647680776
counter/5/0/0/0,16248:1747647662777:,1747647680776
counter/8/0/0/0,16863:1747647662745:,1747647680777
counter/6/0/0/0,15576:1747647662721:,1747647680777
counter/10/0/0/0,15502:1747647662388:,1747647680777
counter/5/0/0/0,16249:1747647662777:,1747647680777
counter/8/0/0/0,16864:1747647662745:,1747647680777
counter/9/0/0/0,17015:1747647662759:,1747647680777
counter/3/0/0/0,17052:1747647663857:,1747647680777
counter/10/0/0/0,15503:1747647662388:,1747647680777
counter/5/0/0/0,16250:1747647662777:,1747647680777
counter/8/0/0/0,16865:1747647662745:,1747647680777
counter/2/0/0/0,15822:1747647662424:,1747647680777
counter/1/0/0/0,17253:1747647663643:,1747647680777
counter/7/0/0/0,15551:1747647662406:,1747647680777
counter/10/0/0/0,15504:1747647662388:,1747647680777
counter/5/0/0/0,16251:1747647662777:,1747647680777
counter/8/0/0/0,16866:1747647662745:,1747647680777
counter/10/0/0/0,15505:1747647662388:,1747647680777
counter/5/0/0/0,16252:1747647662777:,1747647680777
counter/8/0/0/0,16867:1747647662745:,1747647680777
counter/2/0/0/0,15823:1747647662424:,1747647680777
counter/10/0/0/0,15506:1747647662388:,1747647680777
counter/5/0/0/0,16253:1747647662785:,1747647680777
counter/8/0/0/0,16868:1747647662745:,1747647680777
counter/1/0/0/0,17254:1747647663643:,1747647680777
counter/7/0/0/0,15552:1747647662406:,1747647680777
counter/4/0/0/0,16057:1747647663649:,1747647680777
counter/10/0/0/0,15507:1747647662388:,1747647680777
counter/5/0/0/0,16254:1747647662785:,1747647680777
counter/8/0/0/0,16869:1747647662745:,1747647680777
counter/4/0/0/0,16058:1747647663649:,1747647680777
counter/10/0/0/0,15508:1747647662388:,1747647680777
counter/5/0/0/0,16255:1747647662785:,1747647680777
counter/8/0/0/0,16870:1747647662745:,1747647680777
counter/9/0/0/0,17016:1747647662761:,1747647680777
counter/7/0/0/0,15553:1747647662406:,1747647680777
counter/4/0/0/0,16059:1747647663649:,1747647680777
counter/10/0/0/0,15509:1747647662388:,1747647680777
counter/5/0/0/0,16256:1747647662785:,1747647680777
counter/8/0/0/0,16871:1747647662745:,1747647680777
counter/7/0/0/0,15554:1747647662406:,1747647680777
counter/4/0/0/0,16060:1747647663649:,1747647680777
counter/10/0/0/0,15510:1747647662388:,1747647680777
counter/5/0/0/0,16257:1747647662785:,1747647680777
counter/8/0/0/0,16872:1747647662745:,1747647680777
counter/2/0/0/0,15824:1747647662424:,1747647680778
counter/7/0/0/0,15555:1747647662406:,1747647680778
counter/4/0/0/0,16061:1747647663649:,1747647680778
counter/10/0/0/0,15511:1747647662388:,1747647680778
counter/5/0/0/0,16258:1747647662785:,1747647680778
counter/8/0/0/0,16873:1747647662749:,1747647680778
counter/7/0/0/0,15556:1747647662406:,1747647680778
counter/4/0/0/0,16062:1747647663660:,1747647680778
counter/10/0/0/0,15512:1747647662388:,1747647680778
counter/8/0/0/0,16874:1747647662749:,1747647680778
counter/6/0/0/0,15577:1747647662721:,1747647680778
counter/7/0/0/0,15557:1747647662406:,1747647680778
counter/4/0/0/0,16063:1747647663660:,1747647680778
counter/10/0/0/0,15513:1747647662388:,1747647680778
counter/8/0/0/0,16875:1747647662758:,1747647680778
counter/7/0/0/0,15558:1747647662406:,1747647680778
counter/4/0/0/0,16064:1747647663660:,1747647680778
counter/8/0/0/0,16876:1747647662759:,1747647680778
counter/4/0/0/0,16065:1747647663660:,1747647680778
counter/8/0/0/0,16877:1747647662759:,1747647680778
counter/4/0/0/0,16066:1747647663660:,1747647680778
counter/8/0/0/0,16878:1747647662759:,1747647680778
counter/4/0/0/0,16067:1747647663662:,1747647680778
counter/8/0/0/0,16879:1747647662759:,1747647680778
counter/4/0/0/0,16068:1747647663662:,1747647680778
counter/8/0/0/0,16880:1747647662759:,1747647680778
counter/3/0/0/0,17053:1747647663857:,1747647680778
counter/10/0/0/0,15514:1747647662388:,1747647680778
counter/4/0/0/0,16069:1747647663662:,1747647680778
counter/8/0/0/0,16881:1747647662759:,1747647680778
counter/10/0/0/0,15515:1747647662388:,1747647680778
counter/2/0/0/0,15825:1747647662424:,1747647680778
counter/9/0/0/0,17017:1747647662761:,1747647680778
counter/4/0/0/0,16070:1747647663662:,1747647680778
counter/8/0/0/0,16882:1747647662759:,1747647680778
counter/6/0/0/0,15578:1747647662721:,1747647680778
counter/4/0/0/0,16071:1747647663662:,1747647680778
counter/8/0/0/0,16883:1747647662759:,1747647680778
counter/4/0/0/0,16072:1747647663662:,1747647680778
counter/8/0/0/0,16884:1747647662767:,1747647680778
counter/4/0/0/0,16073:1747647663662:,1747647680778
counter/8/0/0/0,16885:1747647662767:,1747647680778
counter/4/0/0/0,16074:1747647663662:,1747647680778
counter/8/0/0/0,16886:1747647662767:,1747647680778
counter/4/0/0/0,16075:1747647663662:,1747647680779
counter/8/0/0/0,16887:1747647662767:,1747647680779
counter/4/0/0/0,16076:1747647663662:,1747647680779
counter/8/0/0/0,16888:1747647662767:,1747647680779
counter/4/0/0/0,16077:1747647663662:,1747647680779
counter/8/0/0/0,16889:1747647662767:,1747647680779
counter/4/0/0/0,16078:1747647663663:,1747647680779
counter/8/0/0/0,16890:1747647662767:,1747647680779
counter/4/0/0/0,16079:1747647663663:,1747647680779
counter/8/0/0/0,16891:1747647662767:,1747647680779
counter/4/0/0/0,16080:1747647663663:,1747647680779
counter/8/0/0/0,16892:1747647662767:,1747647680779
counter/10/0/0/0,15516:1747647662388:,1747647680779
counter/4/0/0/0,16081:1747647663663:,1747647680779
counter/8/0/0/0,16893:1747647662768:,1747647680779
counter/10/0/0/0,15517:1747647662388:,1747647680779
counter/9/0/0/0,17018:1747647662761:,1747647680779
counter/4/0/0/0,16082:1747647663663:,1747647680779
counter/8/0/0/0,16894:1747647662768:,1747647680779
counter/3/0/0/0,17054:1747647663857:,1747647680779
counter/4/0/0/0,16083:1747647663663:,1747647680779
counter/8/0/0/0,16895:1747647662768:,1747647680779
counter/4/0/0/0,16084:1747647663663:,1747647680779
counter/8/0/0/0,16896:1747647662768:,1747647680779
counter/4/0/0/0,16085:1747647663663:,1747647680779
counter/8/0/0/0,16897:1747647662768:,1747647680779
counter/4/0/0/0,16086:1747647663663:,1747647680779
counter/8/0/0/0,16898:1747647662768:,1747647680779
counter/4/0/0/0,16087:1747647663663:,1747647680779
counter/8/0/0/0,16899:1747647662768:,1747647680779
counter/4/0/0/0,16088:1747647663663:,1747647680779
counter/8/0/0/0,16900:1747647662768:,1747647680779
counter/7/0/0/0,15559:1747647662406:,1747647680779
counter/4/0/0/0,16089:1747647663663:,1747647680779
counter/8/0/0/0,16901:1747647662768:,1747647680779
counter/2/0/0/0,15826:1747647662424:,1747647680779
counter/6/0/0/0,15579:1747647662721:,1747647680779
counter/4/0/0/0,16090:1747647663663:,1747647680779
counter/8/0/0/0,16902:1747647662768:,1747647680779
counter/4/0/0/0,16091:1747647663663:,1747647680779
counter/8/0/0/0,16903:1747647662776:,1747647680779
counter/4/0/0/0,16092:1747647663663:,1747647680779
counter/8/0/0/0,16904:1747647662791:,1747647680780
counter/4/0/0/0,16093:1747647663663:,1747647680780
counter/8/0/0/0,16905:1747647662791:,1747647680780
counter/4/0/0/0,16094:1747647663666:,1747647680780
counter/8/0/0/0,16906:1747647662791:,1747647680780
counter/4/0/0/0,16095:1747647663668:,1747647680780
counter/8/0/0/0,16907:1747647662791:,1747647680780
counter/4/0/0/0,16096:1747647663668:,1747647680780
counter/8/0/0/0,16908:1747647662791:,1747647680780
counter/4/0/0/0,16097:1747647663668:,1747647680780
counter/8/0/0/0,16909:1747647662791:,1747647680780
counter/5/0/0/0,16259:1747647662785:,1747647680780
counter/4/0/0/0,16098:1747647663669:,1747647680780
counter/8/0/0/0,16910:1747647662791:,1747647680780
counter/5/0/0/0,16260:1747647662788:,1747647680780
counter/7/0/0/0,15560:1747647662408:,1747647680780
counter/4/0/0/0,16099:1747647663669:,1747647680780
counter/8/0/0/0,16911:1747647662791:,1747647680780
counter/5/0/0/0,16261:1747647662788:,1747647680780
counter/4/0/0/0,16100:1747647663669:,1747647680780
counter/8/0/0/0,16912:1747647662791:,1747647680780
counter/5/0/0/0,16262:1747647662788:,1747647680780
counter/10/0/0/0,15518:1747647662388:,1747647680780
counter/4/0/0/0,16101:1747647663669:,1747647680780
counter/8/0/0/0,16913:1747647662807:,1747647680780
counter/5/0/0/0,16263:1747647662788:,1747647680780
counter/10/0/0/0,15519:1747647662388:,1747647680780
counter/4/0/0/0,16102:1747647663669:,1747647680780
counter/8/0/0/0,16914:1747647662807:,1747647680780
counter/5/0/0/0,16264:1747647662792:,1747647680780
counter/10/0/0/0,15520:1747647662388:,1747647680780
counter/6/0/0/0,15580:1747647662721:,1747647680780
counter/4/0/0/0,16103:1747647663669:,1747647680780
counter/8/0/0/0,16915:1747647662807:,1747647680780
counter/5/0/0/0,16265:1747647662792:,1747647680780
counter/10/0/0/0,15521:1747647662388:,1747647680780
counter/4/0/0/0,16104:1747647663669:,1747647680780
counter/8/0/0/0,16916:1747647662807:,1747647680780
counter/5/0/0/0,16266:1747647662792:,1747647680780
counter/10/0/0/0,15522:1747647662388:,1747647680780
counter/4/0/0/0,16105:1747647663669:,1747647680780
counter/8/0/0/0,16917:1747647662807:,1747647680780
counter/5/0/0/0,16267:1747647662792:,1747647680780
counter/4/0/0/0,16106:1747647663669:,1747647680780
counter/8/0/0/0,16918:1747647662807:,1747647680780
counter/5/0/0/0,16268:1747647662792:,1747647680781
counter/4/0/0/0,16107:1747647663675:,1747647680781
counter/8/0/0/0,16919:1747647662807:,1747647680781
counter/5/0/0/0,16269:1747647662792:,1747647680781
counter/4/0/0/0,16108:1747647663675:,1747647680781
counter/8/0/0/0,16920:1747647662807:,1747647680781
counter/5/0/0/0,16270:1747647662792:,1747647680781
counter/4/0/0/0,16109:1747647663675:,1747647680781
counter/8/0/0/0,16921:1747647662807:,1747647680781
counter/5/0/0/0,16271:1747647662794:,1747647680781
counter/4/0/0/0,16110:1747647663675:,1747647680781
counter/8/0/0/0,16922:1747647662807:,1747647680781
counter/5/0/0/0,16272:1747647662794:,1747647680781
counter/4/0/0/0,16111:1747647663678:,1747647680781
counter/8/0/0/0,16923:1747647662807:,1747647680781
counter/5/0/0/0,16273:1747647662798:,1747647680781
counter/4/0/0/0,16112:1747647663678:,1747647680781
counter/8/0/0/0,16924:1747647662807:,1747647680781
counter/5/0/0/0,16274:1747647662798:,1747647680781
counter/4/0/0/0,16113:1747647663678:,1747647680781
counter/8/0/0/0,16925:1747647662807:,1747647680781
counter/5/0/0/0,16275:1747647662798:,1747647680781
counter/4/0/0/0,16114:1747647663678:,1747647680781
counter/8/0/0/0,16926:1747647662807:,1747647680781
counter/5/0/0/0,16276:1747647662798:,1747647680781
counter/4/0/0/0,16115:1747647663678:,1747647680781
counter/8/0/0/0,16927:1747647662807:,1747647680781
counter/5/0/0/0,16277:1747647662798:,1747647680781
counter/4/0/0/0,16116:1747647663678:,1747647680781
counter/8/0/0/0,16928:1747647662807:,1747647680781
counter/5/0/0/0,16278:1747647662798:,1747647680781
counter/4/0/0/0,16117:1747647663680:,1747647680781
counter/8/0/0/0,16929:1747647662807:,1747647680781
counter/5/0/0/0,16279:1747647662802:,1747647680781
counter/4/0/0/0,16118:1747647663680:,1747647680781
counter/8/0/0/0,16930:1747647662807:,1747647680781
counter/5/0/0/0,16280:1747647662802:,1747647680781
counter/8/0/0/0,16931:1747647662807:,1747647680781
counter/5/0/0/0,16281:1747647662806:,1747647680781
counter/8/0/0/0,16932:1747647662814:,1747647680781
counter/5/0/0/0,16282:1747647662807:,1747647680781
counter/8/0/0/0,16933:1747647662819:,1747647680782
counter/5/0/0/0,16283:1747647662807:,1747647680782
counter/8/0/0/0,16934:1747647662819:,1747647680782
counter/5/0/0/0,16284:1747647662831:,1747647680782
counter/8/0/0/0,16935:1747647662819:,1747647680782
counter/5/0/0/0,16285:1747647662831:,1747647680782
counter/8/0/0/0,16936:1747647662824:,1747647680782
counter/5/0/0/0,16286:1747647662831:,1747647680782
counter/8/0/0/0,16937:1747647662824:,1747647680782
counter/5/0/0/0,16287:1747647662831:,1747647680782
counter/8/0/0/0,16938:1747647662832:,1747647680782
counter/5/0/0/0,16288:1747647662831:,1747647680782
counter/8/0/0/0,16939:1747647662832:,1747647680782
counter/5/0/0/0,16289:1747647662831:,1747647680782
counter/8/0/0/0,16940:1747647662832:,1747647680782
counter/5/0/0/0,16290:1747647662832:,1747647680782
counter/8/0/0/0,16941:1747647662832:,1747647680782
counter/5/0/0/0,16291:1747647662832:,1747647680782
counter/8/0/0/0,16942:1747647662832:,1747647680782
counter/5/0/0/0,16292:1747647662832:,1747647680782
counter/8/0/0/0,16943:1747647662832:,1747647680782
counter/5/0/0/0,16293:1747647662834:,1747647680782
counter/8/0/0/0,16944:1747647662832:,1747647680782
counter/5/0/0/0,16294:1747647662837:,1747647680782
counter/6/0/0/0,15581:1747647662721:,1747647680782
counter/8/0/0/0,16945:1747647662832:,1747647680782
counter/5/0/0/0,16295:1747647662837:,1747647680782
counter/10/0/0/0,15523:1747647662388:,1747647680782
counter/4/0/0/0,16119:1747647663680:,1747647680782
counter/8/0/0/0,16946:1747647662832:,1747647680782
counter/5/0/0/0,16296:1747647662837:,1747647680782
counter/4/0/0/0,16120:1747647663680:,1747647680782
counter/8/0/0/0,16947:1747647662832:,1747647680782
counter/5/0/0/0,16297:1747647662837:,1747647680782
counter/4/0/0/0,16121:1747647663680:,1747647680782
counter/8/0/0/0,16948:1747647662832:,1747647680782
counter/5/0/0/0,16298:1747647662837:,1747647680782
counter/4/0/0/0,16122:1747647663680:,1747647680782
counter/8/0/0/0,16949:1747647662833:,1747647680782
counter/5/0/0/0,16299:1747647662837:,1747647680782
counter/4/0/0/0,16123:1747647663680:,1747647680782
counter/8/0/0/0,16950:1747647662833:,1747647680782
counter/5/0/0/0,16300:1747647662837:,1747647680782
counter/4/0/0/0,16124:1747647663680:,1747647680782
counter/8/0/0/0,16951:1747647662833:,1747647680782
counter/5/0/0/0,16301:1747647662837:,1747647680783
counter/4/0/0/0,16125:1747647663685:,1747647680783
counter/6/0/0/0,15582:1747647662721:,1747647680783
counter/2/0/0/0,15827:1747647662424:,1747647680783
counter/8/0/0/0,16952:1747647662833:,1747647680783
counter/5/0/0/0,16302:1747647662837:,1747647680783
counter/4/0/0/0,16126:1747647663685:,1747647680783
counter/8/0/0/0,16953:1747647662833:,1747647680783
counter/5/0/0/0,16303:1747647662837:,1747647680783
counter/4/0/0/0,16127:1747647663707:,1747647680783
counter/8/0/0/0,16954:1747647662833:,1747647680783
counter/5/0/0/0,16304:1747647662837:,1747647680783
counter/4/0/0/0,16128:1747647663707:,1747647680783
counter/8/0/0/0,16955:1747647662833:,1747647680783
counter/5/0/0/0,16305:1747647662837:,1747647680783
counter/4/0/0/0,16129:1747647663707:,1747647680783
counter/8/0/0/0,16956:1747647662833:,1747647680783
counter/5/0/0/0,16306:1747647662837:,1747647680783
counter/4/0/0/0,16130:1747647663708:,1747647680783
counter/8/0/0/0,16957:1747647662848:,1747647680783
counter/5/0/0/0,16307:1747647662837:,1747647680783
counter/4/0/0/0,16131:1747647663708:,1747647680783
counter/8/0/0/0,16958:1747647662848:,1747647680783
counter/5/0/0/0,16308:1747647662853:,1747647680783
counter/4/0/0/0,16132:1747647663708:,1747647680783
counter/8/0/0/0,16959:1747647662848:,1747647680783
counter/5/0/0/0,16309:1747647662853:,1747647680783
counter/8/0/0/0,16960:1747647662849:,1747647680783
counter/5/0/0/0,16310:1747647662853:,1747647680783
counter/4/0/0/0,16133:1747647663708:,1747647680783
counter/8/0/0/0,16961:1747647662849:,1747647680783
counter/5/0/0/0,16311:1747647662854:,1747647680783
counter/4/0/0/0,16134:1747647663708:,1747647680783
counter/8/0/0/0,16962:1747647662849:,1747647680783
counter/5/0/0/0,16312:1747647662854:,1747647680783
counter/4/0/0/0,16135:1747647663708:,1747647680783
counter/6/0/0/0,15583:1747647662721:,1747647680783
counter/8/0/0/0,16963:1747647662849:,1747647680783
counter/5/0/0/0,16313:1747647662854:,1747647680783
counter/4/0/0/0,16136:1747647663708:,1747647680784
counter/3/0/0/0,17055:1747647663857:,1747647680784
counter/7/0/0/0,15561:1747647662408:,1747647680784
counter/8/0/0/0,16964:1747647662849:,1747647680784
counter/5/0/0/0,16314:1747647662854:,1747647680784
counter/4/0/0/0,16137:1747647663716:,1747647680784
counter/7/0/0/0,15562:1747647662408:,1747647680784
counter/8/0/0/0,16965:1747647662849:,1747647680784
counter/5/0/0/0,16315:1747647662854:,1747647680784
counter/4/0/0/0,16138:1747647663716:,1747647680784
counter/7/0/0/0,15563:1747647662408:,1747647680784
counter/9/0/0/0,17019:1747647662761:,1747647680784
counter/8/0/0/0,16966:1747647662849:,1747647680784
counter/5/0/0/0,16316:1747647662854:,1747647680784
counter/4/0/0/0,16139:1747647663716:,1747647680784
counter/7/0/0/0,15564:1747647662408:,1747647680784
counter/8/0/0/0,16967:1747647662849:,1747647680784
counter/5/0/0/0,16317:1747647662862:,1747647680784
counter/4/0/0/0,16140:1747647663716:,1747647680784
counter/7/0/0/0,15565:1747647662408:,1747647680784
counter/8/0/0/0,16968:1747647662852:,1747647680784
counter/5/0/0/0,16318:1747647662879:,1747647680784
counter/4/0/0/0,16141:1747647663716:,1747647680784
counter/7/0/0/0,15566:1747647662408:,1747647680784
counter/2/0/0/0,15828:1747647662424:,1747647680784
counter/8/0/0/0,16969:1747647662852:,1747647680784
counter/5/0/0/0,16319:1747647662879:,1747647680784
counter/4/0/0/0,16142:1747647663716:,1747647680784
counter/7/0/0/0,15567:1747647662408:,1747647680784
counter/9/0/0/0,17020:1747647662775:,1747647680784
counter/1/0/0/0,17255:1747647663643:,1747647680784
counter/8/0/0/0,16970:1747647662852:,1747647680784
counter/5/0/0/0,16320:1747647662879:,1747647680784
counter/4/0/0/0,16143:1747647663716:,1747647680784
counter/7/0/0/0,15568:1747647662408:,1747647680784
counter/8/0/0/0,16971:1747647662852:,1747647680784
counter/5/0/0/0,16321:1747647662879:,1747647680784
counter/4/0/0/0,16144:1747647663716:,1747647680784
counter/3/0/0/0,17056:1747647663857:,1747647680784
counter/9/0/0/0,17021:1747647662779:,1747647680784
counter/8/0/0/0,16972:1747647662852:,1747647680784
counter/5/0/0/0,16322:1747647662879:,1747647680784
counter/4/0/0/0,16145:1747647663716:,1747647680784
counter/1/0/0/0,17256:1747647663643:,1747647680784
counter/6/0/0/0,15584:1747647662721:,1747647680784
counter/8/0/0/0,16973:1747647662852:,1747647680785
counter/5/0/0/0,16323:1747647662879:,1747647680785
counter/4/0/0/0,16146:1747647663716:,1747647680785
counter/8/0/0/0,16974:1747647662852:,1747647680785
counter/5/0/0/0,16324:1747647662880:,1747647680785
counter/4/0/0/0,16147:1747647663716:,1747647680785
counter/8/0/0/0,16975:1747647662852:,1747647680785
counter/5/0/0/0,16325:1747647662882:,1747647680785
counter/4/0/0/0,16148:1747647663716:,1747647680785
counter/8/0/0/0,16976:1747647662852:,1747647680785
counter/5/0/0/0,16326:1747647662882:,1747647680785
counter/4/0/0/0,16149:1747647663716:,1747647680785
counter/8/0/0/0,16977:1747647662852:,1747647680785
counter/5/0/0/0,16327:1747647662883:,1747647680785
counter/4/0/0/0,16150:1747647663716:,1747647680785
counter/8/0/0/0,16978:1747647662852:,1747647680785
counter/5/0/0/0,16328:1747647662883:,1747647680785
counter/4/0/0/0,16151:1747647663716:,1747647680785
counter/8/0/0/0,16979:1747647662852:,1747647680785
counter/5/0/0/0,16329:1747647662883:,1747647680785
counter/4/0/0/0,16152:1747647663716:,1747647680785
counter/8/0/0/0,16980:1747647662852:,1747647680785
counter/5/0/0/0,16330:1747647662883:,1747647680785
counter/4/0/0/0,16153:1747647663716:,1747647680785
counter/8/0/0/0,16981:1747647662852:,1747647680785
counter/5/0/0/0,16331:1747647662883:,1747647680785
counter/4/0/0/0,16154:1747647663716:,1747647680785
counter/8/0/0/0,16982:1747647662852:,1747647680785
counter/5/0/0/0,16332:1747647662883:,1747647680785
counter/4/0/0/0,16155:1747647663716:,1747647680785
counter/8/0/0/0,16983:1747647662852:,1747647680785
counter/5/0/0/0,16333:1747647662883:,1747647680785
counter/8/0/0/0,16984:1747647662853:,1747647680785
counter/5/0/0/0,16334:1747647662883:,1747647680785
counter/8/0/0/0,16985:1747647662853:,1747647680785
counter/5/0/0/0,16335:1747647662883:,1747647680785
counter/8/0/0/0,16986:1747647662853:,1747647680785
counter/5/0/0/0,16336:1747647662883:,1747647680785
counter/8/0/0/0,16987:1747647662853:,1747647680785
counter/5/0/0/0,16337:1747647662883:,1747647680785
counter/8/0/0/0,16988:1747647662853:,1747647680785
counter/5/0/0/0,16338:1747647662883:,1747647680785
counter/8/0/0/0,16989:1747647662853:,1747647680785
counter/5/0/0/0,16339:1747647662893:,1747647680786
counter/8/0/0/0,16990:1747647662853:,1747647680786
counter/5/0/0/0,16340:1747647662893:,1747647680786
counter/8/0/0/0,16991:1747647662853:,1747647680786
counter/5/0/0/0,16341:1747647662897:,1747647680786
counter/8/0/0/0,16992:1747647662853:,1747647680786
counter/5/0/0/0,16342:1747647662897:,1747647680786
counter/8/0/0/0,16993:1747647662853:,1747647680786
counter/5/0/0/0,16343:1747647662897:,1747647680786
counter/8/0/0/0,16994:1747647662853:,1747647680786
counter/5/0/0/0,16344:1747647662897:,1747647680786
counter/8/0/0/0,16995:1747647662853:,1747647680786
counter/5/0/0/0,16345:1747647662897:,1747647680786
counter/8/0/0/0,16996:1747647662853:,1747647680786
counter/5/0/0/0,16346:1747647662897:,1747647680786
counter/8/0/0/0,16997:1747647662853:,1747647680786
counter/5/0/0/0,16347:1747647662897:,1747647680786
counter/8/0/0/0,16998:1747647662853:,1747647680786
counter/5/0/0/0,16348:1747647662898:,1747647680786
counter/8/0/0/0,16999:1747647662853:,1747647680786
counter/5/0/0/0,16349:1747647662898:,1747647680786
counter/8/0/0/0,17000:1747647662853:,1747647680786
counter/5/0/0/0,16350:1747647662898:,1747647680786
counter/8/0/0/0,17001:1747647662853:,1747647680786
counter/5/0/0/0,16351:1747647662898:,1747647680786
counter/8/0/0/0,17002:1747647662854:,1747647680786
counter/5/0/0/0,16352:1747647662898:,1747647680786
counter/8/0/0/0,17003:1747647662854:,1747647680786
counter/5/0/0/0,16353:1747647662898:,1747647680786
counter/8/0/0/0,17004:1747647662854:,1747647680786
counter/5/0/0/0,16354:1747647662898:,1747647680786
counter/8/0/0/0,17005:1747647662854:,1747647680786
counter/5/0/0/0,16355:1747647662898:,1747647680786
counter/8/0/0/0,17006:1747647662854:,1747647680786
counter/5/0/0/0,16356:1747647662898:,1747647680786
counter/8/0/0/0,17007:1747647662854:,1747647680786
counter/5/0/0/0,16357:1747647662898:,1747647680786
counter/8/0/0/0,17008:1747647662854:,1747647680786
counter/5/0/0/0,16358:1747647662898:,1747647680786
counter/8/0/0/0,17009:1747647662855:,1747647680786
counter/5/0/0/0,16359:1747647662900:,1747647680786
counter/8/0/0/0,17010:1747647662855:,1747647680786
counter/5/0/0/0,16360:1747647662900:,1747647680786
counter/8/0/0/0,17011:1747647662855:,1747647680787
counter/5/0/0/0,16361:1747647662900:,1747647680787
counter/8/0/0/0,17012:1747647662855:,1747647680787
counter/5/0/0/0,16362:1747647662900:,1747647680787
counter/8/0/0/0,17013:1747647662855:,1747647680787
counter/5/0/0/0,16363:1747647662900:,1747647680787
counter/8/0/0/0,17014:1747647662855:,1747647680787
counter/5/0/0/0,16364:1747647662900:,1747647680787
counter/8/0/0/0,17015:1747647662855:,1747647680787
counter/5/0/0/0,16365:1747647662900:,1747647680787
counter/8/0/0/0,17016:1747647662855:,1747647680787
counter/5/0/0/0,16366:1747647662900:,1747647680787
counter/8/0/0/0,17017:1747647662859:,1747647680787
counter/5/0/0/0,16367:1747647662900:,1747647680787
counter/8/0/0/0,17018:1747647662869:,1747647680787
counter/5/0/0/0,16368:1747647662902:,1747647680787
counter/8/0/0/0,17019:1747647662874:,1747647680787
counter/5/0/0/0,16369:1747647662902:,1747647680787
counter/8/0/0/0,17020:1747647662874:,1747647680787
counter/5/0/0/0,16370:1747647662905:,1747647680787
counter/8/0/0/0,17021:1747647662874:,1747647680787
counter/5/0/0/0,16371:1747647662906:,1747647680787
counter/8/0/0/0,17022:1747647662875:,1747647680787
counter/8/0/0/0,17023:1747647662875:,1747647680787
counter/8/0/0/0,17024:1747647662875:,1747647680787
counter/8/0/0/0,17025:1747647662875:,1747647680787
counter/8/0/0/0,17026:1747647662877:,1747647680787
counter/8/0/0/0,17027:1747647662877:,1747647680787
counter/8/0/0/0,17028:1747647662877:,1747647680787
counter/8/0/0/0,17029:1747647662877:,1747647680787
counter/8/0/0/0,17030:1747647662892:,1747647680787
counter/8/0/0/0,17031:1747647662892:,1747647680787
counter/8/0/0/0,17032:1747647662893:,1747647680787
counter/8/0/0/0,17033:1747647662893:,1747647680787
counter/8/0/0/0,17034:1747647662893:,1747647680787
counter/8/0/0/0,17035:1747647662893:,1747647680787
counter/8/0/0/0,17036:1747647662893:,1747647680787
counter/8/0/0/0,17037:1747647662893:,1747647680787
counter/8/0/0/0,17038:1747647662899:,1747647680787
counter/8/0/0/0,17039:1747647662899:,1747647680787
counter/8/0/0/0,17040:1747647662899:,1747647680787
counter/8/0/0/0,17041:1747647662899:,1747647680787
counter/8/0/0/0,17042:1747647662903:,1747647680787
counter/8/0/0/0,17043:1747647662907:,1747647680787
counter/8/0/0/0,17044:1747647662908:,1747647680788
counter/8/0/0/0,17045:1747647662908:,1747647680788
counter/8/0/0/0,17046:1747647662908:,1747647680788
counter/8/0/0/0,17047:1747647662908:,1747647680788
counter/8/0/0/0,17048:1747647662908:,1747647680788
counter/8/0/0/0,17049:1747647662909:,1747647680788
counter/8/0/0/0,17050:1747647662909:,1747647680788
counter/8/0/0/0,17051:1747647662909:,1747647680788
counter/8/0/0/0,17052:1747647662909:,1747647680788
counter/8/0/0/0,17053:1747647662909:,1747647680788
counter/8/0/0/0,17054:1747647662909:,1747647680788
counter/8/0/0/0,17055:1747647662909:,1747647680788
counter/8/0/0/0,17056:1747647662909:,1747647680788
counter/8/0/0/0,17057:1747647662909:,1747647680788
counter/8/0/0/0,17058:1747647662909:,1747647680788
counter/8/0/0/0,17059:1747647662909:,1747647680788
counter/5/0/0/0,16372:1747647662906:,1747647680788
counter/8/0/0/0,17060:1747647662909:,1747647680788
counter/4/0/0/0,16156:1747647663716:,1747647680788
counter/8/0/0/0,17061:1747647662911:,1747647680788
counter/8/0/0/0,17062:1747647662911:,1747647680788
counter/8/0/0/0,17063:1747647662911:,1747647680788
counter/8/0/0/0,17064:1747647662911:,1747647680788
counter/8/0/0/0,17065:1747647662911:,1747647680788
counter/8/0/0/0,17066:1747647662911:,1747647680788
counter/6/0/0/0,15585:1747647662721:,1747647680788
counter/8/0/0/0,17067:1747647662911:,1747647680788
counter/9/0/0/0,17022:1747647662779:,1747647680788
counter/8/0/0/0,17068:1747647662911:,1747647680788
counter/5/0/0/0,16373:1747647662915:,1747647680788
counter/8/0/0/0,17069:1747647662911:,1747647680788
counter/2/0/0/0,15829:1747647662425:,1747647680788
counter/8/0/0/0,17070:1747647662911:,1747647680788
counter/2/0/0/0,15830:1747647662440:,1747647680788
counter/8/0/0/0,17071:1747647662914:,1747647680788
counter/2/0/0/0,15831:1747647662440:,1747647680788
counter/8/0/0/0,17072:1747647662914:,1747647680788
counter/2/0/0/0,15832:1747647662440:,1747647680788
counter/8/0/0/0,17073:1747647662914:,1747647680788
counter/2/0/0/0,15833:1747647662440:,1747647680788
counter/8/0/0/0,17074:1747647662914:,1747647680788
counter/2/0/0/0,15834:1747647662440:,1747647680789
counter/8/0/0/0,17075:1747647662914:,1747647680789
counter/2/0/0/0,15835:1747647662440:,1747647680789
counter/8/0/0/0,17076:1747647662914:,1747647680789
counter/2/0/0/0,15836:1747647662440:,1747647680789
counter/8/0/0/0,17077:1747647662915:,1747647680789
counter/2/0/0/0,15837:1747647662440:,1747647680789
counter/8/0/0/0,17078:1747647662915:,1747647680789
counter/2/0/0/0,15838:1747647662440:,1747647680789
counter/8/0/0/0,17079:1747647662923:,1747647680789
counter/2/0/0/0,15839:1747647662440:,1747647680789
counter/8/0/0/0,17080:1747647662923:,1747647680789
counter/2/0/0/0,15840:1747647662440:,1747647680789
counter/8/0/0/0,17081:1747647662923:,1747647680789
counter/2/0/0/0,15841:1747647662440:,1747647680789
counter/8/0/0/0,17082:1747647662923:,1747647680789
counter/2/0/0/0,15842:1747647662440:,1747647680789
counter/8/0/0/0,17083:1747647662923:,1747647680789
counter/2/0/0/0,15843:1747647662440:,1747647680789
counter/8/0/0/0,17084:1747647662923:,1747647680789
counter/2/0/0/0,15844:1747647662440:,1747647680789
counter/8/0/0/0,17085:1747647662923:,1747647680789
counter/2/0/0/0,15845:1747647662441:,1747647680789
counter/8/0/0/0,17086:1747647662923:,1747647680789
counter/2/0/0/0,15846:1747647662441:,1747647680789
counter/8/0/0/0,17087:1747647662923:,1747647680789
counter/2/0/0/0,15847:1747647662441:,1747647680789
counter/8/0/0/0,17088:1747647662923:,1747647680789
counter/2/0/0/0,15848:1747647662448:,1747647680789
counter/8/0/0/0,17089:1747647662923:,1747647680789
counter/2/0/0/0,15849:1747647662448:,1747647680789
counter/8/0/0/0,17090:1747647662923:,1747647680789
counter/2/0/0/0,15850:1747647662448:,1747647680789
counter/8/0/0/0,17091:1747647662923:,1747647680789
counter/2/0/0/0,15851:1747647662448:,1747647680789
counter/8/0/0/0,17092:1747647662923:,1747647680789
counter/2/0/0/0,15852:1747647662448:,1747647680789
counter/10/0/0/0,15524:1747647662388:,1747647680789
counter/8/0/0/0,17093:1747647662923:,1747647680789
counter/2/0/0/0,15853:1747647662448:,1747647680789
counter/6/0/0/0,15586:1747647662734:,1747647680789
counter/5/0/0/0,16374:1747647662915:,1747647680789
counter/8/0/0/0,17094:1747647662923:,1747647680789
counter/2/0/0/0,15854:1747647662448:,1747647680789
counter/4/0/0/0,16157:1747647663716:,1747647680790
counter/7/0/0/0,15569:1747647662408:,1747647680790
counter/8/0/0/0,17095:1747647662926:,1747647680790
counter/2/0/0/0,15855:1747647662449:,1747647680790
counter/1/0/0/0,17257:1747647663643:,1747647680790
counter/8/0/0/0,17096:1747647662926:,1747647680790
counter/2/0/0/0,15856:1747647662451:,1747647680790
counter/8/0/0/0,17097:1747647662926:,1747647680790
counter/2/0/0/0,15857:1747647662454:,1747647680790
counter/8/0/0/0,17098:1747647662926:,1747647680790
counter/2/0/0/0,15858:1747647662454:,1747647680790
counter/4/0/0/0,16158:1747647663716:,1747647680790
counter/8/0/0/0,17099:1747647662926:,1747647680790
counter/2/0/0/0,15859:1747647662454:,1747647680790
counter/7/0/0/0,15570:1747647662408:,1747647680790
counter/1/0/0/0,17258:1747647663643:,1747647680790
counter/8/0/0/0,17100:1747647662936:,1747647680790
counter/2/0/0/0,15860:1747647662454:,1747647680790
counter/3/0/0/0,17057:1747647663857:,1747647680790
counter/8/0/0/0,17101:1747647662936:,1747647680790
counter/2/0/0/0,15861:1747647662454:,1747647680790
counter/8/0/0/0,17102:1747647662936:,1747647680790
counter/2/0/0/0,15862:1747647662455:,1747647680790
counter/8/0/0/0,17103:1747647662936:,1747647680790
counter/2/0/0/0,15863:1747647662455:,1747647680790
counter/8/0/0/0,17104:1747647662936:,1747647680790
counter/2/0/0/0,15864:1747647662455:,1747647680790
counter/8/0/0/0,17105:1747647662936:,1747647680790
counter/2/0/0/0,15865:1747647662455:,1747647680790
counter/8/0/0/0,17106:1747647662936:,1747647680790
counter/2/0/0/0,15866:1747647662455:,1747647680790
counter/8/0/0/0,17107:1747647662936:,1747647680790
counter/2/0/0/0,15867:1747647662455:,1747647680790
counter/8/0/0/0,17108:1747647662936:,1747647680790
counter/2/0/0/0,15868:1747647662455:,1747647680790
counter/8/0/0/0,17109:1747647662946:,1747647680790
counter/2/0/0/0,15869:1747647662455:,1747647680790
counter/8/0/0/0,17110:1747647662946:,1747647680790
counter/2/0/0/0,15870:1747647662455:,1747647680790
counter/8/0/0/0,17111:1747647662946:,1747647680790
counter/2/0/0/0,15871:1747647662455:,1747647680790
counter/8/0/0/0,17112:1747647662946:,1747647680791
counter/2/0/0/0,15872:1747647662455:,1747647680791
counter/8/0/0/0,17113:1747647662946:,1747647680791
counter/2/0/0/0,15873:1747647662455:,1747647680791
counter/8/0/0/0,17114:1747647662950:,1747647680791
counter/2/0/0/0,15874:1747647662455:,1747647680791
counter/8/0/0/0,17115:1747647662961:,1747647680791
counter/2/0/0/0,15875:1747647662465:,1747647680791
counter/8/0/0/0,17116:1747647662961:,1747647680791
counter/2/0/0/0,15876:1747647662465:,1747647680791
counter/8/0/0/0,17117:1747647662961:,1747647680791
counter/2/0/0/0,15877:1747647662465:,1747647680791
counter/8/0/0/0,17118:1747647662961:,1747647680791
counter/2/0/0/0,15878:1747647662465:,1747647680791
counter/8/0/0/0,17119:1747647662961:,1747647680791
counter/2/0/0/0,15879:1747647662465:,1747647680791
counter/8/0/0/0,17120:1747647662961:,1747647680791
counter/2/0/0/0,15880:1747647662465:,1747647680791
counter/8/0/0/0,17121:1747647662961:,1747647680791
counter/2/0/0/0,15881:1747647662465:,1747647680791
counter/8/0/0/0,17122:1747647662961:,1747647680791
counter/2/0/0/0,15882:1747647662465:,1747647680791
counter/8/0/0/0,17123:1747647662961:,1747647680791
counter/2/0/0/0,15883:1747647662465:,1747647680791
counter/8/0/0/0,17124:1747647662963:,1747647680791
counter/2/0/0/0,15884:1747647662465:,1747647680791
counter/1/0/0/0,17259:1747647663643:,1747647680791
counter/8/0/0/0,17125:1747647662965:,1747647680791
counter/2/0/0/0,15885:1747647662465:,1747647680791
counter/3/0/0/0,17058:1747647663857:,1747647680791
counter/6/0/0/0,15587:1747647662747:,1747647680791
counter/8/0/0/0,17126:1747647662983:,1747647680791
counter/2/0/0/0,15886:1747647662466:,1747647680791
counter/5/0/0/0,16375:1747647662915:,1747647680791
counter/4/0/0/0,16159:1747647663716:,1747647680791
counter/7/0/0/0,15571:1747647662408:,1747647680791
counter/8/0/0/0,17127:1747647662983:,1747647680791
counter/2/0/0/0,15887:1747647662520:,1747647680791
counter/8/0/0/0,17128:1747647662986:,1747647680791
counter/2/0/0/0,15888:1747647662521:,1747647680791
counter/5/0/0/0,16376:1747647662915:,1747647680792
counter/8/0/0/0,17129:1747647662986:,1747647680792
counter/2/0/0/0,15889:1747647662522:,1747647680792
counter/4/0/0/0,16160:1747647663716:,1747647680792
counter/8/0/0/0,17130:1747647662986:,1747647680792
counter/2/0/0/0,15890:1747647662522:,1747647680792
counter/8/0/0/0,17131:1747647662986:,1747647680792
counter/2/0/0/0,15891:1747647662522:,1747647680792
counter/5/0/0/0,16377:1747647662915:,1747647680792
counter/8/0/0/0,17132:1747647662986:,1747647680792
counter/2/0/0/0,15892:1747647662522:,1747647680792
counter/7/0/0/0,15572:1747647662408:,1747647680792
counter/4/0/0/0,16161:1747647663717:,1747647680792
counter/8/0/0/0,17133:1747647662996:,1747647680792
counter/2/0/0/0,15893:1747647662522:,1747647680792
counter/8/0/0/0,17134:1747647662996:,1747647680792
counter/2/0/0/0,15894:1747647662522:,1747647680792
counter/8/0/0/0,17135:1747647662996:,1747647680792
counter/2/0/0/0,15895:1747647662522:,1747647680792
counter/8/0/0/0,17136:1747647662996:,1747647680792
counter/2/0/0/0,15896:1747647662522:,1747647680792
counter/8/0/0/0,17137:1747647662996:,1747647680792
counter/2/0/0/0,15897:1747647662522:,1747647680792
counter/8/0/0/0,17138:1747647662996:,1747647680792
counter/2/0/0/0,15898:1747647662522:,1747647680792
counter/8/0/0/0,17139:1747647662996:,1747647680792
counter/2/0/0/0,15899:1747647662522:,1747647680792
counter/8/0/0/0,17140:1747647662996:,1747647680792
counter/2/0/0/0,15900:1747647662522:,1747647680792
counter/8/0/0/0,17141:1747647662997:,1747647680792
counter/2/0/0/0,15901:1747647662522:,1747647680792
counter/8/0/0/0,17142:1747647662997:,1747647680792
counter/2/0/0/0,15902:1747647662527:,1747647680792
counter/8/0/0/0,17143:1747647662997:,1747647680792
counter/2/0/0/0,15903:1747647662527:,1747647680792
counter/8/0/0/0,17144:1747647662997:,1747647680792
counter/2/0/0/0,15904:1747647662527:,1747647680792
counter/8/0/0/0,17145:1747647662997:,1747647680792
counter/2/0/0/0,15905:1747647662527:,1747647680792
counter/8/0/0/0,17146:1747647663011:,1747647680792
counter/2/0/0/0,15906:1747647662527:,1747647680792
counter/8/0/0/0,17147:1747647663011:,1747647680792
counter/2/0/0/0,15907:1747647662527:,1747647680792
counter/8/0/0/0,17148:1747647663011:,1747647680793
counter/2/0/0/0,15908:1747647662527:,1747647680793
counter/8/0/0/0,17149:1747647663011:,1747647680793
counter/2/0/0/0,15909:1747647662527:,1747647680793
counter/8/0/0/0,17150:1747647663011:,1747647680793
counter/2/0/0/0,15910:1747647662527:,1747647680793
counter/8/0/0/0,17151:1747647663011:,1747647680793
counter/2/0/0/0,15911:1747647662528:,1747647680793
counter/8/0/0/0,17152:1747647663012:,1747647680793
counter/2/0/0/0,15912:1747647662528:,1747647680793
counter/8/0/0/0,17153:1747647663012:,1747647680793
counter/2/0/0/0,15913:1747647662528:,1747647680793
counter/8/0/0/0,17154:1747647663012:,1747647680793
counter/2/0/0/0,15914:1747647662528:,1747647680793
counter/8/0/0/0,17155:1747647663012:,1747647680793
counter/2/0/0/0,15915:1747647662528:,1747647680793
counter/8/0/0/0,17156:1747647663012:,1747647680793
counter/2/0/0/0,15916:1747647662528:,1747647680793
counter/8/0/0/0,17157:1747647663012:,1747647680793
counter/2/0/0/0,15917:1747647662528:,1747647680793
counter/8/0/0/0,17158:1747647663047:,1747647680793
counter/2/0/0/0,15918:1747647662528:,1747647680793
counter/8/0/0/0,17159:1747647663047:,1747647680793
counter/2/0/0/0,15919:1747647662528:,1747647680793
counter/8/0/0/0,17160:1747647663047:,1747647680793
counter/2/0/0/0,15920:1747647662528:,1747647680793
counter/8/0/0/0,17161:1747647663047:,1747647680793
counter/2/0/0/0,15921:1747647662536:,1747647680793
counter/10/0/0/0,15525:1747647662388:,1747647680793
counter/8/0/0/0,17162:1747647663047:,1747647680793
counter/2/0/0/0,15922:1747647662536:,1747647680793
counter/6/0/0/0,15588:1747647662747:,1747647680793
counter/5/0/0/0,16378:1747647662915:,1747647680793
counter/8/0/0/0,17163:1747647663047:,1747647680793
counter/2/0/0/0,15923:1747647662536:,1747647680793
counter/3/0/0/0,17059:1747647663857:,1747647680793
counter/8/0/0/0,17164:1747647663047:,1747647680793
counter/2/0/0/0,15924:1747647662537:,1747647680793
counter/8/0/0/0,17165:1747647663047:,1747647680794
counter/2/0/0/0,15925:1747647662537:,1747647680794
counter/8/0/0/0,17166:1747647663047:,1747647680794
counter/2/0/0/0,15926:1747647662537:,1747647680794
counter/8/0/0/0,17167:1747647663047:,1747647680794
counter/2/0/0/0,15927:1747647662537:,1747647680794
counter/8/0/0/0,17168:1747647663047:,1747647680794
counter/2/0/0/0,15928:1747647662537:,1747647680794
counter/8/0/0/0,17169:1747647663047:,1747647680794
counter/2/0/0/0,15929:1747647662537:,1747647680794
counter/5/0/0/0,16379:1747647662921:,1747647680794
counter/8/0/0/0,17170:1747647663048:,1747647680794
counter/2/0/0/0,15930:1747647662537:,1747647680794
counter/6/0/0/0,15589:1747647662747:,1747647680794
counter/8/0/0/0,17171:1747647663048:,1747647680794
counter/2/0/0/0,15931:1747647662537:,1747647680794
counter/6/0/0/0,15590:1747647662747:,1747647680794
counter/8/0/0/0,17172:1747647663048:,1747647680794
counter/2/0/0/0,15932:1747647662537:,1747647680794
counter/6/0/0/0,15591:1747647662747:,1747647680794
counter/8/0/0/0,17173:1747647663048:,1747647680794
counter/2/0/0/0,15933:1747647662537:,1747647680794
counter/6/0/0/0,15592:1747647662747:,1747647680794
counter/8/0/0/0,17174:1747647663048:,1747647680794
counter/2/0/0/0,15934:1747647662537:,1747647680794
counter/6/0/0/0,15593:1747647662750:,1747647680794
counter/8/0/0/0,17175:1747647663048:,1747647680794
counter/2/0/0/0,15935:1747647662537:,1747647680794
counter/6/0/0/0,15594:1747647662750:,1747647680794
counter/8/0/0/0,17176:1747647663048:,1747647680794
counter/2/0/0/0,15936:1747647662537:,1747647680794
counter/6/0/0/0,15595:1747647662750:,1747647680794
counter/8/0/0/0,17177:1747647663048:,1747647680794
counter/2/0/0/0,15937:1747647662537:,1747647680794
counter/6/0/0/0,15596:1747647662750:,1747647680794
counter/8/0/0/0,17178:1747647663048:,1747647680794
counter/2/0/0/0,15938:1747647662543:,1747647680794
counter/6/0/0/0,15597:1747647662751:,1747647680794
counter/8/0/0/0,17179:1747647663049:,1747647680794
counter/2/0/0/0,15939:1747647662543:,1747647680794
counter/6/0/0/0,15598:1747647662752:,1747647680794
counter/8/0/0/0,17180:1747647663049:,1747647680794
counter/2/0/0/0,15940:1747647662543:,1747647680794
counter/6/0/0/0,15599:1747647662752:,1747647680795
counter/8/0/0/0,17181:1747647663049:,1747647680795
counter/2/0/0/0,15941:1747647662543:,1747647680795
counter/6/0/0/0,15600:1747647662752:,1747647680795
counter/8/0/0/0,17182:1747647663049:,1747647680795
counter/2/0/0/0,15942:1747647662543:,1747647680795
counter/6/0/0/0,15601:1747647662752:,1747647680795
counter/8/0/0/0,17183:1747647663049:,1747647680795
counter/2/0/0/0,15943:1747647662543:,1747647680795
counter/6/0/0/0,15602:1747647662752:,1747647680795
counter/8/0/0/0,17184:1747647663049:,1747647680795
counter/2/0/0/0,15944:1747647662543:,1747647680795
counter/6/0/0/0,15603:1747647662752:,1747647680795
counter/8/0/0/0,17185:1747647663049:,1747647680795
counter/2/0/0/0,15945:1747647662543:,1747647680795
counter/6/0/0/0,15604:1747647662752:,1747647680795
counter/8/0/0/0,17186:1747647663049:,1747647680795
counter/2/0/0/0,15946:1747647662543:,1747647680795
counter/6/0/0/0,15605:1747647662752:,1747647680795
counter/8/0/0/0,17187:1747647663049:,1747647680795
counter/2/0/0/0,15947:1747647662543:,1747647680795
counter/6/0/0/0,15606:1747647662752:,1747647680795
counter/8/0/0/0,17188:1747647663049:,1747647680795
counter/2/0/0/0,15948:1747647662543:,1747647680795
counter/6/0/0/0,15607:1747647662752:,1747647680795
counter/8/0/0/0,17189:1747647663049:,1747647680795
counter/2/0/0/0,15949:1747647662543:,1747647680795
counter/6/0/0/0,15608:1747647662752:,1747647680795
counter/8/0/0/0,17190:1747647663055:,1747647680795
counter/2/0/0/0,15950:1747647662543:,1747647680795
counter/6/0/0/0,15609:1747647662752:,1747647680795
counter/8/0/0/0,17191:1747647663055:,1747647680795
counter/2/0/0/0,15951:1747647662546:,1747647680795
counter/6/0/0/0,15610:1747647662756:,1747647680795
counter/8/0/0/0,17192:1747647663055:,1747647680795
counter/2/0/0/0,15952:1747647662547:,1747647680795
counter/6/0/0/0,15611:1747647662762:,1747647680795
counter/8/0/0/0,17193:1747647663055:,1747647680795
counter/2/0/0/0,15953:1747647662547:,1747647680795
counter/6/0/0/0,15612:1747647662762:,1747647680795
counter/8/0/0/0,17194:1747647663055:,1747647680796
counter/2/0/0/0,15954:1747647662547:,1747647680796
counter/6/0/0/0,15613:1747647662762:,1747647680796
counter/8/0/0/0,17195:1747647663065:,1747647680796
counter/2/0/0/0,15955:1747647662547:,1747647680796
counter/6/0/0/0,15614:1747647662762:,1747647680796
counter/8/0/0/0,17196:1747647663065:,1747647680796
counter/2/0/0/0,15956:1747647662547:,1747647680796
counter/6/0/0/0,15615:1747647662762:,1747647680796
counter/8/0/0/0,17197:1747647663065:,1747647680796
counter/2/0/0/0,15957:1747647662547:,1747647680796
counter/6/0/0/0,15616:1747647662762:,1747647680796
counter/8/0/0/0,17198:1747647663065:,1747647680796
counter/2/0/0/0,15958:1747647662547:,1747647680796
counter/6/0/0/0,15617:1747647662762:,1747647680796
counter/8/0/0/0,17199:1747647663065:,1747647680796
counter/2/0/0/0,15959:1747647662547:,1747647680796
counter/6/0/0/0,15618:1747647662762:,1747647680796
counter/8/0/0/0,17200:1747647663065:,1747647680796
counter/2/0/0/0,15960:1747647662552:,1747647680796
counter/6/0/0/0,15619:1747647662762:,1747647680796
counter/8/0/0/0,17201:1747647663066:,1747647680796
counter/2/0/0/0,15961:1747647662553:,1747647680796
counter/6/0/0/0,15620:1747647662762:,1747647680796
counter/8/0/0/0,17202:1747647663066:,1747647680796
counter/2/0/0/0,15962:1747647662553:,1747647680796
counter/6/0/0/0,15621:1747647662762:,1747647680796
counter/10/0/0/0,15526:1747647662388:,1747647680796
counter/8/0/0/0,17203:1747647663066:,1747647680796
counter/2/0/0/0,15963:1747647662580:,1747647680796
counter/6/0/0/0,15622:1747647662762:,1747647680796
counter/8/0/0/0,17204:1747647663066:,1747647680796
counter/2/0/0/0,15964:1747647662580:,1747647680796
counter/6/0/0/0,15623:1747647662762:,1747647680796
counter/8/0/0/0,17205:1747647663066:,1747647680796
counter/2/0/0/0,15965:1747647662596:,1747647680796
counter/6/0/0/0,15624:1747647662762:,1747647680796
counter/8/0/0/0,17206:1747647663066:,1747647680796
counter/2/0/0/0,15966:1747647662596:,1747647680796
counter/6/0/0/0,15625:1747647662762:,1747647680796
counter/8/0/0/0,17207:1747647663066:,1747647680796
counter/2/0/0/0,15967:1747647662596:,1747647680796
counter/6/0/0/0,15626:1747647662762:,1747647680796
counter/8/0/0/0,17208:1747647663066:,1747647680796
counter/2/0/0/0,15968:1747647662596:,1747647680796
counter/6/0/0/0,15627:1747647662764:,1747647680797
counter/8/0/0/0,17209:1747647663066:,1747647680797
counter/2/0/0/0,15969:1747647662596:,1747647680797
counter/6/0/0/0,15628:1747647662764:,1747647680797
counter/8/0/0/0,17210:1747647663068:,1747647680797
counter/2/0/0/0,15970:1747647662596:,1747647680797
counter/6/0/0/0,15629:1747647662764:,1747647680797
counter/8/0/0/0,17211:1747647663068:,1747647680797
counter/2/0/0/0,15971:1747647662596:,1747647680797
counter/6/0/0/0,15630:1747647662764:,1747647680797
counter/8/0/0/0,17212:1747647663069:,1747647680797
counter/2/0/0/0,15972:1747647662596:,1747647680797
counter/6/0/0/0,15631:1747647662764:,1747647680797
counter/8/0/0/0,17213:1747647663069:,1747647680797
counter/2/0/0/0,15973:1747647662596:,1747647680797
counter/6/0/0/0,15632:1747647662764:,1747647680797
counter/8/0/0/0,17214:1747647663069:,1747647680797
counter/2/0/0/0,15974:1747647662596:,1747647680797
counter/6/0/0/0,15633:1747647662765:,1747647680797
counter/8/0/0/0,17215:1747647663069:,1747647680797
counter/2/0/0/0,15975:1747647662596:,1747647680797
counter/6/0/0/0,15634:1747647662765:,1747647680797
counter/8/0/0/0,17216:1747647663069:,1747647680797
counter/2/0/0/0,15976:1747647662597:,1747647680797
counter/6/0/0/0,15635:1747647662765:,1747647680797
counter/8/0/0/0,17217:1747647663069:,1747647680797
counter/2/0/0/0,15977:1747647662597:,1747647680797
counter/6/0/0/0,15636:1747647662765:,1747647680797
counter/8/0/0/0,17218:1747647663069:,1747647680797
counter/2/0/0/0,15978:1747647662597:,1747647680797
counter/6/0/0/0,15637:1747647662765:,1747647680797
counter/8/0/0/0,17219:1747647663069:,1747647680797
counter/2/0/0/0,15979:1747647662597:,1747647680797
counter/6/0/0/0,15638:1747647662765:,1747647680797
counter/8/0/0/0,17220:1747647663069:,1747647680797
counter/2/0/0/0,15980:1747647662597:,1747647680797
counter/6/0/0/0,15639:1747647662765:,1747647680797
counter/8/0/0/0,17221:1747647663069:,1747647680797
counter/2/0/0/0,15981:1747647662597:,1747647680797
counter/6/0/0/0,15640:1747647662765:,1747647680797
counter/8/0/0/0,17222:1747647663069:,1747647680798
counter/2/0/0/0,15982:1747647662597:,1747647680798
counter/6/0/0/0,15641:1747647662765:,1747647680798
counter/8/0/0/0,17223:1747647663069:,1747647680798
counter/2/0/0/0,15983:1747647662597:,1747647680798
counter/6/0/0/0,15642:1747647662769:,1747647680798
counter/8/0/0/0,17224:1747647663069:,1747647680798
counter/2/0/0/0,15984:1747647662597:,1747647680798
counter/6/0/0/0,15643:1747647662769:,1747647680798
counter/8/0/0/0,17225:1747647663069:,1747647680798
counter/2/0/0/0,15985:1747647662635:,1747647680798
counter/6/0/0/0,15644:1747647662769:,1747647680798
counter/8/0/0/0,17226:1747647663072:,1747647680798
counter/2/0/0/0,15986:1747647662635:,1747647680798
counter/6/0/0/0,15645:1747647662769:,1747647680798
counter/8/0/0/0,17227:1747647663072:,1747647680798
counter/2/0/0/0,15987:1747647662635:,1747647680798
counter/6/0/0/0,15646:1747647662769:,1747647680798
counter/8/0/0/0,17228:1747647663072:,1747647680798
counter/2/0/0/0,15988:1747647662636:,1747647680798
counter/6/0/0/0,15647:1747647662769:,1747647680798
counter/8/0/0/0,17229:1747647663072:,1747647680798
counter/2/0/0/0,15989:1747647662636:,1747647680798
counter/6/0/0/0,15648:1747647662769:,1747647680798
counter/8/0/0/0,17230:1747647663072:,1747647680798
counter/2/0/0/0,15990:1747647662636:,1747647680798
counter/6/0/0/0,15649:1747647662769:,1747647680798
counter/8/0/0/0,17231:1747647663072:,1747647680798
counter/2/0/0/0,15991:1747647662636:,1747647680798
counter/6/0/0/0,15650:1747647662769:,1747647680798
counter/8/0/0/0,17232:1747647663072:,1747647680798
counter/2/0/0/0,15992:1747647662636:,1747647680798
counter/6/0/0/0,15651:1747647662769:,1747647680798
counter/1/0/0/0,17260:1747647663643:,1747647680798
counter/8/0/0/0,17233:1747647663073:,1747647680798
counter/2/0/0/0,15993:1747647662636:,1747647680798
counter/6/0/0/0,15652:1747647662769:,1747647680798
counter/1/0/0/0,17261:1747647663643:,1747647680798
counter/8/0/0/0,17234:1747647663073:,1747647680798
counter/2/0/0/0,15994:1747647662636:,1747647680798
counter/6/0/0/0,15653:1747647662769:,1747647680798
counter/1/0/0/0,17262:1747647663654:,1747647680798
counter/3/0/0/0,17060:1747647663857:,1747647680798
counter/8/0/0/0,17235:1747647663073:,1747647680798
counter/2/0/0/0,15995:1747647662636:,1747647680799
counter/6/0/0/0,15654:1747647662769:,1747647680799
counter/1/0/0/0,17263:1747647663654:,1747647680799
counter/9/0/0/0,17023:1747647662779:,1747647680799
counter/4/0/0/0,16162:1747647663717:,1747647680799
counter/8/0/0/0,17236:1747647663073:,1747647680799
counter/2/0/0/0,15996:1747647662636:,1747647680799
counter/6/0/0/0,15655:1747647662769:,1747647680799
counter/9/0/0/0,17024:1747647662779:,1747647680799
counter/5/0/0/0,16380:1747647662921:,1747647680799
counter/7/0/0/0,15573:1747647662408:,1747647680799
counter/8/0/0/0,17237:1747647663073:,1747647680799
counter/2/0/0/0,15997:1747647662636:,1747647680799
counter/6/0/0/0,15656:1747647662769:,1747647680799
counter/8/0/0/0,17238:1747647663073:,1747647680799
counter/2/0/0/0,15998:1747647662636:,1747647680799
counter/6/0/0/0,15657:1747647662769:,1747647680799
counter/8/0/0/0,17239:1747647663073:,1747647680799
counter/2/0/0/0,15999:1747647662636:,1747647680799
counter/6/0/0/0,15658:1747647662769:,1747647680799
counter/8/0/0/0,17240:1747647663073:,1747647680799
counter/2/0/0/0,16000:1747647662636:,1747647680799
counter/6/0/0/0,15659:1747647662769:,1747647680799
counter/8/0/0/0,17241:1747647663073:,1747647680799
counter/2/0/0/0,16001:1747647662636:,1747647680799
counter/6/0/0/0,15660:1747647662781:,1747647680799
counter/8/0/0/0,17242:1747647663083:,1747647680799
counter/2/0/0/0,16002:1747647662636:,1747647680799
counter/6/0/0/0,15661:1747647662782:,1747647680799
counter/8/0/0/0,17243:1747647663083:,1747647680799
counter/2/0/0/0,16003:1747647662637:,1747647680799
counter/6/0/0/0,15662:1747647662782:,1747647680799
counter/8/0/0/0,17244:1747647663083:,1747647680799
counter/2/0/0/0,16004:1747647662655:,1747647680799
counter/6/0/0/0,15663:1747647662782:,1747647680799
counter/2/0/0/0,16005:1747647662655:,1747647680799
counter/6/0/0/0,15664:1747647662782:,1747647680799
counter/2/0/0/0,16006:1747647662655:,1747647680799
counter/6/0/0/0,15665:1747647662782:,1747647680799
counter/2/0/0/0,16007:1747647662655:,1747647680799
counter/6/0/0/0,15666:1747647662782:,1747647680799
counter/2/0/0/0,16008:1747647662655:,1747647680799
counter/6/0/0/0,15667:1747647662782:,1747647680799
counter/2/0/0/0,16009:1747647662655:,1747647680800
counter/6/0/0/0,15668:1747647662782:,1747647680800
counter/2/0/0/0,16010:1747647662655:,1747647680800
counter/6/0/0/0,15669:1747647662785:,1747647680800
counter/1/0/0/0,17264:1747647663654:,1747647680800
counter/2/0/0/0,16011:1747647662655:,1747647680800
counter/6/0/0/0,15670:1747647662785:,1747647680800
counter/10/0/0/0,15527:1747647662389:,1747647680800
counter/3/0/0/0,17061:1747647663857:,1747647680800
counter/2/0/0/0,16012:1747647662655:,1747647680800
counter/6/0/0/0,15671:1747647662785:,1747647680800
counter/10/0/0/0,15528:1747647662389:,1747647680800
counter/2/0/0/0,16013:1747647662655:,1747647680800
counter/6/0/0/0,15672:1747647662786:,1747647680800
counter/10/0/0/0,15529:1747647662389:,1747647680800
counter/2/0/0/0,16014:1747647662655:,1747647680800
counter/6/0/0/0,15673:1747647662786:,1747647680800
counter/2/0/0/0,16015:1747647662655:,1747647680800
counter/6/0/0/0,15674:1747647662786:,1747647680800
counter/10/0/0/0,15530:1747647662389:,1747647680800
counter/3/0/0/0,17062:1747647663857:,1747647680800
counter/2/0/0/0,16016:1747647662655:,1747647680800
counter/6/0/0/0,15675:1747647662786:,1747647680800
counter/10/0/0/0,15531:1747647662389:,1747647680800
counter/5/0/0/0,16381:1747647662921:,1747647680800
counter/7/0/0/0,15574:1747647662408:,1747647680800
counter/2/0/0/0,16017:1747647662655:,1747647680800
counter/6/0/0/0,15676:1747647662803:,1747647680800
counter/10/0/0/0,15532:1747647662389:,1747647680800
counter/2/0/0/0,16018:1747647662660:,1747647680800
counter/6/0/0/0,15677:1747647662804:,1747647680800
counter/10/0/0/0,15533:1747647662389:,1747647680800
counter/2/0/0/0,16019:1747647662661:,1747647680800
counter/6/0/0/0,15678:1747647662804:,1747647680800
counter/10/0/0/0,15534:1747647662389:,1747647680800
counter/2/0/0/0,16020:1747647662661:,1747647680800
counter/6/0/0/0,15679:1747647662804:,1747647680800
counter/10/0/0/0,15535:1747647662389:,1747647680800
counter/2/0/0/0,16021:1747647662661:,1747647680800
counter/6/0/0/0,15680:1747647662804:,1747647680800
counter/10/0/0/0,15536:1747647662389:,1747647680801
counter/2/0/0/0,16022:1747647662661:,1747647680801
counter/6/0/0/0,15681:1747647662804:,1747647680801
counter/10/0/0/0,15537:1747647662389:,1747647680801
counter/2/0/0/0,16023:1747647662673:,1747647680801
counter/6/0/0/0,15682:1747647662804:,1747647680801
counter/2/0/0/0,16024:1747647662673:,1747647680801
counter/6/0/0/0,15683:1747647662804:,1747647680801
counter/2/0/0/0,16025:1747647662673:,1747647680801
counter/6/0/0/0,15684:1747647662804:,1747647680801
counter/2/0/0/0,16026:1747647662673:,1747647680801
counter/6/0/0/0,15685:1747647662804:,1747647680801
counter/2/0/0/0,16027:1747647662673:,1747647680801
counter/6/0/0/0,15686:1747647662804:,1747647680801
counter/5/0/0/0,16382:1747647662921:,1747647680801
counter/2/0/0/0,16028:1747647662673:,1747647680801
counter/6/0/0/0,15687:1747647662804:,1747647680801
counter/7/0/0/0,15575:1747647662408:,1747647680801
counter/8/0/0/0,17245:1747647663083:,1747647680801
counter/2/0/0/0,16029:1747647662673:,1747647680801
counter/6/0/0/0,15688:1747647662804:,1747647680801
counter/1/0/0/0,17265:1747647663654:,1747647680801
counter/2/0/0/0,16030:1747647662676:,1747647680801
counter/6/0/0/0,15689:1747647662804:,1747647680801
counter/2/0/0/0,16031:1747647662676:,1747647680801
counter/6/0/0/0,15690:1747647662804:,1747647680801
counter/2/0/0/0,16032:1747647662676:,1747647680801
counter/6/0/0/0,15691:1747647662804:,1747647680801
counter/2/0/0/0,16033:1747647662676:,1747647680801
counter/6/0/0/0,15692:1747647662804:,1747647680801
counter/2/0/0/0,16034:1747647662676:,1747647680801
counter/6/0/0/0,15693:1747647662804:,1747647680801
counter/2/0/0/0,16035:1747647662676:,1747647680801
counter/6/0/0/0,15694:1747647662804:,1747647680801
counter/2/0/0/0,16036:1747647662676:,1747647680801
counter/6/0/0/0,15695:1747647662805:,1747647680801
counter/2/0/0/0,16037:1747647662676:,1747647680801
counter/6/0/0/0,15696:1747647662805:,1747647680801
counter/2/0/0/0,16038:1747647662676:,1747647680801
counter/6/0/0/0,15697:1747647662805:,1747647680801
counter/2/0/0/0,16039:1747647662676:,1747647680801
counter/6/0/0/0,15698:1747647662805:,1747647680801
counter/2/0/0/0,16040:1747647662676:,1747647680801
counter/6/0/0/0,15699:1747647662805:,1747647680802
counter/2/0/0/0,16041:1747647662676:,1747647680802
counter/6/0/0/0,15700:1747647662805:,1747647680802
counter/2/0/0/0,16042:1747647662682:,1747647680802
counter/6/0/0/0,15701:1747647662805:,1747647680802
counter/2/0/0/0,16043:1747647662692:,1747647680802
counter/6/0/0/0,15702:1747647662805:,1747647680802
counter/2/0/0/0,16044:1747647662692:,1747647680802
counter/6/0/0/0,15703:1747647662805:,1747647680802
counter/2/0/0/0,16045:1747647662692:,1747647680802
counter/6/0/0/0,15704:1747647662805:,1747647680802
counter/2/0/0/0,16046:1747647662692:,1747647680802
counter/6/0/0/0,15705:1747647662805:,1747647680802
counter/2/0/0/0,16047:1747647662692:,1747647680802
counter/6/0/0/0,15706:1747647662805:,1747647680802
counter/2/0/0/0,16048:1747647662692:,1747647680802
counter/6/0/0/0,15707:1747647662805:,1747647680802
counter/2/0/0/0,16049:1747647662692:,1747647680802
counter/6/0/0/0,15708:1747647662806:,1747647680802
counter/2/0/0/0,16050:1747647662692:,1747647680802
counter/6/0/0/0,15709:1747647662806:,1747647680802
counter/2/0/0/0,16051:1747647662692:,1747647680802
counter/6/0/0/0,15710:1747647662806:,1747647680802
counter/2/0/0/0,16052:1747647662692:,1747647680802
counter/6/0/0/0,15711:1747647662806:,1747647680802
counter/2/0/0/0,16053:1747647662696:,1747647680802
counter/6/0/0/0,15712:1747647662806:,1747647680802
counter/2/0/0/0,16054:1747647662696:,1747647680802
counter/6/0/0/0,15713:1747647662810:,1747647680802
counter/2/0/0/0,16055:1747647662696:,1747647680802
counter/6/0/0/0,15714:1747647662810:,1747647680802
counter/2/0/0/0,16056:1747647662701:,1747647680802
counter/6/0/0/0,15715:1747647662810:,1747647680802
counter/2/0/0/0,16057:1747647662701:,1747647680802
counter/6/0/0/0,15716:1747647662810:,1747647680802
counter/2/0/0/0,16058:1747647662701:,1747647680802
counter/6/0/0/0,15717:1747647662810:,1747647680802
counter/2/0/0/0,16059:1747647662701:,1747647680802
counter/6/0/0/0,15718:1747647662810:,1747647680802
counter/2/0/0/0,16060:1747647662701:,1747647680802
counter/6/0/0/0,15719:1747647662810:,1747647680802
counter/2/0/0/0,16061:1747647662702:,1747647680802
counter/6/0/0/0,15720:1747647662810:,1747647680803
counter/2/0/0/0,16062:1747647662702:,1747647680803
counter/6/0/0/0,15721:1747647662810:,1747647680803
counter/2/0/0/0,16063:1747647662723:,1747647680803
counter/6/0/0/0,15722:1747647662810:,1747647680803
counter/2/0/0/0,16064:1747647662725:,1747647680803
counter/6/0/0/0,15723:1747647662810:,1747647680803
counter/2/0/0/0,16065:1747647662731:,1747647680803
counter/6/0/0/0,15724:1747647662810:,1747647680803
counter/2/0/0/0,16066:1747647662731:,1747647680803
counter/6/0/0/0,15725:1747647662811:,1747647680803
counter/2/0/0/0,16067:1747647662731:,1747647680803
counter/6/0/0/0,15726:1747647662811:,1747647680803
counter/2/0/0/0,16068:1747647662731:,1747647680803
counter/6/0/0/0,15727:1747647662822:,1747647680803
counter/2/0/0/0,16069:1747647662731:,1747647680803
counter/6/0/0/0,15728:1747647662822:,1747647680803
counter/2/0/0/0,16070:1747647662731:,1747647680803
counter/6/0/0/0,15729:1747647662822:,1747647680803
counter/2/0/0/0,16071:1747647662731:,1747647680803
counter/6/0/0/0,15730:1747647662822:,1747647680803
counter/2/0/0/0,16072:1747647662731:,1747647680803
counter/6/0/0/0,15731:1747647662822:,1747647680803
counter/2/0/0/0,16073:1747647662731:,1747647680803
counter/6/0/0/0,15732:1747647662822:,1747647680803
counter/2/0/0/0,16074:1747647662736:,1747647680803
counter/6/0/0/0,15733:1747647662822:,1747647680803
counter/2/0/0/0,16075:1747647662736:,1747647680803
counter/6/0/0/0,15734:1747647662822:,1747647680803
counter/4/0/0/0,16163:1747647663741:,1747647680803
counter/2/0/0/0,16076:1747647662745:,1747647680803
counter/6/0/0/0,15735:1747647662822:,1747647680803
counter/2/0/0/0,16077:1747647662745:,1747647680803
counter/6/0/0/0,15736:1747647662822:,1747647680803
counter/2/0/0/0,16078:1747647662745:,1747647680803
counter/6/0/0/0,15737:1747647662822:,1747647680803
counter/2/0/0/0,16079:1747647662745:,1747647680803
counter/6/0/0/0,15738:1747647662824:,1747647680803
counter/2/0/0/0,16080:1747647662745:,1747647680803
counter/6/0/0/0,15739:1747647662824:,1747647680803
counter/2/0/0/0,16081:1747647662749:,1747647680803
counter/6/0/0/0,15740:1747647662834:,1747647680803
counter/2/0/0/0,16082:1747647662750:,1747647680803
counter/6/0/0/0,15741:1747647662834:,1747647680804
counter/2/0/0/0,16083:1747647662750:,1747647680804
counter/6/0/0/0,15742:1747647662834:,1747647680804
counter/2/0/0/0,16084:1747647662750:,1747647680804
counter/6/0/0/0,15743:1747647662834:,1747647680804
counter/2/0/0/0,16085:1747647662750:,1747647680804
counter/6/0/0/0,15744:1747647662834:,1747647680804
counter/2/0/0/0,16086:1747647662750:,1747647680804
counter/6/0/0/0,15745:1747647662834:,1747647680804
counter/2/0/0/0,16087:1747647662750:,1747647680804
counter/6/0/0/0,15746:1747647662834:,1747647680804
counter/2/0/0/0,16088:1747647662750:,1747647680804
counter/6/0/0/0,15747:1747647662834:,1747647680804
counter/2/0/0/0,16089:1747647662750:,1747647680804
counter/6/0/0/0,15748:1747647662834:,1747647680804
counter/2/0/0/0,16090:1747647662750:,1747647680804
counter/6/0/0/0,15749:1747647662844:,1747647680804
counter/2/0/0/0,16091:1747647662750:,1747647680804
counter/6/0/0/0,15750:1747647662845:,1747647680804
counter/1/0/0/0,17266:1747647663654:,1747647680804
counter/2/0/0/0,16092:1747647662751:,1747647680804
counter/6/0/0/0,15751:1747647662845:,1747647680804
counter/2/0/0/0,16093:1747647662751:,1747647680804
counter/6/0/0/0,15752:1747647662845:,1747647680804
counter/2/0/0/0,16094:1747647662751:,1747647680804
counter/6/0/0/0,15753:1747647662845:,1747647680804
counter/2/0/0/0,16095:1747647662751:,1747647680804
counter/6/0/0/0,15754:1747647662845:,1747647680804
counter/2/0/0/0,16096:1747647662751:,1747647680804
counter/6/0/0/0,15755:1747647662845:,1747647680804
counter/2/0/0/0,16097:1747647662751:,1747647680804
counter/6/0/0/0,15756:1747647662845:,1747647680804
counter/2/0/0/0,16098:1747647662751:,1747647680804
counter/6/0/0/0,15757:1747647662845:,1747647680804
counter/2/0/0/0,16099:1747647662751:,1747647680804
counter/6/0/0/0,15758:1747647662845:,1747647680804
counter/2/0/0/0,16100:1747647662751:,1747647680804
counter/6/0/0/0,15759:1747647662845:,1747647680804
counter/2/0/0/0,16101:1747647662753:,1747647680804
counter/6/0/0/0,15760:1747647662845:,1747647680805
counter/2/0/0/0,16102:1747647662754:,1747647680805
counter/6/0/0/0,15761:1747647662846:,1747647680805
counter/2/0/0/0,16103:1747647662754:,1747647680805
counter/6/0/0/0,15762:1747647662846:,1747647680805
counter/2/0/0/0,16104:1747647662754:,1747647680805
counter/6/0/0/0,15763:1747647662855:,1747647680805
counter/2/0/0/0,16105:1747647662754:,1747647680805
counter/6/0/0/0,15764:1747647662855:,1747647680805
counter/2/0/0/0,16106:1747647662754:,1747647680805
counter/6/0/0/0,15765:1747647662855:,1747647680805
counter/2/0/0/0,16107:1747647662754:,1747647680805
counter/6/0/0/0,15766:1747647662855:,1747647680805
counter/2/0/0/0,16108:1747647662754:,1747647680805
counter/6/0/0/0,15767:1747647662855:,1747647680805
counter/2/0/0/0,16109:1747647662754:,1747647680805
counter/6/0/0/0,15768:1747647662855:,1747647680805
counter/2/0/0/0,16110:1747647662754:,1747647680805
counter/6/0/0/0,15769:1747647662855:,1747647680805
counter/2/0/0/0,16111:1747647662754:,1747647680805
counter/6/0/0/0,15770:1747647662855:,1747647680805
counter/2/0/0/0,16112:1747647662754:,1747647680805
counter/6/0/0/0,15771:1747647662855:,1747647680805
counter/2/0/0/0,16113:1747647662754:,1747647680805
counter/6/0/0/0,15772:1747647662855:,1747647680805
counter/2/0/0/0,16114:1747647662754:,1747647680805
counter/6/0/0/0,15773:1747647662855:,1747647680805
counter/2/0/0/0,16115:1747647662757:,1747647680805
counter/6/0/0/0,15774:1747647662855:,1747647680805
counter/2/0/0/0,16116:1747647662757:,1747647680805
counter/6/0/0/0,15775:1747647662855:,1747647680805
counter/2/0/0/0,16117:1747647662757:,1747647680805
counter/6/0/0/0,15776:1747647662855:,1747647680805
counter/2/0/0/0,16118:1747647662757:,1747647680805
counter/6/0/0/0,15777:1747647662855:,1747647680805
counter/2/0/0/0,16119:1747647662757:,1747647680805
counter/6/0/0/0,15778:1747647662855:,1747647680805
counter/2/0/0/0,16120:1747647662757:,1747647680805
counter/6/0/0/0,15779:1747647662855:,1747647680805
counter/2/0/0/0,16121:1747647662757:,1747647680805
counter/6/0/0/0,15780:1747647662857:,1747647680806
counter/2/0/0/0,16122:1747647662757:,1747647680806
counter/6/0/0/0,15781:1747647662857:,1747647680806
counter/2/0/0/0,16123:1747647662757:,1747647680806
counter/6/0/0/0,15782:1747647662857:,1747647680806
counter/2/0/0/0,16124:1747647662757:,1747647680806
counter/6/0/0/0,15783:1747647662857:,1747647680806
counter/2/0/0/0,16125:1747647662757:,1747647680806
counter/6/0/0/0,15784:1747647662857:,1747647680806
counter/2/0/0/0,16126:1747647662757:,1747647680806
counter/6/0/0/0,15785:1747647662857:,1747647680806
counter/2/0/0/0,16127:1747647662757:,1747647680806
counter/6/0/0/0,15786:1747647662857:,1747647680806
counter/2/0/0/0,16128:1747647662757:,1747647680806
counter/6/0/0/0,15787:1747647662857:,1747647680806
counter/2/0/0/0,16129:1747647662757:,1747647680806
counter/6/0/0/0,15788:1747647662859:,1747647680806
counter/10/0/0/0,15538:1747647662389:,1747647680806
counter/2/0/0/0,16130:1747647662761:,1747647680806
counter/6/0/0/0,15789:1747647662859:,1747647680806
counter/8/0/0/0,17246:1747647663084:,1747647680806
counter/2/0/0/0,16131:1747647662761:,1747647680806
counter/6/0/0/0,15790:1747647662860:,1747647680806
counter/2/0/0/0,16132:1747647662761:,1747647680806
counter/6/0/0/0,15791:1747647662860:,1747647680806
counter/2/0/0/0,16133:1747647662761:,1747647680806
counter/6/0/0/0,15792:1747647662860:,1747647680806
counter/2/0/0/0,16134:1747647662761:,1747647680806
counter/6/0/0/0,15793:1747647662860:,1747647680806
counter/2/0/0/0,16135:1747647662761:,1747647680806
counter/6/0/0/0,15794:1747647662860:,1747647680806
counter/2/0/0/0,16136:1747647662761:,1747647680806
counter/6/0/0/0,15795:1747647662860:,1747647680806
counter/2/0/0/0,16137:1747647662761:,1747647680806
counter/6/0/0/0,15796:1747647662860:,1747647680806
counter/2/0/0/0,16138:1747647662761:,1747647680806
counter/6/0/0/0,15797:1747647662860:,1747647680806
counter/2/0/0/0,16139:1747647662761:,1747647680806
counter/6/0/0/0,15798:1747647662865:,1747647680806
counter/2/0/0/0,16140:1747647662761:,1747647680806
counter/6/0/0/0,15799:1747647662865:,1747647680806
counter/2/0/0/0,16141:1747647662761:,1747647680806
counter/6/0/0/0,15800:1747647662865:,1747647680806
counter/2/0/0/0,16142:1747647662765:,1747647680806
counter/6/0/0/0,15801:1747647662865:,1747647680807
counter/2/0/0/0,16143:1747647662776:,1747647680807
counter/6/0/0/0,15802:1747647662865:,1747647680807
counter/2/0/0/0,16144:1747647662776:,1747647680807
counter/6/0/0/0,15803:1747647662865:,1747647680807
counter/2/0/0/0,16145:1747647662776:,1747647680807
counter/6/0/0/0,15804:1747647662866:,1747647680807
counter/2/0/0/0,16146:1747647662776:,1747647680807
counter/6/0/0/0,15805:1747647662866:,1747647680807
counter/2/0/0/0,16147:1747647662776:,1747647680807
counter/6/0/0/0,15806:1747647662866:,1747647680807
counter/2/0/0/0,16148:1747647662776:,1747647680807
counter/6/0/0/0,15807:1747647662866:,1747647680807
counter/2/0/0/0,16149:1747647662784:,1747647680807
counter/6/0/0/0,15808:1747647662866:,1747647680807
counter/10/0/0/0,15539:1747647662389:,1747647680807
counter/2/0/0/0,16150:1747647662787:,1747647680807
counter/6/0/0/0,15809:1747647662866:,1747647680807
counter/3/0/0/0,17063:1747647663857:,1747647680807
counter/4/0/0/0,16164:1747647663741:,1747647680807
counter/2/0/0/0,16151:1747647662787:,1747647680807
counter/6/0/0/0,15810:1747647662866:,1747647680807
counter/4/0/0/0,16165:1747647663741:,1747647680807
counter/2/0/0/0,16152:1747647662787:,1747647680807
counter/6/0/0/0,15811:1747647662866:,1747647680807
counter/4/0/0/0,16166:1747647663741:,1747647680807
counter/2/0/0/0,16153:1747647662787:,1747647680807
counter/6/0/0/0,15812:1747647662866:,1747647680807
counter/4/0/0/0,16167:1747647663744:,1747647680807
counter/9/0/0/0,17025:1747647662779:,1747647680807
counter/3/0/0/0,17064:1747647663857:,1747647680807
counter/2/0/0/0,16154:1747647662787:,1747647680807
counter/6/0/0/0,15813:1747647662866:,1747647680807
counter/4/0/0/0,16168:1747647663744:,1747647680807
counter/2/0/0/0,16155:1747647662787:,1747647680807
counter/6/0/0/0,15814:1747647662866:,1747647680807
counter/4/0/0/0,16169:1747647663750:,1747647680807
counter/2/0/0/0,16156:1747647662787:,1747647680807
counter/6/0/0/0,15815:1747647662866:,1747647680808
counter/4/0/0/0,16170:1747647663750:,1747647680808
counter/2/0/0/0,16157:1747647662787:,1747647680808
counter/6/0/0/0,15816:1747647662866:,1747647680808
counter/4/0/0/0,16171:1747647663750:,1747647680808
counter/2/0/0/0,16158:1747647662787:,1747647680808
counter/6/0/0/0,15817:1747647662866:,1747647680808
counter/2/0/0/0,16159:1747647662787:,1747647680808
counter/6/0/0/0,15818:1747647662866:,1747647680808
counter/2/0/0/0,16160:1747647662787:,1747647680808
counter/6/0/0/0,15819:1747647662869:,1747647680808
counter/2/0/0/0,16161:1747647662787:,1747647680808
counter/6/0/0/0,15820:1747647662870:,1747647680808
counter/2/0/0/0,16162:1747647662787:,1747647680808
counter/6/0/0/0,15821:1747647662870:,1747647680808
counter/2/0/0/0,16163:1747647662787:,1747647680808
counter/6/0/0/0,15822:1747647662870:,1747647680808
counter/2/0/0/0,16164:1747647662802:,1747647680808
counter/6/0/0/0,15823:1747647662875:,1747647680808
counter/1/0/0/0,17267:1747647663654:,1747647680808
counter/2/0/0/0,16165:1747647662802:,1747647680808
counter/6/0/0/0,15824:1747647662880:,1747647680808
counter/3/0/0/0,17065:1747647663857:,1747647680808
counter/8/0/0/0,17247:1747647663085:,1747647680808
counter/2/0/0/0,16166:1747647662802:,1747647680808
counter/6/0/0/0,15825:1747647662880:,1747647680808
counter/2/0/0/0,16167:1747647662802:,1747647680808
counter/6/0/0/0,15826:1747647662880:,1747647680808
counter/2/0/0/0,16168:1747647662802:,1747647680808
counter/6/0/0/0,15827:1747647662880:,1747647680808
counter/2/0/0/0,16169:1747647662802:,1747647680808
counter/6/0/0/0,15828:1747647662880:,1747647680808
counter/2/0/0/0,16170:1747647662802:,1747647680808
counter/6/0/0/0,15829:1747647662880:,1747647680808
counter/10/0/0/0,15540:1747647662389:,1747647680808
counter/2/0/0/0,16171:1747647662802:,1747647680808
counter/6/0/0/0,15830:1747647662880:,1747647680808
counter/3/0/0/0,17066:1747647663858:,1747647680808
counter/8/0/0/0,17248:1747647663085:,1747647680808
counter/2/0/0/0,16172:1747647662803:,1747647680808
counter/6/0/0/0,15831:1747647662880:,1747647680808
counter/4/0/0/0,16172:1747647663750:,1747647680808
counter/2/0/0/0,16173:1747647662803:,1747647680808
counter/6/0/0/0,15832:1747647662880:,1747647680808
counter/2/0/0/0,16174:1747647662803:,1747647680809
counter/6/0/0/0,15833:1747647662883:,1747647680809
counter/2/0/0/0,16175:1747647662803:,1747647680809
counter/6/0/0/0,15834:1747647662894:,1747647680809
counter/2/0/0/0,16176:1747647662803:,1747647680809
counter/6/0/0/0,15835:1747647662894:,1747647680809
counter/2/0/0/0,16177:1747647662803:,1747647680809
counter/6/0/0/0,15836:1747647662894:,1747647680809
counter/2/0/0/0,16178:1747647662803:,1747647680809
counter/6/0/0/0,15837:1747647662894:,1747647680809
counter/2/0/0/0,16179:1747647662803:,1747647680809
counter/6/0/0/0,15838:1747647662894:,1747647680809
counter/2/0/0/0,16180:1747647662803:,1747647680809
counter/6/0/0/0,15839:1747647662894:,1747647680809
counter/2/0/0/0,16181:1747647662803:,1747647680809
counter/6/0/0/0,15840:1747647662894:,1747647680809
counter/2/0/0/0,16182:1747647662815:,1747647680809
counter/6/0/0/0,15841:1747647662894:,1747647680809
counter/2/0/0/0,16183:1747647662815:,1747647680809
counter/6/0/0/0,15842:1747647662894:,1747647680809
counter/2/0/0/0,16184:1747647662815:,1747647680809
counter/6/0/0/0,15843:1747647662894:,1747647680809
counter/2/0/0/0,16185:1747647662815:,1747647680809
counter/6/0/0/0,15844:1747647662894:,1747647680809
counter/2/0/0/0,16186:1747647662815:,1747647680809
counter/6/0/0/0,15845:1747647662894:,1747647680809
counter/2/0/0/0,16187:1747647662815:,1747647680809
counter/6/0/0/0,15846:1747647662894:,1747647680809
counter/2/0/0/0,16188:1747647662815:,1747647680809
counter/6/0/0/0,15847:1747647662911:,1747647680809
counter/2/0/0/0,16189:1747647662816:,1747647680809
counter/6/0/0/0,15848:1747647662911:,1747647680809
counter/2/0/0/0,16190:1747647662816:,1747647680809
counter/6/0/0/0,15849:1747647662911:,1747647680809
counter/2/0/0/0,16191:1747647662816:,1747647680809
counter/6/0/0/0,15850:1747647662925:,1747647680809
counter/2/0/0/0,16192:1747647662816:,1747647680809
counter/6/0/0/0,15851:1747647662925:,1747647680809
counter/2/0/0/0,16193:1747647662816:,1747647680809
counter/6/0/0/0,15852:1747647662925:,1747647680809
counter/2/0/0/0,16194:1747647662816:,1747647680810
counter/6/0/0/0,15853:1747647662925:,1747647680810
counter/2/0/0/0,16195:1747647662816:,1747647680810
counter/6/0/0/0,15854:1747647662925:,1747647680810
counter/2/0/0/0,16196:1747647662816:,1747647680810
counter/6/0/0/0,15855:1747647662925:,1747647680810
counter/2/0/0/0,16197:1747647662816:,1747647680810
counter/6/0/0/0,15856:1747647662925:,1747647680810
counter/2/0/0/0,16198:1747647662816:,1747647680810
counter/6/0/0/0,15857:1747647662925:,1747647680810
counter/2/0/0/0,16199:1747647662816:,1747647680810
counter/6/0/0/0,15858:1747647662925:,1747647680810
counter/2/0/0/0,16200:1747647662816:,1747647680810
counter/6/0/0/0,15859:1747647662925:,1747647680810
counter/2/0/0/0,16201:1747647662816:,1747647680810
counter/6/0/0/0,15860:1747647662926:,1747647680810
counter/2/0/0/0,16202:1747647662816:,1747647680810
counter/6/0/0/0,15861:1747647662926:,1747647680810
counter/2/0/0/0,16203:1747647662817:,1747647680810
counter/6/0/0/0,15862:1747647662926:,1747647680810
counter/2/0/0/0,16204:1747647662817:,1747647680810
counter/6/0/0/0,15863:1747647662926:,1747647680810
counter/2/0/0/0,16205:1747647662822:,1747647680810
counter/6/0/0/0,15864:1747647662926:,1747647680810
counter/2/0/0/0,16206:1747647662822:,1747647680810
counter/6/0/0/0,15865:1747647662927:,1747647680810
counter/2/0/0/0,16207:1747647662822:,1747647680810
counter/6/0/0/0,15866:1747647662927:,1747647680810
counter/2/0/0/0,16208:1747647662822:,1747647680810
counter/6/0/0/0,15867:1747647662928:,1747647680810
counter/2/0/0/0,16209:1747647662822:,1747647680810
counter/6/0/0/0,15868:1747647662928:,1747647680810
counter/2/0/0/0,16210:1747647662823:,1747647680810
counter/6/0/0/0,15869:1747647662928:,1747647680810
counter/2/0/0/0,16211:1747647662823:,1747647680810
counter/6/0/0/0,15870:1747647662928:,1747647680810
counter/2/0/0/0,16212:1747647662824:,1747647680810
counter/6/0/0/0,15871:1747647662928:,1747647680810
counter/2/0/0/0,16213:1747647662830:,1747647680810
counter/6/0/0/0,15872:1747647662928:,1747647680810
counter/2/0/0/0,16214:1747647662831:,1747647680810
counter/6/0/0/0,15873:1747647662928:,1747647680810
counter/2/0/0/0,16215:1747647662831:,1747647680810
counter/6/0/0/0,15874:1747647662928:,1747647680810
counter/2/0/0/0,16216:1747647662831:,1747647680811
counter/6/0/0/0,15875:1747647662928:,1747647680811
counter/2/0/0/0,16217:1747647662831:,1747647680811
counter/6/0/0/0,15876:1747647662928:,1747647680811
counter/2/0/0/0,16218:1747647662831:,1747647680811
counter/6/0/0/0,15877:1747647662928:,1747647680811
counter/2/0/0/0,16219:1747647662831:,1747647680811
counter/6/0/0/0,15878:1747647662928:,1747647680811
counter/2/0/0/0,16220:1747647662847:,1747647680811
counter/6/0/0/0,15879:1747647662928:,1747647680811
counter/2/0/0/0,16221:1747647662850:,1747647680811
counter/6/0/0/0,15880:1747647662928:,1747647680811
counter/2/0/0/0,16222:1747647662850:,1747647680811
counter/6/0/0/0,15881:1747647662928:,1747647680811
counter/2/0/0/0,16223:1747647662850:,1747647680811
counter/6/0/0/0,15882:1747647662928:,1747647680811
counter/1/0/0/0,17268:1747647663654:,1747647680811
counter/2/0/0/0,16224:1747647662850:,1747647680811
counter/6/0/0/0,15883:1747647662928:,1747647680811
counter/7/0/0/0,15576:1747647662409:,1747647680811
counter/8/0/0/0,17249:1747647663085:,1747647680811
counter/2/0/0/0,16225:1747647662850:,1747647680811
counter/6/0/0/0,15884:1747647662928:,1747647680811
counter/3/0/0/0,17067:1747647663858:,1747647680811
counter/5/0/0/0,16383:1747647662921:,1747647680811
counter/10/0/0/0,15541:1747647662389:,1747647680811
counter/2/0/0/0,16226:1747647662850:,1747647680811
counter/6/0/0/0,15885:1747647662928:,1747647680811
counter/4/0/0/0,16173:1747647663750:,1747647680811
counter/10/0/0/0,15542:1747647662389:,1747647680811
counter/2/0/0/0,16227:1747647662854:,1747647680811
counter/6/0/0/0,15886:1747647662928:,1747647680811
counter/2/0/0/0,16228:1747647662854:,1747647680811
counter/6/0/0/0,15887:1747647662930:,1747647680811
counter/2/0/0/0,16229:1747647662854:,1747647680811
counter/6/0/0/0,15888:1747647662930:,1747647680811
counter/4/0/0/0,16174:1747647663750:,1747647680811
counter/2/0/0/0,16230:1747647662854:,1747647680811
counter/6/0/0/0,15889:1747647662930:,1747647680811
counter/4/0/0/0,16175:1747647663752:,1747647680811
counter/2/0/0/0,16231:1747647662866:,1747647680811
counter/6/0/0/0,15890:1747647662930:,1747647680812
counter/4/0/0/0,16176:1747647663752:,1747647680812
counter/2/0/0/0,16232:1747647662866:,1747647680812
counter/6/0/0/0,15891:1747647662930:,1747647680812
counter/4/0/0/0,16177:1747647663752:,1747647680812
counter/2/0/0/0,16233:1747647662866:,1747647680812
counter/6/0/0/0,15892:1747647662930:,1747647680812
counter/4/0/0/0,16178:1747647663752:,1747647680812
counter/2/0/0/0,16234:1747647662866:,1747647680812
counter/6/0/0/0,15893:1747647662930:,1747647680812
counter/4/0/0/0,16179:1747647663752:,1747647680812
counter/2/0/0/0,16235:1747647662866:,1747647680812
counter/6/0/0/0,15894:1747647662930:,1747647680812
counter/4/0/0/0,16180:1747647663752:,1747647680812
counter/2/0/0/0,16236:1747647662867:,1747647680812
counter/6/0/0/0,15895:1747647662930:,1747647680812
counter/4/0/0/0,16181:1747647663759:,1747647680812
counter/2/0/0/0,16237:1747647662867:,1747647680812
counter/6/0/0/0,15896:1747647662930:,1747647680812
counter/4/0/0/0,16182:1747647663759:,1747647680812
counter/2/0/0/0,16238:1747647662867:,1747647680812
counter/6/0/0/0,15897:1747647662930:,1747647680812
counter/4/0/0/0,16183:1747647663759:,1747647680812
counter/2/0/0/0,16239:1747647662867:,1747647680812
counter/6/0/0/0,15898:1747647662930:,1747647680812
counter/4/0/0/0,16184:1747647663759:,1747647680812
counter/2/0/0/0,16240:1747647662867:,1747647680812
counter/6/0/0/0,15899:1747647662931:,1747647680812
counter/4/0/0/0,16185:1747647663759:,1747647680812
counter/2/0/0/0,16241:1747647662867:,1747647680812
counter/6/0/0/0,15900:1747647662931:,1747647680812
counter/4/0/0/0,16186:1747647663759:,1747647680812
counter/2/0/0/0,16242:1747647662867:,1747647680812
counter/6/0/0/0,15901:1747647662931:,1747647680812
counter/4/0/0/0,16187:1747647663759:,1747647680812
counter/2/0/0/0,16243:1747647662868:,1747647680812
counter/6/0/0/0,15902:1747647662931:,1747647680812
counter/4/0/0/0,16188:1747647663759:,1747647680812
counter/2/0/0/0,16244:1747647662868:,1747647680812
counter/6/0/0/0,15903:1747647662931:,1747647680812
counter/4/0/0/0,16189:1747647663759:,1747647680812
counter/2/0/0/0,16245:1747647662868:,1747647680812
counter/6/0/0/0,15904:1747647662931:,1747647680813
counter/4/0/0/0,16190:1747647663759:,1747647680813
counter/5/0/0/0,16384:1747647662921:,1747647680813
counter/1/0/0/0,17269:1747647663654:,1747647680813
counter/2/0/0/0,16246:1747647662871:,1747647680813
counter/6/0/0/0,15905:1747647662932:,1747647680813
counter/4/0/0/0,16191:1747647663781:,1747647680813
counter/1/0/0/0,17270:1747647663654:,1747647680813
counter/2/0/0/0,16247:1747647662871:,1747647680813
counter/6/0/0/0,15906:1747647662932:,1747647680813
counter/4/0/0/0,16192:1747647663781:,1747647680813
counter/1/0/0/0,17271:1747647663654:,1747647680813
counter/2/0/0/0,16248:1747647662871:,1747647680813
counter/6/0/0/0,15907:1747647662932:,1747647680813
counter/4/0/0/0,16193:1747647663781:,1747647680813
counter/1/0/0/0,17272:1747647663654:,1747647680813
counter/2/0/0/0,16249:1747647662871:,1747647680813
counter/6/0/0/0,15908:1747647662932:,1747647680813
counter/4/0/0/0,16194:1747647663781:,1747647680813
counter/1/0/0/0,17273:1747647663654:,1747647680813
counter/2/0/0/0,16250:1747647662871:,1747647680813
counter/6/0/0/0,15909:1747647662932:,1747647680813
counter/4/0/0/0,16195:1747647663781:,1747647680813
counter/1/0/0/0,17274:1747647663654:,1747647680813
counter/2/0/0/0,16251:1747647662871:,1747647680813
counter/6/0/0/0,15910:1747647662932:,1747647680813
counter/4/0/0/0,16196:1747647663781:,1747647680813
counter/1/0/0/0,17275:1747647663675:,1747647680813
counter/2/0/0/0,16252:1747647662871:,1747647680813
counter/6/0/0/0,15911:1747647662932:,1747647680813
counter/4/0/0/0,16197:1747647663781:,1747647680813
counter/1/0/0/0,17276:1747647663675:,1747647680813
counter/5/0/0/0,16385:1747647662921:,1747647680813
counter/2/0/0/0,16253:1747647662871:,1747647680813
counter/6/0/0/0,15912:1747647662932:,1747647680813
counter/4/0/0/0,16198:1747647663781:,1747647680813
counter/1/0/0/0,17277:1747647663675:,1747647680813
counter/5/0/0/0,16386:1747647662921:,1747647680813
counter/2/0/0/0,16254:1747647662871:,1747647680813
counter/6/0/0/0,15913:1747647662933:,1747647680813
counter/4/0/0/0,16199:1747647663781:,1747647680813
counter/1/0/0/0,17278:1747647663675:,1747647680813
counter/5/0/0/0,16387:1747647662921:,1747647680814
counter/2/0/0/0,16255:1747647662871:,1747647680814
counter/6/0/0/0,15914:1747647662934:,1747647680814
counter/4/0/0/0,16200:1747647663781:,1747647680814
counter/1/0/0/0,17279:1747647663676:,1747647680814
counter/5/0/0/0,16388:1747647662921:,1747647680814
counter/2/0/0/0,16256:1747647662871:,1747647680814
counter/6/0/0/0,15915:1747647662934:,1747647680814
counter/4/0/0/0,16201:1747647663781:,1747647680814
counter/1/0/0/0,17280:1747647663676:,1747647680814
counter/5/0/0/0,16389:1747647662921:,1747647680814
counter/2/0/0/0,16257:1747647662871:,1747647680814
counter/6/0/0/0,15916:1747647662934:,1747647680814
counter/4/0/0/0,16202:1747647663781:,1747647680814
counter/1/0/0/0,17281:1747647663676:,1747647680814
counter/5/0/0/0,16390:1747647662921:,1747647680814
counter/2/0/0/0,16258:1747647662871:,1747647680814
counter/6/0/0/0,15917:1747647662934:,1747647680814
counter/4/0/0/0,16203:1747647663781:,1747647680814
counter/1/0/0/0,17282:1747647663681:,1747647680814
counter/5/0/0/0,16391:1747647662921:,1747647680814
counter/2/0/0/0,16259:1747647662871:,1747647680814
counter/6/0/0/0,15918:1747647662934:,1747647680814
counter/4/0/0/0,16204:1747647663781:,1747647680814
counter/1/0/0/0,17283:1747647663681:,1747647680814
counter/5/0/0/0,16392:1747647662922:,1747647680814
counter/2/0/0/0,16260:1747647662871:,1747647680814
counter/6/0/0/0,15919:1747647662934:,1747647680814
counter/4/0/0/0,16205:1747647663781:,1747647680814
counter/1/0/0/0,17284:1747647663681:,1747647680814
counter/5/0/0/0,16393:1747647662922:,1747647680814
counter/2/0/0/0,16261:1747647662871:,1747647680814
counter/6/0/0/0,15920:1747647662934:,1747647680814
counter/4/0/0/0,16206:1747647663781:,1747647680814
counter/1/0/0/0,17285:1747647663681:,1747647680814
counter/5/0/0/0,16394:1747647662922:,1747647680814
counter/2/0/0/0,16262:1747647662871:,1747647680814
counter/6/0/0/0,15921:1747647662934:,1747647680814
counter/4/0/0/0,16207:1747647663781:,1747647680814
counter/1/0/0/0,17286:1747647663681:,1747647680814
counter/5/0/0/0,16395:1747647662922:,1747647680814
counter/2/0/0/0,16263:1747647662873:,1747647680815
counter/6/0/0/0,15922:1747647662934:,1747647680815
counter/4/0/0/0,16208:1747647663781:,1747647680815
counter/1/0/0/0,17287:1747647663682:,1747647680815
counter/5/0/0/0,16396:1747647662922:,1747647680815
counter/2/0/0/0,16264:1747647662874:,1747647680815
counter/6/0/0/0,15923:1747647662934:,1747647680815
counter/4/0/0/0,16209:1747647663781:,1747647680815
counter/1/0/0/0,17288:1747647663682:,1747647680815
counter/5/0/0/0,16397:1747647662922:,1747647680815
counter/2/0/0/0,16265:1747647662874:,1747647680815
counter/6/0/0/0,15924:1747647662934:,1747647680815
counter/4/0/0/0,16210:1747647663781:,1747647680815
counter/1/0/0/0,17289:1747647663682:,1747647680815
counter/5/0/0/0,16398:1747647662924:,1747647680815
counter/2/0/0/0,16266:1747647662874:,1747647680815
counter/6/0/0/0,15925:1747647662946:,1747647680815
counter/4/0/0/0,16211:1747647663781:,1747647680815
counter/1/0/0/0,17290:1747647663682:,1747647680815
counter/5/0/0/0,16399:1747647662924:,1747647680815
counter/2/0/0/0,16267:1747647662874:,1747647680815
counter/6/0/0/0,15926:1747647662946:,1747647680815
counter/4/0/0/0,16212:1747647663781:,1747647680815
counter/1/0/0/0,17291:1747647663682:,1747647680815
counter/5/0/0/0,16400:1747647662925:,1747647680815
counter/2/0/0/0,16268:1747647662874:,1747647680815
counter/6/0/0/0,15927:1747647662946:,1747647680815
counter/4/0/0/0,16213:1747647663781:,1747647680815
counter/1/0/0/0,17292:1747647663682:,1747647680815
counter/5/0/0/0,16401:1747647662925:,1747647680815
counter/2/0/0/0,16269:1747647662878:,1747647680815
counter/6/0/0/0,15928:1747647662946:,1747647680815
counter/4/0/0/0,16214:1747647663781:,1747647680815
counter/1/0/0/0,17293:1747647663682:,1747647680815
counter/5/0/0/0,16402:1747647662925:,1747647680815
counter/2/0/0/0,16270:1747647662878:,1747647680815
counter/6/0/0/0,15929:1747647662946:,1747647680815
counter/4/0/0/0,16215:1747647663781:,1747647680815
counter/1/0/0/0,17294:1747647663682:,1747647680815
counter/5/0/0/0,16403:1747647662925:,1747647680815
counter/9/0/0/0,17026:1747647662779:,1747647680815
counter/8/0/0/0,17250:1747647663085:,1747647680815
counter/3/0/0/0,17068:1747647663858:,1747647680815
counter/2/0/0/0,16271:1747647662878:,1747647680815
counter/6/0/0/0,15930:1747647662946:,1747647680816
counter/4/0/0/0,16216:1747647663781:,1747647680816
counter/1/0/0/0,17295:1747647663686:,1747647680816
counter/5/0/0/0,16404:1747647662925:,1747647680816
counter/3/0/0/0,17069:1747647663858:,1747647680816
counter/2/0/0/0,16272:1747647662878:,1747647680816
counter/6/0/0/0,15931:1747647662946:,1747647680816
counter/1/0/0/0,17296:1747647663686:,1747647680816
counter/5/0/0/0,16405:1747647662925:,1747647680816
counter/3/0/0/0,17070:1747647663858:,1747647680816
counter/2/0/0/0,16273:1747647662878:,1747647680816
counter/6/0/0/0,15932:1747647662946:,1747647680816
counter/1/0/0/0,17297:1747647663686:,1747647680816
counter/5/0/0/0,16406:1747647662925:,1747647680816
counter/3/0/0/0,17071:1747647663858:,1747647680816
counter/2/0/0/0,16274:1747647662878:,1747647680816
counter/6/0/0/0,15933:1747647662946:,1747647680816
counter/1/0/0/0,17298:1747647663686:,1747647680816
counter/5/0/0/0,16407:1747647662925:,1747647680816
counter/3/0/0/0,17072:1747647663858:,1747647680816
counter/2/0/0/0,16275:1747647662878:,1747647680816
counter/6/0/0/0,15934:1747647662984:,1747647680816
counter/1/0/0/0,17299:1747647663695:,1747647680816
counter/5/0/0/0,16408:1747647662925:,1747647680816
counter/3/0/0/0,17073:1747647663858:,1747647680816
counter/2/0/0/0,16276:1747647662878:,1747647680816
counter/1/0/0/0,17300:1747647663695:,1747647680816
counter/5/0/0/0,16409:1747647662925:,1747647680816
counter/3/0/0/0,17074:1747647663858:,1747647680816
counter/2/0/0/0,16277:1747647662878:,1747647680816
counter/1/0/0/0,17301:1747647663695:,1747647680816
counter/5/0/0/0,16410:1747647662925:,1747647680816
counter/3/0/0/0,17075:1747647663858:,1747647680816
counter/2/0/0/0,16278:1747647662878:,1747647680816
counter/1/0/0/0,17302:1747647663695:,1747647680816
counter/5/0/0/0,16411:1747647662928:,1747647680816
counter/3/0/0/0,17076:1747647663858:,1747647680816
counter/7/0/0/0,15577:1747647662409:,1747647680816
counter/4/0/0/0,16217:1747647663781:,1747647680816
counter/2/0/0/0,16279:1747647662878:,1747647680816
counter/1/0/0/0,17303:1747647663695:,1747647680816
counter/5/0/0/0,16412:1747647662928:,1747647680816
counter/3/0/0/0,17077:1747647663858:,1747647680817
counter/6/0/0/0,15935:1747647662984:,1747647680817
counter/2/0/0/0,16280:1747647662879:,1747647680817
counter/1/0/0/0,17304:1747647663695:,1747647680817
counter/5/0/0/0,16413:1747647662928:,1747647680817
counter/3/0/0/0,17078:1747647663858:,1747647680817
counter/2/0/0/0,16281:1747647662880:,1747647680817
counter/1/0/0/0,17305:1747647663695:,1747647680817
counter/5/0/0/0,16414:1747647662941:,1747647680817
counter/3/0/0/0,17079:1747647663858:,1747647680817
counter/2/0/0/0,16282:1747647662881:,1747647680817
counter/1/0/0/0,17306:1747647663695:,1747647680817
counter/5/0/0/0,16415:1747647662941:,1747647680817
counter/3/0/0/0,17080:1747647663858:,1747647680817
counter/2/0/0/0,16283:1747647662881:,1747647680817
counter/1/0/0/0,17307:1747647663695:,1747647680817
counter/5/0/0/0,16416:1747647662941:,1747647680817
counter/3/0/0/0,17081:1747647663858:,1747647680817
counter/2/0/0/0,16284:1747647662881:,1747647680817
counter/1/0/0/0,17308:1747647663695:,1747647680817
counter/5/0/0/0,16417:1747647662941:,1747647680817
counter/3/0/0/0,17082:1747647663859:,1747647680817
counter/6/0/0/0,15936:1747647662984:,1747647680817
counter/2/0/0/0,16285:1747647662881:,1747647680817
counter/1/0/0/0,17309:1747647663695:,1747647680817
counter/5/0/0/0,16418:1747647662941:,1747647680817
counter/3/0/0/0,17083:1747647663859:,1747647680817
counter/8/0/0/0,17251:1747647663085:,1747647680817
counter/10/0/0/0,15543:1747647662389:,1747647680817
counter/2/0/0/0,16286:1747647662881:,1747647680817
counter/1/0/0/0,17310:1747647663695:,1747647680817
counter/5/0/0/0,16419:1747647662941:,1747647680817
counter/3/0/0/0,17084:1747647663859:,1747647680817
counter/2/0/0/0,16287:1747647662881:,1747647680817
counter/1/0/0/0,17311:1747647663695:,1747647680817
counter/5/0/0/0,16420:1747647662941:,1747647680817
counter/3/0/0/0,17085:1747647663859:,1747647680817
counter/2/0/0/0,16288:1747647662881:,1747647680817
counter/1/0/0/0,17312:1747647663695:,1747647680817
counter/5/0/0/0,16421:1747647662941:,1747647680817
counter/3/0/0/0,17086:1747647663859:,1747647680817
counter/2/0/0/0,16289:1747647662885:,1747647680817
counter/1/0/0/0,17313:1747647663695:,1747647680817
counter/5/0/0/0,16422:1747647662942:,1747647680817
counter/3/0/0/0,17087:1747647663859:,1747647680817
counter/2/0/0/0,16290:1747647662885:,1747647680818
counter/1/0/0/0,17314:1747647663695:,1747647680818
counter/5/0/0/0,16423:1747647662942:,1747647680818
counter/3/0/0/0,17088:1747647663859:,1747647680818
counter/10/0/0/0,15544:1747647662389:,1747647680818
counter/2/0/0/0,16291:1747647662885:,1747647680818
counter/1/0/0/0,17315:1747647663695:,1747647680818
counter/5/0/0/0,16424:1747647662942:,1747647680818
counter/3/0/0/0,17089:1747647663859:,1747647680818
counter/7/0/0/0,15578:1747647662409:,1747647680818
counter/2/0/0/0,16292:1747647662885:,1747647680818
counter/1/0/0/0,17316:1747647663696:,1747647680818
counter/3/0/0/0,17090:1747647663864:,1747647680818
counter/2/0/0/0,16293:1747647662886:,1747647680818
counter/1/0/0/0,17317:1747647663696:,1747647680818
counter/3/0/0/0,17091:1747647663864:,1747647680818
counter/10/0/0/0,15545:1747647662389:,1747647680818
counter/6/0/0/0,15937:1747647662984:,1747647680818
counter/2/0/0/0,16294:1747647662886:,1747647680818
counter/1/0/0/0,17318:1747647663696:,1747647680818
counter/3/0/0/0,17092:1747647663864:,1747647680818
counter/10/0/0/0,15546:1747647662389:,1747647680818
counter/8/0/0/0,17252:1747647663085:,1747647680818
counter/2/0/0/0,16295:1747647662886:,1747647680818
counter/1/0/0/0,17319:1747647663696:,1747647680818
counter/3/0/0/0,17093:1747647663864:,1747647680818
counter/10/0/0/0,15547:1747647662389:,1747647680818
counter/2/0/0/0,16296:1747647662886:,1747647680818
counter/1/0/0/0,17320:1747647663696:,1747647680818
counter/3/0/0/0,17094:1747647663864:,1747647680818
counter/10/0/0/0,15548:1747647662389:,1747647680818
counter/2/0/0/0,16297:1747647662886:,1747647680818
counter/1/0/0/0,17321:1747647663702:,1747647680818
counter/3/0/0/0,17095:1747647663864:,1747647680818
counter/10/0/0/0,15549:1747647662389:,1747647680818
counter/6/0/0/0,15938:1747647662984:,1747647680818
counter/2/0/0/0,16298:1747647662886:,1747647680818
counter/1/0/0/0,17322:1747647663702:,1747647680818
counter/3/0/0/0,17096:1747647663864:,1747647680818
counter/10/0/0/0,15550:1747647662389:,1747647680818
counter/6/0/0/0,15939:1747647662984:,1747647680818
counter/2/0/0/0,16299:1747647662886:,1747647680818
counter/1/0/0/0,17323:1747647663702:,1747647680818
counter/3/0/0/0,17097:1747647663864:,1747647680818
counter/10/0/0/0,15551:1747647662389:,1747647680819
counter/6/0/0/0,15940:1747647662984:,1747647680819
counter/2/0/0/0,16300:1747647662886:,1747647680819
counter/1/0/0/0,17324:1747647663702:,1747647680819
counter/3/0/0/0,17098:1747647663864:,1747647680819
counter/10/0/0/0,15552:1747647662389:,1747647680819
counter/6/0/0/0,15941:1747647662984:,1747647680819
counter/2/0/0/0,16301:1747647662886:,1747647680819
counter/1/0/0/0,17325:1747647663702:,1747647680819
counter/3/0/0/0,17099:1747647663864:,1747647680819
counter/10/0/0/0,15553:1747647662389:,1747647680819
counter/6/0/0/0,15942:1747647662985:,1747647680819
counter/2/0/0/0,16302:1747647662886:,1747647680819
counter/1/0/0/0,17326:1747647663702:,1747647680819
counter/3/0/0/0,17100:1747647663864:,1747647680820
counter/10/0/0/0,15554:1747647662389:,1747647680820
counter/6/0/0/0,15943:1747647662985:,1747647680820
counter/2/0/0/0,16303:1747647662886:,1747647680820
counter/1/0/0/0,17327:1747647663702:,1747647680820
counter/3/0/0/0,17101:1747647663866:,1747647680820
counter/10/0/0/0,15555:1747647662389:,1747647680820
counter/6/0/0/0,15944:1747647662985:,1747647680820
counter/2/0/0/0,16304:1747647662886:,1747647680820
counter/1/0/0/0,17328:1747647663712:,1747647680820
counter/3/0/0/0,17102:1747647663866:,1747647680820
counter/10/0/0/0,15556:1747647662389:,1747647680820
counter/6/0/0/0,15945:1747647662985:,1747647680820
counter/4/0/0/0,16218:1747647663781:,1747647680820
counter/9/0/0/0,17027:1747647662779:,1747647680820
counter/2/0/0/0,16305:1747647662886:,1747647680820
counter/1/0/0/0,17329:1747647663712:,1747647680820
counter/3/0/0/0,17103:1747647663866:,1747647680820
counter/10/0/0/0,15557:1747647662389:,1747647680820
counter/6/0/0/0,15946:1747647662985:,1747647680820
counter/2/0/0/0,16306:1747647662886:,1747647680820
counter/1/0/0/0,17330:1747647663712:,1747647680820
counter/3/0/0/0,17104:1747647663866:,1747647680820
counter/10/0/0/0,15558:1747647662389:,1747647680820
counter/6/0/0/0,15947:1747647662985:,1747647680820
counter/2/0/0/0,16307:1747647662890:,1747647680820
counter/1/0/0/0,17331:1747647663712:,1747647680820
counter/3/0/0/0,17105:1747647663867:,1747647680820
counter/10/0/0/0,15559:1747647662389:,1747647680820
counter/6/0/0/0,15948:1747647662985:,1747647680820
counter/2/0/0/0,16308:1747647662892:,1747647680820
counter/1/0/0/0,17332:1747647663712:,1747647680820
counter/3/0/0/0,17106:1747647663867:,1747647680820
counter/10/0/0/0,15560:1747647662389:,1747647680820
counter/6/0/0/0,15949:1747647662985:,1747647680820
counter/2/0/0/0,16309:1747647662892:,1747647680820
counter/1/0/0/0,17333:1747647663712:,1747647680820
counter/3/0/0/0,17107:1747647663867:,1747647680820
counter/10/0/0/0,15561:1747647662390:,1747647680820
counter/6/0/0/0,15950:1747647662985:,1747647680820
counter/2/0/0/0,16310:1747647662892:,1747647680820
counter/1/0/0/0,17334:1747647663712:,1747647680820
counter/10/0/0/0,15562:1747647662395:,1747647680820
counter/6/0/0/0,15951:1747647662985:,1747647680820
counter/2/0/0/0,16311:1747647662899:,1747647680821
counter/1/0/0/0,17335:1747647663712:,1747647680821
counter/10/0/0/0,15563:1747647662395:,1747647680821
counter/6/0/0/0,15952:1747647662985:,1747647680821
counter/2/0/0/0,16312:1747647662899:,1747647680821
counter/1/0/0/0,17336:1747647663712:,1747647680821
counter/10/0/0/0,15564:1747647662395:,1747647680821
counter/6/0/0/0,15953:1747647662985:,1747647680821
counter/2/0/0/0,16313:1747647662900:,1747647680821
counter/1/0/0/0,17337:1747647663712:,1747647680821
counter/10/0/0/0,15565:1747647662395:,1747647680821
counter/6/0/0/0,15954:1747647662985:,1747647680821
counter/2/0/0/0,16314:1747647662900:,1747647680821
counter/1/0/0/0,17338:1747647663712:,1747647680821
counter/10/0/0/0,15566:1747647662398:,1747647680821
counter/6/0/0/0,15955:1747647662985:,1747647680821
counter/2/0/0/0,16315:1747647662904:,1747647680821
counter/1/0/0/0,17339:1747647663712:,1747647680821
counter/10/0/0/0,15567:1747647662398:,1747647680821
counter/6/0/0/0,15956:1747647662985:,1747647680821
counter/2/0/0/0,16316:1747647662904:,1747647680821
counter/1/0/0/0,17340:1747647663712:,1747647680821
counter/10/0/0/0,15568:1747647662398:,1747647680821
counter/6/0/0/0,15957:1747647662990:,1747647680821
counter/2/0/0/0,16317:1747647662904:,1747647680821
counter/1/0/0/0,17341:1747647663712:,1747647680821
counter/10/0/0/0,15569:1747647662398:,1747647680821
counter/6/0/0/0,15958:1747647662990:,1747647680821
counter/2/0/0/0,16318:1747647662904:,1747647680821
counter/1/0/0/0,17342:1747647663712:,1747647680821
counter/10/0/0/0,15570:1747647662398:,1747647680821
counter/6/0/0/0,15959:1747647662990:,1747647680821
counter/2/0/0/0,16319:1747647662904:,1747647680821
counter/1/0/0/0,17343:1747647663712:,1747647680821
counter/10/0/0/0,15571:1747647662398:,1747647680821
counter/6/0/0/0,15960:1747647662990:,1747647680821
counter/7/0/0/0,15579:1747647662409:,1747647680821
counter/2/0/0/0,16320:1747647662904:,1747647680821
counter/1/0/0/0,17344:1747647663712:,1747647680821
counter/10/0/0/0,15572:1747647662398:,1747647680821
counter/6/0/0/0,15961:1747647662990:,1747647680821
counter/2/0/0/0,16321:1747647662907:,1747647680821
counter/1/0/0/0,17345:1747647663712:,1747647680822
counter/10/0/0/0,15573:1747647662398:,1747647680822
counter/6/0/0/0,15962:1747647662990:,1747647680822
counter/2/0/0/0,16322:1747647662908:,1747647680822
counter/1/0/0/0,17346:1747647663713:,1747647680822
counter/10/0/0/0,15574:1747647662398:,1747647680822
counter/6/0/0/0,15963:1747647662990:,1747647680822
counter/2/0/0/0,16323:1747647662908:,1747647680822
counter/1/0/0/0,17347:1747647663713:,1747647680822
counter/10/0/0/0,15575:1747647662398:,1747647680822
counter/6/0/0/0,15964:1747647662990:,1747647680822
counter/1/0/0/0,17348:1747647663713:,1747647680822
counter/10/0/0/0,15576:1747647662398:,1747647680822
counter/6/0/0/0,15965:1747647662990:,1747647680822
counter/7/0/0/0,15580:1747647662409:,1747647680822
counter/1/0/0/0,17349:1747647663713:,1747647680822
counter/10/0/0/0,15577:1747647662398:,1747647680822
counter/6/0/0/0,15966:1747647662990:,1747647680822
counter/7/0/0/0,15581:1747647662409:,1747647680822
counter/1/0/0/0,17350:1747647663713:,1747647680822
counter/10/0/0/0,15578:1747647662398:,1747647680822
counter/6/0/0/0,15967:1747647662990:,1747647680822
counter/7/0/0/0,15582:1747647662418:,1747647680822
counter/1/0/0/0,17351:1747647663713:,1747647680822
counter/10/0/0/0,15579:1747647662398:,1747647680822
counter/6/0/0/0,15968:1747647662990:,1747647680822
counter/7/0/0/0,15583:1747647662419:,1747647680822
counter/1/0/0/0,17352:1747647663713:,1747647680822
counter/10/0/0/0,15580:1747647662398:,1747647680822
counter/6/0/0/0,15969:1747647662991:,1747647680822
counter/7/0/0/0,15584:1747647662419:,1747647680822
counter/1/0/0/0,17353:1747647663713:,1747647680822
counter/10/0/0/0,15581:1747647662398:,1747647680822
counter/6/0/0/0,15970:1747647662991:,1747647680822
counter/7/0/0/0,15585:1747647662419:,1747647680822
counter/1/0/0/0,17354:1747647663713:,1747647680822
counter/10/0/0/0,15582:1747647662398:,1747647680822
counter/6/0/0/0,15971:1747647662991:,1747647680822
counter/7/0/0/0,15586:1747647662419:,1747647680822
counter/1/0/0/0,17355:1747647663713:,1747647680822
counter/10/0/0/0,15583:1747647662398:,1747647680822
counter/6/0/0/0,15972:1747647662991:,1747647680823
counter/7/0/0/0,15587:1747647662419:,1747647680823
counter/1/0/0/0,17356:1747647663713:,1747647680823
counter/10/0/0/0,15584:1747647662398:,1747647680823
counter/6/0/0/0,15973:1747647662994:,1747647680823
counter/7/0/0/0,15588:1747647662419:,1747647680823
counter/1/0/0/0,17357:1747647663713:,1747647680823
counter/10/0/0/0,15585:1747647662398:,1747647680823
counter/6/0/0/0,15974:1747647662994:,1747647680823
counter/7/0/0/0,15589:1747647662419:,1747647680823
counter/1/0/0/0,17358:1747647663713:,1747647680823
counter/10/0/0/0,15586:1747647662398:,1747647680823
counter/7/0/0/0,15590:1747647662419:,1747647680823
counter/1/0/0/0,17359:1747647663713:,1747647680823
counter/10/0/0/0,15587:1747647662398:,1747647680823
counter/7/0/0/0,15591:1747647662419:,1747647680823
counter/1/0/0/0,17360:1747647663713:,1747647680823
counter/10/0/0/0,15588:1747647662398:,1747647680823
counter/7/0/0/0,15592:1747647662419:,1747647680823
counter/1/0/0/0,17361:1747647663713:,1747647680823
counter/10/0/0/0,15589:1747647662398:,1747647680823
counter/7/0/0/0,15593:1747647662419:,1747647680823
counter/1/0/0/0,17362:1747647663713:,1747647680823
counter/10/0/0/0,15590:1747647662398:,1747647680823
counter/7/0/0/0,15594:1747647662419:,1747647680823
counter/1/0/0/0,17363:1747647663713:,1747647680823
counter/10/0/0/0,15591:1747647662401:,1747647680823
counter/7/0/0/0,15595:1747647662419:,1747647680823
counter/1/0/0/0,17364:1747647663713:,1747647680823
counter/10/0/0/0,15592:1747647662401:,1747647680823
counter/7/0/0/0,15596:1747647662419:,1747647680823
counter/1/0/0/0,17365:1747647663713:,1747647680823
counter/10/0/0/0,15593:1747647662401:,1747647680823
counter/7/0/0/0,15597:1747647662419:,1747647680823
counter/1/0/0/0,17366:1747647663713:,1747647680823
counter/10/0/0/0,15594:1747647662401:,1747647680823
counter/7/0/0/0,15598:1747647662419:,1747647680823
counter/9/0/0/0,17028:1747647662779:,1747647680823
counter/1/0/0/0,17367:1747647663713:,1747647680823
counter/10/0/0/0,15595:1747647662401:,1747647680823
counter/7/0/0/0,15599:1747647662419:,1747647680823
counter/3/0/0/0,17108:1747647663867:,1747647680823
counter/5/0/0/0,16425:1747647662942:,1747647680824
counter/1/0/0/0,17368:1747647663713:,1747647680824
counter/10/0/0/0,15596:1747647662401:,1747647680824
counter/7/0/0/0,15600:1747647662419:,1747647680824
counter/3/0/0/0,17109:1747647663867:,1747647680824
counter/1/0/0/0,17369:1747647663713:,1747647680824
counter/10/0/0/0,15597:1747647662401:,1747647680824
counter/7/0/0/0,15601:1747647662419:,1747647680824
counter/3/0/0/0,17110:1747647663867:,1747647680824
counter/1/0/0/0,17370:1747647663713:,1747647680824
counter/10/0/0/0,15598:1747647662402:,1747647680824
counter/7/0/0/0,15602:1747647662419:,1747647680824
counter/3/0/0/0,17111:1747647663867:,1747647680824
counter/1/0/0/0,17371:1747647663713:,1747647680824
counter/10/0/0/0,15599:1747647662402:,1747647680824
counter/7/0/0/0,15603:1747647662419:,1747647680824
counter/3/0/0/0,17112:1747647663867:,1747647680824
counter/1/0/0/0,17372:1747647663722:,1747647680824
counter/10/0/0/0,15600:1747647662402:,1747647680824
counter/7/0/0/0,15604:1747647662419:,1747647680824
counter/3/0/0/0,17113:1747647663867:,1747647680824
counter/1/0/0/0,17373:1747647663723:,1747647680824
counter/10/0/0/0,15601:1747647662402:,1747647680824
counter/7/0/0/0,15605:1747647662422:,1747647680824
counter/3/0/0/0,17114:1747647663867:,1747647680824
counter/1/0/0/0,17374:1747647663723:,1747647680824
counter/10/0/0/0,15602:1747647662402:,1747647680824
counter/7/0/0/0,15606:1747647662424:,1747647680824
counter/3/0/0/0,17115:1747647663867:,1747647680824
counter/1/0/0/0,17375:1747647663726:,1747647680824
counter/10/0/0/0,15603:1747647662402:,1747647680824
counter/7/0/0/0,15607:1747647662425:,1747647680824
counter/1/0/0/0,17376:1747647663726:,1747647680824
counter/10/0/0/0,15604:1747647662402:,1747647680824
counter/7/0/0/0,15608:1747647662429:,1747647680824
counter/1/0/0/0,17377:1747647663726:,1747647680824
counter/10/0/0/0,15605:1747647662402:,1747647680824
counter/7/0/0/0,15609:1747647662429:,1747647680824
counter/1/0/0/0,17378:1747647663726:,1747647680824
counter/10/0/0/0,15606:1747647662402:,1747647680824
counter/7/0/0/0,15610:1747647662429:,1747647680824
counter/1/0/0/0,17379:1747647663726:,1747647680825
counter/10/0/0/0,15607:1747647662402:,1747647680825
counter/7/0/0/0,15611:1747647662429:,1747647680825
counter/1/0/0/0,17380:1747647663726:,1747647680825
counter/10/0/0/0,15608:1747647662402:,1747647680825
counter/7/0/0/0,15612:1747647662429:,1747647680825
counter/1/0/0/0,17381:1747647663726:,1747647680825
counter/10/0/0/0,15609:1747647662402:,1747647680825
counter/7/0/0/0,15613:1747647662430:,1747647680825
counter/1/0/0/0,17382:1747647663726:,1747647680825
counter/10/0/0/0,15610:1747647662402:,1747647680825
counter/7/0/0/0,15614:1747647662430:,1747647680825
counter/1/0/0/0,17383:1747647663726:,1747647680825
counter/10/0/0/0,15611:1747647662402:,1747647680825
counter/7/0/0/0,15615:1747647662430:,1747647680825
counter/1/0/0/0,17384:1747647663727:,1747647680825
counter/10/0/0/0,15612:1747647662402:,1747647680825
counter/7/0/0/0,15616:1747647662432:,1747647680825
counter/1/0/0/0,17385:1747647663727:,1747647680825
counter/10/0/0/0,15613:1747647662402:,1747647680825
counter/7/0/0/0,15617:1747647662432:,1747647680825
counter/1/0/0/0,17386:1747647663729:,1747647680825
counter/10/0/0/0,15614:1747647662402:,1747647680825
counter/7/0/0/0,15618:1747647662432:,1747647680825
counter/1/0/0/0,17387:1747647663729:,1747647680825
counter/10/0/0/0,15615:1747647662402:,1747647680825
counter/7/0/0/0,15619:1747647662432:,1747647680825
counter/1/0/0/0,17388:1747647663729:,1747647680825
counter/10/0/0/0,15616:1747647662402:,1747647680825
counter/7/0/0/0,15620:1747647662432:,1747647680825
counter/1/0/0/0,17389:1747647663729:,1747647680825
counter/10/0/0/0,15617:1747647662402:,1747647680825
counter/7/0/0/0,15621:1747647662432:,1747647680825
counter/1/0/0/0,17390:1747647663729:,1747647680825
counter/10/0/0/0,15618:1747647662402:,1747647680825
counter/7/0/0/0,15622:1747647662432:,1747647680825
counter/1/0/0/0,17391:1747647663733:,1747647680825
counter/10/0/0/0,15619:1747647662402:,1747647680825
counter/7/0/0/0,15623:1747647662432:,1747647680825
counter/1/0/0/0,17392:1747647663745:,1747647680825
counter/10/0/0/0,15620:1747647662402:,1747647680825
counter/7/0/0/0,15624:1747647662432:,1747647680825
counter/1/0/0/0,17393:1747647663750:,1747647680825
counter/10/0/0/0,15621:1747647662402:,1747647680825
counter/7/0/0/0,15625:1747647662432:,1747647680826
counter/1/0/0/0,17394:1747647663750:,1747647680826
counter/10/0/0/0,15622:1747647662403:,1747647680826
counter/7/0/0/0,15626:1747647662433:,1747647680826
counter/1/0/0/0,17395:1747647663750:,1747647680826
counter/7/0/0/0,15627:1747647662433:,1747647680826
counter/1/0/0/0,17396:1747647663750:,1747647680826
counter/7/0/0/0,15628:1747647662433:,1747647680826
counter/1/0/0/0,17397:1747647663750:,1747647680826
counter/7/0/0/0,15629:1747647662433:,1747647680826
counter/1/0/0/0,17398:1747647663750:,1747647680826
counter/7/0/0/0,15630:1747647662433:,1747647680826
counter/1/0/0/0,17399:1747647663750:,1747647680826
counter/7/0/0/0,15631:1747647662433:,1747647680826
counter/1/0/0/0,17400:1747647663750:,1747647680826
counter/7/0/0/0,15632:1747647662437:,1747647680826
counter/1/0/0/0,17401:1747647663750:,1747647680826
counter/7/0/0/0,15633:1747647662444:,1747647680826
counter/1/0/0/0,17402:1747647663750:,1747647680826
counter/7/0/0/0,15634:1747647662446:,1747647680826
counter/1/0/0/0,17403:1747647663750:,1747647680826
counter/7/0/0/0,15635:1747647662449:,1747647680826
counter/1/0/0/0,17404:1747647663750:,1747647680826
counter/7/0/0/0,15636:1747647662452:,1747647680826
counter/1/0/0/0,17405:1747647663752:,1747647680826
counter/7/0/0/0,15637:1747647662453:,1747647680826
counter/1/0/0/0,17406:1747647663758:,1747647680826
counter/7/0/0/0,15638:1747647662453:,1747647680826
counter/1/0/0/0,17407:1747647663758:,1747647680826
counter/7/0/0/0,15639:1747647662453:,1747647680826
counter/1/0/0/0,17408:1747647663758:,1747647680826
counter/7/0/0/0,15640:1747647662453:,1747647680826
counter/1/0/0/0,17409:1747647663758:,1747647680826
counter/7/0/0/0,15641:1747647662453:,1747647680826
counter/1/0/0/0,17410:1747647663758:,1747647680826
counter/7/0/0/0,15642:1747647662453:,1747647680826
counter/1/0/0/0,17411:1747647663758:,1747647680826
counter/7/0/0/0,15643:1747647662453:,1747647680826
counter/1/0/0/0,17412:1747647663758:,1747647680826
counter/7/0/0/0,15644:1747647662453:,1747647680826
counter/1/0/0/0,17413:1747647663758:,1747647680826
counter/7/0/0/0,15645:1747647662453:,1747647680827
counter/1/0/0/0,17414:1747647663758:,1747647680827
counter/1/0/0/0,17415:1747647663758:,1747647680827
counter/1/0/0/0,17416:1747647663758:,1747647680827
counter/1/0/0/0,17417:1747647663758:,1747647680827
counter/1/0/0/0,17418:1747647663758:,1747647680827
counter/1/0/0/0,17419:1747647663758:,1747647680827
counter/1/0/0/0,17420:1747647663758:,1747647680827
counter/1/0/0/0,17421:1747647663758:,1747647680827
counter/1/0/0/0,17422:1747647663758:,1747647680827
counter/1/0/0/0,17423:1747647663758:,1747647680827
counter/1/0/0/0,17424:1747647663759:,1747647680827
counter/1/0/0/0,17425:1747647663759:,1747647680827
counter/1/0/0/0,17426:1747647663759:,1747647680827
counter/1/0/0/0,17427:1747647663759:,1747647680827
counter/1/0/0/0,17428:1747647663759:,1747647680827
counter/1/0/0/0,17429:1747647663759:,1747647680827
counter/1/0/0/0,17430:1747647663759:,1747647680827
counter/1/0/0/0,17431:1747647663760:,1747647680827
counter/1/0/0/0,17432:1747647663760:,1747647680827
counter/1/0/0/0,17433:1747647663766:,1747647680827
counter/1/0/0/0,17434:1747647663766:,1747647680827
counter/1/0/0/0,17435:1747647663766:,1747647680827
counter/1/0/0/0,17436:1747647663766:,1747647680827
counter/1/0/0/0,17437:1747647663766:,1747647680827
counter/1/0/0/0,17438:1747647663766:,1747647680827
counter/1/0/0/0,17439:1747647663766:,1747647680827
counter/1/0/0/0,17440:1747647663766:,1747647680827
counter/1/0/0/0,17441:1747647663766:,1747647680827
counter/1/0/0/0,17442:1747647663766:,1747647680827
counter/1/0/0/0,17443:1747647663767:,1747647680827
counter/1/0/0/0,17444:1747647663767:,1747647680827
counter/1/0/0/0,17445:1747647663767:,1747647680827
counter/1/0/0/0,17446:1747647663767:,1747647680827
counter/1/0/0/0,17447:1747647663770:,1747647680827
counter/1/0/0/0,17448:1747647663771:,1747647680827
counter/1/0/0/0,17449:1747647663771:,1747647680827
counter/1/0/0/0,17450:1747647663771:,1747647680827
counter/1/0/0/0,17451:1747647663771:,1747647680827
counter/1/0/0/0,17452:1747647663771:,1747647680827
counter/1/0/0/0,17453:1747647663771:,1747647680827
counter/1/0/0/0,17454:1747647663771:,1747647680827
counter/1/0/0/0,17455:1747647663772:,1747647680827
counter/1/0/0/0,17456:1747647663772:,1747647680827
counter/1/0/0/0,17457:1747647663772:,1747647680828
counter/1/0/0/0,17458:1747647663772:,1747647680828
counter/1/0/0/0,17459:1747647663772:,1747647680828
counter/1/0/0/0,17460:1747647663772:,1747647680828
counter/1/0/0/0,17461:1747647663772:,1747647680828
counter/1/0/0/0,17462:1747647663772:,1747647680828
counter/1/0/0/0,17463:1747647663772:,1747647680828
counter/1/0/0/0,17464:1747647663772:,1747647680828
counter/1/0/0/0,17465:1747647663772:,1747647680828
counter/1/0/0/0,17466:1747647663772:,1747647680828
counter/1/0/0/0,17467:1747647663776:,1747647680828
counter/1/0/0/0,17468:1747647663776:,1747647680828
counter/1/0/0/0,17469:1747647663776:,1747647680828
counter/1/0/0/0,17470:1747647663776:,1747647680828
counter/1/0/0/0,17471:1747647663776:,1747647680828
counter/1/0/0/0,17472:1747647663776:,1747647680828
counter/1/0/0/0,17473:1747647663776:,1747647680828
counter/1/0/0/0,17474:1747647663776:,1747647680828
counter/1/0/0/0,17475:1747647663806:,1747647680828
counter/1/0/0/0,17476:1747647663806:,1747647680828
counter/1/0/0/0,17477:1747647663806:,1747647680828
counter/1/0/0/0,17478:1747647663806:,1747647680828
counter/1/0/0/0,17479:1747647663806:,1747647680828
counter/1/0/0/0,17480:1747647663806:,1747647680828
counter/1/0/0/0,17481:1747647663806:,1747647680828
counter/1/0/0/0,17482:1747647663806:,1747647680828
counter/1/0/0/0,17483:1747647663806:,1747647680828
counter/1/0/0/0,17484:1747647663806:,1747647680828
counter/1/0/0/0,17485:1747647663806:,1747647680828
counter/1/0/0/0,17486:1747647663806:,1747647680828
counter/1/0/0/0,17487:1747647663806:,1747647680828
counter/1/0/0/0,17488:1747647663806:,1747647680828
counter/1/0/0/0,17489:1747647663806:,1747647680828
counter/1/0/0/0,17490:1747647663809:,1747647680828
counter/1/0/0/0,17491:1747647663809:,1747647680828
counter/1/0/0/0,17492:1747647663809:,1747647680828
counter/1/0/0/0,17493:1747647663811:,1747647680828
counter/1/0/0/0,17494:1747647663812:,1747647680828
counter/1/0/0/0,17495:1747647663812:,1747647680828
counter/1/0/0/0,17496:1747647663812:,1747647680828
counter/1/0/0/0,17497:1747647663815:,1747647680828
counter/1/0/0/0,17498:1747647663815:,1747647680828
counter/1/0/0/0,17499:1747647663815:,1747647680828
counter/1/0/0/0,17500:1747647663815:,1747647680828
counter/1/0/0/0,17501:1747647663816:,1747647680828
counter/1/0/0/0,17502:1747647663816:,1747647680829
counter/1/0/0/0,17503:1747647663816:,1747647680829
counter/1/0/0/0,17504:1747647663816:,1747647680829
counter/1/0/0/0,17505:1747647663816:,1747647680829
counter/1/0/0/0,17506:1747647663816:,1747647680829
counter/1/0/0/0,17507:1747647663816:,1747647680829
counter/1/0/0/0,17508:1747647663827:,1747647680829
counter/1/0/0/0,17509:1747647663827:,1747647680829
counter/1/0/0/0,17510:1747647663827:,1747647680829
counter/1/0/0/0,17511:1747647663827:,1747647680829
counter/1/0/0/0,17512:1747647663827:,1747647680829
counter/1/0/0/0,17513:1747647663827:,1747647680829
counter/1/0/0/0,17514:1747647663828:,1747647680829
counter/1/0/0/0,17515:1747647663828:,1747647680829
counter/1/0/0/0,17516:1747647663828:,1747647680829
counter/1/0/0/0,17517:1747647663828:,1747647680829
counter/1/0/0/0,17518:1747647663828:,1747647680829
counter/1/0/0/0,17519:1747647663828:,1747647680829
counter/1/0/0/0,17520:1747647663828:,1747647680829
counter/8/0/0/0,17253:1747647663085:,1747647680829
counter/1/0/0/0,17521:1747647663828:,1747647680829
counter/1/0/0/0,17522:1747647663828:,1747647680829
counter/1/0/0/0,17523:1747647663828:,1747647680829
counter/1/0/0/0,17524:1747647663828:,1747647680829
counter/1/0/0/0,17525:1747647663828:,1747647680829
counter/1/0/0/0,17526:1747647663829:,1747647680829
counter/1/0/0/0,17527:1747647663829:,1747647680829
counter/1/0/0/0,17528:1747647663829:,1747647680829
counter/1/0/0/0,17529:1747647663829:,1747647680829
counter/1/0/0/0,17530:1747647663829:,1747647680829
counter/1/0/0/0,17531:1747647663829:,1747647680829
counter/1/0/0/0,17532:1747647663831:,1747647680829
counter/1/0/0/0,17533:1747647663831:,1747647680829
counter/1/0/0/0,17534:1747647663831:,1747647680829
counter/1/0/0/0,17535:1747647663831:,1747647680829
counter/1/0/0/0,17536:1747647663831:,1747647680829
counter/1/0/0/0,17537:1747647663831:,1747647680829
counter/1/0/0/0,17538:1747647663831:,1747647680829
counter/1/0/0/0,17539:1747647663831:,1747647680829
counter/1/0/0/0,17540:1747647663831:,1747647680829
counter/1/0/0/0,17541:1747647663837:,1747647680829
counter/1/0/0/0,17542:1747647663837:,1747647680830
counter/1/0/0/0,17543:1747647663837:,1747647680830
counter/1/0/0/0,17544:1747647663837:,1747647680830
counter/1/0/0/0,17545:1747647663838:,1747647680830
counter/1/0/0/0,17546:1747647663838:,1747647680830
counter/1/0/0/0,17547:1747647663838:,1747647680830
counter/1/0/0/0,17548:1747647663838:,1747647680830
counter/1/0/0/0,17549:1747647663838:,1747647680830
counter/1/0/0/0,17550:1747647663838:,1747647680830
counter/1/0/0/0,17551:1747647663838:,1747647680830
counter/1/0/0/0,17552:1747647663838:,1747647680830
counter/1/0/0/0,17553:1747647663838:,1747647680830
counter/1/0/0/0,17554:1747647663864:,1747647680830
counter/1/0/0/0,17555:1747647663864:,1747647680830
counter/1/0/0/0,17556:1747647663864:,1747647680830
counter/1/0/0/0,17557:1747647663864:,1747647680830
counter/1/0/0/0,17558:1747647663864:,1747647680830
counter/1/0/0/0,17559:1747647663864:,1747647680830
counter/1/0/0/0,17560:1747647663864:,1747647680830
counter/1/0/0/0,17561:1747647664382:,1747647680830
counter/1/0/0/0,17562:1747647664384:,1747647680830
counter/1/0/0/0,17563:1747647664384:,1747647680830
counter/1/0/0/0,17564:1747647664385:,1747647680830
counter/1/0/0/0,17565:1747647664390:,1747647680830
counter/1/0/0/0,17566:1747647664393:,1747647680830
counter/1/0/0/0,17567:1747647664393:,1747647680830
counter/6/0/0/0,15975:1747647662994:,1747647680830
counter/1/0/0/0,17568:1747647664393:,1747647680830
counter/1/0/0/0,17569:1747647664394:,1747647680830
counter/10/0/0/0,15623:1747647662403:,1747647680830
counter/4/0/0/0,16219:1747647663782:,1747647680830
counter/1/0/0/0,17570:1747647664394:,1747647680830
counter/10/0/0/0,15624:1747647662403:,1747647680830
counter/1/0/0/0,17571:1747647664394:,1747647680830
counter/10/0/0/0,15625:1747647662403:,1747647680830
counter/7/0/0/0,15646:1747647662453:,1747647680830
counter/1/0/0/0,17572:1747647664395:,1747647680830
counter/5/0/0/0,16426:1747647662942:,1747647680830
counter/9/0/0/0,17029:1747647662779:,1747647680830
counter/1/0/0/0,17573:1747647664395:,1747647680830
counter/1/0/0/0,17574:1747647664405:,1747647680830
counter/2/0/0/0,16324:1747647662908:,1747647680830
counter/1/0/0/0,17575:1747647664405:,1747647680831
counter/8/0/0/0,17254:1747647663085:,1747647680831
counter/4/0/0/0,16220:1747647663782:,1747647680831
counter/1/0/0/0,17576:1747647664417:,1747647680831
counter/3/0/0/0,17116:1747647663867:,1747647680831
counter/10/0/0/0,15626:1747647662403:,1747647680831
counter/1/0/0/0,17577:1747647664427:,1747647680831
counter/3/0/0/0,17117:1747647663867:,1747647680831
counter/1/0/0/0,17578:1747647664427:,1747647680831
counter/3/0/0/0,17118:1747647663867:,1747647680831
counter/1/0/0/0,17579:1747647664427:,1747647680831
counter/3/0/0/0,17119:1747647663867:,1747647680831
counter/8/0/0/0,17255:1747647663085:,1747647680831
counter/1/0/0/0,17580:1747647664427:,1747647680831
counter/3/0/0/0,17120:1747647663867:,1747647680831
counter/4/0/0/0,16221:1747647663782:,1747647680831
counter/7/0/0/0,15647:1747647662453:,1747647680831
counter/1/0/0/0,17581:1747647664427:,1747647680831
counter/3/0/0/0,17121:1747647663867:,1747647680831
counter/10/0/0/0,15627:1747647662403:,1747647680831
counter/5/0/0/0,16427:1747647662942:,1747647680831
counter/1/0/0/0,17582:1747647664427:,1747647680831
counter/3/0/0/0,17122:1747647663867:,1747647680831
counter/1/0/0/0,17583:1747647664427:,1747647680831
counter/7/0/0/0,15648:1747647662455:,1747647680831
counter/10/0/0/0,15628:1747647662403:,1747647680831
counter/1/0/0/0,17584:1747647664427:,1747647680831
counter/5/0/0/0,16428:1747647662942:,1747647680831
counter/9/0/0/0,17030:1747647662780:,1747647680831
counter/1/0/0/0,17585:1747647664427:,1747647680831
counter/9/0/0/0,17031:1747647662788:,1747647680831
counter/1/0/0/0,17586:1747647664427:,1747647680831
counter/9/0/0/0,17032:1747647662789:,1747647680832
counter/1/0/0/0,17587:1747647664427:,1747647680832
counter/9/0/0/0,17033:1747647662789:,1747647680832
counter/1/0/0/0,17588:1747647664427:,1747647680832
counter/9/0/0/0,17034:1747647662789:,1747647680832
counter/1/0/0/0,17589:1747647664427:,1747647680832
counter/9/0/0/0,17035:1747647662789:,1747647680832
counter/1/0/0/0,17590:1747647664435:,1747647680832
counter/9/0/0/0,17036:1747647662789:,1747647680832
counter/1/0/0/0,17591:1747647664435:,1747647680832
counter/9/0/0/0,17037:1747647662789:,1747647680832
counter/1/0/0/0,17592:1747647664435:,1747647680832
counter/9/0/0/0,17038:1747647662789:,1747647680832
counter/1/0/0/0,17593:1747647664435:,1747647680832
counter/9/0/0/0,17039:1747647662789:,1747647680832
counter/1/0/0/0,17594:1747647664435:,1747647680832
counter/9/0/0/0,17040:1747647662789:,1747647680832
counter/1/0/0/0,17595:1747647664435:,1747647680832
counter/9/0/0/0,17041:1747647662789:,1747647680832
counter/1/0/0/0,17596:1747647664435:,1747647680832
counter/9/0/0/0,17042:1747647662789:,1747647680832
counter/8/0/0/0,17256:1747647663085:,1747647680832
counter/1/0/0/0,17597:1747647664435:,1747647680832
counter/9/0/0/0,17043:1747647662789:,1747647680832
counter/4/0/0/0,16222:1747647663782:,1747647680832
counter/1/0/0/0,17598:1747647664444:,1747647680832
counter/9/0/0/0,17044:1747647662789:,1747647680832
counter/4/0/0/0,16223:1747647663794:,1747647680832
counter/1/0/0/0,17599:1747647664444:,1747647680832
counter/9/0/0/0,17045:1747647662789:,1747647680832
counter/4/0/0/0,16224:1747647663794:,1747647680832
counter/1/0/0/0,17600:1747647664444:,1747647680832
counter/9/0/0/0,17046:1747647662789:,1747647680832
counter/4/0/0/0,16225:1747647663794:,1747647680832
counter/3/0/0/0,17123:1747647663867:,1747647680832
counter/1/0/0/0,17601:1747647664444:,1747647680832
counter/9/0/0/0,17047:1747647662789:,1747647680832
counter/8/0/0/0,17257:1747647663099:,1747647680832
counter/1/0/0/0,17602:1747647664444:,1747647680832
counter/9/0/0/0,17048:1747647662789:,1747647680832
counter/7/0/0/0,15649:1747647662455:,1747647680832
counter/5/0/0/0,16429:1747647662942:,1747647680832
counter/1/0/0/0,17603:1747647664452:,1747647680832
counter/9/0/0/0,17049:1747647662789:,1747647680833
counter/6/0/0/0,15976:1747647662994:,1747647680833
counter/4/0/0/0,16226:1747647663794:,1747647680833
counter/1/0/0/0,17604:1747647664452:,1747647680833
counter/9/0/0/0,17050:1747647662789:,1747647680833
counter/4/0/0/0,16227:1747647663794:,1747647680833
counter/1/0/0/0,17605:1747647664452:,1747647680833
counter/9/0/0/0,17051:1747647662790:,1747647680833
counter/4/0/0/0,16228:1747647663797:,1747647680833
counter/7/0/0/0,15650:1747647662455:,1747647680833
counter/5/0/0/0,16430:1747647662942:,1747647680833
counter/1/0/0/0,17606:1747647664452:,1747647680833
counter/9/0/0/0,17052:1747647662790:,1747647680833
counter/4/0/0/0,16229:1747647663797:,1747647680833
counter/6/0/0/0,15977:1747647662995:,1747647680833
counter/3/0/0/0,17124:1747647663867:,1747647680833
counter/1/0/0/0,17607:1747647664452:,1747647680833
counter/9/0/0/0,17053:1747647662790:,1747647680833
counter/4/0/0/0,16230:1747647663797:,1747647680833
counter/1/0/0/0,17608:1747647664452:,1747647680833
counter/9/0/0/0,17054:1747647662790:,1747647680833
counter/4/0/0/0,16231:1747647663797:,1747647680833
counter/1/0/0/0,17609:1747647664453:,1747647680833
counter/9/0/0/0,17055:1747647662790:,1747647680833
counter/4/0/0/0,16232:1747647663797:,1747647680833
counter/1/0/0/0,17610:1747647664453:,1747647680833
counter/9/0/0/0,17056:1747647662790:,1747647680833
counter/1/0/0/0,17611:1747647664477:,1747647680833
counter/9/0/0/0,17057:1747647662790:,1747647680833
counter/1/0/0/0,17612:1747647664477:,1747647680833
counter/9/0/0/0,17058:1747647662790:,1747647680833
counter/1/0/0/0,17613:1747647664477:,1747647680833
counter/9/0/0/0,17059:1747647662790:,1747647680833
counter/1/0/0/0,17614:1747647664477:,1747647680833
counter/9/0/0/0,17060:1747647662790:,1747647680833
counter/1/0/0/0,17615:1747647664477:,1747647680833
counter/9/0/0/0,17061:1747647662808:,1747647680833
counter/1/0/0/0,17616:1747647664477:,1747647680833
counter/9/0/0/0,17062:1747647662824:,1747647680833
counter/1/0/0/0,17617:1747647664477:,1747647680833
counter/9/0/0/0,17063:1747647662825:,1747647680833
counter/1/0/0/0,17618:1747647664477:,1747647680833
counter/9/0/0/0,17064:1747647662825:,1747647680833
counter/1/0/0/0,17619:1747647664477:,1747647680834
counter/9/0/0/0,17065:1747647662825:,1747647680834
counter/1/0/0/0,17620:1747647664477:,1747647680834
counter/9/0/0/0,17066:1747647662825:,1747647680834
counter/1/0/0/0,17621:1747647664477:,1747647680834
counter/9/0/0/0,17067:1747647662825:,1747647680834
counter/1/0/0/0,17622:1747647664477:,1747647680834
counter/9/0/0/0,17068:1747647662825:,1747647680834
counter/1/0/0/0,17623:1747647664477:,1747647680834
counter/9/0/0/0,17069:1747647662825:,1747647680834
counter/1/0/0/0,17624:1747647664477:,1747647680834
counter/9/0/0/0,17070:1747647662825:,1747647680834
counter/1/0/0/0,17625:1747647664477:,1747647680834
counter/9/0/0/0,17071:1747647662825:,1747647680834
counter/1/0/0/0,17626:1747647664479:,1747647680834
counter/9/0/0/0,17072:1747647662828:,1747647680834
counter/1/0/0/0,17627:1747647664479:,1747647680834
counter/9/0/0/0,17073:1747647662828:,1747647680834
counter/1/0/0/0,17628:1747647664479:,1747647680834
counter/9/0/0/0,17074:1747647662828:,1747647680834
counter/1/0/0/0,17629:1747647664479:,1747647680834
counter/9/0/0/0,17075:1747647662828:,1747647680834
counter/1/0/0/0,17630:1747647664485:,1747647680834
counter/9/0/0/0,17076:1747647662828:,1747647680834
counter/1/0/0/0,17631:1747647664485:,1747647680834
counter/9/0/0/0,17077:1747647662828:,1747647680834
counter/1/0/0/0,17632:1747647664485:,1747647680834
counter/9/0/0/0,17078:1747647662834:,1747647680834
counter/1/0/0/0,17633:1747647664485:,1747647680834
counter/9/0/0/0,17079:1747647662835:,1747647680834
counter/1/0/0/0,17634:1747647664485:,1747647680834
counter/9/0/0/0,17080:1747647662835:,1747647680834
counter/1/0/0/0,17635:1747647664485:,1747647680834
counter/9/0/0/0,17081:1747647662835:,1747647680834
counter/1/0/0/0,17636:1747647664485:,1747647680834
counter/9/0/0/0,17082:1747647662835:,1747647680834
counter/8/0/0/0,17258:1747647663099:,1747647680834
counter/1/0/0/0,17637:1747647664485:,1747647680834
counter/9/0/0/0,17083:1747647662835:,1747647680834
counter/8/0/0/0,17259:1747647663099:,1747647680835
counter/5/0/0/0,16431:1747647662942:,1747647680835
counter/1/0/0/0,17638:1747647664485:,1747647680835
counter/9/0/0/0,17084:1747647662835:,1747647680835
counter/8/0/0/0,17260:1747647663099:,1747647680835
counter/7/0/0/0,15651:1747647662455:,1747647680835
counter/3/0/0/0,17125:1747647663867:,1747647680835
counter/6/0/0/0,15978:1747647662995:,1747647680835
counter/1/0/0/0,17639:1747647664485:,1747647680835
counter/9/0/0/0,17085:1747647662836:,1747647680835
counter/4/0/0/0,16233:1747647663797:,1747647680835
counter/10/0/0/0,15629:1747647662403:,1747647680835
counter/1/0/0/0,17640:1747647664486:,1747647680835
counter/9/0/0/0,17086:1747647662838:,1747647680835
counter/10/0/0/0,15630:1747647662403:,1747647680835
counter/5/0/0/0,16432:1747647662942:,1747647680835
counter/1/0/0/0,17641:1747647664486:,1747647680835
counter/9/0/0/0,17087:1747647662838:,1747647680835
counter/10/0/0/0,15631:1747647662403:,1747647680835
counter/3/0/0/0,17126:1747647663867:,1747647680835
counter/1/0/0/0,17642:1747647664486:,1747647680835
counter/9/0/0/0,17088:1747647662838:,1747647680835
counter/10/0/0/0,15632:1747647662403:,1747647680835
counter/1/0/0/0,17643:1747647664486:,1747647680835
counter/9/0/0/0,17089:1747647662838:,1747647680835
counter/10/0/0/0,15633:1747647662403:,1747647680835
counter/1/0/0/0,17644:1747647664488:,1747647680835
counter/9/0/0/0,17090:1747647662838:,1747647680835
counter/1/0/0/0,17645:1747647664488:,1747647680835
counter/9/0/0/0,17091:1747647662838:,1747647680835
counter/1/0/0/0,17646:1747647664488:,1747647680835
counter/9/0/0/0,17092:1747647662838:,1747647680835
counter/1/0/0/0,17647:1747647664488:,1747647680835
counter/9/0/0/0,17093:1747647662838:,1747647680835
counter/4/0/0/0,16234:1747647663805:,1747647680835
counter/1/0/0/0,17648:1747647664488:,1747647680835
counter/9/0/0/0,17094:1747647662838:,1747647680835
counter/1/0/0/0,17649:1747647664488:,1747647680835
counter/9/0/0/0,17095:1747647662842:,1747647680835
counter/1/0/0/0,17650:1747647664488:,1747647680835
counter/9/0/0/0,17096:1747647662842:,1747647680835
counter/1/0/0/0,17651:1747647664488:,1747647680835
counter/9/0/0/0,17097:1747647662842:,1747647680835
counter/1/0/0/0,17652:1747647664488:,1747647680835
counter/9/0/0/0,17098:1747647662842:,1747647680836
counter/1/0/0/0,17653:1747647664489:,1747647680836
counter/9/0/0/0,17099:1747647662842:,1747647680836
counter/1/0/0/0,17654:1747647664489:,1747647680836
counter/9/0/0/0,17100:1747647662846:,1747647680836
counter/1/0/0/0,17655:1747647664489:,1747647680836
counter/9/0/0/0,17101:1747647662847:,1747647680836
counter/1/0/0/0,17656:1747647664489:,1747647680836
counter/9/0/0/0,17102:1747647662847:,1747647680836
counter/1/0/0/0,17657:1747647664489:,1747647680836
counter/9/0/0/0,17103:1747647662847:,1747647680836
counter/1/0/0/0,17658:1747647664489:,1747647680836
counter/9/0/0/0,17104:1747647662847:,1747647680836
counter/1/0/0/0,17659:1747647664489:,1747647680836
counter/9/0/0/0,17105:1747647662847:,1747647680836
counter/1/0/0/0,17660:1747647664491:,1747647680836
counter/9/0/0/0,17106:1747647662847:,1747647680836
counter/1/0/0/0,17661:1747647664491:,1747647680836
counter/9/0/0/0,17107:1747647662847:,1747647680836
counter/1/0/0/0,17662:1747647664491:,1747647680836
counter/9/0/0/0,17108:1747647662847:,1747647680836
counter/1/0/0/0,17663:1747647664491:,1747647680836
counter/9/0/0/0,17109:1747647662847:,1747647680836
counter/1/0/0/0,17664:1747647664491:,1747647680836
counter/9/0/0/0,17110:1747647662847:,1747647680836
counter/1/0/0/0,17665:1747647664491:,1747647680836
counter/9/0/0/0,17111:1747647662847:,1747647680836
counter/1/0/0/0,17666:1747647664491:,1747647680836
counter/9/0/0/0,17112:1747647662847:,1747647680836
counter/1/0/0/0,17667:1747647664491:,1747647680836
counter/9/0/0/0,17113:1747647662847:,1747647680836
counter/1/0/0/0,17668:1747647664491:,1747647680836
counter/9/0/0/0,17114:1747647662847:,1747647680836
counter/1/0/0/0,17669:1747647664494:,1747647680836
counter/9/0/0/0,17115:1747647662847:,1747647680836
counter/1/0/0/0,17670:1747647664494:,1747647680836
counter/9/0/0/0,17116:1747647662847:,1747647680836
counter/1/0/0/0,17671:1747647664494:,1747647680836
counter/9/0/0/0,17117:1747647662847:,1747647680836
counter/1/0/0/0,17672:1747647664494:,1747647680836
counter/9/0/0/0,17118:1747647662847:,1747647680837
counter/1/0/0/0,17673:1747647664494:,1747647680837
counter/9/0/0/0,17119:1747647662847:,1747647680837
counter/1/0/0/0,17674:1747647664505:,1747647680837
counter/9/0/0/0,17120:1747647662847:,1747647680837
counter/1/0/0/0,17675:1747647664505:,1747647680837
counter/9/0/0/0,17121:1747647662849:,1747647680837
counter/1/0/0/0,17676:1747647664505:,1747647680837
counter/9/0/0/0,17122:1747647662849:,1747647680837
counter/1/0/0/0,17677:1747647664513:,1747647680837
counter/9/0/0/0,17123:1747647662849:,1747647680837
counter/1/0/0/0,17678:1747647664519:,1747647680837
counter/9/0/0/0,17124:1747647662849:,1747647680837
counter/1/0/0/0,17679:1747647664519:,1747647680837
counter/9/0/0/0,17125:1747647662849:,1747647680837
counter/1/0/0/0,17680:1747647664519:,1747647680837
counter/9/0/0/0,17126:1747647662849:,1747647680837
counter/1/0/0/0,17681:1747647664519:,1747647680837
counter/9/0/0/0,17127:1747647662849:,1747647680837
counter/1/0/0/0,17682:1747647664519:,1747647680837
counter/9/0/0/0,17128:1747647662849:,1747647680837
counter/1/0/0/0,17683:1747647664519:,1747647680837
counter/9/0/0/0,17129:1747647662850:,1747647680837
counter/1/0/0/0,17684:1747647664519:,1747647680837
counter/9/0/0/0,17130:1747647662850:,1747647680837
counter/6/0/0/0,15979:1747647662995:,1747647680837
counter/1/0/0/0,17685:1747647664519:,1747647680837
counter/9/0/0/0,17131:1747647662850:,1747647680837
counter/10/0/0/0,15634:1747647662403:,1747647680837
counter/1/0/0/0,17686:1747647664519:,1747647680837
counter/9/0/0/0,17132:1747647662850:,1747647680837
counter/2/0/0/0,16325:1747647662908:,1747647680837
counter/4/0/0/0,16235:1747647663805:,1747647680837
counter/1/0/0/0,17687:1747647664519:,1747647680837
counter/9/0/0/0,17133:1747647662850:,1747647680837
counter/2/0/0/0,16326:1747647662908:,1747647680837
counter/3/0/0/0,17127:1747647663867:,1747647680837
counter/7/0/0/0,15652:1747647662455:,1747647680837
counter/5/0/0/0,16433:1747647662942:,1747647680837
counter/1/0/0/0,17688:1747647664519:,1747647680837
counter/9/0/0/0,17134:1747647662850:,1747647680837
counter/1/0/0/0,17689:1747647664519:,1747647680837
counter/9/0/0/0,17135:1747647662850:,1747647680838
counter/1/0/0/0,17690:1747647664520:,1747647680838
counter/9/0/0/0,17136:1747647662850:,1747647680838
counter/1/0/0/0,17691:1747647664520:,1747647680838
counter/9/0/0/0,17137:1747647662857:,1747647680838
counter/4/0/0/0,16236:1747647663805:,1747647680838
counter/1/0/0/0,17692:1747647664520:,1747647680838
counter/9/0/0/0,17138:1747647662863:,1747647680838
counter/1/0/0/0,17693:1747647664520:,1747647680838
counter/9/0/0/0,17139:1747647662863:,1747647680838
counter/10/0/0/0,15635:1747647662403:,1747647680838
counter/4/0/0/0,16237:1747647663805:,1747647680838
counter/1/0/0/0,17694:1747647664526:,1747647680838
counter/9/0/0/0,17140:1747647662863:,1747647680838
counter/4/0/0/0,16238:1747647663805:,1747647680838
counter/1/0/0/0,17695:1747647664526:,1747647680838
counter/9/0/0/0,17141:1747647662863:,1747647680838
counter/4/0/0/0,16239:1747647663805:,1747647680838
counter/1/0/0/0,17696:1747647664526:,1747647680838
counter/9/0/0/0,17142:1747647662863:,1747647680838
counter/4/0/0/0,16240:1747647663805:,1747647680838
counter/1/0/0/0,17697:1747647664526:,1747647680838
counter/9/0/0/0,17143:1747647662863:,1747647680838
counter/4/0/0/0,16241:1747647663823:,1747647680838
counter/1/0/0/0,17698:1747647664526:,1747647680838
counter/9/0/0/0,17144:1747647662864:,1747647680838
counter/4/0/0/0,16242:1747647663823:,1747647680838
counter/1/0/0/0,17699:1747647664526:,1747647680838
counter/9/0/0/0,17145:1747647662864:,1747647680838
counter/4/0/0/0,16243:1747647663823:,1747647680838
counter/1/0/0/0,17700:1747647664526:,1747647680838
counter/9/0/0/0,17146:1747647662864:,1747647680838
counter/4/0/0/0,16244:1747647663823:,1747647680838
counter/1/0/0/0,17701:1747647664526:,1747647680838
counter/9/0/0/0,17147:1747647662864:,1747647680838
counter/4/0/0/0,16245:1747647663823:,1747647680838
counter/1/0/0/0,17702:1747647664526:,1747647680838
counter/9/0/0/0,17148:1747647662864:,1747647680838
counter/4/0/0/0,16246:1747647663823:,1747647680838
counter/1/0/0/0,17703:1747647664526:,1747647680838
counter/9/0/0/0,17149:1747647662864:,1747647680838
counter/4/0/0/0,16247:1747647663825:,1747647680839
counter/1/0/0/0,17704:1747647664526:,1747647680839
counter/9/0/0/0,17150:1747647662864:,1747647680839
counter/4/0/0/0,16248:1747647663825:,1747647680839
counter/1/0/0/0,17705:1747647664526:,1747647680839
counter/9/0/0/0,17151:1747647662864:,1747647680839
counter/4/0/0/0,16249:1747647663825:,1747647680839
counter/1/0/0/0,17706:1747647664527:,1747647680839
counter/9/0/0/0,17152:1747647662864:,1747647680839
counter/4/0/0/0,16250:1747647663825:,1747647680839
counter/1/0/0/0,17707:1747647664527:,1747647680839
counter/9/0/0/0,17153:1747647662864:,1747647680839
counter/4/0/0/0,16251:1747647663825:,1747647680839
counter/1/0/0/0,17708:1747647664527:,1747647680839
counter/9/0/0/0,17154:1747647662864:,1747647680839
counter/4/0/0/0,16252:1747647663825:,1747647680839
counter/1/0/0/0,17709:1747647664532:,1747647680839
counter/9/0/0/0,17155:1747647662864:,1747647680839
counter/4/0/0/0,16253:1747647663825:,1747647680839
counter/1/0/0/0,17710:1747647664533:,1747647680839
counter/9/0/0/0,17156:1747647662864:,1747647680839
counter/4/0/0/0,16254:1747647663825:,1747647680839
counter/1/0/0/0,17711:1747647664533:,1747647680839
counter/9/0/0/0,17157:1747647662864:,1747647680839
counter/4/0/0/0,16255:1747647663825:,1747647680839
counter/1/0/0/0,17712:1747647664533:,1747647680839
counter/9/0/0/0,17158:1747647662864:,1747647680839
counter/4/0/0/0,16256:1747647663825:,1747647680839
counter/1/0/0/0,17713:1747647664533:,1747647680839
counter/9/0/0/0,17159:1747647662864:,1747647680839
counter/4/0/0/0,16257:1747647663825:,1747647680839
counter/1/0/0/0,17714:1747647664533:,1747647680839
counter/9/0/0/0,17160:1747647662864:,1747647680839
counter/4/0/0/0,16258:1747647663825:,1747647680839
counter/1/0/0/0,17715:1747647664533:,1747647680839
counter/9/0/0/0,17161:1747647662864:,1747647680839
counter/4/0/0/0,16259:1747647663825:,1747647680839
counter/1/0/0/0,17716:1747647664533:,1747647680839
counter/9/0/0/0,17162:1747647662864:,1747647680839
counter/4/0/0/0,16260:1747647663828:,1747647680839
counter/9/0/0/0,17163:1747647662864:,1747647680839
counter/4/0/0/0,16261:1747647664381:,1747647680839
counter/9/0/0/0,17164:1747647662864:,1747647680839
counter/4/0/0/0,16262:1747647664383:,1747647680840
counter/9/0/0/0,17165:1747647662867:,1747647680840
counter/4/0/0/0,16263:1747647664385:,1747647680840
counter/9/0/0/0,17166:1747647662867:,1747647680840
counter/4/0/0/0,16264:1747647664385:,1747647680840
counter/9/0/0/0,17167:1747647662867:,1747647680840
counter/4/0/0/0,16265:1747647664389:,1747647680840
counter/9/0/0/0,17168:1747647662867:,1747647680840
counter/4/0/0/0,16266:1747647664392:,1747647680840
counter/9/0/0/0,17169:1747647662867:,1747647680840
counter/4/0/0/0,16267:1747647664395:,1747647680840
counter/9/0/0/0,17170:1747647662867:,1747647680840
counter/4/0/0/0,16268:1747647664396:,1747647680840
counter/9/0/0/0,17171:1747647662867:,1747647680840
counter/4/0/0/0,16269:1747647664396:,1747647680840
counter/9/0/0/0,17172:1747647662867:,1747647680840
counter/4/0/0/0,16270:1747647664396:,1747647680840
counter/9/0/0/0,17173:1747647662867:,1747647680840
counter/4/0/0/0,16271:1747647664396:,1747647680840
counter/9/0/0/0,17174:1747647662867:,1747647680840
counter/4/0/0/0,16272:1747647664398:,1747647680840
counter/9/0/0/0,17175:1747647662869:,1747647680840
counter/4/0/0/0,16273:1747647664398:,1747647680840
counter/9/0/0/0,17176:1747647662869:,1747647680840
counter/4/0/0/0,16274:1747647664398:,1747647680840
counter/9/0/0/0,17177:1747647662869:,1747647680840
counter/4/0/0/0,16275:1747647664398:,1747647680840
counter/9/0/0/0,17178:1747647662869:,1747647680840
counter/4/0/0/0,16276:1747647664398:,1747647680840
counter/9/0/0/0,17179:1747647662869:,1747647680840
counter/4/0/0/0,16277:1747647664399:,1747647680840
counter/9/0/0/0,17180:1747647662869:,1747647680840
counter/4/0/0/0,16278:1747647664399:,1747647680840
counter/9/0/0/0,17181:1747647662869:,1747647680840
counter/4/0/0/0,16279:1747647664399:,1747647680840
counter/9/0/0/0,17182:1747647662869:,1747647680840
counter/4/0/0/0,16280:1747647664399:,1747647680840
counter/9/0/0/0,17183:1747647662875:,1747647680840
counter/4/0/0/0,16281:1747647664399:,1747647680840
counter/9/0/0/0,17184:1747647662876:,1747647680840
counter/4/0/0/0,16282:1747647664399:,1747647680840
counter/9/0/0/0,17185:1747647662876:,1747647680840
counter/4/0/0/0,16283:1747647664399:,1747647680840
counter/9/0/0/0,17186:1747647662876:,1747647680840
counter/4/0/0/0,16284:1747647664399:,1747647680840
counter/9/0/0/0,17187:1747647662876:,1747647680841
counter/4/0/0/0,16285:1747647664399:,1747647680841
counter/9/0/0/0,17188:1747647662876:,1747647680841
counter/4/0/0/0,16286:1747647664399:,1747647680841
counter/6/0/0/0,15980:1747647662995:,1747647680841
counter/9/0/0/0,17189:1747647662876:,1747647680841
counter/4/0/0/0,16287:1747647664399:,1747647680841
counter/8/0/0/0,17261:1747647663099:,1747647680841
counter/10/0/0/0,15636:1747647662403:,1747647680841
counter/9/0/0/0,17190:1747647662876:,1747647680841
counter/4/0/0/0,16288:1747647664399:,1747647680841
counter/3/0/0/0,17128:1747647663867:,1747647680841
counter/2/0/0/0,16327:1747647662908:,1747647680841
counter/5/0/0/0,16434:1747647662957:,1747647680841
counter/9/0/0/0,17191:1747647662883:,1747647680841
counter/4/0/0/0,16289:1747647664399:,1747647680841
counter/7/0/0/0,15653:1747647662455:,1747647680841
counter/9/0/0/0,17192:1747647662884:,1747647680841
counter/4/0/0/0,16290:1747647664399:,1747647680841
counter/9/0/0/0,17193:1747647662884:,1747647680841
counter/4/0/0/0,16291:1747647664399:,1747647680841
counter/9/0/0/0,17194:1747647662884:,1747647680841
counter/4/0/0/0,16292:1747647664399:,1747647680841
counter/9/0/0/0,17195:1747647662884:,1747647680841
counter/4/0/0/0,16293:1747647664399:,1747647680841
counter/9/0/0/0,17196:1747647662884:,1747647680841
counter/4/0/0/0,16294:1747647664399:,1747647680841
counter/9/0/0/0,17197:1747647662884:,1747647680841
counter/4/0/0/0,16295:1747647664399:,1747647680841
counter/9/0/0/0,17198:1747647662884:,1747647680841
counter/4/0/0/0,16296:1747647664401:,1747647680841
counter/9/0/0/0,17199:1747647662884:,1747647680841
counter/4/0/0/0,16297:1747647664401:,1747647680841
counter/9/0/0/0,17200:1747647662884:,1747647680841
counter/4/0/0/0,16298:1747647664401:,1747647680841
counter/9/0/0/0,17201:1747647662884:,1747647680841
counter/4/0/0/0,16299:1747647664401:,1747647680841
counter/9/0/0/0,17202:1747647662884:,1747647680841
counter/4/0/0/0,16300:1747647664401:,1747647680841
counter/9/0/0/0,17203:1747647662884:,1747647680841
counter/4/0/0/0,16301:1747647664402:,1747647680842
counter/9/0/0/0,17204:1747647662887:,1747647680842
counter/4/0/0/0,16302:1747647664402:,1747647680842
counter/9/0/0/0,17205:1747647662887:,1747647680842
counter/4/0/0/0,16303:1747647664402:,1747647680842
counter/10/0/0/0,15637:1747647662403:,1747647680842
counter/7/0/0/0,15654:1747647662456:,1747647680842
counter/9/0/0/0,17206:1747647662887:,1747647680842
counter/4/0/0/0,16304:1747647664406:,1747647680842
counter/9/0/0/0,17207:1747647662887:,1747647680842
counter/4/0/0/0,16305:1747647664406:,1747647680842
counter/9/0/0/0,17208:1747647662887:,1747647680842
counter/4/0/0/0,16306:1747647664406:,1747647680842
counter/9/0/0/0,17209:1747647662887:,1747647680842
counter/4/0/0/0,16307:1747647664407:,1747647680842
counter/9/0/0/0,17210:1747647662887:,1747647680842
counter/4/0/0/0,16308:1747647664407:,1747647680842
counter/9/0/0/0,17211:1747647662887:,1747647680842
counter/4/0/0/0,16309:1747647664407:,1747647680842
counter/9/0/0/0,17212:1747647662887:,1747647680842
counter/4/0/0/0,16310:1747647664407:,1747647680842
counter/9/0/0/0,17213:1747647662887:,1747647680842
counter/4/0/0/0,16311:1747647664407:,1747647680842
counter/9/0/0/0,17214:1747647662887:,1747647680842
counter/4/0/0/0,16312:1747647664407:,1747647680842
counter/9/0/0/0,17215:1747647662887:,1747647680842
counter/4/0/0/0,16313:1747647664407:,1747647680842
counter/9/0/0/0,17216:1747647662887:,1747647680842
counter/4/0/0/0,16314:1747647664407:,1747647680842
counter/9/0/0/0,17217:1747647662887:,1747647680842
counter/4/0/0/0,16315:1747647664412:,1747647680842
counter/9/0/0/0,17218:1747647662887:,1747647680842
counter/4/0/0/0,16316:1747647664412:,1747647680842
counter/9/0/0/0,17219:1747647662887:,1747647680842
counter/4/0/0/0,16317:1747647664412:,1747647680842
counter/9/0/0/0,17220:1747647662887:,1747647680842
counter/4/0/0/0,16318:1747647664412:,1747647680842
counter/9/0/0/0,17221:1747647662887:,1747647680842
counter/4/0/0/0,16319:1747647664412:,1747647680842
counter/9/0/0/0,17222:1747647662887:,1747647680842
counter/4/0/0/0,16320:1747647664412:,1747647680842
counter/9/0/0/0,17223:1747647662888:,1747647680842
counter/4/0/0/0,16321:1747647664412:,1747647680842
counter/6/0/0/0,15981:1747647662995:,1747647680842
counter/9/0/0/0,17224:1747647662888:,1747647680843
counter/4/0/0/0,16322:1747647664412:,1747647680843
counter/5/0/0/0,16435:1747647662958:,1747647680843
counter/9/0/0/0,17225:1747647662888:,1747647680843
counter/4/0/0/0,16323:1747647664412:,1747647680843
counter/1/0/0/0,17717:1747647664533:,1747647680843
counter/3/0/0/0,17129:1747647664377:,1747647680843
counter/10/0/0/0,15638:1747647662403:,1747647680843
counter/9/0/0/0,17226:1747647662888:,1747647680843
counter/4/0/0/0,16324:1747647664412:,1747647680843
counter/7/0/0/0,15655:1747647662456:,1747647680843
counter/8/0/0/0,17262:1747647663099:,1747647680843
counter/9/0/0/0,17227:1747647662888:,1747647680843
counter/4/0/0/0,16325:1747647664412:,1747647680843
counter/9/0/0/0,17228:1747647662890:,1747647680843
counter/4/0/0/0,16326:1747647664412:,1747647680843
counter/9/0/0/0,17229:1747647662890:,1747647680843
counter/4/0/0/0,16327:1747647664412:,1747647680843
counter/9/0/0/0,17230:1747647662890:,1747647680843
counter/4/0/0/0,16328:1747647664412:,1747647680843
counter/9/0/0/0,17231:1747647662890:,1747647680843
counter/4/0/0/0,16329:1747647664412:,1747647680843
counter/9/0/0/0,17232:1747647662890:,1747647680843
counter/4/0/0/0,16330:1747647664412:,1747647680843
counter/9/0/0/0,17233:1747647662890:,1747647680843
counter/4/0/0/0,16331:1747647664412:,1747647680843
counter/9/0/0/0,17234:1747647662895:,1747647680843
counter/4/0/0/0,16332:1747647664421:,1747647680843
counter/9/0/0/0,17235:1747647662895:,1747647680843
counter/4/0/0/0,16333:1747647664421:,1747647680843
counter/9/0/0/0,17236:1747647662895:,1747647680843
counter/4/0/0/0,16334:1747647664421:,1747647680843
counter/9/0/0/0,17237:1747647662895:,1747647680843
counter/4/0/0/0,16335:1747647664421:,1747647680843
counter/9/0/0/0,17238:1747647662895:,1747647680843
counter/4/0/0/0,16336:1747647664422:,1747647680843
counter/9/0/0/0,17239:1747647662895:,1747647680843
counter/4/0/0/0,16337:1747647664422:,1747647680843
counter/9/0/0/0,17240:1747647662895:,1747647680843
counter/4/0/0/0,16338:1747647664422:,1747647680843
counter/9/0/0/0,17241:1747647662895:,1747647680843
counter/4/0/0/0,16339:1747647664430:,1747647680844
counter/9/0/0/0,17242:1747647662895:,1747647680844
counter/4/0/0/0,16340:1747647664430:,1747647680844
counter/9/0/0/0,17243:1747647662895:,1747647680844
counter/4/0/0/0,16341:1747647664430:,1747647680844
counter/9/0/0/0,17244:1747647662895:,1747647680844
counter/4/0/0/0,16342:1747647664430:,1747647680844
counter/10/0/0/0,15639:1747647662403:,1747647680844
counter/9/0/0/0,17245:1747647662895:,1747647680844
counter/4/0/0/0,16343:1747647664430:,1747647680844
counter/8/0/0/0,17263:1747647663129:,1747647680844
counter/9/0/0/0,17246:1747647662895:,1747647680844
counter/4/0/0/0,16344:1747647664430:,1747647680844
counter/9/0/0/0,17247:1747647662895:,1747647680844
counter/4/0/0/0,16345:1747647664430:,1747647680844
counter/9/0/0/0,17248:1747647662895:,1747647680844
counter/4/0/0/0,16346:1747647664453:,1747647680844
counter/9/0/0/0,17249:1747647662895:,1747647680844
counter/4/0/0/0,16347:1747647664453:,1747647680844
counter/10/0/0/0,15640:1747647662403:,1747647680844
counter/9/0/0/0,17250:1747647662896:,1747647680844
counter/4/0/0/0,16348:1747647664453:,1747647680844
counter/10/0/0/0,15641:1747647662403:,1747647680844
counter/5/0/0/0,16436:1747647662958:,1747647680844
counter/9/0/0/0,17251:1747647662897:,1747647680844
counter/4/0/0/0,16349:1747647664453:,1747647680844
counter/10/0/0/0,15642:1747647662403:,1747647680844
counter/9/0/0/0,17252:1747647662897:,1747647680844
counter/4/0/0/0,16350:1747647664453:,1747647680844
counter/10/0/0/0,15643:1747647662403:,1747647680844
counter/9/0/0/0,17253:1747647662897:,1747647680844
counter/4/0/0/0,16351:1747647664454:,1747647680844
counter/10/0/0/0,15644:1747647662403:,1747647680844
counter/9/0/0/0,17254:1747647662897:,1747647680844
counter/4/0/0/0,16352:1747647664454:,1747647680844
counter/10/0/0/0,15645:1747647662403:,1747647680844
counter/9/0/0/0,17255:1747647662897:,1747647680844
counter/4/0/0/0,16353:1747647664454:,1747647680844
counter/10/0/0/0,15646:1747647662403:,1747647680844
counter/9/0/0/0,17256:1747647662898:,1747647680844
counter/4/0/0/0,16354:1747647664454:,1747647680844
counter/10/0/0/0,15647:1747647662403:,1747647680844
counter/1/0/0/0,17718:1747647664533:,1747647680844
counter/9/0/0/0,17257:1747647662898:,1747647680844
counter/4/0/0/0,16355:1747647664454:,1747647680844
counter/10/0/0/0,15648:1747647662403:,1747647680845
counter/3/0/0/0,17130:1747647664378:,1747647680845
counter/9/0/0/0,17258:1747647662898:,1747647680845
counter/4/0/0/0,16356:1747647664454:,1747647680845
counter/10/0/0/0,15649:1747647662403:,1747647680845
counter/9/0/0/0,17259:1747647662898:,1747647680845
counter/4/0/0/0,16357:1747647664454:,1747647680845
counter/10/0/0/0,15650:1747647662403:,1747647680845
counter/9/0/0/0,17260:1747647662898:,1747647680845
counter/4/0/0/0,16358:1747647664454:,1747647680845
counter/10/0/0/0,15651:1747647662409:,1747647680845
counter/9/0/0/0,17261:1747647662898:,1747647680845
counter/4/0/0/0,16359:1747647664463:,1747647680845
counter/10/0/0/0,15652:1747647662410:,1747647680845
counter/9/0/0/0,17262:1747647662898:,1747647680845
counter/4/0/0/0,16360:1747647664463:,1747647680845
counter/10/0/0/0,15653:1747647662410:,1747647680845
counter/9/0/0/0,17263:1747647662899:,1747647680845
counter/4/0/0/0,16361:1747647664463:,1747647680845
counter/10/0/0/0,15654:1747647662410:,1747647680845
counter/9/0/0/0,17264:1747647662899:,1747647680845
counter/4/0/0/0,16362:1747647664463:,1747647680845
counter/10/0/0/0,15655:1747647662410:,1747647680845
counter/9/0/0/0,17265:1747647662899:,1747647680845
counter/4/0/0/0,16363:1747647664463:,1747647680845
counter/10/0/0/0,15656:1747647662410:,1747647680845
counter/9/0/0/0,17266:1747647662899:,1747647680845
counter/4/0/0/0,16364:1747647664464:,1747647680845
counter/10/0/0/0,15657:1747647662410:,1747647680845
counter/9/0/0/0,17267:1747647662899:,1747647680845
counter/4/0/0/0,16365:1747647664464:,1747647680845
counter/10/0/0/0,15658:1747647662410:,1747647680845
counter/9/0/0/0,17268:1747647662899:,1747647680845
counter/4/0/0/0,16366:1747647664464:,1747647680845
counter/10/0/0/0,15659:1747647662410:,1747647680845
counter/9/0/0/0,17269:1747647662899:,1747647680845
counter/4/0/0/0,16367:1747647664464:,1747647680845
counter/10/0/0/0,15660:1747647662410:,1747647680845
counter/9/0/0/0,17270:1747647662899:,1747647680845
counter/4/0/0/0,16368:1747647664464:,1747647680845
counter/10/0/0/0,15661:1747647662410:,1747647680846
counter/9/0/0/0,17271:1747647662899:,1747647680846
counter/4/0/0/0,16369:1747647664464:,1747647680846
counter/9/0/0/0,17272:1747647662900:,1747647680846
counter/4/0/0/0,16370:1747647664464:,1747647680846
counter/9/0/0/0,17273:1747647662900:,1747647680846
counter/4/0/0/0,16371:1747647664464:,1747647680846
counter/9/0/0/0,17274:1747647662901:,1747647680846
counter/4/0/0/0,16372:1747647664464:,1747647680846
counter/9/0/0/0,17275:1747647662901:,1747647680846
counter/4/0/0/0,16373:1747647664464:,1747647680846
counter/9/0/0/0,17276:1747647662901:,1747647680846
counter/4/0/0/0,16374:1747647664464:,1747647680846
counter/9/0/0/0,17277:1747647662901:,1747647680846
counter/4/0/0/0,16375:1747647664464:,1747647680846
counter/9/0/0/0,17278:1747647662901:,1747647680846
counter/4/0/0/0,16376:1747647664468:,1747647680846
counter/10/0/0/0,15662:1747647662410:,1747647680846
counter/9/0/0/0,17279:1747647662901:,1747647680846
counter/4/0/0/0,16377:1747647664468:,1747647680846
counter/10/0/0/0,15663:1747647662410:,1747647680846
counter/6/0/0/0,15982:1747647662997:,1747647680846
counter/9/0/0/0,17280:1747647662901:,1747647680846
counter/4/0/0/0,16378:1747647664468:,1747647680846
counter/5/0/0/0,16437:1747647662958:,1747647680846
counter/7/0/0/0,15656:1747647662456:,1747647680846
counter/9/0/0/0,17281:1747647662901:,1747647680846
counter/4/0/0/0,16379:1747647664468:,1747647680846
counter/9/0/0/0,17282:1747647662901:,1747647680846
counter/4/0/0/0,16380:1747647664468:,1747647680846
counter/10/0/0/0,15664:1747647662410:,1747647680846
counter/9/0/0/0,17283:1747647662901:,1747647680846
counter/4/0/0/0,16381:1747647664468:,1747647680846
counter/7/0/0/0,15657:1747647662456:,1747647680846
counter/8/0/0/0,17264:1747647663129:,1747647680846
counter/9/0/0/0,17284:1747647662901:,1747647680846
counter/4/0/0/0,16382:1747647664468:,1747647680846
counter/9/0/0/0,17285:1747647662901:,1747647680846
counter/4/0/0/0,16383:1747647664468:,1747647680846
counter/9/0/0/0,17286:1747647662902:,1747647680846
counter/4/0/0/0,16384:1747647664468:,1747647680846
counter/9/0/0/0,17287:1747647662902:,1747647680846
counter/4/0/0/0,16385:1747647664468:,1747647680846
counter/9/0/0/0,17288:1747647662902:,1747647680846
counter/4/0/0/0,16386:1747647664468:,1747647680846
counter/9/0/0/0,17289:1747647662902:,1747647680847
counter/4/0/0/0,16387:1747647664468:,1747647680847
counter/9/0/0/0,17290:1747647662902:,1747647680847
counter/4/0/0/0,16388:1747647664468:,1747647680847
counter/9/0/0/0,17291:1747647662902:,1747647680847
counter/4/0/0/0,16389:1747647664473:,1747647680847
counter/9/0/0/0,17292:1747647662902:,1747647680847
counter/4/0/0/0,16390:1747647664473:,1747647680847
counter/9/0/0/0,17293:1747647662902:,1747647680847
counter/4/0/0/0,16391:1747647664473:,1747647680847
counter/9/0/0/0,17294:1747647662902:,1747647680847
counter/4/0/0/0,16392:1747647664473:,1747647680847
counter/9/0/0/0,17295:1747647662902:,1747647680847
counter/4/0/0/0,16393:1747647664474:,1747647680847
counter/9/0/0/0,17296:1747647662906:,1747647680847
counter/4/0/0/0,16394:1747647664474:,1747647680847
counter/9/0/0/0,17297:1747647662906:,1747647680847
counter/4/0/0/0,16395:1747647664474:,1747647680847
counter/9/0/0/0,17298:1747647662906:,1747647680847
counter/4/0/0/0,16396:1747647664474:,1747647680847
counter/6/0/0/0,15983:1747647663001:,1747647680847
counter/8/0/0/0,17265:1747647663129:,1747647680847
counter/9/0/0/0,17299:1747647662906:,1747647680847
counter/4/0/0/0,16397:1747647664474:,1747647680847
counter/7/0/0/0,15658:1747647662456:,1747647680847
counter/3/0/0/0,17131:1747647664388:,1747647680847
counter/9/0/0/0,17300:1747647662907:,1747647680847
counter/4/0/0/0,16398:1747647664474:,1747647680847
counter/9/0/0/0,17301:1747647662907:,1747647680847
counter/4/0/0/0,16399:1747647664474:,1747647680847
counter/9/0/0/0,17302:1747647662907:,1747647680847
counter/4/0/0/0,16400:1747647664474:,1747647680847
counter/9/0/0/0,17303:1747647662907:,1747647680847
counter/4/0/0/0,16401:1747647664474:,1747647680847
counter/7/0/0/0,15659:1747647662466:,1747647680847
counter/9/0/0/0,17304:1747647662907:,1747647680847
counter/4/0/0/0,16402:1747647664474:,1747647680847
counter/5/0/0/0,16438:1747647662958:,1747647680847
counter/9/0/0/0,17305:1747647662907:,1747647680847
counter/4/0/0/0,16403:1747647664474:,1747647680847
counter/9/0/0/0,17306:1747647662907:,1747647680847
counter/4/0/0/0,16404:1747647664474:,1747647680847
counter/9/0/0/0,17307:1747647662910:,1747647680847
counter/4/0/0/0,16405:1747647664474:,1747647680848
counter/9/0/0/0,17308:1747647662910:,1747647680848
counter/4/0/0/0,16406:1747647664474:,1747647680848
counter/9/0/0/0,17309:1747647662910:,1747647680848
counter/4/0/0/0,16407:1747647664474:,1747647680848
counter/9/0/0/0,17310:1747647662910:,1747647680848
counter/4/0/0/0,16408:1747647664475:,1747647680848
counter/9/0/0/0,17311:1747647662910:,1747647680848
counter/4/0/0/0,16409:1747647664475:,1747647680848
counter/9/0/0/0,17312:1747647662910:,1747647680848
counter/4/0/0/0,16410:1747647664475:,1747647680848
counter/8/0/0/0,17266:1747647663129:,1747647680848
counter/9/0/0/0,17313:1747647662910:,1747647680848
counter/4/0/0/0,16411:1747647664475:,1747647680848
counter/6/0/0/0,15984:1747647663001:,1747647680848
counter/2/0/0/0,16328:1747647662908:,1747647680848
counter/9/0/0/0,17314:1747647662910:,1747647680848
counter/4/0/0/0,16412:1747647664475:,1747647680848
counter/7/0/0/0,15660:1747647662466:,1747647680848
counter/3/0/0/0,17132:1747647664388:,1747647680848
counter/10/0/0/0,15665:1747647662414:,1747647680848
counter/9/0/0/0,17315:1747647662910:,1747647680848
counter/4/0/0/0,16413:1747647664475:,1747647680848
counter/10/0/0/0,15666:1747647662414:,1747647680848
counter/9/0/0/0,17316:1747647662922:,1747647680848
counter/4/0/0/0,16414:1747647664475:,1747647680848
counter/5/0/0/0,16439:1747647662958:,1747647680848
counter/9/0/0/0,17317:1747647662922:,1747647680848
counter/4/0/0/0,16415:1747647664475:,1747647680848
counter/5/0/0/0,16440:1747647662959:,1747647680848
counter/9/0/0/0,17318:1747647662922:,1747647680848
counter/4/0/0/0,16416:1747647664475:,1747647680848
counter/5/0/0/0,16441:1747647662959:,1747647680848
counter/9/0/0/0,17319:1747647662931:,1747647680848
counter/4/0/0/0,16417:1747647664475:,1747647680848
counter/5/0/0/0,16442:1747647662959:,1747647680848
counter/9/0/0/0,17320:1747647662936:,1747647680848
counter/4/0/0/0,16418:1747647664475:,1747647680848
counter/5/0/0/0,16443:1747647662959:,1747647680848
counter/9/0/0/0,17321:1747647662936:,1747647680848
counter/4/0/0/0,16419:1747647664478:,1747647680848
counter/5/0/0/0,16444:1747647662959:,1747647680848
counter/9/0/0/0,17322:1747647662936:,1747647680849
counter/4/0/0/0,16420:1747647664478:,1747647680849
counter/5/0/0/0,16445:1747647662959:,1747647680849
counter/9/0/0/0,17323:1747647662936:,1747647680849
counter/4/0/0/0,16421:1747647664478:,1747647680849
counter/5/0/0/0,16446:1747647662959:,1747647680849
counter/9/0/0/0,17324:1747647662936:,1747647680849
counter/4/0/0/0,16422:1747647664478:,1747647680849
counter/5/0/0/0,16447:1747647662959:,1747647680849
counter/8/0/0/0,17267:1747647663129:,1747647680849
counter/6/0/0/0,15985:1747647663001:,1747647680849
counter/9/0/0/0,17325:1747647662936:,1747647680849
counter/4/0/0/0,16423:1747647664478:,1747647680849
counter/5/0/0/0,16448:1747647662959:,1747647680849
counter/2/0/0/0,16329:1747647662908:,1747647680849
counter/7/0/0/0,15661:1747647662466:,1747647680849
counter/9/0/0/0,17326:1747647662936:,1747647680849
counter/4/0/0/0,16424:1747647664478:,1747647680849
counter/5/0/0/0,16449:1747647662960:,1747647680849
counter/9/0/0/0,17327:1747647662936:,1747647680849
counter/4/0/0/0,16425:1747647664478:,1747647680849
counter/5/0/0/0,16450:1747647662961:,1747647680849
counter/9/0/0/0,17328:1747647662936:,1747647680849
counter/4/0/0/0,16426:1747647664478:,1747647680849
counter/5/0/0/0,16451:1747647662961:,1747647680849
counter/9/0/0/0,17329:1747647662936:,1747647680849
counter/4/0/0/0,16427:1747647664478:,1747647680849
counter/5/0/0/0,16452:1747647662961:,1747647680849
counter/9/0/0/0,17330:1747647662937:,1747647680849
counter/4/0/0/0,16428:1747647664478:,1747647680849
counter/5/0/0/0,16453:1747647662964:,1747647680849
counter/9/0/0/0,17331:1747647662937:,1747647680849
counter/4/0/0/0,16429:1747647664478:,1747647680849
counter/5/0/0/0,16454:1747647662964:,1747647680849
counter/9/0/0/0,17332:1747647662937:,1747647680849
counter/4/0/0/0,16430:1747647664478:,1747647680849
counter/5/0/0/0,16455:1747647662964:,1747647680849
counter/9/0/0/0,17333:1747647662937:,1747647680849
counter/4/0/0/0,16431:1747647664478:,1747647680849
counter/5/0/0/0,16456:1747647662964:,1747647680849
counter/9/0/0/0,17334:1747647662937:,1747647680849
counter/4/0/0/0,16432:1747647664478:,1747647680849
counter/5/0/0/0,16457:1747647662964:,1747647680849
counter/9/0/0/0,17335:1747647662937:,1747647680850
counter/4/0/0/0,16433:1747647664478:,1747647680850
counter/5/0/0/0,16458:1747647662964:,1747647680850
counter/9/0/0/0,17336:1747647662937:,1747647680850
counter/4/0/0/0,16434:1747647664478:,1747647680850
counter/5/0/0/0,16459:1747647662964:,1747647680850
counter/9/0/0/0,17337:1747647662937:,1747647680850
counter/4/0/0/0,16435:1747647664478:,1747647680850
counter/5/0/0/0,16460:1747647662964:,1747647680850
counter/9/0/0/0,17338:1747647662937:,1747647680850
counter/4/0/0/0,16436:1747647664479:,1747647680850
counter/5/0/0/0,16461:1747647662964:,1747647680850
counter/9/0/0/0,17339:1747647662937:,1747647680850
counter/4/0/0/0,16437:1747647664479:,1747647680850
counter/9/0/0/0,17340:1747647662937:,1747647680850
counter/4/0/0/0,16438:1747647664479:,1747647680850
counter/9/0/0/0,17341:1747647662937:,1747647680850
counter/4/0/0/0,16439:1747647664479:,1747647680850
counter/9/0/0/0,17342:1747647662937:,1747647680850
counter/4/0/0/0,16440:1747647664479:,1747647680850
counter/9/0/0/0,17343:1747647662937:,1747647680850
counter/4/0/0/0,16441:1747647664481:,1747647680850
counter/9/0/0/0,17344:1747647662937:,1747647680850
counter/4/0/0/0,16442:1747647664481:,1747647680850
counter/9/0/0/0,17345:1747647662937:,1747647680850
counter/4/0/0/0,16443:1747647664481:,1747647680850
counter/9/0/0/0,17346:1747647662937:,1747647680850
counter/4/0/0/0,16444:1747647664481:,1747647680850
counter/9/0/0/0,17347:1747647662937:,1747647680850
counter/4/0/0/0,16445:1747647664481:,1747647680850
counter/9/0/0/0,17348:1747647662937:,1747647680850
counter/4/0/0/0,16446:1747647664481:,1747647680850
counter/10/0/0/0,15667:1747647662414:,1747647680850
counter/9/0/0/0,17349:1747647662937:,1747647680850
counter/4/0/0/0,16447:1747647664481:,1747647680850
counter/3/0/0/0,17133:1747647664388:,1747647680850
counter/6/0/0/0,15986:1747647663003:,1747647680850
counter/9/0/0/0,17350:1747647662937:,1747647680850
counter/4/0/0/0,16448:1747647664481:,1747647680850
counter/8/0/0/0,17268:1747647663129:,1747647680850
counter/9/0/0/0,17351:1747647662938:,1747647680850
counter/4/0/0/0,16449:1747647664481:,1747647680851
counter/9/0/0/0,17352:1747647662938:,1747647680851
counter/4/0/0/0,16450:1747647664481:,1747647680851
counter/9/0/0/0,17353:1747647662938:,1747647680851
counter/4/0/0/0,16451:1747647664481:,1747647680851
counter/10/0/0/0,15668:1747647662414:,1747647680851
counter/9/0/0/0,17354:1747647662938:,1747647680851
counter/4/0/0/0,16452:1747647664481:,1747647680851
counter/8/0/0/0,17269:1747647663129:,1747647680851
counter/7/0/0/0,15662:1747647662466:,1747647680851
counter/9/0/0/0,17355:1747647662938:,1747647680851
counter/4/0/0/0,16453:1747647664481:,1747647680851
counter/7/0/0/0,15663:1747647662466:,1747647680851
counter/9/0/0/0,17356:1747647662938:,1747647680851
counter/4/0/0/0,16454:1747647664481:,1747647680851
counter/7/0/0/0,15664:1747647662466:,1747647680851
counter/9/0/0/0,17357:1747647662938:,1747647680851
counter/4/0/0/0,16455:1747647664481:,1747647680851
counter/7/0/0/0,15665:1747647662466:,1747647680851
counter/9/0/0/0,17358:1747647662938:,1747647680851
counter/4/0/0/0,16456:1747647664481:,1747647680851
counter/7/0/0/0,15666:1747647662466:,1747647680851
counter/9/0/0/0,17359:1747647662938:,1747647680851
counter/4/0/0/0,16457:1747647664481:,1747647680851
counter/7/0/0/0,15667:1747647662466:,1747647680851
counter/9/0/0/0,17360:1747647662938:,1747647680851
counter/4/0/0/0,16458:1747647664481:,1747647680851
counter/7/0/0/0,15668:1747647662466:,1747647680851
counter/9/0/0/0,17361:1747647662938:,1747647680851
counter/4/0/0/0,16459:1747647664481:,1747647680851
counter/7/0/0/0,15669:1747647662466:,1747647680851
counter/9/0/0/0,17362:1747647662938:,1747647680851
counter/4/0/0/0,16460:1747647664482:,1747647680851
counter/7/0/0/0,15670:1747647662466:,1747647680851
counter/9/0/0/0,17363:1747647662938:,1747647680851
counter/4/0/0/0,16461:1747647664483:,1747647680851
counter/7/0/0/0,15671:1747647662466:,1747647680851
counter/3/0/0/0,17134:1747647664392:,1747647680851
counter/9/0/0/0,17364:1747647662938:,1747647680851
counter/4/0/0/0,16462:1747647664483:,1747647680852
counter/7/0/0/0,15672:1747647662469:,1747647680852
counter/10/0/0/0,15669:1747647662414:,1747647680852
counter/8/0/0/0,17270:1747647663130:,1747647680852
counter/9/0/0/0,17365:1747647662938:,1747647680852
counter/4/0/0/0,16463:1747647664483:,1747647680852
counter/7/0/0/0,15673:1747647662469:,1747647680852
counter/9/0/0/0,17366:1747647662938:,1747647680852
counter/4/0/0/0,16464:1747647664483:,1747647680852
counter/7/0/0/0,15674:1747647662469:,1747647680852
counter/9/0/0/0,17367:1747647662938:,1747647680852
counter/4/0/0/0,16465:1747647664483:,1747647680852
counter/7/0/0/0,15675:1747647662469:,1747647680852
counter/9/0/0/0,17368:1747647662938:,1747647680852
counter/7/0/0/0,15676:1747647662469:,1747647680852
counter/9/0/0/0,17369:1747647662938:,1747647680852
counter/7/0/0/0,15677:1747647662469:,1747647680852
counter/9/0/0/0,17370:1747647662938:,1747647680852
counter/7/0/0/0,15678:1747647662471:,1747647680852
counter/9/0/0/0,17371:1747647662938:,1747647680852
counter/7/0/0/0,15679:1747647662472:,1747647680852
counter/9/0/0/0,17372:1747647662938:,1747647680852
counter/7/0/0/0,15680:1747647662472:,1747647680852
counter/9/0/0/0,17373:1747647662938:,1747647680852
counter/7/0/0/0,15681:1747647662472:,1747647680852
counter/9/0/0/0,17374:1747647662939:,1747647680852
counter/7/0/0/0,15682:1747647662472:,1747647680852
counter/9/0/0/0,17375:1747647662939:,1747647680852
counter/7/0/0/0,15683:1747647662472:,1747647680852
counter/9/0/0/0,17376:1747647662939:,1747647680852
counter/7/0/0/0,15684:1747647662472:,1747647680852
counter/9/0/0/0,17377:1747647662939:,1747647680852
counter/7/0/0/0,15685:1747647662472:,1747647680852
counter/9/0/0/0,17378:1747647662939:,1747647680852
counter/7/0/0/0,15686:1747647662472:,1747647680852
counter/9/0/0/0,17379:1747647662939:,1747647680852
counter/7/0/0/0,15687:1747647662472:,1747647680852
counter/9/0/0/0,17380:1747647662939:,1747647680852
counter/7/0/0/0,15688:1747647662472:,1747647680852
counter/9/0/0/0,17381:1747647662943:,1747647680852
counter/7/0/0/0,15689:1747647662472:,1747647680852
counter/9/0/0/0,17382:1747647662944:,1747647680853
counter/7/0/0/0,15690:1747647662472:,1747647680853
counter/9/0/0/0,17383:1747647662944:,1747647680853
counter/7/0/0/0,15691:1747647662478:,1747647680853
counter/9/0/0/0,17384:1747647662944:,1747647680853
counter/7/0/0/0,15692:1747647662478:,1747647680853
counter/9/0/0/0,17385:1747647662944:,1747647680853
counter/9/0/0/0,17386:1747647662944:,1747647680853
counter/9/0/0/0,17387:1747647662944:,1747647680853
counter/9/0/0/0,17388:1747647662944:,1747647680853
counter/9/0/0/0,17389:1747647662944:,1747647680853
counter/9/0/0/0,17390:1747647662945:,1747647680853
counter/9/0/0/0,17391:1747647662945:,1747647680853
counter/9/0/0/0,17392:1747647662945:,1747647680853
counter/9/0/0/0,17393:1747647662948:,1747647680853
counter/9/0/0/0,17394:1747647662948:,1747647680853
counter/9/0/0/0,17395:1747647662948:,1747647680853
counter/9/0/0/0,17396:1747647662948:,1747647680853
counter/9/0/0/0,17397:1747647662948:,1747647680853
counter/9/0/0/0,17398:1747647662948:,1747647680853
counter/9/0/0/0,17399:1747647662948:,1747647680853
counter/9/0/0/0,17400:1747647662948:,1747647680853
counter/9/0/0/0,17401:1747647662949:,1747647680853
counter/9/0/0/0,17402:1747647662949:,1747647680853
counter/9/0/0/0,17403:1747647662949:,1747647680853
counter/9/0/0/0,17404:1747647662949:,1747647680853
counter/9/0/0/0,17405:1747647662949:,1747647680853
counter/9/0/0/0,17406:1747647662949:,1747647680853
counter/9/0/0/0,17407:1747647662949:,1747647680853
counter/9/0/0/0,17408:1747647662949:,1747647680853
counter/9/0/0/0,17409:1747647662949:,1747647680853
counter/9/0/0/0,17410:1747647662952:,1747647680853
counter/9/0/0/0,17411:1747647662952:,1747647680853
counter/9/0/0/0,17412:1747647662952:,1747647680853
counter/9/0/0/0,17413:1747647662952:,1747647680853
counter/9/0/0/0,17414:1747647662952:,1747647680853
counter/9/0/0/0,17415:1747647662952:,1747647680853
counter/9/0/0/0,17416:1747647662956:,1747647680853
counter/9/0/0/0,17417:1747647662956:,1747647680853
counter/9/0/0/0,17418:1747647662956:,1747647680853
counter/9/0/0/0,17419:1747647662956:,1747647680853
counter/9/0/0/0,17420:1747647662956:,1747647680853
counter/9/0/0/0,17421:1747647662956:,1747647680853
counter/9/0/0/0,17422:1747647662956:,1747647680853
counter/9/0/0/0,17423:1747647662958:,1747647680853
counter/9/0/0/0,17424:1747647662958:,1747647680854
counter/9/0/0/0,17425:1747647662958:,1747647680854
counter/9/0/0/0,17426:1747647662958:,1747647680854
counter/9/0/0/0,17427:1747647662971:,1747647680854
counter/9/0/0/0,17428:1747647662971:,1747647680854
counter/9/0/0/0,17429:1747647662971:,1747647680854
counter/9/0/0/0,17430:1747647662971:,1747647680854
counter/9/0/0/0,17431:1747647662971:,1747647680854
counter/9/0/0/0,17432:1747647662971:,1747647680854
counter/9/0/0/0,17433:1747647662971:,1747647680854
counter/9/0/0/0,17434:1747647662971:,1747647680854
counter/9/0/0/0,17435:1747647662971:,1747647680854
counter/9/0/0/0,17436:1747647662972:,1747647680854
counter/9/0/0/0,17437:1747647662972:,1747647680854
counter/9/0/0/0,17438:1747647662972:,1747647680854
counter/9/0/0/0,17439:1747647662995:,1747647680854
counter/9/0/0/0,17440:1747647662995:,1747647680854
counter/9/0/0/0,17441:1747647662995:,1747647680854
counter/9/0/0/0,17442:1747647662995:,1747647680854
counter/9/0/0/0,17443:1747647662999:,1747647680854
counter/9/0/0/0,17444:1747647662999:,1747647680854
counter/9/0/0/0,17445:1747647662999:,1747647680854
counter/9/0/0/0,17446:1747647662999:,1747647680854
counter/9/0/0/0,17447:1747647662999:,1747647680854
counter/9/0/0/0,17448:1747647663006:,1747647680854
counter/9/0/0/0,17449:1747647663006:,1747647680854
counter/9/0/0/0,17450:1747647663006:,1747647680854
counter/9/0/0/0,17451:1747647663006:,1747647680854
counter/9/0/0/0,17452:1747647663006:,1747647680854
counter/9/0/0/0,17453:1747647663006:,1747647680854
counter/9/0/0/0,17454:1747647663006:,1747647680854
counter/9/0/0/0,17455:1747647663006:,1747647680854
counter/9/0/0/0,17456:1747647663006:,1747647680854
counter/9/0/0/0,17457:1747647663006:,1747647680854
counter/9/0/0/0,17458:1747647663006:,1747647680854
counter/9/0/0/0,17459:1747647663006:,1747647680854
counter/9/0/0/0,17460:1747647663006:,1747647680854
counter/9/0/0/0,17461:1747647663011:,1747647680854
counter/9/0/0/0,17462:1747647663011:,1747647680854
counter/9/0/0/0,17463:1747647663011:,1747647680854
counter/9/0/0/0,17464:1747647663011:,1747647680854
counter/9/0/0/0,17465:1747647663011:,1747647680854
counter/9/0/0/0,17466:1747647663011:,1747647680854
counter/9/0/0/0,17467:1747647663011:,1747647680854
counter/9/0/0/0,17468:1747647663011:,1747647680855
counter/9/0/0/0,17469:1747647663017:,1747647680855
counter/9/0/0/0,17470:1747647663017:,1747647680855
counter/9/0/0/0,17471:1747647663017:,1747647680855
counter/9/0/0/0,17472:1747647663017:,1747647680855
counter/9/0/0/0,17473:1747647663017:,1747647680855
counter/9/0/0/0,17474:1747647663017:,1747647680855
counter/9/0/0/0,17475:1747647663017:,1747647680855
counter/9/0/0/0,17476:1747647663017:,1747647680855
counter/9/0/0/0,17477:1747647663017:,1747647680855
counter/9/0/0/0,17478:1747647663017:,1747647680855
counter/9/0/0/0,17479:1747647663017:,1747647680855
counter/9/0/0/0,17480:1747647663017:,1747647680855
counter/9/0/0/0,17481:1747647663017:,1747647680855
counter/9/0/0/0,17482:1747647663017:,1747647680855
counter/9/0/0/0,17483:1747647663017:,1747647680855
counter/9/0/0/0,17484:1747647663017:,1747647680855
counter/9/0/0/0,17485:1747647663017:,1747647680855
counter/9/0/0/0,17486:1747647663017:,1747647680855
counter/9/0/0/0,17487:1747647663018:,1747647680855
counter/9/0/0/0,17488:1747647663018:,1747647680855
counter/9/0/0/0,17489:1747647663019:,1747647680855
counter/9/0/0/0,17490:1747647663019:,1747647680855
counter/9/0/0/0,17491:1747647663019:,1747647680855
counter/9/0/0/0,17492:1747647663019:,1747647680855
counter/9/0/0/0,17493:1747647663029:,1747647680855
counter/9/0/0/0,17494:1747647663029:,1747647680855
counter/9/0/0/0,17495:1747647663029:,1747647680855
counter/6/0/0/0,15987:1747647663003:,1747647680855
counter/9/0/0/0,17496:1747647663029:,1747647680855
counter/4/0/0/0,16466:1747647664483:,1747647680855
counter/9/0/0/0,17497:1747647663029:,1747647680855
counter/5/0/0/0,16462:1747647662964:,1747647680855
counter/8/0/0/0,17271:1747647663130:,1747647680855
counter/1/0/0/0,17719:1747647664533:,1747647680855
counter/9/0/0/0,17498:1747647663029:,1747647680855
counter/8/0/0/0,17272:1747647663130:,1747647680855
counter/9/0/0/0,17499:1747647663035:,1747647680855
counter/8/0/0/0,17273:1747647663130:,1747647680855
counter/9/0/0/0,17500:1747647663035:,1747647680855
counter/8/0/0/0,17274:1747647663130:,1747647680855
counter/6/0/0/0,15988:1747647663003:,1747647680855
counter/9/0/0/0,17501:1747647663035:,1747647680856
counter/8/0/0/0,17275:1747647663130:,1747647680856
counter/4/0/0/0,16467:1747647664487:,1747647680856
counter/5/0/0/0,16463:1747647662964:,1747647680856
counter/7/0/0/0,15693:1747647662478:,1747647680856
counter/9/0/0/0,17502:1747647663037:,1747647680856
counter/8/0/0/0,17276:1747647663130:,1747647680856
counter/1/0/0/0,17720:1747647664533:,1747647680856
counter/3/0/0/0,17135:1747647664411:,1747647680856
counter/10/0/0/0,15670:1747647662417:,1747647680856
counter/9/0/0/0,17503:1747647663038:,1747647680856
counter/8/0/0/0,17277:1747647663130:,1747647680856
counter/2/0/0/0,16330:1747647662908:,1747647680856
counter/5/0/0/0,16464:1747647662964:,1747647680856
counter/9/0/0/0,17504:1747647663038:,1747647680856
counter/8/0/0/0,17278:1747647663130:,1747647680856
counter/7/0/0/0,15694:1747647662478:,1747647680856
counter/1/0/0/0,17721:1747647664533:,1747647680856
counter/3/0/0/0,17136:1747647664413:,1747647680856
counter/9/0/0/0,17505:1747647663038:,1747647680856
counter/8/0/0/0,17279:1747647663130:,1747647680856
counter/10/0/0/0,15671:1747647662417:,1747647680856
counter/2/0/0/0,16331:1747647662916:,1747647680856
counter/6/0/0/0,15989:1747647663003:,1747647680856
counter/9/0/0/0,17506:1747647663038:,1747647680856
counter/8/0/0/0,17280:1747647663131:,1747647680856
counter/9/0/0/0,17507:1747647663038:,1747647680856
counter/2/0/0/0,16332:1747647662916:,1747647680856
counter/9/0/0/0,17508:1747647663038:,1747647680856
counter/6/0/0/0,15990:1747647663003:,1747647680856
counter/4/0/0/0,16468:1747647664487:,1747647680856
counter/9/0/0/0,17509:1747647663038:,1747647680856
counter/7/0/0/0,15695:1747647662478:,1747647680856
counter/5/0/0/0,16465:1747647662964:,1747647680856
counter/9/0/0/0,17510:1747647663038:,1747647680856
counter/1/0/0/0,17722:1747647664533:,1747647680856
counter/3/0/0/0,17137:1747647664417:,1747647680856
counter/9/0/0/0,17511:1747647663038:,1747647680856
counter/8/0/0/0,17281:1747647663136:,1747647680856
counter/10/0/0/0,15672:1747647662417:,1747647680856
counter/9/0/0/0,17512:1747647663038:,1747647680856
counter/2/0/0/0,16333:1747647662916:,1747647680856
counter/9/0/0/0,17513:1747647663038:,1747647680856
counter/2/0/0/0,16334:1747647662916:,1747647680856
counter/9/0/0/0,17514:1747647663038:,1747647680857
counter/2/0/0/0,16335:1747647662916:,1747647680857
counter/9/0/0/0,17515:1747647663038:,1747647680857
counter/2/0/0/0,16336:1747647662916:,1747647680857
counter/9/0/0/0,17516:1747647663039:,1747647680857
counter/2/0/0/0,16337:1747647662916:,1747647680857
counter/9/0/0/0,17517:1747647663039:,1747647680857
counter/2/0/0/0,16338:1747647662916:,1747647680857
counter/9/0/0/0,17518:1747647663039:,1747647680857
counter/2/0/0/0,16339:1747647662916:,1747647680857
counter/9/0/0/0,17519:1747647663039:,1747647680857
counter/2/0/0/0,16340:1747647662916:,1747647680857
counter/9/0/0/0,17520:1747647663043:,1747647680857
counter/2/0/0/0,16341:1747647662916:,1747647680857
counter/9/0/0/0,17521:1747647663043:,1747647680857
counter/2/0/0/0,16342:1747647662916:,1747647680857
counter/9/0/0/0,17522:1747647663043:,1747647680857
counter/2/0/0/0,16343:1747647662917:,1747647680857
counter/9/0/0/0,17523:1747647663043:,1747647680857
counter/2/0/0/0,16344:1747647662918:,1747647680857
counter/9/0/0/0,17524:1747647663043:,1747647680857
counter/2/0/0/0,16345:1747647662918:,1747647680857
counter/9/0/0/0,17525:1747647663043:,1747647680857
counter/2/0/0/0,16346:1747647662918:,1747647680857
counter/9/0/0/0,17526:1747647663043:,1747647680857
counter/2/0/0/0,16347:1747647662918:,1747647680857
counter/9/0/0/0,17527:1747647663043:,1747647680857
counter/2/0/0/0,16348:1747647662929:,1747647680857
counter/4/0/0/0,16469:1747647664487:,1747647680857
counter/9/0/0/0,17528:1747647663043:,1747647680857
counter/2/0/0/0,16349:1747647662929:,1747647680857
counter/7/0/0/0,15696:1747647662479:,1747647680857
counter/9/0/0/0,17529:1747647663043:,1747647680857
counter/2/0/0/0,16350:1747647662929:,1747647680857
counter/7/0/0/0,15697:1747647662479:,1747647680857
counter/9/0/0/0,17530:1747647663043:,1747647680857
counter/2/0/0/0,16351:1747647662929:,1747647680857
counter/7/0/0/0,15698:1747647662479:,1747647680857
counter/8/0/0/0,17282:1747647663136:,1747647680857
counter/9/0/0/0,17531:1747647663043:,1747647680857
counter/2/0/0/0,16352:1747647662929:,1747647680858
counter/7/0/0/0,15699:1747647662479:,1747647680858
counter/9/0/0/0,17532:1747647663043:,1747647680858
counter/2/0/0/0,16353:1747647662929:,1747647680858
counter/7/0/0/0,15700:1747647662479:,1747647680858
counter/9/0/0/0,17533:1747647663043:,1747647680858
counter/2/0/0/0,16354:1747647662929:,1747647680858
counter/6/0/0/0,15991:1747647663003:,1747647680858
counter/9/0/0/0,17534:1747647663050:,1747647680858
counter/2/0/0/0,16355:1747647662929:,1747647680858
counter/10/0/0/0,15673:1747647662417:,1747647680858
counter/4/0/0/0,16470:1747647664487:,1747647680858
counter/9/0/0/0,17535:1747647663050:,1747647680858
counter/2/0/0/0,16356:1747647662929:,1747647680858
counter/10/0/0/0,15674:1747647662417:,1747647680858
counter/9/0/0/0,17536:1747647663052:,1747647680858
counter/2/0/0/0,16357:1747647662929:,1747647680858
counter/10/0/0/0,15675:1747647662417:,1747647680858
counter/6/0/0/0,15992:1747647663003:,1747647680858
counter/9/0/0/0,17537:1747647663052:,1747647680858
counter/2/0/0/0,16358:1747647662929:,1747647680858
counter/10/0/0/0,15676:1747647662417:,1747647680858
counter/1/0/0/0,17723:1747647664533:,1747647680858
counter/5/0/0/0,16466:1747647662964:,1747647680858
counter/9/0/0/0,17538:1747647663052:,1747647680858
counter/2/0/0/0,16359:1747647662930:,1747647680858
counter/10/0/0/0,15677:1747647662417:,1747647680858
counter/3/0/0/0,17138:1747647664417:,1747647680858
counter/9/0/0/0,17539:1747647663052:,1747647680858
counter/2/0/0/0,16360:1747647662930:,1747647680858
counter/10/0/0/0,15678:1747647662419:,1747647680858
counter/1/0/0/0,17724:1747647664533:,1747647680858
counter/5/0/0/0,16467:1747647662964:,1747647680858
counter/9/0/0/0,17540:1747647663052:,1747647680858
counter/2/0/0/0,16361:1747647662930:,1747647680858
counter/10/0/0/0,15679:1747647662419:,1747647680858
counter/3/0/0/0,17139:1747647664417:,1747647680858
counter/8/0/0/0,17283:1747647663136:,1747647680858
counter/9/0/0/0,17541:1747647663054:,1747647680858
counter/2/0/0/0,16362:1747647662940:,1747647680858
counter/10/0/0/0,15680:1747647662420:,1747647680858
counter/9/0/0/0,17542:1747647663054:,1747647680858
counter/2/0/0/0,16363:1747647662940:,1747647680858
counter/10/0/0/0,15681:1747647662420:,1747647680858
counter/9/0/0/0,17543:1747647663054:,1747647680858
counter/2/0/0/0,16364:1747647662941:,1747647680859
counter/10/0/0/0,15682:1747647662422:,1747647680859
counter/4/0/0/0,16471:1747647664487:,1747647680859
counter/6/0/0/0,15993:1747647663004:,1747647680859
counter/9/0/0/0,17544:1747647663054:,1747647680859
counter/2/0/0/0,16365:1747647662941:,1747647680859
counter/10/0/0/0,15683:1747647662423:,1747647680859
counter/9/0/0/0,17545:1747647663054:,1747647680859
counter/2/0/0/0,16366:1747647662941:,1747647680859
counter/10/0/0/0,15684:1747647662423:,1747647680859
counter/9/0/0/0,17546:1747647663054:,1747647680859
counter/2/0/0/0,16367:1747647662941:,1747647680859
counter/10/0/0/0,15685:1747647662423:,1747647680859
counter/9/0/0/0,17547:1747647663057:,1747647680859
counter/2/0/0/0,16368:1747647662941:,1747647680859
counter/10/0/0/0,15686:1747647662423:,1747647680859
counter/9/0/0/0,17548:1747647663057:,1747647680859
counter/2/0/0/0,16369:1747647662959:,1747647680859
counter/10/0/0/0,15687:1747647662423:,1747647680859
counter/9/0/0/0,17549:1747647663057:,1747647680859
counter/2/0/0/0,16370:1747647662960:,1747647680859
counter/10/0/0/0,15688:1747647662423:,1747647680859
counter/9/0/0/0,17550:1747647663057:,1747647680859
counter/2/0/0/0,16371:1747647662960:,1747647680859
counter/10/0/0/0,15689:1747647662423:,1747647680859
counter/9/0/0/0,17551:1747647663057:,1747647680859
counter/2/0/0/0,16372:1747647662960:,1747647680859
counter/10/0/0/0,15690:1747647662423:,1747647680859
counter/9/0/0/0,17552:1747647663057:,1747647680859
counter/2/0/0/0,16373:1747647662960:,1747647680859
counter/10/0/0/0,15691:1747647662423:,1747647680859
counter/9/0/0/0,17553:1747647663057:,1747647680859
counter/2/0/0/0,16374:1747647662960:,1747647680859
counter/9/0/0/0,17554:1747647663057:,1747647680859
counter/2/0/0/0,16375:1747647662960:,1747647680859
counter/9/0/0/0,17555:1747647663057:,1747647680859
counter/2/0/0/0,16376:1747647662960:,1747647680859
counter/9/0/0/0,17556:1747647663062:,1747647680859
counter/2/0/0/0,16377:1747647662961:,1747647680859
counter/9/0/0/0,17557:1747647663063:,1747647680859
counter/2/0/0/0,16378:1747647662961:,1747647680860
counter/9/0/0/0,17558:1747647663065:,1747647680860
counter/2/0/0/0,16379:1747647662961:,1747647680860
counter/9/0/0/0,17559:1747647663065:,1747647680860
counter/2/0/0/0,16380:1747647662961:,1747647680860
counter/3/0/0/0,17140:1747647664417:,1747647680860
counter/9/0/0/0,17560:1747647663065:,1747647680860
counter/2/0/0/0,16381:1747647662962:,1747647680860
counter/3/0/0/0,17141:1747647664417:,1747647680860
counter/4/0/0/0,16472:1747647664487:,1747647680860
counter/9/0/0/0,17561:1747647663065:,1747647680860
counter/2/0/0/0,16382:1747647662962:,1747647680860
counter/6/0/0/0,15994:1747647663004:,1747647680860
counter/9/0/0/0,17562:1747647663068:,1747647680860
counter/2/0/0/0,16383:1747647662962:,1747647680860
counter/6/0/0/0,15995:1747647663006:,1747647680860
counter/9/0/0/0,17563:1747647663068:,1747647680860
counter/2/0/0/0,16384:1747647662962:,1747647680860
counter/6/0/0/0,15996:1747647663006:,1747647680860
counter/9/0/0/0,17564:1747647663068:,1747647680860
counter/2/0/0/0,16385:1747647662962:,1747647680860
counter/6/0/0/0,15997:1747647663006:,1747647680860
counter/9/0/0/0,17565:1747647663068:,1747647680860
counter/2/0/0/0,16386:1747647662962:,1747647680860
counter/6/0/0/0,15998:1747647663006:,1747647680860
counter/9/0/0/0,17566:1747647663068:,1747647680860
counter/2/0/0/0,16387:1747647662962:,1747647680860
counter/6/0/0/0,15999:1747647663006:,1747647680860
counter/9/0/0/0,17567:1747647663068:,1747647680860
counter/2/0/0/0,16388:1747647662962:,1747647680860
counter/6/0/0/0,16000:1747647663006:,1747647680860
counter/9/0/0/0,17568:1747647663068:,1747647680860
counter/2/0/0/0,16389:1747647662962:,1747647680860
counter/6/0/0/0,16001:1747647663006:,1747647680860
counter/1/0/0/0,17725:1747647664535:,1747647680860
counter/9/0/0/0,17569:1747647663068:,1747647680860
counter/2/0/0/0,16390:1747647662963:,1747647680860
counter/6/0/0/0,16002:1747647663010:,1747647680860
counter/1/0/0/0,17726:1747647664535:,1747647680860
counter/9/0/0/0,17570:1747647663068:,1747647680860
counter/2/0/0/0,16391:1747647662963:,1747647680860
counter/6/0/0/0,16003:1747647663010:,1747647680860
counter/1/0/0/0,17727:1747647664535:,1747647680860
counter/9/0/0/0,17571:1747647663068:,1747647680860
counter/2/0/0/0,16392:1747647662963:,1747647680860
counter/6/0/0/0,16004:1747647663013:,1747647680861
counter/1/0/0/0,17728:1747647664535:,1747647680861
counter/9/0/0/0,17572:1747647663068:,1747647680861
counter/2/0/0/0,16393:1747647662963:,1747647680861
counter/6/0/0/0,16005:1747647663013:,1747647680861
counter/1/0/0/0,17729:1747647664535:,1747647680861
counter/3/0/0/0,17142:1747647664433:,1747647680861
counter/5/0/0/0,16468:1747647662964:,1747647680861
counter/9/0/0/0,17573:1747647663068:,1747647680861
counter/2/0/0/0,16394:1747647662963:,1747647680861
counter/6/0/0/0,16006:1747647663013:,1747647680861
counter/1/0/0/0,17730:1747647664535:,1747647680861
counter/4/0/0/0,16473:1747647664487:,1747647680861
counter/9/0/0/0,17574:1747647663068:,1747647680861
counter/2/0/0/0,16395:1747647662963:,1747647680861
counter/6/0/0/0,16007:1747647663013:,1747647680861
counter/1/0/0/0,17731:1747647664537:,1747647680861
counter/10/0/0/0,15692:1747647662423:,1747647680861
counter/9/0/0/0,17575:1747647663068:,1747647680861
counter/2/0/0/0,16396:1747647662963:,1747647680861
counter/6/0/0/0,16008:1747647663013:,1747647680861
counter/1/0/0/0,17732:1747647664537:,1747647680861
counter/3/0/0/0,17143:1747647664435:,1747647680861
counter/5/0/0/0,16469:1747647662997:,1747647680861
counter/9/0/0/0,17576:1747647663068:,1747647680861
counter/2/0/0/0,16397:1747647662963:,1747647680861
counter/6/0/0/0,16009:1747647663019:,1747647680861
counter/1/0/0/0,17733:1747647664537:,1747647680861
counter/4/0/0/0,16474:1747647664492:,1747647680861
counter/9/0/0/0,17577:1747647663068:,1747647680861
counter/2/0/0/0,16398:1747647662968:,1747647680861
counter/6/0/0/0,16010:1747647663019:,1747647680861
counter/1/0/0/0,17734:1747647664537:,1747647680861
counter/4/0/0/0,16475:1747647664492:,1747647680861
counter/9/0/0/0,17578:1747647663070:,1747647680861
counter/2/0/0/0,16399:1747647662968:,1747647680861
counter/6/0/0/0,16011:1747647663019:,1747647680861
counter/1/0/0/0,17735:1747647664537:,1747647680861
counter/4/0/0/0,16476:1747647664492:,1747647680861
counter/9/0/0/0,17579:1747647663070:,1747647680861
counter/2/0/0/0,16400:1747647662968:,1747647680861
counter/6/0/0/0,16012:1747647663019:,1747647680861
counter/4/0/0/0,16477:1747647664492:,1747647680861
counter/9/0/0/0,17580:1747647663071:,1747647680861
counter/2/0/0/0,16401:1747647662968:,1747647680862
counter/6/0/0/0,16013:1747647663026:,1747647680862
counter/4/0/0/0,16478:1747647664492:,1747647680862
counter/9/0/0/0,17581:1747647663071:,1747647680862
counter/2/0/0/0,16402:1747647662968:,1747647680862
counter/6/0/0/0,16014:1747647663026:,1747647680862
counter/4/0/0/0,16479:1747647664492:,1747647680862
counter/5/0/0/0,16470:1747647663004:,1747647680862
counter/9/0/0/0,17582:1747647663071:,1747647680862
counter/2/0/0/0,16403:1747647662968:,1747647680862
counter/6/0/0/0,16015:1747647663026:,1747647680862
counter/4/0/0/0,16480:1747647664492:,1747647680862
counter/9/0/0/0,17583:1747647663071:,1747647680862
counter/2/0/0/0,16404:1747647662973:,1747647680862
counter/6/0/0/0,16016:1747647663026:,1747647680862
counter/4/0/0/0,16481:1747647664492:,1747647680862
counter/9/0/0/0,17584:1747647663071:,1747647680862
counter/2/0/0/0,16405:1747647662974:,1747647680862
counter/4/0/0/0,16482:1747647664492:,1747647680862
counter/9/0/0/0,17585:1747647663071:,1747647680862
counter/2/0/0/0,16406:1747647662974:,1747647680862
counter/4/0/0/0,16483:1747647664492:,1747647680862
counter/9/0/0/0,17586:1747647663071:,1747647680862
counter/2/0/0/0,16407:1747647662974:,1747647680862
counter/4/0/0/0,16484:1747647664492:,1747647680862
counter/8/0/0/0,17284:1747647663136:,1747647680862
counter/9/0/0/0,17587:1747647663071:,1747647680862
counter/2/0/0/0,16408:1747647662974:,1747647680862
counter/4/0/0/0,16485:1747647664496:,1747647680862
counter/3/0/0/0,17144:1747647664437:,1747647680862
counter/9/0/0/0,17588:1747647663071:,1747647680862
counter/2/0/0/0,16409:1747647662974:,1747647680862
counter/4/0/0/0,16486:1747647664496:,1747647680862
counter/9/0/0/0,17589:1747647663071:,1747647680862
counter/2/0/0/0,16410:1747647662974:,1747647680862
counter/4/0/0/0,16487:1747647664496:,1747647680862
counter/9/0/0/0,17590:1747647663071:,1747647680862
counter/2/0/0/0,16411:1747647662974:,1747647680862
counter/4/0/0/0,16488:1747647664496:,1747647680862
counter/9/0/0/0,17591:1747647663071:,1747647680862
counter/2/0/0/0,16412:1747647662979:,1747647680863
counter/4/0/0/0,16489:1747647664498:,1747647680863
counter/9/0/0/0,17592:1747647663071:,1747647680863
counter/2/0/0/0,16413:1747647662992:,1747647680863
counter/4/0/0/0,16490:1747647664498:,1747647680863
counter/9/0/0/0,17593:1747647663071:,1747647680863
counter/2/0/0/0,16414:1747647662992:,1747647680863
counter/4/0/0/0,16491:1747647664498:,1747647680863
counter/9/0/0/0,17594:1747647663087:,1747647680863
counter/2/0/0/0,16415:1747647662992:,1747647680863
counter/4/0/0/0,16492:1747647664498:,1747647680863
counter/9/0/0/0,17595:1747647663087:,1747647680863
counter/2/0/0/0,16416:1747647662992:,1747647680863
counter/4/0/0/0,16493:1747647664498:,1747647680863
counter/9/0/0/0,17596:1747647663087:,1747647680863
counter/2/0/0/0,16417:1747647662992:,1747647680863
counter/4/0/0/0,16494:1747647664498:,1747647680863
counter/9/0/0/0,17597:1747647663087:,1747647680863
counter/2/0/0/0,16418:1747647662992:,1747647680863
counter/4/0/0/0,16495:1747647664499:,1747647680863
counter/9/0/0/0,17598:1747647663087:,1747647680863
counter/2/0/0/0,16419:1747647662992:,1747647680863
counter/4/0/0/0,16496:1747647664499:,1747647680863
counter/9/0/0/0,17599:1747647663091:,1747647680863
counter/2/0/0/0,16420:1747647662992:,1747647680863
counter/4/0/0/0,16497:1747647664499:,1747647680863
counter/9/0/0/0,17600:1747647663091:,1747647680863
counter/4/0/0/0,16498:1747647664499:,1747647680863
counter/9/0/0/0,17601:1747647663092:,1747647680863
counter/4/0/0/0,16499:1747647664499:,1747647680863
counter/9/0/0/0,17602:1747647663092:,1747647680863
counter/4/0/0/0,16500:1747647664499:,1747647680863
counter/9/0/0/0,17603:1747647663092:,1747647680863
counter/9/0/0/0,17604:1747647663092:,1747647680863
counter/9/0/0/0,17605:1747647663092:,1747647680863
counter/9/0/0/0,17606:1747647663092:,1747647680863
counter/9/0/0/0,17607:1747647663092:,1747647680863
counter/9/0/0/0,17608:1747647663092:,1747647680863
counter/9/0/0/0,17609:1747647663092:,1747647680863
counter/9/0/0/0,17610:1747647663092:,1747647680863
counter/9/0/0/0,17611:1747647663098:,1747647680863
counter/9/0/0/0,17612:1747647663098:,1747647680863
counter/9/0/0/0,17613:1747647663098:,1747647680863
counter/9/0/0/0,17614:1747647663098:,1747647680863
counter/9/0/0/0,17615:1747647663098:,1747647680864
counter/9/0/0/0,17616:1747647663098:,1747647680864
counter/9/0/0/0,17617:1747647663098:,1747647680864
counter/9/0/0/0,17618:1747647663098:,1747647680864
counter/9/0/0/0,17619:1747647663098:,1747647680864
counter/9/0/0/0,17620:1747647663098:,1747647680864
counter/9/0/0/0,17621:1747647663103:,1747647680864
counter/9/0/0/0,17622:1747647663104:,1747647680864
counter/9/0/0/0,17623:1747647663104:,1747647680864
counter/9/0/0/0,17624:1747647663104:,1747647680864
counter/9/0/0/0,17625:1747647663104:,1747647680864
counter/9/0/0/0,17626:1747647663104:,1747647680864
counter/9/0/0/0,17627:1747647663104:,1747647680864
counter/9/0/0/0,17628:1747647663104:,1747647680864
counter/9/0/0/0,17629:1747647663104:,1747647680864
counter/9/0/0/0,17630:1747647663104:,1747647680864
counter/9/0/0/0,17631:1747647663104:,1747647680864
counter/9/0/0/0,17632:1747647663104:,1747647680864
counter/10/0/0/0,15693:1747647662423:,1747647680864
counter/9/0/0/0,17633:1747647663104:,1747647680864
counter/7/0/0/0,15701:1747647662479:,1747647680864
counter/9/0/0/0,17634:1747647663104:,1747647680864
counter/3/0/0/0,17145:1747647664440:,1747647680864
counter/5/0/0/0,16471:1747647663004:,1747647680864
counter/9/0/0/0,17635:1747647663104:,1747647680864
counter/1/0/0/0,17736:1747647664537:,1747647680864
counter/8/0/0/0,17285:1747647663136:,1747647680864
counter/9/0/0/0,17636:1747647663104:,1747647680864
counter/6/0/0/0,16017:1747647663032:,1747647680864
counter/4/0/0/0,16501:1747647664505:,1747647680864
counter/9/0/0/0,17637:1747647663104:,1747647680864
counter/9/0/0/0,17638:1747647663109:,1747647680864
counter/9/0/0/0,17639:1747647663109:,1747647680864
counter/9/0/0/0,17640:1747647663109:,1747647680864
counter/9/0/0/0,17641:1747647663109:,1747647680864
counter/9/0/0/0,17642:1747647663109:,1747647680864
counter/9/0/0/0,17643:1747647663109:,1747647680864
counter/9/0/0/0,17644:1747647663109:,1747647680864
counter/9/0/0/0,17645:1747647663110:,1747647680864
counter/9/0/0/0,17646:1747647663110:,1747647680864
counter/9/0/0/0,17647:1747647663110:,1747647680864
counter/9/0/0/0,17648:1747647663110:,1747647680864
counter/9/0/0/0,17649:1747647663110:,1747647680864
counter/9/0/0/0,17650:1747647663110:,1747647680865
counter/9/0/0/0,17651:1747647663115:,1747647680865
counter/9/0/0/0,17652:1747647663115:,1747647680865
counter/9/0/0/0,17653:1747647663115:,1747647680865
counter/9/0/0/0,17654:1747647663115:,1747647680865
counter/9/0/0/0,17655:1747647663115:,1747647680865
counter/9/0/0/0,17656:1747647663115:,1747647680865
counter/9/0/0/0,17657:1747647663115:,1747647680865
counter/9/0/0/0,17658:1747647663116:,1747647680865
counter/9/0/0/0,17659:1747647663116:,1747647680865
counter/9/0/0/0,17660:1747647663116:,1747647680865
counter/9/0/0/0,17661:1747647663116:,1747647680865
counter/9/0/0/0,17662:1747647663116:,1747647680865
counter/9/0/0/0,17663:1747647663116:,1747647680865
counter/9/0/0/0,17664:1747647663116:,1747647680865
counter/9/0/0/0,17665:1747647663116:,1747647680865
counter/9/0/0/0,17666:1747647663116:,1747647680865
counter/9/0/0/0,17667:1747647663116:,1747647680865
counter/9/0/0/0,17668:1747647663116:,1747647680865
counter/9/0/0/0,17669:1747647663116:,1747647680865
counter/9/0/0/0,17670:1747647663116:,1747647680865
counter/9/0/0/0,17671:1747647663116:,1747647680865
counter/9/0/0/0,17672:1747647663116:,1747647680865
counter/9/0/0/0,17673:1747647663116:,1747647680865
counter/9/0/0/0,17674:1747647663116:,1747647680865
counter/9/0/0/0,17675:1747647663117:,1747647680865
counter/9/0/0/0,17676:1747647663117:,1747647680865
counter/9/0/0/0,17677:1747647663117:,1747647680865
counter/9/0/0/0,17678:1747647663117:,1747647680865
counter/9/0/0/0,17679:1747647663117:,1747647680865
counter/9/0/0/0,17680:1747647663117:,1747647680865
counter/9/0/0/0,17681:1747647663117:,1747647680865
counter/9/0/0/0,17682:1747647663117:,1747647680865
counter/9/0/0/0,17683:1747647663120:,1747647680865
counter/9/0/0/0,17684:1747647663120:,1747647680865
counter/9/0/0/0,17685:1747647663120:,1747647680865
counter/9/0/0/0,17686:1747647663120:,1747647680865
counter/9/0/0/0,17687:1747647663120:,1747647680865
counter/9/0/0/0,17688:1747647663120:,1747647680865
counter/9/0/0/0,17689:1747647663121:,1747647680865
counter/9/0/0/0,17690:1747647663121:,1747647680865
counter/9/0/0/0,17691:1747647663121:,1747647680865
counter/9/0/0/0,17692:1747647663121:,1747647680865
counter/9/0/0/0,17693:1747647663121:,1747647680866
counter/9/0/0/0,17694:1747647663121:,1747647680866
counter/9/0/0/0,17695:1747647663121:,1747647680866
counter/9/0/0/0,17696:1747647663132:,1747647680866
counter/9/0/0/0,17697:1747647663133:,1747647680866
counter/9/0/0/0,17698:1747647663133:,1747647680866
counter/9/0/0/0,17699:1747647663140:,1747647680866
counter/9/0/0/0,17700:1747647663140:,1747647680866
counter/9/0/0/0,17701:1747647663140:,1747647680866
counter/9/0/0/0,17702:1747647663140:,1747647680866
counter/9/0/0/0,17703:1747647663140:,1747647680866
counter/9/0/0/0,17704:1747647663140:,1747647680866
counter/9/0/0/0,17705:1747647663140:,1747647680866
counter/9/0/0/0,17706:1747647663140:,1747647680866
counter/9/0/0/0,17707:1747647663169:,1747647680866
counter/9/0/0/0,17708:1747647663169:,1747647680866
counter/9/0/0/0,17709:1747647663169:,1747647680866
counter/9/0/0/0,17710:1747647663178:,1747647680866
counter/9/0/0/0,17711:1747647663178:,1747647680866
counter/9/0/0/0,17712:1747647663178:,1747647680866
counter/9/0/0/0,17713:1747647663178:,1747647680866
counter/9/0/0/0,17714:1747647663178:,1747647680866
counter/9/0/0/0,17715:1747647663178:,1747647680866
counter/9/0/0/0,17716:1747647663178:,1747647680866
counter/9/0/0/0,17717:1747647663178:,1747647680866
counter/9/0/0/0,17718:1747647663178:,1747647680866
counter/9/0/0/0,17719:1747647663178:,1747647680866
counter/9/0/0/0,17720:1747647663178:,1747647680866
counter/9/0/0/0,17721:1747647663188:,1747647680866
counter/9/0/0/0,17722:1747647663188:,1747647680866
counter/9/0/0/0,17723:1747647663188:,1747647680866
counter/9/0/0/0,17724:1747647663188:,1747647680866
counter/9/0/0/0,17725:1747647663188:,1747647680866
counter/9/0/0/0,17726:1747647663188:,1747647680866
counter/9/0/0/0,17727:1747647663193:,1747647680866
counter/9/0/0/0,17728:1747647663193:,1747647680866
counter/9/0/0/0,17729:1747647663194:,1747647680866
counter/9/0/0/0,17730:1747647663194:,1747647680866
counter/9/0/0/0,17731:1747647663194:,1747647680866
counter/9/0/0/0,17732:1747647663194:,1747647680866
counter/9/0/0/0,17733:1747647663194:,1747647680866
counter/9/0/0/0,17734:1747647663194:,1747647680867
counter/9/0/0/0,17735:1747647663194:,1747647680867
counter/9/0/0/0,17736:1747647663197:,1747647680867
counter/9/0/0/0,17737:1747647663197:,1747647680867
counter/9/0/0/0,17738:1747647663197:,1747647680867
counter/9/0/0/0,17739:1747647663197:,1747647680867
counter/9/0/0/0,17740:1747647663197:,1747647680867
counter/9/0/0/0,17741:1747647663197:,1747647680867
counter/9/0/0/0,17742:1747647663204:,1747647680867
counter/9/0/0/0,17743:1747647663205:,1747647680867
counter/9/0/0/0,17744:1747647663207:,1747647680867
counter/9/0/0/0,17745:1747647663207:,1747647680867
counter/9/0/0/0,17746:1747647663207:,1747647680867
counter/9/0/0/0,17747:1747647663210:,1747647680867
counter/9/0/0/0,17748:1747647663210:,1747647680867
counter/9/0/0/0,17749:1747647663210:,1747647680867
counter/9/0/0/0,17750:1747647663210:,1747647680867
counter/9/0/0/0,17751:1747647663210:,1747647680867
counter/9/0/0/0,17752:1747647663213:,1747647680867
counter/9/0/0/0,17753:1747647663213:,1747647680867
counter/9/0/0/0,17754:1747647663213:,1747647680867
counter/9/0/0/0,17755:1747647663213:,1747647680867
counter/9/0/0/0,17756:1747647663213:,1747647680867
counter/9/0/0/0,17757:1747647663213:,1747647680867
counter/9/0/0/0,17758:1747647663213:,1747647680867
counter/9/0/0/0,17759:1747647663216:,1747647680867
counter/9/0/0/0,17760:1747647663216:,1747647680867
counter/9/0/0/0,17761:1747647663216:,1747647680867
counter/9/0/0/0,17762:1747647663216:,1747647680867
counter/9/0/0/0,17763:1747647663216:,1747647680867
counter/9/0/0/0,17764:1747647663216:,1747647680867
counter/9/0/0/0,17765:1747647663216:,1747647680867
counter/9/0/0/0,17766:1747647663216:,1747647680867
counter/9/0/0/0,17767:1747647663227:,1747647680867
counter/9/0/0/0,17768:1747647663227:,1747647680867
counter/9/0/0/0,17769:1747647663227:,1747647680867
counter/9/0/0/0,17770:1747647663227:,1747647680867
counter/9/0/0/0,17771:1747647663227:,1747647680867
counter/9/0/0/0,17772:1747647663227:,1747647680867
counter/9/0/0/0,17773:1747647663228:,1747647680867
counter/9/0/0/0,17774:1747647663228:,1747647680867
counter/9/0/0/0,17775:1747647663228:,1747647680867
counter/9/0/0/0,17776:1747647663228:,1747647680867
counter/9/0/0/0,17777:1747647663228:,1747647680867
counter/9/0/0/0,17778:1747647663230:,1747647680867
counter/9/0/0/0,17779:1747647663230:,1747647680868
counter/9/0/0/0,17780:1747647663230:,1747647680868
counter/9/0/0/0,17781:1747647663230:,1747647680868
counter/9/0/0/0,17782:1747647663230:,1747647680868
counter/9/0/0/0,17783:1747647663230:,1747647680868
counter/9/0/0/0,17784:1747647663230:,1747647680868
counter/9/0/0/0,17785:1747647663230:,1747647680868
counter/9/0/0/0,17786:1747647663230:,1747647680868
counter/7/0/0/0,15702:1747647662479:,1747647680868
counter/9/0/0/0,17787:1747647663230:,1747647680868
counter/5/0/0/0,16472:1747647663004:,1747647680868
counter/1/0/0/0,17737:1747647664537:,1747647680868
counter/9/0/0/0,17788:1747647663230:,1747647680868
counter/8/0/0/0,17286:1747647663136:,1747647680868
counter/6/0/0/0,16018:1747647663033:,1747647680868
counter/9/0/0/0,17789:1747647663231:,1747647680868
counter/4/0/0/0,16502:1747647664505:,1747647680868
counter/9/0/0/0,17790:1747647663241:,1747647680868
counter/4/0/0/0,16503:1747647664505:,1747647680868
counter/9/0/0/0,17791:1747647663241:,1747647680868
counter/4/0/0/0,16504:1747647664508:,1747647680868
counter/9/0/0/0,17792:1747647663241:,1747647680868
counter/4/0/0/0,16505:1747647664508:,1747647680868
counter/9/0/0/0,17793:1747647663241:,1747647680868
counter/4/0/0/0,16506:1747647664508:,1747647680868
counter/9/0/0/0,17794:1747647663241:,1747647680868
counter/4/0/0/0,16507:1747647664508:,1747647680868
counter/9/0/0/0,17795:1747647663241:,1747647680868
counter/4/0/0/0,16508:1747647664508:,1747647680868
counter/9/0/0/0,17796:1747647663241:,1747647680868
counter/4/0/0/0,16509:1747647664508:,1747647680868
counter/9/0/0/0,17797:1747647663242:,1747647680868
counter/4/0/0/0,16510:1747647664508:,1747647680868
counter/8/0/0/0,17287:1747647663136:,1747647680868
counter/9/0/0/0,17798:1747647663242:,1747647680868
counter/8/0/0/0,17288:1747647663136:,1747647680868
counter/10/0/0/0,15694:1747647662428:,1747647680868
counter/9/0/0/0,17799:1747647663242:,1747647680868
counter/10/0/0/0,15695:1747647662428:,1747647680868
counter/7/0/0/0,15703:1747647662479:,1747647680868
counter/9/0/0/0,17800:1747647663248:,1747647680868
counter/10/0/0/0,15696:1747647662428:,1747647680868
counter/9/0/0/0,17801:1747647663248:,1747647680868
counter/10/0/0/0,15697:1747647662428:,1747647680868
counter/9/0/0/0,17802:1747647663248:,1747647680868
counter/10/0/0/0,15698:1747647662428:,1747647680869
counter/9/0/0/0,17803:1747647663248:,1747647680869
counter/10/0/0/0,15699:1747647662428:,1747647680869
counter/4/0/0/0,16511:1747647664508:,1747647680869
counter/7/0/0/0,15704:1747647662479:,1747647680869
counter/9/0/0/0,17804:1747647663248:,1747647680869
counter/10/0/0/0,15700:1747647662428:,1747647680869
counter/5/0/0/0,16473:1747647663004:,1747647680869
counter/6/0/0/0,16019:1747647663033:,1747647680869
counter/1/0/0/0,17738:1747647664537:,1747647680869
counter/9/0/0/0,17805:1747647663248:,1747647680869
counter/10/0/0/0,15701:1747647662428:,1747647680869
counter/8/0/0/0,17289:1747647663136:,1747647680869
counter/3/0/0/0,17146:1747647664440:,1747647680869
counter/9/0/0/0,17806:1747647663248:,1747647680869
counter/10/0/0/0,15702:1747647662428:,1747647680869
counter/3/0/0/0,17147:1747647664440:,1747647680869
counter/9/0/0/0,17807:1747647663248:,1747647680869
counter/10/0/0/0,15703:1747647662428:,1747647680869
counter/3/0/0/0,17148:1747647664440:,1747647680869
counter/9/0/0/0,17808:1747647663255:,1747647680869
counter/10/0/0/0,15704:1747647662428:,1747647680869
counter/3/0/0/0,17149:1747647664441:,1747647680869
counter/9/0/0/0,17809:1747647663255:,1747647680869
counter/3/0/0/0,17150:1747647664441:,1747647680869
counter/9/0/0/0,17810:1747647663255:,1747647680869
counter/3/0/0/0,17151:1747647664441:,1747647680869
counter/9/0/0/0,17811:1747647663255:,1747647680869
counter/3/0/0/0,17152:1747647664441:,1747647680869
counter/9/0/0/0,17812:1747647663256:,1747647680869
counter/3/0/0/0,17153:1747647664441:,1747647680869
counter/9/0/0/0,17813:1747647663256:,1747647680869
counter/3/0/0/0,17154:1747647664441:,1747647680869
counter/9/0/0/0,17814:1747647663262:,1747647680869
counter/3/0/0/0,17155:1747647664441:,1747647680869
counter/9/0/0/0,17815:1747647663262:,1747647680869
counter/3/0/0/0,17156:1747647664441:,1747647680869
counter/9/0/0/0,17816:1747647663262:,1747647680869
counter/3/0/0/0,17157:1747647664441:,1747647680869
counter/9/0/0/0,17817:1747647663262:,1747647680869
counter/3/0/0/0,17158:1747647664441:,1747647680869
counter/9/0/0/0,17818:1747647663262:,1747647680869
counter/3/0/0/0,17159:1747647664441:,1747647680870
counter/9/0/0/0,17819:1747647663262:,1747647680870
counter/3/0/0/0,17160:1747647664441:,1747647680870
counter/9/0/0/0,17820:1747647663262:,1747647680870
counter/3/0/0/0,17161:1747647664441:,1747647680870
counter/9/0/0/0,17821:1747647663262:,1747647680870
counter/3/0/0/0,17162:1747647664441:,1747647680870
counter/9/0/0/0,17822:1747647663263:,1747647680870
counter/3/0/0/0,17163:1747647664441:,1747647680870
counter/9/0/0/0,17823:1747647663263:,1747647680870
counter/3/0/0/0,17164:1747647664441:,1747647680870
counter/9/0/0/0,17824:1747647663263:,1747647680870
counter/3/0/0/0,17165:1747647664441:,1747647680870
counter/9/0/0/0,17825:1747647663263:,1747647680870
counter/3/0/0/0,17166:1747647664441:,1747647680870
counter/9/0/0/0,17826:1747647663263:,1747647680870
counter/3/0/0/0,17167:1747647664441:,1747647680870
counter/9/0/0/0,17827:1747647663263:,1747647680870
counter/3/0/0/0,17168:1747647664441:,1747647680870
counter/9/0/0/0,17828:1747647663263:,1747647680870
counter/3/0/0/0,17169:1747647664441:,1747647680870
counter/9/0/0/0,17829:1747647663263:,1747647680870
counter/3/0/0/0,17170:1747647664441:,1747647680870
counter/9/0/0/0,17830:1747647663263:,1747647680870
counter/3/0/0/0,17171:1747647664441:,1747647680870
counter/9/0/0/0,17831:1747647663266:,1747647680870
counter/3/0/0/0,17172:1747647664441:,1747647680870
counter/9/0/0/0,17832:1747647663268:,1747647680870
counter/3/0/0/0,17173:1747647664443:,1747647680870
counter/9/0/0/0,17833:1747647663268:,1747647680870
counter/3/0/0/0,17174:1747647664443:,1747647680870
counter/9/0/0/0,17834:1747647663268:,1747647680870
counter/3/0/0/0,17175:1747647664443:,1747647680870
counter/9/0/0/0,17835:1747647663268:,1747647680870
counter/3/0/0/0,17176:1747647664443:,1747647680870
counter/9/0/0/0,17836:1747647663268:,1747647680870
counter/3/0/0/0,17177:1747647664443:,1747647680870
counter/9/0/0/0,17837:1747647663281:,1747647680870
counter/3/0/0/0,17178:1747647664443:,1747647680870
counter/9/0/0/0,17838:1747647663281:,1747647680870
counter/3/0/0/0,17179:1747647664443:,1747647680870
counter/9/0/0/0,17839:1747647663281:,1747647680870
counter/3/0/0/0,17180:1747647664443:,1747647680870
counter/9/0/0/0,17840:1747647663281:,1747647680870
counter/3/0/0/0,17181:1747647664443:,1747647680871
counter/1/0/0/0,17739:1747647664537:,1747647680871
counter/9/0/0/0,17841:1747647663281:,1747647680871
counter/3/0/0/0,17182:1747647664443:,1747647680871
counter/9/0/0/0,17842:1747647663281:,1747647680871
counter/3/0/0/0,17183:1747647664443:,1747647680871
counter/8/0/0/0,17290:1747647663137:,1747647680871
counter/4/0/0/0,16512:1747647664509:,1747647680871
counter/9/0/0/0,17843:1747647663281:,1747647680871
counter/3/0/0/0,17184:1747647664443:,1747647680871
counter/10/0/0/0,15705:1747647662428:,1747647680871
counter/7/0/0/0,15705:1747647662479:,1747647680871
counter/9/0/0/0,17844:1747647663281:,1747647680871
counter/3/0/0/0,17185:1747647664443:,1747647680871
counter/5/0/0/0,16474:1747647663004:,1747647680871
counter/9/0/0/0,17845:1747647663281:,1747647680871
counter/3/0/0/0,17186:1747647664444:,1747647680871
counter/6/0/0/0,16020:1747647663033:,1747647680871
counter/9/0/0/0,17846:1747647663281:,1747647680871
counter/3/0/0/0,17187:1747647664444:,1747647680871
counter/6/0/0/0,16021:1747647663033:,1747647680871
counter/9/0/0/0,17847:1747647663281:,1747647680871
counter/3/0/0/0,17188:1747647664444:,1747647680871
counter/6/0/0/0,16022:1747647663033:,1747647680871
counter/9/0/0/0,17848:1747647663281:,1747647680871
counter/3/0/0/0,17189:1747647664444:,1747647680871
counter/6/0/0/0,16023:1747647663033:,1747647680871
counter/9/0/0/0,17849:1747647663281:,1747647680871
counter/3/0/0/0,17190:1747647664444:,1747647680871
counter/6/0/0/0,16024:1747647663033:,1747647680871
counter/9/0/0/0,17850:1747647663281:,1747647680871
counter/3/0/0/0,17191:1747647664444:,1747647680871
counter/6/0/0/0,16025:1747647663033:,1747647680871
counter/9/0/0/0,17851:1747647663283:,1747647680871
counter/3/0/0/0,17192:1747647664444:,1747647680872
counter/6/0/0/0,16026:1747647663033:,1747647680872
counter/9/0/0/0,17852:1747647663283:,1747647680872
counter/3/0/0/0,17193:1747647664444:,1747647680872
counter/6/0/0/0,16027:1747647663033:,1747647680872
counter/9/0/0/0,17853:1747647663283:,1747647680872
counter/3/0/0/0,17194:1747647664444:,1747647680872
counter/6/0/0/0,16028:1747647663033:,1747647680872
counter/9/0/0/0,17854:1747647663283:,1747647680872
counter/3/0/0/0,17195:1747647664445:,1747647680872
counter/6/0/0/0,16029:1747647663033:,1747647680872
counter/9/0/0/0,17855:1747647663283:,1747647680872
counter/3/0/0/0,17196:1747647664445:,1747647680872
counter/6/0/0/0,16030:1747647663033:,1747647680872
counter/9/0/0/0,17856:1747647663283:,1747647680872
counter/3/0/0/0,17197:1747647664445:,1747647680872
counter/6/0/0/0,16031:1747647663033:,1747647680872
counter/9/0/0/0,17857:1747647663283:,1747647680872
counter/3/0/0/0,17198:1747647664445:,1747647680872
counter/6/0/0/0,16032:1747647663033:,1747647680872
counter/9/0/0/0,17858:1747647663283:,1747647680872
counter/3/0/0/0,17199:1747647664445:,1747647680872
counter/6/0/0/0,16033:1747647663036:,1747647680872
counter/9/0/0/0,17859:1747647663283:,1747647680872
counter/3/0/0/0,17200:1747647664445:,1747647680872
counter/6/0/0/0,16034:1747647663036:,1747647680872
counter/9/0/0/0,17860:1747647663283:,1747647680872
counter/3/0/0/0,17201:1747647664445:,1747647680872
counter/6/0/0/0,16035:1747647663036:,1747647680872
counter/9/0/0/0,17861:1747647663283:,1747647680872
counter/3/0/0/0,17202:1747647664445:,1747647680872
counter/6/0/0/0,16036:1747647663044:,1747647680872
counter/9/0/0/0,17862:1747647663283:,1747647680872
counter/3/0/0/0,17203:1747647664445:,1747647680872
counter/6/0/0/0,16037:1747647663044:,1747647680872
counter/9/0/0/0,17863:1747647663283:,1747647680872
counter/3/0/0/0,17204:1747647664445:,1747647680872
counter/6/0/0/0,16038:1747647663044:,1747647680872
counter/9/0/0/0,17864:1747647663283:,1747647680872
counter/3/0/0/0,17205:1747647664449:,1747647680872
counter/6/0/0/0,16039:1747647663044:,1747647680872
counter/9/0/0/0,17865:1747647663283:,1747647680872
counter/3/0/0/0,17206:1747647664449:,1747647680872
counter/6/0/0/0,16040:1747647663044:,1747647680873
counter/9/0/0/0,17866:1747647663290:,1747647680873
counter/3/0/0/0,17207:1747647664449:,1747647680873
counter/6/0/0/0,16041:1747647663044:,1747647680873
counter/9/0/0/0,17867:1747647663290:,1747647680873
counter/3/0/0/0,17208:1747647664449:,1747647680873
counter/6/0/0/0,16042:1747647663047:,1747647680873
counter/9/0/0/0,17868:1747647663290:,1747647680873
counter/3/0/0/0,17209:1747647664449:,1747647680873
counter/6/0/0/0,16043:1747647663047:,1747647680873
counter/9/0/0/0,17869:1747647663290:,1747647680873
counter/3/0/0/0,17210:1747647664449:,1747647680873
counter/6/0/0/0,16044:1747647663047:,1747647680873
counter/9/0/0/0,17870:1747647663290:,1747647680873
counter/3/0/0/0,17211:1747647664449:,1747647680873
counter/6/0/0/0,16045:1747647663047:,1747647680873
counter/3/0/0/0,17212:1747647664449:,1747647680873
counter/6/0/0/0,16046:1747647663047:,1747647680873
counter/3/0/0/0,17213:1747647664450:,1747647680873
counter/6/0/0/0,16047:1747647663047:,1747647680873
counter/3/0/0/0,17214:1747647664450:,1747647680873
counter/6/0/0/0,16048:1747647663047:,1747647680873
counter/3/0/0/0,17215:1747647664450:,1747647680873
counter/6/0/0/0,16049:1747647663047:,1747647680873
counter/3/0/0/0,17216:1747647664450:,1747647680873
counter/6/0/0/0,16050:1747647663047:,1747647680873
counter/3/0/0/0,17217:1747647664450:,1747647680873
counter/6/0/0/0,16051:1747647663047:,1747647680873
counter/3/0/0/0,17218:1747647664450:,1747647680873
counter/6/0/0/0,16052:1747647663052:,1747647680873
counter/3/0/0/0,17219:1747647664450:,1747647680873
counter/6/0/0/0,16053:1747647663052:,1747647680873
counter/3/0/0/0,17220:1747647664450:,1747647680873
counter/6/0/0/0,16054:1747647663052:,1747647680873
counter/3/0/0/0,17221:1747647664450:,1747647680873
counter/6/0/0/0,16055:1747647663052:,1747647680873
counter/3/0/0/0,17222:1747647664450:,1747647680873
counter/6/0/0/0,16056:1747647663052:,1747647680873
counter/3/0/0/0,17223:1747647664450:,1747647680874
counter/6/0/0/0,16057:1747647663052:,1747647680874
counter/3/0/0/0,17224:1747647664450:,1747647680874
counter/6/0/0/0,16058:1747647663052:,1747647680874
counter/3/0/0/0,17225:1747647664450:,1747647680874
counter/6/0/0/0,16059:1747647663052:,1747647680874
counter/3/0/0/0,17226:1747647664454:,1747647680874
counter/6/0/0/0,16060:1747647663052:,1747647680874
counter/3/0/0/0,17227:1747647664454:,1747647680874
counter/6/0/0/0,16061:1747647663052:,1747647680874
counter/3/0/0/0,17228:1747647664455:,1747647680874
counter/6/0/0/0,16062:1747647663091:,1747647680874
counter/3/0/0/0,17229:1747647664455:,1747647680874
counter/6/0/0/0,16063:1747647663091:,1747647680874
counter/3/0/0/0,17230:1747647664455:,1747647680874
counter/6/0/0/0,16064:1747647663091:,1747647680874
counter/3/0/0/0,17231:1747647664455:,1747647680874
counter/6/0/0/0,16065:1747647663091:,1747647680874
counter/3/0/0/0,17232:1747647664464:,1747647680874
counter/6/0/0/0,16066:1747647663091:,1747647680874
counter/7/0/0/0,15706:1747647662479:,1747647680874
counter/3/0/0/0,17233:1747647664464:,1747647680874
counter/6/0/0/0,16067:1747647663091:,1747647680874
counter/3/0/0/0,17234:1747647664464:,1747647680874
counter/6/0/0/0,16068:1747647663091:,1747647680874
counter/3/0/0/0,17235:1747647664465:,1747647680874
counter/6/0/0/0,16069:1747647663091:,1747647680874
counter/6/0/0/0,16070:1747647663091:,1747647680874
counter/6/0/0/0,16071:1747647663091:,1747647680874
counter/6/0/0/0,16072:1747647663091:,1747647680874
counter/6/0/0/0,16073:1747647663091:,1747647680874
counter/6/0/0/0,16074:1747647663094:,1747647680874
counter/6/0/0/0,16075:1747647663094:,1747647680874
counter/6/0/0/0,16076:1747647663094:,1747647680874
counter/7/0/0/0,15707:1747647662479:,1747647680874
counter/6/0/0/0,16077:1747647663094:,1747647680874
counter/4/0/0/0,16513:1747647664509:,1747647680874
counter/6/0/0/0,16078:1747647663094:,1747647680874
counter/1/0/0/0,17740:1747647664537:,1747647680874
counter/6/0/0/0,16079:1747647663094:,1747647680874
counter/6/0/0/0,16080:1747647663094:,1747647680874
counter/6/0/0/0,16081:1747647663094:,1747647680874
counter/6/0/0/0,16082:1747647663095:,1747647680874
counter/6/0/0/0,16083:1747647663095:,1747647680874
counter/6/0/0/0,16084:1747647663095:,1747647680875
counter/6/0/0/0,16085:1747647663095:,1747647680875
counter/6/0/0/0,16086:1747647663095:,1747647680875
counter/6/0/0/0,16087:1747647663095:,1747647680875
counter/6/0/0/0,16088:1747647663095:,1747647680875
counter/6/0/0/0,16089:1747647663095:,1747647680875
counter/6/0/0/0,16090:1747647663095:,1747647680875
counter/6/0/0/0,16091:1747647663095:,1747647680875
counter/6/0/0/0,16092:1747647663095:,1747647680875
counter/6/0/0/0,16093:1747647663095:,1747647680875
counter/6/0/0/0,16094:1747647663095:,1747647680875
counter/6/0/0/0,16095:1747647663095:,1747647680875
counter/6/0/0/0,16096:1747647663095:,1747647680875
counter/6/0/0/0,16097:1747647663100:,1747647680875
counter/6/0/0/0,16098:1747647663108:,1747647680875
counter/10/0/0/0,15706:1747647662428:,1747647680875
counter/6/0/0/0,16099:1747647663108:,1747647680875
counter/8/0/0/0,17291:1747647663137:,1747647680875
counter/6/0/0/0,16100:1747647663108:,1747647680875
counter/10/0/0/0,15707:1747647662428:,1747647680875
counter/5/0/0/0,16475:1747647663004:,1747647680875
counter/6/0/0/0,16101:1747647663108:,1747647680875
counter/1/0/0/0,17741:1747647664537:,1747647680875
counter/6/0/0/0,16102:1747647663108:,1747647680875
counter/6/0/0/0,16103:1747647663108:,1747647680875
counter/7/0/0/0,15708:1747647662479:,1747647680875
counter/6/0/0/0,16104:1747647663115:,1747647680875
counter/8/0/0/0,17292:1747647663137:,1747647680875
counter/6/0/0/0,16105:1747647663115:,1747647680875
counter/6/0/0/0,16106:1747647663115:,1747647680875
counter/6/0/0/0,16107:1747647663115:,1747647680875
counter/6/0/0/0,16108:1747647663115:,1747647680875
counter/6/0/0/0,16109:1747647663115:,1747647680875
counter/6/0/0/0,16110:1747647663125:,1747647680875
counter/7/0/0/0,15709:1747647662479:,1747647680875
counter/6/0/0/0,16111:1747647663125:,1747647680875
counter/8/0/0/0,17293:1747647663137:,1747647680875
counter/6/0/0/0,16112:1747647663126:,1747647680875
counter/10/0/0/0,15708:1747647662428:,1747647680875
counter/6/0/0/0,16113:1747647663126:,1747647680875
counter/5/0/0/0,16476:1747647663004:,1747647680875
counter/1/0/0/0,17742:1747647664537:,1747647680875
counter/6/0/0/0,16114:1747647663127:,1747647680876
counter/1/0/0/0,17743:1747647664537:,1747647680876
counter/6/0/0/0,16115:1747647663127:,1747647680876
counter/1/0/0/0,17744:1747647664537:,1747647680876
counter/6/0/0/0,16116:1747647663127:,1747647680876
counter/1/0/0/0,17745:1747647664537:,1747647680876
counter/6/0/0/0,16117:1747647663127:,1747647680876
counter/1/0/0/0,17746:1747647664550:,1747647680876
counter/6/0/0/0,16118:1747647663127:,1747647680876
counter/1/0/0/0,17747:1747647664550:,1747647680876
counter/6/0/0/0,16119:1747647663127:,1747647680876
counter/1/0/0/0,17748:1747647664550:,1747647680876
counter/6/0/0/0,16120:1747647663127:,1747647680876
counter/1/0/0/0,17749:1747647664550:,1747647680876
counter/6/0/0/0,16121:1747647663127:,1747647680876
counter/1/0/0/0,17750:1747647664550:,1747647680876
counter/6/0/0/0,16122:1747647663132:,1747647680876
counter/1/0/0/0,17751:1747647664550:,1747647680876
counter/7/0/0/0,15710:1747647662479:,1747647680876
counter/6/0/0/0,16123:1747647663132:,1747647680876
counter/1/0/0/0,17752:1747647664550:,1747647680876
counter/6/0/0/0,16124:1747647663132:,1747647680876
counter/1/0/0/0,17753:1747647664550:,1747647680876
counter/6/0/0/0,16125:1747647663132:,1747647680876
counter/1/0/0/0,17754:1747647664550:,1747647680876
counter/6/0/0/0,16126:1747647663132:,1747647680876
counter/1/0/0/0,17755:1747647664550:,1747647680876
counter/7/0/0/0,15711:1747647662479:,1747647680876
counter/6/0/0/0,16127:1747647663132:,1747647680876
counter/1/0/0/0,17756:1747647664550:,1747647680876
counter/6/0/0/0,16128:1747647663132:,1747647680876
counter/1/0/0/0,17757:1747647664550:,1747647680876
counter/9/0/0/0,17871:1747647663290:,1747647680876
counter/6/0/0/0,16129:1747647663132:,1747647680876
counter/1/0/0/0,17758:1747647664551:,1747647680876
counter/9/0/0/0,17872:1747647663290:,1747647680876
counter/5/0/0/0,16477:1747647663004:,1747647680876
counter/8/0/0/0,17294:1747647663149:,1747647680876
counter/6/0/0/0,16130:1747647663132:,1747647680876
counter/8/0/0/0,17295:1747647663149:,1747647680876
counter/3/0/0/0,17236:1747647664465:,1747647680876
counter/6/0/0/0,16131:1747647663134:,1747647680877
counter/8/0/0/0,17296:1747647663149:,1747647680877
counter/5/0/0/0,16478:1747647663004:,1747647680877
counter/6/0/0/0,16132:1747647663134:,1747647680877
counter/8/0/0/0,17297:1747647663150:,1747647680877
counter/5/0/0/0,16479:1747647663004:,1747647680877
counter/6/0/0/0,16133:1747647663134:,1747647680877
counter/8/0/0/0,17298:1747647663150:,1747647680877
counter/5/0/0/0,16480:1747647663004:,1747647680877
counter/7/0/0/0,15712:1747647662479:,1747647680877
counter/4/0/0/0,16514:1747647664509:,1747647680877
counter/6/0/0/0,16134:1747647663134:,1747647680877
counter/8/0/0/0,17299:1747647663150:,1747647680877
counter/5/0/0/0,16481:1747647663004:,1747647680877
counter/6/0/0/0,16135:1747647663134:,1747647680877
counter/8/0/0/0,17300:1747647663150:,1747647680877
counter/5/0/0/0,16482:1747647663004:,1747647680877
counter/7/0/0/0,15713:1747647662479:,1747647680877
counter/4/0/0/0,16515:1747647664509:,1747647680877
counter/6/0/0/0,16136:1747647663134:,1747647680877
counter/6/0/0/0,16137:1747647663134:,1747647680877
counter/6/0/0/0,16138:1747647663134:,1747647680877
counter/6/0/0/0,16139:1747647663137:,1747647680877
counter/6/0/0/0,16140:1747647663137:,1747647680877
counter/6/0/0/0,16141:1747647663137:,1747647680877
counter/6/0/0/0,16142:1747647663137:,1747647680877
counter/6/0/0/0,16143:1747647663137:,1747647680877
counter/6/0/0/0,16144:1747647663138:,1747647680877
counter/6/0/0/0,16145:1747647663138:,1747647680877
counter/6/0/0/0,16146:1747647663138:,1747647680877
counter/6/0/0/0,16147:1747647663138:,1747647680877
counter/7/0/0/0,15714:1747647662479:,1747647680877
counter/6/0/0/0,16148:1747647663138:,1747647680877
counter/4/0/0/0,16516:1747647664509:,1747647680877
counter/6/0/0/0,16149:1747647663138:,1747647680877
counter/6/0/0/0,16150:1747647663138:,1747647680877
counter/6/0/0/0,16151:1747647663164:,1747647680877
counter/6/0/0/0,16152:1747647663164:,1747647680877
counter/6/0/0/0,16153:1747647663164:,1747647680877
counter/6/0/0/0,16154:1747647663164:,1747647680877
counter/6/0/0/0,16155:1747647663164:,1747647680877
counter/6/0/0/0,16156:1747647663164:,1747647680877
counter/6/0/0/0,16157:1747647663164:,1747647680877
counter/6/0/0/0,16158:1747647663164:,1747647680878
counter/6/0/0/0,16159:1747647663166:,1747647680878
counter/6/0/0/0,16160:1747647663166:,1747647680878
counter/7/0/0/0,15715:1747647662479:,1747647680878
counter/6/0/0/0,16161:1747647663172:,1747647680878
counter/8/0/0/0,17301:1747647663150:,1747647680878
counter/6/0/0/0,16162:1747647663172:,1747647680878
counter/10/0/0/0,15709:1747647662428:,1747647680878
counter/4/0/0/0,16517:1747647664509:,1747647680878
counter/6/0/0/0,16163:1747647663173:,1747647680878
counter/10/0/0/0,15710:1747647662431:,1747647680878
counter/6/0/0/0,16164:1747647663173:,1747647680878
counter/10/0/0/0,15711:1747647662431:,1747647680878
counter/9/0/0/0,17873:1747647663290:,1747647680878
counter/3/0/0/0,17237:1747647664465:,1747647680878
counter/6/0/0/0,16165:1747647663173:,1747647680878
counter/9/0/0/0,17874:1747647663290:,1747647680878
counter/6/0/0/0,16166:1747647663173:,1747647680878
counter/9/0/0/0,17875:1747647663290:,1747647680878
counter/6/0/0/0,16167:1747647663192:,1747647680878
counter/9/0/0/0,17876:1747647663290:,1747647680878
counter/6/0/0/0,16168:1747647663192:,1747647680878
counter/6/0/0/0,16169:1747647663192:,1747647680878
counter/6/0/0/0,16170:1747647663192:,1747647680878
counter/6/0/0/0,16171:1747647663192:,1747647680878
counter/6/0/0/0,16172:1747647663192:,1747647680878
counter/6/0/0/0,16173:1747647663203:,1747647680878
counter/6/0/0/0,16174:1747647663214:,1747647680878
counter/6/0/0/0,16175:1747647663214:,1747647680878
counter/6/0/0/0,16176:1747647663214:,1747647680878
counter/6/0/0/0,16177:1747647663225:,1747647680878
counter/6/0/0/0,16178:1747647663225:,1747647680878
counter/6/0/0/0,16179:1747647663225:,1747647680878
counter/6/0/0/0,16180:1747647663225:,1747647680878
counter/6/0/0/0,16181:1747647663225:,1747647680878
counter/6/0/0/0,16182:1747647663225:,1747647680878
counter/6/0/0/0,16183:1747647663225:,1747647680878
counter/6/0/0/0,16184:1747647663225:,1747647680878
counter/9/0/0/0,17877:1747647663290:,1747647680878
counter/7/0/0/0,15716:1747647662479:,1747647680879
counter/9/0/0/0,17878:1747647663290:,1747647680879
counter/3/0/0/0,17238:1747647664465:,1747647680879
counter/4/0/0/0,16518:1747647664509:,1747647680879
counter/8/0/0/0,17302:1747647663150:,1747647680879
counter/1/0/0/0,17759:1747647664557:,1747647680879
counter/5/0/0/0,16483:1747647663005:,1747647680879
counter/10/0/0/0,15712:1747647662431:,1747647680879
counter/6/0/0/0,16185:1747647663225:,1747647680879
counter/9/0/0/0,17879:1747647663293:,1747647680879
counter/3/0/0/0,17239:1747647664465:,1747647680879
counter/4/0/0/0,16519:1747647664509:,1747647680879
counter/8/0/0/0,17303:1747647663150:,1747647680879
counter/1/0/0/0,17760:1747647664557:,1747647680879
counter/5/0/0/0,16484:1747647663006:,1747647680879
counter/7/0/0/0,15717:1747647662479:,1747647680879
counter/5/0/0/0,16485:1747647663013:,1747647680879
counter/5/0/0/0,16486:1747647663013:,1747647680879
counter/7/0/0/0,15718:1747647662479:,1747647680879
counter/8/0/0/0,17304:1747647663150:,1747647680879
counter/6/0/0/0,16186:1747647663225:,1747647680879
counter/6/0/0/0,16187:1747647663225:,1747647680879
counter/4/0/0/0,16520:1747647664509:,1747647680879
counter/4/0/0/0,16521:1747647664509:,1747647680879
counter/4/0/0/0,16522:1747647664509:,1747647680879
counter/4/0/0/0,16523:1747647664509:,1747647680879
counter/4/0/0/0,16524:1747647664509:,1747647680879
counter/10/0/0/0,15713:1747647662431:,1747647680879
counter/5/0/0/0,16487:1747647663013:,1747647680879
counter/3/0/0/0,17240:1747647664465:,1747647680879
counter/8/0/0/0,17305:1747647663150:,1747647680879
counter/6/0/0/0,16188:1747647663225:,1747647680879
counter/8/0/0/0,17306:1747647663150:,1747647680879
counter/7/0/0/0,15719:1747647662479:,1747647680879
counter/1/0/0/0,17761:1747647664557:,1747647680879
counter/7/0/0/0,15720:1747647662479:,1747647680879
counter/7/0/0/0,15721:1747647662479:,1747647680879
counter/7/0/0/0,15722:1747647662479:,1747647680879
counter/7/0/0/0,15723:1747647662479:,1747647680879
counter/7/0/0/0,15724:1747647662479:,1747647680879
counter/7/0/0/0,15725:1747647662479:,1747647680879
counter/7/0/0/0,15726:1747647662479:,1747647680879
counter/7/0/0/0,15727:1747647662479:,1747647680879
counter/7/0/0/0,15728:1747647662483:,1747647680879
counter/7/0/0/0,15729:1747647662483:,1747647680880
counter/7/0/0/0,15730:1747647662483:,1747647680880
counter/7/0/0/0,15731:1747647662483:,1747647680880
counter/7/0/0/0,15732:1747647662483:,1747647680880
counter/5/0/0/0,16488:1747647663013:,1747647680880
counter/7/0/0/0,15733:1747647662483:,1747647680880
counter/7/0/0/0,15734:1747647662484:,1747647680880
counter/4/0/0/0,16525:1747647664509:,1747647680880
counter/7/0/0/0,15735:1747647662484:,1747647680880
counter/9/0/0/0,17880:1747647663293:,1747647680880
counter/8/0/0/0,17307:1747647663150:,1747647680880
counter/7/0/0/0,15736:1747647662484:,1747647680880
counter/1/0/0/0,17762:1747647664557:,1747647680880
counter/10/0/0/0,15714:1747647662431:,1747647680880
counter/7/0/0/0,15737:1747647662484:,1747647680880
counter/3/0/0/0,17241:1747647664465:,1747647680880
counter/7/0/0/0,15738:1747647662484:,1747647680880
counter/7/0/0/0,15739:1747647662484:,1747647680880
counter/4/0/0/0,16526:1747647664509:,1747647680880
counter/8/0/0/0,17308:1747647663150:,1747647680880
counter/1/0/0/0,17763:1747647664557:,1747647680880
counter/1/0/0/0,17764:1747647664557:,1747647680880
counter/1/0/0/0,17765:1747647664557:,1747647680880
counter/1/0/0/0,17766:1747647664557:,1747647680880
counter/1/0/0/0,17767:1747647664557:,1747647680880
counter/1/0/0/0,17768:1747647664557:,1747647680880
counter/1/0/0/0,17769:1747647664557:,1747647680880
counter/1/0/0/0,17770:1747647664558:,1747647680880
counter/10/0/0/0,15715:1747647662431:,1747647680880
counter/1/0/0/0,17771:1747647664558:,1747647680880
counter/10/0/0/0,15716:1747647662431:,1747647680880
counter/7/0/0/0,15740:1747647662484:,1747647680880
counter/1/0/0/0,17772:1747647664558:,1747647680880
counter/3/0/0/0,17242:1747647664465:,1747647680880
counter/1/0/0/0,17773:1747647664558:,1747647680880
counter/1/0/0/0,17774:1747647664559:,1747647680880
counter/1/0/0/0,17775:1747647664559:,1747647680880
counter/1/0/0/0,17776:1747647664559:,1747647680880
counter/1/0/0/0,17777:1747647664576:,1747647680880
counter/1/0/0/0,17778:1747647664576:,1747647680880
counter/1/0/0/0,17779:1747647664582:,1747647680880
counter/1/0/0/0,17780:1747647664583:,1747647680880
counter/6/0/0/0,16189:1747647663225:,1747647680881
counter/3/0/0/0,17243:1747647664465:,1747647680881
counter/6/0/0/0,16190:1747647663240:,1747647680881
counter/7/0/0/0,15741:1747647662484:,1747647680881
counter/10/0/0/0,15717:1747647662431:,1747647680881
counter/6/0/0/0,16191:1747647663240:,1747647680881
counter/6/0/0/0,16192:1747647663242:,1747647680881
counter/7/0/0/0,15742:1747647662484:,1747647680881
counter/6/0/0/0,16193:1747647663242:,1747647680881
counter/6/0/0/0,16194:1747647663243:,1747647680881
counter/6/0/0/0,16195:1747647663243:,1747647680881
counter/6/0/0/0,16196:1747647663243:,1747647680881
counter/6/0/0/0,16197:1747647663248:,1747647680881
counter/6/0/0/0,16198:1747647663266:,1747647680881
counter/6/0/0/0,16199:1747647663266:,1747647680881
counter/6/0/0/0,16200:1747647663267:,1747647680881
counter/7/0/0/0,15743:1747647662484:,1747647680881
counter/8/0/0/0,17309:1747647663150:,1747647680881
counter/7/0/0/0,15744:1747647662484:,1747647680881
counter/3/0/0/0,17244:1747647664465:,1747647680881
counter/10/0/0/0,15718:1747647662432:,1747647680881
counter/5/0/0/0,16489:1747647663014:,1747647680881
counter/7/0/0/0,15745:1747647662484:,1747647680881
counter/5/0/0/0,16490:1747647663014:,1747647680881
counter/7/0/0/0,15746:1747647662484:,1747647680881
counter/5/0/0/0,16491:1747647663014:,1747647680881
counter/6/0/0/0,16201:1747647663268:,1747647680881
counter/5/0/0/0,16492:1747647663014:,1747647680881
counter/5/0/0/0,16493:1747647663014:,1747647680881
counter/5/0/0/0,16494:1747647663014:,1747647680881
counter/5/0/0/0,16495:1747647663014:,1747647680881
counter/5/0/0/0,16496:1747647663014:,1747647680881
counter/6/0/0/0,16202:1747647663268:,1747647680881
counter/8/0/0/0,17310:1747647663150:,1747647680881
counter/4/0/0/0,16527:1747647664509:,1747647680881
counter/3/0/0/0,17245:1747647664465:,1747647680881
counter/6/0/0/0,16203:1747647663269:,1747647680882
counter/7/0/0/0,15747:1747647662484:,1747647680882
counter/5/0/0/0,16497:1747647663014:,1747647680882
counter/10/0/0/0,15719:1747647662432:,1747647680882
counter/4/0/0/0,16528:1747647664509:,1747647680882
counter/3/0/0/0,17246:1747647664465:,1747647680882
counter/7/0/0/0,15748:1747647662484:,1747647680882
counter/5/0/0/0,16498:1747647663014:,1747647680882
counter/10/0/0/0,15720:1747647662432:,1747647680882
counter/1/0/0/0,17781:1747647664583:,1747647680882
counter/6/0/0/0,16204:1747647663269:,1747647680882
counter/8/0/0/0,17311:1747647663150:,1747647680882
counter/4/0/0/0,16529:1747647664509:,1747647680882
counter/4/0/0/0,16530:1747647664509:,1747647680882
counter/4/0/0/0,16531:1747647664509:,1747647680882
counter/4/0/0/0,16532:1747647664509:,1747647680882
counter/4/0/0/0,16533:1747647664509:,1747647680882
counter/4/0/0/0,16534:1747647664509:,1747647680882
counter/4/0/0/0,16535:1747647664511:,1747647680882
counter/4/0/0/0,16536:1747647664511:,1747647680882
counter/4/0/0/0,16537:1747647664511:,1747647680882
counter/4/0/0/0,16538:1747647664511:,1747647680882
counter/4/0/0/0,16539:1747647664512:,1747647680882
counter/4/0/0/0,16540:1747647664512:,1747647680882
counter/1/0/0/0,17782:1747647664583:,1747647680882
counter/7/0/0/0,15749:1747647662484:,1747647680882
counter/10/0/0/0,15721:1747647662432:,1747647680882
counter/3/0/0/0,17247:1747647664466:,1747647680882
counter/6/0/0/0,16205:1747647663269:,1747647680882
counter/5/0/0/0,16499:1747647663014:,1747647680882
counter/8/0/0/0,17312:1747647663150:,1747647680882
counter/4/0/0/0,16541:1747647664512:,1747647680882
counter/8/0/0/0,17313:1747647663150:,1747647680882
counter/8/0/0/0,17314:1747647663150:,1747647680882
counter/8/0/0/0,17315:1747647663150:,1747647680882
counter/8/0/0/0,17316:1747647663150:,1747647680882
counter/5/0/0/0,16500:1747647663014:,1747647680882
counter/8/0/0/0,17317:1747647663150:,1747647680882
counter/8/0/0/0,17318:1747647663150:,1747647680882
counter/8/0/0/0,17319:1747647663150:,1747647680882
counter/4/0/0/0,16542:1747647664512:,1747647680882
counter/4/0/0/0,16543:1747647664512:,1747647680883
counter/8/0/0/0,17320:1747647663150:,1747647680883
counter/4/0/0/0,16544:1747647664512:,1747647680883
counter/4/0/0/0,16545:1747647664512:,1747647680883
counter/4/0/0/0,16546:1747647664512:,1747647680883
counter/4/0/0/0,16547:1747647664512:,1747647680883
counter/4/0/0/0,16548:1747647664512:,1747647680883
counter/4/0/0/0,16549:1747647664512:,1747647680883
counter/4/0/0/0,16550:1747647664512:,1747647680883
counter/4/0/0/0,16551:1747647664512:,1747647680883
counter/4/0/0/0,16552:1747647664512:,1747647680883
counter/4/0/0/0,16553:1747647664512:,1747647680883
counter/7/0/0/0,15750:1747647662484:,1747647680883
counter/4/0/0/0,16554:1747647664512:,1747647680883
counter/8/0/0/0,17321:1747647663150:,1747647680883
counter/4/0/0/0,16555:1747647664512:,1747647680883
counter/6/0/0/0,16206:1747647663269:,1747647680883
counter/3/0/0/0,17248:1747647664466:,1747647680883
counter/4/0/0/0,16556:1747647664512:,1747647680883
counter/9/0/0/0,17881:1747647663293:,1747647680883
counter/5/0/0/0,16501:1747647663014:,1747647680883
counter/4/0/0/0,16557:1747647664512:,1747647680883
counter/9/0/0/0,17882:1747647663293:,1747647680883
counter/4/0/0/0,16558:1747647664512:,1747647680883
counter/9/0/0/0,17883:1747647663293:,1747647680883
counter/4/0/0/0,16559:1747647664512:,1747647680883
counter/9/0/0/0,17884:1747647663293:,1747647680883
counter/9/0/0/0,17885:1747647663293:,1747647680883
counter/9/0/0/0,17886:1747647663294:,1747647680883
counter/9/0/0/0,17887:1747647663310:,1747647680883
counter/9/0/0/0,17888:1747647663315:,1747647680883
counter/9/0/0/0,17889:1747647663323:,1747647680883
counter/9/0/0/0,17890:1747647663323:,1747647680883
counter/9/0/0/0,17891:1747647663323:,1747647680883
counter/4/0/0/0,16560:1747647664512:,1747647680883
counter/9/0/0/0,17892:1747647663323:,1747647680883
counter/4/0/0/0,16561:1747647664512:,1747647680883
counter/9/0/0/0,17893:1747647663323:,1747647680883
counter/4/0/0/0,16562:1747647664512:,1747647680883
counter/9/0/0/0,17894:1747647663324:,1747647680883
counter/4/0/0/0,16563:1747647664512:,1747647680883
counter/9/0/0/0,17895:1747647663324:,1747647680884
counter/4/0/0/0,16564:1747647664512:,1747647680884
counter/9/0/0/0,17896:1747647663324:,1747647680884
counter/4/0/0/0,16565:1747647664512:,1747647680884
counter/9/0/0/0,17897:1747647663324:,1747647680884
counter/4/0/0/0,16566:1747647664512:,1747647680884
counter/9/0/0/0,17898:1747647663324:,1747647680884
counter/4/0/0/0,16567:1747647664512:,1747647680884
counter/4/0/0/0,16568:1747647664512:,1747647680884
counter/4/0/0/0,16569:1747647664512:,1747647680884
counter/4/0/0/0,16570:1747647664512:,1747647680884
counter/4/0/0/0,16571:1747647664512:,1747647680884
counter/4/0/0/0,16572:1747647664512:,1747647680884
counter/4/0/0/0,16573:1747647664512:,1747647680884
counter/4/0/0/0,16574:1747647664523:,1747647680884
counter/4/0/0/0,16575:1747647664523:,1747647680884
counter/4/0/0/0,16576:1747647664523:,1747647680884
counter/4/0/0/0,16577:1747647664523:,1747647680884
counter/4/0/0/0,16578:1747647664524:,1747647680884
counter/4/0/0/0,16579:1747647664524:,1747647680884
counter/4/0/0/0,16580:1747647664524:,1747647680884
counter/10/0/0/0,15722:1747647662432:,1747647680884
counter/4/0/0/0,16581:1747647664524:,1747647680884
counter/7/0/0/0,15751:1747647662484:,1747647680884
counter/4/0/0/0,16582:1747647664524:,1747647680884
counter/7/0/0/0,15752:1747647662484:,1747647680884
counter/4/0/0/0,16583:1747647664524:,1747647680884
counter/7/0/0/0,15753:1747647662484:,1747647680884
counter/4/0/0/0,16584:1747647664524:,1747647680884
counter/7/0/0/0,15754:1747647662484:,1747647680884
counter/4/0/0/0,16585:1747647664524:,1747647680884
counter/7/0/0/0,15755:1747647662484:,1747647680884
counter/10/0/0/0,15723:1747647662432:,1747647680884
counter/4/0/0/0,16586:1747647664524:,1747647680884
counter/7/0/0/0,15756:1747647662484:,1747647680884
counter/9/0/0/0,17899:1747647663324:,1747647680884
counter/5/0/0/0,16502:1747647663014:,1747647680884
counter/4/0/0/0,16587:1747647664524:,1747647680884
counter/7/0/0/0,15757:1747647662484:,1747647680884
counter/3/0/0/0,17249:1747647664466:,1747647680884
counter/8/0/0/0,17322:1747647663150:,1747647680884
counter/4/0/0/0,16588:1747647664524:,1747647680884
counter/7/0/0/0,15758:1747647662484:,1747647680884
counter/4/0/0/0,16589:1747647664524:,1747647680884
counter/7/0/0/0,15759:1747647662484:,1747647680885
counter/4/0/0/0,16590:1747647664524:,1747647680885
counter/4/0/0/0,16591:1747647664524:,1747647680885
counter/4/0/0/0,16592:1747647664524:,1747647680885
counter/4/0/0/0,16593:1747647664528:,1747647680885
counter/6/0/0/0,16207:1747647663276:,1747647680885
counter/6/0/0/0,16208:1747647663276:,1747647680885
counter/10/0/0/0,15724:1747647662432:,1747647680885
counter/6/0/0/0,16209:1747647663276:,1747647680885
counter/6/0/0/0,16210:1747647663276:,1747647680885
counter/6/0/0/0,16211:1747647663276:,1747647680885
counter/7/0/0/0,15760:1747647662484:,1747647680885
counter/6/0/0/0,16212:1747647663276:,1747647680885
counter/9/0/0/0,17900:1747647663324:,1747647680885
counter/8/0/0/0,17323:1747647663150:,1747647680885
counter/6/0/0/0,16213:1747647663276:,1747647680885
counter/10/0/0/0,15725:1747647662432:,1747647680885
counter/3/0/0/0,17250:1747647664466:,1747647680885
counter/4/0/0/0,16594:1747647664528:,1747647680885
counter/4/0/0/0,16595:1747647664528:,1747647680885
counter/4/0/0/0,16596:1747647664528:,1747647680885
counter/4/0/0/0,16597:1747647664528:,1747647680885
counter/4/0/0/0,16598:1747647664536:,1747647680885
counter/4/0/0/0,16599:1747647664536:,1747647680885
counter/4/0/0/0,16600:1747647664536:,1747647680885
counter/4/0/0/0,16601:1747647664536:,1747647680885
counter/4/0/0/0,16602:1747647664536:,1747647680885
counter/4/0/0/0,16603:1747647664536:,1747647680885
counter/10/0/0/0,15726:1747647662432:,1747647680885
counter/4/0/0/0,16604:1747647664536:,1747647680885
counter/4/0/0/0,16605:1747647664536:,1747647680885
counter/4/0/0/0,16606:1747647664536:,1747647680885
counter/4/0/0/0,16607:1747647664536:,1747647680885
counter/4/0/0/0,16608:1747647664536:,1747647680885
counter/4/0/0/0,16609:1747647664539:,1747647680885
counter/2/0/0/0,16421:1747647662992:,1747647680885
counter/1/0/0/0,17783:1747647664583:,1747647680885
counter/2/0/0/0,16422:1747647662992:,1747647680885
counter/10/0/0/0,15727:1747647662432:,1747647680885
counter/3/0/0/0,17251:1747647664466:,1747647680885
counter/7/0/0/0,15761:1747647662484:,1747647680886
counter/2/0/0/0,16423:1747647662992:,1747647680886
counter/7/0/0/0,15762:1747647662484:,1747647680886
counter/2/0/0/0,16424:1747647662992:,1747647680886
counter/7/0/0/0,15763:1747647662484:,1747647680886
counter/2/0/0/0,16425:1747647662992:,1747647680886
counter/7/0/0/0,15764:1747647662485:,1747647680886
counter/2/0/0/0,16426:1747647663000:,1747647680886
counter/7/0/0/0,15765:1747647662499:,1747647680886
counter/2/0/0/0,16427:1747647663000:,1747647680886
counter/7/0/0/0,15766:1747647662499:,1747647680886
counter/2/0/0/0,16428:1747647663000:,1747647680886
counter/7/0/0/0,15767:1747647662499:,1747647680886
counter/2/0/0/0,16429:1747647663000:,1747647680886
counter/7/0/0/0,15768:1747647662499:,1747647680886
counter/2/0/0/0,16430:1747647663000:,1747647680886
counter/7/0/0/0,15769:1747647662499:,1747647680886
counter/2/0/0/0,16431:1747647663000:,1747647680886
counter/7/0/0/0,15770:1747647662499:,1747647680886
counter/2/0/0/0,16432:1747647663000:,1747647680886
counter/7/0/0/0,15771:1747647662499:,1747647680886
counter/2/0/0/0,16433:1747647663000:,1747647680886
counter/7/0/0/0,15772:1747647662502:,1747647680886
counter/2/0/0/0,16434:1747647663000:,1747647680886
counter/7/0/0/0,15773:1747647662502:,1747647680886
counter/2/0/0/0,16435:1747647663000:,1747647680886
counter/7/0/0/0,15774:1747647662502:,1747647680886
counter/2/0/0/0,16436:1747647663000:,1747647680886
counter/7/0/0/0,15775:1747647662502:,1747647680886
counter/2/0/0/0,16437:1747647663000:,1747647680886
counter/7/0/0/0,15776:1747647662502:,1747647680886
counter/2/0/0/0,16438:1747647663000:,1747647680886
counter/7/0/0/0,15777:1747647662502:,1747647680886
counter/2/0/0/0,16439:1747647663000:,1747647680886
counter/7/0/0/0,15778:1747647662502:,1747647680886
counter/2/0/0/0,16440:1747647663000:,1747647680886
counter/7/0/0/0,15779:1747647662502:,1747647680886
counter/2/0/0/0,16441:1747647663000:,1747647680886
counter/7/0/0/0,15780:1747647662502:,1747647680886
counter/2/0/0/0,16442:1747647663000:,1747647680886
counter/7/0/0/0,15781:1747647662502:,1747647680886
counter/2/0/0/0,16443:1747647663000:,1747647680886
counter/7/0/0/0,15782:1747647662502:,1747647680886
counter/2/0/0/0,16444:1747647663000:,1747647680886
counter/7/0/0/0,15783:1747647662502:,1747647680886
counter/2/0/0/0,16445:1747647663000:,1747647680887
counter/7/0/0/0,15784:1747647662502:,1747647680887
counter/2/0/0/0,16446:1747647663001:,1747647680887
counter/7/0/0/0,15785:1747647662502:,1747647680887
counter/2/0/0/0,16447:1747647663001:,1747647680887
counter/7/0/0/0,15786:1747647662502:,1747647680887
counter/2/0/0/0,16448:1747647663001:,1747647680887
counter/7/0/0/0,15787:1747647662502:,1747647680887
counter/2/0/0/0,16449:1747647663001:,1747647680887
counter/7/0/0/0,15788:1747647662503:,1747647680887
counter/2/0/0/0,16450:1747647663001:,1747647680887
counter/7/0/0/0,15789:1747647662503:,1747647680887
counter/2/0/0/0,16451:1747647663001:,1747647680887
counter/7/0/0/0,15790:1747647662503:,1747647680887
counter/2/0/0/0,16452:1747647663001:,1747647680887
counter/7/0/0/0,15791:1747647662503:,1747647680887
counter/2/0/0/0,16453:1747647663001:,1747647680887
counter/7/0/0/0,15792:1747647662503:,1747647680887
counter/2/0/0/0,16454:1747647663001:,1747647680887
counter/7/0/0/0,15793:1747647662503:,1747647680887
counter/2/0/0/0,16455:1747647663001:,1747647680887
counter/7/0/0/0,15794:1747647662503:,1747647680887
counter/2/0/0/0,16456:1747647663001:,1747647680887
counter/7/0/0/0,15795:1747647662503:,1747647680887
counter/2/0/0/0,16457:1747647663001:,1747647680887
counter/7/0/0/0,15796:1747647662503:,1747647680887
counter/2/0/0/0,16458:1747647663001:,1747647680887
counter/7/0/0/0,15797:1747647662503:,1747647680887
counter/2/0/0/0,16459:1747647663007:,1747647680887
counter/7/0/0/0,15798:1747647662503:,1747647680887
counter/10/0/0/0,15728:1747647662432:,1747647680887
counter/2/0/0/0,16460:1747647663007:,1747647680887
counter/7/0/0/0,15799:1747647662503:,1747647680887
counter/9/0/0/0,17901:1747647663324:,1747647680887
counter/4/0/0/0,16610:1747647664539:,1747647680887
counter/2/0/0/0,16461:1747647663007:,1747647680887
counter/7/0/0/0,15800:1747647662503:,1747647680887
counter/5/0/0/0,16503:1747647663014:,1747647680887
counter/1/0/0/0,17784:1747647664583:,1747647680887
counter/2/0/0/0,16462:1747647663007:,1747647680887
counter/7/0/0/0,15801:1747647662503:,1747647680887
counter/2/0/0/0,16463:1747647663007:,1747647680887
counter/7/0/0/0,15802:1747647662503:,1747647680887
counter/2/0/0/0,16464:1747647663007:,1747647680888
counter/7/0/0/0,15803:1747647662503:,1747647680888
counter/2/0/0/0,16465:1747647663008:,1747647680888
counter/7/0/0/0,15804:1747647662503:,1747647680888
counter/2/0/0/0,16466:1747647663008:,1747647680888
counter/7/0/0/0,15805:1747647662503:,1747647680888
counter/2/0/0/0,16467:1747647663008:,1747647680888
counter/7/0/0/0,15806:1747647662503:,1747647680888
counter/2/0/0/0,16468:1747647663008:,1747647680888
counter/7/0/0/0,15807:1747647662503:,1747647680888
counter/2/0/0/0,16469:1747647663008:,1747647680888
counter/7/0/0/0,15808:1747647662503:,1747647680888
counter/2/0/0/0,16470:1747647663008:,1747647680888
counter/7/0/0/0,15809:1747647662503:,1747647680888
counter/2/0/0/0,16471:1747647663008:,1747647680888
counter/7/0/0/0,15810:1747647662503:,1747647680888
counter/2/0/0/0,16472:1747647663008:,1747647680888
counter/7/0/0/0,15811:1747647662503:,1747647680888
counter/2/0/0/0,16473:1747647663008:,1747647680888
counter/7/0/0/0,15812:1747647662503:,1747647680888
counter/2/0/0/0,16474:1747647663008:,1747647680888
counter/7/0/0/0,15813:1747647662503:,1747647680888
counter/2/0/0/0,16475:1747647663008:,1747647680888
counter/7/0/0/0,15814:1747647662503:,1747647680888
counter/2/0/0/0,16476:1747647663008:,1747647680888
counter/7/0/0/0,15815:1747647662503:,1747647680888
counter/2/0/0/0,16477:1747647663008:,1747647680888
counter/7/0/0/0,15816:1747647662507:,1747647680888
counter/2/0/0/0,16478:1747647663010:,1747647680888
counter/7/0/0/0,15817:1747647662507:,1747647680888
counter/2/0/0/0,16479:1747647663010:,1747647680888
counter/7/0/0/0,15818:1747647662507:,1747647680888
counter/2/0/0/0,16480:1747647663010:,1747647680888
counter/7/0/0/0,15819:1747647662507:,1747647680888
counter/2/0/0/0,16481:1747647663010:,1747647680888
counter/7/0/0/0,15820:1747647662507:,1747647680888
counter/2/0/0/0,16482:1747647663010:,1747647680888
counter/7/0/0/0,15821:1747647662507:,1747647680888
counter/2/0/0/0,16483:1747647663010:,1747647680888
counter/7/0/0/0,15822:1747647662507:,1747647680888
counter/2/0/0/0,16484:1747647663024:,1747647680888
counter/7/0/0/0,15823:1747647662507:,1747647680889
counter/2/0/0/0,16485:1747647663024:,1747647680889
counter/7/0/0/0,15824:1747647662507:,1747647680889
counter/2/0/0/0,16486:1747647663024:,1747647680889
counter/7/0/0/0,15825:1747647662507:,1747647680889
counter/2/0/0/0,16487:1747647663024:,1747647680889
counter/7/0/0/0,15826:1747647662507:,1747647680889
counter/2/0/0/0,16488:1747647663024:,1747647680889
counter/7/0/0/0,15827:1747647662507:,1747647680889
counter/2/0/0/0,16489:1747647663025:,1747647680889
counter/7/0/0/0,15828:1747647662507:,1747647680889
counter/2/0/0/0,16490:1747647663025:,1747647680889
counter/7/0/0/0,15829:1747647662507:,1747647680889
counter/2/0/0/0,16491:1747647663063:,1747647680889
counter/7/0/0/0,15830:1747647662508:,1747647680889
counter/2/0/0/0,16492:1747647663063:,1747647680889
counter/7/0/0/0,15831:1747647662508:,1747647680889
counter/2/0/0/0,16493:1747647663063:,1747647680889
counter/7/0/0/0,15832:1747647662508:,1747647680889
counter/2/0/0/0,16494:1747647663063:,1747647680889
counter/7/0/0/0,15833:1747647662508:,1747647680889
counter/2/0/0/0,16495:1747647663063:,1747647680889
counter/7/0/0/0,15834:1747647662508:,1747647680889
counter/2/0/0/0,16496:1747647663063:,1747647680889
counter/7/0/0/0,15835:1747647662508:,1747647680889
counter/2/0/0/0,16497:1747647663064:,1747647680889
counter/7/0/0/0,15836:1747647662508:,1747647680889
counter/2/0/0/0,16498:1747647663064:,1747647680889
counter/7/0/0/0,15837:1747647662508:,1747647680889
counter/2/0/0/0,16499:1747647663064:,1747647680889
counter/7/0/0/0,15838:1747647662508:,1747647680889
counter/2/0/0/0,16500:1747647663064:,1747647680889
counter/7/0/0/0,15839:1747647662508:,1747647680889
counter/2/0/0/0,16501:1747647663067:,1747647680889
counter/7/0/0/0,15840:1747647662508:,1747647680889
counter/2/0/0/0,16502:1747647663067:,1747647680889
counter/7/0/0/0,15841:1747647662508:,1747647680889
counter/2/0/0/0,16503:1747647663067:,1747647680889
counter/7/0/0/0,15842:1747647662508:,1747647680889
counter/2/0/0/0,16504:1747647663067:,1747647680889
counter/2/0/0/0,16505:1747647663067:,1747647680889
counter/2/0/0/0,16506:1747647663069:,1747647680889
counter/2/0/0/0,16507:1747647663069:,1747647680889
counter/2/0/0/0,16508:1747647663069:,1747647680890
counter/2/0/0/0,16509:1747647663069:,1747647680890
counter/2/0/0/0,16510:1747647663069:,1747647680890
counter/2/0/0/0,16511:1747647663069:,1747647680890
counter/2/0/0/0,16512:1747647663069:,1747647680890
counter/2/0/0/0,16513:1747647663069:,1747647680890
counter/2/0/0/0,16514:1747647663069:,1747647680890
counter/2/0/0/0,16515:1747647663083:,1747647680890
counter/2/0/0/0,16516:1747647663083:,1747647680890
counter/2/0/0/0,16517:1747647663083:,1747647680890
counter/2/0/0/0,16518:1747647663083:,1747647680890
counter/2/0/0/0,16519:1747647663083:,1747647680890
counter/2/0/0/0,16520:1747647663083:,1747647680890
counter/2/0/0/0,16521:1747647663083:,1747647680890
counter/2/0/0/0,16522:1747647663106:,1747647680890
counter/2/0/0/0,16523:1747647663106:,1747647680890
counter/2/0/0/0,16524:1747647663106:,1747647680890
counter/2/0/0/0,16525:1747647663106:,1747647680890
counter/2/0/0/0,16526:1747647663106:,1747647680890
counter/2/0/0/0,16527:1747647663106:,1747647680890
counter/2/0/0/0,16528:1747647663108:,1747647680890
counter/2/0/0/0,16529:1747647663108:,1747647680890
counter/2/0/0/0,16530:1747647663108:,1747647680890
counter/2/0/0/0,16531:1747647663108:,1747647680890
counter/2/0/0/0,16532:1747647663108:,1747647680890
counter/2/0/0/0,16533:1747647663108:,1747647680890
counter/2/0/0/0,16534:1747647663108:,1747647680890
counter/2/0/0/0,16535:1747647663109:,1747647680890
counter/2/0/0/0,16536:1747647663109:,1747647680890
counter/2/0/0/0,16537:1747647663113:,1747647680890
counter/2/0/0/0,16538:1747647663114:,1747647680890
counter/2/0/0/0,16539:1747647663114:,1747647680890
counter/2/0/0/0,16540:1747647663114:,1747647680890
counter/2/0/0/0,16541:1747647663114:,1747647680890
counter/2/0/0/0,16542:1747647663114:,1747647680890
counter/4/0/0/0,16611:1747647664539:,1747647680890
counter/2/0/0/0,16543:1747647663118:,1747647680890
counter/4/0/0/0,16612:1747647664540:,1747647680890
counter/2/0/0/0,16544:1747647663118:,1747647680890
counter/4/0/0/0,16613:1747647664540:,1747647680890
counter/2/0/0/0,16545:1747647663118:,1747647680890
counter/4/0/0/0,16614:1747647664540:,1747647680891
counter/2/0/0/0,16546:1747647663118:,1747647680891
counter/4/0/0/0,16615:1747647664540:,1747647680891
counter/2/0/0/0,16547:1747647663118:,1747647680891
counter/4/0/0/0,16616:1747647664540:,1747647680891
counter/9/0/0/0,17902:1747647663324:,1747647680891
counter/5/0/0/0,16504:1747647663014:,1747647680891
counter/2/0/0/0,16548:1747647663118:,1747647680891
counter/4/0/0/0,16617:1747647664540:,1747647680891
counter/3/0/0/0,17252:1747647664466:,1747647680891
counter/8/0/0/0,17324:1747647663150:,1747647680891
counter/6/0/0/0,16214:1747647663276:,1747647680891
counter/2/0/0/0,16549:1747647663118:,1747647680891
counter/4/0/0/0,16618:1747647664540:,1747647680891
counter/10/0/0/0,15729:1747647662432:,1747647680891
counter/2/0/0/0,16550:1747647663118:,1747647680891
counter/4/0/0/0,16619:1747647664540:,1747647680891
counter/2/0/0/0,16551:1747647663118:,1747647680891
counter/4/0/0/0,16620:1747647664540:,1747647680891
counter/2/0/0/0,16552:1747647663120:,1747647680891
counter/4/0/0/0,16621:1747647664540:,1747647680891
counter/2/0/0/0,16553:1747647663124:,1747647680891
counter/4/0/0/0,16622:1747647664540:,1747647680891
counter/2/0/0/0,16554:1747647663124:,1747647680891
counter/4/0/0/0,16623:1747647664540:,1747647680891
counter/2/0/0/0,16555:1747647663124:,1747647680891
counter/4/0/0/0,16624:1747647664542:,1747647680891
counter/2/0/0/0,16556:1747647663124:,1747647680891
counter/4/0/0/0,16625:1747647664542:,1747647680891
counter/2/0/0/0,16557:1747647663124:,1747647680891
counter/4/0/0/0,16626:1747647664542:,1747647680891
counter/2/0/0/0,16558:1747647663125:,1747647680891
counter/4/0/0/0,16627:1747647664554:,1747647680891
counter/2/0/0/0,16559:1747647663125:,1747647680891
counter/4/0/0/0,16628:1747647664554:,1747647680891
counter/2/0/0/0,16560:1747647663125:,1747647680891
counter/4/0/0/0,16629:1747647664554:,1747647680891
counter/10/0/0/0,15730:1747647662432:,1747647680891
counter/2/0/0/0,16561:1747647663125:,1747647680891
counter/4/0/0/0,16630:1747647664554:,1747647680891
counter/6/0/0/0,16215:1747647663276:,1747647680891
counter/2/0/0/0,16562:1747647663125:,1747647680891
counter/4/0/0/0,16631:1747647664555:,1747647680891
counter/2/0/0/0,16563:1747647663125:,1747647680891
counter/4/0/0/0,16632:1747647664555:,1747647680892
counter/2/0/0/0,16564:1747647663126:,1747647680892
counter/4/0/0/0,16633:1747647664555:,1747647680892
counter/2/0/0/0,16565:1747647663127:,1747647680892
counter/4/0/0/0,16634:1747647664555:,1747647680892
counter/2/0/0/0,16566:1747647663127:,1747647680892
counter/4/0/0/0,16635:1747647664555:,1747647680892
counter/2/0/0/0,16567:1747647663127:,1747647680892
counter/4/0/0/0,16636:1747647664555:,1747647680892
counter/2/0/0/0,16568:1747647663127:,1747647680892
counter/4/0/0/0,16637:1747647664555:,1747647680892
counter/2/0/0/0,16569:1747647663127:,1747647680892
counter/4/0/0/0,16638:1747647664555:,1747647680892
counter/2/0/0/0,16570:1747647663127:,1747647680892
counter/4/0/0/0,16639:1747647664555:,1747647680892
counter/2/0/0/0,16571:1747647663127:,1747647680892
counter/4/0/0/0,16640:1747647664555:,1747647680892
counter/7/0/0/0,15843:1747647662508:,1747647680892
counter/2/0/0/0,16572:1747647663133:,1747647680892
counter/4/0/0/0,16641:1747647664555:,1747647680892
counter/5/0/0/0,16505:1747647663014:,1747647680892
counter/10/0/0/0,15731:1747647662432:,1747647680892
counter/2/0/0/0,16573:1747647663133:,1747647680892
counter/4/0/0/0,16642:1747647664555:,1747647680892
counter/9/0/0/0,17903:1747647663324:,1747647680892
counter/2/0/0/0,16574:1747647663133:,1747647680892
counter/4/0/0/0,16643:1747647664555:,1747647680892
counter/9/0/0/0,17904:1747647663324:,1747647680892
counter/2/0/0/0,16575:1747647663133:,1747647680892
counter/4/0/0/0,16644:1747647664555:,1747647680892
counter/9/0/0/0,17905:1747647663324:,1747647680892
counter/2/0/0/0,16576:1747647663133:,1747647680892
counter/4/0/0/0,16645:1747647664555:,1747647680892
counter/9/0/0/0,17906:1747647663324:,1747647680892
counter/2/0/0/0,16577:1747647663133:,1747647680892
counter/4/0/0/0,16646:1747647664555:,1747647680892
counter/9/0/0/0,17907:1747647663324:,1747647680892
counter/2/0/0/0,16578:1747647663133:,1747647680892
counter/4/0/0/0,16647:1747647664555:,1747647680892
counter/9/0/0/0,17908:1747647663324:,1747647680892
counter/2/0/0/0,16579:1747647663133:,1747647680892
counter/4/0/0/0,16648:1747647664555:,1747647680892
counter/9/0/0/0,17909:1747647663325:,1747647680893
counter/2/0/0/0,16580:1747647663134:,1747647680893
counter/4/0/0/0,16649:1747647664555:,1747647680893
counter/2/0/0/0,16581:1747647663134:,1747647680893
counter/4/0/0/0,16650:1747647664555:,1747647680893
counter/9/0/0/0,17910:1747647663325:,1747647680893
counter/2/0/0/0,16582:1747647663134:,1747647680893
counter/4/0/0/0,16651:1747647664555:,1747647680893
counter/9/0/0/0,17911:1747647663325:,1747647680893
counter/2/0/0/0,16583:1747647663139:,1747647680893
counter/4/0/0/0,16652:1747647664555:,1747647680893
counter/9/0/0/0,17912:1747647663325:,1747647680893
counter/2/0/0/0,16584:1747647663139:,1747647680893
counter/4/0/0/0,16653:1747647664555:,1747647680893
counter/9/0/0/0,17913:1747647663325:,1747647680893
counter/2/0/0/0,16585:1747647663139:,1747647680893
counter/4/0/0/0,16654:1747647664555:,1747647680893
counter/9/0/0/0,17914:1747647663325:,1747647680893
counter/2/0/0/0,16586:1747647663139:,1747647680893
counter/9/0/0/0,17915:1747647663329:,1747647680893
counter/2/0/0/0,16587:1747647663139:,1747647680893
counter/9/0/0/0,17916:1747647663329:,1747647680893
counter/2/0/0/0,16588:1747647663139:,1747647680893
counter/9/0/0/0,17917:1747647663334:,1747647680893
counter/2/0/0/0,16589:1747647663139:,1747647680893
counter/9/0/0/0,17918:1747647663334:,1747647680893
counter/2/0/0/0,16590:1747647663139:,1747647680893
counter/9/0/0/0,17919:1747647663334:,1747647680893
counter/2/0/0/0,16591:1747647663139:,1747647680893
counter/9/0/0/0,17920:1747647663334:,1747647680893
counter/2/0/0/0,16592:1747647663139:,1747647680893
counter/9/0/0/0,17921:1747647663334:,1747647680893
counter/2/0/0/0,16593:1747647663139:,1747647680893
counter/9/0/0/0,17922:1747647663334:,1747647680893
counter/2/0/0/0,16594:1747647663139:,1747647680893
counter/9/0/0/0,17923:1747647663334:,1747647680893
counter/2/0/0/0,16595:1747647663139:,1747647680893
counter/9/0/0/0,17924:1747647663334:,1747647680893
counter/2/0/0/0,16596:1747647663139:,1747647680893
counter/9/0/0/0,17925:1747647663335:,1747647680893
counter/2/0/0/0,16597:1747647663139:,1747647680893
counter/9/0/0/0,17926:1747647663335:,1747647680893
counter/2/0/0/0,16598:1747647663139:,1747647680893
counter/9/0/0/0,17927:1747647663335:,1747647680893
counter/2/0/0/0,16599:1747647663139:,1747647680894
counter/9/0/0/0,17928:1747647663335:,1747647680894
counter/2/0/0/0,16600:1747647663140:,1747647680894
counter/9/0/0/0,17929:1747647663336:,1747647680894
counter/2/0/0/0,16601:1747647663140:,1747647680894
counter/9/0/0/0,17930:1747647663336:,1747647680894
counter/2/0/0/0,16602:1747647663141:,1747647680894
counter/9/0/0/0,17931:1747647663336:,1747647680894
counter/2/0/0/0,16603:1747647663141:,1747647680894
counter/9/0/0/0,17932:1747647663336:,1747647680894
counter/2/0/0/0,16604:1747647663141:,1747647680894
counter/9/0/0/0,17933:1747647663337:,1747647680894
counter/2/0/0/0,16605:1747647663141:,1747647680894
counter/9/0/0/0,17934:1747647663342:,1747647680894
counter/2/0/0/0,16606:1747647663141:,1747647680894
counter/9/0/0/0,17935:1747647663342:,1747647680894
counter/2/0/0/0,16607:1747647663141:,1747647680894
counter/9/0/0/0,17936:1747647663342:,1747647680894
counter/2/0/0/0,16608:1747647663141:,1747647680894
counter/9/0/0/0,17937:1747647663342:,1747647680894
counter/2/0/0/0,16609:1747647663141:,1747647680894
counter/9/0/0/0,17938:1747647663342:,1747647680894
counter/2/0/0/0,16610:1747647663144:,1747647680894
counter/9/0/0/0,17939:1747647663342:,1747647680894
counter/2/0/0/0,16611:1747647663147:,1747647680894
counter/9/0/0/0,17940:1747647663342:,1747647680894
counter/2/0/0/0,16612:1747647663147:,1747647680894
counter/9/0/0/0,17941:1747647663342:,1747647680894
counter/2/0/0/0,16613:1747647663147:,1747647680894
counter/9/0/0/0,17942:1747647663342:,1747647680894
counter/2/0/0/0,16614:1747647663148:,1747647680894
counter/9/0/0/0,17943:1747647663342:,1747647680894
counter/2/0/0/0,16615:1747647663148:,1747647680894
counter/9/0/0/0,17944:1747647663342:,1747647680894
counter/2/0/0/0,16616:1747647663148:,1747647680894
counter/9/0/0/0,17945:1747647663342:,1747647680894
counter/2/0/0/0,16617:1747647663148:,1747647680894
counter/9/0/0/0,17946:1747647663342:,1747647680894
counter/2/0/0/0,16618:1747647663148:,1747647680894
counter/9/0/0/0,17947:1747647663342:,1747647680894
counter/2/0/0/0,16619:1747647663148:,1747647680894
counter/9/0/0/0,17948:1747647663342:,1747647680894
counter/2/0/0/0,16620:1747647663148:,1747647680894
counter/9/0/0/0,17949:1747647663343:,1747647680895
counter/2/0/0/0,16621:1747647663148:,1747647680895
counter/9/0/0/0,17950:1747647663348:,1747647680895
counter/2/0/0/0,16622:1747647663148:,1747647680895
counter/9/0/0/0,17951:1747647663348:,1747647680895
counter/2/0/0/0,16623:1747647663148:,1747647680895
counter/9/0/0/0,17952:1747647663348:,1747647680895
counter/2/0/0/0,16624:1747647663148:,1747647680895
counter/9/0/0/0,17953:1747647663348:,1747647680895
counter/2/0/0/0,16625:1747647663148:,1747647680895
counter/9/0/0/0,17954:1747647663348:,1747647680895
counter/2/0/0/0,16626:1747647663148:,1747647680895
counter/9/0/0/0,17955:1747647663349:,1747647680895
counter/2/0/0/0,16627:1747647663148:,1747647680895
counter/9/0/0/0,17956:1747647663349:,1747647680895
counter/2/0/0/0,16628:1747647663158:,1747647680895
counter/9/0/0/0,17957:1747647663350:,1747647680895
counter/2/0/0/0,16629:1747647663158:,1747647680895
counter/9/0/0/0,17958:1747647663350:,1747647680895
counter/2/0/0/0,16630:1747647663158:,1747647680895
counter/9/0/0/0,17959:1747647663350:,1747647680895
counter/2/0/0/0,16631:1747647663158:,1747647680895
counter/9/0/0/0,17960:1747647663350:,1747647680895
counter/2/0/0/0,16632:1747647663158:,1747647680895
counter/9/0/0/0,17961:1747647663350:,1747647680895
counter/2/0/0/0,16633:1747647663158:,1747647680895
counter/9/0/0/0,17962:1747647663357:,1747647680895
counter/2/0/0/0,16634:1747647663158:,1747647680895
counter/9/0/0/0,17963:1747647663357:,1747647680895
counter/2/0/0/0,16635:1747647663158:,1747647680895
counter/9/0/0/0,17964:1747647663357:,1747647680895
counter/2/0/0/0,16636:1747647663158:,1747647680895
counter/9/0/0/0,17965:1747647663357:,1747647680895
counter/2/0/0/0,16637:1747647663158:,1747647680895
counter/9/0/0/0,17966:1747647663357:,1747647680895
counter/2/0/0/0,16638:1747647663158:,1747647680895
counter/9/0/0/0,17967:1747647663358:,1747647680895
counter/2/0/0/0,16639:1747647663158:,1747647680895
counter/9/0/0/0,17968:1747647663358:,1747647680895
counter/2/0/0/0,16640:1747647663158:,1747647680895
counter/9/0/0/0,17969:1747647663358:,1747647680895
counter/2/0/0/0,16641:1747647663158:,1747647680896
counter/9/0/0/0,17970:1747647663358:,1747647680896
counter/2/0/0/0,16642:1747647663158:,1747647680896
counter/9/0/0/0,17971:1747647663358:,1747647680896
counter/2/0/0/0,16643:1747647663158:,1747647680896
counter/9/0/0/0,17972:1747647663358:,1747647680896
counter/2/0/0/0,16644:1747647663158:,1747647680896
counter/9/0/0/0,17973:1747647663358:,1747647680896
counter/2/0/0/0,16645:1747647663158:,1747647680896
counter/9/0/0/0,17974:1747647663358:,1747647680896
counter/2/0/0/0,16646:1747647663158:,1747647680896
counter/9/0/0/0,17975:1747647663358:,1747647680896
counter/2/0/0/0,16647:1747647663158:,1747647680896
counter/9/0/0/0,17976:1747647663358:,1747647680896
counter/1/0/0/0,17785:1747647664583:,1747647680896
counter/8/0/0/0,17325:1747647663150:,1747647680896
counter/2/0/0/0,16648:1747647663159:,1747647680896
counter/9/0/0/0,17977:1747647663358:,1747647680896
counter/1/0/0/0,17786:1747647664583:,1747647680896
counter/2/0/0/0,16649:1747647663159:,1747647680896
counter/9/0/0/0,17978:1747647663358:,1747647680896
counter/1/0/0/0,17787:1747647664583:,1747647680896
counter/2/0/0/0,16650:1747647663159:,1747647680896
counter/9/0/0/0,17979:1747647663359:,1747647680896
counter/1/0/0/0,17788:1747647664583:,1747647680896
counter/2/0/0/0,16651:1747647663161:,1747647680896
counter/9/0/0/0,17980:1747647663359:,1747647680896
counter/1/0/0/0,17789:1747647664583:,1747647680896
counter/2/0/0/0,16652:1747647663161:,1747647680896
counter/9/0/0/0,17981:1747647663359:,1747647680896
counter/1/0/0/0,17790:1747647664583:,1747647680896
counter/2/0/0/0,16653:1747647663161:,1747647680896
counter/9/0/0/0,17982:1747647663359:,1747647680896
counter/1/0/0/0,17791:1747647664583:,1747647680896
counter/2/0/0/0,16654:1747647663161:,1747647680896
counter/9/0/0/0,17983:1747647663359:,1747647680896
counter/1/0/0/0,17792:1747647664583:,1747647680896
counter/2/0/0/0,16655:1747647663161:,1747647680896
counter/9/0/0/0,17984:1747647663359:,1747647680896
counter/1/0/0/0,17793:1747647664583:,1747647680896
counter/2/0/0/0,16656:1747647663161:,1747647680896
counter/9/0/0/0,17985:1747647663365:,1747647680896
counter/1/0/0/0,17794:1747647664584:,1747647680896
counter/2/0/0/0,16657:1747647663161:,1747647680897
counter/9/0/0/0,17986:1747647663365:,1747647680897
counter/1/0/0/0,17795:1747647664588:,1747647680897
counter/2/0/0/0,16658:1747647663161:,1747647680897
counter/9/0/0/0,17987:1747647663365:,1747647680897
counter/1/0/0/0,17796:1747647664589:,1747647680897
counter/2/0/0/0,16659:1747647663161:,1747647680897
counter/9/0/0/0,17988:1747647663365:,1747647680897
counter/1/0/0/0,17797:1747647664590:,1747647680897
counter/2/0/0/0,16660:1747647663161:,1747647680897
counter/9/0/0/0,17989:1747647663365:,1747647680897
counter/1/0/0/0,17798:1747647664590:,1747647680897
counter/2/0/0/0,16661:1747647663161:,1747647680897
counter/9/0/0/0,17990:1747647663365:,1747647680897
counter/1/0/0/0,17799:1747647664590:,1747647680897
counter/2/0/0/0,16662:1747647663161:,1747647680897
counter/9/0/0/0,17991:1747647663365:,1747647680897
counter/1/0/0/0,17800:1747647664590:,1747647680897
counter/2/0/0/0,16663:1747647663161:,1747647680897
counter/9/0/0/0,17992:1747647663366:,1747647680897
counter/1/0/0/0,17801:1747647664590:,1747647680897
counter/2/0/0/0,16664:1747647663163:,1747647680897
counter/9/0/0/0,17993:1747647663366:,1747647680897
counter/1/0/0/0,17802:1747647664590:,1747647680897
counter/2/0/0/0,16665:1747647663164:,1747647680897
counter/9/0/0/0,17994:1747647663366:,1747647680897
counter/1/0/0/0,17803:1747647664590:,1747647680897
counter/2/0/0/0,16666:1747647663164:,1747647680897
counter/9/0/0/0,17995:1747647663366:,1747647680897
counter/1/0/0/0,17804:1747647664590:,1747647680897
counter/2/0/0/0,16667:1747647663168:,1747647680897
counter/9/0/0/0,17996:1747647663366:,1747647680897
counter/1/0/0/0,17805:1747647664590:,1747647680897
counter/2/0/0/0,16668:1747647663175:,1747647680897
counter/9/0/0/0,17997:1747647663366:,1747647680897
counter/1/0/0/0,17806:1747647664590:,1747647680897
counter/2/0/0/0,16669:1747647663175:,1747647680897
counter/9/0/0/0,17998:1747647663374:,1747647680897
counter/1/0/0/0,17807:1747647664590:,1747647680897
counter/2/0/0/0,16670:1747647663175:,1747647680897
counter/9/0/0/0,17999:1747647663374:,1747647680897
counter/1/0/0/0,17808:1747647664594:,1747647680898
counter/10/0/0/0,15732:1747647662432:,1747647680898
counter/2/0/0/0,16671:1747647663175:,1747647680898
counter/9/0/0/0,18000:1747647663374:,1747647680898
counter/1/0/0/0,17809:1747647664594:,1747647680898
counter/7/0/0/0,15844:1747647662508:,1747647680898
counter/8/0/0/0,17326:1747647663150:,1747647680898
counter/2/0/0/0,16672:1747647663188:,1747647680898
counter/9/0/0/0,18001:1747647663374:,1747647680898
counter/1/0/0/0,17810:1747647664594:,1747647680898
counter/3/0/0/0,17253:1747647664466:,1747647680898
counter/6/0/0/0,16216:1747647663276:,1747647680898
counter/2/0/0/0,16673:1747647663188:,1747647680898
counter/9/0/0/0,18002:1747647663374:,1747647680898
counter/1/0/0/0,17811:1747647664594:,1747647680898
counter/2/0/0/0,16674:1747647663188:,1747647680898
counter/9/0/0/0,18003:1747647663374:,1747647680898
counter/1/0/0/0,17812:1747647664594:,1747647680898
counter/2/0/0/0,16675:1747647663188:,1747647680898
counter/9/0/0/0,18004:1747647663374:,1747647680898
counter/1/0/0/0,17813:1747647664599:,1747647680898
counter/2/0/0/0,16676:1747647663188:,1747647680898
counter/9/0/0/0,18005:1747647663374:,1747647680898
counter/1/0/0/0,17814:1747647664599:,1747647680898
counter/2/0/0/0,16677:1747647663188:,1747647680898
counter/9/0/0/0,18006:1747647663374:,1747647680898
counter/1/0/0/0,17815:1747647664599:,1747647680898
counter/2/0/0/0,16678:1747647663188:,1747647680898
counter/9/0/0/0,18007:1747647663379:,1747647680898
counter/1/0/0/0,17816:1747647664599:,1747647680898
counter/3/0/0/0,17254:1747647664466:,1747647680898
counter/2/0/0/0,16679:1747647663188:,1747647680898
counter/9/0/0/0,18008:1747647663385:,1747647680898
counter/1/0/0/0,17817:1747647664599:,1747647680898
counter/8/0/0/0,17327:1747647663150:,1747647680898
counter/6/0/0/0,16217:1747647663276:,1747647680898
counter/5/0/0/0,16506:1747647663014:,1747647680898
counter/2/0/0/0,16680:1747647663188:,1747647680898
counter/9/0/0/0,18009:1747647663386:,1747647680898
counter/1/0/0/0,17818:1747647664599:,1747647680898
counter/10/0/0/0,15733:1747647662432:,1747647680898
counter/7/0/0/0,15845:1747647662508:,1747647680898
counter/2/0/0/0,16681:1747647663188:,1747647680898
counter/9/0/0/0,18010:1747647663386:,1747647680898
counter/1/0/0/0,17819:1747647664599:,1747647680898
counter/2/0/0/0,16682:1747647663189:,1747647680899
counter/9/0/0/0,18011:1747647663387:,1747647680899
counter/1/0/0/0,17820:1747647664599:,1747647680899
counter/2/0/0/0,16683:1747647663189:,1747647680899
counter/9/0/0/0,18012:1747647663387:,1747647680899
counter/1/0/0/0,17821:1747647664599:,1747647680899
counter/2/0/0/0,16684:1747647663190:,1747647680899
counter/9/0/0/0,18013:1747647663388:,1747647680899
counter/1/0/0/0,17822:1747647664600:,1747647680899
counter/2/0/0/0,16685:1747647663190:,1747647680899
counter/9/0/0/0,18014:1747647663388:,1747647680899
counter/1/0/0/0,17823:1747647664600:,1747647680899
counter/2/0/0/0,16686:1747647663190:,1747647680899
counter/9/0/0/0,18015:1747647663388:,1747647680899
counter/1/0/0/0,17824:1747647664600:,1747647680899
counter/2/0/0/0,16687:1747647663190:,1747647680899
counter/9/0/0/0,18016:1747647663388:,1747647680899
counter/1/0/0/0,17825:1747647664600:,1747647680899
counter/2/0/0/0,16688:1747647663190:,1747647680899
counter/9/0/0/0,18017:1747647663388:,1747647680899
counter/1/0/0/0,17826:1747647664600:,1747647680899
counter/2/0/0/0,16689:1747647663190:,1747647680899
counter/9/0/0/0,18018:1747647663388:,1747647680899
counter/1/0/0/0,17827:1747647664600:,1747647680899
counter/2/0/0/0,16690:1747647663190:,1747647680899
counter/9/0/0/0,18019:1747647663388:,1747647680899
counter/1/0/0/0,17828:1747647664600:,1747647680899
counter/2/0/0/0,16691:1747647663190:,1747647680899
counter/9/0/0/0,18020:1747647663388:,1747647680899
counter/1/0/0/0,17829:1747647664600:,1747647680899
counter/2/0/0/0,16692:1747647663190:,1747647680899
counter/9/0/0/0,18021:1747647663388:,1747647680899
counter/1/0/0/0,17830:1747647664600:,1747647680899
counter/2/0/0/0,16693:1747647663190:,1747647680899
counter/9/0/0/0,18022:1747647663388:,1747647680899
counter/1/0/0/0,17831:1747647664601:,1747647680899
counter/2/0/0/0,16694:1747647663190:,1747647680899
counter/9/0/0/0,18023:1747647663388:,1747647680899
counter/1/0/0/0,17832:1747647664604:,1747647680899
counter/2/0/0/0,16695:1747647663190:,1747647680899
counter/9/0/0/0,18024:1747647663388:,1747647680900
counter/1/0/0/0,17833:1747647664604:,1747647680900
counter/2/0/0/0,16696:1747647663190:,1747647680900
counter/9/0/0/0,18025:1747647663388:,1747647680900
counter/1/0/0/0,17834:1747647664604:,1747647680900
counter/2/0/0/0,16697:1747647663190:,1747647680900
counter/9/0/0/0,18026:1747647663394:,1747647680900
counter/1/0/0/0,17835:1747647664604:,1747647680900
counter/2/0/0/0,16698:1747647663190:,1747647680900
counter/9/0/0/0,18027:1747647663394:,1747647680900
counter/1/0/0/0,17836:1747647664604:,1747647680900
counter/2/0/0/0,16699:1747647663190:,1747647680900
counter/9/0/0/0,18028:1747647663394:,1747647680900
counter/1/0/0/0,17837:1747647664604:,1747647680900
counter/2/0/0/0,16700:1747647663190:,1747647680900
counter/9/0/0/0,18029:1747647663394:,1747647680900
counter/1/0/0/0,17838:1747647664604:,1747647680900
counter/2/0/0/0,16701:1747647663190:,1747647680900
counter/9/0/0/0,18030:1747647663394:,1747647680900
counter/1/0/0/0,17839:1747647664605:,1747647680900
counter/2/0/0/0,16702:1747647663190:,1747647680900
counter/9/0/0/0,18031:1747647663394:,1747647680900
counter/1/0/0/0,17840:1747647664605:,1747647680900
counter/2/0/0/0,16703:1747647663190:,1747647680900
counter/9/0/0/0,18032:1747647663394:,1747647680900
counter/1/0/0/0,17841:1747647664605:,1747647680900
counter/2/0/0/0,16704:1747647663192:,1747647680900
counter/9/0/0/0,18033:1747647663394:,1747647680900
counter/1/0/0/0,17842:1747647664605:,1747647680900
counter/2/0/0/0,16705:1747647663192:,1747647680900
counter/9/0/0/0,18034:1747647663394:,1747647680900
counter/1/0/0/0,17843:1747647664605:,1747647680900
counter/2/0/0/0,16706:1747647663192:,1747647680900
counter/9/0/0/0,18035:1747647663394:,1747647680900
counter/1/0/0/0,17844:1747647664610:,1747647680900
counter/2/0/0/0,16707:1747647663192:,1747647680900
counter/9/0/0/0,18036:1747647663394:,1747647680900
counter/1/0/0/0,17845:1747647664610:,1747647680900
counter/2/0/0/0,16708:1747647663192:,1747647680900
counter/9/0/0/0,18037:1747647663394:,1747647680900
counter/1/0/0/0,17846:1747647664610:,1747647680900
counter/2/0/0/0,16709:1747647663192:,1747647680900
counter/9/0/0/0,18038:1747647663394:,1747647680900
counter/1/0/0/0,17847:1747647664610:,1747647680900
counter/2/0/0/0,16710:1747647663193:,1747647680900
counter/9/0/0/0,18039:1747647663394:,1747647680901
counter/1/0/0/0,17848:1747647664611:,1747647680901
counter/2/0/0/0,16711:1747647663193:,1747647680901
counter/9/0/0/0,18040:1747647663395:,1747647680901
counter/1/0/0/0,17849:1747647664611:,1747647680901
counter/2/0/0/0,16712:1747647663209:,1747647680901
counter/9/0/0/0,18041:1747647663395:,1747647680901
counter/1/0/0/0,17850:1747647664611:,1747647680901
counter/2/0/0/0,16713:1747647663209:,1747647680901
counter/9/0/0/0,18042:1747647663399:,1747647680901
counter/1/0/0/0,17851:1747647664611:,1747647680901
counter/2/0/0/0,16714:1747647663209:,1747647680901
counter/9/0/0/0,18043:1747647663405:,1747647680901
counter/1/0/0/0,17852:1747647664611:,1747647680901
counter/2/0/0/0,16715:1747647663211:,1747647680901
counter/9/0/0/0,18044:1747647663408:,1747647680901
counter/1/0/0/0,17853:1747647664611:,1747647680901
counter/2/0/0/0,16716:1747647663211:,1747647680901
counter/9/0/0/0,18045:1747647663408:,1747647680901
counter/1/0/0/0,17854:1747647664611:,1747647680901
counter/2/0/0/0,16717:1747647663211:,1747647680901
counter/9/0/0/0,18046:1747647663408:,1747647680901
counter/1/0/0/0,17855:1747647664611:,1747647680901
counter/2/0/0/0,16718:1747647663211:,1747647680901
counter/9/0/0/0,18047:1747647663408:,1747647680901
counter/1/0/0/0,17856:1747647664620:,1747647680901
counter/2/0/0/0,16719:1747647663211:,1747647680901
counter/9/0/0/0,18048:1747647663408:,1747647680901
counter/1/0/0/0,17857:1747647664620:,1747647680901
counter/2/0/0/0,16720:1747647663211:,1747647680901
counter/9/0/0/0,18049:1747647663408:,1747647680901
counter/1/0/0/0,17858:1747647664620:,1747647680901
counter/2/0/0/0,16721:1747647663211:,1747647680901
counter/9/0/0/0,18050:1747647663408:,1747647680901
counter/1/0/0/0,17859:1747647664620:,1747647680901
counter/2/0/0/0,16722:1747647663211:,1747647680901
counter/9/0/0/0,18051:1747647663408:,1747647680901
counter/1/0/0/0,17860:1747647664620:,1747647680901
counter/2/0/0/0,16723:1747647663211:,1747647680901
counter/9/0/0/0,18052:1747647663408:,1747647680901
counter/1/0/0/0,17861:1747647664620:,1747647680901
counter/2/0/0/0,16724:1747647663211:,1747647680901
counter/9/0/0/0,18053:1747647663414:,1747647680901
counter/1/0/0/0,17862:1747647664620:,1747647680902
counter/2/0/0/0,16725:1747647663211:,1747647680902
counter/9/0/0/0,18054:1747647663414:,1747647680902
counter/1/0/0/0,17863:1747647664620:,1747647680902
counter/2/0/0/0,16726:1747647663211:,1747647680902
counter/9/0/0/0,18055:1747647663414:,1747647680902
counter/1/0/0/0,17864:1747647664620:,1747647680902
counter/2/0/0/0,16727:1747647663211:,1747647680902
counter/9/0/0/0,18056:1747647663414:,1747647680902
counter/1/0/0/0,17865:1747647664621:,1747647680902
counter/2/0/0/0,16728:1747647663211:,1747647680902
counter/9/0/0/0,18057:1747647663414:,1747647680902
counter/1/0/0/0,17866:1747647664621:,1747647680902
counter/10/0/0/0,15734:1747647662432:,1747647680902
counter/4/0/0/0,16655:1747647664555:,1747647680902
counter/2/0/0/0,16729:1747647663211:,1747647680902
counter/9/0/0/0,18058:1747647663414:,1747647680902
counter/1/0/0/0,17867:1747647664621:,1747647680902
counter/3/0/0/0,17255:1747647664466:,1747647680902
counter/8/0/0/0,17328:1747647663150:,1747647680902
counter/6/0/0/0,16218:1747647663276:,1747647680902
counter/5/0/0/0,16507:1747647663014:,1747647680902
counter/2/0/0/0,16730:1747647663215:,1747647680902
counter/9/0/0/0,18059:1747647663414:,1747647680902
counter/1/0/0/0,17868:1747647664622:,1747647680902
counter/2/0/0/0,16731:1747647663215:,1747647680902
counter/9/0/0/0,18060:1747647663415:,1747647680902
counter/1/0/0/0,17869:1747647664622:,1747647680902
counter/2/0/0/0,16732:1747647663215:,1747647680902
counter/9/0/0/0,18061:1747647663415:,1747647680902
counter/1/0/0/0,17870:1747647664622:,1747647680902
counter/2/0/0/0,16733:1747647663215:,1747647680902
counter/9/0/0/0,18062:1747647663415:,1747647680902
counter/1/0/0/0,17871:1747647664631:,1747647680902
counter/2/0/0/0,16734:1747647663215:,1747647680902
counter/9/0/0/0,18063:1747647663415:,1747647680902
counter/1/0/0/0,17872:1747647664632:,1747647680902
counter/2/0/0/0,16735:1747647663216:,1747647680903
counter/9/0/0/0,18064:1747647663415:,1747647680903
counter/1/0/0/0,17873:1747647664632:,1747647680903
counter/2/0/0/0,16736:1747647663216:,1747647680903
counter/9/0/0/0,18065:1747647663415:,1747647680903
counter/1/0/0/0,17874:1747647664632:,1747647680903
counter/2/0/0/0,16737:1747647663216:,1747647680903
counter/9/0/0/0,18066:1747647663415:,1747647680903
counter/1/0/0/0,17875:1747647664632:,1747647680903
counter/2/0/0/0,16738:1747647663217:,1747647680903
counter/9/0/0/0,18067:1747647663415:,1747647680903
counter/1/0/0/0,17876:1747647664632:,1747647680903
counter/2/0/0/0,16739:1747647663217:,1747647680903
counter/9/0/0/0,18068:1747647663415:,1747647680903
counter/1/0/0/0,17877:1747647664637:,1747647680903
counter/2/0/0/0,16740:1747647663217:,1747647680903
counter/9/0/0/0,18069:1747647663415:,1747647680903
counter/1/0/0/0,17878:1747647664637:,1747647680903
counter/2/0/0/0,16741:1747647663217:,1747647680903
counter/9/0/0/0,18070:1747647663423:,1747647680903
counter/1/0/0/0,17879:1747647664637:,1747647680903
counter/2/0/0/0,16742:1747647663217:,1747647680903
counter/9/0/0/0,18071:1747647663423:,1747647680903
counter/1/0/0/0,17880:1747647664637:,1747647680903
counter/2/0/0/0,16743:1747647663217:,1747647680903
counter/9/0/0/0,18072:1747647663423:,1747647680903
counter/1/0/0/0,17881:1747647664637:,1747647680903
counter/2/0/0/0,16744:1747647663217:,1747647680903
counter/9/0/0/0,18073:1747647663423:,1747647680903
counter/1/0/0/0,17882:1747647664637:,1747647680903
counter/2/0/0/0,16745:1747647663217:,1747647680903
counter/9/0/0/0,18074:1747647663423:,1747647680903
counter/1/0/0/0,17883:1747647664637:,1747647680903
counter/2/0/0/0,16746:1747647663217:,1747647680903
counter/9/0/0/0,18075:1747647663424:,1747647680903
counter/1/0/0/0,17884:1747647664637:,1747647680903
counter/2/0/0/0,16747:1747647663217:,1747647680903
counter/9/0/0/0,18076:1747647663424:,1747647680903
counter/1/0/0/0,17885:1747647664637:,1747647680903
counter/2/0/0/0,16748:1747647663217:,1747647680903
counter/9/0/0/0,18077:1747647663425:,1747647680903
counter/1/0/0/0,17886:1747647664637:,1747647680903
counter/2/0/0/0,16749:1747647663217:,1747647680904
counter/9/0/0/0,18078:1747647663425:,1747647680904
counter/2/0/0/0,16750:1747647663217:,1747647680904
counter/9/0/0/0,18079:1747647663425:,1747647680904
counter/2/0/0/0,16751:1747647663217:,1747647680904
counter/9/0/0/0,18080:1747647663425:,1747647680904
counter/2/0/0/0,16752:1747647663217:,1747647680904
counter/9/0/0/0,18081:1747647663425:,1747647680904
counter/2/0/0/0,16753:1747647663217:,1747647680904
counter/9/0/0/0,18082:1747647663425:,1747647680904
counter/2/0/0/0,16754:1747647663217:,1747647680904
counter/9/0/0/0,18083:1747647663425:,1747647680904
counter/2/0/0/0,16755:1747647663217:,1747647680904
counter/9/0/0/0,18084:1747647663425:,1747647680904
counter/3/0/0/0,17256:1747647664466:,1747647680904
counter/2/0/0/0,16756:1747647663220:,1747647680904
counter/9/0/0/0,18085:1747647663429:,1747647680904
counter/6/0/0/0,16219:1747647663276:,1747647680904
counter/8/0/0/0,17329:1747647663150:,1747647680904
counter/1/0/0/0,17887:1747647664637:,1747647680904
counter/2/0/0/0,16757:1747647663220:,1747647680904
counter/9/0/0/0,18086:1747647663429:,1747647680904
counter/7/0/0/0,15846:1747647662508:,1747647680904
counter/5/0/0/0,16508:1747647663014:,1747647680904
counter/2/0/0/0,16758:1747647663220:,1747647680904
counter/9/0/0/0,18087:1747647663429:,1747647680904
counter/10/0/0/0,15735:1747647662458:,1747647680904
counter/4/0/0/0,16656:1747647664555:,1747647680904
counter/2/0/0/0,16759:1747647663220:,1747647680904
counter/9/0/0/0,18088:1747647663429:,1747647680904
counter/2/0/0/0,16760:1747647663220:,1747647680904
counter/9/0/0/0,18089:1747647663429:,1747647680904
counter/2/0/0/0,16761:1747647663220:,1747647680904
counter/9/0/0/0,18090:1747647663433:,1747647680904
counter/2/0/0/0,16762:1747647663220:,1747647680904
counter/9/0/0/0,18091:1747647663433:,1747647680904
counter/2/0/0/0,16763:1747647663220:,1747647680904
counter/9/0/0/0,18092:1747647663433:,1747647680904
counter/2/0/0/0,16764:1747647663220:,1747647680904
counter/9/0/0/0,18093:1747647663433:,1747647680904
counter/2/0/0/0,16765:1747647663220:,1747647680904
counter/9/0/0/0,18094:1747647663433:,1747647680905
counter/2/0/0/0,16766:1747647663221:,1747647680905
counter/9/0/0/0,18095:1747647663433:,1747647680905
counter/2/0/0/0,16767:1747647663221:,1747647680905
counter/9/0/0/0,18096:1747647663433:,1747647680905
counter/2/0/0/0,16768:1747647663221:,1747647680905
counter/9/0/0/0,18097:1747647663433:,1747647680905
counter/2/0/0/0,16769:1747647663221:,1747647680905
counter/9/0/0/0,18098:1747647663433:,1747647680905
counter/2/0/0/0,16770:1747647663221:,1747647680905
counter/9/0/0/0,18099:1747647663437:,1747647680905
counter/2/0/0/0,16771:1747647663221:,1747647680905
counter/9/0/0/0,18100:1747647663437:,1747647680905
counter/2/0/0/0,16772:1747647663221:,1747647680905
counter/9/0/0/0,18101:1747647663437:,1747647680905
counter/2/0/0/0,16773:1747647663221:,1747647680905
counter/9/0/0/0,18102:1747647663437:,1747647680905
counter/2/0/0/0,16774:1747647663221:,1747647680905
counter/9/0/0/0,18103:1747647663437:,1747647680905
counter/2/0/0/0,16775:1747647663221:,1747647680905
counter/9/0/0/0,18104:1747647663437:,1747647680905
counter/2/0/0/0,16776:1747647663221:,1747647680905
counter/9/0/0/0,18105:1747647663437:,1747647680905
counter/2/0/0/0,16777:1747647663221:,1747647680905
counter/9/0/0/0,18106:1747647663437:,1747647680905
counter/2/0/0/0,16778:1747647663222:,1747647680905
counter/9/0/0/0,18107:1747647663437:,1747647680905
counter/2/0/0/0,16779:1747647663222:,1747647680905
counter/9/0/0/0,18108:1747647663437:,1747647680905
counter/2/0/0/0,16780:1747647663222:,1747647680905
counter/9/0/0/0,18109:1747647663437:,1747647680905
counter/2/0/0/0,16781:1747647663222:,1747647680905
counter/9/0/0/0,18110:1747647663438:,1747647680905
counter/2/0/0/0,16782:1747647663222:,1747647680905
counter/9/0/0/0,18111:1747647663438:,1747647680905
counter/2/0/0/0,16783:1747647663222:,1747647680905
counter/9/0/0/0,18112:1747647663438:,1747647680905
counter/2/0/0/0,16784:1747647663222:,1747647680905
counter/9/0/0/0,18113:1747647663438:,1747647680905
counter/2/0/0/0,16785:1747647663222:,1747647680905
counter/9/0/0/0,18114:1747647663438:,1747647680905
counter/2/0/0/0,16786:1747647663222:,1747647680905
counter/9/0/0/0,18115:1747647663438:,1747647680905
counter/2/0/0/0,16787:1747647663222:,1747647680905
counter/9/0/0/0,18116:1747647663438:,1747647680906
counter/2/0/0/0,16788:1747647663222:,1747647680906
counter/9/0/0/0,18117:1747647663438:,1747647680906
counter/2/0/0/0,16789:1747647663222:,1747647680906
counter/9/0/0/0,18118:1747647663438:,1747647680906
counter/2/0/0/0,16790:1747647663222:,1747647680906
counter/9/0/0/0,18119:1747647663438:,1747647680906
counter/2/0/0/0,16791:1747647663222:,1747647680906
counter/9/0/0/0,18120:1747647663438:,1747647680906
counter/2/0/0/0,16792:1747647663222:,1747647680906
counter/9/0/0/0,18121:1747647663439:,1747647680906
counter/2/0/0/0,16793:1747647663222:,1747647680906
counter/9/0/0/0,18122:1747647663439:,1747647680906
counter/2/0/0/0,16794:1747647663222:,1747647680906
counter/9/0/0/0,18123:1747647663439:,1747647680906
counter/2/0/0/0,16795:1747647663222:,1747647680906
counter/9/0/0/0,18124:1747647663439:,1747647680906
counter/2/0/0/0,16796:1747647663224:,1747647680906
counter/9/0/0/0,18125:1747647663439:,1747647680906
counter/2/0/0/0,16797:1747647663224:,1747647680906
counter/9/0/0/0,18126:1747647663439:,1747647680906
counter/2/0/0/0,16798:1747647663224:,1747647680906
counter/9/0/0/0,18127:1747647663439:,1747647680906
counter/2/0/0/0,16799:1747647663224:,1747647680906
counter/9/0/0/0,18128:1747647663439:,1747647680906
counter/2/0/0/0,16800:1747647663224:,1747647680906
counter/9/0/0/0,18129:1747647663439:,1747647680906
counter/2/0/0/0,16801:1747647663224:,1747647680906
counter/9/0/0/0,18130:1747647663439:,1747647680906
counter/2/0/0/0,16802:1747647663224:,1747647680906
counter/9/0/0/0,18131:1747647663439:,1747647680906
counter/2/0/0/0,16803:1747647663224:,1747647680906
counter/9/0/0/0,18132:1747647663440:,1747647680906
counter/2/0/0/0,16804:1747647663224:,1747647680906
counter/9/0/0/0,18133:1747647663440:,1747647680906
counter/2/0/0/0,16805:1747647663224:,1747647680906
counter/9/0/0/0,18134:1747647663440:,1747647680906
counter/2/0/0/0,16806:1747647663224:,1747647680906
counter/9/0/0/0,18135:1747647663440:,1747647680906
counter/2/0/0/0,16807:1747647663224:,1747647680906
counter/9/0/0/0,18136:1747647663440:,1747647680906
counter/2/0/0/0,16808:1747647663226:,1747647680907
counter/9/0/0/0,18137:1747647663440:,1747647680907
counter/2/0/0/0,16809:1747647663226:,1747647680907
counter/9/0/0/0,18138:1747647663440:,1747647680907
counter/2/0/0/0,16810:1747647663226:,1747647680907
counter/9/0/0/0,18139:1747647663440:,1747647680907
counter/2/0/0/0,16811:1747647663226:,1747647680907
counter/9/0/0/0,18140:1747647663440:,1747647680907
counter/2/0/0/0,16812:1747647663226:,1747647680907
counter/9/0/0/0,18141:1747647663440:,1747647680907
counter/2/0/0/0,16813:1747647663226:,1747647680907
counter/9/0/0/0,18142:1747647663440:,1747647680907
counter/2/0/0/0,16814:1747647663226:,1747647680907
counter/9/0/0/0,18143:1747647663440:,1747647680907
counter/2/0/0/0,16815:1747647663228:,1747647680907
counter/9/0/0/0,18144:1747647663441:,1747647680907
counter/2/0/0/0,16816:1747647663228:,1747647680907
counter/9/0/0/0,18145:1747647663441:,1747647680907
counter/2/0/0/0,16817:1747647663228:,1747647680907
counter/9/0/0/0,18146:1747647663444:,1747647680907
counter/2/0/0/0,16818:1747647663228:,1747647680907
counter/9/0/0/0,18147:1747647663444:,1747647680907
counter/2/0/0/0,16819:1747647663229:,1747647680907
counter/9/0/0/0,18148:1747647663444:,1747647680907
counter/2/0/0/0,16820:1747647663229:,1747647680907
counter/9/0/0/0,18149:1747647663444:,1747647680907
counter/2/0/0/0,16821:1747647663229:,1747647680907
counter/9/0/0/0,18150:1747647663444:,1747647680907
counter/2/0/0/0,16822:1747647663229:,1747647680907
counter/9/0/0/0,18151:1747647663444:,1747647680907
counter/2/0/0/0,16823:1747647663229:,1747647680907
counter/9/0/0/0,18152:1747647663444:,1747647680907
counter/2/0/0/0,16824:1747647663229:,1747647680907
counter/9/0/0/0,18153:1747647663444:,1747647680907
counter/2/0/0/0,16825:1747647663229:,1747647680907
counter/9/0/0/0,18154:1747647663444:,1747647680907
counter/2/0/0/0,16826:1747647663229:,1747647680907
counter/9/0/0/0,18155:1747647663445:,1747647680907
counter/2/0/0/0,16827:1747647663229:,1747647680907
counter/9/0/0/0,18156:1747647663445:,1747647680907
counter/2/0/0/0,16828:1747647663229:,1747647680907
counter/9/0/0/0,18157:1747647663445:,1747647680907
counter/2/0/0/0,16829:1747647663229:,1747647680907
counter/9/0/0/0,18158:1747647663445:,1747647680907
counter/2/0/0/0,16830:1747647663229:,1747647680908
counter/9/0/0/0,18159:1747647663469:,1747647680908
counter/2/0/0/0,16831:1747647663229:,1747647680908
counter/9/0/0/0,18160:1747647663469:,1747647680908
counter/2/0/0/0,16832:1747647663231:,1747647680908
counter/9/0/0/0,18161:1747647663469:,1747647680908
counter/2/0/0/0,16833:1747647663234:,1747647680908
counter/9/0/0/0,18162:1747647663469:,1747647680908
counter/2/0/0/0,16834:1747647663234:,1747647680908
counter/9/0/0/0,18163:1747647663470:,1747647680908
counter/2/0/0/0,16835:1747647663234:,1747647680908
counter/9/0/0/0,18164:1747647663470:,1747647680908
counter/2/0/0/0,16836:1747647663234:,1747647680908
counter/9/0/0/0,18165:1747647663470:,1747647680908
counter/2/0/0/0,16837:1747647663234:,1747647680908
counter/9/0/0/0,18166:1747647663470:,1747647680908
counter/2/0/0/0,16838:1747647663234:,1747647680908
counter/9/0/0/0,18167:1747647663470:,1747647680908
counter/2/0/0/0,16839:1747647663234:,1747647680908
counter/9/0/0/0,18168:1747647663470:,1747647680908
counter/2/0/0/0,16840:1747647663234:,1747647680908
counter/9/0/0/0,18169:1747647663470:,1747647680908
counter/2/0/0/0,16841:1747647663234:,1747647680908
counter/9/0/0/0,18170:1747647663470:,1747647680908
counter/2/0/0/0,16842:1747647663234:,1747647680908
counter/9/0/0/0,18171:1747647663470:,1747647680908
counter/2/0/0/0,16843:1747647663234:,1747647680908
counter/9/0/0/0,18172:1747647663470:,1747647680908
counter/2/0/0/0,16844:1747647663234:,1747647680908
counter/9/0/0/0,18173:1747647663470:,1747647680908
counter/2/0/0/0,16845:1747647663234:,1747647680908
counter/9/0/0/0,18174:1747647663473:,1747647680908
counter/2/0/0/0,16846:1747647663234:,1747647680908
counter/9/0/0/0,18175:1747647663474:,1747647680908
counter/2/0/0/0,16847:1747647663234:,1747647680908
counter/9/0/0/0,18176:1747647663474:,1747647680908
counter/2/0/0/0,16848:1747647663235:,1747647680908
counter/9/0/0/0,18177:1747647663474:,1747647680908
counter/2/0/0/0,16849:1747647663235:,1747647680908
counter/9/0/0/0,18178:1747647663474:,1747647680908
counter/2/0/0/0,16850:1747647663237:,1747647680908
counter/9/0/0/0,18179:1747647663474:,1747647680908
counter/2/0/0/0,16851:1747647663237:,1747647680908
counter/9/0/0/0,18180:1747647663474:,1747647680908
counter/2/0/0/0,16852:1747647663263:,1747647680909
counter/9/0/0/0,18181:1747647663474:,1747647680909
counter/2/0/0/0,16853:1747647663265:,1747647680909
counter/9/0/0/0,18182:1747647663474:,1747647680909
counter/2/0/0/0,16854:1747647663265:,1747647680909
counter/9/0/0/0,18183:1747647663474:,1747647680909
counter/2/0/0/0,16855:1747647663265:,1747647680909
counter/9/0/0/0,18184:1747647663475:,1747647680909
counter/2/0/0/0,16856:1747647663265:,1747647680909
counter/9/0/0/0,18185:1747647663475:,1747647680909
counter/2/0/0/0,16857:1747647663265:,1747647680909
counter/9/0/0/0,18186:1747647663475:,1747647680909
counter/2/0/0/0,16858:1747647663265:,1747647680909
counter/9/0/0/0,18187:1747647663477:,1747647680909
counter/2/0/0/0,16859:1747647663265:,1747647680909
counter/9/0/0/0,18188:1747647663477:,1747647680909
counter/2/0/0/0,16860:1747647663265:,1747647680909
counter/9/0/0/0,18189:1747647663477:,1747647680909
counter/2/0/0/0,16861:1747647663265:,1747647680909
counter/9/0/0/0,18190:1747647663477:,1747647680909
counter/2/0/0/0,16862:1747647663265:,1747647680909
counter/9/0/0/0,18191:1747647663478:,1747647680909
counter/2/0/0/0,16863:1747647663266:,1747647680909
counter/9/0/0/0,18192:1747647663478:,1747647680909
counter/2/0/0/0,16864:1747647663266:,1747647680909
counter/9/0/0/0,18193:1747647663478:,1747647680909
counter/2/0/0/0,16865:1747647663266:,1747647680909
counter/9/0/0/0,18194:1747647663478:,1747647680909
counter/2/0/0/0,16866:1747647663266:,1747647680909
counter/9/0/0/0,18195:1747647663478:,1747647680909
counter/2/0/0/0,16867:1747647663266:,1747647680909
counter/9/0/0/0,18196:1747647663479:,1747647680909
counter/2/0/0/0,16868:1747647663266:,1747647680909
counter/9/0/0/0,18197:1747647663479:,1747647680909
counter/2/0/0/0,16869:1747647663267:,1747647680909
counter/9/0/0/0,18198:1747647663479:,1747647680909
counter/2/0/0/0,16870:1747647663267:,1747647680909
counter/9/0/0/0,18199:1747647663480:,1747647680909
counter/2/0/0/0,16871:1747647663267:,1747647680909
counter/9/0/0/0,18200:1747647663480:,1747647680909
counter/2/0/0/0,16872:1747647663267:,1747647680910
counter/9/0/0/0,18201:1747647663480:,1747647680910
counter/2/0/0/0,16873:1747647663269:,1747647680910
counter/9/0/0/0,18202:1747647663480:,1747647680910
counter/2/0/0/0,16874:1747647663279:,1747647680910
counter/9/0/0/0,18203:1747647663480:,1747647680910
counter/2/0/0/0,16875:1747647663279:,1747647680910
counter/9/0/0/0,18204:1747647663480:,1747647680910
counter/2/0/0/0,16876:1747647663279:,1747647680910
counter/9/0/0/0,18205:1747647663480:,1747647680910
counter/2/0/0/0,16877:1747647663279:,1747647680910
counter/9/0/0/0,18206:1747647663480:,1747647680910
counter/2/0/0/0,16878:1747647663279:,1747647680910
counter/9/0/0/0,18207:1747647663480:,1747647680910
counter/2/0/0/0,16879:1747647663279:,1747647680910
counter/9/0/0/0,18208:1747647663480:,1747647680910
counter/2/0/0/0,16880:1747647663279:,1747647680910
counter/9/0/0/0,18209:1747647663480:,1747647680910
counter/2/0/0/0,16881:1747647663280:,1747647680910
counter/9/0/0/0,18210:1747647663480:,1747647680910
counter/2/0/0/0,16882:1747647663280:,1747647680910
counter/9/0/0/0,18211:1747647663480:,1747647680910
counter/2/0/0/0,16883:1747647663280:,1747647680910
counter/9/0/0/0,18212:1747647663480:,1747647680910
counter/2/0/0/0,16884:1747647663280:,1747647680910
counter/9/0/0/0,18213:1747647663481:,1747647680910
counter/2/0/0/0,16885:1747647663280:,1747647680910
counter/9/0/0/0,18214:1747647663481:,1747647680910
counter/2/0/0/0,16886:1747647663280:,1747647680910
counter/9/0/0/0,18215:1747647663481:,1747647680910
counter/2/0/0/0,16887:1747647663280:,1747647680910
counter/9/0/0/0,18216:1747647663481:,1747647680910
counter/2/0/0/0,16888:1747647663280:,1747647680910
counter/9/0/0/0,18217:1747647663484:,1747647680910
counter/2/0/0/0,16889:1747647663280:,1747647680910
counter/9/0/0/0,18218:1747647663485:,1747647680910
counter/2/0/0/0,16890:1747647663280:,1747647680910
counter/9/0/0/0,18219:1747647663485:,1747647680910
counter/2/0/0/0,16891:1747647663280:,1747647680910
counter/9/0/0/0,18220:1747647663485:,1747647680910
counter/2/0/0/0,16892:1747647663280:,1747647680910
counter/9/0/0/0,18221:1747647663485:,1747647680910
counter/2/0/0/0,16893:1747647663280:,1747647680910
counter/9/0/0/0,18222:1747647663485:,1747647680910
counter/2/0/0/0,16894:1747647663280:,1747647680911
counter/9/0/0/0,18223:1747647663488:,1747647680911
counter/2/0/0/0,16895:1747647663280:,1747647680911
counter/9/0/0/0,18224:1747647663488:,1747647680911
counter/2/0/0/0,16896:1747647663280:,1747647680911
counter/9/0/0/0,18225:1747647663488:,1747647680911
counter/2/0/0/0,16897:1747647663280:,1747647680911
counter/9/0/0/0,18226:1747647663488:,1747647680911
counter/2/0/0/0,16898:1747647663280:,1747647680911
counter/9/0/0/0,18227:1747647663488:,1747647680911
counter/2/0/0/0,16899:1747647663280:,1747647680911
counter/9/0/0/0,18228:1747647663488:,1747647680911
counter/2/0/0/0,16900:1747647663280:,1747647680911
counter/9/0/0/0,18229:1747647663488:,1747647680911
counter/2/0/0/0,16901:1747647663280:,1747647680911
counter/9/0/0/0,18230:1747647663488:,1747647680911
counter/2/0/0/0,16902:1747647663280:,1747647680911
counter/9/0/0/0,18231:1747647663488:,1747647680911
counter/2/0/0/0,16903:1747647663280:,1747647680911
counter/9/0/0/0,18232:1747647663489:,1747647680911
counter/2/0/0/0,16904:1747647663280:,1747647680911
counter/9/0/0/0,18233:1747647663489:,1747647680911
counter/2/0/0/0,16905:1747647663280:,1747647680911
counter/9/0/0/0,18234:1747647663489:,1747647680911
counter/2/0/0/0,16906:1747647663280:,1747647680911
counter/9/0/0/0,18235:1747647663489:,1747647680911
counter/2/0/0/0,16907:1747647663281:,1747647680911
counter/9/0/0/0,18236:1747647663489:,1747647680911
counter/2/0/0/0,16908:1747647663281:,1747647680911
counter/9/0/0/0,18237:1747647663489:,1747647680911
counter/2/0/0/0,16909:1747647663281:,1747647680911
counter/9/0/0/0,18238:1747647663489:,1747647680911
counter/2/0/0/0,16910:1747647663281:,1747647680911
counter/9/0/0/0,18239:1747647663489:,1747647680911
counter/2/0/0/0,16911:1747647663281:,1747647680911
counter/9/0/0/0,18240:1747647663489:,1747647680911
counter/2/0/0/0,16912:1747647663282:,1747647680911
counter/9/0/0/0,18241:1747647663489:,1747647680911
counter/2/0/0/0,16913:1747647663282:,1747647680912
counter/9/0/0/0,18242:1747647663489:,1747647680912
counter/2/0/0/0,16914:1747647663282:,1747647680912
counter/9/0/0/0,18243:1747647663489:,1747647680912
counter/2/0/0/0,16915:1747647663282:,1747647680912
counter/9/0/0/0,18244:1747647663489:,1747647680912
counter/2/0/0/0,16916:1747647663282:,1747647680912
counter/9/0/0/0,18245:1747647663489:,1747647680912
counter/2/0/0/0,16917:1747647663282:,1747647680912
counter/9/0/0/0,18246:1747647663489:,1747647680912
counter/2/0/0/0,16918:1747647663282:,1747647680912
counter/9/0/0/0,18247:1747647663489:,1747647680912
counter/2/0/0/0,16919:1747647663283:,1747647680912
counter/9/0/0/0,18248:1747647663489:,1747647680912
counter/2/0/0/0,16920:1747647663283:,1747647680912
counter/9/0/0/0,18249:1747647663489:,1747647680912
counter/2/0/0/0,16921:1747647663283:,1747647680912
counter/9/0/0/0,18250:1747647663489:,1747647680912
counter/2/0/0/0,16922:1747647663284:,1747647680912
counter/9/0/0/0,18251:1747647663489:,1747647680912
counter/2/0/0/0,16923:1747647663284:,1747647680912
counter/9/0/0/0,18252:1747647663489:,1747647680912
counter/2/0/0/0,16924:1747647663284:,1747647680912
counter/9/0/0/0,18253:1747647663489:,1747647680912
counter/2/0/0/0,16925:1747647663284:,1747647680912
counter/9/0/0/0,18254:1747647663508:,1747647680912
counter/2/0/0/0,16926:1747647663284:,1747647680912
counter/9/0/0/0,18255:1747647663508:,1747647680912
counter/2/0/0/0,16927:1747647663284:,1747647680912
counter/9/0/0/0,18256:1747647663508:,1747647680912
counter/2/0/0/0,16928:1747647663284:,1747647680912
counter/9/0/0/0,18257:1747647663508:,1747647680912
counter/2/0/0/0,16929:1747647663284:,1747647680912
counter/9/0/0/0,18258:1747647663508:,1747647680912
counter/2/0/0/0,16930:1747647663284:,1747647680912
counter/9/0/0/0,18259:1747647663508:,1747647680912
counter/2/0/0/0,16931:1747647663284:,1747647680912
counter/9/0/0/0,18260:1747647663508:,1747647680912
counter/2/0/0/0,16932:1747647663284:,1747647680912
counter/9/0/0/0,18261:1747647663508:,1747647680912
counter/2/0/0/0,16933:1747647663284:,1747647680912
counter/9/0/0/0,18262:1747647663508:,1747647680912
counter/2/0/0/0,16934:1747647663284:,1747647680912
counter/9/0/0/0,18263:1747647663508:,1747647680912
counter/2/0/0/0,16935:1747647663284:,1747647680912
counter/9/0/0/0,18264:1747647663508:,1747647680913
counter/2/0/0/0,16936:1747647663287:,1747647680913
counter/9/0/0/0,18265:1747647663508:,1747647680913
counter/2/0/0/0,16937:1747647663287:,1747647680913
counter/9/0/0/0,18266:1747647663508:,1747647680913
counter/2/0/0/0,16938:1747647663287:,1747647680913
counter/9/0/0/0,18267:1747647663508:,1747647680913
counter/2/0/0/0,16939:1747647663287:,1747647680913
counter/9/0/0/0,18268:1747647663509:,1747647680913
counter/2/0/0/0,16940:1747647663287:,1747647680913
counter/9/0/0/0,18269:1747647663511:,1747647680913
counter/2/0/0/0,16941:1747647663287:,1747647680913
counter/9/0/0/0,18270:1747647663511:,1747647680913
counter/2/0/0/0,16942:1747647663287:,1747647680913
counter/9/0/0/0,18271:1747647663511:,1747647680913
counter/2/0/0/0,16943:1747647663287:,1747647680913
counter/9/0/0/0,18272:1747647663511:,1747647680913
counter/2/0/0/0,16944:1747647663287:,1747647680913
counter/9/0/0/0,18273:1747647663511:,1747647680913
counter/2/0/0/0,16945:1747647663287:,1747647680913
counter/9/0/0/0,18274:1747647663511:,1747647680913
counter/2/0/0/0,16946:1747647663287:,1747647680913
counter/9/0/0/0,18275:1747647663511:,1747647680913
counter/2/0/0/0,16947:1747647663298:,1747647680913
counter/9/0/0/0,18276:1747647663511:,1747647680913
counter/2/0/0/0,16948:1747647663298:,1747647680913
counter/9/0/0/0,18277:1747647663511:,1747647680913
counter/2/0/0/0,16949:1747647663298:,1747647680913
counter/9/0/0/0,18278:1747647663511:,1747647680913
counter/2/0/0/0,16950:1747647663298:,1747647680913
counter/9/0/0/0,18279:1747647663511:,1747647680913
counter/2/0/0/0,16951:1747647663298:,1747647680913
counter/9/0/0/0,18280:1747647663511:,1747647680913
counter/2/0/0/0,16952:1747647663298:,1747647680913
counter/9/0/0/0,18281:1747647663516:,1747647680913
counter/2/0/0/0,16953:1747647663298:,1747647680913
counter/9/0/0/0,18282:1747647663516:,1747647680913
counter/2/0/0/0,16954:1747647663298:,1747647680913
counter/9/0/0/0,18283:1747647663516:,1747647680913
counter/2/0/0/0,16955:1747647663298:,1747647680913
counter/9/0/0/0,18284:1747647663516:,1747647680913
counter/2/0/0/0,16956:1747647663301:,1747647680914
counter/9/0/0/0,18285:1747647663516:,1747647680914
counter/2/0/0/0,16957:1747647663301:,1747647680914
counter/9/0/0/0,18286:1747647663516:,1747647680914
counter/2/0/0/0,16958:1747647663301:,1747647680914
counter/9/0/0/0,18287:1747647663516:,1747647680914
counter/2/0/0/0,16959:1747647663301:,1747647680914
counter/9/0/0/0,18288:1747647663516:,1747647680914
counter/2/0/0/0,16960:1747647663301:,1747647680914
counter/9/0/0/0,18289:1747647663516:,1747647680914
counter/2/0/0/0,16961:1747647663306:,1747647680914
counter/9/0/0/0,18290:1747647663516:,1747647680914
counter/2/0/0/0,16962:1747647663306:,1747647680914
counter/9/0/0/0,18291:1747647663516:,1747647680914
counter/4/0/0/0,16657:1747647664555:,1747647680914
counter/2/0/0/0,16963:1747647663306:,1747647680914
counter/9/0/0/0,18292:1747647663516:,1747647680914
counter/2/0/0/0,16964:1747647663306:,1747647680914
counter/9/0/0/0,18293:1747647663516:,1747647680914
counter/2/0/0/0,16965:1747647663306:,1747647680914
counter/9/0/0/0,18294:1747647663516:,1747647680914
counter/2/0/0/0,16966:1747647663306:,1747647680914
counter/9/0/0/0,18295:1747647663518:,1747647680914
counter/2/0/0/0,16967:1747647663306:,1747647680914
counter/9/0/0/0,18296:1747647663518:,1747647680914
counter/2/0/0/0,16968:1747647663307:,1747647680914
counter/9/0/0/0,18297:1747647663518:,1747647680914
counter/1/0/0/0,17888:1747647664637:,1747647680914
counter/2/0/0/0,16969:1747647663311:,1747647680914
counter/9/0/0/0,18298:1747647663518:,1747647680914
counter/5/0/0/0,16509:1747647663014:,1747647680914
counter/2/0/0/0,16970:1747647663311:,1747647680914
counter/9/0/0/0,18299:1747647663518:,1747647680914
counter/3/0/0/0,17257:1747647664466:,1747647680914
counter/4/0/0/0,16658:1747647664555:,1747647680914
counter/8/0/0/0,17330:1747647663150:,1747647680914
counter/2/0/0/0,16971:1747647663311:,1747647680914
counter/9/0/0/0,18300:1747647663518:,1747647680914
counter/10/0/0/0,15736:1747647662458:,1747647680914
counter/6/0/0/0,16220:1747647663277:,1747647680914
counter/2/0/0/0,16972:1747647663311:,1747647680914
counter/9/0/0/0,18301:1747647663518:,1747647680914
counter/10/0/0/0,15737:1747647662458:,1747647680914
counter/4/0/0/0,16659:1747647664555:,1747647680914
counter/2/0/0/0,16973:1747647663311:,1747647680914
counter/9/0/0/0,18302:1747647663518:,1747647680915
counter/10/0/0/0,15738:1747647662458:,1747647680915
counter/8/0/0/0,17331:1747647663150:,1747647680915
counter/2/0/0/0,16974:1747647663311:,1747647680915
counter/9/0/0/0,18303:1747647663518:,1747647680915
counter/10/0/0/0,15739:1747647662458:,1747647680915
counter/8/0/0/0,17332:1747647663150:,1747647680915
counter/5/0/0/0,16510:1747647663020:,1747647680915
counter/2/0/0/0,16975:1747647663312:,1747647680915
counter/9/0/0/0,18304:1747647663532:,1747647680915
counter/10/0/0/0,15740:1747647662458:,1747647680915
counter/8/0/0/0,17333:1747647663150:,1747647680915
counter/5/0/0/0,16511:1747647663020:,1747647680915
counter/2/0/0/0,16976:1747647663312:,1747647680915
counter/9/0/0/0,18305:1747647663532:,1747647680915
counter/10/0/0/0,15741:1747647662458:,1747647680915
counter/8/0/0/0,17334:1747647663150:,1747647680915
counter/5/0/0/0,16512:1747647663020:,1747647680915
counter/2/0/0/0,16977:1747647663312:,1747647680915
counter/9/0/0/0,18306:1747647663532:,1747647680915
counter/10/0/0/0,15742:1747647662458:,1747647680915
counter/8/0/0/0,17335:1747647663155:,1747647680915
counter/5/0/0/0,16513:1747647663020:,1747647680915
counter/2/0/0/0,16978:1747647663312:,1747647680915
counter/9/0/0/0,18307:1747647663532:,1747647680915
counter/5/0/0/0,16514:1747647663020:,1747647680915
counter/2/0/0/0,16979:1747647663312:,1747647680915
counter/9/0/0/0,18308:1747647663532:,1747647680915
counter/5/0/0/0,16515:1747647663020:,1747647680915
counter/2/0/0/0,16980:1747647663312:,1747647680915
counter/9/0/0/0,18309:1747647663532:,1747647680915
counter/5/0/0/0,16516:1747647663020:,1747647680915
counter/2/0/0/0,16981:1747647663312:,1747647680915
counter/9/0/0/0,18310:1747647663532:,1747647680915
counter/5/0/0/0,16517:1747647663021:,1747647680915
counter/2/0/0/0,16982:1747647663312:,1747647680915
counter/9/0/0/0,18311:1747647663532:,1747647680915
counter/5/0/0/0,16518:1747647663021:,1747647680915
counter/2/0/0/0,16983:1747647663312:,1747647680915
counter/9/0/0/0,18312:1747647663532:,1747647680915
counter/5/0/0/0,16519:1747647663021:,1747647680915
counter/2/0/0/0,16984:1747647663312:,1747647680915
counter/9/0/0/0,18313:1747647663533:,1747647680915
counter/5/0/0/0,16520:1747647663021:,1747647680915
counter/2/0/0/0,16985:1747647663312:,1747647680916
counter/9/0/0/0,18314:1747647663533:,1747647680916
counter/5/0/0/0,16521:1747647663021:,1747647680916
counter/2/0/0/0,16986:1747647663321:,1747647680916
counter/9/0/0/0,18315:1747647663533:,1747647680916
counter/5/0/0/0,16522:1747647663021:,1747647680916
counter/2/0/0/0,16987:1747647663336:,1747647680916
counter/9/0/0/0,18316:1747647663533:,1747647680916
counter/5/0/0/0,16523:1747647663021:,1747647680916
counter/2/0/0/0,16988:1747647663336:,1747647680916
counter/9/0/0/0,18317:1747647663533:,1747647680916
counter/5/0/0/0,16524:1747647663022:,1747647680916
counter/2/0/0/0,16989:1747647663336:,1747647680916
counter/9/0/0/0,18318:1747647663533:,1747647680916
counter/5/0/0/0,16525:1747647663022:,1747647680916
counter/2/0/0/0,16990:1747647663336:,1747647680916
counter/9/0/0/0,18319:1747647663533:,1747647680916
counter/5/0/0/0,16526:1747647663022:,1747647680916
counter/2/0/0/0,16991:1747647663336:,1747647680916
counter/9/0/0/0,18320:1747647663533:,1747647680916
counter/5/0/0/0,16527:1747647663022:,1747647680916
counter/2/0/0/0,16992:1747647663336:,1747647680916
counter/9/0/0/0,18321:1747647663533:,1747647680916
counter/5/0/0/0,16528:1747647663022:,1747647680916
counter/2/0/0/0,16993:1747647663336:,1747647680916
counter/9/0/0/0,18322:1747647663533:,1747647680916
counter/5/0/0/0,16529:1747647663022:,1747647680916
counter/2/0/0/0,16994:1747647663336:,1747647680916
counter/9/0/0/0,18323:1747647663533:,1747647680916
counter/5/0/0/0,16530:1747647663022:,1747647680916
counter/2/0/0/0,16995:1747647663336:,1747647680916
counter/9/0/0/0,18324:1747647663533:,1747647680916
counter/5/0/0/0,16531:1747647663022:,1747647680916
counter/8/0/0/0,17336:1747647663155:,1747647680916
counter/1/0/0/0,17889:1747647664637:,1747647680916
counter/2/0/0/0,16996:1747647663336:,1747647680916
counter/9/0/0/0,18325:1747647663533:,1747647680916
counter/5/0/0/0,16532:1747647663022:,1747647680916
counter/8/0/0/0,17337:1747647663155:,1747647680916
counter/2/0/0/0,16997:1747647663336:,1747647680916
counter/9/0/0/0,18326:1747647663533:,1747647680916
counter/5/0/0/0,16533:1747647663022:,1747647680916
counter/8/0/0/0,17338:1747647663155:,1747647680917
counter/2/0/0/0,16998:1747647663336:,1747647680917
counter/9/0/0/0,18327:1747647663533:,1747647680917
counter/5/0/0/0,16534:1747647663022:,1747647680917
counter/8/0/0/0,17339:1747647663155:,1747647680917
counter/2/0/0/0,16999:1747647663337:,1747647680917
counter/9/0/0/0,18328:1747647663533:,1747647680917
counter/5/0/0/0,16535:1747647663022:,1747647680917
counter/8/0/0/0,17340:1747647663155:,1747647680917
counter/2/0/0/0,17000:1747647663337:,1747647680917
counter/9/0/0/0,18329:1747647663533:,1747647680917
counter/5/0/0/0,16536:1747647663022:,1747647680917
counter/8/0/0/0,17341:1747647663155:,1747647680917
counter/2/0/0/0,17001:1747647663347:,1747647680917
counter/9/0/0/0,18330:1747647663533:,1747647680917
counter/5/0/0/0,16537:1747647663022:,1747647680917
counter/8/0/0/0,17342:1747647663155:,1747647680917
counter/2/0/0/0,17002:1747647663347:,1747647680917
counter/9/0/0/0,18331:1747647663533:,1747647680917
counter/5/0/0/0,16538:1747647663023:,1747647680917
counter/8/0/0/0,17343:1747647663155:,1747647680917
counter/2/0/0/0,17003:1747647663347:,1747647680917
counter/9/0/0/0,18332:1747647663533:,1747647680917
counter/5/0/0/0,16539:1747647663023:,1747647680917
counter/8/0/0/0,17344:1747647663155:,1747647680917
counter/2/0/0/0,17004:1747647663348:,1747647680917
counter/9/0/0/0,18333:1747647663548:,1747647680917
counter/5/0/0/0,16540:1747647663060:,1747647680917
counter/8/0/0/0,17345:1747647663159:,1747647680917
counter/2/0/0/0,17005:1747647663349:,1747647680917
counter/9/0/0/0,18334:1747647663548:,1747647680917
counter/5/0/0/0,16541:1747647663060:,1747647680917
counter/8/0/0/0,17346:1747647663159:,1747647680917
counter/2/0/0/0,17006:1747647663349:,1747647680917
counter/9/0/0/0,18335:1747647663548:,1747647680917
counter/5/0/0/0,16542:1747647663060:,1747647680917
counter/8/0/0/0,17347:1747647663159:,1747647680917
counter/2/0/0/0,17007:1747647663349:,1747647680917
counter/9/0/0/0,18336:1747647663548:,1747647680917
counter/5/0/0/0,16543:1747647663060:,1747647680917
counter/8/0/0/0,17348:1747647663159:,1747647680917
counter/2/0/0/0,17008:1747647663351:,1747647680917
counter/9/0/0/0,18337:1747647663549:,1747647680917
counter/5/0/0/0,16544:1747647663060:,1747647680917
counter/8/0/0/0,17349:1747647663159:,1747647680917
counter/2/0/0/0,17009:1747647663351:,1747647680918
counter/9/0/0/0,18338:1747647663549:,1747647680918
counter/5/0/0/0,16545:1747647663060:,1747647680918
counter/8/0/0/0,17350:1747647663159:,1747647680918
counter/2/0/0/0,17010:1747647663351:,1747647680918
counter/9/0/0/0,18339:1747647663549:,1747647680918
counter/5/0/0/0,16546:1747647663060:,1747647680918
counter/8/0/0/0,17351:1747647663159:,1747647680918
counter/2/0/0/0,17011:1747647663351:,1747647680918
counter/9/0/0/0,18340:1747647663549:,1747647680918
counter/5/0/0/0,16547:1747647663060:,1747647680918
counter/8/0/0/0,17352:1747647663162:,1747647680918
counter/2/0/0/0,17012:1747647663351:,1747647680918
counter/9/0/0/0,18341:1747647663549:,1747647680918
counter/5/0/0/0,16548:1747647663060:,1747647680918
counter/8/0/0/0,17353:1747647663162:,1747647680918
counter/2/0/0/0,17013:1747647663351:,1747647680918
counter/9/0/0/0,18342:1747647663549:,1747647680918
counter/5/0/0/0,16549:1747647663060:,1747647680918
counter/8/0/0/0,17354:1747647663162:,1747647680918
counter/2/0/0/0,17014:1747647663351:,1747647680918
counter/9/0/0/0,18343:1747647663549:,1747647680918
counter/5/0/0/0,16550:1747647663060:,1747647680918
counter/8/0/0/0,17355:1747647663163:,1747647680918
counter/2/0/0/0,17015:1747647663351:,1747647680918
counter/9/0/0/0,18344:1747647663549:,1747647680918
counter/5/0/0/0,16551:1747647663060:,1747647680918
counter/8/0/0/0,17356:1747647663163:,1747647680918
counter/2/0/0/0,17016:1747647663355:,1747647680918
counter/9/0/0/0,18345:1747647663560:,1747647680918
counter/5/0/0/0,16552:1747647663060:,1747647680918
counter/8/0/0/0,17357:1747647663163:,1747647680918
counter/2/0/0/0,17017:1747647663355:,1747647680918
counter/9/0/0/0,18346:1747647663560:,1747647680918
counter/5/0/0/0,16553:1747647663067:,1747647680918
counter/8/0/0/0,17358:1747647663163:,1747647680918
counter/2/0/0/0,17018:1747647663355:,1747647680918
counter/9/0/0/0,18347:1747647663560:,1747647680918
counter/5/0/0/0,16554:1747647663067:,1747647680918
counter/8/0/0/0,17359:1747647663163:,1747647680918
counter/2/0/0/0,17019:1747647663355:,1747647680919
counter/9/0/0/0,18348:1747647663560:,1747647680919
counter/5/0/0/0,16555:1747647663067:,1747647680919
counter/8/0/0/0,17360:1747647663163:,1747647680919
counter/2/0/0/0,17020:1747647663355:,1747647680919
counter/9/0/0/0,18349:1747647663560:,1747647680919
counter/5/0/0/0,16556:1747647663067:,1747647680919
counter/8/0/0/0,17361:1747647663163:,1747647680919
counter/2/0/0/0,17021:1747647663362:,1747647680919
counter/9/0/0/0,18350:1747647663560:,1747647680919
counter/5/0/0/0,16557:1747647663067:,1747647680919
counter/8/0/0/0,17362:1747647663163:,1747647680919
counter/2/0/0/0,17022:1747647663362:,1747647680919
counter/9/0/0/0,18351:1747647663560:,1747647680919
counter/5/0/0/0,16558:1747647663067:,1747647680919
counter/8/0/0/0,17363:1747647663163:,1747647680919
counter/2/0/0/0,17023:1747647663362:,1747647680919
counter/9/0/0/0,18352:1747647663560:,1747647680919
counter/5/0/0/0,16559:1747647663067:,1747647680919
counter/8/0/0/0,17364:1747647663163:,1747647680919
counter/2/0/0/0,17024:1747647663362:,1747647680919
counter/9/0/0/0,18353:1747647663560:,1747647680919
counter/5/0/0/0,16560:1747647663067:,1747647680919
counter/8/0/0/0,17365:1747647663163:,1747647680919
counter/2/0/0/0,17025:1747647663362:,1747647680919
counter/9/0/0/0,18354:1747647663560:,1747647680919
counter/5/0/0/0,16561:1747647663067:,1747647680919
counter/8/0/0/0,17366:1747647663163:,1747647680919
counter/2/0/0/0,17026:1747647663362:,1747647680919
counter/9/0/0/0,18355:1747647663560:,1747647680919
counter/5/0/0/0,16562:1747647663067:,1747647680919
counter/8/0/0/0,17367:1747647663163:,1747647680919
counter/2/0/0/0,17027:1747647663362:,1747647680919
counter/9/0/0/0,18356:1747647663573:,1747647680919
counter/5/0/0/0,16563:1747647663067:,1747647680919
counter/8/0/0/0,17368:1747647663163:,1747647680919
counter/2/0/0/0,17028:1747647663366:,1747647680919
counter/9/0/0/0,18357:1747647663573:,1747647680919
counter/5/0/0/0,16564:1747647663067:,1747647680919
counter/8/0/0/0,17369:1747647663163:,1747647680919
counter/2/0/0/0,17029:1747647663366:,1747647680919
counter/9/0/0/0,18358:1747647663573:,1747647680919
counter/5/0/0/0,16565:1747647663068:,1747647680919
counter/8/0/0/0,17370:1747647663163:,1747647680919
counter/3/0/0/0,17258:1747647664466:,1747647680920
counter/2/0/0/0,17030:1747647663367:,1747647680920
counter/9/0/0/0,18359:1747647663573:,1747647680920
counter/5/0/0/0,16566:1747647663075:,1747647680920
counter/8/0/0/0,17371:1747647663163:,1747647680920
counter/7/0/0/0,15847:1747647662508:,1747647680920
counter/4/0/0/0,16660:1747647664555:,1747647680920
counter/2/0/0/0,17031:1747647663369:,1747647680920
counter/9/0/0/0,18360:1747647663573:,1747647680920
counter/5/0/0/0,16567:1747647663075:,1747647680920
counter/8/0/0/0,17372:1747647663163:,1747647680920
counter/7/0/0/0,15848:1747647662508:,1747647680920
counter/10/0/0/0,15743:1747647662458:,1747647680920
counter/1/0/0/0,17890:1747647664637:,1747647680920
counter/2/0/0/0,17032:1747647663369:,1747647680920
counter/9/0/0/0,18361:1747647663573:,1747647680920
counter/5/0/0/0,16568:1747647663075:,1747647680920
counter/8/0/0/0,17373:1747647663163:,1747647680920
counter/10/0/0/0,15744:1747647662458:,1747647680920
counter/2/0/0/0,17033:1747647663369:,1747647680920
counter/9/0/0/0,18362:1747647663573:,1747647680920
counter/5/0/0/0,16569:1747647663075:,1747647680920
counter/8/0/0/0,17374:1747647663163:,1747647680920
counter/10/0/0/0,15745:1747647662458:,1747647680920
counter/2/0/0/0,17034:1747647663369:,1747647680920
counter/9/0/0/0,18363:1747647663573:,1747647680920
counter/5/0/0/0,16570:1747647663075:,1747647680920
counter/8/0/0/0,17375:1747647663163:,1747647680920
counter/10/0/0/0,15746:1747647662458:,1747647680920
counter/2/0/0/0,17035:1747647663369:,1747647680920
counter/9/0/0/0,18364:1747647663573:,1747647680920
counter/5/0/0/0,16571:1747647663075:,1747647680920
counter/8/0/0/0,17376:1747647663163:,1747647680920
counter/10/0/0/0,15747:1747647662458:,1747647680920
counter/3/0/0/0,17259:1747647664466:,1747647680920
counter/2/0/0/0,17036:1747647663369:,1747647680920
counter/9/0/0/0,18365:1747647663573:,1747647680920
counter/5/0/0/0,16572:1747647663084:,1747647680920
counter/8/0/0/0,17377:1747647663165:,1747647680920
counter/10/0/0/0,15748:1747647662458:,1747647680920
counter/2/0/0/0,17037:1747647663369:,1747647680921
counter/9/0/0/0,18366:1747647663580:,1747647680921
counter/5/0/0/0,16573:1747647663084:,1747647680921
counter/8/0/0/0,17378:1747647663165:,1747647680921
counter/10/0/0/0,15749:1747647662458:,1747647680921
counter/2/0/0/0,17038:1747647663369:,1747647680921
counter/9/0/0/0,18367:1747647663580:,1747647680921
counter/5/0/0/0,16574:1747647663084:,1747647680921
counter/8/0/0/0,17379:1747647663165:,1747647680921
counter/10/0/0/0,15750:1747647662458:,1747647680921
counter/2/0/0/0,17039:1747647663369:,1747647680921
counter/9/0/0/0,18368:1747647663580:,1747647680921
counter/5/0/0/0,16575:1747647663085:,1747647680921
counter/8/0/0/0,17380:1747647663165:,1747647680921
counter/2/0/0/0,17040:1747647663369:,1747647680921
counter/9/0/0/0,18369:1747647663580:,1747647680921
counter/5/0/0/0,16576:1747647663092:,1747647680921
counter/8/0/0/0,17381:1747647663165:,1747647680921
counter/2/0/0/0,17041:1747647663369:,1747647680921
counter/9/0/0/0,18370:1747647663580:,1747647680921
counter/5/0/0/0,16577:1747647663092:,1747647680921
counter/8/0/0/0,17382:1747647663165:,1747647680921
counter/2/0/0/0,17042:1747647663369:,1747647680921
counter/9/0/0/0,18371:1747647663580:,1747647680921
counter/5/0/0/0,16578:1747647663092:,1747647680921
counter/8/0/0/0,17383:1747647663168:,1747647680921
counter/2/0/0/0,17043:1747647663369:,1747647680921
counter/9/0/0/0,18372:1747647663581:,1747647680921
counter/5/0/0/0,16579:1747647663092:,1747647680921
counter/8/0/0/0,17384:1747647663168:,1747647680921
counter/2/0/0/0,17044:1747647663369:,1747647680921
counter/9/0/0/0,18373:1747647663581:,1747647680921
counter/5/0/0/0,16580:1747647663106:,1747647680921
counter/8/0/0/0,17385:1747647663168:,1747647680921
counter/2/0/0/0,17045:1747647663369:,1747647680921
counter/9/0/0/0,18374:1747647663581:,1747647680921
counter/5/0/0/0,16581:1747647663106:,1747647680921
counter/8/0/0/0,17386:1747647663175:,1747647680921
counter/2/0/0/0,17046:1747647663371:,1747647680921
counter/9/0/0/0,18375:1747647663581:,1747647680921
counter/5/0/0/0,16582:1747647663106:,1747647680921
counter/8/0/0/0,17387:1747647663175:,1747647680921
counter/2/0/0/0,17047:1747647663371:,1747647680921
counter/9/0/0/0,18376:1747647663581:,1747647680922
counter/5/0/0/0,16583:1747647663106:,1747647680922
counter/8/0/0/0,17388:1747647663175:,1747647680922
counter/2/0/0/0,17048:1747647663371:,1747647680922
counter/9/0/0/0,18377:1747647663581:,1747647680922
counter/5/0/0/0,16584:1747647663106:,1747647680922
counter/8/0/0/0,17389:1747647663175:,1747647680922
counter/2/0/0/0,17049:1747647663371:,1747647680922
counter/9/0/0/0,18378:1747647663581:,1747647680922
counter/5/0/0/0,16585:1747647663106:,1747647680922
counter/8/0/0/0,17390:1747647663175:,1747647680922
counter/2/0/0/0,17050:1747647663371:,1747647680922
counter/9/0/0/0,18379:1747647663581:,1747647680922
counter/5/0/0/0,16586:1747647663106:,1747647680922
counter/8/0/0/0,17391:1747647663175:,1747647680922
counter/2/0/0/0,17051:1747647663371:,1747647680922
counter/9/0/0/0,18380:1747647663591:,1747647680922
counter/5/0/0/0,16587:1747647663106:,1747647680922
counter/8/0/0/0,17392:1747647663177:,1747647680922
counter/1/0/0/0,17891:1747647664637:,1747647680922
counter/2/0/0/0,17052:1747647663371:,1747647680922
counter/9/0/0/0,18381:1747647663591:,1747647680922
counter/5/0/0/0,16588:1747647663114:,1747647680922
counter/8/0/0/0,17393:1747647663178:,1747647680922
counter/1/0/0/0,17892:1747647664637:,1747647680922
counter/2/0/0/0,17053:1747647663372:,1747647680922
counter/9/0/0/0,18382:1747647663591:,1747647680922
counter/5/0/0/0,16589:1747647663114:,1747647680922
counter/8/0/0/0,17394:1747647663178:,1747647680922
counter/1/0/0/0,17893:1747647664640:,1747647680922
counter/2/0/0/0,17054:1747647663372:,1747647680922
counter/9/0/0/0,18383:1747647663591:,1747647680922
counter/5/0/0/0,16590:1747647663114:,1747647680922
counter/8/0/0/0,17395:1747647663178:,1747647680922
counter/1/0/0/0,17894:1747647664640:,1747647680922
counter/2/0/0/0,17055:1747647663372:,1747647680922
counter/9/0/0/0,18384:1747647663591:,1747647680922
counter/5/0/0/0,16591:1747647663115:,1747647680922
counter/8/0/0/0,17396:1747647663178:,1747647680922
counter/1/0/0/0,17895:1747647664640:,1747647680922
counter/2/0/0/0,17056:1747647663372:,1747647680922
counter/9/0/0/0,18385:1747647663591:,1747647680922
counter/5/0/0/0,16592:1747647663115:,1747647680922
counter/8/0/0/0,17397:1747647663178:,1747647680922
counter/1/0/0/0,17896:1747647664641:,1747647680923
counter/2/0/0/0,17057:1747647663372:,1747647680923
counter/9/0/0/0,18386:1747647663591:,1747647680923
counter/5/0/0/0,16593:1747647663115:,1747647680923
counter/8/0/0/0,17398:1747647663178:,1747647680923
counter/1/0/0/0,17897:1747647664641:,1747647680923
counter/2/0/0/0,17058:1747647663372:,1747647680923
counter/9/0/0/0,18387:1747647663591:,1747647680923
counter/5/0/0/0,16594:1747647663115:,1747647680923
counter/8/0/0/0,17399:1747647663178:,1747647680923
counter/2/0/0/0,17059:1747647663372:,1747647680923
counter/9/0/0/0,18388:1747647663591:,1747647680923
counter/5/0/0/0,16595:1747647663115:,1747647680923
counter/8/0/0/0,17400:1747647663178:,1747647680923
counter/2/0/0/0,17060:1747647663372:,1747647680923
counter/9/0/0/0,18389:1747647663591:,1747647680923
counter/5/0/0/0,16596:1747647663115:,1747647680923
counter/8/0/0/0,17401:1747647663178:,1747647680923
counter/2/0/0/0,17061:1747647663372:,1747647680923
counter/9/0/0/0,18390:1747647663591:,1747647680923
counter/5/0/0/0,16597:1747647663115:,1747647680923
counter/8/0/0/0,17402:1747647663181:,1747647680923
counter/2/0/0/0,17062:1747647663372:,1747647680923
counter/9/0/0/0,18391:1747647663591:,1747647680923
counter/5/0/0/0,16598:1747647663115:,1747647680923
counter/8/0/0/0,17403:1747647663181:,1747647680923
counter/2/0/0/0,17063:1747647663380:,1747647680923
counter/9/0/0/0,18392:1747647663591:,1747647680923
counter/5/0/0/0,16599:1747647663119:,1747647680923
counter/8/0/0/0,17404:1747647663182:,1747647680923
counter/2/0/0/0,17064:1747647663380:,1747647680923
counter/9/0/0/0,18393:1747647663591:,1747647680923
counter/5/0/0/0,16600:1747647663119:,1747647680923
counter/8/0/0/0,17405:1747647663182:,1747647680923
counter/2/0/0/0,17065:1747647663380:,1747647680923
counter/9/0/0/0,18394:1747647663591:,1747647680923
counter/5/0/0/0,16601:1747647663119:,1747647680923
counter/8/0/0/0,17406:1747647663182:,1747647680923
counter/10/0/0/0,15751:1747647662459:,1747647680923
counter/2/0/0/0,17066:1747647663380:,1747647680923
counter/9/0/0/0,18395:1747647663594:,1747647680924
counter/5/0/0/0,16602:1747647663120:,1747647680924
counter/8/0/0/0,17407:1747647663182:,1747647680924
counter/10/0/0/0,15752:1747647662459:,1747647680924
counter/3/0/0/0,17260:1747647664466:,1747647680924
counter/2/0/0/0,17067:1747647663380:,1747647680924
counter/9/0/0/0,18396:1747647663594:,1747647680924
counter/5/0/0/0,16603:1747647663120:,1747647680924
counter/8/0/0/0,17408:1747647663182:,1747647680924
counter/10/0/0/0,15753:1747647662459:,1747647680924
counter/2/0/0/0,17068:1747647663380:,1747647680924
counter/9/0/0/0,18397:1747647663610:,1747647680924
counter/5/0/0/0,16604:1747647663120:,1747647680924
counter/8/0/0/0,17409:1747647663182:,1747647680924
counter/10/0/0/0,15754:1747647662459:,1747647680924
counter/2/0/0/0,17069:1747647663380:,1747647680924
counter/9/0/0/0,18398:1747647663611:,1747647680924
counter/5/0/0/0,16605:1747647663120:,1747647680924
counter/8/0/0/0,17410:1747647663182:,1747647680924
counter/10/0/0/0,15755:1747647662459:,1747647680924
counter/2/0/0/0,17070:1747647663380:,1747647680924
counter/9/0/0/0,18399:1747647663611:,1747647680924
counter/5/0/0/0,16606:1747647663120:,1747647680924
counter/8/0/0/0,17411:1747647663182:,1747647680924
counter/10/0/0/0,15756:1747647662459:,1747647680924
counter/2/0/0/0,17071:1747647663380:,1747647680924
counter/9/0/0/0,18400:1747647663611:,1747647680924
counter/5/0/0/0,16607:1747647663120:,1747647680924
counter/8/0/0/0,17412:1747647663182:,1747647680924
counter/10/0/0/0,15757:1747647662459:,1747647680924
counter/2/0/0/0,17072:1747647663380:,1747647680924
counter/9/0/0/0,18401:1747647663611:,1747647680924
counter/5/0/0/0,16608:1747647663120:,1747647680924
counter/8/0/0/0,17413:1747647663182:,1747647680924
counter/10/0/0/0,15758:1747647662462:,1747647680924
counter/2/0/0/0,17073:1747647663380:,1747647680924
counter/9/0/0/0,18402:1747647663611:,1747647680924
counter/5/0/0/0,16609:1747647663120:,1747647680924
counter/8/0/0/0,17414:1747647663182:,1747647680924
counter/10/0/0/0,15759:1747647662462:,1747647680924
counter/2/0/0/0,17074:1747647663380:,1747647680924
counter/9/0/0/0,18403:1747647663611:,1747647680924
counter/5/0/0/0,16610:1747647663123:,1747647680924
counter/8/0/0/0,17415:1747647663182:,1747647680924
counter/10/0/0/0,15760:1747647662462:,1747647680925
counter/2/0/0/0,17075:1747647663380:,1747647680925
counter/9/0/0/0,18404:1747647663611:,1747647680925
counter/5/0/0/0,16611:1747647663123:,1747647680925
counter/8/0/0/0,17416:1747647663182:,1747647680925
counter/10/0/0/0,15761:1747647662462:,1747647680925
counter/2/0/0/0,17076:1747647663380:,1747647680925
counter/9/0/0/0,18405:1747647663611:,1747647680925
counter/5/0/0/0,16612:1747647663123:,1747647680925
counter/8/0/0/0,17417:1747647663182:,1747647680925
counter/10/0/0/0,15762:1747647662462:,1747647680925
counter/2/0/0/0,17077:1747647663380:,1747647680925
counter/9/0/0/0,18406:1747647663611:,1747647680925
counter/5/0/0/0,16613:1747647663123:,1747647680925
counter/8/0/0/0,17418:1747647663182:,1747647680925
counter/10/0/0/0,15763:1747647662469:,1747647680925
counter/2/0/0/0,17078:1747647663381:,1747647680925
counter/9/0/0/0,18407:1747647663611:,1747647680925
counter/5/0/0/0,16614:1747647663123:,1747647680925
counter/8/0/0/0,17419:1747647663182:,1747647680925
counter/10/0/0/0,15764:1747647662474:,1747647680925
counter/2/0/0/0,17079:1747647663381:,1747647680925
counter/9/0/0/0,18408:1747647663614:,1747647680925
counter/5/0/0/0,16615:1747647663131:,1747647680925
counter/8/0/0/0,17420:1747647663182:,1747647680925
counter/10/0/0/0,15765:1747647662474:,1747647680925
counter/2/0/0/0,17080:1747647663381:,1747647680925
counter/9/0/0/0,18409:1747647663614:,1747647680925
counter/5/0/0/0,16616:1747647663133:,1747647680925
counter/8/0/0/0,17421:1747647663182:,1747647680925
counter/10/0/0/0,15766:1747647662474:,1747647680925
counter/2/0/0/0,17081:1747647663381:,1747647680925
counter/9/0/0/0,18410:1747647663614:,1747647680925
counter/5/0/0/0,16617:1747647663133:,1747647680925
counter/8/0/0/0,17422:1747647663182:,1747647680925
counter/10/0/0/0,15767:1747647662474:,1747647680925
counter/2/0/0/0,17082:1747647663381:,1747647680925
counter/9/0/0/0,18411:1747647663614:,1747647680925
counter/5/0/0/0,16618:1747647663133:,1747647680925
counter/8/0/0/0,17423:1747647663182:,1747647680926
counter/10/0/0/0,15768:1747647662475:,1747647680926
counter/2/0/0/0,17083:1747647663381:,1747647680926
counter/9/0/0/0,18412:1747647663614:,1747647680926
counter/5/0/0/0,16619:1747647663133:,1747647680926
counter/8/0/0/0,17424:1747647663182:,1747647680926
counter/10/0/0/0,15769:1747647662475:,1747647680926
counter/2/0/0/0,17084:1747647663381:,1747647680926
counter/9/0/0/0,18413:1747647663614:,1747647680926
counter/5/0/0/0,16620:1747647663138:,1747647680926
counter/10/0/0/0,15770:1747647662475:,1747647680926
counter/7/0/0/0,15849:1747647662508:,1747647680926
counter/2/0/0/0,17085:1747647663381:,1747647680926
counter/9/0/0/0,18414:1747647663615:,1747647680926
counter/5/0/0/0,16621:1747647663140:,1747647680926
counter/10/0/0/0,15771:1747647662475:,1747647680926
counter/6/0/0/0,16221:1747647663277:,1747647680926
counter/8/0/0/0,17425:1747647663182:,1747647680926
counter/2/0/0/0,17086:1747647663381:,1747647680926
counter/9/0/0/0,18415:1747647663615:,1747647680926
counter/5/0/0/0,16622:1747647663140:,1747647680926
counter/10/0/0/0,15772:1747647662475:,1747647680926
counter/8/0/0/0,17426:1747647663182:,1747647680926
counter/1/0/0/0,17898:1747647664641:,1747647680926
counter/2/0/0/0,17087:1747647663381:,1747647680926
counter/9/0/0/0,18416:1747647663615:,1747647680926
counter/5/0/0/0,16623:1747647663140:,1747647680926
counter/10/0/0/0,15773:1747647662475:,1747647680926
counter/8/0/0/0,17427:1747647663182:,1747647680926
counter/2/0/0/0,17088:1747647663384:,1747647680926
counter/9/0/0/0,18417:1747647663615:,1747647680926
counter/5/0/0/0,16624:1747647663140:,1747647680926
counter/10/0/0/0,15774:1747647662475:,1747647680926
counter/8/0/0/0,17428:1747647663182:,1747647680926
counter/2/0/0/0,17089:1747647663384:,1747647680926
counter/9/0/0/0,18418:1747647663615:,1747647680926
counter/5/0/0/0,16625:1747647663140:,1747647680926
counter/10/0/0/0,15775:1747647662475:,1747647680926
counter/8/0/0/0,17429:1747647663182:,1747647680926
counter/2/0/0/0,17090:1747647663384:,1747647680926
counter/9/0/0/0,18419:1747647663615:,1747647680926
counter/5/0/0/0,16626:1747647663140:,1747647680926
counter/10/0/0/0,15776:1747647662475:,1747647680926
counter/8/0/0/0,17430:1747647663182:,1747647680926
counter/2/0/0/0,17091:1747647663384:,1747647680926
counter/9/0/0/0,18420:1747647663621:,1747647680927
counter/5/0/0/0,16627:1747647663140:,1747647680927
counter/10/0/0/0,15777:1747647662475:,1747647680927
counter/8/0/0/0,17431:1747647663182:,1747647680927
counter/2/0/0/0,17092:1747647663384:,1747647680927
counter/9/0/0/0,18421:1747647663621:,1747647680927
counter/5/0/0/0,16628:1747647663140:,1747647680927
counter/10/0/0/0,15778:1747647662475:,1747647680927
counter/8/0/0/0,17432:1747647663182:,1747647680927
counter/2/0/0/0,17093:1747647663384:,1747647680927
counter/9/0/0/0,18422:1747647663621:,1747647680927
counter/5/0/0/0,16629:1747647663140:,1747647680927
counter/10/0/0/0,15779:1747647662475:,1747647680927
counter/8/0/0/0,17433:1747647663182:,1747647680927
counter/2/0/0/0,17094:1747647663384:,1747647680927
counter/9/0/0/0,18423:1747647663621:,1747647680927
counter/5/0/0/0,16630:1747647663140:,1747647680927
counter/10/0/0/0,15780:1747647662475:,1747647680927
counter/8/0/0/0,17434:1747647663182:,1747647680927
counter/2/0/0/0,17095:1747647663385:,1747647680927
counter/9/0/0/0,18424:1747647663621:,1747647680927
counter/5/0/0/0,16631:1747647663140:,1747647680927
counter/10/0/0/0,15781:1747647662475:,1747647680927
counter/8/0/0/0,17435:1747647663182:,1747647680927
counter/2/0/0/0,17096:1747647663385:,1747647680927
counter/9/0/0/0,18425:1747647663621:,1747647680927
counter/5/0/0/0,16632:1747647663140:,1747647680927
counter/10/0/0/0,15782:1747647662475:,1747647680927
counter/8/0/0/0,17436:1747647663182:,1747647680927
counter/2/0/0/0,17097:1747647663385:,1747647680927
counter/9/0/0/0,18426:1747647663621:,1747647680927
counter/5/0/0/0,16633:1747647663141:,1747647680927
counter/10/0/0/0,15783:1747647662475:,1747647680927
counter/8/0/0/0,17437:1747647663182:,1747647680927
counter/2/0/0/0,17098:1747647663385:,1747647680927
counter/9/0/0/0,18427:1747647663621:,1747647680927
counter/5/0/0/0,16634:1747647663141:,1747647680927
counter/10/0/0/0,15784:1747647662475:,1747647680927
counter/8/0/0/0,17438:1747647663182:,1747647680927
counter/2/0/0/0,17099:1747647663385:,1747647680927
counter/9/0/0/0,18428:1747647663621:,1747647680927
counter/5/0/0/0,16635:1747647663141:,1747647680928
counter/10/0/0/0,15785:1747647662475:,1747647680928
counter/8/0/0/0,17439:1747647663182:,1747647680928
counter/2/0/0/0,17100:1747647663385:,1747647680928
counter/9/0/0/0,18429:1747647663621:,1747647680928
counter/5/0/0/0,16636:1747647663141:,1747647680928
counter/10/0/0/0,15786:1747647662475:,1747647680928
counter/8/0/0/0,17440:1747647663182:,1747647680928
counter/2/0/0/0,17101:1747647663402:,1747647680928
counter/9/0/0/0,18430:1747647663621:,1747647680928
counter/5/0/0/0,16637:1747647663141:,1747647680928
counter/10/0/0/0,15787:1747647662475:,1747647680928
counter/8/0/0/0,17441:1747647663182:,1747647680928
counter/2/0/0/0,17102:1747647663402:,1747647680928
counter/9/0/0/0,18431:1747647663621:,1747647680928
counter/5/0/0/0,16638:1747647663141:,1747647680928
counter/10/0/0/0,15788:1747647662475:,1747647680928
counter/8/0/0/0,17442:1747647663182:,1747647680928
counter/2/0/0/0,17103:1747647663402:,1747647680928
counter/9/0/0/0,18432:1747647663621:,1747647680928
counter/5/0/0/0,16639:1747647663141:,1747647680928
counter/10/0/0/0,15789:1747647662475:,1747647680928
counter/8/0/0/0,17443:1747647663182:,1747647680928
counter/2/0/0/0,17104:1747647663402:,1747647680928
counter/9/0/0/0,18433:1747647663621:,1747647680928
counter/5/0/0/0,16640:1747647663141:,1747647680928
counter/10/0/0/0,15790:1747647662475:,1747647680928
counter/8/0/0/0,17444:1747647663182:,1747647680928
counter/2/0/0/0,17105:1747647663402:,1747647680928
counter/9/0/0/0,18434:1747647663622:,1747647680928
counter/5/0/0/0,16641:1747647663141:,1747647680928
counter/10/0/0/0,15791:1747647662475:,1747647680928
counter/8/0/0/0,17445:1747647663182:,1747647680928
counter/2/0/0/0,17106:1747647663412:,1747647680928
counter/9/0/0/0,18435:1747647663622:,1747647680928
counter/5/0/0/0,16642:1747647663141:,1747647680928
counter/10/0/0/0,15792:1747647662475:,1747647680928
counter/8/0/0/0,17446:1747647663183:,1747647680928
counter/2/0/0/0,17107:1747647663412:,1747647680928
counter/9/0/0/0,18436:1747647663622:,1747647680928
counter/5/0/0/0,16643:1747647663141:,1747647680928
counter/10/0/0/0,15793:1747647662475:,1747647680928
counter/8/0/0/0,17447:1747647663183:,1747647680928
counter/2/0/0/0,17108:1747647663412:,1747647680928
counter/9/0/0/0,18437:1747647663622:,1747647680928
counter/5/0/0/0,16644:1747647663141:,1747647680929
counter/10/0/0/0,15794:1747647662475:,1747647680929
counter/8/0/0/0,17448:1747647663183:,1747647680929
counter/2/0/0/0,17109:1747647663412:,1747647680929
counter/9/0/0/0,18438:1747647663622:,1747647680929
counter/5/0/0/0,16645:1747647663145:,1747647680929
counter/10/0/0/0,15795:1747647662476:,1747647680929
counter/8/0/0/0,17449:1747647663183:,1747647680929
counter/2/0/0/0,17110:1747647663412:,1747647680929
counter/9/0/0/0,18439:1747647663622:,1747647680929
counter/5/0/0/0,16646:1747647663145:,1747647680929
counter/10/0/0/0,15796:1747647662476:,1747647680929
counter/8/0/0/0,17450:1747647663184:,1747647680929
counter/2/0/0/0,17111:1747647663412:,1747647680929
counter/9/0/0/0,18440:1747647663622:,1747647680929
counter/5/0/0/0,16647:1747647663145:,1747647680929
counter/10/0/0/0,15797:1747647662476:,1747647680929
counter/8/0/0/0,17451:1747647663184:,1747647680929
counter/2/0/0/0,17112:1747647663412:,1747647680929
counter/9/0/0/0,18441:1747647663622:,1747647680929
counter/5/0/0/0,16648:1747647663145:,1747647680929
counter/10/0/0/0,15798:1747647662476:,1747647680929
counter/8/0/0/0,17452:1747647663184:,1747647680929
counter/2/0/0/0,17113:1747647663412:,1747647680929
counter/9/0/0/0,18442:1747647663622:,1747647680929
counter/5/0/0/0,16649:1747647663145:,1747647680929
counter/10/0/0/0,15799:1747647662476:,1747647680929
counter/8/0/0/0,17453:1747647663184:,1747647680929
counter/2/0/0/0,17114:1747647663412:,1747647680929
counter/9/0/0/0,18443:1747647663622:,1747647680929
counter/5/0/0/0,16650:1747647663145:,1747647680929
counter/10/0/0/0,15800:1747647662476:,1747647680929
counter/8/0/0/0,17454:1747647663184:,1747647680929
counter/4/0/0/0,16661:1747647664566:,1747647680929
counter/7/0/0/0,15850:1747647662508:,1747647680929
counter/2/0/0/0,17115:1747647663412:,1747647680929
counter/9/0/0/0,18444:1747647663622:,1747647680929
counter/5/0/0/0,16651:1747647663145:,1747647680929
counter/10/0/0/0,15801:1747647662476:,1747647680929
counter/8/0/0/0,17455:1747647663184:,1747647680929
counter/2/0/0/0,17116:1747647663425:,1747647680929
counter/9/0/0/0,18445:1747647663624:,1747647680929
counter/5/0/0/0,16652:1747647663145:,1747647680929
counter/10/0/0/0,15802:1747647662476:,1747647680930
counter/8/0/0/0,17456:1747647663184:,1747647680930
counter/3/0/0/0,17261:1747647664466:,1747647680930
counter/2/0/0/0,17117:1747647663425:,1747647680930
counter/9/0/0/0,18446:1747647663624:,1747647680930
counter/5/0/0/0,16653:1747647663145:,1747647680930
counter/10/0/0/0,15803:1747647662476:,1747647680930
counter/8/0/0/0,17457:1747647663184:,1747647680930
counter/2/0/0/0,17118:1747647663425:,1747647680930
counter/9/0/0/0,18447:1747647663624:,1747647680930
counter/5/0/0/0,16654:1747647663145:,1747647680930
counter/10/0/0/0,15804:1747647662476:,1747647680930
counter/8/0/0/0,17458:1747647663184:,1747647680930
counter/4/0/0/0,16662:1747647664566:,1747647680930
counter/7/0/0/0,15851:1747647662508:,1747647680930
counter/2/0/0/0,17119:1747647663425:,1747647680930
counter/9/0/0/0,18448:1747647663624:,1747647680930
counter/5/0/0/0,16655:1747647663146:,1747647680930
counter/10/0/0/0,15805:1747647662476:,1747647680930
counter/8/0/0/0,17459:1747647663184:,1747647680930
counter/2/0/0/0,17120:1747647663425:,1747647680930
counter/9/0/0/0,18449:1747647663624:,1747647680930
counter/5/0/0/0,16656:1747647663146:,1747647680930
counter/10/0/0/0,15806:1747647662476:,1747647680930
counter/8/0/0/0,17460:1747647663184:,1747647680930
counter/2/0/0/0,17121:1747647663425:,1747647680930
counter/9/0/0/0,18450:1747647663624:,1747647680930
counter/5/0/0/0,16657:1747647663146:,1747647680930
counter/10/0/0/0,15807:1747647662476:,1747647680930
counter/8/0/0/0,17461:1747647663185:,1747647680930
counter/2/0/0/0,17122:1747647663425:,1747647680930
counter/9/0/0/0,18451:1747647663624:,1747647680930
counter/5/0/0/0,16658:1747647663146:,1747647680930
counter/10/0/0/0,15808:1747647662476:,1747647680930
counter/8/0/0/0,17462:1747647663185:,1747647680930
counter/2/0/0/0,17123:1747647663425:,1747647680930
counter/9/0/0/0,18452:1747647663624:,1747647680930
counter/5/0/0/0,16659:1747647663146:,1747647680930
counter/10/0/0/0,15809:1747647662476:,1747647680930
counter/8/0/0/0,17463:1747647663187:,1747647680930
counter/2/0/0/0,17124:1747647663425:,1747647680930
counter/9/0/0/0,18453:1747647663624:,1747647680931
counter/5/0/0/0,16660:1747647663146:,1747647680931
counter/10/0/0/0,15810:1747647662476:,1747647680931
counter/8/0/0/0,17464:1747647663187:,1747647680931
counter/2/0/0/0,17125:1747647663425:,1747647680931
counter/9/0/0/0,18454:1747647663624:,1747647680931
counter/5/0/0/0,16661:1747647663146:,1747647680931
counter/10/0/0/0,15811:1747647662476:,1747647680931
counter/8/0/0/0,17465:1747647663187:,1747647680931
counter/2/0/0/0,17126:1747647663425:,1747647680931
counter/9/0/0/0,18455:1747647663624:,1747647680931
counter/5/0/0/0,16662:1747647663151:,1747647680931
counter/10/0/0/0,15812:1747647662476:,1747647680931
counter/8/0/0/0,17466:1747647663187:,1747647680931
counter/2/0/0/0,17127:1747647663425:,1747647680931
counter/9/0/0/0,18456:1747647663625:,1747647680931
counter/5/0/0/0,16663:1747647663151:,1747647680931
counter/10/0/0/0,15813:1747647662476:,1747647680931
counter/8/0/0/0,17467:1747647663187:,1747647680931
counter/2/0/0/0,17128:1747647663425:,1747647680931
counter/9/0/0/0,18457:1747647663625:,1747647680931
counter/5/0/0/0,16664:1747647663151:,1747647680931
counter/10/0/0/0,15814:1747647662476:,1747647680931
counter/8/0/0/0,17468:1747647663187:,1747647680931
counter/2/0/0/0,17129:1747647663425:,1747647680931
counter/9/0/0/0,18458:1747647663625:,1747647680931
counter/5/0/0/0,16665:1747647663151:,1747647680931
counter/10/0/0/0,15815:1747647662476:,1747647680931
counter/8/0/0/0,17469:1747647663187:,1747647680931
counter/2/0/0/0,17130:1747647663425:,1747647680931
counter/9/0/0/0,18459:1747647663625:,1747647680931
counter/5/0/0/0,16666:1747647663151:,1747647680931
counter/10/0/0/0,15816:1747647662476:,1747647680931
counter/8/0/0/0,17470:1747647663187:,1747647680931
counter/2/0/0/0,17131:1747647663425:,1747647680931
counter/9/0/0/0,18460:1747647663625:,1747647680931
counter/5/0/0/0,16667:1747647663151:,1747647680931
counter/10/0/0/0,15817:1747647662476:,1747647680931
counter/8/0/0/0,17471:1747647663187:,1747647680931
counter/2/0/0/0,17132:1747647663425:,1747647680931
counter/9/0/0/0,18461:1747647663625:,1747647680931
counter/5/0/0/0,16668:1747647663151:,1747647680932
counter/10/0/0/0,15818:1747647662476:,1747647680932
counter/8/0/0/0,17472:1747647663187:,1747647680932
counter/2/0/0/0,17133:1747647663430:,1747647680932
counter/9/0/0/0,18462:1747647663625:,1747647680932
counter/5/0/0/0,16669:1747647663151:,1747647680932
counter/10/0/0/0,15819:1747647662476:,1747647680932
counter/8/0/0/0,17473:1747647663187:,1747647680932
counter/2/0/0/0,17134:1747647663430:,1747647680932
counter/9/0/0/0,18463:1747647663625:,1747647680932
counter/5/0/0/0,16670:1747647663151:,1747647680932
counter/10/0/0/0,15820:1747647662476:,1747647680932
counter/8/0/0/0,17474:1747647663187:,1747647680932
counter/2/0/0/0,17135:1747647663430:,1747647680932
counter/9/0/0/0,18464:1747647663625:,1747647680932
counter/5/0/0/0,16671:1747647663151:,1747647680932
counter/10/0/0/0,15821:1747647662476:,1747647680932
counter/8/0/0/0,17475:1747647663197:,1747647680932
counter/2/0/0/0,17136:1747647663430:,1747647680932
counter/9/0/0/0,18465:1747647663625:,1747647680932
counter/5/0/0/0,16672:1747647663154:,1747647680932
counter/10/0/0/0,15822:1747647662476:,1747647680932
counter/8/0/0/0,17476:1747647663197:,1747647680932
counter/2/0/0/0,17137:1747647663430:,1747647680932
counter/9/0/0/0,18466:1747647663626:,1747647680932
counter/5/0/0/0,16673:1747647663155:,1747647680932
counter/10/0/0/0,15823:1747647662476:,1747647680932
counter/8/0/0/0,17477:1747647663197:,1747647680932
counter/2/0/0/0,17138:1747647663430:,1747647680932
counter/9/0/0/0,18467:1747647663626:,1747647680932
counter/5/0/0/0,16674:1747647663155:,1747647680932
counter/10/0/0/0,15824:1747647662476:,1747647680932
counter/8/0/0/0,17478:1747647663197:,1747647680932
counter/2/0/0/0,17139:1747647663431:,1747647680932
counter/9/0/0/0,18468:1747647663626:,1747647680932
counter/5/0/0/0,16675:1747647663155:,1747647680932
counter/10/0/0/0,15825:1747647662476:,1747647680932
counter/8/0/0/0,17479:1747647663197:,1747647680932
counter/2/0/0/0,17140:1747647663432:,1747647680932
counter/9/0/0/0,18469:1747647663626:,1747647680932
counter/5/0/0/0,16676:1747647663155:,1747647680932
counter/10/0/0/0,15826:1747647662476:,1747647680933
counter/8/0/0/0,17480:1747647663197:,1747647680933
counter/2/0/0/0,17141:1747647663432:,1747647680933
counter/9/0/0/0,18470:1747647663626:,1747647680933
counter/5/0/0/0,16677:1747647663155:,1747647680933
counter/10/0/0/0,15827:1747647662476:,1747647680933
counter/8/0/0/0,17481:1747647663201:,1747647680933
counter/2/0/0/0,17142:1747647663432:,1747647680933
counter/9/0/0/0,18471:1747647663626:,1747647680933
counter/5/0/0/0,16678:1747647663155:,1747647680933
counter/10/0/0/0,15828:1747647662476:,1747647680933
counter/8/0/0/0,17482:1747647663201:,1747647680933
counter/2/0/0/0,17143:1747647663432:,1747647680933
counter/9/0/0/0,18472:1747647663626:,1747647680933
counter/5/0/0/0,16679:1747647663155:,1747647680933
counter/10/0/0/0,15829:1747647662476:,1747647680933
counter/8/0/0/0,17483:1747647663201:,1747647680933
counter/2/0/0/0,17144:1747647663432:,1747647680933
counter/9/0/0/0,18473:1747647663626:,1747647680933
counter/5/0/0/0,16680:1747647663184:,1747647680933
counter/10/0/0/0,15830:1747647662477:,1747647680933
counter/8/0/0/0,17484:1747647663202:,1747647680933
counter/2/0/0/0,17145:1747647663432:,1747647680933
counter/9/0/0/0,18474:1747647663626:,1747647680933
counter/5/0/0/0,16681:1747647663184:,1747647680933
counter/10/0/0/0,15831:1747647662477:,1747647680933
counter/8/0/0/0,17485:1747647663203:,1747647680933
counter/2/0/0/0,17146:1747647663432:,1747647680933
counter/9/0/0/0,18475:1747647663628:,1747647680933
counter/5/0/0/0,16682:1747647663184:,1747647680933
counter/10/0/0/0,15832:1747647662477:,1747647680933
counter/8/0/0/0,17486:1747647663212:,1747647680933
counter/2/0/0/0,17147:1747647663432:,1747647680933
counter/9/0/0/0,18476:1747647663637:,1747647680933
counter/5/0/0/0,16683:1747647663184:,1747647680933
counter/10/0/0/0,15833:1747647662477:,1747647680933
counter/8/0/0/0,17487:1747647663214:,1747647680933
counter/2/0/0/0,17148:1747647663432:,1747647680933
counter/9/0/0/0,18477:1747647663637:,1747647680933
counter/5/0/0/0,16684:1747647663197:,1747647680933
counter/10/0/0/0,15834:1747647662477:,1747647680933
counter/8/0/0/0,17488:1747647663214:,1747647680933
counter/2/0/0/0,17149:1747647663448:,1747647680933
counter/9/0/0/0,18478:1747647663637:,1747647680934
counter/5/0/0/0,16685:1747647663197:,1747647680934
counter/10/0/0/0,15835:1747647662477:,1747647680934
counter/8/0/0/0,17489:1747647663214:,1747647680934
counter/2/0/0/0,17150:1747647663448:,1747647680934
counter/9/0/0/0,18479:1747647663637:,1747647680934
counter/5/0/0/0,16686:1747647663197:,1747647680934
counter/10/0/0/0,15836:1747647662477:,1747647680934
counter/8/0/0/0,17490:1747647663214:,1747647680934
counter/2/0/0/0,17151:1747647663448:,1747647680934
counter/9/0/0/0,18480:1747647663638:,1747647680934
counter/5/0/0/0,16687:1747647663197:,1747647680934
counter/10/0/0/0,15837:1747647662477:,1747647680934
counter/8/0/0/0,17491:1747647663214:,1747647680934
counter/2/0/0/0,17152:1747647663448:,1747647680934
counter/9/0/0/0,18481:1747647663638:,1747647680934
counter/5/0/0/0,16688:1747647663198:,1747647680934
counter/10/0/0/0,15838:1747647662477:,1747647680934
counter/8/0/0/0,17492:1747647663214:,1747647680934
counter/1/0/0/0,17899:1747647664641:,1747647680934
counter/2/0/0/0,17153:1747647663448:,1747647680934
counter/9/0/0/0,18482:1747647663638:,1747647680934
counter/5/0/0/0,16689:1747647663198:,1747647680934
counter/10/0/0/0,15839:1747647662477:,1747647680934
counter/8/0/0/0,17493:1747647663214:,1747647680934
counter/2/0/0/0,17154:1747647663448:,1747647680934
counter/9/0/0/0,18483:1747647663638:,1747647680934
counter/5/0/0/0,16690:1747647663198:,1747647680934
counter/10/0/0/0,15840:1747647662477:,1747647680934
counter/8/0/0/0,17494:1747647663214:,1747647680934
counter/1/0/0/0,17900:1747647664641:,1747647680934
counter/6/0/0/0,16222:1747647663277:,1747647680934
counter/2/0/0/0,17155:1747647663448:,1747647680934
counter/9/0/0/0,18484:1747647663638:,1747647680934
counter/5/0/0/0,16691:1747647663198:,1747647680934
counter/10/0/0/0,15841:1747647662477:,1747647680934
counter/8/0/0/0,17495:1747647663224:,1747647680934
counter/2/0/0/0,17156:1747647663448:,1747647680934
counter/9/0/0/0,18485:1747647663638:,1747647680934
counter/5/0/0/0,16692:1747647663198:,1747647680934
counter/10/0/0/0,15842:1747647662477:,1747647680934
counter/8/0/0/0,17496:1747647663224:,1747647680934
counter/2/0/0/0,17157:1747647663448:,1747647680935
counter/9/0/0/0,18486:1747647663638:,1747647680935
counter/5/0/0/0,16693:1747647663198:,1747647680935
counter/10/0/0/0,15843:1747647662477:,1747647680935
counter/8/0/0/0,17497:1747647663224:,1747647680935
counter/2/0/0/0,17158:1747647663448:,1747647680935
counter/9/0/0/0,18487:1747647663638:,1747647680935
counter/5/0/0/0,16694:1747647663198:,1747647680935
counter/10/0/0/0,15844:1747647662477:,1747647680935
counter/8/0/0/0,17498:1747647663224:,1747647680935
counter/2/0/0/0,17159:1747647663448:,1747647680935
counter/9/0/0/0,18488:1747647663638:,1747647680935
counter/5/0/0/0,16695:1747647663198:,1747647680935
counter/10/0/0/0,15845:1747647662477:,1747647680935
counter/8/0/0/0,17499:1747647663224:,1747647680935
counter/2/0/0/0,17160:1747647663448:,1747647680935
counter/9/0/0/0,18489:1747647663638:,1747647680935
counter/5/0/0/0,16696:1747647663198:,1747647680935
counter/10/0/0/0,15846:1747647662477:,1747647680935
counter/8/0/0/0,17500:1747647663224:,1747647680935
counter/2/0/0/0,17161:1747647663448:,1747647680935
counter/9/0/0/0,18490:1747647663638:,1747647680935
counter/5/0/0/0,16697:1747647663198:,1747647680935
counter/10/0/0/0,15847:1747647662477:,1747647680935
counter/8/0/0/0,17501:1747647663225:,1747647680935
counter/2/0/0/0,17162:1747647663448:,1747647680935
counter/9/0/0/0,18491:1747647663647:,1747647680935
counter/5/0/0/0,16698:1747647663198:,1747647680935
counter/10/0/0/0,15848:1747647662477:,1747647680935
counter/8/0/0/0,17502:1747647663225:,1747647680935
counter/2/0/0/0,17163:1747647663448:,1747647680935
counter/9/0/0/0,18492:1747647663647:,1747647680935
counter/5/0/0/0,16699:1747647663198:,1747647680935
counter/10/0/0/0,15849:1747647662477:,1747647680935
counter/8/0/0/0,17503:1747647663225:,1747647680935
counter/2/0/0/0,17164:1747647663448:,1747647680935
counter/9/0/0/0,18493:1747647663647:,1747647680935
counter/5/0/0/0,16700:1747647663198:,1747647680935
counter/10/0/0/0,15850:1747647662477:,1747647680935
counter/8/0/0/0,17504:1747647663226:,1747647680935
counter/2/0/0/0,17165:1747647663448:,1747647680935
counter/9/0/0/0,18494:1747647663648:,1747647680935
counter/5/0/0/0,16701:1747647663198:,1747647680935
counter/10/0/0/0,15851:1747647662477:,1747647680935
counter/8/0/0/0,17505:1747647663226:,1747647680935
counter/2/0/0/0,17166:1747647663449:,1747647680936
counter/9/0/0/0,18495:1747647663648:,1747647680936
counter/5/0/0/0,16702:1747647663198:,1747647680936
counter/10/0/0/0,15852:1747647662477:,1747647680936
counter/8/0/0/0,17506:1747647663226:,1747647680936
counter/2/0/0/0,17167:1747647663450:,1747647680936
counter/9/0/0/0,18496:1747647663648:,1747647680936
counter/5/0/0/0,16703:1747647663198:,1747647680936
counter/10/0/0/0,15853:1747647662477:,1747647680936
counter/8/0/0/0,17507:1747647663226:,1747647680936
counter/2/0/0/0,17168:1747647663450:,1747647680936
counter/9/0/0/0,18497:1747647663648:,1747647680936
counter/5/0/0/0,16704:1747647663198:,1747647680936
counter/10/0/0/0,15854:1747647662477:,1747647680936
counter/8/0/0/0,17508:1747647663227:,1747647680936
counter/2/0/0/0,17169:1747647663450:,1747647680936
counter/9/0/0/0,18498:1747647663648:,1747647680936
counter/5/0/0/0,16705:1747647663198:,1747647680936
counter/10/0/0/0,15855:1747647662477:,1747647680936
counter/8/0/0/0,17509:1747647663227:,1747647680936
counter/2/0/0/0,17170:1747647663450:,1747647680936
counter/9/0/0/0,18499:1747647663648:,1747647680936
counter/5/0/0/0,16706:1747647663198:,1747647680936
counter/10/0/0/0,15856:1747647662477:,1747647680936
counter/8/0/0/0,17510:1747647663231:,1747647680936
counter/2/0/0/0,17171:1747647663450:,1747647680936
counter/9/0/0/0,18500:1747647663648:,1747647680936
counter/5/0/0/0,16707:1747647663198:,1747647680936
counter/10/0/0/0,15857:1747647662477:,1747647680936
counter/8/0/0/0,17511:1747647663231:,1747647680936
counter/2/0/0/0,17172:1747647663450:,1747647680936
counter/9/0/0/0,18501:1747647663648:,1747647680936
counter/5/0/0/0,16708:1747647663198:,1747647680936
counter/10/0/0/0,15858:1747647662477:,1747647680936
counter/8/0/0/0,17512:1747647663231:,1747647680936
counter/2/0/0/0,17173:1747647663450:,1747647680936
counter/9/0/0/0,18502:1747647663648:,1747647680936
counter/5/0/0/0,16709:1747647663199:,1747647680936
counter/10/0/0/0,15859:1747647662478:,1747647680936
counter/8/0/0/0,17513:1747647663231:,1747647680936
counter/2/0/0/0,17174:1747647663450:,1747647680936
counter/9/0/0/0,18503:1747647663648:,1747647680936
counter/5/0/0/0,16710:1747647663199:,1747647680936
counter/10/0/0/0,15860:1747647662478:,1747647680936
counter/8/0/0/0,17514:1747647663231:,1747647680937
counter/1/0/0/0,17901:1747647664641:,1747647680937
counter/2/0/0/0,17175:1747647663450:,1747647680937
counter/9/0/0/0,18504:1747647663648:,1747647680937
counter/5/0/0/0,16711:1747647663199:,1747647680937
counter/10/0/0/0,15861:1747647662478:,1747647680937
counter/8/0/0/0,17515:1747647663231:,1747647680937
counter/2/0/0/0,17176:1747647663450:,1747647680937
counter/9/0/0/0,18505:1747647663650:,1747647680937
counter/5/0/0/0,16712:1747647663199:,1747647680937
counter/10/0/0/0,15862:1747647662478:,1747647680937
counter/8/0/0/0,17516:1747647663231:,1747647680937
counter/2/0/0/0,17177:1747647663450:,1747647680937
counter/9/0/0/0,18506:1747647663655:,1747647680937
counter/5/0/0/0,16713:1747647663199:,1747647680937
counter/10/0/0/0,15863:1747647662478:,1747647680937
counter/8/0/0/0,17517:1747647663231:,1747647680937
counter/2/0/0/0,17178:1747647663450:,1747647680937
counter/9/0/0/0,18507:1747647663655:,1747647680937
counter/5/0/0/0,16714:1747647663199:,1747647680937
counter/10/0/0/0,15864:1747647662478:,1747647680937
counter/8/0/0/0,17518:1747647663232:,1747647680937
counter/2/0/0/0,17179:1747647663450:,1747647680937
counter/9/0/0/0,18508:1747647663655:,1747647680937
counter/5/0/0/0,16715:1747647663199:,1747647680937
counter/10/0/0/0,15865:1747647662478:,1747647680937
counter/8/0/0/0,17519:1747647663232:,1747647680937
counter/2/0/0/0,17180:1747647663450:,1747647680937
counter/9/0/0/0,18509:1747647663655:,1747647680937
counter/5/0/0/0,16716:1747647663199:,1747647680937
counter/10/0/0/0,15866:1747647662478:,1747647680937
counter/8/0/0/0,17520:1747647663232:,1747647680937
counter/2/0/0/0,17181:1747647663450:,1747647680937
counter/9/0/0/0,18510:1747647663655:,1747647680937
counter/5/0/0/0,16717:1747647663222:,1747647680937
counter/10/0/0/0,15867:1747647662478:,1747647680937
counter/8/0/0/0,17521:1747647663232:,1747647680937
counter/2/0/0/0,17182:1747647663450:,1747647680937
counter/9/0/0/0,18511:1747647663655:,1747647680937
counter/5/0/0/0,16718:1747647663222:,1747647680937
counter/10/0/0/0,15868:1747647662478:,1747647680937
counter/8/0/0/0,17522:1747647663232:,1747647680938
counter/2/0/0/0,17183:1747647663450:,1747647680938
counter/9/0/0/0,18512:1747647663655:,1747647680938
counter/5/0/0/0,16719:1747647663222:,1747647680938
counter/10/0/0/0,15869:1747647662478:,1747647680938
counter/8/0/0/0,17523:1747647663232:,1747647680938
counter/2/0/0/0,17184:1747647663450:,1747647680938
counter/9/0/0/0,18513:1747647663655:,1747647680938
counter/5/0/0/0,16720:1747647663222:,1747647680938
counter/10/0/0/0,15870:1747647662478:,1747647680938
counter/8/0/0/0,17524:1747647663232:,1747647680938
counter/2/0/0/0,17185:1747647663450:,1747647680938
counter/9/0/0/0,18514:1747647663655:,1747647680938
counter/5/0/0/0,16721:1747647663222:,1747647680938
counter/10/0/0/0,15871:1747647662478:,1747647680938
counter/8/0/0/0,17525:1747647663232:,1747647680938
counter/2/0/0/0,17186:1747647663450:,1747647680938
counter/9/0/0/0,18515:1747647663655:,1747647680938
counter/5/0/0/0,16722:1747647663223:,1747647680938
counter/10/0/0/0,15872:1747647662478:,1747647680938
counter/8/0/0/0,17526:1747647663232:,1747647680938
counter/2/0/0/0,17187:1747647663450:,1747647680938
counter/9/0/0/0,18516:1747647663655:,1747647680938
counter/5/0/0/0,16723:1747647663223:,1747647680938
counter/10/0/0/0,15873:1747647662478:,1747647680938
counter/8/0/0/0,17527:1747647663232:,1747647680938
counter/2/0/0/0,17188:1747647663450:,1747647680938
counter/9/0/0/0,18517:1747647663655:,1747647680938
counter/5/0/0/0,16724:1747647663223:,1747647680938
counter/10/0/0/0,15874:1747647662478:,1747647680938
counter/8/0/0/0,17528:1747647663232:,1747647680938
counter/2/0/0/0,17189:1747647663450:,1747647680938
counter/9/0/0/0,18518:1747647663655:,1747647680938
counter/5/0/0/0,16725:1747647663223:,1747647680938
counter/10/0/0/0,15875:1747647662478:,1747647680938
counter/8/0/0/0,17529:1747647663232:,1747647680938
counter/2/0/0/0,17190:1747647663450:,1747647680938
counter/9/0/0/0,18519:1747647663655:,1747647680938
counter/5/0/0/0,16726:1747647663223:,1747647680938
counter/10/0/0/0,15876:1747647662478:,1747647680938
counter/8/0/0/0,17530:1747647663232:,1747647680938
counter/2/0/0/0,17191:1747647663450:,1747647680938
counter/9/0/0/0,18520:1747647663655:,1747647680938
counter/5/0/0/0,16727:1747647663223:,1747647680938
counter/10/0/0/0,15877:1747647662488:,1747647680938
counter/8/0/0/0,17531:1747647663232:,1747647680939
counter/2/0/0/0,17192:1747647663450:,1747647680939
counter/9/0/0/0,18521:1747647663655:,1747647680939
counter/5/0/0/0,16728:1747647663223:,1747647680939
counter/10/0/0/0,15878:1747647662488:,1747647680939
counter/8/0/0/0,17532:1747647663232:,1747647680939
counter/2/0/0/0,17193:1747647663451:,1747647680939
counter/9/0/0/0,18522:1747647663655:,1747647680939
counter/5/0/0/0,16729:1747647663223:,1747647680939
counter/10/0/0/0,15879:1747647662488:,1747647680939
counter/8/0/0/0,17533:1747647663232:,1747647680939
counter/2/0/0/0,17194:1747647663451:,1747647680939
counter/9/0/0/0,18523:1747647663664:,1747647680939
counter/5/0/0/0,16730:1747647663223:,1747647680939
counter/10/0/0/0,15880:1747647662488:,1747647680939
counter/8/0/0/0,17534:1747647663232:,1747647680939
counter/2/0/0/0,17195:1747647663451:,1747647680939
counter/9/0/0/0,18524:1747647663664:,1747647680939
counter/5/0/0/0,16731:1747647663228:,1747647680939
counter/10/0/0/0,15881:1747647662488:,1747647680939
counter/8/0/0/0,17535:1747647663232:,1747647680939
counter/2/0/0/0,17196:1747647663451:,1747647680939
counter/9/0/0/0,18525:1747647663665:,1747647680939
counter/5/0/0/0,16732:1747647663244:,1747647680939
counter/10/0/0/0,15882:1747647662488:,1747647680939
counter/8/0/0/0,17536:1747647663232:,1747647680939
counter/2/0/0/0,17197:1747647663451:,1747647680939
counter/9/0/0/0,18526:1747647663665:,1747647680939
counter/5/0/0/0,16733:1747647663244:,1747647680939
counter/10/0/0/0,15883:1747647662488:,1747647680939
counter/8/0/0/0,17537:1747647663232:,1747647680939
counter/2/0/0/0,17198:1747647663451:,1747647680939
counter/9/0/0/0,18527:1747647663665:,1747647680939
counter/5/0/0/0,16734:1747647663244:,1747647680939
counter/10/0/0/0,15884:1747647662488:,1747647680939
counter/8/0/0/0,17538:1747647663232:,1747647680939
counter/2/0/0/0,17199:1747647663451:,1747647680939
counter/9/0/0/0,18528:1747647663665:,1747647680939
counter/5/0/0/0,16735:1747647663244:,1747647680939
counter/10/0/0/0,15885:1747647662488:,1747647680939
counter/8/0/0/0,17539:1747647663232:,1747647680940
counter/2/0/0/0,17200:1747647663451:,1747647680940
counter/9/0/0/0,18529:1747647663667:,1747647680940
counter/5/0/0/0,16736:1747647663244:,1747647680940
counter/10/0/0/0,15886:1747647662489:,1747647680940
counter/8/0/0/0,17540:1747647663232:,1747647680940
counter/2/0/0/0,17201:1747647663451:,1747647680940
counter/9/0/0/0,18530:1747647663667:,1747647680940
counter/5/0/0/0,16737:1747647663244:,1747647680940
counter/10/0/0/0,15887:1747647662489:,1747647680940
counter/8/0/0/0,17541:1747647663232:,1747647680940
counter/2/0/0/0,17202:1747647663451:,1747647680940
counter/9/0/0/0,18531:1747647663667:,1747647680940
counter/5/0/0/0,16738:1747647663244:,1747647680940
counter/10/0/0/0,15888:1747647662489:,1747647680940
counter/8/0/0/0,17542:1747647663232:,1747647680940
counter/2/0/0/0,17203:1747647663451:,1747647680940
counter/9/0/0/0,18532:1747647663667:,1747647680940
counter/5/0/0/0,16739:1747647663258:,1747647680940
counter/10/0/0/0,15889:1747647662489:,1747647680940
counter/8/0/0/0,17543:1747647663232:,1747647680940
counter/2/0/0/0,17204:1747647663451:,1747647680940
counter/9/0/0/0,18533:1747647663667:,1747647680940
counter/5/0/0/0,16740:1747647663258:,1747647680940
counter/10/0/0/0,15890:1747647662489:,1747647680940
counter/8/0/0/0,17544:1747647663236:,1747647680940
counter/2/0/0/0,17205:1747647663451:,1747647680940
counter/9/0/0/0,18534:1747647663667:,1747647680940
counter/5/0/0/0,16741:1747647663258:,1747647680940
counter/10/0/0/0,15891:1747647662489:,1747647680940
counter/8/0/0/0,17545:1747647663236:,1747647680940
counter/2/0/0/0,17206:1747647663476:,1747647680940
counter/9/0/0/0,18535:1747647663667:,1747647680940
counter/5/0/0/0,16742:1747647663258:,1747647680940
counter/10/0/0/0,15892:1747647662489:,1747647680940
counter/8/0/0/0,17546:1747647663236:,1747647680940
counter/2/0/0/0,17207:1747647663476:,1747647680940
counter/9/0/0/0,18536:1747647663667:,1747647680940
counter/5/0/0/0,16743:1747647663258:,1747647680940
counter/10/0/0/0,15893:1747647662489:,1747647680940
counter/8/0/0/0,17547:1747647663236:,1747647680940
counter/2/0/0/0,17208:1747647663476:,1747647680940
counter/9/0/0/0,18537:1747647663667:,1747647680940
counter/5/0/0/0,16744:1747647663258:,1747647680940
counter/10/0/0/0,15894:1747647662489:,1747647680941
counter/8/0/0/0,17548:1747647663236:,1747647680941
counter/2/0/0/0,17209:1747647663476:,1747647680941
counter/9/0/0/0,18538:1747647663667:,1747647680941
counter/5/0/0/0,16745:1747647663258:,1747647680941
counter/10/0/0/0,15895:1747647662489:,1747647680941
counter/8/0/0/0,17549:1747647663237:,1747647680941
counter/2/0/0/0,17210:1747647663476:,1747647680941
counter/9/0/0/0,18539:1747647663667:,1747647680941
counter/5/0/0/0,16746:1747647663258:,1747647680941
counter/10/0/0/0,15896:1747647662489:,1747647680941
counter/8/0/0/0,17550:1747647663237:,1747647680941
counter/2/0/0/0,17211:1747647663476:,1747647680941
counter/9/0/0/0,18540:1747647663667:,1747647680941
counter/5/0/0/0,16747:1747647663258:,1747647680941
counter/10/0/0/0,15897:1747647662489:,1747647680941
counter/8/0/0/0,17551:1747647663237:,1747647680941
counter/2/0/0/0,17212:1747647663476:,1747647680941
counter/9/0/0/0,18541:1747647663671:,1747647680941
counter/5/0/0/0,16748:1747647663258:,1747647680941
counter/10/0/0/0,15898:1747647662489:,1747647680941
counter/8/0/0/0,17552:1747647663237:,1747647680941
counter/2/0/0/0,17213:1747647663476:,1747647680941
counter/9/0/0/0,18542:1747647663671:,1747647680941
counter/5/0/0/0,16749:1747647663258:,1747647680941
counter/10/0/0/0,15899:1747647662489:,1747647680941
counter/8/0/0/0,17553:1747647663238:,1747647680941
counter/2/0/0/0,17214:1747647663476:,1747647680941
counter/9/0/0/0,18543:1747647663671:,1747647680941
counter/5/0/0/0,16750:1747647663258:,1747647680941
counter/10/0/0/0,15900:1747647662489:,1747647680941
counter/8/0/0/0,17554:1747647663238:,1747647680941
counter/2/0/0/0,17215:1747647663481:,1747647680941
counter/9/0/0/0,18544:1747647663671:,1747647680941
counter/5/0/0/0,16751:1747647663258:,1747647680941
counter/10/0/0/0,15901:1747647662489:,1747647680941
counter/8/0/0/0,17555:1747647663238:,1747647680941
counter/2/0/0/0,17216:1747647663482:,1747647680941
counter/9/0/0/0,18545:1747647663671:,1747647680941
counter/5/0/0/0,16752:1747647663258:,1747647680941
counter/10/0/0/0,15902:1747647662489:,1747647680942
counter/8/0/0/0,17556:1747647663238:,1747647680942
counter/2/0/0/0,17217:1747647663482:,1747647680942
counter/9/0/0/0,18546:1747647663671:,1747647680942
counter/5/0/0/0,16753:1747647663259:,1747647680942
counter/10/0/0/0,15903:1747647662489:,1747647680942
counter/8/0/0/0,17557:1747647663238:,1747647680942
counter/2/0/0/0,17218:1747647663482:,1747647680942
counter/9/0/0/0,18547:1747647663671:,1747647680942
counter/5/0/0/0,16754:1747647663259:,1747647680942
counter/10/0/0/0,15904:1747647662489:,1747647680942
counter/8/0/0/0,17558:1747647663238:,1747647680942
counter/2/0/0/0,17219:1747647663484:,1747647680942
counter/9/0/0/0,18548:1747647663671:,1747647680942
counter/5/0/0/0,16755:1747647663259:,1747647680942
counter/10/0/0/0,15905:1747647662489:,1747647680942
counter/8/0/0/0,17559:1747647663238:,1747647680942
counter/2/0/0/0,17220:1747647663484:,1747647680942
counter/9/0/0/0,18549:1747647663671:,1747647680942
counter/5/0/0/0,16756:1747647663259:,1747647680942
counter/10/0/0/0,15906:1747647662489:,1747647680942
counter/8/0/0/0,17560:1747647663238:,1747647680942
counter/2/0/0/0,17221:1747647663484:,1747647680942
counter/9/0/0/0,18550:1747647663671:,1747647680942
counter/5/0/0/0,16757:1747647663259:,1747647680942
counter/10/0/0/0,15907:1747647662489:,1747647680942
counter/8/0/0/0,17561:1747647663238:,1747647680942
counter/2/0/0/0,17222:1747647663484:,1747647680942
counter/9/0/0/0,18551:1747647663671:,1747647680942
counter/5/0/0/0,16758:1747647663259:,1747647680942
counter/10/0/0/0,15908:1747647662489:,1747647680942
counter/8/0/0/0,17562:1747647663238:,1747647680942
counter/2/0/0/0,17223:1747647663484:,1747647680942
counter/9/0/0/0,18552:1747647663671:,1747647680942
counter/5/0/0/0,16759:1747647663259:,1747647680942
counter/10/0/0/0,15909:1747647662489:,1747647680942
counter/8/0/0/0,17563:1747647663238:,1747647680942
counter/2/0/0/0,17224:1747647663484:,1747647680942
counter/9/0/0/0,18553:1747647663672:,1747647680942
counter/5/0/0/0,16760:1747647663259:,1747647680942
counter/10/0/0/0,15910:1747647662489:,1747647680942
counter/8/0/0/0,17564:1747647663238:,1747647680942
counter/2/0/0/0,17225:1747647663484:,1747647680942
counter/9/0/0/0,18554:1747647663672:,1747647680942
counter/5/0/0/0,16761:1747647663259:,1747647680943
counter/10/0/0/0,15911:1747647662489:,1747647680943
counter/8/0/0/0,17565:1747647663238:,1747647680943
counter/2/0/0/0,17226:1747647663484:,1747647680943
counter/9/0/0/0,18555:1747647663672:,1747647680943
counter/5/0/0/0,16762:1747647663259:,1747647680943
counter/10/0/0/0,15912:1747647662489:,1747647680943
counter/8/0/0/0,17566:1747647663238:,1747647680943
counter/2/0/0/0,17227:1747647663485:,1747647680943
counter/9/0/0/0,18556:1747647663710:,1747647680943
counter/5/0/0/0,16763:1747647663259:,1747647680943
counter/10/0/0/0,15913:1747647662489:,1747647680943
counter/8/0/0/0,17567:1747647663238:,1747647680943
counter/2/0/0/0,17228:1747647663486:,1747647680943
counter/9/0/0/0,18557:1747647663727:,1747647680943
counter/5/0/0/0,16764:1747647663259:,1747647680943
counter/10/0/0/0,15914:1747647662489:,1747647680943
counter/8/0/0/0,17568:1747647663238:,1747647680943
counter/2/0/0/0,17229:1747647663487:,1747647680943
counter/9/0/0/0,18558:1747647663727:,1747647680943
counter/5/0/0/0,16765:1747647663259:,1747647680943
counter/10/0/0/0,15915:1747647662489:,1747647680943
counter/8/0/0/0,17569:1747647663238:,1747647680943
counter/2/0/0/0,17230:1747647663487:,1747647680943
counter/9/0/0/0,18559:1747647663727:,1747647680943
counter/5/0/0/0,16766:1747647663259:,1747647680943
counter/10/0/0/0,15916:1747647662491:,1747647680943
counter/8/0/0/0,17570:1747647663238:,1747647680943
counter/2/0/0/0,17231:1747647663487:,1747647680943
counter/9/0/0/0,18560:1747647663727:,1747647680943
counter/5/0/0/0,16767:1747647663259:,1747647680943
counter/10/0/0/0,15917:1747647662493:,1747647680943
counter/8/0/0/0,17571:1747647663238:,1747647680943
counter/2/0/0/0,17232:1747647663487:,1747647680943
counter/9/0/0/0,18561:1747647663729:,1747647680943
counter/5/0/0/0,16768:1747647663260:,1747647680943
counter/10/0/0/0,15918:1747647662493:,1747647680943
counter/8/0/0/0,17572:1747647663238:,1747647680943
counter/2/0/0/0,17233:1747647663487:,1747647680943
counter/9/0/0/0,18562:1747647663729:,1747647680943
counter/5/0/0/0,16769:1747647663260:,1747647680943
counter/10/0/0/0,15919:1747647662493:,1747647680943
counter/8/0/0/0,17573:1747647663238:,1747647680943
counter/2/0/0/0,17234:1747647663487:,1747647680943
counter/9/0/0/0,18563:1747647663729:,1747647680944
counter/5/0/0/0,16770:1747647663260:,1747647680944
counter/10/0/0/0,15920:1747647662493:,1747647680944
counter/8/0/0/0,17574:1747647663238:,1747647680944
counter/2/0/0/0,17235:1747647663487:,1747647680944
counter/9/0/0/0,18564:1747647663729:,1747647680944
counter/5/0/0/0,16771:1747647663267:,1747647680944
counter/10/0/0/0,15921:1747647662493:,1747647680944
counter/8/0/0/0,17575:1747647663238:,1747647680944
counter/2/0/0/0,17236:1747647663487:,1747647680944
counter/9/0/0/0,18565:1747647663732:,1747647680944
counter/5/0/0/0,16772:1747647663278:,1747647680944
counter/10/0/0/0,15922:1747647662493:,1747647680944
counter/8/0/0/0,17576:1747647663238:,1747647680944
counter/2/0/0/0,17237:1747647663487:,1747647680944
counter/9/0/0/0,18566:1747647663732:,1747647680944
counter/5/0/0/0,16773:1747647663278:,1747647680944
counter/10/0/0/0,15923:1747647662493:,1747647680944
counter/8/0/0/0,17577:1747647663238:,1747647680944
counter/2/0/0/0,17238:1747647663488:,1747647680944
counter/9/0/0/0,18567:1747647663734:,1747647680944
counter/5/0/0/0,16774:1747647663278:,1747647680944
counter/10/0/0/0,15924:1747647662493:,1747647680944
counter/8/0/0/0,17578:1747647663239:,1747647680944
counter/2/0/0/0,17239:1747647663488:,1747647680944
counter/9/0/0/0,18568:1747647663734:,1747647680944
counter/5/0/0/0,16775:1747647663278:,1747647680944
counter/10/0/0/0,15925:1747647662493:,1747647680944
counter/8/0/0/0,17579:1747647663239:,1747647680944
counter/2/0/0/0,17240:1747647663488:,1747647680944
counter/9/0/0/0,18569:1747647663734:,1747647680944
counter/5/0/0/0,16776:1747647663278:,1747647680944
counter/10/0/0/0,15926:1747647662512:,1747647680944
counter/8/0/0/0,17580:1747647663239:,1747647680944
counter/2/0/0/0,17241:1747647663488:,1747647680944
counter/9/0/0/0,18570:1747647663734:,1747647680944
counter/5/0/0/0,16777:1747647663278:,1747647680944
counter/10/0/0/0,15927:1747647662512:,1747647680944
counter/8/0/0/0,17581:1747647663239:,1747647680944
counter/4/0/0/0,16663:1747647664566:,1747647680944
counter/7/0/0/0,15852:1747647662508:,1747647680944
counter/2/0/0/0,17242:1747647663488:,1747647680945
counter/9/0/0/0,18571:1747647663734:,1747647680945
counter/5/0/0/0,16778:1747647663278:,1747647680945
counter/10/0/0/0,15928:1747647662512:,1747647680945
counter/8/0/0/0,17582:1747647663239:,1747647680945
counter/2/0/0/0,17243:1747647663488:,1747647680945
counter/9/0/0/0,18572:1747647663734:,1747647680945
counter/5/0/0/0,16779:1747647663278:,1747647680945
counter/10/0/0/0,15929:1747647662512:,1747647680945
counter/8/0/0/0,17583:1747647663239:,1747647680945
counter/2/0/0/0,17244:1747647663488:,1747647680945
counter/9/0/0/0,18573:1747647663734:,1747647680945
counter/5/0/0/0,16780:1747647663282:,1747647680945
counter/10/0/0/0,15930:1747647662512:,1747647680945
counter/8/0/0/0,17584:1747647663239:,1747647680945
counter/2/0/0/0,17245:1747647663488:,1747647680945
counter/9/0/0/0,18574:1747647663734:,1747647680945
counter/5/0/0/0,16781:1747647663282:,1747647680945
counter/10/0/0/0,15931:1747647662512:,1747647680945
counter/8/0/0/0,17585:1747647663239:,1747647680945
counter/2/0/0/0,17246:1747647663488:,1747647680945
counter/9/0/0/0,18575:1747647663734:,1747647680945
counter/5/0/0/0,16782:1747647663282:,1747647680945
counter/10/0/0/0,15932:1747647662512:,1747647680945
counter/8/0/0/0,17586:1747647663239:,1747647680945
counter/2/0/0/0,17247:1747647663501:,1747647680945
counter/9/0/0/0,18576:1747647663735:,1747647680945
counter/5/0/0/0,16783:1747647663286:,1747647680945
counter/10/0/0/0,15933:1747647662512:,1747647680945
counter/8/0/0/0,17587:1747647663240:,1747647680945
counter/2/0/0/0,17248:1747647663501:,1747647680945
counter/9/0/0/0,18577:1747647663735:,1747647680945
counter/5/0/0/0,16784:1747647663286:,1747647680945
counter/10/0/0/0,15934:1747647662512:,1747647680945
counter/8/0/0/0,17588:1747647663240:,1747647680945
counter/2/0/0/0,17249:1747647663507:,1747647680945
counter/9/0/0/0,18578:1747647663735:,1747647680945
counter/5/0/0/0,16785:1747647663286:,1747647680945
counter/10/0/0/0,15935:1747647662512:,1747647680945
counter/8/0/0/0,17589:1747647663240:,1747647680945
counter/2/0/0/0,17250:1747647663507:,1747647680945
counter/9/0/0/0,18579:1747647663735:,1747647680945
counter/5/0/0/0,16786:1747647663286:,1747647680945
counter/10/0/0/0,15936:1747647662512:,1747647680946
counter/2/0/0/0,17251:1747647663507:,1747647680946
counter/9/0/0/0,18580:1747647663735:,1747647680946
counter/5/0/0/0,16787:1747647663286:,1747647680946
counter/10/0/0/0,15937:1747647662512:,1747647680946
counter/2/0/0/0,17252:1747647663507:,1747647680946
counter/9/0/0/0,18581:1747647663735:,1747647680946
counter/10/0/0/0,15938:1747647662512:,1747647680946
counter/2/0/0/0,17253:1747647663508:,1747647680946
counter/9/0/0/0,18582:1747647663735:,1747647680946
counter/10/0/0/0,15939:1747647662512:,1747647680946
counter/2/0/0/0,17254:1747647663510:,1747647680946
counter/9/0/0/0,18583:1747647663739:,1747647680946
counter/10/0/0/0,15940:1747647662512:,1747647680946
counter/2/0/0/0,17255:1747647663510:,1747647680946
counter/9/0/0/0,18584:1747647663741:,1747647680946
counter/10/0/0/0,15941:1747647662512:,1747647680946
counter/2/0/0/0,17256:1747647663510:,1747647680946
counter/9/0/0/0,18585:1747647663741:,1747647680946
counter/10/0/0/0,15942:1747647662512:,1747647680946
counter/2/0/0/0,17257:1747647663510:,1747647680946
counter/9/0/0/0,18586:1747647663741:,1747647680946
counter/10/0/0/0,15943:1747647662514:,1747647680946
counter/2/0/0/0,17258:1747647663511:,1747647680946
counter/9/0/0/0,18587:1747647663741:,1747647680946
counter/10/0/0/0,15944:1747647662514:,1747647680946
counter/2/0/0/0,17259:1747647663511:,1747647680946
counter/9/0/0/0,18588:1747647663754:,1747647680946
counter/10/0/0/0,15945:1747647662514:,1747647680946
counter/2/0/0/0,17260:1747647663511:,1747647680946
counter/9/0/0/0,18589:1747647663754:,1747647680946
counter/10/0/0/0,15946:1747647662514:,1747647680946
counter/2/0/0/0,17261:1747647663511:,1747647680946
counter/9/0/0/0,18590:1747647663754:,1747647680946
counter/10/0/0/0,15947:1747647662514:,1747647680946
counter/2/0/0/0,17262:1747647663511:,1747647680946
counter/9/0/0/0,18591:1747647663754:,1747647680946
counter/10/0/0/0,15948:1747647662514:,1747647680946
counter/7/0/0/0,15853:1747647662508:,1747647680946
counter/2/0/0/0,17263:1747647663511:,1747647680946
counter/9/0/0/0,18592:1747647663754:,1747647680947
counter/10/0/0/0,15949:1747647662514:,1747647680947
counter/3/0/0/0,17262:1747647664466:,1747647680947
counter/5/0/0/0,16788:1747647663286:,1747647680947
counter/1/0/0/0,17902:1747647664641:,1747647680947
counter/2/0/0/0,17264:1747647663511:,1747647680947
counter/9/0/0/0,18593:1747647663754:,1747647680947
counter/10/0/0/0,15950:1747647662514:,1747647680947
counter/5/0/0/0,16789:1747647663286:,1747647680947
counter/2/0/0/0,17265:1747647663511:,1747647680947
counter/9/0/0/0,18594:1747647663754:,1747647680947
counter/10/0/0/0,15951:1747647662514:,1747647680947
counter/5/0/0/0,16790:1747647663286:,1747647680947
counter/2/0/0/0,17266:1747647663516:,1747647680947
counter/9/0/0/0,18595:1747647663754:,1747647680947
counter/10/0/0/0,15952:1747647662514:,1747647680947
counter/5/0/0/0,16791:1747647663286:,1747647680947
counter/2/0/0/0,17267:1747647663517:,1747647680947
counter/9/0/0/0,18596:1747647663754:,1747647680947
counter/10/0/0/0,15953:1747647662514:,1747647680947
counter/5/0/0/0,16792:1747647663286:,1747647680947
counter/2/0/0/0,17268:1747647663517:,1747647680947
counter/9/0/0/0,18597:1747647663754:,1747647680947
counter/10/0/0/0,15954:1747647662514:,1747647680947
counter/5/0/0/0,16793:1747647663289:,1747647680947
counter/2/0/0/0,17269:1747647663517:,1747647680947
counter/9/0/0/0,18598:1747647663755:,1747647680947
counter/10/0/0/0,15955:1747647662514:,1747647680947
counter/5/0/0/0,16794:1747647663289:,1747647680947
counter/2/0/0/0,17270:1747647663517:,1747647680947
counter/9/0/0/0,18599:1747647663755:,1747647680947
counter/10/0/0/0,15956:1747647662514:,1747647680947
counter/5/0/0/0,16795:1747647663289:,1747647680947
counter/2/0/0/0,17271:1747647663517:,1747647680947
counter/9/0/0/0,18600:1747647663763:,1747647680947
counter/10/0/0/0,15957:1747647662514:,1747647680947
counter/5/0/0/0,16796:1747647663289:,1747647680947
counter/2/0/0/0,17272:1747647663517:,1747647680947
counter/9/0/0/0,18601:1747647663763:,1747647680947
counter/10/0/0/0,15958:1747647662529:,1747647680947
counter/5/0/0/0,16797:1747647663289:,1747647680947
counter/2/0/0/0,17273:1747647663517:,1747647680947
counter/9/0/0/0,18602:1747647663764:,1747647680947
counter/10/0/0/0,15959:1747647662529:,1747647680948
counter/5/0/0/0,16798:1747647663289:,1747647680948
counter/2/0/0/0,17274:1747647663517:,1747647680948
counter/9/0/0/0,18603:1747647663764:,1747647680948
counter/10/0/0/0,15960:1747647662529:,1747647680948
counter/5/0/0/0,16799:1747647663289:,1747647680948
counter/2/0/0/0,17275:1747647663517:,1747647680948
counter/9/0/0/0,18604:1747647663764:,1747647680948
counter/10/0/0/0,15961:1747647662529:,1747647680948
counter/5/0/0/0,16800:1747647663289:,1747647680948
counter/2/0/0/0,17276:1747647663517:,1747647680948
counter/9/0/0/0,18605:1747647663768:,1747647680948
counter/10/0/0/0,15962:1747647662529:,1747647680948
counter/5/0/0/0,16801:1747647663289:,1747647680948
counter/2/0/0/0,17277:1747647663517:,1747647680948
counter/9/0/0/0,18606:1747647663768:,1747647680948
counter/10/0/0/0,15963:1747647662529:,1747647680948
counter/5/0/0/0,16802:1747647663289:,1747647680948
counter/2/0/0/0,17278:1747647663520:,1747647680948
counter/9/0/0/0,18607:1747647663768:,1747647680948
counter/10/0/0/0,15964:1747647662529:,1747647680948
counter/5/0/0/0,16803:1747647663289:,1747647680948
counter/2/0/0/0,17279:1747647663520:,1747647680948
counter/9/0/0/0,18608:1747647663768:,1747647680948
counter/10/0/0/0,15965:1747647662529:,1747647680948
counter/5/0/0/0,16804:1747647663289:,1747647680948
counter/2/0/0/0,17280:1747647663520:,1747647680948
counter/9/0/0/0,18609:1747647663768:,1747647680948
counter/10/0/0/0,15966:1747647662529:,1747647680948
counter/5/0/0/0,16805:1747647663289:,1747647680948
counter/2/0/0/0,17281:1747647663520:,1747647680948
counter/9/0/0/0,18610:1747647663768:,1747647680948
counter/10/0/0/0,15967:1747647662529:,1747647680948
counter/5/0/0/0,16806:1747647663289:,1747647680948
counter/2/0/0/0,17282:1747647663520:,1747647680948
counter/9/0/0/0,18611:1747647663768:,1747647680948
counter/10/0/0/0,15968:1747647662529:,1747647680948
counter/5/0/0/0,16807:1747647663289:,1747647680948
counter/2/0/0/0,17283:1747647663520:,1747647680948
counter/9/0/0/0,18612:1747647663768:,1747647680948
counter/10/0/0/0,15969:1747647662530:,1747647680948
counter/5/0/0/0,16808:1747647663289:,1747647680949
counter/2/0/0/0,17284:1747647663520:,1747647680949
counter/9/0/0/0,18613:1747647663768:,1747647680949
counter/10/0/0/0,15970:1747647662530:,1747647680949
counter/5/0/0/0,16809:1747647663289:,1747647680949
counter/2/0/0/0,17285:1747647663520:,1747647680949
counter/9/0/0/0,18614:1747647663768:,1747647680949
counter/10/0/0/0,15971:1747647662530:,1747647680949
counter/5/0/0/0,16810:1747647663289:,1747647680949
counter/2/0/0/0,17286:1747647663520:,1747647680949
counter/9/0/0/0,18615:1747647663768:,1747647680949
counter/10/0/0/0,15972:1747647662530:,1747647680949
counter/5/0/0/0,16811:1747647663289:,1747647680949
counter/6/0/0/0,16223:1747647663277:,1747647680949
counter/2/0/0/0,17287:1747647663520:,1747647680949
counter/9/0/0/0,18616:1747647663768:,1747647680949
counter/10/0/0/0,15973:1747647662530:,1747647680949
counter/5/0/0/0,16812:1747647663289:,1747647680949
counter/2/0/0/0,17288:1747647663520:,1747647680949
counter/9/0/0/0,18617:1747647663768:,1747647680949
counter/10/0/0/0,15974:1747647662530:,1747647680949
counter/5/0/0/0,16813:1747647663289:,1747647680949
counter/1/0/0/0,17903:1747647664641:,1747647680949
counter/2/0/0/0,17289:1747647663520:,1747647680949
counter/9/0/0/0,18618:1747647663779:,1747647680949
counter/10/0/0/0,15975:1747647662530:,1747647680949
counter/5/0/0/0,16814:1747647663289:,1747647680949
counter/2/0/0/0,17290:1747647663520:,1747647680949
counter/9/0/0/0,18619:1747647663779:,1747647680949
counter/10/0/0/0,15976:1747647662531:,1747647680949
counter/5/0/0/0,16815:1747647663289:,1747647680949
counter/2/0/0/0,17291:1747647663520:,1747647680949
counter/9/0/0/0,18620:1747647663779:,1747647680949
counter/10/0/0/0,15977:1747647662531:,1747647680949
counter/5/0/0/0,16816:1747647663289:,1747647680949
counter/2/0/0/0,17292:1747647663520:,1747647680949
counter/9/0/0/0,18621:1747647663779:,1747647680949
counter/10/0/0/0,15978:1747647662531:,1747647680949
counter/5/0/0/0,16817:1747647663289:,1747647680949
counter/2/0/0/0,17293:1747647663520:,1747647680949
counter/9/0/0/0,18622:1747647663779:,1747647680949
counter/10/0/0/0,15979:1747647662531:,1747647680949
counter/5/0/0/0,16818:1747647663289:,1747647680949
counter/2/0/0/0,17294:1747647663522:,1747647680950
counter/9/0/0/0,18623:1747647663779:,1747647680950
counter/10/0/0/0,15980:1747647662531:,1747647680950
counter/5/0/0/0,16819:1747647663289:,1747647680950
counter/2/0/0/0,17295:1747647663522:,1747647680950
counter/9/0/0/0,18624:1747647663779:,1747647680950
counter/10/0/0/0,15981:1747647662531:,1747647680950
counter/5/0/0/0,16820:1747647663295:,1747647680950
counter/2/0/0/0,17296:1747647663522:,1747647680950
counter/9/0/0/0,18625:1747647663783:,1747647680950
counter/10/0/0/0,15982:1747647662541:,1747647680950
counter/5/0/0/0,16821:1747647663295:,1747647680950
counter/2/0/0/0,17297:1747647663522:,1747647680950
counter/9/0/0/0,18626:1747647663783:,1747647680950
counter/10/0/0/0,15983:1747647662541:,1747647680950
counter/5/0/0/0,16822:1747647663295:,1747647680950
counter/2/0/0/0,17298:1747647663522:,1747647680950
counter/9/0/0/0,18627:1747647663788:,1747647680950
counter/10/0/0/0,15984:1747647662541:,1747647680950
counter/5/0/0/0,16823:1747647663295:,1747647680950
counter/2/0/0/0,17299:1747647663522:,1747647680950
counter/9/0/0/0,18628:1747647663788:,1747647680950
counter/10/0/0/0,15985:1747647662541:,1747647680950
counter/5/0/0/0,16824:1747647663295:,1747647680950
counter/2/0/0/0,17300:1747647663522:,1747647680950
counter/9/0/0/0,18629:1747647663788:,1747647680950
counter/10/0/0/0,15986:1747647662541:,1747647680950
counter/5/0/0/0,16825:1747647663300:,1747647680950
counter/2/0/0/0,17301:1747647663522:,1747647680950
counter/9/0/0/0,18630:1747647663788:,1747647680950
counter/10/0/0/0,15987:1747647662541:,1747647680950
counter/5/0/0/0,16826:1747647663300:,1747647680950
counter/2/0/0/0,17302:1747647663522:,1747647680950
counter/9/0/0/0,18631:1747647663788:,1747647680950
counter/10/0/0/0,15988:1747647662541:,1747647680950
counter/5/0/0/0,16827:1747647663300:,1747647680950
counter/2/0/0/0,17303:1747647663528:,1747647680950
counter/9/0/0/0,18632:1747647663788:,1747647680950
counter/10/0/0/0,15989:1747647662541:,1747647680950
counter/5/0/0/0,16828:1747647663300:,1747647680950
counter/2/0/0/0,17304:1747647663530:,1747647680950
counter/9/0/0/0,18633:1747647663788:,1747647680950
counter/10/0/0/0,15990:1747647662541:,1747647680950
counter/5/0/0/0,16829:1747647663300:,1747647680950
counter/2/0/0/0,17305:1747647663530:,1747647680950
counter/9/0/0/0,18634:1747647663788:,1747647680951
counter/10/0/0/0,15991:1747647662541:,1747647680951
counter/5/0/0/0,16830:1747647663301:,1747647680951
counter/2/0/0/0,17306:1747647663530:,1747647680951
counter/9/0/0/0,18635:1747647663788:,1747647680951
counter/10/0/0/0,15992:1747647662541:,1747647680951
counter/5/0/0/0,16831:1747647663301:,1747647680951
counter/2/0/0/0,17307:1747647663530:,1747647680951
counter/9/0/0/0,18636:1747647663788:,1747647680951
counter/10/0/0/0,15993:1747647662541:,1747647680951
counter/5/0/0/0,16832:1747647663301:,1747647680951
counter/2/0/0/0,17308:1747647663530:,1747647680951
counter/9/0/0/0,18637:1747647663788:,1747647680951
counter/10/0/0/0,15994:1747647662541:,1747647680951
counter/5/0/0/0,16833:1747647663301:,1747647680951
counter/2/0/0/0,17309:1747647663530:,1747647680951
counter/9/0/0/0,18638:1747647663788:,1747647680951
counter/10/0/0/0,15995:1747647662541:,1747647680951
counter/5/0/0/0,16834:1747647663304:,1747647680951
counter/2/0/0/0,17310:1747647663530:,1747647680951
counter/9/0/0/0,18639:1747647663788:,1747647680951
counter/10/0/0/0,15996:1747647662541:,1747647680951
counter/5/0/0/0,16835:1747647663305:,1747647680951
counter/2/0/0/0,17311:1747647663530:,1747647680951
counter/9/0/0/0,18640:1747647663788:,1747647680951
counter/10/0/0/0,15997:1747647662541:,1747647680951
counter/5/0/0/0,16836:1747647663305:,1747647680951
counter/2/0/0/0,17312:1747647663530:,1747647680951
counter/9/0/0/0,18641:1747647663788:,1747647680951
counter/10/0/0/0,15998:1747647662541:,1747647680951
counter/5/0/0/0,16837:1747647663305:,1747647680951
counter/2/0/0/0,17313:1747647663536:,1747647680951
counter/9/0/0/0,18642:1747647663788:,1747647680951
counter/10/0/0/0,15999:1747647662541:,1747647680951
counter/5/0/0/0,16838:1747647663305:,1747647680951
counter/2/0/0/0,17314:1747647663536:,1747647680951
counter/9/0/0/0,18643:1747647663802:,1747647680951
counter/10/0/0/0,16000:1747647662542:,1747647680951
counter/5/0/0/0,16839:1747647663305:,1747647680951
counter/8/0/0/0,17590:1747647663240:,1747647680951
counter/4/0/0/0,16664:1747647664566:,1747647680952
counter/7/0/0/0,15854:1747647662508:,1747647680952
counter/2/0/0/0,17315:1747647663536:,1747647680952
counter/9/0/0/0,18644:1747647663802:,1747647680952
counter/10/0/0/0,16001:1747647662542:,1747647680952
counter/5/0/0/0,16840:1747647663305:,1747647680952
counter/8/0/0/0,17591:1747647663240:,1747647680952
counter/4/0/0/0,16665:1747647664580:,1747647680952
counter/2/0/0/0,17316:1747647663536:,1747647680952
counter/9/0/0/0,18645:1747647663802:,1747647680952
counter/10/0/0/0,16002:1747647662542:,1747647680952
counter/5/0/0/0,16841:1747647663305:,1747647680952
counter/8/0/0/0,17592:1747647663240:,1747647680952
counter/2/0/0/0,17317:1747647663537:,1747647680952
counter/9/0/0/0,18646:1747647663802:,1747647680952
counter/10/0/0/0,16003:1747647662542:,1747647680952
counter/5/0/0/0,16842:1747647663305:,1747647680952
counter/8/0/0/0,17593:1747647663244:,1747647680952
counter/2/0/0/0,17318:1747647663537:,1747647680952
counter/9/0/0/0,18647:1747647663802:,1747647680952
counter/10/0/0/0,16004:1747647662542:,1747647680952
counter/5/0/0/0,16843:1747647663305:,1747647680952
counter/8/0/0/0,17594:1747647663244:,1747647680952
counter/2/0/0/0,17319:1747647663537:,1747647680952
counter/9/0/0/0,18648:1747647663802:,1747647680952
counter/10/0/0/0,16005:1747647662542:,1747647680952
counter/5/0/0/0,16844:1747647663305:,1747647680952
counter/8/0/0/0,17595:1747647663245:,1747647680952
counter/2/0/0/0,17320:1747647663537:,1747647680952
counter/9/0/0/0,18649:1747647663802:,1747647680952
counter/5/0/0/0,16845:1747647663308:,1747647680952
counter/2/0/0/0,17321:1747647663537:,1747647680952
counter/9/0/0/0,18650:1747647663802:,1747647680952
counter/5/0/0/0,16846:1747647663308:,1747647680952
counter/2/0/0/0,17322:1747647663537:,1747647680952
counter/9/0/0/0,18651:1747647663802:,1747647680952
counter/5/0/0/0,16847:1747647663309:,1747647680952
counter/2/0/0/0,17323:1747647663537:,1747647680952
counter/9/0/0/0,18652:1747647663802:,1747647680952
counter/5/0/0/0,16848:1747647663309:,1747647680952
counter/2/0/0/0,17324:1747647663537:,1747647680952
counter/9/0/0/0,18653:1747647663802:,1747647680952
counter/5/0/0/0,16849:1747647663309:,1747647680952
counter/2/0/0/0,17325:1747647663537:,1747647680952
counter/9/0/0/0,18654:1747647663810:,1747647680953
counter/5/0/0/0,16850:1747647663309:,1747647680953
counter/2/0/0/0,17326:1747647663537:,1747647680953
counter/9/0/0/0,18655:1747647663810:,1747647680953
counter/5/0/0/0,16851:1747647663309:,1747647680953
counter/2/0/0/0,17327:1747647663537:,1747647680953
counter/9/0/0/0,18656:1747647663810:,1747647680953
counter/5/0/0/0,16852:1747647663309:,1747647680953
counter/2/0/0/0,17328:1747647663537:,1747647680953
counter/9/0/0/0,18657:1747647663810:,1747647680953
counter/5/0/0/0,16853:1747647663309:,1747647680953
counter/2/0/0/0,17329:1747647663537:,1747647680953
counter/9/0/0/0,18658:1747647663810:,1747647680953
counter/5/0/0/0,16854:1747647663309:,1747647680953
counter/2/0/0/0,17330:1747647663537:,1747647680953
counter/9/0/0/0,18659:1747647663810:,1747647680953
counter/5/0/0/0,16855:1747647663309:,1747647680953
counter/2/0/0/0,17331:1747647663537:,1747647680953
counter/9/0/0/0,18660:1747647663810:,1747647680953
counter/5/0/0/0,16856:1747647663309:,1747647680953
counter/2/0/0/0,17332:1747647663537:,1747647680953
counter/9/0/0/0,18661:1747647663810:,1747647680953
counter/5/0/0/0,16857:1747647663309:,1747647680953
counter/2/0/0/0,17333:1747647663537:,1747647680953
counter/9/0/0/0,18662:1747647663810:,1747647680953
counter/5/0/0/0,16858:1747647663309:,1747647680953
counter/2/0/0/0,17334:1747647663537:,1747647680953
counter/9/0/0/0,18663:1747647663810:,1747647680953
counter/5/0/0/0,16859:1747647663312:,1747647680953
counter/2/0/0/0,17335:1747647663537:,1747647680953
counter/9/0/0/0,18664:1747647663810:,1747647680953
counter/5/0/0/0,16860:1747647663312:,1747647680953
counter/2/0/0/0,17336:1747647663537:,1747647680953
counter/9/0/0/0,18665:1747647663810:,1747647680953
counter/5/0/0/0,16861:1747647663312:,1747647680953
counter/2/0/0/0,17337:1747647663537:,1747647680953
counter/9/0/0/0,18666:1747647663810:,1747647680953
counter/5/0/0/0,16862:1747647663312:,1747647680953
counter/2/0/0/0,17338:1747647663537:,1747647680953
counter/9/0/0/0,18667:1747647663811:,1747647680953
counter/5/0/0/0,16863:1747647663312:,1747647680953
counter/2/0/0/0,17339:1747647663537:,1747647680953
counter/9/0/0/0,18668:1747647663811:,1747647680954
counter/5/0/0/0,16864:1747647663312:,1747647680954
counter/2/0/0/0,17340:1747647663537:,1747647680954
counter/9/0/0/0,18669:1747647663811:,1747647680954
counter/5/0/0/0,16865:1747647663312:,1747647680954
counter/2/0/0/0,17341:1747647663537:,1747647680954
counter/9/0/0/0,18670:1747647663822:,1747647680954
counter/5/0/0/0,16866:1747647663312:,1747647680954
counter/2/0/0/0,17342:1747647663537:,1747647680954
counter/9/0/0/0,18671:1747647663822:,1747647680954
counter/5/0/0/0,16867:1747647663312:,1747647680954
counter/2/0/0/0,17343:1747647663537:,1747647680954
counter/9/0/0/0,18672:1747647663822:,1747647680954
counter/5/0/0/0,16868:1747647663313:,1747647680954
counter/2/0/0/0,17344:1747647663538:,1747647680954
counter/9/0/0/0,18673:1747647663822:,1747647680954
counter/5/0/0/0,16869:1747647663313:,1747647680954
counter/2/0/0/0,17345:1747647663538:,1747647680954
counter/9/0/0/0,18674:1747647663822:,1747647680954
counter/5/0/0/0,16870:1747647663314:,1747647680954
counter/2/0/0/0,17346:1747647663538:,1747647680954
counter/9/0/0/0,18675:1747647663822:,1747647680954
counter/5/0/0/0,16871:1747647663314:,1747647680954
counter/2/0/0/0,17347:1747647663538:,1747647680954
counter/9/0/0/0,18676:1747647663822:,1747647680954
counter/5/0/0/0,16872:1747647663314:,1747647680954
counter/2/0/0/0,17348:1747647663538:,1747647680954
counter/9/0/0/0,18677:1747647663822:,1747647680954
counter/5/0/0/0,16873:1747647663314:,1747647680954
counter/2/0/0/0,17349:1747647663538:,1747647680954
counter/9/0/0/0,18678:1747647663822:,1747647680954
counter/5/0/0/0,16874:1747647663314:,1747647680954
counter/2/0/0/0,17350:1747647663538:,1747647680954
counter/9/0/0/0,18679:1747647663822:,1747647680954
counter/5/0/0/0,16875:1747647663314:,1747647680954
counter/2/0/0/0,17351:1747647663538:,1747647680954
counter/9/0/0/0,18680:1747647663823:,1747647680954
counter/5/0/0/0,16876:1747647663314:,1747647680954
counter/2/0/0/0,17352:1747647663538:,1747647680954
counter/9/0/0/0,18681:1747647663823:,1747647680954
counter/5/0/0/0,16877:1747647663314:,1747647680954
counter/2/0/0/0,17353:1747647663538:,1747647680954
counter/9/0/0/0,18682:1747647663832:,1747647680954
counter/5/0/0/0,16878:1747647663314:,1747647680954
counter/2/0/0/0,17354:1747647663538:,1747647680955
counter/9/0/0/0,18683:1747647663832:,1747647680955
counter/5/0/0/0,16879:1747647663314:,1747647680955
counter/2/0/0/0,17355:1747647663538:,1747647680955
counter/9/0/0/0,18684:1747647663832:,1747647680955
counter/5/0/0/0,16880:1747647663314:,1747647680955
counter/2/0/0/0,17356:1747647663538:,1747647680955
counter/9/0/0/0,18685:1747647663832:,1747647680955
counter/5/0/0/0,16881:1747647663314:,1747647680955
counter/2/0/0/0,17357:1747647663540:,1747647680955
counter/9/0/0/0,18686:1747647663832:,1747647680955
counter/5/0/0/0,16882:1747647663314:,1747647680955
counter/2/0/0/0,17358:1747647663541:,1747647680955
counter/9/0/0/0,18687:1747647663832:,1747647680955
counter/5/0/0/0,16883:1747647663314:,1747647680955
counter/2/0/0/0,17359:1747647663541:,1747647680955
counter/9/0/0/0,18688:1747647663832:,1747647680955
counter/5/0/0/0,16884:1747647663327:,1747647680955
counter/2/0/0/0,17360:1747647663541:,1747647680955
counter/9/0/0/0,18689:1747647663832:,1747647680955
counter/5/0/0/0,16885:1747647663327:,1747647680955
counter/2/0/0/0,17361:1747647663541:,1747647680955
counter/9/0/0/0,18690:1747647663832:,1747647680955
counter/5/0/0/0,16886:1747647663328:,1747647680955
counter/2/0/0/0,17362:1747647663541:,1747647680955
counter/9/0/0/0,18691:1747647663832:,1747647680955
counter/5/0/0/0,16887:1747647663328:,1747647680955
counter/4/0/0/0,16666:1747647664580:,1747647680955
counter/2/0/0/0,17363:1747647663541:,1747647680955
counter/9/0/0/0,18692:1747647663832:,1747647680955
counter/5/0/0/0,16888:1747647663328:,1747647680955
counter/2/0/0/0,17364:1747647663542:,1747647680955
counter/9/0/0/0,18693:1747647663832:,1747647680955
counter/5/0/0/0,16889:1747647663328:,1747647680955
counter/2/0/0/0,17365:1747647663544:,1747647680955
counter/9/0/0/0,18694:1747647663832:,1747647680955
counter/5/0/0/0,16890:1747647663328:,1747647680955
counter/2/0/0/0,17366:1747647663544:,1747647680955
counter/9/0/0/0,18695:1747647663832:,1747647680955
counter/5/0/0/0,16891:1747647663328:,1747647680955
counter/2/0/0/0,17367:1747647663544:,1747647680956
counter/9/0/0/0,18696:1747647663832:,1747647680956
counter/5/0/0/0,16892:1747647663328:,1747647680956
counter/2/0/0/0,17368:1747647663544:,1747647680956
counter/9/0/0/0,18697:1747647663832:,1747647680956
counter/5/0/0/0,16893:1747647663328:,1747647680956
counter/2/0/0/0,17369:1747647663544:,1747647680956
counter/9/0/0/0,18698:1747647663833:,1747647680956
counter/5/0/0/0,16894:1747647663341:,1747647680956
counter/2/0/0/0,17370:1747647663544:,1747647680956
counter/9/0/0/0,18699:1747647663833:,1747647680956
counter/5/0/0/0,16895:1747647663341:,1747647680956
counter/2/0/0/0,17371:1747647663544:,1747647680956
counter/9/0/0/0,18700:1747647663850:,1747647680956
counter/5/0/0/0,16896:1747647663341:,1747647680956
counter/2/0/0/0,17372:1747647663544:,1747647680956
counter/9/0/0/0,18701:1747647663850:,1747647680956
counter/5/0/0/0,16897:1747647663341:,1747647680956
counter/2/0/0/0,17373:1747647663544:,1747647680956
counter/9/0/0/0,18702:1747647663850:,1747647680956
counter/5/0/0/0,16898:1747647663341:,1747647680956
counter/2/0/0/0,17374:1747647663544:,1747647680956
counter/9/0/0/0,18703:1747647663851:,1747647680956
counter/5/0/0/0,16899:1747647663354:,1747647680956
counter/2/0/0/0,17375:1747647663544:,1747647680956
counter/9/0/0/0,18704:1747647663866:,1747647680956
counter/5/0/0/0,16900:1747647663355:,1747647680956
counter/2/0/0/0,17376:1747647663544:,1747647680956
counter/9/0/0/0,18705:1747647663866:,1747647680956
counter/5/0/0/0,16901:1747647663355:,1747647680956
counter/8/0/0/0,17596:1747647663245:,1747647680956
counter/1/0/0/0,17904:1747647664641:,1747647680956
counter/2/0/0/0,17377:1747647663544:,1747647680956
counter/9/0/0/0,18706:1747647663866:,1747647680956
counter/5/0/0/0,16902:1747647663363:,1747647680956
counter/3/0/0/0,17263:1747647664466:,1747647680956
counter/7/0/0/0,15855:1747647662508:,1747647680956
counter/2/0/0/0,17378:1747647663544:,1747647680956
counter/9/0/0/0,18707:1747647663866:,1747647680956
counter/5/0/0/0,16903:1747647663363:,1747647680956
counter/7/0/0/0,15856:1747647662508:,1747647680956
counter/2/0/0/0,17379:1747647663544:,1747647680956
counter/9/0/0/0,18708:1747647663866:,1747647680956
counter/5/0/0/0,16904:1747647663363:,1747647680956
counter/7/0/0/0,15857:1747647662508:,1747647680956
counter/1/0/0/0,17905:1747647664641:,1747647680956
counter/3/0/0/0,17264:1747647664466:,1747647680957
counter/2/0/0/0,17380:1747647663545:,1747647680957
counter/9/0/0/0,18709:1747647663866:,1747647680957
counter/5/0/0/0,16905:1747647663363:,1747647680957
counter/7/0/0/0,15858:1747647662508:,1747647680957
counter/3/0/0/0,17265:1747647664466:,1747647680957
counter/2/0/0/0,17381:1747647663545:,1747647680957
counter/9/0/0/0,18710:1747647663866:,1747647680957
counter/5/0/0/0,16906:1747647663363:,1747647680957
counter/7/0/0/0,15859:1747647662508:,1747647680957
counter/3/0/0/0,17266:1747647664466:,1747647680957
counter/2/0/0/0,17382:1747647663545:,1747647680957
counter/9/0/0/0,18711:1747647663866:,1747647680957
counter/5/0/0/0,16907:1747647663363:,1747647680957
counter/7/0/0/0,15860:1747647662508:,1747647680957
counter/3/0/0/0,17267:1747647664466:,1747647680957
counter/6/0/0/0,16224:1747647663277:,1747647680957
counter/1/0/0/0,17906:1747647664641:,1747647680957
counter/2/0/0/0,17383:1747647663545:,1747647680957
counter/9/0/0/0,18712:1747647663866:,1747647680957
counter/5/0/0/0,16908:1747647663363:,1747647680957
counter/7/0/0/0,15861:1747647662508:,1747647680957
counter/3/0/0/0,17268:1747647664466:,1747647680957
counter/10/0/0/0,16006:1747647662542:,1747647680957
counter/4/0/0/0,16667:1747647664580:,1747647680957
counter/2/0/0/0,17384:1747647663545:,1747647680957
counter/9/0/0/0,18713:1747647664379:,1747647680957
counter/5/0/0/0,16909:1747647663363:,1747647680957
counter/7/0/0/0,15862:1747647662508:,1747647680957
counter/3/0/0/0,17269:1747647664469:,1747647680957
counter/10/0/0/0,16007:1747647662542:,1747647680957
counter/2/0/0/0,17385:1747647663548:,1747647680957
counter/9/0/0/0,18714:1747647664380:,1747647680957
counter/5/0/0/0,16910:1747647663363:,1747647680957
counter/3/0/0/0,17270:1747647664469:,1747647680957
counter/10/0/0/0,16008:1747647662542:,1747647680957
counter/2/0/0/0,17386:1747647663548:,1747647680957
counter/9/0/0/0,18715:1747647664380:,1747647680957
counter/5/0/0/0,16911:1747647663363:,1747647680957
counter/10/0/0/0,16009:1747647662542:,1747647680957
counter/1/0/0/0,17907:1747647664641:,1747647680957
counter/2/0/0/0,17387:1747647663548:,1747647680957
counter/9/0/0/0,18716:1747647664393:,1747647680958
counter/5/0/0/0,16912:1747647663367:,1747647680958
counter/10/0/0/0,16010:1747647662542:,1747647680958
counter/2/0/0/0,17388:1747647663548:,1747647680958
counter/9/0/0/0,18717:1747647664393:,1747647680958
counter/5/0/0/0,16913:1747647663368:,1747647680958
counter/10/0/0/0,16011:1747647662542:,1747647680958
counter/2/0/0/0,17389:1747647663548:,1747647680958
counter/9/0/0/0,18718:1747647664393:,1747647680958
counter/5/0/0/0,16914:1747647663368:,1747647680958
counter/10/0/0/0,16012:1747647662542:,1747647680958
counter/2/0/0/0,17390:1747647663550:,1747647680958
counter/9/0/0/0,18719:1747647664397:,1747647680958
counter/5/0/0/0,16915:1747647663368:,1747647680958
counter/10/0/0/0,16013:1747647662542:,1747647680958
counter/2/0/0/0,17391:1747647663550:,1747647680958
counter/9/0/0/0,18720:1747647664397:,1747647680958
counter/5/0/0/0,16916:1747647663368:,1747647680958
counter/10/0/0/0,16014:1747647662542:,1747647680958
counter/2/0/0/0,17392:1747647663550:,1747647680958
counter/9/0/0/0,18721:1747647664403:,1747647680958
counter/5/0/0/0,16917:1747647663368:,1747647680958
counter/10/0/0/0,16015:1747647662542:,1747647680958
counter/2/0/0/0,17393:1747647663550:,1747647680958
counter/9/0/0/0,18722:1747647664408:,1747647680958
counter/5/0/0/0,16918:1747647663368:,1747647680958
counter/10/0/0/0,16016:1747647662542:,1747647680958
counter/2/0/0/0,17394:1747647663550:,1747647680958
counter/9/0/0/0,18723:1747647664409:,1747647680958
counter/5/0/0/0,16919:1747647663368:,1747647680958
counter/10/0/0/0,16017:1747647662542:,1747647680958
counter/2/0/0/0,17395:1747647663550:,1747647680958
counter/9/0/0/0,18724:1747647664409:,1747647680958
counter/5/0/0/0,16920:1747647663377:,1747647680958
counter/10/0/0/0,16018:1747647662542:,1747647680958
counter/2/0/0/0,17396:1747647663550:,1747647680958
counter/9/0/0/0,18725:1747647664409:,1747647680958
counter/5/0/0/0,16921:1747647663377:,1747647680958
counter/10/0/0/0,16019:1747647662542:,1747647680958
counter/2/0/0/0,17397:1747647663550:,1747647680958
counter/9/0/0/0,18726:1747647664410:,1747647680958
counter/5/0/0/0,16922:1747647663377:,1747647680959
counter/10/0/0/0,16020:1747647662542:,1747647680959
counter/2/0/0/0,17398:1747647663550:,1747647680959
counter/9/0/0/0,18727:1747647664410:,1747647680959
counter/5/0/0/0,16923:1747647663381:,1747647680959
counter/2/0/0/0,17399:1747647663550:,1747647680959
counter/9/0/0/0,18728:1747647664410:,1747647680959
counter/5/0/0/0,16924:1747647663381:,1747647680959
counter/2/0/0/0,17400:1747647663550:,1747647680959
counter/9/0/0/0,18729:1747647664410:,1747647680959
counter/5/0/0/0,16925:1747647663381:,1747647680959
counter/2/0/0/0,17401:1747647663550:,1747647680959
counter/9/0/0/0,18730:1747647664426:,1747647680959
counter/5/0/0/0,16926:1747647663383:,1747647680959
counter/2/0/0/0,17402:1747647663550:,1747647680959
counter/9/0/0/0,18731:1747647664426:,1747647680959
counter/5/0/0/0,16927:1747647663387:,1747647680959
counter/2/0/0/0,17403:1747647663550:,1747647680959
counter/9/0/0/0,18732:1747647664426:,1747647680959
counter/5/0/0/0,16928:1747647663387:,1747647680959
counter/2/0/0/0,17404:1747647663550:,1747647680959
counter/9/0/0/0,18733:1747647664426:,1747647680959
counter/5/0/0/0,16929:1747647663387:,1747647680959
counter/2/0/0/0,17405:1747647663550:,1747647680959
counter/9/0/0/0,18734:1747647664426:,1747647680959
counter/5/0/0/0,16930:1747647663387:,1747647680959
counter/2/0/0/0,17406:1747647663550:,1747647680959
counter/9/0/0/0,18735:1747647664426:,1747647680959
counter/5/0/0/0,16931:1747647663387:,1747647680959
counter/10/0/0/0,16021:1747647662542:,1747647680959
counter/1/0/0/0,17908:1747647664647:,1747647680959
counter/2/0/0/0,17407:1747647663550:,1747647680959
counter/9/0/0/0,18736:1747647664426:,1747647680959
counter/5/0/0/0,16932:1747647663387:,1747647680959
counter/10/0/0/0,16022:1747647662542:,1747647680959
counter/7/0/0/0,15863:1747647662508:,1747647680959
counter/2/0/0/0,17408:1747647663550:,1747647680959
counter/9/0/0/0,18737:1747647664426:,1747647680959
counter/5/0/0/0,16933:1747647663387:,1747647680959
counter/4/0/0/0,16668:1747647664580:,1747647680960
counter/2/0/0/0,17409:1747647663550:,1747647680960
counter/9/0/0/0,18738:1747647664426:,1747647680960
counter/5/0/0/0,16934:1747647663387:,1747647680960
counter/7/0/0/0,15864:1747647662508:,1747647680960
counter/2/0/0/0,17410:1747647663550:,1747647680960
counter/9/0/0/0,18739:1747647664426:,1747647680960
counter/5/0/0/0,16935:1747647663387:,1747647680960
counter/7/0/0/0,15865:1747647662509:,1747647680960
counter/2/0/0/0,17411:1747647663550:,1747647680960
counter/9/0/0/0,18740:1747647664426:,1747647680960
counter/5/0/0/0,16936:1747647663387:,1747647680960
counter/7/0/0/0,15866:1747647662509:,1747647680960
counter/4/0/0/0,16669:1747647664580:,1747647680960
counter/2/0/0/0,17412:1747647663550:,1747647680960
counter/9/0/0/0,18741:1747647664426:,1747647680960
counter/5/0/0/0,16937:1747647663387:,1747647680960
counter/7/0/0/0,15867:1747647662509:,1747647680960
counter/2/0/0/0,17413:1747647663551:,1747647680960
counter/9/0/0/0,18742:1747647664426:,1747647680960
counter/5/0/0/0,16938:1747647663388:,1747647680960
counter/7/0/0/0,15868:1747647662509:,1747647680960
counter/2/0/0/0,17414:1747647663551:,1747647680960
counter/9/0/0/0,18743:1747647664426:,1747647680960
counter/5/0/0/0,16939:1747647663388:,1747647680960
counter/7/0/0/0,15869:1747647662509:,1747647680960
counter/2/0/0/0,17415:1747647663551:,1747647680960
counter/9/0/0/0,18744:1747647664426:,1747647680960
counter/5/0/0/0,16940:1747647663388:,1747647680960
counter/7/0/0/0,15870:1747647662509:,1747647680960
counter/6/0/0/0,16225:1747647663277:,1747647680960
counter/2/0/0/0,17416:1747647663551:,1747647680960
counter/9/0/0/0,18745:1747647664438:,1747647680960
counter/5/0/0/0,16941:1747647663388:,1747647680960
counter/7/0/0/0,15871:1747647662509:,1747647680960
counter/3/0/0/0,17271:1747647664486:,1747647680960
counter/2/0/0/0,17417:1747647663551:,1747647680960
counter/9/0/0/0,18746:1747647664438:,1747647680960
counter/5/0/0/0,16942:1747647663388:,1747647680960
counter/7/0/0/0,15872:1747647662525:,1747647680960
counter/2/0/0/0,17418:1747647663551:,1747647680961
counter/9/0/0/0,18747:1747647664438:,1747647680961
counter/5/0/0/0,16943:1747647663388:,1747647680961
counter/2/0/0/0,17419:1747647663551:,1747647680961
counter/9/0/0/0,18748:1747647664438:,1747647680961
counter/5/0/0/0,16944:1747647663388:,1747647680961
counter/2/0/0/0,17420:1747647663551:,1747647680961
counter/9/0/0/0,18749:1747647664438:,1747647680961
counter/5/0/0/0,16945:1747647663388:,1747647680961
counter/2/0/0/0,17421:1747647663551:,1747647680961
counter/9/0/0/0,18750:1747647664438:,1747647680961
counter/5/0/0/0,16946:1747647663388:,1747647680961
counter/2/0/0/0,17422:1747647663551:,1747647680961
counter/9/0/0/0,18751:1747647664438:,1747647680961
counter/5/0/0/0,16947:1747647663388:,1747647680961
counter/2/0/0/0,17423:1747647663551:,1747647680961
counter/9/0/0/0,18752:1747647664438:,1747647680961
counter/5/0/0/0,16948:1747647663388:,1747647680961
counter/2/0/0/0,17424:1747647663551:,1747647680961
counter/9/0/0/0,18753:1747647664438:,1747647680961
counter/5/0/0/0,16949:1747647663388:,1747647680961
counter/2/0/0/0,17425:1747647663551:,1747647680961
counter/9/0/0/0,18754:1747647664438:,1747647680961
counter/5/0/0/0,16950:1747647663388:,1747647680961
counter/2/0/0/0,17426:1747647663551:,1747647680961
counter/9/0/0/0,18755:1747647664438:,1747647680961
counter/5/0/0/0,16951:1747647663388:,1747647680961
counter/2/0/0/0,17427:1747647663551:,1747647680961
counter/9/0/0/0,18756:1747647664438:,1747647680961
counter/5/0/0/0,16952:1747647663388:,1747647680961
counter/2/0/0/0,17428:1747647663551:,1747647680961
counter/9/0/0/0,18757:1747647664438:,1747647680961
counter/5/0/0/0,16953:1747647663388:,1747647680961
counter/2/0/0/0,17429:1747647663551:,1747647680961
counter/9/0/0/0,18758:1747647664438:,1747647680961
counter/5/0/0/0,16954:1747647663389:,1747647680961
counter/2/0/0/0,17430:1747647663551:,1747647680961
counter/9/0/0/0,18759:1747647664438:,1747647680961
counter/5/0/0/0,16955:1747647663390:,1747647680961
counter/2/0/0/0,17431:1747647663551:,1747647680961
counter/9/0/0/0,18760:1747647664438:,1747647680961
counter/5/0/0/0,16956:1747647663390:,1747647680961
counter/2/0/0/0,17432:1747647663551:,1747647680961
counter/9/0/0/0,18761:1747647664438:,1747647680961
counter/5/0/0/0,16957:1747647663390:,1747647680962
counter/2/0/0/0,17433:1747647663551:,1747647680962
counter/9/0/0/0,18762:1747647664438:,1747647680962
counter/5/0/0/0,16958:1747647663390:,1747647680962
counter/2/0/0/0,17434:1747647663551:,1747647680962
counter/9/0/0/0,18763:1747647664438:,1747647680962
counter/5/0/0/0,16959:1747647663390:,1747647680962
counter/2/0/0/0,17435:1747647663551:,1747647680962
counter/9/0/0/0,18764:1747647664438:,1747647680962
counter/5/0/0/0,16960:1747647663391:,1747647680962
counter/2/0/0/0,17436:1747647663551:,1747647680962
counter/9/0/0/0,18765:1747647664438:,1747647680962
counter/5/0/0/0,16961:1747647663412:,1747647680962
counter/2/0/0/0,17437:1747647663551:,1747647680962
counter/9/0/0/0,18766:1747647664438:,1747647680962
counter/5/0/0/0,16962:1747647663412:,1747647680962
counter/2/0/0/0,17438:1747647663551:,1747647680962
counter/9/0/0/0,18767:1747647664438:,1747647680962
counter/5/0/0/0,16963:1747647663412:,1747647680962
counter/2/0/0/0,17439:1747647663552:,1747647680962
counter/9/0/0/0,18768:1747647664438:,1747647680962
counter/5/0/0/0,16964:1747647663412:,1747647680962
counter/2/0/0/0,17440:1747647663552:,1747647680962
counter/9/0/0/0,18769:1747647664439:,1747647680962
counter/5/0/0/0,16965:1747647663412:,1747647680962
counter/2/0/0/0,17441:1747647663552:,1747647680962
counter/9/0/0/0,18770:1747647664439:,1747647680962
counter/5/0/0/0,16966:1747647663412:,1747647680962
counter/2/0/0/0,17442:1747647663552:,1747647680962
counter/9/0/0/0,18771:1747647664439:,1747647680962
counter/5/0/0/0,16967:1747647663412:,1747647680962
counter/2/0/0/0,17443:1747647663556:,1747647680962
counter/9/0/0/0,18772:1747647664439:,1747647680962
counter/5/0/0/0,16968:1747647663412:,1747647680962
counter/2/0/0/0,17444:1747647663556:,1747647680962
counter/9/0/0/0,18773:1747647664447:,1747647680962
counter/5/0/0/0,16969:1747647663412:,1747647680962
counter/2/0/0/0,17445:1747647663556:,1747647680962
counter/9/0/0/0,18774:1747647664447:,1747647680962
counter/5/0/0/0,16970:1747647663412:,1747647680962
counter/2/0/0/0,17446:1747647663559:,1747647680962
counter/9/0/0/0,18775:1747647664447:,1747647680962
counter/5/0/0/0,16971:1747647663412:,1747647680962
counter/2/0/0/0,17447:1747647663559:,1747647680962
counter/9/0/0/0,18776:1747647664447:,1747647680963
counter/5/0/0/0,16972:1747647663412:,1747647680963
counter/2/0/0/0,17448:1747647663559:,1747647680963
counter/9/0/0/0,18777:1747647664447:,1747647680963
counter/5/0/0/0,16973:1747647663413:,1747647680963
counter/2/0/0/0,17449:1747647663559:,1747647680963
counter/9/0/0/0,18778:1747647664447:,1747647680963
counter/5/0/0/0,16974:1747647663413:,1747647680963
counter/2/0/0/0,17450:1747647663559:,1747647680963
counter/9/0/0/0,18779:1747647664447:,1747647680963
counter/5/0/0/0,16975:1747647663413:,1747647680963
counter/3/0/0/0,17272:1747647664507:,1747647680963
counter/1/0/0/0,17909:1747647664647:,1747647680963
counter/2/0/0/0,17451:1747647663560:,1747647680963
counter/9/0/0/0,18780:1747647664447:,1747647680963
counter/5/0/0/0,16976:1747647663413:,1747647680963
counter/1/0/0/0,17910:1747647664647:,1747647680963
counter/2/0/0/0,17452:1747647663560:,1747647680963
counter/9/0/0/0,18781:1747647664447:,1747647680963
counter/5/0/0/0,16977:1747647663413:,1747647680963
counter/1/0/0/0,17911:1747647664647:,1747647680963
counter/2/0/0/0,17453:1747647663560:,1747647680963
counter/9/0/0/0,18782:1747647664447:,1747647680963
counter/5/0/0/0,16978:1747647663413:,1747647680963
counter/1/0/0/0,17912:1747647664657:,1747647680963
counter/2/0/0/0,17454:1747647663560:,1747647680963
counter/9/0/0/0,18783:1747647664447:,1747647680963
counter/5/0/0/0,16979:1747647663413:,1747647680963
counter/1/0/0/0,17913:1747647664657:,1747647680963
counter/2/0/0/0,17455:1747647663560:,1747647680963
counter/9/0/0/0,18784:1747647664448:,1747647680963
counter/5/0/0/0,16980:1747647663413:,1747647680963
counter/1/0/0/0,17914:1747647664657:,1747647680963
counter/2/0/0/0,17456:1747647663560:,1747647680963
counter/9/0/0/0,18785:1747647664448:,1747647680963
counter/5/0/0/0,16981:1747647663413:,1747647680963
counter/1/0/0/0,17915:1747647664657:,1747647680963
counter/2/0/0/0,17457:1747647663560:,1747647680963
counter/9/0/0/0,18786:1747647664448:,1747647680963
counter/5/0/0/0,16982:1747647663413:,1747647680963
counter/1/0/0/0,17916:1747647664658:,1747647680963
counter/2/0/0/0,17458:1747647663560:,1747647680963
counter/9/0/0/0,18787:1747647664448:,1747647680964
counter/5/0/0/0,16983:1747647663413:,1747647680964
counter/1/0/0/0,17917:1747647664658:,1747647680964
counter/2/0/0/0,17459:1747647663564:,1747647680964
counter/9/0/0/0,18788:1747647664448:,1747647680964
counter/5/0/0/0,16984:1747647663413:,1747647680964
counter/1/0/0/0,17918:1747647664658:,1747647680964
counter/2/0/0/0,17460:1747647663565:,1747647680964
counter/9/0/0/0,18789:1747647664448:,1747647680964
counter/5/0/0/0,16985:1747647663413:,1747647680964
counter/1/0/0/0,17919:1747647664664:,1747647680964
counter/2/0/0/0,17461:1747647663565:,1747647680964
counter/9/0/0/0,18790:1747647664448:,1747647680964
counter/5/0/0/0,16986:1747647663413:,1747647680964
counter/1/0/0/0,17920:1747647664664:,1747647680964
counter/2/0/0/0,17462:1747647663565:,1747647680964
counter/9/0/0/0,18791:1747647664448:,1747647680964
counter/5/0/0/0,16987:1747647663413:,1747647680964
counter/1/0/0/0,17921:1747647664664:,1747647680964
counter/2/0/0/0,17463:1747647663565:,1747647680964
counter/9/0/0/0,18792:1747647664448:,1747647680964
counter/5/0/0/0,16988:1747647663413:,1747647680964
counter/1/0/0/0,17922:1747647664664:,1747647680964
counter/2/0/0/0,17464:1747647663565:,1747647680964
counter/9/0/0/0,18793:1747647664448:,1747647680964
counter/5/0/0/0,16989:1747647663413:,1747647680964
counter/1/0/0/0,17923:1747647664664:,1747647680964
counter/2/0/0/0,17465:1747647663582:,1747647680964
counter/9/0/0/0,18794:1747647664448:,1747647680964
counter/5/0/0/0,16990:1747647663413:,1747647680964
counter/1/0/0/0,17924:1747647664664:,1747647680964
counter/10/0/0/0,16023:1747647662542:,1747647680964
counter/2/0/0/0,17466:1747647663582:,1747647680964
counter/9/0/0/0,18795:1747647664448:,1747647680964
counter/5/0/0/0,16991:1747647663413:,1747647680964
counter/1/0/0/0,17925:1747647664664:,1747647680964
counter/7/0/0/0,15873:1747647662527:,1747647680964
counter/3/0/0/0,17273:1747647664507:,1747647680964
counter/2/0/0/0,17467:1747647663582:,1747647680964
counter/9/0/0/0,18796:1747647664448:,1747647680964
counter/5/0/0/0,16992:1747647663417:,1747647680964
counter/1/0/0/0,17926:1747647664664:,1747647680964
counter/2/0/0/0,17468:1747647663583:,1747647680964
counter/9/0/0/0,18797:1747647664448:,1747647680964
counter/5/0/0/0,16993:1747647663417:,1747647680965
counter/2/0/0/0,17469:1747647663583:,1747647680965
counter/9/0/0/0,18798:1747647664448:,1747647680965
counter/5/0/0/0,16994:1747647663417:,1747647680965
counter/2/0/0/0,17470:1747647663583:,1747647680965
counter/9/0/0/0,18799:1747647664448:,1747647680965
counter/5/0/0/0,16995:1747647663417:,1747647680965
counter/2/0/0/0,17471:1747647663584:,1747647680965
counter/9/0/0/0,18800:1747647664448:,1747647680965
counter/5/0/0/0,16996:1747647663417:,1747647680965
counter/2/0/0/0,17472:1747647663584:,1747647680965
counter/9/0/0/0,18801:1747647664448:,1747647680965
counter/5/0/0/0,16997:1747647663417:,1747647680965
counter/2/0/0/0,17473:1747647663584:,1747647680965
counter/9/0/0/0,18802:1747647664448:,1747647680965
counter/5/0/0/0,16998:1747647663417:,1747647680965
counter/2/0/0/0,17474:1747647663584:,1747647680965
counter/9/0/0/0,18803:1747647664449:,1747647680965
counter/5/0/0/0,16999:1747647663417:,1747647680965
counter/2/0/0/0,17475:1747647663584:,1747647680965
counter/9/0/0/0,18804:1747647664449:,1747647680965
counter/5/0/0/0,17000:1747647663417:,1747647680965
counter/2/0/0/0,17476:1747647663584:,1747647680965
counter/9/0/0/0,18805:1747647664455:,1747647680965
counter/5/0/0/0,17001:1747647663417:,1747647680965
counter/2/0/0/0,17477:1747647663584:,1747647680965
counter/9/0/0/0,18806:1747647664455:,1747647680965
counter/5/0/0/0,17002:1747647663418:,1747647680965
counter/2/0/0/0,17478:1747647663584:,1747647680965
counter/9/0/0/0,18807:1747647664455:,1747647680965
counter/5/0/0/0,17003:1747647663418:,1747647680965
counter/2/0/0/0,17479:1747647663584:,1747647680965
counter/9/0/0/0,18808:1747647664455:,1747647680965
counter/5/0/0/0,17004:1747647663418:,1747647680965
counter/2/0/0/0,17480:1747647663584:,1747647680965
counter/9/0/0/0,18809:1747647664455:,1747647680965
counter/5/0/0/0,17005:1747647663418:,1747647680965
counter/2/0/0/0,17481:1747647663584:,1747647680965
counter/9/0/0/0,18810:1747647664455:,1747647680965
counter/5/0/0/0,17006:1747647663418:,1747647680965
counter/2/0/0/0,17482:1747647663584:,1747647680965
counter/9/0/0/0,18811:1747647664467:,1747647680966
counter/5/0/0/0,17007:1747647663418:,1747647680966
counter/2/0/0/0,17483:1747647663584:,1747647680966
counter/9/0/0/0,18812:1747647664467:,1747647680966
counter/5/0/0/0,17008:1747647663430:,1747647680966
counter/2/0/0/0,17484:1747647663584:,1747647680966
counter/9/0/0/0,18813:1747647664467:,1747647680966
counter/5/0/0/0,17009:1747647663430:,1747647680966
counter/2/0/0/0,17485:1747647663584:,1747647680966
counter/9/0/0/0,18814:1747647664467:,1747647680966
counter/5/0/0/0,17010:1747647663430:,1747647680966
counter/2/0/0/0,17486:1747647663584:,1747647680966
counter/9/0/0/0,18815:1747647664467:,1747647680966
counter/5/0/0/0,17011:1747647663430:,1747647680966
counter/2/0/0/0,17487:1747647663584:,1747647680966
counter/9/0/0/0,18816:1747647664467:,1747647680966
counter/5/0/0/0,17012:1747647663430:,1747647680966
counter/2/0/0/0,17488:1747647663584:,1747647680966
counter/9/0/0/0,18817:1747647664468:,1747647680966
counter/5/0/0/0,17013:1747647663430:,1747647680966
counter/2/0/0/0,17489:1747647663584:,1747647680966
counter/9/0/0/0,18818:1747647664468:,1747647680966
counter/5/0/0/0,17014:1747647663430:,1747647680966
counter/2/0/0/0,17490:1747647663584:,1747647680966
counter/9/0/0/0,18819:1747647664468:,1747647680966
counter/5/0/0/0,17015:1747647663430:,1747647680966
counter/2/0/0/0,17491:1747647663584:,1747647680966
counter/9/0/0/0,18820:1747647664469:,1747647680966
counter/5/0/0/0,17016:1747647663430:,1747647680966
counter/2/0/0/0,17492:1747647663584:,1747647680966
counter/9/0/0/0,18821:1747647664469:,1747647680966
counter/5/0/0/0,17017:1747647663430:,1747647680966
counter/2/0/0/0,17493:1747647663584:,1747647680966
counter/9/0/0/0,18822:1747647664469:,1747647680966
counter/5/0/0/0,17018:1747647663430:,1747647680966
counter/2/0/0/0,17494:1747647663585:,1747647680966
counter/9/0/0/0,18823:1747647664469:,1747647680966
counter/5/0/0/0,17019:1747647663431:,1747647680966
counter/2/0/0/0,17495:1747647663585:,1747647680966
counter/9/0/0/0,18824:1747647664470:,1747647680966
counter/5/0/0/0,17020:1747647663431:,1747647680966
counter/2/0/0/0,17496:1747647663585:,1747647680966
counter/9/0/0/0,18825:1747647664470:,1747647680966
counter/5/0/0/0,17021:1747647663431:,1747647680966
counter/2/0/0/0,17497:1747647663585:,1747647680967
counter/9/0/0/0,18826:1747647664470:,1747647680967
counter/5/0/0/0,17022:1747647663431:,1747647680967
counter/2/0/0/0,17498:1747647663588:,1747647680967
counter/9/0/0/0,18827:1747647664470:,1747647680967
counter/5/0/0/0,17023:1747647663434:,1747647680967
counter/2/0/0/0,17499:1747647663589:,1747647680967
counter/9/0/0/0,18828:1747647664503:,1747647680967
counter/5/0/0/0,17024:1747647663434:,1747647680967
counter/2/0/0/0,17500:1747647663589:,1747647680967
counter/9/0/0/0,18829:1747647664503:,1747647680967
counter/5/0/0/0,17025:1747647663434:,1747647680967
counter/2/0/0/0,17501:1747647663589:,1747647680967
counter/9/0/0/0,18830:1747647664503:,1747647680967
counter/5/0/0/0,17026:1747647663434:,1747647680967
counter/2/0/0/0,17502:1747647663589:,1747647680967
counter/9/0/0/0,18831:1747647664503:,1747647680967
counter/5/0/0/0,17027:1747647663434:,1747647680967
counter/2/0/0/0,17503:1747647663589:,1747647680967
counter/9/0/0/0,18832:1747647664503:,1747647680967
counter/5/0/0/0,17028:1747647663434:,1747647680967
counter/2/0/0/0,17504:1747647663589:,1747647680967
counter/9/0/0/0,18833:1747647664503:,1747647680967
counter/5/0/0/0,17029:1747647663434:,1747647680967
counter/2/0/0/0,17505:1747647663589:,1747647680967
counter/9/0/0/0,18834:1747647664503:,1747647680967
counter/5/0/0/0,17030:1747647663434:,1747647680967
counter/2/0/0/0,17506:1747647663589:,1747647680967
counter/9/0/0/0,18835:1747647664503:,1747647680967
counter/5/0/0/0,17031:1747647663434:,1747647680967
counter/2/0/0/0,17507:1747647663589:,1747647680967
counter/9/0/0/0,18836:1747647664503:,1747647680967
counter/5/0/0/0,17032:1747647663434:,1747647680967
counter/2/0/0/0,17508:1747647663589:,1747647680967
counter/9/0/0/0,18837:1747647664503:,1747647680967
counter/5/0/0/0,17033:1747647663434:,1747647680967
counter/2/0/0/0,17509:1747647663589:,1747647680967
counter/9/0/0/0,18838:1747647664503:,1747647680967
counter/5/0/0/0,17034:1747647663434:,1747647680967
counter/2/0/0/0,17510:1747647663589:,1747647680967
counter/9/0/0/0,18839:1747647664503:,1747647680968
counter/5/0/0/0,17035:1747647663434:,1747647680968
counter/2/0/0/0,17511:1747647663589:,1747647680968
counter/9/0/0/0,18840:1747647664503:,1747647680968
counter/5/0/0/0,17036:1747647663434:,1747647680968
counter/2/0/0/0,17512:1747647663589:,1747647680968
counter/9/0/0/0,18841:1747647664503:,1747647680968
counter/5/0/0/0,17037:1747647663434:,1747647680968
counter/2/0/0/0,17513:1747647663589:,1747647680968
counter/9/0/0/0,18842:1747647664503:,1747647680968
counter/5/0/0/0,17038:1747647663435:,1747647680968
counter/2/0/0/0,17514:1747647663589:,1747647680968
counter/9/0/0/0,18843:1747647664503:,1747647680968
counter/5/0/0/0,17039:1747647663436:,1747647680968
counter/2/0/0/0,17515:1747647663590:,1747647680968
counter/9/0/0/0,18844:1747647664503:,1747647680968
counter/5/0/0/0,17040:1747647663436:,1747647680968
counter/2/0/0/0,17516:1747647663596:,1747647680968
counter/9/0/0/0,18845:1747647664503:,1747647680968
counter/5/0/0/0,17041:1747647663436:,1747647680968
counter/2/0/0/0,17517:1747647663596:,1747647680968
counter/9/0/0/0,18846:1747647664503:,1747647680968
counter/5/0/0/0,17042:1747647663436:,1747647680968
counter/2/0/0/0,17518:1747647663596:,1747647680968
counter/9/0/0/0,18847:1747647664503:,1747647680968
counter/5/0/0/0,17043:1747647663436:,1747647680968
counter/2/0/0/0,17519:1747647663596:,1747647680968
counter/9/0/0/0,18848:1747647664503:,1747647680968
counter/5/0/0/0,17044:1747647663436:,1747647680968
counter/2/0/0/0,17520:1747647663596:,1747647680968
counter/9/0/0/0,18849:1747647664503:,1747647680968
counter/5/0/0/0,17045:1747647663436:,1747647680968
counter/2/0/0/0,17521:1747647663596:,1747647680968
counter/9/0/0/0,18850:1747647664503:,1747647680968
counter/5/0/0/0,17046:1747647663436:,1747647680968
counter/2/0/0/0,17522:1747647663596:,1747647680968
counter/9/0/0/0,18851:1747647664503:,1747647680968
counter/5/0/0/0,17047:1747647663436:,1747647680968
counter/2/0/0/0,17523:1747647663596:,1747647680968
counter/9/0/0/0,18852:1747647664503:,1747647680968
counter/5/0/0/0,17048:1747647663436:,1747647680968
counter/2/0/0/0,17524:1747647663596:,1747647680968
counter/9/0/0/0,18853:1747647664503:,1747647680968
counter/5/0/0/0,17049:1747647663436:,1747647680968
counter/2/0/0/0,17525:1747647663596:,1747647680968
counter/9/0/0/0,18854:1747647664503:,1747647680969
counter/5/0/0/0,17050:1747647663436:,1747647680969
counter/2/0/0/0,17526:1747647663596:,1747647680969
counter/9/0/0/0,18855:1747647664503:,1747647680969
counter/5/0/0/0,17051:1747647663436:,1747647680969
counter/2/0/0/0,17527:1747647663596:,1747647680969
counter/9/0/0/0,18856:1747647664503:,1747647680969
counter/5/0/0/0,17052:1747647663436:,1747647680969
counter/2/0/0/0,17528:1747647663596:,1747647680969
counter/9/0/0/0,18857:1747647664503:,1747647680969
counter/5/0/0/0,17053:1747647663436:,1747647680969
counter/2/0/0/0,17529:1747647663596:,1747647680969
counter/9/0/0/0,18858:1747647664504:,1747647680969
counter/5/0/0/0,17054:1747647663436:,1747647680969
counter/2/0/0/0,17530:1747647663596:,1747647680969
counter/9/0/0/0,18859:1747647664504:,1747647680969
counter/5/0/0/0,17055:1747647663436:,1747647680969
counter/2/0/0/0,17531:1747647663601:,1747647680969
counter/9/0/0/0,18860:1747647664520:,1747647680969
counter/5/0/0/0,17056:1747647663440:,1747647680969
counter/2/0/0/0,17532:1747647663601:,1747647680969
counter/9/0/0/0,18861:1747647664520:,1747647680969
counter/5/0/0/0,17057:1747647663440:,1747647680969
counter/2/0/0/0,17533:1747647663601:,1747647680969
counter/9/0/0/0,18862:1747647664520:,1747647680969
counter/5/0/0/0,17058:1747647663440:,1747647680969
counter/2/0/0/0,17534:1747647663601:,1747647680969
counter/9/0/0/0,18863:1747647664520:,1747647680969
counter/5/0/0/0,17059:1747647663440:,1747647680969
counter/2/0/0/0,17535:1747647663601:,1747647680969
counter/9/0/0/0,18864:1747647664520:,1747647680969
counter/5/0/0/0,17060:1747647663440:,1747647680969
counter/2/0/0/0,17536:1747647663601:,1747647680969
counter/9/0/0/0,18865:1747647664520:,1747647680969
counter/5/0/0/0,17061:1747647663440:,1747647680969
counter/2/0/0/0,17537:1747647663608:,1747647680969
counter/9/0/0/0,18866:1747647664521:,1747647680969
counter/5/0/0/0,17062:1747647663440:,1747647680969
counter/2/0/0/0,17538:1747647663608:,1747647680969
counter/9/0/0/0,18867:1747647664521:,1747647680969
counter/5/0/0/0,17063:1747647663440:,1747647680969
counter/2/0/0/0,17539:1747647663608:,1747647680970
counter/9/0/0/0,18868:1747647664521:,1747647680970
counter/5/0/0/0,17064:1747647663440:,1747647680970
counter/2/0/0/0,17540:1747647663608:,1747647680970
counter/9/0/0/0,18869:1747647664521:,1747647680970
counter/5/0/0/0,17065:1747647663440:,1747647680970
counter/2/0/0/0,17541:1747647663608:,1747647680970
counter/9/0/0/0,18870:1747647664521:,1747647680970
counter/5/0/0/0,17066:1747647663440:,1747647680970
counter/2/0/0/0,17542:1747647663608:,1747647680970
counter/9/0/0/0,18871:1747647664521:,1747647680970
counter/5/0/0/0,17067:1747647663440:,1747647680970
counter/2/0/0/0,17543:1747647663608:,1747647680970
counter/9/0/0/0,18872:1747647664521:,1747647680970
counter/5/0/0/0,17068:1747647663440:,1747647680970
counter/2/0/0/0,17544:1747647663608:,1747647680970
counter/9/0/0/0,18873:1747647664521:,1747647680970
counter/5/0/0/0,17069:1747647663440:,1747647680970
counter/2/0/0/0,17545:1747647663608:,1747647680970
counter/9/0/0/0,18874:1747647664521:,1747647680970
counter/5/0/0/0,17070:1747647663445:,1747647680970
counter/2/0/0/0,17546:1747647663608:,1747647680970
counter/9/0/0/0,18875:1747647664521:,1747647680970
counter/5/0/0/0,17071:1747647663445:,1747647680970
counter/2/0/0/0,17547:1747647663608:,1747647680970
counter/9/0/0/0,18876:1747647664521:,1747647680970
counter/5/0/0/0,17072:1747647663445:,1747647680970
counter/2/0/0/0,17548:1747647663608:,1747647680970
counter/9/0/0/0,18877:1747647664521:,1747647680970
counter/5/0/0/0,17073:1747647663445:,1747647680970
counter/2/0/0/0,17549:1747647663614:,1747647680970
counter/9/0/0/0,18878:1747647664521:,1747647680970
counter/5/0/0/0,17074:1747647663445:,1747647680970
counter/2/0/0/0,17550:1747647663628:,1747647680970
counter/9/0/0/0,18879:1747647664521:,1747647680970
counter/5/0/0/0,17075:1747647663445:,1747647680970
counter/2/0/0/0,17551:1747647663634:,1747647680970
counter/9/0/0/0,18880:1747647664521:,1747647680970
counter/5/0/0/0,17076:1747647663445:,1747647680970
counter/2/0/0/0,17552:1747647663634:,1747647680971
counter/9/0/0/0,18881:1747647664521:,1747647680971
counter/5/0/0/0,17077:1747647663445:,1747647680971
counter/2/0/0/0,17553:1747647663639:,1747647680971
counter/9/0/0/0,18882:1747647664521:,1747647680971
counter/5/0/0/0,17078:1747647663445:,1747647680971
counter/2/0/0/0,17554:1747647663639:,1747647680971
counter/9/0/0/0,18883:1747647664521:,1747647680971
counter/5/0/0/0,17079:1747647663445:,1747647680971
counter/2/0/0/0,17555:1747647663639:,1747647680971
counter/9/0/0/0,18884:1747647664522:,1747647680971
counter/5/0/0/0,17080:1747647663445:,1747647680971
counter/2/0/0/0,17556:1747647663639:,1747647680971
counter/9/0/0/0,18885:1747647664522:,1747647680971
counter/5/0/0/0,17081:1747647663445:,1747647680971
counter/2/0/0/0,17557:1747647663639:,1747647680971
counter/9/0/0/0,18886:1747647664522:,1747647680971
counter/5/0/0/0,17082:1747647663451:,1747647680971
counter/2/0/0/0,17558:1747647663639:,1747647680971
counter/9/0/0/0,18887:1747647664522:,1747647680971
counter/5/0/0/0,17083:1747647663455:,1747647680971
counter/2/0/0/0,17559:1747647663639:,1747647680971
counter/9/0/0/0,18888:1747647664522:,1747647680971
counter/5/0/0/0,17084:1747647663455:,1747647680971
counter/2/0/0/0,17560:1747647663639:,1747647680971
counter/9/0/0/0,18889:1747647664522:,1747647680971
counter/5/0/0/0,17085:1747647663462:,1747647680971
counter/2/0/0/0,17561:1747647663639:,1747647680971
counter/9/0/0/0,18890:1747647664522:,1747647680971
counter/5/0/0/0,17086:1747647663462:,1747647680971
counter/2/0/0/0,17562:1747647663639:,1747647680971
counter/9/0/0/0,18891:1747647664522:,1747647680971
counter/5/0/0/0,17087:1747647663462:,1747647680971
counter/2/0/0/0,17563:1747647663639:,1747647680971
counter/9/0/0/0,18892:1747647664522:,1747647680971
counter/5/0/0/0,17088:1747647663462:,1747647680971
counter/2/0/0/0,17564:1747647663639:,1747647680971
counter/9/0/0/0,18893:1747647664522:,1747647680971
counter/5/0/0/0,17089:1747647663462:,1747647680971
counter/2/0/0/0,17565:1747647663644:,1747647680971
counter/9/0/0/0,18894:1747647664522:,1747647680971
counter/5/0/0/0,17090:1747647663462:,1747647680971
counter/2/0/0/0,17566:1747647663644:,1747647680971
counter/9/0/0/0,18895:1747647664525:,1747647680972
counter/5/0/0/0,17091:1747647663462:,1747647680972
counter/2/0/0/0,17567:1747647663645:,1747647680972
counter/9/0/0/0,18896:1747647664525:,1747647680972
counter/5/0/0/0,17092:1747647663462:,1747647680972
counter/2/0/0/0,17568:1747647663645:,1747647680972
counter/9/0/0/0,18897:1747647664525:,1747647680972
counter/5/0/0/0,17093:1747647663472:,1747647680972
counter/2/0/0/0,17569:1747647663645:,1747647680972
counter/9/0/0/0,18898:1747647664525:,1747647680972
counter/5/0/0/0,17094:1747647663472:,1747647680972
counter/2/0/0/0,17570:1747647663645:,1747647680972
counter/9/0/0/0,18899:1747647664525:,1747647680972
counter/5/0/0/0,17095:1747647663472:,1747647680972
counter/2/0/0/0,17571:1747647663645:,1747647680972
counter/9/0/0/0,18900:1747647664525:,1747647680972
counter/5/0/0/0,17096:1747647663472:,1747647680972
counter/2/0/0/0,17572:1747647663645:,1747647680972
counter/9/0/0/0,18901:1747647664525:,1747647680972
counter/5/0/0/0,17097:1747647663472:,1747647680972
counter/2/0/0/0,17573:1747647663645:,1747647680972
counter/9/0/0/0,18902:1747647664525:,1747647680972
counter/5/0/0/0,17098:1747647663472:,1747647680972
counter/2/0/0/0,17574:1747647663650:,1747647680972
counter/9/0/0/0,18903:1747647664525:,1747647680972
counter/5/0/0/0,17099:1747647663475:,1747647680972
counter/2/0/0/0,17575:1747647663650:,1747647680972
counter/9/0/0/0,18904:1747647664525:,1747647680972
counter/5/0/0/0,17100:1747647663475:,1747647680972
counter/2/0/0/0,17576:1747647663650:,1747647680972
counter/9/0/0/0,18905:1747647664525:,1747647680972
counter/5/0/0/0,17101:1747647663475:,1747647680972
counter/2/0/0/0,17577:1747647663650:,1747647680972
counter/9/0/0/0,18906:1747647664525:,1747647680972
counter/5/0/0/0,17102:1747647663475:,1747647680972
counter/2/0/0/0,17578:1747647663650:,1747647680972
counter/9/0/0/0,18907:1747647664525:,1747647680972
counter/5/0/0/0,17103:1747647663475:,1747647680972
counter/2/0/0/0,17579:1747647663650:,1747647680972
counter/9/0/0/0,18908:1747647664525:,1747647680972
counter/5/0/0/0,17104:1747647663475:,1747647680972
counter/2/0/0/0,17580:1747647663650:,1747647680972
counter/9/0/0/0,18909:1747647664525:,1747647680973
counter/5/0/0/0,17105:1747647663475:,1747647680973
counter/2/0/0/0,17581:1747647663650:,1747647680973
counter/9/0/0/0,18910:1747647664525:,1747647680973
counter/5/0/0/0,17106:1747647663475:,1747647680973
counter/2/0/0/0,17582:1747647663650:,1747647680973
counter/9/0/0/0,18911:1747647664526:,1747647680973
counter/5/0/0/0,17107:1747647663475:,1747647680973
counter/2/0/0/0,17583:1747647663650:,1747647680973
counter/9/0/0/0,18912:1747647664526:,1747647680973
counter/5/0/0/0,17108:1747647663475:,1747647680973
counter/2/0/0/0,17584:1747647663650:,1747647680973
counter/9/0/0/0,18913:1747647664526:,1747647680973
counter/5/0/0/0,17109:1747647663475:,1747647680973
counter/2/0/0/0,17585:1747647663651:,1747647680973
counter/9/0/0/0,18914:1747647664526:,1747647680973
counter/5/0/0/0,17110:1747647663475:,1747647680973
counter/2/0/0/0,17586:1747647663651:,1747647680973
counter/9/0/0/0,18915:1747647664526:,1747647680973
counter/5/0/0/0,17111:1747647663475:,1747647680973
counter/2/0/0/0,17587:1747647663651:,1747647680973
counter/9/0/0/0,18916:1747647664526:,1747647680973
counter/5/0/0/0,17112:1747647663475:,1747647680973
counter/2/0/0/0,17588:1747647663651:,1747647680973
counter/9/0/0/0,18917:1747647664526:,1747647680973
counter/5/0/0/0,17113:1747647663475:,1747647680973
counter/2/0/0/0,17589:1747647663651:,1747647680973
counter/9/0/0/0,18918:1747647664526:,1747647680973
counter/5/0/0/0,17114:1747647663475:,1747647680973
counter/2/0/0/0,17590:1747647663651:,1747647680973
counter/9/0/0/0,18919:1747647664526:,1747647680973
counter/5/0/0/0,17115:1747647663475:,1747647680973
counter/2/0/0/0,17591:1747647663651:,1747647680973
counter/9/0/0/0,18920:1747647664526:,1747647680973
counter/5/0/0/0,17116:1747647663476:,1747647680973
counter/2/0/0/0,17592:1747647663651:,1747647680973
counter/9/0/0/0,18921:1747647664528:,1747647680973
counter/5/0/0/0,17117:1747647663476:,1747647680973
counter/2/0/0/0,17593:1747647663651:,1747647680973
counter/9/0/0/0,18922:1747647664528:,1747647680973
counter/5/0/0/0,17118:1747647663476:,1747647680973
counter/2/0/0/0,17594:1747647663651:,1747647680973
counter/9/0/0/0,18923:1747647664528:,1747647680973
counter/5/0/0/0,17119:1747647663476:,1747647680974
counter/2/0/0/0,17595:1747647663651:,1747647680974
counter/9/0/0/0,18924:1747647664528:,1747647680974
counter/5/0/0/0,17120:1747647663476:,1747647680974
counter/2/0/0/0,17596:1747647663651:,1747647680974
counter/9/0/0/0,18925:1747647664528:,1747647680974
counter/5/0/0/0,17121:1747647663477:,1747647680974
counter/2/0/0/0,17597:1747647663651:,1747647680974
counter/9/0/0/0,18926:1747647664528:,1747647680974
counter/5/0/0/0,17122:1747647663477:,1747647680974
counter/2/0/0/0,17598:1747647663651:,1747647680974
counter/9/0/0/0,18927:1747647664528:,1747647680974
counter/5/0/0/0,17123:1747647663477:,1747647680974
counter/2/0/0/0,17599:1747647663651:,1747647680974
counter/9/0/0/0,18928:1747647664532:,1747647680974
counter/5/0/0/0,17124:1747647663477:,1747647680974
counter/2/0/0/0,17600:1747647663656:,1747647680974
counter/9/0/0/0,18929:1747647664538:,1747647680974
counter/5/0/0/0,17125:1747647663477:,1747647680974
counter/2/0/0/0,17601:1747647663656:,1747647680974
counter/9/0/0/0,18930:1747647664560:,1747647680974
counter/5/0/0/0,17126:1747647663477:,1747647680974
counter/2/0/0/0,17602:1747647663656:,1747647680974
counter/9/0/0/0,18931:1747647664560:,1747647680974
counter/5/0/0/0,17127:1747647663477:,1747647680974
counter/2/0/0/0,17603:1747647663656:,1747647680974
counter/9/0/0/0,18932:1747647664560:,1747647680974
counter/5/0/0/0,17128:1747647663477:,1747647680974
counter/2/0/0/0,17604:1747647663656:,1747647680974
counter/9/0/0/0,18933:1747647664560:,1747647680974
counter/5/0/0/0,17129:1747647663477:,1747647680974
counter/2/0/0/0,17605:1747647663665:,1747647680974
counter/9/0/0/0,18934:1747647664560:,1747647680974
counter/5/0/0/0,17130:1747647663477:,1747647680974
counter/2/0/0/0,17606:1747647663665:,1747647680974
counter/9/0/0/0,18935:1747647664561:,1747647680974
counter/5/0/0/0,17131:1747647663478:,1747647680974
counter/2/0/0/0,17607:1747647663665:,1747647680974
counter/9/0/0/0,18936:1747647664561:,1747647680974
counter/5/0/0/0,17132:1747647663478:,1747647680974
counter/10/0/0/0,16024:1747647662542:,1747647680974
counter/8/0/0/0,17597:1747647663245:,1747647680975
counter/2/0/0/0,17608:1747647663665:,1747647680975
counter/9/0/0/0,18937:1747647664563:,1747647680975
counter/5/0/0/0,17133:1747647663478:,1747647680975
counter/8/0/0/0,17598:1747647663245:,1747647680975
counter/4/0/0/0,16670:1747647664581:,1747647680975
counter/2/0/0/0,17609:1747647663665:,1747647680975
counter/9/0/0/0,18938:1747647664563:,1747647680975
counter/5/0/0/0,17134:1747647663478:,1747647680975
counter/8/0/0/0,17599:1747647663245:,1747647680975
counter/2/0/0/0,17610:1747647663665:,1747647680975
counter/9/0/0/0,18939:1747647664563:,1747647680975
counter/5/0/0/0,17135:1747647663478:,1747647680975
counter/8/0/0/0,17600:1747647663245:,1747647680975
counter/2/0/0/0,17611:1747647663665:,1747647680975
counter/9/0/0/0,18940:1747647664563:,1747647680975
counter/5/0/0/0,17136:1747647663478:,1747647680975
counter/8/0/0/0,17601:1747647663245:,1747647680975
counter/2/0/0/0,17612:1747647663665:,1747647680975
counter/9/0/0/0,18941:1747647664563:,1747647680975
counter/5/0/0/0,17137:1747647663478:,1747647680975
counter/8/0/0/0,17602:1747647663245:,1747647680975
counter/2/0/0/0,17613:1747647663665:,1747647680975
counter/9/0/0/0,18942:1747647664563:,1747647680975
counter/5/0/0/0,17138:1747647663478:,1747647680975
counter/8/0/0/0,17603:1747647663245:,1747647680975
counter/7/0/0/0,15874:1747647662548:,1747647680975
counter/2/0/0/0,17614:1747647663665:,1747647680975
counter/9/0/0/0,18943:1747647664563:,1747647680975
counter/5/0/0/0,17139:1747647663478:,1747647680975
counter/1/0/0/0,17927:1747647664664:,1747647680975
counter/3/0/0/0,17274:1747647664507:,1747647680975
counter/2/0/0/0,17615:1747647663665:,1747647680975
counter/9/0/0/0,18944:1747647664563:,1747647680975
counter/5/0/0/0,17140:1747647663478:,1747647680975
counter/2/0/0/0,17616:1747647663665:,1747647680975
counter/9/0/0/0,18945:1747647664563:,1747647680975
counter/5/0/0/0,17141:1747647663478:,1747647680975
counter/2/0/0/0,17617:1747647663665:,1747647680975
counter/9/0/0/0,18946:1747647664563:,1747647680975
counter/5/0/0/0,17142:1747647663478:,1747647680975
counter/2/0/0/0,17618:1747647663666:,1747647680975
counter/9/0/0/0,18947:1747647664563:,1747647680975
counter/5/0/0/0,17143:1747647663478:,1747647680975
counter/2/0/0/0,17619:1747647663666:,1747647680976
counter/9/0/0/0,18948:1747647664563:,1747647680976
counter/5/0/0/0,17144:1747647663478:,1747647680976
counter/2/0/0/0,17620:1747647663666:,1747647680976
counter/9/0/0/0,18949:1747647664563:,1747647680976
counter/5/0/0/0,17145:1747647663479:,1747647680976
counter/2/0/0/0,17621:1747647663666:,1747647680976
counter/9/0/0/0,18950:1747647664563:,1747647680976
counter/5/0/0/0,17146:1747647663479:,1747647680976
counter/2/0/0/0,17622:1747647663666:,1747647680976
counter/9/0/0/0,18951:1747647664563:,1747647680976
counter/5/0/0/0,17147:1747647663479:,1747647680976
counter/2/0/0/0,17623:1747647663666:,1747647680976
counter/9/0/0/0,18952:1747647664565:,1747647680976
counter/5/0/0/0,17148:1747647663483:,1747647680976
counter/4/0/0/0,16671:1747647664581:,1747647680976
counter/2/0/0/0,17624:1747647663666:,1747647680976
counter/9/0/0/0,18953:1747647664577:,1747647680976
counter/5/0/0/0,17149:1747647663483:,1747647680976
counter/2/0/0/0,17625:1747647663666:,1747647680976
counter/9/0/0/0,18954:1747647664577:,1747647680976
counter/5/0/0/0,17150:1747647663483:,1747647680976
counter/2/0/0/0,17626:1747647663666:,1747647680976
counter/9/0/0/0,18955:1747647664577:,1747647680976
counter/5/0/0/0,17151:1747647663484:,1747647680976
counter/6/0/0/0,16226:1747647663277:,1747647680976
counter/3/0/0/0,17275:1747647664507:,1747647680976
counter/2/0/0/0,17627:1747647663666:,1747647680976
counter/9/0/0/0,18956:1747647664577:,1747647680976
counter/5/0/0/0,17152:1747647663484:,1747647680976
counter/2/0/0/0,17628:1747647663666:,1747647680976
counter/9/0/0/0,18957:1747647664577:,1747647680976
counter/5/0/0/0,17153:1747647663492:,1747647680976
counter/2/0/0/0,17629:1747647663666:,1747647680976
counter/9/0/0/0,18958:1747647664577:,1747647680976
counter/5/0/0/0,17154:1747647663492:,1747647680976
counter/2/0/0/0,17630:1747647663666:,1747647680976
counter/9/0/0/0,18959:1747647664577:,1747647680976
counter/5/0/0/0,17155:1747647663492:,1747647680976
counter/2/0/0/0,17631:1747647663666:,1747647680976
counter/9/0/0/0,18960:1747647664577:,1747647680976
counter/5/0/0/0,17156:1747647663492:,1747647680976
counter/2/0/0/0,17632:1747647663666:,1747647680976
counter/9/0/0/0,18961:1747647664577:,1747647680976
counter/5/0/0/0,17157:1747647663492:,1747647680977
counter/2/0/0/0,17633:1747647663669:,1747647680977
counter/9/0/0/0,18962:1747647664577:,1747647680977
counter/5/0/0/0,17158:1747647663492:,1747647680977
counter/2/0/0/0,17634:1747647663669:,1747647680977
counter/9/0/0/0,18963:1747647664577:,1747647680977
counter/5/0/0/0,17159:1747647663492:,1747647680977
counter/2/0/0/0,17635:1747647663669:,1747647680977
counter/9/0/0/0,18964:1747647664577:,1747647680977
counter/5/0/0/0,17160:1747647663492:,1747647680977
counter/2/0/0/0,17636:1747647663669:,1747647680977
counter/9/0/0/0,18965:1747647664577:,1747647680977
counter/5/0/0/0,17161:1747647663492:,1747647680977
counter/2/0/0/0,17637:1747647663669:,1747647680977
counter/9/0/0/0,18966:1747647664577:,1747647680977
counter/5/0/0/0,17162:1747647663492:,1747647680977
counter/2/0/0/0,17638:1747647663669:,1747647680977
counter/9/0/0/0,18967:1747647664577:,1747647680977
counter/5/0/0/0,17163:1747647663492:,1747647680977
counter/2/0/0/0,17639:1747647663670:,1747647680977
counter/9/0/0/0,18968:1747647664577:,1747647680977
counter/5/0/0/0,17164:1747647663492:,1747647680977
counter/6/0/0/0,16227:1747647663277:,1747647680977
counter/2/0/0/0,17640:1747647663670:,1747647680977
counter/9/0/0/0,18969:1747647664577:,1747647680977
counter/5/0/0/0,17165:1747647663492:,1747647680977
counter/10/0/0/0,16025:1747647662542:,1747647680977
counter/2/0/0/0,17641:1747647663670:,1747647680977
counter/9/0/0/0,18970:1747647664577:,1747647680977
counter/5/0/0/0,17166:1747647663495:,1747647680977
counter/10/0/0/0,16026:1747647662542:,1747647680977
counter/2/0/0/0,17642:1747647663670:,1747647680977
counter/9/0/0/0,18971:1747647664578:,1747647680977
counter/5/0/0/0,17167:1747647663495:,1747647680977
counter/10/0/0/0,16027:1747647662543:,1747647680977
counter/2/0/0/0,17643:1747647663670:,1747647680977
counter/9/0/0/0,18972:1747647664578:,1747647680977
counter/5/0/0/0,17168:1747647663495:,1747647680977
counter/10/0/0/0,16028:1747647662543:,1747647680977
counter/2/0/0/0,17644:1747647663671:,1747647680977
counter/9/0/0/0,18973:1747647664578:,1747647680977
counter/5/0/0/0,17169:1747647663495:,1747647680978
counter/10/0/0/0,16029:1747647662543:,1747647680978
counter/6/0/0/0,16228:1747647663277:,1747647680978
counter/2/0/0/0,17645:1747647663671:,1747647680978
counter/9/0/0/0,18974:1747647664578:,1747647680978
counter/5/0/0/0,17170:1747647663495:,1747647680978
counter/10/0/0/0,16030:1747647662543:,1747647680978
counter/2/0/0/0,17646:1747647663671:,1747647680978
counter/9/0/0/0,18975:1747647664578:,1747647680978
counter/5/0/0/0,17171:1747647663495:,1747647680978
counter/10/0/0/0,16031:1747647662543:,1747647680978
counter/2/0/0/0,17647:1747647663671:,1747647680978
counter/9/0/0/0,18976:1747647664578:,1747647680978
counter/5/0/0/0,17172:1747647663495:,1747647680978
counter/2/0/0/0,17648:1747647663671:,1747647680978
counter/9/0/0/0,18977:1747647664578:,1747647680978
counter/5/0/0/0,17173:1747647663499:,1747647680978
counter/2/0/0/0,17649:1747647663671:,1747647680978
counter/9/0/0/0,18978:1747647664578:,1747647680978
counter/5/0/0/0,17174:1747647663499:,1747647680978
counter/2/0/0/0,17650:1747647663671:,1747647680978
counter/9/0/0/0,18979:1747647664578:,1747647680978
counter/5/0/0/0,17175:1747647663499:,1747647680978
counter/2/0/0/0,17651:1747647663673:,1747647680978
counter/9/0/0/0,18980:1747647664578:,1747647680978
counter/5/0/0/0,17176:1747647663499:,1747647680978
counter/2/0/0/0,17652:1747647663673:,1747647680978
counter/9/0/0/0,18981:1747647664578:,1747647680978
counter/5/0/0/0,17177:1747647663499:,1747647680978
counter/2/0/0/0,17653:1747647663673:,1747647680978
counter/9/0/0/0,18982:1747647664578:,1747647680978
counter/5/0/0/0,17178:1747647663499:,1747647680978
counter/2/0/0/0,17654:1747647663673:,1747647680978
counter/9/0/0/0,18983:1747647664578:,1747647680978
counter/5/0/0/0,17179:1747647663499:,1747647680978
counter/2/0/0/0,17655:1747647663674:,1747647680978
counter/9/0/0/0,18984:1747647664578:,1747647680978
counter/5/0/0/0,17180:1747647663499:,1747647680978
counter/2/0/0/0,17656:1747647663674:,1747647680978
counter/9/0/0/0,18985:1747647664578:,1747647680978
counter/5/0/0/0,17181:1747647663499:,1747647680978
counter/2/0/0/0,17657:1747647663674:,1747647680978
counter/9/0/0/0,18986:1747647664580:,1747647680978
counter/5/0/0/0,17182:1747647663499:,1747647680978
counter/2/0/0/0,17658:1747647663674:,1747647680979
counter/9/0/0/0,18987:1747647664580:,1747647680979
counter/5/0/0/0,17183:1747647663499:,1747647680979
counter/2/0/0/0,17659:1747647663674:,1747647680979
counter/9/0/0/0,18988:1747647664580:,1747647680979
counter/5/0/0/0,17184:1747647663499:,1747647680979
counter/2/0/0/0,17660:1747647663674:,1747647680979
counter/9/0/0/0,18989:1747647664580:,1747647680979
counter/5/0/0/0,17185:1747647663499:,1747647680979
counter/2/0/0/0,17661:1747647663674:,1747647680979
counter/9/0/0/0,18990:1747647664587:,1747647680979
counter/5/0/0/0,17186:1747647663513:,1747647680979
counter/2/0/0/0,17662:1747647663674:,1747647680979
counter/9/0/0/0,18991:1747647664587:,1747647680979
counter/5/0/0/0,17187:1747647663513:,1747647680979
counter/2/0/0/0,17663:1747647663674:,1747647680979
counter/9/0/0/0,18992:1747647664587:,1747647680979
counter/5/0/0/0,17188:1747647663513:,1747647680979
counter/2/0/0/0,17664:1747647663674:,1747647680979
counter/9/0/0/0,18993:1747647664587:,1747647680979
counter/5/0/0/0,17189:1747647663513:,1747647680979
counter/2/0/0/0,17665:1747647663681:,1747647680979
counter/9/0/0/0,18994:1747647664587:,1747647680979
counter/5/0/0/0,17190:1747647663513:,1747647680979
counter/2/0/0/0,17666:1747647663681:,1747647680979
counter/9/0/0/0,18995:1747647664587:,1747647680979
counter/5/0/0/0,17191:1747647663513:,1747647680979
counter/2/0/0/0,17667:1747647663681:,1747647680979
counter/9/0/0/0,18996:1747647664587:,1747647680979
counter/5/0/0/0,17192:1747647663513:,1747647680979
counter/2/0/0/0,17668:1747647663681:,1747647680979
counter/9/0/0/0,18997:1747647664587:,1747647680979
counter/5/0/0/0,17193:1747647663516:,1747647680979
counter/4/0/0/0,16672:1747647664581:,1747647680979
counter/2/0/0/0,17669:1747647663681:,1747647680979
counter/9/0/0/0,18998:1747647664587:,1747647680979
counter/5/0/0/0,17194:1747647663516:,1747647680979
counter/3/0/0/0,17276:1747647664507:,1747647680979
counter/1/0/0/0,17928:1747647664664:,1747647680979
counter/2/0/0/0,17670:1747647663681:,1747647680979
counter/9/0/0/0,18999:1747647664587:,1747647680979
counter/5/0/0/0,17195:1747647663516:,1747647680980
counter/3/0/0/0,17277:1747647664507:,1747647680980
counter/2/0/0/0,17671:1747647663681:,1747647680980
counter/9/0/0/0,19000:1747647664587:,1747647680980
counter/5/0/0/0,17196:1747647663516:,1747647680980
counter/3/0/0/0,17278:1747647664507:,1747647680980
counter/6/0/0/0,16229:1747647663277:,1747647680980
counter/2/0/0/0,17672:1747647663681:,1747647680980
counter/9/0/0/0,19001:1747647664587:,1747647680980
counter/5/0/0/0,17197:1747647663516:,1747647680980
counter/3/0/0/0,17279:1747647664507:,1747647680980
counter/2/0/0/0,17673:1747647663681:,1747647680980
counter/9/0/0/0,19002:1747647664587:,1747647680980
counter/5/0/0/0,17198:1747647663516:,1747647680980
counter/3/0/0/0,17280:1747647664507:,1747647680980
counter/2/0/0/0,17674:1747647663692:,1747647680980
counter/9/0/0/0,19003:1747647664587:,1747647680980
counter/5/0/0/0,17199:1747647663516:,1747647680980
counter/2/0/0/0,17675:1747647663692:,1747647680980
counter/9/0/0/0,19004:1747647664587:,1747647680980
counter/5/0/0/0,17200:1747647663516:,1747647680980
counter/2/0/0/0,17676:1747647663692:,1747647680980
counter/9/0/0/0,19005:1747647664587:,1747647680980
counter/5/0/0/0,17201:1747647663519:,1747647680980
counter/2/0/0/0,17677:1747647663692:,1747647680980
counter/9/0/0/0,19006:1747647664595:,1747647680980
counter/5/0/0/0,17202:1747647663519:,1747647680980
counter/2/0/0/0,17678:1747647663692:,1747647680980
counter/9/0/0/0,19007:1747647664595:,1747647680980
counter/5/0/0/0,17203:1747647663519:,1747647680980
counter/2/0/0/0,17679:1747647663692:,1747647680980
counter/9/0/0/0,19008:1747647664595:,1747647680980
counter/5/0/0/0,17204:1747647663519:,1747647680980
counter/2/0/0/0,17680:1747647663692:,1747647680980
counter/9/0/0/0,19009:1747647664595:,1747647680980
counter/5/0/0/0,17205:1747647663519:,1747647680980
counter/2/0/0/0,17681:1747647663692:,1747647680980
counter/9/0/0/0,19010:1747647664595:,1747647680980
counter/5/0/0/0,17206:1747647663519:,1747647680980
counter/2/0/0/0,17682:1747647663692:,1747647680980
counter/9/0/0/0,19011:1747647664595:,1747647680980
counter/5/0/0/0,17207:1747647663519:,1747647680980
counter/2/0/0/0,17683:1747647663692:,1747647680980
counter/9/0/0/0,19012:1747647664602:,1747647680980
counter/5/0/0/0,17208:1747647663519:,1747647680980
counter/2/0/0/0,17684:1747647663692:,1747647680981
counter/9/0/0/0,19013:1747647664602:,1747647680981
counter/5/0/0/0,17209:1747647663519:,1747647680981
counter/2/0/0/0,17685:1747647663692:,1747647680981
counter/9/0/0/0,19014:1747647664602:,1747647680981
counter/5/0/0/0,17210:1747647663519:,1747647680981
counter/2/0/0/0,17686:1747647663692:,1747647680981
counter/9/0/0/0,19015:1747647664602:,1747647680981
counter/5/0/0/0,17211:1747647663519:,1747647680981
counter/2/0/0/0,17687:1747647663692:,1747647680981
counter/9/0/0/0,19016:1747647664602:,1747647680981
counter/5/0/0/0,17212:1747647663519:,1747647680981
counter/2/0/0/0,17688:1747647663692:,1747647680981
counter/9/0/0/0,19017:1747647664602:,1747647680981
counter/5/0/0/0,17213:1747647663519:,1747647680981
counter/2/0/0/0,17689:1747647663701:,1747647680981
counter/9/0/0/0,19018:1747647664602:,1747647680981
counter/5/0/0/0,17214:1747647663519:,1747647680981
counter/2/0/0/0,17690:1747647663701:,1747647680981
counter/9/0/0/0,19019:1747647664602:,1747647680981
counter/5/0/0/0,17215:1747647663519:,1747647680981
counter/2/0/0/0,17691:1747647663701:,1747647680981
counter/9/0/0/0,19020:1747647664602:,1747647680981
counter/5/0/0/0,17216:1747647663519:,1747647680981
counter/2/0/0/0,17692:1747647663701:,1747647680981
counter/9/0/0/0,19021:1747647664602:,1747647680981
counter/5/0/0/0,17217:1747647663528:,1747647680981
counter/2/0/0/0,17693:1747647663701:,1747647680981
counter/9/0/0/0,19022:1747647664602:,1747647680981
counter/5/0/0/0,17218:1747647663528:,1747647680981
counter/2/0/0/0,17694:1747647663701:,1747647680981
counter/9/0/0/0,19023:1747647664602:,1747647680981
counter/5/0/0/0,17219:1747647663528:,1747647680981
counter/2/0/0/0,17695:1747647663701:,1747647680981
counter/9/0/0/0,19024:1747647664602:,1747647680981
counter/5/0/0/0,17220:1747647663528:,1747647680981
counter/2/0/0/0,17696:1747647663701:,1747647680981
counter/9/0/0/0,19025:1747647664602:,1747647680981
counter/5/0/0/0,17221:1747647663528:,1747647680981
counter/2/0/0/0,17697:1747647663701:,1747647680981
counter/9/0/0/0,19026:1747647664604:,1747647680982
counter/5/0/0/0,17222:1747647663528:,1747647680982
counter/2/0/0/0,17698:1747647663701:,1747647680982
counter/9/0/0/0,19027:1747647664607:,1747647680982
counter/5/0/0/0,17223:1747647663541:,1747647680982
counter/2/0/0/0,17699:1747647663701:,1747647680982
counter/9/0/0/0,19028:1747647664607:,1747647680982
counter/5/0/0/0,17224:1747647663541:,1747647680982
counter/2/0/0/0,17700:1747647663701:,1747647680982
counter/9/0/0/0,19029:1747647664607:,1747647680982
counter/5/0/0/0,17225:1747647663541:,1747647680982
counter/2/0/0/0,17701:1747647663701:,1747647680982
counter/9/0/0/0,19030:1747647664607:,1747647680982
counter/5/0/0/0,17226:1747647663541:,1747647680982
counter/2/0/0/0,17702:1747647663701:,1747647680982
counter/9/0/0/0,19031:1747647664613:,1747647680982
counter/5/0/0/0,17227:1747647663541:,1747647680982
counter/2/0/0/0,17703:1747647663701:,1747647680982
counter/9/0/0/0,19032:1747647664613:,1747647680982
counter/5/0/0/0,17228:1747647663541:,1747647680982
counter/2/0/0/0,17704:1747647663701:,1747647680982
counter/9/0/0/0,19033:1747647664613:,1747647680982
counter/5/0/0/0,17229:1747647663541:,1747647680982
counter/2/0/0/0,17705:1747647663701:,1747647680982
counter/9/0/0/0,19034:1747647664614:,1747647680982
counter/5/0/0/0,17230:1747647663541:,1747647680982
counter/2/0/0/0,17706:1747647663701:,1747647680982
counter/9/0/0/0,19035:1747647664614:,1747647680982
counter/5/0/0/0,17231:1747647663541:,1747647680982
counter/2/0/0/0,17707:1747647663701:,1747647680982
counter/9/0/0/0,19036:1747647664614:,1747647680982
counter/5/0/0/0,17232:1747647663541:,1747647680982
counter/2/0/0/0,17708:1747647663701:,1747647680982
counter/9/0/0/0,19037:1747647664614:,1747647680982
counter/5/0/0/0,17233:1747647663541:,1747647680982
counter/2/0/0/0,17709:1747647663701:,1747647680982
counter/9/0/0/0,19038:1747647664614:,1747647680982
counter/5/0/0/0,17234:1747647663541:,1747647680982
counter/2/0/0/0,17710:1747647663701:,1747647680982
counter/9/0/0/0,19039:1747647664614:,1747647680982
counter/5/0/0/0,17235:1747647663541:,1747647680982
counter/2/0/0/0,17711:1747647663701:,1747647680982
counter/9/0/0/0,19040:1747647664614:,1747647680982
counter/5/0/0/0,17236:1747647663543:,1747647680982
counter/2/0/0/0,17712:1747647663701:,1747647680982
counter/9/0/0/0,19041:1747647664614:,1747647680983
counter/5/0/0/0,17237:1747647663543:,1747647680983
counter/2/0/0/0,17713:1747647663706:,1747647680983
counter/9/0/0/0,19042:1747647664614:,1747647680983
counter/5/0/0/0,17238:1747647663543:,1747647680983
counter/2/0/0/0,17714:1747647663706:,1747647680983
counter/9/0/0/0,19043:1747647664614:,1747647680983
counter/5/0/0/0,17239:1747647663543:,1747647680983
counter/2/0/0/0,17715:1747647663706:,1747647680983
counter/5/0/0/0,17240:1747647663545:,1747647680983
counter/2/0/0/0,17716:1747647663706:,1747647680983
counter/5/0/0/0,17241:1747647663545:,1747647680983
counter/2/0/0/0,17717:1747647663706:,1747647680983
counter/5/0/0/0,17242:1747647663545:,1747647680983
counter/2/0/0/0,17718:1747647663706:,1747647680983
counter/5/0/0/0,17243:1747647663545:,1747647680983
counter/2/0/0/0,17719:1747647663706:,1747647680983
counter/5/0/0/0,17244:1747647663545:,1747647680983
counter/2/0/0/0,17720:1747647663706:,1747647680983
counter/5/0/0/0,17245:1747647663545:,1747647680983
counter/2/0/0/0,17721:1747647663706:,1747647680983
counter/5/0/0/0,17246:1747647663545:,1747647680983
counter/2/0/0/0,17722:1747647663706:,1747647680983
counter/5/0/0/0,17247:1747647663545:,1747647680983
counter/2/0/0/0,17723:1747647663706:,1747647680983
counter/5/0/0/0,17248:1747647663546:,1747647680983
counter/2/0/0/0,17724:1747647663706:,1747647680983
counter/5/0/0/0,17249:1747647663546:,1747647680983
counter/2/0/0/0,17725:1747647663706:,1747647680983
counter/5/0/0/0,17250:1747647663547:,1747647680983
counter/2/0/0/0,17726:1747647663706:,1747647680983
counter/5/0/0/0,17251:1747647663547:,1747647680983
counter/2/0/0/0,17727:1747647663706:,1747647680983
counter/5/0/0/0,17252:1747647663547:,1747647680983
counter/2/0/0/0,17728:1747647663707:,1747647680983
counter/5/0/0/0,17253:1747647663547:,1747647680983
counter/2/0/0/0,17729:1747647663707:,1747647680983
counter/5/0/0/0,17254:1747647663547:,1747647680983
counter/2/0/0/0,17730:1747647663707:,1747647680983
counter/5/0/0/0,17255:1747647663547:,1747647680983
counter/2/0/0/0,17731:1747647663707:,1747647680983
counter/5/0/0/0,17256:1747647663547:,1747647680983
counter/2/0/0/0,17732:1747647663707:,1747647680983
counter/5/0/0/0,17257:1747647663547:,1747647680984
counter/2/0/0/0,17733:1747647663707:,1747647680984
counter/5/0/0/0,17258:1747647663547:,1747647680984
counter/2/0/0/0,17734:1747647663707:,1747647680984
counter/5/0/0/0,17259:1747647663547:,1747647680984
counter/2/0/0/0,17735:1747647663707:,1747647680984
counter/5/0/0/0,17260:1747647663547:,1747647680984
counter/2/0/0/0,17736:1747647663707:,1747647680984
counter/5/0/0/0,17261:1747647663547:,1747647680984
counter/2/0/0/0,17737:1747647663707:,1747647680984
counter/5/0/0/0,17262:1747647663547:,1747647680984
counter/2/0/0/0,17738:1747647663707:,1747647680984
counter/5/0/0/0,17263:1747647663547:,1747647680984
counter/2/0/0/0,17739:1747647663711:,1747647680984
counter/5/0/0/0,17264:1747647663552:,1747647680984
counter/8/0/0/0,17604:1747647663245:,1747647680984
counter/2/0/0/0,17740:1747647663719:,1747647680984
counter/5/0/0/0,17265:1747647663552:,1747647680984
counter/10/0/0/0,16032:1747647662543:,1747647680984
counter/2/0/0/0,17741:1747647663719:,1747647680984
counter/5/0/0/0,17266:1747647663552:,1747647680984
counter/3/0/0/0,17281:1747647664507:,1747647680984
counter/2/0/0/0,17742:1747647663719:,1747647680984
counter/5/0/0/0,17267:1747647663552:,1747647680984
counter/6/0/0/0,16230:1747647663277:,1747647680984
counter/2/0/0/0,17743:1747647663719:,1747647680984
counter/5/0/0/0,17268:1747647663552:,1747647680984
counter/4/0/0/0,16673:1747647664581:,1747647680984
counter/7/0/0/0,15875:1747647662548:,1747647680984
counter/2/0/0/0,17744:1747647663719:,1747647680984
counter/5/0/0/0,17269:1747647663552:,1747647680984
counter/1/0/0/0,17929:1747647664665:,1747647680984
counter/6/0/0/0,16231:1747647663277:,1747647680984
counter/2/0/0/0,17745:1747647663719:,1747647680984
counter/5/0/0/0,17270:1747647663552:,1747647680984
counter/9/0/0/0,19044:1747647664614:,1747647680984
counter/8/0/0/0,17605:1747647663245:,1747647680984
counter/2/0/0/0,17746:1747647663720:,1747647680984
counter/5/0/0/0,17271:1747647663552:,1747647680984
counter/9/0/0/0,19045:1747647664614:,1747647680984
counter/2/0/0/0,17747:1747647663720:,1747647680984
counter/5/0/0/0,17272:1747647663552:,1747647680984
counter/9/0/0/0,19046:1747647664616:,1747647680985
counter/2/0/0/0,17748:1747647663720:,1747647680985
counter/5/0/0/0,17273:1747647663552:,1747647680985
counter/9/0/0/0,19047:1747647664616:,1747647680985
counter/2/0/0/0,17749:1747647663720:,1747647680985
counter/5/0/0/0,17274:1747647663552:,1747647680985
counter/9/0/0/0,19048:1747647664618:,1747647680985
counter/2/0/0/0,17750:1747647663720:,1747647680985
counter/5/0/0/0,17275:1747647663552:,1747647680985
counter/9/0/0/0,19049:1747647664619:,1747647680985
counter/2/0/0/0,17751:1747647663720:,1747647680985
counter/5/0/0/0,17276:1747647663552:,1747647680985
counter/9/0/0/0,19050:1747647664619:,1747647680985
counter/2/0/0/0,17752:1747647663720:,1747647680985
counter/5/0/0/0,17277:1747647663552:,1747647680985
counter/9/0/0/0,19051:1747647664619:,1747647680985
counter/2/0/0/0,17753:1747647663720:,1747647680985
counter/5/0/0/0,17278:1747647663552:,1747647680985
counter/9/0/0/0,19052:1747647664619:,1747647680985
counter/2/0/0/0,17754:1747647663725:,1747647680985
counter/5/0/0/0,17279:1747647663552:,1747647680985
counter/9/0/0/0,19053:1747647664625:,1747647680985
counter/2/0/0/0,17755:1747647663725:,1747647680985
counter/5/0/0/0,17280:1747647663552:,1747647680985
counter/9/0/0/0,19054:1747647664625:,1747647680985
counter/2/0/0/0,17756:1747647663725:,1747647680985
counter/5/0/0/0,17281:1747647663552:,1747647680985
counter/9/0/0/0,19055:1747647664625:,1747647680985
counter/2/0/0/0,17757:1747647663725:,1747647680985
counter/5/0/0/0,17282:1747647663552:,1747647680985
counter/9/0/0/0,19056:1747647664625:,1747647680985
counter/2/0/0/0,17758:1747647663725:,1747647680985
counter/5/0/0/0,17283:1747647663552:,1747647680985
counter/9/0/0/0,19057:1747647664625:,1747647680985
counter/2/0/0/0,17759:1747647663725:,1747647680985
counter/5/0/0/0,17284:1747647663552:,1747647680985
counter/9/0/0/0,19058:1747647664625:,1747647680985
counter/2/0/0/0,17760:1747647663725:,1747647680985
counter/5/0/0/0,17285:1747647663552:,1747647680985
counter/9/0/0/0,19059:1747647664625:,1747647680986
counter/2/0/0/0,17761:1747647663725:,1747647680986
counter/5/0/0/0,17286:1747647663552:,1747647680986
counter/9/0/0/0,19060:1747647664625:,1747647680986
counter/2/0/0/0,17762:1747647663725:,1747647680986
counter/5/0/0/0,17287:1747647663552:,1747647680986
counter/9/0/0/0,19061:1747647664625:,1747647680986
counter/2/0/0/0,17763:1747647663725:,1747647680986
counter/5/0/0/0,17288:1747647663552:,1747647680986
counter/9/0/0/0,19062:1747647664625:,1747647680986
counter/2/0/0/0,17764:1747647663725:,1747647680986
counter/5/0/0/0,17289:1747647663552:,1747647680986
counter/9/0/0/0,19063:1747647664625:,1747647680986
counter/2/0/0/0,17765:1747647663725:,1747647680986
counter/5/0/0/0,17290:1747647663552:,1747647680986
counter/9/0/0/0,19064:1747647664625:,1747647680986
counter/2/0/0/0,17766:1747647663725:,1747647680986
counter/5/0/0/0,17291:1747647663552:,1747647680986
counter/9/0/0/0,19065:1747647664625:,1747647680986
counter/2/0/0/0,17767:1747647663725:,1747647680986
counter/5/0/0/0,17292:1747647663552:,1747647680986
counter/9/0/0/0,19066:1747647664625:,1747647680986
counter/2/0/0/0,17768:1747647663726:,1747647680986
counter/5/0/0/0,17293:1747647663554:,1747647680986
counter/9/0/0/0,19067:1747647664625:,1747647680986
counter/2/0/0/0,17769:1747647663726:,1747647680986
counter/5/0/0/0,17294:1747647663555:,1747647680986
counter/9/0/0/0,19068:1747647664625:,1747647680986
counter/3/0/0/0,17282:1747647664507:,1747647680986
counter/2/0/0/0,17770:1747647663726:,1747647680986
counter/5/0/0/0,17295:1747647663555:,1747647680986
counter/9/0/0/0,19069:1747647664628:,1747647680986
counter/7/0/0/0,15876:1747647662548:,1747647680986
counter/1/0/0/0,17930:1747647664665:,1747647680986
counter/6/0/0/0,16232:1747647663277:,1747647680986
counter/2/0/0/0,17771:1747647663726:,1747647680986
counter/5/0/0/0,17296:1747647663556:,1747647680986
counter/9/0/0/0,19070:1747647664628:,1747647680986
counter/8/0/0/0,17606:1747647663245:,1747647680986
counter/2/0/0/0,17772:1747647663726:,1747647680986
counter/5/0/0/0,17297:1747647663556:,1747647680986
counter/9/0/0/0,19071:1747647664628:,1747647680987
counter/8/0/0/0,17607:1747647663245:,1747647680987
counter/2/0/0/0,17773:1747647663726:,1747647680987
counter/5/0/0/0,17298:1747647663556:,1747647680987
counter/9/0/0/0,19072:1747647664628:,1747647680987
counter/8/0/0/0,17608:1747647663245:,1747647680987
counter/10/0/0/0,16033:1747647662543:,1747647680987
counter/2/0/0/0,17774:1747647663726:,1747647680987
counter/5/0/0/0,17299:1747647663556:,1747647680987
counter/9/0/0/0,19073:1747647664628:,1747647680987
counter/8/0/0/0,17609:1747647663245:,1747647680987
counter/3/0/0/0,17283:1747647664507:,1747647680987
counter/2/0/0/0,17775:1747647663726:,1747647680987
counter/5/0/0/0,17300:1747647663557:,1747647680987
counter/9/0/0/0,19074:1747647664628:,1747647680987
counter/8/0/0/0,17610:1747647663245:,1747647680987
counter/2/0/0/0,17776:1747647663726:,1747647680987
counter/5/0/0/0,17301:1747647663557:,1747647680987
counter/9/0/0/0,19075:1747647664628:,1747647680987
counter/8/0/0/0,17611:1747647663245:,1747647680987
counter/2/0/0/0,17777:1747647663726:,1747647680987
counter/5/0/0/0,17302:1747647663557:,1747647680987
counter/9/0/0/0,19076:1747647664628:,1747647680987
counter/8/0/0/0,17612:1747647663245:,1747647680987
counter/2/0/0/0,17778:1747647663726:,1747647680987
counter/5/0/0/0,17303:1747647663557:,1747647680987
counter/9/0/0/0,19077:1747647664628:,1747647680987
counter/8/0/0/0,17613:1747647663245:,1747647680987
counter/2/0/0/0,17779:1747647663726:,1747647680987
counter/5/0/0/0,17304:1747647663557:,1747647680987
counter/9/0/0/0,19078:1747647664628:,1747647680987
counter/8/0/0/0,17614:1747647663245:,1747647680987
counter/2/0/0/0,17780:1747647663736:,1747647680987
counter/5/0/0/0,17305:1747647663557:,1747647680987
counter/9/0/0/0,19079:1747647664628:,1747647680987
counter/8/0/0/0,17615:1747647663245:,1747647680987
counter/2/0/0/0,17781:1747647663736:,1747647680987
counter/5/0/0/0,17306:1747647663557:,1747647680987
counter/9/0/0/0,19080:1747647664628:,1747647680987
counter/8/0/0/0,17616:1747647663245:,1747647680987
counter/2/0/0/0,17782:1747647663736:,1747647680987
counter/5/0/0/0,17307:1747647663558:,1747647680987
counter/9/0/0/0,19081:1747647664628:,1747647680987
counter/2/0/0/0,17783:1747647663736:,1747647680987
counter/5/0/0/0,17308:1747647663558:,1747647680988
counter/9/0/0/0,19082:1747647664628:,1747647680988
counter/2/0/0/0,17784:1747647663736:,1747647680988
counter/5/0/0/0,17309:1747647663558:,1747647680988
counter/9/0/0/0,19083:1747647664628:,1747647680988
counter/2/0/0/0,17785:1747647663736:,1747647680988
counter/5/0/0/0,17310:1747647663558:,1747647680988
counter/9/0/0/0,19084:1747647664628:,1747647680988
counter/1/0/0/0,17931:1747647664676:,1747647680988
counter/2/0/0/0,17786:1747647663736:,1747647680988
counter/5/0/0/0,17311:1747647663558:,1747647680988
counter/9/0/0/0,19085:1747647664628:,1747647680988
counter/7/0/0/0,15877:1747647662548:,1747647680988
counter/8/0/0/0,17617:1747647663245:,1747647680988
counter/2/0/0/0,17787:1747647663736:,1747647680988
counter/5/0/0/0,17312:1747647663565:,1747647680988
counter/9/0/0/0,19086:1747647664628:,1747647680988
counter/6/0/0/0,16233:1747647663277:,1747647680988
counter/4/0/0/0,16674:1747647664581:,1747647680988
counter/2/0/0/0,17788:1747647663736:,1747647680988
counter/5/0/0/0,17313:1747647663565:,1747647680988
counter/9/0/0/0,19087:1747647664628:,1747647680988
counter/2/0/0/0,17789:1747647663736:,1747647680988
counter/5/0/0/0,17314:1747647663565:,1747647680988
counter/9/0/0/0,19088:1747647664629:,1747647680988
counter/2/0/0/0,17790:1747647663736:,1747647680988
counter/5/0/0/0,17315:1747647663565:,1747647680988
counter/9/0/0/0,19089:1747647664629:,1747647680988
counter/2/0/0/0,17791:1747647663736:,1747647680988
counter/5/0/0/0,17316:1747647663565:,1747647680988
counter/9/0/0/0,19090:1747647664634:,1747647680988
counter/2/0/0/0,17792:1747647663736:,1747647680988
counter/5/0/0/0,17317:1747647663565:,1747647680988
counter/9/0/0/0,19091:1747647664634:,1747647680988
counter/2/0/0/0,17793:1747647663736:,1747647680988
counter/5/0/0/0,17318:1747647663565:,1747647680988
counter/9/0/0/0,19092:1747647664634:,1747647680988
counter/2/0/0/0,17794:1747647663736:,1747647680988
counter/5/0/0/0,17319:1747647663565:,1747647680988
counter/9/0/0/0,19093:1747647664634:,1747647680988
counter/2/0/0/0,17795:1747647663736:,1747647680988
counter/5/0/0/0,17320:1747647663565:,1747647680988
counter/9/0/0/0,19094:1747647664634:,1747647680989
counter/2/0/0/0,17796:1747647663736:,1747647680989
counter/5/0/0/0,17321:1747647663565:,1747647680989
counter/9/0/0/0,19095:1747647664634:,1747647680989
counter/2/0/0/0,17797:1747647663736:,1747647680989
counter/5/0/0/0,17322:1747647663565:,1747647680989
counter/9/0/0/0,19096:1747647664634:,1747647680989
counter/6/0/0/0,16234:1747647663277:,1747647680989
counter/2/0/0/0,17798:1747647663736:,1747647680989
counter/5/0/0/0,17323:1747647663565:,1747647680989
counter/9/0/0/0,19097:1747647664634:,1747647680989
counter/3/0/0/0,17284:1747647664507:,1747647680989
counter/2/0/0/0,17799:1747647663736:,1747647680989
counter/5/0/0/0,17324:1747647663565:,1747647680989
counter/9/0/0/0,19098:1747647664635:,1747647680989
counter/4/0/0/0,16675:1747647664581:,1747647680989
counter/2/0/0/0,17800:1747647663736:,1747647680989
counter/5/0/0/0,17325:1747647663566:,1747647680989
counter/9/0/0/0,19099:1747647664636:,1747647680989
counter/2/0/0/0,17801:1747647663739:,1747647680989
counter/5/0/0/0,17326:1747647663566:,1747647680989
counter/9/0/0/0,19100:1747647664636:,1747647680989
counter/2/0/0/0,17802:1747647663740:,1747647680989
counter/5/0/0/0,17327:1747647663566:,1747647680989
counter/9/0/0/0,19101:1747647664636:,1747647680989
counter/2/0/0/0,17803:1747647663742:,1747647680989
counter/5/0/0/0,17328:1747647663567:,1747647680989
counter/9/0/0/0,19102:1747647664636:,1747647680989
counter/2/0/0/0,17804:1747647663742:,1747647680989
counter/5/0/0/0,17329:1747647663567:,1747647680989
counter/9/0/0/0,19103:1747647664636:,1747647680989
counter/2/0/0/0,17805:1747647663742:,1747647680989
counter/5/0/0/0,17330:1747647663567:,1747647680989
counter/9/0/0/0,19104:1747647664637:,1747647680989
counter/2/0/0/0,17806:1747647663742:,1747647680989
counter/5/0/0/0,17331:1747647663567:,1747647680989
counter/9/0/0/0,19105:1747647664637:,1747647680989
counter/2/0/0/0,17807:1747647663742:,1747647680989
counter/5/0/0/0,17332:1747647663567:,1747647680989
counter/9/0/0/0,19106:1747647664637:,1747647680989
counter/2/0/0/0,17808:1747647663742:,1747647680989
counter/5/0/0/0,17333:1747647663567:,1747647680989
counter/9/0/0/0,19107:1747647664643:,1747647680989
counter/2/0/0/0,17809:1747647663742:,1747647680989
counter/5/0/0/0,17334:1747647663567:,1747647680990
counter/9/0/0/0,19108:1747647664643:,1747647680990
counter/2/0/0/0,17810:1747647663742:,1747647680990
counter/5/0/0/0,17335:1747647663567:,1747647680990
counter/9/0/0/0,19109:1747647664643:,1747647680990
counter/2/0/0/0,17811:1747647663742:,1747647680990
counter/5/0/0/0,17336:1747647663567:,1747647680990
counter/9/0/0/0,19110:1747647664644:,1747647680990
counter/2/0/0/0,17812:1747647663742:,1747647680990
counter/5/0/0/0,17337:1747647663567:,1747647680990
counter/9/0/0/0,19111:1747647664644:,1747647680990
counter/2/0/0/0,17813:1747647663742:,1747647680990
counter/5/0/0/0,17338:1747647663567:,1747647680990
counter/9/0/0/0,19112:1747647664644:,1747647680990
counter/2/0/0/0,17814:1747647663746:,1747647680990
counter/5/0/0/0,17339:1747647663567:,1747647680990
counter/9/0/0/0,19113:1747647664646:,1747647680990
counter/2/0/0/0,17815:1747647663746:,1747647680990
counter/5/0/0/0,17340:1747647663567:,1747647680990
counter/9/0/0/0,19114:1747647664646:,1747647680990
counter/2/0/0/0,17816:1747647663746:,1747647680990
counter/5/0/0/0,17341:1747647663567:,1747647680990
counter/9/0/0/0,19115:1747647664648:,1747647680990
counter/2/0/0/0,17817:1747647663746:,1747647680990
counter/5/0/0/0,17342:1747647663567:,1747647680990
counter/9/0/0/0,19116:1747647664648:,1747647680990
counter/2/0/0/0,17818:1747647663746:,1747647680990
counter/5/0/0/0,17343:1747647663567:,1747647680990
counter/9/0/0/0,19117:1747647664648:,1747647680990
counter/2/0/0/0,17819:1747647663746:,1747647680990
counter/5/0/0/0,17344:1747647663567:,1747647680990
counter/9/0/0/0,19118:1747647664648:,1747647680990
counter/2/0/0/0,17820:1747647663746:,1747647680990
counter/5/0/0/0,17345:1747647663567:,1747647680990
counter/9/0/0/0,19119:1747647664648:,1747647680990
counter/2/0/0/0,17821:1747647663746:,1747647680990
counter/5/0/0/0,17346:1747647663568:,1747647680990
counter/9/0/0/0,19120:1747647664649:,1747647680990
counter/2/0/0/0,17822:1747647663746:,1747647680990
counter/5/0/0/0,17347:1747647663568:,1747647680990
counter/9/0/0/0,19121:1747647664649:,1747647680990
counter/2/0/0/0,17823:1747647663746:,1747647680990
counter/5/0/0/0,17348:1747647663568:,1747647680990
counter/9/0/0/0,19122:1747647664649:,1747647680991
counter/2/0/0/0,17824:1747647663751:,1747647680991
counter/5/0/0/0,17349:1747647663568:,1747647680991
counter/9/0/0/0,19123:1747647664649:,1747647680991
counter/2/0/0/0,17825:1747647663752:,1747647680991
counter/5/0/0/0,17350:1747647663568:,1747647680991
counter/9/0/0/0,19124:1747647664649:,1747647680991
counter/2/0/0/0,17826:1747647663752:,1747647680991
counter/5/0/0/0,17351:1747647663568:,1747647680991
counter/9/0/0/0,19125:1747647664649:,1747647680991
counter/2/0/0/0,17827:1747647663752:,1747647680991
counter/5/0/0/0,17352:1747647663568:,1747647680991
counter/9/0/0/0,19126:1747647664649:,1747647680991
counter/2/0/0/0,17828:1747647663752:,1747647680991
counter/5/0/0/0,17353:1747647663568:,1747647680991
counter/9/0/0/0,19127:1747647664649:,1747647680991
counter/2/0/0/0,17829:1747647663752:,1747647680991
counter/5/0/0/0,17354:1747647663568:,1747647680991
counter/9/0/0/0,19128:1747647664649:,1747647680991
counter/2/0/0/0,17830:1747647663752:,1747647680991
counter/5/0/0/0,17355:1747647663568:,1747647680991
counter/9/0/0/0,19129:1747647664649:,1747647680991
counter/2/0/0/0,17831:1747647663754:,1747647680991
counter/5/0/0/0,17356:1747647663568:,1747647680991
counter/9/0/0/0,19130:1747647664649:,1747647680991
counter/2/0/0/0,17832:1747647663754:,1747647680991
counter/5/0/0/0,17357:1747647663568:,1747647680991
counter/9/0/0/0,19131:1747647664649:,1747647680991
counter/2/0/0/0,17833:1747647663754:,1747647680991
counter/5/0/0/0,17358:1747647663568:,1747647680991
counter/9/0/0/0,19132:1747647664649:,1747647680991
counter/2/0/0/0,17834:1747647663754:,1747647680991
counter/5/0/0/0,17359:1747647663568:,1747647680991
counter/9/0/0/0,19133:1747647664660:,1747647680991
counter/4/0/0/0,16676:1747647664585:,1747647680991
counter/7/0/0/0,15878:1747647662548:,1747647680991
counter/2/0/0/0,17835:1747647663754:,1747647680991
counter/5/0/0/0,17360:1747647663568:,1747647680991
counter/9/0/0/0,19134:1747647664660:,1747647680991
counter/2/0/0/0,17836:1747647663754:,1747647680991
counter/5/0/0/0,17361:1747647663568:,1747647680992
counter/9/0/0/0,19135:1747647664660:,1747647680992
counter/2/0/0/0,17837:1747647663754:,1747647680992
counter/5/0/0/0,17362:1747647663568:,1747647680992
counter/9/0/0/0,19136:1747647664665:,1747647680992
counter/10/0/0/0,16034:1747647662543:,1747647680992
counter/4/0/0/0,16677:1747647664585:,1747647680992
counter/2/0/0/0,17838:1747647663754:,1747647680992
counter/5/0/0/0,17363:1747647663568:,1747647680992
counter/9/0/0/0,19137:1747647664665:,1747647680992
counter/10/0/0/0,16035:1747647662543:,1747647680992
counter/2/0/0/0,17839:1747647663754:,1747647680992
counter/5/0/0/0,17364:1747647663568:,1747647680992
counter/9/0/0/0,19138:1747647664665:,1747647680992
counter/10/0/0/0,16036:1747647662543:,1747647680992
counter/2/0/0/0,17840:1747647663758:,1747647680992
counter/5/0/0/0,17365:1747647663569:,1747647680992
counter/9/0/0/0,19139:1747647664665:,1747647680992
counter/10/0/0/0,16037:1747647662544:,1747647680992
counter/2/0/0/0,17841:1747647663764:,1747647680992
counter/5/0/0/0,17366:1747647663569:,1747647680992
counter/9/0/0/0,19140:1747647664665:,1747647680992
counter/10/0/0/0,16038:1747647662544:,1747647680992
counter/2/0/0/0,17842:1747647663764:,1747647680992
counter/5/0/0/0,17367:1747647663569:,1747647680992
counter/9/0/0/0,19141:1747647664665:,1747647680992
counter/10/0/0/0,16039:1747647662544:,1747647680992
counter/2/0/0/0,17843:1747647663765:,1747647680992
counter/5/0/0/0,17368:1747647663570:,1747647680992
counter/9/0/0/0,19142:1747647664665:,1747647680992
counter/10/0/0/0,16040:1747647662544:,1747647680992
counter/2/0/0/0,17844:1747647663765:,1747647680992
counter/5/0/0/0,17369:1747647663570:,1747647680992
counter/9/0/0/0,19143:1747647664665:,1747647680992
counter/10/0/0/0,16041:1747647662549:,1747647680992
counter/2/0/0/0,17845:1747647663765:,1747647680992
counter/5/0/0/0,17370:1747647663570:,1747647680992
counter/9/0/0/0,19144:1747647664666:,1747647680992
counter/10/0/0/0,16042:1747647662549:,1747647680992
counter/2/0/0/0,17846:1747647663765:,1747647680992
counter/5/0/0/0,17371:1747647663571:,1747647680992
counter/9/0/0/0,19145:1747647664689:,1747647680992
counter/10/0/0/0,16043:1747647662549:,1747647680992
counter/2/0/0/0,17847:1747647663765:,1747647680993
counter/5/0/0/0,17372:1747647663571:,1747647680993
counter/9/0/0/0,19146:1747647664689:,1747647680993
counter/10/0/0/0,16044:1747647662550:,1747647680993
counter/2/0/0/0,17848:1747647663765:,1747647680993
counter/5/0/0/0,17373:1747647663571:,1747647680993
counter/9/0/0/0,19147:1747647664689:,1747647680993
counter/10/0/0/0,16045:1747647662550:,1747647680993
counter/2/0/0/0,17849:1747647663765:,1747647680993
counter/5/0/0/0,17374:1747647663576:,1747647680993
counter/9/0/0/0,19148:1747647664689:,1747647680993
counter/10/0/0/0,16046:1747647662550:,1747647680993
counter/2/0/0/0,17850:1747647663765:,1747647680993
counter/5/0/0/0,17375:1747647663582:,1747647680993
counter/9/0/0/0,19149:1747647664689:,1747647680993
counter/10/0/0/0,16047:1747647662550:,1747647680993
counter/2/0/0/0,17851:1747647663765:,1747647680993
counter/5/0/0/0,17376:1747647663582:,1747647680993
counter/9/0/0/0,19150:1747647664689:,1747647680993
counter/10/0/0/0,16048:1747647662550:,1747647680993
counter/2/0/0/0,17852:1747647663765:,1747647680993
counter/5/0/0/0,17377:1747647663582:,1747647680993
counter/9/0/0/0,19151:1747647664690:,1747647680993
counter/10/0/0/0,16049:1747647662550:,1747647680993
counter/2/0/0/0,17853:1747647663765:,1747647680993
counter/5/0/0/0,17378:1747647663582:,1747647680993
counter/9/0/0/0,19152:1747647664690:,1747647680993
counter/10/0/0/0,16050:1747647662550:,1747647680993
counter/2/0/0/0,17854:1747647663765:,1747647680993
counter/5/0/0/0,17379:1747647663582:,1747647680993
counter/9/0/0/0,19153:1747647664690:,1747647680993
counter/10/0/0/0,16051:1747647662550:,1747647680993
counter/2/0/0/0,17855:1747647663765:,1747647680993
counter/5/0/0/0,17380:1747647663582:,1747647680993
counter/9/0/0/0,19154:1747647664690:,1747647680993
counter/10/0/0/0,16052:1747647662550:,1747647680993
counter/2/0/0/0,17856:1747647663765:,1747647680993
counter/5/0/0/0,17381:1747647663582:,1747647680993
counter/9/0/0/0,19155:1747647664690:,1747647680993
counter/10/0/0/0,16053:1747647662550:,1747647680993
counter/2/0/0/0,17857:1747647663765:,1747647680994
counter/5/0/0/0,17382:1747647663582:,1747647680994
counter/9/0/0/0,19156:1747647664690:,1747647680994
counter/10/0/0/0,16054:1747647662550:,1747647680994
counter/2/0/0/0,17858:1747647663765:,1747647680994
counter/5/0/0/0,17383:1747647663582:,1747647680994
counter/9/0/0/0,19157:1747647664690:,1747647680994
counter/10/0/0/0,16055:1747647662550:,1747647680994
counter/2/0/0/0,17859:1747647663765:,1747647680994
counter/5/0/0/0,17384:1747647663582:,1747647680994
counter/9/0/0/0,19158:1747647664690:,1747647680994
counter/10/0/0/0,16056:1747647662550:,1747647680994
counter/2/0/0/0,17860:1747647663765:,1747647680994
counter/5/0/0/0,17385:1747647663582:,1747647680994
counter/9/0/0/0,19159:1747647664690:,1747647680994
counter/10/0/0/0,16057:1747647662550:,1747647680994
counter/8/0/0/0,17618:1747647663245:,1747647680994
counter/7/0/0/0,15879:1747647662548:,1747647680994
counter/2/0/0/0,17861:1747647663765:,1747647680994
counter/5/0/0/0,17386:1747647663582:,1747647680994
counter/9/0/0/0,19160:1747647664692:,1747647680994
counter/10/0/0/0,16058:1747647662550:,1747647680994
counter/4/0/0/0,16678:1747647664585:,1747647680994
counter/6/0/0/0,16235:1747647663277:,1747647680994
counter/1/0/0/0,17932:1747647664676:,1747647680994
counter/2/0/0/0,17862:1747647663765:,1747647680994
counter/5/0/0/0,17387:1747647663582:,1747647680994
counter/9/0/0/0,19161:1747647664692:,1747647680994
counter/10/0/0/0,16059:1747647662550:,1747647680994
counter/3/0/0/0,17285:1747647664507:,1747647680994
counter/2/0/0/0,17863:1747647663765:,1747647680994
counter/5/0/0/0,17388:1747647663582:,1747647680994
counter/9/0/0/0,19162:1747647664692:,1747647680994
counter/10/0/0/0,16060:1747647662550:,1747647680994
counter/2/0/0/0,17864:1747647663765:,1747647680994
counter/5/0/0/0,17389:1747647663582:,1747647680994
counter/9/0/0/0,19163:1747647664692:,1747647680994
counter/10/0/0/0,16061:1747647662550:,1747647680994
counter/2/0/0/0,17865:1747647663765:,1747647680994
counter/5/0/0/0,17390:1747647663583:,1747647680994
counter/9/0/0/0,19164:1747647664692:,1747647680994
counter/10/0/0/0,16062:1747647662550:,1747647680994
counter/4/0/0/0,16679:1747647664585:,1747647680994
counter/6/0/0/0,16236:1747647663277:,1747647680994
counter/2/0/0/0,17866:1747647663765:,1747647680995
counter/5/0/0/0,17391:1747647663583:,1747647680995
counter/9/0/0/0,19165:1747647664692:,1747647680995
counter/10/0/0/0,16063:1747647662550:,1747647680995
counter/1/0/0/0,17933:1747647664676:,1747647680995
counter/2/0/0/0,17867:1747647663765:,1747647680995
counter/5/0/0/0,17392:1747647663583:,1747647680995
counter/9/0/0/0,19166:1747647664692:,1747647680995
counter/10/0/0/0,16064:1747647662550:,1747647680995
counter/2/0/0/0,17868:1747647663765:,1747647680995
counter/5/0/0/0,17393:1747647663583:,1747647680995
counter/9/0/0/0,19167:1747647664692:,1747647680995
counter/10/0/0/0,16065:1747647662550:,1747647680995
counter/2/0/0/0,17869:1747647663765:,1747647680995
counter/5/0/0/0,17394:1747647663583:,1747647680995
counter/9/0/0/0,19168:1747647664692:,1747647680995
counter/10/0/0/0,16066:1747647662550:,1747647680995
counter/2/0/0/0,17870:1747647663775:,1747647680995
counter/5/0/0/0,17395:1747647663583:,1747647680995
counter/9/0/0/0,19169:1747647664692:,1747647680995
counter/10/0/0/0,16067:1747647662550:,1747647680995
counter/2/0/0/0,17871:1747647663775:,1747647680995
counter/5/0/0/0,17396:1747647663588:,1747647680995
counter/9/0/0/0,19170:1747647664692:,1747647680995
counter/10/0/0/0,16068:1747647662550:,1747647680995
counter/2/0/0/0,17872:1747647663775:,1747647680995
counter/5/0/0/0,17397:1747647663588:,1747647680995
counter/9/0/0/0,19171:1747647664692:,1747647680995
counter/10/0/0/0,16069:1747647662550:,1747647680995
counter/2/0/0/0,17873:1747647663776:,1747647680995
counter/5/0/0/0,17398:1747647663588:,1747647680995
counter/9/0/0/0,19172:1747647664692:,1747647680995
counter/10/0/0/0,16070:1747647662550:,1747647680995
counter/2/0/0/0,17874:1747647663776:,1747647680995
counter/5/0/0/0,17399:1747647663588:,1747647680995
counter/9/0/0/0,19173:1747647664692:,1747647680995
counter/10/0/0/0,16071:1747647662550:,1747647680995
counter/2/0/0/0,17875:1747647663776:,1747647680995
counter/5/0/0/0,17400:1747647663588:,1747647680995
counter/9/0/0/0,19174:1747647664692:,1747647680995
counter/10/0/0/0,16072:1747647662550:,1747647680996
counter/2/0/0/0,17876:1747647663776:,1747647680996
counter/5/0/0/0,17401:1747647663588:,1747647680996
counter/9/0/0/0,19175:1747647664692:,1747647680996
counter/10/0/0/0,16073:1747647662550:,1747647680996
counter/2/0/0/0,17877:1747647663776:,1747647680996
counter/5/0/0/0,17402:1747647663588:,1747647680996
counter/9/0/0/0,19176:1747647664692:,1747647680996
counter/10/0/0/0,16074:1747647662550:,1747647680996
counter/2/0/0/0,17878:1747647663776:,1747647680996
counter/5/0/0/0,17403:1747647663595:,1747647680996
counter/9/0/0/0,19177:1747647664692:,1747647680996
counter/10/0/0/0,16075:1747647662551:,1747647680996
counter/2/0/0/0,17879:1747647663776:,1747647680996
counter/5/0/0/0,17404:1747647663595:,1747647680996
counter/9/0/0/0,19178:1747647664692:,1747647680996
counter/10/0/0/0,16076:1747647662551:,1747647680996
counter/2/0/0/0,17880:1747647663777:,1747647680996
counter/5/0/0/0,17405:1747647663595:,1747647680996
counter/9/0/0/0,19179:1747647664692:,1747647680996
counter/10/0/0/0,16077:1747647662551:,1747647680996
counter/2/0/0/0,17881:1747647663777:,1747647680996
counter/5/0/0/0,17406:1747647663595:,1747647680996
counter/9/0/0/0,19180:1747647664692:,1747647680996
counter/10/0/0/0,16078:1747647662551:,1747647680996
counter/2/0/0/0,17882:1747647663777:,1747647680996
counter/5/0/0/0,17407:1747647663595:,1747647680996
counter/9/0/0/0,19181:1747647664692:,1747647680996
counter/10/0/0/0,16079:1747647662551:,1747647680996
counter/2/0/0/0,17883:1747647663777:,1747647680996
counter/5/0/0/0,17408:1747647663595:,1747647680996
counter/9/0/0/0,19182:1747647664692:,1747647680996
counter/10/0/0/0,16080:1747647662551:,1747647680996
counter/2/0/0/0,17884:1747647663777:,1747647680996
counter/5/0/0/0,17409:1747647663595:,1747647680996
counter/9/0/0/0,19183:1747647664692:,1747647680996
counter/10/0/0/0,16081:1747647662551:,1747647680996
counter/2/0/0/0,17885:1747647663777:,1747647680996
counter/5/0/0/0,17410:1747647663595:,1747647680996
counter/9/0/0/0,19184:1747647664692:,1747647680996
counter/10/0/0/0,16082:1747647662551:,1747647680996
counter/2/0/0/0,17886:1747647663777:,1747647680996
counter/5/0/0/0,17411:1747647663595:,1747647680996
counter/9/0/0/0,19185:1747647664693:,1747647680996
counter/10/0/0/0,16083:1747647662551:,1747647680997
counter/2/0/0/0,17887:1747647663777:,1747647680997
counter/5/0/0/0,17412:1747647663596:,1747647680997
counter/9/0/0/0,19186:1747647664693:,1747647680997
counter/10/0/0/0,16084:1747647662552:,1747647680997
counter/1/0/0/0,17934:1747647664676:,1747647680997
counter/2/0/0/0,17888:1747647663777:,1747647680997
counter/5/0/0/0,17413:1747647663596:,1747647680997
counter/9/0/0/0,19187:1747647664693:,1747647680997
counter/10/0/0/0,16085:1747647662552:,1747647680997
counter/7/0/0/0,15880:1747647662548:,1747647680997
counter/2/0/0/0,17889:1747647663777:,1747647680997
counter/5/0/0/0,17414:1747647663597:,1747647680997
counter/9/0/0/0,19188:1747647664693:,1747647680997
counter/10/0/0/0,16086:1747647662552:,1747647680997
counter/2/0/0/0,17890:1747647663777:,1747647680997
counter/5/0/0/0,17415:1747647663597:,1747647680997
counter/9/0/0/0,19189:1747647664693:,1747647680997
counter/10/0/0/0,16087:1747647662552:,1747647680997
counter/2/0/0/0,17891:1747647663777:,1747647680997
counter/5/0/0/0,17416:1747647663597:,1747647680997
counter/9/0/0/0,19190:1747647664693:,1747647680997
counter/10/0/0/0,16088:1747647662552:,1747647680997
counter/2/0/0/0,17892:1747647663777:,1747647680997
counter/5/0/0/0,17417:1747647663600:,1747647680997
counter/9/0/0/0,19191:1747647664693:,1747647680997
counter/10/0/0/0,16089:1747647662552:,1747647680997
counter/2/0/0/0,17893:1747647663777:,1747647680997
counter/5/0/0/0,17418:1747647663600:,1747647680997
counter/9/0/0/0,19192:1747647664693:,1747647680997
counter/10/0/0/0,16090:1747647662552:,1747647680997
counter/2/0/0/0,17894:1747647663777:,1747647680997
counter/5/0/0/0,17419:1747647663600:,1747647680997
counter/9/0/0/0,19193:1747647664693:,1747647680997
counter/10/0/0/0,16091:1747647662552:,1747647680997
counter/7/0/0/0,15881:1747647662548:,1747647680997
counter/2/0/0/0,17895:1747647663777:,1747647680997
counter/5/0/0/0,17420:1747647663600:,1747647680997
counter/9/0/0/0,19194:1747647664693:,1747647680997
counter/10/0/0/0,16092:1747647662552:,1747647680997
counter/3/0/0/0,17286:1747647664507:,1747647680997
counter/4/0/0/0,16680:1747647664585:,1747647680997
counter/6/0/0/0,16237:1747647663277:,1747647680997
counter/2/0/0/0,17896:1747647663778:,1747647680998
counter/5/0/0/0,17421:1747647663600:,1747647680998
counter/9/0/0/0,19195:1747647664693:,1747647680998
counter/10/0/0/0,16093:1747647662552:,1747647680998
counter/2/0/0/0,17897:1747647663778:,1747647680998
counter/5/0/0/0,17422:1747647663600:,1747647680998
counter/9/0/0/0,19196:1747647664693:,1747647680998
counter/10/0/0/0,16094:1747647662552:,1747647680998
counter/2/0/0/0,17898:1747647663778:,1747647680998
counter/5/0/0/0,17423:1747647663600:,1747647680998
counter/9/0/0/0,19197:1747647664693:,1747647680998
counter/10/0/0/0,16095:1747647662552:,1747647680998
counter/2/0/0/0,17899:1747647663778:,1747647680998
counter/5/0/0/0,17424:1747647663600:,1747647680998
counter/9/0/0/0,19198:1747647664693:,1747647680998
counter/10/0/0/0,16096:1747647662552:,1747647680998
counter/6/0/0/0,16238:1747647663277:,1747647680998
counter/2/0/0/0,17900:1747647663778:,1747647680998
counter/5/0/0/0,17425:1747647663604:,1747647680998
counter/9/0/0/0,19199:1747647664693:,1747647680998
counter/10/0/0/0,16097:1747647662552:,1747647680998
counter/2/0/0/0,17901:1747647663778:,1747647680998
counter/5/0/0/0,17426:1747647663604:,1747647680998
counter/9/0/0/0,19200:1747647664693:,1747647680998
counter/10/0/0/0,16098:1747647662560:,1747647680998
counter/3/0/0/0,17287:1747647664507:,1747647680998
counter/2/0/0/0,17902:1747647663778:,1747647680998
counter/5/0/0/0,17427:1747647663604:,1747647680998
counter/9/0/0/0,19201:1747647664693:,1747647680998
counter/10/0/0/0,16099:1747647662560:,1747647680998
counter/4/0/0/0,16681:1747647664585:,1747647680998
counter/2/0/0/0,17903:1747647663778:,1747647680998
counter/5/0/0/0,17428:1747647663604:,1747647680998
counter/9/0/0/0,19202:1747647664693:,1747647680998
counter/10/0/0/0,16100:1747647662560:,1747647680998
counter/2/0/0/0,17904:1747647663778:,1747647680998
counter/5/0/0/0,17429:1747647663604:,1747647680998
counter/9/0/0/0,19203:1747647664693:,1747647680998
counter/10/0/0/0,16101:1747647662560:,1747647680998
counter/2/0/0/0,17905:1747647663784:,1747647680998
counter/5/0/0/0,17430:1747647663604:,1747647680998
counter/9/0/0/0,19204:1747647664693:,1747647680999
counter/10/0/0/0,16102:1747647662560:,1747647680999
counter/2/0/0/0,17906:1747647663784:,1747647680999
counter/5/0/0/0,17431:1747647663604:,1747647680999
counter/9/0/0/0,19205:1747647664693:,1747647680999
counter/10/0/0/0,16103:1747647662560:,1747647680999
counter/2/0/0/0,17907:1747647663784:,1747647680999
counter/5/0/0/0,17432:1747647663604:,1747647680999
counter/9/0/0/0,19206:1747647664699:,1747647680999
counter/10/0/0/0,16104:1747647662560:,1747647680999
counter/2/0/0/0,17908:1747647663784:,1747647680999
counter/5/0/0/0,17433:1747647663610:,1747647680999
counter/9/0/0/0,19207:1747647664704:,1747647680999
counter/10/0/0/0,16105:1747647662560:,1747647680999
counter/2/0/0/0,17909:1747647663784:,1747647680999
counter/5/0/0/0,17434:1747647663610:,1747647680999
counter/9/0/0/0,19208:1747647664704:,1747647680999
counter/10/0/0/0,16106:1747647662560:,1747647680999
counter/2/0/0/0,17910:1747647663784:,1747647680999
counter/5/0/0/0,17435:1747647663610:,1747647680999
counter/9/0/0/0,19209:1747647664704:,1747647680999
counter/10/0/0/0,16107:1747647662560:,1747647680999
counter/2/0/0/0,17911:1747647663784:,1747647680999
counter/5/0/0/0,17436:1747647663610:,1747647680999
counter/9/0/0/0,19210:1747647664704:,1747647680999
counter/10/0/0/0,16108:1747647662560:,1747647680999
counter/2/0/0/0,17912:1747647663784:,1747647680999
counter/5/0/0/0,17437:1747647663610:,1747647680999
counter/9/0/0/0,19211:1747647664704:,1747647680999
counter/10/0/0/0,16109:1747647662560:,1747647680999
counter/4/0/0/0,16682:1747647664585:,1747647680999
counter/6/0/0/0,16239:1747647663282:,1747647680999
counter/2/0/0/0,17913:1747647663784:,1747647680999
counter/5/0/0/0,17438:1747647663610:,1747647680999
counter/9/0/0/0,19212:1747647664704:,1747647680999
counter/10/0/0/0,16110:1747647662560:,1747647680999
counter/2/0/0/0,17914:1747647663784:,1747647680999
counter/5/0/0/0,17439:1747647663610:,1747647680999
counter/9/0/0/0,19213:1747647664706:,1747647680999
counter/10/0/0/0,16111:1747647662560:,1747647680999
counter/2/0/0/0,17915:1747647663784:,1747647681000
counter/5/0/0/0,17440:1747647663625:,1747647681000
counter/9/0/0/0,19214:1747647664706:,1747647681000
counter/10/0/0/0,16112:1747647662560:,1747647681000
counter/2/0/0/0,17916:1747647663784:,1747647681000
counter/5/0/0/0,17441:1747647663625:,1747647681000
counter/9/0/0/0,19215:1747647664706:,1747647681000
counter/10/0/0/0,16113:1747647662560:,1747647681000
counter/2/0/0/0,17917:1747647663784:,1747647681000
counter/5/0/0/0,17442:1747647663625:,1747647681000
counter/9/0/0/0,19216:1747647664707:,1747647681000
counter/10/0/0/0,16114:1747647662560:,1747647681000
counter/2/0/0/0,17918:1747647663784:,1747647681000
counter/5/0/0/0,17443:1747647663625:,1747647681000
counter/9/0/0/0,19217:1747647664707:,1747647681000
counter/10/0/0/0,16115:1747647662560:,1747647681000
counter/2/0/0/0,17919:1747647663784:,1747647681000
counter/5/0/0/0,17444:1747647663625:,1747647681000
counter/9/0/0/0,19218:1747647664707:,1747647681000
counter/10/0/0/0,16116:1747647662560:,1747647681000
counter/2/0/0/0,17920:1747647663784:,1747647681000
counter/5/0/0/0,17445:1747647663634:,1747647681000
counter/9/0/0/0,19219:1747647664707:,1747647681000
counter/10/0/0/0,16117:1747647662560:,1747647681000
counter/2/0/0/0,17921:1747647663786:,1747647681000
counter/5/0/0/0,17446:1747647663634:,1747647681000
counter/9/0/0/0,19220:1747647664707:,1747647681000
counter/10/0/0/0,16118:1747647662560:,1747647681000
counter/2/0/0/0,17922:1747647663786:,1747647681000
counter/5/0/0/0,17447:1747647663634:,1747647681000
counter/9/0/0/0,19221:1747647664707:,1747647681000
counter/10/0/0/0,16119:1747647662560:,1747647681000
counter/2/0/0/0,17923:1747647663786:,1747647681000
counter/5/0/0/0,17448:1747647663634:,1747647681000
counter/9/0/0/0,19222:1747647664707:,1747647681000
counter/10/0/0/0,16120:1747647662561:,1747647681000
counter/2/0/0/0,17924:1747647663786:,1747647681000
counter/5/0/0/0,17449:1747647663634:,1747647681000
counter/9/0/0/0,19223:1747647664707:,1747647681000
counter/10/0/0/0,16121:1747647662561:,1747647681000
counter/2/0/0/0,17925:1747647663786:,1747647681001
counter/5/0/0/0,17450:1747647663634:,1747647681001
counter/9/0/0/0,19224:1747647664707:,1747647681001
counter/10/0/0/0,16122:1747647662561:,1747647681001
counter/2/0/0/0,17926:1747647663786:,1747647681001
counter/5/0/0/0,17451:1747647663634:,1747647681001
counter/9/0/0/0,19225:1747647664713:,1747647681001
counter/10/0/0/0,16123:1747647662561:,1747647681001
counter/2/0/0/0,17927:1747647663786:,1747647681001
counter/5/0/0/0,17452:1747647663634:,1747647681001
counter/9/0/0/0,19226:1747647664714:,1747647681001
counter/10/0/0/0,16124:1747647662561:,1747647681001
counter/2/0/0/0,17928:1747647663786:,1747647681001
counter/5/0/0/0,17453:1747647663634:,1747647681001
counter/9/0/0/0,19227:1747647664714:,1747647681001
counter/10/0/0/0,16125:1747647662561:,1747647681001
counter/2/0/0/0,17929:1747647663786:,1747647681001
counter/5/0/0/0,17454:1747647663634:,1747647681001
counter/9/0/0/0,19228:1747647664714:,1747647681001
counter/10/0/0/0,16126:1747647662561:,1747647681001
counter/2/0/0/0,17930:1747647663786:,1747647681001
counter/5/0/0/0,17455:1747647663634:,1747647681001
counter/9/0/0/0,19229:1747647664714:,1747647681001
counter/10/0/0/0,16127:1747647662561:,1747647681001
counter/2/0/0/0,17931:1747647663786:,1747647681001
counter/5/0/0/0,17456:1747647663635:,1747647681001
counter/9/0/0/0,19230:1747647664714:,1747647681001
counter/10/0/0/0,16128:1747647662561:,1747647681001
counter/2/0/0/0,17932:1747647663786:,1747647681001
counter/5/0/0/0,17457:1747647663635:,1747647681001
counter/9/0/0/0,19231:1747647664714:,1747647681001
counter/10/0/0/0,16129:1747647662561:,1747647681001
counter/2/0/0/0,17933:1747647663786:,1747647681001
counter/5/0/0/0,17458:1747647663635:,1747647681001
counter/9/0/0/0,19232:1747647664714:,1747647681001
counter/10/0/0/0,16130:1747647662561:,1747647681001
counter/2/0/0/0,17934:1747647663786:,1747647681001
counter/5/0/0/0,17459:1747647663635:,1747647681001
counter/9/0/0/0,19233:1747647664714:,1747647681001
counter/10/0/0/0,16131:1747647662561:,1747647681001
counter/2/0/0/0,17935:1747647663786:,1747647681001
counter/5/0/0/0,17460:1747647663635:,1747647681001
counter/9/0/0/0,19234:1747647664714:,1747647681001
counter/10/0/0/0,16132:1747647662561:,1747647681001
counter/2/0/0/0,17936:1747647663790:,1747647681002
counter/5/0/0/0,17461:1747647663635:,1747647681002
counter/9/0/0/0,19235:1747647664714:,1747647681002
counter/10/0/0/0,16133:1747647662561:,1747647681002
counter/4/0/0/0,16683:1747647664585:,1747647681002
counter/2/0/0/0,17937:1747647663801:,1747647681002
counter/5/0/0/0,17462:1747647663635:,1747647681002
counter/9/0/0/0,19236:1747647664714:,1747647681002
counter/10/0/0/0,16134:1747647662561:,1747647681002
counter/6/0/0/0,16240:1747647663282:,1747647681002
counter/1/0/0/0,17935:1747647664680:,1747647681002
counter/3/0/0/0,17288:1747647664507:,1747647681002
counter/2/0/0/0,17938:1747647663801:,1747647681002
counter/5/0/0/0,17463:1747647663635:,1747647681002
counter/9/0/0/0,19237:1747647664714:,1747647681002
counter/10/0/0/0,16135:1747647662561:,1747647681002
counter/7/0/0/0,15882:1747647662548:,1747647681002
counter/2/0/0/0,17939:1747647663801:,1747647681002
counter/5/0/0/0,17464:1747647663635:,1747647681002
counter/9/0/0/0,19238:1747647664714:,1747647681002
counter/10/0/0/0,16136:1747647662561:,1747647681002
counter/2/0/0/0,17940:1747647663801:,1747647681002
counter/5/0/0/0,17465:1747647663635:,1747647681002
counter/9/0/0/0,19239:1747647664714:,1747647681002
counter/10/0/0/0,16137:1747647662561:,1747647681002
counter/2/0/0/0,17941:1747647663801:,1747647681002
counter/5/0/0/0,17466:1747647663635:,1747647681002
counter/9/0/0/0,19240:1747647664719:,1747647681002
counter/10/0/0/0,16138:1747647662561:,1747647681002
counter/2/0/0/0,17942:1747647663801:,1747647681002
counter/5/0/0/0,17467:1747647663635:,1747647681002
counter/9/0/0/0,19241:1747647664719:,1747647681002
counter/2/0/0/0,17943:1747647663801:,1747647681002
counter/5/0/0/0,17468:1747647663635:,1747647681002
counter/9/0/0/0,19242:1747647664719:,1747647681002
counter/2/0/0/0,17944:1747647663801:,1747647681002
counter/5/0/0/0,17469:1747647663635:,1747647681002
counter/9/0/0/0,19243:1747647664719:,1747647681002
counter/2/0/0/0,17945:1747647663801:,1747647681002
counter/5/0/0/0,17470:1747647663635:,1747647681002
counter/9/0/0/0,19244:1747647664719:,1747647681002
counter/2/0/0/0,17946:1747647663801:,1747647681002
counter/5/0/0/0,17471:1747647663635:,1747647681003
counter/9/0/0/0,19245:1747647664719:,1747647681003
counter/8/0/0/0,17619:1747647663245:,1747647681003
counter/2/0/0/0,17947:1747647663801:,1747647681003
counter/5/0/0/0,17472:1747647663635:,1747647681003
counter/9/0/0/0,19246:1747647664719:,1747647681003
counter/4/0/0/0,16684:1747647664585:,1747647681003
counter/10/0/0/0,16139:1747647662561:,1747647681003
counter/2/0/0/0,17948:1747647663801:,1747647681003
counter/5/0/0/0,17473:1747647663635:,1747647681003
counter/9/0/0/0,19247:1747647664719:,1747647681003
counter/10/0/0/0,16140:1747647662561:,1747647681003
counter/6/0/0/0,16241:1747647663282:,1747647681003
counter/3/0/0/0,17289:1747647664507:,1747647681003
counter/7/0/0/0,15883:1747647662548:,1747647681003
counter/2/0/0/0,17949:1747647663801:,1747647681003
counter/5/0/0/0,17474:1747647663635:,1747647681003
counter/9/0/0/0,19248:1747647664741:,1747647681003
counter/4/0/0/0,16685:1747647664585:,1747647681003
counter/2/0/0/0,17950:1747647663802:,1747647681003
counter/5/0/0/0,17475:1747647663635:,1747647681003
counter/9/0/0/0,19249:1747647664741:,1747647681003
counter/4/0/0/0,16686:1747647664585:,1747647681003
counter/2/0/0/0,17951:1747647663802:,1747647681003
counter/5/0/0/0,17476:1747647663635:,1747647681003
counter/9/0/0/0,19250:1747647664742:,1747647681003
counter/4/0/0/0,16687:1747647664585:,1747647681003
counter/10/0/0/0,16141:1747647662561:,1747647681003
counter/6/0/0/0,16242:1747647663282:,1747647681003
counter/2/0/0/0,17952:1747647663802:,1747647681003
counter/5/0/0/0,17477:1747647663635:,1747647681003
counter/9/0/0/0,19251:1747647664742:,1747647681003
counter/4/0/0/0,16688:1747647664585:,1747647681003
counter/6/0/0/0,16243:1747647663282:,1747647681003
counter/2/0/0/0,17953:1747647663802:,1747647681003
counter/5/0/0/0,17478:1747647663635:,1747647681003
counter/9/0/0/0,19252:1747647664742:,1747647681003
counter/4/0/0/0,16689:1747647664585:,1747647681003
counter/6/0/0/0,16244:1747647663282:,1747647681003
counter/2/0/0/0,17954:1747647663802:,1747647681003
counter/5/0/0/0,17479:1747647663635:,1747647681003
counter/9/0/0/0,19253:1747647664742:,1747647681003
counter/4/0/0/0,16690:1747647664585:,1747647681003
counter/6/0/0/0,16245:1747647663282:,1747647681003
counter/2/0/0/0,17955:1747647663802:,1747647681004
counter/5/0/0/0,17480:1747647663635:,1747647681004
counter/9/0/0/0,19254:1747647664742:,1747647681004
counter/4/0/0/0,16691:1747647664585:,1747647681004
counter/6/0/0/0,16246:1747647663282:,1747647681004
counter/2/0/0/0,17956:1747647663802:,1747647681004
counter/5/0/0/0,17481:1747647663636:,1747647681004
counter/9/0/0/0,19255:1747647664751:,1747647681004
counter/4/0/0/0,16692:1747647664585:,1747647681004
counter/6/0/0/0,16247:1747647663282:,1747647681004
counter/3/0/0/0,17290:1747647664507:,1747647681004
counter/2/0/0/0,17957:1747647663802:,1747647681004
counter/5/0/0/0,17482:1747647663636:,1747647681004
counter/9/0/0/0,19256:1747647664751:,1747647681004
counter/4/0/0/0,16693:1747647664585:,1747647681004
counter/6/0/0/0,16248:1747647663282:,1747647681004
counter/2/0/0/0,17958:1747647663802:,1747647681004
counter/5/0/0/0,17483:1747647663637:,1747647681004
counter/9/0/0/0,19257:1747647664751:,1747647681004
counter/4/0/0/0,16694:1747647664585:,1747647681004
counter/6/0/0/0,16249:1747647663282:,1747647681004
counter/10/0/0/0,16142:1747647662561:,1747647681004
counter/2/0/0/0,17959:1747647663803:,1747647681004
counter/5/0/0/0,17484:1747647663637:,1747647681004
counter/9/0/0/0,19258:1747647664751:,1747647681004
counter/4/0/0/0,16695:1747647664586:,1747647681004
counter/6/0/0/0,16250:1747647663282:,1747647681004
counter/2/0/0/0,17960:1747647663803:,1747647681004
counter/5/0/0/0,17485:1747647663637:,1747647681004
counter/9/0/0/0,19259:1747647664751:,1747647681004
counter/4/0/0/0,16696:1747647664586:,1747647681004
counter/6/0/0/0,16251:1747647663282:,1747647681004
counter/2/0/0/0,17961:1747647663804:,1747647681004
counter/5/0/0/0,17486:1747647663637:,1747647681004
counter/9/0/0/0,19260:1747647664751:,1747647681004
counter/4/0/0/0,16697:1747647664586:,1747647681004
counter/6/0/0/0,16252:1747647663313:,1747647681004
counter/2/0/0/0,17962:1747647663804:,1747647681004
counter/5/0/0/0,17487:1747647663637:,1747647681004
counter/9/0/0/0,19261:1747647664751:,1747647681004
counter/4/0/0/0,16698:1747647664586:,1747647681004
counter/6/0/0/0,16253:1747647663313:,1747647681004
counter/2/0/0/0,17963:1747647663804:,1747647681004
counter/5/0/0/0,17488:1747647663637:,1747647681004
counter/9/0/0/0,19262:1747647664751:,1747647681005
counter/4/0/0/0,16699:1747647664586:,1747647681005
counter/6/0/0/0,16254:1747647663313:,1747647681005
counter/2/0/0/0,17964:1747647663804:,1747647681005
counter/5/0/0/0,17489:1747647663637:,1747647681005
counter/9/0/0/0,19263:1747647664751:,1747647681005
counter/4/0/0/0,16700:1747647664586:,1747647681005
counter/6/0/0/0,16255:1747647663313:,1747647681005
counter/2/0/0/0,17965:1747647663804:,1747647681005
counter/5/0/0/0,17490:1747647663637:,1747647681005
counter/9/0/0/0,19264:1747647664751:,1747647681005
counter/4/0/0/0,16701:1747647664586:,1747647681005
counter/6/0/0/0,16256:1747647663313:,1747647681005
counter/2/0/0/0,17966:1747647663804:,1747647681005
counter/5/0/0/0,17491:1747647663637:,1747647681005
counter/9/0/0/0,19265:1747647664751:,1747647681005
counter/4/0/0/0,16702:1747647664586:,1747647681005
counter/6/0/0/0,16257:1747647663313:,1747647681005
counter/2/0/0/0,17967:1747647663804:,1747647681005
counter/5/0/0/0,17492:1747647663637:,1747647681005
counter/9/0/0/0,19266:1747647664751:,1747647681005
counter/4/0/0/0,16703:1747647664586:,1747647681005
counter/6/0/0/0,16258:1747647663313:,1747647681005
counter/2/0/0/0,17968:1747647663804:,1747647681005
counter/5/0/0/0,17493:1747647663642:,1747647681005
counter/9/0/0/0,19267:1747647664759:,1747647681005
counter/4/0/0/0,16704:1747647664586:,1747647681005
counter/6/0/0/0,16259:1747647663313:,1747647681005
counter/2/0/0/0,17969:1747647663804:,1747647681005
counter/5/0/0/0,17494:1747647663653:,1747647681005
counter/9/0/0/0,19268:1747647664759:,1747647681005
counter/4/0/0/0,16705:1747647664586:,1747647681005
counter/6/0/0/0,16260:1747647663313:,1747647681005
counter/2/0/0/0,17970:1747647663804:,1747647681005
counter/5/0/0/0,17495:1747647663653:,1747647681005
counter/9/0/0/0,19269:1747647664759:,1747647681005
counter/4/0/0/0,16706:1747647664586:,1747647681005
counter/6/0/0/0,16261:1747647663313:,1747647681005
counter/2/0/0/0,17971:1747647663804:,1747647681005
counter/5/0/0/0,17496:1747647663653:,1747647681005
counter/9/0/0/0,19270:1747647664759:,1747647681005
counter/4/0/0/0,16707:1747647664586:,1747647681005
counter/6/0/0/0,16262:1747647663313:,1747647681006
counter/2/0/0/0,17972:1747647663804:,1747647681006
counter/5/0/0/0,17497:1747647663653:,1747647681006
counter/9/0/0/0,19271:1747647664759:,1747647681006
counter/4/0/0/0,16708:1747647664586:,1747647681006
counter/6/0/0/0,16263:1747647663313:,1747647681006
counter/2/0/0/0,17973:1747647663804:,1747647681006
counter/5/0/0/0,17498:1747647663653:,1747647681006
counter/9/0/0/0,19272:1747647664759:,1747647681006
counter/6/0/0/0,16264:1747647663315:,1747647681006
counter/2/0/0/0,17974:1747647663804:,1747647681006
counter/5/0/0/0,17499:1747647663653:,1747647681006
counter/9/0/0/0,19273:1747647664759:,1747647681006
counter/6/0/0/0,16265:1747647663315:,1747647681006
counter/2/0/0/0,17975:1747647663804:,1747647681006
counter/5/0/0/0,17500:1747647663653:,1747647681006
counter/9/0/0/0,19274:1747647664759:,1747647681006
counter/6/0/0/0,16266:1747647663321:,1747647681006
counter/2/0/0/0,17976:1747647663804:,1747647681006
counter/5/0/0/0,17501:1747647663653:,1747647681006
counter/9/0/0/0,19275:1747647664759:,1747647681006
counter/6/0/0/0,16267:1747647663322:,1747647681006
counter/2/0/0/0,17977:1747647663804:,1747647681006
counter/5/0/0/0,17502:1747647663677:,1747647681006
counter/9/0/0/0,19276:1747647664762:,1747647681006
counter/6/0/0/0,16268:1747647663322:,1747647681006
counter/2/0/0/0,17978:1747647663804:,1747647681006
counter/5/0/0/0,17503:1747647663677:,1747647681006
counter/9/0/0/0,19277:1747647664762:,1747647681006
counter/6/0/0/0,16269:1747647663322:,1747647681006
counter/2/0/0/0,17979:1747647663812:,1747647681006
counter/5/0/0/0,17504:1747647663677:,1747647681006
counter/9/0/0/0,19278:1747647664766:,1747647681006
counter/6/0/0/0,16270:1747647663322:,1747647681006
counter/2/0/0/0,17980:1747647663812:,1747647681006
counter/5/0/0/0,17505:1747647663678:,1747647681006
counter/9/0/0/0,19279:1747647664766:,1747647681006
counter/6/0/0/0,16271:1747647663322:,1747647681006
counter/2/0/0/0,17981:1747647663812:,1747647681006
counter/5/0/0/0,17506:1747647663678:,1747647681006
counter/9/0/0/0,19280:1747647664766:,1747647681006
counter/6/0/0/0,16272:1747647663322:,1747647681006
counter/2/0/0/0,17982:1747647663812:,1747647681006
counter/5/0/0/0,17507:1747647663678:,1747647681007
counter/9/0/0/0,19281:1747647664766:,1747647681007
counter/6/0/0/0,16273:1747647663322:,1747647681007
counter/2/0/0/0,17983:1747647663812:,1747647681007
counter/5/0/0/0,17508:1747647663678:,1747647681007
counter/9/0/0/0,19282:1747647664766:,1747647681007
counter/6/0/0/0,16274:1747647663322:,1747647681007
counter/2/0/0/0,17984:1747647663812:,1747647681007
counter/5/0/0/0,17509:1747647663678:,1747647681007
counter/9/0/0/0,19283:1747647664766:,1747647681007
counter/6/0/0/0,16275:1747647663322:,1747647681007
counter/2/0/0/0,17985:1747647663812:,1747647681007
counter/5/0/0/0,17510:1747647663678:,1747647681007
counter/9/0/0/0,19284:1747647664777:,1747647681007
counter/6/0/0/0,16276:1747647663322:,1747647681007
counter/2/0/0/0,17986:1747647663812:,1747647681007
counter/5/0/0/0,17511:1747647663678:,1747647681007
counter/9/0/0/0,19285:1747647664777:,1747647681007
counter/6/0/0/0,16277:1747647663322:,1747647681007
counter/2/0/0/0,17987:1747647663812:,1747647681007
counter/5/0/0/0,17512:1747647663678:,1747647681007
counter/9/0/0/0,19286:1747647664777:,1747647681007
counter/6/0/0/0,16278:1747647663322:,1747647681007
counter/2/0/0/0,17988:1747647663812:,1747647681007
counter/5/0/0/0,17513:1747647663679:,1747647681007
counter/9/0/0/0,19287:1747647664777:,1747647681007
counter/6/0/0/0,16279:1747647663322:,1747647681007
counter/2/0/0/0,17989:1747647663812:,1747647681007
counter/5/0/0/0,17514:1747647663679:,1747647681007
counter/9/0/0/0,19288:1747647664777:,1747647681007
counter/6/0/0/0,16280:1747647663322:,1747647681007
counter/2/0/0/0,17990:1747647663812:,1747647681007
counter/5/0/0/0,17515:1747647663679:,1747647681007
counter/9/0/0/0,19289:1747647664777:,1747647681007
counter/6/0/0/0,16281:1747647663322:,1747647681007
counter/2/0/0/0,17991:1747647663812:,1747647681007
counter/5/0/0/0,17516:1747647663679:,1747647681007
counter/9/0/0/0,19290:1747647664777:,1747647681007
counter/6/0/0/0,16282:1747647663322:,1747647681007
counter/2/0/0/0,17992:1747647663812:,1747647681007
counter/5/0/0/0,17517:1747647663679:,1747647681008
counter/9/0/0/0,19291:1747647664777:,1747647681008
counter/6/0/0/0,16283:1747647663324:,1747647681008
counter/2/0/0/0,17993:1747647663812:,1747647681008
counter/5/0/0/0,17518:1747647663679:,1747647681008
counter/9/0/0/0,19292:1747647664777:,1747647681008
counter/6/0/0/0,16284:1747647663324:,1747647681008
counter/2/0/0/0,17994:1747647663812:,1747647681008
counter/5/0/0/0,17519:1747647663679:,1747647681008
counter/9/0/0/0,19293:1747647664777:,1747647681008
counter/6/0/0/0,16285:1747647663324:,1747647681008
counter/2/0/0/0,17995:1747647663812:,1747647681008
counter/5/0/0/0,17520:1747647663679:,1747647681008
counter/9/0/0/0,19294:1747647664777:,1747647681008
counter/6/0/0/0,16286:1747647663324:,1747647681008
counter/2/0/0/0,17996:1747647663812:,1747647681008
counter/5/0/0/0,17521:1747647663679:,1747647681008
counter/6/0/0/0,16287:1747647663329:,1747647681008
counter/2/0/0/0,17997:1747647663812:,1747647681008
counter/5/0/0/0,17522:1747647663679:,1747647681008
counter/6/0/0/0,16288:1747647663329:,1747647681008
counter/2/0/0/0,17998:1747647663812:,1747647681008
counter/5/0/0/0,17523:1747647663679:,1747647681008
counter/6/0/0/0,16289:1747647663329:,1747647681008
counter/2/0/0/0,17999:1747647663812:,1747647681008
counter/5/0/0/0,17524:1747647663679:,1747647681008
counter/6/0/0/0,16290:1747647663329:,1747647681008
counter/2/0/0/0,18000:1747647663815:,1747647681008
counter/5/0/0/0,17525:1747647663679:,1747647681008
counter/6/0/0/0,16291:1747647663329:,1747647681008
counter/2/0/0/0,18001:1747647663815:,1747647681008
counter/5/0/0/0,17526:1747647663679:,1747647681008
counter/6/0/0/0,16292:1747647663330:,1747647681008
counter/2/0/0/0,18002:1747647663815:,1747647681008
counter/5/0/0/0,17527:1747647663679:,1747647681008
counter/6/0/0/0,16293:1747647663330:,1747647681008
counter/2/0/0/0,18003:1747647663815:,1747647681008
counter/5/0/0/0,17528:1747647663679:,1747647681008
counter/6/0/0/0,16294:1747647663330:,1747647681008
counter/2/0/0/0,18004:1747647663815:,1747647681008
counter/5/0/0/0,17529:1747647663679:,1747647681008
counter/6/0/0/0,16295:1747647663330:,1747647681008
counter/2/0/0/0,18005:1747647663815:,1747647681009
counter/5/0/0/0,17530:1747647663679:,1747647681009
counter/6/0/0/0,16296:1747647663331:,1747647681009
counter/2/0/0/0,18006:1747647663815:,1747647681009
counter/5/0/0/0,17531:1747647663679:,1747647681009
counter/6/0/0/0,16297:1747647663331:,1747647681009
counter/2/0/0/0,18007:1747647663824:,1747647681009
counter/5/0/0/0,17532:1747647663679:,1747647681009
counter/6/0/0/0,16298:1747647663331:,1747647681009
counter/2/0/0/0,18008:1747647663824:,1747647681009
counter/5/0/0/0,17533:1747647663682:,1747647681009
counter/6/0/0/0,16299:1747647663331:,1747647681009
counter/2/0/0/0,18009:1747647663824:,1747647681009
counter/5/0/0/0,17534:1747647663682:,1747647681009
counter/6/0/0/0,16300:1747647663331:,1747647681009
counter/2/0/0/0,18010:1747647663824:,1747647681009
counter/5/0/0/0,17535:1747647663682:,1747647681009
counter/6/0/0/0,16301:1747647663331:,1747647681009
counter/2/0/0/0,18011:1747647663824:,1747647681009
counter/5/0/0/0,17536:1747647663682:,1747647681009
counter/6/0/0/0,16302:1747647663331:,1747647681009
counter/2/0/0/0,18012:1747647663824:,1747647681009
counter/5/0/0/0,17537:1747647663682:,1747647681009
counter/6/0/0/0,16303:1747647663331:,1747647681009
counter/2/0/0/0,18013:1747647663824:,1747647681009
counter/5/0/0/0,17538:1747647663682:,1747647681009
counter/6/0/0/0,16304:1747647663331:,1747647681009
counter/2/0/0/0,18014:1747647663824:,1747647681009
counter/5/0/0/0,17539:1747647663682:,1747647681009
counter/6/0/0/0,16305:1747647663331:,1747647681009
counter/2/0/0/0,18015:1747647663824:,1747647681009
counter/5/0/0/0,17540:1747647663685:,1747647681009
counter/6/0/0/0,16306:1747647663331:,1747647681009
counter/2/0/0/0,18016:1747647663824:,1747647681009
counter/5/0/0/0,17541:1747647663685:,1747647681009
counter/6/0/0/0,16307:1747647663331:,1747647681009
counter/2/0/0/0,18017:1747647663824:,1747647681009
counter/5/0/0/0,17542:1747647663685:,1747647681009
counter/6/0/0/0,16308:1747647663331:,1747647681009
counter/2/0/0/0,18018:1747647663824:,1747647681009
counter/5/0/0/0,17543:1747647663686:,1747647681010
counter/6/0/0/0,16309:1747647663331:,1747647681010
counter/2/0/0/0,18019:1747647663824:,1747647681010
counter/5/0/0/0,17544:1747647663686:,1747647681010
counter/6/0/0/0,16310:1747647663340:,1747647681010
counter/2/0/0/0,18020:1747647663824:,1747647681010
counter/5/0/0/0,17545:1747647663686:,1747647681010
counter/6/0/0/0,16311:1747647663340:,1747647681010
counter/2/0/0/0,18021:1747647663824:,1747647681010
counter/5/0/0/0,17546:1747647663686:,1747647681010
counter/6/0/0/0,16312:1747647663340:,1747647681010
counter/2/0/0/0,18022:1747647663829:,1747647681010
counter/5/0/0/0,17547:1747647663690:,1747647681010
counter/6/0/0/0,16313:1747647663340:,1747647681010
counter/2/0/0/0,18023:1747647663829:,1747647681010
counter/5/0/0/0,17548:1747647663690:,1747647681010
counter/6/0/0/0,16314:1747647663340:,1747647681010
counter/2/0/0/0,18024:1747647663829:,1747647681010
counter/5/0/0/0,17549:1747647663690:,1747647681010
counter/6/0/0/0,16315:1747647663340:,1747647681010
counter/2/0/0/0,18025:1747647663829:,1747647681010
counter/5/0/0/0,17550:1747647663690:,1747647681010
counter/6/0/0/0,16316:1747647663340:,1747647681010
counter/2/0/0/0,18026:1747647663829:,1747647681010
counter/5/0/0/0,17551:1747647663690:,1747647681010
counter/6/0/0/0,16317:1747647663340:,1747647681010
counter/2/0/0/0,18027:1747647663829:,1747647681010
counter/5/0/0/0,17552:1747647663690:,1747647681010
counter/6/0/0/0,16318:1747647663340:,1747647681010
counter/2/0/0/0,18028:1747647663829:,1747647681010
counter/5/0/0/0,17553:1747647663690:,1747647681010
counter/6/0/0/0,16319:1747647663340:,1747647681010
counter/2/0/0/0,18029:1747647663829:,1747647681010
counter/5/0/0/0,17554:1747647663690:,1747647681010
counter/6/0/0/0,16320:1747647663340:,1747647681010
counter/2/0/0/0,18030:1747647663829:,1747647681010
counter/5/0/0/0,17555:1747647663690:,1747647681010
counter/6/0/0/0,16321:1747647663340:,1747647681010
counter/2/0/0/0,18031:1747647663829:,1747647681010
counter/5/0/0/0,17556:1747647663690:,1747647681010
counter/6/0/0/0,16322:1747647663340:,1747647681010
counter/2/0/0/0,18032:1747647663829:,1747647681010
counter/5/0/0/0,17557:1747647663690:,1747647681010
counter/6/0/0/0,16323:1747647663340:,1747647681010
counter/2/0/0/0,18033:1747647663829:,1747647681010
counter/5/0/0/0,17558:1747647663693:,1747647681011
counter/6/0/0/0,16324:1747647663340:,1747647681011
counter/2/0/0/0,18034:1747647663829:,1747647681011
counter/5/0/0/0,17559:1747647663693:,1747647681011
counter/6/0/0/0,16325:1747647663340:,1747647681011
counter/2/0/0/0,18035:1747647663842:,1747647681011
counter/5/0/0/0,17560:1747647663693:,1747647681011
counter/6/0/0/0,16326:1747647663340:,1747647681011
counter/2/0/0/0,18036:1747647663842:,1747647681011
counter/5/0/0/0,17561:1747647663693:,1747647681011
counter/6/0/0/0,16327:1747647663347:,1747647681011
counter/2/0/0/0,18037:1747647663842:,1747647681011
counter/5/0/0/0,17562:1747647663693:,1747647681011
counter/6/0/0/0,16328:1747647663351:,1747647681011
counter/3/0/0/0,17291:1747647664507:,1747647681011
counter/2/0/0/0,18038:1747647663842:,1747647681011
counter/5/0/0/0,17563:1747647663693:,1747647681011
counter/6/0/0/0,16329:1747647663352:,1747647681011
counter/9/0/0/0,19295:1747647664777:,1747647681011
counter/2/0/0/0,18039:1747647663842:,1747647681011
counter/5/0/0/0,17564:1747647663693:,1747647681011
counter/6/0/0/0,16330:1747647663352:,1747647681011
counter/9/0/0/0,19296:1747647664777:,1747647681011
counter/2/0/0/0,18040:1747647663842:,1747647681011
counter/5/0/0/0,17565:1747647663693:,1747647681011
counter/6/0/0/0,16331:1747647663352:,1747647681011
counter/9/0/0/0,19297:1747647664783:,1747647681011
counter/2/0/0/0,18041:1747647663842:,1747647681011
counter/5/0/0/0,17566:1747647663693:,1747647681011
counter/6/0/0/0,16332:1747647663352:,1747647681011
counter/9/0/0/0,19298:1747647664783:,1747647681011
counter/2/0/0/0,18042:1747647663842:,1747647681011
counter/5/0/0/0,17567:1747647663693:,1747647681011
counter/6/0/0/0,16333:1747647663352:,1747647681011
counter/9/0/0/0,19299:1747647664783:,1747647681011
counter/2/0/0/0,18043:1747647663842:,1747647681011
counter/5/0/0/0,17568:1747647663693:,1747647681011
counter/6/0/0/0,16334:1747647663354:,1747647681011
counter/9/0/0/0,19300:1747647664783:,1747647681011
counter/2/0/0/0,18044:1747647663842:,1747647681011
counter/5/0/0/0,17569:1747647663693:,1747647681011
counter/6/0/0/0,16335:1747647663354:,1747647681011
counter/9/0/0/0,19301:1747647664783:,1747647681011
counter/2/0/0/0,18045:1747647663842:,1747647681011
counter/5/0/0/0,17570:1747647663693:,1747647681012
counter/6/0/0/0,16336:1747647663354:,1747647681012
counter/9/0/0/0,19302:1747647664784:,1747647681012
counter/8/0/0/0,17620:1747647663245:,1747647681012
counter/1/0/0/0,17936:1747647664680:,1747647681012
counter/2/0/0/0,18046:1747647663843:,1747647681012
counter/5/0/0/0,17571:1747647663693:,1747647681012
counter/6/0/0/0,16337:1747647663354:,1747647681012
counter/9/0/0/0,19303:1747647664784:,1747647681012
counter/7/0/0/0,15884:1747647662548:,1747647681012
counter/10/0/0/0,16143:1747647662561:,1747647681012
counter/2/0/0/0,18047:1747647663843:,1747647681012
counter/5/0/0/0,17572:1747647663693:,1747647681012
counter/6/0/0/0,16338:1747647663354:,1747647681012
counter/9/0/0/0,19304:1747647664784:,1747647681012
counter/2/0/0/0,18048:1747647663843:,1747647681012
counter/5/0/0/0,17573:1747647663694:,1747647681012
counter/6/0/0/0,16339:1747647663354:,1747647681012
counter/9/0/0/0,19305:1747647664784:,1747647681012
counter/7/0/0/0,15885:1747647662548:,1747647681012
counter/2/0/0/0,18049:1747647663843:,1747647681012
counter/5/0/0/0,17574:1747647663694:,1747647681012
counter/6/0/0/0,16340:1747647663354:,1747647681012
counter/9/0/0/0,19306:1747647664784:,1747647681012
counter/2/0/0/0,18050:1747647663843:,1747647681012
counter/5/0/0/0,17575:1747647663694:,1747647681012
counter/6/0/0/0,16341:1747647663354:,1747647681012
counter/9/0/0/0,19307:1747647664784:,1747647681012
counter/2/0/0/0,18051:1747647663843:,1747647681012
counter/5/0/0/0,17576:1747647663696:,1747647681012
counter/6/0/0/0,16342:1747647663354:,1747647681012
counter/9/0/0/0,19308:1747647664784:,1747647681012
counter/7/0/0/0,15886:1747647662548:,1747647681012
counter/3/0/0/0,17292:1747647664507:,1747647681012
counter/2/0/0/0,18052:1747647663843:,1747647681012
counter/5/0/0/0,17577:1747647663697:,1747647681012
counter/6/0/0/0,16343:1747647663354:,1747647681012
counter/9/0/0/0,19309:1747647664784:,1747647681012
counter/4/0/0/0,16709:1747647664586:,1747647681012
counter/2/0/0/0,18053:1747647663843:,1747647681012
counter/5/0/0/0,17578:1747647663697:,1747647681012
counter/6/0/0/0,16344:1747647663354:,1747647681013
counter/9/0/0/0,19310:1747647664784:,1747647681013
counter/2/0/0/0,18054:1747647663843:,1747647681013
counter/5/0/0/0,17579:1747647663697:,1747647681013
counter/6/0/0/0,16345:1747647663354:,1747647681013
counter/9/0/0/0,19311:1747647664784:,1747647681013
counter/2/0/0/0,18055:1747647663843:,1747647681013
counter/5/0/0/0,17580:1747647663697:,1747647681013
counter/6/0/0/0,16346:1747647663354:,1747647681013
counter/9/0/0/0,19312:1747647664784:,1747647681013
counter/2/0/0/0,18056:1747647663843:,1747647681013
counter/5/0/0/0,17581:1747647663697:,1747647681013
counter/6/0/0/0,16347:1747647663360:,1747647681013
counter/9/0/0/0,19313:1747647664784:,1747647681013
counter/2/0/0/0,18057:1747647663843:,1747647681013
counter/5/0/0/0,17582:1747647663697:,1747647681013
counter/6/0/0/0,16348:1747647663360:,1747647681013
counter/9/0/0/0,19314:1747647664784:,1747647681013
counter/2/0/0/0,18058:1747647663843:,1747647681013
counter/5/0/0/0,17583:1747647663697:,1747647681013
counter/6/0/0/0,16349:1747647663360:,1747647681013
counter/9/0/0/0,19315:1747647664784:,1747647681013
counter/2/0/0/0,18059:1747647663843:,1747647681013
counter/5/0/0/0,17584:1747647663697:,1747647681013
counter/6/0/0/0,16350:1747647663360:,1747647681013
counter/9/0/0/0,19316:1747647664784:,1747647681013
counter/2/0/0/0,18060:1747647663843:,1747647681013
counter/5/0/0/0,17585:1747647663697:,1747647681013
counter/6/0/0/0,16351:1747647663360:,1747647681013
counter/9/0/0/0,19317:1747647664784:,1747647681013
counter/2/0/0/0,18061:1747647663843:,1747647681013
counter/5/0/0/0,17586:1747647663697:,1747647681013
counter/6/0/0/0,16352:1747647663360:,1747647681013
counter/9/0/0/0,19318:1747647664791:,1747647681013
counter/2/0/0/0,18062:1747647663843:,1747647681013
counter/5/0/0/0,17587:1747647663697:,1747647681013
counter/6/0/0/0,16353:1747647663360:,1747647681013
counter/9/0/0/0,19319:1747647664791:,1747647681013
counter/2/0/0/0,18063:1747647663843:,1747647681013
counter/5/0/0/0,17588:1747647663697:,1747647681013
counter/6/0/0/0,16354:1747647663360:,1747647681013
counter/9/0/0/0,19320:1747647664791:,1747647681013
counter/2/0/0/0,18064:1747647663843:,1747647681014
counter/5/0/0/0,17589:1747647663697:,1747647681014
counter/6/0/0/0,16355:1747647663360:,1747647681014
counter/9/0/0/0,19321:1747647664791:,1747647681014
counter/2/0/0/0,18065:1747647663843:,1747647681014
counter/5/0/0/0,17590:1747647663697:,1747647681014
counter/6/0/0/0,16356:1747647663360:,1747647681014
counter/9/0/0/0,19322:1747647664791:,1747647681014
counter/2/0/0/0,18066:1747647663843:,1747647681014
counter/5/0/0/0,17591:1747647663697:,1747647681014
counter/6/0/0/0,16357:1747647663360:,1747647681014
counter/9/0/0/0,19323:1747647664791:,1747647681014
counter/2/0/0/0,18067:1747647663843:,1747647681014
counter/5/0/0/0,17592:1747647663697:,1747647681014
counter/6/0/0/0,16358:1747647663360:,1747647681014
counter/9/0/0/0,19324:1747647664791:,1747647681014
counter/2/0/0/0,18068:1747647663843:,1747647681014
counter/5/0/0/0,17593:1747647663697:,1747647681014
counter/6/0/0/0,16359:1747647663360:,1747647681014
counter/9/0/0/0,19325:1747647664791:,1747647681014
counter/2/0/0/0,18069:1747647663843:,1747647681014
counter/5/0/0/0,17594:1747647663697:,1747647681014
counter/6/0/0/0,16360:1747647663360:,1747647681014
counter/9/0/0/0,19326:1747647664794:,1747647681014
counter/2/0/0/0,18070:1747647663843:,1747647681014
counter/5/0/0/0,17595:1747647663697:,1747647681014
counter/6/0/0/0,16361:1747647663360:,1747647681014
counter/9/0/0/0,19327:1747647664794:,1747647681014
counter/2/0/0/0,18071:1747647663843:,1747647681014
counter/5/0/0/0,17596:1747647663697:,1747647681014
counter/6/0/0/0,16362:1747647663370:,1747647681014
counter/9/0/0/0,19328:1747647664794:,1747647681014
counter/2/0/0/0,18072:1747647663844:,1747647681014
counter/5/0/0/0,17597:1747647663697:,1747647681014
counter/6/0/0/0,16363:1747647663373:,1747647681014
counter/9/0/0/0,19329:1747647664794:,1747647681014
counter/2/0/0/0,18073:1747647663844:,1747647681014
counter/5/0/0/0,17598:1747647663697:,1747647681014
counter/6/0/0/0,16364:1747647663373:,1747647681014
counter/9/0/0/0,19330:1747647664794:,1747647681014
counter/2/0/0/0,18074:1747647663844:,1747647681014
counter/5/0/0/0,17599:1747647663697:,1747647681015
counter/6/0/0/0,16365:1747647663373:,1747647681015
counter/9/0/0/0,19331:1747647664794:,1747647681015
counter/2/0/0/0,18075:1747647663844:,1747647681015
counter/5/0/0/0,17600:1747647663697:,1747647681015
counter/6/0/0/0,16366:1747647663373:,1747647681015
counter/9/0/0/0,19332:1747647664794:,1747647681015
counter/2/0/0/0,18076:1747647663844:,1747647681015
counter/5/0/0/0,17601:1747647663697:,1747647681015
counter/6/0/0/0,16367:1747647663373:,1747647681015
counter/9/0/0/0,19333:1747647664794:,1747647681015
counter/2/0/0/0,18077:1747647663844:,1747647681015
counter/5/0/0/0,17602:1747647663697:,1747647681015
counter/6/0/0/0,16368:1747647663373:,1747647681015
counter/9/0/0/0,19334:1747647664801:,1747647681015
counter/4/0/0/0,16710:1747647664586:,1747647681015
counter/2/0/0/0,18078:1747647663844:,1747647681015
counter/5/0/0/0,17603:1747647663698:,1747647681015
counter/6/0/0/0,16369:1747647663373:,1747647681015
counter/9/0/0/0,19335:1747647664801:,1747647681015
counter/7/0/0/0,15887:1747647662548:,1747647681015
counter/10/0/0/0,16144:1747647662561:,1747647681015
counter/2/0/0/0,18079:1747647663844:,1747647681015
counter/5/0/0/0,17604:1747647663698:,1747647681015
counter/6/0/0/0,16370:1747647663373:,1747647681015
counter/9/0/0/0,19336:1747647664801:,1747647681015
counter/2/0/0/0,18080:1747647663844:,1747647681015
counter/5/0/0/0,17605:1747647663698:,1747647681015
counter/6/0/0/0,16371:1747647663373:,1747647681015
counter/9/0/0/0,19337:1747647664801:,1747647681015
counter/2/0/0/0,18081:1747647663844:,1747647681015
counter/5/0/0/0,17606:1747647663698:,1747647681015
counter/6/0/0/0,16372:1747647663373:,1747647681015
counter/9/0/0/0,19338:1747647664801:,1747647681015
counter/2/0/0/0,18082:1747647663844:,1747647681015
counter/5/0/0/0,17607:1747647663698:,1747647681015
counter/6/0/0/0,16373:1747647663373:,1747647681015
counter/9/0/0/0,19339:1747647664801:,1747647681015
counter/1/0/0/0,17937:1747647664680:,1747647681015
counter/7/0/0/0,15888:1747647662548:,1747647681015
counter/2/0/0/0,18083:1747647663844:,1747647681015
counter/5/0/0/0,17608:1747647663698:,1747647681015
counter/6/0/0/0,16374:1747647663374:,1747647681016
counter/9/0/0/0,19340:1747647664801:,1747647681016
counter/2/0/0/0,18084:1747647663844:,1747647681016
counter/5/0/0/0,17609:1747647663698:,1747647681016
counter/6/0/0/0,16375:1747647663374:,1747647681016
counter/9/0/0/0,19341:1747647664801:,1747647681016
counter/2/0/0/0,18085:1747647663844:,1747647681016
counter/5/0/0/0,17610:1747647663698:,1747647681016
counter/6/0/0/0,16376:1747647663374:,1747647681016
counter/9/0/0/0,19342:1747647664801:,1747647681016
counter/2/0/0/0,18086:1747647663844:,1747647681016
counter/5/0/0/0,17611:1747647663698:,1747647681016
counter/6/0/0/0,16377:1747647663400:,1747647681016
counter/9/0/0/0,19343:1747647664824:,1747647681016
counter/2/0/0/0,18087:1747647663844:,1747647681016
counter/5/0/0/0,17612:1747647663698:,1747647681016
counter/6/0/0/0,16378:1747647663400:,1747647681016
counter/9/0/0/0,19344:1747647664824:,1747647681016
counter/2/0/0/0,18088:1747647663848:,1747647681016
counter/5/0/0/0,17613:1747647663698:,1747647681016
counter/6/0/0/0,16379:1747647663400:,1747647681016
counter/9/0/0/0,19345:1747647664824:,1747647681016
counter/2/0/0/0,18089:1747647663848:,1747647681016
counter/5/0/0/0,17614:1747647663698:,1747647681016
counter/6/0/0/0,16380:1747647663400:,1747647681016
counter/9/0/0/0,19346:1747647664824:,1747647681016
counter/2/0/0/0,18090:1747647663848:,1747647681016
counter/5/0/0/0,17615:1747647663698:,1747647681016
counter/6/0/0/0,16381:1747647663400:,1747647681016
counter/9/0/0/0,19347:1747647664824:,1747647681016
counter/1/0/0/0,17938:1747647664680:,1747647681016
counter/2/0/0/0,18091:1747647663848:,1747647681016
counter/5/0/0/0,17616:1747647663698:,1747647681016
counter/6/0/0/0,16382:1747647663404:,1747647681016
counter/9/0/0/0,19348:1747647664824:,1747647681016
counter/7/0/0/0,15889:1747647662548:,1747647681016
counter/4/0/0/0,16711:1747647664586:,1747647681016
counter/2/0/0/0,18092:1747647663848:,1747647681016
counter/5/0/0/0,17617:1747647663698:,1747647681016
counter/6/0/0/0,16383:1747647663404:,1747647681016
counter/9/0/0/0,19349:1747647664824:,1747647681016
counter/3/0/0/0,17293:1747647664507:,1747647681017
counter/8/0/0/0,17621:1747647663245:,1747647681017
counter/2/0/0/0,18093:1747647663848:,1747647681017
counter/5/0/0/0,17618:1747647663702:,1747647681017
counter/6/0/0/0,16384:1747647663404:,1747647681017
counter/9/0/0/0,19350:1747647664824:,1747647681017
counter/7/0/0/0,15890:1747647662548:,1747647681017
counter/4/0/0/0,16712:1747647664586:,1747647681017
counter/2/0/0/0,18094:1747647663860:,1747647681017
counter/5/0/0/0,17619:1747647663702:,1747647681017
counter/6/0/0/0,16385:1747647663404:,1747647681017
counter/9/0/0/0,19351:1747647664824:,1747647681017
counter/7/0/0/0,15891:1747647662548:,1747647681017
counter/2/0/0/0,18095:1747647663860:,1747647681017
counter/5/0/0/0,17620:1747647663702:,1747647681017
counter/6/0/0/0,16386:1747647663413:,1747647681017
counter/9/0/0/0,19352:1747647664824:,1747647681017
counter/3/0/0/0,17294:1747647664508:,1747647681017
counter/8/0/0/0,17622:1747647663245:,1747647681017
counter/4/0/0/0,16713:1747647664586:,1747647681017
counter/2/0/0/0,18096:1747647663860:,1747647681017
counter/5/0/0/0,17621:1747647663702:,1747647681017
counter/6/0/0/0,16387:1747647663414:,1747647681017
counter/9/0/0/0,19353:1747647664824:,1747647681017
counter/2/0/0/0,18097:1747647663860:,1747647681017
counter/5/0/0/0,17622:1747647663702:,1747647681017
counter/6/0/0/0,16388:1747647663414:,1747647681017
counter/9/0/0/0,19354:1747647664824:,1747647681017
counter/2/0/0/0,18098:1747647663860:,1747647681017
counter/5/0/0/0,17623:1747647663702:,1747647681017
counter/6/0/0/0,16389:1747647663414:,1747647681017
counter/9/0/0/0,19355:1747647664824:,1747647681017
counter/1/0/0/0,17939:1747647664680:,1747647681017
counter/2/0/0/0,18099:1747647663860:,1747647681017
counter/5/0/0/0,17624:1747647663702:,1747647681017
counter/6/0/0/0,16390:1747647663414:,1747647681017
counter/9/0/0/0,19356:1747647664834:,1747647681017
counter/2/0/0/0,18100:1747647663860:,1747647681017
counter/5/0/0/0,17625:1747647663702:,1747647681017
counter/6/0/0/0,16391:1747647663414:,1747647681017
counter/9/0/0/0,19357:1747647664834:,1747647681017
counter/2/0/0/0,18101:1747647663860:,1747647681017
counter/5/0/0/0,17626:1747647663702:,1747647681017
counter/6/0/0/0,16392:1747647663414:,1747647681018
counter/9/0/0/0,19358:1747647664834:,1747647681018
counter/2/0/0/0,18102:1747647663860:,1747647681018
counter/5/0/0/0,17627:1747647663702:,1747647681018
counter/6/0/0/0,16393:1747647663414:,1747647681018
counter/9/0/0/0,19359:1747647664834:,1747647681018
counter/7/0/0/0,15892:1747647662548:,1747647681018
counter/2/0/0/0,18103:1747647663860:,1747647681018
counter/5/0/0/0,17628:1747647663702:,1747647681018
counter/6/0/0/0,16394:1747647663418:,1747647681018
counter/9/0/0/0,19360:1747647664834:,1747647681018
counter/3/0/0/0,17295:1747647664508:,1747647681018
counter/4/0/0/0,16714:1747647664586:,1747647681018
counter/2/0/0/0,18104:1747647663860:,1747647681018
counter/5/0/0/0,17629:1747647663702:,1747647681018
counter/6/0/0/0,16395:1747647663419:,1747647681018
counter/9/0/0/0,19361:1747647664834:,1747647681018
counter/3/0/0/0,17296:1747647664508:,1747647681018
counter/2/0/0/0,18105:1747647663860:,1747647681018
counter/5/0/0/0,17630:1747647663702:,1747647681018
counter/6/0/0/0,16396:1747647663422:,1747647681018
counter/9/0/0/0,19362:1747647664834:,1747647681018
counter/2/0/0/0,18106:1747647663860:,1747647681018
counter/5/0/0/0,17631:1747647663703:,1747647681018
counter/6/0/0/0,16397:1747647663422:,1747647681018
counter/9/0/0/0,19363:1747647664834:,1747647681018
counter/2/0/0/0,18107:1747647663860:,1747647681018
counter/5/0/0/0,17632:1747647663703:,1747647681018
counter/6/0/0/0,16398:1747647663422:,1747647681018
counter/9/0/0/0,19364:1747647664842:,1747647681018
counter/7/0/0/0,15893:1747647662548:,1747647681018
counter/2/0/0/0,18108:1747647663861:,1747647681018
counter/5/0/0/0,17633:1747647663703:,1747647681018
counter/6/0/0/0,16399:1747647663424:,1747647681018
counter/9/0/0/0,19365:1747647664843:,1747647681018
counter/4/0/0/0,16715:1747647664592:,1747647681018
counter/2/0/0/0,18109:1747647663861:,1747647681018
counter/5/0/0/0,17634:1747647663703:,1747647681018
counter/6/0/0/0,16400:1747647663424:,1747647681018
counter/9/0/0/0,19366:1747647664843:,1747647681018
counter/4/0/0/0,16716:1747647664592:,1747647681018
counter/2/0/0/0,18110:1747647663861:,1747647681018
counter/5/0/0/0,17635:1747647663703:,1747647681018
counter/6/0/0/0,16401:1747647663424:,1747647681019
counter/9/0/0/0,19367:1747647664843:,1747647681019
counter/4/0/0/0,16717:1747647664592:,1747647681019
counter/2/0/0/0,18111:1747647664377:,1747647681019
counter/5/0/0/0,17636:1747647663703:,1747647681019
counter/6/0/0/0,16402:1747647663424:,1747647681019
counter/9/0/0/0,19368:1747647664843:,1747647681019
counter/4/0/0/0,16718:1747647664592:,1747647681019
counter/2/0/0/0,18112:1747647664377:,1747647681019
counter/5/0/0/0,17637:1747647663703:,1747647681019
counter/6/0/0/0,16403:1747647663424:,1747647681019
counter/9/0/0/0,19369:1747647664845:,1747647681019
counter/4/0/0/0,16719:1747647664592:,1747647681019
counter/7/0/0/0,15894:1747647662548:,1747647681019
counter/1/0/0/0,17940:1747647664680:,1747647681019
counter/8/0/0/0,17623:1747647663245:,1747647681019
counter/2/0/0/0,18113:1747647664382:,1747647681019
counter/5/0/0/0,17638:1747647663703:,1747647681019
counter/6/0/0/0,16404:1747647663424:,1747647681019
counter/9/0/0/0,19370:1747647664845:,1747647681019
counter/4/0/0/0,16720:1747647664592:,1747647681019
counter/10/0/0/0,16145:1747647662561:,1747647681019
counter/2/0/0/0,18114:1747647664382:,1747647681019
counter/5/0/0/0,17639:1747647663703:,1747647681019
counter/6/0/0/0,16405:1747647663424:,1747647681019
counter/9/0/0/0,19371:1747647664845:,1747647681019
counter/4/0/0/0,16721:1747647664592:,1747647681019
counter/2/0/0/0,18115:1747647664386:,1747647681019
counter/5/0/0/0,17640:1747647663703:,1747647681019
counter/6/0/0/0,16406:1747647663442:,1747647681019
counter/9/0/0/0,19372:1747647664845:,1747647681019
counter/4/0/0/0,16722:1747647664592:,1747647681019
counter/2/0/0/0,18116:1747647664386:,1747647681019
counter/5/0/0/0,17641:1747647663703:,1747647681019
counter/6/0/0/0,16407:1747647663443:,1747647681019
counter/9/0/0/0,19373:1747647664845:,1747647681019
counter/4/0/0/0,16723:1747647664592:,1747647681019
counter/2/0/0/0,18117:1747647664386:,1747647681019
counter/5/0/0/0,17642:1747647663703:,1747647681019
counter/6/0/0/0,16408:1747647663443:,1747647681019
counter/9/0/0/0,19374:1747647664845:,1747647681020
counter/4/0/0/0,16724:1747647664592:,1747647681020
counter/2/0/0/0,18118:1747647664395:,1747647681020
counter/5/0/0/0,17643:1747647663703:,1747647681020
counter/6/0/0/0,16409:1747647663443:,1747647681020
counter/9/0/0/0,19375:1747647664845:,1747647681020
counter/4/0/0/0,16725:1747647664592:,1747647681020
counter/2/0/0/0,18119:1747647664395:,1747647681020
counter/5/0/0/0,17644:1747647663703:,1747647681020
counter/6/0/0/0,16410:1747647663444:,1747647681020
counter/9/0/0/0,19376:1747647664845:,1747647681020
counter/2/0/0/0,18120:1747647664404:,1747647681020
counter/5/0/0/0,17645:1747647663703:,1747647681020
counter/6/0/0/0,16411:1747647663464:,1747647681020
counter/9/0/0/0,19377:1747647664845:,1747647681020
counter/2/0/0/0,18121:1747647664404:,1747647681020
counter/5/0/0/0,17646:1747647663703:,1747647681020
counter/6/0/0/0,16412:1747647663464:,1747647681020
counter/9/0/0/0,19378:1747647664845:,1747647681020
counter/2/0/0/0,18122:1747647664404:,1747647681020
counter/5/0/0/0,17647:1747647663703:,1747647681020
counter/6/0/0/0,16413:1747647663464:,1747647681020
counter/9/0/0/0,19379:1747647664845:,1747647681020
counter/8/0/0/0,17624:1747647663245:,1747647681020
counter/2/0/0/0,18123:1747647664404:,1747647681020
counter/5/0/0/0,17648:1747647663703:,1747647681020
counter/6/0/0/0,16414:1747647663464:,1747647681020
counter/9/0/0/0,19380:1747647664845:,1747647681020
counter/4/0/0/0,16726:1747647664592:,1747647681020
counter/2/0/0/0,18124:1747647664407:,1747647681020
counter/5/0/0/0,17649:1747647663703:,1747647681020
counter/6/0/0/0,16415:1747647663466:,1747647681020
counter/9/0/0/0,19381:1747647664845:,1747647681020
counter/10/0/0/0,16146:1747647662561:,1747647681020
counter/2/0/0/0,18125:1747647664409:,1747647681020
counter/5/0/0/0,17650:1747647663703:,1747647681020
counter/6/0/0/0,16416:1747647663466:,1747647681020
counter/9/0/0/0,19382:1747647664845:,1747647681020
counter/2/0/0/0,18126:1747647664414:,1747647681020
counter/5/0/0/0,17651:1747647663703:,1747647681020
counter/6/0/0/0,16417:1747647663466:,1747647681020
counter/9/0/0/0,19383:1747647664852:,1747647681020
counter/2/0/0/0,18127:1747647664422:,1747647681020
counter/5/0/0/0,17652:1747647663703:,1747647681021
counter/6/0/0/0,16418:1747647663466:,1747647681021
counter/9/0/0/0,19384:1747647664852:,1747647681021
counter/2/0/0/0,18128:1747647664422:,1747647681021
counter/6/0/0/0,16419:1747647663466:,1747647681021
counter/9/0/0/0,19385:1747647664852:,1747647681021
counter/2/0/0/0,18129:1747647664422:,1747647681021
counter/6/0/0/0,16420:1747647663467:,1747647681021
counter/9/0/0/0,19386:1747647664852:,1747647681021
counter/2/0/0/0,18130:1747647664422:,1747647681021
counter/6/0/0/0,16421:1747647663467:,1747647681021
counter/9/0/0/0,19387:1747647664852:,1747647681021
counter/2/0/0/0,18131:1747647664422:,1747647681021
counter/6/0/0/0,16422:1747647663467:,1747647681021
counter/9/0/0/0,19388:1747647664852:,1747647681021
counter/2/0/0/0,18132:1747647664422:,1747647681021
counter/6/0/0/0,16423:1747647663467:,1747647681021
counter/9/0/0/0,19389:1747647664854:,1747647681021
counter/2/0/0/0,18133:1747647664422:,1747647681021
counter/6/0/0/0,16424:1747647663467:,1747647681021
counter/9/0/0/0,19390:1747647664854:,1747647681021
counter/2/0/0/0,18134:1747647664423:,1747647681021
counter/6/0/0/0,16425:1747647663472:,1747647681021
counter/9/0/0/0,19391:1747647664854:,1747647681021
counter/2/0/0/0,18135:1747647664423:,1747647681021
counter/6/0/0/0,16426:1747647663472:,1747647681021
counter/9/0/0/0,19392:1747647664854:,1747647681021
counter/2/0/0/0,18136:1747647664423:,1747647681021
counter/6/0/0/0,16427:1747647663472:,1747647681021
counter/9/0/0/0,19393:1747647664854:,1747647681021
counter/2/0/0/0,18137:1747647664425:,1747647681021
counter/6/0/0/0,16428:1747647663472:,1747647681021
counter/9/0/0/0,19394:1747647664854:,1747647681021
counter/2/0/0/0,18138:1747647664425:,1747647681021
counter/6/0/0/0,16429:1747647663474:,1747647681021
counter/9/0/0/0,19395:1747647664854:,1747647681021
counter/2/0/0/0,18139:1747647664437:,1747647681021
counter/6/0/0/0,16430:1747647663474:,1747647681021
counter/9/0/0/0,19396:1747647664854:,1747647681021
counter/2/0/0/0,18140:1747647664437:,1747647681022
counter/6/0/0/0,16431:1747647663474:,1747647681022
counter/9/0/0/0,19397:1747647664854:,1747647681022
counter/2/0/0/0,18141:1747647664437:,1747647681022
counter/6/0/0/0,16432:1747647663474:,1747647681022
counter/9/0/0/0,19398:1747647664854:,1747647681022
counter/2/0/0/0,18142:1747647664437:,1747647681022
counter/6/0/0/0,16433:1747647663483:,1747647681022
counter/9/0/0/0,19399:1747647664854:,1747647681022
counter/2/0/0/0,18143:1747647664437:,1747647681022
counter/6/0/0/0,16434:1747647663483:,1747647681022
counter/9/0/0/0,19400:1747647664854:,1747647681022
counter/2/0/0/0,18144:1747647664439:,1747647681022
counter/6/0/0/0,16435:1747647663483:,1747647681022
counter/9/0/0/0,19401:1747647664854:,1747647681022
counter/2/0/0/0,18145:1747647664439:,1747647681022
counter/6/0/0/0,16436:1747647663483:,1747647681022
counter/9/0/0/0,19402:1747647664854:,1747647681022
counter/2/0/0/0,18146:1747647664439:,1747647681022
counter/6/0/0/0,16437:1747647663483:,1747647681022
counter/9/0/0/0,19403:1747647664854:,1747647681022
counter/2/0/0/0,18147:1747647664439:,1747647681022
counter/6/0/0/0,16438:1747647663483:,1747647681022
counter/9/0/0/0,19404:1747647664854:,1747647681022
counter/2/0/0/0,18148:1747647664439:,1747647681022
counter/6/0/0/0,16439:1747647663483:,1747647681022
counter/9/0/0/0,19405:1747647664854:,1747647681022
counter/2/0/0/0,18149:1747647664439:,1747647681022
counter/6/0/0/0,16440:1747647663483:,1747647681022
counter/9/0/0/0,19406:1747647664854:,1747647681022
counter/2/0/0/0,18150:1747647664439:,1747647681022
counter/6/0/0/0,16441:1747647663483:,1747647681022
counter/9/0/0/0,19407:1747647664854:,1747647681022
counter/2/0/0/0,18151:1747647664439:,1747647681022
counter/6/0/0/0,16442:1747647663483:,1747647681022
counter/9/0/0/0,19408:1747647664854:,1747647681022
counter/2/0/0/0,18152:1747647664439:,1747647681022
counter/6/0/0/0,16443:1747647663483:,1747647681022
counter/9/0/0/0,19409:1747647664855:,1747647681022
counter/2/0/0/0,18153:1747647664440:,1747647681022
counter/6/0/0/0,16444:1747647663483:,1747647681022
counter/9/0/0/0,19410:1747647664855:,1747647681022
counter/2/0/0/0,18154:1747647664440:,1747647681022
counter/6/0/0/0,16445:1747647663490:,1747647681022
counter/9/0/0/0,19411:1747647664866:,1747647681023
counter/2/0/0/0,18155:1747647664440:,1747647681023
counter/6/0/0/0,16446:1747647663490:,1747647681023
counter/9/0/0/0,19412:1747647664866:,1747647681023
counter/2/0/0/0,18156:1747647664440:,1747647681023
counter/6/0/0/0,16447:1747647663490:,1747647681023
counter/9/0/0/0,19413:1747647664866:,1747647681023
counter/2/0/0/0,18157:1747647664442:,1747647681023
counter/6/0/0/0,16448:1747647663490:,1747647681023
counter/9/0/0/0,19414:1747647664866:,1747647681023
counter/2/0/0/0,18158:1747647664442:,1747647681023
counter/6/0/0/0,16449:1747647663490:,1747647681023
counter/9/0/0/0,19415:1747647664866:,1747647681023
counter/2/0/0/0,18159:1747647664442:,1747647681023
counter/6/0/0/0,16450:1747647663490:,1747647681023
counter/9/0/0/0,19416:1747647664866:,1747647681023
counter/2/0/0/0,18160:1747647664442:,1747647681023
counter/6/0/0/0,16451:1747647663490:,1747647681023
counter/9/0/0/0,19417:1747647664866:,1747647681023
counter/2/0/0/0,18161:1747647664442:,1747647681023
counter/6/0/0/0,16452:1747647663490:,1747647681023
counter/9/0/0/0,19418:1747647664866:,1747647681023
counter/2/0/0/0,18162:1747647664442:,1747647681023
counter/6/0/0/0,16453:1747647663490:,1747647681023
counter/9/0/0/0,19419:1747647664866:,1747647681023
counter/2/0/0/0,18163:1747647664442:,1747647681023
counter/6/0/0/0,16454:1747647663491:,1747647681023
counter/9/0/0/0,19420:1747647664866:,1747647681023
counter/2/0/0/0,18164:1747647664442:,1747647681023
counter/6/0/0/0,16455:1747647663491:,1747647681023
counter/9/0/0/0,19421:1747647664866:,1747647681023
counter/2/0/0/0,18165:1747647664442:,1747647681023
counter/6/0/0/0,16456:1747647663491:,1747647681023
counter/9/0/0/0,19422:1747647664866:,1747647681023
counter/2/0/0/0,18166:1747647664442:,1747647681023
counter/6/0/0/0,16457:1747647663491:,1747647681023
counter/9/0/0/0,19423:1747647664866:,1747647681023
counter/2/0/0/0,18167:1747647664442:,1747647681023
counter/6/0/0/0,16458:1747647663493:,1747647681023
counter/9/0/0/0,19424:1747647664866:,1747647681023
counter/2/0/0/0,18168:1747647664442:,1747647681023
counter/6/0/0/0,16459:1747647663493:,1747647681023
counter/9/0/0/0,19425:1747647664866:,1747647681023
counter/2/0/0/0,18169:1747647664443:,1747647681024
counter/6/0/0/0,16460:1747647663496:,1747647681024
counter/9/0/0/0,19426:1747647664873:,1747647681024
counter/2/0/0/0,18170:1747647664443:,1747647681024
counter/6/0/0/0,16461:1747647663497:,1747647681024
counter/9/0/0/0,19427:1747647664873:,1747647681024
counter/2/0/0/0,18171:1747647664455:,1747647681024
counter/6/0/0/0,16462:1747647663497:,1747647681024
counter/9/0/0/0,19428:1747647664873:,1747647681024
counter/2/0/0/0,18172:1747647664455:,1747647681024
counter/6/0/0/0,16463:1747647663497:,1747647681024
counter/9/0/0/0,19429:1747647664873:,1747647681024
counter/2/0/0/0,18173:1747647664455:,1747647681024
counter/6/0/0/0,16464:1747647663497:,1747647681024
counter/9/0/0/0,19430:1747647664873:,1747647681024
counter/2/0/0/0,18174:1747647664455:,1747647681024
counter/6/0/0/0,16465:1747647663497:,1747647681024
counter/9/0/0/0,19431:1747647664873:,1747647681024
counter/2/0/0/0,18175:1747647664455:,1747647681024
counter/6/0/0/0,16466:1747647663497:,1747647681024
counter/9/0/0/0,19432:1747647664873:,1747647681024
counter/7/0/0/0,15895:1747647662548:,1747647681024
counter/2/0/0/0,18176:1747647664455:,1747647681024
counter/6/0/0/0,16467:1747647663497:,1747647681024
counter/9/0/0/0,19433:1747647664873:,1747647681024
counter/2/0/0/0,18177:1747647664471:,1747647681024
counter/6/0/0/0,16468:1747647663497:,1747647681024
counter/9/0/0/0,19434:1747647664873:,1747647681024
counter/2/0/0/0,18178:1747647664471:,1747647681024
counter/6/0/0/0,16469:1747647663497:,1747647681024
counter/9/0/0/0,19435:1747647664873:,1747647681024
counter/2/0/0/0,18179:1747647664471:,1747647681024
counter/6/0/0/0,16470:1747647663497:,1747647681024
counter/9/0/0/0,19436:1747647664873:,1747647681024
counter/2/0/0/0,18180:1747647664471:,1747647681024
counter/6/0/0/0,16471:1747647663497:,1747647681024
counter/9/0/0/0,19437:1747647664873:,1747647681024
counter/2/0/0/0,18181:1747647664471:,1747647681024
counter/6/0/0/0,16472:1747647663504:,1747647681024
counter/9/0/0/0,19438:1747647664873:,1747647681024
counter/2/0/0/0,18182:1747647664471:,1747647681025
counter/6/0/0/0,16473:1747647663504:,1747647681025
counter/9/0/0/0,19439:1747647664873:,1747647681025
counter/2/0/0/0,18183:1747647664471:,1747647681025
counter/6/0/0/0,16474:1747647663504:,1747647681025
counter/9/0/0/0,19440:1747647664873:,1747647681025
counter/2/0/0/0,18184:1747647664471:,1747647681025
counter/6/0/0/0,16475:1747647663504:,1747647681025
counter/9/0/0/0,19441:1747647664873:,1747647681025
counter/2/0/0/0,18185:1747647664472:,1747647681025
counter/6/0/0/0,16476:1747647663504:,1747647681025
counter/9/0/0/0,19442:1747647664873:,1747647681025
counter/2/0/0/0,18186:1747647664473:,1747647681025
counter/6/0/0/0,16477:1747647663504:,1747647681025
counter/9/0/0/0,19443:1747647664873:,1747647681025
counter/2/0/0/0,18187:1747647664473:,1747647681025
counter/6/0/0/0,16478:1747647663504:,1747647681025
counter/9/0/0/0,19444:1747647664873:,1747647681025
counter/2/0/0/0,18188:1747647664473:,1747647681025
counter/6/0/0/0,16479:1747647663504:,1747647681025
counter/9/0/0/0,19445:1747647664874:,1747647681025
counter/2/0/0/0,18189:1747647664473:,1747647681025
counter/6/0/0/0,16480:1747647663504:,1747647681025
counter/9/0/0/0,19446:1747647664874:,1747647681025
counter/2/0/0/0,18190:1747647664478:,1747647681025
counter/6/0/0/0,16481:1747647663504:,1747647681025
counter/9/0/0/0,19447:1747647664874:,1747647681025
counter/2/0/0/0,18191:1747647664478:,1747647681025
counter/6/0/0/0,16482:1747647663504:,1747647681025
counter/9/0/0/0,19448:1747647664874:,1747647681025
counter/2/0/0/0,18192:1747647664478:,1747647681025
counter/6/0/0/0,16483:1747647663504:,1747647681025
counter/9/0/0/0,19449:1747647664874:,1747647681025
counter/2/0/0/0,18193:1747647664480:,1747647681025
counter/6/0/0/0,16484:1747647663504:,1747647681025
counter/9/0/0/0,19450:1747647664874:,1747647681025
counter/2/0/0/0,18194:1747647664480:,1747647681025
counter/6/0/0/0,16485:1747647663515:,1747647681025
counter/9/0/0/0,19451:1747647664874:,1747647681025
counter/2/0/0/0,18195:1747647664480:,1747647681025
counter/6/0/0/0,16486:1747647663515:,1747647681025
counter/9/0/0/0,19452:1747647664874:,1747647681025
counter/2/0/0/0,18196:1747647664480:,1747647681025
counter/6/0/0/0,16487:1747647663515:,1747647681025
counter/9/0/0/0,19453:1747647664874:,1747647681026
counter/2/0/0/0,18197:1747647664480:,1747647681026
counter/6/0/0/0,16488:1747647663527:,1747647681026
counter/9/0/0/0,19454:1747647664874:,1747647681026
counter/2/0/0/0,18198:1747647664480:,1747647681026
counter/6/0/0/0,16489:1747647663527:,1747647681026
counter/9/0/0/0,19455:1747647664874:,1747647681026
counter/2/0/0/0,18199:1747647664480:,1747647681026
counter/6/0/0/0,16490:1747647663527:,1747647681026
counter/9/0/0/0,19456:1747647664874:,1747647681026
counter/2/0/0/0,18200:1747647664480:,1747647681026
counter/6/0/0/0,16491:1747647663527:,1747647681026
counter/9/0/0/0,19457:1747647664874:,1747647681026
counter/2/0/0/0,18201:1747647664480:,1747647681026
counter/6/0/0/0,16492:1747647663527:,1747647681026
counter/9/0/0/0,19458:1747647664874:,1747647681026
counter/2/0/0/0,18202:1747647664481:,1747647681026
counter/6/0/0/0,16493:1747647663527:,1747647681026
counter/9/0/0/0,19459:1747647664874:,1747647681026
counter/2/0/0/0,18203:1747647664481:,1747647681026
counter/6/0/0/0,16494:1747647663530:,1747647681026
counter/9/0/0/0,19460:1747647664874:,1747647681026
counter/2/0/0/0,18204:1747647664481:,1747647681026
counter/6/0/0/0,16495:1747647663530:,1747647681026
counter/9/0/0/0,19461:1747647664874:,1747647681026
counter/2/0/0/0,18205:1747647664481:,1747647681026
counter/6/0/0/0,16496:1747647663530:,1747647681026
counter/9/0/0/0,19462:1747647664874:,1747647681026
counter/2/0/0/0,18206:1747647664481:,1747647681026
counter/6/0/0/0,16497:1747647663531:,1747647681026
counter/9/0/0/0,19463:1747647664876:,1747647681026
counter/2/0/0/0,18207:1747647664482:,1747647681026
counter/6/0/0/0,16498:1747647663531:,1747647681026
counter/9/0/0/0,19464:1747647664876:,1747647681026
counter/2/0/0/0,18208:1747647664482:,1747647681026
counter/6/0/0/0,16499:1747647663531:,1747647681026
counter/9/0/0/0,19465:1747647664876:,1747647681026
counter/2/0/0/0,18209:1747647664482:,1747647681026
counter/6/0/0/0,16500:1747647663531:,1747647681026
counter/9/0/0/0,19466:1747647664876:,1747647681026
counter/2/0/0/0,18210:1747647664482:,1747647681026
counter/6/0/0/0,16501:1747647663531:,1747647681027
counter/9/0/0/0,19467:1747647664876:,1747647681027
counter/2/0/0/0,18211:1747647664482:,1747647681027
counter/6/0/0/0,16502:1747647663531:,1747647681027
counter/9/0/0/0,19468:1747647664876:,1747647681027
counter/2/0/0/0,18212:1747647664482:,1747647681027
counter/6/0/0/0,16503:1747647663531:,1747647681027
counter/9/0/0/0,19469:1747647664876:,1747647681027
counter/2/0/0/0,18213:1747647664482:,1747647681027
counter/6/0/0/0,16504:1747647663531:,1747647681027
counter/9/0/0/0,19470:1747647664876:,1747647681027
counter/2/0/0/0,18214:1747647664482:,1747647681027
counter/6/0/0/0,16505:1747647663531:,1747647681027
counter/9/0/0/0,19471:1747647664876:,1747647681027
counter/2/0/0/0,18215:1747647664482:,1747647681027
counter/6/0/0/0,16506:1747647663535:,1747647681027
counter/9/0/0/0,19472:1747647664876:,1747647681027
counter/2/0/0/0,18216:1747647664482:,1747647681027
counter/6/0/0/0,16507:1747647663535:,1747647681027
counter/9/0/0/0,19473:1747647664876:,1747647681027
counter/2/0/0/0,18217:1747647664482:,1747647681027
counter/6/0/0/0,16508:1747647663535:,1747647681027
counter/9/0/0/0,19474:1747647664876:,1747647681027
counter/2/0/0/0,18218:1747647664482:,1747647681027
counter/6/0/0/0,16509:1747647663535:,1747647681027
counter/9/0/0/0,19475:1747647664877:,1747647681027
counter/2/0/0/0,18219:1747647664482:,1747647681027
counter/6/0/0/0,16510:1747647663542:,1747647681027
counter/9/0/0/0,19476:1747647664877:,1747647681027
counter/2/0/0/0,18220:1747647664484:,1747647681027
counter/6/0/0/0,16511:1747647663542:,1747647681027
counter/9/0/0/0,19477:1747647664877:,1747647681027
counter/2/0/0/0,18221:1747647664484:,1747647681027
counter/6/0/0/0,16512:1747647663542:,1747647681027
counter/9/0/0/0,19478:1747647664877:,1747647681027
counter/2/0/0/0,18222:1747647664484:,1747647681027
counter/6/0/0/0,16513:1747647663542:,1747647681027
counter/9/0/0/0,19479:1747647664877:,1747647681027
counter/2/0/0/0,18223:1747647664484:,1747647681027
counter/6/0/0/0,16514:1747647663542:,1747647681027
counter/2/0/0/0,18224:1747647664484:,1747647681027
counter/6/0/0/0,16515:1747647663542:,1747647681027
counter/2/0/0/0,18225:1747647664484:,1747647681027
counter/6/0/0/0,16516:1747647663542:,1747647681027
counter/2/0/0/0,18226:1747647664484:,1747647681028
counter/6/0/0/0,16517:1747647663542:,1747647681028
counter/2/0/0/0,18227:1747647664484:,1747647681028
counter/6/0/0/0,16518:1747647663542:,1747647681028
counter/2/0/0/0,18228:1747647664484:,1747647681028
counter/6/0/0/0,16519:1747647663542:,1747647681028
counter/2/0/0/0,18229:1747647664484:,1747647681028
counter/6/0/0/0,16520:1747647663542:,1747647681028
counter/2/0/0/0,18230:1747647664484:,1747647681028
counter/6/0/0/0,16521:1747647663542:,1747647681028
counter/2/0/0/0,18231:1747647664487:,1747647681028
counter/6/0/0/0,16522:1747647663542:,1747647681028
counter/2/0/0/0,18232:1747647664490:,1747647681028
counter/6/0/0/0,16523:1747647663542:,1747647681028
counter/2/0/0/0,18233:1747647664490:,1747647681028
counter/6/0/0/0,16524:1747647663542:,1747647681028
counter/2/0/0/0,18234:1747647664490:,1747647681028
counter/6/0/0/0,16525:1747647663542:,1747647681028
counter/2/0/0/0,18235:1747647664490:,1747647681028
counter/6/0/0/0,16526:1747647663542:,1747647681028
counter/2/0/0/0,18236:1747647664490:,1747647681028
counter/6/0/0/0,16527:1747647663542:,1747647681028
counter/2/0/0/0,18237:1747647664490:,1747647681028
counter/6/0/0/0,16528:1747647663542:,1747647681028
counter/2/0/0/0,18238:1747647664490:,1747647681028
counter/6/0/0/0,16529:1747647663542:,1747647681028
counter/2/0/0/0,18239:1747647664490:,1747647681028
counter/6/0/0/0,16530:1747647663542:,1747647681028
counter/2/0/0/0,18240:1747647664490:,1747647681028
counter/6/0/0/0,16531:1747647663542:,1747647681028
counter/2/0/0/0,18241:1747647664490:,1747647681028
counter/6/0/0/0,16532:1747647663542:,1747647681028
counter/2/0/0/0,18242:1747647664490:,1747647681028
counter/6/0/0/0,16533:1747647663543:,1747647681028
counter/2/0/0/0,18243:1747647664490:,1747647681028
counter/6/0/0/0,16534:1747647663543:,1747647681028
counter/2/0/0/0,18244:1747647664490:,1747647681028
counter/6/0/0/0,16535:1747647663543:,1747647681028
counter/2/0/0/0,18245:1747647664491:,1747647681028
counter/6/0/0/0,16536:1747647663544:,1747647681028
counter/2/0/0/0,18246:1747647664491:,1747647681029
counter/6/0/0/0,16537:1747647663544:,1747647681029
counter/2/0/0/0,18247:1747647664491:,1747647681029
counter/6/0/0/0,16538:1747647663544:,1747647681029
counter/2/0/0/0,18248:1747647664494:,1747647681029
counter/6/0/0/0,16539:1747647663544:,1747647681029
counter/2/0/0/0,18249:1747647664494:,1747647681029
counter/6/0/0/0,16540:1747647663544:,1747647681029
counter/2/0/0/0,18250:1747647664494:,1747647681029
counter/6/0/0/0,16541:1747647663544:,1747647681029
counter/2/0/0/0,18251:1747647664494:,1747647681029
counter/6/0/0/0,16542:1747647663544:,1747647681029
counter/2/0/0/0,18252:1747647664494:,1747647681029
counter/6/0/0/0,16543:1747647663544:,1747647681029
counter/2/0/0/0,18253:1747647664494:,1747647681029
counter/6/0/0/0,16544:1747647663544:,1747647681029
counter/2/0/0/0,18254:1747647664494:,1747647681029
counter/6/0/0/0,16545:1747647663544:,1747647681029
counter/2/0/0/0,18255:1747647664495:,1747647681029
counter/6/0/0/0,16546:1747647663544:,1747647681029
counter/2/0/0/0,18256:1747647664495:,1747647681029
counter/6/0/0/0,16547:1747647663544:,1747647681029
counter/2/0/0/0,18257:1747647664495:,1747647681029
counter/6/0/0/0,16548:1747647663544:,1747647681029
counter/2/0/0/0,18258:1747647664495:,1747647681029
counter/6/0/0/0,16549:1747647663544:,1747647681029
counter/2/0/0/0,18259:1747647664495:,1747647681029
counter/6/0/0/0,16550:1747647663544:,1747647681029
counter/2/0/0/0,18260:1747647664495:,1747647681029
counter/6/0/0/0,16551:1747647663546:,1747647681029
counter/2/0/0/0,18261:1747647664495:,1747647681029
counter/6/0/0/0,16552:1747647663546:,1747647681029
counter/2/0/0/0,18262:1747647664495:,1747647681029
counter/6/0/0/0,16553:1747647663546:,1747647681029
counter/2/0/0/0,18263:1747647664495:,1747647681029
counter/6/0/0/0,16554:1747647663546:,1747647681029
counter/2/0/0/0,18264:1747647664496:,1747647681029
counter/6/0/0/0,16555:1747647663546:,1747647681029
counter/2/0/0/0,18265:1747647664496:,1747647681029
counter/6/0/0/0,16556:1747647663546:,1747647681029
counter/2/0/0/0,18266:1747647664496:,1747647681029
counter/6/0/0/0,16557:1747647663546:,1747647681029
counter/2/0/0/0,18267:1747647664498:,1747647681029
counter/6/0/0/0,16558:1747647663547:,1747647681029
counter/2/0/0/0,18268:1747647664498:,1747647681030
counter/6/0/0/0,16559:1747647663548:,1747647681030
counter/2/0/0/0,18269:1747647664498:,1747647681030
counter/6/0/0/0,16560:1747647663548:,1747647681030
counter/2/0/0/0,18270:1747647664498:,1747647681030
counter/6/0/0/0,16561:1747647663548:,1747647681030
counter/2/0/0/0,18271:1747647664499:,1747647681030
counter/6/0/0/0,16562:1747647663548:,1747647681030
counter/2/0/0/0,18272:1747647664499:,1747647681030
counter/6/0/0/0,16563:1747647663548:,1747647681030
counter/2/0/0/0,18273:1747647664499:,1747647681030
counter/6/0/0/0,16564:1747647663548:,1747647681030
counter/2/0/0/0,18274:1747647664499:,1747647681030
counter/6/0/0/0,16565:1747647663548:,1747647681030
counter/2/0/0/0,18275:1747647664499:,1747647681030
counter/6/0/0/0,16566:1747647663549:,1747647681030
counter/2/0/0/0,18276:1747647664499:,1747647681030
counter/6/0/0/0,16567:1747647663549:,1747647681030
counter/2/0/0/0,18277:1747647664499:,1747647681030
counter/6/0/0/0,16568:1747647663549:,1747647681030
counter/2/0/0/0,18278:1747647664499:,1747647681030
counter/6/0/0/0,16569:1747647663549:,1747647681030
counter/2/0/0/0,18279:1747647664500:,1747647681030
counter/6/0/0/0,16570:1747647663549:,1747647681030
counter/2/0/0/0,18280:1747647664500:,1747647681030
counter/6/0/0/0,16571:1747647663549:,1747647681030
counter/2/0/0/0,18281:1747647664500:,1747647681030
counter/6/0/0/0,16572:1747647663549:,1747647681030
counter/2/0/0/0,18282:1747647664502:,1747647681030
counter/6/0/0/0,16573:1747647663549:,1747647681030
counter/2/0/0/0,18283:1747647664502:,1747647681030
counter/6/0/0/0,16574:1747647663566:,1747647681030
counter/2/0/0/0,18284:1747647664502:,1747647681030
counter/6/0/0/0,16575:1747647663571:,1747647681030
counter/2/0/0/0,18285:1747647664502:,1747647681030
counter/6/0/0/0,16576:1747647663571:,1747647681030
counter/2/0/0/0,18286:1747647664502:,1747647681030
counter/6/0/0/0,16577:1747647663575:,1747647681030
counter/2/0/0/0,18287:1747647664502:,1747647681030
counter/6/0/0/0,16578:1747647663575:,1747647681030
counter/2/0/0/0,18288:1747647664502:,1747647681030
counter/6/0/0/0,16579:1747647663575:,1747647681030
counter/2/0/0/0,18289:1747647664502:,1747647681031
counter/6/0/0/0,16580:1747647663575:,1747647681031
counter/2/0/0/0,18290:1747647664502:,1747647681031
counter/6/0/0/0,16581:1747647663576:,1747647681031
counter/2/0/0/0,18291:1747647664502:,1747647681031
counter/6/0/0/0,16582:1747647663576:,1747647681031
counter/2/0/0/0,18292:1747647664502:,1747647681031
counter/6/0/0/0,16583:1747647663576:,1747647681031
counter/2/0/0/0,18293:1747647664502:,1747647681031
counter/6/0/0/0,16584:1747647663579:,1747647681031
counter/2/0/0/0,18294:1747647664502:,1747647681031
counter/6/0/0/0,16585:1747647663579:,1747647681031
counter/2/0/0/0,18295:1747647664510:,1747647681031
counter/6/0/0/0,16586:1747647663579:,1747647681031
counter/2/0/0/0,18296:1747647664518:,1747647681031
counter/6/0/0/0,16587:1747647663579:,1747647681031
counter/2/0/0/0,18297:1747647664518:,1747647681031
counter/6/0/0/0,16588:1747647663579:,1747647681031
counter/2/0/0/0,18298:1747647664518:,1747647681031
counter/6/0/0/0,16589:1747647663579:,1747647681031
counter/2/0/0/0,18299:1747647664519:,1747647681031
counter/6/0/0/0,16590:1747647663579:,1747647681031
counter/2/0/0/0,18300:1747647664519:,1747647681031
counter/6/0/0/0,16591:1747647663586:,1747647681031
counter/2/0/0/0,18301:1747647664519:,1747647681031
counter/6/0/0/0,16592:1747647663586:,1747647681031
counter/2/0/0/0,18302:1747647664519:,1747647681031
counter/6/0/0/0,16593:1747647663586:,1747647681031
counter/2/0/0/0,18303:1747647664519:,1747647681031
counter/6/0/0/0,16594:1747647663586:,1747647681031
counter/2/0/0/0,18304:1747647664519:,1747647681031
counter/6/0/0/0,16595:1747647663586:,1747647681031
counter/2/0/0/0,18305:1747647664519:,1747647681031
counter/6/0/0/0,16596:1747647663586:,1747647681031
counter/2/0/0/0,18306:1747647664519:,1747647681031
counter/6/0/0/0,16597:1747647663586:,1747647681031
counter/2/0/0/0,18307:1747647664519:,1747647681031
counter/6/0/0/0,16598:1747647663586:,1747647681031
counter/2/0/0/0,18308:1747647664519:,1747647681031
counter/6/0/0/0,16599:1747647663586:,1747647681031
counter/2/0/0/0,18309:1747647664520:,1747647681032
counter/6/0/0/0,16600:1747647663586:,1747647681032
counter/2/0/0/0,18310:1747647664520:,1747647681032
counter/6/0/0/0,16601:1747647663587:,1747647681032
counter/2/0/0/0,18311:1747647664520:,1747647681032
counter/6/0/0/0,16602:1747647663587:,1747647681032
counter/2/0/0/0,18312:1747647664520:,1747647681032
counter/6/0/0/0,16603:1747647663587:,1747647681032
counter/2/0/0/0,18313:1747647664520:,1747647681032
counter/6/0/0/0,16604:1747647663587:,1747647681032
counter/2/0/0/0,18314:1747647664520:,1747647681032
counter/2/0/0/0,18315:1747647664520:,1747647681032
counter/2/0/0/0,18316:1747647664523:,1747647681032
counter/2/0/0/0,18317:1747647664523:,1747647681032
counter/2/0/0/0,18318:1747647664523:,1747647681032
counter/2/0/0/0,18319:1747647664523:,1747647681032
counter/2/0/0/0,18320:1747647664523:,1747647681032
counter/2/0/0/0,18321:1747647664523:,1747647681032
counter/2/0/0/0,18322:1747647664523:,1747647681032
counter/2/0/0/0,18323:1747647664523:,1747647681032
counter/2/0/0/0,18324:1747647664523:,1747647681032
counter/2/0/0/0,18325:1747647664523:,1747647681032
counter/2/0/0/0,18326:1747647664523:,1747647681032
counter/2/0/0/0,18327:1747647664528:,1747647681032
counter/2/0/0/0,18328:1747647664529:,1747647681032
counter/2/0/0/0,18329:1747647664529:,1747647681032
counter/2/0/0/0,18330:1747647664529:,1747647681032
counter/2/0/0/0,18331:1747647664529:,1747647681032
counter/2/0/0/0,18332:1747647664529:,1747647681032
counter/2/0/0/0,18333:1747647664529:,1747647681032
counter/2/0/0/0,18334:1747647664529:,1747647681032
counter/2/0/0/0,18335:1747647664529:,1747647681032
counter/2/0/0/0,18336:1747647664529:,1747647681032
counter/2/0/0/0,18337:1747647664529:,1747647681032
counter/2/0/0/0,18338:1747647664529:,1747647681032
counter/2/0/0/0,18339:1747647664529:,1747647681032
counter/2/0/0/0,18340:1747647664529:,1747647681032
counter/2/0/0/0,18341:1747647664529:,1747647681032
counter/2/0/0/0,18342:1747647664529:,1747647681032
counter/2/0/0/0,18343:1747647664529:,1747647681032
counter/2/0/0/0,18344:1747647664529:,1747647681032
counter/2/0/0/0,18345:1747647664529:,1747647681032
counter/2/0/0/0,18346:1747647664529:,1747647681032
counter/2/0/0/0,18347:1747647664529:,1747647681033
counter/2/0/0/0,18348:1747647664529:,1747647681033
counter/2/0/0/0,18349:1747647664530:,1747647681033
counter/2/0/0/0,18350:1747647664530:,1747647681033
counter/2/0/0/0,18351:1747647664530:,1747647681033
counter/2/0/0/0,18352:1747647664530:,1747647681033
counter/2/0/0/0,18353:1747647664554:,1747647681033
counter/2/0/0/0,18354:1747647664554:,1747647681033
counter/2/0/0/0,18355:1747647664554:,1747647681033
counter/2/0/0/0,18356:1747647664554:,1747647681033
counter/2/0/0/0,18357:1747647664554:,1747647681033
counter/2/0/0/0,18358:1747647664554:,1747647681033
counter/2/0/0/0,18359:1747647664554:,1747647681033
counter/2/0/0/0,18360:1747647664554:,1747647681033
counter/2/0/0/0,18361:1747647664556:,1747647681033
counter/2/0/0/0,18362:1747647664556:,1747647681033
counter/2/0/0/0,18363:1747647664556:,1747647681033
counter/2/0/0/0,18364:1747647664556:,1747647681033
counter/2/0/0/0,18365:1747647664556:,1747647681033
counter/2/0/0/0,18366:1747647664556:,1747647681033
counter/2/0/0/0,18367:1747647664556:,1747647681033
counter/2/0/0/0,18368:1747647664556:,1747647681033
counter/2/0/0/0,18369:1747647664559:,1747647681033
counter/2/0/0/0,18370:1747647664559:,1747647681033
counter/2/0/0/0,18371:1747647664559:,1747647681033
counter/2/0/0/0,18372:1747647664559:,1747647681033
counter/2/0/0/0,18373:1747647664559:,1747647681033
counter/2/0/0/0,18374:1747647664559:,1747647681033
counter/2/0/0/0,18375:1747647664559:,1747647681033
counter/2/0/0/0,18376:1747647664559:,1747647681033
counter/2/0/0/0,18377:1747647664559:,1747647681033
counter/2/0/0/0,18378:1747647664559:,1747647681033
counter/2/0/0/0,18379:1747647664559:,1747647681033
counter/2/0/0/0,18380:1747647664565:,1747647681033
counter/2/0/0/0,18381:1747647664565:,1747647681033
counter/2/0/0/0,18382:1747647664565:,1747647681033
counter/2/0/0/0,18383:1747647664565:,1747647681033
counter/2/0/0/0,18384:1747647664565:,1747647681033
counter/2/0/0/0,18385:1747647664565:,1747647681033
counter/2/0/0/0,18386:1747647664565:,1747647681033
counter/2/0/0/0,18387:1747647664565:,1747647681034
counter/2/0/0/0,18388:1747647664565:,1747647681034
counter/2/0/0/0,18389:1747647664565:,1747647681034
counter/2/0/0/0,18390:1747647664565:,1747647681034
counter/2/0/0/0,18391:1747647664566:,1747647681034
counter/2/0/0/0,18392:1747647664566:,1747647681034
counter/2/0/0/0,18393:1747647664567:,1747647681034
counter/2/0/0/0,18394:1747647664568:,1747647681034
counter/2/0/0/0,18395:1747647664568:,1747647681034
counter/2/0/0/0,18396:1747647664568:,1747647681034
counter/2/0/0/0,18397:1747647664568:,1747647681034
counter/2/0/0/0,18398:1747647664568:,1747647681034
counter/2/0/0/0,18399:1747647664568:,1747647681034
counter/2/0/0/0,18400:1747647664568:,1747647681034
counter/2/0/0/0,18401:1747647664568:,1747647681034
counter/2/0/0/0,18402:1747647664568:,1747647681034
counter/2/0/0/0,18403:1747647664568:,1747647681034
counter/2/0/0/0,18404:1747647664568:,1747647681034
counter/2/0/0/0,18405:1747647664568:,1747647681034
counter/2/0/0/0,18406:1747647664568:,1747647681034
counter/2/0/0/0,18407:1747647664568:,1747647681034
counter/2/0/0/0,18408:1747647664568:,1747647681034
counter/2/0/0/0,18409:1747647664568:,1747647681034
counter/2/0/0/0,18410:1747647664568:,1747647681034
counter/2/0/0/0,18411:1747647664576:,1747647681034
counter/2/0/0/0,18412:1747647664576:,1747647681034
counter/2/0/0/0,18413:1747647664576:,1747647681034
counter/2/0/0/0,18414:1747647664576:,1747647681034
counter/2/0/0/0,18415:1747647664576:,1747647681034
counter/2/0/0/0,18416:1747647664580:,1747647681034
counter/2/0/0/0,18417:1747647664580:,1747647681034
counter/2/0/0/0,18418:1747647664580:,1747647681034
counter/2/0/0/0,18419:1747647664580:,1747647681034
counter/2/0/0/0,18420:1747647664580:,1747647681034
counter/2/0/0/0,18421:1747647664584:,1747647681034
counter/2/0/0/0,18422:1747647664584:,1747647681034
counter/2/0/0/0,18423:1747647664584:,1747647681034
counter/2/0/0/0,18424:1747647664584:,1747647681034
counter/2/0/0/0,18425:1747647664584:,1747647681034
counter/2/0/0/0,18426:1747647664584:,1747647681034
counter/2/0/0/0,18427:1747647664587:,1747647681034
counter/2/0/0/0,18428:1747647664587:,1747647681034
counter/2/0/0/0,18429:1747647664588:,1747647681034
counter/2/0/0/0,18430:1747647664588:,1747647681034
counter/2/0/0/0,18431:1747647664588:,1747647681035
counter/2/0/0/0,18432:1747647664588:,1747647681035
counter/2/0/0/0,18433:1747647664591:,1747647681035
counter/10/0/0/0,16147:1747647662561:,1747647681035
counter/2/0/0/0,18434:1747647664591:,1747647681035
counter/10/0/0/0,16148:1747647662561:,1747647681035
counter/7/0/0/0,15896:1747647662548:,1747647681035
counter/2/0/0/0,18435:1747647664591:,1747647681035
counter/7/0/0/0,15897:1747647662548:,1747647681035
counter/2/0/0/0,18436:1747647664591:,1747647681035
counter/7/0/0/0,15898:1747647662548:,1747647681035
counter/2/0/0/0,18437:1747647664591:,1747647681035
counter/7/0/0/0,15899:1747647662548:,1747647681035
counter/2/0/0/0,18438:1747647664591:,1747647681035
counter/7/0/0/0,15900:1747647662552:,1747647681035
counter/2/0/0/0,18439:1747647664591:,1747647681035
counter/7/0/0/0,15901:1747647662552:,1747647681035
counter/2/0/0/0,18440:1747647664591:,1747647681035
counter/7/0/0/0,15902:1747647662552:,1747647681035
counter/2/0/0/0,18441:1747647664591:,1747647681035
counter/7/0/0/0,15903:1747647662552:,1747647681035
counter/2/0/0/0,18442:1747647664591:,1747647681035
counter/7/0/0/0,15904:1747647662552:,1747647681035
counter/2/0/0/0,18443:1747647664591:,1747647681035
counter/7/0/0/0,15905:1747647662552:,1747647681035
counter/2/0/0/0,18444:1747647664591:,1747647681035
counter/7/0/0/0,15906:1747647662552:,1747647681035
counter/2/0/0/0,18445:1747647664591:,1747647681035
counter/7/0/0/0,15907:1747647662552:,1747647681035
counter/2/0/0/0,18446:1747647664591:,1747647681035
counter/7/0/0/0,15908:1747647662552:,1747647681035
counter/2/0/0/0,18447:1747647664591:,1747647681035
counter/7/0/0/0,15909:1747647662552:,1747647681035
counter/2/0/0/0,18448:1747647664592:,1747647681035
counter/7/0/0/0,15910:1747647662552:,1747647681035
counter/2/0/0/0,18449:1747647664592:,1747647681035
counter/7/0/0/0,15911:1747647662552:,1747647681035
counter/2/0/0/0,18450:1747647664592:,1747647681035
counter/7/0/0/0,15912:1747647662554:,1747647681035
counter/2/0/0/0,18451:1747647664608:,1747647681035
counter/7/0/0/0,15913:1747647662554:,1747647681035
counter/2/0/0/0,18452:1747647664608:,1747647681036
counter/7/0/0/0,15914:1747647662554:,1747647681036
counter/2/0/0/0,18453:1747647664608:,1747647681036
counter/7/0/0/0,15915:1747647662554:,1747647681036
counter/2/0/0/0,18454:1747647664625:,1747647681036
counter/7/0/0/0,15916:1747647662554:,1747647681036
counter/10/0/0/0,16149:1747647662561:,1747647681036
counter/2/0/0/0,18455:1747647664625:,1747647681036
counter/7/0/0/0,15917:1747647662554:,1747647681036
counter/1/0/0/0,17941:1747647664680:,1747647681036
counter/2/0/0/0,18456:1747647664625:,1747647681036
counter/7/0/0/0,15918:1747647662554:,1747647681036
counter/1/0/0/0,17942:1747647664680:,1747647681036
counter/2/0/0/0,18457:1747647664627:,1747647681036
counter/7/0/0/0,15919:1747647662554:,1747647681036
counter/1/0/0/0,17943:1747647664680:,1747647681036
counter/6/0/0/0,16605:1747647663603:,1747647681036
counter/2/0/0/0,18458:1747647664627:,1747647681036
counter/7/0/0/0,15920:1747647662554:,1747647681036
counter/1/0/0/0,17944:1747647664680:,1747647681036
counter/2/0/0/0,18459:1747647664627:,1747647681036
counter/7/0/0/0,15921:1747647662554:,1747647681036
counter/1/0/0/0,17945:1747647664680:,1747647681036
counter/2/0/0/0,18460:1747647664627:,1747647681036
counter/7/0/0/0,15922:1747647662554:,1747647681036
counter/1/0/0/0,17946:1747647664680:,1747647681036
counter/9/0/0/0,19480:1747647664877:,1747647681036
counter/2/0/0/0,18461:1747647664627:,1747647681036
counter/7/0/0/0,15923:1747647662554:,1747647681036
counter/1/0/0/0,17947:1747647664680:,1747647681036
counter/6/0/0/0,16606:1747647663610:,1747647681036
counter/5/0/0/0,17653:1747647663704:,1747647681036
counter/10/0/0/0,16150:1747647662562:,1747647681036
counter/2/0/0/0,18462:1747647664627:,1747647681036
counter/7/0/0/0,15924:1747647662554:,1747647681036
counter/1/0/0/0,17948:1747647664680:,1747647681036
counter/8/0/0/0,17625:1747647663246:,1747647681036
counter/2/0/0/0,18463:1747647664627:,1747647681036
counter/7/0/0/0,15925:1747647662554:,1747647681036
counter/1/0/0/0,17949:1747647664680:,1747647681036
counter/8/0/0/0,17626:1747647663246:,1747647681036
counter/2/0/0/0,18464:1747647664627:,1747647681036
counter/7/0/0/0,15926:1747647662554:,1747647681036
counter/8/0/0/0,17627:1747647663246:,1747647681036
counter/2/0/0/0,18465:1747647664632:,1747647681036
counter/7/0/0/0,15927:1747647662554:,1747647681037
counter/8/0/0/0,17628:1747647663246:,1747647681037
counter/2/0/0/0,18466:1747647664632:,1747647681037
counter/7/0/0/0,15928:1747647662554:,1747647681037
counter/8/0/0/0,17629:1747647663246:,1747647681037
counter/2/0/0/0,18467:1747647664632:,1747647681037
counter/7/0/0/0,15929:1747647662555:,1747647681037
counter/8/0/0/0,17630:1747647663246:,1747647681037
counter/2/0/0/0,18468:1747647664632:,1747647681037
counter/7/0/0/0,15930:1747647662557:,1747647681037
counter/8/0/0/0,17631:1747647663246:,1747647681037
counter/2/0/0/0,18469:1747647664644:,1747647681037
counter/7/0/0/0,15931:1747647662557:,1747647681037
counter/8/0/0/0,17632:1747647663249:,1747647681037
counter/2/0/0/0,18470:1747647664644:,1747647681037
counter/7/0/0/0,15932:1747647662557:,1747647681037
counter/8/0/0/0,17633:1747647663249:,1747647681037
counter/2/0/0/0,18471:1747647664644:,1747647681037
counter/7/0/0/0,15933:1747647662557:,1747647681037
counter/8/0/0/0,17634:1747647663249:,1747647681037
counter/2/0/0/0,18472:1747647664644:,1747647681037
counter/7/0/0/0,15934:1747647662557:,1747647681037
counter/8/0/0/0,17635:1747647663249:,1747647681037
counter/4/0/0/0,16727:1747647664595:,1747647681037
counter/10/0/0/0,16151:1747647662562:,1747647681037
counter/2/0/0/0,18473:1747647664645:,1747647681037
counter/7/0/0/0,15935:1747647662557:,1747647681037
counter/8/0/0/0,17636:1747647663249:,1747647681037
counter/9/0/0/0,19481:1747647664877:,1747647681037
counter/2/0/0/0,18474:1747647664645:,1747647681037
counter/7/0/0/0,15936:1747647662557:,1747647681037
counter/8/0/0/0,17637:1747647663249:,1747647681037
counter/2/0/0/0,18475:1747647664645:,1747647681037
counter/7/0/0/0,15937:1747647662557:,1747647681037
counter/8/0/0/0,17638:1747647663249:,1747647681037
counter/2/0/0/0,18476:1747647664645:,1747647681037
counter/7/0/0/0,15938:1747647662562:,1747647681037
counter/8/0/0/0,17639:1747647663250:,1747647681037
counter/2/0/0/0,18477:1747647664646:,1747647681037
counter/7/0/0/0,15939:1747647662562:,1747647681037
counter/8/0/0/0,17640:1747647663250:,1747647681037
counter/2/0/0/0,18478:1747647664646:,1747647681037
counter/7/0/0/0,15940:1747647662562:,1747647681037
counter/8/0/0/0,17641:1747647663250:,1747647681037
counter/2/0/0/0,18479:1747647664646:,1747647681038
counter/7/0/0/0,15941:1747647662562:,1747647681038
counter/8/0/0/0,17642:1747647663250:,1747647681038
counter/2/0/0/0,18480:1747647664646:,1747647681038
counter/7/0/0/0,15942:1747647662562:,1747647681038
counter/8/0/0/0,17643:1747647663252:,1747647681038
counter/2/0/0/0,18481:1747647664646:,1747647681038
counter/7/0/0/0,15943:1747647662562:,1747647681038
counter/8/0/0/0,17644:1747647663252:,1747647681038
counter/2/0/0/0,18482:1747647664646:,1747647681038
counter/7/0/0/0,15944:1747647662562:,1747647681038
counter/8/0/0/0,17645:1747647663252:,1747647681038
counter/2/0/0/0,18483:1747647664646:,1747647681038
counter/7/0/0/0,15945:1747647662562:,1747647681038
counter/8/0/0/0,17646:1747647663252:,1747647681038
counter/2/0/0/0,18484:1747647664647:,1747647681038
counter/7/0/0/0,15946:1747647662562:,1747647681038
counter/8/0/0/0,17647:1747647663252:,1747647681038
counter/2/0/0/0,18485:1747647664647:,1747647681038
counter/7/0/0/0,15947:1747647662562:,1747647681038
counter/8/0/0/0,17648:1747647663254:,1747647681038
counter/2/0/0/0,18486:1747647664647:,1747647681038
counter/7/0/0/0,15948:1747647662562:,1747647681038
counter/8/0/0/0,17649:1747647663254:,1747647681038
counter/2/0/0/0,18487:1747647664647:,1747647681038
counter/7/0/0/0,15949:1747647662562:,1747647681038
counter/8/0/0/0,17650:1747647663254:,1747647681038
counter/2/0/0/0,18488:1747647664647:,1747647681038
counter/7/0/0/0,15950:1747647662562:,1747647681038
counter/8/0/0/0,17651:1747647663254:,1747647681038
counter/5/0/0/0,17654:1747647663704:,1747647681038
counter/2/0/0/0,18489:1747647664647:,1747647681038
counter/7/0/0/0,15951:1747647662562:,1747647681038
counter/8/0/0/0,17652:1747647663254:,1747647681038
counter/5/0/0/0,17655:1747647663704:,1747647681038
counter/10/0/0/0,16152:1747647662562:,1747647681038
counter/2/0/0/0,18490:1747647664647:,1747647681038
counter/7/0/0/0,15952:1747647662562:,1747647681038
counter/8/0/0/0,17653:1747647663254:,1747647681038
counter/10/0/0/0,16153:1747647662562:,1747647681038
counter/2/0/0/0,18491:1747647664647:,1747647681038
counter/7/0/0/0,15953:1747647662562:,1747647681038
counter/8/0/0/0,17654:1747647663254:,1747647681039
counter/10/0/0/0,16154:1747647662562:,1747647681039
counter/2/0/0/0,18492:1747647664648:,1747647681039
counter/7/0/0/0,15954:1747647662562:,1747647681039
counter/8/0/0/0,17655:1747647663254:,1747647681039
counter/10/0/0/0,16155:1747647662562:,1747647681039
counter/2/0/0/0,18493:1747647664648:,1747647681039
counter/7/0/0/0,15955:1747647662562:,1747647681039
counter/8/0/0/0,17656:1747647663254:,1747647681039
counter/10/0/0/0,16156:1747647662562:,1747647681039
counter/2/0/0/0,18494:1747647664652:,1747647681039
counter/7/0/0/0,15956:1747647662562:,1747647681039
counter/8/0/0/0,17657:1747647663254:,1747647681039
counter/10/0/0/0,16157:1747647662562:,1747647681039
counter/2/0/0/0,18495:1747647664652:,1747647681039
counter/7/0/0/0,15957:1747647662562:,1747647681039
counter/8/0/0/0,17658:1747647663254:,1747647681039
counter/10/0/0/0,16158:1747647662563:,1747647681039
counter/2/0/0/0,18496:1747647664652:,1747647681039
counter/7/0/0/0,15958:1747647662564:,1747647681039
counter/8/0/0/0,17659:1747647663254:,1747647681039
counter/10/0/0/0,16159:1747647662563:,1747647681039
counter/2/0/0/0,18497:1747647664652:,1747647681039
counter/7/0/0/0,15959:1747647662564:,1747647681039
counter/8/0/0/0,17660:1747647663254:,1747647681039
counter/10/0/0/0,16160:1747647662563:,1747647681039
counter/2/0/0/0,18498:1747647664652:,1747647681039
counter/7/0/0/0,15960:1747647662564:,1747647681039
counter/8/0/0/0,17661:1747647663254:,1747647681039
counter/10/0/0/0,16161:1747647662563:,1747647681039
counter/2/0/0/0,18499:1747647664652:,1747647681039
counter/7/0/0/0,15961:1747647662564:,1747647681039
counter/8/0/0/0,17662:1747647663254:,1747647681039
counter/10/0/0/0,16162:1747647662570:,1747647681039
counter/2/0/0/0,18500:1747647664652:,1747647681039
counter/7/0/0/0,15962:1747647662564:,1747647681039
counter/8/0/0/0,17663:1747647663260:,1747647681039
counter/10/0/0/0,16163:1747647662574:,1747647681039
counter/2/0/0/0,18501:1747647664652:,1747647681039
counter/7/0/0/0,15963:1747647662564:,1747647681039
counter/8/0/0/0,17664:1747647663261:,1747647681039
counter/10/0/0/0,16164:1747647662574:,1747647681039
counter/2/0/0/0,18502:1747647664652:,1747647681039
counter/7/0/0/0,15964:1747647662564:,1747647681040
counter/8/0/0/0,17665:1747647663261:,1747647681040
counter/10/0/0/0,16165:1747647662574:,1747647681040
counter/2/0/0/0,18503:1747647664652:,1747647681040
counter/7/0/0/0,15965:1747647662564:,1747647681040
counter/8/0/0/0,17666:1747647663261:,1747647681040
counter/10/0/0/0,16166:1747647662574:,1747647681040
counter/2/0/0/0,18504:1747647664652:,1747647681040
counter/7/0/0/0,15966:1747647662564:,1747647681040
counter/8/0/0/0,17667:1747647663261:,1747647681040
counter/10/0/0/0,16167:1747647662574:,1747647681040
counter/2/0/0/0,18505:1747647664652:,1747647681040
counter/7/0/0/0,15967:1747647662564:,1747647681040
counter/8/0/0/0,17668:1747647663261:,1747647681040
counter/10/0/0/0,16168:1747647662575:,1747647681040
counter/2/0/0/0,18506:1747647664652:,1747647681040
counter/7/0/0/0,15968:1747647662564:,1747647681040
counter/8/0/0/0,17669:1747647663261:,1747647681040
counter/10/0/0/0,16169:1747647662575:,1747647681040
counter/2/0/0/0,18507:1747647664652:,1747647681040
counter/7/0/0/0,15969:1747647662564:,1747647681040
counter/8/0/0/0,17670:1747647663261:,1747647681040
counter/10/0/0/0,16170:1747647662575:,1747647681040
counter/2/0/0/0,18508:1747647664652:,1747647681040
counter/7/0/0/0,15970:1747647662564:,1747647681040
counter/8/0/0/0,17671:1747647663261:,1747647681040
counter/10/0/0/0,16171:1747647662575:,1747647681040
counter/2/0/0/0,18509:1747647664653:,1747647681040
counter/8/0/0/0,17672:1747647663261:,1747647681040
counter/10/0/0/0,16172:1747647662575:,1747647681040
counter/2/0/0/0,18510:1747647664653:,1747647681040
counter/8/0/0/0,17673:1747647663261:,1747647681040
counter/10/0/0/0,16173:1747647662575:,1747647681040
counter/2/0/0/0,18511:1747647664655:,1747647681040
counter/8/0/0/0,17674:1747647663261:,1747647681040
counter/10/0/0/0,16174:1747647662575:,1747647681040
counter/2/0/0/0,18512:1747647664655:,1747647681040
counter/8/0/0/0,17675:1747647663261:,1747647681040
counter/10/0/0/0,16175:1747647662575:,1747647681040
counter/2/0/0/0,18513:1747647664656:,1747647681040
counter/8/0/0/0,17676:1747647663261:,1747647681040
counter/10/0/0/0,16176:1747647662575:,1747647681040
counter/2/0/0/0,18514:1747647664656:,1747647681041
counter/8/0/0/0,17677:1747647663261:,1747647681041
counter/10/0/0/0,16177:1747647662575:,1747647681041
counter/2/0/0/0,18515:1747647664656:,1747647681041
counter/8/0/0/0,17678:1747647663261:,1747647681041
counter/10/0/0/0,16178:1747647662575:,1747647681041
counter/2/0/0/0,18516:1747647664656:,1747647681041
counter/8/0/0/0,17679:1747647663261:,1747647681041
counter/10/0/0/0,16179:1747647662575:,1747647681041
counter/2/0/0/0,18517:1747647664656:,1747647681041
counter/8/0/0/0,17680:1747647663261:,1747647681041
counter/10/0/0/0,16180:1747647662575:,1747647681041
counter/2/0/0/0,18518:1747647664656:,1747647681041
counter/8/0/0/0,17681:1747647663261:,1747647681041
counter/10/0/0/0,16181:1747647662575:,1747647681041
counter/2/0/0/0,18519:1747647664656:,1747647681041
counter/10/0/0/0,16182:1747647662575:,1747647681041
counter/2/0/0/0,18520:1747647664656:,1747647681041
counter/10/0/0/0,16183:1747647662575:,1747647681041
counter/2/0/0/0,18521:1747647664656:,1747647681041
counter/10/0/0/0,16184:1747647662575:,1747647681041
counter/2/0/0/0,18522:1747647664656:,1747647681041
counter/10/0/0/0,16185:1747647662575:,1747647681041
counter/2/0/0/0,18523:1747647664656:,1747647681041
counter/10/0/0/0,16186:1747647662575:,1747647681041
counter/2/0/0/0,18524:1747647664656:,1747647681041
counter/10/0/0/0,16187:1747647662575:,1747647681041
counter/2/0/0/0,18525:1747647664656:,1747647681041
counter/10/0/0/0,16188:1747647662575:,1747647681041
counter/2/0/0/0,18526:1747647664663:,1747647681041
counter/10/0/0/0,16189:1747647662578:,1747647681041
counter/2/0/0/0,18527:1747647664663:,1747647681041
counter/10/0/0/0,16190:1747647662578:,1747647681041
counter/2/0/0/0,18528:1747647664663:,1747647681041
counter/10/0/0/0,16191:1747647662578:,1747647681041
counter/2/0/0/0,18529:1747647664663:,1747647681041
counter/10/0/0/0,16192:1747647662578:,1747647681041
counter/2/0/0/0,18530:1747647664663:,1747647681041
counter/10/0/0/0,16193:1747647662578:,1747647681041
counter/2/0/0/0,18531:1747647664664:,1747647681041
counter/10/0/0/0,16194:1747647662581:,1747647681041
counter/2/0/0/0,18532:1747647664664:,1747647681041
counter/10/0/0/0,16195:1747647662581:,1747647681041
counter/2/0/0/0,18533:1747647664664:,1747647681041
counter/10/0/0/0,16196:1747647662581:,1747647681042
counter/2/0/0/0,18534:1747647664664:,1747647681042
counter/10/0/0/0,16197:1747647662582:,1747647681042
counter/2/0/0/0,18535:1747647664664:,1747647681042
counter/10/0/0/0,16198:1747647662582:,1747647681042
counter/2/0/0/0,18536:1747647664664:,1747647681042
counter/10/0/0/0,16199:1747647662582:,1747647681042
counter/2/0/0/0,18537:1747647664664:,1747647681042
counter/10/0/0/0,16200:1747647662582:,1747647681042
counter/2/0/0/0,18538:1747647664666:,1747647681042
counter/10/0/0/0,16201:1747647662582:,1747647681042
counter/2/0/0/0,18539:1747647664666:,1747647681042
counter/10/0/0/0,16202:1747647662582:,1747647681042
counter/2/0/0/0,18540:1747647664671:,1747647681042
counter/10/0/0/0,16203:1747647662582:,1747647681042
counter/2/0/0/0,18541:1747647664671:,1747647681042
counter/10/0/0/0,16204:1747647662582:,1747647681042
counter/2/0/0/0,18542:1747647664671:,1747647681042
counter/10/0/0/0,16205:1747647662582:,1747647681042
counter/2/0/0/0,18543:1747647664671:,1747647681042
counter/10/0/0/0,16206:1747647662582:,1747647681042
counter/2/0/0/0,18544:1747647664671:,1747647681042
counter/10/0/0/0,16207:1747647662582:,1747647681042
counter/2/0/0/0,18545:1747647664671:,1747647681042
counter/10/0/0/0,16208:1747647662582:,1747647681042
counter/2/0/0/0,18546:1747647664671:,1747647681042
counter/10/0/0/0,16209:1747647662582:,1747647681042
counter/2/0/0/0,18547:1747647664672:,1747647681042
counter/10/0/0/0,16210:1747647662582:,1747647681042
counter/2/0/0/0,18548:1747647664672:,1747647681042
counter/10/0/0/0,16211:1747647662582:,1747647681042
counter/2/0/0/0,18549:1747647664672:,1747647681042
counter/10/0/0/0,16212:1747647662582:,1747647681042
counter/2/0/0/0,18550:1747647664672:,1747647681042
counter/10/0/0/0,16213:1747647662582:,1747647681042
counter/2/0/0/0,18551:1747647664672:,1747647681042
counter/10/0/0/0,16214:1747647662582:,1747647681042
counter/2/0/0/0,18552:1747647664673:,1747647681042
counter/10/0/0/0,16215:1747647662582:,1747647681042
counter/2/0/0/0,18553:1747647664673:,1747647681042
counter/10/0/0/0,16216:1747647662582:,1747647681042
counter/2/0/0/0,18554:1747647664673:,1747647681042
counter/10/0/0/0,16217:1747647662582:,1747647681043
counter/2/0/0/0,18555:1747647664673:,1747647681043
counter/10/0/0/0,16218:1747647662582:,1747647681043
counter/2/0/0/0,18556:1747647664673:,1747647681043
counter/10/0/0/0,16219:1747647662582:,1747647681043
counter/2/0/0/0,18557:1747647664673:,1747647681043
counter/10/0/0/0,16220:1747647662582:,1747647681043
counter/2/0/0/0,18558:1747647664673:,1747647681043
counter/10/0/0/0,16221:1747647662582:,1747647681043
counter/2/0/0/0,18559:1747647664673:,1747647681043
counter/10/0/0/0,16222:1747647662582:,1747647681043
counter/2/0/0/0,18560:1747647664673:,1747647681043
counter/10/0/0/0,16223:1747647662583:,1747647681043
counter/6/0/0/0,16607:1747647663630:,1747647681043
counter/2/0/0/0,18561:1747647664673:,1747647681043
counter/10/0/0/0,16224:1747647662583:,1747647681043
counter/5/0/0/0,17656:1747647663704:,1747647681043
counter/3/0/0/0,17297:1747647664508:,1747647681043
counter/2/0/0/0,18562:1747647664673:,1747647681043
counter/10/0/0/0,16225:1747647662583:,1747647681043
counter/9/0/0/0,19482:1747647664882:,1747647681043
counter/2/0/0/0,18563:1747647664673:,1747647681043
counter/10/0/0/0,16226:1747647662583:,1747647681043
counter/7/0/0/0,15971:1747647662564:,1747647681043
counter/2/0/0/0,18564:1747647664673:,1747647681043
counter/10/0/0/0,16227:1747647662583:,1747647681043
counter/3/0/0/0,17298:1747647664508:,1747647681043
counter/2/0/0/0,18565:1747647664673:,1747647681043
counter/10/0/0/0,16228:1747647662583:,1747647681043
counter/3/0/0/0,17299:1747647664508:,1747647681043
counter/2/0/0/0,18566:1747647664673:,1747647681043
counter/10/0/0/0,16229:1747647662585:,1747647681043
counter/3/0/0/0,17300:1747647664508:,1747647681043
counter/2/0/0/0,18567:1747647664673:,1747647681043
counter/10/0/0/0,16230:1747647662585:,1747647681043
counter/3/0/0/0,17301:1747647664508:,1747647681043
counter/2/0/0/0,18568:1747647664679:,1747647681043
counter/10/0/0/0,16231:1747647662585:,1747647681043
counter/3/0/0/0,17302:1747647664508:,1747647681043
counter/2/0/0/0,18569:1747647664679:,1747647681043
counter/10/0/0/0,16232:1747647662585:,1747647681043
counter/3/0/0/0,17303:1747647664508:,1747647681043
counter/1/0/0/0,17950:1747647664682:,1747647681043
counter/2/0/0/0,18570:1747647664679:,1747647681044
counter/10/0/0/0,16233:1747647662585:,1747647681044
counter/3/0/0/0,17304:1747647664508:,1747647681044
counter/8/0/0/0,17682:1747647663261:,1747647681044
counter/2/0/0/0,18571:1747647664679:,1747647681044
counter/10/0/0/0,16234:1747647662585:,1747647681044
counter/3/0/0/0,17305:1747647664508:,1747647681044
counter/9/0/0/0,19483:1747647664882:,1747647681044
counter/5/0/0/0,17657:1747647663704:,1747647681044
counter/2/0/0/0,18572:1747647664681:,1747647681044
counter/10/0/0/0,16235:1747647662585:,1747647681044
counter/3/0/0/0,17306:1747647664508:,1747647681044
counter/7/0/0/0,15972:1747647662564:,1747647681044
counter/2/0/0/0,18573:1747647664681:,1747647681044
counter/10/0/0/0,16236:1747647662585:,1747647681044
counter/3/0/0/0,17307:1747647664508:,1747647681044
counter/2/0/0/0,18574:1747647664681:,1747647681044
counter/10/0/0/0,16237:1747647662585:,1747647681044
counter/2/0/0/0,18575:1747647664681:,1747647681044
counter/10/0/0/0,16238:1747647662585:,1747647681044
counter/2/0/0/0,18576:1747647664681:,1747647681044
counter/10/0/0/0,16239:1747647662586:,1747647681044
counter/2/0/0/0,18577:1747647664681:,1747647681044
counter/10/0/0/0,16240:1747647662586:,1747647681044
counter/2/0/0/0,18578:1747647664682:,1747647681044
counter/10/0/0/0,16241:1747647662586:,1747647681044
counter/9/0/0/0,19484:1747647664882:,1747647681044
counter/2/0/0/0,18579:1747647664682:,1747647681044
counter/10/0/0/0,16242:1747647662586:,1747647681044
counter/5/0/0/0,17658:1747647663704:,1747647681044
counter/7/0/0/0,15973:1747647662564:,1747647681044
counter/2/0/0/0,18580:1747647664682:,1747647681044
counter/10/0/0/0,16243:1747647662586:,1747647681044
counter/7/0/0/0,15974:1747647662564:,1747647681044
counter/2/0/0/0,18581:1747647664682:,1747647681044
counter/10/0/0/0,16244:1747647662586:,1747647681044
counter/7/0/0/0,15975:1747647662564:,1747647681044
counter/2/0/0/0,18582:1747647664682:,1747647681044
counter/10/0/0/0,16245:1747647662586:,1747647681044
counter/7/0/0/0,15976:1747647662564:,1747647681044
counter/2/0/0/0,18583:1747647664682:,1747647681044
counter/10/0/0/0,16246:1747647662586:,1747647681044
counter/7/0/0/0,15977:1747647662564:,1747647681044
counter/2/0/0/0,18584:1747647664682:,1747647681044
counter/10/0/0/0,16247:1747647662586:,1747647681045
counter/7/0/0/0,15978:1747647662564:,1747647681045
counter/2/0/0/0,18585:1747647664682:,1747647681045
counter/10/0/0/0,16248:1747647662586:,1747647681045
counter/7/0/0/0,15979:1747647662564:,1747647681045
counter/2/0/0/0,18586:1747647664682:,1747647681045
counter/10/0/0/0,16249:1747647662586:,1747647681045
counter/7/0/0/0,15980:1747647662564:,1747647681045
counter/2/0/0/0,18587:1747647664682:,1747647681045
counter/10/0/0/0,16250:1747647662586:,1747647681045
counter/7/0/0/0,15981:1747647662564:,1747647681045
counter/2/0/0/0,18588:1747647664682:,1747647681045
counter/10/0/0/0,16251:1747647662586:,1747647681045
counter/7/0/0/0,15982:1747647662564:,1747647681045
counter/9/0/0/0,19485:1747647664882:,1747647681045
counter/2/0/0/0,18589:1747647664682:,1747647681045
counter/10/0/0/0,16252:1747647662586:,1747647681045
counter/7/0/0/0,15983:1747647662564:,1747647681045
counter/3/0/0/0,17308:1747647664508:,1747647681045
counter/2/0/0/0,18590:1747647664682:,1747647681045
counter/10/0/0/0,16253:1747647662586:,1747647681045
counter/7/0/0/0,15984:1747647662564:,1747647681045
counter/2/0/0/0,18591:1747647664684:,1747647681045
counter/10/0/0/0,16254:1747647662586:,1747647681045
counter/7/0/0/0,15985:1747647662564:,1747647681045
counter/2/0/0/0,18592:1747647664684:,1747647681045
counter/10/0/0/0,16255:1747647662589:,1747647681045
counter/7/0/0/0,15986:1747647662564:,1747647681045
counter/2/0/0/0,18593:1747647664684:,1747647681045
counter/10/0/0/0,16256:1747647662589:,1747647681045
counter/7/0/0/0,15987:1747647662565:,1747647681045
counter/4/0/0/0,16728:1747647664595:,1747647681045
counter/2/0/0/0,18594:1747647664684:,1747647681045
counter/10/0/0/0,16257:1747647662589:,1747647681045
counter/7/0/0/0,15988:1747647662565:,1747647681045
counter/9/0/0/0,19486:1747647664882:,1747647681045
counter/3/0/0/0,17309:1747647664508:,1747647681045
counter/2/0/0/0,18595:1747647664684:,1747647681045
counter/10/0/0/0,16258:1747647662589:,1747647681045
counter/7/0/0/0,15989:1747647662565:,1747647681045
counter/2/0/0/0,18596:1747647664684:,1747647681045
counter/10/0/0/0,16259:1747647662590:,1747647681046
counter/7/0/0/0,15990:1747647662565:,1747647681046
counter/9/0/0/0,19487:1747647664882:,1747647681046
counter/2/0/0/0,18597:1747647664684:,1747647681046
counter/10/0/0/0,16260:1747647662590:,1747647681046
counter/7/0/0/0,15991:1747647662565:,1747647681046
counter/3/0/0/0,17310:1747647664508:,1747647681046
counter/5/0/0/0,17659:1747647663709:,1747647681046
counter/2/0/0/0,18598:1747647664684:,1747647681046
counter/10/0/0/0,16261:1747647662590:,1747647681046
counter/7/0/0/0,15992:1747647662565:,1747647681046
counter/5/0/0/0,17660:1747647663709:,1747647681046
counter/1/0/0/0,17951:1747647664682:,1747647681046
counter/2/0/0/0,18599:1747647664684:,1747647681046
counter/10/0/0/0,16262:1747647662590:,1747647681046
counter/7/0/0/0,15993:1747647662565:,1747647681046
counter/2/0/0/0,18600:1747647664684:,1747647681046
counter/10/0/0/0,16263:1747647662590:,1747647681046
counter/7/0/0/0,15994:1747647662565:,1747647681046
counter/2/0/0/0,18601:1747647664684:,1747647681046
counter/10/0/0/0,16264:1747647662590:,1747647681046
counter/7/0/0/0,15995:1747647662565:,1747647681046
counter/2/0/0/0,18602:1747647664684:,1747647681046
counter/10/0/0/0,16265:1747647662590:,1747647681046
counter/7/0/0/0,15996:1747647662565:,1747647681046
counter/2/0/0/0,18603:1747647664684:,1747647681046
counter/10/0/0/0,16266:1747647662590:,1747647681046
counter/7/0/0/0,15997:1747647662569:,1747647681046
counter/2/0/0/0,18604:1747647664684:,1747647681046
counter/10/0/0/0,16267:1747647662590:,1747647681046
counter/7/0/0/0,15998:1747647662569:,1747647681046
counter/8/0/0/0,17683:1747647663261:,1747647681046
counter/9/0/0/0,19488:1747647664882:,1747647681046
counter/2/0/0/0,18605:1747647664684:,1747647681046
counter/10/0/0/0,16268:1747647662590:,1747647681046
counter/7/0/0/0,15999:1747647662569:,1747647681046
counter/1/0/0/0,17952:1747647664682:,1747647681046
counter/5/0/0/0,17661:1747647663709:,1747647681046
counter/2/0/0/0,18606:1747647664694:,1747647681046
counter/10/0/0/0,16269:1747647662590:,1747647681046
counter/7/0/0/0,16000:1747647662569:,1747647681046
counter/2/0/0/0,18607:1747647664694:,1747647681046
counter/10/0/0/0,16270:1747647662590:,1747647681046
counter/7/0/0/0,16001:1747647662569:,1747647681046
counter/9/0/0/0,19489:1747647664882:,1747647681047
counter/2/0/0/0,18608:1747647664694:,1747647681047
counter/10/0/0/0,16271:1747647662590:,1747647681047
counter/7/0/0/0,16002:1747647662569:,1747647681047
counter/1/0/0/0,17953:1747647664687:,1747647681047
counter/5/0/0/0,17662:1747647663709:,1747647681047
counter/2/0/0/0,18609:1747647664694:,1747647681047
counter/10/0/0/0,16272:1747647662590:,1747647681047
counter/7/0/0/0,16003:1747647662569:,1747647681047
counter/2/0/0/0,18610:1747647664694:,1747647681047
counter/10/0/0/0,16273:1747647662602:,1747647681047
counter/7/0/0/0,16004:1747647662569:,1747647681047
counter/2/0/0/0,18611:1747647664694:,1747647681047
counter/10/0/0/0,16274:1747647662602:,1747647681047
counter/7/0/0/0,16005:1747647662569:,1747647681047
counter/2/0/0/0,18612:1747647664694:,1747647681047
counter/10/0/0/0,16275:1747647662602:,1747647681047
counter/7/0/0/0,16006:1747647662569:,1747647681047
counter/2/0/0/0,18613:1747647664694:,1747647681047
counter/10/0/0/0,16276:1747647662602:,1747647681047
counter/7/0/0/0,16007:1747647662569:,1747647681047
counter/2/0/0/0,18614:1747647664694:,1747647681047
counter/10/0/0/0,16277:1747647662602:,1747647681047
counter/7/0/0/0,16008:1747647662569:,1747647681047
counter/2/0/0/0,18615:1747647664694:,1747647681047
counter/10/0/0/0,16278:1747647662603:,1747647681047
counter/7/0/0/0,16009:1747647662569:,1747647681047
counter/2/0/0/0,18616:1747647664694:,1747647681047
counter/10/0/0/0,16279:1747647662603:,1747647681047
counter/7/0/0/0,16010:1747647662573:,1747647681047
counter/2/0/0/0,18617:1747647664694:,1747647681047
counter/10/0/0/0,16280:1747647662618:,1747647681047
counter/7/0/0/0,16011:1747647662573:,1747647681047
counter/2/0/0/0,18618:1747647664694:,1747647681047
counter/10/0/0/0,16281:1747647662618:,1747647681047
counter/7/0/0/0,16012:1747647662573:,1747647681047
counter/2/0/0/0,18619:1747647664695:,1747647681047
counter/10/0/0/0,16282:1747647662618:,1747647681047
counter/7/0/0/0,16013:1747647662573:,1747647681047
counter/2/0/0/0,18620:1747647664695:,1747647681047
counter/10/0/0/0,16283:1747647662619:,1747647681048
counter/7/0/0/0,16014:1747647662573:,1747647681048
counter/2/0/0/0,18621:1747647664695:,1747647681048
counter/10/0/0/0,16284:1747647662619:,1747647681048
counter/7/0/0/0,16015:1747647662573:,1747647681048
counter/2/0/0/0,18622:1747647664695:,1747647681048
counter/10/0/0/0,16285:1747647662619:,1747647681048
counter/7/0/0/0,16016:1747647662573:,1747647681048
counter/2/0/0/0,18623:1747647664695:,1747647681048
counter/10/0/0/0,16286:1747647662619:,1747647681048
counter/7/0/0/0,16017:1747647662573:,1747647681048
counter/2/0/0/0,18624:1747647664702:,1747647681048
counter/10/0/0/0,16287:1747647662619:,1747647681048
counter/7/0/0/0,16018:1747647662573:,1747647681048
counter/2/0/0/0,18625:1747647664709:,1747647681048
counter/10/0/0/0,16288:1747647662619:,1747647681048
counter/7/0/0/0,16019:1747647662573:,1747647681048
counter/2/0/0/0,18626:1747647664709:,1747647681048
counter/10/0/0/0,16289:1747647662619:,1747647681048
counter/7/0/0/0,16020:1747647662573:,1747647681048
counter/2/0/0/0,18627:1747647664710:,1747647681048
counter/10/0/0/0,16290:1747647662619:,1747647681048
counter/7/0/0/0,16021:1747647662573:,1747647681048
counter/2/0/0/0,18628:1747647664710:,1747647681048
counter/10/0/0/0,16291:1747647662620:,1747647681048
counter/7/0/0/0,16022:1747647662573:,1747647681048
counter/2/0/0/0,18629:1747647664713:,1747647681048
counter/10/0/0/0,16292:1747647662620:,1747647681048
counter/7/0/0/0,16023:1747647662573:,1747647681048
counter/2/0/0/0,18630:1747647664713:,1747647681048
counter/10/0/0/0,16293:1747647662620:,1747647681048
counter/7/0/0/0,16024:1747647662573:,1747647681048
counter/2/0/0/0,18631:1747647664713:,1747647681048
counter/10/0/0/0,16294:1747647662620:,1747647681048
counter/7/0/0/0,16025:1747647662573:,1747647681048
counter/2/0/0/0,18632:1747647664713:,1747647681048
counter/10/0/0/0,16295:1747647662620:,1747647681048
counter/7/0/0/0,16026:1747647662576:,1747647681048
counter/2/0/0/0,18633:1747647664713:,1747647681048
counter/10/0/0/0,16296:1747647662623:,1747647681048
counter/7/0/0/0,16027:1747647662576:,1747647681048
counter/2/0/0/0,18634:1747647664713:,1747647681048
counter/10/0/0/0,16297:1747647662623:,1747647681048
counter/7/0/0/0,16028:1747647662576:,1747647681048
counter/2/0/0/0,18635:1747647664713:,1747647681049
counter/10/0/0/0,16298:1747647662623:,1747647681049
counter/7/0/0/0,16029:1747647662576:,1747647681049
counter/2/0/0/0,18636:1747647664713:,1747647681049
counter/10/0/0/0,16299:1747647662623:,1747647681049
counter/7/0/0/0,16030:1747647662576:,1747647681049
counter/2/0/0/0,18637:1747647664713:,1747647681049
counter/10/0/0/0,16300:1747647662623:,1747647681049
counter/7/0/0/0,16031:1747647662576:,1747647681049
counter/2/0/0/0,18638:1747647664713:,1747647681049
counter/10/0/0/0,16301:1747647662623:,1747647681049
counter/2/0/0/0,18639:1747647664713:,1747647681049
counter/10/0/0/0,16302:1747647662623:,1747647681049
counter/2/0/0/0,18640:1747647664713:,1747647681049
counter/10/0/0/0,16303:1747647662623:,1747647681049
counter/2/0/0/0,18641:1747647664713:,1747647681049
counter/10/0/0/0,16304:1747647662623:,1747647681049
counter/2/0/0/0,18642:1747647664713:,1747647681049
counter/10/0/0/0,16305:1747647662623:,1747647681049
counter/2/0/0/0,18643:1747647664713:,1747647681049
counter/10/0/0/0,16306:1747647662623:,1747647681049
counter/2/0/0/0,18644:1747647664713:,1747647681049
counter/10/0/0/0,16307:1747647662623:,1747647681049
counter/2/0/0/0,18645:1747647664713:,1747647681049
counter/10/0/0/0,16308:1747647662623:,1747647681049
counter/2/0/0/0,18646:1747647664713:,1747647681049
counter/10/0/0/0,16309:1747647662623:,1747647681049
counter/2/0/0/0,18647:1747647664728:,1747647681049
counter/10/0/0/0,16310:1747647662633:,1747647681049
counter/2/0/0/0,18648:1747647664728:,1747647681049
counter/10/0/0/0,16311:1747647662633:,1747647681049
counter/2/0/0/0,18649:1747647664728:,1747647681049
counter/10/0/0/0,16312:1747647662633:,1747647681049
counter/2/0/0/0,18650:1747647664728:,1747647681049
counter/10/0/0/0,16313:1747647662637:,1747647681049
counter/2/0/0/0,18651:1747647664728:,1747647681049
counter/10/0/0/0,16314:1747647662638:,1747647681049
counter/2/0/0/0,18652:1747647664728:,1747647681049
counter/10/0/0/0,16315:1747647662638:,1747647681049
counter/2/0/0/0,18653:1747647664729:,1747647681049
counter/10/0/0/0,16316:1747647662638:,1747647681050
counter/2/0/0/0,18654:1747647664729:,1747647681050
counter/10/0/0/0,16317:1747647662638:,1747647681050
counter/2/0/0/0,18655:1747647664729:,1747647681050
counter/10/0/0/0,16318:1747647662638:,1747647681050
counter/2/0/0/0,18656:1747647664729:,1747647681050
counter/10/0/0/0,16319:1747647662638:,1747647681050
counter/2/0/0/0,18657:1747647664729:,1747647681050
counter/10/0/0/0,16320:1747647662638:,1747647681050
counter/2/0/0/0,18658:1747647664729:,1747647681050
counter/10/0/0/0,16321:1747647662638:,1747647681050
counter/2/0/0/0,18659:1747647664729:,1747647681050
counter/10/0/0/0,16322:1747647662638:,1747647681050
counter/2/0/0/0,18660:1747647664729:,1747647681050
counter/10/0/0/0,16323:1747647662638:,1747647681050
counter/2/0/0/0,18661:1747647664729:,1747647681050
counter/10/0/0/0,16324:1747647662638:,1747647681050
counter/2/0/0/0,18662:1747647664729:,1747647681050
counter/10/0/0/0,16325:1747647662638:,1747647681050
counter/2/0/0/0,18663:1747647664729:,1747647681050
counter/10/0/0/0,16326:1747647662638:,1747647681050
counter/2/0/0/0,18664:1747647664729:,1747647681050
counter/10/0/0/0,16327:1747647662639:,1747647681050
counter/2/0/0/0,18665:1747647664729:,1747647681050
counter/10/0/0/0,16328:1747647662648:,1747647681050
counter/2/0/0/0,18666:1747647664729:,1747647681050
counter/10/0/0/0,16329:1747647662648:,1747647681050
counter/2/0/0/0,18667:1747647664735:,1747647681050
counter/10/0/0/0,16330:1747647662648:,1747647681050
counter/2/0/0/0,18668:1747647664735:,1747647681050
counter/10/0/0/0,16331:1747647662648:,1747647681050
counter/2/0/0/0,18669:1747647664735:,1747647681050
counter/10/0/0/0,16332:1747647662648:,1747647681050
counter/2/0/0/0,18670:1747647664735:,1747647681050
counter/10/0/0/0,16333:1747647662648:,1747647681050
counter/2/0/0/0,18671:1747647664735:,1747647681050
counter/10/0/0/0,16334:1747647662648:,1747647681050
counter/2/0/0/0,18672:1747647664735:,1747647681050
counter/10/0/0/0,16335:1747647662648:,1747647681050
counter/2/0/0/0,18673:1747647664735:,1747647681050
counter/10/0/0/0,16336:1747647662648:,1747647681050
counter/2/0/0/0,18674:1747647664742:,1747647681050
counter/10/0/0/0,16337:1747647662652:,1747647681050
counter/2/0/0/0,18675:1747647664742:,1747647681051
counter/10/0/0/0,16338:1747647662663:,1747647681051
counter/2/0/0/0,18676:1747647664742:,1747647681051
counter/10/0/0/0,16339:1747647662663:,1747647681051
counter/2/0/0/0,18677:1747647664742:,1747647681051
counter/10/0/0/0,16340:1747647662663:,1747647681051
counter/2/0/0/0,18678:1747647664742:,1747647681051
counter/10/0/0/0,16341:1747647662663:,1747647681051
counter/2/0/0/0,18679:1747647664742:,1747647681051
counter/10/0/0/0,16342:1747647662663:,1747647681051
counter/2/0/0/0,18680:1747647664744:,1747647681051
counter/10/0/0/0,16343:1747647662663:,1747647681051
counter/2/0/0/0,18681:1747647664744:,1747647681051
counter/10/0/0/0,16344:1747647662663:,1747647681051
counter/2/0/0/0,18682:1747647664744:,1747647681051
counter/10/0/0/0,16345:1747647662663:,1747647681051
counter/2/0/0/0,18683:1747647664744:,1747647681051
counter/10/0/0/0,16346:1747647662664:,1747647681051
counter/2/0/0/0,18684:1747647664744:,1747647681051
counter/10/0/0/0,16347:1747647662667:,1747647681051
counter/2/0/0/0,18685:1747647664744:,1747647681051
counter/10/0/0/0,16348:1747647662667:,1747647681051
counter/2/0/0/0,18686:1747647664744:,1747647681051
counter/10/0/0/0,16349:1747647662667:,1747647681051
counter/2/0/0/0,18687:1747647664745:,1747647681051
counter/10/0/0/0,16350:1747647662667:,1747647681051
counter/2/0/0/0,18688:1747647664745:,1747647681051
counter/10/0/0/0,16351:1747647662667:,1747647681051
counter/2/0/0/0,18689:1747647664745:,1747647681051
counter/10/0/0/0,16352:1747647662667:,1747647681051
counter/2/0/0/0,18690:1747647664745:,1747647681051
counter/10/0/0/0,16353:1747647662667:,1747647681051
counter/2/0/0/0,18691:1747647664753:,1747647681051
counter/10/0/0/0,16354:1747647662667:,1747647681051
counter/2/0/0/0,18692:1747647664753:,1747647681051
counter/10/0/0/0,16355:1747647662693:,1747647681051
counter/2/0/0/0,18693:1747647664753:,1747647681051
counter/10/0/0/0,16356:1747647662693:,1747647681051
counter/2/0/0/0,18694:1747647664753:,1747647681051
counter/10/0/0/0,16357:1747647662693:,1747647681051
counter/6/0/0/0,16608:1747647663630:,1747647681051
counter/2/0/0/0,18695:1747647664753:,1747647681051
counter/10/0/0/0,16358:1747647662693:,1747647681051
counter/8/0/0/0,17684:1747647663261:,1747647681051
counter/1/0/0/0,17954:1747647664687:,1747647681052
counter/2/0/0/0,18696:1747647664753:,1747647681052
counter/10/0/0/0,16359:1747647662693:,1747647681052
counter/9/0/0/0,19490:1747647664882:,1747647681052
counter/5/0/0/0,17663:1747647663709:,1747647681052
counter/2/0/0/0,18697:1747647664754:,1747647681052
counter/10/0/0/0,16360:1747647662693:,1747647681052
counter/2/0/0/0,18698:1747647664754:,1747647681052
counter/10/0/0/0,16361:1747647662693:,1747647681052
counter/2/0/0/0,18699:1747647664754:,1747647681052
counter/10/0/0/0,16362:1747647662703:,1747647681052
counter/2/0/0/0,18700:1747647664754:,1747647681052
counter/10/0/0/0,16363:1747647662703:,1747647681052
counter/9/0/0/0,19491:1747647664882:,1747647681052
counter/2/0/0/0,18701:1747647664754:,1747647681052
counter/10/0/0/0,16364:1747647662703:,1747647681052
counter/5/0/0/0,17664:1747647663709:,1747647681052
counter/4/0/0/0,16729:1747647664595:,1747647681052
counter/2/0/0/0,18702:1747647664754:,1747647681052
counter/10/0/0/0,16365:1747647662703:,1747647681052
counter/7/0/0/0,16032:1747647662580:,1747647681052
counter/3/0/0/0,17311:1747647664508:,1747647681052
counter/2/0/0/0,18703:1747647664765:,1747647681052
counter/10/0/0/0,16366:1747647662703:,1747647681052
counter/2/0/0/0,18704:1747647664765:,1747647681052
counter/10/0/0/0,16367:1747647662703:,1747647681052
counter/2/0/0/0,18705:1747647664765:,1747647681052
counter/10/0/0/0,16368:1747647662703:,1747647681052
counter/2/0/0/0,18706:1747647664765:,1747647681052
counter/10/0/0/0,16369:1747647662703:,1747647681052
counter/2/0/0/0,18707:1747647664765:,1747647681052
counter/10/0/0/0,16370:1747647662712:,1747647681052
counter/2/0/0/0,18708:1747647664765:,1747647681052
counter/10/0/0/0,16371:1747647662712:,1747647681052
counter/2/0/0/0,18709:1747647664771:,1747647681052
counter/10/0/0/0,16372:1747647662712:,1747647681052
counter/2/0/0/0,18710:1747647664773:,1747647681052
counter/10/0/0/0,16373:1747647662712:,1747647681052
counter/2/0/0/0,18711:1747647664773:,1747647681052
counter/10/0/0/0,16374:1747647662712:,1747647681052
counter/2/0/0/0,18712:1747647664773:,1747647681052
counter/10/0/0/0,16375:1747647662712:,1747647681053
counter/9/0/0/0,19492:1747647664884:,1747647681053
counter/2/0/0/0,18713:1747647664773:,1747647681053
counter/10/0/0/0,16376:1747647662712:,1747647681053
counter/2/0/0/0,18714:1747647664773:,1747647681053
counter/10/0/0/0,16377:1747647662712:,1747647681053
counter/4/0/0/0,16730:1747647664595:,1747647681053
counter/2/0/0/0,18715:1747647664773:,1747647681053
counter/10/0/0/0,16378:1747647662712:,1747647681053
counter/5/0/0/0,17665:1747647663709:,1747647681053
counter/7/0/0/0,16033:1747647662590:,1747647681053
counter/2/0/0/0,18716:1747647664773:,1747647681053
counter/10/0/0/0,16379:1747647662712:,1747647681053
counter/7/0/0/0,16034:1747647662590:,1747647681053
counter/2/0/0/0,18717:1747647664773:,1747647681053
counter/10/0/0/0,16380:1747647662719:,1747647681053
counter/7/0/0/0,16035:1747647662590:,1747647681053
counter/2/0/0/0,18718:1747647664773:,1747647681053
counter/10/0/0/0,16381:1747647662719:,1747647681053
counter/7/0/0/0,16036:1747647662590:,1747647681053
counter/5/0/0/0,17666:1747647663710:,1747647681053
counter/2/0/0/0,18719:1747647664773:,1747647681053
counter/10/0/0/0,16382:1747647662719:,1747647681053
counter/7/0/0/0,16037:1747647662590:,1747647681053
counter/1/0/0/0,17955:1747647664687:,1747647681053
counter/3/0/0/0,17312:1747647664509:,1747647681053
counter/2/0/0/0,18720:1747647664773:,1747647681053
counter/10/0/0/0,16383:1747647662719:,1747647681053
counter/7/0/0/0,16038:1747647662590:,1747647681053
counter/9/0/0/0,19493:1747647664885:,1747647681053
counter/2/0/0/0,18721:1747647664773:,1747647681053
counter/10/0/0/0,16384:1747647662719:,1747647681053
counter/7/0/0/0,16039:1747647662590:,1747647681053
counter/6/0/0/0,16609:1747647663630:,1747647681053
counter/5/0/0/0,17667:1747647663710:,1747647681053
counter/2/0/0/0,18722:1747647664773:,1747647681053
counter/10/0/0/0,16385:1747647662719:,1747647681053
counter/7/0/0/0,16040:1747647662590:,1747647681053
counter/5/0/0/0,17668:1747647663710:,1747647681053
counter/2/0/0/0,18723:1747647664779:,1747647681053
counter/10/0/0/0,16386:1747647662719:,1747647681053
counter/7/0/0/0,16041:1747647662590:,1747647681053
counter/5/0/0/0,17669:1747647663710:,1747647681053
counter/6/0/0/0,16610:1747647663630:,1747647681054
counter/1/0/0/0,17956:1747647664687:,1747647681054
counter/2/0/0/0,18724:1747647664779:,1747647681054
counter/10/0/0/0,16387:1747647662719:,1747647681054
counter/7/0/0/0,16042:1747647662591:,1747647681054
counter/5/0/0/0,17670:1747647663714:,1747647681054
counter/3/0/0/0,17313:1747647664509:,1747647681054
counter/2/0/0/0,18725:1747647664779:,1747647681054
counter/10/0/0/0,16388:1747647662719:,1747647681054
counter/7/0/0/0,16043:1747647662591:,1747647681054
counter/5/0/0/0,17671:1747647663714:,1747647681054
counter/2/0/0/0,18726:1747647664779:,1747647681054
counter/10/0/0/0,16389:1747647662719:,1747647681054
counter/5/0/0/0,17672:1747647663714:,1747647681054
counter/2/0/0/0,18727:1747647664779:,1747647681054
counter/10/0/0/0,16390:1747647662719:,1747647681054
counter/5/0/0/0,17673:1747647663714:,1747647681054
counter/2/0/0/0,18728:1747647664779:,1747647681054
counter/10/0/0/0,16391:1747647662719:,1747647681054
counter/5/0/0/0,17674:1747647663714:,1747647681054
counter/2/0/0/0,18729:1747647664779:,1747647681054
counter/10/0/0/0,16392:1747647662719:,1747647681054
counter/5/0/0/0,17675:1747647663714:,1747647681054
counter/2/0/0/0,18730:1747647664779:,1747647681054
counter/10/0/0/0,16393:1747647662720:,1747647681054
counter/2/0/0/0,18731:1747647664779:,1747647681054
counter/10/0/0/0,16394:1747647662720:,1747647681054
counter/2/0/0/0,18732:1747647664779:,1747647681054
counter/10/0/0/0,16395:1747647662720:,1747647681054
counter/2/0/0/0,18733:1747647664788:,1747647681054
counter/10/0/0/0,16396:1747647662720:,1747647681054
counter/2/0/0/0,18734:1747647664792:,1747647681054
counter/10/0/0/0,16397:1747647662720:,1747647681054
counter/2/0/0/0,18735:1747647664792:,1747647681054
counter/10/0/0/0,16398:1747647662720:,1747647681054
counter/2/0/0/0,18736:1747647664792:,1747647681054
counter/10/0/0/0,16399:1747647662720:,1747647681054
counter/2/0/0/0,18737:1747647664792:,1747647681054
counter/10/0/0/0,16400:1747647662720:,1747647681054
counter/2/0/0/0,18738:1747647664792:,1747647681054
counter/10/0/0/0,16401:1747647662720:,1747647681054
counter/2/0/0/0,18739:1747647664792:,1747647681054
counter/10/0/0/0,16402:1747647662720:,1747647681055
counter/2/0/0/0,18740:1747647664792:,1747647681055
counter/10/0/0/0,16403:1747647662720:,1747647681055
counter/2/0/0/0,18741:1747647664793:,1747647681055
counter/10/0/0/0,16404:1747647662720:,1747647681055
counter/2/0/0/0,18742:1747647664793:,1747647681055
counter/10/0/0/0,16405:1747647662725:,1747647681055
counter/2/0/0/0,18743:1747647664793:,1747647681055
counter/10/0/0/0,16406:1747647662725:,1747647681055
counter/2/0/0/0,18744:1747647664793:,1747647681055
counter/10/0/0/0,16407:1747647662725:,1747647681055
counter/2/0/0/0,18745:1747647664793:,1747647681055
counter/10/0/0/0,16408:1747647662725:,1747647681055
counter/2/0/0/0,18746:1747647664793:,1747647681055
counter/10/0/0/0,16409:1747647662727:,1747647681055
counter/2/0/0/0,18747:1747647664793:,1747647681055
counter/10/0/0/0,16410:1747647662727:,1747647681055
counter/2/0/0/0,18748:1747647664793:,1747647681055
counter/10/0/0/0,16411:1747647662727:,1747647681055
counter/2/0/0/0,18749:1747647664793:,1747647681055
counter/10/0/0/0,16412:1747647662727:,1747647681055
counter/2/0/0/0,18750:1747647664793:,1747647681055
counter/10/0/0/0,16413:1747647662727:,1747647681055
counter/2/0/0/0,18751:1747647664815:,1747647681055
counter/10/0/0/0,16414:1747647662727:,1747647681055
counter/2/0/0/0,18752:1747647664817:,1747647681055
counter/10/0/0/0,16415:1747647662733:,1747647681055
counter/2/0/0/0,18753:1747647664817:,1747647681055
counter/10/0/0/0,16416:1747647662734:,1747647681055
counter/2/0/0/0,18754:1747647664817:,1747647681055
counter/10/0/0/0,16417:1747647662734:,1747647681055
counter/2/0/0/0,18755:1747647664823:,1747647681055
counter/10/0/0/0,16418:1747647662734:,1747647681055
counter/2/0/0/0,18756:1747647664828:,1747647681055
counter/10/0/0/0,16419:1747647662734:,1747647681055
counter/3/0/0/0,17314:1747647664509:,1747647681055
counter/7/0/0/0,16044:1747647662591:,1747647681055
counter/2/0/0/0,18757:1747647664830:,1747647681055
counter/10/0/0/0,16420:1747647662734:,1747647681055
counter/9/0/0/0,19494:1747647664885:,1747647681055
counter/5/0/0/0,17676:1747647663715:,1747647681055
counter/2/0/0/0,18758:1747647664843:,1747647681055
counter/10/0/0/0,16421:1747647662734:,1747647681055
counter/2/0/0/0,18759:1747647664843:,1747647681055
counter/10/0/0/0,16422:1747647662734:,1747647681056
counter/2/0/0/0,18760:1747647664843:,1747647681056
counter/10/0/0/0,16423:1747647662742:,1747647681056
counter/9/0/0/0,19495:1747647664885:,1747647681056
counter/2/0/0/0,18761:1747647664843:,1747647681056
counter/10/0/0/0,16424:1747647662742:,1747647681056
counter/5/0/0/0,17677:1747647663715:,1747647681056
counter/2/0/0/0,18762:1747647664843:,1747647681056
counter/10/0/0/0,16425:1747647662742:,1747647681056
counter/2/0/0/0,18763:1747647664843:,1747647681056
counter/10/0/0/0,16426:1747647662742:,1747647681056
counter/2/0/0/0,18764:1747647664843:,1747647681056
counter/10/0/0/0,16427:1747647662742:,1747647681056
counter/9/0/0/0,19496:1747647664885:,1747647681056
counter/2/0/0/0,18765:1747647664843:,1747647681056
counter/10/0/0/0,16428:1747647662742:,1747647681056
counter/5/0/0/0,17678:1747647663715:,1747647681056
counter/2/0/0/0,18766:1747647664843:,1747647681056
counter/10/0/0/0,16429:1747647662742:,1747647681056
counter/2/0/0/0,18767:1747647664843:,1747647681056
counter/10/0/0/0,16430:1747647662742:,1747647681056
counter/2/0/0/0,18768:1747647664843:,1747647681056
counter/10/0/0/0,16431:1747647662742:,1747647681056
counter/9/0/0/0,19497:1747647664885:,1747647681056
counter/2/0/0/0,18769:1747647664843:,1747647681056
counter/10/0/0/0,16432:1747647662742:,1747647681056
counter/5/0/0/0,17679:1747647663715:,1747647681056
counter/6/0/0/0,16611:1747647663630:,1747647681056
counter/2/0/0/0,18770:1747647664843:,1747647681056
counter/10/0/0/0,16433:1747647662742:,1747647681056
counter/8/0/0/0,17685:1747647663261:,1747647681056
counter/1/0/0/0,17957:1747647664687:,1747647681056
counter/2/0/0/0,18771:1747647664843:,1747647681056
counter/10/0/0/0,16434:1747647662742:,1747647681056
counter/1/0/0/0,17958:1747647664687:,1747647681056
counter/2/0/0/0,18772:1747647664850:,1747647681056
counter/10/0/0/0,16435:1747647662742:,1747647681056
counter/1/0/0/0,17959:1747647664688:,1747647681056
counter/2/0/0/0,18773:1747647664850:,1747647681056
counter/10/0/0/0,16436:1747647662742:,1747647681056
counter/1/0/0/0,17960:1747647664689:,1747647681056
counter/2/0/0/0,18774:1747647664850:,1747647681057
counter/10/0/0/0,16437:1747647662742:,1747647681057
counter/1/0/0/0,17961:1747647664691:,1747647681057
counter/2/0/0/0,18775:1747647664850:,1747647681057
counter/10/0/0/0,16438:1747647662742:,1747647681057
counter/1/0/0/0,17962:1747647664694:,1747647681057
counter/2/0/0/0,18776:1747647664850:,1747647681057
counter/10/0/0/0,16439:1747647662742:,1747647681057
counter/1/0/0/0,17963:1747647664694:,1747647681057
counter/2/0/0/0,18777:1747647664850:,1747647681057
counter/10/0/0/0,16440:1747647662743:,1747647681057
counter/1/0/0/0,17964:1747647664694:,1747647681057
counter/2/0/0/0,18778:1747647664850:,1747647681057
counter/10/0/0/0,16441:1747647662743:,1747647681057
counter/1/0/0/0,17965:1747647664694:,1747647681057
counter/2/0/0/0,18779:1747647664850:,1747647681057
counter/10/0/0/0,16442:1747647662743:,1747647681057
counter/1/0/0/0,17966:1747647664694:,1747647681057
counter/2/0/0/0,18780:1747647664860:,1747647681057
counter/10/0/0/0,16443:1747647662743:,1747647681057
counter/1/0/0/0,17967:1747647664694:,1747647681057
counter/2/0/0/0,18781:1747647664860:,1747647681057
counter/10/0/0/0,16444:1747647662743:,1747647681057
counter/1/0/0/0,17968:1747647664694:,1747647681057
counter/2/0/0/0,18782:1747647664860:,1747647681057
counter/10/0/0/0,16445:1747647662743:,1747647681057
counter/1/0/0/0,17969:1747647664696:,1747647681057
counter/2/0/0/0,18783:1747647664860:,1747647681057
counter/10/0/0/0,16446:1747647662743:,1747647681057
counter/1/0/0/0,17970:1747647664696:,1747647681057
counter/2/0/0/0,18784:1747647664860:,1747647681057
counter/10/0/0/0,16447:1747647662743:,1747647681057
counter/1/0/0/0,17971:1747647664696:,1747647681057
counter/2/0/0/0,18785:1747647664860:,1747647681057
counter/10/0/0/0,16448:1747647662743:,1747647681057
counter/1/0/0/0,17972:1747647664696:,1747647681057
counter/2/0/0/0,18786:1747647664860:,1747647681057
counter/10/0/0/0,16449:1747647662743:,1747647681057
counter/1/0/0/0,17973:1747647664696:,1747647681057
counter/2/0/0/0,18787:1747647664860:,1747647681057
counter/10/0/0/0,16450:1747647662743:,1747647681057
counter/1/0/0/0,17974:1747647664696:,1747647681057
counter/2/0/0/0,18788:1747647664863:,1747647681057
counter/10/0/0/0,16451:1747647662743:,1747647681057
counter/1/0/0/0,17975:1747647664696:,1747647681058
counter/2/0/0/0,18789:1747647664863:,1747647681058
counter/10/0/0/0,16452:1747647662743:,1747647681058
counter/1/0/0/0,17976:1747647664696:,1747647681058
counter/2/0/0/0,18790:1747647664863:,1747647681058
counter/10/0/0/0,16453:1747647662743:,1747647681058
counter/1/0/0/0,17977:1747647664696:,1747647681058
counter/2/0/0/0,18791:1747647664863:,1747647681058
counter/10/0/0/0,16454:1747647662743:,1747647681058
counter/1/0/0/0,17978:1747647664696:,1747647681058
counter/2/0/0/0,18792:1747647664863:,1747647681058
counter/10/0/0/0,16455:1747647662744:,1747647681058
counter/1/0/0/0,17979:1747647664696:,1747647681058
counter/2/0/0/0,18793:1747647664863:,1747647681058
counter/10/0/0/0,16456:1747647662751:,1747647681058
counter/1/0/0/0,17980:1747647664696:,1747647681058
counter/2/0/0/0,18794:1747647664863:,1747647681058
counter/10/0/0/0,16457:1747647662751:,1747647681058
counter/1/0/0/0,17981:1747647664696:,1747647681058
counter/2/0/0/0,18795:1747647664863:,1747647681058
counter/10/0/0/0,16458:1747647662751:,1747647681058
counter/1/0/0/0,17982:1747647664696:,1747647681058
counter/2/0/0/0,18796:1747647664869:,1747647681058
counter/10/0/0/0,16459:1747647662751:,1747647681058
counter/2/0/0/0,18797:1747647664869:,1747647681058
counter/10/0/0/0,16460:1747647662751:,1747647681058
counter/2/0/0/0,18798:1747647664869:,1747647681058
counter/10/0/0/0,16461:1747647662751:,1747647681058
counter/2/0/0/0,18799:1747647664869:,1747647681058
counter/10/0/0/0,16462:1747647662751:,1747647681058
counter/2/0/0/0,18800:1747647664869:,1747647681058
counter/10/0/0/0,16463:1747647662752:,1747647681058
counter/2/0/0/0,18801:1747647664869:,1747647681058
counter/10/0/0/0,16464:1747647662752:,1747647681058
counter/2/0/0/0,18802:1747647664869:,1747647681058
counter/10/0/0/0,16465:1747647662752:,1747647681058
counter/2/0/0/0,18803:1747647664879:,1747647681058
counter/10/0/0/0,16466:1747647662752:,1747647681058
counter/2/0/0/0,18804:1747647664879:,1747647681058
counter/10/0/0/0,16467:1747647662752:,1747647681058
counter/2/0/0/0,18805:1747647664879:,1747647681058
counter/10/0/0/0,16468:1747647662752:,1747647681058
counter/2/0/0/0,18806:1747647664879:,1747647681058
counter/10/0/0/0,16469:1747647662752:,1747647681058
counter/2/0/0/0,18807:1747647664879:,1747647681059
counter/10/0/0/0,16470:1747647662753:,1747647681059
counter/2/0/0/0,18808:1747647664879:,1747647681059
counter/10/0/0/0,16471:1747647662763:,1747647681059
counter/2/0/0/0,18809:1747647664879:,1747647681059
counter/10/0/0/0,16472:1747647662763:,1747647681059
counter/2/0/0/0,18810:1747647664879:,1747647681059
counter/10/0/0/0,16473:1747647662764:,1747647681059
counter/2/0/0/0,18811:1747647664881:,1747647681059
counter/10/0/0/0,16474:1747647662764:,1747647681059
counter/2/0/0/0,18812:1747647664881:,1747647681059
counter/10/0/0/0,16475:1747647662771:,1747647681059
counter/2/0/0/0,18813:1747647664881:,1747647681059
counter/10/0/0/0,16476:1747647662772:,1747647681059
counter/2/0/0/0,18814:1747647664881:,1747647681059
counter/10/0/0/0,16477:1747647662772:,1747647681059
counter/2/0/0/0,18815:1747647664881:,1747647681059
counter/10/0/0/0,16478:1747647662772:,1747647681059
counter/2/0/0/0,18816:1747647664883:,1747647681059
counter/10/0/0/0,16479:1747647662772:,1747647681059
counter/2/0/0/0,18817:1747647664883:,1747647681059
counter/10/0/0/0,16480:1747647662772:,1747647681059
counter/2/0/0/0,18818:1747647664883:,1747647681059
counter/10/0/0/0,16481:1747647662772:,1747647681059
counter/2/0/0/0,18819:1747647664883:,1747647681059
counter/10/0/0/0,16482:1747647662772:,1747647681059
counter/2/0/0/0,18820:1747647664883:,1747647681059
counter/10/0/0/0,16483:1747647662772:,1747647681059
counter/2/0/0/0,18821:1747647664883:,1747647681059
counter/10/0/0/0,16484:1747647662772:,1747647681059
counter/5/0/0/0,17680:1747647663715:,1747647681059
counter/2/0/0/0,18822:1747647664883:,1747647681059
counter/10/0/0/0,16485:1747647662772:,1747647681059
counter/2/0/0/0,18823:1747647664883:,1747647681059
counter/10/0/0/0,16486:1747647662772:,1747647681059
counter/9/0/0/0,19498:1747647664885:,1747647681059
counter/2/0/0/0,18824:1747647664889:,1747647681059
counter/10/0/0/0,16487:1747647662772:,1747647681059
counter/9/0/0/0,19499:1747647664885:,1747647681059
counter/2/0/0/0,18825:1747647664893:,1747647681059
counter/10/0/0/0,16488:1747647662772:,1747647681059
counter/9/0/0/0,19500:1747647664885:,1747647681060
counter/2/0/0/0,18826:1747647664894:,1747647681060
counter/10/0/0/0,16489:1747647662772:,1747647681060
counter/9/0/0/0,19501:1747647664885:,1747647681060
counter/2/0/0/0,18827:1747647664894:,1747647681060
counter/10/0/0/0,16490:1747647662772:,1747647681060
counter/9/0/0/0,19502:1747647664886:,1747647681060
counter/2/0/0/0,18828:1747647664894:,1747647681060
counter/10/0/0/0,16491:1747647662772:,1747647681060
counter/9/0/0/0,19503:1747647664886:,1747647681060
counter/4/0/0/0,16731:1747647664595:,1747647681060
counter/2/0/0/0,18829:1747647664894:,1747647681060
counter/10/0/0/0,16492:1747647662772:,1747647681060
counter/9/0/0/0,19504:1747647664886:,1747647681060
counter/4/0/0/0,16732:1747647664596:,1747647681060
counter/2/0/0/0,18830:1747647664894:,1747647681060
counter/10/0/0/0,16493:1747647662774:,1747647681060
counter/9/0/0/0,19505:1747647664886:,1747647681060
counter/4/0/0/0,16733:1747647664596:,1747647681060
counter/2/0/0/0,18831:1747647664895:,1747647681060
counter/10/0/0/0,16494:1747647662774:,1747647681060
counter/4/0/0/0,16734:1747647664596:,1747647681060
counter/3/0/0/0,17315:1747647664509:,1747647681060
counter/7/0/0/0,16045:1747647662591:,1747647681060
counter/2/0/0/0,18832:1747647664895:,1747647681060
counter/10/0/0/0,16495:1747647662774:,1747647681060
counter/4/0/0/0,16735:1747647664596:,1747647681060
counter/9/0/0/0,19506:1747647664886:,1747647681060
counter/6/0/0/0,16612:1747647663630:,1747647681060
counter/2/0/0/0,18833:1747647664899:,1747647681060
counter/10/0/0/0,16496:1747647662774:,1747647681060
counter/4/0/0/0,16736:1747647664596:,1747647681060
counter/2/0/0/0,18834:1747647664899:,1747647681060
counter/10/0/0/0,16497:1747647662781:,1747647681060
counter/4/0/0/0,16737:1747647664596:,1747647681060
counter/2/0/0/0,18835:1747647664899:,1747647681060
counter/10/0/0/0,16498:1747647662781:,1747647681060
counter/4/0/0/0,16738:1747647664596:,1747647681060
counter/9/0/0/0,19507:1747647664886:,1747647681060
counter/2/0/0/0,18836:1747647664899:,1747647681060
counter/10/0/0/0,16499:1747647662781:,1747647681060
counter/4/0/0/0,16739:1747647664596:,1747647681060
counter/6/0/0/0,16613:1747647663630:,1747647681060
counter/2/0/0/0,18837:1747647664910:,1747647681060
counter/10/0/0/0,16500:1747647662781:,1747647681061
counter/4/0/0/0,16740:1747647664596:,1747647681061
counter/2/0/0/0,18838:1747647664910:,1747647681061
counter/10/0/0/0,16501:1747647662781:,1747647681061
counter/2/0/0/0,18839:1747647664910:,1747647681061
counter/10/0/0/0,16502:1747647662781:,1747647681061
counter/2/0/0/0,18840:1747647664910:,1747647681061
counter/10/0/0/0,16503:1747647662781:,1747647681061
counter/9/0/0/0,19508:1747647664886:,1747647681061
counter/2/0/0/0,18841:1747647664910:,1747647681061
counter/10/0/0/0,16504:1747647662781:,1747647681061
counter/5/0/0/0,17681:1747647663715:,1747647681061
counter/6/0/0/0,16614:1747647663630:,1747647681061
counter/2/0/0/0,18842:1747647664910:,1747647681061
counter/10/0/0/0,16505:1747647662781:,1747647681061
counter/5/0/0/0,17682:1747647663715:,1747647681061
counter/8/0/0/0,17686:1747647663261:,1747647681061
counter/4/0/0/0,16741:1747647664596:,1747647681061
counter/2/0/0/0,18843:1747647664911:,1747647681061
counter/10/0/0/0,16506:1747647662783:,1747647681061
counter/3/0/0/0,17316:1747647664509:,1747647681061
counter/2/0/0/0,18844:1747647664911:,1747647681061
counter/10/0/0/0,16507:1747647662783:,1747647681061
counter/2/0/0/0,18845:1747647664911:,1747647681061
counter/10/0/0/0,16508:1747647662783:,1747647681061
counter/2/0/0/0,18846:1747647664911:,1747647681061
counter/10/0/0/0,16509:1747647662783:,1747647681061
counter/2/0/0/0,18847:1747647664911:,1747647681061
counter/10/0/0/0,16510:1747647662783:,1747647681061
counter/2/0/0/0,18848:1747647664916:,1747647681061
counter/10/0/0/0,16511:1747647662783:,1747647681061
counter/2/0/0/0,18849:1747647664916:,1747647681061
counter/10/0/0/0,16512:1747647662783:,1747647681061
counter/2/0/0/0,18850:1747647664916:,1747647681061
counter/10/0/0/0,16513:1747647662783:,1747647681061
counter/2/0/0/0,18851:1747647664916:,1747647681061
counter/10/0/0/0,16514:1747647662783:,1747647681061
counter/2/0/0/0,18852:1747647664916:,1747647681061
counter/10/0/0/0,16515:1747647662783:,1747647681061
counter/2/0/0/0,18853:1747647664917:,1747647681062
counter/10/0/0/0,16516:1747647662783:,1747647681062
counter/2/0/0/0,18854:1747647664917:,1747647681062
counter/10/0/0/0,16517:1747647662783:,1747647681062
counter/2/0/0/0,18855:1747647664917:,1747647681062
counter/10/0/0/0,16518:1747647662783:,1747647681062
counter/2/0/0/0,18856:1747647664917:,1747647681062
counter/10/0/0/0,16519:1747647662783:,1747647681062
counter/2/0/0/0,18857:1747647664917:,1747647681062
counter/10/0/0/0,16520:1747647662783:,1747647681062
counter/9/0/0/0,19509:1747647664886:,1747647681062
counter/2/0/0/0,18858:1747647664917:,1747647681062
counter/10/0/0/0,16521:1747647662783:,1747647681062
counter/3/0/0/0,17317:1747647664509:,1747647681062
counter/2/0/0/0,18859:1747647664917:,1747647681062
counter/10/0/0/0,16522:1747647662783:,1747647681062
counter/6/0/0/0,16615:1747647663635:,1747647681062
counter/2/0/0/0,18860:1747647664921:,1747647681062
counter/10/0/0/0,16523:1747647662783:,1747647681062
counter/4/0/0/0,16742:1747647664596:,1747647681062
counter/8/0/0/0,17687:1747647663261:,1747647681062
counter/1/0/0/0,17983:1747647664696:,1747647681062
counter/2/0/0/0,18861:1747647664921:,1747647681062
counter/10/0/0/0,16524:1747647662783:,1747647681062
counter/5/0/0/0,17683:1747647663722:,1747647681062
counter/7/0/0/0,16046:1747647662591:,1747647681062
counter/9/0/0/0,19510:1747647664886:,1747647681062
counter/2/0/0/0,18862:1747647664921:,1747647681062
counter/10/0/0/0,16525:1747647662783:,1747647681062
counter/1/0/0/0,17984:1747647664696:,1747647681062
counter/2/0/0/0,18863:1747647664921:,1747647681062
counter/10/0/0/0,16526:1747647662783:,1747647681062
counter/5/0/0/0,17684:1747647663722:,1747647681062
counter/7/0/0/0,16047:1747647662591:,1747647681062
counter/2/0/0/0,18864:1747647664921:,1747647681062
counter/10/0/0/0,16527:1747647662783:,1747647681062
counter/9/0/0/0,19511:1747647664886:,1747647681062
counter/2/0/0/0,18865:1747647664921:,1747647681062
counter/10/0/0/0,16528:1747647662783:,1747647681062
counter/9/0/0/0,19512:1747647664886:,1747647681062
counter/2/0/0/0,18866:1747647664921:,1747647681062
counter/10/0/0/0,16529:1747647662783:,1747647681062
counter/9/0/0/0,19513:1747647664886:,1747647681062
counter/7/0/0/0,16048:1747647662591:,1747647681062
counter/2/0/0/0,18867:1747647664924:,1747647681063
counter/10/0/0/0,16530:1747647662783:,1747647681063
counter/9/0/0/0,19514:1747647664886:,1747647681063
counter/7/0/0/0,16049:1747647662591:,1747647681063
counter/2/0/0/0,18868:1747647664924:,1747647681063
counter/10/0/0/0,16531:1747647662783:,1747647681063
counter/9/0/0/0,19515:1747647664886:,1747647681063
counter/7/0/0/0,16050:1747647662591:,1747647681063
counter/2/0/0/0,18869:1747647664924:,1747647681063
counter/10/0/0/0,16532:1747647662783:,1747647681063
counter/9/0/0/0,19516:1747647664886:,1747647681063
counter/7/0/0/0,16051:1747647662591:,1747647681063
counter/2/0/0/0,18870:1747647664924:,1747647681063
counter/10/0/0/0,16533:1747647662783:,1747647681063
counter/9/0/0/0,19517:1747647664886:,1747647681063
counter/7/0/0/0,16052:1747647662591:,1747647681063
counter/2/0/0/0,18871:1747647664924:,1747647681063
counter/10/0/0/0,16534:1747647662783:,1747647681063
counter/9/0/0/0,19518:1747647664886:,1747647681063
counter/7/0/0/0,16053:1747647662591:,1747647681063
counter/2/0/0/0,18872:1747647664924:,1747647681063
counter/10/0/0/0,16535:1747647662783:,1747647681063
counter/9/0/0/0,19519:1747647664886:,1747647681063
counter/7/0/0/0,16054:1747647662591:,1747647681063
counter/2/0/0/0,18873:1747647664924:,1747647681063
counter/10/0/0/0,16536:1747647662784:,1747647681063
counter/9/0/0/0,19520:1747647664886:,1747647681063
counter/7/0/0/0,16055:1747647662591:,1747647681063
counter/2/0/0/0,18874:1747647664924:,1747647681063
counter/10/0/0/0,16537:1747647662784:,1747647681063
counter/9/0/0/0,19521:1747647664886:,1747647681063
counter/7/0/0/0,16056:1747647662591:,1747647681063
counter/2/0/0/0,18875:1747647664924:,1747647681063
counter/10/0/0/0,16538:1747647662784:,1747647681063
counter/7/0/0/0,16057:1747647662591:,1747647681063
counter/1/0/0/0,17985:1747647664696:,1747647681063
counter/2/0/0/0,18876:1747647664925:,1747647681063
counter/10/0/0/0,16539:1747647662784:,1747647681063
counter/7/0/0/0,16058:1747647662591:,1747647681063
counter/5/0/0/0,17685:1747647663722:,1747647681063
counter/4/0/0/0,16743:1747647664596:,1747647681063
counter/2/0/0/0,18877:1747647664925:,1747647681064
counter/10/0/0/0,16540:1747647662784:,1747647681064
counter/7/0/0/0,16059:1747647662591:,1747647681064
counter/2/0/0/0,18878:1747647664925:,1747647681064
counter/10/0/0/0,16541:1747647662784:,1747647681064
counter/7/0/0/0,16060:1747647662591:,1747647681064
counter/2/0/0/0,18879:1747647664925:,1747647681064
counter/10/0/0/0,16542:1747647662784:,1747647681064
counter/7/0/0/0,16061:1747647662591:,1747647681064
counter/2/0/0/0,18880:1747647664925:,1747647681064
counter/10/0/0/0,16543:1747647662784:,1747647681064
counter/7/0/0/0,16062:1747647662591:,1747647681064
counter/2/0/0/0,18881:1747647664926:,1747647681064
counter/10/0/0/0,16544:1747647662784:,1747647681064
counter/7/0/0/0,16063:1747647662591:,1747647681064
counter/2/0/0/0,18882:1747647664926:,1747647681064
counter/10/0/0/0,16545:1747647662784:,1747647681064
counter/8/0/0/0,17688:1747647663261:,1747647681064
counter/2/0/0/0,18883:1747647664926:,1747647681064
counter/10/0/0/0,16546:1747647662784:,1747647681064
counter/1/0/0/0,17986:1747647664696:,1747647681064
counter/2/0/0/0,18884:1747647664926:,1747647681064
counter/10/0/0/0,16547:1747647662784:,1747647681064
counter/7/0/0/0,16064:1747647662591:,1747647681064
counter/3/0/0/0,17318:1747647664509:,1747647681064
counter/2/0/0/0,18885:1747647664926:,1747647681064
counter/10/0/0/0,16548:1747647662784:,1747647681064
counter/6/0/0/0,16616:1747647663636:,1747647681064
counter/4/0/0/0,16744:1747647664596:,1747647681064
counter/2/0/0/0,18886:1747647664926:,1747647681064
counter/10/0/0/0,16549:1747647662784:,1747647681064
counter/2/0/0/0,18887:1747647664927:,1747647681064
counter/10/0/0/0,16550:1747647662786:,1747647681064
counter/2/0/0/0,18888:1747647664927:,1747647681064
counter/10/0/0/0,16551:1747647662786:,1747647681064
counter/2/0/0/0,18889:1747647664927:,1747647681064
counter/10/0/0/0,16552:1747647662786:,1747647681064
counter/2/0/0/0,18890:1747647664927:,1747647681064
counter/10/0/0/0,16553:1747647662786:,1747647681064
counter/2/0/0/0,18891:1747647664927:,1747647681064
counter/10/0/0/0,16554:1747647662786:,1747647681064
counter/2/0/0/0,18892:1747647664927:,1747647681064
counter/10/0/0/0,16555:1747647662786:,1747647681064
counter/2/0/0/0,18893:1747647664927:,1747647681064
counter/10/0/0/0,16556:1747647662787:,1747647681064
counter/2/0/0/0,18894:1747647664927:,1747647681064
counter/10/0/0/0,16557:1747647662787:,1747647681065
counter/2/0/0/0,18895:1747647664927:,1747647681065
counter/10/0/0/0,16558:1747647662790:,1747647681065
counter/2/0/0/0,18896:1747647664927:,1747647681065
counter/10/0/0/0,16559:1747647662790:,1747647681065
counter/2/0/0/0,18897:1747647664927:,1747647681065
counter/10/0/0/0,16560:1747647662790:,1747647681065
counter/2/0/0/0,18898:1747647664927:,1747647681065
counter/10/0/0/0,16561:1747647662790:,1747647681065
counter/2/0/0/0,18899:1747647664933:,1747647681065
counter/10/0/0/0,16562:1747647662790:,1747647681065
counter/2/0/0/0,18900:1747647664933:,1747647681065
counter/10/0/0/0,16563:1747647662790:,1747647681065
counter/6/0/0/0,16617:1747647663643:,1747647681065
counter/4/0/0/0,16745:1747647664596:,1747647681065
counter/2/0/0/0,18901:1747647664933:,1747647681065
counter/10/0/0/0,16564:1747647662790:,1747647681065
counter/9/0/0/0,19522:1747647664886:,1747647681065
counter/8/0/0/0,17689:1747647663261:,1747647681065
counter/2/0/0/0,18902:1747647664953:,1747647681065
counter/10/0/0/0,16565:1747647662790:,1747647681065
counter/9/0/0/0,19523:1747647664886:,1747647681065
counter/2/0/0/0,18903:1747647664953:,1747647681065
counter/10/0/0/0,16566:1747647662791:,1747647681065
counter/9/0/0/0,19524:1747647664886:,1747647681065
counter/2/0/0/0,18904:1747647664953:,1747647681065
counter/10/0/0/0,16567:1747647662792:,1747647681065
counter/9/0/0/0,19525:1747647664886:,1747647681065
counter/2/0/0/0,18905:1747647664953:,1747647681065
counter/10/0/0/0,16568:1747647662792:,1747647681065
counter/9/0/0/0,19526:1747647664886:,1747647681065
counter/2/0/0/0,18906:1747647664953:,1747647681065
counter/10/0/0/0,16569:1747647662792:,1747647681065
counter/9/0/0/0,19527:1747647664886:,1747647681065
counter/2/0/0/0,18907:1747647664953:,1747647681065
counter/10/0/0/0,16570:1747647662792:,1747647681065
counter/9/0/0/0,19528:1747647664887:,1747647681065
counter/5/0/0/0,17686:1747647663722:,1747647681065
counter/7/0/0/0,16065:1747647662591:,1747647681065
counter/2/0/0/0,18908:1747647664953:,1747647681065
counter/10/0/0/0,16571:1747647662792:,1747647681065
counter/9/0/0/0,19529:1747647664887:,1747647681065
counter/3/0/0/0,17319:1747647664509:,1747647681065
counter/2/0/0/0,18909:1747647664953:,1747647681065
counter/10/0/0/0,16572:1747647662792:,1747647681066
counter/9/0/0/0,19530:1747647664887:,1747647681066
counter/1/0/0/0,17987:1747647664702:,1747647681066
counter/2/0/0/0,18910:1747647664953:,1747647681066
counter/10/0/0/0,16573:1747647662792:,1747647681066
counter/9/0/0/0,19531:1747647664889:,1747647681066
counter/1/0/0/0,17988:1747647664702:,1747647681066
counter/2/0/0/0,18911:1747647664953:,1747647681066
counter/10/0/0/0,16574:1747647662792:,1747647681066
counter/9/0/0/0,19532:1747647664889:,1747647681066
counter/1/0/0/0,17989:1747647664702:,1747647681066
counter/6/0/0/0,16618:1747647663643:,1747647681066
counter/3/0/0/0,17320:1747647664509:,1747647681066
counter/2/0/0/0,18912:1747647664958:,1747647681066
counter/10/0/0/0,16575:1747647662793:,1747647681066
counter/9/0/0/0,19533:1747647664889:,1747647681066
counter/1/0/0/0,17990:1747647664702:,1747647681066
counter/4/0/0/0,16746:1747647664596:,1747647681066
counter/2/0/0/0,18913:1747647664958:,1747647681066
counter/10/0/0/0,16576:1747647662793:,1747647681066
counter/9/0/0/0,19534:1747647664889:,1747647681066
counter/4/0/0/0,16747:1747647664596:,1747647681066
counter/2/0/0/0,18914:1747647664958:,1747647681066
counter/10/0/0/0,16577:1747647662793:,1747647681066
counter/9/0/0/0,19535:1747647664889:,1747647681066
counter/4/0/0/0,16748:1747647664596:,1747647681066
counter/2/0/0/0,18915:1747647664958:,1747647681066
counter/10/0/0/0,16578:1747647662793:,1747647681066
counter/9/0/0/0,19536:1747647664889:,1747647681066
counter/4/0/0/0,16749:1747647664598:,1747647681066
counter/2/0/0/0,18916:1747647664970:,1747647681066
counter/10/0/0/0,16579:1747647662793:,1747647681066
counter/9/0/0/0,19537:1747647664889:,1747647681066
counter/4/0/0/0,16750:1747647664598:,1747647681066
counter/2/0/0/0,18917:1747647664970:,1747647681066
counter/10/0/0/0,16580:1747647662793:,1747647681066
counter/9/0/0/0,19538:1747647664891:,1747647681066
counter/4/0/0/0,16751:1747647664598:,1747647681066
counter/2/0/0/0,18918:1747647664970:,1747647681066
counter/10/0/0/0,16581:1747647662793:,1747647681066
counter/9/0/0/0,19539:1747647664891:,1747647681066
counter/4/0/0/0,16752:1747647664598:,1747647681066
counter/2/0/0/0,18919:1747647664971:,1747647681066
counter/10/0/0/0,16582:1747647662793:,1747647681067
counter/9/0/0/0,19540:1747647664891:,1747647681067
counter/4/0/0/0,16753:1747647664599:,1747647681067
counter/8/0/0/0,17690:1747647663262:,1747647681067
counter/2/0/0/0,18920:1747647664971:,1747647681067
counter/10/0/0/0,16583:1747647662793:,1747647681067
counter/9/0/0/0,19541:1747647664891:,1747647681067
counter/4/0/0/0,16754:1747647664599:,1747647681067
counter/7/0/0/0,16066:1747647662592:,1747647681067
counter/5/0/0/0,17687:1747647663722:,1747647681067
counter/2/0/0/0,18921:1747647664971:,1747647681067
counter/10/0/0/0,16584:1747647662793:,1747647681067
counter/9/0/0/0,19542:1747647664892:,1747647681067
counter/4/0/0/0,16755:1747647664599:,1747647681067
counter/2/0/0/0,18922:1747647664971:,1747647681067
counter/10/0/0/0,16585:1747647662793:,1747647681067
counter/9/0/0/0,19543:1747647664892:,1747647681067
counter/4/0/0/0,16756:1747647664599:,1747647681067
counter/2/0/0/0,18923:1747647664976:,1747647681067
counter/10/0/0/0,16586:1747647662793:,1747647681067
counter/9/0/0/0,19544:1747647664892:,1747647681067
counter/4/0/0/0,16757:1747647664599:,1747647681067
counter/2/0/0/0,18924:1747647664976:,1747647681067
counter/10/0/0/0,16587:1747647662793:,1747647681067
counter/9/0/0/0,19545:1747647664892:,1747647681067
counter/4/0/0/0,16758:1747647664599:,1747647681067
counter/2/0/0/0,18925:1747647664976:,1747647681067
counter/10/0/0/0,16588:1747647662793:,1747647681067
counter/9/0/0/0,19546:1747647664892:,1747647681067
counter/4/0/0/0,16759:1747647664599:,1747647681067
counter/2/0/0/0,18926:1747647664976:,1747647681067
counter/10/0/0/0,16589:1747647662793:,1747647681067
counter/9/0/0/0,19547:1747647664892:,1747647681067
counter/4/0/0/0,16760:1747647664599:,1747647681067
counter/2/0/0/0,18927:1747647664976:,1747647681067
counter/10/0/0/0,16590:1747647662793:,1747647681067
counter/9/0/0/0,19548:1747647664892:,1747647681067
counter/4/0/0/0,16761:1747647664599:,1747647681067
counter/2/0/0/0,18928:1747647664976:,1747647681067
counter/10/0/0/0,16591:1747647662793:,1747647681067
counter/9/0/0/0,19549:1747647664892:,1747647681067
counter/4/0/0/0,16762:1747647664599:,1747647681067
counter/2/0/0/0,18929:1747647664979:,1747647681067
counter/10/0/0/0,16592:1747647662793:,1747647681067
counter/9/0/0/0,19550:1747647664892:,1747647681068
counter/4/0/0/0,16763:1747647664599:,1747647681068
counter/2/0/0/0,18930:1747647664979:,1747647681068
counter/10/0/0/0,16593:1747647662793:,1747647681068
counter/9/0/0/0,19551:1747647664892:,1747647681068
counter/4/0/0/0,16764:1747647664599:,1747647681068
counter/2/0/0/0,18931:1747647664979:,1747647681068
counter/10/0/0/0,16594:1747647662793:,1747647681068
counter/9/0/0/0,19552:1747647664892:,1747647681068
counter/4/0/0/0,16765:1747647664599:,1747647681068
counter/2/0/0/0,18932:1747647664979:,1747647681068
counter/10/0/0/0,16595:1747647662793:,1747647681068
counter/9/0/0/0,19553:1747647664892:,1747647681068
counter/4/0/0/0,16766:1747647664599:,1747647681068
counter/2/0/0/0,18933:1747647664979:,1747647681068
counter/10/0/0/0,16596:1747647662793:,1747647681068
counter/9/0/0/0,19554:1747647664892:,1747647681068
counter/4/0/0/0,16767:1747647664599:,1747647681068
counter/2/0/0/0,18934:1747647664979:,1747647681068
counter/10/0/0/0,16597:1747647662793:,1747647681068
counter/9/0/0/0,19555:1747647664892:,1747647681068
counter/4/0/0/0,16768:1747647664599:,1747647681068
counter/5/0/0/0,17688:1747647663722:,1747647681068
counter/6/0/0/0,16619:1747647663643:,1747647681068
counter/2/0/0/0,18935:1747647664979:,1747647681068
counter/10/0/0/0,16598:1747647662793:,1747647681068
counter/9/0/0/0,19556:1747647664898:,1747647681068
counter/4/0/0/0,16769:1747647664599:,1747647681068
counter/2/0/0/0,18936:1747647664979:,1747647681068
counter/10/0/0/0,16599:1747647662793:,1747647681068
counter/9/0/0/0,19557:1747647664898:,1747647681068
counter/4/0/0/0,16770:1747647664600:,1747647681068
counter/2/0/0/0,18937:1747647664979:,1747647681068
counter/10/0/0/0,16600:1747647662794:,1747647681068
counter/9/0/0/0,19558:1747647664898:,1747647681068
counter/4/0/0/0,16771:1747647664600:,1747647681068
counter/2/0/0/0,18938:1747647664979:,1747647681068
counter/10/0/0/0,16601:1747647662794:,1747647681068
counter/9/0/0/0,19559:1747647664898:,1747647681068
counter/4/0/0/0,16772:1747647664600:,1747647681068
counter/2/0/0/0,18939:1747647664979:,1747647681068
counter/10/0/0/0,16602:1747647662794:,1747647681068
counter/9/0/0/0,19560:1747647664898:,1747647681069
counter/4/0/0/0,16773:1747647664600:,1747647681069
counter/2/0/0/0,18940:1747647664979:,1747647681069
counter/10/0/0/0,16603:1747647662794:,1747647681069
counter/9/0/0/0,19561:1747647664898:,1747647681069
counter/4/0/0/0,16774:1747647664600:,1747647681069
counter/2/0/0/0,18941:1747647664980:,1747647681069
counter/10/0/0/0,16604:1747647662794:,1747647681069
counter/9/0/0/0,19562:1747647664898:,1747647681069
counter/4/0/0/0,16775:1747647664600:,1747647681069
counter/2/0/0/0,18942:1747647664985:,1747647681069
counter/10/0/0/0,16605:1747647662794:,1747647681069
counter/9/0/0/0,19563:1747647664898:,1747647681069
counter/4/0/0/0,16776:1747647664600:,1747647681069
counter/2/0/0/0,18943:1747647664985:,1747647681069
counter/10/0/0/0,16606:1747647662794:,1747647681069
counter/9/0/0/0,19564:1747647664898:,1747647681069
counter/4/0/0/0,16777:1747647664600:,1747647681069
counter/2/0/0/0,18944:1747647664985:,1747647681069
counter/10/0/0/0,16607:1747647662794:,1747647681069
counter/9/0/0/0,19565:1747647664903:,1747647681069
counter/4/0/0/0,16778:1747647664600:,1747647681069
counter/2/0/0/0,18945:1747647664985:,1747647681069
counter/10/0/0/0,16608:1747647662794:,1747647681069
counter/9/0/0/0,19566:1747647664903:,1747647681069
counter/4/0/0/0,16779:1747647664600:,1747647681069
counter/2/0/0/0,18946:1747647664985:,1747647681069
counter/10/0/0/0,16609:1747647662794:,1747647681069
counter/9/0/0/0,19567:1747647664903:,1747647681069
counter/4/0/0/0,16780:1747647664600:,1747647681069
counter/2/0/0/0,18947:1747647664988:,1747647681069
counter/10/0/0/0,16610:1747647662794:,1747647681069
counter/9/0/0/0,19568:1747647664903:,1747647681069
counter/4/0/0/0,16781:1747647664600:,1747647681069
counter/2/0/0/0,18948:1747647664989:,1747647681069
counter/10/0/0/0,16611:1747647662795:,1747647681069
counter/9/0/0/0,19569:1747647664903:,1747647681069
counter/4/0/0/0,16782:1747647664600:,1747647681069
counter/2/0/0/0,18949:1747647664989:,1747647681069
counter/10/0/0/0,16612:1747647662797:,1747647681069
counter/9/0/0/0,19570:1747647664903:,1747647681069
counter/4/0/0/0,16783:1747647664600:,1747647681069
counter/2/0/0/0,18950:1747647664989:,1747647681069
counter/10/0/0/0,16613:1747647662797:,1747647681069
counter/9/0/0/0,19571:1747647664903:,1747647681070
counter/4/0/0/0,16784:1747647664600:,1747647681070
counter/2/0/0/0,18951:1747647664990:,1747647681070
counter/10/0/0/0,16614:1747647662797:,1747647681070
counter/9/0/0/0,19572:1747647664903:,1747647681070
counter/4/0/0/0,16785:1747647664600:,1747647681070
counter/2/0/0/0,18952:1747647664990:,1747647681070
counter/10/0/0/0,16615:1747647662797:,1747647681070
counter/9/0/0/0,19573:1747647664903:,1747647681070
counter/4/0/0/0,16786:1747647664600:,1747647681070
counter/2/0/0/0,18953:1747647664990:,1747647681070
counter/10/0/0/0,16616:1747647662797:,1747647681070
counter/9/0/0/0,19574:1747647664903:,1747647681070
counter/4/0/0/0,16787:1747647664600:,1747647681070
counter/2/0/0/0,18954:1747647664990:,1747647681070
counter/10/0/0/0,16617:1747647662797:,1747647681070
counter/9/0/0/0,19575:1747647664903:,1747647681070
counter/4/0/0/0,16788:1747647664600:,1747647681070
counter/2/0/0/0,18955:1747647664990:,1747647681070
counter/10/0/0/0,16618:1747647662797:,1747647681070
counter/9/0/0/0,19576:1747647664903:,1747647681070
counter/4/0/0/0,16789:1747647664605:,1747647681070
counter/2/0/0/0,18956:1747647664990:,1747647681070
counter/10/0/0/0,16619:1747647662797:,1747647681070
counter/9/0/0/0,19577:1747647664903:,1747647681070
counter/4/0/0/0,16790:1747647664606:,1747647681070
counter/2/0/0/0,18957:1747647665009:,1747647681070
counter/10/0/0/0,16620:1747647662797:,1747647681070
counter/9/0/0/0,19578:1747647664903:,1747647681070
counter/4/0/0/0,16791:1747647664606:,1747647681070
counter/2/0/0/0,18958:1747647665009:,1747647681070
counter/10/0/0/0,16621:1747647662797:,1747647681070
counter/9/0/0/0,19579:1747647664903:,1747647681070
counter/4/0/0/0,16792:1747647664607:,1747647681070
counter/2/0/0/0,18959:1747647665009:,1747647681070
counter/10/0/0/0,16622:1747647662808:,1747647681070
counter/9/0/0/0,19580:1747647664903:,1747647681070
counter/4/0/0/0,16793:1747647664607:,1747647681070
counter/2/0/0/0,18960:1747647665009:,1747647681070
counter/10/0/0/0,16623:1747647662808:,1747647681070
counter/9/0/0/0,19581:1747647664906:,1747647681070
counter/4/0/0/0,16794:1747647664607:,1747647681071
counter/2/0/0/0,18961:1747647665009:,1747647681071
counter/10/0/0/0,16624:1747647662808:,1747647681071
counter/9/0/0/0,19582:1747647664906:,1747647681071
counter/4/0/0/0,16795:1747647664607:,1747647681071
counter/2/0/0/0,18962:1747647665009:,1747647681071
counter/10/0/0/0,16625:1747647662808:,1747647681071
counter/9/0/0/0,19583:1747647664906:,1747647681071
counter/4/0/0/0,16796:1747647664607:,1747647681071
counter/2/0/0/0,18963:1747647665009:,1747647681071
counter/10/0/0/0,16626:1747647662808:,1747647681071
counter/9/0/0/0,19584:1747647664906:,1747647681071
counter/4/0/0/0,16797:1747647664607:,1747647681071
counter/2/0/0/0,18964:1747647665009:,1747647681071
counter/10/0/0/0,16627:1747647662808:,1747647681071
counter/9/0/0/0,19585:1747647664906:,1747647681071
counter/4/0/0/0,16798:1747647664610:,1747647681071
counter/2/0/0/0,18965:1747647665009:,1747647681071
counter/10/0/0/0,16628:1747647662808:,1747647681071
counter/9/0/0/0,19586:1747647664906:,1747647681071
counter/4/0/0/0,16799:1747647664610:,1747647681071
counter/2/0/0/0,18966:1747647665009:,1747647681071
counter/10/0/0/0,16629:1747647662817:,1747647681071
counter/9/0/0/0,19587:1747647664906:,1747647681071
counter/4/0/0/0,16800:1747647664610:,1747647681071
counter/2/0/0/0,18967:1747647665009:,1747647681071
counter/10/0/0/0,16630:1747647662817:,1747647681071
counter/9/0/0/0,19588:1747647664906:,1747647681071
counter/4/0/0/0,16801:1747647664610:,1747647681071
counter/2/0/0/0,18968:1747647665009:,1747647681071
counter/10/0/0/0,16631:1747647662817:,1747647681071
counter/9/0/0/0,19589:1747647664907:,1747647681071
counter/4/0/0/0,16802:1747647664610:,1747647681071
counter/2/0/0/0,18969:1747647665023:,1747647681071
counter/10/0/0/0,16632:1747647662817:,1747647681071
counter/9/0/0/0,19590:1747647664907:,1747647681071
counter/4/0/0/0,16803:1747647664610:,1747647681071
counter/8/0/0/0,17691:1747647663262:,1747647681071
counter/3/0/0/0,17321:1747647664509:,1747647681071
counter/2/0/0/0,18970:1747647665028:,1747647681071
counter/10/0/0/0,16633:1747647662817:,1747647681071
counter/9/0/0/0,19591:1747647664907:,1747647681071
counter/4/0/0/0,16804:1747647664610:,1747647681071
counter/2/0/0/0,18971:1747647665028:,1747647681071
counter/10/0/0/0,16634:1747647662817:,1747647681072
counter/9/0/0/0,19592:1747647664907:,1747647681072
counter/4/0/0/0,16805:1747647664611:,1747647681072
counter/2/0/0/0,18972:1747647665028:,1747647681072
counter/10/0/0/0,16635:1747647662817:,1747647681072
counter/9/0/0/0,19593:1747647664907:,1747647681072
counter/4/0/0/0,16806:1747647664616:,1747647681072
counter/2/0/0/0,18973:1747647665028:,1747647681072
counter/10/0/0/0,16636:1747647662817:,1747647681072
counter/9/0/0/0,19594:1747647664907:,1747647681072
counter/4/0/0/0,16807:1747647664616:,1747647681072
counter/2/0/0/0,18974:1747647665028:,1747647681072
counter/10/0/0/0,16637:1747647662818:,1747647681072
counter/9/0/0/0,19595:1747647664907:,1747647681072
counter/4/0/0/0,16808:1747647664616:,1747647681072
counter/2/0/0/0,18975:1747647665044:,1747647681072
counter/10/0/0/0,16638:1747647662818:,1747647681072
counter/9/0/0/0,19596:1747647664907:,1747647681072
counter/4/0/0/0,16809:1747647664616:,1747647681072
counter/2/0/0/0,18976:1747647665044:,1747647681072
counter/10/0/0/0,16639:1747647662818:,1747647681072
counter/9/0/0/0,19597:1747647664907:,1747647681072
counter/4/0/0/0,16810:1747647664616:,1747647681072
counter/2/0/0/0,18977:1747647665044:,1747647681072
counter/10/0/0/0,16640:1747647662818:,1747647681072
counter/9/0/0/0,19598:1747647664907:,1747647681072
counter/4/0/0/0,16811:1747647664616:,1747647681072
counter/2/0/0/0,18978:1747647665044:,1747647681072
counter/10/0/0/0,16641:1747647662818:,1747647681072
counter/9/0/0/0,19599:1747647664907:,1747647681072
counter/4/0/0/0,16812:1747647664616:,1747647681072
counter/2/0/0/0,18979:1747647665044:,1747647681072
counter/10/0/0/0,16642:1747647662818:,1747647681072
counter/9/0/0/0,19600:1747647664907:,1747647681072
counter/4/0/0/0,16813:1747647664616:,1747647681072
counter/2/0/0/0,18980:1747647665044:,1747647681072
counter/10/0/0/0,16643:1747647662818:,1747647681072
counter/9/0/0/0,19601:1747647664908:,1747647681072
counter/4/0/0/0,16814:1747647664623:,1747647681072
counter/2/0/0/0,18981:1747647665054:,1747647681072
counter/10/0/0/0,16644:1747647662818:,1747647681072
counter/9/0/0/0,19602:1747647664908:,1747647681073
counter/4/0/0/0,16815:1747647664623:,1747647681073
counter/2/0/0/0,18982:1747647665054:,1747647681073
counter/10/0/0/0,16645:1747647662818:,1747647681073
counter/9/0/0/0,19603:1747647664912:,1747647681073
counter/4/0/0/0,16816:1747647664623:,1747647681073
counter/6/0/0/0,16620:1747647663643:,1747647681073
counter/3/0/0/0,17322:1747647664510:,1747647681073
counter/2/0/0/0,18983:1747647665054:,1747647681073
counter/10/0/0/0,16646:1747647662818:,1747647681073
counter/9/0/0/0,19604:1747647664912:,1747647681073
counter/4/0/0/0,16817:1747647664623:,1747647681073
counter/6/0/0/0,16621:1747647663643:,1747647681073
counter/7/0/0/0,16067:1747647662592:,1747647681073
counter/5/0/0/0,17689:1747647663722:,1747647681073
counter/2/0/0/0,18984:1747647665054:,1747647681073
counter/10/0/0/0,16647:1747647662818:,1747647681073
counter/9/0/0/0,19605:1747647664912:,1747647681073
counter/4/0/0/0,16818:1747647664623:,1747647681073
counter/2/0/0/0,18985:1747647665054:,1747647681073
counter/10/0/0/0,16648:1747647662818:,1747647681073
counter/9/0/0/0,19606:1747647664912:,1747647681073
counter/4/0/0/0,16819:1747647664623:,1747647681073
counter/7/0/0/0,16068:1747647662592:,1747647681073
counter/2/0/0/0,18986:1747647665054:,1747647681073
counter/10/0/0/0,16649:1747647662818:,1747647681073
counter/9/0/0/0,19607:1747647664912:,1747647681073
counter/4/0/0/0,16820:1747647664623:,1747647681073
counter/7/0/0/0,16069:1747647662592:,1747647681073
counter/1/0/0/0,17991:1747647664702:,1747647681073
counter/8/0/0/0,17692:1747647663262:,1747647681073
counter/2/0/0/0,18987:1747647665054:,1747647681073
counter/10/0/0/0,16650:1747647662818:,1747647681073
counter/9/0/0/0,19608:1747647664913:,1747647681073
counter/4/0/0/0,16821:1747647664623:,1747647681073
counter/3/0/0/0,17323:1747647664510:,1747647681073
counter/2/0/0/0,18988:1747647665054:,1747647681073
counter/10/0/0/0,16651:1747647662818:,1747647681073
counter/9/0/0/0,19609:1747647664913:,1747647681073
counter/4/0/0/0,16822:1747647664623:,1747647681073
counter/2/0/0/0,18989:1747647665054:,1747647681073
counter/10/0/0/0,16652:1747647662818:,1747647681073
counter/9/0/0/0,19610:1747647664914:,1747647681073
counter/4/0/0/0,16823:1747647664623:,1747647681073
counter/1/0/0/0,17992:1747647664702:,1747647681074
counter/2/0/0/0,18990:1747647665054:,1747647681074
counter/10/0/0/0,16653:1747647662818:,1747647681074
counter/9/0/0/0,19611:1747647664914:,1747647681074
counter/4/0/0/0,16824:1747647664623:,1747647681074
counter/6/0/0/0,16622:1747647663644:,1747647681074
counter/8/0/0/0,17693:1747647663262:,1747647681074
counter/2/0/0/0,18991:1747647665055:,1747647681074
counter/10/0/0/0,16654:1747647662818:,1747647681074
counter/9/0/0/0,19612:1747647664914:,1747647681074
counter/4/0/0/0,16825:1747647664623:,1747647681074
counter/6/0/0/0,16623:1747647663644:,1747647681074
counter/2/0/0/0,18992:1747647665055:,1747647681074
counter/10/0/0/0,16655:1747647662818:,1747647681074
counter/9/0/0/0,19613:1747647664914:,1747647681074
counter/4/0/0/0,16826:1747647664623:,1747647681074
counter/7/0/0/0,16070:1747647662592:,1747647681074
counter/1/0/0/0,17993:1747647664702:,1747647681074
counter/8/0/0/0,17694:1747647663262:,1747647681074
counter/2/0/0/0,18993:1747647665056:,1747647681074
counter/10/0/0/0,16656:1747647662818:,1747647681074
counter/9/0/0/0,19614:1747647664914:,1747647681074
counter/4/0/0/0,16827:1747647664623:,1747647681074
counter/7/0/0/0,16071:1747647662592:,1747647681074
counter/6/0/0/0,16624:1747647663644:,1747647681074
counter/2/0/0/0,18994:1747647665056:,1747647681074
counter/10/0/0/0,16657:1747647662818:,1747647681074
counter/9/0/0/0,19615:1747647664914:,1747647681074
counter/4/0/0/0,16828:1747647664623:,1747647681074
counter/2/0/0/0,18995:1747647665056:,1747647681074
counter/10/0/0/0,16658:1747647662818:,1747647681074
counter/9/0/0/0,19616:1747647664915:,1747647681074
counter/4/0/0/0,16829:1747647664623:,1747647681074
counter/2/0/0/0,18996:1747647665056:,1747647681074
counter/10/0/0/0,16659:1747647662818:,1747647681074
counter/9/0/0/0,19617:1747647664915:,1747647681074
counter/4/0/0/0,16830:1747647664624:,1747647681074
counter/2/0/0/0,18997:1747647665056:,1747647681074
counter/10/0/0/0,16660:1747647662818:,1747647681074
counter/9/0/0/0,19618:1747647664917:,1747647681074
counter/4/0/0/0,16831:1747647664624:,1747647681074
counter/1/0/0/0,17994:1747647664702:,1747647681074
counter/2/0/0/0,18998:1747647665056:,1747647681074
counter/10/0/0/0,16661:1747647662819:,1747647681074
counter/9/0/0/0,19619:1747647664919:,1747647681075
counter/4/0/0/0,16832:1747647664624:,1747647681075
counter/8/0/0/0,17695:1747647663262:,1747647681075
counter/2/0/0/0,18999:1747647665057:,1747647681075
counter/10/0/0/0,16662:1747647662819:,1747647681075
counter/9/0/0/0,19620:1747647664919:,1747647681075
counter/4/0/0/0,16833:1747647664624:,1747647681075
counter/7/0/0/0,16072:1747647662593:,1747647681075
counter/2/0/0/0,19000:1747647665057:,1747647681075
counter/10/0/0/0,16663:1747647662819:,1747647681075
counter/9/0/0/0,19621:1747647664919:,1747647681075
counter/4/0/0/0,16834:1747647664624:,1747647681075
counter/6/0/0/0,16625:1747647663644:,1747647681075
counter/2/0/0/0,19001:1747647665057:,1747647681075
counter/10/0/0/0,16664:1747647662819:,1747647681075
counter/9/0/0/0,19622:1747647664919:,1747647681075
counter/4/0/0/0,16835:1747647664624:,1747647681075
counter/6/0/0/0,16626:1747647663644:,1747647681075
counter/3/0/0/0,17324:1747647664510:,1747647681075
counter/2/0/0/0,19002:1747647665057:,1747647681075
counter/10/0/0/0,16665:1747647662819:,1747647681075
counter/9/0/0/0,19623:1747647664919:,1747647681075
counter/4/0/0/0,16836:1747647664624:,1747647681075
counter/2/0/0/0,19003:1747647665057:,1747647681075
counter/10/0/0/0,16666:1747647662819:,1747647681075
counter/9/0/0/0,19624:1747647664922:,1747647681075
counter/4/0/0/0,16837:1747647664624:,1747647681075
counter/2/0/0/0,19004:1747647665058:,1747647681075
counter/10/0/0/0,16667:1747647662819:,1747647681075
counter/9/0/0/0,19625:1747647664922:,1747647681075
counter/4/0/0/0,16838:1747647664624:,1747647681075
counter/2/0/0/0,19005:1747647665058:,1747647681075
counter/10/0/0/0,16668:1747647662819:,1747647681075
counter/9/0/0/0,19626:1747647664922:,1747647681075
counter/4/0/0/0,16839:1747647664624:,1747647681075
counter/2/0/0/0,19006:1747647665062:,1747647681075
counter/10/0/0/0,16669:1747647662819:,1747647681075
counter/9/0/0/0,19627:1747647664922:,1747647681075
counter/4/0/0/0,16840:1747647664624:,1747647681075
counter/2/0/0/0,19007:1747647665063:,1747647681075
counter/10/0/0/0,16670:1747647662819:,1747647681075
counter/9/0/0/0,19628:1747647664922:,1747647681076
counter/4/0/0/0,16841:1747647664624:,1747647681076
counter/2/0/0/0,19008:1747647665063:,1747647681076
counter/10/0/0/0,16671:1747647662819:,1747647681076
counter/9/0/0/0,19629:1747647664924:,1747647681076
counter/4/0/0/0,16842:1747647664624:,1747647681076
counter/2/0/0/0,19009:1747647665063:,1747647681076
counter/10/0/0/0,16672:1747647662819:,1747647681076
counter/9/0/0/0,19630:1747647664929:,1747647681076
counter/4/0/0/0,16843:1747647664624:,1747647681076
counter/7/0/0/0,16073:1747647662593:,1747647681076
counter/2/0/0/0,19010:1747647665063:,1747647681076
counter/10/0/0/0,16673:1747647662819:,1747647681076
counter/9/0/0/0,19631:1747647664930:,1747647681076
counter/4/0/0/0,16844:1747647664633:,1747647681076
counter/2/0/0/0,19011:1747647665063:,1747647681076
counter/10/0/0/0,16674:1747647662819:,1747647681076
counter/9/0/0/0,19632:1747647664930:,1747647681076
counter/4/0/0/0,16845:1747647664633:,1747647681076
counter/2/0/0/0,19012:1747647665063:,1747647681076
counter/10/0/0/0,16675:1747647662819:,1747647681076
counter/9/0/0/0,19633:1747647664930:,1747647681076
counter/4/0/0/0,16846:1747647664633:,1747647681076
counter/6/0/0/0,16627:1747647663644:,1747647681076
counter/2/0/0/0,19013:1747647665063:,1747647681076
counter/10/0/0/0,16676:1747647662819:,1747647681076
counter/9/0/0/0,19634:1747647664930:,1747647681076
counter/4/0/0/0,16847:1747647664635:,1747647681076
counter/3/0/0/0,17325:1747647664510:,1747647681076
counter/8/0/0/0,17696:1747647663264:,1747647681076
counter/2/0/0/0,19014:1747647665063:,1747647681076
counter/10/0/0/0,16677:1747647662819:,1747647681076
counter/9/0/0/0,19635:1747647664931:,1747647681076
counter/4/0/0/0,16848:1747647664635:,1747647681076
counter/8/0/0/0,17697:1747647663264:,1747647681076
counter/2/0/0/0,19015:1747647665063:,1747647681076
counter/10/0/0/0,16678:1747647662819:,1747647681076
counter/9/0/0/0,19636:1747647664931:,1747647681076
counter/4/0/0/0,16849:1747647664635:,1747647681076
counter/8/0/0/0,17698:1747647663273:,1747647681076
counter/2/0/0/0,19016:1747647665063:,1747647681076
counter/10/0/0/0,16679:1747647662819:,1747647681076
counter/9/0/0/0,19637:1747647664931:,1747647681076
counter/4/0/0/0,16850:1747647664635:,1747647681076
counter/8/0/0/0,17699:1747647663273:,1747647681076
counter/2/0/0/0,19017:1747647665085:,1747647681077
counter/10/0/0/0,16680:1747647662823:,1747647681077
counter/9/0/0/0,19638:1747647664931:,1747647681077
counter/4/0/0/0,16851:1747647664639:,1747647681077
counter/8/0/0/0,17700:1747647663273:,1747647681077
counter/2/0/0/0,19018:1747647665085:,1747647681077
counter/10/0/0/0,16681:1747647662823:,1747647681077
counter/9/0/0/0,19639:1747647664931:,1747647681077
counter/4/0/0/0,16852:1747647664639:,1747647681077
counter/8/0/0/0,17701:1747647663273:,1747647681077
counter/2/0/0/0,19019:1747647665085:,1747647681077
counter/10/0/0/0,16682:1747647662823:,1747647681077
counter/9/0/0/0,19640:1747647664931:,1747647681077
counter/4/0/0/0,16853:1747647664639:,1747647681077
counter/8/0/0/0,17702:1747647663273:,1747647681077
counter/6/0/0/0,16628:1747647663644:,1747647681077
counter/2/0/0/0,19020:1747647665085:,1747647681077
counter/10/0/0/0,16683:1747647662823:,1747647681077
counter/9/0/0/0,19641:1747647664931:,1747647681077
counter/4/0/0/0,16854:1747647664639:,1747647681077
counter/8/0/0/0,17703:1747647663286:,1747647681077
counter/2/0/0/0,19021:1747647665085:,1747647681077
counter/10/0/0/0,16684:1747647662823:,1747647681077
counter/9/0/0/0,19642:1747647664931:,1747647681077
counter/4/0/0/0,16855:1747647664639:,1747647681077
counter/8/0/0/0,17704:1747647663286:,1747647681077
counter/5/0/0/0,17690:1747647663722:,1747647681077
counter/1/0/0/0,17995:1747647664702:,1747647681077
counter/2/0/0/0,19022:1747647665085:,1747647681077
counter/10/0/0/0,16685:1747647662823:,1747647681077
counter/9/0/0/0,19643:1747647664931:,1747647681077
counter/4/0/0/0,16856:1747647664639:,1747647681077
counter/8/0/0/0,17705:1747647663286:,1747647681077
counter/6/0/0/0,16629:1747647663644:,1747647681077
counter/2/0/0/0,19023:1747647665085:,1747647681077
counter/10/0/0/0,16686:1747647662823:,1747647681077
counter/9/0/0/0,19644:1747647664931:,1747647681077
counter/4/0/0/0,16857:1747647664639:,1747647681077
counter/8/0/0/0,17706:1747647663286:,1747647681077
counter/6/0/0/0,16630:1747647663645:,1747647681077
counter/7/0/0/0,16074:1747647662593:,1747647681078
counter/2/0/0/0,19024:1747647665085:,1747647681078
counter/10/0/0/0,16687:1747647662823:,1747647681078
counter/9/0/0/0,19645:1747647664931:,1747647681078
counter/4/0/0/0,16858:1747647664639:,1747647681078
counter/8/0/0/0,17707:1747647663286:,1747647681078
counter/6/0/0/0,16631:1747647663645:,1747647681078
counter/5/0/0/0,17691:1747647663722:,1747647681078
counter/1/0/0/0,17996:1747647664702:,1747647681078
counter/2/0/0/0,19025:1747647665085:,1747647681078
counter/10/0/0/0,16688:1747647662824:,1747647681078
counter/9/0/0/0,19646:1747647664931:,1747647681078
counter/4/0/0/0,16859:1747647664639:,1747647681078
counter/8/0/0/0,17708:1747647663286:,1747647681078
counter/6/0/0/0,16632:1747647663645:,1747647681078
counter/5/0/0/0,17692:1747647663722:,1747647681078
counter/7/0/0/0,16075:1747647662593:,1747647681078
counter/2/0/0/0,19026:1747647665085:,1747647681078
counter/10/0/0/0,16689:1747647662824:,1747647681078
counter/9/0/0/0,19647:1747647664931:,1747647681078
counter/4/0/0/0,16860:1747647664639:,1747647681078
counter/8/0/0/0,17709:1747647663286:,1747647681078
counter/6/0/0/0,16633:1747647663645:,1747647681078
counter/2/0/0/0,19027:1747647665086:,1747647681078
counter/10/0/0/0,16690:1747647662824:,1747647681078
counter/9/0/0/0,19648:1747647664931:,1747647681078
counter/4/0/0/0,16861:1747647664639:,1747647681078
counter/8/0/0/0,17710:1747647663286:,1747647681078
counter/6/0/0/0,16634:1747647663645:,1747647681078
counter/2/0/0/0,19028:1747647665086:,1747647681078
counter/10/0/0/0,16691:1747647662824:,1747647681078
counter/9/0/0/0,19649:1747647664931:,1747647681078
counter/4/0/0/0,16862:1747647664639:,1747647681078
counter/8/0/0/0,17711:1747647663288:,1747647681078
counter/6/0/0/0,16635:1747647663645:,1747647681078
counter/5/0/0/0,17693:1747647663722:,1747647681078
counter/1/0/0/0,17997:1747647664702:,1747647681078
counter/2/0/0/0,19029:1747647665086:,1747647681078
counter/10/0/0/0,16692:1747647662824:,1747647681078
counter/9/0/0/0,19650:1747647664931:,1747647681078
counter/4/0/0/0,16863:1747647664639:,1747647681078
counter/8/0/0/0,17712:1747647663288:,1747647681078
counter/6/0/0/0,16636:1747647663645:,1747647681078
counter/3/0/0/0,17326:1747647664510:,1747647681078
counter/2/0/0/0,19030:1747647665086:,1747647681078
counter/10/0/0/0,16693:1747647662824:,1747647681079
counter/9/0/0/0,19651:1747647664931:,1747647681079
counter/4/0/0/0,16864:1747647664639:,1747647681079
counter/8/0/0/0,17713:1747647663288:,1747647681079
counter/6/0/0/0,16637:1747647663648:,1747647681079
counter/7/0/0/0,16076:1747647662594:,1747647681079
counter/1/0/0/0,17998:1747647664708:,1747647681079
counter/2/0/0/0,19031:1747647665091:,1747647681079
counter/10/0/0/0,16694:1747647662838:,1747647681079
counter/9/0/0/0,19652:1747647664931:,1747647681079
counter/4/0/0/0,16865:1747647664639:,1747647681079
counter/8/0/0/0,17714:1747647663288:,1747647681079
counter/6/0/0/0,16638:1747647663648:,1747647681079
counter/7/0/0/0,16077:1747647662594:,1747647681079
counter/2/0/0/0,19032:1747647665092:,1747647681079
counter/10/0/0/0,16695:1747647662838:,1747647681079
counter/9/0/0/0,19653:1747647664931:,1747647681079
counter/4/0/0/0,16866:1747647664643:,1747647681079
counter/8/0/0/0,17715:1747647663304:,1747647681079
counter/6/0/0/0,16639:1747647663648:,1747647681079
counter/7/0/0/0,16078:1747647662594:,1747647681079
counter/2/0/0/0,19033:1747647665092:,1747647681079
counter/10/0/0/0,16696:1747647662838:,1747647681079
counter/9/0/0/0,19654:1747647664931:,1747647681079
counter/4/0/0/0,16867:1747647664645:,1747647681079
counter/8/0/0/0,17716:1747647663304:,1747647681079
counter/6/0/0/0,16640:1747647663649:,1747647681079
counter/7/0/0/0,16079:1747647662594:,1747647681079
counter/2/0/0/0,19034:1747647665092:,1747647681079
counter/10/0/0/0,16697:1747647662838:,1747647681079
counter/9/0/0/0,19655:1747647664931:,1747647681079
counter/4/0/0/0,16868:1747647664645:,1747647681079
counter/8/0/0/0,17717:1747647663304:,1747647681079
counter/6/0/0/0,16641:1747647663649:,1747647681079
counter/7/0/0/0,16080:1747647662594:,1747647681079
counter/2/0/0/0,19035:1747647665092:,1747647681079
counter/10/0/0/0,16698:1747647662839:,1747647681079
counter/9/0/0/0,19656:1747647664931:,1747647681079
counter/4/0/0/0,16869:1747647664645:,1747647681079
counter/8/0/0/0,17718:1747647663304:,1747647681079
counter/7/0/0/0,16081:1747647662594:,1747647681080
counter/2/0/0/0,19036:1747647665092:,1747647681080
counter/10/0/0/0,16699:1747647662839:,1747647681080
counter/9/0/0/0,19657:1747647664931:,1747647681080
counter/4/0/0/0,16870:1747647664645:,1747647681080
counter/8/0/0/0,17719:1747647663304:,1747647681080
counter/7/0/0/0,16082:1747647662594:,1747647681080
counter/2/0/0/0,19037:1747647665092:,1747647681080
counter/10/0/0/0,16700:1747647662839:,1747647681080
counter/9/0/0/0,19658:1747647664931:,1747647681080
counter/4/0/0/0,16871:1747647664645:,1747647681080
counter/8/0/0/0,17720:1747647663304:,1747647681080
counter/7/0/0/0,16083:1747647662594:,1747647681080
counter/2/0/0/0,19038:1747647665096:,1747647681080
counter/10/0/0/0,16701:1747647662839:,1747647681080
counter/9/0/0/0,19659:1747647664931:,1747647681080
counter/8/0/0/0,17721:1747647663304:,1747647681080
counter/7/0/0/0,16084:1747647662594:,1747647681080
counter/2/0/0/0,19039:1747647665096:,1747647681080
counter/10/0/0/0,16702:1747647662839:,1747647681080
counter/9/0/0/0,19660:1747647664931:,1747647681080
counter/7/0/0/0,16085:1747647662594:,1747647681080
counter/2/0/0/0,19040:1747647665096:,1747647681080
counter/10/0/0/0,16703:1747647662839:,1747647681080
counter/9/0/0/0,19661:1747647664934:,1747647681080
counter/7/0/0/0,16086:1747647662594:,1747647681080
counter/6/0/0/0,16642:1747647663649:,1747647681080
counter/1/0/0/0,17999:1747647664708:,1747647681080
counter/2/0/0/0,19041:1747647665096:,1747647681080
counter/10/0/0/0,16704:1747647662839:,1747647681080
counter/9/0/0/0,19662:1747647664938:,1747647681080
counter/7/0/0/0,16087:1747647662594:,1747647681080
counter/6/0/0/0,16643:1747647663649:,1747647681080
counter/8/0/0/0,17722:1747647663304:,1747647681080
counter/4/0/0/0,16872:1747647664645:,1747647681080
counter/2/0/0/0,19042:1747647665096:,1747647681080
counter/10/0/0/0,16705:1747647662839:,1747647681080
counter/9/0/0/0,19663:1747647664938:,1747647681080
counter/7/0/0/0,16088:1747647662594:,1747647681080
counter/2/0/0/0,19043:1747647665096:,1747647681080
counter/10/0/0/0,16706:1747647662839:,1747647681080
counter/9/0/0/0,19664:1747647664938:,1747647681080
counter/7/0/0/0,16089:1747647662594:,1747647681080
counter/2/0/0/0,19044:1747647665098:,1747647681080
counter/10/0/0/0,16707:1747647662839:,1747647681080
counter/9/0/0/0,19665:1747647664938:,1747647681081
counter/7/0/0/0,16090:1747647662594:,1747647681081
counter/2/0/0/0,19045:1747647665098:,1747647681081
counter/10/0/0/0,16708:1747647662839:,1747647681081
counter/9/0/0/0,19666:1747647664938:,1747647681081
counter/7/0/0/0,16091:1747647662594:,1747647681081
counter/5/0/0/0,17694:1747647663722:,1747647681081
counter/2/0/0/0,19046:1747647665098:,1747647681081
counter/10/0/0/0,16709:1747647662839:,1747647681081
counter/9/0/0/0,19667:1747647664938:,1747647681081
counter/7/0/0/0,16092:1747647662594:,1747647681081
counter/2/0/0/0,19047:1747647665098:,1747647681081
counter/10/0/0/0,16710:1747647662839:,1747647681081
counter/9/0/0/0,19668:1747647664938:,1747647681081
counter/7/0/0/0,16093:1747647662594:,1747647681081
counter/2/0/0/0,19048:1747647665098:,1747647681081
counter/10/0/0/0,16711:1747647662839:,1747647681081
counter/9/0/0/0,19669:1747647664938:,1747647681081
counter/7/0/0/0,16094:1747647662594:,1747647681081
counter/2/0/0/0,19049:1747647665098:,1747647681081
counter/10/0/0/0,16712:1747647662839:,1747647681081
counter/9/0/0/0,19670:1747647664939:,1747647681081
counter/7/0/0/0,16095:1747647662594:,1747647681081
counter/2/0/0/0,19050:1747647665098:,1747647681081
counter/10/0/0/0,16713:1747647662839:,1747647681081
counter/9/0/0/0,19671:1747647664939:,1747647681081
counter/7/0/0/0,16096:1747647662604:,1747647681081
counter/2/0/0/0,19051:1747647665098:,1747647681081
counter/10/0/0/0,16714:1747647662839:,1747647681081
counter/9/0/0/0,19672:1747647664939:,1747647681081
counter/7/0/0/0,16097:1747647662604:,1747647681081
counter/2/0/0/0,19052:1747647665108:,1747647681081
counter/10/0/0/0,16715:1747647662839:,1747647681081
counter/9/0/0/0,19673:1747647664939:,1747647681081
counter/7/0/0/0,16098:1747647662604:,1747647681081
counter/2/0/0/0,19053:1747647665108:,1747647681081
counter/10/0/0/0,16716:1747647662839:,1747647681081
counter/9/0/0/0,19674:1747647664939:,1747647681081
counter/7/0/0/0,16099:1747647662604:,1747647681081
counter/2/0/0/0,19054:1747647665108:,1747647681081
counter/10/0/0/0,16717:1747647662839:,1747647681081
counter/9/0/0/0,19675:1747647664939:,1747647681081
counter/7/0/0/0,16100:1747647662605:,1747647681081
counter/2/0/0/0,19055:1747647665108:,1747647681082
counter/10/0/0/0,16718:1747647662839:,1747647681082
counter/9/0/0/0,19676:1747647664939:,1747647681082
counter/7/0/0/0,16101:1747647662605:,1747647681082
counter/2/0/0/0,19056:1747647665108:,1747647681082
counter/10/0/0/0,16719:1747647662839:,1747647681082
counter/9/0/0/0,19677:1747647664939:,1747647681082
counter/7/0/0/0,16102:1747647662605:,1747647681082
counter/2/0/0/0,19057:1747647665108:,1747647681082
counter/10/0/0/0,16720:1747647662841:,1747647681082
counter/9/0/0/0,19678:1747647664939:,1747647681082
counter/7/0/0/0,16103:1747647662605:,1747647681082
counter/5/0/0/0,17695:1747647663722:,1747647681082
counter/2/0/0/0,19058:1747647665108:,1747647681082
counter/10/0/0/0,16721:1747647662841:,1747647681082
counter/9/0/0/0,19679:1747647664939:,1747647681082
counter/7/0/0/0,16104:1747647662605:,1747647681082
counter/1/0/0/0,18000:1747647664708:,1747647681082
counter/6/0/0/0,16644:1747647663649:,1747647681082
counter/4/0/0/0,16873:1747647664645:,1747647681082
counter/2/0/0/0,19059:1747647665108:,1747647681082
counter/10/0/0/0,16722:1747647662841:,1747647681082
counter/9/0/0/0,19680:1747647664939:,1747647681082
counter/7/0/0/0,16105:1747647662605:,1747647681082
counter/6/0/0/0,16645:1747647663649:,1747647681082
counter/3/0/0/0,17327:1747647664510:,1747647681082
counter/2/0/0/0,19060:1747647665108:,1747647681082
counter/10/0/0/0,16723:1747647662841:,1747647681082
counter/9/0/0/0,19681:1747647664943:,1747647681082
counter/7/0/0/0,16106:1747647662605:,1747647681082
counter/2/0/0/0,19061:1747647665108:,1747647681082
counter/10/0/0/0,16724:1747647662841:,1747647681082
counter/9/0/0/0,19682:1747647664943:,1747647681082
counter/7/0/0/0,16107:1747647662606:,1747647681082
counter/2/0/0/0,19062:1747647665108:,1747647681082
counter/10/0/0/0,16725:1747647662851:,1747647681082
counter/9/0/0/0,19683:1747647664943:,1747647681082
counter/7/0/0/0,16108:1747647662606:,1747647681082
counter/2/0/0/0,19063:1747647665108:,1747647681082
counter/10/0/0/0,16726:1747647662851:,1747647681082
counter/9/0/0/0,19684:1747647664943:,1747647681082
counter/7/0/0/0,16109:1747647662609:,1747647681083
counter/2/0/0/0,19064:1747647665108:,1747647681083
counter/10/0/0/0,16727:1747647662851:,1747647681083
counter/9/0/0/0,19685:1747647664943:,1747647681083
counter/7/0/0/0,16110:1747647662609:,1747647681083
counter/2/0/0/0,19065:1747647665108:,1747647681083
counter/10/0/0/0,16728:1747647662851:,1747647681083
counter/9/0/0/0,19686:1747647664943:,1747647681083
counter/7/0/0/0,16111:1747647662609:,1747647681083
counter/2/0/0/0,19066:1747647665108:,1747647681083
counter/10/0/0/0,16729:1747647662851:,1747647681083
counter/9/0/0/0,19687:1747647664943:,1747647681083
counter/7/0/0/0,16112:1747647662609:,1747647681083
counter/2/0/0/0,19067:1747647665108:,1747647681083
counter/10/0/0/0,16730:1747647662851:,1747647681083
counter/9/0/0/0,19688:1747647664943:,1747647681083
counter/7/0/0/0,16113:1747647662609:,1747647681083
counter/2/0/0/0,19068:1747647665109:,1747647681083
counter/10/0/0/0,16731:1747647662851:,1747647681083
counter/9/0/0/0,19689:1747647664943:,1747647681083
counter/7/0/0/0,16114:1747647662609:,1747647681083
counter/2/0/0/0,19069:1747647665111:,1747647681083
counter/10/0/0/0,16732:1747647662851:,1747647681083
counter/9/0/0/0,19690:1747647664943:,1747647681083
counter/7/0/0/0,16115:1747647662609:,1747647681083
counter/6/0/0/0,16646:1747647663649:,1747647681083
counter/5/0/0/0,17696:1747647663722:,1747647681083
counter/1/0/0/0,18001:1747647664708:,1747647681083
counter/8/0/0/0,17723:1747647663304:,1747647681083
counter/2/0/0/0,19070:1747647665112:,1747647681083
counter/10/0/0/0,16733:1747647662851:,1747647681083
counter/9/0/0/0,19691:1747647664943:,1747647681083
counter/7/0/0/0,16116:1747647662609:,1747647681083
counter/4/0/0/0,16874:1747647664645:,1747647681083
counter/3/0/0/0,17328:1747647664510:,1747647681083
counter/2/0/0/0,19071:1747647665112:,1747647681083
counter/10/0/0/0,16734:1747647662851:,1747647681083
counter/9/0/0/0,19692:1747647664943:,1747647681083
counter/7/0/0/0,16117:1747647662609:,1747647681083
counter/2/0/0/0,19072:1747647665112:,1747647681083
counter/10/0/0/0,16735:1747647662851:,1747647681083
counter/9/0/0/0,19693:1747647664943:,1747647681083
counter/7/0/0/0,16118:1747647662609:,1747647681084
counter/2/0/0/0,19073:1747647665123:,1747647681084
counter/10/0/0/0,16736:1747647662851:,1747647681084
counter/9/0/0/0,19694:1747647664943:,1747647681084
counter/7/0/0/0,16119:1747647662609:,1747647681084
counter/2/0/0/0,19074:1747647665123:,1747647681084
counter/10/0/0/0,16737:1747647662851:,1747647681084
counter/9/0/0/0,19695:1747647664943:,1747647681084
counter/7/0/0/0,16120:1747647662610:,1747647681084
counter/2/0/0/0,19075:1747647665123:,1747647681084
counter/10/0/0/0,16738:1747647662851:,1747647681084
counter/9/0/0/0,19696:1747647664943:,1747647681084
counter/7/0/0/0,16121:1747647662610:,1747647681084
counter/4/0/0/0,16875:1747647664645:,1747647681084
counter/2/0/0/0,19076:1747647665123:,1747647681084
counter/10/0/0/0,16739:1747647662854:,1747647681084
counter/9/0/0/0,19697:1747647664943:,1747647681084
counter/7/0/0/0,16122:1747647662610:,1747647681084
counter/2/0/0/0,19077:1747647665123:,1747647681084
counter/10/0/0/0,16740:1747647662864:,1747647681084
counter/9/0/0/0,19698:1747647664943:,1747647681084
counter/7/0/0/0,16123:1747647662610:,1747647681084
counter/2/0/0/0,19078:1747647665123:,1747647681084
counter/10/0/0/0,16741:1747647662864:,1747647681084
counter/9/0/0/0,19699:1747647664944:,1747647681084
counter/7/0/0/0,16124:1747647662610:,1747647681084
counter/2/0/0/0,19079:1747647665123:,1747647681084
counter/10/0/0/0,16742:1747647662864:,1747647681084
counter/9/0/0/0,19700:1747647664944:,1747647681084
counter/7/0/0/0,16125:1747647662610:,1747647681084
counter/2/0/0/0,19080:1747647665123:,1747647681084
counter/10/0/0/0,16743:1747647662865:,1747647681084
counter/9/0/0/0,19701:1747647664944:,1747647681084
counter/7/0/0/0,16126:1747647662610:,1747647681084
counter/2/0/0/0,19081:1747647665139:,1747647681084
counter/10/0/0/0,16744:1747647662865:,1747647681084
counter/9/0/0/0,19702:1747647664944:,1747647681084
counter/7/0/0/0,16127:1747647662613:,1747647681084
counter/2/0/0/0,19082:1747647665139:,1747647681084
counter/10/0/0/0,16745:1747647662865:,1747647681084
counter/9/0/0/0,19703:1747647664944:,1747647681084
counter/7/0/0/0,16128:1747647662613:,1747647681084
counter/2/0/0/0,19083:1747647665139:,1747647681085
counter/10/0/0/0,16746:1747647662865:,1747647681085
counter/9/0/0/0,19704:1747647664944:,1747647681085
counter/7/0/0/0,16129:1747647662614:,1747647681085
counter/2/0/0/0,19084:1747647665139:,1747647681085
counter/10/0/0/0,16747:1747647662865:,1747647681085
counter/9/0/0/0,19705:1747647664944:,1747647681085
counter/7/0/0/0,16130:1747647662616:,1747647681085
counter/2/0/0/0,19085:1747647665140:,1747647681085
counter/10/0/0/0,16748:1747647662865:,1747647681085
counter/9/0/0/0,19706:1747647664944:,1747647681085
counter/7/0/0/0,16131:1747647662616:,1747647681085
counter/2/0/0/0,19086:1747647665140:,1747647681085
counter/10/0/0/0,16749:1747647662872:,1747647681085
counter/9/0/0/0,19707:1747647664944:,1747647681085
counter/7/0/0/0,16132:1747647662616:,1747647681085
counter/2/0/0/0,19087:1747647665149:,1747647681085
counter/10/0/0/0,16750:1747647662872:,1747647681085
counter/9/0/0/0,19708:1747647664944:,1747647681085
counter/7/0/0/0,16133:1747647662616:,1747647681085
counter/2/0/0/0,19088:1747647665149:,1747647681085
counter/10/0/0/0,16751:1747647662872:,1747647681085
counter/9/0/0/0,19709:1747647664944:,1747647681085
counter/7/0/0/0,16134:1747647662616:,1747647681085
counter/2/0/0/0,19089:1747647665149:,1747647681085
counter/10/0/0/0,16752:1747647662872:,1747647681085
counter/9/0/0/0,19710:1747647664955:,1747647681085
counter/7/0/0/0,16135:1747647662616:,1747647681085
counter/2/0/0/0,19090:1747647665149:,1747647681085
counter/10/0/0/0,16753:1747647662872:,1747647681085
counter/9/0/0/0,19711:1747647664955:,1747647681085
counter/7/0/0/0,16136:1747647662617:,1747647681085
counter/2/0/0/0,19091:1747647665149:,1747647681085
counter/10/0/0/0,16754:1747647662872:,1747647681085
counter/9/0/0/0,19712:1747647664955:,1747647681085
counter/7/0/0/0,16137:1747647662617:,1747647681085
counter/2/0/0/0,19092:1747647665149:,1747647681085
counter/10/0/0/0,16755:1747647662872:,1747647681085
counter/9/0/0/0,19713:1747647664955:,1747647681085
counter/2/0/0/0,19093:1747647665149:,1747647681085
counter/10/0/0/0,16756:1747647662872:,1747647681085
counter/9/0/0/0,19714:1747647664955:,1747647681085
counter/2/0/0/0,19094:1747647665149:,1747647681085
counter/10/0/0/0,16757:1747647662872:,1747647681085
counter/9/0/0/0,19715:1747647664955:,1747647681085
counter/2/0/0/0,19095:1747647665149:,1747647681086
counter/10/0/0/0,16758:1747647662872:,1747647681086
counter/9/0/0/0,19716:1747647664955:,1747647681086
counter/2/0/0/0,19096:1747647665149:,1747647681086
counter/10/0/0/0,16759:1747647662873:,1747647681086
counter/9/0/0/0,19717:1747647664955:,1747647681086
counter/2/0/0/0,19097:1747647665149:,1747647681086
counter/10/0/0/0,16760:1747647662873:,1747647681086
counter/9/0/0/0,19718:1747647664955:,1747647681086
counter/2/0/0/0,19098:1747647665149:,1747647681086
counter/10/0/0/0,16761:1747647662874:,1747647681086
counter/9/0/0/0,19719:1747647664955:,1747647681086
counter/2/0/0/0,19099:1747647665149:,1747647681086
counter/10/0/0/0,16762:1747647662874:,1747647681086
counter/9/0/0/0,19720:1747647664955:,1747647681086
counter/3/0/0/0,17329:1747647664510:,1747647681086
counter/2/0/0/0,19100:1747647665149:,1747647681086
counter/10/0/0/0,16763:1747647662874:,1747647681086
counter/9/0/0/0,19721:1747647664955:,1747647681086
counter/7/0/0/0,16138:1747647662617:,1747647681086
counter/2/0/0/0,19101:1747647665149:,1747647681086
counter/10/0/0/0,16764:1747647662874:,1747647681086
counter/9/0/0/0,19722:1747647664955:,1747647681086
counter/7/0/0/0,16139:1747647662617:,1747647681086
counter/2/0/0/0,19102:1747647665149:,1747647681086
counter/10/0/0/0,16765:1747647662874:,1747647681086
counter/9/0/0/0,19723:1747647664956:,1747647681086
counter/7/0/0/0,16140:1747647662617:,1747647681086
counter/2/0/0/0,19103:1747647665149:,1747647681086
counter/10/0/0/0,16766:1747647662875:,1747647681086
counter/9/0/0/0,19724:1747647664956:,1747647681086
counter/7/0/0/0,16141:1747647662617:,1747647681086
counter/2/0/0/0,19104:1747647665149:,1747647681086
counter/10/0/0/0,16767:1747647662875:,1747647681086
counter/9/0/0/0,19725:1747647664956:,1747647681086
counter/7/0/0/0,16142:1747647662617:,1747647681086
counter/2/0/0/0,19105:1747647665149:,1747647681086
counter/10/0/0/0,16768:1747647662875:,1747647681086
counter/9/0/0/0,19726:1747647664956:,1747647681086
counter/7/0/0/0,16143:1747647662617:,1747647681086
counter/2/0/0/0,19106:1747647665149:,1747647681087
counter/10/0/0/0,16769:1747647662875:,1747647681087
counter/9/0/0/0,19727:1747647664956:,1747647681087
counter/7/0/0/0,16144:1747647662617:,1747647681087
counter/2/0/0/0,19107:1747647665149:,1747647681087
counter/10/0/0/0,16770:1747647662875:,1747647681087
counter/9/0/0/0,19728:1747647664956:,1747647681087
counter/7/0/0/0,16145:1747647662617:,1747647681087
counter/2/0/0/0,19108:1747647665149:,1747647681087
counter/10/0/0/0,16771:1747647662875:,1747647681087
counter/9/0/0/0,19729:1747647664956:,1747647681087
counter/2/0/0/0,19109:1747647665149:,1747647681087
counter/10/0/0/0,16772:1747647662875:,1747647681087
counter/9/0/0/0,19730:1747647664956:,1747647681087
counter/2/0/0/0,19110:1747647665149:,1747647681087
counter/10/0/0/0,16773:1747647662876:,1747647681087
counter/9/0/0/0,19731:1747647664958:,1747647681087
counter/2/0/0/0,19111:1747647665149:,1747647681087
counter/10/0/0/0,16774:1747647662876:,1747647681087
counter/9/0/0/0,19732:1747647664961:,1747647681087
counter/2/0/0/0,19112:1747647665149:,1747647681087
counter/10/0/0/0,16775:1747647662877:,1747647681087
counter/9/0/0/0,19733:1747647664961:,1747647681087
counter/2/0/0/0,19113:1747647665149:,1747647681087
counter/10/0/0/0,16776:1747647662877:,1747647681087
counter/9/0/0/0,19734:1747647664962:,1747647681087
counter/2/0/0/0,19114:1747647665149:,1747647681087
counter/10/0/0/0,16777:1747647662877:,1747647681087
counter/9/0/0/0,19735:1747647664962:,1747647681087
counter/2/0/0/0,19115:1747647665149:,1747647681087
counter/10/0/0/0,16778:1747647662877:,1747647681087
counter/9/0/0/0,19736:1747647664962:,1747647681087
counter/2/0/0/0,19116:1747647665149:,1747647681087
counter/10/0/0/0,16779:1747647662877:,1747647681087
counter/9/0/0/0,19737:1747647664962:,1747647681087
counter/2/0/0/0,19117:1747647665149:,1747647681087
counter/10/0/0/0,16780:1747647662877:,1747647681087
counter/9/0/0/0,19738:1747647664962:,1747647681087
counter/2/0/0/0,19118:1747647665149:,1747647681087
counter/10/0/0/0,16781:1747647662877:,1747647681087
counter/9/0/0/0,19739:1747647664962:,1747647681087
counter/2/0/0/0,19119:1747647665163:,1747647681087
counter/10/0/0/0,16782:1747647662877:,1747647681087
counter/9/0/0/0,19740:1747647664962:,1747647681087
counter/2/0/0/0,19120:1747647665163:,1747647681087
counter/10/0/0/0,16783:1747647662877:,1747647681088
counter/9/0/0/0,19741:1747647664962:,1747647681088
counter/2/0/0/0,19121:1747647665163:,1747647681088
counter/10/0/0/0,16784:1747647662879:,1747647681088
counter/9/0/0/0,19742:1747647664962:,1747647681088
counter/2/0/0/0,19122:1747647665163:,1747647681088
counter/10/0/0/0,16785:1747647662879:,1747647681088
counter/9/0/0/0,19743:1747647664962:,1747647681088
counter/2/0/0/0,19123:1747647665163:,1747647681088
counter/10/0/0/0,16786:1747647662879:,1747647681088
counter/9/0/0/0,19744:1747647664962:,1747647681088
counter/2/0/0/0,19124:1747647665163:,1747647681088
counter/10/0/0/0,16787:1747647662885:,1747647681088
counter/9/0/0/0,19745:1747647664962:,1747647681088
counter/2/0/0/0,19125:1747647665163:,1747647681088
counter/10/0/0/0,16788:1747647662885:,1747647681088
counter/9/0/0/0,19746:1747647664962:,1747647681088
counter/2/0/0/0,19126:1747647665163:,1747647681088
counter/10/0/0/0,16789:1747647662885:,1747647681088
counter/9/0/0/0,19747:1747647664962:,1747647681088
counter/2/0/0/0,19127:1747647665163:,1747647681088
counter/10/0/0/0,16790:1747647662885:,1747647681088
counter/9/0/0/0,19748:1747647664963:,1747647681088
counter/2/0/0/0,19128:1747647665163:,1747647681088
counter/10/0/0/0,16791:1747647662885:,1747647681088
counter/9/0/0/0,19749:1747647664963:,1747647681088
counter/4/0/0/0,16876:1747647664647:,1747647681088
counter/2/0/0/0,19129:1747647665163:,1747647681088
counter/10/0/0/0,16792:1747647662885:,1747647681088
counter/9/0/0/0,19750:1747647664963:,1747647681088
counter/2/0/0/0,19130:1747647665163:,1747647681088
counter/10/0/0/0,16793:1747647662885:,1747647681088
counter/9/0/0/0,19751:1747647664963:,1747647681088
counter/3/0/0/0,17330:1747647664510:,1747647681088
counter/2/0/0/0,19131:1747647665163:,1747647681088
counter/10/0/0/0,16794:1747647662885:,1747647681088
counter/9/0/0/0,19752:1747647664963:,1747647681088
counter/1/0/0/0,18002:1747647664708:,1747647681088
counter/5/0/0/0,17697:1747647663730:,1747647681088
counter/2/0/0/0,19132:1747647665163:,1747647681088
counter/10/0/0/0,16795:1747647662885:,1747647681088
counter/9/0/0/0,19753:1747647664963:,1747647681088
counter/2/0/0/0,19133:1747647665163:,1747647681088
counter/10/0/0/0,16796:1747647662885:,1747647681088
counter/9/0/0/0,19754:1747647664963:,1747647681088
counter/2/0/0/0,19134:1747647665163:,1747647681089
counter/10/0/0/0,16797:1747647662885:,1747647681089
counter/9/0/0/0,19755:1747647664963:,1747647681089
counter/2/0/0/0,19135:1747647665163:,1747647681089
counter/10/0/0/0,16798:1747647662885:,1747647681089
counter/9/0/0/0,19756:1747647664963:,1747647681089
counter/2/0/0/0,19136:1747647665163:,1747647681089
counter/10/0/0/0,16799:1747647662885:,1747647681089
counter/9/0/0/0,19757:1747647664963:,1747647681089
counter/2/0/0/0,19137:1747647665163:,1747647681089
counter/10/0/0/0,16800:1747647662885:,1747647681089
counter/9/0/0/0,19758:1747647664963:,1747647681089
counter/2/0/0/0,19138:1747647665163:,1747647681089
counter/10/0/0/0,16801:1747647662886:,1747647681089
counter/9/0/0/0,19759:1747647664963:,1747647681089
counter/2/0/0/0,19139:1747647665164:,1747647681089
counter/10/0/0/0,16802:1747647662886:,1747647681089
counter/9/0/0/0,19760:1747647664963:,1747647681089
counter/2/0/0/0,19140:1747647665164:,1747647681089
counter/10/0/0/0,16803:1747647662886:,1747647681089
counter/9/0/0/0,19761:1747647664963:,1747647681089
counter/2/0/0/0,19141:1747647665164:,1747647681089
counter/10/0/0/0,16804:1747647662886:,1747647681089
counter/9/0/0/0,19762:1747647664964:,1747647681089
counter/2/0/0/0,19142:1747647665164:,1747647681089
counter/10/0/0/0,16805:1747647662886:,1747647681089
counter/9/0/0/0,19763:1747647664964:,1747647681089
counter/2/0/0/0,19143:1747647665164:,1747647681089
counter/10/0/0/0,16806:1747647662887:,1747647681089
counter/9/0/0/0,19764:1747647664964:,1747647681089
counter/2/0/0/0,19144:1747647665164:,1747647681089
counter/10/0/0/0,16807:1747647662887:,1747647681089
counter/9/0/0/0,19765:1747647664964:,1747647681089
counter/4/0/0/0,16877:1747647664650:,1747647681089
counter/2/0/0/0,19145:1747647665164:,1747647681089
counter/10/0/0/0,16808:1747647662893:,1747647681089
counter/9/0/0/0,19766:1747647664964:,1747647681089
counter/5/0/0/0,17698:1747647663730:,1747647681089
counter/2/0/0/0,19146:1747647665164:,1747647681090
counter/10/0/0/0,16809:1747647662893:,1747647681090
counter/9/0/0/0,19767:1747647664964:,1747647681090
counter/5/0/0/0,17699:1747647663730:,1747647681090
counter/2/0/0/0,19147:1747647665164:,1747647681090
counter/10/0/0/0,16810:1747647662893:,1747647681090
counter/9/0/0/0,19768:1747647664964:,1747647681090
counter/5/0/0/0,17700:1747647663730:,1747647681090
counter/2/0/0/0,19148:1747647665164:,1747647681090
counter/10/0/0/0,16811:1747647662893:,1747647681090
counter/9/0/0/0,19769:1747647664964:,1747647681090
counter/5/0/0/0,17701:1747647663730:,1747647681090
counter/2/0/0/0,19149:1747647665164:,1747647681090
counter/10/0/0/0,16812:1747647662900:,1747647681090
counter/9/0/0/0,19770:1747647664964:,1747647681090
counter/5/0/0/0,17702:1747647663730:,1747647681090
counter/2/0/0/0,19150:1747647665164:,1747647681090
counter/10/0/0/0,16813:1747647662900:,1747647681090
counter/9/0/0/0,19771:1747647664964:,1747647681090
counter/5/0/0/0,17703:1747647663730:,1747647681090
counter/2/0/0/0,19151:1747647665164:,1747647681090
counter/10/0/0/0,16814:1747647662910:,1747647681090
counter/9/0/0/0,19772:1747647664964:,1747647681090
counter/5/0/0/0,17704:1747647663730:,1747647681090
counter/2/0/0/0,19152:1747647665164:,1747647681090
counter/10/0/0/0,16815:1747647662912:,1747647681090
counter/9/0/0/0,19773:1747647664964:,1747647681090
counter/5/0/0/0,17705:1747647663730:,1747647681090
counter/4/0/0/0,16878:1747647664650:,1747647681090
counter/7/0/0/0,16146:1747647662617:,1747647681090
counter/2/0/0/0,19153:1747647665164:,1747647681090
counter/10/0/0/0,16816:1747647662912:,1747647681090
counter/9/0/0/0,19774:1747647664964:,1747647681090
counter/5/0/0/0,17706:1747647663730:,1747647681090
counter/7/0/0/0,16147:1747647662617:,1747647681090
counter/2/0/0/0,19154:1747647665164:,1747647681090
counter/10/0/0/0,16817:1747647662912:,1747647681090
counter/9/0/0/0,19775:1747647664964:,1747647681090
counter/5/0/0/0,17707:1747647663730:,1747647681090
counter/7/0/0/0,16148:1747647662617:,1747647681090
counter/2/0/0/0,19155:1747647665164:,1747647681090
counter/10/0/0/0,16818:1747647662912:,1747647681090
counter/9/0/0/0,19776:1747647664964:,1747647681090
counter/5/0/0/0,17708:1747647663730:,1747647681090
counter/7/0/0/0,16149:1747647662617:,1747647681091
counter/2/0/0/0,19156:1747647665164:,1747647681091
counter/10/0/0/0,16819:1747647662912:,1747647681091
counter/9/0/0/0,19777:1747647664964:,1747647681091
counter/5/0/0/0,17709:1747647663730:,1747647681091
counter/7/0/0/0,16150:1747647662617:,1747647681091
counter/2/0/0/0,19157:1747647665164:,1747647681091
counter/10/0/0/0,16820:1747647662912:,1747647681091
counter/9/0/0/0,19778:1747647664964:,1747647681091
counter/5/0/0/0,17710:1747647663730:,1747647681091
counter/7/0/0/0,16151:1747647662617:,1747647681091
counter/2/0/0/0,19158:1747647665164:,1747647681091
counter/10/0/0/0,16821:1747647662912:,1747647681091
counter/9/0/0/0,19779:1747647664964:,1747647681091
counter/5/0/0/0,17711:1747647663730:,1747647681091
counter/7/0/0/0,16152:1747647662617:,1747647681091
counter/2/0/0/0,19159:1747647665165:,1747647681091
counter/10/0/0/0,16822:1747647662912:,1747647681091
counter/9/0/0/0,19780:1747647664964:,1747647681091
counter/5/0/0/0,17712:1747647663730:,1747647681091
counter/2/0/0/0,19160:1747647665165:,1747647681091
counter/10/0/0/0,16823:1747647662939:,1747647681091
counter/9/0/0/0,19781:1747647664965:,1747647681091
counter/5/0/0/0,17713:1747647663738:,1747647681091
counter/2/0/0/0,19161:1747647665165:,1747647681091
counter/10/0/0/0,16824:1747647662939:,1747647681091
counter/9/0/0/0,19782:1747647664970:,1747647681091
counter/5/0/0/0,17714:1747647663738:,1747647681091
counter/2/0/0/0,19162:1747647665165:,1747647681091
counter/10/0/0/0,16825:1747647662939:,1747647681091
counter/9/0/0/0,19783:1747647664970:,1747647681091
counter/5/0/0/0,17715:1747647663738:,1747647681091
counter/2/0/0/0,19163:1747647665165:,1747647681091
counter/10/0/0/0,16826:1747647662939:,1747647681091
counter/9/0/0/0,19784:1747647664970:,1747647681091
counter/5/0/0/0,17716:1747647663738:,1747647681091
counter/2/0/0/0,19164:1747647665165:,1747647681091
counter/10/0/0/0,16827:1747647662939:,1747647681091
counter/9/0/0/0,19785:1747647664970:,1747647681091
counter/5/0/0/0,17717:1747647663738:,1747647681091
counter/2/0/0/0,19165:1747647665165:,1747647681091
counter/10/0/0/0,16828:1747647662939:,1747647681092
counter/9/0/0/0,19786:1747647664970:,1747647681092
counter/5/0/0/0,17718:1747647663738:,1747647681092
counter/2/0/0/0,19166:1747647665168:,1747647681092
counter/10/0/0/0,16829:1747647662939:,1747647681092
counter/9/0/0/0,19787:1747647664970:,1747647681092
counter/5/0/0/0,17719:1747647663738:,1747647681092
counter/6/0/0/0,16647:1747647663649:,1747647681092
counter/2/0/0/0,19167:1747647665168:,1747647681092
counter/10/0/0/0,16830:1747647662939:,1747647681092
counter/9/0/0/0,19788:1747647664970:,1747647681092
counter/5/0/0/0,17720:1747647663738:,1747647681092
counter/2/0/0/0,19168:1747647665168:,1747647681092
counter/10/0/0/0,16831:1747647662939:,1747647681092
counter/9/0/0/0,19789:1747647664970:,1747647681092
counter/5/0/0/0,17721:1747647663738:,1747647681092
counter/2/0/0/0,19169:1747647665168:,1747647681092
counter/10/0/0/0,16832:1747647662939:,1747647681092
counter/9/0/0/0,19790:1747647664970:,1747647681092
counter/2/0/0/0,19170:1747647665168:,1747647681092
counter/10/0/0/0,16833:1747647662939:,1747647681092
counter/9/0/0/0,19791:1747647664970:,1747647681092
counter/2/0/0/0,19171:1747647665168:,1747647681092
counter/10/0/0/0,16834:1747647662939:,1747647681092
counter/9/0/0/0,19792:1747647664970:,1747647681092
counter/2/0/0/0,19172:1747647665168:,1747647681092
counter/10/0/0/0,16835:1747647662939:,1747647681092
counter/9/0/0/0,19793:1747647664970:,1747647681092
counter/2/0/0/0,19173:1747647665175:,1747647681092
counter/10/0/0/0,16836:1747647662940:,1747647681092
counter/9/0/0/0,19794:1747647664970:,1747647681092
counter/2/0/0/0,19174:1747647665175:,1747647681092
counter/10/0/0/0,16837:1747647662940:,1747647681092
counter/9/0/0/0,19795:1747647664970:,1747647681092
counter/2/0/0/0,19175:1747647665175:,1747647681092
counter/10/0/0/0,16838:1747647662940:,1747647681092
counter/9/0/0/0,19796:1747647664970:,1747647681092
counter/2/0/0/0,19176:1747647665175:,1747647681092
counter/10/0/0/0,16839:1747647662941:,1747647681092
counter/9/0/0/0,19797:1747647664970:,1747647681092
counter/2/0/0/0,19177:1747647665175:,1747647681092
counter/10/0/0/0,16840:1747647662941:,1747647681092
counter/9/0/0/0,19798:1747647664970:,1747647681092
counter/2/0/0/0,19178:1747647665177:,1747647681092
counter/10/0/0/0,16841:1747647662944:,1747647681093
counter/9/0/0/0,19799:1747647664970:,1747647681093
counter/2/0/0/0,19179:1747647665177:,1747647681093
counter/10/0/0/0,16842:1747647662944:,1747647681093
counter/9/0/0/0,19800:1747647664970:,1747647681093
counter/2/0/0/0,19180:1747647665177:,1747647681093
counter/10/0/0/0,16843:1747647662944:,1747647681093
counter/9/0/0/0,19801:1747647664970:,1747647681093
counter/2/0/0/0,19181:1747647665177:,1747647681093
counter/10/0/0/0,16844:1747647662944:,1747647681093
counter/9/0/0/0,19802:1747647664970:,1747647681093
counter/2/0/0/0,19182:1747647665177:,1747647681093
counter/10/0/0/0,16845:1747647662944:,1747647681093
counter/9/0/0/0,19803:1747647664970:,1747647681093
counter/8/0/0/0,17724:1747647663304:,1747647681093
counter/2/0/0/0,19183:1747647665177:,1747647681093
counter/10/0/0/0,16846:1747647662944:,1747647681093
counter/9/0/0/0,19804:1747647664970:,1747647681093
counter/5/0/0/0,17722:1747647663738:,1747647681093
counter/2/0/0/0,19184:1747647665177:,1747647681093
counter/10/0/0/0,16847:1747647662944:,1747647681093
counter/9/0/0/0,19805:1747647664970:,1747647681093
counter/2/0/0/0,19185:1747647665177:,1747647681093
counter/10/0/0/0,16848:1747647662946:,1747647681093
counter/9/0/0/0,19806:1747647664972:,1747647681093
counter/2/0/0/0,19186:1747647665177:,1747647681093
counter/10/0/0/0,16849:1747647662946:,1747647681093
counter/9/0/0/0,19807:1747647664972:,1747647681093
counter/2/0/0/0,19187:1747647665177:,1747647681093
counter/10/0/0/0,16850:1747647662946:,1747647681093
counter/9/0/0/0,19808:1747647664972:,1747647681093
counter/2/0/0/0,19188:1747647665177:,1747647681093
counter/10/0/0/0,16851:1747647662947:,1747647681093
counter/9/0/0/0,19809:1747647664972:,1747647681093
counter/7/0/0/0,16153:1747647662617:,1747647681093
counter/2/0/0/0,19189:1747647665177:,1747647681093
counter/10/0/0/0,16852:1747647662947:,1747647681093
counter/9/0/0/0,19810:1747647664972:,1747647681093
counter/8/0/0/0,17725:1747647663304:,1747647681093
counter/2/0/0/0,19190:1747647665177:,1747647681093
counter/10/0/0/0,16853:1747647662947:,1747647681094
counter/9/0/0/0,19811:1747647664972:,1747647681094
counter/5/0/0/0,17723:1747647663738:,1747647681094
counter/2/0/0/0,19191:1747647665177:,1747647681094
counter/10/0/0/0,16854:1747647662947:,1747647681094
counter/9/0/0/0,19812:1747647664972:,1747647681094
counter/6/0/0/0,16648:1747647663649:,1747647681094
counter/4/0/0/0,16879:1747647664650:,1747647681094
counter/3/0/0/0,17331:1747647664515:,1747647681094
counter/2/0/0/0,19192:1747647665177:,1747647681094
counter/10/0/0/0,16855:1747647662947:,1747647681094
counter/9/0/0/0,19813:1747647664972:,1747647681094
counter/1/0/0/0,18003:1747647664708:,1747647681094
counter/2/0/0/0,19193:1747647665177:,1747647681094
counter/10/0/0/0,16856:1747647662947:,1747647681094
counter/9/0/0/0,19814:1747647664974:,1747647681094
counter/2/0/0/0,19194:1747647665177:,1747647681094
counter/10/0/0/0,16857:1747647662947:,1747647681094
counter/9/0/0/0,19815:1747647664974:,1747647681094
counter/2/0/0/0,19195:1747647665178:,1747647681094
counter/10/0/0/0,16858:1747647662947:,1747647681094
counter/9/0/0/0,19816:1747647664974:,1747647681094
counter/2/0/0/0,19196:1747647665180:,1747647681094
counter/10/0/0/0,16859:1747647662947:,1747647681094
counter/9/0/0/0,19817:1747647664974:,1747647681094
counter/2/0/0/0,19197:1747647665180:,1747647681094
counter/10/0/0/0,16860:1747647662947:,1747647681094
counter/9/0/0/0,19818:1747647664974:,1747647681094
counter/2/0/0/0,19198:1747647665180:,1747647681094
counter/10/0/0/0,16861:1747647662947:,1747647681094
counter/9/0/0/0,19819:1747647664974:,1747647681094
counter/2/0/0/0,19199:1747647665181:,1747647681094
counter/10/0/0/0,16862:1747647662947:,1747647681094
counter/9/0/0/0,19820:1747647664974:,1747647681094
counter/2/0/0/0,19200:1747647665181:,1747647681094
counter/10/0/0/0,16863:1747647662947:,1747647681094
counter/9/0/0/0,19821:1747647664974:,1747647681094
counter/2/0/0/0,19201:1747647665181:,1747647681094
counter/10/0/0/0,16864:1747647662947:,1747647681094
counter/9/0/0/0,19822:1747647664974:,1747647681094
counter/2/0/0/0,19202:1747647665185:,1747647681094
counter/10/0/0/0,16865:1747647662947:,1747647681094
counter/9/0/0/0,19823:1747647664974:,1747647681094
counter/2/0/0/0,19203:1747647665185:,1747647681094
counter/10/0/0/0,16866:1747647662947:,1747647681094
counter/9/0/0/0,19824:1747647664974:,1747647681095
counter/2/0/0/0,19204:1747647665186:,1747647681095
counter/10/0/0/0,16867:1747647662947:,1747647681095
counter/9/0/0/0,19825:1747647664974:,1747647681095
counter/2/0/0/0,19205:1747647665186:,1747647681095
counter/10/0/0/0,16868:1747647662947:,1747647681095
counter/9/0/0/0,19826:1747647664976:,1747647681095
counter/2/0/0/0,19206:1747647665186:,1747647681095
counter/10/0/0/0,16869:1747647662947:,1747647681095
counter/9/0/0/0,19827:1747647664976:,1747647681095
counter/2/0/0/0,19207:1747647665186:,1747647681095
counter/10/0/0/0,16870:1747647662947:,1747647681095
counter/9/0/0/0,19828:1747647664977:,1747647681095
counter/2/0/0/0,19208:1747647665186:,1747647681095
counter/10/0/0/0,16871:1747647662948:,1747647681095
counter/9/0/0/0,19829:1747647664977:,1747647681095
counter/2/0/0/0,19209:1747647665187:,1747647681095
counter/10/0/0/0,16872:1747647662948:,1747647681095
counter/9/0/0/0,19830:1747647664991:,1747647681095
counter/2/0/0/0,19210:1747647665187:,1747647681095
counter/10/0/0/0,16873:1747647662948:,1747647681095
counter/9/0/0/0,19831:1747647664991:,1747647681095
counter/2/0/0/0,19211:1747647665187:,1747647681095
counter/10/0/0/0,16874:1747647662948:,1747647681095
counter/9/0/0/0,19832:1747647664991:,1747647681095
counter/2/0/0/0,19212:1747647665187:,1747647681095
counter/10/0/0/0,16875:1747647662948:,1747647681095
counter/9/0/0/0,19833:1747647664991:,1747647681095
counter/2/0/0/0,19213:1747647665187:,1747647681095
counter/10/0/0/0,16876:1747647662948:,1747647681095
counter/9/0/0/0,19834:1747647664991:,1747647681095
counter/1/0/0/0,18004:1747647664720:,1747647681095
counter/2/0/0/0,19214:1747647665187:,1747647681095
counter/10/0/0/0,16877:1747647662948:,1747647681095
counter/9/0/0/0,19835:1747647664991:,1747647681095
counter/2/0/0/0,19215:1747647665187:,1747647681095
counter/10/0/0/0,16878:1747647662948:,1747647681095
counter/9/0/0/0,19836:1747647664991:,1747647681095
counter/2/0/0/0,19216:1747647665187:,1747647681095
counter/10/0/0/0,16879:1747647662948:,1747647681095
counter/9/0/0/0,19837:1747647664991:,1747647681095
counter/2/0/0/0,19217:1747647665187:,1747647681095
counter/10/0/0/0,16880:1747647662948:,1747647681095
counter/9/0/0/0,19838:1747647664991:,1747647681095
counter/2/0/0/0,19218:1747647665189:,1747647681096
counter/10/0/0/0,16881:1747647662948:,1747647681096
counter/9/0/0/0,19839:1747647664991:,1747647681096
counter/2/0/0/0,19219:1747647665189:,1747647681096
counter/10/0/0/0,16882:1747647662954:,1747647681096
counter/9/0/0/0,19840:1747647664997:,1747647681096
counter/2/0/0/0,19220:1747647665189:,1747647681096
counter/10/0/0/0,16883:1747647662954:,1747647681096
counter/9/0/0/0,19841:1747647664997:,1747647681096
counter/2/0/0/0,19221:1747647665189:,1747647681096
counter/10/0/0/0,16884:1747647662954:,1747647681096
counter/9/0/0/0,19842:1747647664997:,1747647681096
counter/2/0/0/0,19222:1747647665189:,1747647681096
counter/10/0/0/0,16885:1747647662954:,1747647681096
counter/9/0/0/0,19843:1747647664997:,1747647681096
counter/2/0/0/0,19223:1747647665189:,1747647681096
counter/10/0/0/0,16886:1747647662954:,1747647681096
counter/9/0/0/0,19844:1747647664997:,1747647681096
counter/2/0/0/0,19224:1747647665208:,1747647681096
counter/10/0/0/0,16887:1747647662954:,1747647681096
counter/9/0/0/0,19845:1747647664997:,1747647681096
counter/1/0/0/0,18005:1747647664720:,1747647681096
counter/2/0/0/0,19225:1747647665211:,1747647681096
counter/10/0/0/0,16888:1747647662954:,1747647681096
counter/9/0/0/0,19846:1747647664997:,1747647681096
counter/7/0/0/0,16154:1747647662617:,1747647681096
counter/8/0/0/0,17726:1747647663304:,1747647681096
counter/2/0/0/0,19226:1747647665211:,1747647681096
counter/10/0/0/0,16889:1747647662954:,1747647681096
counter/9/0/0/0,19847:1747647664997:,1747647681096
counter/6/0/0/0,16649:1747647663649:,1747647681096
counter/5/0/0/0,17724:1747647663738:,1747647681096
counter/4/0/0/0,16880:1747647664650:,1747647681096
counter/2/0/0/0,19227:1747647665211:,1747647681096
counter/10/0/0/0,16890:1747647662954:,1747647681096
counter/9/0/0/0,19848:1747647664997:,1747647681096
counter/3/0/0/0,17332:1747647664515:,1747647681096
counter/2/0/0/0,19228:1747647665211:,1747647681096
counter/10/0/0/0,16891:1747647662954:,1747647681096
counter/9/0/0/0,19849:1747647664998:,1747647681096
counter/2/0/0/0,19229:1747647665211:,1747647681096
counter/10/0/0/0,16892:1747647662954:,1747647681096
counter/9/0/0/0,19850:1747647664998:,1747647681097
counter/2/0/0/0,19230:1747647665214:,1747647681097
counter/10/0/0/0,16893:1747647662954:,1747647681097
counter/9/0/0/0,19851:1747647664998:,1747647681097
counter/5/0/0/0,17725:1747647663738:,1747647681097
counter/4/0/0/0,16881:1747647664650:,1747647681097
counter/2/0/0/0,19231:1747647665214:,1747647681097
counter/10/0/0/0,16894:1747647662954:,1747647681097
counter/9/0/0/0,19852:1747647664998:,1747647681097
counter/3/0/0/0,17333:1747647664515:,1747647681097
counter/2/0/0/0,19232:1747647665215:,1747647681097
counter/10/0/0/0,16895:1747647662954:,1747647681097
counter/9/0/0/0,19853:1747647664998:,1747647681097
counter/2/0/0/0,19233:1747647665215:,1747647681097
counter/10/0/0/0,16896:1747647662969:,1747647681097
counter/9/0/0/0,19854:1747647664998:,1747647681097
counter/2/0/0/0,19234:1747647665215:,1747647681097
counter/10/0/0/0,16897:1747647662969:,1747647681097
counter/9/0/0/0,19855:1747647664999:,1747647681097
counter/4/0/0/0,16882:1747647664650:,1747647681097
counter/2/0/0/0,19235:1747647665215:,1747647681097
counter/10/0/0/0,16898:1747647662969:,1747647681097
counter/9/0/0/0,19856:1747647664999:,1747647681097
counter/3/0/0/0,17334:1747647664515:,1747647681097
counter/1/0/0/0,18006:1747647664720:,1747647681097
counter/2/0/0/0,19236:1747647665215:,1747647681097
counter/10/0/0/0,16899:1747647662969:,1747647681097
counter/9/0/0/0,19857:1747647664999:,1747647681097
counter/7/0/0/0,16155:1747647662617:,1747647681097
counter/2/0/0/0,19237:1747647665215:,1747647681097
counter/10/0/0/0,16900:1747647662969:,1747647681097
counter/9/0/0/0,19858:1747647664999:,1747647681097
counter/7/0/0/0,16156:1747647662617:,1747647681097
counter/2/0/0/0,19238:1747647665215:,1747647681097
counter/10/0/0/0,16901:1747647662969:,1747647681097
counter/9/0/0/0,19859:1747647664999:,1747647681097
counter/7/0/0/0,16157:1747647662617:,1747647681097
counter/2/0/0/0,19239:1747647665223:,1747647681097
counter/10/0/0/0,16902:1747647662970:,1747647681097
counter/9/0/0/0,19860:1747647664999:,1747647681097
counter/7/0/0/0,16158:1747647662617:,1747647681097
counter/2/0/0/0,19240:1747647665223:,1747647681097
counter/10/0/0/0,16903:1747647662970:,1747647681097
counter/9/0/0/0,19861:1747647664999:,1747647681097
counter/7/0/0/0,16159:1747647662617:,1747647681098
counter/2/0/0/0,19241:1747647665225:,1747647681098
counter/10/0/0/0,16904:1747647662970:,1747647681098
counter/9/0/0/0,19862:1747647664999:,1747647681098
counter/7/0/0/0,16160:1747647662617:,1747647681098
counter/2/0/0/0,19242:1747647665225:,1747647681098
counter/10/0/0/0,16905:1747647662970:,1747647681098
counter/9/0/0/0,19863:1747647664999:,1747647681098
counter/7/0/0/0,16161:1747647662618:,1747647681098
counter/2/0/0/0,19243:1747647665225:,1747647681098
counter/10/0/0/0,16906:1747647662970:,1747647681098
counter/9/0/0/0,19864:1747647664999:,1747647681098
counter/7/0/0/0,16162:1747647662618:,1747647681098
counter/2/0/0/0,19244:1747647665225:,1747647681098
counter/10/0/0/0,16907:1747647662970:,1747647681098
counter/9/0/0/0,19865:1747647664999:,1747647681098
counter/7/0/0/0,16163:1747647662618:,1747647681098
counter/2/0/0/0,19245:1747647665225:,1747647681098
counter/10/0/0/0,16908:1747647662970:,1747647681098
counter/9/0/0/0,19866:1747647664999:,1747647681098
counter/7/0/0/0,16164:1747647662618:,1747647681098
counter/2/0/0/0,19246:1747647665225:,1747647681098
counter/10/0/0/0,16909:1747647662970:,1747647681098
counter/9/0/0/0,19867:1747647665002:,1747647681098
counter/7/0/0/0,16165:1747647662618:,1747647681098
counter/2/0/0/0,19247:1747647665225:,1747647681098
counter/10/0/0/0,16910:1747647662970:,1747647681098
counter/9/0/0/0,19868:1747647665002:,1747647681098
counter/7/0/0/0,16166:1747647662618:,1747647681098
counter/2/0/0/0,19248:1747647665229:,1747647681098
counter/10/0/0/0,16911:1747647662970:,1747647681098
counter/9/0/0/0,19869:1747647665002:,1747647681098
counter/7/0/0/0,16167:1747647662632:,1747647681098
counter/2/0/0/0,19249:1747647665236:,1747647681098
counter/10/0/0/0,16912:1747647662970:,1747647681098
counter/9/0/0/0,19870:1747647665002:,1747647681098
counter/7/0/0/0,16168:1747647662632:,1747647681098
counter/4/0/0/0,16883:1747647664650:,1747647681098
counter/2/0/0/0,19250:1747647665236:,1747647681098
counter/10/0/0/0,16913:1747647662972:,1747647681098
counter/9/0/0/0,19871:1747647665003:,1747647681098
counter/7/0/0/0,16169:1747647662632:,1747647681098
counter/4/0/0/0,16884:1747647664650:,1747647681099
counter/2/0/0/0,19251:1747647665236:,1747647681099
counter/10/0/0/0,16914:1747647662972:,1747647681099
counter/9/0/0/0,19872:1747647665003:,1747647681099
counter/7/0/0/0,16170:1747647662632:,1747647681099
counter/4/0/0/0,16885:1747647664650:,1747647681099
counter/2/0/0/0,19252:1747647665236:,1747647681099
counter/10/0/0/0,16915:1747647662972:,1747647681099
counter/9/0/0/0,19873:1747647665003:,1747647681099
counter/7/0/0/0,16171:1747647662632:,1747647681099
counter/4/0/0/0,16886:1747647664659:,1747647681099
counter/2/0/0/0,19253:1747647665244:,1747647681099
counter/10/0/0/0,16916:1747647662972:,1747647681099
counter/9/0/0/0,19874:1747647665003:,1747647681099
counter/7/0/0/0,16172:1747647662632:,1747647681099
counter/4/0/0/0,16887:1747647664659:,1747647681099
counter/2/0/0/0,19254:1747647665245:,1747647681099
counter/10/0/0/0,16917:1747647662972:,1747647681099
counter/9/0/0/0,19875:1747647665003:,1747647681099
counter/7/0/0/0,16173:1747647662632:,1747647681099
counter/4/0/0/0,16888:1747647664659:,1747647681099
counter/2/0/0/0,19255:1747647665258:,1747647681099
counter/10/0/0/0,16918:1747647662972:,1747647681099
counter/9/0/0/0,19876:1747647665003:,1747647681099
counter/7/0/0/0,16174:1747647662632:,1747647681099
counter/4/0/0/0,16889:1747647664659:,1747647681099
counter/2/0/0/0,19256:1747647665258:,1747647681099
counter/10/0/0/0,16919:1747647662972:,1747647681099
counter/9/0/0/0,19877:1747647665005:,1747647681099
counter/7/0/0/0,16175:1747647662632:,1747647681099
counter/4/0/0/0,16890:1747647664659:,1747647681099
counter/2/0/0/0,19257:1747647665258:,1747647681099
counter/10/0/0/0,16920:1747647662972:,1747647681099
counter/9/0/0/0,19878:1747647665005:,1747647681099
counter/7/0/0/0,16176:1747647662634:,1747647681099
counter/4/0/0/0,16891:1747647664659:,1747647681099
counter/2/0/0/0,19258:1747647665258:,1747647681099
counter/10/0/0/0,16921:1747647662972:,1747647681099
counter/9/0/0/0,19879:1747647665005:,1747647681099
counter/7/0/0/0,16177:1747647662634:,1747647681099
counter/4/0/0/0,16892:1747647664659:,1747647681099
counter/2/0/0/0,19259:1747647665258:,1747647681099
counter/10/0/0/0,16922:1747647662972:,1747647681099
counter/9/0/0/0,19880:1747647665005:,1747647681100
counter/7/0/0/0,16178:1747647662634:,1747647681100
counter/4/0/0/0,16893:1747647664667:,1747647681100
counter/2/0/0/0,19260:1747647665262:,1747647681100
counter/10/0/0/0,16923:1747647662972:,1747647681100
counter/9/0/0/0,19881:1747647665007:,1747647681100
counter/7/0/0/0,16179:1747647662634:,1747647681100
counter/4/0/0/0,16894:1747647664667:,1747647681100
counter/2/0/0/0,19261:1747647665263:,1747647681100
counter/10/0/0/0,16924:1747647662972:,1747647681100
counter/9/0/0/0,19882:1747647665007:,1747647681100
counter/7/0/0/0,16180:1747647662634:,1747647681100
counter/4/0/0/0,16895:1747647664667:,1747647681100
counter/2/0/0/0,19262:1747647665263:,1747647681100
counter/10/0/0/0,16925:1747647662972:,1747647681100
counter/9/0/0/0,19883:1747647665007:,1747647681100
counter/7/0/0/0,16181:1747647662634:,1747647681100
counter/4/0/0/0,16896:1747647664674:,1747647681100
counter/3/0/0/0,17335:1747647664515:,1747647681100
counter/5/0/0/0,17726:1747647663738:,1747647681100
counter/1/0/0/0,18007:1747647664720:,1747647681100
counter/2/0/0/0,19263:1747647665264:,1747647681100
counter/10/0/0/0,16926:1747647662972:,1747647681100
counter/9/0/0/0,19884:1747647665007:,1747647681100
counter/7/0/0/0,16182:1747647662635:,1747647681100
counter/4/0/0/0,16897:1747647664674:,1747647681100
counter/2/0/0/0,19264:1747647665264:,1747647681100
counter/10/0/0/0,16927:1747647662972:,1747647681100
counter/9/0/0/0,19885:1747647665007:,1747647681100
counter/4/0/0/0,16898:1747647664674:,1747647681100
counter/2/0/0/0,19265:1747647665278:,1747647681100
counter/10/0/0/0,16928:1747647662972:,1747647681100
counter/9/0/0/0,19886:1747647665007:,1747647681100
counter/4/0/0/0,16899:1747647664674:,1747647681100
counter/2/0/0/0,19266:1747647665284:,1747647681100
counter/10/0/0/0,16929:1747647662972:,1747647681100
counter/9/0/0/0,19887:1747647665014:,1747647681100
counter/1/0/0/0,18008:1747647664720:,1747647681100
counter/2/0/0/0,19267:1747647665284:,1747647681100
counter/10/0/0/0,16930:1747647662972:,1747647681100
counter/9/0/0/0,19888:1747647665015:,1747647681101
counter/1/0/0/0,18009:1747647664725:,1747647681101
counter/2/0/0/0,19268:1747647665284:,1747647681101
counter/10/0/0/0,16931:1747647662972:,1747647681101
counter/9/0/0/0,19889:1747647665015:,1747647681101
counter/1/0/0/0,18010:1747647664725:,1747647681101
counter/2/0/0/0,19269:1747647665284:,1747647681101
counter/10/0/0/0,16932:1747647662972:,1747647681101
counter/9/0/0/0,19890:1747647665015:,1747647681101
counter/1/0/0/0,18011:1747647664725:,1747647681101
counter/2/0/0/0,19270:1747647665284:,1747647681101
counter/10/0/0/0,16933:1747647662972:,1747647681101
counter/9/0/0/0,19891:1747647665015:,1747647681101
counter/1/0/0/0,18012:1747647664725:,1747647681101
counter/2/0/0/0,19271:1747647665284:,1747647681101
counter/10/0/0/0,16934:1747647662972:,1747647681101
counter/9/0/0/0,19892:1747647665015:,1747647681101
counter/1/0/0/0,18013:1747647664725:,1747647681101
counter/6/0/0/0,16650:1747647663649:,1747647681101
counter/2/0/0/0,19272:1747647665284:,1747647681101
counter/10/0/0/0,16935:1747647662973:,1747647681101
counter/9/0/0/0,19893:1747647665015:,1747647681101
counter/1/0/0/0,18014:1747647664726:,1747647681101
counter/8/0/0/0,17727:1747647663304:,1747647681101
counter/2/0/0/0,19273:1747647665284:,1747647681101
counter/10/0/0/0,16936:1747647662973:,1747647681101
counter/9/0/0/0,19894:1747647665015:,1747647681101
counter/1/0/0/0,18015:1747647664726:,1747647681101
counter/8/0/0/0,17728:1747647663304:,1747647681101
counter/2/0/0/0,19274:1747647665284:,1747647681101
counter/10/0/0/0,16937:1747647662973:,1747647681101
counter/9/0/0/0,19895:1747647665015:,1747647681101
counter/1/0/0/0,18016:1747647664726:,1747647681101
counter/8/0/0/0,17729:1747647663304:,1747647681101
counter/6/0/0/0,16651:1747647663649:,1747647681101
counter/2/0/0/0,19275:1747647665284:,1747647681101
counter/10/0/0/0,16938:1747647662973:,1747647681101
counter/9/0/0/0,19896:1747647665015:,1747647681101
counter/1/0/0/0,18017:1747647664726:,1747647681101
counter/8/0/0/0,17730:1747647663307:,1747647681101
counter/2/0/0/0,19276:1747647665284:,1747647681101
counter/10/0/0/0,16939:1747647662973:,1747647681101
counter/9/0/0/0,19897:1747647665015:,1747647681101
counter/1/0/0/0,18018:1747647664726:,1747647681101
counter/8/0/0/0,17731:1747647663307:,1747647681102
counter/4/0/0/0,16900:1747647664691:,1747647681102
counter/2/0/0/0,19277:1747647665284:,1747647681102
counter/10/0/0/0,16940:1747647662986:,1747647681102
counter/9/0/0/0,19898:1747647665015:,1747647681102
counter/1/0/0/0,18019:1747647664726:,1747647681102
counter/8/0/0/0,17732:1747647663307:,1747647681102
counter/5/0/0/0,17727:1747647663738:,1747647681102
counter/6/0/0/0,16652:1747647663649:,1747647681102
counter/2/0/0/0,19278:1747647665284:,1747647681102
counter/10/0/0/0,16941:1747647662986:,1747647681102
counter/9/0/0/0,19899:1747647665015:,1747647681102
counter/1/0/0/0,18020:1747647664735:,1747647681102
counter/8/0/0/0,17733:1747647663307:,1747647681102
counter/5/0/0/0,17728:1747647663738:,1747647681102
counter/2/0/0/0,19279:1747647665284:,1747647681102
counter/10/0/0/0,16942:1747647662987:,1747647681102
counter/9/0/0/0,19900:1747647665015:,1747647681102
counter/1/0/0/0,18021:1747647664735:,1747647681102
counter/8/0/0/0,17734:1747647663307:,1747647681102
counter/5/0/0/0,17729:1747647663742:,1747647681102
counter/2/0/0/0,19280:1747647665284:,1747647681102
counter/10/0/0/0,16943:1747647662987:,1747647681102
counter/9/0/0/0,19901:1747647665015:,1747647681102
counter/1/0/0/0,18022:1747647664735:,1747647681102
counter/8/0/0/0,17735:1747647663308:,1747647681102
counter/5/0/0/0,17730:1747647663742:,1747647681102
counter/2/0/0/0,19281:1747647665284:,1747647681102
counter/10/0/0/0,16944:1747647662988:,1747647681102
counter/9/0/0/0,19902:1747647665015:,1747647681102
counter/1/0/0/0,18023:1747647664735:,1747647681102
counter/5/0/0/0,17731:1747647663742:,1747647681102
counter/2/0/0/0,19282:1747647665284:,1747647681102
counter/10/0/0/0,16945:1747647662988:,1747647681102
counter/9/0/0/0,19903:1747647665015:,1747647681102
counter/1/0/0/0,18024:1747647664735:,1747647681102
counter/5/0/0/0,17732:1747647663742:,1747647681102
counter/2/0/0/0,19283:1747647665297:,1747647681102
counter/10/0/0/0,16946:1747647662989:,1747647681102
counter/9/0/0/0,19904:1747647665015:,1747647681102
counter/1/0/0/0,18025:1747647664735:,1747647681102
counter/5/0/0/0,17733:1747647663743:,1747647681102
counter/2/0/0/0,19284:1747647665297:,1747647681102
counter/10/0/0/0,16947:1747647662989:,1747647681102
counter/9/0/0/0,19905:1747647665015:,1747647681103
counter/1/0/0/0,18026:1747647664739:,1747647681103
counter/5/0/0/0,17734:1747647663743:,1747647681103
counter/2/0/0/0,19285:1747647665297:,1747647681103
counter/10/0/0/0,16948:1747647662989:,1747647681103
counter/9/0/0/0,19906:1747647665015:,1747647681103
counter/1/0/0/0,18027:1747647664743:,1747647681103
counter/5/0/0/0,17735:1747647663743:,1747647681103
counter/2/0/0/0,19286:1747647665297:,1747647681103
counter/10/0/0/0,16949:1747647662989:,1747647681103
counter/9/0/0/0,19907:1747647665015:,1747647681103
counter/1/0/0/0,18028:1747647664748:,1747647681103
counter/5/0/0/0,17736:1747647663743:,1747647681103
counter/2/0/0/0,19287:1747647665297:,1747647681103
counter/10/0/0/0,16950:1747647662989:,1747647681103
counter/9/0/0/0,19908:1747647665015:,1747647681103
counter/5/0/0/0,17737:1747647663743:,1747647681103
counter/2/0/0/0,19288:1747647665297:,1747647681103
counter/10/0/0/0,16951:1747647662989:,1747647681103
counter/9/0/0/0,19909:1747647665015:,1747647681103
counter/5/0/0/0,17738:1747647663743:,1747647681103
counter/2/0/0/0,19289:1747647665297:,1747647681103
counter/10/0/0/0,16952:1747647662989:,1747647681103
counter/9/0/0/0,19910:1747647665015:,1747647681103
counter/5/0/0/0,17739:1747647663743:,1747647681103
counter/2/0/0/0,19290:1747647665297:,1747647681103
counter/10/0/0/0,16953:1747647662989:,1747647681103
counter/9/0/0/0,19911:1747647665035:,1747647681103
counter/5/0/0/0,17740:1747647663743:,1747647681103
counter/2/0/0/0,19291:1747647665297:,1747647681103
counter/10/0/0/0,16954:1747647662989:,1747647681103
counter/9/0/0/0,19912:1747647665035:,1747647681103
counter/5/0/0/0,17741:1747647663743:,1747647681103
counter/2/0/0/0,19292:1747647665297:,1747647681103
counter/10/0/0/0,16955:1747647663000:,1747647681103
counter/9/0/0/0,19913:1747647665035:,1747647681103
counter/5/0/0/0,17742:1747647663743:,1747647681103
counter/2/0/0/0,19293:1747647665297:,1747647681103
counter/10/0/0/0,16956:1747647663000:,1747647681103
counter/9/0/0/0,19914:1747647665035:,1747647681103
counter/5/0/0/0,17743:1747647663749:,1747647681104
counter/2/0/0/0,19294:1747647665297:,1747647681104
counter/10/0/0/0,16957:1747647663000:,1747647681104
counter/9/0/0/0,19915:1747647665035:,1747647681104
counter/5/0/0/0,17744:1747647663753:,1747647681104
counter/2/0/0/0,19295:1747647665297:,1747647681104
counter/10/0/0/0,16958:1747647663000:,1747647681104
counter/9/0/0/0,19916:1747647665035:,1747647681104
counter/5/0/0/0,17745:1747647663753:,1747647681104
counter/2/0/0/0,19296:1747647665297:,1747647681104
counter/10/0/0/0,16959:1747647663000:,1747647681104
counter/9/0/0/0,19917:1747647665035:,1747647681104
counter/5/0/0/0,17746:1747647663753:,1747647681104
counter/2/0/0/0,19297:1747647665297:,1747647681104
counter/10/0/0/0,16960:1747647663000:,1747647681104
counter/9/0/0/0,19918:1747647665035:,1747647681104
counter/5/0/0/0,17747:1747647663753:,1747647681104
counter/2/0/0/0,19298:1747647665301:,1747647681104
counter/10/0/0/0,16961:1747647663000:,1747647681104
counter/9/0/0/0,19919:1747647665035:,1747647681104
counter/5/0/0/0,17748:1747647663753:,1747647681104
counter/2/0/0/0,19299:1747647665302:,1747647681104
counter/10/0/0/0,16962:1747647663005:,1747647681104
counter/9/0/0/0,19920:1747647665036:,1747647681104
counter/5/0/0/0,17749:1747647663753:,1747647681104
counter/2/0/0/0,19300:1747647665302:,1747647681104
counter/10/0/0/0,16963:1747647663005:,1747647681104
counter/9/0/0/0,19921:1747647665036:,1747647681104
counter/5/0/0/0,17750:1747647663753:,1747647681104
counter/2/0/0/0,19301:1747647665302:,1747647681104
counter/10/0/0/0,16964:1747647663005:,1747647681104
counter/9/0/0/0,19922:1747647665036:,1747647681104
counter/5/0/0/0,17751:1747647663753:,1747647681104
counter/2/0/0/0,19302:1747647665302:,1747647681104
counter/10/0/0/0,16965:1747647663009:,1747647681104
counter/9/0/0/0,19923:1747647665036:,1747647681104
counter/5/0/0/0,17752:1747647663753:,1747647681104
counter/2/0/0/0,19303:1747647665302:,1747647681104
counter/10/0/0/0,16966:1747647663009:,1747647681104
counter/9/0/0/0,19924:1747647665036:,1747647681104
counter/5/0/0/0,17753:1747647663753:,1747647681104
counter/2/0/0/0,19304:1747647665302:,1747647681104
counter/10/0/0/0,16967:1747647663009:,1747647681104
counter/9/0/0/0,19925:1747647665036:,1747647681104
counter/5/0/0/0,17754:1747647663753:,1747647681105
counter/2/0/0/0,19305:1747647665302:,1747647681105
counter/10/0/0/0,16968:1747647663009:,1747647681105
counter/9/0/0/0,19926:1747647665036:,1747647681105
counter/5/0/0/0,17755:1747647663753:,1747647681105
counter/2/0/0/0,19306:1747647665308:,1747647681105
counter/10/0/0/0,16969:1747647663009:,1747647681105
counter/9/0/0/0,19927:1747647665036:,1747647681105
counter/2/0/0/0,19307:1747647665321:,1747647681105
counter/10/0/0/0,16970:1747647663009:,1747647681105
counter/9/0/0/0,19928:1747647665040:,1747647681105
counter/2/0/0/0,19308:1747647665321:,1747647681105
counter/10/0/0/0,16971:1747647663009:,1747647681105
counter/9/0/0/0,19929:1747647665040:,1747647681105
counter/2/0/0/0,19309:1747647665321:,1747647681105
counter/10/0/0/0,16972:1747647663009:,1747647681105
counter/9/0/0/0,19930:1747647665040:,1747647681105
counter/2/0/0/0,19310:1747647665321:,1747647681105
counter/10/0/0/0,16973:1747647663009:,1747647681105
counter/9/0/0/0,19931:1747647665040:,1747647681105
counter/2/0/0/0,19311:1747647665321:,1747647681105
counter/10/0/0/0,16974:1747647663009:,1747647681105
counter/9/0/0/0,19932:1747647665040:,1747647681105
counter/2/0/0/0,19312:1747647665321:,1747647681105
counter/10/0/0/0,16975:1747647663009:,1747647681105
counter/9/0/0/0,19933:1747647665040:,1747647681105
counter/2/0/0/0,19313:1747647665321:,1747647681105
counter/10/0/0/0,16976:1747647663012:,1747647681105
counter/9/0/0/0,19934:1747647665040:,1747647681105
counter/2/0/0/0,19314:1747647665321:,1747647681105
counter/10/0/0/0,16977:1747647663013:,1747647681105
counter/9/0/0/0,19935:1747647665040:,1747647681105
counter/2/0/0/0,19315:1747647665322:,1747647681105
counter/10/0/0/0,16978:1747647663013:,1747647681105
counter/9/0/0/0,19936:1747647665040:,1747647681105
counter/2/0/0/0,19316:1747647665322:,1747647681105
counter/10/0/0/0,16979:1747647663013:,1747647681105
counter/9/0/0/0,19937:1747647665040:,1747647681105
counter/2/0/0/0,19317:1747647665322:,1747647681105
counter/10/0/0/0,16980:1747647663013:,1747647681105
counter/9/0/0/0,19938:1747647665040:,1747647681106
counter/2/0/0/0,19318:1747647665322:,1747647681106
counter/10/0/0/0,16981:1747647663013:,1747647681106
counter/9/0/0/0,19939:1747647665040:,1747647681106
counter/2/0/0/0,19319:1747647665322:,1747647681106
counter/10/0/0/0,16982:1747647663013:,1747647681106
counter/9/0/0/0,19940:1747647665040:,1747647681106
counter/2/0/0/0,19320:1747647665322:,1747647681106
counter/10/0/0/0,16983:1747647663013:,1747647681106
counter/9/0/0/0,19941:1747647665040:,1747647681106
counter/2/0/0/0,19321:1747647665322:,1747647681106
counter/10/0/0/0,16984:1747647663013:,1747647681106
counter/9/0/0/0,19942:1747647665040:,1747647681106
counter/2/0/0/0,19322:1747647665322:,1747647681106
counter/10/0/0/0,16985:1747647663013:,1747647681106
counter/9/0/0/0,19943:1747647665040:,1747647681106
counter/2/0/0/0,19323:1747647665322:,1747647681106
counter/10/0/0/0,16986:1747647663016:,1747647681106
counter/9/0/0/0,19944:1747647665040:,1747647681106
counter/2/0/0/0,19324:1747647665322:,1747647681106
counter/10/0/0/0,16987:1747647663016:,1747647681106
counter/9/0/0/0,19945:1747647665040:,1747647681106
counter/3/0/0/0,17336:1747647664515:,1747647681106
counter/2/0/0/0,19325:1747647665322:,1747647681106
counter/10/0/0/0,16988:1747647663016:,1747647681106
counter/9/0/0/0,19946:1747647665041:,1747647681106
counter/3/0/0/0,17337:1747647664515:,1747647681106
counter/6/0/0/0,16653:1747647663656:,1747647681106
counter/2/0/0/0,19326:1747647665322:,1747647681106
counter/10/0/0/0,16989:1747647663016:,1747647681106
counter/9/0/0/0,19947:1747647665041:,1747647681106
counter/3/0/0/0,17338:1747647664515:,1747647681106
counter/2/0/0/0,19327:1747647665322:,1747647681106
counter/10/0/0/0,16990:1747647663016:,1747647681106
counter/9/0/0/0,19948:1747647665041:,1747647681106
counter/3/0/0/0,17339:1747647664524:,1747647681106
counter/4/0/0/0,16901:1747647664691:,1747647681106
counter/2/0/0/0,19328:1747647665322:,1747647681106
counter/10/0/0/0,16991:1747647663016:,1747647681106
counter/9/0/0/0,19949:1747647665041:,1747647681106
counter/3/0/0/0,17340:1747647664524:,1747647681106
counter/8/0/0/0,17736:1747647663308:,1747647681106
counter/2/0/0/0,19329:1747647665322:,1747647681106
counter/10/0/0/0,16992:1747647663016:,1747647681106
counter/9/0/0/0,19950:1747647665041:,1747647681106
counter/3/0/0/0,17341:1747647664524:,1747647681107
counter/7/0/0/0,16183:1747647662635:,1747647681107
counter/2/0/0/0,19330:1747647665328:,1747647681107
counter/10/0/0/0,16993:1747647663016:,1747647681107
counter/9/0/0/0,19951:1747647665041:,1747647681107
counter/3/0/0/0,17342:1747647664524:,1747647681107
counter/4/0/0/0,16902:1747647664691:,1747647681107
counter/8/0/0/0,17737:1747647663308:,1747647681107
counter/1/0/0/0,18029:1747647664748:,1747647681107
counter/5/0/0/0,17756:1747647663753:,1747647681107
counter/2/0/0/0,19331:1747647665328:,1747647681107
counter/10/0/0/0,16994:1747647663021:,1747647681107
counter/9/0/0/0,19952:1747647665041:,1747647681107
counter/3/0/0/0,17343:1747647664524:,1747647681107
counter/4/0/0/0,16903:1747647664691:,1747647681107
counter/7/0/0/0,16184:1747647662635:,1747647681107
counter/2/0/0/0,19332:1747647665328:,1747647681107
counter/10/0/0/0,16995:1747647663021:,1747647681107
counter/9/0/0/0,19953:1747647665041:,1747647681107
counter/3/0/0/0,17344:1747647664524:,1747647681107
counter/8/0/0/0,17738:1747647663308:,1747647681107
counter/1/0/0/0,18030:1747647664748:,1747647681107
counter/5/0/0/0,17757:1747647663754:,1747647681107
counter/6/0/0/0,16654:1747647663656:,1747647681107
counter/2/0/0/0,19333:1747647665328:,1747647681107
counter/10/0/0/0,16996:1747647663021:,1747647681107
counter/9/0/0/0,19954:1747647665041:,1747647681107
counter/3/0/0/0,17345:1747647664524:,1747647681107
counter/2/0/0/0,19334:1747647665328:,1747647681107
counter/10/0/0/0,16997:1747647663021:,1747647681107
counter/9/0/0/0,19955:1747647665041:,1747647681107
counter/3/0/0/0,17346:1747647664524:,1747647681107
counter/6/0/0/0,16655:1747647663656:,1747647681107
counter/2/0/0/0,19335:1747647665328:,1747647681107
counter/10/0/0/0,16998:1747647663021:,1747647681107
counter/9/0/0/0,19956:1747647665041:,1747647681107
counter/3/0/0/0,17347:1747647664524:,1747647681107
counter/2/0/0/0,19336:1747647665328:,1747647681107
counter/10/0/0/0,16999:1747647663021:,1747647681107
counter/9/0/0/0,19957:1747647665041:,1747647681107
counter/5/0/0/0,17758:1747647663754:,1747647681107
counter/6/0/0/0,16656:1747647663656:,1747647681108
counter/2/0/0/0,19337:1747647665334:,1747647681108
counter/10/0/0/0,17000:1747647663021:,1747647681108
counter/9/0/0/0,19958:1747647665041:,1747647681108
counter/3/0/0/0,17348:1747647664524:,1747647681108
counter/7/0/0/0,16185:1747647662635:,1747647681108
counter/4/0/0/0,16904:1747647664698:,1747647681108
counter/2/0/0/0,19338:1747647665334:,1747647681108
counter/10/0/0/0,17001:1747647663026:,1747647681108
counter/9/0/0/0,19959:1747647665041:,1747647681108
counter/4/0/0/0,16905:1747647664698:,1747647681108
counter/5/0/0/0,17759:1747647663754:,1747647681108
counter/6/0/0/0,16657:1747647663658:,1747647681108
counter/2/0/0/0,19339:1747647665334:,1747647681108
counter/10/0/0/0,17002:1747647663026:,1747647681108
counter/9/0/0/0,19960:1747647665041:,1747647681108
counter/4/0/0/0,16906:1747647664698:,1747647681108
counter/3/0/0/0,17349:1747647664524:,1747647681108
counter/7/0/0/0,16186:1747647662635:,1747647681108
counter/8/0/0/0,17739:1747647663308:,1747647681108
counter/2/0/0/0,19340:1747647665334:,1747647681108
counter/10/0/0/0,17003:1747647663026:,1747647681108
counter/9/0/0/0,19961:1747647665043:,1747647681108
counter/4/0/0/0,16907:1747647664698:,1747647681108
counter/2/0/0/0,19341:1747647665334:,1747647681108
counter/10/0/0/0,17004:1747647663026:,1747647681108
counter/9/0/0/0,19962:1747647665044:,1747647681108
counter/4/0/0/0,16908:1747647664698:,1747647681108
counter/2/0/0/0,19342:1747647665334:,1747647681108
counter/10/0/0/0,17005:1747647663026:,1747647681108
counter/9/0/0/0,19963:1747647665044:,1747647681108
counter/2/0/0/0,19343:1747647665334:,1747647681108
counter/10/0/0/0,17006:1747647663026:,1747647681108
counter/9/0/0/0,19964:1747647665044:,1747647681108
counter/2/0/0/0,19344:1747647665334:,1747647681108
counter/10/0/0/0,17007:1747647663026:,1747647681108
counter/9/0/0/0,19965:1747647665044:,1747647681108
counter/2/0/0/0,19345:1747647665334:,1747647681108
counter/10/0/0/0,17008:1747647663026:,1747647681108
counter/9/0/0/0,19966:1747647665050:,1747647681109
counter/2/0/0/0,19346:1747647665334:,1747647681109
counter/10/0/0/0,17009:1747647663031:,1747647681109
counter/9/0/0/0,19967:1747647665050:,1747647681109
counter/2/0/0/0,19347:1747647665334:,1747647681109
counter/10/0/0/0,17010:1747647663045:,1747647681109
counter/9/0/0/0,19968:1747647665050:,1747647681109
counter/2/0/0/0,19348:1747647665334:,1747647681109
counter/10/0/0/0,17011:1747647663045:,1747647681109
counter/9/0/0/0,19969:1747647665050:,1747647681109
counter/2/0/0/0,19349:1747647665334:,1747647681109
counter/10/0/0/0,17012:1747647663045:,1747647681109
counter/9/0/0/0,19970:1747647665050:,1747647681109
counter/2/0/0/0,19350:1747647665334:,1747647681109
counter/10/0/0/0,17013:1747647663045:,1747647681109
counter/9/0/0/0,19971:1747647665050:,1747647681109
counter/6/0/0/0,16658:1747647663658:,1747647681109
counter/3/0/0/0,17350:1747647664524:,1747647681109
counter/2/0/0/0,19351:1747647665334:,1747647681109
counter/10/0/0/0,17014:1747647663045:,1747647681109
counter/9/0/0/0,19972:1747647665050:,1747647681109
counter/7/0/0/0,16187:1747647662651:,1747647681109
counter/8/0/0/0,17740:1747647663316:,1747647681109
counter/4/0/0/0,16909:1747647664698:,1747647681109
counter/2/0/0/0,19352:1747647665334:,1747647681109
counter/10/0/0/0,17015:1747647663046:,1747647681109
counter/9/0/0/0,19973:1747647665050:,1747647681109
counter/4/0/0/0,16910:1747647664698:,1747647681109
counter/2/0/0/0,19353:1747647665334:,1747647681109
counter/10/0/0/0,17016:1747647663046:,1747647681109
counter/9/0/0/0,19974:1747647665050:,1747647681109
counter/4/0/0/0,16911:1747647664698:,1747647681109
counter/2/0/0/0,19354:1747647665334:,1747647681109
counter/10/0/0/0,17017:1747647663046:,1747647681109
counter/9/0/0/0,19975:1747647665051:,1747647681109
counter/4/0/0/0,16912:1747647664698:,1747647681109
counter/2/0/0/0,19355:1747647665342:,1747647681109
counter/10/0/0/0,17018:1747647663046:,1747647681110
counter/9/0/0/0,19976:1747647665051:,1747647681110
counter/4/0/0/0,16913:1747647664698:,1747647681110
counter/2/0/0/0,19356:1747647665345:,1747647681110
counter/10/0/0/0,17019:1747647663046:,1747647681110
counter/9/0/0/0,19977:1747647665051:,1747647681110
counter/2/0/0/0,19357:1747647665345:,1747647681110
counter/10/0/0/0,17020:1747647663046:,1747647681110
counter/9/0/0/0,19978:1747647665051:,1747647681110
counter/2/0/0/0,19358:1747647665345:,1747647681110
counter/10/0/0/0,17021:1747647663046:,1747647681110
counter/9/0/0/0,19979:1747647665051:,1747647681110
counter/2/0/0/0,19359:1747647665345:,1747647681110
counter/10/0/0/0,17022:1747647663046:,1747647681110
counter/9/0/0/0,19980:1747647665051:,1747647681110
counter/1/0/0/0,18031:1747647664748:,1747647681110
counter/2/0/0/0,19360:1747647665345:,1747647681110
counter/10/0/0/0,17023:1747647663046:,1747647681110
counter/9/0/0/0,19981:1747647665052:,1747647681110
counter/5/0/0/0,17760:1747647663757:,1747647681110
counter/7/0/0/0,16188:1747647662651:,1747647681110
counter/6/0/0/0,16659:1747647663658:,1747647681110
counter/2/0/0/0,19361:1747647665345:,1747647681110
counter/10/0/0/0,17024:1747647663046:,1747647681110
counter/9/0/0/0,19982:1747647665053:,1747647681110
counter/6/0/0/0,16660:1747647663658:,1747647681110
counter/3/0/0/0,17351:1747647664525:,1747647681110
counter/2/0/0/0,19362:1747647665345:,1747647681110
counter/10/0/0/0,17025:1747647663046:,1747647681110
counter/9/0/0/0,19983:1747647665053:,1747647681110
counter/6/0/0/0,16661:1747647663658:,1747647681110
counter/1/0/0/0,18032:1747647664749:,1747647681110
counter/5/0/0/0,17761:1747647663757:,1747647681110
counter/7/0/0/0,16189:1747647662651:,1747647681110
counter/2/0/0/0,19363:1747647665345:,1747647681110
counter/10/0/0/0,17026:1747647663047:,1747647681110
counter/9/0/0/0,19984:1747647665053:,1747647681110
counter/6/0/0/0,16662:1747647663658:,1747647681110
counter/4/0/0/0,16914:1747647664698:,1747647681111
counter/8/0/0/0,17741:1747647663316:,1747647681111
counter/2/0/0/0,19364:1747647665345:,1747647681111
counter/10/0/0/0,17027:1747647663054:,1747647681111
counter/9/0/0/0,19985:1747647665063:,1747647681111
counter/6/0/0/0,16663:1747647663658:,1747647681111
counter/4/0/0/0,16915:1747647664699:,1747647681111
counter/7/0/0/0,16190:1747647662651:,1747647681111
counter/2/0/0/0,19365:1747647665345:,1747647681111
counter/10/0/0/0,17028:1747647663055:,1747647681111
counter/9/0/0/0,19986:1747647665063:,1747647681111
counter/6/0/0/0,16664:1747647663658:,1747647681111
counter/8/0/0/0,17742:1747647663316:,1747647681111
counter/3/0/0/0,17352:1747647664525:,1747647681111
counter/2/0/0/0,19366:1747647665345:,1747647681111
counter/10/0/0/0,17029:1747647663055:,1747647681111
counter/9/0/0/0,19987:1747647665063:,1747647681111
counter/2/0/0/0,19367:1747647665345:,1747647681111
counter/10/0/0/0,17030:1747647663055:,1747647681111
counter/9/0/0/0,19988:1747647665063:,1747647681111
counter/1/0/0/0,18033:1747647664750:,1747647681111
counter/2/0/0/0,19368:1747647665345:,1747647681111
counter/10/0/0/0,17031:1747647663055:,1747647681111
counter/9/0/0/0,19989:1747647665063:,1747647681111
counter/2/0/0/0,19369:1747647665346:,1747647681111
counter/10/0/0/0,17032:1747647663055:,1747647681111
counter/9/0/0/0,19990:1747647665063:,1747647681111
counter/2/0/0/0,19370:1747647665351:,1747647681111
counter/10/0/0/0,17033:1747647663055:,1747647681111
counter/9/0/0/0,19991:1747647665064:,1747647681111
counter/2/0/0/0,19371:1747647665351:,1747647681111
counter/10/0/0/0,17034:1747647663055:,1747647681111
counter/9/0/0/0,19992:1747647665064:,1747647681111
counter/2/0/0/0,19372:1747647665351:,1747647681111
counter/10/0/0/0,17035:1747647663055:,1747647681111
counter/9/0/0/0,19993:1747647665064:,1747647681111
counter/2/0/0/0,19373:1747647665351:,1747647681111
counter/10/0/0/0,17036:1747647663055:,1747647681111
counter/9/0/0/0,19994:1747647665064:,1747647681111
counter/2/0/0/0,19374:1747647665371:,1747647681111
counter/10/0/0/0,17037:1747647663056:,1747647681111
counter/9/0/0/0,19995:1747647665064:,1747647681111
counter/2/0/0/0,19375:1747647665371:,1747647681111
counter/10/0/0/0,17038:1747647663056:,1747647681112
counter/9/0/0/0,19996:1747647665064:,1747647681112
counter/2/0/0/0,19376:1747647665371:,1747647681112
counter/10/0/0/0,17039:1747647663056:,1747647681112
counter/9/0/0/0,19997:1747647665064:,1747647681112
counter/2/0/0/0,19377:1747647665371:,1747647681112
counter/10/0/0/0,17040:1747647663059:,1747647681112
counter/9/0/0/0,19998:1747647665064:,1747647681112
counter/2/0/0/0,19378:1747647665371:,1747647681112
counter/10/0/0/0,17041:1747647663060:,1747647681112
counter/9/0/0/0,19999:1747647665064:,1747647681112
counter/2/0/0/0,19379:1747647665373:,1747647681112
counter/10/0/0/0,17042:1747647663060:,1747647681112
counter/9/0/0/0,20000:1747647665064:,1747647681112
counter/2/0/0/0,19380:1747647665373:,1747647681112
counter/10/0/0/0,17043:1747647663060:,1747647681112
counter/9/0/0/0,20001:1747647665064:,1747647681112
counter/2/0/0/0,19381:1747647665373:,1747647681112
counter/10/0/0/0,17044:1747647663061:,1747647681112
counter/9/0/0/0,20002:1747647665064:,1747647681112
counter/2/0/0/0,19382:1747647665382:,1747647681112
counter/10/0/0/0,17045:1747647663061:,1747647681112
counter/9/0/0/0,20003:1747647665064:,1747647681112
counter/2/0/0/0,19383:1747647665382:,1747647681112
counter/10/0/0/0,17046:1747647663061:,1747647681112
counter/9/0/0/0,20004:1747647665065:,1747647681112
counter/2/0/0/0,19384:1747647665382:,1747647681112
counter/10/0/0/0,17047:1747647663061:,1747647681112
counter/9/0/0/0,20005:1747647665065:,1747647681112
counter/2/0/0/0,19385:1747647665382:,1747647681112
counter/10/0/0/0,17048:1747647663061:,1747647681112
counter/9/0/0/0,20006:1747647665065:,1747647681112
counter/2/0/0/0,19386:1747647665393:,1747647681112
counter/10/0/0/0,17049:1747647663062:,1747647681112
counter/9/0/0/0,20007:1747647665065:,1747647681112
counter/2/0/0/0,19387:1747647665393:,1747647681112
counter/10/0/0/0,17050:1747647663063:,1747647681112
counter/9/0/0/0,20008:1747647665065:,1747647681112
counter/5/0/0/0,17762:1747647663757:,1747647681112
counter/4/0/0/0,16916:1747647664699:,1747647681112
counter/2/0/0/0,19388:1747647665393:,1747647681113
counter/10/0/0/0,17051:1747647663065:,1747647681113
counter/9/0/0/0,20009:1747647665065:,1747647681113
counter/8/0/0/0,17743:1747647663316:,1747647681113
counter/2/0/0/0,19389:1747647665393:,1747647681113
counter/10/0/0/0,17052:1747647663065:,1747647681113
counter/9/0/0/0,20010:1747647665065:,1747647681113
counter/2/0/0/0,19390:1747647665394:,1747647681113
counter/10/0/0/0,17053:1747647663076:,1747647681113
counter/9/0/0/0,20011:1747647665066:,1747647681113
counter/4/0/0/0,16917:1747647664699:,1747647681113
counter/2/0/0/0,19391:1747647665394:,1747647681113
counter/10/0/0/0,17054:1747647663076:,1747647681113
counter/9/0/0/0,20012:1747647665066:,1747647681113
counter/8/0/0/0,17744:1747647663316:,1747647681113
counter/3/0/0/0,17353:1747647664525:,1747647681113
counter/2/0/0/0,19392:1747647665394:,1747647681113
counter/10/0/0/0,17055:1747647663076:,1747647681113
counter/9/0/0/0,20013:1747647665066:,1747647681113
counter/1/0/0/0,18034:1747647664750:,1747647681113
counter/7/0/0/0,16191:1747647662651:,1747647681113
counter/6/0/0/0,16665:1747647663658:,1747647681113
counter/2/0/0/0,19393:1747647665394:,1747647681113
counter/10/0/0/0,17056:1747647663076:,1747647681113
counter/9/0/0/0,20014:1747647665066:,1747647681113
counter/6/0/0/0,16666:1747647663658:,1747647681113
counter/2/0/0/0,19394:1747647665394:,1747647681113
counter/10/0/0/0,17057:1747647663076:,1747647681113
counter/9/0/0/0,20015:1747647665066:,1747647681113
counter/6/0/0/0,16667:1747647663658:,1747647681113
counter/2/0/0/0,19395:1747647665394:,1747647681113
counter/10/0/0/0,17058:1747647663076:,1747647681113
counter/9/0/0/0,20016:1747647665066:,1747647681113
counter/6/0/0/0,16668:1747647663658:,1747647681113
counter/7/0/0/0,16192:1747647662651:,1747647681113
counter/2/0/0/0,19396:1747647665394:,1747647681113
counter/10/0/0/0,17059:1747647663076:,1747647681113
counter/9/0/0/0,20017:1747647665066:,1747647681113
counter/6/0/0/0,16669:1747647663658:,1747647681113
counter/3/0/0/0,17354:1747647664526:,1747647681113
counter/2/0/0/0,19397:1747647665394:,1747647681113
counter/10/0/0/0,17060:1747647663076:,1747647681113
counter/9/0/0/0,20018:1747647665066:,1747647681114
counter/6/0/0/0,16670:1747647663658:,1747647681114
counter/2/0/0/0,19398:1747647665394:,1747647681114
counter/10/0/0/0,17061:1747647663076:,1747647681114
counter/9/0/0/0,20019:1747647665066:,1747647681114
counter/6/0/0/0,16671:1747647663658:,1747647681114
counter/2/0/0/0,19399:1747647665394:,1747647681114
counter/10/0/0/0,17062:1747647663076:,1747647681114
counter/9/0/0/0,20020:1747647665066:,1747647681114
counter/6/0/0/0,16672:1747647663659:,1747647681114
counter/2/0/0/0,19400:1747647665394:,1747647681114
counter/10/0/0/0,17063:1747647663076:,1747647681114
counter/9/0/0/0,20021:1747647665072:,1747647681114
counter/6/0/0/0,16673:1747647663659:,1747647681114
counter/5/0/0/0,17763:1747647663757:,1747647681114
counter/1/0/0/0,18035:1747647664750:,1747647681114
counter/7/0/0/0,16193:1747647662651:,1747647681114
counter/2/0/0/0,19401:1747647665394:,1747647681114
counter/10/0/0/0,17064:1747647663076:,1747647681114
counter/9/0/0/0,20022:1747647665072:,1747647681114
counter/6/0/0/0,16674:1747647663659:,1747647681114
counter/8/0/0/0,17745:1747647663316:,1747647681114
counter/2/0/0/0,19402:1747647665398:,1747647681114
counter/10/0/0/0,17065:1747647663076:,1747647681114
counter/9/0/0/0,20023:1747647665072:,1747647681114
counter/6/0/0/0,16675:1747647663659:,1747647681114
counter/4/0/0/0,16918:1747647664699:,1747647681114
counter/2/0/0/0,19403:1747647665398:,1747647681114
counter/10/0/0/0,17066:1747647663076:,1747647681114
counter/9/0/0/0,20024:1747647665072:,1747647681114
counter/6/0/0/0,16676:1747647663669:,1747647681114
counter/2/0/0/0,19404:1747647665398:,1747647681114
counter/10/0/0/0,17067:1747647663076:,1747647681114
counter/9/0/0/0,20025:1747647665072:,1747647681114
counter/6/0/0/0,16677:1747647663670:,1747647681114
counter/2/0/0/0,19405:1747647665398:,1747647681114
counter/10/0/0/0,17068:1747647663076:,1747647681114
counter/9/0/0/0,20026:1747647665072:,1747647681114
counter/6/0/0/0,16678:1747647663670:,1747647681114
counter/2/0/0/0,19406:1747647665398:,1747647681114
counter/10/0/0/0,17069:1747647663080:,1747647681114
counter/9/0/0/0,20027:1747647665072:,1747647681114
counter/6/0/0/0,16679:1747647663670:,1747647681115
counter/2/0/0/0,19407:1747647665415:,1747647681115
counter/10/0/0/0,17070:1747647663081:,1747647681115
counter/9/0/0/0,20028:1747647665072:,1747647681115
counter/6/0/0/0,16680:1747647663670:,1747647681115
counter/2/0/0/0,19408:1747647665415:,1747647681115
counter/10/0/0/0,17071:1747647663081:,1747647681115
counter/9/0/0/0,20029:1747647665072:,1747647681115
counter/6/0/0/0,16681:1747647663670:,1747647681115
counter/4/0/0/0,16919:1747647664705:,1747647681115
counter/5/0/0/0,17764:1747647663757:,1747647681115
counter/1/0/0/0,18036:1747647664750:,1747647681115
counter/2/0/0/0,19409:1747647665415:,1747647681115
counter/10/0/0/0,17072:1747647663081:,1747647681115
counter/9/0/0/0,20030:1747647665072:,1747647681115
counter/6/0/0/0,16682:1747647663670:,1747647681115
counter/7/0/0/0,16194:1747647662651:,1747647681115
counter/8/0/0/0,17746:1747647663316:,1747647681115
counter/3/0/0/0,17355:1747647664526:,1747647681115
counter/2/0/0/0,19410:1747647665438:,1747647681115
counter/10/0/0/0,17073:1747647663081:,1747647681115
counter/9/0/0/0,20031:1747647665072:,1747647681115
counter/6/0/0/0,16683:1747647663670:,1747647681115
counter/4/0/0/0,16920:1747647664706:,1747647681115
counter/2/0/0/0,19411:1747647665438:,1747647681115
counter/10/0/0/0,17074:1747647663081:,1747647681115
counter/9/0/0/0,20032:1747647665077:,1747647681115
counter/6/0/0/0,16684:1747647663670:,1747647681115
counter/4/0/0/0,16921:1747647664706:,1747647681115
counter/7/0/0/0,16195:1747647662658:,1747647681115
counter/2/0/0/0,19412:1747647665438:,1747647681115
counter/10/0/0/0,17075:1747647663081:,1747647681115
counter/9/0/0/0,20033:1747647665077:,1747647681115
counter/6/0/0/0,16685:1747647663670:,1747647681115
counter/4/0/0/0,16922:1747647664706:,1747647681115
counter/8/0/0/0,17747:1747647663316:,1747647681115
counter/2/0/0/0,19413:1747647665438:,1747647681116
counter/10/0/0/0,17076:1747647663081:,1747647681116
counter/9/0/0/0,20034:1747647665077:,1747647681116
counter/6/0/0/0,16686:1747647663670:,1747647681116
counter/4/0/0/0,16923:1747647664706:,1747647681116
counter/2/0/0/0,19414:1747647665440:,1747647681116
counter/10/0/0/0,17077:1747647663081:,1747647681116
counter/9/0/0/0,20035:1747647665077:,1747647681116
counter/6/0/0/0,16687:1747647663670:,1747647681116
counter/4/0/0/0,16924:1747647664706:,1747647681116
counter/2/0/0/0,19415:1747647665440:,1747647681116
counter/10/0/0/0,17078:1747647663081:,1747647681116
counter/9/0/0/0,20036:1747647665077:,1747647681116
counter/6/0/0/0,16688:1747647663670:,1747647681116
counter/4/0/0/0,16925:1747647664706:,1747647681116
counter/2/0/0/0,19416:1747647665440:,1747647681116
counter/10/0/0/0,17079:1747647663081:,1747647681116
counter/9/0/0/0,20037:1747647665077:,1747647681116
counter/4/0/0/0,16926:1747647664706:,1747647681116
counter/2/0/0/0,19417:1747647665442:,1747647681116
counter/10/0/0/0,17080:1747647663081:,1747647681116
counter/9/0/0/0,20038:1747647665086:,1747647681116
counter/4/0/0/0,16927:1747647664706:,1747647681116
counter/6/0/0/0,16689:1747647663675:,1747647681116
counter/2/0/0/0,19418:1747647665442:,1747647681116
counter/10/0/0/0,17081:1747647663081:,1747647681116
counter/9/0/0/0,20039:1747647665086:,1747647681116
counter/4/0/0/0,16928:1747647664706:,1747647681116
counter/2/0/0/0,19419:1747647665442:,1747647681116
counter/10/0/0/0,17082:1747647663081:,1747647681116
counter/9/0/0/0,20040:1747647665086:,1747647681116
counter/4/0/0/0,16929:1747647664706:,1747647681116
counter/2/0/0/0,19420:1747647665442:,1747647681116
counter/10/0/0/0,17083:1747647663088:,1747647681116
counter/9/0/0/0,20041:1747647665086:,1747647681116
counter/4/0/0/0,16930:1747647664706:,1747647681116
counter/2/0/0/0,19421:1747647665442:,1747647681116
counter/10/0/0/0,17084:1747647663088:,1747647681116
counter/9/0/0/0,20042:1747647665086:,1747647681116
counter/4/0/0/0,16931:1747647664706:,1747647681116
counter/2/0/0/0,19422:1747647665443:,1747647681117
counter/10/0/0/0,17085:1747647663088:,1747647681117
counter/9/0/0/0,20043:1747647665086:,1747647681117
counter/4/0/0/0,16932:1747647664706:,1747647681117
counter/2/0/0/0,19423:1747647665443:,1747647681117
counter/10/0/0/0,17086:1747647663088:,1747647681117
counter/9/0/0/0,20044:1747647665086:,1747647681117
counter/4/0/0/0,16933:1747647664706:,1747647681117
counter/2/0/0/0,19424:1747647665443:,1747647681117
counter/10/0/0/0,17087:1747647663088:,1747647681117
counter/9/0/0/0,20045:1747647665086:,1747647681117
counter/4/0/0/0,16934:1747647664708:,1747647681117
counter/2/0/0/0,19425:1747647665444:,1747647681117
counter/10/0/0/0,17088:1747647663089:,1747647681117
counter/9/0/0/0,20046:1747647665086:,1747647681117
counter/4/0/0/0,16935:1747647664709:,1747647681117
counter/2/0/0/0,19426:1747647665444:,1747647681117
counter/10/0/0/0,17089:1747647663094:,1747647681117
counter/9/0/0/0,20047:1747647665086:,1747647681117
counter/4/0/0/0,16936:1747647664709:,1747647681117
counter/2/0/0/0,19427:1747647665445:,1747647681117
counter/10/0/0/0,17090:1747647663095:,1747647681117
counter/9/0/0/0,20048:1747647665086:,1747647681117
counter/4/0/0/0,16937:1747647664709:,1747647681117
counter/2/0/0/0,19428:1747647665445:,1747647681117
counter/10/0/0/0,17091:1747647663095:,1747647681117
counter/9/0/0/0,20049:1747647665086:,1747647681117
counter/4/0/0/0,16938:1747647664709:,1747647681117
counter/2/0/0/0,19429:1747647665445:,1747647681117
counter/10/0/0/0,17092:1747647663095:,1747647681117
counter/9/0/0/0,20050:1747647665086:,1747647681117
counter/4/0/0/0,16939:1747647664709:,1747647681117
counter/2/0/0/0,19430:1747647665445:,1747647681117
counter/10/0/0/0,17093:1747647663095:,1747647681117
counter/9/0/0/0,20051:1747647665086:,1747647681118
counter/4/0/0/0,16940:1747647664709:,1747647681118
counter/2/0/0/0,19431:1747647665445:,1747647681118
counter/10/0/0/0,17094:1747647663095:,1747647681118
counter/9/0/0/0,20052:1747647665087:,1747647681118
counter/4/0/0/0,16941:1747647664709:,1747647681118
counter/2/0/0/0,19432:1747647665445:,1747647681118
counter/10/0/0/0,17095:1747647663095:,1747647681118
counter/9/0/0/0,20053:1747647665087:,1747647681118
counter/4/0/0/0,16942:1747647664709:,1747647681118
counter/2/0/0/0,19433:1747647665445:,1747647681118
counter/10/0/0/0,17096:1747647663095:,1747647681118
counter/9/0/0/0,20054:1747647665087:,1747647681118
counter/4/0/0/0,16943:1747647664709:,1747647681118
counter/2/0/0/0,19434:1747647665445:,1747647681118
counter/10/0/0/0,17097:1747647663112:,1747647681118
counter/9/0/0/0,20055:1747647665087:,1747647681118
counter/4/0/0/0,16944:1747647664709:,1747647681118
counter/2/0/0/0,19435:1747647665445:,1747647681118
counter/10/0/0/0,17098:1747647663112:,1747647681118
counter/9/0/0/0,20056:1747647665087:,1747647681118
counter/4/0/0/0,16945:1747647664709:,1747647681118
counter/2/0/0/0,19436:1747647665445:,1747647681118
counter/10/0/0/0,17099:1747647663112:,1747647681118
counter/9/0/0/0,20057:1747647665087:,1747647681118
counter/4/0/0/0,16946:1747647664711:,1747647681118
counter/2/0/0/0,19437:1747647665445:,1747647681118
counter/10/0/0/0,17100:1747647663112:,1747647681118
counter/9/0/0/0,20058:1747647665087:,1747647681118
counter/4/0/0/0,16947:1747647664711:,1747647681118
counter/2/0/0/0,19438:1747647665445:,1747647681118
counter/10/0/0/0,17101:1747647663112:,1747647681118
counter/9/0/0/0,20059:1747647665087:,1747647681118
counter/4/0/0/0,16948:1747647664711:,1747647681118
counter/3/0/0/0,17356:1747647664527:,1747647681118
counter/7/0/0/0,16196:1747647662659:,1747647681118
counter/2/0/0/0,19439:1747647665445:,1747647681118
counter/10/0/0/0,17102:1747647663112:,1747647681118
counter/9/0/0/0,20060:1747647665087:,1747647681118
counter/4/0/0/0,16949:1747647664715:,1747647681118
counter/8/0/0/0,17748:1747647663317:,1747647681118
counter/2/0/0/0,19440:1747647665445:,1747647681119
counter/10/0/0/0,17103:1747647663117:,1747647681119
counter/9/0/0/0,20061:1747647665087:,1747647681119
counter/4/0/0/0,16950:1747647664715:,1747647681119
counter/5/0/0/0,17765:1747647663757:,1747647681119
counter/2/0/0/0,19441:1747647665445:,1747647681119
counter/10/0/0/0,17104:1747647663117:,1747647681119
counter/9/0/0/0,20062:1747647665087:,1747647681119
counter/4/0/0/0,16951:1747647664715:,1747647681119
counter/2/0/0/0,19442:1747647665445:,1747647681119
counter/10/0/0/0,17105:1747647663117:,1747647681119
counter/9/0/0/0,20063:1747647665087:,1747647681119
counter/4/0/0/0,16952:1747647664715:,1747647681119
counter/2/0/0/0,19443:1747647665455:,1747647681119
counter/10/0/0/0,17106:1747647663117:,1747647681119
counter/9/0/0/0,20064:1747647665087:,1747647681119
counter/4/0/0/0,16953:1747647664715:,1747647681119
counter/2/0/0/0,19444:1747647665455:,1747647681119
counter/10/0/0/0,17107:1747647663117:,1747647681119
counter/9/0/0/0,20065:1747647665087:,1747647681119
counter/4/0/0/0,16954:1747647664715:,1747647681119
counter/2/0/0/0,19445:1747647665455:,1747647681119
counter/10/0/0/0,17108:1747647663117:,1747647681119
counter/9/0/0/0,20066:1747647665087:,1747647681119
counter/4/0/0/0,16955:1747647664715:,1747647681119
counter/2/0/0/0,19446:1747647665455:,1747647681119
counter/10/0/0/0,17109:1747647663117:,1747647681119
counter/9/0/0/0,20067:1747647665087:,1747647681119
counter/2/0/0/0,19447:1747647665457:,1747647681119
counter/10/0/0/0,17110:1747647663117:,1747647681119
counter/9/0/0/0,20068:1747647665087:,1747647681119
counter/2/0/0/0,19448:1747647665457:,1747647681119
counter/10/0/0/0,17111:1747647663117:,1747647681119
counter/9/0/0/0,20069:1747647665087:,1747647681119
counter/2/0/0/0,19449:1747647665457:,1747647681119
counter/10/0/0/0,17112:1747647663117:,1747647681119
counter/9/0/0/0,20070:1747647665087:,1747647681119
counter/2/0/0/0,19450:1747647665457:,1747647681119
counter/10/0/0/0,17113:1747647663117:,1747647681119
counter/9/0/0/0,20071:1747647665087:,1747647681119
counter/2/0/0/0,19451:1747647665457:,1747647681120
counter/10/0/0/0,17114:1747647663117:,1747647681120
counter/9/0/0/0,20072:1747647665087:,1747647681120
counter/1/0/0/0,18037:1747647664753:,1747647681120
counter/2/0/0/0,19452:1747647665457:,1747647681120
counter/10/0/0/0,17115:1747647663117:,1747647681120
counter/9/0/0/0,20073:1747647665087:,1747647681120
counter/2/0/0/0,19453:1747647665457:,1747647681120
counter/10/0/0/0,17116:1747647663117:,1747647681120
counter/9/0/0/0,20074:1747647665087:,1747647681120
counter/2/0/0/0,19454:1747647665457:,1747647681120
counter/10/0/0/0,17117:1747647663117:,1747647681120
counter/9/0/0/0,20075:1747647665087:,1747647681120
counter/2/0/0/0,19455:1747647665457:,1747647681120
counter/10/0/0/0,17118:1747647663117:,1747647681120
counter/9/0/0/0,20076:1747647665087:,1747647681120
counter/2/0/0/0,19456:1747647665457:,1747647681120
counter/10/0/0/0,17119:1747647663117:,1747647681120
counter/9/0/0/0,20077:1747647665088:,1747647681120
counter/2/0/0/0,19457:1747647665457:,1747647681120
counter/10/0/0/0,17120:1747647663117:,1747647681120
counter/9/0/0/0,20078:1747647665118:,1747647681120
counter/2/0/0/0,19458:1747647665457:,1747647681120
counter/10/0/0/0,17121:1747647663117:,1747647681120
counter/9/0/0/0,20079:1747647665118:,1747647681120
counter/6/0/0/0,16690:1747647663675:,1747647681120
counter/4/0/0/0,16956:1747647664715:,1747647681120
counter/2/0/0/0,19459:1747647665469:,1747647681120
counter/10/0/0/0,17122:1747647663117:,1747647681120
counter/9/0/0/0,20080:1747647665118:,1747647681120
counter/2/0/0/0,19460:1747647665469:,1747647681120
counter/10/0/0/0,17123:1747647663117:,1747647681120
counter/9/0/0/0,20081:1747647665118:,1747647681120
counter/2/0/0/0,19461:1747647665469:,1747647681120
counter/10/0/0/0,17124:1747647663117:,1747647681120
counter/9/0/0/0,20082:1747647665118:,1747647681120
counter/2/0/0/0,19462:1747647665469:,1747647681120
counter/10/0/0/0,17125:1747647663117:,1747647681120
counter/9/0/0/0,20083:1747647665118:,1747647681120
counter/2/0/0/0,19463:1747647665469:,1747647681121
counter/10/0/0/0,17126:1747647663118:,1747647681121
counter/9/0/0/0,20084:1747647665123:,1747647681121
counter/2/0/0/0,19464:1747647665469:,1747647681121
counter/10/0/0/0,17127:1747647663118:,1747647681121
counter/9/0/0/0,20085:1747647665124:,1747647681121
counter/2/0/0/0,19465:1747647665469:,1747647681121
counter/10/0/0/0,17128:1747647663118:,1747647681121
counter/9/0/0/0,20086:1747647665124:,1747647681121
counter/2/0/0/0,19466:1747647665469:,1747647681121
counter/10/0/0/0,17129:1747647663118:,1747647681121
counter/9/0/0/0,20087:1747647665124:,1747647681121
counter/5/0/0/0,17766:1747647663757:,1747647681121
counter/4/0/0/0,16957:1747647664715:,1747647681121
counter/2/0/0/0,19467:1747647665481:,1747647681121
counter/10/0/0/0,17130:1747647663118:,1747647681121
counter/9/0/0/0,20088:1747647665124:,1747647681121
counter/8/0/0/0,17749:1747647663317:,1747647681121
counter/1/0/0/0,18038:1747647664753:,1747647681121
counter/2/0/0/0,19468:1747647665481:,1747647681121
counter/10/0/0/0,17131:1747647663118:,1747647681121
counter/9/0/0/0,20089:1747647665124:,1747647681121
counter/2/0/0/0,19469:1747647665481:,1747647681121
counter/10/0/0/0,17132:1747647663118:,1747647681121
counter/9/0/0/0,20090:1747647665124:,1747647681121
counter/2/0/0/0,19470:1747647665481:,1747647681121
counter/10/0/0/0,17133:1747647663118:,1747647681121
counter/9/0/0/0,20091:1747647665124:,1747647681121
counter/2/0/0/0,19471:1747647665481:,1747647681121
counter/10/0/0/0,17134:1747647663118:,1747647681121
counter/9/0/0/0,20092:1747647665124:,1747647681121
counter/2/0/0/0,19472:1747647665487:,1747647681121
counter/10/0/0/0,17135:1747647663118:,1747647681121
counter/9/0/0/0,20093:1747647665124:,1747647681121
counter/2/0/0/0,19473:1747647665487:,1747647681121
counter/10/0/0/0,17136:1747647663118:,1747647681121
counter/9/0/0/0,20094:1747647665124:,1747647681121
counter/2/0/0/0,19474:1747647665487:,1747647681121
counter/10/0/0/0,17137:1747647663118:,1747647681121
counter/9/0/0/0,20095:1747647665124:,1747647681121
counter/2/0/0/0,19475:1747647665487:,1747647681121
counter/10/0/0/0,17138:1747647663118:,1747647681122
counter/9/0/0/0,20096:1747647665124:,1747647681122
counter/2/0/0/0,19476:1747647665487:,1747647681122
counter/10/0/0/0,17139:1747647663118:,1747647681122
counter/9/0/0/0,20097:1747647665124:,1747647681122
counter/7/0/0/0,16197:1747647662659:,1747647681122
counter/2/0/0/0,19477:1747647665487:,1747647681122
counter/10/0/0/0,17140:1747647663118:,1747647681122
counter/9/0/0/0,20098:1747647665124:,1747647681122
counter/7/0/0/0,16198:1747647662659:,1747647681122
counter/2/0/0/0,19478:1747647665493:,1747647681122
counter/10/0/0/0,17141:1747647663118:,1747647681122
counter/9/0/0/0,20099:1747647665124:,1747647681122
counter/7/0/0/0,16199:1747647662659:,1747647681122
counter/8/0/0/0,17750:1747647663317:,1747647681122
counter/2/0/0/0,19479:1747647665493:,1747647681122
counter/10/0/0/0,17142:1747647663119:,1747647681122
counter/9/0/0/0,20100:1747647665124:,1747647681122
counter/7/0/0/0,16200:1747647662659:,1747647681122
counter/8/0/0/0,17751:1747647663317:,1747647681122
counter/2/0/0/0,19480:1747647665493:,1747647681122
counter/10/0/0/0,17143:1747647663119:,1747647681122
counter/9/0/0/0,20101:1747647665124:,1747647681122
counter/7/0/0/0,16201:1747647662659:,1747647681122
counter/8/0/0/0,17752:1747647663317:,1747647681122
counter/2/0/0/0,19481:1747647665493:,1747647681122
counter/10/0/0/0,17144:1747647663119:,1747647681122
counter/9/0/0/0,20102:1747647665125:,1747647681122
counter/8/0/0/0,17753:1747647663317:,1747647681122
counter/2/0/0/0,19482:1747647665493:,1747647681122
counter/10/0/0/0,17145:1747647663119:,1747647681122
counter/9/0/0/0,20103:1747647665125:,1747647681122
counter/8/0/0/0,17754:1747647663317:,1747647681122
counter/2/0/0/0,19483:1747647665493:,1747647681122
counter/10/0/0/0,17146:1747647663119:,1747647681122
counter/9/0/0/0,20104:1747647665125:,1747647681122
counter/8/0/0/0,17755:1747647663317:,1747647681122
counter/2/0/0/0,19484:1747647665493:,1747647681122
counter/10/0/0/0,17147:1747647663119:,1747647681122
counter/9/0/0/0,20105:1747647665125:,1747647681123
counter/8/0/0/0,17756:1747647663320:,1747647681123
counter/2/0/0/0,19485:1747647665494:,1747647681123
counter/10/0/0/0,17148:1747647663119:,1747647681123
counter/9/0/0/0,20106:1747647665125:,1747647681123
counter/8/0/0/0,17757:1747647663320:,1747647681123
counter/2/0/0/0,19486:1747647665494:,1747647681123
counter/10/0/0/0,17149:1747647663119:,1747647681123
counter/9/0/0/0,20107:1747647665125:,1747647681123
counter/8/0/0/0,17758:1747647663320:,1747647681123
counter/2/0/0/0,19487:1747647665494:,1747647681123
counter/10/0/0/0,17150:1747647663119:,1747647681123
counter/9/0/0/0,20108:1747647665125:,1747647681123
counter/8/0/0/0,17759:1747647663320:,1747647681123
counter/2/0/0/0,19488:1747647665494:,1747647681123
counter/10/0/0/0,17151:1747647663119:,1747647681123
counter/9/0/0/0,20109:1747647665125:,1747647681123
counter/8/0/0/0,17760:1747647663320:,1747647681123
counter/2/0/0/0,19489:1747647665494:,1747647681123
counter/10/0/0/0,17152:1747647663121:,1747647681123
counter/9/0/0/0,20110:1747647665125:,1747647681123
counter/8/0/0/0,17761:1747647663320:,1747647681123
counter/2/0/0/0,19490:1747647665494:,1747647681123
counter/10/0/0/0,17153:1747647663121:,1747647681123
counter/9/0/0/0,20111:1747647665125:,1747647681123
counter/8/0/0/0,17762:1747647663321:,1747647681123
counter/2/0/0/0,19491:1747647665502:,1747647681123
counter/10/0/0/0,17154:1747647663122:,1747647681123
counter/9/0/0/0,20112:1747647665128:,1747647681123
counter/8/0/0/0,17763:1747647663332:,1747647681123
counter/2/0/0/0,19492:1747647665502:,1747647681123
counter/10/0/0/0,17155:1747647663122:,1747647681123
counter/9/0/0/0,20113:1747647665128:,1747647681123
counter/8/0/0/0,17764:1747647663333:,1747647681123
counter/2/0/0/0,19493:1747647665502:,1747647681123
counter/10/0/0/0,17156:1747647663122:,1747647681123
counter/9/0/0/0,20114:1747647665128:,1747647681123
counter/8/0/0/0,17765:1747647663333:,1747647681123
counter/2/0/0/0,19494:1747647665502:,1747647681123
counter/10/0/0/0,17157:1747647663122:,1747647681123
counter/9/0/0/0,20115:1747647665128:,1747647681124
counter/8/0/0/0,17766:1747647663333:,1747647681124
counter/2/0/0/0,19495:1747647665502:,1747647681124
counter/10/0/0/0,17158:1747647663122:,1747647681124
counter/9/0/0/0,20116:1747647665128:,1747647681124
counter/8/0/0/0,17767:1747647663333:,1747647681124
counter/2/0/0/0,19496:1747647665502:,1747647681124
counter/10/0/0/0,17159:1747647663122:,1747647681124
counter/9/0/0/0,20117:1747647665128:,1747647681124
counter/8/0/0/0,17768:1747647663333:,1747647681124
counter/2/0/0/0,19497:1747647665502:,1747647681124
counter/10/0/0/0,17160:1747647663122:,1747647681124
counter/9/0/0/0,20118:1747647665128:,1747647681124
counter/8/0/0/0,17769:1747647663333:,1747647681124
counter/2/0/0/0,19498:1747647665502:,1747647681124
counter/10/0/0/0,17161:1747647663122:,1747647681124
counter/9/0/0/0,20119:1747647665128:,1747647681124
counter/8/0/0/0,17770:1747647663333:,1747647681124
counter/2/0/0/0,19499:1747647665502:,1747647681124
counter/10/0/0/0,17162:1747647663125:,1747647681124
counter/9/0/0/0,20120:1747647665128:,1747647681124
counter/8/0/0/0,17771:1747647663333:,1747647681124
counter/2/0/0/0,19500:1747647665502:,1747647681124
counter/10/0/0/0,17163:1747647663125:,1747647681124
counter/9/0/0/0,20121:1747647665128:,1747647681124
counter/8/0/0/0,17772:1747647663333:,1747647681124
counter/2/0/0/0,19501:1747647665502:,1747647681124
counter/10/0/0/0,17164:1747647663125:,1747647681124
counter/9/0/0/0,20122:1747647665128:,1747647681124
counter/8/0/0/0,17773:1747647663333:,1747647681124
counter/2/0/0/0,19502:1747647665502:,1747647681124
counter/10/0/0/0,17165:1747647663125:,1747647681124
counter/9/0/0/0,20123:1747647665128:,1747647681124
counter/8/0/0/0,17774:1747647663333:,1747647681124
counter/2/0/0/0,19503:1747647665503:,1747647681124
counter/10/0/0/0,17166:1747647663125:,1747647681124
counter/9/0/0/0,20124:1747647665128:,1747647681124
counter/8/0/0/0,17775:1747647663333:,1747647681124
counter/2/0/0/0,19504:1747647665503:,1747647681124
counter/10/0/0/0,17167:1747647663125:,1747647681124
counter/9/0/0/0,20125:1747647665128:,1747647681124
counter/8/0/0/0,17776:1747647663333:,1747647681124
counter/2/0/0/0,19505:1747647665503:,1747647681125
counter/10/0/0/0,17168:1747647663125:,1747647681125
counter/9/0/0/0,20126:1747647665128:,1747647681125
counter/8/0/0/0,17777:1747647663333:,1747647681125
counter/2/0/0/0,19506:1747647665507:,1747647681125
counter/10/0/0/0,17169:1747647663125:,1747647681125
counter/9/0/0/0,20127:1747647665129:,1747647681125
counter/8/0/0/0,17778:1747647663333:,1747647681125
counter/2/0/0/0,19507:1747647665512:,1747647681125
counter/10/0/0/0,17170:1747647663125:,1747647681125
counter/9/0/0/0,20128:1747647665130:,1747647681125
counter/8/0/0/0,17779:1747647663333:,1747647681125
counter/2/0/0/0,19508:1747647665512:,1747647681125
counter/10/0/0/0,17171:1747647663125:,1747647681125
counter/9/0/0/0,20129:1747647665130:,1747647681125
counter/8/0/0/0,17780:1747647663333:,1747647681125
counter/2/0/0/0,19509:1747647665512:,1747647681125
counter/10/0/0/0,17172:1747647663125:,1747647681125
counter/9/0/0/0,20130:1747647665130:,1747647681125
counter/8/0/0/0,17781:1747647663333:,1747647681125
counter/2/0/0/0,19510:1747647665512:,1747647681125
counter/10/0/0/0,17173:1747647663125:,1747647681125
counter/9/0/0/0,20131:1747647665130:,1747647681125
counter/8/0/0/0,17782:1747647663333:,1747647681125
counter/2/0/0/0,19511:1747647665533:,1747647681125
counter/10/0/0/0,17174:1747647663125:,1747647681125
counter/9/0/0/0,20132:1747647665130:,1747647681125
counter/8/0/0/0,17783:1747647663333:,1747647681125
counter/2/0/0/0,19512:1747647665543:,1747647681125
counter/10/0/0/0,17175:1747647663125:,1747647681125
counter/9/0/0/0,20133:1747647665130:,1747647681125
counter/8/0/0/0,17784:1747647663333:,1747647681125
counter/2/0/0/0,19513:1747647665544:,1747647681125
counter/10/0/0/0,17176:1747647663125:,1747647681125
counter/9/0/0/0,20134:1747647665130:,1747647681125
counter/8/0/0/0,17785:1747647663333:,1747647681125
counter/2/0/0/0,19514:1747647665545:,1747647681125
counter/10/0/0/0,17177:1747647663125:,1747647681125
counter/9/0/0/0,20135:1747647665130:,1747647681125
counter/8/0/0/0,17786:1747647663333:,1747647681125
counter/2/0/0/0,19515:1747647665545:,1747647681125
counter/10/0/0/0,17178:1747647663130:,1747647681126
counter/9/0/0/0,20136:1747647665130:,1747647681126
counter/8/0/0/0,17787:1747647663334:,1747647681126
counter/2/0/0/0,19516:1747647665545:,1747647681126
counter/10/0/0/0,17179:1747647663130:,1747647681126
counter/9/0/0/0,20137:1747647665130:,1747647681126
counter/8/0/0/0,17788:1747647663334:,1747647681126
counter/2/0/0/0,19517:1747647665549:,1747647681126
counter/10/0/0/0,17180:1747647663130:,1747647681126
counter/9/0/0/0,20138:1747647665130:,1747647681126
counter/8/0/0/0,17789:1747647663334:,1747647681126
counter/2/0/0/0,19518:1747647665549:,1747647681126
counter/10/0/0/0,17181:1747647663130:,1747647681126
counter/9/0/0/0,20139:1747647665130:,1747647681126
counter/8/0/0/0,17790:1747647663334:,1747647681126
counter/2/0/0/0,19519:1747647665549:,1747647681126
counter/10/0/0/0,17182:1747647663130:,1747647681126
counter/9/0/0/0,20140:1747647665130:,1747647681126
counter/8/0/0/0,17791:1747647663334:,1747647681126
counter/2/0/0/0,19520:1747647665549:,1747647681126
counter/10/0/0/0,17183:1747647663131:,1747647681126
counter/9/0/0/0,20141:1747647665130:,1747647681126
counter/8/0/0/0,17792:1747647663334:,1747647681126
counter/2/0/0/0,19521:1747647665549:,1747647681126
counter/10/0/0/0,17184:1747647663131:,1747647681126
counter/9/0/0/0,20142:1747647665130:,1747647681126
counter/8/0/0/0,17793:1747647663334:,1747647681126
counter/2/0/0/0,19522:1747647665550:,1747647681126
counter/10/0/0/0,17185:1747647663131:,1747647681126
counter/9/0/0/0,20143:1747647665130:,1747647681126
counter/8/0/0/0,17794:1747647663334:,1747647681126
counter/2/0/0/0,19523:1747647665550:,1747647681126
counter/10/0/0/0,17186:1747647663131:,1747647681126
counter/9/0/0/0,20144:1747647665130:,1747647681126
counter/8/0/0/0,17795:1747647663334:,1747647681126
counter/2/0/0/0,19524:1747647665550:,1747647681126
counter/10/0/0/0,17187:1747647663134:,1747647681126
counter/9/0/0/0,20145:1747647665130:,1747647681126
counter/8/0/0/0,17796:1747647663334:,1747647681126
counter/2/0/0/0,19525:1747647665550:,1747647681126
counter/10/0/0/0,17188:1747647663134:,1747647681126
counter/9/0/0/0,20146:1747647665131:,1747647681127
counter/8/0/0/0,17797:1747647663338:,1747647681127
counter/2/0/0/0,19526:1747647665550:,1747647681127
counter/10/0/0/0,17189:1747647663134:,1747647681127
counter/9/0/0/0,20147:1747647665131:,1747647681127
counter/8/0/0/0,17798:1747647663339:,1747647681127
counter/2/0/0/0,19527:1747647665554:,1747647681127
counter/10/0/0/0,17190:1747647663134:,1747647681127
counter/9/0/0/0,20148:1747647665131:,1747647681127
counter/8/0/0/0,17799:1747647663339:,1747647681127
counter/2/0/0/0,19528:1747647665554:,1747647681127
counter/10/0/0/0,17191:1747647663134:,1747647681127
counter/9/0/0/0,20149:1747647665131:,1747647681127
counter/8/0/0/0,17800:1747647663339:,1747647681127
counter/2/0/0/0,19529:1747647665554:,1747647681127
counter/10/0/0/0,17192:1747647663134:,1747647681127
counter/9/0/0/0,20150:1747647665131:,1747647681127
counter/8/0/0/0,17801:1747647663339:,1747647681127
counter/2/0/0/0,19530:1747647665554:,1747647681127
counter/10/0/0/0,17193:1747647663136:,1747647681127
counter/9/0/0/0,20151:1747647665131:,1747647681127
counter/8/0/0/0,17802:1747647663350:,1747647681127
counter/2/0/0/0,19531:1747647665554:,1747647681127
counter/10/0/0/0,17194:1747647663136:,1747647681127
counter/9/0/0/0,20152:1747647665131:,1747647681127
counter/8/0/0/0,17803:1747647663350:,1747647681127
counter/2/0/0/0,19532:1747647665554:,1747647681127
counter/10/0/0/0,17195:1747647663136:,1747647681127
counter/9/0/0/0,20153:1747647665131:,1747647681127
counter/8/0/0/0,17804:1747647663350:,1747647681127
counter/2/0/0/0,19533:1747647665554:,1747647681127
counter/10/0/0/0,17196:1747647663136:,1747647681127
counter/9/0/0/0,20154:1747647665131:,1747647681127
counter/8/0/0/0,17805:1747647663350:,1747647681127
counter/2/0/0/0,19534:1747647665554:,1747647681127
counter/10/0/0/0,17197:1747647663136:,1747647681127
counter/9/0/0/0,20155:1747647665131:,1747647681127
counter/8/0/0/0,17806:1747647663350:,1747647681127
counter/2/0/0/0,19535:1747647665554:,1747647681127
counter/10/0/0/0,17198:1747647663136:,1747647681128
counter/9/0/0/0,20156:1747647665131:,1747647681128
counter/8/0/0/0,17807:1747647663350:,1747647681128
counter/2/0/0/0,19536:1747647665554:,1747647681128
counter/10/0/0/0,17199:1747647663138:,1747647681128
counter/9/0/0/0,20157:1747647665131:,1747647681128
counter/8/0/0/0,17808:1747647663351:,1747647681128
counter/2/0/0/0,19537:1747647665559:,1747647681128
counter/10/0/0/0,17200:1747647663138:,1747647681128
counter/9/0/0/0,20158:1747647665131:,1747647681128
counter/8/0/0/0,17809:1747647663351:,1747647681128
counter/2/0/0/0,19538:1747647665559:,1747647681128
counter/10/0/0/0,17201:1747647663138:,1747647681128
counter/9/0/0/0,20159:1747647665133:,1747647681128
counter/8/0/0/0,17810:1747647663352:,1747647681128
counter/2/0/0/0,19539:1747647665559:,1747647681128
counter/10/0/0/0,17202:1747647663138:,1747647681128
counter/9/0/0/0,20160:1747647665133:,1747647681128
counter/8/0/0/0,17811:1747647663360:,1747647681128
counter/2/0/0/0,19540:1747647665559:,1747647681128
counter/10/0/0/0,17203:1747647663138:,1747647681128
counter/9/0/0/0,20161:1747647665133:,1747647681128
counter/8/0/0/0,17812:1747647663360:,1747647681128
counter/2/0/0/0,19541:1747647665559:,1747647681128
counter/10/0/0/0,17204:1747647663138:,1747647681128
counter/9/0/0/0,20162:1747647665133:,1747647681128
counter/8/0/0/0,17813:1747647663360:,1747647681128
counter/2/0/0/0,19542:1747647665559:,1747647681128
counter/10/0/0/0,17205:1747647663138:,1747647681128
counter/9/0/0/0,20163:1747647665133:,1747647681128
counter/8/0/0/0,17814:1747647663360:,1747647681128
counter/2/0/0/0,19543:1747647665559:,1747647681128
counter/10/0/0/0,17206:1747647663143:,1747647681128
counter/9/0/0/0,20164:1747647665133:,1747647681128
counter/8/0/0/0,17815:1747647663361:,1747647681128
counter/2/0/0/0,19544:1747647665559:,1747647681128
counter/10/0/0/0,17207:1747647663143:,1747647681128
counter/9/0/0/0,20165:1747647665133:,1747647681128
counter/8/0/0/0,17816:1747647663370:,1747647681128
counter/2/0/0/0,19545:1747647665559:,1747647681128
counter/10/0/0/0,17208:1747647663143:,1747647681129
counter/9/0/0/0,20166:1747647665133:,1747647681129
counter/8/0/0/0,17817:1747647663370:,1747647681129
counter/2/0/0/0,19546:1747647665559:,1747647681129
counter/10/0/0/0,17209:1747647663143:,1747647681129
counter/9/0/0/0,20167:1747647665133:,1747647681129
counter/8/0/0/0,17818:1747647663370:,1747647681129
counter/2/0/0/0,19547:1747647665559:,1747647681129
counter/10/0/0/0,17210:1747647663143:,1747647681129
counter/9/0/0/0,20168:1747647665133:,1747647681129
counter/8/0/0/0,17819:1747647663370:,1747647681129
counter/2/0/0/0,19548:1747647665559:,1747647681129
counter/10/0/0/0,17211:1747647663143:,1747647681129
counter/9/0/0/0,20169:1747647665133:,1747647681129
counter/8/0/0/0,17820:1747647663370:,1747647681129
counter/2/0/0/0,19549:1747647665564:,1747647681129
counter/10/0/0/0,17212:1747647663143:,1747647681129
counter/9/0/0/0,20170:1747647665133:,1747647681129
counter/8/0/0/0,17821:1747647663370:,1747647681129
counter/1/0/0/0,18039:1747647664753:,1747647681129
counter/2/0/0/0,19550:1747647665564:,1747647681129
counter/10/0/0/0,17213:1747647663143:,1747647681129
counter/9/0/0/0,20171:1747647665133:,1747647681129
counter/8/0/0/0,17822:1747647663370:,1747647681129
counter/2/0/0/0,19551:1747647665564:,1747647681129
counter/10/0/0/0,17214:1747647663143:,1747647681129
counter/9/0/0/0,20172:1747647665133:,1747647681129
counter/8/0/0/0,17823:1747647663370:,1747647681129
counter/2/0/0/0,19552:1747647665564:,1747647681129
counter/10/0/0/0,17215:1747647663143:,1747647681129
counter/9/0/0/0,20173:1747647665134:,1747647681129
counter/8/0/0/0,17824:1747647663370:,1747647681129
counter/2/0/0/0,19553:1747647665564:,1747647681129
counter/10/0/0/0,17216:1747647663143:,1747647681129
counter/9/0/0/0,20174:1747647665134:,1747647681129
counter/8/0/0/0,17825:1747647663370:,1747647681129
counter/2/0/0/0,19554:1747647665567:,1747647681129
counter/10/0/0/0,17217:1747647663143:,1747647681129
counter/9/0/0/0,20175:1747647665138:,1747647681129
counter/8/0/0/0,17826:1747647663370:,1747647681129
counter/2/0/0/0,19555:1747647665567:,1747647681129
counter/10/0/0/0,17218:1747647663143:,1747647681129
counter/9/0/0/0,20176:1747647665138:,1747647681130
counter/8/0/0/0,17827:1747647663370:,1747647681130
counter/2/0/0/0,19556:1747647665567:,1747647681130
counter/10/0/0/0,17219:1747647663143:,1747647681130
counter/9/0/0/0,20177:1747647665146:,1747647681130
counter/8/0/0/0,17828:1747647663370:,1747647681130
counter/2/0/0/0,19557:1747647665567:,1747647681130
counter/10/0/0/0,17220:1747647663144:,1747647681130
counter/9/0/0/0,20178:1747647665146:,1747647681130
counter/8/0/0/0,17829:1747647663370:,1747647681130
counter/2/0/0/0,19558:1747647665571:,1747647681130
counter/10/0/0/0,17221:1747647663144:,1747647681130
counter/9/0/0/0,20179:1747647665146:,1747647681130
counter/8/0/0/0,17830:1747647663375:,1747647681130
counter/2/0/0/0,19559:1747647665571:,1747647681130
counter/10/0/0/0,17222:1747647663144:,1747647681130
counter/9/0/0/0,20180:1747647665146:,1747647681130
counter/8/0/0/0,17831:1747647663375:,1747647681130
counter/2/0/0/0,19560:1747647665571:,1747647681130
counter/10/0/0/0,17223:1747647663144:,1747647681130
counter/9/0/0/0,20181:1747647665146:,1747647681130
counter/8/0/0/0,17832:1747647663375:,1747647681130
counter/2/0/0/0,19561:1747647665571:,1747647681130
counter/10/0/0/0,17224:1747647663144:,1747647681130
counter/9/0/0/0,20182:1747647665151:,1747647681130
counter/8/0/0/0,17833:1747647663375:,1747647681130
counter/2/0/0/0,19562:1747647665571:,1747647681130
counter/10/0/0/0,17225:1747647663144:,1747647681130
counter/9/0/0/0,20183:1747647665158:,1747647681130
counter/8/0/0/0,17834:1747647663375:,1747647681130
counter/2/0/0/0,19563:1747647665573:,1747647681130
counter/10/0/0/0,17226:1747647663144:,1747647681130
counter/9/0/0/0,20184:1747647665161:,1747647681130
counter/8/0/0/0,17835:1747647663375:,1747647681130
counter/2/0/0/0,19564:1747647665574:,1747647681130
counter/10/0/0/0,17227:1747647663145:,1747647681130
counter/9/0/0/0,20185:1747647665161:,1747647681130
counter/8/0/0/0,17836:1747647663375:,1747647681130
counter/2/0/0/0,19565:1747647665574:,1747647681130
counter/10/0/0/0,17228:1747647663145:,1747647681131
counter/9/0/0/0,20186:1747647665161:,1747647681131
counter/8/0/0/0,17837:1747647663381:,1747647681131
counter/2/0/0/0,19566:1747647665574:,1747647681131
counter/10/0/0/0,17229:1747647663145:,1747647681131
counter/9/0/0/0,20187:1747647665161:,1747647681131
counter/8/0/0/0,17838:1747647663381:,1747647681131
counter/2/0/0/0,19567:1747647665574:,1747647681131
counter/10/0/0/0,17230:1747647663145:,1747647681131
counter/9/0/0/0,20188:1747647665161:,1747647681131
counter/8/0/0/0,17839:1747647663381:,1747647681131
counter/2/0/0/0,19568:1747647665574:,1747647681131
counter/10/0/0/0,17231:1747647663145:,1747647681131
counter/9/0/0/0,20189:1747647665161:,1747647681131
counter/8/0/0/0,17840:1747647663381:,1747647681131
counter/2/0/0/0,19569:1747647665574:,1747647681131
counter/10/0/0/0,17232:1747647663145:,1747647681131
counter/9/0/0/0,20190:1747647665161:,1747647681131
counter/8/0/0/0,17841:1747647663381:,1747647681131
counter/2/0/0/0,19570:1747647665574:,1747647681131
counter/10/0/0/0,17233:1747647663145:,1747647681131
counter/9/0/0/0,20191:1747647665162:,1747647681131
counter/8/0/0/0,17842:1747647663381:,1747647681131
counter/2/0/0/0,19571:1747647665579:,1747647681131
counter/10/0/0/0,17234:1747647663145:,1747647681131
counter/9/0/0/0,20192:1747647665162:,1747647681131
counter/8/0/0/0,17843:1747647663381:,1747647681131
counter/2/0/0/0,19572:1747647665579:,1747647681131
counter/10/0/0/0,17235:1747647663145:,1747647681131
counter/9/0/0/0,20193:1747647665162:,1747647681131
counter/8/0/0/0,17844:1747647663381:,1747647681131
counter/2/0/0/0,19573:1747647665579:,1747647681131
counter/10/0/0/0,17236:1747647663145:,1747647681131
counter/9/0/0/0,20194:1747647665169:,1747647681131
counter/8/0/0/0,17845:1747647663381:,1747647681131
counter/2/0/0/0,19574:1747647665579:,1747647681131
counter/10/0/0/0,17237:1747647663145:,1747647681131
counter/9/0/0/0,20195:1747647665169:,1747647681131
counter/8/0/0/0,17846:1747647663381:,1747647681131
counter/1/0/0/0,18040:1747647664753:,1747647681131
counter/2/0/0/0,19575:1747647665579:,1747647681131
counter/10/0/0/0,17238:1747647663145:,1747647681132
counter/9/0/0/0,20196:1747647665170:,1747647681132
counter/8/0/0/0,17847:1747647663381:,1747647681132
counter/2/0/0/0,19576:1747647665579:,1747647681132
counter/10/0/0/0,17239:1747647663145:,1747647681132
counter/9/0/0/0,20197:1747647665170:,1747647681132
counter/8/0/0/0,17848:1747647663381:,1747647681132
counter/2/0/0/0,19577:1747647665579:,1747647681132
counter/10/0/0/0,17240:1747647663147:,1747647681132
counter/9/0/0/0,20198:1747647665170:,1747647681132
counter/8/0/0/0,17849:1747647663381:,1747647681132
counter/2/0/0/0,19578:1747647665579:,1747647681132
counter/10/0/0/0,17241:1747647663147:,1747647681132
counter/9/0/0/0,20199:1747647665170:,1747647681132
counter/8/0/0/0,17850:1747647663382:,1747647681132
counter/2/0/0/0,19579:1747647665580:,1747647681132
counter/10/0/0/0,17242:1747647663147:,1747647681132
counter/9/0/0/0,20200:1747647665170:,1747647681132
counter/8/0/0/0,17851:1747647663382:,1747647681132
counter/2/0/0/0,19580:1747647665580:,1747647681132
counter/10/0/0/0,17243:1747647663147:,1747647681132
counter/9/0/0/0,20201:1747647665183:,1747647681132
counter/8/0/0/0,17852:1747647663382:,1747647681132
counter/2/0/0/0,19581:1747647665580:,1747647681132
counter/10/0/0/0,17244:1747647663147:,1747647681132
counter/9/0/0/0,20202:1747647665183:,1747647681132
counter/8/0/0/0,17853:1747647663386:,1747647681132
counter/2/0/0/0,19582:1747647665580:,1747647681132
counter/10/0/0/0,17245:1747647663147:,1747647681132
counter/9/0/0/0,20203:1747647665183:,1747647681132
counter/8/0/0/0,17854:1747647663386:,1747647681132
counter/4/0/0/0,16958:1747647664716:,1747647681132
counter/7/0/0/0,16202:1747647662659:,1747647681132
counter/2/0/0/0,19583:1747647665580:,1747647681132
counter/10/0/0/0,17246:1747647663147:,1747647681132
counter/9/0/0/0,20204:1747647665183:,1747647681133
counter/8/0/0/0,17855:1747647663386:,1747647681133
counter/7/0/0/0,16203:1747647662659:,1747647681133
counter/2/0/0/0,19584:1747647665580:,1747647681133
counter/10/0/0/0,17247:1747647663147:,1747647681133
counter/9/0/0/0,20205:1747647665183:,1747647681133
counter/8/0/0/0,17856:1747647663387:,1747647681133
counter/7/0/0/0,16204:1747647662659:,1747647681133
counter/2/0/0/0,19585:1747647665580:,1747647681133
counter/10/0/0/0,17248:1747647663147:,1747647681133
counter/9/0/0/0,20206:1747647665183:,1747647681133
counter/8/0/0/0,17857:1747647663387:,1747647681133
counter/7/0/0/0,16205:1747647662667:,1747647681133
counter/2/0/0/0,19586:1747647665607:,1747647681133
counter/10/0/0/0,17249:1747647663147:,1747647681133
counter/9/0/0/0,20207:1747647665183:,1747647681133
counter/8/0/0/0,17858:1747647663387:,1747647681133
counter/7/0/0/0,16206:1747647662667:,1747647681133
counter/2/0/0/0,19587:1747647665607:,1747647681133
counter/10/0/0/0,17250:1747647663147:,1747647681133
counter/9/0/0/0,20208:1747647665183:,1747647681133
counter/8/0/0/0,17859:1747647663387:,1747647681133
counter/7/0/0/0,16207:1747647662668:,1747647681133
counter/2/0/0/0,19588:1747647665607:,1747647681133
counter/10/0/0/0,17251:1747647663147:,1747647681133
counter/9/0/0/0,20209:1747647665183:,1747647681133
counter/8/0/0/0,17860:1747647663387:,1747647681133
counter/7/0/0/0,16208:1747647662668:,1747647681133
counter/2/0/0/0,19589:1747647665607:,1747647681133
counter/10/0/0/0,17252:1747647663147:,1747647681133
counter/9/0/0/0,20210:1747647665183:,1747647681133
counter/8/0/0/0,17861:1747647663387:,1747647681133
counter/7/0/0/0,16209:1747647662668:,1747647681133
counter/2/0/0/0,19590:1747647665607:,1747647681133
counter/10/0/0/0,17253:1747647663147:,1747647681133
counter/9/0/0/0,20211:1747647665183:,1747647681133
counter/8/0/0/0,17862:1747647663387:,1747647681133
counter/7/0/0/0,16210:1747647662668:,1747647681133
counter/2/0/0/0,19591:1747647665608:,1747647681133
counter/10/0/0/0,17254:1747647663147:,1747647681133
counter/9/0/0/0,20212:1747647665183:,1747647681133
counter/8/0/0/0,17863:1747647663387:,1747647681134
counter/7/0/0/0,16211:1747647662671:,1747647681134
counter/2/0/0/0,19592:1747647665608:,1747647681134
counter/10/0/0/0,17255:1747647663147:,1747647681134
counter/9/0/0/0,20213:1747647665183:,1747647681134
counter/8/0/0/0,17864:1747647663387:,1747647681134
counter/7/0/0/0,16212:1747647662671:,1747647681134
counter/2/0/0/0,19593:1747647665608:,1747647681134
counter/10/0/0/0,17256:1747647663152:,1747647681134
counter/9/0/0/0,20214:1747647665183:,1747647681134
counter/8/0/0/0,17865:1747647663387:,1747647681134
counter/7/0/0/0,16213:1747647662671:,1747647681134
counter/2/0/0/0,19594:1747647665608:,1747647681134
counter/10/0/0/0,17257:1747647663152:,1747647681134
counter/9/0/0/0,20215:1747647665183:,1747647681134
counter/8/0/0/0,17866:1747647663391:,1747647681134
counter/7/0/0/0,16214:1747647662671:,1747647681134
counter/2/0/0/0,19595:1747647665608:,1747647681134
counter/10/0/0/0,17258:1747647663152:,1747647681134
counter/9/0/0/0,20216:1747647665183:,1747647681134
counter/8/0/0/0,17867:1747647663391:,1747647681134
counter/7/0/0/0,16215:1747647662671:,1747647681134
counter/2/0/0/0,19596:1747647665608:,1747647681134
counter/10/0/0/0,17259:1747647663152:,1747647681134
counter/9/0/0/0,20217:1747647665183:,1747647681134
counter/8/0/0/0,17868:1747647663391:,1747647681134
counter/7/0/0/0,16216:1747647662671:,1747647681134
counter/2/0/0/0,19597:1747647665614:,1747647681134
counter/10/0/0/0,17260:1747647663152:,1747647681134
counter/9/0/0/0,20218:1747647665184:,1747647681134
counter/8/0/0/0,17869:1747647663391:,1747647681134
counter/7/0/0/0,16217:1747647662671:,1747647681134
counter/4/0/0/0,16959:1747647664716:,1747647681134
counter/2/0/0/0,19598:1747647665614:,1747647681134
counter/10/0/0/0,17261:1747647663152:,1747647681134
counter/9/0/0/0,20219:1747647665184:,1747647681134
counter/8/0/0/0,17870:1747647663391:,1747647681134
counter/7/0/0/0,16218:1747647662671:,1747647681134
counter/2/0/0/0,19599:1747647665614:,1747647681134
counter/10/0/0/0,17262:1747647663152:,1747647681134
counter/9/0/0/0,20220:1747647665194:,1747647681134
counter/8/0/0/0,17871:1747647663391:,1747647681135
counter/7/0/0/0,16219:1747647662671:,1747647681135
counter/2/0/0/0,19600:1747647665614:,1747647681135
counter/10/0/0/0,17263:1747647663152:,1747647681135
counter/9/0/0/0,20221:1747647665196:,1747647681135
counter/8/0/0/0,17872:1747647663391:,1747647681135
counter/7/0/0/0,16220:1747647662678:,1747647681135
counter/2/0/0/0,19601:1747647665614:,1747647681135
counter/10/0/0/0,17264:1747647663152:,1747647681135
counter/9/0/0/0,20222:1747647665196:,1747647681135
counter/8/0/0/0,17873:1747647663391:,1747647681135
counter/7/0/0/0,16221:1747647662678:,1747647681135
counter/2/0/0/0,19602:1747647665615:,1747647681135
counter/10/0/0/0,17265:1747647663152:,1747647681135
counter/9/0/0/0,20223:1747647665196:,1747647681135
counter/8/0/0/0,17874:1747647663391:,1747647681135
counter/7/0/0/0,16222:1747647662678:,1747647681135
counter/2/0/0/0,19603:1747647665616:,1747647681135
counter/10/0/0/0,17266:1747647663152:,1747647681135
counter/9/0/0/0,20224:1747647665196:,1747647681135
counter/8/0/0/0,17875:1747647663391:,1747647681135
counter/7/0/0/0,16223:1747647662678:,1747647681135
counter/2/0/0/0,19604:1747647665616:,1747647681135
counter/10/0/0/0,17267:1747647663152:,1747647681135
counter/9/0/0/0,20225:1747647665196:,1747647681135
counter/8/0/0/0,17876:1747647663395:,1747647681135
counter/7/0/0/0,16224:1747647662679:,1747647681135
counter/2/0/0/0,19605:1747647665616:,1747647681135
counter/10/0/0/0,17268:1747647663152:,1747647681135
counter/9/0/0/0,20226:1747647665196:,1747647681135
counter/8/0/0/0,17877:1747647663396:,1747647681135
counter/7/0/0/0,16225:1747647662679:,1747647681135
counter/2/0/0/0,19606:1747647665616:,1747647681135
counter/10/0/0/0,17269:1747647663152:,1747647681135
counter/9/0/0/0,20227:1747647665196:,1747647681135
counter/8/0/0/0,17878:1747647663396:,1747647681135
counter/7/0/0/0,16226:1747647662679:,1747647681135
counter/2/0/0/0,19607:1747647665616:,1747647681135
counter/10/0/0/0,17270:1747647663154:,1747647681135
counter/9/0/0/0,20228:1747647665196:,1747647681136
counter/8/0/0/0,17879:1747647663396:,1747647681136
counter/7/0/0/0,16227:1747647662679:,1747647681136
counter/2/0/0/0,19608:1747647665620:,1747647681136
counter/10/0/0/0,17271:1747647663154:,1747647681136
counter/9/0/0/0,20229:1747647665196:,1747647681136
counter/8/0/0/0,17880:1747647663396:,1747647681136
counter/7/0/0/0,16228:1747647662679:,1747647681136
counter/2/0/0/0,19609:1747647665620:,1747647681136
counter/10/0/0/0,17272:1747647663154:,1747647681136
counter/9/0/0/0,20230:1747647665196:,1747647681136
counter/8/0/0/0,17881:1747647663396:,1747647681136
counter/7/0/0/0,16229:1747647662679:,1747647681136
counter/2/0/0/0,19610:1747647665623:,1747647681136
counter/10/0/0/0,17273:1747647663154:,1747647681136
counter/9/0/0/0,20231:1747647665196:,1747647681136
counter/8/0/0/0,17882:1747647663396:,1747647681136
counter/7/0/0/0,16230:1747647662679:,1747647681136
counter/2/0/0/0,19611:1747647665623:,1747647681136
counter/10/0/0/0,17274:1747647663154:,1747647681136
counter/9/0/0/0,20232:1747647665196:,1747647681136
counter/8/0/0/0,17883:1747647663397:,1747647681136
counter/7/0/0/0,16231:1747647662679:,1747647681136
counter/2/0/0/0,19612:1747647665624:,1747647681136
counter/10/0/0/0,17275:1747647663154:,1747647681136
counter/9/0/0/0,20233:1747647665196:,1747647681136
counter/8/0/0/0,17884:1747647663397:,1747647681136
counter/7/0/0/0,16232:1747647662679:,1747647681136
counter/2/0/0/0,19613:1747647665624:,1747647681136
counter/10/0/0/0,17276:1747647663154:,1747647681136
counter/9/0/0/0,20234:1747647665196:,1747647681136
counter/8/0/0/0,17885:1747647663397:,1747647681136
counter/7/0/0/0,16233:1747647662688:,1747647681136
counter/2/0/0/0,19614:1747647665624:,1747647681136
counter/10/0/0/0,17277:1747647663154:,1747647681136
counter/9/0/0/0,20235:1747647665196:,1747647681136
counter/8/0/0/0,17886:1747647663397:,1747647681136
counter/7/0/0/0,16234:1747647662688:,1747647681136
counter/2/0/0/0,19615:1747647665624:,1747647681136
counter/10/0/0/0,17278:1747647663154:,1747647681136
counter/9/0/0/0,20236:1747647665196:,1747647681136
counter/8/0/0/0,17887:1747647663400:,1747647681137
counter/7/0/0/0,16235:1747647662688:,1747647681137
counter/2/0/0/0,19616:1747647665624:,1747647681137
counter/10/0/0/0,17279:1747647663154:,1747647681137
counter/9/0/0/0,20237:1747647665197:,1747647681137
counter/8/0/0/0,17888:1747647663400:,1747647681137
counter/7/0/0/0,16236:1747647662689:,1747647681137
counter/2/0/0/0,19617:1747647665624:,1747647681137
counter/10/0/0/0,17280:1747647663154:,1747647681137
counter/9/0/0/0,20238:1747647665198:,1747647681137
counter/8/0/0/0,17889:1747647663400:,1747647681137
counter/7/0/0/0,16237:1747647662689:,1747647681137
counter/2/0/0/0,19618:1747647665624:,1747647681137
counter/10/0/0/0,17281:1747647663154:,1747647681137
counter/9/0/0/0,20239:1747647665198:,1747647681137
counter/8/0/0/0,17890:1747647663400:,1747647681137
counter/7/0/0/0,16238:1747647662689:,1747647681137
counter/2/0/0/0,19619:1747647665624:,1747647681137
counter/10/0/0/0,17282:1747647663154:,1747647681137
counter/9/0/0/0,20240:1747647665198:,1747647681137
counter/8/0/0/0,17891:1747647663400:,1747647681137
counter/7/0/0/0,16239:1747647662689:,1747647681137
counter/2/0/0/0,19620:1747647665624:,1747647681137
counter/10/0/0/0,17283:1747647663154:,1747647681137
counter/9/0/0/0,20241:1747647665199:,1747647681137
counter/8/0/0/0,17892:1747647663401:,1747647681137
counter/7/0/0/0,16240:1747647662698:,1747647681137
counter/2/0/0/0,19621:1747647665656:,1747647681137
counter/10/0/0/0,17284:1747647663154:,1747647681137
counter/9/0/0/0,20242:1747647665203:,1747647681137
counter/8/0/0/0,17893:1747647663402:,1747647681137
counter/7/0/0/0,16241:1747647662698:,1747647681137
counter/2/0/0/0,19622:1747647665656:,1747647681137
counter/10/0/0/0,17285:1747647663154:,1747647681137
counter/9/0/0/0,20243:1747647665203:,1747647681137
counter/8/0/0/0,17894:1747647663402:,1747647681137
counter/7/0/0/0,16242:1747647662698:,1747647681137
counter/2/0/0/0,19623:1747647665657:,1747647681137
counter/10/0/0/0,17286:1747647663154:,1747647681137
counter/9/0/0/0,20244:1747647665203:,1747647681138
counter/8/0/0/0,17895:1747647663402:,1747647681138
counter/7/0/0/0,16243:1747647662699:,1747647681138
counter/2/0/0/0,19624:1747647665657:,1747647681138
counter/10/0/0/0,17287:1747647663154:,1747647681138
counter/9/0/0/0,20245:1747647665204:,1747647681138
counter/8/0/0/0,17896:1747647663403:,1747647681138
counter/7/0/0/0,16244:1747647662699:,1747647681138
counter/2/0/0/0,19625:1747647665657:,1747647681138
counter/10/0/0/0,17288:1747647663156:,1747647681138
counter/9/0/0/0,20246:1747647665204:,1747647681138
counter/8/0/0/0,17897:1747647663403:,1747647681138
counter/7/0/0/0,16245:1747647662699:,1747647681138
counter/2/0/0/0,19626:1747647665659:,1747647681138
counter/10/0/0/0,17289:1747647663156:,1747647681138
counter/9/0/0/0,20247:1747647665204:,1747647681138
counter/8/0/0/0,17898:1747647663403:,1747647681138
counter/7/0/0/0,16246:1747647662699:,1747647681138
counter/2/0/0/0,19627:1747647665659:,1747647681138
counter/10/0/0/0,17290:1747647663156:,1747647681138
counter/9/0/0/0,20248:1747647665204:,1747647681138
counter/8/0/0/0,17899:1747647663403:,1747647681138
counter/7/0/0/0,16247:1747647662699:,1747647681138
counter/2/0/0/0,19628:1747647665659:,1747647681138
counter/10/0/0/0,17291:1747647663156:,1747647681138
counter/9/0/0/0,20249:1747647665204:,1747647681138
counter/8/0/0/0,17900:1747647663403:,1747647681138
counter/7/0/0/0,16248:1747647662699:,1747647681138
counter/2/0/0/0,19629:1747647665659:,1747647681138
counter/10/0/0/0,17292:1747647663156:,1747647681138
counter/9/0/0/0,20250:1747647665204:,1747647681138
counter/8/0/0/0,17901:1747647663404:,1747647681138
counter/7/0/0/0,16249:1747647662699:,1747647681138
counter/1/0/0/0,18041:1747647664755:,1747647681138
counter/2/0/0/0,19630:1747647665659:,1747647681138
counter/10/0/0/0,17293:1747647663156:,1747647681138
counter/9/0/0/0,20251:1747647665207:,1747647681138
counter/8/0/0/0,17902:1747647663404:,1747647681138
counter/7/0/0/0,16250:1747647662706:,1747647681138
counter/2/0/0/0,19631:1747647665659:,1747647681138
counter/10/0/0/0,17294:1747647663156:,1747647681139
counter/9/0/0/0,20252:1747647665207:,1747647681139
counter/8/0/0/0,17903:1747647663404:,1747647681139
counter/7/0/0/0,16251:1747647662706:,1747647681139
counter/2/0/0/0,19632:1747647665659:,1747647681139
counter/10/0/0/0,17295:1747647663156:,1747647681139
counter/9/0/0/0,20253:1747647665207:,1747647681139
counter/8/0/0/0,17904:1747647663404:,1747647681139
counter/7/0/0/0,16252:1747647662721:,1747647681139
counter/2/0/0/0,19633:1747647665686:,1747647681139
counter/10/0/0/0,17296:1747647663157:,1747647681139
counter/9/0/0/0,20254:1747647665207:,1747647681139
counter/8/0/0/0,17905:1747647663404:,1747647681139
counter/7/0/0/0,16253:1747647662721:,1747647681139
counter/2/0/0/0,19634:1747647665686:,1747647681139
counter/10/0/0/0,17297:1747647663157:,1747647681139
counter/9/0/0/0,20255:1747647665207:,1747647681139
counter/8/0/0/0,17906:1747647663404:,1747647681139
counter/7/0/0/0,16254:1747647662722:,1747647681139
counter/2/0/0/0,19635:1747647665687:,1747647681139
counter/10/0/0/0,17298:1747647663157:,1747647681139
counter/9/0/0/0,20256:1747647665208:,1747647681139
counter/8/0/0/0,17907:1747647663404:,1747647681139
counter/7/0/0/0,16255:1747647662723:,1747647681139
counter/2/0/0/0,19636:1747647665687:,1747647681139
counter/10/0/0/0,17299:1747647663157:,1747647681139
counter/9/0/0/0,20257:1747647665208:,1747647681139
counter/8/0/0/0,17908:1747647663404:,1747647681139
counter/7/0/0/0,16256:1747647662723:,1747647681139
counter/2/0/0/0,19637:1747647665687:,1747647681139
counter/10/0/0/0,17300:1747647663157:,1747647681139
counter/9/0/0/0,20258:1747647665208:,1747647681139
counter/8/0/0/0,17909:1747647663404:,1747647681139
counter/7/0/0/0,16257:1747647662723:,1747647681139
counter/6/0/0/0,16691:1747647663675:,1747647681139
counter/3/0/0/0,17357:1747647664527:,1747647681139
counter/2/0/0/0,19638:1747647665687:,1747647681139
counter/10/0/0/0,17301:1747647663157:,1747647681139
counter/9/0/0/0,20259:1747647665208:,1747647681139
counter/8/0/0/0,17910:1747647663404:,1747647681139
counter/7/0/0/0,16258:1747647662724:,1747647681139
counter/2/0/0/0,19639:1747647665687:,1747647681140
counter/10/0/0/0,17302:1747647663157:,1747647681140
counter/9/0/0/0,20260:1747647665208:,1747647681140
counter/8/0/0/0,17911:1747647663404:,1747647681140
counter/7/0/0/0,16259:1747647662724:,1747647681140
counter/1/0/0/0,18042:1747647664755:,1747647681140
counter/2/0/0/0,19640:1747647665687:,1747647681140
counter/10/0/0/0,17303:1747647663157:,1747647681140
counter/9/0/0/0,20261:1747647665210:,1747647681140
counter/8/0/0/0,17912:1747647663404:,1747647681140
counter/7/0/0/0,16260:1747647662724:,1747647681140
counter/1/0/0/0,18043:1747647664755:,1747647681140
counter/2/0/0/0,19641:1747647665701:,1747647681140
counter/10/0/0/0,17304:1747647663162:,1747647681140
counter/9/0/0/0,20262:1747647665210:,1747647681140
counter/8/0/0/0,17913:1747647663404:,1747647681140
counter/7/0/0/0,16261:1747647662724:,1747647681140
counter/1/0/0/0,18044:1747647664755:,1747647681140
counter/2/0/0/0,19642:1747647665701:,1747647681140
counter/10/0/0/0,17305:1747647663162:,1747647681140
counter/9/0/0/0,20263:1747647665210:,1747647681140
counter/8/0/0/0,17914:1747647663409:,1747647681140
counter/7/0/0/0,16262:1747647662724:,1747647681140
counter/1/0/0/0,18045:1747647664755:,1747647681140
counter/2/0/0/0,19643:1747647665701:,1747647681140
counter/10/0/0/0,17306:1747647663162:,1747647681140
counter/9/0/0/0,20264:1747647665210:,1747647681140
counter/8/0/0/0,17915:1747647663409:,1747647681140
counter/7/0/0/0,16263:1747647662724:,1747647681140
counter/1/0/0/0,18046:1747647664755:,1747647681140
counter/2/0/0/0,19644:1747647665701:,1747647681140
counter/10/0/0/0,17307:1747647663162:,1747647681140
counter/9/0/0/0,20265:1747647665210:,1747647681140
counter/8/0/0/0,17916:1747647663409:,1747647681140
counter/7/0/0/0,16264:1747647662724:,1747647681140
counter/1/0/0/0,18047:1747647664755:,1747647681140
counter/2/0/0/0,19645:1747647665701:,1747647681140
counter/10/0/0/0,17308:1747647663162:,1747647681140
counter/9/0/0/0,20266:1747647665210:,1747647681141
counter/8/0/0/0,17917:1747647663409:,1747647681141
counter/7/0/0/0,16265:1747647662724:,1747647681141
counter/1/0/0/0,18048:1747647664755:,1747647681141
counter/2/0/0/0,19646:1747647665701:,1747647681141
counter/10/0/0/0,17309:1747647663162:,1747647681141
counter/9/0/0/0,20267:1747647665210:,1747647681141
counter/8/0/0/0,17918:1747647663409:,1747647681141
counter/7/0/0/0,16266:1747647662724:,1747647681141
counter/1/0/0/0,18049:1747647664755:,1747647681141
counter/2/0/0/0,19647:1747647665702:,1747647681141
counter/10/0/0/0,17310:1747647663162:,1747647681141
counter/9/0/0/0,20268:1747647665210:,1747647681141
counter/8/0/0/0,17919:1747647663409:,1747647681141
counter/7/0/0/0,16267:1747647662724:,1747647681141
counter/1/0/0/0,18050:1747647664756:,1747647681141
counter/2/0/0/0,19648:1747647665702:,1747647681141
counter/10/0/0/0,17311:1747647663162:,1747647681141
counter/9/0/0/0,20269:1747647665210:,1747647681141
counter/8/0/0/0,17920:1747647663409:,1747647681141
counter/7/0/0/0,16268:1747647662724:,1747647681141
counter/1/0/0/0,18051:1747647664756:,1747647681141
counter/5/0/0/0,17767:1747647663757:,1747647681141
counter/3/0/0/0,17358:1747647664527:,1747647681141
counter/2/0/0/0,19649:1747647665702:,1747647681141
counter/10/0/0/0,17312:1747647663163:,1747647681141
counter/9/0/0/0,20270:1747647665210:,1747647681141
counter/8/0/0/0,17921:1747647663409:,1747647681141
counter/7/0/0/0,16269:1747647662724:,1747647681141
counter/1/0/0/0,18052:1747647664756:,1747647681141
counter/2/0/0/0,19650:1747647665702:,1747647681141
counter/10/0/0/0,17313:1747647663166:,1747647681141
counter/9/0/0/0,20271:1747647665211:,1747647681141
counter/8/0/0/0,17922:1747647663409:,1747647681141
counter/7/0/0/0,16270:1747647662724:,1747647681141
counter/1/0/0/0,18053:1747647664756:,1747647681141
counter/2/0/0/0,19651:1747647665702:,1747647681141
counter/10/0/0/0,17314:1747647663166:,1747647681141
counter/9/0/0/0,20272:1747647665211:,1747647681141
counter/8/0/0/0,17923:1747647663409:,1747647681141
counter/7/0/0/0,16271:1747647662724:,1747647681141
counter/1/0/0/0,18054:1747647664756:,1747647681142
counter/2/0/0/0,19652:1747647665702:,1747647681142
counter/10/0/0/0,17315:1747647663166:,1747647681142
counter/9/0/0/0,20273:1747647665211:,1747647681142
counter/8/0/0/0,17924:1747647663409:,1747647681142
counter/7/0/0/0,16272:1747647662724:,1747647681142
counter/1/0/0/0,18055:1747647664756:,1747647681142
counter/2/0/0/0,19653:1747647665702:,1747647681142
counter/10/0/0/0,17316:1747647663168:,1747647681142
counter/9/0/0/0,20274:1747647665211:,1747647681142
counter/8/0/0/0,17925:1747647663409:,1747647681142
counter/7/0/0/0,16273:1747647662724:,1747647681142
counter/1/0/0/0,18056:1747647664760:,1747647681142
counter/2/0/0/0,19654:1747647665702:,1747647681142
counter/10/0/0/0,17317:1747647663168:,1747647681142
counter/9/0/0/0,20275:1747647665211:,1747647681142
counter/8/0/0/0,17926:1747647663409:,1747647681142
counter/7/0/0/0,16274:1747647662724:,1747647681142
counter/1/0/0/0,18057:1747647664762:,1747647681142
counter/2/0/0/0,19655:1747647665702:,1747647681142
counter/10/0/0/0,17318:1747647663168:,1747647681142
counter/9/0/0/0,20276:1747647665211:,1747647681142
counter/8/0/0/0,17927:1747647663409:,1747647681142
counter/7/0/0/0,16275:1747647662725:,1747647681142
counter/1/0/0/0,18058:1747647664762:,1747647681142
counter/4/0/0/0,16960:1747647664716:,1747647681142
counter/5/0/0/0,17768:1747647663757:,1747647681142
counter/2/0/0/0,19656:1747647665705:,1747647681142
counter/10/0/0/0,17319:1747647663168:,1747647681142
counter/9/0/0/0,20277:1747647665211:,1747647681142
counter/8/0/0/0,17928:1747647663410:,1747647681142
counter/7/0/0/0,16276:1747647662725:,1747647681142
counter/1/0/0/0,18059:1747647664762:,1747647681142
counter/2/0/0/0,19657:1747647665705:,1747647681142
counter/10/0/0/0,17320:1747647663168:,1747647681142
counter/9/0/0/0,20278:1747647665213:,1747647681142
counter/8/0/0/0,17929:1747647663410:,1747647681142
counter/7/0/0/0,16277:1747647662725:,1747647681142
counter/1/0/0/0,18060:1747647664763:,1747647681142
counter/2/0/0/0,19658:1747647665705:,1747647681143
counter/10/0/0/0,17321:1747647663168:,1747647681143
counter/9/0/0/0,20279:1747647665213:,1747647681143
counter/8/0/0/0,17930:1747647663410:,1747647681143
counter/7/0/0/0,16278:1747647662725:,1747647681143
counter/1/0/0/0,18061:1747647664763:,1747647681143
counter/2/0/0/0,19659:1747647665705:,1747647681143
counter/10/0/0/0,17322:1747647663168:,1747647681143
counter/9/0/0/0,20280:1747647665213:,1747647681143
counter/8/0/0/0,17931:1747647663410:,1747647681143
counter/7/0/0/0,16279:1747647662725:,1747647681143
counter/1/0/0/0,18062:1747647664774:,1747647681143
counter/2/0/0/0,19660:1747647665705:,1747647681143
counter/10/0/0/0,17323:1747647663168:,1747647681143
counter/9/0/0/0,20281:1747647665214:,1747647681143
counter/8/0/0/0,17932:1747647663417:,1747647681143
counter/7/0/0/0,16280:1747647662725:,1747647681143
counter/1/0/0/0,18063:1747647664774:,1747647681143
counter/2/0/0/0,19661:1747647665705:,1747647681143
counter/10/0/0/0,17324:1747647663168:,1747647681143
counter/9/0/0/0,20282:1747647665214:,1747647681143
counter/8/0/0/0,17933:1747647663417:,1747647681143
counter/7/0/0/0,16281:1747647662725:,1747647681143
counter/1/0/0/0,18064:1747647664775:,1747647681143
counter/2/0/0/0,19662:1747647665705:,1747647681143
counter/10/0/0/0,17325:1747647663172:,1747647681143
counter/9/0/0/0,20283:1747647665214:,1747647681143
counter/8/0/0/0,17934:1747647663417:,1747647681143
counter/7/0/0/0,16282:1747647662728:,1747647681143
counter/1/0/0/0,18065:1747647664775:,1747647681143
counter/2/0/0/0,19663:1747647665705:,1747647681143
counter/10/0/0/0,17326:1747647663172:,1747647681143
counter/9/0/0/0,20284:1747647665214:,1747647681143
counter/8/0/0/0,17935:1747647663417:,1747647681143
counter/7/0/0/0,16283:1747647662728:,1747647681143
counter/1/0/0/0,18066:1747647664775:,1747647681143
counter/2/0/0/0,19664:1747647665705:,1747647681143
counter/10/0/0/0,17327:1747647663172:,1747647681143
counter/9/0/0/0,20285:1747647665214:,1747647681143
counter/8/0/0/0,17936:1747647663417:,1747647681143
counter/7/0/0/0,16284:1747647662728:,1747647681143
counter/1/0/0/0,18067:1747647664775:,1747647681144
counter/2/0/0/0,19665:1747647665706:,1747647681144
counter/10/0/0/0,17328:1747647663172:,1747647681144
counter/9/0/0/0,20286:1747647665214:,1747647681144
counter/8/0/0/0,17937:1747647663417:,1747647681144
counter/7/0/0/0,16285:1747647662728:,1747647681144
counter/1/0/0/0,18068:1747647664775:,1747647681144
counter/2/0/0/0,19666:1747647665706:,1747647681144
counter/10/0/0/0,17329:1747647663172:,1747647681144
counter/9/0/0/0,20287:1747647665214:,1747647681144
counter/8/0/0/0,17938:1747647663417:,1747647681144
counter/7/0/0/0,16286:1747647662728:,1747647681144
counter/1/0/0/0,18069:1747647664775:,1747647681144
counter/2/0/0/0,19667:1747647665706:,1747647681144
counter/10/0/0/0,17330:1747647663176:,1747647681144
counter/9/0/0/0,20288:1747647665214:,1747647681144
counter/8/0/0/0,17939:1747647663435:,1747647681144
counter/7/0/0/0,16287:1747647662728:,1747647681144
counter/1/0/0/0,18070:1747647664775:,1747647681144
counter/2/0/0/0,19668:1747647665706:,1747647681144
counter/10/0/0/0,17331:1747647663177:,1747647681144
counter/9/0/0/0,20289:1747647665214:,1747647681144
counter/8/0/0/0,17940:1747647663435:,1747647681144
counter/7/0/0/0,16288:1747647662728:,1747647681144
counter/1/0/0/0,18071:1747647664775:,1747647681144
counter/2/0/0/0,19669:1747647665706:,1747647681144
counter/10/0/0/0,17332:1747647663177:,1747647681144
counter/9/0/0/0,20290:1747647665214:,1747647681144
counter/8/0/0/0,17941:1747647663435:,1747647681144
counter/7/0/0/0,16289:1747647662728:,1747647681144
counter/1/0/0/0,18072:1747647664780:,1747647681144
counter/2/0/0/0,19670:1747647665706:,1747647681144
counter/10/0/0/0,17333:1747647663177:,1747647681144
counter/9/0/0/0,20291:1747647665217:,1747647681144
counter/8/0/0/0,17942:1747647663435:,1747647681144
counter/7/0/0/0,16290:1747647662728:,1747647681144
counter/1/0/0/0,18073:1747647664780:,1747647681144
counter/2/0/0/0,19671:1747647665711:,1747647681144
counter/10/0/0/0,17334:1747647663177:,1747647681144
counter/9/0/0/0,20292:1747647665218:,1747647681144
counter/8/0/0/0,17943:1747647663435:,1747647681144
counter/7/0/0/0,16291:1747647662731:,1747647681144
counter/1/0/0/0,18074:1747647664780:,1747647681145
counter/2/0/0/0,19672:1747647665711:,1747647681145
counter/10/0/0/0,17335:1747647663183:,1747647681145
counter/9/0/0/0,20293:1747647665218:,1747647681145
counter/7/0/0/0,16292:1747647662731:,1747647681145
counter/1/0/0/0,18075:1747647664780:,1747647681145
counter/2/0/0/0,19673:1747647665711:,1747647681145
counter/10/0/0/0,17336:1747647663183:,1747647681145
counter/9/0/0/0,20294:1747647665221:,1747647681145
counter/7/0/0/0,16293:1747647662731:,1747647681145
counter/1/0/0/0,18076:1747647664780:,1747647681145
counter/2/0/0/0,19674:1747647665711:,1747647681145
counter/10/0/0/0,17337:1747647663183:,1747647681145
counter/9/0/0/0,20295:1747647665221:,1747647681145
counter/7/0/0/0,16294:1747647662731:,1747647681145
counter/1/0/0/0,18077:1747647664780:,1747647681145
counter/2/0/0/0,19675:1747647665711:,1747647681145
counter/10/0/0/0,17338:1747647663183:,1747647681145
counter/9/0/0/0,20296:1747647665221:,1747647681145
counter/7/0/0/0,16295:1747647662732:,1747647681145
counter/1/0/0/0,18078:1747647664780:,1747647681145
counter/2/0/0/0,19676:1747647665711:,1747647681145
counter/10/0/0/0,17339:1747647663183:,1747647681145
counter/9/0/0/0,20297:1747647665221:,1747647681145
counter/7/0/0/0,16296:1747647662732:,1747647681145
counter/1/0/0/0,18079:1747647664780:,1747647681145
counter/2/0/0/0,19677:1747647665711:,1747647681145
counter/10/0/0/0,17340:1747647663183:,1747647681145
counter/9/0/0/0,20298:1747647665221:,1747647681145
counter/7/0/0/0,16297:1747647662732:,1747647681145
counter/1/0/0/0,18080:1747647664780:,1747647681145
counter/2/0/0/0,19678:1747647665711:,1747647681145
counter/10/0/0/0,17341:1747647663184:,1747647681145
counter/9/0/0/0,20299:1747647665221:,1747647681145
counter/7/0/0/0,16298:1747647662732:,1747647681145
counter/1/0/0/0,18081:1747647664780:,1747647681145
counter/2/0/0/0,19679:1747647665711:,1747647681145
counter/10/0/0/0,17342:1747647663184:,1747647681145
counter/9/0/0/0,20300:1747647665221:,1747647681146
counter/7/0/0/0,16299:1747647662732:,1747647681146
counter/1/0/0/0,18082:1747647664780:,1747647681146
counter/2/0/0/0,19680:1747647665711:,1747647681146
counter/10/0/0/0,17343:1747647663184:,1747647681146
counter/9/0/0/0,20301:1747647665221:,1747647681146
counter/7/0/0/0,16300:1747647662732:,1747647681146
counter/1/0/0/0,18083:1747647664780:,1747647681146
counter/2/0/0/0,19681:1747647665711:,1747647681146
counter/10/0/0/0,17344:1747647663184:,1747647681146
counter/9/0/0/0,20302:1747647665222:,1747647681146
counter/7/0/0/0,16301:1747647662732:,1747647681146
counter/1/0/0/0,18084:1747647664780:,1747647681146
counter/2/0/0/0,19682:1747647665711:,1747647681146
counter/10/0/0/0,17345:1747647663184:,1747647681146
counter/9/0/0/0,20303:1747647665222:,1747647681146
counter/7/0/0/0,16302:1747647662732:,1747647681146
counter/1/0/0/0,18085:1747647664780:,1747647681146
counter/5/0/0/0,17769:1747647663757:,1747647681146
counter/3/0/0/0,17359:1747647664527:,1747647681146
counter/2/0/0/0,19683:1747647665711:,1747647681146
counter/10/0/0/0,17346:1747647663184:,1747647681146
counter/9/0/0/0,20304:1747647665227:,1747647681146
counter/7/0/0/0,16303:1747647662732:,1747647681146
counter/1/0/0/0,18086:1747647664780:,1747647681146
counter/2/0/0/0,19684:1747647665712:,1747647681146
counter/10/0/0/0,17347:1747647663184:,1747647681146
counter/9/0/0/0,20305:1747647665227:,1747647681146
counter/7/0/0/0,16304:1747647662733:,1747647681146
counter/1/0/0/0,18087:1747647664781:,1747647681146
counter/2/0/0/0,19685:1747647665712:,1747647681146
counter/10/0/0/0,17348:1747647663184:,1747647681146
counter/9/0/0/0,20306:1747647665227:,1747647681146
counter/7/0/0/0,16305:1747647662733:,1747647681146
counter/1/0/0/0,18088:1747647664781:,1747647681146
counter/4/0/0/0,16961:1747647664716:,1747647681146
counter/2/0/0/0,19686:1747647665717:,1747647681146
counter/10/0/0/0,17349:1747647663184:,1747647681147
counter/9/0/0/0,20307:1747647665227:,1747647681147
counter/7/0/0/0,16306:1747647662736:,1747647681147
counter/1/0/0/0,18089:1747647664781:,1747647681147
counter/8/0/0/0,17944:1747647663435:,1747647681147
counter/2/0/0/0,19687:1747647665718:,1747647681147
counter/10/0/0/0,17350:1747647663184:,1747647681147
counter/9/0/0/0,20308:1747647665228:,1747647681147
counter/7/0/0/0,16307:1747647662736:,1747647681147
counter/1/0/0/0,18090:1747647664781:,1747647681147
counter/2/0/0/0,19688:1747647665718:,1747647681147
counter/10/0/0/0,17351:1747647663185:,1747647681147
counter/9/0/0/0,20309:1747647665228:,1747647681147
counter/7/0/0/0,16308:1747647662736:,1747647681147
counter/1/0/0/0,18091:1747647664781:,1747647681147
counter/2/0/0/0,19689:1747647665718:,1747647681147
counter/10/0/0/0,17352:1747647663185:,1747647681147
counter/9/0/0/0,20310:1747647665228:,1747647681147
counter/7/0/0/0,16309:1747647662736:,1747647681147
counter/1/0/0/0,18092:1747647664781:,1747647681147
counter/2/0/0/0,19690:1747647665718:,1747647681147
counter/10/0/0/0,17353:1747647663185:,1747647681147
counter/9/0/0/0,20311:1747647665228:,1747647681147
counter/7/0/0/0,16310:1747647662736:,1747647681147
counter/1/0/0/0,18093:1747647664782:,1747647681147
counter/2/0/0/0,19691:1747647665718:,1747647681147
counter/10/0/0/0,17354:1747647663185:,1747647681147
counter/9/0/0/0,20312:1747647665228:,1747647681147
counter/7/0/0/0,16311:1747647662736:,1747647681147
counter/1/0/0/0,18094:1747647664788:,1747647681147
counter/2/0/0/0,19692:1747647665718:,1747647681147
counter/10/0/0/0,17355:1747647663185:,1747647681147
counter/9/0/0/0,20313:1747647665228:,1747647681147
counter/7/0/0/0,16312:1747647662736:,1747647681147
counter/1/0/0/0,18095:1747647664789:,1747647681147
counter/2/0/0/0,19693:1747647665718:,1747647681148
counter/10/0/0/0,17356:1747647663185:,1747647681148
counter/9/0/0/0,20314:1747647665228:,1747647681148
counter/7/0/0/0,16313:1747647662736:,1747647681148
counter/1/0/0/0,18096:1747647664789:,1747647681148
counter/2/0/0/0,19694:1747647665718:,1747647681148
counter/10/0/0/0,17357:1747647663185:,1747647681148
counter/9/0/0/0,20315:1747647665228:,1747647681148
counter/7/0/0/0,16314:1747647662736:,1747647681148
counter/1/0/0/0,18097:1747647664789:,1747647681148
counter/2/0/0/0,19695:1747647665718:,1747647681148
counter/10/0/0/0,17358:1747647663185:,1747647681148
counter/9/0/0/0,20316:1747647665228:,1747647681148
counter/7/0/0/0,16315:1747647662736:,1747647681148
counter/1/0/0/0,18098:1747647664789:,1747647681148
counter/2/0/0/0,19696:1747647665718:,1747647681148
counter/10/0/0/0,17359:1747647663186:,1747647681148
counter/9/0/0/0,20317:1747647665228:,1747647681148
counter/7/0/0/0,16316:1747647662737:,1747647681148
counter/1/0/0/0,18099:1747647664789:,1747647681148
counter/2/0/0/0,19697:1747647665718:,1747647681148
counter/10/0/0/0,17360:1747647663186:,1747647681148
counter/9/0/0/0,20318:1747647665228:,1747647681148
counter/7/0/0/0,16317:1747647662737:,1747647681148
counter/1/0/0/0,18100:1747647664789:,1747647681148
counter/2/0/0/0,19698:1747647665718:,1747647681148
counter/10/0/0/0,17361:1747647663186:,1747647681148
counter/9/0/0/0,20319:1747647665229:,1747647681148
counter/7/0/0/0,16318:1747647662737:,1747647681148
counter/1/0/0/0,18101:1747647664789:,1747647681148
counter/2/0/0/0,19699:1747647665718:,1747647681148
counter/10/0/0/0,17362:1747647663186:,1747647681148
counter/9/0/0/0,20320:1747647665233:,1747647681148
counter/7/0/0/0,16319:1747647662738:,1747647681148
counter/1/0/0/0,18102:1747647664801:,1747647681148
counter/2/0/0/0,19700:1747647665720:,1747647681148
counter/10/0/0/0,17363:1747647663194:,1747647681148
counter/9/0/0/0,20321:1747647665233:,1747647681148
counter/7/0/0/0,16320:1747647662738:,1747647681148
counter/1/0/0/0,18103:1747647664802:,1747647681148
counter/2/0/0/0,19701:1747647665720:,1747647681148
counter/10/0/0/0,17364:1747647663194:,1747647681148
counter/9/0/0/0,20322:1747647665233:,1747647681149
counter/7/0/0/0,16321:1747647662738:,1747647681149
counter/1/0/0/0,18104:1747647664802:,1747647681149
counter/2/0/0/0,19702:1747647665720:,1747647681149
counter/10/0/0/0,17365:1747647663194:,1747647681149
counter/9/0/0/0,20323:1747647665233:,1747647681149
counter/7/0/0/0,16322:1747647662738:,1747647681149
counter/1/0/0/0,18105:1747647664802:,1747647681149
counter/2/0/0/0,19703:1747647665720:,1747647681149
counter/10/0/0/0,17366:1747647663195:,1747647681149
counter/9/0/0/0,20324:1747647665233:,1747647681149
counter/7/0/0/0,16323:1747647662738:,1747647681149
counter/1/0/0/0,18106:1747647664802:,1747647681149
counter/2/0/0/0,19704:1747647665720:,1747647681149
counter/10/0/0/0,17367:1747647663195:,1747647681149
counter/9/0/0/0,20325:1747647665233:,1747647681149
counter/7/0/0/0,16324:1747647662738:,1747647681149
counter/1/0/0/0,18107:1747647664802:,1747647681149
counter/2/0/0/0,19705:1747647665720:,1747647681149
counter/10/0/0/0,17368:1747647663195:,1747647681149
counter/9/0/0/0,20326:1747647665233:,1747647681149
counter/7/0/0/0,16325:1747647662741:,1747647681149
counter/1/0/0/0,18108:1747647664802:,1747647681149
counter/2/0/0/0,19706:1747647665720:,1747647681149
counter/10/0/0/0,17369:1747647663195:,1747647681149
counter/9/0/0/0,20327:1747647665233:,1747647681149
counter/7/0/0/0,16326:1747647662741:,1747647681149
counter/1/0/0/0,18109:1747647664802:,1747647681149
counter/2/0/0/0,19707:1747647665720:,1747647681149
counter/10/0/0/0,17370:1747647663195:,1747647681149
counter/9/0/0/0,20328:1747647665233:,1747647681149
counter/7/0/0/0,16327:1747647662741:,1747647681149
counter/1/0/0/0,18110:1747647664802:,1747647681149
counter/2/0/0/0,19708:1747647665720:,1747647681149
counter/10/0/0/0,17371:1747647663195:,1747647681149
counter/9/0/0/0,20329:1747647665234:,1747647681149
counter/7/0/0/0,16328:1747647662741:,1747647681149
counter/1/0/0/0,18111:1747647664802:,1747647681149
counter/2/0/0/0,19709:1747647665720:,1747647681149
counter/10/0/0/0,17372:1747647663195:,1747647681149
counter/9/0/0/0,20330:1747647665234:,1747647681150
counter/7/0/0/0,16329:1747647662741:,1747647681150
counter/1/0/0/0,18112:1747647664803:,1747647681150
counter/2/0/0/0,19710:1747647665721:,1747647681150
counter/10/0/0/0,17373:1747647663195:,1747647681150
counter/9/0/0/0,20331:1747647665234:,1747647681150
counter/7/0/0/0,16330:1747647662741:,1747647681150
counter/1/0/0/0,18113:1747647664803:,1747647681150
counter/2/0/0/0,19711:1747647665721:,1747647681150
counter/10/0/0/0,17374:1747647663195:,1747647681150
counter/9/0/0/0,20332:1747647665247:,1747647681150
counter/7/0/0/0,16331:1747647662741:,1747647681150
counter/1/0/0/0,18114:1747647664803:,1747647681150
counter/2/0/0/0,19712:1747647665721:,1747647681150
counter/10/0/0/0,17375:1747647663195:,1747647681150
counter/9/0/0/0,20333:1747647665247:,1747647681150
counter/7/0/0/0,16332:1747647662741:,1747647681150
counter/1/0/0/0,18115:1747647664803:,1747647681150
counter/2/0/0/0,19713:1747647665721:,1747647681150
counter/10/0/0/0,17376:1747647663195:,1747647681150
counter/9/0/0/0,20334:1747647665247:,1747647681150
counter/7/0/0/0,16333:1747647662741:,1747647681150
counter/1/0/0/0,18116:1747647664803:,1747647681150
counter/2/0/0/0,19714:1747647665721:,1747647681150
counter/10/0/0/0,17377:1747647663195:,1747647681150
counter/9/0/0/0,20335:1747647665247:,1747647681150
counter/7/0/0/0,16334:1747647662741:,1747647681150
counter/1/0/0/0,18117:1747647664803:,1747647681150
counter/2/0/0/0,19715:1747647665721:,1747647681150
counter/10/0/0/0,17378:1747647663195:,1747647681150
counter/9/0/0/0,20336:1747647665247:,1747647681150
counter/7/0/0/0,16335:1747647662741:,1747647681150
counter/1/0/0/0,18118:1747647664803:,1747647681150
counter/6/0/0/0,16692:1747647663675:,1747647681150
counter/3/0/0/0,17360:1747647664527:,1747647681150
counter/2/0/0/0,19716:1747647665721:,1747647681150
counter/10/0/0/0,17379:1747647663195:,1747647681150
counter/9/0/0/0,20337:1747647665247:,1747647681150
counter/7/0/0/0,16336:1747647662741:,1747647681150
counter/4/0/0/0,16962:1747647664716:,1747647681151
counter/8/0/0/0,17945:1747647663435:,1747647681151
counter/2/0/0/0,19717:1747647665721:,1747647681151
counter/10/0/0/0,17380:1747647663195:,1747647681151
counter/9/0/0/0,20338:1747647665247:,1747647681151
counter/7/0/0/0,16337:1747647662741:,1747647681151
counter/6/0/0/0,16693:1747647663678:,1747647681151
counter/3/0/0/0,17361:1747647664533:,1747647681151
counter/2/0/0/0,19718:1747647665726:,1747647681151
counter/10/0/0/0,17381:1747647663195:,1747647681151
counter/9/0/0/0,20339:1747647665247:,1747647681151
counter/7/0/0/0,16338:1747647662741:,1747647681151
counter/4/0/0/0,16963:1747647664716:,1747647681151
counter/8/0/0/0,17946:1747647663435:,1747647681151
counter/1/0/0/0,18119:1747647664803:,1747647681151
counter/5/0/0/0,17770:1747647663757:,1747647681151
counter/2/0/0/0,19719:1747647665726:,1747647681151
counter/10/0/0/0,17382:1747647663195:,1747647681151
counter/9/0/0/0,20340:1747647665251:,1747647681151
counter/7/0/0/0,16339:1747647662743:,1747647681151
counter/1/0/0/0,18120:1747647664835:,1747647681151
counter/2/0/0/0,19720:1747647665726:,1747647681151
counter/10/0/0/0,17383:1747647663195:,1747647681151
counter/9/0/0/0,20341:1747647665252:,1747647681151
counter/7/0/0/0,16340:1747647662746:,1747647681151
counter/6/0/0/0,16694:1747647663678:,1747647681151
counter/2/0/0/0,19721:1747647665726:,1747647681151
counter/10/0/0/0,17384:1747647663195:,1747647681151
counter/9/0/0/0,20342:1747647665252:,1747647681151
counter/7/0/0/0,16341:1747647662746:,1747647681151
counter/2/0/0/0,19722:1747647665726:,1747647681151
counter/10/0/0/0,17385:1747647663195:,1747647681151
counter/9/0/0/0,20343:1747647665252:,1747647681151
counter/7/0/0/0,16342:1747647662746:,1747647681151
counter/2/0/0/0,19723:1747647665726:,1747647681151
counter/10/0/0/0,17386:1747647663195:,1747647681151
counter/9/0/0/0,20344:1747647665252:,1747647681151
counter/7/0/0/0,16343:1747647662746:,1747647681151
counter/2/0/0/0,19724:1747647665726:,1747647681152
counter/10/0/0/0,17387:1747647663195:,1747647681152
counter/9/0/0/0,20345:1747647665252:,1747647681152
counter/7/0/0/0,16344:1747647662746:,1747647681152
counter/2/0/0/0,19725:1747647665727:,1747647681152
counter/10/0/0/0,17388:1747647663195:,1747647681152
counter/9/0/0/0,20346:1747647665252:,1747647681152
counter/7/0/0/0,16345:1747647662746:,1747647681152
counter/2/0/0/0,19726:1747647665727:,1747647681152
counter/10/0/0/0,17389:1747647663195:,1747647681152
counter/9/0/0/0,20347:1747647665253:,1747647681152
counter/7/0/0/0,16346:1747647662746:,1747647681152
counter/2/0/0/0,19727:1747647665727:,1747647681152
counter/10/0/0/0,17390:1747647663195:,1747647681152
counter/9/0/0/0,20348:1747647665253:,1747647681152
counter/7/0/0/0,16347:1747647662746:,1747647681152
counter/2/0/0/0,19728:1747647665727:,1747647681152
counter/10/0/0/0,17391:1747647663195:,1747647681152
counter/9/0/0/0,20349:1747647665253:,1747647681152
counter/7/0/0/0,16348:1747647662762:,1747647681152
counter/2/0/0/0,19729:1747647665727:,1747647681152
counter/10/0/0/0,17392:1747647663196:,1747647681152
counter/9/0/0/0,20350:1747647665254:,1747647681152
counter/7/0/0/0,16349:1747647662762:,1747647681152
counter/2/0/0/0,19730:1747647665727:,1747647681152
counter/10/0/0/0,17393:1747647663196:,1747647681152
counter/9/0/0/0,20351:1747647665254:,1747647681152
counter/7/0/0/0,16350:1747647662763:,1747647681152
counter/2/0/0/0,19731:1747647665727:,1747647681152
counter/10/0/0/0,17394:1747647663196:,1747647681152
counter/9/0/0/0,20352:1747647665254:,1747647681152
counter/7/0/0/0,16351:1747647662763:,1747647681152
counter/2/0/0/0,19732:1747647665727:,1747647681152
counter/10/0/0/0,17395:1747647663196:,1747647681152
counter/9/0/0/0,20353:1747647665256:,1747647681152
counter/7/0/0/0,16352:1747647662763:,1747647681152
counter/2/0/0/0,19733:1747647665727:,1747647681152
counter/10/0/0/0,17396:1747647663196:,1747647681152
counter/9/0/0/0,20354:1747647665256:,1747647681152
counter/7/0/0/0,16353:1747647662763:,1747647681153
counter/2/0/0/0,19734:1747647665727:,1747647681153
counter/10/0/0/0,17397:1747647663196:,1747647681153
counter/9/0/0/0,20355:1747647665256:,1747647681153
counter/7/0/0/0,16354:1747647662763:,1747647681153
counter/2/0/0/0,19735:1747647665731:,1747647681153
counter/10/0/0/0,17398:1747647663196:,1747647681153
counter/9/0/0/0,20356:1747647665258:,1747647681153
counter/7/0/0/0,16355:1747647662763:,1747647681153
counter/2/0/0/0,19736:1747647665731:,1747647681153
counter/10/0/0/0,17399:1747647663199:,1747647681153
counter/9/0/0/0,20357:1747647665263:,1747647681153
counter/7/0/0/0,16356:1747647662763:,1747647681153
counter/2/0/0/0,19737:1747647665731:,1747647681153
counter/10/0/0/0,17400:1747647663201:,1747647681153
counter/9/0/0/0,20358:1747647665263:,1747647681153
counter/7/0/0/0,16357:1747647662763:,1747647681153
counter/2/0/0/0,19738:1747647665735:,1747647681153
counter/10/0/0/0,17401:1747647663201:,1747647681153
counter/9/0/0/0,20359:1747647665263:,1747647681153
counter/7/0/0/0,16358:1747647662763:,1747647681153
counter/2/0/0/0,19739:1747647665736:,1747647681153
counter/10/0/0/0,17402:1747647663201:,1747647681153
counter/9/0/0/0,20360:1747647665263:,1747647681153
counter/7/0/0/0,16359:1747647662763:,1747647681153
counter/2/0/0/0,19740:1747647665736:,1747647681153
counter/10/0/0/0,17403:1747647663201:,1747647681153
counter/9/0/0/0,20361:1747647665270:,1747647681153
counter/7/0/0/0,16360:1747647662763:,1747647681153
counter/2/0/0/0,19741:1747647665736:,1747647681153
counter/10/0/0/0,17404:1747647663201:,1747647681153
counter/9/0/0/0,20362:1747647665270:,1747647681153
counter/7/0/0/0,16361:1747647662763:,1747647681153
counter/2/0/0/0,19742:1747647665736:,1747647681153
counter/10/0/0/0,17405:1747647663201:,1747647681153
counter/9/0/0/0,20363:1747647665270:,1747647681153
counter/7/0/0/0,16362:1747647662763:,1747647681153
counter/2/0/0/0,19743:1747647665736:,1747647681153
counter/10/0/0/0,17406:1747647663202:,1747647681153
counter/9/0/0/0,20364:1747647665270:,1747647681153
counter/7/0/0/0,16363:1747647662763:,1747647681153
counter/2/0/0/0,19744:1747647665736:,1747647681153
counter/10/0/0/0,17407:1747647663202:,1747647681154
counter/9/0/0/0,20365:1747647665270:,1747647681154
counter/7/0/0/0,16364:1747647662763:,1747647681154
counter/2/0/0/0,19745:1747647665736:,1747647681154
counter/10/0/0/0,17408:1747647663202:,1747647681154
counter/9/0/0/0,20366:1747647665271:,1747647681154
counter/7/0/0/0,16365:1747647662763:,1747647681154
counter/2/0/0/0,19746:1747647665736:,1747647681154
counter/10/0/0/0,17409:1747647663202:,1747647681154
counter/9/0/0/0,20367:1747647665271:,1747647681154
counter/7/0/0/0,16366:1747647662765:,1747647681154
counter/2/0/0/0,19747:1747647665736:,1747647681154
counter/10/0/0/0,17410:1747647663202:,1747647681154
counter/9/0/0/0,20368:1747647665271:,1747647681154
counter/7/0/0/0,16367:1747647662765:,1747647681154
counter/2/0/0/0,19748:1747647665736:,1747647681154
counter/10/0/0/0,17411:1747647663202:,1747647681154
counter/9/0/0/0,20369:1747647665271:,1747647681154
counter/7/0/0/0,16368:1747647662766:,1747647681154
counter/2/0/0/0,19749:1747647665736:,1747647681154
counter/10/0/0/0,17412:1747647663202:,1747647681154
counter/9/0/0/0,20370:1747647665271:,1747647681154
counter/7/0/0/0,16369:1747647662766:,1747647681154
counter/2/0/0/0,19750:1747647665736:,1747647681154
counter/10/0/0/0,17413:1747647663202:,1747647681154
counter/9/0/0/0,20371:1747647665271:,1747647681154
counter/7/0/0/0,16370:1747647662766:,1747647681154
counter/2/0/0/0,19751:1747647665736:,1747647681154
counter/10/0/0/0,17414:1747647663202:,1747647681154
counter/9/0/0/0,20372:1747647665271:,1747647681154
counter/7/0/0/0,16371:1747647662766:,1747647681154
counter/2/0/0/0,19752:1747647665736:,1747647681154
counter/10/0/0/0,17415:1747647663202:,1747647681154
counter/9/0/0/0,20373:1747647665271:,1747647681154
counter/7/0/0/0,16372:1747647662766:,1747647681154
counter/2/0/0/0,19753:1747647665740:,1747647681154
counter/10/0/0/0,17416:1747647663202:,1747647681154
counter/9/0/0/0,20374:1747647665272:,1747647681154
counter/7/0/0/0,16373:1747647662766:,1747647681154
counter/2/0/0/0,19754:1747647665740:,1747647681154
counter/10/0/0/0,17417:1747647663202:,1747647681154
counter/9/0/0/0,20375:1747647665272:,1747647681155
counter/7/0/0/0,16374:1747647662768:,1747647681155
counter/2/0/0/0,19755:1747647665740:,1747647681155
counter/10/0/0/0,17418:1747647663202:,1747647681155
counter/9/0/0/0,20376:1747647665272:,1747647681155
counter/7/0/0/0,16375:1747647662768:,1747647681155
counter/2/0/0/0,19756:1747647665740:,1747647681155
counter/10/0/0/0,17419:1747647663202:,1747647681155
counter/9/0/0/0,20377:1747647665273:,1747647681155
counter/7/0/0/0,16376:1747647662770:,1747647681155
counter/2/0/0/0,19757:1747647665740:,1747647681155
counter/10/0/0/0,17420:1747647663202:,1747647681155
counter/9/0/0/0,20378:1747647665273:,1747647681155
counter/7/0/0/0,16377:1747647662770:,1747647681155
counter/2/0/0/0,19758:1747647665740:,1747647681155
counter/10/0/0/0,17421:1747647663202:,1747647681155
counter/9/0/0/0,20379:1747647665273:,1747647681155
counter/7/0/0/0,16378:1747647662770:,1747647681155
counter/2/0/0/0,19759:1747647665740:,1747647681155
counter/10/0/0/0,17422:1747647663202:,1747647681155
counter/9/0/0/0,20380:1747647665273:,1747647681155
counter/7/0/0/0,16379:1747647662770:,1747647681155
counter/2/0/0/0,19760:1747647665740:,1747647681155
counter/10/0/0/0,17423:1747647663205:,1747647681155
counter/9/0/0/0,20381:1747647665273:,1747647681155
counter/7/0/0/0,16380:1747647662770:,1747647681155
counter/2/0/0/0,19761:1747647665740:,1747647681155
counter/10/0/0/0,17424:1747647663205:,1747647681155
counter/9/0/0/0,20382:1747647665273:,1747647681155
counter/7/0/0/0,16381:1747647662770:,1747647681155
counter/2/0/0/0,19762:1747647665740:,1747647681155
counter/10/0/0/0,17425:1747647663205:,1747647681155
counter/9/0/0/0,20383:1747647665273:,1747647681155
counter/7/0/0/0,16382:1747647662770:,1747647681155
counter/2/0/0/0,19763:1747647665740:,1747647681155
counter/10/0/0/0,17426:1747647663205:,1747647681155
counter/9/0/0/0,20384:1747647665273:,1747647681155
counter/7/0/0/0,16383:1747647662770:,1747647681155
counter/2/0/0/0,19764:1747647665740:,1747647681156
counter/10/0/0/0,17427:1747647663205:,1747647681156
counter/9/0/0/0,20385:1747647665273:,1747647681156
counter/7/0/0/0,16384:1747647662770:,1747647681156
counter/2/0/0/0,19765:1747647665740:,1747647681156
counter/10/0/0/0,17428:1747647663205:,1747647681156
counter/9/0/0/0,20386:1747647665273:,1747647681156
counter/7/0/0/0,16385:1747647662770:,1747647681156
counter/2/0/0/0,19766:1747647665741:,1747647681156
counter/10/0/0/0,17429:1747647663205:,1747647681156
counter/9/0/0/0,20387:1747647665273:,1747647681156
counter/7/0/0/0,16386:1747647662770:,1747647681156
counter/2/0/0/0,19767:1747647665741:,1747647681156
counter/10/0/0/0,17430:1747647663205:,1747647681156
counter/9/0/0/0,20388:1747647665273:,1747647681156
counter/7/0/0/0,16387:1747647662770:,1747647681156
counter/2/0/0/0,19768:1747647665741:,1747647681156
counter/10/0/0/0,17431:1747647663205:,1747647681156
counter/9/0/0/0,20389:1747647665273:,1747647681156
counter/7/0/0/0,16388:1747647662772:,1747647681156
counter/2/0/0/0,19769:1747647665741:,1747647681156
counter/10/0/0/0,17432:1747647663205:,1747647681156
counter/9/0/0/0,20390:1747647665273:,1747647681156
counter/7/0/0/0,16389:1747647662772:,1747647681156
counter/2/0/0/0,19770:1747647665741:,1747647681156
counter/10/0/0/0,17433:1747647663205:,1747647681156
counter/9/0/0/0,20391:1747647665273:,1747647681156
counter/7/0/0/0,16390:1747647662773:,1747647681156
counter/2/0/0/0,19771:1747647665741:,1747647681156
counter/10/0/0/0,17434:1747647663205:,1747647681156
counter/9/0/0/0,20392:1747647665273:,1747647681156
counter/7/0/0/0,16391:1747647662773:,1747647681156
counter/2/0/0/0,19772:1747647665741:,1747647681156
counter/10/0/0/0,17435:1747647663205:,1747647681156
counter/9/0/0/0,20393:1747647665273:,1747647681156
counter/7/0/0/0,16392:1747647662773:,1747647681156
counter/2/0/0/0,19773:1747647665741:,1747647681156
counter/10/0/0/0,17436:1747647663205:,1747647681156
counter/9/0/0/0,20394:1747647665273:,1747647681156
counter/7/0/0/0,16393:1747647662773:,1747647681156
counter/2/0/0/0,19774:1747647665741:,1747647681156
counter/10/0/0/0,17437:1747647663205:,1747647681156
counter/9/0/0/0,20395:1747647665273:,1747647681157
counter/7/0/0/0,16394:1747647662773:,1747647681157
counter/2/0/0/0,19775:1747647665741:,1747647681157
counter/10/0/0/0,17438:1747647663206:,1747647681157
counter/9/0/0/0,20396:1747647665273:,1747647681157
counter/7/0/0/0,16395:1747647662773:,1747647681157
counter/2/0/0/0,19776:1747647665741:,1747647681157
counter/10/0/0/0,17439:1747647663206:,1747647681157
counter/9/0/0/0,20397:1747647665273:,1747647681157
counter/7/0/0/0,16396:1747647662773:,1747647681157
counter/2/0/0/0,19777:1747647665741:,1747647681157
counter/10/0/0/0,17440:1747647663206:,1747647681157
counter/9/0/0/0,20398:1747647665273:,1747647681157
counter/7/0/0/0,16397:1747647662773:,1747647681157
counter/2/0/0/0,19778:1747647665744:,1747647681157
counter/10/0/0/0,17441:1747647663206:,1747647681157
counter/9/0/0/0,20399:1747647665273:,1747647681157
counter/2/0/0/0,19779:1747647665746:,1747647681157
counter/10/0/0/0,17442:1747647663206:,1747647681157
counter/9/0/0/0,20400:1747647665273:,1747647681157
counter/2/0/0/0,19780:1747647665746:,1747647681157
counter/10/0/0/0,17443:1747647663206:,1747647681157
counter/9/0/0/0,20401:1747647665273:,1747647681157
counter/2/0/0/0,19781:1747647665746:,1747647681157
counter/10/0/0/0,17444:1747647663206:,1747647681157
counter/9/0/0/0,20402:1747647665273:,1747647681157
counter/2/0/0/0,19782:1747647665746:,1747647681157
counter/10/0/0/0,17445:1747647663206:,1747647681157
counter/9/0/0/0,20403:1747647665273:,1747647681157
counter/2/0/0/0,19783:1747647665749:,1747647681157
counter/10/0/0/0,17446:1747647663206:,1747647681157
counter/9/0/0/0,20404:1747647665273:,1747647681157
counter/2/0/0/0,19784:1747647665749:,1747647681157
counter/10/0/0/0,17447:1747647663206:,1747647681157
counter/9/0/0/0,20405:1747647665273:,1747647681157
counter/2/0/0/0,19785:1747647665749:,1747647681157
counter/10/0/0/0,17448:1747647663206:,1747647681157
counter/9/0/0/0,20406:1747647665273:,1747647681157
counter/2/0/0/0,19786:1747647665749:,1747647681158
counter/10/0/0/0,17449:1747647663206:,1747647681158
counter/9/0/0/0,20407:1747647665273:,1747647681158
counter/2/0/0/0,19787:1747647665749:,1747647681158
counter/10/0/0/0,17450:1747647663206:,1747647681158
counter/9/0/0/0,20408:1747647665273:,1747647681158
counter/2/0/0/0,19788:1747647665749:,1747647681158
counter/10/0/0/0,17451:1747647663206:,1747647681158
counter/9/0/0/0,20409:1747647665273:,1747647681158
counter/2/0/0/0,19789:1747647665749:,1747647681158
counter/10/0/0/0,17452:1747647663206:,1747647681158
counter/9/0/0/0,20410:1747647665273:,1747647681158
counter/2/0/0/0,19790:1747647665749:,1747647681158
counter/10/0/0/0,17453:1747647663206:,1747647681158
counter/9/0/0/0,20411:1747647665274:,1747647681158
counter/2/0/0/0,19791:1747647665752:,1747647681158
counter/10/0/0/0,17454:1747647663206:,1747647681158
counter/9/0/0/0,20412:1747647665274:,1747647681158
counter/2/0/0/0,19792:1747647665752:,1747647681158
counter/10/0/0/0,17455:1747647663206:,1747647681158
counter/9/0/0/0,20413:1747647665274:,1747647681158
counter/2/0/0/0,19793:1747647665752:,1747647681158
counter/10/0/0/0,17456:1747647663206:,1747647681158
counter/9/0/0/0,20414:1747647665274:,1747647681158
counter/2/0/0/0,19794:1747647665752:,1747647681158
counter/10/0/0/0,17457:1747647663206:,1747647681158
counter/9/0/0/0,20415:1747647665274:,1747647681158
counter/2/0/0/0,19795:1747647665752:,1747647681158
counter/10/0/0/0,17458:1747647663206:,1747647681158
counter/9/0/0/0,20416:1747647665274:,1747647681158
counter/1/0/0/0,18121:1747647664851:,1747647681158
counter/3/0/0/0,17362:1747647664533:,1747647681158
counter/2/0/0/0,19796:1747647665752:,1747647681158
counter/10/0/0/0,17459:1747647663206:,1747647681158
counter/9/0/0/0,20417:1747647665274:,1747647681158
counter/7/0/0/0,16398:1747647662773:,1747647681158
counter/5/0/0/0,17771:1747647663757:,1747647681158
counter/2/0/0/0,19797:1747647665752:,1747647681158
counter/10/0/0/0,17460:1747647663207:,1747647681158
counter/9/0/0/0,20418:1747647665274:,1747647681158
counter/4/0/0/0,16964:1747647664716:,1747647681158
counter/6/0/0/0,16695:1747647663678:,1747647681159
counter/2/0/0/0,19798:1747647665752:,1747647681159
counter/10/0/0/0,17461:1747647663207:,1747647681159
counter/9/0/0/0,20419:1747647665274:,1747647681159
counter/2/0/0/0,19799:1747647665752:,1747647681159
counter/10/0/0/0,17462:1747647663207:,1747647681159
counter/9/0/0/0,20420:1747647665274:,1747647681159
counter/2/0/0/0,19800:1747647665752:,1747647681159
counter/10/0/0/0,17463:1747647663207:,1747647681159
counter/9/0/0/0,20421:1747647665274:,1747647681159
counter/2/0/0/0,19801:1747647665756:,1747647681159
counter/10/0/0/0,17464:1747647663207:,1747647681159
counter/9/0/0/0,20422:1747647665274:,1747647681159
counter/2/0/0/0,19802:1747647665756:,1747647681159
counter/10/0/0/0,17465:1747647663207:,1747647681159
counter/9/0/0/0,20423:1747647665274:,1747647681159
counter/2/0/0/0,19803:1747647665763:,1747647681159
counter/10/0/0/0,17466:1747647663207:,1747647681159
counter/9/0/0/0,20424:1747647665274:,1747647681159
counter/2/0/0/0,19804:1747647665764:,1747647681159
counter/10/0/0/0,17467:1747647663207:,1747647681159
counter/9/0/0/0,20425:1747647665274:,1747647681159
counter/2/0/0/0,19805:1747647665764:,1747647681159
counter/10/0/0/0,17468:1747647663207:,1747647681159
counter/9/0/0/0,20426:1747647665274:,1747647681159
counter/2/0/0/0,19806:1747647665764:,1747647681159
counter/10/0/0/0,17469:1747647663207:,1747647681159
counter/9/0/0/0,20427:1747647665274:,1747647681159
counter/2/0/0/0,19807:1747647665764:,1747647681159
counter/10/0/0/0,17470:1747647663207:,1747647681159
counter/9/0/0/0,20428:1747647665274:,1747647681159
counter/2/0/0/0,19808:1747647665764:,1747647681159
counter/10/0/0/0,17471:1747647663208:,1747647681159
counter/9/0/0/0,20429:1747647665274:,1747647681159
counter/2/0/0/0,19809:1747647665764:,1747647681159
counter/10/0/0/0,17472:1747647663208:,1747647681159
counter/9/0/0/0,20430:1747647665274:,1747647681159
counter/4/0/0/0,16965:1747647664716:,1747647681159
counter/2/0/0/0,19810:1747647665764:,1747647681159
counter/10/0/0/0,17473:1747647663208:,1747647681159
counter/9/0/0/0,20431:1747647665274:,1747647681159
counter/5/0/0/0,17772:1747647663757:,1747647681160
counter/6/0/0/0,16696:1747647663678:,1747647681160
counter/2/0/0/0,19811:1747647665764:,1747647681160
counter/10/0/0/0,17474:1747647663208:,1747647681160
counter/9/0/0/0,20432:1747647665274:,1747647681160
counter/8/0/0/0,17947:1747647663435:,1747647681160
counter/1/0/0/0,18122:1747647664851:,1747647681160
counter/3/0/0/0,17363:1747647664534:,1747647681160
counter/7/0/0/0,16399:1747647662773:,1747647681160
counter/2/0/0/0,19812:1747647665764:,1747647681160
counter/10/0/0/0,17475:1747647663210:,1747647681160
counter/9/0/0/0,20433:1747647665274:,1747647681160
counter/2/0/0/0,19813:1747647665764:,1747647681160
counter/10/0/0/0,17476:1747647663210:,1747647681160
counter/9/0/0/0,20434:1747647665274:,1747647681160
counter/2/0/0/0,19814:1747647665764:,1747647681160
counter/10/0/0/0,17477:1747647663210:,1747647681160
counter/9/0/0/0,20435:1747647665274:,1747647681160
counter/2/0/0/0,19815:1747647665764:,1747647681160
counter/10/0/0/0,17478:1747647663210:,1747647681160
counter/9/0/0/0,20436:1747647665274:,1747647681160
counter/2/0/0/0,19816:1747647665764:,1747647681160
counter/10/0/0/0,17479:1747647663210:,1747647681160
counter/9/0/0/0,20437:1747647665274:,1747647681160
counter/2/0/0/0,19817:1747647665764:,1747647681160
counter/10/0/0/0,17480:1747647663210:,1747647681160
counter/9/0/0/0,20438:1747647665278:,1747647681160
counter/2/0/0/0,19818:1747647665764:,1747647681160
counter/10/0/0/0,17481:1747647663210:,1747647681160
counter/9/0/0/0,20439:1747647665278:,1747647681160
counter/2/0/0/0,19819:1747647665764:,1747647681160
counter/10/0/0/0,17482:1747647663210:,1747647681160
counter/9/0/0/0,20440:1747647665278:,1747647681160
counter/2/0/0/0,19820:1747647665764:,1747647681160
counter/10/0/0/0,17483:1747647663210:,1747647681160
counter/9/0/0/0,20441:1747647665278:,1747647681160
counter/2/0/0/0,19821:1747647665764:,1747647681160
counter/10/0/0/0,17484:1747647663210:,1747647681160
counter/9/0/0/0,20442:1747647665294:,1747647681160
counter/1/0/0/0,18123:1747647664851:,1747647681161
counter/2/0/0/0,19822:1747647665764:,1747647681161
counter/10/0/0/0,17485:1747647663210:,1747647681161
counter/9/0/0/0,20443:1747647665294:,1747647681161
counter/7/0/0/0,16400:1747647662773:,1747647681161
counter/2/0/0/0,19823:1747647665764:,1747647681161
counter/10/0/0/0,17486:1747647663210:,1747647681161
counter/9/0/0/0,20444:1747647665294:,1747647681161
counter/7/0/0/0,16401:1747647662773:,1747647681161
counter/2/0/0/0,19824:1747647665764:,1747647681161
counter/10/0/0/0,17487:1747647663210:,1747647681161
counter/9/0/0/0,20445:1747647665294:,1747647681161
counter/7/0/0/0,16402:1747647662773:,1747647681161
counter/2/0/0/0,19825:1747647665764:,1747647681161
counter/10/0/0/0,17488:1747647663210:,1747647681161
counter/9/0/0/0,20446:1747647665294:,1747647681161
counter/7/0/0/0,16403:1747647662773:,1747647681161
counter/2/0/0/0,19826:1747647665764:,1747647681161
counter/10/0/0/0,17489:1747647663210:,1747647681161
counter/9/0/0/0,20447:1747647665294:,1747647681161
counter/7/0/0/0,16404:1747647662773:,1747647681161
counter/2/0/0/0,19827:1747647665764:,1747647681161
counter/10/0/0/0,17490:1747647663210:,1747647681161
counter/9/0/0/0,20448:1747647665294:,1747647681161
counter/7/0/0/0,16405:1747647662774:,1747647681161
counter/2/0/0/0,19828:1747647665765:,1747647681161
counter/10/0/0/0,17491:1747647663210:,1747647681161
counter/9/0/0/0,20449:1747647665296:,1747647681161
counter/7/0/0/0,16406:1747647662774:,1747647681161
counter/2/0/0/0,19829:1747647665765:,1747647681161
counter/10/0/0/0,17492:1747647663210:,1747647681161
counter/9/0/0/0,20450:1747647665296:,1747647681161
counter/2/0/0/0,19830:1747647665765:,1747647681161
counter/10/0/0/0,17493:1747647663210:,1747647681161
counter/9/0/0/0,20451:1747647665296:,1747647681161
counter/2/0/0/0,19831:1747647665765:,1747647681162
counter/10/0/0/0,17494:1747647663210:,1747647681162
counter/9/0/0/0,20452:1747647665296:,1747647681162
counter/2/0/0/0,19832:1747647665766:,1747647681162
counter/10/0/0/0,17495:1747647663210:,1747647681162
counter/9/0/0/0,20453:1747647665296:,1747647681162
counter/2/0/0/0,19833:1747647665769:,1747647681162
counter/10/0/0/0,17496:1747647663210:,1747647681162
counter/9/0/0/0,20454:1747647665296:,1747647681162
counter/2/0/0/0,19834:1747647665769:,1747647681162
counter/10/0/0/0,17497:1747647663210:,1747647681162
counter/9/0/0/0,20455:1747647665296:,1747647681163
counter/2/0/0/0,19835:1747647665769:,1747647681163
counter/10/0/0/0,17498:1747647663214:,1747647681163
counter/9/0/0/0,20456:1747647665296:,1747647681163
counter/2/0/0/0,19836:1747647665769:,1747647681163
counter/10/0/0/0,17499:1747647663214:,1747647681163
counter/9/0/0/0,20457:1747647665296:,1747647681163
counter/2/0/0/0,19837:1747647665769:,1747647681163
counter/10/0/0/0,17500:1747647663215:,1747647681163
counter/9/0/0/0,20458:1747647665296:,1747647681163
counter/2/0/0/0,19838:1747647665769:,1747647681163
counter/10/0/0/0,17501:1747647663215:,1747647681163
counter/9/0/0/0,20459:1747647665296:,1747647681163
counter/2/0/0/0,19839:1747647665769:,1747647681163
counter/10/0/0/0,17502:1747647663215:,1747647681163
counter/9/0/0/0,20460:1747647665296:,1747647681163
counter/2/0/0/0,19840:1747647665769:,1747647681164
counter/10/0/0/0,17503:1747647663216:,1747647681164
counter/9/0/0/0,20461:1747647665296:,1747647681164
counter/2/0/0/0,19841:1747647665769:,1747647681164
counter/10/0/0/0,17504:1747647663216:,1747647681164
counter/9/0/0/0,20462:1747647665296:,1747647681164
counter/2/0/0/0,19842:1747647665770:,1747647681164
counter/10/0/0/0,17505:1747647663216:,1747647681164
counter/9/0/0/0,20463:1747647665296:,1747647681164
counter/2/0/0/0,19843:1747647665770:,1747647681164
counter/10/0/0/0,17506:1747647663216:,1747647681164
counter/9/0/0/0,20464:1747647665296:,1747647681164
counter/2/0/0/0,19844:1747647665770:,1747647681164
counter/10/0/0/0,17507:1747647663216:,1747647681164
counter/9/0/0/0,20465:1747647665297:,1747647681164
counter/2/0/0/0,19845:1747647665770:,1747647681165
counter/10/0/0/0,17508:1747647663216:,1747647681165
counter/9/0/0/0,20466:1747647665300:,1747647681165
counter/4/0/0/0,16966:1747647664716:,1747647681165
counter/2/0/0/0,19846:1747647665770:,1747647681165
counter/10/0/0/0,17509:1747647663216:,1747647681165
counter/9/0/0/0,20467:1747647665300:,1747647681165
counter/5/0/0/0,17773:1747647663760:,1747647681165
counter/7/0/0/0,16407:1747647662774:,1747647681165
counter/2/0/0/0,19847:1747647665770:,1747647681165
counter/10/0/0/0,17510:1747647663216:,1747647681165
counter/9/0/0/0,20468:1747647665304:,1747647681165
counter/8/0/0/0,17948:1747647663435:,1747647681165
counter/3/0/0/0,17364:1747647664534:,1747647681165
counter/6/0/0/0,16697:1747647663678:,1747647681165
counter/2/0/0/0,19848:1747647665770:,1747647681165
counter/10/0/0/0,17511:1747647663217:,1747647681165
counter/9/0/0/0,20469:1747647665304:,1747647681165
counter/1/0/0/0,18124:1747647664851:,1747647681165
counter/2/0/0/0,19849:1747647665770:,1747647681166
counter/10/0/0/0,17512:1747647663217:,1747647681166
counter/9/0/0/0,20470:1747647665304:,1747647681166
counter/2/0/0/0,19850:1747647665770:,1747647681166
counter/10/0/0/0,17513:1747647663218:,1747647681166
counter/9/0/0/0,20471:1747647665304:,1747647681166
counter/2/0/0/0,19851:1747647665770:,1747647681166
counter/10/0/0/0,17514:1747647663218:,1747647681166
counter/9/0/0/0,20472:1747647665304:,1747647681166
counter/2/0/0/0,19852:1747647665770:,1747647681166
counter/10/0/0/0,17515:1747647663218:,1747647681166
counter/9/0/0/0,20473:1747647665304:,1747647681166
counter/2/0/0/0,19853:1747647665770:,1747647681166
counter/10/0/0/0,17516:1747647663218:,1747647681166
counter/9/0/0/0,20474:1747647665304:,1747647681166
counter/2/0/0/0,19854:1747647665770:,1747647681166
counter/10/0/0/0,17517:1747647663218:,1747647681166
counter/9/0/0/0,20475:1747647665304:,1747647681166
counter/2/0/0/0,19855:1747647665770:,1747647681166
counter/10/0/0/0,17518:1747647663218:,1747647681167
counter/9/0/0/0,20476:1747647665308:,1747647681167
counter/2/0/0/0,19856:1747647665770:,1747647681167
counter/10/0/0/0,17519:1747647663218:,1747647681167
counter/9/0/0/0,20477:1747647665308:,1747647681167
counter/2/0/0/0,19857:1747647665770:,1747647681167
counter/10/0/0/0,17520:1747647663218:,1747647681167
counter/9/0/0/0,20478:1747647665308:,1747647681167
counter/2/0/0/0,19858:1747647665771:,1747647681167
counter/10/0/0/0,17521:1747647663218:,1747647681167
counter/9/0/0/0,20479:1747647665308:,1747647681167
counter/2/0/0/0,19859:1747647665771:,1747647681167
counter/10/0/0/0,17522:1747647663221:,1747647681167
counter/9/0/0/0,20480:1747647665310:,1747647681167
counter/2/0/0/0,19860:1747647665771:,1747647681167
counter/10/0/0/0,17523:1747647663225:,1747647681167
counter/9/0/0/0,20481:1747647665310:,1747647681167
counter/2/0/0/0,19861:1747647665771:,1747647681167
counter/10/0/0/0,17524:1747647663233:,1747647681168
counter/9/0/0/0,20482:1747647665310:,1747647681168
counter/2/0/0/0,19862:1747647665771:,1747647681168
counter/10/0/0/0,17525:1747647663234:,1747647681168
counter/9/0/0/0,20483:1747647665310:,1747647681168
counter/2/0/0/0,19863:1747647665771:,1747647681168
counter/10/0/0/0,17526:1747647663234:,1747647681168
counter/9/0/0/0,20484:1747647665310:,1747647681168
counter/2/0/0/0,19864:1747647665771:,1747647681168
counter/10/0/0/0,17527:1747647663234:,1747647681168
counter/9/0/0/0,20485:1747647665310:,1747647681168
counter/2/0/0/0,19865:1747647665771:,1747647681168
counter/10/0/0/0,17528:1747647663234:,1747647681168
counter/9/0/0/0,20486:1747647665310:,1747647681168
counter/2/0/0/0,19866:1747647665771:,1747647681168
counter/10/0/0/0,17529:1747647663234:,1747647681168
counter/9/0/0/0,20487:1747647665310:,1747647681168
counter/2/0/0/0,19867:1747647665771:,1747647681168
counter/10/0/0/0,17530:1747647663234:,1747647681168
counter/9/0/0/0,20488:1747647665310:,1747647681169
counter/2/0/0/0,19868:1747647665772:,1747647681169
counter/10/0/0/0,17531:1747647663234:,1747647681169
counter/9/0/0/0,20489:1747647665310:,1747647681169
counter/2/0/0/0,19869:1747647665772:,1747647681169
counter/10/0/0/0,17532:1747647663234:,1747647681169
counter/9/0/0/0,20490:1747647665310:,1747647681169
counter/2/0/0/0,19870:1747647665772:,1747647681169
counter/10/0/0/0,17533:1747647663234:,1747647681169
counter/9/0/0/0,20491:1747647665310:,1747647681169
counter/2/0/0/0,19871:1747647665772:,1747647681169
counter/10/0/0/0,17534:1747647663235:,1747647681169
counter/9/0/0/0,20492:1747647665310:,1747647681169
counter/2/0/0/0,19872:1747647665773:,1747647681169
counter/10/0/0/0,17535:1747647663235:,1747647681169
counter/9/0/0/0,20493:1747647665310:,1747647681169
counter/2/0/0/0,19873:1747647665773:,1747647681170
counter/10/0/0/0,17536:1747647663236:,1747647681170
counter/9/0/0/0,20494:1747647665310:,1747647681170
counter/2/0/0/0,19874:1747647665773:,1747647681170
counter/10/0/0/0,17537:1747647663236:,1747647681170
counter/9/0/0/0,20495:1747647665310:,1747647681170
counter/2/0/0/0,19875:1747647665776:,1747647681170
counter/10/0/0/0,17538:1747647663236:,1747647681170
counter/9/0/0/0,20496:1747647665310:,1747647681170
counter/2/0/0/0,19876:1747647665777:,1747647681170
counter/10/0/0/0,17539:1747647663240:,1747647681170
counter/9/0/0/0,20497:1747647665310:,1747647681170
counter/2/0/0/0,19877:1747647665777:,1747647681170
counter/10/0/0/0,17540:1747647663240:,1747647681170
counter/9/0/0/0,20498:1747647665310:,1747647681170
counter/2/0/0/0,19878:1747647665777:,1747647681170
counter/10/0/0/0,17541:1747647663240:,1747647681170
counter/9/0/0/0,20499:1747647665310:,1747647681170
counter/2/0/0/0,19879:1747647665783:,1747647681170
counter/10/0/0/0,17542:1747647663240:,1747647681170
counter/9/0/0/0,20500:1747647665310:,1747647681170
counter/2/0/0/0,19880:1747647665783:,1747647681170
counter/10/0/0/0,17543:1747647663240:,1747647681170
counter/9/0/0/0,20501:1747647665310:,1747647681170
counter/2/0/0/0,19881:1747647665783:,1747647681170
counter/10/0/0/0,17544:1747647663243:,1747647681170
counter/9/0/0/0,20502:1747647665310:,1747647681170
counter/2/0/0/0,19882:1747647665783:,1747647681170
counter/10/0/0/0,17545:1747647663244:,1747647681170
counter/9/0/0/0,20503:1747647665310:,1747647681170
counter/2/0/0/0,19883:1747647665783:,1747647681170
counter/10/0/0/0,17546:1747647663244:,1747647681170
counter/9/0/0/0,20504:1747647665310:,1747647681170
counter/2/0/0/0,19884:1747647665783:,1747647681170
counter/10/0/0/0,17547:1747647663252:,1747647681170
counter/9/0/0/0,20505:1747647665312:,1747647681171
counter/2/0/0/0,19885:1747647665783:,1747647681171
counter/10/0/0/0,17548:1747647663252:,1747647681171
counter/9/0/0/0,20506:1747647665312:,1747647681171
counter/2/0/0/0,19886:1747647665783:,1747647681171
counter/10/0/0/0,17549:1747647663252:,1747647681171
counter/9/0/0/0,20507:1747647665312:,1747647681171
counter/2/0/0/0,19887:1747647665783:,1747647681171
counter/10/0/0/0,17550:1747647663253:,1747647681171
counter/9/0/0/0,20508:1747647665312:,1747647681171
counter/2/0/0/0,19888:1747647665783:,1747647681171
counter/10/0/0/0,17551:1747647663253:,1747647681171
counter/9/0/0/0,20509:1747647665312:,1747647681171
counter/2/0/0/0,19889:1747647665783:,1747647681171
counter/10/0/0/0,17552:1747647663253:,1747647681171
counter/9/0/0/0,20510:1747647665312:,1747647681171
counter/2/0/0/0,19890:1747647665783:,1747647681171
counter/10/0/0/0,17553:1747647663253:,1747647681171
counter/9/0/0/0,20511:1747647665313:,1747647681171
counter/2/0/0/0,19891:1747647665783:,1747647681171
counter/10/0/0/0,17554:1747647663253:,1747647681171
counter/9/0/0/0,20512:1747647665313:,1747647681171
counter/2/0/0/0,19892:1747647665783:,1747647681171
counter/10/0/0/0,17555:1747647663253:,1747647681171
counter/9/0/0/0,20513:1747647665324:,1747647681171
counter/5/0/0/0,17774:1747647663760:,1747647681171
counter/6/0/0/0,16698:1747647663678:,1747647681171
counter/1/0/0/0,18125:1747647664851:,1747647681171
counter/2/0/0/0,19893:1747647665783:,1747647681171
counter/10/0/0/0,17556:1747647663253:,1747647681171
counter/9/0/0/0,20514:1747647665324:,1747647681171
counter/1/0/0/0,18126:1747647664851:,1747647681171
counter/2/0/0/0,19894:1747647665784:,1747647681171
counter/10/0/0/0,17557:1747647663253:,1747647681171
counter/9/0/0/0,20515:1747647665324:,1747647681171
counter/1/0/0/0,18127:1747647664852:,1747647681172
counter/2/0/0/0,19895:1747647665784:,1747647681172
counter/10/0/0/0,17558:1747647663253:,1747647681172
counter/9/0/0/0,20516:1747647665324:,1747647681172
counter/1/0/0/0,18128:1747647664852:,1747647681172
counter/2/0/0/0,19896:1747647665784:,1747647681172
counter/10/0/0/0,17559:1747647663253:,1747647681172
counter/9/0/0/0,20517:1747647665328:,1747647681172
counter/1/0/0/0,18129:1747647664853:,1747647681172
counter/2/0/0/0,19897:1747647665785:,1747647681172
counter/10/0/0/0,17560:1747647663253:,1747647681172
counter/9/0/0/0,20518:1747647665328:,1747647681172
counter/1/0/0/0,18130:1747647664853:,1747647681172
counter/2/0/0/0,19898:1747647665785:,1747647681172
counter/10/0/0/0,17561:1747647663253:,1747647681172
counter/9/0/0/0,20519:1747647665328:,1747647681172
counter/1/0/0/0,18131:1747647664853:,1747647681172
counter/2/0/0/0,19899:1747647665785:,1747647681172
counter/10/0/0/0,17562:1747647663253:,1747647681172
counter/9/0/0/0,20520:1747647665328:,1747647681172
counter/1/0/0/0,18132:1747647664853:,1747647681172
counter/2/0/0/0,19900:1747647665785:,1747647681172
counter/10/0/0/0,17563:1747647663253:,1747647681172
counter/9/0/0/0,20521:1747647665328:,1747647681172
counter/1/0/0/0,18133:1747647664853:,1747647681172
counter/2/0/0/0,19901:1747647665785:,1747647681172
counter/10/0/0/0,17564:1747647663253:,1747647681172
counter/9/0/0/0,20522:1747647665328:,1747647681172
counter/1/0/0/0,18134:1747647664853:,1747647681172
counter/2/0/0/0,19902:1747647665785:,1747647681172
counter/10/0/0/0,17565:1747647663253:,1747647681172
counter/9/0/0/0,20523:1747647665329:,1747647681172
counter/1/0/0/0,18135:1747647664853:,1747647681172
counter/2/0/0/0,19903:1747647665785:,1747647681172
counter/10/0/0/0,17566:1747647663253:,1747647681172
counter/9/0/0/0,20524:1747647665330:,1747647681172
counter/1/0/0/0,18136:1747647664853:,1747647681172
counter/2/0/0/0,19904:1747647665785:,1747647681172
counter/10/0/0/0,17567:1747647663253:,1747647681172
counter/9/0/0/0,20525:1747647665330:,1747647681173
counter/1/0/0/0,18137:1747647664853:,1747647681173
counter/2/0/0/0,19905:1747647665785:,1747647681173
counter/10/0/0/0,17568:1747647663253:,1747647681173
counter/9/0/0/0,20526:1747647665330:,1747647681173
counter/1/0/0/0,18138:1747647664853:,1747647681173
counter/2/0/0/0,19906:1747647665785:,1747647681173
counter/10/0/0/0,17569:1747647663254:,1747647681173
counter/9/0/0/0,20527:1747647665330:,1747647681173
counter/1/0/0/0,18139:1747647664853:,1747647681173
counter/7/0/0/0,16408:1747647662774:,1747647681173
counter/3/0/0/0,17365:1747647664534:,1747647681173
counter/2/0/0/0,19907:1747647665787:,1747647681173
counter/10/0/0/0,17570:1747647663254:,1747647681173
counter/9/0/0/0,20528:1747647665330:,1747647681173
counter/1/0/0/0,18140:1747647664853:,1747647681173
counter/6/0/0/0,16699:1747647663678:,1747647681173
counter/8/0/0/0,17949:1747647663435:,1747647681173
counter/2/0/0/0,19908:1747647665788:,1747647681173
counter/10/0/0/0,17571:1747647663254:,1747647681173
counter/9/0/0/0,20529:1747647665330:,1747647681173
counter/1/0/0/0,18141:1747647664853:,1747647681173
counter/6/0/0/0,16700:1747647663678:,1747647681173
counter/2/0/0/0,19909:1747647665788:,1747647681173
counter/10/0/0/0,17572:1747647663254:,1747647681173
counter/9/0/0/0,20530:1747647665330:,1747647681173
counter/1/0/0/0,18142:1747647664853:,1747647681173
counter/8/0/0/0,17950:1747647663435:,1747647681173
counter/2/0/0/0,19910:1747647665788:,1747647681173
counter/10/0/0/0,17573:1747647663254:,1747647681173
counter/9/0/0/0,20531:1747647665330:,1747647681173
counter/1/0/0/0,18143:1747647664870:,1747647681173
counter/8/0/0/0,17951:1747647663435:,1747647681173
counter/2/0/0/0,19911:1747647665788:,1747647681173
counter/10/0/0/0,17574:1747647663254:,1747647681173
counter/9/0/0/0,20532:1747647665330:,1747647681173
counter/1/0/0/0,18144:1747647664875:,1747647681173
counter/8/0/0/0,17952:1747647663435:,1747647681173
counter/2/0/0/0,19912:1747647665788:,1747647681173
counter/10/0/0/0,17575:1747647663260:,1747647681173
counter/9/0/0/0,20533:1747647665330:,1747647681173
counter/1/0/0/0,18145:1747647664875:,1747647681173
counter/8/0/0/0,17953:1747647663435:,1747647681173
counter/2/0/0/0,19913:1747647665788:,1747647681173
counter/10/0/0/0,17576:1747647663260:,1747647681173
counter/9/0/0/0,20534:1747647665330:,1747647681174
counter/1/0/0/0,18146:1747647664875:,1747647681174
counter/8/0/0/0,17954:1747647663435:,1747647681174
counter/2/0/0/0,19914:1747647665788:,1747647681174
counter/10/0/0/0,17577:1747647663260:,1747647681174
counter/9/0/0/0,20535:1747647665330:,1747647681174
counter/1/0/0/0,18147:1747647664875:,1747647681174
counter/8/0/0/0,17955:1747647663435:,1747647681174
counter/2/0/0/0,19915:1747647665788:,1747647681174
counter/10/0/0/0,17578:1747647663260:,1747647681174
counter/9/0/0/0,20536:1747647665330:,1747647681174
counter/1/0/0/0,18148:1747647664875:,1747647681174
counter/8/0/0/0,17956:1747647663438:,1747647681174
counter/2/0/0/0,19916:1747647665788:,1747647681174
counter/10/0/0/0,17579:1747647663260:,1747647681174
counter/9/0/0/0,20537:1747647665330:,1747647681174
counter/1/0/0/0,18149:1747647664875:,1747647681174
counter/8/0/0/0,17957:1747647663438:,1747647681174
counter/2/0/0/0,19917:1747647665789:,1747647681174
counter/10/0/0/0,17580:1747647663260:,1747647681174
counter/9/0/0/0,20538:1747647665330:,1747647681174
counter/1/0/0/0,18150:1747647664876:,1747647681174
counter/8/0/0/0,17958:1747647663438:,1747647681174
counter/2/0/0/0,19918:1747647665789:,1747647681174
counter/10/0/0/0,17581:1747647663260:,1747647681174
counter/9/0/0/0,20539:1747647665330:,1747647681174
counter/8/0/0/0,17959:1747647663438:,1747647681174
counter/2/0/0/0,19919:1747647665792:,1747647681174
counter/10/0/0/0,17582:1747647663260:,1747647681174
counter/9/0/0/0,20540:1747647665330:,1747647681174
counter/8/0/0/0,17960:1747647663438:,1747647681174
counter/2/0/0/0,19920:1747647665800:,1747647681174
counter/10/0/0/0,17583:1747647663260:,1747647681174
counter/9/0/0/0,20541:1747647665330:,1747647681174
counter/8/0/0/0,17961:1747647663438:,1747647681174
counter/2/0/0/0,19921:1747647665801:,1747647681174
counter/10/0/0/0,17584:1747647663260:,1747647681174
counter/9/0/0/0,20542:1747647665330:,1747647681174
counter/8/0/0/0,17962:1747647663438:,1747647681174
counter/2/0/0/0,19922:1747647665801:,1747647681175
counter/10/0/0/0,17585:1747647663260:,1747647681175
counter/9/0/0/0,20543:1747647665330:,1747647681175
counter/8/0/0/0,17963:1747647663438:,1747647681175
counter/2/0/0/0,19923:1747647665801:,1747647681175
counter/10/0/0/0,17586:1747647663260:,1747647681175
counter/9/0/0/0,20544:1747647665330:,1747647681175
counter/8/0/0/0,17964:1747647663438:,1747647681175
counter/2/0/0/0,19924:1747647665801:,1747647681175
counter/10/0/0/0,17587:1747647663260:,1747647681175
counter/9/0/0/0,20545:1747647665330:,1747647681175
counter/8/0/0/0,17965:1747647663438:,1747647681175
counter/2/0/0/0,19925:1747647665801:,1747647681175
counter/10/0/0/0,17588:1747647663260:,1747647681175
counter/9/0/0/0,20546:1747647665331:,1747647681175
counter/8/0/0/0,17966:1747647663438:,1747647681175
counter/1/0/0/0,18151:1747647664876:,1747647681175
counter/3/0/0/0,17366:1747647664534:,1747647681175
counter/2/0/0/0,19926:1747647665801:,1747647681175
counter/10/0/0/0,17589:1747647663268:,1747647681175
counter/9/0/0/0,20547:1747647665337:,1747647681175
counter/8/0/0/0,17967:1747647663438:,1747647681175
counter/4/0/0/0,16967:1747647664716:,1747647681175
counter/6/0/0/0,16701:1747647663678:,1747647681175
counter/2/0/0/0,19927:1747647665805:,1747647681175
counter/10/0/0/0,17590:1747647663268:,1747647681175
counter/9/0/0/0,20548:1747647665337:,1747647681175
counter/8/0/0/0,17968:1747647663438:,1747647681175
counter/2/0/0/0,19928:1747647665805:,1747647681175
counter/10/0/0/0,17591:1747647663268:,1747647681175
counter/9/0/0/0,20549:1747647665338:,1747647681175
counter/8/0/0/0,17969:1747647663439:,1747647681175
counter/2/0/0/0,19929:1747647665805:,1747647681175
counter/10/0/0/0,17592:1747647663268:,1747647681175
counter/9/0/0/0,20550:1747647665338:,1747647681175
counter/8/0/0/0,17970:1747647663439:,1747647681175
counter/2/0/0/0,19930:1747647665805:,1747647681175
counter/10/0/0/0,17593:1747647663268:,1747647681175
counter/9/0/0/0,20551:1747647665338:,1747647681176
counter/8/0/0/0,17971:1747647663439:,1747647681176
counter/2/0/0/0,19931:1747647665805:,1747647681176
counter/10/0/0/0,17594:1747647663268:,1747647681176
counter/9/0/0/0,20552:1747647665338:,1747647681176
counter/8/0/0/0,17972:1747647663439:,1747647681176
counter/2/0/0/0,19932:1747647665805:,1747647681176
counter/10/0/0/0,17595:1747647663268:,1747647681176
counter/9/0/0/0,20553:1747647665338:,1747647681176
counter/8/0/0/0,17973:1747647663439:,1747647681176
counter/2/0/0/0,19933:1747647665805:,1747647681176
counter/10/0/0/0,17596:1747647663268:,1747647681176
counter/9/0/0/0,20554:1747647665338:,1747647681176
counter/8/0/0/0,17974:1747647663449:,1747647681176
counter/2/0/0/0,19934:1747647665805:,1747647681176
counter/10/0/0/0,17597:1747647663268:,1747647681176
counter/9/0/0/0,20555:1747647665338:,1747647681176
counter/8/0/0/0,17975:1747647663449:,1747647681176
counter/2/0/0/0,19935:1747647665805:,1747647681176
counter/10/0/0/0,17598:1747647663269:,1747647681176
counter/9/0/0/0,20556:1747647665338:,1747647681176
counter/8/0/0/0,17976:1747647663449:,1747647681176
counter/2/0/0/0,19936:1747647665805:,1747647681176
counter/10/0/0/0,17599:1747647663269:,1747647681176
counter/9/0/0/0,20557:1747647665338:,1747647681176
counter/8/0/0/0,17977:1747647663451:,1747647681176
counter/2/0/0/0,19937:1747647665805:,1747647681176
counter/10/0/0/0,17600:1747647663269:,1747647681176
counter/9/0/0/0,20558:1747647665338:,1747647681176
counter/8/0/0/0,17978:1747647663451:,1747647681176
counter/2/0/0/0,19938:1747647665805:,1747647681176
counter/10/0/0/0,17601:1747647663269:,1747647681176
counter/9/0/0/0,20559:1747647665339:,1747647681176
counter/8/0/0/0,17979:1747647663451:,1747647681176
counter/2/0/0/0,19939:1747647665805:,1747647681176
counter/10/0/0/0,17602:1747647663269:,1747647681176
counter/9/0/0/0,20560:1747647665339:,1747647681176
counter/8/0/0/0,17980:1747647663451:,1747647681177
counter/2/0/0/0,19940:1747647665805:,1747647681177
counter/10/0/0/0,17603:1747647663269:,1747647681177
counter/9/0/0/0,20561:1747647665343:,1747647681177
counter/8/0/0/0,17981:1747647663451:,1747647681177
counter/2/0/0/0,19941:1747647665805:,1747647681177
counter/10/0/0/0,17604:1747647663269:,1747647681177
counter/9/0/0/0,20562:1747647665344:,1747647681177
counter/8/0/0/0,17982:1747647663451:,1747647681177
counter/2/0/0/0,19942:1747647665805:,1747647681177
counter/10/0/0/0,17605:1747647663269:,1747647681177
counter/9/0/0/0,20563:1747647665344:,1747647681177
counter/8/0/0/0,17983:1747647663451:,1747647681177
counter/2/0/0/0,19943:1747647665805:,1747647681177
counter/10/0/0/0,17606:1747647663269:,1747647681177
counter/9/0/0/0,20564:1747647665344:,1747647681177
counter/8/0/0/0,17984:1747647663451:,1747647681177
counter/2/0/0/0,19944:1747647665805:,1747647681177
counter/10/0/0/0,17607:1747647663274:,1747647681177
counter/9/0/0/0,20565:1747647665344:,1747647681177
counter/8/0/0/0,17985:1747647663451:,1747647681177
counter/2/0/0/0,19945:1747647665805:,1747647681177
counter/10/0/0/0,17608:1747647663274:,1747647681177
counter/9/0/0/0,20566:1747647665344:,1747647681177
counter/8/0/0/0,17986:1747647663451:,1747647681177
counter/2/0/0/0,19946:1747647665805:,1747647681177
counter/10/0/0/0,17609:1747647663274:,1747647681177
counter/9/0/0/0,20567:1747647665344:,1747647681177
counter/8/0/0/0,17987:1747647663456:,1747647681177
counter/2/0/0/0,19947:1747647665805:,1747647681178
counter/10/0/0/0,17610:1747647663279:,1747647681178
counter/9/0/0/0,20568:1747647665344:,1747647681178
counter/8/0/0/0,17988:1747647663465:,1747647681178
counter/2/0/0/0,19948:1747647665805:,1747647681178
counter/10/0/0/0,17611:1747647663279:,1747647681178
counter/9/0/0/0,20569:1747647665344:,1747647681178
counter/8/0/0/0,17989:1747647663465:,1747647681178
counter/2/0/0/0,19949:1747647665806:,1747647681178
counter/10/0/0/0,17612:1747647663279:,1747647681178
counter/9/0/0/0,20570:1747647665344:,1747647681178
counter/8/0/0/0,17990:1747647663465:,1747647681178
counter/2/0/0/0,19950:1747647665806:,1747647681178
counter/10/0/0/0,17613:1747647663279:,1747647681178
counter/9/0/0/0,20571:1747647665344:,1747647681178
counter/8/0/0/0,17991:1747647663465:,1747647681178
counter/2/0/0/0,19951:1747647665806:,1747647681178
counter/10/0/0/0,17614:1747647663279:,1747647681178
counter/9/0/0/0,20572:1747647665344:,1747647681178
counter/8/0/0/0,17992:1747647663465:,1747647681178
counter/2/0/0/0,19952:1747647665806:,1747647681178
counter/10/0/0/0,17615:1747647663279:,1747647681178
counter/9/0/0/0,20573:1747647665344:,1747647681178
counter/8/0/0/0,17993:1747647663466:,1747647681178
counter/2/0/0/0,19953:1747647665806:,1747647681178
counter/10/0/0/0,17616:1747647663279:,1747647681178
counter/9/0/0/0,20574:1747647665344:,1747647681178
counter/8/0/0/0,17994:1747647663466:,1747647681178
counter/2/0/0/0,19954:1747647665806:,1747647681178
counter/10/0/0/0,17617:1747647663279:,1747647681178
counter/9/0/0/0,20575:1747647665344:,1747647681178
counter/8/0/0/0,17995:1747647663466:,1747647681178
counter/2/0/0/0,19955:1747647665806:,1747647681178
counter/10/0/0/0,17618:1747647663279:,1747647681178
counter/9/0/0/0,20576:1747647665344:,1747647681178
counter/8/0/0/0,17996:1747647663466:,1747647681178
counter/4/0/0/0,16968:1747647664716:,1747647681179
counter/2/0/0/0,19956:1747647665806:,1747647681179
counter/10/0/0/0,17619:1747647663279:,1747647681179
counter/9/0/0/0,20577:1747647665344:,1747647681179
counter/8/0/0/0,17997:1747647663466:,1747647681179
counter/2/0/0/0,19957:1747647665806:,1747647681179
counter/10/0/0/0,17620:1747647663279:,1747647681179
counter/9/0/0/0,20578:1747647665344:,1747647681179
counter/8/0/0/0,17998:1747647663466:,1747647681179
counter/6/0/0/0,16702:1747647663678:,1747647681179
counter/4/0/0/0,16969:1747647664716:,1747647681179
counter/2/0/0/0,19958:1747647665806:,1747647681179
counter/10/0/0/0,17621:1747647663279:,1747647681179
counter/9/0/0/0,20579:1747647665344:,1747647681179
counter/8/0/0/0,17999:1747647663466:,1747647681179
counter/3/0/0/0,17367:1747647664534:,1747647681179
counter/2/0/0/0,19959:1747647665806:,1747647681179
counter/10/0/0/0,17622:1747647663279:,1747647681179
counter/9/0/0/0,20580:1747647665344:,1747647681179
counter/8/0/0/0,18000:1747647663468:,1747647681179
counter/6/0/0/0,16703:1747647663678:,1747647681179
counter/4/0/0/0,16970:1747647664716:,1747647681179
counter/2/0/0/0,19960:1747647665806:,1747647681179
counter/10/0/0/0,17623:1747647663292:,1747647681179
counter/9/0/0/0,20581:1747647665344:,1747647681179
counter/8/0/0/0,18001:1747647663468:,1747647681179
counter/3/0/0/0,17368:1747647664534:,1747647681179
counter/7/0/0/0,16409:1747647662774:,1747647681179
counter/2/0/0/0,19961:1747647665806:,1747647681179
counter/10/0/0/0,17624:1747647663292:,1747647681179
counter/9/0/0/0,20582:1747647665344:,1747647681179
counter/8/0/0/0,18002:1747647663468:,1747647681179
counter/2/0/0/0,19962:1747647665806:,1747647681179
counter/10/0/0/0,17625:1747647663292:,1747647681179
counter/9/0/0/0,20583:1747647665347:,1747647681179
counter/8/0/0/0,18003:1747647663468:,1747647681179
counter/2/0/0/0,19963:1747647665806:,1747647681179
counter/10/0/0/0,17626:1747647663292:,1747647681179
counter/9/0/0/0,20584:1747647665347:,1747647681179
counter/8/0/0/0,18004:1747647663468:,1747647681179
counter/2/0/0/0,19964:1747647665806:,1747647681179
counter/10/0/0/0,17627:1747647663292:,1747647681180
counter/9/0/0/0,20585:1747647665347:,1747647681180
counter/8/0/0/0,18005:1747647663468:,1747647681180
counter/2/0/0/0,19965:1747647665806:,1747647681180
counter/10/0/0/0,17628:1747647663292:,1747647681180
counter/9/0/0/0,20586:1747647665347:,1747647681180
counter/8/0/0/0,18006:1747647663468:,1747647681180
counter/2/0/0/0,19966:1747647665806:,1747647681180
counter/10/0/0/0,17629:1747647663292:,1747647681180
counter/9/0/0/0,20587:1747647665347:,1747647681180
counter/8/0/0/0,18007:1747647663468:,1747647681180
counter/2/0/0/0,19967:1747647665806:,1747647681180
counter/10/0/0/0,17630:1747647663299:,1747647681180
counter/9/0/0/0,20588:1747647665347:,1747647681180
counter/8/0/0/0,18008:1747647663468:,1747647681180
counter/2/0/0/0,19968:1747647665806:,1747647681180
counter/10/0/0/0,17631:1747647663299:,1747647681180
counter/9/0/0/0,20589:1747647665350:,1747647681180
counter/8/0/0/0,18009:1747647663468:,1747647681180
counter/2/0/0/0,19969:1747647665809:,1747647681180
counter/10/0/0/0,17632:1747647663299:,1747647681180
counter/9/0/0/0,20590:1747647665351:,1747647681180
counter/8/0/0/0,18010:1747647663468:,1747647681180
counter/2/0/0/0,19970:1747647665812:,1747647681180
counter/10/0/0/0,17633:1747647663299:,1747647681180
counter/9/0/0/0,20591:1747647665351:,1747647681180
counter/8/0/0/0,18011:1747647663468:,1747647681180
counter/2/0/0/0,19971:1747647665812:,1747647681180
counter/10/0/0/0,17634:1747647663299:,1747647681180
counter/9/0/0/0,20592:1747647665351:,1747647681180
counter/8/0/0/0,18012:1747647663468:,1747647681180
counter/2/0/0/0,19972:1747647665812:,1747647681180
counter/10/0/0/0,17635:1747647663299:,1747647681180
counter/9/0/0/0,20593:1747647665351:,1747647681180
counter/8/0/0/0,18013:1747647663468:,1747647681180
counter/2/0/0/0,19973:1747647665812:,1747647681180
counter/10/0/0/0,17636:1747647663299:,1747647681180
counter/9/0/0/0,20594:1747647665351:,1747647681181
counter/8/0/0/0,18014:1747647663468:,1747647681181
counter/2/0/0/0,19974:1747647665812:,1747647681181
counter/10/0/0/0,17637:1747647663299:,1747647681181
counter/9/0/0/0,20595:1747647665351:,1747647681181
counter/8/0/0/0,18015:1747647663468:,1747647681181
counter/2/0/0/0,19975:1747647665821:,1747647681181
counter/10/0/0/0,17638:1747647663300:,1747647681181
counter/9/0/0/0,20596:1747647665351:,1747647681181
counter/8/0/0/0,18016:1747647663469:,1747647681181
counter/2/0/0/0,19976:1747647665824:,1747647681181
counter/10/0/0/0,17639:1747647663300:,1747647681181
counter/9/0/0/0,20597:1747647665351:,1747647681181
counter/8/0/0/0,18017:1747647663469:,1747647681181
counter/2/0/0/0,19977:1747647665824:,1747647681181
counter/10/0/0/0,17640:1747647663315:,1747647681181
counter/9/0/0/0,20598:1747647665357:,1747647681181
counter/8/0/0/0,18018:1747647663474:,1747647681181
counter/2/0/0/0,19978:1747647665824:,1747647681181
counter/10/0/0/0,17641:1747647663320:,1747647681181
counter/9/0/0/0,20599:1747647665357:,1747647681181
counter/8/0/0/0,18019:1747647663476:,1747647681181
counter/2/0/0/0,19979:1747647665824:,1747647681181
counter/10/0/0/0,17642:1747647663325:,1747647681181
counter/9/0/0/0,20600:1747647665357:,1747647681181
counter/8/0/0/0,18020:1747647663476:,1747647681181
counter/2/0/0/0,19980:1747647665824:,1747647681181
counter/10/0/0/0,17643:1747647663332:,1747647681181
counter/9/0/0/0,20601:1747647665357:,1747647681181
counter/8/0/0/0,18021:1747647663476:,1747647681181
counter/2/0/0/0,19981:1747647665824:,1747647681181
counter/10/0/0/0,17644:1747647663332:,1747647681181
counter/9/0/0/0,20602:1747647665357:,1747647681181
counter/8/0/0/0,18022:1747647663476:,1747647681181
counter/2/0/0/0,19982:1747647665824:,1747647681181
counter/10/0/0/0,17645:1747647663332:,1747647681181
counter/9/0/0/0,20603:1747647665368:,1747647681181
counter/8/0/0/0,18023:1747647663476:,1747647681181
counter/6/0/0/0,16704:1747647663678:,1747647681182
counter/4/0/0/0,16971:1747647664716:,1747647681182
counter/2/0/0/0,19983:1747647665836:,1747647681182
counter/10/0/0/0,17646:1747647663332:,1747647681182
counter/9/0/0/0,20604:1747647665368:,1747647681182
counter/8/0/0/0,18024:1747647663476:,1747647681182
counter/7/0/0/0,16410:1747647662774:,1747647681182
counter/3/0/0/0,17369:1747647664534:,1747647681182
counter/1/0/0/0,18152:1747647664876:,1747647681182
counter/2/0/0/0,19984:1747647665836:,1747647681182
counter/10/0/0/0,17647:1747647663332:,1747647681182
counter/9/0/0/0,20605:1747647665368:,1747647681182
counter/8/0/0/0,18025:1747647663476:,1747647681182
counter/2/0/0/0,19985:1747647665836:,1747647681182
counter/10/0/0/0,17648:1747647663332:,1747647681182
counter/9/0/0/0,20606:1747647665368:,1747647681182
counter/8/0/0/0,18026:1747647663476:,1747647681182
counter/2/0/0/0,19986:1747647665836:,1747647681182
counter/10/0/0/0,17649:1747647663332:,1747647681182
counter/9/0/0/0,20607:1747647665371:,1747647681182
counter/8/0/0/0,18027:1747647663476:,1747647681182
counter/2/0/0/0,19987:1747647665836:,1747647681182
counter/10/0/0/0,17650:1747647663332:,1747647681182
counter/9/0/0/0,20608:1747647665371:,1747647681182
counter/8/0/0/0,18028:1747647663476:,1747647681182
counter/2/0/0/0,19988:1747647665836:,1747647681182
counter/10/0/0/0,17651:1747647663335:,1747647681182
counter/9/0/0/0,20609:1747647665371:,1747647681182
counter/8/0/0/0,18029:1747647663476:,1747647681182
counter/2/0/0/0,19989:1747647665836:,1747647681182
counter/10/0/0/0,17652:1747647663335:,1747647681182
counter/9/0/0/0,20610:1747647665371:,1747647681182
counter/8/0/0/0,18030:1747647663481:,1747647681182
counter/2/0/0/0,19990:1747647665852:,1747647681182
counter/10/0/0/0,17653:1747647663335:,1747647681182
counter/9/0/0/0,20611:1747647665372:,1747647681182
counter/8/0/0/0,18031:1747647663481:,1747647681182
counter/4/0/0/0,16972:1747647664716:,1747647681182
counter/7/0/0/0,16411:1747647662774:,1747647681182
counter/2/0/0/0,19991:1747647665852:,1747647681182
counter/10/0/0/0,17654:1747647663364:,1747647681182
counter/9/0/0/0,20612:1747647665377:,1747647681182
counter/8/0/0/0,18032:1747647663481:,1747647681183
counter/1/0/0/0,18153:1747647664876:,1747647681183
counter/3/0/0/0,17370:1747647664534:,1747647681183
counter/2/0/0/0,19992:1747647665855:,1747647681183
counter/10/0/0/0,17655:1747647663364:,1747647681183
counter/9/0/0/0,20613:1747647665377:,1747647681183
counter/8/0/0/0,18033:1747647663481:,1747647681183
counter/2/0/0/0,19993:1747647665855:,1747647681183
counter/10/0/0/0,17656:1747647663364:,1747647681183
counter/9/0/0/0,20614:1747647665377:,1747647681183
counter/8/0/0/0,18034:1747647663481:,1747647681183
counter/2/0/0/0,19994:1747647665855:,1747647681183
counter/10/0/0/0,17657:1747647663364:,1747647681183
counter/9/0/0/0,20615:1747647665377:,1747647681183
counter/8/0/0/0,18035:1747647663481:,1747647681183
counter/2/0/0/0,19995:1747647665855:,1747647681183
counter/10/0/0/0,17658:1747647663364:,1747647681183
counter/9/0/0/0,20616:1747647665384:,1747647681183
counter/8/0/0/0,18036:1747647663481:,1747647681183
counter/2/0/0/0,19996:1747647665855:,1747647681183
counter/10/0/0/0,17659:1747647663364:,1747647681183
counter/9/0/0/0,20617:1747647665384:,1747647681183
counter/8/0/0/0,18037:1747647663481:,1747647681183
counter/2/0/0/0,19997:1747647665855:,1747647681183
counter/10/0/0/0,17660:1747647663365:,1747647681183
counter/9/0/0/0,20618:1747647665408:,1747647681183
counter/8/0/0/0,18038:1747647663483:,1747647681183
counter/2/0/0/0,19998:1747647665855:,1747647681183
counter/10/0/0/0,17661:1747647663365:,1747647681183
counter/9/0/0/0,20619:1747647665408:,1747647681183
counter/8/0/0/0,18039:1747647663491:,1747647681183
counter/2/0/0/0,19999:1747647665855:,1747647681183
counter/10/0/0/0,17662:1747647663365:,1747647681183
counter/9/0/0/0,20620:1747647665408:,1747647681183
counter/8/0/0/0,18040:1747647663491:,1747647681183
counter/2/0/0/0,20000:1747647665861:,1747647681183
counter/10/0/0/0,17663:1747647663365:,1747647681183
counter/9/0/0/0,20621:1747647665408:,1747647681183
counter/8/0/0/0,18041:1747647663491:,1747647681184
counter/2/0/0/0,20001:1747647665861:,1747647681184
counter/10/0/0/0,17664:1747647663365:,1747647681184
counter/9/0/0/0,20622:1747647665408:,1747647681184
counter/8/0/0/0,18042:1747647663491:,1747647681184
counter/2/0/0/0,20002:1747647665861:,1747647681184
counter/10/0/0/0,17665:1747647663365:,1747647681184
counter/9/0/0/0,20623:1747647665408:,1747647681184
counter/8/0/0/0,18043:1747647663491:,1747647681184
counter/2/0/0/0,20003:1747647665861:,1747647681184
counter/10/0/0/0,17666:1747647663365:,1747647681184
counter/9/0/0/0,20624:1747647665408:,1747647681184
counter/8/0/0/0,18044:1747647663491:,1747647681184
counter/2/0/0/0,20004:1747647665861:,1747647681184
counter/10/0/0/0,17667:1747647663365:,1747647681184
counter/9/0/0/0,20625:1747647665408:,1747647681184
counter/8/0/0/0,18045:1747647663491:,1747647681184
counter/2/0/0/0,20005:1747647665861:,1747647681184
counter/10/0/0/0,17668:1747647663372:,1747647681184
counter/9/0/0/0,20626:1747647665408:,1747647681184
counter/8/0/0/0,18046:1747647663491:,1747647681184
counter/2/0/0/0,20006:1747647665861:,1747647681184
counter/10/0/0/0,17669:1747647663372:,1747647681184
counter/9/0/0/0,20627:1747647665421:,1747647681184
counter/8/0/0/0,18047:1747647663491:,1747647681184
counter/2/0/0/0,20007:1747647665861:,1747647681184
counter/10/0/0/0,17670:1747647663372:,1747647681184
counter/9/0/0/0,20628:1747647665421:,1747647681184
counter/8/0/0/0,18048:1747647663491:,1747647681184
counter/2/0/0/0,20008:1747647665861:,1747647681184
counter/10/0/0/0,17671:1747647663372:,1747647681184
counter/9/0/0/0,20629:1747647665421:,1747647681184
counter/8/0/0/0,18049:1747647663491:,1747647681184
counter/2/0/0/0,20009:1747647665861:,1747647681184
counter/10/0/0/0,17672:1747647663372:,1747647681184
counter/9/0/0/0,20630:1747647665421:,1747647681184
counter/8/0/0/0,18050:1747647663501:,1747647681184
counter/2/0/0/0,20010:1747647665862:,1747647681184
counter/10/0/0/0,17673:1747647663372:,1747647681185
counter/9/0/0/0,20631:1747647665421:,1747647681185
counter/8/0/0/0,18051:1747647663501:,1747647681185
counter/2/0/0/0,20011:1747647665862:,1747647681185
counter/10/0/0/0,17674:1747647663372:,1747647681185
counter/9/0/0/0,20632:1747647665421:,1747647681185
counter/8/0/0/0,18052:1747647663501:,1747647681185
counter/6/0/0/0,16705:1747647663678:,1747647681185
counter/2/0/0/0,20012:1747647665862:,1747647681185
counter/10/0/0/0,17675:1747647663372:,1747647681185
counter/9/0/0/0,20633:1747647665421:,1747647681185
counter/8/0/0/0,18053:1747647663501:,1747647681185
counter/2/0/0/0,20013:1747647665862:,1747647681185
counter/10/0/0/0,17676:1747647663372:,1747647681185
counter/9/0/0/0,20634:1747647665421:,1747647681185
counter/8/0/0/0,18054:1747647663501:,1747647681185
counter/2/0/0/0,20014:1747647665862:,1747647681185
counter/10/0/0/0,17677:1747647663373:,1747647681185
counter/9/0/0/0,20635:1747647665421:,1747647681185
counter/8/0/0/0,18055:1747647663501:,1747647681185
counter/2/0/0/0,20015:1747647665862:,1747647681185
counter/10/0/0/0,17678:1747647663373:,1747647681185
counter/9/0/0/0,20636:1747647665421:,1747647681185
counter/8/0/0/0,18056:1747647663503:,1747647681185
counter/2/0/0/0,20016:1747647665862:,1747647681185
counter/10/0/0/0,17679:1747647663373:,1747647681185
counter/9/0/0/0,20637:1747647665431:,1747647681185
counter/8/0/0/0,18057:1747647663503:,1747647681185
counter/2/0/0/0,20017:1747647665862:,1747647681185
counter/10/0/0/0,17680:1747647663373:,1747647681185
counter/9/0/0/0,20638:1747647665431:,1747647681185
counter/8/0/0/0,18058:1747647663503:,1747647681185
counter/2/0/0/0,20018:1747647665862:,1747647681185
counter/10/0/0/0,17681:1747647663373:,1747647681185
counter/9/0/0/0,20639:1747647665431:,1747647681185
counter/8/0/0/0,18059:1747647663503:,1747647681185
counter/2/0/0/0,20019:1747647665862:,1747647681185
counter/10/0/0/0,17682:1747647663373:,1747647681186
counter/9/0/0/0,20640:1747647665432:,1747647681186
counter/8/0/0/0,18060:1747647663503:,1747647681186
counter/2/0/0/0,20020:1747647665862:,1747647681186
counter/10/0/0/0,17683:1747647663379:,1747647681186
counter/9/0/0/0,20641:1747647665432:,1747647681186
counter/8/0/0/0,18061:1747647663504:,1747647681186
counter/2/0/0/0,20021:1747647665862:,1747647681186
counter/10/0/0/0,17684:1747647663379:,1747647681186
counter/9/0/0/0,20642:1747647665432:,1747647681186
counter/8/0/0/0,18062:1747647663506:,1747647681186
counter/2/0/0/0,20022:1747647665862:,1747647681186
counter/10/0/0/0,17685:1747647663379:,1747647681186
counter/9/0/0/0,20643:1747647665432:,1747647681186
counter/8/0/0/0,18063:1747647663506:,1747647681186
counter/2/0/0/0,20023:1747647665862:,1747647681186
counter/10/0/0/0,17686:1747647663379:,1747647681186
counter/9/0/0/0,20644:1747647665432:,1747647681186
counter/8/0/0/0,18064:1747647663506:,1747647681186
counter/2/0/0/0,20024:1747647665862:,1747647681186
counter/10/0/0/0,17687:1747647663379:,1747647681186
counter/9/0/0/0,20645:1747647665432:,1747647681186
counter/8/0/0/0,18065:1747647663506:,1747647681186
counter/2/0/0/0,20025:1747647665862:,1747647681186
counter/10/0/0/0,17688:1747647663379:,1747647681186
counter/9/0/0/0,20646:1747647665432:,1747647681186
counter/8/0/0/0,18066:1747647663506:,1747647681186
counter/2/0/0/0,20026:1747647665862:,1747647681186
counter/10/0/0/0,17689:1747647663379:,1747647681186
counter/9/0/0/0,20647:1747647665432:,1747647681186
counter/8/0/0/0,18067:1747647663506:,1747647681186
counter/2/0/0/0,20027:1747647665862:,1747647681186
counter/10/0/0/0,17690:1747647663379:,1747647681186
counter/9/0/0/0,20648:1747647665432:,1747647681186
counter/8/0/0/0,18068:1747647663506:,1747647681186
counter/2/0/0/0,20028:1747647665862:,1747647681186
counter/10/0/0/0,17691:1747647663379:,1747647681186
counter/9/0/0/0,20649:1747647665432:,1747647681186
counter/8/0/0/0,18069:1747647663506:,1747647681186
counter/2/0/0/0,20029:1747647665868:,1747647681186
counter/10/0/0/0,17692:1747647663379:,1747647681186
counter/9/0/0/0,20650:1747647665432:,1747647681186
counter/8/0/0/0,18070:1747647663506:,1747647681187
counter/2/0/0/0,20030:1747647665868:,1747647681187
counter/10/0/0/0,17693:1747647663379:,1747647681187
counter/9/0/0/0,20651:1747647665434:,1747647681187
counter/8/0/0/0,18071:1747647663506:,1747647681187
counter/2/0/0/0,20031:1747647665868:,1747647681187
counter/10/0/0/0,17694:1747647663379:,1747647681187
counter/9/0/0/0,20652:1747647665434:,1747647681187
counter/8/0/0/0,18072:1747647663506:,1747647681187
counter/2/0/0/0,20032:1747647665868:,1747647681187
counter/10/0/0/0,17695:1747647663379:,1747647681187
counter/9/0/0/0,20653:1747647665434:,1747647681187
counter/8/0/0/0,18073:1747647663506:,1747647681187
counter/2/0/0/0,20033:1747647665868:,1747647681187
counter/10/0/0/0,17696:1747647663379:,1747647681187
counter/9/0/0/0,20654:1747647665434:,1747647681187
counter/8/0/0/0,18074:1747647663506:,1747647681187
counter/2/0/0/0,20034:1747647665868:,1747647681187
counter/10/0/0/0,17697:1747647663405:,1747647681187
counter/9/0/0/0,20655:1747647665434:,1747647681187
counter/8/0/0/0,18075:1747647663506:,1747647681187
counter/2/0/0/0,20035:1747647665868:,1747647681187
counter/10/0/0/0,17698:1747647663405:,1747647681187
counter/9/0/0/0,20656:1747647665447:,1747647681187
counter/8/0/0/0,18076:1747647663506:,1747647681187
counter/2/0/0/0,20036:1747647665868:,1747647681187
counter/10/0/0/0,17699:1747647663405:,1747647681187
counter/9/0/0/0,20657:1747647665447:,1747647681187
counter/8/0/0/0,18077:1747647663506:,1747647681187
counter/2/0/0/0,20037:1747647665868:,1747647681187
counter/10/0/0/0,17700:1747647663405:,1747647681187
counter/9/0/0/0,20658:1747647665447:,1747647681187
counter/8/0/0/0,18078:1747647663506:,1747647681187
counter/2/0/0/0,20038:1747647665868:,1747647681187
counter/10/0/0/0,17701:1747647663405:,1747647681187
counter/9/0/0/0,20659:1747647665447:,1747647681187
counter/8/0/0/0,18079:1747647663528:,1747647681187
counter/2/0/0/0,20039:1747647665868:,1747647681187
counter/10/0/0/0,17702:1747647663405:,1747647681187
counter/9/0/0/0,20660:1747647665447:,1747647681188
counter/8/0/0/0,18080:1747647663528:,1747647681188
counter/2/0/0/0,20040:1747647665868:,1747647681188
counter/10/0/0/0,17703:1747647663406:,1747647681188
counter/9/0/0/0,20661:1747647665447:,1747647681188
counter/8/0/0/0,18081:1747647663528:,1747647681188
counter/2/0/0/0,20041:1747647665868:,1747647681188
counter/10/0/0/0,17704:1747647663406:,1747647681188
counter/9/0/0/0,20662:1747647665447:,1747647681188
counter/8/0/0/0,18082:1747647663528:,1747647681188
counter/2/0/0/0,20042:1747647665868:,1747647681188
counter/10/0/0/0,17705:1747647663406:,1747647681188
counter/9/0/0/0,20663:1747647665447:,1747647681188
counter/8/0/0/0,18083:1747647663528:,1747647681188
counter/2/0/0/0,20043:1747647665868:,1747647681188
counter/10/0/0/0,17706:1747647663406:,1747647681188
counter/9/0/0/0,20664:1747647665447:,1747647681188
counter/8/0/0/0,18084:1747647663528:,1747647681188
counter/2/0/0/0,20044:1747647665868:,1747647681188
counter/10/0/0/0,17707:1747647663406:,1747647681188
counter/9/0/0/0,20665:1747647665447:,1747647681188
counter/8/0/0/0,18085:1747647663529:,1747647681188
counter/2/0/0/0,20045:1747647665882:,1747647681188
counter/10/0/0/0,17708:1747647663411:,1747647681188
counter/9/0/0/0,20666:1747647665447:,1747647681188
counter/8/0/0/0,18086:1747647663529:,1747647681188
counter/2/0/0/0,20046:1747647665898:,1747647681188
counter/10/0/0/0,17709:1747647663411:,1747647681188
counter/9/0/0/0,20667:1747647665459:,1747647681188
counter/8/0/0/0,18087:1747647663529:,1747647681188
counter/2/0/0/0,20047:1747647665898:,1747647681188
counter/10/0/0/0,17710:1747647663411:,1747647681188
counter/9/0/0/0,20668:1747647665459:,1747647681188
counter/8/0/0/0,18088:1747647663529:,1747647681188
counter/2/0/0/0,20048:1747647665898:,1747647681188
counter/10/0/0/0,17711:1747647663411:,1747647681188
counter/9/0/0/0,20669:1747647665459:,1747647681188
counter/8/0/0/0,18089:1747647663529:,1747647681189
counter/2/0/0/0,20049:1747647665898:,1747647681189
counter/10/0/0/0,17712:1747647663411:,1747647681189
counter/9/0/0/0,20670:1747647665459:,1747647681189
counter/8/0/0/0,18090:1747647663529:,1747647681189
counter/2/0/0/0,20050:1747647665898:,1747647681189
counter/10/0/0/0,17713:1747647663411:,1747647681189
counter/9/0/0/0,20671:1747647665459:,1747647681189
counter/8/0/0/0,18091:1747647663529:,1747647681189
counter/2/0/0/0,20051:1747647665898:,1747647681189
counter/10/0/0/0,17714:1747647663411:,1747647681189
counter/9/0/0/0,20672:1747647665459:,1747647681189
counter/8/0/0/0,18092:1747647663529:,1747647681189
counter/2/0/0/0,20052:1747647665898:,1747647681189
counter/10/0/0/0,17715:1747647663422:,1747647681189
counter/9/0/0/0,20673:1747647665459:,1747647681189
counter/8/0/0/0,18093:1747647663529:,1747647681189
counter/2/0/0/0,20053:1747647665898:,1747647681189
counter/10/0/0/0,17716:1747647663422:,1747647681189
counter/9/0/0/0,20674:1747647665459:,1747647681189
counter/8/0/0/0,18094:1747647663529:,1747647681189
counter/2/0/0/0,20054:1747647665898:,1747647681189
counter/10/0/0/0,17717:1747647663422:,1747647681189
counter/9/0/0/0,20675:1747647665459:,1747647681189
counter/8/0/0/0,18095:1747647663529:,1747647681189
counter/2/0/0/0,20055:1747647665898:,1747647681189
counter/10/0/0/0,17718:1747647663422:,1747647681189
counter/9/0/0/0,20676:1747647665459:,1747647681189
counter/8/0/0/0,18096:1747647663529:,1747647681189
counter/2/0/0/0,20056:1747647665898:,1747647681189
counter/10/0/0/0,17719:1747647663422:,1747647681189
counter/9/0/0/0,20677:1747647665459:,1747647681189
counter/8/0/0/0,18097:1747647663529:,1747647681189
counter/2/0/0/0,20057:1747647665898:,1747647681189
counter/10/0/0/0,17720:1747647663422:,1747647681189
counter/9/0/0/0,20678:1747647665459:,1747647681189
counter/8/0/0/0,18098:1747647663529:,1747647681189
counter/2/0/0/0,20058:1747647665898:,1747647681189
counter/10/0/0/0,17721:1747647663422:,1747647681190
counter/9/0/0/0,20679:1747647665459:,1747647681190
counter/8/0/0/0,18099:1747647663529:,1747647681190
counter/2/0/0/0,20059:1747647665917:,1747647681190
counter/10/0/0/0,17722:1747647663422:,1747647681190
counter/9/0/0/0,20680:1747647665459:,1747647681190
counter/8/0/0/0,18100:1747647663529:,1747647681190
counter/2/0/0/0,20060:1747647665917:,1747647681190
counter/10/0/0/0,17723:1747647663422:,1747647681190
counter/9/0/0/0,20681:1747647665459:,1747647681190
counter/8/0/0/0,18101:1747647663529:,1747647681190
counter/2/0/0/0,20061:1747647665930:,1747647681190
counter/10/0/0/0,17724:1747647663424:,1747647681190
counter/9/0/0/0,20682:1747647665459:,1747647681190
counter/8/0/0/0,18102:1747647663529:,1747647681190
counter/2/0/0/0,20062:1747647665930:,1747647681190
counter/10/0/0/0,17725:1747647663424:,1747647681190
counter/9/0/0/0,20683:1747647665459:,1747647681190
counter/8/0/0/0,18103:1747647663529:,1747647681190
counter/2/0/0/0,20063:1747647665930:,1747647681190
counter/10/0/0/0,17726:1747647663424:,1747647681190
counter/9/0/0/0,20684:1747647665459:,1747647681190
counter/8/0/0/0,18104:1747647663529:,1747647681190
counter/2/0/0/0,20064:1747647665930:,1747647681190
counter/10/0/0/0,17727:1747647663431:,1747647681190
counter/9/0/0/0,20685:1747647665468:,1747647681190
counter/8/0/0/0,18105:1747647663529:,1747647681190
counter/2/0/0/0,20065:1747647665932:,1747647681190
counter/10/0/0/0,17728:1747647663431:,1747647681190
counter/9/0/0/0,20686:1747647665468:,1747647681190
counter/8/0/0/0,18106:1747647663529:,1747647681190
counter/2/0/0/0,20066:1747647665932:,1747647681190
counter/10/0/0/0,17729:1747647663431:,1747647681190
counter/9/0/0/0,20687:1747647665468:,1747647681190
counter/8/0/0/0,18107:1747647663529:,1747647681190
counter/2/0/0/0,20067:1747647665932:,1747647681190
counter/10/0/0/0,17730:1747647663431:,1747647681191
counter/9/0/0/0,20688:1747647665468:,1747647681191
counter/8/0/0/0,18108:1747647663529:,1747647681191
counter/2/0/0/0,20068:1747647665932:,1747647681191
counter/10/0/0/0,17731:1747647663431:,1747647681191
counter/9/0/0/0,20689:1747647665468:,1747647681191
counter/8/0/0/0,18109:1747647663529:,1747647681191
counter/2/0/0/0,20069:1747647665932:,1747647681191
counter/10/0/0/0,17732:1747647663431:,1747647681191
counter/9/0/0/0,20690:1747647665468:,1747647681191
counter/8/0/0/0,18110:1747647663529:,1747647681191
counter/2/0/0/0,20070:1747647665932:,1747647681191
counter/10/0/0/0,17733:1747647663431:,1747647681191
counter/9/0/0/0,20691:1747647665468:,1747647681191
counter/8/0/0/0,18111:1747647663529:,1747647681191
counter/2/0/0/0,20071:1747647665932:,1747647681191
counter/10/0/0/0,17734:1747647663431:,1747647681191
counter/9/0/0/0,20692:1747647665471:,1747647681191
counter/8/0/0/0,18112:1747647663530:,1747647681191
counter/2/0/0/0,20072:1747647665932:,1747647681191
counter/10/0/0/0,17735:1747647663431:,1747647681191
counter/9/0/0/0,20693:1747647665471:,1747647681191
counter/8/0/0/0,18113:1747647663530:,1747647681191
counter/2/0/0/0,20073:1747647665932:,1747647681191
counter/10/0/0/0,17736:1747647663431:,1747647681191
counter/9/0/0/0,20694:1747647665471:,1747647681191
counter/8/0/0/0,18114:1747647663530:,1747647681191
counter/2/0/0/0,20074:1747647665932:,1747647681191
counter/10/0/0/0,17737:1747647663431:,1747647681191
counter/9/0/0/0,20695:1747647665471:,1747647681191
counter/8/0/0/0,18115:1747647663530:,1747647681191
counter/2/0/0/0,20075:1747647665932:,1747647681191
counter/10/0/0/0,17738:1747647663431:,1747647681191
counter/9/0/0/0,20696:1747647665471:,1747647681191
counter/8/0/0/0,18116:1747647663530:,1747647681191
counter/2/0/0/0,20076:1747647665932:,1747647681191
counter/10/0/0/0,17739:1747647663431:,1747647681191
counter/9/0/0/0,20697:1747647665471:,1747647681191
counter/8/0/0/0,18117:1747647663530:,1747647681191
counter/2/0/0/0,20077:1747647665932:,1747647681191
counter/10/0/0/0,17740:1747647663431:,1747647681192
counter/9/0/0/0,20698:1747647665471:,1747647681192
counter/8/0/0/0,18118:1747647663530:,1747647681192
counter/2/0/0/0,20078:1747647665932:,1747647681192
counter/10/0/0/0,17741:1747647663456:,1747647681192
counter/9/0/0/0,20699:1747647665471:,1747647681192
counter/8/0/0/0,18119:1747647663530:,1747647681192
counter/2/0/0/0,20079:1747647665932:,1747647681192
counter/10/0/0/0,17742:1747647663456:,1747647681192
counter/9/0/0/0,20700:1747647665471:,1747647681192
counter/8/0/0/0,18120:1747647663530:,1747647681192
counter/2/0/0/0,20080:1747647665933:,1747647681192
counter/10/0/0/0,17743:1747647663456:,1747647681192
counter/9/0/0/0,20701:1747647665472:,1747647681192
counter/8/0/0/0,18121:1747647663534:,1747647681192
counter/2/0/0/0,20081:1747647665933:,1747647681192
counter/10/0/0/0,17744:1747647663456:,1747647681192
counter/9/0/0/0,20702:1747647665472:,1747647681192
counter/8/0/0/0,18122:1747647663534:,1747647681192
counter/2/0/0/0,20082:1747647665933:,1747647681192
counter/10/0/0/0,17745:1747647663456:,1747647681192
counter/9/0/0/0,20703:1747647665480:,1747647681192
counter/8/0/0/0,18123:1747647663534:,1747647681192
counter/2/0/0/0,20083:1747647665933:,1747647681192
counter/10/0/0/0,17746:1747647663456:,1747647681192
counter/9/0/0/0,20704:1747647665480:,1747647681192
counter/8/0/0/0,18124:1747647663534:,1747647681192
counter/2/0/0/0,20084:1747647665933:,1747647681192
counter/10/0/0/0,17747:1747647663468:,1747647681192
counter/9/0/0/0,20705:1747647665480:,1747647681192
counter/8/0/0/0,18125:1747647663534:,1747647681192
counter/2/0/0/0,20085:1747647665933:,1747647681192
counter/10/0/0/0,17748:1747647663468:,1747647681192
counter/9/0/0/0,20706:1747647665480:,1747647681192
counter/8/0/0/0,18126:1747647663534:,1747647681192
counter/2/0/0/0,20086:1747647665933:,1747647681192
counter/10/0/0/0,17749:1747647663468:,1747647681192
counter/9/0/0/0,20707:1747647665480:,1747647681192
counter/8/0/0/0,18127:1747647663534:,1747647681192
counter/2/0/0/0,20087:1747647665934:,1747647681192
counter/10/0/0/0,17750:1747647663468:,1747647681192
counter/9/0/0/0,20708:1747647665480:,1747647681193
counter/8/0/0/0,18128:1747647663534:,1747647681193
counter/2/0/0/0,20088:1747647665934:,1747647681193
counter/10/0/0/0,17751:1747647663468:,1747647681193
counter/9/0/0/0,20709:1747647665481:,1747647681193
counter/8/0/0/0,18129:1747647663534:,1747647681193
counter/2/0/0/0,20089:1747647665934:,1747647681193
counter/10/0/0/0,17752:1747647663468:,1747647681193
counter/9/0/0/0,20710:1747647665481:,1747647681193
counter/8/0/0/0,18130:1747647663534:,1747647681193
counter/2/0/0/0,20090:1747647665934:,1747647681193
counter/10/0/0/0,17753:1747647663468:,1747647681193
counter/9/0/0/0,20711:1747647665481:,1747647681193
counter/8/0/0/0,18131:1747647663534:,1747647681193
counter/2/0/0/0,20091:1747647665934:,1747647681193
counter/10/0/0/0,17754:1747647663470:,1747647681193
counter/9/0/0/0,20712:1747647665481:,1747647681193
counter/8/0/0/0,18132:1747647663534:,1747647681193
counter/2/0/0/0,20092:1747647665936:,1747647681193
counter/10/0/0/0,17755:1747647663470:,1747647681193
counter/9/0/0/0,20713:1747647665484:,1747647681193
counter/8/0/0/0,18133:1747647663534:,1747647681193
counter/2/0/0/0,20093:1747647665940:,1747647681193
counter/10/0/0/0,17756:1747647663470:,1747647681193
counter/9/0/0/0,20714:1747647665484:,1747647681193
counter/8/0/0/0,18134:1747647663534:,1747647681193
counter/2/0/0/0,20094:1747647665940:,1747647681193
counter/10/0/0/0,17757:1747647663470:,1747647681193
counter/9/0/0/0,20715:1747647665486:,1747647681193
counter/8/0/0/0,18135:1747647663534:,1747647681193
counter/2/0/0/0,20095:1747647665940:,1747647681193
counter/10/0/0/0,17758:1747647663470:,1747647681193
counter/9/0/0/0,20716:1747647665486:,1747647681193
counter/8/0/0/0,18136:1747647663534:,1747647681193
counter/2/0/0/0,20096:1747647665940:,1747647681193
counter/10/0/0/0,17759:1747647663471:,1747647681193
counter/9/0/0/0,20717:1747647665486:,1747647681194
counter/8/0/0/0,18137:1747647663534:,1747647681194
counter/2/0/0/0,20097:1747647665941:,1747647681194
counter/10/0/0/0,17760:1747647663471:,1747647681194
counter/9/0/0/0,20718:1747647665486:,1747647681194
counter/8/0/0/0,18138:1747647663534:,1747647681194
counter/6/0/0/0,16706:1747647663678:,1747647681194
counter/4/0/0/0,16973:1747647664716:,1747647681194
counter/2/0/0/0,20098:1747647665941:,1747647681194
counter/10/0/0/0,17761:1747647663471:,1747647681194
counter/9/0/0/0,20719:1747647665486:,1747647681194
counter/8/0/0/0,18139:1747647663535:,1747647681194
counter/7/0/0/0,16412:1747647662774:,1747647681194
counter/2/0/0/0,20099:1747647665941:,1747647681194
counter/10/0/0/0,17762:1747647663471:,1747647681194
counter/9/0/0/0,20720:1747647665486:,1747647681194
counter/8/0/0/0,18140:1747647663535:,1747647681194
counter/2/0/0/0,20100:1747647665941:,1747647681194
counter/10/0/0/0,17763:1747647663471:,1747647681194
counter/9/0/0/0,20721:1747647665486:,1747647681194
counter/8/0/0/0,18141:1747647663535:,1747647681194
counter/2/0/0/0,20101:1747647665941:,1747647681194
counter/10/0/0/0,17764:1747647663471:,1747647681194
counter/9/0/0/0,20722:1747647665486:,1747647681194
counter/8/0/0/0,18142:1747647663535:,1747647681194
counter/2/0/0/0,20102:1747647665941:,1747647681194
counter/10/0/0/0,17765:1747647663471:,1747647681194
counter/9/0/0/0,20723:1747647665486:,1747647681194
counter/8/0/0/0,18143:1747647663535:,1747647681194
counter/2/0/0/0,20103:1747647665941:,1747647681194
counter/10/0/0/0,17766:1747647663471:,1747647681194
counter/9/0/0/0,20724:1747647665486:,1747647681194
counter/8/0/0/0,18144:1747647663535:,1747647681194
counter/2/0/0/0,20104:1747647665942:,1747647681194
counter/10/0/0/0,17767:1747647663471:,1747647681194
counter/8/0/0/0,18145:1747647663535:,1747647681194
counter/2/0/0/0,20105:1747647665942:,1747647681194
counter/10/0/0/0,17768:1747647663471:,1747647681194
counter/8/0/0/0,18146:1747647663535:,1747647681194
counter/2/0/0/0,20106:1747647665942:,1747647681194
counter/10/0/0/0,17769:1747647663471:,1747647681194
counter/8/0/0/0,18147:1747647663535:,1747647681194
counter/2/0/0/0,20107:1747647665942:,1747647681195
counter/10/0/0/0,17770:1747647663471:,1747647681195
counter/8/0/0/0,18148:1747647663536:,1747647681195
counter/9/0/0/0,20725:1747647665486:,1747647681195
counter/6/0/0/0,16707:1747647663679:,1747647681195
counter/2/0/0/0,20108:1747647665942:,1747647681195
counter/10/0/0/0,17771:1747647663471:,1747647681195
counter/8/0/0/0,18149:1747647663536:,1747647681195
counter/2/0/0/0,20109:1747647665942:,1747647681195
counter/10/0/0/0,17772:1747647663471:,1747647681195
counter/8/0/0/0,18150:1747647663536:,1747647681195
counter/2/0/0/0,20110:1747647665942:,1747647681195
counter/10/0/0/0,17773:1747647663471:,1747647681195
counter/8/0/0/0,18151:1747647663536:,1747647681195
counter/2/0/0/0,20111:1747647665942:,1747647681195
counter/10/0/0/0,17774:1747647663471:,1747647681195
counter/8/0/0/0,18152:1747647663536:,1747647681195
counter/2/0/0/0,20112:1747647665942:,1747647681195
counter/10/0/0/0,17775:1747647663471:,1747647681195
counter/8/0/0/0,18153:1747647663536:,1747647681195
counter/2/0/0/0,20113:1747647665942:,1747647681195
counter/10/0/0/0,17776:1747647663471:,1747647681195
counter/8/0/0/0,18154:1747647663536:,1747647681195
counter/2/0/0/0,20114:1747647665942:,1747647681195
counter/10/0/0/0,17777:1747647663471:,1747647681195
counter/8/0/0/0,18155:1747647663554:,1747647681195
counter/2/0/0/0,20115:1747647665943:,1747647681195
counter/10/0/0/0,17778:1747647663471:,1747647681195
counter/8/0/0/0,18156:1747647663554:,1747647681195
counter/6/0/0/0,16708:1747647663679:,1747647681195
counter/2/0/0/0,20116:1747647665944:,1747647681195
counter/10/0/0/0,17779:1747647663471:,1747647681195
counter/8/0/0/0,18157:1747647663555:,1747647681195
counter/2/0/0/0,20117:1747647665944:,1747647681195
counter/10/0/0/0,17780:1747647663473:,1747647681195
counter/8/0/0/0,18158:1747647663555:,1747647681195
counter/2/0/0/0,20118:1747647665944:,1747647681195
counter/10/0/0/0,17781:1747647663473:,1747647681195
counter/8/0/0/0,18159:1747647663555:,1747647681196
counter/9/0/0/0,20726:1747647665486:,1747647681196
counter/2/0/0/0,20119:1747647665953:,1747647681196
counter/10/0/0/0,17782:1747647663473:,1747647681196
counter/8/0/0/0,18160:1747647663555:,1747647681196
counter/2/0/0/0,20120:1747647665953:,1747647681196
counter/10/0/0/0,17783:1747647663473:,1747647681196
counter/8/0/0/0,18161:1747647663555:,1747647681196
counter/2/0/0/0,20121:1747647665953:,1747647681196
counter/10/0/0/0,17784:1747647663473:,1747647681196
counter/8/0/0/0,18162:1747647663555:,1747647681196
counter/2/0/0/0,20122:1747647665953:,1747647681196
counter/10/0/0/0,17785:1747647663473:,1747647681196
counter/8/0/0/0,18163:1747647663555:,1747647681196
counter/2/0/0/0,20123:1747647665953:,1747647681196
counter/10/0/0/0,17786:1747647663473:,1747647681196
counter/8/0/0/0,18164:1747647663555:,1747647681196
counter/9/0/0/0,20727:1747647665486:,1747647681196
counter/2/0/0/0,20124:1747647665953:,1747647681196
counter/10/0/0/0,17787:1747647663473:,1747647681196
counter/8/0/0/0,18165:1747647663555:,1747647681196
counter/3/0/0/0,17371:1747647664534:,1747647681196
counter/2/0/0/0,20125:1747647665953:,1747647681196
counter/10/0/0/0,17788:1747647663473:,1747647681196
counter/8/0/0/0,18166:1747647663555:,1747647681196
counter/2/0/0/0,20126:1747647665953:,1747647681196
counter/10/0/0/0,17789:1747647663480:,1747647681196
counter/8/0/0/0,18167:1747647663555:,1747647681196
counter/2/0/0/0,20127:1747647665956:,1747647681196
counter/10/0/0/0,17790:1747647663480:,1747647681196
counter/8/0/0/0,18168:1747647663555:,1747647681196
counter/2/0/0/0,20128:1747647665957:,1747647681196
counter/10/0/0/0,17791:1747647663480:,1747647681196
counter/8/0/0/0,18169:1747647663555:,1747647681196
counter/2/0/0/0,20129:1747647665957:,1747647681196
counter/8/0/0/0,18170:1747647663555:,1747647681196
counter/2/0/0/0,20130:1747647665957:,1747647681196
counter/8/0/0/0,18171:1747647663555:,1747647681196
counter/2/0/0/0,20131:1747647665957:,1747647681196
counter/8/0/0/0,18172:1747647663555:,1747647681196
counter/2/0/0/0,20132:1747647665957:,1747647681196
counter/8/0/0/0,18173:1747647663555:,1747647681196
counter/2/0/0/0,20133:1747647665973:,1747647681196
counter/8/0/0/0,18174:1747647663555:,1747647681197
counter/2/0/0/0,20134:1747647665973:,1747647681197
counter/8/0/0/0,18175:1747647663555:,1747647681197
counter/2/0/0/0,20135:1747647665973:,1747647681197
counter/8/0/0/0,18176:1747647663555:,1747647681197
counter/2/0/0/0,20136:1747647665973:,1747647681197
counter/8/0/0/0,18177:1747647663555:,1747647681197
counter/2/0/0/0,20137:1747647665973:,1747647681197
counter/8/0/0/0,18178:1747647663555:,1747647681197
counter/2/0/0/0,20138:1747647665973:,1747647681197
counter/8/0/0/0,18179:1747647663555:,1747647681197
counter/2/0/0/0,20139:1747647665973:,1747647681197
counter/8/0/0/0,18180:1747647663555:,1747647681197
counter/2/0/0/0,20140:1747647665973:,1747647681197
counter/8/0/0/0,18181:1747647663555:,1747647681197
counter/2/0/0/0,20141:1747647665973:,1747647681197
counter/8/0/0/0,18182:1747647663555:,1747647681197
counter/2/0/0/0,20142:1747647665975:,1747647681197
counter/8/0/0/0,18183:1747647663555:,1747647681197
counter/2/0/0/0,20143:1747647665993:,1747647681197
counter/8/0/0/0,18184:1747647663555:,1747647681197
counter/2/0/0/0,20144:1747647665993:,1747647681197
counter/8/0/0/0,18185:1747647663555:,1747647681197
counter/2/0/0/0,20145:1747647666027:,1747647681197
counter/8/0/0/0,18186:1747647663572:,1747647681197
counter/2/0/0/0,20146:1747647666027:,1747647681197
counter/8/0/0/0,18187:1747647663572:,1747647681197
counter/2/0/0/0,20147:1747647666027:,1747647681197
counter/8/0/0/0,18188:1747647663572:,1747647681197
counter/2/0/0/0,20148:1747647666027:,1747647681197
counter/8/0/0/0,18189:1747647663572:,1747647681197
counter/2/0/0/0,20149:1747647666027:,1747647681197
counter/8/0/0/0,18190:1747647663572:,1747647681197
counter/2/0/0/0,20150:1747647666027:,1747647681197
counter/8/0/0/0,18191:1747647663572:,1747647681197
counter/7/0/0/0,16413:1747647662774:,1747647681197
counter/2/0/0/0,20151:1747647666027:,1747647681197
counter/8/0/0/0,18192:1747647663572:,1747647681197
counter/1/0/0/0,18154:1747647664876:,1747647681198
counter/9/0/0/0,20728:1747647665486:,1747647681198
counter/2/0/0/0,20152:1747647666027:,1747647681198
counter/8/0/0/0,18193:1747647663572:,1747647681198
counter/3/0/0/0,17372:1747647664534:,1747647681198
counter/2/0/0/0,20153:1747647666027:,1747647681198
counter/8/0/0/0,18194:1747647663572:,1747647681198
counter/2/0/0/0,20154:1747647666027:,1747647681198
counter/8/0/0/0,18195:1747647663572:,1747647681198
counter/2/0/0/0,20155:1747647666027:,1747647681198
counter/8/0/0/0,18196:1747647663572:,1747647681198
counter/9/0/0/0,20729:1747647665491:,1747647681198
counter/2/0/0/0,20156:1747647666027:,1747647681198
counter/8/0/0/0,18197:1747647663572:,1747647681198
counter/3/0/0/0,17373:1747647664534:,1747647681198
counter/6/0/0/0,16709:1747647663682:,1747647681198
counter/4/0/0/0,16974:1747647664716:,1747647681198
counter/2/0/0/0,20157:1747647666028:,1747647681198
counter/8/0/0/0,18198:1747647663572:,1747647681198
counter/2/0/0/0,20158:1747647666028:,1747647681198
counter/8/0/0/0,18199:1747647663572:,1747647681198
counter/2/0/0/0,20159:1747647666028:,1747647681198
counter/8/0/0/0,18200:1747647663572:,1747647681198
counter/2/0/0/0,20160:1747647666028:,1747647681198
counter/8/0/0/0,18201:1747647663572:,1747647681198
counter/2/0/0/0,20161:1747647666028:,1747647681198
counter/8/0/0/0,18202:1747647663572:,1747647681198
counter/2/0/0/0,20162:1747647666029:,1747647681198
counter/8/0/0/0,18203:1747647663572:,1747647681198
counter/2/0/0/0,20163:1747647666029:,1747647681198
counter/8/0/0/0,18204:1747647663572:,1747647681198
counter/2/0/0/0,20164:1747647666029:,1747647681198
counter/8/0/0/0,18205:1747647663572:,1747647681198
counter/2/0/0/0,20165:1747647666044:,1747647681198
counter/8/0/0/0,18206:1747647663572:,1747647681198
counter/2/0/0/0,20166:1747647666044:,1747647681198
counter/8/0/0/0,18207:1747647663572:,1747647681198
counter/2/0/0/0,20167:1747647666044:,1747647681198
counter/8/0/0/0,18208:1747647663572:,1747647681198
counter/2/0/0/0,20168:1747647666044:,1747647681198
counter/8/0/0/0,18209:1747647663572:,1747647681198
counter/2/0/0/0,20169:1747647666044:,1747647681198
counter/8/0/0/0,18210:1747647663572:,1747647681198
counter/2/0/0/0,20170:1747647666044:,1747647681198
counter/8/0/0/0,18211:1747647663573:,1747647681199
counter/6/0/0/0,16710:1747647663682:,1747647681199
counter/2/0/0/0,20171:1747647666044:,1747647681199
counter/8/0/0/0,18212:1747647663573:,1747647681199
counter/4/0/0/0,16975:1747647664716:,1747647681199
counter/2/0/0/0,20172:1747647666044:,1747647681199
counter/8/0/0/0,18213:1747647663575:,1747647681199
counter/10/0/0/0,17792:1747647663484:,1747647681199
counter/7/0/0/0,16414:1747647662774:,1747647681199
counter/1/0/0/0,18155:1747647664876:,1747647681199
counter/2/0/0/0,20173:1747647666044:,1747647681199
counter/8/0/0/0,18214:1747647663575:,1747647681199
counter/9/0/0/0,20730:1747647665491:,1747647681199
counter/3/0/0/0,17374:1747647664534:,1747647681199
counter/2/0/0/0,20174:1747647666045:,1747647681199
counter/8/0/0/0,18215:1747647663575:,1747647681199
counter/9/0/0/0,20731:1747647665491:,1747647681199
counter/6/0/0/0,16711:1747647663682:,1747647681199
counter/2/0/0/0,20175:1747647666045:,1747647681199
counter/8/0/0/0,18216:1747647663575:,1747647681199
counter/9/0/0/0,20732:1747647665491:,1747647681199
counter/5/0/0/0,17775:1747647663760:,1747647681199
counter/10/0/0/0,17793:1747647663484:,1747647681199
counter/4/0/0/0,16976:1747647664720:,1747647681199
counter/2/0/0/0,20176:1747647666065:,1747647681199
counter/8/0/0/0,18217:1747647663575:,1747647681199
counter/9/0/0/0,20733:1747647665491:,1747647681199
counter/7/0/0/0,16415:1747647662774:,1747647681199
counter/1/0/0/0,18156:1747647664876:,1747647681199
counter/3/0/0/0,17375:1747647664534:,1747647681199
counter/2/0/0/0,20177:1747647666071:,1747647681199
counter/8/0/0/0,18218:1747647663575:,1747647681199
counter/2/0/0/0,20178:1747647666071:,1747647681199
counter/8/0/0/0,18219:1747647663575:,1747647681199
counter/6/0/0/0,16712:1747647663682:,1747647681199
counter/2/0/0/0,20179:1747647666071:,1747647681199
counter/8/0/0/0,18220:1747647663575:,1747647681199
counter/5/0/0/0,17776:1747647663760:,1747647681199
counter/2/0/0/0,20180:1747647666071:,1747647681199
counter/8/0/0/0,18221:1747647663575:,1747647681199
counter/2/0/0/0,20181:1747647666076:,1747647681199
counter/8/0/0/0,18222:1747647663575:,1747647681199
counter/2/0/0/0,20182:1747647666076:,1747647681199
counter/8/0/0/0,18223:1747647663575:,1747647681199
counter/9/0/0/0,20734:1747647665491:,1747647681200
counter/2/0/0/0,20183:1747647666076:,1747647681200
counter/8/0/0/0,18224:1747647663575:,1747647681200
counter/2/0/0/0,20184:1747647666077:,1747647681200
counter/8/0/0/0,18225:1747647663575:,1747647681200
counter/2/0/0/0,20185:1747647666077:,1747647681200
counter/8/0/0/0,18226:1747647663575:,1747647681200
counter/2/0/0/0,20186:1747647666077:,1747647681200
counter/8/0/0/0,18227:1747647663575:,1747647681200
counter/2/0/0/0,20187:1747647666077:,1747647681200
counter/8/0/0/0,18228:1747647663575:,1747647681200
counter/2/0/0/0,20188:1747647666077:,1747647681200
counter/8/0/0/0,18229:1747647663575:,1747647681200
counter/2/0/0/0,20189:1747647666077:,1747647681200
counter/8/0/0/0,18230:1747647663575:,1747647681200
counter/2/0/0/0,20190:1747647666077:,1747647681200
counter/8/0/0/0,18231:1747647663575:,1747647681200
counter/2/0/0/0,20191:1747647666077:,1747647681200
counter/8/0/0/0,18232:1747647663579:,1747647681200
counter/2/0/0/0,20192:1747647666077:,1747647681200
counter/8/0/0/0,18233:1747647663579:,1747647681200
counter/2/0/0/0,20193:1747647666077:,1747647681200
counter/8/0/0/0,18234:1747647663579:,1747647681200
counter/2/0/0/0,20194:1747647666077:,1747647681200
counter/8/0/0/0,18235:1747647663588:,1747647681200
counter/2/0/0/0,20195:1747647666077:,1747647681200
counter/8/0/0/0,18236:1747647663588:,1747647681200
counter/2/0/0/0,20196:1747647666077:,1747647681200
counter/8/0/0/0,18237:1747647663588:,1747647681200
counter/2/0/0/0,20197:1747647666077:,1747647681200
counter/8/0/0/0,18238:1747647663598:,1747647681200
counter/2/0/0/0,20198:1747647666077:,1747647681200
counter/8/0/0/0,18239:1747647663604:,1747647681200
counter/2/0/0/0,20199:1747647666077:,1747647681200
counter/8/0/0/0,18240:1747647663604:,1747647681200
counter/2/0/0/0,20200:1747647666077:,1747647681200
counter/8/0/0/0,18241:1747647663604:,1747647681200
counter/2/0/0/0,20201:1747647666077:,1747647681200
counter/8/0/0/0,18242:1747647663617:,1747647681201
counter/2/0/0/0,20202:1747647666077:,1747647681201
counter/8/0/0/0,18243:1747647663617:,1747647681201
counter/2/0/0/0,20203:1747647666077:,1747647681201
counter/8/0/0/0,18244:1747647663617:,1747647681201
counter/2/0/0/0,20204:1747647666077:,1747647681201
counter/8/0/0/0,18245:1747647663617:,1747647681201
counter/2/0/0/0,20205:1747647666087:,1747647681201
counter/8/0/0/0,18246:1747647663617:,1747647681201
counter/2/0/0/0,20206:1747647666087:,1747647681201
counter/8/0/0/0,18247:1747647663617:,1747647681201
counter/2/0/0/0,20207:1747647666087:,1747647681201
counter/8/0/0/0,18248:1747647663617:,1747647681201
counter/2/0/0/0,20208:1747647666087:,1747647681201
counter/8/0/0/0,18249:1747647663617:,1747647681201
counter/2/0/0/0,20209:1747647666087:,1747647681201
counter/8/0/0/0,18250:1747647663617:,1747647681201
counter/2/0/0/0,20210:1747647666087:,1747647681201
counter/8/0/0/0,18251:1747647663617:,1747647681201
counter/2/0/0/0,20211:1747647666087:,1747647681201
counter/8/0/0/0,18252:1747647663617:,1747647681201
counter/2/0/0/0,20212:1747647666087:,1747647681201
counter/8/0/0/0,18253:1747647663618:,1747647681201
counter/2/0/0/0,20213:1747647666087:,1747647681201
counter/8/0/0/0,18254:1747647663618:,1747647681201
counter/2/0/0/0,20214:1747647666087:,1747647681201
counter/8/0/0/0,18255:1747647663618:,1747647681201
counter/2/0/0/0,20215:1747647666087:,1747647681201
counter/8/0/0/0,18256:1747647663618:,1747647681201
counter/2/0/0/0,20216:1747647666094:,1747647681201
counter/8/0/0/0,18257:1747647663618:,1747647681201
counter/2/0/0/0,20217:1747647666094:,1747647681201
counter/8/0/0/0,18258:1747647663618:,1747647681201
counter/2/0/0/0,20218:1747647666094:,1747647681201
counter/8/0/0/0,18259:1747647663618:,1747647681201
counter/1/0/0/0,18157:1747647664876:,1747647681201
counter/2/0/0/0,20219:1747647666094:,1747647681201
counter/8/0/0/0,18260:1747647663619:,1747647681201
counter/9/0/0/0,20735:1747647665491:,1747647681201
counter/3/0/0/0,17376:1747647664538:,1747647681201
counter/2/0/0/0,20220:1747647666094:,1747647681201
counter/8/0/0/0,18261:1747647663619:,1747647681201
counter/6/0/0/0,16713:1747647663683:,1747647681201
counter/2/0/0/0,20221:1747647666094:,1747647681202
counter/8/0/0/0,18262:1747647663619:,1747647681202
counter/2/0/0/0,20222:1747647666094:,1747647681202
counter/8/0/0/0,18263:1747647663619:,1747647681202
counter/2/0/0/0,20223:1747647666094:,1747647681202
counter/8/0/0/0,18264:1747647663619:,1747647681202
counter/9/0/0/0,20736:1747647665497:,1747647681202
counter/2/0/0/0,20224:1747647666094:,1747647681202
counter/8/0/0/0,18265:1747647663619:,1747647681202
counter/3/0/0/0,17377:1747647664539:,1747647681202
counter/6/0/0/0,16714:1747647663683:,1747647681202
counter/2/0/0/0,20225:1747647666094:,1747647681202
counter/8/0/0/0,18266:1747647663619:,1747647681202
counter/4/0/0/0,16977:1747647664720:,1747647681202
counter/10/0/0/0,17794:1747647663484:,1747647681202
counter/2/0/0/0,20226:1747647666094:,1747647681202
counter/8/0/0/0,18267:1747647663619:,1747647681202
counter/7/0/0/0,16416:1747647662774:,1747647681202
counter/2/0/0/0,20227:1747647666094:,1747647681202
counter/8/0/0/0,18268:1747647663619:,1747647681202
counter/2/0/0/0,20228:1747647666094:,1747647681202
counter/8/0/0/0,18269:1747647663619:,1747647681202
counter/2/0/0/0,20229:1747647666096:,1747647681202
counter/8/0/0/0,18270:1747647663619:,1747647681202
counter/2/0/0/0,20230:1747647666096:,1747647681202
counter/8/0/0/0,18271:1747647663619:,1747647681202
counter/2/0/0/0,20231:1747647666096:,1747647681202
counter/8/0/0/0,18272:1747647663619:,1747647681202
counter/9/0/0/0,20737:1747647665497:,1747647681202
counter/2/0/0/0,20232:1747647666096:,1747647681202
counter/8/0/0/0,18273:1747647663619:,1747647681202
counter/2/0/0/0,20233:1747647666102:,1747647681202
counter/8/0/0/0,18274:1747647663619:,1747647681202
counter/2/0/0/0,20234:1747647666102:,1747647681202
counter/8/0/0/0,18275:1747647663619:,1747647681202
counter/2/0/0/0,20235:1747647666102:,1747647681202
counter/8/0/0/0,18276:1747647663620:,1747647681202
counter/9/0/0/0,20738:1747647665497:,1747647681202
counter/2/0/0/0,20236:1747647666102:,1747647681202
counter/8/0/0/0,18277:1747647663620:,1747647681202
counter/2/0/0/0,20237:1747647666102:,1747647681202
counter/8/0/0/0,18278:1747647663620:,1747647681203
counter/6/0/0/0,16715:1747647663683:,1747647681203
counter/2/0/0/0,20238:1747647666102:,1747647681203
counter/8/0/0/0,18279:1747647663620:,1747647681203
counter/4/0/0/0,16978:1747647664720:,1747647681203
counter/2/0/0/0,20239:1747647666118:,1747647681203
counter/8/0/0/0,18280:1747647663620:,1747647681203
counter/10/0/0/0,17795:1747647663484:,1747647681203
counter/7/0/0/0,16417:1747647662774:,1747647681203
counter/1/0/0/0,18158:1747647664876:,1747647681203
counter/2/0/0/0,20240:1747647666118:,1747647681203
counter/8/0/0/0,18281:1747647663620:,1747647681203
counter/9/0/0/0,20739:1747647665501:,1747647681203
counter/3/0/0/0,17378:1747647664539:,1747647681203
counter/2/0/0/0,20241:1747647666118:,1747647681203
counter/8/0/0/0,18282:1747647663620:,1747647681203
counter/2/0/0/0,20242:1747647666118:,1747647681203
counter/8/0/0/0,18283:1747647663620:,1747647681203
counter/2/0/0/0,20243:1747647666118:,1747647681203
counter/8/0/0/0,18284:1747647663620:,1747647681203
counter/2/0/0/0,20244:1747647666118:,1747647681203
counter/8/0/0/0,18285:1747647663620:,1747647681203
counter/2/0/0/0,20245:1747647666118:,1747647681203
counter/8/0/0/0,18286:1747647663620:,1747647681203
counter/2/0/0/0,20246:1747647666118:,1747647681203
counter/8/0/0/0,18287:1747647663620:,1747647681203
counter/2/0/0/0,20247:1747647666118:,1747647681203
counter/8/0/0/0,18288:1747647663620:,1747647681203
counter/2/0/0/0,20248:1747647666118:,1747647681203
counter/8/0/0/0,18289:1747647663620:,1747647681203
counter/2/0/0/0,20249:1747647666118:,1747647681203
counter/8/0/0/0,18290:1747647663620:,1747647681203
counter/2/0/0/0,20250:1747647666118:,1747647681203
counter/8/0/0/0,18291:1747647663620:,1747647681203
counter/2/0/0/0,20251:1747647666118:,1747647681203
counter/8/0/0/0,18292:1747647663620:,1747647681203
counter/2/0/0/0,20252:1747647666121:,1747647681203
counter/8/0/0/0,18293:1747647663620:,1747647681203
counter/2/0/0/0,20253:1747647666122:,1747647681203
counter/8/0/0/0,18294:1747647663620:,1747647681203
counter/2/0/0/0,20254:1747647666122:,1747647681204
counter/8/0/0/0,18295:1747647663621:,1747647681204
counter/2/0/0/0,20255:1747647666122:,1747647681204
counter/8/0/0/0,18296:1747647663656:,1747647681204
counter/2/0/0/0,20256:1747647666122:,1747647681204
counter/8/0/0/0,18297:1747647663656:,1747647681204
counter/2/0/0/0,20257:1747647666122:,1747647681204
counter/2/0/0/0,20258:1747647666122:,1747647681204
counter/8/0/0/0,18298:1747647663656:,1747647681204
counter/2/0/0/0,20259:1747647666122:,1747647681204
counter/8/0/0/0,18299:1747647663656:,1747647681204
counter/2/0/0/0,20260:1747647666122:,1747647681204
counter/8/0/0/0,18300:1747647663656:,1747647681204
counter/2/0/0/0,20261:1747647666122:,1747647681204
counter/8/0/0/0,18301:1747647663656:,1747647681204
counter/2/0/0/0,20262:1747647666122:,1747647681204
counter/8/0/0/0,18302:1747647663656:,1747647681204
counter/9/0/0/0,20740:1747647665501:,1747647681204
counter/2/0/0/0,20263:1747647666122:,1747647681204
counter/8/0/0/0,18303:1747647663656:,1747647681204
counter/3/0/0/0,17379:1747647664539:,1747647681204
counter/6/0/0/0,16716:1747647663683:,1747647681204
counter/2/0/0/0,20264:1747647666617:,1747647681204
counter/8/0/0/0,18304:1747647663656:,1747647681204
counter/4/0/0/0,16979:1747647664720:,1747647681204
counter/2/0/0/0,20265:1747647666626:,1747647681204
counter/8/0/0/0,18305:1747647663656:,1747647681204
counter/4/0/0/0,16980:1747647664720:,1747647681204
counter/2/0/0/0,20266:1747647666628:,1747647681204
counter/8/0/0/0,18306:1747647663658:,1747647681204
counter/4/0/0/0,16981:1747647664720:,1747647681204
counter/2/0/0/0,20267:1747647666628:,1747647681204
counter/8/0/0/0,18307:1747647663658:,1747647681204
counter/4/0/0/0,16982:1747647664743:,1747647681204
counter/2/0/0/0,20268:1747647666630:,1747647681204
counter/8/0/0/0,18308:1747647663658:,1747647681204
counter/4/0/0/0,16983:1747647664743:,1747647681204
counter/2/0/0/0,20269:1747647666630:,1747647681204
counter/8/0/0/0,18309:1747647663658:,1747647681205
counter/4/0/0/0,16984:1747647664743:,1747647681205
counter/2/0/0/0,20270:1747647666630:,1747647681205
counter/8/0/0/0,18310:1747647663658:,1747647681205
counter/4/0/0/0,16985:1747647664743:,1747647681205
counter/2/0/0/0,20271:1747647666635:,1747647681205
counter/8/0/0/0,18311:1747647663658:,1747647681205
counter/4/0/0/0,16986:1747647664744:,1747647681205
counter/2/0/0/0,20272:1747647666635:,1747647681205
counter/8/0/0/0,18312:1747647663658:,1747647681205
counter/4/0/0/0,16987:1747647664744:,1747647681205
counter/2/0/0/0,20273:1747647666636:,1747647681205
counter/8/0/0/0,18313:1747647663658:,1747647681205
counter/4/0/0/0,16988:1747647664744:,1747647681205
counter/2/0/0/0,20274:1747647666636:,1747647681205
counter/8/0/0/0,18314:1747647663658:,1747647681205
counter/4/0/0/0,16989:1747647664744:,1747647681205
counter/2/0/0/0,20275:1747647666636:,1747647681205
counter/8/0/0/0,18315:1747647663658:,1747647681205
counter/4/0/0/0,16990:1747647664746:,1747647681205
counter/2/0/0/0,20276:1747647666636:,1747647681205
counter/8/0/0/0,18316:1747647663659:,1747647681205
counter/4/0/0/0,16991:1747647664746:,1747647681205
counter/2/0/0/0,20277:1747647666639:,1747647681205
counter/8/0/0/0,18317:1747647663659:,1747647681205
counter/4/0/0/0,16992:1747647664746:,1747647681205
counter/2/0/0/0,20278:1747647666639:,1747647681205
counter/8/0/0/0,18318:1747647663659:,1747647681205
counter/4/0/0/0,16993:1747647664746:,1747647681205
counter/2/0/0/0,20279:1747647666639:,1747647681205
counter/8/0/0/0,18319:1747647663659:,1747647681205
counter/4/0/0/0,16994:1747647664746:,1747647681205
counter/2/0/0/0,20280:1747647666643:,1747647681205
counter/8/0/0/0,18320:1747647663659:,1747647681205
counter/4/0/0/0,16995:1747647664746:,1747647681205
counter/2/0/0/0,20281:1747647666644:,1747647681205
counter/8/0/0/0,18321:1747647663659:,1747647681206
counter/4/0/0/0,16996:1747647664746:,1747647681206
counter/2/0/0/0,20282:1747647666644:,1747647681206
counter/8/0/0/0,18322:1747647663659:,1747647681206
counter/4/0/0/0,16997:1747647664746:,1747647681206
counter/2/0/0/0,20283:1747647666644:,1747647681206
counter/8/0/0/0,18323:1747647663659:,1747647681206
counter/4/0/0/0,16998:1747647664746:,1747647681206
counter/7/0/0/0,16418:1747647662774:,1747647681206
counter/2/0/0/0,20284:1747647666644:,1747647681206
counter/8/0/0/0,18324:1747647663659:,1747647681206
counter/4/0/0/0,16999:1747647664746:,1747647681206
counter/3/0/0/0,17380:1747647664539:,1747647681206
counter/9/0/0/0,20741:1747647665501:,1747647681206
counter/2/0/0/0,20285:1747647666644:,1747647681206
counter/8/0/0/0,18325:1747647663660:,1747647681206
counter/4/0/0/0,17000:1747647664746:,1747647681206
counter/5/0/0/0,17777:1747647663760:,1747647681206
counter/2/0/0/0,20286:1747647666645:,1747647681206
counter/8/0/0/0,18326:1747647663661:,1747647681206
counter/4/0/0/0,17001:1747647664746:,1747647681206
counter/5/0/0/0,17778:1747647663760:,1747647681206
counter/7/0/0/0,16419:1747647662774:,1747647681206
counter/2/0/0/0,20287:1747647666646:,1747647681206
counter/8/0/0/0,18327:1747647663661:,1747647681206
counter/4/0/0/0,17002:1747647664746:,1747647681206
counter/5/0/0/0,17779:1747647663760:,1747647681206
counter/3/0/0/0,17381:1747647664543:,1747647681206
counter/9/0/0/0,20742:1747647665501:,1747647681206
counter/2/0/0/0,20288:1747647666646:,1747647681206
counter/8/0/0/0,18328:1747647663661:,1747647681206
counter/4/0/0/0,17003:1747647664747:,1747647681206
counter/5/0/0/0,17780:1747647663760:,1747647681206
counter/9/0/0/0,20743:1747647665501:,1747647681206
counter/1/0/0/0,18159:1747647664876:,1747647681206
counter/2/0/0/0,20289:1747647666646:,1747647681206
counter/8/0/0/0,18329:1747647663661:,1747647681206
counter/4/0/0/0,17004:1747647664747:,1747647681206
counter/5/0/0/0,17781:1747647663760:,1747647681206
counter/9/0/0/0,20744:1747647665501:,1747647681206
counter/2/0/0/0,20290:1747647666646:,1747647681206
counter/8/0/0/0,18330:1747647663661:,1747647681207
counter/4/0/0/0,17005:1747647664747:,1747647681207
counter/5/0/0/0,17782:1747647663760:,1747647681207
counter/9/0/0/0,20745:1747647665501:,1747647681207
counter/2/0/0/0,20291:1747647666646:,1747647681207
counter/8/0/0/0,18331:1747647663661:,1747647681207
counter/4/0/0/0,17006:1747647664747:,1747647681207
counter/5/0/0/0,17783:1747647663761:,1747647681207
counter/9/0/0/0,20746:1747647665501:,1747647681207
counter/2/0/0/0,20292:1747647666646:,1747647681207
counter/8/0/0/0,18332:1747647663661:,1747647681207
counter/4/0/0/0,17007:1747647664747:,1747647681207
counter/9/0/0/0,20747:1747647665501:,1747647681207
counter/2/0/0/0,20293:1747647666646:,1747647681207
counter/8/0/0/0,18333:1747647663661:,1747647681207
counter/4/0/0/0,17008:1747647664750:,1747647681207
counter/2/0/0/0,20294:1747647666646:,1747647681207
counter/8/0/0/0,18334:1747647663661:,1747647681207
counter/4/0/0/0,17009:1747647664750:,1747647681207
counter/2/0/0/0,20295:1747647666646:,1747647681207
counter/8/0/0/0,18335:1747647663661:,1747647681207
counter/4/0/0/0,17010:1747647664750:,1747647681207
counter/2/0/0/0,20296:1747647666646:,1747647681207
counter/8/0/0/0,18336:1747647663661:,1747647681207
counter/4/0/0/0,17011:1747647664750:,1747647681207
counter/2/0/0/0,20297:1747647666646:,1747647681207
counter/8/0/0/0,18337:1747647663661:,1747647681207
counter/4/0/0/0,17012:1747647664750:,1747647681207
counter/2/0/0/0,20298:1747647666646:,1747647681207
counter/8/0/0/0,18338:1747647663661:,1747647681207
counter/4/0/0/0,17013:1747647664751:,1747647681207
counter/2/0/0/0,20299:1747647666646:,1747647681207
counter/8/0/0/0,18339:1747647663661:,1747647681207
counter/4/0/0/0,17014:1747647664751:,1747647681207
counter/2/0/0/0,20300:1747647666653:,1747647681207
counter/8/0/0/0,18340:1747647663661:,1747647681207
counter/4/0/0/0,17015:1747647664751:,1747647681207
counter/2/0/0/0,20301:1747647666653:,1747647681207
counter/8/0/0/0,18341:1747647663661:,1747647681207
counter/4/0/0/0,17016:1747647664751:,1747647681207
counter/2/0/0/0,20302:1747647666653:,1747647681208
counter/8/0/0/0,18342:1747647663662:,1747647681208
counter/4/0/0/0,17017:1747647664751:,1747647681208
counter/2/0/0/0,20303:1747647666653:,1747647681208
counter/8/0/0/0,18343:1747647663662:,1747647681208
counter/4/0/0/0,17018:1747647664752:,1747647681208
counter/1/0/0/0,18160:1747647664876:,1747647681208
counter/2/0/0/0,20304:1747647666653:,1747647681208
counter/8/0/0/0,18344:1747647663662:,1747647681208
counter/4/0/0/0,17019:1747647664752:,1747647681208
counter/2/0/0/0,20305:1747647666653:,1747647681208
counter/8/0/0/0,18345:1747647663662:,1747647681208
counter/4/0/0/0,17020:1747647664752:,1747647681208
counter/2/0/0/0,20306:1747647666653:,1747647681208
counter/8/0/0/0,18346:1747647663662:,1747647681208
counter/4/0/0/0,17021:1747647664752:,1747647681208
counter/9/0/0/0,20748:1747647665501:,1747647681208
counter/2/0/0/0,20307:1747647666655:,1747647681208
counter/8/0/0/0,18347:1747647663663:,1747647681208
counter/4/0/0/0,17022:1747647664752:,1747647681208
counter/2/0/0/0,20308:1747647666655:,1747647681208
counter/8/0/0/0,18348:1747647663663:,1747647681208
counter/4/0/0/0,17023:1747647664752:,1747647681208
counter/2/0/0/0,20309:1747647666655:,1747647681208
counter/8/0/0/0,18349:1747647663663:,1747647681208
counter/4/0/0/0,17024:1747647664761:,1747647681208
counter/2/0/0/0,20310:1747647666655:,1747647681208
counter/8/0/0/0,18350:1747647663663:,1747647681208
counter/4/0/0/0,17025:1747647664762:,1747647681208
counter/9/0/0/0,20749:1747647665506:,1747647681208
counter/2/0/0/0,20311:1747647666655:,1747647681208
counter/8/0/0/0,18351:1747647663663:,1747647681208
counter/4/0/0/0,17026:1747647664762:,1747647681208
counter/1/0/0/0,18161:1747647664876:,1747647681208
counter/2/0/0/0,20312:1747647666656:,1747647681208
counter/8/0/0/0,18352:1747647663663:,1747647681208
counter/4/0/0/0,17027:1747647664762:,1747647681208
counter/3/0/0/0,17382:1747647664543:,1747647681208
counter/7/0/0/0,16420:1747647662774:,1747647681208
counter/5/0/0/0,17784:1747647663761:,1747647681209
counter/2/0/0/0,20313:1747647666656:,1747647681209
counter/8/0/0/0,18353:1747647663663:,1747647681209
counter/4/0/0/0,17028:1747647664762:,1747647681209
counter/6/0/0/0,16717:1747647663698:,1747647681209
counter/2/0/0/0,20314:1747647666656:,1747647681209
counter/8/0/0/0,18354:1747647663664:,1747647681209
counter/4/0/0/0,17029:1747647664763:,1747647681209
counter/2/0/0/0,20315:1747647666656:,1747647681209
counter/8/0/0/0,18355:1747647663664:,1747647681209
counter/4/0/0/0,17030:1747647664763:,1747647681209
counter/2/0/0/0,20316:1747647666656:,1747647681209
counter/8/0/0/0,18356:1747647663664:,1747647681209
counter/4/0/0/0,17031:1747647664763:,1747647681209
counter/2/0/0/0,20317:1747647666656:,1747647681209
counter/8/0/0/0,18357:1747647663664:,1747647681209
counter/4/0/0/0,17032:1747647664763:,1747647681209
counter/2/0/0/0,20318:1747647666656:,1747647681209
counter/8/0/0/0,18358:1747647663664:,1747647681209
counter/4/0/0/0,17033:1747647664763:,1747647681209
counter/2/0/0/0,20319:1747647666656:,1747647681209
counter/8/0/0/0,18359:1747647663664:,1747647681209
counter/4/0/0/0,17034:1747647664763:,1747647681209
counter/2/0/0/0,20320:1747647666656:,1747647681209
counter/8/0/0/0,18360:1747647663667:,1747647681209
counter/4/0/0/0,17035:1747647664763:,1747647681209
counter/2/0/0/0,20321:1747647666656:,1747647681209
counter/8/0/0/0,18361:1747647663667:,1747647681209
counter/4/0/0/0,17036:1747647664763:,1747647681209
counter/2/0/0/0,20322:1747647666656:,1747647681209
counter/8/0/0/0,18362:1747647663667:,1747647681209
counter/4/0/0/0,17037:1747647664764:,1747647681209
counter/2/0/0/0,20323:1747647666660:,1747647681209
counter/8/0/0/0,18363:1747647663667:,1747647681209
counter/4/0/0/0,17038:1747647664764:,1747647681209
counter/2/0/0/0,20324:1747647666660:,1747647681209
counter/8/0/0/0,18364:1747647663672:,1747647681209
counter/4/0/0/0,17039:1747647664764:,1747647681209
counter/2/0/0/0,20325:1747647666660:,1747647681209
counter/8/0/0/0,18365:1747647663672:,1747647681209
counter/4/0/0/0,17040:1747647664764:,1747647681210
counter/5/0/0/0,17785:1747647663761:,1747647681210
counter/2/0/0/0,20326:1747647666660:,1747647681210
counter/8/0/0/0,18366:1747647663672:,1747647681210
counter/4/0/0/0,17041:1747647664764:,1747647681210
counter/6/0/0/0,16718:1747647663698:,1747647681210
counter/2/0/0/0,20327:1747647666660:,1747647681210
counter/8/0/0/0,18367:1747647663672:,1747647681210
counter/4/0/0/0,17042:1747647664777:,1747647681210
counter/2/0/0/0,20328:1747647666660:,1747647681210
counter/8/0/0/0,18368:1747647663672:,1747647681210
counter/4/0/0/0,17043:1747647664777:,1747647681210
counter/5/0/0/0,17786:1747647663762:,1747647681210
counter/2/0/0/0,20329:1747647666661:,1747647681210
counter/8/0/0/0,18369:1747647663672:,1747647681210
counter/4/0/0/0,17044:1747647664779:,1747647681210
counter/6/0/0/0,16719:1747647663698:,1747647681210
counter/2/0/0/0,20330:1747647666661:,1747647681210
counter/8/0/0/0,18370:1747647663672:,1747647681210
counter/4/0/0/0,17045:1747647664779:,1747647681210
counter/9/0/0/0,20750:1747647665506:,1747647681210
counter/2/0/0/0,20331:1747647666661:,1747647681210
counter/8/0/0/0,18371:1747647663672:,1747647681210
counter/4/0/0/0,17046:1747647664779:,1747647681210
counter/2/0/0/0,20332:1747647666662:,1747647681210
counter/8/0/0/0,18372:1747647663672:,1747647681210
counter/4/0/0/0,17047:1747647664779:,1747647681210
counter/2/0/0/0,20333:1747647666662:,1747647681210
counter/8/0/0/0,18373:1747647663672:,1747647681210
counter/4/0/0/0,17048:1747647664779:,1747647681210
counter/2/0/0/0,20334:1747647666662:,1747647681210
counter/8/0/0/0,18374:1747647663672:,1747647681210
counter/4/0/0/0,17049:1747647664783:,1747647681210
counter/2/0/0/0,20335:1747647666669:,1747647681210
counter/8/0/0/0,18375:1747647663672:,1747647681210
counter/4/0/0/0,17050:1747647664783:,1747647681210
counter/2/0/0/0,20336:1747647666669:,1747647681210
counter/8/0/0/0,18376:1747647663673:,1747647681210
counter/4/0/0/0,17051:1747647664783:,1747647681210
counter/2/0/0/0,20337:1747647666670:,1747647681211
counter/8/0/0/0,18377:1747647663673:,1747647681211
counter/4/0/0/0,17052:1747647664783:,1747647681211
counter/10/0/0/0,17796:1747647663484:,1747647681211
counter/2/0/0/0,20338:1747647666670:,1747647681211
counter/8/0/0/0,18378:1747647663673:,1747647681211
counter/4/0/0/0,17053:1747647664783:,1747647681211
counter/10/0/0/0,17797:1747647663484:,1747647681211
counter/7/0/0/0,16421:1747647662774:,1747647681211
counter/2/0/0/0,20339:1747647666670:,1747647681211
counter/8/0/0/0,18379:1747647663673:,1747647681211
counter/4/0/0/0,17054:1747647664783:,1747647681211
counter/10/0/0/0,17798:1747647663484:,1747647681211
counter/2/0/0/0,20340:1747647666670:,1747647681211
counter/8/0/0/0,18380:1747647663673:,1747647681211
counter/4/0/0/0,17055:1747647664783:,1747647681211
counter/5/0/0/0,17787:1747647663762:,1747647681211
counter/7/0/0/0,16422:1747647662774:,1747647681211
counter/2/0/0/0,20341:1747647666670:,1747647681211
counter/8/0/0/0,18381:1747647663673:,1747647681211
counter/4/0/0/0,17056:1747647664783:,1747647681211
counter/10/0/0/0,17799:1747647663484:,1747647681211
counter/6/0/0/0,16720:1747647663698:,1747647681211
counter/3/0/0/0,17383:1747647664543:,1747647681211
counter/2/0/0/0,20342:1747647666670:,1747647681211
counter/8/0/0/0,18382:1747647663673:,1747647681211
counter/4/0/0/0,17057:1747647664785:,1747647681211
counter/9/0/0/0,20751:1747647665506:,1747647681211
counter/2/0/0/0,20343:1747647666670:,1747647681211
counter/8/0/0/0,18383:1747647663673:,1747647681211
counter/4/0/0/0,17058:1747647664785:,1747647681211
counter/2/0/0/0,20344:1747647666670:,1747647681211
counter/8/0/0/0,18384:1747647663673:,1747647681211
counter/4/0/0/0,17059:1747647664785:,1747647681211
counter/2/0/0/0,20345:1747647666670:,1747647681211
counter/8/0/0/0,18385:1747647663673:,1747647681211
counter/4/0/0/0,17060:1747647664785:,1747647681211
counter/2/0/0/0,20346:1747647666670:,1747647681211
counter/8/0/0/0,18386:1747647663683:,1747647681211
counter/4/0/0/0,17061:1747647664785:,1747647681211
counter/2/0/0/0,20347:1747647666670:,1747647681211
counter/8/0/0/0,18387:1747647663683:,1747647681211
counter/4/0/0/0,17062:1747647664785:,1747647681211
counter/2/0/0/0,20348:1747647666670:,1747647681211
counter/8/0/0/0,18388:1747647663683:,1747647681212
counter/4/0/0/0,17063:1747647664785:,1747647681212
counter/2/0/0/0,20349:1747647666670:,1747647681212
counter/8/0/0/0,18389:1747647663683:,1747647681212
counter/4/0/0/0,17064:1747647664785:,1747647681212
counter/2/0/0/0,20350:1747647666670:,1747647681212
counter/8/0/0/0,18390:1747647663683:,1747647681212
counter/4/0/0/0,17065:1747647664785:,1747647681212
counter/9/0/0/0,20752:1747647665506:,1747647681212
counter/2/0/0/0,20351:1747647666670:,1747647681212
counter/8/0/0/0,18391:1747647663683:,1747647681212
counter/4/0/0/0,17066:1747647664785:,1747647681212
counter/5/0/0/0,17788:1747647663762:,1747647681212
counter/2/0/0/0,20352:1747647666672:,1747647681212
counter/8/0/0/0,18392:1747647663683:,1747647681212
counter/4/0/0/0,17067:1747647664785:,1747647681212
counter/2/0/0/0,20353:1747647666672:,1747647681212
counter/8/0/0/0,18393:1747647663683:,1747647681212
counter/4/0/0/0,17068:1747647664785:,1747647681212
counter/2/0/0/0,20354:1747647666672:,1747647681212
counter/8/0/0/0,18394:1747647663683:,1747647681212
counter/4/0/0/0,17069:1747647664786:,1747647681212
counter/9/0/0/0,20753:1747647665506:,1747647681212
counter/2/0/0/0,20355:1747647666672:,1747647681212
counter/8/0/0/0,18395:1747647663683:,1747647681212
counter/4/0/0/0,17070:1747647664786:,1747647681212
counter/2/0/0/0,20356:1747647666672:,1747647681212
counter/8/0/0/0,18396:1747647663683:,1747647681212
counter/4/0/0/0,17071:1747647664791:,1747647681212
counter/2/0/0/0,20357:1747647666672:,1747647681212
counter/8/0/0/0,18397:1747647663683:,1747647681212
counter/4/0/0/0,17072:1747647664791:,1747647681212
counter/2/0/0/0,20358:1747647666672:,1747647681212
counter/8/0/0/0,18398:1747647663683:,1747647681212
counter/4/0/0/0,17073:1747647664791:,1747647681212
counter/2/0/0/0,20359:1747647666672:,1747647681212
counter/8/0/0/0,18399:1747647663683:,1747647681212
counter/4/0/0/0,17074:1747647664791:,1747647681213
counter/2/0/0/0,20360:1747647666672:,1747647681213
counter/8/0/0/0,18400:1747647663684:,1747647681213
counter/4/0/0/0,17075:1747647664791:,1747647681213
counter/2/0/0/0,20361:1747647666672:,1747647681213
counter/8/0/0/0,18401:1747647663684:,1747647681213
counter/4/0/0/0,17076:1747647664791:,1747647681213
counter/2/0/0/0,20362:1747647666672:,1747647681213
counter/8/0/0/0,18402:1747647663684:,1747647681213
counter/4/0/0/0,17077:1747647664791:,1747647681213
counter/2/0/0/0,20363:1747647666672:,1747647681213
counter/8/0/0/0,18403:1747647663684:,1747647681213
counter/4/0/0/0,17078:1747647664791:,1747647681213
counter/2/0/0/0,20364:1747647666672:,1747647681213
counter/8/0/0/0,18404:1747647663684:,1747647681213
counter/4/0/0/0,17079:1747647664791:,1747647681213
counter/2/0/0/0,20365:1747647666672:,1747647681213
counter/8/0/0/0,18405:1747647663684:,1747647681213
counter/4/0/0/0,17080:1747647664791:,1747647681213
counter/2/0/0/0,20366:1747647666674:,1747647681213
counter/8/0/0/0,18406:1747647663684:,1747647681213
counter/4/0/0/0,17081:1747647664792:,1747647681213
counter/2/0/0/0,20367:1747647666675:,1747647681213
counter/8/0/0/0,18407:1747647663686:,1747647681213
counter/4/0/0/0,17082:1747647664792:,1747647681213
counter/2/0/0/0,20368:1747647666675:,1747647681213
counter/8/0/0/0,18408:1747647663686:,1747647681213
counter/4/0/0/0,17083:1747647664792:,1747647681213
counter/2/0/0/0,20369:1747647666675:,1747647681213
counter/8/0/0/0,18409:1747647663686:,1747647681213
counter/4/0/0/0,17084:1747647664792:,1747647681213
counter/2/0/0/0,20370:1747647666675:,1747647681213
counter/8/0/0/0,18410:1747647663686:,1747647681213
counter/4/0/0/0,17085:1747647664792:,1747647681213
counter/2/0/0/0,20371:1747647666675:,1747647681213
counter/8/0/0/0,18411:1747647663686:,1747647681213
counter/4/0/0/0,17086:1747647664792:,1747647681213
counter/2/0/0/0,20372:1747647666675:,1747647681213
counter/8/0/0/0,18412:1747647663686:,1747647681213
counter/4/0/0/0,17087:1747647664792:,1747647681213
counter/2/0/0/0,20373:1747647666675:,1747647681213
counter/8/0/0/0,18413:1747647663686:,1747647681214
counter/4/0/0/0,17088:1747647664792:,1747647681214
counter/2/0/0/0,20374:1747647666679:,1747647681214
counter/8/0/0/0,18414:1747647663686:,1747647681214
counter/4/0/0/0,17089:1747647664792:,1747647681214
counter/2/0/0/0,20375:1747647666679:,1747647681214
counter/8/0/0/0,18415:1747647663686:,1747647681214
counter/4/0/0/0,17090:1747647664792:,1747647681214
counter/2/0/0/0,20376:1747647666679:,1747647681214
counter/8/0/0/0,18416:1747647663687:,1747647681214
counter/4/0/0/0,17091:1747647664792:,1747647681214
counter/9/0/0/0,20754:1747647665506:,1747647681214
counter/2/0/0/0,20377:1747647666679:,1747647681214
counter/8/0/0/0,18417:1747647663687:,1747647681214
counter/4/0/0/0,17092:1747647664792:,1747647681214
counter/2/0/0/0,20378:1747647666680:,1747647681214
counter/8/0/0/0,18418:1747647663687:,1747647681214
counter/4/0/0/0,17093:1747647664792:,1747647681214
counter/2/0/0/0,20379:1747647666680:,1747647681214
counter/8/0/0/0,18419:1747647663687:,1747647681214
counter/4/0/0/0,17094:1747647664793:,1747647681214
counter/2/0/0/0,20380:1747647666680:,1747647681214
counter/8/0/0/0,18420:1747647663687:,1747647681214
counter/4/0/0/0,17095:1747647664793:,1747647681214
counter/2/0/0/0,20381:1747647666680:,1747647681214
counter/8/0/0/0,18421:1747647663687:,1747647681214
counter/4/0/0/0,17096:1747647664793:,1747647681214
counter/2/0/0/0,20382:1747647666680:,1747647681214
counter/8/0/0/0,18422:1747647663687:,1747647681214
counter/4/0/0/0,17097:1747647664793:,1747647681214
counter/2/0/0/0,20383:1747647666680:,1747647681214
counter/8/0/0/0,18423:1747647663687:,1747647681214
counter/4/0/0/0,17098:1747647664793:,1747647681214
counter/2/0/0/0,20384:1747647666680:,1747647681214
counter/8/0/0/0,18424:1747647663687:,1747647681214
counter/4/0/0/0,17099:1747647664793:,1747647681214
counter/2/0/0/0,20385:1747647666680:,1747647681214
counter/8/0/0/0,18425:1747647663687:,1747647681214
counter/4/0/0/0,17100:1747647664793:,1747647681214
counter/2/0/0/0,20386:1747647666680:,1747647681214
counter/8/0/0/0,18426:1747647663687:,1747647681214
counter/4/0/0/0,17101:1747647664793:,1747647681214
counter/2/0/0/0,20387:1747647666680:,1747647681214
counter/8/0/0/0,18427:1747647663687:,1747647681214
counter/4/0/0/0,17102:1747647664793:,1747647681214
counter/9/0/0/0,20755:1747647665513:,1747647681214
counter/2/0/0/0,20388:1747647666680:,1747647681215
counter/8/0/0/0,18428:1747647663687:,1747647681215
counter/4/0/0/0,17103:1747647664794:,1747647681215
counter/2/0/0/0,20389:1747647666681:,1747647681215
counter/8/0/0/0,18429:1747647663687:,1747647681215
counter/4/0/0/0,17104:1747647664794:,1747647681215
counter/2/0/0/0,20390:1747647666681:,1747647681215
counter/8/0/0/0,18430:1747647663687:,1747647681215
counter/4/0/0/0,17105:1747647664797:,1747647681215
counter/2/0/0/0,20391:1747647666682:,1747647681215
counter/8/0/0/0,18431:1747647663687:,1747647681215
counter/4/0/0/0,17106:1747647664797:,1747647681215
counter/2/0/0/0,20392:1747647666682:,1747647681215
counter/8/0/0/0,18432:1747647663687:,1747647681215
counter/4/0/0/0,17107:1747647664797:,1747647681215
counter/9/0/0/0,20756:1747647665513:,1747647681215
counter/2/0/0/0,20393:1747647666682:,1747647681215
counter/8/0/0/0,18433:1747647663687:,1747647681215
counter/4/0/0/0,17108:1747647664797:,1747647681215
counter/7/0/0/0,16423:1747647662777:,1747647681215
counter/5/0/0/0,17789:1747647663762:,1747647681215
counter/2/0/0/0,20394:1747647666682:,1747647681215
counter/8/0/0/0,18434:1747647663687:,1747647681215
counter/4/0/0/0,17109:1747647664797:,1747647681215
counter/3/0/0/0,17384:1747647664543:,1747647681215
counter/10/0/0/0,17800:1747647663484:,1747647681215
counter/6/0/0/0,16721:1747647663698:,1747647681215
counter/2/0/0/0,20395:1747647666682:,1747647681215
counter/8/0/0/0,18435:1747647663687:,1747647681215
counter/4/0/0/0,17110:1747647664797:,1747647681215
counter/2/0/0/0,20396:1747647666682:,1747647681215
counter/8/0/0/0,18436:1747647663687:,1747647681215
counter/4/0/0/0,17111:1747647664797:,1747647681215
counter/5/0/0/0,17790:1747647663762:,1747647681215
counter/2/0/0/0,20397:1747647666682:,1747647681215
counter/8/0/0/0,18437:1747647663687:,1747647681215
counter/4/0/0/0,17112:1747647664797:,1747647681215
counter/3/0/0/0,17385:1747647664543:,1747647681215
counter/6/0/0/0,16722:1747647663698:,1747647681215
counter/10/0/0/0,17801:1747647663484:,1747647681215
counter/2/0/0/0,20398:1747647666682:,1747647681215
counter/8/0/0/0,18438:1747647663687:,1747647681215
counter/4/0/0/0,17113:1747647664797:,1747647681215
counter/2/0/0/0,20399:1747647666682:,1747647681215
counter/8/0/0/0,18439:1747647663687:,1747647681215
counter/4/0/0/0,17114:1747647664797:,1747647681215
counter/2/0/0/0,20400:1747647666686:,1747647681216
counter/8/0/0/0,18440:1747647663687:,1747647681216
counter/4/0/0/0,17115:1747647664797:,1747647681216
counter/2/0/0/0,20401:1747647666686:,1747647681216
counter/8/0/0/0,18441:1747647663687:,1747647681216
counter/4/0/0/0,17116:1747647664797:,1747647681216
counter/9/0/0/0,20757:1747647665513:,1747647681216
counter/2/0/0/0,20402:1747647666686:,1747647681216
counter/8/0/0/0,18442:1747647663688:,1747647681216
counter/4/0/0/0,17117:1747647664797:,1747647681216
counter/7/0/0/0,16424:1747647662777:,1747647681216
counter/1/0/0/0,18162:1747647664876:,1747647681216
counter/2/0/0/0,20403:1747647666686:,1747647681216
counter/8/0/0/0,18443:1747647663688:,1747647681216
counter/4/0/0/0,17118:1747647664797:,1747647681216
counter/1/0/0/0,18163:1747647664876:,1747647681216
counter/2/0/0/0,20404:1747647666686:,1747647681216
counter/8/0/0/0,18444:1747647663688:,1747647681216
counter/4/0/0/0,17119:1747647664803:,1747647681216
counter/1/0/0/0,18164:1747647664876:,1747647681216
counter/10/0/0/0,17802:1747647663484:,1747647681216
counter/2/0/0/0,20405:1747647666686:,1747647681216
counter/8/0/0/0,18445:1747647663688:,1747647681216
counter/4/0/0/0,17120:1747647664803:,1747647681216
counter/1/0/0/0,18165:1747647664876:,1747647681216
counter/10/0/0/0,17803:1747647663499:,1747647681216
counter/9/0/0/0,20758:1747647665514:,1747647681216
counter/2/0/0/0,20406:1747647666687:,1747647681216
counter/8/0/0/0,18446:1747647663688:,1747647681216
counter/4/0/0/0,17121:1747647664803:,1747647681216
counter/1/0/0/0,18166:1747647664876:,1747647681216
counter/10/0/0/0,17804:1747647663500:,1747647681216
counter/2/0/0/0,20407:1747647666688:,1747647681216
counter/8/0/0/0,18447:1747647663690:,1747647681216
counter/4/0/0/0,17122:1747647664803:,1747647681216
counter/1/0/0/0,18167:1747647664876:,1747647681216
counter/10/0/0/0,17805:1747647663500:,1747647681216
counter/2/0/0/0,20408:1747647666688:,1747647681216
counter/8/0/0/0,18448:1747647663690:,1747647681216
counter/4/0/0/0,17123:1747647664804:,1747647681216
counter/10/0/0/0,17806:1747647663500:,1747647681216
counter/2/0/0/0,20409:1747647666688:,1747647681216
counter/8/0/0/0,18449:1747647663690:,1747647681216
counter/4/0/0/0,17124:1747647664804:,1747647681216
counter/10/0/0/0,17807:1747647663500:,1747647681216
counter/2/0/0/0,20410:1747647666688:,1747647681216
counter/8/0/0/0,18450:1747647663690:,1747647681216
counter/4/0/0/0,17125:1747647664804:,1747647681216
counter/10/0/0/0,17808:1747647663500:,1747647681217
counter/2/0/0/0,20411:1747647666688:,1747647681217
counter/8/0/0/0,18451:1747647663704:,1747647681217
counter/4/0/0/0,17126:1747647664804:,1747647681217
counter/10/0/0/0,17809:1747647663500:,1747647681217
counter/5/0/0/0,17791:1747647663762:,1747647681217
counter/1/0/0/0,18168:1747647664876:,1747647681217
counter/2/0/0/0,20412:1747647666688:,1747647681217
counter/8/0/0/0,18452:1747647663704:,1747647681217
counter/4/0/0/0,17127:1747647664804:,1747647681217
counter/10/0/0/0,17810:1747647663500:,1747647681217
counter/2/0/0/0,20413:1747647666688:,1747647681217
counter/8/0/0/0,18453:1747647663715:,1747647681217
counter/4/0/0/0,17128:1747647664804:,1747647681217
counter/10/0/0/0,17811:1747647663500:,1747647681217
counter/5/0/0/0,17792:1747647663762:,1747647681217
counter/1/0/0/0,18169:1747647664876:,1747647681217
counter/2/0/0/0,20414:1747647666688:,1747647681217
counter/8/0/0/0,18454:1747647663716:,1747647681217
counter/4/0/0/0,17129:1747647664804:,1747647681217
counter/10/0/0/0,17812:1747647663500:,1747647681217
counter/9/0/0/0,20759:1747647665514:,1747647681217
counter/2/0/0/0,20415:1747647666688:,1747647681217
counter/8/0/0/0,18455:1747647663716:,1747647681217
counter/4/0/0/0,17130:1747647664804:,1747647681217
counter/10/0/0/0,17813:1747647663500:,1747647681217
counter/2/0/0/0,20416:1747647666688:,1747647681217
counter/8/0/0/0,18456:1747647663716:,1747647681217
counter/4/0/0/0,17131:1747647664804:,1747647681217
counter/10/0/0/0,17814:1747647663500:,1747647681217
counter/2/0/0/0,20417:1747647666688:,1747647681217
counter/8/0/0/0,18457:1747647663716:,1747647681217
counter/4/0/0/0,17132:1747647664804:,1747647681217
counter/10/0/0/0,17815:1747647663500:,1747647681217
counter/2/0/0/0,20418:1747647666688:,1747647681217
counter/8/0/0/0,18458:1747647663716:,1747647681217
counter/4/0/0/0,17133:1747647664804:,1747647681217
counter/2/0/0/0,20419:1747647666688:,1747647681217
counter/8/0/0/0,18459:1747647663718:,1747647681217
counter/4/0/0/0,17134:1747647664804:,1747647681217
counter/9/0/0/0,20760:1747647665514:,1747647681217
counter/7/0/0/0,16425:1747647662777:,1747647681218
counter/2/0/0/0,20420:1747647666688:,1747647681218
counter/8/0/0/0,18460:1747647663724:,1747647681218
counter/4/0/0/0,17135:1747647664805:,1747647681218
counter/10/0/0/0,17816:1747647663500:,1747647681218
counter/3/0/0/0,17386:1747647664543:,1747647681218
counter/2/0/0/0,20421:1747647666689:,1747647681218
counter/8/0/0/0,18461:1747647663724:,1747647681218
counter/4/0/0/0,17136:1747647664813:,1747647681218
counter/2/0/0/0,20422:1747647666689:,1747647681218
counter/8/0/0/0,18462:1747647663724:,1747647681218
counter/4/0/0/0,17137:1747647664813:,1747647681218
counter/2/0/0/0,20423:1747647666689:,1747647681218
counter/8/0/0/0,18463:1747647663724:,1747647681218
counter/4/0/0/0,17138:1747647664813:,1747647681218
counter/2/0/0/0,20424:1747647666689:,1747647681218
counter/8/0/0/0,18464:1747647663725:,1747647681218
counter/4/0/0/0,17139:1747647664813:,1747647681218
counter/9/0/0/0,20761:1747647665514:,1747647681218
counter/7/0/0/0,16426:1747647662777:,1747647681218
counter/2/0/0/0,20425:1747647666689:,1747647681218
counter/8/0/0/0,18465:1747647663725:,1747647681218
counter/4/0/0/0,17140:1747647664813:,1747647681218
counter/2/0/0/0,20426:1747647666689:,1747647681218
counter/8/0/0/0,18466:1747647663725:,1747647681218
counter/4/0/0/0,17141:1747647664813:,1747647681218
counter/2/0/0/0,20427:1747647666689:,1747647681218
counter/8/0/0/0,18467:1747647663725:,1747647681218
counter/4/0/0/0,17142:1747647664813:,1747647681218
counter/9/0/0/0,20762:1747647665514:,1747647681218
counter/3/0/0/0,17387:1747647664543:,1747647681218
counter/2/0/0/0,20428:1747647666690:,1747647681218
counter/8/0/0/0,18468:1747647663725:,1747647681218
counter/4/0/0/0,17143:1747647664813:,1747647681218
counter/7/0/0/0,16427:1747647662777:,1747647681218
counter/2/0/0/0,20429:1747647666690:,1747647681218
counter/8/0/0/0,18469:1747647663725:,1747647681219
counter/4/0/0/0,17144:1747647664813:,1747647681219
counter/7/0/0/0,16428:1747647662778:,1747647681219
counter/2/0/0/0,20430:1747647666690:,1747647681219
counter/8/0/0/0,18470:1747647663725:,1747647681219
counter/4/0/0/0,17145:1747647664813:,1747647681219
counter/7/0/0/0,16429:1747647662778:,1747647681219
counter/2/0/0/0,20431:1747647666696:,1747647681219
counter/8/0/0/0,18471:1747647663727:,1747647681219
counter/4/0/0/0,17146:1747647664813:,1747647681219
counter/7/0/0/0,16430:1747647662778:,1747647681219
counter/1/0/0/0,18170:1747647664876:,1747647681219
counter/2/0/0/0,20432:1747647666696:,1747647681219
counter/8/0/0/0,18472:1747647663727:,1747647681219
counter/4/0/0/0,17147:1747647664813:,1747647681219
counter/7/0/0/0,16431:1747647662778:,1747647681219
counter/5/0/0/0,17793:1747647663762:,1747647681219
counter/2/0/0/0,20433:1747647666696:,1747647681219
counter/8/0/0/0,18473:1747647663727:,1747647681219
counter/4/0/0/0,17148:1747647664813:,1747647681219
counter/7/0/0/0,16432:1747647662778:,1747647681219
counter/5/0/0/0,17794:1747647663762:,1747647681219
counter/2/0/0/0,20434:1747647666696:,1747647681219
counter/8/0/0/0,18474:1747647663727:,1747647681219
counter/4/0/0/0,17149:1747647664813:,1747647681219
counter/7/0/0/0,16433:1747647662778:,1747647681219
counter/5/0/0/0,17795:1747647663762:,1747647681219
counter/2/0/0/0,20435:1747647666696:,1747647681219
counter/8/0/0/0,18475:1747647663727:,1747647681219
counter/4/0/0/0,17150:1747647664813:,1747647681219
counter/7/0/0/0,16434:1747647662778:,1747647681219
counter/5/0/0/0,17796:1747647663762:,1747647681219
counter/2/0/0/0,20436:1747647666696:,1747647681219
counter/8/0/0/0,18476:1747647663727:,1747647681219
counter/4/0/0/0,17151:1747647664813:,1747647681219
counter/7/0/0/0,16435:1747647662778:,1747647681219
counter/5/0/0/0,17797:1747647663762:,1747647681219
counter/2/0/0/0,20437:1747647666696:,1747647681219
counter/8/0/0/0,18477:1747647663728:,1747647681219
counter/4/0/0/0,17152:1747647664826:,1747647681219
counter/7/0/0/0,16436:1747647662778:,1747647681219
counter/5/0/0/0,17798:1747647663762:,1747647681220
counter/2/0/0/0,20438:1747647666696:,1747647681220
counter/8/0/0/0,18478:1747647663728:,1747647681220
counter/4/0/0/0,17153:1747647664826:,1747647681220
counter/7/0/0/0,16437:1747647662778:,1747647681220
counter/5/0/0/0,17799:1747647663763:,1747647681220
counter/2/0/0/0,20439:1747647666696:,1747647681220
counter/8/0/0/0,18479:1747647663728:,1747647681220
counter/4/0/0/0,17154:1747647664826:,1747647681220
counter/7/0/0/0,16438:1747647662778:,1747647681220
counter/5/0/0/0,17800:1747647663763:,1747647681220
counter/2/0/0/0,20440:1747647666706:,1747647681220
counter/8/0/0/0,18480:1747647663728:,1747647681220
counter/4/0/0/0,17155:1747647664827:,1747647681220
counter/5/0/0/0,17801:1747647663763:,1747647681220
counter/2/0/0/0,20441:1747647666706:,1747647681220
counter/8/0/0/0,18481:1747647663728:,1747647681220
counter/4/0/0/0,17156:1747647664827:,1747647681220
counter/5/0/0/0,17802:1747647663763:,1747647681220
counter/2/0/0/0,20442:1747647666706:,1747647681220
counter/8/0/0/0,18482:1747647663728:,1747647681220
counter/4/0/0/0,17157:1747647664827:,1747647681220
counter/5/0/0/0,17803:1747647663763:,1747647681220
counter/2/0/0/0,20443:1747647666706:,1747647681220
counter/8/0/0/0,18483:1747647663728:,1747647681220
counter/4/0/0/0,17158:1747647664827:,1747647681220
counter/5/0/0/0,17804:1747647663770:,1747647681220
counter/2/0/0/0,20444:1747647666708:,1747647681220
counter/8/0/0/0,18484:1747647663728:,1747647681220
counter/4/0/0/0,17159:1747647664827:,1747647681220
counter/5/0/0/0,17805:1747647663770:,1747647681220
counter/2/0/0/0,20445:1747647666708:,1747647681220
counter/8/0/0/0,18485:1747647663728:,1747647681220
counter/4/0/0/0,17160:1747647664833:,1747647681220
counter/5/0/0/0,17806:1747647663770:,1747647681220
counter/2/0/0/0,20446:1747647666708:,1747647681220
counter/8/0/0/0,18486:1747647663728:,1747647681220
counter/4/0/0/0,17161:1747647664836:,1747647681220
counter/5/0/0/0,17807:1747647663770:,1747647681220
counter/2/0/0/0,20447:1747647666708:,1747647681220
counter/8/0/0/0,18487:1747647663728:,1747647681220
counter/4/0/0/0,17162:1747647664841:,1747647681220
counter/5/0/0/0,17808:1747647663770:,1747647681221
counter/2/0/0/0,20448:1747647666708:,1747647681221
counter/8/0/0/0,18488:1747647663728:,1747647681221
counter/4/0/0/0,17163:1747647664841:,1747647681221
counter/5/0/0/0,17809:1747647663770:,1747647681221
counter/2/0/0/0,20449:1747647666708:,1747647681221
counter/8/0/0/0,18489:1747647663728:,1747647681221
counter/4/0/0/0,17164:1747647664841:,1747647681221
counter/5/0/0/0,17810:1747647663770:,1747647681221
counter/2/0/0/0,20450:1747647666708:,1747647681221
counter/8/0/0/0,18490:1747647663728:,1747647681221
counter/4/0/0/0,17165:1747647664841:,1747647681221
counter/5/0/0/0,17811:1747647663783:,1747647681221
counter/2/0/0/0,20451:1747647666708:,1747647681221
counter/8/0/0/0,18491:1747647663728:,1747647681221
counter/4/0/0/0,17166:1747647664841:,1747647681221
counter/5/0/0/0,17812:1747647663783:,1747647681221
counter/2/0/0/0,20452:1747647666708:,1747647681221
counter/8/0/0/0,18492:1747647663728:,1747647681221
counter/4/0/0/0,17167:1747647664841:,1747647681221
counter/5/0/0/0,17813:1747647663783:,1747647681221
counter/2/0/0/0,20453:1747647666708:,1747647681221
counter/8/0/0/0,18493:1747647663728:,1747647681221
counter/4/0/0/0,17168:1747647664841:,1747647681221
counter/5/0/0/0,17814:1747647663783:,1747647681221
counter/2/0/0/0,20454:1747647666708:,1747647681221
counter/8/0/0/0,18494:1747647663728:,1747647681221
counter/4/0/0/0,17169:1747647664841:,1747647681221
counter/5/0/0/0,17815:1747647663783:,1747647681221
counter/2/0/0/0,20455:1747647666708:,1747647681221
counter/8/0/0/0,18495:1747647663728:,1747647681221
counter/4/0/0/0,17170:1747647664841:,1747647681221
counter/5/0/0/0,17816:1747647663783:,1747647681221
counter/2/0/0/0,20456:1747647666708:,1747647681221
counter/8/0/0/0,18496:1747647663728:,1747647681221
counter/4/0/0/0,17171:1747647664841:,1747647681221
counter/5/0/0/0,17817:1747647663785:,1747647681221
counter/2/0/0/0,20457:1747647666709:,1747647681221
counter/8/0/0/0,18497:1747647663728:,1747647681221
counter/4/0/0/0,17172:1747647664841:,1747647681221
counter/5/0/0/0,17818:1747647663785:,1747647681221
counter/2/0/0/0,20458:1747647666709:,1747647681221
counter/8/0/0/0,18498:1747647663728:,1747647681221
counter/4/0/0/0,17173:1747647664841:,1747647681222
counter/5/0/0/0,17819:1747647663785:,1747647681222
counter/2/0/0/0,20459:1747647666709:,1747647681222
counter/8/0/0/0,18499:1747647663728:,1747647681222
counter/4/0/0/0,17174:1747647664842:,1747647681222
counter/5/0/0/0,17820:1747647663785:,1747647681222
counter/2/0/0/0,20460:1747647666709:,1747647681222
counter/8/0/0/0,18500:1747647663728:,1747647681222
counter/4/0/0/0,17175:1747647664842:,1747647681222
counter/5/0/0/0,17821:1747647663785:,1747647681222
counter/2/0/0/0,20461:1747647666710:,1747647681222
counter/8/0/0/0,18501:1747647663728:,1747647681222
counter/4/0/0/0,17176:1747647664842:,1747647681222
counter/5/0/0/0,17822:1747647663785:,1747647681222
counter/2/0/0/0,20462:1747647666713:,1747647681222
counter/8/0/0/0,18502:1747647663728:,1747647681222
counter/4/0/0/0,17177:1747647664842:,1747647681222
counter/5/0/0/0,17823:1747647663785:,1747647681222
counter/2/0/0/0,20463:1747647666713:,1747647681222
counter/8/0/0/0,18503:1747647663728:,1747647681222
counter/4/0/0/0,17178:1747647664842:,1747647681222
counter/5/0/0/0,17824:1747647663785:,1747647681222
counter/2/0/0/0,20464:1747647666713:,1747647681222
counter/8/0/0/0,18504:1747647663728:,1747647681222
counter/4/0/0/0,17179:1747647664842:,1747647681222
counter/5/0/0/0,17825:1747647663785:,1747647681222
counter/2/0/0/0,20465:1747647666713:,1747647681222
counter/8/0/0/0,18505:1747647663729:,1747647681222
counter/4/0/0/0,17180:1747647664842:,1747647681222
counter/5/0/0/0,17826:1747647663785:,1747647681222
counter/2/0/0/0,20466:1747647666717:,1747647681222
counter/8/0/0/0,18506:1747647663731:,1747647681222
counter/4/0/0/0,17181:1747647664845:,1747647681222
counter/5/0/0/0,17827:1747647663785:,1747647681222
counter/2/0/0/0,20467:1747647666732:,1747647681222
counter/8/0/0/0,18507:1747647663731:,1747647681222
counter/4/0/0/0,17182:1747647664845:,1747647681222
counter/5/0/0/0,17828:1747647663786:,1747647681222
counter/2/0/0/0,20468:1747647666732:,1747647681222
counter/8/0/0/0,18508:1747647663731:,1747647681222
counter/4/0/0/0,17183:1747647664845:,1747647681223
counter/5/0/0/0,17829:1747647663786:,1747647681223
counter/2/0/0/0,20469:1747647666732:,1747647681223
counter/8/0/0/0,18509:1747647663731:,1747647681223
counter/4/0/0/0,17184:1747647664845:,1747647681223
counter/5/0/0/0,17830:1747647663786:,1747647681223
counter/2/0/0/0,20470:1747647666732:,1747647681223
counter/8/0/0/0,18510:1747647663731:,1747647681223
counter/4/0/0/0,17185:1747647664863:,1747647681223
counter/5/0/0/0,17831:1747647663786:,1747647681223
counter/2/0/0/0,20471:1747647666732:,1747647681223
counter/8/0/0/0,18511:1747647663731:,1747647681223
counter/4/0/0/0,17186:1747647664863:,1747647681223
counter/5/0/0/0,17832:1747647663786:,1747647681223
counter/2/0/0/0,20472:1747647666739:,1747647681223
counter/8/0/0/0,18512:1747647663731:,1747647681223
counter/4/0/0/0,17187:1747647664863:,1747647681223
counter/5/0/0/0,17833:1747647663786:,1747647681223
counter/2/0/0/0,20473:1747647666739:,1747647681223
counter/8/0/0/0,18513:1747647663731:,1747647681223
counter/4/0/0/0,17188:1747647664863:,1747647681223
counter/5/0/0/0,17834:1747647663786:,1747647681223
counter/2/0/0/0,20474:1747647666739:,1747647681223
counter/8/0/0/0,18514:1747647663731:,1747647681223
counter/4/0/0/0,17189:1747647664863:,1747647681223
counter/5/0/0/0,17835:1747647663786:,1747647681223
counter/2/0/0/0,20475:1747647666739:,1747647681223
counter/8/0/0/0,18515:1747647663731:,1747647681223
counter/4/0/0/0,17190:1747647664863:,1747647681223
counter/5/0/0/0,17836:1747647663786:,1747647681223
counter/2/0/0/0,20476:1747647666739:,1747647681223
counter/8/0/0/0,18516:1747647663731:,1747647681223
counter/4/0/0/0,17191:1747647664863:,1747647681223
counter/5/0/0/0,17837:1747647663789:,1747647681223
counter/2/0/0/0,20477:1747647666739:,1747647681223
counter/8/0/0/0,18517:1747647663731:,1747647681223
counter/4/0/0/0,17192:1747647664865:,1747647681223
counter/5/0/0/0,17838:1747647663789:,1747647681223
counter/2/0/0/0,20478:1747647666739:,1747647681223
counter/8/0/0/0,18518:1747647663731:,1747647681223
counter/4/0/0/0,17193:1747647664865:,1747647681223
counter/5/0/0/0,17839:1747647663789:,1747647681223
counter/2/0/0/0,20479:1747647666740:,1747647681223
counter/8/0/0/0,18519:1747647663731:,1747647681223
counter/4/0/0/0,17194:1747647664866:,1747647681223
counter/5/0/0/0,17840:1747647663789:,1747647681223
counter/2/0/0/0,20480:1747647666740:,1747647681223
counter/8/0/0/0,18520:1747647663732:,1747647681223
counter/4/0/0/0,17195:1747647664866:,1747647681224
counter/5/0/0/0,17841:1747647663789:,1747647681224
counter/2/0/0/0,20481:1747647666740:,1747647681224
counter/8/0/0/0,18521:1747647663732:,1747647681224
counter/4/0/0/0,17196:1747647664866:,1747647681224
counter/5/0/0/0,17842:1747647663789:,1747647681224
counter/2/0/0/0,20482:1747647666740:,1747647681224
counter/8/0/0/0,18522:1747647663732:,1747647681224
counter/4/0/0/0,17197:1747647664866:,1747647681224
counter/5/0/0/0,17843:1747647663789:,1747647681224
counter/2/0/0/0,20483:1747647666741:,1747647681224
counter/8/0/0/0,18523:1747647663732:,1747647681224
counter/4/0/0/0,17198:1747647664867:,1747647681224
counter/5/0/0/0,17844:1747647663789:,1747647681224
counter/2/0/0/0,20484:1747647666743:,1747647681224
counter/8/0/0/0,18524:1747647663732:,1747647681224
counter/4/0/0/0,17199:1747647664867:,1747647681224
counter/5/0/0/0,17845:1747647663789:,1747647681224
counter/2/0/0/0,20485:1747647666744:,1747647681224
counter/8/0/0/0,18525:1747647663732:,1747647681224
counter/4/0/0/0,17200:1747647664867:,1747647681224
counter/5/0/0/0,17846:1747647663789:,1747647681224
counter/2/0/0/0,20486:1747647666745:,1747647681224
counter/8/0/0/0,18526:1747647663732:,1747647681224
counter/4/0/0/0,17201:1747647664868:,1747647681224
counter/5/0/0/0,17847:1747647663789:,1747647681224
counter/2/0/0/0,20487:1747647666745:,1747647681224
counter/8/0/0/0,18527:1747647663732:,1747647681224
counter/4/0/0/0,17202:1747647664868:,1747647681224
counter/5/0/0/0,17848:1747647663789:,1747647681224
counter/2/0/0/0,20488:1747647666745:,1747647681224
counter/8/0/0/0,18528:1747647663732:,1747647681224
counter/4/0/0/0,17203:1747647664868:,1747647681224
counter/5/0/0/0,17849:1747647663789:,1747647681224
counter/2/0/0/0,20489:1747647666745:,1747647681224
counter/8/0/0/0,18529:1747647663732:,1747647681224
counter/4/0/0/0,17204:1747647664868:,1747647681224
counter/5/0/0/0,17850:1747647663789:,1747647681224
counter/2/0/0/0,20490:1747647666745:,1747647681224
counter/8/0/0/0,18530:1747647663732:,1747647681224
counter/4/0/0/0,17205:1747647664868:,1747647681224
counter/5/0/0/0,17851:1747647663789:,1747647681224
counter/2/0/0/0,20491:1747647666745:,1747647681224
counter/8/0/0/0,18531:1747647663734:,1747647681224
counter/5/0/0/0,17852:1747647663789:,1747647681225
counter/7/0/0/0,16439:1747647662778:,1747647681225
counter/2/0/0/0,20492:1747647666749:,1747647681225
counter/8/0/0/0,18532:1747647663734:,1747647681225
counter/5/0/0/0,17853:1747647663789:,1747647681225
counter/7/0/0/0,16440:1747647662778:,1747647681225
counter/2/0/0/0,20493:1747647666749:,1747647681225
counter/8/0/0/0,18533:1747647663734:,1747647681225
counter/5/0/0/0,17854:1747647663791:,1747647681225
counter/7/0/0/0,16441:1747647662778:,1747647681225
counter/2/0/0/0,20494:1747647666749:,1747647681225
counter/8/0/0/0,18534:1747647663734:,1747647681225
counter/5/0/0/0,17855:1747647663792:,1747647681225
counter/7/0/0/0,16442:1747647662778:,1747647681225
counter/2/0/0/0,20495:1747647666749:,1747647681225
counter/8/0/0/0,18535:1747647663735:,1747647681225
counter/5/0/0/0,17856:1747647663792:,1747647681225
counter/7/0/0/0,16443:1747647662778:,1747647681225
counter/2/0/0/0,20496:1747647666749:,1747647681225
counter/8/0/0/0,18536:1747647663740:,1747647681225
counter/5/0/0/0,17857:1747647663792:,1747647681225
counter/7/0/0/0,16444:1747647662778:,1747647681225
counter/2/0/0/0,20497:1747647666750:,1747647681225
counter/8/0/0/0,18537:1747647663741:,1747647681225
counter/5/0/0/0,17858:1747647663792:,1747647681225
counter/7/0/0/0,16445:1747647662778:,1747647681225
counter/2/0/0/0,20498:1747647666750:,1747647681225
counter/8/0/0/0,18538:1747647663741:,1747647681225
counter/5/0/0/0,17859:1747647663792:,1747647681225
counter/7/0/0/0,16446:1747647662778:,1747647681225
counter/2/0/0/0,20499:1747647666750:,1747647681225
counter/8/0/0/0,18539:1747647663741:,1747647681225
counter/5/0/0/0,17860:1747647663792:,1747647681225
counter/7/0/0/0,16447:1747647662778:,1747647681225
counter/2/0/0/0,20500:1747647666750:,1747647681225
counter/8/0/0/0,18540:1747647663741:,1747647681225
counter/5/0/0/0,17861:1747647663792:,1747647681225
counter/7/0/0/0,16448:1747647662778:,1747647681225
counter/2/0/0/0,20501:1747647666750:,1747647681225
counter/8/0/0/0,18541:1747647663741:,1747647681225
counter/5/0/0/0,17862:1747647663793:,1747647681225
counter/2/0/0/0,20502:1747647666750:,1747647681226
counter/8/0/0/0,18542:1747647663741:,1747647681226
counter/5/0/0/0,17863:1747647663793:,1747647681226
counter/2/0/0/0,20503:1747647666750:,1747647681226
counter/8/0/0/0,18543:1747647663741:,1747647681226
counter/5/0/0/0,17864:1747647663793:,1747647681226
counter/2/0/0/0,20504:1747647666750:,1747647681226
counter/8/0/0/0,18544:1747647663741:,1747647681226
counter/5/0/0/0,17865:1747647663793:,1747647681226
counter/2/0/0/0,20505:1747647666750:,1747647681226
counter/8/0/0/0,18545:1747647663741:,1747647681226
counter/5/0/0/0,17866:1747647663793:,1747647681226
counter/2/0/0/0,20506:1747647666750:,1747647681226
counter/8/0/0/0,18546:1747647663743:,1747647681226
counter/5/0/0/0,17867:1747647663793:,1747647681226
counter/2/0/0/0,20507:1747647666750:,1747647681226
counter/8/0/0/0,18547:1747647663743:,1747647681226
counter/5/0/0/0,17868:1747647663794:,1747647681226
counter/2/0/0/0,20508:1747647666750:,1747647681226
counter/8/0/0/0,18548:1747647663743:,1747647681226
counter/5/0/0/0,17869:1747647663794:,1747647681226
counter/2/0/0/0,20509:1747647666750:,1747647681226
counter/8/0/0/0,18549:1747647663743:,1747647681226
counter/5/0/0/0,17870:1747647663794:,1747647681226
counter/2/0/0/0,20510:1747647666750:,1747647681226
counter/8/0/0/0,18550:1747647663743:,1747647681226
counter/5/0/0/0,17871:1747647663794:,1747647681226
counter/2/0/0/0,20511:1747647666750:,1747647681226
counter/8/0/0/0,18551:1747647663743:,1747647681226
counter/5/0/0/0,17872:1747647663794:,1747647681226
counter/2/0/0/0,20512:1747647666750:,1747647681226
counter/8/0/0/0,18552:1747647663743:,1747647681226
counter/5/0/0/0,17873:1747647663799:,1747647681226
counter/2/0/0/0,20513:1747647666750:,1747647681226
counter/8/0/0/0,18553:1747647663743:,1747647681226
counter/5/0/0/0,17874:1747647663800:,1747647681226
counter/2/0/0/0,20514:1747647666750:,1747647681226
counter/8/0/0/0,18554:1747647663743:,1747647681226
counter/5/0/0/0,17875:1747647663800:,1747647681226
counter/2/0/0/0,20515:1747647666750:,1747647681227
counter/8/0/0/0,18555:1747647663745:,1747647681227
counter/5/0/0/0,17876:1747647663800:,1747647681227
counter/2/0/0/0,20516:1747647666750:,1747647681227
counter/8/0/0/0,18556:1747647663745:,1747647681227
counter/5/0/0/0,17877:1747647663800:,1747647681227
counter/2/0/0/0,20517:1747647666750:,1747647681227
counter/8/0/0/0,18557:1747647663745:,1747647681227
counter/5/0/0/0,17878:1747647663800:,1747647681227
counter/2/0/0/0,20518:1747647666750:,1747647681227
counter/8/0/0/0,18558:1747647663747:,1747647681227
counter/5/0/0/0,17879:1747647663800:,1747647681227
counter/2/0/0/0,20519:1747647666750:,1747647681227
counter/8/0/0/0,18559:1747647663749:,1747647681227
counter/5/0/0/0,17880:1747647663806:,1747647681227
counter/2/0/0/0,20520:1747647666750:,1747647681227
counter/8/0/0/0,18560:1747647663751:,1747647681227
counter/5/0/0/0,17881:1747647663806:,1747647681227
counter/2/0/0/0,20521:1747647666750:,1747647681227
counter/8/0/0/0,18561:1747647663771:,1747647681227
counter/5/0/0/0,17882:1747647663806:,1747647681227
counter/1/0/0/0,18171:1747647664876:,1747647681227
counter/2/0/0/0,20522:1747647666750:,1747647681227
counter/8/0/0/0,18562:1747647663771:,1747647681227
counter/5/0/0/0,17883:1747647663807:,1747647681227
counter/1/0/0/0,18172:1747647664876:,1747647681227
counter/2/0/0/0,20523:1747647666750:,1747647681227
counter/8/0/0/0,18563:1747647663771:,1747647681227
counter/5/0/0/0,17884:1747647663807:,1747647681227
counter/1/0/0/0,18173:1747647664878:,1747647681227
counter/2/0/0/0,20524:1747647666751:,1747647681227
counter/8/0/0/0,18564:1747647663771:,1747647681227
counter/5/0/0/0,17885:1747647663807:,1747647681227
counter/1/0/0/0,18174:1747647664878:,1747647681227
counter/2/0/0/0,20525:1747647666751:,1747647681227
counter/8/0/0/0,18565:1747647663771:,1747647681227
counter/5/0/0/0,17886:1747647663807:,1747647681227
counter/1/0/0/0,18175:1747647664878:,1747647681227
counter/2/0/0/0,20526:1747647666751:,1747647681227
counter/8/0/0/0,18566:1747647663771:,1747647681227
counter/5/0/0/0,17887:1747647663807:,1747647681227
counter/1/0/0/0,18176:1747647664878:,1747647681227
counter/2/0/0/0,20527:1747647666760:,1747647681227
counter/8/0/0/0,18567:1747647663771:,1747647681227
counter/5/0/0/0,17888:1747647663807:,1747647681227
counter/1/0/0/0,18177:1747647664878:,1747647681228
counter/2/0/0/0,20528:1747647666760:,1747647681228
counter/8/0/0/0,18568:1747647663771:,1747647681228
counter/5/0/0/0,17889:1747647663807:,1747647681228
counter/1/0/0/0,18178:1747647664878:,1747647681228
counter/2/0/0/0,20529:1747647666760:,1747647681228
counter/8/0/0/0,18569:1747647663771:,1747647681228
counter/5/0/0/0,17890:1747647663807:,1747647681228
counter/1/0/0/0,18179:1747647664878:,1747647681228
counter/2/0/0/0,20530:1747647666760:,1747647681228
counter/8/0/0/0,18570:1747647663779:,1747647681228
counter/5/0/0/0,17891:1747647663807:,1747647681228
counter/1/0/0/0,18180:1747647664878:,1747647681228
counter/2/0/0/0,20531:1747647666760:,1747647681228
counter/8/0/0/0,18571:1747647663779:,1747647681228
counter/5/0/0/0,17892:1747647663807:,1747647681228
counter/1/0/0/0,18181:1747647664878:,1747647681228
counter/2/0/0/0,20532:1747647666769:,1747647681228
counter/8/0/0/0,18572:1747647663779:,1747647681228
counter/5/0/0/0,17893:1747647663807:,1747647681228
counter/1/0/0/0,18182:1747647664878:,1747647681228
counter/2/0/0/0,20533:1747647666769:,1747647681228
counter/8/0/0/0,18573:1747647663779:,1747647681228
counter/5/0/0/0,17894:1747647663838:,1747647681228
counter/1/0/0/0,18183:1747647664878:,1747647681228
counter/9/0/0/0,20763:1747647665514:,1747647681228
counter/2/0/0/0,20534:1747647666769:,1747647681228
counter/8/0/0/0,18574:1747647663779:,1747647681228
counter/5/0/0/0,17895:1747647663838:,1747647681228
counter/1/0/0/0,18184:1747647664878:,1747647681228
counter/9/0/0/0,20764:1747647665514:,1747647681228
counter/2/0/0/0,20535:1747647666769:,1747647681228
counter/8/0/0/0,18575:1747647663779:,1747647681228
counter/5/0/0/0,17896:1747647663839:,1747647681228
counter/1/0/0/0,18185:1747647664878:,1747647681228
counter/9/0/0/0,20765:1747647665514:,1747647681228
counter/2/0/0/0,20536:1747647666769:,1747647681228
counter/8/0/0/0,18576:1747647663779:,1747647681228
counter/5/0/0/0,17897:1747647663839:,1747647681228
counter/1/0/0/0,18186:1747647664878:,1747647681228
counter/9/0/0/0,20766:1747647665514:,1747647681228
counter/2/0/0/0,20537:1747647666769:,1747647681228
counter/8/0/0/0,18577:1747647663779:,1747647681228
counter/5/0/0/0,17898:1747647663839:,1747647681228
counter/1/0/0/0,18187:1747647664878:,1747647681228
counter/9/0/0/0,20767:1747647665514:,1747647681228
counter/2/0/0/0,20538:1747647666774:,1747647681228
counter/8/0/0/0,18578:1747647663780:,1747647681228
counter/5/0/0/0,17899:1747647663839:,1747647681228
counter/1/0/0/0,18188:1747647664879:,1747647681229
counter/9/0/0/0,20768:1747647665514:,1747647681229
counter/2/0/0/0,20539:1747647666774:,1747647681229
counter/8/0/0/0,18579:1747647663780:,1747647681229
counter/5/0/0/0,17900:1747647663839:,1747647681229
counter/1/0/0/0,18189:1747647664879:,1747647681229
counter/9/0/0/0,20769:1747647665514:,1747647681229
counter/2/0/0/0,20540:1747647666774:,1747647681229
counter/8/0/0/0,18580:1747647663780:,1747647681229
counter/5/0/0/0,17901:1747647663847:,1747647681229
counter/1/0/0/0,18190:1747647664880:,1747647681229
counter/9/0/0/0,20770:1747647665514:,1747647681229
counter/2/0/0/0,20541:1747647666774:,1747647681229
counter/8/0/0/0,18581:1747647663780:,1747647681229
counter/5/0/0/0,17902:1747647663847:,1747647681229
counter/1/0/0/0,18191:1747647664880:,1747647681229
counter/9/0/0/0,20771:1747647665514:,1747647681229
counter/2/0/0/0,20542:1747647666774:,1747647681229
counter/8/0/0/0,18582:1747647663780:,1747647681229
counter/5/0/0/0,17903:1747647663848:,1747647681229
counter/1/0/0/0,18192:1747647664880:,1747647681229
counter/9/0/0/0,20772:1747647665514:,1747647681229
counter/2/0/0/0,20543:1747647666774:,1747647681229
counter/8/0/0/0,18583:1747647663780:,1747647681229
counter/5/0/0/0,17904:1747647663848:,1747647681229
counter/1/0/0/0,18193:1747647664880:,1747647681229
counter/9/0/0/0,20773:1747647665514:,1747647681229
counter/2/0/0/0,20544:1747647666774:,1747647681229
counter/8/0/0/0,18584:1747647663780:,1747647681229
counter/5/0/0/0,17905:1747647663848:,1747647681229
counter/1/0/0/0,18194:1747647664880:,1747647681229
counter/9/0/0/0,20774:1747647665514:,1747647681229
counter/10/0/0/0,17817:1747647663500:,1747647681229
counter/2/0/0/0,20545:1747647666774:,1747647681229
counter/8/0/0/0,18585:1747647663780:,1747647681229
counter/5/0/0/0,17906:1747647663848:,1747647681229
counter/1/0/0/0,18195:1747647664880:,1747647681229
counter/9/0/0/0,20775:1747647665514:,1747647681229
counter/10/0/0/0,17818:1747647663500:,1747647681229
counter/6/0/0/0,16723:1747647663698:,1747647681229
counter/2/0/0/0,20546:1747647666774:,1747647681230
counter/8/0/0/0,18586:1747647663780:,1747647681230
counter/5/0/0/0,17907:1747647663855:,1747647681230
counter/1/0/0/0,18196:1747647664880:,1747647681230
counter/9/0/0/0,20776:1747647665514:,1747647681230
counter/2/0/0/0,20547:1747647666774:,1747647681230
counter/8/0/0/0,18587:1747647663780:,1747647681230
counter/5/0/0/0,17908:1747647663855:,1747647681230
counter/1/0/0/0,18197:1747647664880:,1747647681230
counter/9/0/0/0,20777:1747647665514:,1747647681230
counter/3/0/0/0,17388:1747647664543:,1747647681230
counter/10/0/0/0,17819:1747647663500:,1747647681230
counter/2/0/0/0,20548:1747647666775:,1747647681230
counter/8/0/0/0,18588:1747647663780:,1747647681230
counter/5/0/0/0,17909:1747647663855:,1747647681230
counter/1/0/0/0,18198:1747647664880:,1747647681230
counter/6/0/0/0,16724:1747647663698:,1747647681230
counter/2/0/0/0,20549:1747647666777:,1747647681230
counter/8/0/0/0,18589:1747647663780:,1747647681230
counter/5/0/0/0,17910:1747647663855:,1747647681230
counter/1/0/0/0,18199:1747647664880:,1747647681230
counter/2/0/0/0,20550:1747647666777:,1747647681230
counter/8/0/0/0,18590:1747647663780:,1747647681230
counter/5/0/0/0,17911:1747647664380:,1747647681230
counter/1/0/0/0,18200:1747647664880:,1747647681230
counter/9/0/0/0,20778:1747647665514:,1747647681230
counter/2/0/0/0,20551:1747647666777:,1747647681230
counter/8/0/0/0,18591:1747647663780:,1747647681230
counter/5/0/0/0,17912:1747647664380:,1747647681230
counter/1/0/0/0,18201:1747647664880:,1747647681230
counter/3/0/0/0,17389:1747647664543:,1747647681230
counter/2/0/0/0,20552:1747647666777:,1747647681230
counter/8/0/0/0,18592:1747647663780:,1747647681230
counter/5/0/0/0,17913:1747647664383:,1747647681230
counter/1/0/0/0,18202:1747647664880:,1747647681230
counter/3/0/0/0,17390:1747647664543:,1747647681230
counter/2/0/0/0,20553:1747647666777:,1747647681230
counter/8/0/0/0,18593:1747647663780:,1747647681230
counter/5/0/0/0,17914:1747647664383:,1747647681230
counter/1/0/0/0,18203:1747647664884:,1747647681230
counter/3/0/0/0,17391:1747647664543:,1747647681230
counter/4/0/0/0,17206:1747647664868:,1747647681230
counter/2/0/0/0,20554:1747647666777:,1747647681230
counter/8/0/0/0,18594:1747647663780:,1747647681230
counter/5/0/0/0,17915:1747647664383:,1747647681230
counter/1/0/0/0,18204:1747647664884:,1747647681231
counter/3/0/0/0,17392:1747647664543:,1747647681231
counter/2/0/0/0,20555:1747647666777:,1747647681231
counter/8/0/0/0,18595:1747647663780:,1747647681231
counter/5/0/0/0,17916:1747647664387:,1747647681231
counter/1/0/0/0,18205:1747647664884:,1747647681231
counter/3/0/0/0,17393:1747647664543:,1747647681231
counter/10/0/0/0,17820:1747647663503:,1747647681231
counter/2/0/0/0,20556:1747647666777:,1747647681231
counter/8/0/0/0,18596:1747647663780:,1747647681231
counter/5/0/0/0,17917:1747647664389:,1747647681231
counter/1/0/0/0,18206:1747647664884:,1747647681231
counter/3/0/0/0,17394:1747647664543:,1747647681231
counter/2/0/0/0,20557:1747647666777:,1747647681231
counter/8/0/0/0,18597:1747647663780:,1747647681231
counter/5/0/0/0,17918:1747647664389:,1747647681231
counter/1/0/0/0,18207:1747647664884:,1747647681231
counter/3/0/0/0,17395:1747647664543:,1747647681231
counter/4/0/0/0,17207:1747647664868:,1747647681231
counter/2/0/0/0,20558:1747647666777:,1747647681231
counter/8/0/0/0,18598:1747647663780:,1747647681231
counter/5/0/0/0,17919:1747647664389:,1747647681231
counter/1/0/0/0,18208:1747647664884:,1747647681231
counter/3/0/0/0,17396:1747647664543:,1747647681231
counter/2/0/0/0,20559:1747647666777:,1747647681231
counter/8/0/0/0,18599:1747647663780:,1747647681231
counter/5/0/0/0,17920:1747647664390:,1747647681231
counter/1/0/0/0,18209:1747647664884:,1747647681231
counter/3/0/0/0,17397:1747647664543:,1747647681231
counter/2/0/0/0,20560:1747647666779:,1747647681231
counter/8/0/0/0,18600:1747647663780:,1747647681231
counter/5/0/0/0,17921:1747647664391:,1747647681231
counter/1/0/0/0,18210:1747647664884:,1747647681231
counter/3/0/0/0,17398:1747647664543:,1747647681231
counter/2/0/0/0,20561:1747647666780:,1747647681231
counter/8/0/0/0,18601:1747647663780:,1747647681231
counter/5/0/0/0,17922:1747647664394:,1747647681231
counter/1/0/0/0,18211:1747647664888:,1747647681231
counter/3/0/0/0,17399:1747647664543:,1747647681231
counter/2/0/0/0,20562:1747647666780:,1747647681231
counter/8/0/0/0,18602:1747647663787:,1747647681231
counter/5/0/0/0,17923:1747647664394:,1747647681231
counter/1/0/0/0,18212:1747647664888:,1747647681231
counter/3/0/0/0,17400:1747647664544:,1747647681231
counter/2/0/0/0,20563:1747647666780:,1747647681232
counter/8/0/0/0,18603:1747647663798:,1747647681232
counter/5/0/0/0,17924:1747647664396:,1747647681232
counter/1/0/0/0,18213:1747647664888:,1747647681232
counter/3/0/0/0,17401:1747647664544:,1747647681232
counter/2/0/0/0,20564:1747647666780:,1747647681232
counter/8/0/0/0,18604:1747647663798:,1747647681232
counter/5/0/0/0,17925:1747647664396:,1747647681232
counter/1/0/0/0,18214:1747647664888:,1747647681232
counter/3/0/0/0,17402:1747647664544:,1747647681232
counter/2/0/0/0,20565:1747647666794:,1747647681232
counter/8/0/0/0,18605:1747647663798:,1747647681232
counter/5/0/0/0,17926:1747647664397:,1747647681232
counter/3/0/0/0,17403:1747647664544:,1747647681232
counter/2/0/0/0,20566:1747647666794:,1747647681232
counter/8/0/0/0,18606:1747647663798:,1747647681232
counter/5/0/0/0,17927:1747647664397:,1747647681232
counter/6/0/0/0,16725:1747647663698:,1747647681232
counter/2/0/0/0,20567:1747647666794:,1747647681232
counter/8/0/0/0,18607:1747647663798:,1747647681232
counter/5/0/0/0,17928:1747647664397:,1747647681232
counter/6/0/0/0,16726:1747647663698:,1747647681232
counter/2/0/0/0,20568:1747647666794:,1747647681232
counter/8/0/0/0,18608:1747647663798:,1747647681232
counter/5/0/0/0,17929:1747647664397:,1747647681232
counter/6/0/0/0,16727:1747647663698:,1747647681232
counter/2/0/0/0,20569:1747647666794:,1747647681232
counter/8/0/0/0,18609:1747647663798:,1747647681232
counter/5/0/0/0,17930:1747647664397:,1747647681232
counter/6/0/0/0,16728:1747647663698:,1747647681232
counter/1/0/0/0,18215:1747647664888:,1747647681232
counter/2/0/0/0,20570:1747647666794:,1747647681232
counter/8/0/0/0,18610:1747647663798:,1747647681232
counter/5/0/0/0,17931:1747647664397:,1747647681232
counter/6/0/0/0,16729:1747647663699:,1747647681232
counter/2/0/0/0,20571:1747647666794:,1747647681232
counter/8/0/0/0,18611:1747647663798:,1747647681232
counter/5/0/0/0,17932:1747647664398:,1747647681232
counter/6/0/0/0,16730:1747647663699:,1747647681232
counter/2/0/0/0,20572:1747647666794:,1747647681232
counter/8/0/0/0,18612:1747647663798:,1747647681232
counter/5/0/0/0,17933:1747647664398:,1747647681232
counter/6/0/0/0,16731:1747647663699:,1747647681232
counter/2/0/0/0,20573:1747647666794:,1747647681232
counter/8/0/0/0,18613:1747647663798:,1747647681232
counter/5/0/0/0,17934:1747647664398:,1747647681232
counter/6/0/0/0,16732:1747647663699:,1747647681232
counter/2/0/0/0,20574:1747647666794:,1747647681232
counter/8/0/0/0,18614:1747647663798:,1747647681232
counter/5/0/0/0,17935:1747647664398:,1747647681232
counter/2/0/0/0,20575:1747647666796:,1747647681233
counter/8/0/0/0,18615:1747647663798:,1747647681233
counter/5/0/0/0,17936:1747647664398:,1747647681233
counter/2/0/0/0,20576:1747647666808:,1747647681233
counter/8/0/0/0,18616:1747647663798:,1747647681233
counter/5/0/0/0,17937:1747647664398:,1747647681233
counter/2/0/0/0,20577:1747647666808:,1747647681233
counter/8/0/0/0,18617:1747647663798:,1747647681233
counter/5/0/0/0,17938:1747647664398:,1747647681233
counter/2/0/0/0,20578:1747647666808:,1747647681233
counter/8/0/0/0,18618:1747647663798:,1747647681233
counter/5/0/0/0,17939:1747647664398:,1747647681233
counter/2/0/0/0,20579:1747647666808:,1747647681233
counter/8/0/0/0,18619:1747647663798:,1747647681233
counter/5/0/0/0,17940:1747647664398:,1747647681233
counter/2/0/0/0,20580:1747647666808:,1747647681233
counter/8/0/0/0,18620:1747647663799:,1747647681233
counter/5/0/0/0,17941:1747647664398:,1747647681233
counter/2/0/0/0,20581:1747647666808:,1747647681233
counter/8/0/0/0,18621:1747647663799:,1747647681233
counter/5/0/0/0,17942:1747647664398:,1747647681233
counter/2/0/0/0,20582:1747647666809:,1747647681233
counter/8/0/0/0,18622:1747647663799:,1747647681233
counter/5/0/0/0,17943:1747647664398:,1747647681233
counter/2/0/0/0,20583:1747647666809:,1747647681233
counter/8/0/0/0,18623:1747647663799:,1747647681233
counter/5/0/0/0,17944:1747647664398:,1747647681233
counter/2/0/0/0,20584:1747647666809:,1747647681233
counter/8/0/0/0,18624:1747647663799:,1747647681233
counter/5/0/0/0,17945:1747647664398:,1747647681233
counter/2/0/0/0,20585:1747647666809:,1747647681233
counter/8/0/0/0,18625:1747647663799:,1747647681233
counter/5/0/0/0,17946:1747647664398:,1747647681233
counter/2/0/0/0,20586:1747647666809:,1747647681233
counter/8/0/0/0,18626:1747647663799:,1747647681233
counter/5/0/0/0,17947:1747647664398:,1747647681233
counter/2/0/0/0,20587:1747647666809:,1747647681234
counter/8/0/0/0,18627:1747647663803:,1747647681234
counter/5/0/0/0,17948:1747647664398:,1747647681234
counter/2/0/0/0,20588:1747647666809:,1747647681234
counter/8/0/0/0,18628:1747647663803:,1747647681234
counter/5/0/0/0,17949:1747647664398:,1747647681234
counter/2/0/0/0,20589:1747647666809:,1747647681234
counter/8/0/0/0,18629:1747647663803:,1747647681234
counter/5/0/0/0,17950:1747647664398:,1747647681234
counter/2/0/0/0,20590:1747647666809:,1747647681234
counter/8/0/0/0,18630:1747647663803:,1747647681234
counter/5/0/0/0,17951:1747647664398:,1747647681234
counter/2/0/0/0,20591:1747647666809:,1747647681234
counter/8/0/0/0,18631:1747647663803:,1747647681234
counter/5/0/0/0,17952:1747647664398:,1747647681234
counter/2/0/0/0,20592:1747647666809:,1747647681234
counter/8/0/0/0,18632:1747647663803:,1747647681234
counter/5/0/0/0,17953:1747647664398:,1747647681234
counter/2/0/0/0,20593:1747647666819:,1747647681234
counter/8/0/0/0,18633:1747647663803:,1747647681234
counter/5/0/0/0,17954:1747647664398:,1747647681234
counter/2/0/0/0,20594:1747647666819:,1747647681234
counter/8/0/0/0,18634:1747647663803:,1747647681234
counter/5/0/0/0,17955:1747647664398:,1747647681234
counter/2/0/0/0,20595:1747647666819:,1747647681234
counter/8/0/0/0,18635:1747647663803:,1747647681234
counter/5/0/0/0,17956:1747647664398:,1747647681234
counter/2/0/0/0,20596:1747647666819:,1747647681234
counter/8/0/0/0,18636:1747647663803:,1747647681234
counter/5/0/0/0,17957:1747647664400:,1747647681234
counter/2/0/0/0,20597:1747647666819:,1747647681234
counter/8/0/0/0,18637:1747647663803:,1747647681234
counter/5/0/0/0,17958:1747647664400:,1747647681234
counter/2/0/0/0,20598:1747647666819:,1747647681234
counter/8/0/0/0,18638:1747647663803:,1747647681234
counter/5/0/0/0,17959:1747647664400:,1747647681234
counter/2/0/0/0,20599:1747647666819:,1747647681234
counter/8/0/0/0,18639:1747647663804:,1747647681234
counter/5/0/0/0,17960:1747647664400:,1747647681234
counter/2/0/0/0,20600:1747647666819:,1747647681234
counter/8/0/0/0,18640:1747647663804:,1747647681234
counter/5/0/0/0,17961:1747647664400:,1747647681234
counter/2/0/0/0,20601:1747647666819:,1747647681234
counter/8/0/0/0,18641:1747647663804:,1747647681235
counter/5/0/0/0,17962:1747647664401:,1747647681235
counter/2/0/0/0,20602:1747647666819:,1747647681235
counter/8/0/0/0,18642:1747647663804:,1747647681235
counter/5/0/0/0,17963:1747647664401:,1747647681235
counter/2/0/0/0,20603:1747647666819:,1747647681235
counter/8/0/0/0,18643:1747647663807:,1747647681235
counter/5/0/0/0,17964:1747647664401:,1747647681235
counter/2/0/0/0,20604:1747647666819:,1747647681235
counter/8/0/0/0,18644:1747647663807:,1747647681235
counter/5/0/0/0,17965:1747647664401:,1747647681235
counter/2/0/0/0,20605:1747647666819:,1747647681235
counter/8/0/0/0,18645:1747647663807:,1747647681235
counter/5/0/0/0,17966:1747647664401:,1747647681235
counter/2/0/0/0,20606:1747647666825:,1747647681235
counter/8/0/0/0,18646:1747647663807:,1747647681235
counter/5/0/0/0,17967:1747647664401:,1747647681235
counter/2/0/0/0,20607:1747647666825:,1747647681235
counter/8/0/0/0,18647:1747647663807:,1747647681235
counter/5/0/0/0,17968:1747647664401:,1747647681235
counter/2/0/0/0,20608:1747647666825:,1747647681235
counter/8/0/0/0,18648:1747647663807:,1747647681235
counter/5/0/0/0,17969:1747647664401:,1747647681235
counter/2/0/0/0,20609:1747647666825:,1747647681235
counter/8/0/0/0,18649:1747647663807:,1747647681235
counter/5/0/0/0,17970:1747647664401:,1747647681235
counter/2/0/0/0,20610:1747647666825:,1747647681235
counter/8/0/0/0,18650:1747647663807:,1747647681235
counter/5/0/0/0,17971:1747647664401:,1747647681235
counter/2/0/0/0,20611:1747647666834:,1747647681235
counter/8/0/0/0,18651:1747647663807:,1747647681235
counter/5/0/0/0,17972:1747647664401:,1747647681235
counter/2/0/0/0,20612:1747647666834:,1747647681235
counter/8/0/0/0,18652:1747647663808:,1747647681235
counter/5/0/0/0,17973:1747647664401:,1747647681235
counter/2/0/0/0,20613:1747647666834:,1747647681235
counter/8/0/0/0,18653:1747647663808:,1747647681235
counter/5/0/0/0,17974:1747647664401:,1747647681235
counter/2/0/0/0,20614:1747647666834:,1747647681235
counter/8/0/0/0,18654:1747647663808:,1747647681235
counter/5/0/0/0,17975:1747647664408:,1747647681235
counter/2/0/0/0,20615:1747647666834:,1747647681235
counter/8/0/0/0,18655:1747647663808:,1747647681235
counter/5/0/0/0,17976:1747647664408:,1747647681235
counter/2/0/0/0,20616:1747647666834:,1747647681235
counter/8/0/0/0,18656:1747647663808:,1747647681235
counter/5/0/0/0,17977:1747647664408:,1747647681235
counter/2/0/0/0,20617:1747647666834:,1747647681236
counter/8/0/0/0,18657:1747647663808:,1747647681236
counter/5/0/0/0,17978:1747647664408:,1747647681236
counter/2/0/0/0,20618:1747647666834:,1747647681236
counter/8/0/0/0,18658:1747647663808:,1747647681236
counter/5/0/0/0,17979:1747647664408:,1747647681236
counter/2/0/0/0,20619:1747647666834:,1747647681236
counter/8/0/0/0,18659:1747647663808:,1747647681236
counter/5/0/0/0,17980:1747647664408:,1747647681236
counter/2/0/0/0,20620:1747647666847:,1747647681236
counter/8/0/0/0,18660:1747647663808:,1747647681236
counter/5/0/0/0,17981:1747647664408:,1747647681236
counter/10/0/0/0,17821:1747647663503:,1747647681236
counter/2/0/0/0,20621:1747647666847:,1747647681236
counter/8/0/0/0,18661:1747647663808:,1747647681236
counter/5/0/0/0,17982:1747647664408:,1747647681236
counter/4/0/0/0,17208:1747647664868:,1747647681236
counter/2/0/0/0,20622:1747647666847:,1747647681236
counter/8/0/0/0,18662:1747647663808:,1747647681236
counter/5/0/0/0,17983:1747647664408:,1747647681236
counter/9/0/0/0,20779:1747647665514:,1747647681236
counter/2/0/0/0,20623:1747647666847:,1747647681236
counter/8/0/0/0,18663:1747647663808:,1747647681236
counter/5/0/0/0,17984:1747647664408:,1747647681236
counter/9/0/0/0,20780:1747647665514:,1747647681236
counter/7/0/0/0,16449:1747647662778:,1747647681236
counter/2/0/0/0,20624:1747647666847:,1747647681236
counter/8/0/0/0,18664:1747647663808:,1747647681236
counter/5/0/0/0,17985:1747647664408:,1747647681236
counter/9/0/0/0,20781:1747647665514:,1747647681236
counter/3/0/0/0,17404:1747647664544:,1747647681236
counter/2/0/0/0,20625:1747647666850:,1747647681236
counter/8/0/0/0,18665:1747647663808:,1747647681236
counter/5/0/0/0,17986:1747647664408:,1747647681236
counter/9/0/0/0,20782:1747647665515:,1747647681236
counter/2/0/0/0,20626:1747647666851:,1747647681236
counter/8/0/0/0,18666:1747647663808:,1747647681236
counter/5/0/0/0,17987:1747647664408:,1747647681236
counter/2/0/0/0,20627:1747647666851:,1747647681236
counter/8/0/0/0,18667:1747647663808:,1747647681236
counter/5/0/0/0,17988:1747647664408:,1747647681236
counter/4/0/0/0,17209:1747647664868:,1747647681237
counter/6/0/0/0,16733:1747647663699:,1747647681237
counter/2/0/0/0,20628:1747647666851:,1747647681237
counter/8/0/0/0,18668:1747647663808:,1747647681237
counter/5/0/0/0,17989:1747647664408:,1747647681237
counter/9/0/0/0,20783:1747647665515:,1747647681237
counter/10/0/0/0,17822:1747647663503:,1747647681237
counter/1/0/0/0,18216:1747647664888:,1747647681237
counter/2/0/0/0,20629:1747647666851:,1747647681237
counter/8/0/0/0,18669:1747647663808:,1747647681237
counter/5/0/0/0,17990:1747647664408:,1747647681237
counter/10/0/0/0,17823:1747647663503:,1747647681237
counter/2/0/0/0,20630:1747647666851:,1747647681237
counter/8/0/0/0,18670:1747647663808:,1747647681237
counter/5/0/0/0,17991:1747647664408:,1747647681237
counter/10/0/0/0,17824:1747647663503:,1747647681237
counter/2/0/0/0,20631:1747647666851:,1747647681237
counter/8/0/0/0,18671:1747647663808:,1747647681237
counter/5/0/0/0,17992:1747647664408:,1747647681237
counter/10/0/0/0,17825:1747647663503:,1747647681237
counter/2/0/0/0,20632:1747647666851:,1747647681237
counter/8/0/0/0,18672:1747647663808:,1747647681237
counter/5/0/0/0,17993:1747647664408:,1747647681237
counter/10/0/0/0,17826:1747647663503:,1747647681237
counter/2/0/0/0,20633:1747647666851:,1747647681237
counter/8/0/0/0,18673:1747647663808:,1747647681237
counter/5/0/0/0,17994:1747647664408:,1747647681237
counter/10/0/0/0,17827:1747647663503:,1747647681237
counter/2/0/0/0,20634:1747647666851:,1747647681237
counter/8/0/0/0,18674:1747647663808:,1747647681237
counter/5/0/0/0,17995:1747647664408:,1747647681237
counter/10/0/0/0,17828:1747647663503:,1747647681237
counter/2/0/0/0,20635:1747647666851:,1747647681237
counter/8/0/0/0,18675:1747647663808:,1747647681237
counter/5/0/0/0,17996:1747647664408:,1747647681237
counter/10/0/0/0,17829:1747647663503:,1747647681237
counter/2/0/0/0,20636:1747647666851:,1747647681237
counter/8/0/0/0,18676:1747647663814:,1747647681237
counter/5/0/0/0,17997:1747647664417:,1747647681237
counter/10/0/0/0,17830:1747647663503:,1747647681237
counter/2/0/0/0,20637:1747647666851:,1747647681237
counter/8/0/0/0,18677:1747647663814:,1747647681237
counter/5/0/0/0,17998:1747647664434:,1747647681237
counter/10/0/0/0,17831:1747647663503:,1747647681237
counter/2/0/0/0,20638:1747647666851:,1747647681237
counter/8/0/0/0,18678:1747647663814:,1747647681237
counter/5/0/0/0,17999:1747647664434:,1747647681237
counter/10/0/0/0,17832:1747647663503:,1747647681238
counter/2/0/0/0,20639:1747647666854:,1747647681238
counter/8/0/0/0,18679:1747647663814:,1747647681238
counter/5/0/0/0,18000:1747647664434:,1747647681238
counter/10/0/0/0,17833:1747647663503:,1747647681238
counter/2/0/0/0,20640:1747647666855:,1747647681238
counter/8/0/0/0,18680:1747647663814:,1747647681238
counter/5/0/0/0,18001:1747647664434:,1747647681238
counter/10/0/0/0,17834:1747647663503:,1747647681238
counter/2/0/0/0,20641:1747647666855:,1747647681238
counter/8/0/0/0,18681:1747647663814:,1747647681238
counter/5/0/0/0,18002:1747647664434:,1747647681238
counter/10/0/0/0,17835:1747647663503:,1747647681238
counter/2/0/0/0,20642:1747647666855:,1747647681238
counter/8/0/0/0,18682:1747647663814:,1747647681238
counter/5/0/0/0,18003:1747647664434:,1747647681238
counter/10/0/0/0,17836:1747647663509:,1747647681238
counter/2/0/0/0,20643:1747647666855:,1747647681238
counter/8/0/0/0,18683:1747647663814:,1747647681238
counter/5/0/0/0,18004:1747647664434:,1747647681238
counter/10/0/0/0,17837:1747647663509:,1747647681238
counter/2/0/0/0,20644:1747647666855:,1747647681238
counter/8/0/0/0,18684:1747647663814:,1747647681238
counter/5/0/0/0,18005:1747647664434:,1747647681238
counter/10/0/0/0,17838:1747647663509:,1747647681238
counter/2/0/0/0,20645:1747647666855:,1747647681238
counter/8/0/0/0,18685:1747647663814:,1747647681238
counter/5/0/0/0,18006:1747647664434:,1747647681238
counter/10/0/0/0,17839:1747647663509:,1747647681238
counter/2/0/0/0,20646:1747647666855:,1747647681238
counter/8/0/0/0,18686:1747647663814:,1747647681238
counter/5/0/0/0,18007:1747647664434:,1747647681238
counter/10/0/0/0,17840:1747647663509:,1747647681238
counter/2/0/0/0,20647:1747647666855:,1747647681238
counter/8/0/0/0,18687:1747647663814:,1747647681238
counter/5/0/0/0,18008:1747647664434:,1747647681238
counter/10/0/0/0,17841:1747647663509:,1747647681238
counter/2/0/0/0,20648:1747647666856:,1747647681238
counter/8/0/0/0,18688:1747647663818:,1747647681239
counter/5/0/0/0,18009:1747647664437:,1747647681239
counter/10/0/0/0,17842:1747647663509:,1747647681239
counter/2/0/0/0,20649:1747647666856:,1747647681239
counter/8/0/0/0,18689:1747647663818:,1747647681239
counter/5/0/0/0,18010:1747647664437:,1747647681239
counter/10/0/0/0,17843:1747647663509:,1747647681239
counter/3/0/0/0,17405:1747647664544:,1747647681239
counter/2/0/0/0,20650:1747647666856:,1747647681239
counter/8/0/0/0,18690:1747647663818:,1747647681239
counter/5/0/0/0,18011:1747647664437:,1747647681239
counter/10/0/0/0,17844:1747647663509:,1747647681239
counter/2/0/0/0,20651:1747647666856:,1747647681239
counter/8/0/0/0,18691:1747647663818:,1747647681239
counter/5/0/0/0,18012:1747647664437:,1747647681239
counter/10/0/0/0,17845:1747647663509:,1747647681239
counter/2/0/0/0,20652:1747647666856:,1747647681239
counter/8/0/0/0,18692:1747647663818:,1747647681239
counter/5/0/0/0,18013:1747647664437:,1747647681239
counter/10/0/0/0,17846:1747647663509:,1747647681239
counter/4/0/0/0,17210:1747647664868:,1747647681239
counter/2/0/0/0,20653:1747647666858:,1747647681239
counter/8/0/0/0,18693:1747647663818:,1747647681239
counter/5/0/0/0,18014:1747647664437:,1747647681239
counter/10/0/0/0,17847:1747647663509:,1747647681239
counter/6/0/0/0,16734:1747647663699:,1747647681239
counter/9/0/0/0,20784:1747647665515:,1747647681239
counter/2/0/0/0,20654:1747647666858:,1747647681239
counter/8/0/0/0,18694:1747647663818:,1747647681239
counter/5/0/0/0,18015:1747647664437:,1747647681239
counter/10/0/0/0,17848:1747647663509:,1747647681239
counter/9/0/0/0,20785:1747647665515:,1747647681239
counter/2/0/0/0,20655:1747647666858:,1747647681239
counter/8/0/0/0,18695:1747647663818:,1747647681239
counter/5/0/0/0,18016:1747647664437:,1747647681239
counter/10/0/0/0,17849:1747647663509:,1747647681239
counter/9/0/0/0,20786:1747647665515:,1747647681239
counter/2/0/0/0,20656:1747647666858:,1747647681239
counter/8/0/0/0,18696:1747647663818:,1747647681239
counter/5/0/0/0,18017:1747647664438:,1747647681239
counter/10/0/0/0,17850:1747647663509:,1747647681239
counter/9/0/0/0,20787:1747647665515:,1747647681239
counter/2/0/0/0,20657:1747647666858:,1747647681239
counter/8/0/0/0,18697:1747647663818:,1747647681240
counter/5/0/0/0,18018:1747647664438:,1747647681240
counter/10/0/0/0,17851:1747647663509:,1747647681240
counter/9/0/0/0,20788:1747647665515:,1747647681240
counter/2/0/0/0,20658:1747647666858:,1747647681240
counter/8/0/0/0,18698:1747647663818:,1747647681240
counter/5/0/0/0,18019:1747647664438:,1747647681240
counter/10/0/0/0,17852:1747647663509:,1747647681240
counter/9/0/0/0,20789:1747647665515:,1747647681240
counter/2/0/0/0,20659:1747647666858:,1747647681240
counter/8/0/0/0,18699:1747647663818:,1747647681240
counter/5/0/0/0,18020:1747647664438:,1747647681240
counter/10/0/0/0,17853:1747647663509:,1747647681240
counter/9/0/0/0,20790:1747647665515:,1747647681240
counter/2/0/0/0,20660:1747647666858:,1747647681240
counter/8/0/0/0,18700:1747647663818:,1747647681240
counter/5/0/0/0,18021:1747647664462:,1747647681240
counter/10/0/0/0,17854:1747647663512:,1747647681240
counter/9/0/0/0,20791:1747647665515:,1747647681240
counter/2/0/0/0,20661:1747647666858:,1747647681240
counter/8/0/0/0,18701:1747647663818:,1747647681240
counter/5/0/0/0,18022:1747647664462:,1747647681240
counter/10/0/0/0,17855:1747647663512:,1747647681240
counter/9/0/0/0,20792:1747647665515:,1747647681240
counter/6/0/0/0,16735:1747647663699:,1747647681240
counter/2/0/0/0,20662:1747647666858:,1747647681240
counter/8/0/0/0,18702:1747647663818:,1747647681240
counter/5/0/0/0,18023:1747647664462:,1747647681240
counter/10/0/0/0,17856:1747647663512:,1747647681240
counter/9/0/0/0,20793:1747647665515:,1747647681240
counter/1/0/0/0,18217:1747647664888:,1747647681240
counter/7/0/0/0,16450:1747647662792:,1747647681240
counter/2/0/0/0,20663:1747647666858:,1747647681240
counter/8/0/0/0,18703:1747647663818:,1747647681240
counter/5/0/0/0,18024:1747647664462:,1747647681240
counter/10/0/0/0,17857:1747647663512:,1747647681240
counter/9/0/0/0,20794:1747647665515:,1747647681240
counter/2/0/0/0,20664:1747647666859:,1747647681240
counter/8/0/0/0,18704:1747647663818:,1747647681240
counter/5/0/0/0,18025:1747647664462:,1747647681241
counter/10/0/0/0,17858:1747647663512:,1747647681241
counter/9/0/0/0,20795:1747647665515:,1747647681241
counter/1/0/0/0,18218:1747647664890:,1747647681241
counter/2/0/0/0,20665:1747647666864:,1747647681241
counter/8/0/0/0,18705:1747647663818:,1747647681241
counter/5/0/0/0,18026:1747647664462:,1747647681241
counter/10/0/0/0,17859:1747647663512:,1747647681241
counter/9/0/0/0,20796:1747647665515:,1747647681241
counter/1/0/0/0,18219:1747647664890:,1747647681241
counter/2/0/0/0,20666:1747647666864:,1747647681241
counter/8/0/0/0,18706:1747647663818:,1747647681241
counter/5/0/0/0,18027:1747647664462:,1747647681241
counter/10/0/0/0,17860:1747647663512:,1747647681241
counter/9/0/0/0,20797:1747647665515:,1747647681241
counter/1/0/0/0,18220:1747647664890:,1747647681241
counter/2/0/0/0,20667:1747647666864:,1747647681241
counter/8/0/0/0,18707:1747647663818:,1747647681241
counter/5/0/0/0,18028:1747647664462:,1747647681241
counter/10/0/0/0,17861:1747647663512:,1747647681241
counter/9/0/0/0,20798:1747647665518:,1747647681241
counter/1/0/0/0,18221:1747647664892:,1747647681241
counter/2/0/0/0,20668:1747647666864:,1747647681241
counter/8/0/0/0,18708:1747647663818:,1747647681241
counter/5/0/0/0,18029:1747647664462:,1747647681241
counter/10/0/0/0,17862:1747647663512:,1747647681241
counter/9/0/0/0,20799:1747647665518:,1747647681241
counter/1/0/0/0,18222:1747647664892:,1747647681241
counter/8/0/0/0,18709:1747647663819:,1747647681241
counter/5/0/0/0,18030:1747647664462:,1747647681241
counter/10/0/0/0,17863:1747647663512:,1747647681241
counter/9/0/0/0,20800:1747647665518:,1747647681241
counter/1/0/0/0,18223:1747647664892:,1747647681241
counter/8/0/0/0,18710:1747647663819:,1747647681241
counter/5/0/0/0,18031:1747647664463:,1747647681241
counter/10/0/0/0,17864:1747647663512:,1747647681241
counter/9/0/0/0,20801:1747647665518:,1747647681241
counter/1/0/0/0,18224:1747647664892:,1747647681241
counter/8/0/0/0,18711:1747647663819:,1747647681241
counter/5/0/0/0,18032:1747647664463:,1747647681241
counter/10/0/0/0,17865:1747647663512:,1747647681242
counter/9/0/0/0,20802:1747647665518:,1747647681242
counter/1/0/0/0,18225:1747647664892:,1747647681242
counter/8/0/0/0,18712:1747647663819:,1747647681242
counter/5/0/0/0,18033:1747647664463:,1747647681242
counter/10/0/0/0,17866:1747647663512:,1747647681242
counter/9/0/0/0,20803:1747647665518:,1747647681242
counter/1/0/0/0,18226:1747647664892:,1747647681242
counter/2/0/0/0,20669:1747647666864:,1747647681242
counter/3/0/0/0,17406:1747647664547:,1747647681242
counter/8/0/0/0,18713:1747647663819:,1747647681242
counter/5/0/0/0,18034:1747647664463:,1747647681242
counter/10/0/0/0,17867:1747647663519:,1747647681242
counter/9/0/0/0,20804:1747647665518:,1747647681242
counter/1/0/0/0,18227:1747647664892:,1747647681242
counter/8/0/0/0,18714:1747647663819:,1747647681242
counter/5/0/0/0,18035:1747647664463:,1747647681242
counter/10/0/0/0,17868:1747647663527:,1747647681242
counter/9/0/0/0,20805:1747647665518:,1747647681242
counter/1/0/0/0,18228:1747647664893:,1747647681242
counter/8/0/0/0,18715:1747647663819:,1747647681242
counter/5/0/0/0,18036:1747647664463:,1747647681242
counter/10/0/0/0,17869:1747647663583:,1747647681242
counter/9/0/0/0,20806:1747647665518:,1747647681242
counter/1/0/0/0,18229:1747647664893:,1747647681242
counter/8/0/0/0,18716:1747647663819:,1747647681242
counter/5/0/0/0,18037:1747647664463:,1747647681242
counter/10/0/0/0,17870:1747647663583:,1747647681242
counter/9/0/0/0,20807:1747647665518:,1747647681242
counter/1/0/0/0,18230:1747647664893:,1747647681242
counter/8/0/0/0,18717:1747647663819:,1747647681242
counter/5/0/0/0,18038:1747647664471:,1747647681242
counter/10/0/0/0,17871:1747647663587:,1747647681242
counter/9/0/0/0,20808:1747647665518:,1747647681242
counter/1/0/0/0,18231:1747647664893:,1747647681242
counter/8/0/0/0,18718:1747647663819:,1747647681242
counter/5/0/0/0,18039:1747647664471:,1747647681242
counter/10/0/0/0,17872:1747647663587:,1747647681242
counter/9/0/0/0,20809:1747647665518:,1747647681242
counter/1/0/0/0,18232:1747647664893:,1747647681242
counter/8/0/0/0,18719:1747647663819:,1747647681242
counter/5/0/0/0,18040:1747647664471:,1747647681242
counter/10/0/0/0,17873:1747647663587:,1747647681242
counter/9/0/0/0,20810:1747647665519:,1747647681242
counter/1/0/0/0,18233:1747647664893:,1747647681243
counter/8/0/0/0,18720:1747647663819:,1747647681243
counter/5/0/0/0,18041:1747647664471:,1747647681243
counter/10/0/0/0,17874:1747647663587:,1747647681243
counter/9/0/0/0,20811:1747647665519:,1747647681243
counter/1/0/0/0,18234:1747647664893:,1747647681243
counter/8/0/0/0,18721:1747647663819:,1747647681243
counter/5/0/0/0,18042:1747647664471:,1747647681243
counter/10/0/0/0,17875:1747647663587:,1747647681243
counter/9/0/0/0,20812:1747647665519:,1747647681243
counter/1/0/0/0,18235:1747647664897:,1747647681243
counter/4/0/0/0,17211:1747647664868:,1747647681243
counter/2/0/0/0,20670:1747647666864:,1747647681243
counter/8/0/0/0,18722:1747647663819:,1747647681243
counter/5/0/0/0,18043:1747647664471:,1747647681243
counter/10/0/0/0,17876:1747647663587:,1747647681243
counter/9/0/0/0,20813:1747647665519:,1747647681243
counter/1/0/0/0,18236:1747647664897:,1747647681243
counter/2/0/0/0,20671:1747647666864:,1747647681243
counter/6/0/0/0,16736:1747647663704:,1747647681243
counter/8/0/0/0,18723:1747647663819:,1747647681243
counter/5/0/0/0,18044:1747647664471:,1747647681243
counter/10/0/0/0,17877:1747647663587:,1747647681243
counter/9/0/0/0,20814:1747647665519:,1747647681243
counter/1/0/0/0,18237:1747647664897:,1747647681243
counter/2/0/0/0,20672:1747647666864:,1747647681243
counter/8/0/0/0,18724:1747647663819:,1747647681243
counter/5/0/0/0,18045:1747647664471:,1747647681243
counter/10/0/0/0,17878:1747647663587:,1747647681243
counter/9/0/0/0,20815:1747647665519:,1747647681243
counter/1/0/0/0,18238:1747647664897:,1747647681243
counter/8/0/0/0,18725:1747647663819:,1747647681243
counter/5/0/0/0,18046:1747647664471:,1747647681243
counter/10/0/0/0,17879:1747647663587:,1747647681243
counter/9/0/0/0,20816:1747647665519:,1747647681243
counter/1/0/0/0,18239:1747647664897:,1747647681243
counter/8/0/0/0,18726:1747647663819:,1747647681243
counter/5/0/0/0,18047:1747647664471:,1747647681243
counter/10/0/0/0,17880:1747647663587:,1747647681243
counter/9/0/0/0,20817:1747647665520:,1747647681243
counter/1/0/0/0,18240:1747647664897:,1747647681243
counter/8/0/0/0,18727:1747647663821:,1747647681243
counter/5/0/0/0,18048:1747647664471:,1747647681243
counter/10/0/0/0,17881:1747647663587:,1747647681243
counter/9/0/0/0,20818:1747647665520:,1747647681244
counter/1/0/0/0,18241:1747647664902:,1747647681244
counter/8/0/0/0,18728:1747647663821:,1747647681244
counter/5/0/0/0,18049:1747647664471:,1747647681244
counter/10/0/0/0,17882:1747647663587:,1747647681244
counter/9/0/0/0,20819:1747647665520:,1747647681244
counter/1/0/0/0,18242:1747647664902:,1747647681244
counter/8/0/0/0,18729:1747647663821:,1747647681244
counter/5/0/0/0,18050:1747647664471:,1747647681244
counter/10/0/0/0,17883:1747647663587:,1747647681244
counter/9/0/0/0,20820:1747647665520:,1747647681244
counter/1/0/0/0,18243:1747647664902:,1747647681244
counter/8/0/0/0,18730:1747647663821:,1747647681244
counter/5/0/0/0,18051:1747647664471:,1747647681244
counter/10/0/0/0,17884:1747647663587:,1747647681244
counter/9/0/0/0,20821:1747647665520:,1747647681244
counter/1/0/0/0,18244:1747647664902:,1747647681244
counter/8/0/0/0,18731:1747647663821:,1747647681244
counter/5/0/0/0,18052:1747647664471:,1747647681244
counter/10/0/0/0,17885:1747647663587:,1747647681244
counter/9/0/0/0,20822:1747647665520:,1747647681244
counter/1/0/0/0,18245:1747647664902:,1747647681244
counter/8/0/0/0,18732:1747647663821:,1747647681244
counter/5/0/0/0,18053:1747647664471:,1747647681244
counter/10/0/0/0,17886:1747647663588:,1747647681244
counter/9/0/0/0,20823:1747647665520:,1747647681244
counter/1/0/0/0,18246:1747647664902:,1747647681244
counter/8/0/0/0,18733:1747647663821:,1747647681244
counter/5/0/0/0,18054:1747647664471:,1747647681244
counter/10/0/0/0,17887:1747647663588:,1747647681244
counter/1/0/0/0,18247:1747647664902:,1747647681244
counter/8/0/0/0,18734:1747647663821:,1747647681244
counter/5/0/0/0,18055:1747647664471:,1747647681244
counter/10/0/0/0,17888:1747647663588:,1747647681244
counter/1/0/0/0,18248:1747647664902:,1747647681244
counter/8/0/0/0,18735:1747647663821:,1747647681244
counter/5/0/0/0,18056:1747647664497:,1747647681244
counter/10/0/0/0,17889:1747647663590:,1747647681244
counter/1/0/0/0,18249:1747647664902:,1747647681244
counter/8/0/0/0,18736:1747647663821:,1747647681245
counter/5/0/0/0,18057:1747647664497:,1747647681245
counter/10/0/0/0,17890:1747647663590:,1747647681245
counter/1/0/0/0,18250:1747647664915:,1747647681245
counter/8/0/0/0,18737:1747647663821:,1747647681245
counter/5/0/0/0,18058:1747647664497:,1747647681245
counter/10/0/0/0,17891:1747647663590:,1747647681245
counter/1/0/0/0,18251:1747647664915:,1747647681245
counter/4/0/0/0,17212:1747647664868:,1747647681245
counter/8/0/0/0,18738:1747647663821:,1747647681245
counter/5/0/0/0,18059:1747647664497:,1747647681245
counter/10/0/0/0,17892:1747647663590:,1747647681245
counter/1/0/0/0,18252:1747647664915:,1747647681245
counter/3/0/0/0,17407:1747647664547:,1747647681245
counter/8/0/0/0,18739:1747647663821:,1747647681245
counter/5/0/0/0,18060:1747647664504:,1747647681245
counter/10/0/0/0,17893:1747647663590:,1747647681245
counter/1/0/0/0,18253:1747647664915:,1747647681245
counter/8/0/0/0,18740:1747647663821:,1747647681245
counter/5/0/0/0,18061:1747647664504:,1747647681245
counter/10/0/0/0,17894:1747647663590:,1747647681245
counter/1/0/0/0,18254:1747647664915:,1747647681245
counter/8/0/0/0,18741:1747647663821:,1747647681245
counter/5/0/0/0,18062:1747647664504:,1747647681245
counter/10/0/0/0,17895:1747647663590:,1747647681245
counter/1/0/0/0,18255:1747647664920:,1747647681245
counter/8/0/0/0,18742:1747647663821:,1747647681245
counter/5/0/0/0,18063:1747647664504:,1747647681245
counter/10/0/0/0,17896:1747647663590:,1747647681245
counter/1/0/0/0,18256:1747647664920:,1747647681245
counter/8/0/0/0,18743:1747647663821:,1747647681245
counter/5/0/0/0,18064:1747647664504:,1747647681245
counter/10/0/0/0,17897:1747647663590:,1747647681245
counter/1/0/0/0,18257:1747647664920:,1747647681245
counter/8/0/0/0,18744:1747647663822:,1747647681245
counter/5/0/0/0,18065:1747647664504:,1747647681245
counter/10/0/0/0,17898:1747647663590:,1747647681245
counter/1/0/0/0,18258:1747647664920:,1747647681245
counter/9/0/0/0,20824:1747647665520:,1747647681245
counter/8/0/0/0,18745:1747647663826:,1747647681245
counter/5/0/0/0,18066:1747647664504:,1747647681245
counter/10/0/0/0,17899:1747647663590:,1747647681245
counter/1/0/0/0,18259:1747647664920:,1747647681245
counter/8/0/0/0,18746:1747647663826:,1747647681246
counter/5/0/0/0,18067:1747647664504:,1747647681246
counter/10/0/0/0,17900:1747647663590:,1747647681246
counter/1/0/0/0,18260:1747647664920:,1747647681246
counter/6/0/0/0,16737:1747647663704:,1747647681246
counter/8/0/0/0,18747:1747647663826:,1747647681246
counter/5/0/0/0,18068:1747647664505:,1747647681246
counter/10/0/0/0,17901:1747647663590:,1747647681246
counter/1/0/0/0,18261:1747647664920:,1747647681246
counter/8/0/0/0,18748:1747647663826:,1747647681246
counter/5/0/0/0,18069:1747647664505:,1747647681246
counter/10/0/0/0,17902:1747647663590:,1747647681246
counter/1/0/0/0,18262:1747647664923:,1747647681246
counter/8/0/0/0,18749:1747647663826:,1747647681246
counter/5/0/0/0,18070:1747647664505:,1747647681246
counter/10/0/0/0,17903:1747647663591:,1747647681246
counter/1/0/0/0,18263:1747647664923:,1747647681246
counter/8/0/0/0,18750:1747647663826:,1747647681246
counter/5/0/0/0,18071:1747647664505:,1747647681246
counter/10/0/0/0,17904:1747647663591:,1747647681246
counter/1/0/0/0,18264:1747647664923:,1747647681246
counter/8/0/0/0,18751:1747647663826:,1747647681246
counter/5/0/0/0,18072:1747647664505:,1747647681246
counter/10/0/0/0,17905:1747647663592:,1747647681246
counter/1/0/0/0,18265:1747647664923:,1747647681246
counter/8/0/0/0,18752:1747647663826:,1747647681246
counter/5/0/0/0,18073:1747647664505:,1747647681246
counter/10/0/0/0,17906:1747647663594:,1747647681246
counter/1/0/0/0,18266:1747647664923:,1747647681246
counter/8/0/0/0,18753:1747647663826:,1747647681246
counter/5/0/0/0,18074:1747647664505:,1747647681246
counter/10/0/0/0,17907:1747647663599:,1747647681246
counter/1/0/0/0,18267:1747647664923:,1747647681246
counter/8/0/0/0,18754:1747647663826:,1747647681246
counter/5/0/0/0,18075:1747647664505:,1747647681246
counter/10/0/0/0,17908:1747647663599:,1747647681246
counter/1/0/0/0,18268:1747647664937:,1747647681246
counter/8/0/0/0,18755:1747647663826:,1747647681246
counter/5/0/0/0,18076:1747647664505:,1747647681247
counter/10/0/0/0,17909:1747647663599:,1747647681247
counter/1/0/0/0,18269:1747647664937:,1747647681247
counter/8/0/0/0,18756:1747647663826:,1747647681247
counter/5/0/0/0,18077:1747647664505:,1747647681247
counter/10/0/0/0,17910:1747647663599:,1747647681247
counter/1/0/0/0,18270:1747647664937:,1747647681247
counter/8/0/0/0,18757:1747647663826:,1747647681247
counter/5/0/0/0,18078:1747647664513:,1747647681247
counter/10/0/0/0,17911:1747647663599:,1747647681247
counter/1/0/0/0,18271:1747647664937:,1747647681247
counter/8/0/0/0,18758:1747647663826:,1747647681247
counter/5/0/0/0,18079:1747647664513:,1747647681247
counter/10/0/0/0,17912:1747647663599:,1747647681247
counter/1/0/0/0,18272:1747647664937:,1747647681247
counter/8/0/0/0,18759:1747647663826:,1747647681247
counter/5/0/0/0,18080:1747647664513:,1747647681247
counter/10/0/0/0,17913:1747647663601:,1747647681247
counter/1/0/0/0,18273:1747647664937:,1747647681247
counter/8/0/0/0,18760:1747647663826:,1747647681247
counter/5/0/0/0,18081:1747647664513:,1747647681247
counter/10/0/0/0,17914:1747647663601:,1747647681247
counter/1/0/0/0,18274:1747647664937:,1747647681247
counter/8/0/0/0,18761:1747647663826:,1747647681247
counter/5/0/0/0,18082:1747647664513:,1747647681247
counter/10/0/0/0,17915:1747647663601:,1747647681247
counter/1/0/0/0,18275:1747647664937:,1747647681247
counter/8/0/0/0,18762:1747647663826:,1747647681247
counter/5/0/0/0,18083:1747647664513:,1747647681247
counter/10/0/0/0,17916:1747647663601:,1747647681247
counter/1/0/0/0,18276:1747647664937:,1747647681247
counter/8/0/0/0,18763:1747647663828:,1747647681247
counter/5/0/0/0,18084:1747647664513:,1747647681247
counter/10/0/0/0,17917:1747647663601:,1747647681247
counter/1/0/0/0,18277:1747647664937:,1747647681247
counter/8/0/0/0,18764:1747647663828:,1747647681247
counter/5/0/0/0,18085:1747647664513:,1747647681247
counter/10/0/0/0,17918:1747647663601:,1747647681247
counter/1/0/0/0,18278:1747647664937:,1747647681247
counter/8/0/0/0,18765:1747647663829:,1747647681247
counter/5/0/0/0,18086:1747647664513:,1747647681247
counter/10/0/0/0,17919:1747647663601:,1747647681247
counter/1/0/0/0,18279:1747647664937:,1747647681248
counter/8/0/0/0,18766:1747647663829:,1747647681248
counter/5/0/0/0,18087:1747647664513:,1747647681248
counter/10/0/0/0,17920:1747647663601:,1747647681248
counter/1/0/0/0,18280:1747647664937:,1747647681248
counter/8/0/0/0,18767:1747647663830:,1747647681248
counter/5/0/0/0,18088:1747647664513:,1747647681248
counter/10/0/0/0,17921:1747647663602:,1747647681248
counter/1/0/0/0,18281:1747647664937:,1747647681248
counter/8/0/0/0,18768:1747647663830:,1747647681248
counter/5/0/0/0,18089:1747647664513:,1747647681248
counter/10/0/0/0,17922:1747647663602:,1747647681248
counter/1/0/0/0,18282:1747647664959:,1747647681248
counter/8/0/0/0,18769:1747647663830:,1747647681248
counter/5/0/0/0,18090:1747647664513:,1747647681248
counter/10/0/0/0,17923:1747647663602:,1747647681248
counter/1/0/0/0,18283:1747647664960:,1747647681248
counter/8/0/0/0,18770:1747647663830:,1747647681248
counter/5/0/0/0,18091:1747647664513:,1747647681248
counter/10/0/0/0,17924:1747647663602:,1747647681248
counter/1/0/0/0,18284:1747647664960:,1747647681248
counter/8/0/0/0,18771:1747647663830:,1747647681248
counter/5/0/0/0,18092:1747647664514:,1747647681248
counter/10/0/0/0,17925:1747647663602:,1747647681248
counter/1/0/0/0,18285:1747647664960:,1747647681248
counter/8/0/0/0,18772:1747647663830:,1747647681248
counter/5/0/0/0,18093:1747647664514:,1747647681248
counter/10/0/0/0,17926:1747647663602:,1747647681248
counter/1/0/0/0,18286:1747647664960:,1747647681248
counter/8/0/0/0,18773:1747647663830:,1747647681248
counter/5/0/0/0,18094:1747647664514:,1747647681248
counter/10/0/0/0,17927:1747647663602:,1747647681248
counter/1/0/0/0,18287:1747647664962:,1747647681248
counter/8/0/0/0,18774:1747647663830:,1747647681248
counter/5/0/0/0,18095:1747647664514:,1747647681248
counter/10/0/0/0,17928:1747647663602:,1747647681248
counter/1/0/0/0,18288:1747647664962:,1747647681248
counter/8/0/0/0,18775:1747647663830:,1747647681248
counter/5/0/0/0,18096:1747647664517:,1747647681248
counter/10/0/0/0,17929:1747647663602:,1747647681248
counter/1/0/0/0,18289:1747647664962:,1747647681248
counter/8/0/0/0,18776:1747647663830:,1747647681248
counter/5/0/0/0,18097:1747647664517:,1747647681248
counter/10/0/0/0,17930:1747647663602:,1747647681248
counter/1/0/0/0,18290:1747647664962:,1747647681248
counter/8/0/0/0,18777:1747647663830:,1747647681248
counter/5/0/0/0,18098:1747647664517:,1747647681248
counter/10/0/0/0,17931:1747647663602:,1747647681248
counter/1/0/0/0,18291:1747647664962:,1747647681248
counter/8/0/0/0,18778:1747647663830:,1747647681248
counter/5/0/0/0,18099:1747647664517:,1747647681249
counter/10/0/0/0,17932:1747647663602:,1747647681249
counter/1/0/0/0,18292:1747647664962:,1747647681249
counter/8/0/0/0,18779:1747647663830:,1747647681249
counter/5/0/0/0,18100:1747647664517:,1747647681249
counter/10/0/0/0,17933:1747647663614:,1747647681249
counter/1/0/0/0,18293:1747647664973:,1747647681249
counter/8/0/0/0,18780:1747647663830:,1747647681249
counter/5/0/0/0,18101:1747647664517:,1747647681249
counter/10/0/0/0,17934:1747647663614:,1747647681249
counter/1/0/0/0,18294:1747647664973:,1747647681249
counter/8/0/0/0,18781:1747647663830:,1747647681249
counter/5/0/0/0,18102:1747647664517:,1747647681249
counter/10/0/0/0,17935:1747647663614:,1747647681249
counter/1/0/0/0,18295:1747647664973:,1747647681249
counter/8/0/0/0,18782:1747647663830:,1747647681249
counter/5/0/0/0,18103:1747647664517:,1747647681249
counter/10/0/0/0,17936:1747647663614:,1747647681249
counter/1/0/0/0,18296:1747647664973:,1747647681249
counter/8/0/0/0,18783:1747647663830:,1747647681249
counter/5/0/0/0,18104:1747647664517:,1747647681249
counter/10/0/0/0,17937:1747647663614:,1747647681249
counter/1/0/0/0,18297:1747647664973:,1747647681249
counter/8/0/0/0,18784:1747647663830:,1747647681249
counter/5/0/0/0,18105:1747647664518:,1747647681249
counter/10/0/0/0,17938:1747647663614:,1747647681249
counter/1/0/0/0,18298:1747647664973:,1747647681249
counter/8/0/0/0,18785:1747647663830:,1747647681249
counter/5/0/0/0,18106:1747647664518:,1747647681249
counter/10/0/0/0,17939:1747647663625:,1747647681249
counter/1/0/0/0,18299:1747647664973:,1747647681249
counter/8/0/0/0,18786:1747647663830:,1747647681249
counter/5/0/0/0,18107:1747647664518:,1747647681249
counter/10/0/0/0,17940:1747647663625:,1747647681249
counter/1/0/0/0,18300:1747647664973:,1747647681249
counter/8/0/0/0,18787:1747647663830:,1747647681249
counter/5/0/0/0,18108:1747647664518:,1747647681249
counter/10/0/0/0,17941:1747647663625:,1747647681249
counter/1/0/0/0,18301:1747647664973:,1747647681249
counter/8/0/0/0,18788:1747647663830:,1747647681249
counter/5/0/0/0,18109:1747647664518:,1747647681249
counter/10/0/0/0,17942:1747647663626:,1747647681249
counter/1/0/0/0,18302:1747647664973:,1747647681249
counter/8/0/0/0,18789:1747647663830:,1747647681250
counter/5/0/0/0,18110:1747647664530:,1747647681250
counter/10/0/0/0,17943:1747647663626:,1747647681250
counter/1/0/0/0,18303:1747647664973:,1747647681250
counter/8/0/0/0,18790:1747647663831:,1747647681250
counter/5/0/0/0,18111:1747647664531:,1747647681250
counter/10/0/0/0,17944:1747647663626:,1747647681250
counter/1/0/0/0,18304:1747647664973:,1747647681250
counter/8/0/0/0,18791:1747647663831:,1747647681250
counter/5/0/0/0,18112:1747647664531:,1747647681250
counter/10/0/0/0,17945:1747647663626:,1747647681250
counter/1/0/0/0,18305:1747647664973:,1747647681250
counter/8/0/0/0,18792:1747647663831:,1747647681250
counter/5/0/0/0,18113:1747647664531:,1747647681250
counter/10/0/0/0,17946:1747647663626:,1747647681250
counter/1/0/0/0,18306:1747647664975:,1747647681250
counter/4/0/0/0,17213:1747647664868:,1747647681250
counter/5/0/0/0,18114:1747647664531:,1747647681250
counter/10/0/0/0,17947:1747647663626:,1747647681250
counter/1/0/0/0,18307:1747647664975:,1747647681250
counter/6/0/0/0,16738:1747647663717:,1747647681250
counter/9/0/0/0,20825:1747647665520:,1747647681250
counter/7/0/0/0,16451:1747647662792:,1747647681250
counter/5/0/0/0,18115:1747647664531:,1747647681250
counter/10/0/0/0,17948:1747647663626:,1747647681250
counter/1/0/0/0,18308:1747647664975:,1747647681250
counter/3/0/0/0,17408:1747647664547:,1747647681250
counter/2/0/0/0,20673:1747647666864:,1747647681250
counter/5/0/0/0,18116:1747647664531:,1747647681250
counter/10/0/0/0,17949:1747647663626:,1747647681250
counter/1/0/0/0,18309:1747647664975:,1747647681250
counter/8/0/0/0,18793:1747647663831:,1747647681250
counter/6/0/0/0,16739:1747647663717:,1747647681250
counter/5/0/0/0,18117:1747647664531:,1747647681250
counter/10/0/0/0,17950:1747647663626:,1747647681250
counter/1/0/0/0,18310:1747647664975:,1747647681250
counter/5/0/0/0,18118:1747647664531:,1747647681251
counter/10/0/0/0,17951:1747647663629:,1747647681251
counter/1/0/0/0,18311:1747647664975:,1747647681251
counter/4/0/0/0,17214:1747647664868:,1747647681251
counter/5/0/0/0,18119:1747647664531:,1747647681251
counter/10/0/0/0,17952:1747647663629:,1747647681251
counter/1/0/0/0,18312:1747647664975:,1747647681251
counter/4/0/0/0,17215:1747647664868:,1747647681251
counter/5/0/0/0,18120:1747647664531:,1747647681251
counter/10/0/0/0,17953:1747647663630:,1747647681251
counter/1/0/0/0,18313:1747647664977:,1747647681251
counter/4/0/0/0,17216:1747647664868:,1747647681251
counter/2/0/0/0,20674:1747647666868:,1747647681251
counter/5/0/0/0,18121:1747647664531:,1747647681251
counter/10/0/0/0,17954:1747647663630:,1747647681251
counter/1/0/0/0,18314:1747647664981:,1747647681251
counter/4/0/0/0,17217:1747647664869:,1747647681251
counter/5/0/0/0,18122:1747647664531:,1747647681251
counter/10/0/0/0,17955:1747647663630:,1747647681251
counter/1/0/0/0,18315:1747647664981:,1747647681251
counter/4/0/0/0,17218:1747647664869:,1747647681251
counter/5/0/0/0,18123:1747647664531:,1747647681251
counter/10/0/0/0,17956:1747647663630:,1747647681251
counter/1/0/0/0,18316:1747647664981:,1747647681251
counter/4/0/0/0,17219:1747647664869:,1747647681251
counter/5/0/0/0,18124:1747647664531:,1747647681251
counter/10/0/0/0,17957:1747647663630:,1747647681251
counter/1/0/0/0,18317:1747647664981:,1747647681251
counter/5/0/0/0,18125:1747647664531:,1747647681251
counter/10/0/0/0,17958:1747647663630:,1747647681251
counter/1/0/0/0,18318:1747647664981:,1747647681251
counter/5/0/0/0,18126:1747647664532:,1747647681251
counter/10/0/0/0,17959:1747647663630:,1747647681251
counter/1/0/0/0,18319:1747647664982:,1747647681251
counter/5/0/0/0,18127:1747647664532:,1747647681251
counter/10/0/0/0,17960:1747647663630:,1747647681251
counter/1/0/0/0,18320:1747647664982:,1747647681251
counter/5/0/0/0,18128:1747647664532:,1747647681251
counter/10/0/0/0,17961:1747647663630:,1747647681251
counter/1/0/0/0,18321:1747647664982:,1747647681251
counter/5/0/0/0,18129:1747647664532:,1747647681251
counter/10/0/0/0,17962:1747647663630:,1747647681251
counter/1/0/0/0,18322:1747647664982:,1747647681251
counter/5/0/0/0,18130:1747647664532:,1747647681252
counter/10/0/0/0,17963:1747647663634:,1747647681252
counter/1/0/0/0,18323:1747647664982:,1747647681252
counter/5/0/0/0,18131:1747647664532:,1747647681252
counter/10/0/0/0,17964:1747647663634:,1747647681252
counter/1/0/0/0,18324:1747647664982:,1747647681252
counter/5/0/0/0,18132:1747647664532:,1747647681252
counter/10/0/0/0,17965:1747647663651:,1747647681252
counter/1/0/0/0,18325:1747647664982:,1747647681252
counter/5/0/0/0,18133:1747647664532:,1747647681252
counter/10/0/0/0,17966:1747647663652:,1747647681252
counter/1/0/0/0,18326:1747647664982:,1747647681252
counter/5/0/0/0,18134:1747647664532:,1747647681252
counter/10/0/0/0,17967:1747647663652:,1747647681252
counter/1/0/0/0,18327:1747647664982:,1747647681252
counter/5/0/0/0,18135:1747647664532:,1747647681252
counter/10/0/0/0,17968:1747647663657:,1747647681252
counter/1/0/0/0,18328:1747647664982:,1747647681252
counter/6/0/0/0,16740:1747647663718:,1747647681252
counter/5/0/0/0,18136:1747647664532:,1747647681252
counter/10/0/0/0,17969:1747647663657:,1747647681252
counter/1/0/0/0,18329:1747647664982:,1747647681252
counter/6/0/0/0,16741:1747647663718:,1747647681252
counter/5/0/0/0,18137:1747647664532:,1747647681252
counter/10/0/0/0,17970:1747647663657:,1747647681252
counter/1/0/0/0,18330:1747647664982:,1747647681252
counter/6/0/0/0,16742:1747647663718:,1747647681252
counter/5/0/0/0,18138:1747647664532:,1747647681252
counter/10/0/0/0,17971:1747647663657:,1747647681252
counter/1/0/0/0,18331:1747647664982:,1747647681252
counter/6/0/0/0,16743:1747647663718:,1747647681252
counter/5/0/0/0,18139:1747647664532:,1747647681252
counter/10/0/0/0,17972:1747647663657:,1747647681252
counter/1/0/0/0,18332:1747647664982:,1747647681252
counter/6/0/0/0,16744:1747647663718:,1747647681252
counter/5/0/0/0,18140:1747647664532:,1747647681252
counter/10/0/0/0,17973:1747647663657:,1747647681252
counter/1/0/0/0,18333:1747647664982:,1747647681252
counter/6/0/0/0,16745:1747647663718:,1747647681252
counter/5/0/0/0,18141:1747647664535:,1747647681252
counter/10/0/0/0,17974:1747647663657:,1747647681252
counter/1/0/0/0,18334:1747647664982:,1747647681252
counter/6/0/0/0,16746:1747647663718:,1747647681252
counter/9/0/0/0,20826:1747647665520:,1747647681252
counter/5/0/0/0,18142:1747647664535:,1747647681253
counter/10/0/0/0,17975:1747647663657:,1747647681253
counter/1/0/0/0,18335:1747647664982:,1747647681253
counter/6/0/0/0,16747:1747647663718:,1747647681253
counter/9/0/0/0,20827:1747647665520:,1747647681253
counter/4/0/0/0,17220:1747647664869:,1747647681253
counter/3/0/0/0,17409:1747647664547:,1747647681253
counter/5/0/0/0,18143:1747647664535:,1747647681253
counter/10/0/0/0,17976:1747647663657:,1747647681253
counter/1/0/0/0,18336:1747647664982:,1747647681253
counter/6/0/0/0,16748:1747647663722:,1747647681253
counter/5/0/0/0,18144:1747647664535:,1747647681253
counter/10/0/0/0,17977:1747647663657:,1747647681253
counter/1/0/0/0,18337:1747647664982:,1747647681253
counter/6/0/0/0,16749:1747647663722:,1747647681253
counter/5/0/0/0,18145:1747647664535:,1747647681253
counter/10/0/0/0,17978:1747647663657:,1747647681253
counter/1/0/0/0,18338:1747647664983:,1747647681253
counter/6/0/0/0,16750:1747647663722:,1747647681253
counter/5/0/0/0,18146:1747647664535:,1747647681253
counter/10/0/0/0,17979:1747647663657:,1747647681253
counter/1/0/0/0,18339:1747647664983:,1747647681253
counter/6/0/0/0,16751:1747647663722:,1747647681253
counter/5/0/0/0,18147:1747647664535:,1747647681253
counter/10/0/0/0,17980:1747647663657:,1747647681253
counter/1/0/0/0,18340:1747647664983:,1747647681253
counter/6/0/0/0,16752:1747647663722:,1747647681253
counter/5/0/0/0,18148:1747647664541:,1747647681253
counter/10/0/0/0,17981:1747647663657:,1747647681253
counter/1/0/0/0,18341:1747647664984:,1747647681253
counter/6/0/0/0,16753:1747647663722:,1747647681253
counter/5/0/0/0,18149:1747647664541:,1747647681253
counter/10/0/0/0,17982:1747647663657:,1747647681253
counter/1/0/0/0,18342:1747647664984:,1747647681253
counter/6/0/0/0,16754:1747647663733:,1747647681253
counter/5/0/0/0,18150:1747647664541:,1747647681253
counter/10/0/0/0,17983:1747647663657:,1747647681253
counter/1/0/0/0,18343:1747647664984:,1747647681253
counter/6/0/0/0,16755:1747647663733:,1747647681253
counter/5/0/0/0,18151:1747647664541:,1747647681253
counter/10/0/0/0,17984:1747647663657:,1747647681253
counter/1/0/0/0,18344:1747647664986:,1747647681254
counter/5/0/0/0,18152:1747647664541:,1747647681254
counter/10/0/0/0,17985:1747647663660:,1747647681254
counter/1/0/0/0,18345:1747647664986:,1747647681254
counter/5/0/0/0,18153:1747647664541:,1747647681254
counter/10/0/0/0,17986:1747647663660:,1747647681254
counter/1/0/0/0,18346:1747647664986:,1747647681254
counter/5/0/0/0,18154:1747647664541:,1747647681254
counter/10/0/0/0,17987:1747647663660:,1747647681254
counter/1/0/0/0,18347:1747647664986:,1747647681254
counter/5/0/0/0,18155:1747647664541:,1747647681254
counter/10/0/0/0,17988:1747647663660:,1747647681254
counter/1/0/0/0,18348:1747647664987:,1747647681254
counter/5/0/0/0,18156:1747647664548:,1747647681254
counter/10/0/0/0,17989:1747647663660:,1747647681254
counter/1/0/0/0,18349:1747647664987:,1747647681254
counter/5/0/0/0,18157:1747647664548:,1747647681254
counter/10/0/0/0,17990:1747647663660:,1747647681254
counter/1/0/0/0,18350:1747647664987:,1747647681254
counter/5/0/0/0,18158:1747647664548:,1747647681254
counter/10/0/0/0,17991:1747647663661:,1747647681254
counter/1/0/0/0,18351:1747647664987:,1747647681254
counter/5/0/0/0,18159:1747647664548:,1747647681254
counter/10/0/0/0,17992:1747647663661:,1747647681254
counter/1/0/0/0,18352:1747647664987:,1747647681254
counter/5/0/0/0,18160:1747647664548:,1747647681254
counter/10/0/0/0,17993:1747647663661:,1747647681254
counter/1/0/0/0,18353:1747647664988:,1747647681254
counter/5/0/0/0,18161:1747647664548:,1747647681254
counter/10/0/0/0,17994:1747647663662:,1747647681254
counter/1/0/0/0,18354:1747647664988:,1747647681254
counter/5/0/0/0,18162:1747647664548:,1747647681254
counter/10/0/0/0,17995:1747647663662:,1747647681254
counter/5/0/0/0,18163:1747647664548:,1747647681254
counter/10/0/0/0,17996:1747647663662:,1747647681254
counter/5/0/0/0,18164:1747647664548:,1747647681254
counter/10/0/0/0,17997:1747647663663:,1747647681254
counter/5/0/0/0,18165:1747647664548:,1747647681254
counter/10/0/0/0,17998:1747647663663:,1747647681254
counter/5/0/0/0,18166:1747647664548:,1747647681255
counter/10/0/0/0,17999:1747647663664:,1747647681255
counter/5/0/0/0,18167:1747647664548:,1747647681255
counter/10/0/0/0,18000:1747647663664:,1747647681255
counter/5/0/0/0,18168:1747647664549:,1747647681255
counter/10/0/0/0,18001:1747647663671:,1747647681255
counter/5/0/0/0,18169:1747647664549:,1747647681255
counter/10/0/0/0,18002:1747647663671:,1747647681255
counter/5/0/0/0,18170:1747647664549:,1747647681255
counter/10/0/0/0,18003:1747647663671:,1747647681255
counter/5/0/0/0,18171:1747647664549:,1747647681255
counter/10/0/0/0,18004:1747647663671:,1747647681255
counter/5/0/0/0,18172:1747647664549:,1747647681255
counter/10/0/0/0,18005:1747647663672:,1747647681255
counter/5/0/0/0,18173:1747647664549:,1747647681255
counter/10/0/0/0,18006:1747647663672:,1747647681255
counter/5/0/0/0,18174:1747647664549:,1747647681255
counter/10/0/0/0,18007:1747647663672:,1747647681255
counter/5/0/0/0,18175:1747647664549:,1747647681255
counter/10/0/0/0,18008:1747647663672:,1747647681255
counter/5/0/0/0,18176:1747647664550:,1747647681255
counter/10/0/0/0,18009:1747647663672:,1747647681255
counter/7/0/0/0,16452:1747647662792:,1747647681255
counter/5/0/0/0,18177:1747647664550:,1747647681255
counter/10/0/0/0,18010:1747647663672:,1747647681255
counter/9/0/0/0,20828:1747647665520:,1747647681255
counter/5/0/0/0,18178:1747647664550:,1747647681255
counter/10/0/0/0,18011:1747647663672:,1747647681255
counter/9/0/0/0,20829:1747647665520:,1747647681255
counter/5/0/0/0,18179:1747647664550:,1747647681255
counter/10/0/0/0,18012:1747647663672:,1747647681255
counter/9/0/0/0,20830:1747647665521:,1747647681255
counter/5/0/0/0,18180:1747647664550:,1747647681255
counter/10/0/0/0,18013:1747647663672:,1747647681255
counter/9/0/0/0,20831:1747647665521:,1747647681255
counter/5/0/0/0,18181:1747647664554:,1747647681255
counter/10/0/0/0,18014:1747647663672:,1747647681255
counter/9/0/0/0,20832:1747647665521:,1747647681255
counter/5/0/0/0,18182:1747647664554:,1747647681255
counter/10/0/0/0,18015:1747647663672:,1747647681255
counter/9/0/0/0,20833:1747647665521:,1747647681255
counter/5/0/0/0,18183:1747647664554:,1747647681255
counter/10/0/0/0,18016:1747647663672:,1747647681256
counter/9/0/0/0,20834:1747647665521:,1747647681256
counter/5/0/0/0,18184:1747647664554:,1747647681256
counter/10/0/0/0,18017:1747647663674:,1747647681256
counter/9/0/0/0,20835:1747647665521:,1747647681256
counter/5/0/0/0,18185:1747647664556:,1747647681256
counter/10/0/0/0,18018:1747647663674:,1747647681256
counter/9/0/0/0,20836:1747647665521:,1747647681256
counter/5/0/0/0,18186:1747647664556:,1747647681256
counter/10/0/0/0,18019:1747647663674:,1747647681256
counter/9/0/0/0,20837:1747647665530:,1747647681256
counter/5/0/0/0,18187:1747647664556:,1747647681256
counter/10/0/0/0,18020:1747647663674:,1747647681256
counter/9/0/0/0,20838:1747647665530:,1747647681256
counter/5/0/0/0,18188:1747647664556:,1747647681256
counter/10/0/0/0,18021:1747647663674:,1747647681256
counter/9/0/0/0,20839:1747647665530:,1747647681256
counter/5/0/0/0,18189:1747647664556:,1747647681256
counter/10/0/0/0,18022:1747647663674:,1747647681256
counter/9/0/0/0,20840:1747647665530:,1747647681256
counter/5/0/0/0,18190:1747647664556:,1747647681256
counter/10/0/0/0,18023:1747647663674:,1747647681256
counter/9/0/0/0,20841:1747647665532:,1747647681256
counter/5/0/0/0,18191:1747647664556:,1747647681256
counter/10/0/0/0,18024:1747647663680:,1747647681256
counter/9/0/0/0,20842:1747647665532:,1747647681256
counter/5/0/0/0,18192:1747647664556:,1747647681256
counter/10/0/0/0,18025:1747647663681:,1747647681256
counter/9/0/0/0,20843:1747647665532:,1747647681256
counter/5/0/0/0,18193:1747647664556:,1747647681256
counter/10/0/0/0,18026:1747647663681:,1747647681256
counter/9/0/0/0,20844:1747647665532:,1747647681256
counter/5/0/0/0,18194:1747647664556:,1747647681256
counter/10/0/0/0,18027:1747647663681:,1747647681256
counter/9/0/0/0,20845:1747647665532:,1747647681256
counter/5/0/0/0,18195:1747647664556:,1747647681256
counter/10/0/0/0,18028:1747647663681:,1747647681257
counter/9/0/0/0,20846:1747647665532:,1747647681257
counter/5/0/0/0,18196:1747647664556:,1747647681257
counter/10/0/0/0,18029:1747647663681:,1747647681257
counter/9/0/0/0,20847:1747647665532:,1747647681257
counter/4/0/0/0,17221:1747647664869:,1747647681257
counter/5/0/0/0,18197:1747647664556:,1747647681257
counter/10/0/0/0,18030:1747647663681:,1747647681257
counter/9/0/0/0,20848:1747647665532:,1747647681257
counter/6/0/0/0,16756:1747647663733:,1747647681257
counter/5/0/0/0,18198:1747647664559:,1747647681257
counter/10/0/0/0,18031:1747647663681:,1747647681257
counter/9/0/0/0,20849:1747647665532:,1747647681257
counter/8/0/0/0,18794:1747647663831:,1747647681257
counter/7/0/0/0,16453:1747647662792:,1747647681257
counter/3/0/0/0,17410:1747647664547:,1747647681257
counter/5/0/0/0,18199:1747647664559:,1747647681257
counter/10/0/0/0,18032:1747647663696:,1747647681257
counter/9/0/0/0,20850:1747647665532:,1747647681257
counter/1/0/0/0,18355:1747647664988:,1747647681257
counter/5/0/0/0,18200:1747647664559:,1747647681257
counter/10/0/0/0,18033:1747647663696:,1747647681257
counter/9/0/0/0,20851:1747647665532:,1747647681257
counter/5/0/0/0,18201:1747647664559:,1747647681257
counter/10/0/0/0,18034:1747647663696:,1747647681257
counter/9/0/0/0,20852:1747647665532:,1747647681257
counter/5/0/0/0,18202:1747647664559:,1747647681257
counter/10/0/0/0,18035:1747647663696:,1747647681257
counter/9/0/0/0,20853:1747647665532:,1747647681257
counter/5/0/0/0,18203:1747647664559:,1747647681257
counter/10/0/0/0,18036:1747647663696:,1747647681257
counter/9/0/0/0,20854:1747647665532:,1747647681257
counter/5/0/0/0,18204:1747647664559:,1747647681257
counter/10/0/0/0,18037:1747647663700:,1747647681257
counter/9/0/0/0,20855:1747647665535:,1747647681257
counter/5/0/0/0,18205:1747647664559:,1747647681257
counter/10/0/0/0,18038:1747647663700:,1747647681258
counter/9/0/0/0,20856:1747647665535:,1747647681258
counter/5/0/0/0,18206:1747647664559:,1747647681258
counter/10/0/0/0,18039:1747647663700:,1747647681258
counter/9/0/0/0,20857:1747647665535:,1747647681258
counter/5/0/0/0,18207:1747647664560:,1747647681258
counter/10/0/0/0,18040:1747647663700:,1747647681258
counter/9/0/0/0,20858:1747647665535:,1747647681258
counter/5/0/0/0,18208:1747647664560:,1747647681258
counter/10/0/0/0,18041:1747647663700:,1747647681258
counter/9/0/0/0,20859:1747647665535:,1747647681258
counter/5/0/0/0,18209:1747647664560:,1747647681258
counter/10/0/0/0,18042:1747647663700:,1747647681258
counter/9/0/0/0,20860:1747647665535:,1747647681258
counter/5/0/0/0,18210:1747647664560:,1747647681258
counter/10/0/0/0,18043:1747647663700:,1747647681258
counter/9/0/0/0,20861:1747647665535:,1747647681258
counter/5/0/0/0,18211:1747647664560:,1747647681258
counter/10/0/0/0,18044:1747647663700:,1747647681258
counter/9/0/0/0,20862:1747647665541:,1747647681258
counter/5/0/0/0,18212:1747647664560:,1747647681258
counter/10/0/0/0,18045:1747647663700:,1747647681258
counter/9/0/0/0,20863:1747647665541:,1747647681258
counter/5/0/0/0,18213:1747647664572:,1747647681258
counter/10/0/0/0,18046:1747647663700:,1747647681258
counter/9/0/0/0,20864:1747647665541:,1747647681258
counter/5/0/0/0,18214:1747647664572:,1747647681258
counter/10/0/0/0,18047:1747647663700:,1747647681258
counter/9/0/0/0,20865:1747647665541:,1747647681258
counter/5/0/0/0,18215:1747647664572:,1747647681258
counter/10/0/0/0,18048:1747647663700:,1747647681258
counter/9/0/0/0,20866:1747647665541:,1747647681258
counter/5/0/0/0,18216:1747647664572:,1747647681258
counter/10/0/0/0,18049:1747647663700:,1747647681258
counter/9/0/0/0,20867:1747647665541:,1747647681258
counter/5/0/0/0,18217:1747647664572:,1747647681258
counter/10/0/0/0,18050:1747647663700:,1747647681258
counter/9/0/0/0,20868:1747647665541:,1747647681259
counter/5/0/0/0,18218:1747647664572:,1747647681259
counter/10/0/0/0,18051:1747647663723:,1747647681259
counter/9/0/0/0,20869:1747647665541:,1747647681259
counter/5/0/0/0,18219:1747647664572:,1747647681259
counter/10/0/0/0,18052:1747647663723:,1747647681259
counter/9/0/0/0,20870:1747647665541:,1747647681259
counter/5/0/0/0,18220:1747647664572:,1747647681259
counter/10/0/0/0,18053:1747647663723:,1747647681259
counter/9/0/0/0,20871:1747647665541:,1747647681259
counter/5/0/0/0,18221:1747647664572:,1747647681259
counter/10/0/0/0,18054:1747647663723:,1747647681259
counter/9/0/0/0,20872:1747647665541:,1747647681259
counter/5/0/0/0,18222:1747647664572:,1747647681259
counter/10/0/0/0,18055:1747647663723:,1747647681259
counter/9/0/0/0,20873:1747647665541:,1747647681259
counter/5/0/0/0,18223:1747647664572:,1747647681259
counter/10/0/0/0,18056:1747647663723:,1747647681259
counter/9/0/0/0,20874:1747647665541:,1747647681259
counter/5/0/0/0,18224:1747647664576:,1747647681259
counter/10/0/0/0,18057:1747647663723:,1747647681259
counter/9/0/0/0,20875:1747647665541:,1747647681259
counter/5/0/0/0,18225:1747647664578:,1747647681259
counter/10/0/0/0,18058:1747647663723:,1747647681259
counter/9/0/0/0,20876:1747647665541:,1747647681259
counter/5/0/0/0,18226:1747647664578:,1747647681259
counter/10/0/0/0,18059:1747647663723:,1747647681259
counter/9/0/0/0,20877:1747647665541:,1747647681259
counter/5/0/0/0,18227:1747647664578:,1747647681259
counter/10/0/0/0,18060:1747647663731:,1747647681259
counter/9/0/0/0,20878:1747647665541:,1747647681259
counter/5/0/0/0,18228:1747647664581:,1747647681259
counter/10/0/0/0,18061:1747647663731:,1747647681259
counter/5/0/0/0,18229:1747647664582:,1747647681259
counter/10/0/0/0,18062:1747647663731:,1747647681259
counter/5/0/0/0,18230:1747647664582:,1747647681259
counter/10/0/0/0,18063:1747647663731:,1747647681259
counter/5/0/0/0,18231:1747647664582:,1747647681259
counter/10/0/0/0,18064:1747647663731:,1747647681259
counter/5/0/0/0,18232:1747647664582:,1747647681259
counter/10/0/0/0,18065:1747647663731:,1747647681259
counter/5/0/0/0,18233:1747647664582:,1747647681260
counter/10/0/0/0,18066:1747647663731:,1747647681260
counter/5/0/0/0,18234:1747647664582:,1747647681260
counter/10/0/0/0,18067:1747647663731:,1747647681260
counter/5/0/0/0,18235:1747647664582:,1747647681260
counter/10/0/0/0,18068:1747647663731:,1747647681260
counter/5/0/0/0,18236:1747647664582:,1747647681260
counter/10/0/0/0,18069:1747647663731:,1747647681260
counter/5/0/0/0,18237:1747647664582:,1747647681260
counter/10/0/0/0,18070:1747647663731:,1747647681260
counter/5/0/0/0,18238:1747647664582:,1747647681260
counter/10/0/0/0,18071:1747647663731:,1747647681260
counter/5/0/0/0,18239:1747647664582:,1747647681260
counter/10/0/0/0,18072:1747647663731:,1747647681260
counter/5/0/0/0,18240:1747647664582:,1747647681260
counter/10/0/0/0,18073:1747647663733:,1747647681260
counter/5/0/0/0,18241:1747647664582:,1747647681260
counter/10/0/0/0,18074:1747647663733:,1747647681260
counter/5/0/0/0,18242:1747647664582:,1747647681260
counter/5/0/0/0,18243:1747647664582:,1747647681260
counter/5/0/0/0,18244:1747647664582:,1747647681260
counter/5/0/0/0,18245:1747647664582:,1747647681260
counter/5/0/0/0,18246:1747647664582:,1747647681260
counter/5/0/0/0,18247:1747647664582:,1747647681260
counter/5/0/0/0,18248:1747647664582:,1747647681260
counter/5/0/0/0,18249:1747647664582:,1747647681260
counter/5/0/0/0,18250:1747647664582:,1747647681260
counter/5/0/0/0,18251:1747647664582:,1747647681260
counter/5/0/0/0,18252:1747647664582:,1747647681260
counter/5/0/0/0,18253:1747647664582:,1747647681260
counter/5/0/0/0,18254:1747647664582:,1747647681260
counter/5/0/0/0,18255:1747647664589:,1747647681260
counter/5/0/0/0,18256:1747647664589:,1747647681260
counter/5/0/0/0,18257:1747647664589:,1747647681260
counter/5/0/0/0,18258:1747647664589:,1747647681260
counter/5/0/0/0,18259:1747647664589:,1747647681260
counter/5/0/0/0,18260:1747647664589:,1747647681260
counter/5/0/0/0,18261:1747647664589:,1747647681260
counter/5/0/0/0,18262:1747647664590:,1747647681261
counter/5/0/0/0,18263:1747647664590:,1747647681261
counter/5/0/0/0,18264:1747647664590:,1747647681261
counter/5/0/0/0,18265:1747647664590:,1747647681261
counter/5/0/0/0,18266:1747647664590:,1747647681261
counter/5/0/0/0,18267:1747647664590:,1747647681261
counter/5/0/0/0,18268:1747647664590:,1747647681261
counter/5/0/0/0,18269:1747647664590:,1747647681261
counter/5/0/0/0,18270:1747647664590:,1747647681261
counter/5/0/0/0,18271:1747647664590:,1747647681261
counter/5/0/0/0,18272:1747647664590:,1747647681261
counter/5/0/0/0,18273:1747647664590:,1747647681261
counter/5/0/0/0,18274:1747647664590:,1747647681261
counter/5/0/0/0,18275:1747647664590:,1747647681261
counter/5/0/0/0,18276:1747647664608:,1747647681261
counter/5/0/0/0,18277:1747647664608:,1747647681261
counter/5/0/0/0,18278:1747647664608:,1747647681261
counter/5/0/0/0,18279:1747647664608:,1747647681261
counter/5/0/0/0,18280:1747647664608:,1747647681261
counter/5/0/0/0,18281:1747647664608:,1747647681261
counter/5/0/0/0,18282:1747647664608:,1747647681261
counter/5/0/0/0,18283:1747647664608:,1747647681261
counter/5/0/0/0,18284:1747647664608:,1747647681261
counter/5/0/0/0,18285:1747647664608:,1747647681261
counter/5/0/0/0,18286:1747647664608:,1747647681261
counter/5/0/0/0,18287:1747647664608:,1747647681261
counter/5/0/0/0,18288:1747647664608:,1747647681261
counter/5/0/0/0,18289:1747647664608:,1747647681261
counter/5/0/0/0,18290:1747647664608:,1747647681261
counter/5/0/0/0,18291:1747647664608:,1747647681261
counter/5/0/0/0,18292:1747647664608:,1747647681261
counter/5/0/0/0,18293:1747647664608:,1747647681261
counter/5/0/0/0,18294:1747647664614:,1747647681261
counter/5/0/0/0,18295:1747647664615:,1747647681261
counter/5/0/0/0,18296:1747647664615:,1747647681261
counter/5/0/0/0,18297:1747647664615:,1747647681261
counter/5/0/0/0,18298:1747647664615:,1747647681261
counter/5/0/0/0,18299:1747647664615:,1747647681261
counter/5/0/0/0,18300:1747647664615:,1747647681262
counter/5/0/0/0,18301:1747647664615:,1747647681262
counter/5/0/0/0,18302:1747647664615:,1747647681262
counter/5/0/0/0,18303:1747647664615:,1747647681262
counter/5/0/0/0,18304:1747647664615:,1747647681262
counter/5/0/0/0,18305:1747647664615:,1747647681262
counter/5/0/0/0,18306:1747647664615:,1747647681262
counter/5/0/0/0,18307:1747647664615:,1747647681262
counter/5/0/0/0,18308:1747647664615:,1747647681262
counter/5/0/0/0,18309:1747647664615:,1747647681262
counter/5/0/0/0,18310:1747647664616:,1747647681262
counter/5/0/0/0,18311:1747647664616:,1747647681262
counter/5/0/0/0,18312:1747647664616:,1747647681262
counter/5/0/0/0,18313:1747647664616:,1747647681262
counter/5/0/0/0,18314:1747647664616:,1747647681262
counter/5/0/0/0,18315:1747647664616:,1747647681262
counter/5/0/0/0,18316:1747647664616:,1747647681262
counter/5/0/0/0,18317:1747647664616:,1747647681262
counter/5/0/0/0,18318:1747647664616:,1747647681262
counter/5/0/0/0,18319:1747647664616:,1747647681262
counter/5/0/0/0,18320:1747647664622:,1747647681262
counter/5/0/0/0,18321:1747647664622:,1747647681262
counter/5/0/0/0,18322:1747647664622:,1747647681262
counter/5/0/0/0,18323:1747647664622:,1747647681262
counter/5/0/0/0,18324:1747647664622:,1747647681262
counter/5/0/0/0,18325:1747647664636:,1747647681262
counter/5/0/0/0,18326:1747647664636:,1747647681262
counter/5/0/0/0,18327:1747647664636:,1747647681262
counter/5/0/0/0,18328:1747647664640:,1747647681262
counter/5/0/0/0,18329:1747647664640:,1747647681262
counter/5/0/0/0,18330:1747647664640:,1747647681262
counter/5/0/0/0,18331:1747647664640:,1747647681262
counter/5/0/0/0,18332:1747647664640:,1747647681262
counter/5/0/0/0,18333:1747647664640:,1747647681262
counter/2/0/0/0,20675:1747647666872:,1747647681262
counter/5/0/0/0,18334:1747647664640:,1747647681262
counter/4/0/0/0,17222:1747647664870:,1747647681263
counter/5/0/0/0,18335:1747647664640:,1747647681263
counter/6/0/0/0,16757:1747647663733:,1747647681263
counter/5/0/0/0,18336:1747647664640:,1747647681263
counter/6/0/0/0,16758:1747647663733:,1747647681263
counter/5/0/0/0,18337:1747647664640:,1747647681263
counter/6/0/0/0,16759:1747647663733:,1747647681263
counter/5/0/0/0,18338:1747647664640:,1747647681263
counter/6/0/0/0,16760:1747647663733:,1747647681263
counter/5/0/0/0,18339:1747647664640:,1747647681263
counter/6/0/0/0,16761:1747647663733:,1747647681263
counter/5/0/0/0,18340:1747647664640:,1747647681263
counter/6/0/0/0,16762:1747647663734:,1747647681263
counter/3/0/0/0,17411:1747647664551:,1747647681263
counter/5/0/0/0,18341:1747647664640:,1747647681263
counter/6/0/0/0,16763:1747647663734:,1747647681263
counter/1/0/0/0,18356:1747647664988:,1747647681263
counter/9/0/0/0,20879:1747647665541:,1747647681263
counter/5/0/0/0,18342:1747647664640:,1747647681263
counter/6/0/0/0,16764:1747647663734:,1747647681263
counter/5/0/0/0,18343:1747647664641:,1747647681263
counter/6/0/0/0,16765:1747647663734:,1747647681263
counter/5/0/0/0,18344:1747647664641:,1747647681263
counter/6/0/0/0,16766:1747647663734:,1747647681263
counter/5/0/0/0,18345:1747647664641:,1747647681263
counter/5/0/0/0,18346:1747647664641:,1747647681263
counter/5/0/0/0,18347:1747647664641:,1747647681263
counter/5/0/0/0,18348:1747647664641:,1747647681263
counter/5/0/0/0,18349:1747647664651:,1747647681263
counter/5/0/0/0,18350:1747647664651:,1747647681263
counter/5/0/0/0,18351:1747647664651:,1747647681263
counter/5/0/0/0,18352:1747647664651:,1747647681263
counter/5/0/0/0,18353:1747647664651:,1747647681263
counter/5/0/0/0,18354:1747647664651:,1747647681263
counter/5/0/0/0,18355:1747647664651:,1747647681263
counter/5/0/0/0,18356:1747647664651:,1747647681263
counter/5/0/0/0,18357:1747647664651:,1747647681263
counter/5/0/0/0,18358:1747647664651:,1747647681263
counter/5/0/0/0,18359:1747647664651:,1747647681263
counter/5/0/0/0,18360:1747647664651:,1747647681263
counter/5/0/0/0,18361:1747647664651:,1747647681263
counter/5/0/0/0,18362:1747647664651:,1747647681263
counter/5/0/0/0,18363:1747647664651:,1747647681264
counter/5/0/0/0,18364:1747647664651:,1747647681264
counter/5/0/0/0,18365:1747647664659:,1747647681264
counter/5/0/0/0,18366:1747647664661:,1747647681264
counter/5/0/0/0,18367:1747647664661:,1747647681264
counter/5/0/0/0,18368:1747647664661:,1747647681264
counter/5/0/0/0,18369:1747647664661:,1747647681264
counter/5/0/0/0,18370:1747647664665:,1747647681264
counter/5/0/0/0,18371:1747647664666:,1747647681264
counter/5/0/0/0,18372:1747647664666:,1747647681264
counter/5/0/0/0,18373:1747647664666:,1747647681264
counter/5/0/0/0,18374:1747647664666:,1747647681264
counter/5/0/0/0,18375:1747647664666:,1747647681264
counter/5/0/0/0,18376:1747647664666:,1747647681264
counter/5/0/0/0,18377:1747647664666:,1747647681264
counter/5/0/0/0,18378:1747647664666:,1747647681264
counter/5/0/0/0,18379:1747647664669:,1747647681264
counter/5/0/0/0,18380:1747647664669:,1747647681264
counter/5/0/0/0,18381:1747647664670:,1747647681264
counter/5/0/0/0,18382:1747647664670:,1747647681264
counter/5/0/0/0,18383:1747647664670:,1747647681264
counter/5/0/0/0,18384:1747647664670:,1747647681264
counter/5/0/0/0,18385:1747647664670:,1747647681264
counter/5/0/0/0,18386:1747647664670:,1747647681264
counter/5/0/0/0,18387:1747647664670:,1747647681264
counter/5/0/0/0,18388:1747647664670:,1747647681264
counter/5/0/0/0,18389:1747647664672:,1747647681264
counter/5/0/0/0,18390:1747647664672:,1747647681264
counter/5/0/0/0,18391:1747647664672:,1747647681264
counter/5/0/0/0,18392:1747647664672:,1747647681264
counter/5/0/0/0,18393:1747647664672:,1747647681264
counter/5/0/0/0,18394:1747647664673:,1747647681264
counter/5/0/0/0,18395:1747647664673:,1747647681264
counter/5/0/0/0,18396:1747647664675:,1747647681264
counter/5/0/0/0,18397:1747647664675:,1747647681264
counter/5/0/0/0,18398:1747647664677:,1747647681264
counter/5/0/0/0,18399:1747647664677:,1747647681264
counter/5/0/0/0,18400:1747647664677:,1747647681264
counter/5/0/0/0,18401:1747647664677:,1747647681264
counter/5/0/0/0,18402:1747647664677:,1747647681264
counter/5/0/0/0,18403:1747647664677:,1747647681264
counter/4/0/0/0,17223:1747647664870:,1747647681264
counter/5/0/0/0,18404:1747647664677:,1747647681265
counter/2/0/0/0,20676:1747647666872:,1747647681265
counter/5/0/0/0,18405:1747647664677:,1747647681265
counter/6/0/0/0,16767:1747647663737:,1747647681265
counter/5/0/0/0,18406:1747647664677:,1747647681265
counter/6/0/0/0,16768:1747647663738:,1747647681265
counter/5/0/0/0,18407:1747647664677:,1747647681265
counter/6/0/0/0,16769:1747647663738:,1747647681265
counter/1/0/0/0,18357:1747647664988:,1747647681265
counter/5/0/0/0,18408:1747647664677:,1747647681265
counter/9/0/0/0,20880:1747647665541:,1747647681265
counter/5/0/0/0,18409:1747647664677:,1747647681265
counter/5/0/0/0,18410:1747647664677:,1747647681265
counter/5/0/0/0,18411:1747647664677:,1747647681265
counter/5/0/0/0,18412:1747647664702:,1747647681265
counter/5/0/0/0,18413:1747647664702:,1747647681265
counter/5/0/0/0,18414:1747647664702:,1747647681265
counter/5/0/0/0,18415:1747647664702:,1747647681265
counter/5/0/0/0,18416:1747647664709:,1747647681265
counter/5/0/0/0,18417:1747647664709:,1747647681265
counter/5/0/0/0,18418:1747647664709:,1747647681265
counter/5/0/0/0,18419:1747647664709:,1747647681265
counter/5/0/0/0,18420:1747647664709:,1747647681265
counter/5/0/0/0,18421:1747647664709:,1747647681265
counter/5/0/0/0,18422:1747647664715:,1747647681265
counter/5/0/0/0,18423:1747647664715:,1747647681265
counter/5/0/0/0,18424:1747647664715:,1747647681265
counter/5/0/0/0,18425:1747647664715:,1747647681265
counter/5/0/0/0,18426:1747647664715:,1747647681265
counter/5/0/0/0,18427:1747647664715:,1747647681265
counter/5/0/0/0,18428:1747647664715:,1747647681265
counter/5/0/0/0,18429:1747647664717:,1747647681265
counter/5/0/0/0,18430:1747647664717:,1747647681265
counter/5/0/0/0,18431:1747647664717:,1747647681265
counter/5/0/0/0,18432:1747647664717:,1747647681265
counter/5/0/0/0,18433:1747647664717:,1747647681265
counter/5/0/0/0,18434:1747647664717:,1747647681265
counter/5/0/0/0,18435:1747647664717:,1747647681265
counter/5/0/0/0,18436:1747647664717:,1747647681265
counter/5/0/0/0,18437:1747647664717:,1747647681265
counter/5/0/0/0,18438:1747647664717:,1747647681265
counter/5/0/0/0,18439:1747647664717:,1747647681265
counter/5/0/0/0,18440:1747647664717:,1747647681266
counter/5/0/0/0,18441:1747647664717:,1747647681266
counter/5/0/0/0,18442:1747647664717:,1747647681266
counter/5/0/0/0,18443:1747647664717:,1747647681266
counter/5/0/0/0,18444:1747647664726:,1747647681266
counter/5/0/0/0,18445:1747647664727:,1747647681266
counter/5/0/0/0,18446:1747647664754:,1747647681266
counter/5/0/0/0,18447:1747647664754:,1747647681266
counter/5/0/0/0,18448:1747647664754:,1747647681266
counter/5/0/0/0,18449:1747647664754:,1747647681266
counter/5/0/0/0,18450:1747647664758:,1747647681266
counter/5/0/0/0,18451:1747647664758:,1747647681266
counter/5/0/0/0,18452:1747647664758:,1747647681266
counter/5/0/0/0,18453:1747647664758:,1747647681266
counter/5/0/0/0,18454:1747647664758:,1747647681266
counter/5/0/0/0,18455:1747647664758:,1747647681266
counter/5/0/0/0,18456:1747647664759:,1747647681266
counter/5/0/0/0,18457:1747647664759:,1747647681266
counter/5/0/0/0,18458:1747647664759:,1747647681266
counter/5/0/0/0,18459:1747647664759:,1747647681266
counter/5/0/0/0,18460:1747647664759:,1747647681266
counter/5/0/0/0,18461:1747647664759:,1747647681266
counter/5/0/0/0,18462:1747647664759:,1747647681266
counter/5/0/0/0,18463:1747647664761:,1747647681266
counter/5/0/0/0,18464:1747647664764:,1747647681266
counter/5/0/0/0,18465:1747647664764:,1747647681266
counter/5/0/0/0,18466:1747647664764:,1747647681266
counter/5/0/0/0,18467:1747647664764:,1747647681266
counter/5/0/0/0,18468:1747647664764:,1747647681266
counter/5/0/0/0,18469:1747647664764:,1747647681266
counter/5/0/0/0,18470:1747647664764:,1747647681266
counter/5/0/0/0,18471:1747647664764:,1747647681266
counter/1/0/0/0,18358:1747647664988:,1747647681266
counter/5/0/0/0,18472:1747647664764:,1747647681266
counter/9/0/0/0,20881:1747647665541:,1747647681266
counter/5/0/0/0,18473:1747647664764:,1747647681266
counter/10/0/0/0,18075:1747647663744:,1747647681266
counter/4/0/0/0,17224:1747647664870:,1747647681266
counter/5/0/0/0,18474:1747647664765:,1747647681266
counter/10/0/0/0,18076:1747647663746:,1747647681266
counter/5/0/0/0,18475:1747647664765:,1747647681266
counter/10/0/0/0,18077:1747647663746:,1747647681267
counter/5/0/0/0,18476:1747647664765:,1747647681267
counter/10/0/0/0,18078:1747647663746:,1747647681267
counter/5/0/0/0,18477:1747647664766:,1747647681267
counter/10/0/0/0,18079:1747647663746:,1747647681267
counter/5/0/0/0,18478:1747647664766:,1747647681267
counter/10/0/0/0,18080:1747647663746:,1747647681267
counter/5/0/0/0,18479:1747647664766:,1747647681267
counter/10/0/0/0,18081:1747647663746:,1747647681267
counter/5/0/0/0,18480:1747647664766:,1747647681267
counter/10/0/0/0,18082:1747647663746:,1747647681267
counter/5/0/0/0,18481:1747647664770:,1747647681267
counter/10/0/0/0,18083:1747647663746:,1747647681267
counter/5/0/0/0,18482:1747647664770:,1747647681267
counter/10/0/0/0,18084:1747647663746:,1747647681267
counter/5/0/0/0,18483:1747647664770:,1747647681267
counter/10/0/0/0,18085:1747647663746:,1747647681267
counter/5/0/0/0,18484:1747647664772:,1747647681267
counter/10/0/0/0,18086:1747647663746:,1747647681267
counter/5/0/0/0,18485:1747647664772:,1747647681267
counter/10/0/0/0,18087:1747647663746:,1747647681267
counter/5/0/0/0,18486:1747647664773:,1747647681267
counter/10/0/0/0,18088:1747647663746:,1747647681267
counter/5/0/0/0,18487:1747647664773:,1747647681267
counter/10/0/0/0,18089:1747647663747:,1747647681267
counter/5/0/0/0,18488:1747647664773:,1747647681267
counter/10/0/0/0,18090:1747647663747:,1747647681267
counter/5/0/0/0,18489:1747647664773:,1747647681267
counter/10/0/0/0,18091:1747647663751:,1747647681267
counter/5/0/0/0,18490:1747647664773:,1747647681267
counter/10/0/0/0,18092:1747647663751:,1747647681267
counter/5/0/0/0,18491:1747647664773:,1747647681267
counter/10/0/0/0,18093:1747647663751:,1747647681267
counter/5/0/0/0,18492:1747647664774:,1747647681267
counter/10/0/0/0,18094:1747647663751:,1747647681267
counter/5/0/0/0,18493:1747647664774:,1747647681267
counter/10/0/0/0,18095:1747647663756:,1747647681267
counter/5/0/0/0,18494:1747647664774:,1747647681267
counter/10/0/0/0,18096:1747647663756:,1747647681268
counter/5/0/0/0,18495:1747647664778:,1747647681268
counter/10/0/0/0,18097:1747647663756:,1747647681268
counter/5/0/0/0,18496:1747647664778:,1747647681268
counter/10/0/0/0,18098:1747647663756:,1747647681268
counter/5/0/0/0,18497:1747647664778:,1747647681268
counter/10/0/0/0,18099:1747647663756:,1747647681268
counter/5/0/0/0,18498:1747647664778:,1747647681268
counter/10/0/0/0,18100:1747647663756:,1747647681268
counter/5/0/0/0,18499:1747647664778:,1747647681268
counter/10/0/0/0,18101:1747647663756:,1747647681268
counter/5/0/0/0,18500:1747647664778:,1747647681268
counter/10/0/0/0,18102:1747647663756:,1747647681268
counter/5/0/0/0,18501:1747647664778:,1747647681268
counter/10/0/0/0,18103:1747647663756:,1747647681268
counter/5/0/0/0,18502:1747647664778:,1747647681268
counter/10/0/0/0,18104:1747647663756:,1747647681268
counter/5/0/0/0,18503:1747647664778:,1747647681268
counter/10/0/0/0,18105:1747647663766:,1747647681268
counter/5/0/0/0,18504:1747647664778:,1747647681268
counter/10/0/0/0,18106:1747647663766:,1747647681268
counter/5/0/0/0,18505:1747647664778:,1747647681268
counter/10/0/0/0,18107:1747647663766:,1747647681268
counter/5/0/0/0,18506:1747647664778:,1747647681268
counter/10/0/0/0,18108:1747647663791:,1747647681268
counter/5/0/0/0,18507:1747647664778:,1747647681268
counter/10/0/0/0,18109:1747647663791:,1747647681268
counter/5/0/0/0,18508:1747647664778:,1747647681268
counter/10/0/0/0,18110:1747647663791:,1747647681268
counter/5/0/0/0,18509:1747647664780:,1747647681268
counter/10/0/0/0,18111:1747647663791:,1747647681268
counter/5/0/0/0,18510:1747647664781:,1747647681268
counter/10/0/0/0,18112:1747647663791:,1747647681268
counter/5/0/0/0,18511:1747647664782:,1747647681268
counter/10/0/0/0,18113:1747647663791:,1747647681268
counter/5/0/0/0,18512:1747647664782:,1747647681268
counter/10/0/0/0,18114:1747647663791:,1747647681268
counter/5/0/0/0,18513:1747647664782:,1747647681268
counter/10/0/0/0,18115:1747647663791:,1747647681268
counter/5/0/0/0,18514:1747647664782:,1747647681268
counter/10/0/0/0,18116:1747647663791:,1747647681268
counter/9/0/0/0,20882:1747647665542:,1747647681268
counter/5/0/0/0,18515:1747647664782:,1747647681268
counter/10/0/0/0,18117:1747647663791:,1747647681269
counter/4/0/0/0,17225:1747647664870:,1747647681269
counter/3/0/0/0,17412:1747647664552:,1747647681269
counter/5/0/0/0,18516:1747647664782:,1747647681269
counter/10/0/0/0,18118:1747647663791:,1747647681269
counter/6/0/0/0,16770:1747647663738:,1747647681269
counter/5/0/0/0,18517:1747647664782:,1747647681269
counter/10/0/0/0,18119:1747647663791:,1747647681269
counter/6/0/0/0,16771:1747647663738:,1747647681269
counter/5/0/0/0,18518:1747647664784:,1747647681269
counter/10/0/0/0,18120:1747647663791:,1747647681269
counter/6/0/0/0,16772:1747647663738:,1747647681269
counter/5/0/0/0,18519:1747647664784:,1747647681269
counter/10/0/0/0,18121:1747647663791:,1747647681269
counter/6/0/0/0,16773:1747647663739:,1747647681269
counter/5/0/0/0,18520:1747647664784:,1747647681269
counter/10/0/0/0,18122:1747647663791:,1747647681269
counter/6/0/0/0,16774:1747647663739:,1747647681269
counter/5/0/0/0,18521:1747647664784:,1747647681269
counter/10/0/0/0,18123:1747647663791:,1747647681269
counter/6/0/0/0,16775:1747647663739:,1747647681269
counter/5/0/0/0,18522:1747647664784:,1747647681269
counter/10/0/0/0,18124:1747647663791:,1747647681269
counter/6/0/0/0,16776:1747647663739:,1747647681269
counter/5/0/0/0,18523:1747647664784:,1747647681269
counter/10/0/0/0,18125:1747647663791:,1747647681269
counter/6/0/0/0,16777:1747647663744:,1747647681269
counter/5/0/0/0,18524:1747647664785:,1747647681269
counter/10/0/0/0,18126:1747647663791:,1747647681269
counter/6/0/0/0,16778:1747647663745:,1747647681269
counter/5/0/0/0,18525:1747647664785:,1747647681269
counter/10/0/0/0,18127:1747647663791:,1747647681269
counter/6/0/0/0,16779:1747647663748:,1747647681269
counter/5/0/0/0,18526:1747647664785:,1747647681269
counter/10/0/0/0,18128:1747647663803:,1747647681269
counter/6/0/0/0,16780:1747647663748:,1747647681269
counter/5/0/0/0,18527:1747647664785:,1747647681269
counter/10/0/0/0,18129:1747647663803:,1747647681269
counter/6/0/0/0,16781:1747647663748:,1747647681269
counter/5/0/0/0,18528:1747647664785:,1747647681269
counter/10/0/0/0,18130:1747647663803:,1747647681269
counter/6/0/0/0,16782:1747647663748:,1747647681269
counter/5/0/0/0,18529:1747647664785:,1747647681269
counter/10/0/0/0,18131:1747647663803:,1747647681270
counter/6/0/0/0,16783:1747647663748:,1747647681270
counter/5/0/0/0,18530:1747647664785:,1747647681270
counter/10/0/0/0,18132:1747647663811:,1747647681270
counter/6/0/0/0,16784:1747647663748:,1747647681270
counter/5/0/0/0,18531:1747647664785:,1747647681270
counter/10/0/0/0,18133:1747647663811:,1747647681270
counter/6/0/0/0,16785:1747647663756:,1747647681270
counter/5/0/0/0,18532:1747647664785:,1747647681270
counter/10/0/0/0,18134:1747647663811:,1747647681270
counter/6/0/0/0,16786:1747647663756:,1747647681270
counter/5/0/0/0,18533:1747647664785:,1747647681270
counter/10/0/0/0,18135:1747647663811:,1747647681270
counter/6/0/0/0,16787:1747647663756:,1747647681270
counter/5/0/0/0,18534:1747647664785:,1747647681270
counter/10/0/0/0,18136:1747647663811:,1747647681270
counter/6/0/0/0,16788:1747647663756:,1747647681270
counter/1/0/0/0,18359:1747647664988:,1747647681270
counter/5/0/0/0,18535:1747647664785:,1747647681270
counter/10/0/0/0,18137:1747647663811:,1747647681270
counter/6/0/0/0,16789:1747647663756:,1747647681270
counter/2/0/0/0,20677:1747647666872:,1747647681270
counter/5/0/0/0,18536:1747647664786:,1747647681270
counter/10/0/0/0,18138:1747647663816:,1747647681270
counter/6/0/0/0,16790:1747647663756:,1747647681270
counter/8/0/0/0,18795:1747647663831:,1747647681270
counter/9/0/0/0,20883:1747647665542:,1747647681270
counter/5/0/0/0,18537:1747647664786:,1747647681270
counter/10/0/0/0,18139:1747647663816:,1747647681270
counter/6/0/0/0,16791:1747647663756:,1747647681270
counter/5/0/0/0,18538:1747647664786:,1747647681270
counter/10/0/0/0,18140:1747647663816:,1747647681270
counter/6/0/0/0,16792:1747647663757:,1747647681270
counter/5/0/0/0,18539:1747647664787:,1747647681270
counter/10/0/0/0,18141:1747647663816:,1747647681270
counter/6/0/0/0,16793:1747647663757:,1747647681270
counter/9/0/0/0,20884:1747647665542:,1747647681270
counter/5/0/0/0,18540:1747647664787:,1747647681270
counter/10/0/0/0,18142:1747647663816:,1747647681270
counter/6/0/0/0,16794:1747647663757:,1747647681270
counter/4/0/0/0,17226:1747647664870:,1747647681270
counter/7/0/0/0,16454:1747647662792:,1747647681271
counter/5/0/0/0,18541:1747647664787:,1747647681271
counter/10/0/0/0,18143:1747647663816:,1747647681271
counter/6/0/0/0,16795:1747647663757:,1747647681271
counter/7/0/0/0,16455:1747647662792:,1747647681271
counter/5/0/0/0,18542:1747647664787:,1747647681271
counter/10/0/0/0,18144:1747647663816:,1747647681271
counter/6/0/0/0,16796:1747647663757:,1747647681271
counter/7/0/0/0,16456:1747647662792:,1747647681271
counter/5/0/0/0,18543:1747647664787:,1747647681271
counter/10/0/0/0,18145:1747647663816:,1747647681271
counter/6/0/0/0,16797:1747647663757:,1747647681271
counter/7/0/0/0,16457:1747647662792:,1747647681271
counter/5/0/0/0,18544:1747647664787:,1747647681271
counter/10/0/0/0,18146:1747647663817:,1747647681271
counter/6/0/0/0,16798:1747647663757:,1747647681271
counter/7/0/0/0,16458:1747647662792:,1747647681271
counter/5/0/0/0,18545:1747647664787:,1747647681271
counter/10/0/0/0,18147:1747647663817:,1747647681271
counter/6/0/0/0,16799:1747647663757:,1747647681271
counter/7/0/0/0,16459:1747647662793:,1747647681271
counter/5/0/0/0,18546:1747647664787:,1747647681271
counter/10/0/0/0,18148:1747647663817:,1747647681271
counter/6/0/0/0,16800:1747647663773:,1747647681271
counter/7/0/0/0,16460:1747647662793:,1747647681271
counter/5/0/0/0,18547:1747647664787:,1747647681271
counter/10/0/0/0,18149:1747647663817:,1747647681271
counter/6/0/0/0,16801:1747647663773:,1747647681271
counter/7/0/0/0,16461:1747647662793:,1747647681271
counter/5/0/0/0,18548:1747647664787:,1747647681271
counter/10/0/0/0,18150:1747647663817:,1747647681271
counter/6/0/0/0,16802:1747647663773:,1747647681271
counter/7/0/0/0,16462:1747647662793:,1747647681271
counter/5/0/0/0,18549:1747647664787:,1747647681271
counter/10/0/0/0,18151:1747647663817:,1747647681271
counter/6/0/0/0,16803:1747647663773:,1747647681271
counter/7/0/0/0,16463:1747647662794:,1747647681271
counter/5/0/0/0,18550:1747647664787:,1747647681271
counter/10/0/0/0,18152:1747647663817:,1747647681271
counter/6/0/0/0,16804:1747647663773:,1747647681271
counter/7/0/0/0,16464:1747647662794:,1747647681271
counter/5/0/0/0,18551:1747647664787:,1747647681271
counter/10/0/0/0,18153:1747647663817:,1747647681271
counter/6/0/0/0,16805:1747647663773:,1747647681271
counter/7/0/0/0,16465:1747647662795:,1747647681271
counter/5/0/0/0,18552:1747647664787:,1747647681271
counter/10/0/0/0,18154:1747647663817:,1747647681272
counter/6/0/0/0,16806:1747647663773:,1747647681272
counter/7/0/0/0,16466:1747647662795:,1747647681272
counter/5/0/0/0,18553:1747647664787:,1747647681272
counter/10/0/0/0,18155:1747647663817:,1747647681272
counter/6/0/0/0,16807:1747647663773:,1747647681272
counter/7/0/0/0,16467:1747647662796:,1747647681272
counter/5/0/0/0,18554:1747647664787:,1747647681272
counter/6/0/0/0,16808:1747647663773:,1747647681272
counter/7/0/0/0,16468:1747647662796:,1747647681272
counter/5/0/0/0,18555:1747647664787:,1747647681272
counter/6/0/0/0,16809:1747647663773:,1747647681272
counter/7/0/0/0,16469:1747647662796:,1747647681272
counter/5/0/0/0,18556:1747647664787:,1747647681272
counter/6/0/0/0,16810:1747647663773:,1747647681272
counter/7/0/0/0,16470:1747647662796:,1747647681272
counter/5/0/0/0,18557:1747647664787:,1747647681272
counter/6/0/0/0,16811:1747647663773:,1747647681272
counter/7/0/0/0,16471:1747647662796:,1747647681272
counter/5/0/0/0,18558:1747647664787:,1747647681272
counter/6/0/0/0,16812:1747647663773:,1747647681272
counter/7/0/0/0,16472:1747647662796:,1747647681272
counter/5/0/0/0,18559:1747647664787:,1747647681272
counter/6/0/0/0,16813:1747647663773:,1747647681272
counter/7/0/0/0,16473:1747647662796:,1747647681272
counter/5/0/0/0,18560:1747647664787:,1747647681272
counter/6/0/0/0,16814:1747647663773:,1747647681272
counter/7/0/0/0,16474:1747647662796:,1747647681272
counter/5/0/0/0,18561:1747647664787:,1747647681272
counter/6/0/0/0,16815:1747647663773:,1747647681272
counter/7/0/0/0,16475:1747647662796:,1747647681272
counter/5/0/0/0,18562:1747647664787:,1747647681272
counter/6/0/0/0,16816:1747647663773:,1747647681272
counter/7/0/0/0,16476:1747647662796:,1747647681272
counter/5/0/0/0,18563:1747647664789:,1747647681272
counter/6/0/0/0,16817:1747647663774:,1747647681272
counter/7/0/0/0,16477:1747647662796:,1747647681272
counter/5/0/0/0,18564:1747647664789:,1747647681272
counter/6/0/0/0,16818:1747647663774:,1747647681272
counter/7/0/0/0,16478:1747647662796:,1747647681272
counter/5/0/0/0,18565:1747647664789:,1747647681272
counter/6/0/0/0,16819:1747647663774:,1747647681272
counter/7/0/0/0,16479:1747647662796:,1747647681272
counter/5/0/0/0,18566:1747647664789:,1747647681272
counter/7/0/0/0,16480:1747647662796:,1747647681273
counter/5/0/0/0,18567:1747647664790:,1747647681273
counter/7/0/0/0,16481:1747647662796:,1747647681273
counter/5/0/0/0,18568:1747647664790:,1747647681273
counter/7/0/0/0,16482:1747647662796:,1747647681273
counter/5/0/0/0,18569:1747647664790:,1747647681273
counter/7/0/0/0,16483:1747647662805:,1747647681273
counter/5/0/0/0,18570:1747647664790:,1747647681273
counter/7/0/0/0,16484:1747647662805:,1747647681273
counter/5/0/0/0,18571:1747647664790:,1747647681273
counter/7/0/0/0,16485:1747647662805:,1747647681273
counter/5/0/0/0,18572:1747647664808:,1747647681273
counter/7/0/0/0,16486:1747647662805:,1747647681273
counter/5/0/0/0,18573:1747647664808:,1747647681273
counter/7/0/0/0,16487:1747647662805:,1747647681273
counter/5/0/0/0,18574:1747647664808:,1747647681273
counter/7/0/0/0,16488:1747647662805:,1747647681273
counter/5/0/0/0,18575:1747647664818:,1747647681273
counter/7/0/0/0,16489:1747647662805:,1747647681273
counter/5/0/0/0,18576:1747647664820:,1747647681273
counter/7/0/0/0,16490:1747647662805:,1747647681273
counter/5/0/0/0,18577:1747647664820:,1747647681273
counter/7/0/0/0,16491:1747647662809:,1747647681273
counter/5/0/0/0,18578:1747647664820:,1747647681273
counter/7/0/0/0,16492:1747647662809:,1747647681273
counter/2/0/0/0,20678:1747647666872:,1747647681273
counter/5/0/0/0,18579:1747647664820:,1747647681273
counter/7/0/0/0,16493:1747647662811:,1747647681273
counter/1/0/0/0,18360:1747647665001:,1747647681273
counter/5/0/0/0,18580:1747647664820:,1747647681273
counter/7/0/0/0,16494:1747647662811:,1747647681273
counter/5/0/0/0,18581:1747647664821:,1747647681273
counter/7/0/0/0,16495:1747647662812:,1747647681273
counter/5/0/0/0,18582:1747647664821:,1747647681273
counter/7/0/0/0,16496:1747647662812:,1747647681273
counter/5/0/0/0,18583:1747647664821:,1747647681273
counter/7/0/0/0,16497:1747647662812:,1747647681273
counter/5/0/0/0,18584:1747647664821:,1747647681274
counter/7/0/0/0,16498:1747647662812:,1747647681274
counter/5/0/0/0,18585:1747647664821:,1747647681274
counter/7/0/0/0,16499:1747647662812:,1747647681274
counter/5/0/0/0,18586:1747647664822:,1747647681274
counter/7/0/0/0,16500:1747647662812:,1747647681274
counter/5/0/0/0,18587:1747647664822:,1747647681274
counter/7/0/0/0,16501:1747647662812:,1747647681274
counter/5/0/0/0,18588:1747647664822:,1747647681274
counter/7/0/0/0,16502:1747647662812:,1747647681274
counter/5/0/0/0,18589:1747647664822:,1747647681274
counter/7/0/0/0,16503:1747647662812:,1747647681274
counter/5/0/0/0,18590:1747647664822:,1747647681274
counter/7/0/0/0,16504:1747647662812:,1747647681274
counter/5/0/0/0,18591:1747647664822:,1747647681274
counter/7/0/0/0,16505:1747647662812:,1747647681274
counter/5/0/0/0,18592:1747647664826:,1747647681274
counter/7/0/0/0,16506:1747647662812:,1747647681274
counter/5/0/0/0,18593:1747647664846:,1747647681274
counter/7/0/0/0,16507:1747647662812:,1747647681274
counter/5/0/0/0,18594:1747647664848:,1747647681274
counter/7/0/0/0,16508:1747647662812:,1747647681274
counter/5/0/0/0,18595:1747647664849:,1747647681274
counter/7/0/0/0,16509:1747647662812:,1747647681274
counter/5/0/0/0,18596:1747647664849:,1747647681274
counter/7/0/0/0,16510:1747647662812:,1747647681274
counter/5/0/0/0,18597:1747647664849:,1747647681274
counter/7/0/0/0,16511:1747647662821:,1747647681274
counter/5/0/0/0,18598:1747647664849:,1747647681274
counter/7/0/0/0,16512:1747647662821:,1747647681274
counter/5/0/0/0,18599:1747647664849:,1747647681274
counter/7/0/0/0,16513:1747647662821:,1747647681274
counter/5/0/0/0,18600:1747647664849:,1747647681274
counter/7/0/0/0,16514:1747647662821:,1747647681274
counter/5/0/0/0,18601:1747647664849:,1747647681274
counter/7/0/0/0,16515:1747647662821:,1747647681274
counter/5/0/0/0,18602:1747647664852:,1747647681274
counter/7/0/0/0,16516:1747647662821:,1747647681274
counter/5/0/0/0,18603:1747647664852:,1747647681274
counter/7/0/0/0,16517:1747647662821:,1747647681274
counter/5/0/0/0,18604:1747647664852:,1747647681275
counter/7/0/0/0,16518:1747647662821:,1747647681275
counter/5/0/0/0,18605:1747647664852:,1747647681275
counter/7/0/0/0,16519:1747647662821:,1747647681275
counter/5/0/0/0,18606:1747647664858:,1747647681275
counter/7/0/0/0,16520:1747647662821:,1747647681275
counter/5/0/0/0,18607:1747647664858:,1747647681275
counter/7/0/0/0,16521:1747647662821:,1747647681275
counter/5/0/0/0,18608:1747647664858:,1747647681275
counter/7/0/0/0,16522:1747647662822:,1747647681275
counter/5/0/0/0,18609:1747647664858:,1747647681275
counter/7/0/0/0,16523:1747647662822:,1747647681275
counter/5/0/0/0,18610:1747647664858:,1747647681275
counter/7/0/0/0,16524:1747647662822:,1747647681275
counter/3/0/0/0,17413:1747647664552:,1747647681275
counter/5/0/0/0,18611:1747647664858:,1747647681275
counter/7/0/0/0,16525:1747647662822:,1747647681275
counter/1/0/0/0,18361:1747647665001:,1747647681275
counter/5/0/0/0,18612:1747647664858:,1747647681275
counter/7/0/0/0,16526:1747647662823:,1747647681275
counter/2/0/0/0,20679:1747647666872:,1747647681275
counter/5/0/0/0,18613:1747647664859:,1747647681275
counter/7/0/0/0,16527:1747647662823:,1747647681275
counter/10/0/0/0,18156:1747647663817:,1747647681275
counter/9/0/0/0,20885:1747647665542:,1747647681275
counter/5/0/0/0,18614:1747647664859:,1747647681275
counter/7/0/0/0,16528:1747647662823:,1747647681275
counter/10/0/0/0,18157:1747647663817:,1747647681275
counter/5/0/0/0,18615:1747647664872:,1747647681275
counter/7/0/0/0,16529:1747647662823:,1747647681275
counter/10/0/0/0,18158:1747647663817:,1747647681275
counter/5/0/0/0,18616:1747647664887:,1747647681275
counter/7/0/0/0,16530:1747647662823:,1747647681275
counter/5/0/0/0,18617:1747647664887:,1747647681275
counter/7/0/0/0,16531:1747647662823:,1747647681275
counter/5/0/0/0,18618:1747647664887:,1747647681275
counter/7/0/0/0,16532:1747647662823:,1747647681275
counter/5/0/0/0,18619:1747647664887:,1747647681275
counter/7/0/0/0,16533:1747647662823:,1747647681275
counter/10/0/0/0,18159:1747647663817:,1747647681275
counter/5/0/0/0,18620:1747647664887:,1747647681275
counter/7/0/0/0,16534:1747647662823:,1747647681275
counter/1/0/0/0,18362:1747647665001:,1747647681275
counter/5/0/0/0,18621:1747647664887:,1747647681275
counter/7/0/0/0,16535:1747647662823:,1747647681275
counter/1/0/0/0,18363:1747647665001:,1747647681275
counter/5/0/0/0,18622:1747647664887:,1747647681275
counter/7/0/0/0,16536:1747647662823:,1747647681275
counter/1/0/0/0,18364:1747647665001:,1747647681276
counter/5/0/0/0,18623:1747647664887:,1747647681276
counter/7/0/0/0,16537:1747647662823:,1747647681276
counter/1/0/0/0,18365:1747647665001:,1747647681276
counter/5/0/0/0,18624:1747647664887:,1747647681276
counter/7/0/0/0,16538:1747647662823:,1747647681276
counter/1/0/0/0,18366:1747647665001:,1747647681276
counter/5/0/0/0,18625:1747647664887:,1747647681276
counter/7/0/0/0,16539:1747647662823:,1747647681276
counter/1/0/0/0,18367:1747647665001:,1747647681276
counter/5/0/0/0,18626:1747647664887:,1747647681276
counter/7/0/0/0,16540:1747647662823:,1747647681276
counter/1/0/0/0,18368:1747647665001:,1747647681276
counter/5/0/0/0,18627:1747647664887:,1747647681276
counter/7/0/0/0,16541:1747647662823:,1747647681276
counter/5/0/0/0,18628:1747647664887:,1747647681276
counter/7/0/0/0,16542:1747647662823:,1747647681276
counter/5/0/0/0,18629:1747647664887:,1747647681276
counter/7/0/0/0,16543:1747647662830:,1747647681276
counter/5/0/0/0,18630:1747647664887:,1747647681276
counter/7/0/0/0,16544:1747647662832:,1747647681276
counter/5/0/0/0,18631:1747647664887:,1747647681276
counter/7/0/0/0,16545:1747647662832:,1747647681276
counter/5/0/0/0,18632:1747647664887:,1747647681276
counter/7/0/0/0,16546:1747647662832:,1747647681276
counter/10/0/0/0,18160:1747647663817:,1747647681276
counter/5/0/0/0,18633:1747647664887:,1747647681276
counter/7/0/0/0,16547:1747647662833:,1747647681276
counter/9/0/0/0,20886:1747647665542:,1747647681276
counter/1/0/0/0,18369:1747647665001:,1747647681276
counter/5/0/0/0,18634:1747647664894:,1747647681276
counter/7/0/0/0,16548:1747647662833:,1747647681276
counter/5/0/0/0,18635:1747647664894:,1747647681276
counter/7/0/0/0,16549:1747647662833:,1747647681276
counter/5/0/0/0,18636:1747647664894:,1747647681276
counter/7/0/0/0,16550:1747647662833:,1747647681276
counter/9/0/0/0,20887:1747647665542:,1747647681276
counter/5/0/0/0,18637:1747647664894:,1747647681276
counter/7/0/0/0,16551:1747647662834:,1747647681276
counter/1/0/0/0,18370:1747647665001:,1747647681276
counter/5/0/0/0,18638:1747647664894:,1747647681276
counter/7/0/0/0,16552:1747647662834:,1747647681277
counter/1/0/0/0,18371:1747647665001:,1747647681277
counter/5/0/0/0,18639:1747647664894:,1747647681277
counter/7/0/0/0,16553:1747647662834:,1747647681277
counter/1/0/0/0,18372:1747647665001:,1747647681277
counter/5/0/0/0,18640:1747647664894:,1747647681277
counter/7/0/0/0,16554:1747647662834:,1747647681277
counter/1/0/0/0,18373:1747647665001:,1747647681277
counter/5/0/0/0,18641:1747647664894:,1747647681277
counter/7/0/0/0,16555:1747647662834:,1747647681277
counter/1/0/0/0,18374:1747647665001:,1747647681277
counter/5/0/0/0,18642:1747647664894:,1747647681277
counter/7/0/0/0,16556:1747647662840:,1747647681277
counter/1/0/0/0,18375:1747647665002:,1747647681277
counter/5/0/0/0,18643:1747647664894:,1747647681277
counter/7/0/0/0,16557:1747647662840:,1747647681277
counter/1/0/0/0,18376:1747647665002:,1747647681277
counter/8/0/0/0,18796:1747647663831:,1747647681277
counter/5/0/0/0,18644:1747647664894:,1747647681277
counter/7/0/0/0,16558:1747647662840:,1747647681277
counter/1/0/0/0,18377:1747647665002:,1747647681277
counter/8/0/0/0,18797:1747647663831:,1747647681277
counter/9/0/0/0,20888:1747647665542:,1747647681277
counter/5/0/0/0,18645:1747647664898:,1747647681277
counter/7/0/0/0,16559:1747647662840:,1747647681277
counter/1/0/0/0,18378:1747647665002:,1747647681277
counter/8/0/0/0,18798:1747647663831:,1747647681277
counter/5/0/0/0,18646:1747647664898:,1747647681277
counter/7/0/0/0,16560:1747647662840:,1747647681277
counter/1/0/0/0,18379:1747647665002:,1747647681277
counter/8/0/0/0,18799:1747647663831:,1747647681277
counter/5/0/0/0,18647:1747647664898:,1747647681277
counter/7/0/0/0,16561:1747647662840:,1747647681277
counter/1/0/0/0,18380:1747647665002:,1747647681277
counter/8/0/0/0,18800:1747647663831:,1747647681277
counter/5/0/0/0,18648:1747647664898:,1747647681277
counter/7/0/0/0,16562:1747647662840:,1747647681277
counter/1/0/0/0,18381:1747647665002:,1747647681278
counter/8/0/0/0,18801:1747647663831:,1747647681278
counter/5/0/0/0,18649:1747647664898:,1747647681278
counter/7/0/0/0,16563:1747647662840:,1747647681278
counter/1/0/0/0,18382:1747647665007:,1747647681278
counter/8/0/0/0,18802:1747647663831:,1747647681278
counter/5/0/0/0,18650:1747647664898:,1747647681278
counter/7/0/0/0,16564:1747647662840:,1747647681278
counter/1/0/0/0,18383:1747647665007:,1747647681278
counter/8/0/0/0,18803:1747647663833:,1747647681278
counter/5/0/0/0,18651:1747647664898:,1747647681278
counter/7/0/0/0,16565:1747647662840:,1747647681278
counter/1/0/0/0,18384:1747647665007:,1747647681278
counter/8/0/0/0,18804:1747647663833:,1747647681278
counter/5/0/0/0,18652:1747647664910:,1747647681278
counter/7/0/0/0,16566:1747647662840:,1747647681278
counter/1/0/0/0,18385:1747647665007:,1747647681278
counter/8/0/0/0,18805:1747647663833:,1747647681278
counter/5/0/0/0,18653:1747647664910:,1747647681278
counter/7/0/0/0,16567:1747647662840:,1747647681278
counter/8/0/0/0,18806:1747647663833:,1747647681278
counter/5/0/0/0,18654:1747647664910:,1747647681278
counter/7/0/0/0,16568:1747647662840:,1747647681278
counter/8/0/0/0,18807:1747647663833:,1747647681278
counter/5/0/0/0,18655:1747647664910:,1747647681278
counter/7/0/0/0,16569:1747647662840:,1747647681278
counter/8/0/0/0,18808:1747647663833:,1747647681278
counter/5/0/0/0,18656:1747647664910:,1747647681278
counter/7/0/0/0,16570:1747647662840:,1747647681278
counter/8/0/0/0,18809:1747647663833:,1747647681278
counter/5/0/0/0,18657:1747647664910:,1747647681278
counter/7/0/0/0,16571:1747647662840:,1747647681278
counter/8/0/0/0,18810:1747647663833:,1747647681278
counter/5/0/0/0,18658:1747647664910:,1747647681278
counter/7/0/0/0,16572:1747647662842:,1747647681278
counter/8/0/0/0,18811:1747647663833:,1747647681278
counter/10/0/0/0,18161:1747647663817:,1747647681278
counter/4/0/0/0,17227:1747647664870:,1747647681278
counter/5/0/0/0,18659:1747647664910:,1747647681279
counter/7/0/0/0,16573:1747647662842:,1747647681279
counter/8/0/0/0,18812:1747647663833:,1747647681279
counter/5/0/0/0,18660:1747647664910:,1747647681279
counter/7/0/0/0,16574:1747647662842:,1747647681279
counter/8/0/0/0,18813:1747647663833:,1747647681279
counter/5/0/0/0,18661:1747647664910:,1747647681279
counter/7/0/0/0,16575:1747647662842:,1747647681279
counter/8/0/0/0,18814:1747647663833:,1747647681279
counter/5/0/0/0,18662:1747647664910:,1747647681279
counter/7/0/0/0,16576:1747647662842:,1747647681279
counter/8/0/0/0,18815:1747647663833:,1747647681279
counter/5/0/0/0,18663:1747647664910:,1747647681279
counter/7/0/0/0,16577:1747647662842:,1747647681279
counter/8/0/0/0,18816:1747647663833:,1747647681279
counter/4/0/0/0,17228:1747647664882:,1747647681279
counter/9/0/0/0,20889:1747647665542:,1747647681279
counter/5/0/0/0,18664:1747647664910:,1747647681279
counter/7/0/0/0,16578:1747647662842:,1747647681279
counter/8/0/0/0,18817:1747647663833:,1747647681279
counter/9/0/0/0,20890:1747647665542:,1747647681279
counter/5/0/0/0,18665:1747647664910:,1747647681279
counter/7/0/0/0,16579:1747647662842:,1747647681279
counter/8/0/0/0,18818:1747647663833:,1747647681279
counter/9/0/0/0,20891:1747647665542:,1747647681279
counter/5/0/0/0,18666:1747647664910:,1747647681279
counter/7/0/0/0,16580:1747647662842:,1747647681279
counter/8/0/0/0,18819:1747647663836:,1747647681279
counter/9/0/0/0,20892:1747647665542:,1747647681279
counter/5/0/0/0,18667:1747647664910:,1747647681279
counter/7/0/0/0,16581:1747647662843:,1747647681279
counter/8/0/0/0,18820:1747647663836:,1747647681279
counter/9/0/0/0,20893:1747647665542:,1747647681279
counter/5/0/0/0,18668:1747647664918:,1747647681279
counter/7/0/0/0,16582:1747647662843:,1747647681279
counter/8/0/0/0,18821:1747647663837:,1747647681279
counter/9/0/0/0,20894:1747647665542:,1747647681279
counter/5/0/0/0,18669:1747647664918:,1747647681280
counter/7/0/0/0,16583:1747647662843:,1747647681280
counter/8/0/0/0,18822:1747647663837:,1747647681280
counter/9/0/0/0,20895:1747647665542:,1747647681280
counter/5/0/0/0,18670:1747647664918:,1747647681280
counter/7/0/0/0,16584:1747647662843:,1747647681280
counter/8/0/0/0,18823:1747647663837:,1747647681280
counter/9/0/0/0,20896:1747647665542:,1747647681280
counter/5/0/0/0,18671:1747647664918:,1747647681280
counter/7/0/0/0,16585:1747647662843:,1747647681280
counter/8/0/0/0,18824:1747647663837:,1747647681280
counter/9/0/0/0,20897:1747647665544:,1747647681280
counter/5/0/0/0,18672:1747647664918:,1747647681280
counter/7/0/0/0,16586:1747647662843:,1747647681280
counter/8/0/0/0,18825:1747647663837:,1747647681280
counter/9/0/0/0,20898:1747647665544:,1747647681280
counter/5/0/0/0,18673:1747647664918:,1747647681280
counter/7/0/0/0,16587:1747647662843:,1747647681280
counter/8/0/0/0,18826:1747647663837:,1747647681280
counter/9/0/0/0,20899:1747647665544:,1747647681280
counter/10/0/0/0,18162:1747647663817:,1747647681280
counter/5/0/0/0,18674:1747647664918:,1747647681280
counter/7/0/0/0,16588:1747647662843:,1747647681280
counter/8/0/0/0,18827:1747647663837:,1747647681280
counter/9/0/0/0,20900:1747647665544:,1747647681280
counter/5/0/0/0,18675:1747647664918:,1747647681280
counter/7/0/0/0,16589:1747647662843:,1747647681280
counter/8/0/0/0,18828:1747647663837:,1747647681280
counter/9/0/0/0,20901:1747647665544:,1747647681280
counter/2/0/0/0,20680:1747647666872:,1747647681280
counter/5/0/0/0,18676:1747647664918:,1747647681280
counter/7/0/0/0,16590:1747647662843:,1747647681280
counter/8/0/0/0,18829:1747647663837:,1747647681280
counter/9/0/0/0,20902:1747647665544:,1747647681280
counter/5/0/0/0,18677:1747647664918:,1747647681280
counter/7/0/0/0,16591:1747647662843:,1747647681280
counter/8/0/0/0,18830:1747647663837:,1747647681280
counter/9/0/0/0,20903:1747647665544:,1747647681280
counter/3/0/0/0,17414:1747647664552:,1747647681280
counter/5/0/0/0,18678:1747647664922:,1747647681280
counter/7/0/0/0,16592:1747647662843:,1747647681280
counter/8/0/0/0,18831:1747647663837:,1747647681280
counter/9/0/0/0,20904:1747647665544:,1747647681280
counter/5/0/0/0,18679:1747647664922:,1747647681281
counter/7/0/0/0,16593:1747647662843:,1747647681281
counter/8/0/0/0,18832:1747647663837:,1747647681281
counter/9/0/0/0,20905:1747647665544:,1747647681281
counter/5/0/0/0,18680:1747647664922:,1747647681281
counter/7/0/0/0,16594:1747647662843:,1747647681281
counter/8/0/0/0,18833:1747647663837:,1747647681281
counter/9/0/0/0,20906:1747647665544:,1747647681281
counter/5/0/0/0,18681:1747647664922:,1747647681281
counter/7/0/0/0,16595:1747647662843:,1747647681281
counter/8/0/0/0,18834:1747647663837:,1747647681281
counter/9/0/0/0,20907:1747647665544:,1747647681281
counter/5/0/0/0,18682:1747647664922:,1747647681281
counter/7/0/0/0,16596:1747647662843:,1747647681281
counter/8/0/0/0,18835:1747647663837:,1747647681281
counter/9/0/0/0,20908:1747647665544:,1747647681281
counter/5/0/0/0,18683:1747647664941:,1747647681281
counter/7/0/0/0,16597:1747647662843:,1747647681281
counter/8/0/0/0,18836:1747647663837:,1747647681281
counter/9/0/0/0,20909:1747647665544:,1747647681281
counter/5/0/0/0,18684:1747647664941:,1747647681281
counter/7/0/0/0,16598:1747647662843:,1747647681281
counter/8/0/0/0,18837:1747647663837:,1747647681281
counter/9/0/0/0,20910:1747647665547:,1747647681281
counter/5/0/0/0,18685:1747647664941:,1747647681281
counter/7/0/0/0,16599:1747647662843:,1747647681281
counter/8/0/0/0,18838:1747647663837:,1747647681281
counter/9/0/0/0,20911:1747647665547:,1747647681281
counter/5/0/0/0,18686:1747647664941:,1747647681281
counter/7/0/0/0,16600:1747647662843:,1747647681281
counter/8/0/0/0,18839:1747647663837:,1747647681281
counter/9/0/0/0,20912:1747647665547:,1747647681281
counter/5/0/0/0,18687:1747647664941:,1747647681281
counter/7/0/0/0,16601:1747647662843:,1747647681281
counter/8/0/0/0,18840:1747647663837:,1747647681281
counter/9/0/0/0,20913:1747647665547:,1747647681281
counter/5/0/0/0,18688:1747647664941:,1747647681281
counter/7/0/0/0,16602:1747647662843:,1747647681281
counter/8/0/0/0,18841:1747647663837:,1747647681281
counter/9/0/0/0,20914:1747647665547:,1747647681281
counter/5/0/0/0,18689:1747647664943:,1747647681281
counter/7/0/0/0,16603:1747647662846:,1747647681282
counter/8/0/0/0,18842:1747647663837:,1747647681282
counter/9/0/0/0,20915:1747647665547:,1747647681282
counter/5/0/0/0,18690:1747647664943:,1747647681282
counter/7/0/0/0,16604:1747647662846:,1747647681282
counter/8/0/0/0,18843:1747647663837:,1747647681282
counter/9/0/0/0,20916:1747647665547:,1747647681282
counter/2/0/0/0,20681:1747647666872:,1747647681282
counter/5/0/0/0,18691:1747647664955:,1747647681282
counter/7/0/0/0,16605:1747647662846:,1747647681282
counter/8/0/0/0,18844:1747647663837:,1747647681282
counter/9/0/0/0,20917:1747647665547:,1747647681282
counter/3/0/0/0,17415:1747647664552:,1747647681282
counter/5/0/0/0,18692:1747647664955:,1747647681282
counter/7/0/0/0,16606:1747647662857:,1747647681282
counter/8/0/0/0,18845:1747647663837:,1747647681282
counter/9/0/0/0,20918:1747647665547:,1747647681282
counter/10/0/0/0,18163:1747647663817:,1747647681282
counter/5/0/0/0,18693:1747647664955:,1747647681282
counter/7/0/0/0,16607:1747647662857:,1747647681282
counter/8/0/0/0,18846:1747647663851:,1747647681282
counter/6/0/0/0,16820:1747647663774:,1747647681282
counter/1/0/0/0,18386:1747647665007:,1747647681282
counter/5/0/0/0,18694:1747647664956:,1747647681282
counter/7/0/0/0,16608:1747647662857:,1747647681282
counter/8/0/0/0,18847:1747647663852:,1747647681282
counter/1/0/0/0,18387:1747647665011:,1747647681282
counter/5/0/0/0,18695:1747647664956:,1747647681282
counter/7/0/0/0,16609:1747647662857:,1747647681282
counter/8/0/0/0,18848:1747647663852:,1747647681282
counter/1/0/0/0,18388:1747647665011:,1747647681282
counter/5/0/0/0,18696:1747647664956:,1747647681282
counter/7/0/0/0,16610:1747647662860:,1747647681282
counter/8/0/0/0,18849:1747647663852:,1747647681282
counter/1/0/0/0,18389:1747647665011:,1747647681282
counter/5/0/0/0,18697:1747647664956:,1747647681282
counter/7/0/0/0,16611:1747647662860:,1747647681282
counter/8/0/0/0,18850:1747647663852:,1747647681283
counter/1/0/0/0,18390:1747647665011:,1747647681283
counter/5/0/0/0,18698:1747647664956:,1747647681283
counter/7/0/0/0,16612:1747647662860:,1747647681283
counter/1/0/0/0,18391:1747647665021:,1747647681283
counter/5/0/0/0,18699:1747647664956:,1747647681283
counter/7/0/0/0,16613:1747647662860:,1747647681283
counter/5/0/0/0,18700:1747647664956:,1747647681283
counter/7/0/0/0,16614:1747647662860:,1747647681283
counter/5/0/0/0,18701:1747647664956:,1747647681283
counter/7/0/0/0,16615:1747647662861:,1747647681283
counter/5/0/0/0,18702:1747647664957:,1747647681283
counter/7/0/0/0,16616:1747647662861:,1747647681283
counter/5/0/0/0,18703:1747647664957:,1747647681283
counter/7/0/0/0,16617:1747647662861:,1747647681283
counter/5/0/0/0,18704:1747647664957:,1747647681283
counter/7/0/0/0,16618:1747647662861:,1747647681283
counter/5/0/0/0,18705:1747647664957:,1747647681283
counter/7/0/0/0,16619:1747647662861:,1747647681283
counter/5/0/0/0,18706:1747647664957:,1747647681283
counter/7/0/0/0,16620:1747647662861:,1747647681283
counter/5/0/0/0,18707:1747647664957:,1747647681283
counter/7/0/0/0,16621:1747647662861:,1747647681283
counter/5/0/0/0,18708:1747647664957:,1747647681283
counter/7/0/0/0,16622:1747647662861:,1747647681283
counter/5/0/0/0,18709:1747647664957:,1747647681283
counter/7/0/0/0,16623:1747647662861:,1747647681283
counter/5/0/0/0,18710:1747647664957:,1747647681283
counter/7/0/0/0,16624:1747647662861:,1747647681283
counter/5/0/0/0,18711:1747647664957:,1747647681283
counter/7/0/0/0,16625:1747647662866:,1747647681283
counter/5/0/0/0,18712:1747647664957:,1747647681283
counter/7/0/0/0,16626:1747647662866:,1747647681283
counter/5/0/0/0,18713:1747647664957:,1747647681283
counter/7/0/0/0,16627:1747647662867:,1747647681283
counter/5/0/0/0,18714:1747647664957:,1747647681283
counter/7/0/0/0,16628:1747647662868:,1747647681283
counter/5/0/0/0,18715:1747647664957:,1747647681283
counter/7/0/0/0,16629:1747647662868:,1747647681283
counter/5/0/0/0,18716:1747647664957:,1747647681283
counter/7/0/0/0,16630:1747647662868:,1747647681283
counter/5/0/0/0,18717:1747647664957:,1747647681284
counter/5/0/0/0,18718:1747647664957:,1747647681284
counter/5/0/0/0,18719:1747647664957:,1747647681284
counter/5/0/0/0,18720:1747647664957:,1747647681284
counter/5/0/0/0,18721:1747647664957:,1747647681284
counter/5/0/0/0,18722:1747647664957:,1747647681284
counter/5/0/0/0,18723:1747647664957:,1747647681284
counter/5/0/0/0,18724:1747647664957:,1747647681284
counter/5/0/0/0,18725:1747647664966:,1747647681284
counter/5/0/0/0,18726:1747647664966:,1747647681284
counter/5/0/0/0,18727:1747647664967:,1747647681284
counter/5/0/0/0,18728:1747647664967:,1747647681284
counter/5/0/0/0,18729:1747647664967:,1747647681284
counter/5/0/0/0,18730:1747647664967:,1747647681284
counter/5/0/0/0,18731:1747647664967:,1747647681284
counter/5/0/0/0,18732:1747647664967:,1747647681284
counter/5/0/0/0,18733:1747647664967:,1747647681284
counter/5/0/0/0,18734:1747647664967:,1747647681284
counter/5/0/0/0,18735:1747647664967:,1747647681284
counter/5/0/0/0,18736:1747647664967:,1747647681284
counter/5/0/0/0,18737:1747647664967:,1747647681284
counter/5/0/0/0,18738:1747647664967:,1747647681284
counter/5/0/0/0,18739:1747647664971:,1747647681284
counter/5/0/0/0,18740:1747647664971:,1747647681284
counter/5/0/0/0,18741:1747647664971:,1747647681284
counter/5/0/0/0,18742:1747647664971:,1747647681284
counter/5/0/0/0,18743:1747647664977:,1747647681284
counter/5/0/0/0,18744:1747647664977:,1747647681284
counter/5/0/0/0,18745:1747647664977:,1747647681284
counter/5/0/0/0,18746:1747647664977:,1747647681284
counter/5/0/0/0,18747:1747647664977:,1747647681284
counter/5/0/0/0,18748:1747647664977:,1747647681284
counter/5/0/0/0,18749:1747647664978:,1747647681284
counter/5/0/0/0,18750:1747647664978:,1747647681285
counter/5/0/0/0,18751:1747647664978:,1747647681285
counter/5/0/0/0,18752:1747647664978:,1747647681285
counter/5/0/0/0,18753:1747647664978:,1747647681285
counter/5/0/0/0,18754:1747647664978:,1747647681285
counter/5/0/0/0,18755:1747647664980:,1747647681285
counter/5/0/0/0,18756:1747647664980:,1747647681285
counter/5/0/0/0,18757:1747647664980:,1747647681285
counter/5/0/0/0,18758:1747647664980:,1747647681285
counter/5/0/0/0,18759:1747647664980:,1747647681285
counter/10/0/0/0,18164:1747647663817:,1747647681285
counter/5/0/0/0,18760:1747647664980:,1747647681285
counter/2/0/0/0,20682:1747647666872:,1747647681285
counter/5/0/0/0,18761:1747647664980:,1747647681285
counter/10/0/0/0,18165:1747647663817:,1747647681285
counter/3/0/0/0,17416:1747647664552:,1747647681285
counter/5/0/0/0,18762:1747647664980:,1747647681285
counter/4/0/0/0,17229:1747647664884:,1747647681285
counter/6/0/0/0,16821:1747647663774:,1747647681285
counter/5/0/0/0,18763:1747647664980:,1747647681285
counter/9/0/0/0,20919:1747647665547:,1747647681285
counter/7/0/0/0,16631:1747647662868:,1747647681285
counter/5/0/0/0,18764:1747647664980:,1747647681285
counter/5/0/0/0,18765:1747647664980:,1747647681285
counter/5/0/0/0,18766:1747647664980:,1747647681285
counter/5/0/0/0,18767:1747647664980:,1747647681285
counter/5/0/0/0,18768:1747647664980:,1747647681285
counter/4/0/0/0,17230:1747647664889:,1747647681285
counter/5/0/0/0,18769:1747647664986:,1747647681285
counter/6/0/0/0,16822:1747647663774:,1747647681285
counter/5/0/0/0,18770:1747647664986:,1747647681285
counter/9/0/0/0,20920:1747647665547:,1747647681285
counter/5/0/0/0,18771:1747647664986:,1747647681285
counter/7/0/0/0,16632:1747647662868:,1747647681285
counter/1/0/0/0,18392:1747647665021:,1747647681285
counter/5/0/0/0,18772:1747647664986:,1747647681285
counter/2/0/0/0,20683:1747647666872:,1747647681285
counter/5/0/0/0,18773:1747647664986:,1747647681285
counter/10/0/0/0,18166:1747647663817:,1747647681285
counter/5/0/0/0,18774:1747647664987:,1747647681285
counter/5/0/0/0,18775:1747647664987:,1747647681285
counter/5/0/0/0,18776:1747647664987:,1747647681285
counter/5/0/0/0,18777:1747647664987:,1747647681285
counter/5/0/0/0,18778:1747647664987:,1747647681286
counter/5/0/0/0,18779:1747647664987:,1747647681286
counter/5/0/0/0,18780:1747647664987:,1747647681286
counter/5/0/0/0,18781:1747647664987:,1747647681286
counter/5/0/0/0,18782:1747647664987:,1747647681286
counter/5/0/0/0,18783:1747647664987:,1747647681286
counter/5/0/0/0,18784:1747647664987:,1747647681286
counter/10/0/0/0,18167:1747647663818:,1747647681286
counter/5/0/0/0,18785:1747647664987:,1747647681286
counter/4/0/0/0,17231:1747647664899:,1747647681286
counter/6/0/0/0,16823:1747647663774:,1747647681286
counter/5/0/0/0,18786:1747647664987:,1747647681286
counter/9/0/0/0,20921:1747647665552:,1747647681286
counter/7/0/0/0,16633:1747647662869:,1747647681286
counter/5/0/0/0,18787:1747647664987:,1747647681286
counter/1/0/0/0,18393:1747647665021:,1747647681286
counter/2/0/0/0,20684:1747647666873:,1747647681286
counter/5/0/0/0,18788:1747647664994:,1747647681286
counter/5/0/0/0,18789:1747647664994:,1747647681286
counter/5/0/0/0,18790:1747647664994:,1747647681286
counter/5/0/0/0,18791:1747647664994:,1747647681286
counter/5/0/0/0,18792:1747647665000:,1747647681286
counter/5/0/0/0,18793:1747647665000:,1747647681286
counter/5/0/0/0,18794:1747647665000:,1747647681286
counter/5/0/0/0,18795:1747647665000:,1747647681286
counter/5/0/0/0,18796:1747647665000:,1747647681286
counter/7/0/0/0,16634:1747647662869:,1747647681286
counter/5/0/0/0,18797:1747647665000:,1747647681286
counter/1/0/0/0,18394:1747647665021:,1747647681286
counter/5/0/0/0,18798:1747647665000:,1747647681286
counter/2/0/0/0,20685:1747647666873:,1747647681286
counter/3/0/0/0,17417:1747647664552:,1747647681286
counter/5/0/0/0,18799:1747647665000:,1747647681286
counter/4/0/0/0,17232:1747647664899:,1747647681286
counter/10/0/0/0,18168:1747647663818:,1747647681286
counter/5/0/0/0,18800:1747647665012:,1747647681286
counter/6/0/0/0,16824:1747647663774:,1747647681286
counter/5/0/0/0,18801:1747647665012:,1747647681286
counter/5/0/0/0,18802:1747647665012:,1747647681286
counter/5/0/0/0,18803:1747647665012:,1747647681286
counter/5/0/0/0,18804:1747647665012:,1747647681286
counter/5/0/0/0,18805:1747647665012:,1747647681286
counter/5/0/0/0,18806:1747647665012:,1747647681286
counter/5/0/0/0,18807:1747647665012:,1747647681287
counter/5/0/0/0,18808:1747647665012:,1747647681287
counter/5/0/0/0,18809:1747647665012:,1747647681287
counter/5/0/0/0,18810:1747647665012:,1747647681287
counter/5/0/0/0,18811:1747647665012:,1747647681287
counter/5/0/0/0,18812:1747647665012:,1747647681287
counter/5/0/0/0,18813:1747647665027:,1747647681287
counter/5/0/0/0,18814:1747647665027:,1747647681287
counter/5/0/0/0,18815:1747647665027:,1747647681287
counter/5/0/0/0,18816:1747647665027:,1747647681287
counter/5/0/0/0,18817:1747647665027:,1747647681287
counter/5/0/0/0,18818:1747647665027:,1747647681287
counter/5/0/0/0,18819:1747647665027:,1747647681287
counter/5/0/0/0,18820:1747647665031:,1747647681287
counter/5/0/0/0,18821:1747647665031:,1747647681287
counter/5/0/0/0,18822:1747647665031:,1747647681287
counter/5/0/0/0,18823:1747647665031:,1747647681287
counter/5/0/0/0,18824:1747647665031:,1747647681287
counter/5/0/0/0,18825:1747647665031:,1747647681287
counter/5/0/0/0,18826:1747647665031:,1747647681287
counter/5/0/0/0,18827:1747647665031:,1747647681287
counter/5/0/0/0,18828:1747647665031:,1747647681287
counter/5/0/0/0,18829:1747647665031:,1747647681287
counter/5/0/0/0,18830:1747647665031:,1747647681287
counter/5/0/0/0,18831:1747647665031:,1747647681287
counter/5/0/0/0,18832:1747647665031:,1747647681287
counter/5/0/0/0,18833:1747647665032:,1747647681287
counter/5/0/0/0,18834:1747647665032:,1747647681287
counter/5/0/0/0,18835:1747647665032:,1747647681287
counter/5/0/0/0,18836:1747647665032:,1747647681287
counter/5/0/0/0,18837:1747647665032:,1747647681287
counter/5/0/0/0,18838:1747647665032:,1747647681287
counter/5/0/0/0,18839:1747647665032:,1747647681287
counter/5/0/0/0,18840:1747647665034:,1747647681287
counter/5/0/0/0,18841:1747647665034:,1747647681287
counter/5/0/0/0,18842:1747647665035:,1747647681287
counter/5/0/0/0,18843:1747647665035:,1747647681287
counter/1/0/0/0,18395:1747647665021:,1747647681287
counter/5/0/0/0,18844:1747647665049:,1747647681287
counter/10/0/0/0,18169:1747647663818:,1747647681287
counter/5/0/0/0,18845:1747647665049:,1747647681287
counter/4/0/0/0,17233:1747647664900:,1747647681288
counter/5/0/0/0,18846:1747647665049:,1747647681288
counter/2/0/0/0,20686:1747647666873:,1747647681288
counter/5/0/0/0,18847:1747647665049:,1747647681288
counter/6/0/0/0,16825:1747647663774:,1747647681288
counter/9/0/0/0,20922:1747647665552:,1747647681288
counter/5/0/0/0,18848:1747647665049:,1747647681288
counter/7/0/0/0,16635:1747647662869:,1747647681288
counter/5/0/0/0,18849:1747647665049:,1747647681288
counter/5/0/0/0,18850:1747647665049:,1747647681288
counter/5/0/0/0,18851:1747647665049:,1747647681288
counter/5/0/0/0,18852:1747647665049:,1747647681288
counter/5/0/0/0,18853:1747647665049:,1747647681288
counter/5/0/0/0,18854:1747647665049:,1747647681288
counter/5/0/0/0,18855:1747647665049:,1747647681288
counter/5/0/0/0,18856:1747647665049:,1747647681288
counter/2/0/0/0,20687:1747647666873:,1747647681288
counter/5/0/0/0,18857:1747647665049:,1747647681288
counter/1/0/0/0,18396:1747647665021:,1747647681288
counter/5/0/0/0,18858:1747647665050:,1747647681288
counter/10/0/0/0,18170:1747647663823:,1747647681288
counter/4/0/0/0,17234:1747647664900:,1747647681288
counter/5/0/0/0,18859:1747647665050:,1747647681288
counter/10/0/0/0,18171:1747647663823:,1747647681288
counter/6/0/0/0,16826:1747647663774:,1747647681288
counter/5/0/0/0,18860:1747647665051:,1747647681288
counter/6/0/0/0,16827:1747647663774:,1747647681288
counter/5/0/0/0,18861:1747647665051:,1747647681288
counter/6/0/0/0,16828:1747647663774:,1747647681288
counter/5/0/0/0,18862:1747647665051:,1747647681288
counter/6/0/0/0,16829:1747647663774:,1747647681288
counter/5/0/0/0,18863:1747647665051:,1747647681288
counter/6/0/0/0,16830:1747647663774:,1747647681288
counter/5/0/0/0,18864:1747647665052:,1747647681288
counter/6/0/0/0,16831:1747647663774:,1747647681288
counter/5/0/0/0,18865:1747647665052:,1747647681288
counter/6/0/0/0,16832:1747647663774:,1747647681288
counter/5/0/0/0,18866:1747647665052:,1747647681288
counter/6/0/0/0,16833:1747647663774:,1747647681288
counter/5/0/0/0,18867:1747647665052:,1747647681288
counter/6/0/0/0,16834:1747647663774:,1747647681288
counter/5/0/0/0,18868:1747647665052:,1747647681288
counter/6/0/0/0,16835:1747647663774:,1747647681288
counter/5/0/0/0,18869:1747647665052:,1747647681288
counter/5/0/0/0,18870:1747647665052:,1747647681288
counter/5/0/0/0,18871:1747647665052:,1747647681288
counter/5/0/0/0,18872:1747647665052:,1747647681289
counter/5/0/0/0,18873:1747647665052:,1747647681289
counter/5/0/0/0,18874:1747647665052:,1747647681289
counter/5/0/0/0,18875:1747647665052:,1747647681289
counter/5/0/0/0,18876:1747647665052:,1747647681289
counter/5/0/0/0,18877:1747647665061:,1747647681289
counter/5/0/0/0,18878:1747647665061:,1747647681289
counter/5/0/0/0,18879:1747647665061:,1747647681289
counter/5/0/0/0,18880:1747647665061:,1747647681289
counter/5/0/0/0,18881:1747647665061:,1747647681289
counter/5/0/0/0,18882:1747647665061:,1747647681289
counter/5/0/0/0,18883:1747647665061:,1747647681289
counter/5/0/0/0,18884:1747647665061:,1747647681289
counter/5/0/0/0,18885:1747647665061:,1747647681289
counter/5/0/0/0,18886:1747647665061:,1747647681289
counter/5/0/0/0,18887:1747647665061:,1747647681289
counter/2/0/0/0,20688:1747647666877:,1747647681289
counter/5/0/0/0,18888:1747647665062:,1747647681289
counter/1/0/0/0,18397:1747647665021:,1747647681289
counter/5/0/0/0,18889:1747647665062:,1747647681289
counter/9/0/0/0,20923:1747647665552:,1747647681289
counter/5/0/0/0,18890:1747647665062:,1747647681289
counter/6/0/0/0,16836:1747647663774:,1747647681289
counter/4/0/0/0,17235:1747647664900:,1747647681289
counter/5/0/0/0,18891:1747647665062:,1747647681289
counter/10/0/0/0,18172:1747647663823:,1747647681289
counter/7/0/0/0,16636:1747647662869:,1747647681289
counter/5/0/0/0,18892:1747647665062:,1747647681289
counter/5/0/0/0,18893:1747647665062:,1747647681289
counter/5/0/0/0,18894:1747647665065:,1747647681289
counter/9/0/0/0,20924:1747647665552:,1747647681289
counter/5/0/0/0,18895:1747647665065:,1747647681289
counter/6/0/0/0,16837:1747647663775:,1747647681289
counter/5/0/0/0,18896:1747647665065:,1747647681289
counter/4/0/0/0,17236:1747647664900:,1747647681289
counter/5/0/0/0,18897:1747647665066:,1747647681289
counter/10/0/0/0,18173:1747647663823:,1747647681289
counter/7/0/0/0,16637:1747647662869:,1747647681289
counter/5/0/0/0,18898:1747647665066:,1747647681289
counter/3/0/0/0,17418:1747647664552:,1747647681289
counter/2/0/0/0,20689:1747647666877:,1747647681289
counter/5/0/0/0,18899:1747647665066:,1747647681289
counter/5/0/0/0,18900:1747647665066:,1747647681289
counter/8/0/0/0,18851:1747647663852:,1747647681289
counter/5/0/0/0,18901:1747647665066:,1747647681290
counter/9/0/0/0,20925:1747647665552:,1747647681290
counter/5/0/0/0,18902:1747647665066:,1747647681290
counter/6/0/0/0,16838:1747647663782:,1747647681290
counter/4/0/0/0,17237:1747647664900:,1747647681290
counter/5/0/0/0,18903:1747647665067:,1747647681290
counter/10/0/0/0,18174:1747647663823:,1747647681290
counter/7/0/0/0,16638:1747647662869:,1747647681290
counter/5/0/0/0,18904:1747647665067:,1747647681290
counter/3/0/0/0,17419:1747647664552:,1747647681290
counter/2/0/0/0,20690:1747647666877:,1747647681290
counter/5/0/0/0,18905:1747647665067:,1747647681290
counter/1/0/0/0,18398:1747647665021:,1747647681290
counter/8/0/0/0,18852:1747647663852:,1747647681290
counter/5/0/0/0,18906:1747647665067:,1747647681290
counter/8/0/0/0,18853:1747647663852:,1747647681290
counter/5/0/0/0,18907:1747647665067:,1747647681290
counter/8/0/0/0,18854:1747647663852:,1747647681290
counter/5/0/0/0,18908:1747647665067:,1747647681290
counter/8/0/0/0,18855:1747647663852:,1747647681290
counter/5/0/0/0,18909:1747647665067:,1747647681290
counter/8/0/0/0,18856:1747647663852:,1747647681290
counter/5/0/0/0,18910:1747647665067:,1747647681290
counter/8/0/0/0,18857:1747647663852:,1747647681290
counter/5/0/0/0,18911:1747647665067:,1747647681290
counter/8/0/0/0,18858:1747647663852:,1747647681290
counter/5/0/0/0,18912:1747647665067:,1747647681290
counter/8/0/0/0,18859:1747647663852:,1747647681290
counter/5/0/0/0,18913:1747647665067:,1747647681290
counter/8/0/0/0,18860:1747647663852:,1747647681290
counter/5/0/0/0,18914:1747647665067:,1747647681290
counter/8/0/0/0,18861:1747647663852:,1747647681290
counter/5/0/0/0,18915:1747647665067:,1747647681290
counter/8/0/0/0,18862:1747647663852:,1747647681290
counter/5/0/0/0,18916:1747647665067:,1747647681290
counter/8/0/0/0,18863:1747647663852:,1747647681290
counter/5/0/0/0,18917:1747647665067:,1747647681290
counter/8/0/0/0,18864:1747647663852:,1747647681290
counter/5/0/0/0,18918:1747647665067:,1747647681290
counter/8/0/0/0,18865:1747647663852:,1747647681290
counter/5/0/0/0,18919:1747647665067:,1747647681290
counter/8/0/0/0,18866:1747647663852:,1747647681290
counter/5/0/0/0,18920:1747647665067:,1747647681290
counter/8/0/0/0,18867:1747647663852:,1747647681291
counter/9/0/0/0,20926:1747647665552:,1747647681291
counter/5/0/0/0,18921:1747647665067:,1747647681291
counter/8/0/0/0,18868:1747647663853:,1747647681291
counter/6/0/0/0,16839:1747647663790:,1747647681291
counter/4/0/0/0,17238:1747647664900:,1747647681291
counter/5/0/0/0,18922:1747647665067:,1747647681291
counter/8/0/0/0,18869:1747647663853:,1747647681291
counter/7/0/0/0,16639:1747647662870:,1747647681291
counter/10/0/0/0,18175:1747647663823:,1747647681291
counter/2/0/0/0,20691:1747647666877:,1747647681291
counter/5/0/0/0,18923:1747647665067:,1747647681291
counter/8/0/0/0,18870:1747647663853:,1747647681291
counter/1/0/0/0,18399:1747647665021:,1747647681291
counter/5/0/0/0,18924:1747647665067:,1747647681291
counter/8/0/0/0,18871:1747647663853:,1747647681291
counter/5/0/0/0,18925:1747647665074:,1747647681291
counter/8/0/0/0,18872:1747647663853:,1747647681291
counter/8/0/0/0,18873:1747647663853:,1747647681291
counter/8/0/0/0,18874:1747647663853:,1747647681291
counter/8/0/0/0,18875:1747647663853:,1747647681291
counter/8/0/0/0,18876:1747647663853:,1747647681291
counter/8/0/0/0,18877:1747647663853:,1747647681291
counter/8/0/0/0,18878:1747647663853:,1747647681291
counter/8/0/0/0,18879:1747647663853:,1747647681291
counter/8/0/0/0,18880:1747647663853:,1747647681291
counter/8/0/0/0,18881:1747647663853:,1747647681291
counter/8/0/0/0,18882:1747647663853:,1747647681291
counter/8/0/0/0,18883:1747647663853:,1747647681291
counter/8/0/0/0,18884:1747647663853:,1747647681291
counter/8/0/0/0,18885:1747647663853:,1747647681291
counter/4/0/0/0,17239:1747647664901:,1747647681291
counter/8/0/0/0,18886:1747647663853:,1747647681291
counter/7/0/0/0,16640:1747647662876:,1747647681291
counter/8/0/0/0,18887:1747647663853:,1747647681291
counter/10/0/0/0,18176:1747647663823:,1747647681292
counter/2/0/0/0,20692:1747647666877:,1747647681292
counter/8/0/0/0,18888:1747647663853:,1747647681292
counter/1/0/0/0,18400:1747647665021:,1747647681292
counter/3/0/0/0,17420:1747647664552:,1747647681292
counter/8/0/0/0,18889:1747647663853:,1747647681292
counter/9/0/0/0,20927:1747647665552:,1747647681292
counter/6/0/0/0,16840:1747647663791:,1747647681292
counter/8/0/0/0,18890:1747647664376:,1747647681292
counter/8/0/0/0,18891:1747647664379:,1747647681292
counter/8/0/0/0,18892:1747647664382:,1747647681292
counter/8/0/0/0,18893:1747647664382:,1747647681292
counter/8/0/0/0,18894:1747647664387:,1747647681292
counter/8/0/0/0,18895:1747647664387:,1747647681292
counter/8/0/0/0,18896:1747647664387:,1747647681292
counter/9/0/0/0,20928:1747647665553:,1747647681292
counter/8/0/0/0,18897:1747647664388:,1747647681292
counter/6/0/0/0,16841:1747647663791:,1747647681292
counter/8/0/0/0,18898:1747647664388:,1747647681292
counter/4/0/0/0,17240:1747647664912:,1747647681292
counter/8/0/0/0,18899:1747647664388:,1747647681292
counter/7/0/0/0,16641:1747647662876:,1747647681292
counter/10/0/0/0,18177:1747647663823:,1747647681292
counter/8/0/0/0,18900:1747647664388:,1747647681292
counter/2/0/0/0,20693:1747647666877:,1747647681292
counter/1/0/0/0,18401:1747647665021:,1747647681292
counter/8/0/0/0,18901:1747647664388:,1747647681292
counter/8/0/0/0,18902:1747647664392:,1747647681292
counter/8/0/0/0,18903:1747647664392:,1747647681292
counter/8/0/0/0,18904:1747647664395:,1747647681292
counter/8/0/0/0,18905:1747647664399:,1747647681292
counter/8/0/0/0,18906:1747647664402:,1747647681292
counter/8/0/0/0,18907:1747647664402:,1747647681292
counter/8/0/0/0,18908:1747647664402:,1747647681292
counter/8/0/0/0,18909:1747647664402:,1747647681292
counter/8/0/0/0,18910:1747647664402:,1747647681292
counter/8/0/0/0,18911:1747647664402:,1747647681292
counter/8/0/0/0,18912:1747647664402:,1747647681292
counter/8/0/0/0,18913:1747647664402:,1747647681292
counter/8/0/0/0,18914:1747647664404:,1747647681292
counter/8/0/0/0,18915:1747647664405:,1747647681292
counter/8/0/0/0,18916:1747647664405:,1747647681292
counter/8/0/0/0,18917:1747647664405:,1747647681292
counter/9/0/0/0,20929:1747647665553:,1747647681292
counter/8/0/0/0,18918:1747647664405:,1747647681292
counter/6/0/0/0,16842:1747647663792:,1747647681292
counter/8/0/0/0,18919:1747647664405:,1747647681292
counter/4/0/0/0,17241:1747647664912:,1747647681292
counter/10/0/0/0,18178:1747647663823:,1747647681293
counter/8/0/0/0,18920:1747647664405:,1747647681293
counter/7/0/0/0,16642:1747647662876:,1747647681293
counter/2/0/0/0,20694:1747647666877:,1747647681293
counter/8/0/0/0,18921:1747647664405:,1747647681293
counter/1/0/0/0,18402:1747647665021:,1747647681293
counter/8/0/0/0,18922:1747647664405:,1747647681293
counter/8/0/0/0,18923:1747647664405:,1747647681293
counter/8/0/0/0,18924:1747647664405:,1747647681293
counter/8/0/0/0,18925:1747647664409:,1747647681293
counter/8/0/0/0,18926:1747647664409:,1747647681293
counter/8/0/0/0,18927:1747647664409:,1747647681293
counter/8/0/0/0,18928:1747647664409:,1747647681293
counter/8/0/0/0,18929:1747647664409:,1747647681293
counter/8/0/0/0,18930:1747647664409:,1747647681293
counter/8/0/0/0,18931:1747647664409:,1747647681293
counter/8/0/0/0,18932:1747647664409:,1747647681293
counter/8/0/0/0,18933:1747647664410:,1747647681293
counter/8/0/0/0,18934:1747647664410:,1747647681293
counter/8/0/0/0,18935:1747647664410:,1747647681293
counter/8/0/0/0,18936:1747647664410:,1747647681293
counter/8/0/0/0,18937:1747647664410:,1747647681293
counter/8/0/0/0,18938:1747647664410:,1747647681293
counter/8/0/0/0,18939:1747647664410:,1747647681293
counter/8/0/0/0,18940:1747647664411:,1747647681293
counter/8/0/0/0,18941:1747647664411:,1747647681293
counter/8/0/0/0,18942:1747647664411:,1747647681293
counter/8/0/0/0,18943:1747647664411:,1747647681293
counter/8/0/0/0,18944:1747647664411:,1747647681293
counter/8/0/0/0,18945:1747647664411:,1747647681293
counter/8/0/0/0,18946:1747647664411:,1747647681293
counter/8/0/0/0,18947:1747647664413:,1747647681293
counter/8/0/0/0,18948:1747647664413:,1747647681293
counter/8/0/0/0,18949:1747647664413:,1747647681293
counter/8/0/0/0,18950:1747647664413:,1747647681293
counter/8/0/0/0,18951:1747647664413:,1747647681293
counter/8/0/0/0,18952:1747647664413:,1747647681293
counter/8/0/0/0,18953:1747647664413:,1747647681293
counter/8/0/0/0,18954:1747647664413:,1747647681293
counter/2/0/0/0,20695:1747647666877:,1747647681293
counter/8/0/0/0,18955:1747647664413:,1747647681293
counter/7/0/0/0,16643:1747647662876:,1747647681293
counter/8/0/0/0,18956:1747647664413:,1747647681293
counter/1/0/0/0,18403:1747647665021:,1747647681293
counter/8/0/0/0,18957:1747647664413:,1747647681294
counter/3/0/0/0,17421:1747647664552:,1747647681294
counter/9/0/0/0,20930:1747647665553:,1747647681294
counter/8/0/0/0,18958:1747647664413:,1747647681294
counter/4/0/0/0,17242:1747647664912:,1747647681294
counter/6/0/0/0,16843:1747647663792:,1747647681294
counter/8/0/0/0,18959:1747647664413:,1747647681294
counter/8/0/0/0,18960:1747647664416:,1747647681294
counter/8/0/0/0,18961:1747647664416:,1747647681294
counter/8/0/0/0,18962:1747647664416:,1747647681294
counter/8/0/0/0,18963:1747647664416:,1747647681294
counter/8/0/0/0,18964:1747647664416:,1747647681294
counter/8/0/0/0,18965:1747647664416:,1747647681294
counter/8/0/0/0,18966:1747647664416:,1747647681294
counter/8/0/0/0,18967:1747647664416:,1747647681294
counter/8/0/0/0,18968:1747647664416:,1747647681294
counter/8/0/0/0,18969:1747647664416:,1747647681294
counter/8/0/0/0,18970:1747647664416:,1747647681294
counter/8/0/0/0,18971:1747647664416:,1747647681294
counter/8/0/0/0,18972:1747647664416:,1747647681294
counter/8/0/0/0,18973:1747647664416:,1747647681294
counter/8/0/0/0,18974:1747647664416:,1747647681294
counter/8/0/0/0,18975:1747647664416:,1747647681294
counter/8/0/0/0,18976:1747647664416:,1747647681294
counter/8/0/0/0,18977:1747647664416:,1747647681294
counter/8/0/0/0,18978:1747647664417:,1747647681294
counter/8/0/0/0,18979:1747647664417:,1747647681294
counter/8/0/0/0,18980:1747647664419:,1747647681294
counter/8/0/0/0,18981:1747647664419:,1747647681294
counter/8/0/0/0,18982:1747647664419:,1747647681294
counter/8/0/0/0,18983:1747647664419:,1747647681294
counter/8/0/0/0,18984:1747647664421:,1747647681294
counter/8/0/0/0,18985:1747647664421:,1747647681294
counter/8/0/0/0,18986:1747647664421:,1747647681294
counter/8/0/0/0,18987:1747647664421:,1747647681294
counter/8/0/0/0,18988:1747647664421:,1747647681294
counter/8/0/0/0,18989:1747647664421:,1747647681294
counter/8/0/0/0,18990:1747647664421:,1747647681294
counter/8/0/0/0,18991:1747647664421:,1747647681294
counter/8/0/0/0,18992:1747647664425:,1747647681294
counter/8/0/0/0,18993:1747647664425:,1747647681294
counter/8/0/0/0,18994:1747647664425:,1747647681294
counter/7/0/0/0,16644:1747647662876:,1747647681294
counter/8/0/0/0,18995:1747647664425:,1747647681294
counter/8/0/0/0,18996:1747647664430:,1747647681294
counter/1/0/0/0,18404:1747647665021:,1747647681294
counter/8/0/0/0,18997:1747647664430:,1747647681294
counter/9/0/0/0,20931:1747647665553:,1747647681294
counter/6/0/0/0,16844:1747647663792:,1747647681294
counter/8/0/0/0,18998:1747647664431:,1747647681294
counter/4/0/0/0,17243:1747647664912:,1747647681295
counter/10/0/0/0,18179:1747647663835:,1747647681295
counter/8/0/0/0,18999:1747647664431:,1747647681295
counter/2/0/0/0,20696:1747647666877:,1747647681295
counter/8/0/0/0,19000:1747647664431:,1747647681295
counter/8/0/0/0,19001:1747647664431:,1747647681295
counter/8/0/0/0,19002:1747647664431:,1747647681295
counter/8/0/0/0,19003:1747647664431:,1747647681295
counter/8/0/0/0,19004:1747647664431:,1747647681295
counter/8/0/0/0,19005:1747647664431:,1747647681295
counter/8/0/0/0,19006:1747647664431:,1747647681295
counter/2/0/0/0,20697:1747647666877:,1747647681295
counter/8/0/0/0,19007:1747647664431:,1747647681295
counter/3/0/0/0,17422:1747647664552:,1747647681295
counter/8/0/0/0,19008:1747647664431:,1747647681295
counter/1/0/0/0,18405:1747647665022:,1747647681295
counter/7/0/0/0,16645:1747647662877:,1747647681295
counter/8/0/0/0,19009:1747647664431:,1747647681295
counter/9/0/0/0,20932:1747647665553:,1747647681295
counter/6/0/0/0,16845:1747647663792:,1747647681295
counter/8/0/0/0,19010:1747647664431:,1747647681295
counter/4/0/0/0,17244:1747647664912:,1747647681295
counter/8/0/0/0,19011:1747647664431:,1747647681295
counter/8/0/0/0,19012:1747647664431:,1747647681295
counter/8/0/0/0,19013:1747647664431:,1747647681295
counter/8/0/0/0,19014:1747647664431:,1747647681295
counter/8/0/0/0,19015:1747647664431:,1747647681295
counter/8/0/0/0,19016:1747647664431:,1747647681295
counter/8/0/0/0,19017:1747647664431:,1747647681295
counter/8/0/0/0,19018:1747647664431:,1747647681295
counter/8/0/0/0,19019:1747647664431:,1747647681295
counter/8/0/0/0,19020:1747647664431:,1747647681295
counter/8/0/0/0,19021:1747647664431:,1747647681295
counter/8/0/0/0,19022:1747647664431:,1747647681295
counter/8/0/0/0,19023:1747647664432:,1747647681295
counter/8/0/0/0,19024:1747647664432:,1747647681295
counter/8/0/0/0,19025:1747647664432:,1747647681295
counter/8/0/0/0,19026:1747647664432:,1747647681295
counter/8/0/0/0,19027:1747647664432:,1747647681295
counter/8/0/0/0,19028:1747647664432:,1747647681295
counter/8/0/0/0,19029:1747647664432:,1747647681295
counter/8/0/0/0,19030:1747647664436:,1747647681295
counter/8/0/0/0,19031:1747647664436:,1747647681295
counter/8/0/0/0,19032:1747647664436:,1747647681295
counter/8/0/0/0,19033:1747647664436:,1747647681295
counter/8/0/0/0,19034:1747647664436:,1747647681295
counter/8/0/0/0,19035:1747647664436:,1747647681295
counter/8/0/0/0,19036:1747647664436:,1747647681295
counter/8/0/0/0,19037:1747647664436:,1747647681296
counter/8/0/0/0,19038:1747647664436:,1747647681296
counter/2/0/0/0,20698:1747647666878:,1747647681296
counter/8/0/0/0,19039:1747647664436:,1747647681296
counter/10/0/0/0,18180:1747647663836:,1747647681296
counter/8/0/0/0,19040:1747647664436:,1747647681296
counter/1/0/0/0,18406:1747647665022:,1747647681296
counter/8/0/0/0,19041:1747647664436:,1747647681296
counter/7/0/0/0,16646:1747647662877:,1747647681296
counter/9/0/0/0,20933:1747647665557:,1747647681296
counter/8/0/0/0,19042:1747647664446:,1747647681296
counter/6/0/0/0,16846:1747647663792:,1747647681296
counter/4/0/0/0,17245:1747647664912:,1747647681296
counter/8/0/0/0,19043:1747647664446:,1747647681296
counter/8/0/0/0,19044:1747647664446:,1747647681296
counter/8/0/0/0,19045:1747647664446:,1747647681296
counter/8/0/0/0,19046:1747647664446:,1747647681296
counter/8/0/0/0,19047:1747647664446:,1747647681296
counter/8/0/0/0,19048:1747647664446:,1747647681296
counter/8/0/0/0,19049:1747647664446:,1747647681296
counter/8/0/0/0,19050:1747647664446:,1747647681296
counter/8/0/0/0,19051:1747647664446:,1747647681296
counter/8/0/0/0,19052:1747647664446:,1747647681296
counter/8/0/0/0,19053:1747647664446:,1747647681296
counter/8/0/0/0,19054:1747647664446:,1747647681296
counter/8/0/0/0,19055:1747647664446:,1747647681296
counter/8/0/0/0,19056:1747647664446:,1747647681296
counter/8/0/0/0,19057:1747647664446:,1747647681296
counter/8/0/0/0,19058:1747647664446:,1747647681296
counter/2/0/0/0,20699:1747647666878:,1747647681296
counter/8/0/0/0,19059:1747647664446:,1747647681296
counter/10/0/0/0,18181:1747647663836:,1747647681296
counter/8/0/0/0,19060:1747647664446:,1747647681296
counter/1/0/0/0,18407:1747647665022:,1747647681296
counter/7/0/0/0,16647:1747647662877:,1747647681296
counter/8/0/0/0,19061:1747647664446:,1747647681296
counter/9/0/0/0,20934:1747647665560:,1747647681296
counter/6/0/0/0,16847:1747647663792:,1747647681296
counter/8/0/0/0,19062:1747647664446:,1747647681296
counter/4/0/0/0,17246:1747647664912:,1747647681296
counter/8/0/0/0,19063:1747647664446:,1747647681296
counter/8/0/0/0,19064:1747647664446:,1747647681296
counter/8/0/0/0,19065:1747647664446:,1747647681296
counter/8/0/0/0,19066:1747647664446:,1747647681297
counter/8/0/0/0,19067:1747647664446:,1747647681297
counter/8/0/0/0,19068:1747647664446:,1747647681297
counter/8/0/0/0,19069:1747647664446:,1747647681297
counter/8/0/0/0,19070:1747647664446:,1747647681297
counter/8/0/0/0,19071:1747647664446:,1747647681297
counter/8/0/0/0,19072:1747647664447:,1747647681297
counter/8/0/0/0,19073:1747647664447:,1747647681297
counter/8/0/0/0,19074:1747647664447:,1747647681297
counter/8/0/0/0,19075:1747647664447:,1747647681297
counter/8/0/0/0,19076:1747647664447:,1747647681297
counter/8/0/0/0,19077:1747647664447:,1747647681297
counter/8/0/0/0,19078:1747647664448:,1747647681297
counter/8/0/0/0,19079:1747647664448:,1747647681297
counter/8/0/0/0,19080:1747647664448:,1747647681297
counter/8/0/0/0,19081:1747647664448:,1747647681297
counter/8/0/0/0,19082:1747647664448:,1747647681297
counter/8/0/0/0,19083:1747647664448:,1747647681297
counter/8/0/0/0,19084:1747647664448:,1747647681297
counter/8/0/0/0,19085:1747647664448:,1747647681297
counter/8/0/0/0,19086:1747647664448:,1747647681297
counter/8/0/0/0,19087:1747647664448:,1747647681297
counter/8/0/0/0,19088:1747647664457:,1747647681297
counter/8/0/0/0,19089:1747647664457:,1747647681297
counter/8/0/0/0,19090:1747647664457:,1747647681297
counter/8/0/0/0,19091:1747647664457:,1747647681297
counter/8/0/0/0,19092:1747647664476:,1747647681297
counter/8/0/0/0,19093:1747647664479:,1747647681297
counter/8/0/0/0,19094:1747647664483:,1747647681297
counter/8/0/0/0,19095:1747647664483:,1747647681297
counter/8/0/0/0,19096:1747647664483:,1747647681297
counter/8/0/0/0,19097:1747647664485:,1747647681297
counter/2/0/0/0,20700:1747647666878:,1747647681297
counter/1/0/0/0,18408:1747647665022:,1747647681297
counter/9/0/0/0,20935:1747647665560:,1747647681297
counter/9/0/0/0,20936:1747647665560:,1747647681297
counter/6/0/0/0,16848:1747647663792:,1747647681297
counter/4/0/0/0,17247:1747647664912:,1747647681297
counter/3/0/0/0,17423:1747647664552:,1747647681297
counter/2/0/0/0,20701:1747647666878:,1747647681297
counter/7/0/0/0,16648:1747647662877:,1747647681297
counter/7/0/0/0,16649:1747647662877:,1747647681298
counter/7/0/0/0,16650:1747647662877:,1747647681298
counter/7/0/0/0,16651:1747647662879:,1747647681298
counter/7/0/0/0,16652:1747647662879:,1747647681298
counter/7/0/0/0,16653:1747647662882:,1747647681298
counter/7/0/0/0,16654:1747647662882:,1747647681298
counter/7/0/0/0,16655:1747647662882:,1747647681298
counter/7/0/0/0,16656:1747647662882:,1747647681298
counter/7/0/0/0,16657:1747647662882:,1747647681298
counter/7/0/0/0,16658:1747647662882:,1747647681298
counter/7/0/0/0,16659:1747647662882:,1747647681298
counter/7/0/0/0,16660:1747647662882:,1747647681298
counter/7/0/0/0,16661:1747647662882:,1747647681298
counter/7/0/0/0,16662:1747647662882:,1747647681298
counter/7/0/0/0,16663:1747647662882:,1747647681298
counter/7/0/0/0,16664:1747647662882:,1747647681298
counter/7/0/0/0,16665:1747647662882:,1747647681298
counter/7/0/0/0,16666:1747647662882:,1747647681298
counter/2/0/0/0,20702:1747647666878:,1747647681298
counter/7/0/0/0,16667:1747647662882:,1747647681298
counter/7/0/0/0,16668:1747647662882:,1747647681298
counter/7/0/0/0,16669:1747647662882:,1747647681298
counter/7/0/0/0,16670:1747647662892:,1747647681298
counter/7/0/0/0,16671:1747647662895:,1747647681298
counter/7/0/0/0,16672:1747647662896:,1747647681298
counter/7/0/0/0,16673:1747647662913:,1747647681298
counter/7/0/0/0,16674:1747647662913:,1747647681298
counter/7/0/0/0,16675:1747647662913:,1747647681298
counter/7/0/0/0,16676:1747647662913:,1747647681298
counter/7/0/0/0,16677:1747647662913:,1747647681298
counter/7/0/0/0,16678:1747647662913:,1747647681298
counter/7/0/0/0,16679:1747647662913:,1747647681298
counter/7/0/0/0,16680:1747647662913:,1747647681298
counter/7/0/0/0,16681:1747647662914:,1747647681298
counter/7/0/0/0,16682:1747647662914:,1747647681298
counter/7/0/0/0,16683:1747647662914:,1747647681298
counter/7/0/0/0,16684:1747647662914:,1747647681298
counter/7/0/0/0,16685:1747647662914:,1747647681298
counter/7/0/0/0,16686:1747647662914:,1747647681298
counter/7/0/0/0,16687:1747647662914:,1747647681298
counter/7/0/0/0,16688:1747647662922:,1747647681298
counter/7/0/0/0,16689:1747647662922:,1747647681298
counter/7/0/0/0,16690:1747647662922:,1747647681298
counter/7/0/0/0,16691:1747647662922:,1747647681299
counter/7/0/0/0,16692:1747647662922:,1747647681299
counter/7/0/0/0,16693:1747647662922:,1747647681299
counter/7/0/0/0,16694:1747647662924:,1747647681299
counter/7/0/0/0,16695:1747647662924:,1747647681299
counter/10/0/0/0,18182:1747647663844:,1747647681299
counter/7/0/0/0,16696:1747647662924:,1747647681299
counter/7/0/0/0,16697:1747647662924:,1747647681299
counter/1/0/0/0,18409:1747647665022:,1747647681299
counter/7/0/0/0,16698:1747647662924:,1747647681299
counter/1/0/0/0,18410:1747647665022:,1747647681299
counter/7/0/0/0,16699:1747647662924:,1747647681299
counter/7/0/0/0,16700:1747647662924:,1747647681299
counter/7/0/0/0,16701:1747647662924:,1747647681299
counter/1/0/0/0,18411:1747647665022:,1747647681299
counter/7/0/0/0,16702:1747647662924:,1747647681299
counter/7/0/0/0,16703:1747647662926:,1747647681299
counter/5/0/0/0,18926:1747647665074:,1747647681299
counter/7/0/0/0,16704:1747647662926:,1747647681299
counter/5/0/0/0,18927:1747647665074:,1747647681299
counter/4/0/0/0,17248:1747647664912:,1747647681299
counter/7/0/0/0,16705:1747647662926:,1747647681299
counter/5/0/0/0,18928:1747647665074:,1747647681299
counter/5/0/0/0,18929:1747647665076:,1747647681299
counter/5/0/0/0,18930:1747647665076:,1747647681299
counter/5/0/0/0,18931:1747647665076:,1747647681299
counter/5/0/0/0,18932:1747647665076:,1747647681299
counter/5/0/0/0,18933:1747647665076:,1747647681299
counter/5/0/0/0,18934:1747647665076:,1747647681299
counter/5/0/0/0,18935:1747647665076:,1747647681299
counter/5/0/0/0,18936:1747647665076:,1747647681299
counter/5/0/0/0,18937:1747647665076:,1747647681299
counter/5/0/0/0,18938:1747647665076:,1747647681299
counter/6/0/0/0,16849:1747647663792:,1747647681299
counter/5/0/0/0,18939:1747647665078:,1747647681299
counter/10/0/0/0,18183:1747647663844:,1747647681299
counter/9/0/0/0,20937:1747647665560:,1747647681299
counter/9/0/0/0,20938:1747647665560:,1747647681299
counter/9/0/0/0,20939:1747647665560:,1747647681299
counter/9/0/0/0,20940:1747647665561:,1747647681299
counter/9/0/0/0,20941:1747647665561:,1747647681299
counter/9/0/0/0,20942:1747647665561:,1747647681299
counter/9/0/0/0,20943:1747647665561:,1747647681299
counter/9/0/0/0,20944:1747647665561:,1747647681299
counter/9/0/0/0,20945:1747647665561:,1747647681299
counter/9/0/0/0,20946:1747647665561:,1747647681299
counter/9/0/0/0,20947:1747647665561:,1747647681300
counter/9/0/0/0,20948:1747647665561:,1747647681300
counter/9/0/0/0,20949:1747647665561:,1747647681300
counter/9/0/0/0,20950:1747647665561:,1747647681300
counter/2/0/0/0,20703:1747647666878:,1747647681300
counter/3/0/0/0,17424:1747647664553:,1747647681300
counter/2/0/0/0,20704:1747647666895:,1747647681300
counter/9/0/0/0,20951:1747647665561:,1747647681300
counter/4/0/0/0,17249:1747647664912:,1747647681300
counter/2/0/0/0,20705:1747647666895:,1747647681300
counter/2/0/0/0,20706:1747647666895:,1747647681300
counter/3/0/0/0,17425:1747647664553:,1747647681300
counter/9/0/0/0,20952:1747647665561:,1747647681300
counter/2/0/0/0,20707:1747647666895:,1747647681300
counter/7/0/0/0,16706:1747647662926:,1747647681300
counter/2/0/0/0,20708:1747647666898:,1747647681300
counter/4/0/0/0,17250:1747647664912:,1747647681300
counter/2/0/0/0,20709:1747647666898:,1747647681300
counter/10/0/0/0,18184:1747647663844:,1747647681300
counter/2/0/0/0,20710:1747647666898:,1747647681300
counter/2/0/0/0,20711:1747647666898:,1747647681300
counter/9/0/0/0,20953:1747647665561:,1747647681300
counter/7/0/0/0,16707:1747647662926:,1747647681300
counter/4/0/0/0,17251:1747647664912:,1747647681300
counter/10/0/0/0,18185:1747647663844:,1747647681300
counter/1/0/0/0,18412:1747647665022:,1747647681300
counter/2/0/0/0,20712:1747647666898:,1747647681300
counter/6/0/0/0,16850:1747647663792:,1747647681300
counter/10/0/0/0,18186:1747647663844:,1747647681300
counter/2/0/0/0,20713:1747647666898:,1747647681300
counter/6/0/0/0,16851:1747647663792:,1747647681300
counter/3/0/0/0,17426:1747647664558:,1747647681300
counter/9/0/0/0,20954:1747647665561:,1747647681300
counter/7/0/0/0,16708:1747647662926:,1747647681300
counter/4/0/0/0,17252:1747647664912:,1747647681300
counter/4/0/0/0,17253:1747647664912:,1747647681300
counter/4/0/0/0,17254:1747647664912:,1747647681300
counter/4/0/0/0,17255:1747647664912:,1747647681301
counter/4/0/0/0,17256:1747647664915:,1747647681301
counter/4/0/0/0,17257:1747647664915:,1747647681301
counter/4/0/0/0,17258:1747647664916:,1747647681301
counter/2/0/0/0,20714:1747647666898:,1747647681301
counter/4/0/0/0,17259:1747647664916:,1747647681301
counter/6/0/0/0,16852:1747647663792:,1747647681301
counter/4/0/0/0,17260:1747647664916:,1747647681301
counter/3/0/0/0,17427:1747647664558:,1747647681301
counter/9/0/0/0,20955:1747647665561:,1747647681301
counter/4/0/0/0,17261:1747647664916:,1747647681301
counter/7/0/0/0,16709:1747647662926:,1747647681301
counter/4/0/0/0,17262:1747647664916:,1747647681301
counter/5/0/0/0,18940:1747647665078:,1747647681301
counter/10/0/0/0,18187:1747647663845:,1747647681301
counter/4/0/0/0,17263:1747647664916:,1747647681301
counter/4/0/0/0,17264:1747647664916:,1747647681301
counter/4/0/0/0,17265:1747647664916:,1747647681301
counter/4/0/0/0,17266:1747647664917:,1747647681301
counter/4/0/0/0,17267:1747647664917:,1747647681301
counter/4/0/0/0,17268:1747647664924:,1747647681301
counter/4/0/0/0,17269:1747647664924:,1747647681301
counter/4/0/0/0,17270:1747647664924:,1747647681301
counter/4/0/0/0,17271:1747647664924:,1747647681301
counter/4/0/0/0,17272:1747647664924:,1747647681301
counter/4/0/0/0,17273:1747647664924:,1747647681301
counter/10/0/0/0,18188:1747647663845:,1747647681301
counter/4/0/0/0,17274:1747647664924:,1747647681301
counter/1/0/0/0,18413:1747647665022:,1747647681301
counter/4/0/0/0,17275:1747647664924:,1747647681301
counter/5/0/0/0,18941:1747647665078:,1747647681301
counter/4/0/0/0,17276:1747647664924:,1747647681301
counter/5/0/0/0,18942:1747647665078:,1747647681301
counter/4/0/0/0,17277:1747647664924:,1747647681301
counter/5/0/0/0,18943:1747647665078:,1747647681301
counter/4/0/0/0,17278:1747647664925:,1747647681301
counter/5/0/0/0,18944:1747647665079:,1747647681301
counter/9/0/0/0,20956:1747647665561:,1747647681301
counter/7/0/0/0,16710:1747647662926:,1747647681301
counter/4/0/0/0,17279:1747647664925:,1747647681302
counter/3/0/0/0,17428:1747647664561:,1747647681302
counter/10/0/0/0,18189:1747647663845:,1747647681302
counter/1/0/0/0,18414:1747647665022:,1747647681302
counter/1/0/0/0,18415:1747647665022:,1747647681302
counter/1/0/0/0,18416:1747647665022:,1747647681302
counter/1/0/0/0,18417:1747647665022:,1747647681302
counter/9/0/0/0,20957:1747647665561:,1747647681302
counter/1/0/0/0,18418:1747647665022:,1747647681302
counter/7/0/0/0,16711:1747647662927:,1747647681302
counter/1/0/0/0,18419:1747647665022:,1747647681302
counter/3/0/0/0,17429:1747647664561:,1747647681302
counter/10/0/0/0,18190:1747647663845:,1747647681302
counter/6/0/0/0,16853:1747647663792:,1747647681302
counter/2/0/0/0,20715:1747647666898:,1747647681302
counter/10/0/0/0,18191:1747647663845:,1747647681302
counter/2/0/0/0,20716:1747647666915:,1747647681302
counter/10/0/0/0,18192:1747647663845:,1747647681302
counter/9/0/0/0,20958:1747647665562:,1747647681302
counter/10/0/0/0,18193:1747647663845:,1747647681302
counter/7/0/0/0,16712:1747647662927:,1747647681302
counter/3/0/0/0,17430:1747647664561:,1747647681302
counter/3/0/0/0,17431:1747647664561:,1747647681302
counter/3/0/0/0,17432:1747647664561:,1747647681302
counter/3/0/0/0,17433:1747647664561:,1747647681302
counter/3/0/0/0,17434:1747647664561:,1747647681302
counter/3/0/0/0,17435:1747647664562:,1747647681302
counter/3/0/0/0,17436:1747647664562:,1747647681302
counter/3/0/0/0,17437:1747647664563:,1747647681302
counter/3/0/0/0,17438:1747647664563:,1747647681302
counter/3/0/0/0,17439:1747647664573:,1747647681302
counter/3/0/0/0,17440:1747647664573:,1747647681302
counter/3/0/0/0,17441:1747647664573:,1747647681302
counter/3/0/0/0,17442:1747647664573:,1747647681302
counter/3/0/0/0,17443:1747647664573:,1747647681302
counter/3/0/0/0,17444:1747647664573:,1747647681302
counter/3/0/0/0,17445:1747647664573:,1747647681302
counter/3/0/0/0,17446:1747647664573:,1747647681302
counter/3/0/0/0,17447:1747647664573:,1747647681302
counter/3/0/0/0,17448:1747647664574:,1747647681302
counter/3/0/0/0,17449:1747647664575:,1747647681302
counter/3/0/0/0,17450:1747647664575:,1747647681302
counter/3/0/0/0,17451:1747647664575:,1747647681302
counter/3/0/0/0,17452:1747647664575:,1747647681302
counter/3/0/0/0,17453:1747647664575:,1747647681303
counter/3/0/0/0,17454:1747647664575:,1747647681303
counter/3/0/0/0,17455:1747647664575:,1747647681303
counter/3/0/0/0,17456:1747647664575:,1747647681303
counter/3/0/0/0,17457:1747647664593:,1747647681303
counter/3/0/0/0,17458:1747647664593:,1747647681303
counter/3/0/0/0,17459:1747647664594:,1747647681303
counter/3/0/0/0,17460:1747647664598:,1747647681303
counter/3/0/0/0,17461:1747647664598:,1747647681303
counter/3/0/0/0,17462:1747647664598:,1747647681303
counter/3/0/0/0,17463:1747647664598:,1747647681303
counter/3/0/0/0,17464:1747647664598:,1747647681303
counter/3/0/0/0,17465:1747647664598:,1747647681303
counter/3/0/0/0,17466:1747647664598:,1747647681303
counter/3/0/0/0,17467:1747647664598:,1747647681303
counter/3/0/0/0,17468:1747647664598:,1747647681303
counter/3/0/0/0,17469:1747647664598:,1747647681303
counter/3/0/0/0,17470:1747647664598:,1747647681303
counter/3/0/0/0,17471:1747647664598:,1747647681303
counter/3/0/0/0,17472:1747647664598:,1747647681303
counter/3/0/0/0,17473:1747647664598:,1747647681303
counter/3/0/0/0,17474:1747647664598:,1747647681303
counter/3/0/0/0,17475:1747647664598:,1747647681303
counter/3/0/0/0,17476:1747647664598:,1747647681303
counter/3/0/0/0,17477:1747647664598:,1747647681303
counter/3/0/0/0,17478:1747647664604:,1747647681303
counter/3/0/0/0,17479:1747647664604:,1747647681303
counter/3/0/0/0,17480:1747647664604:,1747647681303
counter/3/0/0/0,17481:1747647664604:,1747647681303
counter/3/0/0/0,17482:1747647664604:,1747647681303
counter/3/0/0/0,17483:1747647664604:,1747647681303
counter/3/0/0/0,17484:1747647664604:,1747647681303
counter/3/0/0/0,17485:1747647664604:,1747647681303
counter/3/0/0/0,17486:1747647664604:,1747647681303
counter/3/0/0/0,17487:1747647664604:,1747647681303
counter/3/0/0/0,17488:1747647664604:,1747647681303
counter/3/0/0/0,17489:1747647664604:,1747647681303
counter/3/0/0/0,17490:1747647664604:,1747647681303
counter/3/0/0/0,17491:1747647664604:,1747647681303
counter/3/0/0/0,17492:1747647664604:,1747647681303
counter/3/0/0/0,17493:1747647664605:,1747647681303
counter/3/0/0/0,17494:1747647664605:,1747647681303
counter/3/0/0/0,17495:1747647664605:,1747647681304
counter/3/0/0/0,17496:1747647664605:,1747647681304
counter/3/0/0/0,17497:1747647664605:,1747647681304
counter/3/0/0/0,17498:1747647664605:,1747647681304
counter/3/0/0/0,17499:1747647664605:,1747647681304
counter/3/0/0/0,17500:1747647664605:,1747647681304
counter/3/0/0/0,17501:1747647664605:,1747647681304
counter/3/0/0/0,17502:1747647664605:,1747647681304
counter/3/0/0/0,17503:1747647664605:,1747647681304
counter/3/0/0/0,17504:1747647664605:,1747647681304
counter/3/0/0/0,17505:1747647664606:,1747647681304
counter/3/0/0/0,17506:1747647664606:,1747647681304
counter/3/0/0/0,17507:1747647664606:,1747647681304
counter/3/0/0/0,17508:1747647664611:,1747647681304
counter/3/0/0/0,17509:1747647664611:,1747647681304
counter/3/0/0/0,17510:1747647664611:,1747647681304
counter/3/0/0/0,17511:1747647664611:,1747647681304
counter/3/0/0/0,17512:1747647664611:,1747647681304
counter/3/0/0/0,17513:1747647664611:,1747647681304
counter/3/0/0/0,17514:1747647664611:,1747647681304
counter/3/0/0/0,17515:1747647664611:,1747647681304
counter/3/0/0/0,17516:1747647664611:,1747647681304
counter/3/0/0/0,17517:1747647664611:,1747647681304
counter/3/0/0/0,17518:1747647664611:,1747647681304
counter/3/0/0/0,17519:1747647664612:,1747647681304
counter/3/0/0/0,17520:1747647664612:,1747647681304
counter/3/0/0/0,17521:1747647664612:,1747647681304
counter/3/0/0/0,17522:1747647664612:,1747647681304
counter/3/0/0/0,17523:1747647664612:,1747647681304
counter/3/0/0/0,17524:1747647664612:,1747647681304
counter/3/0/0/0,17525:1747647664612:,1747647681304
counter/3/0/0/0,17526:1747647664612:,1747647681304
counter/3/0/0/0,17527:1747647664612:,1747647681304
counter/3/0/0/0,17528:1747647664612:,1747647681304
counter/3/0/0/0,17529:1747647664612:,1747647681304
counter/3/0/0/0,17530:1747647664612:,1747647681304
counter/3/0/0/0,17531:1747647664612:,1747647681304
counter/3/0/0/0,17532:1747647664612:,1747647681304
counter/1/0/0/0,18420:1747647665022:,1747647681305
counter/3/0/0/0,17533:1747647664612:,1747647681305
counter/2/0/0/0,20717:1747647666915:,1747647681305
counter/4/0/0/0,17280:1747647664925:,1747647681305
counter/3/0/0/0,17534:1747647664613:,1747647681305
counter/10/0/0/0,18194:1747647663845:,1747647681305
counter/9/0/0/0,20959:1747647665568:,1747647681305
counter/3/0/0/0,17535:1747647664613:,1747647681305
counter/7/0/0/0,16713:1747647662927:,1747647681305
counter/3/0/0/0,17536:1747647664613:,1747647681305
counter/5/0/0/0,18945:1747647665079:,1747647681305
counter/6/0/0/0,16854:1747647663792:,1747647681305
counter/3/0/0/0,17537:1747647664613:,1747647681305
counter/3/0/0/0,17538:1747647664613:,1747647681305
counter/3/0/0/0,17539:1747647664613:,1747647681305
counter/3/0/0/0,17540:1747647664613:,1747647681305
counter/3/0/0/0,17541:1747647664613:,1747647681305
counter/3/0/0/0,17542:1747647664613:,1747647681305
counter/3/0/0/0,17543:1747647664613:,1747647681305
counter/3/0/0/0,17544:1747647664613:,1747647681305
counter/3/0/0/0,17545:1747647664613:,1747647681305
counter/3/0/0/0,17546:1747647664613:,1747647681305
counter/3/0/0/0,17547:1747647664613:,1747647681305
counter/3/0/0/0,17548:1747647664613:,1747647681305
counter/3/0/0/0,17549:1747647664613:,1747647681305
counter/3/0/0/0,17550:1747647664613:,1747647681305
counter/3/0/0/0,17551:1747647664613:,1747647681305
counter/3/0/0/0,17552:1747647664613:,1747647681305
counter/3/0/0/0,17553:1747647664613:,1747647681305
counter/3/0/0/0,17554:1747647664613:,1747647681305
counter/3/0/0/0,17555:1747647664613:,1747647681305
counter/3/0/0/0,17556:1747647664613:,1747647681305
counter/3/0/0/0,17557:1747647664634:,1747647681305
counter/3/0/0/0,17558:1747647664634:,1747647681305
counter/3/0/0/0,17559:1747647664634:,1747647681305
counter/7/0/0/0,16714:1747647662927:,1747647681305
counter/3/0/0/0,17560:1747647664634:,1747647681306
counter/7/0/0/0,16715:1747647662927:,1747647681306
counter/3/0/0/0,17561:1747647664635:,1747647681306
counter/7/0/0/0,16716:1747647662927:,1747647681306
counter/3/0/0/0,17562:1747647664635:,1747647681306
counter/3/0/0/0,17563:1747647664635:,1747647681306
counter/3/0/0/0,17564:1747647664635:,1747647681306
counter/3/0/0/0,17565:1747647664635:,1747647681306
counter/3/0/0/0,17566:1747647664650:,1747647681306
counter/3/0/0/0,17567:1747647664651:,1747647681306
counter/3/0/0/0,17568:1747647664651:,1747647681306
counter/3/0/0/0,17569:1747647664651:,1747647681306
counter/2/0/0/0,20718:1747647666915:,1747647681306
counter/4/0/0/0,17281:1747647664925:,1747647681306
counter/4/0/0/0,17282:1747647664925:,1747647681306
counter/4/0/0/0,17283:1747647664925:,1747647681306
counter/4/0/0/0,17284:1747647664925:,1747647681306
counter/5/0/0/0,18946:1747647665079:,1747647681306
counter/5/0/0/0,18947:1747647665079:,1747647681306
counter/5/0/0/0,18948:1747647665079:,1747647681306
counter/5/0/0/0,18949:1747647665079:,1747647681306
counter/5/0/0/0,18950:1747647665079:,1747647681306
counter/5/0/0/0,18951:1747647665079:,1747647681306
counter/5/0/0/0,18952:1747647665079:,1747647681306
counter/5/0/0/0,18953:1747647665079:,1747647681306
counter/5/0/0/0,18954:1747647665079:,1747647681306
counter/5/0/0/0,18955:1747647665080:,1747647681306
counter/2/0/0/0,20719:1747647666915:,1747647681306
counter/5/0/0/0,18956:1747647665080:,1747647681306
counter/10/0/0/0,18195:1747647663845:,1747647681306
counter/9/0/0/0,20960:1747647665568:,1747647681306
counter/5/0/0/0,18957:1747647665080:,1747647681306
counter/7/0/0/0,16717:1747647662927:,1747647681306
counter/4/0/0/0,17285:1747647664925:,1747647681306
counter/5/0/0/0,18958:1747647665080:,1747647681307
counter/6/0/0/0,16855:1747647663792:,1747647681307
counter/1/0/0/0,18421:1747647665022:,1747647681307
counter/3/0/0/0,17570:1747647664651:,1747647681307
counter/6/0/0/0,16856:1747647663792:,1747647681307
counter/1/0/0/0,18422:1747647665022:,1747647681307
counter/6/0/0/0,16857:1747647663792:,1747647681307
counter/3/0/0/0,17571:1747647664651:,1747647681307
counter/6/0/0/0,16858:1747647663792:,1747647681307
counter/6/0/0/0,16859:1747647663792:,1747647681307
counter/6/0/0/0,16860:1747647663793:,1747647681307
counter/6/0/0/0,16861:1747647663793:,1747647681307
counter/7/0/0/0,16718:1747647662927:,1747647681307
counter/2/0/0/0,20720:1747647666915:,1747647681307
counter/10/0/0/0,18196:1747647663845:,1747647681307
counter/1/0/0/0,18423:1747647665023:,1747647681307
counter/9/0/0/0,20961:1747647665568:,1747647681307
counter/4/0/0/0,17286:1747647664925:,1747647681307
counter/6/0/0/0,16862:1747647663793:,1747647681307
counter/2/0/0/0,20721:1747647666915:,1747647681307
counter/3/0/0/0,17572:1747647664651:,1747647681307
counter/1/0/0/0,18424:1747647665023:,1747647681307
counter/9/0/0/0,20962:1747647665568:,1747647681307
counter/10/0/0/0,18197:1747647663845:,1747647681307
counter/4/0/0/0,17287:1747647664925:,1747647681307
counter/6/0/0/0,16863:1747647663793:,1747647681307
counter/4/0/0/0,17288:1747647664925:,1747647681307
counter/5/0/0/0,18959:1747647665080:,1747647681307
counter/10/0/0/0,18198:1747647663845:,1747647681307
counter/4/0/0/0,17289:1747647664925:,1747647681307
counter/5/0/0/0,18960:1747647665081:,1747647681308
counter/5/0/0/0,18961:1747647665081:,1747647681308
counter/6/0/0/0,16864:1747647663793:,1747647681308
counter/5/0/0/0,18962:1747647665081:,1747647681308
counter/2/0/0/0,20722:1747647666915:,1747647681308
counter/5/0/0/0,18963:1747647665081:,1747647681308
counter/2/0/0/0,20723:1747647666915:,1747647681308
counter/10/0/0/0,18199:1747647663845:,1747647681308
counter/5/0/0/0,18964:1747647665081:,1747647681308
counter/2/0/0/0,20724:1747647666915:,1747647681308
counter/9/0/0/0,20963:1747647665568:,1747647681308
counter/5/0/0/0,18965:1747647665081:,1747647681308
counter/2/0/0/0,20725:1747647666915:,1747647681308
counter/5/0/0/0,18966:1747647665081:,1747647681308
counter/2/0/0/0,20726:1747647666915:,1747647681308
counter/5/0/0/0,18967:1747647665081:,1747647681308
counter/2/0/0/0,20727:1747647666915:,1747647681308
counter/2/0/0/0,20728:1747647666915:,1747647681308
counter/2/0/0/0,20729:1747647666915:,1747647681308
counter/2/0/0/0,20730:1747647666915:,1747647681308
counter/2/0/0/0,20731:1747647666915:,1747647681308
counter/2/0/0/0,20732:1747647666915:,1747647681308
counter/2/0/0/0,20733:1747647666915:,1747647681308
counter/2/0/0/0,20734:1747647666922:,1747647681308
counter/9/0/0/0,20964:1747647665568:,1747647681308
counter/2/0/0/0,20735:1747647666922:,1747647681308
counter/1/0/0/0,18425:1747647665023:,1747647681308
counter/5/0/0/0,18968:1747647665081:,1747647681308
counter/2/0/0/0,20736:1747647666922:,1747647681308
counter/5/0/0/0,18969:1747647665081:,1747647681308
counter/2/0/0/0,20737:1747647666922:,1747647681308
counter/5/0/0/0,18970:1747647665081:,1747647681308
counter/2/0/0/0,20738:1747647666922:,1747647681308
counter/5/0/0/0,18971:1747647665081:,1747647681308
counter/2/0/0/0,20739:1747647666922:,1747647681308
counter/5/0/0/0,18972:1747647665081:,1747647681309
counter/2/0/0/0,20740:1747647666922:,1747647681309
counter/5/0/0/0,18973:1747647665082:,1747647681309
counter/5/0/0/0,18974:1747647665082:,1747647681309
counter/5/0/0/0,18975:1747647665082:,1747647681309
counter/5/0/0/0,18976:1747647665082:,1747647681309
counter/5/0/0/0,18977:1747647665082:,1747647681309
counter/5/0/0/0,18978:1747647665093:,1747647681309
counter/5/0/0/0,18979:1747647665093:,1747647681309
counter/5/0/0/0,18980:1747647665093:,1747647681309
counter/5/0/0/0,18981:1747647665093:,1747647681309
counter/5/0/0/0,18982:1747647665093:,1747647681309
counter/5/0/0/0,18983:1747647665093:,1747647681309
counter/5/0/0/0,18984:1747647665093:,1747647681309
counter/5/0/0/0,18985:1747647665097:,1747647681309
counter/5/0/0/0,18986:1747647665097:,1747647681309
counter/5/0/0/0,18987:1747647665097:,1747647681309
counter/5/0/0/0,18988:1747647665097:,1747647681309
counter/5/0/0/0,18989:1747647665097:,1747647681309
counter/5/0/0/0,18990:1747647665097:,1747647681309
counter/5/0/0/0,18991:1747647665097:,1747647681309
counter/5/0/0/0,18992:1747647665097:,1747647681309
counter/5/0/0/0,18993:1747647665097:,1747647681309
counter/5/0/0/0,18994:1747647665099:,1747647681309
counter/5/0/0/0,18995:1747647665099:,1747647681309
counter/5/0/0/0,18996:1747647665099:,1747647681309
counter/5/0/0/0,18997:1747647665099:,1747647681309
counter/5/0/0/0,18998:1747647665099:,1747647681309
counter/5/0/0/0,18999:1747647665099:,1747647681309
counter/5/0/0/0,19000:1747647665099:,1747647681309
counter/5/0/0/0,19001:1747647665099:,1747647681309
counter/5/0/0/0,19002:1747647665116:,1747647681309
counter/5/0/0/0,19003:1747647665116:,1747647681309
counter/2/0/0/0,20741:1747647666922:,1747647681309
counter/5/0/0/0,19004:1747647665117:,1747647681309
counter/1/0/0/0,18426:1747647665023:,1747647681309
counter/5/0/0/0,19005:1747647665117:,1747647681309
counter/6/0/0/0,16865:1747647663793:,1747647681309
counter/4/0/0/0,17290:1747647664925:,1747647681309
counter/5/0/0/0,19006:1747647665121:,1747647681309
counter/10/0/0/0,18200:1747647663845:,1747647681309
counter/7/0/0/0,16719:1747647662927:,1747647681309
counter/5/0/0/0,19007:1747647665121:,1747647681309
counter/9/0/0/0,20965:1747647665568:,1747647681310
counter/3/0/0/0,17573:1747647664651:,1747647681310
counter/5/0/0/0,19008:1747647665121:,1747647681310
counter/5/0/0/0,19009:1747647665121:,1747647681310
counter/5/0/0/0,19010:1747647665121:,1747647681310
counter/5/0/0/0,19011:1747647665121:,1747647681310
counter/5/0/0/0,19012:1747647665121:,1747647681310
counter/5/0/0/0,19013:1747647665121:,1747647681310
counter/5/0/0/0,19014:1747647665121:,1747647681310
counter/5/0/0/0,19015:1747647665121:,1747647681310
counter/5/0/0/0,19016:1747647665121:,1747647681310
counter/5/0/0/0,19017:1747647665121:,1747647681310
counter/5/0/0/0,19018:1747647665121:,1747647681310
counter/5/0/0/0,19019:1747647665121:,1747647681310
counter/5/0/0/0,19020:1747647665139:,1747647681310
counter/5/0/0/0,19021:1747647665139:,1747647681310
counter/5/0/0/0,19022:1747647665139:,1747647681310
counter/5/0/0/0,19023:1747647665139:,1747647681310
counter/5/0/0/0,19024:1747647665139:,1747647681310
counter/5/0/0/0,19025:1747647665139:,1747647681310
counter/5/0/0/0,19026:1747647665148:,1747647681310
counter/5/0/0/0,19027:1747647665159:,1747647681310
counter/5/0/0/0,19028:1747647665159:,1747647681310
counter/5/0/0/0,19029:1747647665159:,1747647681310
counter/5/0/0/0,19030:1747647665159:,1747647681310
counter/5/0/0/0,19031:1747647665159:,1747647681310
counter/5/0/0/0,19032:1747647665159:,1747647681310
counter/5/0/0/0,19033:1747647665159:,1747647681310
counter/5/0/0/0,19034:1747647665159:,1747647681310
counter/5/0/0/0,19035:1747647665159:,1747647681310
counter/5/0/0/0,19036:1747647665159:,1747647681310
counter/5/0/0/0,19037:1747647665159:,1747647681310
counter/5/0/0/0,19038:1747647665159:,1747647681310
counter/5/0/0/0,19039:1747647665159:,1747647681310
counter/5/0/0/0,19040:1747647665159:,1747647681310
counter/5/0/0/0,19041:1747647665159:,1747647681310
counter/5/0/0/0,19042:1747647665159:,1747647681310
counter/5/0/0/0,19043:1747647665159:,1747647681310
counter/5/0/0/0,19044:1747647665162:,1747647681310
counter/5/0/0/0,19045:1747647665162:,1747647681310
counter/5/0/0/0,19046:1747647665162:,1747647681310
counter/5/0/0/0,19047:1747647665162:,1747647681310
counter/5/0/0/0,19048:1747647665162:,1747647681311
counter/5/0/0/0,19049:1747647665162:,1747647681311
counter/5/0/0/0,19050:1747647665162:,1747647681311
counter/5/0/0/0,19051:1747647665162:,1747647681311
counter/5/0/0/0,19052:1747647665162:,1747647681311
counter/5/0/0/0,19053:1747647665162:,1747647681311
counter/5/0/0/0,19054:1747647665162:,1747647681311
counter/5/0/0/0,19055:1747647665162:,1747647681311
counter/9/0/0/0,20966:1747647665568:,1747647681311
counter/5/0/0/0,19056:1747647665162:,1747647681311
counter/1/0/0/0,18427:1747647665023:,1747647681311
counter/5/0/0/0,19057:1747647665162:,1747647681311
counter/2/0/0/0,20742:1747647666922:,1747647681311
counter/10/0/0/0,18201:1747647663845:,1747647681311
counter/5/0/0/0,19058:1747647665162:,1747647681311
counter/6/0/0/0,16866:1747647663800:,1747647681311
counter/4/0/0/0,17291:1747647664925:,1747647681311
counter/5/0/0/0,19059:1747647665162:,1747647681311
counter/7/0/0/0,16720:1747647662927:,1747647681311
counter/3/0/0/0,17574:1747647664653:,1747647681311
counter/5/0/0/0,19060:1747647665162:,1747647681311
counter/5/0/0/0,19061:1747647665162:,1747647681311
counter/5/0/0/0,19062:1747647665162:,1747647681311
counter/5/0/0/0,19063:1747647665162:,1747647681311
counter/5/0/0/0,19064:1747647665162:,1747647681311
counter/5/0/0/0,19065:1747647665162:,1747647681311
counter/5/0/0/0,19066:1747647665162:,1747647681311
counter/5/0/0/0,19067:1747647665162:,1747647681311
counter/5/0/0/0,19068:1747647665162:,1747647681311
counter/5/0/0/0,19069:1747647665162:,1747647681311
counter/5/0/0/0,19070:1747647665162:,1747647681311
counter/5/0/0/0,19071:1747647665162:,1747647681311
counter/5/0/0/0,19072:1747647665162:,1747647681311
counter/5/0/0/0,19073:1747647665163:,1747647681311
counter/5/0/0/0,19074:1747647665171:,1747647681311
counter/5/0/0/0,19075:1747647665171:,1747647681311
counter/5/0/0/0,19076:1747647665171:,1747647681311
counter/5/0/0/0,19077:1747647665171:,1747647681312
counter/7/0/0/0,16721:1747647662927:,1747647681312
counter/5/0/0/0,19078:1747647665171:,1747647681312
counter/2/0/0/0,20743:1747647666926:,1747647681312
counter/5/0/0/0,19079:1747647665171:,1747647681312
counter/3/0/0/0,17575:1747647664653:,1747647681312
counter/10/0/0/0,18202:1747647663848:,1747647681312
counter/5/0/0/0,19080:1747647665172:,1747647681312
counter/4/0/0/0,17292:1747647664925:,1747647681312
counter/6/0/0/0,16867:1747647663800:,1747647681312
counter/5/0/0/0,19081:1747647665172:,1747647681312
counter/9/0/0/0,20967:1747647665568:,1747647681312
counter/5/0/0/0,19082:1747647665172:,1747647681312
counter/5/0/0/0,19083:1747647665172:,1747647681312
counter/5/0/0/0,19084:1747647665172:,1747647681312
counter/5/0/0/0,19085:1747647665172:,1747647681312
counter/5/0/0/0,19086:1747647665172:,1747647681312
counter/5/0/0/0,19087:1747647665172:,1747647681312
counter/5/0/0/0,19088:1747647665172:,1747647681312
counter/5/0/0/0,19089:1747647665172:,1747647681312
counter/5/0/0/0,19090:1747647665172:,1747647681312
counter/5/0/0/0,19091:1747647665172:,1747647681312
counter/5/0/0/0,19092:1747647665172:,1747647681312
counter/5/0/0/0,19093:1747647665172:,1747647681312
counter/5/0/0/0,19094:1747647665172:,1747647681312
counter/5/0/0/0,19095:1747647665172:,1747647681312
counter/5/0/0/0,19096:1747647665172:,1747647681312
counter/5/0/0/0,19097:1747647665172:,1747647681312
counter/5/0/0/0,19098:1747647665173:,1747647681312
counter/5/0/0/0,19099:1747647665173:,1747647681312
counter/4/0/0/0,17293:1747647664925:,1747647681312
counter/5/0/0/0,19100:1747647665173:,1747647681312
counter/5/0/0/0,19101:1747647665173:,1747647681312
counter/5/0/0/0,19102:1747647665173:,1747647681312
counter/5/0/0/0,19103:1747647665173:,1747647681312
counter/5/0/0/0,19104:1747647665173:,1747647681312
counter/5/0/0/0,19105:1747647665173:,1747647681312
counter/5/0/0/0,19106:1747647665173:,1747647681312
counter/5/0/0/0,19107:1747647665173:,1747647681312
counter/5/0/0/0,19108:1747647665174:,1747647681312
counter/5/0/0/0,19109:1747647665174:,1747647681312
counter/5/0/0/0,19110:1747647665174:,1747647681313
counter/5/0/0/0,19111:1747647665174:,1747647681313
counter/4/0/0/0,17294:1747647664925:,1747647681313
counter/4/0/0/0,17295:1747647664925:,1747647681313
counter/4/0/0/0,17296:1747647664925:,1747647681313
counter/7/0/0/0,16722:1747647662927:,1747647681313
counter/2/0/0/0,20744:1747647666926:,1747647681313
counter/7/0/0/0,16723:1747647662928:,1747647681313
counter/7/0/0/0,16724:1747647662928:,1747647681313
counter/5/0/0/0,19112:1747647665177:,1747647681313
counter/6/0/0/0,16868:1747647663800:,1747647681313
counter/3/0/0/0,17576:1747647664653:,1747647681313
counter/5/0/0/0,19113:1747647665178:,1747647681313
counter/3/0/0/0,17577:1747647664653:,1747647681313
counter/4/0/0/0,17297:1747647664925:,1747647681313
counter/4/0/0/0,17298:1747647664925:,1747647681313
counter/4/0/0/0,17299:1747647664925:,1747647681313
counter/4/0/0/0,17300:1747647664940:,1747647681313
counter/4/0/0/0,17301:1747647664940:,1747647681313
counter/9/0/0/0,20968:1747647665568:,1747647681313
counter/7/0/0/0,16725:1747647662933:,1747647681313
counter/7/0/0/0,16726:1747647662933:,1747647681313
counter/5/0/0/0,19114:1747647665178:,1747647681313
counter/6/0/0/0,16869:1747647663800:,1747647681313
counter/10/0/0/0,18203:1747647663848:,1747647681313
counter/2/0/0/0,20745:1747647666927:,1747647681313
counter/10/0/0/0,18204:1747647663848:,1747647681313
counter/10/0/0/0,18205:1747647663849:,1747647681313
counter/1/0/0/0,18428:1747647665024:,1747647681313
counter/9/0/0/0,20969:1747647665568:,1747647681313
counter/9/0/0/0,20970:1747647665568:,1747647681313
counter/9/0/0/0,20971:1747647665568:,1747647681313
counter/9/0/0/0,20972:1747647665568:,1747647681313
counter/9/0/0/0,20973:1747647665568:,1747647681313
counter/9/0/0/0,20974:1747647665568:,1747647681313
counter/9/0/0/0,20975:1747647665568:,1747647681313
counter/9/0/0/0,20976:1747647665568:,1747647681313
counter/9/0/0/0,20977:1747647665568:,1747647681313
counter/9/0/0/0,20978:1747647665568:,1747647681314
counter/9/0/0/0,20979:1747647665569:,1747647681314
counter/9/0/0/0,20980:1747647665569:,1747647681314
counter/9/0/0/0,20981:1747647665569:,1747647681314
counter/9/0/0/0,20982:1747647665569:,1747647681314
counter/9/0/0/0,20983:1747647665569:,1747647681314
counter/9/0/0/0,20984:1747647665569:,1747647681314
counter/9/0/0/0,20985:1747647665569:,1747647681314
counter/1/0/0/0,18429:1747647665024:,1747647681314
counter/5/0/0/0,19115:1747647665178:,1747647681314
counter/7/0/0/0,16727:1747647662942:,1747647681314
counter/3/0/0/0,17578:1747647664653:,1747647681314
counter/7/0/0/0,16728:1747647662942:,1747647681314
counter/4/0/0/0,17302:1747647664940:,1747647681314
counter/6/0/0/0,16870:1747647663800:,1747647681314
counter/9/0/0/0,20986:1747647665569:,1747647681314
counter/6/0/0/0,16871:1747647663800:,1747647681314
counter/1/0/0/0,18430:1747647665024:,1747647681314
counter/10/0/0/0,18206:1747647663849:,1747647681314
counter/10/0/0/0,18207:1747647663849:,1747647681314
counter/3/0/0/0,17579:1747647664653:,1747647681314
counter/5/0/0/0,19116:1747647665178:,1747647681314
counter/7/0/0/0,16729:1747647662942:,1747647681314
counter/4/0/0/0,17303:1747647664945:,1747647681314
counter/9/0/0/0,20987:1747647665569:,1747647681314
counter/9/0/0/0,20988:1747647665569:,1747647681314
counter/9/0/0/0,20989:1747647665569:,1747647681314
counter/9/0/0/0,20990:1747647665569:,1747647681314
counter/6/0/0/0,16872:1747647663800:,1747647681314
counter/4/0/0/0,17304:1747647664945:,1747647681314
counter/6/0/0/0,16873:1747647663800:,1747647681314
counter/6/0/0/0,16874:1747647663801:,1747647681314
counter/9/0/0/0,20991:1747647665569:,1747647681314
counter/9/0/0/0,20992:1747647665569:,1747647681314
counter/9/0/0/0,20993:1747647665569:,1747647681314
counter/9/0/0/0,20994:1747647665569:,1747647681314
counter/9/0/0/0,20995:1747647665569:,1747647681314
counter/9/0/0/0,20996:1747647665569:,1747647681314
counter/9/0/0/0,20997:1747647665569:,1747647681314
counter/9/0/0/0,20998:1747647665569:,1747647681314
counter/9/0/0/0,20999:1747647665571:,1747647681314
counter/9/0/0/0,21000:1747647665575:,1747647681314
counter/9/0/0/0,21001:1747647665575:,1747647681314
counter/9/0/0/0,21002:1747647665575:,1747647681314
counter/7/0/0/0,16730:1747647662942:,1747647681314
counter/9/0/0/0,21003:1747647665575:,1747647681315
counter/7/0/0/0,16731:1747647662942:,1747647681315
counter/5/0/0/0,19117:1747647665178:,1747647681315
counter/9/0/0/0,21004:1747647665576:,1747647681315
counter/10/0/0/0,18208:1747647663849:,1747647681315
counter/4/0/0/0,17305:1747647664945:,1747647681315
counter/9/0/0/0,21005:1747647665576:,1747647681315
counter/10/0/0/0,18209:1747647663849:,1747647681315
counter/9/0/0/0,21006:1747647665576:,1747647681315
counter/10/0/0/0,18210:1747647663849:,1747647681315
counter/9/0/0/0,21007:1747647665576:,1747647681315
counter/10/0/0/0,18211:1747647663849:,1747647681315
counter/9/0/0/0,21008:1747647665576:,1747647681315
counter/10/0/0/0,18212:1747647663849:,1747647681315
counter/9/0/0/0,21009:1747647665577:,1747647681315
counter/10/0/0/0,18213:1747647663849:,1747647681315
counter/6/0/0/0,16875:1747647663801:,1747647681315
counter/10/0/0/0,18214:1747647663849:,1747647681315
counter/6/0/0/0,16876:1747647663801:,1747647681315
counter/10/0/0/0,18215:1747647663849:,1747647681315
counter/6/0/0/0,16877:1747647663801:,1747647681315
counter/4/0/0/0,17306:1747647664945:,1747647681315
counter/10/0/0/0,18216:1747647663849:,1747647681315
counter/4/0/0/0,17307:1747647664945:,1747647681315
counter/10/0/0/0,18217:1747647663849:,1747647681315
counter/4/0/0/0,17308:1747647664945:,1747647681315
counter/4/0/0/0,17309:1747647664952:,1747647681315
counter/4/0/0/0,17310:1747647664952:,1747647681315
counter/4/0/0/0,17311:1747647664952:,1747647681315
counter/4/0/0/0,17312:1747647664952:,1747647681315
counter/4/0/0/0,17313:1747647664952:,1747647681315
counter/4/0/0/0,17314:1747647664952:,1747647681315
counter/4/0/0/0,17315:1747647664952:,1747647681315
counter/4/0/0/0,17316:1747647664952:,1747647681315
counter/6/0/0/0,16878:1747647663801:,1747647681315
counter/2/0/0/0,20746:1747647666927:,1747647681315
counter/4/0/0/0,17317:1747647664952:,1747647681315
counter/6/0/0/0,16879:1747647663801:,1747647681315
counter/3/0/0/0,17580:1747647664653:,1747647681315
counter/4/0/0/0,17318:1747647664952:,1747647681315
counter/7/0/0/0,16732:1747647662942:,1747647681315
counter/1/0/0/0,18431:1747647665024:,1747647681315
counter/7/0/0/0,16733:1747647662942:,1747647681315
counter/2/0/0/0,20747:1747647666927:,1747647681316
counter/7/0/0/0,16734:1747647662942:,1747647681316
counter/3/0/0/0,17581:1747647664653:,1747647681316
counter/7/0/0/0,16735:1747647662942:,1747647681316
counter/6/0/0/0,16880:1747647663801:,1747647681316
counter/6/0/0/0,16881:1747647663801:,1747647681316
counter/10/0/0/0,18218:1747647663849:,1747647681316
counter/6/0/0/0,16882:1747647663801:,1747647681316
counter/2/0/0/0,20748:1747647666927:,1747647681316
counter/6/0/0/0,16883:1747647663801:,1747647681316
counter/3/0/0/0,17582:1747647664653:,1747647681316
counter/6/0/0/0,16884:1747647663801:,1747647681316
counter/10/0/0/0,18219:1747647663849:,1747647681316
counter/4/0/0/0,17319:1747647664952:,1747647681316
counter/2/0/0/0,20749:1747647666927:,1747647681316
counter/3/0/0/0,17583:1747647664653:,1747647681316
counter/3/0/0/0,17584:1747647664653:,1747647681316
counter/3/0/0/0,17585:1747647664654:,1747647681316
counter/3/0/0/0,17586:1747647664654:,1747647681316
counter/5/0/0/0,19118:1747647665178:,1747647681316
counter/5/0/0/0,19119:1747647665178:,1747647681316
counter/5/0/0/0,19120:1747647665178:,1747647681316
counter/5/0/0/0,19121:1747647665179:,1747647681316
counter/5/0/0/0,19122:1747647665179:,1747647681316
counter/5/0/0/0,19123:1747647665179:,1747647681316
counter/5/0/0/0,19124:1747647665179:,1747647681316
counter/7/0/0/0,16736:1747647662942:,1747647681316
counter/7/0/0/0,16737:1747647662942:,1747647681316
counter/3/0/0/0,17587:1747647664654:,1747647681316
counter/7/0/0/0,16738:1747647662942:,1747647681316
counter/7/0/0/0,16739:1747647662942:,1747647681316
counter/7/0/0/0,16740:1747647662942:,1747647681316
counter/7/0/0/0,16741:1747647662942:,1747647681316
counter/7/0/0/0,16742:1747647662942:,1747647681316
counter/7/0/0/0,16743:1747647662942:,1747647681316
counter/7/0/0/0,16744:1747647662943:,1747647681316
counter/7/0/0/0,16745:1747647662943:,1747647681316
counter/7/0/0/0,16746:1747647662943:,1747647681316
counter/7/0/0/0,16747:1747647662943:,1747647681316
counter/7/0/0/0,16748:1747647662943:,1747647681316
counter/7/0/0/0,16749:1747647662943:,1747647681316
counter/7/0/0/0,16750:1747647662943:,1747647681316
counter/4/0/0/0,17320:1747647664952:,1747647681316
counter/2/0/0/0,20750:1747647666927:,1747647681316
counter/7/0/0/0,16751:1747647662943:,1747647681316
counter/9/0/0/0,21010:1747647665577:,1747647681316
counter/6/0/0/0,16885:1747647663808:,1747647681316
counter/1/0/0/0,18432:1747647665024:,1747647681316
counter/3/0/0/0,17588:1747647664654:,1747647681317
counter/6/0/0/0,16886:1747647663808:,1747647681317
counter/1/0/0/0,18433:1747647665024:,1747647681317
counter/3/0/0/0,17589:1747647664654:,1747647681317
counter/10/0/0/0,18220:1747647663849:,1747647681317
counter/4/0/0/0,17321:1747647664952:,1747647681317
counter/2/0/0/0,20751:1747647666927:,1747647681317
counter/7/0/0/0,16752:1747647662943:,1747647681317
counter/9/0/0/0,21011:1747647665577:,1747647681317
counter/6/0/0/0,16887:1747647663809:,1747647681317
counter/10/0/0/0,18221:1747647663849:,1747647681317
counter/4/0/0/0,17322:1747647664952:,1747647681317
counter/3/0/0/0,17590:1747647664654:,1747647681317
counter/2/0/0/0,20752:1747647666927:,1747647681317
counter/7/0/0/0,16753:1747647662943:,1747647681317
counter/2/0/0/0,20753:1747647666927:,1747647681317
counter/7/0/0/0,16754:1747647662943:,1747647681317
counter/9/0/0/0,21012:1747647665577:,1747647681317
counter/2/0/0/0,20754:1747647666942:,1747647681317
counter/2/0/0/0,20755:1747647666942:,1747647681317
counter/2/0/0/0,20756:1747647666942:,1747647681317
counter/2/0/0/0,20757:1747647666943:,1747647681317
counter/2/0/0/0,20758:1747647666943:,1747647681317
counter/2/0/0/0,20759:1747647666943:,1747647681317
counter/2/0/0/0,20760:1747647666943:,1747647681317
counter/7/0/0/0,16755:1747647662943:,1747647681317
counter/3/0/0/0,17591:1747647664654:,1747647681317
counter/6/0/0/0,16888:1747647663809:,1747647681317
counter/1/0/0/0,18434:1747647665024:,1747647681317
counter/1/0/0/0,18435:1747647665024:,1747647681317
counter/5/0/0/0,19125:1747647665179:,1747647681317
counter/1/0/0/0,18436:1747647665024:,1747647681317
counter/9/0/0/0,21013:1747647665577:,1747647681317
counter/1/0/0/0,18437:1747647665024:,1747647681317
counter/9/0/0/0,21014:1747647665577:,1747647681317
counter/9/0/0/0,21015:1747647665577:,1747647681317
counter/9/0/0/0,21016:1747647665578:,1747647681317
counter/9/0/0/0,21017:1747647665579:,1747647681317
counter/4/0/0/0,17323:1747647664952:,1747647681317
counter/9/0/0/0,21018:1747647665579:,1747647681317
counter/2/0/0/0,20761:1747647666943:,1747647681317
counter/5/0/0/0,19126:1747647665179:,1747647681317
counter/5/0/0/0,19127:1747647665179:,1747647681317
counter/5/0/0/0,19128:1747647665179:,1747647681318
counter/5/0/0/0,19129:1747647665186:,1747647681318
counter/5/0/0/0,19130:1747647665186:,1747647681318
counter/5/0/0/0,19131:1747647665186:,1747647681318
counter/5/0/0/0,19132:1747647665186:,1747647681318
counter/5/0/0/0,19133:1747647665186:,1747647681318
counter/4/0/0/0,17324:1747647664952:,1747647681318
counter/2/0/0/0,20762:1747647666943:,1747647681318
counter/5/0/0/0,19134:1747647665187:,1747647681318
counter/6/0/0/0,16889:1747647663809:,1747647681318
counter/5/0/0/0,19135:1747647665187:,1747647681318
counter/6/0/0/0,16890:1747647663809:,1747647681318
counter/4/0/0/0,17325:1747647664952:,1747647681318
counter/5/0/0/0,19136:1747647665187:,1747647681318
counter/6/0/0/0,16891:1747647663809:,1747647681318
counter/4/0/0/0,17326:1747647664952:,1747647681318
counter/5/0/0/0,19137:1747647665187:,1747647681318
counter/6/0/0/0,16892:1747647663809:,1747647681318
counter/4/0/0/0,17327:1747647664952:,1747647681318
counter/5/0/0/0,19138:1747647665187:,1747647681318
counter/6/0/0/0,16893:1747647663809:,1747647681318
counter/4/0/0/0,17328:1747647664952:,1747647681318
counter/5/0/0/0,19139:1747647665187:,1747647681318
counter/6/0/0/0,16894:1747647663809:,1747647681318
counter/4/0/0/0,17329:1747647664952:,1747647681318
counter/5/0/0/0,19140:1747647665187:,1747647681318
counter/6/0/0/0,16895:1747647663809:,1747647681318
counter/4/0/0/0,17330:1747647664952:,1747647681318
counter/5/0/0/0,19141:1747647665187:,1747647681318
counter/4/0/0/0,17331:1747647664952:,1747647681318
counter/4/0/0/0,17332:1747647664952:,1747647681318
counter/3/0/0/0,17592:1747647664654:,1747647681318
counter/6/0/0/0,16896:1747647663809:,1747647681318
counter/4/0/0/0,17333:1747647664969:,1747647681318
counter/2/0/0/0,20763:1747647666943:,1747647681318
counter/5/0/0/0,19142:1747647665187:,1747647681319
counter/4/0/0/0,17334:1747647664969:,1747647681319
counter/5/0/0/0,19143:1747647665193:,1747647681319
counter/7/0/0/0,16756:1747647662943:,1747647681319
counter/4/0/0/0,17335:1747647664969:,1747647681319
counter/5/0/0/0,19144:1747647665195:,1747647681319
counter/4/0/0/0,17336:1747647664969:,1747647681319
counter/5/0/0/0,19145:1747647665195:,1747647681319
counter/4/0/0/0,17337:1747647664969:,1747647681319
counter/5/0/0/0,19146:1747647665195:,1747647681319
counter/4/0/0/0,17338:1747647664969:,1747647681319
counter/5/0/0/0,19147:1747647665195:,1747647681319
counter/6/0/0/0,16897:1747647663809:,1747647681319
counter/4/0/0/0,17339:1747647664969:,1747647681319
counter/5/0/0/0,19148:1747647665195:,1747647681319
counter/3/0/0/0,17593:1747647664654:,1747647681319
counter/9/0/0/0,21019:1747647665579:,1747647681319
counter/4/0/0/0,17340:1747647664969:,1747647681319
counter/5/0/0/0,19149:1747647665195:,1747647681319
counter/9/0/0/0,21020:1747647665579:,1747647681319
counter/4/0/0/0,17341:1747647664969:,1747647681319
counter/5/0/0/0,19150:1747647665195:,1747647681319
counter/9/0/0/0,21021:1747647665581:,1747647681319
counter/3/0/0/0,17594:1747647664654:,1747647681319
counter/4/0/0/0,17342:1747647664969:,1747647681319
counter/5/0/0/0,19151:1747647665195:,1747647681319
counter/9/0/0/0,21022:1747647665581:,1747647681319
counter/4/0/0/0,17343:1747647664969:,1747647681319
counter/5/0/0/0,19152:1747647665195:,1747647681319
counter/9/0/0/0,21023:1747647665582:,1747647681319
counter/2/0/0/0,20764:1747647666943:,1747647681319
counter/4/0/0/0,17344:1747647664969:,1747647681319
counter/9/0/0/0,21024:1747647665582:,1747647681319
counter/3/0/0/0,17595:1747647664654:,1747647681319
counter/4/0/0/0,17345:1747647664972:,1747647681319
counter/9/0/0/0,21025:1747647665582:,1747647681319
counter/4/0/0/0,17346:1747647664972:,1747647681319
counter/9/0/0/0,21026:1747647665582:,1747647681319
counter/4/0/0/0,17347:1747647664972:,1747647681319
counter/9/0/0/0,21027:1747647665583:,1747647681319
counter/4/0/0/0,17348:1747647664972:,1747647681319
counter/9/0/0/0,21028:1747647665583:,1747647681319
counter/4/0/0/0,17349:1747647664972:,1747647681319
counter/4/0/0/0,17350:1747647664972:,1747647681319
counter/4/0/0/0,17351:1747647664972:,1747647681319
counter/4/0/0/0,17352:1747647664972:,1747647681319
counter/4/0/0/0,17353:1747647664972:,1747647681319
counter/4/0/0/0,17354:1747647664976:,1747647681320
counter/9/0/0/0,21029:1747647665583:,1747647681320
counter/7/0/0/0,16757:1747647662943:,1747647681320
counter/4/0/0/0,17355:1747647664976:,1747647681320
counter/5/0/0/0,19153:1747647665195:,1747647681320
counter/2/0/0/0,20765:1747647666943:,1747647681320
counter/10/0/0/0,18222:1747647663849:,1747647681320
counter/4/0/0/0,17356:1747647664976:,1747647681320
counter/10/0/0/0,18223:1747647663849:,1747647681320
counter/3/0/0/0,17596:1747647664663:,1747647681320
counter/4/0/0/0,17357:1747647664976:,1747647681320
counter/10/0/0/0,18224:1747647663849:,1747647681320
counter/3/0/0/0,17597:1747647664663:,1747647681320
counter/2/0/0/0,20766:1747647666943:,1747647681320
counter/6/0/0/0,16898:1747647663809:,1747647681320
counter/4/0/0/0,17358:1747647664976:,1747647681320
counter/10/0/0/0,18225:1747647663850:,1747647681320
counter/3/0/0/0,17598:1747647664663:,1747647681320
counter/4/0/0/0,17359:1747647664976:,1747647681320
counter/10/0/0/0,18226:1747647663850:,1747647681320
counter/3/0/0/0,17599:1747647664663:,1747647681320
counter/4/0/0/0,17360:1747647664976:,1747647681320
counter/10/0/0/0,18227:1747647663850:,1747647681320
counter/3/0/0/0,17600:1747647664663:,1747647681320
counter/9/0/0/0,21030:1747647665583:,1747647681320
counter/4/0/0/0,17361:1747647664976:,1747647681320
counter/10/0/0/0,18228:1747647663857:,1747647681320
counter/3/0/0/0,17601:1747647664663:,1747647681320
counter/4/0/0/0,17362:1747647664976:,1747647681320
counter/10/0/0/0,18229:1747647663857:,1747647681320
counter/3/0/0/0,17602:1747647664669:,1747647681320
counter/4/0/0/0,17363:1747647664976:,1747647681320
counter/10/0/0/0,18230:1747647663859:,1747647681320
counter/3/0/0/0,17603:1747647664669:,1747647681320
counter/2/0/0/0,20767:1747647666943:,1747647681320
counter/4/0/0/0,17364:1747647664976:,1747647681320
counter/10/0/0/0,18231:1747647663859:,1747647681320
counter/3/0/0/0,17604:1747647664669:,1747647681320
counter/4/0/0/0,17365:1747647664976:,1747647681320
counter/10/0/0/0,18232:1747647663859:,1747647681320
counter/3/0/0/0,17605:1747647664670:,1747647681320
counter/4/0/0/0,17366:1747647664976:,1747647681320
counter/10/0/0/0,18233:1747647663863:,1747647681320
counter/3/0/0/0,17606:1747647664670:,1747647681321
counter/4/0/0/0,17367:1747647664976:,1747647681321
counter/10/0/0/0,18234:1747647663863:,1747647681321
counter/3/0/0/0,17607:1747647664670:,1747647681321
counter/4/0/0/0,17368:1747647664976:,1747647681321
counter/3/0/0/0,17608:1747647664670:,1747647681321
counter/4/0/0/0,17369:1747647664976:,1747647681321
counter/3/0/0/0,17609:1747647664670:,1747647681321
counter/4/0/0/0,17370:1747647664976:,1747647681321
counter/3/0/0/0,17610:1747647664670:,1747647681321
counter/4/0/0/0,17371:1747647664976:,1747647681321
counter/3/0/0/0,17611:1747647664670:,1747647681321
counter/4/0/0/0,17372:1747647664982:,1747647681321
counter/4/0/0/0,17373:1747647664982:,1747647681321
counter/4/0/0/0,17374:1747647664982:,1747647681321
counter/4/0/0/0,17375:1747647664982:,1747647681321
counter/4/0/0/0,17376:1747647664983:,1747647681321
counter/4/0/0/0,17377:1747647664983:,1747647681321
counter/4/0/0/0,17378:1747647664983:,1747647681321
counter/4/0/0/0,17379:1747647664983:,1747647681321
counter/4/0/0/0,17380:1747647664983:,1747647681321
counter/4/0/0/0,17381:1747647664983:,1747647681321
counter/4/0/0/0,17382:1747647664983:,1747647681321
counter/4/0/0/0,17383:1747647664984:,1747647681321
counter/4/0/0/0,17384:1747647664984:,1747647681321
counter/4/0/0/0,17385:1747647664992:,1747647681321
counter/4/0/0/0,17386:1747647664992:,1747647681321
counter/4/0/0/0,17387:1747647664992:,1747647681321
counter/4/0/0/0,17388:1747647664992:,1747647681321
counter/4/0/0/0,17389:1747647664992:,1747647681321
counter/4/0/0/0,17390:1747647664993:,1747647681321
counter/4/0/0/0,17391:1747647664993:,1747647681321
counter/4/0/0/0,17392:1747647664993:,1747647681321
counter/4/0/0/0,17393:1747647664993:,1747647681321
counter/4/0/0/0,17394:1747647664993:,1747647681321
counter/4/0/0/0,17395:1747647664993:,1747647681321
counter/4/0/0/0,17396:1747647664993:,1747647681321
counter/4/0/0/0,17397:1747647664993:,1747647681321
counter/8/0/0/0,19098:1747647664485:,1747647681321
counter/4/0/0/0,17398:1747647664993:,1747647681321
counter/8/0/0/0,19099:1747647664485:,1747647681321
counter/10/0/0/0,18235:1747647663863:,1747647681322
counter/3/0/0/0,17612:1747647664670:,1747647681322
counter/4/0/0/0,17399:1747647664993:,1747647681322
counter/8/0/0/0,19100:1747647664485:,1747647681322
counter/4/0/0/0,17400:1747647664993:,1747647681322
counter/8/0/0/0,19101:1747647664485:,1747647681322
counter/4/0/0/0,17401:1747647664993:,1747647681322
counter/8/0/0/0,19102:1747647664500:,1747647681322
counter/4/0/0/0,17402:1747647664993:,1747647681322
counter/8/0/0/0,19103:1747647664500:,1747647681322
counter/4/0/0/0,17403:1747647664993:,1747647681322
counter/8/0/0/0,19104:1747647664500:,1747647681322
counter/4/0/0/0,17404:1747647664993:,1747647681322
counter/8/0/0/0,19105:1747647664500:,1747647681322
counter/2/0/0/0,20768:1747647666943:,1747647681322
counter/4/0/0/0,17405:1747647664993:,1747647681322
counter/8/0/0/0,19106:1747647664500:,1747647681322
counter/5/0/0/0,19154:1747647665195:,1747647681322
counter/4/0/0/0,17406:1747647664993:,1747647681322
counter/8/0/0/0,19107:1747647664501:,1747647681322
counter/5/0/0/0,19155:1747647665195:,1747647681322
counter/3/0/0/0,17613:1747647664670:,1747647681322
counter/4/0/0/0,17407:1747647664993:,1747647681322
counter/8/0/0/0,19108:1747647664501:,1747647681322
counter/10/0/0/0,18236:1747647663863:,1747647681322
counter/6/0/0/0,16899:1747647663809:,1747647681322
counter/4/0/0/0,17408:1747647664993:,1747647681322
counter/8/0/0/0,19109:1747647664501:,1747647681322
counter/9/0/0/0,21031:1747647665583:,1747647681322
counter/4/0/0/0,17409:1747647664993:,1747647681322
counter/8/0/0/0,19110:1747647664501:,1747647681322
counter/4/0/0/0,17410:1747647664993:,1747647681322
counter/8/0/0/0,19111:1747647664501:,1747647681322
counter/4/0/0/0,17411:1747647664993:,1747647681322
counter/8/0/0/0,19112:1747647664501:,1747647681322
counter/4/0/0/0,17412:1747647664993:,1747647681322
counter/8/0/0/0,19113:1747647664501:,1747647681322
counter/4/0/0/0,17413:1747647664993:,1747647681322
counter/8/0/0/0,19114:1747647664501:,1747647681322
counter/4/0/0/0,17414:1747647664993:,1747647681322
counter/8/0/0/0,19115:1747647664501:,1747647681323
counter/4/0/0/0,17415:1747647664993:,1747647681323
counter/8/0/0/0,19116:1747647664501:,1747647681323
counter/4/0/0/0,17416:1747647664994:,1747647681323
counter/8/0/0/0,19117:1747647664501:,1747647681323
counter/4/0/0/0,17417:1747647664994:,1747647681323
counter/8/0/0/0,19118:1747647664501:,1747647681323
counter/4/0/0/0,17418:1747647664994:,1747647681323
counter/8/0/0/0,19119:1747647664501:,1747647681323
counter/4/0/0/0,17419:1747647664994:,1747647681323
counter/8/0/0/0,19120:1747647664501:,1747647681323
counter/4/0/0/0,17420:1747647664994:,1747647681323
counter/8/0/0/0,19121:1747647664501:,1747647681323
counter/4/0/0/0,17421:1747647664995:,1747647681323
counter/8/0/0/0,19122:1747647664501:,1747647681323
counter/4/0/0/0,17422:1747647664995:,1747647681323
counter/8/0/0/0,19123:1747647664501:,1747647681323
counter/4/0/0/0,17423:1747647664995:,1747647681323
counter/8/0/0/0,19124:1747647664501:,1747647681323
counter/4/0/0/0,17424:1747647664995:,1747647681323
counter/8/0/0/0,19125:1747647664501:,1747647681323
counter/4/0/0/0,17425:1747647664995:,1747647681323
counter/8/0/0/0,19126:1747647664501:,1747647681323
counter/4/0/0/0,17426:1747647664995:,1747647681323
counter/8/0/0/0,19127:1747647664501:,1747647681323
counter/4/0/0/0,17427:1747647665002:,1747647681323
counter/8/0/0/0,19128:1747647664501:,1747647681323
counter/4/0/0/0,17428:1747647665002:,1747647681323
counter/8/0/0/0,19129:1747647664501:,1747647681323
counter/4/0/0/0,17429:1747647665002:,1747647681323
counter/8/0/0/0,19130:1747647664502:,1747647681323
counter/4/0/0/0,17430:1747647665002:,1747647681323
counter/8/0/0/0,19131:1747647664502:,1747647681323
counter/4/0/0/0,17431:1747647665002:,1747647681323
counter/8/0/0/0,19132:1747647664502:,1747647681323
counter/4/0/0/0,17432:1747647665002:,1747647681324
counter/8/0/0/0,19133:1747647664502:,1747647681324
counter/4/0/0/0,17433:1747647665009:,1747647681324
counter/8/0/0/0,19134:1747647664502:,1747647681324
counter/4/0/0/0,17434:1747647665011:,1747647681324
counter/8/0/0/0,19135:1747647664502:,1747647681324
counter/4/0/0/0,17435:1747647665011:,1747647681324
counter/8/0/0/0,19136:1747647664502:,1747647681324
counter/4/0/0/0,17436:1747647665011:,1747647681324
counter/8/0/0/0,19137:1747647664511:,1747647681324
counter/4/0/0/0,17437:1747647665011:,1747647681324
counter/8/0/0/0,19138:1747647664514:,1747647681324
counter/4/0/0/0,17438:1747647665011:,1747647681324
counter/8/0/0/0,19139:1747647664514:,1747647681324
counter/4/0/0/0,17439:1747647665011:,1747647681324
counter/8/0/0/0,19140:1747647664514:,1747647681324
counter/3/0/0/0,17614:1747647664670:,1747647681324
counter/4/0/0/0,17440:1747647665011:,1747647681324
counter/8/0/0/0,19141:1747647664515:,1747647681324
counter/9/0/0/0,21032:1747647665583:,1747647681324
counter/7/0/0/0,16758:1747647662943:,1747647681324
counter/2/0/0/0,20769:1747647666943:,1747647681324
counter/4/0/0/0,17441:1747647665025:,1747647681324
counter/8/0/0/0,19142:1747647664515:,1747647681324
counter/5/0/0/0,19156:1747647665195:,1747647681324
counter/4/0/0/0,17442:1747647665025:,1747647681324
counter/8/0/0/0,19143:1747647664515:,1747647681324
counter/5/0/0/0,19157:1747647665199:,1747647681324
counter/4/0/0/0,17443:1747647665025:,1747647681324
counter/8/0/0/0,19144:1747647664516:,1747647681324
counter/5/0/0/0,19158:1747647665199:,1747647681324
counter/4/0/0/0,17444:1747647665025:,1747647681324
counter/8/0/0/0,19145:1747647664517:,1747647681324
counter/5/0/0/0,19159:1747647665199:,1747647681324
counter/4/0/0/0,17445:1747647665025:,1747647681324
counter/8/0/0/0,19146:1747647664517:,1747647681324
counter/5/0/0/0,19160:1747647665199:,1747647681324
counter/4/0/0/0,17446:1747647665025:,1747647681324
counter/8/0/0/0,19147:1747647664517:,1747647681324
counter/5/0/0/0,19161:1747647665199:,1747647681324
counter/4/0/0/0,17447:1747647665026:,1747647681324
counter/8/0/0/0,19148:1747647664517:,1747647681324
counter/5/0/0/0,19162:1747647665199:,1747647681324
counter/4/0/0/0,17448:1747647665026:,1747647681325
counter/8/0/0/0,19149:1747647664517:,1747647681325
counter/5/0/0/0,19163:1747647665199:,1747647681325
counter/4/0/0/0,17449:1747647665026:,1747647681325
counter/8/0/0/0,19150:1747647664517:,1747647681325
counter/5/0/0/0,19164:1747647665199:,1747647681325
counter/4/0/0/0,17450:1747647665026:,1747647681325
counter/8/0/0/0,19151:1747647664517:,1747647681325
counter/5/0/0/0,19165:1747647665208:,1747647681325
counter/4/0/0/0,17451:1747647665027:,1747647681325
counter/8/0/0/0,19152:1747647664517:,1747647681325
counter/5/0/0/0,19166:1747647665208:,1747647681325
counter/4/0/0/0,17452:1747647665027:,1747647681325
counter/8/0/0/0,19153:1747647664535:,1747647681325
counter/5/0/0/0,19167:1747647665208:,1747647681325
counter/9/0/0/0,21033:1747647665583:,1747647681325
counter/4/0/0/0,17453:1747647665028:,1747647681325
counter/8/0/0/0,19154:1747647664548:,1747647681325
counter/5/0/0/0,19168:1747647665208:,1747647681325
counter/3/0/0/0,17615:1747647664670:,1747647681325
counter/7/0/0/0,16759:1747647662943:,1747647681325
counter/4/0/0/0,17454:1747647665028:,1747647681325
counter/8/0/0/0,19155:1747647664548:,1747647681325
counter/5/0/0/0,19169:1747647665208:,1747647681325
counter/2/0/0/0,20770:1747647666946:,1747647681325
counter/6/0/0/0,16900:1747647663809:,1747647681325
counter/10/0/0/0,18237:1747647663863:,1747647681325
counter/4/0/0/0,17455:1747647665028:,1747647681325
counter/8/0/0/0,19156:1747647664548:,1747647681325
counter/5/0/0/0,19170:1747647665209:,1747647681325
counter/1/0/0/0,18438:1747647665024:,1747647681325
counter/4/0/0/0,17456:1747647665035:,1747647681325
counter/8/0/0/0,19157:1747647664548:,1747647681325
counter/5/0/0/0,19171:1747647665209:,1747647681325
counter/1/0/0/0,18439:1747647665024:,1747647681325
counter/4/0/0/0,17457:1747647665042:,1747647681325
counter/8/0/0/0,19158:1747647664548:,1747647681325
counter/5/0/0/0,19172:1747647665214:,1747647681325
counter/1/0/0/0,18440:1747647665024:,1747647681325
counter/4/0/0/0,17458:1747647665042:,1747647681326
counter/8/0/0/0,19159:1747647664548:,1747647681326
counter/5/0/0/0,19173:1747647665217:,1747647681326
counter/1/0/0/0,18441:1747647665024:,1747647681326
counter/4/0/0/0,17459:1747647665042:,1747647681326
counter/8/0/0/0,19160:1747647664548:,1747647681326
counter/5/0/0/0,19174:1747647665217:,1747647681326
counter/1/0/0/0,18442:1747647665025:,1747647681326
counter/4/0/0/0,17460:1747647665042:,1747647681326
counter/8/0/0/0,19161:1747647664548:,1747647681326
counter/5/0/0/0,19175:1747647665217:,1747647681326
counter/1/0/0/0,18443:1747647665025:,1747647681326
counter/4/0/0/0,17461:1747647665042:,1747647681326
counter/8/0/0/0,19162:1747647664555:,1747647681326
counter/5/0/0/0,19176:1747647665220:,1747647681326
counter/1/0/0/0,18444:1747647665025:,1747647681326
counter/4/0/0/0,17462:1747647665042:,1747647681326
counter/8/0/0/0,19163:1747647664555:,1747647681326
counter/5/0/0/0,19177:1747647665220:,1747647681326
counter/1/0/0/0,18445:1747647665025:,1747647681326
counter/4/0/0/0,17463:1747647665042:,1747647681326
counter/8/0/0/0,19164:1747647664555:,1747647681326
counter/5/0/0/0,19178:1747647665220:,1747647681326
counter/1/0/0/0,18446:1747647665025:,1747647681326
counter/4/0/0/0,17464:1747647665042:,1747647681326
counter/8/0/0/0,19165:1747647664560:,1747647681326
counter/5/0/0/0,19179:1747647665220:,1747647681326
counter/1/0/0/0,18447:1747647665025:,1747647681326
counter/4/0/0/0,17465:1747647665042:,1747647681326
counter/8/0/0/0,19166:1747647664560:,1747647681326
counter/5/0/0/0,19180:1747647665220:,1747647681326
counter/1/0/0/0,18448:1747647665025:,1747647681326
counter/4/0/0/0,17466:1747647665042:,1747647681326
counter/8/0/0/0,19167:1747647664560:,1747647681326
counter/5/0/0/0,19181:1747647665220:,1747647681326
counter/1/0/0/0,18449:1747647665025:,1747647681326
counter/4/0/0/0,17467:1747647665042:,1747647681326
counter/8/0/0/0,19168:1747647664560:,1747647681326
counter/5/0/0/0,19182:1747647665221:,1747647681326
counter/1/0/0/0,18450:1747647665025:,1747647681326
counter/4/0/0/0,17468:1747647665042:,1747647681326
counter/8/0/0/0,19169:1747647664561:,1747647681326
counter/5/0/0/0,19183:1747647665221:,1747647681326
counter/1/0/0/0,18451:1747647665026:,1747647681326
counter/4/0/0/0,17469:1747647665042:,1747647681327
counter/8/0/0/0,19170:1747647664561:,1747647681327
counter/5/0/0/0,19184:1747647665221:,1747647681327
counter/1/0/0/0,18452:1747647665026:,1747647681327
counter/4/0/0/0,17470:1747647665042:,1747647681327
counter/8/0/0/0,19171:1747647664561:,1747647681327
counter/5/0/0/0,19185:1747647665221:,1747647681327
counter/1/0/0/0,18453:1747647665026:,1747647681327
counter/6/0/0/0,16901:1747647663809:,1747647681327
counter/4/0/0/0,17471:1747647665042:,1747647681327
counter/8/0/0/0,19172:1747647664561:,1747647681327
counter/1/0/0/0,18454:1747647665026:,1747647681327
counter/10/0/0/0,18238:1747647663863:,1747647681327
counter/4/0/0/0,17472:1747647665042:,1747647681327
counter/8/0/0/0,19173:1747647664561:,1747647681327
counter/1/0/0/0,18455:1747647665028:,1747647681327
counter/10/0/0/0,18239:1747647663863:,1747647681327
counter/4/0/0/0,17473:1747647665042:,1747647681327
counter/8/0/0/0,19174:1747647664561:,1747647681327
counter/1/0/0/0,18456:1747647665029:,1747647681327
counter/10/0/0/0,18240:1747647663864:,1747647681327
counter/3/0/0/0,17616:1747647664670:,1747647681327
counter/4/0/0/0,17474:1747647665043:,1747647681327
counter/8/0/0/0,19175:1747647664561:,1747647681327
counter/1/0/0/0,18457:1747647665029:,1747647681327
counter/10/0/0/0,18241:1747647663864:,1747647681327
counter/3/0/0/0,17617:1747647664670:,1747647681327
counter/4/0/0/0,17475:1747647665043:,1747647681327
counter/8/0/0/0,19176:1747647664562:,1747647681327
counter/1/0/0/0,18458:1747647665029:,1747647681327
counter/10/0/0/0,18242:1747647663864:,1747647681327
counter/3/0/0/0,17618:1747647664670:,1747647681327
counter/4/0/0/0,17476:1747647665043:,1747647681327
counter/8/0/0/0,19177:1747647664562:,1747647681327
counter/1/0/0/0,18459:1747647665029:,1747647681327
counter/10/0/0/0,18243:1747647664385:,1747647681327
counter/3/0/0/0,17619:1747647664671:,1747647681328
counter/4/0/0/0,17477:1747647665043:,1747647681328
counter/8/0/0/0,19178:1747647664562:,1747647681328
counter/1/0/0/0,18460:1747647665030:,1747647681328
counter/3/0/0/0,17620:1747647664671:,1747647681328
counter/4/0/0/0,17478:1747647665043:,1747647681328
counter/8/0/0/0,19179:1747647664562:,1747647681328
counter/1/0/0/0,18461:1747647665030:,1747647681328
counter/3/0/0/0,17621:1747647664671:,1747647681328
counter/6/0/0/0,16902:1747647663809:,1747647681328
counter/4/0/0/0,17479:1747647665043:,1747647681328
counter/8/0/0/0,19180:1747647664562:,1747647681328
counter/1/0/0/0,18462:1747647665030:,1747647681328
counter/3/0/0/0,17622:1747647664671:,1747647681328
counter/6/0/0/0,16903:1747647663809:,1747647681328
counter/4/0/0/0,17480:1747647665043:,1747647681328
counter/8/0/0/0,19181:1747647664562:,1747647681328
counter/1/0/0/0,18463:1747647665030:,1747647681328
counter/3/0/0/0,17623:1747647664671:,1747647681328
counter/6/0/0/0,16904:1747647663809:,1747647681328
counter/8/0/0/0,19182:1747647664562:,1747647681328
counter/1/0/0/0,18464:1747647665030:,1747647681328
counter/6/0/0/0,16905:1747647663812:,1747647681328
counter/10/0/0/0,18244:1747647664387:,1747647681328
counter/8/0/0/0,19183:1747647664562:,1747647681328
counter/1/0/0/0,18465:1747647665030:,1747647681328
counter/6/0/0/0,16906:1747647663813:,1747647681328
counter/9/0/0/0,21034:1747647665583:,1747647681328
counter/8/0/0/0,19184:1747647664562:,1747647681328
counter/1/0/0/0,18466:1747647665030:,1747647681328
counter/6/0/0/0,16907:1747647663813:,1747647681328
counter/8/0/0/0,19185:1747647664562:,1747647681328
counter/1/0/0/0,18467:1747647665030:,1747647681328
counter/6/0/0/0,16908:1747647663813:,1747647681328
counter/8/0/0/0,19186:1747647664564:,1747647681328
counter/1/0/0/0,18468:1747647665035:,1747647681328
counter/6/0/0/0,16909:1747647663813:,1747647681328
counter/8/0/0/0,19187:1747647664564:,1747647681328
counter/1/0/0/0,18469:1747647665035:,1747647681329
counter/6/0/0/0,16910:1747647663813:,1747647681329
counter/8/0/0/0,19188:1747647664564:,1747647681329
counter/1/0/0/0,18470:1747647665035:,1747647681329
counter/6/0/0/0,16911:1747647663813:,1747647681329
counter/8/0/0/0,19189:1747647664564:,1747647681329
counter/1/0/0/0,18471:1747647665035:,1747647681329
counter/8/0/0/0,19190:1747647664564:,1747647681329
counter/1/0/0/0,18472:1747647665035:,1747647681329
counter/8/0/0/0,19191:1747647664564:,1747647681329
counter/1/0/0/0,18473:1747647665035:,1747647681329
counter/8/0/0/0,19192:1747647664564:,1747647681329
counter/1/0/0/0,18474:1747647665035:,1747647681329
counter/8/0/0/0,19193:1747647664564:,1747647681329
counter/1/0/0/0,18475:1747647665035:,1747647681329
counter/8/0/0/0,19194:1747647664564:,1747647681329
counter/1/0/0/0,18476:1747647665035:,1747647681329
counter/8/0/0/0,19195:1747647664564:,1747647681329
counter/1/0/0/0,18477:1747647665036:,1747647681329
counter/8/0/0/0,19196:1747647664564:,1747647681329
counter/1/0/0/0,18478:1747647665036:,1747647681329
counter/8/0/0/0,19197:1747647664564:,1747647681329
counter/1/0/0/0,18479:1747647665036:,1747647681329
counter/8/0/0/0,19198:1747647664564:,1747647681329
counter/1/0/0/0,18480:1747647665036:,1747647681329
counter/8/0/0/0,19199:1747647664564:,1747647681329
counter/1/0/0/0,18481:1747647665036:,1747647681329
counter/2/0/0/0,20771:1747647666946:,1747647681329
counter/8/0/0/0,19200:1747647664571:,1747647681329
counter/1/0/0/0,18482:1747647665038:,1747647681329
counter/10/0/0/0,18245:1747647664387:,1747647681329
counter/6/0/0/0,16912:1747647663813:,1747647681329
counter/8/0/0/0,19201:1747647664571:,1747647681329
counter/1/0/0/0,18483:1747647665038:,1747647681329
counter/10/0/0/0,18246:1747647664387:,1747647681329
counter/8/0/0/0,19202:1747647664571:,1747647681329
counter/1/0/0/0,18484:1747647665038:,1747647681329
counter/10/0/0/0,18247:1747647664387:,1747647681329
counter/8/0/0/0,19203:1747647664571:,1747647681329
counter/1/0/0/0,18485:1747647665038:,1747647681330
counter/10/0/0/0,18248:1747647664387:,1747647681330
counter/8/0/0/0,19204:1747647664571:,1747647681330
counter/1/0/0/0,18486:1747647665038:,1747647681330
counter/10/0/0/0,18249:1747647664391:,1747647681330
counter/3/0/0/0,17624:1747647664671:,1747647681330
counter/8/0/0/0,19205:1747647664571:,1747647681330
counter/1/0/0/0,18487:1747647665038:,1747647681330
counter/10/0/0/0,18250:1747647664392:,1747647681330
counter/6/0/0/0,16913:1747647663813:,1747647681330
counter/8/0/0/0,19206:1747647664571:,1747647681330
counter/1/0/0/0,18488:1747647665038:,1747647681330
counter/10/0/0/0,18251:1747647664392:,1747647681330
counter/8/0/0/0,19207:1747647664571:,1747647681330
counter/1/0/0/0,18489:1747647665038:,1747647681330
counter/10/0/0/0,18252:1747647664393:,1747647681330
counter/8/0/0/0,19208:1747647664571:,1747647681330
counter/1/0/0/0,18490:1747647665038:,1747647681330
counter/10/0/0/0,18253:1747647664396:,1747647681330
counter/8/0/0/0,19209:1747647664571:,1747647681330
counter/1/0/0/0,18491:1747647665038:,1747647681330
counter/10/0/0/0,18254:1747647664396:,1747647681330
counter/8/0/0/0,19210:1747647664573:,1747647681330
counter/1/0/0/0,18492:1747647665038:,1747647681330
counter/8/0/0/0,19211:1747647664573:,1747647681330
counter/1/0/0/0,18493:1747647665038:,1747647681330
counter/8/0/0/0,19212:1747647664573:,1747647681330
counter/1/0/0/0,18494:1747647665038:,1747647681330
counter/8/0/0/0,19213:1747647664573:,1747647681330
counter/1/0/0/0,18495:1747647665038:,1747647681330
counter/8/0/0/0,19214:1747647664573:,1747647681330
counter/1/0/0/0,18496:1747647665046:,1747647681330
counter/8/0/0/0,19215:1747647664573:,1747647681330
counter/1/0/0/0,18497:1747647665051:,1747647681330
counter/8/0/0/0,19216:1747647664573:,1747647681330
counter/1/0/0/0,18498:1747647665056:,1747647681330
counter/8/0/0/0,19217:1747647664573:,1747647681330
counter/1/0/0/0,18499:1747647665056:,1747647681330
counter/8/0/0/0,19218:1747647664573:,1747647681330
counter/1/0/0/0,18500:1747647665056:,1747647681330
counter/8/0/0/0,19219:1747647664573:,1747647681330
counter/1/0/0/0,18501:1747647665056:,1747647681330
counter/8/0/0/0,19220:1747647664573:,1747647681331
counter/1/0/0/0,18502:1747647665056:,1747647681331
counter/8/0/0/0,19221:1747647664574:,1747647681331
counter/1/0/0/0,18503:1747647665091:,1747647681331
counter/8/0/0/0,19222:1747647664574:,1747647681331
counter/1/0/0/0,18504:1747647665091:,1747647681331
counter/8/0/0/0,19223:1747647664574:,1747647681331
counter/1/0/0/0,18505:1747647665091:,1747647681331
counter/8/0/0/0,19224:1747647664574:,1747647681331
counter/1/0/0/0,18506:1747647665091:,1747647681331
counter/8/0/0/0,19225:1747647664574:,1747647681331
counter/1/0/0/0,18507:1747647665091:,1747647681331
counter/8/0/0/0,19226:1747647664574:,1747647681331
counter/1/0/0/0,18508:1747647665091:,1747647681331
counter/5/0/0/0,19186:1747647665227:,1747647681331
counter/8/0/0/0,19227:1747647664583:,1747647681331
counter/1/0/0/0,18509:1747647665101:,1747647681331
counter/5/0/0/0,19187:1747647665227:,1747647681331
counter/3/0/0/0,17625:1747647664671:,1747647681331
counter/8/0/0/0,19228:1747647664583:,1747647681331
counter/1/0/0/0,18510:1747647665101:,1747647681331
counter/5/0/0/0,19188:1747647665227:,1747647681331
counter/8/0/0/0,19229:1747647664583:,1747647681331
counter/1/0/0/0,18511:1747647665101:,1747647681331
counter/5/0/0/0,19189:1747647665227:,1747647681331
counter/8/0/0/0,19230:1747647664584:,1747647681331
counter/1/0/0/0,18512:1747647665103:,1747647681331
counter/5/0/0/0,19190:1747647665227:,1747647681331
counter/8/0/0/0,19231:1747647664584:,1747647681331
counter/1/0/0/0,18513:1747647665103:,1747647681331
counter/5/0/0/0,19191:1747647665227:,1747647681331
counter/8/0/0/0,19232:1747647664584:,1747647681331
counter/1/0/0/0,18514:1747647665103:,1747647681331
counter/5/0/0/0,19192:1747647665227:,1747647681331
counter/8/0/0/0,19233:1747647664584:,1747647681331
counter/1/0/0/0,18515:1747647665104:,1747647681331
counter/5/0/0/0,19193:1747647665240:,1747647681331
counter/8/0/0/0,19234:1747647664584:,1747647681331
counter/1/0/0/0,18516:1747647665104:,1747647681331
counter/5/0/0/0,19194:1747647665246:,1747647681331
counter/8/0/0/0,19235:1747647664584:,1747647681331
counter/1/0/0/0,18517:1747647665104:,1747647681331
counter/5/0/0/0,19195:1747647665246:,1747647681331
counter/8/0/0/0,19236:1747647664584:,1747647681332
counter/1/0/0/0,18518:1747647665104:,1747647681332
counter/5/0/0/0,19196:1747647665246:,1747647681332
counter/8/0/0/0,19237:1747647664584:,1747647681332
counter/1/0/0/0,18519:1747647665107:,1747647681332
counter/5/0/0/0,19197:1747647665246:,1747647681332
counter/8/0/0/0,19238:1747647664584:,1747647681332
counter/1/0/0/0,18520:1747647665107:,1747647681332
counter/5/0/0/0,19198:1747647665246:,1747647681332
counter/9/0/0/0,21035:1747647665583:,1747647681332
counter/8/0/0/0,19239:1747647664588:,1747647681332
counter/1/0/0/0,18521:1747647665107:,1747647681332
counter/5/0/0/0,19199:1747647665246:,1747647681332
counter/3/0/0/0,17626:1747647664671:,1747647681332
counter/6/0/0/0,16914:1747647663813:,1747647681332
counter/8/0/0/0,19240:1747647664589:,1747647681332
counter/1/0/0/0,18522:1747647665107:,1747647681332
counter/5/0/0/0,19200:1747647665246:,1747647681332
counter/6/0/0/0,16915:1747647663813:,1747647681332
counter/8/0/0/0,19241:1747647664589:,1747647681332
counter/1/0/0/0,18523:1747647665107:,1747647681332
counter/5/0/0/0,19201:1747647665246:,1747647681332
counter/6/0/0/0,16916:1747647663813:,1747647681332
counter/8/0/0/0,19242:1747647664589:,1747647681332
counter/1/0/0/0,18524:1747647665107:,1747647681332
counter/5/0/0/0,19202:1747647665246:,1747647681332
counter/6/0/0/0,16917:1747647663813:,1747647681332
counter/8/0/0/0,19243:1747647664589:,1747647681332
counter/1/0/0/0,18525:1747647665107:,1747647681332
counter/5/0/0/0,19203:1747647665246:,1747647681332
counter/6/0/0/0,16918:1747647663813:,1747647681332
counter/8/0/0/0,19244:1747647664589:,1747647681332
counter/1/0/0/0,18526:1747647665108:,1747647681332
counter/5/0/0/0,19204:1747647665248:,1747647681332
counter/6/0/0/0,16919:1747647663813:,1747647681332
counter/8/0/0/0,19245:1747647664589:,1747647681332
counter/1/0/0/0,18527:1747647665108:,1747647681332
counter/5/0/0/0,19205:1747647665251:,1747647681332
counter/6/0/0/0,16920:1747647663813:,1747647681332
counter/8/0/0/0,19246:1747647664589:,1747647681332
counter/1/0/0/0,18528:1747647665108:,1747647681333
counter/5/0/0/0,19206:1747647665251:,1747647681333
counter/8/0/0/0,19247:1747647664589:,1747647681333
counter/1/0/0/0,18529:1747647665108:,1747647681333
counter/5/0/0/0,19207:1747647665251:,1747647681333
counter/6/0/0/0,16921:1747647663813:,1747647681333
counter/8/0/0/0,19248:1747647664589:,1747647681333
counter/1/0/0/0,18530:1747647665109:,1747647681333
counter/5/0/0/0,19208:1747647665251:,1747647681333
counter/6/0/0/0,16922:1747647663813:,1747647681333
counter/9/0/0/0,21036:1747647665583:,1747647681333
counter/8/0/0/0,19249:1747647664589:,1747647681333
counter/1/0/0/0,18531:1747647665115:,1747647681333
counter/5/0/0/0,19209:1747647665253:,1747647681333
counter/6/0/0/0,16923:1747647663813:,1747647681333
counter/8/0/0/0,19250:1747647664594:,1747647681333
counter/1/0/0/0,18532:1747647665115:,1747647681333
counter/5/0/0/0,19210:1747647665253:,1747647681333
counter/6/0/0/0,16924:1747647663813:,1747647681333
counter/8/0/0/0,19251:1747647664594:,1747647681333
counter/1/0/0/0,18533:1747647665115:,1747647681333
counter/5/0/0/0,19211:1747647665253:,1747647681333
counter/6/0/0/0,16925:1747647663820:,1747647681333
counter/8/0/0/0,19252:1747647664594:,1747647681333
counter/1/0/0/0,18534:1747647665115:,1747647681333
counter/5/0/0/0,19212:1747647665253:,1747647681333
counter/6/0/0/0,16926:1747647663820:,1747647681333
counter/8/0/0/0,19253:1747647664594:,1747647681333
counter/5/0/0/0,19213:1747647665253:,1747647681333
counter/6/0/0/0,16927:1747647663820:,1747647681333
counter/9/0/0/0,21037:1747647665583:,1747647681333
counter/8/0/0/0,19254:1747647664594:,1747647681333
counter/5/0/0/0,19214:1747647665253:,1747647681333
counter/6/0/0/0,16928:1747647663820:,1747647681333
counter/9/0/0/0,21038:1747647665583:,1747647681333
counter/8/0/0/0,19255:1747647664594:,1747647681333
counter/5/0/0/0,19215:1747647665253:,1747647681333
counter/6/0/0/0,16929:1747647663820:,1747647681333
counter/9/0/0/0,21039:1747647665584:,1747647681333
counter/8/0/0/0,19256:1747647664594:,1747647681333
counter/5/0/0/0,19216:1747647665253:,1747647681333
counter/6/0/0/0,16930:1747647663820:,1747647681333
counter/9/0/0/0,21040:1747647665584:,1747647681333
counter/8/0/0/0,19257:1747647664594:,1747647681333
counter/5/0/0/0,19217:1747647665253:,1747647681333
counter/6/0/0/0,16931:1747647663820:,1747647681333
counter/9/0/0/0,21041:1747647665584:,1747647681333
counter/8/0/0/0,19258:1747647664594:,1747647681333
counter/5/0/0/0,19218:1747647665253:,1747647681334
counter/6/0/0/0,16932:1747647663820:,1747647681334
counter/9/0/0/0,21042:1747647665584:,1747647681334
counter/8/0/0/0,19259:1747647664594:,1747647681334
counter/5/0/0/0,19219:1747647665253:,1747647681334
counter/6/0/0/0,16933:1747647663820:,1747647681334
counter/9/0/0/0,21043:1747647665584:,1747647681334
counter/8/0/0/0,19260:1747647664594:,1747647681334
counter/6/0/0/0,16934:1747647663821:,1747647681334
counter/9/0/0/0,21044:1747647665584:,1747647681334
counter/8/0/0/0,19261:1747647664594:,1747647681334
counter/6/0/0/0,16935:1747647663821:,1747647681334
counter/9/0/0/0,21045:1747647665584:,1747647681334
counter/8/0/0/0,19262:1747647664594:,1747647681334
counter/6/0/0/0,16936:1747647663821:,1747647681334
counter/9/0/0/0,21046:1747647665600:,1747647681334
counter/8/0/0/0,19263:1747647664606:,1747647681334
counter/6/0/0/0,16937:1747647663821:,1747647681334
counter/9/0/0/0,21047:1747647665603:,1747647681334
counter/8/0/0/0,19264:1747647664606:,1747647681334
counter/6/0/0/0,16938:1747647663821:,1747647681334
counter/9/0/0/0,21048:1747647665603:,1747647681334
counter/8/0/0/0,19265:1747647664606:,1747647681334
counter/6/0/0/0,16939:1747647663821:,1747647681334
counter/9/0/0/0,21049:1747647665604:,1747647681334
counter/8/0/0/0,19266:1747647664606:,1747647681334
counter/6/0/0/0,16940:1747647663833:,1747647681334
counter/9/0/0/0,21050:1747647665604:,1747647681334
counter/8/0/0/0,19267:1747647664606:,1747647681334
counter/6/0/0/0,16941:1747647663833:,1747647681334
counter/9/0/0/0,21051:1747647665604:,1747647681334
counter/8/0/0/0,19268:1747647664606:,1747647681334
counter/6/0/0/0,16942:1747647663833:,1747647681334
counter/9/0/0/0,21052:1747647665604:,1747647681334
counter/8/0/0/0,19269:1747647664606:,1747647681334
counter/9/0/0/0,21053:1747647665605:,1747647681334
counter/8/0/0/0,19270:1747647664606:,1747647681334
counter/9/0/0/0,21054:1747647665605:,1747647681334
counter/8/0/0/0,19271:1747647664606:,1747647681334
counter/9/0/0/0,21055:1747647665608:,1747647681334
counter/8/0/0/0,19272:1747647664606:,1747647681334
counter/9/0/0/0,21056:1747647665608:,1747647681334
counter/8/0/0/0,19273:1747647664606:,1747647681334
counter/9/0/0/0,21057:1747647665608:,1747647681335
counter/8/0/0/0,19274:1747647664606:,1747647681335
counter/9/0/0/0,21058:1747647665608:,1747647681335
counter/8/0/0/0,19275:1747647664606:,1747647681335
counter/9/0/0/0,21059:1747647665608:,1747647681335
counter/8/0/0/0,19276:1747647664606:,1747647681335
counter/9/0/0/0,21060:1747647665608:,1747647681335
counter/8/0/0/0,19277:1747647664609:,1747647681335
counter/9/0/0/0,21061:1747647665608:,1747647681335
counter/8/0/0/0,19278:1747647664609:,1747647681335
counter/9/0/0/0,21062:1747647665608:,1747647681335
counter/8/0/0/0,19279:1747647664609:,1747647681335
counter/9/0/0/0,21063:1747647665608:,1747647681335
counter/8/0/0/0,19280:1747647664609:,1747647681335
counter/9/0/0/0,21064:1747647665608:,1747647681335
counter/8/0/0/0,19281:1747647664609:,1747647681335
counter/9/0/0/0,21065:1747647665608:,1747647681335
counter/8/0/0/0,19282:1747647664613:,1747647681335
counter/9/0/0/0,21066:1747647665608:,1747647681335
counter/8/0/0/0,19283:1747647664614:,1747647681335
counter/9/0/0/0,21067:1747647665608:,1747647681335
counter/8/0/0/0,19284:1747647664626:,1747647681335
counter/9/0/0/0,21068:1747647665608:,1747647681335
counter/8/0/0/0,19285:1747647664626:,1747647681335
counter/9/0/0/0,21069:1747647665609:,1747647681335
counter/8/0/0/0,19286:1747647664626:,1747647681335
counter/9/0/0/0,21070:1747647665609:,1747647681335
counter/8/0/0/0,19287:1747647664626:,1747647681335
counter/9/0/0/0,21071:1747647665609:,1747647681335
counter/8/0/0/0,19288:1747647664626:,1747647681335
counter/9/0/0/0,21072:1747647665609:,1747647681335
counter/8/0/0/0,19289:1747647664626:,1747647681335
counter/9/0/0/0,21073:1747647665609:,1747647681335
counter/8/0/0/0,19290:1747647664626:,1747647681335
counter/9/0/0/0,21074:1747647665609:,1747647681335
counter/8/0/0/0,19291:1747647664626:,1747647681335
counter/9/0/0/0,21075:1747647665609:,1747647681335
counter/8/0/0/0,19292:1747647664626:,1747647681335
counter/9/0/0/0,21076:1747647665609:,1747647681336
counter/8/0/0/0,19293:1747647664626:,1747647681336
counter/9/0/0/0,21077:1747647665609:,1747647681336
counter/8/0/0/0,19294:1747647664626:,1747647681336
counter/9/0/0/0,21078:1747647665609:,1747647681336
counter/8/0/0/0,19295:1747647664626:,1747647681336
counter/9/0/0/0,21079:1747647665609:,1747647681336
counter/8/0/0/0,19296:1747647664626:,1747647681336
counter/9/0/0/0,21080:1747647665609:,1747647681336
counter/8/0/0/0,19297:1747647664626:,1747647681336
counter/9/0/0/0,21081:1747647665609:,1747647681336
counter/8/0/0/0,19298:1747647664626:,1747647681336
counter/9/0/0/0,21082:1747647665609:,1747647681336
counter/8/0/0/0,19299:1747647664626:,1747647681336
counter/9/0/0/0,21083:1747647665609:,1747647681336
counter/8/0/0/0,19300:1747647664626:,1747647681336
counter/9/0/0/0,21084:1747647665609:,1747647681336
counter/8/0/0/0,19301:1747647664627:,1747647681336
counter/9/0/0/0,21085:1747647665609:,1747647681336
counter/8/0/0/0,19302:1747647664627:,1747647681336
counter/9/0/0/0,21086:1747647665609:,1747647681336
counter/8/0/0/0,19303:1747647664627:,1747647681336
counter/9/0/0/0,21087:1747647665609:,1747647681336
counter/8/0/0/0,19304:1747647664631:,1747647681336
counter/9/0/0/0,21088:1747647665609:,1747647681336
counter/8/0/0/0,19305:1747647664631:,1747647681336
counter/9/0/0/0,21089:1747647665609:,1747647681336
counter/8/0/0/0,19306:1747647664631:,1747647681336
counter/9/0/0/0,21090:1747647665609:,1747647681336
counter/8/0/0/0,19307:1747647664631:,1747647681336
counter/9/0/0/0,21091:1747647665609:,1747647681336
counter/8/0/0/0,19308:1747647664631:,1747647681336
counter/9/0/0/0,21092:1747647665609:,1747647681336
counter/8/0/0/0,19309:1747647664631:,1747647681336
counter/9/0/0/0,21093:1747647665609:,1747647681336
counter/8/0/0/0,19310:1747647664631:,1747647681336
counter/9/0/0/0,21094:1747647665609:,1747647681336
counter/8/0/0/0,19311:1747647664631:,1747647681336
counter/9/0/0/0,21095:1747647665616:,1747647681336
counter/8/0/0/0,19312:1747647664631:,1747647681336
counter/9/0/0/0,21096:1747647665616:,1747647681336
counter/8/0/0/0,19313:1747647664631:,1747647681336
counter/9/0/0/0,21097:1747647665616:,1747647681336
counter/8/0/0/0,19314:1747647664631:,1747647681336
counter/9/0/0/0,21098:1747647665616:,1747647681337
counter/8/0/0/0,19315:1747647664631:,1747647681337
counter/9/0/0/0,21099:1747647665617:,1747647681337
counter/8/0/0/0,19316:1747647664631:,1747647681337
counter/9/0/0/0,21100:1747647665617:,1747647681337
counter/8/0/0/0,19317:1747647664631:,1747647681337
counter/9/0/0/0,21101:1747647665617:,1747647681337
counter/8/0/0/0,19318:1747647664649:,1747647681337
counter/9/0/0/0,21102:1747647665617:,1747647681337
counter/8/0/0/0,19319:1747647664649:,1747647681337
counter/9/0/0/0,21103:1747647665617:,1747647681337
counter/8/0/0/0,19320:1747647664649:,1747647681337
counter/9/0/0/0,21104:1747647665617:,1747647681337
counter/8/0/0/0,19321:1747647664650:,1747647681337
counter/9/0/0/0,21105:1747647665617:,1747647681337
counter/8/0/0/0,19322:1747647664650:,1747647681337
counter/9/0/0/0,21106:1747647665617:,1747647681337
counter/8/0/0/0,19323:1747647664650:,1747647681337
counter/9/0/0/0,21107:1747647665617:,1747647681337
counter/8/0/0/0,19324:1747647664650:,1747647681337
counter/9/0/0/0,21108:1747647665623:,1747647681337
counter/8/0/0/0,19325:1747647664650:,1747647681337
counter/9/0/0/0,21109:1747647665623:,1747647681337
counter/8/0/0/0,19326:1747647664650:,1747647681337
counter/9/0/0/0,21110:1747647665631:,1747647681337
counter/8/0/0/0,19327:1747647664650:,1747647681337
counter/9/0/0/0,21111:1747647665631:,1747647681337
counter/8/0/0/0,19328:1747647664650:,1747647681337
counter/9/0/0/0,21112:1747647665631:,1747647681337
counter/8/0/0/0,19329:1747647664650:,1747647681337
counter/9/0/0/0,21113:1747647665632:,1747647681337
counter/8/0/0/0,19330:1747647664650:,1747647681337
counter/9/0/0/0,21114:1747647665632:,1747647681337
counter/8/0/0/0,19331:1747647664651:,1747647681337
counter/9/0/0/0,21115:1747647665632:,1747647681337
counter/8/0/0/0,19332:1747647664657:,1747647681337
counter/9/0/0/0,21116:1747647665632:,1747647681337
counter/8/0/0/0,19333:1747647664662:,1747647681337
counter/9/0/0/0,21117:1747647665632:,1747647681337
counter/8/0/0/0,19334:1747647664662:,1747647681337
counter/9/0/0/0,21118:1747647665632:,1747647681337
counter/8/0/0/0,19335:1747647664662:,1747647681338
counter/9/0/0/0,21119:1747647665632:,1747647681338
counter/8/0/0/0,19336:1747647664662:,1747647681338
counter/9/0/0/0,21120:1747647665634:,1747647681338
counter/8/0/0/0,19337:1747647664662:,1747647681338
counter/9/0/0/0,21121:1747647665634:,1747647681338
counter/8/0/0/0,19338:1747647664662:,1747647681338
counter/9/0/0/0,21122:1747647665634:,1747647681338
counter/8/0/0/0,19339:1747647664680:,1747647681338
counter/9/0/0/0,21123:1747647665634:,1747647681338
counter/8/0/0/0,19340:1747647664680:,1747647681338
counter/9/0/0/0,21124:1747647665636:,1747647681338
counter/8/0/0/0,19341:1747647664680:,1747647681338
counter/9/0/0/0,21125:1747647665637:,1747647681338
counter/8/0/0/0,19342:1747647664680:,1747647681338
counter/9/0/0/0,21126:1747647665637:,1747647681338
counter/8/0/0/0,19343:1747647664680:,1747647681338
counter/9/0/0/0,21127:1747647665637:,1747647681338
counter/8/0/0/0,19344:1747647664680:,1747647681338
counter/9/0/0/0,21128:1747647665637:,1747647681338
counter/8/0/0/0,19345:1747647664680:,1747647681338
counter/9/0/0/0,21129:1747647665637:,1747647681338
counter/8/0/0/0,19346:1747647664680:,1747647681338
counter/9/0/0/0,21130:1747647665637:,1747647681338
counter/8/0/0/0,19347:1747647664680:,1747647681338
counter/9/0/0/0,21131:1747647665637:,1747647681338
counter/8/0/0/0,19348:1747647664680:,1747647681338
counter/9/0/0/0,21132:1747647665639:,1747647681338
counter/8/0/0/0,19349:1747647664680:,1747647681338
counter/9/0/0/0,21133:1747647665639:,1747647681338
counter/8/0/0/0,19350:1747647664680:,1747647681338
counter/9/0/0/0,21134:1747647665648:,1747647681338
counter/8/0/0/0,19351:1747647664680:,1747647681338
counter/9/0/0/0,21135:1747647665648:,1747647681338
counter/8/0/0/0,19352:1747647664682:,1747647681338
counter/9/0/0/0,21136:1747647665648:,1747647681338
counter/8/0/0/0,19353:1747647664682:,1747647681338
counter/9/0/0/0,21137:1747647665648:,1747647681338
counter/8/0/0/0,19354:1747647664682:,1747647681338
counter/9/0/0/0,21138:1747647665648:,1747647681338
counter/8/0/0/0,19355:1747647664682:,1747647681338
counter/9/0/0/0,21139:1747647665652:,1747647681339
counter/8/0/0/0,19356:1747647664682:,1747647681339
counter/9/0/0/0,21140:1747647665652:,1747647681339
counter/8/0/0/0,19357:1747647664682:,1747647681339
counter/9/0/0/0,21141:1747647665652:,1747647681339
counter/8/0/0/0,19358:1747647664682:,1747647681339
counter/9/0/0/0,21142:1747647665652:,1747647681339
counter/8/0/0/0,19359:1747647664682:,1747647681339
counter/9/0/0/0,21143:1747647665652:,1747647681339
counter/8/0/0/0,19360:1747647664682:,1747647681339
counter/9/0/0/0,21144:1747647665652:,1747647681339
counter/8/0/0/0,19361:1747647664682:,1747647681339
counter/9/0/0/0,21145:1747647665652:,1747647681339
counter/8/0/0/0,19362:1747647664682:,1747647681339
counter/9/0/0/0,21146:1747647665652:,1747647681339
counter/8/0/0/0,19363:1747647664682:,1747647681339
counter/9/0/0/0,21147:1747647665652:,1747647681339
counter/8/0/0/0,19364:1747647664682:,1747647681339
counter/9/0/0/0,21148:1747647665652:,1747647681339
counter/8/0/0/0,19365:1747647664682:,1747647681339
counter/9/0/0/0,21149:1747647665654:,1747647681339
counter/8/0/0/0,19366:1747647664682:,1747647681339
counter/9/0/0/0,21150:1747647665655:,1747647681339
counter/8/0/0/0,19367:1747647664682:,1747647681339
counter/9/0/0/0,21151:1747647665655:,1747647681339
counter/8/0/0/0,19368:1747647664683:,1747647681339
counter/9/0/0/0,21152:1747647665655:,1747647681339
counter/8/0/0/0,19369:1747647664683:,1747647681339
counter/9/0/0/0,21153:1747647665669:,1747647681339
counter/8/0/0/0,19370:1747647664683:,1747647681339
counter/9/0/0/0,21154:1747647665669:,1747647681339
counter/8/0/0/0,19371:1747647664683:,1747647681339
counter/9/0/0/0,21155:1747647665669:,1747647681339
counter/8/0/0/0,19372:1747647664686:,1747647681339
counter/9/0/0/0,21156:1747647665669:,1747647681339
counter/8/0/0/0,19373:1747647664686:,1747647681339
counter/9/0/0/0,21157:1747647665669:,1747647681340
counter/8/0/0/0,19374:1747647664686:,1747647681340
counter/9/0/0/0,21158:1747647665669:,1747647681340
counter/8/0/0/0,19375:1747647664686:,1747647681340
counter/9/0/0/0,21159:1747647665669:,1747647681340
counter/8/0/0/0,19376:1747647664686:,1747647681340
counter/9/0/0/0,21160:1747647665669:,1747647681340
counter/8/0/0/0,19377:1747647664686:,1747647681340
counter/9/0/0/0,21161:1747647665669:,1747647681340
counter/8/0/0/0,19378:1747647664695:,1747647681340
counter/9/0/0/0,21162:1747647665669:,1747647681340
counter/8/0/0/0,19379:1747647664695:,1747647681340
counter/9/0/0/0,21163:1747647665669:,1747647681340
counter/8/0/0/0,19380:1747647664695:,1747647681340
counter/9/0/0/0,21164:1747647665669:,1747647681340
counter/8/0/0/0,19381:1747647664695:,1747647681340
counter/9/0/0/0,21165:1747647665669:,1747647681340
counter/1/0/0/0,18535:1747647665115:,1747647681340
counter/8/0/0/0,19382:1747647664695:,1747647681340
counter/9/0/0/0,21166:1747647665670:,1747647681340
counter/2/0/0/0,20772:1747647666946:,1747647681340
counter/7/0/0/0,16760:1747647662946:,1747647681340
counter/8/0/0/0,19383:1747647664695:,1747647681340
counter/9/0/0/0,21167:1747647665670:,1747647681340
counter/10/0/0/0,18255:1747647664396:,1747647681340
counter/3/0/0/0,17627:1747647664671:,1747647681340
counter/8/0/0/0,19384:1747647664695:,1747647681340
counter/9/0/0/0,21168:1747647665683:,1747647681340
counter/4/0/0/0,17481:1747647665043:,1747647681340
counter/5/0/0/0,19220:1747647665253:,1747647681340
counter/8/0/0/0,19385:1747647664695:,1747647681340
counter/9/0/0/0,21169:1747647665683:,1747647681340
counter/5/0/0/0,19221:1747647665253:,1747647681340
counter/8/0/0/0,19386:1747647664695:,1747647681340
counter/9/0/0/0,21170:1747647665683:,1747647681340
counter/5/0/0/0,19222:1747647665253:,1747647681340
counter/2/0/0/0,20773:1747647666946:,1747647681340
counter/8/0/0/0,19387:1747647664695:,1747647681340
counter/9/0/0/0,21171:1747647665683:,1747647681340
counter/5/0/0/0,19223:1747647665253:,1747647681340
counter/7/0/0/0,16761:1747647662950:,1747647681340
counter/10/0/0/0,18256:1747647664397:,1747647681341
counter/8/0/0/0,19388:1747647664696:,1747647681341
counter/9/0/0/0,21172:1747647665683:,1747647681341
counter/5/0/0/0,19224:1747647665253:,1747647681341
counter/3/0/0/0,17628:1747647664673:,1747647681341
counter/4/0/0/0,17482:1747647665043:,1747647681341
counter/6/0/0/0,16943:1747647663833:,1747647681341
counter/1/0/0/0,18536:1747647665115:,1747647681341
counter/8/0/0/0,19389:1747647664696:,1747647681341
counter/9/0/0/0,21173:1747647665683:,1747647681341
counter/5/0/0/0,19225:1747647665256:,1747647681341
counter/8/0/0/0,19390:1747647664696:,1747647681341
counter/9/0/0/0,21174:1747647665683:,1747647681341
counter/5/0/0/0,19226:1747647665257:,1747647681341
counter/8/0/0/0,19391:1747647664734:,1747647681341
counter/9/0/0/0,21175:1747647665684:,1747647681341
counter/5/0/0/0,19227:1747647665257:,1747647681341
counter/2/0/0/0,20774:1747647666947:,1747647681341
counter/8/0/0/0,19392:1747647664734:,1747647681341
counter/9/0/0/0,21176:1747647665684:,1747647681341
counter/5/0/0/0,19228:1747647665257:,1747647681341
counter/2/0/0/0,20775:1747647666947:,1747647681341
counter/8/0/0/0,19393:1747647664734:,1747647681341
counter/9/0/0/0,21177:1747647665684:,1747647681341
counter/5/0/0/0,19229:1747647665257:,1747647681341
counter/2/0/0/0,20776:1747647666947:,1747647681341
counter/8/0/0/0,19394:1747647664734:,1747647681341
counter/9/0/0/0,21178:1747647665684:,1747647681341
counter/5/0/0/0,19230:1747647665257:,1747647681341
counter/2/0/0/0,20777:1747647666947:,1747647681341
counter/8/0/0/0,19395:1747647664734:,1747647681341
counter/9/0/0/0,21179:1747647665684:,1747647681341
counter/5/0/0/0,19231:1747647665257:,1747647681341
counter/2/0/0/0,20778:1747647666947:,1747647681341
counter/8/0/0/0,19396:1747647664734:,1747647681341
counter/9/0/0/0,21180:1747647665689:,1747647681341
counter/5/0/0/0,19232:1747647665257:,1747647681341
counter/2/0/0/0,20779:1747647666947:,1747647681341
counter/8/0/0/0,19397:1747647664734:,1747647681341
counter/9/0/0/0,21181:1747647665689:,1747647681341
counter/5/0/0/0,19233:1747647665257:,1747647681342
counter/2/0/0/0,20780:1747647666947:,1747647681342
counter/4/0/0/0,17483:1747647665043:,1747647681342
counter/6/0/0/0,16944:1747647663834:,1747647681342
counter/8/0/0/0,19398:1747647664734:,1747647681342
counter/9/0/0/0,21182:1747647665689:,1747647681342
counter/5/0/0/0,19234:1747647665257:,1747647681342
counter/2/0/0/0,20781:1747647666947:,1747647681342
counter/1/0/0/0,18537:1747647665115:,1747647681342
counter/8/0/0/0,19399:1747647664734:,1747647681342
counter/9/0/0/0,21183:1747647665689:,1747647681342
counter/5/0/0/0,19235:1747647665257:,1747647681342
counter/2/0/0/0,20782:1747647666947:,1747647681342
counter/3/0/0/0,17629:1747647664673:,1747647681342
counter/8/0/0/0,19400:1747647664734:,1747647681342
counter/9/0/0/0,21184:1747647665689:,1747647681342
counter/5/0/0/0,19236:1747647665259:,1747647681342
counter/2/0/0/0,20783:1747647666947:,1747647681342
counter/8/0/0/0,19401:1747647664734:,1747647681342
counter/9/0/0/0,21185:1747647665689:,1747647681342
counter/5/0/0/0,19237:1747647665259:,1747647681342
counter/2/0/0/0,20784:1747647666947:,1747647681342
counter/8/0/0/0,19402:1747647664734:,1747647681342
counter/9/0/0/0,21186:1747647665689:,1747647681342
counter/5/0/0/0,19238:1747647665259:,1747647681342
counter/2/0/0/0,20785:1747647666951:,1747647681342
counter/8/0/0/0,19403:1747647664734:,1747647681342
counter/9/0/0/0,21187:1747647665689:,1747647681342
counter/2/0/0/0,20786:1747647666951:,1747647681342
counter/8/0/0/0,19404:1747647664735:,1747647681342
counter/9/0/0/0,21188:1747647665689:,1747647681342
counter/2/0/0/0,20787:1747647666951:,1747647681342
counter/8/0/0/0,19405:1747647664736:,1747647681342
counter/9/0/0/0,21189:1747647665689:,1747647681342
counter/2/0/0/0,20788:1747647666951:,1747647681342
counter/8/0/0/0,19406:1747647664736:,1747647681342
counter/9/0/0/0,21190:1747647665690:,1747647681342
counter/2/0/0/0,20789:1747647666951:,1747647681342
counter/8/0/0/0,19407:1747647664736:,1747647681342
counter/9/0/0/0,21191:1747647665690:,1747647681342
counter/2/0/0/0,20790:1747647666951:,1747647681342
counter/8/0/0/0,19408:1747647664736:,1747647681343
counter/9/0/0/0,21192:1747647665690:,1747647681343
counter/2/0/0/0,20791:1747647666951:,1747647681343
counter/3/0/0/0,17630:1747647664673:,1747647681343
counter/4/0/0/0,17484:1747647665043:,1747647681343
counter/8/0/0/0,19409:1747647664736:,1747647681343
counter/9/0/0/0,21193:1747647665690:,1747647681343
counter/2/0/0/0,20792:1747647666952:,1747647681343
counter/6/0/0/0,16945:1747647663834:,1747647681343
counter/1/0/0/0,18538:1747647665115:,1747647681343
counter/8/0/0/0,19410:1747647664736:,1747647681343
counter/9/0/0/0,21194:1747647665690:,1747647681343
counter/2/0/0/0,20793:1747647666952:,1747647681343
counter/7/0/0/0,16762:1747647662950:,1747647681343
counter/5/0/0/0,19239:1747647665260:,1747647681343
counter/8/0/0/0,19411:1747647664736:,1747647681343
counter/9/0/0/0,21195:1747647665698:,1747647681343
counter/2/0/0/0,20794:1747647666952:,1747647681343
counter/8/0/0/0,19412:1747647664736:,1747647681343
counter/9/0/0/0,21196:1747647665698:,1747647681343
counter/2/0/0/0,20795:1747647666952:,1747647681343
counter/8/0/0/0,19413:1747647664736:,1747647681343
counter/9/0/0/0,21197:1747647665698:,1747647681343
counter/2/0/0/0,20796:1747647666953:,1747647681343
counter/8/0/0/0,19414:1747647664736:,1747647681343
counter/9/0/0/0,21198:1747647665698:,1747647681343
counter/2/0/0/0,20797:1747647666953:,1747647681343
counter/8/0/0/0,19415:1747647664736:,1747647681343
counter/9/0/0/0,21199:1747647665698:,1747647681343
counter/2/0/0/0,20798:1747647666953:,1747647681343
counter/8/0/0/0,19416:1747647664736:,1747647681343
counter/9/0/0/0,21200:1747647665698:,1747647681343
counter/2/0/0/0,20799:1747647666953:,1747647681343
counter/8/0/0/0,19417:1747647664736:,1747647681343
counter/9/0/0/0,21201:1747647665698:,1747647681343
counter/2/0/0/0,20800:1747647666954:,1747647681343
counter/8/0/0/0,19418:1747647664736:,1747647681343
counter/9/0/0/0,21202:1747647665704:,1747647681343
counter/2/0/0/0,20801:1747647666956:,1747647681343
counter/8/0/0/0,19419:1747647664736:,1747647681343
counter/9/0/0/0,21203:1747647665704:,1747647681343
counter/2/0/0/0,20802:1747647666956:,1747647681343
counter/8/0/0/0,19420:1747647664736:,1747647681343
counter/9/0/0/0,21204:1747647665704:,1747647681343
counter/2/0/0/0,20803:1747647666956:,1747647681344
counter/8/0/0/0,19421:1747647664736:,1747647681344
counter/9/0/0/0,21205:1747647665704:,1747647681344
counter/2/0/0/0,20804:1747647666962:,1747647681344
counter/8/0/0/0,19422:1747647664737:,1747647681344
counter/9/0/0/0,21206:1747647665704:,1747647681344
counter/2/0/0/0,20805:1747647666962:,1747647681344
counter/8/0/0/0,19423:1747647664737:,1747647681344
counter/9/0/0/0,21207:1747647665704:,1747647681344
counter/2/0/0/0,20806:1747647666962:,1747647681344
counter/6/0/0/0,16946:1747647663834:,1747647681344
counter/1/0/0/0,18539:1747647665115:,1747647681344
counter/8/0/0/0,19424:1747647664738:,1747647681344
counter/9/0/0/0,21208:1747647665704:,1747647681344
counter/2/0/0/0,20807:1747647666962:,1747647681344
counter/7/0/0/0,16763:1747647662953:,1747647681344
counter/10/0/0/0,18257:1747647664404:,1747647681344
counter/8/0/0/0,19425:1747647664738:,1747647681344
counter/9/0/0/0,21209:1747647665704:,1747647681344
counter/2/0/0/0,20808:1747647666962:,1747647681344
counter/10/0/0/0,18258:1747647664406:,1747647681344
counter/3/0/0/0,17631:1747647664673:,1747647681344
counter/8/0/0/0,19426:1747647664738:,1747647681344
counter/9/0/0/0,21210:1747647665704:,1747647681344
counter/2/0/0/0,20809:1747647666968:,1747647681344
counter/10/0/0/0,18259:1747647664407:,1747647681344
counter/8/0/0/0,19427:1747647664738:,1747647681344
counter/9/0/0/0,21211:1747647665704:,1747647681344
counter/2/0/0/0,20810:1747647666968:,1747647681344
counter/10/0/0/0,18260:1747647664419:,1747647681344
counter/8/0/0/0,19428:1747647664738:,1747647681344
counter/9/0/0/0,21212:1747647665704:,1747647681344
counter/2/0/0/0,20811:1747647666968:,1747647681344
counter/10/0/0/0,18261:1747647664419:,1747647681344
counter/8/0/0/0,19429:1747647664738:,1747647681344
counter/9/0/0/0,21213:1747647665704:,1747647681345
counter/2/0/0/0,20812:1747647666968:,1747647681345
counter/10/0/0/0,18262:1747647664419:,1747647681345
counter/8/0/0/0,19430:1747647664738:,1747647681345
counter/9/0/0/0,21214:1747647665707:,1747647681345
counter/2/0/0/0,20813:1747647666968:,1747647681345
counter/10/0/0/0,18263:1747647664419:,1747647681345
counter/8/0/0/0,19431:1747647664738:,1747647681345
counter/9/0/0/0,21215:1747647665707:,1747647681345
counter/2/0/0/0,20814:1747647666968:,1747647681345
counter/10/0/0/0,18264:1747647664419:,1747647681345
counter/8/0/0/0,19432:1747647664738:,1747647681345
counter/9/0/0/0,21216:1747647665707:,1747647681345
counter/2/0/0/0,20815:1747647666968:,1747647681345
counter/10/0/0/0,18265:1747647664419:,1747647681345
counter/8/0/0/0,19433:1747647664738:,1747647681345
counter/9/0/0/0,21217:1747647665707:,1747647681345
counter/2/0/0/0,20816:1747647666968:,1747647681345
counter/10/0/0/0,18266:1747647664419:,1747647681345
counter/8/0/0/0,19434:1747647664738:,1747647681345
counter/9/0/0/0,21218:1747647665708:,1747647681345
counter/2/0/0/0,20817:1747647666968:,1747647681345
counter/10/0/0/0,18267:1747647664419:,1747647681345
counter/8/0/0/0,19435:1747647664738:,1747647681345
counter/9/0/0/0,21219:1747647665708:,1747647681345
counter/2/0/0/0,20818:1747647666971:,1747647681345
counter/10/0/0/0,18268:1747647664420:,1747647681345
counter/8/0/0/0,19436:1747647664738:,1747647681345
counter/9/0/0/0,21220:1747647665708:,1747647681345
counter/2/0/0/0,20819:1747647666971:,1747647681345
counter/10/0/0/0,18269:1747647664420:,1747647681345
counter/8/0/0/0,19437:1747647664742:,1747647681345
counter/9/0/0/0,21221:1747647665708:,1747647681345
counter/2/0/0/0,20820:1747647666971:,1747647681345
counter/10/0/0/0,18270:1747647664420:,1747647681345
counter/8/0/0/0,19438:1747647664742:,1747647681345
counter/9/0/0/0,21222:1747647665708:,1747647681345
counter/2/0/0/0,20821:1747647666971:,1747647681345
counter/10/0/0/0,18271:1747647664420:,1747647681345
counter/8/0/0/0,19439:1747647664742:,1747647681345
counter/9/0/0/0,21223:1747647665708:,1747647681345
counter/2/0/0/0,20822:1747647666972:,1747647681346
counter/10/0/0/0,18272:1747647664420:,1747647681346
counter/8/0/0/0,19440:1747647664742:,1747647681346
counter/9/0/0/0,21224:1747647665708:,1747647681346
counter/2/0/0/0,20823:1747647666972:,1747647681346
counter/10/0/0/0,18273:1747647664420:,1747647681346
counter/8/0/0/0,19441:1747647664742:,1747647681346
counter/9/0/0/0,21225:1747647665708:,1747647681346
counter/2/0/0/0,20824:1747647666972:,1747647681346
counter/10/0/0/0,18274:1747647664420:,1747647681346
counter/8/0/0/0,19442:1747647664742:,1747647681346
counter/9/0/0/0,21226:1747647665709:,1747647681346
counter/2/0/0/0,20825:1747647666972:,1747647681346
counter/10/0/0/0,18275:1747647664420:,1747647681346
counter/8/0/0/0,19443:1747647664744:,1747647681346
counter/9/0/0/0,21227:1747647665710:,1747647681346
counter/2/0/0/0,20826:1747647666972:,1747647681346
counter/10/0/0/0,18276:1747647664420:,1747647681346
counter/3/0/0/0,17632:1747647664673:,1747647681346
counter/8/0/0/0,19444:1747647664744:,1747647681346
counter/9/0/0/0,21228:1747647665710:,1747647681346
counter/2/0/0/0,20827:1747647666972:,1747647681346
counter/6/0/0/0,16947:1747647663834:,1747647681346
counter/5/0/0/0,19240:1747647665260:,1747647681346
counter/1/0/0/0,18540:1747647665115:,1747647681346
counter/8/0/0/0,19445:1747647664744:,1747647681346
counter/9/0/0/0,21229:1747647665710:,1747647681346
counter/2/0/0/0,20828:1747647666979:,1747647681346
counter/7/0/0/0,16764:1747647662953:,1747647681346
counter/4/0/0/0,17485:1747647665043:,1747647681346
counter/10/0/0/0,18277:1747647664420:,1747647681346
counter/8/0/0/0,19446:1747647664744:,1747647681346
counter/9/0/0/0,21230:1747647665710:,1747647681346
counter/2/0/0/0,20829:1747647666979:,1747647681346
counter/8/0/0/0,19447:1747647664744:,1747647681346
counter/9/0/0/0,21231:1747647665710:,1747647681346
counter/2/0/0/0,20830:1747647666979:,1747647681346
counter/8/0/0/0,19448:1747647664744:,1747647681346
counter/9/0/0/0,21232:1747647665710:,1747647681346
counter/2/0/0/0,20831:1747647666979:,1747647681346
counter/8/0/0/0,19449:1747647664744:,1747647681347
counter/9/0/0/0,21233:1747647665710:,1747647681347
counter/2/0/0/0,20832:1747647666979:,1747647681347
counter/8/0/0/0,19450:1747647664752:,1747647681347
counter/9/0/0/0,21234:1747647665710:,1747647681347
counter/2/0/0/0,20833:1747647666979:,1747647681347
counter/8/0/0/0,19451:1747647664752:,1747647681347
counter/9/0/0/0,21235:1747647665710:,1747647681347
counter/2/0/0/0,20834:1747647666979:,1747647681347
counter/8/0/0/0,19452:1747647664752:,1747647681347
counter/9/0/0/0,21236:1747647665710:,1747647681347
counter/2/0/0/0,20835:1747647666979:,1747647681347
counter/7/0/0/0,16765:1747647662953:,1747647681347
counter/8/0/0/0,19453:1747647664752:,1747647681347
counter/9/0/0/0,21237:1747647665713:,1747647681347
counter/2/0/0/0,20836:1747647666979:,1747647681347
counter/4/0/0/0,17486:1747647665043:,1747647681347
counter/10/0/0/0,18278:1747647664420:,1747647681347
counter/8/0/0/0,19454:1747647664752:,1747647681347
counter/9/0/0/0,21238:1747647665714:,1747647681347
counter/2/0/0/0,20837:1747647666979:,1747647681347
counter/3/0/0/0,17633:1747647664674:,1747647681347
counter/8/0/0/0,19455:1747647664752:,1747647681347
counter/9/0/0/0,21239:1747647665714:,1747647681347
counter/2/0/0/0,20838:1747647666980:,1747647681347
counter/8/0/0/0,19456:1747647664752:,1747647681347
counter/9/0/0/0,21240:1747647665714:,1747647681347
counter/2/0/0/0,20839:1747647666980:,1747647681347
counter/8/0/0/0,19457:1747647664752:,1747647681347
counter/9/0/0/0,21241:1747647665714:,1747647681347
counter/2/0/0/0,20840:1747647666980:,1747647681347
counter/8/0/0/0,19458:1747647664752:,1747647681347
counter/9/0/0/0,21242:1747647665714:,1747647681347
counter/2/0/0/0,20841:1747647666981:,1747647681347
counter/8/0/0/0,19459:1747647664756:,1747647681347
counter/9/0/0/0,21243:1747647665714:,1747647681347
counter/2/0/0/0,20842:1747647666981:,1747647681347
counter/8/0/0/0,19460:1747647664756:,1747647681347
counter/9/0/0/0,21244:1747647665714:,1747647681347
counter/2/0/0/0,20843:1747647666981:,1747647681347
counter/8/0/0/0,19461:1747647664756:,1747647681348
counter/9/0/0/0,21245:1747647665714:,1747647681348
counter/2/0/0/0,20844:1747647666981:,1747647681348
counter/8/0/0/0,19462:1747647664756:,1747647681348
counter/9/0/0/0,21246:1747647665714:,1747647681348
counter/2/0/0/0,20845:1747647666981:,1747647681348
counter/8/0/0/0,19463:1747647664756:,1747647681348
counter/9/0/0/0,21247:1747647665714:,1747647681348
counter/2/0/0/0,20846:1747647666981:,1747647681348
counter/8/0/0/0,19464:1747647664756:,1747647681348
counter/9/0/0/0,21248:1747647665714:,1747647681348
counter/2/0/0/0,20847:1747647666981:,1747647681348
counter/8/0/0/0,19465:1747647664756:,1747647681348
counter/9/0/0/0,21249:1747647665714:,1747647681348
counter/2/0/0/0,20848:1747647666981:,1747647681348
counter/8/0/0/0,19466:1747647664756:,1747647681348
counter/9/0/0/0,21250:1747647665714:,1747647681348
counter/2/0/0/0,20849:1747647666982:,1747647681348
counter/8/0/0/0,19467:1747647664756:,1747647681348
counter/9/0/0/0,21251:1747647665715:,1747647681348
counter/2/0/0/0,20850:1747647666982:,1747647681348
counter/8/0/0/0,19468:1747647664756:,1747647681348
counter/9/0/0/0,21252:1747647665715:,1747647681348
counter/2/0/0/0,20851:1747647666982:,1747647681348
counter/8/0/0/0,19469:1747647664756:,1747647681348
counter/9/0/0/0,21253:1747647665715:,1747647681348
counter/2/0/0/0,20852:1747647666982:,1747647681348
counter/8/0/0/0,19470:1747647664756:,1747647681348
counter/9/0/0/0,21254:1747647665715:,1747647681348
counter/2/0/0/0,20853:1747647666982:,1747647681348
counter/8/0/0/0,19471:1747647664756:,1747647681348
counter/9/0/0/0,21255:1747647665715:,1747647681348
counter/2/0/0/0,20854:1747647666982:,1747647681348
counter/8/0/0/0,19472:1747647664756:,1747647681348
counter/9/0/0/0,21256:1747647665715:,1747647681348
counter/2/0/0/0,20855:1747647666982:,1747647681348
counter/8/0/0/0,19473:1747647664756:,1747647681348
counter/9/0/0/0,21257:1747647665715:,1747647681348
counter/2/0/0/0,20856:1747647666982:,1747647681348
counter/8/0/0/0,19474:1747647664756:,1747647681348
counter/9/0/0/0,21258:1747647665715:,1747647681348
counter/2/0/0/0,20857:1747647666987:,1747647681348
counter/8/0/0/0,19475:1747647664756:,1747647681349
counter/9/0/0/0,21259:1747647665715:,1747647681349
counter/2/0/0/0,20858:1747647666987:,1747647681349
counter/8/0/0/0,19476:1747647664756:,1747647681349
counter/9/0/0/0,21260:1747647665715:,1747647681349
counter/2/0/0/0,20859:1747647666987:,1747647681349
counter/8/0/0/0,19477:1747647664756:,1747647681349
counter/9/0/0/0,21261:1747647665715:,1747647681349
counter/2/0/0/0,20860:1747647666987:,1747647681349
counter/8/0/0/0,19478:1747647664757:,1747647681349
counter/9/0/0/0,21262:1747647665715:,1747647681349
counter/2/0/0/0,20861:1747647666987:,1747647681349
counter/8/0/0/0,19479:1747647664761:,1747647681349
counter/9/0/0/0,21263:1747647665715:,1747647681349
counter/2/0/0/0,20862:1747647666987:,1747647681349
counter/8/0/0/0,19480:1747647664761:,1747647681349
counter/9/0/0/0,21264:1747647665715:,1747647681349
counter/2/0/0/0,20863:1747647666987:,1747647681349
counter/8/0/0/0,19481:1747647664761:,1747647681349
counter/9/0/0/0,21265:1747647665715:,1747647681349
counter/2/0/0/0,20864:1747647666988:,1747647681349
counter/8/0/0/0,19482:1747647664770:,1747647681349
counter/9/0/0/0,21266:1747647665715:,1747647681349
counter/2/0/0/0,20865:1747647666993:,1747647681349
counter/8/0/0/0,19483:1747647664770:,1747647681349
counter/9/0/0/0,21267:1747647665715:,1747647681349
counter/2/0/0/0,20866:1747647666994:,1747647681349
counter/8/0/0/0,19484:1747647664770:,1747647681349
counter/9/0/0/0,21268:1747647665715:,1747647681349
counter/2/0/0/0,20867:1747647666994:,1747647681349
counter/8/0/0/0,19485:1747647664770:,1747647681349
counter/9/0/0/0,21269:1747647665715:,1747647681349
counter/2/0/0/0,20868:1747647666994:,1747647681349
counter/8/0/0/0,19486:1747647664770:,1747647681349
counter/9/0/0/0,21270:1747647665716:,1747647681349
counter/2/0/0/0,20869:1747647667002:,1747647681349
counter/8/0/0/0,19487:1747647664771:,1747647681349
counter/9/0/0/0,21271:1747647665716:,1747647681349
counter/2/0/0/0,20870:1747647667003:,1747647681349
counter/8/0/0/0,19488:1747647664771:,1747647681350
counter/9/0/0/0,21272:1747647665716:,1747647681350
counter/2/0/0/0,20871:1747647667003:,1747647681350
counter/8/0/0/0,19489:1747647664771:,1747647681350
counter/9/0/0/0,21273:1747647665716:,1747647681350
counter/2/0/0/0,20872:1747647667004:,1747647681350
counter/8/0/0/0,19490:1747647664771:,1747647681350
counter/9/0/0/0,21274:1747647665716:,1747647681350
counter/2/0/0/0,20873:1747647667004:,1747647681350
counter/8/0/0/0,19491:1747647664771:,1747647681350
counter/9/0/0/0,21275:1747647665716:,1747647681350
counter/2/0/0/0,20874:1747647667004:,1747647681350
counter/8/0/0/0,19492:1747647664771:,1747647681350
counter/9/0/0/0,21276:1747647665725:,1747647681350
counter/2/0/0/0,20875:1747647667004:,1747647681350
counter/8/0/0/0,19493:1747647664771:,1747647681350
counter/9/0/0/0,21277:1747647665725:,1747647681350
counter/2/0/0/0,20876:1747647667004:,1747647681350
counter/8/0/0/0,19494:1747647664771:,1747647681350
counter/9/0/0/0,21278:1747647665725:,1747647681350
counter/2/0/0/0,20877:1747647667004:,1747647681350
counter/8/0/0/0,19495:1747647664771:,1747647681350
counter/9/0/0/0,21279:1747647665725:,1747647681350
counter/2/0/0/0,20878:1747647667004:,1747647681350
counter/8/0/0/0,19496:1747647664771:,1747647681350
counter/9/0/0/0,21280:1747647665725:,1747647681350
counter/2/0/0/0,20879:1747647667004:,1747647681350
counter/8/0/0/0,19497:1747647664771:,1747647681350
counter/9/0/0/0,21281:1747647665725:,1747647681350
counter/2/0/0/0,20880:1747647667004:,1747647681350
counter/8/0/0/0,19498:1747647664771:,1747647681350
counter/9/0/0/0,21282:1747647665725:,1747647681350
counter/2/0/0/0,20881:1747647667004:,1747647681350
counter/8/0/0/0,19499:1747647664771:,1747647681350
counter/9/0/0/0,21283:1747647665725:,1747647681350
counter/2/0/0/0,20882:1747647667004:,1747647681350
counter/8/0/0/0,19500:1747647664771:,1747647681350
counter/9/0/0/0,21284:1747647665729:,1747647681350
counter/2/0/0/0,20883:1747647667005:,1747647681350
counter/8/0/0/0,19501:1747647664771:,1747647681350
counter/9/0/0/0,21285:1747647665729:,1747647681350
counter/2/0/0/0,20884:1747647667005:,1747647681351
counter/8/0/0/0,19502:1747647664772:,1747647681351
counter/9/0/0/0,21286:1747647665729:,1747647681351
counter/2/0/0/0,20885:1747647667006:,1747647681351
counter/8/0/0/0,19503:1747647664772:,1747647681351
counter/9/0/0/0,21287:1747647665729:,1747647681351
counter/2/0/0/0,20886:1747647667020:,1747647681351
counter/8/0/0/0,19504:1747647664772:,1747647681351
counter/9/0/0/0,21288:1747647665729:,1747647681351
counter/2/0/0/0,20887:1747647667020:,1747647681351
counter/8/0/0/0,19505:1747647664772:,1747647681351
counter/9/0/0/0,21289:1747647665729:,1747647681351
counter/2/0/0/0,20888:1747647667020:,1747647681351
counter/8/0/0/0,19506:1747647664772:,1747647681351
counter/9/0/0/0,21290:1747647665729:,1747647681351
counter/2/0/0/0,20889:1747647667020:,1747647681351
counter/8/0/0/0,19507:1747647664772:,1747647681351
counter/9/0/0/0,21291:1747647665729:,1747647681351
counter/2/0/0/0,20890:1747647667020:,1747647681351
counter/8/0/0/0,19508:1747647664772:,1747647681351
counter/9/0/0/0,21292:1747647665729:,1747647681351
counter/2/0/0/0,20891:1747647667020:,1747647681351
counter/8/0/0/0,19509:1747647664772:,1747647681351
counter/9/0/0/0,21293:1747647665729:,1747647681351
counter/2/0/0/0,20892:1747647667020:,1747647681351
counter/8/0/0/0,19510:1747647664776:,1747647681351
counter/9/0/0/0,21294:1747647665729:,1747647681351
counter/2/0/0/0,20893:1747647667020:,1747647681351
counter/8/0/0/0,19511:1747647664776:,1747647681351
counter/9/0/0/0,21295:1747647665729:,1747647681351
counter/2/0/0/0,20894:1747647667023:,1747647681351
counter/8/0/0/0,19512:1747647664778:,1747647681351
counter/9/0/0/0,21296:1747647665729:,1747647681351
counter/2/0/0/0,20895:1747647667023:,1747647681351
counter/8/0/0/0,19513:1747647664778:,1747647681351
counter/9/0/0/0,21297:1747647665729:,1747647681351
counter/2/0/0/0,20896:1747647667023:,1747647681351
counter/8/0/0/0,19514:1747647664778:,1747647681351
counter/9/0/0/0,21298:1747647665730:,1747647681351
counter/2/0/0/0,20897:1747647667023:,1747647681351
counter/8/0/0/0,19515:1747647664778:,1747647681351
counter/9/0/0/0,21299:1747647665730:,1747647681351
counter/2/0/0/0,20898:1747647667023:,1747647681351
counter/8/0/0/0,19516:1747647664778:,1747647681351
counter/9/0/0/0,21300:1747647665730:,1747647681351
counter/2/0/0/0,20899:1747647667024:,1747647681351
counter/8/0/0/0,19517:1747647664778:,1747647681352
counter/9/0/0/0,21301:1747647665730:,1747647681352
counter/2/0/0/0,20900:1747647667039:,1747647681352
counter/8/0/0/0,19518:1747647664778:,1747647681352
counter/9/0/0/0,21302:1747647665730:,1747647681352
counter/2/0/0/0,20901:1747647667039:,1747647681352
counter/8/0/0/0,19519:1747647664778:,1747647681352
counter/9/0/0/0,21303:1747647665730:,1747647681352
counter/2/0/0/0,20902:1747647667044:,1747647681352
counter/8/0/0/0,19520:1747647664778:,1747647681352
counter/9/0/0/0,21304:1747647665730:,1747647681352
counter/2/0/0/0,20903:1747647667044:,1747647681352
counter/8/0/0/0,19521:1747647664781:,1747647681352
counter/9/0/0/0,21305:1747647665730:,1747647681352
counter/2/0/0/0,20904:1747647667044:,1747647681352
counter/8/0/0/0,19522:1747647664781:,1747647681352
counter/9/0/0/0,21306:1747647665730:,1747647681352
counter/2/0/0/0,20905:1747647667044:,1747647681352
counter/8/0/0/0,19523:1747647664795:,1747647681352
counter/9/0/0/0,21307:1747647665730:,1747647681352
counter/2/0/0/0,20906:1747647667044:,1747647681352
counter/8/0/0/0,19524:1747647664795:,1747647681352
counter/9/0/0/0,21308:1747647665730:,1747647681352
counter/2/0/0/0,20907:1747647667044:,1747647681352
counter/8/0/0/0,19525:1747647664795:,1747647681352
counter/9/0/0/0,21309:1747647665730:,1747647681352
counter/2/0/0/0,20908:1747647667044:,1747647681352
counter/8/0/0/0,19526:1747647664800:,1747647681352
counter/9/0/0/0,21310:1747647665730:,1747647681352
counter/2/0/0/0,20909:1747647667044:,1747647681352
counter/8/0/0/0,19527:1747647664800:,1747647681352
counter/9/0/0/0,21311:1747647665730:,1747647681352
counter/2/0/0/0,20910:1747647667044:,1747647681352
counter/8/0/0/0,19528:1747647664800:,1747647681352
counter/9/0/0/0,21312:1747647665730:,1747647681352
counter/2/0/0/0,20911:1747647667044:,1747647681352
counter/8/0/0/0,19529:1747647664800:,1747647681352
counter/9/0/0/0,21313:1747647665730:,1747647681352
counter/2/0/0/0,20912:1747647667044:,1747647681352
counter/8/0/0/0,19530:1747647664801:,1747647681352
counter/9/0/0/0,21314:1747647665730:,1747647681352
counter/2/0/0/0,20913:1747647667044:,1747647681352
counter/8/0/0/0,19531:1747647664803:,1747647681352
counter/9/0/0/0,21315:1747647665730:,1747647681352
counter/2/0/0/0,20914:1747647667044:,1747647681352
counter/8/0/0/0,19532:1747647664804:,1747647681352
counter/9/0/0/0,21316:1747647665730:,1747647681352
counter/2/0/0/0,20915:1747647667044:,1747647681353
counter/8/0/0/0,19533:1747647664804:,1747647681353
counter/9/0/0/0,21317:1747647665730:,1747647681353
counter/2/0/0/0,20916:1747647667044:,1747647681353
counter/8/0/0/0,19534:1747647664804:,1747647681353
counter/9/0/0/0,21318:1747647665730:,1747647681353
counter/2/0/0/0,20917:1747647667044:,1747647681353
counter/8/0/0/0,19535:1747647664806:,1747647681353
counter/9/0/0/0,21319:1747647665730:,1747647681353
counter/2/0/0/0,20918:1747647667044:,1747647681353
counter/8/0/0/0,19536:1747647664807:,1747647681353
counter/9/0/0/0,21320:1747647665730:,1747647681353
counter/2/0/0/0,20919:1747647667055:,1747647681353
counter/8/0/0/0,19537:1747647664807:,1747647681353
counter/9/0/0/0,21321:1747647665730:,1747647681353
counter/2/0/0/0,20920:1747647667055:,1747647681353
counter/8/0/0/0,19538:1747647664807:,1747647681353
counter/9/0/0/0,21322:1747647665730:,1747647681353
counter/2/0/0/0,20921:1747647667055:,1747647681353
counter/8/0/0/0,19539:1747647664807:,1747647681353
counter/9/0/0/0,21323:1747647665730:,1747647681353
counter/2/0/0/0,20922:1747647667055:,1747647681353
counter/8/0/0/0,19540:1747647664807:,1747647681353
counter/9/0/0/0,21324:1747647665731:,1747647681353
counter/2/0/0/0,20923:1747647667055:,1747647681353
counter/8/0/0/0,19541:1747647664807:,1747647681353
counter/9/0/0/0,21325:1747647665731:,1747647681353
counter/2/0/0/0,20924:1747647667055:,1747647681353
counter/8/0/0/0,19542:1747647664807:,1747647681353
counter/9/0/0/0,21326:1747647665731:,1747647681353
counter/2/0/0/0,20925:1747647667055:,1747647681353
counter/8/0/0/0,19543:1747647664807:,1747647681353
counter/9/0/0/0,21327:1747647665731:,1747647681353
counter/2/0/0/0,20926:1747647667055:,1747647681353
counter/8/0/0/0,19544:1747647664807:,1747647681353
counter/9/0/0/0,21328:1747647665731:,1747647681353
counter/2/0/0/0,20927:1747647667055:,1747647681353
counter/8/0/0/0,19545:1747647664814:,1747647681353
counter/9/0/0/0,21329:1747647665731:,1747647681353
counter/2/0/0/0,20928:1747647667055:,1747647681353
counter/8/0/0/0,19546:1747647664814:,1747647681353
counter/9/0/0/0,21330:1747647665731:,1747647681353
counter/2/0/0/0,20929:1747647667055:,1747647681354
counter/5/0/0/0,19241:1747647665260:,1747647681354
counter/8/0/0/0,19547:1747647664814:,1747647681354
counter/9/0/0/0,21331:1747647665731:,1747647681354
counter/2/0/0/0,20930:1747647667055:,1747647681354
counter/6/0/0/0,16948:1747647663834:,1747647681354
counter/3/0/0/0,17634:1747647664674:,1747647681354
counter/8/0/0/0,19548:1747647664814:,1747647681354
counter/9/0/0/0,21332:1747647665731:,1747647681354
counter/2/0/0/0,20931:1747647667055:,1747647681354
counter/1/0/0/0,18541:1747647665115:,1747647681354
counter/7/0/0/0,16766:1747647662953:,1747647681354
counter/10/0/0/0,18279:1747647664420:,1747647681354
counter/8/0/0/0,19549:1747647664814:,1747647681354
counter/9/0/0/0,21333:1747647665731:,1747647681354
counter/2/0/0/0,20932:1747647667060:,1747647681354
counter/8/0/0/0,19550:1747647664814:,1747647681354
counter/9/0/0/0,21334:1747647665731:,1747647681354
counter/2/0/0/0,20933:1747647667060:,1747647681354
counter/8/0/0/0,19551:1747647664814:,1747647681354
counter/9/0/0/0,21335:1747647665731:,1747647681354
counter/2/0/0/0,20934:1747647667060:,1747647681354
counter/8/0/0/0,19552:1747647664814:,1747647681354
counter/9/0/0/0,21336:1747647665731:,1747647681354
counter/2/0/0/0,20935:1747647667063:,1747647681354
counter/8/0/0/0,19553:1747647664814:,1747647681354
counter/9/0/0/0,21337:1747647665731:,1747647681354
counter/2/0/0/0,20936:1747647667063:,1747647681354
counter/8/0/0/0,19554:1747647664815:,1747647681354
counter/9/0/0/0,21338:1747647665731:,1747647681354
counter/2/0/0/0,20937:1747647667063:,1747647681354
counter/1/0/0/0,18542:1747647665116:,1747647681354
counter/8/0/0/0,19555:1747647664819:,1747647681354
counter/9/0/0/0,21339:1747647665731:,1747647681354
counter/2/0/0/0,20938:1747647667063:,1747647681354
counter/7/0/0/0,16767:1747647662953:,1747647681354
counter/10/0/0/0,18280:1747647664420:,1747647681354
counter/4/0/0/0,17487:1747647665043:,1747647681354
counter/8/0/0/0,19556:1747647664819:,1747647681354
counter/9/0/0/0,21340:1747647665732:,1747647681354
counter/2/0/0/0,20939:1747647667063:,1747647681354
counter/4/0/0/0,17488:1747647665043:,1747647681355
counter/8/0/0/0,19557:1747647664819:,1747647681355
counter/9/0/0/0,21341:1747647665738:,1747647681355
counter/2/0/0/0,20940:1747647667063:,1747647681355
counter/4/0/0/0,17489:1747647665051:,1747647681355
counter/8/0/0/0,19558:1747647664819:,1747647681355
counter/9/0/0/0,21342:1747647665738:,1747647681355
counter/2/0/0/0,20941:1747647667063:,1747647681355
counter/4/0/0/0,17490:1747647665051:,1747647681355
counter/8/0/0/0,19559:1747647664819:,1747647681355
counter/9/0/0/0,21343:1747647665738:,1747647681355
counter/2/0/0/0,20942:1747647667066:,1747647681355
counter/4/0/0/0,17491:1747647665051:,1747647681355
counter/8/0/0/0,19560:1747647664819:,1747647681355
counter/9/0/0/0,21344:1747647665738:,1747647681355
counter/2/0/0/0,20943:1747647667066:,1747647681355
counter/4/0/0/0,17492:1747647665051:,1747647681355
counter/8/0/0/0,19561:1747647664819:,1747647681355
counter/9/0/0/0,21345:1747647665738:,1747647681355
counter/2/0/0/0,20944:1747647667066:,1747647681355
counter/4/0/0/0,17493:1747647665051:,1747647681355
counter/8/0/0/0,19562:1747647664819:,1747647681355
counter/9/0/0/0,21346:1747647665738:,1747647681355
counter/2/0/0/0,20945:1747647667066:,1747647681355
counter/4/0/0/0,17494:1747647665051:,1747647681355
counter/8/0/0/0,19563:1747647664819:,1747647681355
counter/9/0/0/0,21347:1747647665741:,1747647681355
counter/2/0/0/0,20946:1747647667066:,1747647681355
counter/4/0/0/0,17495:1747647665059:,1747647681355
counter/8/0/0/0,19564:1747647664819:,1747647681355
counter/9/0/0/0,21348:1747647665741:,1747647681355
counter/2/0/0/0,20947:1747647667066:,1747647681355
counter/4/0/0/0,17496:1747647665059:,1747647681355
counter/8/0/0/0,19565:1747647664819:,1747647681355
counter/9/0/0/0,21349:1747647665743:,1747647681355
counter/2/0/0/0,20948:1747647667066:,1747647681355
counter/4/0/0/0,17497:1747647665059:,1747647681355
counter/8/0/0/0,19566:1747647664819:,1747647681355
counter/9/0/0/0,21350:1747647665743:,1747647681355
counter/2/0/0/0,20949:1747647667066:,1747647681355
counter/4/0/0/0,17498:1747647665059:,1747647681355
counter/8/0/0/0,19567:1747647664820:,1747647681355
counter/9/0/0/0,21351:1747647665743:,1747647681355
counter/2/0/0/0,20950:1747647667066:,1747647681355
counter/4/0/0/0,17499:1747647665059:,1747647681356
counter/8/0/0/0,19568:1747647664820:,1747647681356
counter/9/0/0/0,21352:1747647665743:,1747647681356
counter/2/0/0/0,20951:1747647667066:,1747647681356
counter/3/0/0/0,17635:1747647664674:,1747647681356
counter/8/0/0/0,19569:1747647664820:,1747647681356
counter/9/0/0/0,21353:1747647665746:,1747647681356
counter/2/0/0/0,20952:1747647667067:,1747647681356
counter/1/0/0/0,18543:1747647665116:,1747647681356
counter/8/0/0/0,19570:1747647664820:,1747647681356
counter/9/0/0/0,21354:1747647665746:,1747647681356
counter/2/0/0/0,20953:1747647667067:,1747647681356
counter/8/0/0/0,19571:1747647664820:,1747647681356
counter/9/0/0/0,21355:1747647665747:,1747647681356
counter/2/0/0/0,20954:1747647667067:,1747647681356
counter/8/0/0/0,19572:1747647664820:,1747647681356
counter/9/0/0/0,21356:1747647665747:,1747647681356
counter/2/0/0/0,20955:1747647667067:,1747647681356
counter/8/0/0/0,19573:1747647664820:,1747647681356
counter/9/0/0/0,21357:1747647665747:,1747647681356
counter/2/0/0/0,20956:1747647667067:,1747647681356
counter/8/0/0/0,19574:1747647664820:,1747647681356
counter/9/0/0/0,21358:1747647665747:,1747647681356
counter/2/0/0/0,20957:1747647667067:,1747647681356
counter/8/0/0/0,19575:1747647664820:,1747647681356
counter/9/0/0/0,21359:1747647665747:,1747647681356
counter/2/0/0/0,20958:1747647667067:,1747647681356
counter/8/0/0/0,19576:1747647664820:,1747647681356
counter/9/0/0/0,21360:1747647665747:,1747647681356
counter/2/0/0/0,20959:1747647667067:,1747647681356
counter/8/0/0/0,19577:1747647664820:,1747647681356
counter/9/0/0/0,21361:1747647665747:,1747647681356
counter/2/0/0/0,20960:1747647667067:,1747647681356
counter/8/0/0/0,19578:1747647664825:,1747647681356
counter/9/0/0/0,21362:1747647665747:,1747647681356
counter/2/0/0/0,20961:1747647667067:,1747647681356
counter/7/0/0/0,16768:1747647662953:,1747647681357
counter/8/0/0/0,19579:1747647664826:,1747647681357
counter/9/0/0/0,21363:1747647665747:,1747647681357
counter/2/0/0/0,20962:1747647667067:,1747647681357
counter/7/0/0/0,16769:1747647662953:,1747647681357
counter/8/0/0/0,19580:1747647664826:,1747647681357
counter/9/0/0/0,21364:1747647665747:,1747647681357
counter/2/0/0/0,20963:1747647667067:,1747647681357
counter/7/0/0/0,16770:1747647662953:,1747647681357
counter/8/0/0/0,19581:1747647664826:,1747647681357
counter/9/0/0/0,21365:1747647665747:,1747647681357
counter/2/0/0/0,20964:1747647667067:,1747647681357
counter/7/0/0/0,16771:1747647662953:,1747647681357
counter/8/0/0/0,19582:1747647664826:,1747647681357
counter/9/0/0/0,21366:1747647665747:,1747647681357
counter/2/0/0/0,20965:1747647667067:,1747647681357
counter/7/0/0/0,16772:1747647662953:,1747647681357
counter/8/0/0/0,19583:1747647664826:,1747647681357
counter/9/0/0/0,21367:1747647665747:,1747647681357
counter/2/0/0/0,20966:1747647667074:,1747647681357
counter/7/0/0/0,16773:1747647662953:,1747647681357
counter/8/0/0/0,19584:1747647664826:,1747647681357
counter/9/0/0/0,21368:1747647665747:,1747647681357
counter/2/0/0/0,20967:1747647667074:,1747647681357
counter/7/0/0/0,16774:1747647662953:,1747647681357
counter/8/0/0/0,19585:1747647664826:,1747647681357
counter/9/0/0/0,21369:1747647665754:,1747647681357
counter/2/0/0/0,20968:1747647667074:,1747647681357
counter/7/0/0/0,16775:1747647662953:,1747647681357
counter/8/0/0/0,19586:1747647664826:,1747647681357
counter/9/0/0/0,21370:1747647665754:,1747647681357
counter/2/0/0/0,20969:1747647667074:,1747647681357
counter/7/0/0/0,16776:1747647662953:,1747647681357
counter/5/0/0/0,19242:1747647665260:,1747647681357
counter/8/0/0/0,19587:1747647664826:,1747647681357
counter/9/0/0/0,21371:1747647665754:,1747647681357
counter/2/0/0/0,20970:1747647667074:,1747647681357
counter/7/0/0/0,16777:1747647662953:,1747647681357
counter/8/0/0/0,19588:1747647664826:,1747647681357
counter/9/0/0/0,21372:1747647665754:,1747647681357
counter/2/0/0/0,20971:1747647667074:,1747647681358
counter/7/0/0/0,16778:1747647662953:,1747647681358
counter/4/0/0/0,17500:1747647665059:,1747647681358
counter/8/0/0/0,19589:1747647664826:,1747647681358
counter/9/0/0/0,21373:1747647665754:,1747647681358
counter/2/0/0/0,20972:1747647667074:,1747647681358
counter/7/0/0/0,16779:1747647662957:,1747647681358
counter/8/0/0/0,19590:1747647664826:,1747647681358
counter/9/0/0/0,21374:1747647665754:,1747647681358
counter/2/0/0/0,20973:1747647667075:,1747647681358
counter/7/0/0/0,16780:1747647662957:,1747647681358
counter/8/0/0/0,19591:1747647664831:,1747647681358
counter/9/0/0/0,21375:1747647665754:,1747647681358
counter/2/0/0/0,20974:1747647667075:,1747647681358
counter/7/0/0/0,16781:1747647662957:,1747647681358
counter/8/0/0/0,19592:1747647664831:,1747647681358
counter/9/0/0/0,21376:1747647665754:,1747647681358
counter/2/0/0/0,20975:1747647667075:,1747647681358
counter/7/0/0/0,16782:1747647662957:,1747647681358
counter/8/0/0/0,19593:1747647664831:,1747647681358
counter/9/0/0/0,21377:1747647665759:,1747647681358
counter/2/0/0/0,20976:1747647667076:,1747647681358
counter/7/0/0/0,16783:1747647662979:,1747647681358
counter/8/0/0/0,19594:1747647664831:,1747647681358
counter/9/0/0/0,21378:1747647665759:,1747647681358
counter/2/0/0/0,20977:1747647667076:,1747647681358
counter/7/0/0/0,16784:1747647662979:,1747647681358
counter/8/0/0/0,19595:1747647664831:,1747647681358
counter/9/0/0/0,21379:1747647665760:,1747647681358
counter/2/0/0/0,20978:1747647667076:,1747647681358
counter/7/0/0/0,16785:1747647662979:,1747647681358
counter/8/0/0/0,19596:1747647664835:,1747647681358
counter/9/0/0/0,21380:1747647665760:,1747647681358
counter/2/0/0/0,20979:1747647667076:,1747647681358
counter/7/0/0/0,16786:1747647662979:,1747647681358
counter/8/0/0/0,19597:1747647664835:,1747647681358
counter/9/0/0/0,21381:1747647665760:,1747647681358
counter/2/0/0/0,20980:1747647667080:,1747647681358
counter/7/0/0/0,16787:1747647662979:,1747647681358
counter/8/0/0/0,19598:1747647664835:,1747647681358
counter/9/0/0/0,21382:1747647665760:,1747647681358
counter/2/0/0/0,20981:1747647667080:,1747647681358
counter/7/0/0/0,16788:1747647662980:,1747647681358
counter/8/0/0/0,19599:1747647664841:,1747647681358
counter/9/0/0/0,21383:1747647665760:,1747647681358
counter/2/0/0/0,20982:1747647667080:,1747647681358
counter/7/0/0/0,16789:1747647662980:,1747647681358
counter/8/0/0/0,19600:1747647664842:,1747647681358
counter/9/0/0/0,21384:1747647665760:,1747647681359
counter/2/0/0/0,20983:1747647667080:,1747647681359
counter/7/0/0/0,16790:1747647662980:,1747647681359
counter/8/0/0/0,19601:1747647664842:,1747647681359
counter/9/0/0/0,21385:1747647665760:,1747647681359
counter/2/0/0/0,20984:1747647667080:,1747647681359
counter/7/0/0/0,16791:1747647662980:,1747647681359
counter/8/0/0/0,19602:1747647664842:,1747647681359
counter/9/0/0/0,21386:1747647665760:,1747647681359
counter/2/0/0/0,20985:1747647667080:,1747647681359
counter/7/0/0/0,16792:1747647662980:,1747647681359
counter/8/0/0/0,19603:1747647664842:,1747647681359
counter/9/0/0/0,21387:1747647665760:,1747647681359
counter/2/0/0/0,20986:1747647667080:,1747647681359
counter/7/0/0/0,16793:1747647662980:,1747647681359
counter/8/0/0/0,19604:1747647664842:,1747647681359
counter/9/0/0/0,21388:1747647665768:,1747647681359
counter/2/0/0/0,20987:1747647667080:,1747647681359
counter/7/0/0/0,16794:1747647662980:,1747647681359
counter/8/0/0/0,19605:1747647664842:,1747647681359
counter/9/0/0/0,21389:1747647665770:,1747647681359
counter/2/0/0/0,20988:1747647667080:,1747647681359
counter/7/0/0/0,16795:1747647662980:,1747647681359
counter/8/0/0/0,19606:1747647664847:,1747647681359
counter/9/0/0/0,21390:1747647665771:,1747647681359
counter/2/0/0/0,20989:1747647667080:,1747647681359
counter/7/0/0/0,16796:1747647662980:,1747647681359
counter/8/0/0/0,19607:1747647664847:,1747647681359
counter/9/0/0/0,21391:1747647665771:,1747647681359
counter/2/0/0/0,20990:1747647667080:,1747647681359
counter/7/0/0/0,16797:1747647662980:,1747647681359
counter/8/0/0/0,19608:1747647664847:,1747647681359
counter/9/0/0/0,21392:1747647665771:,1747647681359
counter/2/0/0/0,20991:1747647667080:,1747647681359
counter/7/0/0/0,16798:1747647662980:,1747647681359
counter/8/0/0/0,19609:1747647664847:,1747647681359
counter/9/0/0/0,21393:1747647665771:,1747647681359
counter/2/0/0/0,20992:1747647667080:,1747647681359
counter/8/0/0/0,19610:1747647664847:,1747647681359
counter/9/0/0/0,21394:1747647665771:,1747647681359
counter/2/0/0/0,20993:1747647667080:,1747647681359
counter/8/0/0/0,19611:1747647664847:,1747647681360
counter/9/0/0/0,21395:1747647665772:,1747647681360
counter/2/0/0/0,20994:1747647667082:,1747647681360
counter/8/0/0/0,19612:1747647664847:,1747647681360
counter/9/0/0/0,21396:1747647665772:,1747647681360
counter/2/0/0/0,20995:1747647667083:,1747647681360
counter/8/0/0/0,19613:1747647664847:,1747647681360
counter/9/0/0/0,21397:1747647665772:,1747647681360
counter/2/0/0/0,20996:1747647667083:,1747647681360
counter/8/0/0/0,19614:1747647664847:,1747647681360
counter/9/0/0/0,21398:1747647665773:,1747647681360
counter/2/0/0/0,20997:1747647667083:,1747647681360
counter/8/0/0/0,19615:1747647664847:,1747647681360
counter/9/0/0/0,21399:1747647665773:,1747647681360
counter/2/0/0/0,20998:1747647667083:,1747647681360
counter/8/0/0/0,19616:1747647664847:,1747647681360
counter/9/0/0/0,21400:1747647665773:,1747647681360
counter/2/0/0/0,20999:1747647667083:,1747647681360
counter/8/0/0/0,19617:1747647664847:,1747647681360
counter/9/0/0/0,21401:1747647665773:,1747647681360
counter/2/0/0/0,21000:1747647667083:,1747647681360
counter/8/0/0/0,19618:1747647664847:,1747647681360
counter/9/0/0/0,21402:1747647665773:,1747647681360
counter/2/0/0/0,21001:1747647667083:,1747647681360
counter/8/0/0/0,19619:1747647664848:,1747647681360
counter/9/0/0/0,21403:1747647665773:,1747647681360
counter/2/0/0/0,21002:1747647667083:,1747647681360
counter/3/0/0/0,17636:1747647664674:,1747647681360
counter/8/0/0/0,19620:1747647664848:,1747647681360
counter/9/0/0/0,21404:1747647665773:,1747647681360
counter/2/0/0/0,21003:1747647667083:,1747647681360
counter/8/0/0/0,19621:1747647664848:,1747647681360
counter/9/0/0/0,21405:1747647665774:,1747647681360
counter/2/0/0/0,21004:1747647667083:,1747647681360
counter/8/0/0/0,19622:1747647664855:,1747647681360
counter/9/0/0/0,21406:1747647665774:,1747647681360
counter/2/0/0/0,21005:1747647667086:,1747647681360
counter/8/0/0/0,19623:1747647664855:,1747647681360
counter/9/0/0/0,21407:1747647665774:,1747647681360
counter/2/0/0/0,21006:1747647667087:,1747647681360
counter/8/0/0/0,19624:1747647664855:,1747647681360
counter/9/0/0/0,21408:1747647665774:,1747647681360
counter/2/0/0/0,21007:1747647667087:,1747647681360
counter/8/0/0/0,19625:1747647664855:,1747647681360
counter/9/0/0/0,21409:1747647665774:,1747647681360
counter/2/0/0/0,21008:1747647667088:,1747647681361
counter/8/0/0/0,19626:1747647664855:,1747647681361
counter/9/0/0/0,21410:1747647665774:,1747647681361
counter/2/0/0/0,21009:1747647667088:,1747647681361
counter/8/0/0/0,19627:1747647664857:,1747647681361
counter/9/0/0/0,21411:1747647665774:,1747647681361
counter/2/0/0/0,21010:1747647667088:,1747647681361
counter/8/0/0/0,19628:1747647664857:,1747647681361
counter/9/0/0/0,21412:1747647665779:,1747647681361
counter/2/0/0/0,21011:1747647667089:,1747647681361
counter/8/0/0/0,19629:1747647664857:,1747647681361
counter/9/0/0/0,21413:1747647665780:,1747647681361
counter/2/0/0/0,21012:1747647667100:,1747647681361
counter/8/0/0/0,19630:1747647664857:,1747647681361
counter/9/0/0/0,21414:1747647665780:,1747647681361
counter/2/0/0/0,21013:1747647667100:,1747647681361
counter/8/0/0/0,19631:1747647664857:,1747647681361
counter/9/0/0/0,21415:1747647665780:,1747647681361
counter/2/0/0/0,21014:1747647667100:,1747647681361
counter/8/0/0/0,19632:1747647664858:,1747647681361
counter/9/0/0/0,21416:1747647665780:,1747647681361
counter/2/0/0/0,21015:1747647667100:,1747647681361
counter/8/0/0/0,19633:1747647664858:,1747647681361
counter/9/0/0/0,21417:1747647665780:,1747647681361
counter/2/0/0/0,21016:1747647667112:,1747647681361
counter/8/0/0/0,19634:1747647664858:,1747647681361
counter/9/0/0/0,21418:1747647665780:,1747647681361
counter/2/0/0/0,21017:1747647667112:,1747647681361
counter/8/0/0/0,19635:1747647664858:,1747647681361
counter/9/0/0/0,21419:1747647665780:,1747647681361
counter/2/0/0/0,21018:1747647667112:,1747647681361
counter/8/0/0/0,19636:1747647664858:,1747647681361
counter/9/0/0/0,21420:1747647665780:,1747647681361
counter/2/0/0/0,21019:1747647667112:,1747647681361
counter/8/0/0/0,19637:1747647664858:,1747647681361
counter/9/0/0/0,21421:1747647665795:,1747647681361
counter/2/0/0/0,21020:1747647667112:,1747647681361
counter/8/0/0/0,19638:1747647664859:,1747647681362
counter/9/0/0/0,21422:1747647665795:,1747647681362
counter/2/0/0/0,21021:1747647667112:,1747647681362
counter/8/0/0/0,19639:1747647664859:,1747647681362
counter/9/0/0/0,21423:1747647665795:,1747647681362
counter/2/0/0/0,21022:1747647667119:,1747647681362
counter/8/0/0/0,19640:1747647664859:,1747647681362
counter/9/0/0/0,21424:1747647665795:,1747647681362
counter/2/0/0/0,21023:1747647667119:,1747647681362
counter/8/0/0/0,19641:1747647664859:,1747647681362
counter/9/0/0/0,21425:1747647665795:,1747647681362
counter/2/0/0/0,21024:1747647667119:,1747647681362
counter/8/0/0/0,19642:1747647664859:,1747647681362
counter/9/0/0/0,21426:1747647665795:,1747647681362
counter/2/0/0/0,21025:1747647667119:,1747647681362
counter/8/0/0/0,19643:1747647664859:,1747647681362
counter/9/0/0/0,21427:1747647665795:,1747647681362
counter/2/0/0/0,21026:1747647667119:,1747647681362
counter/8/0/0/0,19644:1747647664859:,1747647681362
counter/9/0/0/0,21428:1747647665795:,1747647681362
counter/2/0/0/0,21027:1747647667119:,1747647681362
counter/8/0/0/0,19645:1747647664859:,1747647681362
counter/9/0/0/0,21429:1747647665795:,1747647681362
counter/2/0/0/0,21028:1747647667119:,1747647681362
counter/8/0/0/0,19646:1747647664859:,1747647681362
counter/9/0/0/0,21430:1747647665795:,1747647681362
counter/2/0/0/0,21029:1747647667119:,1747647681362
counter/8/0/0/0,19647:1747647664859:,1747647681362
counter/9/0/0/0,21431:1747647665795:,1747647681362
counter/2/0/0/0,21030:1747647667119:,1747647681362
counter/8/0/0/0,19648:1747647664859:,1747647681362
counter/9/0/0/0,21432:1747647665797:,1747647681362
counter/2/0/0/0,21031:1747647667119:,1747647681362
counter/8/0/0/0,19649:1747647664859:,1747647681362
counter/9/0/0/0,21433:1747647665797:,1747647681362
counter/2/0/0/0,21032:1747647667119:,1747647681362
counter/8/0/0/0,19650:1747647664859:,1747647681362
counter/9/0/0/0,21434:1747647665808:,1747647681362
counter/2/0/0/0,21033:1747647667120:,1747647681362
counter/8/0/0/0,19651:1747647664859:,1747647681362
counter/9/0/0/0,21435:1747647665809:,1747647681362
counter/2/0/0/0,21034:1747647667120:,1747647681362
counter/8/0/0/0,19652:1747647664859:,1747647681362
counter/9/0/0/0,21436:1747647665809:,1747647681362
counter/2/0/0/0,21035:1747647667120:,1747647681362
counter/8/0/0/0,19653:1747647664859:,1747647681363
counter/9/0/0/0,21437:1747647665809:,1747647681363
counter/2/0/0/0,21036:1747647667120:,1747647681363
counter/8/0/0/0,19654:1747647664859:,1747647681363
counter/9/0/0/0,21438:1747647665809:,1747647681363
counter/2/0/0/0,21037:1747647667124:,1747647681363
counter/8/0/0/0,19655:1747647664859:,1747647681363
counter/9/0/0/0,21439:1747647665809:,1747647681363
counter/2/0/0/0,21038:1747647667124:,1747647681363
counter/8/0/0/0,19656:1747647664862:,1747647681363
counter/9/0/0/0,21440:1747647665809:,1747647681363
counter/2/0/0/0,21039:1747647667124:,1747647681363
counter/8/0/0/0,19657:1747647664862:,1747647681363
counter/9/0/0/0,21441:1747647665809:,1747647681363
counter/2/0/0/0,21040:1747647667124:,1747647681363
counter/7/0/0/0,16799:1747647662980:,1747647681363
counter/8/0/0/0,19658:1747647664862:,1747647681363
counter/9/0/0/0,21442:1747647665809:,1747647681363
counter/2/0/0/0,21041:1747647667124:,1747647681363
counter/3/0/0/0,17637:1747647664675:,1747647681363
counter/4/0/0/0,17501:1747647665059:,1747647681363
counter/8/0/0/0,19659:1747647664862:,1747647681363
counter/9/0/0/0,21443:1747647665809:,1747647681363
counter/2/0/0/0,21042:1747647667124:,1747647681363
counter/6/0/0/0,16949:1747647663834:,1747647681363
counter/8/0/0/0,19660:1747647664862:,1747647681363
counter/9/0/0/0,21444:1747647665809:,1747647681363
counter/2/0/0/0,21043:1747647667124:,1747647681363
counter/6/0/0/0,16950:1747647663834:,1747647681363
counter/8/0/0/0,19661:1747647664862:,1747647681363
counter/9/0/0/0,21445:1747647665809:,1747647681363
counter/2/0/0/0,21044:1747647667124:,1747647681363
counter/6/0/0/0,16951:1747647663834:,1747647681363
counter/8/0/0/0,19662:1747647664867:,1747647681363
counter/9/0/0/0,21446:1747647665809:,1747647681363
counter/2/0/0/0,21045:1747647667124:,1747647681363
counter/6/0/0/0,16952:1747647663834:,1747647681363
counter/8/0/0/0,19663:1747647664871:,1747647681363
counter/9/0/0/0,21447:1747647665810:,1747647681363
counter/2/0/0/0,21046:1747647667124:,1747647681363
counter/6/0/0/0,16953:1747647663834:,1747647681364
counter/8/0/0/0,19664:1747647664871:,1747647681364
counter/9/0/0/0,21448:1747647665810:,1747647681364
counter/2/0/0/0,21047:1747647667124:,1747647681364
counter/6/0/0/0,16954:1747647663834:,1747647681364
counter/8/0/0/0,19665:1747647664871:,1747647681364
counter/9/0/0/0,21449:1747647665810:,1747647681364
counter/2/0/0/0,21048:1747647667124:,1747647681364
counter/6/0/0/0,16955:1747647663847:,1747647681364
counter/8/0/0/0,19666:1747647664871:,1747647681364
counter/9/0/0/0,21450:1747647665810:,1747647681364
counter/2/0/0/0,21049:1747647667124:,1747647681364
counter/6/0/0/0,16956:1747647663847:,1747647681364
counter/8/0/0/0,19667:1747647664871:,1747647681364
counter/9/0/0/0,21451:1747647665810:,1747647681364
counter/2/0/0/0,21050:1747647667125:,1747647681364
counter/6/0/0/0,16957:1747647663848:,1747647681364
counter/8/0/0/0,19668:1747647664871:,1747647681364
counter/9/0/0/0,21452:1747647665810:,1747647681364
counter/2/0/0/0,21051:1747647667125:,1747647681364
counter/6/0/0/0,16958:1747647663848:,1747647681364
counter/8/0/0/0,19669:1747647664871:,1747647681364
counter/9/0/0/0,21453:1747647665811:,1747647681364
counter/2/0/0/0,21052:1747647667125:,1747647681364
counter/6/0/0/0,16959:1747647663848:,1747647681364
counter/8/0/0/0,19670:1747647664871:,1747647681364
counter/9/0/0/0,21454:1747647665818:,1747647681364
counter/2/0/0/0,21053:1747647667125:,1747647681364
counter/6/0/0/0,16960:1747647663848:,1747647681364
counter/8/0/0/0,19671:1747647664871:,1747647681364
counter/9/0/0/0,21455:1747647665818:,1747647681364
counter/2/0/0/0,21054:1747647667125:,1747647681364
counter/6/0/0/0,16961:1747647663850:,1747647681364
counter/8/0/0/0,19672:1747647664871:,1747647681364
counter/9/0/0/0,21456:1747647665818:,1747647681364
counter/2/0/0/0,21055:1747647667126:,1747647681364
counter/6/0/0/0,16962:1747647663853:,1747647681364
counter/8/0/0/0,19673:1747647664871:,1747647681364
counter/9/0/0/0,21457:1747647665819:,1747647681364
counter/2/0/0/0,21056:1747647667126:,1747647681364
counter/6/0/0/0,16963:1747647663853:,1747647681364
counter/8/0/0/0,19674:1747647664872:,1747647681364
counter/9/0/0/0,21458:1747647665819:,1747647681364
counter/2/0/0/0,21057:1747647667126:,1747647681364
counter/6/0/0/0,16964:1747647663853:,1747647681364
counter/8/0/0/0,19675:1747647664872:,1747647681364
counter/9/0/0/0,21459:1747647665819:,1747647681364
counter/2/0/0/0,21058:1747647667126:,1747647681364
counter/6/0/0/0,16965:1747647663854:,1747647681364
counter/8/0/0/0,19676:1747647664872:,1747647681364
counter/9/0/0/0,21460:1747647665819:,1747647681365
counter/2/0/0/0,21059:1747647667126:,1747647681365
counter/6/0/0/0,16966:1747647663854:,1747647681365
counter/8/0/0/0,19677:1747647664872:,1747647681365
counter/9/0/0/0,21461:1747647665819:,1747647681365
counter/2/0/0/0,21060:1747647667126:,1747647681365
counter/6/0/0/0,16967:1747647663854:,1747647681365
counter/8/0/0/0,19678:1747647664872:,1747647681365
counter/9/0/0/0,21462:1747647665819:,1747647681365
counter/2/0/0/0,21061:1747647667126:,1747647681365
counter/6/0/0/0,16968:1747647663854:,1747647681365
counter/8/0/0/0,19679:1747647664872:,1747647681365
counter/9/0/0/0,21463:1747647665819:,1747647681365
counter/2/0/0/0,21062:1747647667126:,1747647681365
counter/6/0/0/0,16969:1747647663854:,1747647681365
counter/8/0/0/0,19680:1747647664872:,1747647681365
counter/9/0/0/0,21464:1747647665819:,1747647681365
counter/2/0/0/0,21063:1747647667126:,1747647681365
counter/6/0/0/0,16970:1747647663854:,1747647681365
counter/8/0/0/0,19681:1747647664872:,1747647681365
counter/9/0/0/0,21465:1747647665819:,1747647681365
counter/2/0/0/0,21064:1747647667126:,1747647681365
counter/6/0/0/0,16971:1747647663854:,1747647681365
counter/8/0/0/0,19682:1747647664872:,1747647681365
counter/9/0/0/0,21466:1747647665819:,1747647681365
counter/2/0/0/0,21065:1747647667126:,1747647681365
counter/6/0/0/0,16972:1747647663854:,1747647681365
counter/8/0/0/0,19683:1747647664872:,1747647681365
counter/9/0/0/0,21467:1747647665819:,1747647681365
counter/2/0/0/0,21066:1747647667126:,1747647681365
counter/6/0/0/0,16973:1747647663854:,1747647681365
counter/10/0/0/0,18281:1747647664420:,1747647681365
counter/1/0/0/0,18544:1747647665116:,1747647681365
counter/8/0/0/0,19684:1747647664872:,1747647681365
counter/9/0/0/0,21468:1747647665819:,1747647681365
counter/2/0/0/0,21067:1747647667126:,1747647681365
counter/6/0/0/0,16974:1747647663854:,1747647681365
counter/5/0/0/0,19243:1747647665260:,1747647681365
counter/8/0/0/0,19685:1747647664872:,1747647681365
counter/9/0/0/0,21469:1747647665819:,1747647681365
counter/2/0/0/0,21068:1747647667139:,1747647681366
counter/6/0/0/0,16975:1747647663854:,1747647681366
counter/3/0/0/0,17638:1747647664680:,1747647681366
counter/4/0/0/0,17502:1747647665059:,1747647681366
counter/8/0/0/0,19686:1747647664872:,1747647681366
counter/9/0/0/0,21470:1747647665820:,1747647681366
counter/2/0/0/0,21069:1747647667140:,1747647681366
counter/6/0/0/0,16976:1747647663854:,1747647681366
counter/8/0/0/0,19687:1747647664884:,1747647681366
counter/9/0/0/0,21471:1747647665829:,1747647681366
counter/2/0/0/0,21070:1747647667142:,1747647681366
counter/6/0/0/0,16977:1747647663854:,1747647681366
counter/8/0/0/0,19688:1747647664885:,1747647681366
counter/9/0/0/0,21472:1747647665829:,1747647681366
counter/2/0/0/0,21071:1747647667142:,1747647681366
counter/6/0/0/0,16978:1747647663854:,1747647681366
counter/8/0/0/0,19689:1747647664885:,1747647681366
counter/9/0/0/0,21473:1747647665829:,1747647681366
counter/2/0/0/0,21072:1747647667142:,1747647681366
counter/6/0/0/0,16979:1747647663854:,1747647681366
counter/3/0/0/0,17639:1747647664680:,1747647681366
counter/8/0/0/0,19690:1747647664885:,1747647681366
counter/9/0/0/0,21474:1747647665829:,1747647681366
counter/2/0/0/0,21073:1747647667142:,1747647681366
counter/6/0/0/0,16980:1747647663854:,1747647681366
counter/8/0/0/0,19691:1747647664891:,1747647681366
counter/9/0/0/0,21475:1747647665829:,1747647681366
counter/2/0/0/0,21074:1747647667142:,1747647681366
counter/6/0/0/0,16981:1747647663854:,1747647681366
counter/8/0/0/0,19692:1747647664895:,1747647681366
counter/9/0/0/0,21476:1747647665829:,1747647681366
counter/2/0/0/0,21075:1747647667142:,1747647681366
counter/6/0/0/0,16982:1747647663865:,1747647681366
counter/8/0/0/0,19693:1747647664895:,1747647681366
counter/9/0/0/0,21477:1747647665829:,1747647681366
counter/6/0/0/0,16983:1747647663865:,1747647681366
counter/8/0/0/0,19694:1747647664895:,1747647681366
counter/9/0/0/0,21478:1747647665837:,1747647681366
counter/6/0/0/0,16984:1747647663865:,1747647681366
counter/8/0/0/0,19695:1747647664895:,1747647681366
counter/9/0/0/0,21479:1747647665837:,1747647681366
counter/6/0/0/0,16985:1747647663865:,1747647681366
counter/8/0/0/0,19696:1747647664895:,1747647681367
counter/9/0/0/0,21480:1747647665837:,1747647681367
counter/6/0/0/0,16986:1747647663865:,1747647681367
counter/8/0/0/0,19697:1747647664895:,1747647681367
counter/9/0/0/0,21481:1747647665837:,1747647681367
counter/6/0/0/0,16987:1747647663865:,1747647681367
counter/8/0/0/0,19698:1747647664895:,1747647681367
counter/9/0/0/0,21482:1747647665837:,1747647681367
counter/6/0/0/0,16988:1747647663865:,1747647681367
counter/8/0/0/0,19699:1747647664895:,1747647681367
counter/9/0/0/0,21483:1747647665837:,1747647681367
counter/6/0/0/0,16989:1747647663865:,1747647681367
counter/8/0/0/0,19700:1747647664895:,1747647681367
counter/9/0/0/0,21484:1747647665837:,1747647681367
counter/6/0/0/0,16990:1747647663865:,1747647681367
counter/8/0/0/0,19701:1747647664897:,1747647681367
counter/9/0/0/0,21485:1747647665837:,1747647681367
counter/6/0/0/0,16991:1747647663867:,1747647681367
counter/8/0/0/0,19702:1747647664897:,1747647681367
counter/9/0/0/0,21486:1747647665837:,1747647681367
counter/6/0/0/0,16992:1747647663867:,1747647681367
counter/8/0/0/0,19703:1747647664897:,1747647681367
counter/9/0/0/0,21487:1747647665837:,1747647681367
counter/6/0/0/0,16993:1747647663867:,1747647681367
counter/8/0/0/0,19704:1747647664897:,1747647681367
counter/9/0/0/0,21488:1747647665837:,1747647681367
counter/6/0/0/0,16994:1747647663867:,1747647681367
counter/8/0/0/0,19705:1747647664897:,1747647681367
counter/9/0/0/0,21489:1747647665837:,1747647681367
counter/6/0/0/0,16995:1747647663868:,1747647681367
counter/8/0/0/0,19706:1747647664897:,1747647681367
counter/9/0/0/0,21490:1747647665837:,1747647681367
counter/6/0/0/0,16996:1747647663868:,1747647681367
counter/8/0/0/0,19707:1747647664897:,1747647681367
counter/9/0/0/0,21491:1747647665838:,1747647681367
counter/6/0/0/0,16997:1747647663868:,1747647681367
counter/8/0/0/0,19708:1747647664897:,1747647681367
counter/9/0/0/0,21492:1747647665838:,1747647681367
counter/6/0/0/0,16998:1747647664378:,1747647681367
counter/8/0/0/0,19709:1747647664897:,1747647681367
counter/9/0/0/0,21493:1747647665838:,1747647681368
counter/6/0/0/0,16999:1747647664378:,1747647681368
counter/8/0/0/0,19710:1747647664897:,1747647681368
counter/9/0/0/0,21494:1747647665838:,1747647681368
counter/6/0/0/0,17000:1747647664378:,1747647681368
counter/8/0/0/0,19711:1747647664898:,1747647681368
counter/9/0/0/0,21495:1747647665838:,1747647681368
counter/6/0/0/0,17001:1747647664379:,1747647681368
counter/5/0/0/0,19244:1747647665260:,1747647681368
counter/8/0/0/0,19712:1747647664898:,1747647681368
counter/9/0/0/0,21496:1747647665850:,1747647681368
counter/6/0/0/0,17002:1747647664381:,1747647681368
counter/3/0/0/0,17640:1747647664680:,1747647681368
counter/7/0/0/0,16800:1747647662980:,1747647681368
counter/8/0/0/0,19713:1747647664898:,1747647681368
counter/9/0/0/0,21497:1747647665850:,1747647681368
counter/6/0/0/0,17003:1747647664381:,1747647681368
counter/10/0/0/0,18282:1747647664420:,1747647681368
counter/4/0/0/0,17503:1747647665059:,1747647681368
counter/8/0/0/0,19714:1747647664898:,1747647681368
counter/9/0/0/0,21498:1747647665850:,1747647681368
counter/6/0/0/0,17004:1747647664381:,1747647681368
counter/8/0/0/0,19715:1747647664898:,1747647681368
counter/9/0/0/0,21499:1747647665850:,1747647681368
counter/6/0/0/0,17005:1747647664382:,1747647681368
counter/8/0/0/0,19716:1747647664898:,1747647681368
counter/9/0/0/0,21500:1747647665850:,1747647681368
counter/6/0/0/0,17006:1747647664386:,1747647681368
counter/8/0/0/0,19717:1747647664898:,1747647681368
counter/9/0/0/0,21501:1747647665850:,1747647681368
counter/6/0/0/0,17007:1747647664387:,1747647681368
counter/8/0/0/0,19718:1747647664898:,1747647681368
counter/9/0/0/0,21502:1747647665851:,1747647681368
counter/6/0/0/0,17008:1747647664389:,1747647681368
counter/8/0/0/0,19719:1747647664898:,1747647681368
counter/9/0/0/0,21503:1747647665851:,1747647681368
counter/6/0/0/0,17009:1747647664390:,1747647681368
counter/8/0/0/0,19720:1747647664898:,1747647681368
counter/9/0/0/0,21504:1747647665851:,1747647681368
counter/6/0/0/0,17010:1747647664390:,1747647681368
counter/8/0/0/0,19721:1747647664898:,1747647681368
counter/9/0/0/0,21505:1747647665851:,1747647681368
counter/6/0/0/0,17011:1747647664391:,1747647681368
counter/8/0/0/0,19722:1747647664900:,1747647681368
counter/9/0/0/0,21506:1747647665851:,1747647681368
counter/6/0/0/0,17012:1747647664391:,1747647681368
counter/8/0/0/0,19723:1747647664905:,1747647681368
counter/9/0/0/0,21507:1747647665851:,1747647681368
counter/6/0/0/0,17013:1747647664391:,1747647681369
counter/3/0/0/0,17641:1747647664680:,1747647681369
counter/8/0/0/0,19724:1747647664905:,1747647681369
counter/9/0/0/0,21508:1747647665875:,1747647681369
counter/6/0/0/0,17014:1747647664393:,1747647681369
counter/7/0/0/0,16801:1747647662980:,1747647681369
counter/4/0/0/0,17504:1747647665059:,1747647681369
counter/8/0/0/0,19725:1747647664905:,1747647681369
counter/9/0/0/0,21509:1747647665876:,1747647681369
counter/6/0/0/0,17015:1747647664394:,1747647681369
counter/10/0/0/0,18283:1747647664420:,1747647681369
counter/1/0/0/0,18545:1747647665116:,1747647681369
counter/8/0/0/0,19726:1747647664905:,1747647681369
counter/9/0/0/0,21510:1747647665876:,1747647681369
counter/6/0/0/0,17016:1747647664394:,1747647681369
counter/5/0/0/0,19245:1747647665260:,1747647681369
counter/8/0/0/0,19727:1747647664905:,1747647681369
counter/9/0/0/0,21511:1747647665876:,1747647681369
counter/6/0/0/0,17017:1747647664394:,1747647681369
counter/5/0/0/0,19246:1747647665260:,1747647681369
counter/8/0/0/0,19728:1747647664905:,1747647681369
counter/9/0/0/0,21512:1747647665876:,1747647681369
counter/6/0/0/0,17018:1747647664394:,1747647681369
counter/5/0/0/0,19247:1747647665260:,1747647681369
counter/8/0/0/0,19729:1747647664905:,1747647681369
counter/9/0/0/0,21513:1747647665876:,1747647681369
counter/6/0/0/0,17019:1747647664394:,1747647681369
counter/5/0/0/0,19248:1747647665260:,1747647681369
counter/8/0/0/0,19730:1747647664905:,1747647681369
counter/9/0/0/0,21514:1747647665876:,1747647681369
counter/6/0/0/0,17020:1747647664394:,1747647681369
counter/5/0/0/0,19249:1747647665261:,1747647681369
counter/8/0/0/0,19731:1747647664905:,1747647681369
counter/9/0/0/0,21515:1747647665876:,1747647681369
counter/6/0/0/0,17021:1747647664394:,1747647681369
counter/5/0/0/0,19250:1747647665262:,1747647681369
counter/8/0/0/0,19732:1747647664905:,1747647681369
counter/9/0/0/0,21516:1747647665876:,1747647681369
counter/6/0/0/0,17022:1747647664394:,1747647681369
counter/5/0/0/0,19251:1747647665262:,1747647681369
counter/8/0/0/0,19733:1747647664905:,1747647681369
counter/9/0/0/0,21517:1747647665876:,1747647681369
counter/6/0/0/0,17023:1747647664394:,1747647681369
counter/5/0/0/0,19252:1747647665262:,1747647681369
counter/8/0/0/0,19734:1747647664905:,1747647681369
counter/9/0/0/0,21518:1747647665876:,1747647681369
counter/6/0/0/0,17024:1747647664394:,1747647681369
counter/5/0/0/0,19253:1747647665262:,1747647681370
counter/8/0/0/0,19735:1747647664906:,1747647681370
counter/9/0/0/0,21519:1747647665876:,1747647681370
counter/6/0/0/0,17025:1747647664399:,1747647681370
counter/5/0/0/0,19254:1747647665262:,1747647681370
counter/8/0/0/0,19736:1747647664906:,1747647681370
counter/9/0/0/0,21520:1747647665877:,1747647681370
counter/6/0/0/0,17026:1747647664399:,1747647681370
counter/5/0/0/0,19255:1747647665262:,1747647681370
counter/8/0/0/0,19737:1747647664906:,1747647681370
counter/9/0/0/0,21521:1747647665878:,1747647681370
counter/6/0/0/0,17027:1747647664400:,1747647681370
counter/5/0/0/0,19256:1747647665262:,1747647681370
counter/8/0/0/0,19738:1747647664906:,1747647681370
counter/9/0/0/0,21522:1747647665878:,1747647681370
counter/6/0/0/0,17028:1747647664400:,1747647681370
counter/5/0/0/0,19257:1747647665266:,1747647681370
counter/8/0/0/0,19739:1747647664906:,1747647681370
counter/9/0/0/0,21523:1747647665878:,1747647681370
counter/6/0/0/0,17029:1747647664400:,1747647681370
counter/5/0/0/0,19258:1747647665266:,1747647681370
counter/8/0/0/0,19740:1747647664906:,1747647681370
counter/9/0/0/0,21524:1747647665878:,1747647681370
counter/6/0/0/0,17030:1747647664400:,1747647681370
counter/5/0/0/0,19259:1747647665267:,1747647681370
counter/8/0/0/0,19741:1747647664906:,1747647681370
counter/9/0/0/0,21525:1747647665894:,1747647681370
counter/6/0/0/0,17031:1747647664400:,1747647681370
counter/5/0/0/0,19260:1747647665269:,1747647681370
counter/8/0/0/0,19742:1747647664908:,1747647681370
counter/9/0/0/0,21526:1747647665894:,1747647681370
counter/6/0/0/0,17032:1747647664400:,1747647681370
counter/5/0/0/0,19261:1747647665269:,1747647681370
counter/3/0/0/0,17642:1747647664680:,1747647681370
counter/8/0/0/0,19743:1747647664908:,1747647681370
counter/9/0/0/0,21527:1747647665940:,1747647681370
counter/6/0/0/0,17033:1747647664400:,1747647681370
counter/5/0/0/0,19262:1747647665269:,1747647681370
counter/3/0/0/0,17643:1747647664681:,1747647681370
counter/7/0/0/0,16802:1747647662980:,1747647681370
counter/4/0/0/0,17505:1747647665060:,1747647681370
counter/8/0/0/0,19744:1747647664908:,1747647681370
counter/9/0/0/0,21528:1747647665940:,1747647681370
counter/6/0/0/0,17034:1747647664400:,1747647681371
counter/5/0/0/0,19263:1747647665269:,1747647681371
counter/3/0/0/0,17644:1747647664681:,1747647681371
counter/8/0/0/0,19745:1747647664908:,1747647681371
counter/9/0/0/0,21529:1747647665940:,1747647681371
counter/6/0/0/0,17035:1747647664400:,1747647681371
counter/5/0/0/0,19264:1747647665270:,1747647681371
counter/3/0/0/0,17645:1747647664681:,1747647681371
counter/8/0/0/0,19746:1747647664908:,1747647681371
counter/9/0/0/0,21530:1747647665940:,1747647681371
counter/6/0/0/0,17036:1747647664400:,1747647681371
counter/5/0/0/0,19265:1747647665270:,1747647681371
counter/3/0/0/0,17646:1747647664681:,1747647681371
counter/8/0/0/0,19747:1747647664908:,1747647681371
counter/9/0/0/0,21531:1747647665940:,1747647681371
counter/6/0/0/0,17037:1747647664400:,1747647681371
counter/5/0/0/0,19266:1747647665270:,1747647681371
counter/3/0/0/0,17647:1747647664681:,1747647681371
counter/8/0/0/0,19748:1747647664908:,1747647681371
counter/9/0/0/0,21532:1747647665940:,1747647681371
counter/6/0/0/0,17038:1747647664402:,1747647681371
counter/5/0/0/0,19267:1747647665270:,1747647681371
counter/3/0/0/0,17648:1747647664681:,1747647681371
counter/8/0/0/0,19749:1747647664908:,1747647681371
counter/9/0/0/0,21533:1747647665940:,1747647681371
counter/6/0/0/0,17039:1747647664402:,1747647681371
counter/5/0/0/0,19268:1747647665270:,1747647681371
counter/3/0/0/0,17649:1747647664681:,1747647681371
counter/8/0/0/0,19750:1747647664908:,1747647681371
counter/9/0/0/0,21534:1747647665940:,1747647681371
counter/6/0/0/0,17040:1747647664402:,1747647681371
counter/5/0/0/0,19269:1747647665271:,1747647681371
counter/3/0/0/0,17650:1747647664681:,1747647681371
counter/8/0/0/0,19751:1747647664908:,1747647681371
counter/9/0/0/0,21535:1747647665940:,1747647681371
counter/6/0/0/0,17041:1747647664403:,1747647681371
counter/5/0/0/0,19270:1747647665272:,1747647681371
counter/3/0/0/0,17651:1747647664681:,1747647681371
counter/8/0/0/0,19752:1747647664908:,1747647681371
counter/9/0/0/0,21536:1747647665940:,1747647681371
counter/6/0/0/0,17042:1747647664403:,1747647681371
counter/5/0/0/0,19271:1747647665272:,1747647681371
counter/3/0/0/0,17652:1747647664681:,1747647681371
counter/7/0/0/0,16803:1747647662980:,1747647681371
counter/8/0/0/0,19753:1747647664908:,1747647681371
counter/9/0/0/0,21537:1747647665943:,1747647681371
counter/6/0/0/0,17043:1747647664403:,1747647681371
counter/5/0/0/0,19272:1747647665279:,1747647681372
counter/3/0/0/0,17653:1747647664681:,1747647681372
counter/4/0/0/0,17506:1747647665060:,1747647681372
counter/8/0/0/0,19754:1747647664908:,1747647681372
counter/9/0/0/0,21538:1747647665943:,1747647681372
counter/6/0/0/0,17044:1747647664403:,1747647681372
counter/5/0/0/0,19273:1747647665279:,1747647681372
counter/3/0/0/0,17654:1747647664681:,1747647681372
counter/2/0/0/0,21076:1747647667142:,1747647681372
counter/8/0/0/0,19755:1747647664908:,1747647681372
counter/9/0/0/0,21539:1747647665943:,1747647681372
counter/6/0/0/0,17045:1747647664403:,1747647681372
counter/5/0/0/0,19274:1747647665279:,1747647681372
counter/3/0/0/0,17655:1747647664681:,1747647681372
counter/2/0/0/0,21077:1747647667142:,1747647681372
counter/8/0/0/0,19756:1747647664908:,1747647681372
counter/9/0/0/0,21540:1747647665943:,1747647681372
counter/6/0/0/0,17046:1747647664403:,1747647681372
counter/5/0/0/0,19275:1747647665279:,1747647681372
counter/3/0/0/0,17656:1747647664681:,1747647681372
counter/2/0/0/0,21078:1747647667142:,1747647681372
counter/8/0/0/0,19757:1747647664908:,1747647681372
counter/9/0/0/0,21541:1747647665955:,1747647681372
counter/6/0/0/0,17047:1747647664403:,1747647681372
counter/5/0/0/0,19276:1747647665279:,1747647681372
counter/3/0/0/0,17657:1747647664681:,1747647681372
counter/2/0/0/0,21079:1747647667142:,1747647681372
counter/8/0/0/0,19758:1747647664911:,1747647681372
counter/9/0/0/0,21542:1747647665955:,1747647681372
counter/6/0/0/0,17048:1747647664406:,1747647681372
counter/5/0/0/0,19277:1747647665279:,1747647681372
counter/3/0/0/0,17658:1747647664681:,1747647681372
counter/2/0/0/0,21080:1747647667142:,1747647681372
counter/8/0/0/0,19759:1747647664911:,1747647681372
counter/9/0/0/0,21543:1747647665955:,1747647681372
counter/6/0/0/0,17049:1747647664406:,1747647681372
counter/5/0/0/0,19278:1747647665279:,1747647681372
counter/3/0/0/0,17659:1747647664681:,1747647681372
counter/2/0/0/0,21081:1747647667148:,1747647681372
counter/8/0/0/0,19760:1747647664911:,1747647681372
counter/9/0/0/0,21544:1747647665955:,1747647681372
counter/5/0/0/0,19279:1747647665279:,1747647681373
counter/3/0/0/0,17660:1747647664681:,1747647681373
counter/2/0/0/0,21082:1747647667148:,1747647681373
counter/8/0/0/0,19761:1747647664911:,1747647681373
counter/9/0/0/0,21545:1747647665955:,1747647681373
counter/5/0/0/0,19280:1747647665283:,1747647681373
counter/3/0/0/0,17661:1747647664681:,1747647681373
counter/2/0/0/0,21083:1747647667148:,1747647681373
counter/8/0/0/0,19762:1747647664913:,1747647681373
counter/9/0/0/0,21546:1747647665955:,1747647681373
counter/5/0/0/0,19281:1747647665283:,1747647681373
counter/3/0/0/0,17662:1747647664681:,1747647681373
counter/2/0/0/0,21084:1747647667160:,1747647681373
counter/8/0/0/0,19763:1747647664913:,1747647681373
counter/9/0/0/0,21547:1747647665955:,1747647681373
counter/5/0/0/0,19282:1747647665283:,1747647681373
counter/3/0/0/0,17663:1747647664681:,1747647681373
counter/2/0/0/0,21085:1747647667161:,1747647681373
counter/8/0/0/0,19764:1747647664913:,1747647681373
counter/9/0/0/0,21548:1747647665955:,1747647681373
counter/5/0/0/0,19283:1747647665283:,1747647681373
counter/3/0/0/0,17664:1747647664681:,1747647681373
counter/2/0/0/0,21086:1747647667172:,1747647681373
counter/10/0/0/0,18284:1747647664420:,1747647681373
counter/8/0/0/0,19765:1747647664913:,1747647681373
counter/9/0/0/0,21549:1747647665955:,1747647681373
counter/5/0/0/0,19284:1747647665284:,1747647681373
counter/3/0/0/0,17665:1747647664681:,1747647681373
counter/2/0/0/0,21087:1747647667172:,1747647681373
counter/7/0/0/0,16804:1747647662980:,1747647681373
counter/4/0/0/0,17507:1747647665060:,1747647681373
counter/6/0/0/0,17050:1747647664406:,1747647681373
counter/1/0/0/0,18546:1747647665116:,1747647681373
counter/8/0/0/0,19766:1747647664913:,1747647681373
counter/9/0/0/0,21550:1747647665955:,1747647681373
counter/5/0/0/0,19285:1747647665284:,1747647681373
counter/3/0/0/0,17666:1747647664681:,1747647681373
counter/2/0/0/0,21088:1747647667172:,1747647681373
counter/8/0/0/0,19767:1747647664913:,1747647681373
counter/9/0/0/0,21551:1747647665955:,1747647681373
counter/5/0/0/0,19286:1747647665284:,1747647681373
counter/3/0/0/0,17667:1747647664681:,1747647681373
counter/2/0/0/0,21089:1747647667172:,1747647681373
counter/8/0/0/0,19768:1747647664913:,1747647681373
counter/9/0/0/0,21552:1747647665955:,1747647681373
counter/5/0/0/0,19287:1747647665295:,1747647681374
counter/3/0/0/0,17668:1747647664681:,1747647681374
counter/2/0/0/0,21090:1747647667172:,1747647681374
counter/8/0/0/0,19769:1747647664913:,1747647681374
counter/9/0/0/0,21553:1747647665955:,1747647681374
counter/5/0/0/0,19288:1747647665295:,1747647681374
counter/3/0/0/0,17669:1747647664681:,1747647681374
counter/2/0/0/0,21091:1747647667172:,1747647681374
counter/8/0/0/0,19770:1747647664913:,1747647681374
counter/9/0/0/0,21554:1747647665955:,1747647681374
counter/5/0/0/0,19289:1747647665295:,1747647681374
counter/3/0/0/0,17670:1747647664681:,1747647681374
counter/2/0/0/0,21092:1747647667172:,1747647681374
counter/8/0/0/0,19771:1747647664913:,1747647681374
counter/9/0/0/0,21555:1747647665955:,1747647681374
counter/5/0/0/0,19290:1747647665295:,1747647681374
counter/3/0/0/0,17671:1747647664681:,1747647681374
counter/2/0/0/0,21093:1747647667172:,1747647681374
counter/8/0/0/0,19772:1747647664913:,1747647681374
counter/9/0/0/0,21556:1747647665955:,1747647681374
counter/5/0/0/0,19291:1747647665295:,1747647681374
counter/3/0/0/0,17672:1747647664683:,1747647681374
counter/2/0/0/0,21094:1747647667172:,1747647681374
counter/8/0/0/0,19773:1747647664913:,1747647681374
counter/9/0/0/0,21557:1747647665955:,1747647681374
counter/5/0/0/0,19292:1747647665295:,1747647681374
counter/3/0/0/0,17673:1747647664683:,1747647681374
counter/2/0/0/0,21095:1747647667172:,1747647681374
counter/8/0/0/0,19774:1747647664913:,1747647681374
counter/9/0/0/0,21558:1747647665955:,1747647681374
counter/5/0/0/0,19293:1747647665295:,1747647681374
counter/3/0/0/0,17674:1747647664683:,1747647681374
counter/2/0/0/0,21096:1747647667172:,1747647681374
counter/8/0/0/0,19775:1747647664913:,1747647681374
counter/9/0/0/0,21559:1747647665961:,1747647681374
counter/5/0/0/0,19294:1747647665295:,1747647681374
counter/3/0/0/0,17675:1747647664683:,1747647681374
counter/2/0/0/0,21097:1747647667173:,1747647681374
counter/8/0/0/0,19776:1747647664913:,1747647681374
counter/9/0/0/0,21560:1747647665961:,1747647681374
counter/5/0/0/0,19295:1747647665295:,1747647681374
counter/3/0/0/0,17676:1747647664683:,1747647681374
counter/2/0/0/0,21098:1747647667173:,1747647681375
counter/8/0/0/0,19777:1747647664913:,1747647681375
counter/9/0/0/0,21561:1747647665961:,1747647681375
counter/5/0/0/0,19296:1747647665295:,1747647681375
counter/3/0/0/0,17677:1747647664683:,1747647681375
counter/2/0/0/0,21099:1747647667173:,1747647681375
counter/6/0/0/0,17051:1747647664407:,1747647681375
counter/8/0/0/0,19778:1747647664913:,1747647681375
counter/9/0/0/0,21562:1747647665961:,1747647681375
counter/5/0/0/0,19297:1747647665295:,1747647681375
counter/3/0/0/0,17678:1747647664684:,1747647681375
counter/2/0/0/0,21100:1747647667173:,1747647681375
counter/8/0/0/0,19779:1747647664913:,1747647681375
counter/9/0/0/0,21563:1747647665961:,1747647681375
counter/5/0/0/0,19298:1747647665295:,1747647681375
counter/3/0/0/0,17679:1747647664684:,1747647681375
counter/2/0/0/0,21101:1747647667173:,1747647681375
counter/8/0/0/0,19780:1747647664913:,1747647681375
counter/9/0/0/0,21564:1747647665961:,1747647681375
counter/5/0/0/0,19299:1747647665295:,1747647681375
counter/3/0/0/0,17680:1747647664685:,1747647681375
counter/2/0/0/0,21102:1747647667173:,1747647681375
counter/8/0/0/0,19781:1747647664913:,1747647681375
counter/9/0/0/0,21565:1747647665961:,1747647681375
counter/5/0/0/0,19300:1747647665301:,1747647681375
counter/3/0/0/0,17681:1747647664685:,1747647681375
counter/2/0/0/0,21103:1747647667173:,1747647681375
counter/8/0/0/0,19782:1747647664913:,1747647681375
counter/9/0/0/0,21566:1747647665961:,1747647681375
counter/5/0/0/0,19301:1747647665301:,1747647681375
counter/3/0/0/0,17682:1747647664685:,1747647681375
counter/2/0/0/0,21104:1747647667174:,1747647681375
counter/8/0/0/0,19783:1747647664913:,1747647681375
counter/9/0/0/0,21567:1747647665961:,1747647681375
counter/5/0/0/0,19302:1747647665301:,1747647681375
counter/3/0/0/0,17683:1747647664685:,1747647681375
counter/2/0/0/0,21105:1747647667174:,1747647681375
counter/8/0/0/0,19784:1747647664915:,1747647681375
counter/9/0/0/0,21568:1747647665961:,1747647681375
counter/5/0/0/0,19303:1747647665301:,1747647681375
counter/3/0/0/0,17684:1747647664685:,1747647681375
counter/2/0/0/0,21106:1747647667174:,1747647681375
counter/8/0/0/0,19785:1747647664915:,1747647681375
counter/9/0/0/0,21569:1747647665961:,1747647681376
counter/5/0/0/0,19304:1747647665301:,1747647681376
counter/3/0/0/0,17685:1747647664685:,1747647681376
counter/2/0/0/0,21107:1747647667174:,1747647681376
counter/8/0/0/0,19786:1747647664915:,1747647681376
counter/9/0/0/0,21570:1747647665962:,1747647681376
counter/3/0/0/0,17686:1747647664685:,1747647681376
counter/2/0/0/0,21108:1747647667174:,1747647681376
counter/8/0/0/0,19787:1747647664917:,1747647681376
counter/9/0/0/0,21571:1747647665962:,1747647681376
counter/3/0/0/0,17687:1747647664685:,1747647681376
counter/2/0/0/0,21109:1747647667174:,1747647681376
counter/8/0/0/0,19788:1747647664917:,1747647681376
counter/9/0/0/0,21572:1747647665962:,1747647681376
counter/3/0/0/0,17688:1747647664685:,1747647681376
counter/2/0/0/0,21110:1747647667174:,1747647681376
counter/8/0/0/0,19789:1747647664917:,1747647681376
counter/9/0/0/0,21573:1747647665962:,1747647681376
counter/3/0/0/0,17689:1747647664685:,1747647681376
counter/2/0/0/0,21111:1747647667174:,1747647681376
counter/8/0/0/0,19790:1747647664917:,1747647681376
counter/9/0/0/0,21574:1747647665975:,1747647681376
counter/3/0/0/0,17690:1747647664685:,1747647681376
counter/2/0/0/0,21112:1747647667174:,1747647681376
counter/8/0/0/0,19791:1747647664917:,1747647681376
counter/9/0/0/0,21575:1747647665975:,1747647681376
counter/3/0/0/0,17691:1747647664685:,1747647681376
counter/2/0/0/0,21113:1747647667174:,1747647681376
counter/8/0/0/0,19792:1747647664917:,1747647681376
counter/9/0/0/0,21576:1747647665975:,1747647681376
counter/3/0/0/0,17692:1747647664685:,1747647681376
counter/2/0/0/0,21114:1747647667177:,1747647681376
counter/8/0/0/0,19793:1747647664917:,1747647681376
counter/9/0/0/0,21577:1747647665975:,1747647681376
counter/3/0/0/0,17693:1747647664685:,1747647681376
counter/2/0/0/0,21115:1747647667183:,1747647681376
counter/7/0/0/0,16805:1747647662980:,1747647681376
counter/8/0/0/0,19794:1747647664917:,1747647681376
counter/9/0/0/0,21578:1747647665975:,1747647681376
counter/3/0/0/0,17694:1747647664685:,1747647681376
counter/2/0/0/0,21116:1747647667183:,1747647681376
counter/8/0/0/0,19795:1747647664917:,1747647681376
counter/9/0/0/0,21579:1747647665975:,1747647681376
counter/3/0/0/0,17695:1747647664685:,1747647681376
counter/2/0/0/0,21117:1747647667183:,1747647681376
counter/8/0/0/0,19796:1747647664917:,1747647681376
counter/9/0/0/0,21580:1747647665975:,1747647681377
counter/3/0/0/0,17696:1747647664685:,1747647681377
counter/2/0/0/0,21118:1747647667183:,1747647681377
counter/8/0/0/0,19797:1747647664918:,1747647681377
counter/9/0/0/0,21581:1747647665975:,1747647681377
counter/3/0/0/0,17697:1747647664685:,1747647681377
counter/2/0/0/0,21119:1747647667183:,1747647681377
counter/8/0/0/0,19798:1747647664918:,1747647681377
counter/9/0/0/0,21582:1747647665975:,1747647681377
counter/3/0/0/0,17698:1747647664685:,1747647681377
counter/2/0/0/0,21120:1747647667183:,1747647681377
counter/8/0/0/0,19799:1747647664918:,1747647681377
counter/9/0/0/0,21583:1747647665975:,1747647681377
counter/3/0/0/0,17699:1747647664685:,1747647681377
counter/2/0/0/0,21121:1747647667183:,1747647681377
counter/8/0/0/0,19800:1747647664921:,1747647681377
counter/9/0/0/0,21584:1747647665975:,1747647681377
counter/3/0/0/0,17700:1747647664685:,1747647681377
counter/2/0/0/0,21122:1747647667183:,1747647681377
counter/8/0/0/0,19801:1747647664921:,1747647681377
counter/9/0/0/0,21585:1747647665976:,1747647681377
counter/3/0/0/0,17701:1747647664685:,1747647681377
counter/2/0/0/0,21123:1747647667184:,1747647681377
counter/6/0/0/0,17052:1747647664407:,1747647681377
counter/1/0/0/0,18547:1747647665118:,1747647681377
counter/8/0/0/0,19802:1747647664923:,1747647681377
counter/9/0/0/0,21586:1747647665976:,1747647681377
counter/3/0/0/0,17702:1747647664685:,1747647681377
counter/2/0/0/0,21124:1747647667191:,1747647681377
counter/8/0/0/0,19803:1747647664928:,1747647681377
counter/9/0/0/0,21587:1747647665976:,1747647681377
counter/3/0/0/0,17703:1747647664685:,1747647681377
counter/2/0/0/0,21125:1747647667191:,1747647681377
counter/8/0/0/0,19804:1747647664928:,1747647681377
counter/9/0/0/0,21588:1747647665976:,1747647681377
counter/3/0/0/0,17704:1747647664685:,1747647681377
counter/2/0/0/0,21126:1747647667191:,1747647681377
counter/8/0/0/0,19805:1747647664928:,1747647681377
counter/9/0/0/0,21589:1747647665976:,1747647681378
counter/3/0/0/0,17705:1747647664685:,1747647681378
counter/2/0/0/0,21127:1747647667193:,1747647681378
counter/8/0/0/0,19806:1747647664928:,1747647681378
counter/9/0/0/0,21590:1747647665976:,1747647681378
counter/3/0/0/0,17706:1747647664685:,1747647681378
counter/2/0/0/0,21128:1747647667193:,1747647681378
counter/8/0/0/0,19807:1747647664928:,1747647681378
counter/9/0/0/0,21591:1747647665976:,1747647681378
counter/3/0/0/0,17707:1747647664685:,1747647681378
counter/2/0/0/0,21129:1747647667193:,1747647681378
counter/8/0/0/0,19808:1747647664928:,1747647681378
counter/9/0/0/0,21592:1747647665976:,1747647681378
counter/3/0/0/0,17708:1747647664685:,1747647681378
counter/8/0/0/0,19809:1747647664928:,1747647681378
counter/9/0/0/0,21593:1747647665976:,1747647681378
counter/3/0/0/0,17709:1747647664685:,1747647681378
counter/8/0/0/0,19810:1747647664928:,1747647681378
counter/9/0/0/0,21594:1747647665977:,1747647681378
counter/3/0/0/0,17710:1747647664685:,1747647681378
counter/8/0/0/0,19811:1747647664928:,1747647681378
counter/9/0/0/0,21595:1747647665977:,1747647681378
counter/3/0/0/0,17711:1747647664685:,1747647681378
counter/8/0/0/0,19812:1747647664928:,1747647681378
counter/9/0/0/0,21596:1747647665977:,1747647681378
counter/3/0/0/0,17712:1747647664685:,1747647681378
counter/8/0/0/0,19813:1747647664930:,1747647681378
counter/9/0/0/0,21597:1747647665977:,1747647681378
counter/3/0/0/0,17713:1747647664685:,1747647681378
counter/8/0/0/0,19814:1747647664930:,1747647681378
counter/9/0/0/0,21598:1747647665977:,1747647681378
counter/3/0/0/0,17714:1747647664685:,1747647681378
counter/8/0/0/0,19815:1747647664930:,1747647681378
counter/9/0/0/0,21599:1747647665977:,1747647681378
counter/3/0/0/0,17715:1747647664685:,1747647681378
counter/8/0/0/0,19816:1747647664930:,1747647681378
counter/9/0/0/0,21600:1747647665977:,1747647681379
counter/3/0/0/0,17716:1747647664685:,1747647681379
counter/8/0/0/0,19817:1747647664930:,1747647681379
counter/9/0/0/0,21601:1747647665977:,1747647681379
counter/3/0/0/0,17717:1747647664685:,1747647681379
counter/8/0/0/0,19818:1747647664930:,1747647681379
counter/9/0/0/0,21602:1747647665979:,1747647681379
counter/3/0/0/0,17718:1747647664685:,1747647681379
counter/8/0/0/0,19819:1747647664930:,1747647681379
counter/9/0/0/0,21603:1747647665979:,1747647681379
counter/3/0/0/0,17719:1747647664685:,1747647681379
counter/8/0/0/0,19820:1747647664930:,1747647681379
counter/9/0/0/0,21604:1747647665979:,1747647681379
counter/3/0/0/0,17720:1747647664685:,1747647681379
counter/8/0/0/0,19821:1747647664950:,1747647681379
counter/9/0/0/0,21605:1747647665979:,1747647681379
counter/3/0/0/0,17721:1747647664685:,1747647681379
counter/8/0/0/0,19822:1747647664950:,1747647681379
counter/9/0/0/0,21606:1747647665979:,1747647681379
counter/3/0/0/0,17722:1747647664685:,1747647681379
counter/8/0/0/0,19823:1747647664950:,1747647681379
counter/9/0/0/0,21607:1747647665979:,1747647681379
counter/3/0/0/0,17723:1747647664686:,1747647681379
counter/8/0/0/0,19824:1747647664950:,1747647681379
counter/9/0/0/0,21608:1747647665979:,1747647681379
counter/3/0/0/0,17724:1747647664686:,1747647681379
counter/8/0/0/0,19825:1747647664950:,1747647681379
counter/9/0/0/0,21609:1747647665979:,1747647681379
counter/3/0/0/0,17725:1747647664686:,1747647681379
counter/8/0/0/0,19826:1747647664950:,1747647681379
counter/9/0/0/0,21610:1747647665979:,1747647681379
counter/3/0/0/0,17726:1747647664686:,1747647681379
counter/8/0/0/0,19827:1747647664950:,1747647681379
counter/9/0/0/0,21611:1747647665979:,1747647681379
counter/3/0/0/0,17727:1747647664686:,1747647681379
counter/8/0/0/0,19828:1747647664950:,1747647681379
counter/9/0/0/0,21612:1747647665979:,1747647681379
counter/3/0/0/0,17728:1747647664686:,1747647681379
counter/4/0/0/0,17508:1747647665060:,1747647681379
counter/7/0/0/0,16806:1747647662980:,1747647681379
counter/8/0/0/0,19829:1747647664950:,1747647681379
counter/9/0/0/0,21613:1747647665979:,1747647681379
counter/3/0/0/0,17729:1747647664686:,1747647681379
counter/8/0/0/0,19830:1747647664966:,1747647681380
counter/9/0/0/0,21614:1747647665979:,1747647681380
counter/3/0/0/0,17730:1747647664686:,1747647681380
counter/8/0/0/0,19831:1747647664966:,1747647681380
counter/9/0/0/0,21615:1747647665979:,1747647681380
counter/3/0/0/0,17731:1747647664686:,1747647681380
counter/8/0/0/0,19832:1747647664966:,1747647681380
counter/9/0/0/0,21616:1747647665980:,1747647681380
counter/3/0/0/0,17732:1747647664686:,1747647681380
counter/8/0/0/0,19833:1747647664966:,1747647681380
counter/9/0/0/0,21617:1747647665980:,1747647681380
counter/3/0/0/0,17733:1747647664687:,1747647681380
counter/8/0/0/0,19834:1747647664966:,1747647681380
counter/9/0/0/0,21618:1747647665980:,1747647681380
counter/3/0/0/0,17734:1747647664687:,1747647681380
counter/8/0/0/0,19835:1747647664966:,1747647681380
counter/9/0/0/0,21619:1747647665980:,1747647681380
counter/3/0/0/0,17735:1747647664687:,1747647681380
counter/8/0/0/0,19836:1747647664966:,1747647681380
counter/9/0/0/0,21620:1747647665980:,1747647681380
counter/3/0/0/0,17736:1747647664687:,1747647681380
counter/8/0/0/0,19837:1747647664966:,1747647681380
counter/9/0/0/0,21621:1747647665980:,1747647681380
counter/3/0/0/0,17737:1747647664687:,1747647681380
counter/8/0/0/0,19838:1747647664966:,1747647681380
counter/9/0/0/0,21622:1747647665980:,1747647681380
counter/3/0/0/0,17738:1747647664687:,1747647681380
counter/8/0/0/0,19839:1747647664966:,1747647681380
counter/9/0/0/0,21623:1747647665981:,1747647681380
counter/3/0/0/0,17739:1747647664687:,1747647681380
counter/8/0/0/0,19840:1747647664966:,1747647681380
counter/9/0/0/0,21624:1747647665981:,1747647681380
counter/3/0/0/0,17740:1747647664690:,1747647681380
counter/4/0/0/0,17509:1747647665060:,1747647681380
counter/8/0/0/0,19841:1747647664966:,1747647681380
counter/9/0/0/0,21625:1747647665981:,1747647681380
counter/3/0/0/0,17741:1747647664690:,1747647681380
counter/7/0/0/0,16807:1747647662980:,1747647681380
counter/8/0/0/0,19842:1747647664968:,1747647681380
counter/9/0/0/0,21626:1747647665981:,1747647681380
counter/3/0/0/0,17742:1747647664691:,1747647681380
counter/8/0/0/0,19843:1747647664968:,1747647681380
counter/9/0/0/0,21627:1747647665981:,1747647681380
counter/3/0/0/0,17743:1747647664691:,1747647681380
counter/8/0/0/0,19844:1747647664968:,1747647681380
counter/9/0/0/0,21628:1747647665981:,1747647681380
counter/3/0/0/0,17744:1747647664691:,1747647681380
counter/8/0/0/0,19845:1747647664968:,1747647681381
counter/9/0/0/0,21629:1747647665981:,1747647681381
counter/3/0/0/0,17745:1747647664691:,1747647681381
counter/8/0/0/0,19846:1747647664968:,1747647681381
counter/9/0/0/0,21630:1747647665984:,1747647681381
counter/3/0/0/0,17746:1747647664691:,1747647681381
counter/8/0/0/0,19847:1747647664968:,1747647681381
counter/9/0/0/0,21631:1747647665984:,1747647681381
counter/3/0/0/0,17747:1747647664691:,1747647681381
counter/8/0/0/0,19848:1747647664968:,1747647681381
counter/9/0/0/0,21632:1747647665984:,1747647681381
counter/3/0/0/0,17748:1747647664691:,1747647681381
counter/8/0/0/0,19849:1747647664968:,1747647681381
counter/9/0/0/0,21633:1747647665984:,1747647681381
counter/3/0/0/0,17749:1747647664691:,1747647681381
counter/8/0/0/0,19850:1747647664968:,1747647681381
counter/9/0/0/0,21634:1747647665984:,1747647681381
counter/3/0/0/0,17750:1747647664691:,1747647681381
counter/8/0/0/0,19851:1747647664968:,1747647681381
counter/9/0/0/0,21635:1747647665985:,1747647681381
counter/3/0/0/0,17751:1747647664691:,1747647681381
counter/8/0/0/0,19852:1747647664968:,1747647681381
counter/9/0/0/0,21636:1747647665985:,1747647681381
counter/3/0/0/0,17752:1747647664691:,1747647681381
counter/8/0/0/0,19853:1747647664968:,1747647681381
counter/9/0/0/0,21637:1747647665985:,1747647681381
counter/3/0/0/0,17753:1747647664691:,1747647681381
counter/8/0/0/0,19854:1747647664968:,1747647681381
counter/9/0/0/0,21638:1747647665985:,1747647681381
counter/3/0/0/0,17754:1747647664691:,1747647681381
counter/8/0/0/0,19855:1747647664968:,1747647681381
counter/9/0/0/0,21639:1747647665985:,1747647681381
counter/3/0/0/0,17755:1747647664691:,1747647681381
counter/8/0/0/0,19856:1747647664968:,1747647681381
counter/9/0/0/0,21640:1747647665985:,1747647681381
counter/3/0/0/0,17756:1747647664691:,1747647681381
counter/8/0/0/0,19857:1747647664968:,1747647681381
counter/9/0/0/0,21641:1747647665985:,1747647681381
counter/3/0/0/0,17757:1747647664691:,1747647681381
counter/8/0/0/0,19858:1747647664968:,1747647681381
counter/9/0/0/0,21642:1747647665985:,1747647681382
counter/3/0/0/0,17758:1747647664691:,1747647681382
counter/8/0/0/0,19859:1747647664968:,1747647681382
counter/9/0/0/0,21643:1747647665985:,1747647681382
counter/3/0/0/0,17759:1747647664696:,1747647681382
counter/8/0/0/0,19860:1747647664968:,1747647681382
counter/9/0/0/0,21644:1747647665993:,1747647681382
counter/3/0/0/0,17760:1747647664696:,1747647681382
counter/8/0/0/0,19861:1747647664968:,1747647681382
counter/9/0/0/0,21645:1747647666005:,1747647681382
counter/3/0/0/0,17761:1747647664696:,1747647681382
counter/8/0/0/0,19862:1747647664968:,1747647681382
counter/9/0/0/0,21646:1747647666005:,1747647681382
counter/3/0/0/0,17762:1747647664696:,1747647681382
counter/8/0/0/0,19863:1747647664968:,1747647681382
counter/9/0/0/0,21647:1747647666005:,1747647681382
counter/3/0/0/0,17763:1747647664696:,1747647681382
counter/8/0/0/0,19864:1747647664968:,1747647681382
counter/9/0/0/0,21648:1747647666005:,1747647681382
counter/3/0/0/0,17764:1747647664696:,1747647681382
counter/8/0/0/0,19865:1747647664968:,1747647681382
counter/9/0/0/0,21649:1747647666005:,1747647681382
counter/3/0/0/0,17765:1747647664696:,1747647681382
counter/8/0/0/0,19866:1747647664968:,1747647681382
counter/9/0/0/0,21650:1747647666005:,1747647681382
counter/3/0/0/0,17766:1747647664696:,1747647681382
counter/8/0/0/0,19867:1747647664968:,1747647681382
counter/9/0/0/0,21651:1747647666006:,1747647681382
counter/3/0/0/0,17767:1747647664696:,1747647681382
counter/8/0/0/0,19868:1747647664968:,1747647681382
counter/9/0/0/0,21652:1747647666006:,1747647681382
counter/3/0/0/0,17768:1747647664696:,1747647681382
counter/8/0/0/0,19869:1747647664968:,1747647681382
counter/9/0/0/0,21653:1747647666006:,1747647681382
counter/3/0/0/0,17769:1747647664698:,1747647681382
counter/8/0/0/0,19870:1747647664968:,1747647681382
counter/9/0/0/0,21654:1747647666006:,1747647681382
counter/3/0/0/0,17770:1747647664698:,1747647681382
counter/8/0/0/0,19871:1747647664968:,1747647681382
counter/9/0/0/0,21655:1747647666006:,1747647681382
counter/3/0/0/0,17771:1747647664698:,1747647681382
counter/8/0/0/0,19872:1747647664968:,1747647681382
counter/9/0/0/0,21656:1747647666006:,1747647681382
counter/3/0/0/0,17772:1747647664698:,1747647681383
counter/8/0/0/0,19873:1747647664968:,1747647681383
counter/9/0/0/0,21657:1747647666006:,1747647681383
counter/3/0/0/0,17773:1747647664698:,1747647681383
counter/8/0/0/0,19874:1747647664969:,1747647681383
counter/9/0/0/0,21658:1747647666006:,1747647681383
counter/3/0/0/0,17774:1747647664698:,1747647681383
counter/8/0/0/0,19875:1747647664969:,1747647681383
counter/9/0/0/0,21659:1747647666006:,1747647681383
counter/3/0/0/0,17775:1747647664698:,1747647681383
counter/8/0/0/0,19876:1747647664969:,1747647681383
counter/9/0/0/0,21660:1747647666006:,1747647681383
counter/3/0/0/0,17776:1747647664698:,1747647681383
counter/8/0/0/0,19877:1747647664969:,1747647681383
counter/9/0/0/0,21661:1747647666006:,1747647681383
counter/3/0/0/0,17777:1747647664698:,1747647681383
counter/8/0/0/0,19878:1747647664969:,1747647681383
counter/9/0/0/0,21662:1747647666006:,1747647681383
counter/3/0/0/0,17778:1747647664698:,1747647681383
counter/8/0/0/0,19879:1747647664969:,1747647681383
counter/9/0/0/0,21663:1747647666017:,1747647681383
counter/3/0/0/0,17779:1747647664698:,1747647681383
counter/8/0/0/0,19880:1747647664969:,1747647681383
counter/9/0/0/0,21664:1747647666017:,1747647681383
counter/3/0/0/0,17780:1747647664698:,1747647681383
counter/8/0/0/0,19881:1747647664969:,1747647681383
counter/9/0/0/0,21665:1747647666017:,1747647681383
counter/3/0/0/0,17781:1747647664698:,1747647681383
counter/8/0/0/0,19882:1747647664969:,1747647681383
counter/9/0/0/0,21666:1747647666018:,1747647681383
counter/3/0/0/0,17782:1747647664698:,1747647681383
counter/5/0/0/0,19305:1747647665302:,1747647681383
counter/8/0/0/0,19883:1747647664969:,1747647681383
counter/9/0/0/0,21667:1747647666018:,1747647681383
counter/3/0/0/0,17783:1747647664700:,1747647681383
counter/5/0/0/0,19306:1747647665302:,1747647681383
counter/8/0/0/0,19884:1747647664973:,1747647681383
counter/9/0/0/0,21668:1747647666018:,1747647681383
counter/3/0/0/0,17784:1747647664700:,1747647681383
counter/5/0/0/0,19307:1747647665305:,1747647681383
counter/8/0/0/0,19885:1747647664973:,1747647681383
counter/9/0/0/0,21669:1747647666018:,1747647681383
counter/3/0/0/0,17785:1747647664700:,1747647681383
counter/5/0/0/0,19308:1747647665321:,1747647681384
counter/8/0/0/0,19886:1747647664973:,1747647681384
counter/9/0/0/0,21670:1747647666018:,1747647681384
counter/3/0/0/0,17786:1747647664700:,1747647681384
counter/5/0/0/0,19309:1747647665321:,1747647681384
counter/8/0/0/0,19887:1747647664973:,1747647681384
counter/9/0/0/0,21671:1747647666018:,1747647681384
counter/3/0/0/0,17787:1747647664700:,1747647681384
counter/5/0/0/0,19310:1747647665321:,1747647681384
counter/8/0/0/0,19888:1747647664973:,1747647681384
counter/9/0/0/0,21672:1747647666018:,1747647681384
counter/3/0/0/0,17788:1747647664700:,1747647681384
counter/5/0/0/0,19311:1747647665321:,1747647681384
counter/8/0/0/0,19889:1747647664973:,1747647681384
counter/9/0/0/0,21673:1747647666018:,1747647681384
counter/3/0/0/0,17789:1747647664700:,1747647681384
counter/5/0/0/0,19312:1747647665321:,1747647681384
counter/8/0/0/0,19890:1747647664973:,1747647681384
counter/9/0/0/0,21674:1747647666018:,1747647681384
counter/3/0/0/0,17790:1747647664700:,1747647681384
counter/5/0/0/0,19313:1747647665321:,1747647681384
counter/8/0/0/0,19891:1747647664973:,1747647681384
counter/9/0/0/0,21675:1747647666020:,1747647681384
counter/3/0/0/0,17791:1747647664700:,1747647681384
counter/5/0/0/0,19314:1747647665321:,1747647681384
counter/8/0/0/0,19892:1747647664973:,1747647681384
counter/9/0/0/0,21676:1747647666020:,1747647681384
counter/3/0/0/0,17792:1747647664700:,1747647681384
counter/5/0/0/0,19315:1747647665333:,1747647681384
counter/8/0/0/0,19893:1747647664973:,1747647681384
counter/9/0/0/0,21677:1747647666020:,1747647681384
counter/3/0/0/0,17793:1747647664700:,1747647681384
counter/5/0/0/0,19316:1747647665333:,1747647681384
counter/8/0/0/0,19894:1747647664973:,1747647681384
counter/9/0/0/0,21678:1747647666020:,1747647681384
counter/3/0/0/0,17794:1747647664700:,1747647681384
counter/5/0/0/0,19317:1747647665333:,1747647681384
counter/8/0/0/0,19895:1747647664973:,1747647681384
counter/9/0/0/0,21679:1747647666022:,1747647681384
counter/3/0/0/0,17795:1747647664700:,1747647681385
counter/5/0/0/0,19318:1747647665333:,1747647681385
counter/8/0/0/0,19896:1747647664973:,1747647681385
counter/9/0/0/0,21680:1747647666022:,1747647681385
counter/3/0/0/0,17796:1747647664700:,1747647681385
counter/5/0/0/0,19319:1747647665333:,1747647681385
counter/8/0/0/0,19897:1747647664973:,1747647681385
counter/9/0/0/0,21681:1747647666022:,1747647681385
counter/3/0/0/0,17797:1747647664700:,1747647681385
counter/5/0/0/0,19320:1747647665333:,1747647681385
counter/8/0/0/0,19898:1747647664974:,1747647681385
counter/9/0/0/0,21682:1747647666022:,1747647681385
counter/5/0/0/0,19321:1747647665333:,1747647681385
counter/4/0/0/0,17510:1747647665060:,1747647681385
counter/2/0/0/0,21130:1747647667193:,1747647681385
counter/7/0/0/0,16808:1747647662980:,1747647681385
counter/8/0/0/0,19899:1747647664974:,1747647681385
counter/9/0/0/0,21683:1747647666028:,1747647681385
counter/5/0/0/0,19322:1747647665333:,1747647681385
counter/1/0/0/0,18548:1747647665118:,1747647681385
counter/6/0/0/0,17053:1747647664407:,1747647681385
counter/3/0/0/0,17798:1747647664700:,1747647681385
counter/10/0/0/0,18285:1747647664420:,1747647681385
counter/8/0/0/0,19900:1747647664974:,1747647681385
counter/9/0/0/0,21684:1747647666028:,1747647681385
counter/5/0/0/0,19323:1747647665333:,1747647681385
counter/8/0/0/0,19901:1747647664974:,1747647681385
counter/9/0/0/0,21685:1747647666028:,1747647681385
counter/5/0/0/0,19324:1747647665333:,1747647681385
counter/8/0/0/0,19902:1747647664974:,1747647681385
counter/9/0/0/0,21686:1747647666028:,1747647681385
counter/5/0/0/0,19325:1747647665333:,1747647681385
counter/8/0/0/0,19903:1747647664974:,1747647681385
counter/9/0/0/0,21687:1747647666028:,1747647681385
counter/5/0/0/0,19326:1747647665333:,1747647681385
counter/8/0/0/0,19904:1747647664974:,1747647681385
counter/9/0/0/0,21688:1747647666028:,1747647681385
counter/5/0/0/0,19327:1747647665333:,1747647681385
counter/8/0/0/0,19905:1747647664974:,1747647681385
counter/9/0/0/0,21689:1747647666028:,1747647681385
counter/5/0/0/0,19328:1747647665333:,1747647681385
counter/8/0/0/0,19906:1747647664974:,1747647681386
counter/9/0/0/0,21690:1747647666028:,1747647681386
counter/5/0/0/0,19329:1747647665333:,1747647681386
counter/8/0/0/0,19907:1747647664986:,1747647681386
counter/9/0/0/0,21691:1747647666028:,1747647681386
counter/5/0/0/0,19330:1747647665333:,1747647681386
counter/8/0/0/0,19908:1747647664986:,1747647681386
counter/9/0/0/0,21692:1747647666028:,1747647681386
counter/5/0/0/0,19331:1747647665333:,1747647681386
counter/8/0/0/0,19909:1747647664986:,1747647681386
counter/9/0/0/0,21693:1747647666028:,1747647681386
counter/5/0/0/0,19332:1747647665333:,1747647681386
counter/8/0/0/0,19910:1747647664986:,1747647681386
counter/9/0/0/0,21694:1747647666028:,1747647681386
counter/5/0/0/0,19333:1747647665333:,1747647681386
counter/7/0/0/0,16809:1747647662980:,1747647681386
counter/10/0/0/0,18286:1747647664420:,1747647681386
counter/8/0/0/0,19911:1747647664986:,1747647681386
counter/9/0/0/0,21695:1747647666033:,1747647681386
counter/5/0/0/0,19334:1747647665333:,1747647681386
counter/2/0/0/0,21131:1747647667193:,1747647681386
counter/1/0/0/0,18549:1747647665118:,1747647681386
counter/8/0/0/0,19912:1747647664991:,1747647681386
counter/9/0/0/0,21696:1747647666034:,1747647681386
counter/5/0/0/0,19335:1747647665333:,1747647681386
counter/3/0/0/0,17799:1747647664700:,1747647681386
counter/6/0/0/0,17054:1747647664407:,1747647681386
counter/8/0/0/0,19913:1747647664992:,1747647681386
counter/9/0/0/0,21697:1747647666034:,1747647681386
counter/5/0/0/0,19336:1747647665333:,1747647681386
counter/6/0/0/0,17055:1747647664407:,1747647681386
counter/8/0/0/0,19914:1747647664992:,1747647681386
counter/9/0/0/0,21698:1747647666034:,1747647681386
counter/5/0/0/0,19337:1747647665333:,1747647681386
counter/6/0/0/0,17056:1747647664408:,1747647681386
counter/8/0/0/0,19915:1747647664992:,1747647681386
counter/9/0/0/0,21699:1747647666034:,1747647681386
counter/5/0/0/0,19338:1747647665333:,1747647681386
counter/6/0/0/0,17057:1747647664410:,1747647681386
counter/8/0/0/0,19916:1747647664992:,1747647681387
counter/9/0/0/0,21700:1747647666034:,1747647681387
counter/5/0/0/0,19339:1747647665333:,1747647681387
counter/6/0/0/0,17058:1747647664410:,1747647681387
counter/1/0/0/0,18550:1747647665122:,1747647681387
counter/8/0/0/0,19917:1747647664992:,1747647681387
counter/9/0/0/0,21701:1747647666034:,1747647681387
counter/5/0/0/0,19340:1747647665333:,1747647681387
counter/6/0/0/0,17059:1747647664414:,1747647681387
counter/3/0/0/0,17800:1747647664700:,1747647681387
counter/2/0/0/0,21132:1747647667193:,1747647681387
counter/8/0/0/0,19918:1747647664992:,1747647681387
counter/9/0/0/0,21702:1747647666034:,1747647681387
counter/5/0/0/0,19341:1747647665333:,1747647681387
counter/6/0/0/0,17060:1747647664414:,1747647681387
counter/4/0/0/0,17511:1747647665060:,1747647681387
counter/8/0/0/0,19919:1747647665005:,1747647681387
counter/9/0/0/0,21703:1747647666034:,1747647681387
counter/5/0/0/0,19342:1747647665333:,1747647681387
counter/6/0/0/0,17061:1747647664414:,1747647681387
counter/8/0/0/0,19920:1747647665005:,1747647681387
counter/9/0/0/0,21704:1747647666034:,1747647681387
counter/5/0/0/0,19343:1747647665333:,1747647681387
counter/6/0/0/0,17062:1747647664414:,1747647681387
counter/8/0/0/0,19921:1747647665005:,1747647681387
counter/9/0/0/0,21705:1747647666034:,1747647681387
counter/5/0/0/0,19344:1747647665336:,1747647681387
counter/6/0/0/0,17063:1747647664414:,1747647681387
counter/8/0/0/0,19922:1747647665005:,1747647681387
counter/9/0/0/0,21706:1747647666034:,1747647681387
counter/5/0/0/0,19345:1747647665336:,1747647681387
counter/6/0/0/0,17064:1747647664414:,1747647681387
counter/8/0/0/0,19923:1747647665005:,1747647681387
counter/9/0/0/0,21707:1747647666034:,1747647681387
counter/5/0/0/0,19346:1747647665336:,1747647681387
counter/6/0/0/0,17065:1747647664414:,1747647681388
counter/1/0/0/0,18551:1747647665122:,1747647681388
counter/8/0/0/0,19924:1747647665005:,1747647681388
counter/9/0/0/0,21708:1747647666058:,1747647681388
counter/5/0/0/0,19347:1747647665336:,1747647681388
counter/6/0/0/0,17066:1747647664414:,1747647681388
counter/1/0/0/0,18552:1747647665122:,1747647681388
counter/8/0/0/0,19925:1747647665005:,1747647681388
counter/9/0/0/0,21709:1747647666058:,1747647681388
counter/5/0/0/0,19348:1747647665336:,1747647681388
counter/6/0/0/0,17067:1747647664414:,1747647681388
counter/1/0/0/0,18553:1747647665122:,1747647681388
counter/8/0/0/0,19926:1747647665005:,1747647681388
counter/9/0/0/0,21710:1747647666058:,1747647681388
counter/5/0/0/0,19349:1747647665336:,1747647681388
counter/1/0/0/0,18554:1747647665122:,1747647681388
counter/8/0/0/0,19927:1747647665005:,1747647681388
counter/9/0/0/0,21711:1747647666058:,1747647681388
counter/5/0/0/0,19350:1747647665336:,1747647681388
counter/1/0/0/0,18555:1747647665122:,1747647681388
counter/8/0/0/0,19928:1747647665005:,1747647681388
counter/9/0/0/0,21712:1747647666064:,1747647681388
counter/5/0/0/0,19351:1747647665336:,1747647681388
counter/1/0/0/0,18556:1747647665122:,1747647681388
counter/8/0/0/0,19929:1747647665005:,1747647681388
counter/9/0/0/0,21713:1747647666064:,1747647681388
counter/5/0/0/0,19352:1747647665336:,1747647681388
counter/1/0/0/0,18557:1747647665122:,1747647681388
counter/8/0/0/0,19930:1747647665005:,1747647681388
counter/9/0/0/0,21714:1747647666065:,1747647681388
counter/5/0/0/0,19353:1747647665336:,1747647681388
counter/1/0/0/0,18558:1747647665122:,1747647681388
counter/8/0/0/0,19931:1747647665006:,1747647681388
counter/9/0/0/0,21715:1747647666065:,1747647681388
counter/5/0/0/0,19354:1747647665336:,1747647681388
counter/1/0/0/0,18559:1747647665122:,1747647681388
counter/8/0/0/0,19932:1747647665008:,1747647681388
counter/9/0/0/0,21716:1747647666065:,1747647681388
counter/5/0/0/0,19355:1747647665336:,1747647681388
counter/1/0/0/0,18560:1747647665122:,1747647681389
counter/8/0/0/0,19933:1747647665008:,1747647681389
counter/9/0/0/0,21717:1747647666065:,1747647681389
counter/5/0/0/0,19356:1747647665336:,1747647681389
counter/1/0/0/0,18561:1747647665123:,1747647681389
counter/8/0/0/0,19934:1747647665008:,1747647681389
counter/9/0/0/0,21718:1747647666065:,1747647681389
counter/5/0/0/0,19357:1747647665336:,1747647681389
counter/1/0/0/0,18562:1747647665123:,1747647681389
counter/8/0/0/0,19935:1747647665014:,1747647681389
counter/9/0/0/0,21719:1747647666065:,1747647681389
counter/5/0/0/0,19358:1747647665336:,1747647681389
counter/1/0/0/0,18563:1747647665123:,1747647681389
counter/8/0/0/0,19936:1747647665014:,1747647681389
counter/9/0/0/0,21720:1747647666069:,1747647681389
counter/5/0/0/0,19359:1747647665336:,1747647681389
counter/1/0/0/0,18564:1747647665123:,1747647681389
counter/8/0/0/0,19937:1747647665014:,1747647681389
counter/9/0/0/0,21721:1747647666069:,1747647681389
counter/5/0/0/0,19360:1747647665336:,1747647681389
counter/1/0/0/0,18565:1747647665123:,1747647681389
counter/8/0/0/0,19938:1747647665017:,1747647681389
counter/9/0/0/0,21722:1747647666069:,1747647681389
counter/5/0/0/0,19361:1747647665336:,1747647681389
counter/1/0/0/0,18566:1747647665123:,1747647681389
counter/8/0/0/0,19939:1747647665019:,1747647681389
counter/9/0/0/0,21723:1747647666069:,1747647681389
counter/1/0/0/0,18567:1747647665127:,1747647681389
counter/2/0/0/0,21133:1747647667193:,1747647681389
counter/8/0/0/0,19940:1747647665019:,1747647681389
counter/9/0/0/0,21724:1747647666069:,1747647681389
counter/1/0/0/0,18568:1747647665127:,1747647681389
counter/6/0/0/0,17068:1747647664414:,1747647681389
counter/8/0/0/0,19941:1747647665019:,1747647681389
counter/9/0/0/0,21725:1747647666069:,1747647681389
counter/1/0/0/0,18569:1747647665127:,1747647681389
counter/6/0/0/0,17069:1747647664414:,1747647681389
counter/8/0/0/0,19942:1747647665019:,1747647681389
counter/9/0/0/0,21726:1747647666069:,1747647681389
counter/1/0/0/0,18570:1747647665127:,1747647681390
counter/6/0/0/0,17070:1747647664414:,1747647681390
counter/8/0/0/0,19943:1747647665019:,1747647681390
counter/9/0/0/0,21727:1747647666069:,1747647681390
counter/1/0/0/0,18571:1747647665127:,1747647681390
counter/6/0/0/0,17071:1747647664414:,1747647681390
counter/8/0/0/0,19944:1747647665019:,1747647681390
counter/9/0/0/0,21728:1747647666069:,1747647681390
counter/1/0/0/0,18572:1747647665127:,1747647681390
counter/6/0/0/0,17072:1747647664415:,1747647681390
counter/8/0/0/0,19945:1747647665019:,1747647681390
counter/9/0/0/0,21729:1747647666069:,1747647681390
counter/1/0/0/0,18573:1747647665127:,1747647681390
counter/6/0/0/0,17073:1747647664415:,1747647681390
counter/8/0/0/0,19946:1747647665019:,1747647681390
counter/9/0/0/0,21730:1747647666071:,1747647681390
counter/1/0/0/0,18574:1747647665127:,1747647681390
counter/6/0/0/0,17074:1747647664415:,1747647681390
counter/8/0/0/0,19947:1747647665019:,1747647681390
counter/9/0/0/0,21731:1747647666071:,1747647681390
counter/1/0/0/0,18575:1747647665129:,1747647681390
counter/6/0/0/0,17075:1747647664415:,1747647681390
counter/8/0/0/0,19948:1747647665019:,1747647681390
counter/9/0/0/0,21732:1747647666071:,1747647681390
counter/1/0/0/0,18576:1747647665129:,1747647681390
counter/6/0/0/0,17076:1747647664415:,1747647681390
counter/8/0/0/0,19949:1747647665019:,1747647681390
counter/9/0/0/0,21733:1747647666071:,1747647681390
counter/1/0/0/0,18577:1747647665129:,1747647681390
counter/6/0/0/0,17077:1747647664415:,1747647681390
counter/8/0/0/0,19950:1747647665020:,1747647681390
counter/9/0/0/0,21734:1747647666071:,1747647681390
counter/1/0/0/0,18578:1747647665129:,1747647681390
counter/6/0/0/0,17078:1747647664415:,1747647681390
counter/8/0/0/0,19951:1747647665020:,1747647681390
counter/9/0/0/0,21735:1747647666071:,1747647681390
counter/1/0/0/0,18579:1747647665129:,1747647681391
counter/6/0/0/0,17079:1747647664415:,1747647681391
counter/8/0/0/0,19952:1747647665020:,1747647681391
counter/9/0/0/0,21736:1747647666071:,1747647681391
counter/1/0/0/0,18580:1747647665130:,1747647681391
counter/6/0/0/0,17080:1747647664415:,1747647681391
counter/8/0/0/0,19953:1747647665020:,1747647681391
counter/9/0/0/0,21737:1747647666071:,1747647681391
counter/1/0/0/0,18581:1747647665130:,1747647681391
counter/6/0/0/0,17081:1747647664415:,1747647681391
counter/8/0/0/0,19954:1747647665020:,1747647681391
counter/9/0/0/0,21738:1747647666071:,1747647681391
counter/1/0/0/0,18582:1747647665131:,1747647681391
counter/6/0/0/0,17082:1747647664415:,1747647681391
counter/8/0/0/0,19955:1747647665020:,1747647681391
counter/9/0/0/0,21739:1747647666071:,1747647681391
counter/1/0/0/0,18583:1747647665131:,1747647681391
counter/6/0/0/0,17083:1747647664415:,1747647681391
counter/8/0/0/0,19956:1747647665020:,1747647681391
counter/9/0/0/0,21740:1747647666071:,1747647681391
counter/1/0/0/0,18584:1747647665131:,1747647681391
counter/6/0/0/0,17084:1747647664416:,1747647681391
counter/8/0/0/0,19957:1747647665020:,1747647681391
counter/9/0/0/0,21741:1747647666071:,1747647681391
counter/1/0/0/0,18585:1747647665131:,1747647681391
counter/6/0/0/0,17085:1747647664416:,1747647681391
counter/8/0/0/0,19958:1747647665020:,1747647681391
counter/9/0/0/0,21742:1747647666071:,1747647681391
counter/1/0/0/0,18586:1747647665132:,1747647681391
counter/6/0/0/0,17086:1747647664416:,1747647681391
counter/8/0/0/0,19959:1747647665020:,1747647681391
counter/9/0/0/0,21743:1747647666074:,1747647681391
counter/1/0/0/0,18587:1747647665132:,1747647681391
counter/6/0/0/0,17087:1747647664416:,1747647681391
counter/8/0/0/0,19960:1747647665020:,1747647681391
counter/9/0/0/0,21744:1747647666074:,1747647681391
counter/1/0/0/0,18588:1747647665132:,1747647681391
counter/6/0/0/0,17088:1747647664422:,1747647681391
counter/8/0/0/0,19961:1747647665020:,1747647681391
counter/9/0/0/0,21745:1747647666074:,1747647681391
counter/1/0/0/0,18589:1747647665132:,1747647681391
counter/6/0/0/0,17089:1747647664422:,1747647681391
counter/8/0/0/0,19962:1747647665020:,1747647681392
counter/9/0/0/0,21746:1747647666074:,1747647681392
counter/1/0/0/0,18590:1747647665132:,1747647681392
counter/6/0/0/0,17090:1747647664422:,1747647681392
counter/8/0/0/0,19963:1747647665020:,1747647681392
counter/9/0/0/0,21747:1747647666074:,1747647681392
counter/1/0/0/0,18591:1747647665140:,1747647681392
counter/6/0/0/0,17091:1747647664422:,1747647681392
counter/8/0/0/0,19964:1747647665047:,1747647681392
counter/9/0/0/0,21748:1747647666075:,1747647681392
counter/1/0/0/0,18592:1747647665140:,1747647681392
counter/6/0/0/0,17092:1747647664432:,1747647681392
counter/8/0/0/0,19965:1747647665048:,1747647681392
counter/9/0/0/0,21749:1747647666075:,1747647681392
counter/1/0/0/0,18593:1747647665140:,1747647681392
counter/6/0/0/0,17093:1747647664432:,1747647681392
counter/8/0/0/0,19966:1747647665048:,1747647681392
counter/9/0/0/0,21750:1747647666075:,1747647681392
counter/1/0/0/0,18594:1747647665140:,1747647681392
counter/6/0/0/0,17094:1747647664432:,1747647681392
counter/8/0/0/0,19967:1747647665048:,1747647681392
counter/9/0/0/0,21751:1747647666075:,1747647681392
counter/1/0/0/0,18595:1747647665140:,1747647681392
counter/6/0/0/0,17095:1747647664432:,1747647681392
counter/8/0/0/0,19968:1747647665048:,1747647681392
counter/9/0/0/0,21752:1747647666075:,1747647681392
counter/1/0/0/0,18596:1747647665141:,1747647681392
counter/6/0/0/0,17096:1747647664432:,1747647681392
counter/8/0/0/0,19969:1747647665048:,1747647681392
counter/9/0/0/0,21753:1747647666076:,1747647681392
counter/1/0/0/0,18597:1747647665141:,1747647681392
counter/6/0/0/0,17097:1747647664432:,1747647681392
counter/8/0/0/0,19970:1747647665048:,1747647681392
counter/9/0/0/0,21754:1747647666076:,1747647681392
counter/1/0/0/0,18598:1747647665141:,1747647681392
counter/6/0/0/0,17098:1747647664432:,1747647681392
counter/5/0/0/0,19362:1747647665343:,1747647681392
counter/8/0/0/0,19971:1747647665048:,1747647681392
counter/9/0/0/0,21755:1747647666076:,1747647681392
counter/1/0/0/0,18599:1747647665141:,1747647681392
counter/6/0/0/0,17099:1747647664432:,1747647681392
counter/5/0/0/0,19363:1747647665343:,1747647681393
counter/8/0/0/0,19972:1747647665048:,1747647681393
counter/9/0/0/0,21756:1747647666076:,1747647681393
counter/1/0/0/0,18600:1747647665141:,1747647681393
counter/6/0/0/0,17100:1747647664432:,1747647681393
counter/8/0/0/0,19973:1747647665048:,1747647681393
counter/9/0/0/0,21757:1747647666076:,1747647681393
counter/1/0/0/0,18601:1747647665145:,1747647681393
counter/6/0/0/0,17101:1747647664432:,1747647681393
counter/8/0/0/0,19974:1747647665066:,1747647681393
counter/9/0/0/0,21758:1747647666076:,1747647681393
counter/1/0/0/0,18602:1747647665147:,1747647681393
counter/6/0/0/0,17102:1747647664432:,1747647681393
counter/8/0/0/0,19975:1747647665071:,1747647681393
counter/9/0/0/0,21759:1747647666076:,1747647681393
counter/1/0/0/0,18603:1747647665147:,1747647681393
counter/6/0/0/0,17103:1747647664432:,1747647681393
counter/8/0/0/0,19976:1747647665071:,1747647681393
counter/9/0/0/0,21760:1747647666076:,1747647681393
counter/1/0/0/0,18604:1747647665148:,1747647681393
counter/6/0/0/0,17104:1747647664432:,1747647681393
counter/8/0/0/0,19977:1747647665085:,1747647681393
counter/9/0/0/0,21761:1747647666076:,1747647681393
counter/1/0/0/0,18605:1747647665148:,1747647681393
counter/6/0/0/0,17105:1747647664432:,1747647681393
counter/8/0/0/0,19978:1747647665085:,1747647681393
counter/9/0/0/0,21762:1747647666076:,1747647681393
counter/1/0/0/0,18606:1747647665148:,1747647681393
counter/6/0/0/0,17106:1747647664433:,1747647681393
counter/8/0/0/0,19979:1747647665089:,1747647681393
counter/9/0/0/0,21763:1747647666076:,1747647681393
counter/1/0/0/0,18607:1747647665148:,1747647681393
counter/6/0/0/0,17107:1747647664435:,1747647681393
counter/8/0/0/0,19980:1747647665089:,1747647681393
counter/9/0/0/0,21764:1747647666076:,1747647681393
counter/1/0/0/0,18608:1747647665148:,1747647681393
counter/6/0/0/0,17108:1747647664435:,1747647681393
counter/8/0/0/0,19981:1747647665089:,1747647681393
counter/9/0/0/0,21765:1747647666076:,1747647681393
counter/1/0/0/0,18609:1747647665153:,1747647681393
counter/6/0/0/0,17109:1747647664435:,1747647681394
counter/8/0/0/0,19982:1747647665089:,1747647681394
counter/9/0/0/0,21766:1747647666076:,1747647681394
counter/1/0/0/0,18610:1747647665153:,1747647681394
counter/6/0/0/0,17110:1747647664435:,1747647681394
counter/8/0/0/0,19983:1747647665089:,1747647681394
counter/9/0/0/0,21767:1747647666076:,1747647681394
counter/1/0/0/0,18611:1747647665153:,1747647681394
counter/6/0/0/0,17111:1747647664435:,1747647681394
counter/8/0/0/0,19984:1747647665089:,1747647681394
counter/9/0/0/0,21768:1747647666076:,1747647681394
counter/1/0/0/0,18612:1747647665153:,1747647681394
counter/6/0/0/0,17112:1747647664436:,1747647681394
counter/8/0/0/0,19985:1747647665089:,1747647681394
counter/9/0/0/0,21769:1747647666076:,1747647681394
counter/1/0/0/0,18613:1747647665153:,1747647681394
counter/6/0/0/0,17113:1747647664436:,1747647681394
counter/8/0/0/0,19986:1747647665089:,1747647681394
counter/9/0/0/0,21770:1747647666076:,1747647681394
counter/1/0/0/0,18614:1747647665153:,1747647681394
counter/6/0/0/0,17114:1747647664436:,1747647681394
counter/8/0/0/0,19987:1747647665089:,1747647681394
counter/9/0/0/0,21771:1747647666076:,1747647681394
counter/1/0/0/0,18615:1747647665153:,1747647681394
counter/6/0/0/0,17115:1747647664436:,1747647681394
counter/5/0/0/0,19364:1747647665343:,1747647681394
counter/8/0/0/0,19988:1747647665089:,1747647681394
counter/9/0/0/0,21772:1747647666076:,1747647681394
counter/1/0/0/0,18616:1747647665153:,1747647681394
counter/6/0/0/0,17116:1747647664436:,1747647681394
counter/2/0/0/0,21134:1747647667193:,1747647681394
counter/8/0/0/0,19989:1747647665089:,1747647681394
counter/9/0/0/0,21773:1747647666076:,1747647681394
counter/1/0/0/0,18617:1747647665153:,1747647681394
counter/6/0/0/0,17117:1747647664436:,1747647681394
counter/8/0/0/0,19990:1747647665089:,1747647681394
counter/9/0/0/0,21774:1747647666076:,1747647681394
counter/1/0/0/0,18618:1747647665153:,1747647681394
counter/6/0/0/0,17118:1747647664436:,1747647681394
counter/8/0/0/0,19991:1747647665089:,1747647681394
counter/9/0/0/0,21775:1747647666083:,1747647681394
counter/1/0/0/0,18619:1747647665153:,1747647681395
counter/6/0/0/0,17119:1747647664436:,1747647681395
counter/8/0/0/0,19992:1747647665090:,1747647681395
counter/9/0/0/0,21776:1747647666083:,1747647681395
counter/1/0/0/0,18620:1747647665153:,1747647681395
counter/6/0/0/0,17120:1747647664436:,1747647681395
counter/8/0/0/0,19993:1747647665090:,1747647681395
counter/9/0/0/0,21777:1747647666083:,1747647681395
counter/1/0/0/0,18621:1747647665153:,1747647681395
counter/6/0/0/0,17121:1747647664436:,1747647681395
counter/8/0/0/0,19994:1747647665091:,1747647681395
counter/9/0/0/0,21778:1747647666083:,1747647681395
counter/1/0/0/0,18622:1747647665153:,1747647681395
counter/6/0/0/0,17122:1747647664436:,1747647681395
counter/8/0/0/0,19995:1747647665091:,1747647681395
counter/9/0/0/0,21779:1747647666083:,1747647681395
counter/1/0/0/0,18623:1747647665153:,1747647681395
counter/6/0/0/0,17123:1747647664447:,1747647681395
counter/8/0/0/0,19996:1747647665091:,1747647681395
counter/9/0/0/0,21780:1747647666083:,1747647681395
counter/1/0/0/0,18624:1747647665176:,1747647681395
counter/6/0/0/0,17124:1747647664447:,1747647681395
counter/8/0/0/0,19997:1747647665091:,1747647681395
counter/9/0/0/0,21781:1747647666083:,1747647681395
counter/1/0/0/0,18625:1747647665176:,1747647681395
counter/6/0/0/0,17125:1747647664447:,1747647681395
counter/8/0/0/0,19998:1747647665091:,1747647681395
counter/9/0/0/0,21782:1747647666083:,1747647681395
counter/1/0/0/0,18626:1747647665176:,1747647681395
counter/6/0/0/0,17126:1747647664447:,1747647681395
counter/8/0/0/0,19999:1747647665091:,1747647681395
counter/9/0/0/0,21783:1747647666094:,1747647681395
counter/1/0/0/0,18627:1747647665180:,1747647681395
counter/6/0/0/0,17127:1747647664447:,1747647681395
counter/8/0/0/0,20000:1747647665092:,1747647681395
counter/9/0/0/0,21784:1747647666095:,1747647681395
counter/1/0/0/0,18628:1747647665180:,1747647681395
counter/6/0/0/0,17128:1747647664449:,1747647681395
counter/8/0/0/0,20001:1747647665092:,1747647681395
counter/9/0/0/0,21785:1747647666095:,1747647681395
counter/1/0/0/0,18629:1747647665180:,1747647681395
counter/6/0/0/0,17129:1747647664449:,1747647681395
counter/8/0/0/0,20002:1747647665092:,1747647681395
counter/9/0/0/0,21786:1747647666095:,1747647681395
counter/1/0/0/0,18630:1747647665180:,1747647681395
counter/6/0/0/0,17130:1747647664449:,1747647681395
counter/4/0/0/0,17512:1747647665060:,1747647681396
counter/8/0/0/0,20003:1747647665092:,1747647681396
counter/9/0/0/0,21787:1747647666095:,1747647681396
counter/1/0/0/0,18631:1747647665180:,1747647681396
counter/6/0/0/0,17131:1747647664449:,1747647681396
counter/8/0/0/0,20004:1747647665092:,1747647681396
counter/9/0/0/0,21788:1747647666095:,1747647681396
counter/1/0/0/0,18632:1747647665180:,1747647681396
counter/6/0/0/0,17132:1747647664449:,1747647681396
counter/8/0/0/0,20005:1747647665093:,1747647681396
counter/9/0/0/0,21789:1747647666095:,1747647681396
counter/1/0/0/0,18633:1747647665180:,1747647681396
counter/6/0/0/0,17133:1747647664449:,1747647681396
counter/8/0/0/0,20006:1747647665099:,1747647681396
counter/9/0/0/0,21790:1747647666095:,1747647681396
counter/1/0/0/0,18634:1747647665180:,1747647681396
counter/6/0/0/0,17134:1747647664449:,1747647681396
counter/8/0/0/0,20007:1747647665104:,1747647681396
counter/9/0/0/0,21791:1747647666095:,1747647681396
counter/1/0/0/0,18635:1747647665185:,1747647681396
counter/6/0/0/0,17135:1747647664449:,1747647681396
counter/8/0/0/0,20008:1747647665104:,1747647681396
counter/9/0/0/0,21792:1747647666095:,1747647681396
counter/1/0/0/0,18636:1747647665185:,1747647681396
counter/6/0/0/0,17136:1747647664449:,1747647681396
counter/3/0/0/0,17801:1747647664700:,1747647681396
counter/8/0/0/0,20009:1747647665104:,1747647681396
counter/9/0/0/0,21793:1747647666095:,1747647681396
counter/1/0/0/0,18637:1747647665185:,1747647681396
counter/6/0/0/0,17137:1747647664449:,1747647681396
counter/3/0/0/0,17802:1747647664700:,1747647681396
counter/8/0/0/0,20010:1747647665104:,1747647681396
counter/9/0/0/0,21794:1747647666095:,1747647681396
counter/1/0/0/0,18638:1747647665185:,1747647681396
counter/6/0/0/0,17138:1747647664449:,1747647681396
counter/3/0/0/0,17803:1747647664700:,1747647681396
counter/8/0/0/0,20011:1747647665104:,1747647681396
counter/9/0/0/0,21795:1747647666095:,1747647681396
counter/1/0/0/0,18639:1747647665185:,1747647681396
counter/6/0/0/0,17139:1747647664453:,1747647681396
counter/3/0/0/0,17804:1747647664701:,1747647681397
counter/8/0/0/0,20012:1747647665104:,1747647681397
counter/9/0/0/0,21796:1747647666095:,1747647681397
counter/1/0/0/0,18640:1747647665185:,1747647681397
counter/6/0/0/0,17140:1747647664454:,1747647681397
counter/3/0/0/0,17805:1747647664701:,1747647681397
counter/8/0/0/0,20013:1747647665104:,1747647681397
counter/9/0/0/0,21797:1747647666096:,1747647681397
counter/1/0/0/0,18641:1747647665185:,1747647681397
counter/6/0/0/0,17141:1747647664454:,1747647681397
counter/3/0/0/0,17806:1747647664701:,1747647681397
counter/8/0/0/0,20014:1747647665104:,1747647681397
counter/9/0/0/0,21798:1747647666121:,1747647681397
counter/1/0/0/0,18642:1747647665191:,1747647681397
counter/6/0/0/0,17142:1747647664454:,1747647681397
counter/3/0/0/0,17807:1747647664701:,1747647681397
counter/7/0/0/0,16810:1747647662980:,1747647681397
counter/8/0/0/0,20015:1747647665104:,1747647681397
counter/9/0/0/0,21799:1747647666121:,1747647681397
counter/1/0/0/0,18643:1747647665191:,1747647681397
counter/6/0/0/0,17143:1747647664454:,1747647681397
counter/3/0/0/0,17808:1747647664701:,1747647681397
counter/2/0/0/0,21135:1747647667200:,1747647681397
counter/4/0/0/0,17513:1747647665060:,1747647681397
counter/8/0/0/0,20016:1747647665104:,1747647681397
counter/9/0/0/0,21800:1747647666121:,1747647681397
counter/1/0/0/0,18644:1747647665191:,1747647681397
counter/6/0/0/0,17144:1747647664454:,1747647681397
counter/3/0/0/0,17809:1747647664701:,1747647681397
counter/5/0/0/0,19365:1747647665343:,1747647681397
counter/8/0/0/0,20017:1747647665104:,1747647681397
counter/9/0/0/0,21801:1747647666121:,1747647681397
counter/1/0/0/0,18645:1747647665198:,1747647681397
counter/6/0/0/0,17145:1747647664455:,1747647681397
counter/3/0/0/0,17810:1747647664701:,1747647681397
counter/8/0/0/0,20018:1747647665104:,1747647681397
counter/9/0/0/0,21802:1747647666121:,1747647681397
counter/1/0/0/0,18646:1747647665198:,1747647681397
counter/6/0/0/0,17146:1747647664455:,1747647681397
counter/3/0/0/0,17811:1747647664701:,1747647681397
counter/8/0/0/0,20019:1747647665104:,1747647681397
counter/9/0/0/0,21803:1747647666121:,1747647681397
counter/1/0/0/0,18647:1747647665198:,1747647681397
counter/6/0/0/0,17147:1747647664456:,1747647681398
counter/3/0/0/0,17812:1747647664701:,1747647681398
counter/8/0/0/0,20020:1747647665104:,1747647681398
counter/9/0/0/0,21804:1747647666121:,1747647681398
counter/1/0/0/0,18648:1747647665198:,1747647681398
counter/6/0/0/0,17148:1747647664456:,1747647681398
counter/3/0/0/0,17813:1747647664701:,1747647681398
counter/8/0/0/0,20021:1747647665110:,1747647681398
counter/9/0/0/0,21805:1747647666121:,1747647681398
counter/1/0/0/0,18649:1747647665198:,1747647681398
counter/6/0/0/0,17149:1747647664456:,1747647681398
counter/3/0/0/0,17814:1747647664701:,1747647681398
counter/10/0/0/0,18287:1747647664420:,1747647681398
counter/8/0/0/0,20022:1747647665110:,1747647681398
counter/9/0/0/0,21806:1747647666121:,1747647681398
counter/1/0/0/0,18650:1747647665198:,1747647681398
counter/6/0/0/0,17150:1747647664456:,1747647681398
counter/3/0/0/0,17815:1747647664701:,1747647681398
counter/7/0/0/0,16811:1747647662980:,1747647681398
counter/8/0/0/0,20023:1747647665110:,1747647681398
counter/9/0/0/0,21807:1747647666123:,1747647681398
counter/1/0/0/0,18651:1747647665198:,1747647681398
counter/6/0/0/0,17151:1747647664456:,1747647681398
counter/3/0/0/0,17816:1747647664701:,1747647681398
counter/8/0/0/0,20024:1747647665110:,1747647681398
counter/9/0/0/0,21808:1747647666619:,1747647681398
counter/1/0/0/0,18652:1747647665198:,1747647681398
counter/6/0/0/0,17152:1747647664457:,1747647681398
counter/3/0/0/0,17817:1747647664703:,1747647681398
counter/8/0/0/0,20025:1747647665110:,1747647681398
counter/9/0/0/0,21809:1747647666619:,1747647681398
counter/1/0/0/0,18653:1747647665198:,1747647681398
counter/6/0/0/0,17153:1747647664457:,1747647681398
counter/3/0/0/0,17818:1747647664703:,1747647681398
counter/8/0/0/0,20026:1747647665110:,1747647681398
counter/9/0/0/0,21810:1747647666620:,1747647681398
counter/1/0/0/0,18654:1747647665198:,1747647681398
counter/6/0/0/0,17154:1747647664457:,1747647681398
counter/3/0/0/0,17819:1747647664703:,1747647681398
counter/8/0/0/0,20027:1747647665110:,1747647681398
counter/9/0/0/0,21811:1747647666620:,1747647681398
counter/1/0/0/0,18655:1747647665198:,1747647681398
counter/6/0/0/0,17155:1747647664457:,1747647681398
counter/3/0/0/0,17820:1747647664703:,1747647681399
counter/8/0/0/0,20028:1747647665110:,1747647681399
counter/9/0/0/0,21812:1747647666620:,1747647681399
counter/1/0/0/0,18656:1747647665198:,1747647681399
counter/6/0/0/0,17156:1747647664458:,1747647681399
counter/3/0/0/0,17821:1747647664703:,1747647681399
counter/8/0/0/0,20029:1747647665110:,1747647681399
counter/9/0/0/0,21813:1747647666622:,1747647681399
counter/1/0/0/0,18657:1747647665198:,1747647681399
counter/6/0/0/0,17157:1747647664458:,1747647681399
counter/3/0/0/0,17822:1747647664703:,1747647681399
counter/8/0/0/0,20030:1747647665110:,1747647681399
counter/9/0/0/0,21814:1747647666622:,1747647681399
counter/1/0/0/0,18658:1747647665200:,1747647681399
counter/6/0/0/0,17158:1747647664458:,1747647681399
counter/3/0/0/0,17823:1747647664703:,1747647681399
counter/8/0/0/0,20031:1747647665136:,1747647681399
counter/9/0/0/0,21815:1747647666622:,1747647681399
counter/1/0/0/0,18659:1747647665200:,1747647681399
counter/6/0/0/0,17159:1747647664458:,1747647681399
counter/3/0/0/0,17824:1747647664703:,1747647681399
counter/8/0/0/0,20032:1747647665136:,1747647681399
counter/9/0/0/0,21816:1747647666622:,1747647681399
counter/1/0/0/0,18660:1747647665200:,1747647681399
counter/6/0/0/0,17160:1747647664459:,1747647681399
counter/3/0/0/0,17825:1747647664704:,1747647681399
counter/8/0/0/0,20033:1747647665136:,1747647681399
counter/9/0/0/0,21817:1747647666622:,1747647681399
counter/1/0/0/0,18661:1747647665200:,1747647681399
counter/6/0/0/0,17161:1747647664467:,1747647681399
counter/8/0/0/0,20034:1747647665136:,1747647681399
counter/9/0/0/0,21818:1747647666623:,1747647681399
counter/1/0/0/0,18662:1747647665200:,1747647681399
counter/6/0/0/0,17162:1747647664469:,1747647681399
counter/8/0/0/0,20035:1747647665136:,1747647681399
counter/9/0/0/0,21819:1747647666623:,1747647681399
counter/1/0/0/0,18663:1747647665200:,1747647681399
counter/6/0/0/0,17163:1747647664484:,1747647681400
counter/8/0/0/0,20036:1747647665136:,1747647681400
counter/9/0/0/0,21820:1747647666623:,1747647681400
counter/1/0/0/0,18664:1747647665200:,1747647681400
counter/6/0/0/0,17164:1747647664484:,1747647681400
counter/8/0/0/0,20037:1747647665136:,1747647681400
counter/9/0/0/0,21821:1747647666626:,1747647681400
counter/1/0/0/0,18665:1747647665200:,1747647681400
counter/6/0/0/0,17165:1747647664484:,1747647681400
counter/8/0/0/0,20038:1747647665137:,1747647681400
counter/9/0/0/0,21822:1747647666626:,1747647681400
counter/1/0/0/0,18666:1747647665200:,1747647681400
counter/6/0/0/0,17166:1747647664485:,1747647681400
counter/8/0/0/0,20039:1747647665137:,1747647681400
counter/9/0/0/0,21823:1747647666626:,1747647681400
counter/1/0/0/0,18667:1747647665200:,1747647681400
counter/6/0/0/0,17167:1747647664485:,1747647681400
counter/8/0/0/0,20040:1747647665137:,1747647681400
counter/9/0/0/0,21824:1747647666629:,1747647681400
counter/6/0/0/0,17168:1747647664488:,1747647681400
counter/8/0/0/0,20041:1747647665137:,1747647681400
counter/9/0/0/0,21825:1747647666629:,1747647681400
counter/6/0/0/0,17169:1747647664500:,1747647681400
counter/1/0/0/0,18668:1747647665202:,1747647681400
counter/8/0/0/0,20042:1747647665137:,1747647681400
counter/9/0/0/0,21826:1747647666629:,1747647681400
counter/6/0/0/0,17170:1747647664500:,1747647681400
counter/5/0/0/0,19366:1747647665343:,1747647681400
counter/8/0/0/0,20043:1747647665137:,1747647681400
counter/9/0/0/0,21827:1747647666629:,1747647681400
counter/6/0/0/0,17171:1747647664500:,1747647681400
counter/5/0/0/0,19367:1747647665356:,1747647681400
counter/8/0/0/0,20044:1747647665137:,1747647681400
counter/9/0/0/0,21828:1747647666629:,1747647681400
counter/6/0/0/0,17172:1747647664500:,1747647681400
counter/5/0/0/0,19368:1747647665356:,1747647681400
counter/10/0/0/0,18288:1747647664420:,1747647681400
counter/8/0/0/0,20045:1747647665137:,1747647681400
counter/9/0/0/0,21829:1747647666629:,1747647681400
counter/6/0/0/0,17173:1747647664500:,1747647681400
counter/5/0/0/0,19369:1747647665356:,1747647681400
counter/2/0/0/0,21136:1747647667200:,1747647681400
counter/1/0/0/0,18669:1747647665202:,1747647681400
counter/7/0/0/0,16812:1747647662980:,1747647681400
counter/4/0/0/0,17514:1747647665060:,1747647681400
counter/8/0/0/0,20046:1747647665137:,1747647681401
counter/9/0/0/0,21830:1747647666629:,1747647681401
counter/6/0/0/0,17174:1747647664500:,1747647681401
counter/5/0/0/0,19370:1747647665357:,1747647681401
counter/8/0/0/0,20047:1747647665137:,1747647681401
counter/9/0/0/0,21831:1747647666629:,1747647681401
counter/6/0/0/0,17175:1747647664500:,1747647681401
counter/5/0/0/0,19371:1747647665357:,1747647681401
counter/7/0/0/0,16813:1747647662980:,1747647681401
counter/4/0/0/0,17515:1747647665060:,1747647681401
counter/8/0/0/0,20048:1747647665137:,1747647681401
counter/9/0/0/0,21832:1747647666629:,1747647681401
counter/6/0/0/0,17176:1747647664500:,1747647681401
counter/5/0/0/0,19372:1747647665357:,1747647681401
counter/3/0/0/0,17826:1747647664704:,1747647681401
counter/8/0/0/0,20049:1747647665137:,1747647681401
counter/9/0/0/0,21833:1747647666629:,1747647681401
counter/6/0/0/0,17177:1747647664500:,1747647681401
counter/3/0/0/0,17827:1747647664704:,1747647681401
counter/8/0/0/0,20050:1747647665137:,1747647681401
counter/9/0/0/0,21834:1747647666629:,1747647681401
counter/6/0/0/0,17178:1747647664500:,1747647681401
counter/3/0/0/0,17828:1747647664704:,1747647681401
counter/8/0/0/0,20051:1747647665137:,1747647681401
counter/9/0/0/0,21835:1747647666629:,1747647681401
counter/6/0/0/0,17179:1747647664500:,1747647681401
counter/3/0/0/0,17829:1747647664704:,1747647681401
counter/8/0/0/0,20052:1747647665137:,1747647681401
counter/9/0/0/0,21836:1747647666629:,1747647681401
counter/6/0/0/0,17180:1747647664514:,1747647681401
counter/3/0/0/0,17830:1747647664704:,1747647681401
counter/7/0/0/0,16814:1747647662980:,1747647681401
counter/8/0/0/0,20053:1747647665138:,1747647681401
counter/9/0/0/0,21837:1747647666629:,1747647681401
counter/6/0/0/0,17181:1747647664518:,1747647681401
counter/3/0/0/0,17831:1747647664704:,1747647681401
counter/5/0/0/0,19373:1747647665357:,1747647681401
counter/8/0/0/0,20054:1747647665138:,1747647681402
counter/9/0/0/0,21838:1747647666631:,1747647681402
counter/6/0/0/0,17182:1747647664518:,1747647681402
counter/3/0/0/0,17832:1747647664704:,1747647681402
counter/5/0/0/0,19374:1747647665357:,1747647681402
counter/8/0/0/0,20055:1747647665148:,1747647681402
counter/9/0/0/0,21839:1747647666631:,1747647681402
counter/6/0/0/0,17183:1747647664518:,1747647681402
counter/3/0/0/0,17833:1747647664704:,1747647681402
counter/5/0/0/0,19375:1747647665357:,1747647681402
counter/8/0/0/0,20056:1747647665148:,1747647681402
counter/9/0/0/0,21840:1747647666631:,1747647681402
counter/6/0/0/0,17184:1747647664518:,1747647681402
counter/3/0/0/0,17834:1747647664704:,1747647681402
counter/5/0/0/0,19376:1747647665357:,1747647681402
counter/8/0/0/0,20057:1747647665148:,1747647681402
counter/9/0/0/0,21841:1747647666631:,1747647681402
counter/6/0/0/0,17185:1747647664518:,1747647681402
counter/5/0/0/0,19377:1747647665357:,1747647681402
counter/8/0/0/0,20058:1747647665148:,1747647681402
counter/9/0/0/0,21842:1747647666631:,1747647681402
counter/6/0/0/0,17186:1747647664518:,1747647681402
counter/5/0/0/0,19378:1747647665357:,1747647681402
counter/8/0/0/0,20059:1747647665148:,1747647681402
counter/9/0/0/0,21843:1747647666631:,1747647681402
counter/6/0/0/0,17187:1747647664518:,1747647681402
counter/5/0/0/0,19379:1747647665357:,1747647681402
counter/8/0/0/0,20060:1747647665148:,1747647681402
counter/9/0/0/0,21844:1747647666632:,1747647681402
counter/6/0/0/0,17188:1747647664518:,1747647681402
counter/5/0/0/0,19380:1747647665357:,1747647681402
counter/2/0/0/0,21137:1747647667200:,1747647681402
counter/8/0/0/0,20061:1747647665148:,1747647681402
counter/9/0/0/0,21845:1747647666632:,1747647681402
counter/6/0/0/0,17189:1747647664518:,1747647681402
counter/5/0/0/0,19381:1747647665357:,1747647681402
counter/10/0/0/0,18289:1747647664420:,1747647681402
counter/1/0/0/0,18670:1747647665202:,1747647681402
counter/3/0/0/0,17835:1747647664704:,1747647681402
counter/8/0/0/0,20062:1747647665148:,1747647681402
counter/9/0/0/0,21846:1747647666632:,1747647681402
counter/6/0/0/0,17190:1747647664522:,1747647681402
counter/5/0/0/0,19382:1747647665375:,1747647681402
counter/4/0/0/0,17516:1747647665060:,1747647681402
counter/7/0/0/0,16815:1747647662983:,1747647681402
counter/8/0/0/0,20063:1747647665156:,1747647681403
counter/9/0/0/0,21847:1747647666632:,1747647681403
counter/6/0/0/0,17191:1747647664522:,1747647681403
counter/5/0/0/0,19383:1747647665375:,1747647681403
counter/10/0/0/0,18290:1747647664420:,1747647681403
counter/3/0/0/0,17836:1747647664704:,1747647681403
counter/8/0/0/0,20064:1747647665156:,1747647681403
counter/9/0/0/0,21848:1747647666632:,1747647681403
counter/6/0/0/0,17192:1747647664522:,1747647681403
counter/5/0/0/0,19384:1747647665375:,1747647681403
counter/4/0/0/0,17517:1747647665060:,1747647681403
counter/7/0/0/0,16816:1747647662983:,1747647681403
counter/8/0/0/0,20065:1747647665156:,1747647681403
counter/9/0/0/0,21849:1747647666632:,1747647681403
counter/6/0/0/0,17193:1747647664522:,1747647681403
counter/5/0/0/0,19385:1747647665375:,1747647681403
counter/7/0/0/0,16817:1747647662983:,1747647681403
counter/8/0/0/0,20066:1747647665156:,1747647681403
counter/9/0/0/0,21850:1747647666632:,1747647681403
counter/6/0/0/0,17194:1747647664522:,1747647681403
counter/5/0/0/0,19386:1747647665375:,1747647681403
counter/7/0/0/0,16818:1747647662983:,1747647681403
counter/8/0/0/0,20067:1747647665156:,1747647681403
counter/9/0/0/0,21851:1747647666632:,1747647681403
counter/6/0/0/0,17195:1747647664522:,1747647681403
counter/5/0/0/0,19387:1747647665375:,1747647681403
counter/7/0/0/0,16819:1747647662983:,1747647681403
counter/8/0/0/0,20068:1747647665156:,1747647681403
counter/9/0/0/0,21852:1747647666632:,1747647681403
counter/6/0/0/0,17196:1747647664522:,1747647681403
counter/5/0/0/0,19388:1747647665375:,1747647681403
counter/7/0/0/0,16820:1747647662983:,1747647681403
counter/8/0/0/0,20069:1747647665156:,1747647681403
counter/9/0/0/0,21853:1747647666632:,1747647681403
counter/6/0/0/0,17197:1747647664522:,1747647681403
counter/5/0/0/0,19389:1747647665375:,1747647681403
counter/7/0/0/0,16821:1747647662983:,1747647681403
counter/8/0/0/0,20070:1747647665156:,1747647681403
counter/9/0/0/0,21854:1747647666632:,1747647681403
counter/6/0/0/0,17198:1747647664522:,1747647681403
counter/5/0/0/0,19390:1747647665375:,1747647681403
counter/7/0/0/0,16822:1747647662983:,1747647681403
counter/8/0/0/0,20071:1747647665156:,1747647681403
counter/9/0/0/0,21855:1747647666633:,1747647681403
counter/6/0/0/0,17199:1747647664522:,1747647681403
counter/5/0/0/0,19391:1747647665383:,1747647681404
counter/7/0/0/0,16823:1747647662983:,1747647681404
counter/8/0/0/0,20072:1747647665156:,1747647681404
counter/9/0/0/0,21856:1747647666633:,1747647681404
counter/6/0/0/0,17200:1747647664522:,1747647681404
counter/5/0/0/0,19392:1747647665383:,1747647681404
counter/7/0/0/0,16824:1747647662983:,1747647681404
counter/4/0/0/0,17518:1747647665060:,1747647681404
counter/8/0/0/0,20073:1747647665156:,1747647681404
counter/9/0/0/0,21857:1747647666633:,1747647681404
counter/6/0/0/0,17201:1747647664523:,1747647681404
counter/5/0/0/0,19393:1747647665414:,1747647681404
counter/7/0/0/0,16825:1747647662983:,1747647681404
counter/10/0/0/0,18291:1747647664420:,1747647681404
counter/8/0/0/0,20074:1747647665171:,1747647681404
counter/9/0/0/0,21858:1747647666633:,1747647681404
counter/6/0/0/0,17202:1747647664551:,1747647681404
counter/5/0/0/0,19394:1747647665414:,1747647681404
counter/7/0/0/0,16826:1747647662983:,1747647681404
counter/8/0/0/0,20075:1747647665171:,1747647681404
counter/9/0/0/0,21859:1747647666633:,1747647681404
counter/6/0/0/0,17203:1747647664551:,1747647681404
counter/5/0/0/0,19395:1747647665414:,1747647681404
counter/7/0/0/0,16827:1747647662983:,1747647681404
counter/8/0/0/0,20076:1747647665171:,1747647681404
counter/9/0/0/0,21860:1747647666633:,1747647681404
counter/6/0/0/0,17204:1747647664551:,1747647681404
counter/5/0/0/0,19396:1747647665414:,1747647681404
counter/7/0/0/0,16828:1747647662983:,1747647681404
counter/8/0/0/0,20077:1747647665171:,1747647681404
counter/9/0/0/0,21861:1747647666633:,1747647681404
counter/6/0/0/0,17205:1747647664551:,1747647681404
counter/5/0/0/0,19397:1747647665414:,1747647681404
counter/7/0/0/0,16829:1747647662983:,1747647681405
counter/8/0/0/0,20078:1747647665171:,1747647681405
counter/9/0/0/0,21862:1747647666633:,1747647681405
counter/6/0/0/0,17206:1747647664551:,1747647681405
counter/5/0/0/0,19398:1747647665414:,1747647681405
counter/7/0/0/0,16830:1747647662983:,1747647681405
counter/8/0/0/0,20079:1747647665171:,1747647681405
counter/9/0/0/0,21863:1747647666633:,1747647681405
counter/6/0/0/0,17207:1747647664551:,1747647681405
counter/5/0/0/0,19399:1747647665418:,1747647681405
counter/7/0/0/0,16831:1747647662983:,1747647681405
counter/8/0/0/0,20080:1747647665171:,1747647681405
counter/9/0/0/0,21864:1747647666633:,1747647681405
counter/6/0/0/0,17208:1747647664551:,1747647681405
counter/5/0/0/0,19400:1747647665425:,1747647681405
counter/7/0/0/0,16832:1747647662989:,1747647681405
counter/8/0/0/0,20081:1747647665171:,1747647681405
counter/9/0/0/0,21865:1747647666633:,1747647681405
counter/6/0/0/0,17209:1747647664551:,1747647681405
counter/5/0/0/0,19401:1747647665425:,1747647681405
counter/7/0/0/0,16833:1747647662989:,1747647681405
counter/8/0/0/0,20082:1747647665171:,1747647681405
counter/9/0/0/0,21866:1747647666633:,1747647681405
counter/6/0/0/0,17210:1747647664551:,1747647681405
counter/5/0/0/0,19402:1747647665425:,1747647681405
counter/7/0/0/0,16834:1747647662990:,1747647681405
counter/8/0/0/0,20083:1747647665178:,1747647681405
counter/9/0/0/0,21867:1747647666633:,1747647681405
counter/6/0/0/0,17211:1747647664552:,1747647681405
counter/5/0/0/0,19403:1747647665425:,1747647681405
counter/7/0/0/0,16835:1747647662990:,1747647681405
counter/2/0/0/0,21138:1747647667201:,1747647681405
counter/1/0/0/0,18671:1747647665202:,1747647681405
counter/8/0/0/0,20084:1747647665178:,1747647681405
counter/9/0/0/0,21868:1747647666633:,1747647681405
counter/6/0/0/0,17212:1747647664552:,1747647681405
counter/5/0/0/0,19404:1747647665425:,1747647681405
counter/7/0/0/0,16836:1747647662990:,1747647681405
counter/8/0/0/0,20085:1747647665178:,1747647681405
counter/9/0/0/0,21869:1747647666633:,1747647681405
counter/6/0/0/0,17213:1747647664552:,1747647681405
counter/5/0/0/0,19405:1747647665425:,1747647681405
counter/7/0/0/0,16837:1747647662990:,1747647681405
counter/8/0/0/0,20086:1747647665178:,1747647681406
counter/9/0/0/0,21870:1747647666633:,1747647681406
counter/6/0/0/0,17214:1747647664552:,1747647681406
counter/5/0/0/0,19406:1747647665425:,1747647681406
counter/7/0/0/0,16838:1747647662990:,1747647681406
counter/8/0/0/0,20087:1747647665178:,1747647681406
counter/9/0/0/0,21871:1747647666634:,1747647681406
counter/6/0/0/0,17215:1747647664552:,1747647681406
counter/7/0/0/0,16839:1747647662990:,1747647681406
counter/10/0/0/0,18292:1747647664420:,1747647681406
counter/1/0/0/0,18672:1747647665202:,1747647681406
counter/8/0/0/0,20088:1747647665182:,1747647681406
counter/9/0/0/0,21872:1747647666634:,1747647681406
counter/6/0/0/0,17216:1747647664552:,1747647681406
counter/7/0/0/0,16840:1747647662990:,1747647681406
counter/10/0/0/0,18293:1747647664420:,1747647681406
counter/2/0/0/0,21139:1747647667201:,1747647681406
counter/8/0/0/0,20089:1747647665182:,1747647681406
counter/9/0/0/0,21873:1747647666634:,1747647681406
counter/6/0/0/0,17217:1747647664552:,1747647681406
counter/7/0/0/0,16841:1747647662990:,1747647681406
counter/10/0/0/0,18294:1747647664421:,1747647681406
counter/8/0/0/0,20090:1747647665182:,1747647681406
counter/9/0/0/0,21874:1747647666634:,1747647681406
counter/6/0/0/0,17218:1747647664553:,1747647681406
counter/7/0/0/0,16842:1747647662990:,1747647681406
counter/10/0/0/0,18295:1747647664421:,1747647681406
counter/8/0/0/0,20091:1747647665182:,1747647681406
counter/9/0/0/0,21875:1747647666634:,1747647681406
counter/6/0/0/0,17219:1747647664553:,1747647681406
counter/7/0/0/0,16843:1747647662990:,1747647681406
counter/10/0/0/0,18296:1747647664421:,1747647681406
counter/8/0/0/0,20092:1747647665182:,1747647681406
counter/9/0/0/0,21876:1747647666634:,1747647681406
counter/6/0/0/0,17220:1747647664553:,1747647681406
counter/7/0/0/0,16844:1747647662990:,1747647681406
counter/10/0/0/0,18297:1747647664421:,1747647681406
counter/8/0/0/0,20093:1747647665182:,1747647681406
counter/9/0/0/0,21877:1747647666634:,1747647681406
counter/6/0/0/0,17221:1747647664553:,1747647681406
counter/7/0/0/0,16845:1747647662994:,1747647681406
counter/10/0/0/0,18298:1747647664421:,1747647681406
counter/8/0/0/0,20094:1747647665182:,1747647681407
counter/9/0/0/0,21878:1747647666634:,1747647681407
counter/6/0/0/0,17222:1747647664553:,1747647681407
counter/7/0/0/0,16846:1747647662994:,1747647681407
counter/8/0/0/0,20095:1747647665182:,1747647681407
counter/9/0/0/0,21879:1747647666637:,1747647681407
counter/6/0/0/0,17223:1747647664553:,1747647681407
counter/7/0/0/0,16847:1747647662994:,1747647681407
counter/8/0/0/0,20096:1747647665182:,1747647681407
counter/9/0/0/0,21880:1747647666637:,1747647681407
counter/6/0/0/0,17224:1747647664553:,1747647681407
counter/7/0/0/0,16848:1747647662994:,1747647681407
counter/8/0/0/0,20097:1747647665196:,1747647681407
counter/9/0/0/0,21881:1747647666637:,1747647681407
counter/6/0/0/0,17225:1747647664553:,1747647681407
counter/7/0/0/0,16849:1747647662994:,1747647681407
counter/8/0/0/0,20098:1747647665203:,1747647681407
counter/9/0/0/0,21882:1747647666637:,1747647681407
counter/6/0/0/0,17226:1747647664553:,1747647681407
counter/7/0/0/0,16850:1747647662994:,1747647681407
counter/8/0/0/0,20099:1747647665211:,1747647681407
counter/9/0/0/0,21883:1747647666637:,1747647681407
counter/6/0/0/0,17227:1747647664553:,1747647681407
counter/7/0/0/0,16851:1747647662994:,1747647681407
counter/8/0/0/0,20100:1747647665211:,1747647681407
counter/9/0/0/0,21884:1747647666637:,1747647681407
counter/6/0/0/0,17228:1747647664553:,1747647681407
counter/7/0/0/0,16852:1747647662994:,1747647681407
counter/8/0/0/0,20101:1747647665211:,1747647681407
counter/9/0/0/0,21885:1747647666637:,1747647681407
counter/6/0/0/0,17229:1747647664553:,1747647681407
counter/7/0/0/0,16853:1747647662994:,1747647681407
counter/8/0/0/0,20102:1747647665211:,1747647681407
counter/9/0/0/0,21886:1747647666637:,1747647681407
counter/6/0/0/0,17230:1747647664553:,1747647681407
counter/7/0/0/0,16854:1747647662998:,1747647681407
counter/8/0/0/0,20103:1747647665211:,1747647681407
counter/9/0/0/0,21887:1747647666637:,1747647681407
counter/6/0/0/0,17231:1747647664553:,1747647681407
counter/7/0/0/0,16855:1747647662998:,1747647681407
counter/8/0/0/0,20104:1747647665212:,1747647681407
counter/9/0/0/0,21888:1747647666637:,1747647681407
counter/6/0/0/0,17232:1747647664553:,1747647681407
counter/7/0/0/0,16856:1747647662998:,1747647681407
counter/8/0/0/0,20105:1747647665212:,1747647681407
counter/9/0/0/0,21889:1747647666638:,1747647681408
counter/6/0/0/0,17233:1747647664553:,1747647681408
counter/7/0/0/0,16857:1747647662998:,1747647681408
counter/8/0/0/0,20106:1747647665212:,1747647681408
counter/9/0/0/0,21890:1747647666638:,1747647681408
counter/6/0/0/0,17234:1747647664565:,1747647681408
counter/7/0/0/0,16858:1747647662998:,1747647681408
counter/8/0/0/0,20107:1747647665212:,1747647681408
counter/9/0/0/0,21891:1747647666638:,1747647681408
counter/6/0/0/0,17235:1747647664565:,1747647681408
counter/7/0/0/0,16859:1747647662998:,1747647681408
counter/8/0/0/0,20108:1747647665212:,1747647681408
counter/9/0/0/0,21892:1747647666638:,1747647681408
counter/6/0/0/0,17236:1747647664565:,1747647681408
counter/7/0/0/0,16860:1747647662998:,1747647681408
counter/8/0/0/0,20109:1747647665212:,1747647681408
counter/9/0/0/0,21893:1747647666638:,1747647681408
counter/6/0/0/0,17237:1747647664565:,1747647681408
counter/7/0/0/0,16861:1747647662998:,1747647681408
counter/8/0/0/0,20110:1747647665212:,1747647681408
counter/9/0/0/0,21894:1747647666638:,1747647681408
counter/6/0/0/0,17238:1747647664565:,1747647681408
counter/7/0/0/0,16862:1747647662998:,1747647681408
counter/8/0/0/0,20111:1747647665212:,1747647681408
counter/9/0/0/0,21895:1747647666638:,1747647681408
counter/6/0/0/0,17239:1747647664565:,1747647681408
counter/7/0/0/0,16863:1747647662998:,1747647681408
counter/8/0/0/0,20112:1747647665212:,1747647681408
counter/9/0/0/0,21896:1747647666638:,1747647681408
counter/6/0/0/0,17240:1747647664565:,1747647681408
counter/7/0/0/0,16864:1747647662998:,1747647681408
counter/8/0/0/0,20113:1747647665212:,1747647681408
counter/9/0/0/0,21897:1747647666638:,1747647681408
counter/6/0/0/0,17241:1747647664566:,1747647681408
counter/7/0/0/0,16865:1747647662998:,1747647681408
counter/8/0/0/0,20114:1747647665212:,1747647681408
counter/9/0/0/0,21898:1747647666638:,1747647681408
counter/6/0/0/0,17242:1747647664566:,1747647681408
counter/7/0/0/0,16866:1747647662998:,1747647681408
counter/8/0/0/0,20115:1747647665212:,1747647681408
counter/9/0/0/0,21899:1747647666638:,1747647681408
counter/6/0/0/0,17243:1747647664566:,1747647681408
counter/7/0/0/0,16867:1747647662998:,1747647681409
counter/8/0/0/0,20116:1747647665212:,1747647681409
counter/9/0/0/0,21900:1747647666638:,1747647681409
counter/6/0/0/0,17244:1747647664566:,1747647681409
counter/8/0/0/0,20117:1747647665212:,1747647681409
counter/9/0/0/0,21901:1747647666638:,1747647681409
counter/6/0/0/0,17245:1747647664566:,1747647681409
counter/8/0/0/0,20118:1747647665212:,1747647681409
counter/9/0/0/0,21902:1747647666638:,1747647681409
counter/6/0/0/0,17246:1747647664566:,1747647681409
counter/8/0/0/0,20119:1747647665212:,1747647681409
counter/9/0/0/0,21903:1747647666638:,1747647681409
counter/6/0/0/0,17247:1747647664566:,1747647681409
counter/8/0/0/0,20120:1747647665212:,1747647681409
counter/9/0/0/0,21904:1747647666638:,1747647681409
counter/6/0/0/0,17248:1747647664567:,1747647681409
counter/8/0/0/0,20121:1747647665212:,1747647681409
counter/9/0/0/0,21905:1747647666638:,1747647681409
counter/6/0/0/0,17249:1747647664567:,1747647681409
counter/8/0/0/0,20122:1747647665212:,1747647681409
counter/9/0/0/0,21906:1747647666639:,1747647681409
counter/6/0/0/0,17250:1747647664567:,1747647681409
counter/8/0/0/0,20123:1747647665212:,1747647681409
counter/9/0/0/0,21907:1747647666639:,1747647681409
counter/6/0/0/0,17251:1747647664567:,1747647681409
counter/8/0/0/0,20124:1747647665218:,1747647681409
counter/9/0/0/0,21908:1747647666639:,1747647681409
counter/6/0/0/0,17252:1747647664567:,1747647681409
counter/8/0/0/0,20125:1747647665218:,1747647681409
counter/9/0/0/0,21909:1747647666639:,1747647681409
counter/6/0/0/0,17253:1747647664567:,1747647681409
counter/8/0/0/0,20126:1747647665218:,1747647681409
counter/9/0/0/0,21910:1747647666639:,1747647681409
counter/6/0/0/0,17254:1747647664567:,1747647681409
counter/8/0/0/0,20127:1747647665218:,1747647681409
counter/9/0/0/0,21911:1747647666639:,1747647681409
counter/6/0/0/0,17255:1747647664567:,1747647681409
counter/8/0/0/0,20128:1747647665218:,1747647681409
counter/9/0/0/0,21912:1747647666640:,1747647681409
counter/6/0/0/0,17256:1747647664567:,1747647681409
counter/7/0/0/0,16868:1747647662998:,1747647681409
counter/8/0/0/0,20129:1747647665218:,1747647681409
counter/9/0/0/0,21913:1747647666640:,1747647681409
counter/6/0/0/0,17257:1747647664567:,1747647681410
counter/8/0/0/0,20130:1747647665218:,1747647681410
counter/9/0/0/0,21914:1747647666640:,1747647681410
counter/6/0/0/0,17258:1747647664567:,1747647681410
counter/8/0/0/0,20131:1747647665218:,1747647681410
counter/9/0/0/0,21915:1747647666640:,1747647681410
counter/6/0/0/0,17259:1747647664567:,1747647681410
counter/8/0/0/0,20132:1747647665218:,1747647681410
counter/9/0/0/0,21916:1747647666640:,1747647681410
counter/6/0/0/0,17260:1747647664567:,1747647681410
counter/7/0/0/0,16869:1747647662998:,1747647681410
counter/8/0/0/0,20133:1747647665218:,1747647681410
counter/9/0/0/0,21917:1747647666640:,1747647681410
counter/6/0/0/0,17261:1747647664567:,1747647681410
counter/8/0/0/0,20134:1747647665218:,1747647681410
counter/9/0/0/0,21918:1747647666641:,1747647681410
counter/6/0/0/0,17262:1747647664567:,1747647681410
counter/8/0/0/0,20135:1747647665218:,1747647681410
counter/9/0/0/0,21919:1747647666641:,1747647681410
counter/6/0/0/0,17263:1747647664575:,1747647681410
counter/8/0/0/0,20136:1747647665218:,1747647681410
counter/9/0/0/0,21920:1747647666641:,1747647681410
counter/6/0/0/0,17264:1747647664576:,1747647681410
counter/8/0/0/0,20137:1747647665218:,1747647681410
counter/9/0/0/0,21921:1747647666641:,1747647681410
counter/6/0/0/0,17265:1747647664576:,1747647681410
counter/8/0/0/0,20138:1747647665218:,1747647681410
counter/9/0/0/0,21922:1747647666641:,1747647681410
counter/6/0/0/0,17266:1747647664576:,1747647681410
counter/8/0/0/0,20139:1747647665218:,1747647681410
counter/9/0/0/0,21923:1747647666641:,1747647681410
counter/6/0/0/0,17267:1747647664576:,1747647681410
counter/8/0/0/0,20140:1747647665218:,1747647681410
counter/9/0/0/0,21924:1747647666643:,1747647681410
counter/6/0/0/0,17268:1747647664577:,1747647681410
counter/8/0/0/0,20141:1747647665218:,1747647681410
counter/9/0/0/0,21925:1747647666643:,1747647681410
counter/6/0/0/0,17269:1747647664589:,1747647681410
counter/8/0/0/0,20142:1747647665221:,1747647681410
counter/9/0/0/0,21926:1747647666643:,1747647681410
counter/6/0/0/0,17270:1747647664589:,1747647681410
counter/8/0/0/0,20143:1747647665221:,1747647681410
counter/9/0/0/0,21927:1747647666643:,1747647681411
counter/6/0/0/0,17271:1747647664615:,1747647681411
counter/8/0/0/0,20144:1747647665221:,1747647681411
counter/9/0/0/0,21928:1747647666643:,1747647681411
counter/6/0/0/0,17272:1747647664622:,1747647681411
counter/8/0/0/0,20145:1747647665221:,1747647681411
counter/9/0/0/0,21929:1747647666643:,1747647681411
counter/6/0/0/0,17273:1747647664622:,1747647681411
counter/8/0/0/0,20146:1747647665229:,1747647681411
counter/9/0/0/0,21930:1747647666643:,1747647681411
counter/6/0/0/0,17274:1747647664622:,1747647681411
counter/8/0/0/0,20147:1747647665230:,1747647681411
counter/9/0/0/0,21931:1747647666644:,1747647681411
counter/6/0/0/0,17275:1747647664622:,1747647681411
counter/8/0/0/0,20148:1747647665230:,1747647681411
counter/9/0/0/0,21932:1747647666644:,1747647681411
counter/6/0/0/0,17276:1747647664622:,1747647681411
counter/8/0/0/0,20149:1747647665230:,1747647681411
counter/9/0/0/0,21933:1747647666644:,1747647681411
counter/6/0/0/0,17277:1747647664622:,1747647681411
counter/8/0/0/0,20150:1747647665230:,1747647681411
counter/9/0/0/0,21934:1747647666647:,1747647681411
counter/6/0/0/0,17278:1747647664622:,1747647681411
counter/8/0/0/0,20151:1747647665230:,1747647681411
counter/9/0/0/0,21935:1747647666647:,1747647681411
counter/6/0/0/0,17279:1747647664622:,1747647681411
counter/8/0/0/0,20152:1747647665230:,1747647681411
counter/9/0/0/0,21936:1747647666647:,1747647681411
counter/6/0/0/0,17280:1747647664622:,1747647681411
counter/8/0/0/0,20153:1747647665231:,1747647681411
counter/9/0/0/0,21937:1747647666647:,1747647681411
counter/6/0/0/0,17281:1747647664622:,1747647681411
counter/8/0/0/0,20154:1747647665231:,1747647681411
counter/9/0/0/0,21938:1747647666647:,1747647681411
counter/6/0/0/0,17282:1747647664622:,1747647681411
counter/8/0/0/0,20155:1747647665231:,1747647681411
counter/9/0/0/0,21939:1747647666647:,1747647681411
counter/6/0/0/0,17283:1747647664622:,1747647681411
counter/8/0/0/0,20156:1747647665231:,1747647681412
counter/9/0/0/0,21940:1747647666647:,1747647681412
counter/6/0/0/0,17284:1747647664622:,1747647681412
counter/8/0/0/0,20157:1747647665235:,1747647681412
counter/9/0/0/0,21941:1747647666647:,1747647681412
counter/6/0/0/0,17285:1747647664622:,1747647681412
counter/8/0/0/0,20158:1747647665235:,1747647681412
counter/9/0/0/0,21942:1747647666647:,1747647681412
counter/6/0/0/0,17286:1747647664622:,1747647681412
counter/8/0/0/0,20159:1747647665235:,1747647681412
counter/9/0/0/0,21943:1747647666647:,1747647681412
counter/6/0/0/0,17287:1747647664623:,1747647681412
counter/8/0/0/0,20160:1747647665235:,1747647681412
counter/9/0/0/0,21944:1747647666647:,1747647681412
counter/6/0/0/0,17288:1747647664628:,1747647681412
counter/8/0/0/0,20161:1747647665235:,1747647681412
counter/9/0/0/0,21945:1747647666647:,1747647681412
counter/6/0/0/0,17289:1747647664629:,1747647681412
counter/8/0/0/0,20162:1747647665235:,1747647681412
counter/9/0/0/0,21946:1747647666647:,1747647681412
counter/6/0/0/0,17290:1747647664629:,1747647681412
counter/8/0/0/0,20163:1747647665235:,1747647681412
counter/9/0/0/0,21947:1747647666648:,1747647681412
counter/6/0/0/0,17291:1747647664629:,1747647681412
counter/8/0/0/0,20164:1747647665235:,1747647681412
counter/9/0/0/0,21948:1747647666648:,1747647681412
counter/6/0/0/0,17292:1747647664629:,1747647681412
counter/8/0/0/0,20165:1747647665235:,1747647681412
counter/9/0/0/0,21949:1747647666648:,1747647681412
counter/6/0/0/0,17293:1747647664629:,1747647681412
counter/8/0/0/0,20166:1747647665235:,1747647681412
counter/9/0/0/0,21950:1747647666648:,1747647681412
counter/6/0/0/0,17294:1747647664629:,1747647681412
counter/8/0/0/0,20167:1747647665235:,1747647681412
counter/9/0/0/0,21951:1747647666650:,1747647681412
counter/6/0/0/0,17295:1747647664629:,1747647681412
counter/8/0/0/0,20168:1747647665235:,1747647681412
counter/9/0/0/0,21952:1747647666650:,1747647681412
counter/6/0/0/0,17296:1747647664629:,1747647681412
counter/8/0/0/0,20169:1747647665235:,1747647681412
counter/9/0/0/0,21953:1747647666650:,1747647681412
counter/6/0/0/0,17297:1747647664629:,1747647681412
counter/8/0/0/0,20170:1747647665235:,1747647681412
counter/9/0/0/0,21954:1747647666650:,1747647681413
counter/6/0/0/0,17298:1747647664629:,1747647681413
counter/8/0/0/0,20171:1747647665235:,1747647681413
counter/9/0/0/0,21955:1747647666650:,1747647681413
counter/6/0/0/0,17299:1747647664629:,1747647681413
counter/8/0/0/0,20172:1747647665235:,1747647681413
counter/9/0/0/0,21956:1747647666650:,1747647681413
counter/6/0/0/0,17300:1747647664629:,1747647681413
counter/8/0/0/0,20173:1747647665237:,1747647681413
counter/9/0/0/0,21957:1747647666651:,1747647681413
counter/6/0/0/0,17301:1747647664629:,1747647681413
counter/8/0/0/0,20174:1747647665239:,1747647681413
counter/9/0/0/0,21958:1747647666652:,1747647681413
counter/6/0/0/0,17302:1747647664629:,1747647681413
counter/8/0/0/0,20175:1747647665239:,1747647681413
counter/9/0/0/0,21959:1747647666652:,1747647681413
counter/6/0/0/0,17303:1747647664629:,1747647681413
counter/8/0/0/0,20176:1747647665239:,1747647681413
counter/9/0/0/0,21960:1747647666652:,1747647681413
counter/6/0/0/0,17304:1747647664629:,1747647681413
counter/8/0/0/0,20177:1747647665239:,1747647681413
counter/9/0/0/0,21961:1747647666652:,1747647681413
counter/6/0/0/0,17305:1747647664630:,1747647681413
counter/8/0/0/0,20178:1747647665239:,1747647681413
counter/9/0/0/0,21962:1747647666652:,1747647681413
counter/6/0/0/0,17306:1747647664630:,1747647681413
counter/8/0/0/0,20179:1747647665239:,1747647681413
counter/9/0/0/0,21963:1747647666652:,1747647681413
counter/6/0/0/0,17307:1747647664630:,1747647681413
counter/8/0/0/0,20180:1747647665239:,1747647681413
counter/9/0/0/0,21964:1747647666652:,1747647681413
counter/6/0/0/0,17308:1747647664630:,1747647681413
counter/8/0/0/0,20181:1747647665239:,1747647681413
counter/9/0/0/0,21965:1747647666652:,1747647681413
counter/6/0/0/0,17309:1747647664630:,1747647681413
counter/8/0/0/0,20182:1747647665239:,1747647681414
counter/9/0/0/0,21966:1747647666652:,1747647681414
counter/6/0/0/0,17310:1747647664630:,1747647681414
counter/8/0/0/0,20183:1747647665239:,1747647681414
counter/9/0/0/0,21967:1747647666652:,1747647681414
counter/6/0/0/0,17311:1747647664630:,1747647681414
counter/8/0/0/0,20184:1747647665239:,1747647681414
counter/9/0/0/0,21968:1747647666652:,1747647681414
counter/6/0/0/0,17312:1747647664630:,1747647681414
counter/8/0/0/0,20185:1747647665239:,1747647681414
counter/9/0/0/0,21969:1747647666652:,1747647681414
counter/6/0/0/0,17313:1747647664630:,1747647681414
counter/8/0/0/0,20186:1747647665239:,1747647681414
counter/9/0/0/0,21970:1747647666652:,1747647681414
counter/6/0/0/0,17314:1747647664630:,1747647681414
counter/8/0/0/0,20187:1747647665240:,1747647681414
counter/9/0/0/0,21971:1747647666652:,1747647681414
counter/6/0/0/0,17315:1747647664630:,1747647681414
counter/8/0/0/0,20188:1747647665240:,1747647681414
counter/9/0/0/0,21972:1747647666652:,1747647681414
counter/6/0/0/0,17316:1747647664631:,1747647681414
counter/8/0/0/0,20189:1747647665240:,1747647681414
counter/9/0/0/0,21973:1747647666653:,1747647681414
counter/6/0/0/0,17317:1747647664631:,1747647681414
counter/8/0/0/0,20190:1747647665240:,1747647681414
counter/9/0/0/0,21974:1747647666653:,1747647681414
counter/6/0/0/0,17318:1747647664631:,1747647681414
counter/8/0/0/0,20191:1747647665240:,1747647681414
counter/9/0/0/0,21975:1747647666653:,1747647681414
counter/6/0/0/0,17319:1747647664638:,1747647681414
counter/8/0/0/0,20192:1747647665240:,1747647681414
counter/9/0/0/0,21976:1747647666653:,1747647681414
counter/6/0/0/0,17320:1747647664638:,1747647681414
counter/8/0/0/0,20193:1747647665240:,1747647681414
counter/9/0/0/0,21977:1747647666653:,1747647681414
counter/6/0/0/0,17321:1747647664638:,1747647681414
counter/8/0/0/0,20194:1747647665240:,1747647681414
counter/9/0/0/0,21978:1747647666653:,1747647681414
counter/6/0/0/0,17322:1747647664638:,1747647681414
counter/8/0/0/0,20195:1747647665240:,1747647681414
counter/9/0/0/0,21979:1747647666653:,1747647681414
counter/6/0/0/0,17323:1747647664638:,1747647681415
counter/8/0/0/0,20196:1747647665240:,1747647681415
counter/9/0/0/0,21980:1747647666653:,1747647681415
counter/6/0/0/0,17324:1747647664638:,1747647681415
counter/8/0/0/0,20197:1747647665240:,1747647681415
counter/9/0/0/0,21981:1747647666653:,1747647681415
counter/6/0/0/0,17325:1747647664638:,1747647681415
counter/8/0/0/0,20198:1747647665240:,1747647681415
counter/9/0/0/0,21982:1747647666653:,1747647681415
counter/6/0/0/0,17326:1747647664638:,1747647681415
counter/8/0/0/0,20199:1747647665240:,1747647681415
counter/9/0/0/0,21983:1747647666653:,1747647681415
counter/6/0/0/0,17327:1747647664638:,1747647681415
counter/8/0/0/0,20200:1747647665241:,1747647681415
counter/9/0/0/0,21984:1747647666656:,1747647681415
counter/6/0/0/0,17328:1747647664638:,1747647681415
counter/8/0/0/0,20201:1747647665241:,1747647681415
counter/9/0/0/0,21985:1747647666656:,1747647681415
counter/6/0/0/0,17329:1747647664638:,1747647681415
counter/8/0/0/0,20202:1747647665243:,1747647681415
counter/9/0/0/0,21986:1747647666656:,1747647681415
counter/6/0/0/0,17330:1747647664638:,1747647681415
counter/8/0/0/0,20203:1747647665243:,1747647681415
counter/9/0/0/0,21987:1747647666662:,1747647681415
counter/6/0/0/0,17331:1747647664638:,1747647681415
counter/8/0/0/0,20204:1747647665243:,1747647681415
counter/9/0/0/0,21988:1747647666662:,1747647681415
counter/6/0/0/0,17332:1747647664639:,1747647681415
counter/8/0/0/0,20205:1747647665243:,1747647681415
counter/9/0/0/0,21989:1747647666662:,1747647681415
counter/6/0/0/0,17333:1747647664640:,1747647681415
counter/8/0/0/0,20206:1747647665250:,1747647681415
counter/9/0/0/0,21990:1747647666662:,1747647681415
counter/6/0/0/0,17334:1747647664642:,1747647681415
counter/8/0/0/0,20207:1747647665250:,1747647681415
counter/9/0/0/0,21991:1747647666662:,1747647681415
counter/6/0/0/0,17335:1747647664642:,1747647681415
counter/8/0/0/0,20208:1747647665250:,1747647681415
counter/9/0/0/0,21992:1747647666662:,1747647681415
counter/6/0/0/0,17336:1747647664642:,1747647681415
counter/8/0/0/0,20209:1747647665250:,1747647681415
counter/9/0/0/0,21993:1747647666662:,1747647681415
counter/6/0/0/0,17337:1747647664642:,1747647681415
counter/8/0/0/0,20210:1747647665250:,1747647681415
counter/9/0/0/0,21994:1747647666662:,1747647681415
counter/6/0/0/0,17338:1747647664642:,1747647681416
counter/8/0/0/0,20211:1747647665266:,1747647681416
counter/9/0/0/0,21995:1747647666669:,1747647681416
counter/6/0/0/0,17339:1747647664642:,1747647681416
counter/8/0/0/0,20212:1747647665266:,1747647681416
counter/9/0/0/0,21996:1747647666669:,1747647681416
counter/6/0/0/0,17340:1747647664642:,1747647681416
counter/8/0/0/0,20213:1747647665266:,1747647681416
counter/9/0/0/0,21997:1747647666669:,1747647681416
counter/6/0/0/0,17341:1747647664642:,1747647681416
counter/8/0/0/0,20214:1747647665266:,1747647681416
counter/9/0/0/0,21998:1747647666669:,1747647681416
counter/6/0/0/0,17342:1747647664642:,1747647681416
counter/8/0/0/0,20215:1747647665267:,1747647681416
counter/9/0/0/0,21999:1747647666672:,1747647681416
counter/6/0/0/0,17343:1747647664642:,1747647681416
counter/7/0/0/0,16870:1747647662998:,1747647681416
counter/8/0/0/0,20216:1747647665267:,1747647681416
counter/9/0/0/0,22000:1747647666673:,1747647681416
counter/6/0/0/0,17344:1747647664642:,1747647681416
counter/5/0/0/0,19407:1747647665425:,1747647681416
counter/8/0/0/0,20217:1747647665267:,1747647681416
counter/9/0/0/0,22001:1747647666673:,1747647681416
counter/6/0/0/0,17345:1747647664643:,1747647681416
counter/10/0/0/0,18299:1747647664421:,1747647681416
counter/8/0/0/0,20218:1747647665267:,1747647681416
counter/9/0/0/0,22002:1747647666673:,1747647681416
counter/6/0/0/0,17346:1747647664643:,1747647681416
counter/8/0/0/0,20219:1747647665267:,1747647681416
counter/9/0/0/0,22003:1747647666673:,1747647681416
counter/6/0/0/0,17347:1747647664644:,1747647681416
counter/10/0/0/0,18300:1747647664421:,1747647681416
counter/5/0/0/0,19408:1747647665425:,1747647681416
counter/8/0/0/0,20220:1747647665267:,1747647681416
counter/9/0/0/0,22004:1747647666674:,1747647681416
counter/6/0/0/0,17348:1747647664644:,1747647681416
counter/10/0/0/0,18301:1747647664421:,1747647681416
counter/8/0/0/0,20221:1747647665267:,1747647681416
counter/9/0/0/0,22005:1747647666674:,1747647681416
counter/6/0/0/0,17349:1747647664644:,1747647681416
counter/10/0/0/0,18302:1747647664427:,1747647681416
counter/8/0/0/0,20222:1747647665267:,1747647681416
counter/9/0/0/0,22006:1747647666674:,1747647681416
counter/6/0/0/0,17350:1747647664644:,1747647681416
counter/10/0/0/0,18303:1747647664428:,1747647681417
counter/8/0/0/0,20223:1747647665269:,1747647681417
counter/9/0/0/0,22007:1747647666674:,1747647681417
counter/6/0/0/0,17351:1747647664644:,1747647681417
counter/10/0/0/0,18304:1747647664428:,1747647681417
counter/8/0/0/0,20224:1747647665274:,1747647681417
counter/9/0/0/0,22008:1747647666674:,1747647681417
counter/6/0/0/0,17352:1747647664644:,1747647681417
counter/10/0/0/0,18305:1747647664428:,1747647681417
counter/8/0/0/0,20225:1747647665274:,1747647681417
counter/9/0/0/0,22009:1747647666674:,1747647681417
counter/6/0/0/0,17353:1747647664644:,1747647681417
counter/10/0/0/0,18306:1747647664428:,1747647681417
counter/8/0/0/0,20226:1747647665274:,1747647681417
counter/9/0/0/0,22010:1747647666674:,1747647681417
counter/6/0/0/0,17354:1747647664644:,1747647681417
counter/8/0/0/0,20227:1747647665274:,1747647681417
counter/9/0/0/0,22011:1747647666674:,1747647681417
counter/6/0/0/0,17355:1747647664644:,1747647681417
counter/8/0/0/0,20228:1747647665274:,1747647681417
counter/9/0/0/0,22012:1747647666674:,1747647681417
counter/6/0/0/0,17356:1747647664644:,1747647681417
counter/8/0/0/0,20229:1747647665274:,1747647681417
counter/9/0/0/0,22013:1747647666674:,1747647681417
counter/6/0/0/0,17357:1747647664646:,1747647681417
counter/8/0/0/0,20230:1747647665274:,1747647681417
counter/9/0/0/0,22014:1747647666674:,1747647681417
counter/6/0/0/0,17358:1747647664646:,1747647681417
counter/8/0/0/0,20231:1747647665274:,1747647681417
counter/9/0/0/0,22015:1747647666674:,1747647681417
counter/6/0/0/0,17359:1747647664646:,1747647681417
counter/8/0/0/0,20232:1747647665274:,1747647681417
counter/9/0/0/0,22016:1747647666674:,1747647681417
counter/6/0/0/0,17360:1747647664646:,1747647681417
counter/8/0/0/0,20233:1747647665274:,1747647681417
counter/9/0/0/0,22017:1747647666674:,1747647681417
counter/6/0/0/0,17361:1747647664646:,1747647681417
counter/8/0/0/0,20234:1747647665275:,1747647681417
counter/9/0/0/0,22018:1747647666674:,1747647681417
counter/6/0/0/0,17362:1747647664646:,1747647681417
counter/8/0/0/0,20235:1747647665281:,1747647681417
counter/9/0/0/0,22019:1747647666674:,1747647681417
counter/6/0/0/0,17363:1747647664646:,1747647681417
counter/8/0/0/0,20236:1747647665281:,1747647681417
counter/9/0/0/0,22020:1747647666674:,1747647681417
counter/6/0/0/0,17364:1747647664646:,1747647681418
counter/8/0/0/0,20237:1747647665281:,1747647681418
counter/9/0/0/0,22021:1747647666674:,1747647681418
counter/6/0/0/0,17365:1747647664646:,1747647681418
counter/8/0/0/0,20238:1747647665281:,1747647681418
counter/9/0/0/0,22022:1747647666674:,1747647681418
counter/6/0/0/0,17366:1747647664646:,1747647681418
counter/4/0/0/0,17519:1747647665060:,1747647681418
counter/3/0/0/0,17837:1747647664704:,1747647681418
counter/8/0/0/0,20239:1747647665281:,1747647681418
counter/9/0/0/0,22023:1747647666674:,1747647681418
counter/6/0/0/0,17367:1747647664646:,1747647681418
counter/8/0/0/0,20240:1747647665281:,1747647681418
counter/9/0/0/0,22024:1747647666674:,1747647681418
counter/6/0/0/0,17368:1747647664648:,1747647681418
counter/8/0/0/0,20241:1747647665281:,1747647681418
counter/9/0/0/0,22025:1747647666675:,1747647681418
counter/6/0/0/0,17369:1747647664648:,1747647681418
counter/8/0/0/0,20242:1747647665281:,1747647681418
counter/9/0/0/0,22026:1747647666676:,1747647681418
counter/6/0/0/0,17370:1747647664648:,1747647681418
counter/8/0/0/0,20243:1747647665284:,1747647681418
counter/9/0/0/0,22027:1747647666676:,1747647681418
counter/6/0/0/0,17371:1747647664648:,1747647681418
counter/1/0/0/0,18673:1747647665202:,1747647681418
counter/8/0/0/0,20244:1747647665285:,1747647681418
counter/9/0/0/0,22028:1747647666676:,1747647681418
counter/6/0/0/0,17372:1747647664648:,1747647681418
counter/7/0/0/0,16871:1747647662998:,1747647681418
counter/10/0/0/0,18307:1747647664428:,1747647681418
counter/8/0/0/0,20245:1747647665285:,1747647681418
counter/9/0/0/0,22029:1747647666676:,1747647681419
counter/6/0/0/0,17373:1747647664648:,1747647681419
counter/8/0/0/0,20246:1747647665286:,1747647681419
counter/9/0/0/0,22030:1747647666676:,1747647681419
counter/6/0/0/0,17374:1747647664649:,1747647681419
counter/8/0/0/0,20247:1747647665286:,1747647681419
counter/9/0/0/0,22031:1747647666676:,1747647681419
counter/6/0/0/0,17375:1747647664649:,1747647681419
counter/7/0/0/0,16872:1747647662998:,1747647681419
counter/10/0/0/0,18308:1747647664428:,1747647681419
counter/8/0/0/0,20248:1747647665286:,1747647681419
counter/9/0/0/0,22032:1747647666676:,1747647681419
counter/6/0/0/0,17376:1747647664649:,1747647681419
counter/8/0/0/0,20249:1747647665286:,1747647681419
counter/9/0/0/0,22033:1747647666676:,1747647681419
counter/6/0/0/0,17377:1747647664649:,1747647681419
counter/8/0/0/0,20250:1747647665286:,1747647681419
counter/9/0/0/0,22034:1747647666676:,1747647681419
counter/6/0/0/0,17378:1747647664649:,1747647681419
counter/8/0/0/0,20251:1747647665286:,1747647681419
counter/9/0/0/0,22035:1747647666676:,1747647681419
counter/6/0/0/0,17379:1747647664653:,1747647681419
counter/8/0/0/0,20252:1747647665286:,1747647681419
counter/9/0/0/0,22036:1747647666676:,1747647681419
counter/6/0/0/0,17380:1747647664653:,1747647681419
counter/8/0/0/0,20253:1747647665286:,1747647681419
counter/9/0/0/0,22037:1747647666676:,1747647681419
counter/6/0/0/0,17381:1747647664653:,1747647681419
counter/8/0/0/0,20254:1747647665287:,1747647681419
counter/9/0/0/0,22038:1747647666685:,1747647681419
counter/6/0/0/0,17382:1747647664653:,1747647681419
counter/8/0/0/0,20255:1747647665287:,1747647681419
counter/9/0/0/0,22039:1747647666685:,1747647681419
counter/6/0/0/0,17383:1747647664656:,1747647681419
counter/8/0/0/0,20256:1747647665287:,1747647681420
counter/9/0/0/0,22040:1747647666685:,1747647681420
counter/6/0/0/0,17384:1747647664656:,1747647681420
counter/8/0/0/0,20257:1747647665287:,1747647681420
counter/9/0/0/0,22041:1747647666686:,1747647681420
counter/6/0/0/0,17385:1747647664656:,1747647681420
counter/8/0/0/0,20258:1747647665287:,1747647681420
counter/9/0/0/0,22042:1747647666687:,1747647681420
counter/6/0/0/0,17386:1747647664656:,1747647681420
counter/8/0/0/0,20259:1747647665287:,1747647681420
counter/9/0/0/0,22043:1747647666687:,1747647681420
counter/6/0/0/0,17387:1747647664657:,1747647681420
counter/8/0/0/0,20260:1747647665287:,1747647681420
counter/9/0/0/0,22044:1747647666687:,1747647681420
counter/6/0/0/0,17388:1747647664657:,1747647681420
counter/8/0/0/0,20261:1747647665287:,1747647681420
counter/9/0/0/0,22045:1747647666687:,1747647681420
counter/6/0/0/0,17389:1747647664658:,1747647681420
counter/8/0/0/0,20262:1747647665287:,1747647681420
counter/9/0/0/0,22046:1747647666687:,1747647681420
counter/6/0/0/0,17390:1747647664658:,1747647681420
counter/8/0/0/0,20263:1747647665287:,1747647681420
counter/9/0/0/0,22047:1747647666687:,1747647681420
counter/6/0/0/0,17391:1747647664660:,1747647681420
counter/8/0/0/0,20264:1747647665287:,1747647681420
counter/9/0/0/0,22048:1747647666687:,1747647681420
counter/6/0/0/0,17392:1747647664660:,1747647681420
counter/3/0/0/0,17838:1747647664704:,1747647681420
counter/8/0/0/0,20265:1747647665287:,1747647681420
counter/9/0/0/0,22049:1747647666687:,1747647681420
counter/6/0/0/0,17393:1747647664660:,1747647681420
counter/7/0/0/0,16873:1747647662999:,1747647681420
counter/8/0/0/0,20266:1747647665288:,1747647681420
counter/9/0/0/0,22050:1747647666687:,1747647681420
counter/6/0/0/0,17394:1747647664660:,1747647681420
counter/3/0/0/0,17839:1747647664704:,1747647681420
counter/8/0/0/0,20267:1747647665288:,1747647681420
counter/9/0/0/0,22051:1747647666687:,1747647681420
counter/6/0/0/0,17395:1747647664660:,1747647681420
counter/8/0/0/0,20268:1747647665288:,1747647681420
counter/9/0/0/0,22052:1747647666687:,1747647681420
counter/6/0/0/0,17396:1747647664660:,1747647681420
counter/2/0/0/0,21140:1747647667203:,1747647681420
counter/8/0/0/0,20269:1747647665288:,1747647681420
counter/9/0/0/0,22053:1747647666694:,1747647681420
counter/6/0/0/0,17397:1747647664660:,1747647681420
counter/2/0/0/0,21141:1747647667203:,1747647681420
counter/1/0/0/0,18674:1747647665202:,1747647681420
counter/7/0/0/0,16874:1747647662999:,1747647681421
counter/8/0/0/0,20270:1747647665288:,1747647681421
counter/9/0/0/0,22054:1747647666694:,1747647681421
counter/6/0/0/0,17398:1747647664660:,1747647681421
counter/7/0/0/0,16875:1747647663004:,1747647681421
counter/8/0/0/0,20271:1747647665288:,1747647681421
counter/9/0/0/0,22055:1747647666700:,1747647681421
counter/6/0/0/0,17399:1747647664660:,1747647681421
counter/7/0/0/0,16876:1747647663005:,1747647681421
counter/2/0/0/0,21142:1747647667203:,1747647681421
counter/1/0/0/0,18675:1747647665202:,1747647681421
counter/8/0/0/0,20272:1747647665288:,1747647681421
counter/9/0/0/0,22056:1747647666700:,1747647681421
counter/6/0/0/0,17400:1747647664661:,1747647681421
counter/7/0/0/0,16877:1747647663005:,1747647681421
counter/10/0/0/0,18309:1747647664428:,1747647681421
counter/8/0/0/0,20273:1747647665288:,1747647681421
counter/9/0/0/0,22057:1747647666700:,1747647681421
counter/7/0/0/0,16878:1747647663005:,1747647681421
counter/8/0/0/0,20274:1747647665288:,1747647681421
counter/9/0/0/0,22058:1747647666700:,1747647681421
counter/7/0/0/0,16879:1747647663005:,1747647681421
counter/8/0/0/0,20275:1747647665293:,1747647681421
counter/9/0/0/0,22059:1747647666700:,1747647681421
counter/7/0/0/0,16880:1747647663021:,1747647681421
counter/8/0/0/0,20276:1747647665293:,1747647681421
counter/9/0/0/0,22060:1747647666700:,1747647681421
counter/7/0/0/0,16881:1747647663022:,1747647681421
counter/8/0/0/0,20277:1747647665293:,1747647681421
counter/9/0/0/0,22061:1747647666700:,1747647681421
counter/8/0/0/0,20278:1747647665293:,1747647681421
counter/9/0/0/0,22062:1747647666703:,1747647681421
counter/8/0/0/0,20279:1747647665293:,1747647681421
counter/9/0/0/0,22063:1747647666703:,1747647681421
counter/8/0/0/0,20280:1747647665293:,1747647681421
counter/9/0/0/0,22064:1747647666704:,1747647681421
counter/8/0/0/0,20281:1747647665293:,1747647681421
counter/9/0/0/0,22065:1747647666704:,1747647681421
counter/8/0/0/0,20282:1747647665293:,1747647681421
counter/9/0/0/0,22066:1747647666704:,1747647681421
counter/8/0/0/0,20283:1747647665293:,1747647681421
counter/9/0/0/0,22067:1747647666704:,1747647681422
counter/8/0/0/0,20284:1747647665293:,1747647681422
counter/9/0/0/0,22068:1747647666704:,1747647681422
counter/8/0/0/0,20285:1747647665293:,1747647681422
counter/9/0/0/0,22069:1747647666704:,1747647681422
counter/8/0/0/0,20286:1747647665293:,1747647681422
counter/9/0/0/0,22070:1747647666704:,1747647681422
counter/8/0/0/0,20287:1747647665293:,1747647681422
counter/9/0/0/0,22071:1747647666704:,1747647681422
counter/8/0/0/0,20288:1747647665294:,1747647681422
counter/9/0/0/0,22072:1747647666704:,1747647681422
counter/8/0/0/0,20289:1747647665294:,1747647681422
counter/9/0/0/0,22073:1747647666710:,1747647681422
counter/8/0/0/0,20290:1747647665294:,1747647681422
counter/9/0/0/0,22074:1747647666710:,1747647681422
counter/8/0/0/0,20291:1747647665307:,1747647681422
counter/9/0/0/0,22075:1747647666710:,1747647681422
counter/8/0/0/0,20292:1747647665307:,1747647681422
counter/9/0/0/0,22076:1747647666710:,1747647681422
counter/8/0/0/0,20293:1747647665307:,1747647681422
counter/9/0/0/0,22077:1747647666710:,1747647681422
counter/8/0/0/0,20294:1747647665307:,1747647681422
counter/9/0/0/0,22078:1747647666710:,1747647681422
counter/8/0/0/0,20295:1747647665307:,1747647681422
counter/9/0/0/0,22079:1747647666710:,1747647681422
counter/8/0/0/0,20296:1747647665307:,1747647681422
counter/9/0/0/0,22080:1747647666711:,1747647681422
counter/8/0/0/0,20297:1747647665307:,1747647681422
counter/9/0/0/0,22081:1747647666711:,1747647681422
counter/8/0/0/0,20298:1747647665307:,1747647681422
counter/9/0/0/0,22082:1747647666711:,1747647681422
counter/8/0/0/0,20299:1747647665307:,1747647681422
counter/9/0/0/0,22083:1747647666711:,1747647681422
counter/8/0/0/0,20300:1747647665307:,1747647681422
counter/9/0/0/0,22084:1747647666711:,1747647681422
counter/8/0/0/0,20301:1747647665307:,1747647681422
counter/9/0/0/0,22085:1747647666711:,1747647681422
counter/8/0/0/0,20302:1747647665307:,1747647681422
counter/9/0/0/0,22086:1747647666711:,1747647681422
counter/8/0/0/0,20303:1747647665307:,1747647681422
counter/9/0/0/0,22087:1747647666711:,1747647681422
counter/8/0/0/0,20304:1747647665316:,1747647681422
counter/9/0/0/0,22088:1747647666712:,1747647681422
counter/8/0/0/0,20305:1747647665319:,1747647681422
counter/9/0/0/0,22089:1747647666713:,1747647681422
counter/8/0/0/0,20306:1747647665319:,1747647681423
counter/9/0/0/0,22090:1747647666713:,1747647681423
counter/8/0/0/0,20307:1747647665319:,1747647681423
counter/9/0/0/0,22091:1747647666713:,1747647681423
counter/8/0/0/0,20308:1747647665319:,1747647681423
counter/9/0/0/0,22092:1747647666713:,1747647681423
counter/8/0/0/0,20309:1747647665319:,1747647681423
counter/9/0/0/0,22093:1747647666713:,1747647681423
counter/8/0/0/0,20310:1747647665319:,1747647681423
counter/9/0/0/0,22094:1747647666713:,1747647681423
counter/8/0/0/0,20311:1747647665319:,1747647681423
counter/9/0/0/0,22095:1747647666713:,1747647681423
counter/8/0/0/0,20312:1747647665319:,1747647681423
counter/9/0/0/0,22096:1747647666713:,1747647681423
counter/8/0/0/0,20313:1747647665319:,1747647681423
counter/9/0/0/0,22097:1747647666722:,1747647681423
counter/8/0/0/0,20314:1747647665319:,1747647681423
counter/9/0/0/0,22098:1747647666722:,1747647681423
counter/8/0/0/0,20315:1747647665319:,1747647681423
counter/9/0/0/0,22099:1747647666722:,1747647681423
counter/5/0/0/0,19409:1747647665425:,1747647681423
counter/8/0/0/0,20316:1747647665319:,1747647681423
counter/9/0/0/0,22100:1747647666722:,1747647681423
counter/5/0/0/0,19410:1747647665425:,1747647681423
counter/6/0/0/0,17401:1747647664661:,1747647681423
counter/10/0/0/0,18310:1747647664428:,1747647681423
counter/8/0/0/0,20317:1747647665319:,1747647681423
counter/9/0/0/0,22101:1747647666722:,1747647681423
counter/3/0/0/0,17840:1747647664704:,1747647681423
counter/4/0/0/0,17520:1747647665060:,1747647681423
counter/7/0/0/0,16882:1747647663022:,1747647681423
counter/8/0/0/0,20318:1747647665319:,1747647681423
counter/9/0/0/0,22102:1747647666722:,1747647681423
counter/1/0/0/0,18676:1747647665202:,1747647681423
counter/2/0/0/0,21143:1747647667203:,1747647681423
counter/8/0/0/0,20319:1747647665319:,1747647681423
counter/9/0/0/0,22103:1747647666722:,1747647681423
counter/2/0/0/0,21144:1747647667203:,1747647681423
counter/8/0/0/0,20320:1747647665320:,1747647681423
counter/9/0/0/0,22104:1747647666722:,1747647681423
counter/2/0/0/0,21145:1747647667212:,1747647681423
counter/8/0/0/0,20321:1747647665320:,1747647681423
counter/9/0/0/0,22105:1747647666722:,1747647681424
counter/2/0/0/0,21146:1747647667212:,1747647681424
counter/8/0/0/0,20322:1747647665320:,1747647681424
counter/9/0/0/0,22106:1747647666722:,1747647681424
counter/2/0/0/0,21147:1747647667212:,1747647681424
counter/8/0/0/0,20323:1747647665320:,1747647681424
counter/9/0/0/0,22107:1747647666722:,1747647681424
counter/2/0/0/0,21148:1747647667212:,1747647681424
counter/8/0/0/0,20324:1747647665320:,1747647681424
counter/9/0/0/0,22108:1747647666722:,1747647681424
counter/2/0/0/0,21149:1747647667212:,1747647681424
counter/8/0/0/0,20325:1747647665320:,1747647681424
counter/9/0/0/0,22109:1747647666722:,1747647681424
counter/2/0/0/0,21150:1747647667220:,1747647681424
counter/8/0/0/0,20326:1747647665320:,1747647681424
counter/9/0/0/0,22110:1747647666722:,1747647681424
counter/2/0/0/0,21151:1747647667220:,1747647681424
counter/8/0/0/0,20327:1747647665328:,1747647681424
counter/9/0/0/0,22111:1747647666722:,1747647681424
counter/2/0/0/0,21152:1747647667221:,1747647681424
counter/8/0/0/0,20328:1747647665328:,1747647681424
counter/9/0/0/0,22112:1747647666722:,1747647681424
counter/2/0/0/0,21153:1747647667221:,1747647681424
counter/8/0/0/0,20329:1747647665328:,1747647681424
counter/9/0/0/0,22113:1747647666722:,1747647681424
counter/2/0/0/0,21154:1747647667221:,1747647681424
counter/8/0/0/0,20330:1747647665328:,1747647681424
counter/9/0/0/0,22114:1747647666722:,1747647681424
counter/2/0/0/0,21155:1747647667224:,1747647681424
counter/8/0/0/0,20331:1747647665328:,1747647681424
counter/9/0/0/0,22115:1747647666722:,1747647681424
counter/2/0/0/0,21156:1747647667224:,1747647681424
counter/8/0/0/0,20332:1747647665328:,1747647681424
counter/9/0/0/0,22116:1747647666722:,1747647681424
counter/2/0/0/0,21157:1747647667224:,1747647681424
counter/8/0/0/0,20333:1747647665328:,1747647681424
counter/9/0/0/0,22117:1747647666724:,1747647681424
counter/2/0/0/0,21158:1747647667230:,1747647681424
counter/8/0/0/0,20334:1747647665328:,1747647681424
counter/9/0/0/0,22118:1747647666724:,1747647681424
counter/2/0/0/0,21159:1747647667231:,1747647681424
counter/8/0/0/0,20335:1747647665328:,1747647681425
counter/9/0/0/0,22119:1747647666724:,1747647681425
counter/2/0/0/0,21160:1747647667231:,1747647681425
counter/8/0/0/0,20336:1747647665329:,1747647681425
counter/9/0/0/0,22120:1747647666724:,1747647681425
counter/2/0/0/0,21161:1747647667231:,1747647681425
counter/8/0/0/0,20337:1747647665329:,1747647681425
counter/9/0/0/0,22121:1747647666724:,1747647681425
counter/2/0/0/0,21162:1747647667231:,1747647681425
counter/8/0/0/0,20338:1747647665329:,1747647681425
counter/9/0/0/0,22122:1747647666724:,1747647681425
counter/2/0/0/0,21163:1747647667231:,1747647681425
counter/8/0/0/0,20339:1747647665331:,1747647681425
counter/9/0/0/0,22123:1747647666724:,1747647681425
counter/2/0/0/0,21164:1747647667231:,1747647681425
counter/8/0/0/0,20340:1747647665343:,1747647681425
counter/9/0/0/0,22124:1747647666724:,1747647681425
counter/2/0/0/0,21165:1747647667231:,1747647681425
counter/8/0/0/0,20341:1747647665346:,1747647681425
counter/9/0/0/0,22125:1747647666724:,1747647681425
counter/2/0/0/0,21166:1747647667231:,1747647681425
counter/8/0/0/0,20342:1747647665346:,1747647681425
counter/9/0/0/0,22126:1747647666727:,1747647681425
counter/2/0/0/0,21167:1747647667231:,1747647681425
counter/8/0/0/0,20343:1747647665346:,1747647681425
counter/9/0/0/0,22127:1747647666727:,1747647681425
counter/2/0/0/0,21168:1747647667231:,1747647681425
counter/8/0/0/0,20344:1747647665346:,1747647681425
counter/9/0/0/0,22128:1747647666727:,1747647681425
counter/2/0/0/0,21169:1747647667231:,1747647681425
counter/8/0/0/0,20345:1747647665346:,1747647681425
counter/9/0/0/0,22129:1747647666727:,1747647681425
counter/2/0/0/0,21170:1747647667231:,1747647681425
counter/8/0/0/0,20346:1747647665346:,1747647681425
counter/9/0/0/0,22130:1747647666727:,1747647681425
counter/2/0/0/0,21171:1747647667231:,1747647681425
counter/8/0/0/0,20347:1747647665348:,1747647681425
counter/9/0/0/0,22131:1747647666728:,1747647681425
counter/2/0/0/0,21172:1747647667231:,1747647681425
counter/8/0/0/0,20348:1747647665348:,1747647681425
counter/9/0/0/0,22132:1747647666728:,1747647681426
counter/2/0/0/0,21173:1747647667231:,1747647681426
counter/8/0/0/0,20349:1747647665348:,1747647681426
counter/9/0/0/0,22133:1747647666728:,1747647681426
counter/2/0/0/0,21174:1747647667231:,1747647681426
counter/8/0/0/0,20350:1747647665348:,1747647681426
counter/9/0/0/0,22134:1747647666728:,1747647681426
counter/2/0/0/0,21175:1747647667231:,1747647681426
counter/8/0/0/0,20351:1747647665348:,1747647681426
counter/9/0/0/0,22135:1747647666728:,1747647681426
counter/2/0/0/0,21176:1747647667231:,1747647681426
counter/8/0/0/0,20352:1747647665348:,1747647681426
counter/9/0/0/0,22136:1747647666728:,1747647681426
counter/2/0/0/0,21177:1747647667231:,1747647681426
counter/8/0/0/0,20353:1747647665348:,1747647681426
counter/9/0/0/0,22137:1747647666728:,1747647681426
counter/2/0/0/0,21178:1747647667231:,1747647681426
counter/8/0/0/0,20354:1747647665354:,1747647681426
counter/9/0/0/0,22138:1747647666729:,1747647681426
counter/2/0/0/0,21179:1747647667231:,1747647681426
counter/8/0/0/0,20355:1747647665354:,1747647681426
counter/9/0/0/0,22139:1747647666729:,1747647681426
counter/2/0/0/0,21180:1747647667231:,1747647681426
counter/8/0/0/0,20356:1747647665354:,1747647681426
counter/9/0/0/0,22140:1747647666729:,1747647681426
counter/2/0/0/0,21181:1747647667231:,1747647681426
counter/8/0/0/0,20357:1747647665356:,1747647681426
counter/9/0/0/0,22141:1747647666729:,1747647681426
counter/2/0/0/0,21182:1747647667231:,1747647681426
counter/8/0/0/0,20358:1747647665356:,1747647681426
counter/9/0/0/0,22142:1747647666729:,1747647681426
counter/2/0/0/0,21183:1747647667235:,1747647681426
counter/7/0/0/0,16883:1747647663022:,1747647681426
counter/4/0/0/0,17521:1747647665060:,1747647681426
counter/8/0/0/0,20359:1747647665356:,1747647681426
counter/9/0/0/0,22143:1747647666731:,1747647681426
counter/2/0/0/0,21184:1747647667235:,1747647681426
counter/5/0/0/0,19411:1747647665425:,1747647681426
counter/8/0/0/0,20360:1747647665356:,1747647681426
counter/9/0/0/0,22144:1747647666731:,1747647681426
counter/2/0/0/0,21185:1747647667235:,1747647681426
counter/6/0/0/0,17402:1747647664661:,1747647681426
counter/1/0/0/0,18677:1747647665202:,1747647681426
counter/3/0/0/0,17841:1747647664704:,1747647681426
counter/8/0/0/0,20361:1747647665356:,1747647681426
counter/9/0/0/0,22145:1747647666731:,1747647681426
counter/2/0/0/0,21186:1747647667235:,1747647681427
counter/5/0/0/0,19412:1747647665425:,1747647681427
counter/8/0/0/0,20362:1747647665356:,1747647681427
counter/9/0/0/0,22146:1747647666731:,1747647681427
counter/2/0/0/0,21187:1747647667235:,1747647681427
counter/6/0/0/0,17403:1747647664661:,1747647681427
counter/1/0/0/0,18678:1747647665207:,1747647681427
counter/8/0/0/0,20363:1747647665356:,1747647681427
counter/9/0/0/0,22147:1747647666731:,1747647681427
counter/2/0/0/0,21188:1747647667237:,1747647681427
counter/3/0/0/0,17842:1747647664704:,1747647681427
counter/8/0/0/0,20364:1747647665363:,1747647681427
counter/9/0/0/0,22148:1747647666731:,1747647681427
counter/2/0/0/0,21189:1747647667237:,1747647681427
counter/8/0/0/0,20365:1747647665363:,1747647681427
counter/9/0/0/0,22149:1747647666731:,1747647681427
counter/2/0/0/0,21190:1747647667237:,1747647681427
counter/6/0/0/0,17404:1747647664661:,1747647681427
counter/8/0/0/0,20366:1747647665363:,1747647681427
counter/9/0/0/0,22150:1747647666735:,1747647681427
counter/2/0/0/0,21191:1747647667237:,1747647681427
counter/1/0/0/0,18679:1747647665207:,1747647681427
counter/3/0/0/0,17843:1747647664704:,1747647681427
counter/8/0/0/0,20367:1747647665363:,1747647681427
counter/9/0/0/0,22151:1747647666736:,1747647681427
counter/2/0/0/0,21192:1747647667237:,1747647681427
counter/10/0/0/0,18311:1747647664428:,1747647681427
counter/7/0/0/0,16884:1747647663022:,1747647681427
counter/4/0/0/0,17522:1747647665060:,1747647681427
counter/8/0/0/0,20368:1747647665363:,1747647681427
counter/9/0/0/0,22152:1747647666736:,1747647681427
counter/2/0/0/0,21193:1747647667237:,1747647681427
counter/4/0/0/0,17523:1747647665060:,1747647681427
counter/8/0/0/0,20369:1747647665363:,1747647681427
counter/9/0/0/0,22153:1747647666736:,1747647681427
counter/2/0/0/0,21194:1747647667237:,1747647681427
counter/4/0/0/0,17524:1747647665060:,1747647681427
counter/7/0/0/0,16885:1747647663022:,1747647681427
counter/8/0/0/0,20370:1747647665363:,1747647681427
counter/9/0/0/0,22154:1747647666736:,1747647681427
counter/2/0/0/0,21195:1747647667237:,1747647681427
counter/4/0/0/0,17525:1747647665060:,1747647681427
counter/5/0/0/0,19413:1747647665425:,1747647681428
counter/8/0/0/0,20371:1747647665363:,1747647681428
counter/9/0/0/0,22155:1747647666736:,1747647681428
counter/2/0/0/0,21196:1747647667237:,1747647681428
counter/4/0/0/0,17526:1747647665060:,1747647681428
counter/8/0/0/0,20372:1747647665363:,1747647681428
counter/9/0/0/0,22156:1747647666736:,1747647681428
counter/2/0/0/0,21197:1747647667237:,1747647681428
counter/4/0/0/0,17527:1747647665060:,1747647681428
counter/8/0/0/0,20373:1747647665363:,1747647681428
counter/9/0/0/0,22157:1747647666736:,1747647681428
counter/2/0/0/0,21198:1747647667237:,1747647681428
counter/4/0/0/0,17528:1747647665060:,1747647681428
counter/8/0/0/0,20374:1747647665363:,1747647681428
counter/9/0/0/0,22158:1747647666736:,1747647681428
counter/2/0/0/0,21199:1747647667237:,1747647681428
counter/4/0/0/0,17529:1747647665060:,1747647681428
counter/8/0/0/0,20375:1747647665364:,1747647681428
counter/9/0/0/0,22159:1747647666736:,1747647681428
counter/2/0/0/0,21200:1747647667237:,1747647681428
counter/4/0/0/0,17530:1747647665061:,1747647681428
counter/8/0/0/0,20376:1747647665364:,1747647681428
counter/9/0/0/0,22160:1747647666736:,1747647681428
counter/2/0/0/0,21201:1747647667237:,1747647681428
counter/8/0/0/0,20377:1747647665364:,1747647681428
counter/9/0/0/0,22161:1747647666736:,1747647681428
counter/2/0/0/0,21202:1747647667237:,1747647681428
counter/8/0/0/0,20378:1747647665364:,1747647681428
counter/9/0/0/0,22162:1747647666736:,1747647681428
counter/2/0/0/0,21203:1747647667239:,1747647681428
counter/8/0/0/0,20379:1747647665368:,1747647681428
counter/9/0/0/0,22163:1747647666736:,1747647681428
counter/2/0/0/0,21204:1747647667239:,1747647681428
counter/8/0/0/0,20380:1747647665369:,1747647681428
counter/9/0/0/0,22164:1747647666736:,1747647681428
counter/2/0/0/0,21205:1747647667239:,1747647681428
counter/8/0/0/0,20381:1747647665369:,1747647681428
counter/9/0/0/0,22165:1747647666736:,1747647681428
counter/2/0/0/0,21206:1747647667239:,1747647681428
counter/8/0/0/0,20382:1747647665369:,1747647681428
counter/9/0/0/0,22166:1747647666736:,1747647681428
counter/2/0/0/0,21207:1747647667239:,1747647681429
counter/8/0/0/0,20383:1747647665369:,1747647681429
counter/9/0/0/0,22167:1747647666736:,1747647681429
counter/2/0/0/0,21208:1747647667239:,1747647681429
counter/8/0/0/0,20384:1747647665369:,1747647681429
counter/9/0/0/0,22168:1747647666736:,1747647681429
counter/2/0/0/0,21209:1747647667240:,1747647681429
counter/8/0/0/0,20385:1747647665369:,1747647681429
counter/9/0/0/0,22169:1747647666736:,1747647681429
counter/2/0/0/0,21210:1747647667240:,1747647681429
counter/8/0/0/0,20386:1747647665369:,1747647681429
counter/9/0/0/0,22170:1747647666742:,1747647681429
counter/2/0/0/0,21211:1747647667240:,1747647681429
counter/9/0/0/0,22171:1747647666742:,1747647681429
counter/2/0/0/0,21212:1747647667240:,1747647681429
counter/9/0/0/0,22172:1747647666742:,1747647681429
counter/2/0/0/0,21213:1747647667240:,1747647681429
counter/9/0/0/0,22173:1747647666742:,1747647681429
counter/2/0/0/0,21214:1747647667240:,1747647681429
counter/9/0/0/0,22174:1747647666742:,1747647681429
counter/2/0/0/0,21215:1747647667240:,1747647681429
counter/9/0/0/0,22175:1747647666742:,1747647681429
counter/2/0/0/0,21216:1747647667240:,1747647681429
counter/9/0/0/0,22176:1747647666742:,1747647681429
counter/2/0/0/0,21217:1747647667240:,1747647681429
counter/9/0/0/0,22177:1747647666746:,1747647681429
counter/2/0/0/0,21218:1747647667240:,1747647681429
counter/9/0/0/0,22178:1747647666746:,1747647681429
counter/2/0/0/0,21219:1747647667240:,1747647681429
counter/9/0/0/0,22179:1747647666746:,1747647681429
counter/2/0/0/0,21220:1747647667240:,1747647681429
counter/9/0/0/0,22180:1747647666746:,1747647681429
counter/2/0/0/0,21221:1747647667240:,1747647681429
counter/9/0/0/0,22181:1747647666746:,1747647681429
counter/2/0/0/0,21222:1747647667240:,1747647681429
counter/9/0/0/0,22182:1747647666746:,1747647681429
counter/2/0/0/0,21223:1747647667241:,1747647681429
counter/1/0/0/0,18680:1747647665207:,1747647681429
counter/9/0/0/0,22183:1747647666746:,1747647681429
counter/2/0/0/0,21224:1747647667241:,1747647681429
counter/6/0/0/0,17405:1747647664661:,1747647681430
counter/9/0/0/0,22184:1747647666746:,1747647681430
counter/2/0/0/0,21225:1747647667241:,1747647681430
counter/5/0/0/0,19414:1747647665430:,1747647681430
counter/3/0/0/0,17844:1747647664704:,1747647681430
counter/9/0/0/0,22185:1747647666746:,1747647681430
counter/2/0/0/0,21226:1747647667241:,1747647681430
counter/10/0/0/0,18312:1747647664428:,1747647681430
counter/8/0/0/0,20387:1747647665369:,1747647681430
counter/4/0/0/0,17531:1747647665061:,1747647681430
counter/9/0/0/0,22186:1747647666746:,1747647681430
counter/2/0/0/0,21227:1747647667241:,1747647681430
counter/7/0/0/0,16886:1747647663022:,1747647681430
counter/9/0/0/0,22187:1747647666746:,1747647681430
counter/2/0/0/0,21228:1747647667241:,1747647681430
counter/9/0/0/0,22188:1747647666746:,1747647681430
counter/2/0/0/0,21229:1747647667241:,1747647681430
counter/9/0/0/0,22189:1747647666746:,1747647681430
counter/2/0/0/0,21230:1747647667250:,1747647681430
counter/9/0/0/0,22190:1747647666746:,1747647681430
counter/2/0/0/0,21231:1747647667250:,1747647681430
counter/9/0/0/0,22191:1747647666746:,1747647681430
counter/2/0/0/0,21232:1747647667250:,1747647681430
counter/9/0/0/0,22192:1747647666746:,1747647681430
counter/2/0/0/0,21233:1747647667250:,1747647681430
counter/9/0/0/0,22193:1747647666746:,1747647681430
counter/2/0/0/0,21234:1747647667250:,1747647681430
counter/9/0/0/0,22194:1747647666746:,1747647681430
counter/2/0/0/0,21235:1747647667250:,1747647681430
counter/9/0/0/0,22195:1747647666746:,1747647681430
counter/2/0/0/0,21236:1747647667253:,1747647681430
counter/9/0/0/0,22196:1747647666746:,1747647681430
counter/2/0/0/0,21237:1747647667253:,1747647681430
counter/9/0/0/0,22197:1747647666746:,1747647681430
counter/2/0/0/0,21238:1747647667253:,1747647681430
counter/9/0/0/0,22198:1747647666746:,1747647681430
counter/2/0/0/0,21239:1747647667253:,1747647681430
counter/9/0/0/0,22199:1747647666746:,1747647681430
counter/2/0/0/0,21240:1747647667253:,1747647681430
counter/9/0/0/0,22200:1747647666746:,1747647681430
counter/2/0/0/0,21241:1747647667253:,1747647681430
counter/9/0/0/0,22201:1747647666746:,1747647681430
counter/2/0/0/0,21242:1747647667261:,1747647681430
counter/9/0/0/0,22202:1747647666746:,1747647681431
counter/2/0/0/0,21243:1747647667261:,1747647681431
counter/9/0/0/0,22203:1747647666746:,1747647681431
counter/2/0/0/0,21244:1747647667262:,1747647681431
counter/9/0/0/0,22204:1747647666746:,1747647681431
counter/2/0/0/0,21245:1747647667262:,1747647681431
counter/9/0/0/0,22205:1747647666746:,1747647681431
counter/2/0/0/0,21246:1747647667262:,1747647681431
counter/9/0/0/0,22206:1747647666746:,1747647681431
counter/2/0/0/0,21247:1747647667262:,1747647681431
counter/9/0/0/0,22207:1747647666746:,1747647681431
counter/2/0/0/0,21248:1747647667262:,1747647681431
counter/9/0/0/0,22208:1747647666746:,1747647681431
counter/2/0/0/0,21249:1747647667262:,1747647681431
counter/9/0/0/0,22209:1747647666746:,1747647681431
counter/2/0/0/0,21250:1747647667262:,1747647681431
counter/9/0/0/0,22210:1747647666746:,1747647681431
counter/2/0/0/0,21251:1747647667262:,1747647681431
counter/9/0/0/0,22211:1747647666746:,1747647681431
counter/2/0/0/0,21252:1747647667262:,1747647681431
counter/9/0/0/0,22212:1747647666746:,1747647681431
counter/2/0/0/0,21253:1747647667262:,1747647681431
counter/5/0/0/0,19415:1747647665430:,1747647681431
counter/9/0/0/0,22213:1747647666746:,1747647681431
counter/2/0/0/0,21254:1747647667262:,1747647681431
counter/5/0/0/0,19416:1747647665430:,1747647681431
counter/10/0/0/0,18313:1747647664428:,1747647681431
counter/9/0/0/0,22214:1747647666746:,1747647681431
counter/2/0/0/0,21255:1747647667262:,1747647681431
counter/5/0/0/0,19417:1747647665430:,1747647681431
counter/9/0/0/0,22215:1747647666746:,1747647681431
counter/2/0/0/0,21256:1747647667262:,1747647681431
counter/5/0/0/0,19418:1747647665430:,1747647681431
counter/9/0/0/0,22216:1747647666746:,1747647681431
counter/2/0/0/0,21257:1747647667262:,1747647681431
counter/5/0/0/0,19419:1747647665430:,1747647681431
counter/8/0/0/0,20388:1747647665369:,1747647681431
counter/9/0/0/0,22217:1747647666746:,1747647681431
counter/2/0/0/0,21258:1747647667262:,1747647681431
counter/5/0/0/0,19420:1747647665430:,1747647681431
counter/9/0/0/0,22218:1747647666746:,1747647681431
counter/2/0/0/0,21259:1747647667262:,1747647681431
counter/9/0/0/0,22219:1747647666747:,1747647681431
counter/2/0/0/0,21260:1747647667262:,1747647681431
counter/9/0/0/0,22220:1747647666747:,1747647681431
counter/2/0/0/0,21261:1747647667262:,1747647681432
counter/9/0/0/0,22221:1747647666747:,1747647681432
counter/2/0/0/0,21262:1747647667263:,1747647681432
counter/9/0/0/0,22222:1747647666747:,1747647681432
counter/2/0/0/0,21263:1747647667270:,1747647681432
counter/9/0/0/0,22223:1747647666754:,1747647681432
counter/2/0/0/0,21264:1747647667280:,1747647681432
counter/9/0/0/0,22224:1747647666763:,1747647681432
counter/2/0/0/0,21265:1747647667280:,1747647681432
counter/9/0/0/0,22225:1747647666764:,1747647681432
counter/2/0/0/0,21266:1747647667280:,1747647681432
counter/9/0/0/0,22226:1747647666764:,1747647681432
counter/2/0/0/0,21267:1747647667280:,1747647681432
counter/9/0/0/0,22227:1747647666764:,1747647681432
counter/2/0/0/0,21268:1747647667281:,1747647681432
counter/9/0/0/0,22228:1747647666767:,1747647681432
counter/2/0/0/0,21269:1747647667281:,1747647681432
counter/9/0/0/0,22229:1747647666767:,1747647681432
counter/2/0/0/0,21270:1747647667281:,1747647681432
counter/9/0/0/0,22230:1747647666767:,1747647681432
counter/2/0/0/0,21271:1747647667281:,1747647681432
counter/9/0/0/0,22231:1747647666767:,1747647681432
counter/2/0/0/0,21272:1747647667281:,1747647681432
counter/9/0/0/0,22232:1747647666767:,1747647681432
counter/2/0/0/0,21273:1747647667281:,1747647681432
counter/9/0/0/0,22233:1747647666767:,1747647681432
counter/2/0/0/0,21274:1747647667281:,1747647681432
counter/9/0/0/0,22234:1747647666767:,1747647681432
counter/2/0/0/0,21275:1747647667281:,1747647681432
counter/9/0/0/0,22235:1747647666769:,1747647681432
counter/2/0/0/0,21276:1747647667281:,1747647681432
counter/9/0/0/0,22236:1747647666769:,1747647681432
counter/2/0/0/0,21277:1747647667281:,1747647681432
counter/9/0/0/0,22237:1747647666769:,1747647681432
counter/2/0/0/0,21278:1747647667281:,1747647681432
counter/9/0/0/0,22238:1747647666769:,1747647681432
counter/2/0/0/0,21279:1747647667281:,1747647681432
counter/9/0/0/0,22239:1747647666769:,1747647681432
counter/2/0/0/0,21280:1747647667281:,1747647681432
counter/9/0/0/0,22240:1747647666769:,1747647681432
counter/2/0/0/0,21281:1747647667281:,1747647681432
counter/9/0/0/0,22241:1747647666769:,1747647681432
counter/2/0/0/0,21282:1747647667281:,1747647681432
counter/9/0/0/0,22242:1747647666769:,1747647681432
counter/2/0/0/0,21283:1747647667281:,1747647681432
counter/9/0/0/0,22243:1747647666769:,1747647681433
counter/2/0/0/0,21284:1747647667281:,1747647681433
counter/9/0/0/0,22244:1747647666769:,1747647681433
counter/2/0/0/0,21285:1747647667282:,1747647681433
counter/9/0/0/0,22245:1747647666772:,1747647681433
counter/2/0/0/0,21286:1747647667282:,1747647681433
counter/9/0/0/0,22246:1747647666772:,1747647681433
counter/2/0/0/0,21287:1747647667282:,1747647681433
counter/9/0/0/0,22247:1747647666772:,1747647681433
counter/2/0/0/0,21288:1747647667282:,1747647681433
counter/9/0/0/0,22248:1747647666772:,1747647681433
counter/2/0/0/0,21289:1747647667282:,1747647681433
counter/9/0/0/0,22249:1747647666772:,1747647681433
counter/2/0/0/0,21290:1747647667282:,1747647681433
counter/9/0/0/0,22250:1747647666772:,1747647681433
counter/2/0/0/0,21291:1747647667282:,1747647681433
counter/9/0/0/0,22251:1747647666772:,1747647681433
counter/2/0/0/0,21292:1747647667282:,1747647681433
counter/9/0/0/0,22252:1747647666772:,1747647681433
counter/2/0/0/0,21293:1747647667282:,1747647681433
counter/9/0/0/0,22253:1747647666772:,1747647681433
counter/2/0/0/0,21294:1747647667282:,1747647681433
counter/9/0/0/0,22254:1747647666775:,1747647681433
counter/2/0/0/0,21295:1747647667283:,1747647681433
counter/9/0/0/0,22255:1747647666775:,1747647681433
counter/2/0/0/0,21296:1747647667283:,1747647681433
counter/9/0/0/0,22256:1747647666776:,1747647681433
counter/2/0/0/0,21297:1747647667284:,1747647681433
counter/9/0/0/0,22257:1747647666776:,1747647681433
counter/2/0/0/0,21298:1747647667291:,1747647681433
counter/9/0/0/0,22258:1747647666776:,1747647681433
counter/2/0/0/0,21299:1747647667292:,1747647681433
counter/9/0/0/0,22259:1747647666776:,1747647681433
counter/2/0/0/0,21300:1747647667292:,1747647681433
counter/9/0/0/0,22260:1747647666776:,1747647681433
counter/2/0/0/0,21301:1747647667292:,1747647681433
counter/9/0/0/0,22261:1747647666782:,1747647681433
counter/2/0/0/0,21302:1747647667292:,1747647681433
counter/9/0/0/0,22262:1747647666787:,1747647681433
counter/2/0/0/0,21303:1747647667292:,1747647681433
counter/9/0/0/0,22263:1747647666787:,1747647681434
counter/2/0/0/0,21304:1747647667292:,1747647681434
counter/9/0/0/0,22264:1747647666787:,1747647681434
counter/2/0/0/0,21305:1747647667292:,1747647681434
counter/9/0/0/0,22265:1747647666787:,1747647681434
counter/2/0/0/0,21306:1747647667292:,1747647681434
counter/9/0/0/0,22266:1747647666787:,1747647681434
counter/2/0/0/0,21307:1747647667294:,1747647681434
counter/9/0/0/0,22267:1747647666787:,1747647681434
counter/2/0/0/0,21308:1747647667294:,1747647681434
counter/9/0/0/0,22268:1747647666787:,1747647681434
counter/2/0/0/0,21309:1747647667294:,1747647681434
counter/9/0/0/0,22269:1747647666787:,1747647681434
counter/2/0/0/0,21310:1747647667294:,1747647681434
counter/9/0/0/0,22270:1747647666787:,1747647681434
counter/2/0/0/0,21311:1747647667294:,1747647681434
counter/9/0/0/0,22271:1747647666787:,1747647681434
counter/2/0/0/0,21312:1747647667294:,1747647681434
counter/9/0/0/0,22272:1747647666787:,1747647681434
counter/2/0/0/0,21313:1747647667294:,1747647681434
counter/9/0/0/0,22273:1747647666787:,1747647681434
counter/2/0/0/0,21314:1747647667294:,1747647681434
counter/4/0/0/0,17532:1747647665061:,1747647681434
counter/9/0/0/0,22274:1747647666787:,1747647681434
counter/2/0/0/0,21315:1747647667294:,1747647681434
counter/6/0/0/0,17406:1747647664662:,1747647681434
counter/1/0/0/0,18681:1747647665207:,1747647681434
counter/9/0/0/0,22275:1747647666787:,1747647681434
counter/2/0/0/0,21316:1747647667294:,1747647681434
counter/10/0/0/0,18314:1747647664428:,1747647681434
counter/3/0/0/0,17845:1747647664704:,1747647681434
counter/9/0/0/0,22276:1747647666787:,1747647681434
counter/2/0/0/0,21317:1747647667294:,1747647681434
counter/8/0/0/0,20389:1747647665369:,1747647681434
counter/7/0/0/0,16887:1747647663025:,1747647681434
counter/9/0/0/0,22277:1747647666787:,1747647681434
counter/2/0/0/0,21318:1747647667294:,1747647681434
counter/9/0/0/0,22278:1747647666787:,1747647681434
counter/2/0/0/0,21319:1747647667294:,1747647681434
counter/9/0/0/0,22279:1747647666787:,1747647681434
counter/2/0/0/0,21320:1747647667294:,1747647681434
counter/9/0/0/0,22280:1747647666787:,1747647681434
counter/2/0/0/0,21321:1747647667294:,1747647681434
counter/8/0/0/0,20390:1747647665369:,1747647681434
counter/9/0/0/0,22281:1747647666787:,1747647681434
counter/2/0/0/0,21322:1747647667294:,1747647681435
counter/7/0/0/0,16888:1747647663025:,1747647681435
counter/5/0/0/0,19421:1747647665430:,1747647681435
counter/9/0/0/0,22282:1747647666787:,1747647681435
counter/2/0/0/0,21323:1747647667295:,1747647681435
counter/6/0/0/0,17407:1747647664662:,1747647681435
counter/4/0/0/0,17533:1747647665061:,1747647681435
counter/3/0/0/0,17846:1747647664705:,1747647681435
counter/9/0/0/0,22283:1747647666787:,1747647681435
counter/2/0/0/0,21324:1747647667295:,1747647681435
counter/1/0/0/0,18682:1747647665207:,1747647681435
counter/9/0/0/0,22284:1747647666788:,1747647681435
counter/2/0/0/0,21325:1747647667295:,1747647681435
counter/9/0/0/0,22285:1747647666788:,1747647681435
counter/2/0/0/0,21326:1747647667295:,1747647681435
counter/9/0/0/0,22286:1747647666788:,1747647681435
counter/2/0/0/0,21327:1747647667295:,1747647681435
counter/9/0/0/0,22287:1747647666788:,1747647681435
counter/2/0/0/0,21328:1747647667295:,1747647681435
counter/9/0/0/0,22288:1747647666788:,1747647681435
counter/2/0/0/0,21329:1747647667295:,1747647681435
counter/9/0/0/0,22289:1747647666788:,1747647681435
counter/2/0/0/0,21330:1747647667295:,1747647681435
counter/9/0/0/0,22290:1747647666788:,1747647681435
counter/2/0/0/0,21331:1747647667295:,1747647681435
counter/9/0/0/0,22291:1747647666788:,1747647681435
counter/2/0/0/0,21332:1747647667295:,1747647681435
counter/9/0/0/0,22292:1747647666788:,1747647681435
counter/2/0/0/0,21333:1747647667295:,1747647681435
counter/9/0/0/0,22293:1747647666788:,1747647681435
counter/2/0/0/0,21334:1747647667295:,1747647681435
counter/9/0/0/0,22294:1747647666788:,1747647681435
counter/2/0/0/0,21335:1747647667295:,1747647681435
counter/9/0/0/0,22295:1747647666788:,1747647681435
counter/2/0/0/0,21336:1747647667295:,1747647681435
counter/9/0/0/0,22296:1747647666788:,1747647681435
counter/2/0/0/0,21337:1747647667301:,1747647681435
counter/9/0/0/0,22297:1747647666788:,1747647681435
counter/2/0/0/0,21338:1747647667301:,1747647681435
counter/9/0/0/0,22298:1747647666788:,1747647681435
counter/2/0/0/0,21339:1747647667301:,1747647681435
counter/9/0/0/0,22299:1747647666788:,1747647681435
counter/2/0/0/0,21340:1747647667301:,1747647681435
counter/9/0/0/0,22300:1747647666788:,1747647681435
counter/2/0/0/0,21341:1747647667301:,1747647681435
counter/9/0/0/0,22301:1747647666788:,1747647681436
counter/2/0/0/0,21342:1747647667301:,1747647681436
counter/9/0/0/0,22302:1747647666788:,1747647681436
counter/2/0/0/0,21343:1747647667301:,1747647681436
counter/9/0/0/0,22303:1747647666788:,1747647681436
counter/2/0/0/0,21344:1747647667301:,1747647681436
counter/9/0/0/0,22304:1747647666788:,1747647681436
counter/2/0/0/0,21345:1747647667301:,1747647681436
counter/9/0/0/0,22305:1747647666788:,1747647681436
counter/2/0/0/0,21346:1747647667301:,1747647681436
counter/9/0/0/0,22306:1747647666788:,1747647681436
counter/2/0/0/0,21347:1747647667301:,1747647681436
counter/9/0/0/0,22307:1747647666788:,1747647681436
counter/2/0/0/0,21348:1747647667301:,1747647681436
counter/9/0/0/0,22308:1747647666788:,1747647681436
counter/2/0/0/0,21349:1747647667301:,1747647681436
counter/9/0/0/0,22309:1747647666788:,1747647681436
counter/2/0/0/0,21350:1747647667301:,1747647681436
counter/9/0/0/0,22310:1747647666788:,1747647681436
counter/2/0/0/0,21351:1747647667301:,1747647681436
counter/9/0/0/0,22311:1747647666788:,1747647681436
counter/2/0/0/0,21352:1747647667301:,1747647681436
counter/9/0/0/0,22312:1747647666788:,1747647681436
counter/2/0/0/0,21353:1747647667301:,1747647681436
counter/9/0/0/0,22313:1747647666790:,1747647681436
counter/2/0/0/0,21354:1747647667301:,1747647681436
counter/9/0/0/0,22314:1747647666792:,1747647681436
counter/2/0/0/0,21355:1747647667301:,1747647681436
counter/9/0/0/0,22315:1747647666792:,1747647681436
counter/2/0/0/0,21356:1747647667306:,1747647681436
counter/9/0/0/0,22316:1747647666793:,1747647681436
counter/2/0/0/0,21357:1747647667306:,1747647681436
counter/9/0/0/0,22317:1747647666793:,1747647681436
counter/2/0/0/0,21358:1747647667306:,1747647681436
counter/9/0/0/0,22318:1747647666793:,1747647681436
counter/2/0/0/0,21359:1747647667310:,1747647681436
counter/9/0/0/0,22319:1747647666793:,1747647681436
counter/2/0/0/0,21360:1747647667310:,1747647681436
counter/9/0/0/0,22320:1747647666793:,1747647681436
counter/2/0/0/0,21361:1747647667310:,1747647681436
counter/9/0/0/0,22321:1747647666793:,1747647681437
counter/2/0/0/0,21362:1747647667310:,1747647681437
counter/9/0/0/0,22322:1747647666793:,1747647681437
counter/2/0/0/0,21363:1747647667310:,1747647681437
counter/9/0/0/0,22323:1747647666793:,1747647681437
counter/2/0/0/0,21364:1747647667310:,1747647681437
counter/9/0/0/0,22324:1747647666793:,1747647681437
counter/2/0/0/0,21365:1747647667310:,1747647681437
counter/9/0/0/0,22325:1747647666793:,1747647681437
counter/2/0/0/0,21366:1747647667310:,1747647681437
counter/9/0/0/0,22326:1747647666793:,1747647681437
counter/2/0/0/0,21367:1747647667310:,1747647681437
counter/9/0/0/0,22327:1747647666793:,1747647681437
counter/2/0/0/0,21368:1747647667310:,1747647681437
counter/9/0/0/0,22328:1747647666793:,1747647681437
counter/2/0/0/0,21369:1747647667310:,1747647681437
counter/9/0/0/0,22329:1747647666793:,1747647681437
counter/2/0/0/0,21370:1747647667311:,1747647681437
counter/9/0/0/0,22330:1747647666793:,1747647681437
counter/2/0/0/0,21371:1747647667311:,1747647681437
counter/9/0/0/0,22331:1747647666793:,1747647681437
counter/2/0/0/0,21372:1747647667311:,1747647681437
counter/9/0/0/0,22332:1747647666793:,1747647681437
counter/2/0/0/0,21373:1747647667311:,1747647681437
counter/9/0/0/0,22333:1747647666793:,1747647681437
counter/2/0/0/0,21374:1747647667311:,1747647681437
counter/9/0/0/0,22334:1747647666793:,1747647681437
counter/2/0/0/0,21375:1747647667311:,1747647681437
counter/9/0/0/0,22335:1747647666793:,1747647681437
counter/2/0/0/0,21376:1747647667311:,1747647681437
counter/9/0/0/0,22336:1747647666794:,1747647681437
counter/2/0/0/0,21377:1747647667311:,1747647681437
counter/9/0/0/0,22337:1747647666794:,1747647681437
counter/2/0/0/0,21378:1747647667311:,1747647681437
counter/9/0/0/0,22338:1747647666794:,1747647681437
counter/2/0/0/0,21379:1747647667318:,1747647681437
counter/9/0/0/0,22339:1747647666794:,1747647681437
counter/2/0/0/0,21380:1747647667318:,1747647681437
counter/9/0/0/0,22340:1747647666794:,1747647681437
counter/2/0/0/0,21381:1747647667318:,1747647681437
counter/9/0/0/0,22341:1747647666794:,1747647681437
counter/2/0/0/0,21382:1747647667318:,1747647681437
counter/9/0/0/0,22342:1747647666796:,1747647681437
counter/2/0/0/0,21383:1747647667318:,1747647681437
counter/9/0/0/0,22343:1747647666796:,1747647681438
counter/2/0/0/0,21384:1747647667318:,1747647681438
counter/9/0/0/0,22344:1747647666796:,1747647681438
counter/2/0/0/0,21385:1747647667319:,1747647681438
counter/9/0/0/0,22345:1747647666796:,1747647681438
counter/2/0/0/0,21386:1747647667319:,1747647681438
counter/9/0/0/0,22346:1747647666797:,1747647681438
counter/2/0/0/0,21387:1747647667319:,1747647681438
counter/9/0/0/0,22347:1747647666797:,1747647681438
counter/2/0/0/0,21388:1747647667319:,1747647681438
counter/9/0/0/0,22348:1747647666797:,1747647681438
counter/2/0/0/0,21389:1747647667319:,1747647681438
counter/9/0/0/0,22349:1747647666797:,1747647681438
counter/2/0/0/0,21390:1747647667319:,1747647681438
counter/9/0/0/0,22350:1747647666798:,1747647681438
counter/2/0/0/0,21391:1747647667319:,1747647681438
counter/9/0/0/0,22351:1747647666799:,1747647681438
counter/2/0/0/0,21392:1747647667319:,1747647681438
counter/9/0/0/0,22352:1747647666799:,1747647681438
counter/2/0/0/0,21393:1747647667319:,1747647681438
counter/9/0/0/0,22353:1747647666799:,1747647681438
counter/2/0/0/0,21394:1747647667323:,1747647681438
counter/9/0/0/0,22354:1747647666799:,1747647681438
counter/2/0/0/0,21395:1747647667323:,1747647681438
counter/9/0/0/0,22355:1747647666799:,1747647681438
counter/2/0/0/0,21396:1747647667323:,1747647681438
counter/9/0/0/0,22356:1747647666810:,1747647681438
counter/2/0/0/0,21397:1747647667323:,1747647681438
counter/9/0/0/0,22357:1747647666811:,1747647681438
counter/2/0/0/0,21398:1747647667323:,1747647681438
counter/9/0/0/0,22358:1747647666811:,1747647681438
counter/2/0/0/0,21399:1747647667323:,1747647681438
counter/9/0/0/0,22359:1747647666811:,1747647681438
counter/2/0/0/0,21400:1747647667323:,1747647681438
counter/9/0/0/0,22360:1747647666811:,1747647681438
counter/2/0/0/0,21401:1747647667323:,1747647681438
counter/9/0/0/0,22361:1747647666811:,1747647681438
counter/2/0/0/0,21402:1747647667323:,1747647681438
counter/9/0/0/0,22362:1747647666811:,1747647681438
counter/9/0/0/0,22363:1747647666811:,1747647681438
counter/9/0/0/0,22364:1747647666811:,1747647681439
counter/9/0/0/0,22365:1747647666811:,1747647681439
counter/9/0/0/0,22366:1747647666811:,1747647681439
counter/9/0/0/0,22367:1747647666811:,1747647681439
counter/9/0/0/0,22368:1747647666811:,1747647681439
counter/9/0/0/0,22369:1747647666818:,1747647681439
counter/9/0/0/0,22370:1747647666818:,1747647681439
counter/9/0/0/0,22371:1747647666818:,1747647681439
counter/9/0/0/0,22372:1747647666818:,1747647681439
counter/9/0/0/0,22373:1747647666818:,1747647681439
counter/9/0/0/0,22374:1747647666818:,1747647681439
counter/9/0/0/0,22375:1747647666821:,1747647681439
counter/9/0/0/0,22376:1747647666821:,1747647681439
counter/1/0/0/0,18683:1747647665207:,1747647681439
counter/9/0/0/0,22377:1747647666821:,1747647681439
counter/7/0/0/0,16889:1747647663025:,1747647681439
counter/8/0/0/0,20391:1747647665369:,1747647681439
counter/9/0/0/0,22378:1747647666821:,1747647681439
counter/6/0/0/0,17408:1747647664662:,1747647681439
counter/5/0/0/0,19422:1747647665430:,1747647681439
counter/3/0/0/0,17847:1747647664705:,1747647681439
counter/9/0/0/0,22379:1747647666821:,1747647681439
counter/8/0/0/0,20392:1747647665369:,1747647681439
counter/10/0/0/0,18315:1747647664428:,1747647681439
counter/9/0/0/0,22380:1747647666822:,1747647681439
counter/9/0/0/0,22381:1747647666822:,1747647681439
counter/9/0/0/0,22382:1747647666822:,1747647681439
counter/9/0/0/0,22383:1747647666822:,1747647681439
counter/9/0/0/0,22384:1747647666822:,1747647681439
counter/9/0/0/0,22385:1747647666822:,1747647681439
counter/9/0/0/0,22386:1747647666822:,1747647681439
counter/9/0/0/0,22387:1747647666822:,1747647681439
counter/9/0/0/0,22388:1747647666822:,1747647681439
counter/9/0/0/0,22389:1747647666822:,1747647681439
counter/2/0/0/0,21403:1747647667323:,1747647681439
counter/9/0/0/0,22390:1747647666822:,1747647681439
counter/2/0/0/0,21404:1747647667323:,1747647681439
counter/1/0/0/0,18684:1747647665207:,1747647681439
counter/6/0/0/0,17409:1747647664662:,1747647681439
counter/9/0/0/0,22391:1747647666822:,1747647681440
counter/5/0/0/0,19423:1747647665430:,1747647681440
counter/4/0/0/0,17534:1747647665061:,1747647681440
counter/9/0/0/0,22392:1747647666827:,1747647681440
counter/5/0/0/0,19424:1747647665430:,1747647681440
counter/3/0/0/0,17848:1747647664705:,1747647681440
counter/9/0/0/0,22393:1747647666827:,1747647681440
counter/10/0/0/0,18316:1747647664428:,1747647681440
counter/7/0/0/0,16890:1747647663025:,1747647681440
counter/9/0/0/0,22394:1747647666827:,1747647681440
counter/2/0/0/0,21405:1747647667323:,1747647681440
counter/1/0/0/0,18685:1747647665208:,1747647681440
counter/9/0/0/0,22395:1747647666827:,1747647681440
counter/9/0/0/0,22396:1747647666827:,1747647681440
counter/9/0/0/0,22397:1747647666827:,1747647681440
counter/9/0/0/0,22398:1747647666827:,1747647681440
counter/9/0/0/0,22399:1747647666827:,1747647681440
counter/2/0/0/0,21406:1747647667323:,1747647681440
counter/9/0/0/0,22400:1747647666827:,1747647681440
counter/1/0/0/0,18686:1747647665208:,1747647681440
counter/9/0/0/0,22401:1747647666827:,1747647681440
counter/6/0/0/0,17410:1747647664662:,1747647681440
counter/5/0/0/0,19425:1747647665442:,1747647681440
counter/9/0/0/0,22402:1747647666827:,1747647681440
counter/4/0/0/0,17535:1747647665061:,1747647681440
counter/8/0/0/0,20393:1747647665369:,1747647681440
counter/9/0/0/0,22403:1747647666827:,1747647681440
counter/3/0/0/0,17849:1747647664705:,1747647681440
counter/9/0/0/0,22404:1747647666827:,1747647681440
counter/7/0/0/0,16891:1747647663025:,1747647681440
counter/10/0/0/0,18317:1747647664428:,1747647681440
counter/9/0/0/0,22405:1747647666827:,1747647681440
counter/2/0/0/0,21407:1747647667332:,1747647681440
counter/9/0/0/0,22406:1747647666831:,1747647681440
counter/2/0/0/0,21408:1747647667332:,1747647681440
counter/9/0/0/0,22407:1747647666831:,1747647681440
counter/2/0/0/0,21409:1747647667332:,1747647681440
counter/9/0/0/0,22408:1747647666831:,1747647681440
counter/2/0/0/0,21410:1747647667332:,1747647681440
counter/9/0/0/0,22409:1747647666831:,1747647681440
counter/2/0/0/0,21411:1747647667332:,1747647681440
counter/9/0/0/0,22410:1747647666831:,1747647681440
counter/2/0/0/0,21412:1747647667332:,1747647681440
counter/9/0/0/0,22411:1747647666831:,1747647681440
counter/2/0/0/0,21413:1747647667332:,1747647681440
counter/9/0/0/0,22412:1747647666831:,1747647681441
counter/2/0/0/0,21414:1747647667332:,1747647681441
counter/9/0/0/0,22413:1747647666831:,1747647681441
counter/2/0/0/0,21415:1747647667332:,1747647681441
counter/9/0/0/0,22414:1747647666831:,1747647681441
counter/2/0/0/0,21416:1747647667332:,1747647681441
counter/9/0/0/0,22415:1747647666831:,1747647681441
counter/2/0/0/0,21417:1747647667332:,1747647681441
counter/9/0/0/0,22416:1747647666831:,1747647681441
counter/2/0/0/0,21418:1747647667332:,1747647681441
counter/9/0/0/0,22417:1747647666831:,1747647681441
counter/2/0/0/0,21419:1747647667332:,1747647681441
counter/9/0/0/0,22418:1747647666831:,1747647681441
counter/2/0/0/0,21420:1747647667332:,1747647681441
counter/9/0/0/0,22419:1747647666831:,1747647681441
counter/2/0/0/0,21421:1747647667332:,1747647681441
counter/9/0/0/0,22420:1747647666831:,1747647681441
counter/2/0/0/0,21422:1747647667333:,1747647681441
counter/9/0/0/0,22421:1747647666831:,1747647681441
counter/2/0/0/0,21423:1747647667333:,1747647681441
counter/9/0/0/0,22422:1747647666837:,1747647681441
counter/2/0/0/0,21424:1747647667333:,1747647681441
counter/9/0/0/0,22423:1747647666838:,1747647681441
counter/2/0/0/0,21425:1747647667335:,1747647681441
counter/9/0/0/0,22424:1747647666838:,1747647681441
counter/2/0/0/0,21426:1747647667335:,1747647681441
counter/6/0/0/0,17411:1747647664662:,1747647681441
counter/9/0/0/0,22425:1747647666838:,1747647681441
counter/2/0/0/0,21427:1747647667335:,1747647681441
counter/1/0/0/0,18687:1747647665208:,1747647681441
counter/10/0/0/0,18318:1747647664428:,1747647681441
counter/4/0/0/0,17536:1747647665061:,1747647681441
counter/9/0/0/0,22426:1747647666838:,1747647681441
counter/2/0/0/0,21428:1747647667335:,1747647681441
counter/5/0/0/0,19426:1747647665442:,1747647681441
counter/7/0/0/0,16892:1747647663025:,1747647681441
counter/9/0/0/0,22427:1747647666838:,1747647681441
counter/2/0/0/0,21429:1747647667335:,1747647681441
counter/5/0/0/0,19427:1747647665442:,1747647681441
counter/9/0/0/0,22428:1747647666840:,1747647681441
counter/2/0/0/0,21430:1747647667335:,1747647681441
counter/5/0/0/0,19428:1747647665443:,1747647681441
counter/6/0/0/0,17412:1747647664662:,1747647681442
counter/1/0/0/0,18688:1747647665208:,1747647681442
counter/9/0/0/0,22429:1747647666840:,1747647681442
counter/2/0/0/0,21431:1747647667335:,1747647681442
counter/5/0/0/0,19429:1747647665443:,1747647681442
counter/10/0/0/0,18319:1747647664428:,1747647681442
counter/4/0/0/0,17537:1747647665061:,1747647681442
counter/7/0/0/0,16893:1747647663025:,1747647681442
counter/9/0/0/0,22430:1747647666840:,1747647681442
counter/2/0/0/0,21432:1747647667335:,1747647681442
counter/5/0/0/0,19430:1747647665443:,1747647681442
counter/9/0/0/0,22431:1747647666840:,1747647681442
counter/2/0/0/0,21433:1747647667335:,1747647681442
counter/9/0/0/0,22432:1747647666843:,1747647681442
counter/2/0/0/0,21434:1747647667335:,1747647681442
counter/9/0/0/0,22433:1747647666843:,1747647681442
counter/2/0/0/0,21435:1747647667335:,1747647681442
counter/9/0/0/0,22434:1747647666843:,1747647681442
counter/2/0/0/0,21436:1747647667336:,1747647681442
counter/9/0/0/0,22435:1747647666843:,1747647681442
counter/2/0/0/0,21437:1747647667337:,1747647681442
counter/9/0/0/0,22436:1747647666843:,1747647681442
counter/2/0/0/0,21438:1747647667342:,1747647681442
counter/9/0/0/0,22437:1747647666843:,1747647681442
counter/2/0/0/0,21439:1747647667342:,1747647681442
counter/9/0/0/0,22438:1747647666847:,1747647681442
counter/2/0/0/0,21440:1747647667342:,1747647681442
counter/9/0/0/0,22439:1747647666847:,1747647681442
counter/2/0/0/0,21441:1747647667343:,1747647681442
counter/9/0/0/0,22440:1747647666847:,1747647681442
counter/2/0/0/0,21442:1747647667343:,1747647681442
counter/9/0/0/0,22441:1747647666847:,1747647681442
counter/2/0/0/0,21443:1747647667343:,1747647681442
counter/9/0/0/0,22442:1747647666848:,1747647681442
counter/2/0/0/0,21444:1747647667343:,1747647681442
counter/9/0/0/0,22443:1747647666848:,1747647681442
counter/2/0/0/0,21445:1747647667343:,1747647681442
counter/9/0/0/0,22444:1747647666848:,1747647681442
counter/2/0/0/0,21446:1747647667343:,1747647681442
counter/9/0/0/0,22445:1747647666848:,1747647681443
counter/2/0/0/0,21447:1747647667350:,1747647681443
counter/9/0/0/0,22446:1747647666848:,1747647681443
counter/2/0/0/0,21448:1747647667350:,1747647681443
counter/9/0/0/0,22447:1747647666848:,1747647681443
counter/2/0/0/0,21449:1747647667350:,1747647681443
counter/9/0/0/0,22448:1747647666848:,1747647681443
counter/2/0/0/0,21450:1747647667350:,1747647681443
counter/9/0/0/0,22449:1747647666848:,1747647681443
counter/2/0/0/0,21451:1747647667350:,1747647681443
counter/9/0/0/0,22450:1747647666848:,1747647681443
counter/2/0/0/0,21452:1747647667350:,1747647681443
counter/9/0/0/0,22451:1747647666848:,1747647681443
counter/2/0/0/0,21453:1747647667350:,1747647681443
counter/9/0/0/0,22452:1747647666848:,1747647681443
counter/2/0/0/0,21454:1747647667350:,1747647681443
counter/9/0/0/0,22453:1747647666848:,1747647681443
counter/2/0/0/0,21455:1747647667350:,1747647681443
counter/9/0/0/0,22454:1747647666848:,1747647681443
counter/2/0/0/0,21456:1747647667350:,1747647681443
counter/9/0/0/0,22455:1747647666849:,1747647681443
counter/2/0/0/0,21457:1747647667350:,1747647681443
counter/9/0/0/0,22456:1747647666849:,1747647681443
counter/2/0/0/0,21458:1747647667356:,1747647681443
counter/9/0/0/0,22457:1747647666849:,1747647681443
counter/2/0/0/0,21459:1747647667356:,1747647681443
counter/9/0/0/0,22458:1747647666849:,1747647681443
counter/2/0/0/0,21460:1747647667356:,1747647681443
counter/5/0/0/0,19431:1747647665443:,1747647681443
counter/9/0/0/0,22459:1747647666849:,1747647681443
counter/2/0/0/0,21461:1747647667356:,1747647681443
counter/5/0/0/0,19432:1747647665443:,1747647681443
counter/9/0/0/0,22460:1747647666849:,1747647681443
counter/2/0/0/0,21462:1747647667356:,1747647681443
counter/5/0/0/0,19433:1747647665443:,1747647681443
counter/7/0/0/0,16894:1747647663033:,1747647681443
counter/9/0/0/0,22461:1747647666849:,1747647681443
counter/2/0/0/0,21463:1747647667372:,1747647681443
counter/5/0/0/0,19434:1747647665443:,1747647681443
counter/3/0/0/0,17850:1747647664705:,1747647681444
counter/9/0/0/0,22462:1747647666849:,1747647681444
counter/2/0/0/0,21464:1747647667373:,1747647681444
counter/5/0/0/0,19435:1747647665443:,1747647681444
counter/9/0/0/0,22463:1747647666849:,1747647681444
counter/2/0/0/0,21465:1747647667373:,1747647681444
counter/9/0/0/0,22464:1747647666849:,1747647681444
counter/2/0/0/0,21466:1747647667373:,1747647681444
counter/9/0/0/0,22465:1747647666850:,1747647681444
counter/2/0/0/0,21467:1747647667373:,1747647681444
counter/8/0/0/0,20394:1747647665369:,1747647681444
counter/9/0/0/0,22466:1747647666850:,1747647681444
counter/2/0/0/0,21468:1747647667377:,1747647681444
counter/1/0/0/0,18689:1747647665212:,1747647681444
counter/9/0/0/0,22467:1747647666850:,1747647681444
counter/2/0/0/0,21469:1747647667377:,1747647681444
counter/1/0/0/0,18690:1747647665213:,1747647681444
counter/9/0/0/0,22468:1747647666850:,1747647681444
counter/2/0/0/0,21470:1747647667377:,1747647681444
counter/1/0/0/0,18691:1747647665213:,1747647681444
counter/3/0/0/0,17851:1747647664705:,1747647681444
counter/9/0/0/0,22469:1747647666850:,1747647681444
counter/2/0/0/0,21471:1747647667377:,1747647681444
counter/1/0/0/0,18692:1747647665213:,1747647681444
counter/5/0/0/0,19436:1747647665443:,1747647681444
counter/6/0/0/0,17413:1747647664662:,1747647681444
counter/9/0/0/0,22470:1747647666850:,1747647681444
counter/2/0/0/0,21472:1747647667377:,1747647681444
counter/1/0/0/0,18693:1747647665213:,1747647681444
counter/9/0/0/0,22471:1747647666854:,1747647681444
counter/2/0/0/0,21473:1747647667378:,1747647681444
counter/1/0/0/0,18694:1747647665213:,1747647681444
counter/9/0/0/0,22472:1747647666854:,1747647681444
counter/2/0/0/0,21474:1747647667378:,1747647681444
counter/1/0/0/0,18695:1747647665213:,1747647681444
counter/9/0/0/0,22473:1747647666854:,1747647681444
counter/2/0/0/0,21475:1747647667388:,1747647681444
counter/1/0/0/0,18696:1747647665213:,1747647681444
counter/9/0/0/0,22474:1747647666854:,1747647681445
counter/2/0/0/0,21476:1747647667388:,1747647681445
counter/1/0/0/0,18697:1747647665213:,1747647681445
counter/8/0/0/0,20395:1747647665369:,1747647681445
counter/9/0/0/0,22475:1747647666854:,1747647681445
counter/2/0/0/0,21477:1747647667388:,1747647681445
counter/1/0/0/0,18698:1747647665213:,1747647681445
counter/3/0/0/0,17852:1747647664705:,1747647681445
counter/5/0/0/0,19437:1747647665443:,1747647681445
counter/6/0/0/0,17414:1747647664662:,1747647681445
counter/9/0/0/0,22476:1747647666854:,1747647681445
counter/2/0/0/0,21478:1747647667390:,1747647681445
counter/1/0/0/0,18699:1747647665213:,1747647681445
counter/6/0/0/0,17415:1747647664662:,1747647681445
counter/7/0/0/0,16895:1747647663033:,1747647681445
counter/4/0/0/0,17538:1747647665061:,1747647681445
counter/9/0/0/0,22477:1747647666854:,1747647681445
counter/2/0/0/0,21479:1747647667393:,1747647681445
counter/1/0/0/0,18700:1747647665213:,1747647681445
counter/6/0/0/0,17416:1747647664664:,1747647681445
counter/9/0/0/0,22478:1747647666854:,1747647681445
counter/2/0/0/0,21480:1747647667393:,1747647681445
counter/6/0/0/0,17417:1747647664667:,1747647681445
counter/9/0/0/0,22479:1747647666854:,1747647681445
counter/2/0/0/0,21481:1747647667393:,1747647681445
counter/9/0/0/0,22480:1747647666854:,1747647681445
counter/2/0/0/0,21482:1747647667393:,1747647681445
counter/9/0/0/0,22481:1747647666854:,1747647681445
counter/2/0/0/0,21483:1747647667393:,1747647681445
counter/9/0/0/0,22482:1747647666854:,1747647681445
counter/2/0/0/0,21484:1747647667393:,1747647681445
counter/9/0/0/0,22483:1747647666855:,1747647681445
counter/2/0/0/0,21485:1747647667393:,1747647681445
counter/9/0/0/0,22484:1747647666856:,1747647681445
counter/2/0/0/0,21486:1747647667393:,1747647681445
counter/9/0/0/0,22485:1747647666856:,1747647681445
counter/2/0/0/0,21487:1747647667393:,1747647681445
counter/6/0/0/0,17418:1747647664667:,1747647681445
counter/9/0/0/0,22486:1747647666856:,1747647681445
counter/2/0/0/0,21488:1747647667394:,1747647681445
counter/4/0/0/0,17539:1747647665061:,1747647681446
counter/8/0/0/0,20396:1747647665369:,1747647681446
counter/9/0/0/0,22487:1747647666856:,1747647681446
counter/2/0/0/0,21489:1747647667394:,1747647681446
counter/3/0/0/0,17853:1747647664705:,1747647681446
counter/5/0/0/0,19438:1747647665443:,1747647681446
counter/7/0/0/0,16896:1747647663033:,1747647681446
counter/9/0/0/0,22488:1747647666856:,1747647681446
counter/2/0/0/0,21490:1747647667394:,1747647681446
counter/1/0/0/0,18701:1747647665213:,1747647681446
counter/9/0/0/0,22489:1747647666856:,1747647681446
counter/2/0/0/0,21491:1747647667394:,1747647681446
counter/9/0/0/0,22490:1747647666856:,1747647681446
counter/2/0/0/0,21492:1747647667395:,1747647681446
counter/9/0/0/0,22491:1747647666856:,1747647681446
counter/2/0/0/0,21493:1747647667399:,1747647681446
counter/9/0/0/0,22492:1747647666856:,1747647681446
counter/2/0/0/0,21494:1747647667399:,1747647681446
counter/9/0/0/0,22493:1747647666856:,1747647681446
counter/2/0/0/0,21495:1747647667399:,1747647681446
counter/9/0/0/0,22494:1747647666856:,1747647681446
counter/2/0/0/0,21496:1747647667399:,1747647681446
counter/9/0/0/0,22495:1747647666856:,1747647681446
counter/2/0/0/0,21497:1747647667399:,1747647681446
counter/9/0/0/0,22496:1747647666856:,1747647681446
counter/2/0/0/0,21498:1747647667399:,1747647681446
counter/9/0/0/0,22497:1747647666856:,1747647681446
counter/2/0/0/0,21499:1747647667402:,1747647681446
counter/9/0/0/0,22498:1747647666856:,1747647681446
counter/2/0/0/0,21500:1747647667403:,1747647681446
counter/9/0/0/0,22499:1747647666856:,1747647681446
counter/2/0/0/0,21501:1747647667403:,1747647681446
counter/9/0/0/0,22500:1747647666856:,1747647681446
counter/2/0/0/0,21502:1747647667403:,1747647681446
counter/9/0/0/0,22501:1747647666858:,1747647681446
counter/2/0/0/0,21503:1747647667403:,1747647681446
counter/9/0/0/0,22502:1747647666860:,1747647681446
counter/2/0/0/0,21504:1747647667403:,1747647681446
counter/9/0/0/0,22503:1747647666860:,1747647681446
counter/2/0/0/0,21505:1747647667403:,1747647681446
counter/9/0/0/0,22504:1747647666860:,1747647681446
counter/2/0/0/0,21506:1747647667403:,1747647681446
counter/9/0/0/0,22505:1747647666867:,1747647681447
counter/2/0/0/0,21507:1747647667403:,1747647681447
counter/9/0/0/0,22506:1747647666870:,1747647681447
counter/2/0/0/0,21508:1747647667405:,1747647681447
counter/9/0/0/0,22507:1747647666877:,1747647681447
counter/2/0/0/0,21509:1747647667405:,1747647681447
counter/9/0/0/0,22508:1747647666877:,1747647681447
counter/2/0/0/0,21510:1747647667405:,1747647681447
counter/9/0/0/0,22509:1747647666877:,1747647681447
counter/2/0/0/0,21511:1747647667405:,1747647681447
counter/9/0/0/0,22510:1747647666877:,1747647681447
counter/2/0/0/0,21512:1747647667405:,1747647681447
counter/9/0/0/0,22511:1747647666877:,1747647681447
counter/2/0/0/0,21513:1747647667405:,1747647681447
counter/9/0/0/0,22512:1747647666877:,1747647681447
counter/2/0/0/0,21514:1747647667405:,1747647681447
counter/9/0/0/0,22513:1747647666881:,1747647681447
counter/2/0/0/0,21515:1747647667405:,1747647681447
counter/9/0/0/0,22514:1747647666881:,1747647681447
counter/2/0/0/0,21516:1747647667406:,1747647681447
counter/9/0/0/0,22515:1747647666881:,1747647681447
counter/2/0/0/0,21517:1747647667406:,1747647681447
counter/9/0/0/0,22516:1747647666881:,1747647681447
counter/2/0/0/0,21518:1747647667406:,1747647681447
counter/9/0/0/0,22517:1747647666881:,1747647681447
counter/2/0/0/0,21519:1747647667406:,1747647681447
counter/9/0/0/0,22518:1747647666881:,1747647681447
counter/2/0/0/0,21520:1747647667406:,1747647681447
counter/9/0/0/0,22519:1747647666881:,1747647681447
counter/2/0/0/0,21521:1747647667406:,1747647681447
counter/9/0/0/0,22520:1747647666881:,1747647681447
counter/2/0/0/0,21522:1747647667406:,1747647681447
counter/9/0/0/0,22521:1747647666881:,1747647681447
counter/9/0/0/0,22522:1747647666881:,1747647681447
counter/9/0/0/0,22523:1747647666881:,1747647681447
counter/9/0/0/0,22524:1747647666881:,1747647681447
counter/9/0/0/0,22525:1747647666881:,1747647681447
counter/9/0/0/0,22526:1747647666882:,1747647681447
counter/9/0/0/0,22527:1747647666882:,1747647681447
counter/9/0/0/0,22528:1747647666883:,1747647681447
counter/9/0/0/0,22529:1747647666883:,1747647681447
counter/9/0/0/0,22530:1747647666883:,1747647681448
counter/9/0/0/0,22531:1747647666883:,1747647681448
counter/9/0/0/0,22532:1747647666883:,1747647681448
counter/9/0/0/0,22533:1747647666883:,1747647681448
counter/9/0/0/0,22534:1747647666883:,1747647681448
counter/9/0/0/0,22535:1747647666883:,1747647681448
counter/9/0/0/0,22536:1747647666883:,1747647681448
counter/9/0/0/0,22537:1747647666883:,1747647681448
counter/9/0/0/0,22538:1747647666883:,1747647681448
counter/9/0/0/0,22539:1747647666883:,1747647681448
counter/9/0/0/0,22540:1747647666883:,1747647681448
counter/9/0/0/0,22541:1747647666883:,1747647681448
counter/9/0/0/0,22542:1747647666883:,1747647681448
counter/9/0/0/0,22543:1747647666892:,1747647681448
counter/9/0/0/0,22544:1747647666892:,1747647681448
counter/9/0/0/0,22545:1747647666892:,1747647681448
counter/9/0/0/0,22546:1747647666892:,1747647681448
counter/9/0/0/0,22547:1747647666892:,1747647681448
counter/9/0/0/0,22548:1747647666892:,1747647681448
counter/9/0/0/0,22549:1747647666892:,1747647681448
counter/9/0/0/0,22550:1747647666892:,1747647681448
counter/9/0/0/0,22551:1747647666892:,1747647681448
counter/9/0/0/0,22552:1747647666892:,1747647681448
counter/9/0/0/0,22553:1747647666893:,1747647681448
counter/9/0/0/0,22554:1747647666893:,1747647681448
counter/9/0/0/0,22555:1747647666893:,1747647681448
counter/9/0/0/0,22556:1747647666893:,1747647681448
counter/9/0/0/0,22557:1747647666893:,1747647681448
counter/9/0/0/0,22558:1747647666893:,1747647681448
counter/9/0/0/0,22559:1747647666893:,1747647681448
counter/9/0/0/0,22560:1747647666893:,1747647681448
counter/9/0/0/0,22561:1747647666893:,1747647681448
counter/9/0/0/0,22562:1747647666893:,1747647681448
counter/9/0/0/0,22563:1747647666907:,1747647681448
counter/9/0/0/0,22564:1747647666907:,1747647681448
counter/9/0/0/0,22565:1747647666907:,1747647681448
counter/9/0/0/0,22566:1747647666907:,1747647681448
counter/9/0/0/0,22567:1747647666907:,1747647681448
counter/9/0/0/0,22568:1747647666907:,1747647681448
counter/9/0/0/0,22569:1747647666907:,1747647681448
counter/9/0/0/0,22570:1747647666907:,1747647681448
counter/5/0/0/0,19439:1747647665446:,1747647681448
counter/9/0/0/0,22571:1747647666907:,1747647681448
counter/5/0/0/0,19440:1747647665446:,1747647681448
counter/9/0/0/0,22572:1747647666907:,1747647681448
counter/4/0/0/0,17540:1747647665061:,1747647681448
counter/9/0/0/0,22573:1747647666907:,1747647681448
counter/8/0/0/0,20397:1747647665369:,1747647681449
counter/9/0/0/0,22574:1747647666907:,1747647681449
counter/6/0/0/0,17419:1747647664667:,1747647681449
counter/3/0/0/0,17854:1747647664707:,1747647681449
counter/9/0/0/0,22575:1747647666907:,1747647681449
counter/7/0/0/0,16897:1747647663033:,1747647681449
counter/9/0/0/0,22576:1747647666907:,1747647681449
counter/9/0/0/0,22577:1747647666907:,1747647681449
counter/2/0/0/0,21523:1747647667410:,1747647681449
counter/9/0/0/0,22578:1747647666908:,1747647681449
counter/5/0/0/0,19441:1747647665446:,1747647681449
counter/9/0/0/0,22579:1747647666908:,1747647681449
counter/9/0/0/0,22580:1747647666908:,1747647681449
counter/9/0/0/0,22581:1747647666910:,1747647681449
counter/9/0/0/0,22582:1747647666910:,1747647681449
counter/9/0/0/0,22583:1747647666910:,1747647681449
counter/9/0/0/0,22584:1747647666910:,1747647681449
counter/2/0/0/0,21524:1747647667410:,1747647681449
counter/9/0/0/0,22585:1747647666910:,1747647681449
counter/10/0/0/0,18320:1747647664428:,1747647681449
counter/9/0/0/0,22586:1747647666910:,1747647681449
counter/5/0/0/0,19442:1747647665446:,1747647681449
counter/9/0/0/0,22587:1747647666933:,1747647681449
counter/4/0/0/0,17541:1747647665061:,1747647681449
counter/8/0/0/0,20398:1747647665369:,1747647681449
counter/9/0/0/0,22588:1747647666933:,1747647681449
counter/6/0/0/0,17420:1747647664668:,1747647681449
counter/3/0/0/0,17855:1747647664707:,1747647681449
counter/9/0/0/0,22589:1747647666949:,1747647681449
counter/7/0/0/0,16898:1747647663040:,1747647681449
counter/1/0/0/0,18702:1747647665215:,1747647681449
counter/9/0/0/0,22590:1747647666950:,1747647681449
counter/2/0/0/0,21525:1747647667410:,1747647681449
counter/9/0/0/0,22591:1747647666950:,1747647681449
counter/2/0/0/0,21526:1747647667410:,1747647681449
counter/9/0/0/0,22592:1747647666950:,1747647681449
counter/2/0/0/0,21527:1747647667410:,1747647681449
counter/9/0/0/0,22593:1747647666950:,1747647681449
counter/2/0/0/0,21528:1747647667410:,1747647681449
counter/9/0/0/0,22594:1747647666950:,1747647681449
counter/2/0/0/0,21529:1747647667410:,1747647681450
counter/9/0/0/0,22595:1747647666952:,1747647681450
counter/2/0/0/0,21530:1747647667410:,1747647681450
counter/9/0/0/0,22596:1747647666952:,1747647681450
counter/2/0/0/0,21531:1747647667410:,1747647681450
counter/9/0/0/0,22597:1747647666952:,1747647681450
counter/2/0/0/0,21532:1747647667410:,1747647681450
counter/9/0/0/0,22598:1747647666952:,1747647681450
counter/2/0/0/0,21533:1747647667410:,1747647681450
counter/9/0/0/0,22599:1747647666952:,1747647681450
counter/2/0/0/0,21534:1747647667410:,1747647681450
counter/9/0/0/0,22600:1747647666952:,1747647681450
counter/2/0/0/0,21535:1747647667410:,1747647681450
counter/9/0/0/0,22601:1747647666952:,1747647681450
counter/2/0/0/0,21536:1747647667410:,1747647681450
counter/9/0/0/0,22602:1747647666952:,1747647681450
counter/2/0/0/0,21537:1747647667410:,1747647681450
counter/9/0/0/0,22603:1747647666954:,1747647681450
counter/2/0/0/0,21538:1747647667410:,1747647681450
counter/9/0/0/0,22604:1747647666954:,1747647681450
counter/2/0/0/0,21539:1747647667410:,1747647681450
counter/9/0/0/0,22605:1747647666954:,1747647681450
counter/2/0/0/0,21540:1747647667414:,1747647681450
counter/9/0/0/0,22606:1747647666954:,1747647681450
counter/2/0/0/0,21541:1747647667414:,1747647681450
counter/9/0/0/0,22607:1747647666954:,1747647681450
counter/2/0/0/0,21542:1747647667414:,1747647681450
counter/9/0/0/0,22608:1747647666954:,1747647681450
counter/2/0/0/0,21543:1747647667414:,1747647681450
counter/9/0/0/0,22609:1747647666962:,1747647681450
counter/2/0/0/0,21544:1747647667414:,1747647681450
counter/9/0/0/0,22610:1747647666962:,1747647681450
counter/2/0/0/0,21545:1747647667414:,1747647681450
counter/9/0/0/0,22611:1747647666970:,1747647681450
counter/2/0/0/0,21546:1747647667414:,1747647681450
counter/9/0/0/0,22612:1747647666970:,1747647681450
counter/2/0/0/0,21547:1747647667414:,1747647681450
counter/9/0/0/0,22613:1747647666970:,1747647681450
counter/2/0/0/0,21548:1747647667414:,1747647681450
counter/9/0/0/0,22614:1747647666970:,1747647681450
counter/2/0/0/0,21549:1747647667414:,1747647681450
counter/9/0/0/0,22615:1747647666970:,1747647681450
counter/2/0/0/0,21550:1747647667415:,1747647681450
counter/9/0/0/0,22616:1747647666970:,1747647681451
counter/2/0/0/0,21551:1747647667415:,1747647681451
counter/9/0/0/0,22617:1747647666971:,1747647681451
counter/2/0/0/0,21552:1747647667415:,1747647681451
counter/9/0/0/0,22618:1747647666971:,1747647681451
counter/2/0/0/0,21553:1747647667415:,1747647681451
counter/9/0/0/0,22619:1747647666971:,1747647681451
counter/2/0/0/0,21554:1747647667419:,1747647681451
counter/9/0/0/0,22620:1747647666971:,1747647681451
counter/2/0/0/0,21555:1747647667419:,1747647681451
counter/9/0/0/0,22621:1747647666971:,1747647681451
counter/2/0/0/0,21556:1747647667419:,1747647681451
counter/9/0/0/0,22622:1747647666971:,1747647681451
counter/2/0/0/0,21557:1747647667419:,1747647681451
counter/9/0/0/0,22623:1747647666974:,1747647681451
counter/2/0/0/0,21558:1747647667419:,1747647681451
counter/9/0/0/0,22624:1747647666975:,1747647681451
counter/2/0/0/0,21559:1747647667419:,1747647681451
counter/9/0/0/0,22625:1747647666976:,1747647681451
counter/2/0/0/0,21560:1747647667419:,1747647681451
counter/9/0/0/0,22626:1747647666976:,1747647681451
counter/2/0/0/0,21561:1747647667419:,1747647681451
counter/9/0/0/0,22627:1747647666976:,1747647681451
counter/2/0/0/0,21562:1747647667419:,1747647681451
counter/9/0/0/0,22628:1747647666976:,1747647681451
counter/2/0/0/0,21563:1747647667419:,1747647681451
counter/9/0/0/0,22629:1747647666976:,1747647681451
counter/2/0/0/0,21564:1747647667419:,1747647681451
counter/9/0/0/0,22630:1747647666976:,1747647681451
counter/2/0/0/0,21565:1747647667419:,1747647681451
counter/9/0/0/0,22631:1747647666989:,1747647681451
counter/2/0/0/0,21566:1747647667419:,1747647681451
counter/9/0/0/0,22632:1747647666989:,1747647681451
counter/2/0/0/0,21567:1747647667420:,1747647681451
counter/9/0/0/0,22633:1747647666989:,1747647681451
counter/2/0/0/0,21568:1747647667420:,1747647681451
counter/9/0/0/0,22634:1747647666989:,1747647681451
counter/2/0/0/0,21569:1747647667420:,1747647681451
counter/9/0/0/0,22635:1747647666989:,1747647681451
counter/2/0/0/0,21570:1747647667428:,1747647681451
counter/9/0/0/0,22636:1747647666989:,1747647681452
counter/2/0/0/0,21571:1747647667428:,1747647681452
counter/9/0/0/0,22637:1747647666989:,1747647681452
counter/2/0/0/0,21572:1747647667428:,1747647681452
counter/9/0/0/0,22638:1747647666989:,1747647681452
counter/2/0/0/0,21573:1747647667428:,1747647681452
counter/9/0/0/0,22639:1747647666989:,1747647681452
counter/2/0/0/0,21574:1747647667428:,1747647681452
counter/9/0/0/0,22640:1747647666989:,1747647681452
counter/2/0/0/0,21575:1747647667428:,1747647681452
counter/9/0/0/0,22641:1747647666989:,1747647681452
counter/2/0/0/0,21576:1747647667428:,1747647681452
counter/9/0/0/0,22642:1747647666989:,1747647681452
counter/2/0/0/0,21577:1747647667428:,1747647681452
counter/9/0/0/0,22643:1747647666995:,1747647681452
counter/2/0/0/0,21578:1747647667428:,1747647681452
counter/9/0/0/0,22644:1747647666995:,1747647681452
counter/2/0/0/0,21579:1747647667428:,1747647681452
counter/9/0/0/0,22645:1747647666995:,1747647681452
counter/2/0/0/0,21580:1747647667428:,1747647681452
counter/9/0/0/0,22646:1747647666995:,1747647681452
counter/2/0/0/0,21581:1747647667428:,1747647681452
counter/9/0/0/0,22647:1747647666995:,1747647681452
counter/2/0/0/0,21582:1747647667428:,1747647681452
counter/9/0/0/0,22648:1747647666995:,1747647681452
counter/2/0/0/0,21583:1747647667428:,1747647681452
counter/9/0/0/0,22649:1747647666995:,1747647681452
counter/2/0/0/0,21584:1747647667428:,1747647681452
counter/9/0/0/0,22650:1747647666996:,1747647681452
counter/2/0/0/0,21585:1747647667428:,1747647681452
counter/9/0/0/0,22651:1747647666996:,1747647681452
counter/2/0/0/0,21586:1747647667428:,1747647681452
counter/9/0/0/0,22652:1747647666996:,1747647681452
counter/2/0/0/0,21587:1747647667428:,1747647681452
counter/9/0/0/0,22653:1747647666996:,1747647681452
counter/2/0/0/0,21588:1747647667429:,1747647681452
counter/9/0/0/0,22654:1747647666996:,1747647681452
counter/2/0/0/0,21589:1747647667429:,1747647681452
counter/9/0/0/0,22655:1747647666996:,1747647681452
counter/2/0/0/0,21590:1747647667429:,1747647681452
counter/9/0/0/0,22656:1747647666996:,1747647681452
counter/2/0/0/0,21591:1747647667429:,1747647681452
counter/9/0/0/0,22657:1747647666999:,1747647681452
counter/2/0/0/0,21592:1747647667429:,1747647681452
counter/9/0/0/0,22658:1747647666999:,1747647681452
counter/2/0/0/0,21593:1747647667429:,1747647681453
counter/9/0/0/0,22659:1747647666999:,1747647681453
counter/2/0/0/0,21594:1747647667435:,1747647681453
counter/9/0/0/0,22660:1747647666999:,1747647681453
counter/2/0/0/0,21595:1747647667435:,1747647681453
counter/9/0/0/0,22661:1747647666999:,1747647681453
counter/2/0/0/0,21596:1747647667435:,1747647681453
counter/9/0/0/0,22662:1747647666999:,1747647681453
counter/2/0/0/0,21597:1747647667435:,1747647681453
counter/9/0/0/0,22663:1747647667002:,1747647681453
counter/2/0/0/0,21598:1747647667435:,1747647681453
counter/5/0/0/0,19443:1747647665446:,1747647681453
counter/4/0/0/0,17542:1747647665068:,1747647681453
counter/9/0/0/0,22664:1747647667002:,1747647681453
counter/2/0/0/0,21599:1747647667435:,1747647681453
counter/6/0/0/0,17421:1747647664668:,1747647681453
counter/3/0/0/0,17856:1747647664707:,1747647681453
counter/9/0/0/0,22665:1747647667002:,1747647681453
counter/2/0/0/0,21600:1747647667435:,1747647681453
counter/8/0/0/0,20399:1747647665369:,1747647681453
counter/7/0/0/0,16899:1747647663040:,1747647681453
counter/9/0/0/0,22666:1747647667002:,1747647681453
counter/2/0/0/0,21601:1747647667436:,1747647681453
counter/1/0/0/0,18703:1747647665216:,1747647681453
counter/9/0/0/0,22667:1747647667002:,1747647681453
counter/2/0/0/0,21602:1747647667437:,1747647681453
counter/9/0/0/0,22668:1747647667002:,1747647681453
counter/2/0/0/0,21603:1747647667437:,1747647681453
counter/9/0/0/0,22669:1747647667002:,1747647681453
counter/2/0/0/0,21604:1747647667437:,1747647681453
counter/9/0/0/0,22670:1747647667002:,1747647681453
counter/2/0/0/0,21605:1747647667437:,1747647681453
counter/9/0/0/0,22671:1747647667002:,1747647681453
counter/2/0/0/0,21606:1747647667437:,1747647681453
counter/9/0/0/0,22672:1747647667002:,1747647681453
counter/2/0/0/0,21607:1747647667437:,1747647681453
counter/9/0/0/0,22673:1747647667002:,1747647681453
counter/2/0/0/0,21608:1747647667437:,1747647681453
counter/9/0/0/0,22674:1747647667008:,1747647681453
counter/2/0/0/0,21609:1747647667437:,1747647681453
counter/9/0/0/0,22675:1747647667008:,1747647681453
counter/2/0/0/0,21610:1747647667437:,1747647681453
counter/9/0/0/0,22676:1747647667008:,1747647681453
counter/2/0/0/0,21611:1747647667437:,1747647681453
counter/9/0/0/0,22677:1747647667008:,1747647681454
counter/2/0/0/0,21612:1747647667437:,1747647681454
counter/9/0/0/0,22678:1747647667008:,1747647681454
counter/2/0/0/0,21613:1747647667437:,1747647681454
counter/9/0/0/0,22679:1747647667009:,1747647681454
counter/2/0/0/0,21614:1747647667437:,1747647681454
counter/9/0/0/0,22680:1747647667032:,1747647681454
counter/2/0/0/0,21615:1747647667437:,1747647681454
counter/9/0/0/0,22681:1747647667037:,1747647681454
counter/2/0/0/0,21616:1747647667437:,1747647681454
counter/9/0/0/0,22682:1747647667037:,1747647681454
counter/2/0/0/0,21617:1747647667437:,1747647681454
counter/9/0/0/0,22683:1747647667037:,1747647681454
counter/2/0/0/0,21618:1747647667437:,1747647681454
counter/9/0/0/0,22684:1747647667037:,1747647681454
counter/2/0/0/0,21619:1747647667437:,1747647681454
counter/9/0/0/0,22685:1747647667038:,1747647681454
counter/2/0/0/0,21620:1747647667439:,1747647681454
counter/9/0/0/0,22686:1747647667038:,1747647681454
counter/2/0/0/0,21621:1747647667442:,1747647681454
counter/9/0/0/0,22687:1747647667038:,1747647681454
counter/2/0/0/0,21622:1747647667442:,1747647681454
counter/9/0/0/0,22688:1747647667038:,1747647681454
counter/2/0/0/0,21623:1747647667442:,1747647681454
counter/9/0/0/0,22689:1747647667038:,1747647681454
counter/2/0/0/0,21624:1747647667443:,1747647681454
counter/9/0/0/0,22690:1747647667038:,1747647681454
counter/2/0/0/0,21625:1747647667443:,1747647681454
counter/9/0/0/0,22691:1747647667038:,1747647681454
counter/2/0/0/0,21626:1747647667443:,1747647681454
counter/9/0/0/0,22692:1747647667038:,1747647681454
counter/2/0/0/0,21627:1747647667443:,1747647681454
counter/9/0/0/0,22693:1747647667038:,1747647681454
counter/2/0/0/0,21628:1747647667443:,1747647681454
counter/9/0/0/0,22694:1747647667038:,1747647681454
counter/2/0/0/0,21629:1747647667443:,1747647681454
counter/9/0/0/0,22695:1747647667040:,1747647681455
counter/2/0/0/0,21630:1747647667443:,1747647681455
counter/9/0/0/0,22696:1747647667040:,1747647681455
counter/2/0/0/0,21631:1747647667443:,1747647681455
counter/9/0/0/0,22697:1747647667040:,1747647681455
counter/2/0/0/0,21632:1747647667443:,1747647681455
counter/9/0/0/0,22698:1747647667040:,1747647681455
counter/2/0/0/0,21633:1747647667443:,1747647681455
counter/9/0/0/0,22699:1747647667040:,1747647681455
counter/2/0/0/0,21634:1747647667443:,1747647681455
counter/9/0/0/0,22700:1747647667040:,1747647681455
counter/2/0/0/0,21635:1747647667443:,1747647681455
counter/9/0/0/0,22701:1747647667040:,1747647681455
counter/2/0/0/0,21636:1747647667443:,1747647681455
counter/9/0/0/0,22702:1747647667040:,1747647681455
counter/2/0/0/0,21637:1747647667443:,1747647681455
counter/9/0/0/0,22703:1747647667041:,1747647681455
counter/2/0/0/0,21638:1747647667443:,1747647681455
counter/9/0/0/0,22704:1747647667053:,1747647681455
counter/2/0/0/0,21639:1747647667443:,1747647681455
counter/9/0/0/0,22705:1747647667054:,1747647681455
counter/2/0/0/0,21640:1747647667443:,1747647681455
counter/9/0/0/0,22706:1747647667054:,1747647681455
counter/2/0/0/0,21641:1747647667443:,1747647681455
counter/9/0/0/0,22707:1747647667054:,1747647681455
counter/2/0/0/0,21642:1747647667443:,1747647681455
counter/9/0/0/0,22708:1747647667054:,1747647681455
counter/2/0/0/0,21643:1747647667445:,1747647681455
counter/9/0/0/0,22709:1747647667054:,1747647681455
counter/2/0/0/0,21644:1747647667445:,1747647681455
counter/9/0/0/0,22710:1747647667054:,1747647681455
counter/2/0/0/0,21645:1747647667445:,1747647681455
counter/9/0/0/0,22711:1747647667054:,1747647681455
counter/2/0/0/0,21646:1747647667445:,1747647681455
counter/9/0/0/0,22712:1747647667054:,1747647681455
counter/2/0/0/0,21647:1747647667448:,1747647681455
counter/9/0/0/0,22713:1747647667054:,1747647681455
counter/2/0/0/0,21648:1747647667448:,1747647681455
counter/9/0/0/0,22714:1747647667058:,1747647681455
counter/2/0/0/0,21649:1747647667448:,1747647681456
counter/9/0/0/0,22715:1747647667058:,1747647681456
counter/2/0/0/0,21650:1747647667448:,1747647681456
counter/9/0/0/0,22716:1747647667058:,1747647681456
counter/2/0/0/0,21651:1747647667448:,1747647681456
counter/9/0/0/0,22717:1747647667058:,1747647681456
counter/2/0/0/0,21652:1747647667448:,1747647681456
counter/9/0/0/0,22718:1747647667058:,1747647681456
counter/2/0/0/0,21653:1747647667448:,1747647681456
counter/9/0/0/0,22719:1747647667059:,1747647681456
counter/2/0/0/0,21654:1747647667448:,1747647681456
counter/9/0/0/0,22720:1747647667059:,1747647681456
counter/2/0/0/0,21655:1747647667448:,1747647681456
counter/9/0/0/0,22721:1747647667071:,1747647681456
counter/2/0/0/0,21656:1747647667448:,1747647681456
counter/9/0/0/0,22722:1747647667071:,1747647681456
counter/2/0/0/0,21657:1747647667448:,1747647681456
counter/9/0/0/0,22723:1747647667071:,1747647681456
counter/2/0/0/0,21658:1747647667448:,1747647681456
counter/9/0/0/0,22724:1747647667071:,1747647681456
counter/2/0/0/0,21659:1747647667448:,1747647681456
counter/9/0/0/0,22725:1747647667071:,1747647681456
counter/2/0/0/0,21660:1747647667451:,1747647681456
counter/9/0/0/0,22726:1747647667071:,1747647681456
counter/2/0/0/0,21661:1747647667451:,1747647681456
counter/9/0/0/0,22727:1747647667071:,1747647681456
counter/2/0/0/0,21662:1747647667451:,1747647681456
counter/9/0/0/0,22728:1747647667071:,1747647681456
counter/2/0/0/0,21663:1747647667451:,1747647681456
counter/9/0/0/0,22729:1747647667071:,1747647681456
counter/2/0/0/0,21664:1747647667451:,1747647681456
counter/9/0/0/0,22730:1747647667072:,1747647681456
counter/2/0/0/0,21665:1747647667451:,1747647681456
counter/9/0/0/0,22731:1747647667072:,1747647681456
counter/2/0/0/0,21666:1747647667451:,1747647681456
counter/9/0/0/0,22732:1747647667072:,1747647681456
counter/2/0/0/0,21667:1747647667451:,1747647681457
counter/9/0/0/0,22733:1747647667072:,1747647681457
counter/2/0/0/0,21668:1747647667451:,1747647681457
counter/9/0/0/0,22734:1747647667072:,1747647681457
counter/2/0/0/0,21669:1747647667451:,1747647681457
counter/9/0/0/0,22735:1747647667072:,1747647681457
counter/2/0/0/0,21670:1747647667451:,1747647681457
counter/9/0/0/0,22736:1747647667072:,1747647681457
counter/2/0/0/0,21671:1747647667451:,1747647681457
counter/9/0/0/0,22737:1747647667072:,1747647681457
counter/2/0/0/0,21672:1747647667451:,1747647681457
counter/9/0/0/0,22738:1747647667078:,1747647681457
counter/2/0/0/0,21673:1747647667456:,1747647681457
counter/9/0/0/0,22739:1747647667078:,1747647681457
counter/2/0/0/0,21674:1747647667456:,1747647681457
counter/9/0/0/0,22740:1747647667078:,1747647681457
counter/2/0/0/0,21675:1747647667456:,1747647681457
counter/9/0/0/0,22741:1747647667078:,1747647681457
counter/2/0/0/0,21676:1747647667491:,1747647681457
counter/9/0/0/0,22742:1747647667078:,1747647681457
counter/2/0/0/0,21677:1747647667491:,1747647681457
counter/9/0/0/0,22743:1747647667078:,1747647681457
counter/2/0/0/0,21678:1747647667491:,1747647681457
counter/9/0/0/0,22744:1747647667078:,1747647681457
counter/2/0/0/0,21679:1747647667491:,1747647681457
counter/9/0/0/0,22745:1747647667078:,1747647681457
counter/2/0/0/0,21680:1747647667491:,1747647681457
counter/9/0/0/0,22746:1747647667078:,1747647681457
counter/2/0/0/0,21681:1747647667492:,1747647681457
counter/9/0/0/0,22747:1747647667078:,1747647681457
counter/2/0/0/0,21682:1747647667492:,1747647681457
counter/9/0/0/0,22748:1747647667078:,1747647681457
counter/2/0/0/0,21683:1747647667492:,1747647681457
counter/9/0/0/0,22749:1747647667098:,1747647681457
counter/2/0/0/0,21684:1747647667492:,1747647681457
counter/9/0/0/0,22750:1747647667098:,1747647681457
counter/2/0/0/0,21685:1747647667492:,1747647681457
counter/9/0/0/0,22751:1747647667098:,1747647681457
counter/2/0/0/0,21686:1747647667492:,1747647681457
counter/9/0/0/0,22752:1747647667098:,1747647681457
counter/2/0/0/0,21687:1747647667492:,1747647681457
counter/9/0/0/0,22753:1747647667098:,1747647681458
counter/2/0/0/0,21688:1747647667492:,1747647681458
counter/9/0/0/0,22754:1747647667099:,1747647681458
counter/2/0/0/0,21689:1747647667492:,1747647681458
counter/9/0/0/0,22755:1747647667099:,1747647681458
counter/2/0/0/0,21690:1747647667492:,1747647681458
counter/9/0/0/0,22756:1747647667099:,1747647681458
counter/2/0/0/0,21691:1747647667492:,1747647681458
counter/9/0/0/0,22757:1747647667099:,1747647681458
counter/2/0/0/0,21692:1747647667492:,1747647681458
counter/9/0/0/0,22758:1747647667099:,1747647681458
counter/2/0/0/0,21693:1747647667492:,1747647681458
counter/9/0/0/0,22759:1747647667099:,1747647681458
counter/2/0/0/0,21694:1747647667492:,1747647681458
counter/9/0/0/0,22760:1747647667099:,1747647681458
counter/2/0/0/0,21695:1747647667492:,1747647681458
counter/9/0/0/0,22761:1747647667099:,1747647681458
counter/2/0/0/0,21696:1747647667492:,1747647681458
counter/9/0/0/0,22762:1747647667099:,1747647681458
counter/2/0/0/0,21697:1747647667492:,1747647681458
counter/9/0/0/0,22763:1747647667099:,1747647681458
counter/2/0/0/0,21698:1747647667502:,1747647681458
counter/9/0/0/0,22764:1747647667099:,1747647681458
counter/2/0/0/0,21699:1747647667502:,1747647681458
counter/9/0/0/0,22765:1747647667100:,1747647681458
counter/2/0/0/0,21700:1747647667502:,1747647681458
counter/9/0/0/0,22766:1747647667106:,1747647681458
counter/2/0/0/0,21701:1747647667503:,1747647681458
counter/9/0/0/0,22767:1747647667106:,1747647681458
counter/2/0/0/0,21702:1747647667503:,1747647681458
counter/9/0/0/0,22768:1747647667106:,1747647681458
counter/2/0/0/0,21703:1747647667503:,1747647681458
counter/9/0/0/0,22769:1747647667106:,1747647681458
counter/2/0/0/0,21704:1747647667504:,1747647681458
counter/9/0/0/0,22770:1747647667106:,1747647681458
counter/2/0/0/0,21705:1747647667504:,1747647681458
counter/9/0/0/0,22771:1747647667106:,1747647681458
counter/2/0/0/0,21706:1747647667504:,1747647681458
counter/9/0/0/0,22772:1747647667106:,1747647681458
counter/2/0/0/0,21707:1747647667504:,1747647681458
counter/9/0/0/0,22773:1747647667106:,1747647681459
counter/2/0/0/0,21708:1747647667504:,1747647681459
counter/9/0/0/0,22774:1747647667106:,1747647681459
counter/2/0/0/0,21709:1747647667504:,1747647681459
counter/9/0/0/0,22775:1747647667106:,1747647681459
counter/2/0/0/0,21710:1747647667504:,1747647681459
counter/9/0/0/0,22776:1747647667106:,1747647681459
counter/2/0/0/0,21711:1747647667504:,1747647681459
counter/9/0/0/0,22777:1747647667106:,1747647681459
counter/2/0/0/0,21712:1747647667504:,1747647681459
counter/9/0/0/0,22778:1747647667106:,1747647681459
counter/2/0/0/0,21713:1747647667504:,1747647681459
counter/9/0/0/0,22779:1747647667106:,1747647681459
counter/2/0/0/0,21714:1747647667504:,1747647681459
counter/7/0/0/0,16900:1747647663040:,1747647681459
counter/9/0/0/0,22780:1747647667106:,1747647681459
counter/2/0/0/0,21715:1747647667504:,1747647681459
counter/3/0/0/0,17857:1747647664707:,1747647681459
counter/1/0/0/0,18704:1747647665216:,1747647681459
counter/9/0/0/0,22781:1747647667106:,1747647681459
counter/2/0/0/0,21716:1747647667504:,1747647681459
counter/10/0/0/0,18321:1747647664428:,1747647681459
counter/4/0/0/0,17543:1747647665071:,1747647681459
counter/6/0/0/0,17422:1747647664668:,1747647681459
counter/9/0/0/0,22782:1747647667122:,1747647681459
counter/2/0/0/0,21717:1747647667504:,1747647681459
counter/5/0/0/0,19444:1747647665446:,1747647681459
counter/9/0/0/0,22783:1747647667122:,1747647681459
counter/2/0/0/0,21718:1747647667504:,1747647681459
counter/9/0/0/0,22784:1747647667122:,1747647681459
counter/2/0/0/0,21719:1747647667504:,1747647681459
counter/9/0/0/0,22785:1747647667122:,1747647681459
counter/2/0/0/0,21720:1747647667504:,1747647681459
counter/9/0/0/0,22786:1747647667122:,1747647681459
counter/2/0/0/0,21721:1747647667504:,1747647681459
counter/9/0/0/0,22787:1747647667122:,1747647681459
counter/2/0/0/0,21722:1747647667504:,1747647681459
counter/9/0/0/0,22788:1747647667129:,1747647681460
counter/2/0/0/0,21723:1747647667513:,1747647681460
counter/9/0/0/0,22789:1747647667129:,1747647681460
counter/2/0/0/0,21724:1747647667513:,1747647681460
counter/9/0/0/0,22790:1747647667129:,1747647681460
counter/2/0/0/0,21725:1747647667513:,1747647681460
counter/9/0/0/0,22791:1747647667133:,1747647681460
counter/2/0/0/0,21726:1747647667513:,1747647681460
counter/9/0/0/0,22792:1747647667133:,1747647681460
counter/2/0/0/0,21727:1747647667513:,1747647681460
counter/9/0/0/0,22793:1747647667133:,1747647681460
counter/2/0/0/0,21728:1747647667513:,1747647681460
counter/9/0/0/0,22794:1747647667133:,1747647681460
counter/2/0/0/0,21729:1747647667513:,1747647681460
counter/9/0/0/0,22795:1747647667133:,1747647681460
counter/2/0/0/0,21730:1747647667513:,1747647681460
counter/9/0/0/0,22796:1747647667133:,1747647681460
counter/2/0/0/0,21731:1747647667513:,1747647681460
counter/9/0/0/0,22797:1747647667133:,1747647681460
counter/2/0/0/0,21732:1747647667513:,1747647681460
counter/9/0/0/0,22798:1747647667133:,1747647681460
counter/2/0/0/0,21733:1747647667514:,1747647681460
counter/9/0/0/0,22799:1747647667135:,1747647681460
counter/2/0/0/0,21734:1747647667514:,1747647681460
counter/9/0/0/0,22800:1747647667135:,1747647681460
counter/2/0/0/0,21735:1747647667514:,1747647681460
counter/9/0/0/0,22801:1747647667135:,1747647681460
counter/2/0/0/0,21736:1747647667515:,1747647681460
counter/9/0/0/0,22802:1747647667135:,1747647681460
counter/2/0/0/0,21737:1747647667515:,1747647681460
counter/9/0/0/0,22803:1747647667135:,1747647681460
counter/2/0/0/0,21738:1747647667515:,1747647681460
counter/5/0/0/0,19445:1747647665446:,1747647681460
counter/9/0/0/0,22804:1747647667136:,1747647681460
counter/2/0/0/0,21739:1747647667515:,1747647681460
counter/5/0/0/0,19446:1747647665446:,1747647681460
counter/9/0/0/0,22805:1747647667136:,1747647681460
counter/2/0/0/0,21740:1747647667515:,1747647681460
counter/5/0/0/0,19447:1747647665446:,1747647681460
counter/9/0/0/0,22806:1747647667147:,1747647681460
counter/2/0/0/0,21741:1747647667515:,1747647681461
counter/5/0/0/0,19448:1747647665446:,1747647681461
counter/9/0/0/0,22807:1747647667148:,1747647681461
counter/2/0/0/0,21742:1747647667515:,1747647681461
counter/5/0/0/0,19449:1747647665446:,1747647681461
counter/9/0/0/0,22808:1747647667148:,1747647681461
counter/2/0/0/0,21743:1747647667515:,1747647681461
counter/5/0/0/0,19450:1747647665446:,1747647681461
counter/9/0/0/0,22809:1747647667148:,1747647681461
counter/2/0/0/0,21744:1747647667515:,1747647681461
counter/5/0/0/0,19451:1747647665446:,1747647681461
counter/9/0/0/0,22810:1747647667148:,1747647681461
counter/2/0/0/0,21745:1747647667515:,1747647681461
counter/5/0/0/0,19452:1747647665446:,1747647681461
counter/9/0/0/0,22811:1747647667148:,1747647681461
counter/2/0/0/0,21746:1747647667515:,1747647681461
counter/5/0/0/0,19453:1747647665446:,1747647681461
counter/9/0/0/0,22812:1747647667149:,1747647681461
counter/2/0/0/0,21747:1747647667515:,1747647681461
counter/5/0/0/0,19454:1747647665446:,1747647681461
counter/9/0/0/0,22813:1747647667149:,1747647681461
counter/2/0/0/0,21748:1747647667515:,1747647681461
counter/5/0/0/0,19455:1747647665446:,1747647681461
counter/9/0/0/0,22814:1747647667149:,1747647681461
counter/2/0/0/0,21749:1747647667515:,1747647681461
counter/5/0/0/0,19456:1747647665448:,1747647681461
counter/9/0/0/0,22815:1747647667149:,1747647681461
counter/2/0/0/0,21750:1747647667515:,1747647681461
counter/5/0/0/0,19457:1747647665448:,1747647681461
counter/9/0/0/0,22816:1747647667149:,1747647681461
counter/2/0/0/0,21751:1747647667515:,1747647681461
counter/5/0/0/0,19458:1747647665448:,1747647681461
counter/9/0/0/0,22817:1747647667149:,1747647681461
counter/2/0/0/0,21752:1747647667528:,1747647681461
counter/5/0/0/0,19459:1747647665448:,1747647681461
counter/9/0/0/0,22818:1747647667150:,1747647681461
counter/2/0/0/0,21753:1747647667529:,1747647681461
counter/5/0/0/0,19460:1747647665448:,1747647681461
counter/9/0/0/0,22819:1747647667150:,1747647681461
counter/2/0/0/0,21754:1747647667529:,1747647681461
counter/5/0/0/0,19461:1747647665448:,1747647681462
counter/9/0/0/0,22820:1747647667150:,1747647681462
counter/2/0/0/0,21755:1747647667529:,1747647681462
counter/5/0/0/0,19462:1747647665448:,1747647681462
counter/9/0/0/0,22821:1747647667150:,1747647681462
counter/2/0/0/0,21756:1747647667529:,1747647681462
counter/5/0/0/0,19463:1747647665448:,1747647681462
counter/9/0/0/0,22822:1747647667150:,1747647681462
counter/2/0/0/0,21757:1747647667529:,1747647681462
counter/5/0/0/0,19464:1747647665448:,1747647681462
counter/9/0/0/0,22823:1747647667150:,1747647681462
counter/2/0/0/0,21758:1747647667529:,1747647681462
counter/5/0/0/0,19465:1747647665448:,1747647681462
counter/9/0/0/0,22824:1747647667150:,1747647681462
counter/2/0/0/0,21759:1747647667529:,1747647681462
counter/5/0/0/0,19466:1747647665448:,1747647681462
counter/6/0/0/0,17423:1747647664668:,1747647681462
counter/9/0/0/0,22825:1747647667150:,1747647681462
counter/2/0/0/0,21760:1747647667529:,1747647681462
counter/5/0/0/0,19467:1747647665448:,1747647681462
counter/6/0/0/0,17424:1747647664668:,1747647681462
counter/7/0/0/0,16901:1747647663040:,1747647681462
counter/9/0/0/0,22826:1747647667150:,1747647681462
counter/2/0/0/0,21761:1747647667529:,1747647681462
counter/5/0/0/0,19468:1747647665449:,1747647681462
counter/6/0/0/0,17425:1747647664668:,1747647681462
counter/9/0/0/0,22827:1747647667150:,1747647681462
counter/2/0/0/0,21762:1747647667529:,1747647681462
counter/5/0/0/0,19469:1747647665452:,1747647681462
counter/9/0/0/0,22828:1747647667150:,1747647681462
counter/2/0/0/0,21763:1747647667529:,1747647681462
counter/5/0/0/0,19470:1747647665452:,1747647681462
counter/9/0/0/0,22829:1747647667152:,1747647681462
counter/2/0/0/0,21764:1747647667529:,1747647681462
counter/5/0/0/0,19471:1747647665452:,1747647681462
counter/9/0/0/0,22830:1747647667152:,1747647681462
counter/2/0/0/0,21765:1747647667529:,1747647681462
counter/5/0/0/0,19472:1747647665452:,1747647681462
counter/9/0/0/0,22831:1747647667152:,1747647681462
counter/2/0/0/0,21766:1747647667529:,1747647681462
counter/5/0/0/0,19473:1747647665452:,1747647681463
counter/9/0/0/0,22832:1747647667152:,1747647681463
counter/2/0/0/0,21767:1747647667529:,1747647681463
counter/5/0/0/0,19474:1747647665452:,1747647681463
counter/9/0/0/0,22833:1747647667152:,1747647681463
counter/2/0/0/0,21768:1747647667529:,1747647681463
counter/5/0/0/0,19475:1747647665452:,1747647681463
counter/9/0/0/0,22834:1747647667152:,1747647681463
counter/2/0/0/0,21769:1747647667529:,1747647681463
counter/5/0/0/0,19476:1747647665452:,1747647681463
counter/9/0/0/0,22835:1747647667152:,1747647681463
counter/2/0/0/0,21770:1747647667529:,1747647681463
counter/5/0/0/0,19477:1747647665452:,1747647681463
counter/9/0/0/0,22836:1747647667152:,1747647681463
counter/2/0/0/0,21771:1747647667535:,1747647681463
counter/5/0/0/0,19478:1747647665452:,1747647681463
counter/9/0/0/0,22837:1747647667152:,1747647681463
counter/2/0/0/0,21772:1747647667538:,1747647681463
counter/5/0/0/0,19479:1747647665452:,1747647681463
counter/9/0/0/0,22838:1747647667153:,1747647681463
counter/2/0/0/0,21773:1747647667538:,1747647681463
counter/5/0/0/0,19480:1747647665452:,1747647681463
counter/9/0/0/0,22839:1747647667153:,1747647681463
counter/2/0/0/0,21774:1747647667538:,1747647681463
counter/5/0/0/0,19481:1747647665452:,1747647681463
counter/9/0/0/0,22840:1747647667158:,1747647681463
counter/2/0/0/0,21775:1747647667538:,1747647681463
counter/5/0/0/0,19482:1747647665452:,1747647681463
counter/9/0/0/0,22841:1747647667158:,1747647681463
counter/2/0/0/0,21776:1747647667538:,1747647681463
counter/5/0/0/0,19483:1747647665473:,1747647681463
counter/9/0/0/0,22842:1747647667158:,1747647681463
counter/2/0/0/0,21777:1747647667538:,1747647681463
counter/5/0/0/0,19484:1747647665473:,1747647681463
counter/9/0/0/0,22843:1747647667158:,1747647681463
counter/2/0/0/0,21778:1747647667538:,1747647681463
counter/5/0/0/0,19485:1747647665473:,1747647681463
counter/9/0/0/0,22844:1747647667159:,1747647681463
counter/2/0/0/0,21779:1747647667538:,1747647681463
counter/5/0/0/0,19486:1747647665473:,1747647681463
counter/9/0/0/0,22845:1747647667159:,1747647681464
counter/2/0/0/0,21780:1747647667542:,1747647681464
counter/5/0/0/0,19487:1747647665473:,1747647681464
counter/9/0/0/0,22846:1747647667159:,1747647681464
counter/2/0/0/0,21781:1747647667542:,1747647681464
counter/5/0/0/0,19488:1747647665473:,1747647681464
counter/9/0/0/0,22847:1747647667160:,1747647681464
counter/2/0/0/0,21782:1747647667542:,1747647681464
counter/5/0/0/0,19489:1747647665474:,1747647681464
counter/4/0/0/0,17544:1747647665071:,1747647681464
counter/9/0/0/0,22848:1747647667160:,1747647681464
counter/2/0/0/0,21783:1747647667542:,1747647681464
counter/5/0/0/0,19490:1747647665474:,1747647681464
counter/10/0/0/0,18322:1747647664428:,1747647681464
counter/7/0/0/0,16902:1747647663040:,1747647681464
counter/9/0/0/0,22849:1747647667160:,1747647681464
counter/2/0/0/0,21784:1747647667542:,1747647681464
counter/5/0/0/0,19491:1747647665474:,1747647681464
counter/8/0/0/0,20400:1747647665369:,1747647681464
counter/1/0/0/0,18705:1747647665216:,1747647681464
counter/9/0/0/0,22850:1747647667160:,1747647681464
counter/2/0/0/0,21785:1747647667542:,1747647681464
counter/5/0/0/0,19492:1747647665474:,1747647681464
counter/6/0/0/0,17426:1747647664668:,1747647681464
counter/3/0/0/0,17858:1747647664707:,1747647681464
counter/9/0/0/0,22851:1747647667160:,1747647681464
counter/2/0/0/0,21786:1747647667542:,1747647681464
counter/5/0/0/0,19493:1747647665474:,1747647681464
counter/9/0/0/0,22852:1747647667160:,1747647681464
counter/2/0/0/0,21787:1747647667542:,1747647681464
counter/5/0/0/0,19494:1747647665476:,1747647681464
counter/9/0/0/0,22853:1747647667160:,1747647681464
counter/2/0/0/0,21788:1747647667542:,1747647681464
counter/5/0/0/0,19495:1747647665476:,1747647681464
counter/9/0/0/0,22854:1747647667165:,1747647681464
counter/2/0/0/0,21789:1747647667542:,1747647681464
counter/5/0/0/0,19496:1747647665476:,1747647681464
counter/9/0/0/0,22855:1747647667173:,1747647681464
counter/2/0/0/0,21790:1747647667543:,1747647681464
counter/5/0/0/0,19497:1747647665480:,1747647681464
counter/9/0/0/0,22856:1747647667173:,1747647681464
counter/2/0/0/0,21791:1747647667543:,1747647681464
counter/5/0/0/0,19498:1747647665480:,1747647681464
counter/9/0/0/0,22857:1747647667173:,1747647681465
counter/2/0/0/0,21792:1747647667543:,1747647681465
counter/5/0/0/0,19499:1747647665480:,1747647681465
counter/9/0/0/0,22858:1747647667173:,1747647681465
counter/2/0/0/0,21793:1747647667543:,1747647681465
counter/5/0/0/0,19500:1747647665480:,1747647681465
counter/9/0/0/0,22859:1747647667173:,1747647681465
counter/2/0/0/0,21794:1747647667543:,1747647681465
counter/5/0/0/0,19501:1747647665484:,1747647681465
counter/9/0/0/0,22860:1747647667173:,1747647681465
counter/2/0/0/0,21795:1747647667543:,1747647681465
counter/5/0/0/0,19502:1747647665484:,1747647681465
counter/9/0/0/0,22861:1747647667185:,1747647681465
counter/2/0/0/0,21796:1747647667543:,1747647681465
counter/5/0/0/0,19503:1747647665484:,1747647681465
counter/9/0/0/0,22862:1747647667185:,1747647681465
counter/2/0/0/0,21797:1747647667543:,1747647681465
counter/5/0/0/0,19504:1747647665484:,1747647681465
counter/8/0/0/0,20401:1747647665369:,1747647681465
counter/1/0/0/0,18706:1747647665216:,1747647681465
counter/9/0/0/0,22863:1747647667185:,1747647681465
counter/2/0/0/0,21798:1747647667543:,1747647681465
counter/5/0/0/0,19505:1747647665484:,1747647681465
counter/6/0/0/0,17427:1747647664668:,1747647681465
counter/3/0/0/0,17859:1747647664707:,1747647681465
counter/4/0/0/0,17545:1747647665071:,1747647681465
counter/9/0/0/0,22864:1747647667185:,1747647681465
counter/2/0/0/0,21799:1747647667543:,1747647681465
counter/5/0/0/0,19506:1747647665484:,1747647681465
counter/10/0/0/0,18323:1747647664428:,1747647681465
counter/7/0/0/0,16903:1747647663040:,1747647681465
counter/9/0/0/0,22865:1747647667185:,1747647681465
counter/2/0/0/0,21800:1747647667543:,1747647681465
counter/9/0/0/0,22866:1747647667185:,1747647681465
counter/2/0/0/0,21801:1747647667544:,1747647681465
counter/9/0/0/0,22867:1747647667185:,1747647681465
counter/2/0/0/0,21802:1747647667556:,1747647681465
counter/9/0/0/0,22868:1747647667185:,1747647681465
counter/2/0/0/0,21803:1747647667556:,1747647681465
counter/9/0/0/0,22869:1747647667185:,1747647681465
counter/2/0/0/0,21804:1747647667556:,1747647681465
counter/9/0/0/0,22870:1747647667185:,1747647681465
counter/2/0/0/0,21805:1747647667556:,1747647681465
counter/9/0/0/0,22871:1747647667185:,1747647681465
counter/2/0/0/0,21806:1747647667556:,1747647681465
counter/9/0/0/0,22872:1747647667185:,1747647681466
counter/2/0/0/0,21807:1747647667556:,1747647681466
counter/9/0/0/0,22873:1747647667186:,1747647681466
counter/2/0/0/0,21808:1747647667560:,1747647681466
counter/9/0/0/0,22874:1747647667186:,1747647681466
counter/2/0/0/0,21809:1747647667561:,1747647681466
counter/9/0/0/0,22875:1747647667186:,1747647681466
counter/2/0/0/0,21810:1747647667565:,1747647681466
counter/9/0/0/0,22876:1747647667186:,1747647681466
counter/2/0/0/0,21811:1747647667565:,1747647681466
counter/9/0/0/0,22877:1747647667192:,1747647681466
counter/2/0/0/0,21812:1747647667565:,1747647681466
counter/9/0/0/0,22878:1747647667192:,1747647681466
counter/2/0/0/0,21813:1747647667565:,1747647681466
counter/9/0/0/0,22879:1747647667192:,1747647681466
counter/2/0/0/0,21814:1747647667565:,1747647681466
counter/9/0/0/0,22880:1747647667192:,1747647681466
counter/2/0/0/0,21815:1747647667565:,1747647681466
counter/9/0/0/0,22881:1747647667192:,1747647681466
counter/2/0/0/0,21816:1747647667565:,1747647681466
counter/9/0/0/0,22882:1747647667192:,1747647681466
counter/2/0/0/0,21817:1747647667565:,1747647681466
counter/9/0/0/0,22883:1747647667192:,1747647681466
counter/2/0/0/0,21818:1747647667567:,1747647681466
counter/9/0/0/0,22884:1747647667192:,1747647681466
counter/2/0/0/0,21819:1747647667568:,1747647681466
counter/9/0/0/0,22885:1747647667192:,1747647681466
counter/2/0/0/0,21820:1747647667568:,1747647681466
counter/9/0/0/0,22886:1747647667192:,1747647681466
counter/2/0/0/0,21821:1747647667568:,1747647681466
counter/9/0/0/0,22887:1747647667192:,1747647681466
counter/2/0/0/0,21822:1747647667568:,1747647681466
counter/9/0/0/0,22888:1747647667192:,1747647681466
counter/2/0/0/0,21823:1747647667568:,1747647681466
counter/9/0/0/0,22889:1747647667192:,1747647681466
counter/2/0/0/0,21824:1747647667568:,1747647681466
counter/9/0/0/0,22890:1747647667192:,1747647681467
counter/2/0/0/0,21825:1747647667568:,1747647681467
counter/9/0/0/0,22891:1747647667192:,1747647681467
counter/2/0/0/0,21826:1747647667568:,1747647681467
counter/9/0/0/0,22892:1747647667192:,1747647681467
counter/2/0/0/0,21827:1747647667568:,1747647681467
counter/9/0/0/0,22893:1747647667193:,1747647681467
counter/2/0/0/0,21828:1747647667568:,1747647681467
counter/9/0/0/0,22894:1747647667193:,1747647681467
counter/2/0/0/0,21829:1747647667568:,1747647681467
counter/9/0/0/0,22895:1747647667193:,1747647681467
counter/2/0/0/0,21830:1747647667568:,1747647681467
counter/9/0/0/0,22896:1747647667193:,1747647681467
counter/2/0/0/0,21831:1747647667568:,1747647681467
counter/9/0/0/0,22897:1747647667193:,1747647681467
counter/2/0/0/0,21832:1747647667568:,1747647681467
counter/9/0/0/0,22898:1747647667193:,1747647681467
counter/2/0/0/0,21833:1747647667568:,1747647681467
counter/9/0/0/0,22899:1747647667193:,1747647681467
counter/2/0/0/0,21834:1747647667568:,1747647681467
counter/9/0/0/0,22900:1747647667193:,1747647681467
counter/2/0/0/0,21835:1747647667568:,1747647681467
counter/9/0/0/0,22901:1747647667195:,1747647681467
counter/2/0/0/0,21836:1747647667568:,1747647681467
counter/9/0/0/0,22902:1747647667195:,1747647681467
counter/2/0/0/0,21837:1747647667568:,1747647681467
counter/9/0/0/0,22903:1747647667195:,1747647681467
counter/2/0/0/0,21838:1747647667568:,1747647681467
counter/9/0/0/0,22904:1747647667195:,1747647681467
counter/2/0/0/0,21839:1747647667568:,1747647681467
counter/9/0/0/0,22905:1747647667195:,1747647681467
counter/2/0/0/0,21840:1747647667568:,1747647681467
counter/9/0/0/0,22906:1747647667195:,1747647681467
counter/2/0/0/0,21841:1747647667568:,1747647681467
counter/9/0/0/0,22907:1747647667199:,1747647681467
counter/2/0/0/0,21842:1747647667568:,1747647681467
counter/9/0/0/0,22908:1747647667199:,1747647681467
counter/2/0/0/0,21843:1747647667576:,1747647681467
counter/9/0/0/0,22909:1747647667199:,1747647681467
counter/2/0/0/0,21844:1747647667576:,1747647681467
counter/9/0/0/0,22910:1747647667199:,1747647681468
counter/2/0/0/0,21845:1747647667576:,1747647681468
counter/9/0/0/0,22911:1747647667199:,1747647681468
counter/2/0/0/0,21846:1747647667576:,1747647681468
counter/9/0/0/0,22912:1747647667199:,1747647681468
counter/2/0/0/0,21847:1747647667576:,1747647681468
counter/9/0/0/0,22913:1747647667199:,1747647681468
counter/2/0/0/0,21848:1747647667577:,1747647681468
counter/9/0/0/0,22914:1747647667199:,1747647681468
counter/2/0/0/0,21849:1747647667577:,1747647681468
counter/9/0/0/0,22915:1747647667199:,1747647681468
counter/2/0/0/0,21850:1747647667577:,1747647681468
counter/9/0/0/0,22916:1747647667199:,1747647681468
counter/2/0/0/0,21851:1747647667577:,1747647681468
counter/9/0/0/0,22917:1747647667199:,1747647681468
counter/2/0/0/0,21852:1747647667577:,1747647681468
counter/9/0/0/0,22918:1747647667199:,1747647681468
counter/2/0/0/0,21853:1747647667577:,1747647681468
counter/9/0/0/0,22919:1747647667199:,1747647681468
counter/2/0/0/0,21854:1747647667579:,1747647681468
counter/9/0/0/0,22920:1747647667199:,1747647681468
counter/2/0/0/0,21855:1747647667579:,1747647681468
counter/9/0/0/0,22921:1747647667207:,1747647681468
counter/2/0/0/0,21856:1747647667579:,1747647681468
counter/9/0/0/0,22922:1747647667207:,1747647681468
counter/2/0/0/0,21857:1747647667579:,1747647681468
counter/9/0/0/0,22923:1747647667216:,1747647681468
counter/2/0/0/0,21858:1747647667589:,1747647681468
counter/9/0/0/0,22924:1747647667216:,1747647681468
counter/2/0/0/0,21859:1747647667589:,1747647681468
counter/6/0/0/0,17428:1747647664668:,1747647681468
counter/9/0/0/0,22925:1747647667217:,1747647681468
counter/2/0/0/0,21860:1747647667589:,1747647681468
counter/4/0/0/0,17546:1747647665071:,1747647681468
counter/9/0/0/0,22926:1747647667217:,1747647681468
counter/2/0/0/0,21861:1747647667589:,1747647681468
counter/7/0/0/0,16904:1747647663040:,1747647681468
counter/9/0/0/0,22927:1747647667217:,1747647681468
counter/2/0/0/0,21862:1747647667589:,1747647681468
counter/3/0/0/0,17860:1747647664707:,1747647681468
counter/10/0/0/0,18324:1747647664428:,1747647681468
counter/9/0/0/0,22928:1747647667217:,1747647681469
counter/2/0/0/0,21863:1747647667597:,1747647681469
counter/5/0/0/0,19507:1747647665484:,1747647681469
counter/1/0/0/0,18707:1747647665216:,1747647681469
counter/9/0/0/0,22929:1747647667219:,1747647681469
counter/2/0/0/0,21864:1747647667597:,1747647681469
counter/5/0/0/0,19508:1747647665485:,1747647681469
counter/9/0/0/0,22930:1747647667219:,1747647681469
counter/2/0/0/0,21865:1747647667597:,1747647681469
counter/5/0/0/0,19509:1747647665485:,1747647681469
counter/9/0/0/0,22931:1747647667219:,1747647681469
counter/2/0/0/0,21866:1747647667597:,1747647681469
counter/5/0/0/0,19510:1747647665485:,1747647681469
counter/9/0/0/0,22932:1747647667219:,1747647681469
counter/2/0/0/0,21867:1747647667598:,1747647681469
counter/5/0/0/0,19511:1747647665485:,1747647681469
counter/9/0/0/0,22933:1747647667219:,1747647681469
counter/2/0/0/0,21868:1747647667598:,1747647681469
counter/5/0/0/0,19512:1747647665485:,1747647681469
counter/9/0/0/0,22934:1747647667219:,1747647681469
counter/2/0/0/0,21869:1747647667598:,1747647681469
counter/5/0/0/0,19513:1747647665485:,1747647681469
counter/9/0/0/0,22935:1747647667219:,1747647681469
counter/2/0/0/0,21870:1747647667598:,1747647681469
counter/5/0/0/0,19514:1747647665485:,1747647681469
counter/9/0/0/0,22936:1747647667219:,1747647681469
counter/2/0/0/0,21871:1747647667600:,1747647681469
counter/5/0/0/0,19515:1747647665485:,1747647681469
counter/9/0/0/0,22937:1747647667219:,1747647681469
counter/2/0/0/0,21872:1747647667600:,1747647681469
counter/5/0/0/0,19516:1747647665485:,1747647681469
counter/9/0/0/0,22938:1747647667219:,1747647681469
counter/2/0/0/0,21873:1747647667600:,1747647681469
counter/5/0/0/0,19517:1747647665485:,1747647681469
counter/9/0/0/0,22939:1747647667220:,1747647681469
counter/2/0/0/0,21874:1747647667600:,1747647681469
counter/5/0/0/0,19518:1747647665490:,1747647681469
counter/9/0/0/0,22940:1747647667220:,1747647681469
counter/2/0/0/0,21875:1747647667600:,1747647681469
counter/5/0/0/0,19519:1747647665490:,1747647681469
counter/9/0/0/0,22941:1747647667220:,1747647681469
counter/2/0/0/0,21876:1747647667601:,1747647681469
counter/5/0/0/0,19520:1747647665490:,1747647681469
counter/1/0/0/0,18708:1747647665216:,1747647681469
counter/9/0/0/0,22942:1747647667221:,1747647681470
counter/2/0/0/0,21877:1747647667601:,1747647681470
counter/5/0/0/0,19521:1747647665490:,1747647681470
counter/1/0/0/0,18709:1747647665216:,1747647681470
counter/9/0/0/0,22943:1747647667221:,1747647681470
counter/2/0/0/0,21878:1747647667601:,1747647681470
counter/5/0/0/0,19522:1747647665490:,1747647681470
counter/1/0/0/0,18710:1747647665216:,1747647681470
counter/7/0/0/0,16905:1747647663040:,1747647681470
counter/9/0/0/0,22944:1747647667221:,1747647681470
counter/2/0/0/0,21879:1747647667604:,1747647681470
counter/5/0/0/0,19523:1747647665490:,1747647681470
counter/1/0/0/0,18711:1747647665216:,1747647681470
counter/9/0/0/0,22945:1747647667221:,1747647681470
counter/2/0/0/0,21880:1747647667605:,1747647681470
counter/5/0/0/0,19524:1747647665490:,1747647681470
counter/1/0/0/0,18712:1747647665216:,1747647681470
counter/9/0/0/0,22946:1747647667221:,1747647681470
counter/2/0/0/0,21881:1747647667605:,1747647681470
counter/5/0/0/0,19525:1747647665490:,1747647681470
counter/9/0/0/0,22947:1747647667221:,1747647681470
counter/2/0/0/0,21882:1747647667605:,1747647681470
counter/5/0/0/0,19526:1747647665490:,1747647681470
counter/9/0/0/0,22948:1747647667221:,1747647681470
counter/2/0/0/0,21883:1747647667605:,1747647681470
counter/5/0/0/0,19527:1747647665491:,1747647681470
counter/9/0/0/0,22949:1747647667221:,1747647681470
counter/2/0/0/0,21884:1747647667607:,1747647681470
counter/5/0/0/0,19528:1747647665496:,1747647681470
counter/9/0/0/0,22950:1747647667221:,1747647681470
counter/2/0/0/0,21885:1747647667607:,1747647681470
counter/5/0/0/0,19529:1747647665496:,1747647681470
counter/2/0/0/0,21886:1747647667607:,1747647681470
counter/5/0/0/0,19530:1747647665496:,1747647681470
counter/2/0/0/0,21887:1747647667607:,1747647681470
counter/5/0/0/0,19531:1747647665496:,1747647681470
counter/2/0/0/0,21888:1747647667607:,1747647681470
counter/5/0/0/0,19532:1747647665496:,1747647681470
counter/2/0/0/0,21889:1747647667607:,1747647681470
counter/5/0/0/0,19533:1747647665496:,1747647681470
counter/2/0/0/0,21890:1747647667607:,1747647681470
counter/5/0/0/0,19534:1747647665496:,1747647681470
counter/2/0/0/0,21891:1747647667607:,1747647681470
counter/5/0/0/0,19535:1747647665496:,1747647681470
counter/3/0/0/0,17861:1747647664707:,1747647681470
counter/6/0/0/0,17429:1747647664668:,1747647681470
counter/2/0/0/0,21892:1747647667607:,1747647681471
counter/5/0/0/0,19536:1747647665496:,1747647681471
counter/2/0/0/0,21893:1747647667607:,1747647681471
counter/5/0/0/0,19537:1747647665496:,1747647681471
counter/2/0/0/0,21894:1747647667607:,1747647681471
counter/5/0/0/0,19538:1747647665496:,1747647681471
counter/2/0/0/0,21895:1747647667607:,1747647681471
counter/5/0/0/0,19539:1747647665496:,1747647681471
counter/2/0/0/0,21896:1747647667607:,1747647681471
counter/5/0/0/0,19540:1747647665496:,1747647681471
counter/2/0/0/0,21897:1747647667607:,1747647681471
counter/5/0/0/0,19541:1747647665496:,1747647681471
counter/2/0/0/0,21898:1747647667607:,1747647681471
counter/5/0/0/0,19542:1747647665496:,1747647681471
counter/2/0/0/0,21899:1747647667607:,1747647681471
counter/5/0/0/0,19543:1747647665497:,1747647681471
counter/2/0/0/0,21900:1747647667607:,1747647681471
counter/5/0/0/0,19544:1747647665497:,1747647681471
counter/2/0/0/0,21901:1747647667607:,1747647681471
counter/5/0/0/0,19545:1747647665498:,1747647681471
counter/2/0/0/0,21902:1747647667607:,1747647681471
counter/5/0/0/0,19546:1747647665498:,1747647681471
counter/2/0/0/0,21903:1747647667608:,1747647681471
counter/5/0/0/0,19547:1747647665498:,1747647681471
counter/2/0/0/0,21904:1747647667609:,1747647681471
counter/5/0/0/0,19548:1747647665498:,1747647681471
counter/2/0/0/0,21905:1747647667609:,1747647681471
counter/5/0/0/0,19549:1747647665498:,1747647681471
counter/2/0/0/0,21906:1747647667609:,1747647681471
counter/5/0/0/0,19550:1747647665498:,1747647681471
counter/2/0/0/0,21907:1747647667609:,1747647681471
counter/5/0/0/0,19551:1747647665498:,1747647681471
counter/2/0/0/0,21908:1747647667609:,1747647681471
counter/5/0/0/0,19552:1747647665498:,1747647681471
counter/2/0/0/0,21909:1747647667621:,1747647681471
counter/5/0/0/0,19553:1747647665498:,1747647681471
counter/2/0/0/0,21910:1747647667621:,1747647681471
counter/5/0/0/0,19554:1747647665500:,1747647681471
counter/2/0/0/0,21911:1747647667621:,1747647681471
counter/5/0/0/0,19555:1747647665500:,1747647681471
counter/2/0/0/0,21912:1747647667621:,1747647681472
counter/5/0/0/0,19556:1747647665500:,1747647681472
counter/2/0/0/0,21913:1747647667621:,1747647681472
counter/5/0/0/0,19557:1747647665500:,1747647681472
counter/2/0/0/0,21914:1747647667621:,1747647681472
counter/5/0/0/0,19558:1747647665500:,1747647681472
counter/2/0/0/0,21915:1747647667621:,1747647681472
counter/5/0/0/0,19559:1747647665500:,1747647681472
counter/2/0/0/0,21916:1747647667621:,1747647681472
counter/5/0/0/0,19560:1747647665503:,1747647681472
counter/2/0/0/0,21917:1747647667621:,1747647681472
counter/5/0/0/0,19561:1747647665503:,1747647681472
counter/6/0/0/0,17430:1747647664668:,1747647681472
counter/2/0/0/0,21918:1747647667621:,1747647681472
counter/5/0/0/0,19562:1747647665503:,1747647681472
counter/1/0/0/0,18713:1747647665216:,1747647681472
counter/7/0/0/0,16906:1747647663040:,1747647681472
counter/2/0/0/0,21919:1747647667621:,1747647681472
counter/5/0/0/0,19563:1747647665503:,1747647681472
counter/4/0/0/0,17547:1747647665071:,1747647681472
counter/2/0/0/0,21920:1747647667621:,1747647681472
counter/5/0/0/0,19564:1747647665503:,1747647681472
counter/10/0/0/0,18325:1747647664429:,1747647681472
counter/3/0/0/0,17862:1747647664707:,1747647681472
counter/2/0/0/0,21921:1747647667621:,1747647681472
counter/5/0/0/0,19565:1747647665503:,1747647681472
counter/2/0/0/0,21922:1747647667621:,1747647681472
counter/5/0/0/0,19566:1747647665503:,1747647681472
counter/2/0/0/0,21923:1747647667621:,1747647681472
counter/5/0/0/0,19567:1747647665503:,1747647681472
counter/2/0/0/0,21924:1747647667621:,1747647681472
counter/5/0/0/0,19568:1747647665503:,1747647681472
counter/2/0/0/0,21925:1747647667621:,1747647681472
counter/5/0/0/0,19569:1747647665503:,1747647681472
counter/2/0/0/0,21926:1747647667621:,1747647681472
counter/5/0/0/0,19570:1747647665503:,1747647681472
counter/2/0/0/0,21927:1747647667621:,1747647681472
counter/5/0/0/0,19571:1747647665503:,1747647681472
counter/2/0/0/0,21928:1747647667621:,1747647681472
counter/5/0/0/0,19572:1747647665521:,1747647681472
counter/2/0/0/0,21929:1747647667622:,1747647681473
counter/5/0/0/0,19573:1747647665521:,1747647681473
counter/2/0/0/0,21930:1747647667622:,1747647681473
counter/5/0/0/0,19574:1747647665521:,1747647681473
counter/2/0/0/0,21931:1747647667622:,1747647681473
counter/2/0/0/0,21932:1747647667622:,1747647681473
counter/2/0/0/0,21933:1747647667622:,1747647681473
counter/2/0/0/0,21934:1747647667624:,1747647681473
counter/2/0/0/0,21935:1747647667624:,1747647681473
counter/2/0/0/0,21936:1747647667624:,1747647681473
counter/2/0/0/0,21937:1747647667624:,1747647681473
counter/2/0/0/0,21938:1747647667624:,1747647681473
counter/2/0/0/0,21939:1747647667624:,1747647681473
counter/2/0/0/0,21940:1747647667624:,1747647681473
counter/2/0/0/0,21941:1747647667624:,1747647681473
counter/2/0/0/0,21942:1747647667624:,1747647681473
counter/2/0/0/0,21943:1747647667624:,1747647681473
counter/2/0/0/0,21944:1747647667624:,1747647681473
counter/2/0/0/0,21945:1747647667624:,1747647681473
counter/2/0/0/0,21946:1747647667627:,1747647681473
counter/2/0/0/0,21947:1747647667627:,1747647681473
counter/2/0/0/0,21948:1747647667627:,1747647681473
counter/2/0/0/0,21949:1747647667627:,1747647681473
counter/2/0/0/0,21950:1747647667627:,1747647681473
counter/2/0/0/0,21951:1747647667627:,1747647681473
counter/2/0/0/0,21952:1747647667627:,1747647681473
counter/2/0/0/0,21953:1747647667627:,1747647681473
counter/2/0/0/0,21954:1747647667627:,1747647681473
counter/2/0/0/0,21955:1747647667627:,1747647681473
counter/2/0/0/0,21956:1747647667627:,1747647681473
counter/2/0/0/0,21957:1747647667627:,1747647681473
counter/2/0/0/0,21958:1747647667627:,1747647681473
counter/2/0/0/0,21959:1747647667627:,1747647681473
counter/2/0/0/0,21960:1747647667627:,1747647681473
counter/8/0/0/0,20402:1747647665369:,1747647681473
counter/2/0/0/0,21961:1747647667627:,1747647681474
counter/4/0/0/0,17548:1747647665071:,1747647681474
counter/2/0/0/0,21962:1747647667627:,1747647681474
counter/8/0/0/0,20403:1747647665370:,1747647681474
counter/10/0/0/0,18326:1747647664429:,1747647681474
counter/2/0/0/0,21963:1747647667633:,1747647681474
counter/3/0/0/0,17863:1747647664707:,1747647681474
counter/6/0/0/0,17431:1747647664668:,1747647681474
counter/2/0/0/0,21964:1747647667633:,1747647681474
counter/1/0/0/0,18714:1747647665216:,1747647681474
counter/2/0/0/0,21965:1747647667633:,1747647681474
counter/2/0/0/0,21966:1747647667634:,1747647681474
counter/2/0/0/0,21967:1747647667634:,1747647681474
counter/2/0/0/0,21968:1747647667634:,1747647681474
counter/2/0/0/0,21969:1747647667634:,1747647681474
counter/2/0/0/0,21970:1747647667634:,1747647681474
counter/2/0/0/0,21971:1747647667634:,1747647681474
counter/2/0/0/0,21972:1747647667636:,1747647681474
counter/2/0/0/0,21973:1747647667636:,1747647681474
counter/2/0/0/0,21974:1747647667636:,1747647681474
counter/2/0/0/0,21975:1747647667636:,1747647681474
counter/2/0/0/0,21976:1747647667636:,1747647681474
counter/2/0/0/0,21977:1747647667636:,1747647681474
counter/2/0/0/0,21978:1747647667640:,1747647681474
counter/2/0/0/0,21979:1747647667640:,1747647681474
counter/2/0/0/0,21980:1747647667641:,1747647681474
counter/2/0/0/0,21981:1747647667641:,1747647681474
counter/2/0/0/0,21982:1747647667641:,1747647681474
counter/2/0/0/0,21983:1747647667641:,1747647681474
counter/2/0/0/0,21984:1747647667641:,1747647681474
counter/2/0/0/0,21985:1747647667641:,1747647681474
counter/2/0/0/0,21986:1747647667641:,1747647681474
counter/2/0/0/0,21987:1747647667641:,1747647681474
counter/2/0/0/0,21988:1747647667641:,1747647681474
counter/2/0/0/0,21989:1747647667641:,1747647681474
counter/2/0/0/0,21990:1747647667641:,1747647681474
counter/2/0/0/0,21991:1747647667641:,1747647681474
counter/2/0/0/0,21992:1747647667641:,1747647681474
counter/2/0/0/0,21993:1747647667641:,1747647681474
counter/2/0/0/0,21994:1747647667645:,1747647681474
counter/2/0/0/0,21995:1747647667645:,1747647681474
counter/2/0/0/0,21996:1747647667645:,1747647681475
counter/2/0/0/0,21997:1747647667645:,1747647681475
counter/2/0/0/0,21998:1747647667645:,1747647681475
counter/2/0/0/0,21999:1747647667645:,1747647681475
counter/2/0/0/0,22000:1747647667646:,1747647681475
counter/2/0/0/0,22001:1747647667646:,1747647681475
counter/2/0/0/0,22002:1747647667646:,1747647681475
counter/2/0/0/0,22003:1747647667646:,1747647681475
counter/2/0/0/0,22004:1747647667646:,1747647681475
counter/2/0/0/0,22005:1747647667646:,1747647681475
counter/2/0/0/0,22006:1747647667646:,1747647681475
counter/2/0/0/0,22007:1747647667653:,1747647681475
counter/2/0/0/0,22008:1747647667653:,1747647681475
counter/2/0/0/0,22009:1747647667653:,1747647681475
counter/2/0/0/0,22010:1747647667653:,1747647681475
counter/2/0/0/0,22011:1747647667653:,1747647681475
counter/2/0/0/0,22012:1747647667654:,1747647681475
counter/2/0/0/0,22013:1747647667654:,1747647681475
counter/2/0/0/0,22014:1747647667654:,1747647681475
counter/2/0/0/0,22015:1747647667654:,1747647681475
counter/2/0/0/0,22016:1747647667654:,1747647681475
counter/2/0/0/0,22017:1747647667654:,1747647681475
counter/2/0/0/0,22018:1747647667654:,1747647681475
counter/2/0/0/0,22019:1747647667654:,1747647681475
counter/2/0/0/0,22020:1747647667654:,1747647681475
counter/2/0/0/0,22021:1747647667656:,1747647681475
counter/2/0/0/0,22022:1747647667656:,1747647681475
counter/2/0/0/0,22023:1747647667656:,1747647681475
counter/2/0/0/0,22024:1747647667656:,1747647681475
counter/2/0/0/0,22025:1747647667656:,1747647681475
counter/2/0/0/0,22026:1747647667656:,1747647681475
counter/2/0/0/0,22027:1747647667656:,1747647681475
counter/2/0/0/0,22028:1747647667656:,1747647681475
counter/2/0/0/0,22029:1747647667656:,1747647681475
counter/2/0/0/0,22030:1747647667656:,1747647681475
counter/2/0/0/0,22031:1747647667656:,1747647681475
counter/2/0/0/0,22032:1747647667656:,1747647681475
counter/2/0/0/0,22033:1747647667656:,1747647681475
counter/2/0/0/0,22034:1747647667656:,1747647681475
counter/2/0/0/0,22035:1747647667656:,1747647681476
counter/2/0/0/0,22036:1747647667661:,1747647681476
counter/2/0/0/0,22037:1747647667661:,1747647681476
counter/2/0/0/0,22038:1747647667661:,1747647681476
counter/2/0/0/0,22039:1747647667662:,1747647681476
counter/2/0/0/0,22040:1747647667662:,1747647681476
counter/2/0/0/0,22041:1747647667662:,1747647681476
counter/2/0/0/0,22042:1747647667662:,1747647681476
counter/2/0/0/0,22043:1747647667663:,1747647681476
counter/2/0/0/0,22044:1747647667663:,1747647681476
counter/2/0/0/0,22045:1747647667663:,1747647681476
counter/2/0/0/0,22046:1747647667663:,1747647681476
counter/2/0/0/0,22047:1747647667663:,1747647681476
counter/2/0/0/0,22048:1747647667663:,1747647681476
counter/2/0/0/0,22049:1747647667663:,1747647681476
counter/2/0/0/0,22050:1747647667663:,1747647681476
counter/2/0/0/0,22051:1747647667663:,1747647681476
counter/2/0/0/0,22052:1747647667663:,1747647681476
counter/2/0/0/0,22053:1747647667663:,1747647681476
counter/2/0/0/0,22054:1747647667663:,1747647681476
counter/2/0/0/0,22055:1747647667663:,1747647681476
counter/2/0/0/0,22056:1747647667663:,1747647681476
counter/2/0/0/0,22057:1747647667663:,1747647681476
counter/2/0/0/0,22058:1747647667663:,1747647681476
counter/2/0/0/0,22059:1747647667663:,1747647681476
counter/2/0/0/0,22060:1747647667663:,1747647681476
counter/2/0/0/0,22061:1747647667665:,1747647681476
counter/2/0/0/0,22062:1747647667665:,1747647681476
counter/2/0/0/0,22063:1747647667665:,1747647681476
counter/2/0/0/0,22064:1747647667665:,1747647681476
counter/2/0/0/0,22065:1747647667665:,1747647681476
counter/2/0/0/0,22066:1747647667665:,1747647681476
counter/2/0/0/0,22067:1747647667665:,1747647681476
counter/2/0/0/0,22068:1747647667665:,1747647681476
counter/2/0/0/0,22069:1747647667665:,1747647681476
counter/2/0/0/0,22070:1747647667665:,1747647681476
counter/5/0/0/0,19575:1747647665521:,1747647681476
counter/2/0/0/0,22071:1747647667665:,1747647681476
counter/6/0/0/0,17432:1747647664668:,1747647681476
counter/2/0/0/0,22072:1747647667665:,1747647681476
counter/3/0/0/0,17864:1747647664707:,1747647681476
counter/2/0/0/0,22073:1747647667665:,1747647681476
counter/1/0/0/0,18715:1747647665216:,1747647681476
counter/2/0/0/0,22074:1747647667669:,1747647681477
counter/8/0/0/0,20404:1747647665370:,1747647681477
counter/7/0/0/0,16907:1747647663040:,1747647681477
counter/2/0/0/0,22075:1747647667669:,1747647681477
counter/4/0/0/0,17549:1747647665071:,1747647681477
counter/2/0/0/0,22076:1747647667669:,1747647681477
counter/2/0/0/0,22077:1747647667669:,1747647681477
counter/2/0/0/0,22078:1747647667669:,1747647681477
counter/2/0/0/0,22079:1747647667669:,1747647681477
counter/2/0/0/0,22080:1747647667669:,1747647681477
counter/2/0/0/0,22081:1747647667676:,1747647681477
counter/2/0/0/0,22082:1747647667688:,1747647681477
counter/2/0/0/0,22083:1747647667688:,1747647681477
counter/2/0/0/0,22084:1747647667688:,1747647681477
counter/2/0/0/0,22085:1747647667688:,1747647681477
counter/2/0/0/0,22086:1747647667688:,1747647681477
counter/2/0/0/0,22087:1747647667688:,1747647681477
counter/2/0/0/0,22088:1747647667688:,1747647681477
counter/2/0/0/0,22089:1747647667688:,1747647681477
counter/2/0/0/0,22090:1747647667688:,1747647681477
counter/2/0/0/0,22091:1747647667688:,1747647681477
counter/2/0/0/0,22092:1747647667688:,1747647681477
counter/2/0/0/0,22093:1747647667688:,1747647681477
counter/2/0/0/0,22094:1747647667692:,1747647681477
counter/2/0/0/0,22095:1747647667693:,1747647681477
counter/2/0/0/0,22096:1747647667693:,1747647681477
counter/2/0/0/0,22097:1747647667693:,1747647681477
counter/2/0/0/0,22098:1747647667693:,1747647681477
counter/2/0/0/0,22099:1747647667694:,1747647681477
counter/2/0/0/0,22100:1747647667694:,1747647681477
counter/2/0/0/0,22101:1747647667694:,1747647681477
counter/2/0/0/0,22102:1747647667694:,1747647681477
counter/2/0/0/0,22103:1747647667694:,1747647681477
counter/2/0/0/0,22104:1747647667694:,1747647681477
counter/2/0/0/0,22105:1747647667694:,1747647681477
counter/2/0/0/0,22106:1747647667694:,1747647681477
counter/2/0/0/0,22107:1747647667709:,1747647681477
counter/2/0/0/0,22108:1747647667709:,1747647681477
counter/2/0/0/0,22109:1747647667709:,1747647681477
counter/2/0/0/0,22110:1747647667710:,1747647681477
counter/2/0/0/0,22111:1747647667710:,1747647681477
counter/2/0/0/0,22112:1747647667710:,1747647681477
counter/2/0/0/0,22113:1747647667710:,1747647681478
counter/2/0/0/0,22114:1747647667710:,1747647681478
counter/2/0/0/0,22115:1747647667710:,1747647681478
counter/2/0/0/0,22116:1747647667716:,1747647681478
counter/2/0/0/0,22117:1747647667716:,1747647681478
counter/2/0/0/0,22118:1747647667716:,1747647681478
counter/2/0/0/0,22119:1747647667716:,1747647681478
counter/2/0/0/0,22120:1747647667716:,1747647681478
counter/2/0/0/0,22121:1747647667716:,1747647681478
counter/2/0/0/0,22122:1747647667716:,1747647681478
counter/2/0/0/0,22123:1747647667716:,1747647681478
counter/2/0/0/0,22124:1747647667716:,1747647681478
counter/2/0/0/0,22125:1747647667721:,1747647681478
counter/2/0/0/0,22126:1747647667722:,1747647681478
counter/2/0/0/0,22127:1747647667722:,1747647681478
counter/2/0/0/0,22128:1747647667723:,1747647681478
counter/2/0/0/0,22129:1747647667723:,1747647681478
counter/2/0/0/0,22130:1747647667723:,1747647681478
counter/2/0/0/0,22131:1747647667723:,1747647681478
counter/2/0/0/0,22132:1747647667723:,1747647681478
counter/2/0/0/0,22133:1747647667731:,1747647681478
counter/2/0/0/0,22134:1747647667732:,1747647681478
counter/2/0/0/0,22135:1747647667732:,1747647681478
counter/8/0/0/0,20405:1747647665370:,1747647681478
counter/2/0/0/0,22136:1747647667732:,1747647681478
counter/4/0/0/0,17550:1747647665071:,1747647681478
counter/7/0/0/0,16908:1747647663040:,1747647681478
counter/2/0/0/0,22137:1747647667732:,1747647681478
counter/10/0/0/0,18327:1747647664429:,1747647681478
counter/2/0/0/0,22138:1747647667732:,1747647681478
counter/6/0/0/0,17433:1747647664668:,1747647681478
counter/5/0/0/0,19576:1747647665522:,1747647681478
counter/2/0/0/0,22139:1747647667732:,1747647681478
counter/1/0/0/0,18716:1747647665216:,1747647681478
counter/2/0/0/0,22140:1747647667734:,1747647681478
counter/1/0/0/0,18717:1747647665216:,1747647681479
counter/2/0/0/0,22141:1747647667734:,1747647681479
counter/1/0/0/0,18718:1747647665223:,1747647681479
counter/2/0/0/0,22142:1747647667734:,1747647681479
counter/1/0/0/0,18719:1747647665224:,1747647681479
counter/2/0/0/0,22143:1747647667734:,1747647681479
counter/1/0/0/0,18720:1747647665224:,1747647681479
counter/2/0/0/0,22144:1747647667734:,1747647681479
counter/1/0/0/0,18721:1747647665224:,1747647681479
counter/2/0/0/0,22145:1747647667734:,1747647681479
counter/1/0/0/0,18722:1747647665224:,1747647681479
counter/2/0/0/0,22146:1747647667734:,1747647681479
counter/1/0/0/0,18723:1747647665224:,1747647681479
counter/2/0/0/0,22147:1747647667734:,1747647681479
counter/1/0/0/0,18724:1747647665224:,1747647681479
counter/2/0/0/0,22148:1747647667744:,1747647681479
counter/1/0/0/0,18725:1747647665224:,1747647681479
counter/2/0/0/0,22149:1747647667745:,1747647681479
counter/1/0/0/0,18726:1747647665224:,1747647681479
counter/10/0/0/0,18328:1747647664429:,1747647681479
counter/5/0/0/0,19577:1747647665522:,1747647681479
counter/2/0/0/0,22150:1747647667745:,1747647681479
counter/1/0/0/0,18727:1747647665224:,1747647681479
counter/10/0/0/0,18329:1747647664429:,1747647681479
counter/7/0/0/0,16909:1747647663040:,1747647681479
counter/2/0/0/0,22151:1747647667745:,1747647681479
counter/1/0/0/0,18728:1747647665224:,1747647681479
counter/10/0/0/0,18330:1747647664429:,1747647681479
counter/2/0/0/0,22152:1747647667745:,1747647681479
counter/1/0/0/0,18729:1747647665224:,1747647681479
counter/10/0/0/0,18331:1747647664429:,1747647681479
counter/2/0/0/0,22153:1747647667745:,1747647681479
counter/1/0/0/0,18730:1747647665225:,1747647681479
counter/10/0/0/0,18332:1747647664429:,1747647681479
counter/2/0/0/0,22154:1747647667745:,1747647681479
counter/1/0/0/0,18731:1747647665225:,1747647681479
counter/2/0/0/0,22155:1747647667745:,1747647681479
counter/1/0/0/0,18732:1747647665232:,1747647681479
counter/2/0/0/0,22156:1747647667745:,1747647681479
counter/1/0/0/0,18733:1747647665232:,1747647681479
counter/2/0/0/0,22157:1747647667752:,1747647681480
counter/1/0/0/0,18734:1747647665232:,1747647681480
counter/2/0/0/0,22158:1747647667752:,1747647681480
counter/1/0/0/0,18735:1747647665232:,1747647681480
counter/2/0/0/0,22159:1747647667752:,1747647681480
counter/1/0/0/0,18736:1747647665232:,1747647681480
counter/2/0/0/0,22160:1747647667752:,1747647681480
counter/1/0/0/0,18737:1747647665232:,1747647681480
counter/2/0/0/0,22161:1747647667752:,1747647681480
counter/1/0/0/0,18738:1747647665232:,1747647681480
counter/2/0/0/0,22162:1747647667752:,1747647681480
counter/1/0/0/0,18739:1747647665232:,1747647681480
counter/2/0/0/0,22163:1747647667752:,1747647681480
counter/1/0/0/0,18740:1747647665232:,1747647681480
counter/2/0/0/0,22164:1747647667752:,1747647681480
counter/1/0/0/0,18741:1747647665232:,1747647681480
counter/2/0/0/0,22165:1747647667752:,1747647681480
counter/1/0/0/0,18742:1747647665232:,1747647681480
counter/2/0/0/0,22166:1747647667752:,1747647681480
counter/1/0/0/0,18743:1747647665232:,1747647681480
counter/2/0/0/0,22167:1747647667752:,1747647681480
counter/1/0/0/0,18744:1747647665232:,1747647681480
counter/2/0/0/0,22168:1747647667752:,1747647681480
counter/1/0/0/0,18745:1747647665232:,1747647681480
counter/2/0/0/0,22169:1747647667752:,1747647681480
counter/1/0/0/0,18746:1747647665232:,1747647681480
counter/2/0/0/0,22170:1747647667752:,1747647681480
counter/1/0/0/0,18747:1747647665232:,1747647681480
counter/2/0/0/0,22171:1747647667752:,1747647681480
counter/1/0/0/0,18748:1747647665232:,1747647681480
counter/2/0/0/0,22172:1747647667752:,1747647681480
counter/1/0/0/0,18749:1747647665232:,1747647681480
counter/2/0/0/0,22173:1747647667752:,1747647681480
counter/1/0/0/0,18750:1747647665232:,1747647681480
counter/2/0/0/0,22174:1747647667752:,1747647681480
counter/1/0/0/0,18751:1747647665233:,1747647681480
counter/8/0/0/0,20406:1747647665370:,1747647681480
counter/2/0/0/0,22175:1747647667754:,1747647681480
counter/1/0/0/0,18752:1747647665233:,1747647681480
counter/7/0/0/0,16910:1747647663041:,1747647681480
counter/2/0/0/0,22176:1747647667755:,1747647681480
counter/1/0/0/0,18753:1747647665233:,1747647681480
counter/3/0/0/0,17865:1747647664707:,1747647681480
counter/6/0/0/0,17434:1747647664668:,1747647681481
counter/2/0/0/0,22177:1747647667755:,1747647681481
counter/1/0/0/0,18754:1747647665233:,1747647681481
counter/2/0/0/0,22178:1747647667755:,1747647681481
counter/1/0/0/0,18755:1747647665233:,1747647681481
counter/2/0/0/0,22179:1747647667755:,1747647681481
counter/1/0/0/0,18756:1747647665233:,1747647681481
counter/2/0/0/0,22180:1747647667755:,1747647681481
counter/1/0/0/0,18757:1747647665233:,1747647681481
counter/9/0/0/0,22951:1747647667222:,1747647681481
counter/8/0/0/0,20407:1747647665370:,1747647681481
counter/2/0/0/0,22181:1747647667755:,1747647681481
counter/1/0/0/0,18758:1747647665233:,1747647681481
counter/9/0/0/0,22952:1747647667222:,1747647681481
counter/2/0/0/0,22182:1747647667755:,1747647681481
counter/1/0/0/0,18759:1747647665233:,1747647681481
counter/9/0/0/0,22953:1747647667226:,1747647681481
counter/2/0/0/0,22183:1747647667755:,1747647681481
counter/1/0/0/0,18760:1747647665233:,1747647681481
counter/9/0/0/0,22954:1747647667226:,1747647681481
counter/2/0/0/0,22184:1747647667776:,1747647681481
counter/1/0/0/0,18761:1747647665233:,1747647681481
counter/9/0/0/0,22955:1747647667226:,1747647681481
counter/2/0/0/0,22185:1747647667776:,1747647681481
counter/1/0/0/0,18762:1747647665233:,1747647681481
counter/9/0/0/0,22956:1747647667226:,1747647681481
counter/10/0/0/0,18333:1747647664429:,1747647681481
counter/2/0/0/0,22186:1747647667776:,1747647681481
counter/1/0/0/0,18763:1747647665242:,1747647681481
counter/9/0/0/0,22957:1747647667226:,1747647681481
counter/7/0/0/0,16911:1747647663041:,1747647681481
counter/2/0/0/0,22187:1747647667776:,1747647681481
counter/1/0/0/0,18764:1747647665244:,1747647681481
counter/9/0/0/0,22958:1747647667226:,1747647681481
counter/8/0/0/0,20408:1747647665370:,1747647681481
counter/2/0/0/0,22188:1747647667776:,1747647681481
counter/1/0/0/0,18765:1747647665266:,1747647681481
counter/9/0/0/0,22959:1747647667226:,1747647681481
counter/3/0/0/0,17866:1747647664707:,1747647681481
counter/6/0/0/0,17435:1747647664668:,1747647681482
counter/2/0/0/0,22189:1747647667776:,1747647681482
counter/1/0/0/0,18766:1747647665271:,1747647681482
counter/9/0/0/0,22960:1747647667227:,1747647681482
counter/5/0/0/0,19578:1747647665522:,1747647681482
counter/2/0/0/0,22190:1747647667776:,1747647681482
counter/1/0/0/0,18767:1747647665271:,1747647681482
counter/9/0/0/0,22961:1747647667227:,1747647681482
counter/10/0/0/0,18334:1747647664429:,1747647681482
counter/8/0/0/0,20409:1747647665370:,1747647681482
counter/2/0/0/0,22191:1747647667776:,1747647681482
counter/1/0/0/0,18768:1747647665271:,1747647681482
counter/9/0/0/0,22962:1747647667227:,1747647681482
counter/3/0/0/0,17867:1747647664708:,1747647681482
counter/6/0/0/0,17436:1747647664668:,1747647681482
counter/5/0/0/0,19579:1747647665522:,1747647681482
counter/2/0/0/0,22192:1747647667776:,1747647681482
counter/1/0/0/0,18769:1747647665271:,1747647681482
counter/9/0/0/0,22963:1747647667227:,1747647681482
counter/2/0/0/0,22193:1747647667776:,1747647681482
counter/1/0/0/0,18770:1747647665285:,1747647681482
counter/9/0/0/0,22964:1747647667227:,1747647681482
counter/2/0/0/0,22194:1747647667776:,1747647681482
counter/1/0/0/0,18771:1747647665286:,1747647681482
counter/9/0/0/0,22965:1747647667227:,1747647681482
counter/6/0/0/0,17437:1747647664668:,1747647681482
counter/5/0/0/0,19580:1747647665522:,1747647681482
counter/2/0/0/0,22195:1747647667776:,1747647681482
counter/1/0/0/0,18772:1747647665286:,1747647681482
counter/9/0/0/0,22966:1747647667227:,1747647681482
counter/2/0/0/0,22196:1747647667788:,1747647681482
counter/1/0/0/0,18773:1747647665286:,1747647681482
counter/9/0/0/0,22967:1747647667233:,1747647681482
counter/2/0/0/0,22197:1747647667788:,1747647681482
counter/1/0/0/0,18774:1747647665286:,1747647681482
counter/9/0/0/0,22968:1747647667233:,1747647681482
counter/2/0/0/0,22198:1747647667788:,1747647681483
counter/1/0/0/0,18775:1747647665286:,1747647681483
counter/9/0/0/0,22969:1747647667233:,1747647681483
counter/2/0/0/0,22199:1747647667788:,1747647681483
counter/1/0/0/0,18776:1747647665286:,1747647681483
counter/9/0/0/0,22970:1747647667233:,1747647681483
counter/2/0/0/0,22200:1747647667788:,1747647681483
counter/1/0/0/0,18777:1747647665292:,1747647681483
counter/9/0/0/0,22971:1747647667233:,1747647681483
counter/2/0/0/0,22201:1747647667796:,1747647681483
counter/1/0/0/0,18778:1747647665292:,1747647681483
counter/9/0/0/0,22972:1747647667233:,1747647681483
counter/2/0/0/0,22202:1747647667797:,1747647681483
counter/1/0/0/0,18779:1747647665292:,1747647681483
counter/9/0/0/0,22973:1747647667233:,1747647681483
counter/2/0/0/0,22203:1747647667797:,1747647681483
counter/1/0/0/0,18780:1747647665292:,1747647681483
counter/9/0/0/0,22974:1747647667233:,1747647681483
counter/5/0/0/0,19581:1747647665522:,1747647681483
counter/2/0/0/0,22204:1747647667797:,1747647681483
counter/1/0/0/0,18781:1747647665292:,1747647681483
counter/9/0/0/0,22975:1747647667233:,1747647681483
counter/5/0/0/0,19582:1747647665522:,1747647681483
counter/3/0/0/0,17868:1747647664708:,1747647681483
counter/10/0/0/0,18335:1747647664429:,1747647681483
counter/2/0/0/0,22205:1747647667797:,1747647681483
counter/1/0/0/0,18782:1747647665292:,1747647681483
counter/2/0/0/0,22206:1747647667797:,1747647681483
counter/1/0/0/0,18783:1747647665292:,1747647681483
counter/2/0/0/0,22207:1747647667797:,1747647681483
counter/1/0/0/0,18784:1747647665292:,1747647681483
counter/2/0/0/0,22208:1747647667806:,1747647681483
counter/1/0/0/0,18785:1747647665292:,1747647681483
counter/2/0/0/0,22209:1747647667806:,1747647681483
counter/1/0/0/0,18786:1747647665292:,1747647681483
counter/2/0/0/0,22210:1747647667806:,1747647681483
counter/1/0/0/0,18787:1747647665292:,1747647681483
counter/2/0/0/0,22211:1747647667806:,1747647681483
counter/1/0/0/0,18788:1747647665292:,1747647681483
counter/2/0/0/0,22212:1747647667806:,1747647681484
counter/1/0/0/0,18789:1747647665292:,1747647681484
counter/2/0/0/0,22213:1747647667807:,1747647681484
counter/1/0/0/0,18790:1747647665292:,1747647681484
counter/2/0/0/0,22214:1747647667807:,1747647681484
counter/1/0/0/0,18791:1747647665292:,1747647681484
counter/2/0/0/0,22215:1747647667807:,1747647681484
counter/1/0/0/0,18792:1747647665292:,1747647681484
counter/2/0/0/0,22216:1747647667807:,1747647681484
counter/1/0/0/0,18793:1747647665292:,1747647681484
counter/2/0/0/0,22217:1747647667808:,1747647681484
counter/1/0/0/0,18794:1747647665292:,1747647681484
counter/2/0/0/0,22218:1747647667808:,1747647681484
counter/1/0/0/0,18795:1747647665292:,1747647681484
counter/2/0/0/0,22219:1747647667808:,1747647681484
counter/1/0/0/0,18796:1747647665292:,1747647681484
counter/2/0/0/0,22220:1747647667808:,1747647681484
counter/1/0/0/0,18797:1747647665292:,1747647681484
counter/2/0/0/0,22221:1747647667808:,1747647681484
counter/1/0/0/0,18798:1747647665292:,1747647681484
counter/2/0/0/0,22222:1747647667808:,1747647681484
counter/1/0/0/0,18799:1747647665292:,1747647681484
counter/2/0/0/0,22223:1747647667808:,1747647681484
counter/1/0/0/0,18800:1747647665292:,1747647681484
counter/2/0/0/0,22224:1747647667808:,1747647681484
counter/1/0/0/0,18801:1747647665292:,1747647681484
counter/2/0/0/0,22225:1747647667810:,1747647681484
counter/1/0/0/0,18802:1747647665292:,1747647681484
counter/2/0/0/0,22226:1747647667810:,1747647681484
counter/1/0/0/0,18803:1747647665292:,1747647681484
counter/2/0/0/0,22227:1747647667810:,1747647681484
counter/1/0/0/0,18804:1747647665292:,1747647681484
counter/2/0/0/0,22228:1747647667810:,1747647681484
counter/2/0/0/0,22229:1747647667810:,1747647681484
counter/2/0/0/0,22230:1747647667813:,1747647681484
counter/2/0/0/0,22231:1747647667813:,1747647681484
counter/2/0/0/0,22232:1747647667813:,1747647681484
counter/2/0/0/0,22233:1747647667813:,1747647681484
counter/2/0/0/0,22234:1747647667813:,1747647681484
counter/2/0/0/0,22235:1747647667813:,1747647681484
counter/2/0/0/0,22236:1747647667813:,1747647681484
counter/2/0/0/0,22237:1747647667813:,1747647681484
counter/2/0/0/0,22238:1747647667813:,1747647681484
counter/2/0/0/0,22239:1747647667813:,1747647681484
counter/2/0/0/0,22240:1747647667813:,1747647681485
counter/2/0/0/0,22241:1747647667815:,1747647681485
counter/2/0/0/0,22242:1747647667815:,1747647681485
counter/2/0/0/0,22243:1747647667815:,1747647681485
counter/2/0/0/0,22244:1747647667815:,1747647681485
counter/2/0/0/0,22245:1747647667815:,1747647681485
counter/2/0/0/0,22246:1747647667815:,1747647681485
counter/2/0/0/0,22247:1747647667815:,1747647681485
counter/2/0/0/0,22248:1747647667815:,1747647681485
counter/2/0/0/0,22249:1747647667816:,1747647681485
counter/2/0/0/0,22250:1747647667816:,1747647681485
counter/2/0/0/0,22251:1747647667818:,1747647681485
counter/2/0/0/0,22252:1747647667818:,1747647681485
counter/2/0/0/0,22253:1747647667818:,1747647681485
counter/2/0/0/0,22254:1747647667818:,1747647681485
counter/2/0/0/0,22255:1747647667818:,1747647681485
counter/2/0/0/0,22256:1747647667818:,1747647681485
counter/2/0/0/0,22257:1747647667818:,1747647681485
counter/2/0/0/0,22258:1747647667818:,1747647681485
counter/2/0/0/0,22259:1747647667818:,1747647681485
counter/2/0/0/0,22260:1747647667818:,1747647681485
counter/2/0/0/0,22261:1747647667818:,1747647681485
counter/2/0/0/0,22262:1747647667818:,1747647681485
counter/2/0/0/0,22263:1747647667818:,1747647681485
counter/2/0/0/0,22264:1747647667818:,1747647681485
counter/2/0/0/0,22265:1747647667818:,1747647681485
counter/2/0/0/0,22266:1747647667818:,1747647681485
counter/2/0/0/0,22267:1747647667818:,1747647681485
counter/2/0/0/0,22268:1747647667818:,1747647681485
counter/2/0/0/0,22269:1747647667818:,1747647681485
counter/2/0/0/0,22270:1747647667818:,1747647681485
counter/2/0/0/0,22271:1747647667819:,1747647681485
counter/2/0/0/0,22272:1747647667819:,1747647681485
counter/2/0/0/0,22273:1747647667819:,1747647681485
counter/2/0/0/0,22274:1747647667819:,1747647681485
counter/2/0/0/0,22275:1747647667819:,1747647681485
counter/2/0/0/0,22276:1747647667822:,1747647681485
counter/2/0/0/0,22277:1747647667822:,1747647681485
counter/2/0/0/0,22278:1747647667822:,1747647681485
counter/2/0/0/0,22279:1747647667822:,1747647681485
counter/2/0/0/0,22280:1747647667822:,1747647681485
counter/2/0/0/0,22281:1747647667822:,1747647681485
counter/2/0/0/0,22282:1747647667822:,1747647681485
counter/2/0/0/0,22283:1747647667822:,1747647681485
counter/2/0/0/0,22284:1747647667822:,1747647681485
counter/2/0/0/0,22285:1747647667822:,1747647681485
counter/2/0/0/0,22286:1747647667822:,1747647681485
counter/2/0/0/0,22287:1747647667822:,1747647681486
counter/2/0/0/0,22288:1747647667822:,1747647681486
counter/2/0/0/0,22289:1747647667822:,1747647681486
counter/2/0/0/0,22290:1747647667822:,1747647681486
counter/2/0/0/0,22291:1747647667822:,1747647681486
counter/2/0/0/0,22292:1747647667822:,1747647681486
counter/2/0/0/0,22293:1747647667833:,1747647681486
counter/2/0/0/0,22294:1747647667833:,1747647681486
counter/2/0/0/0,22295:1747647667833:,1747647681486
counter/2/0/0/0,22296:1747647667833:,1747647681486
counter/2/0/0/0,22297:1747647667833:,1747647681486
counter/2/0/0/0,22298:1747647667836:,1747647681486
counter/2/0/0/0,22299:1747647667836:,1747647681486
counter/2/0/0/0,22300:1747647667836:,1747647681486
counter/2/0/0/0,22301:1747647667836:,1747647681486
counter/2/0/0/0,22302:1747647667836:,1747647681486
counter/2/0/0/0,22303:1747647667836:,1747647681486
counter/2/0/0/0,22304:1747647667836:,1747647681486
counter/2/0/0/0,22305:1747647667836:,1747647681486
counter/2/0/0/0,22306:1747647667836:,1747647681486
counter/2/0/0/0,22307:1747647667836:,1747647681486
counter/2/0/0/0,22308:1747647667836:,1747647681486
counter/2/0/0/0,22309:1747647667836:,1747647681486
counter/2/0/0/0,22310:1747647667836:,1747647681486
counter/2/0/0/0,22311:1747647667836:,1747647681486
counter/2/0/0/0,22312:1747647667836:,1747647681486
counter/2/0/0/0,22313:1747647667836:,1747647681486
counter/2/0/0/0,22314:1747647667836:,1747647681486
counter/2/0/0/0,22315:1747647667840:,1747647681486
counter/2/0/0/0,22316:1747647667840:,1747647681486
counter/2/0/0/0,22317:1747647667840:,1747647681486
counter/2/0/0/0,22318:1747647667840:,1747647681486
counter/2/0/0/0,22319:1747647667840:,1747647681486
counter/2/0/0/0,22320:1747647667841:,1747647681486
counter/2/0/0/0,22321:1747647667841:,1747647681486
counter/2/0/0/0,22322:1747647667841:,1747647681486
counter/2/0/0/0,22323:1747647667841:,1747647681486
counter/2/0/0/0,22324:1747647667841:,1747647681486
counter/2/0/0/0,22325:1747647667841:,1747647681486
counter/2/0/0/0,22326:1747647667841:,1747647681486
counter/2/0/0/0,22327:1747647667841:,1747647681486
counter/2/0/0/0,22328:1747647667841:,1747647681486
counter/2/0/0/0,22329:1747647667841:,1747647681486
counter/2/0/0/0,22330:1747647667842:,1747647681487
counter/2/0/0/0,22331:1747647667847:,1747647681487
counter/2/0/0/0,22332:1747647667847:,1747647681487
counter/2/0/0/0,22333:1747647667847:,1747647681487
counter/2/0/0/0,22334:1747647667847:,1747647681487
counter/2/0/0/0,22335:1747647667847:,1747647681487
counter/2/0/0/0,22336:1747647667847:,1747647681487
counter/2/0/0/0,22337:1747647667849:,1747647681487
counter/2/0/0/0,22338:1747647667849:,1747647681487
counter/2/0/0/0,22339:1747647667849:,1747647681487
counter/2/0/0/0,22340:1747647667849:,1747647681487
counter/2/0/0/0,22341:1747647667849:,1747647681487
counter/2/0/0/0,22342:1747647667849:,1747647681487
counter/2/0/0/0,22343:1747647667849:,1747647681487
counter/2/0/0/0,22344:1747647667850:,1747647681487
counter/2/0/0/0,22345:1747647667850:,1747647681487
counter/2/0/0/0,22346:1747647667850:,1747647681487
counter/2/0/0/0,22347:1747647667850:,1747647681487
counter/2/0/0/0,22348:1747647667850:,1747647681487
counter/2/0/0/0,22349:1747647667850:,1747647681487
counter/2/0/0/0,22350:1747647667850:,1747647681487
counter/2/0/0/0,22351:1747647667856:,1747647681487
counter/2/0/0/0,22352:1747647667856:,1747647681487
counter/2/0/0/0,22353:1747647667856:,1747647681487
counter/2/0/0/0,22354:1747647667856:,1747647681487
counter/2/0/0/0,22355:1747647667856:,1747647681487
counter/2/0/0/0,22356:1747647667856:,1747647681487
counter/2/0/0/0,22357:1747647667856:,1747647681487
counter/2/0/0/0,22358:1747647667860:,1747647681487
counter/2/0/0/0,22359:1747647667865:,1747647681487
counter/2/0/0/0,22360:1747647667865:,1747647681487
counter/2/0/0/0,22361:1747647667865:,1747647681487
counter/2/0/0/0,22362:1747647667865:,1747647681487
counter/2/0/0/0,22363:1747647667865:,1747647681487
counter/2/0/0/0,22364:1747647667865:,1747647681487
counter/2/0/0/0,22365:1747647667865:,1747647681487
counter/2/0/0/0,22366:1747647667865:,1747647681487
counter/2/0/0/0,22367:1747647667865:,1747647681487
counter/2/0/0/0,22368:1747647667865:,1747647681487
counter/2/0/0/0,22369:1747647667865:,1747647681487
counter/2/0/0/0,22370:1747647667865:,1747647681487
counter/2/0/0/0,22371:1747647667865:,1747647681487
counter/2/0/0/0,22372:1747647667865:,1747647681488
counter/2/0/0/0,22373:1747647667865:,1747647681488
counter/2/0/0/0,22374:1747647667867:,1747647681488
counter/2/0/0/0,22375:1747647667867:,1747647681488
counter/2/0/0/0,22376:1747647667867:,1747647681488
counter/2/0/0/0,22377:1747647667867:,1747647681488
counter/2/0/0/0,22378:1747647667867:,1747647681488
counter/7/0/0/0,16912:1747647663041:,1747647681488
counter/2/0/0/0,22379:1747647667867:,1747647681488
counter/4/0/0/0,17551:1747647665071:,1747647681488
counter/2/0/0/0,22380:1747647667875:,1747647681488
counter/5/0/0/0,19583:1747647665528:,1747647681488
counter/2/0/0/0,22381:1747647667875:,1747647681488
counter/3/0/0/0,17869:1747647664708:,1747647681488
counter/2/0/0/0,22382:1747647667875:,1747647681488
counter/10/0/0/0,18336:1747647664429:,1747647681488
counter/8/0/0/0,20410:1747647665370:,1747647681488
counter/2/0/0/0,22383:1747647667875:,1747647681488
counter/6/0/0/0,17438:1747647664669:,1747647681488
counter/1/0/0/0,18805:1747647665293:,1747647681488
counter/2/0/0/0,22384:1747647667875:,1747647681488
counter/2/0/0/0,22385:1747647667876:,1747647681488
counter/2/0/0/0,22386:1747647667876:,1747647681488
counter/2/0/0/0,22387:1747647667876:,1747647681488
counter/2/0/0/0,22388:1747647667876:,1747647681488
counter/2/0/0/0,22389:1747647667876:,1747647681488
counter/2/0/0/0,22390:1747647667876:,1747647681488
counter/2/0/0/0,22391:1747647667876:,1747647681488
counter/2/0/0/0,22392:1747647667876:,1747647681488
counter/2/0/0/0,22393:1747647667876:,1747647681488
counter/2/0/0/0,22394:1747647667880:,1747647681488
counter/2/0/0/0,22395:1747647667881:,1747647681488
counter/2/0/0/0,22396:1747647667881:,1747647681488
counter/2/0/0/0,22397:1747647667909:,1747647681488
counter/2/0/0/0,22398:1747647667909:,1747647681488
counter/3/0/0/0,17870:1747647664708:,1747647681489
counter/2/0/0/0,22399:1747647667909:,1747647681489
counter/10/0/0/0,18337:1747647664429:,1747647681489
counter/8/0/0/0,20411:1747647665370:,1747647681489
counter/2/0/0/0,22400:1747647667909:,1747647681489
counter/6/0/0/0,17439:1747647664669:,1747647681489
counter/1/0/0/0,18806:1747647665293:,1747647681489
counter/7/0/0/0,16913:1747647663041:,1747647681489
counter/2/0/0/0,22401:1747647667912:,1747647681489
counter/4/0/0/0,17552:1747647665071:,1747647681489
counter/5/0/0/0,19584:1747647665528:,1747647681489
counter/2/0/0/0,22402:1747647667912:,1747647681489
counter/2/0/0/0,22403:1747647667912:,1747647681489
counter/2/0/0/0,22404:1747647667912:,1747647681489
counter/9/0/0/0,22976:1747647667234:,1747647681489
counter/2/0/0/0,22405:1747647667912:,1747647681489
counter/9/0/0/0,22977:1747647667234:,1747647681489
counter/10/0/0/0,18338:1747647664429:,1747647681489
counter/2/0/0/0,22406:1747647667912:,1747647681489
counter/6/0/0/0,17440:1747647664669:,1747647681489
counter/1/0/0/0,18807:1747647665299:,1747647681489
counter/2/0/0/0,22407:1747647667912:,1747647681489
counter/7/0/0/0,16914:1747647663041:,1747647681489
counter/4/0/0/0,17553:1747647665071:,1747647681489
counter/5/0/0/0,19585:1747647665528:,1747647681489
counter/2/0/0/0,22408:1747647667912:,1747647681489
counter/3/0/0/0,17871:1747647664712:,1747647681489
counter/8/0/0/0,20412:1747647665370:,1747647681489
counter/2/0/0/0,22409:1747647667915:,1747647681489
counter/9/0/0/0,22978:1747647667249:,1747647681489
counter/10/0/0/0,18339:1747647664429:,1747647681489
counter/2/0/0/0,22410:1747647667915:,1747647681489
counter/2/0/0/0,22411:1747647667915:,1747647681489
counter/2/0/0/0,22412:1747647667915:,1747647681489
counter/2/0/0/0,22413:1747647667917:,1747647681489
counter/2/0/0/0,22414:1747647667918:,1747647681489
counter/2/0/0/0,22415:1747647667918:,1747647681489
counter/2/0/0/0,22416:1747647667918:,1747647681489
counter/9/0/0/0,22979:1747647667249:,1747647681489
counter/2/0/0/0,22417:1747647667918:,1747647681489
counter/10/0/0/0,18340:1747647664429:,1747647681489
counter/2/0/0/0,22418:1747647667918:,1747647681490
counter/7/0/0/0,16915:1747647663041:,1747647681490
counter/2/0/0/0,22419:1747647667919:,1747647681490
counter/6/0/0/0,17441:1747647664669:,1747647681490
counter/1/0/0/0,18808:1747647665299:,1747647681490
counter/2/0/0/0,22420:1747647667919:,1747647681490
counter/6/0/0/0,17442:1747647664669:,1747647681490
counter/2/0/0/0,22421:1747647667919:,1747647681490
counter/6/0/0/0,17443:1747647664669:,1747647681490
counter/2/0/0/0,22422:1747647667920:,1747647681490
counter/6/0/0/0,17444:1747647664669:,1747647681490
counter/7/0/0/0,16916:1747647663041:,1747647681490
counter/2/0/0/0,22423:1747647667920:,1747647681490
counter/6/0/0/0,17445:1747647664669:,1747647681490
counter/1/0/0/0,18809:1747647665299:,1747647681490
counter/5/0/0/0,19586:1747647665528:,1747647681490
counter/2/0/0/0,22424:1747647667920:,1747647681490
counter/6/0/0/0,17446:1747647664669:,1747647681490
counter/4/0/0/0,17554:1747647665071:,1747647681490
counter/8/0/0/0,20413:1747647665370:,1747647681490
counter/2/0/0/0,22425:1747647667920:,1747647681490
counter/6/0/0/0,17447:1747647664669:,1747647681490
counter/3/0/0/0,17872:1747647664712:,1747647681490
counter/9/0/0/0,22980:1747647667249:,1747647681490
counter/10/0/0/0,18341:1747647664429:,1747647681490
counter/2/0/0/0,22426:1747647667920:,1747647681490
counter/6/0/0/0,17448:1747647664677:,1747647681490
counter/2/0/0/0,22427:1747647667920:,1747647681490
counter/9/0/0/0,22981:1747647667249:,1747647681490
counter/2/0/0/0,22428:1747647667920:,1747647681490
counter/10/0/0/0,18342:1747647664429:,1747647681490
counter/2/0/0/0,22429:1747647667920:,1747647681490
counter/7/0/0/0,16917:1747647663041:,1747647681490
counter/1/0/0/0,18810:1747647665299:,1747647681490
counter/2/0/0/0,22430:1747647667920:,1747647681490
counter/6/0/0/0,17449:1747647664677:,1747647681490
counter/4/0/0/0,17555:1747647665071:,1747647681490
counter/2/0/0/0,22431:1747647667920:,1747647681490
counter/5/0/0/0,19587:1747647665528:,1747647681491
counter/2/0/0/0,22432:1747647667920:,1747647681491
counter/5/0/0/0,19588:1747647665528:,1747647681491
counter/2/0/0/0,22433:1747647667920:,1747647681491
counter/5/0/0/0,19589:1747647665528:,1747647681491
counter/2/0/0/0,22434:1747647667920:,1747647681491
counter/5/0/0/0,19590:1747647665528:,1747647681491
counter/2/0/0/0,22435:1747647667920:,1747647681491
counter/5/0/0/0,19591:1747647665528:,1747647681491
counter/2/0/0/0,22436:1747647667920:,1747647681491
counter/5/0/0/0,19592:1747647665528:,1747647681491
counter/2/0/0/0,22437:1747647667923:,1747647681491
counter/5/0/0/0,19593:1747647665528:,1747647681491
counter/2/0/0/0,22438:1747647667923:,1747647681491
counter/5/0/0/0,19594:1747647665536:,1747647681491
counter/2/0/0/0,22439:1747647667923:,1747647681491
counter/5/0/0/0,19595:1747647665536:,1747647681491
counter/2/0/0/0,22440:1747647667923:,1747647681491
counter/5/0/0/0,19596:1747647665536:,1747647681491
counter/2/0/0/0,22441:1747647667925:,1747647681491
counter/5/0/0/0,19597:1747647665536:,1747647681491
counter/9/0/0/0,22982:1747647667253:,1747647681491
counter/2/0/0/0,22442:1747647667925:,1747647681491
counter/5/0/0/0,19598:1747647665536:,1747647681491
counter/2/0/0/0,22443:1747647667925:,1747647681491
counter/5/0/0/0,19599:1747647665536:,1747647681491
counter/2/0/0/0,22444:1747647667925:,1747647681491
counter/5/0/0/0,19600:1747647665536:,1747647681491
counter/2/0/0/0,22445:1747647667925:,1747647681491
counter/5/0/0/0,19601:1747647665551:,1747647681491
counter/2/0/0/0,22446:1747647667925:,1747647681491
counter/5/0/0/0,19602:1747647665551:,1747647681491
counter/2/0/0/0,22447:1747647667925:,1747647681491
counter/5/0/0/0,19603:1747647665551:,1747647681491
counter/2/0/0/0,22448:1747647667925:,1747647681491
counter/5/0/0/0,19604:1747647665551:,1747647681491
counter/2/0/0/0,22449:1747647667925:,1747647681491
counter/5/0/0/0,19605:1747647665551:,1747647681491
counter/2/0/0/0,22450:1747647667925:,1747647681491
counter/5/0/0/0,19606:1747647665551:,1747647681491
counter/2/0/0/0,22451:1747647667933:,1747647681491
counter/5/0/0/0,19607:1747647665558:,1747647681491
counter/2/0/0/0,22452:1747647667933:,1747647681491
counter/5/0/0/0,19608:1747647665558:,1747647681492
counter/2/0/0/0,22453:1747647667933:,1747647681492
counter/5/0/0/0,19609:1747647665558:,1747647681492
counter/2/0/0/0,22454:1747647667933:,1747647681492
counter/5/0/0/0,19610:1747647665558:,1747647681492
counter/2/0/0/0,22455:1747647667933:,1747647681492
counter/5/0/0/0,19611:1747647665558:,1747647681492
counter/2/0/0/0,22456:1747647667933:,1747647681492
counter/5/0/0/0,19612:1747647665558:,1747647681492
counter/2/0/0/0,22457:1747647667933:,1747647681492
counter/5/0/0/0,19613:1747647665559:,1747647681492
counter/2/0/0/0,22458:1747647667941:,1747647681492
counter/5/0/0/0,19614:1747647665559:,1747647681492
counter/2/0/0/0,22459:1747647667941:,1747647681492
counter/5/0/0/0,19615:1747647665559:,1747647681492
counter/2/0/0/0,22460:1747647667942:,1747647681492
counter/5/0/0/0,19616:1747647665571:,1747647681492
counter/2/0/0/0,22461:1747647667942:,1747647681492
counter/5/0/0/0,19617:1747647665571:,1747647681492
counter/2/0/0/0,22462:1747647667942:,1747647681492
counter/5/0/0/0,19618:1747647665571:,1747647681492
counter/2/0/0/0,22463:1747647667942:,1747647681492
counter/5/0/0/0,19619:1747647665571:,1747647681492
counter/2/0/0/0,22464:1747647667942:,1747647681492
counter/5/0/0/0,19620:1747647665571:,1747647681492
counter/2/0/0/0,22465:1747647667942:,1747647681492
counter/5/0/0/0,19621:1747647665574:,1747647681492
counter/2/0/0/0,22466:1747647667942:,1747647681492
counter/5/0/0/0,19622:1747647665575:,1747647681492
counter/2/0/0/0,22467:1747647667942:,1747647681492
counter/5/0/0/0,19623:1747647665575:,1747647681492
counter/2/0/0/0,22468:1747647667942:,1747647681492
counter/5/0/0/0,19624:1747647665575:,1747647681492
counter/2/0/0/0,22469:1747647667942:,1747647681492
counter/5/0/0/0,19625:1747647665575:,1747647681492
counter/2/0/0/0,22470:1747647667942:,1747647681492
counter/5/0/0/0,19626:1747647665575:,1747647681492
counter/2/0/0/0,22471:1747647667942:,1747647681492
counter/5/0/0/0,19627:1747647665575:,1747647681492
counter/2/0/0/0,22472:1747647667942:,1747647681492
counter/5/0/0/0,19628:1747647665575:,1747647681493
counter/2/0/0/0,22473:1747647667942:,1747647681493
counter/5/0/0/0,19629:1747647665575:,1747647681493
counter/2/0/0/0,22474:1747647667942:,1747647681493
counter/5/0/0/0,19630:1747647665575:,1747647681493
counter/2/0/0/0,22475:1747647667946:,1747647681493
counter/5/0/0/0,19631:1747647665575:,1747647681493
counter/2/0/0/0,22476:1747647667946:,1747647681493
counter/5/0/0/0,19632:1747647665575:,1747647681493
counter/2/0/0/0,22477:1747647667946:,1747647681493
counter/5/0/0/0,19633:1747647665575:,1747647681493
counter/2/0/0/0,22478:1747647667946:,1747647681493
counter/5/0/0/0,19634:1747647665582:,1747647681493
counter/2/0/0/0,22479:1747647667954:,1747647681493
counter/5/0/0/0,19635:1747647665582:,1747647681493
counter/2/0/0/0,22480:1747647667954:,1747647681493
counter/5/0/0/0,19636:1747647665582:,1747647681493
counter/2/0/0/0,22481:1747647667954:,1747647681493
counter/5/0/0/0,19637:1747647665582:,1747647681493
counter/2/0/0/0,22482:1747647667954:,1747647681493
counter/5/0/0/0,19638:1747647665582:,1747647681493
counter/2/0/0/0,22483:1747647667954:,1747647681493
counter/5/0/0/0,19639:1747647665582:,1747647681493
counter/2/0/0/0,22484:1747647667956:,1747647681493
counter/5/0/0/0,19640:1747647665582:,1747647681493
counter/2/0/0/0,22485:1747647667956:,1747647681493
counter/5/0/0/0,19641:1747647665582:,1747647681493
counter/2/0/0/0,22486:1747647667956:,1747647681493
counter/5/0/0/0,19642:1747647665582:,1747647681493
counter/2/0/0/0,22487:1747647667956:,1747647681493
counter/5/0/0/0,19643:1747647665588:,1747647681493
counter/2/0/0/0,22488:1747647667956:,1747647681493
counter/5/0/0/0,19644:1747647665588:,1747647681493
counter/2/0/0/0,22489:1747647667956:,1747647681493
counter/5/0/0/0,19645:1747647665600:,1747647681493
counter/2/0/0/0,22490:1747647667956:,1747647681493
counter/5/0/0/0,19646:1747647665601:,1747647681493
counter/2/0/0/0,22491:1747647667956:,1747647681493
counter/5/0/0/0,19647:1747647665620:,1747647681494
counter/2/0/0/0,22492:1747647667956:,1747647681494
counter/5/0/0/0,19648:1747647665621:,1747647681494
counter/2/0/0/0,22493:1747647667956:,1747647681494
counter/5/0/0/0,19649:1747647665621:,1747647681494
counter/2/0/0/0,22494:1747647667956:,1747647681494
counter/5/0/0/0,19650:1747647665621:,1747647681494
counter/2/0/0/0,22495:1747647667956:,1747647681494
counter/5/0/0/0,19651:1747647665621:,1747647681494
counter/2/0/0/0,22496:1747647667956:,1747647681494
counter/5/0/0/0,19652:1747647665621:,1747647681494
counter/2/0/0/0,22497:1747647667956:,1747647681494
counter/5/0/0/0,19653:1747647665621:,1747647681494
counter/2/0/0/0,22498:1747647667956:,1747647681494
counter/5/0/0/0,19654:1747647665621:,1747647681494
counter/2/0/0/0,22499:1747647667956:,1747647681494
counter/5/0/0/0,19655:1747647665621:,1747647681494
counter/2/0/0/0,22500:1747647667956:,1747647681494
counter/5/0/0/0,19656:1747647665621:,1747647681494
counter/4/0/0/0,17556:1747647665071:,1747647681494
counter/2/0/0/0,22501:1747647667961:,1747647681494
counter/5/0/0/0,19657:1747647665621:,1747647681494
counter/3/0/0/0,17873:1747647664712:,1747647681494
counter/9/0/0/0,22983:1747647667253:,1747647681494
counter/2/0/0/0,22502:1747647667961:,1747647681494
counter/5/0/0/0,19658:1747647665621:,1747647681494
counter/10/0/0/0,18343:1747647664429:,1747647681494
counter/7/0/0/0,16918:1747647663041:,1747647681494
counter/2/0/0/0,22503:1747647667961:,1747647681494
counter/5/0/0/0,19659:1747647665621:,1747647681494
counter/2/0/0/0,22504:1747647667961:,1747647681494
counter/5/0/0/0,19660:1747647665621:,1747647681494
counter/2/0/0/0,22505:1747647667961:,1747647681494
counter/5/0/0/0,19661:1747647665621:,1747647681494
counter/2/0/0/0,22506:1747647667976:,1747647681494
counter/5/0/0/0,19662:1747647665621:,1747647681494
counter/2/0/0/0,22507:1747647667976:,1747647681494
counter/5/0/0/0,19663:1747647665621:,1747647681494
counter/2/0/0/0,22508:1747647667976:,1747647681494
counter/5/0/0/0,19664:1747647665621:,1747647681494
counter/2/0/0/0,22509:1747647667976:,1747647681494
counter/5/0/0/0,19665:1747647665621:,1747647681494
counter/2/0/0/0,22510:1747647667976:,1747647681495
counter/5/0/0/0,19666:1747647665625:,1747647681495
counter/2/0/0/0,22511:1747647667976:,1747647681495
counter/5/0/0/0,19667:1747647665625:,1747647681495
counter/9/0/0/0,22984:1747647667253:,1747647681495
counter/2/0/0/0,22512:1747647667981:,1747647681495
counter/5/0/0/0,19668:1747647665625:,1747647681495
counter/3/0/0/0,17874:1747647664712:,1747647681495
counter/10/0/0/0,18344:1747647664429:,1747647681495
counter/2/0/0/0,22513:1747647667981:,1747647681495
counter/5/0/0/0,19669:1747647665625:,1747647681495
counter/7/0/0/0,16919:1747647663041:,1747647681495
counter/1/0/0/0,18811:1747647665299:,1747647681495
counter/6/0/0/0,17450:1747647664678:,1747647681495
counter/2/0/0/0,22514:1747647667981:,1747647681495
counter/5/0/0/0,19670:1747647665625:,1747647681495
counter/2/0/0/0,22515:1747647667981:,1747647681495
counter/5/0/0/0,19671:1747647665625:,1747647681495
counter/2/0/0/0,22516:1747647667981:,1747647681495
counter/5/0/0/0,19672:1747647665626:,1747647681495
counter/2/0/0/0,22517:1747647667981:,1747647681495
counter/5/0/0/0,19673:1747647665626:,1747647681495
counter/2/0/0/0,22518:1747647667981:,1747647681495
counter/5/0/0/0,19674:1747647665626:,1747647681495
counter/2/0/0/0,22519:1747647667981:,1747647681495
counter/5/0/0/0,19675:1747647665626:,1747647681495
counter/2/0/0/0,22520:1747647667981:,1747647681495
counter/5/0/0/0,19676:1747647665626:,1747647681495
counter/2/0/0/0,22521:1747647667981:,1747647681495
counter/5/0/0/0,19677:1747647665626:,1747647681495
counter/2/0/0/0,22522:1747647667981:,1747647681495
counter/5/0/0/0,19678:1747647665626:,1747647681495
counter/2/0/0/0,22523:1747647667981:,1747647681495
counter/5/0/0/0,19679:1747647665626:,1747647681495
counter/2/0/0/0,22524:1747647667981:,1747647681495
counter/5/0/0/0,19680:1747647665626:,1747647681495
counter/2/0/0/0,22525:1747647667981:,1747647681495
counter/5/0/0/0,19681:1747647665626:,1747647681495
counter/2/0/0/0,22526:1747647667981:,1747647681496
counter/5/0/0/0,19682:1747647665626:,1747647681496
counter/2/0/0/0,22527:1747647667981:,1747647681496
counter/5/0/0/0,19683:1747647665626:,1747647681496
counter/2/0/0/0,22528:1747647667981:,1747647681496
counter/5/0/0/0,19684:1747647665626:,1747647681496
counter/2/0/0/0,22529:1747647667981:,1747647681496
counter/5/0/0/0,19685:1747647665626:,1747647681496
counter/2/0/0/0,22530:1747647667982:,1747647681496
counter/5/0/0/0,19686:1747647665626:,1747647681496
counter/2/0/0/0,22531:1747647667982:,1747647681496
counter/5/0/0/0,19687:1747647665626:,1747647681496
counter/2/0/0/0,22532:1747647667982:,1747647681496
counter/5/0/0/0,19688:1747647665626:,1747647681496
counter/2/0/0/0,22533:1747647667996:,1747647681496
counter/5/0/0/0,19689:1747647665626:,1747647681496
counter/2/0/0/0,22534:1747647667996:,1747647681496
counter/5/0/0/0,19690:1747647665634:,1747647681496
counter/4/0/0/0,17557:1747647665071:,1747647681496
counter/2/0/0/0,22535:1747647667996:,1747647681496
counter/5/0/0/0,19691:1747647665634:,1747647681496
counter/3/0/0/0,17875:1747647664712:,1747647681496
counter/2/0/0/0,22536:1747647667996:,1747647681496
counter/5/0/0/0,19692:1747647665634:,1747647681496
counter/2/0/0/0,22537:1747647667996:,1747647681496
counter/5/0/0/0,19693:1747647665634:,1747647681496
counter/2/0/0/0,22538:1747647667996:,1747647681496
counter/5/0/0/0,19694:1747647665634:,1747647681496
counter/9/0/0/0,22985:1747647667253:,1747647681496
counter/2/0/0/0,22539:1747647667996:,1747647681496
counter/5/0/0/0,19695:1747647665634:,1747647681496
counter/8/0/0/0,20414:1747647665370:,1747647681496
counter/4/0/0/0,17558:1747647665076:,1747647681496
counter/2/0/0/0,22540:1747647667996:,1747647681496
counter/5/0/0/0,19696:1747647665634:,1747647681496
counter/3/0/0/0,17876:1747647664712:,1747647681496
counter/7/0/0/0,16920:1747647663041:,1747647681496
counter/2/0/0/0,22541:1747647667996:,1747647681496
counter/5/0/0/0,19697:1747647665634:,1747647681496
counter/10/0/0/0,18345:1747647664429:,1747647681496
counter/6/0/0/0,17451:1747647664678:,1747647681496
counter/1/0/0/0,18812:1747647665299:,1747647681496
counter/2/0/0/0,22542:1747647667997:,1747647681497
counter/5/0/0/0,19698:1747647665635:,1747647681497
counter/2/0/0/0,22543:1747647667997:,1747647681497
counter/5/0/0/0,19699:1747647665635:,1747647681497
counter/2/0/0/0,22544:1747647667997:,1747647681497
counter/5/0/0/0,19700:1747647665635:,1747647681497
counter/6/0/0/0,17452:1747647664678:,1747647681497
counter/2/0/0/0,22545:1747647667997:,1747647681497
counter/5/0/0/0,19701:1747647665635:,1747647681497
counter/1/0/0/0,18813:1747647665299:,1747647681497
counter/2/0/0/0,22546:1747647667997:,1747647681497
counter/5/0/0/0,19702:1747647665635:,1747647681497
counter/1/0/0/0,18814:1747647665299:,1747647681497
counter/2/0/0/0,22547:1747647668014:,1747647681497
counter/5/0/0/0,19703:1747647665635:,1747647681497
counter/1/0/0/0,18815:1747647665299:,1747647681497
counter/3/0/0/0,17877:1747647664712:,1747647681497
counter/2/0/0/0,22548:1747647668035:,1747647681497
counter/5/0/0/0,19704:1747647665635:,1747647681497
counter/1/0/0/0,18816:1747647665300:,1747647681497
counter/2/0/0/0,22549:1747647668035:,1747647681497
counter/5/0/0/0,19705:1747647665636:,1747647681497
counter/1/0/0/0,18817:1747647665300:,1747647681497
counter/2/0/0/0,22550:1747647668035:,1747647681497
counter/5/0/0/0,19706:1747647665636:,1747647681497
counter/2/0/0/0,22551:1747647668035:,1747647681497
counter/5/0/0/0,19707:1747647665636:,1747647681497
counter/2/0/0/0,22552:1747647668035:,1747647681497
counter/5/0/0/0,19708:1747647665636:,1747647681497
counter/2/0/0/0,22553:1747647668035:,1747647681497
counter/5/0/0/0,19709:1747647665636:,1747647681497
counter/2/0/0/0,22554:1747647668040:,1747647681497
counter/5/0/0/0,19710:1747647665636:,1747647681497
counter/2/0/0/0,22555:1747647668040:,1747647681497
counter/5/0/0/0,19711:1747647665636:,1747647681497
counter/2/0/0/0,22556:1747647668040:,1747647681497
counter/5/0/0/0,19712:1747647665636:,1747647681497
counter/2/0/0/0,22557:1747647668052:,1747647681497
counter/5/0/0/0,19713:1747647665636:,1747647681497
counter/2/0/0/0,22558:1747647668052:,1747647681497
counter/5/0/0/0,19714:1747647665636:,1747647681497
counter/2/0/0/0,22559:1747647668052:,1747647681497
counter/5/0/0/0,19715:1747647665636:,1747647681497
counter/2/0/0/0,22560:1747647668052:,1747647681498
counter/5/0/0/0,19716:1747647665636:,1747647681498
counter/2/0/0/0,22561:1747647668052:,1747647681498
counter/5/0/0/0,19717:1747647665636:,1747647681498
counter/2/0/0/0,22562:1747647668052:,1747647681498
counter/5/0/0/0,19718:1747647665636:,1747647681498
counter/1/0/0/0,18818:1747647665300:,1747647681498
counter/2/0/0/0,22563:1747647668052:,1747647681498
counter/5/0/0/0,19719:1747647665636:,1747647681498
counter/10/0/0/0,18346:1747647664429:,1747647681498
counter/2/0/0/0,22564:1747647668059:,1747647681498
counter/5/0/0/0,19720:1747647665639:,1747647681498
counter/6/0/0/0,17453:1747647664678:,1747647681498
counter/2/0/0/0,22565:1747647668059:,1747647681498
counter/5/0/0/0,19721:1747647665639:,1747647681498
counter/9/0/0/0,22986:1747647667253:,1747647681498
counter/7/0/0/0,16921:1747647663041:,1747647681498
counter/2/0/0/0,22566:1747647668059:,1747647681498
counter/5/0/0/0,19722:1747647665639:,1747647681498
counter/9/0/0/0,22987:1747647667253:,1747647681498
counter/2/0/0/0,22567:1747647668059:,1747647681498
counter/5/0/0/0,19723:1747647665639:,1747647681498
counter/9/0/0/0,22988:1747647667254:,1747647681498
counter/2/0/0/0,22568:1747647668059:,1747647681498
counter/5/0/0/0,19724:1747647665639:,1747647681498
counter/9/0/0/0,22989:1747647667254:,1747647681498
counter/3/0/0/0,17878:1747647664712:,1747647681498
counter/2/0/0/0,22569:1747647668059:,1747647681498
counter/5/0/0/0,19725:1747647665639:,1747647681498
counter/9/0/0/0,22990:1747647667254:,1747647681498
counter/4/0/0/0,17559:1747647665092:,1747647681498
counter/2/0/0/0,22570:1747647668059:,1747647681498
counter/5/0/0/0,19726:1747647665640:,1747647681498
counter/9/0/0/0,22991:1747647667254:,1747647681498
counter/2/0/0/0,22571:1747647668059:,1747647681498
counter/5/0/0/0,19727:1747647665640:,1747647681498
counter/9/0/0/0,22992:1747647667254:,1747647681499
counter/2/0/0/0,22572:1747647668061:,1747647681499
counter/5/0/0/0,19728:1747647665640:,1747647681499
counter/9/0/0/0,22993:1747647667254:,1747647681499
counter/2/0/0/0,22573:1747647668061:,1747647681499
counter/5/0/0/0,19729:1747647665640:,1747647681499
counter/9/0/0/0,22994:1747647667254:,1747647681499
counter/2/0/0/0,22574:1747647668061:,1747647681499
counter/5/0/0/0,19730:1747647665640:,1747647681499
counter/9/0/0/0,22995:1747647667254:,1747647681499
counter/2/0/0/0,22575:1747647668061:,1747647681499
counter/5/0/0/0,19731:1747647665640:,1747647681499
counter/4/0/0/0,17560:1747647665093:,1747647681499
counter/2/0/0/0,22576:1747647668066:,1747647681499
counter/5/0/0/0,19732:1747647665640:,1747647681499
counter/4/0/0/0,17561:1747647665093:,1747647681499
counter/2/0/0/0,22577:1747647668067:,1747647681499
counter/5/0/0/0,19733:1747647665640:,1747647681499
counter/4/0/0/0,17562:1747647665093:,1747647681499
counter/2/0/0/0,22578:1747647668067:,1747647681499
counter/5/0/0/0,19734:1747647665640:,1747647681499
counter/4/0/0/0,17563:1747647665093:,1747647681499
counter/2/0/0/0,22579:1747647668082:,1747647681499
counter/5/0/0/0,19735:1747647665640:,1747647681499
counter/4/0/0/0,17564:1747647665094:,1747647681499
counter/2/0/0/0,22580:1747647668082:,1747647681499
counter/5/0/0/0,19736:1747647665640:,1747647681499
counter/4/0/0/0,17565:1747647665094:,1747647681499
counter/2/0/0/0,22581:1747647668082:,1747647681499
counter/5/0/0/0,19737:1747647665640:,1747647681499
counter/4/0/0/0,17566:1747647665094:,1747647681499
counter/2/0/0/0,22582:1747647668082:,1747647681499
counter/5/0/0/0,19738:1747647665640:,1747647681499
counter/4/0/0/0,17567:1747647665095:,1747647681499
counter/2/0/0/0,22583:1747647668083:,1747647681499
counter/5/0/0/0,19739:1747647665640:,1747647681499
counter/4/0/0/0,17568:1747647665095:,1747647681499
counter/2/0/0/0,22584:1747647668083:,1747647681499
counter/5/0/0/0,19740:1747647665641:,1747647681499
counter/4/0/0/0,17569:1747647665095:,1747647681499
counter/9/0/0/0,22996:1747647667254:,1747647681500
counter/1/0/0/0,18819:1747647665300:,1747647681500
counter/2/0/0/0,22585:1747647668083:,1747647681500
counter/5/0/0/0,19741:1747647665641:,1747647681500
counter/4/0/0/0,17570:1747647665095:,1747647681500
counter/2/0/0/0,22586:1747647668083:,1747647681500
counter/5/0/0/0,19742:1747647665641:,1747647681500
counter/4/0/0/0,17571:1747647665095:,1747647681500
counter/9/0/0/0,22997:1747647667255:,1747647681500
counter/2/0/0/0,22587:1747647668083:,1747647681500
counter/5/0/0/0,19743:1747647665641:,1747647681500
counter/4/0/0/0,17572:1747647665095:,1747647681500
counter/2/0/0/0,22588:1747647668083:,1747647681500
counter/5/0/0/0,19744:1747647665641:,1747647681500
counter/4/0/0/0,17573:1747647665095:,1747647681500
counter/2/0/0/0,22589:1747647668083:,1747647681500
counter/5/0/0/0,19745:1747647665641:,1747647681500
counter/4/0/0/0,17574:1747647665095:,1747647681500
counter/2/0/0/0,22590:1747647668083:,1747647681500
counter/5/0/0/0,19746:1747647665641:,1747647681500
counter/2/0/0/0,22591:1747647668083:,1747647681500
counter/5/0/0/0,19747:1747647665643:,1747647681500
counter/2/0/0/0,22592:1747647668083:,1747647681500
counter/5/0/0/0,19748:1747647665643:,1747647681500
counter/2/0/0/0,22593:1747647668089:,1747647681500
counter/5/0/0/0,19749:1747647665643:,1747647681500
counter/2/0/0/0,22594:1747647668089:,1747647681500
counter/5/0/0/0,19750:1747647665644:,1747647681500
counter/2/0/0/0,22595:1747647668089:,1747647681500
counter/5/0/0/0,19751:1747647665644:,1747647681500
counter/2/0/0/0,22596:1747647668089:,1747647681500
counter/5/0/0/0,19752:1747647665644:,1747647681500
counter/2/0/0/0,22597:1747647668089:,1747647681500
counter/5/0/0/0,19753:1747647665644:,1747647681500
counter/2/0/0/0,22598:1747647668089:,1747647681500
counter/5/0/0/0,19754:1747647665644:,1747647681500
counter/4/0/0/0,17575:1747647665095:,1747647681500
counter/2/0/0/0,22599:1747647668089:,1747647681500
counter/5/0/0/0,19755:1747647665644:,1747647681501
counter/10/0/0/0,18347:1747647664429:,1747647681501
counter/2/0/0/0,22600:1747647668089:,1747647681501
counter/5/0/0/0,19756:1747647665644:,1747647681501
counter/3/0/0/0,17879:1747647664714:,1747647681501
counter/2/0/0/0,22601:1747647668089:,1747647681501
counter/5/0/0/0,19757:1747647665644:,1747647681501
counter/2/0/0/0,22602:1747647668089:,1747647681501
counter/5/0/0/0,19758:1747647665644:,1747647681501
counter/2/0/0/0,22603:1747647668089:,1747647681501
counter/5/0/0/0,19759:1747647665644:,1747647681501
counter/9/0/0/0,22998:1747647667255:,1747647681501
counter/2/0/0/0,22604:1747647668103:,1747647681501
counter/5/0/0/0,19760:1747647665644:,1747647681501
counter/10/0/0/0,18348:1747647664429:,1747647681501
counter/3/0/0/0,17880:1747647664714:,1747647681501
counter/2/0/0/0,22605:1747647668103:,1747647681501
counter/5/0/0/0,19761:1747647665644:,1747647681501
counter/1/0/0/0,18820:1747647665305:,1747647681501
counter/2/0/0/0,22606:1747647668103:,1747647681501
counter/5/0/0/0,19762:1747647665644:,1747647681501
counter/7/0/0/0,16922:1747647663041:,1747647681501
counter/6/0/0/0,17454:1747647664678:,1747647681501
counter/2/0/0/0,22607:1747647668103:,1747647681501
counter/5/0/0/0,19763:1747647665644:,1747647681501
counter/2/0/0/0,22608:1747647668103:,1747647681501
counter/5/0/0/0,19764:1747647665644:,1747647681501
counter/2/0/0/0,22609:1747647668103:,1747647681501
counter/5/0/0/0,19765:1747647665644:,1747647681501
counter/2/0/0/0,22610:1747647668103:,1747647681501
counter/5/0/0/0,19766:1747647665644:,1747647681501
counter/2/0/0/0,22611:1747647668104:,1747647681501
counter/5/0/0/0,19767:1747647665644:,1747647681501
counter/2/0/0/0,22612:1747647668104:,1747647681501
counter/5/0/0/0,19768:1747647665644:,1747647681501
counter/9/0/0/0,22999:1747647667256:,1747647681501
counter/2/0/0/0,22613:1747647668104:,1747647681501
counter/5/0/0/0,19769:1747647665644:,1747647681501
counter/10/0/0/0,18349:1747647664429:,1747647681501
counter/2/0/0/0,22614:1747647668104:,1747647681501
counter/5/0/0/0,19770:1747647665644:,1747647681501
counter/8/0/0/0,20415:1747647665370:,1747647681501
counter/3/0/0/0,17881:1747647664714:,1747647681502
counter/2/0/0/0,22615:1747647668111:,1747647681502
counter/5/0/0/0,19771:1747647665645:,1747647681502
counter/8/0/0/0,20416:1747647665370:,1747647681502
counter/7/0/0/0,16923:1747647663041:,1747647681502
counter/2/0/0/0,22616:1747647668117:,1747647681502
counter/5/0/0/0,19772:1747647665645:,1747647681502
counter/8/0/0/0,20417:1747647665370:,1747647681502
counter/7/0/0/0,16924:1747647663041:,1747647681502
counter/2/0/0/0,22617:1747647668117:,1747647681502
counter/5/0/0/0,19773:1747647665645:,1747647681502
counter/8/0/0/0,20418:1747647665370:,1747647681502
counter/2/0/0/0,22618:1747647668117:,1747647681502
counter/5/0/0/0,19774:1747647665645:,1747647681502
counter/8/0/0/0,20419:1747647665370:,1747647681502
counter/2/0/0/0,22619:1747647668117:,1747647681502
counter/5/0/0/0,19775:1747647665645:,1747647681502
counter/8/0/0/0,20420:1747647665370:,1747647681502
counter/2/0/0/0,22620:1747647668117:,1747647681502
counter/5/0/0/0,19776:1747647665645:,1747647681502
counter/8/0/0/0,20421:1747647665373:,1747647681502
counter/2/0/0/0,22621:1747647668117:,1747647681502
counter/5/0/0/0,19777:1747647665645:,1747647681502
counter/8/0/0/0,20422:1747647665373:,1747647681502
counter/1/0/0/0,18821:1747647665322:,1747647681502
counter/2/0/0/0,22622:1747647668117:,1747647681502
counter/5/0/0/0,19778:1747647665645:,1747647681502
counter/8/0/0/0,20423:1747647665373:,1747647681502
counter/3/0/0/0,17882:1747647664714:,1747647681502
counter/4/0/0/0,17576:1747647665095:,1747647681502
counter/7/0/0/0,16925:1747647663041:,1747647681502
counter/2/0/0/0,22623:1747647668120:,1747647681502
counter/5/0/0/0,19779:1747647665645:,1747647681502
counter/8/0/0/0,20424:1747647665380:,1747647681502
counter/7/0/0/0,16926:1747647663041:,1747647681502
counter/2/0/0/0,22624:1747647668121:,1747647681502
counter/5/0/0/0,19780:1747647665645:,1747647681502
counter/8/0/0/0,20425:1747647665380:,1747647681502
counter/7/0/0/0,16927:1747647663041:,1747647681502
counter/2/0/0/0,22625:1747647668121:,1747647681502
counter/5/0/0/0,19781:1747647665645:,1747647681502
counter/8/0/0/0,20426:1747647665380:,1747647681503
counter/7/0/0/0,16928:1747647663041:,1747647681503
counter/2/0/0/0,22626:1747647668121:,1747647681503
counter/5/0/0/0,19782:1747647665652:,1747647681503
counter/8/0/0/0,20427:1747647665380:,1747647681503
counter/7/0/0/0,16929:1747647663041:,1747647681503
counter/2/0/0/0,22627:1747647668121:,1747647681503
counter/5/0/0/0,19783:1747647665652:,1747647681503
counter/8/0/0/0,20428:1747647665380:,1747647681503
counter/7/0/0/0,16930:1747647663041:,1747647681503
counter/9/0/0/0,23000:1747647667256:,1747647681503
counter/1/0/0/0,18822:1747647665346:,1747647681503
counter/2/0/0/0,22628:1747647668121:,1747647681503
counter/5/0/0/0,19784:1747647665652:,1747647681503
counter/7/0/0/0,16931:1747647663045:,1747647681503
counter/6/0/0/0,17455:1747647664678:,1747647681503
counter/3/0/0/0,17883:1747647664714:,1747647681503
counter/4/0/0/0,17577:1747647665102:,1747647681503
counter/10/0/0/0,18350:1747647664429:,1747647681503
counter/2/0/0/0,22629:1747647668121:,1747647681503
counter/5/0/0/0,19785:1747647665653:,1747647681503
counter/7/0/0/0,16932:1747647663046:,1747647681503
counter/2/0/0/0,22630:1747647668121:,1747647681503
counter/5/0/0/0,19786:1747647665653:,1747647681503
counter/2/0/0/0,22631:1747647668121:,1747647681503
counter/5/0/0/0,19787:1747647665653:,1747647681503
counter/10/0/0/0,18351:1747647664429:,1747647681503
counter/7/0/0/0,16933:1747647663046:,1747647681503
counter/2/0/0/0,22632:1747647668121:,1747647681503
counter/5/0/0/0,19788:1747647665653:,1747647681503
counter/2/0/0/0,22633:1747647668121:,1747647681503
counter/5/0/0/0,19789:1747647665653:,1747647681503
counter/1/0/0/0,18823:1747647665346:,1747647681503
counter/2/0/0/0,22634:1747647668121:,1747647681503
counter/5/0/0/0,19790:1747647665653:,1747647681503
counter/6/0/0/0,17456:1747647664678:,1747647681503
counter/3/0/0/0,17884:1747647664714:,1747647681503
counter/2/0/0/0,22635:1747647668121:,1747647681503
counter/5/0/0/0,19791:1747647665653:,1747647681503
counter/4/0/0/0,17578:1747647665102:,1747647681504
counter/2/0/0/0,22636:1747647668121:,1747647681504
counter/5/0/0/0,19792:1747647665653:,1747647681504
counter/2/0/0/0,22637:1747647668121:,1747647681504
counter/5/0/0/0,19793:1747647665655:,1747647681504
counter/2/0/0/0,22638:1747647668121:,1747647681504
counter/5/0/0/0,19794:1747647665655:,1747647681504
counter/2/0/0/0,22639:1747647668121:,1747647681504
counter/5/0/0/0,19795:1747647665656:,1747647681504
counter/2/0/0/0,22640:1747647668125:,1747647681504
counter/5/0/0/0,19796:1747647665656:,1747647681504
counter/2/0/0/0,22641:1747647668125:,1747647681504
counter/5/0/0/0,19797:1747647665656:,1747647681504
counter/9/0/0/0,23001:1747647667256:,1747647681504
counter/7/0/0/0,16934:1747647663046:,1747647681504
counter/2/0/0/0,22642:1747647668125:,1747647681504
counter/5/0/0/0,19798:1747647665668:,1747647681504
counter/9/0/0/0,23002:1747647667256:,1747647681504
counter/2/0/0/0,22643:1747647668125:,1747647681504
counter/5/0/0/0,19799:1747647665668:,1747647681504
counter/9/0/0/0,23003:1747647667256:,1747647681504
counter/6/0/0/0,17457:1747647664678:,1747647681504
counter/3/0/0/0,17885:1747647664715:,1747647681504
counter/2/0/0/0,22644:1747647668126:,1747647681504
counter/5/0/0/0,19800:1747647665668:,1747647681504
counter/4/0/0/0,17579:1747647665103:,1747647681504
counter/2/0/0/0,22645:1747647668126:,1747647681504
counter/5/0/0/0,19801:1747647665668:,1747647681504
counter/2/0/0/0,22646:1747647668126:,1747647681504
counter/5/0/0/0,19802:1747647665668:,1747647681504
counter/2/0/0/0,22647:1747647668126:,1747647681504
counter/5/0/0/0,19803:1747647665668:,1747647681504
counter/2/0/0/0,22648:1747647668126:,1747647681504
counter/5/0/0/0,19804:1747647665687:,1747647681504
counter/2/0/0/0,22649:1747647668126:,1747647681504
counter/5/0/0/0,19805:1747647665687:,1747647681504
counter/2/0/0/0,22650:1747647668149:,1747647681504
counter/5/0/0/0,19806:1747647665687:,1747647681504
counter/9/0/0/0,23004:1747647667256:,1747647681504
counter/2/0/0/0,22651:1747647668151:,1747647681504
counter/5/0/0/0,19807:1747647665687:,1747647681504
counter/6/0/0/0,17458:1747647664678:,1747647681505
counter/2/0/0/0,22652:1747647668151:,1747647681505
counter/5/0/0/0,19808:1747647665687:,1747647681505
counter/2/0/0/0,22653:1747647668151:,1747647681505
counter/5/0/0/0,19809:1747647665687:,1747647681505
counter/2/0/0/0,22654:1747647668151:,1747647681505
counter/5/0/0/0,19810:1747647665687:,1747647681505
counter/2/0/0/0,22655:1747647668151:,1747647681505
counter/5/0/0/0,19811:1747647665687:,1747647681505
counter/2/0/0/0,22656:1747647668151:,1747647681505
counter/5/0/0/0,19812:1747647665687:,1747647681505
counter/2/0/0/0,22657:1747647668151:,1747647681505
counter/5/0/0/0,19813:1747647665687:,1747647681505
counter/2/0/0/0,22658:1747647668151:,1747647681505
counter/5/0/0/0,19814:1747647665687:,1747647681505
counter/2/0/0/0,22659:1747647668151:,1747647681505
counter/5/0/0/0,19815:1747647665687:,1747647681505
counter/2/0/0/0,22660:1747647668151:,1747647681505
counter/5/0/0/0,19816:1747647665687:,1747647681505
counter/2/0/0/0,22661:1747647668151:,1747647681505
counter/5/0/0/0,19817:1747647665697:,1747647681505
counter/2/0/0/0,22662:1747647668151:,1747647681505
counter/5/0/0/0,19818:1747647665697:,1747647681505
counter/2/0/0/0,22663:1747647668151:,1747647681505
counter/5/0/0/0,19819:1747647665697:,1747647681505
counter/2/0/0/0,22664:1747647668151:,1747647681505
counter/5/0/0/0,19820:1747647665697:,1747647681505
counter/2/0/0/0,22665:1747647668151:,1747647681505
counter/5/0/0/0,19821:1747647665697:,1747647681505
counter/2/0/0/0,22666:1747647668151:,1747647681505
counter/5/0/0/0,19822:1747647665697:,1747647681505
counter/2/0/0/0,22667:1747647668155:,1747647681505
counter/5/0/0/0,19823:1747647665697:,1747647681505
counter/2/0/0/0,22668:1747647668155:,1747647681505
counter/5/0/0/0,19824:1747647665697:,1747647681505
counter/2/0/0/0,22669:1747647668155:,1747647681505
counter/5/0/0/0,19825:1747647665697:,1747647681506
counter/2/0/0/0,22670:1747647668155:,1747647681506
counter/5/0/0/0,19826:1747647665698:,1747647681506
counter/2/0/0/0,22671:1747647668155:,1747647681506
counter/5/0/0/0,19827:1747647665698:,1747647681506
counter/2/0/0/0,22672:1747647668155:,1747647681506
counter/5/0/0/0,19828:1747647665698:,1747647681506
counter/2/0/0/0,22673:1747647668155:,1747647681506
counter/5/0/0/0,19829:1747647665698:,1747647681506
counter/2/0/0/0,22674:1747647668155:,1747647681506
counter/5/0/0/0,19830:1747647665698:,1747647681506
counter/2/0/0/0,22675:1747647668155:,1747647681506
counter/5/0/0/0,19831:1747647665698:,1747647681506
counter/2/0/0/0,22676:1747647668156:,1747647681506
counter/5/0/0/0,19832:1747647665698:,1747647681506
counter/2/0/0/0,22677:1747647668156:,1747647681506
counter/5/0/0/0,19833:1747647665698:,1747647681506
counter/2/0/0/0,22678:1747647668156:,1747647681506
counter/5/0/0/0,19834:1747647665698:,1747647681506
counter/2/0/0/0,22679:1747647668156:,1747647681506
counter/5/0/0/0,19835:1747647665698:,1747647681506
counter/2/0/0/0,22680:1747647668156:,1747647681506
counter/5/0/0/0,19836:1747647665698:,1747647681506
counter/2/0/0/0,22681:1747647668156:,1747647681506
counter/5/0/0/0,19837:1747647665699:,1747647681506
counter/2/0/0/0,22682:1747647668156:,1747647681506
counter/5/0/0/0,19838:1747647665699:,1747647681506
counter/2/0/0/0,22683:1747647668156:,1747647681506
counter/5/0/0/0,19839:1747647665699:,1747647681506
counter/2/0/0/0,22684:1747647668159:,1747647681506
counter/5/0/0/0,19840:1747647665699:,1747647681506
counter/2/0/0/0,22685:1747647668159:,1747647681506
counter/5/0/0/0,19841:1747647665699:,1747647681506
counter/2/0/0/0,22686:1747647668173:,1747647681506
counter/5/0/0/0,19842:1747647665699:,1747647681506
counter/2/0/0/0,22687:1747647668173:,1747647681506
counter/5/0/0/0,19843:1747647665699:,1747647681506
counter/2/0/0/0,22688:1747647668173:,1747647681506
counter/5/0/0/0,19844:1747647665699:,1747647681506
counter/2/0/0/0,22689:1747647668173:,1747647681506
counter/5/0/0/0,19845:1747647665699:,1747647681506
counter/2/0/0/0,22690:1747647668173:,1747647681506
counter/5/0/0/0,19846:1747647665699:,1747647681507
counter/2/0/0/0,22691:1747647668173:,1747647681507
counter/5/0/0/0,19847:1747647665699:,1747647681507
counter/2/0/0/0,22692:1747647668173:,1747647681507
counter/5/0/0/0,19848:1747647665699:,1747647681507
counter/2/0/0/0,22693:1747647668173:,1747647681507
counter/5/0/0/0,19849:1747647665699:,1747647681507
counter/2/0/0/0,22694:1747647668173:,1747647681507
counter/5/0/0/0,19850:1747647665699:,1747647681507
counter/2/0/0/0,22695:1747647668173:,1747647681507
counter/5/0/0/0,19851:1747647665699:,1747647681507
counter/2/0/0/0,22696:1747647668173:,1747647681507
counter/5/0/0/0,19852:1747647665699:,1747647681507
counter/2/0/0/0,22697:1747647668173:,1747647681507
counter/5/0/0/0,19853:1747647665699:,1747647681507
counter/2/0/0/0,22698:1747647668174:,1747647681507
counter/5/0/0/0,19854:1747647665699:,1747647681507
counter/2/0/0/0,22699:1747647668174:,1747647681507
counter/5/0/0/0,19855:1747647665700:,1747647681507
counter/2/0/0/0,22700:1747647668174:,1747647681507
counter/5/0/0/0,19856:1747647665700:,1747647681507
counter/2/0/0/0,22701:1747647668174:,1747647681507
counter/5/0/0/0,19857:1747647665700:,1747647681507
counter/1/0/0/0,18824:1747647665346:,1747647681507
counter/2/0/0/0,22702:1747647668181:,1747647681507
counter/5/0/0/0,19858:1747647665700:,1747647681507
counter/6/0/0/0,17459:1747647664678:,1747647681507
counter/10/0/0/0,18352:1747647664429:,1747647681507
counter/2/0/0/0,22703:1747647668182:,1747647681507
counter/5/0/0/0,19859:1747647665700:,1747647681507
counter/4/0/0/0,17580:1747647665104:,1747647681507
counter/3/0/0/0,17886:1747647664715:,1747647681507
counter/2/0/0/0,22704:1747647668182:,1747647681507
counter/5/0/0/0,19860:1747647665708:,1747647681507
counter/7/0/0/0,16935:1747647663046:,1747647681507
counter/9/0/0/0,23005:1747647667256:,1747647681507
counter/5/0/0/0,19861:1747647665709:,1747647681507
counter/5/0/0/0,19862:1747647665709:,1747647681507
counter/5/0/0/0,19863:1747647665716:,1747647681507
counter/5/0/0/0,19864:1747647665716:,1747647681508
counter/5/0/0/0,19865:1747647665716:,1747647681508
counter/5/0/0/0,19866:1747647665717:,1747647681508
counter/5/0/0/0,19867:1747647665717:,1747647681508
counter/5/0/0/0,19868:1747647665717:,1747647681508
counter/5/0/0/0,19869:1747647665717:,1747647681508
counter/5/0/0/0,19870:1747647665717:,1747647681508
counter/5/0/0/0,19871:1747647665727:,1747647681508
counter/5/0/0/0,19872:1747647665737:,1747647681508
counter/5/0/0/0,19873:1747647665737:,1747647681508
counter/5/0/0/0,19874:1747647665737:,1747647681508
counter/5/0/0/0,19875:1747647665737:,1747647681508
counter/5/0/0/0,19876:1747647665737:,1747647681508
counter/5/0/0/0,19877:1747647665737:,1747647681508
counter/5/0/0/0,19878:1747647665737:,1747647681508
counter/5/0/0/0,19879:1747647665743:,1747647681508
counter/5/0/0/0,19880:1747647665743:,1747647681508
counter/5/0/0/0,19881:1747647665743:,1747647681508
counter/5/0/0/0,19882:1747647665743:,1747647681508
counter/5/0/0/0,19883:1747647665743:,1747647681508
counter/5/0/0/0,19884:1747647665743:,1747647681508
counter/5/0/0/0,19885:1747647665743:,1747647681508
counter/5/0/0/0,19886:1747647665743:,1747647681508
counter/5/0/0/0,19887:1747647665745:,1747647681508
counter/5/0/0/0,19888:1747647665745:,1747647681508
counter/5/0/0/0,19889:1747647665745:,1747647681508
counter/5/0/0/0,19890:1747647665745:,1747647681508
counter/5/0/0/0,19891:1747647665745:,1747647681508
counter/5/0/0/0,19892:1747647665745:,1747647681508
counter/5/0/0/0,19893:1747647665745:,1747647681508
counter/5/0/0/0,19894:1747647665745:,1747647681508
counter/5/0/0/0,19895:1747647665745:,1747647681508
counter/5/0/0/0,19896:1747647665745:,1747647681508
counter/5/0/0/0,19897:1747647665745:,1747647681508
counter/5/0/0/0,19898:1747647665745:,1747647681508
counter/5/0/0/0,19899:1747647665745:,1747647681508
counter/5/0/0/0,19900:1747647665745:,1747647681508
counter/5/0/0/0,19901:1747647665745:,1747647681508
counter/5/0/0/0,19902:1747647665745:,1747647681508
counter/5/0/0/0,19903:1747647665745:,1747647681509
counter/5/0/0/0,19904:1747647665745:,1747647681509
counter/5/0/0/0,19905:1747647665745:,1747647681509
counter/5/0/0/0,19906:1747647665752:,1747647681509
counter/5/0/0/0,19907:1747647665753:,1747647681509
counter/5/0/0/0,19908:1747647665753:,1747647681509
counter/5/0/0/0,19909:1747647665753:,1747647681509
counter/5/0/0/0,19910:1747647665754:,1747647681509
counter/5/0/0/0,19911:1747647665755:,1747647681509
counter/5/0/0/0,19912:1747647665755:,1747647681509
counter/5/0/0/0,19913:1747647665755:,1747647681509
counter/5/0/0/0,19914:1747647665755:,1747647681509
counter/5/0/0/0,19915:1747647665755:,1747647681509
counter/5/0/0/0,19916:1747647665759:,1747647681509
counter/5/0/0/0,19917:1747647665759:,1747647681509
counter/5/0/0/0,19918:1747647665759:,1747647681509
counter/5/0/0/0,19919:1747647665759:,1747647681509
counter/5/0/0/0,19920:1747647665759:,1747647681509
counter/5/0/0/0,19921:1747647665759:,1747647681509
counter/5/0/0/0,19922:1747647665759:,1747647681509
counter/5/0/0/0,19923:1747647665759:,1747647681509
counter/5/0/0/0,19924:1747647665759:,1747647681509
counter/5/0/0/0,19925:1747647665759:,1747647681509
counter/5/0/0/0,19926:1747647665759:,1747647681509
counter/5/0/0/0,19927:1747647665759:,1747647681509
counter/5/0/0/0,19928:1747647665759:,1747647681509
counter/5/0/0/0,19929:1747647665759:,1747647681509
counter/5/0/0/0,19930:1747647665766:,1747647681509
counter/5/0/0/0,19931:1747647665769:,1747647681509
counter/5/0/0/0,19932:1747647665769:,1747647681509
counter/5/0/0/0,19933:1747647665784:,1747647681509
counter/5/0/0/0,19934:1747647665784:,1747647681509
counter/5/0/0/0,19935:1747647665784:,1747647681509
counter/5/0/0/0,19936:1747647665784:,1747647681509
counter/5/0/0/0,19937:1747647665784:,1747647681509
counter/5/0/0/0,19938:1747647665784:,1747647681509
counter/5/0/0/0,19939:1747647665784:,1747647681509
counter/5/0/0/0,19940:1747647665784:,1747647681509
counter/5/0/0/0,19941:1747647665785:,1747647681510
counter/5/0/0/0,19942:1747647665785:,1747647681510
counter/5/0/0/0,19943:1747647665785:,1747647681510
counter/5/0/0/0,19944:1747647665786:,1747647681510
counter/5/0/0/0,19945:1747647665786:,1747647681510
counter/5/0/0/0,19946:1747647665786:,1747647681510
counter/5/0/0/0,19947:1747647665786:,1747647681510
counter/5/0/0/0,19948:1747647665786:,1747647681510
counter/5/0/0/0,19949:1747647665787:,1747647681510
counter/5/0/0/0,19950:1747647665787:,1747647681510
counter/5/0/0/0,19951:1747647665787:,1747647681510
counter/5/0/0/0,19952:1747647665787:,1747647681510
counter/5/0/0/0,19953:1747647665787:,1747647681510
counter/5/0/0/0,19954:1747647665788:,1747647681510
counter/5/0/0/0,19955:1747647665788:,1747647681510
counter/5/0/0/0,19956:1747647665788:,1747647681510
counter/5/0/0/0,19957:1747647665796:,1747647681510
counter/5/0/0/0,19958:1747647665796:,1747647681510
counter/5/0/0/0,19959:1747647665796:,1747647681510
counter/5/0/0/0,19960:1747647665796:,1747647681510
counter/4/0/0/0,17581:1747647665104:,1747647681510
counter/5/0/0/0,19961:1747647665796:,1747647681510
counter/10/0/0/0,18353:1747647664429:,1747647681510
counter/5/0/0/0,19962:1747647665796:,1747647681510
counter/7/0/0/0,16936:1747647663046:,1747647681510
counter/5/0/0/0,19963:1747647665796:,1747647681510
counter/3/0/0/0,17887:1747647664715:,1747647681510
counter/9/0/0/0,23006:1747647667256:,1747647681510
counter/5/0/0/0,19964:1747647665796:,1747647681510
counter/1/0/0/0,18825:1747647665346:,1747647681510
counter/2/0/0/0,22705:1747647668183:,1747647681510
counter/5/0/0/0,19965:1747647665796:,1747647681510
counter/5/0/0/0,19966:1747647665796:,1747647681510
counter/5/0/0/0,19967:1747647665796:,1747647681510
counter/5/0/0/0,19968:1747647665796:,1747647681510
counter/5/0/0/0,19969:1747647665796:,1747647681510
counter/5/0/0/0,19970:1747647665796:,1747647681510
counter/5/0/0/0,19971:1747647665796:,1747647681511
counter/5/0/0/0,19972:1747647665796:,1747647681511
counter/5/0/0/0,19973:1747647665829:,1747647681511
counter/5/0/0/0,19974:1747647665831:,1747647681511
counter/5/0/0/0,19975:1747647665840:,1747647681511
counter/5/0/0/0,19976:1747647665840:,1747647681511
counter/5/0/0/0,19977:1747647665840:,1747647681511
counter/5/0/0/0,19978:1747647665840:,1747647681511
counter/5/0/0/0,19979:1747647665840:,1747647681511
counter/5/0/0/0,19980:1747647665840:,1747647681511
counter/5/0/0/0,19981:1747647665840:,1747647681511
counter/5/0/0/0,19982:1747647665840:,1747647681511
counter/5/0/0/0,19983:1747647665840:,1747647681511
counter/5/0/0/0,19984:1747647665849:,1747647681511
counter/5/0/0/0,19985:1747647665849:,1747647681511
counter/5/0/0/0,19986:1747647665849:,1747647681511
counter/5/0/0/0,19987:1747647665849:,1747647681511
counter/5/0/0/0,19988:1747647665849:,1747647681511
counter/5/0/0/0,19989:1747647665849:,1747647681511
counter/5/0/0/0,19990:1747647665849:,1747647681511
counter/5/0/0/0,19991:1747647665849:,1747647681511
counter/5/0/0/0,19992:1747647665849:,1747647681511
counter/5/0/0/0,19993:1747647665850:,1747647681511
counter/5/0/0/0,19994:1747647665850:,1747647681511
counter/5/0/0/0,19995:1747647665850:,1747647681511
counter/5/0/0/0,19996:1747647665850:,1747647681511
counter/5/0/0/0,19997:1747647665850:,1747647681511
counter/5/0/0/0,19998:1747647665855:,1747647681511
counter/5/0/0/0,19999:1747647665858:,1747647681511
counter/5/0/0/0,20000:1747647665858:,1747647681511
counter/5/0/0/0,20001:1747647665858:,1747647681511
counter/5/0/0/0,20002:1747647665858:,1747647681511
counter/5/0/0/0,20003:1747647665858:,1747647681511
counter/5/0/0/0,20004:1747647665858:,1747647681511
counter/5/0/0/0,20005:1747647665858:,1747647681511
counter/5/0/0/0,20006:1747647665858:,1747647681511
counter/5/0/0/0,20007:1747647665858:,1747647681511
counter/5/0/0/0,20008:1747647665858:,1747647681511
counter/5/0/0/0,20009:1747647665858:,1747647681511
counter/5/0/0/0,20010:1747647665858:,1747647681511
counter/5/0/0/0,20011:1747647665858:,1747647681512
counter/5/0/0/0,20012:1747647665862:,1747647681512
counter/5/0/0/0,20013:1747647665863:,1747647681512
counter/5/0/0/0,20014:1747647665863:,1747647681512
counter/5/0/0/0,20015:1747647665863:,1747647681512
counter/5/0/0/0,20016:1747647665863:,1747647681512
counter/5/0/0/0,20017:1747647665863:,1747647681512
counter/5/0/0/0,20018:1747647665863:,1747647681512
counter/5/0/0/0,20019:1747647665863:,1747647681512
counter/3/0/0/0,17888:1747647664718:,1747647681512
counter/5/0/0/0,20020:1747647665863:,1747647681512
counter/1/0/0/0,18826:1747647665346:,1747647681512
counter/5/0/0/0,20021:1747647665863:,1747647681512
counter/2/0/0/0,22706:1747647668183:,1747647681512
counter/6/0/0/0,17460:1747647664678:,1747647681512
counter/5/0/0/0,20022:1747647665863:,1747647681512
counter/9/0/0/0,23007:1747647667257:,1747647681512
counter/5/0/0/0,20023:1747647665863:,1747647681512
counter/4/0/0/0,17582:1747647665105:,1747647681512
counter/7/0/0/0,16937:1747647663048:,1747647681512
counter/5/0/0/0,20024:1747647665863:,1747647681512
counter/5/0/0/0,20025:1747647665863:,1747647681512
counter/5/0/0/0,20026:1747647665863:,1747647681512
counter/5/0/0/0,20027:1747647665863:,1747647681512
counter/5/0/0/0,20028:1747647665863:,1747647681512
counter/5/0/0/0,20029:1747647665863:,1747647681512
counter/5/0/0/0,20030:1747647665863:,1747647681512
counter/5/0/0/0,20031:1747647665869:,1747647681512
counter/5/0/0/0,20032:1747647665883:,1747647681512
counter/5/0/0/0,20033:1747647665884:,1747647681512
counter/5/0/0/0,20034:1747647665884:,1747647681512
counter/5/0/0/0,20035:1747647665885:,1747647681512
counter/5/0/0/0,20036:1747647665885:,1747647681512
counter/5/0/0/0,20037:1747647665885:,1747647681512
counter/5/0/0/0,20038:1747647665885:,1747647681512
counter/5/0/0/0,20039:1747647665885:,1747647681512
counter/5/0/0/0,20040:1747647665885:,1747647681512
counter/5/0/0/0,20041:1747647665885:,1747647681513
counter/5/0/0/0,20042:1747647665885:,1747647681513
counter/5/0/0/0,20043:1747647665893:,1747647681513
counter/5/0/0/0,20044:1747647665893:,1747647681513
counter/5/0/0/0,20045:1747647665893:,1747647681513
counter/5/0/0/0,20046:1747647665893:,1747647681513
counter/5/0/0/0,20047:1747647665893:,1747647681513
counter/5/0/0/0,20048:1747647665893:,1747647681513
counter/5/0/0/0,20049:1747647665893:,1747647681513
counter/5/0/0/0,20050:1747647665893:,1747647681513
counter/5/0/0/0,20051:1747647665893:,1747647681513
counter/5/0/0/0,20052:1747647665894:,1747647681513
counter/5/0/0/0,20053:1747647665894:,1747647681513
counter/5/0/0/0,20054:1747647665894:,1747647681513
counter/5/0/0/0,20055:1747647665894:,1747647681513
counter/5/0/0/0,20056:1747647665901:,1747647681513
counter/5/0/0/0,20057:1747647665901:,1747647681513
counter/5/0/0/0,20058:1747647665901:,1747647681513
counter/5/0/0/0,20059:1747647665901:,1747647681513
counter/5/0/0/0,20060:1747647665901:,1747647681513
counter/5/0/0/0,20061:1747647665901:,1747647681513
counter/5/0/0/0,20062:1747647665901:,1747647681513
counter/5/0/0/0,20063:1747647665901:,1747647681513
counter/5/0/0/0,20064:1747647665901:,1747647681513
counter/5/0/0/0,20065:1747647665901:,1747647681513
counter/5/0/0/0,20066:1747647665901:,1747647681513
counter/5/0/0/0,20067:1747647665901:,1747647681513
counter/5/0/0/0,20068:1747647665901:,1747647681513
counter/5/0/0/0,20069:1747647665901:,1747647681513
counter/5/0/0/0,20070:1747647665902:,1747647681513
counter/5/0/0/0,20071:1747647665902:,1747647681513
counter/5/0/0/0,20072:1747647665902:,1747647681513
counter/5/0/0/0,20073:1747647665902:,1747647681513
counter/5/0/0/0,20074:1747647665902:,1747647681513
counter/5/0/0/0,20075:1747647665902:,1747647681513
counter/5/0/0/0,20076:1747647665902:,1747647681514
counter/5/0/0/0,20077:1747647665902:,1747647681514
counter/5/0/0/0,20078:1747647665902:,1747647681514
counter/5/0/0/0,20079:1747647665902:,1747647681514
counter/5/0/0/0,20080:1747647665902:,1747647681514
counter/5/0/0/0,20081:1747647665902:,1747647681514
counter/5/0/0/0,20082:1747647665902:,1747647681514
counter/5/0/0/0,20083:1747647665902:,1747647681514
counter/5/0/0/0,20084:1747647665902:,1747647681514
counter/5/0/0/0,20085:1747647665902:,1747647681514
counter/5/0/0/0,20086:1747647665902:,1747647681514
counter/5/0/0/0,20087:1747647665902:,1747647681514
counter/5/0/0/0,20088:1747647665902:,1747647681514
counter/5/0/0/0,20089:1747647665902:,1747647681514
counter/5/0/0/0,20090:1747647665902:,1747647681514
counter/5/0/0/0,20091:1747647665902:,1747647681514
counter/5/0/0/0,20092:1747647665902:,1747647681514
counter/5/0/0/0,20093:1747647665902:,1747647681514
counter/5/0/0/0,20094:1747647665902:,1747647681514
counter/5/0/0/0,20095:1747647665902:,1747647681514
counter/5/0/0/0,20096:1747647665902:,1747647681514
counter/5/0/0/0,20097:1747647665902:,1747647681514
counter/5/0/0/0,20098:1747647665902:,1747647681514
counter/5/0/0/0,20099:1747647665902:,1747647681514
counter/5/0/0/0,20100:1747647665902:,1747647681514
counter/5/0/0/0,20101:1747647665902:,1747647681514
counter/5/0/0/0,20102:1747647665902:,1747647681514
counter/5/0/0/0,20103:1747647665902:,1747647681514
counter/5/0/0/0,20104:1747647665902:,1747647681514
counter/5/0/0/0,20105:1747647665902:,1747647681514
counter/5/0/0/0,20106:1747647665902:,1747647681514
counter/5/0/0/0,20107:1747647665902:,1747647681514
counter/5/0/0/0,20108:1747647665902:,1747647681514
counter/5/0/0/0,20109:1747647665902:,1747647681514
counter/5/0/0/0,20110:1747647665902:,1747647681514
counter/5/0/0/0,20111:1747647665902:,1747647681514
counter/5/0/0/0,20112:1747647665902:,1747647681514
counter/5/0/0/0,20113:1747647665903:,1747647681514
counter/5/0/0/0,20114:1747647665903:,1747647681514
counter/5/0/0/0,20115:1747647665912:,1747647681514
counter/5/0/0/0,20116:1747647665912:,1747647681514
counter/5/0/0/0,20117:1747647665912:,1747647681515
counter/5/0/0/0,20118:1747647665912:,1747647681515
counter/5/0/0/0,20119:1747647665912:,1747647681515
counter/3/0/0/0,17889:1747647664718:,1747647681515
counter/5/0/0/0,20120:1747647665912:,1747647681515
counter/1/0/0/0,18827:1747647665346:,1747647681515
counter/5/0/0/0,20121:1747647665912:,1747647681515
counter/2/0/0/0,22707:1747647668183:,1747647681515
counter/6/0/0/0,17461:1747647664679:,1747647681515
counter/5/0/0/0,20122:1747647665912:,1747647681515
counter/4/0/0/0,17583:1747647665105:,1747647681515
counter/7/0/0/0,16938:1747647663048:,1747647681515
counter/5/0/0/0,20123:1747647665912:,1747647681515
counter/9/0/0/0,23008:1747647667257:,1747647681515
counter/5/0/0/0,20124:1747647665912:,1747647681515
counter/5/0/0/0,20125:1747647665912:,1747647681515
counter/5/0/0/0,20126:1747647665912:,1747647681515
counter/5/0/0/0,20127:1747647665912:,1747647681515
counter/5/0/0/0,20128:1747647665912:,1747647681515
counter/5/0/0/0,20129:1747647665913:,1747647681515
counter/5/0/0/0,20130:1747647665913:,1747647681515
counter/5/0/0/0,20131:1747647665913:,1747647681515
counter/5/0/0/0,20132:1747647665913:,1747647681515
counter/5/0/0/0,20133:1747647665913:,1747647681515
counter/5/0/0/0,20134:1747647665913:,1747647681515
counter/5/0/0/0,20135:1747647665913:,1747647681515
counter/5/0/0/0,20136:1747647665913:,1747647681515
counter/5/0/0/0,20137:1747647665913:,1747647681515
counter/5/0/0/0,20138:1747647665913:,1747647681515
counter/6/0/0/0,17462:1747647664679:,1747647681515
counter/5/0/0/0,20139:1747647665913:,1747647681515
counter/10/0/0/0,18354:1747647664429:,1747647681515
counter/5/0/0/0,20140:1747647665913:,1747647681515
counter/1/0/0/0,18828:1747647665346:,1747647681515
counter/3/0/0/0,17890:1747647664718:,1747647681515
counter/5/0/0/0,20141:1747647665913:,1747647681515
counter/2/0/0/0,22708:1747647668183:,1747647681515
counter/4/0/0/0,17584:1747647665105:,1747647681515
counter/5/0/0/0,20142:1747647665913:,1747647681515
counter/9/0/0/0,23009:1747647667257:,1747647681516
counter/5/0/0/0,20143:1747647665913:,1747647681516
counter/5/0/0/0,20144:1747647665913:,1747647681516
counter/5/0/0/0,20145:1747647665913:,1747647681516
counter/5/0/0/0,20146:1747647665913:,1747647681516
counter/5/0/0/0,20147:1747647665913:,1747647681516
counter/5/0/0/0,20148:1747647665913:,1747647681516
counter/5/0/0/0,20149:1747647665913:,1747647681516
counter/5/0/0/0,20150:1747647665913:,1747647681516
counter/5/0/0/0,20151:1747647665913:,1747647681516
counter/5/0/0/0,20152:1747647665913:,1747647681516
counter/5/0/0/0,20153:1747647665913:,1747647681516
counter/5/0/0/0,20154:1747647665913:,1747647681516
counter/5/0/0/0,20155:1747647665913:,1747647681516
counter/5/0/0/0,20156:1747647665913:,1747647681516
counter/5/0/0/0,20157:1747647665913:,1747647681516
counter/5/0/0/0,20158:1747647665913:,1747647681516
counter/5/0/0/0,20159:1747647665913:,1747647681516
counter/5/0/0/0,20160:1747647665913:,1747647681516
counter/5/0/0/0,20161:1747647665913:,1747647681516
counter/5/0/0/0,20162:1747647665913:,1747647681516
counter/5/0/0/0,20163:1747647665913:,1747647681516
counter/5/0/0/0,20164:1747647665914:,1747647681516
counter/5/0/0/0,20165:1747647665914:,1747647681516
counter/5/0/0/0,20166:1747647665914:,1747647681516
counter/5/0/0/0,20167:1747647665914:,1747647681516
counter/5/0/0/0,20168:1747647665914:,1747647681516
counter/5/0/0/0,20169:1747647665914:,1747647681516
counter/5/0/0/0,20170:1747647665914:,1747647681516
counter/5/0/0/0,20171:1747647665914:,1747647681516
counter/5/0/0/0,20172:1747647665914:,1747647681516
counter/5/0/0/0,20173:1747647665914:,1747647681516
counter/5/0/0/0,20174:1747647665914:,1747647681516
counter/5/0/0/0,20175:1747647665914:,1747647681516
counter/5/0/0/0,20176:1747647665914:,1747647681516
counter/5/0/0/0,20177:1747647665914:,1747647681516
counter/5/0/0/0,20178:1747647665914:,1747647681516
counter/9/0/0/0,23010:1747647667257:,1747647681516
counter/5/0/0/0,20179:1747647665914:,1747647681516
counter/6/0/0/0,17463:1747647664679:,1747647681516
counter/5/0/0/0,20180:1747647665914:,1747647681517
counter/10/0/0/0,18355:1747647664429:,1747647681517
counter/3/0/0/0,17891:1747647664718:,1747647681517
counter/5/0/0/0,20181:1747647665914:,1747647681517
counter/1/0/0/0,18829:1747647665346:,1747647681517
counter/2/0/0/0,22709:1747647668183:,1747647681517
counter/5/0/0/0,20182:1747647665914:,1747647681517
counter/7/0/0/0,16939:1747647663049:,1747647681517
counter/5/0/0/0,20183:1747647665914:,1747647681517
counter/5/0/0/0,20184:1747647665914:,1747647681517
counter/5/0/0/0,20185:1747647665914:,1747647681517
counter/5/0/0/0,20186:1747647665914:,1747647681517
counter/5/0/0/0,20187:1747647665914:,1747647681517
counter/5/0/0/0,20188:1747647665914:,1747647681517
counter/5/0/0/0,20189:1747647665914:,1747647681517
counter/5/0/0/0,20190:1747647665914:,1747647681517
counter/5/0/0/0,20191:1747647665914:,1747647681517
counter/5/0/0/0,20192:1747647665914:,1747647681517
counter/5/0/0/0,20193:1747647665914:,1747647681517
counter/5/0/0/0,20194:1747647665914:,1747647681517
counter/5/0/0/0,20195:1747647665914:,1747647681517
counter/5/0/0/0,20196:1747647665914:,1747647681517
counter/5/0/0/0,20197:1747647665914:,1747647681517
counter/5/0/0/0,20198:1747647665914:,1747647681517
counter/5/0/0/0,20199:1747647665914:,1747647681517
counter/5/0/0/0,20200:1747647665914:,1747647681517
counter/5/0/0/0,20201:1747647665914:,1747647681517
counter/5/0/0/0,20202:1747647665915:,1747647681517
counter/5/0/0/0,20203:1747647665915:,1747647681517
counter/5/0/0/0,20204:1747647665915:,1747647681517
counter/5/0/0/0,20205:1747647665915:,1747647681517
counter/5/0/0/0,20206:1747647665915:,1747647681517
counter/5/0/0/0,20207:1747647665915:,1747647681517
counter/5/0/0/0,20208:1747647665915:,1747647681517
counter/5/0/0/0,20209:1747647665915:,1747647681517
counter/5/0/0/0,20210:1747647665915:,1747647681517
counter/5/0/0/0,20211:1747647665915:,1747647681517
counter/5/0/0/0,20212:1747647665915:,1747647681517
counter/5/0/0/0,20213:1747647665915:,1747647681517
counter/5/0/0/0,20214:1747647665915:,1747647681517
counter/5/0/0/0,20215:1747647665915:,1747647681517
counter/5/0/0/0,20216:1747647665915:,1747647681517
counter/5/0/0/0,20217:1747647665915:,1747647681517
counter/5/0/0/0,20218:1747647665915:,1747647681518
counter/5/0/0/0,20219:1747647665915:,1747647681518
counter/5/0/0/0,20220:1747647665915:,1747647681518
counter/5/0/0/0,20221:1747647665915:,1747647681518
counter/5/0/0/0,20222:1747647665915:,1747647681518
counter/5/0/0/0,20223:1747647665915:,1747647681518
counter/3/0/0/0,17892:1747647664718:,1747647681518
counter/5/0/0/0,20224:1747647665915:,1747647681518
counter/2/0/0/0,22710:1747647668183:,1747647681518
counter/5/0/0/0,20225:1747647665915:,1747647681518
counter/5/0/0/0,20226:1747647665918:,1747647681518
counter/10/0/0/0,18356:1747647664429:,1747647681518
counter/5/0/0/0,20227:1747647665918:,1747647681518
counter/7/0/0/0,16940:1747647663049:,1747647681518
counter/5/0/0/0,20228:1747647665918:,1747647681518
counter/4/0/0/0,17585:1747647665105:,1747647681518
counter/5/0/0/0,20229:1747647665918:,1747647681518
counter/9/0/0/0,23011:1747647667260:,1747647681518
counter/5/0/0/0,20230:1747647665918:,1747647681518
counter/6/0/0/0,17464:1747647664679:,1747647681518
counter/5/0/0/0,20231:1747647665918:,1747647681518
counter/6/0/0/0,17465:1747647664679:,1747647681518
counter/5/0/0/0,20232:1747647665918:,1747647681518
counter/6/0/0/0,17466:1747647664679:,1747647681518
counter/5/0/0/0,20233:1747647665918:,1747647681518
counter/6/0/0/0,17467:1747647664679:,1747647681518
counter/5/0/0/0,20234:1747647665918:,1747647681518
counter/6/0/0/0,17468:1747647664684:,1747647681518
counter/7/0/0/0,16941:1747647663049:,1747647681518
counter/4/0/0/0,17586:1747647665105:,1747647681518
counter/5/0/0/0,20235:1747647665918:,1747647681518
counter/6/0/0/0,17469:1747647664684:,1747647681518
counter/9/0/0/0,23012:1747647667260:,1747647681518
counter/5/0/0/0,20236:1747647665922:,1747647681518
counter/6/0/0/0,17470:1747647664697:,1747647681518
counter/9/0/0/0,23013:1747647667260:,1747647681518
counter/5/0/0/0,20237:1747647665923:,1747647681519
counter/9/0/0/0,23014:1747647667260:,1747647681519
counter/5/0/0/0,20238:1747647665923:,1747647681519
counter/9/0/0/0,23015:1747647667260:,1747647681519
counter/5/0/0/0,20239:1747647665923:,1747647681519
counter/9/0/0/0,23016:1747647667260:,1747647681519
counter/5/0/0/0,20240:1747647665923:,1747647681519
counter/9/0/0/0,23017:1747647667260:,1747647681519
counter/5/0/0/0,20241:1747647665923:,1747647681519
counter/9/0/0/0,23018:1747647667260:,1747647681519
counter/5/0/0/0,20242:1747647665923:,1747647681519
counter/9/0/0/0,23019:1747647667260:,1747647681519
counter/5/0/0/0,20243:1747647665923:,1747647681519
counter/9/0/0/0,23020:1747647667260:,1747647681519
counter/5/0/0/0,20244:1747647665923:,1747647681519
counter/9/0/0/0,23021:1747647667260:,1747647681519
counter/5/0/0/0,20245:1747647665923:,1747647681519
counter/9/0/0/0,23022:1747647667261:,1747647681519
counter/5/0/0/0,20246:1747647665923:,1747647681519
counter/9/0/0/0,23023:1747647667261:,1747647681519
counter/5/0/0/0,20247:1747647665923:,1747647681519
counter/9/0/0/0,23024:1747647667261:,1747647681519
counter/5/0/0/0,20248:1747647665923:,1747647681519
counter/9/0/0/0,23025:1747647667261:,1747647681519
counter/5/0/0/0,20249:1747647665924:,1747647681519
counter/9/0/0/0,23026:1747647667261:,1747647681519
counter/5/0/0/0,20250:1747647665925:,1747647681519
counter/9/0/0/0,23027:1747647667261:,1747647681519
counter/5/0/0/0,20251:1747647665925:,1747647681519
counter/9/0/0/0,23028:1747647667261:,1747647681519
counter/5/0/0/0,20252:1747647665925:,1747647681519
counter/9/0/0/0,23029:1747647667261:,1747647681519
counter/5/0/0/0,20253:1747647665925:,1747647681519
counter/9/0/0/0,23030:1747647667261:,1747647681519
counter/5/0/0/0,20254:1747647665925:,1747647681519
counter/9/0/0/0,23031:1747647667261:,1747647681519
counter/5/0/0/0,20255:1747647665925:,1747647681519
counter/9/0/0/0,23032:1747647667261:,1747647681519
counter/5/0/0/0,20256:1747647665925:,1747647681520
counter/9/0/0/0,23033:1747647667261:,1747647681520
counter/5/0/0/0,20257:1747647665925:,1747647681520
counter/9/0/0/0,23034:1747647667261:,1747647681520
counter/5/0/0/0,20258:1747647665925:,1747647681520
counter/9/0/0/0,23035:1747647667261:,1747647681520
counter/5/0/0/0,20259:1747647665925:,1747647681520
counter/9/0/0/0,23036:1747647667261:,1747647681520
counter/5/0/0/0,20260:1747647665925:,1747647681520
counter/9/0/0/0,23037:1747647667263:,1747647681520
counter/5/0/0/0,20261:1747647665925:,1747647681520
counter/9/0/0/0,23038:1747647667263:,1747647681520
counter/5/0/0/0,20262:1747647665925:,1747647681520
counter/9/0/0/0,23039:1747647667263:,1747647681520
counter/5/0/0/0,20263:1747647665925:,1747647681520
counter/9/0/0/0,23040:1747647667263:,1747647681520
counter/5/0/0/0,20264:1747647665925:,1747647681520
counter/9/0/0/0,23041:1747647667263:,1747647681520
counter/5/0/0/0,20265:1747647665925:,1747647681520
counter/9/0/0/0,23042:1747647667263:,1747647681520
counter/5/0/0/0,20266:1747647665925:,1747647681520
counter/9/0/0/0,23043:1747647667263:,1747647681520
counter/5/0/0/0,20267:1747647665925:,1747647681520
counter/9/0/0/0,23044:1747647667263:,1747647681520
counter/5/0/0/0,20268:1747647665925:,1747647681520
counter/9/0/0/0,23045:1747647667263:,1747647681520
counter/10/0/0/0,18357:1747647664429:,1747647681520
counter/5/0/0/0,20269:1747647665925:,1747647681520
counter/9/0/0/0,23046:1747647667264:,1747647681520
counter/4/0/0/0,17587:1747647665105:,1747647681520
counter/5/0/0/0,20270:1747647665925:,1747647681520
counter/9/0/0/0,23047:1747647667265:,1747647681520
counter/1/0/0/0,18830:1747647665346:,1747647681520
counter/5/0/0/0,20271:1747647665925:,1747647681520
counter/9/0/0/0,23048:1747647667265:,1747647681520
counter/3/0/0/0,17893:1747647664718:,1747647681520
counter/8/0/0/0,20429:1747647665380:,1747647681520
counter/5/0/0/0,20272:1747647665926:,1747647681520
counter/9/0/0/0,23049:1747647667265:,1747647681520
counter/7/0/0/0,16942:1747647663049:,1747647681520
counter/5/0/0/0,20273:1747647665926:,1747647681520
counter/9/0/0/0,23050:1747647667265:,1747647681520
counter/5/0/0/0,20274:1747647665926:,1747647681521
counter/9/0/0/0,23051:1747647667274:,1747647681521
counter/5/0/0/0,20275:1747647665926:,1747647681521
counter/9/0/0/0,23052:1747647667275:,1747647681521
counter/5/0/0/0,20276:1747647665926:,1747647681521
counter/9/0/0/0,23053:1747647667275:,1747647681521
counter/5/0/0/0,20277:1747647665926:,1747647681521
counter/9/0/0/0,23054:1747647667275:,1747647681521
counter/5/0/0/0,20278:1747647665926:,1747647681521
counter/9/0/0/0,23055:1747647667275:,1747647681521
counter/5/0/0/0,20279:1747647665926:,1747647681521
counter/9/0/0/0,23056:1747647667275:,1747647681521
counter/5/0/0/0,20280:1747647665926:,1747647681521
counter/9/0/0/0,23057:1747647667278:,1747647681521
counter/5/0/0/0,20281:1747647665926:,1747647681521
counter/9/0/0/0,23058:1747647667278:,1747647681521
counter/5/0/0/0,20282:1747647665926:,1747647681521
counter/9/0/0/0,23059:1747647667278:,1747647681521
counter/5/0/0/0,20283:1747647665926:,1747647681521
counter/9/0/0/0,23060:1747647667278:,1747647681521
counter/5/0/0/0,20284:1747647665926:,1747647681521
counter/9/0/0/0,23061:1747647667278:,1747647681521
counter/5/0/0/0,20285:1747647665926:,1747647681521
counter/9/0/0/0,23062:1747647667278:,1747647681521
counter/5/0/0/0,20286:1747647665926:,1747647681521
counter/9/0/0/0,23063:1747647667278:,1747647681521
counter/5/0/0/0,20287:1747647665926:,1747647681521
counter/9/0/0/0,23064:1747647667278:,1747647681521
counter/5/0/0/0,20288:1747647665926:,1747647681521
counter/9/0/0/0,23065:1747647667278:,1747647681521
counter/5/0/0/0,20289:1747647665926:,1747647681521
counter/9/0/0/0,23066:1747647667278:,1747647681521
counter/5/0/0/0,20290:1747647665926:,1747647681521
counter/9/0/0/0,23067:1747647667278:,1747647681521
counter/5/0/0/0,20291:1747647665926:,1747647681521
counter/9/0/0/0,23068:1747647667278:,1747647681521
counter/5/0/0/0,20292:1747647665926:,1747647681521
counter/9/0/0/0,23069:1747647667278:,1747647681521
counter/5/0/0/0,20293:1747647665926:,1747647681521
counter/9/0/0/0,23070:1747647667278:,1747647681521
counter/5/0/0/0,20294:1747647665928:,1747647681521
counter/9/0/0/0,23071:1747647667278:,1747647681522
counter/5/0/0/0,20295:1747647665928:,1747647681522
counter/9/0/0/0,23072:1747647667278:,1747647681522
counter/5/0/0/0,20296:1747647665928:,1747647681522
counter/9/0/0/0,23073:1747647667284:,1747647681522
counter/5/0/0/0,20297:1747647665928:,1747647681522
counter/9/0/0/0,23074:1747647667285:,1747647681522
counter/5/0/0/0,20298:1747647665928:,1747647681522
counter/9/0/0/0,23075:1747647667287:,1747647681522
counter/5/0/0/0,20299:1747647665928:,1747647681522
counter/9/0/0/0,23076:1747647667287:,1747647681522
counter/5/0/0/0,20300:1747647665928:,1747647681522
counter/9/0/0/0,23077:1747647667287:,1747647681522
counter/5/0/0/0,20301:1747647665928:,1747647681522
counter/9/0/0/0,23078:1747647667287:,1747647681522
counter/5/0/0/0,20302:1747647665928:,1747647681522
counter/9/0/0/0,23079:1747647667287:,1747647681522
counter/5/0/0/0,20303:1747647665928:,1747647681522
counter/9/0/0/0,23080:1747647667287:,1747647681522
counter/5/0/0/0,20304:1747647665928:,1747647681522
counter/9/0/0/0,23081:1747647667287:,1747647681522
counter/5/0/0/0,20305:1747647665929:,1747647681522
counter/9/0/0/0,23082:1747647667287:,1747647681522
counter/5/0/0/0,20306:1747647665929:,1747647681522
counter/9/0/0/0,23083:1747647667287:,1747647681522
counter/5/0/0/0,20307:1747647665929:,1747647681522
counter/9/0/0/0,23084:1747647667287:,1747647681522
counter/5/0/0/0,20308:1747647665929:,1747647681522
counter/9/0/0/0,23085:1747647667287:,1747647681522
counter/5/0/0/0,20309:1747647665929:,1747647681522
counter/9/0/0/0,23086:1747647667288:,1747647681522
counter/5/0/0/0,20310:1747647665929:,1747647681522
counter/9/0/0/0,23087:1747647667288:,1747647681522
counter/5/0/0/0,20311:1747647665929:,1747647681522
counter/9/0/0/0,23088:1747647667288:,1747647681522
counter/5/0/0/0,20312:1747647665929:,1747647681522
counter/9/0/0/0,23089:1747647667288:,1747647681522
counter/5/0/0/0,20313:1747647665929:,1747647681522
counter/9/0/0/0,23090:1747647667288:,1747647681522
counter/5/0/0/0,20314:1747647665929:,1747647681522
counter/9/0/0/0,23091:1747647667288:,1747647681523
counter/5/0/0/0,20315:1747647665929:,1747647681523
counter/9/0/0/0,23092:1747647667299:,1747647681523
counter/5/0/0/0,20316:1747647665929:,1747647681523
counter/9/0/0/0,23093:1747647667299:,1747647681523
counter/5/0/0/0,20317:1747647665929:,1747647681523
counter/9/0/0/0,23094:1747647667299:,1747647681523
counter/5/0/0/0,20318:1747647665929:,1747647681523
counter/9/0/0/0,23095:1747647667299:,1747647681523
counter/1/0/0/0,18831:1747647665346:,1747647681523
counter/5/0/0/0,20319:1747647665929:,1747647681523
counter/9/0/0/0,23096:1747647667299:,1747647681523
counter/2/0/0/0,22711:1747647668183:,1747647681523
counter/7/0/0/0,16943:1747647663049:,1747647681523
counter/5/0/0/0,20320:1747647665929:,1747647681523
counter/9/0/0/0,23097:1747647667299:,1747647681523
counter/10/0/0/0,18358:1747647664429:,1747647681523
counter/6/0/0/0,17471:1747647664697:,1747647681523
counter/4/0/0/0,17588:1747647665105:,1747647681523
counter/5/0/0/0,20321:1747647665929:,1747647681523
counter/9/0/0/0,23098:1747647667301:,1747647681523
counter/5/0/0/0,20322:1747647665929:,1747647681523
counter/9/0/0/0,23099:1747647667301:,1747647681523
counter/8/0/0/0,20430:1747647665380:,1747647681523
counter/5/0/0/0,20323:1747647665929:,1747647681523
counter/9/0/0/0,23100:1747647667302:,1747647681523
counter/10/0/0/0,18359:1747647664430:,1747647681523
counter/6/0/0/0,17472:1747647664697:,1747647681523
counter/5/0/0/0,20324:1747647665929:,1747647681523
counter/9/0/0/0,23101:1747647667302:,1747647681523
counter/4/0/0/0,17589:1747647665105:,1747647681523
counter/3/0/0/0,17894:1747647664718:,1747647681523
counter/5/0/0/0,20325:1747647665929:,1747647681523
counter/9/0/0/0,23102:1747647667302:,1747647681523
counter/1/0/0/0,18832:1747647665346:,1747647681523
counter/5/0/0/0,20326:1747647665929:,1747647681523
counter/9/0/0/0,23103:1747647667316:,1747647681523
counter/10/0/0/0,18360:1747647664432:,1747647681523
counter/5/0/0/0,20327:1747647665929:,1747647681523
counter/9/0/0/0,23104:1747647667316:,1747647681524
counter/6/0/0/0,17473:1747647664697:,1747647681524
counter/4/0/0/0,17590:1747647665105:,1747647681524
counter/5/0/0/0,20328:1747647665929:,1747647681524
counter/9/0/0/0,23105:1747647667316:,1747647681524
counter/3/0/0/0,17895:1747647664718:,1747647681524
counter/1/0/0/0,18833:1747647665381:,1747647681524
counter/5/0/0/0,20329:1747647665929:,1747647681524
counter/9/0/0/0,23106:1747647667317:,1747647681524
counter/5/0/0/0,20330:1747647665929:,1747647681524
counter/9/0/0/0,23107:1747647667318:,1747647681524
counter/5/0/0/0,20331:1747647665929:,1747647681524
counter/9/0/0/0,23108:1747647667318:,1747647681524
counter/5/0/0/0,20332:1747647665929:,1747647681524
counter/9/0/0/0,23109:1747647667318:,1747647681524
counter/5/0/0/0,20333:1747647665930:,1747647681524
counter/9/0/0/0,23110:1747647667318:,1747647681524
counter/5/0/0/0,20334:1747647665930:,1747647681524
counter/9/0/0/0,23111:1747647667318:,1747647681524
counter/5/0/0/0,20335:1747647665930:,1747647681524
counter/9/0/0/0,23112:1747647667318:,1747647681524
counter/5/0/0/0,20336:1747647665930:,1747647681524
counter/9/0/0/0,23113:1747647667318:,1747647681524
counter/5/0/0/0,20337:1747647665930:,1747647681524
counter/9/0/0/0,23114:1747647667319:,1747647681524
counter/8/0/0/0,20431:1747647665380:,1747647681524
counter/5/0/0/0,20338:1747647665930:,1747647681524
counter/9/0/0/0,23115:1747647667319:,1747647681524
counter/8/0/0/0,20432:1747647665380:,1747647681524
counter/5/0/0/0,20339:1747647665930:,1747647681524
counter/9/0/0/0,23116:1747647667319:,1747647681524
counter/8/0/0/0,20433:1747647665380:,1747647681524
counter/3/0/0/0,17896:1747647664718:,1747647681524
counter/5/0/0/0,20340:1747647665930:,1747647681524
counter/9/0/0/0,23117:1747647667319:,1747647681524
counter/8/0/0/0,20434:1747647665380:,1747647681524
counter/1/0/0/0,18834:1747647665381:,1747647681524
counter/10/0/0/0,18361:1747647664432:,1747647681524
counter/5/0/0/0,20341:1747647665930:,1747647681524
counter/9/0/0/0,23118:1747647667319:,1747647681524
counter/5/0/0/0,20342:1747647665930:,1747647681524
counter/9/0/0/0,23119:1747647667319:,1747647681525
counter/5/0/0/0,20343:1747647665930:,1747647681525
counter/9/0/0/0,23120:1747647667319:,1747647681525
counter/5/0/0/0,20344:1747647665930:,1747647681525
counter/9/0/0/0,23121:1747647667319:,1747647681525
counter/6/0/0/0,17474:1747647664697:,1747647681525
counter/5/0/0/0,20345:1747647665930:,1747647681525
counter/9/0/0/0,23122:1747647667319:,1747647681525
counter/4/0/0/0,17591:1747647665105:,1747647681525
counter/8/0/0/0,20435:1747647665380:,1747647681525
counter/5/0/0/0,20346:1747647665930:,1747647681525
counter/9/0/0/0,23123:1747647667320:,1747647681525
counter/8/0/0/0,20436:1747647665380:,1747647681525
counter/5/0/0/0,20347:1747647665930:,1747647681525
counter/9/0/0/0,23124:1747647667320:,1747647681525
counter/8/0/0/0,20437:1747647665380:,1747647681525
counter/5/0/0/0,20348:1747647665930:,1747647681525
counter/9/0/0/0,23125:1747647667320:,1747647681525
counter/8/0/0/0,20438:1747647665380:,1747647681525
counter/5/0/0/0,20349:1747647665930:,1747647681525
counter/9/0/0/0,23126:1747647667320:,1747647681525
counter/8/0/0/0,20439:1747647665380:,1747647681525
counter/5/0/0/0,20350:1747647665931:,1747647681525
counter/9/0/0/0,23127:1747647667320:,1747647681525
counter/8/0/0/0,20440:1747647665380:,1747647681525
counter/5/0/0/0,20351:1747647665934:,1747647681525
counter/9/0/0/0,23128:1747647667320:,1747647681525
counter/8/0/0/0,20441:1747647665380:,1747647681526
counter/5/0/0/0,20352:1747647665934:,1747647681526
counter/9/0/0/0,23129:1747647667320:,1747647681526
counter/8/0/0/0,20442:1747647665380:,1747647681526
counter/5/0/0/0,20353:1747647665934:,1747647681526
counter/9/0/0/0,23130:1747647667320:,1747647681526
counter/8/0/0/0,20443:1747647665380:,1747647681526
counter/5/0/0/0,20354:1747647665934:,1747647681526
counter/9/0/0/0,23131:1747647667320:,1747647681526
counter/8/0/0/0,20444:1747647665380:,1747647681526
counter/5/0/0/0,20355:1747647665934:,1747647681526
counter/9/0/0/0,23132:1747647667320:,1747647681526
counter/8/0/0/0,20445:1747647665380:,1747647681526
counter/5/0/0/0,20356:1747647665934:,1747647681526
counter/9/0/0/0,23133:1747647667321:,1747647681526
counter/8/0/0/0,20446:1747647665381:,1747647681526
counter/5/0/0/0,20357:1747647665934:,1747647681526
counter/9/0/0/0,23134:1747647667321:,1747647681526
counter/8/0/0/0,20447:1747647665381:,1747647681526
counter/5/0/0/0,20358:1747647665934:,1747647681526
counter/9/0/0/0,23135:1747647667321:,1747647681526
counter/8/0/0/0,20448:1747647665381:,1747647681526
counter/5/0/0/0,20359:1747647665934:,1747647681526
counter/9/0/0/0,23136:1747647667321:,1747647681526
counter/8/0/0/0,20449:1747647665381:,1747647681526
counter/5/0/0/0,20360:1747647665934:,1747647681526
counter/9/0/0/0,23137:1747647667321:,1747647681526
counter/8/0/0/0,20450:1747647665381:,1747647681526
counter/5/0/0/0,20361:1747647665934:,1747647681526
counter/9/0/0/0,23138:1747647667321:,1747647681526
counter/8/0/0/0,20451:1747647665388:,1747647681526
counter/5/0/0/0,20362:1747647665935:,1747647681526
counter/9/0/0/0,23139:1747647667321:,1747647681526
counter/8/0/0/0,20452:1747647665388:,1747647681526
counter/5/0/0/0,20363:1747647665935:,1747647681526
counter/9/0/0/0,23140:1747647667321:,1747647681527
counter/8/0/0/0,20453:1747647665388:,1747647681527
counter/5/0/0/0,20364:1747647665935:,1747647681527
counter/9/0/0/0,23141:1747647667321:,1747647681527
counter/8/0/0/0,20454:1747647665388:,1747647681527
counter/7/0/0/0,16944:1747647663049:,1747647681527
counter/1/0/0/0,18835:1747647665381:,1747647681527
counter/5/0/0/0,20365:1747647665935:,1747647681527
counter/9/0/0/0,23142:1747647667321:,1747647681527
counter/8/0/0/0,20455:1747647665388:,1747647681527
counter/5/0/0/0,20366:1747647665935:,1747647681527
counter/9/0/0/0,23143:1747647667321:,1747647681527
counter/8/0/0/0,20456:1747647665391:,1747647681527
counter/5/0/0/0,20367:1747647665935:,1747647681527
counter/9/0/0/0,23144:1747647667321:,1747647681527
counter/8/0/0/0,20457:1747647665391:,1747647681527
counter/5/0/0/0,20368:1747647665935:,1747647681527
counter/9/0/0/0,23145:1747647667321:,1747647681527
counter/8/0/0/0,20458:1747647665391:,1747647681527
counter/5/0/0/0,20369:1747647665935:,1747647681527
counter/9/0/0/0,23146:1747647667321:,1747647681527
counter/8/0/0/0,20459:1747647665391:,1747647681527
counter/5/0/0/0,20370:1747647665935:,1747647681527
counter/9/0/0/0,23147:1747647667329:,1747647681527
counter/8/0/0/0,20460:1747647665391:,1747647681527
counter/5/0/0/0,20371:1747647665935:,1747647681527
counter/9/0/0/0,23148:1747647667330:,1747647681527
counter/8/0/0/0,20461:1747647665391:,1747647681527
counter/5/0/0/0,20372:1747647665935:,1747647681527
counter/9/0/0/0,23149:1747647667330:,1747647681527
counter/8/0/0/0,20462:1747647665391:,1747647681527
counter/5/0/0/0,20373:1747647665935:,1747647681527
counter/9/0/0/0,23150:1747647667330:,1747647681527
counter/8/0/0/0,20463:1747647665391:,1747647681527
counter/5/0/0/0,20374:1747647665935:,1747647681527
counter/9/0/0/0,23151:1747647667330:,1747647681527
counter/8/0/0/0,20464:1747647665391:,1747647681527
counter/5/0/0/0,20375:1747647665936:,1747647681527
counter/9/0/0/0,23152:1747647667330:,1747647681527
counter/8/0/0/0,20465:1747647665391:,1747647681527
counter/5/0/0/0,20376:1747647665936:,1747647681527
counter/9/0/0/0,23153:1747647667333:,1747647681527
counter/8/0/0/0,20466:1747647665391:,1747647681528
counter/5/0/0/0,20377:1747647665936:,1747647681528
counter/9/0/0/0,23154:1747647667333:,1747647681528
counter/8/0/0/0,20467:1747647665392:,1747647681528
counter/5/0/0/0,20378:1747647665937:,1747647681528
counter/9/0/0/0,23155:1747647667333:,1747647681528
counter/8/0/0/0,20468:1747647665392:,1747647681528
counter/5/0/0/0,20379:1747647665946:,1747647681528
counter/9/0/0/0,23156:1747647667333:,1747647681528
counter/8/0/0/0,20469:1747647665392:,1747647681528
counter/5/0/0/0,20380:1747647665946:,1747647681528
counter/9/0/0/0,23157:1747647667333:,1747647681528
counter/8/0/0/0,20470:1747647665392:,1747647681528
counter/5/0/0/0,20381:1747647665946:,1747647681528
counter/9/0/0/0,23158:1747647667333:,1747647681528
counter/8/0/0/0,20471:1747647665392:,1747647681528
counter/5/0/0/0,20382:1747647665946:,1747647681528
counter/9/0/0/0,23159:1747647667339:,1747647681528
counter/8/0/0/0,20472:1747647665392:,1747647681528
counter/5/0/0/0,20383:1747647665946:,1747647681528
counter/9/0/0/0,23160:1747647667347:,1747647681528
counter/8/0/0/0,20473:1747647665392:,1747647681528
counter/5/0/0/0,20384:1747647665946:,1747647681528
counter/9/0/0/0,23161:1747647667347:,1747647681528
counter/8/0/0/0,20474:1747647665392:,1747647681528
counter/5/0/0/0,20385:1747647665946:,1747647681528
counter/9/0/0/0,23162:1747647667347:,1747647681528
counter/8/0/0/0,20475:1747647665392:,1747647681528
counter/5/0/0/0,20386:1747647665946:,1747647681528
counter/9/0/0/0,23163:1747647667347:,1747647681528
counter/8/0/0/0,20476:1747647665392:,1747647681528
counter/5/0/0/0,20387:1747647665947:,1747647681528
counter/9/0/0/0,23164:1747647667347:,1747647681528
counter/8/0/0/0,20477:1747647665392:,1747647681528
counter/5/0/0/0,20388:1747647665947:,1747647681528
counter/9/0/0/0,23165:1747647667347:,1747647681528
counter/8/0/0/0,20478:1747647665392:,1747647681528
counter/5/0/0/0,20389:1747647665947:,1747647681528
counter/9/0/0/0,23166:1747647667347:,1747647681529
counter/8/0/0/0,20479:1747647665392:,1747647681529
counter/5/0/0/0,20390:1747647665947:,1747647681529
counter/9/0/0/0,23167:1747647667347:,1747647681529
counter/8/0/0/0,20480:1747647665392:,1747647681529
counter/5/0/0/0,20391:1747647665947:,1747647681529
counter/9/0/0/0,23168:1747647667347:,1747647681529
counter/8/0/0/0,20481:1747647665392:,1747647681529
counter/5/0/0/0,20392:1747647665947:,1747647681529
counter/9/0/0/0,23169:1747647667347:,1747647681529
counter/8/0/0/0,20482:1747647665392:,1747647681529
counter/5/0/0/0,20393:1747647665947:,1747647681529
counter/9/0/0/0,23170:1747647667347:,1747647681529
counter/8/0/0/0,20483:1747647665392:,1747647681529
counter/5/0/0/0,20394:1747647665947:,1747647681529
counter/9/0/0/0,23171:1747647667347:,1747647681529
counter/8/0/0/0,20484:1747647665392:,1747647681529
counter/5/0/0/0,20395:1747647665952:,1747647681529
counter/9/0/0/0,23172:1747647667347:,1747647681529
counter/8/0/0/0,20485:1747647665393:,1747647681529
counter/5/0/0/0,20396:1747647665952:,1747647681529
counter/9/0/0/0,23173:1747647667347:,1747647681529
counter/8/0/0/0,20486:1747647665393:,1747647681529
counter/5/0/0/0,20397:1747647665952:,1747647681529
counter/9/0/0/0,23174:1747647667351:,1747647681529
counter/8/0/0/0,20487:1747647665398:,1747647681529
counter/5/0/0/0,20398:1747647665952:,1747647681529
counter/9/0/0/0,23175:1747647667351:,1747647681529
counter/8/0/0/0,20488:1747647665398:,1747647681529
counter/5/0/0/0,20399:1747647665952:,1747647681529
counter/9/0/0/0,23176:1747647667351:,1747647681529
counter/8/0/0/0,20489:1747647665398:,1747647681529
counter/5/0/0/0,20400:1747647665956:,1747647681530
counter/9/0/0/0,23177:1747647667351:,1747647681530
counter/8/0/0/0,20490:1747647665398:,1747647681530
counter/5/0/0/0,20401:1747647665956:,1747647681530
counter/9/0/0/0,23178:1747647667351:,1747647681530
counter/8/0/0/0,20491:1747647665398:,1747647681530
counter/5/0/0/0,20402:1747647665956:,1747647681530
counter/9/0/0/0,23179:1747647667351:,1747647681530
counter/8/0/0/0,20492:1747647665398:,1747647681530
counter/5/0/0/0,20403:1747647665966:,1747647681530
counter/9/0/0/0,23180:1747647667351:,1747647681530
counter/8/0/0/0,20493:1747647665399:,1747647681530
counter/5/0/0/0,20404:1747647665966:,1747647681530
counter/9/0/0/0,23181:1747647667352:,1747647681530
counter/8/0/0/0,20494:1747647665410:,1747647681530
counter/5/0/0/0,20405:1747647665966:,1747647681530
counter/9/0/0/0,23182:1747647667352:,1747647681530
counter/8/0/0/0,20495:1747647665410:,1747647681530
counter/5/0/0/0,20406:1747647665966:,1747647681530
counter/9/0/0/0,23183:1747647667352:,1747647681530
counter/8/0/0/0,20496:1747647665410:,1747647681530
counter/5/0/0/0,20407:1747647665966:,1747647681530
counter/9/0/0/0,23184:1747647667352:,1747647681530
counter/8/0/0/0,20497:1747647665410:,1747647681530
counter/5/0/0/0,20408:1747647665966:,1747647681530
counter/9/0/0/0,23185:1747647667352:,1747647681530
counter/8/0/0/0,20498:1747647665410:,1747647681530
counter/5/0/0/0,20409:1747647665966:,1747647681530
counter/9/0/0/0,23186:1747647667352:,1747647681530
counter/8/0/0/0,20499:1747647665410:,1747647681530
counter/5/0/0/0,20410:1747647665966:,1747647681530
counter/9/0/0/0,23187:1747647667352:,1747647681530
counter/8/0/0/0,20500:1747647665410:,1747647681530
counter/5/0/0/0,20411:1747647665966:,1747647681530
counter/9/0/0/0,23188:1747647667352:,1747647681530
counter/8/0/0/0,20501:1747647665410:,1747647681530
counter/5/0/0/0,20412:1747647665966:,1747647681530
counter/9/0/0/0,23189:1747647667352:,1747647681530
counter/8/0/0/0,20502:1747647665410:,1747647681530
counter/5/0/0/0,20413:1747647665966:,1747647681530
counter/9/0/0/0,23190:1747647667352:,1747647681530
counter/8/0/0/0,20503:1747647665410:,1747647681531
counter/5/0/0/0,20414:1747647665967:,1747647681531
counter/9/0/0/0,23191:1747647667352:,1747647681531
counter/8/0/0/0,20504:1747647665410:,1747647681531
counter/5/0/0/0,20415:1747647665967:,1747647681531
counter/9/0/0/0,23192:1747647667353:,1747647681531
counter/8/0/0/0,20505:1747647665410:,1747647681531
counter/5/0/0/0,20416:1747647665967:,1747647681531
counter/9/0/0/0,23193:1747647667353:,1747647681531
counter/8/0/0/0,20506:1747647665410:,1747647681531
counter/5/0/0/0,20417:1747647665967:,1747647681531
counter/9/0/0/0,23194:1747647667354:,1747647681531
counter/8/0/0/0,20507:1747647665415:,1747647681531
counter/5/0/0/0,20418:1747647665967:,1747647681531
counter/9/0/0/0,23195:1747647667356:,1747647681531
counter/8/0/0/0,20508:1747647665416:,1747647681531
counter/5/0/0/0,20419:1747647665967:,1747647681531
counter/9/0/0/0,23196:1747647667356:,1747647681531
counter/8/0/0/0,20509:1747647665416:,1747647681531
counter/5/0/0/0,20420:1747647665967:,1747647681531
counter/9/0/0/0,23197:1747647667356:,1747647681531
counter/8/0/0/0,20510:1747647665416:,1747647681531
counter/5/0/0/0,20421:1747647665967:,1747647681531
counter/9/0/0/0,23198:1747647667356:,1747647681531
counter/8/0/0/0,20511:1747647665416:,1747647681531
counter/5/0/0/0,20422:1747647665981:,1747647681531
counter/9/0/0/0,23199:1747647667356:,1747647681531
counter/8/0/0/0,20512:1747647665416:,1747647681531
counter/5/0/0/0,20423:1747647665981:,1747647681531
counter/9/0/0/0,23200:1747647667356:,1747647681531
counter/8/0/0/0,20513:1747647665416:,1747647681531
counter/5/0/0/0,20424:1747647665982:,1747647681531
counter/9/0/0/0,23201:1747647667356:,1747647681531
counter/8/0/0/0,20514:1747647665416:,1747647681531
counter/5/0/0/0,20425:1747647665982:,1747647681531
counter/9/0/0/0,23202:1747647667357:,1747647681531
counter/8/0/0/0,20515:1747647665416:,1747647681532
counter/5/0/0/0,20426:1747647665982:,1747647681532
counter/9/0/0/0,23203:1747647667357:,1747647681532
counter/8/0/0/0,20516:1747647665416:,1747647681532
counter/5/0/0/0,20427:1747647665982:,1747647681532
counter/9/0/0/0,23204:1747647667357:,1747647681532
counter/8/0/0/0,20517:1747647665416:,1747647681532
counter/5/0/0/0,20428:1747647665982:,1747647681532
counter/9/0/0/0,23205:1747647667357:,1747647681532
counter/8/0/0/0,20518:1747647665416:,1747647681532
counter/5/0/0/0,20429:1747647665982:,1747647681532
counter/9/0/0/0,23206:1747647667357:,1747647681532
counter/8/0/0/0,20519:1747647665416:,1747647681532
counter/5/0/0/0,20430:1747647665982:,1747647681532
counter/9/0/0/0,23207:1747647667357:,1747647681532
counter/8/0/0/0,20520:1747647665416:,1747647681532
counter/5/0/0/0,20431:1747647665982:,1747647681532
counter/9/0/0/0,23208:1747647667357:,1747647681532
counter/8/0/0/0,20521:1747647665416:,1747647681532
counter/5/0/0/0,20432:1747647665982:,1747647681532
counter/9/0/0/0,23209:1747647667360:,1747647681532
counter/8/0/0/0,20522:1747647665416:,1747647681532
counter/9/0/0/0,23210:1747647667361:,1747647681532
counter/8/0/0/0,20523:1747647665417:,1747647681532
counter/9/0/0/0,23211:1747647667361:,1747647681532
counter/8/0/0/0,20524:1747647665419:,1747647681532
counter/9/0/0/0,23212:1747647667361:,1747647681532
counter/8/0/0/0,20525:1747647665419:,1747647681532
counter/9/0/0/0,23213:1747647667361:,1747647681532
counter/8/0/0/0,20526:1747647665419:,1747647681532
counter/9/0/0/0,23214:1747647667362:,1747647681532
counter/8/0/0/0,20527:1747647665419:,1747647681532
counter/9/0/0/0,23215:1747647667362:,1747647681532
counter/8/0/0/0,20528:1747647665431:,1747647681532
counter/9/0/0/0,23216:1747647667362:,1747647681532
counter/8/0/0/0,20529:1747647665433:,1747647681532
counter/9/0/0/0,23217:1747647667362:,1747647681532
counter/8/0/0/0,20530:1747647665433:,1747647681532
counter/9/0/0/0,23218:1747647667362:,1747647681532
counter/8/0/0/0,20531:1747647665433:,1747647681532
counter/9/0/0/0,23219:1747647667362:,1747647681532
counter/8/0/0/0,20532:1747647665433:,1747647681532
counter/9/0/0/0,23220:1747647667362:,1747647681532
counter/8/0/0/0,20533:1747647665434:,1747647681533
counter/9/0/0/0,23221:1747647667362:,1747647681533
counter/8/0/0/0,20534:1747647665434:,1747647681533
counter/9/0/0/0,23222:1747647667362:,1747647681533
counter/8/0/0/0,20535:1747647665434:,1747647681533
counter/9/0/0/0,23223:1747647667362:,1747647681533
counter/8/0/0/0,20536:1747647665434:,1747647681533
counter/9/0/0/0,23224:1747647667362:,1747647681533
counter/8/0/0/0,20537:1747647665450:,1747647681533
counter/9/0/0/0,23225:1747647667362:,1747647681533
counter/8/0/0/0,20538:1747647665450:,1747647681533
counter/9/0/0/0,23226:1747647667365:,1747647681533
counter/8/0/0/0,20539:1747647665450:,1747647681533
counter/9/0/0/0,23227:1747647667365:,1747647681533
counter/8/0/0/0,20540:1747647665450:,1747647681533
counter/9/0/0/0,23228:1747647667365:,1747647681533
counter/8/0/0/0,20541:1747647665450:,1747647681533
counter/9/0/0/0,23229:1747647667366:,1747647681533
counter/8/0/0/0,20542:1747647665450:,1747647681533
counter/9/0/0/0,23230:1747647667366:,1747647681533
counter/8/0/0/0,20543:1747647665451:,1747647681533
counter/9/0/0/0,23231:1747647667366:,1747647681533
counter/8/0/0/0,20544:1747647665451:,1747647681533
counter/9/0/0/0,23232:1747647667366:,1747647681533
counter/8/0/0/0,20545:1747647665451:,1747647681533
counter/9/0/0/0,23233:1747647667366:,1747647681533
counter/8/0/0/0,20546:1747647665451:,1747647681533
counter/9/0/0/0,23234:1747647667366:,1747647681533
counter/8/0/0/0,20547:1747647665451:,1747647681533
counter/9/0/0/0,23235:1747647667366:,1747647681533
counter/8/0/0/0,20548:1747647665451:,1747647681533
counter/9/0/0/0,23236:1747647667366:,1747647681533
counter/8/0/0/0,20549:1747647665451:,1747647681533
counter/9/0/0/0,23237:1747647667366:,1747647681533
counter/8/0/0/0,20550:1747647665451:,1747647681533
counter/9/0/0/0,23238:1747647667366:,1747647681533
counter/8/0/0/0,20551:1747647665451:,1747647681533
counter/9/0/0/0,23239:1747647667366:,1747647681533
counter/8/0/0/0,20552:1747647665453:,1747647681533
counter/9/0/0/0,23240:1747647667368:,1747647681533
counter/8/0/0/0,20553:1747647665467:,1747647681533
counter/9/0/0/0,23241:1747647667368:,1747647681533
counter/8/0/0/0,20554:1747647665467:,1747647681534
counter/9/0/0/0,23242:1747647667368:,1747647681534
counter/8/0/0/0,20555:1747647665467:,1747647681534
counter/9/0/0/0,23243:1747647667368:,1747647681534
counter/8/0/0/0,20556:1747647665467:,1747647681534
counter/9/0/0/0,23244:1747647667368:,1747647681534
counter/8/0/0/0,20557:1747647665467:,1747647681534
counter/9/0/0/0,23245:1747647667368:,1747647681534
counter/8/0/0/0,20558:1747647665467:,1747647681534
counter/9/0/0/0,23246:1747647667368:,1747647681534
counter/8/0/0/0,20559:1747647665467:,1747647681534
counter/9/0/0/0,23247:1747647667368:,1747647681534
counter/8/0/0/0,20560:1747647665467:,1747647681534
counter/9/0/0/0,23248:1747647667368:,1747647681534
counter/8/0/0/0,20561:1747647665467:,1747647681534
counter/3/0/0/0,17897:1747647664718:,1747647681534
counter/9/0/0/0,23249:1747647667368:,1747647681534
counter/8/0/0/0,20562:1747647665467:,1747647681534
counter/2/0/0/0,22712:1747647668183:,1747647681534
counter/9/0/0/0,23250:1747647667376:,1747647681534
counter/8/0/0/0,20563:1747647665467:,1747647681534
counter/7/0/0/0,16945:1747647663049:,1747647681534
counter/1/0/0/0,18836:1747647665381:,1747647681534
counter/6/0/0/0,17475:1747647664697:,1747647681534
counter/9/0/0/0,23251:1747647667376:,1747647681534
counter/8/0/0/0,20564:1747647665467:,1747647681534
counter/4/0/0/0,17592:1747647665105:,1747647681534
counter/10/0/0/0,18362:1747647664432:,1747647681534
counter/9/0/0/0,23252:1747647667376:,1747647681534
counter/8/0/0/0,20565:1747647665467:,1747647681534
counter/9/0/0/0,23253:1747647667376:,1747647681534
counter/8/0/0/0,20566:1747647665467:,1747647681534
counter/9/0/0/0,23254:1747647667376:,1747647681534
counter/8/0/0/0,20567:1747647665467:,1747647681534
counter/9/0/0/0,23255:1747647667376:,1747647681534
counter/8/0/0/0,20568:1747647665467:,1747647681534
counter/9/0/0/0,23256:1747647667376:,1747647681535
counter/8/0/0/0,20569:1747647665467:,1747647681535
counter/9/0/0/0,23257:1747647667376:,1747647681535
counter/8/0/0/0,20570:1747647665469:,1747647681535
counter/9/0/0/0,23258:1747647667376:,1747647681535
counter/8/0/0/0,20571:1747647665469:,1747647681535
counter/9/0/0/0,23259:1747647667376:,1747647681535
counter/8/0/0/0,20572:1747647665469:,1747647681535
counter/9/0/0/0,23260:1747647667376:,1747647681535
counter/8/0/0/0,20573:1747647665469:,1747647681535
counter/9/0/0/0,23261:1747647667376:,1747647681535
counter/8/0/0/0,20574:1747647665469:,1747647681535
counter/9/0/0/0,23262:1747647667376:,1747647681535
counter/8/0/0/0,20575:1747647665469:,1747647681535
counter/9/0/0/0,23263:1747647667376:,1747647681535
counter/8/0/0/0,20576:1747647665475:,1747647681535
counter/9/0/0/0,23264:1747647667376:,1747647681535
counter/8/0/0/0,20577:1747647665475:,1747647681535
counter/9/0/0/0,23265:1747647667376:,1747647681535
counter/8/0/0/0,20578:1747647665475:,1747647681535
counter/9/0/0/0,23266:1747647667376:,1747647681535
counter/8/0/0/0,20579:1747647665478:,1747647681535
counter/9/0/0/0,23267:1747647667378:,1747647681535
counter/8/0/0/0,20580:1747647665478:,1747647681535
counter/9/0/0/0,23268:1747647667378:,1747647681535
counter/8/0/0/0,20581:1747647665478:,1747647681535
counter/9/0/0/0,23269:1747647667378:,1747647681535
counter/8/0/0/0,20582:1747647665478:,1747647681535
counter/9/0/0/0,23270:1747647667378:,1747647681535
counter/8/0/0/0,20583:1747647665486:,1747647681535
counter/9/0/0/0,23271:1747647667378:,1747647681535
counter/8/0/0/0,20584:1747647665486:,1747647681535
counter/9/0/0/0,23272:1747647667378:,1747647681535
counter/8/0/0/0,20585:1747647665486:,1747647681535
counter/9/0/0/0,23273:1747647667378:,1747647681535
counter/8/0/0/0,20586:1747647665487:,1747647681535
counter/9/0/0/0,23274:1747647667378:,1747647681535
counter/8/0/0/0,20587:1747647665487:,1747647681535
counter/9/0/0/0,23275:1747647667378:,1747647681535
counter/8/0/0/0,20588:1747647665487:,1747647681535
counter/9/0/0/0,23276:1747647667378:,1747647681535
counter/8/0/0/0,20589:1747647665487:,1747647681536
counter/9/0/0/0,23277:1747647667378:,1747647681536
counter/8/0/0/0,20590:1747647665488:,1747647681536
counter/9/0/0/0,23278:1747647667378:,1747647681536
counter/8/0/0/0,20591:1747647665488:,1747647681536
counter/9/0/0/0,23279:1747647667378:,1747647681536
counter/8/0/0/0,20592:1747647665488:,1747647681536
counter/9/0/0/0,23280:1747647667378:,1747647681536
counter/8/0/0/0,20593:1747647665488:,1747647681536
counter/9/0/0/0,23281:1747647667384:,1747647681536
counter/8/0/0/0,20594:1747647665488:,1747647681536
counter/9/0/0/0,23282:1747647667384:,1747647681536
counter/8/0/0/0,20595:1747647665488:,1747647681536
counter/9/0/0/0,23283:1747647667384:,1747647681536
counter/8/0/0/0,20596:1747647665488:,1747647681536
counter/9/0/0/0,23284:1747647667384:,1747647681536
counter/8/0/0/0,20597:1747647665488:,1747647681536
counter/9/0/0/0,23285:1747647667384:,1747647681536
counter/8/0/0/0,20598:1747647665492:,1747647681536
counter/9/0/0/0,23286:1747647667384:,1747647681536
counter/8/0/0/0,20599:1747647665492:,1747647681536
counter/9/0/0/0,23287:1747647667384:,1747647681536
counter/8/0/0/0,20600:1747647665492:,1747647681536
counter/9/0/0/0,23288:1747647667385:,1747647681536
counter/8/0/0/0,20601:1747647665492:,1747647681536
counter/9/0/0/0,23289:1747647667391:,1747647681536
counter/8/0/0/0,20602:1747647665492:,1747647681536
counter/9/0/0/0,23290:1747647667391:,1747647681536
counter/8/0/0/0,20603:1747647665492:,1747647681536
counter/9/0/0/0,23291:1747647667391:,1747647681536
counter/8/0/0/0,20604:1747647665494:,1747647681536
counter/9/0/0/0,23292:1747647667391:,1747647681536
counter/8/0/0/0,20605:1747647665494:,1747647681536
counter/9/0/0/0,23293:1747647667391:,1747647681536
counter/8/0/0/0,20606:1747647665494:,1747647681536
counter/9/0/0/0,23294:1747647667392:,1747647681536
counter/8/0/0/0,20607:1747647665494:,1747647681536
counter/9/0/0/0,23295:1747647667392:,1747647681536
counter/8/0/0/0,20608:1747647665494:,1747647681537
counter/9/0/0/0,23296:1747647667392:,1747647681537
counter/8/0/0/0,20609:1747647665494:,1747647681537
counter/9/0/0/0,23297:1747647667392:,1747647681537
counter/8/0/0/0,20610:1747647665494:,1747647681537
counter/9/0/0/0,23298:1747647667392:,1747647681537
counter/8/0/0/0,20611:1747647665494:,1747647681537
counter/9/0/0/0,23299:1747647667392:,1747647681537
counter/8/0/0/0,20612:1747647665494:,1747647681537
counter/9/0/0/0,23300:1747647667392:,1747647681537
counter/8/0/0/0,20613:1747647665494:,1747647681537
counter/9/0/0/0,23301:1747647667393:,1747647681537
counter/8/0/0/0,20614:1747647665494:,1747647681537
counter/9/0/0/0,23302:1747647667393:,1747647681537
counter/8/0/0/0,20615:1747647665494:,1747647681537
counter/9/0/0/0,23303:1747647667393:,1747647681537
counter/8/0/0/0,20616:1747647665494:,1747647681537
counter/9/0/0/0,23304:1747647667393:,1747647681537
counter/8/0/0/0,20617:1747647665494:,1747647681537
counter/9/0/0/0,23305:1747647667393:,1747647681537
counter/8/0/0/0,20618:1747647665495:,1747647681537
counter/9/0/0/0,23306:1747647667393:,1747647681537
counter/8/0/0/0,20619:1747647665495:,1747647681537
counter/9/0/0/0,23307:1747647667398:,1747647681537
counter/8/0/0/0,20620:1747647665495:,1747647681537
counter/9/0/0/0,23308:1747647667398:,1747647681537
counter/8/0/0/0,20621:1747647665504:,1747647681537
counter/9/0/0/0,23309:1747647667398:,1747647681537
counter/8/0/0/0,20622:1747647665504:,1747647681537
counter/9/0/0/0,23310:1747647667398:,1747647681537
counter/8/0/0/0,20623:1747647665504:,1747647681537
counter/6/0/0/0,17476:1747647664697:,1747647681537
counter/9/0/0/0,23311:1747647667398:,1747647681537
counter/8/0/0/0,20624:1747647665504:,1747647681537
counter/3/0/0/0,17898:1747647664718:,1747647681537
counter/9/0/0/0,23312:1747647667398:,1747647681537
counter/8/0/0/0,20625:1747647665504:,1747647681537
counter/9/0/0/0,23313:1747647667398:,1747647681537
counter/8/0/0/0,20626:1747647665504:,1747647681537
counter/9/0/0/0,23314:1747647667401:,1747647681537
counter/8/0/0/0,20627:1747647665504:,1747647681537
counter/9/0/0/0,23315:1747647667401:,1747647681537
counter/8/0/0/0,20628:1747647665504:,1747647681537
counter/9/0/0/0,23316:1747647667401:,1747647681538
counter/8/0/0/0,20629:1747647665504:,1747647681538
counter/9/0/0/0,23317:1747647667401:,1747647681538
counter/8/0/0/0,20630:1747647665504:,1747647681538
counter/9/0/0/0,23318:1747647667401:,1747647681538
counter/8/0/0/0,20631:1747647665504:,1747647681538
counter/9/0/0/0,23319:1747647667401:,1747647681538
counter/8/0/0/0,20632:1747647665504:,1747647681538
counter/9/0/0/0,23320:1747647667404:,1747647681538
counter/8/0/0/0,20633:1747647665504:,1747647681538
counter/9/0/0/0,23321:1747647667405:,1747647681538
counter/8/0/0/0,20634:1747647665505:,1747647681538
counter/9/0/0/0,23322:1747647667405:,1747647681538
counter/8/0/0/0,20635:1747647665505:,1747647681538
counter/9/0/0/0,23323:1747647667407:,1747647681538
counter/8/0/0/0,20636:1747647665506:,1747647681538
counter/9/0/0/0,23324:1747647667407:,1747647681538
counter/8/0/0/0,20637:1747647665506:,1747647681538
counter/9/0/0/0,23325:1747647667407:,1747647681538
counter/8/0/0/0,20638:1747647665506:,1747647681538
counter/9/0/0/0,23326:1747647667407:,1747647681538
counter/8/0/0/0,20639:1747647665506:,1747647681538
counter/9/0/0/0,23327:1747647667407:,1747647681538
counter/8/0/0/0,20640:1747647665507:,1747647681538
counter/9/0/0/0,23328:1747647667407:,1747647681538
counter/8/0/0/0,20641:1747647665507:,1747647681538
counter/9/0/0/0,23329:1747647667407:,1747647681538
counter/8/0/0/0,20642:1747647665507:,1747647681538
counter/9/0/0/0,23330:1747647667421:,1747647681538
counter/8/0/0/0,20643:1747647665507:,1747647681538
counter/9/0/0/0,23331:1747647667421:,1747647681538
counter/8/0/0/0,20644:1747647665508:,1747647681538
counter/9/0/0/0,23332:1747647667421:,1747647681538
counter/8/0/0/0,20645:1747647665512:,1747647681538
counter/9/0/0/0,23333:1747647667421:,1747647681538
counter/8/0/0/0,20646:1747647665513:,1747647681538
counter/9/0/0/0,23334:1747647667421:,1747647681538
counter/8/0/0/0,20647:1747647665513:,1747647681538
counter/9/0/0/0,23335:1747647667421:,1747647681538
counter/8/0/0/0,20648:1747647665513:,1747647681538
counter/6/0/0/0,17477:1747647664697:,1747647681538
counter/9/0/0/0,23336:1747647667427:,1747647681538
counter/8/0/0/0,20649:1747647665513:,1747647681539
counter/3/0/0/0,17899:1747647664718:,1747647681539
counter/9/0/0/0,23337:1747647667428:,1747647681539
counter/8/0/0/0,20650:1747647665526:,1747647681539
counter/10/0/0/0,18363:1747647664436:,1747647681539
counter/1/0/0/0,18837:1747647665381:,1747647681539
counter/9/0/0/0,23338:1747647667428:,1747647681539
counter/8/0/0/0,20651:1747647665526:,1747647681539
counter/7/0/0/0,16946:1747647663049:,1747647681539
counter/4/0/0/0,17593:1747647665105:,1747647681539
counter/9/0/0/0,23339:1747647667428:,1747647681539
counter/8/0/0/0,20652:1747647665526:,1747647681539
counter/9/0/0/0,23340:1747647667428:,1747647681539
counter/8/0/0/0,20653:1747647665530:,1747647681539
counter/9/0/0/0,23341:1747647667428:,1747647681539
counter/8/0/0/0,20654:1747647665530:,1747647681539
counter/9/0/0/0,23342:1747647667428:,1747647681539
counter/8/0/0/0,20655:1747647665530:,1747647681539
counter/9/0/0/0,23343:1747647667431:,1747647681539
counter/8/0/0/0,20656:1747647665530:,1747647681539
counter/9/0/0/0,23344:1747647667440:,1747647681539
counter/8/0/0/0,20657:1747647665530:,1747647681539
counter/9/0/0/0,23345:1747647667454:,1747647681539
counter/8/0/0/0,20658:1747647665539:,1747647681539
counter/9/0/0/0,23346:1747647667454:,1747647681539
counter/8/0/0/0,20659:1747647665539:,1747647681539
counter/9/0/0/0,23347:1747647667454:,1747647681539
counter/8/0/0/0,20660:1747647665539:,1747647681539
counter/9/0/0/0,23348:1747647667454:,1747647681539
counter/8/0/0/0,20661:1747647665539:,1747647681539
counter/9/0/0/0,23349:1747647667454:,1747647681539
counter/8/0/0/0,20662:1747647665539:,1747647681539
counter/9/0/0/0,23350:1747647667455:,1747647681539
counter/8/0/0/0,20663:1747647665539:,1747647681539
counter/9/0/0/0,23351:1747647667455:,1747647681539
counter/8/0/0/0,20664:1747647665539:,1747647681539
counter/9/0/0/0,23352:1747647667455:,1747647681540
counter/8/0/0/0,20665:1747647665539:,1747647681540
counter/9/0/0/0,23353:1747647667455:,1747647681540
counter/8/0/0/0,20666:1747647665539:,1747647681540
counter/9/0/0/0,23354:1747647667455:,1747647681540
counter/8/0/0/0,20667:1747647665539:,1747647681540
counter/9/0/0/0,23355:1747647667469:,1747647681540
counter/8/0/0/0,20668:1747647665539:,1747647681540
counter/9/0/0/0,23356:1747647667469:,1747647681540
counter/8/0/0/0,20669:1747647665555:,1747647681540
counter/9/0/0/0,23357:1747647667469:,1747647681540
counter/8/0/0/0,20670:1747647665555:,1747647681540
counter/9/0/0/0,23358:1747647667469:,1747647681540
counter/8/0/0/0,20671:1747647665555:,1747647681540
counter/9/0/0/0,23359:1747647667469:,1747647681540
counter/8/0/0/0,20672:1747647665572:,1747647681540
counter/9/0/0/0,23360:1747647667469:,1747647681540
counter/8/0/0/0,20673:1747647665572:,1747647681540
counter/9/0/0/0,23361:1747647667470:,1747647681540
counter/8/0/0/0,20674:1747647665572:,1747647681540
counter/9/0/0/0,23362:1747647667470:,1747647681540
counter/8/0/0/0,20675:1747647665579:,1747647681540
counter/9/0/0/0,23363:1747647667471:,1747647681540
counter/8/0/0/0,20676:1747647665581:,1747647681540
counter/9/0/0/0,23364:1747647667471:,1747647681540
counter/8/0/0/0,20677:1747647665581:,1747647681540
counter/9/0/0/0,23365:1747647667471:,1747647681540
counter/8/0/0/0,20678:1747647665581:,1747647681540
counter/9/0/0/0,23366:1747647667471:,1747647681540
counter/8/0/0/0,20679:1747647665591:,1747647681540
counter/9/0/0/0,23367:1747647667471:,1747647681540
counter/8/0/0/0,20680:1747647665591:,1747647681540
counter/9/0/0/0,23368:1747647667471:,1747647681540
counter/8/0/0/0,20681:1747647665591:,1747647681540
counter/9/0/0/0,23369:1747647667471:,1747647681540
counter/8/0/0/0,20682:1747647665591:,1747647681540
counter/9/0/0/0,23370:1747647667471:,1747647681540
counter/8/0/0/0,20683:1747647665591:,1747647681540
counter/9/0/0/0,23371:1747647667471:,1747647681540
counter/8/0/0/0,20684:1747647665591:,1747647681540
counter/9/0/0/0,23372:1747647667471:,1747647681540
counter/8/0/0/0,20685:1747647665591:,1747647681540
counter/9/0/0/0,23373:1747647667471:,1747647681541
counter/8/0/0/0,20686:1747647665591:,1747647681541
counter/9/0/0/0,23374:1747647667471:,1747647681541
counter/8/0/0/0,20687:1747647665591:,1747647681541
counter/9/0/0/0,23375:1747647667471:,1747647681541
counter/8/0/0/0,20688:1747647665596:,1747647681541
counter/9/0/0/0,23376:1747647667471:,1747647681541
counter/8/0/0/0,20689:1747647665596:,1747647681541
counter/9/0/0/0,23377:1747647667471:,1747647681541
counter/8/0/0/0,20690:1747647665596:,1747647681541
counter/9/0/0/0,23378:1747647667471:,1747647681541
counter/8/0/0/0,20691:1747647665596:,1747647681541
counter/9/0/0/0,23379:1747647667471:,1747647681541
counter/8/0/0/0,20692:1747647665596:,1747647681541
counter/9/0/0/0,23380:1747647667471:,1747647681541
counter/8/0/0/0,20693:1747647665596:,1747647681541
counter/9/0/0/0,23381:1747647667472:,1747647681541
counter/8/0/0/0,20694:1747647665596:,1747647681541
counter/9/0/0/0,23382:1747647667473:,1747647681541
counter/8/0/0/0,20695:1747647665596:,1747647681541
counter/9/0/0/0,23383:1747647667473:,1747647681541
counter/8/0/0/0,20696:1747647665596:,1747647681541
counter/9/0/0/0,23384:1747647667473:,1747647681541
counter/8/0/0/0,20697:1747647665596:,1747647681541
counter/9/0/0/0,23385:1747647667473:,1747647681541
counter/8/0/0/0,20698:1747647665598:,1747647681541
counter/9/0/0/0,23386:1747647667473:,1747647681541
counter/8/0/0/0,20699:1747647665598:,1747647681541
counter/9/0/0/0,23387:1747647667473:,1747647681541
counter/8/0/0/0,20700:1747647665598:,1747647681541
counter/9/0/0/0,23388:1747647667473:,1747647681541
counter/8/0/0/0,20701:1747647665598:,1747647681541
counter/9/0/0/0,23389:1747647667473:,1747647681541
counter/8/0/0/0,20702:1747647665598:,1747647681541
counter/9/0/0/0,23390:1747647667473:,1747647681541
counter/8/0/0/0,20703:1747647665598:,1747647681541
counter/10/0/0/0,18364:1747647664436:,1747647681541
counter/9/0/0/0,23391:1747647667473:,1747647681541
counter/8/0/0/0,20704:1747647665598:,1747647681541
counter/7/0/0/0,16947:1747647663049:,1747647681542
counter/9/0/0/0,23392:1747647667473:,1747647681542
counter/8/0/0/0,20705:1747647665599:,1747647681542
counter/9/0/0/0,23393:1747647667473:,1747647681542
counter/8/0/0/0,20706:1747647665599:,1747647681542
counter/9/0/0/0,23394:1747647667473:,1747647681542
counter/8/0/0/0,20707:1747647665599:,1747647681542
counter/9/0/0/0,23395:1747647667473:,1747647681542
counter/8/0/0/0,20708:1747647665599:,1747647681542
counter/9/0/0/0,23396:1747647667473:,1747647681542
counter/8/0/0/0,20709:1747647665599:,1747647681542
counter/9/0/0/0,23397:1747647667474:,1747647681542
counter/8/0/0/0,20710:1747647665611:,1747647681542
counter/9/0/0/0,23398:1747647667474:,1747647681542
counter/8/0/0/0,20711:1747647665611:,1747647681542
counter/9/0/0/0,23399:1747647667474:,1747647681542
counter/8/0/0/0,20712:1747647665611:,1747647681542
counter/9/0/0/0,23400:1747647667474:,1747647681542
counter/8/0/0/0,20713:1747647665611:,1747647681542
counter/9/0/0/0,23401:1747647667474:,1747647681542
counter/8/0/0/0,20714:1747647665611:,1747647681542
counter/9/0/0/0,23402:1747647667474:,1747647681542
counter/8/0/0/0,20715:1747647665614:,1747647681542
counter/9/0/0/0,23403:1747647667474:,1747647681542
counter/8/0/0/0,20716:1747647665614:,1747647681542
counter/9/0/0/0,23404:1747647667474:,1747647681542
counter/8/0/0/0,20717:1747647665614:,1747647681542
counter/9/0/0/0,23405:1747647667474:,1747647681542
counter/8/0/0/0,20718:1747647665625:,1747647681542
counter/9/0/0/0,23406:1747647667474:,1747647681542
counter/8/0/0/0,20719:1747647665625:,1747647681542
counter/9/0/0/0,23407:1747647667474:,1747647681542
counter/8/0/0/0,20720:1747647665625:,1747647681542
counter/9/0/0/0,23408:1747647667474:,1747647681542
counter/8/0/0/0,20721:1747647665634:,1747647681542
counter/9/0/0/0,23409:1747647667474:,1747647681542
counter/8/0/0/0,20722:1747647665645:,1747647681542
counter/9/0/0/0,23410:1747647667474:,1747647681542
counter/8/0/0/0,20723:1747647665645:,1747647681542
counter/9/0/0/0,23411:1747647667485:,1747647681542
counter/8/0/0/0,20724:1747647665645:,1747647681542
counter/9/0/0/0,23412:1747647667485:,1747647681542
counter/8/0/0/0,20725:1747647665645:,1747647681543
counter/9/0/0/0,23413:1747647667485:,1747647681543
counter/8/0/0/0,20726:1747647665645:,1747647681543
counter/9/0/0/0,23414:1747647667485:,1747647681543
counter/8/0/0/0,20727:1747647665645:,1747647681543
counter/9/0/0/0,23415:1747647667486:,1747647681543
counter/8/0/0/0,20728:1747647665646:,1747647681543
counter/9/0/0/0,23416:1747647667486:,1747647681543
counter/8/0/0/0,20729:1747647665647:,1747647681543
counter/9/0/0/0,23417:1747647667486:,1747647681543
counter/8/0/0/0,20730:1747647665647:,1747647681543
counter/9/0/0/0,23418:1747647667486:,1747647681543
counter/8/0/0/0,20731:1747647665647:,1747647681543
counter/9/0/0/0,23419:1747647667486:,1747647681543
counter/8/0/0/0,20732:1747647665647:,1747647681543
counter/9/0/0/0,23420:1747647667487:,1747647681543
counter/8/0/0/0,20733:1747647665647:,1747647681543
counter/9/0/0/0,23421:1747647667487:,1747647681543
counter/8/0/0/0,20734:1747647665647:,1747647681543
counter/9/0/0/0,23422:1747647667487:,1747647681543
counter/8/0/0/0,20735:1747647665647:,1747647681543
counter/9/0/0/0,23423:1747647667487:,1747647681543
counter/8/0/0/0,20736:1747647665647:,1747647681543
counter/9/0/0/0,23424:1747647667487:,1747647681543
counter/8/0/0/0,20737:1747647665647:,1747647681543
counter/9/0/0/0,23425:1747647667489:,1747647681543
counter/8/0/0/0,20738:1747647665647:,1747647681543
counter/9/0/0/0,23426:1747647667491:,1747647681543
counter/8/0/0/0,20739:1747647665647:,1747647681543
counter/9/0/0/0,23427:1747647667492:,1747647681543
counter/8/0/0/0,20740:1747647665647:,1747647681543
counter/9/0/0/0,23428:1747647667492:,1747647681543
counter/8/0/0/0,20741:1747647665647:,1747647681543
counter/9/0/0/0,23429:1747647667492:,1747647681543
counter/8/0/0/0,20742:1747647665647:,1747647681543
counter/9/0/0/0,23430:1747647667492:,1747647681543
counter/8/0/0/0,20743:1747647665647:,1747647681543
counter/9/0/0/0,23431:1747647667492:,1747647681543
counter/8/0/0/0,20744:1747647665647:,1747647681543
counter/9/0/0/0,23432:1747647667492:,1747647681543
counter/8/0/0/0,20745:1747647665648:,1747647681544
counter/9/0/0/0,23433:1747647667492:,1747647681544
counter/8/0/0/0,20746:1747647665648:,1747647681544
counter/9/0/0/0,23434:1747647667493:,1747647681544
counter/8/0/0/0,20747:1747647665648:,1747647681544
counter/9/0/0/0,23435:1747647667493:,1747647681544
counter/8/0/0/0,20748:1747647665648:,1747647681544
counter/9/0/0/0,23436:1747647667493:,1747647681544
counter/8/0/0/0,20749:1747647665648:,1747647681544
counter/9/0/0/0,23437:1747647667493:,1747647681544
counter/8/0/0/0,20750:1747647665648:,1747647681544
counter/6/0/0/0,17478:1747647664697:,1747647681544
counter/9/0/0/0,23438:1747647667493:,1747647681544
counter/8/0/0/0,20751:1747647665648:,1747647681544
counter/1/0/0/0,18838:1747647665381:,1747647681544
counter/9/0/0/0,23439:1747647667495:,1747647681544
counter/8/0/0/0,20752:1747647665661:,1747647681544
counter/7/0/0/0,16948:1747647663049:,1747647681544
counter/9/0/0/0,23440:1747647667506:,1747647681544
counter/8/0/0/0,20753:1747647665661:,1747647681544
counter/5/0/0/0,20433:1747647665982:,1747647681544
counter/4/0/0/0,17594:1747647665105:,1747647681544
counter/9/0/0/0,23441:1747647667506:,1747647681544
counter/8/0/0/0,20754:1747647665661:,1747647681544
counter/10/0/0/0,18365:1747647664436:,1747647681544
counter/9/0/0/0,23442:1747647667506:,1747647681544
counter/8/0/0/0,20755:1747647665661:,1747647681544
counter/9/0/0/0,23443:1747647667506:,1747647681544
counter/8/0/0/0,20756:1747647665661:,1747647681544
counter/6/0/0/0,17479:1747647664697:,1747647681544
counter/1/0/0/0,18839:1747647665381:,1747647681544
counter/9/0/0/0,23444:1747647667506:,1747647681544
counter/8/0/0/0,20757:1747647665661:,1747647681544
counter/7/0/0/0,16949:1747647663051:,1747647681544
counter/9/0/0/0,23445:1747647667506:,1747647681544
counter/8/0/0/0,20758:1747647665661:,1747647681545
counter/5/0/0/0,20434:1747647665982:,1747647681545
counter/4/0/0/0,17595:1747647665105:,1747647681545
counter/9/0/0/0,23446:1747647667506:,1747647681545
counter/8/0/0/0,20759:1747647665661:,1747647681545
counter/4/0/0/0,17596:1747647665105:,1747647681545
counter/9/0/0/0,23447:1747647667506:,1747647681545
counter/8/0/0/0,20760:1747647665661:,1747647681545
counter/4/0/0/0,17597:1747647665105:,1747647681545
counter/9/0/0/0,23448:1747647667506:,1747647681545
counter/8/0/0/0,20761:1747647665661:,1747647681545
counter/4/0/0/0,17598:1747647665109:,1747647681545
counter/9/0/0/0,23449:1747647667506:,1747647681545
counter/8/0/0/0,20762:1747647665661:,1747647681545
counter/4/0/0/0,17599:1747647665119:,1747647681545
counter/9/0/0/0,23450:1747647667506:,1747647681545
counter/8/0/0/0,20763:1747647665662:,1747647681545
counter/4/0/0/0,17600:1747647665119:,1747647681545
counter/9/0/0/0,23451:1747647667526:,1747647681545
counter/8/0/0/0,20764:1747647665662:,1747647681545
counter/4/0/0/0,17601:1747647665119:,1747647681545
counter/9/0/0/0,23452:1747647667526:,1747647681545
counter/8/0/0/0,20765:1747647665662:,1747647681545
counter/4/0/0/0,17602:1747647665119:,1747647681545
counter/9/0/0/0,23453:1747647667526:,1747647681545
counter/8/0/0/0,20766:1747647665662:,1747647681545
counter/4/0/0/0,17603:1747647665119:,1747647681545
counter/9/0/0/0,23454:1747647667526:,1747647681545
counter/8/0/0/0,20767:1747647665662:,1747647681545
counter/4/0/0/0,17604:1747647665119:,1747647681545
counter/9/0/0/0,23455:1747647667526:,1747647681545
counter/8/0/0/0,20768:1747647665662:,1747647681545
counter/4/0/0/0,17605:1747647665119:,1747647681545
counter/6/0/0/0,17480:1747647664697:,1747647681545
counter/9/0/0/0,23456:1747647667528:,1747647681545
counter/8/0/0/0,20769:1747647665662:,1747647681545
counter/4/0/0/0,17606:1747647665119:,1747647681545
counter/10/0/0/0,18366:1747647664436:,1747647681545
counter/9/0/0/0,23457:1747647667528:,1747647681545
counter/8/0/0/0,20770:1747647665662:,1747647681545
counter/4/0/0/0,17607:1747647665119:,1747647681545
counter/3/0/0/0,17900:1747647664718:,1747647681545
counter/9/0/0/0,23458:1747647667528:,1747647681545
counter/8/0/0/0,20771:1747647665662:,1747647681545
counter/4/0/0/0,17608:1747647665120:,1747647681545
counter/9/0/0/0,23459:1747647667528:,1747647681546
counter/8/0/0/0,20772:1747647665662:,1747647681546
counter/4/0/0/0,17609:1747647665120:,1747647681546
counter/9/0/0/0,23460:1747647667528:,1747647681546
counter/8/0/0/0,20773:1747647665662:,1747647681546
counter/4/0/0/0,17610:1747647665120:,1747647681546
counter/9/0/0/0,23461:1747647667528:,1747647681546
counter/8/0/0/0,20774:1747647665662:,1747647681546
counter/4/0/0/0,17611:1747647665120:,1747647681546
counter/9/0/0/0,23462:1747647667528:,1747647681546
counter/8/0/0/0,20775:1747647665662:,1747647681546
counter/4/0/0/0,17612:1747647665120:,1747647681546
counter/9/0/0/0,23463:1747647667528:,1747647681546
counter/8/0/0/0,20776:1747647665662:,1747647681546
counter/4/0/0/0,17613:1747647665120:,1747647681546
counter/9/0/0/0,23464:1747647667528:,1747647681546
counter/8/0/0/0,20777:1747647665663:,1747647681546
counter/4/0/0/0,17614:1747647665120:,1747647681546
counter/9/0/0/0,23465:1747647667530:,1747647681546
counter/8/0/0/0,20778:1747647665663:,1747647681546
counter/4/0/0/0,17615:1747647665120:,1747647681546
counter/9/0/0/0,23466:1747647667530:,1747647681546
counter/8/0/0/0,20779:1747647665663:,1747647681546
counter/4/0/0/0,17616:1747647665120:,1747647681546
counter/9/0/0/0,23467:1747647667530:,1747647681546
counter/8/0/0/0,20780:1747647665663:,1747647681546
counter/4/0/0/0,17617:1747647665120:,1747647681546
counter/9/0/0/0,23468:1747647667530:,1747647681546
counter/8/0/0/0,20781:1747647665663:,1747647681546
counter/4/0/0/0,17618:1747647665120:,1747647681546
counter/9/0/0/0,23469:1747647667530:,1747647681546
counter/8/0/0/0,20782:1747647665663:,1747647681546
counter/4/0/0/0,17619:1747647665120:,1747647681546
counter/9/0/0/0,23470:1747647667530:,1747647681546
counter/8/0/0/0,20783:1747647665663:,1747647681546
counter/4/0/0/0,17620:1747647665120:,1747647681546
counter/9/0/0/0,23471:1747647667530:,1747647681546
counter/8/0/0/0,20784:1747647665663:,1747647681546
counter/4/0/0/0,17621:1747647665120:,1747647681547
counter/9/0/0/0,23472:1747647667530:,1747647681547
counter/8/0/0/0,20785:1747647665663:,1747647681547
counter/4/0/0/0,17622:1747647665120:,1747647681547
counter/9/0/0/0,23473:1747647667530:,1747647681547
counter/8/0/0/0,20786:1747647665663:,1747647681547
counter/4/0/0/0,17623:1747647665120:,1747647681547
counter/9/0/0/0,23474:1747647667531:,1747647681547
counter/8/0/0/0,20787:1747647665664:,1747647681547
counter/4/0/0/0,17624:1747647665120:,1747647681547
counter/9/0/0/0,23475:1747647667531:,1747647681547
counter/8/0/0/0,20788:1747647665664:,1747647681547
counter/4/0/0/0,17625:1747647665120:,1747647681547
counter/9/0/0/0,23476:1747647667533:,1747647681547
counter/8/0/0/0,20789:1747647665664:,1747647681547
counter/4/0/0/0,17626:1747647665120:,1747647681547
counter/9/0/0/0,23477:1747647667533:,1747647681547
counter/8/0/0/0,20790:1747647665665:,1747647681547
counter/4/0/0/0,17627:1747647665120:,1747647681547
counter/9/0/0/0,23478:1747647667546:,1747647681547
counter/8/0/0/0,20791:1747647665665:,1747647681547
counter/9/0/0/0,23479:1747647667550:,1747647681547
counter/8/0/0/0,20792:1747647665665:,1747647681547
counter/9/0/0/0,23480:1747647667550:,1747647681547
counter/8/0/0/0,20793:1747647665665:,1747647681547
counter/9/0/0/0,23481:1747647667550:,1747647681547
counter/8/0/0/0,20794:1747647665665:,1747647681547
counter/9/0/0/0,23482:1747647667550:,1747647681547
counter/8/0/0/0,20795:1747647665665:,1747647681547
counter/9/0/0/0,23483:1747647667550:,1747647681547
counter/8/0/0/0,20796:1747647665665:,1747647681547
counter/9/0/0/0,23484:1747647667550:,1747647681547
counter/8/0/0/0,20797:1747647665665:,1747647681547
counter/9/0/0/0,23485:1747647667551:,1747647681547
counter/8/0/0/0,20798:1747647665665:,1747647681547
counter/1/0/0/0,18840:1747647665381:,1747647681547
counter/9/0/0/0,23486:1747647667551:,1747647681547
counter/8/0/0/0,20799:1747647665665:,1747647681547
counter/6/0/0/0,17481:1747647664699:,1747647681547
counter/3/0/0/0,17901:1747647664718:,1747647681547
counter/9/0/0/0,23487:1747647667551:,1747647681547
counter/8/0/0/0,20800:1747647665665:,1747647681548
counter/9/0/0/0,23488:1747647667562:,1747647681548
counter/8/0/0/0,20801:1747647665665:,1747647681548
counter/9/0/0/0,23489:1747647667562:,1747647681548
counter/8/0/0/0,20802:1747647665665:,1747647681548
counter/9/0/0/0,23490:1747647667562:,1747647681548
counter/8/0/0/0,20803:1747647665666:,1747647681548
counter/9/0/0/0,23491:1747647667562:,1747647681548
counter/8/0/0/0,20804:1747647665666:,1747647681548
counter/9/0/0/0,23492:1747647667562:,1747647681548
counter/8/0/0/0,20805:1747647665666:,1747647681548
counter/9/0/0/0,23493:1747647667562:,1747647681548
counter/8/0/0/0,20806:1747647665666:,1747647681548
counter/9/0/0/0,23494:1747647667562:,1747647681548
counter/8/0/0/0,20807:1747647665666:,1747647681548
counter/9/0/0/0,23495:1747647667562:,1747647681548
counter/8/0/0/0,20808:1747647665666:,1747647681548
counter/9/0/0/0,23496:1747647667562:,1747647681548
counter/8/0/0/0,20809:1747647665666:,1747647681548
counter/9/0/0/0,23497:1747647667562:,1747647681548
counter/8/0/0/0,20810:1747647665666:,1747647681548
counter/9/0/0/0,23498:1747647667562:,1747647681548
counter/8/0/0/0,20811:1747647665666:,1747647681548
counter/9/0/0/0,23499:1747647667562:,1747647681548
counter/8/0/0/0,20812:1747647665666:,1747647681548
counter/9/0/0/0,23500:1747647667562:,1747647681548
counter/8/0/0/0,20813:1747647665666:,1747647681548
counter/9/0/0/0,23501:1747647667562:,1747647681548
counter/8/0/0/0,20814:1747647665666:,1747647681548
counter/9/0/0/0,23502:1747647667563:,1747647681548
counter/8/0/0/0,20815:1747647665667:,1747647681548
counter/9/0/0/0,23503:1747647667563:,1747647681548
counter/8/0/0/0,20816:1747647665667:,1747647681548
counter/9/0/0/0,23504:1747647667563:,1747647681548
counter/8/0/0/0,20817:1747647665667:,1747647681548
counter/9/0/0/0,23505:1747647667563:,1747647681548
counter/8/0/0/0,20818:1747647665667:,1747647681548
counter/9/0/0/0,23506:1747647667563:,1747647681548
counter/8/0/0/0,20819:1747647665667:,1747647681548
counter/9/0/0/0,23507:1747647667563:,1747647681548
counter/8/0/0/0,20820:1747647665667:,1747647681548
counter/9/0/0/0,23508:1747647667563:,1747647681548
counter/8/0/0/0,20821:1747647665668:,1747647681549
counter/9/0/0/0,23509:1747647667563:,1747647681549
counter/8/0/0/0,20822:1747647665668:,1747647681549
counter/9/0/0/0,23510:1747647667563:,1747647681549
counter/8/0/0/0,20823:1747647665668:,1747647681549
counter/9/0/0/0,23511:1747647667563:,1747647681549
counter/8/0/0/0,20824:1747647665668:,1747647681549
counter/9/0/0/0,23512:1747647667563:,1747647681549
counter/8/0/0/0,20825:1747647665668:,1747647681549
counter/9/0/0/0,23513:1747647667563:,1747647681549
counter/8/0/0/0,20826:1747647665668:,1747647681549
counter/9/0/0/0,23514:1747647667563:,1747647681549
counter/8/0/0/0,20827:1747647665671:,1747647681549
counter/9/0/0/0,23515:1747647667563:,1747647681549
counter/8/0/0/0,20828:1747647665671:,1747647681549
counter/9/0/0/0,23516:1747647667563:,1747647681549
counter/8/0/0/0,20829:1747647665671:,1747647681549
counter/9/0/0/0,23517:1747647667563:,1747647681549
counter/8/0/0/0,20830:1747647665671:,1747647681549
counter/9/0/0/0,23518:1747647667563:,1747647681549
counter/8/0/0/0,20831:1747647665671:,1747647681549
counter/9/0/0/0,23519:1747647667563:,1747647681549
counter/8/0/0/0,20832:1747647665671:,1747647681549
counter/9/0/0/0,23520:1747647667563:,1747647681549
counter/8/0/0/0,20833:1747647665671:,1747647681549
counter/9/0/0/0,23521:1747647667564:,1747647681549
counter/8/0/0/0,20834:1747647665672:,1747647681549
counter/9/0/0/0,23522:1747647667564:,1747647681549
counter/8/0/0/0,20835:1747647665685:,1747647681549
counter/9/0/0/0,23523:1747647667565:,1747647681549
counter/8/0/0/0,20836:1747647665685:,1747647681549
counter/9/0/0/0,23524:1747647667565:,1747647681549
counter/8/0/0/0,20837:1747647665685:,1747647681549
counter/9/0/0/0,23525:1747647667565:,1747647681549
counter/8/0/0/0,20838:1747647665685:,1747647681549
counter/9/0/0/0,23526:1747647667565:,1747647681549
counter/8/0/0/0,20839:1747647665685:,1747647681549
counter/9/0/0/0,23527:1747647667565:,1747647681549
counter/8/0/0/0,20840:1747647665685:,1747647681549
counter/9/0/0/0,23528:1747647667565:,1747647681549
counter/8/0/0/0,20841:1747647665685:,1747647681549
counter/9/0/0/0,23529:1747647667565:,1747647681549
counter/8/0/0/0,20842:1747647665685:,1747647681549
counter/9/0/0/0,23530:1747647667565:,1747647681549
counter/8/0/0/0,20843:1747647665685:,1747647681549
counter/9/0/0/0,23531:1747647667565:,1747647681549
counter/8/0/0/0,20844:1747647665685:,1747647681549
counter/9/0/0/0,23532:1747647667565:,1747647681550
counter/8/0/0/0,20845:1747647665685:,1747647681550
counter/9/0/0/0,23533:1747647667565:,1747647681550
counter/8/0/0/0,20846:1747647665685:,1747647681550
counter/9/0/0/0,23534:1747647667565:,1747647681550
counter/8/0/0/0,20847:1747647665685:,1747647681550
counter/9/0/0/0,23535:1747647667565:,1747647681550
counter/8/0/0/0,20848:1747647665685:,1747647681550
counter/9/0/0/0,23536:1747647667566:,1747647681550
counter/8/0/0/0,20849:1747647665685:,1747647681550
counter/9/0/0/0,23537:1747647667576:,1747647681550
counter/8/0/0/0,20850:1747647665685:,1747647681550
counter/9/0/0/0,23538:1747647667577:,1747647681550
counter/8/0/0/0,20851:1747647665686:,1747647681550
counter/9/0/0/0,23539:1747647667577:,1747647681550
counter/8/0/0/0,20852:1747647665686:,1747647681550
counter/9/0/0/0,23540:1747647667577:,1747647681550
counter/8/0/0/0,20853:1747647665686:,1747647681550
counter/9/0/0/0,23541:1747647667578:,1747647681550
counter/8/0/0/0,20854:1747647665686:,1747647681550
counter/9/0/0/0,23542:1747647667584:,1747647681550
counter/8/0/0/0,20855:1747647665686:,1747647681550
counter/9/0/0/0,23543:1747647667584:,1747647681550
counter/9/0/0/0,23544:1747647667584:,1747647681550
counter/9/0/0/0,23545:1747647667584:,1747647681550
counter/9/0/0/0,23546:1747647667584:,1747647681550
counter/9/0/0/0,23547:1747647667584:,1747647681550
counter/9/0/0/0,23548:1747647667584:,1747647681550
counter/9/0/0/0,23549:1747647667584:,1747647681550
counter/9/0/0/0,23550:1747647667584:,1747647681550
counter/9/0/0/0,23551:1747647667584:,1747647681550
counter/9/0/0/0,23552:1747647667584:,1747647681550
counter/9/0/0/0,23553:1747647667591:,1747647681550
counter/9/0/0/0,23554:1747647667591:,1747647681550
counter/9/0/0/0,23555:1747647667591:,1747647681550
counter/9/0/0/0,23556:1747647667610:,1747647681550
counter/9/0/0/0,23557:1747647667610:,1747647681550
counter/9/0/0/0,23558:1747647667610:,1747647681550
counter/9/0/0/0,23559:1747647667610:,1747647681550
counter/9/0/0/0,23560:1747647667610:,1747647681550
counter/9/0/0/0,23561:1747647667610:,1747647681550
counter/9/0/0/0,23562:1747647667610:,1747647681550
counter/9/0/0/0,23563:1747647667610:,1747647681550
counter/9/0/0/0,23564:1747647667610:,1747647681550
counter/9/0/0/0,23565:1747647667619:,1747647681551
counter/9/0/0/0,23566:1747647667619:,1747647681551
counter/9/0/0/0,23567:1747647667619:,1747647681551
counter/9/0/0/0,23568:1747647667619:,1747647681551
counter/9/0/0/0,23569:1747647667619:,1747647681551
counter/9/0/0/0,23570:1747647667619:,1747647681551
counter/9/0/0/0,23571:1747647667619:,1747647681551
counter/9/0/0/0,23572:1747647667619:,1747647681551
counter/9/0/0/0,23573:1747647667619:,1747647681551
counter/9/0/0/0,23574:1747647667619:,1747647681551
counter/9/0/0/0,23575:1747647667619:,1747647681551
counter/9/0/0/0,23576:1747647667619:,1747647681551
counter/9/0/0/0,23577:1747647667638:,1747647681551
counter/9/0/0/0,23578:1747647667638:,1747647681551
counter/9/0/0/0,23579:1747647667638:,1747647681551
counter/9/0/0/0,23580:1747647667638:,1747647681551
counter/9/0/0/0,23581:1747647667638:,1747647681551
counter/9/0/0/0,23582:1747647667638:,1747647681551
counter/9/0/0/0,23583:1747647667638:,1747647681551
counter/9/0/0/0,23584:1747647667638:,1747647681551
counter/9/0/0/0,23585:1747647667638:,1747647681551
counter/9/0/0/0,23586:1747647667638:,1747647681551
counter/9/0/0/0,23587:1747647667638:,1747647681551
counter/9/0/0/0,23588:1747647667638:,1747647681551
counter/9/0/0/0,23589:1747647667640:,1747647681551
counter/9/0/0/0,23590:1747647667640:,1747647681551
counter/9/0/0/0,23591:1747647667640:,1747647681551
counter/9/0/0/0,23592:1747647667640:,1747647681551
counter/9/0/0/0,23593:1747647667640:,1747647681551
counter/9/0/0/0,23594:1747647667643:,1747647681551
counter/9/0/0/0,23595:1747647667643:,1747647681551
counter/9/0/0/0,23596:1747647667643:,1747647681551
counter/9/0/0/0,23597:1747647667643:,1747647681551
counter/9/0/0/0,23598:1747647667644:,1747647681551
counter/9/0/0/0,23599:1747647667644:,1747647681551
counter/9/0/0/0,23600:1747647667644:,1747647681551
counter/9/0/0/0,23601:1747647667644:,1747647681551
counter/9/0/0/0,23602:1747647667644:,1747647681551
counter/9/0/0/0,23603:1747647667662:,1747647681551
counter/9/0/0/0,23604:1747647667662:,1747647681551
counter/9/0/0/0,23605:1747647667663:,1747647681551
counter/9/0/0/0,23606:1747647667663:,1747647681551
counter/9/0/0/0,23607:1747647667663:,1747647681551
counter/9/0/0/0,23608:1747647667663:,1747647681551
counter/9/0/0/0,23609:1747647667663:,1747647681551
counter/9/0/0/0,23610:1747647667663:,1747647681551
counter/9/0/0/0,23611:1747647667663:,1747647681552
counter/9/0/0/0,23612:1747647667663:,1747647681552
counter/9/0/0/0,23613:1747647667663:,1747647681552
counter/9/0/0/0,23614:1747647667664:,1747647681552
counter/9/0/0/0,23615:1747647667664:,1747647681552
counter/9/0/0/0,23616:1747647667664:,1747647681552
counter/9/0/0/0,23617:1747647667664:,1747647681552
counter/9/0/0/0,23618:1747647667664:,1747647681552
counter/9/0/0/0,23619:1747647667664:,1747647681552
counter/9/0/0/0,23620:1747647667664:,1747647681552
counter/9/0/0/0,23621:1747647667664:,1747647681552
counter/9/0/0/0,23622:1747647667664:,1747647681552
counter/9/0/0/0,23623:1747647667664:,1747647681552
counter/9/0/0/0,23624:1747647667664:,1747647681552
counter/9/0/0/0,23625:1747647667664:,1747647681552
counter/9/0/0/0,23626:1747647667664:,1747647681552
counter/9/0/0/0,23627:1747647667702:,1747647681552
counter/9/0/0/0,23628:1747647667702:,1747647681552
counter/9/0/0/0,23629:1747647667702:,1747647681552
counter/9/0/0/0,23630:1747647667702:,1747647681552
counter/9/0/0/0,23631:1747647667702:,1747647681552
counter/9/0/0/0,23632:1747647667702:,1747647681552
counter/9/0/0/0,23633:1747647667702:,1747647681552
counter/9/0/0/0,23634:1747647667702:,1747647681552
counter/9/0/0/0,23635:1747647667702:,1747647681552
counter/9/0/0/0,23636:1747647667702:,1747647681552
counter/9/0/0/0,23637:1747647667705:,1747647681552
counter/9/0/0/0,23638:1747647667705:,1747647681552
counter/9/0/0/0,23639:1747647667705:,1747647681552
counter/9/0/0/0,23640:1747647667705:,1747647681552
counter/9/0/0/0,23641:1747647667705:,1747647681552
counter/9/0/0/0,23642:1747647667705:,1747647681552
counter/9/0/0/0,23643:1747647667705:,1747647681552
counter/9/0/0/0,23644:1747647667716:,1747647681552
counter/9/0/0/0,23645:1747647667717:,1747647681552
counter/9/0/0/0,23646:1747647667717:,1747647681552
counter/9/0/0/0,23647:1747647667717:,1747647681552
counter/9/0/0/0,23648:1747647667717:,1747647681552
counter/9/0/0/0,23649:1747647667717:,1747647681552
counter/9/0/0/0,23650:1747647667717:,1747647681552
counter/9/0/0/0,23651:1747647667717:,1747647681552
counter/9/0/0/0,23652:1747647667717:,1747647681552
counter/9/0/0/0,23653:1747647667717:,1747647681552
counter/9/0/0/0,23654:1747647667717:,1747647681553
counter/9/0/0/0,23655:1747647667717:,1747647681553
counter/9/0/0/0,23656:1747647667724:,1747647681553
counter/9/0/0/0,23657:1747647667724:,1747647681553
counter/9/0/0/0,23658:1747647667724:,1747647681553
counter/9/0/0/0,23659:1747647667724:,1747647681553
counter/9/0/0/0,23660:1747647667724:,1747647681553
counter/9/0/0/0,23661:1747647667724:,1747647681553
counter/9/0/0/0,23662:1747647667724:,1747647681553
counter/9/0/0/0,23663:1747647667724:,1747647681553
counter/9/0/0/0,23664:1747647667724:,1747647681553
counter/9/0/0/0,23665:1747647667724:,1747647681553
counter/9/0/0/0,23666:1747647667724:,1747647681553
counter/9/0/0/0,23667:1747647667724:,1747647681553
counter/9/0/0/0,23668:1747647667724:,1747647681553
counter/9/0/0/0,23669:1747647667726:,1747647681553
counter/9/0/0/0,23670:1747647667726:,1747647681553
counter/9/0/0/0,23671:1747647667726:,1747647681553
counter/9/0/0/0,23672:1747647667728:,1747647681553
counter/9/0/0/0,23673:1747647667729:,1747647681553
counter/9/0/0/0,23674:1747647667729:,1747647681553
counter/9/0/0/0,23675:1747647667729:,1747647681553
counter/9/0/0/0,23676:1747647667729:,1747647681553
counter/9/0/0/0,23677:1747647667729:,1747647681553
counter/9/0/0/0,23678:1747647667729:,1747647681553
counter/9/0/0/0,23679:1747647667729:,1747647681553
counter/9/0/0/0,23680:1747647667729:,1747647681553
counter/9/0/0/0,23681:1747647667729:,1747647681553
counter/9/0/0/0,23682:1747647667729:,1747647681553
counter/9/0/0/0,23683:1747647667729:,1747647681553
counter/9/0/0/0,23684:1747647667729:,1747647681553
counter/9/0/0/0,23685:1747647667729:,1747647681553
counter/9/0/0/0,23686:1747647667729:,1747647681553
counter/9/0/0/0,23687:1747647667729:,1747647681553
counter/9/0/0/0,23688:1747647667733:,1747647681553
counter/9/0/0/0,23689:1747647667735:,1747647681553
counter/9/0/0/0,23690:1747647667744:,1747647681553
counter/9/0/0/0,23691:1747647667744:,1747647681554
counter/9/0/0/0,23692:1747647667744:,1747647681554
counter/9/0/0/0,23693:1747647667744:,1747647681554
counter/9/0/0/0,23694:1747647667744:,1747647681554
counter/9/0/0/0,23695:1747647667744:,1747647681554
counter/9/0/0/0,23696:1747647667744:,1747647681554
counter/9/0/0/0,23697:1747647667744:,1747647681554
counter/9/0/0/0,23698:1747647667744:,1747647681554
counter/9/0/0/0,23699:1747647667744:,1747647681554
counter/9/0/0/0,23700:1747647667744:,1747647681554
counter/9/0/0/0,23701:1747647667744:,1747647681554
counter/9/0/0/0,23702:1747647667744:,1747647681554
counter/9/0/0/0,23703:1747647667744:,1747647681554
counter/9/0/0/0,23704:1747647667745:,1747647681554
counter/9/0/0/0,23705:1747647667746:,1747647681554
counter/9/0/0/0,23706:1747647667746:,1747647681554
counter/9/0/0/0,23707:1747647667746:,1747647681554
counter/9/0/0/0,23708:1747647667746:,1747647681554
counter/9/0/0/0,23709:1747647667746:,1747647681554
counter/9/0/0/0,23710:1747647667747:,1747647681554
counter/9/0/0/0,23711:1747647667747:,1747647681554
counter/9/0/0/0,23712:1747647667747:,1747647681554
counter/9/0/0/0,23713:1747647667747:,1747647681554
counter/9/0/0/0,23714:1747647667747:,1747647681554
counter/9/0/0/0,23715:1747647667747:,1747647681554
counter/9/0/0/0,23716:1747647667747:,1747647681554
counter/9/0/0/0,23717:1747647667747:,1747647681554
counter/9/0/0/0,23718:1747647667747:,1747647681554
counter/9/0/0/0,23719:1747647667750:,1747647681554
counter/9/0/0/0,23720:1747647667750:,1747647681554
counter/9/0/0/0,23721:1747647667750:,1747647681554
counter/9/0/0/0,23722:1747647667750:,1747647681554
counter/9/0/0/0,23723:1747647667750:,1747647681554
counter/9/0/0/0,23724:1747647667750:,1747647681554
counter/9/0/0/0,23725:1747647667750:,1747647681554
counter/9/0/0/0,23726:1747647667750:,1747647681554
counter/7/0/0/0,16950:1747647663051:,1747647681555
counter/9/0/0/0,23727:1747647667750:,1747647681555
counter/1/0/0/0,18841:1747647665381:,1747647681555
counter/9/0/0/0,23728:1747647667751:,1747647681555
counter/5/0/0/0,20435:1747647665982:,1747647681555
counter/10/0/0/0,18367:1747647664437:,1747647681555
counter/9/0/0/0,23729:1747647667752:,1747647681555
counter/8/0/0/0,20856:1747647665691:,1747647681555
counter/9/0/0/0,23730:1747647667752:,1747647681555
counter/4/0/0/0,17628:1747647665120:,1747647681555
counter/5/0/0/0,20436:1747647665982:,1747647681555
counter/9/0/0/0,23731:1747647667753:,1747647681555
counter/3/0/0/0,17902:1747647664719:,1747647681555
counter/9/0/0/0,23732:1747647667753:,1747647681555
counter/9/0/0/0,23733:1747647667753:,1747647681555
counter/9/0/0/0,23734:1747647667753:,1747647681555
counter/9/0/0/0,23735:1747647667753:,1747647681555
counter/9/0/0/0,23736:1747647667753:,1747647681555
counter/9/0/0/0,23737:1747647667753:,1747647681555
counter/9/0/0/0,23738:1747647667753:,1747647681555
counter/9/0/0/0,23739:1747647667753:,1747647681555
counter/9/0/0/0,23740:1747647667753:,1747647681555
counter/9/0/0/0,23741:1747647667753:,1747647681555
counter/9/0/0/0,23742:1747647667761:,1747647681555
counter/9/0/0/0,23743:1747647667769:,1747647681555
counter/9/0/0/0,23744:1747647667769:,1747647681555
counter/9/0/0/0,23745:1747647667769:,1747647681555
counter/9/0/0/0,23746:1747647667769:,1747647681555
counter/9/0/0/0,23747:1747647667769:,1747647681555
counter/9/0/0/0,23748:1747647667769:,1747647681555
counter/10/0/0/0,18368:1747647664437:,1747647681555
counter/9/0/0/0,23749:1747647667769:,1747647681555
counter/6/0/0/0,17482:1747647664703:,1747647681555
counter/9/0/0/0,23750:1747647667769:,1747647681555
counter/8/0/0/0,20857:1747647665691:,1747647681555
counter/4/0/0/0,17629:1747647665120:,1747647681555
counter/9/0/0/0,23751:1747647667770:,1747647681555
counter/5/0/0/0,20437:1747647665982:,1747647681556
counter/7/0/0/0,16951:1747647663051:,1747647681556
counter/9/0/0/0,23752:1747647667770:,1747647681556
counter/3/0/0/0,17903:1747647664719:,1747647681556
counter/9/0/0/0,23753:1747647667770:,1747647681556
counter/9/0/0/0,23754:1747647667770:,1747647681556
counter/9/0/0/0,23755:1747647667770:,1747647681556
counter/9/0/0/0,23756:1747647667770:,1747647681556
counter/9/0/0/0,23757:1747647667770:,1747647681556
counter/9/0/0/0,23758:1747647667770:,1747647681556
counter/9/0/0/0,23759:1747647667770:,1747647681556
counter/9/0/0/0,23760:1747647667770:,1747647681556
counter/9/0/0/0,23761:1747647667770:,1747647681556
counter/9/0/0/0,23762:1747647667770:,1747647681556
counter/9/0/0/0,23763:1747647667770:,1747647681556
counter/9/0/0/0,23764:1747647667773:,1747647681556
counter/5/0/0/0,20438:1747647665982:,1747647681556
counter/9/0/0/0,23765:1747647667773:,1747647681556
counter/7/0/0/0,16952:1747647663051:,1747647681556
counter/9/0/0/0,23766:1747647667773:,1747647681556
counter/1/0/0/0,18842:1747647665381:,1747647681556
counter/9/0/0/0,23767:1747647667773:,1747647681556
counter/3/0/0/0,17904:1747647664722:,1747647681556
counter/6/0/0/0,17483:1747647664703:,1747647681556
counter/9/0/0/0,23768:1747647667773:,1747647681556
counter/8/0/0/0,20858:1747647665691:,1747647681556
counter/4/0/0/0,17630:1747647665120:,1747647681556
counter/9/0/0/0,23769:1747647667773:,1747647681556
counter/9/0/0/0,23770:1747647667773:,1747647681556
counter/9/0/0/0,23771:1747647667775:,1747647681556
counter/9/0/0/0,23772:1747647667775:,1747647681556
counter/9/0/0/0,23773:1747647667775:,1747647681556
counter/9/0/0/0,23774:1747647667775:,1747647681556
counter/9/0/0/0,23775:1747647667776:,1747647681556
counter/9/0/0/0,23776:1747647667778:,1747647681556
counter/9/0/0/0,23777:1747647667778:,1747647681556
counter/9/0/0/0,23778:1747647667778:,1747647681556
counter/9/0/0/0,23779:1747647667778:,1747647681556
counter/9/0/0/0,23780:1747647667778:,1747647681556
counter/9/0/0/0,23781:1747647667792:,1747647681557
counter/9/0/0/0,23782:1747647667792:,1747647681557
counter/9/0/0/0,23783:1747647667792:,1747647681557
counter/9/0/0/0,23784:1747647667792:,1747647681557
counter/9/0/0/0,23785:1747647667792:,1747647681557
counter/9/0/0/0,23786:1747647667792:,1747647681557
counter/5/0/0/0,20439:1747647665982:,1747647681557
counter/9/0/0/0,23787:1747647667792:,1747647681557
counter/7/0/0/0,16953:1747647663051:,1747647681557
counter/9/0/0/0,23788:1747647667792:,1747647681557
counter/3/0/0/0,17905:1747647664722:,1747647681557
counter/9/0/0/0,23789:1747647667792:,1747647681557
counter/6/0/0/0,17484:1747647664703:,1747647681557
counter/4/0/0/0,17631:1747647665121:,1747647681557
counter/9/0/0/0,23790:1747647667793:,1747647681557
counter/10/0/0/0,18369:1747647664437:,1747647681557
counter/8/0/0/0,20859:1747647665691:,1747647681557
counter/9/0/0/0,23791:1747647667794:,1747647681557
counter/9/0/0/0,23792:1747647667794:,1747647681557
counter/9/0/0/0,23793:1747647667794:,1747647681557
counter/9/0/0/0,23794:1747647667794:,1747647681557
counter/9/0/0/0,23795:1747647667794:,1747647681557
counter/6/0/0/0,17485:1747647664711:,1747647681557
counter/9/0/0/0,23796:1747647667794:,1747647681557
counter/4/0/0/0,17632:1747647665121:,1747647681557
counter/9/0/0/0,23797:1747647667794:,1747647681557
counter/10/0/0/0,18370:1747647664437:,1747647681557
counter/8/0/0/0,20860:1747647665691:,1747647681557
counter/9/0/0/0,23798:1747647667803:,1747647681557
counter/1/0/0/0,18843:1747647665381:,1747647681557
counter/5/0/0/0,20440:1747647665982:,1747647681557
counter/9/0/0/0,23799:1747647667804:,1747647681557
counter/7/0/0/0,16954:1747647663052:,1747647681557
counter/9/0/0/0,23800:1747647667804:,1747647681557
counter/9/0/0/0,23801:1747647667804:,1747647681557
counter/9/0/0/0,23802:1747647667804:,1747647681557
counter/9/0/0/0,23803:1747647667804:,1747647681557
counter/9/0/0/0,23804:1747647667804:,1747647681557
counter/9/0/0/0,23805:1747647667804:,1747647681557
counter/9/0/0/0,23806:1747647667804:,1747647681557
counter/9/0/0/0,23807:1747647667804:,1747647681557
counter/9/0/0/0,23808:1747647667804:,1747647681557
counter/9/0/0/0,23809:1747647667810:,1747647681557
counter/9/0/0/0,23810:1747647667824:,1747647681558
counter/9/0/0/0,23811:1747647667824:,1747647681558
counter/9/0/0/0,23812:1747647667824:,1747647681558
counter/9/0/0/0,23813:1747647667824:,1747647681558
counter/9/0/0/0,23814:1747647667824:,1747647681558
counter/9/0/0/0,23815:1747647667824:,1747647681558
counter/9/0/0/0,23816:1747647667824:,1747647681558
counter/9/0/0/0,23817:1747647667824:,1747647681558
counter/9/0/0/0,23818:1747647667824:,1747647681558
counter/9/0/0/0,23819:1747647667824:,1747647681558
counter/10/0/0/0,18371:1747647664437:,1747647681558
counter/9/0/0/0,23820:1747647667824:,1747647681558
counter/8/0/0/0,20861:1747647665691:,1747647681558
counter/9/0/0/0,23821:1747647667824:,1747647681558
counter/10/0/0/0,18372:1747647664437:,1747647681558
counter/5/0/0/0,20441:1747647665982:,1747647681558
counter/9/0/0/0,23822:1747647667824:,1747647681558
counter/3/0/0/0,17906:1747647664722:,1747647681558
counter/6/0/0/0,17486:1747647664711:,1747647681558
counter/9/0/0/0,23823:1747647667824:,1747647681558
counter/4/0/0/0,17633:1747647665121:,1747647681558
counter/9/0/0/0,23824:1747647667824:,1747647681558
counter/9/0/0/0,23825:1747647667824:,1747647681558
counter/9/0/0/0,23826:1747647667845:,1747647681558
counter/9/0/0/0,23827:1747647667845:,1747647681558
counter/9/0/0/0,23828:1747647667845:,1747647681558
counter/9/0/0/0,23829:1747647667845:,1747647681558
counter/9/0/0/0,23830:1747647667845:,1747647681558
counter/9/0/0/0,23831:1747647667845:,1747647681558
counter/9/0/0/0,23832:1747647667845:,1747647681558
counter/9/0/0/0,23833:1747647667845:,1747647681558
counter/9/0/0/0,23834:1747647667845:,1747647681558
counter/9/0/0/0,23835:1747647667848:,1747647681558
counter/9/0/0/0,23836:1747647667848:,1747647681558
counter/9/0/0/0,23837:1747647667848:,1747647681559
counter/9/0/0/0,23838:1747647667848:,1747647681559
counter/9/0/0/0,23839:1747647667848:,1747647681559
counter/9/0/0/0,23840:1747647667848:,1747647681559
counter/9/0/0/0,23841:1747647667848:,1747647681559
counter/9/0/0/0,23842:1747647667848:,1747647681559
counter/9/0/0/0,23843:1747647667848:,1747647681559
counter/9/0/0/0,23844:1747647667855:,1747647681559
counter/9/0/0/0,23845:1747647667855:,1747647681559
counter/9/0/0/0,23846:1747647667855:,1747647681559
counter/9/0/0/0,23847:1747647667855:,1747647681559
counter/9/0/0/0,23848:1747647667862:,1747647681559
counter/9/0/0/0,23849:1747647667893:,1747647681559
counter/9/0/0/0,23850:1747647667893:,1747647681559
counter/9/0/0/0,23851:1747647667894:,1747647681559
counter/9/0/0/0,23852:1747647667894:,1747647681559
counter/9/0/0/0,23853:1747647667894:,1747647681559
counter/9/0/0/0,23854:1747647667894:,1747647681559
counter/9/0/0/0,23855:1747647667894:,1747647681559
counter/9/0/0/0,23856:1747647667894:,1747647681559
counter/9/0/0/0,23857:1747647667894:,1747647681559
counter/9/0/0/0,23858:1747647667894:,1747647681559
counter/7/0/0/0,16955:1747647663052:,1747647681559
counter/9/0/0/0,23859:1747647667894:,1747647681559
counter/8/0/0/0,20862:1747647665691:,1747647681559
counter/9/0/0/0,23860:1747647667894:,1747647681559
counter/8/0/0/0,20863:1747647665691:,1747647681559
counter/9/0/0/0,23861:1747647667894:,1747647681559
counter/8/0/0/0,20864:1747647665691:,1747647681559
counter/9/0/0/0,23862:1747647667894:,1747647681559
counter/8/0/0/0,20865:1747647665691:,1747647681559
counter/4/0/0/0,17634:1747647665125:,1747647681559
counter/9/0/0/0,23863:1747647667894:,1747647681559
counter/8/0/0/0,20866:1747647665691:,1747647681559
counter/4/0/0/0,17635:1747647665126:,1747647681559
counter/9/0/0/0,23864:1747647667894:,1747647681559
counter/4/0/0/0,17636:1747647665126:,1747647681559
counter/9/0/0/0,23865:1747647667918:,1747647681559
counter/4/0/0/0,17637:1747647665127:,1747647681559
counter/9/0/0/0,23866:1747647667924:,1747647681559
counter/4/0/0/0,17638:1747647665127:,1747647681560
counter/9/0/0/0,23867:1747647667925:,1747647681560
counter/4/0/0/0,17639:1747647665129:,1747647681560
counter/9/0/0/0,23868:1747647667927:,1747647681560
counter/4/0/0/0,17640:1747647665129:,1747647681560
counter/9/0/0/0,23869:1747647667927:,1747647681560
counter/4/0/0/0,17641:1747647665129:,1747647681560
counter/9/0/0/0,23870:1747647667927:,1747647681560
counter/4/0/0/0,17642:1747647665129:,1747647681560
counter/9/0/0/0,23871:1747647667927:,1747647681560
counter/4/0/0/0,17643:1747647665129:,1747647681560
counter/9/0/0/0,23872:1747647667927:,1747647681560
counter/4/0/0/0,17644:1747647665135:,1747647681560
counter/9/0/0/0,23873:1747647667927:,1747647681560
counter/4/0/0/0,17645:1747647665135:,1747647681560
counter/9/0/0/0,23874:1747647667927:,1747647681560
counter/4/0/0/0,17646:1747647665135:,1747647681560
counter/9/0/0/0,23875:1747647667927:,1747647681560
counter/4/0/0/0,17647:1747647665135:,1747647681560
counter/9/0/0/0,23876:1747647667928:,1747647681560
counter/4/0/0/0,17648:1747647665135:,1747647681560
counter/9/0/0/0,23877:1747647667928:,1747647681560
counter/4/0/0/0,17649:1747647665135:,1747647681560
counter/9/0/0/0,23878:1747647667928:,1747647681560
counter/4/0/0/0,17650:1747647665135:,1747647681560
counter/9/0/0/0,23879:1747647667928:,1747647681560
counter/4/0/0/0,17651:1747647665135:,1747647681560
counter/9/0/0/0,23880:1747647667928:,1747647681560
counter/4/0/0/0,17652:1747647665137:,1747647681560
counter/9/0/0/0,23881:1747647667928:,1747647681560
counter/4/0/0/0,17653:1747647665137:,1747647681560
counter/9/0/0/0,23882:1747647667928:,1747647681560
counter/4/0/0/0,17654:1747647665137:,1747647681560
counter/9/0/0/0,23883:1747647667928:,1747647681560
counter/4/0/0/0,17655:1747647665137:,1747647681560
counter/9/0/0/0,23884:1747647667928:,1747647681560
counter/4/0/0/0,17656:1747647665137:,1747647681560
counter/9/0/0/0,23885:1747647667928:,1747647681560
counter/4/0/0/0,17657:1747647665137:,1747647681560
counter/9/0/0/0,23886:1747647667928:,1747647681560
counter/4/0/0/0,17658:1747647665139:,1747647681560
counter/9/0/0/0,23887:1747647667928:,1747647681560
counter/4/0/0/0,17659:1747647665139:,1747647681560
counter/9/0/0/0,23888:1747647667933:,1747647681560
counter/4/0/0/0,17660:1747647665139:,1747647681560
counter/9/0/0/0,23889:1747647667947:,1747647681560
counter/4/0/0/0,17661:1747647665139:,1747647681561
counter/9/0/0/0,23890:1747647667958:,1747647681561
counter/4/0/0/0,17662:1747647665139:,1747647681561
counter/9/0/0/0,23891:1747647667958:,1747647681561
counter/4/0/0/0,17663:1747647665139:,1747647681561
counter/9/0/0/0,23892:1747647667958:,1747647681561
counter/4/0/0/0,17664:1747647665139:,1747647681561
counter/9/0/0/0,23893:1747647667958:,1747647681561
counter/4/0/0/0,17665:1747647665139:,1747647681561
counter/9/0/0/0,23894:1747647667958:,1747647681561
counter/4/0/0/0,17666:1747647665139:,1747647681561
counter/9/0/0/0,23895:1747647667958:,1747647681561
counter/4/0/0/0,17667:1747647665140:,1747647681561
counter/9/0/0/0,23896:1747647667958:,1747647681561
counter/4/0/0/0,17668:1747647665140:,1747647681561
counter/9/0/0/0,23897:1747647667958:,1747647681561
counter/4/0/0/0,17669:1747647665144:,1747647681561
counter/9/0/0/0,23898:1747647667959:,1747647681561
counter/4/0/0/0,17670:1747647665144:,1747647681561
counter/9/0/0/0,23899:1747647667959:,1747647681561
counter/4/0/0/0,17671:1747647665144:,1747647681561
counter/9/0/0/0,23900:1747647667959:,1747647681561
counter/4/0/0/0,17672:1747647665144:,1747647681561
counter/9/0/0/0,23901:1747647667959:,1747647681561
counter/4/0/0/0,17673:1747647665144:,1747647681561
counter/9/0/0/0,23902:1747647667960:,1747647681561
counter/4/0/0/0,17674:1747647665144:,1747647681561
counter/9/0/0/0,23903:1747647667962:,1747647681561
counter/4/0/0/0,17675:1747647665144:,1747647681561
counter/9/0/0/0,23904:1747647667962:,1747647681561
counter/4/0/0/0,17676:1747647665144:,1747647681561
counter/9/0/0/0,23905:1747647667962:,1747647681561
counter/4/0/0/0,17677:1747647665144:,1747647681561
counter/9/0/0/0,23906:1747647667962:,1747647681561
counter/4/0/0/0,17678:1747647665149:,1747647681561
counter/9/0/0/0,23907:1747647667963:,1747647681561
counter/4/0/0/0,17679:1747647665150:,1747647681561
counter/9/0/0/0,23908:1747647667963:,1747647681561
counter/4/0/0/0,17680:1747647665150:,1747647681561
counter/9/0/0/0,23909:1747647667963:,1747647681561
counter/4/0/0/0,17681:1747647665150:,1747647681561
counter/9/0/0/0,23910:1747647667963:,1747647681562
counter/4/0/0/0,17682:1747647665150:,1747647681562
counter/9/0/0/0,23911:1747647667963:,1747647681562
counter/4/0/0/0,17683:1747647665150:,1747647681562
counter/9/0/0/0,23912:1747647667963:,1747647681562
counter/4/0/0/0,17684:1747647665150:,1747647681562
counter/9/0/0/0,23913:1747647667963:,1747647681562
counter/4/0/0/0,17685:1747647665150:,1747647681562
counter/9/0/0/0,23914:1747647667963:,1747647681562
counter/4/0/0/0,17686:1747647665150:,1747647681562
counter/9/0/0/0,23915:1747647667963:,1747647681562
counter/4/0/0/0,17687:1747647665150:,1747647681562
counter/9/0/0/0,23916:1747647667963:,1747647681562
counter/4/0/0/0,17688:1747647665150:,1747647681562
counter/9/0/0/0,23917:1747647667975:,1747647681562
counter/4/0/0/0,17689:1747647665150:,1747647681562
counter/9/0/0/0,23918:1747647667975:,1747647681562
counter/4/0/0/0,17690:1747647665150:,1747647681562
counter/9/0/0/0,23919:1747647667975:,1747647681562
counter/4/0/0/0,17691:1747647665150:,1747647681562
counter/9/0/0/0,23920:1747647667975:,1747647681562
counter/4/0/0/0,17692:1747647665154:,1747647681562
counter/9/0/0/0,23921:1747647667975:,1747647681562
counter/4/0/0/0,17693:1747647665154:,1747647681562
counter/9/0/0/0,23922:1747647667975:,1747647681562
counter/4/0/0/0,17694:1747647665154:,1747647681562
counter/9/0/0/0,23923:1747647667982:,1747647681562
counter/4/0/0/0,17695:1747647665154:,1747647681562
counter/9/0/0/0,23924:1747647667982:,1747647681562
counter/4/0/0/0,17696:1747647665154:,1747647681562
counter/9/0/0/0,23925:1747647667982:,1747647681562
counter/4/0/0/0,17697:1747647665154:,1747647681562
counter/9/0/0/0,23926:1747647667982:,1747647681562
counter/4/0/0/0,17698:1747647665154:,1747647681562
counter/9/0/0/0,23927:1747647667982:,1747647681562
counter/4/0/0/0,17699:1747647665154:,1747647681562
counter/9/0/0/0,23928:1747647667982:,1747647681562
counter/4/0/0/0,17700:1747647665160:,1747647681562
counter/9/0/0/0,23929:1747647667982:,1747647681562
counter/4/0/0/0,17701:1747647665161:,1747647681562
counter/9/0/0/0,23930:1747647667982:,1747647681562
counter/4/0/0/0,17702:1747647665161:,1747647681562
counter/9/0/0/0,23931:1747647667982:,1747647681562
counter/4/0/0/0,17703:1747647665161:,1747647681563
counter/9/0/0/0,23932:1747647667982:,1747647681563
counter/4/0/0/0,17704:1747647665161:,1747647681563
counter/9/0/0/0,23933:1747647667982:,1747647681563
counter/4/0/0/0,17705:1747647665161:,1747647681563
counter/9/0/0/0,23934:1747647667982:,1747647681563
counter/4/0/0/0,17706:1747647665161:,1747647681563
counter/9/0/0/0,23935:1747647667982:,1747647681563
counter/4/0/0/0,17707:1747647665161:,1747647681563
counter/9/0/0/0,23936:1747647667982:,1747647681563
counter/4/0/0/0,17708:1747647665161:,1747647681563
counter/9/0/0/0,23937:1747647667982:,1747647681563
counter/4/0/0/0,17709:1747647665161:,1747647681563
counter/9/0/0/0,23938:1747647667982:,1747647681563
counter/4/0/0/0,17710:1747647665161:,1747647681563
counter/9/0/0/0,23939:1747647667982:,1747647681563
counter/4/0/0/0,17711:1747647665161:,1747647681563
counter/9/0/0/0,23940:1747647667983:,1747647681563
counter/4/0/0/0,17712:1747647665161:,1747647681563
counter/9/0/0/0,23941:1747647667983:,1747647681563
counter/4/0/0/0,17713:1747647665161:,1747647681563
counter/9/0/0/0,23942:1747647667983:,1747647681563
counter/4/0/0/0,17714:1747647665161:,1747647681563
counter/9/0/0/0,23943:1747647667983:,1747647681563
counter/4/0/0/0,17715:1747647665161:,1747647681563
counter/9/0/0/0,23944:1747647667986:,1747647681563
counter/4/0/0/0,17716:1747647665171:,1747647681563
counter/9/0/0/0,23945:1747647667986:,1747647681563
counter/4/0/0/0,17717:1747647665171:,1747647681563
counter/9/0/0/0,23946:1747647667986:,1747647681563
counter/4/0/0/0,17718:1747647665171:,1747647681563
counter/3/0/0/0,17907:1747647664723:,1747647681563
counter/9/0/0/0,23947:1747647667986:,1747647681563
counter/4/0/0/0,17719:1747647665171:,1747647681563
counter/10/0/0/0,18373:1747647664455:,1747647681563
counter/9/0/0/0,23948:1747647667986:,1747647681563
counter/4/0/0/0,17720:1747647665187:,1747647681563
counter/8/0/0/0,20867:1747647665691:,1747647681563
counter/9/0/0/0,23949:1747647667988:,1747647681564
counter/4/0/0/0,17721:1747647665195:,1747647681564
counter/2/0/0/0,22713:1747647668183:,1747647681564
counter/7/0/0/0,16956:1747647663052:,1747647681564
counter/9/0/0/0,23950:1747647667988:,1747647681564
counter/4/0/0/0,17722:1747647665199:,1747647681564
counter/5/0/0/0,20442:1747647665982:,1747647681564
counter/9/0/0/0,23951:1747647667988:,1747647681564
counter/4/0/0/0,17723:1747647665200:,1747647681564
counter/9/0/0/0,23952:1747647667988:,1747647681564
counter/4/0/0/0,17724:1747647665211:,1747647681564
counter/9/0/0/0,23953:1747647667988:,1747647681564
counter/4/0/0/0,17725:1747647665211:,1747647681564
counter/10/0/0/0,18374:1747647664455:,1747647681564
counter/9/0/0/0,23954:1747647667988:,1747647681564
counter/4/0/0/0,17726:1747647665211:,1747647681564
counter/2/0/0/0,22714:1747647668183:,1747647681564
counter/7/0/0/0,16957:1747647663053:,1747647681564
counter/9/0/0/0,23955:1747647667988:,1747647681564
counter/4/0/0/0,17727:1747647665211:,1747647681564
counter/5/0/0/0,20443:1747647665983:,1747647681564
counter/9/0/0/0,23956:1747647667990:,1747647681564
counter/4/0/0/0,17728:1747647665211:,1747647681564
counter/9/0/0/0,23957:1747647667990:,1747647681564
counter/4/0/0/0,17729:1747647665215:,1747647681564
counter/9/0/0/0,23958:1747647668000:,1747647681564
counter/4/0/0/0,17730:1747647665215:,1747647681564
counter/9/0/0/0,23959:1747647668000:,1747647681564
counter/4/0/0/0,17731:1747647665215:,1747647681564
counter/9/0/0/0,23960:1747647668000:,1747647681564
counter/4/0/0/0,17732:1747647665215:,1747647681564
counter/9/0/0/0,23961:1747647668000:,1747647681564
counter/4/0/0/0,17733:1747647665215:,1747647681564
counter/9/0/0/0,23962:1747647668000:,1747647681564
counter/4/0/0/0,17734:1747647665215:,1747647681564
counter/9/0/0/0,23963:1747647668000:,1747647681564
counter/4/0/0/0,17735:1747647665215:,1747647681564
counter/9/0/0/0,23964:1747647668000:,1747647681564
counter/4/0/0/0,17736:1747647665215:,1747647681564
counter/9/0/0/0,23965:1747647668000:,1747647681564
counter/4/0/0/0,17737:1747647665215:,1747647681564
counter/9/0/0/0,23966:1747647668000:,1747647681564
counter/4/0/0/0,17738:1747647665216:,1747647681564
counter/9/0/0/0,23967:1747647668000:,1747647681564
counter/4/0/0/0,17739:1747647665216:,1747647681564
counter/9/0/0/0,23968:1747647668000:,1747647681564
counter/4/0/0/0,17740:1747647665216:,1747647681564
counter/9/0/0/0,23969:1747647668001:,1747647681564
counter/4/0/0/0,17741:1747647665216:,1747647681564
counter/9/0/0/0,23970:1747647668001:,1747647681565
counter/4/0/0/0,17742:1747647665216:,1747647681565
counter/9/0/0/0,23971:1747647668001:,1747647681565
counter/4/0/0/0,17743:1747647665216:,1747647681565
counter/9/0/0/0,23972:1747647668001:,1747647681565
counter/4/0/0/0,17744:1747647665216:,1747647681565
counter/9/0/0/0,23973:1747647668001:,1747647681565
counter/4/0/0/0,17745:1747647665216:,1747647681565
counter/9/0/0/0,23974:1747647668001:,1747647681565
counter/4/0/0/0,17746:1747647665217:,1747647681565
counter/9/0/0/0,23975:1747647668001:,1747647681565
counter/4/0/0/0,17747:1747647665217:,1747647681565
counter/9/0/0/0,23976:1747647668001:,1747647681565
counter/4/0/0/0,17748:1747647665217:,1747647681565
counter/9/0/0/0,23977:1747647668001:,1747647681565
counter/4/0/0/0,17749:1747647665217:,1747647681565
counter/9/0/0/0,23978:1747647668001:,1747647681565
counter/4/0/0/0,17750:1747647665217:,1747647681565
counter/9/0/0/0,23979:1747647668001:,1747647681565
counter/4/0/0/0,17751:1747647665217:,1747647681565
counter/9/0/0/0,23980:1747647668001:,1747647681565
counter/4/0/0/0,17752:1747647665217:,1747647681565
counter/9/0/0/0,23981:1747647668001:,1747647681565
counter/4/0/0/0,17753:1747647665218:,1747647681565
counter/9/0/0/0,23982:1747647668001:,1747647681565
counter/4/0/0/0,17754:1747647665228:,1747647681565
counter/9/0/0/0,23983:1747647668001:,1747647681565
counter/4/0/0/0,17755:1747647665228:,1747647681565
counter/9/0/0/0,23984:1747647668001:,1747647681565
counter/4/0/0/0,17756:1747647665228:,1747647681565
counter/9/0/0/0,23985:1747647668001:,1747647681565
counter/4/0/0/0,17757:1747647665228:,1747647681565
counter/9/0/0/0,23986:1747647668001:,1747647681565
counter/4/0/0/0,17758:1747647665228:,1747647681565
counter/8/0/0/0,20868:1747647665691:,1747647681565
counter/10/0/0/0,18375:1747647664456:,1747647681565
counter/9/0/0/0,23987:1747647668001:,1747647681565
counter/4/0/0/0,17759:1747647665228:,1747647681565
counter/7/0/0/0,16958:1747647663053:,1747647681565
counter/5/0/0/0,20444:1747647665983:,1747647681565
counter/6/0/0/0,17487:1747647664711:,1747647681565
counter/9/0/0/0,23988:1747647668001:,1747647681565
counter/4/0/0/0,17760:1747647665228:,1747647681565
counter/3/0/0/0,17908:1747647664731:,1747647681565
counter/9/0/0/0,23989:1747647668001:,1747647681565
counter/4/0/0/0,17761:1747647665228:,1747647681566
counter/9/0/0/0,23990:1747647668003:,1747647681566
counter/4/0/0/0,17762:1747647665228:,1747647681566
counter/9/0/0/0,23991:1747647668003:,1747647681566
counter/4/0/0/0,17763:1747647665228:,1747647681566
counter/9/0/0/0,23992:1747647668003:,1747647681566
counter/4/0/0/0,17764:1747647665228:,1747647681566
counter/9/0/0/0,23993:1747647668003:,1747647681566
counter/4/0/0/0,17765:1747647665230:,1747647681566
counter/9/0/0/0,23994:1747647668003:,1747647681566
counter/4/0/0/0,17766:1747647665239:,1747647681566
counter/4/0/0/0,17767:1747647665239:,1747647681566
counter/4/0/0/0,17768:1747647665239:,1747647681566
counter/4/0/0/0,17769:1747647665240:,1747647681566
counter/4/0/0/0,17770:1747647665240:,1747647681566
counter/4/0/0/0,17771:1747647665240:,1747647681566
counter/4/0/0/0,17772:1747647665240:,1747647681566
counter/4/0/0/0,17773:1747647665240:,1747647681566
counter/10/0/0/0,18376:1747647664456:,1747647681566
counter/4/0/0/0,17774:1747647665240:,1747647681566
counter/7/0/0/0,16959:1747647663053:,1747647681566
counter/4/0/0/0,17775:1747647665240:,1747647681566
counter/7/0/0/0,16960:1747647663053:,1747647681566
counter/4/0/0/0,17776:1747647665240:,1747647681566
counter/7/0/0/0,16961:1747647663054:,1747647681566
counter/4/0/0/0,17777:1747647665241:,1747647681566
counter/7/0/0/0,16962:1747647663054:,1747647681566
counter/4/0/0/0,17778:1747647665241:,1747647681566
counter/7/0/0/0,16963:1747647663054:,1747647681566
counter/4/0/0/0,17779:1747647665241:,1747647681566
counter/7/0/0/0,16964:1747647663054:,1747647681566
counter/10/0/0/0,18377:1747647664456:,1747647681566
counter/4/0/0/0,17780:1747647665242:,1747647681566
counter/7/0/0/0,16965:1747647663054:,1747647681566
counter/9/0/0/0,23995:1747647668003:,1747647681566
counter/3/0/0/0,17909:1747647664731:,1747647681566
counter/4/0/0/0,17781:1747647665242:,1747647681566
counter/7/0/0/0,16966:1747647663054:,1747647681566
counter/2/0/0/0,22715:1747647668183:,1747647681566
counter/8/0/0/0,20869:1747647665691:,1747647681566
counter/4/0/0/0,17782:1747647665242:,1747647681566
counter/7/0/0/0,16967:1747647663054:,1747647681566
counter/4/0/0/0,17783:1747647665242:,1747647681566
counter/7/0/0/0,16968:1747647663055:,1747647681566
counter/4/0/0/0,17784:1747647665242:,1747647681566
counter/4/0/0/0,17785:1747647665242:,1747647681566
counter/4/0/0/0,17786:1747647665242:,1747647681567
counter/4/0/0/0,17787:1747647665245:,1747647681567
counter/4/0/0/0,17788:1747647665248:,1747647681567
counter/4/0/0/0,17789:1747647665248:,1747647681567
counter/4/0/0/0,17790:1747647665248:,1747647681567
counter/4/0/0/0,17791:1747647665258:,1747647681567
counter/4/0/0/0,17792:1747647665267:,1747647681567
counter/4/0/0/0,17793:1747647665268:,1747647681567
counter/4/0/0/0,17794:1747647665268:,1747647681567
counter/4/0/0/0,17795:1747647665268:,1747647681567
counter/4/0/0/0,17796:1747647665268:,1747647681567
counter/4/0/0/0,17797:1747647665268:,1747647681567
counter/4/0/0/0,17798:1747647665268:,1747647681567
counter/4/0/0/0,17799:1747647665268:,1747647681567
counter/4/0/0/0,17800:1747647665268:,1747647681567
counter/4/0/0/0,17801:1747647665268:,1747647681567
counter/4/0/0/0,17802:1747647665268:,1747647681567
counter/4/0/0/0,17803:1747647665268:,1747647681567
counter/4/0/0/0,17804:1747647665268:,1747647681567
counter/4/0/0/0,17805:1747647665268:,1747647681567
counter/4/0/0/0,17806:1747647665271:,1747647681567
counter/4/0/0/0,17807:1747647665271:,1747647681567
counter/4/0/0/0,17808:1747647665271:,1747647681567
counter/4/0/0/0,17809:1747647665271:,1747647681567
counter/4/0/0/0,17810:1747647665271:,1747647681567
counter/4/0/0/0,17811:1747647665271:,1747647681567
counter/4/0/0/0,17812:1747647665271:,1747647681567
counter/4/0/0/0,17813:1747647665271:,1747647681567
counter/4/0/0/0,17814:1747647665271:,1747647681567
counter/4/0/0/0,17815:1747647665278:,1747647681567
counter/4/0/0/0,17816:1747647665289:,1747647681567
counter/4/0/0/0,17817:1747647665294:,1747647681567
counter/4/0/0/0,17818:1747647665294:,1747647681567
counter/4/0/0/0,17819:1747647665294:,1747647681567
counter/4/0/0/0,17820:1747647665294:,1747647681567
counter/4/0/0/0,17821:1747647665294:,1747647681567
counter/4/0/0/0,17822:1747647665294:,1747647681568
counter/4/0/0/0,17823:1747647665294:,1747647681568
counter/4/0/0/0,17824:1747647665294:,1747647681568
counter/4/0/0/0,17825:1747647665295:,1747647681568
counter/4/0/0/0,17826:1747647665295:,1747647681568
counter/4/0/0/0,17827:1747647665295:,1747647681568
counter/4/0/0/0,17828:1747647665311:,1747647681568
counter/4/0/0/0,17829:1747647665311:,1747647681568
counter/4/0/0/0,17830:1747647665311:,1747647681568
counter/4/0/0/0,17831:1747647665311:,1747647681568
counter/4/0/0/0,17832:1747647665311:,1747647681568
counter/4/0/0/0,17833:1747647665313:,1747647681568
counter/4/0/0/0,17834:1747647665313:,1747647681568
counter/4/0/0/0,17835:1747647665313:,1747647681568
counter/4/0/0/0,17836:1747647665313:,1747647681568
counter/4/0/0/0,17837:1747647665313:,1747647681568
counter/4/0/0/0,17838:1747647665313:,1747647681568
counter/4/0/0/0,17839:1747647665313:,1747647681568
counter/4/0/0/0,17840:1747647665313:,1747647681568
counter/4/0/0/0,17841:1747647665313:,1747647681568
counter/4/0/0/0,17842:1747647665313:,1747647681568
counter/4/0/0/0,17843:1747647665313:,1747647681568
counter/4/0/0/0,17844:1747647665313:,1747647681568
counter/4/0/0/0,17845:1747647665313:,1747647681568
counter/4/0/0/0,17846:1747647665316:,1747647681568
counter/4/0/0/0,17847:1747647665316:,1747647681568
counter/4/0/0/0,17848:1747647665316:,1747647681568
counter/4/0/0/0,17849:1747647665316:,1747647681568
counter/4/0/0/0,17850:1747647665316:,1747647681568
counter/4/0/0/0,17851:1747647665316:,1747647681568
counter/4/0/0/0,17852:1747647665317:,1747647681568
counter/4/0/0/0,17853:1747647665317:,1747647681568
counter/4/0/0/0,17854:1747647665317:,1747647681568
counter/4/0/0/0,17855:1747647665317:,1747647681568
counter/4/0/0/0,17856:1747647665317:,1747647681568
counter/4/0/0/0,17857:1747647665317:,1747647681568
counter/4/0/0/0,17858:1747647665317:,1747647681568
counter/4/0/0/0,17859:1747647665317:,1747647681568
counter/4/0/0/0,17860:1747647665317:,1747647681568
counter/4/0/0/0,17861:1747647665329:,1747647681568
counter/4/0/0/0,17862:1747647665329:,1747647681568
counter/4/0/0/0,17863:1747647665329:,1747647681569
counter/4/0/0/0,17864:1747647665329:,1747647681569
counter/4/0/0/0,17865:1747647665329:,1747647681569
counter/4/0/0/0,17866:1747647665329:,1747647681569
counter/4/0/0/0,17867:1747647665329:,1747647681569
counter/4/0/0/0,17868:1747647665329:,1747647681569
counter/4/0/0/0,17869:1747647665329:,1747647681569
counter/4/0/0/0,17870:1747647665339:,1747647681569
counter/4/0/0/0,17871:1747647665339:,1747647681569
counter/4/0/0/0,17872:1747647665339:,1747647681569
counter/4/0/0/0,17873:1747647665339:,1747647681569
counter/4/0/0/0,17874:1747647665339:,1747647681569
counter/4/0/0/0,17875:1747647665339:,1747647681569
counter/4/0/0/0,17876:1747647665339:,1747647681569
counter/4/0/0/0,17877:1747647665339:,1747647681569
counter/4/0/0/0,17878:1747647665339:,1747647681569
counter/4/0/0/0,17879:1747647665340:,1747647681569
counter/4/0/0/0,17880:1747647665340:,1747647681569
counter/4/0/0/0,17881:1747647665340:,1747647681569
counter/4/0/0/0,17882:1747647665340:,1747647681569
counter/4/0/0/0,17883:1747647665340:,1747647681569
counter/4/0/0/0,17884:1747647665340:,1747647681569
counter/4/0/0/0,17885:1747647665340:,1747647681569
counter/4/0/0/0,17886:1747647665341:,1747647681569
counter/4/0/0/0,17887:1747647665342:,1747647681569
counter/4/0/0/0,17888:1747647665342:,1747647681569
counter/4/0/0/0,17889:1747647665342:,1747647681569
counter/4/0/0/0,17890:1747647665350:,1747647681569
counter/4/0/0/0,17891:1747647665350:,1747647681569
counter/4/0/0/0,17892:1747647665350:,1747647681569
counter/4/0/0/0,17893:1747647665350:,1747647681569
counter/4/0/0/0,17894:1747647665352:,1747647681569
counter/4/0/0/0,17895:1747647665352:,1747647681569
counter/4/0/0/0,17896:1747647665352:,1747647681569
counter/4/0/0/0,17897:1747647665352:,1747647681569
counter/4/0/0/0,17898:1747647665352:,1747647681569
counter/4/0/0/0,17899:1747647665352:,1747647681569
counter/4/0/0/0,17900:1747647665352:,1747647681569
counter/4/0/0/0,17901:1747647665352:,1747647681569
counter/4/0/0/0,17902:1747647665354:,1747647681569
counter/4/0/0/0,17903:1747647665354:,1747647681569
counter/4/0/0/0,17904:1747647665354:,1747647681570
counter/4/0/0/0,17905:1747647665354:,1747647681570
counter/4/0/0/0,17906:1747647665354:,1747647681570
counter/4/0/0/0,17907:1747647665356:,1747647681570
counter/4/0/0/0,17908:1747647665356:,1747647681570
counter/4/0/0/0,17909:1747647665356:,1747647681570
counter/4/0/0/0,17910:1747647665356:,1747647681570
counter/4/0/0/0,17911:1747647665356:,1747647681570
counter/4/0/0/0,17912:1747647665356:,1747647681570
counter/4/0/0/0,17913:1747647665356:,1747647681570
counter/4/0/0/0,17914:1747647665356:,1747647681570
counter/4/0/0/0,17915:1747647665356:,1747647681570
counter/4/0/0/0,17916:1747647665356:,1747647681570
counter/4/0/0/0,17917:1747647665356:,1747647681570
counter/4/0/0/0,17918:1747647665356:,1747647681570
counter/4/0/0/0,17919:1747647665356:,1747647681570
counter/4/0/0/0,17920:1747647665356:,1747647681570
counter/4/0/0/0,17921:1747647665359:,1747647681570
counter/4/0/0/0,17922:1747647665359:,1747647681570
counter/4/0/0/0,17923:1747647665359:,1747647681570
counter/4/0/0/0,17924:1747647665359:,1747647681570
counter/4/0/0/0,17925:1747647665359:,1747647681570
counter/4/0/0/0,17926:1747647665360:,1747647681570
counter/4/0/0/0,17927:1747647665360:,1747647681570
counter/4/0/0/0,17928:1747647665360:,1747647681570
counter/4/0/0/0,17929:1747647665360:,1747647681570
counter/4/0/0/0,17930:1747647665360:,1747647681570
counter/4/0/0/0,17931:1747647665360:,1747647681570
counter/4/0/0/0,17932:1747647665360:,1747647681570
counter/4/0/0/0,17933:1747647665360:,1747647681570
counter/4/0/0/0,17934:1747647665360:,1747647681570
counter/4/0/0/0,17935:1747647665360:,1747647681570
counter/4/0/0/0,17936:1747647665360:,1747647681570
counter/4/0/0/0,17937:1747647665360:,1747647681570
counter/4/0/0/0,17938:1747647665360:,1747647681570
counter/4/0/0/0,17939:1747647665360:,1747647681571
counter/4/0/0/0,17940:1747647665360:,1747647681571
counter/4/0/0/0,17941:1747647665360:,1747647681571
counter/4/0/0/0,17942:1747647665360:,1747647681571
counter/4/0/0/0,17943:1747647665365:,1747647681571
counter/2/0/0/0,22716:1747647668183:,1747647681571
counter/4/0/0/0,17944:1747647665366:,1747647681571
counter/7/0/0/0,16969:1747647663055:,1747647681571
counter/4/0/0/0,17945:1747647665366:,1747647681571
counter/8/0/0/0,20870:1747647665691:,1747647681571
counter/6/0/0/0,17488:1747647664711:,1747647681571
counter/4/0/0/0,17946:1747647665366:,1747647681571
counter/5/0/0/0,20445:1747647665983:,1747647681571
counter/9/0/0/0,23996:1747647668003:,1747647681571
counter/4/0/0/0,17947:1747647665366:,1747647681571
counter/10/0/0/0,18378:1747647664456:,1747647681571
counter/3/0/0/0,17910:1747647664731:,1747647681571
counter/4/0/0/0,17948:1747647665366:,1747647681571
counter/4/0/0/0,17949:1747647665366:,1747647681571
counter/4/0/0/0,17950:1747647665366:,1747647681571
counter/4/0/0/0,17951:1747647665366:,1747647681571
counter/4/0/0/0,17952:1747647665366:,1747647681571
counter/4/0/0/0,17953:1747647665366:,1747647681571
counter/4/0/0/0,17954:1747647665366:,1747647681571
counter/4/0/0/0,17955:1747647665366:,1747647681571
counter/4/0/0/0,17956:1747647665366:,1747647681571
counter/4/0/0/0,17957:1747647665366:,1747647681571
counter/4/0/0/0,17958:1747647665366:,1747647681571
counter/4/0/0/0,17959:1747647665366:,1747647681571
counter/4/0/0/0,17960:1747647665368:,1747647681571
counter/4/0/0/0,17961:1747647665368:,1747647681571
counter/4/0/0/0,17962:1747647665368:,1747647681571
counter/4/0/0/0,17963:1747647665368:,1747647681571
counter/4/0/0/0,17964:1747647665371:,1747647681571
counter/4/0/0/0,17965:1747647665372:,1747647681571
counter/4/0/0/0,17966:1747647665372:,1747647681571
counter/4/0/0/0,17967:1747647665372:,1747647681571
counter/4/0/0/0,17968:1747647665372:,1747647681572
counter/4/0/0/0,17969:1747647665372:,1747647681572
counter/4/0/0/0,17970:1747647665372:,1747647681572
counter/4/0/0/0,17971:1747647665372:,1747647681572
counter/4/0/0/0,17972:1747647665372:,1747647681572
counter/4/0/0/0,17973:1747647665372:,1747647681572
counter/4/0/0/0,17974:1747647665372:,1747647681572
counter/4/0/0/0,17975:1747647665372:,1747647681572
counter/4/0/0/0,17976:1747647665372:,1747647681572
counter/4/0/0/0,17977:1747647665372:,1747647681572
counter/4/0/0/0,17978:1747647665372:,1747647681572
counter/4/0/0/0,17979:1747647665372:,1747647681572
counter/4/0/0/0,17980:1747647665372:,1747647681572
counter/4/0/0/0,17981:1747647665373:,1747647681572
counter/4/0/0/0,17982:1747647665375:,1747647681572
counter/4/0/0/0,17983:1747647665375:,1747647681572
counter/4/0/0/0,17984:1747647665375:,1747647681572
counter/4/0/0/0,17985:1747647665375:,1747647681572
counter/4/0/0/0,17986:1747647665375:,1747647681572
counter/4/0/0/0,17987:1747647665375:,1747647681572
counter/4/0/0/0,17988:1747647665375:,1747647681572
counter/4/0/0/0,17989:1747647665375:,1747647681572
counter/4/0/0/0,17990:1747647665375:,1747647681572
counter/4/0/0/0,17991:1747647665375:,1747647681572
counter/4/0/0/0,17992:1747647665375:,1747647681572
counter/4/0/0/0,17993:1747647665375:,1747647681572
counter/4/0/0/0,17994:1747647665375:,1747647681572
counter/4/0/0/0,17995:1747647665375:,1747647681572
counter/4/0/0/0,17996:1747647665375:,1747647681572
counter/4/0/0/0,17997:1747647665375:,1747647681572
counter/4/0/0/0,17998:1747647665376:,1747647681572
counter/4/0/0/0,17999:1747647665376:,1747647681572
counter/4/0/0/0,18000:1747647665376:,1747647681572
counter/4/0/0/0,18001:1747647665376:,1747647681572
counter/4/0/0/0,18002:1747647665376:,1747647681572
counter/4/0/0/0,18003:1747647665376:,1747647681572
counter/4/0/0/0,18004:1747647665376:,1747647681572
counter/4/0/0/0,18005:1747647665376:,1747647681572
counter/4/0/0/0,18006:1747647665376:,1747647681572
counter/4/0/0/0,18007:1747647665376:,1747647681573
counter/4/0/0/0,18008:1747647665376:,1747647681573
counter/4/0/0/0,18009:1747647665376:,1747647681573
counter/4/0/0/0,18010:1747647665376:,1747647681573
counter/2/0/0/0,22717:1747647668183:,1747647681573
counter/4/0/0/0,18011:1747647665377:,1747647681573
counter/2/0/0/0,22718:1747647668183:,1747647681573
counter/1/0/0/0,18844:1747647665381:,1747647681573
counter/4/0/0/0,18012:1747647665377:,1747647681573
counter/2/0/0/0,22719:1747647668183:,1747647681573
counter/4/0/0/0,18013:1747647665378:,1747647681573
counter/2/0/0/0,22720:1747647668183:,1747647681573
counter/4/0/0/0,18014:1747647665378:,1747647681573
counter/2/0/0/0,22721:1747647668183:,1747647681573
counter/4/0/0/0,18015:1747647665378:,1747647681573
counter/2/0/0/0,22722:1747647668183:,1747647681573
counter/4/0/0/0,18016:1747647665378:,1747647681573
counter/2/0/0/0,22723:1747647668183:,1747647681573
counter/4/0/0/0,18017:1747647665378:,1747647681573
counter/2/0/0/0,22724:1747647668183:,1747647681573
counter/4/0/0/0,18018:1747647665378:,1747647681573
counter/2/0/0/0,22725:1747647668183:,1747647681573
counter/4/0/0/0,18019:1747647665378:,1747647681573
counter/2/0/0/0,22726:1747647668183:,1747647681573
counter/4/0/0/0,18020:1747647665378:,1747647681573
counter/2/0/0/0,22727:1747647668183:,1747647681573
counter/4/0/0/0,18021:1747647665378:,1747647681573
counter/2/0/0/0,22728:1747647668188:,1747647681573
counter/4/0/0/0,18022:1747647665378:,1747647681573
counter/2/0/0/0,22729:1747647668188:,1747647681573
counter/4/0/0/0,18023:1747647665378:,1747647681573
counter/2/0/0/0,22730:1747647668188:,1747647681573
counter/4/0/0/0,18024:1747647665378:,1747647681573
counter/2/0/0/0,22731:1747647668188:,1747647681573
counter/5/0/0/0,20446:1747647665983:,1747647681573
counter/4/0/0/0,18025:1747647665378:,1747647681573
counter/2/0/0/0,22732:1747647668188:,1747647681573
counter/3/0/0/0,17911:1747647664731:,1747647681573
counter/4/0/0/0,18026:1747647665378:,1747647681573
counter/2/0/0/0,22733:1747647668189:,1747647681573
counter/1/0/0/0,18845:1747647665381:,1747647681573
counter/10/0/0/0,18379:1747647664456:,1747647681573
counter/4/0/0/0,18027:1747647665378:,1747647681574
counter/2/0/0/0,22734:1747647668189:,1747647681574
counter/6/0/0/0,17489:1747647664711:,1747647681574
counter/8/0/0/0,20871:1747647665691:,1747647681574
counter/4/0/0/0,18028:1747647665378:,1747647681574
counter/2/0/0/0,22735:1747647668189:,1747647681574
counter/7/0/0/0,16970:1747647663059:,1747647681574
counter/4/0/0/0,18029:1747647665378:,1747647681574
counter/2/0/0/0,22736:1747647668189:,1747647681574
counter/4/0/0/0,18030:1747647665378:,1747647681574
counter/2/0/0/0,22737:1747647668189:,1747647681574
counter/4/0/0/0,18031:1747647665378:,1747647681574
counter/2/0/0/0,22738:1747647668189:,1747647681574
counter/4/0/0/0,18032:1747647665378:,1747647681574
counter/2/0/0/0,22739:1747647668189:,1747647681574
counter/6/0/0/0,17490:1747647664711:,1747647681574
counter/4/0/0/0,18033:1747647665378:,1747647681574
counter/2/0/0/0,22740:1747647668189:,1747647681574
counter/4/0/0/0,18034:1747647665378:,1747647681574
counter/2/0/0/0,22741:1747647668189:,1747647681574
counter/4/0/0/0,18035:1747647665378:,1747647681574
counter/2/0/0/0,22742:1747647668189:,1747647681574
counter/8/0/0/0,20872:1747647665695:,1747647681574
counter/4/0/0/0,18036:1747647665378:,1747647681574
counter/2/0/0/0,22743:1747647668189:,1747647681574
counter/4/0/0/0,18037:1747647665378:,1747647681574
counter/2/0/0/0,22744:1747647668189:,1747647681574
counter/4/0/0/0,18038:1747647665378:,1747647681574
counter/2/0/0/0,22745:1747647668189:,1747647681574
counter/4/0/0/0,18039:1747647665378:,1747647681574
counter/2/0/0/0,22746:1747647668192:,1747647681574
counter/4/0/0/0,18040:1747647665378:,1747647681574
counter/2/0/0/0,22747:1747647668193:,1747647681574
counter/4/0/0/0,18041:1747647665378:,1747647681574
counter/2/0/0/0,22748:1747647668193:,1747647681574
counter/4/0/0/0,18042:1747647665378:,1747647681574
counter/2/0/0/0,22749:1747647668193:,1747647681574
counter/4/0/0/0,18043:1747647665378:,1747647681574
counter/2/0/0/0,22750:1747647668193:,1747647681574
counter/4/0/0/0,18044:1747647665379:,1747647681574
counter/4/0/0/0,18045:1747647665379:,1747647681574
counter/4/0/0/0,18046:1747647665379:,1747647681574
counter/4/0/0/0,18047:1747647665379:,1747647681575
counter/4/0/0/0,18048:1747647665379:,1747647681575
counter/4/0/0/0,18049:1747647665379:,1747647681575
counter/4/0/0/0,18050:1747647665379:,1747647681575
counter/4/0/0/0,18051:1747647665379:,1747647681575
counter/7/0/0/0,16971:1747647663059:,1747647681575
counter/4/0/0/0,18052:1747647665379:,1747647681575
counter/2/0/0/0,22751:1747647668193:,1747647681575
counter/4/0/0/0,18053:1747647665379:,1747647681575
counter/8/0/0/0,20873:1747647665695:,1747647681575
counter/4/0/0/0,18054:1747647665379:,1747647681575
counter/8/0/0/0,20874:1747647665695:,1747647681575
counter/4/0/0/0,18055:1747647665379:,1747647681575
counter/8/0/0/0,20875:1747647665695:,1747647681575
counter/4/0/0/0,18056:1747647665379:,1747647681575
counter/8/0/0/0,20876:1747647665695:,1747647681575
counter/4/0/0/0,18057:1747647665379:,1747647681575
counter/4/0/0/0,18058:1747647665379:,1747647681575
counter/8/0/0/0,20877:1747647665695:,1747647681575
counter/4/0/0/0,18059:1747647665379:,1747647681575
counter/4/0/0/0,18060:1747647665379:,1747647681575
counter/4/0/0/0,18061:1747647665379:,1747647681575
counter/4/0/0/0,18062:1747647665379:,1747647681575
counter/4/0/0/0,18063:1747647665387:,1747647681575
counter/4/0/0/0,18064:1747647665387:,1747647681575
counter/7/0/0/0,16972:1747647663059:,1747647681575
counter/4/0/0/0,18065:1747647665387:,1747647681575
counter/4/0/0/0,18066:1747647665387:,1747647681575
counter/3/0/0/0,17912:1747647664731:,1747647681575
counter/4/0/0/0,18067:1747647665387:,1747647681575
counter/8/0/0/0,20878:1747647665695:,1747647681575
counter/4/0/0/0,18068:1747647665387:,1747647681575
counter/2/0/0/0,22752:1747647668193:,1747647681575
counter/4/0/0/0,18069:1747647665387:,1747647681575
counter/10/0/0/0,18380:1747647664456:,1747647681575
counter/4/0/0/0,18070:1747647665388:,1747647681575
counter/5/0/0/0,20447:1747647665983:,1747647681575
counter/9/0/0/0,23997:1747647668003:,1747647681576
counter/4/0/0/0,18071:1747647665388:,1747647681576
counter/4/0/0/0,18072:1747647665388:,1747647681576
counter/4/0/0/0,18073:1747647665388:,1747647681576
counter/4/0/0/0,18074:1747647665388:,1747647681576
counter/4/0/0/0,18075:1747647665388:,1747647681576
counter/4/0/0/0,18076:1747647665388:,1747647681576
counter/4/0/0/0,18077:1747647665388:,1747647681576
counter/4/0/0/0,18078:1747647665388:,1747647681576
counter/4/0/0/0,18079:1747647665388:,1747647681576
counter/4/0/0/0,18080:1747647665388:,1747647681576
counter/4/0/0/0,18081:1747647665388:,1747647681576
counter/4/0/0/0,18082:1747647665395:,1747647681576
counter/4/0/0/0,18083:1747647665395:,1747647681576
counter/4/0/0/0,18084:1747647665395:,1747647681576
counter/4/0/0/0,18085:1747647665395:,1747647681576
counter/4/0/0/0,18086:1747647665395:,1747647681576
counter/4/0/0/0,18087:1747647665395:,1747647681576
counter/4/0/0/0,18088:1747647665395:,1747647681576
counter/4/0/0/0,18089:1747647665395:,1747647681576
counter/4/0/0/0,18090:1747647665396:,1747647681576
counter/4/0/0/0,18091:1747647665396:,1747647681576
counter/4/0/0/0,18092:1747647665396:,1747647681576
counter/4/0/0/0,18093:1747647665396:,1747647681576
counter/4/0/0/0,18094:1747647665396:,1747647681576
counter/4/0/0/0,18095:1747647665396:,1747647681576
counter/4/0/0/0,18096:1747647665396:,1747647681576
counter/4/0/0/0,18097:1747647665396:,1747647681576
counter/4/0/0/0,18098:1747647665397:,1747647681576
counter/4/0/0/0,18099:1747647665397:,1747647681576
counter/4/0/0/0,18100:1747647665397:,1747647681576
counter/4/0/0/0,18101:1747647665397:,1747647681576
counter/4/0/0/0,18102:1747647665397:,1747647681576
counter/4/0/0/0,18103:1747647665397:,1747647681576
counter/4/0/0/0,18104:1747647665397:,1747647681576
counter/4/0/0/0,18105:1747647665397:,1747647681576
counter/4/0/0/0,18106:1747647665397:,1747647681576
counter/4/0/0/0,18107:1747647665397:,1747647681576
counter/4/0/0/0,18108:1747647665397:,1747647681576
counter/4/0/0/0,18109:1747647665397:,1747647681576
counter/4/0/0/0,18110:1747647665397:,1747647681576
counter/4/0/0/0,18111:1747647665397:,1747647681577
counter/4/0/0/0,18112:1747647665397:,1747647681577
counter/4/0/0/0,18113:1747647665397:,1747647681577
counter/4/0/0/0,18114:1747647665397:,1747647681577
counter/4/0/0/0,18115:1747647665397:,1747647681577
counter/4/0/0/0,18116:1747647665397:,1747647681577
counter/4/0/0/0,18117:1747647665404:,1747647681577
counter/4/0/0/0,18118:1747647665404:,1747647681577
counter/4/0/0/0,18119:1747647665404:,1747647681577
counter/4/0/0/0,18120:1747647665404:,1747647681577
counter/4/0/0/0,18121:1747647665404:,1747647681577
counter/4/0/0/0,18122:1747647665409:,1747647681577
counter/4/0/0/0,18123:1747647665409:,1747647681577
counter/4/0/0/0,18124:1747647665409:,1747647681577
counter/4/0/0/0,18125:1747647665409:,1747647681577
counter/4/0/0/0,18126:1747647665409:,1747647681577
counter/4/0/0/0,18127:1747647665409:,1747647681577
counter/4/0/0/0,18128:1747647665409:,1747647681577
counter/4/0/0/0,18129:1747647665409:,1747647681577
counter/4/0/0/0,18130:1747647665409:,1747647681577
counter/4/0/0/0,18131:1747647665409:,1747647681577
counter/4/0/0/0,18132:1747647665409:,1747647681577
counter/4/0/0/0,18133:1747647665409:,1747647681577
counter/4/0/0/0,18134:1747647665409:,1747647681577
counter/4/0/0/0,18135:1747647665413:,1747647681577
counter/4/0/0/0,18136:1747647665413:,1747647681577
counter/4/0/0/0,18137:1747647665413:,1747647681577
counter/4/0/0/0,18138:1747647665413:,1747647681577
counter/4/0/0/0,18139:1747647665413:,1747647681577
counter/4/0/0/0,18140:1747647665413:,1747647681577
counter/4/0/0/0,18141:1747647665413:,1747647681577
counter/4/0/0/0,18142:1747647665413:,1747647681577
counter/4/0/0/0,18143:1747647665413:,1747647681577
counter/4/0/0/0,18144:1747647665413:,1747647681577
counter/4/0/0/0,18145:1747647665413:,1747647681577
counter/4/0/0/0,18146:1747647665413:,1747647681577
counter/4/0/0/0,18147:1747647665413:,1747647681577
counter/4/0/0/0,18148:1747647665413:,1747647681577
counter/4/0/0/0,18149:1747647665413:,1747647681577
counter/4/0/0/0,18150:1747647665413:,1747647681577
counter/4/0/0/0,18151:1747647665413:,1747647681577
counter/4/0/0/0,18152:1747647665413:,1747647681578
counter/4/0/0/0,18153:1747647665414:,1747647681578
counter/4/0/0/0,18154:1747647665414:,1747647681578
counter/4/0/0/0,18155:1747647665415:,1747647681578
counter/4/0/0/0,18156:1747647665415:,1747647681578
counter/4/0/0/0,18157:1747647665415:,1747647681578
counter/4/0/0/0,18158:1747647665415:,1747647681578
counter/4/0/0/0,18159:1747647665415:,1747647681578
counter/4/0/0/0,18160:1747647665415:,1747647681578
counter/4/0/0/0,18161:1747647665416:,1747647681578
counter/4/0/0/0,18162:1747647665416:,1747647681578
counter/4/0/0/0,18163:1747647665416:,1747647681578
counter/4/0/0/0,18164:1747647665417:,1747647681578
counter/4/0/0/0,18165:1747647665418:,1747647681578
counter/4/0/0/0,18166:1747647665418:,1747647681578
counter/4/0/0/0,18167:1747647665418:,1747647681578
counter/4/0/0/0,18168:1747647665419:,1747647681578
counter/4/0/0/0,18169:1747647665424:,1747647681578
counter/4/0/0/0,18170:1747647665424:,1747647681578
counter/4/0/0/0,18171:1747647665424:,1747647681578
counter/2/0/0/0,22753:1747647668193:,1747647681578
counter/4/0/0/0,18172:1747647665424:,1747647681578
counter/6/0/0/0,17491:1747647664711:,1747647681578
counter/10/0/0/0,18381:1747647664456:,1747647681578
counter/4/0/0/0,18173:1747647665424:,1747647681578
counter/7/0/0/0,16973:1747647663060:,1747647681578
counter/5/0/0/0,20448:1747647665983:,1747647681578
counter/4/0/0/0,18174:1747647665431:,1747647681578
counter/3/0/0/0,17913:1747647664732:,1747647681578
counter/4/0/0/0,18175:1747647665431:,1747647681578
counter/4/0/0/0,18176:1747647665431:,1747647681578
counter/4/0/0/0,18177:1747647665431:,1747647681578
counter/4/0/0/0,18178:1747647665431:,1747647681578
counter/4/0/0/0,18179:1747647665431:,1747647681578
counter/4/0/0/0,18180:1747647665431:,1747647681578
counter/5/0/0/0,20449:1747647665983:,1747647681578
counter/4/0/0/0,18181:1747647665431:,1747647681578
counter/4/0/0/0,18182:1747647665431:,1747647681579
counter/4/0/0/0,18183:1747647665431:,1747647681579
counter/4/0/0/0,18184:1747647665431:,1747647681579
counter/2/0/0/0,22754:1747647668193:,1747647681579
counter/4/0/0/0,18185:1747647665431:,1747647681579
counter/10/0/0/0,18382:1747647664456:,1747647681579
counter/4/0/0/0,18186:1747647665431:,1747647681579
counter/7/0/0/0,16974:1747647663060:,1747647681579
counter/6/0/0/0,17492:1747647664711:,1747647681579
counter/4/0/0/0,18187:1747647665431:,1747647681579
counter/3/0/0/0,17914:1747647664732:,1747647681579
counter/6/0/0/0,17493:1747647664712:,1747647681579
counter/4/0/0/0,18188:1747647665431:,1747647681579
counter/6/0/0/0,17494:1747647664712:,1747647681579
counter/4/0/0/0,18189:1747647665431:,1747647681579
counter/6/0/0/0,17495:1747647664721:,1747647681579
counter/4/0/0/0,18190:1747647665431:,1747647681579
counter/6/0/0/0,17496:1747647664721:,1747647681579
counter/4/0/0/0,18191:1747647665431:,1747647681579
counter/3/0/0/0,17915:1747647664732:,1747647681579
counter/6/0/0/0,17497:1747647664721:,1747647681579
counter/4/0/0/0,18192:1747647665431:,1747647681579
counter/9/0/0/0,23998:1747647668004:,1747647681579
counter/6/0/0/0,17498:1747647664721:,1747647681579
counter/4/0/0/0,18193:1747647665431:,1747647681579
counter/6/0/0/0,17499:1747647664721:,1747647681579
counter/4/0/0/0,18194:1747647665432:,1747647681579
counter/6/0/0/0,17500:1747647664721:,1747647681579
counter/4/0/0/0,18195:1747647665432:,1747647681579
counter/6/0/0/0,17501:1747647664721:,1747647681579
counter/4/0/0/0,18196:1747647665432:,1747647681579
counter/4/0/0/0,18197:1747647665432:,1747647681579
counter/4/0/0/0,18198:1747647665432:,1747647681579
counter/4/0/0/0,18199:1747647665432:,1747647681579
counter/4/0/0/0,18200:1747647665432:,1747647681579
counter/4/0/0/0,18201:1747647665432:,1747647681579
counter/4/0/0/0,18202:1747647665433:,1747647681579
counter/4/0/0/0,18203:1747647665433:,1747647681579
counter/4/0/0/0,18204:1747647665433:,1747647681579
counter/4/0/0/0,18205:1747647665433:,1747647681579
counter/4/0/0/0,18206:1747647665433:,1747647681579
counter/4/0/0/0,18207:1747647665433:,1747647681579
counter/4/0/0/0,18208:1747647665433:,1747647681580
counter/4/0/0/0,18209:1747647665433:,1747647681580
counter/4/0/0/0,18210:1747647665433:,1747647681580
counter/4/0/0/0,18211:1747647665433:,1747647681580
counter/10/0/0/0,18383:1747647664456:,1747647681580
counter/4/0/0/0,18212:1747647665434:,1747647681580
counter/4/0/0/0,18213:1747647665434:,1747647681580
counter/4/0/0/0,18214:1747647665434:,1747647681580
counter/4/0/0/0,18215:1747647665434:,1747647681580
counter/4/0/0/0,18216:1747647665434:,1747647681580
counter/4/0/0/0,18217:1747647665434:,1747647681580
counter/4/0/0/0,18218:1747647665435:,1747647681580
counter/4/0/0/0,18219:1747647665441:,1747647681580
counter/4/0/0/0,18220:1747647665441:,1747647681580
counter/4/0/0/0,18221:1747647665441:,1747647681580
counter/4/0/0/0,18222:1747647665441:,1747647681580
counter/4/0/0/0,18223:1747647665441:,1747647681580
counter/4/0/0/0,18224:1747647665441:,1747647681580
counter/4/0/0/0,18225:1747647665441:,1747647681580
counter/4/0/0/0,18226:1747647665441:,1747647681580
counter/4/0/0/0,18227:1747647665441:,1747647681580
counter/4/0/0/0,18228:1747647665441:,1747647681580
counter/4/0/0/0,18229:1747647665441:,1747647681580
counter/4/0/0/0,18230:1747647665441:,1747647681580
counter/4/0/0/0,18231:1747647665441:,1747647681580
counter/4/0/0/0,18232:1747647665441:,1747647681580
counter/4/0/0/0,18233:1747647665441:,1747647681580
counter/4/0/0/0,18234:1747647665441:,1747647681580
counter/4/0/0/0,18235:1747647665441:,1747647681580
counter/4/0/0/0,18236:1747647665441:,1747647681580
counter/4/0/0/0,18237:1747647665442:,1747647681580
counter/4/0/0/0,18238:1747647665442:,1747647681580
counter/4/0/0/0,18239:1747647665442:,1747647681580
counter/4/0/0/0,18240:1747647665442:,1747647681580
counter/4/0/0/0,18241:1747647665442:,1747647681580
counter/4/0/0/0,18242:1747647665447:,1747647681580
counter/4/0/0/0,18243:1747647665447:,1747647681580
counter/4/0/0/0,18244:1747647665447:,1747647681580
counter/4/0/0/0,18245:1747647665447:,1747647681580
counter/4/0/0/0,18246:1747647665447:,1747647681580
counter/4/0/0/0,18247:1747647665447:,1747647681581
counter/4/0/0/0,18248:1747647665447:,1747647681581
counter/4/0/0/0,18249:1747647665447:,1747647681581
counter/4/0/0/0,18250:1747647665447:,1747647681581
counter/4/0/0/0,18251:1747647665447:,1747647681581
counter/4/0/0/0,18252:1747647665447:,1747647681581
counter/4/0/0/0,18253:1747647665447:,1747647681581
counter/4/0/0/0,18254:1747647665447:,1747647681581
counter/4/0/0/0,18255:1747647665447:,1747647681581
counter/4/0/0/0,18256:1747647665447:,1747647681581
counter/4/0/0/0,18257:1747647665447:,1747647681581
counter/4/0/0/0,18258:1747647665448:,1747647681581
counter/4/0/0/0,18259:1747647665448:,1747647681581
counter/4/0/0/0,18260:1747647665448:,1747647681581
counter/4/0/0/0,18261:1747647665448:,1747647681581
counter/4/0/0/0,18262:1747647665448:,1747647681581
counter/4/0/0/0,18263:1747647665448:,1747647681581
counter/4/0/0/0,18264:1747647665448:,1747647681581
counter/4/0/0/0,18265:1747647665448:,1747647681581
counter/4/0/0/0,18266:1747647665451:,1747647681581
counter/4/0/0/0,18267:1747647665451:,1747647681581
counter/4/0/0/0,18268:1747647665451:,1747647681581
counter/4/0/0/0,18269:1747647665451:,1747647681581
counter/4/0/0/0,18270:1747647665451:,1747647681581
counter/4/0/0/0,18271:1747647665455:,1747647681581
counter/4/0/0/0,18272:1747647665455:,1747647681581
counter/4/0/0/0,18273:1747647665455:,1747647681581
counter/4/0/0/0,18274:1747647665455:,1747647681581
counter/4/0/0/0,18275:1747647665455:,1747647681581
counter/4/0/0/0,18276:1747647665455:,1747647681581
counter/4/0/0/0,18277:1747647665455:,1747647681581
counter/4/0/0/0,18278:1747647665455:,1747647681581
counter/4/0/0/0,18279:1747647665455:,1747647681581
counter/4/0/0/0,18280:1747647665455:,1747647681581
counter/4/0/0/0,18281:1747647665455:,1747647681581
counter/4/0/0/0,18282:1747647665455:,1747647681581
counter/4/0/0/0,18283:1747647665457:,1747647681581
counter/4/0/0/0,18284:1747647665457:,1747647681581
counter/4/0/0/0,18285:1747647665457:,1747647681581
counter/4/0/0/0,18286:1747647665457:,1747647681581
counter/4/0/0/0,18287:1747647665457:,1747647681582
counter/4/0/0/0,18288:1747647665457:,1747647681582
counter/4/0/0/0,18289:1747647665457:,1747647681582
counter/4/0/0/0,18290:1747647665457:,1747647681582
counter/4/0/0/0,18291:1747647665457:,1747647681582
counter/4/0/0/0,18292:1747647665457:,1747647681582
counter/9/0/0/0,23999:1747647668004:,1747647681582
counter/4/0/0/0,18293:1747647665457:,1747647681582
counter/10/0/0/0,18384:1747647664456:,1747647681582
counter/4/0/0/0,18294:1747647665457:,1747647681582
counter/5/0/0/0,20450:1747647665983:,1747647681582
counter/2/0/0/0,22755:1747647668193:,1747647681582
counter/4/0/0/0,18295:1747647665457:,1747647681582
counter/8/0/0/0,20879:1747647665695:,1747647681582
counter/7/0/0/0,16975:1747647663060:,1747647681582
counter/4/0/0/0,18296:1747647665457:,1747647681582
counter/3/0/0/0,17916:1747647664732:,1747647681582
counter/6/0/0/0,17502:1747647664721:,1747647681582
counter/4/0/0/0,18297:1747647665457:,1747647681582
counter/4/0/0/0,18298:1747647665457:,1747647681582
counter/4/0/0/0,18299:1747647665458:,1747647681582
counter/1/0/0/0,18846:1747647665382:,1747647681582
counter/4/0/0/0,18300:1747647665458:,1747647681582
counter/7/0/0/0,16976:1747647663060:,1747647681582
counter/4/0/0/0,18301:1747647665458:,1747647681582
counter/4/0/0/0,18302:1747647665458:,1747647681582
counter/4/0/0/0,18303:1747647665462:,1747647681582
counter/6/0/0/0,17503:1747647664721:,1747647681582
counter/4/0/0/0,18304:1747647665462:,1747647681582
counter/5/0/0/0,20451:1747647665983:,1747647681582
counter/4/0/0/0,18305:1747647665462:,1747647681582
counter/2/0/0/0,22756:1747647668193:,1747647681582
counter/8/0/0/0,20880:1747647665695:,1747647681582
counter/4/0/0/0,18306:1747647665462:,1747647681582
counter/1/0/0/0,18847:1747647665382:,1747647681582
counter/3/0/0/0,17917:1747647664732:,1747647681582
counter/4/0/0/0,18307:1747647665462:,1747647681582
counter/9/0/0/0,24000:1747647668014:,1747647681582
counter/4/0/0/0,18308:1747647665463:,1747647681582
counter/4/0/0/0,18309:1747647665463:,1747647681582
counter/4/0/0/0,18310:1747647665463:,1747647681582
counter/4/0/0/0,18311:1747647665463:,1747647681583
counter/4/0/0/0,18312:1747647665463:,1747647681583
counter/4/0/0/0,18313:1747647665463:,1747647681583
counter/1/0/0/0,18848:1747647665382:,1747647681583
counter/4/0/0/0,18314:1747647665463:,1747647681583
counter/3/0/0/0,17918:1747647664732:,1747647681583
counter/4/0/0/0,18315:1747647665463:,1747647681583
counter/9/0/0/0,24001:1747647668014:,1747647681583
counter/10/0/0/0,18385:1747647664456:,1747647681583
counter/4/0/0/0,18316:1747647665463:,1747647681583
counter/7/0/0/0,16977:1747647663060:,1747647681583
counter/4/0/0/0,18317:1747647665463:,1747647681583
counter/7/0/0/0,16978:1747647663060:,1747647681583
counter/4/0/0/0,18318:1747647665463:,1747647681583
counter/7/0/0/0,16979:1747647663061:,1747647681583
counter/4/0/0/0,18319:1747647665463:,1747647681583
counter/7/0/0/0,16980:1747647663061:,1747647681583
counter/8/0/0/0,20881:1747647665695:,1747647681583
counter/4/0/0/0,18320:1747647665464:,1747647681583
counter/7/0/0/0,16981:1747647663061:,1747647681583
counter/4/0/0/0,18321:1747647665464:,1747647681583
counter/4/0/0/0,18322:1747647665464:,1747647681583
counter/4/0/0/0,18323:1747647665464:,1747647681583
counter/1/0/0/0,18849:1747647665382:,1747647681583
counter/4/0/0/0,18324:1747647665464:,1747647681583
counter/3/0/0/0,17919:1747647664732:,1747647681583
counter/4/0/0/0,18325:1747647665464:,1747647681583
counter/4/0/0/0,18326:1747647665464:,1747647681583
counter/2/0/0/0,22757:1747647668193:,1747647681583
counter/4/0/0/0,18327:1747647665466:,1747647681583
counter/2/0/0/0,22758:1747647668193:,1747647681583
counter/8/0/0/0,20882:1747647665695:,1747647681583
counter/4/0/0/0,18328:1747647665466:,1747647681583
counter/5/0/0/0,20452:1747647665983:,1747647681583
counter/10/0/0/0,18386:1747647664457:,1747647681583
counter/4/0/0/0,18329:1747647665467:,1747647681583
counter/7/0/0/0,16982:1747647663061:,1747647681583
counter/4/0/0/0,18330:1747647665467:,1747647681583
counter/7/0/0/0,16983:1747647663061:,1747647681583
counter/4/0/0/0,18331:1747647665467:,1747647681583
counter/7/0/0/0,16984:1747647663061:,1747647681583
counter/4/0/0/0,18332:1747647665467:,1747647681583
counter/7/0/0/0,16985:1747647663061:,1747647681583
counter/4/0/0/0,18333:1747647665467:,1747647681583
counter/4/0/0/0,18334:1747647665467:,1747647681584
counter/4/0/0/0,18335:1747647665467:,1747647681584
counter/1/0/0/0,18850:1747647665382:,1747647681584
counter/4/0/0/0,18336:1747647665467:,1747647681584
counter/3/0/0/0,17920:1747647664732:,1747647681584
counter/4/0/0/0,18337:1747647665468:,1747647681584
counter/6/0/0/0,17504:1747647664721:,1747647681584
counter/8/0/0/0,20883:1747647665695:,1747647681584
counter/4/0/0/0,18338:1747647665468:,1747647681584
counter/2/0/0/0,22759:1747647668193:,1747647681584
counter/4/0/0/0,18339:1747647665468:,1747647681584
counter/2/0/0/0,22760:1747647668193:,1747647681584
counter/4/0/0/0,18340:1747647665468:,1747647681584
counter/2/0/0/0,22761:1747647668193:,1747647681584
counter/4/0/0/0,18341:1747647665468:,1747647681584
counter/2/0/0/0,22762:1747647668193:,1747647681584
counter/4/0/0/0,18342:1747647665468:,1747647681584
counter/2/0/0/0,22763:1747647668193:,1747647681584
counter/4/0/0/0,18343:1747647665468:,1747647681584
counter/2/0/0/0,22764:1747647668193:,1747647681584
counter/4/0/0/0,18344:1747647665468:,1747647681584
counter/2/0/0/0,22765:1747647668193:,1747647681584
counter/4/0/0/0,18345:1747647665468:,1747647681584
counter/2/0/0/0,22766:1747647668193:,1747647681584
counter/4/0/0/0,18346:1747647665468:,1747647681584
counter/2/0/0/0,22767:1747647668193:,1747647681584
counter/4/0/0/0,18347:1747647665472:,1747647681584
counter/2/0/0/0,22768:1747647668193:,1747647681584
counter/4/0/0/0,18348:1747647665472:,1747647681584
counter/2/0/0/0,22769:1747647668193:,1747647681584
counter/4/0/0/0,18349:1747647665472:,1747647681584
counter/2/0/0/0,22770:1747647668193:,1747647681584
counter/4/0/0/0,18350:1747647665472:,1747647681584
counter/2/0/0/0,22771:1747647668194:,1747647681584
counter/4/0/0/0,18351:1747647665472:,1747647681584
counter/2/0/0/0,22772:1747647668194:,1747647681584
counter/4/0/0/0,18352:1747647665472:,1747647681584
counter/2/0/0/0,22773:1747647668194:,1747647681584
counter/4/0/0/0,18353:1747647665473:,1747647681584
counter/2/0/0/0,22774:1747647668194:,1747647681585
counter/4/0/0/0,18354:1747647665473:,1747647681585
counter/2/0/0/0,22775:1747647668194:,1747647681585
counter/4/0/0/0,18355:1747647665473:,1747647681585
counter/2/0/0/0,22776:1747647668197:,1747647681585
counter/4/0/0/0,18356:1747647665475:,1747647681585
counter/2/0/0/0,22777:1747647668197:,1747647681585
counter/4/0/0/0,18357:1747647665475:,1747647681585
counter/2/0/0/0,22778:1747647668197:,1747647681585
counter/4/0/0/0,18358:1747647665475:,1747647681585
counter/2/0/0/0,22779:1747647668197:,1747647681585
counter/4/0/0/0,18359:1747647665475:,1747647681585
counter/2/0/0/0,22780:1747647668198:,1747647681585
counter/4/0/0/0,18360:1747647665475:,1747647681585
counter/2/0/0/0,22781:1747647668198:,1747647681585
counter/4/0/0/0,18361:1747647665475:,1747647681585
counter/2/0/0/0,22782:1747647668198:,1747647681585
counter/4/0/0/0,18362:1747647665475:,1747647681585
counter/2/0/0/0,22783:1747647668198:,1747647681585
counter/4/0/0/0,18363:1747647665475:,1747647681585
counter/2/0/0/0,22784:1747647668198:,1747647681585
counter/4/0/0/0,18364:1747647665475:,1747647681585
counter/2/0/0/0,22785:1747647668198:,1747647681585
counter/4/0/0/0,18365:1747647665476:,1747647681585
counter/2/0/0/0,22786:1747647668210:,1747647681585
counter/4/0/0/0,18366:1747647665477:,1747647681585
counter/2/0/0/0,22787:1747647668210:,1747647681585
counter/4/0/0/0,18367:1747647665477:,1747647681585
counter/2/0/0/0,22788:1747647668210:,1747647681585
counter/4/0/0/0,18368:1747647665477:,1747647681585
counter/2/0/0/0,22789:1747647668210:,1747647681585
counter/4/0/0/0,18369:1747647665477:,1747647681585
counter/2/0/0/0,22790:1747647668210:,1747647681585
counter/4/0/0/0,18370:1747647665477:,1747647681585
counter/2/0/0/0,22791:1747647668210:,1747647681585
counter/4/0/0/0,18371:1747647665477:,1747647681585
counter/2/0/0/0,22792:1747647668210:,1747647681585
counter/4/0/0/0,18372:1747647665477:,1747647681585
counter/2/0/0/0,22793:1747647668210:,1747647681585
counter/4/0/0/0,18373:1747647665482:,1747647681585
counter/2/0/0/0,22794:1747647668210:,1747647681585
counter/4/0/0/0,18374:1747647665482:,1747647681586
counter/2/0/0/0,22795:1747647668210:,1747647681586
counter/4/0/0/0,18375:1747647665482:,1747647681586
counter/2/0/0/0,22796:1747647668210:,1747647681586
counter/4/0/0/0,18376:1747647665482:,1747647681586
counter/2/0/0/0,22797:1747647668210:,1747647681586
counter/4/0/0/0,18377:1747647665482:,1747647681586
counter/2/0/0/0,22798:1747647668210:,1747647681586
counter/4/0/0/0,18378:1747647665482:,1747647681586
counter/2/0/0/0,22799:1747647668210:,1747647681586
counter/4/0/0/0,18379:1747647665482:,1747647681586
counter/2/0/0/0,22800:1747647668222:,1747647681586
counter/4/0/0/0,18380:1747647665482:,1747647681586
counter/2/0/0/0,22801:1747647668222:,1747647681586
counter/4/0/0/0,18381:1747647665482:,1747647681586
counter/2/0/0/0,22802:1747647668222:,1747647681586
counter/4/0/0/0,18382:1747647665482:,1747647681586
counter/2/0/0/0,22803:1747647668222:,1747647681586
counter/4/0/0/0,18383:1747647665482:,1747647681586
counter/2/0/0/0,22804:1747647668227:,1747647681586
counter/4/0/0/0,18384:1747647665482:,1747647681586
counter/2/0/0/0,22805:1747647668227:,1747647681586
counter/4/0/0/0,18385:1747647665483:,1747647681586
counter/2/0/0/0,22806:1747647668227:,1747647681586
counter/4/0/0/0,18386:1747647665483:,1747647681586
counter/2/0/0/0,22807:1747647668227:,1747647681586
counter/4/0/0/0,18387:1747647665483:,1747647681586
counter/2/0/0/0,22808:1747647668227:,1747647681586
counter/4/0/0/0,18388:1747647665483:,1747647681586
counter/2/0/0/0,22809:1747647668227:,1747647681586
counter/4/0/0/0,18389:1747647665483:,1747647681586
counter/2/0/0/0,22810:1747647668227:,1747647681586
counter/4/0/0/0,18390:1747647665483:,1747647681586
counter/2/0/0/0,22811:1747647668227:,1747647681586
counter/4/0/0/0,18391:1747647665483:,1747647681586
counter/2/0/0/0,22812:1747647668227:,1747647681586
counter/4/0/0/0,18392:1747647665483:,1747647681586
counter/2/0/0/0,22813:1747647668227:,1747647681586
counter/4/0/0/0,18393:1747647665483:,1747647681586
counter/2/0/0/0,22814:1747647668227:,1747647681586
counter/4/0/0/0,18394:1747647665483:,1747647681586
counter/2/0/0/0,22815:1747647668227:,1747647681586
counter/4/0/0/0,18395:1747647665483:,1747647681587
counter/2/0/0/0,22816:1747647668228:,1747647681587
counter/4/0/0/0,18396:1747647665488:,1747647681587
counter/2/0/0/0,22817:1747647668228:,1747647681587
counter/4/0/0/0,18397:1747647665488:,1747647681587
counter/2/0/0/0,22818:1747647668241:,1747647681587
counter/4/0/0/0,18398:1747647665488:,1747647681587
counter/2/0/0/0,22819:1747647668241:,1747647681587
counter/4/0/0/0,18399:1747647665488:,1747647681587
counter/2/0/0/0,22820:1747647668241:,1747647681587
counter/4/0/0/0,18400:1747647665489:,1747647681587
counter/2/0/0/0,22821:1747647668241:,1747647681587
counter/4/0/0/0,18401:1747647665489:,1747647681587
counter/2/0/0/0,22822:1747647668241:,1747647681587
counter/4/0/0/0,18402:1747647665489:,1747647681587
counter/2/0/0/0,22823:1747647668248:,1747647681587
counter/4/0/0/0,18403:1747647665489:,1747647681587
counter/2/0/0/0,22824:1747647668253:,1747647681587
counter/4/0/0/0,18404:1747647665493:,1747647681587
counter/2/0/0/0,22825:1747647668253:,1747647681587
counter/4/0/0/0,18405:1747647665493:,1747647681587
counter/2/0/0/0,22826:1747647668253:,1747647681587
counter/4/0/0/0,18406:1747647665493:,1747647681587
counter/2/0/0/0,22827:1747647668253:,1747647681587
counter/4/0/0/0,18407:1747647665493:,1747647681587
counter/2/0/0/0,22828:1747647668254:,1747647681587
counter/4/0/0/0,18408:1747647665493:,1747647681587
counter/2/0/0/0,22829:1747647668254:,1747647681587
counter/4/0/0/0,18409:1747647665496:,1747647681587
counter/2/0/0/0,22830:1747647668254:,1747647681587
counter/4/0/0/0,18410:1747647665496:,1747647681587
counter/2/0/0/0,22831:1747647668254:,1747647681587
counter/4/0/0/0,18411:1747647665496:,1747647681587
counter/2/0/0/0,22832:1747647668254:,1747647681587
counter/4/0/0/0,18412:1747647665496:,1747647681587
counter/2/0/0/0,22833:1747647668254:,1747647681587
counter/4/0/0/0,18413:1747647665496:,1747647681587
counter/2/0/0/0,22834:1747647668254:,1747647681588
counter/4/0/0/0,18414:1747647665496:,1747647681588
counter/2/0/0/0,22835:1747647668254:,1747647681588
counter/2/0/0/0,22836:1747647668254:,1747647681588
counter/2/0/0/0,22837:1747647668254:,1747647681588
counter/2/0/0/0,22838:1747647668254:,1747647681588
counter/2/0/0/0,22839:1747647668255:,1747647681588
counter/2/0/0/0,22840:1747647668255:,1747647681588
counter/2/0/0/0,22841:1747647668262:,1747647681588
counter/2/0/0/0,22842:1747647668262:,1747647681588
counter/2/0/0/0,22843:1747647668262:,1747647681588
counter/2/0/0/0,22844:1747647668262:,1747647681588
counter/2/0/0/0,22845:1747647668278:,1747647681588
counter/2/0/0/0,22846:1747647668286:,1747647681588
counter/2/0/0/0,22847:1747647668286:,1747647681588
counter/2/0/0/0,22848:1747647668286:,1747647681588
counter/2/0/0/0,22849:1747647668286:,1747647681588
counter/2/0/0/0,22850:1747647668286:,1747647681588
counter/2/0/0/0,22851:1747647668286:,1747647681588
counter/2/0/0/0,22852:1747647668286:,1747647681588
counter/2/0/0/0,22853:1747647668286:,1747647681588
counter/2/0/0/0,22854:1747647668287:,1747647681588
counter/2/0/0/0,22855:1747647668287:,1747647681588
counter/2/0/0/0,22856:1747647668287:,1747647681588
counter/2/0/0/0,22857:1747647668287:,1747647681588
counter/2/0/0/0,22858:1747647668287:,1747647681588
counter/2/0/0/0,22859:1747647668287:,1747647681588
counter/2/0/0/0,22860:1747647668288:,1747647681588
counter/2/0/0/0,22861:1747647668288:,1747647681588
counter/2/0/0/0,22862:1747647668288:,1747647681588
counter/2/0/0/0,22863:1747647668288:,1747647681588
counter/2/0/0/0,22864:1747647668297:,1747647681588
counter/2/0/0/0,22865:1747647668297:,1747647681588
counter/2/0/0/0,22866:1747647668297:,1747647681588
counter/2/0/0/0,22867:1747647668297:,1747647681588
counter/2/0/0/0,22868:1747647668297:,1747647681588
counter/2/0/0/0,22869:1747647668297:,1747647681588
counter/2/0/0/0,22870:1747647668304:,1747647681589
counter/2/0/0/0,22871:1747647668304:,1747647681589
counter/2/0/0/0,22872:1747647668304:,1747647681589
counter/2/0/0/0,22873:1747647668304:,1747647681589
counter/2/0/0/0,22874:1747647668304:,1747647681589
counter/2/0/0/0,22875:1747647668304:,1747647681589
counter/2/0/0/0,22876:1747647668304:,1747647681589
counter/2/0/0/0,22877:1747647668304:,1747647681589
counter/2/0/0/0,22878:1747647668304:,1747647681589
counter/2/0/0/0,22879:1747647668304:,1747647681589
counter/2/0/0/0,22880:1747647668304:,1747647681589
counter/2/0/0/0,22881:1747647668304:,1747647681589
counter/2/0/0/0,22882:1747647668305:,1747647681589
counter/2/0/0/0,22883:1747647668306:,1747647681589
counter/2/0/0/0,22884:1747647668306:,1747647681589
counter/2/0/0/0,22885:1747647668308:,1747647681589
counter/2/0/0/0,22886:1747647668309:,1747647681589
counter/2/0/0/0,22887:1747647668312:,1747647681589
counter/2/0/0/0,22888:1747647668312:,1747647681589
counter/2/0/0/0,22889:1747647668312:,1747647681589
counter/2/0/0/0,22890:1747647668312:,1747647681589
counter/2/0/0/0,22891:1747647668312:,1747647681589
counter/2/0/0/0,22892:1747647668312:,1747647681589
counter/2/0/0/0,22893:1747647668312:,1747647681589
counter/2/0/0/0,22894:1747647668312:,1747647681589
counter/2/0/0/0,22895:1747647668312:,1747647681589
counter/2/0/0/0,22896:1747647668312:,1747647681589
counter/2/0/0/0,22897:1747647668312:,1747647681589
counter/2/0/0/0,22898:1747647668312:,1747647681589
counter/2/0/0/0,22899:1747647668312:,1747647681589
counter/2/0/0/0,22900:1747647668312:,1747647681589
counter/2/0/0/0,22901:1747647668313:,1747647681589
counter/2/0/0/0,22902:1747647668317:,1747647681589
counter/2/0/0/0,22903:1747647668317:,1747647681589
counter/2/0/0/0,22904:1747647668317:,1747647681589
counter/2/0/0/0,22905:1747647668317:,1747647681589
counter/2/0/0/0,22906:1747647668317:,1747647681589
counter/2/0/0/0,22907:1747647668317:,1747647681589
counter/2/0/0/0,22908:1747647668324:,1747647681589
counter/2/0/0/0,22909:1747647668324:,1747647681589
counter/2/0/0/0,22910:1747647668324:,1747647681589
counter/2/0/0/0,22911:1747647668324:,1747647681589
counter/2/0/0/0,22912:1747647668324:,1747647681589
counter/2/0/0/0,22913:1747647668324:,1747647681590
counter/2/0/0/0,22914:1747647668324:,1747647681590
counter/2/0/0/0,22915:1747647668324:,1747647681590
counter/2/0/0/0,22916:1747647668324:,1747647681590
counter/2/0/0/0,22917:1747647668324:,1747647681590
counter/2/0/0/0,22918:1747647668324:,1747647681590
counter/2/0/0/0,22919:1747647668324:,1747647681590
counter/2/0/0/0,22920:1747647668324:,1747647681590
counter/2/0/0/0,22921:1747647668324:,1747647681590
counter/2/0/0/0,22922:1747647668324:,1747647681590
counter/2/0/0/0,22923:1747647668324:,1747647681590
counter/2/0/0/0,22924:1747647668324:,1747647681590
counter/2/0/0/0,22925:1747647668327:,1747647681590
counter/2/0/0/0,22926:1747647668327:,1747647681590
counter/2/0/0/0,22927:1747647668327:,1747647681590
counter/2/0/0/0,22928:1747647668328:,1747647681590
counter/2/0/0/0,22929:1747647668328:,1747647681590
counter/2/0/0/0,22930:1747647668328:,1747647681590
counter/2/0/0/0,22931:1747647668328:,1747647681590
counter/2/0/0/0,22932:1747647668328:,1747647681590
counter/2/0/0/0,22933:1747647668328:,1747647681590
counter/2/0/0/0,22934:1747647668328:,1747647681590
counter/2/0/0/0,22935:1747647668328:,1747647681590
counter/2/0/0/0,22936:1747647668328:,1747647681590
counter/2/0/0/0,22937:1747647668336:,1747647681590
counter/2/0/0/0,22938:1747647668336:,1747647681590
counter/2/0/0/0,22939:1747647668336:,1747647681590
counter/2/0/0/0,22940:1747647668336:,1747647681590
counter/2/0/0/0,22941:1747647668336:,1747647681590
counter/2/0/0/0,22942:1747647668337:,1747647681590
counter/2/0/0/0,22943:1747647668337:,1747647681590
counter/2/0/0/0,22944:1747647668337:,1747647681590
counter/2/0/0/0,22945:1747647668337:,1747647681590
counter/2/0/0/0,22946:1747647668337:,1747647681590
counter/2/0/0/0,22947:1747647668337:,1747647681590
counter/2/0/0/0,22948:1747647668337:,1747647681590
counter/2/0/0/0,22949:1747647668337:,1747647681590
counter/2/0/0/0,22950:1747647668338:,1747647681590
counter/2/0/0/0,22951:1747647668338:,1747647681590
counter/2/0/0/0,22952:1747647668338:,1747647681590
counter/2/0/0/0,22953:1747647668338:,1747647681590
counter/2/0/0/0,22954:1747647668348:,1747647681590
counter/2/0/0/0,22955:1747647668348:,1747647681590
counter/2/0/0/0,22956:1747647668348:,1747647681591
counter/2/0/0/0,22957:1747647668348:,1747647681591
counter/2/0/0/0,22958:1747647668348:,1747647681591
counter/2/0/0/0,22959:1747647668348:,1747647681591
counter/2/0/0/0,22960:1747647668348:,1747647681591
counter/2/0/0/0,22961:1747647668348:,1747647681591
counter/2/0/0/0,22962:1747647668348:,1747647681591
counter/2/0/0/0,22963:1747647668348:,1747647681591
counter/2/0/0/0,22964:1747647668348:,1747647681591
counter/2/0/0/0,22965:1747647668348:,1747647681591
counter/2/0/0/0,22966:1747647668349:,1747647681591
counter/2/0/0/0,22967:1747647668349:,1747647681591
counter/2/0/0/0,22968:1747647668372:,1747647681591
counter/2/0/0/0,22969:1747647668372:,1747647681591
counter/2/0/0/0,22970:1747647668372:,1747647681591
counter/2/0/0/0,22971:1747647668372:,1747647681591
counter/2/0/0/0,22972:1747647668372:,1747647681591
counter/2/0/0/0,22973:1747647668372:,1747647681591
counter/2/0/0/0,22974:1747647668372:,1747647681591
counter/2/0/0/0,22975:1747647668372:,1747647681591
counter/2/0/0/0,22976:1747647668393:,1747647681591
counter/2/0/0/0,22977:1747647668394:,1747647681591
counter/2/0/0/0,22978:1747647668394:,1747647681591
counter/2/0/0/0,22979:1747647668394:,1747647681591
counter/2/0/0/0,22980:1747647668394:,1747647681591
counter/2/0/0/0,22981:1747647668394:,1747647681591
counter/2/0/0/0,22982:1747647668394:,1747647681591
counter/2/0/0/0,22983:1747647668403:,1747647681591
counter/2/0/0/0,22984:1747647668403:,1747647681591
counter/3/0/0/0,17921:1747647664732:,1747647681591
counter/2/0/0/0,22985:1747647668403:,1747647681591
counter/7/0/0/0,16986:1747647663061:,1747647681591
counter/2/0/0/0,22986:1747647668403:,1747647681591
counter/8/0/0/0,20884:1747647665695:,1747647681591
counter/2/0/0/0,22987:1747647668403:,1747647681591
counter/1/0/0/0,18851:1747647665382:,1747647681591
counter/2/0/0/0,22988:1747647668404:,1747647681591
counter/10/0/0/0,18387:1747647664457:,1747647681591
counter/4/0/0/0,18415:1747647665496:,1747647681591
counter/2/0/0/0,22989:1747647668413:,1747647681591
counter/6/0/0/0,17505:1747647664721:,1747647681591
counter/2/0/0/0,22990:1747647668413:,1747647681591
counter/2/0/0/0,22991:1747647668413:,1747647681591
counter/2/0/0/0,22992:1747647668413:,1747647681591
counter/2/0/0/0,22993:1747647668413:,1747647681591
counter/2/0/0/0,22994:1747647668413:,1747647681591
counter/2/0/0/0,22995:1747647668413:,1747647681592
counter/2/0/0/0,22996:1747647668413:,1747647681592
counter/2/0/0/0,22997:1747647668413:,1747647681592
counter/2/0/0/0,22998:1747647668413:,1747647681592
counter/2/0/0/0,22999:1747647668413:,1747647681592
counter/2/0/0/0,23000:1747647668413:,1747647681592
counter/2/0/0/0,23001:1747647668413:,1747647681592
counter/2/0/0/0,23002:1747647668431:,1747647681592
counter/2/0/0/0,23003:1747647668431:,1747647681592
counter/2/0/0/0,23004:1747647668431:,1747647681592
counter/2/0/0/0,23005:1747647668431:,1747647681592
counter/2/0/0/0,23006:1747647668431:,1747647681592
counter/2/0/0/0,23007:1747647668431:,1747647681592
counter/2/0/0/0,23008:1747647668431:,1747647681592
counter/2/0/0/0,23009:1747647668431:,1747647681592
counter/2/0/0/0,23010:1747647668431:,1747647681592
counter/2/0/0/0,23011:1747647668431:,1747647681592
counter/2/0/0/0,23012:1747647668431:,1747647681592
counter/2/0/0/0,23013:1747647668431:,1747647681592
counter/2/0/0/0,23014:1747647668431:,1747647681592
counter/2/0/0/0,23015:1747647668431:,1747647681592
counter/2/0/0/0,23016:1747647668431:,1747647681592
counter/2/0/0/0,23017:1747647668431:,1747647681592
counter/2/0/0/0,23018:1747647668431:,1747647681592
counter/2/0/0/0,23019:1747647668437:,1747647681592
counter/2/0/0/0,23020:1747647668437:,1747647681592
counter/2/0/0/0,23021:1747647668437:,1747647681592
counter/2/0/0/0,23022:1747647668437:,1747647681592
counter/2/0/0/0,23023:1747647668437:,1747647681592
counter/2/0/0/0,23024:1747647668437:,1747647681592
counter/2/0/0/0,23025:1747647668437:,1747647681592
counter/2/0/0/0,23026:1747647668441:,1747647681592
counter/2/0/0/0,23027:1747647668454:,1747647681592
counter/2/0/0/0,23028:1747647668454:,1747647681592
counter/2/0/0/0,23029:1747647668454:,1747647681592
counter/2/0/0/0,23030:1747647668454:,1747647681592
counter/2/0/0/0,23031:1747647668454:,1747647681592
counter/2/0/0/0,23032:1747647668454:,1747647681592
counter/2/0/0/0,23033:1747647668454:,1747647681593
counter/2/0/0/0,23034:1747647668454:,1747647681593
counter/2/0/0/0,23035:1747647668454:,1747647681593
counter/2/0/0/0,23036:1747647668454:,1747647681593
counter/2/0/0/0,23037:1747647668464:,1747647681593
counter/2/0/0/0,23038:1747647668469:,1747647681593
counter/2/0/0/0,23039:1747647668469:,1747647681593
counter/2/0/0/0,23040:1747647668470:,1747647681593
counter/2/0/0/0,23041:1747647668470:,1747647681593
counter/2/0/0/0,23042:1747647668470:,1747647681593
counter/2/0/0/0,23043:1747647668470:,1747647681593
counter/2/0/0/0,23044:1747647668470:,1747647681593
counter/2/0/0/0,23045:1747647668470:,1747647681593
counter/2/0/0/0,23046:1747647668470:,1747647681593
counter/2/0/0/0,23047:1747647668470:,1747647681593
counter/2/0/0/0,23048:1747647668470:,1747647681593
counter/2/0/0/0,23049:1747647668470:,1747647681593
counter/2/0/0/0,23050:1747647668470:,1747647681593
counter/2/0/0/0,23051:1747647668470:,1747647681593
counter/2/0/0/0,23052:1747647668470:,1747647681593
counter/2/0/0/0,23053:1747647668470:,1747647681593
counter/2/0/0/0,23054:1747647668470:,1747647681593
counter/2/0/0/0,23055:1747647668470:,1747647681593
counter/2/0/0/0,23056:1747647668475:,1747647681593
counter/2/0/0/0,23057:1747647668476:,1747647681593
counter/2/0/0/0,23058:1747647668476:,1747647681593
counter/2/0/0/0,23059:1747647668476:,1747647681593
counter/2/0/0/0,23060:1747647668476:,1747647681593
counter/2/0/0/0,23061:1747647668476:,1747647681593
counter/2/0/0/0,23062:1747647668476:,1747647681593
counter/2/0/0/0,23063:1747647668476:,1747647681593
counter/2/0/0/0,23064:1747647668476:,1747647681593
counter/2/0/0/0,23065:1747647668476:,1747647681593
counter/2/0/0/0,23066:1747647668476:,1747647681593
counter/2/0/0/0,23067:1747647668476:,1747647681593
counter/2/0/0/0,23068:1747647668476:,1747647681593
counter/2/0/0/0,23069:1747647668476:,1747647681593
counter/2/0/0/0,23070:1747647668476:,1747647681593
counter/2/0/0/0,23071:1747647668476:,1747647681593
counter/2/0/0/0,23072:1747647668476:,1747647681593
counter/2/0/0/0,23073:1747647668495:,1747647681593
counter/2/0/0/0,23074:1747647668495:,1747647681594
counter/2/0/0/0,23075:1747647668495:,1747647681594
counter/2/0/0/0,23076:1747647668496:,1747647681594
counter/2/0/0/0,23077:1747647668507:,1747647681594
counter/2/0/0/0,23078:1747647668507:,1747647681594
counter/2/0/0/0,23079:1747647668513:,1747647681594
counter/2/0/0/0,23080:1747647668515:,1747647681594
counter/2/0/0/0,23081:1747647668515:,1747647681594
counter/2/0/0/0,23082:1747647668515:,1747647681594
counter/2/0/0/0,23083:1747647668515:,1747647681594
counter/2/0/0/0,23084:1747647668515:,1747647681594
counter/2/0/0/0,23085:1747647668515:,1747647681594
counter/2/0/0/0,23086:1747647668515:,1747647681594
counter/2/0/0/0,23087:1747647668515:,1747647681594
counter/2/0/0/0,23088:1747647668515:,1747647681594
counter/2/0/0/0,23089:1747647668515:,1747647681594
counter/2/0/0/0,23090:1747647668515:,1747647681594
counter/2/0/0/0,23091:1747647668515:,1747647681594
counter/2/0/0/0,23092:1747647668515:,1747647681594
counter/2/0/0/0,23093:1747647668519:,1747647681594
counter/2/0/0/0,23094:1747647668519:,1747647681594
counter/2/0/0/0,23095:1747647668519:,1747647681594
counter/2/0/0/0,23096:1747647668519:,1747647681594
counter/2/0/0/0,23097:1747647668524:,1747647681594
counter/2/0/0/0,23098:1747647668535:,1747647681594
counter/2/0/0/0,23099:1747647668535:,1747647681594
counter/2/0/0/0,23100:1747647668535:,1747647681594
counter/2/0/0/0,23101:1747647668535:,1747647681594
counter/2/0/0/0,23102:1747647668535:,1747647681594
counter/2/0/0/0,23103:1747647668535:,1747647681594
counter/2/0/0/0,23104:1747647668535:,1747647681594
counter/2/0/0/0,23105:1747647668535:,1747647681594
counter/2/0/0/0,23106:1747647668535:,1747647681594
counter/2/0/0/0,23107:1747647668535:,1747647681594
counter/2/0/0/0,23108:1747647668535:,1747647681594
counter/2/0/0/0,23109:1747647668543:,1747647681594
counter/2/0/0/0,23110:1747647668544:,1747647681594
counter/2/0/0/0,23111:1747647668544:,1747647681594
counter/2/0/0/0,23112:1747647668544:,1747647681594
counter/2/0/0/0,23113:1747647668544:,1747647681594
counter/2/0/0/0,23114:1747647668544:,1747647681594
counter/2/0/0/0,23115:1747647668544:,1747647681594
counter/2/0/0/0,23116:1747647668544:,1747647681594
counter/2/0/0/0,23117:1747647668544:,1747647681595
counter/2/0/0/0,23118:1747647668544:,1747647681595
counter/2/0/0/0,23119:1747647668544:,1747647681595
counter/2/0/0/0,23120:1747647668544:,1747647681595
counter/2/0/0/0,23121:1747647668544:,1747647681595
counter/2/0/0/0,23122:1747647668544:,1747647681595
counter/2/0/0/0,23123:1747647668544:,1747647681595
counter/2/0/0/0,23124:1747647668544:,1747647681595
counter/2/0/0/0,23125:1747647668544:,1747647681595
counter/2/0/0/0,23126:1747647668545:,1747647681595
counter/2/0/0/0,23127:1747647668545:,1747647681595
counter/2/0/0/0,23128:1747647668545:,1747647681595
counter/2/0/0/0,23129:1747647668546:,1747647681595
counter/2/0/0/0,23130:1747647668553:,1747647681595
counter/5/0/0/0,20453:1747647665983:,1747647681595
counter/2/0/0/0,23131:1747647668553:,1747647681595
counter/6/0/0/0,17506:1747647664722:,1747647681595
counter/2/0/0/0,23132:1747647668553:,1747647681595
counter/4/0/0/0,18416:1747647665496:,1747647681595
counter/10/0/0/0,18388:1747647664457:,1747647681595
counter/2/0/0/0,23133:1747647668553:,1747647681595
counter/3/0/0/0,17922:1747647664732:,1747647681595
counter/2/0/0/0,23134:1747647668553:,1747647681595
counter/7/0/0/0,16987:1747647663061:,1747647681595
counter/8/0/0/0,20885:1747647665695:,1747647681595
counter/2/0/0/0,23135:1747647668553:,1747647681595
counter/2/0/0/0,23136:1747647668553:,1747647681595
counter/2/0/0/0,23137:1747647668553:,1747647681595
counter/2/0/0/0,23138:1747647668553:,1747647681595
counter/2/0/0/0,23139:1747647668553:,1747647681595
counter/2/0/0/0,23140:1747647668553:,1747647681595
counter/2/0/0/0,23141:1747647668553:,1747647681595
counter/2/0/0/0,23142:1747647668553:,1747647681595
counter/2/0/0/0,23143:1747647668553:,1747647681595
counter/2/0/0/0,23144:1747647668557:,1747647681595
counter/2/0/0/0,23145:1747647668557:,1747647681595
counter/2/0/0/0,23146:1747647668557:,1747647681595
counter/2/0/0/0,23147:1747647668557:,1747647681595
counter/2/0/0/0,23148:1747647668557:,1747647681595
counter/2/0/0/0,23149:1747647668557:,1747647681595
counter/2/0/0/0,23150:1747647668557:,1747647681595
counter/2/0/0/0,23151:1747647668557:,1747647681595
counter/2/0/0/0,23152:1747647668557:,1747647681595
counter/2/0/0/0,23153:1747647668557:,1747647681595
counter/2/0/0/0,23154:1747647668557:,1747647681595
counter/2/0/0/0,23155:1747647668558:,1747647681595
counter/2/0/0/0,23156:1747647668558:,1747647681595
counter/2/0/0/0,23157:1747647668558:,1747647681595
counter/2/0/0/0,23158:1747647668558:,1747647681595
counter/2/0/0/0,23159:1747647668558:,1747647681596
counter/2/0/0/0,23160:1747647668558:,1747647681596
counter/2/0/0/0,23161:1747647668558:,1747647681596
counter/2/0/0/0,23162:1747647668558:,1747647681596
counter/2/0/0/0,23163:1747647668558:,1747647681596
counter/2/0/0/0,23164:1747647668558:,1747647681596
counter/2/0/0/0,23165:1747647668558:,1747647681596
counter/2/0/0/0,23166:1747647668558:,1747647681596
counter/2/0/0/0,23167:1747647668558:,1747647681596
counter/2/0/0/0,23168:1747647668558:,1747647681596
counter/2/0/0/0,23169:1747647668558:,1747647681596
counter/2/0/0/0,23170:1747647668558:,1747647681596
counter/2/0/0/0,23171:1747647668558:,1747647681596
counter/2/0/0/0,23172:1747647668559:,1747647681596
counter/2/0/0/0,23173:1747647668560:,1747647681596
counter/2/0/0/0,23174:1747647668560:,1747647681596
counter/2/0/0/0,23175:1747647668560:,1747647681596
counter/2/0/0/0,23176:1747647668570:,1747647681596
counter/2/0/0/0,23177:1747647668589:,1747647681596
counter/2/0/0/0,23178:1747647668590:,1747647681596
counter/2/0/0/0,23179:1747647668590:,1747647681596
counter/2/0/0/0,23180:1747647668590:,1747647681596
counter/2/0/0/0,23181:1747647668590:,1747647681596
counter/2/0/0/0,23182:1747647668590:,1747647681596
counter/2/0/0/0,23183:1747647668590:,1747647681596
counter/2/0/0/0,23184:1747647668590:,1747647681596
counter/2/0/0/0,23185:1747647668590:,1747647681596
counter/2/0/0/0,23186:1747647668590:,1747647681596
counter/2/0/0/0,23187:1747647668590:,1747647681596
counter/2/0/0/0,23188:1747647668590:,1747647681596
counter/2/0/0/0,23189:1747647668590:,1747647681596
counter/2/0/0/0,23190:1747647668590:,1747647681596
counter/2/0/0/0,23191:1747647668590:,1747647681596
counter/2/0/0/0,23192:1747647668590:,1747647681596
counter/2/0/0/0,23193:1747647668590:,1747647681596
counter/2/0/0/0,23194:1747647668592:,1747647681596
counter/2/0/0/0,23195:1747647668592:,1747647681596
counter/2/0/0/0,23196:1747647668592:,1747647681596
counter/2/0/0/0,23197:1747647668592:,1747647681596
counter/2/0/0/0,23198:1747647668593:,1747647681596
counter/2/0/0/0,23199:1747647668593:,1747647681596
counter/2/0/0/0,23200:1747647668593:,1747647681596
counter/2/0/0/0,23201:1747647668593:,1747647681596
counter/2/0/0/0,23202:1747647668593:,1747647681596
counter/5/0/0/0,20454:1747647665983:,1747647681596
counter/2/0/0/0,23203:1747647668593:,1747647681596
counter/3/0/0/0,17923:1747647664732:,1747647681596
counter/2/0/0/0,23204:1747647668593:,1747647681596
counter/7/0/0/0,16988:1747647663061:,1747647681596
counter/2/0/0/0,23205:1747647668593:,1747647681597
counter/10/0/0/0,18389:1747647664457:,1747647681597
counter/1/0/0/0,18852:1747647665382:,1747647681597
counter/2/0/0/0,23206:1747647668593:,1747647681597
counter/8/0/0/0,20886:1747647665695:,1747647681597
counter/6/0/0/0,17507:1747647664722:,1747647681597
counter/2/0/0/0,23207:1747647668593:,1747647681597
counter/4/0/0/0,18417:1747647665499:,1747647681597
counter/2/0/0/0,23208:1747647668593:,1747647681597
counter/2/0/0/0,23209:1747647668600:,1747647681597
counter/2/0/0/0,23210:1747647668600:,1747647681597
counter/2/0/0/0,23211:1747647668600:,1747647681597
counter/2/0/0/0,23212:1747647668600:,1747647681597
counter/2/0/0/0,23213:1747647668600:,1747647681597
counter/2/0/0/0,23214:1747647668600:,1747647681597
counter/2/0/0/0,23215:1747647668600:,1747647681597
counter/2/0/0/0,23216:1747647668600:,1747647681597
counter/2/0/0/0,23217:1747647668600:,1747647681597
counter/2/0/0/0,23218:1747647668600:,1747647681597
counter/2/0/0/0,23219:1747647668606:,1747647681597
counter/2/0/0/0,23220:1747647668606:,1747647681597
counter/2/0/0/0,23221:1747647668609:,1747647681597
counter/2/0/0/0,23222:1747647668609:,1747647681597
counter/2/0/0/0,23223:1747647668609:,1747647681597
counter/2/0/0/0,23224:1747647668609:,1747647681597
counter/2/0/0/0,23225:1747647668609:,1747647681597
counter/2/0/0/0,23226:1747647668609:,1747647681597
counter/2/0/0/0,23227:1747647668609:,1747647681597
counter/2/0/0/0,23228:1747647668617:,1747647681597
counter/2/0/0/0,23229:1747647668617:,1747647681597
counter/2/0/0/0,23230:1747647668617:,1747647681597
counter/2/0/0/0,23231:1747647668617:,1747647681597
counter/2/0/0/0,23232:1747647668617:,1747647681597
counter/2/0/0/0,23233:1747647668619:,1747647681597
counter/2/0/0/0,23234:1747647668620:,1747647681597
counter/2/0/0/0,23235:1747647668620:,1747647681597
counter/2/0/0/0,23236:1747647668620:,1747647681597
counter/2/0/0/0,23237:1747647668620:,1747647681597
counter/2/0/0/0,23238:1747647668620:,1747647681597
counter/2/0/0/0,23239:1747647668620:,1747647681597
counter/2/0/0/0,23240:1747647668621:,1747647681597
counter/2/0/0/0,23241:1747647668622:,1747647681598
counter/2/0/0/0,23242:1747647668622:,1747647681598
counter/2/0/0/0,23243:1747647668622:,1747647681598
counter/2/0/0/0,23244:1747647668622:,1747647681598
counter/2/0/0/0,23245:1747647668622:,1747647681598
counter/2/0/0/0,23246:1747647668622:,1747647681598
counter/2/0/0/0,23247:1747647668622:,1747647681598
counter/2/0/0/0,23248:1747647668622:,1747647681598
counter/2/0/0/0,23249:1747647668626:,1747647681598
counter/2/0/0/0,23250:1747647668626:,1747647681598
counter/2/0/0/0,23251:1747647668626:,1747647681598
counter/2/0/0/0,23252:1747647668626:,1747647681598
counter/2/0/0/0,23253:1747647668626:,1747647681598
counter/2/0/0/0,23254:1747647668626:,1747647681598
counter/2/0/0/0,23255:1747647668626:,1747647681598
counter/2/0/0/0,23256:1747647668632:,1747647681598
counter/2/0/0/0,23257:1747647668632:,1747647681598
counter/2/0/0/0,23258:1747647668632:,1747647681598
counter/2/0/0/0,23259:1747647668632:,1747647681598
counter/2/0/0/0,23260:1747647668632:,1747647681598
counter/2/0/0/0,23261:1747647668633:,1747647681598
counter/2/0/0/0,23262:1747647668633:,1747647681598
counter/2/0/0/0,23263:1747647668633:,1747647681598
counter/2/0/0/0,23264:1747647668633:,1747647681598
counter/2/0/0/0,23265:1747647668633:,1747647681598
counter/2/0/0/0,23266:1747647668633:,1747647681598
counter/2/0/0/0,23267:1747647668633:,1747647681598
counter/2/0/0/0,23268:1747647668633:,1747647681598
counter/2/0/0/0,23269:1747647668633:,1747647681598
counter/2/0/0/0,23270:1747647668633:,1747647681598
counter/2/0/0/0,23271:1747647668633:,1747647681598
counter/2/0/0/0,23272:1747647668643:,1747647681598
counter/2/0/0/0,23273:1747647668643:,1747647681598
counter/2/0/0/0,23274:1747647668643:,1747647681598
counter/2/0/0/0,23275:1747647668643:,1747647681598
counter/2/0/0/0,23276:1747647668643:,1747647681598
counter/2/0/0/0,23277:1747647668643:,1747647681598
counter/2/0/0/0,23278:1747647668643:,1747647681598
counter/2/0/0/0,23279:1747647668643:,1747647681598
counter/2/0/0/0,23280:1747647668643:,1747647681598
counter/2/0/0/0,23281:1747647668650:,1747647681598
counter/2/0/0/0,23282:1747647668650:,1747647681598
counter/2/0/0/0,23283:1747647668652:,1747647681598
counter/2/0/0/0,23284:1747647668652:,1747647681599
counter/2/0/0/0,23285:1747647668652:,1747647681599
counter/2/0/0/0,23286:1747647668652:,1747647681599
counter/2/0/0/0,23287:1747647668652:,1747647681599
counter/2/0/0/0,23288:1747647668653:,1747647681599
counter/2/0/0/0,23289:1747647668653:,1747647681599
counter/2/0/0/0,23290:1747647668653:,1747647681599
counter/2/0/0/0,23291:1747647668653:,1747647681599
counter/2/0/0/0,23292:1747647668653:,1747647681599
counter/2/0/0/0,23293:1747647668653:,1747647681599
counter/2/0/0/0,23294:1747647668653:,1747647681599
counter/2/0/0/0,23295:1747647668653:,1747647681599
counter/2/0/0/0,23296:1747647668654:,1747647681599
counter/2/0/0/0,23297:1747647668654:,1747647681599
counter/2/0/0/0,23298:1747647668654:,1747647681599
counter/2/0/0/0,23299:1747647668654:,1747647681599
counter/2/0/0/0,23300:1747647668654:,1747647681599
counter/2/0/0/0,23301:1747647668654:,1747647681599
counter/2/0/0/0,23302:1747647668665:,1747647681599
counter/2/0/0/0,23303:1747647668665:,1747647681599
counter/2/0/0/0,23304:1747647668665:,1747647681599
counter/2/0/0/0,23305:1747647668665:,1747647681599
counter/2/0/0/0,23306:1747647668665:,1747647681599
counter/2/0/0/0,23307:1747647668665:,1747647681599
counter/2/0/0/0,23308:1747647668665:,1747647681599
counter/2/0/0/0,23309:1747647668673:,1747647681599
counter/2/0/0/0,23310:1747647668673:,1747647681599
counter/2/0/0/0,23311:1747647668673:,1747647681599
counter/2/0/0/0,23312:1747647668673:,1747647681599
counter/2/0/0/0,23313:1747647668673:,1747647681599
counter/2/0/0/0,23314:1747647668673:,1747647681599
counter/2/0/0/0,23315:1747647668679:,1747647681599
counter/2/0/0/0,23316:1747647668680:,1747647681599
counter/2/0/0/0,23317:1747647668680:,1747647681599
counter/2/0/0/0,23318:1747647668680:,1747647681599
counter/2/0/0/0,23319:1747647668680:,1747647681599
counter/2/0/0/0,23320:1747647668680:,1747647681599
counter/2/0/0/0,23321:1747647668680:,1747647681599
counter/2/0/0/0,23322:1747647668680:,1747647681599
counter/2/0/0/0,23323:1747647668680:,1747647681599
counter/2/0/0/0,23324:1747647668680:,1747647681599
counter/2/0/0/0,23325:1747647668680:,1747647681599
counter/2/0/0/0,23326:1747647668692:,1747647681599
counter/2/0/0/0,23327:1747647668692:,1747647681600
counter/2/0/0/0,23328:1747647668692:,1747647681600
counter/2/0/0/0,23329:1747647668692:,1747647681600
counter/2/0/0/0,23330:1747647668692:,1747647681600
counter/2/0/0/0,23331:1747647668692:,1747647681600
counter/2/0/0/0,23332:1747647668692:,1747647681600
counter/2/0/0/0,23333:1747647668692:,1747647681600
counter/2/0/0/0,23334:1747647668695:,1747647681600
counter/2/0/0/0,23335:1747647668695:,1747647681600
counter/2/0/0/0,23336:1747647668695:,1747647681600
counter/2/0/0/0,23337:1747647668696:,1747647681600
counter/2/0/0/0,23338:1747647668696:,1747647681600
counter/2/0/0/0,23339:1747647668696:,1747647681600
counter/2/0/0/0,23340:1747647668696:,1747647681600
counter/2/0/0/0,23341:1747647668696:,1747647681600
counter/2/0/0/0,23342:1747647668696:,1747647681600
counter/2/0/0/0,23343:1747647668696:,1747647681600
counter/2/0/0/0,23344:1747647668698:,1747647681600
counter/2/0/0/0,23345:1747647668698:,1747647681600
counter/2/0/0/0,23346:1747647668700:,1747647681600
counter/2/0/0/0,23347:1747647668700:,1747647681600
counter/2/0/0/0,23348:1747647668700:,1747647681600
counter/2/0/0/0,23349:1747647668700:,1747647681600
counter/2/0/0/0,23350:1747647668700:,1747647681600
counter/2/0/0/0,23351:1747647668700:,1747647681600
counter/2/0/0/0,23352:1747647668700:,1747647681600
counter/2/0/0/0,23353:1747647668700:,1747647681600
counter/2/0/0/0,23354:1747647668700:,1747647681600
counter/2/0/0/0,23355:1747647668700:,1747647681600
counter/2/0/0/0,23356:1747647668701:,1747647681600
counter/2/0/0/0,23357:1747647668701:,1747647681600
counter/2/0/0/0,23358:1747647668701:,1747647681600
counter/2/0/0/0,23359:1747647668701:,1747647681600
counter/2/0/0/0,23360:1747647668701:,1747647681600
counter/2/0/0/0,23361:1747647668701:,1747647681600
counter/2/0/0/0,23362:1747647668701:,1747647681600
counter/2/0/0/0,23363:1747647668701:,1747647681600
counter/2/0/0/0,23364:1747647668704:,1747647681600
counter/2/0/0/0,23365:1747647668711:,1747647681600
counter/2/0/0/0,23366:1747647668711:,1747647681600
counter/2/0/0/0,23367:1747647668711:,1747647681600
counter/2/0/0/0,23368:1747647668711:,1747647681600
counter/2/0/0/0,23369:1747647668712:,1747647681600
counter/2/0/0/0,23370:1747647668712:,1747647681601
counter/2/0/0/0,23371:1747647668712:,1747647681601
counter/2/0/0/0,23372:1747647668712:,1747647681601
counter/2/0/0/0,23373:1747647668712:,1747647681601
counter/2/0/0/0,23374:1747647668712:,1747647681601
counter/2/0/0/0,23375:1747647668712:,1747647681601
counter/2/0/0/0,23376:1747647668713:,1747647681601
counter/2/0/0/0,23377:1747647668713:,1747647681601
counter/2/0/0/0,23378:1747647668715:,1747647681601
counter/2/0/0/0,23379:1747647668718:,1747647681601
counter/2/0/0/0,23380:1747647668718:,1747647681601
counter/2/0/0/0,23381:1747647668718:,1747647681601
counter/2/0/0/0,23382:1747647668718:,1747647681601
counter/2/0/0/0,23383:1747647668719:,1747647681601
counter/2/0/0/0,23384:1747647668719:,1747647681601
counter/2/0/0/0,23385:1747647668719:,1747647681601
counter/2/0/0/0,23386:1747647668727:,1747647681601
counter/2/0/0/0,23387:1747647668727:,1747647681601
counter/2/0/0/0,23388:1747647668727:,1747647681601
counter/2/0/0/0,23389:1747647668728:,1747647681601
counter/2/0/0/0,23390:1747647668728:,1747647681601
counter/2/0/0/0,23391:1747647668729:,1747647681601
counter/2/0/0/0,23392:1747647668729:,1747647681601
counter/2/0/0/0,23393:1747647668729:,1747647681601
counter/2/0/0/0,23394:1747647668729:,1747647681601
counter/2/0/0/0,23395:1747647668729:,1747647681601
counter/2/0/0/0,23396:1747647668729:,1747647681601
counter/2/0/0/0,23397:1747647668729:,1747647681601
counter/2/0/0/0,23398:1747647668729:,1747647681601
counter/2/0/0/0,23399:1747647668729:,1747647681601
counter/2/0/0/0,23400:1747647668729:,1747647681601
counter/2/0/0/0,23401:1747647668756:,1747647681601
counter/2/0/0/0,23402:1747647668756:,1747647681601
counter/2/0/0/0,23403:1747647668756:,1747647681601
counter/2/0/0/0,23404:1747647668756:,1747647681601
counter/2/0/0/0,23405:1747647668756:,1747647681601
counter/2/0/0/0,23406:1747647668760:,1747647681601
counter/2/0/0/0,23407:1747647668760:,1747647681601
counter/2/0/0/0,23408:1747647668760:,1747647681601
counter/2/0/0/0,23409:1747647668760:,1747647681601
counter/2/0/0/0,23410:1747647668760:,1747647681601
counter/2/0/0/0,23411:1747647668760:,1747647681602
counter/2/0/0/0,23412:1747647668760:,1747647681602
counter/2/0/0/0,23413:1747647668760:,1747647681602
counter/2/0/0/0,23414:1747647668760:,1747647681602
counter/2/0/0/0,23415:1747647668760:,1747647681602
counter/2/0/0/0,23416:1747647668760:,1747647681602
counter/2/0/0/0,23417:1747647668760:,1747647681602
counter/2/0/0/0,23418:1747647668760:,1747647681602
counter/2/0/0/0,23419:1747647668760:,1747647681602
counter/2/0/0/0,23420:1747647668760:,1747647681602
counter/2/0/0/0,23421:1747647668760:,1747647681602
counter/2/0/0/0,23422:1747647668761:,1747647681602
counter/2/0/0/0,23423:1747647668761:,1747647681602
counter/2/0/0/0,23424:1747647668761:,1747647681602
counter/2/0/0/0,23425:1747647668761:,1747647681602
counter/2/0/0/0,23426:1747647668761:,1747647681602
counter/2/0/0/0,23427:1747647668763:,1747647681602
counter/2/0/0/0,23428:1747647668763:,1747647681602
counter/2/0/0/0,23429:1747647668763:,1747647681602
counter/2/0/0/0,23430:1747647668763:,1747647681602
counter/2/0/0/0,23431:1747647668763:,1747647681602
counter/2/0/0/0,23432:1747647668763:,1747647681602
counter/2/0/0/0,23433:1747647668763:,1747647681602
counter/2/0/0/0,23434:1747647668763:,1747647681602
counter/2/0/0/0,23435:1747647668763:,1747647681602
counter/2/0/0/0,23436:1747647668763:,1747647681602
counter/2/0/0/0,23437:1747647668763:,1747647681602
counter/2/0/0/0,23438:1747647668763:,1747647681602
counter/2/0/0/0,23439:1747647668763:,1747647681602
counter/2/0/0/0,23440:1747647668763:,1747647681602
counter/2/0/0/0,23441:1747647668781:,1747647681602
counter/2/0/0/0,23442:1747647668781:,1747647681602
counter/2/0/0/0,23443:1747647668781:,1747647681602
counter/2/0/0/0,23444:1747647668781:,1747647681602
counter/2/0/0/0,23445:1747647668781:,1747647681602
counter/10/0/0/0,18390:1747647664457:,1747647681602
counter/2/0/0/0,23446:1747647668781:,1747647681602
counter/2/0/0/0,23447:1747647668781:,1747647681602
counter/3/0/0/0,17924:1747647664732:,1747647681602
counter/2/0/0/0,23448:1747647668781:,1747647681602
counter/7/0/0/0,16989:1747647663061:,1747647681602
counter/2/0/0/0,23449:1747647668781:,1747647681602
counter/8/0/0/0,20887:1747647665695:,1747647681602
counter/2/0/0/0,23450:1747647668795:,1747647681602
counter/1/0/0/0,18853:1747647665382:,1747647681602
counter/2/0/0/0,23451:1747647668795:,1747647681603
counter/5/0/0/0,20455:1747647665983:,1747647681603
counter/2/0/0/0,23452:1747647668795:,1747647681603
counter/6/0/0/0,17508:1747647664722:,1747647681603
counter/2/0/0/0,23453:1747647668795:,1747647681603
counter/4/0/0/0,18418:1747647665499:,1747647681603
counter/2/0/0/0,23454:1747647668795:,1747647681603
counter/4/0/0/0,18419:1747647665499:,1747647681603
counter/2/0/0/0,23455:1747647668795:,1747647681603
counter/4/0/0/0,18420:1747647665499:,1747647681603
counter/2/0/0/0,23456:1747647668795:,1747647681603
counter/2/0/0/0,23457:1747647668795:,1747647681603
counter/2/0/0/0,23458:1747647668795:,1747647681603
counter/2/0/0/0,23459:1747647668795:,1747647681603
counter/2/0/0/0,23460:1747647668795:,1747647681603
counter/2/0/0/0,23461:1747647668795:,1747647681603
counter/2/0/0/0,23462:1747647668795:,1747647681603
counter/2/0/0/0,23463:1747647668796:,1747647681603
counter/2/0/0/0,23464:1747647668796:,1747647681603
counter/2/0/0/0,23465:1747647668796:,1747647681603
counter/2/0/0/0,23466:1747647668796:,1747647681603
counter/2/0/0/0,23467:1747647668804:,1747647681603
counter/2/0/0/0,23468:1747647668804:,1747647681603
counter/2/0/0/0,23469:1747647668804:,1747647681603
counter/2/0/0/0,23470:1747647668804:,1747647681603
counter/2/0/0/0,23471:1747647668804:,1747647681603
counter/2/0/0/0,23472:1747647668804:,1747647681603
counter/2/0/0/0,23473:1747647668804:,1747647681603
counter/2/0/0/0,23474:1747647668804:,1747647681603
counter/2/0/0/0,23475:1747647668804:,1747647681603
counter/2/0/0/0,23476:1747647668805:,1747647681603
counter/2/0/0/0,23477:1747647668805:,1747647681603
counter/2/0/0/0,23478:1747647668805:,1747647681603
counter/2/0/0/0,23479:1747647668805:,1747647681603
counter/2/0/0/0,23480:1747647668805:,1747647681603
counter/2/0/0/0,23481:1747647668805:,1747647681603
counter/2/0/0/0,23482:1747647668805:,1747647681603
counter/2/0/0/0,23483:1747647668805:,1747647681603
counter/2/0/0/0,23484:1747647668805:,1747647681603
counter/2/0/0/0,23485:1747647668805:,1747647681603
counter/2/0/0/0,23486:1747647668816:,1747647681603
counter/2/0/0/0,23487:1747647668816:,1747647681603
counter/2/0/0/0,23488:1747647668816:,1747647681604
counter/2/0/0/0,23489:1747647668816:,1747647681604
counter/2/0/0/0,23490:1747647668818:,1747647681604
counter/2/0/0/0,23491:1747647668818:,1747647681604
counter/2/0/0/0,23492:1747647668818:,1747647681604
counter/6/0/0/0,17509:1747647664723:,1747647681604
counter/2/0/0/0,23493:1747647668818:,1747647681604
counter/3/0/0/0,17925:1747647664735:,1747647681604
counter/2/0/0/0,23494:1747647668818:,1747647681604
counter/2/0/0/0,23495:1747647668830:,1747647681604
counter/10/0/0/0,18391:1747647664457:,1747647681604
counter/2/0/0/0,23496:1747647668830:,1747647681604
counter/7/0/0/0,16990:1747647663061:,1747647681604
counter/2/0/0/0,23497:1747647668830:,1747647681604
counter/8/0/0/0,20888:1747647665695:,1747647681604
counter/2/0/0/0,23498:1747647668830:,1747647681604
counter/1/0/0/0,18854:1747647665383:,1747647681604
counter/2/0/0/0,23499:1747647668830:,1747647681604
counter/8/0/0/0,20889:1747647665695:,1747647681604
counter/2/0/0/0,23500:1747647668830:,1747647681604
counter/2/0/0/0,23501:1747647668830:,1747647681604
counter/2/0/0/0,23502:1747647668830:,1747647681604
counter/2/0/0/0,23503:1747647668830:,1747647681604
counter/2/0/0/0,23504:1747647668830:,1747647681604
counter/2/0/0/0,23505:1747647668830:,1747647681604
counter/2/0/0/0,23506:1747647668830:,1747647681604
counter/2/0/0/0,23507:1747647668830:,1747647681604
counter/2/0/0/0,23508:1747647668830:,1747647681604
counter/2/0/0/0,23509:1747647668830:,1747647681604
counter/2/0/0/0,23510:1747647668830:,1747647681604
counter/2/0/0/0,23511:1747647668830:,1747647681604
counter/2/0/0/0,23512:1747647668831:,1747647681604
counter/2/0/0/0,23513:1747647668831:,1747647681604
counter/2/0/0/0,23514:1747647668831:,1747647681604
counter/2/0/0/0,23515:1747647668831:,1747647681604
counter/9/0/0/0,24002:1747647668014:,1747647681604
counter/2/0/0/0,23516:1747647668831:,1747647681604
counter/10/0/0/0,18392:1747647664458:,1747647681604
counter/2/0/0/0,23517:1747647668831:,1747647681604
counter/2/0/0/0,23518:1747647668831:,1747647681604
counter/2/0/0/0,23519:1747647668840:,1747647681604
counter/4/0/0/0,18421:1747647665508:,1747647681604
counter/2/0/0/0,23520:1747647668841:,1747647681604
counter/5/0/0/0,20456:1747647665983:,1747647681604
counter/2/0/0/0,23521:1747647668841:,1747647681604
counter/3/0/0/0,17926:1747647664738:,1747647681605
counter/2/0/0/0,23522:1747647668841:,1747647681605
counter/6/0/0/0,17510:1747647664723:,1747647681605
counter/9/0/0/0,24003:1747647668014:,1747647681605
counter/2/0/0/0,23523:1747647668841:,1747647681605
counter/7/0/0/0,16991:1747647663061:,1747647681605
counter/2/0/0/0,23524:1747647668841:,1747647681605
counter/1/0/0/0,18855:1747647665383:,1747647681605
counter/2/0/0/0,23525:1747647668841:,1747647681605
counter/10/0/0/0,18393:1747647664458:,1747647681605
counter/2/0/0/0,23526:1747647668841:,1747647681605
counter/8/0/0/0,20890:1747647665696:,1747647681605
counter/2/0/0/0,23527:1747647668841:,1747647681605
counter/2/0/0/0,23528:1747647668841:,1747647681605
counter/2/0/0/0,23529:1747647668841:,1747647681605
counter/9/0/0/0,24004:1747647668014:,1747647681605
counter/2/0/0/0,23530:1747647668841:,1747647681605
counter/5/0/0/0,20457:1747647665983:,1747647681605
counter/2/0/0/0,23531:1747647668841:,1747647681605
counter/2/0/0/0,23532:1747647668841:,1747647681605
counter/6/0/0/0,17511:1747647664723:,1747647681605
counter/2/0/0/0,23533:1747647668841:,1747647681605
counter/1/0/0/0,18856:1747647665383:,1747647681605
counter/2/0/0/0,23534:1747647668841:,1747647681605
counter/6/0/0/0,17512:1747647664723:,1747647681605
counter/2/0/0/0,23535:1747647668841:,1747647681605
counter/6/0/0/0,17513:1747647664723:,1747647681605
counter/2/0/0/0,23536:1747647668849:,1747647681605
counter/6/0/0/0,17514:1747647664724:,1747647681605
counter/2/0/0/0,23537:1747647668849:,1747647681605
counter/6/0/0/0,17515:1747647664725:,1747647681605
counter/7/0/0/0,16992:1747647663061:,1747647681605
counter/2/0/0/0,23538:1747647668849:,1747647681605
counter/6/0/0/0,17516:1747647664725:,1747647681605
counter/5/0/0/0,20458:1747647665983:,1747647681605
counter/2/0/0/0,23539:1747647668849:,1747647681605
counter/6/0/0/0,17517:1747647664725:,1747647681605
counter/10/0/0/0,18394:1747647664458:,1747647681605
counter/1/0/0/0,18857:1747647665383:,1747647681605
counter/2/0/0/0,23540:1747647668849:,1747647681605
counter/8/0/0/0,20891:1747647665696:,1747647681606
counter/3/0/0/0,17927:1747647664738:,1747647681606
counter/2/0/0/0,23541:1747647668849:,1747647681606
counter/9/0/0/0,24005:1747647668014:,1747647681606
counter/4/0/0/0,18422:1747647665508:,1747647681606
counter/2/0/0/0,23542:1747647668849:,1747647681606
counter/2/0/0/0,23543:1747647668849:,1747647681606
counter/2/0/0/0,23544:1747647668849:,1747647681606
counter/2/0/0/0,23545:1747647668849:,1747647681606
counter/2/0/0/0,23546:1747647668849:,1747647681606
counter/2/0/0/0,23547:1747647668849:,1747647681606
counter/9/0/0/0,24006:1747647668014:,1747647681606
counter/2/0/0/0,23548:1747647668849:,1747647681606
counter/4/0/0/0,18423:1747647665508:,1747647681606
counter/2/0/0/0,23549:1747647668849:,1747647681606
counter/7/0/0/0,16993:1747647663063:,1747647681606
counter/2/0/0/0,23550:1747647668849:,1747647681606
counter/7/0/0/0,16994:1747647663063:,1747647681606
counter/2/0/0/0,23551:1747647668850:,1747647681606
counter/7/0/0/0,16995:1747647663064:,1747647681606
counter/2/0/0/0,23552:1747647668850:,1747647681606
counter/7/0/0/0,16996:1747647663064:,1747647681606
counter/2/0/0/0,23553:1747647668850:,1747647681606
counter/7/0/0/0,16997:1747647663064:,1747647681606
counter/2/0/0/0,23554:1747647668850:,1747647681606
counter/7/0/0/0,16998:1747647663064:,1747647681606
counter/2/0/0/0,23555:1747647668850:,1747647681606
counter/7/0/0/0,16999:1747647663064:,1747647681606
counter/2/0/0/0,23556:1747647668850:,1747647681606
counter/7/0/0/0,17000:1747647663066:,1747647681606
counter/2/0/0/0,23557:1747647668850:,1747647681606
counter/7/0/0/0,17001:1747647663066:,1747647681606
counter/2/0/0/0,23558:1747647668850:,1747647681606
counter/7/0/0/0,17002:1747647663066:,1747647681606
counter/2/0/0/0,23559:1747647668859:,1747647681606
counter/7/0/0/0,17003:1747647663066:,1747647681606
counter/2/0/0/0,23560:1747647668859:,1747647681606
counter/7/0/0/0,17004:1747647663066:,1747647681606
counter/2/0/0/0,23561:1747647668859:,1747647681606
counter/7/0/0/0,17005:1747647663066:,1747647681607
counter/5/0/0/0,20459:1747647665983:,1747647681607
counter/2/0/0/0,23562:1747647668859:,1747647681607
counter/7/0/0/0,17006:1747647663066:,1747647681607
counter/10/0/0/0,18395:1747647664458:,1747647681607
counter/8/0/0/0,20892:1747647665696:,1747647681607
counter/2/0/0/0,23563:1747647668859:,1747647681607
counter/7/0/0/0,17007:1747647663066:,1747647681607
counter/1/0/0/0,18858:1747647665383:,1747647681607
counter/3/0/0/0,17928:1747647664738:,1747647681607
counter/9/0/0/0,24007:1747647668014:,1747647681607
counter/2/0/0/0,23564:1747647668859:,1747647681607
counter/7/0/0/0,17008:1747647663082:,1747647681607
counter/9/0/0/0,24008:1747647668014:,1747647681607
counter/2/0/0/0,23565:1747647668859:,1747647681607
counter/7/0/0/0,17009:1747647663082:,1747647681607
counter/9/0/0/0,24009:1747647668014:,1747647681607
counter/2/0/0/0,23566:1747647668859:,1747647681607
counter/7/0/0/0,17010:1747647663082:,1747647681607
counter/9/0/0/0,24010:1747647668014:,1747647681607
counter/2/0/0/0,23567:1747647668859:,1747647681607
counter/7/0/0/0,17011:1747647663082:,1747647681607
counter/9/0/0/0,24011:1747647668014:,1747647681607
counter/2/0/0/0,23568:1747647668859:,1747647681607
counter/7/0/0/0,17012:1747647663082:,1747647681607
counter/9/0/0/0,24012:1747647668014:,1747647681607
counter/2/0/0/0,23569:1747647668859:,1747647681607
counter/7/0/0/0,17013:1747647663082:,1747647681607
counter/9/0/0/0,24013:1747647668014:,1747647681607
counter/2/0/0/0,23570:1747647668859:,1747647681607
counter/7/0/0/0,17014:1747647663082:,1747647681607
counter/2/0/0/0,23571:1747647668859:,1747647681607
counter/7/0/0/0,17015:1747647663082:,1747647681607
counter/10/0/0/0,18396:1747647664458:,1747647681607
counter/5/0/0/0,20460:1747647665983:,1747647681607
counter/2/0/0/0,23572:1747647668859:,1747647681607
counter/7/0/0/0,17016:1747647663082:,1747647681607
counter/2/0/0/0,23573:1747647669627:,1747647681607
counter/7/0/0/0,17017:1747647663082:,1747647681608
counter/9/0/0/0,24014:1747647668015:,1747647681608
counter/2/0/0/0,23574:1747647669627:,1747647681608
counter/7/0/0/0,17018:1747647663082:,1747647681608
counter/2/0/0/0,23575:1747647669631:,1747647681608
counter/7/0/0/0,17019:1747647663082:,1747647681608
counter/2/0/0/0,23576:1747647669631:,1747647681608
counter/7/0/0/0,17020:1747647663082:,1747647681608
counter/2/0/0/0,23577:1747647669639:,1747647681608
counter/7/0/0/0,17021:1747647663082:,1747647681608
counter/9/0/0/0,24015:1747647668015:,1747647681608
counter/2/0/0/0,23578:1747647669639:,1747647681608
counter/7/0/0/0,17022:1747647663083:,1747647681608
counter/2/0/0/0,23579:1747647669641:,1747647681608
counter/7/0/0/0,17023:1747647663083:,1747647681608
counter/6/0/0/0,17518:1747647664725:,1747647681608
counter/2/0/0/0,23580:1747647669641:,1747647681608
counter/7/0/0/0,17024:1747647663083:,1747647681608
counter/1/0/0/0,18859:1747647665383:,1747647681608
counter/2/0/0/0,23581:1747647669650:,1747647681608
counter/7/0/0/0,17025:1747647663083:,1747647681608
counter/5/0/0/0,20461:1747647665983:,1747647681608
counter/3/0/0/0,17929:1747647664738:,1747647681608
counter/2/0/0/0,23582:1747647669650:,1747647681608
counter/7/0/0/0,17026:1747647663083:,1747647681608
counter/4/0/0/0,18424:1747647665508:,1747647681608
counter/8/0/0/0,20893:1747647665696:,1747647681608
counter/9/0/0/0,24016:1747647668022:,1747647681608
counter/2/0/0/0,23583:1747647669650:,1747647681608
counter/7/0/0/0,17027:1747647663083:,1747647681608
counter/10/0/0/0,18397:1747647664458:,1747647681608
counter/2/0/0/0,23584:1747647669650:,1747647681608
counter/7/0/0/0,17028:1747647663083:,1747647681608
counter/2/0/0/0,23585:1747647669651:,1747647681608
counter/7/0/0/0,17029:1747647663084:,1747647681608
counter/9/0/0/0,24017:1747647668025:,1747647681608
counter/2/0/0/0,23586:1747647669651:,1747647681608
counter/7/0/0/0,17030:1747647663084:,1747647681608
counter/10/0/0/0,18398:1747647664458:,1747647681608
counter/2/0/0/0,23587:1747647669651:,1747647681608
counter/7/0/0/0,17031:1747647663084:,1747647681609
counter/2/0/0/0,23588:1747647669661:,1747647681609
counter/7/0/0/0,17032:1747647663084:,1747647681609
counter/2/0/0/0,23589:1747647669661:,1747647681609
counter/7/0/0/0,17033:1747647663084:,1747647681609
counter/2/0/0/0,23590:1747647669666:,1747647681609
counter/7/0/0/0,17034:1747647663084:,1747647681609
counter/2/0/0/0,23591:1747647669666:,1747647681609
counter/7/0/0/0,17035:1747647663084:,1747647681609
counter/5/0/0/0,20462:1747647665983:,1747647681609
counter/9/0/0/0,24018:1747647668025:,1747647681609
counter/2/0/0/0,23592:1747647669666:,1747647681609
counter/7/0/0/0,17036:1747647663084:,1747647681609
counter/5/0/0/0,20463:1747647665983:,1747647681609
counter/10/0/0/0,18399:1747647664458:,1747647681609
counter/1/0/0/0,18860:1747647665383:,1747647681609
counter/3/0/0/0,17930:1747647664738:,1747647681609
counter/2/0/0/0,23593:1747647669666:,1747647681609
counter/7/0/0/0,17037:1747647663084:,1747647681609
counter/4/0/0/0,18425:1747647665508:,1747647681609
counter/2/0/0/0,23594:1747647669666:,1747647681609
counter/7/0/0/0,17038:1747647663084:,1747647681609
counter/2/0/0/0,23595:1747647669666:,1747647681609
counter/7/0/0/0,17039:1747647663084:,1747647681609
counter/2/0/0/0,23596:1747647669666:,1747647681609
counter/7/0/0/0,17040:1747647663085:,1747647681609
counter/2/0/0/0,23597:1747647669666:,1747647681609
counter/7/0/0/0,17041:1747647663085:,1747647681609
counter/9/0/0/0,24019:1747647668025:,1747647681609
counter/2/0/0/0,23598:1747647669666:,1747647681609
counter/7/0/0/0,17042:1747647663085:,1747647681609
counter/2/0/0/0,23599:1747647669669:,1747647681609
counter/7/0/0/0,17043:1747647663085:,1747647681609
counter/8/0/0/0,20894:1747647665696:,1747647681609
counter/10/0/0/0,18400:1747647664458:,1747647681609
counter/2/0/0/0,23600:1747647669669:,1747647681609
counter/7/0/0/0,17044:1747647663085:,1747647681609
counter/3/0/0/0,17931:1747647664738:,1747647681609
counter/1/0/0/0,18861:1747647665384:,1747647681609
counter/2/0/0/0,23601:1747647669669:,1747647681609
counter/7/0/0/0,17045:1747647663085:,1747647681609
counter/1/0/0/0,18862:1747647665384:,1747647681609
counter/9/0/0/0,24020:1747647668025:,1747647681609
counter/5/0/0/0,20464:1747647665983:,1747647681610
counter/2/0/0/0,23602:1747647669669:,1747647681610
counter/7/0/0/0,17046:1747647663086:,1747647681610
counter/2/0/0/0,23603:1747647669669:,1747647681610
counter/7/0/0/0,17047:1747647663086:,1747647681610
counter/9/0/0/0,24021:1747647668025:,1747647681610
counter/2/0/0/0,23604:1747647669669:,1747647681610
counter/7/0/0/0,17048:1747647663089:,1747647681610
counter/5/0/0/0,20465:1747647665983:,1747647681610
counter/2/0/0/0,23605:1747647669669:,1747647681610
counter/7/0/0/0,17049:1747647663089:,1747647681610
counter/2/0/0/0,23606:1747647669669:,1747647681610
counter/7/0/0/0,17050:1747647663089:,1747647681610
counter/2/0/0/0,23607:1747647669669:,1747647681610
counter/7/0/0/0,17051:1747647663089:,1747647681610
counter/9/0/0/0,24022:1747647668025:,1747647681610
counter/2/0/0/0,23608:1747647669669:,1747647681610
counter/7/0/0/0,17052:1747647663090:,1747647681610
counter/9/0/0/0,24023:1747647668025:,1747647681610
counter/2/0/0/0,23609:1747647669673:,1747647681610
counter/7/0/0/0,17053:1747647663090:,1747647681610
counter/9/0/0/0,24024:1747647668025:,1747647681610
counter/2/0/0/0,23610:1747647669673:,1747647681610
counter/7/0/0/0,17054:1747647663090:,1747647681610
counter/9/0/0/0,24025:1747647668025:,1747647681610
counter/2/0/0/0,23611:1747647669673:,1747647681610
counter/9/0/0/0,24026:1747647668025:,1747647681610
counter/2/0/0/0,23612:1747647669673:,1747647681610
counter/9/0/0/0,24027:1747647668028:,1747647681610
counter/5/0/0/0,20466:1747647665983:,1747647681610
counter/2/0/0/0,23613:1747647669674:,1747647681610
counter/9/0/0/0,24028:1747647668029:,1747647681610
counter/5/0/0/0,20467:1747647665983:,1747647681610
counter/2/0/0/0,23614:1747647669674:,1747647681610
counter/9/0/0/0,24029:1747647668031:,1747647681610
counter/5/0/0/0,20468:1747647665983:,1747647681610
counter/4/0/0/0,18426:1747647665508:,1747647681610
counter/2/0/0/0,23615:1747647669674:,1747647681610
counter/9/0/0/0,24030:1747647668031:,1747647681610
counter/5/0/0/0,20469:1747647665983:,1747647681610
counter/6/0/0/0,17519:1747647664725:,1747647681610
counter/2/0/0/0,23616:1747647669674:,1747647681610
counter/9/0/0/0,24031:1747647668031:,1747647681611
counter/5/0/0/0,20470:1747647665983:,1747647681611
counter/2/0/0/0,23617:1747647669674:,1747647681611
counter/9/0/0/0,24032:1747647668031:,1747647681611
counter/2/0/0/0,23618:1747647669674:,1747647681611
counter/9/0/0/0,24033:1747647668031:,1747647681611
counter/2/0/0/0,23619:1747647669674:,1747647681611
counter/9/0/0/0,24034:1747647668031:,1747647681611
counter/2/0/0/0,23620:1747647669674:,1747647681611
counter/9/0/0/0,24035:1747647668032:,1747647681611
counter/2/0/0/0,23621:1747647669674:,1747647681611
counter/9/0/0/0,24036:1747647668032:,1747647681611
counter/2/0/0/0,23622:1747647669676:,1747647681611
counter/9/0/0/0,24037:1747647668032:,1747647681611
counter/2/0/0/0,23623:1747647669676:,1747647681611
counter/9/0/0/0,24038:1747647668032:,1747647681611
counter/2/0/0/0,23624:1747647669676:,1747647681611
counter/9/0/0/0,24039:1747647668032:,1747647681611
counter/5/0/0/0,20471:1747647665983:,1747647681611
counter/2/0/0/0,23625:1747647669676:,1747647681611
counter/9/0/0/0,24040:1747647668032:,1747647681611
counter/5/0/0/0,20472:1747647665983:,1747647681611
counter/2/0/0/0,23626:1747647669676:,1747647681611
counter/9/0/0/0,24041:1747647668032:,1747647681611
counter/5/0/0/0,20473:1747647665983:,1747647681611
counter/2/0/0/0,23627:1747647669676:,1747647681611
counter/9/0/0/0,24042:1747647668049:,1747647681611
counter/5/0/0/0,20474:1747647665983:,1747647681611
counter/2/0/0/0,23628:1747647669676:,1747647681611
counter/9/0/0/0,24043:1747647668049:,1747647681611
counter/5/0/0/0,20475:1747647665983:,1747647681611
counter/2/0/0/0,23629:1747647669676:,1747647681611
counter/9/0/0/0,24044:1747647668049:,1747647681611
counter/5/0/0/0,20476:1747647665984:,1747647681611
counter/2/0/0/0,23630:1747647669676:,1747647681611
counter/9/0/0/0,24045:1747647668050:,1747647681611
counter/5/0/0/0,20477:1747647665984:,1747647681611
counter/2/0/0/0,23631:1747647669676:,1747647681611
counter/9/0/0/0,24046:1747647668050:,1747647681611
counter/5/0/0/0,20478:1747647665984:,1747647681611
counter/2/0/0/0,23632:1747647669676:,1747647681611
counter/9/0/0/0,24047:1747647668050:,1747647681612
counter/5/0/0/0,20479:1747647665984:,1747647681612
counter/2/0/0/0,23633:1747647669676:,1747647681612
counter/9/0/0/0,24048:1747647668050:,1747647681612
counter/5/0/0/0,20480:1747647665984:,1747647681612
counter/2/0/0/0,23634:1747647669676:,1747647681612
counter/9/0/0/0,24049:1747647668059:,1747647681612
counter/5/0/0/0,20481:1747647665984:,1747647681612
counter/2/0/0/0,23635:1747647669676:,1747647681612
counter/9/0/0/0,24050:1747647668059:,1747647681612
counter/5/0/0/0,20482:1747647665984:,1747647681612
counter/2/0/0/0,23636:1747647669677:,1747647681612
counter/9/0/0/0,24051:1747647668059:,1747647681612
counter/5/0/0/0,20483:1747647665984:,1747647681612
counter/2/0/0/0,23637:1747647669677:,1747647681612
counter/9/0/0/0,24052:1747647668059:,1747647681612
counter/5/0/0/0,20484:1747647665984:,1747647681612
counter/2/0/0/0,23638:1747647669679:,1747647681612
counter/9/0/0/0,24053:1747647668059:,1747647681612
counter/5/0/0/0,20485:1747647665984:,1747647681612
counter/2/0/0/0,23639:1747647669679:,1747647681612
counter/9/0/0/0,24054:1747647668059:,1747647681612
counter/5/0/0/0,20486:1747647665991:,1747647681612
counter/2/0/0/0,23640:1747647669679:,1747647681612
counter/9/0/0/0,24055:1747647668060:,1747647681612
counter/5/0/0/0,20487:1747647665991:,1747647681612
counter/2/0/0/0,23641:1747647669679:,1747647681612
counter/9/0/0/0,24056:1747647668060:,1747647681612
counter/5/0/0/0,20488:1747647665995:,1747647681612
counter/2/0/0/0,23642:1747647669679:,1747647681612
counter/9/0/0/0,24057:1747647668060:,1747647681612
counter/5/0/0/0,20489:1747647665995:,1747647681612
counter/2/0/0/0,23643:1747647669679:,1747647681612
counter/9/0/0/0,24058:1747647668060:,1747647681612
counter/5/0/0/0,20490:1747647665995:,1747647681612
counter/2/0/0/0,23644:1747647669679:,1747647681612
counter/9/0/0/0,24059:1747647668060:,1747647681612
counter/5/0/0/0,20491:1747647665995:,1747647681612
counter/2/0/0/0,23645:1747647669679:,1747647681612
counter/9/0/0/0,24060:1747647668060:,1747647681612
counter/5/0/0/0,20492:1747647665995:,1747647681612
counter/2/0/0/0,23646:1747647669679:,1747647681612
counter/9/0/0/0,24061:1747647668060:,1747647681612
counter/5/0/0/0,20493:1747647665995:,1747647681612
counter/9/0/0/0,24062:1747647668060:,1747647681612
counter/5/0/0/0,20494:1747647666000:,1747647681613
counter/9/0/0/0,24063:1747647668060:,1747647681613
counter/5/0/0/0,20495:1747647666000:,1747647681613
counter/9/0/0/0,24064:1747647668060:,1747647681613
counter/5/0/0/0,20496:1747647666000:,1747647681613
counter/9/0/0/0,24065:1747647668060:,1747647681613
counter/5/0/0/0,20497:1747647666000:,1747647681613
counter/6/0/0/0,17520:1747647664725:,1747647681613
counter/9/0/0/0,24066:1747647668060:,1747647681613
counter/5/0/0/0,20498:1747647666001:,1747647681613
counter/3/0/0/0,17932:1747647664738:,1747647681613
counter/1/0/0/0,18863:1747647665384:,1747647681613
counter/9/0/0/0,24067:1747647668060:,1747647681613
counter/5/0/0/0,20499:1747647666001:,1747647681613
counter/7/0/0/0,17055:1747647663090:,1747647681613
counter/4/0/0/0,18427:1747647665508:,1747647681613
counter/9/0/0/0,24068:1747647668060:,1747647681613
counter/5/0/0/0,20500:1747647666001:,1747647681613
counter/4/0/0/0,18428:1747647665508:,1747647681613
counter/9/0/0/0,24069:1747647668060:,1747647681613
counter/5/0/0/0,20501:1747647666001:,1747647681613
counter/4/0/0/0,18429:1747647665509:,1747647681613
counter/9/0/0/0,24070:1747647668061:,1747647681613
counter/5/0/0/0,20502:1747647666001:,1747647681613
counter/4/0/0/0,18430:1747647665509:,1747647681613
counter/1/0/0/0,18864:1747647665384:,1747647681613
counter/7/0/0/0,17056:1747647663090:,1747647681613
counter/9/0/0/0,24071:1747647668061:,1747647681613
counter/5/0/0/0,20503:1747647666001:,1747647681613
counter/4/0/0/0,18431:1747647665509:,1747647681613
counter/10/0/0/0,18401:1747647664458:,1747647681613
counter/9/0/0/0,24072:1747647668063:,1747647681613
counter/5/0/0/0,20504:1747647666001:,1747647681613
counter/4/0/0/0,18432:1747647665509:,1747647681613
counter/8/0/0/0,20895:1747647665696:,1747647681613
counter/9/0/0/0,24073:1747647668063:,1747647681613
counter/5/0/0/0,20505:1747647666014:,1747647681613
counter/4/0/0/0,18433:1747647665509:,1747647681613
counter/3/0/0/0,17933:1747647664738:,1747647681613
counter/9/0/0/0,24074:1747647668063:,1747647681614
counter/5/0/0/0,20506:1747647666014:,1747647681614
counter/4/0/0/0,18434:1747647665509:,1747647681614
counter/9/0/0/0,24075:1747647668063:,1747647681614
counter/5/0/0/0,20507:1747647666014:,1747647681614
counter/7/0/0/0,17057:1747647663090:,1747647681614
counter/9/0/0/0,24076:1747647668063:,1747647681614
counter/5/0/0/0,20508:1747647666014:,1747647681614
counter/4/0/0/0,18435:1747647665509:,1747647681614
counter/9/0/0/0,24077:1747647668063:,1747647681614
counter/5/0/0/0,20509:1747647666014:,1747647681614
counter/6/0/0/0,17521:1747647664725:,1747647681614
counter/1/0/0/0,18865:1747647665384:,1747647681614
counter/9/0/0/0,24078:1747647668063:,1747647681614
counter/5/0/0/0,20510:1747647666023:,1747647681614
counter/2/0/0/0,23647:1747647669679:,1747647681614
counter/3/0/0/0,17934:1747647664739:,1747647681614
counter/9/0/0/0,24079:1747647668063:,1747647681614
counter/5/0/0/0,20511:1747647666023:,1747647681614
counter/10/0/0/0,18402:1747647664458:,1747647681614
counter/9/0/0/0,24080:1747647668063:,1747647681614
counter/5/0/0/0,20512:1747647666023:,1747647681614
counter/9/0/0/0,24081:1747647668063:,1747647681614
counter/5/0/0/0,20513:1747647666024:,1747647681614
counter/9/0/0/0,24082:1747647668063:,1747647681614
counter/5/0/0/0,20514:1747647666024:,1747647681614
counter/9/0/0/0,24083:1747647668063:,1747647681614
counter/5/0/0/0,20515:1747647666024:,1747647681614
counter/9/0/0/0,24084:1747647668063:,1747647681614
counter/5/0/0/0,20516:1747647666024:,1747647681614
counter/9/0/0/0,24085:1747647668063:,1747647681614
counter/5/0/0/0,20517:1747647666024:,1747647681614
counter/9/0/0/0,24086:1747647668063:,1747647681614
counter/5/0/0/0,20518:1747647666024:,1747647681614
counter/2/0/0/0,23648:1747647669679:,1747647681614
counter/9/0/0/0,24087:1747647668063:,1747647681614
counter/5/0/0/0,20519:1747647666024:,1747647681614
counter/1/0/0/0,18866:1747647665389:,1747647681614
counter/3/0/0/0,17935:1747647664739:,1747647681614
counter/9/0/0/0,24088:1747647668063:,1747647681614
counter/5/0/0/0,20520:1747647666024:,1747647681614
counter/9/0/0/0,24089:1747647668063:,1747647681614
counter/5/0/0/0,20521:1747647666031:,1747647681614
counter/9/0/0/0,24090:1747647668063:,1747647681615
counter/5/0/0/0,20522:1747647666031:,1747647681615
counter/9/0/0/0,24091:1747647668063:,1747647681615
counter/5/0/0/0,20523:1747647666031:,1747647681615
counter/9/0/0/0,24092:1747647668063:,1747647681615
counter/5/0/0/0,20524:1747647666031:,1747647681615
counter/9/0/0/0,24093:1747647668063:,1747647681615
counter/5/0/0/0,20525:1747647666031:,1747647681615
counter/9/0/0/0,24094:1747647668063:,1747647681615
counter/5/0/0/0,20526:1747647666031:,1747647681615
counter/9/0/0/0,24095:1747647668063:,1747647681615
counter/5/0/0/0,20527:1747647666031:,1747647681615
counter/1/0/0/0,18867:1747647665389:,1747647681615
counter/9/0/0/0,24096:1747647668063:,1747647681615
counter/5/0/0/0,20528:1747647666031:,1747647681615
counter/10/0/0/0,18403:1747647664458:,1747647681615
counter/9/0/0/0,24097:1747647668063:,1747647681615
counter/5/0/0/0,20529:1747647666031:,1747647681615
counter/4/0/0/0,18436:1747647665509:,1747647681615
counter/5/0/0/0,20530:1747647666031:,1747647681615
counter/4/0/0/0,18437:1747647665509:,1747647681615
counter/7/0/0/0,17058:1747647663090:,1747647681615
counter/6/0/0/0,17522:1747647664725:,1747647681615
counter/5/0/0/0,20531:1747647666031:,1747647681615
counter/2/0/0/0,23649:1747647669679:,1747647681615
counter/5/0/0/0,20532:1747647666038:,1747647681615
counter/2/0/0/0,23650:1747647669682:,1747647681615
counter/5/0/0/0,20533:1747647666038:,1747647681615
counter/2/0/0/0,23651:1747647669684:,1747647681615
counter/5/0/0/0,20534:1747647666038:,1747647681615
counter/2/0/0/0,23652:1747647669684:,1747647681615
counter/5/0/0/0,20535:1747647666038:,1747647681615
counter/2/0/0/0,23653:1747647669684:,1747647681615
counter/5/0/0/0,20536:1747647666038:,1747647681615
counter/2/0/0/0,23654:1747647669684:,1747647681615
counter/5/0/0/0,20537:1747647666038:,1747647681615
counter/2/0/0/0,23655:1747647669684:,1747647681615
counter/5/0/0/0,20538:1747647666038:,1747647681615
counter/2/0/0/0,23656:1747647669684:,1747647681615
counter/1/0/0/0,18868:1747647665389:,1747647681615
counter/7/0/0/0,17059:1747647663090:,1747647681616
counter/5/0/0/0,20539:1747647666038:,1747647681616
counter/2/0/0/0,23657:1747647669684:,1747647681616
counter/1/0/0/0,18869:1747647665389:,1747647681616
counter/6/0/0/0,17523:1747647664729:,1747647681616
counter/5/0/0/0,20540:1747647666038:,1747647681616
counter/2/0/0/0,23658:1747647669684:,1747647681616
counter/3/0/0/0,17936:1747647664740:,1747647681616
counter/8/0/0/0,20896:1747647665696:,1747647681616
counter/2/0/0/0,23659:1747647669684:,1747647681616
counter/8/0/0/0,20897:1747647665696:,1747647681616
counter/2/0/0/0,23660:1747647669687:,1747647681616
counter/8/0/0/0,20898:1747647665696:,1747647681616
counter/2/0/0/0,23661:1747647669687:,1747647681616
counter/8/0/0/0,20899:1747647665696:,1747647681616
counter/2/0/0/0,23662:1747647669687:,1747647681616
counter/8/0/0/0,20900:1747647665696:,1747647681616
counter/6/0/0/0,17524:1747647664729:,1747647681616
counter/5/0/0/0,20541:1747647666038:,1747647681616
counter/2/0/0/0,23663:1747647669687:,1747647681616
counter/8/0/0/0,20901:1747647665696:,1747647681616
counter/3/0/0/0,17937:1747647664741:,1747647681616
counter/2/0/0/0,23664:1747647669687:,1747647681616
counter/2/0/0/0,23665:1747647669687:,1747647681616
counter/2/0/0/0,23666:1747647669687:,1747647681616
counter/2/0/0/0,23667:1747647669687:,1747647681616
counter/2/0/0/0,23668:1747647669687:,1747647681616
counter/4/0/0/0,18438:1747647665509:,1747647681616
counter/2/0/0/0,23669:1747647669687:,1747647681616
counter/2/0/0/0,23670:1747647669687:,1747647681616
counter/4/0/0/0,18439:1747647665509:,1747647681616
counter/3/0/0/0,17938:1747647664741:,1747647681616
counter/10/0/0/0,18404:1747647664458:,1747647681616
counter/7/0/0/0,17060:1747647663090:,1747647681616
counter/7/0/0/0,17061:1747647663090:,1747647681616
counter/8/0/0/0,20902:1747647665696:,1747647681616
counter/5/0/0/0,20542:1747647666039:,1747647681616
counter/9/0/0/0,24098:1747647668063:,1747647681616
counter/9/0/0/0,24099:1747647668063:,1747647681616
counter/4/0/0/0,18440:1747647665531:,1747647681616
counter/3/0/0/0,17939:1747647664741:,1747647681616
counter/4/0/0/0,18441:1747647665531:,1747647681617
counter/2/0/0/0,23671:1747647669687:,1747647681617
counter/4/0/0/0,18442:1747647665531:,1747647681617
counter/7/0/0/0,17062:1747647663090:,1747647681617
counter/7/0/0/0,17063:1747647663090:,1747647681617
counter/5/0/0/0,20543:1747647666039:,1747647681617
counter/5/0/0/0,20544:1747647666039:,1747647681617
counter/1/0/0/0,18870:1747647665389:,1747647681617
counter/3/0/0/0,17940:1747647664741:,1747647681617
counter/10/0/0/0,18405:1747647664458:,1747647681617
counter/8/0/0/0,20903:1747647665696:,1747647681617
counter/2/0/0/0,23672:1747647669687:,1747647681617
counter/2/0/0/0,23673:1747647669687:,1747647681617
counter/2/0/0/0,23674:1747647669687:,1747647681617
counter/2/0/0/0,23675:1747647669687:,1747647681617
counter/2/0/0/0,23676:1747647669687:,1747647681617
counter/2/0/0/0,23677:1747647669687:,1747647681617
counter/2/0/0/0,23678:1747647669687:,1747647681617
counter/2/0/0/0,23679:1747647669688:,1747647681617
counter/2/0/0/0,23680:1747647669688:,1747647681617
counter/2/0/0/0,23681:1747647669688:,1747647681617
counter/10/0/0/0,18406:1747647664459:,1747647681617
counter/7/0/0/0,17064:1747647663090:,1747647681617
counter/7/0/0/0,17065:1747647663090:,1747647681617
counter/7/0/0/0,17066:1747647663090:,1747647681617
counter/7/0/0/0,17067:1747647663090:,1747647681617
counter/7/0/0/0,17068:1747647663095:,1747647681617
counter/7/0/0/0,17069:1747647663096:,1747647681617
counter/1/0/0/0,18871:1747647665389:,1747647681617
counter/9/0/0/0,24100:1747647668063:,1747647681617
counter/1/0/0/0,18872:1747647665389:,1747647681617
counter/10/0/0/0,18407:1747647664459:,1747647681617
counter/1/0/0/0,18873:1747647665389:,1747647681617
counter/8/0/0/0,20904:1747647665696:,1747647681617
counter/3/0/0/0,17941:1747647664741:,1747647681617
counter/1/0/0/0,18874:1747647665389:,1747647681617
counter/6/0/0/0,17525:1747647664729:,1747647681617
counter/2/0/0/0,23682:1747647669688:,1747647681617
counter/1/0/0/0,18875:1747647665389:,1747647681617
counter/5/0/0/0,20545:1747647666039:,1747647681617
counter/10/0/0/0,18408:1747647664459:,1747647681617
counter/7/0/0/0,17070:1747647663096:,1747647681617
counter/8/0/0/0,20905:1747647665706:,1747647681617
counter/3/0/0/0,17942:1747647664741:,1747647681618
counter/3/0/0/0,17943:1747647664741:,1747647681618
counter/6/0/0/0,17526:1747647664729:,1747647681618
counter/2/0/0/0,23683:1747647669688:,1747647681618
counter/2/0/0/0,23684:1747647669694:,1747647681618
counter/5/0/0/0,20546:1747647666039:,1747647681618
counter/9/0/0/0,24101:1747647668064:,1747647681618
counter/9/0/0/0,24102:1747647668064:,1747647681618
counter/9/0/0/0,24103:1747647668064:,1747647681618
counter/9/0/0/0,24104:1747647668065:,1747647681618
counter/9/0/0/0,24105:1747647668065:,1747647681618
counter/9/0/0/0,24106:1747647668065:,1747647681618
counter/9/0/0/0,24107:1747647668065:,1747647681618
counter/9/0/0/0,24108:1747647668070:,1747647681618
counter/9/0/0/0,24109:1747647668070:,1747647681618
counter/9/0/0/0,24110:1747647668071:,1747647681618
counter/9/0/0/0,24111:1747647668071:,1747647681618
counter/9/0/0/0,24112:1747647668071:,1747647681618
counter/9/0/0/0,24113:1747647668071:,1747647681618
counter/9/0/0/0,24114:1747647668076:,1747647681618
counter/9/0/0/0,24115:1747647668076:,1747647681618
counter/5/0/0/0,20547:1747647666039:,1747647681618
counter/9/0/0/0,24116:1747647668076:,1747647681618
counter/1/0/0/0,18876:1747647665395:,1747647681618
counter/10/0/0/0,18409:1747647664459:,1747647681618
counter/1/0/0/0,18877:1747647665395:,1747647681618
counter/8/0/0/0,20906:1747647665706:,1747647681618
counter/3/0/0/0,17944:1747647664744:,1747647681618
counter/6/0/0/0,17527:1747647664729:,1747647681618
counter/9/0/0/0,24117:1747647668076:,1747647681618
counter/9/0/0/0,24118:1747647668076:,1747647681618
counter/5/0/0/0,20548:1747647666041:,1747647681618
counter/7/0/0/0,17071:1747647663096:,1747647681618
counter/7/0/0/0,17072:1747647663096:,1747647681618
counter/7/0/0/0,17073:1747647663096:,1747647681618
counter/1/0/0/0,18878:1747647665395:,1747647681618
counter/8/0/0/0,20907:1747647665706:,1747647681618
counter/1/0/0/0,18879:1747647665396:,1747647681619
counter/6/0/0/0,17528:1747647664729:,1747647681619
counter/9/0/0/0,24119:1747647668076:,1747647681619
counter/9/0/0/0,24120:1747647668076:,1747647681619
counter/9/0/0/0,24121:1747647668076:,1747647681619
counter/9/0/0/0,24122:1747647668076:,1747647681619
counter/9/0/0/0,24123:1747647668076:,1747647681619
counter/9/0/0/0,24124:1747647668077:,1747647681619
counter/9/0/0/0,24125:1747647668077:,1747647681619
counter/9/0/0/0,24126:1747647668079:,1747647681619
counter/9/0/0/0,24127:1747647668079:,1747647681619
counter/4/0/0/0,18443:1747647665531:,1747647681619
counter/5/0/0/0,20549:1747647666041:,1747647681619
counter/1/0/0/0,18880:1747647665396:,1747647681619
counter/7/0/0/0,17074:1747647663096:,1747647681619
counter/3/0/0/0,17945:1747647664744:,1747647681619
counter/8/0/0/0,20908:1747647665706:,1747647681619
counter/8/0/0/0,20909:1747647665706:,1747647681619
counter/9/0/0/0,24128:1747647668079:,1747647681619
counter/2/0/0/0,23685:1747647669694:,1747647681619
counter/2/0/0/0,23686:1747647669694:,1747647681619
counter/2/0/0/0,23687:1747647669694:,1747647681619
counter/2/0/0/0,23688:1747647669694:,1747647681619
counter/10/0/0/0,18410:1747647664459:,1747647681619
counter/1/0/0/0,18881:1747647665396:,1747647681619
counter/3/0/0/0,17946:1747647664744:,1747647681619
counter/6/0/0/0,17529:1747647664729:,1747647681619
counter/3/0/0/0,17947:1747647664745:,1747647681619
counter/8/0/0/0,20910:1747647665706:,1747647681619
counter/8/0/0/0,20911:1747647665706:,1747647681619
counter/8/0/0/0,20912:1747647665711:,1747647681619
counter/8/0/0/0,20913:1747647665711:,1747647681619
counter/8/0/0/0,20914:1747647665711:,1747647681619
counter/8/0/0/0,20915:1747647665711:,1747647681619
counter/8/0/0/0,20916:1747647665711:,1747647681619
counter/9/0/0/0,24129:1747647668079:,1747647681619
counter/6/0/0/0,17530:1747647664729:,1747647681619
counter/6/0/0/0,17531:1747647664729:,1747647681619
counter/6/0/0/0,17532:1747647664729:,1747647681619
counter/4/0/0/0,18444:1747647665531:,1747647681619
counter/10/0/0/0,18411:1747647664460:,1747647681619
counter/7/0/0/0,17075:1747647663096:,1747647681620
counter/8/0/0/0,20917:1747647665711:,1747647681620
counter/8/0/0/0,20918:1747647665718:,1747647681620
counter/9/0/0/0,24130:1747647668079:,1747647681620
counter/1/0/0/0,18882:1747647665396:,1747647681620
counter/3/0/0/0,17948:1747647664745:,1747647681620
counter/2/0/0/0,23689:1747647669694:,1747647681620
counter/2/0/0/0,23690:1747647669694:,1747647681620
counter/6/0/0/0,17533:1747647664729:,1747647681620
counter/2/0/0/0,23691:1747647669696:,1747647681620
counter/7/0/0/0,17076:1747647663096:,1747647681620
counter/8/0/0/0,20919:1747647665718:,1747647681620
counter/8/0/0/0,20920:1747647665719:,1747647681620
counter/8/0/0/0,20921:1747647665719:,1747647681620
counter/8/0/0/0,20922:1747647665719:,1747647681620
counter/1/0/0/0,18883:1747647665396:,1747647681620
counter/6/0/0/0,17534:1747647664729:,1747647681620
counter/10/0/0/0,18412:1747647664460:,1747647681620
counter/4/0/0/0,18445:1747647665531:,1747647681620
counter/2/0/0/0,23692:1747647669696:,1747647681620
counter/4/0/0/0,18446:1747647665531:,1747647681620
counter/9/0/0/0,24131:1747647668079:,1747647681620
counter/8/0/0/0,20923:1747647665719:,1747647681620
counter/4/0/0/0,18447:1747647665531:,1747647681620
counter/3/0/0/0,17949:1747647664745:,1747647681620
counter/1/0/0/0,18884:1747647665396:,1747647681620
counter/6/0/0/0,17535:1747647664729:,1747647681620
counter/1/0/0/0,18885:1747647665396:,1747647681620
counter/7/0/0/0,17077:1747647663096:,1747647681620
counter/1/0/0/0,18886:1747647665396:,1747647681620
counter/9/0/0/0,24132:1747647668079:,1747647681620
counter/1/0/0/0,18887:1747647665396:,1747647681620
counter/5/0/0/0,20550:1747647666041:,1747647681620
counter/4/0/0/0,18448:1747647665531:,1747647681620
counter/3/0/0/0,17950:1747647664745:,1747647681620
counter/10/0/0/0,18413:1747647664460:,1747647681620
counter/7/0/0/0,17078:1747647663096:,1747647681620
counter/6/0/0/0,17536:1747647664730:,1747647681620
counter/2/0/0/0,23693:1747647669696:,1747647681620
counter/8/0/0/0,20924:1747647665719:,1747647681621
counter/9/0/0/0,24133:1747647668079:,1747647681621
counter/9/0/0/0,24134:1747647668079:,1747647681621
counter/9/0/0/0,24135:1747647668079:,1747647681621
counter/9/0/0/0,24136:1747647668079:,1747647681621
counter/9/0/0/0,24137:1747647668079:,1747647681621
counter/4/0/0/0,18449:1747647665548:,1747647681621
counter/7/0/0/0,17079:1747647663096:,1747647681621
counter/4/0/0/0,18450:1747647665548:,1747647681621
counter/6/0/0/0,17537:1747647664730:,1747647681621
counter/8/0/0/0,20925:1747647665719:,1747647681621
counter/8/0/0/0,20926:1747647665719:,1747647681621
counter/8/0/0/0,20927:1747647665719:,1747647681621
counter/10/0/0/0,18414:1747647664460:,1747647681621
counter/9/0/0/0,24138:1747647668079:,1747647681621
counter/10/0/0/0,18415:1747647664460:,1747647681621
counter/2/0/0/0,23694:1747647669696:,1747647681621
counter/7/0/0/0,17080:1747647663096:,1747647681621
counter/7/0/0/0,17081:1747647663096:,1747647681621
counter/7/0/0/0,17082:1747647663096:,1747647681621
counter/7/0/0/0,17083:1747647663096:,1747647681621
counter/7/0/0/0,17084:1747647663096:,1747647681621
counter/7/0/0/0,17085:1747647663103:,1747647681621
counter/7/0/0/0,17086:1747647663103:,1747647681621
counter/7/0/0/0,17087:1747647663123:,1747647681621
counter/7/0/0/0,17088:1747647663123:,1747647681621
counter/10/0/0/0,18416:1747647664460:,1747647681621
counter/4/0/0/0,18451:1747647665548:,1747647681621
counter/8/0/0/0,20928:1747647665722:,1747647681621
counter/1/0/0/0,18888:1747647665396:,1747647681621
counter/5/0/0/0,20551:1747647666041:,1747647681621
counter/9/0/0/0,24139:1747647668092:,1747647681621
counter/9/0/0/0,24140:1747647668093:,1747647681621
counter/9/0/0/0,24141:1747647668093:,1747647681621
counter/9/0/0/0,24142:1747647668093:,1747647681621
counter/9/0/0/0,24143:1747647668093:,1747647681621
counter/3/0/0/0,17951:1747647664745:,1747647681621
counter/8/0/0/0,20929:1747647665726:,1747647681621
counter/3/0/0/0,17952:1747647664745:,1747647681621
counter/5/0/0/0,20552:1747647666041:,1747647681621
counter/3/0/0/0,17953:1747647664745:,1747647681621
counter/7/0/0/0,17089:1747647663123:,1747647681621
counter/3/0/0/0,17954:1747647664745:,1747647681621
counter/9/0/0/0,24144:1747647668093:,1747647681621
counter/10/0/0/0,18417:1747647664460:,1747647681622
counter/2/0/0/0,23695:1747647669696:,1747647681622
counter/8/0/0/0,20930:1747647665726:,1747647681622
counter/1/0/0/0,18889:1747647665407:,1747647681622
counter/1/0/0/0,18890:1747647665407:,1747647681622
counter/5/0/0/0,20553:1747647666041:,1747647681622
counter/1/0/0/0,18891:1747647665407:,1747647681622
counter/6/0/0/0,17538:1747647664730:,1747647681622
counter/4/0/0/0,18452:1747647665548:,1747647681622
counter/9/0/0/0,24145:1747647668093:,1747647681622
counter/4/0/0/0,18453:1747647665548:,1747647681622
counter/2/0/0/0,23696:1747647669696:,1747647681622
counter/1/0/0/0,18892:1747647665407:,1747647681622
counter/7/0/0/0,17090:1747647663124:,1747647681622
counter/5/0/0/0,20554:1747647666041:,1747647681622
counter/5/0/0/0,20555:1747647666041:,1747647681622
counter/5/0/0/0,20556:1747647666041:,1747647681622
counter/10/0/0/0,18418:1747647664460:,1747647681622
counter/9/0/0/0,24146:1747647668093:,1747647681622
counter/9/0/0/0,24147:1747647668093:,1747647681622
counter/9/0/0/0,24148:1747647668093:,1747647681622
counter/9/0/0/0,24149:1747647668093:,1747647681622
counter/9/0/0/0,24150:1747647668093:,1747647681622
counter/9/0/0/0,24151:1747647668093:,1747647681622
counter/9/0/0/0,24152:1747647668093:,1747647681622
counter/3/0/0/0,17955:1747647664745:,1747647681622
counter/5/0/0/0,20557:1747647666041:,1747647681622
counter/3/0/0/0,17956:1747647664745:,1747647681622
counter/10/0/0/0,18419:1747647664460:,1747647681622
counter/8/0/0/0,20931:1747647665726:,1747647681622
counter/7/0/0/0,17091:1747647663124:,1747647681622
counter/7/0/0/0,17092:1747647663124:,1747647681622
counter/9/0/0/0,24153:1747647668093:,1747647681622
counter/6/0/0/0,17539:1747647664730:,1747647681622
counter/2/0/0/0,23697:1747647669696:,1747647681622
counter/5/0/0/0,20558:1747647666041:,1747647681622
counter/5/0/0/0,20559:1747647666041:,1747647681622
counter/5/0/0/0,20560:1747647666041:,1747647681622
counter/3/0/0/0,17957:1747647664745:,1747647681622
counter/8/0/0/0,20932:1747647665726:,1747647681622
counter/3/0/0/0,17958:1747647664745:,1747647681623
counter/9/0/0/0,24154:1747647668098:,1747647681623
counter/1/0/0/0,18893:1747647665407:,1747647681623
counter/6/0/0/0,17540:1747647664730:,1747647681623
counter/9/0/0/0,24155:1747647668098:,1747647681623
counter/9/0/0/0,24156:1747647668098:,1747647681623
counter/9/0/0/0,24157:1747647668098:,1747647681623
counter/9/0/0/0,24158:1747647668101:,1747647681623
counter/9/0/0/0,24159:1747647668101:,1747647681623
counter/9/0/0/0,24160:1747647668101:,1747647681623
counter/9/0/0/0,24161:1747647668101:,1747647681623
counter/9/0/0/0,24162:1747647668101:,1747647681623
counter/9/0/0/0,24163:1747647668101:,1747647681623
counter/9/0/0/0,24164:1747647668101:,1747647681623
counter/9/0/0/0,24165:1747647668101:,1747647681623
counter/9/0/0/0,24166:1747647668101:,1747647681623
counter/3/0/0/0,17959:1747647664750:,1747647681623
counter/9/0/0/0,24167:1747647668101:,1747647681623
counter/10/0/0/0,18420:1747647664460:,1747647681623
counter/9/0/0/0,24168:1747647668101:,1747647681623
counter/10/0/0/0,18421:1747647664460:,1747647681623
counter/9/0/0/0,24169:1747647668101:,1747647681623
counter/10/0/0/0,18422:1747647664460:,1747647681623
counter/10/0/0/0,18423:1747647664460:,1747647681623
counter/4/0/0/0,18454:1747647665548:,1747647681623
counter/7/0/0/0,17093:1747647663124:,1747647681623
counter/9/0/0/0,24170:1747647668101:,1747647681623
counter/9/0/0/0,24171:1747647668101:,1747647681623
counter/9/0/0/0,24172:1747647668101:,1747647681623
counter/9/0/0/0,24173:1747647668114:,1747647681623
counter/9/0/0/0,24174:1747647668115:,1747647681623
counter/9/0/0/0,24175:1747647668115:,1747647681623
counter/8/0/0/0,20933:1747647665726:,1747647681623
counter/9/0/0/0,24176:1747647668115:,1747647681623
counter/4/0/0/0,18455:1747647665548:,1747647681623
counter/7/0/0/0,17094:1747647663124:,1747647681623
counter/1/0/0/0,18894:1747647665407:,1747647681623
counter/6/0/0/0,17541:1747647664730:,1747647681623
counter/4/0/0/0,18456:1747647665548:,1747647681623
counter/5/0/0/0,20561:1747647666041:,1747647681623
counter/4/0/0/0,18457:1747647665548:,1747647681624
counter/2/0/0/0,23698:1747647669696:,1747647681624
counter/10/0/0/0,18424:1747647664460:,1747647681624
counter/4/0/0/0,18458:1747647665549:,1747647681624
counter/7/0/0/0,17095:1747647663124:,1747647681624
counter/3/0/0/0,17960:1747647664750:,1747647681624
counter/6/0/0/0,17542:1747647664730:,1747647681624
counter/9/0/0/0,24177:1747647668115:,1747647681624
counter/5/0/0/0,20562:1747647666041:,1747647681624
counter/5/0/0/0,20563:1747647666041:,1747647681624
counter/5/0/0/0,20564:1747647666041:,1747647681624
counter/5/0/0/0,20565:1747647666044:,1747647681624
counter/5/0/0/0,20566:1747647666044:,1747647681624
counter/5/0/0/0,20567:1747647666044:,1747647681624
counter/10/0/0/0,18425:1747647664460:,1747647681624
counter/3/0/0/0,17961:1747647664750:,1747647681624
counter/6/0/0/0,17543:1747647664730:,1747647681624
counter/9/0/0/0,24178:1747647668115:,1747647681624
counter/9/0/0/0,24179:1747647668115:,1747647681624
counter/9/0/0/0,24180:1747647668115:,1747647681624
counter/7/0/0/0,17096:1747647663124:,1747647681624
counter/5/0/0/0,20568:1747647666044:,1747647681624
counter/5/0/0/0,20569:1747647666044:,1747647681624
counter/5/0/0/0,20570:1747647666044:,1747647681624
counter/5/0/0/0,20571:1747647666044:,1747647681624
counter/4/0/0/0,18459:1747647665549:,1747647681624
counter/6/0/0/0,17544:1747647664730:,1747647681624
counter/6/0/0/0,17545:1747647664730:,1747647681624
counter/9/0/0/0,24181:1747647668115:,1747647681624
counter/1/0/0/0,18895:1747647665407:,1747647681624
counter/7/0/0/0,17097:1747647663124:,1747647681624
counter/1/0/0/0,18896:1747647665407:,1747647681624
counter/10/0/0/0,18426:1747647664460:,1747647681624
counter/8/0/0/0,20934:1747647665726:,1747647681624
counter/3/0/0/0,17962:1747647664750:,1747647681624
counter/6/0/0/0,17546:1747647664730:,1747647681624
counter/9/0/0/0,24182:1747647668117:,1747647681624
counter/9/0/0/0,24183:1747647668117:,1747647681624
counter/5/0/0/0,20572:1747647666044:,1747647681624
counter/7/0/0/0,17098:1747647663124:,1747647681624
counter/5/0/0/0,20573:1747647666044:,1747647681624
counter/1/0/0/0,18897:1747647665408:,1747647681624
counter/10/0/0/0,18427:1747647664462:,1747647681624
counter/8/0/0/0,20935:1747647665726:,1747647681625
counter/4/0/0/0,18460:1747647665549:,1747647681625
counter/3/0/0/0,17963:1747647664750:,1747647681625
counter/9/0/0/0,24184:1747647668117:,1747647681625
counter/3/0/0/0,17964:1747647664750:,1747647681625
counter/7/0/0/0,17099:1747647663124:,1747647681625
counter/5/0/0/0,20574:1747647666044:,1747647681625
counter/5/0/0/0,20575:1747647666044:,1747647681625
counter/5/0/0/0,20576:1747647666044:,1747647681625
counter/5/0/0/0,20577:1747647666044:,1747647681625
counter/5/0/0/0,20578:1747647666044:,1747647681625
counter/5/0/0/0,20579:1747647666051:,1747647681625
counter/5/0/0/0,20580:1747647666051:,1747647681625
counter/5/0/0/0,20581:1747647666051:,1747647681625
counter/5/0/0/0,20582:1747647666051:,1747647681625
counter/5/0/0/0,20583:1747647666051:,1747647681625
counter/5/0/0/0,20584:1747647666051:,1747647681625
counter/1/0/0/0,18898:1747647665408:,1747647681625
counter/8/0/0/0,20936:1747647665726:,1747647681625
counter/6/0/0/0,17547:1747647664730:,1747647681625
counter/4/0/0/0,18461:1747647665549:,1747647681625
counter/9/0/0/0,24185:1747647668117:,1747647681625
counter/4/0/0/0,18462:1747647665549:,1747647681625
counter/7/0/0/0,17100:1747647663124:,1747647681625
counter/7/0/0/0,17101:1747647663124:,1747647681625
counter/5/0/0/0,20585:1747647666051:,1747647681625
counter/10/0/0/0,18428:1747647664462:,1747647681625
counter/10/0/0/0,18429:1747647664462:,1747647681625
counter/8/0/0/0,20937:1747647665726:,1747647681625
counter/1/0/0/0,18899:1747647665408:,1747647681625
counter/9/0/0/0,24186:1747647668117:,1747647681625
counter/1/0/0/0,18900:1747647665408:,1747647681625
counter/1/0/0/0,18901:1747647665408:,1747647681625
counter/3/0/0/0,17965:1747647664750:,1747647681625
counter/7/0/0/0,17102:1747647663124:,1747647681625
counter/5/0/0/0,20586:1747647666051:,1747647681625
counter/6/0/0/0,17548:1747647664730:,1747647681625
counter/8/0/0/0,20938:1747647665738:,1747647681625
counter/8/0/0/0,20939:1747647665738:,1747647681625
counter/8/0/0/0,20940:1747647665738:,1747647681625
counter/8/0/0/0,20941:1747647665739:,1747647681626
counter/2/0/0/0,23699:1747647669696:,1747647681626
counter/2/0/0/0,23700:1747647669696:,1747647681626
counter/2/0/0/0,23701:1747647669696:,1747647681626
counter/2/0/0/0,23702:1747647669696:,1747647681626
counter/2/0/0/0,23703:1747647669699:,1747647681626
counter/2/0/0/0,23704:1747647669699:,1747647681626
counter/2/0/0/0,23705:1747647669699:,1747647681626
counter/2/0/0/0,23706:1747647669699:,1747647681626
counter/2/0/0/0,23707:1747647669699:,1747647681626
counter/2/0/0/0,23708:1747647669699:,1747647681626
counter/2/0/0/0,23709:1747647669699:,1747647681626
counter/1/0/0/0,18902:1747647665408:,1747647681626
counter/5/0/0/0,20587:1747647666051:,1747647681626
counter/1/0/0/0,18903:1747647665408:,1747647681626
counter/6/0/0/0,17549:1747647664730:,1747647681626
counter/10/0/0/0,18430:1747647664462:,1747647681626
counter/8/0/0/0,20942:1747647665739:,1747647681626
counter/10/0/0/0,18431:1747647664462:,1747647681626
counter/2/0/0/0,23710:1747647669699:,1747647681626
counter/7/0/0/0,17103:1747647663124:,1747647681626
counter/2/0/0/0,23711:1747647669699:,1747647681626
counter/5/0/0/0,20588:1747647666051:,1747647681626
counter/3/0/0/0,17966:1747647664770:,1747647681626
counter/1/0/0/0,18904:1747647665408:,1747647681626
counter/6/0/0/0,17550:1747647664730:,1747647681626
counter/1/0/0/0,18905:1747647665408:,1747647681626
counter/8/0/0/0,20943:1747647665739:,1747647681626
counter/1/0/0/0,18906:1747647665412:,1747647681626
counter/7/0/0/0,17104:1747647663128:,1747647681626
counter/1/0/0/0,18907:1747647665412:,1747647681626
counter/5/0/0/0,20589:1747647666051:,1747647681626
counter/4/0/0/0,18463:1747647665549:,1747647681626
counter/3/0/0/0,17967:1747647664787:,1747647681626
counter/6/0/0/0,17551:1747647664730:,1747647681626
counter/4/0/0/0,18464:1747647665549:,1747647681626
counter/8/0/0/0,20944:1747647665739:,1747647681626
counter/4/0/0/0,18465:1747647665549:,1747647681626
counter/2/0/0/0,23712:1747647669699:,1747647681626
counter/1/0/0/0,18908:1747647665412:,1747647681626
counter/9/0/0/0,24187:1747647668117:,1747647681626
counter/5/0/0/0,20590:1747647666051:,1747647681626
counter/3/0/0/0,17968:1747647664788:,1747647681626
counter/3/0/0/0,17969:1747647664788:,1747647681626
counter/6/0/0/0,17552:1747647664730:,1747647681627
counter/6/0/0/0,17553:1747647664730:,1747647681627
counter/8/0/0/0,20945:1747647665739:,1747647681627
counter/7/0/0/0,17105:1747647663142:,1747647681627
counter/2/0/0/0,23713:1747647669699:,1747647681627
counter/2/0/0/0,23714:1747647669699:,1747647681627
counter/2/0/0/0,23715:1747647669699:,1747647681627
counter/2/0/0/0,23716:1747647669699:,1747647681627
counter/2/0/0/0,23717:1747647669699:,1747647681627
counter/2/0/0/0,23718:1747647669699:,1747647681627
counter/2/0/0/0,23719:1747647669699:,1747647681627
counter/2/0/0/0,23720:1747647669699:,1747647681627
counter/2/0/0/0,23721:1747647669700:,1747647681627
counter/2/0/0/0,23722:1747647669700:,1747647681627
counter/5/0/0/0,20591:1747647666051:,1747647681627
counter/2/0/0/0,23723:1747647669707:,1747647681627
counter/5/0/0/0,20592:1747647666052:,1747647681627
counter/5/0/0/0,20593:1747647666052:,1747647681627
counter/5/0/0/0,20594:1747647666052:,1747647681627
counter/5/0/0/0,20595:1747647666052:,1747647681627
counter/4/0/0/0,18466:1747647665549:,1747647681627
counter/5/0/0/0,20596:1747647666054:,1747647681627
counter/2/0/0/0,23724:1747647669707:,1747647681627
counter/4/0/0/0,18467:1747647665571:,1747647681627
counter/4/0/0/0,18468:1747647665571:,1747647681627
counter/10/0/0/0,18432:1747647664462:,1747647681627
counter/3/0/0/0,17970:1747647664788:,1747647681627
counter/6/0/0/0,17554:1747647664733:,1747647681627
counter/5/0/0/0,20597:1747647666054:,1747647681627
counter/7/0/0/0,17106:1747647663142:,1747647681627
counter/8/0/0/0,20946:1747647665739:,1747647681627
counter/8/0/0/0,20947:1747647665739:,1747647681627
counter/2/0/0/0,23725:1747647669707:,1747647681627
counter/9/0/0/0,24188:1747647668117:,1747647681627
counter/9/0/0/0,24189:1747647668117:,1747647681627
counter/9/0/0/0,24190:1747647668118:,1747647681627
counter/9/0/0/0,24191:1747647668118:,1747647681627
counter/9/0/0/0,24192:1747647668118:,1747647681627
counter/9/0/0/0,24193:1747647668118:,1747647681627
counter/9/0/0/0,24194:1747647668118:,1747647681627
counter/9/0/0/0,24195:1747647668118:,1747647681627
counter/9/0/0/0,24196:1747647668118:,1747647681627
counter/9/0/0/0,24197:1747647668118:,1747647681628
counter/9/0/0/0,24198:1747647668118:,1747647681628
counter/4/0/0/0,18469:1747647665571:,1747647681628
counter/10/0/0/0,18433:1747647664464:,1747647681628
counter/4/0/0/0,18470:1747647665576:,1747647681628
counter/7/0/0/0,17107:1747647663142:,1747647681628
counter/4/0/0/0,18471:1747647665576:,1747647681628
counter/8/0/0/0,20948:1747647665739:,1747647681628
counter/9/0/0/0,24199:1747647668118:,1747647681628
counter/4/0/0/0,18472:1747647665576:,1747647681628
counter/2/0/0/0,23726:1747647669707:,1747647681628
counter/6/0/0/0,17555:1747647664733:,1747647681628
counter/10/0/0/0,18434:1747647664464:,1747647681628
counter/5/0/0/0,20598:1747647666054:,1747647681628
counter/7/0/0/0,17108:1747647663149:,1747647681628
counter/7/0/0/0,17109:1747647663149:,1747647681628
counter/7/0/0/0,17110:1747647663152:,1747647681628
counter/3/0/0/0,17971:1747647664788:,1747647681628
counter/9/0/0/0,24200:1747647668118:,1747647681628
counter/4/0/0/0,18473:1747647665576:,1747647681628
counter/2/0/0/0,23727:1747647669707:,1747647681628
counter/4/0/0/0,18474:1747647665582:,1747647681628
counter/10/0/0/0,18435:1747647664464:,1747647681628
counter/10/0/0/0,18436:1747647664464:,1747647681628
counter/5/0/0/0,20599:1747647666054:,1747647681628
counter/1/0/0/0,18909:1747647665412:,1747647681628
counter/7/0/0/0,17111:1747647663152:,1747647681628
counter/1/0/0/0,18910:1747647665412:,1747647681628
counter/9/0/0/0,24201:1747647668119:,1747647681628
counter/6/0/0/0,17556:1747647664733:,1747647681628
counter/2/0/0/0,23728:1747647669707:,1747647681628
counter/2/0/0/0,23729:1747647669707:,1747647681628
counter/5/0/0/0,20600:1747647666054:,1747647681628
counter/5/0/0/0,20601:1747647666054:,1747647681628
counter/5/0/0/0,20602:1747647666054:,1747647681628
counter/5/0/0/0,20603:1747647666054:,1747647681628
counter/5/0/0/0,20604:1747647666054:,1747647681628
counter/5/0/0/0,20605:1747647666054:,1747647681628
counter/6/0/0/0,17557:1747647664733:,1747647681628
counter/5/0/0/0,20606:1747647666054:,1747647681628
counter/6/0/0/0,17558:1747647664733:,1747647681628
counter/6/0/0/0,17559:1747647664733:,1747647681628
counter/6/0/0/0,17560:1747647664733:,1747647681629
counter/6/0/0/0,17561:1747647664740:,1747647681629
counter/6/0/0/0,17562:1747647664740:,1747647681629
counter/1/0/0/0,18911:1747647665412:,1747647681629
counter/5/0/0/0,20607:1747647666054:,1747647681629
counter/6/0/0/0,17563:1747647664740:,1747647681629
counter/1/0/0/0,18912:1747647665412:,1747647681629
counter/1/0/0/0,18913:1747647665412:,1747647681629
counter/2/0/0/0,23730:1747647669707:,1747647681629
counter/3/0/0/0,17972:1747647664788:,1747647681629
counter/2/0/0/0,23731:1747647669717:,1747647681629
counter/6/0/0/0,17564:1747647664740:,1747647681629
counter/9/0/0/0,24202:1747647668119:,1747647681629
counter/7/0/0/0,17112:1747647663152:,1747647681629
counter/7/0/0/0,17113:1747647663152:,1747647681629
counter/7/0/0/0,17114:1747647663152:,1747647681629
counter/7/0/0/0,17115:1747647663152:,1747647681629
counter/7/0/0/0,17116:1747647663153:,1747647681629
counter/7/0/0/0,17117:1747647663153:,1747647681629
counter/7/0/0/0,17118:1747647663153:,1747647681629
counter/7/0/0/0,17119:1747647663153:,1747647681629
counter/7/0/0/0,17120:1747647663153:,1747647681629
counter/7/0/0/0,17121:1747647663153:,1747647681629
counter/7/0/0/0,17122:1747647663153:,1747647681629
counter/10/0/0/0,18437:1747647664465:,1747647681629
counter/7/0/0/0,17123:1747647663153:,1747647681629
counter/1/0/0/0,18914:1747647665413:,1747647681629
counter/1/0/0/0,18915:1747647665413:,1747647681629
counter/3/0/0/0,17973:1747647664788:,1747647681629
counter/2/0/0/0,23732:1747647669717:,1747647681629
counter/2/0/0/0,23733:1747647669717:,1747647681629
counter/2/0/0/0,23734:1747647669717:,1747647681629
counter/2/0/0/0,23735:1747647669717:,1747647681629
counter/2/0/0/0,23736:1747647669718:,1747647681629
counter/2/0/0/0,23737:1747647669718:,1747647681629
counter/2/0/0/0,23738:1747647669718:,1747647681629
counter/2/0/0/0,23739:1747647669718:,1747647681629
counter/1/0/0/0,18916:1747647665414:,1747647681629
counter/1/0/0/0,18917:1747647665414:,1747647681629
counter/5/0/0/0,20608:1747647666054:,1747647681629
counter/5/0/0/0,20609:1747647666057:,1747647681629
counter/7/0/0/0,17124:1747647663153:,1747647681629
counter/7/0/0/0,17125:1747647663153:,1747647681630
counter/10/0/0/0,18438:1747647664465:,1747647681630
counter/10/0/0/0,18439:1747647664465:,1747647681630
counter/2/0/0/0,23740:1747647669718:,1747647681630
counter/9/0/0/0,24203:1747647668127:,1747647681630
counter/9/0/0/0,24204:1747647668127:,1747647681630
counter/9/0/0/0,24205:1747647668127:,1747647681630
counter/9/0/0/0,24206:1747647668127:,1747647681630
counter/9/0/0/0,24207:1747647668127:,1747647681630
counter/9/0/0/0,24208:1747647668127:,1747647681630
counter/9/0/0/0,24209:1747647668127:,1747647681630
counter/9/0/0/0,24210:1747647668127:,1747647681630
counter/10/0/0/0,18440:1747647664465:,1747647681630
counter/9/0/0/0,24211:1747647668136:,1747647681630
counter/5/0/0/0,20610:1747647666060:,1747647681630
counter/5/0/0/0,20611:1747647666060:,1747647681630
counter/5/0/0/0,20612:1747647666060:,1747647681630
counter/4/0/0/0,18475:1747647665582:,1747647681630
counter/7/0/0/0,17126:1747647663153:,1747647681630
counter/4/0/0/0,18476:1747647665582:,1747647681630
counter/2/0/0/0,23741:1747647669718:,1747647681630
counter/4/0/0/0,18477:1747647665582:,1747647681630
counter/9/0/0/0,24212:1747647668136:,1747647681630
counter/10/0/0/0,18441:1747647664465:,1747647681630
counter/10/0/0/0,18442:1747647664465:,1747647681630
counter/5/0/0/0,20613:1747647666061:,1747647681630
counter/8/0/0/0,20949:1747647665739:,1747647681630
counter/3/0/0/0,17974:1747647664788:,1747647681630
counter/7/0/0/0,17127:1747647663153:,1747647681630
counter/2/0/0/0,23742:1747647669718:,1747647681630
counter/2/0/0/0,23743:1747647669718:,1747647681630
counter/2/0/0/0,23744:1747647669719:,1747647681630
counter/2/0/0/0,23745:1747647669719:,1747647681630
counter/1/0/0/0,18918:1747647665414:,1747647681630
counter/5/0/0/0,20614:1747647666061:,1747647681630
counter/1/0/0/0,18919:1747647665414:,1747647681630
counter/8/0/0/0,20950:1747647665739:,1747647681630
counter/3/0/0/0,17975:1747647664788:,1747647681630
counter/7/0/0/0,17128:1747647663153:,1747647681630
counter/7/0/0/0,17129:1747647663153:,1747647681630
counter/7/0/0/0,17130:1747647663153:,1747647681631
counter/7/0/0/0,17131:1747647663153:,1747647681631
counter/7/0/0/0,17132:1747647663153:,1747647681631
counter/7/0/0/0,17133:1747647663153:,1747647681631
counter/7/0/0/0,17134:1747647663153:,1747647681631
counter/7/0/0/0,17135:1747647663153:,1747647681631
counter/7/0/0/0,17136:1747647663153:,1747647681631
counter/7/0/0/0,17137:1747647663153:,1747647681631
counter/7/0/0/0,17138:1747647663153:,1747647681631
counter/7/0/0/0,17139:1747647663153:,1747647681631
counter/5/0/0/0,20615:1747647666067:,1747647681631
counter/7/0/0/0,17140:1747647663153:,1747647681631
counter/5/0/0/0,20616:1747647666067:,1747647681631
counter/7/0/0/0,17141:1747647663153:,1747647681631
counter/5/0/0/0,20617:1747647666067:,1747647681631
counter/3/0/0/0,17976:1747647664788:,1747647681631
counter/9/0/0/0,24213:1747647668136:,1747647681631
counter/9/0/0/0,24214:1747647668136:,1747647681631
counter/9/0/0/0,24215:1747647668136:,1747647681631
counter/9/0/0/0,24216:1747647668136:,1747647681631
counter/9/0/0/0,24217:1747647668136:,1747647681631
counter/9/0/0/0,24218:1747647668136:,1747647681631
counter/9/0/0/0,24219:1747647668136:,1747647681631
counter/9/0/0/0,24220:1747647668136:,1747647681631
counter/1/0/0/0,18920:1747647665421:,1747647681631
counter/9/0/0/0,24221:1747647668136:,1747647681631
counter/1/0/0/0,18921:1747647665421:,1747647681631
counter/10/0/0/0,18443:1747647664465:,1747647681631
counter/7/0/0/0,17142:1747647663153:,1747647681631
counter/1/0/0/0,18922:1747647665421:,1747647681631
counter/5/0/0/0,20618:1747647666067:,1747647681631
counter/1/0/0/0,18923:1747647665421:,1747647681631
counter/9/0/0/0,24222:1747647668136:,1747647681631
counter/1/0/0/0,18924:1747647665421:,1747647681631
counter/3/0/0/0,17977:1747647664788:,1747647681631
counter/1/0/0/0,18925:1747647665421:,1747647681631
counter/10/0/0/0,18444:1747647664465:,1747647681631
counter/1/0/0/0,18926:1747647665422:,1747647681631
counter/6/0/0/0,17565:1747647664740:,1747647681631
counter/5/0/0/0,20619:1747647666073:,1747647681631
counter/4/0/0/0,18478:1747647665582:,1747647681631
counter/9/0/0/0,24223:1747647668136:,1747647681631
counter/4/0/0/0,18479:1747647665582:,1747647681632
counter/3/0/0/0,17978:1747647664788:,1747647681632
counter/7/0/0/0,17143:1747647663153:,1747647681632
counter/7/0/0/0,17144:1747647663154:,1747647681632
counter/7/0/0/0,17145:1747647663154:,1747647681632
counter/7/0/0/0,17146:1747647663154:,1747647681632
counter/7/0/0/0,17147:1747647663154:,1747647681632
counter/8/0/0/0,20951:1747647665739:,1747647681632
counter/9/0/0/0,24224:1747647668136:,1747647681632
counter/9/0/0/0,24225:1747647668136:,1747647681632
counter/9/0/0/0,24226:1747647668136:,1747647681632
counter/4/0/0/0,18480:1747647665582:,1747647681632
counter/10/0/0/0,18445:1747647664465:,1747647681632
counter/1/0/0/0,18927:1747647665422:,1747647681632
counter/5/0/0/0,20620:1747647666073:,1747647681632
counter/6/0/0/0,17566:1747647664740:,1747647681632
counter/1/0/0/0,18928:1747647665422:,1747647681632
counter/8/0/0/0,20952:1747647665739:,1747647681632
counter/9/0/0/0,24227:1747647668136:,1747647681632
counter/3/0/0/0,17979:1747647664795:,1747647681632
counter/2/0/0/0,23746:1747647669719:,1747647681632
counter/2/0/0/0,23747:1747647669719:,1747647681632
counter/2/0/0/0,23748:1747647669719:,1747647681632
counter/4/0/0/0,18481:1747647665582:,1747647681632
counter/5/0/0/0,20621:1747647666073:,1747647681632
counter/4/0/0/0,18482:1747647665582:,1747647681632
counter/4/0/0/0,18483:1747647665582:,1747647681632
counter/8/0/0/0,20953:1747647665739:,1747647681632
counter/9/0/0/0,24228:1747647668136:,1747647681632
counter/4/0/0/0,18484:1747647665582:,1747647681632
counter/10/0/0/0,18446:1747647664465:,1747647681632
counter/2/0/0/0,23749:1747647669719:,1747647681632
counter/7/0/0/0,17148:1747647663154:,1747647681632
counter/7/0/0/0,17149:1747647663154:,1747647681632
counter/7/0/0/0,17150:1747647663155:,1747647681632
counter/7/0/0/0,17151:1747647663155:,1747647681633
counter/7/0/0/0,17152:1747647663155:,1747647681633
counter/7/0/0/0,17153:1747647663155:,1747647681633
counter/7/0/0/0,17154:1747647663155:,1747647681633
counter/7/0/0/0,17155:1747647663155:,1747647681633
counter/7/0/0/0,17156:1747647663155:,1747647681633
counter/7/0/0/0,17157:1747647663155:,1747647681633
counter/7/0/0/0,17158:1747647663156:,1747647681633
counter/7/0/0/0,17159:1747647663156:,1747647681633
counter/7/0/0/0,17160:1747647663156:,1747647681633
counter/7/0/0/0,17161:1747647663156:,1747647681633
counter/7/0/0/0,17162:1747647663156:,1747647681633
counter/7/0/0/0,17163:1747647663161:,1747647681633
counter/7/0/0/0,17164:1747647663171:,1747647681633
counter/7/0/0/0,17165:1747647663171:,1747647681633
counter/7/0/0/0,17166:1747647663171:,1747647681633
counter/7/0/0/0,17167:1747647663171:,1747647681633
counter/7/0/0/0,17168:1747647663171:,1747647681633
counter/7/0/0/0,17169:1747647663171:,1747647681633
counter/7/0/0/0,17170:1747647663171:,1747647681633
counter/8/0/0/0,20954:1747647665739:,1747647681633
counter/7/0/0/0,17171:1747647663171:,1747647681633
counter/3/0/0/0,17980:1747647664796:,1747647681633
counter/7/0/0/0,17172:1747647663171:,1747647681633
counter/9/0/0/0,24229:1747647668136:,1747647681633
counter/10/0/0/0,18447:1747647664465:,1747647681633
counter/7/0/0/0,17173:1747647663171:,1747647681633
counter/2/0/0/0,23750:1747647669719:,1747647681633
counter/5/0/0/0,20622:1747647666073:,1747647681633
counter/7/0/0/0,17174:1747647663171:,1747647681633
counter/4/0/0/0,18485:1747647665582:,1747647681633
counter/7/0/0/0,17175:1747647663171:,1747647681633
counter/7/0/0/0,17176:1747647663171:,1747647681633
counter/7/0/0/0,17177:1747647663171:,1747647681633
counter/7/0/0/0,17178:1747647663171:,1747647681633
counter/7/0/0/0,17179:1747647663171:,1747647681633
counter/2/0/0/0,23751:1747647669719:,1747647681633
counter/7/0/0/0,17180:1747647663171:,1747647681633
counter/4/0/0/0,18486:1747647665583:,1747647681633
counter/7/0/0/0,17181:1747647663171:,1747647681634
counter/4/0/0/0,18487:1747647665583:,1747647681634
counter/7/0/0/0,17182:1747647663171:,1747647681634
counter/4/0/0/0,18488:1747647665583:,1747647681634
counter/7/0/0/0,17183:1747647663171:,1747647681634
counter/4/0/0/0,18489:1747647665583:,1747647681634
counter/4/0/0/0,18490:1747647665583:,1747647681634
counter/4/0/0/0,18491:1747647665583:,1747647681634
counter/4/0/0/0,18492:1747647665583:,1747647681634
counter/4/0/0/0,18493:1747647665583:,1747647681634
counter/4/0/0/0,18494:1747647665583:,1747647681634
counter/4/0/0/0,18495:1747647665583:,1747647681634
counter/4/0/0/0,18496:1747647665589:,1747647681634
counter/4/0/0/0,18497:1747647665593:,1747647681634
counter/10/0/0/0,18448:1747647664473:,1747647681634
counter/4/0/0/0,18498:1747647665593:,1747647681634
counter/6/0/0/0,17567:1747647664740:,1747647681634
counter/5/0/0/0,20623:1747647666073:,1747647681634
counter/4/0/0/0,18499:1747647665593:,1747647681634
counter/2/0/0/0,23752:1747647669719:,1747647681634
counter/3/0/0/0,17981:1747647664796:,1747647681634
counter/4/0/0/0,18500:1747647665593:,1747647681634
counter/8/0/0/0,20955:1747647665750:,1747647681634
counter/9/0/0/0,24230:1747647668136:,1747647681634
counter/7/0/0/0,17184:1747647663171:,1747647681634
counter/1/0/0/0,18929:1747647665422:,1747647681634
counter/10/0/0/0,18449:1747647664473:,1747647681634
counter/6/0/0/0,17568:1747647664740:,1747647681634
counter/5/0/0/0,20624:1747647666073:,1747647681634
counter/2/0/0/0,23753:1747647669719:,1747647681634
counter/3/0/0/0,17982:1747647664796:,1747647681634
counter/8/0/0/0,20956:1747647665750:,1747647681634
counter/8/0/0/0,20957:1747647665750:,1747647681634
counter/9/0/0/0,24231:1747647668136:,1747647681634
counter/7/0/0/0,17185:1747647663172:,1747647681634
counter/1/0/0/0,18930:1747647665422:,1747647681634
counter/10/0/0/0,18450:1747647664473:,1747647681634
counter/6/0/0/0,17569:1747647664749:,1747647681634
counter/5/0/0/0,20625:1747647666073:,1747647681634
counter/2/0/0/0,23754:1747647669719:,1747647681634
counter/3/0/0/0,17983:1747647664796:,1747647681634
counter/4/0/0/0,18501:1747647665593:,1747647681634
counter/9/0/0/0,24232:1747647668143:,1747647681635
counter/8/0/0/0,20958:1747647665750:,1747647681635
counter/7/0/0/0,17186:1747647663172:,1747647681635
counter/1/0/0/0,18931:1747647665423:,1747647681635
counter/10/0/0/0,18451:1747647664473:,1747647681635
counter/6/0/0/0,17570:1747647664749:,1747647681635
counter/5/0/0/0,20626:1747647666073:,1747647681635
counter/2/0/0/0,23755:1747647669726:,1747647681635
counter/3/0/0/0,17984:1747647664796:,1747647681635
counter/4/0/0/0,18502:1747647665593:,1747647681635
counter/9/0/0/0,24233:1747647668144:,1747647681635
counter/8/0/0/0,20959:1747647665750:,1747647681635
counter/7/0/0/0,17187:1747647663172:,1747647681635
counter/1/0/0/0,18932:1747647665423:,1747647681635
counter/10/0/0/0,18452:1747647664473:,1747647681635
counter/6/0/0/0,17571:1747647664749:,1747647681635
counter/5/0/0/0,20627:1747647666073:,1747647681635
counter/2/0/0/0,23756:1747647669726:,1747647681635
counter/3/0/0/0,17985:1747647664796:,1747647681635
counter/4/0/0/0,18503:1747647665593:,1747647681635
counter/9/0/0/0,24234:1747647668144:,1747647681635
counter/9/0/0/0,24235:1747647668144:,1747647681635
counter/7/0/0/0,17188:1747647663172:,1747647681635
counter/1/0/0/0,18933:1747647665423:,1747647681635
counter/1/0/0/0,18934:1747647665424:,1747647681635
counter/6/0/0/0,17572:1747647664749:,1747647681635
counter/5/0/0/0,20628:1747647666073:,1747647681635
counter/2/0/0/0,23757:1747647669726:,1747647681635
counter/3/0/0/0,17986:1747647664796:,1747647681635
counter/4/0/0/0,18504:1747647665593:,1747647681635
counter/8/0/0/0,20960:1747647665750:,1747647681635
counter/9/0/0/0,24236:1747647668144:,1747647681635
counter/7/0/0/0,17189:1747647663172:,1747647681635
counter/7/0/0/0,17190:1747647663172:,1747647681635
counter/7/0/0/0,17191:1747647663172:,1747647681635
counter/7/0/0/0,17192:1747647663174:,1747647681635
counter/7/0/0/0,17193:1747647663174:,1747647681635
counter/7/0/0/0,17194:1747647663174:,1747647681635
counter/7/0/0/0,17195:1747647663174:,1747647681635
counter/7/0/0/0,17196:1747647663174:,1747647681635
counter/9/0/0/0,24237:1747647668144:,1747647681635
counter/7/0/0/0,17197:1747647663174:,1747647681635
counter/10/0/0/0,18453:1747647664473:,1747647681635
counter/1/0/0/0,18935:1747647665424:,1747647681635
counter/5/0/0/0,20629:1747647666073:,1747647681636
counter/2/0/0/0,23758:1747647669726:,1747647681636
counter/3/0/0/0,17987:1747647664796:,1747647681636
counter/8/0/0/0,20961:1747647665750:,1747647681636
counter/4/0/0/0,18505:1747647665593:,1747647681636
counter/7/0/0/0,17198:1747647663174:,1747647681636
counter/7/0/0/0,17199:1747647663174:,1747647681636
counter/7/0/0/0,17200:1747647663174:,1747647681636
counter/7/0/0/0,17201:1747647663174:,1747647681636
counter/7/0/0/0,17202:1747647663174:,1747647681636
counter/5/0/0/0,20630:1747647666073:,1747647681636
counter/5/0/0/0,20631:1747647666073:,1747647681636
counter/2/0/0/0,23759:1747647669726:,1747647681636
counter/5/0/0/0,20632:1747647666073:,1747647681636
counter/5/0/0/0,20633:1747647666073:,1747647681636
counter/4/0/0/0,18506:1747647665602:,1747647681636
counter/10/0/0/0,18454:1747647664473:,1747647681636
counter/7/0/0/0,17203:1747647663174:,1747647681636
counter/4/0/0/0,18507:1747647665602:,1747647681636
counter/4/0/0/0,18508:1747647665602:,1747647681636
counter/3/0/0/0,17988:1747647664796:,1747647681636
counter/4/0/0/0,18509:1747647665602:,1747647681636
counter/5/0/0/0,20634:1747647666073:,1747647681636
counter/9/0/0/0,24238:1747647668148:,1747647681636
counter/8/0/0/0,20962:1747647665756:,1747647681636
counter/10/0/0/0,18455:1747647664476:,1747647681636
counter/7/0/0/0,17204:1747647663174:,1747647681636
counter/7/0/0/0,17205:1747647663200:,1747647681636
counter/2/0/0/0,23760:1747647669726:,1747647681636
counter/3/0/0/0,17989:1747647664796:,1747647681636
counter/3/0/0/0,17990:1747647664796:,1747647681636
counter/5/0/0/0,20635:1747647666073:,1747647681636
counter/9/0/0/0,24239:1747647668148:,1747647681636
counter/9/0/0/0,24240:1747647668148:,1747647681636
counter/9/0/0/0,24241:1747647668148:,1747647681636
counter/9/0/0/0,24242:1747647668148:,1747647681636
counter/9/0/0/0,24243:1747647668149:,1747647681636
counter/6/0/0/0,17573:1747647664749:,1747647681636
counter/2/0/0/0,23761:1747647669726:,1747647681636
counter/2/0/0/0,23762:1747647669737:,1747647681636
counter/2/0/0/0,23763:1747647669737:,1747647681636
counter/2/0/0/0,23764:1747647669737:,1747647681636
counter/2/0/0/0,23765:1747647669737:,1747647681636
counter/8/0/0/0,20963:1747647665756:,1747647681636
counter/8/0/0/0,20964:1747647665756:,1747647681637
counter/8/0/0/0,20965:1747647665756:,1747647681637
counter/8/0/0/0,20966:1747647665756:,1747647681637
counter/8/0/0/0,20967:1747647665756:,1747647681637
counter/8/0/0/0,20968:1747647665756:,1747647681637
counter/1/0/0/0,18936:1747647665425:,1747647681637
counter/5/0/0/0,20636:1747647666073:,1747647681637
counter/2/0/0/0,23766:1747647669737:,1747647681637
counter/2/0/0/0,23767:1747647669737:,1747647681637
counter/2/0/0/0,23768:1747647669748:,1747647681637
counter/2/0/0/0,23769:1747647669748:,1747647681637
counter/2/0/0/0,23770:1747647669748:,1747647681637
counter/2/0/0/0,23771:1747647669749:,1747647681637
counter/3/0/0/0,17991:1747647664796:,1747647681637
counter/2/0/0/0,23772:1747647669749:,1747647681637
counter/3/0/0/0,17992:1747647664796:,1747647681637
counter/3/0/0/0,17993:1747647664799:,1747647681637
counter/4/0/0/0,18510:1747647665602:,1747647681637
counter/10/0/0/0,18456:1747647664480:,1747647681637
counter/10/0/0/0,18457:1747647664480:,1747647681637
counter/7/0/0/0,17206:1747647663200:,1747647681637
counter/2/0/0/0,23773:1747647669749:,1747647681637
counter/8/0/0/0,20969:1747647665756:,1747647681637
counter/9/0/0/0,24244:1747647668149:,1747647681637
counter/9/0/0/0,24245:1747647668149:,1747647681637
counter/9/0/0/0,24246:1747647668149:,1747647681637
counter/9/0/0/0,24247:1747647668149:,1747647681637
counter/9/0/0/0,24248:1747647668149:,1747647681637
counter/9/0/0/0,24249:1747647668149:,1747647681637
counter/4/0/0/0,18511:1747647665602:,1747647681637
counter/10/0/0/0,18458:1747647664480:,1747647681637
counter/2/0/0/0,23774:1747647669749:,1747647681637
counter/2/0/0/0,23775:1747647669749:,1747647681637
counter/2/0/0/0,23776:1747647669749:,1747647681637
counter/2/0/0/0,23777:1747647669749:,1747647681637
counter/2/0/0/0,23778:1747647669749:,1747647681637
counter/2/0/0/0,23779:1747647669749:,1747647681637
counter/2/0/0/0,23780:1747647669749:,1747647681637
counter/2/0/0/0,23781:1747647669749:,1747647681638
counter/2/0/0/0,23782:1747647669749:,1747647681638
counter/2/0/0/0,23783:1747647669749:,1747647681638
counter/2/0/0/0,23784:1747647669749:,1747647681638
counter/2/0/0/0,23785:1747647669749:,1747647681638
counter/2/0/0/0,23786:1747647669749:,1747647681638
counter/6/0/0/0,17574:1747647664749:,1747647681638
counter/2/0/0/0,23787:1747647669749:,1747647681638
counter/8/0/0/0,20970:1747647665756:,1747647681638
counter/2/0/0/0,23788:1747647669749:,1747647681638
counter/10/0/0/0,18459:1747647664480:,1747647681638
counter/5/0/0/0,20637:1747647666082:,1747647681638
counter/2/0/0/0,23789:1747647669749:,1747647681638
counter/1/0/0/0,18937:1747647665425:,1747647681638
counter/3/0/0/0,17994:1747647664799:,1747647681638
counter/2/0/0/0,23790:1747647669749:,1747647681638
counter/7/0/0/0,17207:1747647663200:,1747647681638
counter/4/0/0/0,18512:1747647665602:,1747647681638
counter/9/0/0/0,24250:1747647668168:,1747647681638
counter/6/0/0/0,17575:1747647664749:,1747647681638
counter/8/0/0/0,20971:1747647665758:,1747647681638
counter/10/0/0/0,18460:1747647664480:,1747647681638
counter/5/0/0/0,20638:1747647666082:,1747647681638
counter/1/0/0/0,18938:1747647665435:,1747647681638
counter/3/0/0/0,17995:1747647664799:,1747647681638
counter/7/0/0/0,17208:1747647663200:,1747647681638
counter/2/0/0/0,23791:1747647669749:,1747647681638
counter/4/0/0/0,18513:1747647665602:,1747647681638
counter/9/0/0/0,24251:1747647668168:,1747647681638
counter/6/0/0/0,17576:1747647664749:,1747647681638
counter/8/0/0/0,20972:1747647665761:,1747647681638
counter/8/0/0/0,20973:1747647665761:,1747647681638
counter/8/0/0/0,20974:1747647665761:,1747647681638
counter/1/0/0/0,18939:1747647665435:,1747647681638
counter/3/0/0/0,17996:1747647664799:,1747647681638
counter/7/0/0/0,17209:1747647663200:,1747647681638
counter/2/0/0/0,23792:1747647669749:,1747647681638
counter/4/0/0/0,18514:1747647665602:,1747647681638
counter/9/0/0/0,24252:1747647668168:,1747647681638
counter/6/0/0/0,17577:1747647664752:,1747647681638
counter/10/0/0/0,18461:1747647664480:,1747647681638
counter/10/0/0/0,18462:1747647664480:,1747647681638
counter/8/0/0/0,20975:1747647665761:,1747647681639
counter/1/0/0/0,18940:1747647665435:,1747647681639
counter/3/0/0/0,17997:1747647664799:,1747647681639
counter/7/0/0/0,17210:1747647663200:,1747647681639
counter/2/0/0/0,23793:1747647669749:,1747647681639
counter/4/0/0/0,18515:1747647665602:,1747647681639
counter/9/0/0/0,24253:1747647668168:,1747647681639
counter/6/0/0/0,17578:1747647664752:,1747647681639
counter/8/0/0/0,20976:1747647665761:,1747647681639
counter/8/0/0/0,20977:1747647665761:,1747647681639
counter/8/0/0/0,20978:1747647665761:,1747647681639
counter/1/0/0/0,18941:1747647665435:,1747647681639
counter/3/0/0/0,17998:1747647664799:,1747647681639
counter/7/0/0/0,17211:1747647663203:,1747647681639
counter/2/0/0/0,23794:1747647669749:,1747647681639
counter/4/0/0/0,18516:1747647665602:,1747647681639
counter/9/0/0/0,24254:1747647668168:,1747647681639
counter/6/0/0/0,17579:1747647664752:,1747647681639
counter/10/0/0/0,18463:1747647664480:,1747647681639
counter/8/0/0/0,20979:1747647665761:,1747647681639
counter/8/0/0/0,20980:1747647665761:,1747647681639
counter/1/0/0/0,18942:1747647665435:,1747647681639
counter/3/0/0/0,17999:1747647664799:,1747647681639
counter/7/0/0/0,17212:1747647663203:,1747647681639
counter/2/0/0/0,23795:1747647669749:,1747647681639
counter/4/0/0/0,18517:1747647665602:,1747647681639
counter/9/0/0/0,24255:1747647668168:,1747647681639
counter/6/0/0/0,17580:1747647664752:,1747647681639
counter/10/0/0/0,18464:1747647664480:,1747647681639
counter/8/0/0/0,20981:1747647665761:,1747647681639
counter/8/0/0/0,20982:1747647665761:,1747647681639
counter/1/0/0/0,18943:1747647665435:,1747647681639
counter/3/0/0/0,18000:1747647664799:,1747647681639
counter/7/0/0/0,17213:1747647663208:,1747647681639
counter/2/0/0/0,23796:1747647669749:,1747647681639
counter/4/0/0/0,18518:1747647665602:,1747647681639
counter/9/0/0/0,24256:1747647668168:,1747647681639
counter/6/0/0/0,17581:1747647664752:,1747647681639
counter/10/0/0/0,18465:1747647664480:,1747647681639
counter/8/0/0/0,20983:1747647665761:,1747647681639
counter/8/0/0/0,20984:1747647665761:,1747647681639
counter/1/0/0/0,18944:1747647665435:,1747647681639
counter/3/0/0/0,18001:1747647664799:,1747647681639
counter/7/0/0/0,17214:1747647663208:,1747647681640
counter/2/0/0/0,23797:1747647669749:,1747647681640
counter/4/0/0/0,18519:1747647665602:,1747647681640
counter/9/0/0/0,24257:1747647668168:,1747647681640
counter/6/0/0/0,17582:1747647664754:,1747647681640
counter/10/0/0/0,18466:1747647664480:,1747647681640
counter/8/0/0/0,20985:1747647665761:,1747647681640
counter/8/0/0/0,20986:1747647665761:,1747647681640
counter/8/0/0/0,20987:1747647665761:,1747647681640
counter/8/0/0/0,20988:1747647665772:,1747647681640
counter/8/0/0/0,20989:1747647665772:,1747647681640
counter/8/0/0/0,20990:1747647665772:,1747647681640
counter/8/0/0/0,20991:1747647665772:,1747647681640
counter/8/0/0/0,20992:1747647665772:,1747647681640
counter/8/0/0/0,20993:1747647665772:,1747647681640
counter/8/0/0/0,20994:1747647665772:,1747647681640
counter/8/0/0/0,20995:1747647665775:,1747647681640
counter/8/0/0/0,20996:1747647665775:,1747647681640
counter/8/0/0/0,20997:1747647665775:,1747647681640
counter/8/0/0/0,20998:1747647665775:,1747647681640
counter/8/0/0/0,20999:1747647665775:,1747647681640
counter/8/0/0/0,21000:1747647665775:,1747647681640
counter/8/0/0/0,21001:1747647665775:,1747647681640
counter/8/0/0/0,21002:1747647665776:,1747647681640
counter/8/0/0/0,21003:1747647665776:,1747647681640
counter/4/0/0/0,18520:1747647665602:,1747647681640
counter/8/0/0/0,21004:1747647665776:,1747647681640
counter/8/0/0/0,21005:1747647665776:,1747647681640
counter/8/0/0/0,21006:1747647665776:,1747647681640
counter/9/0/0/0,24258:1747647668168:,1747647681640
counter/6/0/0/0,17583:1747647664754:,1747647681640
counter/9/0/0/0,24259:1747647668168:,1747647681640
counter/1/0/0/0,18945:1747647665435:,1747647681640
counter/3/0/0/0,18002:1747647664799:,1747647681640
counter/7/0/0/0,17215:1747647663208:,1747647681640
counter/2/0/0/0,23798:1747647669749:,1747647681640
counter/8/0/0/0,21007:1747647665777:,1747647681640
counter/2/0/0/0,23799:1747647669749:,1747647681640
counter/4/0/0/0,18521:1747647665602:,1747647681640
counter/6/0/0/0,17584:1747647664754:,1747647681640
counter/10/0/0/0,18467:1747647664480:,1747647681640
counter/9/0/0/0,24260:1747647668168:,1747647681640
counter/1/0/0/0,18946:1747647665438:,1747647681640
counter/3/0/0/0,18003:1747647664799:,1747647681640
counter/7/0/0/0,17216:1747647663208:,1747647681640
counter/8/0/0/0,21008:1747647665777:,1747647681640
counter/8/0/0/0,21009:1747647665777:,1747647681640
counter/2/0/0/0,23800:1747647669750:,1747647681641
counter/5/0/0/0,20639:1747647666082:,1747647681641
counter/6/0/0/0,17585:1747647664754:,1747647681641
counter/10/0/0/0,18468:1747647664492:,1747647681641
counter/9/0/0/0,24261:1747647668168:,1747647681641
counter/1/0/0/0,18947:1747647665438:,1747647681641
counter/3/0/0/0,18004:1747647664805:,1747647681641
counter/7/0/0/0,17217:1747647663208:,1747647681641
counter/8/0/0/0,21010:1747647665777:,1747647681641
counter/4/0/0/0,18522:1747647665602:,1747647681641
counter/2/0/0/0,23801:1747647669750:,1747647681641
counter/5/0/0/0,20640:1747647666082:,1747647681641
counter/6/0/0/0,17586:1747647664754:,1747647681641
counter/10/0/0/0,18469:1747647664493:,1747647681641
counter/9/0/0/0,24262:1747647668168:,1747647681641
counter/1/0/0/0,18948:1747647665438:,1747647681641
counter/3/0/0/0,18005:1747647664809:,1747647681641
counter/7/0/0/0,17218:1747647663208:,1747647681641
counter/8/0/0/0,21011:1747647665777:,1747647681641
counter/4/0/0/0,18523:1747647665602:,1747647681641
counter/2/0/0/0,23802:1747647669750:,1747647681641
counter/5/0/0/0,20641:1747647666082:,1747647681641
counter/6/0/0/0,17587:1747647664754:,1747647681641
counter/10/0/0/0,18470:1747647664493:,1747647681641
counter/9/0/0/0,24263:1747647668169:,1747647681641
counter/1/0/0/0,18949:1747647665439:,1747647681641
counter/3/0/0/0,18006:1747647664809:,1747647681641
counter/7/0/0/0,17219:1747647663208:,1747647681641
counter/8/0/0/0,21012:1747647665777:,1747647681641
counter/4/0/0/0,18524:1747647665602:,1747647681641
counter/2/0/0/0,23803:1747647669750:,1747647681641
counter/5/0/0/0,20642:1747647666082:,1747647681641
counter/6/0/0/0,17588:1747647664755:,1747647681641
counter/6/0/0/0,17589:1747647664755:,1747647681641
counter/6/0/0/0,17590:1747647664755:,1747647681641
counter/6/0/0/0,17591:1747647664755:,1747647681641
counter/6/0/0/0,17592:1747647664755:,1747647681641
counter/6/0/0/0,17593:1747647664755:,1747647681641
counter/6/0/0/0,17594:1747647664755:,1747647681641
counter/6/0/0/0,17595:1747647664755:,1747647681641
counter/6/0/0/0,17596:1747647664755:,1747647681641
counter/9/0/0/0,24264:1747647668169:,1747647681641
counter/6/0/0/0,17597:1747647664755:,1747647681641
counter/1/0/0/0,18950:1747647665439:,1747647681642
counter/6/0/0/0,17598:1747647664755:,1747647681642
counter/7/0/0/0,17220:1747647663208:,1747647681642
counter/3/0/0/0,18007:1747647664809:,1747647681642
counter/4/0/0/0,18525:1747647665602:,1747647681642
counter/8/0/0/0,21013:1747647665777:,1747647681642
counter/2/0/0/0,23804:1747647669750:,1747647681642
counter/5/0/0/0,20643:1747647666082:,1747647681642
counter/6/0/0/0,17599:1747647664755:,1747647681642
counter/10/0/0/0,18471:1747647664493:,1747647681642
counter/10/0/0/0,18472:1747647664493:,1747647681642
counter/9/0/0/0,24265:1747647668169:,1747647681642
counter/10/0/0/0,18473:1747647664493:,1747647681642
counter/10/0/0/0,18474:1747647664493:,1747647681642
counter/10/0/0/0,18475:1747647664493:,1747647681642
counter/10/0/0/0,18476:1747647664493:,1747647681642
counter/10/0/0/0,18477:1747647664493:,1747647681642
counter/7/0/0/0,17221:1747647663208:,1747647681642
counter/10/0/0/0,18478:1747647664493:,1747647681642
counter/3/0/0/0,18008:1747647664809:,1747647681642
counter/10/0/0/0,18479:1747647664493:,1747647681642
counter/4/0/0/0,18526:1747647665602:,1747647681642
counter/8/0/0/0,21014:1747647665777:,1747647681642
counter/10/0/0/0,18480:1747647664493:,1747647681642
counter/2/0/0/0,23805:1747647669750:,1747647681642
counter/5/0/0/0,20644:1747647666082:,1747647681642
counter/10/0/0/0,18481:1747647664494:,1747647681642
counter/6/0/0/0,17600:1747647664755:,1747647681642
counter/1/0/0/0,18951:1747647665439:,1747647681642
counter/9/0/0/0,24266:1747647668169:,1747647681642
counter/10/0/0/0,18482:1747647664494:,1747647681642
counter/10/0/0/0,18483:1747647664494:,1747647681642
counter/10/0/0/0,18484:1747647664494:,1747647681642
counter/10/0/0/0,18485:1747647664494:,1747647681642
counter/10/0/0/0,18486:1747647664494:,1747647681642
counter/10/0/0/0,18487:1747647664498:,1747647681642
counter/10/0/0/0,18488:1747647664498:,1747647681642
counter/10/0/0/0,18489:1747647664498:,1747647681642
counter/10/0/0/0,18490:1747647664498:,1747647681642
counter/10/0/0/0,18491:1747647664498:,1747647681642
counter/10/0/0/0,18492:1747647664498:,1747647681643
counter/10/0/0/0,18493:1747647664498:,1747647681643
counter/10/0/0/0,18494:1747647664498:,1747647681643
counter/10/0/0/0,18495:1747647664498:,1747647681643
counter/10/0/0/0,18496:1747647664498:,1747647681643
counter/10/0/0/0,18497:1747647664498:,1747647681643
counter/10/0/0/0,18498:1747647664498:,1747647681643
counter/10/0/0/0,18499:1747647664498:,1747647681643
counter/10/0/0/0,18500:1747647664498:,1747647681643
counter/10/0/0/0,18501:1747647664499:,1747647681643
counter/10/0/0/0,18502:1747647664499:,1747647681643
counter/10/0/0/0,18503:1747647664499:,1747647681643
counter/10/0/0/0,18504:1747647664499:,1747647681643
counter/10/0/0/0,18505:1747647664499:,1747647681643
counter/10/0/0/0,18506:1747647664499:,1747647681643
counter/10/0/0/0,18507:1747647664506:,1747647681643
counter/10/0/0/0,18508:1747647664506:,1747647681643
counter/10/0/0/0,18509:1747647664506:,1747647681643
counter/10/0/0/0,18510:1747647664506:,1747647681643
counter/10/0/0/0,18511:1747647664506:,1747647681643
counter/10/0/0/0,18512:1747647664506:,1747647681643
counter/10/0/0/0,18513:1747647664506:,1747647681643
counter/10/0/0/0,18514:1747647664506:,1747647681643
counter/10/0/0/0,18515:1747647664506:,1747647681643
counter/10/0/0/0,18516:1747647664506:,1747647681643
counter/10/0/0/0,18517:1747647664506:,1747647681643
counter/10/0/0/0,18518:1747647664506:,1747647681643
counter/7/0/0/0,17222:1747647663208:,1747647681643
counter/10/0/0/0,18519:1747647664506:,1747647681643
counter/3/0/0/0,18009:1747647664809:,1747647681643
counter/10/0/0/0,18520:1747647664506:,1747647681643
counter/8/0/0/0,21015:1747647665777:,1747647681643
counter/4/0/0/0,18527:1747647665602:,1747647681643
counter/10/0/0/0,18521:1747647664515:,1747647681643
counter/2/0/0/0,23806:1747647669753:,1747647681643
counter/5/0/0/0,20645:1747647666082:,1747647681643
counter/10/0/0/0,18522:1747647664516:,1747647681643
counter/6/0/0/0,17601:1747647664755:,1747647681643
counter/9/0/0/0,24267:1747647668169:,1747647681643
counter/10/0/0/0,18523:1747647664516:,1747647681643
counter/1/0/0/0,18952:1747647665439:,1747647681643
counter/10/0/0/0,18524:1747647664516:,1747647681643
counter/10/0/0/0,18525:1747647664537:,1747647681643
counter/10/0/0/0,18526:1747647664537:,1747647681643
counter/10/0/0/0,18527:1747647664538:,1747647681643
counter/2/0/0/0,23807:1747647669753:,1747647681644
counter/10/0/0/0,18528:1747647664538:,1747647681644
counter/5/0/0/0,20646:1747647666082:,1747647681644
counter/10/0/0/0,18529:1747647664538:,1747647681644
counter/6/0/0/0,17602:1747647664757:,1747647681644
counter/9/0/0/0,24268:1747647668169:,1747647681644
counter/10/0/0/0,18530:1747647664538:,1747647681644
counter/1/0/0/0,18953:1747647665439:,1747647681644
counter/7/0/0/0,17223:1747647663210:,1747647681644
counter/10/0/0/0,18531:1747647664538:,1747647681644
counter/8/0/0/0,21016:1747647665777:,1747647681644
counter/4/0/0/0,18528:1747647665606:,1747647681644
counter/10/0/0/0,18532:1747647664538:,1747647681644
counter/3/0/0/0,18010:1747647664809:,1747647681644
counter/10/0/0/0,18533:1747647664538:,1747647681644
counter/2/0/0/0,23808:1747647669753:,1747647681644
counter/5/0/0/0,20647:1747647666082:,1747647681644
counter/6/0/0/0,17603:1747647664757:,1747647681644
counter/9/0/0/0,24269:1747647668169:,1747647681644
counter/1/0/0/0,18954:1747647665439:,1747647681644
counter/7/0/0/0,17224:1747647663211:,1747647681644
counter/8/0/0/0,21017:1747647665777:,1747647681644
counter/4/0/0/0,18529:1747647665606:,1747647681644
counter/3/0/0/0,18011:1747647664809:,1747647681644
counter/10/0/0/0,18534:1747647664538:,1747647681644
counter/2/0/0/0,23809:1747647669753:,1747647681644
counter/10/0/0/0,18535:1747647664538:,1747647681644
counter/10/0/0/0,18536:1747647664538:,1747647681644
counter/10/0/0/0,18537:1747647664538:,1747647681644
counter/10/0/0/0,18538:1747647664542:,1747647681644
counter/10/0/0/0,18539:1747647664542:,1747647681644
counter/10/0/0/0,18540:1747647664542:,1747647681644
counter/10/0/0/0,18541:1747647664542:,1747647681644
counter/10/0/0/0,18542:1747647664542:,1747647681644
counter/10/0/0/0,18543:1747647664542:,1747647681644
counter/7/0/0/0,17225:1747647663211:,1747647681644
counter/10/0/0/0,18544:1747647664544:,1747647681645
counter/8/0/0/0,21018:1747647665777:,1747647681645
counter/10/0/0/0,18545:1747647664544:,1747647681645
counter/4/0/0/0,18530:1747647665606:,1747647681645
counter/3/0/0/0,18012:1747647664809:,1747647681645
counter/10/0/0/0,18546:1747647664544:,1747647681645
counter/5/0/0/0,20648:1747647666082:,1747647681645
counter/2/0/0/0,23810:1747647669753:,1747647681645
counter/10/0/0/0,18547:1747647664544:,1747647681645
counter/6/0/0/0,17604:1747647664757:,1747647681645
counter/9/0/0/0,24270:1747647668169:,1747647681645
counter/1/0/0/0,18955:1747647665439:,1747647681645
counter/10/0/0/0,18548:1747647664544:,1747647681645
counter/10/0/0/0,18549:1747647664544:,1747647681645
counter/10/0/0/0,18550:1747647664544:,1747647681645
counter/2/0/0/0,23811:1747647669753:,1747647681645
counter/10/0/0/0,18551:1747647664544:,1747647681645
counter/6/0/0/0,17605:1747647664757:,1747647681645
counter/9/0/0/0,24271:1747647668175:,1747647681645
counter/10/0/0/0,18552:1747647664544:,1747647681645
counter/1/0/0/0,18956:1747647665439:,1747647681645
counter/7/0/0/0,17226:1747647663211:,1747647681645
counter/10/0/0/0,18553:1747647664544:,1747647681645
counter/8/0/0/0,21019:1747647665777:,1747647681645
counter/3/0/0/0,18013:1747647664809:,1747647681645
counter/4/0/0/0,18531:1747647665606:,1747647681645
counter/5/0/0/0,20649:1747647666082:,1747647681645
counter/5/0/0/0,20650:1747647666082:,1747647681645
counter/5/0/0/0,20651:1747647666084:,1747647681645
counter/5/0/0/0,20652:1747647666084:,1747647681645
counter/1/0/0/0,18957:1747647665439:,1747647681645
counter/5/0/0/0,20653:1747647666084:,1747647681645
counter/7/0/0/0,17227:1747647663211:,1747647681645
counter/8/0/0/0,21020:1747647665798:,1747647681645
counter/3/0/0/0,18014:1747647664809:,1747647681645
counter/4/0/0/0,18532:1747647665606:,1747647681645
counter/10/0/0/0,18554:1747647664546:,1747647681645
counter/10/0/0/0,18555:1747647664547:,1747647681645
counter/2/0/0/0,23812:1747647669753:,1747647681645
counter/9/0/0/0,24272:1747647668175:,1747647681645
counter/5/0/0/0,20654:1747647666084:,1747647681645
counter/1/0/0/0,18958:1747647665439:,1747647681645
counter/7/0/0/0,17228:1747647663212:,1747647681645
counter/8/0/0/0,21021:1747647665798:,1747647681646
counter/3/0/0/0,18015:1747647664809:,1747647681646
counter/4/0/0/0,18533:1747647665627:,1747647681646
counter/6/0/0/0,17606:1747647664757:,1747647681646
counter/2/0/0/0,23813:1747647669753:,1747647681646
counter/2/0/0/0,23814:1747647669753:,1747647681646
counter/2/0/0/0,23815:1747647669753:,1747647681646
counter/2/0/0/0,23816:1747647669753:,1747647681646
counter/1/0/0/0,18959:1747647665439:,1747647681646
counter/7/0/0/0,17229:1747647663212:,1747647681646
counter/8/0/0/0,21022:1747647665798:,1747647681646
counter/3/0/0/0,18016:1747647664809:,1747647681646
counter/4/0/0/0,18534:1747647665628:,1747647681646
counter/6/0/0/0,17607:1747647664757:,1747647681646
counter/10/0/0/0,18556:1747647664547:,1747647681646
counter/5/0/0/0,20655:1747647666084:,1747647681646
counter/2/0/0/0,23817:1747647669753:,1747647681646
counter/2/0/0/0,23818:1747647669753:,1747647681646
counter/2/0/0/0,23819:1747647669754:,1747647681646
counter/2/0/0/0,23820:1747647669754:,1747647681646
counter/2/0/0/0,23821:1747647669754:,1747647681646
counter/2/0/0/0,23822:1747647669754:,1747647681646
counter/2/0/0/0,23823:1747647669754:,1747647681646
counter/2/0/0/0,23824:1747647669781:,1747647681646
counter/2/0/0/0,23825:1747647669783:,1747647681646
counter/2/0/0/0,23826:1747647669783:,1747647681646
counter/2/0/0/0,23827:1747647669783:,1747647681646
counter/2/0/0/0,23828:1747647669783:,1747647681646
counter/2/0/0/0,23829:1747647669783:,1747647681646
counter/2/0/0/0,23830:1747647669783:,1747647681646
counter/2/0/0/0,23831:1747647669784:,1747647681646
counter/2/0/0/0,23832:1747647669784:,1747647681646
counter/2/0/0/0,23833:1747647669784:,1747647681646
counter/2/0/0/0,23834:1747647669784:,1747647681646
counter/2/0/0/0,23835:1747647669784:,1747647681646
counter/2/0/0/0,23836:1747647669784:,1747647681646
counter/2/0/0/0,23837:1747647669791:,1747647681646
counter/2/0/0/0,23838:1747647669792:,1747647681646
counter/2/0/0/0,23839:1747647669792:,1747647681646
counter/2/0/0/0,23840:1747647669792:,1747647681646
counter/2/0/0/0,23841:1747647669792:,1747647681646
counter/2/0/0/0,23842:1747647669792:,1747647681646
counter/2/0/0/0,23843:1747647669792:,1747647681646
counter/2/0/0/0,23844:1747647669792:,1747647681646
counter/2/0/0/0,23845:1747647669792:,1747647681647
counter/2/0/0/0,23846:1747647669792:,1747647681647
counter/2/0/0/0,23847:1747647669792:,1747647681647
counter/2/0/0/0,23848:1747647669792:,1747647681647
counter/2/0/0/0,23849:1747647669792:,1747647681647
counter/2/0/0/0,23850:1747647669792:,1747647681647
counter/2/0/0/0,23851:1747647669792:,1747647681647
counter/2/0/0/0,23852:1747647669792:,1747647681647
counter/2/0/0/0,23853:1747647669792:,1747647681647
counter/2/0/0/0,23854:1747647669792:,1747647681647
counter/2/0/0/0,23855:1747647669792:,1747647681647
counter/2/0/0/0,23856:1747647669792:,1747647681647
counter/2/0/0/0,23857:1747647669796:,1747647681647
counter/2/0/0/0,23858:1747647669797:,1747647681647
counter/2/0/0/0,23859:1747647669797:,1747647681647
counter/2/0/0/0,23860:1747647669797:,1747647681647
counter/2/0/0/0,23861:1747647669806:,1747647681647
counter/2/0/0/0,23862:1747647669806:,1747647681647
counter/2/0/0/0,23863:1747647669806:,1747647681647
counter/2/0/0/0,23864:1747647669807:,1747647681647
counter/2/0/0/0,23865:1747647669807:,1747647681647
counter/10/0/0/0,18557:1747647664547:,1747647681647
counter/2/0/0/0,23866:1747647669807:,1747647681647
counter/1/0/0/0,18960:1747647665439:,1747647681647
counter/2/0/0/0,23867:1747647669807:,1747647681647
counter/7/0/0/0,17230:1747647663212:,1747647681647
counter/3/0/0/0,18017:1747647664809:,1747647681647
counter/2/0/0/0,23868:1747647669807:,1747647681647
counter/8/0/0/0,21023:1747647665798:,1747647681647
counter/4/0/0/0,18535:1747647665628:,1747647681647
counter/2/0/0/0,23869:1747647669807:,1747647681647
counter/6/0/0/0,17608:1747647664757:,1747647681647
counter/5/0/0/0,20656:1747647666084:,1747647681647
counter/2/0/0/0,23870:1747647669807:,1747647681647
counter/9/0/0/0,24273:1747647668175:,1747647681647
counter/2/0/0/0,23871:1747647669807:,1747647681647
counter/9/0/0/0,24274:1747647668175:,1747647681647
counter/2/0/0/0,23872:1747647669807:,1747647681647
counter/9/0/0/0,24275:1747647668175:,1747647681647
counter/2/0/0/0,23873:1747647669807:,1747647681647
counter/9/0/0/0,24276:1747647668175:,1747647681648
counter/9/0/0/0,24277:1747647668175:,1747647681648
counter/9/0/0/0,24278:1747647668175:,1747647681648
counter/9/0/0/0,24279:1747647668175:,1747647681648
counter/9/0/0/0,24280:1747647668175:,1747647681648
counter/9/0/0/0,24281:1747647668175:,1747647681648
counter/9/0/0/0,24282:1747647668175:,1747647681648
counter/9/0/0/0,24283:1747647668175:,1747647681648
counter/9/0/0/0,24284:1747647668176:,1747647681648
counter/9/0/0/0,24285:1747647668176:,1747647681648
counter/9/0/0/0,24286:1747647668176:,1747647681648
counter/9/0/0/0,24287:1747647668176:,1747647681648
counter/9/0/0/0,24288:1747647668176:,1747647681648
counter/9/0/0/0,24289:1747647668176:,1747647681648
counter/4/0/0/0,18536:1747647665628:,1747647681648
counter/9/0/0/0,24290:1747647668177:,1747647681648
counter/5/0/0/0,20657:1747647666085:,1747647681648
counter/1/0/0/0,18961:1747647665439:,1747647681648
counter/9/0/0/0,24291:1747647668177:,1747647681648
counter/7/0/0/0,17231:1747647663212:,1747647681648
counter/9/0/0/0,24292:1747647668177:,1747647681648
counter/3/0/0/0,18018:1747647664809:,1747647681648
counter/9/0/0/0,24293:1747647668177:,1747647681648
counter/8/0/0/0,21024:1747647665798:,1747647681648
counter/9/0/0/0,24294:1747647668177:,1747647681648
counter/10/0/0/0,18558:1747647664570:,1747647681648
counter/6/0/0/0,17609:1747647664757:,1747647681648
counter/9/0/0/0,24295:1747647668177:,1747647681648
counter/9/0/0/0,24296:1747647668177:,1747647681648
counter/1/0/0/0,18962:1747647665439:,1747647681648
counter/9/0/0/0,24297:1747647668177:,1747647681648
counter/7/0/0/0,17232:1747647663212:,1747647681648
counter/9/0/0/0,24298:1747647668177:,1747647681648
counter/3/0/0/0,18019:1747647664809:,1747647681648
counter/9/0/0/0,24299:1747647668177:,1747647681648
counter/8/0/0/0,21025:1747647665800:,1747647681648
counter/10/0/0/0,18559:1747647664571:,1747647681648
counter/9/0/0/0,24300:1747647668177:,1747647681649
counter/6/0/0/0,17610:1747647664757:,1747647681649
counter/4/0/0/0,18537:1747647665628:,1747647681649
counter/9/0/0/0,24301:1747647668177:,1747647681649
counter/5/0/0/0,20658:1747647666085:,1747647681649
counter/2/0/0/0,23874:1747647669807:,1747647681649
counter/1/0/0/0,18963:1747647665440:,1747647681649
counter/7/0/0/0,17233:1747647663212:,1747647681649
counter/3/0/0/0,18020:1747647664809:,1747647681649
counter/8/0/0/0,21026:1747647665800:,1747647681649
counter/10/0/0/0,18560:1747647664571:,1747647681649
counter/6/0/0/0,17611:1747647664757:,1747647681649
counter/4/0/0/0,18538:1747647665628:,1747647681649
counter/9/0/0/0,24302:1747647668177:,1747647681649
counter/5/0/0/0,20659:1747647666085:,1747647681649
counter/2/0/0/0,23875:1747647669808:,1747647681649
counter/1/0/0/0,18964:1747647665440:,1747647681649
counter/7/0/0/0,17234:1747647663219:,1747647681649
counter/3/0/0/0,18021:1747647664810:,1747647681649
counter/8/0/0/0,21027:1747647665800:,1747647681649
counter/8/0/0/0,21028:1747647665800:,1747647681649
counter/8/0/0/0,21029:1747647665800:,1747647681649
counter/8/0/0/0,21030:1747647665800:,1747647681649
counter/8/0/0/0,21031:1747647665800:,1747647681649
counter/8/0/0/0,21032:1747647665800:,1747647681649
counter/8/0/0/0,21033:1747647665800:,1747647681649
counter/8/0/0/0,21034:1747647665800:,1747647681649
counter/8/0/0/0,21035:1747647665800:,1747647681649
counter/6/0/0/0,17612:1747647664757:,1747647681649
counter/8/0/0/0,21036:1747647665800:,1747647681649
counter/4/0/0/0,18539:1747647665632:,1747647681649
counter/8/0/0/0,21037:1747647665800:,1747647681649
counter/9/0/0/0,24303:1747647668177:,1747647681649
counter/9/0/0/0,24304:1747647668177:,1747647681649
counter/9/0/0/0,24305:1747647668177:,1747647681649
counter/9/0/0/0,24306:1747647668177:,1747647681649
counter/9/0/0/0,24307:1747647668177:,1747647681649
counter/9/0/0/0,24308:1747647668177:,1747647681649
counter/9/0/0/0,24309:1747647668177:,1747647681649
counter/9/0/0/0,24310:1747647668177:,1747647681649
counter/9/0/0/0,24311:1747647668177:,1747647681649
counter/9/0/0/0,24312:1747647668177:,1747647681650
counter/4/0/0/0,18540:1747647665632:,1747647681650
counter/9/0/0/0,24313:1747647668177:,1747647681650
counter/3/0/0/0,18022:1747647664810:,1747647681650
counter/9/0/0/0,24314:1747647668177:,1747647681650
counter/5/0/0/0,20660:1747647666085:,1747647681650
counter/6/0/0/0,17613:1747647664757:,1747647681650
counter/9/0/0/0,24315:1747647668177:,1747647681650
counter/6/0/0/0,17614:1747647664760:,1747647681650
counter/6/0/0/0,17615:1747647664760:,1747647681650
counter/6/0/0/0,17616:1747647664760:,1747647681650
counter/6/0/0/0,17617:1747647664763:,1747647681650
counter/6/0/0/0,17618:1747647664763:,1747647681650
counter/5/0/0/0,20661:1747647666085:,1747647681650
counter/6/0/0/0,17619:1747647664763:,1747647681650
counter/1/0/0/0,18965:1747647665440:,1747647681650
counter/6/0/0/0,17620:1747647664763:,1747647681650
counter/9/0/0/0,24316:1747647668178:,1747647681650
counter/6/0/0/0,17621:1747647664763:,1747647681650
counter/9/0/0/0,24317:1747647668178:,1747647681650
counter/9/0/0/0,24318:1747647668178:,1747647681650
counter/9/0/0/0,24319:1747647668178:,1747647681650
counter/9/0/0/0,24320:1747647668178:,1747647681650
counter/9/0/0/0,24321:1747647668178:,1747647681650
counter/9/0/0/0,24322:1747647668178:,1747647681650
counter/9/0/0/0,24323:1747647668178:,1747647681650
counter/6/0/0/0,17622:1747647664763:,1747647681650
counter/9/0/0/0,24324:1747647668178:,1747647681650
counter/4/0/0/0,18541:1747647665632:,1747647681650
counter/9/0/0/0,24325:1747647668178:,1747647681650
counter/3/0/0/0,18023:1747647664810:,1747647681650
counter/7/0/0/0,17235:1747647663219:,1747647681650
counter/9/0/0/0,24326:1747647668178:,1747647681650
counter/5/0/0/0,20662:1747647666085:,1747647681650
counter/9/0/0/0,24327:1747647668178:,1747647681650
counter/1/0/0/0,18966:1747647665440:,1747647681650
counter/8/0/0/0,21038:1747647665806:,1747647681650
counter/9/0/0/0,24328:1747647668178:,1747647681650
counter/10/0/0/0,18561:1747647664571:,1747647681650
counter/10/0/0/0,18562:1747647664578:,1747647681650
counter/10/0/0/0,18563:1747647664578:,1747647681650
counter/10/0/0/0,18564:1747647664578:,1747647681650
counter/10/0/0/0,18565:1747647664579:,1747647681650
counter/10/0/0/0,18566:1747647664579:,1747647681651
counter/10/0/0/0,18567:1747647664579:,1747647681651
counter/10/0/0/0,18568:1747647664579:,1747647681651
counter/10/0/0/0,18569:1747647664579:,1747647681651
counter/10/0/0/0,18570:1747647664581:,1747647681651
counter/10/0/0/0,18571:1747647664581:,1747647681651
counter/10/0/0/0,18572:1747647664581:,1747647681651
counter/10/0/0/0,18573:1747647664595:,1747647681651
counter/10/0/0/0,18574:1747647664595:,1747647681651
counter/10/0/0/0,18575:1747647664595:,1747647681651
counter/10/0/0/0,18576:1747647664595:,1747647681651
counter/10/0/0/0,18577:1747647664595:,1747647681651
counter/10/0/0/0,18578:1747647664595:,1747647681651
counter/10/0/0/0,18579:1747647664603:,1747647681651
counter/10/0/0/0,18580:1747647664603:,1747647681651
counter/10/0/0/0,18581:1747647664603:,1747647681651
counter/10/0/0/0,18582:1747647664603:,1747647681651
counter/8/0/0/0,21039:1747647665806:,1747647681651
counter/10/0/0/0,18583:1747647664603:,1747647681651
counter/6/0/0/0,17623:1747647664763:,1747647681651
counter/10/0/0/0,18584:1747647664603:,1747647681651
counter/2/0/0/0,23876:1747647669808:,1747647681651
counter/4/0/0/0,18542:1747647665632:,1747647681651
counter/10/0/0/0,18585:1747647664603:,1747647681651
counter/7/0/0/0,17236:1747647663219:,1747647681651
counter/3/0/0/0,18024:1747647664810:,1747647681651
counter/10/0/0/0,18586:1747647664603:,1747647681651
counter/1/0/0/0,18967:1747647665440:,1747647681651
counter/5/0/0/0,20663:1747647666085:,1747647681651
counter/10/0/0/0,18587:1747647664603:,1747647681651
counter/9/0/0/0,24329:1747647668178:,1747647681651
counter/9/0/0/0,24330:1747647668178:,1747647681651
counter/9/0/0/0,24331:1747647668178:,1747647681651
counter/9/0/0/0,24332:1747647668179:,1747647681651
counter/7/0/0/0,17237:1747647663220:,1747647681651
counter/9/0/0/0,24333:1747647668179:,1747647681651
counter/3/0/0/0,18025:1747647664810:,1747647681651
counter/9/0/0/0,24334:1747647668179:,1747647681651
counter/1/0/0/0,18968:1747647665440:,1747647681651
counter/5/0/0/0,20664:1747647666085:,1747647681651
counter/10/0/0/0,18588:1747647664603:,1747647681651
counter/8/0/0/0,21040:1747647665806:,1747647681651
counter/6/0/0/0,17624:1747647664763:,1747647681651
counter/4/0/0/0,18543:1747647665633:,1747647681652
counter/9/0/0/0,24335:1747647668179:,1747647681652
counter/9/0/0/0,24336:1747647668179:,1747647681652
counter/9/0/0/0,24337:1747647668179:,1747647681652
counter/9/0/0/0,24338:1747647668183:,1747647681652
counter/9/0/0/0,24339:1747647668184:,1747647681652
counter/9/0/0/0,24340:1747647668184:,1747647681652
counter/9/0/0/0,24341:1747647668184:,1747647681652
counter/9/0/0/0,24342:1747647668184:,1747647681652
counter/9/0/0/0,24343:1747647668185:,1747647681652
counter/9/0/0/0,24344:1747647668186:,1747647681652
counter/9/0/0/0,24345:1747647668186:,1747647681652
counter/9/0/0/0,24346:1747647668186:,1747647681652
counter/9/0/0/0,24347:1747647668186:,1747647681652
counter/9/0/0/0,24348:1747647668186:,1747647681652
counter/9/0/0/0,24349:1747647668186:,1747647681652
counter/9/0/0/0,24350:1747647668186:,1747647681652
counter/3/0/0/0,18026:1747647664810:,1747647681652
counter/9/0/0/0,24351:1747647668186:,1747647681652
counter/9/0/0/0,24352:1747647668186:,1747647681652
counter/5/0/0/0,20665:1747647666086:,1747647681652
counter/9/0/0/0,24353:1747647668186:,1747647681652
counter/10/0/0/0,18589:1747647664603:,1747647681652
counter/9/0/0/0,24354:1747647668186:,1747647681652
counter/6/0/0/0,17625:1747647664781:,1747647681652
counter/8/0/0/0,21041:1747647665806:,1747647681652
counter/4/0/0/0,18544:1747647665633:,1747647681652
counter/7/0/0/0,17238:1747647663224:,1747647681652
counter/9/0/0/0,24355:1747647668186:,1747647681652
counter/1/0/0/0,18969:1747647665465:,1747647681652
counter/2/0/0/0,23877:1747647669808:,1747647681652
counter/3/0/0/0,18027:1747647664810:,1747647681652
counter/5/0/0/0,20666:1747647666086:,1747647681652
counter/10/0/0/0,18590:1747647664603:,1747647681652
counter/6/0/0/0,17626:1747647664781:,1747647681652
counter/8/0/0/0,21042:1747647665807:,1747647681652
counter/4/0/0/0,18545:1747647665633:,1747647681652
counter/7/0/0/0,17239:1747647663225:,1747647681652
counter/9/0/0/0,24356:1747647668186:,1747647681652
counter/1/0/0/0,18970:1747647665465:,1747647681652
counter/2/0/0/0,23878:1747647669808:,1747647681652
counter/3/0/0/0,18028:1747647664810:,1747647681652
counter/5/0/0/0,20667:1747647666086:,1747647681652
counter/10/0/0/0,18591:1747647664627:,1747647681652
counter/6/0/0/0,17627:1747647664781:,1747647681652
counter/8/0/0/0,21043:1747647665807:,1747647681652
counter/4/0/0/0,18546:1747647665633:,1747647681652
counter/7/0/0/0,17240:1747647663225:,1747647681652
counter/9/0/0/0,24357:1747647668186:,1747647681652
counter/1/0/0/0,18971:1747647665466:,1747647681653
counter/2/0/0/0,23879:1747647669808:,1747647681653
counter/3/0/0/0,18029:1747647664810:,1747647681653
counter/5/0/0/0,20668:1747647666086:,1747647681653
counter/10/0/0/0,18592:1747647664627:,1747647681653
counter/6/0/0/0,17628:1747647664781:,1747647681653
counter/10/0/0/0,18593:1747647664627:,1747647681653
counter/4/0/0/0,18547:1747647665633:,1747647681653
counter/7/0/0/0,17241:1747647663225:,1747647681653
counter/9/0/0/0,24358:1747647668186:,1747647681653
counter/1/0/0/0,18972:1747647665466:,1747647681653
counter/2/0/0/0,23880:1747647669809:,1747647681653
counter/3/0/0/0,18030:1747647664810:,1747647681653
counter/5/0/0/0,20669:1747647666086:,1747647681653
counter/5/0/0/0,20670:1747647666086:,1747647681653
counter/5/0/0/0,20671:1747647666087:,1747647681653
counter/5/0/0/0,20672:1747647666087:,1747647681653
counter/5/0/0/0,20673:1747647666089:,1747647681653
counter/5/0/0/0,20674:1747647666089:,1747647681653
counter/5/0/0/0,20675:1747647666089:,1747647681653
counter/5/0/0/0,20676:1747647666089:,1747647681653
counter/5/0/0/0,20677:1747647666089:,1747647681653
counter/5/0/0/0,20678:1747647666089:,1747647681653
counter/5/0/0/0,20679:1747647666089:,1747647681653
counter/7/0/0/0,17242:1747647663225:,1747647681653
counter/5/0/0/0,20680:1747647666089:,1747647681653
counter/9/0/0/0,24359:1747647668187:,1747647681653
counter/5/0/0/0,20681:1747647666089:,1747647681653
counter/1/0/0/0,18973:1747647665466:,1747647681653
counter/2/0/0/0,23881:1747647669809:,1747647681653
counter/3/0/0/0,18031:1747647664810:,1747647681653
counter/6/0/0/0,17629:1747647664786:,1747647681653
counter/10/0/0/0,18594:1747647664627:,1747647681653
counter/5/0/0/0,20682:1747647666089:,1747647681653
counter/10/0/0/0,18595:1747647664627:,1747647681653
counter/8/0/0/0,21044:1747647665808:,1747647681653
counter/7/0/0/0,17243:1747647663225:,1747647681653
counter/9/0/0/0,24360:1747647668187:,1747647681653
counter/1/0/0/0,18974:1747647665466:,1747647681653
counter/2/0/0/0,23882:1747647669809:,1747647681653
counter/3/0/0/0,18032:1747647664810:,1747647681653
counter/6/0/0/0,17630:1747647664786:,1747647681653
counter/4/0/0/0,18548:1747647665633:,1747647681653
counter/10/0/0/0,18596:1747647664627:,1747647681653
counter/8/0/0/0,21045:1747647665808:,1747647681653
counter/8/0/0/0,21046:1747647665808:,1747647681654
counter/7/0/0/0,17244:1747647663225:,1747647681654
counter/9/0/0/0,24361:1747647668187:,1747647681654
counter/1/0/0/0,18975:1747647665466:,1747647681654
counter/2/0/0/0,23883:1747647669809:,1747647681654
counter/3/0/0/0,18033:1747647664810:,1747647681654
counter/6/0/0/0,17631:1747647664786:,1747647681654
counter/4/0/0/0,18549:1747647665633:,1747647681654
counter/10/0/0/0,18597:1747647664627:,1747647681654
counter/8/0/0/0,21047:1747647665811:,1747647681654
counter/8/0/0/0,21048:1747647665811:,1747647681654
counter/7/0/0/0,17245:1747647663226:,1747647681654
counter/9/0/0/0,24362:1747647668187:,1747647681654
counter/1/0/0/0,18976:1747647665466:,1747647681654
counter/2/0/0/0,23884:1747647669809:,1747647681654
counter/3/0/0/0,18034:1747647664810:,1747647681654
counter/6/0/0/0,17632:1747647664786:,1747647681654
counter/4/0/0/0,18550:1747647665633:,1747647681654
counter/10/0/0/0,18598:1747647664627:,1747647681654
counter/8/0/0/0,21049:1747647665811:,1747647681654
counter/8/0/0/0,21050:1747647665811:,1747647681654
counter/7/0/0/0,17246:1747647663226:,1747647681654
counter/9/0/0/0,24363:1747647668187:,1747647681654
counter/1/0/0/0,18977:1747647665466:,1747647681654
counter/2/0/0/0,23885:1747647669809:,1747647681654
counter/3/0/0/0,18035:1747647664810:,1747647681654
counter/6/0/0/0,17633:1747647664789:,1747647681654
counter/4/0/0/0,18551:1747647665633:,1747647681654
counter/4/0/0/0,18552:1747647665633:,1747647681654
counter/8/0/0/0,21051:1747647665811:,1747647681654
counter/8/0/0/0,21052:1747647665811:,1747647681654
counter/8/0/0/0,21053:1747647665811:,1747647681654
counter/8/0/0/0,21054:1747647665811:,1747647681654
counter/8/0/0/0,21055:1747647665811:,1747647681654
counter/8/0/0/0,21056:1747647665811:,1747647681654
counter/8/0/0/0,21057:1747647665811:,1747647681654
counter/8/0/0/0,21058:1747647665811:,1747647681654
counter/8/0/0/0,21059:1747647665830:,1747647681654
counter/8/0/0/0,21060:1747647665830:,1747647681654
counter/8/0/0/0,21061:1747647665830:,1747647681654
counter/8/0/0/0,21062:1747647665830:,1747647681654
counter/8/0/0/0,21063:1747647665830:,1747647681654
counter/6/0/0/0,17634:1747647664789:,1747647681654
counter/8/0/0/0,21064:1747647665830:,1747647681654
counter/6/0/0/0,17635:1747647664789:,1747647681654
counter/8/0/0/0,21065:1747647665830:,1747647681655
counter/6/0/0/0,17636:1747647664789:,1747647681655
counter/6/0/0/0,17637:1747647664795:,1747647681655
counter/6/0/0/0,17638:1747647664795:,1747647681655
counter/6/0/0/0,17639:1747647664795:,1747647681655
counter/6/0/0/0,17640:1747647664795:,1747647681655
counter/6/0/0/0,17641:1747647664795:,1747647681655
counter/6/0/0/0,17642:1747647664795:,1747647681655
counter/6/0/0/0,17643:1747647664795:,1747647681655
counter/6/0/0/0,17644:1747647664795:,1747647681655
counter/6/0/0/0,17645:1747647664798:,1747647681655
counter/6/0/0/0,17646:1747647664798:,1747647681655
counter/6/0/0/0,17647:1747647664798:,1747647681655
counter/6/0/0/0,17648:1747647664798:,1747647681655
counter/6/0/0/0,17649:1747647664798:,1747647681655
counter/6/0/0/0,17650:1747647664798:,1747647681655
counter/6/0/0/0,17651:1747647664798:,1747647681655
counter/6/0/0/0,17652:1747647664798:,1747647681655
counter/6/0/0/0,17653:1747647664798:,1747647681655
counter/6/0/0/0,17654:1747647664798:,1747647681655
counter/6/0/0/0,17655:1747647664798:,1747647681655
counter/6/0/0/0,17656:1747647664798:,1747647681655
counter/6/0/0/0,17657:1747647664799:,1747647681655
counter/6/0/0/0,17658:1747647664799:,1747647681655
counter/6/0/0/0,17659:1747647664799:,1747647681655
counter/6/0/0/0,17660:1747647664817:,1747647681655
counter/6/0/0/0,17661:1747647664821:,1747647681655
counter/6/0/0/0,17662:1747647664821:,1747647681655
counter/6/0/0/0,17663:1747647664821:,1747647681655
counter/6/0/0/0,17664:1747647664823:,1747647681655
counter/6/0/0/0,17665:1747647664823:,1747647681655
counter/6/0/0/0,17666:1747647664823:,1747647681655
counter/6/0/0/0,17667:1747647664823:,1747647681655
counter/6/0/0/0,17668:1747647664823:,1747647681655
counter/8/0/0/0,21066:1747647665830:,1747647681655
counter/6/0/0/0,17669:1747647664823:,1747647681655
counter/8/0/0/0,21067:1747647665830:,1747647681655
counter/6/0/0/0,17670:1747647664823:,1747647681655
counter/8/0/0/0,21068:1747647665830:,1747647681655
counter/6/0/0/0,17671:1747647664823:,1747647681655
counter/8/0/0/0,21069:1747647665830:,1747647681655
counter/6/0/0/0,17672:1747647664823:,1747647681655
counter/8/0/0/0,21070:1747647665830:,1747647681655
counter/6/0/0/0,17673:1747647664823:,1747647681655
counter/8/0/0/0,21071:1747647665830:,1747647681655
counter/6/0/0/0,17674:1747647664823:,1747647681656
counter/8/0/0/0,21072:1747647665887:,1747647681656
counter/8/0/0/0,21073:1747647665887:,1747647681656
counter/8/0/0/0,21074:1747647665888:,1747647681656
counter/8/0/0/0,21075:1747647665888:,1747647681656
counter/8/0/0/0,21076:1747647665888:,1747647681656
counter/8/0/0/0,21077:1747647665888:,1747647681656
counter/8/0/0/0,21078:1747647665888:,1747647681656
counter/8/0/0/0,21079:1747647665888:,1747647681656
counter/8/0/0/0,21080:1747647665888:,1747647681656
counter/8/0/0/0,21081:1747647665888:,1747647681656
counter/8/0/0/0,21082:1747647665888:,1747647681656
counter/8/0/0/0,21083:1747647665888:,1747647681656
counter/8/0/0/0,21084:1747647665888:,1747647681656
counter/8/0/0/0,21085:1747647665888:,1747647681656
counter/8/0/0/0,21086:1747647665888:,1747647681656
counter/8/0/0/0,21087:1747647665888:,1747647681656
counter/8/0/0/0,21088:1747647665888:,1747647681656
counter/8/0/0/0,21089:1747647665891:,1747647681656
counter/8/0/0/0,21090:1747647665891:,1747647681656
counter/8/0/0/0,21091:1747647665891:,1747647681656
counter/8/0/0/0,21092:1747647665891:,1747647681656
counter/8/0/0/0,21093:1747647665891:,1747647681656
counter/8/0/0/0,21094:1747647665891:,1747647681656
counter/8/0/0/0,21095:1747647665891:,1747647681656
counter/8/0/0/0,21096:1747647665891:,1747647681656
counter/8/0/0/0,21097:1747647665891:,1747647681656
counter/8/0/0/0,21098:1747647665892:,1747647681656
counter/8/0/0/0,21099:1747647665892:,1747647681656
counter/8/0/0/0,21100:1747647665892:,1747647681656
counter/8/0/0/0,21101:1747647665896:,1747647681656
counter/8/0/0/0,21102:1747647665896:,1747647681656
counter/8/0/0/0,21103:1747647665897:,1747647681656
counter/6/0/0/0,17675:1747647664823:,1747647681656
counter/8/0/0/0,21104:1747647665897:,1747647681656
counter/9/0/0/0,24364:1747647668188:,1747647681656
counter/8/0/0/0,21105:1747647665897:,1747647681656
counter/9/0/0/0,24365:1747647668188:,1747647681656
counter/8/0/0/0,21106:1747647665897:,1747647681657
counter/9/0/0/0,24366:1747647668188:,1747647681657
counter/8/0/0/0,21107:1747647665897:,1747647681657
counter/8/0/0/0,21108:1747647665897:,1747647681657
counter/9/0/0/0,24367:1747647668188:,1747647681657
counter/8/0/0/0,21109:1747647665897:,1747647681657
counter/9/0/0/0,24368:1747647668188:,1747647681657
counter/5/0/0/0,20683:1747647666092:,1747647681657
counter/8/0/0/0,21110:1747647665897:,1747647681657
counter/9/0/0/0,24369:1747647668188:,1747647681657
counter/6/0/0/0,17676:1747647664823:,1747647681657
counter/1/0/0/0,18978:1747647665478:,1747647681657
counter/8/0/0/0,21111:1747647665897:,1747647681657
counter/9/0/0/0,24370:1747647668188:,1747647681657
counter/3/0/0/0,18036:1747647664810:,1747647681657
counter/7/0/0/0,17247:1747647663226:,1747647681657
counter/8/0/0/0,21112:1747647665897:,1747647681657
counter/9/0/0/0,24371:1747647668188:,1747647681657
counter/7/0/0/0,17248:1747647663226:,1747647681657
counter/8/0/0/0,21113:1747647665897:,1747647681657
counter/7/0/0/0,17249:1747647663226:,1747647681657
counter/8/0/0/0,21114:1747647665897:,1747647681657
counter/7/0/0/0,17250:1747647663226:,1747647681657
counter/8/0/0/0,21115:1747647665897:,1747647681657
counter/7/0/0/0,17251:1747647663226:,1747647681657
counter/7/0/0/0,17252:1747647663228:,1747647681657
counter/7/0/0/0,17253:1747647663228:,1747647681657
counter/7/0/0/0,17254:1747647663228:,1747647681657
counter/7/0/0/0,17255:1747647663228:,1747647681657
counter/7/0/0/0,17256:1747647663228:,1747647681657
counter/7/0/0/0,17257:1747647663228:,1747647681657
counter/7/0/0/0,17258:1747647663236:,1747647681657
counter/7/0/0/0,17259:1747647663236:,1747647681657
counter/7/0/0/0,17260:1747647663236:,1747647681657
counter/7/0/0/0,17261:1747647663236:,1747647681657
counter/7/0/0/0,17262:1747647663236:,1747647681657
counter/7/0/0/0,17263:1747647663236:,1747647681657
counter/7/0/0/0,17264:1747647663237:,1747647681657
counter/7/0/0/0,17265:1747647663237:,1747647681657
counter/7/0/0/0,17266:1747647663237:,1747647681657
counter/7/0/0/0,17267:1747647663237:,1747647681657
counter/7/0/0/0,17268:1747647663237:,1747647681657
counter/7/0/0/0,17269:1747647663237:,1747647681658
counter/7/0/0/0,17270:1747647663237:,1747647681658
counter/7/0/0/0,17271:1747647663237:,1747647681658
counter/7/0/0/0,17272:1747647663237:,1747647681658
counter/7/0/0/0,17273:1747647663237:,1747647681658
counter/7/0/0/0,17274:1747647663237:,1747647681658
counter/7/0/0/0,17275:1747647663237:,1747647681658
counter/7/0/0/0,17276:1747647663237:,1747647681658
counter/7/0/0/0,17277:1747647663237:,1747647681658
counter/7/0/0/0,17278:1747647663237:,1747647681658
counter/7/0/0/0,17279:1747647663237:,1747647681658
counter/7/0/0/0,17280:1747647663237:,1747647681658
counter/7/0/0/0,17281:1747647663237:,1747647681658
counter/7/0/0/0,17282:1747647663243:,1747647681658
counter/7/0/0/0,17283:1747647663243:,1747647681658
counter/7/0/0/0,17284:1747647663243:,1747647681658
counter/7/0/0/0,17285:1747647663243:,1747647681658
counter/7/0/0/0,17286:1747647663243:,1747647681658
counter/7/0/0/0,17287:1747647663243:,1747647681658
counter/7/0/0/0,17288:1747647663243:,1747647681658
counter/7/0/0/0,17289:1747647663243:,1747647681658
counter/7/0/0/0,17290:1747647663243:,1747647681658
counter/7/0/0/0,17291:1747647663243:,1747647681658
counter/7/0/0/0,17292:1747647663243:,1747647681658
counter/7/0/0/0,17293:1747647663243:,1747647681658
counter/7/0/0/0,17294:1747647663243:,1747647681658
counter/7/0/0/0,17295:1747647663243:,1747647681658
counter/7/0/0/0,17296:1747647663243:,1747647681658
counter/7/0/0/0,17297:1747647663243:,1747647681658
counter/7/0/0/0,17298:1747647663243:,1747647681658
counter/7/0/0/0,17299:1747647663243:,1747647681658
counter/7/0/0/0,17300:1747647663243:,1747647681658
counter/7/0/0/0,17301:1747647663246:,1747647681658
counter/7/0/0/0,17302:1747647663247:,1747647681658
counter/7/0/0/0,17303:1747647663247:,1747647681658
counter/7/0/0/0,17304:1747647663247:,1747647681658
counter/7/0/0/0,17305:1747647663247:,1747647681658
counter/7/0/0/0,17306:1747647663247:,1747647681658
counter/7/0/0/0,17307:1747647663247:,1747647681658
counter/7/0/0/0,17308:1747647663247:,1747647681658
counter/7/0/0/0,17309:1747647663247:,1747647681659
counter/7/0/0/0,17310:1747647663247:,1747647681659
counter/7/0/0/0,17311:1747647663247:,1747647681659
counter/7/0/0/0,17312:1747647663247:,1747647681659
counter/7/0/0/0,17313:1747647663247:,1747647681659
counter/7/0/0/0,17314:1747647663247:,1747647681659
counter/7/0/0/0,17315:1747647663247:,1747647681659
counter/7/0/0/0,17316:1747647663247:,1747647681659
counter/7/0/0/0,17317:1747647663247:,1747647681659
counter/7/0/0/0,17318:1747647663247:,1747647681659
counter/7/0/0/0,17319:1747647663247:,1747647681659
counter/7/0/0/0,17320:1747647663247:,1747647681659
counter/7/0/0/0,17321:1747647663247:,1747647681659
counter/7/0/0/0,17322:1747647663247:,1747647681659
counter/7/0/0/0,17323:1747647663247:,1747647681659
counter/7/0/0/0,17324:1747647663247:,1747647681659
counter/7/0/0/0,17325:1747647663247:,1747647681659
counter/7/0/0/0,17326:1747647663247:,1747647681659
counter/7/0/0/0,17327:1747647663247:,1747647681659
counter/7/0/0/0,17328:1747647663247:,1747647681659
counter/7/0/0/0,17329:1747647663247:,1747647681659
counter/7/0/0/0,17330:1747647663248:,1747647681659
counter/7/0/0/0,17331:1747647663248:,1747647681659
counter/7/0/0/0,17332:1747647663249:,1747647681659
counter/7/0/0/0,17333:1747647663249:,1747647681659
counter/7/0/0/0,17334:1747647663249:,1747647681659
counter/7/0/0/0,17335:1747647663249:,1747647681659
counter/7/0/0/0,17336:1747647663249:,1747647681659
counter/7/0/0/0,17337:1747647663249:,1747647681659
counter/7/0/0/0,17338:1747647663249:,1747647681659
counter/7/0/0/0,17339:1747647663249:,1747647681659
counter/7/0/0/0,17340:1747647663249:,1747647681659
counter/7/0/0/0,17341:1747647663249:,1747647681659
counter/7/0/0/0,17342:1747647663249:,1747647681659
counter/7/0/0/0,17343:1747647663249:,1747647681659
counter/7/0/0/0,17344:1747647663249:,1747647681659
counter/7/0/0/0,17345:1747647663249:,1747647681659
counter/7/0/0/0,17346:1747647663249:,1747647681659
counter/7/0/0/0,17347:1747647663249:,1747647681659
counter/7/0/0/0,17348:1747647663249:,1747647681659
counter/7/0/0/0,17349:1747647663249:,1747647681659
counter/7/0/0/0,17350:1747647663249:,1747647681659
counter/7/0/0/0,17351:1747647663249:,1747647681660
counter/10/0/0/0,18599:1747647664628:,1747647681660
counter/7/0/0/0,17352:1747647663249:,1747647681660
counter/10/0/0/0,18600:1747647664628:,1747647681660
counter/3/0/0/0,18037:1747647664810:,1747647681660
counter/7/0/0/0,17353:1747647663249:,1747647681660
counter/10/0/0/0,18601:1747647664635:,1747647681660
counter/7/0/0/0,17354:1747647663249:,1747647681660
counter/10/0/0/0,18602:1747647664635:,1747647681660
counter/7/0/0/0,17355:1747647663249:,1747647681660
counter/10/0/0/0,18603:1747647664635:,1747647681660
counter/7/0/0/0,17356:1747647663249:,1747647681660
counter/10/0/0/0,18604:1747647664635:,1747647681660
counter/7/0/0/0,17357:1747647663249:,1747647681660
counter/10/0/0/0,18605:1747647664635:,1747647681660
counter/7/0/0/0,17358:1747647663249:,1747647681660
counter/10/0/0/0,18606:1747647664635:,1747647681660
counter/7/0/0/0,17359:1747647663255:,1747647681660
counter/10/0/0/0,18607:1747647664635:,1747647681660
counter/7/0/0/0,17360:1747647663255:,1747647681660
counter/10/0/0/0,18608:1747647664635:,1747647681660
counter/7/0/0/0,17361:1747647663255:,1747647681660
counter/10/0/0/0,18609:1747647664635:,1747647681660
counter/7/0/0/0,17362:1747647663255:,1747647681660
counter/10/0/0/0,18610:1747647664636:,1747647681660
counter/5/0/0/0,20684:1747647666092:,1747647681660
counter/7/0/0/0,17363:1747647663255:,1747647681660
counter/10/0/0/0,18611:1747647664642:,1747647681660
counter/7/0/0/0,17364:1747647663255:,1747647681660
counter/10/0/0/0,18612:1747647664642:,1747647681660
counter/7/0/0/0,17365:1747647663255:,1747647681660
counter/10/0/0/0,18613:1747647664642:,1747647681660
counter/7/0/0/0,17366:1747647663255:,1747647681660
counter/10/0/0/0,18614:1747647664642:,1747647681660
counter/7/0/0/0,17367:1747647663255:,1747647681660
counter/10/0/0/0,18615:1747647664642:,1747647681660
counter/7/0/0/0,17368:1747647663255:,1747647681660
counter/10/0/0/0,18616:1747647664642:,1747647681660
counter/7/0/0/0,17369:1747647663255:,1747647681660
counter/10/0/0/0,18617:1747647664643:,1747647681660
counter/7/0/0/0,17370:1747647663255:,1747647681660
counter/10/0/0/0,18618:1747647664643:,1747647681660
counter/7/0/0/0,17371:1747647663255:,1747647681661
counter/10/0/0/0,18619:1747647664643:,1747647681661
counter/7/0/0/0,17372:1747647663255:,1747647681661
counter/10/0/0/0,18620:1747647664643:,1747647681661
counter/7/0/0/0,17373:1747647663256:,1747647681661
counter/7/0/0/0,17374:1747647663256:,1747647681661
counter/7/0/0/0,17375:1747647663257:,1747647681661
counter/7/0/0/0,17376:1747647663257:,1747647681661
counter/7/0/0/0,17377:1747647663257:,1747647681661
counter/7/0/0/0,17378:1747647663257:,1747647681661
counter/7/0/0/0,17379:1747647663257:,1747647681661
counter/7/0/0/0,17380:1747647663257:,1747647681661
counter/7/0/0/0,17381:1747647663257:,1747647681661
counter/7/0/0/0,17382:1747647663257:,1747647681661
counter/7/0/0/0,17383:1747647663257:,1747647681661
counter/7/0/0/0,17384:1747647663257:,1747647681661
counter/7/0/0/0,17385:1747647663257:,1747647681661
counter/7/0/0/0,17386:1747647663257:,1747647681661
counter/8/0/0/0,21116:1747647665897:,1747647681661
counter/7/0/0/0,17387:1747647663257:,1747647681661
counter/3/0/0/0,18038:1747647664810:,1747647681661
counter/9/0/0/0,24372:1747647668188:,1747647681661
counter/7/0/0/0,17388:1747647663257:,1747647681661
counter/10/0/0/0,18621:1747647664643:,1747647681661
counter/2/0/0/0,23886:1747647669809:,1747647681661
counter/7/0/0/0,17389:1747647663257:,1747647681661
counter/5/0/0/0,20685:1747647666104:,1747647681661
counter/4/0/0/0,18553:1747647665633:,1747647681661
counter/7/0/0/0,17390:1747647663258:,1747647681661
counter/7/0/0/0,17391:1747647663258:,1747647681661
counter/7/0/0/0,17392:1747647663263:,1747647681661
counter/7/0/0/0,17393:1747647663263:,1747647681661
counter/7/0/0/0,17394:1747647663264:,1747647681661
counter/7/0/0/0,17395:1747647663266:,1747647681661
counter/7/0/0/0,17396:1747647663266:,1747647681661
counter/7/0/0/0,17397:1747647663266:,1747647681662
counter/7/0/0/0,17398:1747647663266:,1747647681662
counter/7/0/0/0,17399:1747647663266:,1747647681662
counter/7/0/0/0,17400:1747647663266:,1747647681662
counter/7/0/0/0,17401:1747647663266:,1747647681662
counter/7/0/0/0,17402:1747647663266:,1747647681662
counter/7/0/0/0,17403:1747647663266:,1747647681662
counter/7/0/0/0,17404:1747647663267:,1747647681662
counter/7/0/0/0,17405:1747647663267:,1747647681662
counter/7/0/0/0,17406:1747647663267:,1747647681662
counter/10/0/0/0,18622:1747647664643:,1747647681662
counter/7/0/0/0,17407:1747647663272:,1747647681662
counter/4/0/0/0,18554:1747647665633:,1747647681662
counter/7/0/0/0,17408:1747647663272:,1747647681662
counter/10/0/0/0,18623:1747647664643:,1747647681662
counter/7/0/0/0,17409:1747647663272:,1747647681662
counter/8/0/0/0,21117:1747647665904:,1747647681662
counter/3/0/0/0,18039:1747647664810:,1747647681662
counter/7/0/0/0,17410:1747647663272:,1747647681662
counter/9/0/0/0,24373:1747647668188:,1747647681662
counter/7/0/0/0,17411:1747647663272:,1747647681662
counter/9/0/0/0,24374:1747647668188:,1747647681662
counter/7/0/0/0,17412:1747647663274:,1747647681662
counter/9/0/0/0,24375:1747647668188:,1747647681662
counter/1/0/0/0,18979:1747647665478:,1747647681662
counter/7/0/0/0,17413:1747647663274:,1747647681662
counter/9/0/0/0,24376:1747647668191:,1747647681662
counter/1/0/0/0,18980:1747647665479:,1747647681662
counter/7/0/0/0,17414:1747647663274:,1747647681662
counter/9/0/0/0,24377:1747647668191:,1747647681662
counter/1/0/0/0,18981:1747647665479:,1747647681662
counter/7/0/0/0,17415:1747647663274:,1747647681662
counter/9/0/0/0,24378:1747647668191:,1747647681662
counter/1/0/0/0,18982:1747647665479:,1747647681662
counter/7/0/0/0,17416:1747647663274:,1747647681662
counter/7/0/0/0,17417:1747647663275:,1747647681662
counter/7/0/0/0,17418:1747647663275:,1747647681662
counter/7/0/0/0,17419:1747647663275:,1747647681662
counter/7/0/0/0,17420:1747647663275:,1747647681662
counter/7/0/0/0,17421:1747647663275:,1747647681662
counter/7/0/0/0,17422:1747647663275:,1747647681662
counter/7/0/0/0,17423:1747647663278:,1747647681662
counter/7/0/0/0,17424:1747647663297:,1747647681662
counter/5/0/0/0,20686:1747647666104:,1747647681662
counter/10/0/0/0,18624:1747647664643:,1747647681663
counter/8/0/0/0,21118:1747647665904:,1747647681663
counter/1/0/0/0,18983:1747647665479:,1747647681663
counter/3/0/0/0,18040:1747647664810:,1747647681663
counter/4/0/0/0,18555:1747647665634:,1747647681663
counter/9/0/0/0,24379:1747647668191:,1747647681663
counter/1/0/0/0,18984:1747647665479:,1747647681663
counter/1/0/0/0,18985:1747647665479:,1747647681663
counter/1/0/0/0,18986:1747647665482:,1747647681663
counter/2/0/0/0,23887:1747647669809:,1747647681663
counter/5/0/0/0,20687:1747647666104:,1747647681663
counter/10/0/0/0,18625:1747647664643:,1747647681663
counter/8/0/0/0,21119:1747647665904:,1747647681663
counter/9/0/0/0,24380:1747647668191:,1747647681663
counter/9/0/0/0,24381:1747647668191:,1747647681663
counter/9/0/0/0,24382:1747647668191:,1747647681663
counter/9/0/0/0,24383:1747647668191:,1747647681663
counter/10/0/0/0,18626:1747647664643:,1747647681663
counter/8/0/0/0,21120:1747647665904:,1747647681663
counter/3/0/0/0,18041:1747647664810:,1747647681663
counter/6/0/0/0,17677:1747647664823:,1747647681663
counter/4/0/0/0,18556:1747647665634:,1747647681663
counter/1/0/0/0,18987:1747647665483:,1747647681663
counter/10/0/0/0,18627:1747647664643:,1747647681663
counter/3/0/0/0,18042:1747647664810:,1747647681663
counter/10/0/0/0,18628:1747647664643:,1747647681663
counter/9/0/0/0,24384:1747647668191:,1747647681663
counter/9/0/0/0,24385:1747647668191:,1747647681663
counter/9/0/0/0,24386:1747647668191:,1747647681663
counter/9/0/0/0,24387:1747647668196:,1747647681663
counter/8/0/0/0,21121:1747647665904:,1747647681663
counter/1/0/0/0,18988:1747647665487:,1747647681663
counter/5/0/0/0,20688:1747647666105:,1747647681663
counter/10/0/0/0,18629:1747647664644:,1747647681663
counter/4/0/0/0,18557:1747647665646:,1747647681664
counter/3/0/0/0,18043:1747647664810:,1747647681664
counter/8/0/0/0,21122:1747647665904:,1747647681664
counter/8/0/0/0,21123:1747647665904:,1747647681664
counter/10/0/0/0,18630:1747647664645:,1747647681664
counter/4/0/0/0,18558:1747647665646:,1747647681664
counter/3/0/0/0,18044:1747647664811:,1747647681664
counter/9/0/0/0,24388:1747647668196:,1747647681664
counter/9/0/0/0,24389:1747647668196:,1747647681664
counter/9/0/0/0,24390:1747647668196:,1747647681664
counter/9/0/0/0,24391:1747647668196:,1747647681664
counter/9/0/0/0,24392:1747647668196:,1747647681664
counter/9/0/0/0,24393:1747647668196:,1747647681664
counter/9/0/0/0,24394:1747647668196:,1747647681664
counter/9/0/0/0,24395:1747647668196:,1747647681664
counter/9/0/0/0,24396:1747647668196:,1747647681664
counter/9/0/0/0,24397:1747647668196:,1747647681664
counter/9/0/0/0,24398:1747647668196:,1747647681664
counter/1/0/0/0,18989:1747647665487:,1747647681664
counter/9/0/0/0,24399:1747647668196:,1747647681664
counter/1/0/0/0,18990:1747647665487:,1747647681664
counter/8/0/0/0,21124:1747647665904:,1747647681664
counter/10/0/0/0,18631:1747647664645:,1747647681664
counter/4/0/0/0,18559:1747647665646:,1747647681664
counter/2/0/0/0,23888:1747647669809:,1747647681664
counter/1/0/0/0,18991:1747647665487:,1747647681664
counter/2/0/0/0,23889:1747647669810:,1747647681664
counter/2/0/0/0,23890:1747647669811:,1747647681664
counter/2/0/0/0,23891:1747647669814:,1747647681664
counter/2/0/0/0,23892:1747647669814:,1747647681664
counter/2/0/0/0,23893:1747647669814:,1747647681664
counter/2/0/0/0,23894:1747647669814:,1747647681664
counter/2/0/0/0,23895:1747647669814:,1747647681664
counter/2/0/0/0,23896:1747647669814:,1747647681664
counter/2/0/0/0,23897:1747647669814:,1747647681664
counter/2/0/0/0,23898:1747647669814:,1747647681664
counter/2/0/0/0,23899:1747647669814:,1747647681664
counter/2/0/0/0,23900:1747647669817:,1747647681664
counter/2/0/0/0,23901:1747647669818:,1747647681664
counter/9/0/0/0,24400:1747647668196:,1747647681664
counter/1/0/0/0,18992:1747647665493:,1747647681664
counter/10/0/0/0,18632:1747647664645:,1747647681664
counter/4/0/0/0,18560:1747647665646:,1747647681665
counter/3/0/0/0,18045:1747647664811:,1747647681665
counter/10/0/0/0,18633:1747647664645:,1747647681665
counter/10/0/0/0,18634:1747647664654:,1747647681665
counter/1/0/0/0,18993:1747647665493:,1747647681665
counter/9/0/0/0,24401:1747647668196:,1747647681665
counter/4/0/0/0,18561:1747647665646:,1747647681665
counter/2/0/0/0,23902:1747647669818:,1747647681665
counter/8/0/0/0,21125:1747647665904:,1747647681665
counter/3/0/0/0,18046:1747647664811:,1747647681665
counter/1/0/0/0,18994:1747647665493:,1747647681665
counter/10/0/0/0,18635:1747647664655:,1747647681665
counter/9/0/0/0,24402:1747647668196:,1747647681665
counter/4/0/0/0,18562:1747647665646:,1747647681665
counter/2/0/0/0,23903:1747647669818:,1747647681665
counter/3/0/0/0,18047:1747647664811:,1747647681665
counter/8/0/0/0,21126:1747647665904:,1747647681665
counter/4/0/0/0,18563:1747647665647:,1747647681665
counter/2/0/0/0,23904:1747647669818:,1747647681665
counter/1/0/0/0,18995:1747647665493:,1747647681665
counter/1/0/0/0,18996:1747647665493:,1747647681665
counter/1/0/0/0,18997:1747647665493:,1747647681665
counter/1/0/0/0,18998:1747647665493:,1747647681665
counter/1/0/0/0,18999:1747647665493:,1747647681665
counter/3/0/0/0,18048:1747647664811:,1747647681665
counter/3/0/0/0,18049:1747647664812:,1747647681665
counter/8/0/0/0,21127:1747647665905:,1747647681665
counter/9/0/0/0,24403:1747647668196:,1747647681665
counter/1/0/0/0,19000:1747647665493:,1747647681665
counter/10/0/0/0,18636:1747647664655:,1747647681665
counter/4/0/0/0,18564:1747647665647:,1747647681665
counter/5/0/0/0,20689:1747647666105:,1747647681665
counter/1/0/0/0,19001:1747647665493:,1747647681665
counter/1/0/0/0,19002:1747647665493:,1747647681665
counter/1/0/0/0,19003:1747647665495:,1747647681665
counter/1/0/0/0,19004:1747647665500:,1747647681665
counter/1/0/0/0,19005:1747647665513:,1747647681665
counter/9/0/0/0,24404:1747647668196:,1747647681665
counter/5/0/0/0,20690:1747647666105:,1747647681665
counter/10/0/0/0,18637:1747647664655:,1747647681665
counter/8/0/0/0,21128:1747647665905:,1747647681665
counter/1/0/0/0,19006:1747647665513:,1747647681666
counter/1/0/0/0,19007:1747647665513:,1747647681666
counter/1/0/0/0,19008:1747647665513:,1747647681666
counter/1/0/0/0,19009:1747647665513:,1747647681666
counter/1/0/0/0,19010:1747647665515:,1747647681666
counter/1/0/0/0,19011:1747647665516:,1747647681666
counter/1/0/0/0,19012:1747647665516:,1747647681666
counter/1/0/0/0,19013:1747647665516:,1747647681666
counter/1/0/0/0,19014:1747647665516:,1747647681666
counter/8/0/0/0,21129:1747647665905:,1747647681666
counter/9/0/0/0,24405:1747647668196:,1747647681666
counter/3/0/0/0,18050:1747647664814:,1747647681666
counter/4/0/0/0,18565:1747647665647:,1747647681666
counter/8/0/0/0,21130:1747647665905:,1747647681666
counter/4/0/0/0,18566:1747647665647:,1747647681666
counter/3/0/0/0,18051:1747647664816:,1747647681666
counter/2/0/0/0,23905:1747647669818:,1747647681666
counter/5/0/0/0,20691:1747647666105:,1747647681666
counter/1/0/0/0,19015:1747647665516:,1747647681666
counter/9/0/0/0,24406:1747647668196:,1747647681666
counter/8/0/0/0,21131:1747647665905:,1747647681666
counter/8/0/0/0,21132:1747647665905:,1747647681666
counter/3/0/0/0,18052:1747647664816:,1747647681666
counter/8/0/0/0,21133:1747647665905:,1747647681666
counter/8/0/0/0,21134:1747647665905:,1747647681666
counter/8/0/0/0,21135:1747647665905:,1747647681666
counter/8/0/0/0,21136:1747647665905:,1747647681666
counter/8/0/0/0,21137:1747647665905:,1747647681666
counter/8/0/0/0,21138:1747647665905:,1747647681666
counter/8/0/0/0,21139:1747647665905:,1747647681666
counter/8/0/0/0,21140:1747647665905:,1747647681666
counter/8/0/0/0,21141:1747647665905:,1747647681666
counter/8/0/0/0,21142:1747647665905:,1747647681666
counter/8/0/0/0,21143:1747647665905:,1747647681666
counter/8/0/0/0,21144:1747647665905:,1747647681666
counter/8/0/0/0,21145:1747647665905:,1747647681666
counter/8/0/0/0,21146:1747647665905:,1747647681666
counter/8/0/0/0,21147:1747647665905:,1747647681666
counter/8/0/0/0,21148:1747647665905:,1747647681666
counter/8/0/0/0,21149:1747647665905:,1747647681666
counter/8/0/0/0,21150:1747647665905:,1747647681666
counter/8/0/0/0,21151:1747647665905:,1747647681667
counter/8/0/0/0,21152:1747647665905:,1747647681667
counter/8/0/0/0,21153:1747647665905:,1747647681667
counter/8/0/0/0,21154:1747647665910:,1747647681667
counter/8/0/0/0,21155:1747647665910:,1747647681667
counter/8/0/0/0,21156:1747647665910:,1747647681667
counter/8/0/0/0,21157:1747647665910:,1747647681667
counter/8/0/0/0,21158:1747647665910:,1747647681667
counter/8/0/0/0,21159:1747647665910:,1747647681667
counter/10/0/0/0,18638:1747647664655:,1747647681667
counter/8/0/0/0,21160:1747647665910:,1747647681667
counter/10/0/0/0,18639:1747647664655:,1747647681667
counter/6/0/0/0,17678:1747647664823:,1747647681667
counter/8/0/0/0,21161:1747647665910:,1747647681667
counter/10/0/0/0,18640:1747647664655:,1747647681667
counter/8/0/0/0,21162:1747647665910:,1747647681667
counter/10/0/0/0,18641:1747647664655:,1747647681667
counter/8/0/0/0,21163:1747647665910:,1747647681667
counter/10/0/0/0,18642:1747647664655:,1747647681667
counter/8/0/0/0,21164:1747647665911:,1747647681667
counter/10/0/0/0,18643:1747647664655:,1747647681667
counter/8/0/0/0,21165:1747647665911:,1747647681667
counter/10/0/0/0,18644:1747647664655:,1747647681667
counter/8/0/0/0,21166:1747647665911:,1747647681667
counter/10/0/0/0,18645:1747647664655:,1747647681667
counter/1/0/0/0,19016:1747647665516:,1747647681667
counter/8/0/0/0,21167:1747647665917:,1747647681667
counter/10/0/0/0,18646:1747647664655:,1747647681667
counter/8/0/0/0,21168:1747647665917:,1747647681667
counter/10/0/0/0,18647:1747647664655:,1747647681667
counter/8/0/0/0,21169:1747647665918:,1747647681667
counter/10/0/0/0,18648:1747647664655:,1747647681667
counter/8/0/0/0,21170:1747647665918:,1747647681667
counter/10/0/0/0,18649:1747647664655:,1747647681667
counter/8/0/0/0,21171:1747647665918:,1747647681667
counter/10/0/0/0,18650:1747647664655:,1747647681667
counter/8/0/0/0,21172:1747647665918:,1747647681667
counter/10/0/0/0,18651:1747647664655:,1747647681668
counter/8/0/0/0,21173:1747647665918:,1747647681668
counter/8/0/0/0,21174:1747647665918:,1747647681668
counter/8/0/0/0,21175:1747647665918:,1747647681668
counter/8/0/0/0,21176:1747647665918:,1747647681668
counter/1/0/0/0,19017:1747647665516:,1747647681668
counter/8/0/0/0,21177:1747647665918:,1747647681668
counter/10/0/0/0,18652:1747647664655:,1747647681668
counter/8/0/0/0,21178:1747647665918:,1747647681668
counter/4/0/0/0,18567:1747647665648:,1747647681668
counter/8/0/0/0,21179:1747647665918:,1747647681668
counter/9/0/0/0,24407:1747647668196:,1747647681668
counter/6/0/0/0,17679:1747647664823:,1747647681668
counter/8/0/0/0,21180:1747647665921:,1747647681668
counter/6/0/0/0,17680:1747647664827:,1747647681668
counter/8/0/0/0,21181:1747647665921:,1747647681668
counter/6/0/0/0,17681:1747647664827:,1747647681668
counter/8/0/0/0,21182:1747647665921:,1747647681668
counter/6/0/0/0,17682:1747647664827:,1747647681668
counter/8/0/0/0,21183:1747647665921:,1747647681668
counter/6/0/0/0,17683:1747647664834:,1747647681668
counter/8/0/0/0,21184:1747647665921:,1747647681668
counter/6/0/0/0,17684:1747647664834:,1747647681668
counter/8/0/0/0,21185:1747647665921:,1747647681668
counter/6/0/0/0,17685:1747647664834:,1747647681668
counter/8/0/0/0,21186:1747647665921:,1747647681668
counter/6/0/0/0,17686:1747647664834:,1747647681668
counter/8/0/0/0,21187:1747647665921:,1747647681668
counter/6/0/0/0,17687:1747647664834:,1747647681668
counter/8/0/0/0,21188:1747647665921:,1747647681668
counter/6/0/0/0,17688:1747647664834:,1747647681668
counter/8/0/0/0,21189:1747647665921:,1747647681668
counter/6/0/0/0,17689:1747647664834:,1747647681668
counter/8/0/0/0,21190:1747647665921:,1747647681668
counter/6/0/0/0,17690:1747647664835:,1747647681668
counter/8/0/0/0,21191:1747647665921:,1747647681668
counter/6/0/0/0,17691:1747647664835:,1747647681668
counter/6/0/0/0,17692:1747647664835:,1747647681668
counter/6/0/0/0,17693:1747647664835:,1747647681668
counter/6/0/0/0,17694:1747647664835:,1747647681669
counter/6/0/0/0,17695:1747647664840:,1747647681669
counter/6/0/0/0,17696:1747647664840:,1747647681669
counter/6/0/0/0,17697:1747647664840:,1747647681669
counter/6/0/0/0,17698:1747647664840:,1747647681669
counter/6/0/0/0,17699:1747647664858:,1747647681669
counter/6/0/0/0,17700:1747647664858:,1747647681669
counter/6/0/0/0,17701:1747647664858:,1747647681669
counter/6/0/0/0,17702:1747647664874:,1747647681669
counter/6/0/0/0,17703:1747647664874:,1747647681669
counter/6/0/0/0,17704:1747647664874:,1747647681669
counter/6/0/0/0,17705:1747647664874:,1747647681669
counter/6/0/0/0,17706:1747647664874:,1747647681669
counter/6/0/0/0,17707:1747647664874:,1747647681669
counter/6/0/0/0,17708:1747647664874:,1747647681669
counter/6/0/0/0,17709:1747647664874:,1747647681669
counter/6/0/0/0,17710:1747647664875:,1747647681669
counter/6/0/0/0,17711:1747647664879:,1747647681669
counter/6/0/0/0,17712:1747647664879:,1747647681669
counter/6/0/0/0,17713:1747647664879:,1747647681669
counter/3/0/0/0,18053:1747647664816:,1747647681669
counter/6/0/0/0,17714:1747647664879:,1747647681669
counter/8/0/0/0,21192:1747647665922:,1747647681669
counter/6/0/0/0,17715:1747647664879:,1747647681669
counter/1/0/0/0,19018:1747647665516:,1747647681669
counter/6/0/0/0,17716:1747647664881:,1747647681669
counter/5/0/0/0,20692:1747647666105:,1747647681669
counter/6/0/0/0,17717:1747647664881:,1747647681669
counter/5/0/0/0,20693:1747647666111:,1747647681669
counter/6/0/0/0,17718:1747647664881:,1747647681669
counter/5/0/0/0,20694:1747647666111:,1747647681669
counter/6/0/0/0,17719:1747647664881:,1747647681669
counter/5/0/0/0,20695:1747647666111:,1747647681669
counter/6/0/0/0,17720:1747647664881:,1747647681669
counter/5/0/0/0,20696:1747647666111:,1747647681669
counter/6/0/0/0,17721:1747647664881:,1747647681669
counter/5/0/0/0,20697:1747647666111:,1747647681669
counter/6/0/0/0,17722:1747647664881:,1747647681669
counter/5/0/0/0,20698:1747647666111:,1747647681669
counter/6/0/0/0,17723:1747647664881:,1747647681669
counter/5/0/0/0,20699:1747647666111:,1747647681669
counter/6/0/0/0,17724:1747647664881:,1747647681669
counter/5/0/0/0,20700:1747647666111:,1747647681669
counter/6/0/0/0,17725:1747647664881:,1747647681670
counter/5/0/0/0,20701:1747647666111:,1747647681670
counter/10/0/0/0,18653:1747647664655:,1747647681670
counter/6/0/0/0,17726:1747647664881:,1747647681670
counter/5/0/0/0,20702:1747647666111:,1747647681670
counter/10/0/0/0,18654:1747647664660:,1747647681670
counter/6/0/0/0,17727:1747647664881:,1747647681670
counter/5/0/0/0,20703:1747647666111:,1747647681670
counter/10/0/0/0,18655:1747647664660:,1747647681670
counter/6/0/0/0,17728:1747647664881:,1747647681670
counter/5/0/0/0,20704:1747647666112:,1747647681670
counter/10/0/0/0,18656:1747647664660:,1747647681670
counter/6/0/0/0,17729:1747647664881:,1747647681670
counter/5/0/0/0,20705:1747647666112:,1747647681670
counter/10/0/0/0,18657:1747647664660:,1747647681670
counter/6/0/0/0,17730:1747647664881:,1747647681670
counter/10/0/0/0,18658:1747647664660:,1747647681670
counter/6/0/0/0,17731:1747647664881:,1747647681670
counter/10/0/0/0,18659:1747647664661:,1747647681670
counter/6/0/0/0,17732:1747647664881:,1747647681670
counter/10/0/0/0,18660:1747647664661:,1747647681670
counter/6/0/0/0,17733:1747647664881:,1747647681670
counter/10/0/0/0,18661:1747647664661:,1747647681670
counter/6/0/0/0,17734:1747647664882:,1747647681670
counter/10/0/0/0,18662:1747647664661:,1747647681670
counter/6/0/0/0,17735:1747647664882:,1747647681670
counter/10/0/0/0,18663:1747647664661:,1747647681670
counter/6/0/0/0,17736:1747647664882:,1747647681670
counter/10/0/0/0,18664:1747647664661:,1747647681670
counter/6/0/0/0,17737:1747647664882:,1747647681670
counter/10/0/0/0,18665:1747647664661:,1747647681670
counter/6/0/0/0,17738:1747647664882:,1747647681670
counter/10/0/0/0,18666:1747647664674:,1747647681670
counter/9/0/0/0,24408:1747647668196:,1747647681670
counter/6/0/0/0,17739:1747647664882:,1747647681670
counter/10/0/0/0,18667:1747647664674:,1747647681670
counter/6/0/0/0,17740:1747647664882:,1747647681670
counter/10/0/0/0,18668:1747647664674:,1747647681670
counter/6/0/0/0,17741:1747647664882:,1747647681670
counter/10/0/0/0,18669:1747647664674:,1747647681670
counter/6/0/0/0,17742:1747647664882:,1747647681670
counter/10/0/0/0,18670:1747647664674:,1747647681670
counter/6/0/0/0,17743:1747647664883:,1747647681670
counter/10/0/0/0,18671:1747647664676:,1747647681670
counter/6/0/0/0,17744:1747647664883:,1747647681670
counter/10/0/0/0,18672:1747647664676:,1747647681670
counter/6/0/0/0,17745:1747647664883:,1747647681671
counter/10/0/0/0,18673:1747647664676:,1747647681671
counter/6/0/0/0,17746:1747647664883:,1747647681671
counter/10/0/0/0,18674:1747647664676:,1747647681671
counter/6/0/0/0,17747:1747647664887:,1747647681671
counter/10/0/0/0,18675:1747647664676:,1747647681671
counter/6/0/0/0,17748:1747647664887:,1747647681671
counter/10/0/0/0,18676:1747647664676:,1747647681671
counter/6/0/0/0,17749:1747647664887:,1747647681671
counter/10/0/0/0,18677:1747647664676:,1747647681671
counter/6/0/0/0,17750:1747647664887:,1747647681671
counter/10/0/0/0,18678:1747647664676:,1747647681671
counter/6/0/0/0,17751:1747647664887:,1747647681671
counter/10/0/0/0,18679:1747647664676:,1747647681671
counter/6/0/0/0,17752:1747647664887:,1747647681671
counter/10/0/0/0,18680:1747647664676:,1747647681671
counter/6/0/0/0,17753:1747647664887:,1747647681671
counter/10/0/0/0,18681:1747647664676:,1747647681671
counter/6/0/0/0,17754:1747647664887:,1747647681671
counter/10/0/0/0,18682:1747647664681:,1747647681671
counter/6/0/0/0,17755:1747647664887:,1747647681671
counter/10/0/0/0,18683:1747647664686:,1747647681671
counter/6/0/0/0,17756:1747647664888:,1747647681671
counter/10/0/0/0,18684:1747647664686:,1747647681671
counter/6/0/0/0,17757:1747647664888:,1747647681671
counter/10/0/0/0,18685:1747647664686:,1747647681671
counter/6/0/0/0,17758:1747647664888:,1747647681671
counter/10/0/0/0,18686:1747647664686:,1747647681671
counter/6/0/0/0,17759:1747647664888:,1747647681671
counter/10/0/0/0,18687:1747647664686:,1747647681671
counter/10/0/0/0,18688:1747647664686:,1747647681671
counter/10/0/0/0,18689:1747647664686:,1747647681671
counter/10/0/0/0,18690:1747647664687:,1747647681671
counter/10/0/0/0,18691:1747647664687:,1747647681671
counter/10/0/0/0,18692:1747647664687:,1747647681671
counter/10/0/0/0,18693:1747647664687:,1747647681671
counter/10/0/0/0,18694:1747647664687:,1747647681671
counter/10/0/0/0,18695:1747647664687:,1747647681671
counter/10/0/0/0,18696:1747647664687:,1747647681671
counter/10/0/0/0,18697:1747647664687:,1747647681672
counter/10/0/0/0,18698:1747647664687:,1747647681672
counter/10/0/0/0,18699:1747647664687:,1747647681672
counter/10/0/0/0,18700:1747647664687:,1747647681672
counter/10/0/0/0,18701:1747647664690:,1747647681672
counter/10/0/0/0,18702:1747647664690:,1747647681672
counter/10/0/0/0,18703:1747647664690:,1747647681672
counter/10/0/0/0,18704:1747647664690:,1747647681672
counter/10/0/0/0,18705:1747647664690:,1747647681672
counter/10/0/0/0,18706:1747647664690:,1747647681672
counter/10/0/0/0,18707:1747647664690:,1747647681672
counter/9/0/0/0,24409:1747647668196:,1747647681672
counter/10/0/0/0,18708:1747647664690:,1747647681672
counter/4/0/0/0,18568:1747647665648:,1747647681672
counter/10/0/0/0,18709:1747647664690:,1747647681672
counter/6/0/0/0,17760:1747647664888:,1747647681672
counter/10/0/0/0,18710:1747647664690:,1747647681672
counter/3/0/0/0,18054:1747647664817:,1747647681672
counter/10/0/0/0,18711:1747647664690:,1747647681672
counter/8/0/0/0,21193:1747647665922:,1747647681672
counter/10/0/0/0,18712:1747647664690:,1747647681672
counter/2/0/0/0,23906:1747647669818:,1747647681672
counter/10/0/0/0,18713:1747647664690:,1747647681672
counter/10/0/0/0,18714:1747647664690:,1747647681672
counter/10/0/0/0,18715:1747647664690:,1747647681672
counter/10/0/0/0,18716:1747647664691:,1747647681672
counter/10/0/0/0,18717:1747647664695:,1747647681672
counter/10/0/0/0,18718:1747647664695:,1747647681672
counter/10/0/0/0,18719:1747647664695:,1747647681672
counter/10/0/0/0,18720:1747647664695:,1747647681672
counter/10/0/0/0,18721:1747647664695:,1747647681672
counter/10/0/0/0,18722:1747647664695:,1747647681672
counter/10/0/0/0,18723:1747647664695:,1747647681672
counter/10/0/0/0,18724:1747647664695:,1747647681672
counter/10/0/0/0,18725:1747647664695:,1747647681672
counter/10/0/0/0,18726:1747647664695:,1747647681672
counter/10/0/0/0,18727:1747647664707:,1747647681672
counter/10/0/0/0,18728:1747647664707:,1747647681672
counter/10/0/0/0,18729:1747647664707:,1747647681672
counter/10/0/0/0,18730:1747647664707:,1747647681672
counter/10/0/0/0,18731:1747647664707:,1747647681672
counter/9/0/0/0,24410:1747647668196:,1747647681672
counter/5/0/0/0,20706:1747647666114:,1747647681672
counter/10/0/0/0,18732:1747647664708:,1747647681672
counter/8/0/0/0,21194:1747647665922:,1747647681672
counter/4/0/0/0,18569:1747647665648:,1747647681672
counter/3/0/0/0,18055:1747647664818:,1747647681673
counter/2/0/0/0,23907:1747647669818:,1747647681673
counter/8/0/0/0,21195:1747647665922:,1747647681673
counter/4/0/0/0,18570:1747647665649:,1747647681673
counter/10/0/0/0,18733:1747647664708:,1747647681673
counter/2/0/0/0,23908:1747647669818:,1747647681673
counter/1/0/0/0,19019:1747647665516:,1747647681673
counter/9/0/0/0,24411:1747647668196:,1747647681673
counter/5/0/0/0,20707:1747647666114:,1747647681673
counter/6/0/0/0,17761:1747647664892:,1747647681673
counter/6/0/0/0,17762:1747647664892:,1747647681673
counter/6/0/0/0,17763:1747647664892:,1747647681673
counter/6/0/0/0,17764:1747647664892:,1747647681673
counter/6/0/0/0,17765:1747647664892:,1747647681673
counter/6/0/0/0,17766:1747647664892:,1747647681673
counter/6/0/0/0,17767:1747647664892:,1747647681673
counter/6/0/0/0,17768:1747647664892:,1747647681673
counter/6/0/0/0,17769:1747647664893:,1747647681673
counter/6/0/0/0,17770:1747647664901:,1747647681673
counter/6/0/0/0,17771:1747647664902:,1747647681673
counter/6/0/0/0,17772:1747647664902:,1747647681673
counter/6/0/0/0,17773:1747647664902:,1747647681673
counter/6/0/0/0,17774:1747647664902:,1747647681673
counter/6/0/0/0,17775:1747647664902:,1747647681673
counter/6/0/0/0,17776:1747647664902:,1747647681673
counter/6/0/0/0,17777:1747647664902:,1747647681673
counter/6/0/0/0,17778:1747647664902:,1747647681673
counter/6/0/0/0,17779:1747647664902:,1747647681673
counter/6/0/0/0,17780:1747647664902:,1747647681673
counter/6/0/0/0,17781:1747647664902:,1747647681673
counter/6/0/0/0,17782:1747647664902:,1747647681673
counter/6/0/0/0,17783:1747647664902:,1747647681673
counter/6/0/0/0,17784:1747647664902:,1747647681673
counter/6/0/0/0,17785:1747647664902:,1747647681673
counter/6/0/0/0,17786:1747647664902:,1747647681673
counter/6/0/0/0,17787:1747647664909:,1747647681673
counter/6/0/0/0,17788:1747647664909:,1747647681673
counter/5/0/0/0,20708:1747647666115:,1747647681673
counter/6/0/0/0,17789:1747647664909:,1747647681673
counter/3/0/0/0,18056:1747647664821:,1747647681674
counter/6/0/0/0,17790:1747647664909:,1747647681674
counter/8/0/0/0,21196:1747647665922:,1747647681674
counter/4/0/0/0,18571:1747647665649:,1747647681674
counter/6/0/0/0,17791:1747647664909:,1747647681674
counter/2/0/0/0,23909:1747647669818:,1747647681674
counter/6/0/0/0,17792:1747647664909:,1747647681674
counter/6/0/0/0,17793:1747647664909:,1747647681674
counter/2/0/0/0,23910:1747647669819:,1747647681674
counter/2/0/0/0,23911:1747647669819:,1747647681674
counter/2/0/0/0,23912:1747647669819:,1747647681674
counter/2/0/0/0,23913:1747647669819:,1747647681674
counter/10/0/0/0,18734:1747647664719:,1747647681674
counter/10/0/0/0,18735:1747647664731:,1747647681674
counter/6/0/0/0,17794:1747647664909:,1747647681674
counter/9/0/0/0,24412:1747647668196:,1747647681674
counter/5/0/0/0,20709:1747647666115:,1747647681674
counter/3/0/0/0,18057:1747647664821:,1747647681674
counter/8/0/0/0,21197:1747647665922:,1747647681674
counter/4/0/0/0,18572:1747647665649:,1747647681674
counter/10/0/0/0,18736:1747647664731:,1747647681674
counter/9/0/0/0,24413:1747647668196:,1747647681674
counter/5/0/0/0,20710:1747647666115:,1747647681674
counter/5/0/0/0,20711:1747647666115:,1747647681674
counter/5/0/0/0,20712:1747647666115:,1747647681674
counter/5/0/0/0,20713:1747647666115:,1747647681674
counter/5/0/0/0,20714:1747647666115:,1747647681674
counter/5/0/0/0,20715:1747647666115:,1747647681674
counter/5/0/0/0,20716:1747647666116:,1747647681674
counter/5/0/0/0,20717:1747647666116:,1747647681674
counter/10/0/0/0,18737:1747647664731:,1747647681674
counter/5/0/0/0,20718:1747647666116:,1747647681674
counter/3/0/0/0,18058:1747647664821:,1747647681674
counter/4/0/0/0,18573:1747647665649:,1747647681674
counter/4/0/0/0,18574:1747647665649:,1747647681674
counter/4/0/0/0,18575:1747647665649:,1747647681674
counter/4/0/0/0,18576:1747647665649:,1747647681674
counter/6/0/0/0,17795:1747647664909:,1747647681674
counter/5/0/0/0,20719:1747647666116:,1747647681674
counter/9/0/0/0,24414:1747647668196:,1747647681674
counter/8/0/0/0,21198:1747647665922:,1747647681674
counter/8/0/0/0,21199:1747647665922:,1747647681674
counter/8/0/0/0,21200:1747647665922:,1747647681674
counter/8/0/0/0,21201:1747647665922:,1747647681674
counter/8/0/0/0,21202:1747647665922:,1747647681674
counter/8/0/0/0,21203:1747647665922:,1747647681674
counter/8/0/0/0,21204:1747647665922:,1747647681675
counter/6/0/0/0,17796:1747647664909:,1747647681675
counter/5/0/0/0,20720:1747647666116:,1747647681675
counter/9/0/0/0,24415:1747647668197:,1747647681675
counter/10/0/0/0,18738:1747647664731:,1747647681675
counter/10/0/0/0,18739:1747647664731:,1747647681675
counter/3/0/0/0,18059:1747647664821:,1747647681675
counter/10/0/0/0,18740:1747647664731:,1747647681675
counter/8/0/0/0,21205:1747647665922:,1747647681675
counter/8/0/0/0,21206:1747647665922:,1747647681675
counter/8/0/0/0,21207:1747647665922:,1747647681675
counter/8/0/0/0,21208:1747647665922:,1747647681675
counter/8/0/0/0,21209:1747647665922:,1747647681675
counter/8/0/0/0,21210:1747647665941:,1747647681675
counter/8/0/0/0,21211:1747647665941:,1747647681675
counter/8/0/0/0,21212:1747647665941:,1747647681675
counter/8/0/0/0,21213:1747647665941:,1747647681675
counter/8/0/0/0,21214:1747647665941:,1747647681675
counter/8/0/0/0,21215:1747647665942:,1747647681675
counter/8/0/0/0,21216:1747647665942:,1747647681675
counter/8/0/0/0,21217:1747647665942:,1747647681675
counter/8/0/0/0,21218:1747647665942:,1747647681675
counter/8/0/0/0,21219:1747647665942:,1747647681675
counter/8/0/0/0,21220:1747647665942:,1747647681675
counter/8/0/0/0,21221:1747647665942:,1747647681675
counter/8/0/0/0,21222:1747647665949:,1747647681675
counter/8/0/0/0,21223:1747647665949:,1747647681675
counter/8/0/0/0,21224:1747647665949:,1747647681675
counter/8/0/0/0,21225:1747647665949:,1747647681675
counter/8/0/0/0,21226:1747647665949:,1747647681675
counter/8/0/0/0,21227:1747647665949:,1747647681675
counter/8/0/0/0,21228:1747647665949:,1747647681675
counter/8/0/0/0,21229:1747647665949:,1747647681675
counter/8/0/0/0,21230:1747647665949:,1747647681675
counter/8/0/0/0,21231:1747647665949:,1747647681675
counter/8/0/0/0,21232:1747647665949:,1747647681675
counter/8/0/0/0,21233:1747647665949:,1747647681675
counter/8/0/0/0,21234:1747647665949:,1747647681675
counter/8/0/0/0,21235:1747647665950:,1747647681675
counter/8/0/0/0,21236:1747647665950:,1747647681675
counter/8/0/0/0,21237:1747647665950:,1747647681675
counter/8/0/0/0,21238:1747647665950:,1747647681675
counter/8/0/0/0,21239:1747647665950:,1747647681675
counter/8/0/0/0,21240:1747647665950:,1747647681675
counter/8/0/0/0,21241:1747647665950:,1747647681675
counter/8/0/0/0,21242:1747647665951:,1747647681675
counter/8/0/0/0,21243:1747647665951:,1747647681676
counter/8/0/0/0,21244:1747647665951:,1747647681676
counter/8/0/0/0,21245:1747647665951:,1747647681676
counter/8/0/0/0,21246:1747647665951:,1747647681676
counter/8/0/0/0,21247:1747647665951:,1747647681676
counter/8/0/0/0,21248:1747647665951:,1747647681676
counter/8/0/0/0,21249:1747647665951:,1747647681676
counter/8/0/0/0,21250:1747647665951:,1747647681676
counter/8/0/0/0,21251:1747647665951:,1747647681676
counter/8/0/0/0,21252:1747647665953:,1747647681676
counter/8/0/0/0,21253:1747647665953:,1747647681676
counter/8/0/0/0,21254:1747647665953:,1747647681676
counter/8/0/0/0,21255:1747647665953:,1747647681676
counter/8/0/0/0,21256:1747647665953:,1747647681676
counter/8/0/0/0,21257:1747647665953:,1747647681676
counter/8/0/0/0,21258:1747647665953:,1747647681676
counter/8/0/0/0,21259:1747647665953:,1747647681676
counter/8/0/0/0,21260:1747647665954:,1747647681676
counter/8/0/0/0,21261:1747647665954:,1747647681676
counter/8/0/0/0,21262:1747647665954:,1747647681676
counter/8/0/0/0,21263:1747647665954:,1747647681676
counter/8/0/0/0,21264:1747647665954:,1747647681676
counter/8/0/0/0,21265:1747647665954:,1747647681676
counter/8/0/0/0,21266:1747647665954:,1747647681676
counter/8/0/0/0,21267:1747647665954:,1747647681676
counter/8/0/0/0,21268:1747647665954:,1747647681676
counter/8/0/0/0,21269:1747647665954:,1747647681676
counter/8/0/0/0,21270:1747647665954:,1747647681676
counter/8/0/0/0,21271:1747647665954:,1747647681676
counter/8/0/0/0,21272:1747647665954:,1747647681676
counter/8/0/0/0,21273:1747647665954:,1747647681676
counter/8/0/0/0,21274:1747647665954:,1747647681676
counter/8/0/0/0,21275:1747647665954:,1747647681676
counter/8/0/0/0,21276:1747647665954:,1747647681676
counter/8/0/0/0,21277:1747647665954:,1747647681676
counter/8/0/0/0,21278:1747647665954:,1747647681676
counter/8/0/0/0,21279:1747647665954:,1747647681676
counter/8/0/0/0,21280:1747647665954:,1747647681676
counter/8/0/0/0,21281:1747647665954:,1747647681676
counter/8/0/0/0,21282:1747647665954:,1747647681676
counter/8/0/0/0,21283:1747647665954:,1747647681676
counter/8/0/0/0,21284:1747647665955:,1747647681676
counter/8/0/0/0,21285:1747647665956:,1747647681676
counter/8/0/0/0,21286:1747647665956:,1747647681676
counter/8/0/0/0,21287:1747647665956:,1747647681676
counter/8/0/0/0,21288:1747647665956:,1747647681676
counter/8/0/0/0,21289:1747647665956:,1747647681676
counter/8/0/0/0,21290:1747647665962:,1747647681676
counter/8/0/0/0,21291:1747647665962:,1747647681676
counter/8/0/0/0,21292:1747647665962:,1747647681676
counter/8/0/0/0,21293:1747647665962:,1747647681677
counter/8/0/0/0,21294:1747647665962:,1747647681677
counter/8/0/0/0,21295:1747647665962:,1747647681677
counter/8/0/0/0,21296:1747647665965:,1747647681677
counter/8/0/0/0,21297:1747647665965:,1747647681677
counter/8/0/0/0,21298:1747647665965:,1747647681677
counter/8/0/0/0,21299:1747647665965:,1747647681677
counter/8/0/0/0,21300:1747647665965:,1747647681677
counter/8/0/0/0,21301:1747647665965:,1747647681677
counter/8/0/0/0,21302:1747647665965:,1747647681677
counter/8/0/0/0,21303:1747647665965:,1747647681677
counter/8/0/0/0,21304:1747647665965:,1747647681677
counter/8/0/0/0,21305:1747647665965:,1747647681677
counter/9/0/0/0,24416:1747647668197:,1747647681677
counter/8/0/0/0,21306:1747647665965:,1747647681677
counter/3/0/0/0,18060:1747647664821:,1747647681677
counter/8/0/0/0,21307:1747647665965:,1747647681677
counter/6/0/0/0,17797:1747647664909:,1747647681677
counter/8/0/0/0,21308:1747647665965:,1747647681677
counter/2/0/0/0,23914:1747647669819:,1747647681677
counter/8/0/0/0,21309:1747647665965:,1747647681677
counter/10/0/0/0,18741:1747647664731:,1747647681677
counter/8/0/0/0,21310:1747647665965:,1747647681677
counter/8/0/0/0,21311:1747647665965:,1747647681677
counter/8/0/0/0,21312:1747647665965:,1747647681677
counter/8/0/0/0,21313:1747647665965:,1747647681677
counter/8/0/0/0,21314:1747647665966:,1747647681677
counter/8/0/0/0,21315:1747647665966:,1747647681677
counter/8/0/0/0,21316:1747647665966:,1747647681677
counter/8/0/0/0,21317:1747647665966:,1747647681677
counter/8/0/0/0,21318:1747647665966:,1747647681677
counter/8/0/0/0,21319:1747647665966:,1747647681677
counter/8/0/0/0,21320:1747647665966:,1747647681677
counter/8/0/0/0,21321:1747647665966:,1747647681677
counter/8/0/0/0,21322:1747647665966:,1747647681677
counter/8/0/0/0,21323:1747647665966:,1747647681677
counter/8/0/0/0,21324:1747647665966:,1747647681677
counter/8/0/0/0,21325:1747647665966:,1747647681677
counter/8/0/0/0,21326:1747647665967:,1747647681677
counter/1/0/0/0,19020:1747647665516:,1747647681677
counter/9/0/0/0,24417:1747647668197:,1747647681677
counter/4/0/0/0,18577:1747647665649:,1747647681677
counter/3/0/0/0,18061:1747647664821:,1747647681678
counter/2/0/0/0,23915:1747647669819:,1747647681678
counter/10/0/0/0,18742:1747647664731:,1747647681678
counter/8/0/0/0,21327:1747647665967:,1747647681678
counter/5/0/0/0,20721:1747647666116:,1747647681678
counter/9/0/0/0,24418:1747647668197:,1747647681678
counter/4/0/0/0,18578:1747647665649:,1747647681678
counter/3/0/0/0,18062:1747647664821:,1747647681678
counter/6/0/0/0,17798:1747647664909:,1747647681678
counter/2/0/0/0,23916:1747647669819:,1747647681678
counter/6/0/0/0,17799:1747647664909:,1747647681678
counter/5/0/0/0,20722:1747647666116:,1747647681678
counter/6/0/0/0,17800:1747647664909:,1747647681678
counter/4/0/0/0,18579:1747647665649:,1747647681678
counter/6/0/0/0,17801:1747647664909:,1747647681678
counter/3/0/0/0,18063:1747647664821:,1747647681678
counter/2/0/0/0,23917:1747647669821:,1747647681678
counter/6/0/0/0,17802:1747647664909:,1747647681678
counter/10/0/0/0,18743:1747647664731:,1747647681678
counter/8/0/0/0,21328:1747647665967:,1747647681678
counter/1/0/0/0,19021:1747647665516:,1747647681678
counter/9/0/0/0,24419:1747647668197:,1747647681678
counter/6/0/0/0,17803:1747647664909:,1747647681678
counter/6/0/0/0,17804:1747647664909:,1747647681678
counter/6/0/0/0,17805:1747647664909:,1747647681678
counter/6/0/0/0,17806:1747647664910:,1747647681678
counter/6/0/0/0,17807:1747647664910:,1747647681678
counter/6/0/0/0,17808:1747647664910:,1747647681678
counter/6/0/0/0,17809:1747647664910:,1747647681678
counter/6/0/0/0,17810:1747647664911:,1747647681678
counter/6/0/0/0,17811:1747647664911:,1747647681678
counter/6/0/0/0,17812:1747647664911:,1747647681678
counter/6/0/0/0,17813:1747647664912:,1747647681678
counter/6/0/0/0,17814:1747647664912:,1747647681678
counter/6/0/0/0,17815:1747647664912:,1747647681678
counter/6/0/0/0,17816:1747647664912:,1747647681678
counter/6/0/0/0,17817:1747647664912:,1747647681678
counter/6/0/0/0,17818:1747647664914:,1747647681679
counter/6/0/0/0,17819:1747647664914:,1747647681679
counter/6/0/0/0,17820:1747647664929:,1747647681679
counter/6/0/0/0,17821:1747647664929:,1747647681679
counter/6/0/0/0,17822:1747647664933:,1747647681679
counter/6/0/0/0,17823:1747647664933:,1747647681679
counter/6/0/0/0,17824:1747647664933:,1747647681679
counter/6/0/0/0,17825:1747647664933:,1747647681679
counter/6/0/0/0,17826:1747647664933:,1747647681679
counter/6/0/0/0,17827:1747647664933:,1747647681679
counter/6/0/0/0,17828:1747647664933:,1747647681679
counter/6/0/0/0,17829:1747647664933:,1747647681679
counter/6/0/0/0,17830:1747647664934:,1747647681679
counter/6/0/0/0,17831:1747647664934:,1747647681679
counter/6/0/0/0,17832:1747647664934:,1747647681679
counter/6/0/0/0,17833:1747647664934:,1747647681679
counter/6/0/0/0,17834:1747647664934:,1747647681679
counter/6/0/0/0,17835:1747647664934:,1747647681679
counter/6/0/0/0,17836:1747647664934:,1747647681679
counter/6/0/0/0,17837:1747647664934:,1747647681679
counter/6/0/0/0,17838:1747647664934:,1747647681679
counter/6/0/0/0,17839:1747647664934:,1747647681679
counter/6/0/0/0,17840:1747647664934:,1747647681679
counter/6/0/0/0,17841:1747647664944:,1747647681679
counter/6/0/0/0,17842:1747647664944:,1747647681679
counter/6/0/0/0,17843:1747647664944:,1747647681679
counter/6/0/0/0,17844:1747647664944:,1747647681679
counter/6/0/0/0,17845:1747647664944:,1747647681679
counter/6/0/0/0,17846:1747647664944:,1747647681679
counter/6/0/0/0,17847:1747647664945:,1747647681679
counter/6/0/0/0,17848:1747647664945:,1747647681679
counter/6/0/0/0,17849:1747647664945:,1747647681679
counter/6/0/0/0,17850:1747647664946:,1747647681679
counter/6/0/0/0,17851:1747647664946:,1747647681679
counter/6/0/0/0,17852:1747647664946:,1747647681679
counter/6/0/0/0,17853:1747647664946:,1747647681679
counter/6/0/0/0,17854:1747647664948:,1747647681679
counter/6/0/0/0,17855:1747647664948:,1747647681679
counter/6/0/0/0,17856:1747647664949:,1747647681679
counter/6/0/0/0,17857:1747647664949:,1747647681680
counter/6/0/0/0,17858:1747647664980:,1747647681680
counter/6/0/0/0,17859:1747647664980:,1747647681680
counter/6/0/0/0,17860:1747647664984:,1747647681680
counter/6/0/0/0,17861:1747647664984:,1747647681680
counter/6/0/0/0,17862:1747647664984:,1747647681680
counter/6/0/0/0,17863:1747647664984:,1747647681680
counter/6/0/0/0,17864:1747647664984:,1747647681680
counter/6/0/0/0,17865:1747647664984:,1747647681680
counter/6/0/0/0,17866:1747647664984:,1747647681680
counter/6/0/0/0,17867:1747647664984:,1747647681680
counter/6/0/0/0,17868:1747647664984:,1747647681680
counter/6/0/0/0,17869:1747647664984:,1747647681680
counter/6/0/0/0,17870:1747647664984:,1747647681680
counter/6/0/0/0,17871:1747647664984:,1747647681680
counter/6/0/0/0,17872:1747647664984:,1747647681680
counter/6/0/0/0,17873:1747647664984:,1747647681680
counter/6/0/0/0,17874:1747647664984:,1747647681680
counter/6/0/0/0,17875:1747647664984:,1747647681680
counter/6/0/0/0,17876:1747647664984:,1747647681680
counter/6/0/0/0,17877:1747647664984:,1747647681680
counter/6/0/0/0,17878:1747647664984:,1747647681680
counter/6/0/0/0,17879:1747647664984:,1747647681680
counter/6/0/0/0,17880:1747647664990:,1747647681680
counter/6/0/0/0,17881:1747647664991:,1747647681680
counter/6/0/0/0,17882:1747647664991:,1747647681680
counter/6/0/0/0,17883:1747647664991:,1747647681680
counter/6/0/0/0,17884:1747647664991:,1747647681680
counter/6/0/0/0,17885:1747647664991:,1747647681680
counter/6/0/0/0,17886:1747647664991:,1747647681680
counter/6/0/0/0,17887:1747647665013:,1747647681680
counter/6/0/0/0,17888:1747647665014:,1747647681680
counter/6/0/0/0,17889:1747647665014:,1747647681680
counter/6/0/0/0,17890:1747647665014:,1747647681680
counter/6/0/0/0,17891:1747647665014:,1747647681680
counter/6/0/0/0,17892:1747647665014:,1747647681680
counter/6/0/0/0,17893:1747647665014:,1747647681680
counter/6/0/0/0,17894:1747647665014:,1747647681680
counter/6/0/0/0,17895:1747647665014:,1747647681680
counter/6/0/0/0,17896:1747647665014:,1747647681680
counter/6/0/0/0,17897:1747647665014:,1747647681680
counter/6/0/0/0,17898:1747647665014:,1747647681681
counter/6/0/0/0,17899:1747647665014:,1747647681681
counter/6/0/0/0,17900:1747647665014:,1747647681681
counter/6/0/0/0,17901:1747647665015:,1747647681681
counter/6/0/0/0,17902:1747647665016:,1747647681681
counter/6/0/0/0,17903:1747647665016:,1747647681681
counter/6/0/0/0,17904:1747647665027:,1747647681681
counter/6/0/0/0,17905:1747647665027:,1747647681681
counter/6/0/0/0,17906:1747647665027:,1747647681681
counter/6/0/0/0,17907:1747647665027:,1747647681681
counter/6/0/0/0,17908:1747647665027:,1747647681681
counter/6/0/0/0,17909:1747647665027:,1747647681681
counter/6/0/0/0,17910:1747647665027:,1747647681681
counter/6/0/0/0,17911:1747647665032:,1747647681681
counter/6/0/0/0,17912:1747647665032:,1747647681681
counter/6/0/0/0,17913:1747647665033:,1747647681681
counter/3/0/0/0,18064:1747647664821:,1747647681681
counter/6/0/0/0,17914:1747647665033:,1747647681681
counter/1/0/0/0,19022:1747647665516:,1747647681681
counter/6/0/0/0,17915:1747647665033:,1747647681681
counter/9/0/0/0,24420:1747647668197:,1747647681681
counter/6/0/0/0,17916:1747647665033:,1747647681681
counter/5/0/0/0,20723:1747647666116:,1747647681681
counter/2/0/0/0,23918:1747647669821:,1747647681681
counter/6/0/0/0,17917:1747647665033:,1747647681681
counter/4/0/0/0,18580:1747647665649:,1747647681681
counter/8/0/0/0,21329:1747647665967:,1747647681681
counter/6/0/0/0,17918:1747647665033:,1747647681681
counter/10/0/0/0,18744:1747647664731:,1747647681681
counter/6/0/0/0,17919:1747647665033:,1747647681681
counter/10/0/0/0,18745:1747647664731:,1747647681681
counter/6/0/0/0,17920:1747647665033:,1747647681681
counter/10/0/0/0,18746:1747647664732:,1747647681681
counter/3/0/0/0,18065:1747647664821:,1747647681681
counter/6/0/0/0,17921:1747647665033:,1747647681682
counter/10/0/0/0,18747:1747647664732:,1747647681682
counter/5/0/0/0,20724:1747647666116:,1747647681682
counter/2/0/0/0,23919:1747647669821:,1747647681682
counter/6/0/0/0,17922:1747647665033:,1747647681682
counter/4/0/0/0,18581:1747647665649:,1747647681682
counter/8/0/0/0,21330:1747647665967:,1747647681682
counter/6/0/0/0,17923:1747647665033:,1747647681682
counter/6/0/0/0,17924:1747647665033:,1747647681682
counter/6/0/0/0,17925:1747647665033:,1747647681682
counter/6/0/0/0,17926:1747647665033:,1747647681682
counter/6/0/0/0,17927:1747647665033:,1747647681682
counter/6/0/0/0,17928:1747647665034:,1747647681682
counter/6/0/0/0,17929:1747647665034:,1747647681682
counter/6/0/0/0,17930:1747647665034:,1747647681682
counter/6/0/0/0,17931:1747647665034:,1747647681682
counter/6/0/0/0,17932:1747647665034:,1747647681682
counter/6/0/0/0,17933:1747647665034:,1747647681682
counter/6/0/0/0,17934:1747647665034:,1747647681682
counter/6/0/0/0,17935:1747647665034:,1747647681682
counter/6/0/0/0,17936:1747647665034:,1747647681682
counter/6/0/0/0,17937:1747647665034:,1747647681682
counter/6/0/0/0,17938:1747647665034:,1747647681682
counter/6/0/0/0,17939:1747647665034:,1747647681682
counter/6/0/0/0,17940:1747647665034:,1747647681682
counter/6/0/0/0,17941:1747647665034:,1747647681682
counter/6/0/0/0,17942:1747647665034:,1747647681682
counter/6/0/0/0,17943:1747647665041:,1747647681682
counter/6/0/0/0,17944:1747647665041:,1747647681682
counter/6/0/0/0,17945:1747647665041:,1747647681682
counter/6/0/0/0,17946:1747647665045:,1747647681682
counter/6/0/0/0,17947:1747647665045:,1747647681682
counter/6/0/0/0,17948:1747647665045:,1747647681682
counter/6/0/0/0,17949:1747647665045:,1747647681682
counter/6/0/0/0,17950:1747647665045:,1747647681682
counter/6/0/0/0,17951:1747647665045:,1747647681682
counter/6/0/0/0,17952:1747647665045:,1747647681682
counter/6/0/0/0,17953:1747647665045:,1747647681682
counter/6/0/0/0,17954:1747647665045:,1747647681682
counter/6/0/0/0,17955:1747647665045:,1747647681683
counter/6/0/0/0,17956:1747647665047:,1747647681683
counter/6/0/0/0,17957:1747647665047:,1747647681683
counter/6/0/0/0,17958:1747647665047:,1747647681683
counter/6/0/0/0,17959:1747647665047:,1747647681683
counter/6/0/0/0,17960:1747647665047:,1747647681683
counter/6/0/0/0,17961:1747647665047:,1747647681683
counter/6/0/0/0,17962:1747647665047:,1747647681683
counter/6/0/0/0,17963:1747647665048:,1747647681683
counter/6/0/0/0,17964:1747647665048:,1747647681683
counter/6/0/0/0,17965:1747647665048:,1747647681683
counter/6/0/0/0,17966:1747647665057:,1747647681683
counter/6/0/0/0,17967:1747647665057:,1747647681683
counter/10/0/0/0,18748:1747647664732:,1747647681683
counter/6/0/0/0,17968:1747647665057:,1747647681683
counter/9/0/0/0,24421:1747647668198:,1747647681683
counter/5/0/0/0,20725:1747647666116:,1747647681683
counter/6/0/0/0,17969:1747647665057:,1747647681683
counter/9/0/0/0,24422:1747647668198:,1747647681683
counter/6/0/0/0,17970:1747647665057:,1747647681683
counter/4/0/0/0,18582:1747647665649:,1747647681683
counter/8/0/0/0,21331:1747647665967:,1747647681683
counter/6/0/0/0,17971:1747647665057:,1747647681683
counter/1/0/0/0,19023:1747647665516:,1747647681683
counter/6/0/0/0,17972:1747647665057:,1747647681683
counter/6/0/0/0,17973:1747647665057:,1747647681683
counter/6/0/0/0,17974:1747647665057:,1747647681683
counter/6/0/0/0,17975:1747647665057:,1747647681683
counter/2/0/0/0,23920:1747647669821:,1747647681683
counter/6/0/0/0,17976:1747647665057:,1747647681683
counter/4/0/0/0,18583:1747647665649:,1747647681683
counter/6/0/0/0,17977:1747647665058:,1747647681683
counter/8/0/0/0,21332:1747647665967:,1747647681683
counter/1/0/0/0,19024:1747647665517:,1747647681683
counter/6/0/0/0,17978:1747647665058:,1747647681683
counter/3/0/0/0,18066:1747647664821:,1747647681683
counter/5/0/0/0,20726:1747647666116:,1747647681683
counter/6/0/0/0,17979:1747647665058:,1747647681683
counter/10/0/0/0,18749:1747647664732:,1747647681683
counter/9/0/0/0,24423:1747647668198:,1747647681683
counter/6/0/0/0,17980:1747647665058:,1747647681683
counter/6/0/0/0,17981:1747647665071:,1747647681683
counter/6/0/0/0,17982:1747647665071:,1747647681683
counter/6/0/0/0,17983:1747647665071:,1747647681683
counter/8/0/0/0,21333:1747647665967:,1747647681683
counter/6/0/0/0,17984:1747647665072:,1747647681683
counter/3/0/0/0,18067:1747647664821:,1747647681684
counter/6/0/0/0,17985:1747647665072:,1747647681684
counter/5/0/0/0,20727:1747647666116:,1747647681684
counter/10/0/0/0,18750:1747647664732:,1747647681684
counter/6/0/0/0,17986:1747647665072:,1747647681684
counter/9/0/0/0,24424:1747647668198:,1747647681684
counter/6/0/0/0,17987:1747647665072:,1747647681684
counter/9/0/0/0,24425:1747647668198:,1747647681684
counter/6/0/0/0,17988:1747647665072:,1747647681684
counter/9/0/0/0,24426:1747647668202:,1747647681684
counter/6/0/0/0,17989:1747647665073:,1747647681684
counter/9/0/0/0,24427:1747647668202:,1747647681684
counter/6/0/0/0,17990:1747647665073:,1747647681684
counter/9/0/0/0,24428:1747647668202:,1747647681684
counter/6/0/0/0,17991:1747647665073:,1747647681684
counter/9/0/0/0,24429:1747647668202:,1747647681684
counter/6/0/0/0,17992:1747647665073:,1747647681684
counter/9/0/0/0,24430:1747647668202:,1747647681684
counter/6/0/0/0,17993:1747647665073:,1747647681684
counter/9/0/0/0,24431:1747647668203:,1747647681684
counter/9/0/0/0,24432:1747647668203:,1747647681684
counter/9/0/0/0,24433:1747647668203:,1747647681684
counter/9/0/0/0,24434:1747647668203:,1747647681684
counter/9/0/0/0,24435:1747647668203:,1747647681684
counter/4/0/0/0,18584:1747647665649:,1747647681684
counter/9/0/0/0,24436:1747647668203:,1747647681684
counter/8/0/0/0,21334:1747647665967:,1747647681684
counter/3/0/0/0,18068:1747647664821:,1747647681684
counter/9/0/0/0,24437:1747647668203:,1747647681684
counter/5/0/0/0,20728:1747647666116:,1747647681684
counter/10/0/0/0,18751:1747647664732:,1747647681684
counter/9/0/0/0,24438:1747647668203:,1747647681684
counter/6/0/0/0,17994:1747647665073:,1747647681684
counter/2/0/0/0,23921:1747647669821:,1747647681684
counter/9/0/0/0,24439:1747647668203:,1747647681684
counter/2/0/0/0,23922:1747647669821:,1747647681684
counter/9/0/0/0,24440:1747647668203:,1747647681684
counter/2/0/0/0,23923:1747647669821:,1747647681684
counter/9/0/0/0,24441:1747647668203:,1747647681684
counter/2/0/0/0,23924:1747647669822:,1747647681684
counter/9/0/0/0,24442:1747647668203:,1747647681684
counter/2/0/0/0,23925:1747647669822:,1747647681684
counter/9/0/0/0,24443:1747647668203:,1747647681684
counter/2/0/0/0,23926:1747647669822:,1747647681684
counter/9/0/0/0,24444:1747647668203:,1747647681684
counter/2/0/0/0,23927:1747647669822:,1747647681684
counter/2/0/0/0,23928:1747647669822:,1747647681685
counter/2/0/0/0,23929:1747647669822:,1747647681685
counter/2/0/0/0,23930:1747647669822:,1747647681685
counter/2/0/0/0,23931:1747647669822:,1747647681685
counter/2/0/0/0,23932:1747647669822:,1747647681685
counter/2/0/0/0,23933:1747647669822:,1747647681685
counter/2/0/0/0,23934:1747647669822:,1747647681685
counter/2/0/0/0,23935:1747647669822:,1747647681685
counter/2/0/0/0,23936:1747647669822:,1747647681685
counter/2/0/0/0,23937:1747647669822:,1747647681685
counter/2/0/0/0,23938:1747647669822:,1747647681685
counter/2/0/0/0,23939:1747647669822:,1747647681685
counter/2/0/0/0,23940:1747647669822:,1747647681685
counter/2/0/0/0,23941:1747647669822:,1747647681685
counter/2/0/0/0,23942:1747647669822:,1747647681685
counter/2/0/0/0,23943:1747647669822:,1747647681685
counter/2/0/0/0,23944:1747647669822:,1747647681685
counter/2/0/0/0,23945:1747647669822:,1747647681685
counter/2/0/0/0,23946:1747647669822:,1747647681685
counter/2/0/0/0,23947:1747647669826:,1747647681685
counter/2/0/0/0,23948:1747647669826:,1747647681685
counter/2/0/0/0,23949:1747647669826:,1747647681685
counter/2/0/0/0,23950:1747647669826:,1747647681685
counter/2/0/0/0,23951:1747647669826:,1747647681685
counter/2/0/0/0,23952:1747647669828:,1747647681685
counter/2/0/0/0,23953:1747647669828:,1747647681685
counter/2/0/0/0,23954:1747647669828:,1747647681685
counter/2/0/0/0,23955:1747647669828:,1747647681685
counter/2/0/0/0,23956:1747647669828:,1747647681685
counter/2/0/0/0,23957:1747647669829:,1747647681685
counter/2/0/0/0,23958:1747647669829:,1747647681685
counter/2/0/0/0,23959:1747647669829:,1747647681685
counter/2/0/0/0,23960:1747647669829:,1747647681685
counter/2/0/0/0,23961:1747647669829:,1747647681685
counter/2/0/0/0,23962:1747647669829:,1747647681685
counter/2/0/0/0,23963:1747647669829:,1747647681685
counter/2/0/0/0,23964:1747647669829:,1747647681685
counter/2/0/0/0,23965:1747647669829:,1747647681685
counter/2/0/0/0,23966:1747647669829:,1747647681685
counter/2/0/0/0,23967:1747647669829:,1747647681685
counter/2/0/0/0,23968:1747647669831:,1747647681686
counter/2/0/0/0,23969:1747647669831:,1747647681686
counter/2/0/0/0,23970:1747647669832:,1747647681686
counter/2/0/0/0,23971:1747647669832:,1747647681686
counter/2/0/0/0,23972:1747647669832:,1747647681686
counter/2/0/0/0,23973:1747647669832:,1747647681686
counter/2/0/0/0,23974:1747647669832:,1747647681686
counter/2/0/0/0,23975:1747647669832:,1747647681686
counter/2/0/0/0,23976:1747647669832:,1747647681686
counter/2/0/0/0,23977:1747647669832:,1747647681686
counter/2/0/0/0,23978:1747647669833:,1747647681686
counter/2/0/0/0,23979:1747647669833:,1747647681686
counter/2/0/0/0,23980:1747647669833:,1747647681686
counter/2/0/0/0,23981:1747647669833:,1747647681686
counter/2/0/0/0,23982:1747647669833:,1747647681686
counter/2/0/0/0,23983:1747647669833:,1747647681686
counter/2/0/0/0,23984:1747647669833:,1747647681686
counter/2/0/0/0,23985:1747647669833:,1747647681686
counter/2/0/0/0,23986:1747647669833:,1747647681686
counter/2/0/0/0,23987:1747647669833:,1747647681686
counter/2/0/0/0,23988:1747647669833:,1747647681686
counter/2/0/0/0,23989:1747647669833:,1747647681686
counter/2/0/0/0,23990:1747647669836:,1747647681686
counter/2/0/0/0,23991:1747647669837:,1747647681686
counter/2/0/0/0,23992:1747647669837:,1747647681686
counter/2/0/0/0,23993:1747647669837:,1747647681686
counter/2/0/0/0,23994:1747647669837:,1747647681686
counter/2/0/0/0,23995:1747647669837:,1747647681686
counter/2/0/0/0,23996:1747647669837:,1747647681686
counter/2/0/0/0,23997:1747647669837:,1747647681686
counter/2/0/0/0,23998:1747647669837:,1747647681686
counter/2/0/0/0,23999:1747647669838:,1747647681686
counter/2/0/0/0,24000:1747647669838:,1747647681686
counter/2/0/0/0,24001:1747647669842:,1747647681686
counter/2/0/0/0,24002:1747647669844:,1747647681686
counter/2/0/0/0,24003:1747647669854:,1747647681686
counter/2/0/0/0,24004:1747647669854:,1747647681686
counter/2/0/0/0,24005:1747647669854:,1747647681686
counter/2/0/0/0,24006:1747647669854:,1747647681686
counter/2/0/0/0,24007:1747647669854:,1747647681686
counter/2/0/0/0,24008:1747647669854:,1747647681687
counter/2/0/0/0,24009:1747647669854:,1747647681687
counter/2/0/0/0,24010:1747647669854:,1747647681687
counter/2/0/0/0,24011:1747647669854:,1747647681687
counter/2/0/0/0,24012:1747647669861:,1747647681687
counter/2/0/0/0,24013:1747647669861:,1747647681687
counter/2/0/0/0,24014:1747647669861:,1747647681687
counter/2/0/0/0,24015:1747647669861:,1747647681687
counter/2/0/0/0,24016:1747647669861:,1747647681687
counter/2/0/0/0,24017:1747647669866:,1747647681687
counter/2/0/0/0,24018:1747647669866:,1747647681687
counter/2/0/0/0,24019:1747647669866:,1747647681687
counter/2/0/0/0,24020:1747647669866:,1747647681687
counter/2/0/0/0,24021:1747647669866:,1747647681687
counter/2/0/0/0,24022:1747647669870:,1747647681687
counter/2/0/0/0,24023:1747647669870:,1747647681687
counter/2/0/0/0,24024:1747647669870:,1747647681687
counter/2/0/0/0,24025:1747647669870:,1747647681687
counter/2/0/0/0,24026:1747647669870:,1747647681687
counter/2/0/0/0,24027:1747647669870:,1747647681687
counter/2/0/0/0,24028:1747647669870:,1747647681687
counter/2/0/0/0,24029:1747647669870:,1747647681687
counter/2/0/0/0,24030:1747647669870:,1747647681687
counter/2/0/0/0,24031:1747647669870:,1747647681687
counter/2/0/0/0,24032:1747647669870:,1747647681687
counter/2/0/0/0,24033:1747647669870:,1747647681687
counter/2/0/0/0,24034:1747647669870:,1747647681687
counter/2/0/0/0,24035:1747647669870:,1747647681687
counter/2/0/0/0,24036:1747647669872:,1747647681687
counter/2/0/0/0,24037:1747647669872:,1747647681687
counter/2/0/0/0,24038:1747647669872:,1747647681687
counter/2/0/0/0,24039:1747647669872:,1747647681687
counter/2/0/0/0,24040:1747647669872:,1747647681687
counter/2/0/0/0,24041:1747647669872:,1747647681687
counter/2/0/0/0,24042:1747647669872:,1747647681687
counter/2/0/0/0,24043:1747647669873:,1747647681687
counter/2/0/0/0,24044:1747647669873:,1747647681687
counter/2/0/0/0,24045:1747647669873:,1747647681687
counter/2/0/0/0,24046:1747647669879:,1747647681687
counter/2/0/0/0,24047:1747647669879:,1747647681687
counter/2/0/0/0,24048:1747647669879:,1747647681688
counter/2/0/0/0,24049:1747647669879:,1747647681688
counter/2/0/0/0,24050:1747647669879:,1747647681688
counter/9/0/0/0,24445:1747647668203:,1747647681688
counter/2/0/0/0,24051:1747647669879:,1747647681688
counter/8/0/0/0,21335:1747647665967:,1747647681688
counter/2/0/0/0,24052:1747647669879:,1747647681688
counter/2/0/0/0,24053:1747647669895:,1747647681688
counter/2/0/0/0,24054:1747647669895:,1747647681688
counter/2/0/0/0,24055:1747647669895:,1747647681688
counter/2/0/0/0,24056:1747647669895:,1747647681688
counter/2/0/0/0,24057:1747647669895:,1747647681688
counter/2/0/0/0,24058:1747647669895:,1747647681688
counter/9/0/0/0,24446:1747647668203:,1747647681688
counter/2/0/0/0,24059:1747647669895:,1747647681688
counter/3/0/0/0,18069:1747647664821:,1747647681688
counter/2/0/0/0,24060:1747647669895:,1747647681688
counter/4/0/0/0,18585:1747647665649:,1747647681688
counter/8/0/0/0,21336:1747647665967:,1747647681688
counter/2/0/0/0,24061:1747647669895:,1747647681688
counter/6/0/0/0,17995:1747647665073:,1747647681688
counter/1/0/0/0,19025:1747647665517:,1747647681688
counter/2/0/0/0,24062:1747647669895:,1747647681688
counter/5/0/0/0,20729:1747647666116:,1747647681688
counter/2/0/0/0,24063:1747647669895:,1747647681688
counter/2/0/0/0,24064:1747647669895:,1747647681688
counter/10/0/0/0,18752:1747647664732:,1747647681688
counter/2/0/0/0,24065:1747647669897:,1747647681688
counter/2/0/0/0,24066:1747647669899:,1747647681688
counter/2/0/0/0,24067:1747647669899:,1747647681688
counter/10/0/0/0,18753:1747647664732:,1747647681688
counter/8/0/0/0,21337:1747647665967:,1747647681688
counter/2/0/0/0,24068:1747647669899:,1747647681688
counter/6/0/0/0,17996:1747647665073:,1747647681688
counter/1/0/0/0,19026:1747647665517:,1747647681688
counter/2/0/0/0,24069:1747647669899:,1747647681688
counter/5/0/0/0,20730:1747647666116:,1747647681688
counter/2/0/0/0,24070:1747647669899:,1747647681688
counter/2/0/0/0,24071:1747647669899:,1747647681688
counter/2/0/0/0,24072:1747647669899:,1747647681688
counter/2/0/0/0,24073:1747647669899:,1747647681688
counter/2/0/0/0,24074:1747647669900:,1747647681688
counter/2/0/0/0,24075:1747647669900:,1747647681689
counter/2/0/0/0,24076:1747647669900:,1747647681689
counter/2/0/0/0,24077:1747647669900:,1747647681689
counter/2/0/0/0,24078:1747647669900:,1747647681689
counter/2/0/0/0,24079:1747647669902:,1747647681689
counter/2/0/0/0,24080:1747647669902:,1747647681689
counter/2/0/0/0,24081:1747647669910:,1747647681689
counter/2/0/0/0,24082:1747647669910:,1747647681689
counter/2/0/0/0,24083:1747647669910:,1747647681689
counter/2/0/0/0,24084:1747647669910:,1747647681689
counter/4/0/0/0,18586:1747647665649:,1747647681689
counter/8/0/0/0,21338:1747647665967:,1747647681689
counter/1/0/0/0,19027:1747647665517:,1747647681689
counter/1/0/0/0,19028:1747647665517:,1747647681689
counter/1/0/0/0,19029:1747647665517:,1747647681689
counter/1/0/0/0,19030:1747647665517:,1747647681689
counter/1/0/0/0,19031:1747647665517:,1747647681689
counter/1/0/0/0,19032:1747647665517:,1747647681689
counter/6/0/0/0,17997:1747647665073:,1747647681689
counter/2/0/0/0,24085:1747647669910:,1747647681689
counter/4/0/0/0,18587:1747647665649:,1747647681689
counter/8/0/0/0,21339:1747647665967:,1747647681689
counter/9/0/0/0,24447:1747647668203:,1747647681689
counter/3/0/0/0,18070:1747647664824:,1747647681689
counter/9/0/0/0,24448:1747647668203:,1747647681689
counter/10/0/0/0,18754:1747647664732:,1747647681689
counter/1/0/0/0,19033:1747647665528:,1747647681689
counter/6/0/0/0,17998:1747647665073:,1747647681689
counter/2/0/0/0,24086:1747647669910:,1747647681689
counter/4/0/0/0,18588:1747647665649:,1747647681689
counter/8/0/0/0,21340:1747647665967:,1747647681689
counter/8/0/0/0,21341:1747647665967:,1747647681689
counter/8/0/0/0,21342:1747647665967:,1747647681689
counter/8/0/0/0,21343:1747647665969:,1747647681689
counter/8/0/0/0,21344:1747647665969:,1747647681689
counter/8/0/0/0,21345:1747647665969:,1747647681689
counter/8/0/0/0,21346:1747647665969:,1747647681689
counter/8/0/0/0,21347:1747647665969:,1747647681689
counter/8/0/0/0,21348:1747647665970:,1747647681689
counter/8/0/0/0,21349:1747647665970:,1747647681690
counter/8/0/0/0,21350:1747647665970:,1747647681690
counter/8/0/0/0,21351:1747647665970:,1747647681690
counter/8/0/0/0,21352:1747647665970:,1747647681690
counter/8/0/0/0,21353:1747647665970:,1747647681690
counter/8/0/0/0,21354:1747647665970:,1747647681690
counter/8/0/0/0,21355:1747647665970:,1747647681690
counter/8/0/0/0,21356:1747647665970:,1747647681690
counter/8/0/0/0,21357:1747647665972:,1747647681690
counter/8/0/0/0,21358:1747647665972:,1747647681690
counter/8/0/0/0,21359:1747647665972:,1747647681690
counter/8/0/0/0,21360:1747647665972:,1747647681690
counter/8/0/0/0,21361:1747647665972:,1747647681690
counter/8/0/0/0,21362:1747647665972:,1747647681690
counter/8/0/0/0,21363:1747647665978:,1747647681690
counter/8/0/0/0,21364:1747647665978:,1747647681690
counter/8/0/0/0,21365:1747647665978:,1747647681690
counter/8/0/0/0,21366:1747647665978:,1747647681690
counter/8/0/0/0,21367:1747647665978:,1747647681690
counter/8/0/0/0,21368:1747647665978:,1747647681690
counter/8/0/0/0,21369:1747647665978:,1747647681690
counter/8/0/0/0,21370:1747647665995:,1747647681690
counter/8/0/0/0,21371:1747647665995:,1747647681690
counter/8/0/0/0,21372:1747647665995:,1747647681690
counter/8/0/0/0,21373:1747647665995:,1747647681690
counter/2/0/0/0,24087:1747647669910:,1747647681690
counter/8/0/0/0,21374:1747647665995:,1747647681690
counter/3/0/0/0,18071:1747647664824:,1747647681690
counter/8/0/0/0,21375:1747647665995:,1747647681690
counter/8/0/0/0,21376:1747647665996:,1747647681690
counter/8/0/0/0,21377:1747647666005:,1747647681690
counter/8/0/0/0,21378:1747647666010:,1747647681690
counter/8/0/0/0,21379:1747647666011:,1747647681690
counter/8/0/0/0,21380:1747647666012:,1747647681690
counter/8/0/0/0,21381:1747647666012:,1747647681690
counter/8/0/0/0,21382:1747647666012:,1747647681690
counter/8/0/0/0,21383:1747647666012:,1747647681690
counter/9/0/0/0,24449:1747647668203:,1747647681690
counter/8/0/0/0,21384:1747647666012:,1747647681690
counter/10/0/0/0,18755:1747647664733:,1747647681690
counter/6/0/0/0,17999:1747647665073:,1747647681690
counter/10/0/0/0,18756:1747647664734:,1747647681690
counter/10/0/0/0,18757:1747647664737:,1747647681690
counter/4/0/0/0,18589:1747647665649:,1747647681690
counter/2/0/0/0,24088:1747647669910:,1747647681690
counter/3/0/0/0,18072:1747647664824:,1747647681691
counter/8/0/0/0,21385:1747647666012:,1747647681691
counter/8/0/0/0,21386:1747647666012:,1747647681691
counter/8/0/0/0,21387:1747647666012:,1747647681691
counter/8/0/0/0,21388:1747647666012:,1747647681691
counter/8/0/0/0,21389:1747647666012:,1747647681691
counter/8/0/0/0,21390:1747647666012:,1747647681691
counter/8/0/0/0,21391:1747647666012:,1747647681691
counter/8/0/0/0,21392:1747647666012:,1747647681691
counter/8/0/0/0,21393:1747647666012:,1747647681691
counter/8/0/0/0,21394:1747647666012:,1747647681691
counter/8/0/0/0,21395:1747647666018:,1747647681691
counter/8/0/0/0,21396:1747647666018:,1747647681691
counter/8/0/0/0,21397:1747647666018:,1747647681691
counter/8/0/0/0,21398:1747647666018:,1747647681691
counter/8/0/0/0,21399:1747647666018:,1747647681691
counter/8/0/0/0,21400:1747647666018:,1747647681691
counter/8/0/0/0,21401:1747647666018:,1747647681691
counter/8/0/0/0,21402:1747647666018:,1747647681691
counter/10/0/0/0,18758:1747647664737:,1747647681691
counter/8/0/0/0,21403:1747647666018:,1747647681691
counter/8/0/0/0,21404:1747647666018:,1747647681691
counter/9/0/0/0,24450:1747647668207:,1747647681691
counter/8/0/0/0,21405:1747647666018:,1747647681691
counter/2/0/0/0,24089:1747647669914:,1747647681691
counter/3/0/0/0,18073:1747647664825:,1747647681691
counter/8/0/0/0,21406:1747647666018:,1747647681691
counter/2/0/0/0,24090:1747647669914:,1747647681691
counter/8/0/0/0,21407:1747647666019:,1747647681691
counter/2/0/0/0,24091:1747647669918:,1747647681691
counter/2/0/0/0,24092:1747647669920:,1747647681691
counter/9/0/0/0,24451:1747647668207:,1747647681691
counter/2/0/0/0,24093:1747647669922:,1747647681691
counter/2/0/0/0,24094:1747647669922:,1747647681691
counter/2/0/0/0,24095:1747647669922:,1747647681691
counter/2/0/0/0,24096:1747647669922:,1747647681691
counter/5/0/0/0,20731:1747647666116:,1747647681691
counter/10/0/0/0,18759:1747647664737:,1747647681691
counter/9/0/0/0,24452:1747647668207:,1747647681691
counter/3/0/0/0,18074:1747647664825:,1747647681691
counter/2/0/0/0,24097:1747647669922:,1747647681691
counter/1/0/0/0,19034:1747647665529:,1747647681691
counter/8/0/0/0,21408:1747647666019:,1747647681691
counter/4/0/0/0,18590:1747647665649:,1747647681691
counter/6/0/0/0,18000:1747647665073:,1747647681692
counter/6/0/0/0,18001:1747647665073:,1747647681692
counter/6/0/0/0,18002:1747647665073:,1747647681692
counter/6/0/0/0,18003:1747647665073:,1747647681692
counter/6/0/0/0,18004:1747647665073:,1747647681692
counter/10/0/0/0,18760:1747647664737:,1747647681692
counter/2/0/0/0,24098:1747647669922:,1747647681692
counter/1/0/0/0,19035:1747647665529:,1747647681692
counter/8/0/0/0,21409:1747647666019:,1747647681692
counter/4/0/0/0,18591:1747647665649:,1747647681692
counter/5/0/0/0,20732:1747647666117:,1747647681692
counter/9/0/0/0,24453:1747647668208:,1747647681692
counter/6/0/0/0,18005:1747647665073:,1747647681692
counter/6/0/0/0,18006:1747647665073:,1747647681692
counter/6/0/0/0,18007:1747647665073:,1747647681692
counter/10/0/0/0,18761:1747647664737:,1747647681692
counter/2/0/0/0,24099:1747647669922:,1747647681692
counter/1/0/0/0,19036:1747647665529:,1747647681692
counter/8/0/0/0,21410:1747647666019:,1747647681692
counter/4/0/0/0,18592:1747647665649:,1747647681692
counter/5/0/0/0,20733:1747647666117:,1747647681692
counter/9/0/0/0,24454:1747647668208:,1747647681692
counter/3/0/0/0,18075:1747647664825:,1747647681692
counter/6/0/0/0,18008:1747647665073:,1747647681692
counter/6/0/0/0,18009:1747647665073:,1747647681692
counter/10/0/0/0,18762:1747647664737:,1747647681692
counter/2/0/0/0,24100:1747647669922:,1747647681692
counter/1/0/0/0,19037:1747647665529:,1747647681692
counter/8/0/0/0,21411:1747647666019:,1747647681692
counter/4/0/0/0,18593:1747647665649:,1747647681692
counter/5/0/0/0,20734:1747647666117:,1747647681692
counter/9/0/0/0,24455:1747647668208:,1747647681692
counter/3/0/0/0,18076:1747647664825:,1747647681692
counter/6/0/0/0,18010:1747647665073:,1747647681692
counter/6/0/0/0,18011:1747647665073:,1747647681692
counter/6/0/0/0,18012:1747647665073:,1747647681692
counter/6/0/0/0,18013:1747647665073:,1747647681693
counter/6/0/0/0,18014:1747647665073:,1747647681693
counter/6/0/0/0,18015:1747647665074:,1747647681693
counter/6/0/0/0,18016:1747647665074:,1747647681693
counter/6/0/0/0,18017:1747647665074:,1747647681693
counter/6/0/0/0,18018:1747647665074:,1747647681693
counter/10/0/0/0,18763:1747647664737:,1747647681693
counter/6/0/0/0,18019:1747647665074:,1747647681693
counter/2/0/0/0,24101:1747647669922:,1747647681693
counter/1/0/0/0,19038:1747647665529:,1747647681693
counter/8/0/0/0,21412:1747647666019:,1747647681693
counter/4/0/0/0,18594:1747647665649:,1747647681693
counter/5/0/0/0,20735:1747647666117:,1747647681693
counter/9/0/0/0,24456:1747647668208:,1747647681693
counter/6/0/0/0,18020:1747647665074:,1747647681693
counter/6/0/0/0,18021:1747647665074:,1747647681693
counter/6/0/0/0,18022:1747647665074:,1747647681693
counter/6/0/0/0,18023:1747647665074:,1747647681693
counter/6/0/0/0,18024:1747647665074:,1747647681693
counter/6/0/0/0,18025:1747647665080:,1747647681693
counter/6/0/0/0,18026:1747647665080:,1747647681693
counter/6/0/0/0,18027:1747647665080:,1747647681693
counter/6/0/0/0,18028:1747647665080:,1747647681693
counter/6/0/0/0,18029:1747647665080:,1747647681693
counter/6/0/0/0,18030:1747647665080:,1747647681693
counter/6/0/0/0,18031:1747647665080:,1747647681693
counter/6/0/0/0,18032:1747647665080:,1747647681693
counter/6/0/0/0,18033:1747647665080:,1747647681693
counter/6/0/0/0,18034:1747647665081:,1747647681693
counter/6/0/0/0,18035:1747647665081:,1747647681693
counter/6/0/0/0,18036:1747647665081:,1747647681693
counter/6/0/0/0,18037:1747647665081:,1747647681693
counter/2/0/0/0,24102:1747647669923:,1747647681693
counter/6/0/0/0,18038:1747647665081:,1747647681693
counter/8/0/0/0,21413:1747647666019:,1747647681693
counter/6/0/0/0,18039:1747647665081:,1747647681693
counter/1/0/0/0,19039:1747647665530:,1747647681693
counter/5/0/0/0,20736:1747647666117:,1747647681693
counter/4/0/0/0,18595:1747647665649:,1747647681693
counter/9/0/0/0,24457:1747647668208:,1747647681693
counter/3/0/0/0,18077:1747647664825:,1747647681693
counter/6/0/0/0,18040:1747647665081:,1747647681694
counter/6/0/0/0,18041:1747647665081:,1747647681694
counter/6/0/0/0,18042:1747647665081:,1747647681694
counter/6/0/0/0,18043:1747647665081:,1747647681694
counter/6/0/0/0,18044:1747647665081:,1747647681694
counter/6/0/0/0,18045:1747647665081:,1747647681694
counter/6/0/0/0,18046:1747647665081:,1747647681694
counter/6/0/0/0,18047:1747647665081:,1747647681694
counter/6/0/0/0,18048:1747647665081:,1747647681694
counter/6/0/0/0,18049:1747647665081:,1747647681694
counter/6/0/0/0,18050:1747647665081:,1747647681694
counter/6/0/0/0,18051:1747647665081:,1747647681694
counter/6/0/0/0,18052:1747647665082:,1747647681694
counter/6/0/0/0,18053:1747647665082:,1747647681694
counter/6/0/0/0,18054:1747647665082:,1747647681694
counter/6/0/0/0,18055:1747647665082:,1747647681694
counter/2/0/0/0,24103:1747647669923:,1747647681694
counter/6/0/0/0,18056:1747647665082:,1747647681694
counter/1/0/0/0,19040:1747647665530:,1747647681694
counter/6/0/0/0,18057:1747647665082:,1747647681694
counter/5/0/0/0,20737:1747647666117:,1747647681694
counter/6/0/0/0,18058:1747647665082:,1747647681694
counter/4/0/0/0,18596:1747647665649:,1747647681694
counter/6/0/0/0,18059:1747647665082:,1747647681694
counter/9/0/0/0,24458:1747647668208:,1747647681694
counter/3/0/0/0,18078:1747647664825:,1747647681694
counter/10/0/0/0,18764:1747647664737:,1747647681694
counter/8/0/0/0,21414:1747647666019:,1747647681694
counter/6/0/0/0,18060:1747647665082:,1747647681694
counter/6/0/0/0,18061:1747647665082:,1747647681694
counter/6/0/0/0,18062:1747647665084:,1747647681694
counter/6/0/0/0,18063:1747647665084:,1747647681694
counter/6/0/0/0,18064:1747647665084:,1747647681694
counter/9/0/0/0,24459:1747647668208:,1747647681694
counter/6/0/0/0,18065:1747647665084:,1747647681694
counter/3/0/0/0,18079:1747647664825:,1747647681694
counter/10/0/0/0,18765:1747647664737:,1747647681694
counter/8/0/0/0,21415:1747647666019:,1747647681694
counter/2/0/0/0,24104:1747647669929:,1747647681695
counter/1/0/0/0,19041:1747647665543:,1747647681695
counter/5/0/0/0,20738:1747647666117:,1747647681695
counter/4/0/0/0,18597:1747647665649:,1747647681695
counter/6/0/0/0,18066:1747647665090:,1747647681695
counter/6/0/0/0,18067:1747647665090:,1747647681695
counter/6/0/0/0,18068:1747647665090:,1747647681695
counter/6/0/0/0,18069:1747647665090:,1747647681695
counter/6/0/0/0,18070:1747647665090:,1747647681695
counter/6/0/0/0,18071:1747647665091:,1747647681695
counter/6/0/0/0,18072:1747647665091:,1747647681695
counter/6/0/0/0,18073:1747647665091:,1747647681695
counter/5/0/0/0,20739:1747647666117:,1747647681695
counter/4/0/0/0,18598:1747647665651:,1747647681695
counter/9/0/0/0,24460:1747647668208:,1747647681695
counter/3/0/0/0,18080:1747647664825:,1747647681695
counter/10/0/0/0,18766:1747647664737:,1747647681695
counter/8/0/0/0,21416:1747647666019:,1747647681695
counter/2/0/0/0,24105:1747647669929:,1747647681695
counter/6/0/0/0,18074:1747647665091:,1747647681695
counter/1/0/0/0,19042:1747647665543:,1747647681695
counter/10/0/0/0,18767:1747647664737:,1747647681695
counter/2/0/0/0,24106:1747647669929:,1747647681695
counter/3/0/0/0,18081:1747647664825:,1747647681695
counter/5/0/0/0,20740:1747647666118:,1747647681695
counter/9/0/0/0,24461:1747647668208:,1747647681695
counter/1/0/0/0,19043:1747647665544:,1747647681695
counter/1/0/0/0,19044:1747647665544:,1747647681695
counter/1/0/0/0,19045:1747647665544:,1747647681695
counter/1/0/0/0,19046:1747647665544:,1747647681695
counter/1/0/0/0,19047:1747647665544:,1747647681695
counter/1/0/0/0,19048:1747647665544:,1747647681695
counter/2/0/0/0,24107:1747647669929:,1747647681695
counter/3/0/0/0,18082:1747647664825:,1747647681695
counter/5/0/0/0,20741:1747647666118:,1747647681695
counter/9/0/0/0,24462:1747647668208:,1747647681695
counter/4/0/0/0,18599:1747647665651:,1747647681695
counter/2/0/0/0,24108:1747647669929:,1747647681695
counter/3/0/0/0,18083:1747647664825:,1747647681695
counter/5/0/0/0,20742:1747647666118:,1747647681695
counter/9/0/0/0,24463:1747647668208:,1747647681695
counter/8/0/0/0,21417:1747647666019:,1747647681695
counter/1/0/0/0,19049:1747647665544:,1747647681695
counter/10/0/0/0,18768:1747647664737:,1747647681695
counter/4/0/0/0,18600:1747647665651:,1747647681695
counter/10/0/0/0,18769:1747647664737:,1747647681695
counter/10/0/0/0,18770:1747647664737:,1747647681695
counter/10/0/0/0,18771:1747647664737:,1747647681695
counter/2/0/0/0,24109:1747647669929:,1747647681696
counter/5/0/0/0,20743:1747647666118:,1747647681696
counter/4/0/0/0,18601:1747647665651:,1747647681696
counter/4/0/0/0,18602:1747647665651:,1747647681696
counter/2/0/0/0,24110:1747647669929:,1747647681696
counter/4/0/0/0,18603:1747647665651:,1747647681696
counter/4/0/0/0,18604:1747647665651:,1747647681696
counter/4/0/0/0,18605:1747647665651:,1747647681696
counter/4/0/0/0,18606:1747647665651:,1747647681696
counter/4/0/0/0,18607:1747647665651:,1747647681696
counter/4/0/0/0,18608:1747647665651:,1747647681696
counter/4/0/0/0,18609:1747647665651:,1747647681696
counter/4/0/0/0,18610:1747647665651:,1747647681696
counter/4/0/0/0,18611:1747647665651:,1747647681696
counter/4/0/0/0,18612:1747647665651:,1747647681696
counter/4/0/0/0,18613:1747647665652:,1747647681696
counter/4/0/0/0,18614:1747647665652:,1747647681696
counter/4/0/0/0,18615:1747647665652:,1747647681696
counter/4/0/0/0,18616:1747647665652:,1747647681696
counter/4/0/0/0,18617:1747647665652:,1747647681696
counter/4/0/0/0,18618:1747647665652:,1747647681696
counter/4/0/0/0,18619:1747647665652:,1747647681696
counter/4/0/0/0,18620:1747647665652:,1747647681696
counter/4/0/0/0,18621:1747647665654:,1747647681696
counter/4/0/0/0,18622:1747647665654:,1747647681696
counter/4/0/0/0,18623:1747647665655:,1747647681696
counter/4/0/0/0,18624:1747647665655:,1747647681696
counter/9/0/0/0,24464:1747647668208:,1747647681696
counter/4/0/0/0,18625:1747647665655:,1747647681696
counter/4/0/0/0,18626:1747647665655:,1747647681696
counter/4/0/0/0,18627:1747647665655:,1747647681696
counter/4/0/0/0,18628:1747647665655:,1747647681696
counter/4/0/0/0,18629:1747647665655:,1747647681696
counter/9/0/0/0,24465:1747647668208:,1747647681696
counter/5/0/0/0,20744:1747647666118:,1747647681696
counter/10/0/0/0,18772:1747647664737:,1747647681696
counter/3/0/0/0,18084:1747647664825:,1747647681696
counter/2/0/0/0,24111:1747647669934:,1747647681696
counter/8/0/0/0,21418:1747647666019:,1747647681696
counter/5/0/0/0,20745:1747647666118:,1747647681696
counter/3/0/0/0,18085:1747647664825:,1747647681696
counter/10/0/0/0,18773:1747647664737:,1747647681696
counter/2/0/0/0,24112:1747647669934:,1747647681696
counter/8/0/0/0,21419:1747647666019:,1747647681696
counter/1/0/0/0,19050:1747647665544:,1747647681696
counter/9/0/0/0,24466:1747647668208:,1747647681696
counter/10/0/0/0,18774:1747647664737:,1747647681697
counter/2/0/0/0,24113:1747647669934:,1747647681697
counter/3/0/0/0,18086:1747647664825:,1747647681697
counter/4/0/0/0,18630:1747647665655:,1747647681697
counter/8/0/0/0,21420:1747647666019:,1747647681697
counter/9/0/0/0,24467:1747647668208:,1747647681697
counter/1/0/0/0,19051:1747647665544:,1747647681697
counter/5/0/0/0,20746:1747647666118:,1747647681697
counter/5/0/0/0,20747:1747647666118:,1747647681697
counter/2/0/0/0,24114:1747647669934:,1747647681697
counter/10/0/0/0,18775:1747647664737:,1747647681697
counter/3/0/0/0,18087:1747647664827:,1747647681697
counter/6/0/0/0,18075:1747647665096:,1747647681697
counter/8/0/0/0,21421:1747647666019:,1747647681697
counter/9/0/0/0,24468:1747647668208:,1747647681697
counter/1/0/0/0,19052:1747647665544:,1747647681697
counter/1/0/0/0,19053:1747647665544:,1747647681697
counter/1/0/0/0,19054:1747647665545:,1747647681697
counter/1/0/0/0,19055:1747647665545:,1747647681697
counter/1/0/0/0,19056:1747647665546:,1747647681697
counter/1/0/0/0,19057:1747647665546:,1747647681697
counter/1/0/0/0,19058:1747647665546:,1747647681697
counter/6/0/0/0,18076:1747647665097:,1747647681697
counter/8/0/0/0,21422:1747647666019:,1747647681697
counter/9/0/0/0,24469:1747647668208:,1747647681697
counter/4/0/0/0,18631:1747647665655:,1747647681697
counter/8/0/0/0,21423:1747647666019:,1747647681697
counter/4/0/0/0,18632:1747647665655:,1747647681697
counter/2/0/0/0,24115:1747647669934:,1747647681697
counter/4/0/0/0,18633:1747647665655:,1747647681697
counter/2/0/0/0,24116:1747647669934:,1747647681697
counter/2/0/0/0,24117:1747647669934:,1747647681697
counter/2/0/0/0,24118:1747647669934:,1747647681697
counter/2/0/0/0,24119:1747647669934:,1747647681697
counter/2/0/0/0,24120:1747647669934:,1747647681697
counter/2/0/0/0,24121:1747647669934:,1747647681697
counter/2/0/0/0,24122:1747647669934:,1747647681697
counter/2/0/0/0,24123:1747647669934:,1747647681697
counter/2/0/0/0,24124:1747647669935:,1747647681697
counter/2/0/0/0,24125:1747647669935:,1747647681697
counter/2/0/0/0,24126:1747647669935:,1747647681697
counter/9/0/0/0,24470:1747647668208:,1747647681697
counter/2/0/0/0,24127:1747647669935:,1747647681697
counter/8/0/0/0,21424:1747647666019:,1747647681698
counter/2/0/0/0,24128:1747647669935:,1747647681698
counter/4/0/0/0,18634:1747647665659:,1747647681698
counter/5/0/0/0,20748:1747647666118:,1747647681698
counter/2/0/0/0,24129:1747647669935:,1747647681698
counter/3/0/0/0,18088:1747647664828:,1747647681698
counter/10/0/0/0,18776:1747647664737:,1747647681698
counter/1/0/0/0,19059:1747647665546:,1747647681698
counter/3/0/0/0,18089:1747647664828:,1747647681698
counter/9/0/0/0,24471:1747647668208:,1747647681698
counter/3/0/0/0,18090:1747647664828:,1747647681698
counter/2/0/0/0,24130:1747647669935:,1747647681698
counter/3/0/0/0,18091:1747647664828:,1747647681698
counter/5/0/0/0,20749:1747647666118:,1747647681698
counter/10/0/0/0,18777:1747647664737:,1747647681698
counter/6/0/0/0,18077:1747647665097:,1747647681698
counter/6/0/0/0,18078:1747647665097:,1747647681698
counter/6/0/0/0,18079:1747647665101:,1747647681698
counter/6/0/0/0,18080:1747647665103:,1747647681698
counter/6/0/0/0,18081:1747647665103:,1747647681698
counter/6/0/0/0,18082:1747647665103:,1747647681698
counter/6/0/0/0,18083:1747647665103:,1747647681698
counter/6/0/0/0,18084:1747647665103:,1747647681698
counter/6/0/0/0,18085:1747647665103:,1747647681698
counter/6/0/0/0,18086:1747647665103:,1747647681698
counter/4/0/0/0,18635:1747647665667:,1747647681698
counter/9/0/0/0,24472:1747647668210:,1747647681698
counter/3/0/0/0,18092:1747647664828:,1747647681698
counter/8/0/0/0,21425:1747647666019:,1747647681698
counter/1/0/0/0,19060:1747647665546:,1747647681698
counter/2/0/0/0,24131:1747647669935:,1747647681698
counter/5/0/0/0,20750:1747647666118:,1747647681698
counter/10/0/0/0,18778:1747647664739:,1747647681698
counter/6/0/0/0,18087:1747647665103:,1747647681698
counter/6/0/0/0,18088:1747647665103:,1747647681698
counter/4/0/0/0,18636:1747647665667:,1747647681698
counter/9/0/0/0,24473:1747647668210:,1747647681698
counter/3/0/0/0,18093:1747647664828:,1747647681698
counter/8/0/0/0,21426:1747647666019:,1747647681698
counter/1/0/0/0,19061:1747647665546:,1747647681699
counter/2/0/0/0,24132:1747647669935:,1747647681699
counter/5/0/0/0,20751:1747647666119:,1747647681699
counter/5/0/0/0,20752:1747647666119:,1747647681699
counter/6/0/0/0,18089:1747647665103:,1747647681699
counter/6/0/0/0,18090:1747647665103:,1747647681699
counter/6/0/0/0,18091:1747647665103:,1747647681699
counter/6/0/0/0,18092:1747647665103:,1747647681699
counter/6/0/0/0,18093:1747647665103:,1747647681699
counter/6/0/0/0,18094:1747647665111:,1747647681699
counter/6/0/0/0,18095:1747647665111:,1747647681699
counter/6/0/0/0,18096:1747647665111:,1747647681699
counter/6/0/0/0,18097:1747647665111:,1747647681699
counter/6/0/0/0,18098:1747647665111:,1747647681699
counter/6/0/0/0,18099:1747647665111:,1747647681699
counter/6/0/0/0,18100:1747647665111:,1747647681699
counter/6/0/0/0,18101:1747647665111:,1747647681699
counter/6/0/0/0,18102:1747647665111:,1747647681699
counter/6/0/0/0,18103:1747647665111:,1747647681699
counter/6/0/0/0,18104:1747647665111:,1747647681699
counter/6/0/0/0,18105:1747647665115:,1747647681699
counter/6/0/0/0,18106:1747647665115:,1747647681699
counter/6/0/0/0,18107:1747647665115:,1747647681699
counter/6/0/0/0,18108:1747647665115:,1747647681699
counter/6/0/0/0,18109:1747647665115:,1747647681699
counter/6/0/0/0,18110:1747647665115:,1747647681699
counter/6/0/0/0,18111:1747647665115:,1747647681699
counter/6/0/0/0,18112:1747647665115:,1747647681699
counter/6/0/0/0,18113:1747647665116:,1747647681699
counter/8/0/0/0,21427:1747647666019:,1747647681699
counter/6/0/0/0,18114:1747647665116:,1747647681699
counter/8/0/0/0,21428:1747647666019:,1747647681699
counter/6/0/0/0,18115:1747647665116:,1747647681699
counter/2/0/0/0,24133:1747647669935:,1747647681699
counter/6/0/0/0,18116:1747647665116:,1747647681699
counter/4/0/0/0,18637:1747647665667:,1747647681699
counter/6/0/0/0,18117:1747647665116:,1747647681699
counter/10/0/0/0,18779:1747647664739:,1747647681699
counter/6/0/0/0,18118:1747647665116:,1747647681699
counter/9/0/0/0,24474:1747647668211:,1747647681699
counter/3/0/0/0,18094:1747647664829:,1747647681699
counter/6/0/0/0,18119:1747647665117:,1747647681699
counter/1/0/0/0,19062:1747647665546:,1747647681699
counter/5/0/0/0,20753:1747647666119:,1747647681699
counter/9/0/0/0,24475:1747647668211:,1747647681699
counter/10/0/0/0,18780:1747647664739:,1747647681700
counter/3/0/0/0,18095:1747647664829:,1747647681700
counter/4/0/0/0,18638:1747647665667:,1747647681700
counter/8/0/0/0,21429:1747647666019:,1747647681700
counter/1/0/0/0,19063:1747647665546:,1747647681700
counter/2/0/0/0,24134:1747647669935:,1747647681700
counter/10/0/0/0,18781:1747647664746:,1747647681700
counter/8/0/0/0,21430:1747647666019:,1747647681700
counter/1/0/0/0,19064:1747647665546:,1747647681700
counter/1/0/0/0,19065:1747647665547:,1747647681700
counter/1/0/0/0,19066:1747647665554:,1747647681700
counter/1/0/0/0,19067:1747647665555:,1747647681700
counter/1/0/0/0,19068:1747647665555:,1747647681700
counter/1/0/0/0,19069:1747647665555:,1747647681700
counter/1/0/0/0,19070:1747647665555:,1747647681700
counter/1/0/0/0,19071:1747647665555:,1747647681700
counter/1/0/0/0,19072:1747647665563:,1747647681700
counter/1/0/0/0,19073:1747647665563:,1747647681700
counter/1/0/0/0,19074:1747647665563:,1747647681700
counter/1/0/0/0,19075:1747647665563:,1747647681700
counter/1/0/0/0,19076:1747647665563:,1747647681700
counter/1/0/0/0,19077:1747647665563:,1747647681700
counter/1/0/0/0,19078:1747647665563:,1747647681700
counter/1/0/0/0,19079:1747647665563:,1747647681700
counter/1/0/0/0,19080:1747647665563:,1747647681700
counter/1/0/0/0,19081:1747647665563:,1747647681700
counter/1/0/0/0,19082:1747647665563:,1747647681700
counter/1/0/0/0,19083:1747647665563:,1747647681700
counter/1/0/0/0,19084:1747647665563:,1747647681700
counter/1/0/0/0,19085:1747647665563:,1747647681700
counter/1/0/0/0,19086:1747647665563:,1747647681700
counter/1/0/0/0,19087:1747647665564:,1747647681700
counter/1/0/0/0,19088:1747647665570:,1747647681700
counter/1/0/0/0,19089:1747647665570:,1747647681700
counter/1/0/0/0,19090:1747647665570:,1747647681700
counter/1/0/0/0,19091:1747647665570:,1747647681700
counter/1/0/0/0,19092:1747647665570:,1747647681700
counter/1/0/0/0,19093:1747647665570:,1747647681700
counter/1/0/0/0,19094:1747647665570:,1747647681700
counter/1/0/0/0,19095:1747647665571:,1747647681700
counter/1/0/0/0,19096:1747647665578:,1747647681700
counter/1/0/0/0,19097:1747647665578:,1747647681700
counter/1/0/0/0,19098:1747647665578:,1747647681700
counter/1/0/0/0,19099:1747647665578:,1747647681700
counter/1/0/0/0,19100:1747647665578:,1747647681700
counter/1/0/0/0,19101:1747647665578:,1747647681700
counter/1/0/0/0,19102:1747647665578:,1747647681700
counter/1/0/0/0,19103:1747647665578:,1747647681701
counter/1/0/0/0,19104:1747647665578:,1747647681701
counter/6/0/0/0,18120:1747647665117:,1747647681701
counter/1/0/0/0,19105:1747647665578:,1747647681701
counter/6/0/0/0,18121:1747647665117:,1747647681701
counter/1/0/0/0,19106:1747647665578:,1747647681701
counter/1/0/0/0,19107:1747647665578:,1747647681701
counter/10/0/0/0,18782:1747647664746:,1747647681701
counter/1/0/0/0,19108:1747647665578:,1747647681701
counter/8/0/0/0,21431:1747647666019:,1747647681701
counter/1/0/0/0,19109:1747647665578:,1747647681701
counter/8/0/0/0,21432:1747647666019:,1747647681701
counter/8/0/0/0,21433:1747647666019:,1747647681701
counter/8/0/0/0,21434:1747647666019:,1747647681701
counter/3/0/0/0,18096:1747647664829:,1747647681701
counter/9/0/0/0,24476:1747647668211:,1747647681701
counter/9/0/0/0,24477:1747647668211:,1747647681701
counter/6/0/0/0,18122:1747647665117:,1747647681701
counter/2/0/0/0,24135:1747647669935:,1747647681701
counter/2/0/0/0,24136:1747647669935:,1747647681701
counter/1/0/0/0,19110:1747647665581:,1747647681701
counter/8/0/0/0,21435:1747647666019:,1747647681701
counter/1/0/0/0,19111:1747647665581:,1747647681701
counter/1/0/0/0,19112:1747647665581:,1747647681701
counter/1/0/0/0,19113:1747647665581:,1747647681701
counter/1/0/0/0,19114:1747647665581:,1747647681701
counter/1/0/0/0,19115:1747647665581:,1747647681701
counter/1/0/0/0,19116:1747647665586:,1747647681701
counter/1/0/0/0,19117:1747647665586:,1747647681701
counter/1/0/0/0,19118:1747647665586:,1747647681701
counter/1/0/0/0,19119:1747647665586:,1747647681701
counter/1/0/0/0,19120:1747647665587:,1747647681701
counter/1/0/0/0,19121:1747647665587:,1747647681701
counter/1/0/0/0,19122:1747647665587:,1747647681701
counter/1/0/0/0,19123:1747647665587:,1747647681701
counter/1/0/0/0,19124:1747647665587:,1747647681701
counter/10/0/0/0,18783:1747647664746:,1747647681701
counter/1/0/0/0,19125:1747647665587:,1747647681701
counter/10/0/0/0,18784:1747647664746:,1747647681701
counter/8/0/0/0,21436:1747647666019:,1747647681701
counter/3/0/0/0,18097:1747647664829:,1747647681701
counter/9/0/0/0,24478:1747647668211:,1747647681701
counter/6/0/0/0,18123:1747647665117:,1747647681701
counter/6/0/0/0,18124:1747647665117:,1747647681702
counter/6/0/0/0,18125:1747647665117:,1747647681702
counter/6/0/0/0,18126:1747647665117:,1747647681702
counter/6/0/0/0,18127:1747647665117:,1747647681702
counter/6/0/0/0,18128:1747647665117:,1747647681702
counter/6/0/0/0,18129:1747647665117:,1747647681702
counter/6/0/0/0,18130:1747647665117:,1747647681702
counter/6/0/0/0,18131:1747647665117:,1747647681702
counter/6/0/0/0,18132:1747647665122:,1747647681702
counter/6/0/0/0,18133:1747647665135:,1747647681702
counter/6/0/0/0,18134:1747647665135:,1747647681702
counter/6/0/0/0,18135:1747647665135:,1747647681702
counter/6/0/0/0,18136:1747647665135:,1747647681702
counter/6/0/0/0,18137:1747647665136:,1747647681702
counter/6/0/0/0,18138:1747647665136:,1747647681702
counter/6/0/0/0,18139:1747647665136:,1747647681702
counter/6/0/0/0,18140:1747647665136:,1747647681702
counter/6/0/0/0,18141:1747647665136:,1747647681702
counter/6/0/0/0,18142:1747647665136:,1747647681702
counter/6/0/0/0,18143:1747647665136:,1747647681702
counter/6/0/0/0,18144:1747647665136:,1747647681702
counter/6/0/0/0,18145:1747647665136:,1747647681702
counter/6/0/0/0,18146:1747647665136:,1747647681702
counter/6/0/0/0,18147:1747647665141:,1747647681702
counter/6/0/0/0,18148:1747647665141:,1747647681702
counter/6/0/0/0,18149:1747647665141:,1747647681702
counter/6/0/0/0,18150:1747647665141:,1747647681702
counter/6/0/0/0,18151:1747647665141:,1747647681702
counter/6/0/0/0,18152:1747647665141:,1747647681702
counter/6/0/0/0,18153:1747647665141:,1747647681702
counter/6/0/0/0,18154:1747647665141:,1747647681702
counter/6/0/0/0,18155:1747647665141:,1747647681702
counter/6/0/0/0,18156:1747647665141:,1747647681702
counter/6/0/0/0,18157:1747647665141:,1747647681702
counter/6/0/0/0,18158:1747647665141:,1747647681702
counter/6/0/0/0,18159:1747647665141:,1747647681702
counter/6/0/0/0,18160:1747647665142:,1747647681702
counter/6/0/0/0,18161:1747647665142:,1747647681702
counter/6/0/0/0,18162:1747647665142:,1747647681702
counter/6/0/0/0,18163:1747647665142:,1747647681702
counter/6/0/0/0,18164:1747647665142:,1747647681702
counter/6/0/0/0,18165:1747647665142:,1747647681702
counter/6/0/0/0,18166:1747647665142:,1747647681702
counter/6/0/0/0,18167:1747647665142:,1747647681702
counter/6/0/0/0,18168:1747647665142:,1747647681703
counter/6/0/0/0,18169:1747647665142:,1747647681703
counter/6/0/0/0,18170:1747647665142:,1747647681703
counter/6/0/0/0,18171:1747647665142:,1747647681703
counter/6/0/0/0,18172:1747647665142:,1747647681703
counter/6/0/0/0,18173:1747647665142:,1747647681703
counter/6/0/0/0,18174:1747647665142:,1747647681703
counter/6/0/0/0,18175:1747647665142:,1747647681703
counter/6/0/0/0,18176:1747647665142:,1747647681703
counter/6/0/0/0,18177:1747647665142:,1747647681703
counter/6/0/0/0,18178:1747647665142:,1747647681703
counter/6/0/0/0,18179:1747647665142:,1747647681703
counter/6/0/0/0,18180:1747647665142:,1747647681703
counter/6/0/0/0,18181:1747647665142:,1747647681703
counter/6/0/0/0,18182:1747647665142:,1747647681703
counter/6/0/0/0,18183:1747647665142:,1747647681703
counter/6/0/0/0,18184:1747647665142:,1747647681703
counter/6/0/0/0,18185:1747647665142:,1747647681703
counter/6/0/0/0,18186:1747647665142:,1747647681703
counter/6/0/0/0,18187:1747647665142:,1747647681703
counter/6/0/0/0,18188:1747647665142:,1747647681703
counter/6/0/0/0,18189:1747647665146:,1747647681703
counter/6/0/0/0,18190:1747647665147:,1747647681703
counter/6/0/0/0,18191:1747647665147:,1747647681703
counter/6/0/0/0,18192:1747647665147:,1747647681703
counter/6/0/0/0,18193:1747647665147:,1747647681703
counter/10/0/0/0,18785:1747647664746:,1747647681703
counter/6/0/0/0,18194:1747647665147:,1747647681703
counter/3/0/0/0,18098:1747647664829:,1747647681703
counter/6/0/0/0,18195:1747647665147:,1747647681703
counter/8/0/0/0,21437:1747647666019:,1747647681703
counter/6/0/0/0,18196:1747647665147:,1747647681703
counter/8/0/0/0,21438:1747647666019:,1747647681703
counter/9/0/0/0,24479:1747647668211:,1747647681703
counter/6/0/0/0,18197:1747647665147:,1747647681703
counter/8/0/0/0,21439:1747647666019:,1747647681703
counter/6/0/0/0,18198:1747647665147:,1747647681703
counter/8/0/0/0,21440:1747647666020:,1747647681703
counter/6/0/0/0,18199:1747647665147:,1747647681703
counter/8/0/0/0,21441:1747647666020:,1747647681704
counter/6/0/0/0,18200:1747647665147:,1747647681704
counter/8/0/0/0,21442:1747647666020:,1747647681704
counter/6/0/0/0,18201:1747647665147:,1747647681704
counter/8/0/0/0,21443:1747647666020:,1747647681704
counter/6/0/0/0,18202:1747647665147:,1747647681704
counter/8/0/0/0,21444:1747647666020:,1747647681704
counter/6/0/0/0,18203:1747647665147:,1747647681704
counter/8/0/0/0,21445:1747647666033:,1747647681704
counter/6/0/0/0,18204:1747647665147:,1747647681704
counter/8/0/0/0,21446:1747647666033:,1747647681704
counter/10/0/0/0,18786:1747647664746:,1747647681704
counter/6/0/0/0,18205:1747647665147:,1747647681704
counter/8/0/0/0,21447:1747647666033:,1747647681704
counter/9/0/0/0,24480:1747647668211:,1747647681704
counter/1/0/0/0,19126:1747647665587:,1747647681704
counter/6/0/0/0,18206:1747647665151:,1747647681704
counter/8/0/0/0,21448:1747647666033:,1747647681704
counter/2/0/0/0,24137:1747647669935:,1747647681704
counter/4/0/0/0,18639:1747647665667:,1747647681704
counter/6/0/0/0,18207:1747647665151:,1747647681704
counter/8/0/0/0,21449:1747647666033:,1747647681704
counter/6/0/0/0,18208:1747647665152:,1747647681704
counter/8/0/0/0,21450:1747647666033:,1747647681704
counter/6/0/0/0,18209:1747647665152:,1747647681704
counter/8/0/0/0,21451:1747647666033:,1747647681704
counter/6/0/0/0,18210:1747647665152:,1747647681704
counter/8/0/0/0,21452:1747647666033:,1747647681704
counter/8/0/0/0,21453:1747647666035:,1747647681704
counter/4/0/0/0,18640:1747647665667:,1747647681704
counter/8/0/0/0,21454:1747647666035:,1747647681704
counter/8/0/0/0,21455:1747647666035:,1747647681704
counter/8/0/0/0,21456:1747647666035:,1747647681704
counter/8/0/0/0,21457:1747647666035:,1747647681704
counter/8/0/0/0,21458:1747647666035:,1747647681704
counter/8/0/0/0,21459:1747647666035:,1747647681704
counter/8/0/0/0,21460:1747647666035:,1747647681704
counter/2/0/0/0,24138:1747647669937:,1747647681704
counter/8/0/0/0,21461:1747647666035:,1747647681704
counter/2/0/0/0,24139:1747647669940:,1747647681704
counter/5/0/0/0,20754:1747647666119:,1747647681704
counter/4/0/0/0,18641:1747647665667:,1747647681704
counter/9/0/0/0,24481:1747647668211:,1747647681705
counter/10/0/0/0,18787:1747647664746:,1747647681705
counter/4/0/0/0,18642:1747647665667:,1747647681705
counter/2/0/0/0,24140:1747647669945:,1747647681705
counter/8/0/0/0,21462:1747647666035:,1747647681705
counter/9/0/0/0,24482:1747647668211:,1747647681705
counter/10/0/0/0,18788:1747647664746:,1747647681705
counter/5/0/0/0,20755:1747647666616:,1747647681705
counter/1/0/0/0,19127:1747647665587:,1747647681705
counter/9/0/0/0,24483:1747647668217:,1747647681705
counter/5/0/0/0,20756:1747647666617:,1747647681705
counter/1/0/0/0,19128:1747647665587:,1747647681705
counter/3/0/0/0,18099:1747647664829:,1747647681705
counter/8/0/0/0,21463:1747647666035:,1747647681705
counter/3/0/0/0,18100:1747647664829:,1747647681705
counter/3/0/0/0,18101:1747647664829:,1747647681705
counter/3/0/0/0,18102:1747647664829:,1747647681705
counter/3/0/0/0,18103:1747647664829:,1747647681705
counter/10/0/0/0,18789:1747647664749:,1747647681705
counter/10/0/0/0,18790:1747647664749:,1747647681705
counter/5/0/0/0,20757:1747647666617:,1747647681705
counter/9/0/0/0,24484:1747647668217:,1747647681705
counter/9/0/0/0,24485:1747647668217:,1747647681705
counter/9/0/0/0,24486:1747647668217:,1747647681705
counter/9/0/0/0,24487:1747647668217:,1747647681705
counter/8/0/0/0,21464:1747647666035:,1747647681705
counter/4/0/0/0,18643:1747647665668:,1747647681705
counter/10/0/0/0,18791:1747647664751:,1747647681705
counter/9/0/0/0,24488:1747647668218:,1747647681705
counter/3/0/0/0,18104:1747647664830:,1747647681705
counter/2/0/0/0,24141:1747647669945:,1747647681705
counter/5/0/0/0,20758:1747647666618:,1747647681705
counter/10/0/0/0,18792:1747647664751:,1747647681705
counter/3/0/0/0,18105:1747647664830:,1747647681705
counter/2/0/0/0,24142:1747647669945:,1747647681705
counter/5/0/0/0,20759:1747647666625:,1747647681705
counter/1/0/0/0,19129:1747647665587:,1747647681705
counter/8/0/0/0,21465:1747647666035:,1747647681705
counter/4/0/0/0,18644:1747647665668:,1747647681705
counter/5/0/0/0,20760:1747647666627:,1747647681705
counter/5/0/0/0,20761:1747647666628:,1747647681705
counter/5/0/0/0,20762:1747647666628:,1747647681705
counter/5/0/0/0,20763:1747647666628:,1747647681705
counter/5/0/0/0,20764:1747647666639:,1747647681706
counter/3/0/0/0,18106:1747647664830:,1747647681706
counter/2/0/0/0,24143:1747647669945:,1747647681706
counter/4/0/0/0,18645:1747647665668:,1747647681706
counter/10/0/0/0,18793:1747647664751:,1747647681706
counter/5/0/0/0,20765:1747647666641:,1747647681706
counter/10/0/0/0,18794:1747647664751:,1747647681706
counter/3/0/0/0,18107:1747647664830:,1747647681706
counter/2/0/0/0,24144:1747647669945:,1747647681706
counter/1/0/0/0,19130:1747647665587:,1747647681706
counter/9/0/0/0,24489:1747647668218:,1747647681706
counter/5/0/0/0,20766:1747647666644:,1747647681706
counter/9/0/0/0,24490:1747647668218:,1747647681706
counter/4/0/0/0,18646:1747647665668:,1747647681706
counter/9/0/0/0,24491:1747647668218:,1747647681706
counter/5/0/0/0,20767:1747647666649:,1747647681706
counter/9/0/0/0,24492:1747647668218:,1747647681706
counter/5/0/0/0,20768:1747647666649:,1747647681706
counter/9/0/0/0,24493:1747647668218:,1747647681706
counter/5/0/0/0,20769:1747647666649:,1747647681706
counter/9/0/0/0,24494:1747647668218:,1747647681706
counter/5/0/0/0,20770:1747647666651:,1747647681706
counter/9/0/0/0,24495:1747647668218:,1747647681706
counter/5/0/0/0,20771:1747647666652:,1747647681706
counter/9/0/0/0,24496:1747647668218:,1747647681706
counter/5/0/0/0,20772:1747647666652:,1747647681706
counter/9/0/0/0,24497:1747647668218:,1747647681706
counter/5/0/0/0,20773:1747647666652:,1747647681706
counter/5/0/0/0,20774:1747647666652:,1747647681706
counter/5/0/0/0,20775:1747647666658:,1747647681706
counter/5/0/0/0,20776:1747647666658:,1747647681706
counter/5/0/0/0,20777:1747647666658:,1747647681706
counter/5/0/0/0,20778:1747647666658:,1747647681706
counter/5/0/0/0,20779:1747647666658:,1747647681706
counter/5/0/0/0,20780:1747647666658:,1747647681706
counter/4/0/0/0,18647:1747647665675:,1747647681706
counter/3/0/0/0,18108:1747647664830:,1747647681706
counter/4/0/0/0,18648:1747647665675:,1747647681706
counter/4/0/0/0,18649:1747647665675:,1747647681706
counter/4/0/0/0,18650:1747647665675:,1747647681706
counter/4/0/0/0,18651:1747647665675:,1747647681706
counter/4/0/0/0,18652:1747647665675:,1747647681706
counter/4/0/0/0,18653:1747647665675:,1747647681707
counter/1/0/0/0,19131:1747647665587:,1747647681707
counter/10/0/0/0,18795:1747647664751:,1747647681707
counter/5/0/0/0,20781:1747647666658:,1747647681707
counter/10/0/0/0,18796:1747647664752:,1747647681707
counter/8/0/0/0,21466:1747647666035:,1747647681707
counter/9/0/0/0,24498:1747647668218:,1747647681707
counter/5/0/0/0,20782:1747647666658:,1747647681707
counter/2/0/0/0,24145:1747647669945:,1747647681707
counter/10/0/0/0,18797:1747647664752:,1747647681707
counter/8/0/0/0,21467:1747647666035:,1747647681707
counter/10/0/0/0,18798:1747647664752:,1747647681707
counter/8/0/0/0,21468:1747647666035:,1747647681707
counter/8/0/0/0,21469:1747647666035:,1747647681707
counter/1/0/0/0,19132:1747647665588:,1747647681707
counter/8/0/0/0,21470:1747647666036:,1747647681707
counter/1/0/0/0,19133:1747647665588:,1747647681707
counter/8/0/0/0,21471:1747647666036:,1747647681707
counter/1/0/0/0,19134:1747647665588:,1747647681707
counter/6/0/0/0,18211:1747647665152:,1747647681707
counter/8/0/0/0,21472:1747647666036:,1747647681707
counter/3/0/0/0,18109:1747647664830:,1747647681707
counter/8/0/0/0,21473:1747647666036:,1747647681707
counter/8/0/0/0,21474:1747647666036:,1747647681707
counter/8/0/0/0,21475:1747647666036:,1747647681707
counter/8/0/0/0,21476:1747647666036:,1747647681707
counter/4/0/0/0,18654:1747647665675:,1747647681707
counter/3/0/0/0,18110:1747647664831:,1747647681707
counter/9/0/0/0,24499:1747647668218:,1747647681707
counter/8/0/0/0,21477:1747647666036:,1747647681707
counter/9/0/0/0,24500:1747647668218:,1747647681707
counter/5/0/0/0,20783:1747647666659:,1747647681707
counter/2/0/0/0,24146:1747647669946:,1747647681707
counter/6/0/0/0,18212:1747647665152:,1747647681707
counter/5/0/0/0,20784:1747647666659:,1747647681707
counter/10/0/0/0,18799:1747647664752:,1747647681707
counter/6/0/0/0,18213:1747647665152:,1747647681707
counter/2/0/0/0,24147:1747647669946:,1747647681707
counter/5/0/0/0,20785:1747647666659:,1747647681707
counter/5/0/0/0,20786:1747647666689:,1747647681708
counter/5/0/0/0,20787:1747647666689:,1747647681708
counter/5/0/0/0,20788:1747647666689:,1747647681708
counter/4/0/0/0,18655:1747647665675:,1747647681708
counter/9/0/0/0,24501:1747647668229:,1747647681708
counter/3/0/0/0,18111:1747647664831:,1747647681708
counter/10/0/0/0,18800:1747647664752:,1747647681708
counter/10/0/0/0,18801:1747647664752:,1747647681708
counter/6/0/0/0,18214:1747647665152:,1747647681708
counter/10/0/0/0,18802:1747647664752:,1747647681708
counter/10/0/0/0,18803:1747647664752:,1747647681708
counter/5/0/0/0,20789:1747647666689:,1747647681708
counter/5/0/0/0,20790:1747647666689:,1747647681708
counter/5/0/0/0,20791:1747647666689:,1747647681708
counter/9/0/0/0,24502:1747647668229:,1747647681708
counter/3/0/0/0,18112:1747647664831:,1747647681708
counter/2/0/0/0,24148:1747647669946:,1747647681708
counter/6/0/0/0,18215:1747647665152:,1747647681708
counter/6/0/0/0,18216:1747647665154:,1747647681708
counter/6/0/0/0,18217:1747647665154:,1747647681708
counter/6/0/0/0,18218:1747647665154:,1747647681708
counter/6/0/0/0,18219:1747647665154:,1747647681708
counter/6/0/0/0,18220:1747647665154:,1747647681708
counter/6/0/0/0,18221:1747647665154:,1747647681708
counter/9/0/0/0,24503:1747647668229:,1747647681708
counter/9/0/0/0,24504:1747647668229:,1747647681708
counter/9/0/0/0,24505:1747647668229:,1747647681708
counter/1/0/0/0,19135:1747647665588:,1747647681708
counter/10/0/0/0,18804:1747647664761:,1747647681708
counter/4/0/0/0,18656:1747647665675:,1747647681708
counter/5/0/0/0,20792:1747647666689:,1747647681708
counter/5/0/0/0,20793:1747647666689:,1747647681708
counter/5/0/0/0,20794:1747647666689:,1747647681708
counter/5/0/0/0,20795:1747647666689:,1747647681708
counter/3/0/0/0,18113:1747647664831:,1747647681708
counter/9/0/0/0,24506:1747647668229:,1747647681708
counter/9/0/0/0,24507:1747647668229:,1747647681708
counter/9/0/0/0,24508:1747647668229:,1747647681708
counter/9/0/0/0,24509:1747647668229:,1747647681708
counter/9/0/0/0,24510:1747647668229:,1747647681709
counter/9/0/0/0,24511:1747647668229:,1747647681709
counter/9/0/0/0,24512:1747647668229:,1747647681709
counter/9/0/0/0,24513:1747647668229:,1747647681709
counter/9/0/0/0,24514:1747647668230:,1747647681709
counter/9/0/0/0,24515:1747647668232:,1747647681709
counter/9/0/0/0,24516:1747647668232:,1747647681709
counter/9/0/0/0,24517:1747647668232:,1747647681709
counter/9/0/0/0,24518:1747647668232:,1747647681709
counter/9/0/0/0,24519:1747647668234:,1747647681709
counter/9/0/0/0,24520:1747647668234:,1747647681709
counter/9/0/0/0,24521:1747647668234:,1747647681709
counter/3/0/0/0,18114:1747647664831:,1747647681709
counter/1/0/0/0,19136:1747647665588:,1747647681709
counter/1/0/0/0,19137:1747647665588:,1747647681709
counter/1/0/0/0,19138:1747647665588:,1747647681709
counter/5/0/0/0,20796:1747647666701:,1747647681709
counter/4/0/0/0,18657:1747647665675:,1747647681709
counter/9/0/0/0,24522:1747647668234:,1747647681709
counter/8/0/0/0,21478:1747647666036:,1747647681709
counter/2/0/0/0,24149:1747647669946:,1747647681709
counter/6/0/0/0,18222:1747647665154:,1747647681709
counter/5/0/0/0,20797:1747647666701:,1747647681709
counter/4/0/0/0,18658:1747647665676:,1747647681709
counter/6/0/0/0,18223:1747647665154:,1747647681709
counter/4/0/0/0,18659:1747647665676:,1747647681709
counter/6/0/0/0,18224:1747647665155:,1747647681709
counter/9/0/0/0,24523:1747647668234:,1747647681709
counter/6/0/0/0,18225:1747647665155:,1747647681709
counter/6/0/0/0,18226:1747647665155:,1747647681709
counter/8/0/0/0,21479:1747647666036:,1747647681709
counter/2/0/0/0,24150:1747647669947:,1747647681709
counter/3/0/0/0,18115:1747647664832:,1747647681709
counter/5/0/0/0,20798:1747647666701:,1747647681709
counter/10/0/0/0,18805:1747647664761:,1747647681709
counter/4/0/0/0,18660:1747647665676:,1747647681709
counter/10/0/0/0,18806:1747647664761:,1747647681709
counter/9/0/0/0,24524:1747647668234:,1747647681709
counter/8/0/0/0,21480:1747647666036:,1747647681709
counter/8/0/0/0,21481:1747647666036:,1747647681709
counter/8/0/0/0,21482:1747647666036:,1747647681709
counter/8/0/0/0,21483:1747647666036:,1747647681709
counter/8/0/0/0,21484:1747647666036:,1747647681709
counter/8/0/0/0,21485:1747647666037:,1747647681709
counter/8/0/0/0,21486:1747647666037:,1747647681709
counter/4/0/0/0,18661:1747647665676:,1747647681710
counter/8/0/0/0,21487:1747647666037:,1747647681710
counter/9/0/0/0,24525:1747647668234:,1747647681710
counter/1/0/0/0,19139:1747647665588:,1747647681710
counter/2/0/0/0,24151:1747647669947:,1747647681710
counter/3/0/0/0,18116:1747647664832:,1747647681710
counter/6/0/0/0,18227:1747647665155:,1747647681710
counter/6/0/0/0,18228:1747647665155:,1747647681710
counter/9/0/0/0,24526:1747647668234:,1747647681710
counter/2/0/0/0,24152:1747647669947:,1747647681710
counter/3/0/0/0,18117:1747647664836:,1747647681710
counter/10/0/0/0,18807:1747647664765:,1747647681710
counter/5/0/0/0,20799:1747647666702:,1747647681710
counter/5/0/0/0,20800:1747647666702:,1747647681710
counter/5/0/0/0,20801:1747647666716:,1747647681710
counter/5/0/0/0,20802:1747647666717:,1747647681710
counter/5/0/0/0,20803:1747647666717:,1747647681710
counter/5/0/0/0,20804:1747647666717:,1747647681710
counter/5/0/0/0,20805:1747647666741:,1747647681710
counter/5/0/0/0,20806:1747647666741:,1747647681710
counter/5/0/0/0,20807:1747647666741:,1747647681710
counter/6/0/0/0,18229:1747647665157:,1747647681710
counter/3/0/0/0,18118:1747647664836:,1747647681710
counter/5/0/0/0,20808:1747647666741:,1747647681710
counter/6/0/0/0,18230:1747647665157:,1747647681710
counter/3/0/0/0,18119:1747647664836:,1747647681710
counter/3/0/0/0,18120:1747647664836:,1747647681710
counter/5/0/0/0,20809:1747647666741:,1747647681710
counter/3/0/0/0,18121:1747647664836:,1747647681710
counter/3/0/0/0,18122:1747647664836:,1747647681710
counter/3/0/0/0,18123:1747647664836:,1747647681710
counter/3/0/0/0,18124:1747647664836:,1747647681710
counter/3/0/0/0,18125:1747647664836:,1747647681710
counter/3/0/0/0,18126:1747647664836:,1747647681710
counter/3/0/0/0,18127:1747647664844:,1747647681710
counter/3/0/0/0,18128:1747647664844:,1747647681710
counter/6/0/0/0,18231:1747647665157:,1747647681710
counter/5/0/0/0,20810:1747647666741:,1747647681710
counter/3/0/0/0,18129:1747647664844:,1747647681710
counter/8/0/0/0,21488:1747647666037:,1747647681710
counter/10/0/0/0,18808:1747647664765:,1747647681710
counter/4/0/0/0,18662:1747647665677:,1747647681710
counter/4/0/0/0,18663:1747647665678:,1747647681710
counter/9/0/0/0,24527:1747647668235:,1747647681710
counter/9/0/0/0,24528:1747647668235:,1747647681711
counter/9/0/0/0,24529:1747647668235:,1747647681711
counter/9/0/0/0,24530:1747647668235:,1747647681711
counter/9/0/0/0,24531:1747647668235:,1747647681711
counter/6/0/0/0,18232:1747647665157:,1747647681711
counter/9/0/0/0,24532:1747647668237:,1747647681711
counter/3/0/0/0,18130:1747647664844:,1747647681711
counter/2/0/0/0,24153:1747647669947:,1747647681711
counter/8/0/0/0,21489:1747647666037:,1747647681711
counter/10/0/0/0,18809:1747647664765:,1747647681711
counter/4/0/0/0,18664:1747647665678:,1747647681711
counter/4/0/0/0,18665:1747647665678:,1747647681711
counter/5/0/0/0,20811:1747647666741:,1747647681711
counter/1/0/0/0,19140:1747647665588:,1747647681711
counter/9/0/0/0,24533:1747647668237:,1747647681711
counter/6/0/0/0,18233:1747647665157:,1747647681711
counter/5/0/0/0,20812:1747647666741:,1747647681711
counter/1/0/0/0,19141:1747647665588:,1747647681711
counter/9/0/0/0,24534:1747647668237:,1747647681711
counter/3/0/0/0,18131:1747647664844:,1747647681711
counter/2/0/0/0,24154:1747647669947:,1747647681711
counter/8/0/0/0,21490:1747647666037:,1747647681711
counter/4/0/0/0,18666:1747647665678:,1747647681711
counter/10/0/0/0,18810:1747647664765:,1747647681711
counter/6/0/0/0,18234:1747647665157:,1747647681711
counter/5/0/0/0,20813:1747647666741:,1747647681711
counter/6/0/0/0,18235:1747647665157:,1747647681711
counter/1/0/0/0,19142:1747647665588:,1747647681711
counter/9/0/0/0,24535:1747647668237:,1747647681711
counter/3/0/0/0,18132:1747647664844:,1747647681711
counter/2/0/0/0,24155:1747647669947:,1747647681711
counter/8/0/0/0,21491:1747647666037:,1747647681711
counter/4/0/0/0,18667:1747647665678:,1747647681711
counter/10/0/0/0,18811:1747647664765:,1747647681711
counter/5/0/0/0,20814:1747647666741:,1747647681711
counter/6/0/0/0,18236:1747647665157:,1747647681711
counter/1/0/0/0,19143:1747647665588:,1747647681711
counter/6/0/0/0,18237:1747647665157:,1747647681711
counter/9/0/0/0,24536:1747647668237:,1747647681711
counter/6/0/0/0,18238:1747647665157:,1747647681711
counter/3/0/0/0,18133:1747647664844:,1747647681711
counter/9/0/0/0,24537:1747647668238:,1747647681711
counter/8/0/0/0,21492:1747647666037:,1747647681712
counter/4/0/0/0,18668:1747647665678:,1747647681712
counter/10/0/0/0,18812:1747647664774:,1747647681712
counter/5/0/0/0,20815:1747647666741:,1747647681712
counter/1/0/0/0,19144:1747647665588:,1747647681712
counter/1/0/0/0,19145:1747647665590:,1747647681712
counter/1/0/0/0,19146:1747647665590:,1747647681712
counter/1/0/0/0,19147:1747647665590:,1747647681712
counter/2/0/0/0,24156:1747647669947:,1747647681712
counter/6/0/0/0,18239:1747647665157:,1747647681712
counter/6/0/0/0,18240:1747647665157:,1747647681712
counter/3/0/0/0,18134:1747647664844:,1747647681712
counter/1/0/0/0,19148:1747647665590:,1747647681712
counter/2/0/0/0,24157:1747647669947:,1747647681712
counter/8/0/0/0,21493:1747647666037:,1747647681712
counter/4/0/0/0,18669:1747647665679:,1747647681712
counter/10/0/0/0,18813:1747647664775:,1747647681712
counter/10/0/0/0,18814:1747647664775:,1747647681712
counter/5/0/0/0,20816:1747647666741:,1747647681712
counter/3/0/0/0,18135:1747647664844:,1747647681712
counter/6/0/0/0,18241:1747647665157:,1747647681712
counter/6/0/0/0,18242:1747647665157:,1747647681712
counter/6/0/0/0,18243:1747647665157:,1747647681712
counter/6/0/0/0,18244:1747647665157:,1747647681712
counter/6/0/0/0,18245:1747647665157:,1747647681712
counter/6/0/0/0,18246:1747647665157:,1747647681712
counter/6/0/0/0,18247:1747647665157:,1747647681712
counter/6/0/0/0,18248:1747647665157:,1747647681712
counter/10/0/0/0,18815:1747647664775:,1747647681712
counter/6/0/0/0,18249:1747647665157:,1747647681712
counter/1/0/0/0,19149:1747647665590:,1747647681712
counter/2/0/0/0,24158:1747647669947:,1747647681712
counter/8/0/0/0,21494:1747647666037:,1747647681712
counter/4/0/0/0,18670:1747647665679:,1747647681712
counter/9/0/0/0,24538:1747647668238:,1747647681712
counter/5/0/0/0,20817:1747647666766:,1747647681712
counter/6/0/0/0,18250:1747647665157:,1747647681712
counter/5/0/0/0,20818:1747647666766:,1747647681712
counter/3/0/0/0,18136:1747647664846:,1747647681712
counter/10/0/0/0,18816:1747647664775:,1747647681712
counter/1/0/0/0,19150:1747647665590:,1747647681712
counter/2/0/0/0,24159:1747647669947:,1747647681713
counter/8/0/0/0,21495:1747647666037:,1747647681713
counter/4/0/0/0,18671:1747647665679:,1747647681713
counter/9/0/0/0,24539:1747647668238:,1747647681713
counter/6/0/0/0,18251:1747647665157:,1747647681713
counter/6/0/0/0,18252:1747647665157:,1747647681713
counter/6/0/0/0,18253:1747647665157:,1747647681713
counter/6/0/0/0,18254:1747647665157:,1747647681713
counter/6/0/0/0,18255:1747647665157:,1747647681713
counter/6/0/0/0,18256:1747647665157:,1747647681713
counter/6/0/0/0,18257:1747647665157:,1747647681713
counter/6/0/0/0,18258:1747647665157:,1747647681713
counter/6/0/0/0,18259:1747647665158:,1747647681713
counter/6/0/0/0,18260:1747647665158:,1747647681713
counter/10/0/0/0,18817:1747647664775:,1747647681713
counter/6/0/0/0,18261:1747647665158:,1747647681713
counter/2/0/0/0,24160:1747647669947:,1747647681713
counter/6/0/0/0,18262:1747647665158:,1747647681713
counter/1/0/0/0,19151:1747647665590:,1747647681713
counter/8/0/0/0,21496:1747647666037:,1747647681713
counter/4/0/0/0,18672:1747647665679:,1747647681713
counter/9/0/0/0,24540:1747647668238:,1747647681713
counter/5/0/0/0,20819:1747647666766:,1747647681713
counter/3/0/0/0,18137:1747647664846:,1747647681713
counter/6/0/0/0,18263:1747647665158:,1747647681713
counter/6/0/0/0,18264:1747647665158:,1747647681713
counter/6/0/0/0,18265:1747647665158:,1747647681713
counter/6/0/0/0,18266:1747647665158:,1747647681713
counter/6/0/0/0,18267:1747647665160:,1747647681713
counter/6/0/0/0,18268:1747647665160:,1747647681713
counter/6/0/0/0,18269:1747647665160:,1747647681713
counter/6/0/0/0,18270:1747647665160:,1747647681713
counter/6/0/0/0,18271:1747647665160:,1747647681713
counter/6/0/0/0,18272:1747647665160:,1747647681713
counter/6/0/0/0,18273:1747647665160:,1747647681713
counter/6/0/0/0,18274:1747647665160:,1747647681713
counter/6/0/0/0,18275:1747647665160:,1747647681713
counter/6/0/0/0,18276:1747647665160:,1747647681713
counter/6/0/0/0,18277:1747647665160:,1747647681714
counter/6/0/0/0,18278:1747647665160:,1747647681714
counter/6/0/0/0,18279:1747647665160:,1747647681714
counter/6/0/0/0,18280:1747647665160:,1747647681714
counter/6/0/0/0,18281:1747647665160:,1747647681714
counter/6/0/0/0,18282:1747647665160:,1747647681714
counter/6/0/0/0,18283:1747647665160:,1747647681714
counter/6/0/0/0,18284:1747647665160:,1747647681714
counter/6/0/0/0,18285:1747647665160:,1747647681714
counter/6/0/0/0,18286:1747647665160:,1747647681714
counter/6/0/0/0,18287:1747647665160:,1747647681714
counter/6/0/0/0,18288:1747647665160:,1747647681714
counter/9/0/0/0,24541:1747647668238:,1747647681714
counter/6/0/0/0,18289:1747647665160:,1747647681714
counter/4/0/0/0,18673:1747647665679:,1747647681714
counter/6/0/0/0,18290:1747647665160:,1747647681714
counter/3/0/0/0,18138:1747647664846:,1747647681714
counter/6/0/0/0,18291:1747647665160:,1747647681714
counter/10/0/0/0,18818:1747647664775:,1747647681714
counter/6/0/0/0,18292:1747647665160:,1747647681714
counter/2/0/0/0,24161:1747647669947:,1747647681714
counter/1/0/0/0,19152:1747647665590:,1747647681714
counter/6/0/0/0,18293:1747647665160:,1747647681714
counter/1/0/0/0,19153:1747647665590:,1747647681714
counter/1/0/0/0,19154:1747647665590:,1747647681714
counter/1/0/0/0,19155:1747647665590:,1747647681714
counter/4/0/0/0,18674:1747647665679:,1747647681714
counter/8/0/0/0,21497:1747647666055:,1747647681714
counter/6/0/0/0,18294:1747647665160:,1747647681714
counter/6/0/0/0,18295:1747647665160:,1747647681714
counter/8/0/0/0,21498:1747647666055:,1747647681714
counter/8/0/0/0,21499:1747647666055:,1747647681714
counter/3/0/0/0,18139:1747647664846:,1747647681714
counter/10/0/0/0,18819:1747647664775:,1747647681714
counter/2/0/0/0,24162:1747647669947:,1747647681714
counter/2/0/0/0,24163:1747647669947:,1747647681714
counter/2/0/0/0,24164:1747647669947:,1747647681714
counter/2/0/0/0,24165:1747647669947:,1747647681714
counter/2/0/0/0,24166:1747647669948:,1747647681714
counter/2/0/0/0,24167:1747647669948:,1747647681714
counter/2/0/0/0,24168:1747647669948:,1747647681714
counter/2/0/0/0,24169:1747647669948:,1747647681714
counter/2/0/0/0,24170:1747647669958:,1747647681715
counter/2/0/0/0,24171:1747647669972:,1747647681715
counter/2/0/0/0,24172:1747647669972:,1747647681715
counter/2/0/0/0,24173:1747647669972:,1747647681715
counter/2/0/0/0,24174:1747647669972:,1747647681715
counter/2/0/0/0,24175:1747647669972:,1747647681715
counter/2/0/0/0,24176:1747647669972:,1747647681715
counter/2/0/0/0,24177:1747647669972:,1747647681715
counter/2/0/0/0,24178:1747647669972:,1747647681715
counter/2/0/0/0,24179:1747647669975:,1747647681715
counter/2/0/0/0,24180:1747647669975:,1747647681715
counter/2/0/0/0,24181:1747647669975:,1747647681715
counter/2/0/0/0,24182:1747647669975:,1747647681715
counter/2/0/0/0,24183:1747647669975:,1747647681715
counter/2/0/0/0,24184:1747647669975:,1747647681715
counter/1/0/0/0,19156:1747647665590:,1747647681715
counter/1/0/0/0,19157:1747647665590:,1747647681715
counter/2/0/0/0,24185:1747647669975:,1747647681715
counter/1/0/0/0,19158:1747647665591:,1747647681715
counter/3/0/0/0,18140:1747647664846:,1747647681715
counter/10/0/0/0,18820:1747647664775:,1747647681715
counter/4/0/0/0,18675:1747647665679:,1747647681715
counter/6/0/0/0,18296:1747647665160:,1747647681715
counter/9/0/0/0,24542:1747647668238:,1747647681715
counter/6/0/0/0,18297:1747647665160:,1747647681715
counter/10/0/0/0,18821:1747647664775:,1747647681715
counter/3/0/0/0,18141:1747647664847:,1747647681715
counter/10/0/0/0,18822:1747647664779:,1747647681715
counter/8/0/0/0,21500:1747647666055:,1747647681715
counter/2/0/0/0,24186:1747647669977:,1747647681715
counter/8/0/0/0,21501:1747647666055:,1747647681715
counter/1/0/0/0,19159:1747647665591:,1747647681715
counter/6/0/0/0,18298:1747647665160:,1747647681715
counter/9/0/0/0,24543:1747647668238:,1747647681715
counter/6/0/0/0,18299:1747647665160:,1747647681715
counter/3/0/0/0,18142:1747647664847:,1747647681715
counter/10/0/0/0,18823:1747647664780:,1747647681715
counter/2/0/0/0,24187:1747647669977:,1747647681715
counter/10/0/0/0,18824:1747647664780:,1747647681715
counter/10/0/0/0,18825:1747647664780:,1747647681715
counter/10/0/0/0,18826:1747647664780:,1747647681715
counter/10/0/0/0,18827:1747647664788:,1747647681716
counter/10/0/0/0,18828:1747647664788:,1747647681716
counter/10/0/0/0,18829:1747647664788:,1747647681716
counter/4/0/0/0,18676:1747647665679:,1747647681716
counter/6/0/0/0,18300:1747647665160:,1747647681716
counter/10/0/0/0,18830:1747647664788:,1747647681716
counter/7/0/0/0,17425:1747647663297:,1747647681716
counter/3/0/0/0,18143:1747647664847:,1747647681716
counter/8/0/0/0,21502:1747647666055:,1747647681716
counter/7/0/0/0,17426:1747647663297:,1747647681716
counter/2/0/0/0,24188:1747647669977:,1747647681716
counter/7/0/0/0,17427:1747647663297:,1747647681716
counter/1/0/0/0,19160:1747647665592:,1747647681716
counter/7/0/0/0,17428:1747647663297:,1747647681716
counter/5/0/0/0,20820:1747647666766:,1747647681716
counter/9/0/0/0,24544:1747647668238:,1747647681716
counter/7/0/0/0,17429:1747647663297:,1747647681716
counter/7/0/0/0,17430:1747647663297:,1747647681716
counter/7/0/0/0,17431:1747647663297:,1747647681716
counter/7/0/0/0,17432:1747647663297:,1747647681716
counter/6/0/0/0,18301:1747647665160:,1747647681716
counter/7/0/0/0,17433:1747647663297:,1747647681716
counter/3/0/0/0,18144:1747647664847:,1747647681716
counter/7/0/0/0,17434:1747647663297:,1747647681716
counter/8/0/0/0,21503:1747647666055:,1747647681716
counter/2/0/0/0,24189:1747647669978:,1747647681716
counter/7/0/0/0,17435:1747647663297:,1747647681716
counter/1/0/0/0,19161:1747647665592:,1747647681716
counter/5/0/0/0,20821:1747647666766:,1747647681716
counter/7/0/0/0,17436:1747647663297:,1747647681716
counter/9/0/0/0,24545:1747647668238:,1747647681716
counter/7/0/0/0,17437:1747647663297:,1747647681716
counter/4/0/0/0,18677:1747647665679:,1747647681716
counter/10/0/0/0,18831:1747647664788:,1747647681716
counter/7/0/0/0,17438:1747647663308:,1747647681716
counter/6/0/0/0,18302:1747647665160:,1747647681716
counter/7/0/0/0,17439:1747647663308:,1747647681716
counter/6/0/0/0,18303:1747647665160:,1747647681716
counter/7/0/0/0,17440:1747647663308:,1747647681716
counter/6/0/0/0,18304:1747647665170:,1747647681716
counter/7/0/0/0,17441:1747647663308:,1747647681716
counter/6/0/0/0,18305:1747647665170:,1747647681716
counter/7/0/0/0,17442:1747647663308:,1747647681716
counter/6/0/0/0,18306:1747647665170:,1747647681716
counter/7/0/0/0,17443:1747647663308:,1747647681716
counter/6/0/0/0,18307:1747647665170:,1747647681716
counter/7/0/0/0,17444:1747647663309:,1747647681717
counter/6/0/0/0,18308:1747647665171:,1747647681717
counter/7/0/0/0,17445:1747647663309:,1747647681717
counter/6/0/0/0,18309:1747647665171:,1747647681717
counter/7/0/0/0,17446:1747647663309:,1747647681717
counter/6/0/0/0,18310:1747647665171:,1747647681717
counter/7/0/0/0,17447:1747647663309:,1747647681717
counter/6/0/0/0,18311:1747647665171:,1747647681717
counter/7/0/0/0,17448:1747647663309:,1747647681717
counter/6/0/0/0,18312:1747647665171:,1747647681717
counter/7/0/0/0,17449:1747647663309:,1747647681717
counter/6/0/0/0,18313:1747647665174:,1747647681717
counter/7/0/0/0,17450:1747647663309:,1747647681717
counter/6/0/0/0,18314:1747647665174:,1747647681717
counter/7/0/0/0,17451:1747647663309:,1747647681717
counter/6/0/0/0,18315:1747647665174:,1747647681717
counter/7/0/0/0,17452:1747647663309:,1747647681717
counter/6/0/0/0,18316:1747647665174:,1747647681717
counter/7/0/0/0,17453:1747647663310:,1747647681717
counter/6/0/0/0,18317:1747647665174:,1747647681717
counter/7/0/0/0,17454:1747647663310:,1747647681717
counter/6/0/0/0,18318:1747647665174:,1747647681717
counter/7/0/0/0,17455:1747647663310:,1747647681717
counter/6/0/0/0,18319:1747647665174:,1747647681717
counter/7/0/0/0,17456:1747647663315:,1747647681717
counter/6/0/0/0,18320:1747647665174:,1747647681717
counter/7/0/0/0,17457:1747647663315:,1747647681717
counter/6/0/0/0,18321:1747647665174:,1747647681717
counter/7/0/0/0,17458:1747647663315:,1747647681717
counter/6/0/0/0,18322:1747647665174:,1747647681717
counter/7/0/0/0,17459:1747647663315:,1747647681717
counter/6/0/0/0,18323:1747647665174:,1747647681717
counter/7/0/0/0,17460:1747647663315:,1747647681717
counter/6/0/0/0,18324:1747647665174:,1747647681717
counter/7/0/0/0,17461:1747647663315:,1747647681717
counter/6/0/0/0,18325:1747647665175:,1747647681717
counter/7/0/0/0,17462:1747647663315:,1747647681717
counter/6/0/0/0,18326:1747647665189:,1747647681717
counter/7/0/0/0,17463:1747647663319:,1747647681717
counter/6/0/0/0,18327:1747647665189:,1747647681717
counter/7/0/0/0,17464:1747647663319:,1747647681717
counter/6/0/0/0,18328:1747647665189:,1747647681717
counter/7/0/0/0,17465:1747647663319:,1747647681718
counter/6/0/0/0,18329:1747647665189:,1747647681718
counter/7/0/0/0,17466:1747647663319:,1747647681718
counter/6/0/0/0,18330:1747647665189:,1747647681718
counter/7/0/0/0,17467:1747647663319:,1747647681718
counter/6/0/0/0,18331:1747647665189:,1747647681718
counter/7/0/0/0,17468:1747647663319:,1747647681718
counter/6/0/0/0,18332:1747647665189:,1747647681718
counter/7/0/0/0,17469:1747647663319:,1747647681718
counter/6/0/0/0,18333:1747647665189:,1747647681718
counter/7/0/0/0,17470:1747647663328:,1747647681718
counter/6/0/0/0,18334:1747647665189:,1747647681718
counter/7/0/0/0,17471:1747647663328:,1747647681718
counter/6/0/0/0,18335:1747647665189:,1747647681718
counter/7/0/0/0,17472:1747647663329:,1747647681718
counter/6/0/0/0,18336:1747647665189:,1747647681718
counter/7/0/0/0,17473:1747647663329:,1747647681718
counter/6/0/0/0,18337:1747647665194:,1747647681718
counter/7/0/0/0,17474:1747647663329:,1747647681718
counter/6/0/0/0,18338:1747647665194:,1747647681718
counter/7/0/0/0,17475:1747647663329:,1747647681718
counter/6/0/0/0,18339:1747647665194:,1747647681718
counter/7/0/0/0,17476:1747647663329:,1747647681718
counter/6/0/0/0,18340:1747647665194:,1747647681718
counter/7/0/0/0,17477:1747647663329:,1747647681718
counter/6/0/0/0,18341:1747647665194:,1747647681718
counter/7/0/0/0,17478:1747647663329:,1747647681718
counter/6/0/0/0,18342:1747647665194:,1747647681718
counter/7/0/0/0,17479:1747647663329:,1747647681718
counter/6/0/0/0,18343:1747647665194:,1747647681718
counter/7/0/0/0,17480:1747647663329:,1747647681718
counter/6/0/0/0,18344:1747647665195:,1747647681718
counter/7/0/0/0,17481:1747647663330:,1747647681718
counter/6/0/0/0,18345:1747647665195:,1747647681718
counter/7/0/0/0,17482:1747647663330:,1747647681718
counter/6/0/0/0,18346:1747647665195:,1747647681718
counter/7/0/0/0,17483:1747647663330:,1747647681718
counter/6/0/0/0,18347:1747647665195:,1747647681718
counter/7/0/0/0,17484:1747647663330:,1747647681718
counter/6/0/0/0,18348:1747647665195:,1747647681719
counter/8/0/0/0,21504:1747647666056:,1747647681719
counter/7/0/0/0,17485:1747647663330:,1747647681719
counter/6/0/0/0,18349:1747647665195:,1747647681719
counter/3/0/0/0,18145:1747647664847:,1747647681719
counter/2/0/0/0,24190:1747647669978:,1747647681719
counter/7/0/0/0,17486:1747647663330:,1747647681719
counter/6/0/0/0,18350:1747647665195:,1747647681719
counter/1/0/0/0,19162:1747647665592:,1747647681719
counter/9/0/0/0,24546:1747647668238:,1747647681719
counter/7/0/0/0,17487:1747647663330:,1747647681719
counter/6/0/0/0,18351:1747647665195:,1747647681719
counter/5/0/0/0,20822:1747647666766:,1747647681719
counter/4/0/0/0,18678:1747647665679:,1747647681719
counter/7/0/0/0,17488:1747647663330:,1747647681719
counter/6/0/0/0,18352:1747647665195:,1747647681719
counter/7/0/0/0,17489:1747647663330:,1747647681719
counter/6/0/0/0,18353:1747647665195:,1747647681719
counter/7/0/0/0,17490:1747647663330:,1747647681719
counter/6/0/0/0,18354:1747647665195:,1747647681719
counter/7/0/0/0,17491:1747647663330:,1747647681719
counter/6/0/0/0,18355:1747647665201:,1747647681719
counter/7/0/0/0,17492:1747647663330:,1747647681719
counter/6/0/0/0,18356:1747647665201:,1747647681719
counter/7/0/0/0,17493:1747647663330:,1747647681719
counter/6/0/0/0,18357:1747647665201:,1747647681719
counter/7/0/0/0,17494:1747647663330:,1747647681719
counter/6/0/0/0,18358:1747647665201:,1747647681719
counter/7/0/0/0,17495:1747647663330:,1747647681719
counter/6/0/0/0,18359:1747647665201:,1747647681719
counter/7/0/0/0,17496:1747647663330:,1747647681719
counter/6/0/0/0,18360:1747647665201:,1747647681719
counter/7/0/0/0,17497:1747647663330:,1747647681719
counter/6/0/0/0,18361:1747647665201:,1747647681719
counter/7/0/0/0,17498:1747647663330:,1747647681719
counter/6/0/0/0,18362:1747647665201:,1747647681719
counter/7/0/0/0,17499:1747647663330:,1747647681719
counter/6/0/0/0,18363:1747647665201:,1747647681719
counter/7/0/0/0,17500:1747647663339:,1747647681719
counter/6/0/0/0,18364:1747647665202:,1747647681720
counter/7/0/0/0,17501:1747647663339:,1747647681720
counter/6/0/0/0,18365:1747647665202:,1747647681720
counter/7/0/0/0,17502:1747647663339:,1747647681720
counter/6/0/0/0,18366:1747647665202:,1747647681720
counter/7/0/0/0,17503:1747647663339:,1747647681720
counter/6/0/0/0,18367:1747647665202:,1747647681720
counter/7/0/0/0,17504:1747647663339:,1747647681720
counter/6/0/0/0,18368:1747647665202:,1747647681720
counter/7/0/0/0,17505:1747647663339:,1747647681720
counter/6/0/0/0,18369:1747647665203:,1747647681720
counter/7/0/0/0,17506:1747647663339:,1747647681720
counter/6/0/0/0,18370:1747647665203:,1747647681720
counter/7/0/0/0,17507:1747647663339:,1747647681720
counter/6/0/0/0,18371:1747647665209:,1747647681720
counter/7/0/0/0,17508:1747647663339:,1747647681720
counter/6/0/0/0,18372:1747647665209:,1747647681720
counter/7/0/0/0,17509:1747647663339:,1747647681720
counter/6/0/0/0,18373:1747647665209:,1747647681720
counter/7/0/0/0,17510:1747647663339:,1747647681720
counter/6/0/0/0,18374:1747647665209:,1747647681720
counter/7/0/0/0,17511:1747647663339:,1747647681720
counter/6/0/0/0,18375:1747647665209:,1747647681720
counter/7/0/0/0,17512:1747647663339:,1747647681720
counter/6/0/0/0,18376:1747647665209:,1747647681720
counter/7/0/0/0,17513:1747647663341:,1747647681720
counter/6/0/0/0,18377:1747647665209:,1747647681720
counter/7/0/0/0,17514:1747647663341:,1747647681720
counter/6/0/0/0,18378:1747647665209:,1747647681720
counter/7/0/0/0,17515:1747647663343:,1747647681720
counter/6/0/0/0,18379:1747647665209:,1747647681720
counter/7/0/0/0,17516:1747647663343:,1747647681720
counter/6/0/0/0,18380:1747647665257:,1747647681720
counter/7/0/0/0,17517:1747647663343:,1747647681720
counter/6/0/0/0,18381:1747647665257:,1747647681720
counter/7/0/0/0,17518:1747647663343:,1747647681720
counter/6/0/0/0,18382:1747647665257:,1747647681720
counter/7/0/0/0,17519:1747647663343:,1747647681720
counter/6/0/0/0,18383:1747647665257:,1747647681720
counter/7/0/0/0,17520:1747647663343:,1747647681720
counter/6/0/0/0,18384:1747647665257:,1747647681720
counter/7/0/0/0,17521:1747647663343:,1747647681721
counter/6/0/0/0,18385:1747647665264:,1747647681721
counter/7/0/0/0,17522:1747647663343:,1747647681721
counter/6/0/0/0,18386:1747647665264:,1747647681721
counter/7/0/0/0,17523:1747647663343:,1747647681721
counter/6/0/0/0,18387:1747647665264:,1747647681721
counter/7/0/0/0,17524:1747647663343:,1747647681721
counter/6/0/0/0,18388:1747647665264:,1747647681721
counter/7/0/0/0,17525:1747647663343:,1747647681721
counter/6/0/0/0,18389:1747647665264:,1747647681721
counter/7/0/0/0,17526:1747647663343:,1747647681721
counter/6/0/0/0,18390:1747647665264:,1747647681721
counter/7/0/0/0,17527:1747647663343:,1747647681721
counter/6/0/0/0,18391:1747647665264:,1747647681721
counter/7/0/0/0,17528:1747647663343:,1747647681721
counter/6/0/0/0,18392:1747647665264:,1747647681721
counter/7/0/0/0,17529:1747647663344:,1747647681721
counter/6/0/0/0,18393:1747647665264:,1747647681721
counter/2/0/0/0,24191:1747647669978:,1747647681721
counter/7/0/0/0,17530:1747647663344:,1747647681721
counter/6/0/0/0,18394:1747647665264:,1747647681721
counter/8/0/0/0,21505:1747647666058:,1747647681721
counter/7/0/0/0,17531:1747647663362:,1747647681721
counter/6/0/0/0,18395:1747647665264:,1747647681721
counter/1/0/0/0,19163:1747647665592:,1747647681721
counter/9/0/0/0,24547:1747647668238:,1747647681721
counter/7/0/0/0,17532:1747647663362:,1747647681721
counter/6/0/0/0,18396:1747647665264:,1747647681721
counter/5/0/0/0,20823:1747647666766:,1747647681721
counter/3/0/0/0,18146:1747647664847:,1747647681721
counter/4/0/0/0,18679:1747647665679:,1747647681721
counter/7/0/0/0,17533:1747647663362:,1747647681721
counter/6/0/0/0,18397:1747647665264:,1747647681721
counter/10/0/0/0,18832:1747647664788:,1747647681721
counter/7/0/0/0,17534:1747647663362:,1747647681721
counter/6/0/0/0,18398:1747647665269:,1747647681721
counter/7/0/0/0,17535:1747647663362:,1747647681721
counter/6/0/0/0,18399:1747647665283:,1747647681721
counter/7/0/0/0,17536:1747647663362:,1747647681721
counter/6/0/0/0,18400:1747647665283:,1747647681721
counter/7/0/0/0,17537:1747647663366:,1747647681721
counter/6/0/0/0,18401:1747647665283:,1747647681721
counter/7/0/0/0,17538:1747647663366:,1747647681721
counter/6/0/0/0,18402:1747647665291:,1747647681722
counter/7/0/0/0,17539:1747647663366:,1747647681722
counter/6/0/0/0,18403:1747647665291:,1747647681722
counter/7/0/0/0,17540:1747647663366:,1747647681722
counter/6/0/0/0,18404:1747647665291:,1747647681722
counter/7/0/0/0,17541:1747647663366:,1747647681722
counter/6/0/0/0,18405:1747647665291:,1747647681722
counter/7/0/0/0,17542:1747647663366:,1747647681722
counter/6/0/0/0,18406:1747647665291:,1747647681722
counter/7/0/0/0,17543:1747647663366:,1747647681722
counter/6/0/0/0,18407:1747647665291:,1747647681722
counter/7/0/0/0,17544:1747647663366:,1747647681722
counter/6/0/0/0,18408:1747647665291:,1747647681722
counter/7/0/0/0,17545:1747647663366:,1747647681722
counter/6/0/0/0,18409:1747647665291:,1747647681722
counter/7/0/0/0,17546:1747647663366:,1747647681722
counter/6/0/0/0,18410:1747647665305:,1747647681722
counter/7/0/0/0,17547:1747647663366:,1747647681722
counter/6/0/0/0,18411:1747647665305:,1747647681722
counter/7/0/0/0,17548:1747647663366:,1747647681722
counter/6/0/0/0,18412:1747647665305:,1747647681722
counter/7/0/0/0,17549:1747647663366:,1747647681722
counter/6/0/0/0,18413:1747647665305:,1747647681722
counter/7/0/0/0,17550:1747647663366:,1747647681722
counter/6/0/0/0,18414:1747647665317:,1747647681722
counter/7/0/0/0,17551:1747647663366:,1747647681722
counter/6/0/0/0,18415:1747647665317:,1747647681722
counter/7/0/0/0,17552:1747647663366:,1747647681722
counter/6/0/0/0,18416:1747647665317:,1747647681722
counter/7/0/0/0,17553:1747647663367:,1747647681722
counter/6/0/0/0,18417:1747647665317:,1747647681722
counter/7/0/0/0,17554:1747647663367:,1747647681722
counter/6/0/0/0,18418:1747647665317:,1747647681722
counter/7/0/0/0,17555:1747647663367:,1747647681722
counter/6/0/0/0,18419:1747647665325:,1747647681722
counter/7/0/0/0,17556:1747647663367:,1747647681722
counter/6/0/0/0,18420:1747647665325:,1747647681722
counter/7/0/0/0,17557:1747647663367:,1747647681722
counter/6/0/0/0,18421:1747647665325:,1747647681722
counter/7/0/0/0,17558:1747647663367:,1747647681722
counter/6/0/0/0,18422:1747647665325:,1747647681722
counter/7/0/0/0,17559:1747647663367:,1747647681722
counter/6/0/0/0,18423:1747647665325:,1747647681722
counter/7/0/0/0,17560:1747647663367:,1747647681723
counter/6/0/0/0,18424:1747647665325:,1747647681723
counter/7/0/0/0,17561:1747647663367:,1747647681723
counter/6/0/0/0,18425:1747647665325:,1747647681723
counter/7/0/0/0,17562:1747647663367:,1747647681723
counter/6/0/0/0,18426:1747647665325:,1747647681723
counter/7/0/0/0,17563:1747647663367:,1747647681723
counter/6/0/0/0,18427:1747647665325:,1747647681723
counter/7/0/0/0,17564:1747647663367:,1747647681723
counter/6/0/0/0,18428:1747647665325:,1747647681723
counter/7/0/0/0,17565:1747647663375:,1747647681723
counter/6/0/0/0,18429:1747647665325:,1747647681723
counter/7/0/0/0,17566:1747647663375:,1747647681723
counter/6/0/0/0,18430:1747647665325:,1747647681723
counter/2/0/0/0,24192:1747647669978:,1747647681723
counter/7/0/0/0,17567:1747647663375:,1747647681723
counter/6/0/0/0,18431:1747647665325:,1747647681723
counter/10/0/0/0,18833:1747647664788:,1747647681723
counter/7/0/0/0,17568:1747647663375:,1747647681723
counter/6/0/0/0,18432:1747647665325:,1747647681723
counter/8/0/0/0,21506:1747647666058:,1747647681723
counter/7/0/0/0,17569:1747647663375:,1747647681723
counter/6/0/0/0,18433:1747647665325:,1747647681723
counter/1/0/0/0,19164:1747647665592:,1747647681723
counter/9/0/0/0,24548:1747647668238:,1747647681723
counter/7/0/0/0,17570:1747647663375:,1747647681723
counter/6/0/0/0,18434:1747647665326:,1747647681723
counter/1/0/0/0,19165:1747647665592:,1747647681723
counter/7/0/0/0,17571:1747647663375:,1747647681723
counter/6/0/0/0,18435:1747647665326:,1747647681723
counter/1/0/0/0,19166:1747647665592:,1747647681723
counter/7/0/0/0,17572:1747647663375:,1747647681723
counter/6/0/0/0,18436:1747647665326:,1747647681723
counter/1/0/0/0,19167:1747647665592:,1747647681723
counter/7/0/0/0,17573:1747647663375:,1747647681723
counter/6/0/0/0,18437:1747647665326:,1747647681723
counter/1/0/0/0,19168:1747647665592:,1747647681723
counter/7/0/0/0,17574:1747647663375:,1747647681723
counter/6/0/0/0,18438:1747647665326:,1747647681723
counter/7/0/0/0,17575:1747647663375:,1747647681723
counter/6/0/0/0,18439:1747647665326:,1747647681723
counter/1/0/0/0,19169:1747647665592:,1747647681724
counter/7/0/0/0,17576:1747647663375:,1747647681724
counter/6/0/0/0,18440:1747647665326:,1747647681724
counter/1/0/0/0,19170:1747647665592:,1747647681724
counter/3/0/0/0,18147:1747647664847:,1747647681724
counter/9/0/0/0,24549:1747647668238:,1747647681724
counter/7/0/0/0,17577:1747647663375:,1747647681724
counter/6/0/0/0,18441:1747647665326:,1747647681724
counter/1/0/0/0,19171:1747647665592:,1747647681724
counter/5/0/0/0,20824:1747647666766:,1747647681724
counter/7/0/0/0,17578:1747647663375:,1747647681724
counter/6/0/0/0,18442:1747647665326:,1747647681724
counter/1/0/0/0,19172:1747647665592:,1747647681724
counter/7/0/0/0,17579:1747647663375:,1747647681724
counter/6/0/0/0,18443:1747647665335:,1747647681724
counter/1/0/0/0,19173:1747647665592:,1747647681724
counter/7/0/0/0,17580:1747647663375:,1747647681724
counter/6/0/0/0,18444:1747647665335:,1747647681724
counter/1/0/0/0,19174:1747647665592:,1747647681724
counter/7/0/0/0,17581:1747647663378:,1747647681724
counter/6/0/0/0,18445:1747647665335:,1747647681724
counter/1/0/0/0,19175:1747647665592:,1747647681724
counter/7/0/0/0,17582:1747647663378:,1747647681724
counter/6/0/0/0,18446:1747647665335:,1747647681724
counter/1/0/0/0,19176:1747647665592:,1747647681724
counter/7/0/0/0,17583:1747647663378:,1747647681724
counter/6/0/0/0,18447:1747647665335:,1747647681724
counter/1/0/0/0,19177:1747647665592:,1747647681724
counter/7/0/0/0,17584:1747647663378:,1747647681724
counter/6/0/0/0,18448:1747647665335:,1747647681724
counter/1/0/0/0,19178:1747647665592:,1747647681724
counter/7/0/0/0,17585:1747647663378:,1747647681724
counter/6/0/0/0,18449:1747647665335:,1747647681724
counter/1/0/0/0,19179:1747647665592:,1747647681724
counter/7/0/0/0,17586:1747647663382:,1747647681724
counter/6/0/0/0,18450:1747647665335:,1747647681724
counter/1/0/0/0,19180:1747647665592:,1747647681724
counter/7/0/0/0,17587:1747647663382:,1747647681724
counter/6/0/0/0,18451:1747647665335:,1747647681724
counter/7/0/0/0,17588:1747647663382:,1747647681724
counter/6/0/0/0,18452:1747647665335:,1747647681724
counter/7/0/0/0,17589:1747647663385:,1747647681724
counter/6/0/0/0,18453:1747647665335:,1747647681724
counter/7/0/0/0,17590:1747647663385:,1747647681725
counter/6/0/0/0,18454:1747647665335:,1747647681725
counter/7/0/0/0,17591:1747647663385:,1747647681725
counter/6/0/0/0,18455:1747647665335:,1747647681725
counter/3/0/0/0,18148:1747647664847:,1747647681725
counter/7/0/0/0,17592:1747647663385:,1747647681725
counter/6/0/0/0,18456:1747647665335:,1747647681725
counter/9/0/0/0,24550:1747647668245:,1747647681725
counter/5/0/0/0,20825:1747647666766:,1747647681725
counter/7/0/0/0,17593:1747647663385:,1747647681725
counter/6/0/0/0,18457:1747647665335:,1747647681725
counter/2/0/0/0,24193:1747647669978:,1747647681725
counter/8/0/0/0,21507:1747647666058:,1747647681725
counter/7/0/0/0,17594:1747647663385:,1747647681725
counter/6/0/0/0,18458:1747647665342:,1747647681725
counter/10/0/0/0,18834:1747647664788:,1747647681725
counter/1/0/0/0,19181:1747647665595:,1747647681725
counter/7/0/0/0,17595:1747647663390:,1747647681725
counter/6/0/0/0,18459:1747647665342:,1747647681725
counter/7/0/0/0,17596:1747647663390:,1747647681725
counter/6/0/0/0,18460:1747647665342:,1747647681725
counter/7/0/0/0,17597:1747647663390:,1747647681725
counter/6/0/0/0,18461:1747647665342:,1747647681725
counter/7/0/0/0,17598:1747647663392:,1747647681725
counter/6/0/0/0,18462:1747647665342:,1747647681725
counter/7/0/0/0,17599:1747647663392:,1747647681725
counter/6/0/0/0,18463:1747647665342:,1747647681725
counter/7/0/0/0,17600:1747647663392:,1747647681725
counter/6/0/0/0,18464:1747647665342:,1747647681725
counter/7/0/0/0,17601:1747647663392:,1747647681725
counter/6/0/0/0,18465:1747647665342:,1747647681725
counter/7/0/0/0,17602:1747647663392:,1747647681725
counter/6/0/0/0,18466:1747647665342:,1747647681725
counter/7/0/0/0,17603:1747647663392:,1747647681725
counter/6/0/0/0,18467:1747647665342:,1747647681725
counter/7/0/0/0,17604:1747647663392:,1747647681725
counter/6/0/0/0,18468:1747647665342:,1747647681725
counter/7/0/0/0,17605:1747647663392:,1747647681725
counter/6/0/0/0,18469:1747647665342:,1747647681725
counter/7/0/0/0,17606:1747647663392:,1747647681725
counter/6/0/0/0,18470:1747647665342:,1747647681726
counter/7/0/0/0,17607:1747647663392:,1747647681726
counter/6/0/0/0,18471:1747647665343:,1747647681726
counter/7/0/0/0,17608:1747647663392:,1747647681726
counter/6/0/0/0,18472:1747647665343:,1747647681726
counter/7/0/0/0,17609:1747647663392:,1747647681726
counter/6/0/0/0,18473:1747647665348:,1747647681726
counter/7/0/0/0,17610:1747647663392:,1747647681726
counter/6/0/0/0,18474:1747647665354:,1747647681726
counter/7/0/0/0,17611:1747647663392:,1747647681726
counter/6/0/0/0,18475:1747647665354:,1747647681726
counter/7/0/0/0,17612:1747647663392:,1747647681726
counter/6/0/0/0,18476:1747647665354:,1747647681726
counter/7/0/0/0,17613:1747647663392:,1747647681726
counter/6/0/0/0,18477:1747647665354:,1747647681726
counter/7/0/0/0,17614:1747647663395:,1747647681726
counter/6/0/0/0,18478:1747647665354:,1747647681726
counter/7/0/0/0,17615:1747647663395:,1747647681726
counter/6/0/0/0,18479:1747647665355:,1747647681726
counter/7/0/0/0,17616:1747647663396:,1747647681726
counter/6/0/0/0,18480:1747647665355:,1747647681726
counter/7/0/0/0,17617:1747647663396:,1747647681726
counter/6/0/0/0,18481:1747647665355:,1747647681726
counter/7/0/0/0,17618:1747647663396:,1747647681726
counter/6/0/0/0,18482:1747647665355:,1747647681726
counter/7/0/0/0,17619:1747647663396:,1747647681726
counter/6/0/0/0,18483:1747647665355:,1747647681726
counter/7/0/0/0,17620:1747647663420:,1747647681726
counter/6/0/0/0,18484:1747647665355:,1747647681726
counter/7/0/0/0,17621:1747647663420:,1747647681726
counter/6/0/0/0,18485:1747647665355:,1747647681726
counter/7/0/0/0,17622:1747647663420:,1747647681726
counter/6/0/0/0,18486:1747647665355:,1747647681726
counter/7/0/0/0,17623:1747647663420:,1747647681726
counter/6/0/0/0,18487:1747647665355:,1747647681726
counter/7/0/0/0,17624:1747647663420:,1747647681726
counter/6/0/0/0,18488:1747647665355:,1747647681726
counter/7/0/0/0,17625:1747647663421:,1747647681726
counter/6/0/0/0,18489:1747647665355:,1747647681726
counter/7/0/0/0,17626:1747647663421:,1747647681726
counter/6/0/0/0,18490:1747647665355:,1747647681726
counter/10/0/0/0,18835:1747647664790:,1747647681726
counter/7/0/0/0,17627:1747647663421:,1747647681726
counter/6/0/0/0,18491:1747647665358:,1747647681726
counter/4/0/0/0,18680:1747647665679:,1747647681727
counter/3/0/0/0,18149:1747647664863:,1747647681727
counter/7/0/0/0,17628:1747647663421:,1747647681727
counter/6/0/0/0,18492:1747647665358:,1747647681727
counter/9/0/0/0,24551:1747647668245:,1747647681727
counter/5/0/0/0,20826:1747647666766:,1747647681727
counter/2/0/0/0,24194:1747647669980:,1747647681727
counter/7/0/0/0,17629:1747647663421:,1747647681727
counter/6/0/0/0,18493:1747647665358:,1747647681727
counter/8/0/0/0,21508:1747647666059:,1747647681727
counter/7/0/0/0,17630:1747647663421:,1747647681727
counter/6/0/0/0,18494:1747647665358:,1747647681727
counter/7/0/0/0,17631:1747647663421:,1747647681727
counter/6/0/0/0,18495:1747647665358:,1747647681727
counter/7/0/0/0,17632:1747647663421:,1747647681727
counter/6/0/0/0,18496:1747647665358:,1747647681727
counter/7/0/0/0,17633:1747647663421:,1747647681727
counter/6/0/0/0,18497:1747647665358:,1747647681727
counter/7/0/0/0,17634:1747647663421:,1747647681727
counter/6/0/0/0,18498:1747647665358:,1747647681727
counter/7/0/0/0,17635:1747647663421:,1747647681727
counter/6/0/0/0,18499:1747647665358:,1747647681727
counter/7/0/0/0,17636:1747647663421:,1747647681727
counter/6/0/0/0,18500:1747647665358:,1747647681727
counter/7/0/0/0,17637:1747647663421:,1747647681727
counter/6/0/0/0,18501:1747647665358:,1747647681727
counter/7/0/0/0,17638:1747647663421:,1747647681727
counter/6/0/0/0,18502:1747647665358:,1747647681727
counter/7/0/0/0,17639:1747647663421:,1747647681727
counter/6/0/0/0,18503:1747647665358:,1747647681727
counter/7/0/0/0,17640:1747647663421:,1747647681727
counter/6/0/0/0,18504:1747647665358:,1747647681727
counter/5/0/0/0,20827:1747647666766:,1747647681727
counter/7/0/0/0,17641:1747647663421:,1747647681727
counter/6/0/0/0,18505:1747647665358:,1747647681727
counter/2/0/0/0,24195:1747647669980:,1747647681727
counter/10/0/0/0,18836:1747647664790:,1747647681727
counter/7/0/0/0,17642:1747647663421:,1747647681727
counter/6/0/0/0,18506:1747647665361:,1747647681727
counter/8/0/0/0,21509:1747647666059:,1747647681727
counter/3/0/0/0,18150:1747647664863:,1747647681727
counter/7/0/0/0,17643:1747647663421:,1747647681727
counter/6/0/0/0,18507:1747647665361:,1747647681727
counter/1/0/0/0,19182:1747647665595:,1747647681727
counter/9/0/0/0,24552:1747647668246:,1747647681727
counter/7/0/0/0,17644:1747647663421:,1747647681727
counter/6/0/0/0,18508:1747647665361:,1747647681728
counter/7/0/0/0,17645:1747647663421:,1747647681728
counter/6/0/0/0,18509:1747647665361:,1747647681728
counter/7/0/0/0,17646:1747647663421:,1747647681728
counter/6/0/0/0,18510:1747647665361:,1747647681728
counter/7/0/0/0,17647:1747647663421:,1747647681728
counter/6/0/0/0,18511:1747647665361:,1747647681728
counter/7/0/0/0,17648:1747647663421:,1747647681728
counter/6/0/0/0,18512:1747647665361:,1747647681728
counter/7/0/0/0,17649:1747647663421:,1747647681728
counter/6/0/0/0,18513:1747647665361:,1747647681728
counter/7/0/0/0,17650:1747647663421:,1747647681728
counter/6/0/0/0,18514:1747647665361:,1747647681728
counter/7/0/0/0,17651:1747647663421:,1747647681728
counter/6/0/0/0,18515:1747647665361:,1747647681728
counter/7/0/0/0,17652:1747647663421:,1747647681728
counter/6/0/0/0,18516:1747647665361:,1747647681728
counter/7/0/0/0,17653:1747647663421:,1747647681728
counter/6/0/0/0,18517:1747647665361:,1747647681728
counter/7/0/0/0,17654:1747647663421:,1747647681728
counter/6/0/0/0,18518:1747647665361:,1747647681728
counter/7/0/0/0,17655:1747647663421:,1747647681728
counter/6/0/0/0,18519:1747647665361:,1747647681728
counter/7/0/0/0,17656:1747647663421:,1747647681728
counter/6/0/0/0,18520:1747647665361:,1747647681728
counter/7/0/0/0,17657:1747647663421:,1747647681728
counter/6/0/0/0,18521:1747647665361:,1747647681728
counter/5/0/0/0,20828:1747647666766:,1747647681728
counter/7/0/0/0,17658:1747647663422:,1747647681728
counter/6/0/0/0,18522:1747647665361:,1747647681728
counter/10/0/0/0,18837:1747647664790:,1747647681728
counter/8/0/0/0,21510:1747647666059:,1747647681728
counter/7/0/0/0,17659:1747647663432:,1747647681728
counter/6/0/0/0,18523:1747647665361:,1747647681728
counter/3/0/0/0,18151:1747647664863:,1747647681728
counter/1/0/0/0,19183:1747647665595:,1747647681728
counter/9/0/0/0,24553:1747647668246:,1747647681728
counter/7/0/0/0,17660:1747647663432:,1747647681728
counter/6/0/0/0,18524:1747647665362:,1747647681728
counter/4/0/0/0,18681:1747647665679:,1747647681728
counter/7/0/0/0,17661:1747647663432:,1747647681728
counter/6/0/0/0,18525:1747647665362:,1747647681728
counter/7/0/0/0,17662:1747647663432:,1747647681728
counter/6/0/0/0,18526:1747647665362:,1747647681728
counter/7/0/0/0,17663:1747647663432:,1747647681728
counter/6/0/0/0,18527:1747647665362:,1747647681728
counter/7/0/0/0,17664:1747647663432:,1747647681728
counter/6/0/0/0,18528:1747647665362:,1747647681728
counter/7/0/0/0,17665:1747647663432:,1747647681728
counter/6/0/0/0,18529:1747647665362:,1747647681729
counter/7/0/0/0,17666:1747647663433:,1747647681729
counter/6/0/0/0,18530:1747647665362:,1747647681729
counter/7/0/0/0,17667:1747647663433:,1747647681729
counter/6/0/0/0,18531:1747647665362:,1747647681729
counter/7/0/0/0,17668:1747647663433:,1747647681729
counter/6/0/0/0,18532:1747647665362:,1747647681729
counter/7/0/0/0,17669:1747647663433:,1747647681729
counter/6/0/0/0,18533:1747647665362:,1747647681729
counter/7/0/0/0,17670:1747647663433:,1747647681729
counter/6/0/0/0,18534:1747647665362:,1747647681729
counter/7/0/0/0,17671:1747647663433:,1747647681729
counter/6/0/0/0,18535:1747647665362:,1747647681729
counter/7/0/0/0,17672:1747647663433:,1747647681729
counter/6/0/0/0,18536:1747647665362:,1747647681729
counter/7/0/0/0,17673:1747647663443:,1747647681729
counter/6/0/0/0,18537:1747647665362:,1747647681729
counter/7/0/0/0,17674:1747647663443:,1747647681729
counter/6/0/0/0,18538:1747647665362:,1747647681729
counter/7/0/0/0,17675:1747647663443:,1747647681729
counter/6/0/0/0,18539:1747647665362:,1747647681729
counter/7/0/0/0,17676:1747647663443:,1747647681729
counter/6/0/0/0,18540:1747647665362:,1747647681729
counter/7/0/0/0,17677:1747647663443:,1747647681729
counter/6/0/0/0,18541:1747647665362:,1747647681729
counter/7/0/0/0,17678:1747647663443:,1747647681729
counter/6/0/0/0,18542:1747647665362:,1747647681729
counter/7/0/0/0,17679:1747647663443:,1747647681729
counter/6/0/0/0,18543:1747647665362:,1747647681729
counter/7/0/0/0,17680:1747647663443:,1747647681729
counter/6/0/0/0,18544:1747647665362:,1747647681729
counter/7/0/0/0,17681:1747647663445:,1747647681729
counter/6/0/0/0,18545:1747647665362:,1747647681729
counter/7/0/0/0,17682:1747647663445:,1747647681729
counter/6/0/0/0,18546:1747647665362:,1747647681729
counter/7/0/0/0,17683:1747647663445:,1747647681729
counter/6/0/0/0,18547:1747647665362:,1747647681729
counter/7/0/0/0,17684:1747647663445:,1747647681729
counter/6/0/0/0,18548:1747647665362:,1747647681729
counter/7/0/0/0,17685:1747647663446:,1747647681729
counter/6/0/0/0,18549:1747647665362:,1747647681729
counter/7/0/0/0,17686:1747647663446:,1747647681729
counter/6/0/0/0,18550:1747647665362:,1747647681730
counter/7/0/0/0,17687:1747647663451:,1747647681730
counter/6/0/0/0,18551:1747647665362:,1747647681730
counter/7/0/0/0,17688:1747647663452:,1747647681730
counter/6/0/0/0,18552:1747647665362:,1747647681730
counter/7/0/0/0,17689:1747647663452:,1747647681730
counter/6/0/0/0,18553:1747647665362:,1747647681730
counter/7/0/0/0,17690:1747647663452:,1747647681730
counter/6/0/0/0,18554:1747647665363:,1747647681730
counter/7/0/0/0,17691:1747647663452:,1747647681730
counter/6/0/0/0,18555:1747647665363:,1747647681730
counter/7/0/0/0,17692:1747647663452:,1747647681730
counter/6/0/0/0,18556:1747647665363:,1747647681730
counter/7/0/0/0,17693:1747647663452:,1747647681730
counter/6/0/0/0,18557:1747647665363:,1747647681730
counter/7/0/0/0,17694:1747647663452:,1747647681730
counter/6/0/0/0,18558:1747647665363:,1747647681730
counter/4/0/0/0,18682:1747647665679:,1747647681730
counter/7/0/0/0,17695:1747647663452:,1747647681730
counter/6/0/0/0,18559:1747647665363:,1747647681730
counter/2/0/0/0,24196:1747647669980:,1747647681730
counter/1/0/0/0,19184:1747647665595:,1747647681730
counter/7/0/0/0,17696:1747647663452:,1747647681730
counter/6/0/0/0,18560:1747647665363:,1747647681730
counter/10/0/0/0,18838:1747647664790:,1747647681730
counter/7/0/0/0,17697:1747647663452:,1747647681730
counter/6/0/0/0,18561:1747647665363:,1747647681730
counter/8/0/0/0,21511:1747647666059:,1747647681730
counter/3/0/0/0,18152:1747647664863:,1747647681730
counter/7/0/0/0,17698:1747647663452:,1747647681730
counter/6/0/0/0,18562:1747647665363:,1747647681730
counter/9/0/0/0,24554:1747647668246:,1747647681730
counter/7/0/0/0,17699:1747647663453:,1747647681730
counter/6/0/0/0,18563:1747647665366:,1747647681730
counter/9/0/0/0,24555:1747647668246:,1747647681730
counter/7/0/0/0,17700:1747647663454:,1747647681730
counter/6/0/0/0,18564:1747647665367:,1747647681730
counter/9/0/0/0,24556:1747647668246:,1747647681731
counter/7/0/0/0,17701:1747647663454:,1747647681731
counter/6/0/0/0,18565:1747647665367:,1747647681731
counter/9/0/0/0,24557:1747647668246:,1747647681731
counter/7/0/0/0,17702:1747647663454:,1747647681731
counter/6/0/0/0,18566:1747647665367:,1747647681731
counter/9/0/0/0,24558:1747647668246:,1747647681731
counter/7/0/0/0,17703:1747647663454:,1747647681731
counter/6/0/0/0,18567:1747647665367:,1747647681731
counter/9/0/0/0,24559:1747647668246:,1747647681731
counter/7/0/0/0,17704:1747647663454:,1747647681731
counter/6/0/0/0,18568:1747647665367:,1747647681731
counter/9/0/0/0,24560:1747647668246:,1747647681731
counter/5/0/0/0,20829:1747647666766:,1747647681731
counter/7/0/0/0,17705:1747647663454:,1747647681731
counter/6/0/0/0,18569:1747647665367:,1747647681731
counter/9/0/0/0,24561:1747647668246:,1747647681731
counter/5/0/0/0,20830:1747647666766:,1747647681731
counter/4/0/0/0,18683:1747647665679:,1747647681731
counter/7/0/0/0,17706:1747647663454:,1747647681731
counter/6/0/0/0,18570:1747647665372:,1747647681731
counter/9/0/0/0,24562:1747647668267:,1747647681731
counter/5/0/0/0,20831:1747647666768:,1747647681731
counter/7/0/0/0,17707:1747647663454:,1747647681731
counter/6/0/0/0,18571:1747647665377:,1747647681731
counter/9/0/0/0,24563:1747647668267:,1747647681731
counter/5/0/0/0,20832:1747647666768:,1747647681731
counter/7/0/0/0,17708:1747647663454:,1747647681731
counter/6/0/0/0,18572:1747647665377:,1747647681731
counter/9/0/0/0,24564:1747647668269:,1747647681731
counter/5/0/0/0,20833:1747647666768:,1747647681731
counter/7/0/0/0,17709:1747647663454:,1747647681731
counter/6/0/0/0,18573:1747647665377:,1747647681731
counter/9/0/0/0,24565:1747647668270:,1747647681731
counter/5/0/0/0,20834:1747647666768:,1747647681731
counter/4/0/0/0,18684:1747647665679:,1747647681731
counter/7/0/0/0,17710:1747647663454:,1747647681731
counter/6/0/0/0,18574:1747647665377:,1747647681731
counter/9/0/0/0,24566:1747647668270:,1747647681731
counter/5/0/0/0,20835:1747647666768:,1747647681731
counter/7/0/0/0,17711:1747647663454:,1747647681731
counter/6/0/0/0,18575:1747647665377:,1747647681731
counter/5/0/0/0,20836:1747647666768:,1747647681732
counter/7/0/0/0,17712:1747647663454:,1747647681732
counter/6/0/0/0,18576:1747647665381:,1747647681732
counter/5/0/0/0,20837:1747647666768:,1747647681732
counter/7/0/0/0,17713:1747647663454:,1747647681732
counter/6/0/0/0,18577:1747647665381:,1747647681732
counter/5/0/0/0,20838:1747647666768:,1747647681732
counter/7/0/0/0,17714:1747647663454:,1747647681732
counter/6/0/0/0,18578:1747647665381:,1747647681732
counter/5/0/0/0,20839:1747647666768:,1747647681732
counter/7/0/0/0,17715:1747647663454:,1747647681732
counter/6/0/0/0,18579:1747647665381:,1747647681732
counter/5/0/0/0,20840:1747647666768:,1747647681732
counter/7/0/0/0,17716:1747647663454:,1747647681732
counter/6/0/0/0,18580:1747647665381:,1747647681732
counter/5/0/0/0,20841:1747647666771:,1747647681732
counter/7/0/0/0,17717:1747647663454:,1747647681732
counter/6/0/0/0,18581:1747647665381:,1747647681732
counter/5/0/0/0,20842:1747647666771:,1747647681732
counter/7/0/0/0,17718:1747647663454:,1747647681732
counter/6/0/0/0,18582:1747647665381:,1747647681732
counter/5/0/0/0,20843:1747647666771:,1747647681732
counter/7/0/0/0,17719:1747647663454:,1747647681732
counter/6/0/0/0,18583:1747647665383:,1747647681732
counter/5/0/0/0,20844:1747647666771:,1747647681732
counter/7/0/0/0,17720:1747647663455:,1747647681732
counter/6/0/0/0,18584:1747647665390:,1747647681732
counter/5/0/0/0,20845:1747647666771:,1747647681732
counter/7/0/0/0,17721:1747647663455:,1747647681732
counter/6/0/0/0,18585:1747647665399:,1747647681732
counter/7/0/0/0,17722:1747647663455:,1747647681732
counter/6/0/0/0,18586:1747647665399:,1747647681732
counter/7/0/0/0,17723:1747647663455:,1747647681732
counter/6/0/0/0,18587:1747647665399:,1747647681732
counter/7/0/0/0,17724:1747647663455:,1747647681732
counter/6/0/0/0,18588:1747647665399:,1747647681732
counter/7/0/0/0,17725:1747647663455:,1747647681732
counter/6/0/0/0,18589:1747647665400:,1747647681732
counter/5/0/0/0,20846:1747647666771:,1747647681732
counter/7/0/0/0,17726:1747647663464:,1747647681732
counter/6/0/0/0,18590:1747647665400:,1747647681732
counter/5/0/0/0,20847:1747647666771:,1747647681732
counter/7/0/0/0,17727:1747647663464:,1747647681732
counter/6/0/0/0,18591:1747647665400:,1747647681732
counter/5/0/0/0,20848:1747647666771:,1747647681733
counter/9/0/0/0,24567:1747647668270:,1747647681733
counter/8/0/0/0,21512:1747647666059:,1747647681733
counter/7/0/0/0,17728:1747647663464:,1747647681733
counter/6/0/0/0,18592:1747647665400:,1747647681733
counter/5/0/0/0,20849:1747647666771:,1747647681733
counter/7/0/0/0,17729:1747647663464:,1747647681733
counter/6/0/0/0,18593:1747647665400:,1747647681733
counter/5/0/0/0,20850:1747647666771:,1747647681733
counter/1/0/0/0,19185:1747647665595:,1747647681733
counter/7/0/0/0,17730:1747647663464:,1747647681733
counter/6/0/0/0,18594:1747647665400:,1747647681733
counter/5/0/0/0,20851:1747647666771:,1747647681733
counter/3/0/0/0,18153:1747647664863:,1747647681733
counter/7/0/0/0,17731:1747647663465:,1747647681733
counter/6/0/0/0,18595:1747647665400:,1747647681733
counter/3/0/0/0,18154:1747647664863:,1747647681733
counter/10/0/0/0,18839:1747647664790:,1747647681733
counter/2/0/0/0,24197:1747647669980:,1747647681733
counter/7/0/0/0,17732:1747647663472:,1747647681733
counter/6/0/0/0,18596:1747647665400:,1747647681733
counter/3/0/0/0,18155:1747647664864:,1747647681733
counter/10/0/0/0,18840:1747647664790:,1747647681733
counter/7/0/0/0,17733:1747647663472:,1747647681733
counter/6/0/0/0,18597:1747647665400:,1747647681733
counter/7/0/0/0,17734:1747647663472:,1747647681733
counter/6/0/0/0,18598:1747647665400:,1747647681733
counter/7/0/0/0,17735:1747647663485:,1747647681733
counter/6/0/0/0,18599:1747647665400:,1747647681733
counter/2/0/0/0,24198:1747647669980:,1747647681733
counter/7/0/0/0,17736:1747647663485:,1747647681733
counter/6/0/0/0,18600:1747647665400:,1747647681733
counter/7/0/0/0,17737:1747647663485:,1747647681733
counter/6/0/0/0,18601:1747647665400:,1747647681733
counter/7/0/0/0,17738:1747647663485:,1747647681733
counter/6/0/0/0,18602:1747647665402:,1747647681733
counter/7/0/0/0,17739:1747647663485:,1747647681733
counter/6/0/0/0,18603:1747647665402:,1747647681733
counter/7/0/0/0,17740:1747647663485:,1747647681733
counter/6/0/0/0,18604:1747647665402:,1747647681733
counter/7/0/0/0,17741:1747647663485:,1747647681733
counter/6/0/0/0,18605:1747647665402:,1747647681733
counter/10/0/0/0,18841:1747647664790:,1747647681733
counter/7/0/0/0,17742:1747647663485:,1747647681734
counter/6/0/0/0,18606:1747647665402:,1747647681734
counter/4/0/0/0,18685:1747647665681:,1747647681734
counter/7/0/0/0,17743:1747647663485:,1747647681734
counter/6/0/0/0,18607:1747647665402:,1747647681734
counter/3/0/0/0,18156:1747647664864:,1747647681734
counter/9/0/0/0,24568:1747647668270:,1747647681734
counter/7/0/0/0,17744:1747647663485:,1747647681734
counter/6/0/0/0,18608:1747647665402:,1747647681734
counter/5/0/0/0,20852:1747647666771:,1747647681734
counter/7/0/0/0,17745:1747647663485:,1747647681734
counter/6/0/0/0,18609:1747647665402:,1747647681734
counter/5/0/0/0,20853:1747647666771:,1747647681734
counter/7/0/0/0,17746:1747647663485:,1747647681734
counter/6/0/0/0,18610:1747647665402:,1747647681734
counter/5/0/0/0,20854:1747647666771:,1747647681734
counter/10/0/0/0,18842:1747647664790:,1747647681734
counter/7/0/0/0,17747:1747647663485:,1747647681734
counter/6/0/0/0,18611:1747647665402:,1747647681734
counter/5/0/0/0,20855:1747647666780:,1747647681734
counter/4/0/0/0,18686:1747647665681:,1747647681734
counter/3/0/0/0,18157:1747647664864:,1747647681734
counter/9/0/0/0,24569:1747647668270:,1747647681734
counter/7/0/0/0,17748:1747647663485:,1747647681734
counter/6/0/0/0,18612:1747647665402:,1747647681734
counter/5/0/0/0,20856:1747647666780:,1747647681734
counter/9/0/0/0,24570:1747647668270:,1747647681734
counter/7/0/0/0,17749:1747647663485:,1747647681734
counter/6/0/0/0,18613:1747647665402:,1747647681734
counter/5/0/0/0,20857:1747647666780:,1747647681734
counter/9/0/0/0,24571:1747647668270:,1747647681734
counter/7/0/0/0,17750:1747647663485:,1747647681734
counter/6/0/0/0,18614:1747647665402:,1747647681734
counter/9/0/0/0,24572:1747647668270:,1747647681734
counter/7/0/0/0,17751:1747647663485:,1747647681734
counter/6/0/0/0,18615:1747647665402:,1747647681734
counter/9/0/0/0,24573:1747647668270:,1747647681734
counter/7/0/0/0,17752:1747647663485:,1747647681734
counter/6/0/0/0,18616:1747647665402:,1747647681734
counter/9/0/0/0,24574:1747647668270:,1747647681734
counter/1/0/0/0,19186:1747647665605:,1747647681734
counter/7/0/0/0,17753:1747647663486:,1747647681734
counter/6/0/0/0,18617:1747647665402:,1747647681734
counter/9/0/0/0,24575:1747647668270:,1747647681734
counter/7/0/0/0,17754:1747647663486:,1747647681735
counter/6/0/0/0,18618:1747647665402:,1747647681735
counter/9/0/0/0,24576:1747647668270:,1747647681735
counter/7/0/0/0,17755:1747647663486:,1747647681735
counter/6/0/0/0,18619:1747647665402:,1747647681735
counter/9/0/0/0,24577:1747647668270:,1747647681735
counter/7/0/0/0,17756:1747647663486:,1747647681735
counter/6/0/0/0,18620:1747647665404:,1747647681735
counter/9/0/0/0,24578:1747647668270:,1747647681735
counter/7/0/0/0,17757:1747647663486:,1747647681735
counter/6/0/0/0,18621:1747647665408:,1747647681735
counter/9/0/0/0,24579:1747647668270:,1747647681735
counter/7/0/0/0,17758:1747647663486:,1747647681735
counter/6/0/0/0,18622:1747647665408:,1747647681735
counter/9/0/0/0,24580:1747647668271:,1747647681735
counter/7/0/0/0,17759:1747647663486:,1747647681735
counter/6/0/0/0,18623:1747647665408:,1747647681735
counter/9/0/0/0,24581:1747647668271:,1747647681735
counter/7/0/0/0,17760:1747647663486:,1747647681735
counter/6/0/0/0,18624:1747647665408:,1747647681735
counter/9/0/0/0,24582:1747647668271:,1747647681735
counter/7/0/0/0,17761:1747647663486:,1747647681735
counter/6/0/0/0,18625:1747647665408:,1747647681735
counter/9/0/0/0,24583:1747647668271:,1747647681735
counter/7/0/0/0,17762:1747647663490:,1747647681735
counter/6/0/0/0,18626:1747647665408:,1747647681735
counter/9/0/0/0,24584:1747647668271:,1747647681735
counter/7/0/0/0,17763:1747647663494:,1747647681735
counter/6/0/0/0,18627:1747647665409:,1747647681735
counter/9/0/0/0,24585:1747647668271:,1747647681735
counter/7/0/0/0,17764:1747647663494:,1747647681735
counter/6/0/0/0,18628:1747647665409:,1747647681735
counter/4/0/0/0,18687:1747647665681:,1747647681735
counter/7/0/0/0,17765:1747647663494:,1747647681735
counter/6/0/0/0,18629:1747647665409:,1747647681735
counter/4/0/0/0,18688:1747647665681:,1747647681735
counter/7/0/0/0,17766:1747647663494:,1747647681735
counter/6/0/0/0,18630:1747647665409:,1747647681735
counter/4/0/0/0,18689:1747647665681:,1747647681735
counter/5/0/0/0,20858:1747647666780:,1747647681735
counter/7/0/0/0,17767:1747647663494:,1747647681735
counter/6/0/0/0,18631:1747647665409:,1747647681735
counter/4/0/0/0,18690:1747647665681:,1747647681735
counter/1/0/0/0,19187:1747647665605:,1747647681735
counter/7/0/0/0,17768:1747647663494:,1747647681735
counter/6/0/0/0,18632:1747647665409:,1747647681735
counter/4/0/0/0,18691:1747647665682:,1747647681735
counter/7/0/0/0,17769:1747647663494:,1747647681735
counter/6/0/0/0,18633:1747647665409:,1747647681736
counter/7/0/0/0,17770:1747647663494:,1747647681736
counter/6/0/0/0,18634:1747647665409:,1747647681736
counter/7/0/0/0,17771:1747647663494:,1747647681736
counter/6/0/0/0,18635:1747647665409:,1747647681736
counter/7/0/0/0,17772:1747647663494:,1747647681736
counter/6/0/0/0,18636:1747647665409:,1747647681736
counter/7/0/0/0,17773:1747647663494:,1747647681736
counter/6/0/0/0,18637:1747647665410:,1747647681736
counter/7/0/0/0,17774:1747647663494:,1747647681736
counter/6/0/0/0,18638:1747647665410:,1747647681736
counter/7/0/0/0,17775:1747647663494:,1747647681736
counter/6/0/0/0,18639:1747647665410:,1747647681736
counter/7/0/0/0,17776:1747647663494:,1747647681736
counter/6/0/0/0,18640:1747647665410:,1747647681736
counter/7/0/0/0,17777:1747647663494:,1747647681736
counter/6/0/0/0,18641:1747647665410:,1747647681736
counter/7/0/0/0,17778:1747647663494:,1747647681736
counter/6/0/0/0,18642:1747647665410:,1747647681736
counter/7/0/0/0,17779:1747647663494:,1747647681736
counter/6/0/0/0,18643:1747647665410:,1747647681736
counter/7/0/0/0,17780:1747647663495:,1747647681736
counter/6/0/0/0,18644:1747647665410:,1747647681736
counter/7/0/0/0,17781:1747647663495:,1747647681736
counter/6/0/0/0,18645:1747647665410:,1747647681736
counter/7/0/0/0,17782:1747647663495:,1747647681736
counter/6/0/0/0,18646:1747647665410:,1747647681736
counter/7/0/0/0,17783:1747647663495:,1747647681736
counter/6/0/0/0,18647:1747647665410:,1747647681736
counter/7/0/0/0,17784:1747647663495:,1747647681736
counter/6/0/0/0,18648:1747647665410:,1747647681736
counter/7/0/0/0,17785:1747647663501:,1747647681736
counter/6/0/0/0,18649:1747647665410:,1747647681736
counter/7/0/0/0,17786:1747647663501:,1747647681736
counter/6/0/0/0,18650:1747647665412:,1747647681736
counter/7/0/0/0,17787:1747647663501:,1747647681736
counter/6/0/0/0,18651:1747647665412:,1747647681736
counter/7/0/0/0,17788:1747647663501:,1747647681736
counter/6/0/0/0,18652:1747647665412:,1747647681736
counter/9/0/0/0,24586:1747647668273:,1747647681736
counter/7/0/0/0,17789:1747647663501:,1747647681736
counter/6/0/0/0,18653:1747647665412:,1747647681736
counter/7/0/0/0,17790:1747647663501:,1747647681737
counter/6/0/0/0,18654:1747647665412:,1747647681737
counter/10/0/0/0,18843:1747647664790:,1747647681737
counter/7/0/0/0,17791:1747647663501:,1747647681737
counter/6/0/0/0,18655:1747647665412:,1747647681737
counter/3/0/0/0,18158:1747647664864:,1747647681737
counter/7/0/0/0,17792:1747647663501:,1747647681737
counter/6/0/0/0,18656:1747647665412:,1747647681737
counter/2/0/0/0,24199:1747647669980:,1747647681737
counter/7/0/0/0,17793:1747647663501:,1747647681737
counter/6/0/0/0,18657:1747647665412:,1747647681737
counter/5/0/0/0,20859:1747647666781:,1747647681737
counter/4/0/0/0,18692:1747647665682:,1747647681737
counter/7/0/0/0,17794:1747647663501:,1747647681737
counter/6/0/0/0,18658:1747647665412:,1747647681737
counter/8/0/0/0,21513:1747647666060:,1747647681737
counter/7/0/0/0,17795:1747647663501:,1747647681737
counter/6/0/0/0,18659:1747647665412:,1747647681737
counter/8/0/0/0,21514:1747647666060:,1747647681737
counter/7/0/0/0,17796:1747647663501:,1747647681737
counter/6/0/0/0,18660:1747647665412:,1747647681737
counter/8/0/0/0,21515:1747647666060:,1747647681737
counter/7/0/0/0,17797:1747647663501:,1747647681737
counter/6/0/0/0,18661:1747647665415:,1747647681737
counter/8/0/0/0,21516:1747647666060:,1747647681737
counter/7/0/0/0,17798:1747647663501:,1747647681737
counter/6/0/0/0,18662:1747647665415:,1747647681737
counter/8/0/0/0,21517:1747647666060:,1747647681737
counter/7/0/0/0,17799:1747647663501:,1747647681737
counter/6/0/0/0,18663:1747647665420:,1747647681737
counter/8/0/0/0,21518:1747647666060:,1747647681737
counter/7/0/0/0,17800:1747647663521:,1747647681737
counter/6/0/0/0,18664:1747647665420:,1747647681737
counter/8/0/0/0,21519:1747647666060:,1747647681737
counter/7/0/0/0,17801:1747647663521:,1747647681737
counter/6/0/0/0,18665:1747647665420:,1747647681737
counter/8/0/0/0,21520:1747647666062:,1747647681737
counter/7/0/0/0,17802:1747647663521:,1747647681737
counter/6/0/0/0,18666:1747647665424:,1747647681737
counter/8/0/0/0,21521:1747647666062:,1747647681737
counter/7/0/0/0,17803:1747647663521:,1747647681737
counter/6/0/0/0,18667:1747647665424:,1747647681737
counter/8/0/0/0,21522:1747647666070:,1747647681737
counter/7/0/0/0,17804:1747647663521:,1747647681737
counter/6/0/0/0,18668:1747647665424:,1747647681737
counter/8/0/0/0,21523:1747647666077:,1747647681737
counter/7/0/0/0,17805:1747647663521:,1747647681738
counter/6/0/0/0,18669:1747647665424:,1747647681738
counter/8/0/0/0,21524:1747647666077:,1747647681738
counter/7/0/0/0,17806:1747647663521:,1747647681738
counter/6/0/0/0,18670:1747647665424:,1747647681738
counter/8/0/0/0,21525:1747647666089:,1747647681738
counter/7/0/0/0,17807:1747647663522:,1747647681738
counter/6/0/0/0,18671:1747647665424:,1747647681738
counter/8/0/0/0,21526:1747647666104:,1747647681738
counter/4/0/0/0,18693:1747647665682:,1747647681738
counter/7/0/0/0,17808:1747647663522:,1747647681738
counter/6/0/0/0,18672:1747647665424:,1747647681738
counter/8/0/0/0,21527:1747647666104:,1747647681738
counter/10/0/0/0,18844:1747647664790:,1747647681738
counter/9/0/0/0,24587:1747647668273:,1747647681738
counter/3/0/0/0,18159:1747647664864:,1747647681738
counter/7/0/0/0,17809:1747647663522:,1747647681738
counter/6/0/0/0,18673:1747647665430:,1747647681738
counter/8/0/0/0,21528:1747647666104:,1747647681738
counter/2/0/0/0,24200:1747647669980:,1747647681738
counter/5/0/0/0,20860:1747647666782:,1747647681738
counter/7/0/0/0,17810:1747647663522:,1747647681738
counter/6/0/0/0,18674:1747647665430:,1747647681738
counter/8/0/0/0,21529:1747647666104:,1747647681738
counter/4/0/0/0,18694:1747647665682:,1747647681738
counter/7/0/0/0,17811:1747647663522:,1747647681738
counter/6/0/0/0,18675:1747647665430:,1747647681738
counter/8/0/0/0,21530:1747647666104:,1747647681738
counter/7/0/0/0,17812:1747647663522:,1747647681738
counter/6/0/0/0,18676:1747647665440:,1747647681738
counter/8/0/0/0,21531:1747647666104:,1747647681738
counter/7/0/0/0,17813:1747647663522:,1747647681738
counter/6/0/0/0,18677:1747647665452:,1747647681738
counter/8/0/0/0,21532:1747647666104:,1747647681738
counter/7/0/0/0,17814:1747647663522:,1747647681738
counter/6/0/0/0,18678:1747647665452:,1747647681738
counter/8/0/0/0,21533:1747647666104:,1747647681738
counter/7/0/0/0,17815:1747647663522:,1747647681738
counter/6/0/0/0,18679:1747647665452:,1747647681738
counter/8/0/0/0,21534:1747647666104:,1747647681738
counter/7/0/0/0,17816:1747647663522:,1747647681738
counter/6/0/0/0,18680:1747647665452:,1747647681738
counter/8/0/0/0,21535:1747647666115:,1747647681739
counter/7/0/0/0,17817:1747647663522:,1747647681739
counter/6/0/0/0,18681:1747647665452:,1747647681739
counter/8/0/0/0,21536:1747647666115:,1747647681739
counter/7/0/0/0,17818:1747647663523:,1747647681739
counter/6/0/0/0,18682:1747647665452:,1747647681739
counter/8/0/0/0,21537:1747647666115:,1747647681739
counter/7/0/0/0,17819:1747647663523:,1747647681739
counter/6/0/0/0,18683:1747647665452:,1747647681739
counter/8/0/0/0,21538:1747647666115:,1747647681739
counter/7/0/0/0,17820:1747647663523:,1747647681739
counter/6/0/0/0,18684:1747647665452:,1747647681739
counter/8/0/0/0,21539:1747647666115:,1747647681739
counter/7/0/0/0,17821:1747647663523:,1747647681739
counter/6/0/0/0,18685:1747647665452:,1747647681739
counter/8/0/0/0,21540:1747647666115:,1747647681739
counter/7/0/0/0,17822:1747647663523:,1747647681739
counter/6/0/0/0,18686:1747647665466:,1747647681739
counter/8/0/0/0,21541:1747647666115:,1747647681739
counter/7/0/0/0,17823:1747647663523:,1747647681739
counter/6/0/0/0,18687:1747647665466:,1747647681739
counter/8/0/0/0,21542:1747647666115:,1747647681739
counter/7/0/0/0,17824:1747647663523:,1747647681739
counter/6/0/0/0,18688:1747647665466:,1747647681739
counter/8/0/0/0,21543:1747647666116:,1747647681739
counter/7/0/0/0,17825:1747647663523:,1747647681739
counter/6/0/0/0,18689:1747647665466:,1747647681739
counter/8/0/0/0,21544:1747647666116:,1747647681739
counter/7/0/0/0,17826:1747647663523:,1747647681739
counter/6/0/0/0,18690:1747647665466:,1747647681739
counter/8/0/0/0,21545:1747647666116:,1747647681739
counter/7/0/0/0,17827:1747647663523:,1747647681739
counter/6/0/0/0,18691:1747647665470:,1747647681739
counter/8/0/0/0,21546:1747647666116:,1747647681739
counter/7/0/0/0,17828:1747647663523:,1747647681739
counter/6/0/0/0,18692:1747647665470:,1747647681739
counter/8/0/0/0,21547:1747647666116:,1747647681739
counter/7/0/0/0,17829:1747647663523:,1747647681739
counter/6/0/0/0,18693:1747647665470:,1747647681739
counter/8/0/0/0,21548:1747647666116:,1747647681739
counter/7/0/0/0,17830:1747647663523:,1747647681739
counter/6/0/0/0,18694:1747647665470:,1747647681739
counter/8/0/0/0,21549:1747647666119:,1747647681740
counter/7/0/0/0,17831:1747647663523:,1747647681740
counter/6/0/0/0,18695:1747647665470:,1747647681740
counter/8/0/0/0,21550:1747647666119:,1747647681740
counter/10/0/0/0,18845:1747647664790:,1747647681740
counter/7/0/0/0,17832:1747647663523:,1747647681740
counter/6/0/0/0,18696:1747647665470:,1747647681740
counter/8/0/0/0,21551:1747647666119:,1747647681740
counter/7/0/0/0,17833:1747647663523:,1747647681740
counter/6/0/0/0,18697:1747647665470:,1747647681740
counter/8/0/0/0,21552:1747647666119:,1747647681740
counter/7/0/0/0,17834:1747647663523:,1747647681740
counter/6/0/0/0,18698:1747647665470:,1747647681740
counter/8/0/0/0,21553:1747647666119:,1747647681740
counter/7/0/0/0,17835:1747647663523:,1747647681740
counter/6/0/0/0,18699:1747647665470:,1747647681740
counter/8/0/0/0,21554:1747647666119:,1747647681740
counter/7/0/0/0,17836:1747647663523:,1747647681740
counter/6/0/0/0,18700:1747647665470:,1747647681740
counter/8/0/0/0,21555:1747647666620:,1747647681740
counter/7/0/0/0,17837:1747647663523:,1747647681740
counter/6/0/0/0,18701:1747647665470:,1747647681740
counter/8/0/0/0,21556:1747647666620:,1747647681740
counter/7/0/0/0,17838:1747647663523:,1747647681740
counter/6/0/0/0,18702:1747647665470:,1747647681740
counter/8/0/0/0,21557:1747647666622:,1747647681740
counter/7/0/0/0,17839:1747647663523:,1747647681740
counter/6/0/0/0,18703:1747647665470:,1747647681740
counter/8/0/0/0,21558:1747647666627:,1747647681740
counter/7/0/0/0,17840:1747647663523:,1747647681740
counter/6/0/0/0,18704:1747647665470:,1747647681740
counter/8/0/0/0,21559:1747647666627:,1747647681740
counter/7/0/0/0,17841:1747647663523:,1747647681740
counter/6/0/0/0,18705:1747647665472:,1747647681740
counter/8/0/0/0,21560:1747647666627:,1747647681740
counter/7/0/0/0,17842:1747647663523:,1747647681740
counter/6/0/0/0,18706:1747647665472:,1747647681740
counter/8/0/0/0,21561:1747647666627:,1747647681740
counter/7/0/0/0,17843:1747647663523:,1747647681740
counter/6/0/0/0,18707:1747647665472:,1747647681740
counter/8/0/0/0,21562:1747647666631:,1747647681740
counter/7/0/0/0,17844:1747647663524:,1747647681740
counter/6/0/0/0,18708:1747647665472:,1747647681740
counter/8/0/0/0,21563:1747647666632:,1747647681740
counter/7/0/0/0,17845:1747647663524:,1747647681740
counter/6/0/0/0,18709:1747647665473:,1747647681740
counter/8/0/0/0,21564:1747647666637:,1747647681740
counter/7/0/0/0,17846:1747647663524:,1747647681740
counter/6/0/0/0,18710:1747647665473:,1747647681740
counter/8/0/0/0,21565:1747647666637:,1747647681741
counter/10/0/0/0,18846:1747647664790:,1747647681741
counter/7/0/0/0,17847:1747647663524:,1747647681741
counter/6/0/0/0,18711:1747647665479:,1747647681741
counter/8/0/0/0,21566:1747647666640:,1747647681741
counter/1/0/0/0,19188:1747647665606:,1747647681741
counter/7/0/0/0,17848:1747647663524:,1747647681741
counter/6/0/0/0,18712:1747647665479:,1747647681741
counter/8/0/0/0,21567:1747647666641:,1747647681741
counter/7/0/0/0,17849:1747647663524:,1747647681741
counter/6/0/0/0,18713:1747647665479:,1747647681741
counter/8/0/0/0,21568:1747647666641:,1747647681741
counter/7/0/0/0,17850:1747647663556:,1747647681741
counter/6/0/0/0,18714:1747647665479:,1747647681741
counter/8/0/0/0,21569:1747647666642:,1747647681741
counter/3/0/0/0,18160:1747647664864:,1747647681741
counter/7/0/0/0,17851:1747647663556:,1747647681741
counter/6/0/0/0,18715:1747647665479:,1747647681741
counter/8/0/0/0,21570:1747647666645:,1747647681741
counter/10/0/0/0,18847:1747647664796:,1747647681741
counter/7/0/0/0,17852:1747647663556:,1747647681741
counter/6/0/0/0,18716:1747647665479:,1747647681741
counter/8/0/0/0,21571:1747647666646:,1747647681741
counter/1/0/0/0,19189:1747647665606:,1747647681741
counter/7/0/0/0,17853:1747647663556:,1747647681741
counter/6/0/0/0,18717:1747647665479:,1747647681741
counter/8/0/0/0,21572:1747647666646:,1747647681741
counter/2/0/0/0,24201:1747647669980:,1747647681741
counter/4/0/0/0,18695:1747647665682:,1747647681741
counter/7/0/0/0,17854:1747647663556:,1747647681741
counter/6/0/0/0,18718:1747647665479:,1747647681741
counter/8/0/0/0,21573:1747647666646:,1747647681741
counter/2/0/0/0,24202:1747647669980:,1747647681741
counter/7/0/0/0,17855:1747647663556:,1747647681741
counter/6/0/0/0,18719:1747647665480:,1747647681741
counter/8/0/0/0,21574:1747647666646:,1747647681741
counter/2/0/0/0,24203:1747647669991:,1747647681741
counter/7/0/0/0,17856:1747647663556:,1747647681741
counter/6/0/0/0,18720:1747647665483:,1747647681742
counter/8/0/0/0,21575:1747647666646:,1747647681742
counter/2/0/0/0,24204:1747647669991:,1747647681742
counter/7/0/0/0,17857:1747647663556:,1747647681742
counter/6/0/0/0,18721:1747647665483:,1747647681742
counter/8/0/0/0,21576:1747647666647:,1747647681742
counter/2/0/0/0,24205:1747647669991:,1747647681742
counter/7/0/0/0,17858:1747647663557:,1747647681742
counter/6/0/0/0,18722:1747647665483:,1747647681742
counter/8/0/0/0,21577:1747647666647:,1747647681742
counter/7/0/0/0,17859:1747647663557:,1747647681742
counter/6/0/0/0,18723:1747647665483:,1747647681742
counter/8/0/0/0,21578:1747647666647:,1747647681742
counter/7/0/0/0,17860:1747647663557:,1747647681742
counter/6/0/0/0,18724:1747647665483:,1747647681742
counter/8/0/0/0,21579:1747647666654:,1747647681742
counter/7/0/0/0,17861:1747647663557:,1747647681742
counter/6/0/0/0,18725:1747647665483:,1747647681742
counter/8/0/0/0,21580:1747647666654:,1747647681742
counter/7/0/0/0,17862:1747647663557:,1747647681742
counter/6/0/0/0,18726:1747647665483:,1747647681742
counter/8/0/0/0,21581:1747647666654:,1747647681742
counter/7/0/0/0,17863:1747647663557:,1747647681742
counter/6/0/0/0,18727:1747647665483:,1747647681742
counter/8/0/0/0,21582:1747647666654:,1747647681742
counter/7/0/0/0,17864:1747647663559:,1747647681742
counter/6/0/0/0,18728:1747647665484:,1747647681742
counter/8/0/0/0,21583:1747647666654:,1747647681742
counter/7/0/0/0,17865:1747647663559:,1747647681742
counter/6/0/0/0,18729:1747647665484:,1747647681742
counter/8/0/0/0,21584:1747647666654:,1747647681742
counter/7/0/0/0,17866:1747647663562:,1747647681742
counter/6/0/0/0,18730:1747647665484:,1747647681742
counter/8/0/0/0,21585:1747647666654:,1747647681742
counter/7/0/0/0,17867:1747647663562:,1747647681742
counter/6/0/0/0,18731:1747647665484:,1747647681742
counter/8/0/0/0,21586:1747647666654:,1747647681742
counter/7/0/0/0,17868:1747647663562:,1747647681742
counter/6/0/0/0,18732:1747647665484:,1747647681742
counter/8/0/0/0,21587:1747647666654:,1747647681742
counter/7/0/0/0,17869:1747647663562:,1747647681742
counter/6/0/0/0,18733:1747647665484:,1747647681742
counter/8/0/0/0,21588:1747647666654:,1747647681743
counter/7/0/0/0,17870:1747647663574:,1747647681743
counter/6/0/0/0,18734:1747647665484:,1747647681743
counter/8/0/0/0,21589:1747647666654:,1747647681743
counter/7/0/0/0,17871:1747647663574:,1747647681743
counter/6/0/0/0,18735:1747647665489:,1747647681743
counter/7/0/0/0,17872:1747647663574:,1747647681743
counter/6/0/0/0,18736:1747647665491:,1747647681743
counter/7/0/0/0,17873:1747647663574:,1747647681743
counter/6/0/0/0,18737:1747647665491:,1747647681743
counter/7/0/0/0,17874:1747647663574:,1747647681743
counter/6/0/0/0,18738:1747647665491:,1747647681743
counter/7/0/0/0,17875:1747647663574:,1747647681743
counter/6/0/0/0,18739:1747647665491:,1747647681743
counter/7/0/0/0,17876:1747647663574:,1747647681743
counter/6/0/0/0,18740:1747647665491:,1747647681743
counter/7/0/0/0,17877:1747647663574:,1747647681743
counter/6/0/0/0,18741:1747647665491:,1747647681743
counter/7/0/0/0,17878:1747647663580:,1747647681743
counter/6/0/0/0,18742:1747647665491:,1747647681743
counter/7/0/0/0,17879:1747647663580:,1747647681743
counter/6/0/0/0,18743:1747647665491:,1747647681743
counter/7/0/0/0,17880:1747647663580:,1747647681743
counter/6/0/0/0,18744:1747647665491:,1747647681743
counter/7/0/0/0,17881:1747647663580:,1747647681743
counter/6/0/0/0,18745:1747647665492:,1747647681743
counter/7/0/0/0,17882:1747647663580:,1747647681743
counter/6/0/0/0,18746:1747647665492:,1747647681743
counter/7/0/0/0,17883:1747647663581:,1747647681743
counter/6/0/0/0,18747:1747647665492:,1747647681743
counter/5/0/0/0,20861:1747647666782:,1747647681743
counter/7/0/0/0,17884:1747647663581:,1747647681743
counter/6/0/0/0,18748:1747647665492:,1747647681743
counter/4/0/0/0,18696:1747647665682:,1747647681743
counter/2/0/0/0,24206:1747647669991:,1747647681743
counter/7/0/0/0,17885:1747647663581:,1747647681743
counter/6/0/0/0,18749:1747647665492:,1747647681743
counter/4/0/0/0,18697:1747647665682:,1747647681743
counter/9/0/0/0,24588:1747647668273:,1747647681743
counter/10/0/0/0,18848:1747647664796:,1747647681744
counter/7/0/0/0,17886:1747647663581:,1747647681744
counter/6/0/0/0,18750:1747647665492:,1747647681744
counter/1/0/0/0,19190:1747647665606:,1747647681744
counter/7/0/0/0,17887:1747647663581:,1747647681744
counter/6/0/0/0,18751:1747647665492:,1747647681744
counter/7/0/0/0,17888:1747647663581:,1747647681744
counter/6/0/0/0,18752:1747647665492:,1747647681744
counter/7/0/0/0,17889:1747647663581:,1747647681744
counter/6/0/0/0,18753:1747647665492:,1747647681744
counter/7/0/0/0,17890:1747647663581:,1747647681744
counter/6/0/0/0,18754:1747647665492:,1747647681744
counter/7/0/0/0,17891:1747647663581:,1747647681744
counter/6/0/0/0,18755:1747647665497:,1747647681744
counter/3/0/0/0,18161:1747647664864:,1747647681744
counter/7/0/0/0,17892:1747647663589:,1747647681744
counter/6/0/0/0,18756:1747647665497:,1747647681744
counter/7/0/0/0,17893:1747647663589:,1747647681744
counter/6/0/0/0,18757:1747647665497:,1747647681744
counter/7/0/0/0,17894:1747647663589:,1747647681744
counter/6/0/0/0,18758:1747647665498:,1747647681744
counter/7/0/0/0,17895:1747647663589:,1747647681744
counter/6/0/0/0,18759:1747647665499:,1747647681744
counter/7/0/0/0,17896:1747647663590:,1747647681744
counter/6/0/0/0,18760:1747647665499:,1747647681744
counter/7/0/0/0,17897:1747647663590:,1747647681744
counter/6/0/0/0,18761:1747647665500:,1747647681744
counter/7/0/0/0,17898:1747647663592:,1747647681744
counter/6/0/0/0,18762:1747647665500:,1747647681744
counter/7/0/0/0,17899:1747647663592:,1747647681744
counter/6/0/0/0,18763:1747647665500:,1747647681744
counter/7/0/0/0,17900:1747647663592:,1747647681744
counter/6/0/0/0,18764:1747647665500:,1747647681744
counter/7/0/0/0,17901:1747647663592:,1747647681744
counter/6/0/0/0,18765:1747647665500:,1747647681744
counter/7/0/0/0,17902:1747647663592:,1747647681744
counter/6/0/0/0,18766:1747647665505:,1747647681744
counter/7/0/0/0,17903:1747647663592:,1747647681744
counter/6/0/0/0,18767:1747647665505:,1747647681745
counter/7/0/0/0,17904:1747647663592:,1747647681745
counter/6/0/0/0,18768:1747647665505:,1747647681745
counter/7/0/0/0,17905:1747647663592:,1747647681745
counter/6/0/0/0,18769:1747647665505:,1747647681745
counter/7/0/0/0,17906:1747647663592:,1747647681745
counter/6/0/0/0,18770:1747647665505:,1747647681745
counter/7/0/0/0,17907:1747647663592:,1747647681745
counter/6/0/0/0,18771:1747647665506:,1747647681745
counter/7/0/0/0,17908:1747647663592:,1747647681745
counter/6/0/0/0,18772:1747647665506:,1747647681745
counter/7/0/0/0,17909:1747647663592:,1747647681745
counter/6/0/0/0,18773:1747647665506:,1747647681745
counter/7/0/0/0,17910:1747647663592:,1747647681745
counter/6/0/0/0,18774:1747647665506:,1747647681745
counter/7/0/0/0,17911:1747647663592:,1747647681745
counter/6/0/0/0,18775:1747647665517:,1747647681745
counter/7/0/0/0,17912:1747647663592:,1747647681745
counter/6/0/0/0,18776:1747647665517:,1747647681745
counter/7/0/0/0,17913:1747647663592:,1747647681745
counter/6/0/0/0,18777:1747647665518:,1747647681745
counter/7/0/0/0,17914:1747647663594:,1747647681745
counter/6/0/0/0,18778:1747647665518:,1747647681745
counter/7/0/0/0,17915:1747647663594:,1747647681745
counter/6/0/0/0,18779:1747647665518:,1747647681745
counter/7/0/0/0,17916:1747647663594:,1747647681745
counter/6/0/0/0,18780:1747647665518:,1747647681745
counter/7/0/0/0,17917:1747647663594:,1747647681745
counter/6/0/0/0,18781:1747647665518:,1747647681745
counter/7/0/0/0,17918:1747647663594:,1747647681745
counter/6/0/0/0,18782:1747647665518:,1747647681745
counter/7/0/0/0,17919:1747647663594:,1747647681745
counter/6/0/0/0,18783:1747647665518:,1747647681745
counter/7/0/0/0,17920:1747647663594:,1747647681745
counter/6/0/0/0,18784:1747647665520:,1747647681745
counter/7/0/0/0,17921:1747647663594:,1747647681745
counter/6/0/0/0,18785:1747647665520:,1747647681745
counter/7/0/0/0,17922:1747647663594:,1747647681745
counter/6/0/0/0,18786:1747647665520:,1747647681745
counter/7/0/0/0,17923:1747647663594:,1747647681745
counter/6/0/0/0,18787:1747647665520:,1747647681746
counter/7/0/0/0,17924:1747647663594:,1747647681746
counter/6/0/0/0,18788:1747647665520:,1747647681746
counter/7/0/0/0,17925:1747647663595:,1747647681746
counter/6/0/0/0,18789:1747647665520:,1747647681746
counter/7/0/0/0,17926:1747647663595:,1747647681746
counter/6/0/0/0,18790:1747647665520:,1747647681746
counter/7/0/0/0,17927:1747647663595:,1747647681746
counter/6/0/0/0,18791:1747647665520:,1747647681746
counter/7/0/0/0,17928:1747647663595:,1747647681746
counter/6/0/0/0,18792:1747647665520:,1747647681746
counter/7/0/0/0,17929:1747647663595:,1747647681746
counter/6/0/0/0,18793:1747647665520:,1747647681746
counter/7/0/0/0,17930:1747647663595:,1747647681746
counter/6/0/0/0,18794:1747647665520:,1747647681746
counter/7/0/0/0,17931:1747647663595:,1747647681746
counter/6/0/0/0,18795:1747647665520:,1747647681746
counter/7/0/0/0,17932:1747647663595:,1747647681746
counter/6/0/0/0,18796:1747647665525:,1747647681746
counter/7/0/0/0,17933:1747647663595:,1747647681746
counter/6/0/0/0,18797:1747647665526:,1747647681746
counter/7/0/0/0,17934:1747647663595:,1747647681746
counter/6/0/0/0,18798:1747647665526:,1747647681746
counter/7/0/0/0,17935:1747647663603:,1747647681746
counter/6/0/0/0,18799:1747647665526:,1747647681746
counter/7/0/0/0,17936:1747647663603:,1747647681746
counter/6/0/0/0,18800:1747647665526:,1747647681746
counter/7/0/0/0,17937:1747647663603:,1747647681746
counter/6/0/0/0,18801:1747647665526:,1747647681746
counter/7/0/0/0,17938:1747647663603:,1747647681746
counter/6/0/0/0,18802:1747647665526:,1747647681746
counter/7/0/0/0,17939:1747647663603:,1747647681746
counter/6/0/0/0,18803:1747647665526:,1747647681746
counter/7/0/0/0,17940:1747647663603:,1747647681746
counter/6/0/0/0,18804:1747647665526:,1747647681746
counter/7/0/0/0,17941:1747647663603:,1747647681747
counter/6/0/0/0,18805:1747647665527:,1747647681747
counter/7/0/0/0,17942:1747647663603:,1747647681747
counter/6/0/0/0,18806:1747647665527:,1747647681747
counter/7/0/0/0,17943:1747647663603:,1747647681747
counter/6/0/0/0,18807:1747647665527:,1747647681747
counter/7/0/0/0,17944:1747647663603:,1747647681747
counter/6/0/0/0,18808:1747647665527:,1747647681747
counter/7/0/0/0,17945:1747647663603:,1747647681747
counter/6/0/0/0,18809:1747647665527:,1747647681747
counter/7/0/0/0,17946:1747647663603:,1747647681747
counter/6/0/0/0,18810:1747647665527:,1747647681747
counter/7/0/0/0,17947:1747647663605:,1747647681747
counter/6/0/0/0,18811:1747647665534:,1747647681747
counter/7/0/0/0,17948:1747647663605:,1747647681747
counter/6/0/0/0,18812:1747647665534:,1747647681747
counter/7/0/0/0,17949:1747647663605:,1747647681747
counter/6/0/0/0,18813:1747647665534:,1747647681747
counter/7/0/0/0,17950:1747647663605:,1747647681747
counter/6/0/0/0,18814:1747647665534:,1747647681747
counter/7/0/0/0,17951:1747647663605:,1747647681747
counter/6/0/0/0,18815:1747647665534:,1747647681747
counter/7/0/0/0,17952:1747647663605:,1747647681747
counter/6/0/0/0,18816:1747647665534:,1747647681747
counter/7/0/0/0,17953:1747647663605:,1747647681747
counter/6/0/0/0,18817:1747647665534:,1747647681747
counter/7/0/0/0,17954:1747647663605:,1747647681747
counter/6/0/0/0,18818:1747647665534:,1747647681747
counter/7/0/0/0,17955:1747647663605:,1747647681747
counter/6/0/0/0,18819:1747647665534:,1747647681747
counter/7/0/0/0,17956:1747647663605:,1747647681747
counter/6/0/0/0,18820:1747647665534:,1747647681747
counter/7/0/0/0,17957:1747647663605:,1747647681747
counter/6/0/0/0,18821:1747647665534:,1747647681747
counter/7/0/0/0,17958:1747647663605:,1747647681747
counter/6/0/0/0,18822:1747647665534:,1747647681747
counter/7/0/0/0,17959:1747647663605:,1747647681747
counter/7/0/0/0,17960:1747647663605:,1747647681747
counter/7/0/0/0,17961:1747647663605:,1747647681747
counter/7/0/0/0,17962:1747647663605:,1747647681748
counter/7/0/0/0,17963:1747647663606:,1747647681748
counter/7/0/0/0,17964:1747647663606:,1747647681748
counter/7/0/0/0,17965:1747647663606:,1747647681748
counter/7/0/0/0,17966:1747647663606:,1747647681748
counter/7/0/0/0,17967:1747647663606:,1747647681748
counter/7/0/0/0,17968:1747647663606:,1747647681748
counter/7/0/0/0,17969:1747647663606:,1747647681748
counter/7/0/0/0,17970:1747647663606:,1747647681748
counter/7/0/0/0,17971:1747647663606:,1747647681748
counter/7/0/0/0,17972:1747647663606:,1747647681748
counter/7/0/0/0,17973:1747647663606:,1747647681748
counter/7/0/0/0,17974:1747647663606:,1747647681748
counter/7/0/0/0,17975:1747647663606:,1747647681748
counter/7/0/0/0,17976:1747647663606:,1747647681748
counter/7/0/0/0,17977:1747647663606:,1747647681748
counter/4/0/0/0,18698:1747647665682:,1747647681748
counter/7/0/0/0,17978:1747647663606:,1747647681748
counter/5/0/0/0,20862:1747647666782:,1747647681748
counter/7/0/0/0,17979:1747647663606:,1747647681748
counter/9/0/0/0,24589:1747647668273:,1747647681748
counter/7/0/0/0,17980:1747647663606:,1747647681748
counter/5/0/0/0,20863:1747647666782:,1747647681748
counter/3/0/0/0,18162:1747647664864:,1747647681748
counter/7/0/0/0,17981:1747647663606:,1747647681748
counter/7/0/0/0,17982:1747647663606:,1747647681748
counter/7/0/0/0,17983:1747647663606:,1747647681748
counter/7/0/0/0,17984:1747647663606:,1747647681748
counter/7/0/0/0,17985:1747647663606:,1747647681748
counter/7/0/0/0,17986:1747647663606:,1747647681748
counter/7/0/0/0,17987:1747647663606:,1747647681748
counter/7/0/0/0,17988:1747647663606:,1747647681748
counter/7/0/0/0,17989:1747647663606:,1747647681748
counter/7/0/0/0,17990:1747647663606:,1747647681748
counter/7/0/0/0,17991:1747647663606:,1747647681748
counter/7/0/0/0,17992:1747647663606:,1747647681749
counter/7/0/0/0,17993:1747647663607:,1747647681749
counter/7/0/0/0,17994:1747647663607:,1747647681749
counter/7/0/0/0,17995:1747647663607:,1747647681749
counter/7/0/0/0,17996:1747647663609:,1747647681749
counter/7/0/0/0,17997:1747647663609:,1747647681749
counter/7/0/0/0,17998:1747647663609:,1747647681749
counter/7/0/0/0,17999:1747647663609:,1747647681749
counter/7/0/0/0,18000:1747647663609:,1747647681749
counter/7/0/0/0,18001:1747647663609:,1747647681749
counter/7/0/0/0,18002:1747647663611:,1747647681749
counter/7/0/0/0,18003:1747647663611:,1747647681749
counter/7/0/0/0,18004:1747647663611:,1747647681749
counter/7/0/0/0,18005:1747647663611:,1747647681749
counter/7/0/0/0,18006:1747647663611:,1747647681749
counter/7/0/0/0,18007:1747647663611:,1747647681749
counter/7/0/0/0,18008:1747647663611:,1747647681749
counter/7/0/0/0,18009:1747647663611:,1747647681749
counter/7/0/0/0,18010:1747647663611:,1747647681749
counter/7/0/0/0,18011:1747647663611:,1747647681749
counter/7/0/0/0,18012:1747647663611:,1747647681749
counter/7/0/0/0,18013:1747647663611:,1747647681749
counter/7/0/0/0,18014:1747647663611:,1747647681749
counter/3/0/0/0,18163:1747647664867:,1747647681749
counter/7/0/0/0,18015:1747647663611:,1747647681749
counter/2/0/0/0,24207:1747647669991:,1747647681749
counter/4/0/0/0,18699:1747647665682:,1747647681749
counter/7/0/0/0,18016:1747647663611:,1747647681749
counter/7/0/0/0,18017:1747647663611:,1747647681749
counter/7/0/0/0,18018:1747647663612:,1747647681749
counter/7/0/0/0,18019:1747647663612:,1747647681749
counter/7/0/0/0,18020:1747647663613:,1747647681749
counter/7/0/0/0,18021:1747647663613:,1747647681749
counter/7/0/0/0,18022:1747647663613:,1747647681749
counter/7/0/0/0,18023:1747647663613:,1747647681749
counter/7/0/0/0,18024:1747647663614:,1747647681749
counter/7/0/0/0,18025:1747647663614:,1747647681749
counter/7/0/0/0,18026:1747647663616:,1747647681749
counter/7/0/0/0,18027:1747647663617:,1747647681749
counter/7/0/0/0,18028:1747647663617:,1747647681749
counter/7/0/0/0,18029:1747647663617:,1747647681749
counter/7/0/0/0,18030:1747647663617:,1747647681749
counter/7/0/0/0,18031:1747647663617:,1747647681749
counter/7/0/0/0,18032:1747647663617:,1747647681750
counter/7/0/0/0,18033:1747647663617:,1747647681750
counter/7/0/0/0,18034:1747647663617:,1747647681750
counter/7/0/0/0,18035:1747647663617:,1747647681750
counter/7/0/0/0,18036:1747647663617:,1747647681750
counter/10/0/0/0,18849:1747647664796:,1747647681750
counter/7/0/0/0,18037:1747647663617:,1747647681750
counter/1/0/0/0,19191:1747647665606:,1747647681750
counter/3/0/0/0,18164:1747647664867:,1747647681750
counter/7/0/0/0,18038:1747647663617:,1747647681750
counter/2/0/0/0,24208:1747647669991:,1747647681750
counter/7/0/0/0,18039:1747647663617:,1747647681750
counter/2/0/0/0,24209:1747647669991:,1747647681750
counter/7/0/0/0,18040:1747647663617:,1747647681750
counter/2/0/0/0,24210:1747647669991:,1747647681750
counter/7/0/0/0,18041:1747647663618:,1747647681750
counter/2/0/0/0,24211:1747647670007:,1747647681750
counter/7/0/0/0,18042:1747647663618:,1747647681750
counter/2/0/0/0,24212:1747647670008:,1747647681750
counter/7/0/0/0,18043:1747647663618:,1747647681750
counter/7/0/0/0,18044:1747647663618:,1747647681750
counter/7/0/0/0,18045:1747647663618:,1747647681750
counter/7/0/0/0,18046:1747647663618:,1747647681750
counter/7/0/0/0,18047:1747647663618:,1747647681750
counter/7/0/0/0,18048:1747647663618:,1747647681750
counter/7/0/0/0,18049:1747647663618:,1747647681750
counter/7/0/0/0,18050:1747647663618:,1747647681750
counter/7/0/0/0,18051:1747647663618:,1747647681750
counter/7/0/0/0,18052:1747647663618:,1747647681750
counter/7/0/0/0,18053:1747647663618:,1747647681750
counter/7/0/0/0,18054:1747647663618:,1747647681750
counter/7/0/0/0,18055:1747647663623:,1747647681750
counter/7/0/0/0,18056:1747647663623:,1747647681750
counter/7/0/0/0,18057:1747647663623:,1747647681750
counter/7/0/0/0,18058:1747647663623:,1747647681750
counter/7/0/0/0,18059:1747647663623:,1747647681750
counter/7/0/0/0,18060:1747647663623:,1747647681750
counter/7/0/0/0,18061:1747647663623:,1747647681750
counter/7/0/0/0,18062:1747647663623:,1747647681750
counter/7/0/0/0,18063:1747647663626:,1747647681750
counter/7/0/0/0,18064:1747647663626:,1747647681751
counter/7/0/0/0,18065:1747647663626:,1747647681751
counter/7/0/0/0,18066:1747647663626:,1747647681751
counter/7/0/0/0,18067:1747647663626:,1747647681751
counter/7/0/0/0,18068:1747647663626:,1747647681751
counter/3/0/0/0,18165:1747647664867:,1747647681751
counter/7/0/0/0,18069:1747647663627:,1747647681751
counter/2/0/0/0,24213:1747647670008:,1747647681751
counter/7/0/0/0,18070:1747647663627:,1747647681751
counter/2/0/0/0,24214:1747647670011:,1747647681751
counter/7/0/0/0,18071:1747647663627:,1747647681751
counter/2/0/0/0,24215:1747647670011:,1747647681751
counter/7/0/0/0,18072:1747647663627:,1747647681751
counter/2/0/0/0,24216:1747647670011:,1747647681751
counter/7/0/0/0,18073:1747647663627:,1747647681751
counter/2/0/0/0,24217:1747647670011:,1747647681751
counter/7/0/0/0,18074:1747647663627:,1747647681751
counter/2/0/0/0,24218:1747647670023:,1747647681751
counter/7/0/0/0,18075:1747647663627:,1747647681751
counter/2/0/0/0,24219:1747647670024:,1747647681751
counter/7/0/0/0,18076:1747647663627:,1747647681751
counter/2/0/0/0,24220:1747647670024:,1747647681751
counter/7/0/0/0,18077:1747647663627:,1747647681751
counter/2/0/0/0,24221:1747647670024:,1747647681751
counter/10/0/0/0,18850:1747647664796:,1747647681751
counter/7/0/0/0,18078:1747647663627:,1747647681751
counter/2/0/0/0,24222:1747647670024:,1747647681751
counter/6/0/0/0,18823:1747647665534:,1747647681751
counter/7/0/0/0,18079:1747647663627:,1747647681751
counter/4/0/0/0,18700:1747647665682:,1747647681751
counter/9/0/0/0,24590:1747647668273:,1747647681751
counter/7/0/0/0,18080:1747647663627:,1747647681751
counter/4/0/0/0,18701:1747647665688:,1747647681751
counter/7/0/0/0,18081:1747647663627:,1747647681751
counter/4/0/0/0,18702:1747647665688:,1747647681751
counter/7/0/0/0,18082:1747647663627:,1747647681751
counter/4/0/0/0,18703:1747647665688:,1747647681751
counter/7/0/0/0,18083:1747647663627:,1747647681751
counter/4/0/0/0,18704:1747647665688:,1747647681751
counter/7/0/0/0,18084:1747647663627:,1747647681751
counter/4/0/0/0,18705:1747647665688:,1747647681752
counter/7/0/0/0,18085:1747647663637:,1747647681752
counter/4/0/0/0,18706:1747647665688:,1747647681752
counter/7/0/0/0,18086:1747647663641:,1747647681752
counter/4/0/0/0,18707:1747647665688:,1747647681752
counter/7/0/0/0,18087:1747647663641:,1747647681752
counter/4/0/0/0,18708:1747647665688:,1747647681752
counter/7/0/0/0,18088:1747647663641:,1747647681752
counter/4/0/0/0,18709:1747647665688:,1747647681752
counter/7/0/0/0,18089:1747647663641:,1747647681752
counter/4/0/0/0,18710:1747647665688:,1747647681752
counter/7/0/0/0,18090:1747647663653:,1747647681752
counter/4/0/0/0,18711:1747647665688:,1747647681752
counter/7/0/0/0,18091:1747647663654:,1747647681752
counter/4/0/0/0,18712:1747647665688:,1747647681752
counter/7/0/0/0,18092:1747647663654:,1747647681752
counter/4/0/0/0,18713:1747647665688:,1747647681752
counter/7/0/0/0,18093:1747647663654:,1747647681752
counter/4/0/0/0,18714:1747647665688:,1747647681752
counter/7/0/0/0,18094:1747647663654:,1747647681752
counter/4/0/0/0,18715:1747647665688:,1747647681752
counter/7/0/0/0,18095:1747647663654:,1747647681752
counter/4/0/0/0,18716:1747647665688:,1747647681752
counter/3/0/0/0,18166:1747647664867:,1747647681752
counter/7/0/0/0,18096:1747647663654:,1747647681752
counter/4/0/0/0,18717:1747647665689:,1747647681752
counter/2/0/0/0,24223:1747647670024:,1747647681752
counter/7/0/0/0,18097:1747647663654:,1747647681752
counter/4/0/0/0,18718:1747647665689:,1747647681752
counter/10/0/0/0,18851:1747647664796:,1747647681752
counter/6/0/0/0,18824:1747647665534:,1747647681752
counter/7/0/0/0,18098:1747647663654:,1747647681752
counter/4/0/0/0,18719:1747647665689:,1747647681752
counter/9/0/0/0,24591:1747647668273:,1747647681752
counter/7/0/0/0,18099:1747647663654:,1747647681752
counter/4/0/0/0,18720:1747647665708:,1747647681752
counter/7/0/0/0,18100:1747647663654:,1747647681752
counter/4/0/0/0,18721:1747647665708:,1747647681752
counter/7/0/0/0,18101:1747647663654:,1747647681752
counter/4/0/0/0,18722:1747647665708:,1747647681752
counter/7/0/0/0,18102:1747647663654:,1747647681752
counter/4/0/0/0,18723:1747647665709:,1747647681752
counter/7/0/0/0,18103:1747647663654:,1747647681752
counter/4/0/0/0,18724:1747647665709:,1747647681752
counter/7/0/0/0,18104:1747647663660:,1747647681752
counter/4/0/0/0,18725:1747647665709:,1747647681753
counter/7/0/0/0,18105:1747647663660:,1747647681753
counter/4/0/0/0,18726:1747647665720:,1747647681753
counter/7/0/0/0,18106:1747647663660:,1747647681753
counter/4/0/0/0,18727:1747647665720:,1747647681753
counter/7/0/0/0,18107:1747647663660:,1747647681753
counter/7/0/0/0,18108:1747647663660:,1747647681753
counter/7/0/0/0,18109:1747647663660:,1747647681753
counter/7/0/0/0,18110:1747647663668:,1747647681753
counter/7/0/0/0,18111:1747647663668:,1747647681753
counter/7/0/0/0,18112:1747647663668:,1747647681753
counter/7/0/0/0,18113:1747647663668:,1747647681753
counter/7/0/0/0,18114:1747647663668:,1747647681753
counter/7/0/0/0,18115:1747647663668:,1747647681753
counter/7/0/0/0,18116:1747647663668:,1747647681753
counter/7/0/0/0,18117:1747647663668:,1747647681753
counter/7/0/0/0,18118:1747647663668:,1747647681753
counter/7/0/0/0,18119:1747647663668:,1747647681753
counter/7/0/0/0,18120:1747647663668:,1747647681753
counter/7/0/0/0,18121:1747647663668:,1747647681753
counter/7/0/0/0,18122:1747647663668:,1747647681753
counter/7/0/0/0,18123:1747647663676:,1747647681753
counter/7/0/0/0,18124:1747647663676:,1747647681753
counter/7/0/0/0,18125:1747647663676:,1747647681753
counter/7/0/0/0,18126:1747647663676:,1747647681753
counter/7/0/0/0,18127:1747647663676:,1747647681753
counter/7/0/0/0,18128:1747647663676:,1747647681753
counter/7/0/0/0,18129:1747647663676:,1747647681753
counter/7/0/0/0,18130:1747647663676:,1747647681753
counter/7/0/0/0,18131:1747647663676:,1747647681753
counter/7/0/0/0,18132:1747647663677:,1747647681753
counter/7/0/0/0,18133:1747647663677:,1747647681753
counter/7/0/0/0,18134:1747647663677:,1747647681753
counter/7/0/0/0,18135:1747647663677:,1747647681753
counter/7/0/0/0,18136:1747647663677:,1747647681753
counter/7/0/0/0,18137:1747647663683:,1747647681753
counter/7/0/0/0,18138:1747647663684:,1747647681753
counter/7/0/0/0,18139:1747647663691:,1747647681753
counter/7/0/0/0,18140:1747647663691:,1747647681753
counter/7/0/0/0,18141:1747647663691:,1747647681753
counter/7/0/0/0,18142:1747647663691:,1747647681754
counter/7/0/0/0,18143:1747647663691:,1747647681754
counter/7/0/0/0,18144:1747647663691:,1747647681754
counter/7/0/0/0,18145:1747647663691:,1747647681754
counter/7/0/0/0,18146:1747647663691:,1747647681754
counter/7/0/0/0,18147:1747647663691:,1747647681754
counter/7/0/0/0,18148:1747647663691:,1747647681754
counter/7/0/0/0,18149:1747647663691:,1747647681754
counter/7/0/0/0,18150:1747647663691:,1747647681754
counter/7/0/0/0,18151:1747647663691:,1747647681754
counter/7/0/0/0,18152:1747647663691:,1747647681754
counter/7/0/0/0,18153:1747647663691:,1747647681754
counter/7/0/0/0,18154:1747647663691:,1747647681754
counter/7/0/0/0,18155:1747647663691:,1747647681754
counter/7/0/0/0,18156:1747647663691:,1747647681754
counter/7/0/0/0,18157:1747647663711:,1747647681754
counter/7/0/0/0,18158:1747647663711:,1747647681754
counter/7/0/0/0,18159:1747647663711:,1747647681754
counter/7/0/0/0,18160:1747647663711:,1747647681754
counter/7/0/0/0,18161:1747647663713:,1747647681754
counter/7/0/0/0,18162:1747647663714:,1747647681754
counter/7/0/0/0,18163:1747647663714:,1747647681754
counter/7/0/0/0,18164:1747647663714:,1747647681754
counter/7/0/0/0,18165:1747647663714:,1747647681754
counter/7/0/0/0,18166:1747647663714:,1747647681754
counter/7/0/0/0,18167:1747647663714:,1747647681754
counter/7/0/0/0,18168:1747647663714:,1747647681754
counter/7/0/0/0,18169:1747647663714:,1747647681754
counter/7/0/0/0,18170:1747647663714:,1747647681754
counter/7/0/0/0,18171:1747647663715:,1747647681754
counter/7/0/0/0,18172:1747647663715:,1747647681754
counter/7/0/0/0,18173:1747647663715:,1747647681754
counter/7/0/0/0,18174:1747647663715:,1747647681754
counter/7/0/0/0,18175:1747647663715:,1747647681754
counter/7/0/0/0,18176:1747647663715:,1747647681754
counter/7/0/0/0,18177:1747647663715:,1747647681754
counter/7/0/0/0,18178:1747647663715:,1747647681754
counter/7/0/0/0,18179:1747647663723:,1747647681754
counter/7/0/0/0,18180:1747647663723:,1747647681754
counter/7/0/0/0,18181:1747647663723:,1747647681754
counter/7/0/0/0,18182:1747647663723:,1747647681754
counter/7/0/0/0,18183:1747647663723:,1747647681754
counter/7/0/0/0,18184:1747647663740:,1747647681755
counter/7/0/0/0,18185:1747647663740:,1747647681755
counter/7/0/0/0,18186:1747647663740:,1747647681755
counter/7/0/0/0,18187:1747647663740:,1747647681755
counter/7/0/0/0,18188:1747647663740:,1747647681755
counter/7/0/0/0,18189:1747647663740:,1747647681755
counter/7/0/0/0,18190:1747647663740:,1747647681755
counter/7/0/0/0,18191:1747647663740:,1747647681755
counter/7/0/0/0,18192:1747647663740:,1747647681755
counter/7/0/0/0,18193:1747647663747:,1747647681755
counter/7/0/0/0,18194:1747647663747:,1747647681755
counter/7/0/0/0,18195:1747647663747:,1747647681755
counter/7/0/0/0,18196:1747647663747:,1747647681755
counter/7/0/0/0,18197:1747647663747:,1747647681755
counter/7/0/0/0,18198:1747647663747:,1747647681755
counter/7/0/0/0,18199:1747647663747:,1747647681755
counter/7/0/0/0,18200:1747647663747:,1747647681755
counter/7/0/0/0,18201:1747647663749:,1747647681755
counter/7/0/0/0,18202:1747647663749:,1747647681755
counter/7/0/0/0,18203:1747647663749:,1747647681755
counter/7/0/0/0,18204:1747647663749:,1747647681755
counter/7/0/0/0,18205:1747647663749:,1747647681755
counter/7/0/0/0,18206:1747647663749:,1747647681755
counter/7/0/0/0,18207:1747647663749:,1747647681755
counter/7/0/0/0,18208:1747647663749:,1747647681755
counter/7/0/0/0,18209:1747647663749:,1747647681755
counter/7/0/0/0,18210:1747647663749:,1747647681755
counter/7/0/0/0,18211:1747647663749:,1747647681755
counter/7/0/0/0,18212:1747647663749:,1747647681755
counter/7/0/0/0,18213:1747647663749:,1747647681755
counter/7/0/0/0,18214:1747647663749:,1747647681755
counter/7/0/0/0,18215:1747647663749:,1747647681755
counter/7/0/0/0,18216:1747647663755:,1747647681755
counter/4/0/0/0,18728:1747647665720:,1747647681755
counter/7/0/0/0,18217:1747647663755:,1747647681755
counter/1/0/0/0,19192:1747647665606:,1747647681755
counter/7/0/0/0,18218:1747647663755:,1747647681755
counter/10/0/0/0,18852:1747647664796:,1747647681755
counter/9/0/0/0,24592:1747647668273:,1747647681755
counter/7/0/0/0,18219:1747647663755:,1747647681755
counter/5/0/0/0,20864:1747647666782:,1747647681755
counter/7/0/0/0,18220:1747647663755:,1747647681755
counter/7/0/0/0,18221:1747647663755:,1747647681756
counter/5/0/0/0,20865:1747647666785:,1747647681756
counter/7/0/0/0,18222:1747647663755:,1747647681756
counter/3/0/0/0,18167:1747647664867:,1747647681756
counter/7/0/0/0,18223:1747647663755:,1747647681756
counter/7/0/0/0,18224:1747647663755:,1747647681756
counter/7/0/0/0,18225:1747647663755:,1747647681756
counter/10/0/0/0,18853:1747647664796:,1747647681756
counter/7/0/0/0,18226:1747647663755:,1747647681756
counter/9/0/0/0,24593:1747647668273:,1747647681756
counter/7/0/0/0,18227:1747647663755:,1747647681756
counter/9/0/0/0,24594:1747647668273:,1747647681756
counter/7/0/0/0,18228:1747647663755:,1747647681756
counter/9/0/0/0,24595:1747647668273:,1747647681756
counter/7/0/0/0,18229:1747647663755:,1747647681756
counter/9/0/0/0,24596:1747647668273:,1747647681756
counter/7/0/0/0,18230:1747647663755:,1747647681756
counter/9/0/0/0,24597:1747647668273:,1747647681756
counter/7/0/0/0,18231:1747647663761:,1747647681756
counter/9/0/0/0,24598:1747647668273:,1747647681756
counter/7/0/0/0,18232:1747647663762:,1747647681756
counter/9/0/0/0,24599:1747647668273:,1747647681756
counter/7/0/0/0,18233:1747647663762:,1747647681756
counter/9/0/0/0,24600:1747647668274:,1747647681756
counter/7/0/0/0,18234:1747647663762:,1747647681756
counter/9/0/0/0,24601:1747647668274:,1747647681756
counter/10/0/0/0,18854:1747647664796:,1747647681756
counter/7/0/0/0,18235:1747647663762:,1747647681756
counter/9/0/0/0,24602:1747647668274:,1747647681756
counter/7/0/0/0,18236:1747647663762:,1747647681756
counter/9/0/0/0,24603:1747647668274:,1747647681756
counter/7/0/0/0,18237:1747647663762:,1747647681756
counter/9/0/0/0,24604:1747647668274:,1747647681756
counter/7/0/0/0,18238:1747647663762:,1747647681756
counter/9/0/0/0,24605:1747647668274:,1747647681756
counter/7/0/0/0,18239:1747647663764:,1747647681756
counter/9/0/0/0,24606:1747647668274:,1747647681756
counter/7/0/0/0,18240:1747647663764:,1747647681756
counter/9/0/0/0,24607:1747647668274:,1747647681756
counter/7/0/0/0,18241:1747647663764:,1747647681757
counter/9/0/0/0,24608:1747647668274:,1747647681757
counter/7/0/0/0,18242:1747647663764:,1747647681757
counter/9/0/0/0,24609:1747647668274:,1747647681757
counter/7/0/0/0,18243:1747647663764:,1747647681757
counter/7/0/0/0,18244:1747647663764:,1747647681757
counter/7/0/0/0,18245:1747647663764:,1747647681757
counter/7/0/0/0,18246:1747647663764:,1747647681757
counter/7/0/0/0,18247:1747647663767:,1747647681757
counter/7/0/0/0,18248:1747647663767:,1747647681757
counter/7/0/0/0,18249:1747647663767:,1747647681757
counter/7/0/0/0,18250:1747647663767:,1747647681757
counter/7/0/0/0,18251:1747647663767:,1747647681757
counter/7/0/0/0,18252:1747647663767:,1747647681757
counter/7/0/0/0,18253:1747647663799:,1747647681757
counter/7/0/0/0,18254:1747647663805:,1747647681757
counter/7/0/0/0,18255:1747647663805:,1747647681757
counter/7/0/0/0,18256:1747647663805:,1747647681757
counter/7/0/0/0,18257:1747647663805:,1747647681757
counter/7/0/0/0,18258:1747647663805:,1747647681757
counter/7/0/0/0,18259:1747647663819:,1747647681757
counter/7/0/0/0,18260:1747647663819:,1747647681757
counter/7/0/0/0,18261:1747647663819:,1747647681757
counter/7/0/0/0,18262:1747647663819:,1747647681757
counter/7/0/0/0,18263:1747647663819:,1747647681757
counter/7/0/0/0,18264:1747647663827:,1747647681757
counter/7/0/0/0,18265:1747647663827:,1747647681757
counter/7/0/0/0,18266:1747647663827:,1747647681757
counter/7/0/0/0,18267:1747647663827:,1747647681757
counter/7/0/0/0,18268:1747647663827:,1747647681757
counter/7/0/0/0,18269:1747647663827:,1747647681757
counter/7/0/0/0,18270:1747647663827:,1747647681757
counter/7/0/0/0,18271:1747647663827:,1747647681757
counter/6/0/0/0,18825:1747647665534:,1747647681757
counter/7/0/0/0,18272:1747647663827:,1747647681757
counter/6/0/0/0,18826:1747647665535:,1747647681757
counter/9/0/0/0,24610:1747647668274:,1747647681757
counter/7/0/0/0,18273:1747647663827:,1747647681758
counter/6/0/0/0,18827:1747647665535:,1747647681758
counter/3/0/0/0,18168:1747647664868:,1747647681758
counter/7/0/0/0,18274:1747647663827:,1747647681758
counter/10/0/0/0,18855:1747647664796:,1747647681758
counter/7/0/0/0,18275:1747647663827:,1747647681758
counter/7/0/0/0,18276:1747647663839:,1747647681758
counter/7/0/0/0,18277:1747647663839:,1747647681758
counter/7/0/0/0,18278:1747647663839:,1747647681758
counter/7/0/0/0,18279:1747647663839:,1747647681758
counter/7/0/0/0,18280:1747647663839:,1747647681758
counter/7/0/0/0,18281:1747647663839:,1747647681758
counter/7/0/0/0,18282:1747647663839:,1747647681758
counter/7/0/0/0,18283:1747647663839:,1747647681758
counter/7/0/0/0,18284:1747647663839:,1747647681758
counter/7/0/0/0,18285:1747647663839:,1747647681758
counter/7/0/0/0,18286:1747647663839:,1747647681758
counter/7/0/0/0,18287:1747647663840:,1747647681758
counter/7/0/0/0,18288:1747647663840:,1747647681758
counter/7/0/0/0,18289:1747647663840:,1747647681758
counter/7/0/0/0,18290:1747647663840:,1747647681758
counter/7/0/0/0,18291:1747647663840:,1747647681758
counter/7/0/0/0,18292:1747647663840:,1747647681758
counter/7/0/0/0,18293:1747647663840:,1747647681758
counter/7/0/0/0,18294:1747647663840:,1747647681758
counter/7/0/0/0,18295:1747647663840:,1747647681758
counter/7/0/0/0,18296:1747647663840:,1747647681758
counter/4/0/0/0,18729:1747647665720:,1747647681758
counter/7/0/0/0,18297:1747647663840:,1747647681758
counter/9/0/0/0,24611:1747647668274:,1747647681758
counter/7/0/0/0,18298:1747647663840:,1747647681758
counter/5/0/0/0,20866:1747647666785:,1747647681758
counter/2/0/0/0,24224:1747647670024:,1747647681758
counter/7/0/0/0,18299:1747647663846:,1747647681758
counter/10/0/0/0,18856:1747647664796:,1747647681758
counter/3/0/0/0,18169:1747647664868:,1747647681758
counter/7/0/0/0,18300:1747647663846:,1747647681758
counter/7/0/0/0,18301:1747647663846:,1747647681758
counter/7/0/0/0,18302:1747647663846:,1747647681758
counter/7/0/0/0,18303:1747647663846:,1747647681758
counter/7/0/0/0,18304:1747647663846:,1747647681758
counter/7/0/0/0,18305:1747647663846:,1747647681759
counter/7/0/0/0,18306:1747647663846:,1747647681759
counter/6/0/0/0,18828:1747647665535:,1747647681759
counter/7/0/0/0,18307:1747647663846:,1747647681759
counter/7/0/0/0,18308:1747647663847:,1747647681759
counter/7/0/0/0,18309:1747647663847:,1747647681759
counter/7/0/0/0,18310:1747647663847:,1747647681759
counter/7/0/0/0,18311:1747647663847:,1747647681759
counter/7/0/0/0,18312:1747647663847:,1747647681759
counter/7/0/0/0,18313:1747647663847:,1747647681759
counter/6/0/0/0,18829:1747647665535:,1747647681759
counter/7/0/0/0,18314:1747647663847:,1747647681759
counter/7/0/0/0,18315:1747647663847:,1747647681759
counter/7/0/0/0,18316:1747647663850:,1747647681759
counter/7/0/0/0,18317:1747647663850:,1747647681759
counter/7/0/0/0,18318:1747647663850:,1747647681759
counter/7/0/0/0,18319:1747647663850:,1747647681759
counter/7/0/0/0,18320:1747647663850:,1747647681759
counter/7/0/0/0,18321:1747647663850:,1747647681759
counter/7/0/0/0,18322:1747647663850:,1747647681759
counter/7/0/0/0,18323:1747647663851:,1747647681759
counter/7/0/0/0,18324:1747647663851:,1747647681759
counter/7/0/0/0,18325:1747647663851:,1747647681759
counter/7/0/0/0,18326:1747647663851:,1747647681759
counter/7/0/0/0,18327:1747647663851:,1747647681759
counter/7/0/0/0,18328:1747647663851:,1747647681759
counter/7/0/0/0,18329:1747647663851:,1747647681759
counter/7/0/0/0,18330:1747647663851:,1747647681759
counter/7/0/0/0,18331:1747647663851:,1747647681759
counter/7/0/0/0,18332:1747647663859:,1747647681759
counter/7/0/0/0,18333:1747647663859:,1747647681759
counter/7/0/0/0,18334:1747647663859:,1747647681759
counter/7/0/0/0,18335:1747647663859:,1747647681759
counter/7/0/0/0,18336:1747647663859:,1747647681759
counter/7/0/0/0,18337:1747647663859:,1747647681759
counter/7/0/0/0,18338:1747647663859:,1747647681759
counter/7/0/0/0,18339:1747647663860:,1747647681759
counter/7/0/0/0,18340:1747647663860:,1747647681759
counter/7/0/0/0,18341:1747647663860:,1747647681759
counter/7/0/0/0,18342:1747647663860:,1747647681759
counter/7/0/0/0,18343:1747647663860:,1747647681759
counter/7/0/0/0,18344:1747647663865:,1747647681759
counter/7/0/0/0,18345:1747647663865:,1747647681759
counter/7/0/0/0,18346:1747647663865:,1747647681759
counter/7/0/0/0,18347:1747647663865:,1747647681759
counter/9/0/0/0,24612:1747647668274:,1747647681759
counter/7/0/0/0,18348:1747647663865:,1747647681759
counter/7/0/0/0,18349:1747647663866:,1747647681760
counter/10/0/0/0,18857:1747647664797:,1747647681760
counter/7/0/0/0,18350:1747647663866:,1747647681760
counter/2/0/0/0,24225:1747647670024:,1747647681760
counter/3/0/0/0,18170:1747647664868:,1747647681760
counter/7/0/0/0,18351:1747647663866:,1747647681760
counter/6/0/0/0,18830:1747647665535:,1747647681760
counter/7/0/0/0,18352:1747647663866:,1747647681760
counter/6/0/0/0,18831:1747647665535:,1747647681760
counter/7/0/0/0,18353:1747647663866:,1747647681760
counter/6/0/0/0,18832:1747647665535:,1747647681760
counter/7/0/0/0,18354:1747647664377:,1747647681760
counter/6/0/0/0,18833:1747647665535:,1747647681760
counter/9/0/0/0,24613:1747647668274:,1747647681760
counter/7/0/0/0,18355:1747647664378:,1747647681760
counter/6/0/0/0,18834:1747647665535:,1747647681760
counter/10/0/0/0,18858:1747647664797:,1747647681760
counter/7/0/0/0,18356:1747647664378:,1747647681760
counter/9/0/0/0,24614:1747647668281:,1747647681760
counter/3/0/0/0,18171:1747647664868:,1747647681760
counter/4/0/0/0,18730:1747647665720:,1747647681760
counter/7/0/0/0,18357:1747647664378:,1747647681760
counter/6/0/0/0,18835:1747647665539:,1747647681760
counter/1/0/0/0,19193:1747647665606:,1747647681760
counter/7/0/0/0,18358:1747647664378:,1747647681760
counter/1/0/0/0,19194:1747647665606:,1747647681760
counter/7/0/0/0,18359:1747647664390:,1747647681760
counter/1/0/0/0,19195:1747647665606:,1747647681760
counter/7/0/0/0,18360:1747647664390:,1747647681760
counter/1/0/0/0,19196:1747647665607:,1747647681760
counter/7/0/0/0,18361:1747647664394:,1747647681760
counter/1/0/0/0,19197:1747647665607:,1747647681760
counter/7/0/0/0,18362:1747647664397:,1747647681760
counter/1/0/0/0,19198:1747647665607:,1747647681760
counter/7/0/0/0,18363:1747647664397:,1747647681760
counter/1/0/0/0,19199:1747647665607:,1747647681760
counter/7/0/0/0,18364:1747647664399:,1747647681760
counter/1/0/0/0,19200:1747647665607:,1747647681760
counter/7/0/0/0,18365:1747647664403:,1747647681760
counter/1/0/0/0,19201:1747647665607:,1747647681760
counter/7/0/0/0,18366:1747647664409:,1747647681761
counter/1/0/0/0,19202:1747647665607:,1747647681761
counter/3/0/0/0,18172:1747647664868:,1747647681761
counter/7/0/0/0,18367:1747647664410:,1747647681761
counter/1/0/0/0,19203:1747647665607:,1747647681761
counter/6/0/0/0,18836:1747647665539:,1747647681761
counter/7/0/0/0,18368:1747647664410:,1747647681761
counter/1/0/0/0,19204:1747647665607:,1747647681761
counter/6/0/0/0,18837:1747647665539:,1747647681761
counter/7/0/0/0,18369:1747647664412:,1747647681761
counter/1/0/0/0,19205:1747647665607:,1747647681761
counter/5/0/0/0,20867:1747647666785:,1747647681761
counter/7/0/0/0,18370:1747647664412:,1747647681761
counter/1/0/0/0,19206:1747647665607:,1747647681761
counter/5/0/0/0,20868:1747647666785:,1747647681761
counter/10/0/0/0,18859:1747647664797:,1747647681761
counter/7/0/0/0,18371:1747647664415:,1747647681761
counter/1/0/0/0,19207:1747647665607:,1747647681761
counter/2/0/0/0,24226:1747647670024:,1747647681761
counter/7/0/0/0,18372:1747647664415:,1747647681761
counter/1/0/0/0,19208:1747647665607:,1747647681761
counter/7/0/0/0,18373:1747647664415:,1747647681761
counter/1/0/0/0,19209:1747647665607:,1747647681761
counter/7/0/0/0,18374:1747647664415:,1747647681761
counter/1/0/0/0,19210:1747647665607:,1747647681761
counter/7/0/0/0,18375:1747647664417:,1747647681761
counter/1/0/0/0,19211:1747647665607:,1747647681761
counter/7/0/0/0,18376:1747647664418:,1747647681761
counter/1/0/0/0,19212:1747647665607:,1747647681761
counter/7/0/0/0,18377:1747647664418:,1747647681761
counter/1/0/0/0,19213:1747647665607:,1747647681761
counter/7/0/0/0,18378:1747647664418:,1747647681761
counter/1/0/0/0,19214:1747647665607:,1747647681761
counter/7/0/0/0,18379:1747647664418:,1747647681761
counter/1/0/0/0,19215:1747647665609:,1747647681761
counter/7/0/0/0,18380:1747647664418:,1747647681761
counter/1/0/0/0,19216:1747647665610:,1747647681761
counter/7/0/0/0,18381:1747647664418:,1747647681761
counter/1/0/0/0,19217:1747647665610:,1747647681761
counter/7/0/0/0,18382:1747647664418:,1747647681762
counter/1/0/0/0,19218:1747647665610:,1747647681762
counter/7/0/0/0,18383:1747647664418:,1747647681762
counter/1/0/0/0,19219:1747647665610:,1747647681762
counter/7/0/0/0,18384:1747647664418:,1747647681762
counter/1/0/0/0,19220:1747647665610:,1747647681762
counter/7/0/0/0,18385:1747647664418:,1747647681762
counter/1/0/0/0,19221:1747647665610:,1747647681762
counter/7/0/0/0,18386:1747647664418:,1747647681762
counter/1/0/0/0,19222:1747647665615:,1747647681762
counter/7/0/0/0,18387:1747647664418:,1747647681762
counter/1/0/0/0,19223:1747647665615:,1747647681762
counter/7/0/0/0,18388:1747647664418:,1747647681762
counter/1/0/0/0,19224:1747647665615:,1747647681762
counter/7/0/0/0,18389:1747647664418:,1747647681762
counter/1/0/0/0,19225:1747647665615:,1747647681762
counter/7/0/0/0,18390:1747647664418:,1747647681762
counter/1/0/0/0,19226:1747647665615:,1747647681762
counter/7/0/0/0,18391:1747647664418:,1747647681762
counter/1/0/0/0,19227:1747647665615:,1747647681762
counter/7/0/0/0,18392:1747647664418:,1747647681762
counter/1/0/0/0,19228:1747647665615:,1747647681762
counter/7/0/0/0,18393:1747647664418:,1747647681762
counter/1/0/0/0,19229:1747647665615:,1747647681762
counter/7/0/0/0,18394:1747647664418:,1747647681762
counter/1/0/0/0,19230:1747647665615:,1747647681762
counter/7/0/0/0,18395:1747647664418:,1747647681762
counter/1/0/0/0,19231:1747647665628:,1747647681762
counter/7/0/0/0,18396:1747647664418:,1747647681762
counter/1/0/0/0,19232:1747647665628:,1747647681762
counter/2/0/0/0,24227:1747647670024:,1747647681762
counter/7/0/0/0,18397:1747647664418:,1747647681762
counter/1/0/0/0,19233:1747647665628:,1747647681762
counter/2/0/0/0,24228:1747647670024:,1747647681762
counter/7/0/0/0,18398:1747647664419:,1747647681762
counter/1/0/0/0,19234:1747647665628:,1747647681762
counter/2/0/0/0,24229:1747647670024:,1747647681762
counter/7/0/0/0,18399:1747647664419:,1747647681762
counter/1/0/0/0,19235:1747647665628:,1747647681763
counter/2/0/0/0,24230:1747647670024:,1747647681763
counter/10/0/0/0,18860:1747647664797:,1747647681763
counter/7/0/0/0,18400:1747647664419:,1747647681763
counter/1/0/0/0,19236:1747647665629:,1747647681763
counter/2/0/0/0,24231:1747647670024:,1747647681763
counter/10/0/0/0,18861:1747647664797:,1747647681763
counter/4/0/0/0,18731:1747647665720:,1747647681763
counter/7/0/0/0,18401:1747647664419:,1747647681763
counter/1/0/0/0,19237:1747647665629:,1747647681763
counter/2/0/0/0,24232:1747647670024:,1747647681763
counter/10/0/0/0,18862:1747647664797:,1747647681763
counter/7/0/0/0,18402:1747647664423:,1747647681763
counter/1/0/0/0,19238:1747647665629:,1747647681763
counter/10/0/0/0,18863:1747647664800:,1747647681763
counter/7/0/0/0,18403:1747647664423:,1747647681763
counter/1/0/0/0,19239:1747647665629:,1747647681763
counter/10/0/0/0,18864:1747647664800:,1747647681763
counter/7/0/0/0,18404:1747647664423:,1747647681763
counter/1/0/0/0,19240:1747647665629:,1747647681763
counter/10/0/0/0,18865:1747647664800:,1747647681763
counter/7/0/0/0,18405:1747647664423:,1747647681763
counter/1/0/0/0,19241:1747647665629:,1747647681763
counter/10/0/0/0,18866:1747647664805:,1747647681763
counter/7/0/0/0,18406:1747647664423:,1747647681763
counter/1/0/0/0,19242:1747647665629:,1747647681763
counter/10/0/0/0,18867:1747647664805:,1747647681763
counter/7/0/0/0,18407:1747647664423:,1747647681763
counter/1/0/0/0,19243:1747647665629:,1747647681763
counter/10/0/0/0,18868:1747647664805:,1747647681763
counter/7/0/0/0,18408:1747647664423:,1747647681763
counter/1/0/0/0,19244:1747647665630:,1747647681764
counter/10/0/0/0,18869:1747647664805:,1747647681764
counter/7/0/0/0,18409:1747647664423:,1747647681764
counter/1/0/0/0,19245:1747647665638:,1747647681764
counter/10/0/0/0,18870:1747647664805:,1747647681764
counter/7/0/0/0,18410:1747647664423:,1747647681764
counter/1/0/0/0,19246:1747647665638:,1747647681764
counter/10/0/0/0,18871:1747647664805:,1747647681764
counter/7/0/0/0,18411:1747647664423:,1747647681764
counter/1/0/0/0,19247:1747647665638:,1747647681764
counter/10/0/0/0,18872:1747647664805:,1747647681764
counter/6/0/0/0,18838:1747647665539:,1747647681764
counter/7/0/0/0,18412:1747647664423:,1747647681764
counter/1/0/0/0,19248:1747647665638:,1747647681764
counter/10/0/0/0,18873:1747647664805:,1747647681764
counter/3/0/0/0,18173:1747647664869:,1747647681764
counter/7/0/0/0,18413:1747647664423:,1747647681764
counter/1/0/0/0,19249:1747647665638:,1747647681764
counter/10/0/0/0,18874:1747647664805:,1747647681764
counter/7/0/0/0,18414:1747647664423:,1747647681764
counter/1/0/0/0,19250:1747647665638:,1747647681764
counter/10/0/0/0,18875:1747647664805:,1747647681764
counter/7/0/0/0,18415:1747647664423:,1747647681764
counter/1/0/0/0,19251:1747647665638:,1747647681764
counter/10/0/0/0,18876:1747647664806:,1747647681764
counter/7/0/0/0,18416:1747647664423:,1747647681764
counter/1/0/0/0,19252:1747647665638:,1747647681764
counter/10/0/0/0,18877:1747647664806:,1747647681764
counter/7/0/0/0,18417:1747647664423:,1747647681764
counter/1/0/0/0,19253:1747647665638:,1747647681764
counter/10/0/0/0,18878:1747647664806:,1747647681764
counter/7/0/0/0,18418:1747647664423:,1747647681764
counter/1/0/0/0,19254:1747647665638:,1747647681764
counter/10/0/0/0,18879:1747647664806:,1747647681764
counter/7/0/0/0,18419:1747647664423:,1747647681764
counter/1/0/0/0,19255:1747647665638:,1747647681764
counter/10/0/0/0,18880:1747647664806:,1747647681764
counter/7/0/0/0,18420:1747647664424:,1747647681764
counter/1/0/0/0,19256:1747647665638:,1747647681764
counter/10/0/0/0,18881:1747647664806:,1747647681764
counter/7/0/0/0,18421:1747647664424:,1747647681764
counter/1/0/0/0,19257:1747647665638:,1747647681765
counter/10/0/0/0,18882:1747647664806:,1747647681765
counter/7/0/0/0,18422:1747647664424:,1747647681765
counter/10/0/0/0,18883:1747647664812:,1747647681765
counter/7/0/0/0,18423:1747647664424:,1747647681765
counter/10/0/0/0,18884:1747647664815:,1747647681765
counter/7/0/0/0,18424:1747647664424:,1747647681765
counter/10/0/0/0,18885:1747647664815:,1747647681765
counter/7/0/0/0,18425:1747647664424:,1747647681765
counter/10/0/0/0,18886:1747647664815:,1747647681765
counter/7/0/0/0,18426:1747647664424:,1747647681765
counter/10/0/0/0,18887:1747647664815:,1747647681765
counter/7/0/0/0,18427:1747647664424:,1747647681765
counter/10/0/0/0,18888:1747647664815:,1747647681765
counter/7/0/0/0,18428:1747647664424:,1747647681765
counter/10/0/0/0,18889:1747647664816:,1747647681765
counter/7/0/0/0,18429:1747647664424:,1747647681765
counter/10/0/0/0,18890:1747647664816:,1747647681765
counter/7/0/0/0,18430:1747647664424:,1747647681765
counter/10/0/0/0,18891:1747647664816:,1747647681765
counter/7/0/0/0,18431:1747647664424:,1747647681765
counter/10/0/0/0,18892:1747647664816:,1747647681765
counter/7/0/0/0,18432:1747647664424:,1747647681765
counter/10/0/0/0,18893:1747647664816:,1747647681765
counter/7/0/0/0,18433:1747647664424:,1747647681765
counter/10/0/0/0,18894:1747647664816:,1747647681765
counter/7/0/0/0,18434:1747647664424:,1747647681765
counter/10/0/0/0,18895:1747647664816:,1747647681765
counter/7/0/0/0,18435:1747647664424:,1747647681765
counter/10/0/0/0,18896:1747647664818:,1747647681765
counter/7/0/0/0,18436:1747647664424:,1747647681765
counter/10/0/0/0,18897:1747647664818:,1747647681765
counter/7/0/0/0,18437:1747647664424:,1747647681765
counter/10/0/0/0,18898:1747647664818:,1747647681765
counter/2/0/0/0,24233:1747647670025:,1747647681765
counter/7/0/0/0,18438:1747647664424:,1747647681765
counter/10/0/0/0,18899:1747647664818:,1747647681765
counter/7/0/0/0,18439:1747647664424:,1747647681765
counter/10/0/0/0,18900:1747647664818:,1747647681765
counter/7/0/0/0,18440:1747647664424:,1747647681765
counter/10/0/0/0,18901:1747647664818:,1747647681766
counter/7/0/0/0,18441:1747647664424:,1747647681766
counter/10/0/0/0,18902:1747647664818:,1747647681766
counter/7/0/0/0,18442:1747647664424:,1747647681766
counter/10/0/0/0,18903:1747647664818:,1747647681766
counter/7/0/0/0,18443:1747647664424:,1747647681766
counter/10/0/0/0,18904:1747647664818:,1747647681766
counter/7/0/0/0,18444:1747647664424:,1747647681766
counter/10/0/0/0,18905:1747647664818:,1747647681766
counter/4/0/0/0,18732:1747647665735:,1747647681766
counter/7/0/0/0,18445:1747647664424:,1747647681766
counter/10/0/0/0,18906:1747647664818:,1747647681766
counter/9/0/0/0,24615:1747647668281:,1747647681766
counter/1/0/0/0,19258:1747647665651:,1747647681766
counter/7/0/0/0,18446:1747647664424:,1747647681766
counter/10/0/0/0,18907:1747647664818:,1747647681766
counter/7/0/0/0,18447:1747647664424:,1747647681766
counter/10/0/0/0,18908:1747647664819:,1747647681766
counter/5/0/0/0,20869:1747647666785:,1747647681766
counter/7/0/0/0,18448:1747647664424:,1747647681766
counter/10/0/0/0,18909:1747647664819:,1747647681766
counter/2/0/0/0,24234:1747647670025:,1747647681766
counter/7/0/0/0,18449:1747647664424:,1747647681766
counter/10/0/0/0,18910:1747647664819:,1747647681766
counter/7/0/0/0,18450:1747647664424:,1747647681766
counter/10/0/0/0,18911:1747647664819:,1747647681766
counter/7/0/0/0,18451:1747647664424:,1747647681766
counter/10/0/0/0,18912:1747647664820:,1747647681766
counter/4/0/0/0,18733:1747647665735:,1747647681766
counter/7/0/0/0,18452:1747647664425:,1747647681766
counter/10/0/0/0,18913:1747647664822:,1747647681766
counter/1/0/0/0,19259:1747647665651:,1747647681766
counter/2/0/0/0,24235:1747647670025:,1747647681766
counter/7/0/0/0,18453:1747647664425:,1747647681766
counter/10/0/0/0,18914:1747647664823:,1747647681766
counter/3/0/0/0,18174:1747647664875:,1747647681766
counter/7/0/0/0,18454:1747647664433:,1747647681766
counter/10/0/0/0,18915:1747647664823:,1747647681766
counter/6/0/0/0,18839:1747647665540:,1747647681766
counter/7/0/0/0,18455:1747647664433:,1747647681766
counter/10/0/0/0,18916:1747647664831:,1747647681766
counter/7/0/0/0,18456:1747647664433:,1747647681767
counter/10/0/0/0,18917:1747647664832:,1747647681767
counter/7/0/0/0,18457:1747647664433:,1747647681767
counter/6/0/0/0,18840:1747647665540:,1747647681767
counter/7/0/0/0,18458:1747647664433:,1747647681767
counter/7/0/0/0,18459:1747647664433:,1747647681767
counter/7/0/0/0,18460:1747647664433:,1747647681767
counter/5/0/0/0,20870:1747647666785:,1747647681767
counter/7/0/0/0,18461:1747647664433:,1747647681767
counter/2/0/0/0,24236:1747647670025:,1747647681767
counter/7/0/0/0,18462:1747647664433:,1747647681767
counter/3/0/0/0,18175:1747647664875:,1747647681767
counter/7/0/0/0,18463:1747647664433:,1747647681767
counter/1/0/0/0,19260:1747647665651:,1747647681767
counter/9/0/0/0,24616:1747647668281:,1747647681767
counter/7/0/0/0,18464:1747647664433:,1747647681767
counter/6/0/0/0,18841:1747647665540:,1747647681767
counter/4/0/0/0,18734:1747647665735:,1747647681767
counter/7/0/0/0,18465:1747647664433:,1747647681767
counter/7/0/0/0,18466:1747647664433:,1747647681767
counter/7/0/0/0,18467:1747647664434:,1747647681767
counter/7/0/0/0,18468:1747647664434:,1747647681767
counter/7/0/0/0,18469:1747647664434:,1747647681767
counter/7/0/0/0,18470:1747647664434:,1747647681767
counter/7/0/0/0,18471:1747647664434:,1747647681767
counter/7/0/0/0,18472:1747647664434:,1747647681767
counter/7/0/0/0,18473:1747647664434:,1747647681767
counter/7/0/0/0,18474:1747647664434:,1747647681767
counter/7/0/0/0,18475:1747647664434:,1747647681767
counter/5/0/0/0,20871:1747647666785:,1747647681767
counter/7/0/0/0,18476:1747647664434:,1747647681767
counter/2/0/0/0,24237:1747647670025:,1747647681767
counter/7/0/0/0,18477:1747647664434:,1747647681767
counter/3/0/0/0,18176:1747647664875:,1747647681767
counter/7/0/0/0,18478:1747647664434:,1747647681767
counter/1/0/0/0,19261:1747647665651:,1747647681767
counter/9/0/0/0,24617:1747647668281:,1747647681767
counter/7/0/0/0,18479:1747647664434:,1747647681767
counter/6/0/0/0,18842:1747647665540:,1747647681767
counter/4/0/0/0,18735:1747647665735:,1747647681767
counter/7/0/0/0,18480:1747647664434:,1747647681767
counter/10/0/0/0,18918:1747647664832:,1747647681767
counter/7/0/0/0,18481:1747647664434:,1747647681767
counter/7/0/0/0,18482:1747647664440:,1747647681768
counter/7/0/0/0,18483:1747647664441:,1747647681768
counter/7/0/0/0,18484:1747647664442:,1747647681768
counter/7/0/0/0,18485:1747647664442:,1747647681768
counter/7/0/0/0,18486:1747647664442:,1747647681768
counter/7/0/0/0,18487:1747647664442:,1747647681768
counter/4/0/0/0,18736:1747647665735:,1747647681768
counter/7/0/0/0,18488:1747647664442:,1747647681768
counter/10/0/0/0,18919:1747647664832:,1747647681768
counter/7/0/0/0,18489:1747647664442:,1747647681768
counter/10/0/0/0,18920:1747647664832:,1747647681768
counter/7/0/0/0,18490:1747647664442:,1747647681768
counter/10/0/0/0,18921:1747647664832:,1747647681768
counter/7/0/0/0,18491:1747647664442:,1747647681768
counter/10/0/0/0,18922:1747647664832:,1747647681768
counter/7/0/0/0,18492:1747647664442:,1747647681768
counter/10/0/0/0,18923:1747647664832:,1747647681768
counter/7/0/0/0,18493:1747647664444:,1747647681768
counter/10/0/0/0,18924:1747647664832:,1747647681768
counter/7/0/0/0,18494:1747647664444:,1747647681768
counter/10/0/0/0,18925:1747647664832:,1747647681768
counter/7/0/0/0,18495:1747647664444:,1747647681768
counter/10/0/0/0,18926:1747647664832:,1747647681768
counter/7/0/0/0,18496:1747647664444:,1747647681768
counter/10/0/0/0,18927:1747647664833:,1747647681768
counter/7/0/0/0,18497:1747647664444:,1747647681768
counter/10/0/0/0,18928:1747647664833:,1747647681768
counter/7/0/0/0,18498:1747647664444:,1747647681768
counter/10/0/0/0,18929:1747647664833:,1747647681768
counter/7/0/0/0,18499:1747647664444:,1747647681768
counter/10/0/0/0,18930:1747647664833:,1747647681768
counter/7/0/0/0,18500:1747647664444:,1747647681768
counter/10/0/0/0,18931:1747647664833:,1747647681768
counter/7/0/0/0,18501:1747647664445:,1747647681768
counter/10/0/0/0,18932:1747647664834:,1747647681768
counter/7/0/0/0,18502:1747647664445:,1747647681768
counter/10/0/0/0,18933:1747647664834:,1747647681768
counter/7/0/0/0,18503:1747647664445:,1747647681768
counter/10/0/0/0,18934:1747647664834:,1747647681769
counter/7/0/0/0,18504:1747647664450:,1747647681769
counter/10/0/0/0,18935:1747647664834:,1747647681769
counter/7/0/0/0,18505:1747647664450:,1747647681769
counter/10/0/0/0,18936:1747647664834:,1747647681769
counter/7/0/0/0,18506:1747647664450:,1747647681769
counter/10/0/0/0,18937:1747647664836:,1747647681769
counter/7/0/0/0,18507:1747647664450:,1747647681769
counter/10/0/0/0,18938:1747647664836:,1747647681769
counter/7/0/0/0,18508:1747647664450:,1747647681769
counter/10/0/0/0,18939:1747647664836:,1747647681769
counter/6/0/0/0,18843:1747647665540:,1747647681769
counter/1/0/0/0,19262:1747647665651:,1747647681769
counter/7/0/0/0,18509:1747647664450:,1747647681769
counter/10/0/0/0,18940:1747647664836:,1747647681769
counter/7/0/0/0,18510:1747647664450:,1747647681769
counter/10/0/0/0,18941:1747647664836:,1747647681769
counter/7/0/0/0,18511:1747647664450:,1747647681769
counter/10/0/0/0,18942:1747647664836:,1747647681769
counter/7/0/0/0,18512:1747647664451:,1747647681769
counter/10/0/0/0,18943:1747647664836:,1747647681769
counter/7/0/0/0,18513:1747647664451:,1747647681769
counter/10/0/0/0,18944:1747647664836:,1747647681769
counter/7/0/0/0,18514:1747647664451:,1747647681769
counter/10/0/0/0,18945:1747647664836:,1747647681769
counter/7/0/0/0,18515:1747647664451:,1747647681769
counter/10/0/0/0,18946:1747647664836:,1747647681769
counter/7/0/0/0,18516:1747647664451:,1747647681769
counter/10/0/0/0,18947:1747647664837:,1747647681769
counter/7/0/0/0,18517:1747647664451:,1747647681769
counter/10/0/0/0,18948:1747647664837:,1747647681769
counter/7/0/0/0,18518:1747647664451:,1747647681769
counter/10/0/0/0,18949:1747647664837:,1747647681769
counter/2/0/0/0,24238:1747647670025:,1747647681769
counter/7/0/0/0,18519:1747647664451:,1747647681769
counter/10/0/0/0,18950:1747647664837:,1747647681769
counter/5/0/0/0,20872:1747647666785:,1747647681769
counter/7/0/0/0,18520:1747647664451:,1747647681769
counter/10/0/0/0,18951:1747647664837:,1747647681769
counter/5/0/0/0,20873:1747647666785:,1747647681769
counter/7/0/0/0,18521:1747647664451:,1747647681770
counter/10/0/0/0,18952:1747647664837:,1747647681770
counter/5/0/0/0,20874:1747647666785:,1747647681770
counter/7/0/0/0,18522:1747647664451:,1747647681770
counter/10/0/0/0,18953:1747647664837:,1747647681770
counter/5/0/0/0,20875:1747647666786:,1747647681770
counter/7/0/0/0,18523:1747647664451:,1747647681770
counter/10/0/0/0,18954:1747647664837:,1747647681770
counter/5/0/0/0,20876:1747647666786:,1747647681770
counter/7/0/0/0,18524:1747647664451:,1747647681770
counter/10/0/0/0,18955:1747647664837:,1747647681770
counter/7/0/0/0,18525:1747647664451:,1747647681770
counter/10/0/0/0,18956:1747647664837:,1747647681770
counter/5/0/0/0,20877:1747647666786:,1747647681770
counter/7/0/0/0,18526:1747647664451:,1747647681770
counter/10/0/0/0,18957:1747647664837:,1747647681770
counter/5/0/0/0,20878:1747647666786:,1747647681770
counter/4/0/0/0,18737:1747647665735:,1747647681770
counter/7/0/0/0,18527:1747647664451:,1747647681770
counter/10/0/0/0,18958:1747647664837:,1747647681770
counter/5/0/0/0,20879:1747647666786:,1747647681770
counter/9/0/0/0,24618:1747647668281:,1747647681770
counter/3/0/0/0,18177:1747647664875:,1747647681770
counter/7/0/0/0,18528:1747647664451:,1747647681770
counter/10/0/0/0,18959:1747647664837:,1747647681770
counter/5/0/0/0,20880:1747647666786:,1747647681770
counter/7/0/0/0,18529:1747647664451:,1747647681770
counter/10/0/0/0,18960:1747647664837:,1747647681770
counter/5/0/0/0,20881:1747647666786:,1747647681770
counter/7/0/0/0,18530:1747647664451:,1747647681770
counter/10/0/0/0,18961:1747647664837:,1747647681770
counter/5/0/0/0,20882:1747647666786:,1747647681770
counter/7/0/0/0,18531:1747647664451:,1747647681770
counter/10/0/0/0,18962:1747647664837:,1747647681770
counter/5/0/0/0,20883:1747647666795:,1747647681770
counter/7/0/0/0,18532:1747647664451:,1747647681770
counter/10/0/0/0,18963:1747647664837:,1747647681770
counter/5/0/0/0,20884:1747647666801:,1747647681770
counter/7/0/0/0,18533:1747647664451:,1747647681770
counter/10/0/0/0,18964:1747647664838:,1747647681770
counter/5/0/0/0,20885:1747647666801:,1747647681770
counter/7/0/0/0,18534:1747647664451:,1747647681770
counter/10/0/0/0,18965:1747647664838:,1747647681771
counter/5/0/0/0,20886:1747647666801:,1747647681771
counter/7/0/0/0,18535:1747647664451:,1747647681771
counter/10/0/0/0,18966:1747647664838:,1747647681771
counter/5/0/0/0,20887:1747647666801:,1747647681771
counter/7/0/0/0,18536:1747647664451:,1747647681771
counter/10/0/0/0,18967:1747647664838:,1747647681771
counter/5/0/0/0,20888:1747647666801:,1747647681771
counter/7/0/0/0,18537:1747647664451:,1747647681771
counter/10/0/0/0,18968:1747647664838:,1747647681771
counter/5/0/0/0,20889:1747647666801:,1747647681771
counter/1/0/0/0,19263:1747647665671:,1747647681771
counter/3/0/0/0,18178:1747647664875:,1747647681771
counter/7/0/0/0,18538:1747647664451:,1747647681771
counter/10/0/0/0,18969:1747647664838:,1747647681771
counter/5/0/0/0,20890:1747647666801:,1747647681771
counter/4/0/0/0,18738:1747647665735:,1747647681771
counter/7/0/0/0,18539:1747647664452:,1747647681771
counter/10/0/0/0,18970:1747647664838:,1747647681771
counter/5/0/0/0,20891:1747647666801:,1747647681771
counter/6/0/0/0,18844:1747647665540:,1747647681771
counter/1/0/0/0,19264:1747647665671:,1747647681771
counter/7/0/0/0,18540:1747647664452:,1747647681771
counter/10/0/0/0,18971:1747647664838:,1747647681771
counter/5/0/0/0,20892:1747647666801:,1747647681771
counter/9/0/0/0,24619:1747647668281:,1747647681771
counter/7/0/0/0,18541:1747647664459:,1747647681771
counter/10/0/0/0,18972:1747647664838:,1747647681771
counter/5/0/0/0,20893:1747647666802:,1747647681771
counter/7/0/0/0,18542:1747647664475:,1747647681771
counter/10/0/0/0,18973:1747647664838:,1747647681771
counter/5/0/0/0,20894:1747647666802:,1747647681771
counter/7/0/0/0,18543:1747647664475:,1747647681771
counter/10/0/0/0,18974:1747647664838:,1747647681771
counter/5/0/0/0,20895:1747647666802:,1747647681771
counter/7/0/0/0,18544:1747647664475:,1747647681771
counter/10/0/0/0,18975:1747647664838:,1747647681771
counter/5/0/0/0,20896:1747647666802:,1747647681771
counter/7/0/0/0,18545:1747647664475:,1747647681771
counter/10/0/0/0,18976:1747647664838:,1747647681771
counter/5/0/0/0,20897:1747647666802:,1747647681771
counter/7/0/0/0,18546:1747647664475:,1747647681772
counter/10/0/0/0,18977:1747647664838:,1747647681772
counter/5/0/0/0,20898:1747647666802:,1747647681772
counter/7/0/0/0,18547:1747647664475:,1747647681772
counter/10/0/0/0,18978:1747647664838:,1747647681772
counter/5/0/0/0,20899:1747647666802:,1747647681772
counter/7/0/0/0,18548:1747647664475:,1747647681772
counter/10/0/0/0,18979:1747647664838:,1747647681772
counter/5/0/0/0,20900:1747647666802:,1747647681772
counter/7/0/0/0,18549:1747647664482:,1747647681772
counter/10/0/0/0,18980:1747647664838:,1747647681772
counter/5/0/0/0,20901:1747647666805:,1747647681772
counter/7/0/0/0,18550:1747647664482:,1747647681772
counter/10/0/0/0,18981:1747647664838:,1747647681772
counter/5/0/0/0,20902:1747647666806:,1747647681772
counter/7/0/0/0,18551:1747647664483:,1747647681772
counter/10/0/0/0,18982:1747647664838:,1747647681772
counter/5/0/0/0,20903:1747647666806:,1747647681772
counter/1/0/0/0,19265:1747647665671:,1747647681772
counter/7/0/0/0,18552:1747647664483:,1747647681772
counter/10/0/0/0,18983:1747647664839:,1747647681772
counter/5/0/0/0,20904:1747647666806:,1747647681772
counter/7/0/0/0,18553:1747647664483:,1747647681772
counter/10/0/0/0,18984:1747647664839:,1747647681772
counter/5/0/0/0,20905:1747647666807:,1747647681772
counter/7/0/0/0,18554:1747647664483:,1747647681772
counter/10/0/0/0,18985:1747647664839:,1747647681772
counter/5/0/0/0,20906:1747647666807:,1747647681772
counter/7/0/0/0,18555:1747647664483:,1747647681772
counter/10/0/0/0,18986:1747647664839:,1747647681772
counter/5/0/0/0,20907:1747647666807:,1747647681772
counter/7/0/0/0,18556:1747647664483:,1747647681772
counter/10/0/0/0,18987:1747647664839:,1747647681772
counter/5/0/0/0,20908:1747647666807:,1747647681772
counter/7/0/0/0,18557:1747647664483:,1747647681772
counter/10/0/0/0,18988:1747647664839:,1747647681772
counter/5/0/0/0,20909:1747647666807:,1747647681772
counter/7/0/0/0,18558:1747647664483:,1747647681772
counter/10/0/0/0,18989:1747647664839:,1747647681772
counter/5/0/0/0,20910:1747647666807:,1747647681772
counter/3/0/0/0,18179:1747647664877:,1747647681772
counter/2/0/0/0,24239:1747647670025:,1747647681772
counter/7/0/0/0,18559:1747647664483:,1747647681772
counter/10/0/0/0,18990:1747647664839:,1747647681772
counter/5/0/0/0,20911:1747647666807:,1747647681772
counter/6/0/0/0,18845:1747647665540:,1747647681773
counter/7/0/0/0,18560:1747647664483:,1747647681773
counter/10/0/0/0,18991:1747647664839:,1747647681773
counter/5/0/0/0,20912:1747647666807:,1747647681773
counter/7/0/0/0,18561:1747647664483:,1747647681773
counter/10/0/0/0,18992:1747647664839:,1747647681773
counter/5/0/0/0,20913:1747647666807:,1747647681773
counter/7/0/0/0,18562:1747647664483:,1747647681773
counter/10/0/0/0,18993:1747647664839:,1747647681773
counter/5/0/0/0,20914:1747647666807:,1747647681773
counter/7/0/0/0,18563:1747647664483:,1747647681773
counter/10/0/0/0,18994:1747647664839:,1747647681773
counter/5/0/0/0,20915:1747647666807:,1747647681773
counter/7/0/0/0,18564:1747647664483:,1747647681773
counter/10/0/0/0,18995:1747647664839:,1747647681773
counter/5/0/0/0,20916:1747647666807:,1747647681773
counter/7/0/0/0,18565:1747647664486:,1747647681773
counter/10/0/0/0,18996:1747647664839:,1747647681773
counter/5/0/0/0,20917:1747647666807:,1747647681773
counter/7/0/0/0,18566:1747647664486:,1747647681773
counter/10/0/0/0,18997:1747647664839:,1747647681773
counter/5/0/0/0,20918:1747647666815:,1747647681773
counter/7/0/0/0,18567:1747647664486:,1747647681773
counter/10/0/0/0,18998:1747647664839:,1747647681773
counter/5/0/0/0,20919:1747647666815:,1747647681773
counter/7/0/0/0,18568:1747647664486:,1747647681773
counter/10/0/0/0,18999:1747647664839:,1747647681773
counter/5/0/0/0,20920:1747647666816:,1747647681773
counter/7/0/0/0,18569:1747647664486:,1747647681773
counter/10/0/0/0,19000:1747647664839:,1747647681773
counter/5/0/0/0,20921:1747647666816:,1747647681773
counter/7/0/0/0,18570:1747647664486:,1747647681773
counter/10/0/0/0,19001:1747647664839:,1747647681773
counter/5/0/0/0,20922:1747647666816:,1747647681773
counter/7/0/0/0,18571:1747647664489:,1747647681773
counter/10/0/0/0,19002:1747647664839:,1747647681773
counter/5/0/0/0,20923:1747647666816:,1747647681773
counter/7/0/0/0,18572:1747647664489:,1747647681773
counter/10/0/0/0,19003:1747647664839:,1747647681774
counter/5/0/0/0,20924:1747647666816:,1747647681774
counter/7/0/0/0,18573:1747647664489:,1747647681774
counter/10/0/0/0,19004:1747647664839:,1747647681774
counter/5/0/0/0,20925:1747647666816:,1747647681774
counter/7/0/0/0,18574:1747647664489:,1747647681774
counter/10/0/0/0,19005:1747647664839:,1747647681774
counter/5/0/0/0,20926:1747647666816:,1747647681774
counter/7/0/0/0,18575:1747647664489:,1747647681774
counter/10/0/0/0,19006:1747647664839:,1747647681774
counter/5/0/0/0,20927:1747647666816:,1747647681774
counter/7/0/0/0,18576:1747647664489:,1747647681774
counter/10/0/0/0,19007:1747647664839:,1747647681774
counter/5/0/0/0,20928:1747647666817:,1747647681774
counter/6/0/0/0,18846:1747647665540:,1747647681774
counter/7/0/0/0,18577:1747647664489:,1747647681774
counter/10/0/0/0,19008:1747647664840:,1747647681774
counter/5/0/0/0,20929:1747647666817:,1747647681774
counter/7/0/0/0,18578:1747647664489:,1747647681774
counter/10/0/0/0,19009:1747647664840:,1747647681774
counter/5/0/0/0,20930:1747647666817:,1747647681774
counter/9/0/0/0,24620:1747647668281:,1747647681774
counter/7/0/0/0,18579:1747647664489:,1747647681774
counter/10/0/0/0,19010:1747647664840:,1747647681774
counter/5/0/0/0,20931:1747647666817:,1747647681774
counter/7/0/0/0,18580:1747647664489:,1747647681774
counter/10/0/0/0,19011:1747647664840:,1747647681774
counter/5/0/0/0,20932:1747647666820:,1747647681774
counter/7/0/0/0,18581:1747647664490:,1747647681774
counter/10/0/0/0,19012:1747647664840:,1747647681774
counter/7/0/0/0,18582:1747647664490:,1747647681774
counter/10/0/0/0,19013:1747647664840:,1747647681774
counter/7/0/0/0,18583:1747647664490:,1747647681774
counter/10/0/0/0,19014:1747647664840:,1747647681774
counter/7/0/0/0,18584:1747647664490:,1747647681774
counter/10/0/0/0,19015:1747647664840:,1747647681775
counter/7/0/0/0,18585:1747647664492:,1747647681775
counter/10/0/0/0,19016:1747647664840:,1747647681775
counter/7/0/0/0,18586:1747647664492:,1747647681775
counter/10/0/0/0,19017:1747647664840:,1747647681775
counter/7/0/0/0,18587:1747647664492:,1747647681775
counter/10/0/0/0,19018:1747647664840:,1747647681775
counter/7/0/0/0,18588:1747647664493:,1747647681775
counter/10/0/0/0,19019:1747647664840:,1747647681775
counter/7/0/0/0,18589:1747647664493:,1747647681775
counter/10/0/0/0,19020:1747647664840:,1747647681775
counter/7/0/0/0,18590:1747647664493:,1747647681775
counter/10/0/0/0,19021:1747647664840:,1747647681775
counter/7/0/0/0,18591:1747647664493:,1747647681775
counter/10/0/0/0,19022:1747647664840:,1747647681775
counter/7/0/0/0,18592:1747647664495:,1747647681775
counter/10/0/0/0,19023:1747647664840:,1747647681775
counter/7/0/0/0,18593:1747647664495:,1747647681775
counter/10/0/0/0,19024:1747647664843:,1747647681775
counter/7/0/0/0,18594:1747647664495:,1747647681775
counter/10/0/0/0,19025:1747647664843:,1747647681775
counter/7/0/0/0,18595:1747647664495:,1747647681775
counter/10/0/0/0,19026:1747647664843:,1747647681775
counter/5/0/0/0,20933:1747647666821:,1747647681775
counter/6/0/0/0,18847:1747647665540:,1747647681775
counter/7/0/0/0,18596:1747647664495:,1747647681775
counter/10/0/0/0,19027:1747647664843:,1747647681775
counter/5/0/0/0,20934:1747647666825:,1747647681775
counter/7/0/0/0,18597:1747647664495:,1747647681775
counter/10/0/0/0,19028:1747647664844:,1747647681775
counter/5/0/0/0,20935:1747647666825:,1747647681775
counter/7/0/0/0,18598:1747647664495:,1747647681775
counter/10/0/0/0,19029:1747647664844:,1747647681775
counter/5/0/0/0,20936:1747647666826:,1747647681775
counter/7/0/0/0,18599:1747647664495:,1747647681775
counter/10/0/0/0,19030:1747647664845:,1747647681775
counter/5/0/0/0,20937:1747647666826:,1747647681775
counter/7/0/0/0,18600:1747647664495:,1747647681775
counter/10/0/0/0,19031:1747647664845:,1747647681775
counter/5/0/0/0,20938:1747647666826:,1747647681775
counter/7/0/0/0,18601:1747647664497:,1747647681776
counter/10/0/0/0,19032:1747647664848:,1747647681776
counter/5/0/0/0,20939:1747647666829:,1747647681776
counter/7/0/0/0,18602:1747647664497:,1747647681776
counter/10/0/0/0,19033:1747647664848:,1747647681776
counter/5/0/0/0,20940:1747647666829:,1747647681776
counter/7/0/0/0,18603:1747647664504:,1747647681776
counter/10/0/0/0,19034:1747647664848:,1747647681776
counter/5/0/0/0,20941:1747647666829:,1747647681776
counter/7/0/0/0,18604:1747647664504:,1747647681776
counter/10/0/0/0,19035:1747647664848:,1747647681776
counter/5/0/0/0,20942:1747647666829:,1747647681776
counter/7/0/0/0,18605:1747647664504:,1747647681776
counter/10/0/0/0,19036:1747647664849:,1747647681776
counter/5/0/0/0,20943:1747647666829:,1747647681776
counter/7/0/0/0,18606:1747647664504:,1747647681776
counter/10/0/0/0,19037:1747647664849:,1747647681776
counter/5/0/0/0,20944:1747647666829:,1747647681776
counter/6/0/0/0,18848:1747647665540:,1747647681776
counter/1/0/0/0,19266:1747647665671:,1747647681776
counter/7/0/0/0,18607:1747647664504:,1747647681776
counter/10/0/0/0,19038:1747647664849:,1747647681776
counter/5/0/0/0,20945:1747647666829:,1747647681776
counter/7/0/0/0,18608:1747647664504:,1747647681776
counter/10/0/0/0,19039:1747647664849:,1747647681776
counter/5/0/0/0,20946:1747647666829:,1747647681776
counter/1/0/0/0,19267:1747647665671:,1747647681776
counter/9/0/0/0,24621:1747647668281:,1747647681776
counter/7/0/0/0,18609:1747647664504:,1747647681776
counter/10/0/0/0,19040:1747647664849:,1747647681776
counter/5/0/0/0,20947:1747647666829:,1747647681776
counter/1/0/0/0,19268:1747647665671:,1747647681776
counter/7/0/0/0,18610:1747647664504:,1747647681776
counter/10/0/0/0,19041:1747647664849:,1747647681776
counter/5/0/0/0,20948:1747647666829:,1747647681776
counter/1/0/0/0,19269:1747647665671:,1747647681776
counter/7/0/0/0,18611:1747647664504:,1747647681776
counter/10/0/0/0,19042:1747647664849:,1747647681776
counter/5/0/0/0,20949:1747647666829:,1747647681776
counter/7/0/0/0,18612:1747647664511:,1747647681776
counter/10/0/0/0,19043:1747647664849:,1747647681776
counter/5/0/0/0,20950:1747647666829:,1747647681777
counter/7/0/0/0,18613:1747647664511:,1747647681777
counter/10/0/0/0,19044:1747647664849:,1747647681777
counter/5/0/0/0,20951:1747647666829:,1747647681777
counter/7/0/0/0,18614:1747647664511:,1747647681777
counter/10/0/0/0,19045:1747647664849:,1747647681777
counter/5/0/0/0,20952:1747647666830:,1747647681777
counter/7/0/0/0,18615:1747647664511:,1747647681777
counter/10/0/0/0,19046:1747647664849:,1747647681777
counter/5/0/0/0,20953:1747647666830:,1747647681777
counter/7/0/0/0,18616:1747647664511:,1747647681777
counter/10/0/0/0,19047:1747647664849:,1747647681777
counter/5/0/0/0,20954:1747647666830:,1747647681777
counter/7/0/0/0,18617:1747647664511:,1747647681777
counter/10/0/0/0,19048:1747647664849:,1747647681777
counter/5/0/0/0,20955:1747647666830:,1747647681777
counter/1/0/0/0,19270:1747647665671:,1747647681777
counter/7/0/0/0,18618:1747647664525:,1747647681777
counter/10/0/0/0,19049:1747647664849:,1747647681777
counter/5/0/0/0,20956:1747647666830:,1747647681777
counter/1/0/0/0,19271:1747647665673:,1747647681777
counter/7/0/0/0,18619:1747647664525:,1747647681777
counter/10/0/0/0,19050:1747647664849:,1747647681777
counter/5/0/0/0,20957:1747647666830:,1747647681777
counter/1/0/0/0,19272:1747647665673:,1747647681777
counter/7/0/0/0,18620:1747647664525:,1747647681777
counter/10/0/0/0,19051:1747647664849:,1747647681777
counter/5/0/0/0,20958:1747647666831:,1747647681777
counter/1/0/0/0,19273:1747647665673:,1747647681777
counter/7/0/0/0,18621:1747647664525:,1747647681777
counter/10/0/0/0,19052:1747647664849:,1747647681777
counter/5/0/0/0,20959:1747647666831:,1747647681777
counter/1/0/0/0,19274:1747647665673:,1747647681777
counter/3/0/0/0,18180:1747647664877:,1747647681777
counter/6/0/0/0,18849:1747647665540:,1747647681777
counter/7/0/0/0,18622:1747647664533:,1747647681777
counter/10/0/0/0,19053:1747647664850:,1747647681777
counter/5/0/0/0,20960:1747647666832:,1747647681777
counter/1/0/0/0,19275:1747647665673:,1747647681777
counter/3/0/0/0,18181:1747647664877:,1747647681777
counter/7/0/0/0,18623:1747647664533:,1747647681777
counter/10/0/0/0,19054:1747647664850:,1747647681777
counter/5/0/0/0,20961:1747647666832:,1747647681777
counter/1/0/0/0,19276:1747647665673:,1747647681777
counter/3/0/0/0,18182:1747647664882:,1747647681777
counter/7/0/0/0,18624:1747647664533:,1747647681778
counter/10/0/0/0,19055:1747647664850:,1747647681778
counter/5/0/0/0,20962:1747647666832:,1747647681778
counter/1/0/0/0,19277:1747647665675:,1747647681778
counter/3/0/0/0,18183:1747647664885:,1747647681778
counter/7/0/0/0,18625:1747647664533:,1747647681778
counter/5/0/0/0,20963:1747647666832:,1747647681778
counter/1/0/0/0,19278:1747647665675:,1747647681778
counter/3/0/0/0,18184:1747647664885:,1747647681778
counter/7/0/0/0,18626:1747647664534:,1747647681778
counter/5/0/0/0,20964:1747647666832:,1747647681778
counter/1/0/0/0,19279:1747647665675:,1747647681778
counter/3/0/0/0,18185:1747647664885:,1747647681778
counter/7/0/0/0,18627:1747647664534:,1747647681778
counter/5/0/0/0,20965:1747647666832:,1747647681778
counter/7/0/0/0,18628:1747647664534:,1747647681778
counter/5/0/0/0,20966:1747647666832:,1747647681778
counter/3/0/0/0,18186:1747647664890:,1747647681778
counter/1/0/0/0,19280:1747647665676:,1747647681778
counter/7/0/0/0,18629:1747647664534:,1747647681778
counter/5/0/0/0,20967:1747647666832:,1747647681778
counter/3/0/0/0,18187:1747647664894:,1747647681778
counter/7/0/0/0,18630:1747647664534:,1747647681778
counter/5/0/0/0,20968:1747647666832:,1747647681778
counter/3/0/0/0,18188:1747647664894:,1747647681778
counter/7/0/0/0,18631:1747647664534:,1747647681778
counter/5/0/0/0,20969:1747647666832:,1747647681778
counter/3/0/0/0,18189:1747647664894:,1747647681778
counter/7/0/0/0,18632:1747647664534:,1747647681778
counter/5/0/0/0,20970:1747647666832:,1747647681778
counter/3/0/0/0,18190:1747647664894:,1747647681778
counter/7/0/0/0,18633:1747647664534:,1747647681778
counter/5/0/0/0,20971:1747647666832:,1747647681778
counter/3/0/0/0,18191:1747647664894:,1747647681778
counter/7/0/0/0,18634:1747647664534:,1747647681779
counter/5/0/0/0,20972:1747647666832:,1747647681779
counter/3/0/0/0,18192:1747647664894:,1747647681779
counter/7/0/0/0,18635:1747647664534:,1747647681779
counter/5/0/0/0,20973:1747647666832:,1747647681779
counter/3/0/0/0,18193:1747647664897:,1747647681779
counter/7/0/0/0,18636:1747647664534:,1747647681779
counter/5/0/0/0,20974:1747647666832:,1747647681779
counter/3/0/0/0,18194:1747647664897:,1747647681779
counter/7/0/0/0,18637:1747647664541:,1747647681779
counter/5/0/0/0,20975:1747647666832:,1747647681779
counter/3/0/0/0,18195:1747647664897:,1747647681779
counter/7/0/0/0,18638:1747647664548:,1747647681779
counter/5/0/0/0,20976:1747647666833:,1747647681779
counter/3/0/0/0,18196:1747647664897:,1747647681779
counter/7/0/0/0,18639:1747647664548:,1747647681779
counter/5/0/0/0,20977:1747647666833:,1747647681779
counter/3/0/0/0,18197:1747647664920:,1747647681779
counter/7/0/0/0,18640:1747647664549:,1747647681779
counter/5/0/0/0,20978:1747647666833:,1747647681779
counter/3/0/0/0,18198:1747647664920:,1747647681779
counter/7/0/0/0,18641:1747647664549:,1747647681779
counter/5/0/0/0,20979:1747647666833:,1747647681779
counter/3/0/0/0,18199:1747647664920:,1747647681779
counter/7/0/0/0,18642:1747647664549:,1747647681779
counter/3/0/0/0,18200:1747647664920:,1747647681779
counter/7/0/0/0,18643:1747647664549:,1747647681779
counter/3/0/0/0,18201:1747647664920:,1747647681779
counter/7/0/0/0,18644:1747647664549:,1747647681779
counter/3/0/0/0,18202:1747647664920:,1747647681779
counter/7/0/0/0,18645:1747647664549:,1747647681779
counter/3/0/0/0,18203:1747647664920:,1747647681779
counter/7/0/0/0,18646:1747647664549:,1747647681779
counter/3/0/0/0,18204:1747647664920:,1747647681779
counter/7/0/0/0,18647:1747647664549:,1747647681779
counter/3/0/0/0,18205:1747647664920:,1747647681779
counter/7/0/0/0,18648:1747647664558:,1747647681779
counter/3/0/0/0,18206:1747647664926:,1747647681779
counter/7/0/0/0,18649:1747647664558:,1747647681779
counter/3/0/0/0,18207:1747647664926:,1747647681779
counter/7/0/0/0,18650:1747647664558:,1747647681779
counter/3/0/0/0,18208:1747647664926:,1747647681779
counter/7/0/0/0,18651:1747647664558:,1747647681779
counter/3/0/0/0,18209:1747647664926:,1747647681779
counter/7/0/0/0,18652:1747647664558:,1747647681779
counter/3/0/0/0,18210:1747647664926:,1747647681779
counter/7/0/0/0,18653:1747647664559:,1747647681779
counter/3/0/0/0,18211:1747647664927:,1747647681780
counter/7/0/0/0,18654:1747647664559:,1747647681780
counter/7/0/0/0,18655:1747647664559:,1747647681780
counter/7/0/0/0,18656:1747647664559:,1747647681780
counter/7/0/0/0,18657:1747647664559:,1747647681780
counter/7/0/0/0,18658:1747647664562:,1747647681780
counter/7/0/0/0,18659:1747647664562:,1747647681780
counter/7/0/0/0,18660:1747647664562:,1747647681780
counter/7/0/0/0,18661:1747647664562:,1747647681780
counter/7/0/0/0,18662:1747647664563:,1747647681780
counter/7/0/0/0,18663:1747647664563:,1747647681780
counter/6/0/0/0,18850:1747647665540:,1747647681780
counter/7/0/0/0,18664:1747647664567:,1747647681780
counter/4/0/0/0,18739:1747647665735:,1747647681780
counter/7/0/0/0,18665:1747647664567:,1747647681780
counter/9/0/0/0,24622:1747647668298:,1747647681780
counter/7/0/0/0,18666:1747647664567:,1747647681780
counter/7/0/0/0,18667:1747647664568:,1747647681780
counter/5/0/0/0,20980:1747647666833:,1747647681780
counter/7/0/0/0,18668:1747647664568:,1747647681780
counter/3/0/0/0,18212:1747647664927:,1747647681780
counter/2/0/0/0,24240:1747647670025:,1747647681780
counter/7/0/0/0,18669:1747647664568:,1747647681780
counter/1/0/0/0,19281:1747647665679:,1747647681780
counter/7/0/0/0,18670:1747647664568:,1747647681780
counter/10/0/0/0,19056:1747647664850:,1747647681780
counter/6/0/0/0,18851:1747647665540:,1747647681780
counter/7/0/0/0,18671:1747647664569:,1747647681780
counter/6/0/0/0,18852:1747647665542:,1747647681780
counter/7/0/0/0,18672:1747647664569:,1747647681780
counter/6/0/0/0,18853:1747647665542:,1747647681780
counter/7/0/0/0,18673:1747647664569:,1747647681780
counter/6/0/0/0,18854:1747647665542:,1747647681780
counter/7/0/0/0,18674:1747647664569:,1747647681780
counter/6/0/0/0,18855:1747647665542:,1747647681780
counter/7/0/0/0,18675:1747647664569:,1747647681780
counter/6/0/0/0,18856:1747647665542:,1747647681780
counter/7/0/0/0,18676:1747647664569:,1747647681780
counter/6/0/0/0,18857:1747647665542:,1747647681780
counter/7/0/0/0,18677:1747647664569:,1747647681780
counter/6/0/0/0,18858:1747647665542:,1747647681780
counter/7/0/0/0,18678:1747647664569:,1747647681780
counter/6/0/0/0,18859:1747647665542:,1747647681780
counter/7/0/0/0,18679:1747647664569:,1747647681780
counter/6/0/0/0,18860:1747647665542:,1747647681781
counter/7/0/0/0,18680:1747647664569:,1747647681781
counter/6/0/0/0,18861:1747647665542:,1747647681781
counter/7/0/0/0,18681:1747647664569:,1747647681781
counter/6/0/0/0,18862:1747647665542:,1747647681781
counter/7/0/0/0,18682:1747647664569:,1747647681781
counter/6/0/0/0,18863:1747647665542:,1747647681781
counter/7/0/0/0,18683:1747647664569:,1747647681781
counter/6/0/0/0,18864:1747647665548:,1747647681781
counter/7/0/0/0,18684:1747647664569:,1747647681781
counter/6/0/0/0,18865:1747647665550:,1747647681781
counter/7/0/0/0,18685:1747647664569:,1747647681781
counter/6/0/0/0,18866:1747647665553:,1747647681781
counter/7/0/0/0,18686:1747647664569:,1747647681781
counter/6/0/0/0,18867:1747647665553:,1747647681781
counter/7/0/0/0,18687:1747647664569:,1747647681781
counter/6/0/0/0,18868:1747647665553:,1747647681781
counter/7/0/0/0,18688:1747647664569:,1747647681781
counter/6/0/0/0,18869:1747647665553:,1747647681781
counter/7/0/0/0,18689:1747647664569:,1747647681781
counter/6/0/0/0,18870:1747647665553:,1747647681781
counter/7/0/0/0,18690:1747647664569:,1747647681781
counter/6/0/0/0,18871:1747647665553:,1747647681781
counter/7/0/0/0,18691:1747647664569:,1747647681781
counter/6/0/0/0,18872:1747647665553:,1747647681781
counter/7/0/0/0,18692:1747647664569:,1747647681781
counter/6/0/0/0,18873:1747647665553:,1747647681781
counter/7/0/0/0,18693:1747647664569:,1747647681781
counter/6/0/0/0,18874:1747647665553:,1747647681781
counter/7/0/0/0,18694:1747647664569:,1747647681781
counter/6/0/0/0,18875:1747647665553:,1747647681781
counter/7/0/0/0,18695:1747647664569:,1747647681781
counter/6/0/0/0,18876:1747647665553:,1747647681781
counter/7/0/0/0,18696:1747647664569:,1747647681781
counter/6/0/0/0,18877:1747647665553:,1747647681781
counter/7/0/0/0,18697:1747647664569:,1747647681781
counter/6/0/0/0,18878:1747647665553:,1747647681781
counter/7/0/0/0,18698:1747647664569:,1747647681781
counter/6/0/0/0,18879:1747647665553:,1747647681781
counter/7/0/0/0,18699:1747647664569:,1747647681781
counter/6/0/0/0,18880:1747647665553:,1747647681781
counter/7/0/0/0,18700:1747647664569:,1747647681781
counter/6/0/0/0,18881:1747647665553:,1747647681781
counter/7/0/0/0,18701:1747647664570:,1747647681781
counter/6/0/0/0,18882:1747647665557:,1747647681781
counter/7/0/0/0,18702:1747647664570:,1747647681782
counter/6/0/0/0,18883:1747647665570:,1747647681782
counter/7/0/0/0,18703:1747647664570:,1747647681782
counter/6/0/0/0,18884:1747647665570:,1747647681782
counter/7/0/0/0,18704:1747647664570:,1747647681782
counter/6/0/0/0,18885:1747647665570:,1747647681782
counter/7/0/0/0,18705:1747647664570:,1747647681782
counter/6/0/0/0,18886:1747647665570:,1747647681782
counter/7/0/0/0,18706:1747647664570:,1747647681782
counter/6/0/0/0,18887:1747647665570:,1747647681782
counter/7/0/0/0,18707:1747647664570:,1747647681782
counter/6/0/0/0,18888:1747647665570:,1747647681782
counter/7/0/0/0,18708:1747647664570:,1747647681782
counter/6/0/0/0,18889:1747647665570:,1747647681782
counter/7/0/0/0,18709:1747647664570:,1747647681782
counter/6/0/0/0,18890:1747647665570:,1747647681782
counter/7/0/0/0,18710:1747647664570:,1747647681782
counter/6/0/0/0,18891:1747647665570:,1747647681782
counter/7/0/0/0,18711:1747647664570:,1747647681782
counter/6/0/0/0,18892:1747647665570:,1747647681782
counter/7/0/0/0,18712:1747647664570:,1747647681782
counter/6/0/0/0,18893:1747647665570:,1747647681782
counter/7/0/0/0,18713:1747647664570:,1747647681782
counter/7/0/0/0,18714:1747647664570:,1747647681782
counter/6/0/0/0,18894:1747647665570:,1747647681782
counter/7/0/0/0,18715:1747647664570:,1747647681782
counter/6/0/0/0,18895:1747647665570:,1747647681782
counter/4/0/0/0,18740:1747647665735:,1747647681782
counter/7/0/0/0,18716:1747647664570:,1747647681782
counter/6/0/0/0,18896:1747647665570:,1747647681782
counter/2/0/0/0,24241:1747647670028:,1747647681782
counter/7/0/0/0,18717:1747647664570:,1747647681782
counter/6/0/0/0,18897:1747647665570:,1747647681782
counter/4/0/0/0,18741:1747647665735:,1747647681782
counter/10/0/0/0,19057:1747647664850:,1747647681782
counter/7/0/0/0,18718:1747647664570:,1747647681782
counter/6/0/0/0,18898:1747647665570:,1747647681782
counter/10/0/0/0,19058:1747647664850:,1747647681782
counter/7/0/0/0,18719:1747647664570:,1747647681782
counter/6/0/0/0,18899:1747647665573:,1747647681782
counter/10/0/0/0,19059:1747647664850:,1747647681782
counter/2/0/0/0,24242:1747647670031:,1747647681783
counter/7/0/0/0,18720:1747647664570:,1747647681783
counter/6/0/0/0,18900:1747647665573:,1747647681783
counter/10/0/0/0,19060:1747647664850:,1747647681783
counter/1/0/0/0,19282:1747647665679:,1747647681783
counter/9/0/0/0,24623:1747647668298:,1747647681783
counter/7/0/0/0,18721:1747647664570:,1747647681783
counter/6/0/0/0,18901:1747647665573:,1747647681783
counter/10/0/0/0,19061:1747647664850:,1747647681783
counter/3/0/0/0,18213:1747647664927:,1747647681783
counter/7/0/0/0,18722:1747647664570:,1747647681783
counter/6/0/0/0,18902:1747647665573:,1747647681783
counter/7/0/0/0,18723:1747647664570:,1747647681783
counter/6/0/0/0,18903:1747647665573:,1747647681783
counter/7/0/0/0,18724:1747647664570:,1747647681783
counter/6/0/0/0,18904:1747647665573:,1747647681783
counter/7/0/0/0,18725:1747647664570:,1747647681783
counter/6/0/0/0,18905:1747647665573:,1747647681783
counter/7/0/0/0,18726:1747647664571:,1747647681783
counter/6/0/0/0,18906:1747647665573:,1747647681783
counter/7/0/0/0,18727:1747647664574:,1747647681783
counter/6/0/0/0,18907:1747647665573:,1747647681783
counter/7/0/0/0,18728:1747647664574:,1747647681783
counter/6/0/0/0,18908:1747647665573:,1747647681783
counter/7/0/0/0,18729:1747647664574:,1747647681783
counter/6/0/0/0,18909:1747647665573:,1747647681783
counter/7/0/0/0,18730:1747647664574:,1747647681783
counter/6/0/0/0,18910:1747647665574:,1747647681783
counter/7/0/0/0,18731:1747647664574:,1747647681783
counter/6/0/0/0,18911:1747647665574:,1747647681783
counter/7/0/0/0,18732:1747647664574:,1747647681783
counter/6/0/0/0,18912:1747647665574:,1747647681783
counter/7/0/0/0,18733:1747647664574:,1747647681783
counter/6/0/0/0,18913:1747647665574:,1747647681783
counter/7/0/0/0,18734:1747647664574:,1747647681783
counter/6/0/0/0,18914:1747647665574:,1747647681783
counter/7/0/0/0,18735:1747647664574:,1747647681783
counter/6/0/0/0,18915:1747647665574:,1747647681784
counter/7/0/0/0,18736:1747647664574:,1747647681784
counter/6/0/0/0,18916:1747647665574:,1747647681784
counter/7/0/0/0,18737:1747647664574:,1747647681784
counter/6/0/0/0,18917:1747647665576:,1747647681784
counter/7/0/0/0,18738:1747647664574:,1747647681784
counter/6/0/0/0,18918:1747647665576:,1747647681784
counter/7/0/0/0,18739:1747647664575:,1747647681784
counter/6/0/0/0,18919:1747647665576:,1747647681784
counter/7/0/0/0,18740:1747647664579:,1747647681784
counter/6/0/0/0,18920:1747647665583:,1747647681784
counter/7/0/0/0,18741:1747647664579:,1747647681784
counter/6/0/0/0,18921:1747647665600:,1747647681784
counter/7/0/0/0,18742:1747647664579:,1747647681784
counter/6/0/0/0,18922:1747647665600:,1747647681784
counter/7/0/0/0,18743:1747647664579:,1747647681784
counter/6/0/0/0,18923:1747647665600:,1747647681784
counter/7/0/0/0,18744:1747647664579:,1747647681784
counter/6/0/0/0,18924:1747647665600:,1747647681784
counter/7/0/0/0,18745:1747647664579:,1747647681784
counter/6/0/0/0,18925:1747647665600:,1747647681784
counter/7/0/0/0,18746:1747647664579:,1747647681784
counter/6/0/0/0,18926:1747647665600:,1747647681784
counter/7/0/0/0,18747:1747647664579:,1747647681784
counter/6/0/0/0,18927:1747647665600:,1747647681784
counter/7/0/0/0,18748:1747647664579:,1747647681784
counter/6/0/0/0,18928:1747647665600:,1747647681784
counter/7/0/0/0,18749:1747647664579:,1747647681784
counter/6/0/0/0,18929:1747647665600:,1747647681784
counter/7/0/0/0,18750:1747647664579:,1747647681784
counter/6/0/0/0,18930:1747647665600:,1747647681784
counter/7/0/0/0,18751:1747647664586:,1747647681784
counter/6/0/0/0,18931:1747647665600:,1747647681784
counter/7/0/0/0,18752:1747647664586:,1747647681784
counter/6/0/0/0,18932:1747647665600:,1747647681784
counter/7/0/0/0,18753:1747647664586:,1747647681784
counter/6/0/0/0,18933:1747647665600:,1747647681784
counter/7/0/0/0,18754:1747647664586:,1747647681784
counter/6/0/0/0,18934:1747647665600:,1747647681784
counter/7/0/0/0,18755:1747647664586:,1747647681784
counter/6/0/0/0,18935:1747647665600:,1747647681784
counter/7/0/0/0,18756:1747647664586:,1747647681784
counter/6/0/0/0,18936:1747647665600:,1747647681784
counter/7/0/0/0,18757:1747647664586:,1747647681785
counter/6/0/0/0,18937:1747647665600:,1747647681785
counter/7/0/0/0,18758:1747647664586:,1747647681785
counter/6/0/0/0,18938:1747647665600:,1747647681785
counter/7/0/0/0,18759:1747647664586:,1747647681785
counter/6/0/0/0,18939:1747647665600:,1747647681785
counter/7/0/0/0,18760:1747647664587:,1747647681785
counter/6/0/0/0,18940:1747647665603:,1747647681785
counter/7/0/0/0,18761:1747647664588:,1747647681785
counter/6/0/0/0,18941:1747647665603:,1747647681785
counter/10/0/0/0,19062:1747647664850:,1747647681785
counter/7/0/0/0,18762:1747647664588:,1747647681785
counter/6/0/0/0,18942:1747647665603:,1747647681785
counter/1/0/0/0,19283:1747647665679:,1747647681785
counter/7/0/0/0,18763:1747647664588:,1747647681785
counter/6/0/0/0,18943:1747647665603:,1747647681785
counter/5/0/0/0,20981:1747647666833:,1747647681785
counter/4/0/0/0,18742:1747647665735:,1747647681785
counter/7/0/0/0,18764:1747647664588:,1747647681785
counter/6/0/0/0,18944:1747647665603:,1747647681785
counter/5/0/0/0,20982:1747647666833:,1747647681785
counter/7/0/0/0,18765:1747647664592:,1747647681785
counter/6/0/0/0,18945:1747647665603:,1747647681785
counter/5/0/0/0,20983:1747647666833:,1747647681785
counter/7/0/0/0,18766:1747647664592:,1747647681785
counter/6/0/0/0,18946:1747647665603:,1747647681785
counter/5/0/0/0,20984:1747647666833:,1747647681785
counter/3/0/0/0,18214:1747647664927:,1747647681785
counter/7/0/0/0,18767:1747647664592:,1747647681785
counter/6/0/0/0,18947:1747647665603:,1747647681785
counter/5/0/0/0,20985:1747647666833:,1747647681785
counter/4/0/0/0,18743:1747647665736:,1747647681785
counter/2/0/0/0,24243:1747647670031:,1747647681785
counter/7/0/0/0,18768:1747647664593:,1747647681785
counter/6/0/0/0,18948:1747647665603:,1747647681785
counter/5/0/0/0,20986:1747647666833:,1747647681785
counter/7/0/0/0,18769:1747647664593:,1747647681785
counter/6/0/0/0,18949:1747647665603:,1747647681786
counter/5/0/0/0,20987:1747647666833:,1747647681786
counter/7/0/0/0,18770:1747647664593:,1747647681786
counter/6/0/0/0,18950:1747647665603:,1747647681786
counter/5/0/0/0,20988:1747647666833:,1747647681786
counter/7/0/0/0,18771:1747647664593:,1747647681786
counter/6/0/0/0,18951:1747647665603:,1747647681786
counter/5/0/0/0,20989:1747647666833:,1747647681786
counter/7/0/0/0,18772:1747647664593:,1747647681786
counter/6/0/0/0,18952:1747647665603:,1747647681786
counter/7/0/0/0,18773:1747647664593:,1747647681786
counter/6/0/0/0,18953:1747647665603:,1747647681786
counter/7/0/0/0,18774:1747647664593:,1747647681786
counter/6/0/0/0,18954:1747647665603:,1747647681786
counter/7/0/0/0,18775:1747647664593:,1747647681786
counter/6/0/0/0,18955:1747647665603:,1747647681786
counter/7/0/0/0,18776:1747647664593:,1747647681786
counter/6/0/0/0,18956:1747647665603:,1747647681786
counter/7/0/0/0,18777:1747647664593:,1747647681786
counter/6/0/0/0,18957:1747647665603:,1747647681786
counter/7/0/0/0,18778:1747647664593:,1747647681786
counter/6/0/0/0,18958:1747647665604:,1747647681786
counter/7/0/0/0,18779:1747647664593:,1747647681786
counter/6/0/0/0,18959:1747647665604:,1747647681786
counter/7/0/0/0,18780:1747647664596:,1747647681786
counter/6/0/0/0,18960:1747647665604:,1747647681786
counter/7/0/0/0,18781:1747647664596:,1747647681786
counter/6/0/0/0,18961:1747647665604:,1747647681786
counter/7/0/0/0,18782:1747647664597:,1747647681786
counter/6/0/0/0,18962:1747647665604:,1747647681786
counter/7/0/0/0,18783:1747647664597:,1747647681786
counter/6/0/0/0,18963:1747647665604:,1747647681786
counter/7/0/0/0,18784:1747647664597:,1747647681786
counter/6/0/0/0,18964:1747647665604:,1747647681786
counter/7/0/0/0,18785:1747647664597:,1747647681786
counter/6/0/0/0,18965:1747647665604:,1747647681786
counter/7/0/0/0,18786:1747647664597:,1747647681786
counter/6/0/0/0,18966:1747647665604:,1747647681786
counter/7/0/0/0,18787:1747647664597:,1747647681786
counter/6/0/0/0,18967:1747647665604:,1747647681786
counter/7/0/0/0,18788:1747647664597:,1747647681786
counter/6/0/0/0,18968:1747647665604:,1747647681786
counter/7/0/0/0,18789:1747647664597:,1747647681786
counter/6/0/0/0,18969:1747647665604:,1747647681786
counter/7/0/0/0,18790:1747647664597:,1747647681787
counter/6/0/0/0,18970:1747647665604:,1747647681787
counter/7/0/0/0,18791:1747647664597:,1747647681787
counter/6/0/0/0,18971:1747647665604:,1747647681787
counter/7/0/0/0,18792:1747647664597:,1747647681787
counter/6/0/0/0,18972:1747647665604:,1747647681787
counter/7/0/0/0,18793:1747647664597:,1747647681787
counter/6/0/0/0,18973:1747647665605:,1747647681787
counter/7/0/0/0,18794:1747647664597:,1747647681787
counter/6/0/0/0,18974:1747647665605:,1747647681787
counter/2/0/0/0,24244:1747647670031:,1747647681787
counter/7/0/0/0,18795:1747647664597:,1747647681787
counter/6/0/0/0,18975:1747647665605:,1747647681787
counter/1/0/0/0,19284:1747647665679:,1747647681787
counter/7/0/0/0,18796:1747647664597:,1747647681787
counter/6/0/0/0,18976:1747647665605:,1747647681787
counter/5/0/0/0,20990:1747647666833:,1747647681787
counter/3/0/0/0,18215:1747647664927:,1747647681787
counter/7/0/0/0,18797:1747647664597:,1747647681787
counter/6/0/0/0,18977:1747647665605:,1747647681787
counter/5/0/0/0,20991:1747647666836:,1747647681787
counter/2/0/0/0,24245:1747647670031:,1747647681787
counter/7/0/0/0,18798:1747647664597:,1747647681787
counter/6/0/0/0,18978:1747647665605:,1747647681787
counter/5/0/0/0,20992:1747647666836:,1747647681787
counter/1/0/0/0,19285:1747647665679:,1747647681787
counter/3/0/0/0,18216:1747647664927:,1747647681787
counter/7/0/0/0,18799:1747647664597:,1747647681787
counter/6/0/0/0,18979:1747647665610:,1747647681787
counter/5/0/0/0,20993:1747647666836:,1747647681787
counter/4/0/0/0,18744:1747647665736:,1747647681787
counter/9/0/0/0,24624:1747647668298:,1747647681787
counter/7/0/0/0,18800:1747647664597:,1747647681787
counter/6/0/0/0,18980:1747647665610:,1747647681787
counter/5/0/0/0,20994:1747647666836:,1747647681787
counter/7/0/0/0,18801:1747647664597:,1747647681787
counter/6/0/0/0,18981:1747647665610:,1747647681787
counter/5/0/0/0,20995:1747647666836:,1747647681787
counter/7/0/0/0,18802:1747647664597:,1747647681787
counter/6/0/0/0,18982:1747647665610:,1747647681788
counter/5/0/0/0,20996:1747647666836:,1747647681788
counter/7/0/0/0,18803:1747647664597:,1747647681788
counter/6/0/0/0,18983:1747647665610:,1747647681788
counter/7/0/0/0,18804:1747647664597:,1747647681788
counter/6/0/0/0,18984:1747647665610:,1747647681788
counter/7/0/0/0,18805:1747647664597:,1747647681788
counter/6/0/0/0,18985:1747647665610:,1747647681788
counter/7/0/0/0,18806:1747647664597:,1747647681788
counter/6/0/0/0,18986:1747647665610:,1747647681788
counter/7/0/0/0,18807:1747647664597:,1747647681788
counter/6/0/0/0,18987:1747647665610:,1747647681788
counter/7/0/0/0,18808:1747647664601:,1747647681788
counter/6/0/0/0,18988:1747647665610:,1747647681788
counter/4/0/0/0,18745:1747647665736:,1747647681788
counter/7/0/0/0,18809:1747647664601:,1747647681788
counter/6/0/0/0,18989:1747647665610:,1747647681788
counter/9/0/0/0,24625:1747647668299:,1747647681788
counter/7/0/0/0,18810:1747647664602:,1747647681788
counter/6/0/0/0,18990:1747647665610:,1747647681788
counter/10/0/0/0,19063:1747647664850:,1747647681788
counter/5/0/0/0,20997:1747647666836:,1747647681788
counter/7/0/0/0,18811:1747647664602:,1747647681788
counter/6/0/0/0,18991:1747647665610:,1747647681788
counter/5/0/0/0,20998:1747647666836:,1747647681788
counter/7/0/0/0,18812:1747647664602:,1747647681788
counter/6/0/0/0,18992:1747647665610:,1747647681788
counter/5/0/0/0,20999:1747647666836:,1747647681788
counter/7/0/0/0,18813:1747647664602:,1747647681788
counter/6/0/0/0,18993:1747647665621:,1747647681788
counter/5/0/0/0,21000:1747647666836:,1747647681788
counter/7/0/0/0,18814:1747647664602:,1747647681788
counter/6/0/0/0,18994:1747647665622:,1747647681788
counter/5/0/0/0,21001:1747647666836:,1747647681788
counter/7/0/0/0,18815:1747647664602:,1747647681788
counter/6/0/0/0,18995:1747647665622:,1747647681788
counter/3/0/0/0,18217:1747647664927:,1747647681788
counter/1/0/0/0,19286:1747647665680:,1747647681788
counter/5/0/0/0,21002:1747647666837:,1747647681788
counter/7/0/0/0,18816:1747647664602:,1747647681788
counter/6/0/0/0,18996:1747647665629:,1747647681788
counter/1/0/0/0,19287:1747647665680:,1747647681788
counter/5/0/0/0,21003:1747647666838:,1747647681789
counter/7/0/0/0,18817:1747647664602:,1747647681789
counter/6/0/0/0,18997:1747647665629:,1747647681789
counter/1/0/0/0,19288:1747647665680:,1747647681789
counter/5/0/0/0,21004:1747647666838:,1747647681789
counter/7/0/0/0,18818:1747647664602:,1747647681789
counter/6/0/0/0,18998:1747647665629:,1747647681789
counter/1/0/0/0,19289:1747647665680:,1747647681789
counter/5/0/0/0,21005:1747647666838:,1747647681789
counter/7/0/0/0,18819:1747647664602:,1747647681789
counter/6/0/0/0,18999:1747647665629:,1747647681789
counter/1/0/0/0,19290:1747647665680:,1747647681789
counter/5/0/0/0,21006:1747647666838:,1747647681789
counter/7/0/0/0,18820:1747647664602:,1747647681789
counter/6/0/0/0,19000:1747647665629:,1747647681789
counter/1/0/0/0,19291:1747647665680:,1747647681789
counter/5/0/0/0,21007:1747647666838:,1747647681789
counter/7/0/0/0,18821:1747647664602:,1747647681789
counter/6/0/0/0,19001:1747647665629:,1747647681789
counter/1/0/0/0,19292:1747647665680:,1747647681789
counter/5/0/0/0,21008:1747647666838:,1747647681789
counter/7/0/0/0,18822:1747647664602:,1747647681789
counter/6/0/0/0,19002:1747647665629:,1747647681789
counter/1/0/0/0,19293:1747647665680:,1747647681789
counter/7/0/0/0,18823:1747647664612:,1747647681789
counter/6/0/0/0,19003:1747647665629:,1747647681789
counter/1/0/0/0,19294:1747647665680:,1747647681789
counter/7/0/0/0,18824:1747647664612:,1747647681789
counter/6/0/0/0,19004:1747647665629:,1747647681789
counter/1/0/0/0,19295:1747647665680:,1747647681789
counter/7/0/0/0,18825:1747647664612:,1747647681789
counter/6/0/0/0,19005:1747647665629:,1747647681789
counter/1/0/0/0,19296:1747647665680:,1747647681789
counter/7/0/0/0,18826:1747647664612:,1747647681789
counter/6/0/0/0,19006:1747647665629:,1747647681789
counter/1/0/0/0,19297:1747647665680:,1747647681789
counter/7/0/0/0,18827:1747647664612:,1747647681789
counter/6/0/0/0,19007:1747647665629:,1747647681789
counter/1/0/0/0,19298:1747647665680:,1747647681789
counter/7/0/0/0,18828:1747647664612:,1747647681789
counter/6/0/0/0,19008:1747647665630:,1747647681789
counter/1/0/0/0,19299:1747647665680:,1747647681790
counter/7/0/0/0,18829:1747647664612:,1747647681790
counter/6/0/0/0,19009:1747647665630:,1747647681790
counter/1/0/0/0,19300:1747647665680:,1747647681790
counter/7/0/0/0,18830:1747647664619:,1747647681790
counter/6/0/0/0,19010:1747647665630:,1747647681790
counter/1/0/0/0,19301:1747647665680:,1747647681790
counter/7/0/0/0,18831:1747647664619:,1747647681790
counter/6/0/0/0,19011:1747647665630:,1747647681790
counter/1/0/0/0,19302:1747647665680:,1747647681790
counter/7/0/0/0,18832:1747647664619:,1747647681790
counter/6/0/0/0,19012:1747647665630:,1747647681790
counter/1/0/0/0,19303:1747647665680:,1747647681790
counter/7/0/0/0,18833:1747647664619:,1747647681790
counter/6/0/0/0,19013:1747647665630:,1747647681790
counter/1/0/0/0,19304:1747647665681:,1747647681790
counter/7/0/0/0,18834:1747647664619:,1747647681790
counter/6/0/0/0,19014:1747647665630:,1747647681790
counter/1/0/0/0,19305:1747647665681:,1747647681790
counter/7/0/0/0,18835:1747647664619:,1747647681790
counter/6/0/0/0,19015:1747647665630:,1747647681790
counter/1/0/0/0,19306:1747647665683:,1747647681790
counter/7/0/0/0,18836:1747647664619:,1747647681790
counter/6/0/0/0,19016:1747647665630:,1747647681790
counter/1/0/0/0,19307:1747647665683:,1747647681790
counter/7/0/0/0,18837:1747647664619:,1747647681790
counter/6/0/0/0,19017:1747647665630:,1747647681790
counter/1/0/0/0,19308:1747647665683:,1747647681790
counter/7/0/0/0,18838:1747647664619:,1747647681790
counter/6/0/0/0,19018:1747647665630:,1747647681790
counter/1/0/0/0,19309:1747647665683:,1747647681790
counter/7/0/0/0,18839:1747647664619:,1747647681790
counter/6/0/0/0,19019:1747647665630:,1747647681790
counter/1/0/0/0,19310:1747647665683:,1747647681790
counter/7/0/0/0,18840:1747647664619:,1747647681790
counter/6/0/0/0,19020:1747647665630:,1747647681790
counter/1/0/0/0,19311:1747647665683:,1747647681790
counter/7/0/0/0,18841:1747647664619:,1747647681790
counter/6/0/0/0,19021:1747647665630:,1747647681790
counter/1/0/0/0,19312:1747647665683:,1747647681790
counter/7/0/0/0,18842:1747647664620:,1747647681791
counter/6/0/0/0,19022:1747647665630:,1747647681791
counter/1/0/0/0,19313:1747647665683:,1747647681791
counter/7/0/0/0,18843:1747647664620:,1747647681791
counter/6/0/0/0,19023:1747647665631:,1747647681791
counter/1/0/0/0,19314:1747647665683:,1747647681791
counter/7/0/0/0,18844:1747647664620:,1747647681791
counter/6/0/0/0,19024:1747647665631:,1747647681791
counter/1/0/0/0,19315:1747647665683:,1747647681791
counter/7/0/0/0,18845:1747647664620:,1747647681791
counter/6/0/0/0,19025:1747647665641:,1747647681791
counter/1/0/0/0,19316:1747647665683:,1747647681791
counter/7/0/0/0,18846:1747647664620:,1747647681791
counter/6/0/0/0,19026:1747647665641:,1747647681791
counter/1/0/0/0,19317:1747647665697:,1747647681791
counter/7/0/0/0,18847:1747647664621:,1747647681791
counter/6/0/0/0,19027:1747647665641:,1747647681791
counter/1/0/0/0,19318:1747647665697:,1747647681791
counter/7/0/0/0,18848:1747647664621:,1747647681791
counter/6/0/0/0,19028:1747647665641:,1747647681791
counter/1/0/0/0,19319:1747647665697:,1747647681791
counter/7/0/0/0,18849:1747647664621:,1747647681791
counter/6/0/0/0,19029:1747647665641:,1747647681791
counter/1/0/0/0,19320:1747647665697:,1747647681791
counter/7/0/0/0,18850:1747647664621:,1747647681791
counter/6/0/0/0,19030:1747647665641:,1747647681791
counter/1/0/0/0,19321:1747647665697:,1747647681791
counter/7/0/0/0,18851:1747647664621:,1747647681791
counter/6/0/0/0,19031:1747647665641:,1747647681791
counter/1/0/0/0,19322:1747647665697:,1747647681791
counter/7/0/0/0,18852:1747647664621:,1747647681791
counter/6/0/0/0,19032:1747647665643:,1747647681791
counter/1/0/0/0,19323:1747647665703:,1747647681791
counter/7/0/0/0,18853:1747647664621:,1747647681791
counter/6/0/0/0,19033:1747647665643:,1747647681791
counter/1/0/0/0,19324:1747647665703:,1747647681791
counter/7/0/0/0,18854:1747647664621:,1747647681791
counter/6/0/0/0,19034:1747647665643:,1747647681791
counter/5/0/0/0,21009:1747647666838:,1747647681791
counter/1/0/0/0,19325:1747647665703:,1747647681791
counter/7/0/0/0,18855:1747647664621:,1747647681791
counter/6/0/0/0,19035:1747647665643:,1747647681791
counter/5/0/0/0,21010:1747647666839:,1747647681792
counter/1/0/0/0,19326:1747647665703:,1747647681792
counter/7/0/0/0,18856:1747647664621:,1747647681792
counter/6/0/0/0,19036:1747647665643:,1747647681792
counter/5/0/0/0,21011:1747647666852:,1747647681792
counter/1/0/0/0,19327:1747647665703:,1747647681792
counter/7/0/0/0,18857:1747647664621:,1747647681792
counter/6/0/0/0,19037:1747647665643:,1747647681792
counter/5/0/0/0,21012:1747647666852:,1747647681792
counter/1/0/0/0,19328:1747647665704:,1747647681792
counter/7/0/0/0,18858:1747647664621:,1747647681792
counter/6/0/0/0,19038:1747647665643:,1747647681792
counter/5/0/0/0,21013:1747647666853:,1747647681792
counter/1/0/0/0,19329:1747647665704:,1747647681792
counter/7/0/0/0,18859:1747647664621:,1747647681792
counter/6/0/0/0,19039:1747647665643:,1747647681792
counter/5/0/0/0,21014:1747647666853:,1747647681792
counter/1/0/0/0,19330:1747647665704:,1747647681792
counter/7/0/0/0,18860:1747647664638:,1747647681792
counter/6/0/0/0,19040:1747647665646:,1747647681792
counter/5/0/0/0,21015:1747647666853:,1747647681792
counter/1/0/0/0,19331:1747647665704:,1747647681792
counter/7/0/0/0,18861:1747647664638:,1747647681792
counter/6/0/0/0,19041:1747647665646:,1747647681792
counter/5/0/0/0,21016:1747647666875:,1747647681792
counter/1/0/0/0,19332:1747647665704:,1747647681792
counter/7/0/0/0,18862:1747647664638:,1747647681792
counter/6/0/0/0,19042:1747647665646:,1747647681792
counter/5/0/0/0,21017:1747647666875:,1747647681792
counter/1/0/0/0,19333:1747647665704:,1747647681792
counter/7/0/0/0,18863:1747647664638:,1747647681792
counter/6/0/0/0,19043:1747647665646:,1747647681792
counter/5/0/0/0,21018:1747647666875:,1747647681792
counter/1/0/0/0,19334:1747647665704:,1747647681792
counter/7/0/0/0,18864:1747647664657:,1747647681792
counter/6/0/0/0,19044:1747647665649:,1747647681792
counter/5/0/0/0,21019:1747647666875:,1747647681793
counter/1/0/0/0,19335:1747647665704:,1747647681793
counter/7/0/0/0,18865:1747647664657:,1747647681793
counter/6/0/0/0,19045:1747647665649:,1747647681793
counter/5/0/0/0,21020:1747647666876:,1747647681793
counter/1/0/0/0,19336:1747647665704:,1747647681793
counter/7/0/0/0,18866:1747647664657:,1747647681793
counter/6/0/0/0,19046:1747647665649:,1747647681793
counter/5/0/0/0,21021:1747647666876:,1747647681793
counter/1/0/0/0,19337:1747647665704:,1747647681793
counter/7/0/0/0,18867:1747647664657:,1747647681793
counter/6/0/0/0,19047:1747647665649:,1747647681793
counter/5/0/0/0,21022:1747647666876:,1747647681793
counter/1/0/0/0,19338:1747647665706:,1747647681793
counter/7/0/0/0,18868:1747647664658:,1747647681793
counter/6/0/0/0,19048:1747647665650:,1747647681793
counter/5/0/0/0,21023:1747647666876:,1747647681793
counter/1/0/0/0,19339:1747647665706:,1747647681793
counter/7/0/0/0,18869:1747647664658:,1747647681793
counter/6/0/0/0,19049:1747647665650:,1747647681793
counter/5/0/0/0,21024:1747647666876:,1747647681793
counter/1/0/0/0,19340:1747647665706:,1747647681793
counter/7/0/0/0,18870:1747647664658:,1747647681793
counter/6/0/0/0,19050:1747647665650:,1747647681793
counter/5/0/0/0,21025:1747647666876:,1747647681793
counter/2/0/0/0,24246:1747647670031:,1747647681793
counter/1/0/0/0,19341:1747647665706:,1747647681793
counter/7/0/0/0,18871:1747647664658:,1747647681793
counter/6/0/0/0,19051:1747647665650:,1747647681793
counter/5/0/0/0,21026:1747647666876:,1747647681793
counter/2/0/0/0,24247:1747647670031:,1747647681793
counter/10/0/0/0,19064:1747647664850:,1747647681793
counter/1/0/0/0,19342:1747647665706:,1747647681793
counter/7/0/0/0,18872:1747647664658:,1747647681793
counter/6/0/0/0,19052:1747647665650:,1747647681793
counter/5/0/0/0,21027:1747647666876:,1747647681793
counter/9/0/0/0,24626:1747647668311:,1747647681793
counter/1/0/0/0,19343:1747647665706:,1747647681793
counter/7/0/0/0,18873:1747647664658:,1747647681793
counter/6/0/0/0,19053:1747647665670:,1747647681793
counter/5/0/0/0,21028:1747647666876:,1747647681793
counter/9/0/0/0,24627:1747647668318:,1747647681793
counter/3/0/0/0,18218:1747647664927:,1747647681794
counter/1/0/0/0,19344:1747647665706:,1747647681794
counter/7/0/0/0,18874:1747647664658:,1747647681794
counter/6/0/0/0,19054:1747647665677:,1747647681794
counter/5/0/0/0,21029:1747647666876:,1747647681794
counter/1/0/0/0,19345:1747647665706:,1747647681794
counter/7/0/0/0,18875:1747647664658:,1747647681794
counter/6/0/0/0,19055:1747647665677:,1747647681794
counter/5/0/0/0,21030:1747647666876:,1747647681794
counter/9/0/0/0,24628:1747647668333:,1747647681794
counter/1/0/0/0,19346:1747647665706:,1747647681794
counter/7/0/0/0,18876:1747647664658:,1747647681794
counter/6/0/0/0,19056:1747647665677:,1747647681794
counter/5/0/0/0,21031:1747647666876:,1747647681794
counter/9/0/0/0,24629:1747647668333:,1747647681794
counter/1/0/0/0,19347:1747647665706:,1747647681794
counter/7/0/0/0,18877:1747647664658:,1747647681794
counter/6/0/0/0,19057:1747647665677:,1747647681794
counter/5/0/0/0,21032:1747647666876:,1747647681794
counter/9/0/0/0,24630:1747647668334:,1747647681794
counter/1/0/0/0,19348:1747647665706:,1747647681794
counter/7/0/0/0,18878:1747647664658:,1747647681794
counter/6/0/0/0,19058:1747647665677:,1747647681794
counter/5/0/0/0,21033:1747647666876:,1747647681794
counter/9/0/0/0,24631:1747647668339:,1747647681794
counter/1/0/0/0,19349:1747647665713:,1747647681794
counter/7/0/0/0,18879:1747647664658:,1747647681794
counter/6/0/0/0,19059:1747647665677:,1747647681794
counter/5/0/0/0,21034:1747647666876:,1747647681794
counter/9/0/0/0,24632:1747647668339:,1747647681794
counter/1/0/0/0,19350:1747647665713:,1747647681794
counter/7/0/0/0,18880:1747647664658:,1747647681794
counter/6/0/0/0,19060:1747647665677:,1747647681794
counter/5/0/0/0,21035:1747647666876:,1747647681794
counter/1/0/0/0,19351:1747647665713:,1747647681794
counter/7/0/0/0,18881:1747647664658:,1747647681794
counter/6/0/0/0,19061:1747647665677:,1747647681794
counter/5/0/0/0,21036:1747647666876:,1747647681794
counter/1/0/0/0,19352:1747647665713:,1747647681794
counter/7/0/0/0,18882:1747647664658:,1747647681794
counter/6/0/0/0,19062:1747647665686:,1747647681794
counter/5/0/0/0,21037:1747647666876:,1747647681795
counter/2/0/0/0,24248:1747647670031:,1747647681795
counter/4/0/0/0,18746:1747647665736:,1747647681795
counter/1/0/0/0,19353:1747647665713:,1747647681795
counter/7/0/0/0,18883:1747647664675:,1747647681795
counter/6/0/0/0,19063:1747647665686:,1747647681795
counter/5/0/0/0,21038:1747647666876:,1747647681795
counter/4/0/0/0,18747:1747647665736:,1747647681795
counter/3/0/0/0,18219:1747647664927:,1747647681795
counter/1/0/0/0,19354:1747647665713:,1747647681795
counter/7/0/0/0,18884:1747647664675:,1747647681795
counter/6/0/0/0,19064:1747647665694:,1747647681795
counter/5/0/0/0,21039:1747647666876:,1747647681795
counter/9/0/0/0,24633:1747647668339:,1747647681795
counter/1/0/0/0,19355:1747647665713:,1747647681795
counter/7/0/0/0,18885:1747647664675:,1747647681795
counter/6/0/0/0,19065:1747647665695:,1747647681795
counter/5/0/0/0,21040:1747647666876:,1747647681795
counter/1/0/0/0,19356:1747647665713:,1747647681795
counter/7/0/0/0,18886:1747647664675:,1747647681795
counter/6/0/0/0,19066:1747647665696:,1747647681795
counter/5/0/0/0,21041:1747647666876:,1747647681795
counter/1/0/0/0,19357:1747647665719:,1747647681795
counter/7/0/0/0,18887:1747647664675:,1747647681795
counter/6/0/0/0,19067:1747647665696:,1747647681795
counter/5/0/0/0,21042:1747647666876:,1747647681795
counter/1/0/0/0,19358:1747647665719:,1747647681795
counter/7/0/0/0,18888:1747647664679:,1747647681795
counter/6/0/0/0,19068:1747647665696:,1747647681795
counter/5/0/0/0,21043:1747647666876:,1747647681795
counter/1/0/0/0,19359:1747647665720:,1747647681795
counter/7/0/0/0,18889:1747647664679:,1747647681795
counter/6/0/0/0,19069:1747647665696:,1747647681795
counter/5/0/0/0,21044:1747647666878:,1747647681795
counter/1/0/0/0,19360:1747647665720:,1747647681795
counter/7/0/0/0,18890:1747647664683:,1747647681795
counter/6/0/0/0,19070:1747647665696:,1747647681795
counter/5/0/0/0,21045:1747647666878:,1747647681795
counter/1/0/0/0,19361:1747647665720:,1747647681796
counter/7/0/0/0,18891:1747647664693:,1747647681796
counter/6/0/0/0,19071:1747647665702:,1747647681796
counter/5/0/0/0,21046:1747647666878:,1747647681796
counter/1/0/0/0,19362:1747647665720:,1747647681796
counter/7/0/0/0,18892:1747647664693:,1747647681796
counter/6/0/0/0,19072:1747647665702:,1747647681796
counter/5/0/0/0,21047:1747647666878:,1747647681796
counter/1/0/0/0,19363:1747647665721:,1747647681796
counter/7/0/0/0,18893:1747647664693:,1747647681796
counter/6/0/0/0,19073:1747647665702:,1747647681796
counter/5/0/0/0,21048:1747647666878:,1747647681796
counter/1/0/0/0,19364:1747647665721:,1747647681796
counter/7/0/0/0,18894:1747647664693:,1747647681796
counter/6/0/0/0,19074:1747647665702:,1747647681796
counter/5/0/0/0,21049:1747647666878:,1747647681796
counter/1/0/0/0,19365:1747647665721:,1747647681796
counter/7/0/0/0,18895:1747647664693:,1747647681796
counter/6/0/0/0,19075:1747647665702:,1747647681796
counter/5/0/0/0,21050:1747647666878:,1747647681796
counter/1/0/0/0,19366:1747647665721:,1747647681796
counter/7/0/0/0,18896:1747647664693:,1747647681796
counter/6/0/0/0,19076:1747647665702:,1747647681796
counter/5/0/0/0,21051:1747647666878:,1747647681796
counter/7/0/0/0,18897:1747647664694:,1747647681796
counter/6/0/0/0,19077:1747647665703:,1747647681796
counter/5/0/0/0,21052:1747647666878:,1747647681796
counter/7/0/0/0,18898:1747647664694:,1747647681796
counter/6/0/0/0,19078:1747647665712:,1747647681796
counter/5/0/0/0,21053:1747647666878:,1747647681796
counter/7/0/0/0,18899:1747647664699:,1747647681796
counter/6/0/0/0,19079:1747647665715:,1747647681796
counter/5/0/0/0,21054:1747647666879:,1747647681796
counter/7/0/0/0,18900:1747647664699:,1747647681796
counter/6/0/0/0,19080:1747647665715:,1747647681796
counter/5/0/0/0,21055:1747647666879:,1747647681796
counter/7/0/0/0,18901:1747647664699:,1747647681796
counter/6/0/0/0,19081:1747647665715:,1747647681796
counter/5/0/0/0,21056:1747647666879:,1747647681796
counter/7/0/0/0,18902:1747647664700:,1747647681796
counter/6/0/0/0,19082:1747647665715:,1747647681796
counter/5/0/0/0,21057:1747647666879:,1747647681796
counter/7/0/0/0,18903:1747647664700:,1747647681796
counter/6/0/0/0,19083:1747647665715:,1747647681797
counter/5/0/0/0,21058:1747647666879:,1747647681797
counter/7/0/0/0,18904:1747647664700:,1747647681797
counter/6/0/0/0,19084:1747647665716:,1747647681797
counter/5/0/0/0,21059:1747647666879:,1747647681797
counter/7/0/0/0,18905:1747647664700:,1747647681797
counter/6/0/0/0,19085:1747647665716:,1747647681797
counter/5/0/0/0,21060:1747647666879:,1747647681797
counter/7/0/0/0,18906:1747647664700:,1747647681797
counter/6/0/0/0,19086:1747647665716:,1747647681797
counter/5/0/0/0,21061:1747647666882:,1747647681797
counter/7/0/0/0,18907:1747647664700:,1747647681797
counter/6/0/0/0,19087:1747647665716:,1747647681797
counter/5/0/0/0,21062:1747647666882:,1747647681797
counter/7/0/0/0,18908:1747647664700:,1747647681797
counter/6/0/0/0,19088:1747647665716:,1747647681797
counter/5/0/0/0,21063:1747647666882:,1747647681797
counter/7/0/0/0,18909:1747647664700:,1747647681797
counter/6/0/0/0,19089:1747647665716:,1747647681797
counter/7/0/0/0,18910:1747647664701:,1747647681797
counter/6/0/0/0,19090:1747647665716:,1747647681797
counter/7/0/0/0,18911:1747647664701:,1747647681797
counter/6/0/0/0,19091:1747647665716:,1747647681797
counter/7/0/0/0,18912:1747647664701:,1747647681797
counter/6/0/0/0,19092:1747647665716:,1747647681797
counter/5/0/0/0,21064:1747647666882:,1747647681797
counter/7/0/0/0,18913:1747647664701:,1747647681797
counter/6/0/0/0,19093:1747647665716:,1747647681797
counter/5/0/0/0,21065:1747647666882:,1747647681797
counter/3/0/0/0,18220:1747647664928:,1747647681797
counter/7/0/0/0,18914:1747647664701:,1747647681797
counter/6/0/0/0,19094:1747647665716:,1747647681797
counter/2/0/0/0,24249:1747647670031:,1747647681797
counter/1/0/0/0,19367:1747647665722:,1747647681797
counter/7/0/0/0,18915:1747647664703:,1747647681797
counter/6/0/0/0,19095:1747647665728:,1747647681797
counter/9/0/0/0,24634:1747647668340:,1747647681797
counter/7/0/0/0,18916:1747647664703:,1747647681797
counter/6/0/0/0,19096:1747647665728:,1747647681797
counter/7/0/0/0,18917:1747647664703:,1747647681797
counter/6/0/0/0,19097:1747647665728:,1747647681798
counter/7/0/0/0,18918:1747647664703:,1747647681798
counter/6/0/0/0,19098:1747647665728:,1747647681798
counter/7/0/0/0,18919:1747647664705:,1747647681798
counter/6/0/0/0,19099:1747647665728:,1747647681798
counter/9/0/0/0,24635:1747647668340:,1747647681798
counter/7/0/0/0,18920:1747647664705:,1747647681798
counter/6/0/0/0,19100:1747647665728:,1747647681798
counter/7/0/0/0,18921:1747647664705:,1747647681798
counter/6/0/0/0,19101:1747647665728:,1747647681798
counter/5/0/0/0,21066:1747647666885:,1747647681798
counter/7/0/0/0,18922:1747647664705:,1747647681798
counter/6/0/0/0,19102:1747647665728:,1747647681798
counter/3/0/0/0,18221:1747647664929:,1747647681798
counter/2/0/0/0,24250:1747647670031:,1747647681798
counter/7/0/0/0,18923:1747647664705:,1747647681798
counter/6/0/0/0,19103:1747647665733:,1747647681798
counter/2/0/0/0,24251:1747647670031:,1747647681798
counter/7/0/0/0,18924:1747647664705:,1747647681798
counter/6/0/0/0,19104:1747647665733:,1747647681798
counter/2/0/0/0,24252:1747647670031:,1747647681798
counter/7/0/0/0,18925:1747647664705:,1747647681798
counter/6/0/0/0,19105:1747647665733:,1747647681798
counter/2/0/0/0,24253:1747647670031:,1747647681798
counter/4/0/0/0,18748:1747647665736:,1747647681798
counter/5/0/0/0,21067:1747647666885:,1747647681798
counter/7/0/0/0,18926:1747647664705:,1747647681798
counter/6/0/0/0,19106:1747647665733:,1747647681798
counter/2/0/0/0,24254:1747647670032:,1747647681798
counter/4/0/0/0,18749:1747647665736:,1747647681798
counter/7/0/0/0,18927:1747647664705:,1747647681798
counter/6/0/0/0,19107:1747647665733:,1747647681798
counter/2/0/0/0,24255:1747647670032:,1747647681798
counter/4/0/0/0,18750:1747647665736:,1747647681798
counter/7/0/0/0,18928:1747647664705:,1747647681798
counter/6/0/0/0,19108:1747647665733:,1747647681798
counter/4/0/0/0,18751:1747647665737:,1747647681798
counter/7/0/0/0,18929:1747647664705:,1747647681798
counter/6/0/0/0,19109:1747647665734:,1747647681798
counter/4/0/0/0,18752:1747647665744:,1747647681798
counter/7/0/0/0,18930:1747647664706:,1747647681798
counter/6/0/0/0,19110:1747647665734:,1747647681798
counter/4/0/0/0,18753:1747647665744:,1747647681798
counter/7/0/0/0,18931:1747647664706:,1747647681799
counter/6/0/0/0,19111:1747647665734:,1747647681799
counter/4/0/0/0,18754:1747647665744:,1747647681799
counter/7/0/0/0,18932:1747647664706:,1747647681799
counter/6/0/0/0,19112:1747647665734:,1747647681799
counter/4/0/0/0,18755:1747647665744:,1747647681799
counter/7/0/0/0,18933:1747647664706:,1747647681799
counter/6/0/0/0,19113:1747647665734:,1747647681799
counter/4/0/0/0,18756:1747647665744:,1747647681799
counter/7/0/0/0,18934:1747647664706:,1747647681799
counter/6/0/0/0,19114:1747647665734:,1747647681799
counter/4/0/0/0,18757:1747647665744:,1747647681799
counter/7/0/0/0,18935:1747647664710:,1747647681799
counter/6/0/0/0,19115:1747647665734:,1747647681799
counter/4/0/0/0,18758:1747647665744:,1747647681799
counter/7/0/0/0,18936:1747647664710:,1747647681799
counter/6/0/0/0,19116:1747647665734:,1747647681799
counter/4/0/0/0,18759:1747647665750:,1747647681799
counter/7/0/0/0,18937:1747647664710:,1747647681799
counter/4/0/0/0,18760:1747647665753:,1747647681799
counter/7/0/0/0,18938:1747647664710:,1747647681799
counter/4/0/0/0,18761:1747647665753:,1747647681799
counter/7/0/0/0,18939:1747647664710:,1747647681799
counter/4/0/0/0,18762:1747647665753:,1747647681799
counter/10/0/0/0,19065:1747647664850:,1747647681799
counter/7/0/0/0,18940:1747647664710:,1747647681799
counter/4/0/0/0,18763:1747647665753:,1747647681799
counter/5/0/0/0,21068:1747647666885:,1747647681799
counter/7/0/0/0,18941:1747647664710:,1747647681799
counter/4/0/0/0,18764:1747647665753:,1747647681799
counter/7/0/0/0,18942:1747647664710:,1747647681799
counter/4/0/0/0,18765:1747647665753:,1747647681799
counter/7/0/0/0,18943:1747647664710:,1747647681799
counter/4/0/0/0,18766:1747647665753:,1747647681799
counter/7/0/0/0,18944:1747647664710:,1747647681799
counter/4/0/0/0,18767:1747647665753:,1747647681799
counter/7/0/0/0,18945:1747647664710:,1747647681799
counter/4/0/0/0,18768:1747647665756:,1747647681799
counter/7/0/0/0,18946:1747647664710:,1747647681799
counter/4/0/0/0,18769:1747647665757:,1747647681799
counter/7/0/0/0,18947:1747647664710:,1747647681800
counter/4/0/0/0,18770:1747647665757:,1747647681800
counter/7/0/0/0,18948:1747647664710:,1747647681800
counter/4/0/0/0,18771:1747647665757:,1747647681800
counter/7/0/0/0,18949:1747647664710:,1747647681800
counter/4/0/0/0,18772:1747647665757:,1747647681800
counter/7/0/0/0,18950:1747647664710:,1747647681800
counter/4/0/0/0,18773:1747647665757:,1747647681800
counter/7/0/0/0,18951:1747647664710:,1747647681800
counter/4/0/0/0,18774:1747647665757:,1747647681800
counter/7/0/0/0,18952:1747647664710:,1747647681800
counter/4/0/0/0,18775:1747647665757:,1747647681800
counter/7/0/0/0,18953:1747647664710:,1747647681800
counter/4/0/0/0,18776:1747647665757:,1747647681800
counter/7/0/0/0,18954:1747647664710:,1747647681800
counter/4/0/0/0,18777:1747647665762:,1747647681800
counter/7/0/0/0,18955:1747647664710:,1747647681800
counter/4/0/0/0,18778:1747647665762:,1747647681800
counter/7/0/0/0,18956:1747647664711:,1747647681800
counter/4/0/0/0,18779:1747647665762:,1747647681800
counter/7/0/0/0,18957:1747647664711:,1747647681800
counter/4/0/0/0,18780:1747647665762:,1747647681800
counter/7/0/0/0,18958:1747647664711:,1747647681800
counter/4/0/0/0,18781:1747647665762:,1747647681800
counter/7/0/0/0,18959:1747647664716:,1747647681800
counter/4/0/0/0,18782:1747647665762:,1747647681800
counter/7/0/0/0,18960:1747647664717:,1747647681800
counter/4/0/0/0,18783:1747647665762:,1747647681800
counter/7/0/0/0,18961:1747647664718:,1747647681800
counter/4/0/0/0,18784:1747647665762:,1747647681800
counter/7/0/0/0,18962:1747647664718:,1747647681800
counter/4/0/0/0,18785:1747647665762:,1747647681800
counter/7/0/0/0,18963:1747647664718:,1747647681800
counter/4/0/0/0,18786:1747647665762:,1747647681800
counter/7/0/0/0,18964:1747647664718:,1747647681800
counter/4/0/0/0,18787:1747647665762:,1747647681800
counter/7/0/0/0,18965:1747647664718:,1747647681800
counter/4/0/0/0,18788:1747647665762:,1747647681800
counter/7/0/0/0,18966:1747647664718:,1747647681800
counter/7/0/0/0,18967:1747647664718:,1747647681801
counter/7/0/0/0,18968:1747647664718:,1747647681801
counter/7/0/0/0,18969:1747647664718:,1747647681801
counter/7/0/0/0,18970:1747647664718:,1747647681801
counter/7/0/0/0,18971:1747647664720:,1747647681801
counter/7/0/0/0,18972:1747647664721:,1747647681801
counter/7/0/0/0,18973:1747647664721:,1747647681801
counter/7/0/0/0,18974:1747647664721:,1747647681801
counter/7/0/0/0,18975:1747647664721:,1747647681801
counter/7/0/0/0,18976:1747647664721:,1747647681801
counter/7/0/0/0,18977:1747647664721:,1747647681801
counter/7/0/0/0,18978:1747647664721:,1747647681801
counter/7/0/0/0,18979:1747647664723:,1747647681801
counter/7/0/0/0,18980:1747647664723:,1747647681801
counter/7/0/0/0,18981:1747647664723:,1747647681801
counter/7/0/0/0,18982:1747647664723:,1747647681801
counter/7/0/0/0,18983:1747647664723:,1747647681801
counter/7/0/0/0,18984:1747647664723:,1747647681801
counter/7/0/0/0,18985:1747647664723:,1747647681801
counter/7/0/0/0,18986:1747647664723:,1747647681801
counter/7/0/0/0,18987:1747647664723:,1747647681801
counter/7/0/0/0,18988:1747647664723:,1747647681801
counter/7/0/0/0,18989:1747647664723:,1747647681801
counter/7/0/0/0,18990:1747647664723:,1747647681801
counter/7/0/0/0,18991:1747647664723:,1747647681801
counter/7/0/0/0,18992:1747647664723:,1747647681801
counter/7/0/0/0,18993:1747647664724:,1747647681801
counter/7/0/0/0,18994:1747647664724:,1747647681801
counter/7/0/0/0,18995:1747647664724:,1747647681801
counter/7/0/0/0,18996:1747647664724:,1747647681801
counter/7/0/0/0,18997:1747647664727:,1747647681801
counter/7/0/0/0,18998:1747647664727:,1747647681801
counter/7/0/0/0,18999:1747647664727:,1747647681801
counter/7/0/0/0,19000:1747647664727:,1747647681801
counter/7/0/0/0,19001:1747647664727:,1747647681801
counter/7/0/0/0,19002:1747647664727:,1747647681801
counter/7/0/0/0,19003:1747647664727:,1747647681801
counter/7/0/0/0,19004:1747647664727:,1747647681801
counter/7/0/0/0,19005:1747647664727:,1747647681801
counter/7/0/0/0,19006:1747647664727:,1747647681801
counter/7/0/0/0,19007:1747647664727:,1747647681801
counter/7/0/0/0,19008:1747647664727:,1747647681801
counter/7/0/0/0,19009:1747647664727:,1747647681801
counter/7/0/0/0,19010:1747647664727:,1747647681801
counter/7/0/0/0,19011:1747647664727:,1747647681801
counter/7/0/0/0,19012:1747647664727:,1747647681801
counter/7/0/0/0,19013:1747647664727:,1747647681802
counter/7/0/0/0,19014:1747647664727:,1747647681802
counter/7/0/0/0,19015:1747647664741:,1747647681802
counter/7/0/0/0,19016:1747647664741:,1747647681802
counter/7/0/0/0,19017:1747647664741:,1747647681802
counter/7/0/0/0,19018:1747647664741:,1747647681802
counter/7/0/0/0,19019:1747647664756:,1747647681802
counter/7/0/0/0,19020:1747647664757:,1747647681802
counter/7/0/0/0,19021:1747647664757:,1747647681802
counter/7/0/0/0,19022:1747647664758:,1747647681802
counter/7/0/0/0,19023:1747647664758:,1747647681802
counter/7/0/0/0,19024:1747647664758:,1747647681802
counter/7/0/0/0,19025:1747647664762:,1747647681802
counter/7/0/0/0,19026:1747647664762:,1747647681802
counter/7/0/0/0,19027:1747647664762:,1747647681802
counter/7/0/0/0,19028:1747647664762:,1747647681802
counter/9/0/0/0,24636:1747647668340:,1747647681802
counter/7/0/0/0,19029:1747647664762:,1747647681802
counter/5/0/0/0,21069:1747647666885:,1747647681802
counter/7/0/0/0,19030:1747647664762:,1747647681802
counter/1/0/0/0,19368:1747647665722:,1747647681802
counter/7/0/0/0,19031:1747647664762:,1747647681802
counter/7/0/0/0,19032:1747647664762:,1747647681802
counter/5/0/0/0,21070:1747647666885:,1747647681802
counter/7/0/0/0,19033:1747647664762:,1747647681802
counter/5/0/0/0,21071:1747647666885:,1747647681802
counter/2/0/0/0,24256:1747647670032:,1747647681802
counter/7/0/0/0,19034:1747647664762:,1747647681802
counter/5/0/0/0,21072:1747647666885:,1747647681802
counter/7/0/0/0,19035:1747647664762:,1747647681802
counter/5/0/0/0,21073:1747647666885:,1747647681802
counter/7/0/0/0,19036:1747647664762:,1747647681802
counter/5/0/0/0,21074:1747647666885:,1747647681802
counter/1/0/0/0,19369:1747647665722:,1747647681802
counter/7/0/0/0,19037:1747647664775:,1747647681802
counter/5/0/0/0,21075:1747647666885:,1747647681802
counter/1/0/0/0,19370:1747647665722:,1747647681802
counter/2/0/0/0,24257:1747647670038:,1747647681802
counter/7/0/0/0,19038:1747647664775:,1747647681802
counter/5/0/0/0,21076:1747647666885:,1747647681802
counter/1/0/0/0,19371:1747647665724:,1747647681802
counter/7/0/0/0,19039:1747647664776:,1747647681802
counter/1/0/0/0,19372:1747647665724:,1747647681802
counter/7/0/0/0,19040:1747647664776:,1747647681803
counter/1/0/0/0,19373:1747647665724:,1747647681803
counter/7/0/0/0,19041:1747647664776:,1747647681803
counter/1/0/0/0,19374:1747647665724:,1747647681803
counter/7/0/0/0,19042:1747647664776:,1747647681803
counter/1/0/0/0,19375:1747647665724:,1747647681803
counter/7/0/0/0,19043:1747647664776:,1747647681803
counter/1/0/0/0,19376:1747647665724:,1747647681803
counter/7/0/0/0,19044:1747647664776:,1747647681803
counter/1/0/0/0,19377:1747647665724:,1747647681803
counter/7/0/0/0,19045:1747647664776:,1747647681803
counter/1/0/0/0,19378:1747647665724:,1747647681803
counter/7/0/0/0,19046:1747647664776:,1747647681803
counter/1/0/0/0,19379:1747647665724:,1747647681803
counter/7/0/0/0,19047:1747647664776:,1747647681803
counter/1/0/0/0,19380:1747647665724:,1747647681803
counter/7/0/0/0,19048:1747647664776:,1747647681803
counter/1/0/0/0,19381:1747647665724:,1747647681803
counter/7/0/0/0,19049:1747647664776:,1747647681803
counter/1/0/0/0,19382:1747647665724:,1747647681803
counter/7/0/0/0,19050:1747647664776:,1747647681803
counter/1/0/0/0,19383:1747647665725:,1747647681803
counter/7/0/0/0,19051:1747647664776:,1747647681803
counter/1/0/0/0,19384:1747647665733:,1747647681803
counter/7/0/0/0,19052:1747647664776:,1747647681803
counter/1/0/0/0,19385:1747647665733:,1747647681803
counter/7/0/0/0,19053:1747647664776:,1747647681803
counter/1/0/0/0,19386:1747647665733:,1747647681803
counter/7/0/0/0,19054:1747647664776:,1747647681803
counter/1/0/0/0,19387:1747647665733:,1747647681803
counter/7/0/0/0,19055:1747647664776:,1747647681803
counter/1/0/0/0,19388:1747647665733:,1747647681803
counter/7/0/0/0,19056:1747647664776:,1747647681803
counter/1/0/0/0,19389:1747647665733:,1747647681803
counter/7/0/0/0,19057:1747647664776:,1747647681803
counter/1/0/0/0,19390:1747647665733:,1747647681803
counter/7/0/0/0,19058:1747647664776:,1747647681803
counter/1/0/0/0,19391:1747647665733:,1747647681803
counter/7/0/0/0,19059:1747647664776:,1747647681803
counter/1/0/0/0,19392:1747647665733:,1747647681803
counter/7/0/0/0,19060:1747647664782:,1747647681803
counter/1/0/0/0,19393:1747647665733:,1747647681803
counter/7/0/0/0,19061:1747647664782:,1747647681804
counter/1/0/0/0,19394:1747647665733:,1747647681804
counter/7/0/0/0,19062:1747647664782:,1747647681804
counter/1/0/0/0,19395:1747647665733:,1747647681804
counter/7/0/0/0,19063:1747647664782:,1747647681804
counter/1/0/0/0,19396:1747647665733:,1747647681804
counter/7/0/0/0,19064:1747647664782:,1747647681804
counter/1/0/0/0,19397:1747647665748:,1747647681804
counter/7/0/0/0,19065:1747647664782:,1747647681804
counter/1/0/0/0,19398:1747647665748:,1747647681804
counter/7/0/0/0,19066:1747647664782:,1747647681804
counter/1/0/0/0,19399:1747647665748:,1747647681804
counter/7/0/0/0,19067:1747647664782:,1747647681804
counter/1/0/0/0,19400:1747647665748:,1747647681804
counter/7/0/0/0,19068:1747647664782:,1747647681804
counter/1/0/0/0,19401:1747647665748:,1747647681804
counter/7/0/0/0,19069:1747647664782:,1747647681804
counter/1/0/0/0,19402:1747647665748:,1747647681804
counter/3/0/0/0,18222:1747647664932:,1747647681804
counter/7/0/0/0,19070:1747647664782:,1747647681804
counter/1/0/0/0,19403:1747647665748:,1747647681804
counter/7/0/0/0,19071:1747647664782:,1747647681804
counter/1/0/0/0,19404:1747647665748:,1747647681804
counter/7/0/0/0,19072:1747647664782:,1747647681804
counter/1/0/0/0,19405:1747647665748:,1747647681804
counter/7/0/0/0,19073:1747647664782:,1747647681804
counter/1/0/0/0,19406:1747647665748:,1747647681804
counter/7/0/0/0,19074:1747647664782:,1747647681804
counter/1/0/0/0,19407:1747647665748:,1747647681804
counter/7/0/0/0,19075:1747647664782:,1747647681804
counter/1/0/0/0,19408:1747647665750:,1747647681804
counter/7/0/0/0,19076:1747647664782:,1747647681804
counter/1/0/0/0,19409:1747647665770:,1747647681804
counter/7/0/0/0,19077:1747647664802:,1747647681804
counter/1/0/0/0,19410:1747647665770:,1747647681804
counter/7/0/0/0,19078:1747647664802:,1747647681804
counter/1/0/0/0,19411:1747647665782:,1747647681804
counter/7/0/0/0,19079:1747647664802:,1747647681804
counter/1/0/0/0,19412:1747647665782:,1747647681805
counter/7/0/0/0,19080:1747647664802:,1747647681805
counter/1/0/0/0,19413:1747647665782:,1747647681805
counter/7/0/0/0,19081:1747647664802:,1747647681805
counter/1/0/0/0,19414:1747647665782:,1747647681805
counter/7/0/0/0,19082:1747647664802:,1747647681805
counter/1/0/0/0,19415:1747647665782:,1747647681805
counter/7/0/0/0,19083:1747647664802:,1747647681805
counter/1/0/0/0,19416:1747647665782:,1747647681805
counter/7/0/0/0,19084:1747647664802:,1747647681805
counter/1/0/0/0,19417:1747647665782:,1747647681805
counter/7/0/0/0,19085:1747647664802:,1747647681805
counter/1/0/0/0,19418:1747647665782:,1747647681805
counter/7/0/0/0,19086:1747647664803:,1747647681805
counter/1/0/0/0,19419:1747647665782:,1747647681805
counter/7/0/0/0,19087:1747647664803:,1747647681805
counter/1/0/0/0,19420:1747647665782:,1747647681805
counter/7/0/0/0,19088:1747647664803:,1747647681805
counter/1/0/0/0,19421:1747647665782:,1747647681805
counter/7/0/0/0,19089:1747647664803:,1747647681805
counter/1/0/0/0,19422:1747647665801:,1747647681805
counter/7/0/0/0,19090:1747647664804:,1747647681805
counter/1/0/0/0,19423:1747647665801:,1747647681805
counter/7/0/0/0,19091:1747647664804:,1747647681805
counter/1/0/0/0,19424:1747647665801:,1747647681805
counter/7/0/0/0,19092:1747647664804:,1747647681805
counter/1/0/0/0,19425:1747647665802:,1747647681805
counter/7/0/0/0,19093:1747647664804:,1747647681805
counter/1/0/0/0,19426:1747647665802:,1747647681805
counter/7/0/0/0,19094:1747647664806:,1747647681805
counter/1/0/0/0,19427:1747647665802:,1747647681805
counter/5/0/0/0,21077:1747647666894:,1747647681805
counter/7/0/0/0,19095:1747647664806:,1747647681805
counter/1/0/0/0,19428:1747647665802:,1747647681805
counter/5/0/0/0,21078:1747647666895:,1747647681805
counter/7/0/0/0,19096:1747647664806:,1747647681805
counter/1/0/0/0,19429:1747647665802:,1747647681805
counter/5/0/0/0,21079:1747647666895:,1747647681805
counter/7/0/0/0,19097:1747647664806:,1747647681805
counter/1/0/0/0,19430:1747647665802:,1747647681805
counter/5/0/0/0,21080:1747647666895:,1747647681805
counter/7/0/0/0,19098:1747647664806:,1747647681805
counter/1/0/0/0,19431:1747647665802:,1747647681806
counter/5/0/0/0,21081:1747647666895:,1747647681806
counter/7/0/0/0,19099:1747647664806:,1747647681806
counter/5/0/0/0,21082:1747647666895:,1747647681806
counter/7/0/0/0,19100:1747647664806:,1747647681806
counter/5/0/0/0,21083:1747647666895:,1747647681806
counter/7/0/0/0,19101:1747647664806:,1747647681806
counter/5/0/0/0,21084:1747647666895:,1747647681806
counter/7/0/0/0,19102:1747647664806:,1747647681806
counter/5/0/0/0,21085:1747647666899:,1747647681806
counter/7/0/0/0,19103:1747647664806:,1747647681806
counter/5/0/0/0,21086:1747647666900:,1747647681806
counter/7/0/0/0,19104:1747647664806:,1747647681806
counter/5/0/0/0,21087:1747647666906:,1747647681806
counter/7/0/0/0,19105:1747647664808:,1747647681806
counter/5/0/0/0,21088:1747647666906:,1747647681806
counter/7/0/0/0,19106:1747647664808:,1747647681806
counter/5/0/0/0,21089:1747647666906:,1747647681806
counter/7/0/0/0,19107:1747647664808:,1747647681806
counter/5/0/0/0,21090:1747647666906:,1747647681806
counter/7/0/0/0,19108:1747647664808:,1747647681806
counter/5/0/0/0,21091:1747647666917:,1747647681806
counter/7/0/0/0,19109:1747647664808:,1747647681806
counter/5/0/0/0,21092:1747647666917:,1747647681806
counter/7/0/0/0,19110:1747647664811:,1747647681806
counter/5/0/0/0,21093:1747647666917:,1747647681806
counter/7/0/0/0,19111:1747647664811:,1747647681806
counter/5/0/0/0,21094:1747647666917:,1747647681806
counter/7/0/0/0,19112:1747647664811:,1747647681806
counter/5/0/0/0,21095:1747647666917:,1747647681806
counter/7/0/0/0,19113:1747647664812:,1747647681806
counter/5/0/0/0,21096:1747647666917:,1747647681806
counter/7/0/0/0,19114:1747647664812:,1747647681806
counter/5/0/0/0,21097:1747647666917:,1747647681806
counter/7/0/0/0,19115:1747647664812:,1747647681806
counter/5/0/0/0,21098:1747647666917:,1747647681806
counter/3/0/0/0,18223:1747647664932:,1747647681806
counter/7/0/0/0,19116:1747647664812:,1747647681806
counter/5/0/0/0,21099:1747647666917:,1747647681807
counter/7/0/0/0,19117:1747647664812:,1747647681807
counter/5/0/0/0,21100:1747647666917:,1747647681807
counter/10/0/0/0,19066:1747647664850:,1747647681807
counter/7/0/0/0,19118:1747647664812:,1747647681807
counter/5/0/0/0,21101:1747647666917:,1747647681807
counter/7/0/0/0,19119:1747647664812:,1747647681807
counter/5/0/0/0,21102:1747647666917:,1747647681807
counter/7/0/0/0,19120:1747647664812:,1747647681807
counter/5/0/0/0,21103:1747647666917:,1747647681807
counter/7/0/0/0,19121:1747647664812:,1747647681807
counter/5/0/0/0,21104:1747647666917:,1747647681807
counter/7/0/0/0,19122:1747647664812:,1747647681807
counter/5/0/0/0,21105:1747647666917:,1747647681807
counter/7/0/0/0,19123:1747647664812:,1747647681807
counter/5/0/0/0,21106:1747647666918:,1747647681807
counter/7/0/0/0,19124:1747647664812:,1747647681807
counter/5/0/0/0,21107:1747647666918:,1747647681807
counter/7/0/0/0,19125:1747647664812:,1747647681807
counter/5/0/0/0,21108:1747647666918:,1747647681807
counter/7/0/0/0,19126:1747647664812:,1747647681807
counter/5/0/0/0,21109:1747647666918:,1747647681807
counter/7/0/0/0,19127:1747647664812:,1747647681807
counter/5/0/0/0,21110:1747647666918:,1747647681807
counter/2/0/0/0,24258:1747647670039:,1747647681807
counter/7/0/0/0,19128:1747647664820:,1747647681807
counter/5/0/0/0,21111:1747647666918:,1747647681807
counter/1/0/0/0,19432:1747647665802:,1747647681807
counter/7/0/0/0,19129:1747647664820:,1747647681807
counter/5/0/0/0,21112:1747647666918:,1747647681807
counter/7/0/0/0,19130:1747647664822:,1747647681807
counter/5/0/0/0,21113:1747647666918:,1747647681807
counter/7/0/0/0,19131:1747647664822:,1747647681807
counter/5/0/0/0,21114:1747647666918:,1747647681807
counter/7/0/0/0,19132:1747647664822:,1747647681807
counter/5/0/0/0,21115:1747647666918:,1747647681807
counter/7/0/0/0,19133:1747647664822:,1747647681807
counter/5/0/0/0,21116:1747647666924:,1747647681808
counter/7/0/0/0,19134:1747647664822:,1747647681808
counter/5/0/0/0,21117:1747647666924:,1747647681808
counter/10/0/0/0,19067:1747647664850:,1747647681808
counter/7/0/0/0,19135:1747647664822:,1747647681808
counter/5/0/0/0,21118:1747647666924:,1747647681808
counter/3/0/0/0,18224:1747647664932:,1747647681808
counter/7/0/0/0,19136:1747647664822:,1747647681808
counter/5/0/0/0,21119:1747647666924:,1747647681808
counter/7/0/0/0,19137:1747647664822:,1747647681808
counter/5/0/0/0,21120:1747647666925:,1747647681808
counter/7/0/0/0,19138:1747647664822:,1747647681808
counter/5/0/0/0,21121:1747647666925:,1747647681808
counter/7/0/0/0,19139:1747647664822:,1747647681808
counter/5/0/0/0,21122:1747647666925:,1747647681808
counter/7/0/0/0,19140:1747647664822:,1747647681808
counter/5/0/0/0,21123:1747647666925:,1747647681808
counter/7/0/0/0,19141:1747647664822:,1747647681808
counter/5/0/0/0,21124:1747647666925:,1747647681808
counter/7/0/0/0,19142:1747647664822:,1747647681808
counter/5/0/0/0,21125:1747647666925:,1747647681808
counter/7/0/0/0,19143:1747647664829:,1747647681808
counter/5/0/0/0,21126:1747647666925:,1747647681808
counter/7/0/0/0,19144:1747647664829:,1747647681808
counter/5/0/0/0,21127:1747647666925:,1747647681808
counter/7/0/0/0,19145:1747647664830:,1747647681808
counter/5/0/0/0,21128:1747647666925:,1747647681808
counter/7/0/0/0,19146:1747647664830:,1747647681808
counter/5/0/0/0,21129:1747647666925:,1747647681808
counter/9/0/0/0,24637:1747647668340:,1747647681808
counter/7/0/0/0,19147:1747647664830:,1747647681808
counter/5/0/0/0,21130:1747647666925:,1747647681808
counter/7/0/0/0,19148:1747647664830:,1747647681808
counter/5/0/0/0,21131:1747647666925:,1747647681808
counter/7/0/0/0,19149:1747647664848:,1747647681808
counter/7/0/0/0,19150:1747647664848:,1747647681808
counter/7/0/0/0,19151:1747647664848:,1747647681808
counter/7/0/0/0,19152:1747647664848:,1747647681808
counter/7/0/0/0,19153:1747647664848:,1747647681808
counter/7/0/0/0,19154:1747647664848:,1747647681808
counter/7/0/0/0,19155:1747647664851:,1747647681808
counter/7/0/0/0,19156:1747647664851:,1747647681808
counter/7/0/0/0,19157:1747647664851:,1747647681809
counter/7/0/0/0,19158:1747647664851:,1747647681809
counter/7/0/0/0,19159:1747647664851:,1747647681809
counter/7/0/0/0,19160:1747647664851:,1747647681809
counter/7/0/0/0,19161:1747647664861:,1747647681809
counter/7/0/0/0,19162:1747647664861:,1747647681809
counter/7/0/0/0,19163:1747647664861:,1747647681809
counter/7/0/0/0,19164:1747647664861:,1747647681809
counter/7/0/0/0,19165:1747647664861:,1747647681809
counter/7/0/0/0,19166:1747647664861:,1747647681809
counter/7/0/0/0,19167:1747647664861:,1747647681809
counter/7/0/0/0,19168:1747647664861:,1747647681809
counter/7/0/0/0,19169:1747647664861:,1747647681809
counter/6/0/0/0,19117:1747647665734:,1747647681809
counter/7/0/0/0,19170:1747647664861:,1747647681809
counter/10/0/0/0,19068:1747647664850:,1747647681809
counter/7/0/0/0,19171:1747647664886:,1747647681809
counter/6/0/0/0,19118:1747647665734:,1747647681809
counter/2/0/0/0,24259:1747647670044:,1747647681809
counter/7/0/0/0,19172:1747647664899:,1747647681809
counter/1/0/0/0,19433:1747647665802:,1747647681809
counter/9/0/0/0,24638:1747647668340:,1747647681809
counter/7/0/0/0,19173:1747647664899:,1747647681809
counter/7/0/0/0,19174:1747647664899:,1747647681809
counter/7/0/0/0,19175:1747647664901:,1747647681809
counter/7/0/0/0,19176:1747647664903:,1747647681809
counter/7/0/0/0,19177:1747647664903:,1747647681809
counter/7/0/0/0,19178:1747647664904:,1747647681809
counter/7/0/0/0,19179:1747647664904:,1747647681809
counter/7/0/0/0,19180:1747647664904:,1747647681809
counter/7/0/0/0,19181:1747647664904:,1747647681809
counter/7/0/0/0,19182:1747647664904:,1747647681809
counter/2/0/0/0,24260:1747647670044:,1747647681809
counter/5/0/0/0,21132:1747647666925:,1747647681809
counter/7/0/0/0,19183:1747647664904:,1747647681809
counter/2/0/0/0,24261:1747647670044:,1747647681809
counter/7/0/0/0,19184:1747647664904:,1747647681809
counter/2/0/0/0,24262:1747647670044:,1747647681809
counter/9/0/0/0,24639:1747647668340:,1747647681809
counter/7/0/0/0,19185:1747647664904:,1747647681810
counter/2/0/0/0,24263:1747647670044:,1747647681810
counter/7/0/0/0,19186:1747647664907:,1747647681810
counter/2/0/0/0,24264:1747647670044:,1747647681810
counter/3/0/0/0,18225:1747647664932:,1747647681810
counter/7/0/0/0,19187:1747647664907:,1747647681810
counter/4/0/0/0,18789:1747647665762:,1747647681810
counter/5/0/0/0,21133:1747647666925:,1747647681810
counter/7/0/0/0,19188:1747647664907:,1747647681810
counter/1/0/0/0,19434:1747647665806:,1747647681810
counter/10/0/0/0,19069:1747647664850:,1747647681810
counter/7/0/0/0,19189:1747647664907:,1747647681810
counter/9/0/0/0,24640:1747647668345:,1747647681810
counter/7/0/0/0,19190:1747647664907:,1747647681810
counter/9/0/0/0,24641:1747647668346:,1747647681810
counter/7/0/0/0,19191:1747647664919:,1747647681810
counter/9/0/0/0,24642:1747647668346:,1747647681810
counter/7/0/0/0,19192:1747647664919:,1747647681810
counter/9/0/0/0,24643:1747647668346:,1747647681810
counter/7/0/0/0,19193:1747647664919:,1747647681810
counter/9/0/0/0,24644:1747647668346:,1747647681810
counter/7/0/0/0,19194:1747647664919:,1747647681810
counter/9/0/0/0,24645:1747647668346:,1747647681810
counter/7/0/0/0,19195:1747647664919:,1747647681810
counter/9/0/0/0,24646:1747647668346:,1747647681810
counter/7/0/0/0,19196:1747647664919:,1747647681810
counter/9/0/0/0,24647:1747647668351:,1747647681810
counter/7/0/0/0,19197:1747647664919:,1747647681810
counter/9/0/0/0,24648:1747647668351:,1747647681810
counter/7/0/0/0,19198:1747647664919:,1747647681810
counter/9/0/0/0,24649:1747647668351:,1747647681810
counter/7/0/0/0,19199:1747647664920:,1747647681810
counter/9/0/0/0,24650:1747647668351:,1747647681810
counter/7/0/0/0,19200:1747647664921:,1747647681810
counter/9/0/0/0,24651:1747647668351:,1747647681810
counter/7/0/0/0,19201:1747647664921:,1747647681810
counter/9/0/0/0,24652:1747647668351:,1747647681810
counter/7/0/0/0,19202:1747647664921:,1747647681810
counter/9/0/0/0,24653:1747647668351:,1747647681810
counter/7/0/0/0,19203:1747647664921:,1747647681810
counter/9/0/0/0,24654:1747647668351:,1747647681810
counter/7/0/0/0,19204:1747647664921:,1747647681811
counter/9/0/0/0,24655:1747647668351:,1747647681811
counter/5/0/0/0,21134:1747647666925:,1747647681811
counter/7/0/0/0,19205:1747647664921:,1747647681811
counter/9/0/0/0,24656:1747647668351:,1747647681811
counter/4/0/0/0,18790:1747647665762:,1747647681811
counter/10/0/0/0,19070:1747647664850:,1747647681811
counter/7/0/0/0,19206:1747647664921:,1747647681811
counter/9/0/0/0,24657:1747647668351:,1747647681811
counter/6/0/0/0,19119:1747647665734:,1747647681811
counter/7/0/0/0,19207:1747647664921:,1747647681811
counter/9/0/0/0,24658:1747647668360:,1747647681811
counter/6/0/0/0,19120:1747647665734:,1747647681811
counter/7/0/0/0,19208:1747647664938:,1747647681811
counter/9/0/0/0,24659:1747647668360:,1747647681811
counter/6/0/0/0,19121:1747647665734:,1747647681811
counter/7/0/0/0,19209:1747647664938:,1747647681811
counter/9/0/0/0,24660:1747647668360:,1747647681811
counter/6/0/0/0,19122:1747647665734:,1747647681811
counter/7/0/0/0,19210:1747647664938:,1747647681811
counter/9/0/0/0,24661:1747647668360:,1747647681811
counter/6/0/0/0,19123:1747647665734:,1747647681811
counter/7/0/0/0,19211:1747647664938:,1747647681811
counter/9/0/0/0,24662:1747647668360:,1747647681811
counter/6/0/0/0,19124:1747647665734:,1747647681811
counter/7/0/0/0,19212:1747647664938:,1747647681811
counter/9/0/0/0,24663:1747647668360:,1747647681811
counter/6/0/0/0,19125:1747647665734:,1747647681811
counter/7/0/0/0,19213:1747647664938:,1747647681811
counter/9/0/0/0,24664:1747647668361:,1747647681811
counter/6/0/0/0,19126:1747647665734:,1747647681811
counter/7/0/0/0,19214:1747647664938:,1747647681811
counter/9/0/0/0,24665:1747647668361:,1747647681811
counter/6/0/0/0,19127:1747647665735:,1747647681811
counter/7/0/0/0,19215:1747647664938:,1747647681811
counter/9/0/0/0,24666:1747647668361:,1747647681811
counter/6/0/0/0,19128:1747647665735:,1747647681811
counter/7/0/0/0,19216:1747647664938:,1747647681811
counter/9/0/0/0,24667:1747647668361:,1747647681812
counter/6/0/0/0,19129:1747647665735:,1747647681812
counter/7/0/0/0,19217:1747647664980:,1747647681812
counter/9/0/0/0,24668:1747647668361:,1747647681812
counter/6/0/0/0,19130:1747647665737:,1747647681812
counter/7/0/0/0,19218:1747647664981:,1747647681812
counter/9/0/0/0,24669:1747647668361:,1747647681812
counter/6/0/0/0,19131:1747647665737:,1747647681812
counter/7/0/0/0,19219:1747647664981:,1747647681812
counter/9/0/0/0,24670:1747647668361:,1747647681812
counter/6/0/0/0,19132:1747647665737:,1747647681812
counter/7/0/0/0,19220:1747647664981:,1747647681812
counter/6/0/0/0,19133:1747647665737:,1747647681812
counter/7/0/0/0,19221:1747647664981:,1747647681812
counter/6/0/0/0,19134:1747647665738:,1747647681812
counter/7/0/0/0,19222:1747647664981:,1747647681812
counter/6/0/0/0,19135:1747647665738:,1747647681812
counter/7/0/0/0,19223:1747647664981:,1747647681812
counter/6/0/0/0,19136:1747647665738:,1747647681812
counter/7/0/0/0,19224:1747647664981:,1747647681812
counter/6/0/0/0,19137:1747647665738:,1747647681812
counter/7/0/0/0,19225:1747647664981:,1747647681812
counter/6/0/0/0,19138:1747647665738:,1747647681812
counter/7/0/0/0,19226:1747647664981:,1747647681812
counter/6/0/0/0,19139:1747647665743:,1747647681812
counter/7/0/0/0,19227:1747647664981:,1747647681812
counter/6/0/0/0,19140:1747647665743:,1747647681812
counter/7/0/0/0,19228:1747647664981:,1747647681812
counter/6/0/0/0,19141:1747647665744:,1747647681812
counter/7/0/0/0,19229:1747647664981:,1747647681812
counter/6/0/0/0,19142:1747647665744:,1747647681812
counter/7/0/0/0,19230:1747647664982:,1747647681812
counter/6/0/0/0,19143:1747647665744:,1747647681812
counter/7/0/0/0,19231:1747647664983:,1747647681812
counter/6/0/0/0,19144:1747647665744:,1747647681812
counter/7/0/0/0,19232:1747647664983:,1747647681812
counter/6/0/0/0,19145:1747647665744:,1747647681812
counter/7/0/0/0,19233:1747647664983:,1747647681812
counter/6/0/0/0,19146:1747647665758:,1747647681812
counter/7/0/0/0,19234:1747647664983:,1747647681812
counter/6/0/0/0,19147:1747647665758:,1747647681812
counter/7/0/0/0,19235:1747647664983:,1747647681813
counter/6/0/0/0,19148:1747647665758:,1747647681813
counter/7/0/0/0,19236:1747647664983:,1747647681813
counter/6/0/0/0,19149:1747647665758:,1747647681813
counter/7/0/0/0,19237:1747647664983:,1747647681813
counter/6/0/0/0,19150:1747647665758:,1747647681813
counter/7/0/0/0,19238:1747647664983:,1747647681813
counter/6/0/0/0,19151:1747647665758:,1747647681813
counter/7/0/0/0,19239:1747647664983:,1747647681813
counter/6/0/0/0,19152:1747647665758:,1747647681813
counter/7/0/0/0,19240:1747647664983:,1747647681813
counter/6/0/0/0,19153:1747647665758:,1747647681813
counter/7/0/0/0,19241:1747647664983:,1747647681813
counter/6/0/0/0,19154:1747647665758:,1747647681813
counter/7/0/0/0,19242:1747647664983:,1747647681813
counter/6/0/0/0,19155:1747647665758:,1747647681813
counter/7/0/0/0,19243:1747647664983:,1747647681813
counter/6/0/0/0,19156:1747647665765:,1747647681813
counter/7/0/0/0,19244:1747647664983:,1747647681813
counter/6/0/0/0,19157:1747647665765:,1747647681813
counter/7/0/0/0,19245:1747647664983:,1747647681813
counter/6/0/0/0,19158:1747647665765:,1747647681813
counter/7/0/0/0,19246:1747647664983:,1747647681813
counter/6/0/0/0,19159:1747647665765:,1747647681813
counter/7/0/0/0,19247:1747647664984:,1747647681813
counter/6/0/0/0,19160:1747647665765:,1747647681813
counter/7/0/0/0,19248:1747647664984:,1747647681813
counter/6/0/0/0,19161:1747647665765:,1747647681813
counter/7/0/0/0,19249:1747647664985:,1747647681813
counter/6/0/0/0,19162:1747647665765:,1747647681813
counter/7/0/0/0,19250:1747647664985:,1747647681813
counter/6/0/0/0,19163:1747647665765:,1747647681813
counter/7/0/0/0,19251:1747647664985:,1747647681813
counter/6/0/0/0,19164:1747647665772:,1747647681813
counter/7/0/0/0,19252:1747647664985:,1747647681813
counter/6/0/0/0,19165:1747647665773:,1747647681813
counter/7/0/0/0,19253:1747647664985:,1747647681813
counter/6/0/0/0,19166:1747647665773:,1747647681813
counter/7/0/0/0,19254:1747647664985:,1747647681813
counter/6/0/0/0,19167:1747647665773:,1747647681813
counter/7/0/0/0,19255:1747647664985:,1747647681813
counter/6/0/0/0,19168:1747647665773:,1747647681813
counter/7/0/0/0,19256:1747647664985:,1747647681814
counter/6/0/0/0,19169:1747647665773:,1747647681814
counter/7/0/0/0,19257:1747647664985:,1747647681814
counter/6/0/0/0,19170:1747647665773:,1747647681814
counter/7/0/0/0,19258:1747647664985:,1747647681814
counter/6/0/0/0,19171:1747647665780:,1747647681814
counter/7/0/0/0,19259:1747647664985:,1747647681814
counter/6/0/0/0,19172:1747647665780:,1747647681814
counter/7/0/0/0,19260:1747647664985:,1747647681814
counter/6/0/0/0,19173:1747647665780:,1747647681814
counter/7/0/0/0,19261:1747647664985:,1747647681814
counter/6/0/0/0,19174:1747647665780:,1747647681814
counter/7/0/0/0,19262:1747647664985:,1747647681814
counter/6/0/0/0,19175:1747647665780:,1747647681814
counter/7/0/0/0,19263:1747647664985:,1747647681814
counter/6/0/0/0,19176:1747647665780:,1747647681814
counter/7/0/0/0,19264:1747647664985:,1747647681814
counter/6/0/0/0,19177:1747647665780:,1747647681814
counter/7/0/0/0,19265:1747647664985:,1747647681814
counter/6/0/0/0,19178:1747647665781:,1747647681814
counter/7/0/0/0,19266:1747647664985:,1747647681814
counter/6/0/0/0,19179:1747647665782:,1747647681814
counter/7/0/0/0,19267:1747647664985:,1747647681814
counter/6/0/0/0,19180:1747647665782:,1747647681814
counter/7/0/0/0,19268:1747647664985:,1747647681814
counter/6/0/0/0,19181:1747647665782:,1747647681814
counter/7/0/0/0,19269:1747647664985:,1747647681814
counter/6/0/0/0,19182:1747647665782:,1747647681814
counter/7/0/0/0,19270:1747647664985:,1747647681814
counter/6/0/0/0,19183:1747647665782:,1747647681814
counter/7/0/0/0,19271:1747647664989:,1747647681814
counter/6/0/0/0,19184:1747647665782:,1747647681814
counter/7/0/0/0,19272:1747647664989:,1747647681814
counter/6/0/0/0,19185:1747647665783:,1747647681814
counter/7/0/0/0,19273:1747647664989:,1747647681814
counter/6/0/0/0,19186:1747647665783:,1747647681814
counter/7/0/0/0,19274:1747647664989:,1747647681814
counter/6/0/0/0,19187:1747647665783:,1747647681814
counter/7/0/0/0,19275:1747647664989:,1747647681815
counter/6/0/0/0,19188:1747647665783:,1747647681815
counter/7/0/0/0,19276:1747647664989:,1747647681815
counter/6/0/0/0,19189:1747647665783:,1747647681815
counter/7/0/0/0,19277:1747647664989:,1747647681815
counter/6/0/0/0,19190:1747647665785:,1747647681815
counter/7/0/0/0,19278:1747647664989:,1747647681815
counter/6/0/0/0,19191:1747647665785:,1747647681815
counter/7/0/0/0,19279:1747647664989:,1747647681815
counter/6/0/0/0,19192:1747647665785:,1747647681815
counter/7/0/0/0,19280:1747647664989:,1747647681815
counter/6/0/0/0,19193:1747647665785:,1747647681815
counter/7/0/0/0,19281:1747647664989:,1747647681815
counter/6/0/0/0,19194:1747647665785:,1747647681815
counter/7/0/0/0,19282:1747647664989:,1747647681815
counter/6/0/0/0,19195:1747647665799:,1747647681815
counter/7/0/0/0,19283:1747647664989:,1747647681815
counter/6/0/0/0,19196:1747647665799:,1747647681815
counter/4/0/0/0,18791:1747647665762:,1747647681815
counter/7/0/0/0,19284:1747647664989:,1747647681815
counter/6/0/0/0,19197:1747647665799:,1747647681815
counter/5/0/0/0,21135:1747647666925:,1747647681815
counter/1/0/0/0,19435:1747647665806:,1747647681815
counter/7/0/0/0,19285:1747647664989:,1747647681815
counter/6/0/0/0,19198:1747647665799:,1747647681815
counter/5/0/0/0,21136:1747647666925:,1747647681815
counter/4/0/0/0,18792:1747647665762:,1747647681815
counter/7/0/0/0,19286:1747647664989:,1747647681815
counter/6/0/0/0,19199:1747647665799:,1747647681815
counter/7/0/0/0,19287:1747647664989:,1747647681815
counter/6/0/0/0,19200:1747647665799:,1747647681815
counter/7/0/0/0,19288:1747647664989:,1747647681815
counter/6/0/0/0,19201:1747647665799:,1747647681815
counter/7/0/0/0,19289:1747647664989:,1747647681815
counter/6/0/0/0,19202:1747647665799:,1747647681815
counter/7/0/0/0,19290:1747647664989:,1747647681815
counter/6/0/0/0,19203:1747647665799:,1747647681815
counter/7/0/0/0,19291:1747647664989:,1747647681815
counter/6/0/0/0,19204:1747647665804:,1747647681815
counter/7/0/0/0,19292:1747647664989:,1747647681815
counter/6/0/0/0,19205:1747647665809:,1747647681815
counter/7/0/0/0,19293:1747647664989:,1747647681816
counter/6/0/0/0,19206:1747647665812:,1747647681816
counter/7/0/0/0,19294:1747647664989:,1747647681816
counter/6/0/0/0,19207:1747647665812:,1747647681816
counter/7/0/0/0,19295:1747647664990:,1747647681816
counter/6/0/0/0,19208:1747647665812:,1747647681816
counter/7/0/0/0,19296:1747647664990:,1747647681816
counter/6/0/0/0,19209:1747647665812:,1747647681816
counter/7/0/0/0,19297:1747647664990:,1747647681816
counter/6/0/0/0,19210:1747647665812:,1747647681816
counter/7/0/0/0,19298:1747647664990:,1747647681816
counter/6/0/0/0,19211:1747647665812:,1747647681816
counter/7/0/0/0,19299:1747647664990:,1747647681816
counter/6/0/0/0,19212:1747647665816:,1747647681816
counter/7/0/0/0,19300:1747647664990:,1747647681816
counter/6/0/0/0,19213:1747647665816:,1747647681816
counter/7/0/0/0,19301:1747647664990:,1747647681816
counter/6/0/0/0,19214:1747647665816:,1747647681816
counter/7/0/0/0,19302:1747647665000:,1747647681816
counter/6/0/0/0,19215:1747647665816:,1747647681816
counter/7/0/0/0,19303:1747647665000:,1747647681816
counter/6/0/0/0,19216:1747647665816:,1747647681816
counter/7/0/0/0,19304:1747647665000:,1747647681816
counter/6/0/0/0,19217:1747647665816:,1747647681816
counter/7/0/0/0,19305:1747647665000:,1747647681816
counter/6/0/0/0,19218:1747647665816:,1747647681816
counter/7/0/0/0,19306:1747647665000:,1747647681816
counter/6/0/0/0,19219:1747647665816:,1747647681816
counter/7/0/0/0,19307:1747647665000:,1747647681816
counter/6/0/0/0,19220:1747647665816:,1747647681816
counter/7/0/0/0,19308:1747647665000:,1747647681816
counter/6/0/0/0,19221:1747647665816:,1747647681816
counter/7/0/0/0,19309:1747647665000:,1747647681816
counter/6/0/0/0,19222:1747647665816:,1747647681816
counter/7/0/0/0,19310:1747647665000:,1747647681816
counter/6/0/0/0,19223:1747647665816:,1747647681816
counter/7/0/0/0,19311:1747647665000:,1747647681816
counter/6/0/0/0,19224:1747647665816:,1747647681816
counter/7/0/0/0,19312:1747647665001:,1747647681816
counter/6/0/0/0,19225:1747647665816:,1747647681816
counter/7/0/0/0,19313:1747647665001:,1747647681817
counter/6/0/0/0,19226:1747647665816:,1747647681817
counter/5/0/0/0,21137:1747647666925:,1747647681817
counter/7/0/0/0,19314:1747647665001:,1747647681817
counter/6/0/0/0,19227:1747647665816:,1747647681817
counter/4/0/0/0,18793:1747647665762:,1747647681817
counter/7/0/0/0,19315:1747647665001:,1747647681817
counter/6/0/0/0,19228:1747647665816:,1747647681817
counter/7/0/0/0,19316:1747647665007:,1747647681817
counter/6/0/0/0,19229:1747647665816:,1747647681817
counter/2/0/0/0,24265:1747647670044:,1747647681817
counter/7/0/0/0,19317:1747647665007:,1747647681817
counter/6/0/0/0,19230:1747647665816:,1747647681817
counter/3/0/0/0,18226:1747647664932:,1747647681817
counter/7/0/0/0,19318:1747647665007:,1747647681817
counter/6/0/0/0,19231:1747647665816:,1747647681817
counter/7/0/0/0,19319:1747647665007:,1747647681817
counter/6/0/0/0,19232:1747647665816:,1747647681817
counter/7/0/0/0,19320:1747647665007:,1747647681817
counter/6/0/0/0,19233:1747647665816:,1747647681817
counter/9/0/0/0,24671:1747647668361:,1747647681817
counter/1/0/0/0,19436:1747647665807:,1747647681817
counter/7/0/0/0,19321:1747647665007:,1747647681817
counter/6/0/0/0,19234:1747647665817:,1747647681817
counter/7/0/0/0,19322:1747647665007:,1747647681817
counter/6/0/0/0,19235:1747647665817:,1747647681817
counter/7/0/0/0,19323:1747647665007:,1747647681817
counter/6/0/0/0,19236:1747647665817:,1747647681817
counter/7/0/0/0,19324:1747647665007:,1747647681817
counter/6/0/0/0,19237:1747647665817:,1747647681817
counter/5/0/0/0,21138:1747647666925:,1747647681817
counter/7/0/0/0,19325:1747647665007:,1747647681817
counter/6/0/0/0,19238:1747647665817:,1747647681817
counter/7/0/0/0,19326:1747647665008:,1747647681817
counter/6/0/0/0,19239:1747647665817:,1747647681817
counter/9/0/0/0,24672:1747647668361:,1747647681817
counter/1/0/0/0,19437:1747647665807:,1747647681817
counter/7/0/0/0,19327:1747647665008:,1747647681817
counter/6/0/0/0,19240:1747647665817:,1747647681818
counter/9/0/0/0,24673:1747647668361:,1747647681818
counter/10/0/0/0,19071:1747647664858:,1747647681818
counter/7/0/0/0,19328:1747647665008:,1747647681818
counter/6/0/0/0,19241:1747647665817:,1747647681818
counter/3/0/0/0,18227:1747647664932:,1747647681818
counter/7/0/0/0,19329:1747647665008:,1747647681818
counter/6/0/0/0,19242:1747647665817:,1747647681818
counter/7/0/0/0,19330:1747647665008:,1747647681818
counter/6/0/0/0,19243:1747647665817:,1747647681818
counter/7/0/0/0,19331:1747647665008:,1747647681818
counter/6/0/0/0,19244:1747647665822:,1747647681818
counter/7/0/0/0,19332:1747647665008:,1747647681818
counter/6/0/0/0,19245:1747647665822:,1747647681818
counter/9/0/0/0,24674:1747647668361:,1747647681818
counter/3/0/0/0,18228:1747647664932:,1747647681818
counter/7/0/0/0,19333:1747647665008:,1747647681818
counter/6/0/0/0,19246:1747647665822:,1747647681818
counter/9/0/0/0,24675:1747647668361:,1747647681818
counter/5/0/0/0,21139:1747647666925:,1747647681818
counter/7/0/0/0,19334:1747647665016:,1747647681818
counter/6/0/0/0,19247:1747647665822:,1747647681818
counter/2/0/0/0,24266:1747647670044:,1747647681818
counter/1/0/0/0,19438:1747647665807:,1747647681818
counter/7/0/0/0,19335:1747647665016:,1747647681818
counter/6/0/0/0,19248:1747647665823:,1747647681818
counter/2/0/0/0,24267:1747647670044:,1747647681818
counter/10/0/0/0,19072:1747647664858:,1747647681818
counter/7/0/0/0,19336:1747647665016:,1747647681818
counter/6/0/0/0,19249:1747647665829:,1747647681818
counter/10/0/0/0,19073:1747647664858:,1747647681818
counter/7/0/0/0,19337:1747647665016:,1747647681818
counter/6/0/0/0,19250:1747647665829:,1747647681818
counter/10/0/0/0,19074:1747647664859:,1747647681818
counter/7/0/0/0,19338:1747647665016:,1747647681818
counter/6/0/0/0,19251:1747647665829:,1747647681818
counter/10/0/0/0,19075:1747647664859:,1747647681819
counter/7/0/0/0,19339:1747647665016:,1747647681819
counter/6/0/0/0,19252:1747647665829:,1747647681819
counter/10/0/0/0,19076:1747647664859:,1747647681819
counter/5/0/0/0,21140:1747647666925:,1747647681819
counter/1/0/0/0,19439:1747647665807:,1747647681819
counter/7/0/0/0,19340:1747647665016:,1747647681819
counter/6/0/0/0,19253:1747647665829:,1747647681819
counter/10/0/0/0,19077:1747647664859:,1747647681819
counter/9/0/0/0,24676:1747647668361:,1747647681819
counter/4/0/0/0,18794:1747647665762:,1747647681819
counter/7/0/0/0,19341:1747647665016:,1747647681819
counter/6/0/0/0,19254:1747647665829:,1747647681819
counter/10/0/0/0,19078:1747647664859:,1747647681819
counter/4/0/0/0,18795:1747647665762:,1747647681819
counter/7/0/0/0,19342:1747647665016:,1747647681819
counter/6/0/0/0,19255:1747647665829:,1747647681819
counter/10/0/0/0,19079:1747647664859:,1747647681819
counter/4/0/0/0,18796:1747647665763:,1747647681819
counter/7/0/0/0,19343:1747647665016:,1747647681819
counter/6/0/0/0,19256:1747647665829:,1747647681819
counter/10/0/0/0,19080:1747647664859:,1747647681819
counter/4/0/0/0,18797:1747647665763:,1747647681819
counter/7/0/0/0,19344:1747647665016:,1747647681819
counter/6/0/0/0,19257:1747647665830:,1747647681819
counter/10/0/0/0,19081:1747647664859:,1747647681819
counter/4/0/0/0,18798:1747647665763:,1747647681819
counter/3/0/0/0,18229:1747647664932:,1747647681819
counter/5/0/0/0,21141:1747647666925:,1747647681819
counter/7/0/0/0,19345:1747647665016:,1747647681819
counter/6/0/0/0,19258:1747647665830:,1747647681819
counter/10/0/0/0,19082:1747647664859:,1747647681819
counter/4/0/0/0,18799:1747647665763:,1747647681819
counter/7/0/0/0,19346:1747647665016:,1747647681820
counter/6/0/0/0,19259:1747647665830:,1747647681820
counter/4/0/0/0,18800:1747647665763:,1747647681820
counter/9/0/0/0,24677:1747647668361:,1747647681820
counter/7/0/0/0,19347:1747647665017:,1747647681820
counter/6/0/0/0,19260:1747647665830:,1747647681820
counter/4/0/0/0,18801:1747647665763:,1747647681820
counter/7/0/0/0,19348:1747647665017:,1747647681820
counter/6/0/0/0,19261:1747647665838:,1747647681820
counter/4/0/0/0,18802:1747647665763:,1747647681820
counter/3/0/0/0,18230:1747647664932:,1747647681820
counter/7/0/0/0,19349:1747647665017:,1747647681820
counter/6/0/0/0,19262:1747647665838:,1747647681820
counter/4/0/0/0,18803:1747647665763:,1747647681820
counter/7/0/0/0,19350:1747647665017:,1747647681820
counter/6/0/0/0,19263:1747647665838:,1747647681820
counter/4/0/0/0,18804:1747647665763:,1747647681820
counter/7/0/0/0,19351:1747647665017:,1747647681820
counter/6/0/0/0,19264:1747647665838:,1747647681820
counter/4/0/0/0,18805:1747647665763:,1747647681820
counter/7/0/0/0,19352:1747647665017:,1747647681820
counter/6/0/0/0,19265:1747647665838:,1747647681821
counter/4/0/0/0,18806:1747647665763:,1747647681821
counter/7/0/0/0,19353:1747647665017:,1747647681821
counter/6/0/0/0,19266:1747647665838:,1747647681821
counter/4/0/0/0,18807:1747647665763:,1747647681821
counter/7/0/0/0,19354:1747647665017:,1747647681821
counter/6/0/0/0,19267:1747647665838:,1747647681821
counter/7/0/0/0,19355:1747647665017:,1747647681821
counter/6/0/0/0,19268:1747647665838:,1747647681821
counter/7/0/0/0,19356:1747647665017:,1747647681821
counter/6/0/0/0,19269:1747647665845:,1747647681821
counter/7/0/0/0,19357:1747647665017:,1747647681821
counter/6/0/0/0,19270:1747647665845:,1747647681821
counter/7/0/0/0,19358:1747647665018:,1747647681821
counter/6/0/0/0,19271:1747647665845:,1747647681821
counter/7/0/0/0,19359:1747647665018:,1747647681821
counter/6/0/0/0,19272:1747647665846:,1747647681821
counter/7/0/0/0,19360:1747647665019:,1747647681821
counter/6/0/0/0,19273:1747647665846:,1747647681821
counter/7/0/0/0,19361:1747647665019:,1747647681821
counter/6/0/0/0,19274:1747647665846:,1747647681821
counter/7/0/0/0,19362:1747647665019:,1747647681821
counter/6/0/0/0,19275:1747647665846:,1747647681821
counter/7/0/0/0,19363:1747647665019:,1747647681821
counter/6/0/0/0,19276:1747647665846:,1747647681821
counter/7/0/0/0,19364:1747647665019:,1747647681821
counter/6/0/0/0,19277:1747647665846:,1747647681821
counter/7/0/0/0,19365:1747647665019:,1747647681821
counter/6/0/0/0,19278:1747647665846:,1747647681821
counter/7/0/0/0,19366:1747647665019:,1747647681821
counter/6/0/0/0,19279:1747647665846:,1747647681821
counter/7/0/0/0,19367:1747647665019:,1747647681821
counter/6/0/0/0,19280:1747647665846:,1747647681821
counter/7/0/0/0,19368:1747647665019:,1747647681821
counter/6/0/0/0,19281:1747647665846:,1747647681821
counter/7/0/0/0,19369:1747647665019:,1747647681821
counter/6/0/0/0,19282:1747647665846:,1747647681821
counter/7/0/0/0,19370:1747647665019:,1747647681821
counter/6/0/0/0,19283:1747647665846:,1747647681821
counter/7/0/0/0,19371:1747647665019:,1747647681821
counter/6/0/0/0,19284:1747647665846:,1747647681821
counter/7/0/0/0,19372:1747647665019:,1747647681821
counter/6/0/0/0,19285:1747647665846:,1747647681822
counter/7/0/0/0,19373:1747647665019:,1747647681822
counter/6/0/0/0,19286:1747647665852:,1747647681822
counter/7/0/0/0,19374:1747647665019:,1747647681822
counter/6/0/0/0,19287:1747647665852:,1747647681822
counter/7/0/0/0,19375:1747647665019:,1747647681822
counter/6/0/0/0,19288:1747647665852:,1747647681822
counter/7/0/0/0,19376:1747647665019:,1747647681822
counter/6/0/0/0,19289:1747647665852:,1747647681822
counter/7/0/0/0,19377:1747647665019:,1747647681822
counter/6/0/0/0,19290:1747647665852:,1747647681822
counter/7/0/0/0,19378:1747647665023:,1747647681822
counter/6/0/0/0,19291:1747647665852:,1747647681822
counter/7/0/0/0,19379:1747647665023:,1747647681822
counter/6/0/0/0,19292:1747647665852:,1747647681822
counter/7/0/0/0,19380:1747647665023:,1747647681822
counter/6/0/0/0,19293:1747647665852:,1747647681822
counter/7/0/0/0,19381:1747647665023:,1747647681822
counter/6/0/0/0,19294:1747647665852:,1747647681822
counter/7/0/0/0,19382:1747647665023:,1747647681822
counter/6/0/0/0,19295:1747647665852:,1747647681822
counter/7/0/0/0,19383:1747647665023:,1747647681822
counter/6/0/0/0,19296:1747647665852:,1747647681822
counter/7/0/0/0,19384:1747647665023:,1747647681822
counter/6/0/0/0,19297:1747647665852:,1747647681822
counter/7/0/0/0,19385:1747647665023:,1747647681822
counter/6/0/0/0,19298:1747647665853:,1747647681822
counter/7/0/0/0,19386:1747647665023:,1747647681822
counter/6/0/0/0,19299:1747647665853:,1747647681822
counter/7/0/0/0,19387:1747647665023:,1747647681822
counter/6/0/0/0,19300:1747647665853:,1747647681822
counter/7/0/0/0,19388:1747647665023:,1747647681822
counter/6/0/0/0,19301:1747647665853:,1747647681822
counter/7/0/0/0,19389:1747647665023:,1747647681822
counter/6/0/0/0,19302:1747647665853:,1747647681822
counter/7/0/0/0,19390:1747647665023:,1747647681822
counter/6/0/0/0,19303:1747647665853:,1747647681822
counter/7/0/0/0,19391:1747647665023:,1747647681822
counter/6/0/0/0,19304:1747647665853:,1747647681822
counter/7/0/0/0,19392:1747647665023:,1747647681822
counter/6/0/0/0,19305:1747647665853:,1747647681823
counter/7/0/0/0,19393:1747647665024:,1747647681823
counter/6/0/0/0,19306:1747647665853:,1747647681823
counter/7/0/0/0,19394:1747647665028:,1747647681823
counter/6/0/0/0,19307:1747647665853:,1747647681823
counter/7/0/0/0,19395:1747647665028:,1747647681823
counter/6/0/0/0,19308:1747647665853:,1747647681823
counter/7/0/0/0,19396:1747647665028:,1747647681823
counter/6/0/0/0,19309:1747647665853:,1747647681823
counter/7/0/0/0,19397:1747647665028:,1747647681823
counter/6/0/0/0,19310:1747647665853:,1747647681823
counter/7/0/0/0,19398:1747647665028:,1747647681823
counter/6/0/0/0,19311:1747647665853:,1747647681823
counter/7/0/0/0,19399:1747647665028:,1747647681823
counter/6/0/0/0,19312:1747647665856:,1747647681823
counter/7/0/0/0,19400:1747647665028:,1747647681823
counter/6/0/0/0,19313:1747647665856:,1747647681823
counter/7/0/0/0,19401:1747647665028:,1747647681823
counter/6/0/0/0,19314:1747647665856:,1747647681823
counter/7/0/0/0,19402:1747647665029:,1747647681823
counter/6/0/0/0,19315:1747647665856:,1747647681823
counter/7/0/0/0,19403:1747647665029:,1747647681823
counter/6/0/0/0,19316:1747647665856:,1747647681823
counter/7/0/0/0,19404:1747647665039:,1747647681823
counter/6/0/0/0,19317:1747647665856:,1747647681823
counter/7/0/0/0,19405:1747647665039:,1747647681823
counter/6/0/0/0,19318:1747647665856:,1747647681823
counter/7/0/0/0,19406:1747647665039:,1747647681823
counter/6/0/0/0,19319:1747647665856:,1747647681823
counter/7/0/0/0,19407:1747647665039:,1747647681823
counter/6/0/0/0,19320:1747647665856:,1747647681823
counter/7/0/0/0,19408:1747647665042:,1747647681823
counter/6/0/0/0,19321:1747647665856:,1747647681823
counter/5/0/0/0,21142:1747647666925:,1747647681823
counter/7/0/0/0,19409:1747647665047:,1747647681824
counter/6/0/0/0,19322:1747647665856:,1747647681824
counter/5/0/0/0,21143:1747647666926:,1747647681824
counter/7/0/0/0,19410:1747647665049:,1747647681824
counter/6/0/0/0,19323:1747647665856:,1747647681824
counter/5/0/0/0,21144:1747647666926:,1747647681824
counter/7/0/0/0,19411:1747647665049:,1747647681824
counter/6/0/0/0,19324:1747647665856:,1747647681824
counter/5/0/0/0,21145:1747647666926:,1747647681824
counter/7/0/0/0,19412:1747647665049:,1747647681824
counter/6/0/0/0,19325:1747647665856:,1747647681824
counter/5/0/0/0,21146:1747647666926:,1747647681824
counter/7/0/0/0,19413:1747647665049:,1747647681824
counter/6/0/0/0,19326:1747647665856:,1747647681824
counter/5/0/0/0,21147:1747647666926:,1747647681824
counter/7/0/0/0,19414:1747647665049:,1747647681824
counter/6/0/0/0,19327:1747647665856:,1747647681824
counter/5/0/0/0,21148:1747647666926:,1747647681824
counter/7/0/0/0,19415:1747647665049:,1747647681824
counter/6/0/0/0,19328:1747647665857:,1747647681824
counter/5/0/0/0,21149:1747647666926:,1747647681824
counter/7/0/0/0,19416:1747647665053:,1747647681824
counter/6/0/0/0,19329:1747647665857:,1747647681824
counter/5/0/0/0,21150:1747647666926:,1747647681824
counter/7/0/0/0,19417:1747647665053:,1747647681824
counter/6/0/0/0,19330:1747647665857:,1747647681824
counter/5/0/0/0,21151:1747647666926:,1747647681824
counter/7/0/0/0,19418:1747647665053:,1747647681824
counter/6/0/0/0,19331:1747647665857:,1747647681824
counter/5/0/0/0,21152:1747647666926:,1747647681824
counter/7/0/0/0,19419:1747647665053:,1747647681824
counter/6/0/0/0,19332:1747647665864:,1747647681824
counter/5/0/0/0,21153:1747647666926:,1747647681824
counter/7/0/0/0,19420:1747647665053:,1747647681824
counter/6/0/0/0,19333:1747647665864:,1747647681824
counter/5/0/0/0,21154:1747647666926:,1747647681824
counter/7/0/0/0,19421:1747647665053:,1747647681824
counter/6/0/0/0,19334:1747647665864:,1747647681824
counter/5/0/0/0,21155:1747647666926:,1747647681824
counter/7/0/0/0,19422:1747647665053:,1747647681824
counter/6/0/0/0,19335:1747647665865:,1747647681824
counter/5/0/0/0,21156:1747647666926:,1747647681825
counter/7/0/0/0,19423:1747647665053:,1747647681825
counter/6/0/0/0,19336:1747647665865:,1747647681825
counter/5/0/0/0,21157:1747647666926:,1747647681825
counter/7/0/0/0,19424:1747647665053:,1747647681825
counter/6/0/0/0,19337:1747647665865:,1747647681825
counter/5/0/0/0,21158:1747647666926:,1747647681825
counter/7/0/0/0,19425:1747647665053:,1747647681825
counter/6/0/0/0,19338:1747647665865:,1747647681825
counter/5/0/0/0,21159:1747647666926:,1747647681825
counter/7/0/0/0,19426:1747647665053:,1747647681825
counter/6/0/0/0,19339:1747647665865:,1747647681825
counter/5/0/0/0,21160:1747647666931:,1747647681825
counter/7/0/0/0,19427:1747647665053:,1747647681825
counter/6/0/0/0,19340:1747647665865:,1747647681825
counter/5/0/0/0,21161:1747647666931:,1747647681825
counter/4/0/0/0,18808:1747647665763:,1747647681825
counter/7/0/0/0,19428:1747647665053:,1747647681825
counter/6/0/0/0,19341:1747647665865:,1747647681825
counter/5/0/0/0,21162:1747647666931:,1747647681825
counter/4/0/0/0,18809:1747647665763:,1747647681825
counter/7/0/0/0,19429:1747647665053:,1747647681825
counter/6/0/0/0,19342:1747647665865:,1747647681825
counter/5/0/0/0,21163:1747647666931:,1747647681825
counter/4/0/0/0,18810:1747647665765:,1747647681825
counter/7/0/0/0,19430:1747647665053:,1747647681825
counter/6/0/0/0,19343:1747647665865:,1747647681825
counter/5/0/0/0,21164:1747647666931:,1747647681825
counter/4/0/0/0,18811:1747647665765:,1747647681825
counter/7/0/0/0,19431:1747647665053:,1747647681825
counter/6/0/0/0,19344:1747647665865:,1747647681825
counter/5/0/0/0,21165:1747647666931:,1747647681825
counter/4/0/0/0,18812:1747647665765:,1747647681825
counter/7/0/0/0,19432:1747647665054:,1747647681825
counter/6/0/0/0,19345:1747647665865:,1747647681825
counter/5/0/0/0,21166:1747647666931:,1747647681825
counter/4/0/0/0,18813:1747647665765:,1747647681825
counter/7/0/0/0,19433:1747647665054:,1747647681825
counter/6/0/0/0,19346:1747647665865:,1747647681826
counter/5/0/0/0,21167:1747647666931:,1747647681826
counter/4/0/0/0,18814:1747647665765:,1747647681826
counter/7/0/0/0,19434:1747647665054:,1747647681826
counter/6/0/0/0,19347:1747647665865:,1747647681826
counter/5/0/0/0,21168:1747647666931:,1747647681826
counter/4/0/0/0,18815:1747647665766:,1747647681826
counter/7/0/0/0,19435:1747647665054:,1747647681826
counter/6/0/0/0,19348:1747647665865:,1747647681826
counter/5/0/0/0,21169:1747647666931:,1747647681826
counter/4/0/0/0,18816:1747647665766:,1747647681826
counter/7/0/0/0,19436:1747647665054:,1747647681826
counter/6/0/0/0,19349:1747647665865:,1747647681826
counter/5/0/0/0,21170:1747647666931:,1747647681826
counter/4/0/0/0,18817:1747647665766:,1747647681826
counter/7/0/0/0,19437:1747647665054:,1747647681826
counter/6/0/0/0,19350:1747647665865:,1747647681826
counter/5/0/0/0,21171:1747647666931:,1747647681826
counter/4/0/0/0,18818:1747647665766:,1747647681826
counter/7/0/0/0,19438:1747647665054:,1747647681826
counter/6/0/0/0,19351:1747647665865:,1747647681826
counter/5/0/0/0,21172:1747647666931:,1747647681826
counter/4/0/0/0,18819:1747647665766:,1747647681826
counter/7/0/0/0,19439:1747647665054:,1747647681826
counter/6/0/0/0,19352:1747647665865:,1747647681826
counter/5/0/0/0,21173:1747647666933:,1747647681826
counter/4/0/0/0,18820:1747647665779:,1747647681826
counter/7/0/0/0,19440:1747647665054:,1747647681826
counter/6/0/0/0,19353:1747647665865:,1747647681826
counter/5/0/0/0,21174:1747647666933:,1747647681826
counter/4/0/0/0,18821:1747647665779:,1747647681826
counter/7/0/0/0,19441:1747647665054:,1747647681826
counter/6/0/0/0,19354:1747647665865:,1747647681826
counter/5/0/0/0,21175:1747647666933:,1747647681826
counter/4/0/0/0,18822:1747647665779:,1747647681826
counter/7/0/0/0,19442:1747647665054:,1747647681826
counter/6/0/0/0,19355:1747647665865:,1747647681826
counter/5/0/0/0,21176:1747647666933:,1747647681826
counter/4/0/0/0,18823:1747647665779:,1747647681826
counter/7/0/0/0,19443:1747647665054:,1747647681826
counter/6/0/0/0,19356:1747647665865:,1747647681826
counter/5/0/0/0,21177:1747647666933:,1747647681826
counter/4/0/0/0,18824:1747647665779:,1747647681826
counter/7/0/0/0,19444:1747647665055:,1747647681826
counter/6/0/0/0,19357:1747647665865:,1747647681827
counter/5/0/0/0,21178:1747647666933:,1747647681827
counter/4/0/0/0,18825:1747647665779:,1747647681827
counter/10/0/0/0,19083:1747647664860:,1747647681827
counter/3/0/0/0,18231:1747647664932:,1747647681827
counter/7/0/0/0,19445:1747647665067:,1747647681827
counter/6/0/0/0,19358:1747647665865:,1747647681827
counter/5/0/0/0,21179:1747647666933:,1747647681827
counter/4/0/0/0,18826:1747647665780:,1747647681827
counter/2/0/0/0,24268:1747647670044:,1747647681827
counter/7/0/0/0,19446:1747647665068:,1747647681827
counter/6/0/0/0,19359:1747647665865:,1747647681827
counter/5/0/0/0,21180:1747647666934:,1747647681827
counter/4/0/0/0,18827:1747647665781:,1747647681827
counter/7/0/0/0,19447:1747647665068:,1747647681827
counter/6/0/0/0,19360:1747647665865:,1747647681827
counter/5/0/0/0,21181:1747647666934:,1747647681827
counter/4/0/0/0,18828:1747647665781:,1747647681827
counter/7/0/0/0,19448:1747647665068:,1747647681827
counter/6/0/0/0,19361:1747647665865:,1747647681827
counter/5/0/0/0,21182:1747647666934:,1747647681827
counter/4/0/0/0,18829:1747647665781:,1747647681827
counter/7/0/0/0,19449:1747647665068:,1747647681827
counter/6/0/0/0,19362:1747647665865:,1747647681827
counter/5/0/0/0,21183:1747647666934:,1747647681827
counter/4/0/0/0,18830:1747647665781:,1747647681827
counter/7/0/0/0,19450:1747647665068:,1747647681827
counter/6/0/0/0,19363:1747647665865:,1747647681827
counter/5/0/0/0,21184:1747647666934:,1747647681827
counter/4/0/0/0,18831:1747647665781:,1747647681827
counter/7/0/0/0,19451:1747647665068:,1747647681827
counter/6/0/0/0,19364:1747647665865:,1747647681827
counter/5/0/0/0,21185:1747647666938:,1747647681827
counter/4/0/0/0,18832:1747647665781:,1747647681827
counter/7/0/0/0,19452:1747647665068:,1747647681827
counter/6/0/0/0,19365:1747647665865:,1747647681827
counter/5/0/0/0,21186:1747647666938:,1747647681827
counter/4/0/0/0,18833:1747647665781:,1747647681827
counter/7/0/0/0,19453:1747647665068:,1747647681827
counter/6/0/0/0,19366:1747647665865:,1747647681827
counter/5/0/0/0,21187:1747647666938:,1747647681827
counter/4/0/0/0,18834:1747647665781:,1747647681827
counter/7/0/0/0,19454:1747647665068:,1747647681827
counter/6/0/0/0,19367:1747647665865:,1747647681827
counter/5/0/0/0,21188:1747647666938:,1747647681828
counter/4/0/0/0,18835:1747647665781:,1747647681828
counter/7/0/0/0,19455:1747647665068:,1747647681828
counter/6/0/0/0,19368:1747647665865:,1747647681828
counter/5/0/0/0,21189:1747647666938:,1747647681828
counter/4/0/0/0,18836:1747647665781:,1747647681828
counter/7/0/0/0,19456:1747647665068:,1747647681828
counter/6/0/0/0,19369:1747647665866:,1747647681828
counter/5/0/0/0,21190:1747647666939:,1747647681828
counter/4/0/0/0,18837:1747647665781:,1747647681828
counter/7/0/0/0,19457:1747647665068:,1747647681828
counter/6/0/0/0,19370:1747647665866:,1747647681828
counter/5/0/0/0,21191:1747647666939:,1747647681828
counter/4/0/0/0,18838:1747647665781:,1747647681828
counter/7/0/0/0,19458:1747647665069:,1747647681828
counter/6/0/0/0,19371:1747647665866:,1747647681828
counter/5/0/0/0,21192:1747647666939:,1747647681828
counter/4/0/0/0,18839:1747647665781:,1747647681828
counter/7/0/0/0,19459:1747647665069:,1747647681828
counter/6/0/0/0,19372:1747647665866:,1747647681828
counter/5/0/0/0,21193:1747647666939:,1747647681828
counter/4/0/0/0,18840:1747647665781:,1747647681828
counter/7/0/0/0,19460:1747647665069:,1747647681828
counter/6/0/0/0,19373:1747647665866:,1747647681828
counter/5/0/0/0,21194:1747647666939:,1747647681828
counter/4/0/0/0,18841:1747647665793:,1747647681828
counter/7/0/0/0,19461:1747647665069:,1747647681828
counter/6/0/0/0,19374:1747647665866:,1747647681828
counter/7/0/0/0,19462:1747647665069:,1747647681828
counter/6/0/0/0,19375:1747647665866:,1747647681828
counter/4/0/0/0,18842:1747647665794:,1747647681828
counter/10/0/0/0,19084:1747647664860:,1747647681828
counter/7/0/0/0,19463:1747647665075:,1747647681828
counter/6/0/0/0,19376:1747647665866:,1747647681828
counter/4/0/0/0,18843:1747647665794:,1747647681828
counter/7/0/0/0,19464:1747647665077:,1747647681828
counter/6/0/0/0,19377:1747647665877:,1747647681828
counter/4/0/0/0,18844:1747647665794:,1747647681828
counter/7/0/0/0,19465:1747647665077:,1747647681828
counter/6/0/0/0,19378:1747647665877:,1747647681828
counter/4/0/0/0,18845:1747647665794:,1747647681828
counter/7/0/0/0,19466:1747647665077:,1747647681828
counter/6/0/0/0,19379:1747647665877:,1747647681829
counter/4/0/0/0,18846:1747647665794:,1747647681829
counter/7/0/0/0,19467:1747647665077:,1747647681829
counter/6/0/0/0,19380:1747647665877:,1747647681829
counter/4/0/0/0,18847:1747647665794:,1747647681829
counter/7/0/0/0,19468:1747647665077:,1747647681829
counter/6/0/0/0,19381:1747647665877:,1747647681829
counter/4/0/0/0,18848:1747647665794:,1747647681829
counter/7/0/0/0,19469:1747647665077:,1747647681829
counter/6/0/0/0,19382:1747647665877:,1747647681829
counter/4/0/0/0,18849:1747647665794:,1747647681829
counter/7/0/0/0,19470:1747647665077:,1747647681829
counter/6/0/0/0,19383:1747647665877:,1747647681829
counter/4/0/0/0,18850:1747647665794:,1747647681829
counter/7/0/0/0,19471:1747647665077:,1747647681829
counter/6/0/0/0,19384:1747647665877:,1747647681829
counter/4/0/0/0,18851:1747647665794:,1747647681829
counter/7/0/0/0,19472:1747647665077:,1747647681829
counter/6/0/0/0,19385:1747647665877:,1747647681829
counter/4/0/0/0,18852:1747647665794:,1747647681829
counter/7/0/0/0,19473:1747647665077:,1747647681829
counter/6/0/0/0,19386:1747647665877:,1747647681829
counter/4/0/0/0,18853:1747647665794:,1747647681829
counter/7/0/0/0,19474:1747647665077:,1747647681829
counter/6/0/0/0,19387:1747647665881:,1747647681829
counter/4/0/0/0,18854:1747647665794:,1747647681829
counter/7/0/0/0,19475:1747647665077:,1747647681829
counter/6/0/0/0,19388:1747647665881:,1747647681829
counter/4/0/0/0,18855:1747647665794:,1747647681829
counter/7/0/0/0,19476:1747647665077:,1747647681829
counter/6/0/0/0,19389:1747647665881:,1747647681829
counter/4/0/0/0,18856:1747647665797:,1747647681829
counter/7/0/0/0,19477:1747647665077:,1747647681829
counter/6/0/0/0,19390:1747647665881:,1747647681829
counter/4/0/0/0,18857:1747647665797:,1747647681829
counter/7/0/0/0,19478:1747647665077:,1747647681829
counter/6/0/0/0,19391:1747647665881:,1747647681829
counter/4/0/0/0,18858:1747647665808:,1747647681829
counter/7/0/0/0,19479:1747647665077:,1747647681829
counter/6/0/0/0,19392:1747647665881:,1747647681829
counter/4/0/0/0,18859:1747647665808:,1747647681829
counter/7/0/0/0,19480:1747647665078:,1747647681829
counter/6/0/0/0,19393:1747647665881:,1747647681829
counter/4/0/0/0,18860:1747647665808:,1747647681829
counter/7/0/0/0,19481:1747647665078:,1747647681830
counter/6/0/0/0,19394:1747647665881:,1747647681830
counter/4/0/0/0,18861:1747647665808:,1747647681830
counter/7/0/0/0,19482:1747647665078:,1747647681830
counter/6/0/0/0,19395:1747647665881:,1747647681830
counter/4/0/0/0,18862:1747647665808:,1747647681830
counter/7/0/0/0,19483:1747647665078:,1747647681830
counter/6/0/0/0,19396:1747647665881:,1747647681830
counter/4/0/0/0,18863:1747647665808:,1747647681830
counter/7/0/0/0,19484:1747647665078:,1747647681830
counter/6/0/0/0,19397:1747647665881:,1747647681830
counter/4/0/0/0,18864:1747647665808:,1747647681830
counter/7/0/0/0,19485:1747647665078:,1747647681830
counter/6/0/0/0,19398:1747647665881:,1747647681830
counter/4/0/0/0,18865:1747647665813:,1747647681830
counter/7/0/0/0,19486:1747647665078:,1747647681830
counter/6/0/0/0,19399:1747647665881:,1747647681830
counter/4/0/0/0,18866:1747647665813:,1747647681830
counter/7/0/0/0,19487:1747647665078:,1747647681830
counter/6/0/0/0,19400:1747647665882:,1747647681830
counter/4/0/0/0,18867:1747647665813:,1747647681830
counter/7/0/0/0,19488:1747647665078:,1747647681830
counter/6/0/0/0,19401:1747647665882:,1747647681830
counter/4/0/0/0,18868:1747647665813:,1747647681830
counter/7/0/0/0,19489:1747647665078:,1747647681830
counter/6/0/0/0,19402:1747647665882:,1747647681830
counter/4/0/0/0,18869:1747647665813:,1747647681830
counter/7/0/0/0,19490:1747647665078:,1747647681830
counter/6/0/0/0,19403:1747647665882:,1747647681830
counter/4/0/0/0,18870:1747647665813:,1747647681830
counter/7/0/0/0,19491:1747647665084:,1747647681830
counter/6/0/0/0,19404:1747647665882:,1747647681830
counter/4/0/0/0,18871:1747647665813:,1747647681830
counter/7/0/0/0,19492:1747647665084:,1747647681830
counter/6/0/0/0,19405:1747647665890:,1747647681830
counter/4/0/0/0,18872:1747647665813:,1747647681830
counter/7/0/0/0,19493:1747647665084:,1747647681830
counter/6/0/0/0,19406:1747647665890:,1747647681830
counter/4/0/0/0,18873:1747647665813:,1747647681831
counter/7/0/0/0,19494:1747647665084:,1747647681831
counter/6/0/0/0,19407:1747647665890:,1747647681831
counter/4/0/0/0,18874:1747647665813:,1747647681831
counter/7/0/0/0,19495:1747647665084:,1747647681831
counter/6/0/0/0,19408:1747647665890:,1747647681831
counter/4/0/0/0,18875:1747647665816:,1747647681831
counter/7/0/0/0,19496:1747647665084:,1747647681831
counter/6/0/0/0,19409:1747647665890:,1747647681831
counter/4/0/0/0,18876:1747647665816:,1747647681831
counter/7/0/0/0,19497:1747647665084:,1747647681831
counter/6/0/0/0,19410:1747647665890:,1747647681831
counter/4/0/0/0,18877:1747647665821:,1747647681831
counter/7/0/0/0,19498:1747647665084:,1747647681831
counter/6/0/0/0,19411:1747647665890:,1747647681831
counter/4/0/0/0,18878:1747647665821:,1747647681831
counter/7/0/0/0,19499:1747647665084:,1747647681831
counter/6/0/0/0,19412:1747647665890:,1747647681831
counter/4/0/0/0,18879:1747647665821:,1747647681831
counter/7/0/0/0,19500:1747647665084:,1747647681831
counter/6/0/0/0,19413:1747647665890:,1747647681831
counter/4/0/0/0,18880:1747647665821:,1747647681831
counter/7/0/0/0,19501:1747647665092:,1747647681831
counter/6/0/0/0,19414:1747647665890:,1747647681831
counter/4/0/0/0,18881:1747647665821:,1747647681831
counter/7/0/0/0,19502:1747647665092:,1747647681831
counter/6/0/0/0,19415:1747647665890:,1747647681831
counter/7/0/0/0,19503:1747647665092:,1747647681831
counter/6/0/0/0,19416:1747647665890:,1747647681831
counter/7/0/0/0,19504:1747647665102:,1747647681831
counter/6/0/0/0,19417:1747647665890:,1747647681831
counter/7/0/0/0,19505:1747647665106:,1747647681831
counter/6/0/0/0,19418:1747647665890:,1747647681831
counter/7/0/0/0,19506:1747647665106:,1747647681831
counter/6/0/0/0,19419:1747647665890:,1747647681831
counter/7/0/0/0,19507:1747647665106:,1747647681831
counter/6/0/0/0,19420:1747647665890:,1747647681831
counter/7/0/0/0,19508:1747647665106:,1747647681831
counter/6/0/0/0,19421:1747647665890:,1747647681831
counter/7/0/0/0,19509:1747647665106:,1747647681831
counter/6/0/0/0,19422:1747647665891:,1747647681832
counter/7/0/0/0,19510:1747647665106:,1747647681832
counter/6/0/0/0,19423:1747647665891:,1747647681832
counter/9/0/0/0,24678:1747647668361:,1747647681832
counter/7/0/0/0,19511:1747647665106:,1747647681832
counter/6/0/0/0,19424:1747647665891:,1747647681832
counter/7/0/0/0,19512:1747647665106:,1747647681832
counter/6/0/0/0,19425:1747647665891:,1747647681832
counter/7/0/0/0,19513:1747647665107:,1747647681832
counter/6/0/0/0,19426:1747647665891:,1747647681832
counter/7/0/0/0,19514:1747647665107:,1747647681832
counter/6/0/0/0,19427:1747647665892:,1747647681832
counter/7/0/0/0,19515:1747647665107:,1747647681832
counter/6/0/0/0,19428:1747647665892:,1747647681832
counter/7/0/0/0,19516:1747647665107:,1747647681832
counter/6/0/0/0,19429:1747647665892:,1747647681832
counter/7/0/0/0,19517:1747647665107:,1747647681832
counter/6/0/0/0,19430:1747647665892:,1747647681832
counter/7/0/0/0,19518:1747647665107:,1747647681832
counter/6/0/0/0,19431:1747647665892:,1747647681832
counter/7/0/0/0,19519:1747647665107:,1747647681832
counter/6/0/0/0,19432:1747647665892:,1747647681832
counter/1/0/0/0,19440:1747647665807:,1747647681832
counter/7/0/0/0,19520:1747647665107:,1747647681832
counter/6/0/0/0,19433:1747647665892:,1747647681832
counter/9/0/0/0,24679:1747647668361:,1747647681832
counter/3/0/0/0,18232:1747647664932:,1747647681832
counter/2/0/0/0,24269:1747647670044:,1747647681832
counter/7/0/0/0,19521:1747647665113:,1747647681832
counter/6/0/0/0,19434:1747647665892:,1747647681832
counter/10/0/0/0,19085:1747647664860:,1747647681832
counter/4/0/0/0,18882:1747647665822:,1747647681832
counter/7/0/0/0,19522:1747647665113:,1747647681832
counter/6/0/0/0,19435:1747647665892:,1747647681832
counter/4/0/0/0,18883:1747647665822:,1747647681832
counter/7/0/0/0,19523:1747647665113:,1747647681833
counter/6/0/0/0,19436:1747647665892:,1747647681833
counter/4/0/0/0,18884:1747647665822:,1747647681833
counter/3/0/0/0,18233:1747647664937:,1747647681833
counter/7/0/0/0,19524:1747647665113:,1747647681833
counter/6/0/0/0,19437:1747647665892:,1747647681833
counter/4/0/0/0,18885:1747647665822:,1747647681833
counter/2/0/0/0,24270:1747647670044:,1747647681833
counter/10/0/0/0,19086:1747647664860:,1747647681833
counter/7/0/0/0,19525:1747647665113:,1747647681833
counter/6/0/0/0,19438:1747647665892:,1747647681833
counter/4/0/0/0,18886:1747647665822:,1747647681833
counter/10/0/0/0,19087:1747647664860:,1747647681833
counter/7/0/0/0,19526:1747647665113:,1747647681833
counter/6/0/0/0,19439:1747647665892:,1747647681833
counter/4/0/0/0,18887:1747647665822:,1747647681833
counter/10/0/0/0,19088:1747647664860:,1747647681833
counter/7/0/0/0,19527:1747647665113:,1747647681833
counter/6/0/0/0,19440:1747647665892:,1747647681833
counter/4/0/0/0,18888:1747647665822:,1747647681833
counter/10/0/0/0,19089:1747647664860:,1747647681833
counter/7/0/0/0,19528:1747647665113:,1747647681833
counter/6/0/0/0,19441:1747647665892:,1747647681833
counter/10/0/0/0,19090:1747647664860:,1747647681833
counter/3/0/0/0,18234:1747647664937:,1747647681833
counter/9/0/0/0,24680:1747647668361:,1747647681833
counter/7/0/0/0,19529:1747647665113:,1747647681833
counter/6/0/0/0,19442:1747647665894:,1747647681833
counter/10/0/0/0,19091:1747647664860:,1747647681833
counter/9/0/0/0,24681:1747647668361:,1747647681833
counter/7/0/0/0,19530:1747647665113:,1747647681833
counter/6/0/0/0,19443:1747647665894:,1747647681833
counter/10/0/0/0,19092:1747647664860:,1747647681833
counter/9/0/0/0,24682:1747647668361:,1747647681833
counter/7/0/0/0,19531:1747647665113:,1747647681833
counter/6/0/0/0,19444:1747647665894:,1747647681833
counter/10/0/0/0,19093:1747647664860:,1747647681833
counter/9/0/0/0,24683:1747647668361:,1747647681833
counter/7/0/0/0,19532:1747647665113:,1747647681833
counter/6/0/0/0,19445:1747647665894:,1747647681833
counter/10/0/0/0,19094:1747647664860:,1747647681833
counter/9/0/0/0,24684:1747647668361:,1747647681833
counter/7/0/0/0,19533:1747647665113:,1747647681834
counter/6/0/0/0,19446:1747647665894:,1747647681834
counter/10/0/0/0,19095:1747647664860:,1747647681834
counter/9/0/0/0,24685:1747647668361:,1747647681834
counter/7/0/0/0,19534:1747647665113:,1747647681834
counter/6/0/0/0,19447:1747647665894:,1747647681834
counter/10/0/0/0,19096:1747647664860:,1747647681834
counter/9/0/0/0,24686:1747647668361:,1747647681834
counter/4/0/0/0,18889:1747647665822:,1747647681834
counter/7/0/0/0,19535:1747647665113:,1747647681834
counter/6/0/0/0,19448:1747647665894:,1747647681834
counter/10/0/0/0,19097:1747647664860:,1747647681834
counter/9/0/0/0,24687:1747647668362:,1747647681834
counter/7/0/0/0,19536:1747647665113:,1747647681834
counter/6/0/0/0,19449:1747647665894:,1747647681834
counter/10/0/0/0,19098:1747647664860:,1747647681834
counter/9/0/0/0,24688:1747647668362:,1747647681834
counter/5/0/0/0,21195:1747647666939:,1747647681834
counter/7/0/0/0,19537:1747647665113:,1747647681834
counter/6/0/0/0,19450:1747647665894:,1747647681834
counter/10/0/0/0,19099:1747647664861:,1747647681834
counter/9/0/0/0,24689:1747647668362:,1747647681834
counter/5/0/0/0,21196:1747647666939:,1747647681834
counter/7/0/0/0,19538:1747647665113:,1747647681834
counter/6/0/0/0,19451:1747647665894:,1747647681834
counter/10/0/0/0,19100:1747647664861:,1747647681834
counter/9/0/0/0,24690:1747647668362:,1747647681834
counter/5/0/0/0,21197:1747647666941:,1747647681834
counter/7/0/0/0,19539:1747647665113:,1747647681834
counter/6/0/0/0,19452:1747647665894:,1747647681834
counter/9/0/0/0,24691:1747647668362:,1747647681834
counter/5/0/0/0,21198:1747647666941:,1747647681834
counter/7/0/0/0,19540:1747647665114:,1747647681834
counter/6/0/0/0,19453:1747647665894:,1747647681834
counter/9/0/0/0,24692:1747647668362:,1747647681834
counter/5/0/0/0,21199:1747647666941:,1747647681834
counter/7/0/0/0,19541:1747647665114:,1747647681834
counter/6/0/0/0,19454:1747647665896:,1747647681834
counter/9/0/0/0,24693:1747647668362:,1747647681834
counter/5/0/0/0,21200:1747647666941:,1747647681834
counter/7/0/0/0,19542:1747647665114:,1747647681835
counter/9/0/0/0,24694:1747647668362:,1747647681835
counter/5/0/0/0,21201:1747647666941:,1747647681835
counter/7/0/0/0,19543:1747647665114:,1747647681835
counter/9/0/0/0,24695:1747647668362:,1747647681835
counter/5/0/0/0,21202:1747647666941:,1747647681835
counter/7/0/0/0,19544:1747647665114:,1747647681835
counter/9/0/0/0,24696:1747647668362:,1747647681835
counter/5/0/0/0,21203:1747647666941:,1747647681835
counter/7/0/0/0,19545:1747647665114:,1747647681835
counter/9/0/0/0,24697:1747647668362:,1747647681835
counter/5/0/0/0,21204:1747647666941:,1747647681835
counter/7/0/0/0,19546:1747647665114:,1747647681835
counter/9/0/0/0,24698:1747647668362:,1747647681835
counter/5/0/0/0,21205:1747647666941:,1747647681835
counter/7/0/0/0,19547:1747647665114:,1747647681835
counter/9/0/0/0,24699:1747647668362:,1747647681835
counter/5/0/0/0,21206:1747647666942:,1747647681835
counter/7/0/0/0,19548:1747647665114:,1747647681835
counter/5/0/0/0,21207:1747647666942:,1747647681835
counter/7/0/0/0,19549:1747647665114:,1747647681835
counter/5/0/0/0,21208:1747647666942:,1747647681835
counter/7/0/0/0,19550:1747647665114:,1747647681835
counter/5/0/0/0,21209:1747647666942:,1747647681835
counter/7/0/0/0,19551:1747647665114:,1747647681835
counter/5/0/0/0,21210:1747647666942:,1747647681835
counter/6/0/0/0,19455:1747647665896:,1747647681835
counter/7/0/0/0,19552:1747647665114:,1747647681835
counter/5/0/0/0,21211:1747647666942:,1747647681835
counter/7/0/0/0,19553:1747647665114:,1747647681835
counter/5/0/0/0,21212:1747647666942:,1747647681835
counter/7/0/0/0,19554:1747647665114:,1747647681835
counter/5/0/0/0,21213:1747647666944:,1747647681835
counter/7/0/0/0,19555:1747647665114:,1747647681835
counter/5/0/0/0,21214:1747647666945:,1747647681835
counter/7/0/0/0,19556:1747647665114:,1747647681835
counter/5/0/0/0,21215:1747647666945:,1747647681835
counter/7/0/0/0,19557:1747647665114:,1747647681835
counter/5/0/0/0,21216:1747647666945:,1747647681836
counter/10/0/0/0,19101:1747647664861:,1747647681836
counter/7/0/0/0,19558:1747647665114:,1747647681836
counter/5/0/0/0,21217:1747647666945:,1747647681836
counter/4/0/0/0,18890:1747647665822:,1747647681836
counter/7/0/0/0,19559:1747647665114:,1747647681836
counter/5/0/0/0,21218:1747647666945:,1747647681836
counter/6/0/0/0,19456:1747647665897:,1747647681836
counter/3/0/0/0,18235:1747647664937:,1747647681836
counter/7/0/0/0,19560:1747647665115:,1747647681836
counter/5/0/0/0,21219:1747647666945:,1747647681836
counter/9/0/0/0,24700:1747647668362:,1747647681836
counter/7/0/0/0,19561:1747647665115:,1747647681836
counter/5/0/0/0,21220:1747647666945:,1747647681836
counter/7/0/0/0,19562:1747647665127:,1747647681836
counter/5/0/0/0,21221:1747647666945:,1747647681836
counter/7/0/0/0,19563:1747647665127:,1747647681836
counter/5/0/0/0,21222:1747647666945:,1747647681836
counter/7/0/0/0,19564:1747647665128:,1747647681836
counter/5/0/0/0,21223:1747647666948:,1747647681836
counter/7/0/0/0,19565:1747647665134:,1747647681836
counter/5/0/0/0,21224:1747647666948:,1747647681836
counter/7/0/0/0,19566:1747647665134:,1747647681836
counter/5/0/0/0,21225:1747647666948:,1747647681836
counter/7/0/0/0,19567:1747647665134:,1747647681836
counter/5/0/0/0,21226:1747647666948:,1747647681836
counter/7/0/0/0,19568:1747647665134:,1747647681836
counter/5/0/0/0,21227:1747647666948:,1747647681836
counter/7/0/0/0,19569:1747647665134:,1747647681836
counter/5/0/0/0,21228:1747647666948:,1747647681836
counter/7/0/0/0,19570:1747647665134:,1747647681836
counter/5/0/0/0,21229:1747647666948:,1747647681836
counter/7/0/0/0,19571:1747647665134:,1747647681836
counter/5/0/0/0,21230:1747647666948:,1747647681836
counter/4/0/0/0,18891:1747647665822:,1747647681836
counter/7/0/0/0,19572:1747647665135:,1747647681836
counter/5/0/0/0,21231:1747647666948:,1747647681836
counter/3/0/0/0,18236:1747647664945:,1747647681836
counter/2/0/0/0,24271:1747647670044:,1747647681837
counter/7/0/0/0,19573:1747647665135:,1747647681837
counter/5/0/0/0,21232:1747647666948:,1747647681837
counter/7/0/0/0,19574:1747647665135:,1747647681837
counter/5/0/0/0,21233:1747647666948:,1747647681837
counter/7/0/0/0,19575:1747647665135:,1747647681837
counter/5/0/0/0,21234:1747647666948:,1747647681837
counter/7/0/0/0,19576:1747647665135:,1747647681837
counter/5/0/0/0,21235:1747647666948:,1747647681837
counter/7/0/0/0,19577:1747647665135:,1747647681837
counter/5/0/0/0,21236:1747647666950:,1747647681837
counter/7/0/0/0,19578:1747647665135:,1747647681837
counter/5/0/0/0,21237:1747647666950:,1747647681837
counter/7/0/0/0,19579:1747647665135:,1747647681837
counter/5/0/0/0,21238:1747647666950:,1747647681837
counter/7/0/0/0,19580:1747647665135:,1747647681837
counter/5/0/0/0,21239:1747647666953:,1747647681837
counter/7/0/0/0,19581:1747647665143:,1747647681837
counter/5/0/0/0,21240:1747647666953:,1747647681837
counter/7/0/0/0,19582:1747647665143:,1747647681837
counter/5/0/0/0,21241:1747647666953:,1747647681837
counter/7/0/0/0,19583:1747647665143:,1747647681837
counter/5/0/0/0,21242:1747647666953:,1747647681837
counter/7/0/0/0,19584:1747647665143:,1747647681837
counter/5/0/0/0,21243:1747647666953:,1747647681837
counter/7/0/0/0,19585:1747647665143:,1747647681837
counter/5/0/0/0,21244:1747647666953:,1747647681837
counter/7/0/0/0,19586:1747647665143:,1747647681837
counter/5/0/0/0,21245:1747647666953:,1747647681837
counter/7/0/0/0,19587:1747647665143:,1747647681837
counter/5/0/0/0,21246:1747647666953:,1747647681837
counter/7/0/0/0,19588:1747647665143:,1747647681837
counter/5/0/0/0,21247:1747647666953:,1747647681837
counter/7/0/0/0,19589:1747647665143:,1747647681837
counter/5/0/0/0,21248:1747647666953:,1747647681837
counter/7/0/0/0,19590:1747647665143:,1747647681837
counter/5/0/0/0,21249:1747647666953:,1747647681837
counter/7/0/0/0,19591:1747647665143:,1747647681837
counter/5/0/0/0,21250:1747647666953:,1747647681837
counter/7/0/0/0,19592:1747647665143:,1747647681838
counter/5/0/0/0,21251:1747647666973:,1747647681838
counter/7/0/0/0,19593:1747647665143:,1747647681838
counter/5/0/0/0,21252:1747647666973:,1747647681838
counter/7/0/0/0,19594:1747647665143:,1747647681838
counter/5/0/0/0,21253:1747647666973:,1747647681838
counter/7/0/0/0,19595:1747647665144:,1747647681838
counter/5/0/0/0,21254:1747647666973:,1747647681838
counter/7/0/0/0,19596:1747647665144:,1747647681838
counter/5/0/0/0,21255:1747647666973:,1747647681838
counter/7/0/0/0,19597:1747647665144:,1747647681838
counter/5/0/0/0,21256:1747647666973:,1747647681838
counter/7/0/0/0,19598:1747647665145:,1747647681838
counter/5/0/0/0,21257:1747647666974:,1747647681838
counter/7/0/0/0,19599:1747647665145:,1747647681838
counter/5/0/0/0,21258:1747647666974:,1747647681838
counter/7/0/0/0,19600:1747647665145:,1747647681838
counter/5/0/0/0,21259:1747647666974:,1747647681838
counter/7/0/0/0,19601:1747647665145:,1747647681838
counter/5/0/0/0,21260:1747647666976:,1747647681838
counter/7/0/0/0,19602:1747647665168:,1747647681838
counter/5/0/0/0,21261:1747647666976:,1747647681838
counter/7/0/0/0,19603:1747647665168:,1747647681838
counter/5/0/0/0,21262:1747647666976:,1747647681838
counter/7/0/0/0,19604:1747647665168:,1747647681838
counter/5/0/0/0,21263:1747647666976:,1747647681838
counter/7/0/0/0,19605:1747647665168:,1747647681838
counter/5/0/0/0,21264:1747647666977:,1747647681838
counter/7/0/0/0,19606:1747647665168:,1747647681838
counter/5/0/0/0,21265:1747647666977:,1747647681838
counter/7/0/0/0,19607:1747647665168:,1747647681838
counter/5/0/0/0,21266:1747647666977:,1747647681838
counter/1/0/0/0,19441:1747647665807:,1747647681838
counter/7/0/0/0,19608:1747647665168:,1747647681838
counter/5/0/0/0,21267:1747647666977:,1747647681838
counter/6/0/0/0,19457:1747647665903:,1747647681838
counter/4/0/0/0,18892:1747647665822:,1747647681838
counter/7/0/0/0,19609:1747647665168:,1747647681838
counter/5/0/0/0,21268:1747647666977:,1747647681838
counter/10/0/0/0,19102:1747647664866:,1747647681839
counter/3/0/0/0,18237:1747647664951:,1747647681839
counter/7/0/0/0,19610:1747647665169:,1747647681839
counter/5/0/0/0,21269:1747647666977:,1747647681839
counter/2/0/0/0,24272:1747647670044:,1747647681839
counter/7/0/0/0,19611:1747647665169:,1747647681839
counter/5/0/0/0,21270:1747647666977:,1747647681839
counter/2/0/0/0,24273:1747647670044:,1747647681839
counter/7/0/0/0,19612:1747647665169:,1747647681839
counter/5/0/0/0,21271:1747647666977:,1747647681839
counter/2/0/0/0,24274:1747647670044:,1747647681839
counter/7/0/0/0,19613:1747647665169:,1747647681839
counter/5/0/0/0,21272:1747647666977:,1747647681839
counter/2/0/0/0,24275:1747647670044:,1747647681839
counter/7/0/0/0,19614:1747647665169:,1747647681839
counter/5/0/0/0,21273:1747647666977:,1747647681839
counter/2/0/0/0,24276:1747647670045:,1747647681839
counter/7/0/0/0,19615:1747647665169:,1747647681839
counter/5/0/0/0,21274:1747647666977:,1747647681839
counter/2/0/0/0,24277:1747647670045:,1747647681839
counter/7/0/0/0,19616:1747647665169:,1747647681839
counter/5/0/0/0,21275:1747647666977:,1747647681839
counter/2/0/0/0,24278:1747647670045:,1747647681839
counter/7/0/0/0,19617:1747647665169:,1747647681839
counter/5/0/0/0,21276:1747647666980:,1747647681839
counter/2/0/0/0,24279:1747647670047:,1747647681839
counter/7/0/0/0,19618:1747647665169:,1747647681839
counter/5/0/0/0,21277:1747647666980:,1747647681839
counter/2/0/0/0,24280:1747647670047:,1747647681839
counter/7/0/0/0,19619:1747647665169:,1747647681839
counter/5/0/0/0,21278:1747647666980:,1747647681839
counter/2/0/0/0,24281:1747647670047:,1747647681839
counter/7/0/0/0,19620:1747647665169:,1747647681839
counter/5/0/0/0,21279:1747647666980:,1747647681839
counter/2/0/0/0,24282:1747647670047:,1747647681839
counter/7/0/0/0,19621:1747647665169:,1747647681839
counter/5/0/0/0,21280:1747647666980:,1747647681839
counter/2/0/0/0,24283:1747647670047:,1747647681839
counter/7/0/0/0,19622:1747647665169:,1747647681839
counter/5/0/0/0,21281:1747647666980:,1747647681840
counter/2/0/0/0,24284:1747647670047:,1747647681840
counter/7/0/0/0,19623:1747647665169:,1747647681840
counter/5/0/0/0,21282:1747647666980:,1747647681840
counter/2/0/0/0,24285:1747647670047:,1747647681840
counter/7/0/0/0,19624:1747647665169:,1747647681840
counter/5/0/0/0,21283:1747647666980:,1747647681840
counter/2/0/0/0,24286:1747647670047:,1747647681840
counter/7/0/0/0,19625:1747647665169:,1747647681840
counter/5/0/0/0,21284:1747647666980:,1747647681840
counter/2/0/0/0,24287:1747647670047:,1747647681840
counter/7/0/0/0,19626:1747647665173:,1747647681840
counter/5/0/0/0,21285:1747647666980:,1747647681840
counter/2/0/0/0,24288:1747647670047:,1747647681840
counter/7/0/0/0,19627:1747647665176:,1747647681840
counter/5/0/0/0,21286:1747647666980:,1747647681840
counter/2/0/0/0,24289:1747647670047:,1747647681840
counter/7/0/0/0,19628:1747647665176:,1747647681840
counter/5/0/0/0,21287:1747647666981:,1747647681840
counter/2/0/0/0,24290:1747647670047:,1747647681840
counter/7/0/0/0,19629:1747647665176:,1747647681840
counter/5/0/0/0,21288:1747647666981:,1747647681840
counter/2/0/0/0,24291:1747647670047:,1747647681840
counter/7/0/0/0,19630:1747647665176:,1747647681840
counter/5/0/0/0,21289:1747647666981:,1747647681840
counter/2/0/0/0,24292:1747647670049:,1747647681840
counter/7/0/0/0,19631:1747647665176:,1747647681840
counter/5/0/0/0,21290:1747647666981:,1747647681840
counter/2/0/0/0,24293:1747647670060:,1747647681840
counter/7/0/0/0,19632:1747647665176:,1747647681840
counter/5/0/0/0,21291:1747647666981:,1747647681840
counter/2/0/0/0,24294:1747647670060:,1747647681840
counter/7/0/0/0,19633:1747647665176:,1747647681840
counter/5/0/0/0,21292:1747647666981:,1747647681840
counter/2/0/0/0,24295:1747647670060:,1747647681840
counter/7/0/0/0,19634:1747647665176:,1747647681840
counter/5/0/0/0,21293:1747647666981:,1747647681840
counter/2/0/0/0,24296:1747647670060:,1747647681840
counter/7/0/0/0,19635:1747647665176:,1747647681840
counter/5/0/0/0,21294:1747647666981:,1747647681840
counter/2/0/0/0,24297:1747647670060:,1747647681841
counter/6/0/0/0,19458:1747647665903:,1747647681841
counter/7/0/0/0,19636:1747647665176:,1747647681841
counter/5/0/0/0,21295:1747647666981:,1747647681841
counter/2/0/0/0,24298:1747647670060:,1747647681841
counter/4/0/0/0,18893:1747647665843:,1747647681841
counter/10/0/0/0,19103:1747647664867:,1747647681841
counter/3/0/0/0,18238:1747647664951:,1747647681841
counter/7/0/0/0,19637:1747647665177:,1747647681841
counter/5/0/0/0,21296:1747647666981:,1747647681841
counter/2/0/0/0,24299:1747647670060:,1747647681841
counter/7/0/0/0,19638:1747647665177:,1747647681841
counter/5/0/0/0,21297:1747647666981:,1747647681841
counter/2/0/0/0,24300:1747647670060:,1747647681841
counter/7/0/0/0,19639:1747647665177:,1747647681841
counter/5/0/0/0,21298:1747647666981:,1747647681841
counter/2/0/0/0,24301:1747647670060:,1747647681841
counter/7/0/0/0,19640:1747647665177:,1747647681841
counter/5/0/0/0,21299:1747647666981:,1747647681841
counter/2/0/0/0,24302:1747647670061:,1747647681841
counter/7/0/0/0,19641:1747647665177:,1747647681841
counter/5/0/0/0,21300:1747647666981:,1747647681841
counter/2/0/0/0,24303:1747647670061:,1747647681841
counter/7/0/0/0,19642:1747647665177:,1747647681841
counter/5/0/0/0,21301:1747647666984:,1747647681841
counter/2/0/0/0,24304:1747647670061:,1747647681841
counter/7/0/0/0,19643:1747647665177:,1747647681841
counter/5/0/0/0,21302:1747647666984:,1747647681841
counter/2/0/0/0,24305:1747647670061:,1747647681841
counter/7/0/0/0,19644:1747647665177:,1747647681841
counter/5/0/0/0,21303:1747647666985:,1747647681841
counter/2/0/0/0,24306:1747647670061:,1747647681841
counter/7/0/0/0,19645:1747647665177:,1747647681841
counter/5/0/0/0,21304:1747647666985:,1747647681841
counter/2/0/0/0,24307:1747647670061:,1747647681841
counter/7/0/0/0,19646:1747647665177:,1747647681841
counter/5/0/0/0,21305:1747647666985:,1747647681841
counter/2/0/0/0,24308:1747647670061:,1747647681841
counter/7/0/0/0,19647:1747647665177:,1747647681841
counter/5/0/0/0,21306:1747647666985:,1747647681841
counter/2/0/0/0,24309:1747647670061:,1747647681841
counter/7/0/0/0,19648:1747647665177:,1747647681841
counter/5/0/0/0,21307:1747647666985:,1747647681841
counter/2/0/0/0,24310:1747647670061:,1747647681842
counter/7/0/0/0,19649:1747647665178:,1747647681842
counter/5/0/0/0,21308:1747647666985:,1747647681842
counter/2/0/0/0,24311:1747647670063:,1747647681842
counter/7/0/0/0,19650:1747647665178:,1747647681842
counter/5/0/0/0,21309:1747647666985:,1747647681842
counter/2/0/0/0,24312:1747647670063:,1747647681842
counter/7/0/0/0,19651:1747647665179:,1747647681842
counter/5/0/0/0,21310:1747647666985:,1747647681842
counter/2/0/0/0,24313:1747647670063:,1747647681842
counter/7/0/0/0,19652:1747647665179:,1747647681842
counter/5/0/0/0,21311:1747647666985:,1747647681842
counter/2/0/0/0,24314:1747647670063:,1747647681842
counter/7/0/0/0,19653:1747647665179:,1747647681842
counter/5/0/0/0,21312:1747647666985:,1747647681842
counter/2/0/0/0,24315:1747647670063:,1747647681842
counter/4/0/0/0,18894:1747647665848:,1747647681842
counter/7/0/0/0,19654:1747647665179:,1747647681842
counter/2/0/0/0,24316:1747647670063:,1747647681842
counter/10/0/0/0,19104:1747647664867:,1747647681842
counter/7/0/0/0,19655:1747647665179:,1747647681842
counter/2/0/0/0,24317:1747647670063:,1747647681842
counter/7/0/0/0,19656:1747647665179:,1747647681842
counter/2/0/0/0,24318:1747647670063:,1747647681842
counter/7/0/0/0,19657:1747647665179:,1747647681842
counter/2/0/0/0,24319:1747647670064:,1747647681842
counter/7/0/0/0,19658:1747647665179:,1747647681842
counter/2/0/0/0,24320:1747647670064:,1747647681842
counter/7/0/0/0,19659:1747647665181:,1747647681842
counter/2/0/0/0,24321:1747647670067:,1747647681842
counter/7/0/0/0,19660:1747647665181:,1747647681842
counter/2/0/0/0,24322:1747647670068:,1747647681842
counter/7/0/0/0,19661:1747647665181:,1747647681842
counter/2/0/0/0,24323:1747647670068:,1747647681842
counter/7/0/0/0,19662:1747647665181:,1747647681842
counter/2/0/0/0,24324:1747647670068:,1747647681842
counter/7/0/0/0,19663:1747647665181:,1747647681842
counter/2/0/0/0,24325:1747647670068:,1747647681843
counter/7/0/0/0,19664:1747647665181:,1747647681843
counter/2/0/0/0,24326:1747647670068:,1747647681843
counter/7/0/0/0,19665:1747647665181:,1747647681843
counter/2/0/0/0,24327:1747647670068:,1747647681843
counter/7/0/0/0,19666:1747647665181:,1747647681843
counter/2/0/0/0,24328:1747647670068:,1747647681843
counter/7/0/0/0,19667:1747647665181:,1747647681843
counter/2/0/0/0,24329:1747647670068:,1747647681843
counter/7/0/0/0,19668:1747647665181:,1747647681843
counter/2/0/0/0,24330:1747647670071:,1747647681843
counter/7/0/0/0,19669:1747647665181:,1747647681843
counter/2/0/0/0,24331:1747647670080:,1747647681843
counter/7/0/0/0,19670:1747647665181:,1747647681843
counter/2/0/0/0,24332:1747647670080:,1747647681843
counter/7/0/0/0,19671:1747647665181:,1747647681843
counter/2/0/0/0,24333:1747647670081:,1747647681843
counter/7/0/0/0,19672:1747647665181:,1747647681843
counter/2/0/0/0,24334:1747647670081:,1747647681843
counter/7/0/0/0,19673:1747647665181:,1747647681843
counter/2/0/0/0,24335:1747647670081:,1747647681843
counter/7/0/0/0,19674:1747647665181:,1747647681843
counter/2/0/0/0,24336:1747647670081:,1747647681843
counter/7/0/0/0,19675:1747647665181:,1747647681843
counter/2/0/0/0,24337:1747647670081:,1747647681843
counter/7/0/0/0,19676:1747647665182:,1747647681843
counter/2/0/0/0,24338:1747647670081:,1747647681843
counter/7/0/0/0,19677:1747647665182:,1747647681843
counter/2/0/0/0,24339:1747647670081:,1747647681843
counter/7/0/0/0,19678:1747647665182:,1747647681843
counter/2/0/0/0,24340:1747647670081:,1747647681843
counter/7/0/0/0,19679:1747647665189:,1747647681843
counter/7/0/0/0,19680:1747647665190:,1747647681843
counter/7/0/0/0,19681:1747647665190:,1747647681843
counter/7/0/0/0,19682:1747647665190:,1747647681843
counter/7/0/0/0,19683:1747647665190:,1747647681843
counter/7/0/0/0,19684:1747647665190:,1747647681843
counter/7/0/0/0,19685:1747647665190:,1747647681843
counter/7/0/0/0,19686:1747647665190:,1747647681843
counter/7/0/0/0,19687:1747647665190:,1747647681844
counter/7/0/0/0,19688:1747647665190:,1747647681844
counter/7/0/0/0,19689:1747647665190:,1747647681844
counter/7/0/0/0,19690:1747647665190:,1747647681844
counter/7/0/0/0,19691:1747647665190:,1747647681844
counter/7/0/0/0,19692:1747647665190:,1747647681844
counter/7/0/0/0,19693:1747647665190:,1747647681844
counter/7/0/0/0,19694:1747647665190:,1747647681844
counter/1/0/0/0,19442:1747647665807:,1747647681844
counter/7/0/0/0,19695:1747647665190:,1747647681844
counter/7/0/0/0,19696:1747647665190:,1747647681844
counter/7/0/0/0,19697:1747647665190:,1747647681844
counter/7/0/0/0,19698:1747647665190:,1747647681844
counter/9/0/0/0,24701:1747647668362:,1747647681844
counter/7/0/0/0,19699:1747647665190:,1747647681844
counter/4/0/0/0,18895:1747647665848:,1747647681844
counter/7/0/0/0,19700:1747647665190:,1747647681844
counter/2/0/0/0,24341:1747647670081:,1747647681844
counter/7/0/0/0,19701:1747647665190:,1747647681844
counter/3/0/0/0,18239:1747647664951:,1747647681844
counter/7/0/0/0,19702:1747647665190:,1747647681844
counter/6/0/0/0,19459:1747647665903:,1747647681844
counter/7/0/0/0,19703:1747647665190:,1747647681844
counter/7/0/0/0,19704:1747647665191:,1747647681844
counter/7/0/0/0,19705:1747647665191:,1747647681844
counter/7/0/0/0,19706:1747647665191:,1747647681844
counter/7/0/0/0,19707:1747647665191:,1747647681844
counter/7/0/0/0,19708:1747647665191:,1747647681844
counter/7/0/0/0,19709:1747647665191:,1747647681844
counter/7/0/0/0,19710:1747647665191:,1747647681844
counter/7/0/0/0,19711:1747647665191:,1747647681844
counter/7/0/0/0,19712:1747647665191:,1747647681844
counter/7/0/0/0,19713:1747647665191:,1747647681844
counter/7/0/0/0,19714:1747647665191:,1747647681844
counter/7/0/0/0,19715:1747647665191:,1747647681844
counter/7/0/0/0,19716:1747647665191:,1747647681844
counter/7/0/0/0,19717:1747647665191:,1747647681844
counter/7/0/0/0,19718:1747647665191:,1747647681844
counter/7/0/0/0,19719:1747647665191:,1747647681844
counter/7/0/0/0,19720:1747647665191:,1747647681844
counter/7/0/0/0,19721:1747647665193:,1747647681844
counter/7/0/0/0,19722:1747647665219:,1747647681844
counter/1/0/0/0,19443:1747647665807:,1747647681844
counter/7/0/0/0,19723:1747647665219:,1747647681845
counter/7/0/0/0,19724:1747647665219:,1747647681845
counter/1/0/0/0,19444:1747647665807:,1747647681845
counter/7/0/0/0,19725:1747647665219:,1747647681845
counter/5/0/0/0,21313:1747647666986:,1747647681845
counter/7/0/0/0,19726:1747647665219:,1747647681845
counter/2/0/0/0,24342:1747647670087:,1747647681845
counter/7/0/0/0,19727:1747647665219:,1747647681845
counter/3/0/0/0,18240:1747647664951:,1747647681845
counter/7/0/0/0,19728:1747647665219:,1747647681845
counter/10/0/0/0,19105:1747647664867:,1747647681845
counter/7/0/0/0,19729:1747647665219:,1747647681845
counter/6/0/0/0,19460:1747647665903:,1747647681845
counter/7/0/0/0,19730:1747647665219:,1747647681845
counter/6/0/0/0,19461:1747647665903:,1747647681845
counter/7/0/0/0,19731:1747647665219:,1747647681845
counter/6/0/0/0,19462:1747647665903:,1747647681845
counter/7/0/0/0,19732:1747647665219:,1747647681845
counter/6/0/0/0,19463:1747647665903:,1747647681845
counter/7/0/0/0,19733:1747647665219:,1747647681845
counter/6/0/0/0,19464:1747647665903:,1747647681845
counter/7/0/0/0,19734:1747647665220:,1747647681845
counter/6/0/0/0,19465:1747647665903:,1747647681845
counter/7/0/0/0,19735:1747647665220:,1747647681845
counter/6/0/0/0,19466:1747647665903:,1747647681845
counter/7/0/0/0,19736:1747647665220:,1747647681845
counter/6/0/0/0,19467:1747647665903:,1747647681845
counter/7/0/0/0,19737:1747647665220:,1747647681845
counter/6/0/0/0,19468:1747647665903:,1747647681845
counter/7/0/0/0,19738:1747647665220:,1747647681845
counter/6/0/0/0,19469:1747647665903:,1747647681845
counter/7/0/0/0,19739:1747647665220:,1747647681845
counter/6/0/0/0,19470:1747647665903:,1747647681845
counter/4/0/0/0,18896:1747647665848:,1747647681845
counter/7/0/0/0,19740:1747647665220:,1747647681845
counter/6/0/0/0,19471:1747647665903:,1747647681845
counter/5/0/0/0,21314:1747647666986:,1747647681846
counter/7/0/0/0,19741:1747647665220:,1747647681846
counter/6/0/0/0,19472:1747647665903:,1747647681846
counter/3/0/0/0,18241:1747647664952:,1747647681846
counter/7/0/0/0,19742:1747647665220:,1747647681846
counter/6/0/0/0,19473:1747647665903:,1747647681846
counter/7/0/0/0,19743:1747647665220:,1747647681846
counter/6/0/0/0,19474:1747647665903:,1747647681846
counter/7/0/0/0,19744:1747647665220:,1747647681846
counter/6/0/0/0,19475:1747647665903:,1747647681846
counter/5/0/0/0,21315:1747647666986:,1747647681846
counter/7/0/0/0,19745:1747647665220:,1747647681846
counter/6/0/0/0,19476:1747647665903:,1747647681846
counter/3/0/0/0,18242:1747647664952:,1747647681846
counter/7/0/0/0,19746:1747647665222:,1747647681846
counter/6/0/0/0,19477:1747647665903:,1747647681846
counter/10/0/0/0,19106:1747647664867:,1747647681846
counter/9/0/0/0,24702:1747647668362:,1747647681846
counter/7/0/0/0,19747:1747647665222:,1747647681846
counter/6/0/0/0,19478:1747647665903:,1747647681846
counter/1/0/0/0,19445:1747647665807:,1747647681846
counter/7/0/0/0,19748:1747647665222:,1747647681846
counter/6/0/0/0,19479:1747647665903:,1747647681846
counter/7/0/0/0,19749:1747647665222:,1747647681846
counter/6/0/0/0,19480:1747647665903:,1747647681846
counter/7/0/0/0,19750:1747647665222:,1747647681846
counter/6/0/0/0,19481:1747647665903:,1747647681846
counter/7/0/0/0,19751:1747647665222:,1747647681846
counter/6/0/0/0,19482:1747647665903:,1747647681846
counter/7/0/0/0,19752:1747647665222:,1747647681846
counter/6/0/0/0,19483:1747647665903:,1747647681846
counter/7/0/0/0,19753:1747647665222:,1747647681846
counter/6/0/0/0,19484:1747647665903:,1747647681846
counter/7/0/0/0,19754:1747647665222:,1747647681846
counter/6/0/0/0,19485:1747647665903:,1747647681846
counter/7/0/0/0,19755:1747647665222:,1747647681846
counter/6/0/0/0,19486:1747647665903:,1747647681846
counter/7/0/0/0,19756:1747647665222:,1747647681846
counter/6/0/0/0,19487:1747647665903:,1747647681846
counter/7/0/0/0,19757:1747647665222:,1747647681847
counter/6/0/0/0,19488:1747647665903:,1747647681847
counter/7/0/0/0,19758:1747647665222:,1747647681847
counter/6/0/0/0,19489:1747647665903:,1747647681847
counter/5/0/0/0,21316:1747647666986:,1747647681847
counter/7/0/0/0,19759:1747647665222:,1747647681847
counter/6/0/0/0,19490:1747647665903:,1747647681847
counter/7/0/0/0,19760:1747647665222:,1747647681847
counter/6/0/0/0,19491:1747647665903:,1747647681847
counter/7/0/0/0,19761:1747647665222:,1747647681847
counter/6/0/0/0,19492:1747647665903:,1747647681847
counter/7/0/0/0,19762:1747647665222:,1747647681847
counter/6/0/0/0,19493:1747647665903:,1747647681847
counter/7/0/0/0,19763:1747647665222:,1747647681847
counter/6/0/0/0,19494:1747647665904:,1747647681847
counter/7/0/0/0,19764:1747647665222:,1747647681847
counter/6/0/0/0,19495:1747647665904:,1747647681847
counter/7/0/0/0,19765:1747647665222:,1747647681847
counter/6/0/0/0,19496:1747647665904:,1747647681847
counter/7/0/0/0,19766:1747647665222:,1747647681847
counter/6/0/0/0,19497:1747647665904:,1747647681847
counter/7/0/0/0,19767:1747647665222:,1747647681847
counter/6/0/0/0,19498:1747647665904:,1747647681847
counter/7/0/0/0,19768:1747647665223:,1747647681847
counter/6/0/0/0,19499:1747647665904:,1747647681847
counter/6/0/0/0,19500:1747647665904:,1747647681847
counter/6/0/0/0,19501:1747647665904:,1747647681847
counter/6/0/0/0,19502:1747647665904:,1747647681847
counter/6/0/0/0,19503:1747647665904:,1747647681847
counter/6/0/0/0,19504:1747647665904:,1747647681847
counter/6/0/0/0,19505:1747647665904:,1747647681847
counter/6/0/0/0,19506:1747647665904:,1747647681847
counter/6/0/0/0,19507:1747647665904:,1747647681847
counter/6/0/0/0,19508:1747647665904:,1747647681847
counter/6/0/0/0,19509:1747647665904:,1747647681847
counter/6/0/0/0,19510:1747647665904:,1747647681847
counter/6/0/0/0,19511:1747647665904:,1747647681847
counter/6/0/0/0,19512:1747647665911:,1747647681847
counter/6/0/0/0,19513:1747647665911:,1747647681847
counter/5/0/0/0,21317:1747647666986:,1747647681848
counter/6/0/0/0,19514:1747647665911:,1747647681848
counter/1/0/0/0,19446:1747647665807:,1747647681848
counter/6/0/0/0,19515:1747647665911:,1747647681848
counter/6/0/0/0,19516:1747647665911:,1747647681848
counter/6/0/0/0,19517:1747647665911:,1747647681848
counter/6/0/0/0,19518:1747647665911:,1747647681848
counter/6/0/0/0,19519:1747647665916:,1747647681848
counter/10/0/0/0,19107:1747647664867:,1747647681848
counter/6/0/0/0,19520:1747647665916:,1747647681848
counter/9/0/0/0,24703:1747647668362:,1747647681848
counter/6/0/0/0,19521:1747647665916:,1747647681848
counter/6/0/0/0,19522:1747647665916:,1747647681848
counter/6/0/0/0,19523:1747647665916:,1747647681848
counter/6/0/0/0,19524:1747647665916:,1747647681848
counter/6/0/0/0,19525:1747647665916:,1747647681848
counter/6/0/0/0,19526:1747647665916:,1747647681848
counter/6/0/0/0,19527:1747647665928:,1747647681848
counter/6/0/0/0,19528:1747647665928:,1747647681848
counter/6/0/0/0,19529:1747647665928:,1747647681848
counter/6/0/0/0,19530:1747647665928:,1747647681848
counter/6/0/0/0,19531:1747647665928:,1747647681848
counter/6/0/0/0,19532:1747647665928:,1747647681848
counter/6/0/0/0,19533:1747647665928:,1747647681848
counter/6/0/0/0,19534:1747647665928:,1747647681848
counter/6/0/0/0,19535:1747647665937:,1747647681848
counter/6/0/0/0,19536:1747647665937:,1747647681848
counter/6/0/0/0,19537:1747647665937:,1747647681848
counter/6/0/0/0,19538:1747647665937:,1747647681848
counter/6/0/0/0,19539:1747647665937:,1747647681848
counter/6/0/0/0,19540:1747647665937:,1747647681848
counter/6/0/0/0,19541:1747647665937:,1747647681848
counter/6/0/0/0,19542:1747647665937:,1747647681848
counter/6/0/0/0,19543:1747647665937:,1747647681848
counter/6/0/0/0,19544:1747647665939:,1747647681848
counter/4/0/0/0,18897:1747647665848:,1747647681848
counter/10/0/0/0,19108:1747647664867:,1747647681848
counter/5/0/0/0,21318:1747647666986:,1747647681848
counter/5/0/0/0,21319:1747647666986:,1747647681849
counter/5/0/0/0,21320:1747647666997:,1747647681849
counter/6/0/0/0,19545:1747647665939:,1747647681849
counter/6/0/0/0,19546:1747647665939:,1747647681849
counter/6/0/0/0,19547:1747647665939:,1747647681849
counter/6/0/0/0,19548:1747647665939:,1747647681849
counter/6/0/0/0,19549:1747647665942:,1747647681849
counter/6/0/0/0,19550:1747647665949:,1747647681849
counter/6/0/0/0,19551:1747647665949:,1747647681849
counter/6/0/0/0,19552:1747647665949:,1747647681849
counter/6/0/0/0,19553:1747647665949:,1747647681849
counter/6/0/0/0,19554:1747647665949:,1747647681849
counter/6/0/0/0,19555:1747647665950:,1747647681849
counter/6/0/0/0,19556:1747647665950:,1747647681849
counter/6/0/0/0,19557:1747647665950:,1747647681849
counter/6/0/0/0,19558:1747647665950:,1747647681849
counter/6/0/0/0,19559:1747647665950:,1747647681849
counter/6/0/0/0,19560:1747647665950:,1747647681849
counter/6/0/0/0,19561:1747647665950:,1747647681849
counter/5/0/0/0,21321:1747647666997:,1747647681849
counter/9/0/0/0,24704:1747647668362:,1747647681849
counter/9/0/0/0,24705:1747647668362:,1747647681849
counter/4/0/0/0,18898:1747647665848:,1747647681849
counter/10/0/0/0,19109:1747647664867:,1747647681849
counter/4/0/0/0,18899:1747647665848:,1747647681849
counter/3/0/0/0,18243:1747647664955:,1747647681849
counter/6/0/0/0,19562:1747647665950:,1747647681849
counter/4/0/0/0,18900:1747647665848:,1747647681849
counter/5/0/0/0,21322:1747647666997:,1747647681849
counter/4/0/0/0,18901:1747647665848:,1747647681849
counter/9/0/0/0,24706:1747647668362:,1747647681849
counter/4/0/0/0,18902:1747647665848:,1747647681849
counter/10/0/0/0,19110:1747647664867:,1747647681849
counter/4/0/0/0,18903:1747647665849:,1747647681849
counter/3/0/0/0,18244:1747647664955:,1747647681849
counter/4/0/0/0,18904:1747647665849:,1747647681849
counter/7/0/0/0,19769:1747647665223:,1747647681849
counter/1/0/0/0,19447:1747647665807:,1747647681849
counter/10/0/0/0,19111:1747647664867:,1747647681849
counter/3/0/0/0,18245:1747647664955:,1747647681849
counter/4/0/0/0,18905:1747647665849:,1747647681850
counter/5/0/0/0,21323:1747647666997:,1747647681850
counter/7/0/0/0,19770:1747647665223:,1747647681850
counter/1/0/0/0,19448:1747647665807:,1747647681850
counter/9/0/0/0,24707:1747647668362:,1747647681850
counter/9/0/0/0,24708:1747647668362:,1747647681850
counter/10/0/0/0,19112:1747647664867:,1747647681850
counter/4/0/0/0,18906:1747647665849:,1747647681850
counter/5/0/0/0,21324:1747647666997:,1747647681850
counter/7/0/0/0,19771:1747647665223:,1747647681850
counter/1/0/0/0,19449:1747647665807:,1747647681850
counter/9/0/0/0,24709:1747647668362:,1747647681850
counter/9/0/0/0,24710:1747647668362:,1747647681850
counter/9/0/0/0,24711:1747647668362:,1747647681850
counter/9/0/0/0,24712:1747647668363:,1747647681850
counter/9/0/0/0,24713:1747647668363:,1747647681850
counter/9/0/0/0,24714:1747647668363:,1747647681850
counter/9/0/0/0,24715:1747647668363:,1747647681850
counter/9/0/0/0,24716:1747647668363:,1747647681850
counter/9/0/0/0,24717:1747647668363:,1747647681850
counter/3/0/0/0,18246:1747647664959:,1747647681850
counter/9/0/0/0,24718:1747647668363:,1747647681850
counter/9/0/0/0,24719:1747647668363:,1747647681850
counter/10/0/0/0,19113:1747647664867:,1747647681850
counter/5/0/0/0,21325:1747647666999:,1747647681850
counter/4/0/0/0,18907:1747647665849:,1747647681850
counter/5/0/0/0,21326:1747647666999:,1747647681850
counter/1/0/0/0,19450:1747647665820:,1747647681850
counter/6/0/0/0,19563:1747647665950:,1747647681850
counter/3/0/0/0,18247:1747647664959:,1747647681850
counter/9/0/0/0,24720:1747647668363:,1747647681850
counter/9/0/0/0,24721:1747647668363:,1747647681850
counter/5/0/0/0,21327:1747647666999:,1747647681850
counter/6/0/0/0,19564:1747647665950:,1747647681850
counter/5/0/0/0,21328:1747647666999:,1747647681850
counter/3/0/0/0,18248:1747647664959:,1747647681850
counter/9/0/0/0,24722:1747647668363:,1747647681850
counter/6/0/0/0,19565:1747647665951:,1747647681850
counter/2/0/0/0,24343:1747647670116:,1747647681850
counter/10/0/0/0,19114:1747647664867:,1747647681851
counter/4/0/0/0,18908:1747647665849:,1747647681851
counter/7/0/0/0,19772:1747647665223:,1747647681851
counter/1/0/0/0,19451:1747647665821:,1747647681851
counter/5/0/0/0,21329:1747647666999:,1747647681851
counter/5/0/0/0,21330:1747647666999:,1747647681851
counter/3/0/0/0,18249:1747647664966:,1747647681851
counter/9/0/0/0,24723:1747647668363:,1747647681851
counter/6/0/0/0,19566:1747647665957:,1747647681851
counter/2/0/0/0,24344:1747647670116:,1747647681851
counter/10/0/0/0,19115:1747647664867:,1747647681851
counter/4/0/0/0,18909:1747647665849:,1747647681851
counter/7/0/0/0,19773:1747647665223:,1747647681851
counter/1/0/0/0,19452:1747647665821:,1747647681851
counter/5/0/0/0,21331:1747647667002:,1747647681851
counter/5/0/0/0,21332:1747647667002:,1747647681851
counter/5/0/0/0,21333:1747647667002:,1747647681851
counter/5/0/0/0,21334:1747647667002:,1747647681851
counter/5/0/0/0,21335:1747647667003:,1747647681851
counter/5/0/0/0,21336:1747647667005:,1747647681851
counter/5/0/0/0,21337:1747647667005:,1747647681851
counter/5/0/0/0,21338:1747647667005:,1747647681851
counter/5/0/0/0,21339:1747647667010:,1747647681851
counter/5/0/0/0,21340:1747647667026:,1747647681851
counter/5/0/0/0,21341:1747647667027:,1747647681851
counter/5/0/0/0,21342:1747647667027:,1747647681851
counter/5/0/0/0,21343:1747647667028:,1747647681851
counter/5/0/0/0,21344:1747647667028:,1747647681851
counter/10/0/0/0,19116:1747647664867:,1747647681851
counter/5/0/0/0,21345:1747647667028:,1747647681851
counter/1/0/0/0,19453:1747647665821:,1747647681851
counter/3/0/0/0,18250:1747647664966:,1747647681851
counter/5/0/0/0,21346:1747647667028:,1747647681851
counter/9/0/0/0,24724:1747647668363:,1747647681851
counter/6/0/0/0,19567:1747647665959:,1747647681851
counter/2/0/0/0,24345:1747647670116:,1747647681851
counter/4/0/0/0,18910:1747647665849:,1747647681851
counter/5/0/0/0,21347:1747647667028:,1747647681851
counter/7/0/0/0,19774:1747647665223:,1747647681851
counter/5/0/0/0,21348:1747647667028:,1747647681851
counter/7/0/0/0,19775:1747647665229:,1747647681851
counter/5/0/0/0,21349:1747647667028:,1747647681851
counter/10/0/0/0,19117:1747647664867:,1747647681851
counter/1/0/0/0,19454:1747647665821:,1747647681852
counter/9/0/0/0,24725:1747647668363:,1747647681852
counter/1/0/0/0,19455:1747647665821:,1747647681852
counter/1/0/0/0,19456:1747647665821:,1747647681852
counter/1/0/0/0,19457:1747647665821:,1747647681852
counter/1/0/0/0,19458:1747647665821:,1747647681852
counter/1/0/0/0,19459:1747647665831:,1747647681852
counter/1/0/0/0,19460:1747647665831:,1747647681852
counter/1/0/0/0,19461:1747647665831:,1747647681852
counter/1/0/0/0,19462:1747647665831:,1747647681852
counter/1/0/0/0,19463:1747647665831:,1747647681852
counter/1/0/0/0,19464:1747647665831:,1747647681852
counter/1/0/0/0,19465:1747647665836:,1747647681852
counter/1/0/0/0,19466:1747647665836:,1747647681852
counter/1/0/0/0,19467:1747647665836:,1747647681852
counter/1/0/0/0,19468:1747647665836:,1747647681852
counter/1/0/0/0,19469:1747647665836:,1747647681852
counter/1/0/0/0,19470:1747647665836:,1747647681852
counter/1/0/0/0,19471:1747647665836:,1747647681852
counter/1/0/0/0,19472:1747647665836:,1747647681852
counter/1/0/0/0,19473:1747647665836:,1747647681852
counter/1/0/0/0,19474:1747647665836:,1747647681852
counter/1/0/0/0,19475:1747647665836:,1747647681852
counter/1/0/0/0,19476:1747647665836:,1747647681852
counter/1/0/0/0,19477:1747647665838:,1747647681852
counter/1/0/0/0,19478:1747647665838:,1747647681852
counter/1/0/0/0,19479:1747647665838:,1747647681852
counter/1/0/0/0,19480:1747647665838:,1747647681852
counter/1/0/0/0,19481:1747647665838:,1747647681852
counter/1/0/0/0,19482:1747647665838:,1747647681852
counter/1/0/0/0,19483:1747647665838:,1747647681852
counter/1/0/0/0,19484:1747647665838:,1747647681852
counter/1/0/0/0,19485:1747647665838:,1747647681852
counter/1/0/0/0,19486:1747647665843:,1747647681852
counter/1/0/0/0,19487:1747647665843:,1747647681852
counter/1/0/0/0,19488:1747647665843:,1747647681852
counter/1/0/0/0,19489:1747647665843:,1747647681852
counter/1/0/0/0,19490:1747647665843:,1747647681852
counter/1/0/0/0,19491:1747647665843:,1747647681852
counter/1/0/0/0,19492:1747647665843:,1747647681852
counter/1/0/0/0,19493:1747647665843:,1747647681852
counter/1/0/0/0,19494:1747647665843:,1747647681853
counter/1/0/0/0,19495:1747647665843:,1747647681853
counter/1/0/0/0,19496:1747647665843:,1747647681853
counter/1/0/0/0,19497:1747647665843:,1747647681853
counter/1/0/0/0,19498:1747647665843:,1747647681853
counter/1/0/0/0,19499:1747647665843:,1747647681853
counter/1/0/0/0,19500:1747647665843:,1747647681853
counter/1/0/0/0,19501:1747647665843:,1747647681853
counter/1/0/0/0,19502:1747647665843:,1747647681853
counter/1/0/0/0,19503:1747647665843:,1747647681853
counter/1/0/0/0,19504:1747647665843:,1747647681853
counter/1/0/0/0,19505:1747647665843:,1747647681853
counter/1/0/0/0,19506:1747647665843:,1747647681853
counter/1/0/0/0,19507:1747647665844:,1747647681853
counter/1/0/0/0,19508:1747647665844:,1747647681853
counter/1/0/0/0,19509:1747647665844:,1747647681853
counter/1/0/0/0,19510:1747647665844:,1747647681853
counter/1/0/0/0,19511:1747647665844:,1747647681853
counter/1/0/0/0,19512:1747647665857:,1747647681853
counter/1/0/0/0,19513:1747647665857:,1747647681853
counter/1/0/0/0,19514:1747647665857:,1747647681853
counter/1/0/0/0,19515:1747647665857:,1747647681853
counter/1/0/0/0,19516:1747647665857:,1747647681853
counter/1/0/0/0,19517:1747647665857:,1747647681853
counter/5/0/0/0,21350:1747647667028:,1747647681853
counter/1/0/0/0,19518:1747647665857:,1747647681853
counter/7/0/0/0,19776:1747647665229:,1747647681853
counter/1/0/0/0,19519:1747647665857:,1747647681853
counter/1/0/0/0,19520:1747647665858:,1747647681853
counter/1/0/0/0,19521:1747647665858:,1747647681853
counter/1/0/0/0,19522:1747647665858:,1747647681853
counter/1/0/0/0,19523:1747647665858:,1747647681853
counter/1/0/0/0,19524:1747647665858:,1747647681853
counter/1/0/0/0,19525:1747647665858:,1747647681853
counter/1/0/0/0,19526:1747647665858:,1747647681853
counter/1/0/0/0,19527:1747647665858:,1747647681853
counter/5/0/0/0,21351:1747647667028:,1747647681853
counter/1/0/0/0,19528:1747647665858:,1747647681853
counter/7/0/0/0,19777:1747647665229:,1747647681853
counter/3/0/0/0,18251:1747647664966:,1747647681854
counter/1/0/0/0,19529:1747647665870:,1747647681854
counter/6/0/0/0,19568:1747647665959:,1747647681854
counter/9/0/0/0,24726:1747647668363:,1747647681854
counter/1/0/0/0,19530:1747647665870:,1747647681854
counter/9/0/0/0,24727:1747647668363:,1747647681854
counter/1/0/0/0,19531:1747647665870:,1747647681854
counter/9/0/0/0,24728:1747647668363:,1747647681854
counter/9/0/0/0,24729:1747647668363:,1747647681854
counter/9/0/0/0,24730:1747647668363:,1747647681854
counter/9/0/0/0,24731:1747647668363:,1747647681854
counter/9/0/0/0,24732:1747647668363:,1747647681854
counter/9/0/0/0,24733:1747647668368:,1747647681854
counter/9/0/0/0,24734:1747647668368:,1747647681854
counter/9/0/0/0,24735:1747647668368:,1747647681854
counter/9/0/0/0,24736:1747647668368:,1747647681854
counter/9/0/0/0,24737:1747647668368:,1747647681854
counter/9/0/0/0,24738:1747647668368:,1747647681854
counter/9/0/0/0,24739:1747647668368:,1747647681854
counter/9/0/0/0,24740:1747647668368:,1747647681854
counter/9/0/0/0,24741:1747647668368:,1747647681854
counter/9/0/0/0,24742:1747647668368:,1747647681854
counter/9/0/0/0,24743:1747647668368:,1747647681854
counter/9/0/0/0,24744:1747647668368:,1747647681854
counter/9/0/0/0,24745:1747647668368:,1747647681854
counter/9/0/0/0,24746:1747647668379:,1747647681854
counter/9/0/0/0,24747:1747647668379:,1747647681854
counter/9/0/0/0,24748:1747647668379:,1747647681854
counter/9/0/0/0,24749:1747647668379:,1747647681854
counter/9/0/0/0,24750:1747647668379:,1747647681854
counter/9/0/0/0,24751:1747647668379:,1747647681854
counter/9/0/0/0,24752:1747647668379:,1747647681854
counter/9/0/0/0,24753:1747647668379:,1747647681854
counter/9/0/0/0,24754:1747647668379:,1747647681854
counter/9/0/0/0,24755:1747647668379:,1747647681854
counter/9/0/0/0,24756:1747647668379:,1747647681854
counter/9/0/0/0,24757:1747647668379:,1747647681854
counter/9/0/0/0,24758:1747647668379:,1747647681854
counter/9/0/0/0,24759:1747647668379:,1747647681854
counter/9/0/0/0,24760:1747647668379:,1747647681854
counter/9/0/0/0,24761:1747647668379:,1747647681854
counter/9/0/0/0,24762:1747647668380:,1747647681854
counter/9/0/0/0,24763:1747647668380:,1747647681855
counter/9/0/0/0,24764:1747647668380:,1747647681855
counter/9/0/0/0,24765:1747647668380:,1747647681855
counter/9/0/0/0,24766:1747647668380:,1747647681855
counter/9/0/0/0,24767:1747647668380:,1747647681855
counter/9/0/0/0,24768:1747647668380:,1747647681855
counter/9/0/0/0,24769:1747647668380:,1747647681855
counter/9/0/0/0,24770:1747647668380:,1747647681855
counter/9/0/0/0,24771:1747647668380:,1747647681855
counter/9/0/0/0,24772:1747647668380:,1747647681855
counter/9/0/0/0,24773:1747647668392:,1747647681855
counter/9/0/0/0,24774:1747647668392:,1747647681855
counter/9/0/0/0,24775:1747647668392:,1747647681855
counter/9/0/0/0,24776:1747647668392:,1747647681855
counter/9/0/0/0,24777:1747647668392:,1747647681855
counter/9/0/0/0,24778:1747647668404:,1747647681855
counter/9/0/0/0,24779:1747647668418:,1747647681855
counter/9/0/0/0,24780:1747647668418:,1747647681855
counter/9/0/0/0,24781:1747647668418:,1747647681855
counter/8/0/0/0,21590:1747647666654:,1747647681855
counter/9/0/0/0,24782:1747647668418:,1747647681855
counter/8/0/0/0,21591:1747647666654:,1747647681855
counter/9/0/0/0,24783:1747647668418:,1747647681855
counter/8/0/0/0,21592:1747647666654:,1747647681855
counter/9/0/0/0,24784:1747647668418:,1747647681855
counter/8/0/0/0,21593:1747647666654:,1747647681855
counter/5/0/0/0,21352:1747647667028:,1747647681855
counter/9/0/0/0,24785:1747647668418:,1747647681855
counter/8/0/0/0,21594:1747647666654:,1747647681855
counter/9/0/0/0,24786:1747647668418:,1747647681855
counter/8/0/0/0,21595:1747647666654:,1747647681855
counter/9/0/0/0,24787:1747647668418:,1747647681855
counter/8/0/0/0,21596:1747647666654:,1747647681855
counter/9/0/0/0,24788:1747647668418:,1747647681855
counter/8/0/0/0,21597:1747647666657:,1747647681855
counter/9/0/0/0,24789:1747647668418:,1747647681855
counter/8/0/0/0,21598:1747647666657:,1747647681855
counter/9/0/0/0,24790:1747647668419:,1747647681855
counter/8/0/0/0,21599:1747647666657:,1747647681855
counter/9/0/0/0,24791:1747647668419:,1747647681856
counter/8/0/0/0,21600:1747647666657:,1747647681856
counter/9/0/0/0,24792:1747647668419:,1747647681856
counter/8/0/0/0,21601:1747647666657:,1747647681856
counter/9/0/0/0,24793:1747647668419:,1747647681856
counter/8/0/0/0,21602:1747647666657:,1747647681856
counter/9/0/0/0,24794:1747647668419:,1747647681856
counter/8/0/0/0,21603:1747647666657:,1747647681856
counter/9/0/0/0,24795:1747647668419:,1747647681856
counter/8/0/0/0,21604:1747647666657:,1747647681856
counter/9/0/0/0,24796:1747647668419:,1747647681856
counter/8/0/0/0,21605:1747647666657:,1747647681856
counter/9/0/0/0,24797:1747647668419:,1747647681856
counter/8/0/0/0,21606:1747647666658:,1747647681856
counter/9/0/0/0,24798:1747647668419:,1747647681856
counter/8/0/0/0,21607:1747647666658:,1747647681856
counter/9/0/0/0,24799:1747647668419:,1747647681856
counter/8/0/0/0,21608:1747647666658:,1747647681856
counter/9/0/0/0,24800:1747647668419:,1747647681856
counter/8/0/0/0,21609:1747647666658:,1747647681856
counter/9/0/0/0,24801:1747647668419:,1747647681856
counter/8/0/0/0,21610:1747647666658:,1747647681856
counter/9/0/0/0,24802:1747647668419:,1747647681856
counter/8/0/0/0,21611:1747647666658:,1747647681856
counter/9/0/0/0,24803:1747647668419:,1747647681856
counter/8/0/0/0,21612:1747647666658:,1747647681856
counter/4/0/0/0,18911:1747647665853:,1747647681856
counter/9/0/0/0,24804:1747647668419:,1747647681856
counter/8/0/0/0,21613:1747647666658:,1747647681856
counter/10/0/0/0,19118:1747647664867:,1747647681856
counter/7/0/0/0,19778:1747647665229:,1747647681856
counter/9/0/0/0,24805:1747647668419:,1747647681856
counter/8/0/0/0,21614:1747647666661:,1747647681856
counter/7/0/0/0,19779:1747647665229:,1747647681856
counter/9/0/0/0,24806:1747647668429:,1747647681856
counter/8/0/0/0,21615:1747647666661:,1747647681856
counter/7/0/0/0,19780:1747647665231:,1747647681856
counter/9/0/0/0,24807:1747647668430:,1747647681856
counter/8/0/0/0,21616:1747647666661:,1747647681856
counter/7/0/0/0,19781:1747647665231:,1747647681856
counter/9/0/0/0,24808:1747647668430:,1747647681857
counter/8/0/0/0,21617:1747647666661:,1747647681857
counter/7/0/0/0,19782:1747647665231:,1747647681857
counter/5/0/0/0,21353:1747647667028:,1747647681857
counter/9/0/0/0,24809:1747647668430:,1747647681857
counter/8/0/0/0,21618:1747647666661:,1747647681857
counter/7/0/0/0,19783:1747647665232:,1747647681857
counter/5/0/0/0,21354:1747647667028:,1747647681857
counter/9/0/0/0,24810:1747647668430:,1747647681857
counter/8/0/0/0,21619:1747647666661:,1747647681857
counter/7/0/0/0,19784:1747647665232:,1747647681857
counter/5/0/0/0,21355:1747647667028:,1747647681857
counter/9/0/0/0,24811:1747647668430:,1747647681857
counter/8/0/0/0,21620:1747647666661:,1747647681857
counter/7/0/0/0,19785:1747647665232:,1747647681857
counter/5/0/0/0,21356:1747647667028:,1747647681857
counter/9/0/0/0,24812:1747647668430:,1747647681857
counter/8/0/0/0,21621:1747647666661:,1747647681857
counter/7/0/0/0,19786:1747647665232:,1747647681857
counter/5/0/0/0,21357:1747647667028:,1747647681857
counter/2/0/0/0,24346:1747647670116:,1747647681857
counter/4/0/0/0,18912:1747647665853:,1747647681857
counter/9/0/0/0,24813:1747647668430:,1747647681857
counter/8/0/0/0,21622:1747647666661:,1747647681857
counter/7/0/0/0,19787:1747647665232:,1747647681857
counter/5/0/0/0,21358:1747647667028:,1747647681857
counter/10/0/0/0,19119:1747647664867:,1747647681857
counter/9/0/0/0,24814:1747647668430:,1747647681857
counter/8/0/0/0,21623:1747647666661:,1747647681857
counter/7/0/0/0,19788:1747647665232:,1747647681857
counter/5/0/0/0,21359:1747647667028:,1747647681857
counter/9/0/0/0,24815:1747647668430:,1747647681857
counter/8/0/0/0,21624:1747647666661:,1747647681857
counter/7/0/0/0,19789:1747647665245:,1747647681857
counter/5/0/0/0,21360:1747647667028:,1747647681857
counter/9/0/0/0,24816:1747647668453:,1747647681857
counter/8/0/0/0,21625:1747647666661:,1747647681857
counter/7/0/0/0,19790:1747647665245:,1747647681857
counter/5/0/0/0,21361:1747647667028:,1747647681858
counter/3/0/0/0,18252:1747647664966:,1747647681858
counter/9/0/0/0,24817:1747647668455:,1747647681858
counter/8/0/0/0,21626:1747647666669:,1747647681858
counter/7/0/0/0,19791:1747647665245:,1747647681858
counter/5/0/0/0,21362:1747647667028:,1747647681858
counter/2/0/0/0,24347:1747647670116:,1747647681858
counter/9/0/0/0,24818:1747647668455:,1747647681858
counter/8/0/0/0,21627:1747647666669:,1747647681858
counter/7/0/0/0,19792:1747647665245:,1747647681858
counter/5/0/0/0,21363:1747647667029:,1747647681858
counter/9/0/0/0,24819:1747647668455:,1747647681858
counter/8/0/0/0,21628:1747647666669:,1747647681858
counter/7/0/0/0,19793:1747647665245:,1747647681858
counter/5/0/0/0,21364:1747647667029:,1747647681858
counter/9/0/0/0,24820:1747647668461:,1747647681858
counter/8/0/0/0,21629:1747647666669:,1747647681858
counter/7/0/0/0,19794:1747647665245:,1747647681858
counter/5/0/0/0,21365:1747647667035:,1747647681858
counter/9/0/0/0,24821:1747647668461:,1747647681858
counter/8/0/0/0,21630:1747647666669:,1747647681858
counter/7/0/0/0,19795:1747647665245:,1747647681858
counter/5/0/0/0,21366:1747647667035:,1747647681858
counter/9/0/0/0,24822:1747647668461:,1747647681858
counter/8/0/0/0,21631:1747647666669:,1747647681858
counter/7/0/0/0,19796:1747647665245:,1747647681858
counter/5/0/0/0,21367:1747647667035:,1747647681858
counter/9/0/0/0,24823:1747647668461:,1747647681858
counter/8/0/0/0,21632:1747647666673:,1747647681858
counter/7/0/0/0,19797:1747647665245:,1747647681858
counter/5/0/0/0,21368:1747647667035:,1747647681858
counter/8/0/0/0,21633:1747647666673:,1747647681858
counter/7/0/0/0,19798:1747647665246:,1747647681858
counter/8/0/0/0,21634:1747647666673:,1747647681858
counter/7/0/0/0,19799:1747647665246:,1747647681858
counter/8/0/0/0,21635:1747647666673:,1747647681858
counter/7/0/0/0,19800:1747647665246:,1747647681858
counter/8/0/0/0,21636:1747647666673:,1747647681858
counter/7/0/0/0,19801:1747647665247:,1747647681859
counter/8/0/0/0,21637:1747647666673:,1747647681859
counter/7/0/0/0,19802:1747647665247:,1747647681859
counter/1/0/0/0,19532:1747647665870:,1747647681859
counter/9/0/0/0,24824:1747647668461:,1747647681859
counter/8/0/0/0,21638:1747647666673:,1747647681859
counter/7/0/0/0,19803:1747647665247:,1747647681859
counter/5/0/0/0,21369:1747647667035:,1747647681859
counter/2/0/0/0,24348:1747647670118:,1747647681859
counter/8/0/0/0,21639:1747647666673:,1747647681859
counter/7/0/0/0,19804:1747647665247:,1747647681859
counter/8/0/0/0,21640:1747647666673:,1747647681859
counter/7/0/0/0,19805:1747647665247:,1747647681859
counter/8/0/0/0,21641:1747647666673:,1747647681859
counter/7/0/0/0,19806:1747647665247:,1747647681859
counter/8/0/0/0,21642:1747647666673:,1747647681859
counter/7/0/0/0,19807:1747647665247:,1747647681859
counter/8/0/0/0,21643:1747647666673:,1747647681859
counter/7/0/0/0,19808:1747647665247:,1747647681859
counter/8/0/0/0,21644:1747647666673:,1747647681859
counter/7/0/0/0,19809:1747647665249:,1747647681859
counter/8/0/0/0,21645:1747647666673:,1747647681859
counter/7/0/0/0,19810:1747647665249:,1747647681859
counter/8/0/0/0,21646:1747647666673:,1747647681859
counter/7/0/0/0,19811:1747647665249:,1747647681859
counter/8/0/0/0,21647:1747647666674:,1747647681859
counter/7/0/0/0,19812:1747647665250:,1747647681859
counter/5/0/0/0,21370:1747647667035:,1747647681859
counter/8/0/0/0,21648:1747647666677:,1747647681859
counter/7/0/0/0,19813:1747647665250:,1747647681859
counter/2/0/0/0,24349:1747647670118:,1747647681859
counter/8/0/0/0,21649:1747647666677:,1747647681859
counter/7/0/0/0,19814:1747647665258:,1747647681859
counter/10/0/0/0,19120:1747647664867:,1747647681859
counter/8/0/0/0,21650:1747647666677:,1747647681859
counter/7/0/0/0,19815:1747647665259:,1747647681859
counter/10/0/0/0,19121:1747647664877:,1747647681859
counter/8/0/0/0,21651:1747647666678:,1747647681859
counter/7/0/0/0,19816:1747647665259:,1747647681859
counter/10/0/0/0,19122:1747647664877:,1747647681860
counter/8/0/0/0,21652:1747647666678:,1747647681860
counter/7/0/0/0,19817:1747647665259:,1747647681860
counter/10/0/0/0,19123:1747647664877:,1747647681860
counter/5/0/0/0,21371:1747647667035:,1747647681860
counter/8/0/0/0,21653:1747647666678:,1747647681860
counter/7/0/0/0,19818:1747647665259:,1747647681860
counter/10/0/0/0,19124:1747647664877:,1747647681860
counter/5/0/0/0,21372:1747647667047:,1747647681860
counter/8/0/0/0,21654:1747647666678:,1747647681860
counter/7/0/0/0,19819:1747647665259:,1747647681860
counter/10/0/0/0,19125:1747647664877:,1747647681860
counter/5/0/0/0,21373:1747647667049:,1747647681860
counter/8/0/0/0,21655:1747647666678:,1747647681860
counter/7/0/0/0,19820:1747647665259:,1747647681860
counter/10/0/0/0,19126:1747647664877:,1747647681860
counter/5/0/0/0,21374:1747647667049:,1747647681860
counter/8/0/0/0,21656:1747647666678:,1747647681860
counter/7/0/0/0,19821:1747647665259:,1747647681860
counter/5/0/0/0,21375:1747647667049:,1747647681860
counter/8/0/0/0,21657:1747647666678:,1747647681860
counter/7/0/0/0,19822:1747647665259:,1747647681860
counter/5/0/0/0,21376:1747647667052:,1747647681860
counter/8/0/0/0,21658:1747647666678:,1747647681860
counter/7/0/0/0,19823:1747647665259:,1747647681860
counter/5/0/0/0,21377:1747647667053:,1747647681860
counter/8/0/0/0,21659:1747647666678:,1747647681860
counter/7/0/0/0,19824:1747647665259:,1747647681860
counter/5/0/0/0,21378:1747647667053:,1747647681860
counter/8/0/0/0,21660:1747647666678:,1747647681860
counter/7/0/0/0,19825:1747647665259:,1747647681860
counter/5/0/0/0,21379:1747647667053:,1747647681860
counter/8/0/0/0,21661:1747647666678:,1747647681860
counter/7/0/0/0,19826:1747647665259:,1747647681860
counter/5/0/0/0,21380:1747647667063:,1747647681860
counter/8/0/0/0,21662:1747647666678:,1747647681860
counter/7/0/0/0,19827:1747647665259:,1747647681860
counter/5/0/0/0,21381:1747647667063:,1747647681861
counter/8/0/0/0,21663:1747647666688:,1747647681861
counter/7/0/0/0,19828:1747647665259:,1747647681861
counter/5/0/0/0,21382:1747647667063:,1747647681861
counter/8/0/0/0,21664:1747647666688:,1747647681861
counter/7/0/0/0,19829:1747647665259:,1747647681861
counter/5/0/0/0,21383:1747647667063:,1747647681861
counter/8/0/0/0,21665:1747647666688:,1747647681861
counter/7/0/0/0,19830:1747647665259:,1747647681861
counter/5/0/0/0,21384:1747647667063:,1747647681861
counter/8/0/0/0,21666:1747647666688:,1747647681861
counter/5/0/0/0,21385:1747647667063:,1747647681861
counter/8/0/0/0,21667:1747647666688:,1747647681861
counter/5/0/0/0,21386:1747647667063:,1747647681861
counter/8/0/0/0,21668:1747647666688:,1747647681861
counter/5/0/0/0,21387:1747647667063:,1747647681861
counter/8/0/0/0,21669:1747647666688:,1747647681861
counter/5/0/0/0,21388:1747647667065:,1747647681861
counter/8/0/0/0,21670:1747647666694:,1747647681861
counter/5/0/0/0,21389:1747647667065:,1747647681861
counter/8/0/0/0,21671:1747647666694:,1747647681861
counter/5/0/0/0,21390:1747647667065:,1747647681861
counter/8/0/0/0,21672:1747647666694:,1747647681861
counter/5/0/0/0,21391:1747647667065:,1747647681861
counter/8/0/0/0,21673:1747647666694:,1747647681861
counter/5/0/0/0,21392:1747647667065:,1747647681861
counter/8/0/0/0,21674:1747647666694:,1747647681861
counter/5/0/0/0,21393:1747647667066:,1747647681861
counter/8/0/0/0,21675:1747647666694:,1747647681861
counter/5/0/0/0,21394:1747647667066:,1747647681861
counter/8/0/0/0,21676:1747647666694:,1747647681861
counter/5/0/0/0,21395:1747647667066:,1747647681861
counter/8/0/0/0,21677:1747647666694:,1747647681861
counter/5/0/0/0,21396:1747647667066:,1747647681861
counter/8/0/0/0,21678:1747647666695:,1747647681861
counter/5/0/0/0,21397:1747647667066:,1747647681861
counter/8/0/0/0,21679:1747647666695:,1747647681861
counter/5/0/0/0,21398:1747647667066:,1747647681861
counter/8/0/0/0,21680:1747647666695:,1747647681861
counter/5/0/0/0,21399:1747647667068:,1747647681861
counter/8/0/0/0,21681:1747647666695:,1747647681862
counter/5/0/0/0,21400:1747647667068:,1747647681862
counter/8/0/0/0,21682:1747647666695:,1747647681862
counter/5/0/0/0,21401:1747647667068:,1747647681862
counter/1/0/0/0,19533:1747647665870:,1747647681862
counter/8/0/0/0,21683:1747647666695:,1747647681862
counter/5/0/0/0,21402:1747647667068:,1747647681862
counter/10/0/0/0,19127:1747647664877:,1747647681862
counter/7/0/0/0,19831:1747647665259:,1747647681862
counter/8/0/0/0,21684:1747647666695:,1747647681862
counter/5/0/0/0,21403:1747647667068:,1747647681862
counter/3/0/0/0,18253:1747647664966:,1747647681862
counter/6/0/0/0,19569:1747647665959:,1747647681862
counter/8/0/0/0,21685:1747647666695:,1747647681862
counter/5/0/0/0,21404:1747647667068:,1747647681862
counter/9/0/0/0,24825:1747647668461:,1747647681862
counter/4/0/0/0,18913:1747647665853:,1747647681862
counter/8/0/0/0,21686:1747647666695:,1747647681862
counter/5/0/0/0,21405:1747647667068:,1747647681862
counter/8/0/0/0,21687:1747647666695:,1747647681862
counter/5/0/0/0,21406:1747647667080:,1747647681862
counter/8/0/0/0,21688:1747647666695:,1747647681862
counter/5/0/0/0,21407:1747647667081:,1747647681862
counter/8/0/0/0,21689:1747647666695:,1747647681862
counter/5/0/0/0,21408:1747647667081:,1747647681862
counter/8/0/0/0,21690:1747647666695:,1747647681862
counter/5/0/0/0,21409:1747647667081:,1747647681862
counter/8/0/0/0,21691:1747647666695:,1747647681862
counter/5/0/0/0,21410:1747647667081:,1747647681862
counter/8/0/0/0,21692:1747647666695:,1747647681862
counter/5/0/0/0,21411:1747647667081:,1747647681862
counter/9/0/0/0,24826:1747647668461:,1747647681862
counter/8/0/0/0,21693:1747647666695:,1747647681862
counter/5/0/0/0,21412:1747647667081:,1747647681862
counter/9/0/0/0,24827:1747647668465:,1747647681862
counter/10/0/0/0,19128:1747647664880:,1747647681862
counter/8/0/0/0,21694:1747647666695:,1747647681862
counter/5/0/0/0,21413:1747647667081:,1747647681862
counter/4/0/0/0,18914:1747647665854:,1747647681862
counter/8/0/0/0,21695:1747647666695:,1747647681862
counter/5/0/0/0,21414:1747647667085:,1747647681862
counter/4/0/0/0,18915:1747647665854:,1747647681862
counter/8/0/0/0,21696:1747647666695:,1747647681863
counter/5/0/0/0,21415:1747647667091:,1747647681863
counter/4/0/0/0,18916:1747647665854:,1747647681863
counter/9/0/0/0,24828:1747647668465:,1747647681863
counter/8/0/0/0,21697:1747647666695:,1747647681863
counter/5/0/0/0,21416:1747647667097:,1747647681863
counter/4/0/0/0,18917:1747647665854:,1747647681863
counter/8/0/0/0,21698:1747647666695:,1747647681863
counter/5/0/0/0,21417:1747647667097:,1747647681863
counter/4/0/0/0,18918:1747647665854:,1747647681863
counter/8/0/0/0,21699:1747647666695:,1747647681863
counter/5/0/0/0,21418:1747647667097:,1747647681863
counter/4/0/0/0,18919:1747647665854:,1747647681863
counter/8/0/0/0,21700:1747647666695:,1747647681863
counter/5/0/0/0,21419:1747647667097:,1747647681863
counter/9/0/0/0,24829:1747647668465:,1747647681863
counter/8/0/0/0,21701:1747647666695:,1747647681863
counter/5/0/0/0,21420:1747647667097:,1747647681863
counter/10/0/0/0,19129:1747647664883:,1747647681863
counter/3/0/0/0,18254:1747647664966:,1747647681863
counter/8/0/0/0,21702:1747647666696:,1747647681863
counter/5/0/0/0,21421:1747647667097:,1747647681863
counter/7/0/0/0,19832:1747647665259:,1747647681863
counter/8/0/0/0,21703:1747647666696:,1747647681863
counter/5/0/0/0,21422:1747647667097:,1747647681863
counter/7/0/0/0,19833:1747647665259:,1747647681863
counter/8/0/0/0,21704:1747647666696:,1747647681863
counter/5/0/0/0,21423:1747647667098:,1747647681863
counter/7/0/0/0,19834:1747647665259:,1747647681863
counter/8/0/0/0,21705:1747647666696:,1747647681863
counter/5/0/0/0,21424:1747647667098:,1747647681863
counter/7/0/0/0,19835:1747647665259:,1747647681863
counter/8/0/0/0,21706:1747647666696:,1747647681863
counter/5/0/0/0,21425:1747647667098:,1747647681863
counter/7/0/0/0,19836:1747647665259:,1747647681863
counter/8/0/0/0,21707:1747647666697:,1747647681863
counter/5/0/0/0,21426:1747647667098:,1747647681863
counter/7/0/0/0,19837:1747647665259:,1747647681863
counter/8/0/0/0,21708:1747647666697:,1747647681864
counter/5/0/0/0,21427:1747647667098:,1747647681864
counter/7/0/0/0,19838:1747647665259:,1747647681864
counter/8/0/0/0,21709:1747647666698:,1747647681864
counter/5/0/0/0,21428:1747647667098:,1747647681864
counter/8/0/0/0,21710:1747647666698:,1747647681864
counter/5/0/0/0,21429:1747647667098:,1747647681864
counter/8/0/0/0,21711:1747647666698:,1747647681864
counter/5/0/0/0,21430:1747647667098:,1747647681864
counter/8/0/0/0,21712:1747647666698:,1747647681864
counter/5/0/0/0,21431:1747647667098:,1747647681864
counter/8/0/0/0,21713:1747647666698:,1747647681864
counter/5/0/0/0,21432:1747647667098:,1747647681864
counter/8/0/0/0,21714:1747647666699:,1747647681864
counter/5/0/0/0,21433:1747647667098:,1747647681864
counter/8/0/0/0,21715:1747647666699:,1747647681864
counter/5/0/0/0,21434:1747647667098:,1747647681864
counter/8/0/0/0,21716:1747647666699:,1747647681864
counter/5/0/0/0,21435:1747647667098:,1747647681864
counter/8/0/0/0,21717:1747647666699:,1747647681864
counter/5/0/0/0,21436:1747647667102:,1747647681864
counter/8/0/0/0,21718:1747647666699:,1747647681864
counter/5/0/0/0,21437:1747647667115:,1747647681864
counter/8/0/0/0,21719:1747647666699:,1747647681864
counter/5/0/0/0,21438:1747647667115:,1747647681864
counter/8/0/0/0,21720:1747647666699:,1747647681864
counter/5/0/0/0,21439:1747647667115:,1747647681864
counter/8/0/0/0,21721:1747647666699:,1747647681864
counter/5/0/0/0,21440:1747647667115:,1747647681864
counter/8/0/0/0,21722:1747647666699:,1747647681864
counter/5/0/0/0,21441:1747647667115:,1747647681864
counter/8/0/0/0,21723:1747647666699:,1747647681864
counter/5/0/0/0,21442:1747647667115:,1747647681864
counter/8/0/0/0,21724:1747647666699:,1747647681864
counter/5/0/0/0,21443:1747647667115:,1747647681864
counter/8/0/0/0,21725:1747647666700:,1747647681864
counter/5/0/0/0,21444:1747647667115:,1747647681864
counter/8/0/0/0,21726:1747647666700:,1747647681864
counter/5/0/0/0,21445:1747647667115:,1747647681864
counter/8/0/0/0,21727:1747647666700:,1747647681864
counter/5/0/0/0,21446:1747647667115:,1747647681865
counter/8/0/0/0,21728:1747647666700:,1747647681865
counter/5/0/0/0,21447:1747647667116:,1747647681865
counter/8/0/0/0,21729:1747647666700:,1747647681865
counter/5/0/0/0,21448:1747647667116:,1747647681865
counter/8/0/0/0,21730:1747647666700:,1747647681865
counter/5/0/0/0,21449:1747647667116:,1747647681865
counter/8/0/0/0,21731:1747647666700:,1747647681865
counter/5/0/0/0,21450:1747647667116:,1747647681865
counter/8/0/0/0,21732:1747647666700:,1747647681865
counter/5/0/0/0,21451:1747647667116:,1747647681865
counter/8/0/0/0,21733:1747647666700:,1747647681865
counter/5/0/0/0,21452:1747647667116:,1747647681865
counter/8/0/0/0,21734:1747647666700:,1747647681865
counter/5/0/0/0,21453:1747647667116:,1747647681865
counter/8/0/0/0,21735:1747647666700:,1747647681865
counter/5/0/0/0,21454:1747647667116:,1747647681865
counter/8/0/0/0,21736:1747647666700:,1747647681865
counter/5/0/0/0,21455:1747647667116:,1747647681865
counter/8/0/0/0,21737:1747647666700:,1747647681865
counter/5/0/0/0,21456:1747647667116:,1747647681865
counter/8/0/0/0,21738:1747647666702:,1747647681865
counter/5/0/0/0,21457:1747647667118:,1747647681865
counter/8/0/0/0,21739:1747647666702:,1747647681865
counter/5/0/0/0,21458:1747647667118:,1747647681865
counter/8/0/0/0,21740:1747647666702:,1747647681865
counter/5/0/0/0,21459:1747647667118:,1747647681865
counter/8/0/0/0,21741:1747647666702:,1747647681865
counter/5/0/0/0,21460:1747647667118:,1747647681865
counter/8/0/0/0,21742:1747647666702:,1747647681865
counter/5/0/0/0,21461:1747647667118:,1747647681865
counter/7/0/0/0,19839:1747647665259:,1747647681865
counter/3/0/0/0,18255:1747647664966:,1747647681865
counter/8/0/0/0,21743:1747647666702:,1747647681865
counter/5/0/0/0,21462:1747647667118:,1747647681865
counter/6/0/0/0,19570:1747647665959:,1747647681865
counter/1/0/0/0,19534:1747647665870:,1747647681865
counter/8/0/0/0,21744:1747647666702:,1747647681865
counter/5/0/0/0,21463:1747647667118:,1747647681865
counter/9/0/0/0,24830:1747647668465:,1747647681866
counter/4/0/0/0,18920:1747647665854:,1747647681866
counter/2/0/0/0,24350:1747647670118:,1747647681866
counter/8/0/0/0,21745:1747647666702:,1747647681866
counter/5/0/0/0,21464:1747647667118:,1747647681866
counter/10/0/0/0,19130:1747647664883:,1747647681866
counter/8/0/0/0,21746:1747647666707:,1747647681866
counter/5/0/0/0,21465:1747647667118:,1747647681866
counter/7/0/0/0,19840:1747647665259:,1747647681866
counter/8/0/0/0,21747:1747647666707:,1747647681866
counter/5/0/0/0,21466:1747647667118:,1747647681866
counter/3/0/0/0,18256:1747647664966:,1747647681866
counter/6/0/0/0,19571:1747647665962:,1747647681866
counter/8/0/0/0,21748:1747647666707:,1747647681866
counter/5/0/0/0,21467:1747647667118:,1747647681866
counter/1/0/0/0,19535:1747647665870:,1747647681866
counter/9/0/0/0,24831:1747647668465:,1747647681866
counter/4/0/0/0,18921:1747647665854:,1747647681866
counter/8/0/0/0,21749:1747647666707:,1747647681866
counter/5/0/0/0,21468:1747647667118:,1747647681866
counter/2/0/0/0,24351:1747647670118:,1747647681866
counter/10/0/0/0,19131:1747647664883:,1747647681866
counter/8/0/0/0,21750:1747647666707:,1747647681866
counter/5/0/0/0,21469:1747647667118:,1747647681866
counter/8/0/0/0,21751:1747647666707:,1747647681866
counter/5/0/0/0,21470:1747647667118:,1747647681866
counter/8/0/0/0,21752:1747647666707:,1747647681866
counter/5/0/0/0,21471:1747647667121:,1747647681866
counter/8/0/0/0,21753:1747647666707:,1747647681866
counter/5/0/0/0,21472:1747647667121:,1747647681866
counter/8/0/0/0,21754:1747647666707:,1747647681866
counter/5/0/0/0,21473:1747647667121:,1747647681866
counter/8/0/0/0,21755:1747647666707:,1747647681866
counter/5/0/0/0,21474:1747647667121:,1747647681866
counter/8/0/0/0,21756:1747647666707:,1747647681866
counter/5/0/0/0,21475:1747647667121:,1747647681866
counter/8/0/0/0,21757:1747647666707:,1747647681866
counter/5/0/0/0,21476:1747647667121:,1747647681866
counter/8/0/0/0,21758:1747647666707:,1747647681866
counter/5/0/0/0,21477:1747647667121:,1747647681866
counter/8/0/0/0,21759:1747647666707:,1747647681866
counter/5/0/0/0,21478:1747647667121:,1747647681866
counter/8/0/0/0,21760:1747647666707:,1747647681867
counter/5/0/0/0,21479:1747647667121:,1747647681867
counter/8/0/0/0,21761:1747647666707:,1747647681867
counter/5/0/0/0,21480:1747647667121:,1747647681867
counter/8/0/0/0,21762:1747647666707:,1747647681867
counter/5/0/0/0,21481:1747647667121:,1747647681867
counter/8/0/0/0,21763:1747647666707:,1747647681867
counter/5/0/0/0,21482:1747647667122:,1747647681867
counter/8/0/0/0,21764:1747647666707:,1747647681867
counter/5/0/0/0,21483:1747647667123:,1747647681867
counter/8/0/0/0,21765:1747647666707:,1747647681867
counter/5/0/0/0,21484:1747647667123:,1747647681867
counter/8/0/0/0,21766:1747647666707:,1747647681867
counter/5/0/0/0,21485:1747647667134:,1747647681867
counter/8/0/0/0,21767:1747647666707:,1747647681867
counter/5/0/0/0,21486:1747647667134:,1747647681867
counter/8/0/0/0,21768:1747647666708:,1747647681867
counter/5/0/0/0,21487:1747647667134:,1747647681867
counter/8/0/0/0,21769:1747647666708:,1747647681867
counter/5/0/0/0,21488:1747647667134:,1747647681867
counter/8/0/0/0,21770:1747647666708:,1747647681867
counter/5/0/0/0,21489:1747647667134:,1747647681867
counter/8/0/0/0,21771:1747647666708:,1747647681867
counter/5/0/0/0,21490:1747647667134:,1747647681867
counter/8/0/0/0,21772:1747647666708:,1747647681867
counter/5/0/0/0,21491:1747647667134:,1747647681867
counter/8/0/0/0,21773:1747647666708:,1747647681867
counter/5/0/0/0,21492:1747647667136:,1747647681867
counter/8/0/0/0,21774:1747647666708:,1747647681867
counter/5/0/0/0,21493:1747647667138:,1747647681867
counter/8/0/0/0,21775:1747647666708:,1747647681867
counter/5/0/0/0,21494:1747647667138:,1747647681867
counter/8/0/0/0,21776:1747647666709:,1747647681867
counter/5/0/0/0,21495:1747647667138:,1747647681867
counter/8/0/0/0,21777:1747647666709:,1747647681867
counter/5/0/0/0,21496:1747647667138:,1747647681867
counter/8/0/0/0,21778:1747647666709:,1747647681867
counter/5/0/0/0,21497:1747647667138:,1747647681867
counter/8/0/0/0,21779:1747647666709:,1747647681867
counter/5/0/0/0,21498:1747647667140:,1747647681867
counter/4/0/0/0,18922:1747647665854:,1747647681867
counter/8/0/0/0,21780:1747647666709:,1747647681868
counter/5/0/0/0,21499:1747647667140:,1747647681868
counter/3/0/0/0,18257:1747647664966:,1747647681868
counter/1/0/0/0,19536:1747647665870:,1747647681868
counter/8/0/0/0,21781:1747647666709:,1747647681868
counter/5/0/0/0,21500:1747647667140:,1747647681868
counter/9/0/0/0,24832:1747647668465:,1747647681868
counter/6/0/0/0,19572:1747647665963:,1747647681868
counter/2/0/0/0,24352:1747647670118:,1747647681868
counter/8/0/0/0,21782:1747647666709:,1747647681868
counter/5/0/0/0,21501:1747647667140:,1747647681868
counter/8/0/0/0,21783:1747647666709:,1747647681868
counter/5/0/0/0,21502:1747647667140:,1747647681868
counter/8/0/0/0,21784:1747647666714:,1747647681868
counter/5/0/0/0,21503:1747647667140:,1747647681868
counter/1/0/0/0,19537:1747647665870:,1747647681868
counter/8/0/0/0,21785:1747647666717:,1747647681868
counter/5/0/0/0,21504:1747647667140:,1747647681868
counter/9/0/0/0,24833:1747647668466:,1747647681868
counter/8/0/0/0,21786:1747647666717:,1747647681868
counter/5/0/0/0,21505:1747647667156:,1747647681868
counter/6/0/0/0,19573:1747647665963:,1747647681868
counter/2/0/0/0,24353:1747647670118:,1747647681868
counter/8/0/0/0,21787:1747647666721:,1747647681868
counter/5/0/0/0,21506:1747647667156:,1747647681868
counter/10/0/0/0,19132:1747647664883:,1747647681868
counter/4/0/0/0,18923:1747647665854:,1747647681868
counter/7/0/0/0,19841:1747647665259:,1747647681868
counter/8/0/0/0,21788:1747647666739:,1747647681868
counter/5/0/0/0,21507:1747647667156:,1747647681868
counter/3/0/0/0,18258:1747647664966:,1747647681868
counter/8/0/0/0,21789:1747647666744:,1747647681868
counter/5/0/0/0,21508:1747647667156:,1747647681868
counter/3/0/0/0,18259:1747647664967:,1747647681868
counter/8/0/0/0,21790:1747647666744:,1747647681868
counter/5/0/0/0,21509:1747647667156:,1747647681868
counter/3/0/0/0,18260:1747647664980:,1747647681868
counter/8/0/0/0,21791:1747647666744:,1747647681868
counter/5/0/0/0,21510:1747647667156:,1747647681868
counter/3/0/0/0,18261:1747647664980:,1747647681868
counter/8/0/0/0,21792:1747647666744:,1747647681868
counter/5/0/0/0,21511:1747647667156:,1747647681869
counter/3/0/0/0,18262:1747647664980:,1747647681869
counter/8/0/0/0,21793:1747647666744:,1747647681869
counter/5/0/0/0,21512:1747647667156:,1747647681869
counter/3/0/0/0,18263:1747647664980:,1747647681869
counter/8/0/0/0,21794:1747647666744:,1747647681869
counter/5/0/0/0,21513:1747647667156:,1747647681869
counter/3/0/0/0,18264:1747647664980:,1747647681869
counter/8/0/0/0,21795:1747647666744:,1747647681869
counter/5/0/0/0,21514:1747647667156:,1747647681869
counter/3/0/0/0,18265:1747647664980:,1747647681869
counter/8/0/0/0,21796:1747647666744:,1747647681869
counter/5/0/0/0,21515:1747647667157:,1747647681869
counter/3/0/0/0,18266:1747647664980:,1747647681869
counter/8/0/0/0,21797:1747647666756:,1747647681869
counter/5/0/0/0,21516:1747647667157:,1747647681869
counter/3/0/0/0,18267:1747647664980:,1747647681869
counter/8/0/0/0,21798:1747647666756:,1747647681869
counter/5/0/0/0,21517:1747647667157:,1747647681869
counter/3/0/0/0,18268:1747647664980:,1747647681869
counter/8/0/0/0,21799:1747647666756:,1747647681869
counter/5/0/0/0,21518:1747647667157:,1747647681869
counter/3/0/0/0,18269:1747647664980:,1747647681869
counter/8/0/0/0,21800:1747647666756:,1747647681869
counter/5/0/0/0,21519:1747647667157:,1747647681869
counter/3/0/0/0,18270:1747647664980:,1747647681869
counter/8/0/0/0,21801:1747647666756:,1747647681869
counter/5/0/0/0,21520:1747647667164:,1747647681869
counter/3/0/0/0,18271:1747647664980:,1747647681869
counter/8/0/0/0,21802:1747647666756:,1747647681869
counter/5/0/0/0,21521:1747647667164:,1747647681869
counter/3/0/0/0,18272:1747647664988:,1747647681869
counter/8/0/0/0,21803:1747647666756:,1747647681869
counter/5/0/0/0,21522:1747647667164:,1747647681869
counter/3/0/0/0,18273:1747647664988:,1747647681869
counter/8/0/0/0,21804:1747647666756:,1747647681869
counter/5/0/0/0,21523:1747647667164:,1747647681869
counter/3/0/0/0,18274:1747647664988:,1747647681869
counter/8/0/0/0,21805:1747647666756:,1747647681869
counter/5/0/0/0,21524:1747647667164:,1747647681870
counter/3/0/0/0,18275:1747647664988:,1747647681870
counter/8/0/0/0,21806:1747647666756:,1747647681870
counter/5/0/0/0,21525:1747647667164:,1747647681870
counter/3/0/0/0,18276:1747647664988:,1747647681870
counter/8/0/0/0,21807:1747647666756:,1747647681870
counter/5/0/0/0,21526:1747647667164:,1747647681870
counter/3/0/0/0,18277:1747647664990:,1747647681870
counter/8/0/0/0,21808:1747647666756:,1747647681870
counter/5/0/0/0,21527:1747647667165:,1747647681870
counter/3/0/0/0,18278:1747647664990:,1747647681870
counter/8/0/0/0,21809:1747647666758:,1747647681870
counter/5/0/0/0,21528:1747647667165:,1747647681870
counter/3/0/0/0,18279:1747647664990:,1747647681870
counter/8/0/0/0,21810:1747647666759:,1747647681870
counter/5/0/0/0,21529:1747647667165:,1747647681870
counter/3/0/0/0,18280:1747647664990:,1747647681870
counter/8/0/0/0,21811:1747647666759:,1747647681870
counter/5/0/0/0,21530:1747647667165:,1747647681870
counter/3/0/0/0,18281:1747647664990:,1747647681870
counter/8/0/0/0,21812:1747647666759:,1747647681870
counter/5/0/0/0,21531:1747647667165:,1747647681870
counter/3/0/0/0,18282:1747647664990:,1747647681870
counter/8/0/0/0,21813:1747647666759:,1747647681870
counter/5/0/0/0,21532:1747647667165:,1747647681870
counter/3/0/0/0,18283:1747647665012:,1747647681870
counter/8/0/0/0,21814:1747647666759:,1747647681870
counter/5/0/0/0,21533:1747647667165:,1747647681870
counter/3/0/0/0,18284:1747647665012:,1747647681870
counter/2/0/0/0,24354:1747647670118:,1747647681870
counter/8/0/0/0,21815:1747647666759:,1747647681870
counter/5/0/0/0,21534:1747647667165:,1747647681870
counter/3/0/0/0,18285:1747647665012:,1747647681870
counter/7/0/0/0,19842:1747647665259:,1747647681870
counter/4/0/0/0,18924:1747647665854:,1747647681870
counter/8/0/0/0,21816:1747647666759:,1747647681870
counter/5/0/0/0,21535:1747647667165:,1747647681870
counter/3/0/0/0,18286:1747647665012:,1747647681870
counter/8/0/0/0,21817:1747647666759:,1747647681870
counter/5/0/0/0,21536:1747647667165:,1747647681870
counter/3/0/0/0,18287:1747647665012:,1747647681871
counter/8/0/0/0,21818:1747647666759:,1747647681871
counter/5/0/0/0,21537:1747647667165:,1747647681871
counter/3/0/0/0,18288:1747647665013:,1747647681871
counter/8/0/0/0,21819:1747647666759:,1747647681871
counter/5/0/0/0,21538:1747647667165:,1747647681871
counter/3/0/0/0,18289:1747647665013:,1747647681871
counter/8/0/0/0,21820:1747647666762:,1747647681871
counter/5/0/0/0,21539:1747647667167:,1747647681871
counter/3/0/0/0,18290:1747647665013:,1747647681871
counter/8/0/0/0,21821:1747647666762:,1747647681871
counter/5/0/0/0,21540:1747647667167:,1747647681871
counter/3/0/0/0,18291:1747647665013:,1747647681871
counter/1/0/0/0,19538:1747647665870:,1747647681871
counter/8/0/0/0,21822:1747647666762:,1747647681871
counter/5/0/0/0,21541:1747647667169:,1747647681871
counter/3/0/0/0,18292:1747647665013:,1747647681871
counter/8/0/0/0,21823:1747647666762:,1747647681871
counter/5/0/0/0,21542:1747647667169:,1747647681871
counter/3/0/0/0,18293:1747647665013:,1747647681871
counter/8/0/0/0,21824:1747647666762:,1747647681871
counter/5/0/0/0,21543:1747647667170:,1747647681871
counter/3/0/0/0,18294:1747647665013:,1747647681871
counter/8/0/0/0,21825:1747647666765:,1747647681871
counter/5/0/0/0,21544:1747647667170:,1747647681871
counter/3/0/0/0,18295:1747647665013:,1747647681871
counter/8/0/0/0,21826:1747647666765:,1747647681871
counter/5/0/0/0,21545:1747647667170:,1747647681871
counter/3/0/0/0,18296:1747647665013:,1747647681871
counter/8/0/0/0,21827:1747647666765:,1747647681871
counter/5/0/0/0,21546:1747647667170:,1747647681871
counter/3/0/0/0,18297:1747647665013:,1747647681871
counter/8/0/0/0,21828:1747647666765:,1747647681871
counter/5/0/0/0,21547:1747647667170:,1747647681871
counter/3/0/0/0,18298:1747647665013:,1747647681871
counter/8/0/0/0,21829:1747647666765:,1747647681871
counter/5/0/0/0,21548:1747647667170:,1747647681871
counter/3/0/0/0,18299:1747647665013:,1747647681871
counter/8/0/0/0,21830:1747647666765:,1747647681871
counter/5/0/0/0,21549:1747647667170:,1747647681871
counter/3/0/0/0,18300:1747647665013:,1747647681871
counter/8/0/0/0,21831:1747647666765:,1747647681871
counter/5/0/0/0,21550:1747647667170:,1747647681871
counter/3/0/0/0,18301:1747647665013:,1747647681871
counter/8/0/0/0,21832:1747647666765:,1747647681872
counter/5/0/0/0,21551:1747647667170:,1747647681872
counter/3/0/0/0,18302:1747647665013:,1747647681872
counter/8/0/0/0,21833:1747647666765:,1747647681872
counter/5/0/0/0,21552:1747647667174:,1747647681872
counter/3/0/0/0,18303:1747647665013:,1747647681872
counter/8/0/0/0,21834:1747647666767:,1747647681872
counter/5/0/0/0,21553:1747647667174:,1747647681872
counter/3/0/0/0,18304:1747647665018:,1747647681872
counter/8/0/0/0,21835:1747647666767:,1747647681872
counter/5/0/0/0,21554:1747647667174:,1747647681872
counter/3/0/0/0,18305:1747647665018:,1747647681872
counter/8/0/0/0,21836:1747647666767:,1747647681872
counter/5/0/0/0,21555:1747647667174:,1747647681872
counter/3/0/0/0,18306:1747647665018:,1747647681872
counter/8/0/0/0,21837:1747647666767:,1747647681872
counter/5/0/0/0,21556:1747647667174:,1747647681872
counter/3/0/0/0,18307:1747647665018:,1747647681872
counter/8/0/0/0,21838:1747647666773:,1747647681872
counter/5/0/0/0,21557:1747647667174:,1747647681872
counter/3/0/0/0,18308:1747647665018:,1747647681872
counter/8/0/0/0,21839:1747647666777:,1747647681872
counter/5/0/0/0,21558:1747647667174:,1747647681872
counter/3/0/0/0,18309:1747647665018:,1747647681872
counter/8/0/0/0,21840:1747647666777:,1747647681872
counter/5/0/0/0,21559:1747647667174:,1747647681872
counter/3/0/0/0,18310:1747647665018:,1747647681872
counter/8/0/0/0,21841:1747647666779:,1747647681872
counter/5/0/0/0,21560:1747647667174:,1747647681872
counter/3/0/0/0,18311:1747647665018:,1747647681872
counter/8/0/0/0,21842:1747647666779:,1747647681872
counter/5/0/0/0,21561:1747647667176:,1747647681872
counter/3/0/0/0,18312:1747647665018:,1747647681872
counter/8/0/0/0,21843:1747647666779:,1747647681872
counter/5/0/0/0,21562:1747647667176:,1747647681872
counter/3/0/0/0,18313:1747647665018:,1747647681872
counter/8/0/0/0,21844:1747647666779:,1747647681872
counter/5/0/0/0,21563:1747647667176:,1747647681873
counter/3/0/0/0,18314:1747647665018:,1747647681873
counter/8/0/0/0,21845:1747647666779:,1747647681873
counter/5/0/0/0,21564:1747647667176:,1747647681873
counter/3/0/0/0,18315:1747647665018:,1747647681873
counter/8/0/0/0,21846:1747647666779:,1747647681873
counter/5/0/0/0,21565:1747647667176:,1747647681873
counter/3/0/0/0,18316:1747647665018:,1747647681873
counter/8/0/0/0,21847:1747647666781:,1747647681873
counter/5/0/0/0,21566:1747647667176:,1747647681873
counter/3/0/0/0,18317:1747647665018:,1747647681873
counter/8/0/0/0,21848:1747647666781:,1747647681873
counter/5/0/0/0,21567:1747647667176:,1747647681873
counter/3/0/0/0,18318:1747647665029:,1747647681873
counter/8/0/0/0,21849:1747647666781:,1747647681873
counter/5/0/0/0,21568:1747647667176:,1747647681873
counter/3/0/0/0,18319:1747647665029:,1747647681873
counter/8/0/0/0,21850:1747647666781:,1747647681873
counter/5/0/0/0,21569:1747647667177:,1747647681873
counter/3/0/0/0,18320:1747647665029:,1747647681873
counter/8/0/0/0,21851:1747647666789:,1747647681873
counter/5/0/0/0,21570:1747647667182:,1747647681873
counter/3/0/0/0,18321:1747647665030:,1747647681873
counter/8/0/0/0,21852:1747647666790:,1747647681873
counter/5/0/0/0,21571:1747647667182:,1747647681873
counter/3/0/0/0,18322:1747647665030:,1747647681873
counter/8/0/0/0,21853:1747647666790:,1747647681873
counter/5/0/0/0,21572:1747647667182:,1747647681873
counter/3/0/0/0,18323:1747647665030:,1747647681873
counter/8/0/0/0,21854:1747647666790:,1747647681873
counter/5/0/0/0,21573:1747647667182:,1747647681873
counter/3/0/0/0,18324:1747647665030:,1747647681873
counter/8/0/0/0,21855:1747647666790:,1747647681873
counter/5/0/0/0,21574:1747647667182:,1747647681873
counter/3/0/0/0,18325:1747647665030:,1747647681873
counter/8/0/0/0,21856:1747647666790:,1747647681873
counter/5/0/0/0,21575:1747647667182:,1747647681873
counter/3/0/0/0,18326:1747647665030:,1747647681873
counter/8/0/0/0,21857:1747647666790:,1747647681873
counter/5/0/0/0,21576:1747647667187:,1747647681873
counter/3/0/0/0,18327:1747647665030:,1747647681873
counter/8/0/0/0,21858:1747647666790:,1747647681873
counter/5/0/0/0,21577:1747647667187:,1747647681873
counter/3/0/0/0,18328:1747647665030:,1747647681874
counter/8/0/0/0,21859:1747647666790:,1747647681874
counter/5/0/0/0,21578:1747647667187:,1747647681874
counter/3/0/0/0,18329:1747647665030:,1747647681874
counter/8/0/0/0,21860:1747647666790:,1747647681874
counter/5/0/0/0,21579:1747647667187:,1747647681874
counter/3/0/0/0,18330:1747647665030:,1747647681874
counter/8/0/0/0,21861:1747647666790:,1747647681874
counter/5/0/0/0,21580:1747647667187:,1747647681874
counter/3/0/0/0,18331:1747647665030:,1747647681874
counter/8/0/0/0,21862:1747647666797:,1747647681874
counter/5/0/0/0,21581:1747647667187:,1747647681874
counter/3/0/0/0,18332:1747647665030:,1747647681874
counter/8/0/0/0,21863:1747647666797:,1747647681874
counter/5/0/0/0,21582:1747647667187:,1747647681874
counter/3/0/0/0,18333:1747647665030:,1747647681874
counter/8/0/0/0,21864:1747647666797:,1747647681874
counter/5/0/0/0,21583:1747647667187:,1747647681874
counter/3/0/0/0,18334:1747647665030:,1747647681874
counter/8/0/0/0,21865:1747647666797:,1747647681874
counter/5/0/0/0,21584:1747647667187:,1747647681874
counter/3/0/0/0,18335:1747647665030:,1747647681874
counter/2/0/0/0,24355:1747647670118:,1747647681874
counter/8/0/0/0,21866:1747647666797:,1747647681874
counter/5/0/0/0,21585:1747647667187:,1747647681874
counter/3/0/0/0,18336:1747647665030:,1747647681874
counter/8/0/0/0,21867:1747647666797:,1747647681874
counter/5/0/0/0,21586:1747647667187:,1747647681874
counter/3/0/0/0,18337:1747647665031:,1747647681874
counter/6/0/0/0,19574:1747647665963:,1747647681874
counter/8/0/0/0,21868:1747647666797:,1747647681874
counter/5/0/0/0,21587:1747647667187:,1747647681874
counter/3/0/0/0,18338:1747647665031:,1747647681874
counter/8/0/0/0,21869:1747647666797:,1747647681874
counter/5/0/0/0,21588:1747647667187:,1747647681874
counter/3/0/0/0,18339:1747647665031:,1747647681874
counter/8/0/0/0,21870:1747647666797:,1747647681874
counter/5/0/0/0,21589:1747647667187:,1747647681874
counter/3/0/0/0,18340:1747647665031:,1747647681874
counter/8/0/0/0,21871:1747647666797:,1747647681874
counter/5/0/0/0,21590:1747647667187:,1747647681875
counter/3/0/0/0,18341:1747647665031:,1747647681875
counter/8/0/0/0,21872:1747647666797:,1747647681875
counter/5/0/0/0,21591:1747647667188:,1747647681875
counter/3/0/0/0,18342:1747647665031:,1747647681875
counter/8/0/0/0,21873:1747647666797:,1747647681875
counter/5/0/0/0,21592:1747647667188:,1747647681875
counter/3/0/0/0,18343:1747647665031:,1747647681875
counter/8/0/0/0,21874:1747647666798:,1747647681875
counter/5/0/0/0,21593:1747647667188:,1747647681875
counter/3/0/0/0,18344:1747647665031:,1747647681875
counter/8/0/0/0,21875:1747647666798:,1747647681875
counter/5/0/0/0,21594:1747647667188:,1747647681875
counter/3/0/0/0,18345:1747647665031:,1747647681875
counter/8/0/0/0,21876:1747647666798:,1747647681875
counter/5/0/0/0,21595:1747647667188:,1747647681875
counter/3/0/0/0,18346:1747647665031:,1747647681875
counter/8/0/0/0,21877:1747647666798:,1747647681875
counter/5/0/0/0,21596:1747647667188:,1747647681875
counter/3/0/0/0,18347:1747647665036:,1747647681875
counter/8/0/0/0,21878:1747647666800:,1747647681875
counter/5/0/0/0,21597:1747647667188:,1747647681875
counter/3/0/0/0,18348:1747647665036:,1747647681875
counter/8/0/0/0,21879:1747647666800:,1747647681875
counter/5/0/0/0,21598:1747647667188:,1747647681875
counter/3/0/0/0,18349:1747647665036:,1747647681875
counter/8/0/0/0,21880:1747647666800:,1747647681875
counter/5/0/0/0,21599:1747647667188:,1747647681875
counter/3/0/0/0,18350:1747647665036:,1747647681875
counter/8/0/0/0,21881:1747647666809:,1747647681875
counter/5/0/0/0,21600:1747647667188:,1747647681875
counter/3/0/0/0,18351:1747647665036:,1747647681875
counter/8/0/0/0,21882:1747647666816:,1747647681875
counter/5/0/0/0,21601:1747647667188:,1747647681875
counter/3/0/0/0,18352:1747647665036:,1747647681876
counter/8/0/0/0,21883:1747647666816:,1747647681876
counter/5/0/0/0,21602:1747647667188:,1747647681876
counter/3/0/0/0,18353:1747647665036:,1747647681876
counter/8/0/0/0,21884:1747647666816:,1747647681876
counter/5/0/0/0,21603:1747647667188:,1747647681876
counter/3/0/0/0,18354:1747647665036:,1747647681876
counter/8/0/0/0,21885:1747647666816:,1747647681876
counter/5/0/0/0,21604:1747647667188:,1747647681876
counter/3/0/0/0,18355:1747647665036:,1747647681876
counter/8/0/0/0,21886:1747647666839:,1747647681876
counter/5/0/0/0,21605:1747647667188:,1747647681876
counter/3/0/0/0,18356:1747647665036:,1747647681876
counter/8/0/0/0,21887:1747647666839:,1747647681876
counter/5/0/0/0,21606:1747647667188:,1747647681876
counter/3/0/0/0,18357:1747647665036:,1747647681876
counter/8/0/0/0,21888:1747647666839:,1747647681876
counter/5/0/0/0,21607:1747647667188:,1747647681876
counter/3/0/0/0,18358:1747647665036:,1747647681876
counter/8/0/0/0,21889:1747647666839:,1747647681876
counter/5/0/0/0,21608:1747647667188:,1747647681876
counter/3/0/0/0,18359:1747647665036:,1747647681876
counter/8/0/0/0,21890:1747647666839:,1747647681876
counter/5/0/0/0,21609:1747647667188:,1747647681876
counter/3/0/0/0,18360:1747647665036:,1747647681876
counter/8/0/0/0,21891:1747647666839:,1747647681876
counter/5/0/0/0,21610:1747647667188:,1747647681876
counter/3/0/0/0,18361:1747647665036:,1747647681876
counter/8/0/0/0,21892:1747647666840:,1747647681876
counter/5/0/0/0,21611:1747647667188:,1747647681876
counter/3/0/0/0,18362:1747647665037:,1747647681876
counter/8/0/0/0,21893:1747647666840:,1747647681876
counter/5/0/0/0,21612:1747647667188:,1747647681876
counter/3/0/0/0,18363:1747647665037:,1747647681876
counter/8/0/0/0,21894:1747647666840:,1747647681876
counter/5/0/0/0,21613:1747647667188:,1747647681876
counter/3/0/0/0,18364:1747647665037:,1747647681876
counter/8/0/0/0,21895:1747647666840:,1747647681876
counter/5/0/0/0,21614:1747647667188:,1747647681876
counter/3/0/0/0,18365:1747647665037:,1747647681876
counter/8/0/0/0,21896:1747647666840:,1747647681876
counter/5/0/0/0,21615:1747647667188:,1747647681876
counter/3/0/0/0,18366:1747647665037:,1747647681877
counter/8/0/0/0,21897:1747647666840:,1747647681877
counter/5/0/0/0,21616:1747647667188:,1747647681877
counter/3/0/0/0,18367:1747647665037:,1747647681877
counter/8/0/0/0,21898:1747647666840:,1747647681877
counter/5/0/0/0,21617:1747647667188:,1747647681877
counter/3/0/0/0,18368:1747647665037:,1747647681877
counter/8/0/0/0,21899:1747647666840:,1747647681877
counter/5/0/0/0,21618:1747647667196:,1747647681877
counter/3/0/0/0,18369:1747647665044:,1747647681877
counter/8/0/0/0,21900:1747647666840:,1747647681877
counter/5/0/0/0,21619:1747647667196:,1747647681877
counter/3/0/0/0,18370:1747647665044:,1747647681877
counter/8/0/0/0,21901:1747647666840:,1747647681877
counter/5/0/0/0,21620:1747647667196:,1747647681877
counter/3/0/0/0,18371:1747647665044:,1747647681877
counter/8/0/0/0,21902:1747647666840:,1747647681877
counter/5/0/0/0,21621:1747647667196:,1747647681877
counter/3/0/0/0,18372:1747647665044:,1747647681877
counter/8/0/0/0,21903:1747647666847:,1747647681877
counter/5/0/0/0,21622:1747647667196:,1747647681877
counter/3/0/0/0,18373:1747647665044:,1747647681877
counter/8/0/0/0,21904:1747647666847:,1747647681877
counter/5/0/0/0,21623:1747647667196:,1747647681877
counter/3/0/0/0,18374:1747647665044:,1747647681877
counter/8/0/0/0,21905:1747647666847:,1747647681877
counter/5/0/0/0,21624:1747647667196:,1747647681877
counter/3/0/0/0,18375:1747647665044:,1747647681877
counter/1/0/0/0,19539:1747647665870:,1747647681877
counter/8/0/0/0,21906:1747647666847:,1747647681877
counter/5/0/0/0,21625:1747647667196:,1747647681877
counter/3/0/0/0,18376:1747647665045:,1747647681877
counter/7/0/0/0,19843:1747647665259:,1747647681877
counter/2/0/0/0,24356:1747647670118:,1747647681877
counter/6/0/0/0,19575:1747647665964:,1747647681877
counter/8/0/0/0,21907:1747647666847:,1747647681877
counter/5/0/0/0,21626:1747647667196:,1747647681878
counter/3/0/0/0,18377:1747647665048:,1747647681878
counter/10/0/0/0,19133:1747647664883:,1747647681878
counter/9/0/0/0,24834:1747647668466:,1747647681878
counter/8/0/0/0,21908:1747647666847:,1747647681878
counter/5/0/0/0,21627:1747647667198:,1747647681878
counter/3/0/0/0,18378:1747647665050:,1747647681878
counter/9/0/0/0,24835:1747647668466:,1747647681878
counter/8/0/0/0,21909:1747647666850:,1747647681878
counter/5/0/0/0,21628:1747647667198:,1747647681878
counter/3/0/0/0,18379:1747647665050:,1747647681878
counter/9/0/0/0,24836:1747647668466:,1747647681878
counter/8/0/0/0,21910:1747647666850:,1747647681878
counter/5/0/0/0,21629:1747647667198:,1747647681878
counter/3/0/0/0,18380:1747647665050:,1747647681878
counter/9/0/0/0,24837:1747647668467:,1747647681878
counter/8/0/0/0,21911:1747647666850:,1747647681878
counter/5/0/0/0,21630:1747647667205:,1747647681878
counter/3/0/0/0,18381:1747647665050:,1747647681878
counter/9/0/0/0,24838:1747647668467:,1747647681878
counter/8/0/0/0,21912:1747647666850:,1747647681878
counter/5/0/0/0,21631:1747647667205:,1747647681878
counter/3/0/0/0,18382:1747647665050:,1747647681878
counter/9/0/0/0,24839:1747647668467:,1747647681878
counter/8/0/0/0,21913:1747647666850:,1747647681878
counter/5/0/0/0,21632:1747647667205:,1747647681878
counter/3/0/0/0,18383:1747647665050:,1747647681878
counter/9/0/0/0,24840:1747647668467:,1747647681878
counter/8/0/0/0,21914:1747647666850:,1747647681878
counter/5/0/0/0,21633:1747647667205:,1747647681878
counter/3/0/0/0,18384:1747647665050:,1747647681878
counter/9/0/0/0,24841:1747647668468:,1747647681878
counter/8/0/0/0,21915:1747647666851:,1747647681878
counter/5/0/0/0,21634:1747647667205:,1747647681878
counter/3/0/0/0,18385:1747647665050:,1747647681878
counter/9/0/0/0,24842:1747647668468:,1747647681878
counter/8/0/0/0,21916:1747647666853:,1747647681878
counter/5/0/0/0,21635:1747647667205:,1747647681879
counter/3/0/0/0,18386:1747647665050:,1747647681879
counter/9/0/0/0,24843:1747647668468:,1747647681879
counter/8/0/0/0,21917:1747647666853:,1747647681879
counter/5/0/0/0,21636:1747647667205:,1747647681879
counter/3/0/0/0,18387:1747647665055:,1747647681879
counter/9/0/0/0,24844:1747647668468:,1747647681879
counter/8/0/0/0,21918:1747647666853:,1747647681879
counter/5/0/0/0,21637:1747647667205:,1747647681879
counter/3/0/0/0,18388:1747647665058:,1747647681879
counter/9/0/0/0,24845:1747647668475:,1747647681879
counter/8/0/0/0,21919:1747647666853:,1747647681879
counter/5/0/0/0,21638:1747647667205:,1747647681879
counter/3/0/0/0,18389:1747647665058:,1747647681879
counter/9/0/0/0,24846:1747647668475:,1747647681879
counter/8/0/0/0,21920:1747647666853:,1747647681879
counter/5/0/0/0,21639:1747647667205:,1747647681879
counter/3/0/0/0,18390:1747647665058:,1747647681879
counter/9/0/0/0,24847:1747647668475:,1747647681879
counter/8/0/0/0,21921:1747647666853:,1747647681879
counter/5/0/0/0,21640:1747647667206:,1747647681879
counter/3/0/0/0,18391:1747647665065:,1747647681879
counter/9/0/0/0,24848:1747647668475:,1747647681879
counter/7/0/0/0,19844:1747647665259:,1747647681879
counter/8/0/0/0,21922:1747647666857:,1747647681879
counter/5/0/0/0,21641:1747647667206:,1747647681879
counter/3/0/0/0,18392:1747647665065:,1747647681879
counter/9/0/0/0,24849:1747647668475:,1747647681879
counter/7/0/0/0,19845:1747647665271:,1747647681879
counter/8/0/0/0,21923:1747647666857:,1747647681879
counter/5/0/0/0,21642:1747647667206:,1747647681879
counter/3/0/0/0,18393:1747647665065:,1747647681879
counter/9/0/0/0,24850:1747647668475:,1747647681879
counter/7/0/0/0,19846:1747647665272:,1747647681879
counter/8/0/0/0,21924:1747647666857:,1747647681879
counter/5/0/0/0,21643:1747647667206:,1747647681879
counter/3/0/0/0,18394:1747647665065:,1747647681879
counter/9/0/0/0,24851:1747647668475:,1747647681879
counter/7/0/0/0,19847:1747647665272:,1747647681879
counter/8/0/0/0,21925:1747647666857:,1747647681879
counter/5/0/0/0,21644:1747647667206:,1747647681879
counter/3/0/0/0,18395:1747647665065:,1747647681880
counter/9/0/0/0,24852:1747647668475:,1747647681880
counter/7/0/0/0,19848:1747647665279:,1747647681880
counter/4/0/0/0,18925:1747647665859:,1747647681880
counter/8/0/0/0,21926:1747647666857:,1747647681880
counter/5/0/0/0,21645:1747647667206:,1747647681880
counter/3/0/0/0,18396:1747647665065:,1747647681880
counter/9/0/0/0,24853:1747647668475:,1747647681880
counter/7/0/0/0,19849:1747647665279:,1747647681880
counter/10/0/0/0,19134:1747647664883:,1747647681880
counter/8/0/0/0,21927:1747647666857:,1747647681880
counter/5/0/0/0,21646:1747647667206:,1747647681880
counter/3/0/0/0,18397:1747647665065:,1747647681880
counter/9/0/0/0,24854:1747647668490:,1747647681880
counter/7/0/0/0,19850:1747647665279:,1747647681880
counter/1/0/0/0,19540:1747647665870:,1747647681880
counter/8/0/0/0,21928:1747647666857:,1747647681880
counter/5/0/0/0,21647:1747647667206:,1747647681880
counter/3/0/0/0,18398:1747647665068:,1747647681880
counter/9/0/0/0,24855:1747647668490:,1747647681880
counter/7/0/0/0,19851:1747647665279:,1747647681880
counter/8/0/0/0,21929:1747647666857:,1747647681880
counter/5/0/0/0,21648:1747647667207:,1747647681880
counter/9/0/0/0,24856:1747647668490:,1747647681880
counter/7/0/0/0,19852:1747647665279:,1747647681880
counter/8/0/0/0,21930:1747647666857:,1747647681880
counter/5/0/0/0,21649:1747647667207:,1747647681880
counter/9/0/0/0,24857:1747647668490:,1747647681880
counter/7/0/0/0,19853:1747647665279:,1747647681880
counter/8/0/0/0,21931:1747647666857:,1747647681880
counter/5/0/0/0,21650:1747647667207:,1747647681880
counter/9/0/0/0,24858:1747647668490:,1747647681880
counter/7/0/0/0,19854:1747647665279:,1747647681880
counter/8/0/0/0,21932:1747647666857:,1747647681880
counter/5/0/0/0,21651:1747647667207:,1747647681880
counter/9/0/0/0,24859:1747647668490:,1747647681880
counter/7/0/0/0,19855:1747647665280:,1747647681880
counter/8/0/0/0,21933:1747647666859:,1747647681881
counter/5/0/0/0,21652:1747647667213:,1747647681881
counter/9/0/0/0,24860:1747647668490:,1747647681881
counter/7/0/0/0,19856:1747647665281:,1747647681881
counter/8/0/0/0,21934:1747647666859:,1747647681881
counter/5/0/0/0,21653:1747647667213:,1747647681881
counter/9/0/0/0,24861:1747647668490:,1747647681881
counter/7/0/0/0,19857:1747647665282:,1747647681881
counter/8/0/0/0,21935:1747647666859:,1747647681881
counter/5/0/0/0,21654:1747647667213:,1747647681881
counter/9/0/0/0,24862:1747647668490:,1747647681881
counter/7/0/0/0,19858:1747647665282:,1747647681881
counter/1/0/0/0,19541:1747647665875:,1747647681881
counter/8/0/0/0,21936:1747647666859:,1747647681881
counter/5/0/0/0,21655:1747647667213:,1747647681881
counter/9/0/0/0,24863:1747647668490:,1747647681881
counter/7/0/0/0,19859:1747647665282:,1747647681881
counter/2/0/0/0,24357:1747647670118:,1747647681881
counter/3/0/0/0,18399:1747647665068:,1747647681881
counter/4/0/0/0,18926:1747647665859:,1747647681881
counter/8/0/0/0,21937:1747647666859:,1747647681881
counter/5/0/0/0,21656:1747647667217:,1747647681881
counter/9/0/0/0,24864:1747647668490:,1747647681881
counter/7/0/0/0,19860:1747647665282:,1747647681881
counter/8/0/0/0,21938:1747647666859:,1747647681881
counter/5/0/0/0,21657:1747647667217:,1747647681881
counter/9/0/0/0,24865:1747647668490:,1747647681881
counter/7/0/0/0,19861:1747647665282:,1747647681881
counter/1/0/0/0,19542:1747647665875:,1747647681881
counter/8/0/0/0,21939:1747647666859:,1747647681881
counter/5/0/0/0,21658:1747647667217:,1747647681881
counter/9/0/0/0,24866:1747647668490:,1747647681881
counter/7/0/0/0,19862:1747647665282:,1747647681881
counter/8/0/0/0,21940:1747647666859:,1747647681881
counter/5/0/0/0,21659:1747647667217:,1747647681881
counter/9/0/0/0,24867:1747647668490:,1747647681881
counter/7/0/0/0,19863:1747647665282:,1747647681881
counter/1/0/0/0,19543:1747647665875:,1747647681881
counter/4/0/0/0,18927:1747647665859:,1747647681881
counter/8/0/0/0,21941:1747647666859:,1747647681881
counter/5/0/0/0,21660:1747647667217:,1747647681881
counter/9/0/0/0,24868:1747647668491:,1747647681882
counter/7/0/0/0,19864:1747647665282:,1747647681882
counter/1/0/0/0,19544:1747647665876:,1747647681882
counter/6/0/0/0,19576:1747647665964:,1747647681882
counter/8/0/0/0,21942:1747647666859:,1747647681882
counter/5/0/0/0,21661:1747647667217:,1747647681882
counter/9/0/0/0,24869:1747647668491:,1747647681882
counter/7/0/0/0,19865:1747647665282:,1747647681882
counter/1/0/0/0,19545:1747647665876:,1747647681882
counter/3/0/0/0,18400:1747647665068:,1747647681882
counter/4/0/0/0,18928:1747647665860:,1747647681882
counter/8/0/0/0,21943:1747647666859:,1747647681882
counter/5/0/0/0,21662:1747647667217:,1747647681882
counter/9/0/0/0,24870:1747647668491:,1747647681882
counter/7/0/0/0,19866:1747647665282:,1747647681882
counter/1/0/0/0,19546:1747647665876:,1747647681882
counter/4/0/0/0,18929:1747647665860:,1747647681882
counter/8/0/0/0,21944:1747647666859:,1747647681882
counter/5/0/0/0,21663:1747647667217:,1747647681882
counter/9/0/0/0,24871:1747647668491:,1747647681882
counter/7/0/0/0,19867:1747647665282:,1747647681882
counter/4/0/0/0,18930:1747647665866:,1747647681882
counter/8/0/0/0,21945:1747647666859:,1747647681882
counter/5/0/0/0,21664:1747647667217:,1747647681882
counter/9/0/0/0,24872:1747647668491:,1747647681882
counter/7/0/0/0,19868:1747647665282:,1747647681882
counter/4/0/0/0,18931:1747647665866:,1747647681882
counter/8/0/0/0,21946:1747647666859:,1747647681882
counter/5/0/0/0,21665:1747647667218:,1747647681882
counter/9/0/0/0,24873:1747647668491:,1747647681882
counter/7/0/0/0,19869:1747647665282:,1747647681882
counter/4/0/0/0,18932:1747647665866:,1747647681882
counter/8/0/0/0,21947:1747647666859:,1747647681882
counter/5/0/0/0,21666:1747647667218:,1747647681882
counter/9/0/0/0,24874:1747647668491:,1747647681882
counter/7/0/0/0,19870:1747647665282:,1747647681882
counter/4/0/0/0,18933:1747647665866:,1747647681882
counter/8/0/0/0,21948:1747647666860:,1747647681882
counter/5/0/0/0,21667:1747647667218:,1747647681882
counter/9/0/0/0,24875:1747647668491:,1747647681882
counter/7/0/0/0,19871:1747647665282:,1747647681882
counter/4/0/0/0,18934:1747647665866:,1747647681882
counter/1/0/0/0,19547:1747647665876:,1747647681882
counter/6/0/0/0,19577:1747647665964:,1747647681883
counter/8/0/0/0,21949:1747647666860:,1747647681883
counter/5/0/0/0,21668:1747647667218:,1747647681883
counter/9/0/0/0,24876:1747647668491:,1747647681883
counter/7/0/0/0,19872:1747647665282:,1747647681883
counter/4/0/0/0,18935:1747647665866:,1747647681883
counter/6/0/0/0,19578:1747647665964:,1747647681883
counter/8/0/0/0,21950:1747647666860:,1747647681883
counter/5/0/0/0,21669:1747647667218:,1747647681883
counter/9/0/0/0,24877:1747647668491:,1747647681883
counter/7/0/0/0,19873:1747647665282:,1747647681883
counter/4/0/0/0,18936:1747647665866:,1747647681883
counter/6/0/0/0,19579:1747647665964:,1747647681883
counter/8/0/0/0,21951:1747647666860:,1747647681883
counter/5/0/0/0,21670:1747647667218:,1747647681883
counter/9/0/0/0,24878:1747647668491:,1747647681883
counter/7/0/0/0,19874:1747647665282:,1747647681883
counter/4/0/0/0,18937:1747647665866:,1747647681883
counter/6/0/0/0,19580:1747647665964:,1747647681883
counter/8/0/0/0,21952:1747647666860:,1747647681883
counter/5/0/0/0,21671:1747647667227:,1747647681883
counter/9/0/0/0,24879:1747647668491:,1747647681883
counter/7/0/0/0,19875:1747647665283:,1747647681883
counter/4/0/0/0,18938:1747647665866:,1747647681883
counter/6/0/0/0,19581:1747647665964:,1747647681883
counter/8/0/0/0,21953:1747647666860:,1747647681883
counter/5/0/0/0,21672:1747647667232:,1747647681883
counter/7/0/0/0,19876:1747647665283:,1747647681883
counter/4/0/0/0,18939:1747647665866:,1747647681883
counter/6/0/0/0,19582:1747647665964:,1747647681883
counter/8/0/0/0,21954:1747647666860:,1747647681883
counter/5/0/0/0,21673:1747647667232:,1747647681883
counter/7/0/0/0,19877:1747647665285:,1747647681883
counter/4/0/0/0,18940:1747647665867:,1747647681883
counter/6/0/0/0,19583:1747647665964:,1747647681883
counter/8/0/0/0,21955:1747647666860:,1747647681883
counter/5/0/0/0,21674:1747647667232:,1747647681883
counter/7/0/0/0,19878:1747647665285:,1747647681883
counter/4/0/0/0,18941:1747647665867:,1747647681883
counter/6/0/0/0,19584:1747647665964:,1747647681884
counter/8/0/0/0,21956:1747647666860:,1747647681884
counter/5/0/0/0,21675:1747647667232:,1747647681884
counter/7/0/0/0,19879:1747647665285:,1747647681884
counter/4/0/0/0,18942:1747647665867:,1747647681884
counter/6/0/0/0,19585:1747647665964:,1747647681884
counter/8/0/0/0,21957:1747647666863:,1747647681884
counter/5/0/0/0,21676:1747647667232:,1747647681884
counter/7/0/0/0,19880:1747647665285:,1747647681884
counter/6/0/0/0,19586:1747647665980:,1747647681884
counter/8/0/0/0,21958:1747647666863:,1747647681884
counter/5/0/0/0,21677:1747647667232:,1747647681884
counter/7/0/0/0,19881:1747647665285:,1747647681884
counter/6/0/0/0,19587:1747647665980:,1747647681884
counter/8/0/0/0,21959:1747647666863:,1747647681884
counter/5/0/0/0,21678:1747647667232:,1747647681884
counter/7/0/0/0,19882:1747647665285:,1747647681884
counter/6/0/0/0,19588:1747647665980:,1747647681884
counter/8/0/0/0,21960:1747647666863:,1747647681884
counter/5/0/0/0,21679:1747647667232:,1747647681884
counter/7/0/0/0,19883:1747647665285:,1747647681884
counter/6/0/0/0,19589:1747647665980:,1747647681884
counter/8/0/0/0,21961:1747647666863:,1747647681884
counter/5/0/0/0,21680:1747647667232:,1747647681884
counter/7/0/0/0,19884:1747647665285:,1747647681884
counter/6/0/0/0,19590:1747647665980:,1747647681884
counter/8/0/0/0,21962:1747647666863:,1747647681884
counter/5/0/0/0,21681:1747647667232:,1747647681884
counter/7/0/0/0,19885:1747647665285:,1747647681884
counter/6/0/0/0,19591:1747647665996:,1747647681884
counter/8/0/0/0,21963:1747647666863:,1747647681884
counter/5/0/0/0,21682:1747647667232:,1747647681884
counter/7/0/0/0,19886:1747647665285:,1747647681884
counter/6/0/0/0,19592:1747647665996:,1747647681884
counter/8/0/0/0,21964:1747647666868:,1747647681884
counter/5/0/0/0,21683:1747647667232:,1747647681884
counter/7/0/0/0,19887:1747647665285:,1747647681884
counter/6/0/0/0,19593:1747647665996:,1747647681884
counter/8/0/0/0,21965:1747647666868:,1747647681884
counter/5/0/0/0,21684:1747647667232:,1747647681884
counter/7/0/0/0,19888:1747647665285:,1747647681884
counter/6/0/0/0,19594:1747647665996:,1747647681885
counter/8/0/0/0,21966:1747647666868:,1747647681885
counter/5/0/0/0,21685:1747647667232:,1747647681885
counter/7/0/0/0,19889:1747647665288:,1747647681885
counter/6/0/0/0,19595:1747647665996:,1747647681885
counter/9/0/0/0,24880:1747647668491:,1747647681885
counter/3/0/0/0,18401:1747647665068:,1747647681885
counter/8/0/0/0,21967:1747647666868:,1747647681885
counter/5/0/0/0,21686:1747647667232:,1747647681885
counter/7/0/0/0,19890:1747647665288:,1747647681885
counter/6/0/0/0,19596:1747647665996:,1747647681885
counter/8/0/0/0,21968:1747647666868:,1747647681885
counter/5/0/0/0,21687:1747647667232:,1747647681885
counter/7/0/0/0,19891:1747647665288:,1747647681885
counter/6/0/0/0,19597:1747647665996:,1747647681885
counter/8/0/0/0,21969:1747647666868:,1747647681885
counter/7/0/0/0,19892:1747647665288:,1747647681885
counter/6/0/0/0,19598:1747647665996:,1747647681885
counter/8/0/0/0,21970:1747647666868:,1747647681885
counter/7/0/0/0,19893:1747647665288:,1747647681885
counter/6/0/0/0,19599:1747647665999:,1747647681885
counter/8/0/0/0,21971:1747647666868:,1747647681885
counter/7/0/0/0,19894:1747647665288:,1747647681885
counter/6/0/0/0,19600:1747647665999:,1747647681885
counter/8/0/0/0,21972:1747647666868:,1747647681885
counter/7/0/0/0,19895:1747647665288:,1747647681885
counter/6/0/0/0,19601:1747647665999:,1747647681885
counter/8/0/0/0,21973:1747647666868:,1747647681885
counter/7/0/0/0,19896:1747647665288:,1747647681885
counter/6/0/0/0,19602:1747647665999:,1747647681885
counter/8/0/0/0,21974:1747647666871:,1747647681885
counter/7/0/0/0,19897:1747647665288:,1747647681885
counter/6/0/0/0,19603:1747647665999:,1747647681885
counter/8/0/0/0,21975:1747647666871:,1747647681885
counter/7/0/0/0,19898:1747647665288:,1747647681885
counter/6/0/0/0,19604:1747647665999:,1747647681885
counter/8/0/0/0,21976:1747647666874:,1747647681885
counter/6/0/0/0,19605:1747647665999:,1747647681885
counter/8/0/0/0,21977:1747647666874:,1747647681885
counter/6/0/0/0,19606:1747647665999:,1747647681885
counter/8/0/0/0,21978:1747647666874:,1747647681886
counter/6/0/0/0,19607:1747647665999:,1747647681886
counter/8/0/0/0,21979:1747647666874:,1747647681886
counter/6/0/0/0,19608:1747647665999:,1747647681886
counter/8/0/0/0,21980:1747647666874:,1747647681886
counter/6/0/0/0,19609:1747647665999:,1747647681886
counter/8/0/0/0,21981:1747647666874:,1747647681886
counter/6/0/0/0,19610:1747647665999:,1747647681886
counter/8/0/0/0,21982:1747647666874:,1747647681886
counter/6/0/0/0,19611:1747647665999:,1747647681886
counter/2/0/0/0,24358:1747647670122:,1747647681886
counter/8/0/0/0,21983:1747647666874:,1747647681886
counter/6/0/0/0,19612:1747647665999:,1747647681886
counter/4/0/0/0,18943:1747647665867:,1747647681886
counter/7/0/0/0,19899:1747647665288:,1747647681886
counter/8/0/0/0,21984:1747647666874:,1747647681886
counter/6/0/0/0,19613:1747647665999:,1747647681886
counter/7/0/0/0,19900:1747647665289:,1747647681886
counter/8/0/0/0,21985:1747647666874:,1747647681886
counter/6/0/0/0,19614:1747647665999:,1747647681886
counter/7/0/0/0,19901:1747647665289:,1747647681886
counter/8/0/0/0,21986:1747647666874:,1747647681886
counter/6/0/0/0,19615:1747647665999:,1747647681886
counter/7/0/0/0,19902:1747647665289:,1747647681886
counter/8/0/0/0,21987:1747647666874:,1747647681886
counter/6/0/0/0,19616:1747647666004:,1747647681886
counter/7/0/0/0,19903:1747647665289:,1747647681886
counter/8/0/0/0,21988:1747647666874:,1747647681886
counter/6/0/0/0,19617:1747647666004:,1747647681886
counter/7/0/0/0,19904:1747647665289:,1747647681886
counter/10/0/0/0,19135:1747647664883:,1747647681886
counter/8/0/0/0,21989:1747647666879:,1747647681886
counter/6/0/0/0,19618:1747647666004:,1747647681886
counter/7/0/0/0,19905:1747647665289:,1747647681886
counter/5/0/0/0,21688:1747647667232:,1747647681886
counter/2/0/0/0,24359:1747647670122:,1747647681886
counter/4/0/0/0,18944:1747647665867:,1747647681886
counter/8/0/0/0,21990:1747647666879:,1747647681886
counter/6/0/0/0,19619:1747647666004:,1747647681886
counter/7/0/0/0,19906:1747647665299:,1747647681886
counter/5/0/0/0,21689:1747647667232:,1747647681886
counter/8/0/0/0,21991:1747647666879:,1747647681886
counter/6/0/0/0,19620:1747647666004:,1747647681886
counter/7/0/0/0,19907:1747647665307:,1747647681887
counter/5/0/0/0,21690:1747647667233:,1747647681887
counter/10/0/0/0,19136:1747647664883:,1747647681887
counter/8/0/0/0,21992:1747647666879:,1747647681887
counter/6/0/0/0,19621:1747647666004:,1747647681887
counter/7/0/0/0,19908:1747647665307:,1747647681887
counter/5/0/0/0,21691:1747647667233:,1747647681887
counter/2/0/0/0,24360:1747647670122:,1747647681887
counter/8/0/0/0,21993:1747647666889:,1747647681887
counter/6/0/0/0,19622:1747647666004:,1747647681887
counter/7/0/0/0,19909:1747647665307:,1747647681887
counter/5/0/0/0,21692:1747647667233:,1747647681887
counter/2/0/0/0,24361:1747647670122:,1747647681887
counter/8/0/0/0,21994:1747647666889:,1747647681887
counter/6/0/0/0,19623:1747647666022:,1747647681887
counter/7/0/0/0,19910:1747647665307:,1747647681887
counter/5/0/0/0,21693:1747647667233:,1747647681887
counter/2/0/0/0,24362:1747647670122:,1747647681887
counter/8/0/0/0,21995:1747647666889:,1747647681887
counter/6/0/0/0,19624:1747647666022:,1747647681887
counter/7/0/0/0,19911:1747647665307:,1747647681887
counter/5/0/0/0,21694:1747647667233:,1747647681887
counter/2/0/0/0,24363:1747647670122:,1747647681887
counter/8/0/0/0,21996:1747647666889:,1747647681887
counter/6/0/0/0,19625:1747647666022:,1747647681887
counter/7/0/0/0,19912:1747647665307:,1747647681887
counter/2/0/0/0,24364:1747647670122:,1747647681887
counter/8/0/0/0,21997:1747647666889:,1747647681887
counter/6/0/0/0,19626:1747647666022:,1747647681887
counter/2/0/0/0,24365:1747647670122:,1747647681887
counter/8/0/0/0,21998:1747647666889:,1747647681887
counter/6/0/0/0,19627:1747647666022:,1747647681887
counter/2/0/0/0,24366:1747647670122:,1747647681887
counter/1/0/0/0,19548:1747647665876:,1747647681887
counter/8/0/0/0,21999:1747647666889:,1747647681887
counter/6/0/0/0,19628:1747647666022:,1747647681887
counter/2/0/0/0,24367:1747647670122:,1747647681887
counter/8/0/0/0,22000:1747647666901:,1747647681887
counter/6/0/0/0,19629:1747647666022:,1747647681887
counter/2/0/0/0,24368:1747647670122:,1747647681887
counter/8/0/0/0,22001:1747647666902:,1747647681888
counter/6/0/0/0,19630:1747647666023:,1747647681888
counter/2/0/0/0,24369:1747647670122:,1747647681888
counter/8/0/0/0,22002:1747647666902:,1747647681888
counter/6/0/0/0,19631:1747647666023:,1747647681888
counter/2/0/0/0,24370:1747647670122:,1747647681888
counter/8/0/0/0,22003:1747647666902:,1747647681888
counter/6/0/0/0,19632:1747647666023:,1747647681888
counter/2/0/0/0,24371:1747647670122:,1747647681888
counter/8/0/0/0,22004:1747647666902:,1747647681888
counter/6/0/0/0,19633:1747647666034:,1747647681888
counter/2/0/0/0,24372:1747647670156:,1747647681888
counter/8/0/0/0,22005:1747647666902:,1747647681888
counter/6/0/0/0,19634:1747647666037:,1747647681888
counter/2/0/0/0,24373:1747647670157:,1747647681888
counter/8/0/0/0,22006:1747647666902:,1747647681888
counter/6/0/0/0,19635:1747647666037:,1747647681888
counter/2/0/0/0,24374:1747647670157:,1747647681888
counter/8/0/0/0,22007:1747647666902:,1747647681888
counter/6/0/0/0,19636:1747647666037:,1747647681888
counter/2/0/0/0,24375:1747647670157:,1747647681888
counter/8/0/0/0,22008:1747647666902:,1747647681888
counter/6/0/0/0,19637:1747647666037:,1747647681888
counter/2/0/0/0,24376:1747647670157:,1747647681888
counter/8/0/0/0,22009:1747647666902:,1747647681888
counter/6/0/0/0,19638:1747647666037:,1747647681888
counter/2/0/0/0,24377:1747647670157:,1747647681888
counter/8/0/0/0,22010:1747647666902:,1747647681888
counter/6/0/0/0,19639:1747647666038:,1747647681888
counter/8/0/0/0,22011:1747647666902:,1747647681888
counter/6/0/0/0,19640:1747647666038:,1747647681888
counter/2/0/0/0,24378:1747647670157:,1747647681888
counter/8/0/0/0,22012:1747647666906:,1747647681888
counter/6/0/0/0,19641:1747647666038:,1747647681888
counter/2/0/0/0,24379:1747647670168:,1747647681888
counter/1/0/0/0,19549:1747647665876:,1747647681888
counter/10/0/0/0,19137:1747647664883:,1747647681888
counter/8/0/0/0,22013:1747647666906:,1747647681888
counter/6/0/0/0,19642:1747647666038:,1747647681888
counter/2/0/0/0,24380:1747647670168:,1747647681889
counter/10/0/0/0,19138:1747647664883:,1747647681889
counter/8/0/0/0,22014:1747647666906:,1747647681889
counter/6/0/0/0,19643:1747647666038:,1747647681889
counter/2/0/0/0,24381:1747647670168:,1747647681889
counter/10/0/0/0,19139:1747647664884:,1747647681889
counter/8/0/0/0,22015:1747647666906:,1747647681889
counter/6/0/0/0,19644:1747647666038:,1747647681889
counter/2/0/0/0,24382:1747647670168:,1747647681889
counter/10/0/0/0,19140:1747647664884:,1747647681889
counter/8/0/0/0,22016:1747647666910:,1747647681889
counter/6/0/0/0,19645:1747647666038:,1747647681889
counter/2/0/0/0,24383:1747647670168:,1747647681889
counter/10/0/0/0,19141:1747647664884:,1747647681889
counter/4/0/0/0,18945:1747647665867:,1747647681889
counter/7/0/0/0,19913:1747647665307:,1747647681889
counter/8/0/0/0,22017:1747647666910:,1747647681889
counter/6/0/0/0,19646:1747647666038:,1747647681889
counter/2/0/0/0,24384:1747647670168:,1747647681889
counter/8/0/0/0,22018:1747647666910:,1747647681889
counter/6/0/0/0,19647:1747647666038:,1747647681889
counter/2/0/0/0,24385:1747647670168:,1747647681889
counter/8/0/0/0,22019:1747647666910:,1747647681889
counter/6/0/0/0,19648:1747647666048:,1747647681889
counter/2/0/0/0,24386:1747647670168:,1747647681889
counter/8/0/0/0,22020:1747647666910:,1747647681889
counter/6/0/0/0,19649:1747647666048:,1747647681889
counter/2/0/0/0,24387:1747647670168:,1747647681889
counter/8/0/0/0,22021:1747647666910:,1747647681889
counter/6/0/0/0,19650:1747647666048:,1747647681889
counter/2/0/0/0,24388:1747647670168:,1747647681889
counter/4/0/0/0,18946:1747647665867:,1747647681889
counter/8/0/0/0,22022:1747647666910:,1747647681889
counter/6/0/0/0,19651:1747647666048:,1747647681889
counter/2/0/0/0,24389:1747647670173:,1747647681889
counter/10/0/0/0,19142:1747647664884:,1747647681889
counter/1/0/0/0,19550:1747647665881:,1747647681889
counter/8/0/0/0,22023:1747647666910:,1747647681889
counter/6/0/0/0,19652:1747647666048:,1747647681889
counter/2/0/0/0,24390:1747647670173:,1747647681889
counter/8/0/0/0,22024:1747647666910:,1747647681889
counter/6/0/0/0,19653:1747647666049:,1747647681889
counter/2/0/0/0,24391:1747647670173:,1747647681889
counter/8/0/0/0,22025:1747647666910:,1747647681889
counter/6/0/0/0,19654:1747647666049:,1747647681890
counter/2/0/0/0,24392:1747647670173:,1747647681890
counter/8/0/0/0,22026:1747647666910:,1747647681890
counter/6/0/0/0,19655:1747647666049:,1747647681890
counter/2/0/0/0,24393:1747647670173:,1747647681890
counter/8/0/0/0,22027:1747647666910:,1747647681890
counter/6/0/0/0,19656:1747647666049:,1747647681890
counter/2/0/0/0,24394:1747647670173:,1747647681890
counter/8/0/0/0,22028:1747647666910:,1747647681890
counter/6/0/0/0,19657:1747647666049:,1747647681890
counter/2/0/0/0,24395:1747647670173:,1747647681890
counter/8/0/0/0,22029:1747647666911:,1747647681890
counter/6/0/0/0,19658:1747647666049:,1747647681890
counter/2/0/0/0,24396:1747647670182:,1747647681890
counter/1/0/0/0,19551:1747647665881:,1747647681890
counter/8/0/0/0,22030:1747647666911:,1747647681890
counter/6/0/0/0,19659:1747647666049:,1747647681890
counter/2/0/0/0,24397:1747647670183:,1747647681890
counter/8/0/0/0,22031:1747647666911:,1747647681890
counter/6/0/0/0,19660:1747647666049:,1747647681890
counter/2/0/0/0,24398:1747647670183:,1747647681890
counter/8/0/0/0,22032:1747647666911:,1747647681890
counter/6/0/0/0,19661:1747647666049:,1747647681890
counter/2/0/0/0,24399:1747647670186:,1747647681890
counter/8/0/0/0,22033:1747647666911:,1747647681890
counter/6/0/0/0,19662:1747647666049:,1747647681890
counter/2/0/0/0,24400:1747647670186:,1747647681890
counter/8/0/0/0,22034:1747647666911:,1747647681890
counter/6/0/0/0,19663:1747647666049:,1747647681890
counter/8/0/0/0,22035:1747647666911:,1747647681890
counter/6/0/0/0,19664:1747647666049:,1747647681890
counter/8/0/0/0,22036:1747647666911:,1747647681890
counter/6/0/0/0,19665:1747647666049:,1747647681890
counter/8/0/0/0,22037:1747647666911:,1747647681890
counter/6/0/0/0,19666:1747647666049:,1747647681890
counter/8/0/0/0,22038:1747647666911:,1747647681890
counter/6/0/0/0,19667:1747647666049:,1747647681890
counter/8/0/0/0,22039:1747647666911:,1747647681890
counter/6/0/0/0,19668:1747647666049:,1747647681890
counter/8/0/0/0,22040:1747647666911:,1747647681890
counter/6/0/0/0,19669:1747647666049:,1747647681891
counter/10/0/0/0,19143:1747647664889:,1747647681891
counter/8/0/0/0,22041:1747647666911:,1747647681891
counter/6/0/0/0,19670:1747647666049:,1747647681891
counter/4/0/0/0,18947:1747647665867:,1747647681891
counter/9/0/0/0,24881:1747647668491:,1747647681891
counter/8/0/0/0,22042:1747647666911:,1747647681891
counter/6/0/0/0,19671:1747647666051:,1747647681891
counter/8/0/0/0,22043:1747647666911:,1747647681891
counter/6/0/0/0,19672:1747647666054:,1747647681891
counter/8/0/0/0,22044:1747647666911:,1747647681891
counter/6/0/0/0,19673:1747647666055:,1747647681891
counter/8/0/0/0,22045:1747647666919:,1747647681891
counter/6/0/0/0,19674:1747647666055:,1747647681891
counter/4/0/0/0,18948:1747647665867:,1747647681891
counter/8/0/0/0,22046:1747647666919:,1747647681891
counter/6/0/0/0,19675:1747647666055:,1747647681891
counter/9/0/0/0,24882:1747647668491:,1747647681891
counter/8/0/0/0,22047:1747647666919:,1747647681891
counter/6/0/0/0,19676:1747647666056:,1747647681891
counter/3/0/0/0,18402:1747647665074:,1747647681891
counter/1/0/0/0,19552:1747647665881:,1747647681891
counter/8/0/0/0,22048:1747647666919:,1747647681891
counter/6/0/0/0,19677:1747647666056:,1747647681891
counter/2/0/0/0,24401:1747647670186:,1747647681891
counter/8/0/0/0,22049:1747647666919:,1747647681891
counter/6/0/0/0,19678:1747647666056:,1747647681891
counter/8/0/0/0,22050:1747647666919:,1747647681891
counter/6/0/0/0,19679:1747647666056:,1747647681891
counter/8/0/0/0,22051:1747647666919:,1747647681891
counter/6/0/0/0,19680:1747647666056:,1747647681891
counter/8/0/0/0,22052:1747647666919:,1747647681891
counter/6/0/0/0,19681:1747647666056:,1747647681891
counter/8/0/0/0,22053:1747647666919:,1747647681891
counter/6/0/0/0,19682:1747647666060:,1747647681891
counter/8/0/0/0,22054:1747647666919:,1747647681891
counter/6/0/0/0,19683:1747647666060:,1747647681891
counter/8/0/0/0,22055:1747647666920:,1747647681891
counter/6/0/0/0,19684:1747647666060:,1747647681891
counter/8/0/0/0,22056:1747647666920:,1747647681891
counter/6/0/0/0,19685:1747647666060:,1747647681891
counter/8/0/0/0,22057:1747647666920:,1747647681892
counter/6/0/0/0,19686:1747647666070:,1747647681892
counter/8/0/0/0,22058:1747647666920:,1747647681892
counter/6/0/0/0,19687:1747647666070:,1747647681892
counter/8/0/0/0,22059:1747647666920:,1747647681892
counter/6/0/0/0,19688:1747647666070:,1747647681892
counter/8/0/0/0,22060:1747647666921:,1747647681892
counter/6/0/0/0,19689:1747647666070:,1747647681892
counter/8/0/0/0,22061:1747647666921:,1747647681892
counter/6/0/0/0,19690:1747647666070:,1747647681892
counter/8/0/0/0,22062:1747647666921:,1747647681892
counter/6/0/0/0,19691:1747647666070:,1747647681892
counter/8/0/0/0,22063:1747647666921:,1747647681892
counter/6/0/0/0,19692:1747647666070:,1747647681892
counter/8/0/0/0,22064:1747647666921:,1747647681892
counter/6/0/0/0,19693:1747647666070:,1747647681892
counter/8/0/0/0,22065:1747647666921:,1747647681892
counter/6/0/0/0,19694:1747647666070:,1747647681892
counter/8/0/0/0,22066:1747647666921:,1747647681892
counter/6/0/0/0,19695:1747647666070:,1747647681892
counter/8/0/0/0,22067:1747647666921:,1747647681892
counter/6/0/0/0,19696:1747647666070:,1747647681892
counter/8/0/0/0,22068:1747647666921:,1747647681892
counter/6/0/0/0,19697:1747647666070:,1747647681892
counter/8/0/0/0,22069:1747647666923:,1747647681892
counter/6/0/0/0,19698:1747647666070:,1747647681892
counter/8/0/0/0,22070:1747647666923:,1747647681892
counter/6/0/0/0,19699:1747647666072:,1747647681892
counter/8/0/0/0,22071:1747647666923:,1747647681892
counter/6/0/0/0,19700:1747647666075:,1747647681892
counter/8/0/0/0,22072:1747647666923:,1747647681892
counter/6/0/0/0,19701:1747647666075:,1747647681892
counter/8/0/0/0,22073:1747647666923:,1747647681892
counter/6/0/0/0,19702:1747647666075:,1747647681892
counter/8/0/0/0,22074:1747647666923:,1747647681892
counter/6/0/0/0,19703:1747647666075:,1747647681892
counter/8/0/0/0,22075:1747647666923:,1747647681892
counter/6/0/0/0,19704:1747647666075:,1747647681892
counter/8/0/0/0,22076:1747647666931:,1747647681893
counter/6/0/0/0,19705:1747647666075:,1747647681893
counter/8/0/0/0,22077:1747647666931:,1747647681893
counter/6/0/0/0,19706:1747647666075:,1747647681893
counter/8/0/0/0,22078:1747647666931:,1747647681893
counter/6/0/0/0,19707:1747647666075:,1747647681893
counter/8/0/0/0,22079:1747647666931:,1747647681893
counter/6/0/0/0,19708:1747647666075:,1747647681893
counter/8/0/0/0,22080:1747647666932:,1747647681893
counter/6/0/0/0,19709:1747647666075:,1747647681893
counter/8/0/0/0,22081:1747647666932:,1747647681893
counter/6/0/0/0,19710:1747647666076:,1747647681893
counter/8/0/0/0,22082:1747647666932:,1747647681893
counter/6/0/0/0,19711:1747647666088:,1747647681893
counter/8/0/0/0,22083:1747647666932:,1747647681893
counter/6/0/0/0,19712:1747647666088:,1747647681893
counter/8/0/0/0,22084:1747647666932:,1747647681893
counter/6/0/0/0,19713:1747647666122:,1747647681893
counter/8/0/0/0,22085:1747647666933:,1747647681893
counter/6/0/0/0,19714:1747647666122:,1747647681893
counter/8/0/0/0,22086:1747647666933:,1747647681893
counter/6/0/0/0,19715:1747647666615:,1747647681893
counter/8/0/0/0,22087:1747647666942:,1747647681893
counter/6/0/0/0,19716:1747647666615:,1747647681893
counter/8/0/0/0,22088:1747647666942:,1747647681893
counter/6/0/0/0,19717:1747647666615:,1747647681893
counter/8/0/0/0,22089:1747647666942:,1747647681893
counter/6/0/0/0,19718:1747647666615:,1747647681893
counter/8/0/0/0,22090:1747647666942:,1747647681893
counter/6/0/0/0,19719:1747647666615:,1747647681893
counter/8/0/0/0,22091:1747647666945:,1747647681893
counter/6/0/0/0,19720:1747647666621:,1747647681893
counter/8/0/0/0,22092:1747647666945:,1747647681893
counter/6/0/0/0,19721:1747647666623:,1747647681893
counter/8/0/0/0,22093:1747647666945:,1747647681893
counter/6/0/0/0,19722:1747647666626:,1747647681893
counter/8/0/0/0,22094:1747647666945:,1747647681893
counter/6/0/0/0,19723:1747647666626:,1747647681893
counter/8/0/0/0,22095:1747647666945:,1747647681893
counter/6/0/0/0,19724:1747647666630:,1747647681893
counter/8/0/0/0,22096:1747647666945:,1747647681894
counter/6/0/0/0,19725:1747647666631:,1747647681894
counter/8/0/0/0,22097:1747647666950:,1747647681894
counter/6/0/0/0,19726:1747647666631:,1747647681894
counter/8/0/0/0,22098:1747647666956:,1747647681894
counter/6/0/0/0,19727:1747647666631:,1747647681894
counter/8/0/0/0,22099:1747647666957:,1747647681894
counter/6/0/0/0,19728:1747647666637:,1747647681894
counter/8/0/0/0,22100:1747647666957:,1747647681894
counter/6/0/0/0,19729:1747647666641:,1747647681894
counter/8/0/0/0,22101:1747647666957:,1747647681894
counter/6/0/0/0,19730:1747647666643:,1747647681894
counter/8/0/0/0,22102:1747647666957:,1747647681894
counter/6/0/0/0,19731:1747647666648:,1747647681894
counter/8/0/0/0,22103:1747647666962:,1747647681894
counter/6/0/0/0,19732:1747647666671:,1747647681894
counter/8/0/0/0,22104:1747647666963:,1747647681894
counter/6/0/0/0,19733:1747647666671:,1747647681894
counter/8/0/0/0,22105:1747647666963:,1747647681894
counter/6/0/0/0,19734:1747647666671:,1747647681894
counter/8/0/0/0,22106:1747647666963:,1747647681894
counter/6/0/0/0,19735:1747647666671:,1747647681894
counter/8/0/0/0,22107:1747647666963:,1747647681894
counter/6/0/0/0,19736:1747647666671:,1747647681894
counter/8/0/0/0,22108:1747647666963:,1747647681894
counter/6/0/0/0,19737:1747647666671:,1747647681894
counter/8/0/0/0,22109:1747647666963:,1747647681894
counter/6/0/0/0,19738:1747647666671:,1747647681894
counter/8/0/0/0,22110:1747647666966:,1747647681894
counter/6/0/0/0,19739:1747647666677:,1747647681894
counter/8/0/0/0,22111:1747647666966:,1747647681894
counter/6/0/0/0,19740:1747647666677:,1747647681894
counter/8/0/0/0,22112:1747647666966:,1747647681894
counter/6/0/0/0,19741:1747647666677:,1747647681894
counter/8/0/0/0,22113:1747647666966:,1747647681894
counter/6/0/0/0,19742:1747647666677:,1747647681894
counter/8/0/0/0,22114:1747647666966:,1747647681894
counter/6/0/0/0,19743:1747647666677:,1747647681894
counter/8/0/0/0,22115:1747647666966:,1747647681894
counter/6/0/0/0,19744:1747647666687:,1747647681895
counter/8/0/0/0,22116:1747647666966:,1747647681895
counter/6/0/0/0,19745:1747647666687:,1747647681895
counter/8/0/0/0,22117:1747647666966:,1747647681895
counter/6/0/0/0,19746:1747647666687:,1747647681895
counter/8/0/0/0,22118:1747647666966:,1747647681895
counter/6/0/0/0,19747:1747647666687:,1747647681895
counter/8/0/0/0,22119:1747647666966:,1747647681895
counter/6/0/0/0,19748:1747647666687:,1747647681895
counter/8/0/0/0,22120:1747647666966:,1747647681895
counter/6/0/0/0,19749:1747647666687:,1747647681895
counter/8/0/0/0,22121:1747647666966:,1747647681895
counter/6/0/0/0,19750:1747647666687:,1747647681895
counter/8/0/0/0,22122:1747647666966:,1747647681895
counter/6/0/0/0,19751:1747647666690:,1747647681895
counter/8/0/0/0,22123:1747647666966:,1747647681895
counter/6/0/0/0,19752:1747647666690:,1747647681895
counter/8/0/0/0,22124:1747647666966:,1747647681895
counter/6/0/0/0,19753:1747647666690:,1747647681895
counter/10/0/0/0,19144:1747647664889:,1747647681895
counter/8/0/0/0,22125:1747647666967:,1747647681895
counter/6/0/0/0,19754:1747647666690:,1747647681895
counter/3/0/0/0,18403:1747647665074:,1747647681895
counter/9/0/0/0,24883:1747647668500:,1747647681895
counter/8/0/0/0,22126:1747647666967:,1747647681895
counter/6/0/0/0,19755:1747647666690:,1747647681895
counter/1/0/0/0,19553:1747647665881:,1747647681895
counter/2/0/0/0,24402:1747647670186:,1747647681895
counter/4/0/0/0,18949:1747647665867:,1747647681895
counter/8/0/0/0,22127:1747647666968:,1747647681895
counter/6/0/0/0,19756:1747647666690:,1747647681895
counter/8/0/0/0,22128:1747647666969:,1747647681895
counter/6/0/0/0,19757:1747647666690:,1747647681895
counter/8/0/0/0,22129:1747647666969:,1747647681895
counter/6/0/0/0,19758:1747647666690:,1747647681895
counter/8/0/0/0,22130:1747647666969:,1747647681896
counter/6/0/0/0,19759:1747647666690:,1747647681896
counter/8/0/0/0,22131:1747647666969:,1747647681896
counter/6/0/0/0,19760:1747647666690:,1747647681896
counter/8/0/0/0,22132:1747647666969:,1747647681896
counter/6/0/0/0,19761:1747647666690:,1747647681896
counter/8/0/0/0,22133:1747647666969:,1747647681896
counter/6/0/0/0,19762:1747647666690:,1747647681896
counter/8/0/0/0,22134:1747647666969:,1747647681896
counter/6/0/0/0,19763:1747647666690:,1747647681896
counter/8/0/0/0,22135:1747647666969:,1747647681896
counter/6/0/0/0,19764:1747647666690:,1747647681896
counter/8/0/0/0,22136:1747647666969:,1747647681896
counter/6/0/0/0,19765:1747647666690:,1747647681896
counter/8/0/0/0,22137:1747647666969:,1747647681896
counter/6/0/0/0,19766:1747647666694:,1747647681896
counter/8/0/0/0,22138:1747647666969:,1747647681896
counter/6/0/0/0,19767:1747647666694:,1747647681896
counter/8/0/0/0,22139:1747647666969:,1747647681896
counter/6/0/0/0,19768:1747647666694:,1747647681896
counter/8/0/0/0,22140:1747647666969:,1747647681896
counter/6/0/0/0,19769:1747647666694:,1747647681896
counter/8/0/0/0,22141:1747647666969:,1747647681896
counter/6/0/0/0,19770:1747647666697:,1747647681896
counter/8/0/0/0,22142:1747647666969:,1747647681896
counter/6/0/0/0,19771:1747647666697:,1747647681896
counter/8/0/0/0,22143:1747647666969:,1747647681896
counter/6/0/0/0,19772:1747647666697:,1747647681896
counter/8/0/0/0,22144:1747647666969:,1747647681896
counter/6/0/0/0,19773:1747647666697:,1747647681896
counter/8/0/0/0,22145:1747647666969:,1747647681896
counter/6/0/0/0,19774:1747647666697:,1747647681896
counter/8/0/0/0,22146:1747647666969:,1747647681896
counter/6/0/0/0,19775:1747647666697:,1747647681896
counter/8/0/0/0,22147:1747647666969:,1747647681896
counter/6/0/0/0,19776:1747647666697:,1747647681896
counter/8/0/0/0,22148:1747647666969:,1747647681896
counter/6/0/0/0,19777:1747647666697:,1747647681896
counter/8/0/0/0,22149:1747647666970:,1747647681896
counter/6/0/0/0,19778:1747647666697:,1747647681896
counter/8/0/0/0,22150:1747647666970:,1747647681896
counter/6/0/0/0,19779:1747647666697:,1747647681897
counter/8/0/0/0,22151:1747647666970:,1747647681897
counter/6/0/0/0,19780:1747647666697:,1747647681897
counter/8/0/0/0,22152:1747647666970:,1747647681897
counter/6/0/0/0,19781:1747647666697:,1747647681897
counter/8/0/0/0,22153:1747647666970:,1747647681897
counter/6/0/0/0,19782:1747647666739:,1747647681897
counter/8/0/0/0,22154:1747647666970:,1747647681897
counter/6/0/0/0,19783:1747647666739:,1747647681897
counter/8/0/0/0,22155:1747647666970:,1747647681897
counter/6/0/0/0,19784:1747647666739:,1747647681897
counter/8/0/0/0,22156:1747647666970:,1747647681897
counter/6/0/0/0,19785:1747647666739:,1747647681897
counter/8/0/0/0,22157:1747647666970:,1747647681897
counter/6/0/0/0,19786:1747647666739:,1747647681897
counter/8/0/0/0,22158:1747647666970:,1747647681897
counter/6/0/0/0,19787:1747647666739:,1747647681897
counter/8/0/0/0,22159:1747647666970:,1747647681897
counter/6/0/0/0,19788:1747647666739:,1747647681897
counter/8/0/0/0,22160:1747647666970:,1747647681897
counter/6/0/0/0,19789:1747647666739:,1747647681897
counter/10/0/0/0,19145:1747647664889:,1747647681897
counter/8/0/0/0,22161:1747647666970:,1747647681897
counter/6/0/0/0,19790:1747647666739:,1747647681897
counter/8/0/0/0,22162:1747647666975:,1747647681897
counter/6/0/0/0,19791:1747647666745:,1747647681897
counter/8/0/0/0,22163:1747647666975:,1747647681897
counter/6/0/0/0,19792:1747647666745:,1747647681897
counter/8/0/0/0,22164:1747647666975:,1747647681897
counter/6/0/0/0,19793:1747647666745:,1747647681897
counter/8/0/0/0,22165:1747647666975:,1747647681897
counter/6/0/0/0,19794:1747647666746:,1747647681897
counter/8/0/0/0,22166:1747647666975:,1747647681897
counter/6/0/0/0,19795:1747647666748:,1747647681897
counter/8/0/0/0,22167:1747647666975:,1747647681897
counter/6/0/0/0,19796:1747647666748:,1747647681897
counter/8/0/0/0,22168:1747647667007:,1747647681897
counter/6/0/0/0,19797:1747647666748:,1747647681897
counter/8/0/0/0,22169:1747647667007:,1747647681898
counter/6/0/0/0,19798:1747647666748:,1747647681898
counter/8/0/0/0,22170:1747647667007:,1747647681898
counter/6/0/0/0,19799:1747647666748:,1747647681898
counter/8/0/0/0,22171:1747647667007:,1747647681898
counter/6/0/0/0,19800:1747647666748:,1747647681898
counter/8/0/0/0,22172:1747647667007:,1747647681898
counter/6/0/0/0,19801:1747647666748:,1747647681898
counter/8/0/0/0,22173:1747647667007:,1747647681898
counter/6/0/0/0,19802:1747647666749:,1747647681898
counter/8/0/0/0,22174:1747647667007:,1747647681898
counter/6/0/0/0,19803:1747647666749:,1747647681898
counter/8/0/0/0,22175:1747647667010:,1747647681898
counter/6/0/0/0,19804:1747647666749:,1747647681898
counter/8/0/0/0,22176:1747647667010:,1747647681898
counter/6/0/0/0,19805:1747647666749:,1747647681898
counter/8/0/0/0,22177:1747647667010:,1747647681898
counter/6/0/0/0,19806:1747647666751:,1747647681898
counter/8/0/0/0,22178:1747647667010:,1747647681898
counter/6/0/0/0,19807:1747647666751:,1747647681898
counter/8/0/0/0,22179:1747647667011:,1747647681898
counter/6/0/0/0,19808:1747647666751:,1747647681898
counter/8/0/0/0,22180:1747647667012:,1747647681898
counter/6/0/0/0,19809:1747647666751:,1747647681898
counter/8/0/0/0,22181:1747647667012:,1747647681898
counter/6/0/0/0,19810:1747647666751:,1747647681898
counter/4/0/0/0,18950:1747647665867:,1747647681898
counter/8/0/0/0,22182:1747647667012:,1747647681898
counter/6/0/0/0,19811:1747647666752:,1747647681898
counter/2/0/0/0,24403:1747647670186:,1747647681898
counter/8/0/0/0,22183:1747647667012:,1747647681898
counter/6/0/0/0,19812:1747647666752:,1747647681898
counter/10/0/0/0,19146:1747647664889:,1747647681898
counter/3/0/0/0,18404:1747647665074:,1747647681898
counter/8/0/0/0,22184:1747647667012:,1747647681898
counter/6/0/0/0,19813:1747647666752:,1747647681898
counter/8/0/0/0,22185:1747647667012:,1747647681898
counter/6/0/0/0,19814:1747647666752:,1747647681898
counter/8/0/0/0,22186:1747647667012:,1747647681898
counter/6/0/0/0,19815:1747647666752:,1747647681898
counter/8/0/0/0,22187:1747647667012:,1747647681898
counter/6/0/0/0,19816:1747647666752:,1747647681898
counter/8/0/0/0,22188:1747647667012:,1747647681898
counter/6/0/0/0,19817:1747647666752:,1747647681898
counter/8/0/0/0,22189:1747647667012:,1747647681899
counter/6/0/0/0,19818:1747647666752:,1747647681899
counter/8/0/0/0,22190:1747647667012:,1747647681899
counter/6/0/0/0,19819:1747647666752:,1747647681899
counter/8/0/0/0,22191:1747647667012:,1747647681899
counter/6/0/0/0,19820:1747647666752:,1747647681899
counter/8/0/0/0,22192:1747647667012:,1747647681899
counter/6/0/0/0,19821:1747647666752:,1747647681899
counter/8/0/0/0,22193:1747647667012:,1747647681899
counter/6/0/0/0,19822:1747647666752:,1747647681899
counter/8/0/0/0,22194:1747647667012:,1747647681899
counter/6/0/0/0,19823:1747647666753:,1747647681899
counter/8/0/0/0,22195:1747647667012:,1747647681899
counter/6/0/0/0,19824:1747647666758:,1747647681899
counter/8/0/0/0,22196:1747647667012:,1747647681899
counter/6/0/0/0,19825:1747647666758:,1747647681899
counter/8/0/0/0,22197:1747647667026:,1747647681899
counter/6/0/0/0,19826:1747647666758:,1747647681899
counter/8/0/0/0,22198:1747647667026:,1747647681899
counter/6/0/0/0,19827:1747647666758:,1747647681899
counter/8/0/0/0,22199:1747647667027:,1747647681899
counter/6/0/0/0,19828:1747647666758:,1747647681899
counter/8/0/0/0,22200:1747647667027:,1747647681899
counter/6/0/0/0,19829:1747647666758:,1747647681899
counter/8/0/0/0,22201:1747647667027:,1747647681899
counter/6/0/0/0,19830:1747647666758:,1747647681899
counter/8/0/0/0,22202:1747647667027:,1747647681899
counter/6/0/0/0,19831:1747647666758:,1747647681899
counter/8/0/0/0,22203:1747647667027:,1747647681899
counter/6/0/0/0,19832:1747647666758:,1747647681899
counter/8/0/0/0,22204:1747647667027:,1747647681899
counter/6/0/0/0,19833:1747647666758:,1747647681899
counter/8/0/0/0,22205:1747647667027:,1747647681899
counter/6/0/0/0,19834:1747647666758:,1747647681899
counter/8/0/0/0,22206:1747647667027:,1747647681899
counter/6/0/0/0,19835:1747647666758:,1747647681899
counter/8/0/0/0,22207:1747647667029:,1747647681899
counter/6/0/0/0,19836:1747647666758:,1747647681899
counter/8/0/0/0,22208:1747647667030:,1747647681899
counter/6/0/0/0,19837:1747647666758:,1747647681899
counter/1/0/0/0,19554:1747647665881:,1747647681900
counter/8/0/0/0,22209:1747647667030:,1747647681900
counter/6/0/0/0,19838:1747647666758:,1747647681900
counter/9/0/0/0,24884:1747647668500:,1747647681900
counter/8/0/0/0,22210:1747647667030:,1747647681900
counter/6/0/0/0,19839:1747647666764:,1747647681900
counter/9/0/0/0,24885:1747647668500:,1747647681900
counter/8/0/0/0,22211:1747647667030:,1747647681900
counter/6/0/0/0,19840:1747647666764:,1747647681900
counter/9/0/0/0,24886:1747647668500:,1747647681900
counter/7/0/0/0,19914:1747647665307:,1747647681900
counter/8/0/0/0,22212:1747647667030:,1747647681900
counter/6/0/0/0,19841:1747647666764:,1747647681900
counter/9/0/0/0,24887:1747647668500:,1747647681900
counter/2/0/0/0,24404:1747647670197:,1747647681900
counter/8/0/0/0,22213:1747647667030:,1747647681900
counter/6/0/0/0,19842:1747647666764:,1747647681900
counter/10/0/0/0,19147:1747647664889:,1747647681900
counter/8/0/0/0,22214:1747647667030:,1747647681900
counter/6/0/0/0,19843:1747647666764:,1747647681900
counter/1/0/0/0,19555:1747647665887:,1747647681900
counter/8/0/0/0,22215:1747647667030:,1747647681900
counter/6/0/0/0,19844:1747647666764:,1747647681900
counter/8/0/0/0,22216:1747647667030:,1747647681900
counter/6/0/0/0,19845:1747647666764:,1747647681900
counter/8/0/0/0,22217:1747647667030:,1747647681900
counter/6/0/0/0,19846:1747647666764:,1747647681900
counter/8/0/0/0,22218:1747647667030:,1747647681900
counter/6/0/0/0,19847:1747647666764:,1747647681900
counter/8/0/0/0,22219:1747647667030:,1747647681900
counter/6/0/0/0,19848:1747647666764:,1747647681900
counter/8/0/0/0,22220:1747647667030:,1747647681900
counter/6/0/0/0,19849:1747647666772:,1747647681900
counter/10/0/0/0,19148:1747647664889:,1747647681900
counter/8/0/0/0,22221:1747647667030:,1747647681900
counter/6/0/0/0,19850:1747647666772:,1747647681900
counter/5/0/0/0,21695:1747647667233:,1747647681900
counter/9/0/0/0,24888:1747647668500:,1747647681900
counter/8/0/0/0,22222:1747647667033:,1747647681900
counter/6/0/0/0,19851:1747647666773:,1747647681901
counter/4/0/0/0,18951:1747647665867:,1747647681901
counter/2/0/0/0,24405:1747647670197:,1747647681901
counter/8/0/0/0,22223:1747647667033:,1747647681901
counter/6/0/0/0,19852:1747647666773:,1747647681901
counter/8/0/0/0,22224:1747647667033:,1747647681901
counter/6/0/0/0,19853:1747647666773:,1747647681901
counter/8/0/0/0,22225:1747647667034:,1747647681901
counter/6/0/0/0,19854:1747647666773:,1747647681901
counter/8/0/0/0,22226:1747647667034:,1747647681901
counter/6/0/0/0,19855:1747647666773:,1747647681901
counter/8/0/0/0,22227:1747647667034:,1747647681901
counter/6/0/0/0,19856:1747647666773:,1747647681901
counter/8/0/0/0,22228:1747647667034:,1747647681901
counter/6/0/0/0,19857:1747647666773:,1747647681901
counter/3/0/0/0,18405:1747647665074:,1747647681901
counter/8/0/0/0,22229:1747647667036:,1747647681901
counter/6/0/0/0,19858:1747647666773:,1747647681901
counter/1/0/0/0,19556:1747647665889:,1747647681901
counter/8/0/0/0,22230:1747647667036:,1747647681901
counter/6/0/0/0,19859:1747647666773:,1747647681901
counter/10/0/0/0,19149:1747647664889:,1747647681901
counter/8/0/0/0,22231:1747647667036:,1747647681901
counter/6/0/0/0,19860:1747647666773:,1747647681901
counter/5/0/0/0,21696:1747647667233:,1747647681901
counter/9/0/0/0,24889:1747647668500:,1747647681901
counter/4/0/0/0,18952:1747647665867:,1747647681901
counter/8/0/0/0,22232:1747647667036:,1747647681901
counter/6/0/0/0,19861:1747647666773:,1747647681901
counter/2/0/0/0,24406:1747647670197:,1747647681901
counter/8/0/0/0,22233:1747647667036:,1747647681901
counter/6/0/0/0,19862:1747647666773:,1747647681901
counter/2/0/0/0,24407:1747647670197:,1747647681901
counter/8/0/0/0,22234:1747647667036:,1747647681901
counter/6/0/0/0,19863:1747647666773:,1747647681901
counter/2/0/0/0,24408:1747647670197:,1747647681901
counter/8/0/0/0,22235:1747647667036:,1747647681901
counter/6/0/0/0,19864:1747647666776:,1747647681901
counter/2/0/0/0,24409:1747647670197:,1747647681901
counter/8/0/0/0,22236:1747647667036:,1747647681901
counter/6/0/0/0,19865:1747647666776:,1747647681901
counter/8/0/0/0,22237:1747647667036:,1747647681901
counter/6/0/0/0,19866:1747647666776:,1747647681902
counter/8/0/0/0,22238:1747647667036:,1747647681902
counter/6/0/0/0,19867:1747647666776:,1747647681902
counter/8/0/0/0,22239:1747647667036:,1747647681902
counter/6/0/0/0,19868:1747647666776:,1747647681902
counter/5/0/0/0,21697:1747647667233:,1747647681902
counter/8/0/0/0,22240:1747647667043:,1747647681902
counter/6/0/0/0,19869:1747647666776:,1747647681902
counter/9/0/0/0,24890:1747647668512:,1747647681902
counter/8/0/0/0,22241:1747647667043:,1747647681902
counter/6/0/0/0,19870:1747647666777:,1747647681902
counter/8/0/0/0,22242:1747647667043:,1747647681902
counter/6/0/0/0,19871:1747647666777:,1747647681902
counter/8/0/0/0,22243:1747647667043:,1747647681902
counter/6/0/0/0,19872:1747647666777:,1747647681902
counter/8/0/0/0,22244:1747647667043:,1747647681902
counter/6/0/0/0,19873:1747647666777:,1747647681902
counter/8/0/0/0,22245:1747647667043:,1747647681902
counter/6/0/0/0,19874:1747647666778:,1747647681902
counter/8/0/0/0,22246:1747647667043:,1747647681902
counter/6/0/0/0,19875:1747647666778:,1747647681902
counter/8/0/0/0,22247:1747647667043:,1747647681902
counter/6/0/0/0,19876:1747647666778:,1747647681902
counter/8/0/0/0,22248:1747647667043:,1747647681902
counter/6/0/0/0,19877:1747647666780:,1747647681902
counter/8/0/0/0,22249:1747647667043:,1747647681902
counter/6/0/0/0,19878:1747647666783:,1747647681902
counter/8/0/0/0,22250:1747647667043:,1747647681902
counter/6/0/0/0,19879:1747647666783:,1747647681902
counter/8/0/0/0,22251:1747647667043:,1747647681902
counter/6/0/0/0,19880:1747647666783:,1747647681902
counter/8/0/0/0,22252:1747647667043:,1747647681902
counter/6/0/0/0,19881:1747647666783:,1747647681902
counter/5/0/0/0,21698:1747647667233:,1747647681902
counter/8/0/0/0,22253:1747647667044:,1747647681902
counter/6/0/0/0,19882:1747647666783:,1747647681902
counter/5/0/0/0,21699:1747647667233:,1747647681902
counter/7/0/0/0,19915:1747647665307:,1747647681902
counter/2/0/0/0,24410:1747647670197:,1747647681902
counter/8/0/0/0,22254:1747647667044:,1747647681903
counter/6/0/0/0,19883:1747647666783:,1747647681903
counter/3/0/0/0,18406:1747647665074:,1747647681903
counter/1/0/0/0,19557:1747647665889:,1747647681903
counter/8/0/0/0,22255:1747647667044:,1747647681903
counter/6/0/0/0,19884:1747647666783:,1747647681903
counter/1/0/0/0,19558:1747647665889:,1747647681903
counter/8/0/0/0,22256:1747647667044:,1747647681903
counter/6/0/0/0,19885:1747647666783:,1747647681903
counter/1/0/0/0,19559:1747647665889:,1747647681903
counter/8/0/0/0,22257:1747647667045:,1747647681903
counter/6/0/0/0,19886:1747647666783:,1747647681903
counter/1/0/0/0,19560:1747647665889:,1747647681903
counter/2/0/0/0,24411:1747647670197:,1747647681903
counter/8/0/0/0,22258:1747647667045:,1747647681903
counter/6/0/0/0,19887:1747647666783:,1747647681903
counter/1/0/0/0,19561:1747647665889:,1747647681903
counter/3/0/0/0,18407:1747647665075:,1747647681903
counter/8/0/0/0,22259:1747647667045:,1747647681903
counter/6/0/0/0,19888:1747647666783:,1747647681903
counter/1/0/0/0,19562:1747647665889:,1747647681903
counter/8/0/0/0,22260:1747647667045:,1747647681903
counter/6/0/0/0,19889:1747647666783:,1747647681903
counter/1/0/0/0,19563:1747647665889:,1747647681903
counter/8/0/0/0,22261:1747647667045:,1747647681903
counter/6/0/0/0,19890:1747647666784:,1747647681903
counter/1/0/0/0,19564:1747647665889:,1747647681903
counter/8/0/0/0,22262:1747647667045:,1747647681903
counter/6/0/0/0,19891:1747647666784:,1747647681903
counter/8/0/0/0,22263:1747647667045:,1747647681903
counter/6/0/0/0,19892:1747647666784:,1747647681903
counter/8/0/0/0,22264:1747647667046:,1747647681903
counter/6/0/0/0,19893:1747647666784:,1747647681903
counter/8/0/0/0,22265:1747647667046:,1747647681903
counter/6/0/0/0,19894:1747647666784:,1747647681903
counter/8/0/0/0,22266:1747647667046:,1747647681903
counter/6/0/0/0,19895:1747647666784:,1747647681903
counter/8/0/0/0,22267:1747647667046:,1747647681903
counter/6/0/0/0,19896:1747647666784:,1747647681903
counter/4/0/0/0,18953:1747647665867:,1747647681903
counter/8/0/0/0,22268:1747647667046:,1747647681903
counter/6/0/0/0,19897:1747647666784:,1747647681903
counter/8/0/0/0,22269:1747647667046:,1747647681903
counter/6/0/0/0,19898:1747647666784:,1747647681904
counter/8/0/0/0,22270:1747647667046:,1747647681904
counter/6/0/0/0,19899:1747647666784:,1747647681904
counter/5/0/0/0,21700:1747647667233:,1747647681904
counter/8/0/0/0,22271:1747647667046:,1747647681904
counter/6/0/0/0,19900:1747647666784:,1747647681904
counter/5/0/0/0,21701:1747647667233:,1747647681904
counter/8/0/0/0,22272:1747647667047:,1747647681904
counter/6/0/0/0,19901:1747647666784:,1747647681904
counter/5/0/0/0,21702:1747647667233:,1747647681904
counter/4/0/0/0,18954:1747647665867:,1747647681904
counter/8/0/0/0,22273:1747647667048:,1747647681904
counter/6/0/0/0,19902:1747647666784:,1747647681904
counter/10/0/0/0,19150:1747647664889:,1747647681904
counter/9/0/0/0,24891:1747647668513:,1747647681904
counter/8/0/0/0,22274:1747647667048:,1747647681904
counter/6/0/0/0,19903:1747647666784:,1747647681904
counter/1/0/0/0,19565:1747647665890:,1747647681904
counter/8/0/0/0,22275:1747647667048:,1747647681904
counter/6/0/0/0,19904:1747647666784:,1747647681904
counter/8/0/0/0,22276:1747647667048:,1747647681904
counter/6/0/0/0,19905:1747647666784:,1747647681904
counter/8/0/0/0,22277:1747647667048:,1747647681904
counter/6/0/0/0,19906:1747647666784:,1747647681904
counter/8/0/0/0,22278:1747647667048:,1747647681904
counter/6/0/0/0,19907:1747647666784:,1747647681904
counter/8/0/0/0,22279:1747647667048:,1747647681904
counter/6/0/0/0,19908:1747647666784:,1747647681904
counter/8/0/0/0,22280:1747647667048:,1747647681904
counter/6/0/0/0,19909:1747647666784:,1747647681904
counter/8/0/0/0,22281:1747647667048:,1747647681904
counter/6/0/0/0,19910:1747647666784:,1747647681904
counter/8/0/0/0,22282:1747647667048:,1747647681904
counter/6/0/0/0,19911:1747647666784:,1747647681904
counter/8/0/0/0,22283:1747647667048:,1747647681904
counter/6/0/0/0,19912:1747647666784:,1747647681904
counter/8/0/0/0,22284:1747647667048:,1747647681904
counter/6/0/0/0,19913:1747647666784:,1747647681904
counter/8/0/0/0,22285:1747647667048:,1747647681904
counter/6/0/0/0,19914:1747647666784:,1747647681905
counter/8/0/0/0,22286:1747647667048:,1747647681905
counter/6/0/0/0,19915:1747647666784:,1747647681905
counter/8/0/0/0,22287:1747647667048:,1747647681905
counter/6/0/0/0,19916:1747647666784:,1747647681905
counter/8/0/0/0,22288:1747647667048:,1747647681905
counter/6/0/0/0,19917:1747647666784:,1747647681905
counter/8/0/0/0,22289:1747647667048:,1747647681905
counter/6/0/0/0,19918:1747647666784:,1747647681905
counter/8/0/0/0,22290:1747647667049:,1747647681905
counter/6/0/0/0,19919:1747647666784:,1747647681905
counter/8/0/0/0,22291:1747647667049:,1747647681905
counter/6/0/0/0,19920:1747647666785:,1747647681905
counter/8/0/0/0,22292:1747647667049:,1747647681905
counter/6/0/0/0,19921:1747647666785:,1747647681905
counter/8/0/0/0,22293:1747647667051:,1747647681905
counter/6/0/0/0,19922:1747647666785:,1747647681905
counter/8/0/0/0,22294:1747647667052:,1747647681905
counter/6/0/0/0,19923:1747647666785:,1747647681905
counter/3/0/0/0,18408:1747647665075:,1747647681905
counter/8/0/0/0,22295:1747647667052:,1747647681905
counter/6/0/0/0,19924:1747647666785:,1747647681905
counter/2/0/0/0,24412:1747647670197:,1747647681905
counter/8/0/0/0,22296:1747647667052:,1747647681905
counter/6/0/0/0,19925:1747647666785:,1747647681905
counter/8/0/0/0,22297:1747647667056:,1747647681905
counter/6/0/0/0,19926:1747647666785:,1747647681905
counter/5/0/0/0,21703:1747647667233:,1747647681905
counter/8/0/0/0,22298:1747647667056:,1747647681905
counter/6/0/0/0,19927:1747647666785:,1747647681905
counter/8/0/0/0,22299:1747647667056:,1747647681905
counter/6/0/0/0,19928:1747647666785:,1747647681905
counter/8/0/0/0,22300:1747647667056:,1747647681905
counter/6/0/0/0,19929:1747647666785:,1747647681905
counter/8/0/0/0,22301:1747647667056:,1747647681906
counter/6/0/0/0,19930:1747647666785:,1747647681906
counter/8/0/0/0,22302:1747647667056:,1747647681906
counter/6/0/0/0,19931:1747647666785:,1747647681906
counter/8/0/0/0,22303:1747647667056:,1747647681906
counter/6/0/0/0,19932:1747647666785:,1747647681906
counter/8/0/0/0,22304:1747647667056:,1747647681906
counter/6/0/0/0,19933:1747647666785:,1747647681906
counter/8/0/0/0,22305:1747647667056:,1747647681906
counter/6/0/0/0,19934:1747647666785:,1747647681906
counter/8/0/0/0,22306:1747647667056:,1747647681906
counter/6/0/0/0,19935:1747647666785:,1747647681906
counter/8/0/0/0,22307:1747647667056:,1747647681906
counter/6/0/0/0,19936:1747647666785:,1747647681906
counter/8/0/0/0,22308:1747647667056:,1747647681906
counter/6/0/0/0,19937:1747647666785:,1747647681906
counter/8/0/0/0,22309:1747647667056:,1747647681906
counter/6/0/0/0,19938:1747647666790:,1747647681906
counter/8/0/0/0,22310:1747647667056:,1747647681906
counter/6/0/0/0,19939:1747647666790:,1747647681906
counter/8/0/0/0,22311:1747647667056:,1747647681906
counter/6/0/0/0,19940:1747647666790:,1747647681906
counter/8/0/0/0,22312:1747647667056:,1747647681906
counter/6/0/0/0,19941:1747647666790:,1747647681906
counter/8/0/0/0,22313:1747647667059:,1747647681906
counter/6/0/0/0,19942:1747647666790:,1747647681906
counter/8/0/0/0,22314:1747647667059:,1747647681906
counter/6/0/0/0,19943:1747647666801:,1747647681906
counter/8/0/0/0,22315:1747647667059:,1747647681906
counter/6/0/0/0,19944:1747647666801:,1747647681906
counter/8/0/0/0,22316:1747647667059:,1747647681906
counter/6/0/0/0,19945:1747647666801:,1747647681906
counter/8/0/0/0,22317:1747647667059:,1747647681906
counter/6/0/0/0,19946:1747647666801:,1747647681906
counter/8/0/0/0,22318:1747647667059:,1747647681906
counter/6/0/0/0,19947:1747647666804:,1747647681906
counter/8/0/0/0,22319:1747647667059:,1747647681906
counter/6/0/0/0,19948:1747647666804:,1747647681906
counter/8/0/0/0,22320:1747647667059:,1747647681906
counter/6/0/0/0,19949:1747647666804:,1747647681906
counter/8/0/0/0,22321:1747647667059:,1747647681906
counter/6/0/0/0,19950:1747647666804:,1747647681907
counter/8/0/0/0,22322:1747647667059:,1747647681907
counter/6/0/0/0,19951:1747647666804:,1747647681907
counter/8/0/0/0,22323:1747647667059:,1747647681907
counter/6/0/0/0,19952:1747647666804:,1747647681907
counter/8/0/0/0,22324:1747647667059:,1747647681907
counter/6/0/0/0,19953:1747647666804:,1747647681907
counter/8/0/0/0,22325:1747647667059:,1747647681907
counter/6/0/0/0,19954:1747647666804:,1747647681907
counter/3/0/0/0,18409:1747647665075:,1747647681907
counter/8/0/0/0,22326:1747647667059:,1747647681907
counter/6/0/0/0,19955:1747647666805:,1747647681907
counter/2/0/0/0,24413:1747647670201:,1747647681907
counter/4/0/0/0,18955:1747647665867:,1747647681907
counter/8/0/0/0,22327:1747647667059:,1747647681907
counter/6/0/0/0,19956:1747647666805:,1747647681907
counter/10/0/0/0,19151:1747647664889:,1747647681907
counter/9/0/0/0,24892:1747647668513:,1747647681907
counter/1/0/0/0,19566:1747647665890:,1747647681907
counter/8/0/0/0,22328:1747647667059:,1747647681907
counter/6/0/0/0,19957:1747647666805:,1747647681907
counter/8/0/0/0,22329:1747647667059:,1747647681907
counter/6/0/0/0,19958:1747647666805:,1747647681907
counter/8/0/0/0,22330:1747647667059:,1747647681907
counter/6/0/0/0,19959:1747647666805:,1747647681907
counter/8/0/0/0,22331:1747647667059:,1747647681907
counter/6/0/0/0,19960:1747647666807:,1747647681907
counter/8/0/0/0,22332:1747647667059:,1747647681907
counter/6/0/0/0,19961:1747647666807:,1747647681907
counter/8/0/0/0,22333:1747647667059:,1747647681907
counter/6/0/0/0,19962:1747647666808:,1747647681907
counter/8/0/0/0,22334:1747647667059:,1747647681907
counter/6/0/0/0,19963:1747647666810:,1747647681907
counter/8/0/0/0,22335:1747647667059:,1747647681907
counter/6/0/0/0,19964:1747647666810:,1747647681907
counter/8/0/0/0,22336:1747647667059:,1747647681907
counter/6/0/0/0,19965:1747647666810:,1747647681907
counter/8/0/0/0,22337:1747647667059:,1747647681908
counter/6/0/0/0,19966:1747647666810:,1747647681908
counter/8/0/0/0,22338:1747647667059:,1747647681908
counter/6/0/0/0,19967:1747647666810:,1747647681908
counter/8/0/0/0,22339:1747647667059:,1747647681908
counter/6/0/0/0,19968:1747647666810:,1747647681908
counter/8/0/0/0,22340:1747647667059:,1747647681908
counter/6/0/0/0,19969:1747647666810:,1747647681908
counter/8/0/0/0,22341:1747647667059:,1747647681908
counter/6/0/0/0,19970:1747647666810:,1747647681908
counter/8/0/0/0,22342:1747647667060:,1747647681908
counter/6/0/0/0,19971:1747647666810:,1747647681908
counter/8/0/0/0,22343:1747647667060:,1747647681908
counter/6/0/0/0,19972:1747647666810:,1747647681908
counter/8/0/0/0,22344:1747647667060:,1747647681908
counter/6/0/0/0,19973:1747647666812:,1747647681908
counter/8/0/0/0,22345:1747647667060:,1747647681908
counter/6/0/0/0,19974:1747647666812:,1747647681908
counter/8/0/0/0,22346:1747647667060:,1747647681908
counter/6/0/0/0,19975:1747647666812:,1747647681908
counter/8/0/0/0,22347:1747647667060:,1747647681908
counter/6/0/0/0,19976:1747647666812:,1747647681908
counter/8/0/0/0,22348:1747647667062:,1747647681908
counter/6/0/0/0,19977:1747647666812:,1747647681908
counter/8/0/0/0,22349:1747647667063:,1747647681908
counter/6/0/0/0,19978:1747647666812:,1747647681908
counter/8/0/0/0,22350:1747647667063:,1747647681908
counter/6/0/0/0,19979:1747647666812:,1747647681908
counter/8/0/0/0,22351:1747647667063:,1747647681908
counter/6/0/0/0,19980:1747647666812:,1747647681908
counter/8/0/0/0,22352:1747647667063:,1747647681908
counter/6/0/0/0,19981:1747647666814:,1747647681908
counter/8/0/0/0,22353:1747647667063:,1747647681908
counter/6/0/0/0,19982:1747647666815:,1747647681908
counter/8/0/0/0,22354:1747647667063:,1747647681908
counter/6/0/0/0,19983:1747647666815:,1747647681908
counter/8/0/0/0,22355:1747647667063:,1747647681908
counter/6/0/0/0,19984:1747647666815:,1747647681908
counter/8/0/0/0,22356:1747647667063:,1747647681908
counter/6/0/0/0,19985:1747647666815:,1747647681908
counter/8/0/0/0,22357:1747647667063:,1747647681908
counter/6/0/0/0,19986:1747647666816:,1747647681908
counter/8/0/0/0,22358:1747647667064:,1747647681908
counter/6/0/0/0,19987:1747647666816:,1747647681908
counter/8/0/0/0,22359:1747647667064:,1747647681909
counter/6/0/0/0,19988:1747647666816:,1747647681909
counter/8/0/0/0,22360:1747647667064:,1747647681909
counter/6/0/0/0,19989:1747647666816:,1747647681909
counter/8/0/0/0,22361:1747647667064:,1747647681909
counter/6/0/0/0,19990:1747647666816:,1747647681909
counter/8/0/0/0,22362:1747647667064:,1747647681909
counter/6/0/0/0,19991:1747647666816:,1747647681909
counter/8/0/0/0,22363:1747647667064:,1747647681909
counter/6/0/0/0,19992:1747647666816:,1747647681909
counter/8/0/0/0,22364:1747647667064:,1747647681909
counter/6/0/0/0,19993:1747647666819:,1747647681909
counter/8/0/0/0,22365:1747647667064:,1747647681909
counter/6/0/0/0,19994:1747647666819:,1747647681909
counter/8/0/0/0,22366:1747647667064:,1747647681909
counter/6/0/0/0,19995:1747647666819:,1747647681909
counter/8/0/0/0,22367:1747647667070:,1747647681909
counter/6/0/0/0,19996:1747647666819:,1747647681909
counter/8/0/0/0,22368:1747647667070:,1747647681909
counter/6/0/0/0,19997:1747647666821:,1747647681909
counter/8/0/0/0,22369:1747647667070:,1747647681909
counter/6/0/0/0,19998:1747647666821:,1747647681909
counter/8/0/0/0,22370:1747647667070:,1747647681909
counter/6/0/0/0,19999:1747647666821:,1747647681909
counter/8/0/0/0,22371:1747647667070:,1747647681909
counter/6/0/0/0,20000:1747647666821:,1747647681909
counter/8/0/0/0,22372:1747647667070:,1747647681909
counter/6/0/0/0,20001:1747647666821:,1747647681909
counter/8/0/0/0,22373:1747647667070:,1747647681909
counter/6/0/0/0,20002:1747647666821:,1747647681909
counter/8/0/0/0,22374:1747647667073:,1747647681909
counter/6/0/0/0,20003:1747647666821:,1747647681909
counter/8/0/0/0,22375:1747647667073:,1747647681909
counter/6/0/0/0,20004:1747647666821:,1747647681909
counter/8/0/0/0,22376:1747647667073:,1747647681909
counter/6/0/0/0,20005:1747647666821:,1747647681909
counter/8/0/0/0,22377:1747647667073:,1747647681909
counter/6/0/0/0,20006:1747647666821:,1747647681909
counter/8/0/0/0,22378:1747647667073:,1747647681909
counter/6/0/0/0,20007:1747647666821:,1747647681909
counter/8/0/0/0,22379:1747647667073:,1747647681909
counter/6/0/0/0,20008:1747647666821:,1747647681909
counter/8/0/0/0,22380:1747647667073:,1747647681910
counter/6/0/0/0,20009:1747647666823:,1747647681910
counter/5/0/0/0,21704:1747647667233:,1747647681910
counter/8/0/0/0,22381:1747647667073:,1747647681910
counter/6/0/0/0,20010:1747647666823:,1747647681910
counter/3/0/0/0,18410:1747647665075:,1747647681910
counter/8/0/0/0,22382:1747647667073:,1747647681910
counter/6/0/0/0,20011:1747647666823:,1747647681910
counter/1/0/0/0,19567:1747647665890:,1747647681910
counter/10/0/0/0,19152:1747647664890:,1747647681910
counter/8/0/0/0,22383:1747647667073:,1747647681910
counter/6/0/0/0,20012:1747647666823:,1747647681910
counter/9/0/0/0,24893:1747647668513:,1747647681910
counter/8/0/0/0,22384:1747647667073:,1747647681910
counter/6/0/0/0,20013:1747647666823:,1747647681910
counter/8/0/0/0,22385:1747647667073:,1747647681910
counter/6/0/0/0,20014:1747647666823:,1747647681910
counter/8/0/0/0,22386:1747647667074:,1747647681910
counter/6/0/0/0,20015:1747647666823:,1747647681910
counter/8/0/0/0,22387:1747647667074:,1747647681910
counter/6/0/0/0,20016:1747647666823:,1747647681910
counter/8/0/0/0,22388:1747647667074:,1747647681910
counter/6/0/0/0,20017:1747647666823:,1747647681910
counter/8/0/0/0,22389:1747647667074:,1747647681910
counter/6/0/0/0,20018:1747647666823:,1747647681910
counter/8/0/0/0,22390:1747647667074:,1747647681910
counter/6/0/0/0,20019:1747647666823:,1747647681910
counter/8/0/0/0,22391:1747647667074:,1747647681910
counter/6/0/0/0,20020:1747647666823:,1747647681910
counter/8/0/0/0,22392:1747647667074:,1747647681910
counter/6/0/0/0,20021:1747647666823:,1747647681910
counter/8/0/0/0,22393:1747647667074:,1747647681910
counter/6/0/0/0,20022:1747647666823:,1747647681910
counter/8/0/0/0,22394:1747647667074:,1747647681910
counter/6/0/0/0,20023:1747647666823:,1747647681910
counter/8/0/0/0,22395:1747647667074:,1747647681910
counter/6/0/0/0,20024:1747647666824:,1747647681910
counter/8/0/0/0,22396:1747647667080:,1747647681910
counter/6/0/0/0,20025:1747647666824:,1747647681911
counter/8/0/0/0,22397:1747647667087:,1747647681911
counter/6/0/0/0,20026:1747647666824:,1747647681911
counter/8/0/0/0,22398:1747647667096:,1747647681911
counter/6/0/0/0,20027:1747647666824:,1747647681911
counter/8/0/0/0,22399:1747647667096:,1747647681911
counter/6/0/0/0,20028:1747647666824:,1747647681911
counter/8/0/0/0,22400:1747647667096:,1747647681911
counter/6/0/0/0,20029:1747647666834:,1747647681911
counter/8/0/0/0,22401:1747647667096:,1747647681911
counter/6/0/0/0,20030:1747647666834:,1747647681911
counter/8/0/0/0,22402:1747647667096:,1747647681911
counter/6/0/0/0,20031:1747647666834:,1747647681911
counter/8/0/0/0,22403:1747647667096:,1747647681911
counter/6/0/0/0,20032:1747647666835:,1747647681911
counter/8/0/0/0,22404:1747647667096:,1747647681911
counter/6/0/0/0,20033:1747647666835:,1747647681911
counter/8/0/0/0,22405:1747647667096:,1747647681911
counter/6/0/0/0,20034:1747647666835:,1747647681911
counter/8/0/0/0,22406:1747647667096:,1747647681911
counter/6/0/0/0,20035:1747647666835:,1747647681911
counter/8/0/0/0,22407:1747647667096:,1747647681911
counter/6/0/0/0,20036:1747647666835:,1747647681911
counter/8/0/0/0,22408:1747647667096:,1747647681911
counter/6/0/0/0,20037:1747647666835:,1747647681911
counter/8/0/0/0,22409:1747647667096:,1747647681911
counter/6/0/0/0,20038:1747647666835:,1747647681911
counter/8/0/0/0,22410:1747647667096:,1747647681911
counter/6/0/0/0,20039:1747647666835:,1747647681911
counter/8/0/0/0,22411:1747647667096:,1747647681911
counter/6/0/0/0,20040:1747647666835:,1747647681911
counter/8/0/0/0,22412:1747647667096:,1747647681911
counter/6/0/0/0,20041:1747647666835:,1747647681911
counter/8/0/0/0,22413:1747647667110:,1747647681911
counter/6/0/0/0,20042:1747647666835:,1747647681911
counter/9/0/0/0,24894:1747647668513:,1747647681911
counter/8/0/0/0,22414:1747647667111:,1747647681911
counter/6/0/0/0,20043:1747647666835:,1747647681911
counter/5/0/0/0,21705:1747647667241:,1747647681911
counter/2/0/0/0,24414:1747647670201:,1747647681911
counter/8/0/0/0,22415:1747647667111:,1747647681911
counter/6/0/0/0,20044:1747647666835:,1747647681912
counter/4/0/0/0,18956:1747647665867:,1747647681912
counter/8/0/0/0,22416:1747647667111:,1747647681912
counter/6/0/0/0,20045:1747647666836:,1747647681912
counter/8/0/0/0,22417:1747647667111:,1747647681912
counter/6/0/0/0,20046:1747647666836:,1747647681912
counter/8/0/0/0,22418:1747647667115:,1747647681912
counter/6/0/0/0,20047:1747647666836:,1747647681912
counter/5/0/0/0,21706:1747647667241:,1747647681912
counter/8/0/0/0,22419:1747647667115:,1747647681912
counter/6/0/0/0,20048:1747647666851:,1747647681912
counter/2/0/0/0,24415:1747647670201:,1747647681912
counter/4/0/0/0,18957:1747647665867:,1747647681912
counter/8/0/0/0,22420:1747647667115:,1747647681912
counter/6/0/0/0,20049:1747647666851:,1747647681912
counter/3/0/0/0,18411:1747647665076:,1747647681912
counter/8/0/0/0,22421:1747647667115:,1747647681912
counter/6/0/0/0,20050:1747647666851:,1747647681912
counter/8/0/0/0,22422:1747647667115:,1747647681912
counter/6/0/0/0,20051:1747647666853:,1747647681912
counter/8/0/0/0,22423:1747647667115:,1747647681912
counter/6/0/0/0,20052:1747647666863:,1747647681912
counter/8/0/0/0,22424:1747647667123:,1747647681912
counter/6/0/0/0,20053:1747647666864:,1747647681912
counter/8/0/0/0,22425:1747647667123:,1747647681912
counter/6/0/0/0,20054:1747647666864:,1747647681912
counter/8/0/0/0,22426:1747647667123:,1747647681912
counter/6/0/0/0,20055:1747647666864:,1747647681912
counter/8/0/0/0,22427:1747647667126:,1747647681912
counter/6/0/0/0,20056:1747647666864:,1747647681912
counter/9/0/0/0,24895:1747647668513:,1747647681912
counter/8/0/0/0,22428:1747647667126:,1747647681912
counter/6/0/0/0,20057:1747647666864:,1747647681912
counter/8/0/0/0,22429:1747647667126:,1747647681912
counter/6/0/0/0,20058:1747647666864:,1747647681912
counter/9/0/0/0,24896:1747647668516:,1747647681912
counter/8/0/0/0,22430:1747647667126:,1747647681912
counter/6/0/0/0,20059:1747647666864:,1747647681912
counter/8/0/0/0,22431:1747647667126:,1747647681912
counter/6/0/0/0,20060:1747647666865:,1747647681913
counter/3/0/0/0,18412:1747647665076:,1747647681913
counter/4/0/0/0,18958:1747647665867:,1747647681913
counter/8/0/0/0,22432:1747647667128:,1747647681913
counter/6/0/0/0,20061:1747647666865:,1747647681913
counter/3/0/0/0,18413:1747647665076:,1747647681913
counter/10/0/0/0,19153:1747647664890:,1747647681913
counter/8/0/0/0,22433:1747647667128:,1747647681913
counter/6/0/0/0,20062:1747647666865:,1747647681913
counter/10/0/0/0,19154:1747647664890:,1747647681913
counter/8/0/0/0,22434:1747647667128:,1747647681913
counter/6/0/0/0,20063:1747647666865:,1747647681913
counter/10/0/0/0,19155:1747647664890:,1747647681913
counter/7/0/0/0,19916:1747647665307:,1747647681913
counter/8/0/0/0,22435:1747647667128:,1747647681913
counter/6/0/0/0,20064:1747647666865:,1747647681913
counter/10/0/0/0,19156:1747647664890:,1747647681913
counter/7/0/0/0,19917:1747647665309:,1747647681913
counter/9/0/0/0,24897:1747647668516:,1747647681913
counter/8/0/0/0,22436:1747647667128:,1747647681913
counter/6/0/0/0,20065:1747647666865:,1747647681913
counter/7/0/0/0,19918:1747647665309:,1747647681913
counter/2/0/0/0,24416:1747647670201:,1747647681913
counter/1/0/0/0,19568:1747647665895:,1747647681913
counter/8/0/0/0,22437:1747647667128:,1747647681913
counter/6/0/0/0,20066:1747647666865:,1747647681913
counter/1/0/0/0,19569:1747647665895:,1747647681913
counter/5/0/0/0,21707:1747647667241:,1747647681913
counter/8/0/0/0,22438:1747647667128:,1747647681913
counter/6/0/0/0,20067:1747647666865:,1747647681913
counter/1/0/0/0,19570:1747647665895:,1747647681913
counter/7/0/0/0,19919:1747647665317:,1747647681913
counter/8/0/0/0,22439:1747647667128:,1747647681913
counter/6/0/0/0,20068:1747647666865:,1747647681913
counter/1/0/0/0,19571:1747647665895:,1747647681913
counter/7/0/0/0,19920:1747647665317:,1747647681913
counter/8/0/0/0,22440:1747647667128:,1747647681913
counter/6/0/0/0,20069:1747647666865:,1747647681913
counter/1/0/0/0,19572:1747647665895:,1747647681913
counter/7/0/0/0,19921:1747647665317:,1747647681913
counter/8/0/0/0,22441:1747647667128:,1747647681913
counter/6/0/0/0,20070:1747647666865:,1747647681914
counter/1/0/0/0,19573:1747647665895:,1747647681914
counter/7/0/0/0,19922:1747647665317:,1747647681914
counter/8/0/0/0,22442:1747647667128:,1747647681914
counter/6/0/0/0,20071:1747647666865:,1747647681914
counter/7/0/0/0,19923:1747647665318:,1747647681914
counter/5/0/0/0,21708:1747647667241:,1747647681914
counter/8/0/0/0,22443:1747647667128:,1747647681914
counter/6/0/0/0,20072:1747647666865:,1747647681914
counter/7/0/0/0,19924:1747647665318:,1747647681914
counter/8/0/0/0,22444:1747647667128:,1747647681914
counter/6/0/0/0,20073:1747647666865:,1747647681914
counter/7/0/0/0,19925:1747647665318:,1747647681914
counter/8/0/0/0,22445:1747647667128:,1747647681914
counter/6/0/0/0,20074:1747647666865:,1747647681914
counter/7/0/0/0,19926:1747647665318:,1747647681914
counter/8/0/0/0,22446:1747647667128:,1747647681914
counter/6/0/0/0,20075:1747647666865:,1747647681914
counter/7/0/0/0,19927:1747647665318:,1747647681914
counter/8/0/0/0,22447:1747647667128:,1747647681914
counter/6/0/0/0,20076:1747647666865:,1747647681914
counter/7/0/0/0,19928:1747647665318:,1747647681914
counter/8/0/0/0,22448:1747647667128:,1747647681914
counter/6/0/0/0,20077:1747647666865:,1747647681914
counter/7/0/0/0,19929:1747647665318:,1747647681914
counter/8/0/0/0,22449:1747647667136:,1747647681914
counter/6/0/0/0,20078:1747647666865:,1747647681914
counter/7/0/0/0,19930:1747647665318:,1747647681914
counter/8/0/0/0,22450:1747647667136:,1747647681914
counter/6/0/0/0,20079:1747647666865:,1747647681914
counter/7/0/0/0,19931:1747647665318:,1747647681914
counter/8/0/0/0,22451:1747647667136:,1747647681914
counter/6/0/0/0,20080:1747647666866:,1747647681914
counter/7/0/0/0,19932:1747647665318:,1747647681914
counter/8/0/0/0,22452:1747647667137:,1747647681914
counter/6/0/0/0,20081:1747647666869:,1747647681914
counter/7/0/0/0,19933:1747647665319:,1747647681914
counter/8/0/0/0,22453:1747647667137:,1747647681914
counter/6/0/0/0,20082:1747647666870:,1747647681914
counter/7/0/0/0,19934:1747647665319:,1747647681914
counter/8/0/0/0,22454:1747647667137:,1747647681914
counter/6/0/0/0,20083:1747647666870:,1747647681914
counter/7/0/0/0,19935:1747647665319:,1747647681915
counter/8/0/0/0,22455:1747647667137:,1747647681915
counter/6/0/0/0,20084:1747647666870:,1747647681915
counter/7/0/0/0,19936:1747647665319:,1747647681915
counter/5/0/0/0,21709:1747647667241:,1747647681915
counter/8/0/0/0,22456:1747647667137:,1747647681915
counter/6/0/0/0,20085:1747647666870:,1747647681915
counter/7/0/0/0,19937:1747647665320:,1747647681915
counter/9/0/0/0,24898:1747647668516:,1747647681915
counter/8/0/0/0,22457:1747647667137:,1747647681915
counter/6/0/0/0,20086:1747647666870:,1747647681915
counter/7/0/0/0,19938:1747647665320:,1747647681915
counter/8/0/0/0,22458:1747647667137:,1747647681915
counter/6/0/0/0,20087:1747647666870:,1747647681915
counter/7/0/0/0,19939:1747647665320:,1747647681915
counter/8/0/0/0,22459:1747647667137:,1747647681915
counter/6/0/0/0,20088:1747647666870:,1747647681915
counter/7/0/0/0,19940:1747647665320:,1747647681915
counter/8/0/0/0,22460:1747647667137:,1747647681915
counter/6/0/0/0,20089:1747647666870:,1747647681915
counter/7/0/0/0,19941:1747647665320:,1747647681915
counter/8/0/0/0,22461:1747647667137:,1747647681915
counter/6/0/0/0,20090:1747647666870:,1747647681915
counter/7/0/0/0,19942:1747647665320:,1747647681915
counter/8/0/0/0,22462:1747647667137:,1747647681915
counter/6/0/0/0,20091:1747647666872:,1747647681915
counter/7/0/0/0,19943:1747647665320:,1747647681915
counter/8/0/0/0,22463:1747647667137:,1747647681915
counter/6/0/0/0,20092:1747647666875:,1747647681915
counter/7/0/0/0,19944:1747647665328:,1747647681915
counter/3/0/0/0,18414:1747647665076:,1747647681915
counter/10/0/0/0,19157:1747647664890:,1747647681915
counter/8/0/0/0,22464:1747647667137:,1747647681915
counter/6/0/0/0,20093:1747647666875:,1747647681915
counter/7/0/0/0,19945:1747647665328:,1747647681915
counter/10/0/0/0,19158:1747647664890:,1747647681915
counter/1/0/0/0,19574:1747647665895:,1747647681915
counter/8/0/0/0,22465:1747647667137:,1747647681915
counter/6/0/0/0,20094:1747647666875:,1747647681916
counter/7/0/0/0,19946:1747647665328:,1747647681916
counter/10/0/0/0,19159:1747647664890:,1747647681916
counter/8/0/0/0,22466:1747647667143:,1747647681916
counter/6/0/0/0,20095:1747647666875:,1747647681916
counter/7/0/0/0,19947:1747647665329:,1747647681916
counter/10/0/0/0,19160:1747647664890:,1747647681916
counter/8/0/0/0,22467:1747647667143:,1747647681916
counter/6/0/0/0,20096:1747647666875:,1747647681916
counter/7/0/0/0,19948:1747647665329:,1747647681916
counter/10/0/0/0,19161:1747647664890:,1747647681916
counter/8/0/0/0,22468:1747647667143:,1747647681916
counter/6/0/0/0,20097:1747647666875:,1747647681916
counter/7/0/0/0,19949:1747647665329:,1747647681916
counter/10/0/0/0,19162:1747647664890:,1747647681916
counter/4/0/0/0,18959:1747647665867:,1747647681916
counter/2/0/0/0,24417:1747647670201:,1747647681916
counter/8/0/0/0,22469:1747647667143:,1747647681916
counter/6/0/0/0,20098:1747647666875:,1747647681916
counter/7/0/0/0,19950:1747647665329:,1747647681916
counter/10/0/0/0,19163:1747647664890:,1747647681916
counter/5/0/0/0,21710:1747647667242:,1747647681916
counter/8/0/0/0,22470:1747647667143:,1747647681916
counter/6/0/0/0,20099:1747647666875:,1747647681916
counter/7/0/0/0,19951:1747647665329:,1747647681916
counter/10/0/0/0,19164:1747647664891:,1747647681916
counter/8/0/0/0,22471:1747647667143:,1747647681916
counter/6/0/0/0,20100:1747647666875:,1747647681916
counter/7/0/0/0,19952:1747647665329:,1747647681916
counter/10/0/0/0,19165:1747647664891:,1747647681916
counter/5/0/0/0,21711:1747647667242:,1747647681916
counter/8/0/0/0,22472:1747647667143:,1747647681916
counter/6/0/0/0,20101:1747647666875:,1747647681916
counter/7/0/0/0,19953:1747647665329:,1747647681916
counter/10/0/0/0,19166:1747647664891:,1747647681916
counter/8/0/0/0,22473:1747647667143:,1747647681916
counter/6/0/0/0,20102:1747647666875:,1747647681916
counter/7/0/0/0,19954:1747647665329:,1747647681916
counter/10/0/0/0,19167:1747647664891:,1747647681916
counter/8/0/0/0,22474:1747647667143:,1747647681916
counter/6/0/0/0,20103:1747647666875:,1747647681917
counter/7/0/0/0,19955:1747647665329:,1747647681917
counter/10/0/0/0,19168:1747647664891:,1747647681917
counter/8/0/0/0,22475:1747647667143:,1747647681917
counter/6/0/0/0,20104:1747647666875:,1747647681917
counter/7/0/0/0,19956:1747647665330:,1747647681917
counter/10/0/0/0,19169:1747647664891:,1747647681917
counter/8/0/0/0,22476:1747647667144:,1747647681917
counter/6/0/0/0,20105:1747647666883:,1747647681917
counter/7/0/0/0,19957:1747647665330:,1747647681917
counter/10/0/0/0,19170:1747647664891:,1747647681917
counter/5/0/0/0,21712:1747647667242:,1747647681917
counter/8/0/0/0,22477:1747647667144:,1747647681917
counter/6/0/0/0,20106:1747647666883:,1747647681917
counter/7/0/0/0,19958:1747647665330:,1747647681917
counter/10/0/0/0,19171:1747647664891:,1747647681917
counter/8/0/0/0,22478:1747647667144:,1747647681917
counter/6/0/0/0,20107:1747647666883:,1747647681917
counter/7/0/0/0,19959:1747647665330:,1747647681917
counter/10/0/0/0,19172:1747647664891:,1747647681917
counter/8/0/0/0,22479:1747647667144:,1747647681917
counter/6/0/0/0,20108:1747647666883:,1747647681917
counter/7/0/0/0,19960:1747647665330:,1747647681917
counter/10/0/0/0,19173:1747647664891:,1747647681917
counter/8/0/0/0,22480:1747647667144:,1747647681917
counter/6/0/0/0,20109:1747647666887:,1747647681917
counter/7/0/0/0,19961:1747647665330:,1747647681917
counter/10/0/0/0,19174:1747647664891:,1747647681917
counter/8/0/0/0,22481:1747647667144:,1747647681917
counter/6/0/0/0,20110:1747647666887:,1747647681917
counter/7/0/0/0,19962:1747647665330:,1747647681917
counter/10/0/0/0,19175:1747647664891:,1747647681917
counter/8/0/0/0,22482:1747647667147:,1747647681917
counter/6/0/0/0,20111:1747647666887:,1747647681917
counter/7/0/0/0,19963:1747647665330:,1747647681917
counter/8/0/0/0,22483:1747647667157:,1747647681917
counter/6/0/0/0,20112:1747647666888:,1747647681917
counter/7/0/0/0,19964:1747647665331:,1747647681917
counter/8/0/0/0,22484:1747647667157:,1747647681918
counter/6/0/0/0,20113:1747647666888:,1747647681918
counter/7/0/0/0,19965:1747647665332:,1747647681918
counter/8/0/0/0,22485:1747647667157:,1747647681918
counter/6/0/0/0,20114:1747647666888:,1747647681918
counter/7/0/0/0,19966:1747647665332:,1747647681918
counter/8/0/0/0,22486:1747647667157:,1747647681918
counter/6/0/0/0,20115:1747647666888:,1747647681918
counter/7/0/0/0,19967:1747647665332:,1747647681918
counter/8/0/0/0,22487:1747647667157:,1747647681918
counter/6/0/0/0,20116:1747647666888:,1747647681918
counter/7/0/0/0,19968:1747647665332:,1747647681918
counter/8/0/0/0,22488:1747647667157:,1747647681918
counter/6/0/0/0,20117:1747647666888:,1747647681918
counter/7/0/0/0,19969:1747647665335:,1747647681918
counter/8/0/0/0,22489:1747647667157:,1747647681918
counter/6/0/0/0,20118:1747647666888:,1747647681918
counter/7/0/0/0,19970:1747647665336:,1747647681918
counter/8/0/0/0,22490:1747647667157:,1747647681918
counter/6/0/0/0,20119:1747647666888:,1747647681918
counter/7/0/0/0,19971:1747647665336:,1747647681918
counter/8/0/0/0,22491:1747647667157:,1747647681918
counter/6/0/0/0,20120:1747647666888:,1747647681918
counter/7/0/0/0,19972:1747647665336:,1747647681918
counter/8/0/0/0,22492:1747647667157:,1747647681918
counter/6/0/0/0,20121:1747647666888:,1747647681918
counter/7/0/0/0,19973:1747647665336:,1747647681918
counter/8/0/0/0,22493:1747647667158:,1747647681918
counter/6/0/0/0,20122:1747647666888:,1747647681918
counter/7/0/0/0,19974:1747647665342:,1747647681918
counter/8/0/0/0,22494:1747647667158:,1747647681918
counter/6/0/0/0,20123:1747647666888:,1747647681918
counter/7/0/0/0,19975:1747647665342:,1747647681918
counter/2/0/0/0,24418:1747647670201:,1747647681918
counter/1/0/0/0,19575:1747647665895:,1747647681918
counter/8/0/0/0,22495:1747647667158:,1747647681918
counter/6/0/0/0,20124:1747647666888:,1747647681918
counter/7/0/0/0,19976:1747647665342:,1747647681918
counter/8/0/0/0,22496:1747647667158:,1747647681918
counter/6/0/0/0,20125:1747647666888:,1747647681918
counter/7/0/0/0,19977:1747647665342:,1747647681918
counter/8/0/0/0,22497:1747647667179:,1747647681918
counter/6/0/0/0,20126:1747647666912:,1747647681919
counter/7/0/0/0,19978:1747647665342:,1747647681919
counter/5/0/0/0,21713:1747647667242:,1747647681919
counter/2/0/0/0,24419:1747647670201:,1747647681919
counter/8/0/0/0,22498:1747647667179:,1747647681919
counter/6/0/0/0,20127:1747647666912:,1747647681919
counter/7/0/0/0,19979:1747647665342:,1747647681919
counter/1/0/0/0,19576:1747647665895:,1747647681919
counter/3/0/0/0,18415:1747647665076:,1747647681919
counter/4/0/0/0,18960:1747647665867:,1747647681919
counter/10/0/0/0,19176:1747647664891:,1747647681919
counter/8/0/0/0,22499:1747647667186:,1747647681919
counter/6/0/0/0,20128:1747647666912:,1747647681919
counter/7/0/0/0,19980:1747647665342:,1747647681919
counter/9/0/0/0,24899:1747647668517:,1747647681919
counter/8/0/0/0,22500:1747647667186:,1747647681919
counter/6/0/0/0,20129:1747647666912:,1747647681919
counter/7/0/0/0,19981:1747647665342:,1747647681919
counter/8/0/0/0,22501:1747647667186:,1747647681919
counter/6/0/0/0,20130:1747647666914:,1747647681919
counter/7/0/0/0,19982:1747647665349:,1747647681919
counter/8/0/0/0,22502:1747647667186:,1747647681919
counter/6/0/0/0,20131:1747647666914:,1747647681919
counter/7/0/0/0,19983:1747647665349:,1747647681919
counter/8/0/0/0,22503:1747647667186:,1747647681919
counter/6/0/0/0,20132:1747647666914:,1747647681919
counter/7/0/0/0,19984:1747647665349:,1747647681919
counter/8/0/0/0,22504:1747647667191:,1747647681919
counter/6/0/0/0,20133:1747647666914:,1747647681919
counter/7/0/0/0,19985:1747647665349:,1747647681919
counter/8/0/0/0,22505:1747647667191:,1747647681919
counter/6/0/0/0,20134:1747647666914:,1747647681919
counter/7/0/0/0,19986:1747647665349:,1747647681919
counter/8/0/0/0,22506:1747647667191:,1747647681919
counter/6/0/0/0,20135:1747647666914:,1747647681919
counter/7/0/0/0,19987:1747647665349:,1747647681919
counter/8/0/0/0,22507:1747647667191:,1747647681919
counter/6/0/0/0,20136:1747647666914:,1747647681919
counter/7/0/0/0,19988:1747647665349:,1747647681919
counter/8/0/0/0,22508:1747647667191:,1747647681919
counter/6/0/0/0,20137:1747647666914:,1747647681919
counter/7/0/0/0,19989:1747647665349:,1747647681919
counter/8/0/0/0,22509:1747647667191:,1747647681920
counter/6/0/0/0,20138:1747647666914:,1747647681920
counter/7/0/0/0,19990:1747647665349:,1747647681920
counter/8/0/0/0,22510:1747647667195:,1747647681920
counter/6/0/0/0,20139:1747647666914:,1747647681920
counter/7/0/0/0,19991:1747647665349:,1747647681920
counter/10/0/0/0,19177:1747647664891:,1747647681920
counter/8/0/0/0,22511:1747647667195:,1747647681920
counter/6/0/0/0,20140:1747647666923:,1747647681920
counter/7/0/0/0,19992:1747647665349:,1747647681920
counter/3/0/0/0,18416:1747647665076:,1747647681920
counter/9/0/0/0,24900:1747647668517:,1747647681920
counter/8/0/0/0,22512:1747647667195:,1747647681920
counter/6/0/0/0,20141:1747647666929:,1747647681920
counter/7/0/0/0,19993:1747647665349:,1747647681920
counter/3/0/0/0,18417:1747647665076:,1747647681920
counter/2/0/0/0,24420:1747647670201:,1747647681920
counter/5/0/0/0,21714:1747647667242:,1747647681920
counter/8/0/0/0,22513:1747647667195:,1747647681920
counter/6/0/0/0,20142:1747647666931:,1747647681920
counter/7/0/0/0,19994:1747647665349:,1747647681920
counter/8/0/0/0,22514:1747647667195:,1747647681920
counter/6/0/0/0,20143:1747647666932:,1747647681920
counter/7/0/0/0,19995:1747647665349:,1747647681920
counter/8/0/0/0,22515:1747647667195:,1747647681920
counter/6/0/0/0,20144:1747647666932:,1747647681920
counter/7/0/0/0,19996:1747647665349:,1747647681920
counter/8/0/0/0,22516:1747647667195:,1747647681920
counter/6/0/0/0,20145:1747647666932:,1747647681920
counter/7/0/0/0,19997:1747647665349:,1747647681920
counter/8/0/0/0,22517:1747647667195:,1747647681920
counter/6/0/0/0,20146:1747647666932:,1747647681920
counter/7/0/0/0,19998:1747647665350:,1747647681920
counter/3/0/0/0,18418:1747647665076:,1747647681920
counter/8/0/0/0,22518:1747647667198:,1747647681920
counter/6/0/0/0,20147:1747647666932:,1747647681920
counter/7/0/0/0,19999:1747647665350:,1747647681920
counter/9/0/0/0,24901:1747647668517:,1747647681920
counter/5/0/0/0,21715:1747647667242:,1747647681920
counter/8/0/0/0,22519:1747647667198:,1747647681921
counter/6/0/0/0,20148:1747647666932:,1747647681921
counter/7/0/0/0,20000:1747647665350:,1747647681921
counter/1/0/0/0,19577:1747647665895:,1747647681921
counter/8/0/0/0,22520:1747647667198:,1747647681921
counter/6/0/0/0,20149:1747647666932:,1747647681921
counter/7/0/0/0,20001:1747647665350:,1747647681921
counter/1/0/0/0,19578:1747647665895:,1747647681921
counter/8/0/0/0,22521:1747647667198:,1747647681921
counter/6/0/0/0,20150:1747647666948:,1747647681921
counter/7/0/0/0,20002:1747647665350:,1747647681921
counter/1/0/0/0,19579:1747647665895:,1747647681921
counter/8/0/0/0,22522:1747647667198:,1747647681921
counter/6/0/0/0,20151:1747647666948:,1747647681921
counter/7/0/0/0,20003:1747647665350:,1747647681921
counter/1/0/0/0,19580:1747647665897:,1747647681921
counter/8/0/0/0,22523:1747647667198:,1747647681921
counter/6/0/0/0,20152:1747647666948:,1747647681921
counter/7/0/0/0,20004:1747647665350:,1747647681921
counter/1/0/0/0,19581:1747647665898:,1747647681921
counter/8/0/0/0,22524:1747647667198:,1747647681921
counter/6/0/0/0,20153:1747647666948:,1747647681921
counter/7/0/0/0,20005:1747647665350:,1747647681921
counter/1/0/0/0,19582:1747647665898:,1747647681921
counter/8/0/0/0,22525:1747647667199:,1747647681921
counter/6/0/0/0,20154:1747647666948:,1747647681921
counter/7/0/0/0,20006:1747647665350:,1747647681921
counter/1/0/0/0,19583:1747647665898:,1747647681921
counter/8/0/0/0,22526:1747647667199:,1747647681921
counter/6/0/0/0,20155:1747647666948:,1747647681921
counter/7/0/0/0,20007:1747647665350:,1747647681921
counter/1/0/0/0,19584:1747647665898:,1747647681921
counter/8/0/0/0,22527:1747647667215:,1747647681921
counter/6/0/0/0,20156:1747647666949:,1747647681921
counter/7/0/0/0,20008:1747647665350:,1747647681921
counter/1/0/0/0,19585:1747647665898:,1747647681921
counter/8/0/0/0,22528:1747647667215:,1747647681921
counter/6/0/0/0,20157:1747647666949:,1747647681921
counter/7/0/0/0,20009:1747647665350:,1747647681921
counter/1/0/0/0,19586:1747647665898:,1747647681921
counter/8/0/0/0,22529:1747647667215:,1747647681921
counter/6/0/0/0,20158:1747647666949:,1747647681921
counter/7/0/0/0,20010:1747647665350:,1747647681922
counter/1/0/0/0,19587:1747647665898:,1747647681922
counter/8/0/0/0,22530:1747647667215:,1747647681922
counter/6/0/0/0,20159:1747647666949:,1747647681922
counter/7/0/0/0,20011:1747647665350:,1747647681922
counter/1/0/0/0,19588:1747647665898:,1747647681922
counter/8/0/0/0,22531:1747647667215:,1747647681922
counter/6/0/0/0,20160:1747647666949:,1747647681922
counter/7/0/0/0,20012:1747647665350:,1747647681922
counter/1/0/0/0,19589:1747647665900:,1747647681922
counter/8/0/0/0,22532:1747647667215:,1747647681922
counter/6/0/0/0,20161:1747647666949:,1747647681922
counter/7/0/0/0,20013:1747647665359:,1747647681922
counter/1/0/0/0,19590:1747647665907:,1747647681922
counter/8/0/0/0,22533:1747647667215:,1747647681922
counter/6/0/0/0,20162:1747647666949:,1747647681922
counter/7/0/0/0,20014:1747647665367:,1747647681922
counter/1/0/0/0,19591:1747647665907:,1747647681922
counter/8/0/0/0,22534:1747647667215:,1747647681922
counter/6/0/0/0,20163:1747647666949:,1747647681922
counter/7/0/0/0,20015:1747647665374:,1747647681922
counter/1/0/0/0,19592:1747647665907:,1747647681922
counter/8/0/0/0,22535:1747647667215:,1747647681922
counter/6/0/0/0,20164:1747647666949:,1747647681922
counter/7/0/0/0,20016:1747647665374:,1747647681922
counter/1/0/0/0,19593:1747647665907:,1747647681922
counter/8/0/0/0,22536:1747647667215:,1747647681922
counter/6/0/0/0,20165:1747647666949:,1747647681922
counter/7/0/0/0,20017:1747647665374:,1747647681922
counter/1/0/0/0,19594:1747647665907:,1747647681922
counter/8/0/0/0,22537:1747647667215:,1747647681922
counter/6/0/0/0,20166:1747647666949:,1747647681922
counter/7/0/0/0,20018:1747647665374:,1747647681922
counter/1/0/0/0,19595:1747647665907:,1747647681922
counter/8/0/0/0,22538:1747647667215:,1747647681922
counter/6/0/0/0,20167:1747647666949:,1747647681922
counter/7/0/0/0,20019:1747647665374:,1747647681922
counter/1/0/0/0,19596:1747647665907:,1747647681922
counter/8/0/0/0,22539:1747647667215:,1747647681923
counter/6/0/0/0,20168:1747647666957:,1747647681923
counter/7/0/0/0,20020:1747647665374:,1747647681923
counter/1/0/0/0,19597:1747647665907:,1747647681923
counter/8/0/0/0,22540:1747647667215:,1747647681923
counter/6/0/0/0,20169:1747647666957:,1747647681923
counter/7/0/0/0,20021:1747647665374:,1747647681923
counter/1/0/0/0,19598:1747647665907:,1747647681923
counter/8/0/0/0,22541:1747647667216:,1747647681923
counter/6/0/0/0,20170:1747647666957:,1747647681923
counter/7/0/0/0,20022:1747647665374:,1747647681923
counter/1/0/0/0,19599:1747647665907:,1747647681923
counter/8/0/0/0,22542:1747647667216:,1747647681923
counter/6/0/0/0,20171:1747647666957:,1747647681923
counter/7/0/0/0,20023:1747647665374:,1747647681923
counter/1/0/0/0,19600:1747647665907:,1747647681923
counter/8/0/0/0,22543:1747647667216:,1747647681923
counter/6/0/0/0,20172:1747647666957:,1747647681923
counter/7/0/0/0,20024:1747647665374:,1747647681923
counter/1/0/0/0,19601:1747647665907:,1747647681923
counter/8/0/0/0,22544:1747647667216:,1747647681923
counter/6/0/0/0,20173:1747647666957:,1747647681923
counter/7/0/0/0,20025:1747647665374:,1747647681923
counter/1/0/0/0,19602:1747647665907:,1747647681923
counter/8/0/0/0,22545:1747647667216:,1747647681923
counter/6/0/0/0,20174:1747647666957:,1747647681923
counter/7/0/0/0,20026:1747647665374:,1747647681923
counter/1/0/0/0,19603:1747647665907:,1747647681923
counter/8/0/0/0,22546:1747647667216:,1747647681923
counter/6/0/0/0,20175:1747647666957:,1747647681923
counter/7/0/0/0,20027:1747647665374:,1747647681923
counter/1/0/0/0,19604:1747647665907:,1747647681923
counter/8/0/0/0,22547:1747647667216:,1747647681923
counter/6/0/0/0,20176:1747647666958:,1747647681923
counter/7/0/0/0,20028:1747647665374:,1747647681923
counter/1/0/0/0,19605:1747647665907:,1747647681923
counter/8/0/0/0,22548:1747647667216:,1747647681923
counter/6/0/0/0,20177:1747647666958:,1747647681923
counter/7/0/0/0,20029:1747647665374:,1747647681923
counter/1/0/0/0,19606:1747647665907:,1747647681923
counter/8/0/0/0,22549:1747647667216:,1747647681923
counter/6/0/0/0,20178:1747647666958:,1747647681924
counter/7/0/0/0,20030:1747647665374:,1747647681924
counter/1/0/0/0,19607:1747647665907:,1747647681924
counter/8/0/0/0,22550:1747647667216:,1747647681924
counter/6/0/0/0,20179:1747647666958:,1747647681924
counter/7/0/0/0,20031:1747647665374:,1747647681924
counter/1/0/0/0,19608:1747647665907:,1747647681924
counter/8/0/0/0,22551:1747647667216:,1747647681924
counter/6/0/0/0,20180:1747647666958:,1747647681924
counter/7/0/0/0,20032:1747647665375:,1747647681924
counter/1/0/0/0,19609:1747647665907:,1747647681924
counter/8/0/0/0,22552:1747647667216:,1747647681924
counter/6/0/0/0,20181:1747647666958:,1747647681924
counter/7/0/0/0,20033:1747647665375:,1747647681924
counter/1/0/0/0,19610:1747647665907:,1747647681924
counter/8/0/0/0,22553:1747647667216:,1747647681924
counter/6/0/0/0,20182:1747647666958:,1747647681924
counter/7/0/0/0,20034:1747647665375:,1747647681924
counter/1/0/0/0,19611:1747647665907:,1747647681924
counter/8/0/0/0,22554:1747647667216:,1747647681924
counter/6/0/0/0,20183:1747647666958:,1747647681924
counter/7/0/0/0,20035:1747647665375:,1747647681924
counter/1/0/0/0,19612:1747647665907:,1747647681924
counter/8/0/0/0,22555:1747647667216:,1747647681924
counter/6/0/0/0,20184:1747647666958:,1747647681924
counter/7/0/0/0,20036:1747647665375:,1747647681924
counter/1/0/0/0,19613:1747647665907:,1747647681924
counter/8/0/0/0,22556:1747647667216:,1747647681924
counter/6/0/0/0,20185:1747647666959:,1747647681924
counter/7/0/0/0,20037:1747647665375:,1747647681924
counter/1/0/0/0,19614:1747647665908:,1747647681924
counter/8/0/0/0,22557:1747647667216:,1747647681924
counter/6/0/0/0,20186:1747647666959:,1747647681924
counter/7/0/0/0,20038:1747647665375:,1747647681924
counter/1/0/0/0,19615:1747647665908:,1747647681924
counter/8/0/0/0,22558:1747647667222:,1747647681924
counter/6/0/0/0,20187:1747647666959:,1747647681924
counter/7/0/0/0,20039:1747647665375:,1747647681924
counter/1/0/0/0,19616:1747647665909:,1747647681924
counter/8/0/0/0,22559:1747647667224:,1747647681924
counter/6/0/0/0,20188:1747647666959:,1747647681924
counter/7/0/0/0,20040:1747647665378:,1747647681925
counter/1/0/0/0,19617:1747647665909:,1747647681925
counter/8/0/0/0,22560:1747647667226:,1747647681925
counter/6/0/0/0,20189:1747647666959:,1747647681925
counter/1/0/0/0,19618:1747647665909:,1747647681925
counter/8/0/0/0,22561:1747647667244:,1747647681925
counter/6/0/0/0,20190:1747647666959:,1747647681925
counter/1/0/0/0,19619:1747647665909:,1747647681925
counter/8/0/0/0,22562:1747647667244:,1747647681925
counter/6/0/0/0,20191:1747647666960:,1747647681925
counter/1/0/0/0,19620:1747647665909:,1747647681925
counter/8/0/0/0,22563:1747647667244:,1747647681925
counter/6/0/0/0,20192:1747647666960:,1747647681925
counter/1/0/0/0,19621:1747647665909:,1747647681925
counter/8/0/0/0,22564:1747647667244:,1747647681925
counter/6/0/0/0,20193:1747647666960:,1747647681925
counter/1/0/0/0,19622:1747647665909:,1747647681925
counter/8/0/0/0,22565:1747647667244:,1747647681925
counter/6/0/0/0,20194:1747647666960:,1747647681925
counter/1/0/0/0,19623:1747647665909:,1747647681925
counter/8/0/0/0,22566:1747647667244:,1747647681925
counter/6/0/0/0,20195:1747647666960:,1747647681925
counter/1/0/0/0,19624:1747647665910:,1747647681925
counter/8/0/0/0,22567:1747647667244:,1747647681925
counter/6/0/0/0,20196:1747647666960:,1747647681925
counter/1/0/0/0,19625:1747647665910:,1747647681925
counter/8/0/0/0,22568:1747647667244:,1747647681925
counter/6/0/0/0,20197:1747647666960:,1747647681925
counter/1/0/0/0,19626:1747647665910:,1747647681925
counter/8/0/0/0,22569:1747647667244:,1747647681925
counter/6/0/0/0,20198:1747647666960:,1747647681925
counter/1/0/0/0,19627:1747647665910:,1747647681925
counter/8/0/0/0,22570:1747647667244:,1747647681925
counter/6/0/0/0,20199:1747647666975:,1747647681925
counter/1/0/0/0,19628:1747647665915:,1747647681925
counter/8/0/0/0,22571:1747647667244:,1747647681925
counter/6/0/0/0,20200:1747647666975:,1747647681925
counter/1/0/0/0,19629:1747647665915:,1747647681925
counter/8/0/0/0,22572:1747647667244:,1747647681925
counter/6/0/0/0,20201:1747647666975:,1747647681926
counter/1/0/0/0,19630:1747647665915:,1747647681926
counter/8/0/0/0,22573:1747647667244:,1747647681926
counter/6/0/0/0,20202:1747647666975:,1747647681926
counter/1/0/0/0,19631:1747647665915:,1747647681926
counter/8/0/0/0,22574:1747647667244:,1747647681926
counter/6/0/0/0,20203:1747647666984:,1747647681926
counter/1/0/0/0,19632:1747647665915:,1747647681926
counter/8/0/0/0,22575:1747647667244:,1747647681926
counter/6/0/0/0,20204:1747647666984:,1747647681926
counter/1/0/0/0,19633:1747647665915:,1747647681926
counter/8/0/0/0,22576:1747647667244:,1747647681926
counter/6/0/0/0,20205:1747647667001:,1747647681926
counter/1/0/0/0,19634:1747647665916:,1747647681926
counter/8/0/0/0,22577:1747647667245:,1747647681926
counter/6/0/0/0,20206:1747647667001:,1747647681926
counter/1/0/0/0,19635:1747647665916:,1747647681926
counter/8/0/0/0,22578:1747647667245:,1747647681926
counter/6/0/0/0,20207:1747647667001:,1747647681926
counter/1/0/0/0,19636:1747647665916:,1747647681926
counter/8/0/0/0,22579:1747647667254:,1747647681926
counter/6/0/0/0,20208:1747647667005:,1747647681926
counter/1/0/0/0,19637:1747647665916:,1747647681926
counter/8/0/0/0,22580:1747647667255:,1747647681926
counter/6/0/0/0,20209:1747647667005:,1747647681926
counter/1/0/0/0,19638:1747647665916:,1747647681926
counter/8/0/0/0,22581:1747647667255:,1747647681926
counter/6/0/0/0,20210:1747647667005:,1747647681926
counter/1/0/0/0,19639:1747647665916:,1747647681926
counter/8/0/0/0,22582:1747647667255:,1747647681926
counter/6/0/0/0,20211:1747647667005:,1747647681926
counter/1/0/0/0,19640:1747647665916:,1747647681926
counter/8/0/0/0,22583:1747647667255:,1747647681926
counter/6/0/0/0,20212:1747647667005:,1747647681926
counter/1/0/0/0,19641:1747647665916:,1747647681926
counter/3/0/0/0,18419:1747647665076:,1747647681926
counter/4/0/0/0,18961:1747647665867:,1747647681926
counter/8/0/0/0,22584:1747647667255:,1747647681926
counter/6/0/0/0,20213:1747647667005:,1747647681927
counter/1/0/0/0,19642:1747647665918:,1747647681927
counter/5/0/0/0,21716:1747647667242:,1747647681927
counter/2/0/0/0,24421:1747647670201:,1747647681927
counter/8/0/0/0,22585:1747647667255:,1747647681927
counter/6/0/0/0,20214:1747647667005:,1747647681927
counter/1/0/0/0,19643:1747647665920:,1747647681927
counter/5/0/0/0,21717:1747647667242:,1747647681927
counter/8/0/0/0,22586:1747647667255:,1747647681927
counter/6/0/0/0,20215:1747647667005:,1747647681927
counter/1/0/0/0,19644:1747647665920:,1747647681927
counter/5/0/0/0,21718:1747647667242:,1747647681927
counter/8/0/0/0,22587:1747647667255:,1747647681927
counter/6/0/0/0,20216:1747647667005:,1747647681927
counter/1/0/0/0,19645:1747647665920:,1747647681927
counter/5/0/0/0,21719:1747647667245:,1747647681927
counter/8/0/0/0,22588:1747647667255:,1747647681927
counter/6/0/0/0,20217:1747647667005:,1747647681927
counter/1/0/0/0,19646:1747647665920:,1747647681927
counter/5/0/0/0,21720:1747647667245:,1747647681927
counter/8/0/0/0,22589:1747647667256:,1747647681927
counter/6/0/0/0,20218:1747647667005:,1747647681927
counter/1/0/0/0,19647:1747647665920:,1747647681927
counter/5/0/0/0,21721:1747647667246:,1747647681927
counter/8/0/0/0,22590:1747647667256:,1747647681927
counter/6/0/0/0,20219:1747647667005:,1747647681927
counter/1/0/0/0,19648:1747647665920:,1747647681927
counter/5/0/0/0,21722:1747647667246:,1747647681927
counter/8/0/0/0,22591:1747647667256:,1747647681927
counter/6/0/0/0,20220:1747647667005:,1747647681927
counter/1/0/0/0,19649:1747647665920:,1747647681927
counter/5/0/0/0,21723:1747647667248:,1747647681927
counter/8/0/0/0,22592:1747647667256:,1747647681927
counter/6/0/0/0,20221:1747647667005:,1747647681927
counter/1/0/0/0,19650:1747647665920:,1747647681928
counter/5/0/0/0,21724:1747647667248:,1747647681928
counter/8/0/0/0,22593:1747647667256:,1747647681928
counter/6/0/0/0,20222:1747647667009:,1747647681928
counter/1/0/0/0,19651:1747647665920:,1747647681928
counter/5/0/0/0,21725:1747647667248:,1747647681928
counter/8/0/0/0,22594:1747647667256:,1747647681928
counter/6/0/0/0,20223:1747647667009:,1747647681928
counter/1/0/0/0,19652:1747647665920:,1747647681928
counter/5/0/0/0,21726:1747647667248:,1747647681928
counter/8/0/0/0,22595:1747647667256:,1747647681928
counter/6/0/0/0,20224:1747647667010:,1747647681928
counter/1/0/0/0,19653:1747647665920:,1747647681928
counter/5/0/0/0,21727:1747647667248:,1747647681928
counter/8/0/0/0,22596:1747647667256:,1747647681928
counter/6/0/0/0,20225:1747647667010:,1747647681928
counter/1/0/0/0,19654:1747647665920:,1747647681928
counter/5/0/0/0,21728:1747647667248:,1747647681928
counter/8/0/0/0,22597:1747647667260:,1747647681928
counter/6/0/0/0,20226:1747647667018:,1747647681928
counter/1/0/0/0,19655:1747647665920:,1747647681928
counter/5/0/0/0,21729:1747647667249:,1747647681928
counter/8/0/0/0,22598:1747647667260:,1747647681928
counter/6/0/0/0,20227:1747647667018:,1747647681928
counter/1/0/0/0,19656:1747647665920:,1747647681928
counter/5/0/0/0,21730:1747647667272:,1747647681928
counter/8/0/0/0,22599:1747647667269:,1747647681928
counter/6/0/0/0,20228:1747647667018:,1747647681928
counter/1/0/0/0,19657:1747647665920:,1747647681928
counter/5/0/0/0,21731:1747647667272:,1747647681928
counter/8/0/0/0,22600:1747647667276:,1747647681928
counter/6/0/0/0,20229:1747647667018:,1747647681928
counter/1/0/0/0,19658:1747647665920:,1747647681928
counter/5/0/0/0,21732:1747647667272:,1747647681928
counter/8/0/0/0,22601:1747647667276:,1747647681928
counter/6/0/0/0,20230:1747647667018:,1747647681928
counter/1/0/0/0,19659:1747647665920:,1747647681928
counter/5/0/0/0,21733:1747647667272:,1747647681928
counter/8/0/0/0,22602:1747647667276:,1747647681928
counter/6/0/0/0,20231:1747647667018:,1747647681928
counter/1/0/0/0,19660:1747647665920:,1747647681928
counter/5/0/0/0,21734:1747647667272:,1747647681928
counter/8/0/0/0,22603:1747647667276:,1747647681929
counter/6/0/0/0,20232:1747647667018:,1747647681929
counter/1/0/0/0,19661:1747647665920:,1747647681929
counter/5/0/0/0,21735:1747647667272:,1747647681929
counter/8/0/0/0,22604:1747647667276:,1747647681929
counter/6/0/0/0,20233:1747647667018:,1747647681929
counter/1/0/0/0,19662:1747647665920:,1747647681929
counter/5/0/0/0,21736:1747647667272:,1747647681929
counter/8/0/0/0,22605:1747647667276:,1747647681929
counter/6/0/0/0,20234:1747647667019:,1747647681929
counter/1/0/0/0,19663:1747647665920:,1747647681929
counter/5/0/0/0,21737:1747647667272:,1747647681929
counter/8/0/0/0,22606:1747647667276:,1747647681929
counter/6/0/0/0,20235:1747647667029:,1747647681929
counter/1/0/0/0,19664:1747647665920:,1747647681929
counter/5/0/0/0,21738:1747647667272:,1747647681929
counter/8/0/0/0,22607:1747647667276:,1747647681929
counter/6/0/0/0,20236:1747647667029:,1747647681929
counter/1/0/0/0,19665:1747647665920:,1747647681929
counter/5/0/0/0,21739:1747647667272:,1747647681929
counter/8/0/0/0,22608:1747647667276:,1747647681929
counter/6/0/0/0,20237:1747647667029:,1747647681929
counter/1/0/0/0,19666:1747647665920:,1747647681929
counter/5/0/0/0,21740:1747647667272:,1747647681929
counter/8/0/0/0,22609:1747647667276:,1747647681929
counter/6/0/0/0,20238:1747647667029:,1747647681929
counter/1/0/0/0,19667:1747647665921:,1747647681929
counter/5/0/0/0,21741:1747647667272:,1747647681929
counter/4/0/0/0,18962:1747647665867:,1747647681929
counter/8/0/0/0,22610:1747647667276:,1747647681929
counter/6/0/0/0,20239:1747647667029:,1747647681929
counter/1/0/0/0,19668:1747647665921:,1747647681929
counter/5/0/0/0,21742:1747647667280:,1747647681929
counter/2/0/0/0,24422:1747647670201:,1747647681929
counter/8/0/0/0,22611:1747647667282:,1747647681929
counter/6/0/0/0,20240:1747647667029:,1747647681929
counter/1/0/0/0,19669:1747647665924:,1747647681929
counter/5/0/0/0,21743:1747647667280:,1747647681929
counter/8/0/0/0,22612:1747647667282:,1747647681929
counter/6/0/0/0,20241:1747647667029:,1747647681929
counter/1/0/0/0,19670:1747647665927:,1747647681929
counter/5/0/0/0,21744:1747647667280:,1747647681929
counter/8/0/0/0,22613:1747647667282:,1747647681930
counter/6/0/0/0,20242:1747647667029:,1747647681930
counter/1/0/0/0,19671:1747647665927:,1747647681930
counter/5/0/0/0,21745:1747647667280:,1747647681930
counter/8/0/0/0,22614:1747647667282:,1747647681930
counter/6/0/0/0,20243:1747647667029:,1747647681930
counter/1/0/0/0,19672:1747647665927:,1747647681930
counter/5/0/0/0,21746:1747647667280:,1747647681930
counter/8/0/0/0,22615:1747647667282:,1747647681930
counter/6/0/0/0,20244:1747647667029:,1747647681930
counter/1/0/0/0,19673:1747647665927:,1747647681930
counter/5/0/0/0,21747:1747647667280:,1747647681930
counter/8/0/0/0,22616:1747647667282:,1747647681930
counter/6/0/0/0,20245:1747647667029:,1747647681930
counter/1/0/0/0,19674:1747647665927:,1747647681930
counter/5/0/0/0,21748:1747647667280:,1747647681930
counter/8/0/0/0,22617:1747647667282:,1747647681930
counter/6/0/0/0,20246:1747647667029:,1747647681930
counter/1/0/0/0,19675:1747647665927:,1747647681930
counter/5/0/0/0,21749:1747647667284:,1747647681930
counter/8/0/0/0,22618:1747647667282:,1747647681930
counter/6/0/0/0,20247:1747647667029:,1747647681930
counter/1/0/0/0,19676:1747647665927:,1747647681930
counter/5/0/0/0,21750:1747647667290:,1747647681930
counter/8/0/0/0,22619:1747647667282:,1747647681930
counter/6/0/0/0,20248:1747647667029:,1747647681930
counter/1/0/0/0,19677:1747647665927:,1747647681930
counter/5/0/0/0,21751:1747647667292:,1747647681930
counter/8/0/0/0,22620:1747647667282:,1747647681930
counter/6/0/0/0,20249:1747647667029:,1747647681930
counter/1/0/0/0,19678:1747647665927:,1747647681930
counter/5/0/0/0,21752:1747647667304:,1747647681930
counter/8/0/0/0,22621:1747647667282:,1747647681930
counter/6/0/0/0,20250:1747647667053:,1747647681930
counter/1/0/0/0,19679:1747647665927:,1747647681930
counter/5/0/0/0,21753:1747647667304:,1747647681930
counter/8/0/0/0,22622:1747647667282:,1747647681930
counter/6/0/0/0,20251:1747647667053:,1747647681930
counter/1/0/0/0,19680:1747647665927:,1747647681930
counter/5/0/0/0,21754:1747647667304:,1747647681930
counter/8/0/0/0,22623:1747647667284:,1747647681930
counter/6/0/0/0,20252:1747647667053:,1747647681930
counter/1/0/0/0,19681:1747647665927:,1747647681931
counter/5/0/0/0,21755:1747647667304:,1747647681931
counter/8/0/0/0,22624:1747647667286:,1747647681931
counter/6/0/0/0,20253:1747647667053:,1747647681931
counter/1/0/0/0,19682:1747647665928:,1747647681931
counter/5/0/0/0,21756:1747647667304:,1747647681931
counter/8/0/0/0,22625:1747647667286:,1747647681931
counter/6/0/0/0,20254:1747647667053:,1747647681931
counter/1/0/0/0,19683:1747647665928:,1747647681931
counter/5/0/0/0,21757:1747647667305:,1747647681931
counter/8/0/0/0,22626:1747647667291:,1747647681931
counter/6/0/0/0,20255:1747647667053:,1747647681931
counter/1/0/0/0,19684:1747647665931:,1747647681931
counter/5/0/0/0,21758:1747647667305:,1747647681931
counter/8/0/0/0,22627:1747647667291:,1747647681931
counter/6/0/0/0,20256:1747647667053:,1747647681931
counter/1/0/0/0,19685:1747647665931:,1747647681931
counter/5/0/0/0,21759:1747647667305:,1747647681931
counter/8/0/0/0,22628:1747647667291:,1747647681931
counter/6/0/0/0,20257:1747647667053:,1747647681931
counter/1/0/0/0,19686:1747647665931:,1747647681931
counter/5/0/0/0,21760:1747647667305:,1747647681931
counter/8/0/0/0,22629:1747647667291:,1747647681931
counter/6/0/0/0,20258:1747647667053:,1747647681931
counter/1/0/0/0,19687:1747647665940:,1747647681931
counter/5/0/0/0,21761:1747647667305:,1747647681931
counter/8/0/0/0,22630:1747647667291:,1747647681931
counter/6/0/0/0,20259:1747647667053:,1747647681931
counter/1/0/0/0,19688:1747647665963:,1747647681931
counter/5/0/0/0,21762:1747647667305:,1747647681931
counter/9/0/0/0,24902:1747647668517:,1747647681931
counter/8/0/0/0,22631:1747647667295:,1747647681931
counter/6/0/0/0,20260:1747647667053:,1747647681931
counter/1/0/0/0,19689:1747647665963:,1747647681931
counter/5/0/0/0,21763:1747647667305:,1747647681931
counter/3/0/0/0,18420:1747647665077:,1747647681931
counter/8/0/0/0,22632:1747647667295:,1747647681931
counter/6/0/0/0,20261:1747647667053:,1747647681931
counter/1/0/0/0,19690:1747647665963:,1747647681931
counter/5/0/0/0,21764:1747647667305:,1747647681931
counter/3/0/0/0,18421:1747647665077:,1747647681931
counter/8/0/0/0,22633:1747647667295:,1747647681931
counter/6/0/0/0,20262:1747647667053:,1747647681931
counter/1/0/0/0,19691:1747647665963:,1747647681932
counter/5/0/0/0,21765:1747647667305:,1747647681932
counter/3/0/0/0,18422:1747647665077:,1747647681932
counter/8/0/0/0,22634:1747647667302:,1747647681932
counter/6/0/0/0,20263:1747647667053:,1747647681932
counter/1/0/0/0,19692:1747647665963:,1747647681932
counter/5/0/0/0,21766:1747647667305:,1747647681932
counter/3/0/0/0,18423:1747647665077:,1747647681932
counter/8/0/0/0,22635:1747647667302:,1747647681932
counter/6/0/0/0,20264:1747647667064:,1747647681932
counter/1/0/0/0,19693:1747647665977:,1747647681932
counter/5/0/0/0,21767:1747647667305:,1747647681932
counter/3/0/0/0,18424:1747647665077:,1747647681932
counter/8/0/0/0,22636:1747647667306:,1747647681932
counter/6/0/0/0,20265:1747647667065:,1747647681932
counter/1/0/0/0,19694:1747647665977:,1747647681932
counter/5/0/0/0,21768:1747647667315:,1747647681932
counter/3/0/0/0,18425:1747647665088:,1747647681932
counter/8/0/0/0,22637:1747647667307:,1747647681932
counter/6/0/0/0,20266:1747647667065:,1747647681932
counter/1/0/0/0,19695:1747647665977:,1747647681932
counter/5/0/0/0,21769:1747647667315:,1747647681932
counter/3/0/0/0,18426:1747647665088:,1747647681932
counter/8/0/0/0,22638:1747647667307:,1747647681932
counter/6/0/0/0,20267:1747647667065:,1747647681932
counter/1/0/0/0,19696:1747647665977:,1747647681932
counter/5/0/0/0,21770:1747647667316:,1747647681932
counter/3/0/0/0,18427:1747647665088:,1747647681932
counter/8/0/0/0,22639:1747647667307:,1747647681932
counter/6/0/0/0,20268:1747647667065:,1747647681932
counter/1/0/0/0,19697:1747647665977:,1747647681932
counter/5/0/0/0,21771:1747647667316:,1747647681932
counter/3/0/0/0,18428:1747647665088:,1747647681932
counter/8/0/0/0,22640:1747647667307:,1747647681932
counter/6/0/0/0,20269:1747647667065:,1747647681932
counter/1/0/0/0,19698:1747647665977:,1747647681932
counter/5/0/0/0,21772:1747647667316:,1747647681932
counter/3/0/0/0,18429:1747647665088:,1747647681933
counter/8/0/0/0,22641:1747647667307:,1747647681933
counter/6/0/0/0,20270:1747647667065:,1747647681933
counter/1/0/0/0,19699:1747647665977:,1747647681933
counter/5/0/0/0,21773:1747647667316:,1747647681933
counter/3/0/0/0,18430:1747647665088:,1747647681933
counter/2/0/0/0,24423:1747647670201:,1747647681933
counter/4/0/0/0,18963:1747647665867:,1747647681933
counter/8/0/0/0,22642:1747647667307:,1747647681933
counter/6/0/0/0,20271:1747647667065:,1747647681933
counter/1/0/0/0,19700:1747647665977:,1747647681933
counter/5/0/0/0,21774:1747647667316:,1747647681933
counter/3/0/0/0,18431:1747647665088:,1747647681933
counter/2/0/0/0,24424:1747647670201:,1747647681933
counter/8/0/0/0,22643:1747647667307:,1747647681933
counter/6/0/0/0,20272:1747647667065:,1747647681933
counter/1/0/0/0,19701:1747647665988:,1747647681933
counter/5/0/0/0,21775:1747647667316:,1747647681933
counter/3/0/0/0,18432:1747647665088:,1747647681933
counter/8/0/0/0,22644:1747647667307:,1747647681933
counter/6/0/0/0,20273:1747647667065:,1747647681933
counter/1/0/0/0,19702:1747647665988:,1747647681933
counter/5/0/0/0,21776:1747647667316:,1747647681933
counter/3/0/0/0,18433:1747647665090:,1747647681933
counter/9/0/0/0,24903:1747647668517:,1747647681933
counter/8/0/0/0,22645:1747647667307:,1747647681933
counter/6/0/0/0,20274:1747647667065:,1747647681933
counter/1/0/0/0,19703:1747647665988:,1747647681933
counter/5/0/0/0,21777:1747647667316:,1747647681933
counter/3/0/0/0,18434:1747647665090:,1747647681933
counter/8/0/0/0,22646:1747647667307:,1747647681933
counter/6/0/0/0,20275:1747647667065:,1747647681933
counter/1/0/0/0,19704:1747647665988:,1747647681933
counter/5/0/0/0,21778:1747647667316:,1747647681933
counter/3/0/0/0,18435:1747647665090:,1747647681933
counter/8/0/0/0,22647:1747647667307:,1747647681933
counter/6/0/0/0,20276:1747647667065:,1747647681933
counter/1/0/0/0,19705:1747647665988:,1747647681933
counter/5/0/0/0,21779:1747647667316:,1747647681933
counter/3/0/0/0,18436:1747647665090:,1747647681933
counter/8/0/0/0,22648:1747647667307:,1747647681933
counter/6/0/0/0,20277:1747647667067:,1747647681934
counter/1/0/0/0,19706:1747647665988:,1747647681934
counter/5/0/0/0,21780:1747647667316:,1747647681934
counter/3/0/0/0,18437:1747647665090:,1747647681934
counter/8/0/0/0,22649:1747647667307:,1747647681934
counter/6/0/0/0,20278:1747647667076:,1747647681934
counter/1/0/0/0,19707:1747647665988:,1747647681934
counter/5/0/0/0,21781:1747647667316:,1747647681934
counter/3/0/0/0,18438:1747647665090:,1747647681934
counter/8/0/0/0,22650:1747647667307:,1747647681934
counter/6/0/0/0,20279:1747647667076:,1747647681934
counter/1/0/0/0,19708:1747647665989:,1747647681934
counter/5/0/0/0,21782:1747647667316:,1747647681934
counter/3/0/0/0,18439:1747647665090:,1747647681934
counter/8/0/0/0,22651:1747647667307:,1747647681934
counter/6/0/0/0,20280:1747647667076:,1747647681934
counter/1/0/0/0,19709:1747647665989:,1747647681934
counter/5/0/0/0,21783:1747647667322:,1747647681934
counter/3/0/0/0,18440:1747647665090:,1747647681934
counter/8/0/0/0,22652:1747647667311:,1747647681934
counter/6/0/0/0,20281:1747647667076:,1747647681934
counter/1/0/0/0,19710:1747647665989:,1747647681934
counter/5/0/0/0,21784:1747647667322:,1747647681934
counter/3/0/0/0,18441:1747647665094:,1747647681934
counter/8/0/0/0,22653:1747647667311:,1747647681934
counter/6/0/0/0,20282:1747647667076:,1747647681934
counter/1/0/0/0,19711:1747647665989:,1747647681934
counter/5/0/0/0,21785:1747647667322:,1747647681934
counter/3/0/0/0,18442:1747647665094:,1747647681934
counter/8/0/0/0,22654:1747647667312:,1747647681934
counter/6/0/0/0,20283:1747647667076:,1747647681934
counter/1/0/0/0,19712:1747647665989:,1747647681934
counter/5/0/0/0,21786:1747647667322:,1747647681934
counter/3/0/0/0,18443:1747647665094:,1747647681934
counter/8/0/0/0,22655:1747647667312:,1747647681934
counter/6/0/0/0,20284:1747647667078:,1747647681934
counter/1/0/0/0,19713:1747647665989:,1747647681934
counter/5/0/0/0,21787:1747647667322:,1747647681934
counter/3/0/0/0,18444:1747647665094:,1747647681935
counter/8/0/0/0,22656:1747647667312:,1747647681935
counter/6/0/0/0,20285:1747647667081:,1747647681935
counter/1/0/0/0,19714:1747647665989:,1747647681935
counter/5/0/0/0,21788:1747647667322:,1747647681935
counter/3/0/0/0,18445:1747647665094:,1747647681935
counter/8/0/0/0,22657:1747647667312:,1747647681935
counter/6/0/0/0,20286:1747647667081:,1747647681935
counter/1/0/0/0,19715:1747647665989:,1747647681935
counter/5/0/0/0,21789:1747647667324:,1747647681935
counter/3/0/0/0,18446:1747647665094:,1747647681935
counter/8/0/0/0,22658:1747647667312:,1747647681935
counter/6/0/0/0,20287:1747647667081:,1747647681935
counter/5/0/0/0,21790:1747647667324:,1747647681935
counter/3/0/0/0,18447:1747647665094:,1747647681935
counter/8/0/0/0,22659:1747647667312:,1747647681935
counter/6/0/0/0,20288:1747647667081:,1747647681935
counter/5/0/0/0,21791:1747647667324:,1747647681935
counter/3/0/0/0,18448:1747647665094:,1747647681935
counter/8/0/0/0,22660:1747647667312:,1747647681935
counter/6/0/0/0,20289:1747647667081:,1747647681935
counter/5/0/0/0,21792:1747647667324:,1747647681935
counter/3/0/0/0,18449:1747647665094:,1747647681936
counter/8/0/0/0,22661:1747647667312:,1747647681936
counter/6/0/0/0,20290:1747647667084:,1747647681936
counter/5/0/0/0,21793:1747647667325:,1747647681936
counter/3/0/0/0,18450:1747647665094:,1747647681936
counter/8/0/0/0,22662:1747647667312:,1747647681936
counter/6/0/0/0,20291:1747647667084:,1747647681936
counter/5/0/0/0,21794:1747647667325:,1747647681936
counter/3/0/0/0,18451:1747647665094:,1747647681936
counter/8/0/0/0,22663:1747647667312:,1747647681936
counter/6/0/0/0,20292:1747647667084:,1747647681936
counter/5/0/0/0,21795:1747647667325:,1747647681936
counter/3/0/0/0,18452:1747647665094:,1747647681936
counter/8/0/0/0,22664:1747647667312:,1747647681936
counter/6/0/0/0,20293:1747647667085:,1747647681936
counter/5/0/0/0,21796:1747647667325:,1747647681936
counter/3/0/0/0,18453:1747647665094:,1747647681936
counter/8/0/0/0,22665:1747647667312:,1747647681936
counter/6/0/0/0,20294:1747647667085:,1747647681936
counter/5/0/0/0,21797:1747647667325:,1747647681936
counter/3/0/0/0,18454:1747647665094:,1747647681936
counter/8/0/0/0,22666:1747647667312:,1747647681936
counter/6/0/0/0,20295:1747647667085:,1747647681936
counter/5/0/0/0,21798:1747647667325:,1747647681936
counter/3/0/0/0,18455:1747647665094:,1747647681936
counter/8/0/0/0,22667:1747647667312:,1747647681936
counter/6/0/0/0,20296:1747647667085:,1747647681936
counter/5/0/0/0,21799:1747647667325:,1747647681936
counter/3/0/0/0,18456:1747647665095:,1747647681936
counter/8/0/0/0,22668:1747647667321:,1747647681936
counter/6/0/0/0,20297:1747647667089:,1747647681936
counter/5/0/0/0,21800:1747647667325:,1747647681936
counter/3/0/0/0,18457:1747647665106:,1747647681936
counter/8/0/0/0,22669:1747647667321:,1747647681936
counter/6/0/0/0,20298:1747647667089:,1747647681936
counter/5/0/0/0,21801:1747647667325:,1747647681936
counter/3/0/0/0,18458:1747647665106:,1747647681936
counter/8/0/0/0,22670:1747647667321:,1747647681936
counter/6/0/0/0,20299:1747647667090:,1747647681936
counter/5/0/0/0,21802:1747647667325:,1747647681936
counter/3/0/0/0,18459:1747647665106:,1747647681937
counter/8/0/0/0,22671:1747647667321:,1747647681937
counter/6/0/0/0,20300:1747647667090:,1747647681937
counter/3/0/0/0,18460:1747647665106:,1747647681937
counter/8/0/0/0,22672:1747647667321:,1747647681937
counter/6/0/0/0,20301:1747647667090:,1747647681937
counter/3/0/0/0,18461:1747647665106:,1747647681937
counter/8/0/0/0,22673:1747647667321:,1747647681937
counter/6/0/0/0,20302:1747647667090:,1747647681937
counter/3/0/0/0,18462:1747647665106:,1747647681937
counter/8/0/0/0,22674:1747647667322:,1747647681937
counter/6/0/0/0,20303:1747647667090:,1747647681937
counter/3/0/0/0,18463:1747647665118:,1747647681937
counter/8/0/0/0,22675:1747647667322:,1747647681937
counter/6/0/0/0,20304:1747647667090:,1747647681937
counter/3/0/0/0,18464:1747647665118:,1747647681937
counter/8/0/0/0,22676:1747647667322:,1747647681937
counter/6/0/0/0,20305:1747647667090:,1747647681937
counter/3/0/0/0,18465:1747647665118:,1747647681937
counter/8/0/0/0,22677:1747647667322:,1747647681937
counter/6/0/0/0,20306:1747647667090:,1747647681937
counter/3/0/0/0,18466:1747647665118:,1747647681937
counter/8/0/0/0,22678:1747647667322:,1747647681937
counter/6/0/0/0,20307:1747647667090:,1747647681937
counter/3/0/0/0,18467:1747647665118:,1747647681937
counter/8/0/0/0,22679:1747647667322:,1747647681937
counter/6/0/0/0,20308:1747647667090:,1747647681937
counter/3/0/0/0,18468:1747647665126:,1747647681937
counter/8/0/0/0,22680:1747647667322:,1747647681937
counter/6/0/0/0,20309:1747647667090:,1747647681937
counter/3/0/0/0,18469:1747647665126:,1747647681937
counter/8/0/0/0,22681:1747647667322:,1747647681937
counter/6/0/0/0,20310:1747647667090:,1747647681937
counter/3/0/0/0,18470:1747647665126:,1747647681937
counter/8/0/0/0,22682:1747647667322:,1747647681937
counter/6/0/0/0,20311:1747647667093:,1747647681937
counter/3/0/0/0,18471:1747647665126:,1747647681937
counter/8/0/0/0,22683:1747647667322:,1747647681938
counter/6/0/0/0,20312:1747647667093:,1747647681938
counter/3/0/0/0,18472:1747647665126:,1747647681938
counter/8/0/0/0,22684:1747647667322:,1747647681938
counter/6/0/0/0,20313:1747647667093:,1747647681938
counter/3/0/0/0,18473:1747647665126:,1747647681938
counter/8/0/0/0,22685:1747647667322:,1747647681938
counter/6/0/0/0,20314:1747647667093:,1747647681938
counter/3/0/0/0,18474:1747647665126:,1747647681938
counter/8/0/0/0,22686:1747647667322:,1747647681938
counter/6/0/0/0,20315:1747647667096:,1747647681938
counter/3/0/0/0,18475:1747647665126:,1747647681938
counter/8/0/0/0,22687:1747647667322:,1747647681938
counter/6/0/0/0,20316:1747647667096:,1747647681938
counter/3/0/0/0,18476:1747647665126:,1747647681938
counter/8/0/0/0,22688:1747647667322:,1747647681938
counter/6/0/0/0,20317:1747647667097:,1747647681938
counter/3/0/0/0,18477:1747647665126:,1747647681938
counter/8/0/0/0,22689:1747647667322:,1747647681938
counter/6/0/0/0,20318:1747647667097:,1747647681938
counter/3/0/0/0,18478:1747647665126:,1747647681938
counter/8/0/0/0,22690:1747647667322:,1747647681938
counter/6/0/0/0,20319:1747647667097:,1747647681938
counter/3/0/0/0,18479:1747647665126:,1747647681938
counter/8/0/0/0,22691:1747647667322:,1747647681938
counter/6/0/0/0,20320:1747647667097:,1747647681938
counter/3/0/0/0,18480:1747647665126:,1747647681938
counter/8/0/0/0,22692:1747647667322:,1747647681938
counter/6/0/0/0,20321:1747647667097:,1747647681938
counter/3/0/0/0,18481:1747647665126:,1747647681938
counter/8/0/0/0,22693:1747647667322:,1747647681938
counter/6/0/0/0,20322:1747647667097:,1747647681938
counter/3/0/0/0,18482:1747647665128:,1747647681938
counter/8/0/0/0,22694:1747647667325:,1747647681938
counter/6/0/0/0,20323:1747647667102:,1747647681938
counter/3/0/0/0,18483:1747647665129:,1747647681938
counter/8/0/0/0,22695:1747647667325:,1747647681938
counter/6/0/0/0,20324:1747647667102:,1747647681938
counter/3/0/0/0,18484:1747647665129:,1747647681938
counter/8/0/0/0,22696:1747647667325:,1747647681938
counter/6/0/0/0,20325:1747647667102:,1747647681939
counter/3/0/0/0,18485:1747647665129:,1747647681939
counter/8/0/0/0,22697:1747647667325:,1747647681939
counter/6/0/0/0,20326:1747647667102:,1747647681939
counter/3/0/0/0,18486:1747647665129:,1747647681939
counter/8/0/0/0,22698:1747647667325:,1747647681939
counter/6/0/0/0,20327:1747647667102:,1747647681939
counter/3/0/0/0,18487:1747647665129:,1747647681939
counter/8/0/0/0,22699:1747647667325:,1747647681939
counter/6/0/0/0,20328:1747647667102:,1747647681939
counter/3/0/0/0,18488:1747647665129:,1747647681939
counter/8/0/0/0,22700:1747647667331:,1747647681939
counter/6/0/0/0,20329:1747647667102:,1747647681939
counter/3/0/0/0,18489:1747647665131:,1747647681939
counter/8/0/0/0,22701:1747647667331:,1747647681939
counter/6/0/0/0,20330:1747647667102:,1747647681939
counter/3/0/0/0,18490:1747647665131:,1747647681939
counter/8/0/0/0,22702:1747647667331:,1747647681939
counter/6/0/0/0,20331:1747647667102:,1747647681939
counter/3/0/0/0,18491:1747647665131:,1747647681939
counter/8/0/0/0,22703:1747647667331:,1747647681939
counter/6/0/0/0,20332:1747647667102:,1747647681939
counter/3/0/0/0,18492:1747647665131:,1747647681939
counter/8/0/0/0,22704:1747647667331:,1747647681939
counter/6/0/0/0,20333:1747647667102:,1747647681939
counter/3/0/0/0,18493:1747647665131:,1747647681939
counter/8/0/0/0,22705:1747647667331:,1747647681939
counter/6/0/0/0,20334:1747647667102:,1747647681939
counter/3/0/0/0,18494:1747647665132:,1747647681939
counter/8/0/0/0,22706:1747647667331:,1747647681939
counter/6/0/0/0,20335:1747647667102:,1747647681939
counter/3/0/0/0,18495:1747647665132:,1747647681939
counter/8/0/0/0,22707:1747647667331:,1747647681939
counter/6/0/0/0,20336:1747647667103:,1747647681939
counter/3/0/0/0,18496:1747647665132:,1747647681939
counter/8/0/0/0,22708:1747647667331:,1747647681939
counter/6/0/0/0,20337:1747647667103:,1747647681939
counter/3/0/0/0,18497:1747647665132:,1747647681939
counter/10/0/0/0,19178:1747647664891:,1747647681939
counter/8/0/0/0,22709:1747647667363:,1747647681939
counter/6/0/0/0,20338:1747647667103:,1747647681940
counter/3/0/0/0,18498:1747647665132:,1747647681940
counter/1/0/0/0,19716:1747647665990:,1747647681940
counter/9/0/0/0,24904:1747647668517:,1747647681940
counter/8/0/0/0,22710:1747647667363:,1747647681940
counter/6/0/0/0,20339:1747647667103:,1747647681940
counter/3/0/0/0,18499:1747647665132:,1747647681940
counter/5/0/0/0,21803:1747647667325:,1747647681940
counter/7/0/0/0,20041:1747647665379:,1747647681940
counter/2/0/0/0,24425:1747647670202:,1747647681940
counter/8/0/0/0,22711:1747647667363:,1747647681940
counter/6/0/0/0,20340:1747647667103:,1747647681940
counter/3/0/0/0,18500:1747647665134:,1747647681940
counter/8/0/0/0,22712:1747647667363:,1747647681940
counter/6/0/0/0,20341:1747647667103:,1747647681940
counter/3/0/0/0,18501:1747647665134:,1747647681940
counter/7/0/0/0,20042:1747647665383:,1747647681940
counter/8/0/0/0,22713:1747647667363:,1747647681940
counter/6/0/0/0,20342:1747647667103:,1747647681940
counter/3/0/0/0,18502:1747647665134:,1747647681940
counter/2/0/0/0,24426:1747647670202:,1747647681940
counter/8/0/0/0,22714:1747647667363:,1747647681940
counter/6/0/0/0,20343:1747647667103:,1747647681940
counter/3/0/0/0,18503:1747647665134:,1747647681940
counter/8/0/0/0,22715:1747647667363:,1747647681940
counter/6/0/0/0,20344:1747647667103:,1747647681940
counter/3/0/0/0,18504:1747647665134:,1747647681940
counter/8/0/0/0,22716:1747647667363:,1747647681940
counter/6/0/0/0,20345:1747647667104:,1747647681940
counter/3/0/0/0,18505:1747647665134:,1747647681940
counter/8/0/0/0,22717:1747647667382:,1747647681940
counter/6/0/0/0,20346:1747647667104:,1747647681940
counter/3/0/0/0,18506:1747647665134:,1747647681940
counter/8/0/0/0,22718:1747647667383:,1747647681940
counter/6/0/0/0,20347:1747647667104:,1747647681940
counter/3/0/0/0,18507:1747647665134:,1747647681940
counter/8/0/0/0,22719:1747647667383:,1747647681940
counter/6/0/0/0,20348:1747647667105:,1747647681941
counter/3/0/0/0,18508:1747647665134:,1747647681941
counter/8/0/0/0,22720:1747647667383:,1747647681941
counter/6/0/0/0,20349:1747647667105:,1747647681941
counter/3/0/0/0,18509:1747647665134:,1747647681941
counter/8/0/0/0,22721:1747647667383:,1747647681941
counter/6/0/0/0,20350:1747647667105:,1747647681941
counter/3/0/0/0,18510:1747647665134:,1747647681941
counter/8/0/0/0,22722:1747647667383:,1747647681941
counter/6/0/0/0,20351:1747647667105:,1747647681941
counter/3/0/0/0,18511:1747647665134:,1747647681941
counter/8/0/0/0,22723:1747647667383:,1747647681941
counter/6/0/0/0,20352:1747647667105:,1747647681941
counter/3/0/0/0,18512:1747647665134:,1747647681941
counter/8/0/0/0,22724:1747647667383:,1747647681941
counter/6/0/0/0,20353:1747647667105:,1747647681941
counter/3/0/0/0,18513:1747647665134:,1747647681941
counter/8/0/0/0,22725:1747647667383:,1747647681941
counter/6/0/0/0,20354:1747647667105:,1747647681941
counter/3/0/0/0,18514:1747647665134:,1747647681941
counter/8/0/0/0,22726:1747647667383:,1747647681941
counter/6/0/0/0,20355:1747647667105:,1747647681941
counter/3/0/0/0,18515:1747647665146:,1747647681941
counter/8/0/0/0,22727:1747647667383:,1747647681941
counter/6/0/0/0,20356:1747647667105:,1747647681941
counter/3/0/0/0,18516:1747647665146:,1747647681941
counter/8/0/0/0,22728:1747647667383:,1747647681941
counter/6/0/0/0,20357:1747647667105:,1747647681941
counter/3/0/0/0,18517:1747647665146:,1747647681941
counter/8/0/0/0,22729:1747647667383:,1747647681941
counter/6/0/0/0,20358:1747647667110:,1747647681941
counter/3/0/0/0,18518:1747647665146:,1747647681941
counter/8/0/0/0,22730:1747647667383:,1747647681941
counter/6/0/0/0,20359:1747647667110:,1747647681941
counter/3/0/0/0,18519:1747647665146:,1747647681941
counter/8/0/0/0,22731:1747647667390:,1747647681941
counter/6/0/0/0,20360:1747647667110:,1747647681941
counter/3/0/0/0,18520:1747647665146:,1747647681941
counter/8/0/0/0,22732:1747647667392:,1747647681941
counter/6/0/0/0,20361:1747647667110:,1747647681941
counter/3/0/0/0,18521:1747647665146:,1747647681942
counter/8/0/0/0,22733:1747647667392:,1747647681942
counter/6/0/0/0,20362:1747647667110:,1747647681942
counter/3/0/0/0,18522:1747647665146:,1747647681942
counter/8/0/0/0,22734:1747647667392:,1747647681942
counter/6/0/0/0,20363:1747647667112:,1747647681942
counter/3/0/0/0,18523:1747647665146:,1747647681942
counter/8/0/0/0,22735:1747647667392:,1747647681942
counter/6/0/0/0,20364:1747647667112:,1747647681942
counter/3/0/0/0,18524:1747647665146:,1747647681942
counter/8/0/0/0,22736:1747647667394:,1747647681942
counter/6/0/0/0,20365:1747647667112:,1747647681942
counter/3/0/0/0,18525:1747647665146:,1747647681942
counter/8/0/0/0,22737:1747647667394:,1747647681942
counter/6/0/0/0,20366:1747647667112:,1747647681942
counter/3/0/0/0,18526:1747647665146:,1747647681942
counter/8/0/0/0,22738:1747647667395:,1747647681942
counter/6/0/0/0,20367:1747647667112:,1747647681942
counter/3/0/0/0,18527:1747647665146:,1747647681942
counter/8/0/0/0,22739:1747647667395:,1747647681942
counter/6/0/0/0,20368:1747647667113:,1747647681942
counter/3/0/0/0,18528:1747647665146:,1747647681942
counter/8/0/0/0,22740:1747647667396:,1747647681942
counter/6/0/0/0,20369:1747647667113:,1747647681942
counter/3/0/0/0,18529:1747647665155:,1747647681942
counter/8/0/0/0,22741:1747647667396:,1747647681942
counter/6/0/0/0,20370:1747647667113:,1747647681942
counter/3/0/0/0,18530:1747647665157:,1747647681942
counter/8/0/0/0,22742:1747647667396:,1747647681942
counter/6/0/0/0,20371:1747647667113:,1747647681942
counter/3/0/0/0,18531:1747647665170:,1747647681942
counter/8/0/0/0,22743:1747647667396:,1747647681942
counter/6/0/0/0,20372:1747647667113:,1747647681942
counter/3/0/0/0,18532:1747647665176:,1747647681942
counter/8/0/0/0,22744:1747647667396:,1747647681942
counter/6/0/0/0,20373:1747647667114:,1747647681942
counter/3/0/0/0,18533:1747647665176:,1747647681942
counter/8/0/0/0,22745:1747647667396:,1747647681942
counter/6/0/0/0,20374:1747647667114:,1747647681943
counter/3/0/0/0,18534:1747647665176:,1747647681943
counter/8/0/0/0,22746:1747647667396:,1747647681943
counter/6/0/0/0,20375:1747647667114:,1747647681943
counter/3/0/0/0,18535:1747647665176:,1747647681943
counter/8/0/0/0,22747:1747647667396:,1747647681943
counter/6/0/0/0,20376:1747647667117:,1747647681943
counter/3/0/0/0,18536:1747647665182:,1747647681943
counter/8/0/0/0,22748:1747647667396:,1747647681943
counter/6/0/0/0,20377:1747647667117:,1747647681943
counter/3/0/0/0,18537:1747647665182:,1747647681943
counter/8/0/0/0,22749:1747647667396:,1747647681943
counter/6/0/0/0,20378:1747647667118:,1747647681943
counter/3/0/0/0,18538:1747647665182:,1747647681943
counter/8/0/0/0,22750:1747647667396:,1747647681943
counter/6/0/0/0,20379:1747647667118:,1747647681943
counter/3/0/0/0,18539:1747647665182:,1747647681943
counter/8/0/0/0,22751:1747647667396:,1747647681943
counter/6/0/0/0,20380:1747647667119:,1747647681943
counter/3/0/0/0,18540:1747647665183:,1747647681943
counter/8/0/0/0,22752:1747647667399:,1747647681943
counter/6/0/0/0,20381:1747647667119:,1747647681943
counter/3/0/0/0,18541:1747647665183:,1747647681943
counter/8/0/0/0,22753:1747647667399:,1747647681943
counter/6/0/0/0,20382:1747647667120:,1747647681943
counter/3/0/0/0,18542:1747647665185:,1747647681943
counter/8/0/0/0,22754:1747647667399:,1747647681943
counter/6/0/0/0,20383:1747647667120:,1747647681943
counter/3/0/0/0,18543:1747647665185:,1747647681943
counter/8/0/0/0,22755:1747647667399:,1747647681943
counter/6/0/0/0,20384:1747647667120:,1747647681943
counter/3/0/0/0,18544:1747647665185:,1747647681943
counter/8/0/0/0,22756:1747647667399:,1747647681943
counter/6/0/0/0,20385:1747647667120:,1747647681943
counter/3/0/0/0,18545:1747647665185:,1747647681943
counter/8/0/0/0,22757:1747647667400:,1747647681943
counter/6/0/0/0,20386:1747647667120:,1747647681943
counter/3/0/0/0,18546:1747647665185:,1747647681943
counter/8/0/0/0,22758:1747647667400:,1747647681943
counter/6/0/0/0,20387:1747647667120:,1747647681944
counter/3/0/0/0,18547:1747647665185:,1747647681944
counter/8/0/0/0,22759:1747647667400:,1747647681944
counter/6/0/0/0,20388:1747647667120:,1747647681944
counter/3/0/0/0,18548:1747647665185:,1747647681944
counter/8/0/0/0,22760:1747647667400:,1747647681944
counter/6/0/0/0,20389:1747647667121:,1747647681944
counter/3/0/0/0,18549:1747647665185:,1747647681944
counter/8/0/0/0,22761:1747647667400:,1747647681944
counter/6/0/0/0,20390:1747647667121:,1747647681944
counter/3/0/0/0,18550:1747647665185:,1747647681944
counter/8/0/0/0,22762:1747647667400:,1747647681944
counter/6/0/0/0,20391:1747647667121:,1747647681944
counter/3/0/0/0,18551:1747647665185:,1747647681944
counter/8/0/0/0,22763:1747647667400:,1747647681944
counter/6/0/0/0,20392:1747647667121:,1747647681944
counter/3/0/0/0,18552:1747647665185:,1747647681944
counter/8/0/0/0,22764:1747647667400:,1747647681944
counter/6/0/0/0,20393:1747647667121:,1747647681944
counter/3/0/0/0,18553:1747647665185:,1747647681944
counter/8/0/0/0,22765:1747647667400:,1747647681944
counter/6/0/0/0,20394:1747647667121:,1747647681944
counter/3/0/0/0,18554:1747647665194:,1747647681944
counter/8/0/0/0,22766:1747647667415:,1747647681944
counter/6/0/0/0,20395:1747647667123:,1747647681944
counter/3/0/0/0,18555:1747647665194:,1747647681944
counter/8/0/0/0,22767:1747647667415:,1747647681944
counter/6/0/0/0,20396:1747647667123:,1747647681944
counter/3/0/0/0,18556:1747647665195:,1747647681944
counter/8/0/0/0,22768:1747647667423:,1747647681944
counter/6/0/0/0,20397:1747647667138:,1747647681944
counter/3/0/0/0,18557:1747647665197:,1747647681944
counter/8/0/0/0,22769:1747647667424:,1747647681944
counter/6/0/0/0,20398:1747647667141:,1747647681944
counter/3/0/0/0,18558:1747647665197:,1747647681944
counter/8/0/0/0,22770:1747647667424:,1747647681944
counter/6/0/0/0,20399:1747647667141:,1747647681944
counter/3/0/0/0,18559:1747647665197:,1747647681944
counter/8/0/0/0,22771:1747647667424:,1747647681944
counter/6/0/0/0,20400:1747647667141:,1747647681944
counter/3/0/0/0,18560:1747647665197:,1747647681944
counter/8/0/0/0,22772:1747647667427:,1747647681944
counter/6/0/0/0,20401:1747647667141:,1747647681944
counter/3/0/0/0,18561:1747647665197:,1747647681944
counter/8/0/0/0,22773:1747647667427:,1747647681945
counter/6/0/0/0,20402:1747647667141:,1747647681945
counter/3/0/0/0,18562:1747647665197:,1747647681945
counter/8/0/0/0,22774:1747647667427:,1747647681945
counter/6/0/0/0,20403:1747647667141:,1747647681945
counter/3/0/0/0,18563:1747647665197:,1747647681945
counter/8/0/0/0,22775:1747647667427:,1747647681945
counter/6/0/0/0,20404:1747647667141:,1747647681945
counter/3/0/0/0,18564:1747647665197:,1747647681945
counter/8/0/0/0,22776:1747647667427:,1747647681945
counter/6/0/0/0,20405:1747647667141:,1747647681945
counter/3/0/0/0,18565:1747647665197:,1747647681945
counter/8/0/0/0,22777:1747647667427:,1747647681945
counter/6/0/0/0,20406:1747647667142:,1747647681945
counter/3/0/0/0,18566:1747647665197:,1747647681945
counter/8/0/0/0,22778:1747647667427:,1747647681945
counter/6/0/0/0,20407:1747647667142:,1747647681945
counter/3/0/0/0,18567:1747647665197:,1747647681945
counter/8/0/0/0,22779:1747647667427:,1747647681945
counter/6/0/0/0,20408:1747647667154:,1747647681945
counter/3/0/0/0,18568:1747647665197:,1747647681945
counter/8/0/0/0,22780:1747647667427:,1747647681945
counter/6/0/0/0,20409:1747647667154:,1747647681945
counter/3/0/0/0,18569:1747647665197:,1747647681945
counter/8/0/0/0,22781:1747647667427:,1747647681945
counter/6/0/0/0,20410:1747647667154:,1747647681945
counter/3/0/0/0,18570:1747647665201:,1747647681945
counter/8/0/0/0,22782:1747647667427:,1747647681945
counter/6/0/0/0,20411:1747647667154:,1747647681945
counter/3/0/0/0,18571:1747647665201:,1747647681945
counter/8/0/0/0,22783:1747647667427:,1747647681945
counter/6/0/0/0,20412:1747647667154:,1747647681945
counter/3/0/0/0,18572:1747647665201:,1747647681945
counter/8/0/0/0,22784:1747647667427:,1747647681945
counter/6/0/0/0,20413:1747647667154:,1747647681945
counter/3/0/0/0,18573:1747647665201:,1747647681945
counter/8/0/0/0,22785:1747647667427:,1747647681946
counter/6/0/0/0,20414:1747647667154:,1747647681946
counter/3/0/0/0,18574:1747647665201:,1747647681946
counter/8/0/0/0,22786:1747647667427:,1747647681946
counter/6/0/0/0,20415:1747647667154:,1747647681946
counter/3/0/0/0,18575:1747647665201:,1747647681946
counter/8/0/0/0,22787:1747647667427:,1747647681946
counter/6/0/0/0,20416:1747647667154:,1747647681946
counter/3/0/0/0,18576:1747647665201:,1747647681946
counter/8/0/0/0,22788:1747647667427:,1747647681946
counter/6/0/0/0,20417:1747647667154:,1747647681946
counter/3/0/0/0,18577:1747647665201:,1747647681946
counter/8/0/0/0,22789:1747647667427:,1747647681946
counter/6/0/0/0,20418:1747647667154:,1747647681946
counter/3/0/0/0,18578:1747647665201:,1747647681946
counter/8/0/0/0,22790:1747647667431:,1747647681946
counter/3/0/0/0,18579:1747647665201:,1747647681946
counter/8/0/0/0,22791:1747647667431:,1747647681946
counter/3/0/0/0,18580:1747647665201:,1747647681946
counter/1/0/0/0,19717:1747647665990:,1747647681946
counter/8/0/0/0,22792:1747647667431:,1747647681946
counter/3/0/0/0,18581:1747647665201:,1747647681946
counter/9/0/0/0,24905:1747647668517:,1747647681946
counter/5/0/0/0,21804:1747647667331:,1747647681946
counter/8/0/0/0,22793:1747647667431:,1747647681946
counter/3/0/0/0,18582:1747647665201:,1747647681946
counter/7/0/0/0,20043:1747647665384:,1747647681946
counter/8/0/0/0,22794:1747647667431:,1747647681946
counter/3/0/0/0,18583:1747647665201:,1747647681946
counter/8/0/0/0,22795:1747647667431:,1747647681946
counter/3/0/0/0,18584:1747647665202:,1747647681946
counter/8/0/0/0,22796:1747647667432:,1747647681946
counter/3/0/0/0,18585:1747647665202:,1747647681946
counter/8/0/0/0,22797:1747647667432:,1747647681946
counter/3/0/0/0,18586:1747647665202:,1747647681946
counter/5/0/0/0,21805:1747647667331:,1747647681946
counter/8/0/0/0,22798:1747647667432:,1747647681946
counter/3/0/0/0,18587:1747647665202:,1747647681946
counter/4/0/0/0,18964:1747647665867:,1747647681947
counter/6/0/0/0,20419:1747647667154:,1747647681947
counter/8/0/0/0,22799:1747647667432:,1747647681947
counter/3/0/0/0,18588:1747647665202:,1747647681947
counter/4/0/0/0,18965:1747647665867:,1747647681947
counter/8/0/0/0,22800:1747647667432:,1747647681947
counter/3/0/0/0,18589:1747647665202:,1747647681947
counter/4/0/0/0,18966:1747647665868:,1747647681947
counter/8/0/0/0,22801:1747647667432:,1747647681947
counter/3/0/0/0,18590:1747647665202:,1747647681947
counter/4/0/0/0,18967:1747647665868:,1747647681947
counter/8/0/0/0,22802:1747647667432:,1747647681947
counter/3/0/0/0,18591:1747647665202:,1747647681947
counter/4/0/0/0,18968:1747647665868:,1747647681947
counter/8/0/0/0,22803:1747647667432:,1747647681947
counter/3/0/0/0,18592:1747647665202:,1747647681947
counter/4/0/0/0,18969:1747647665868:,1747647681947
counter/8/0/0/0,22804:1747647667435:,1747647681947
counter/3/0/0/0,18593:1747647665210:,1747647681947
counter/4/0/0/0,18970:1747647665868:,1747647681947
counter/8/0/0/0,22805:1747647667446:,1747647681947
counter/3/0/0/0,18594:1747647665210:,1747647681947
counter/4/0/0/0,18971:1747647665868:,1747647681947
counter/8/0/0/0,22806:1747647667446:,1747647681947
counter/3/0/0/0,18595:1747647665224:,1747647681947
counter/4/0/0/0,18972:1747647665869:,1747647681947
counter/8/0/0/0,22807:1747647667446:,1747647681947
counter/3/0/0/0,18596:1747647665224:,1747647681947
counter/4/0/0/0,18973:1747647665869:,1747647681947
counter/2/0/0/0,24427:1747647670202:,1747647681947
counter/6/0/0/0,20420:1747647667154:,1747647681947
counter/8/0/0/0,22808:1747647667447:,1747647681947
counter/3/0/0/0,18597:1747647665224:,1747647681947
counter/4/0/0/0,18974:1747647665869:,1747647681947
counter/10/0/0/0,19179:1747647664891:,1747647681947
counter/9/0/0/0,24906:1747647668517:,1747647681947
counter/8/0/0/0,22809:1747647667447:,1747647681947
counter/3/0/0/0,18598:1747647665224:,1747647681947
counter/4/0/0/0,18975:1747647665869:,1747647681947
counter/8/0/0/0,22810:1747647667447:,1747647681947
counter/3/0/0/0,18599:1747647665224:,1747647681948
counter/4/0/0/0,18976:1747647665869:,1747647681948
counter/8/0/0/0,22811:1747647667447:,1747647681948
counter/3/0/0/0,18600:1747647665224:,1747647681948
counter/4/0/0/0,18977:1747647665870:,1747647681948
counter/8/0/0/0,22812:1747647667447:,1747647681948
counter/3/0/0/0,18601:1747647665224:,1747647681948
counter/4/0/0/0,18978:1747647665870:,1747647681948
counter/8/0/0/0,22813:1747647667447:,1747647681948
counter/3/0/0/0,18602:1747647665225:,1747647681948
counter/4/0/0/0,18979:1747647665870:,1747647681948
counter/8/0/0/0,22814:1747647667447:,1747647681948
counter/3/0/0/0,18603:1747647665225:,1747647681948
counter/4/0/0/0,18980:1747647665870:,1747647681948
counter/8/0/0/0,22815:1747647667447:,1747647681948
counter/3/0/0/0,18604:1747647665225:,1747647681948
counter/4/0/0/0,18981:1747647665870:,1747647681948
counter/8/0/0/0,22816:1747647667447:,1747647681948
counter/3/0/0/0,18605:1747647665225:,1747647681948
counter/4/0/0/0,18982:1747647665870:,1747647681948
counter/8/0/0/0,22817:1747647667447:,1747647681948
counter/3/0/0/0,18606:1747647665231:,1747647681948
counter/4/0/0/0,18983:1747647665870:,1747647681948
counter/8/0/0/0,22818:1747647667448:,1747647681948
counter/3/0/0/0,18607:1747647665231:,1747647681948
counter/4/0/0/0,18984:1747647665870:,1747647681948
counter/8/0/0/0,22819:1747647667448:,1747647681948
counter/3/0/0/0,18608:1747647665231:,1747647681948
counter/4/0/0/0,18985:1747647665870:,1747647681948
counter/8/0/0/0,22820:1747647667448:,1747647681948
counter/3/0/0/0,18609:1747647665231:,1747647681948
counter/4/0/0/0,18986:1747647665870:,1747647681948
counter/8/0/0/0,22821:1747647667448:,1747647681948
counter/3/0/0/0,18610:1747647665231:,1747647681948
counter/4/0/0/0,18987:1747647665870:,1747647681948
counter/8/0/0/0,22822:1747647667449:,1747647681948
counter/3/0/0/0,18611:1747647665231:,1747647681948
counter/4/0/0/0,18988:1747647665870:,1747647681948
counter/8/0/0/0,22823:1747647667453:,1747647681948
counter/3/0/0/0,18612:1747647665241:,1747647681948
counter/8/0/0/0,22824:1747647667453:,1747647681949
counter/3/0/0/0,18613:1747647665241:,1747647681949
counter/8/0/0/0,22825:1747647667453:,1747647681949
counter/3/0/0/0,18614:1747647665241:,1747647681949
counter/8/0/0/0,22826:1747647667453:,1747647681949
counter/3/0/0/0,18615:1747647665241:,1747647681949
counter/8/0/0/0,22827:1747647667460:,1747647681949
counter/3/0/0/0,18616:1747647665241:,1747647681949
counter/8/0/0/0,22828:1747647667460:,1747647681949
counter/3/0/0/0,18617:1747647665242:,1747647681949
counter/8/0/0/0,22829:1747647667460:,1747647681949
counter/3/0/0/0,18618:1747647665242:,1747647681949
counter/8/0/0/0,22830:1747647667460:,1747647681949
counter/3/0/0/0,18619:1747647665242:,1747647681949
counter/8/0/0/0,22831:1747647667460:,1747647681949
counter/3/0/0/0,18620:1747647665242:,1747647681949
counter/8/0/0/0,22832:1747647667460:,1747647681949
counter/3/0/0/0,18621:1747647665242:,1747647681949
counter/8/0/0/0,22833:1747647667489:,1747647681949
counter/3/0/0/0,18622:1747647665242:,1747647681949
counter/8/0/0/0,22834:1747647667489:,1747647681949
counter/3/0/0/0,18623:1747647665242:,1747647681949
counter/8/0/0/0,22835:1747647667489:,1747647681949
counter/3/0/0/0,18624:1747647665242:,1747647681949
counter/8/0/0/0,22836:1747647667489:,1747647681949
counter/3/0/0/0,18625:1747647665243:,1747647681949
counter/8/0/0/0,22837:1747647667489:,1747647681949
counter/3/0/0/0,18626:1747647665249:,1747647681949
counter/8/0/0/0,22838:1747647667505:,1747647681949
counter/3/0/0/0,18627:1747647665250:,1747647681949
counter/8/0/0/0,22839:1747647667505:,1747647681949
counter/3/0/0/0,18628:1747647665251:,1747647681949
counter/8/0/0/0,22840:1747647667505:,1747647681949
counter/3/0/0/0,18629:1747647665251:,1747647681949
counter/8/0/0/0,22841:1747647667505:,1747647681949
counter/3/0/0/0,18630:1747647665251:,1747647681949
counter/8/0/0/0,22842:1747647667505:,1747647681949
counter/3/0/0/0,18631:1747647665251:,1747647681949
counter/8/0/0/0,22843:1747647667505:,1747647681949
counter/3/0/0/0,18632:1747647665251:,1747647681949
counter/8/0/0/0,22844:1747647667505:,1747647681950
counter/3/0/0/0,18633:1747647665251:,1747647681950
counter/8/0/0/0,22845:1747647667505:,1747647681950
counter/3/0/0/0,18634:1747647665263:,1747647681950
counter/8/0/0/0,22846:1747647667505:,1747647681950
counter/3/0/0/0,18635:1747647665263:,1747647681950
counter/8/0/0/0,22847:1747647667505:,1747647681950
counter/3/0/0/0,18636:1747647665263:,1747647681950
counter/8/0/0/0,22848:1747647667505:,1747647681950
counter/3/0/0/0,18637:1747647665263:,1747647681950
counter/8/0/0/0,22849:1747647667505:,1747647681950
counter/3/0/0/0,18638:1747647665263:,1747647681950
counter/8/0/0/0,22850:1747647667505:,1747647681950
counter/3/0/0/0,18639:1747647665263:,1747647681950
counter/8/0/0/0,22851:1747647667505:,1747647681950
counter/3/0/0/0,18640:1747647665263:,1747647681950
counter/8/0/0/0,22852:1747647667516:,1747647681950
counter/3/0/0/0,18641:1747647665263:,1747647681950
counter/8/0/0/0,22853:1747647667516:,1747647681950
counter/3/0/0/0,18642:1747647665263:,1747647681950
counter/8/0/0/0,22854:1747647667516:,1747647681950
counter/3/0/0/0,18643:1747647665263:,1747647681950
counter/8/0/0/0,22855:1747647667516:,1747647681950
counter/3/0/0/0,18644:1747647665263:,1747647681950
counter/8/0/0/0,22856:1747647667516:,1747647681950
counter/3/0/0/0,18645:1747647665263:,1747647681950
counter/8/0/0/0,22857:1747647667517:,1747647681950
counter/3/0/0/0,18646:1747647665263:,1747647681950
counter/8/0/0/0,22858:1747647667517:,1747647681950
counter/3/0/0/0,18647:1747647665265:,1747647681950
counter/8/0/0/0,22859:1747647667517:,1747647681950
counter/3/0/0/0,18648:1747647665266:,1747647681950
counter/8/0/0/0,22860:1747647667517:,1747647681950
counter/3/0/0/0,18649:1747647665266:,1747647681950
counter/8/0/0/0,22861:1747647667517:,1747647681950
counter/3/0/0/0,18650:1747647665266:,1747647681950
counter/8/0/0/0,22862:1747647667517:,1747647681950
counter/3/0/0/0,18651:1747647665266:,1747647681950
counter/8/0/0/0,22863:1747647667517:,1747647681951
counter/3/0/0/0,18652:1747647665269:,1747647681951
counter/8/0/0/0,22864:1747647667517:,1747647681951
counter/3/0/0/0,18653:1747647665275:,1747647681951
counter/8/0/0/0,22865:1747647667517:,1747647681951
counter/3/0/0/0,18654:1747647665276:,1747647681951
counter/8/0/0/0,22866:1747647667517:,1747647681951
counter/3/0/0/0,18655:1747647665276:,1747647681951
counter/8/0/0/0,22867:1747647667518:,1747647681951
counter/3/0/0/0,18656:1747647665276:,1747647681951
counter/8/0/0/0,22868:1747647667518:,1747647681951
counter/3/0/0/0,18657:1747647665276:,1747647681951
counter/8/0/0/0,22869:1747647667518:,1747647681951
counter/3/0/0/0,18658:1747647665276:,1747647681951
counter/8/0/0/0,22870:1747647667518:,1747647681951
counter/3/0/0/0,18659:1747647665276:,1747647681951
counter/8/0/0/0,22871:1747647667518:,1747647681951
counter/3/0/0/0,18660:1747647665276:,1747647681951
counter/8/0/0/0,22872:1747647667524:,1747647681951
counter/3/0/0/0,18661:1747647665276:,1747647681951
counter/8/0/0/0,22873:1747647667524:,1747647681951
counter/3/0/0/0,18662:1747647665276:,1747647681951
counter/8/0/0/0,22874:1747647667524:,1747647681951
counter/3/0/0/0,18663:1747647665276:,1747647681951
counter/8/0/0/0,22875:1747647667524:,1747647681951
counter/3/0/0/0,18664:1747647665276:,1747647681951
counter/8/0/0/0,22876:1747647667524:,1747647681951
counter/3/0/0/0,18665:1747647665276:,1747647681951
counter/8/0/0/0,22877:1747647667524:,1747647681951
counter/3/0/0/0,18666:1747647665276:,1747647681951
counter/8/0/0/0,22878:1747647667524:,1747647681951
counter/3/0/0/0,18667:1747647665276:,1747647681951
counter/8/0/0/0,22879:1747647667524:,1747647681951
counter/3/0/0/0,18668:1747647665278:,1747647681951
counter/8/0/0/0,22880:1747647667524:,1747647681951
counter/3/0/0/0,18669:1747647665278:,1747647681951
counter/8/0/0/0,22881:1747647667524:,1747647681951
counter/3/0/0/0,18670:1747647665278:,1747647681951
counter/8/0/0/0,22882:1747647667524:,1747647681951
counter/3/0/0/0,18671:1747647665278:,1747647681951
counter/8/0/0/0,22883:1747647667524:,1747647681951
counter/3/0/0/0,18672:1747647665278:,1747647681952
counter/8/0/0/0,22884:1747647667524:,1747647681952
counter/3/0/0/0,18673:1747647665278:,1747647681952
counter/8/0/0/0,22885:1747647667524:,1747647681952
counter/3/0/0/0,18674:1747647665298:,1747647681952
counter/8/0/0/0,22886:1747647667525:,1747647681952
counter/3/0/0/0,18675:1747647665298:,1747647681952
counter/8/0/0/0,22887:1747647667525:,1747647681952
counter/3/0/0/0,18676:1747647665298:,1747647681952
counter/3/0/0/0,18677:1747647665298:,1747647681952
counter/3/0/0/0,18678:1747647665298:,1747647681952
counter/3/0/0/0,18679:1747647665299:,1747647681952
counter/3/0/0/0,18680:1747647665299:,1747647681952
counter/3/0/0/0,18681:1747647665299:,1747647681952
counter/3/0/0/0,18682:1747647665299:,1747647681952
counter/3/0/0/0,18683:1747647665299:,1747647681952
counter/3/0/0/0,18684:1747647665299:,1747647681952
counter/3/0/0/0,18685:1747647665299:,1747647681952
counter/3/0/0/0,18686:1747647665299:,1747647681952
counter/3/0/0/0,18687:1747647665299:,1747647681952
counter/3/0/0/0,18688:1747647665299:,1747647681952
counter/4/0/0/0,18989:1747647665870:,1747647681952
counter/3/0/0/0,18689:1747647665300:,1747647681952
counter/5/0/0/0,21806:1747647667331:,1747647681952
counter/3/0/0/0,18690:1747647665301:,1747647681952
counter/1/0/0/0,19718:1747647665990:,1747647681952
counter/3/0/0/0,18691:1747647665301:,1747647681952
counter/8/0/0/0,22888:1747647667525:,1747647681952
counter/2/0/0/0,24428:1747647670202:,1747647681952
counter/3/0/0/0,18692:1747647665301:,1747647681952
counter/6/0/0/0,20421:1747647667154:,1747647681952
counter/3/0/0/0,18693:1747647665301:,1747647681952
counter/6/0/0/0,20422:1747647667154:,1747647681952
counter/3/0/0/0,18694:1747647665301:,1747647681952
counter/6/0/0/0,20423:1747647667154:,1747647681952
counter/3/0/0/0,18695:1747647665301:,1747647681952
counter/6/0/0/0,20424:1747647667155:,1747647681952
counter/3/0/0/0,18696:1747647665301:,1747647681952
counter/6/0/0/0,20425:1747647667155:,1747647681952
counter/3/0/0/0,18697:1747647665301:,1747647681952
counter/6/0/0/0,20426:1747647667155:,1747647681952
counter/10/0/0/0,19180:1747647664895:,1747647681953
counter/3/0/0/0,18698:1747647665301:,1747647681953
counter/6/0/0/0,20427:1747647667155:,1747647681953
counter/4/0/0/0,18990:1747647665870:,1747647681953
counter/3/0/0/0,18699:1747647665301:,1747647681953
counter/6/0/0/0,20428:1747647667155:,1747647681953
counter/3/0/0/0,18700:1747647665301:,1747647681953
counter/6/0/0/0,20429:1747647667155:,1747647681953
counter/3/0/0/0,18701:1747647665301:,1747647681953
counter/6/0/0/0,20430:1747647667155:,1747647681953
counter/3/0/0/0,18702:1747647665301:,1747647681953
counter/6/0/0/0,20431:1747647667155:,1747647681953
counter/3/0/0/0,18703:1747647665301:,1747647681953
counter/3/0/0/0,18704:1747647665303:,1747647681953
counter/3/0/0/0,18705:1747647665303:,1747647681953
counter/3/0/0/0,18706:1747647665303:,1747647681953
counter/3/0/0/0,18707:1747647665303:,1747647681953
counter/3/0/0/0,18708:1747647665303:,1747647681953
counter/3/0/0/0,18709:1747647665303:,1747647681953
counter/3/0/0/0,18710:1747647665303:,1747647681953
counter/3/0/0/0,18711:1747647665303:,1747647681953
counter/3/0/0/0,18712:1747647665303:,1747647681953
counter/3/0/0/0,18713:1747647665303:,1747647681953
counter/3/0/0/0,18714:1747647665303:,1747647681953
counter/3/0/0/0,18715:1747647665303:,1747647681953
counter/3/0/0/0,18716:1747647665304:,1747647681953
counter/3/0/0/0,18717:1747647665304:,1747647681953
counter/3/0/0/0,18718:1747647665304:,1747647681953
counter/3/0/0/0,18719:1747647665308:,1747647681953
counter/3/0/0/0,18720:1747647665308:,1747647681953
counter/3/0/0/0,18721:1747647665309:,1747647681953
counter/3/0/0/0,18722:1747647665309:,1747647681953
counter/3/0/0/0,18723:1747647665309:,1747647681953
counter/3/0/0/0,18724:1747647665309:,1747647681953
counter/3/0/0/0,18725:1747647665309:,1747647681953
counter/3/0/0/0,18726:1747647665315:,1747647681953
counter/3/0/0/0,18727:1747647665315:,1747647681953
counter/3/0/0/0,18728:1747647665315:,1747647681953
counter/3/0/0/0,18729:1747647665315:,1747647681954
counter/3/0/0/0,18730:1747647665315:,1747647681954
counter/3/0/0/0,18731:1747647665315:,1747647681954
counter/3/0/0/0,18732:1747647665315:,1747647681954
counter/3/0/0/0,18733:1747647665315:,1747647681954
counter/3/0/0/0,18734:1747647665315:,1747647681954
counter/5/0/0/0,21807:1747647667332:,1747647681954
counter/3/0/0/0,18735:1747647665315:,1747647681954
counter/3/0/0/0,18736:1747647665315:,1747647681954
counter/3/0/0/0,18737:1747647665315:,1747647681954
counter/1/0/0/0,19719:1747647665990:,1747647681954
counter/8/0/0/0,22889:1747647667525:,1747647681954
counter/3/0/0/0,18738:1747647665315:,1747647681954
counter/6/0/0/0,20432:1747647667155:,1747647681954
counter/9/0/0/0,24907:1747647668517:,1747647681954
counter/3/0/0/0,18739:1747647665315:,1747647681954
counter/7/0/0/0,20044:1747647665384:,1747647681954
counter/10/0/0/0,19181:1747647664895:,1747647681954
counter/3/0/0/0,18740:1747647665315:,1747647681954
counter/3/0/0/0,18741:1747647665315:,1747647681954
counter/3/0/0/0,18742:1747647665315:,1747647681954
counter/3/0/0/0,18743:1747647665315:,1747647681954
counter/8/0/0/0,22890:1747647667525:,1747647681954
counter/3/0/0/0,18744:1747647665315:,1747647681954
counter/6/0/0/0,20433:1747647667155:,1747647681954
counter/3/0/0/0,18745:1747647665316:,1747647681954
counter/9/0/0/0,24908:1747647668517:,1747647681954
counter/7/0/0/0,20045:1747647665384:,1747647681954
counter/3/0/0/0,18746:1747647665316:,1747647681954
counter/10/0/0/0,19182:1747647664896:,1747647681954
counter/3/0/0/0,18747:1747647665316:,1747647681954
counter/4/0/0/0,18991:1747647665871:,1747647681954
counter/2/0/0/0,24429:1747647670202:,1747647681954
counter/3/0/0/0,18748:1747647665316:,1747647681954
counter/5/0/0/0,21808:1747647667332:,1747647681954
counter/3/0/0/0,18749:1747647665316:,1747647681954
counter/3/0/0/0,18750:1747647665316:,1747647681954
counter/3/0/0/0,18751:1747647665316:,1747647681954
counter/3/0/0/0,18752:1747647665316:,1747647681954
counter/3/0/0/0,18753:1747647665316:,1747647681955
counter/3/0/0/0,18754:1747647665316:,1747647681955
counter/3/0/0/0,18755:1747647665319:,1747647681955
counter/3/0/0/0,18756:1747647665319:,1747647681955
counter/3/0/0/0,18757:1747647665323:,1747647681955
counter/3/0/0/0,18758:1747647665323:,1747647681955
counter/3/0/0/0,18759:1747647665323:,1747647681955
counter/3/0/0/0,18760:1747647665323:,1747647681955
counter/3/0/0/0,18761:1747647665323:,1747647681955
counter/3/0/0/0,18762:1747647665323:,1747647681955
counter/3/0/0/0,18763:1747647665323:,1747647681955
counter/3/0/0/0,18764:1747647665323:,1747647681955
counter/3/0/0/0,18765:1747647665323:,1747647681955
counter/3/0/0/0,18766:1747647665323:,1747647681955
counter/3/0/0/0,18767:1747647665324:,1747647681955
counter/3/0/0/0,18768:1747647665324:,1747647681955
counter/3/0/0/0,18769:1747647665324:,1747647681955
counter/3/0/0/0,18770:1747647665324:,1747647681955
counter/3/0/0/0,18771:1747647665324:,1747647681955
counter/3/0/0/0,18772:1747647665326:,1747647681955
counter/3/0/0/0,18773:1747647665326:,1747647681955
counter/3/0/0/0,18774:1747647665326:,1747647681955
counter/3/0/0/0,18775:1747647665326:,1747647681955
counter/3/0/0/0,18776:1747647665326:,1747647681955
counter/3/0/0/0,18777:1747647665326:,1747647681955
counter/3/0/0/0,18778:1747647665326:,1747647681955
counter/3/0/0/0,18779:1747647665326:,1747647681955
counter/3/0/0/0,18780:1747647665326:,1747647681955
counter/3/0/0/0,18781:1747647665326:,1747647681955
counter/3/0/0/0,18782:1747647665326:,1747647681955
counter/3/0/0/0,18783:1747647665326:,1747647681955
counter/3/0/0/0,18784:1747647665326:,1747647681955
counter/3/0/0/0,18785:1747647665326:,1747647681955
counter/3/0/0/0,18786:1747647665331:,1747647681955
counter/3/0/0/0,18787:1747647665347:,1747647681955
counter/3/0/0/0,18788:1747647665347:,1747647681955
counter/3/0/0/0,18789:1747647665348:,1747647681955
counter/3/0/0/0,18790:1747647665348:,1747647681956
counter/3/0/0/0,18791:1747647665348:,1747647681956
counter/3/0/0/0,18792:1747647665348:,1747647681956
counter/3/0/0/0,18793:1747647665348:,1747647681956
counter/3/0/0/0,18794:1747647665348:,1747647681956
counter/3/0/0/0,18795:1747647665348:,1747647681956
counter/3/0/0/0,18796:1747647665359:,1747647681956
counter/3/0/0/0,18797:1747647665359:,1747647681956
counter/3/0/0/0,18798:1747647665359:,1747647681956
counter/3/0/0/0,18799:1747647665359:,1747647681956
counter/3/0/0/0,18800:1747647665385:,1747647681956
counter/3/0/0/0,18801:1747647665386:,1747647681956
counter/3/0/0/0,18802:1747647665386:,1747647681956
counter/3/0/0/0,18803:1747647665386:,1747647681956
counter/3/0/0/0,18804:1747647665386:,1747647681956
counter/3/0/0/0,18805:1747647665386:,1747647681956
counter/3/0/0/0,18806:1747647665386:,1747647681956
counter/3/0/0/0,18807:1747647665386:,1747647681956
counter/3/0/0/0,18808:1747647665386:,1747647681956
counter/3/0/0/0,18809:1747647665386:,1747647681956
counter/3/0/0/0,18810:1747647665386:,1747647681956
counter/3/0/0/0,18811:1747647665386:,1747647681956
counter/3/0/0/0,18812:1747647665386:,1747647681956
counter/3/0/0/0,18813:1747647665386:,1747647681956
counter/3/0/0/0,18814:1747647665386:,1747647681956
counter/3/0/0/0,18815:1747647665386:,1747647681956
counter/3/0/0/0,18816:1747647665386:,1747647681956
counter/3/0/0/0,18817:1747647665386:,1747647681956
counter/3/0/0/0,18818:1747647665403:,1747647681956
counter/3/0/0/0,18819:1747647665403:,1747647681956
counter/3/0/0/0,18820:1747647665403:,1747647681956
counter/3/0/0/0,18821:1747647665403:,1747647681956
counter/3/0/0/0,18822:1747647665403:,1747647681956
counter/3/0/0/0,18823:1747647665403:,1747647681956
counter/3/0/0/0,18824:1747647665403:,1747647681956
counter/3/0/0/0,18825:1747647665412:,1747647681956
counter/3/0/0/0,18826:1747647665412:,1747647681956
counter/3/0/0/0,18827:1747647665412:,1747647681956
counter/3/0/0/0,18828:1747647665412:,1747647681956
counter/3/0/0/0,18829:1747647665412:,1747647681956
counter/3/0/0/0,18830:1747647665412:,1747647681956
counter/3/0/0/0,18831:1747647665412:,1747647681956
counter/3/0/0/0,18832:1747647665418:,1747647681957
counter/3/0/0/0,18833:1747647665418:,1747647681957
counter/3/0/0/0,18834:1747647665418:,1747647681957
counter/3/0/0/0,18835:1747647665418:,1747647681957
counter/3/0/0/0,18836:1747647665418:,1747647681957
counter/3/0/0/0,18837:1747647665418:,1747647681957
counter/3/0/0/0,18838:1747647665418:,1747647681957
counter/3/0/0/0,18839:1747647665418:,1747647681957
counter/3/0/0/0,18840:1747647665418:,1747647681957
counter/3/0/0/0,18841:1747647665422:,1747647681957
counter/8/0/0/0,22891:1747647667525:,1747647681957
counter/3/0/0/0,18842:1747647665422:,1747647681957
counter/9/0/0/0,24909:1747647668517:,1747647681957
counter/7/0/0/0,20046:1747647665384:,1747647681957
counter/3/0/0/0,18843:1747647665422:,1747647681957
counter/7/0/0/0,20047:1747647665384:,1747647681957
counter/3/0/0/0,18844:1747647665422:,1747647681957
counter/7/0/0/0,20048:1747647665384:,1747647681957
counter/3/0/0/0,18845:1747647665422:,1747647681957
counter/7/0/0/0,20049:1747647665384:,1747647681957
counter/3/0/0/0,18846:1747647665422:,1747647681957
counter/7/0/0/0,20050:1747647665384:,1747647681957
counter/3/0/0/0,18847:1747647665422:,1747647681957
counter/8/0/0/0,22892:1747647667525:,1747647681957
counter/7/0/0/0,20051:1747647665384:,1747647681957
counter/3/0/0/0,18848:1747647665422:,1747647681957
counter/2/0/0/0,24430:1747647670210:,1747647681957
counter/7/0/0/0,20052:1747647665384:,1747647681957
counter/3/0/0/0,18849:1747647665422:,1747647681957
counter/5/0/0/0,21809:1747647667333:,1747647681957
counter/7/0/0/0,20053:1747647665384:,1747647681957
counter/3/0/0/0,18850:1747647665422:,1747647681957
counter/4/0/0/0,18992:1747647665871:,1747647681957
counter/7/0/0/0,20054:1747647665384:,1747647681957
counter/3/0/0/0,18851:1747647665422:,1747647681957
counter/4/0/0/0,18993:1747647665871:,1747647681957
counter/10/0/0/0,19183:1747647664896:,1747647681957
counter/3/0/0/0,18852:1747647665425:,1747647681957
counter/6/0/0/0,20434:1747647667155:,1747647681957
counter/3/0/0/0,18853:1747647665425:,1747647681957
counter/3/0/0/0,18854:1747647665425:,1747647681958
counter/2/0/0/0,24431:1747647670218:,1747647681958
counter/3/0/0/0,18855:1747647665425:,1747647681958
counter/5/0/0/0,21810:1747647667334:,1747647681958
counter/3/0/0/0,18856:1747647665425:,1747647681958
counter/2/0/0/0,24432:1747647670218:,1747647681958
counter/3/0/0/0,18857:1747647665425:,1747647681958
counter/1/0/0/0,19720:1747647665990:,1747647681958
counter/3/0/0/0,18858:1747647665425:,1747647681958
counter/2/0/0/0,24433:1747647670218:,1747647681958
counter/3/0/0/0,18859:1747647665428:,1747647681958
counter/2/0/0/0,24434:1747647670218:,1747647681958
counter/3/0/0/0,18860:1747647665429:,1747647681958
counter/2/0/0/0,24435:1747647670218:,1747647681958
counter/3/0/0/0,18861:1747647665429:,1747647681958
counter/2/0/0/0,24436:1747647670218:,1747647681958
counter/3/0/0/0,18862:1747647665429:,1747647681958
counter/2/0/0/0,24437:1747647670218:,1747647681958
counter/6/0/0/0,20435:1747647667155:,1747647681958
counter/3/0/0/0,18863:1747647665429:,1747647681958
counter/4/0/0/0,18994:1747647665871:,1747647681958
counter/5/0/0/0,21811:1747647667334:,1747647681958
counter/3/0/0/0,18864:1747647665429:,1747647681958
counter/10/0/0/0,19184:1747647664896:,1747647681958
counter/1/0/0/0,19721:1747647665992:,1747647681958
counter/3/0/0/0,18865:1747647665429:,1747647681958
counter/7/0/0/0,20055:1747647665385:,1747647681958
counter/3/0/0/0,18866:1747647665429:,1747647681958
counter/3/0/0/0,18867:1747647665429:,1747647681958
counter/3/0/0/0,18868:1747647665429:,1747647681958
counter/9/0/0/0,24910:1747647668521:,1747647681958
counter/3/0/0/0,18869:1747647665429:,1747647681958
counter/6/0/0/0,20436:1747647667155:,1747647681958
counter/3/0/0/0,18870:1747647665429:,1747647681958
counter/4/0/0/0,18995:1747647665871:,1747647681958
counter/5/0/0/0,21812:1747647667334:,1747647681958
counter/3/0/0/0,18871:1747647665429:,1747647681958
counter/10/0/0/0,19185:1747647664896:,1747647681959
counter/1/0/0/0,19722:1747647665992:,1747647681959
counter/3/0/0/0,18872:1747647665429:,1747647681959
counter/7/0/0/0,20056:1747647665385:,1747647681959
counter/2/0/0/0,24438:1747647670218:,1747647681959
counter/3/0/0/0,18873:1747647665436:,1747647681959
counter/8/0/0/0,22893:1747647667525:,1747647681959
counter/3/0/0/0,18874:1747647665436:,1747647681959
counter/3/0/0/0,18875:1747647665436:,1747647681959
counter/3/0/0/0,18876:1747647665436:,1747647681959
counter/1/0/0/0,19723:1747647665992:,1747647681959
counter/3/0/0/0,18877:1747647665436:,1747647681959
counter/7/0/0/0,20057:1747647665385:,1747647681959
counter/3/0/0/0,18878:1747647665436:,1747647681959
counter/2/0/0/0,24439:1747647670218:,1747647681959
counter/8/0/0/0,22894:1747647667525:,1747647681959
counter/3/0/0/0,18879:1747647665436:,1747647681959
counter/9/0/0/0,24911:1747647668521:,1747647681959
counter/6/0/0/0,20437:1747647667155:,1747647681959
counter/3/0/0/0,18880:1747647665436:,1747647681959
counter/4/0/0/0,18996:1747647665871:,1747647681959
counter/5/0/0/0,21813:1747647667334:,1747647681959
counter/3/0/0/0,18881:1747647665436:,1747647681959
counter/3/0/0/0,18882:1747647665436:,1747647681959
counter/3/0/0/0,18883:1747647665436:,1747647681959
counter/3/0/0/0,18884:1747647665436:,1747647681959
counter/3/0/0/0,18885:1747647665436:,1747647681959
counter/3/0/0/0,18886:1747647665436:,1747647681959
counter/3/0/0/0,18887:1747647665436:,1747647681959
counter/3/0/0/0,18888:1747647665437:,1747647681959
counter/3/0/0/0,18889:1747647665437:,1747647681959
counter/3/0/0/0,18890:1747647665437:,1747647681959
counter/3/0/0/0,18891:1747647665437:,1747647681959
counter/3/0/0/0,18892:1747647665437:,1747647681959
counter/3/0/0/0,18893:1747647665437:,1747647681959
counter/3/0/0/0,18894:1747647665437:,1747647681959
counter/3/0/0/0,18895:1747647665437:,1747647681959
counter/3/0/0/0,18896:1747647665437:,1747647681959
counter/3/0/0/0,18897:1747647665443:,1747647681960
counter/3/0/0/0,18898:1747647665443:,1747647681960
counter/3/0/0/0,18899:1747647665443:,1747647681960
counter/3/0/0/0,18900:1747647665443:,1747647681960
counter/3/0/0/0,18901:1747647665443:,1747647681960
counter/3/0/0/0,18902:1747647665449:,1747647681960
counter/3/0/0/0,18903:1747647665449:,1747647681960
counter/3/0/0/0,18904:1747647665449:,1747647681960
counter/3/0/0/0,18905:1747647665449:,1747647681960
counter/3/0/0/0,18906:1747647665449:,1747647681960
counter/3/0/0/0,18907:1747647665449:,1747647681960
counter/3/0/0/0,18908:1747647665449:,1747647681960
counter/3/0/0/0,18909:1747647665449:,1747647681960
counter/3/0/0/0,18910:1747647665449:,1747647681960
counter/3/0/0/0,18911:1747647665450:,1747647681960
counter/3/0/0/0,18912:1747647665450:,1747647681960
counter/3/0/0/0,18913:1747647665450:,1747647681960
counter/3/0/0/0,18914:1747647665450:,1747647681960
counter/3/0/0/0,18915:1747647665454:,1747647681960
counter/3/0/0/0,18916:1747647665454:,1747647681960
counter/3/0/0/0,18917:1747647665454:,1747647681960
counter/3/0/0/0,18918:1747647665454:,1747647681960
counter/3/0/0/0,18919:1747647665454:,1747647681960
counter/3/0/0/0,18920:1747647665454:,1747647681960
counter/3/0/0/0,18921:1747647665454:,1747647681960
counter/3/0/0/0,18922:1747647665460:,1747647681960
counter/3/0/0/0,18923:1747647665460:,1747647681960
counter/3/0/0/0,18924:1747647665460:,1747647681960
counter/3/0/0/0,18925:1747647665460:,1747647681960
counter/3/0/0/0,18926:1747647665460:,1747647681960
counter/3/0/0/0,18927:1747647665477:,1747647681960
counter/3/0/0/0,18928:1747647665477:,1747647681960
counter/3/0/0/0,18929:1747647665477:,1747647681960
counter/3/0/0/0,18930:1747647665478:,1747647681960
counter/3/0/0/0,18931:1747647665478:,1747647681960
counter/3/0/0/0,18932:1747647665478:,1747647681960
counter/3/0/0/0,18933:1747647665478:,1747647681960
counter/3/0/0/0,18934:1747647665478:,1747647681961
counter/3/0/0/0,18935:1747647665479:,1747647681961
counter/3/0/0/0,18936:1747647665479:,1747647681961
counter/3/0/0/0,18937:1747647665479:,1747647681961
counter/3/0/0/0,18938:1747647665479:,1747647681961
counter/3/0/0/0,18939:1747647665479:,1747647681961
counter/3/0/0/0,18940:1747647665479:,1747647681961
counter/3/0/0/0,18941:1747647665482:,1747647681961
counter/3/0/0/0,18942:1747647665482:,1747647681961
counter/3/0/0/0,18943:1747647665482:,1747647681961
counter/3/0/0/0,18944:1747647665482:,1747647681961
counter/3/0/0/0,18945:1747647665482:,1747647681961
counter/3/0/0/0,18946:1747647665482:,1747647681961
counter/3/0/0/0,18947:1747647665482:,1747647681961
counter/3/0/0/0,18948:1747647665488:,1747647681961
counter/3/0/0/0,18949:1747647665488:,1747647681961
counter/3/0/0/0,18950:1747647665488:,1747647681961
counter/3/0/0/0,18951:1747647665488:,1747647681961
counter/3/0/0/0,18952:1747647665488:,1747647681961
counter/3/0/0/0,18953:1747647665488:,1747647681961
counter/3/0/0/0,18954:1747647665488:,1747647681961
counter/3/0/0/0,18955:1747647665488:,1747647681961
counter/3/0/0/0,18956:1747647665511:,1747647681961
counter/3/0/0/0,18957:1747647665511:,1747647681961
counter/3/0/0/0,18958:1747647665511:,1747647681961
counter/3/0/0/0,18959:1747647665511:,1747647681961
counter/2/0/0/0,24440:1747647670218:,1747647681961
counter/3/0/0/0,18960:1747647665511:,1747647681961
counter/10/0/0/0,19186:1747647664896:,1747647681961
counter/3/0/0/0,18961:1747647665511:,1747647681961
counter/6/0/0/0,20438:1747647667155:,1747647681961
counter/9/0/0/0,24912:1747647668521:,1747647681961
counter/3/0/0/0,18962:1747647665512:,1747647681961
counter/5/0/0/0,21814:1747647667334:,1747647681961
counter/3/0/0/0,18963:1747647665526:,1747647681961
counter/7/0/0/0,20058:1747647665385:,1747647681961
counter/1/0/0/0,19724:1747647665992:,1747647681961
counter/3/0/0/0,18964:1747647665526:,1747647681961
counter/1/0/0/0,19725:1747647665992:,1747647681961
counter/3/0/0/0,18965:1747647665526:,1747647681962
counter/1/0/0/0,19726:1747647665992:,1747647681962
counter/3/0/0/0,18966:1747647665537:,1747647681962
counter/1/0/0/0,19727:1747647665992:,1747647681962
counter/3/0/0/0,18967:1747647665537:,1747647681962
counter/1/0/0/0,19728:1747647665992:,1747647681962
counter/3/0/0/0,18968:1747647665537:,1747647681962
counter/1/0/0/0,19729:1747647665992:,1747647681962
counter/3/0/0/0,18969:1747647665538:,1747647681962
counter/1/0/0/0,19730:1747647665992:,1747647681962
counter/3/0/0/0,18970:1747647665538:,1747647681962
counter/1/0/0/0,19731:1747647665992:,1747647681962
counter/3/0/0/0,18971:1747647665538:,1747647681962
counter/1/0/0/0,19732:1747647665992:,1747647681962
counter/3/0/0/0,18972:1747647665538:,1747647681962
counter/1/0/0/0,19733:1747647665992:,1747647681962
counter/3/0/0/0,18973:1747647665538:,1747647681962
counter/1/0/0/0,19734:1747647665992:,1747647681962
counter/8/0/0/0,22895:1747647667525:,1747647681962
counter/3/0/0/0,18974:1747647665538:,1747647681962
counter/1/0/0/0,19735:1747647665992:,1747647681962
counter/2/0/0/0,24441:1747647670219:,1747647681962
counter/3/0/0/0,18975:1747647665538:,1747647681962
counter/1/0/0/0,19736:1747647665992:,1747647681962
counter/3/0/0/0,18976:1747647665538:,1747647681962
counter/1/0/0/0,19737:1747647665992:,1747647681962
counter/3/0/0/0,18977:1747647665538:,1747647681962
counter/1/0/0/0,19738:1747647665992:,1747647681962
counter/3/0/0/0,18978:1747647665538:,1747647681962
counter/1/0/0/0,19739:1747647665993:,1747647681962
counter/3/0/0/0,18979:1747647665565:,1747647681962
counter/1/0/0/0,19740:1747647665993:,1747647681962
counter/3/0/0/0,18980:1747647665565:,1747647681962
counter/1/0/0/0,19741:1747647665993:,1747647681962
counter/3/0/0/0,18981:1747647665565:,1747647681962
counter/3/0/0/0,18982:1747647665565:,1747647681962
counter/3/0/0/0,18983:1747647665565:,1747647681962
counter/3/0/0/0,18984:1747647665565:,1747647681962
counter/3/0/0/0,18985:1747647665565:,1747647681962
counter/3/0/0/0,18986:1747647665565:,1747647681963
counter/3/0/0/0,18987:1747647665565:,1747647681963
counter/3/0/0/0,18988:1747647665565:,1747647681963
counter/3/0/0/0,18989:1747647665565:,1747647681963
counter/3/0/0/0,18990:1747647665565:,1747647681963
counter/3/0/0/0,18991:1747647665565:,1747647681963
counter/3/0/0/0,18992:1747647665565:,1747647681963
counter/3/0/0/0,18993:1747647665565:,1747647681963
counter/3/0/0/0,18994:1747647665565:,1747647681963
counter/3/0/0/0,18995:1747647665565:,1747647681963
counter/3/0/0/0,18996:1747647665567:,1747647681963
counter/3/0/0/0,18997:1747647665567:,1747647681963
counter/3/0/0/0,18998:1747647665567:,1747647681963
counter/3/0/0/0,18999:1747647665567:,1747647681963
counter/3/0/0/0,19000:1747647665577:,1747647681963
counter/3/0/0/0,19001:1747647665577:,1747647681963
counter/3/0/0/0,19002:1747647665577:,1747647681963
counter/3/0/0/0,19003:1747647665577:,1747647681963
counter/3/0/0/0,19004:1747647665577:,1747647681963
counter/3/0/0/0,19005:1747647665577:,1747647681963
counter/3/0/0/0,19006:1747647665577:,1747647681963
counter/3/0/0/0,19007:1747647665577:,1747647681963
counter/9/0/0/0,24913:1747647668521:,1747647681963
counter/3/0/0/0,19008:1747647665577:,1747647681963
counter/10/0/0/0,19187:1747647664896:,1747647681963
counter/3/0/0/0,19009:1747647665577:,1747647681963
counter/6/0/0/0,20439:1747647667155:,1747647681963
counter/3/0/0/0,19010:1747647665578:,1747647681963
counter/5/0/0/0,21815:1747647667336:,1747647681963
counter/7/0/0/0,20059:1747647665385:,1747647681963
counter/3/0/0/0,19011:1747647665578:,1747647681963
counter/4/0/0/0,18997:1747647665871:,1747647681963
counter/3/0/0/0,19012:1747647665578:,1747647681963
counter/8/0/0/0,22896:1747647667525:,1747647681963
counter/3/0/0/0,19013:1747647665578:,1747647681964
counter/2/0/0/0,24442:1747647670219:,1747647681964
counter/3/0/0/0,19014:1747647665583:,1747647681964
counter/8/0/0/0,22897:1747647667525:,1747647681964
counter/3/0/0/0,19015:1747647665584:,1747647681964
counter/3/0/0/0,19016:1747647665584:,1747647681964
counter/3/0/0/0,19017:1747647665584:,1747647681964
counter/3/0/0/0,19018:1747647665584:,1747647681964
counter/3/0/0/0,19019:1747647665584:,1747647681964
counter/6/0/0/0,20440:1747647667155:,1747647681964
counter/3/0/0/0,19020:1747647665584:,1747647681964
counter/6/0/0/0,20441:1747647667155:,1747647681964
counter/3/0/0/0,19021:1747647665584:,1747647681964
counter/6/0/0/0,20442:1747647667156:,1747647681964
counter/1/0/0/0,19742:1747647665994:,1747647681964
counter/3/0/0/0,19022:1747647665584:,1747647681964
counter/2/0/0/0,24443:1747647670219:,1747647681964
counter/8/0/0/0,22898:1747647667525:,1747647681964
counter/3/0/0/0,19023:1747647665584:,1747647681964
counter/9/0/0/0,24914:1747647668521:,1747647681964
counter/10/0/0/0,19188:1747647664896:,1747647681964
counter/3/0/0/0,19024:1747647665584:,1747647681964
counter/3/0/0/0,19025:1747647665585:,1747647681964
counter/3/0/0/0,19026:1747647665585:,1747647681964
counter/3/0/0/0,19027:1747647665601:,1747647681964
counter/3/0/0/0,19028:1747647665601:,1747647681964
counter/3/0/0/0,19029:1747647665601:,1747647681964
counter/3/0/0/0,19030:1747647665601:,1747647681964
counter/3/0/0/0,19031:1747647665601:,1747647681964
counter/3/0/0/0,19032:1747647665601:,1747647681964
counter/3/0/0/0,19033:1747647665601:,1747647681964
counter/3/0/0/0,19034:1747647665601:,1747647681964
counter/3/0/0/0,19035:1747647665601:,1747647681964
counter/3/0/0/0,19036:1747647665601:,1747647681964
counter/3/0/0/0,19037:1747647665601:,1747647681964
counter/3/0/0/0,19038:1747647665601:,1747647681964
counter/3/0/0/0,19039:1747647665601:,1747647681964
counter/3/0/0/0,19040:1747647665601:,1747647681964
counter/3/0/0/0,19041:1747647665601:,1747647681964
counter/3/0/0/0,19042:1747647665601:,1747647681964
counter/3/0/0/0,19043:1747647665601:,1747647681964
counter/3/0/0/0,19044:1747647665601:,1747647681965
counter/3/0/0/0,19045:1747647665601:,1747647681965
counter/3/0/0/0,19046:1747647665610:,1747647681965
counter/3/0/0/0,19047:1747647665611:,1747647681965
counter/3/0/0/0,19048:1747647665611:,1747647681965
counter/3/0/0/0,19049:1747647665611:,1747647681965
counter/3/0/0/0,19050:1747647665611:,1747647681965
counter/3/0/0/0,19051:1747647665611:,1747647681965
counter/3/0/0/0,19052:1747647665611:,1747647681965
counter/3/0/0/0,19053:1747647665611:,1747647681965
counter/3/0/0/0,19054:1747647665611:,1747647681965
counter/3/0/0/0,19055:1747647665611:,1747647681965
counter/3/0/0/0,19056:1747647665611:,1747647681965
counter/3/0/0/0,19057:1747647665611:,1747647681965
counter/3/0/0/0,19058:1747647665611:,1747647681965
counter/3/0/0/0,19059:1747647665611:,1747647681965
counter/3/0/0/0,19060:1747647665611:,1747647681965
counter/3/0/0/0,19061:1747647665611:,1747647681965
counter/3/0/0/0,19062:1747647665611:,1747647681965
counter/3/0/0/0,19063:1747647665611:,1747647681965
counter/3/0/0/0,19064:1747647665611:,1747647681965
counter/3/0/0/0,19065:1747647665617:,1747647681965
counter/3/0/0/0,19066:1747647665618:,1747647681965
counter/3/0/0/0,19067:1747647665618:,1747647681965
counter/3/0/0/0,19068:1747647665618:,1747647681965
counter/3/0/0/0,19069:1747647665618:,1747647681965
counter/3/0/0/0,19070:1747647665618:,1747647681965
counter/3/0/0/0,19071:1747647665618:,1747647681965
counter/3/0/0/0,19072:1747647665618:,1747647681965
counter/3/0/0/0,19073:1747647665618:,1747647681965
counter/3/0/0/0,19074:1747647665618:,1747647681965
counter/3/0/0/0,19075:1747647665618:,1747647681965
counter/3/0/0/0,19076:1747647665618:,1747647681965
counter/3/0/0/0,19077:1747647665627:,1747647681965
counter/3/0/0/0,19078:1747647665627:,1747647681965
counter/3/0/0/0,19079:1747647665627:,1747647681965
counter/3/0/0/0,19080:1747647665631:,1747647681965
counter/3/0/0/0,19081:1747647665631:,1747647681966
counter/3/0/0/0,19082:1747647665631:,1747647681966
counter/3/0/0/0,19083:1747647665631:,1747647681966
counter/3/0/0/0,19084:1747647665631:,1747647681966
counter/3/0/0/0,19085:1747647665631:,1747647681966
counter/3/0/0/0,19086:1747647665631:,1747647681966
counter/3/0/0/0,19087:1747647665631:,1747647681966
counter/3/0/0/0,19088:1747647665631:,1747647681966
counter/3/0/0/0,19089:1747647665631:,1747647681966
counter/3/0/0/0,19090:1747647665631:,1747647681966
counter/3/0/0/0,19091:1747647665631:,1747647681966
counter/3/0/0/0,19092:1747647665637:,1747647681966
counter/3/0/0/0,19093:1747647665637:,1747647681966
counter/3/0/0/0,19094:1747647665637:,1747647681966
counter/3/0/0/0,19095:1747647665637:,1747647681966
counter/3/0/0/0,19096:1747647665637:,1747647681966
counter/3/0/0/0,19097:1747647665637:,1747647681966
counter/3/0/0/0,19098:1747647665637:,1747647681966
counter/3/0/0/0,19099:1747647665637:,1747647681966
counter/3/0/0/0,19100:1747647665637:,1747647681966
counter/3/0/0/0,19101:1747647665637:,1747647681966
counter/3/0/0/0,19102:1747647665638:,1747647681966
counter/3/0/0/0,19103:1747647665638:,1747647681966
counter/3/0/0/0,19104:1747647665638:,1747647681966
counter/3/0/0/0,19105:1747647665638:,1747647681966
counter/3/0/0/0,19106:1747647665638:,1747647681966
counter/3/0/0/0,19107:1747647665638:,1747647681966
counter/3/0/0/0,19108:1747647665638:,1747647681966
counter/3/0/0/0,19109:1747647665638:,1747647681966
counter/3/0/0/0,19110:1747647665638:,1747647681966
counter/3/0/0/0,19111:1747647665639:,1747647681966
counter/3/0/0/0,19112:1747647665655:,1747647681966
counter/3/0/0/0,19113:1747647665655:,1747647681966
counter/3/0/0/0,19114:1747647665655:,1747647681966
counter/3/0/0/0,19115:1747647665655:,1747647681966
counter/3/0/0/0,19116:1747647665656:,1747647681966
counter/3/0/0/0,19117:1747647665656:,1747647681966
counter/5/0/0/0,21816:1747647667336:,1747647681966
counter/3/0/0/0,19118:1747647665656:,1747647681966
counter/4/0/0/0,18998:1747647665871:,1747647681966
counter/3/0/0/0,19119:1747647665656:,1747647681967
counter/10/0/0/0,19189:1747647664896:,1747647681967
counter/7/0/0/0,20060:1747647665385:,1747647681967
counter/3/0/0/0,19120:1747647665656:,1747647681967
counter/1/0/0/0,19743:1747647665994:,1747647681967
counter/8/0/0/0,22899:1747647667525:,1747647681967
counter/3/0/0/0,19121:1747647665657:,1747647681967
counter/2/0/0/0,24444:1747647670219:,1747647681967
counter/3/0/0/0,19122:1747647665657:,1747647681967
counter/2/0/0/0,24445:1747647670219:,1747647681967
counter/3/0/0/0,19123:1747647665657:,1747647681967
counter/2/0/0/0,24446:1747647670219:,1747647681967
counter/3/0/0/0,19124:1747647665657:,1747647681967
counter/2/0/0/0,24447:1747647670219:,1747647681967
counter/3/0/0/0,19125:1747647665657:,1747647681967
counter/2/0/0/0,24448:1747647670219:,1747647681967
counter/3/0/0/0,19126:1747647665657:,1747647681967
counter/2/0/0/0,24449:1747647670219:,1747647681967
counter/3/0/0/0,19127:1747647665657:,1747647681967
counter/2/0/0/0,24450:1747647670219:,1747647681967
counter/3/0/0/0,19128:1747647665657:,1747647681967
counter/2/0/0/0,24451:1747647670219:,1747647681967
counter/3/0/0/0,19129:1747647665657:,1747647681967
counter/2/0/0/0,24452:1747647670219:,1747647681967
counter/3/0/0/0,19130:1747647665657:,1747647681967
counter/2/0/0/0,24453:1747647670219:,1747647681967
counter/3/0/0/0,19131:1747647665658:,1747647681967
counter/2/0/0/0,24454:1747647670219:,1747647681967
counter/3/0/0/0,19132:1747647665658:,1747647681967
counter/2/0/0/0,24455:1747647670219:,1747647681967
counter/3/0/0/0,19133:1747647665658:,1747647681967
counter/2/0/0/0,24456:1747647670219:,1747647681967
counter/3/0/0/0,19134:1747647665658:,1747647681967
counter/2/0/0/0,24457:1747647670219:,1747647681967
counter/3/0/0/0,19135:1747647665658:,1747647681967
counter/2/0/0/0,24458:1747647670219:,1747647681967
counter/3/0/0/0,19136:1747647665658:,1747647681967
counter/2/0/0/0,24459:1747647670220:,1747647681967
counter/3/0/0/0,19137:1747647665658:,1747647681967
counter/2/0/0/0,24460:1747647670220:,1747647681968
counter/3/0/0/0,19138:1747647665658:,1747647681968
counter/2/0/0/0,24461:1747647670220:,1747647681968
counter/3/0/0/0,19139:1747647665658:,1747647681968
counter/2/0/0/0,24462:1747647670220:,1747647681968
counter/3/0/0/0,19140:1747647665658:,1747647681968
counter/2/0/0/0,24463:1747647670220:,1747647681968
counter/3/0/0/0,19141:1747647665658:,1747647681968
counter/2/0/0/0,24464:1747647670220:,1747647681968
counter/3/0/0/0,19142:1747647665658:,1747647681968
counter/2/0/0/0,24465:1747647670220:,1747647681968
counter/3/0/0/0,19143:1747647665658:,1747647681968
counter/2/0/0/0,24466:1747647670220:,1747647681968
counter/3/0/0/0,19144:1747647665658:,1747647681968
counter/2/0/0/0,24467:1747647670220:,1747647681968
counter/3/0/0/0,19145:1747647665658:,1747647681968
counter/2/0/0/0,24468:1747647670220:,1747647681968
counter/3/0/0/0,19146:1747647665658:,1747647681968
counter/2/0/0/0,24469:1747647670226:,1747647681968
counter/3/0/0/0,19147:1747647665658:,1747647681968
counter/2/0/0/0,24470:1747647670226:,1747647681968
counter/3/0/0/0,19148:1747647665659:,1747647681968
counter/2/0/0/0,24471:1747647670226:,1747647681968
counter/3/0/0/0,19149:1747647665660:,1747647681968
counter/2/0/0/0,24472:1747647670234:,1747647681968
counter/3/0/0/0,19150:1747647665660:,1747647681968
counter/2/0/0/0,24473:1747647670234:,1747647681968
counter/3/0/0/0,19151:1747647665660:,1747647681968
counter/2/0/0/0,24474:1747647670234:,1747647681968
counter/3/0/0/0,19152:1747647665660:,1747647681968
counter/2/0/0/0,24475:1747647670234:,1747647681968
counter/3/0/0/0,19153:1747647665660:,1747647681968
counter/2/0/0/0,24476:1747647670234:,1747647681968
counter/3/0/0/0,19154:1747647665660:,1747647681968
counter/2/0/0/0,24477:1747647670239:,1747647681968
counter/3/0/0/0,19155:1747647665660:,1747647681968
counter/2/0/0/0,24478:1747647670239:,1747647681968
counter/3/0/0/0,19156:1747647665660:,1747647681968
counter/2/0/0/0,24479:1747647670239:,1747647681968
counter/3/0/0/0,19157:1747647665660:,1747647681969
counter/2/0/0/0,24480:1747647670239:,1747647681969
counter/3/0/0/0,19158:1747647665660:,1747647681969
counter/2/0/0/0,24481:1747647670239:,1747647681969
counter/3/0/0/0,19159:1747647665660:,1747647681969
counter/2/0/0/0,24482:1747647670239:,1747647681969
counter/3/0/0/0,19160:1747647665660:,1747647681969
counter/2/0/0/0,24483:1747647670239:,1747647681969
counter/3/0/0/0,19161:1747647665660:,1747647681969
counter/2/0/0/0,24484:1747647670239:,1747647681969
counter/3/0/0/0,19162:1747647665660:,1747647681969
counter/2/0/0/0,24485:1747647670251:,1747647681969
counter/3/0/0/0,19163:1747647665660:,1747647681969
counter/2/0/0/0,24486:1747647670251:,1747647681969
counter/3/0/0/0,19164:1747647665660:,1747647681969
counter/2/0/0/0,24487:1747647670251:,1747647681969
counter/3/0/0/0,19165:1747647665672:,1747647681969
counter/2/0/0/0,24488:1747647670251:,1747647681969
counter/3/0/0/0,19166:1747647665672:,1747647681969
counter/2/0/0/0,24489:1747647670251:,1747647681969
counter/3/0/0/0,19167:1747647665672:,1747647681969
counter/2/0/0/0,24490:1747647670252:,1747647681969
counter/3/0/0/0,19168:1747647665672:,1747647681969
counter/2/0/0/0,24491:1747647670252:,1747647681969
counter/3/0/0/0,19169:1747647665672:,1747647681969
counter/2/0/0/0,24492:1747647670252:,1747647681969
counter/3/0/0/0,19170:1747647665672:,1747647681969
counter/2/0/0/0,24493:1747647670252:,1747647681969
counter/1/0/0/0,19744:1747647665994:,1747647681969
counter/3/0/0/0,19171:1747647665672:,1747647681969
counter/2/0/0/0,24494:1747647670252:,1747647681969
counter/10/0/0/0,19190:1747647664896:,1747647681969
counter/3/0/0/0,19172:1747647665672:,1747647681969
counter/2/0/0/0,24495:1747647670252:,1747647681969
counter/3/0/0/0,19173:1747647665672:,1747647681969
counter/2/0/0/0,24496:1747647670252:,1747647681969
counter/3/0/0/0,19174:1747647665673:,1747647681969
counter/2/0/0/0,24497:1747647670252:,1747647681969
counter/3/0/0/0,19175:1747647665673:,1747647681969
counter/2/0/0/0,24498:1747647670253:,1747647681969
counter/3/0/0/0,19176:1747647665673:,1747647681969
counter/2/0/0/0,24499:1747647670253:,1747647681969
counter/3/0/0/0,19177:1747647665673:,1747647681970
counter/2/0/0/0,24500:1747647670253:,1747647681970
counter/3/0/0/0,19178:1747647665673:,1747647681970
counter/2/0/0/0,24501:1747647670253:,1747647681970
counter/3/0/0/0,19179:1747647665673:,1747647681970
counter/2/0/0/0,24502:1747647670258:,1747647681970
counter/3/0/0/0,19180:1747647665673:,1747647681970
counter/2/0/0/0,24503:1747647670258:,1747647681970
counter/3/0/0/0,19181:1747647665673:,1747647681970
counter/2/0/0/0,24504:1747647670258:,1747647681970
counter/3/0/0/0,19182:1747647665686:,1747647681970
counter/2/0/0/0,24505:1747647670258:,1747647681970
counter/3/0/0/0,19183:1747647665686:,1747647681970
counter/2/0/0/0,24506:1747647670258:,1747647681970
counter/3/0/0/0,19184:1747647665686:,1747647681970
counter/2/0/0/0,24507:1747647670258:,1747647681970
counter/3/0/0/0,19185:1747647665686:,1747647681970
counter/2/0/0/0,24508:1747647670258:,1747647681970
counter/3/0/0/0,19186:1747647665686:,1747647681970
counter/2/0/0/0,24509:1747647670273:,1747647681970
counter/3/0/0/0,19187:1747647665710:,1747647681970
counter/2/0/0/0,24510:1747647670273:,1747647681970
counter/3/0/0/0,19188:1747647665712:,1747647681970
counter/2/0/0/0,24511:1747647670273:,1747647681970
counter/3/0/0/0,19189:1747647665712:,1747647681970
counter/2/0/0/0,24512:1747647670273:,1747647681970
counter/3/0/0/0,19190:1747647665712:,1747647681970
counter/2/0/0/0,24513:1747647670273:,1747647681970
counter/3/0/0/0,19191:1747647665712:,1747647681970
counter/2/0/0/0,24514:1747647670274:,1747647681970
counter/3/0/0/0,19192:1747647665712:,1747647681970
counter/2/0/0/0,24515:1747647670274:,1747647681970
counter/3/0/0/0,19193:1747647665712:,1747647681970
counter/2/0/0/0,24516:1747647670274:,1747647681970
counter/3/0/0/0,19194:1747647665712:,1747647681970
counter/2/0/0/0,24517:1747647670274:,1747647681970
counter/3/0/0/0,19195:1747647665712:,1747647681970
counter/2/0/0/0,24518:1747647670274:,1747647681970
counter/3/0/0/0,19196:1747647665712:,1747647681970
counter/2/0/0/0,24519:1747647670274:,1747647682005
counter/3/0/0/0,19197:1747647665712:,1747647682005
counter/2/0/0/0,24520:1747647670274:,1747647682005
counter/3/0/0/0,19198:1747647665712:,1747647682005
counter/2/0/0/0,24521:1747647670274:,1747647682005
counter/3/0/0/0,19199:1747647665712:,1747647682006
counter/2/0/0/0,24522:1747647670274:,1747647682006
counter/3/0/0/0,19200:1747647665712:,1747647682006
counter/2/0/0/0,24523:1747647670274:,1747647682006
counter/3/0/0/0,19201:1747647665712:,1747647682006
counter/2/0/0/0,24524:1747647670274:,1747647682006
counter/3/0/0/0,19202:1747647665713:,1747647682006
counter/2/0/0/0,24525:1747647670274:,1747647682006
counter/3/0/0/0,19203:1747647665713:,1747647682006
counter/2/0/0/0,24526:1747647670287:,1747647682006
counter/3/0/0/0,19204:1747647665713:,1747647682006
counter/2/0/0/0,24527:1747647670289:,1747647682006
counter/3/0/0/0,19205:1747647665713:,1747647682006
counter/2/0/0/0,24528:1747647670290:,1747647682006
counter/3/0/0/0,19206:1747647665719:,1747647682006
counter/2/0/0/0,24529:1747647670290:,1747647682006
counter/3/0/0/0,19207:1747647665719:,1747647682006
counter/2/0/0/0,24530:1747647670290:,1747647682006
counter/3/0/0/0,19208:1747647665719:,1747647682006
counter/2/0/0/0,24531:1747647670290:,1747647682006
counter/3/0/0/0,19209:1747647665719:,1747647682006
counter/2/0/0/0,24532:1747647670290:,1747647682006
counter/3/0/0/0,19210:1747647665719:,1747647682006
counter/2/0/0/0,24533:1747647670290:,1747647682006
counter/3/0/0/0,19211:1747647665719:,1747647682006
counter/2/0/0/0,24534:1747647670290:,1747647682006
counter/3/0/0/0,19212:1747647665719:,1747647682006
counter/2/0/0/0,24535:1747647670290:,1747647682006
counter/3/0/0/0,19213:1747647665719:,1747647682006
counter/2/0/0/0,24536:1747647670290:,1747647682006
counter/3/0/0/0,19214:1747647665719:,1747647682006
counter/2/0/0/0,24537:1747647670290:,1747647682006
counter/3/0/0/0,19215:1747647665721:,1747647682006
counter/2/0/0/0,24538:1747647670290:,1747647682006
counter/3/0/0/0,19216:1747647665721:,1747647682006
counter/3/0/0/0,19217:1747647665721:,1747647682006
counter/3/0/0/0,19218:1747647665721:,1747647682006
counter/3/0/0/0,19219:1747647665721:,1747647682006
counter/3/0/0/0,19220:1747647665721:,1747647682006
counter/3/0/0/0,19221:1747647665721:,1747647682006
counter/3/0/0/0,19222:1747647665721:,1747647682007
counter/3/0/0/0,19223:1747647665721:,1747647682007
counter/3/0/0/0,19224:1747647665721:,1747647682007
counter/3/0/0/0,19225:1747647665742:,1747647682007
counter/3/0/0/0,19226:1747647665742:,1747647682007
counter/3/0/0/0,19227:1747647665742:,1747647682007
counter/3/0/0/0,19228:1747647665742:,1747647682007
counter/3/0/0/0,19229:1747647665742:,1747647682007
counter/3/0/0/0,19230:1747647665748:,1747647682007
counter/3/0/0/0,19231:1747647665749:,1747647682007
counter/3/0/0/0,19232:1747647665749:,1747647682007
counter/3/0/0/0,19233:1747647665749:,1747647682007
counter/3/0/0/0,19234:1747647665749:,1747647682007
counter/3/0/0/0,19235:1747647665749:,1747647682007
counter/3/0/0/0,19236:1747647665749:,1747647682007
counter/3/0/0/0,19237:1747647665749:,1747647682007
counter/3/0/0/0,19238:1747647665749:,1747647682007
counter/3/0/0/0,19239:1747647665786:,1747647682007
counter/3/0/0/0,19240:1747647665787:,1747647682007
counter/3/0/0/0,19241:1747647665787:,1747647682007
counter/3/0/0/0,19242:1747647665820:,1747647682007
counter/3/0/0/0,19243:1747647665820:,1747647682007
counter/3/0/0/0,19244:1747647665820:,1747647682007
counter/3/0/0/0,19245:1747647665820:,1747647682007
counter/3/0/0/0,19246:1747647665825:,1747647682007
counter/2/0/0/0,24539:1747647670290:,1747647682007
counter/3/0/0/0,19247:1747647665826:,1747647682007
counter/2/0/0/0,24540:1747647670290:,1747647682007
counter/3/0/0/0,19248:1747647665826:,1747647682007
counter/2/0/0/0,24541:1747647670306:,1747647682007
counter/3/0/0/0,19249:1747647665826:,1747647682007
counter/2/0/0/0,24542:1747647670306:,1747647682007
counter/3/0/0/0,19250:1747647665826:,1747647682007
counter/2/0/0/0,24543:1747647670306:,1747647682007
counter/3/0/0/0,19251:1747647665826:,1747647682007
counter/2/0/0/0,24544:1747647670306:,1747647682007
counter/3/0/0/0,19252:1747647665826:,1747647682007
counter/2/0/0/0,24545:1747647670306:,1747647682007
counter/3/0/0/0,19253:1747647665826:,1747647682007
counter/2/0/0/0,24546:1747647670306:,1747647682008
counter/3/0/0/0,19254:1747647665826:,1747647682008
counter/2/0/0/0,24547:1747647670306:,1747647682008
counter/3/0/0/0,19255:1747647665826:,1747647682008
counter/2/0/0/0,24548:1747647670306:,1747647682008
counter/3/0/0/0,19256:1747647665826:,1747647682008
counter/2/0/0/0,24549:1747647670312:,1747647682008
counter/3/0/0/0,19257:1747647665826:,1747647682008
counter/2/0/0/0,24550:1747647670313:,1747647682008
counter/3/0/0/0,19258:1747647665827:,1747647682008
counter/2/0/0/0,24551:1747647670313:,1747647682008
counter/3/0/0/0,19259:1747647665827:,1747647682008
counter/2/0/0/0,24552:1747647670313:,1747647682008
counter/3/0/0/0,19260:1747647665827:,1747647682008
counter/2/0/0/0,24553:1747647670313:,1747647682008
counter/3/0/0/0,19261:1747647665827:,1747647682008
counter/2/0/0/0,24554:1747647670313:,1747647682008
counter/3/0/0/0,19262:1747647665827:,1747647682008
counter/2/0/0/0,24555:1747647670317:,1747647682008
counter/3/0/0/0,19263:1747647665827:,1747647682008
counter/2/0/0/0,24556:1747647670317:,1747647682008
counter/3/0/0/0,19264:1747647665827:,1747647682008
counter/2/0/0/0,24557:1747647670317:,1747647682008
counter/3/0/0/0,19265:1747647665827:,1747647682008
counter/2/0/0/0,24558:1747647670317:,1747647682008
counter/3/0/0/0,19266:1747647665827:,1747647682008
counter/2/0/0/0,24559:1747647670317:,1747647682008
counter/3/0/0/0,19267:1747647665827:,1747647682008
counter/2/0/0/0,24560:1747647670317:,1747647682008
counter/3/0/0/0,19268:1747647665827:,1747647682008
counter/2/0/0/0,24561:1747647670317:,1747647682008
counter/3/0/0/0,19269:1747647665827:,1747647682008
counter/2/0/0/0,24562:1747647670328:,1747647682008
counter/3/0/0/0,19270:1747647665827:,1747647682008
counter/2/0/0/0,24563:1747647670328:,1747647682008
counter/3/0/0/0,19271:1747647665827:,1747647682008
counter/2/0/0/0,24564:1747647670328:,1747647682008
counter/3/0/0/0,19272:1747647665828:,1747647682008
counter/2/0/0/0,24565:1747647670328:,1747647682008
counter/3/0/0/0,19273:1747647665828:,1747647682008
counter/2/0/0/0,24566:1747647670328:,1747647682009
counter/3/0/0/0,19274:1747647665828:,1747647682009
counter/2/0/0/0,24567:1747647670328:,1747647682009
counter/3/0/0/0,19275:1747647665829:,1747647682009
counter/2/0/0/0,24568:1747647670328:,1747647682009
counter/3/0/0/0,19276:1747647665831:,1747647682009
counter/2/0/0/0,24569:1747647670328:,1747647682009
counter/3/0/0/0,19277:1747647665831:,1747647682009
counter/2/0/0/0,24570:1747647670328:,1747647682009
counter/3/0/0/0,19278:1747647665831:,1747647682009
counter/2/0/0/0,24571:1747647670328:,1747647682009
counter/3/0/0/0,19279:1747647665831:,1747647682009
counter/2/0/0/0,24572:1747647670328:,1747647682009
counter/3/0/0/0,19280:1747647665831:,1747647682009
counter/2/0/0/0,24573:1747647670328:,1747647682009
counter/3/0/0/0,19281:1747647665831:,1747647682009
counter/2/0/0/0,24574:1747647670328:,1747647682009
counter/3/0/0/0,19282:1747647665831:,1747647682009
counter/2/0/0/0,24575:1747647670329:,1747647682009
counter/3/0/0/0,19283:1747647665832:,1747647682009
counter/2/0/0/0,24576:1747647670330:,1747647682009
counter/3/0/0/0,19284:1747647665832:,1747647682009
counter/2/0/0/0,24577:1747647670330:,1747647682009
counter/3/0/0/0,19285:1747647665832:,1747647682009
counter/2/0/0/0,24578:1747647670330:,1747647682009
counter/3/0/0/0,19286:1747647665832:,1747647682009
counter/2/0/0/0,24579:1747647670330:,1747647682009
counter/3/0/0/0,19287:1747647665832:,1747647682009
counter/2/0/0/0,24580:1747647670330:,1747647682009
counter/3/0/0/0,19288:1747647665832:,1747647682009
counter/2/0/0/0,24581:1747647670330:,1747647682009
counter/3/0/0/0,19289:1747647665833:,1747647682009
counter/2/0/0/0,24582:1747647670355:,1747647682009
counter/3/0/0/0,19290:1747647665837:,1747647682009
counter/2/0/0/0,24583:1747647670355:,1747647682009
counter/3/0/0/0,19291:1747647665837:,1747647682009
counter/2/0/0/0,24584:1747647670355:,1747647682009
counter/3/0/0/0,19292:1747647665837:,1747647682009
counter/2/0/0/0,24585:1747647670355:,1747647682009
counter/3/0/0/0,19293:1747647665837:,1747647682009
counter/2/0/0/0,24586:1747647670355:,1747647682009
counter/3/0/0/0,19294:1747647665837:,1747647682010
counter/2/0/0/0,24587:1747647670355:,1747647682010
counter/10/0/0/0,19191:1747647664896:,1747647682010
counter/3/0/0/0,19295:1747647665837:,1747647682010
counter/2/0/0/0,24588:1747647670355:,1747647682010
counter/7/0/0/0,20061:1747647665385:,1747647682010
counter/3/0/0/0,19296:1747647665837:,1747647682010
counter/2/0/0/0,24589:1747647670355:,1747647682010
counter/8/0/0/0,22900:1747647667525:,1747647682010
counter/3/0/0/0,19297:1747647665837:,1747647682010
counter/2/0/0/0,24590:1747647670355:,1747647682010
counter/1/0/0/0,19745:1747647665994:,1747647682010
counter/3/0/0/0,19298:1747647665837:,1747647682010
counter/2/0/0/0,24591:1747647670355:,1747647682010
counter/3/0/0/0,19299:1747647665841:,1747647682010
counter/2/0/0/0,24592:1747647670355:,1747647682010
counter/3/0/0/0,19300:1747647665841:,1747647682010
counter/2/0/0/0,24593:1747647670355:,1747647682010
counter/3/0/0/0,19301:1747647665841:,1747647682010
counter/2/0/0/0,24594:1747647670355:,1747647682010
counter/5/0/0/0,21817:1747647667336:,1747647682010
counter/3/0/0/0,19302:1747647665841:,1747647682010
counter/2/0/0/0,24595:1747647670355:,1747647682010
counter/10/0/0/0,19192:1747647664896:,1747647682010
counter/3/0/0/0,19303:1747647665841:,1747647682010
counter/2/0/0/0,24596:1747647670355:,1747647682010
counter/7/0/0/0,20062:1747647665385:,1747647682010
counter/3/0/0/0,19304:1747647665841:,1747647682010
counter/2/0/0/0,24597:1747647670355:,1747647682010
counter/8/0/0/0,22901:1747647667525:,1747647682010
counter/1/0/0/0,19746:1747647665994:,1747647682010
counter/3/0/0/0,19305:1747647665841:,1747647682010
counter/2/0/0/0,24598:1747647670355:,1747647682010
counter/6/0/0/0,20443:1747647667171:,1747647682010
counter/4/0/0/0,18999:1747647665871:,1747647682010
counter/3/0/0/0,19306:1747647665841:,1747647682010
counter/2/0/0/0,24599:1747647670355:,1747647682010
counter/3/0/0/0,19307:1747647665841:,1747647682010
counter/2/0/0/0,24600:1747647670356:,1747647682010
counter/9/0/0/0,24915:1747647668521:,1747647682010
counter/5/0/0/0,21818:1747647667336:,1747647682011
counter/3/0/0/0,19308:1747647665841:,1747647682011
counter/2/0/0/0,24601:1747647670356:,1747647682011
counter/3/0/0/0,19309:1747647665841:,1747647682011
counter/2/0/0/0,24602:1747647670356:,1747647682011
counter/3/0/0/0,19310:1747647665841:,1747647682011
counter/2/0/0/0,24603:1747647670356:,1747647682011
counter/3/0/0/0,19311:1747647665841:,1747647682011
counter/2/0/0/0,24604:1747647670356:,1747647682011
counter/3/0/0/0,19312:1747647665841:,1747647682011
counter/2/0/0/0,24605:1747647670356:,1747647682011
counter/9/0/0/0,24916:1747647668521:,1747647682011
counter/3/0/0/0,19313:1747647665847:,1747647682011
counter/2/0/0/0,24606:1747647670356:,1747647682011
counter/5/0/0/0,21819:1747647667336:,1747647682011
counter/7/0/0/0,20063:1747647665385:,1747647682011
counter/3/0/0/0,19314:1747647665847:,1747647682011
counter/2/0/0/0,24607:1747647670364:,1747647682011
counter/8/0/0/0,22902:1747647667525:,1747647682011
counter/6/0/0/0,20444:1747647667171:,1747647682011
counter/1/0/0/0,19747:1747647665994:,1747647682011
counter/3/0/0/0,19315:1747647665847:,1747647682011
counter/2/0/0/0,24608:1747647670364:,1747647682011
counter/1/0/0/0,19748:1747647665994:,1747647682011
counter/3/0/0/0,19316:1747647665847:,1747647682011
counter/2/0/0/0,24609:1747647670364:,1747647682011
counter/1/0/0/0,19749:1747647665994:,1747647682011
counter/3/0/0/0,19317:1747647665847:,1747647682011
counter/2/0/0/0,24610:1747647670364:,1747647682011
counter/1/0/0/0,19750:1747647666001:,1747647682011
counter/3/0/0/0,19318:1747647665847:,1747647682011
counter/2/0/0/0,24611:1747647670364:,1747647682011
counter/1/0/0/0,19751:1747647666001:,1747647682011
counter/3/0/0/0,19319:1747647665847:,1747647682011
counter/2/0/0/0,24612:1747647670364:,1747647682011
counter/1/0/0/0,19752:1747647666001:,1747647682011
counter/3/0/0/0,19320:1747647665847:,1747647682011
counter/2/0/0/0,24613:1747647670364:,1747647682011
counter/1/0/0/0,19753:1747647666001:,1747647682011
counter/3/0/0/0,19321:1747647665847:,1747647682011
counter/2/0/0/0,24614:1747647670364:,1747647682012
counter/1/0/0/0,19754:1747647666001:,1747647682012
counter/3/0/0/0,19322:1747647665847:,1747647682012
counter/2/0/0/0,24615:1747647670364:,1747647682012
counter/1/0/0/0,19755:1747647666004:,1747647682012
counter/3/0/0/0,19323:1747647665848:,1747647682012
counter/2/0/0/0,24616:1747647670364:,1747647682012
counter/1/0/0/0,19756:1747647666004:,1747647682012
counter/3/0/0/0,19324:1747647665848:,1747647682012
counter/2/0/0/0,24617:1747647670364:,1747647682012
counter/1/0/0/0,19757:1747647666004:,1747647682012
counter/3/0/0/0,19325:1747647665848:,1747647682012
counter/2/0/0/0,24618:1747647670364:,1747647682012
counter/1/0/0/0,19758:1747647666013:,1747647682012
counter/3/0/0/0,19326:1747647665848:,1747647682012
counter/2/0/0/0,24619:1747647670364:,1747647682012
counter/1/0/0/0,19759:1747647666013:,1747647682012
counter/3/0/0/0,19327:1747647665852:,1747647682012
counter/2/0/0/0,24620:1747647670364:,1747647682012
counter/1/0/0/0,19760:1747647666013:,1747647682012
counter/3/0/0/0,19328:1747647665852:,1747647682012
counter/2/0/0/0,24621:1747647670378:,1747647682012
counter/1/0/0/0,19761:1747647666013:,1747647682012
counter/3/0/0/0,19329:1747647665852:,1747647682012
counter/2/0/0/0,24622:1747647670378:,1747647682012
counter/1/0/0/0,19762:1747647666013:,1747647682012
counter/3/0/0/0,19330:1747647665852:,1747647682012
counter/2/0/0/0,24623:1747647670397:,1747647682012
counter/1/0/0/0,19763:1747647666013:,1747647682012
counter/3/0/0/0,19331:1747647665852:,1747647682012
counter/2/0/0/0,24624:1747647670397:,1747647682012
counter/1/0/0/0,19764:1747647666013:,1747647682013
counter/3/0/0/0,19332:1747647665852:,1747647682013
counter/2/0/0/0,24625:1747647670397:,1747647682013
counter/1/0/0/0,19765:1747647666013:,1747647682013
counter/3/0/0/0,19333:1747647665852:,1747647682013
counter/2/0/0/0,24626:1747647670397:,1747647682013
counter/1/0/0/0,19766:1747647666013:,1747647682013
counter/3/0/0/0,19334:1747647665852:,1747647682013
counter/2/0/0/0,24627:1747647670397:,1747647682013
counter/1/0/0/0,19767:1747647666013:,1747647682013
counter/3/0/0/0,19335:1747647665852:,1747647682013
counter/2/0/0/0,24628:1747647670397:,1747647682013
counter/1/0/0/0,19768:1747647666013:,1747647682013
counter/3/0/0/0,19336:1747647665852:,1747647682013
counter/2/0/0/0,24629:1747647670397:,1747647682013
counter/1/0/0/0,19769:1747647666013:,1747647682013
counter/3/0/0/0,19337:1747647665852:,1747647682013
counter/2/0/0/0,24630:1747647670397:,1747647682013
counter/1/0/0/0,19770:1747647666013:,1747647682013
counter/5/0/0/0,21820:1747647667336:,1747647682013
counter/3/0/0/0,19338:1747647665855:,1747647682013
counter/2/0/0/0,24631:1747647670397:,1747647682013
counter/1/0/0/0,19771:1747647666013:,1747647682013
counter/5/0/0/0,21821:1747647667336:,1747647682013
counter/3/0/0/0,19339:1747647665855:,1747647682013
counter/2/0/0/0,24632:1747647670397:,1747647682013
counter/1/0/0/0,19772:1747647666013:,1747647682013
counter/5/0/0/0,21822:1747647667336:,1747647682013
counter/3/0/0/0,19340:1747647665855:,1747647682013
counter/2/0/0/0,24633:1747647670397:,1747647682013
counter/1/0/0/0,19773:1747647666013:,1747647682013
counter/5/0/0/0,21823:1747647667336:,1747647682013
counter/3/0/0/0,19341:1747647665856:,1747647682013
counter/2/0/0/0,24634:1747647670397:,1747647682013
counter/1/0/0/0,19774:1747647666014:,1747647682013
counter/5/0/0/0,21824:1747647667338:,1747647682013
counter/6/0/0/0,20445:1747647667171:,1747647682013
counter/3/0/0/0,19342:1747647665856:,1747647682013
counter/2/0/0/0,24635:1747647670397:,1747647682013
counter/1/0/0/0,19775:1747647666014:,1747647682014
counter/5/0/0/0,21825:1747647667338:,1747647682014
counter/3/0/0/0,19343:1747647665856:,1747647682014
counter/2/0/0/0,24636:1747647670397:,1747647682014
counter/1/0/0/0,19776:1747647666014:,1747647682014
counter/5/0/0/0,21826:1747647667358:,1747647682014
counter/3/0/0/0,19344:1747647665856:,1747647682014
counter/2/0/0/0,24637:1747647670397:,1747647682014
counter/1/0/0/0,19777:1747647666014:,1747647682014
counter/5/0/0/0,21827:1747647667358:,1747647682014
counter/3/0/0/0,19345:1747647665856:,1747647682014
counter/2/0/0/0,24638:1747647670416:,1747647682014
counter/1/0/0/0,19778:1747647666014:,1747647682014
counter/5/0/0/0,21828:1747647667358:,1747647682014
counter/3/0/0/0,19346:1747647665856:,1747647682014
counter/2/0/0/0,24639:1747647670416:,1747647682014
counter/1/0/0/0,19779:1747647666014:,1747647682014
counter/5/0/0/0,21829:1747647667358:,1747647682014
counter/10/0/0/0,19193:1747647664896:,1747647682014
counter/3/0/0/0,19347:1747647665856:,1747647682014
counter/2/0/0/0,24640:1747647670416:,1747647682014
counter/1/0/0/0,19780:1747647666014:,1747647682014
counter/9/0/0/0,24917:1747647668537:,1747647682014
counter/3/0/0/0,19348:1747647665856:,1747647682014
counter/2/0/0/0,24641:1747647670416:,1747647682014
counter/1/0/0/0,19781:1747647666014:,1747647682014
counter/3/0/0/0,19349:1747647665856:,1747647682014
counter/1/0/0/0,19782:1747647666014:,1747647682014
counter/3/0/0/0,19350:1747647665856:,1747647682014
counter/1/0/0/0,19783:1747647666014:,1747647682014
counter/3/0/0/0,19351:1747647665858:,1747647682014
counter/1/0/0/0,19784:1747647666014:,1747647682014
counter/3/0/0/0,19352:1747647665858:,1747647682014
counter/1/0/0/0,19785:1747647666014:,1747647682014
counter/3/0/0/0,19353:1747647665858:,1747647682014
counter/1/0/0/0,19786:1747647666024:,1747647682014
counter/3/0/0/0,19354:1747647665858:,1747647682014
counter/1/0/0/0,19787:1747647666024:,1747647682014
counter/3/0/0/0,19355:1747647665858:,1747647682014
counter/1/0/0/0,19788:1747647666024:,1747647682014
counter/3/0/0/0,19356:1747647665859:,1747647682014
counter/1/0/0/0,19789:1747647666025:,1747647682015
counter/3/0/0/0,19357:1747647665859:,1747647682015
counter/1/0/0/0,19790:1747647666025:,1747647682015
counter/3/0/0/0,19358:1747647665859:,1747647682015
counter/1/0/0/0,19791:1747647666025:,1747647682015
counter/3/0/0/0,19359:1747647665859:,1747647682015
counter/1/0/0/0,19792:1747647666025:,1747647682015
counter/9/0/0/0,24918:1747647668537:,1747647682015
counter/3/0/0/0,19360:1747647665859:,1747647682015
counter/1/0/0/0,19793:1747647666025:,1747647682015
counter/5/0/0/0,21830:1747647667358:,1747647682015
counter/3/0/0/0,19361:1747647665859:,1747647682015
counter/1/0/0/0,19794:1747647666025:,1747647682015
counter/5/0/0/0,21831:1747647667358:,1747647682015
counter/3/0/0/0,19362:1747647665859:,1747647682015
counter/1/0/0/0,19795:1747647666025:,1747647682015
counter/5/0/0/0,21832:1747647667359:,1747647682015
counter/3/0/0/0,19363:1747647665859:,1747647682015
counter/1/0/0/0,19796:1747647666025:,1747647682015
counter/5/0/0/0,21833:1747647667359:,1747647682015
counter/3/0/0/0,19364:1747647665859:,1747647682015
counter/1/0/0/0,19797:1747647666025:,1747647682015
counter/5/0/0/0,21834:1747647667359:,1747647682015
counter/3/0/0/0,19365:1747647665859:,1747647682015
counter/1/0/0/0,19798:1747647666025:,1747647682015
counter/5/0/0/0,21835:1747647667359:,1747647682015
counter/3/0/0/0,19366:1747647665866:,1747647682015
counter/1/0/0/0,19799:1747647666025:,1747647682015
counter/5/0/0/0,21836:1747647667359:,1747647682015
counter/3/0/0/0,19367:1747647665869:,1747647682015
counter/1/0/0/0,19800:1747647666025:,1747647682015
counter/5/0/0/0,21837:1747647667359:,1747647682015
counter/3/0/0/0,19368:1747647665869:,1747647682015
counter/1/0/0/0,19801:1747647666025:,1747647682015
counter/5/0/0/0,21838:1747647667359:,1747647682015
counter/3/0/0/0,19369:1747647665869:,1747647682015
counter/1/0/0/0,19802:1747647666025:,1747647682015
counter/5/0/0/0,21839:1747647667359:,1747647682015
counter/3/0/0/0,19370:1747647665869:,1747647682015
counter/1/0/0/0,19803:1747647666025:,1747647682015
counter/5/0/0/0,21840:1747647667359:,1747647682016
counter/4/0/0/0,19000:1747647665871:,1747647682016
counter/10/0/0/0,19194:1747647664896:,1747647682016
counter/3/0/0/0,19371:1747647665869:,1747647682016
counter/1/0/0/0,19804:1747647666026:,1747647682016
counter/5/0/0/0,21841:1747647667360:,1747647682016
counter/9/0/0/0,24919:1747647668537:,1747647682016
counter/3/0/0/0,19372:1747647665869:,1747647682016
counter/1/0/0/0,19805:1747647666026:,1747647682016
counter/5/0/0/0,21842:1747647667360:,1747647682016
counter/9/0/0/0,24920:1747647668537:,1747647682016
counter/3/0/0/0,19373:1747647665871:,1747647682016
counter/1/0/0/0,19806:1747647666029:,1747647682016
counter/5/0/0/0,21843:1747647667360:,1747647682016
counter/9/0/0/0,24921:1747647668537:,1747647682016
counter/3/0/0/0,19374:1747647665872:,1747647682016
counter/1/0/0/0,19807:1747647666029:,1747647682016
counter/5/0/0/0,21844:1747647667360:,1747647682016
counter/9/0/0/0,24922:1747647668538:,1747647682016
counter/3/0/0/0,19375:1747647665872:,1747647682016
counter/1/0/0/0,19808:1747647666029:,1747647682016
counter/5/0/0/0,21845:1747647667360:,1747647682016
counter/9/0/0/0,24923:1747647668538:,1747647682016
counter/3/0/0/0,19376:1747647665872:,1747647682016
counter/1/0/0/0,19809:1747647666029:,1747647682016
counter/5/0/0/0,21846:1747647667367:,1747647682016
counter/9/0/0/0,24924:1747647668538:,1747647682016
counter/3/0/0/0,19377:1747647665872:,1747647682016
counter/1/0/0/0,19810:1747647666029:,1747647682016
counter/5/0/0/0,21847:1747647667367:,1747647682016
counter/9/0/0/0,24925:1747647668538:,1747647682016
counter/3/0/0/0,19378:1747647665872:,1747647682016
counter/1/0/0/0,19811:1747647666029:,1747647682016
counter/5/0/0/0,21848:1747647667367:,1747647682016
counter/9/0/0/0,24926:1747647668538:,1747647682016
counter/3/0/0/0,19379:1747647665872:,1747647682016
counter/1/0/0/0,19812:1747647666029:,1747647682016
counter/5/0/0/0,21849:1747647667368:,1747647682016
counter/9/0/0/0,24927:1747647668538:,1747647682016
counter/3/0/0/0,19380:1747647665872:,1747647682017
counter/1/0/0/0,19813:1747647666029:,1747647682017
counter/5/0/0/0,21850:1747647667368:,1747647682017
counter/9/0/0/0,24928:1747647668538:,1747647682017
counter/3/0/0/0,19381:1747647665872:,1747647682017
counter/1/0/0/0,19814:1747647666029:,1747647682017
counter/5/0/0/0,21851:1747647667368:,1747647682017
counter/9/0/0/0,24929:1747647668538:,1747647682017
counter/3/0/0/0,19382:1747647665872:,1747647682017
counter/1/0/0/0,19815:1747647666029:,1747647682017
counter/9/0/0/0,24930:1747647668538:,1747647682017
counter/3/0/0/0,19383:1747647665874:,1747647682017
counter/1/0/0/0,19816:1747647666029:,1747647682017
counter/9/0/0/0,24931:1747647668540:,1747647682017
counter/3/0/0/0,19384:1747647665874:,1747647682017
counter/1/0/0/0,19817:1747647666029:,1747647682017
counter/9/0/0/0,24932:1747647668540:,1747647682017
counter/3/0/0/0,19385:1747647665874:,1747647682017
counter/1/0/0/0,19818:1747647666029:,1747647682017
counter/9/0/0/0,24933:1747647668542:,1747647682017
counter/3/0/0/0,19386:1747647665874:,1747647682017
counter/1/0/0/0,19819:1747647666029:,1747647682017
counter/9/0/0/0,24934:1747647668559:,1747647682017
counter/3/0/0/0,19387:1747647665874:,1747647682017
counter/1/0/0/0,19820:1747647666029:,1747647682017
counter/9/0/0/0,24935:1747647668559:,1747647682017
counter/3/0/0/0,19388:1747647665874:,1747647682017
counter/1/0/0/0,19821:1747647666029:,1747647682017
counter/9/0/0/0,24936:1747647668559:,1747647682017
counter/3/0/0/0,19389:1747647665874:,1747647682017
counter/1/0/0/0,19822:1747647666029:,1747647682017
counter/9/0/0/0,24937:1747647668559:,1747647682017
counter/3/0/0/0,19390:1747647665874:,1747647682017
counter/1/0/0/0,19823:1747647666029:,1747647682017
counter/9/0/0/0,24938:1747647668559:,1747647682017
counter/3/0/0/0,19391:1747647665879:,1747647682017
counter/9/0/0/0,24939:1747647668559:,1747647682017
counter/3/0/0/0,19392:1747647665880:,1747647682017
counter/9/0/0/0,24940:1747647668559:,1747647682017
counter/3/0/0/0,19393:1747647665880:,1747647682017
counter/9/0/0/0,24941:1747647668559:,1747647682017
counter/3/0/0/0,19394:1747647665880:,1747647682017
counter/9/0/0/0,24942:1747647668559:,1747647682017
counter/3/0/0/0,19395:1747647665880:,1747647682017
counter/9/0/0/0,24943:1747647668559:,1747647682018
counter/3/0/0/0,19396:1747647665880:,1747647682018
counter/9/0/0/0,24944:1747647668563:,1747647682018
counter/3/0/0/0,19397:1747647665880:,1747647682018
counter/9/0/0/0,24945:1747647668563:,1747647682018
counter/3/0/0/0,19398:1747647665880:,1747647682018
counter/9/0/0/0,24946:1747647668563:,1747647682018
counter/3/0/0/0,19399:1747647665880:,1747647682018
counter/9/0/0/0,24947:1747647668563:,1747647682018
counter/3/0/0/0,19400:1747647665880:,1747647682018
counter/9/0/0/0,24948:1747647668563:,1747647682018
counter/3/0/0/0,19401:1747647665880:,1747647682018
counter/9/0/0/0,24949:1747647668563:,1747647682018
counter/3/0/0/0,19402:1747647665880:,1747647682018
counter/9/0/0/0,24950:1747647668563:,1747647682018
counter/3/0/0/0,19403:1747647665880:,1747647682018
counter/9/0/0/0,24951:1747647668563:,1747647682018
counter/3/0/0/0,19404:1747647665880:,1747647682018
counter/9/0/0/0,24952:1747647668563:,1747647682018
counter/3/0/0/0,19405:1747647665880:,1747647682018
counter/9/0/0/0,24953:1747647668563:,1747647682018
counter/3/0/0/0,19406:1747647665880:,1747647682018
counter/9/0/0/0,24954:1747647668563:,1747647682018
counter/3/0/0/0,19407:1747647665880:,1747647682018
counter/9/0/0/0,24955:1747647668563:,1747647682018
counter/3/0/0/0,19408:1747647665880:,1747647682018
counter/9/0/0/0,24956:1747647668563:,1747647682018
counter/3/0/0/0,19409:1747647665880:,1747647682018
counter/9/0/0/0,24957:1747647668563:,1747647682018
counter/3/0/0/0,19410:1747647665880:,1747647682018
counter/9/0/0/0,24958:1747647668563:,1747647682018
counter/3/0/0/0,19411:1747647665880:,1747647682018
counter/9/0/0/0,24959:1747647668563:,1747647682018
counter/3/0/0/0,19412:1747647665880:,1747647682018
counter/9/0/0/0,24960:1747647668563:,1747647682018
counter/1/0/0/0,19824:1747647666029:,1747647682018
counter/3/0/0/0,19413:1747647665880:,1747647682018
counter/9/0/0/0,24961:1747647668563:,1747647682018
counter/10/0/0/0,19195:1747647664896:,1747647682018
counter/3/0/0/0,19414:1747647665880:,1747647682018
counter/9/0/0/0,24962:1747647668563:,1747647682018
counter/6/0/0/0,20446:1747647667172:,1747647682019
counter/3/0/0/0,19415:1747647665880:,1747647682019
counter/9/0/0/0,24963:1747647668563:,1747647682019
counter/2/0/0/0,24642:1747647670416:,1747647682019
counter/3/0/0/0,19416:1747647665880:,1747647682019
counter/9/0/0/0,24964:1747647668563:,1747647682019
counter/6/0/0/0,20447:1747647667172:,1747647682019
counter/5/0/0/0,21852:1747647667368:,1747647682019
counter/3/0/0/0,19417:1747647665880:,1747647682019
counter/9/0/0/0,24965:1747647668564:,1747647682019
counter/6/0/0/0,20448:1747647667172:,1747647682019
counter/5/0/0/0,21853:1747647667374:,1747647682019
counter/1/0/0/0,19825:1747647666029:,1747647682019
counter/3/0/0/0,19418:1747647665880:,1747647682019
counter/9/0/0/0,24966:1747647668564:,1747647682019
counter/5/0/0/0,21854:1747647667374:,1747647682019
counter/3/0/0/0,19419:1747647665898:,1747647682019
counter/9/0/0/0,24967:1747647668564:,1747647682019
counter/5/0/0/0,21855:1747647667374:,1747647682019
counter/10/0/0/0,19196:1747647664896:,1747647682019
counter/3/0/0/0,19420:1747647665899:,1747647682019
counter/9/0/0/0,24968:1747647668570:,1747647682019
counter/5/0/0/0,21856:1747647667374:,1747647682019
counter/4/0/0/0,19001:1747647665871:,1747647682019
counter/3/0/0/0,19421:1747647665899:,1747647682019
counter/9/0/0/0,24969:1747647668592:,1747647682019
counter/5/0/0/0,21857:1747647667374:,1747647682019
counter/3/0/0/0,19422:1747647665899:,1747647682019
counter/9/0/0/0,24970:1747647668592:,1747647682019
counter/5/0/0/0,21858:1747647667374:,1747647682019
counter/3/0/0/0,19423:1747647665899:,1747647682019
counter/9/0/0/0,24971:1747647668595:,1747647682019
counter/5/0/0/0,21859:1747647667374:,1747647682019
counter/3/0/0/0,19424:1747647665899:,1747647682019
counter/9/0/0/0,24972:1747647668595:,1747647682019
counter/5/0/0/0,21860:1747647667374:,1747647682019
counter/3/0/0/0,19425:1747647665899:,1747647682019
counter/9/0/0/0,24973:1747647668595:,1747647682019
counter/5/0/0/0,21861:1747647667375:,1747647682019
counter/3/0/0/0,19426:1747647665899:,1747647682019
counter/9/0/0/0,24974:1747647668595:,1747647682019
counter/3/0/0/0,19427:1747647665899:,1747647682019
counter/9/0/0/0,24975:1747647668595:,1747647682019
counter/3/0/0/0,19428:1747647665899:,1747647682019
counter/9/0/0/0,24976:1747647668595:,1747647682020
counter/3/0/0/0,19429:1747647665899:,1747647682020
counter/9/0/0/0,24977:1747647668595:,1747647682020
counter/3/0/0/0,19430:1747647665899:,1747647682020
counter/9/0/0/0,24978:1747647668595:,1747647682020
counter/3/0/0/0,19431:1747647665899:,1747647682020
counter/9/0/0/0,24979:1747647668595:,1747647682020
counter/3/0/0/0,19432:1747647665899:,1747647682020
counter/9/0/0/0,24980:1747647668595:,1747647682020
counter/3/0/0/0,19433:1747647665899:,1747647682020
counter/9/0/0/0,24981:1747647668609:,1747647682020
counter/3/0/0/0,19434:1747647665901:,1747647682020
counter/9/0/0/0,24982:1747647668609:,1747647682020
counter/3/0/0/0,19435:1747647665917:,1747647682020
counter/9/0/0/0,24983:1747647668612:,1747647682020
counter/3/0/0/0,19436:1747647665917:,1747647682020
counter/9/0/0/0,24984:1747647668612:,1747647682020
counter/3/0/0/0,19437:1747647665917:,1747647682020
counter/9/0/0/0,24985:1747647668612:,1747647682020
counter/3/0/0/0,19438:1747647665917:,1747647682020
counter/9/0/0/0,24986:1747647668612:,1747647682020
counter/3/0/0/0,19439:1747647665917:,1747647682020
counter/9/0/0/0,24987:1747647668620:,1747647682020
counter/3/0/0/0,19440:1747647665923:,1747647682020
counter/9/0/0/0,24988:1747647668620:,1747647682020
counter/3/0/0/0,19441:1747647665923:,1747647682020
counter/9/0/0/0,24989:1747647668620:,1747647682020
counter/3/0/0/0,19442:1747647665923:,1747647682020
counter/9/0/0/0,24990:1747647668620:,1747647682020
counter/3/0/0/0,19443:1747647665923:,1747647682020
counter/9/0/0/0,24991:1747647668620:,1747647682020
counter/3/0/0/0,19444:1747647665923:,1747647682020
counter/9/0/0/0,24992:1747647668620:,1747647682020
counter/3/0/0/0,19445:1747647665923:,1747647682020
counter/9/0/0/0,24993:1747647668620:,1747647682020
counter/3/0/0/0,19446:1747647665923:,1747647682020
counter/9/0/0/0,24994:1747647668620:,1747647682020
counter/3/0/0/0,19447:1747647665923:,1747647682020
counter/9/0/0/0,24995:1747647668620:,1747647682020
counter/3/0/0/0,19448:1747647665923:,1747647682020
counter/9/0/0/0,24996:1747647668620:,1747647682020
counter/3/0/0/0,19449:1747647665923:,1747647682021
counter/9/0/0/0,24997:1747647668620:,1747647682021
counter/3/0/0/0,19450:1747647665923:,1747647682021
counter/9/0/0/0,24998:1747647668620:,1747647682021
counter/3/0/0/0,19451:1747647665931:,1747647682021
counter/9/0/0/0,24999:1747647668620:,1747647682021
counter/3/0/0/0,19452:1747647665931:,1747647682021
counter/9/0/0/0,25000:1747647668627:,1747647682021
counter/3/0/0/0,19453:1747647665931:,1747647682021
counter/9/0/0/0,25001:1747647668627:,1747647682021
counter/7/0/0/0,20064:1747647665385:,1747647682021
counter/3/0/0/0,19454:1747647665931:,1747647682021
counter/9/0/0/0,25002:1747647668627:,1747647682021
counter/7/0/0/0,20065:1747647665385:,1747647682021
counter/10/0/0/0,19197:1747647664896:,1747647682021
counter/3/0/0/0,19455:1747647665931:,1747647682021
counter/9/0/0/0,25003:1747647668627:,1747647682021
counter/4/0/0/0,19002:1747647665871:,1747647682021
counter/3/0/0/0,19456:1747647665937:,1747647682021
counter/9/0/0/0,25004:1747647668627:,1747647682021
counter/8/0/0/0,22903:1747647667525:,1747647682021
counter/3/0/0/0,19457:1747647665937:,1747647682021
counter/9/0/0/0,25005:1747647668627:,1747647682021
counter/8/0/0/0,22904:1747647667525:,1747647682021
counter/3/0/0/0,19458:1747647665943:,1747647682021
counter/9/0/0/0,25006:1747647668627:,1747647682021
counter/8/0/0/0,22905:1747647667525:,1747647682021
counter/3/0/0/0,19459:1747647665951:,1747647682021
counter/9/0/0/0,25007:1747647668627:,1747647682021
counter/8/0/0/0,22906:1747647667525:,1747647682021
counter/3/0/0/0,19460:1747647665952:,1747647682021
counter/9/0/0/0,25008:1747647668627:,1747647682021
counter/8/0/0/0,22907:1747647667525:,1747647682021
counter/6/0/0/0,20449:1747647667172:,1747647682021
counter/3/0/0/0,19461:1747647665952:,1747647682021
counter/9/0/0/0,25009:1747647668627:,1747647682021
counter/8/0/0/0,22908:1747647667525:,1747647682021
counter/10/0/0/0,19198:1747647664896:,1747647682021
counter/3/0/0/0,19462:1747647665952:,1747647682021
counter/9/0/0/0,25010:1747647668628:,1747647682021
counter/8/0/0/0,22909:1747647667525:,1747647682021
counter/7/0/0/0,20066:1747647665385:,1747647682021
counter/4/0/0/0,19003:1747647665871:,1747647682021
counter/3/0/0/0,19463:1747647665952:,1747647682021
counter/9/0/0/0,25011:1747647668628:,1747647682022
counter/8/0/0/0,22910:1747647667525:,1747647682022
counter/2/0/0/0,24643:1747647670416:,1747647682022
counter/3/0/0/0,19464:1747647665952:,1747647682022
counter/9/0/0/0,25012:1747647668628:,1747647682022
counter/8/0/0/0,22911:1747647667525:,1747647682022
counter/3/0/0/0,19465:1747647665952:,1747647682022
counter/9/0/0/0,25013:1747647668628:,1747647682022
counter/8/0/0/0,22912:1747647667525:,1747647682022
counter/3/0/0/0,19466:1747647665952:,1747647682022
counter/9/0/0/0,25014:1747647668628:,1747647682022
counter/8/0/0/0,22913:1747647667525:,1747647682022
counter/7/0/0/0,20067:1747647665385:,1747647682022
counter/3/0/0/0,19467:1747647665952:,1747647682022
counter/9/0/0/0,25015:1747647668628:,1747647682022
counter/8/0/0/0,22914:1747647667525:,1747647682022
counter/7/0/0/0,20068:1747647665385:,1747647682022
counter/3/0/0/0,19468:1747647665952:,1747647682022
counter/9/0/0/0,25016:1747647668628:,1747647682022
counter/8/0/0/0,22915:1747647667526:,1747647682022
counter/7/0/0/0,20069:1747647665385:,1747647682022
counter/3/0/0/0,19469:1747647665952:,1747647682022
counter/9/0/0/0,25017:1747647668628:,1747647682022
counter/8/0/0/0,22916:1747647667526:,1747647682022
counter/7/0/0/0,20070:1747647665385:,1747647682022
counter/3/0/0/0,19470:1747647665952:,1747647682022
counter/9/0/0/0,25018:1747647668628:,1747647682022
counter/8/0/0/0,22917:1747647667526:,1747647682022
counter/7/0/0/0,20071:1747647665385:,1747647682022
counter/3/0/0/0,19471:1747647665959:,1747647682022
counter/9/0/0/0,25019:1747647668628:,1747647682022
counter/8/0/0/0,22918:1747647667526:,1747647682022
counter/7/0/0/0,20072:1747647665385:,1747647682022
counter/3/0/0/0,19472:1747647665960:,1747647682022
counter/9/0/0/0,25020:1747647668628:,1747647682022
counter/8/0/0/0,22919:1747647667526:,1747647682022
counter/7/0/0/0,20073:1747647665385:,1747647682022
counter/3/0/0/0,19473:1747647665960:,1747647682022
counter/9/0/0/0,25021:1747647668629:,1747647682022
counter/8/0/0/0,22920:1747647667533:,1747647682022
counter/7/0/0/0,20074:1747647665385:,1747647682022
counter/3/0/0/0,19474:1747647665960:,1747647682023
counter/9/0/0/0,25022:1747647668629:,1747647682023
counter/7/0/0/0,20075:1747647665385:,1747647682023
counter/3/0/0/0,19475:1747647665960:,1747647682023
counter/9/0/0/0,25023:1747647668629:,1747647682023
counter/7/0/0/0,20076:1747647665385:,1747647682023
counter/3/0/0/0,19476:1747647665960:,1747647682023
counter/9/0/0/0,25024:1747647668629:,1747647682023
counter/7/0/0/0,20077:1747647665385:,1747647682023
counter/3/0/0/0,19477:1747647665960:,1747647682023
counter/9/0/0/0,25025:1747647668629:,1747647682023
counter/7/0/0/0,20078:1747647665385:,1747647682023
counter/3/0/0/0,19478:1747647665960:,1747647682023
counter/9/0/0/0,25026:1747647668629:,1747647682023
counter/7/0/0/0,20079:1747647665385:,1747647682023
counter/3/0/0/0,19479:1747647665960:,1747647682023
counter/9/0/0/0,25027:1747647668629:,1747647682023
counter/7/0/0/0,20080:1747647665385:,1747647682023
counter/3/0/0/0,19480:1747647665960:,1747647682023
counter/9/0/0/0,25028:1747647668629:,1747647682023
counter/7/0/0/0,20081:1747647665385:,1747647682023
counter/3/0/0/0,19481:1747647665960:,1747647682023
counter/9/0/0/0,25029:1747647668629:,1747647682023
counter/7/0/0/0,20082:1747647665385:,1747647682023
counter/3/0/0/0,19482:1747647665960:,1747647682023
counter/9/0/0/0,25030:1747647668629:,1747647682023
counter/7/0/0/0,20083:1747647665385:,1747647682023
counter/3/0/0/0,19483:1747647665960:,1747647682023
counter/7/0/0/0,20084:1747647665385:,1747647682023
counter/3/0/0/0,19484:1747647665960:,1747647682023
counter/7/0/0/0,20085:1747647665385:,1747647682023
counter/3/0/0/0,19485:1747647665960:,1747647682023
counter/7/0/0/0,20086:1747647665385:,1747647682023
counter/3/0/0/0,19486:1747647665960:,1747647682023
counter/7/0/0/0,20087:1747647665388:,1747647682023
counter/3/0/0/0,19487:1747647665960:,1747647682023
counter/7/0/0/0,20088:1747647665388:,1747647682023
counter/3/0/0/0,19488:1747647665960:,1747647682023
counter/7/0/0/0,20089:1747647665389:,1747647682023
counter/3/0/0/0,19489:1747647665970:,1747647682023
counter/7/0/0/0,20090:1747647665389:,1747647682023
counter/3/0/0/0,19490:1747647665970:,1747647682023
counter/7/0/0/0,20091:1747647665389:,1747647682023
counter/3/0/0/0,19491:1747647665970:,1747647682023
counter/7/0/0/0,20092:1747647665389:,1747647682024
counter/3/0/0/0,19492:1747647665970:,1747647682024
counter/7/0/0/0,20093:1747647665389:,1747647682024
counter/3/0/0/0,19493:1747647665970:,1747647682024
counter/7/0/0/0,20094:1747647665389:,1747647682024
counter/3/0/0/0,19494:1747647665970:,1747647682024
counter/7/0/0/0,20095:1747647665389:,1747647682024
counter/3/0/0/0,19495:1747647665970:,1747647682024
counter/7/0/0/0,20096:1747647665389:,1747647682024
counter/3/0/0/0,19496:1747647665970:,1747647682024
counter/7/0/0/0,20097:1747647665390:,1747647682024
counter/3/0/0/0,19497:1747647665970:,1747647682024
counter/7/0/0/0,20098:1747647665390:,1747647682024
counter/3/0/0/0,19498:1747647665970:,1747647682024
counter/7/0/0/0,20099:1747647665390:,1747647682024
counter/3/0/0/0,19499:1747647665970:,1747647682024
counter/7/0/0/0,20100:1747647665390:,1747647682024
counter/3/0/0/0,19500:1747647665970:,1747647682024
counter/7/0/0/0,20101:1747647665390:,1747647682024
counter/3/0/0/0,19501:1747647665970:,1747647682024
counter/7/0/0/0,20102:1747647665390:,1747647682024
counter/3/0/0/0,19502:1747647665970:,1747647682024
counter/7/0/0/0,20103:1747647665390:,1747647682024
counter/3/0/0/0,19503:1747647665970:,1747647682024
counter/7/0/0/0,20104:1747647665390:,1747647682024
counter/3/0/0/0,19504:1747647665975:,1747647682024
counter/7/0/0/0,20105:1747647665390:,1747647682024
counter/3/0/0/0,19505:1747647665976:,1747647682024
counter/7/0/0/0,20106:1747647665390:,1747647682024
counter/3/0/0/0,19506:1747647665976:,1747647682024
counter/7/0/0/0,20107:1747647665390:,1747647682024
counter/3/0/0/0,19507:1747647665976:,1747647682024
counter/7/0/0/0,20108:1747647665390:,1747647682024
counter/3/0/0/0,19508:1747647665976:,1747647682024
counter/7/0/0/0,20109:1747647665390:,1747647682024
counter/3/0/0/0,19509:1747647665976:,1747647682024
counter/7/0/0/0,20110:1747647665390:,1747647682024
counter/3/0/0/0,19510:1747647665981:,1747647682024
counter/7/0/0/0,20111:1747647665390:,1747647682024
counter/3/0/0/0,19511:1747647665981:,1747647682024
counter/7/0/0/0,20112:1747647665390:,1747647682024
counter/3/0/0/0,19512:1747647665981:,1747647682024
counter/7/0/0/0,20113:1747647665390:,1747647682025
counter/3/0/0/0,19513:1747647665981:,1747647682025
counter/7/0/0/0,20114:1747647665391:,1747647682025
counter/3/0/0/0,19514:1747647665981:,1747647682025
counter/7/0/0/0,20115:1747647665391:,1747647682025
counter/3/0/0/0,19515:1747647665981:,1747647682025
counter/7/0/0/0,20116:1747647665391:,1747647682025
counter/3/0/0/0,19516:1747647665981:,1747647682025
counter/7/0/0/0,20117:1747647665391:,1747647682025
counter/3/0/0/0,19517:1747647665981:,1747647682025
counter/7/0/0/0,20118:1747647665391:,1747647682025
counter/5/0/0/0,21862:1747647667375:,1747647682025
counter/3/0/0/0,19518:1747647665989:,1747647682025
counter/7/0/0/0,20119:1747647665391:,1747647682025
counter/2/0/0/0,24644:1747647670416:,1747647682025
counter/8/0/0/0,22921:1747647667533:,1747647682025
counter/3/0/0/0,19519:1747647665989:,1747647682025
counter/7/0/0/0,20120:1747647665391:,1747647682025
counter/4/0/0/0,19004:1747647665871:,1747647682025
counter/3/0/0/0,19520:1747647665989:,1747647682025
counter/7/0/0/0,20121:1747647665391:,1747647682025
counter/3/0/0/0,19521:1747647665989:,1747647682025
counter/7/0/0/0,20122:1747647665392:,1747647682025
counter/3/0/0/0,19522:1747647665989:,1747647682025
counter/7/0/0/0,20123:1747647665392:,1747647682025
counter/3/0/0/0,19523:1747647665989:,1747647682025
counter/7/0/0/0,20124:1747647665392:,1747647682025
counter/3/0/0/0,19524:1747647665990:,1747647682025
counter/7/0/0/0,20125:1747647665392:,1747647682025
counter/3/0/0/0,19525:1747647665990:,1747647682025
counter/7/0/0/0,20126:1747647665392:,1747647682025
counter/3/0/0/0,19526:1747647665990:,1747647682025
counter/7/0/0/0,20127:1747647665392:,1747647682025
counter/3/0/0/0,19527:1747647665991:,1747647682025
counter/7/0/0/0,20128:1747647665392:,1747647682025
counter/3/0/0/0,19528:1747647665991:,1747647682025
counter/7/0/0/0,20129:1747647665392:,1747647682025
counter/3/0/0/0,19529:1747647665991:,1747647682025
counter/7/0/0/0,20130:1747647665392:,1747647682025
counter/3/0/0/0,19530:1747647665991:,1747647682026
counter/7/0/0/0,20131:1747647665392:,1747647682026
counter/3/0/0/0,19531:1747647665991:,1747647682026
counter/7/0/0/0,20132:1747647665392:,1747647682026
counter/3/0/0/0,19532:1747647665991:,1747647682026
counter/7/0/0/0,20133:1747647665399:,1747647682026
counter/3/0/0/0,19533:1747647665991:,1747647682026
counter/7/0/0/0,20134:1747647665399:,1747647682026
counter/3/0/0/0,19534:1747647665991:,1747647682026
counter/7/0/0/0,20135:1747647665399:,1747647682026
counter/3/0/0/0,19535:1747647665991:,1747647682026
counter/7/0/0/0,20136:1747647665399:,1747647682026
counter/3/0/0/0,19536:1747647665991:,1747647682026
counter/7/0/0/0,20137:1747647665399:,1747647682026
counter/3/0/0/0,19537:1747647665991:,1747647682026
counter/7/0/0/0,20138:1747647665399:,1747647682026
counter/3/0/0/0,19538:1747647665991:,1747647682026
counter/7/0/0/0,20139:1747647665399:,1747647682026
counter/3/0/0/0,19539:1747647665991:,1747647682026
counter/7/0/0/0,20140:1747647665399:,1747647682026
counter/3/0/0/0,19540:1747647665991:,1747647682026
counter/7/0/0/0,20141:1747647665399:,1747647682026
counter/3/0/0/0,19541:1747647665991:,1747647682026
counter/7/0/0/0,20142:1747647665399:,1747647682026
counter/3/0/0/0,19542:1747647665991:,1747647682026
counter/7/0/0/0,20143:1747647665399:,1747647682026
counter/3/0/0/0,19543:1747647665991:,1747647682026
counter/7/0/0/0,20144:1747647665399:,1747647682026
counter/3/0/0/0,19544:1747647665991:,1747647682026
counter/7/0/0/0,20145:1747647665399:,1747647682026
counter/3/0/0/0,19545:1747647665991:,1747647682026
counter/7/0/0/0,20146:1747647665399:,1747647682026
counter/3/0/0/0,19546:1747647665991:,1747647682026
counter/7/0/0/0,20147:1747647665399:,1747647682026
counter/3/0/0/0,19547:1747647665991:,1747647682026
counter/7/0/0/0,20148:1747647665399:,1747647682026
counter/3/0/0/0,19548:1747647665991:,1747647682026
counter/7/0/0/0,20149:1747647665399:,1747647682026
counter/3/0/0/0,19549:1747647665991:,1747647682026
counter/7/0/0/0,20150:1747647665400:,1747647682027
counter/3/0/0/0,19550:1747647665991:,1747647682027
counter/7/0/0/0,20151:1747647665400:,1747647682027
counter/3/0/0/0,19551:1747647665991:,1747647682027
counter/7/0/0/0,20152:1747647665400:,1747647682027
counter/3/0/0/0,19552:1747647665991:,1747647682027
counter/7/0/0/0,20153:1747647665400:,1747647682027
counter/3/0/0/0,19553:1747647665998:,1747647682027
counter/7/0/0/0,20154:1747647665400:,1747647682027
counter/3/0/0/0,19554:1747647665998:,1747647682027
counter/7/0/0/0,20155:1747647665400:,1747647682027
counter/3/0/0/0,19555:1747647665998:,1747647682027
counter/7/0/0/0,20156:1747647665400:,1747647682027
counter/3/0/0/0,19556:1747647665998:,1747647682027
counter/7/0/0/0,20157:1747647665400:,1747647682027
counter/3/0/0/0,19557:1747647665998:,1747647682027
counter/7/0/0/0,20158:1747647665400:,1747647682027
counter/3/0/0/0,19558:1747647665998:,1747647682027
counter/7/0/0/0,20159:1747647665403:,1747647682027
counter/3/0/0/0,19559:1747647665998:,1747647682027
counter/7/0/0/0,20160:1747647665405:,1747647682027
counter/3/0/0/0,19560:1747647666000:,1747647682027
counter/7/0/0/0,20161:1747647665405:,1747647682027
counter/3/0/0/0,19561:1747647666000:,1747647682027
counter/7/0/0/0,20162:1747647665406:,1747647682027
counter/3/0/0/0,19562:1747647666000:,1747647682027
counter/7/0/0/0,20163:1747647665406:,1747647682027
counter/3/0/0/0,19563:1747647666000:,1747647682027
counter/7/0/0/0,20164:1747647665406:,1747647682027
counter/3/0/0/0,19564:1747647666000:,1747647682027
counter/7/0/0/0,20165:1747647665409:,1747647682027
counter/3/0/0/0,19565:1747647666000:,1747647682027
counter/7/0/0/0,20166:1747647665409:,1747647682027
counter/6/0/0/0,20450:1747647667172:,1747647682027
counter/3/0/0/0,19566:1747647666000:,1747647682027
counter/7/0/0/0,20167:1747647665409:,1747647682028
counter/5/0/0/0,21863:1747647667375:,1747647682028
counter/3/0/0/0,19567:1747647666001:,1747647682028
counter/7/0/0/0,20168:1747647665411:,1747647682028
counter/5/0/0/0,21864:1747647667375:,1747647682028
counter/1/0/0/0,19826:1747647666029:,1747647682028
counter/3/0/0/0,19568:1747647666001:,1747647682028
counter/7/0/0/0,20169:1747647665411:,1747647682028
counter/5/0/0/0,21865:1747647667375:,1747647682028
counter/4/0/0/0,19005:1747647665871:,1747647682028
counter/10/0/0/0,19199:1747647664896:,1747647682028
counter/2/0/0/0,24645:1747647670416:,1747647682028
counter/3/0/0/0,19569:1747647666001:,1747647682028
counter/7/0/0/0,20170:1747647665411:,1747647682028
counter/3/0/0/0,19570:1747647666001:,1747647682028
counter/7/0/0/0,20171:1747647665411:,1747647682028
counter/5/0/0/0,21866:1747647667375:,1747647682028
counter/3/0/0/0,19571:1747647666001:,1747647682028
counter/7/0/0/0,20172:1747647665411:,1747647682028
counter/5/0/0/0,21867:1747647667375:,1747647682028
counter/3/0/0/0,19572:1747647666001:,1747647682028
counter/7/0/0/0,20173:1747647665411:,1747647682028
counter/5/0/0/0,21868:1747647667375:,1747647682028
counter/3/0/0/0,19573:1747647666005:,1747647682028
counter/7/0/0/0,20174:1747647665411:,1747647682028
counter/5/0/0/0,21869:1747647667375:,1747647682028
counter/3/0/0/0,19574:1747647666005:,1747647682028
counter/7/0/0/0,20175:1747647665411:,1747647682028
counter/5/0/0/0,21870:1747647667375:,1747647682028
counter/3/0/0/0,19575:1747647666005:,1747647682028
counter/7/0/0/0,20176:1747647665411:,1747647682028
counter/5/0/0/0,21871:1747647667379:,1747647682028
counter/10/0/0/0,19200:1747647664899:,1747647682028
counter/3/0/0/0,19576:1747647666005:,1747647682028
counter/7/0/0/0,20177:1747647665411:,1747647682028
counter/5/0/0/0,21872:1747647667380:,1747647682028
counter/6/0/0/0,20451:1747647667180:,1747647682028
counter/9/0/0/0,25031:1747647668629:,1747647682028
counter/3/0/0/0,19577:1747647666005:,1747647682028
counter/7/0/0/0,20178:1747647665411:,1747647682028
counter/5/0/0/0,21873:1747647667380:,1747647682028
counter/3/0/0/0,19578:1747647666005:,1747647682028
counter/7/0/0/0,20179:1747647665411:,1747647682028
counter/5/0/0/0,21874:1747647667380:,1747647682029
counter/3/0/0/0,19579:1747647666005:,1747647682029
counter/7/0/0/0,20180:1747647665411:,1747647682029
counter/5/0/0/0,21875:1747647667380:,1747647682029
counter/3/0/0/0,19580:1747647666005:,1747647682029
counter/7/0/0/0,20181:1747647665411:,1747647682029
counter/5/0/0/0,21876:1747647667380:,1747647682029
counter/3/0/0/0,19581:1747647666005:,1747647682029
counter/7/0/0/0,20182:1747647665412:,1747647682029
counter/5/0/0/0,21877:1747647667380:,1747647682029
counter/3/0/0/0,19582:1747647666006:,1747647682029
counter/7/0/0/0,20183:1747647665412:,1747647682029
counter/3/0/0/0,19583:1747647666006:,1747647682029
counter/7/0/0/0,20184:1747647665412:,1747647682029
counter/3/0/0/0,19584:1747647666006:,1747647682029
counter/7/0/0/0,20185:1747647665419:,1747647682029
counter/3/0/0/0,19585:1747647666006:,1747647682029
counter/7/0/0/0,20186:1747647665419:,1747647682029
counter/3/0/0/0,19586:1747647666006:,1747647682029
counter/3/0/0/0,19587:1747647666006:,1747647682029
counter/3/0/0/0,19588:1747647666006:,1747647682029
counter/3/0/0/0,19589:1747647666006:,1747647682029
counter/3/0/0/0,19590:1747647666006:,1747647682029
counter/3/0/0/0,19591:1747647666031:,1747647682029
counter/3/0/0/0,19592:1747647666031:,1747647682029
counter/3/0/0/0,19593:1747647666031:,1747647682029
counter/3/0/0/0,19594:1747647666031:,1747647682029
counter/3/0/0/0,19595:1747647666031:,1747647682029
counter/3/0/0/0,19596:1747647666031:,1747647682029
counter/3/0/0/0,19597:1747647666031:,1747647682029
counter/3/0/0/0,19598:1747647666031:,1747647682029
counter/3/0/0/0,19599:1747647666038:,1747647682029
counter/3/0/0/0,19600:1747647666038:,1747647682029
counter/3/0/0/0,19601:1747647666038:,1747647682029
counter/3/0/0/0,19602:1747647666039:,1747647682029
counter/3/0/0/0,19603:1747647666039:,1747647682029
counter/3/0/0/0,19604:1747647666039:,1747647682029
counter/3/0/0/0,19605:1747647666039:,1747647682029
counter/3/0/0/0,19606:1747647666039:,1747647682029
counter/3/0/0/0,19607:1747647666039:,1747647682029
counter/8/0/0/0,22922:1747647667533:,1747647682029
counter/3/0/0/0,19608:1747647666039:,1747647682029
counter/8/0/0/0,22923:1747647667533:,1747647682030
counter/3/0/0/0,19609:1747647666039:,1747647682030
counter/8/0/0/0,22924:1747647667537:,1747647682030
counter/3/0/0/0,19610:1747647666039:,1747647682030
counter/8/0/0/0,22925:1747647667537:,1747647682030
counter/3/0/0/0,19611:1747647666039:,1747647682030
counter/8/0/0/0,22926:1747647667537:,1747647682030
counter/3/0/0/0,19612:1747647666039:,1747647682030
counter/8/0/0/0,22927:1747647667537:,1747647682030
counter/3/0/0/0,19613:1747647666039:,1747647682030
counter/8/0/0/0,22928:1747647667537:,1747647682030
counter/3/0/0/0,19614:1747647666039:,1747647682030
counter/8/0/0/0,22929:1747647667537:,1747647682030
counter/3/0/0/0,19615:1747647666040:,1747647682030
counter/8/0/0/0,22930:1747647667537:,1747647682030
counter/3/0/0/0,19616:1747647666040:,1747647682030
counter/8/0/0/0,22931:1747647667537:,1747647682030
counter/3/0/0/0,19617:1747647666040:,1747647682030
counter/8/0/0/0,22932:1747647667538:,1747647682030
counter/3/0/0/0,19618:1747647666040:,1747647682030
counter/8/0/0/0,22933:1747647667538:,1747647682030
counter/7/0/0/0,20187:1747647665419:,1747647682030
counter/3/0/0/0,19619:1747647666040:,1747647682030
counter/8/0/0/0,22934:1747647667538:,1747647682030
counter/1/0/0/0,19827:1747647666034:,1747647682030
counter/2/0/0/0,24646:1747647670432:,1747647682030
counter/3/0/0/0,19620:1747647666041:,1747647682030
counter/8/0/0/0,22935:1747647667539:,1747647682030
counter/3/0/0/0,19621:1747647666042:,1747647682030
counter/8/0/0/0,22936:1747647667539:,1747647682030
counter/3/0/0/0,19622:1747647666043:,1747647682030
counter/8/0/0/0,22937:1747647667539:,1747647682030
counter/3/0/0/0,19623:1747647666043:,1747647682030
counter/8/0/0/0,22938:1747647667540:,1747647682030
counter/3/0/0/0,19624:1747647666043:,1747647682030
counter/8/0/0/0,22939:1747647667540:,1747647682030
counter/3/0/0/0,19625:1747647666043:,1747647682030
counter/8/0/0/0,22940:1747647667540:,1747647682030
counter/3/0/0/0,19626:1747647666043:,1747647682030
counter/8/0/0/0,22941:1747647667540:,1747647682031
counter/3/0/0/0,19627:1747647666043:,1747647682031
counter/3/0/0/0,19628:1747647666043:,1747647682031
counter/3/0/0/0,19629:1747647666043:,1747647682031
counter/3/0/0/0,19630:1747647666043:,1747647682031
counter/3/0/0/0,19631:1747647666043:,1747647682031
counter/3/0/0/0,19632:1747647666043:,1747647682031
counter/3/0/0/0,19633:1747647666043:,1747647682031
counter/3/0/0/0,19634:1747647666043:,1747647682031
counter/3/0/0/0,19635:1747647666061:,1747647682031
counter/3/0/0/0,19636:1747647666062:,1747647682031
counter/3/0/0/0,19637:1747647666062:,1747647682031
counter/3/0/0/0,19638:1747647666062:,1747647682031
counter/3/0/0/0,19639:1747647666062:,1747647682031
counter/3/0/0/0,19640:1747647666064:,1747647682031
counter/3/0/0/0,19641:1747647666064:,1747647682031
counter/3/0/0/0,19642:1747647666064:,1747647682031
counter/3/0/0/0,19643:1747647666066:,1747647682031
counter/3/0/0/0,19644:1747647666066:,1747647682031
counter/3/0/0/0,19645:1747647666066:,1747647682031
counter/3/0/0/0,19646:1747647666066:,1747647682031
counter/3/0/0/0,19647:1747647666066:,1747647682031
counter/3/0/0/0,19648:1747647666066:,1747647682031
counter/3/0/0/0,19649:1747647666078:,1747647682031
counter/3/0/0/0,19650:1747647666078:,1747647682031
counter/3/0/0/0,19651:1747647666078:,1747647682031
counter/3/0/0/0,19652:1747647666078:,1747647682031
counter/3/0/0/0,19653:1747647666078:,1747647682031
counter/3/0/0/0,19654:1747647666079:,1747647682031
counter/3/0/0/0,19655:1747647666079:,1747647682031
counter/3/0/0/0,19656:1747647666079:,1747647682031
counter/3/0/0/0,19657:1747647666079:,1747647682031
counter/3/0/0/0,19658:1747647666079:,1747647682031
counter/3/0/0/0,19659:1747647666079:,1747647682031
counter/3/0/0/0,19660:1747647666079:,1747647682031
counter/3/0/0/0,19661:1747647666079:,1747647682031
counter/3/0/0/0,19662:1747647666079:,1747647682031
counter/3/0/0/0,19663:1747647666079:,1747647682031
counter/3/0/0/0,19664:1747647666079:,1747647682031
counter/3/0/0/0,19665:1747647666079:,1747647682032
counter/3/0/0/0,19666:1747647666079:,1747647682032
counter/3/0/0/0,19667:1747647666080:,1747647682032
counter/3/0/0/0,19668:1747647666085:,1747647682032
counter/4/0/0/0,19006:1747647665876:,1747647682032
counter/3/0/0/0,19669:1747647666085:,1747647682032
counter/9/0/0/0,25032:1747647668629:,1747647682032
counter/3/0/0/0,19670:1747647666085:,1747647682032
counter/8/0/0/0,22942:1747647667540:,1747647682032
counter/3/0/0/0,19671:1747647666085:,1747647682032
counter/7/0/0/0,20188:1747647665419:,1747647682032
counter/5/0/0/0,21878:1747647667380:,1747647682032
counter/3/0/0/0,19672:1747647666085:,1747647682032
counter/2/0/0/0,24647:1747647670432:,1747647682032
counter/3/0/0/0,19673:1747647666085:,1747647682032
counter/10/0/0/0,19201:1747647664900:,1747647682032
counter/6/0/0/0,20452:1747647667180:,1747647682032
counter/3/0/0/0,19674:1747647666086:,1747647682032
counter/3/0/0/0,19675:1747647666086:,1747647682032
counter/3/0/0/0,19676:1747647666086:,1747647682032
counter/3/0/0/0,19677:1747647666086:,1747647682032
counter/3/0/0/0,19678:1747647666086:,1747647682032
counter/3/0/0/0,19679:1747647666086:,1747647682032
counter/3/0/0/0,19680:1747647666086:,1747647682032
counter/3/0/0/0,19681:1747647666088:,1747647682032
counter/3/0/0/0,19682:1747647666097:,1747647682032
counter/3/0/0/0,19683:1747647666097:,1747647682032
counter/3/0/0/0,19684:1747647666097:,1747647682032
counter/3/0/0/0,19685:1747647666097:,1747647682032
counter/3/0/0/0,19686:1747647666097:,1747647682032
counter/3/0/0/0,19687:1747647666097:,1747647682032
counter/3/0/0/0,19688:1747647666097:,1747647682032
counter/3/0/0/0,19689:1747647666097:,1747647682032
counter/3/0/0/0,19690:1747647666097:,1747647682032
counter/3/0/0/0,19691:1747647666097:,1747647682032
counter/3/0/0/0,19692:1747647666097:,1747647682032
counter/3/0/0/0,19693:1747647666097:,1747647682032
counter/3/0/0/0,19694:1747647666097:,1747647682032
counter/3/0/0/0,19695:1747647666097:,1747647682033
counter/3/0/0/0,19696:1747647666097:,1747647682033
counter/3/0/0/0,19697:1747647666097:,1747647682033
counter/3/0/0/0,19698:1747647666097:,1747647682033
counter/3/0/0/0,19699:1747647666097:,1747647682033
counter/3/0/0/0,19700:1747647666097:,1747647682033
counter/3/0/0/0,19701:1747647666097:,1747647682033
counter/3/0/0/0,19702:1747647666097:,1747647682033
counter/3/0/0/0,19703:1747647666097:,1747647682033
counter/3/0/0/0,19704:1747647666103:,1747647682033
counter/3/0/0/0,19705:1747647666103:,1747647682033
counter/3/0/0/0,19706:1747647666103:,1747647682033
counter/3/0/0/0,19707:1747647666103:,1747647682033
counter/3/0/0/0,19708:1747647666103:,1747647682033
counter/3/0/0/0,19709:1747647666103:,1747647682033
counter/3/0/0/0,19710:1747647666103:,1747647682033
counter/3/0/0/0,19711:1747647666103:,1747647682033
counter/3/0/0/0,19712:1747647666103:,1747647682033
counter/3/0/0/0,19713:1747647666103:,1747647682033
counter/3/0/0/0,19714:1747647666107:,1747647682033
counter/3/0/0/0,19715:1747647666107:,1747647682033
counter/3/0/0/0,19716:1747647666107:,1747647682033
counter/3/0/0/0,19717:1747647666108:,1747647682033
counter/3/0/0/0,19718:1747647666108:,1747647682033
counter/3/0/0/0,19719:1747647666108:,1747647682033
counter/3/0/0/0,19720:1747647666108:,1747647682033
counter/3/0/0/0,19721:1747647666108:,1747647682033
counter/3/0/0/0,19722:1747647666108:,1747647682033
counter/3/0/0/0,19723:1747647666108:,1747647682033
counter/3/0/0/0,19724:1747647666108:,1747647682033
counter/3/0/0/0,19725:1747647666108:,1747647682033
counter/3/0/0/0,19726:1747647666108:,1747647682033
counter/3/0/0/0,19727:1747647666108:,1747647682033
counter/3/0/0/0,19728:1747647666109:,1747647682033
counter/3/0/0/0,19729:1747647666109:,1747647682033
counter/3/0/0/0,19730:1747647666109:,1747647682033
counter/3/0/0/0,19731:1747647666109:,1747647682033
counter/3/0/0/0,19732:1747647666109:,1747647682034
counter/3/0/0/0,19733:1747647666109:,1747647682034
counter/3/0/0/0,19734:1747647666109:,1747647682034
counter/3/0/0/0,19735:1747647666109:,1747647682034
counter/9/0/0/0,25033:1747647668629:,1747647682034
counter/3/0/0/0,19736:1747647666109:,1747647682034
counter/1/0/0/0,19828:1747647666045:,1747647682034
counter/3/0/0/0,19737:1747647666123:,1747647682034
counter/1/0/0/0,19829:1747647666045:,1747647682034
counter/3/0/0/0,19738:1747647666617:,1747647682034
counter/1/0/0/0,19830:1747647666045:,1747647682034
counter/3/0/0/0,19739:1747647666619:,1747647682034
counter/1/0/0/0,19831:1747647666045:,1747647682034
counter/3/0/0/0,19740:1747647666623:,1747647682034
counter/1/0/0/0,19832:1747647666045:,1747647682034
counter/3/0/0/0,19741:1747647666625:,1747647682034
counter/1/0/0/0,19833:1747647666045:,1747647682034
counter/3/0/0/0,19742:1747647666625:,1747647682034
counter/10/0/0/0,19202:1747647664900:,1747647682034
counter/3/0/0/0,19743:1747647666625:,1747647682034
counter/3/0/0/0,19744:1747647666626:,1747647682034
counter/3/0/0/0,19745:1747647666626:,1747647682034
counter/3/0/0/0,19746:1747647666626:,1747647682034
counter/3/0/0/0,19747:1747647666628:,1747647682034
counter/3/0/0/0,19748:1747647666628:,1747647682034
counter/3/0/0/0,19749:1747647666628:,1747647682034
counter/9/0/0/0,25034:1747647668629:,1747647682034
counter/3/0/0/0,19750:1747647666628:,1747647682034
counter/3/0/0/0,19751:1747647666635:,1747647682034
counter/8/0/0/0,22943:1747647667541:,1747647682034
counter/3/0/0/0,19752:1747647666635:,1747647682034
counter/3/0/0/0,19753:1747647666635:,1747647682034
counter/2/0/0/0,24648:1747647670432:,1747647682034
counter/3/0/0/0,19754:1747647666656:,1747647682034
counter/3/0/0/0,19755:1747647666656:,1747647682034
counter/6/0/0/0,20453:1747647667180:,1747647682034
counter/3/0/0/0,19756:1747647666662:,1747647682034
counter/3/0/0/0,19757:1747647666662:,1747647682034
counter/1/0/0/0,19834:1747647666046:,1747647682034
counter/3/0/0/0,19758:1747647666662:,1747647682034
counter/1/0/0/0,19835:1747647666046:,1747647682034
counter/3/0/0/0,19759:1747647666662:,1747647682034
counter/3/0/0/0,19760:1747647666662:,1747647682035
counter/1/0/0/0,19836:1747647666046:,1747647682035
counter/3/0/0/0,19761:1747647666662:,1747647682035
counter/7/0/0/0,20189:1747647665419:,1747647682035
counter/3/0/0/0,19762:1747647666662:,1747647682035
counter/3/0/0/0,19763:1747647666663:,1747647682035
counter/3/0/0/0,19764:1747647666663:,1747647682035
counter/3/0/0/0,19765:1747647666663:,1747647682035
counter/3/0/0/0,19766:1747647666663:,1747647682035
counter/3/0/0/0,19767:1747647666663:,1747647682035
counter/3/0/0/0,19768:1747647666686:,1747647682035
counter/3/0/0/0,19769:1747647666686:,1747647682035
counter/3/0/0/0,19770:1747647666686:,1747647682035
counter/3/0/0/0,19771:1747647666686:,1747647682035
counter/3/0/0/0,19772:1747647666686:,1747647682035
counter/3/0/0/0,19773:1747647666686:,1747647682035
counter/3/0/0/0,19774:1747647666686:,1747647682035
counter/3/0/0/0,19775:1747647666686:,1747647682035
counter/3/0/0/0,19776:1747647666691:,1747647682035
counter/9/0/0/0,25035:1747647668629:,1747647682035
counter/3/0/0/0,19777:1747647666691:,1747647682035
counter/9/0/0/0,25036:1747647668640:,1747647682035
counter/3/0/0/0,19778:1747647666691:,1747647682035
counter/9/0/0/0,25037:1747647668640:,1747647682035
counter/3/0/0/0,19779:1747647666691:,1747647682035
counter/9/0/0/0,25038:1747647668641:,1747647682035
counter/3/0/0/0,19780:1747647666691:,1747647682035
counter/9/0/0/0,25039:1747647668641:,1747647682035
counter/3/0/0/0,19781:1747647666714:,1747647682035
counter/9/0/0/0,25040:1747647668641:,1747647682035
counter/3/0/0/0,19782:1747647666714:,1747647682035
counter/9/0/0/0,25041:1747647668641:,1747647682035
counter/3/0/0/0,19783:1747647666714:,1747647682035
counter/9/0/0/0,25042:1747647668641:,1747647682035
counter/3/0/0/0,19784:1747647666714:,1747647682035
counter/9/0/0/0,25043:1747647668641:,1747647682035
counter/3/0/0/0,19785:1747647666714:,1747647682035
counter/3/0/0/0,19786:1747647666714:,1747647682036
counter/3/0/0/0,19787:1747647666714:,1747647682036
counter/3/0/0/0,19788:1747647666714:,1747647682036
counter/3/0/0/0,19789:1747647666714:,1747647682036
counter/3/0/0/0,19790:1747647666714:,1747647682036
counter/3/0/0/0,19791:1747647666714:,1747647682036
counter/3/0/0/0,19792:1747647666714:,1747647682036
counter/3/0/0/0,19793:1747647666714:,1747647682036
counter/3/0/0/0,19794:1747647666728:,1747647682036
counter/3/0/0/0,19795:1747647666728:,1747647682036
counter/3/0/0/0,19796:1747647666728:,1747647682036
counter/3/0/0/0,19797:1747647666748:,1747647682036
counter/3/0/0/0,19798:1747647666748:,1747647682036
counter/3/0/0/0,19799:1747647666748:,1747647682036
counter/3/0/0/0,19800:1747647666748:,1747647682036
counter/3/0/0/0,19801:1747647666748:,1747647682036
counter/3/0/0/0,19802:1747647666748:,1747647682036
counter/3/0/0/0,19803:1747647666748:,1747647682036
counter/3/0/0/0,19804:1747647666748:,1747647682036
counter/3/0/0/0,19805:1747647666748:,1747647682036
counter/3/0/0/0,19806:1747647666748:,1747647682036
counter/3/0/0/0,19807:1747647666748:,1747647682036
counter/3/0/0/0,19808:1747647666748:,1747647682036
counter/3/0/0/0,19809:1747647666748:,1747647682036
counter/4/0/0/0,19007:1747647665876:,1747647682036
counter/3/0/0/0,19810:1747647666749:,1747647682036
counter/4/0/0/0,19008:1747647665876:,1747647682036
counter/9/0/0/0,25044:1747647668641:,1747647682036
counter/3/0/0/0,19811:1747647666749:,1747647682036
counter/2/0/0/0,24649:1747647670432:,1747647682036
counter/3/0/0/0,19812:1747647666756:,1747647682036
counter/8/0/0/0,22944:1747647667541:,1747647682036
counter/3/0/0/0,19813:1747647666757:,1747647682036
counter/3/0/0/0,19814:1747647666757:,1747647682036
counter/10/0/0/0,19203:1747647664900:,1747647682036
counter/3/0/0/0,19815:1747647666757:,1747647682036
counter/6/0/0/0,20454:1747647667180:,1747647682036
counter/3/0/0/0,19816:1747647666757:,1747647682036
counter/6/0/0/0,20455:1747647667180:,1747647682037
counter/3/0/0/0,19817:1747647666757:,1747647682037
counter/6/0/0/0,20456:1747647667180:,1747647682037
counter/3/0/0/0,19818:1747647666757:,1747647682037
counter/3/0/0/0,19819:1747647666757:,1747647682037
counter/5/0/0/0,21879:1747647667382:,1747647682037
counter/3/0/0/0,19820:1747647666760:,1747647682037
counter/5/0/0/0,21880:1747647667382:,1747647682037
counter/3/0/0/0,19821:1747647666760:,1747647682037
counter/5/0/0/0,21881:1747647667382:,1747647682037
counter/3/0/0/0,19822:1747647666760:,1747647682037
counter/5/0/0/0,21882:1747647667385:,1747647682037
counter/3/0/0/0,19823:1747647666760:,1747647682037
counter/5/0/0/0,21883:1747647667385:,1747647682037
counter/3/0/0/0,19824:1747647666760:,1747647682037
counter/10/0/0/0,19204:1747647664900:,1747647682037
counter/7/0/0/0,20190:1747647665419:,1747647682037
counter/3/0/0/0,19825:1747647666760:,1747647682037
counter/4/0/0/0,19009:1747647665877:,1747647682037
counter/3/0/0/0,19826:1747647666760:,1747647682037
counter/3/0/0/0,19827:1747647666760:,1747647682037
counter/3/0/0/0,19828:1747647666760:,1747647682037
counter/3/0/0/0,19829:1747647666763:,1747647682037
counter/3/0/0/0,19830:1747647666763:,1747647682037
counter/3/0/0/0,19831:1747647666763:,1747647682037
counter/3/0/0/0,19832:1747647666763:,1747647682037
counter/3/0/0/0,19833:1747647666773:,1747647682037
counter/4/0/0/0,19010:1747647665878:,1747647682037
counter/3/0/0/0,19834:1747647666775:,1747647682037
counter/9/0/0/0,25045:1747647668641:,1747647682037
counter/3/0/0/0,19835:1747647666775:,1747647682037
counter/1/0/0/0,19837:1747647666048:,1747647682037
counter/8/0/0/0,22945:1747647667544:,1747647682037
counter/3/0/0/0,19836:1747647666775:,1747647682037
counter/8/0/0/0,22946:1747647667544:,1747647682037
counter/3/0/0/0,19837:1747647666775:,1747647682037
counter/8/0/0/0,22947:1747647667544:,1747647682037
counter/3/0/0/0,19838:1747647666775:,1747647682037
counter/8/0/0/0,22948:1747647667544:,1747647682037
counter/3/0/0/0,19839:1747647666799:,1747647682038
counter/8/0/0/0,22949:1747647667544:,1747647682038
counter/3/0/0/0,19840:1747647666799:,1747647682038
counter/8/0/0/0,22950:1747647667544:,1747647682038
counter/3/0/0/0,19841:1747647666799:,1747647682038
counter/8/0/0/0,22951:1747647667549:,1747647682038
counter/3/0/0/0,19842:1747647666799:,1747647682038
counter/8/0/0/0,22952:1747647667549:,1747647682038
counter/3/0/0/0,19843:1747647666799:,1747647682038
counter/8/0/0/0,22953:1747647667549:,1747647682038
counter/3/0/0/0,19844:1747647666799:,1747647682038
counter/8/0/0/0,22954:1747647667549:,1747647682038
counter/3/0/0/0,19845:1747647666799:,1747647682038
counter/8/0/0/0,22955:1747647667549:,1747647682038
counter/4/0/0/0,19011:1747647665878:,1747647682038
counter/3/0/0/0,19846:1747647666800:,1747647682038
counter/8/0/0/0,22956:1747647667549:,1747647682038
counter/4/0/0/0,19012:1747647665878:,1747647682038
counter/3/0/0/0,19847:1747647666800:,1747647682038
counter/8/0/0/0,22957:1747647667549:,1747647682038
counter/4/0/0/0,19013:1747647665878:,1747647682038
counter/3/0/0/0,19848:1747647666800:,1747647682038
counter/8/0/0/0,22958:1747647667549:,1747647682038
counter/4/0/0/0,19014:1747647665878:,1747647682038
counter/3/0/0/0,19849:1747647666802:,1747647682038
counter/8/0/0/0,22959:1747647667549:,1747647682038
counter/4/0/0/0,19015:1747647665878:,1747647682038
counter/10/0/0/0,19205:1747647664900:,1747647682038
counter/3/0/0/0,19850:1747647666802:,1747647682038
counter/8/0/0/0,22960:1747647667549:,1747647682038
counter/4/0/0/0,19016:1747647665878:,1747647682038
counter/7/0/0/0,20191:1747647665420:,1747647682038
counter/3/0/0/0,19851:1747647666802:,1747647682038
counter/4/0/0/0,19017:1747647665878:,1747647682038
counter/3/0/0/0,19852:1747647666802:,1747647682038
counter/4/0/0/0,19018:1747647665878:,1747647682038
counter/3/0/0/0,19853:1747647666802:,1747647682038
counter/4/0/0/0,19019:1747647665878:,1747647682038
counter/3/0/0/0,19854:1747647666802:,1747647682038
counter/4/0/0/0,19020:1747647665878:,1747647682038
counter/3/0/0/0,19855:1747647666802:,1747647682038
counter/3/0/0/0,19856:1747647666802:,1747647682038
counter/3/0/0/0,19857:1747647666802:,1747647682039
counter/3/0/0/0,19858:1747647666803:,1747647682039
counter/3/0/0/0,19859:1747647666803:,1747647682039
counter/3/0/0/0,19860:1747647666803:,1747647682039
counter/3/0/0/0,19861:1747647666803:,1747647682039
counter/3/0/0/0,19862:1747647666815:,1747647682039
counter/3/0/0/0,19863:1747647666815:,1747647682039
counter/3/0/0/0,19864:1747647666815:,1747647682039
counter/3/0/0/0,19865:1747647666816:,1747647682039
counter/3/0/0/0,19866:1747647666827:,1747647682039
counter/3/0/0/0,19867:1747647666828:,1747647682039
counter/3/0/0/0,19868:1747647666828:,1747647682039
counter/8/0/0/0,22961:1747647667549:,1747647682039
counter/3/0/0/0,19869:1747647666828:,1747647682039
counter/2/0/0/0,24650:1747647670432:,1747647682039
counter/10/0/0/0,19206:1747647664900:,1747647682039
counter/3/0/0/0,19870:1747647666828:,1747647682039
counter/9/0/0/0,25046:1747647668641:,1747647682039
counter/7/0/0/0,20192:1747647665420:,1747647682039
counter/3/0/0/0,19871:1747647666828:,1747647682039
counter/4/0/0/0,19021:1747647665878:,1747647682039
counter/6/0/0/0,20457:1747647667180:,1747647682039
counter/3/0/0/0,19872:1747647666828:,1747647682039
counter/5/0/0/0,21884:1747647667385:,1747647682039
counter/1/0/0/0,19838:1747647666048:,1747647682039
counter/3/0/0/0,19873:1747647666828:,1747647682039
counter/3/0/0/0,19874:1747647666837:,1747647682039
counter/3/0/0/0,19875:1747647666837:,1747647682039
counter/3/0/0/0,19876:1747647666837:,1747647682039
counter/3/0/0/0,19877:1747647666837:,1747647682039
counter/3/0/0/0,19878:1747647666837:,1747647682039
counter/3/0/0/0,19879:1747647666837:,1747647682039
counter/3/0/0/0,19880:1747647666837:,1747647682039
counter/3/0/0/0,19881:1747647666837:,1747647682039
counter/3/0/0/0,19882:1747647666837:,1747647682039
counter/3/0/0/0,19883:1747647666837:,1747647682039
counter/3/0/0/0,19884:1747647666837:,1747647682039
counter/3/0/0/0,19885:1747647666837:,1747647682039
counter/3/0/0/0,19886:1747647666837:,1747647682039
counter/3/0/0/0,19887:1747647666837:,1747647682039
counter/3/0/0/0,19888:1747647666837:,1747647682039
counter/3/0/0/0,19889:1747647666844:,1747647682040
counter/3/0/0/0,19890:1747647666844:,1747647682040
counter/3/0/0/0,19891:1747647666845:,1747647682040
counter/3/0/0/0,19892:1747647666845:,1747647682040
counter/3/0/0/0,19893:1747647666845:,1747647682040
counter/3/0/0/0,19894:1747647666845:,1747647682040
counter/3/0/0/0,19895:1747647666845:,1747647682040
counter/3/0/0/0,19896:1747647666845:,1747647682040
counter/3/0/0/0,19897:1747647666845:,1747647682040
counter/3/0/0/0,19898:1747647666845:,1747647682040
counter/3/0/0/0,19899:1747647666845:,1747647682040
counter/3/0/0/0,19900:1747647666845:,1747647682040
counter/3/0/0/0,19901:1747647666845:,1747647682040
counter/3/0/0/0,19902:1747647666845:,1747647682040
counter/3/0/0/0,19903:1747647666845:,1747647682040
counter/3/0/0/0,19904:1747647666845:,1747647682040
counter/3/0/0/0,19905:1747647666845:,1747647682040
counter/3/0/0/0,19906:1747647666845:,1747647682040
counter/3/0/0/0,19907:1747647666845:,1747647682040
counter/3/0/0/0,19908:1747647666845:,1747647682040
counter/3/0/0/0,19909:1747647666846:,1747647682040
counter/3/0/0/0,19910:1747647666846:,1747647682040
counter/3/0/0/0,19911:1747647666846:,1747647682040
counter/3/0/0/0,19912:1747647666846:,1747647682040
counter/3/0/0/0,19913:1747647666846:,1747647682040
counter/3/0/0/0,19914:1747647666846:,1747647682040
counter/3/0/0/0,19915:1747647666846:,1747647682040
counter/3/0/0/0,19916:1747647666846:,1747647682040
counter/3/0/0/0,19917:1747647666846:,1747647682040
counter/3/0/0/0,19918:1747647666846:,1747647682040
counter/3/0/0/0,19919:1747647666846:,1747647682040
counter/3/0/0/0,19920:1747647666846:,1747647682040
counter/3/0/0/0,19921:1747647666846:,1747647682040
counter/3/0/0/0,19922:1747647666846:,1747647682040
counter/3/0/0/0,19923:1747647666846:,1747647682040
counter/3/0/0/0,19924:1747647666846:,1747647682040
counter/3/0/0/0,19925:1747647666846:,1747647682040
counter/3/0/0/0,19926:1747647666846:,1747647682040
counter/3/0/0/0,19927:1747647666846:,1747647682041
counter/3/0/0/0,19928:1747647666846:,1747647682041
counter/3/0/0/0,19929:1747647666846:,1747647682041
counter/3/0/0/0,19930:1747647666846:,1747647682041
counter/3/0/0/0,19931:1747647666851:,1747647682041
counter/3/0/0/0,19932:1747647666851:,1747647682041
counter/3/0/0/0,19933:1747647666852:,1747647682041
counter/3/0/0/0,19934:1747647666852:,1747647682041
counter/3/0/0/0,19935:1747647666852:,1747647682041
counter/3/0/0/0,19936:1747647666856:,1747647682041
counter/3/0/0/0,19937:1747647666862:,1747647682041
counter/3/0/0/0,19938:1747647666862:,1747647682041
counter/3/0/0/0,19939:1747647666862:,1747647682041
counter/3/0/0/0,19940:1747647666862:,1747647682041
counter/3/0/0/0,19941:1747647666862:,1747647682041
counter/3/0/0/0,19942:1747647666862:,1747647682041
counter/3/0/0/0,19943:1747647666862:,1747647682041
counter/3/0/0/0,19944:1747647666862:,1747647682041
counter/3/0/0/0,19945:1747647666862:,1747647682041
counter/3/0/0/0,19946:1747647666862:,1747647682041
counter/3/0/0/0,19947:1747647666862:,1747647682041
counter/3/0/0/0,19948:1747647666862:,1747647682041
counter/3/0/0/0,19949:1747647666862:,1747647682041
counter/3/0/0/0,19950:1747647666862:,1747647682041
counter/3/0/0/0,19951:1747647666862:,1747647682041
counter/3/0/0/0,19952:1747647666862:,1747647682041
counter/3/0/0/0,19953:1747647666862:,1747647682041
counter/3/0/0/0,19954:1747647666863:,1747647682041
counter/3/0/0/0,19955:1747647666866:,1747647682041
counter/3/0/0/0,19956:1747647666866:,1747647682041
counter/3/0/0/0,19957:1747647666866:,1747647682041
counter/3/0/0/0,19958:1747647666866:,1747647682041
counter/3/0/0/0,19959:1747647666867:,1747647682041
counter/3/0/0/0,19960:1747647666868:,1747647682041
counter/3/0/0/0,19961:1747647666880:,1747647682041
counter/9/0/0/0,25047:1747647668641:,1747647682041
counter/3/0/0/0,19962:1747647666880:,1747647682041
counter/6/0/0/0,20458:1747647667180:,1747647682041
counter/3/0/0/0,19963:1747647666880:,1747647682041
counter/5/0/0/0,21885:1747647667385:,1747647682041
counter/3/0/0/0,19964:1747647666880:,1747647682041
counter/4/0/0/0,19022:1747647665878:,1747647682042
counter/3/0/0/0,19965:1747647666880:,1747647682042
counter/5/0/0/0,21886:1747647667385:,1747647682042
counter/1/0/0/0,19839:1747647666048:,1747647682042
counter/3/0/0/0,19966:1747647666880:,1747647682042
counter/2/0/0/0,24651:1747647670432:,1747647682042
counter/10/0/0/0,19207:1747647664900:,1747647682042
counter/3/0/0/0,19967:1747647666880:,1747647682042
counter/3/0/0/0,19968:1747647666880:,1747647682042
counter/3/0/0/0,19969:1747647666880:,1747647682042
counter/3/0/0/0,19970:1747647666880:,1747647682042
counter/3/0/0/0,19971:1747647666880:,1747647682042
counter/3/0/0/0,19972:1747647666880:,1747647682042
counter/3/0/0/0,19973:1747647666880:,1747647682042
counter/3/0/0/0,19974:1747647666880:,1747647682042
counter/3/0/0/0,19975:1747647666880:,1747647682042
counter/3/0/0/0,19976:1747647666880:,1747647682042
counter/3/0/0/0,19977:1747647666880:,1747647682042
counter/3/0/0/0,19978:1747647666882:,1747647682042
counter/3/0/0/0,19979:1747647666882:,1747647682042
counter/3/0/0/0,19980:1747647666882:,1747647682042
counter/3/0/0/0,19981:1747647666882:,1747647682042
counter/3/0/0/0,19982:1747647666882:,1747647682042
counter/3/0/0/0,19983:1747647666882:,1747647682042
counter/3/0/0/0,19984:1747647666886:,1747647682042
counter/3/0/0/0,19985:1747647666886:,1747647682042
counter/3/0/0/0,19986:1747647666886:,1747647682042
counter/3/0/0/0,19987:1747647666886:,1747647682042
counter/3/0/0/0,19988:1747647666886:,1747647682042
counter/3/0/0/0,19989:1747647666886:,1747647682042
counter/1/0/0/0,19840:1747647666048:,1747647682042
counter/3/0/0/0,19990:1747647666886:,1747647682042
counter/2/0/0/0,24652:1747647670432:,1747647682042
counter/3/0/0/0,19991:1747647666898:,1747647682042
counter/10/0/0/0,19208:1747647664900:,1747647682043
counter/7/0/0/0,20193:1747647665420:,1747647682043
counter/3/0/0/0,19992:1747647666898:,1747647682043
counter/9/0/0/0,25048:1747647668641:,1747647682043
counter/6/0/0/0,20459:1747647667180:,1747647682043
counter/3/0/0/0,19993:1747647666898:,1747647682043
counter/5/0/0/0,21887:1747647667385:,1747647682043
counter/3/0/0/0,19994:1747647666900:,1747647682043
counter/3/0/0/0,19995:1747647666900:,1747647682043
counter/3/0/0/0,19996:1747647666900:,1747647682043
counter/3/0/0/0,19997:1747647666901:,1747647682043
counter/3/0/0/0,19998:1747647666901:,1747647682043
counter/3/0/0/0,19999:1747647666901:,1747647682043
counter/3/0/0/0,20000:1747647666901:,1747647682043
counter/3/0/0/0,20001:1747647666901:,1747647682043
counter/3/0/0/0,20002:1747647666901:,1747647682043
counter/3/0/0/0,20003:1747647666901:,1747647682043
counter/3/0/0/0,20004:1747647666901:,1747647682043
counter/8/0/0/0,22962:1747647667549:,1747647682043
counter/3/0/0/0,20005:1747647666901:,1747647682043
counter/2/0/0/0,24653:1747647670432:,1747647682043
counter/3/0/0/0,20006:1747647666901:,1747647682043
counter/10/0/0/0,19209:1747647664900:,1747647682043
counter/7/0/0/0,20194:1747647665420:,1747647682043
counter/3/0/0/0,20007:1747647666901:,1747647682043
counter/9/0/0/0,25049:1747647668641:,1747647682043
counter/6/0/0/0,20460:1747647667180:,1747647682043
counter/3/0/0/0,20008:1747647666908:,1747647682043
counter/5/0/0/0,21888:1747647667385:,1747647682043
counter/4/0/0/0,19023:1747647665878:,1747647682043
counter/3/0/0/0,20009:1747647666908:,1747647682043
counter/4/0/0/0,19024:1747647665878:,1747647682043
counter/3/0/0/0,20010:1747647666908:,1747647682043
counter/4/0/0/0,19025:1747647665878:,1747647682043
counter/10/0/0/0,19210:1747647664906:,1747647682043
counter/3/0/0/0,20011:1747647666908:,1747647682043
counter/4/0/0/0,19026:1747647665878:,1747647682043
counter/7/0/0/0,20195:1747647665423:,1747647682043
counter/9/0/0/0,25050:1747647668641:,1747647682043
counter/3/0/0/0,20012:1747647666908:,1747647682043
counter/4/0/0/0,19027:1747647665878:,1747647682043
counter/6/0/0/0,20461:1747647667181:,1747647682044
counter/5/0/0/0,21889:1747647667385:,1747647682044
counter/3/0/0/0,20013:1747647666908:,1747647682044
counter/3/0/0/0,20014:1747647666908:,1747647682044
counter/3/0/0/0,20015:1747647666908:,1747647682044
counter/3/0/0/0,20016:1747647666908:,1747647682044
counter/3/0/0/0,20017:1747647666908:,1747647682044
counter/7/0/0/0,20196:1747647665423:,1747647682044
counter/3/0/0/0,20018:1747647666908:,1747647682044
counter/7/0/0/0,20197:1747647665423:,1747647682044
counter/3/0/0/0,20019:1747647666909:,1747647682044
counter/5/0/0/0,21890:1747647667386:,1747647682044
counter/3/0/0/0,20020:1747647666909:,1747647682044
counter/5/0/0/0,21891:1747647667386:,1747647682044
counter/3/0/0/0,20021:1747647666909:,1747647682044
counter/5/0/0/0,21892:1747647667386:,1747647682044
counter/3/0/0/0,20022:1747647666909:,1747647682044
counter/5/0/0/0,21893:1747647667386:,1747647682044
counter/3/0/0/0,20023:1747647666909:,1747647682044
counter/5/0/0/0,21894:1747647667386:,1747647682044
counter/3/0/0/0,20024:1747647666909:,1747647682044
counter/5/0/0/0,21895:1747647667386:,1747647682044
counter/3/0/0/0,20025:1747647666909:,1747647682044
counter/5/0/0/0,21896:1747647667386:,1747647682044
counter/3/0/0/0,20026:1747647666909:,1747647682044
counter/5/0/0/0,21897:1747647667390:,1747647682044
counter/3/0/0/0,20027:1747647666909:,1747647682044
counter/5/0/0/0,21898:1747647667390:,1747647682044
counter/3/0/0/0,20028:1747647666909:,1747647682044
counter/5/0/0/0,21899:1747647667390:,1747647682044
counter/3/0/0/0,20029:1747647666909:,1747647682044
counter/5/0/0/0,21900:1747647667390:,1747647682044
counter/2/0/0/0,24654:1747647670432:,1747647682044
counter/3/0/0/0,20030:1747647666909:,1747647682044
counter/5/0/0/0,21901:1747647667390:,1747647682044
counter/1/0/0/0,19841:1747647666048:,1747647682044
counter/10/0/0/0,19211:1747647664906:,1747647682044
counter/3/0/0/0,20031:1747647666912:,1747647682044
counter/5/0/0/0,21902:1747647667390:,1747647682044
counter/9/0/0/0,25051:1747647668641:,1747647682044
counter/7/0/0/0,20198:1747647665423:,1747647682044
counter/3/0/0/0,20032:1747647666912:,1747647682044
counter/5/0/0/0,21903:1747647667391:,1747647682045
counter/3/0/0/0,20033:1747647666912:,1747647682045
counter/5/0/0/0,21904:1747647667391:,1747647682045
counter/3/0/0/0,20034:1747647666912:,1747647682045
counter/5/0/0/0,21905:1747647667391:,1747647682045
counter/3/0/0/0,20035:1747647666912:,1747647682045
counter/5/0/0/0,21906:1747647667391:,1747647682045
counter/3/0/0/0,20036:1747647666913:,1747647682045
counter/5/0/0/0,21907:1747647667391:,1747647682045
counter/3/0/0/0,20037:1747647666913:,1747647682045
counter/5/0/0/0,21908:1747647667391:,1747647682045
counter/3/0/0/0,20038:1747647666913:,1747647682045
counter/3/0/0/0,20039:1747647666913:,1747647682045
counter/3/0/0/0,20040:1747647666913:,1747647682045
counter/3/0/0/0,20041:1747647666913:,1747647682045
counter/3/0/0/0,20042:1747647666913:,1747647682045
counter/3/0/0/0,20043:1747647666913:,1747647682045
counter/3/0/0/0,20044:1747647666913:,1747647682045
counter/3/0/0/0,20045:1747647666913:,1747647682045
counter/3/0/0/0,20046:1747647666913:,1747647682045
counter/3/0/0/0,20047:1747647666913:,1747647682045
counter/3/0/0/0,20048:1747647666913:,1747647682045
counter/3/0/0/0,20049:1747647666913:,1747647682045
counter/3/0/0/0,20050:1747647666913:,1747647682045
counter/3/0/0/0,20051:1747647666913:,1747647682045
counter/3/0/0/0,20052:1747647666913:,1747647682045
counter/3/0/0/0,20053:1747647666913:,1747647682045
counter/3/0/0/0,20054:1747647666913:,1747647682045
counter/3/0/0/0,20055:1747647666913:,1747647682045
counter/3/0/0/0,20056:1747647666913:,1747647682045
counter/3/0/0/0,20057:1747647666913:,1747647682045
counter/3/0/0/0,20058:1747647666913:,1747647682045
counter/3/0/0/0,20059:1747647666913:,1747647682045
counter/3/0/0/0,20060:1747647666913:,1747647682045
counter/3/0/0/0,20061:1747647666913:,1747647682045
counter/3/0/0/0,20062:1747647666914:,1747647682045
counter/3/0/0/0,20063:1747647666914:,1747647682045
counter/3/0/0/0,20064:1747647666914:,1747647682045
counter/3/0/0/0,20065:1747647666914:,1747647682046
counter/3/0/0/0,20066:1747647666915:,1747647682046
counter/3/0/0/0,20067:1747647666915:,1747647682046
counter/5/0/0/0,21909:1747647667391:,1747647682046
counter/3/0/0/0,20068:1747647666915:,1747647682046
counter/5/0/0/0,21910:1747647667391:,1747647682046
counter/3/0/0/0,20069:1747647666915:,1747647682046
counter/5/0/0/0,21911:1747647667391:,1747647682046
counter/3/0/0/0,20070:1747647666928:,1747647682046
counter/5/0/0/0,21912:1747647667391:,1747647682046
counter/3/0/0/0,20071:1747647666928:,1747647682046
counter/5/0/0/0,21913:1747647667392:,1747647682046
counter/3/0/0/0,20072:1747647666928:,1747647682046
counter/5/0/0/0,21914:1747647667392:,1747647682046
counter/3/0/0/0,20073:1747647666928:,1747647682046
counter/5/0/0/0,21915:1747647667397:,1747647682046
counter/3/0/0/0,20074:1747647666928:,1747647682046
counter/5/0/0/0,21916:1747647667398:,1747647682046
counter/2/0/0/0,24655:1747647670432:,1747647682046
counter/3/0/0/0,20075:1747647666928:,1747647682046
counter/5/0/0/0,21917:1747647667398:,1747647682046
counter/1/0/0/0,19842:1747647666048:,1747647682046
counter/9/0/0/0,25052:1747647668641:,1747647682046
counter/3/0/0/0,20076:1747647666928:,1747647682046
counter/5/0/0/0,21918:1747647667398:,1747647682046
counter/7/0/0/0,20199:1747647665423:,1747647682046
counter/3/0/0/0,20077:1747647666928:,1747647682046
counter/5/0/0/0,21919:1747647667398:,1747647682046
counter/3/0/0/0,20078:1747647666928:,1747647682046
counter/3/0/0/0,20079:1747647666928:,1747647682046
counter/3/0/0/0,20080:1747647666928:,1747647682046
counter/3/0/0/0,20081:1747647666928:,1747647682046
counter/3/0/0/0,20082:1747647666928:,1747647682046
counter/3/0/0/0,20083:1747647666928:,1747647682046
counter/3/0/0/0,20084:1747647666928:,1747647682046
counter/3/0/0/0,20085:1747647666928:,1747647682046
counter/3/0/0/0,20086:1747647666928:,1747647682046
counter/3/0/0/0,20087:1747647666928:,1747647682046
counter/3/0/0/0,20088:1747647666928:,1747647682046
counter/3/0/0/0,20089:1747647666928:,1747647682046
counter/10/0/0/0,19212:1747647664906:,1747647682046
counter/3/0/0/0,20090:1747647666928:,1747647682047
counter/3/0/0/0,20091:1747647666928:,1747647682047
counter/6/0/0/0,20462:1747647667181:,1747647682047
counter/3/0/0/0,20092:1747647666928:,1747647682047
counter/4/0/0/0,19028:1747647665878:,1747647682047
counter/3/0/0/0,20093:1747647666928:,1747647682047
counter/5/0/0/0,21920:1747647667398:,1747647682047
counter/3/0/0/0,20094:1747647666928:,1747647682047
counter/2/0/0/0,24656:1747647670432:,1747647682047
counter/3/0/0/0,20095:1747647666930:,1747647682047
counter/8/0/0/0,22963:1747647667549:,1747647682047
counter/1/0/0/0,19843:1747647666048:,1747647682047
counter/3/0/0/0,20096:1747647666930:,1747647682047
counter/9/0/0/0,25053:1747647668641:,1747647682047
counter/3/0/0/0,20097:1747647666930:,1747647682047
counter/7/0/0/0,20200:1747647665423:,1747647682047
counter/3/0/0/0,20098:1747647666930:,1747647682047
counter/3/0/0/0,20099:1747647666930:,1747647682047
counter/3/0/0/0,20100:1747647666930:,1747647682047
counter/3/0/0/0,20101:1747647666930:,1747647682047
counter/3/0/0/0,20102:1747647666930:,1747647682047
counter/3/0/0/0,20103:1747647666930:,1747647682047
counter/3/0/0/0,20104:1747647666930:,1747647682047
counter/3/0/0/0,20105:1747647666930:,1747647682047
counter/3/0/0/0,20106:1747647666930:,1747647682047
counter/3/0/0/0,20107:1747647666931:,1747647682047
counter/3/0/0/0,20108:1747647666931:,1747647682047
counter/3/0/0/0,20109:1747647666934:,1747647682047
counter/3/0/0/0,20110:1747647666934:,1747647682047
counter/3/0/0/0,20111:1747647666934:,1747647682047
counter/3/0/0/0,20112:1747647666934:,1747647682047
counter/3/0/0/0,20113:1747647666934:,1747647682047
counter/3/0/0/0,20114:1747647666934:,1747647682048
counter/3/0/0/0,20115:1747647666935:,1747647682048
counter/3/0/0/0,20116:1747647666940:,1747647682048
counter/3/0/0/0,20117:1747647666940:,1747647682048
counter/7/0/0/0,20201:1747647665423:,1747647682048
counter/3/0/0/0,20118:1747647666940:,1747647682048
counter/4/0/0/0,19029:1747647665878:,1747647682048
counter/3/0/0/0,20119:1747647666940:,1747647682048
counter/4/0/0/0,19030:1747647665878:,1747647682048
counter/3/0/0/0,20120:1747647666940:,1747647682048
counter/4/0/0/0,19031:1747647665878:,1747647682048
counter/8/0/0/0,22964:1747647667549:,1747647682048
counter/3/0/0/0,20121:1747647666944:,1747647682048
counter/4/0/0/0,19032:1747647665878:,1747647682048
counter/9/0/0/0,25054:1747647668642:,1747647682048
counter/1/0/0/0,19844:1747647666048:,1747647682048
counter/3/0/0/0,20122:1747647666944:,1747647682048
counter/3/0/0/0,20123:1747647666944:,1747647682048
counter/3/0/0/0,20124:1747647666944:,1747647682048
counter/3/0/0/0,20125:1747647666944:,1747647682048
counter/3/0/0/0,20126:1747647666944:,1747647682048
counter/3/0/0/0,20127:1747647666944:,1747647682048
counter/3/0/0/0,20128:1747647666944:,1747647682048
counter/3/0/0/0,20129:1747647666944:,1747647682048
counter/3/0/0/0,20130:1747647666945:,1747647682048
counter/3/0/0/0,20131:1747647666945:,1747647682048
counter/3/0/0/0,20132:1747647666945:,1747647682048
counter/3/0/0/0,20133:1747647666946:,1747647682048
counter/3/0/0/0,20134:1747647666946:,1747647682048
counter/3/0/0/0,20135:1747647666946:,1747647682048
counter/3/0/0/0,20136:1747647666946:,1747647682048
counter/3/0/0/0,20137:1747647666946:,1747647682048
counter/3/0/0/0,20138:1747647666946:,1747647682048
counter/3/0/0/0,20139:1747647666946:,1747647682048
counter/3/0/0/0,20140:1747647666946:,1747647682048
counter/3/0/0/0,20141:1747647666946:,1747647682048
counter/3/0/0/0,20142:1747647666956:,1747647682048
counter/3/0/0/0,20143:1747647666956:,1747647682048
counter/3/0/0/0,20144:1747647666956:,1747647682048
counter/3/0/0/0,20145:1747647666956:,1747647682048
counter/3/0/0/0,20146:1747647666956:,1747647682048
counter/3/0/0/0,20147:1747647666956:,1747647682049
counter/3/0/0/0,20148:1747647666965:,1747647682049
counter/3/0/0/0,20149:1747647666965:,1747647682049
counter/3/0/0/0,20150:1747647666965:,1747647682049
counter/3/0/0/0,20151:1747647666965:,1747647682049
counter/3/0/0/0,20152:1747647666965:,1747647682049
counter/3/0/0/0,20153:1747647666965:,1747647682049
counter/3/0/0/0,20154:1747647666965:,1747647682049
counter/3/0/0/0,20155:1747647666965:,1747647682049
counter/3/0/0/0,20156:1747647666965:,1747647682049
counter/3/0/0/0,20157:1747647666965:,1747647682049
counter/3/0/0/0,20158:1747647666965:,1747647682049
counter/3/0/0/0,20159:1747647666965:,1747647682049
counter/3/0/0/0,20160:1747647666965:,1747647682049
counter/3/0/0/0,20161:1747647666965:,1747647682049
counter/3/0/0/0,20162:1747647666966:,1747647682049
counter/3/0/0/0,20163:1747647666976:,1747647682049
counter/3/0/0/0,20164:1747647666976:,1747647682049
counter/3/0/0/0,20165:1747647666976:,1747647682049
counter/3/0/0/0,20166:1747647666976:,1747647682049
counter/3/0/0/0,20167:1747647666976:,1747647682049
counter/3/0/0/0,20168:1747647666976:,1747647682049
counter/3/0/0/0,20169:1747647666976:,1747647682049
counter/3/0/0/0,20170:1747647666976:,1747647682049
counter/3/0/0/0,20171:1747647666977:,1747647682049
counter/3/0/0/0,20172:1747647666977:,1747647682049
counter/3/0/0/0,20173:1747647666977:,1747647682049
counter/3/0/0/0,20174:1747647666977:,1747647682049
counter/3/0/0/0,20175:1747647666978:,1747647682049
counter/3/0/0/0,20176:1747647666978:,1747647682049
counter/7/0/0/0,20202:1747647665423:,1747647682049
counter/3/0/0/0,20177:1747647666978:,1747647682049
counter/7/0/0/0,20203:1747647665423:,1747647682049
counter/3/0/0/0,20178:1747647666978:,1747647682049
counter/7/0/0/0,20204:1747647665423:,1747647682049
counter/3/0/0/0,20179:1747647666983:,1747647682049
counter/7/0/0/0,20205:1747647665423:,1747647682049
counter/3/0/0/0,20180:1747647666983:,1747647682049
counter/3/0/0/0,20181:1747647666983:,1747647682049
counter/7/0/0/0,20206:1747647665423:,1747647682049
counter/3/0/0/0,20182:1747647666983:,1747647682049
counter/7/0/0/0,20207:1747647665423:,1747647682050
counter/5/0/0/0,21921:1747647667398:,1747647682050
counter/3/0/0/0,20183:1747647666983:,1747647682050
counter/7/0/0/0,20208:1747647665423:,1747647682050
counter/5/0/0/0,21922:1747647667398:,1747647682050
counter/2/0/0/0,24657:1747647670432:,1747647682050
counter/3/0/0/0,20184:1747647666983:,1747647682050
counter/7/0/0/0,20209:1747647665423:,1747647682050
counter/5/0/0/0,21923:1747647667404:,1747647682050
counter/3/0/0/0,20185:1747647666983:,1747647682050
counter/7/0/0/0,20210:1747647665423:,1747647682050
counter/5/0/0/0,21924:1747647667404:,1747647682050
counter/3/0/0/0,20186:1747647666983:,1747647682050
counter/7/0/0/0,20211:1747647665423:,1747647682050
counter/5/0/0/0,21925:1747647667404:,1747647682050
counter/3/0/0/0,20187:1747647666983:,1747647682050
counter/7/0/0/0,20212:1747647665423:,1747647682050
counter/5/0/0/0,21926:1747647667404:,1747647682050
counter/4/0/0/0,19033:1747647665878:,1747647682050
counter/3/0/0/0,20188:1747647666983:,1747647682050
counter/7/0/0/0,20213:1747647665444:,1747647682050
counter/10/0/0/0,19213:1747647664906:,1747647682050
counter/3/0/0/0,20189:1747647666988:,1747647682050
counter/7/0/0/0,20214:1747647665444:,1747647682050
counter/5/0/0/0,21927:1747647667404:,1747647682050
counter/3/0/0/0,20190:1747647666989:,1747647682050
counter/3/0/0/0,20191:1747647666989:,1747647682050
counter/3/0/0/0,20192:1747647666989:,1747647682050
counter/3/0/0/0,20193:1747647666989:,1747647682050
counter/3/0/0/0,20194:1747647666989:,1747647682050
counter/3/0/0/0,20195:1747647666990:,1747647682050
counter/3/0/0/0,20196:1747647666990:,1747647682050
counter/3/0/0/0,20197:1747647666990:,1747647682050
counter/3/0/0/0,20198:1747647666990:,1747647682050
counter/3/0/0/0,20199:1747647666990:,1747647682051
counter/3/0/0/0,20200:1747647666990:,1747647682051
counter/3/0/0/0,20201:1747647666990:,1747647682051
counter/3/0/0/0,20202:1747647666990:,1747647682051
counter/3/0/0/0,20203:1747647666990:,1747647682051
counter/3/0/0/0,20204:1747647666990:,1747647682051
counter/3/0/0/0,20205:1747647666990:,1747647682051
counter/3/0/0/0,20206:1747647666990:,1747647682051
counter/3/0/0/0,20207:1747647666990:,1747647682051
counter/3/0/0/0,20208:1747647667004:,1747647682051
counter/3/0/0/0,20209:1747647667004:,1747647682051
counter/3/0/0/0,20210:1747647667004:,1747647682051
counter/3/0/0/0,20211:1747647667004:,1747647682051
counter/3/0/0/0,20212:1747647667004:,1747647682051
counter/3/0/0/0,20213:1747647667004:,1747647682051
counter/3/0/0/0,20214:1747647667004:,1747647682051
counter/3/0/0/0,20215:1747647667004:,1747647682051
counter/3/0/0/0,20216:1747647667004:,1747647682051
counter/3/0/0/0,20217:1747647667004:,1747647682051
counter/3/0/0/0,20218:1747647667004:,1747647682051
counter/3/0/0/0,20219:1747647667004:,1747647682051
counter/3/0/0/0,20220:1747647667004:,1747647682051
counter/3/0/0/0,20221:1747647667004:,1747647682051
counter/3/0/0/0,20222:1747647667021:,1747647682051
counter/3/0/0/0,20223:1747647667021:,1747647682051
counter/3/0/0/0,20224:1747647667024:,1747647682051
counter/8/0/0/0,22965:1747647667549:,1747647682051
counter/3/0/0/0,20225:1747647667024:,1747647682051
counter/7/0/0/0,20215:1747647665444:,1747647682051
counter/3/0/0/0,20226:1747647667024:,1747647682051
counter/7/0/0/0,20216:1747647665444:,1747647682051
counter/9/0/0/0,25055:1747647668642:,1747647682051
counter/3/0/0/0,20227:1747647667024:,1747647682051
counter/7/0/0/0,20217:1747647665444:,1747647682051
counter/3/0/0/0,20228:1747647667025:,1747647682051
counter/7/0/0/0,20218:1747647665444:,1747647682051
counter/3/0/0/0,20229:1747647667025:,1747647682051
counter/7/0/0/0,20219:1747647665444:,1747647682051
counter/3/0/0/0,20230:1747647667025:,1747647682051
counter/7/0/0/0,20220:1747647665444:,1747647682052
counter/8/0/0/0,22966:1747647667550:,1747647682052
counter/3/0/0/0,20231:1747647667025:,1747647682052
counter/4/0/0/0,19034:1747647665878:,1747647682052
counter/10/0/0/0,19214:1747647664906:,1747647682052
counter/3/0/0/0,20232:1747647667029:,1747647682052
counter/1/0/0/0,19845:1747647666048:,1747647682052
counter/7/0/0/0,20221:1747647665444:,1747647682052
counter/2/0/0/0,24658:1747647670436:,1747647682052
counter/3/0/0/0,20233:1747647667034:,1747647682052
counter/6/0/0/0,20463:1747647667181:,1747647682052
counter/3/0/0/0,20234:1747647667042:,1747647682052
counter/3/0/0/0,20235:1747647667042:,1747647682052
counter/3/0/0/0,20236:1747647667042:,1747647682052
counter/3/0/0/0,20237:1747647667042:,1747647682052
counter/3/0/0/0,20238:1747647667044:,1747647682052
counter/3/0/0/0,20239:1747647667044:,1747647682052
counter/3/0/0/0,20240:1747647667051:,1747647682052
counter/3/0/0/0,20241:1747647667051:,1747647682052
counter/3/0/0/0,20242:1747647667051:,1747647682052
counter/3/0/0/0,20243:1747647667051:,1747647682052
counter/3/0/0/0,20244:1747647667051:,1747647682052
counter/3/0/0/0,20245:1747647667051:,1747647682052
counter/3/0/0/0,20246:1747647667051:,1747647682052
counter/3/0/0/0,20247:1747647667051:,1747647682052
counter/3/0/0/0,20248:1747647667051:,1747647682052
counter/3/0/0/0,20249:1747647667051:,1747647682052
counter/3/0/0/0,20250:1747647667061:,1747647682052
counter/3/0/0/0,20251:1747647667061:,1747647682052
counter/3/0/0/0,20252:1747647667061:,1747647682052
counter/3/0/0/0,20253:1747647667061:,1747647682052
counter/3/0/0/0,20254:1747647667061:,1747647682052
counter/3/0/0/0,20255:1747647667061:,1747647682052
counter/3/0/0/0,20256:1747647667061:,1747647682052
counter/3/0/0/0,20257:1747647667061:,1747647682052
counter/3/0/0/0,20258:1747647667061:,1747647682052
counter/9/0/0/0,25056:1747647668642:,1747647682052
counter/3/0/0/0,20259:1747647667061:,1747647682052
counter/4/0/0/0,19035:1747647665878:,1747647682053
counter/3/0/0/0,20260:1747647667061:,1747647682053
counter/8/0/0/0,22967:1747647667552:,1747647682053
counter/10/0/0/0,19215:1747647664906:,1747647682053
counter/3/0/0/0,20261:1747647667075:,1747647682053
counter/7/0/0/0,20222:1747647665444:,1747647682053
counter/3/0/0/0,20262:1747647667075:,1747647682053
counter/1/0/0/0,19846:1747647666048:,1747647682053
counter/3/0/0/0,20263:1747647667075:,1747647682053
counter/2/0/0/0,24659:1747647670436:,1747647682053
counter/5/0/0/0,21928:1747647667404:,1747647682053
counter/3/0/0/0,20264:1747647667075:,1747647682053
counter/3/0/0/0,20265:1747647667075:,1747647682053
counter/3/0/0/0,20266:1747647667075:,1747647682053
counter/3/0/0/0,20267:1747647667079:,1747647682053
counter/3/0/0/0,20268:1747647667079:,1747647682053
counter/3/0/0/0,20269:1747647667079:,1747647682053
counter/3/0/0/0,20270:1747647667079:,1747647682053
counter/3/0/0/0,20271:1747647667079:,1747647682053
counter/3/0/0/0,20272:1747647667079:,1747647682053
counter/3/0/0/0,20273:1747647667080:,1747647682053
counter/3/0/0/0,20274:1747647667080:,1747647682053
counter/3/0/0/0,20275:1747647667080:,1747647682053
counter/3/0/0/0,20276:1747647667080:,1747647682053
counter/3/0/0/0,20277:1747647667084:,1747647682053
counter/3/0/0/0,20278:1747647667084:,1747647682053
counter/3/0/0/0,20279:1747647667084:,1747647682053
counter/3/0/0/0,20280:1747647667084:,1747647682053
counter/3/0/0/0,20281:1747647667084:,1747647682053
counter/3/0/0/0,20282:1747647667084:,1747647682053
counter/3/0/0/0,20283:1747647667084:,1747647682053
counter/3/0/0/0,20284:1747647667084:,1747647682053
counter/3/0/0/0,20285:1747647667084:,1747647682053
counter/3/0/0/0,20286:1747647667084:,1747647682053
counter/3/0/0/0,20287:1747647667084:,1747647682053
counter/3/0/0/0,20288:1747647667088:,1747647682053
counter/3/0/0/0,20289:1747647667088:,1747647682053
counter/3/0/0/0,20290:1747647667088:,1747647682053
counter/3/0/0/0,20291:1747647667088:,1747647682053
counter/3/0/0/0,20292:1747647667088:,1747647682054
counter/3/0/0/0,20293:1747647667089:,1747647682054
counter/3/0/0/0,20294:1747647667089:,1747647682054
counter/3/0/0/0,20295:1747647667089:,1747647682054
counter/3/0/0/0,20296:1747647667090:,1747647682054
counter/3/0/0/0,20297:1747647667091:,1747647682054
counter/3/0/0/0,20298:1747647667091:,1747647682054
counter/3/0/0/0,20299:1747647667091:,1747647682054
counter/3/0/0/0,20300:1747647667091:,1747647682054
counter/3/0/0/0,20301:1747647667091:,1747647682054
counter/3/0/0/0,20302:1747647667091:,1747647682054
counter/3/0/0/0,20303:1747647667091:,1747647682054
counter/3/0/0/0,20304:1747647667091:,1747647682054
counter/8/0/0/0,22968:1747647667552:,1747647682054
counter/3/0/0/0,20305:1747647667091:,1747647682054
counter/10/0/0/0,19216:1747647664906:,1747647682054
counter/3/0/0/0,20306:1747647667095:,1747647682054
counter/2/0/0/0,24660:1747647670436:,1747647682054
counter/5/0/0/0,21929:1747647667404:,1747647682054
counter/3/0/0/0,20307:1747647667095:,1747647682054
counter/3/0/0/0,20308:1747647667095:,1747647682054
counter/6/0/0/0,20464:1747647667181:,1747647682054
counter/3/0/0/0,20309:1747647667101:,1747647682054
counter/6/0/0/0,20465:1747647667181:,1747647682054
counter/4/0/0/0,19036:1747647665878:,1747647682054
counter/3/0/0/0,20310:1747647667101:,1747647682054
counter/6/0/0/0,20466:1747647667181:,1747647682054
counter/3/0/0/0,20311:1747647667101:,1747647682054
counter/6/0/0/0,20467:1747647667181:,1747647682054
counter/3/0/0/0,20312:1747647667101:,1747647682054
counter/6/0/0/0,20468:1747647667181:,1747647682054
counter/3/0/0/0,20313:1747647667101:,1747647682054
counter/6/0/0/0,20469:1747647667181:,1747647682054
counter/3/0/0/0,20314:1747647667109:,1747647682054
counter/6/0/0/0,20470:1747647667181:,1747647682054
counter/3/0/0/0,20315:1747647667109:,1747647682054
counter/6/0/0/0,20471:1747647667182:,1747647682054
counter/3/0/0/0,20316:1747647667109:,1747647682054
counter/6/0/0/0,20472:1747647667182:,1747647682054
counter/3/0/0/0,20317:1747647667109:,1747647682054
counter/6/0/0/0,20473:1747647667186:,1747647682054
counter/3/0/0/0,20318:1747647667109:,1747647682054
counter/6/0/0/0,20474:1747647667186:,1747647682055
counter/3/0/0/0,20319:1747647667109:,1747647682055
counter/6/0/0/0,20475:1747647667186:,1747647682055
counter/3/0/0/0,20320:1747647667109:,1747647682055
counter/3/0/0/0,20321:1747647667109:,1747647682055
counter/3/0/0/0,20322:1747647667110:,1747647682055
counter/3/0/0/0,20323:1747647667110:,1747647682055
counter/3/0/0/0,20324:1747647667110:,1747647682055
counter/3/0/0/0,20325:1747647667110:,1747647682055
counter/3/0/0/0,20326:1747647667110:,1747647682055
counter/3/0/0/0,20327:1747647667135:,1747647682055
counter/3/0/0/0,20328:1747647667135:,1747647682055
counter/3/0/0/0,20329:1747647667135:,1747647682055
counter/3/0/0/0,20330:1747647667139:,1747647682055
counter/3/0/0/0,20331:1747647667169:,1747647682055
counter/3/0/0/0,20332:1747647667169:,1747647682055
counter/3/0/0/0,20333:1747647667169:,1747647682055
counter/3/0/0/0,20334:1747647667169:,1747647682055
counter/3/0/0/0,20335:1747647667169:,1747647682055
counter/3/0/0/0,20336:1747647667169:,1747647682055
counter/3/0/0/0,20337:1747647667169:,1747647682055
counter/3/0/0/0,20338:1747647667169:,1747647682055
counter/3/0/0/0,20339:1747647667170:,1747647682055
counter/3/0/0/0,20340:1747647667170:,1747647682055
counter/3/0/0/0,20341:1747647667170:,1747647682055
counter/3/0/0/0,20342:1747647667170:,1747647682055
counter/3/0/0/0,20343:1747647667170:,1747647682055
counter/3/0/0/0,20344:1747647667170:,1747647682055
counter/3/0/0/0,20345:1747647667179:,1747647682055
counter/3/0/0/0,20346:1747647667179:,1747647682055
counter/3/0/0/0,20347:1747647667179:,1747647682055
counter/3/0/0/0,20348:1747647667179:,1747647682055
counter/3/0/0/0,20349:1747647667179:,1747647682055
counter/3/0/0/0,20350:1747647667179:,1747647682055
counter/3/0/0/0,20351:1747647667190:,1747647682055
counter/3/0/0/0,20352:1747647667190:,1747647682055
counter/3/0/0/0,20353:1747647667190:,1747647682055
counter/3/0/0/0,20354:1747647667190:,1747647682056
counter/3/0/0/0,20355:1747647667190:,1747647682056
counter/3/0/0/0,20356:1747647667191:,1747647682056
counter/3/0/0/0,20357:1747647667197:,1747647682056
counter/3/0/0/0,20358:1747647667197:,1747647682056
counter/3/0/0/0,20359:1747647667204:,1747647682056
counter/3/0/0/0,20360:1747647667204:,1747647682056
counter/3/0/0/0,20361:1747647667205:,1747647682056
counter/3/0/0/0,20362:1747647667205:,1747647682056
counter/3/0/0/0,20363:1747647667205:,1747647682056
counter/9/0/0/0,25057:1747647668642:,1747647682056
counter/3/0/0/0,20364:1747647667205:,1747647682056
counter/6/0/0/0,20476:1747647667186:,1747647682056
counter/3/0/0/0,20365:1747647667205:,1747647682056
counter/6/0/0/0,20477:1747647667186:,1747647682056
counter/3/0/0/0,20366:1747647667205:,1747647682056
counter/6/0/0/0,20478:1747647667207:,1747647682056
counter/3/0/0/0,20367:1747647667205:,1747647682056
counter/6/0/0/0,20479:1747647667207:,1747647682056
counter/3/0/0/0,20368:1747647667209:,1747647682056
counter/6/0/0/0,20480:1747647667207:,1747647682056
counter/3/0/0/0,20369:1747647667209:,1747647682056
counter/6/0/0/0,20481:1747647667207:,1747647682056
counter/3/0/0/0,20370:1747647667210:,1747647682056
counter/6/0/0/0,20482:1747647667207:,1747647682056
counter/3/0/0/0,20371:1747647667210:,1747647682056
counter/6/0/0/0,20483:1747647667219:,1747647682056
counter/3/0/0/0,20372:1747647667210:,1747647682056
counter/6/0/0/0,20484:1747647667220:,1747647682056
counter/2/0/0/0,24661:1747647670436:,1747647682056
counter/3/0/0/0,20373:1747647667210:,1747647682056
counter/6/0/0/0,20485:1747647667220:,1747647682056
counter/10/0/0/0,19217:1747647664906:,1747647682056
counter/5/0/0/0,21930:1747647667404:,1747647682056
counter/3/0/0/0,20374:1747647667210:,1747647682056
counter/6/0/0/0,20486:1747647667220:,1747647682056
counter/3/0/0/0,20375:1747647667210:,1747647682056
counter/6/0/0/0,20487:1747647667220:,1747647682056
counter/3/0/0/0,20376:1747647667210:,1747647682056
counter/6/0/0/0,20488:1747647667226:,1747647682056
counter/3/0/0/0,20377:1747647667210:,1747647682056
counter/3/0/0/0,20378:1747647667210:,1747647682056
counter/3/0/0/0,20379:1747647667210:,1747647682056
counter/3/0/0/0,20380:1747647667210:,1747647682056
counter/3/0/0/0,20381:1747647667210:,1747647682056
counter/3/0/0/0,20382:1747647667210:,1747647682057
counter/3/0/0/0,20383:1747647667210:,1747647682057
counter/3/0/0/0,20384:1747647667210:,1747647682057
counter/3/0/0/0,20385:1747647667210:,1747647682057
counter/3/0/0/0,20386:1747647667210:,1747647682057
counter/3/0/0/0,20387:1747647667218:,1747647682057
counter/3/0/0/0,20388:1747647667218:,1747647682057
counter/3/0/0/0,20389:1747647667218:,1747647682057
counter/3/0/0/0,20390:1747647667218:,1747647682057
counter/3/0/0/0,20391:1747647667218:,1747647682057
counter/3/0/0/0,20392:1747647667224:,1747647682057
counter/3/0/0/0,20393:1747647667224:,1747647682057
counter/3/0/0/0,20394:1747647667224:,1747647682057
counter/3/0/0/0,20395:1747647667224:,1747647682057
counter/3/0/0/0,20396:1747647667224:,1747647682057
counter/3/0/0/0,20397:1747647667224:,1747647682057
counter/6/0/0/0,20489:1747647667229:,1747647682057
counter/3/0/0/0,20398:1747647667224:,1747647682057
counter/6/0/0/0,20490:1747647667229:,1747647682057
counter/3/0/0/0,20399:1747647667224:,1747647682057
counter/6/0/0/0,20491:1747647667229:,1747647682057
counter/10/0/0/0,19218:1747647664906:,1747647682057
counter/3/0/0/0,20400:1747647667224:,1747647682057
counter/9/0/0/0,25058:1747647668644:,1747647682057
counter/4/0/0/0,19037:1747647665879:,1747647682057
counter/3/0/0/0,20401:1747647667224:,1747647682057
counter/5/0/0/0,21931:1747647667407:,1747647682057
counter/3/0/0/0,20402:1747647667224:,1747647682057
counter/1/0/0/0,19847:1747647666048:,1747647682057
counter/3/0/0/0,20403:1747647667224:,1747647682057
counter/8/0/0/0,22969:1747647667552:,1747647682057
counter/3/0/0/0,20404:1747647667243:,1747647682057
counter/3/0/0/0,20405:1747647667243:,1747647682057
counter/3/0/0/0,20406:1747647667243:,1747647682057
counter/3/0/0/0,20407:1747647667243:,1747647682057
counter/3/0/0/0,20408:1747647667243:,1747647682057
counter/10/0/0/0,19219:1747647664916:,1747647682057
counter/3/0/0/0,20409:1747647667274:,1747647682057
counter/5/0/0/0,21932:1747647667407:,1747647682058
counter/3/0/0/0,20410:1747647667274:,1747647682058
counter/1/0/0/0,19848:1747647666048:,1747647682058
counter/3/0/0/0,20411:1747647667274:,1747647682058
counter/8/0/0/0,22970:1747647667552:,1747647682058
counter/3/0/0/0,20412:1747647667274:,1747647682058
counter/2/0/0/0,24662:1747647670438:,1747647682058
counter/6/0/0/0,20492:1747647667229:,1747647682058
counter/3/0/0/0,20413:1747647667274:,1747647682058
counter/6/0/0/0,20493:1747647667229:,1747647682058
counter/3/0/0/0,20414:1747647667285:,1747647682058
counter/6/0/0/0,20494:1747647667229:,1747647682058
counter/3/0/0/0,20415:1747647667285:,1747647682058
counter/6/0/0/0,20495:1747647667229:,1747647682058
counter/3/0/0/0,20416:1747647667285:,1747647682058
counter/6/0/0/0,20496:1747647667229:,1747647682058
counter/3/0/0/0,20417:1747647667285:,1747647682058
counter/6/0/0/0,20497:1747647667230:,1747647682058
counter/3/0/0/0,20418:1747647667285:,1747647682058
counter/6/0/0/0,20498:1747647667230:,1747647682058
counter/9/0/0/0,25059:1747647668644:,1747647682058
counter/3/0/0/0,20419:1747647667285:,1747647682058
counter/6/0/0/0,20499:1747647667230:,1747647682058
counter/3/0/0/0,20420:1747647667285:,1747647682058
counter/6/0/0/0,20500:1747647667230:,1747647682058
counter/3/0/0/0,20421:1747647667285:,1747647682058
counter/6/0/0/0,20501:1747647667230:,1747647682058
counter/3/0/0/0,20422:1747647667285:,1747647682058
counter/6/0/0/0,20502:1747647667230:,1747647682058
counter/3/0/0/0,20423:1747647667285:,1747647682058
counter/6/0/0/0,20503:1747647667230:,1747647682058
counter/3/0/0/0,20424:1747647667297:,1747647682058
counter/6/0/0/0,20504:1747647667237:,1747647682058
counter/3/0/0/0,20425:1747647667297:,1747647682058
counter/6/0/0/0,20505:1747647667237:,1747647682058
counter/3/0/0/0,20426:1747647667298:,1747647682058
counter/6/0/0/0,20506:1747647667238:,1747647682059
counter/3/0/0/0,20427:1747647667298:,1747647682059
counter/6/0/0/0,20507:1747647667238:,1747647682059
counter/3/0/0/0,20428:1747647667298:,1747647682059
counter/6/0/0/0,20508:1747647667238:,1747647682059
counter/3/0/0/0,20429:1747647667298:,1747647682059
counter/6/0/0/0,20509:1747647667238:,1747647682059
counter/3/0/0/0,20430:1747647667298:,1747647682059
counter/6/0/0/0,20510:1747647667238:,1747647682059
counter/3/0/0/0,20431:1747647667298:,1747647682059
counter/6/0/0/0,20511:1747647667238:,1747647682059
counter/3/0/0/0,20432:1747647667298:,1747647682059
counter/6/0/0/0,20512:1747647667238:,1747647682059
counter/3/0/0/0,20433:1747647667298:,1747647682059
counter/6/0/0/0,20513:1747647667238:,1747647682059
counter/3/0/0/0,20434:1747647667298:,1747647682059
counter/6/0/0/0,20514:1747647667238:,1747647682059
counter/3/0/0/0,20435:1747647667298:,1747647682059
counter/6/0/0/0,20515:1747647667238:,1747647682059
counter/3/0/0/0,20436:1747647667298:,1747647682059
counter/6/0/0/0,20516:1747647667238:,1747647682059
counter/3/0/0/0,20437:1747647667298:,1747647682059
counter/6/0/0/0,20517:1747647667242:,1747647682059
counter/3/0/0/0,20438:1747647667298:,1747647682059
counter/6/0/0/0,20518:1747647667242:,1747647682059
counter/3/0/0/0,20439:1747647667298:,1747647682059
counter/6/0/0/0,20519:1747647667243:,1747647682059
counter/3/0/0/0,20440:1747647667298:,1747647682059
counter/6/0/0/0,20520:1747647667253:,1747647682059
counter/5/0/0/0,21933:1747647667408:,1747647682059
counter/3/0/0/0,20441:1747647667299:,1747647682059
counter/6/0/0/0,20521:1747647667253:,1747647682059
counter/5/0/0/0,21934:1747647667412:,1747647682059
counter/3/0/0/0,20442:1747647667299:,1747647682059
counter/6/0/0/0,20522:1747647667253:,1747647682059
counter/5/0/0/0,21935:1747647667413:,1747647682059
counter/3/0/0/0,20443:1747647667299:,1747647682059
counter/6/0/0/0,20523:1747647667253:,1747647682059
counter/5/0/0/0,21936:1747647667413:,1747647682059
counter/3/0/0/0,20444:1747647667299:,1747647682060
counter/6/0/0/0,20524:1747647667253:,1747647682060
counter/5/0/0/0,21937:1747647667413:,1747647682060
counter/3/0/0/0,20445:1747647667299:,1747647682060
counter/6/0/0/0,20525:1747647667253:,1747647682060
counter/5/0/0/0,21938:1747647667413:,1747647682060
counter/2/0/0/0,24663:1747647670438:,1747647682060
counter/3/0/0/0,20446:1747647667299:,1747647682060
counter/6/0/0/0,20526:1747647667253:,1747647682060
counter/5/0/0/0,21939:1747647667413:,1747647682060
counter/1/0/0/0,19849:1747647666050:,1747647682060
counter/3/0/0/0,20447:1747647667299:,1747647682060
counter/6/0/0/0,20527:1747647667254:,1747647682060
counter/5/0/0/0,21940:1747647667413:,1747647682060
counter/3/0/0/0,20448:1747647667303:,1747647682060
counter/6/0/0/0,20528:1747647667254:,1747647682060
counter/5/0/0/0,21941:1747647667413:,1747647682060
counter/3/0/0/0,20449:1747647667303:,1747647682060
counter/6/0/0/0,20529:1747647667254:,1747647682060
counter/5/0/0/0,21942:1747647667413:,1747647682060
counter/8/0/0/0,22971:1747647667552:,1747647682060
counter/4/0/0/0,19038:1747647665879:,1747647682060
counter/3/0/0/0,20450:1747647667303:,1747647682060
counter/6/0/0/0,20530:1747647667254:,1747647682060
counter/9/0/0/0,25060:1747647668644:,1747647682060
counter/10/0/0/0,19220:1747647664916:,1747647682060
counter/3/0/0/0,20451:1747647667303:,1747647682060
counter/6/0/0/0,20531:1747647667254:,1747647682060
counter/3/0/0/0,20452:1747647667303:,1747647682060
counter/6/0/0/0,20532:1747647667254:,1747647682060
counter/3/0/0/0,20453:1747647667303:,1747647682060
counter/6/0/0/0,20533:1747647667254:,1747647682060
counter/3/0/0/0,20454:1747647667303:,1747647682060
counter/6/0/0/0,20534:1747647667254:,1747647682060
counter/3/0/0/0,20455:1747647667303:,1747647682060
counter/6/0/0/0,20535:1747647667254:,1747647682060
counter/3/0/0/0,20456:1747647667303:,1747647682060
counter/6/0/0/0,20536:1747647667254:,1747647682060
counter/3/0/0/0,20457:1747647667303:,1747647682060
counter/6/0/0/0,20537:1747647667257:,1747647682061
counter/3/0/0/0,20458:1747647667303:,1747647682061
counter/6/0/0/0,20538:1747647667257:,1747647682061
counter/3/0/0/0,20459:1747647667303:,1747647682061
counter/6/0/0/0,20539:1747647667268:,1747647682061
counter/3/0/0/0,20460:1747647667303:,1747647682061
counter/6/0/0/0,20540:1747647667268:,1747647682061
counter/3/0/0/0,20461:1747647667303:,1747647682061
counter/6/0/0/0,20541:1747647667268:,1747647682061
counter/3/0/0/0,20462:1747647667303:,1747647682061
counter/6/0/0/0,20542:1747647667268:,1747647682061
counter/3/0/0/0,20463:1747647667303:,1747647682061
counter/6/0/0/0,20543:1747647667268:,1747647682061
counter/3/0/0/0,20464:1747647667303:,1747647682061
counter/6/0/0/0,20544:1747647667268:,1747647682061
counter/3/0/0/0,20465:1747647667303:,1747647682061
counter/6/0/0/0,20545:1747647667268:,1747647682061
counter/3/0/0/0,20466:1747647667304:,1747647682061
counter/6/0/0/0,20546:1747647667268:,1747647682061
counter/3/0/0/0,20467:1747647667304:,1747647682061
counter/6/0/0/0,20547:1747647667268:,1747647682061
counter/3/0/0/0,20468:1747647667304:,1747647682061
counter/6/0/0/0,20548:1747647667268:,1747647682061
counter/3/0/0/0,20469:1747647667304:,1747647682061
counter/6/0/0/0,20549:1747647667268:,1747647682061
counter/3/0/0/0,20470:1747647667304:,1747647682061
counter/6/0/0/0,20550:1747647667268:,1747647682061
counter/3/0/0/0,20471:1747647667304:,1747647682061
counter/6/0/0/0,20551:1747647667268:,1747647682061
counter/3/0/0/0,20472:1747647667305:,1747647682061
counter/6/0/0/0,20552:1747647667268:,1747647682061
counter/3/0/0/0,20473:1747647667305:,1747647682061
counter/6/0/0/0,20553:1747647667268:,1747647682061
counter/3/0/0/0,20474:1747647667305:,1747647682061
counter/6/0/0/0,20554:1747647667269:,1747647682061
counter/3/0/0/0,20475:1747647667305:,1747647682061
counter/6/0/0/0,20555:1747647667269:,1747647682061
counter/3/0/0/0,20476:1747647667306:,1747647682061
counter/6/0/0/0,20556:1747647667269:,1747647682061
counter/3/0/0/0,20477:1747647667306:,1747647682061
counter/6/0/0/0,20557:1747647667269:,1747647682061
counter/3/0/0/0,20478:1747647667306:,1747647682062
counter/6/0/0/0,20558:1747647667269:,1747647682062
counter/3/0/0/0,20479:1747647667306:,1747647682062
counter/6/0/0/0,20559:1747647667269:,1747647682062
counter/2/0/0/0,24664:1747647670438:,1747647682062
counter/3/0/0/0,20480:1747647667306:,1747647682062
counter/6/0/0/0,20560:1747647667269:,1747647682062
counter/10/0/0/0,19221:1747647664916:,1747647682062
counter/5/0/0/0,21943:1747647667413:,1747647682062
counter/3/0/0/0,20481:1747647667306:,1747647682062
counter/6/0/0/0,20561:1747647667269:,1747647682062
counter/3/0/0/0,20482:1747647667306:,1747647682062
counter/6/0/0/0,20562:1747647667269:,1747647682062
counter/3/0/0/0,20483:1747647667308:,1747647682062
counter/6/0/0/0,20563:1747647667269:,1747647682062
counter/3/0/0/0,20484:1747647667308:,1747647682062
counter/6/0/0/0,20564:1747647667269:,1747647682062
counter/3/0/0/0,20485:1747647667308:,1747647682062
counter/6/0/0/0,20565:1747647667269:,1747647682062
counter/3/0/0/0,20486:1747647667308:,1747647682062
counter/6/0/0/0,20566:1747647667269:,1747647682062
counter/3/0/0/0,20487:1747647667308:,1747647682062
counter/6/0/0/0,20567:1747647667269:,1747647682062
counter/3/0/0/0,20488:1747647667308:,1747647682062
counter/6/0/0/0,20568:1747647667270:,1747647682062
counter/3/0/0/0,20489:1747647667308:,1747647682062
counter/6/0/0/0,20569:1747647667270:,1747647682062
counter/3/0/0/0,20490:1747647667308:,1747647682062
counter/6/0/0/0,20570:1747647667270:,1747647682062
counter/3/0/0/0,20491:1747647667308:,1747647682062
counter/6/0/0/0,20571:1747647667277:,1747647682062
counter/3/0/0/0,20492:1747647667308:,1747647682062
counter/6/0/0/0,20572:1747647667277:,1747647682062
counter/3/0/0/0,20493:1747647667308:,1747647682062
counter/6/0/0/0,20573:1747647667279:,1747647682062
counter/3/0/0/0,20494:1747647667308:,1747647682062
counter/6/0/0/0,20574:1747647667279:,1747647682062
counter/3/0/0/0,20495:1747647667308:,1747647682062
counter/6/0/0/0,20575:1747647667279:,1747647682062
counter/3/0/0/0,20496:1747647667308:,1747647682063
counter/6/0/0/0,20576:1747647667279:,1747647682063
counter/3/0/0/0,20497:1747647667308:,1747647682063
counter/6/0/0/0,20577:1747647667279:,1747647682063
counter/3/0/0/0,20498:1747647667308:,1747647682063
counter/6/0/0/0,20578:1747647667279:,1747647682063
counter/3/0/0/0,20499:1747647667312:,1747647682063
counter/6/0/0/0,20579:1747647667279:,1747647682063
counter/9/0/0/0,25061:1747647668644:,1747647682063
counter/3/0/0/0,20500:1747647667312:,1747647682063
counter/6/0/0/0,20580:1747647667287:,1747647682063
counter/1/0/0/0,19850:1747647666050:,1747647682063
counter/3/0/0/0,20501:1747647667312:,1747647682063
counter/6/0/0/0,20581:1747647667287:,1747647682063
counter/8/0/0/0,22972:1747647667552:,1747647682063
counter/4/0/0/0,19039:1747647665879:,1747647682063
counter/3/0/0/0,20502:1747647667312:,1747647682063
counter/6/0/0/0,20582:1747647667287:,1747647682063
counter/7/0/0/0,20223:1747647665445:,1747647682063
counter/2/0/0/0,24665:1747647670439:,1747647682063
counter/3/0/0/0,20503:1747647667312:,1747647682063
counter/6/0/0/0,20583:1747647667287:,1747647682063
counter/3/0/0/0,20504:1747647667312:,1747647682063
counter/6/0/0/0,20584:1747647667287:,1747647682063
counter/3/0/0/0,20505:1747647667312:,1747647682063
counter/6/0/0/0,20585:1747647667287:,1747647682063
counter/3/0/0/0,20506:1747647667312:,1747647682063
counter/6/0/0/0,20586:1747647667287:,1747647682063
counter/3/0/0/0,20507:1747647667312:,1747647682063
counter/6/0/0/0,20587:1747647667288:,1747647682063
counter/3/0/0/0,20508:1747647667312:,1747647682063
counter/6/0/0/0,20588:1747647667288:,1747647682063
counter/3/0/0/0,20509:1747647667312:,1747647682063
counter/6/0/0/0,20589:1747647667288:,1747647682063
counter/3/0/0/0,20510:1747647667312:,1747647682063
counter/6/0/0/0,20590:1747647667288:,1747647682063
counter/3/0/0/0,20511:1747647667312:,1747647682063
counter/6/0/0/0,20591:1747647667288:,1747647682063
counter/3/0/0/0,20512:1747647667312:,1747647682063
counter/6/0/0/0,20592:1747647667288:,1747647682064
counter/10/0/0/0,19222:1747647664916:,1747647682064
counter/3/0/0/0,20513:1747647667313:,1747647682064
counter/6/0/0/0,20593:1747647667292:,1747647682064
counter/3/0/0/0,20514:1747647667313:,1747647682064
counter/6/0/0/0,20594:1747647667292:,1747647682064
counter/3/0/0/0,20515:1747647667313:,1747647682064
counter/6/0/0/0,20595:1747647667292:,1747647682064
counter/9/0/0/0,25062:1747647668644:,1747647682064
counter/3/0/0/0,20516:1747647667313:,1747647682064
counter/6/0/0/0,20596:1747647667292:,1747647682064
counter/8/0/0/0,22973:1747647667552:,1747647682064
counter/1/0/0/0,19851:1747647666050:,1747647682064
counter/3/0/0/0,20517:1747647667313:,1747647682064
counter/6/0/0/0,20597:1747647667292:,1747647682064
counter/1/0/0/0,19852:1747647666050:,1747647682064
counter/3/0/0/0,20518:1747647667313:,1747647682064
counter/6/0/0/0,20598:1747647667292:,1747647682064
counter/1/0/0/0,19853:1747647666050:,1747647682064
counter/3/0/0/0,20519:1747647667313:,1747647682064
counter/6/0/0/0,20599:1747647667292:,1747647682064
counter/1/0/0/0,19854:1747647666050:,1747647682064
counter/10/0/0/0,19223:1747647664922:,1747647682064
counter/7/0/0/0,20224:1747647665445:,1747647682064
counter/3/0/0/0,20520:1747647667313:,1747647682064
counter/6/0/0/0,20600:1747647667292:,1747647682064
counter/3/0/0/0,20521:1747647667313:,1747647682064
counter/6/0/0/0,20601:1747647667292:,1747647682064
counter/3/0/0/0,20522:1747647667313:,1747647682064
counter/6/0/0/0,20602:1747647667306:,1747647682064
counter/3/0/0/0,20523:1747647667313:,1747647682064
counter/6/0/0/0,20603:1747647667306:,1747647682064
counter/4/0/0/0,19040:1747647665879:,1747647682064
counter/3/0/0/0,20524:1747647667313:,1747647682064
counter/6/0/0/0,20604:1747647667306:,1747647682064
counter/4/0/0/0,19041:1747647665879:,1747647682064
counter/5/0/0/0,21944:1747647667416:,1747647682064
counter/3/0/0/0,20525:1747647667313:,1747647682064
counter/6/0/0/0,20605:1747647667306:,1747647682064
counter/4/0/0/0,19042:1747647665879:,1747647682064
counter/3/0/0/0,20526:1747647667313:,1747647682064
counter/6/0/0/0,20606:1747647667306:,1747647682065
counter/4/0/0/0,19043:1747647665879:,1747647682065
counter/3/0/0/0,20527:1747647667313:,1747647682065
counter/6/0/0/0,20607:1747647667307:,1747647682065
counter/4/0/0/0,19044:1747647665879:,1747647682065
counter/10/0/0/0,19224:1747647664923:,1747647682065
counter/3/0/0/0,20528:1747647667313:,1747647682065
counter/6/0/0/0,20608:1747647667307:,1747647682065
counter/4/0/0/0,19045:1747647665879:,1747647682065
counter/9/0/0/0,25063:1747647668644:,1747647682065
counter/5/0/0/0,21945:1747647667416:,1747647682065
counter/3/0/0/0,20529:1747647667313:,1747647682065
counter/6/0/0/0,20609:1747647667307:,1747647682065
counter/4/0/0/0,19046:1747647665888:,1747647682065
counter/7/0/0/0,20225:1747647665445:,1747647682065
counter/8/0/0/0,22974:1747647667552:,1747647682065
counter/2/0/0/0,24666:1747647670439:,1747647682065
counter/3/0/0/0,20530:1747647667313:,1747647682065
counter/6/0/0/0,20610:1747647667307:,1747647682065
counter/8/0/0/0,22975:1747647667552:,1747647682065
counter/3/0/0/0,20531:1747647667313:,1747647682065
counter/6/0/0/0,20611:1747647667307:,1747647682065
counter/8/0/0/0,22976:1747647667554:,1747647682065
counter/3/0/0/0,20532:1747647667313:,1747647682065
counter/6/0/0/0,20612:1747647667307:,1747647682065
counter/8/0/0/0,22977:1747647667554:,1747647682065
counter/3/0/0/0,20533:1747647667313:,1747647682065
counter/8/0/0/0,22978:1747647667554:,1747647682065
counter/3/0/0/0,20534:1747647667313:,1747647682065
counter/8/0/0/0,22979:1747647667554:,1747647682065
counter/3/0/0/0,20535:1747647667313:,1747647682065
counter/8/0/0/0,22980:1747647667554:,1747647682065
counter/3/0/0/0,20536:1747647667313:,1747647682065
counter/8/0/0/0,22981:1747647667554:,1747647682065
counter/5/0/0/0,21946:1747647667416:,1747647682065
counter/9/0/0/0,25064:1747647668644:,1747647682065
counter/3/0/0/0,20537:1747647667313:,1747647682066
counter/8/0/0/0,22982:1747647667554:,1747647682066
counter/5/0/0/0,21947:1747647667416:,1747647682066
counter/3/0/0/0,20538:1747647667313:,1747647682066
counter/8/0/0/0,22983:1747647667554:,1747647682066
counter/5/0/0/0,21948:1747647667420:,1747647682066
counter/3/0/0/0,20539:1747647667313:,1747647682066
counter/8/0/0/0,22984:1747647667578:,1747647682066
counter/5/0/0/0,21949:1747647667420:,1747647682066
counter/3/0/0/0,20540:1747647667313:,1747647682066
counter/8/0/0/0,22985:1747647667578:,1747647682066
counter/3/0/0/0,20541:1747647667313:,1747647682066
counter/8/0/0/0,22986:1747647667578:,1747647682066
counter/3/0/0/0,20542:1747647667313:,1747647682066
counter/3/0/0/0,20543:1747647667313:,1747647682066
counter/3/0/0/0,20544:1747647667313:,1747647682066
counter/3/0/0/0,20545:1747647667314:,1747647682066
counter/3/0/0/0,20546:1747647667314:,1747647682066
counter/3/0/0/0,20547:1747647667314:,1747647682066
counter/3/0/0/0,20548:1747647667314:,1747647682066
counter/5/0/0/0,21950:1747647667420:,1747647682066
counter/3/0/0/0,20549:1747647667314:,1747647682066
counter/5/0/0/0,21951:1747647667421:,1747647682066
counter/3/0/0/0,20550:1747647667314:,1747647682066
counter/3/0/0/0,20551:1747647667314:,1747647682066
counter/3/0/0/0,20552:1747647667317:,1747647682066
counter/2/0/0/0,24667:1747647670439:,1747647682066
counter/3/0/0/0,20553:1747647667317:,1747647682066
counter/3/0/0/0,20554:1747647667317:,1747647682066
counter/3/0/0/0,20555:1747647667317:,1747647682066
counter/3/0/0/0,20556:1747647667317:,1747647682066
counter/3/0/0/0,20557:1747647667317:,1747647682066
counter/3/0/0/0,20558:1747647667317:,1747647682066
counter/3/0/0/0,20559:1747647667317:,1747647682066
counter/3/0/0/0,20560:1747647667317:,1747647682066
counter/3/0/0/0,20561:1747647667317:,1747647682066
counter/3/0/0/0,20562:1747647667317:,1747647682066
counter/3/0/0/0,20563:1747647667319:,1747647682066
counter/1/0/0/0,19855:1747647666050:,1747647682066
counter/3/0/0/0,20564:1747647667319:,1747647682066
counter/5/0/0/0,21952:1747647667421:,1747647682066
counter/3/0/0/0,20565:1747647667319:,1747647682066
counter/2/0/0/0,24668:1747647670439:,1747647682067
counter/3/0/0/0,20566:1747647667320:,1747647682067
counter/7/0/0/0,20226:1747647665450:,1747647682067
counter/9/0/0/0,25065:1747647668644:,1747647682067
counter/3/0/0/0,20567:1747647667320:,1747647682067
counter/6/0/0/0,20613:1747647667307:,1747647682067
counter/3/0/0/0,20568:1747647667320:,1747647682067
counter/10/0/0/0,19225:1747647664923:,1747647682067
counter/3/0/0/0,20569:1747647667320:,1747647682067
counter/3/0/0/0,20570:1747647667320:,1747647682067
counter/3/0/0/0,20571:1747647667320:,1747647682067
counter/3/0/0/0,20572:1747647667320:,1747647682067
counter/3/0/0/0,20573:1747647667320:,1747647682067
counter/3/0/0/0,20574:1747647667320:,1747647682067
counter/3/0/0/0,20575:1747647667320:,1747647682067
counter/3/0/0/0,20576:1747647667320:,1747647682067
counter/3/0/0/0,20577:1747647667320:,1747647682067
counter/3/0/0/0,20578:1747647667320:,1747647682067
counter/3/0/0/0,20579:1747647667320:,1747647682067
counter/3/0/0/0,20580:1747647667320:,1747647682067
counter/3/0/0/0,20581:1747647667320:,1747647682067
counter/3/0/0/0,20582:1747647667320:,1747647682067
counter/3/0/0/0,20583:1747647667320:,1747647682067
counter/3/0/0/0,20584:1747647667320:,1747647682067
counter/3/0/0/0,20585:1747647667320:,1747647682067
counter/3/0/0/0,20586:1747647667324:,1747647682067
counter/9/0/0/0,25066:1747647668644:,1747647682067
counter/3/0/0/0,20587:1747647667324:,1747647682067
counter/6/0/0/0,20614:1747647667307:,1747647682067
counter/3/0/0/0,20588:1747647667324:,1747647682067
counter/1/0/0/0,19856:1747647666050:,1747647682067
counter/3/0/0/0,20589:1747647667324:,1747647682067
counter/5/0/0/0,21953:1747647667421:,1747647682067
counter/3/0/0/0,20590:1747647667324:,1747647682067
counter/1/0/0/0,19857:1747647666060:,1747647682067
counter/3/0/0/0,20591:1747647667326:,1747647682067
counter/10/0/0/0,19226:1747647664923:,1747647682067
counter/8/0/0/0,22987:1747647667578:,1747647682067
counter/3/0/0/0,20592:1747647667326:,1747647682067
counter/2/0/0/0,24669:1747647670439:,1747647682067
counter/3/0/0/0,20593:1747647667326:,1747647682067
counter/2/0/0/0,24670:1747647670439:,1747647682068
counter/3/0/0/0,20594:1747647667326:,1747647682068
counter/2/0/0/0,24671:1747647670440:,1747647682068
counter/3/0/0/0,20595:1747647667326:,1747647682068
counter/3/0/0/0,20596:1747647667326:,1747647682068
counter/3/0/0/0,20597:1747647667328:,1747647682068
counter/3/0/0/0,20598:1747647667328:,1747647682068
counter/3/0/0/0,20599:1747647667328:,1747647682068
counter/3/0/0/0,20600:1747647667328:,1747647682068
counter/3/0/0/0,20601:1747647667328:,1747647682068
counter/3/0/0/0,20602:1747647667328:,1747647682068
counter/3/0/0/0,20603:1747647667328:,1747647682068
counter/3/0/0/0,20604:1747647667328:,1747647682068
counter/3/0/0/0,20605:1747647667328:,1747647682068
counter/3/0/0/0,20606:1747647667328:,1747647682068
counter/3/0/0/0,20607:1747647667328:,1747647682068
counter/3/0/0/0,20608:1747647667328:,1747647682068
counter/3/0/0/0,20609:1747647667328:,1747647682068
counter/3/0/0/0,20610:1747647667328:,1747647682068
counter/2/0/0/0,24672:1747647670440:,1747647682068
counter/3/0/0/0,20611:1747647667328:,1747647682068
counter/7/0/0/0,20227:1747647665453:,1747647682068
counter/3/0/0/0,20612:1747647667329:,1747647682068
counter/8/0/0/0,22988:1747647667578:,1747647682068
counter/3/0/0/0,20613:1747647667329:,1747647682068
counter/9/0/0/0,25067:1747647668644:,1747647682068
counter/3/0/0/0,20614:1747647667329:,1747647682068
counter/6/0/0/0,20615:1747647667307:,1747647682068
counter/3/0/0/0,20615:1747647667329:,1747647682068
counter/1/0/0/0,19858:1747647666061:,1747647682068
counter/5/0/0/0,21954:1747647667429:,1747647682068
counter/3/0/0/0,20616:1747647667329:,1747647682068
counter/4/0/0/0,19047:1747647665888:,1747647682068
counter/3/0/0/0,20617:1747647667329:,1747647682068
counter/10/0/0/0,19227:1747647664923:,1747647682068
counter/3/0/0/0,20618:1747647667329:,1747647682068
counter/3/0/0/0,20619:1747647667329:,1747647682068
counter/3/0/0/0,20620:1747647667330:,1747647682068
counter/3/0/0/0,20621:1747647667330:,1747647682068
counter/9/0/0/0,25068:1747647668646:,1747647682069
counter/3/0/0/0,20622:1747647667330:,1747647682069
counter/6/0/0/0,20616:1747647667307:,1747647682069
counter/3/0/0/0,20623:1747647667330:,1747647682069
counter/1/0/0/0,19859:1747647666061:,1747647682069
counter/5/0/0/0,21955:1747647667429:,1747647682069
counter/3/0/0/0,20624:1747647667330:,1747647682069
counter/4/0/0/0,19048:1747647665888:,1747647682069
counter/10/0/0/0,19228:1747647664923:,1747647682069
counter/3/0/0/0,20625:1747647667330:,1747647682069
counter/8/0/0/0,22989:1747647667578:,1747647682069
counter/2/0/0/0,24673:1747647670440:,1747647682069
counter/3/0/0/0,20626:1747647667330:,1747647682069
counter/2/0/0/0,24674:1747647670440:,1747647682069
counter/3/0/0/0,20627:1747647667330:,1747647682069
counter/2/0/0/0,24675:1747647670440:,1747647682069
counter/3/0/0/0,20628:1747647667334:,1747647682069
counter/2/0/0/0,24676:1747647670440:,1747647682069
counter/3/0/0/0,20629:1747647667334:,1747647682069
counter/2/0/0/0,24677:1747647670440:,1747647682069
counter/3/0/0/0,20630:1747647667334:,1747647682069
counter/2/0/0/0,24678:1747647670440:,1747647682069
counter/3/0/0/0,20631:1747647667334:,1747647682069
counter/2/0/0/0,24679:1747647670440:,1747647682069
counter/3/0/0/0,20632:1747647667334:,1747647682069
counter/2/0/0/0,24680:1747647670440:,1747647682069
counter/3/0/0/0,20633:1747647667334:,1747647682069
counter/2/0/0/0,24681:1747647670440:,1747647682069
counter/3/0/0/0,20634:1747647667334:,1747647682069
counter/2/0/0/0,24682:1747647670440:,1747647682069
counter/3/0/0/0,20635:1747647667334:,1747647682069
counter/2/0/0/0,24683:1747647670440:,1747647682069
counter/3/0/0/0,20636:1747647667334:,1747647682069
counter/2/0/0/0,24684:1747647670440:,1747647682069
counter/4/0/0/0,19049:1747647665888:,1747647682069
counter/8/0/0/0,22990:1747647667578:,1747647682069
counter/3/0/0/0,20637:1747647667334:,1747647682069
counter/2/0/0/0,24685:1747647670440:,1747647682069
counter/10/0/0/0,19229:1747647664923:,1747647682069
counter/3/0/0/0,20638:1747647667334:,1747647682069
counter/2/0/0/0,24686:1747647670440:,1747647682069
counter/3/0/0/0,20639:1747647667337:,1747647682069
counter/2/0/0/0,24687:1747647670440:,1747647682070
counter/3/0/0/0,20640:1747647667337:,1747647682070
counter/2/0/0/0,24688:1747647670440:,1747647682070
counter/3/0/0/0,20641:1747647667340:,1747647682070
counter/2/0/0/0,24689:1747647670440:,1747647682070
counter/3/0/0/0,20642:1747647667340:,1747647682070
counter/2/0/0/0,24690:1747647670440:,1747647682070
counter/3/0/0/0,20643:1747647667341:,1747647682070
counter/2/0/0/0,24691:1747647670440:,1747647682070
counter/3/0/0/0,20644:1747647667341:,1747647682070
counter/2/0/0/0,24692:1747647670440:,1747647682070
counter/3/0/0/0,20645:1747647667341:,1747647682070
counter/2/0/0/0,24693:1747647670440:,1747647682070
counter/3/0/0/0,20646:1747647667341:,1747647682070
counter/2/0/0/0,24694:1747647670442:,1747647682070
counter/3/0/0/0,20647:1747647667341:,1747647682070
counter/2/0/0/0,24695:1747647670442:,1747647682070
counter/3/0/0/0,20648:1747647667341:,1747647682070
counter/3/0/0/0,20649:1747647667341:,1747647682070
counter/3/0/0/0,20650:1747647667341:,1747647682070
counter/3/0/0/0,20651:1747647667341:,1747647682070
counter/3/0/0/0,20652:1747647667341:,1747647682070
counter/3/0/0/0,20653:1747647667360:,1747647682070
counter/3/0/0/0,20654:1747647667360:,1747647682070
counter/3/0/0/0,20655:1747647667360:,1747647682070
counter/3/0/0/0,20656:1747647667360:,1747647682070
counter/3/0/0/0,20657:1747647667360:,1747647682070
counter/3/0/0/0,20658:1747647667360:,1747647682070
counter/3/0/0/0,20659:1747647667361:,1747647682070
counter/3/0/0/0,20660:1747647667361:,1747647682070
counter/3/0/0/0,20661:1747647667361:,1747647682070
counter/3/0/0/0,20662:1747647667361:,1747647682070
counter/3/0/0/0,20663:1747647667361:,1747647682070
counter/3/0/0/0,20664:1747647667361:,1747647682070
counter/10/0/0/0,19230:1747647664923:,1747647682070
counter/3/0/0/0,20665:1747647667361:,1747647682070
counter/3/0/0/0,20666:1747647667361:,1747647682070
counter/5/0/0/0,21956:1747647667429:,1747647682070
counter/3/0/0/0,20667:1747647667361:,1747647682070
counter/7/0/0/0,20228:1747647665453:,1747647682070
counter/3/0/0/0,20668:1747647667361:,1747647682071
counter/4/0/0/0,19050:1747647665888:,1747647682071
counter/6/0/0/0,20617:1747647667307:,1747647682071
counter/3/0/0/0,20669:1747647667361:,1747647682071
counter/1/0/0/0,19860:1747647666061:,1747647682071
counter/3/0/0/0,20670:1747647667361:,1747647682071
counter/2/0/0/0,24696:1747647670442:,1747647682071
counter/3/0/0/0,20671:1747647667361:,1747647682071
counter/2/0/0/0,24697:1747647670442:,1747647682071
counter/3/0/0/0,20672:1747647667362:,1747647682071
counter/2/0/0/0,24698:1747647670444:,1747647682071
counter/3/0/0/0,20673:1747647667362:,1747647682071
counter/2/0/0/0,24699:1747647670444:,1747647682071
counter/5/0/0/0,21957:1747647667429:,1747647682071
counter/3/0/0/0,20674:1747647667362:,1747647682071
counter/7/0/0/0,20229:1747647665453:,1747647682071
counter/4/0/0/0,19051:1747647665888:,1747647682071
counter/3/0/0/0,20675:1747647667370:,1747647682071
counter/6/0/0/0,20618:1747647667307:,1747647682071
counter/1/0/0/0,19861:1747647666061:,1747647682071
counter/3/0/0/0,20676:1747647667379:,1747647682071
counter/8/0/0/0,22991:1747647667578:,1747647682071
counter/2/0/0/0,24700:1747647670444:,1747647682071
counter/3/0/0/0,20677:1747647667379:,1747647682071
counter/3/0/0/0,20678:1747647667379:,1747647682071
counter/3/0/0/0,20679:1747647667379:,1747647682071
counter/3/0/0/0,20680:1747647667379:,1747647682071
counter/3/0/0/0,20681:1747647667379:,1747647682071
counter/3/0/0/0,20682:1747647667385:,1747647682071
counter/3/0/0/0,20683:1747647667388:,1747647682071
counter/3/0/0/0,20684:1747647667388:,1747647682071
counter/3/0/0/0,20685:1747647667402:,1747647682071
counter/3/0/0/0,20686:1747647667402:,1747647682071
counter/3/0/0/0,20687:1747647667402:,1747647682071
counter/3/0/0/0,20688:1747647667402:,1747647682071
counter/3/0/0/0,20689:1747647667403:,1747647682071
counter/3/0/0/0,20690:1747647667403:,1747647682071
counter/3/0/0/0,20691:1747647667403:,1747647682071
counter/3/0/0/0,20692:1747647667403:,1747647682071
counter/3/0/0/0,20693:1747647667403:,1747647682071
counter/3/0/0/0,20694:1747647667403:,1747647682071
counter/3/0/0/0,20695:1747647667403:,1747647682071
counter/3/0/0/0,20696:1747647667403:,1747647682071
counter/3/0/0/0,20697:1747647667403:,1747647682072
counter/3/0/0/0,20698:1747647667403:,1747647682072
counter/3/0/0/0,20699:1747647667403:,1747647682072
counter/3/0/0/0,20700:1747647667403:,1747647682072
counter/3/0/0/0,20701:1747647667403:,1747647682072
counter/3/0/0/0,20702:1747647667403:,1747647682072
counter/3/0/0/0,20703:1747647667403:,1747647682072
counter/3/0/0/0,20704:1747647667403:,1747647682072
counter/3/0/0/0,20705:1747647667403:,1747647682072
counter/8/0/0/0,22992:1747647667578:,1747647682072
counter/3/0/0/0,20706:1747647667403:,1747647682072
counter/9/0/0/0,25069:1747647668646:,1747647682072
counter/3/0/0/0,20707:1747647667403:,1747647682072
counter/9/0/0/0,25070:1747647668646:,1747647682072
counter/3/0/0/0,20708:1747647667403:,1747647682072
counter/9/0/0/0,25071:1747647668646:,1747647682072
counter/3/0/0/0,20709:1747647667403:,1747647682072
counter/9/0/0/0,25072:1747647668646:,1747647682072
counter/3/0/0/0,20710:1747647667404:,1747647682072
counter/9/0/0/0,25073:1747647668646:,1747647682072
counter/7/0/0/0,20230:1747647665453:,1747647682072
counter/3/0/0/0,20711:1747647667404:,1747647682072
counter/9/0/0/0,25074:1747647668646:,1747647682072
counter/7/0/0/0,20231:1747647665454:,1747647682072
counter/3/0/0/0,20712:1747647667404:,1747647682072
counter/7/0/0/0,20232:1747647665454:,1747647682072
counter/3/0/0/0,20713:1747647667404:,1747647682072
counter/7/0/0/0,20233:1747647665454:,1747647682072
counter/3/0/0/0,20714:1747647667404:,1747647682072
counter/7/0/0/0,20234:1747647665454:,1747647682072
counter/3/0/0/0,20715:1747647667404:,1747647682072
counter/7/0/0/0,20235:1747647665454:,1747647682072
counter/3/0/0/0,20716:1747647667404:,1747647682072
counter/7/0/0/0,20236:1747647665454:,1747647682072
counter/3/0/0/0,20717:1747647667404:,1747647682072
counter/7/0/0/0,20237:1747647665454:,1747647682072
counter/3/0/0/0,20718:1747647667417:,1747647682072
counter/7/0/0/0,20238:1747647665454:,1747647682072
counter/3/0/0/0,20719:1747647667417:,1747647682072
counter/7/0/0/0,20239:1747647665454:,1747647682072
counter/3/0/0/0,20720:1747647667417:,1747647682072
counter/7/0/0/0,20240:1747647665454:,1747647682072
counter/3/0/0/0,20721:1747647667417:,1747647682073
counter/7/0/0/0,20241:1747647665454:,1747647682073
counter/3/0/0/0,20722:1747647667417:,1747647682073
counter/7/0/0/0,20242:1747647665464:,1747647682073
counter/3/0/0/0,20723:1747647667417:,1747647682073
counter/7/0/0/0,20243:1747647665474:,1747647682073
counter/3/0/0/0,20724:1747647667417:,1747647682073
counter/7/0/0/0,20244:1747647665474:,1747647682073
counter/3/0/0/0,20725:1747647667417:,1747647682073
counter/7/0/0/0,20245:1747647665474:,1747647682073
counter/3/0/0/0,20726:1747647667426:,1747647682073
counter/7/0/0/0,20246:1747647665474:,1747647682073
counter/4/0/0/0,19052:1747647665888:,1747647682073
counter/3/0/0/0,20727:1747647667429:,1747647682073
counter/7/0/0/0,20247:1747647665474:,1747647682073
counter/10/0/0/0,19231:1747647664923:,1747647682073
counter/3/0/0/0,20728:1747647667429:,1747647682073
counter/7/0/0/0,20248:1747647665474:,1747647682073
counter/5/0/0/0,21958:1747647667431:,1747647682073
counter/3/0/0/0,20729:1747647667429:,1747647682073
counter/7/0/0/0,20249:1747647665474:,1747647682073
counter/5/0/0/0,21959:1747647667433:,1747647682073
counter/9/0/0/0,25075:1747647668646:,1747647682073
counter/3/0/0/0,20730:1747647667429:,1747647682073
counter/7/0/0/0,20250:1747647665474:,1747647682073
counter/9/0/0/0,25076:1747647668649:,1747647682073
counter/3/0/0/0,20731:1747647667429:,1747647682073
counter/7/0/0/0,20251:1747647665474:,1747647682073
counter/9/0/0/0,25077:1747647668649:,1747647682073
counter/3/0/0/0,20732:1747647667429:,1747647682073
counter/7/0/0/0,20252:1747647665474:,1747647682073
counter/9/0/0/0,25078:1747647668649:,1747647682073
counter/3/0/0/0,20733:1747647667430:,1747647682073
counter/7/0/0/0,20253:1747647665474:,1747647682073
counter/9/0/0/0,25079:1747647668650:,1747647682073
counter/6/0/0/0,20619:1747647667349:,1747647682073
counter/3/0/0/0,20734:1747647667430:,1747647682073
counter/7/0/0/0,20254:1747647665474:,1747647682073
counter/9/0/0/0,25080:1747647668650:,1747647682073
counter/4/0/0/0,19053:1747647665888:,1747647682073
counter/3/0/0/0,20735:1747647667430:,1747647682073
counter/7/0/0/0,20255:1747647665474:,1747647682073
counter/9/0/0/0,25081:1747647668650:,1747647682073
counter/3/0/0/0,20736:1747647667430:,1747647682073
counter/7/0/0/0,20256:1747647665475:,1747647682074
counter/9/0/0/0,25082:1747647668650:,1747647682074
counter/3/0/0/0,20737:1747647667432:,1747647682074
counter/7/0/0/0,20257:1747647665475:,1747647682074
counter/9/0/0/0,25083:1747647668650:,1747647682074
counter/3/0/0/0,20738:1747647667435:,1747647682074
counter/7/0/0/0,20258:1747647665475:,1747647682074
counter/9/0/0/0,25084:1747647668650:,1747647682074
counter/3/0/0/0,20739:1747647667435:,1747647682074
counter/7/0/0/0,20259:1747647665480:,1747647682074
counter/3/0/0/0,20740:1747647667435:,1747647682074
counter/7/0/0/0,20260:1747647665480:,1747647682074
counter/8/0/0/0,22993:1747647667578:,1747647682074
counter/3/0/0/0,20741:1747647667436:,1747647682074
counter/7/0/0/0,20261:1747647665480:,1747647682074
counter/10/0/0/0,19232:1747647664923:,1747647682074
counter/3/0/0/0,20742:1747647667436:,1747647682074
counter/7/0/0/0,20262:1747647665480:,1747647682074
counter/2/0/0/0,24701:1747647670444:,1747647682074
counter/4/0/0/0,19054:1747647665890:,1747647682074
counter/3/0/0/0,20743:1747647667436:,1747647682074
counter/7/0/0/0,20263:1747647665480:,1747647682074
counter/6/0/0/0,20620:1747647667349:,1747647682074
counter/1/0/0/0,19862:1747647666061:,1747647682074
counter/3/0/0/0,20744:1747647667436:,1747647682074
counter/7/0/0/0,20264:1747647665481:,1747647682074
counter/3/0/0/0,20745:1747647667436:,1747647682074
counter/7/0/0/0,20265:1747647665481:,1747647682074
counter/3/0/0/0,20746:1747647667436:,1747647682074
counter/7/0/0/0,20266:1747647665481:,1747647682074
counter/3/0/0/0,20747:1747647667436:,1747647682074
counter/7/0/0/0,20267:1747647665481:,1747647682074
counter/3/0/0/0,20748:1747647667436:,1747647682074
counter/7/0/0/0,20268:1747647665481:,1747647682074
counter/3/0/0/0,20749:1747647667436:,1747647682074
counter/3/0/0/0,20750:1747647667436:,1747647682074
counter/3/0/0/0,20751:1747647667436:,1747647682074
counter/9/0/0/0,25085:1747647668650:,1747647682074
counter/3/0/0/0,20752:1747647667447:,1747647682074
counter/3/0/0/0,20753:1747647667447:,1747647682074
counter/7/0/0/0,20269:1747647665481:,1747647682075
counter/3/0/0/0,20754:1747647667448:,1747647682075
counter/8/0/0/0,22994:1747647667578:,1747647682075
counter/3/0/0/0,20755:1747647667448:,1747647682075
counter/10/0/0/0,19233:1747647664923:,1747647682075
counter/3/0/0/0,20756:1747647667448:,1747647682075
counter/2/0/0/0,24702:1747647670444:,1747647682075
counter/3/0/0/0,20757:1747647667448:,1747647682075
counter/10/0/0/0,19234:1747647664923:,1747647682075
counter/3/0/0/0,20758:1747647667448:,1747647682075
counter/1/0/0/0,19863:1747647666061:,1747647682075
counter/3/0/0/0,20759:1747647667448:,1747647682075
counter/6/0/0/0,20621:1747647667349:,1747647682075
counter/3/0/0/0,20760:1747647667452:,1747647682075
counter/1/0/0/0,19864:1747647666061:,1747647682075
counter/3/0/0/0,20761:1747647667452:,1747647682075
counter/1/0/0/0,19865:1747647666061:,1747647682075
counter/3/0/0/0,20762:1747647667452:,1747647682075
counter/1/0/0/0,19866:1747647666061:,1747647682075
counter/3/0/0/0,20763:1747647667452:,1747647682075
counter/1/0/0/0,19867:1747647666061:,1747647682075
counter/3/0/0/0,20764:1747647667452:,1747647682075
counter/1/0/0/0,19868:1747647666061:,1747647682075
counter/3/0/0/0,20765:1747647667452:,1747647682075
counter/1/0/0/0,19869:1747647666061:,1747647682075
counter/3/0/0/0,20766:1747647667452:,1747647682075
counter/1/0/0/0,19870:1747647666062:,1747647682075
counter/3/0/0/0,20767:1747647667452:,1747647682075
counter/1/0/0/0,19871:1747647666062:,1747647682075
counter/3/0/0/0,20768:1747647667452:,1747647682075
counter/1/0/0/0,19872:1747647666062:,1747647682075
counter/8/0/0/0,22995:1747647667578:,1747647682075
counter/3/0/0/0,20769:1747647667452:,1747647682075
counter/1/0/0/0,19873:1747647666063:,1747647682075
counter/8/0/0/0,22996:1747647667578:,1747647682076
counter/10/0/0/0,19235:1747647664923:,1747647682076
counter/3/0/0/0,20770:1747647667452:,1747647682076
counter/1/0/0/0,19874:1747647666063:,1747647682076
counter/10/0/0/0,19236:1747647664923:,1747647682076
counter/5/0/0/0,21960:1747647667433:,1747647682076
counter/3/0/0/0,20771:1747647667461:,1747647682076
counter/1/0/0/0,19875:1747647666063:,1747647682076
counter/10/0/0/0,19237:1747647664923:,1747647682076
counter/7/0/0/0,20270:1747647665481:,1747647682076
counter/3/0/0/0,20772:1747647667461:,1747647682076
counter/1/0/0/0,19876:1747647666063:,1747647682076
counter/3/0/0/0,20773:1747647667461:,1747647682076
counter/1/0/0/0,19877:1747647666063:,1747647682076
counter/3/0/0/0,20774:1747647667461:,1747647682076
counter/1/0/0/0,19878:1747647666063:,1747647682076
counter/3/0/0/0,20775:1747647667461:,1747647682076
counter/1/0/0/0,19879:1747647666063:,1747647682076
counter/3/0/0/0,20776:1747647667461:,1747647682076
counter/1/0/0/0,19880:1747647666064:,1747647682076
counter/3/0/0/0,20777:1747647667461:,1747647682076
counter/1/0/0/0,19881:1747647666064:,1747647682076
counter/3/0/0/0,20778:1747647667461:,1747647682076
counter/1/0/0/0,19882:1747647666068:,1747647682076
counter/3/0/0/0,20779:1747647667461:,1747647682076
counter/1/0/0/0,19883:1747647666068:,1747647682076
counter/8/0/0/0,22997:1747647667578:,1747647682076
counter/3/0/0/0,20780:1747647667461:,1747647682076
counter/1/0/0/0,19884:1747647666068:,1747647682076
counter/10/0/0/0,19238:1747647664923:,1747647682076
counter/9/0/0/0,25086:1747647668650:,1747647682076
counter/3/0/0/0,20781:1747647667461:,1747647682076
counter/1/0/0/0,19885:1747647666068:,1747647682076
counter/5/0/0/0,21961:1747647667433:,1747647682076
counter/3/0/0/0,20782:1747647667461:,1747647682076
counter/1/0/0/0,19886:1747647666068:,1747647682076
counter/5/0/0/0,21962:1747647667433:,1747647682076
counter/3/0/0/0,20783:1747647667461:,1747647682076
counter/1/0/0/0,19887:1747647666068:,1747647682076
counter/5/0/0/0,21963:1747647667434:,1747647682076
counter/3/0/0/0,20784:1747647667478:,1747647682076
counter/1/0/0/0,19888:1747647666068:,1747647682076
counter/5/0/0/0,21964:1747647667434:,1747647682077
counter/3/0/0/0,20785:1747647667478:,1747647682077
counter/1/0/0/0,19889:1747647666068:,1747647682077
counter/5/0/0/0,21965:1747647667434:,1747647682077
counter/3/0/0/0,20786:1747647667478:,1747647682077
counter/1/0/0/0,19890:1747647666073:,1747647682077
counter/5/0/0/0,21966:1747647667434:,1747647682077
counter/3/0/0/0,20787:1747647667478:,1747647682077
counter/1/0/0/0,19891:1747647666073:,1747647682077
counter/5/0/0/0,21967:1747647667434:,1747647682077
counter/3/0/0/0,20788:1747647667478:,1747647682077
counter/1/0/0/0,19892:1747647666074:,1747647682077
counter/5/0/0/0,21968:1747647667434:,1747647682077
counter/3/0/0/0,20789:1747647667478:,1747647682077
counter/1/0/0/0,19893:1747647666074:,1747647682077
counter/5/0/0/0,21969:1747647667434:,1747647682077
counter/3/0/0/0,20790:1747647667478:,1747647682077
counter/1/0/0/0,19894:1747647666074:,1747647682077
counter/5/0/0/0,21970:1747647667434:,1747647682077
counter/3/0/0/0,20791:1747647667478:,1747647682077
counter/1/0/0/0,19895:1747647666084:,1747647682077
counter/5/0/0/0,21971:1747647667434:,1747647682077
counter/7/0/0/0,20271:1747647665481:,1747647682077
counter/3/0/0/0,20792:1747647667479:,1747647682077
counter/1/0/0/0,19896:1747647666084:,1747647682077
counter/5/0/0/0,21972:1747647667434:,1747647682077
counter/9/0/0/0,25087:1747647668650:,1747647682077
counter/3/0/0/0,20793:1747647667479:,1747647682077
counter/1/0/0/0,19897:1747647666084:,1747647682077
counter/5/0/0/0,21973:1747647667434:,1747647682077
counter/9/0/0/0,25088:1747647668650:,1747647682077
counter/3/0/0/0,20794:1747647667479:,1747647682077
counter/1/0/0/0,19898:1747647666084:,1747647682077
counter/5/0/0/0,21974:1747647667434:,1747647682077
counter/9/0/0/0,25089:1747647668650:,1747647682077
counter/3/0/0/0,20795:1747647667479:,1747647682077
counter/5/0/0/0,21975:1747647667434:,1747647682077
counter/9/0/0/0,25090:1747647668650:,1747647682077
counter/3/0/0/0,20796:1747647667479:,1747647682077
counter/5/0/0/0,21976:1747647667444:,1747647682078
counter/9/0/0/0,25091:1747647668650:,1747647682078
counter/3/0/0/0,20797:1747647667479:,1747647682078
counter/5/0/0/0,21977:1747647667444:,1747647682078
counter/9/0/0/0,25092:1747647668650:,1747647682078
counter/3/0/0/0,20798:1747647667479:,1747647682078
counter/5/0/0/0,21978:1747647667444:,1747647682078
counter/9/0/0/0,25093:1747647668657:,1747647682078
counter/3/0/0/0,20799:1747647667479:,1747647682078
counter/5/0/0/0,21979:1747647667444:,1747647682078
counter/9/0/0/0,25094:1747647668658:,1747647682078
counter/3/0/0/0,20800:1747647667479:,1747647682078
counter/5/0/0/0,21980:1747647667444:,1747647682078
counter/9/0/0/0,25095:1747647668658:,1747647682078
counter/6/0/0/0,20622:1747647667349:,1747647682078
counter/8/0/0/0,22998:1747647667578:,1747647682078
counter/3/0/0/0,20801:1747647667479:,1747647682078
counter/5/0/0/0,21981:1747647667445:,1747647682078
counter/9/0/0/0,25096:1747647668658:,1747647682078
counter/8/0/0/0,22999:1747647667578:,1747647682078
counter/4/0/0/0,19055:1747647665890:,1747647682078
counter/3/0/0/0,20802:1747647667479:,1747647682078
counter/5/0/0/0,21982:1747647667445:,1747647682078
counter/9/0/0/0,25097:1747647668658:,1747647682078
counter/8/0/0/0,23000:1747647667579:,1747647682078
counter/10/0/0/0,19239:1747647664923:,1747647682078
counter/7/0/0/0,20272:1747647665481:,1747647682078
counter/3/0/0/0,20803:1747647667479:,1747647682078
counter/5/0/0/0,21983:1747647667445:,1747647682078
counter/9/0/0/0,25098:1747647668658:,1747647682078
counter/7/0/0/0,20273:1747647665489:,1747647682078
counter/3/0/0/0,20804:1747647667479:,1747647682078
counter/5/0/0/0,21984:1747647667445:,1747647682078
counter/9/0/0/0,25099:1747647668658:,1747647682078
counter/7/0/0/0,20274:1747647665490:,1747647682078
counter/8/0/0/0,23001:1747647667579:,1747647682078
counter/4/0/0/0,19056:1747647665890:,1747647682078
counter/3/0/0/0,20805:1747647667479:,1747647682078
counter/9/0/0/0,25100:1747647668658:,1747647682078
counter/7/0/0/0,20275:1747647665490:,1747647682078
counter/10/0/0/0,19240:1747647664923:,1747647682079
counter/3/0/0/0,20806:1747647667479:,1747647682079
counter/9/0/0/0,25101:1747647668658:,1747647682079
counter/7/0/0/0,20276:1747647665490:,1747647682079
counter/10/0/0/0,19241:1747647664923:,1747647682079
counter/3/0/0/0,20807:1747647667479:,1747647682079
counter/9/0/0/0,25102:1747647668658:,1747647682079
counter/7/0/0/0,20277:1747647665490:,1747647682079
counter/10/0/0/0,19242:1747647664932:,1747647682079
counter/3/0/0/0,20808:1747647667479:,1747647682079
counter/9/0/0/0,25103:1747647668658:,1747647682079
counter/7/0/0/0,20278:1747647665490:,1747647682079
counter/10/0/0/0,19243:1747647664932:,1747647682079
counter/5/0/0/0,21985:1747647667445:,1747647682079
counter/3/0/0/0,20809:1747647667479:,1747647682079
counter/9/0/0/0,25104:1747647668658:,1747647682079
counter/10/0/0/0,19244:1747647664932:,1747647682079
counter/3/0/0/0,20810:1747647667479:,1747647682079
counter/9/0/0/0,25105:1747647668663:,1747647682079
counter/10/0/0/0,19245:1747647664932:,1747647682079
counter/3/0/0/0,20811:1747647667479:,1747647682079
counter/9/0/0/0,25106:1747647668663:,1747647682079
counter/10/0/0/0,19246:1747647664932:,1747647682079
counter/7/0/0/0,20279:1747647665490:,1747647682079
counter/3/0/0/0,20812:1747647667479:,1747647682079
counter/9/0/0/0,25107:1747647668663:,1747647682079
counter/10/0/0/0,19247:1747647664932:,1747647682079
counter/1/0/0/0,19899:1747647666084:,1747647682079
counter/6/0/0/0,20623:1747647667349:,1747647682079
counter/3/0/0/0,20813:1747647667479:,1747647682079
counter/9/0/0/0,25108:1747647668663:,1747647682079
counter/10/0/0/0,19248:1747647664932:,1747647682079
counter/4/0/0/0,19057:1747647665890:,1747647682079
counter/8/0/0/0,23002:1747647667579:,1747647682079
counter/3/0/0/0,20814:1747647667480:,1747647682079
counter/9/0/0/0,25109:1747647668663:,1747647682079
counter/10/0/0/0,19249:1747647664932:,1747647682079
counter/2/0/0/0,24703:1747647670444:,1747647682080
counter/3/0/0/0,20815:1747647667480:,1747647682080
counter/9/0/0/0,25110:1747647668663:,1747647682080
counter/10/0/0/0,19250:1747647664933:,1747647682080
counter/4/0/0/0,19058:1747647665890:,1747647682080
counter/3/0/0/0,20816:1747647667480:,1747647682080
counter/9/0/0/0,25111:1747647668663:,1747647682080
counter/10/0/0/0,19251:1747647664933:,1747647682080
counter/8/0/0/0,23003:1747647667579:,1747647682080
counter/3/0/0/0,20817:1747647667480:,1747647682080
counter/9/0/0/0,25112:1747647668663:,1747647682080
counter/10/0/0/0,19252:1747647664933:,1747647682080
counter/3/0/0/0,20818:1747647667480:,1747647682080
counter/9/0/0/0,25113:1747647668663:,1747647682080
counter/10/0/0/0,19253:1747647664933:,1747647682080
counter/3/0/0/0,20819:1747647667480:,1747647682080
counter/9/0/0/0,25114:1747647668663:,1747647682080
counter/3/0/0/0,20820:1747647667499:,1747647682080
counter/9/0/0/0,25115:1747647668663:,1747647682080
counter/3/0/0/0,20821:1747647667499:,1747647682080
counter/9/0/0/0,25116:1747647668663:,1747647682080
counter/3/0/0/0,20822:1747647667499:,1747647682080
counter/9/0/0/0,25117:1747647668663:,1747647682080
counter/3/0/0/0,20823:1747647667499:,1747647682080
counter/9/0/0/0,25118:1747647668663:,1747647682080
counter/3/0/0/0,20824:1747647667499:,1747647682080
counter/9/0/0/0,25119:1747647668663:,1747647682080
counter/3/0/0/0,20825:1747647667499:,1747647682080
counter/9/0/0/0,25120:1747647668663:,1747647682080
counter/9/0/0/0,25121:1747647668663:,1747647682080
counter/9/0/0/0,25122:1747647668663:,1747647682080
counter/9/0/0/0,25123:1747647668664:,1747647682080
counter/9/0/0/0,25124:1747647668664:,1747647682080
counter/9/0/0/0,25125:1747647668664:,1747647682080
counter/9/0/0/0,25126:1747647668664:,1747647682080
counter/9/0/0/0,25127:1747647668664:,1747647682080
counter/9/0/0/0,25128:1747647668664:,1747647682080
counter/9/0/0/0,25129:1747647668664:,1747647682080
counter/9/0/0/0,25130:1747647668664:,1747647682081
counter/9/0/0/0,25131:1747647668664:,1747647682081
counter/9/0/0/0,25132:1747647668664:,1747647682081
counter/9/0/0/0,25133:1747647668664:,1747647682081
counter/3/0/0/0,20826:1747647667499:,1747647682081
counter/9/0/0/0,25134:1747647668664:,1747647682081
counter/6/0/0/0,20624:1747647667349:,1747647682081
counter/9/0/0/0,25135:1747647668664:,1747647682081
counter/8/0/0/0,23004:1747647667579:,1747647682081
counter/9/0/0/0,25136:1747647668664:,1747647682081
counter/8/0/0/0,23005:1747647667579:,1747647682081
counter/10/0/0/0,19254:1747647664933:,1747647682081
counter/9/0/0/0,25137:1747647668664:,1747647682081
counter/8/0/0/0,23006:1747647667582:,1747647682081
counter/9/0/0/0,25138:1747647668664:,1747647682081
counter/8/0/0/0,23007:1747647667582:,1747647682081
counter/9/0/0/0,25139:1747647668664:,1747647682081
counter/8/0/0/0,23008:1747647667582:,1747647682081
counter/9/0/0/0,25140:1747647668664:,1747647682081
counter/8/0/0/0,23009:1747647667582:,1747647682081
counter/3/0/0/0,20827:1747647667499:,1747647682081
counter/9/0/0/0,25141:1747647668664:,1747647682081
counter/8/0/0/0,23010:1747647667582:,1747647682081
counter/4/0/0/0,19059:1747647665890:,1747647682081
counter/10/0/0/0,19255:1747647664933:,1747647682081
counter/9/0/0/0,25142:1747647668664:,1747647682081
counter/8/0/0/0,23011:1747647667582:,1747647682081
counter/7/0/0/0,20280:1747647665490:,1747647682081
counter/9/0/0/0,25143:1747647668666:,1747647682081
counter/9/0/0/0,25144:1747647668666:,1747647682081
counter/9/0/0/0,25145:1747647668666:,1747647682081
counter/9/0/0/0,25146:1747647668666:,1747647682081
counter/9/0/0/0,25147:1747647668666:,1747647682081
counter/3/0/0/0,20828:1747647667499:,1747647682081
counter/10/0/0/0,19256:1747647664933:,1747647682081
counter/9/0/0/0,25148:1747647668666:,1747647682081
counter/3/0/0/0,20829:1747647667499:,1747647682081
counter/9/0/0/0,25149:1747647668669:,1747647682081
counter/1/0/0/0,19900:1747647666090:,1747647682082
counter/9/0/0/0,25150:1747647668669:,1747647682082
counter/3/0/0/0,20830:1747647667512:,1747647682082
counter/5/0/0/0,21986:1747647667445:,1747647682082
counter/6/0/0/0,20625:1747647667349:,1747647682082
counter/9/0/0/0,25151:1747647668669:,1747647682082
counter/9/0/0/0,25152:1747647668669:,1747647682082
counter/9/0/0/0,25153:1747647668669:,1747647682082
counter/9/0/0/0,25154:1747647668669:,1747647682082
counter/9/0/0/0,25155:1747647668672:,1747647682082
counter/9/0/0/0,25156:1747647668672:,1747647682082
counter/9/0/0/0,25157:1747647668672:,1747647682082
counter/9/0/0/0,25158:1747647668672:,1747647682082
counter/9/0/0/0,25159:1747647668672:,1747647682082
counter/9/0/0/0,25160:1747647668672:,1747647682082
counter/9/0/0/0,25161:1747647668675:,1747647682082
counter/9/0/0/0,25162:1747647668676:,1747647682082
counter/9/0/0/0,25163:1747647668676:,1747647682082
counter/3/0/0/0,20831:1747647667512:,1747647682082
counter/9/0/0/0,25164:1747647668676:,1747647682082
counter/4/0/0/0,19060:1747647665890:,1747647682082
counter/9/0/0/0,25165:1747647668676:,1747647682082
counter/3/0/0/0,20832:1747647667512:,1747647682082
counter/9/0/0/0,25166:1747647668676:,1747647682082
counter/8/0/0/0,23012:1747647667582:,1747647682082
counter/7/0/0/0,20281:1747647665490:,1747647682082
counter/9/0/0/0,25167:1747647668676:,1747647682082
counter/3/0/0/0,20833:1747647667512:,1747647682082
counter/9/0/0/0,25168:1747647668676:,1747647682082
counter/1/0/0/0,19901:1747647666090:,1747647682082
counter/9/0/0/0,25169:1747647668676:,1747647682082
counter/9/0/0/0,25170:1747647668679:,1747647682082
counter/6/0/0/0,20626:1747647667349:,1747647682082
counter/9/0/0/0,25171:1747647668679:,1747647682082
counter/10/0/0/0,19257:1747647664933:,1747647682082
counter/9/0/0/0,25172:1747647668679:,1747647682082
counter/4/0/0/0,19061:1747647665890:,1747647682082
counter/8/0/0/0,23013:1747647667582:,1747647682083
counter/9/0/0/0,25173:1747647668679:,1747647682083
counter/8/0/0/0,23014:1747647667582:,1747647682083
counter/9/0/0/0,25174:1747647668679:,1747647682083
counter/8/0/0/0,23015:1747647667586:,1747647682083
counter/3/0/0/0,20834:1747647667512:,1747647682083
counter/9/0/0/0,25175:1747647668679:,1747647682083
counter/8/0/0/0,23016:1747647667586:,1747647682083
counter/9/0/0/0,25176:1747647668679:,1747647682083
counter/9/0/0/0,25177:1747647668679:,1747647682083
counter/9/0/0/0,25178:1747647668679:,1747647682083
counter/9/0/0/0,25179:1747647668679:,1747647682083
counter/9/0/0/0,25180:1747647668679:,1747647682083
counter/9/0/0/0,25181:1747647668679:,1747647682083
counter/9/0/0/0,25182:1747647668679:,1747647682083
counter/9/0/0/0,25183:1747647668679:,1747647682083
counter/3/0/0/0,20835:1747647667512:,1747647682083
counter/10/0/0/0,19258:1747647664933:,1747647682083
counter/9/0/0/0,25184:1747647668679:,1747647682083
counter/3/0/0/0,20836:1747647667512:,1747647682083
counter/7/0/0/0,20282:1747647665490:,1747647682083
counter/9/0/0/0,25185:1747647668679:,1747647682083
counter/1/0/0/0,19902:1747647666090:,1747647682083
counter/9/0/0/0,25186:1747647668679:,1747647682083
counter/8/0/0/0,23017:1747647667586:,1747647682083
counter/9/0/0/0,25187:1747647668679:,1747647682083
counter/8/0/0/0,23018:1747647667586:,1747647682083
counter/2/0/0/0,24704:1747647670444:,1747647682083
counter/9/0/0/0,25188:1747647668679:,1747647682083
counter/9/0/0/0,25189:1747647668679:,1747647682083
counter/5/0/0/0,21987:1747647667445:,1747647682083
counter/4/0/0/0,19062:1747647665890:,1747647682083
counter/10/0/0/0,19259:1747647664933:,1747647682083
counter/10/0/0/0,19260:1747647664933:,1747647682083
counter/10/0/0/0,19261:1747647664933:,1747647682083
counter/10/0/0/0,19262:1747647664933:,1747647682083
counter/2/0/0/0,24705:1747647670444:,1747647682083
counter/10/0/0/0,19263:1747647664933:,1747647682083
counter/5/0/0/0,21988:1747647667445:,1747647682083
counter/10/0/0/0,19264:1747647664933:,1747647682083
counter/4/0/0/0,19063:1747647665890:,1747647682083
counter/10/0/0/0,19265:1747647664934:,1747647682084
counter/3/0/0/0,20837:1747647667512:,1747647682084
counter/7/0/0/0,20283:1747647665490:,1747647682084
counter/3/0/0/0,20838:1747647667512:,1747647682084
counter/3/0/0/0,20839:1747647667512:,1747647682084
counter/3/0/0/0,20840:1747647667512:,1747647682084
counter/3/0/0/0,20841:1747647667512:,1747647682084
counter/2/0/0/0,24706:1747647670444:,1747647682084
counter/3/0/0/0,20842:1747647667512:,1747647682084
counter/5/0/0/0,21989:1747647667445:,1747647682084
counter/4/0/0/0,19064:1747647665890:,1747647682084
counter/9/0/0/0,25190:1747647668679:,1747647682084
counter/7/0/0/0,20284:1747647665497:,1747647682084
counter/1/0/0/0,19903:1747647666091:,1747647682084
counter/6/0/0/0,20627:1747647667349:,1747647682084
counter/10/0/0/0,19266:1747647664934:,1747647682084
counter/8/0/0/0,23019:1747647667587:,1747647682084
counter/2/0/0/0,24707:1747647670444:,1747647682084
counter/2/0/0/0,24708:1747647670444:,1747647682084
counter/2/0/0/0,24709:1747647670445:,1747647682084
counter/2/0/0/0,24710:1747647670445:,1747647682084
counter/2/0/0/0,24711:1747647670445:,1747647682084
counter/2/0/0/0,24712:1747647670445:,1747647682084
counter/2/0/0/0,24713:1747647670445:,1747647682084
counter/1/0/0/0,19904:1747647666091:,1747647682084
counter/10/0/0/0,19267:1747647664934:,1747647682084
counter/8/0/0/0,23020:1747647667587:,1747647682084
counter/8/0/0/0,23021:1747647667587:,1747647682084
counter/8/0/0/0,23022:1747647667592:,1747647682084
counter/8/0/0/0,23023:1747647667592:,1747647682084
counter/4/0/0/0,19065:1747647665890:,1747647682084
counter/2/0/0/0,24714:1747647670449:,1747647682084
counter/6/0/0/0,20628:1747647667349:,1747647682084
counter/9/0/0/0,25191:1747647668679:,1747647682084
counter/9/0/0/0,25192:1747647668682:,1747647682084
counter/9/0/0/0,25193:1747647668682:,1747647682084
counter/9/0/0/0,25194:1747647668682:,1747647682084
counter/9/0/0/0,25195:1747647668682:,1747647682084
counter/9/0/0/0,25196:1747647668683:,1747647682084
counter/9/0/0/0,25197:1747647668683:,1747647682084
counter/9/0/0/0,25198:1747647668683:,1747647682085
counter/4/0/0/0,19066:1747647665890:,1747647682085
counter/6/0/0/0,20629:1747647667349:,1747647682085
counter/6/0/0/0,20630:1747647667353:,1747647682085
counter/10/0/0/0,19268:1747647664934:,1747647682085
counter/8/0/0/0,23024:1747647667593:,1747647682085
counter/7/0/0/0,20285:1747647665497:,1747647682085
counter/5/0/0/0,21990:1747647667452:,1747647682085
counter/9/0/0/0,25199:1747647668683:,1747647682085
counter/5/0/0/0,21991:1747647667452:,1747647682085
counter/9/0/0/0,25200:1747647668683:,1747647682085
counter/9/0/0/0,25201:1747647668683:,1747647682085
counter/9/0/0/0,25202:1747647668683:,1747647682085
counter/9/0/0/0,25203:1747647668683:,1747647682085
counter/9/0/0/0,25204:1747647668683:,1747647682085
counter/9/0/0/0,25205:1747647668683:,1747647682085
counter/9/0/0/0,25206:1747647668683:,1747647682085
counter/9/0/0/0,25207:1747647668683:,1747647682085
counter/9/0/0/0,25208:1747647668683:,1747647682085
counter/9/0/0/0,25209:1747647668691:,1747647682085
counter/9/0/0/0,25210:1747647668691:,1747647682085
counter/4/0/0/0,19067:1747647665896:,1747647682085
counter/6/0/0/0,20631:1747647667353:,1747647682085
counter/4/0/0/0,19068:1747647665896:,1747647682085
counter/8/0/0/0,23025:1747647667593:,1747647682085
counter/8/0/0/0,23026:1747647667593:,1747647682085
counter/8/0/0/0,23027:1747647667593:,1747647682085
counter/3/0/0/0,20843:1747647667513:,1747647682085
counter/3/0/0/0,20844:1747647667524:,1747647682085
counter/9/0/0/0,25211:1747647668691:,1747647682085
counter/2/0/0/0,24715:1747647670474:,1747647682085
counter/6/0/0/0,20632:1747647667354:,1747647682085
counter/6/0/0/0,20633:1747647667354:,1747647682085
counter/6/0/0/0,20634:1747647667354:,1747647682085
counter/1/0/0/0,19905:1747647666091:,1747647682085
counter/8/0/0/0,23028:1747647667593:,1747647682085
counter/1/0/0/0,19906:1747647666092:,1747647682085
counter/1/0/0/0,19907:1747647666092:,1747647682085
counter/1/0/0/0,19908:1747647666092:,1747647682085
counter/1/0/0/0,19909:1747647666092:,1747647682086
counter/2/0/0/0,24716:1747647670493:,1747647682086
counter/6/0/0/0,20635:1747647667354:,1747647682086
counter/2/0/0/0,24717:1747647670494:,1747647682086
counter/8/0/0/0,23029:1747647667593:,1747647682086
counter/8/0/0/0,23030:1747647667593:,1747647682086
counter/8/0/0/0,23031:1747647667593:,1747647682086
counter/8/0/0/0,23032:1747647667593:,1747647682086
counter/8/0/0/0,23033:1747647667593:,1747647682086
counter/8/0/0/0,23034:1747647667593:,1747647682086
counter/8/0/0/0,23035:1747647667597:,1747647682086
counter/6/0/0/0,20636:1747647667354:,1747647682086
counter/5/0/0/0,21992:1747647667452:,1747647682086
counter/7/0/0/0,20286:1747647665497:,1747647682086
counter/9/0/0/0,25212:1747647668691:,1747647682086
counter/10/0/0/0,19269:1747647664934:,1747647682086
counter/3/0/0/0,20845:1747647667524:,1747647682086
counter/8/0/0/0,23036:1747647667597:,1747647682086
counter/1/0/0/0,19910:1747647666092:,1747647682086
counter/1/0/0/0,19911:1747647666092:,1747647682086
counter/1/0/0/0,19912:1747647666092:,1747647682086
counter/1/0/0/0,19913:1747647666092:,1747647682086
counter/1/0/0/0,19914:1747647666092:,1747647682086
counter/1/0/0/0,19915:1747647666092:,1747647682086
counter/1/0/0/0,19916:1747647666092:,1747647682086
counter/1/0/0/0,19917:1747647666092:,1747647682086
counter/1/0/0/0,19918:1747647666092:,1747647682086
counter/1/0/0/0,19919:1747647666092:,1747647682086
counter/1/0/0/0,19920:1747647666101:,1747647682086
counter/1/0/0/0,19921:1747647666101:,1747647682086
counter/1/0/0/0,19922:1747647666101:,1747647682086
counter/1/0/0/0,19923:1747647666101:,1747647682086
counter/9/0/0/0,25213:1747647668691:,1747647682086
counter/10/0/0/0,19270:1747647664936:,1747647682086
counter/3/0/0/0,20846:1747647667524:,1747647682086
counter/8/0/0/0,23037:1747647667597:,1747647682086
counter/2/0/0/0,24718:1747647670494:,1747647682086
counter/5/0/0/0,21993:1747647667452:,1747647682087
counter/7/0/0/0,20287:1747647665497:,1747647682087
counter/5/0/0/0,21994:1747647667452:,1747647682087
counter/1/0/0/0,19924:1747647666101:,1747647682087
counter/1/0/0/0,19925:1747647666101:,1747647682087
counter/9/0/0/0,25214:1747647668695:,1747647682087
counter/10/0/0/0,19271:1747647664936:,1747647682087
counter/10/0/0/0,19272:1747647664936:,1747647682087
counter/10/0/0/0,19273:1747647664936:,1747647682087
counter/2/0/0/0,24719:1747647670494:,1747647682087
counter/7/0/0/0,20288:1747647665497:,1747647682087
counter/7/0/0/0,20289:1747647665501:,1747647682087
counter/5/0/0/0,21995:1747647667452:,1747647682087
counter/5/0/0/0,21996:1747647667452:,1747647682087
counter/1/0/0/0,19926:1747647666101:,1747647682087
counter/4/0/0/0,19069:1747647665896:,1747647682087
counter/3/0/0/0,20847:1747647667524:,1747647682087
counter/8/0/0/0,23038:1747647667597:,1747647682087
counter/10/0/0/0,19274:1747647664936:,1747647682087
counter/2/0/0/0,24720:1747647670494:,1747647682087
counter/7/0/0/0,20290:1747647665501:,1747647682087
counter/7/0/0/0,20291:1747647665501:,1747647682087
counter/9/0/0/0,25215:1747647668695:,1747647682087
counter/6/0/0/0,20637:1747647667355:,1747647682087
counter/4/0/0/0,19070:1747647665896:,1747647682087
counter/4/0/0/0,19071:1747647665896:,1747647682087
counter/3/0/0/0,20848:1747647667524:,1747647682087
counter/8/0/0/0,23039:1747647667597:,1747647682087
counter/10/0/0/0,19275:1747647664936:,1747647682087
counter/2/0/0/0,24721:1747647670494:,1747647682087
counter/7/0/0/0,20292:1747647665501:,1747647682087
counter/5/0/0/0,21997:1747647667452:,1747647682087
counter/9/0/0/0,25216:1747647668695:,1747647682087
counter/6/0/0/0,20638:1747647667355:,1747647682087
counter/4/0/0/0,19072:1747647665896:,1747647682087
counter/4/0/0/0,19073:1747647665896:,1747647682087
counter/4/0/0/0,19074:1747647665899:,1747647682087
counter/4/0/0/0,19075:1747647665899:,1747647682088
counter/4/0/0/0,19076:1747647665899:,1747647682088
counter/4/0/0/0,19077:1747647665899:,1747647682088
counter/4/0/0/0,19078:1747647665899:,1747647682088
counter/4/0/0/0,19079:1747647665899:,1747647682088
counter/4/0/0/0,19080:1747647665899:,1747647682088
counter/4/0/0/0,19081:1747647665900:,1747647682088
counter/4/0/0/0,19082:1747647665900:,1747647682088
counter/4/0/0/0,19083:1747647665900:,1747647682088
counter/4/0/0/0,19084:1747647665900:,1747647682088
counter/4/0/0/0,19085:1747647665900:,1747647682088
counter/4/0/0/0,19086:1747647665900:,1747647682088
counter/4/0/0/0,19087:1747647665935:,1747647682088
counter/4/0/0/0,19088:1747647665935:,1747647682088
counter/4/0/0/0,19089:1747647665935:,1747647682088
counter/4/0/0/0,19090:1747647665935:,1747647682088
counter/4/0/0/0,19091:1747647665935:,1747647682088
counter/4/0/0/0,19092:1747647665935:,1747647682088
counter/4/0/0/0,19093:1747647665935:,1747647682088
counter/4/0/0/0,19094:1747647665935:,1747647682088
counter/4/0/0/0,19095:1747647665936:,1747647682088
counter/4/0/0/0,19096:1747647665936:,1747647682088
counter/4/0/0/0,19097:1747647665936:,1747647682088
counter/4/0/0/0,19098:1747647665936:,1747647682088
counter/4/0/0/0,19099:1747647665936:,1747647682088
counter/4/0/0/0,19100:1747647665936:,1747647682088
counter/6/0/0/0,20639:1747647667355:,1747647682088
counter/4/0/0/0,19101:1747647665939:,1747647682088
counter/4/0/0/0,19102:1747647665939:,1747647682088
counter/1/0/0/0,19927:1747647666101:,1747647682088
counter/8/0/0/0,23040:1747647667597:,1747647682088
counter/4/0/0/0,19103:1747647665939:,1747647682088
counter/2/0/0/0,24722:1747647670494:,1747647682088
counter/10/0/0/0,19276:1747647664936:,1747647682088
counter/4/0/0/0,19104:1747647665939:,1747647682088
counter/7/0/0/0,20293:1747647665501:,1747647682088
counter/4/0/0/0,19105:1747647665939:,1747647682088
counter/7/0/0/0,20294:1747647665501:,1747647682088
counter/7/0/0/0,20295:1747647665501:,1747647682088
counter/3/0/0/0,20849:1747647667524:,1747647682088
counter/7/0/0/0,20296:1747647665501:,1747647682089
counter/1/0/0/0,19928:1747647666101:,1747647682089
counter/8/0/0/0,23041:1747647667597:,1747647682089
counter/2/0/0/0,24723:1747647670501:,1747647682089
counter/8/0/0/0,23042:1747647667597:,1747647682089
counter/8/0/0/0,23043:1747647667597:,1747647682089
counter/9/0/0/0,25217:1747647668695:,1747647682089
counter/5/0/0/0,21998:1747647667452:,1747647682089
counter/6/0/0/0,20640:1747647667355:,1747647682089
counter/4/0/0/0,19106:1747647665939:,1747647682089
counter/3/0/0/0,20850:1747647667524:,1747647682089
counter/1/0/0/0,19929:1747647666101:,1747647682089
counter/10/0/0/0,19277:1747647664936:,1747647682089
counter/2/0/0/0,24724:1747647670501:,1747647682089
counter/8/0/0/0,23044:1747647667597:,1747647682089
counter/9/0/0/0,25218:1747647668695:,1747647682089
counter/7/0/0/0,20297:1747647665501:,1747647682089
counter/5/0/0/0,21999:1747647667457:,1747647682089
counter/6/0/0/0,20641:1747647667355:,1747647682089
counter/4/0/0/0,19107:1747647665939:,1747647682089
counter/3/0/0/0,20851:1747647667524:,1747647682089
counter/4/0/0/0,19108:1747647665939:,1747647682089
counter/10/0/0/0,19278:1747647664936:,1747647682089
counter/2/0/0/0,24725:1747647670501:,1747647682089
counter/8/0/0/0,23045:1747647667597:,1747647682089
counter/9/0/0/0,25219:1747647668695:,1747647682089
counter/7/0/0/0,20298:1747647665501:,1747647682089
counter/5/0/0/0,22000:1747647667457:,1747647682089
counter/6/0/0/0,20642:1747647667355:,1747647682089
counter/6/0/0/0,20643:1747647667355:,1747647682089
counter/3/0/0/0,20852:1747647667524:,1747647682089
counter/4/0/0/0,19109:1747647665941:,1747647682089
counter/10/0/0/0,19279:1747647664936:,1747647682089
counter/4/0/0/0,19110:1747647665947:,1747647682089
counter/8/0/0/0,23046:1747647667612:,1747647682089
counter/9/0/0/0,25220:1747647668695:,1747647682089
counter/7/0/0/0,20299:1747647665501:,1747647682089
counter/5/0/0/0,22001:1747647667457:,1747647682089
counter/5/0/0/0,22002:1747647667457:,1747647682090
counter/5/0/0/0,22003:1747647667457:,1747647682090
counter/5/0/0/0,22004:1747647667457:,1747647682090
counter/5/0/0/0,22005:1747647667457:,1747647682090
counter/5/0/0/0,22006:1747647667457:,1747647682090
counter/9/0/0/0,25221:1747647668695:,1747647682090
counter/5/0/0/0,22007:1747647667457:,1747647682090
counter/7/0/0/0,20300:1747647665501:,1747647682090
counter/5/0/0/0,22008:1747647667457:,1747647682090
counter/7/0/0/0,20301:1747647665501:,1747647682090
counter/7/0/0/0,20302:1747647665502:,1747647682090
counter/10/0/0/0,19280:1747647664936:,1747647682090
counter/7/0/0/0,20303:1747647665502:,1747647682090
counter/4/0/0/0,19111:1747647665947:,1747647682090
counter/7/0/0/0,20304:1747647665502:,1747647682090
counter/4/0/0/0,19112:1747647665948:,1747647682090
counter/5/0/0/0,22009:1747647667457:,1747647682090
counter/9/0/0/0,25222:1747647668695:,1747647682090
counter/3/0/0/0,20853:1747647667524:,1747647682090
counter/2/0/0/0,24726:1747647670501:,1747647682090
counter/2/0/0/0,24727:1747647670501:,1747647682090
counter/2/0/0/0,24728:1747647670501:,1747647682090
counter/2/0/0/0,24729:1747647670501:,1747647682090
counter/2/0/0/0,24730:1747647670501:,1747647682090
counter/2/0/0/0,24731:1747647670501:,1747647682090
counter/2/0/0/0,24732:1747647670501:,1747647682090
counter/2/0/0/0,24733:1747647670501:,1747647682090
counter/2/0/0/0,24734:1747647670501:,1747647682090
counter/7/0/0/0,20305:1747647665506:,1747647682090
counter/2/0/0/0,24735:1747647670501:,1747647682090
counter/1/0/0/0,19930:1747647666102:,1747647682090
counter/6/0/0/0,20644:1747647667355:,1747647682090
counter/10/0/0/0,19281:1747647664936:,1747647682090
counter/4/0/0/0,19113:1747647665948:,1747647682090
counter/4/0/0/0,19114:1747647665948:,1747647682090
counter/4/0/0/0,19115:1747647665948:,1747647682090
counter/4/0/0/0,19116:1747647665948:,1747647682090
counter/4/0/0/0,19117:1747647665957:,1747647682091
counter/7/0/0/0,20306:1747647665506:,1747647682091
counter/4/0/0/0,19118:1747647665957:,1747647682091
counter/1/0/0/0,19931:1747647666102:,1747647682091
counter/6/0/0/0,20645:1747647667355:,1747647682091
counter/10/0/0/0,19282:1747647664936:,1747647682091
counter/5/0/0/0,22010:1747647667457:,1747647682091
counter/5/0/0/0,22011:1747647667457:,1747647682091
counter/2/0/0/0,24736:1747647670502:,1747647682091
counter/3/0/0/0,20854:1747647667524:,1747647682091
counter/9/0/0/0,25223:1747647668695:,1747647682091
counter/7/0/0/0,20307:1747647665506:,1747647682091
counter/1/0/0/0,19932:1747647666102:,1747647682091
counter/1/0/0/0,19933:1747647666102:,1747647682091
counter/6/0/0/0,20646:1747647667355:,1747647682091
counter/10/0/0/0,19283:1747647664936:,1747647682091
counter/8/0/0/0,23047:1747647667612:,1747647682091
counter/8/0/0/0,23048:1747647667612:,1747647682091
counter/2/0/0/0,24737:1747647670502:,1747647682091
counter/3/0/0/0,20855:1747647667526:,1747647682091
counter/9/0/0/0,25224:1747647668695:,1747647682091
counter/7/0/0/0,20308:1747647665506:,1747647682091
counter/1/0/0/0,19934:1747647666102:,1747647682091
counter/1/0/0/0,19935:1747647666102:,1747647682091
counter/6/0/0/0,20647:1747647667355:,1747647682091
counter/10/0/0/0,19284:1747647664936:,1747647682091
counter/8/0/0/0,23049:1747647667612:,1747647682091
counter/8/0/0/0,23050:1747647667612:,1747647682091
counter/2/0/0/0,24738:1747647670502:,1747647682091
counter/3/0/0/0,20856:1747647667526:,1747647682091
counter/9/0/0/0,25225:1747647668695:,1747647682091
counter/7/0/0/0,20309:1747647665506:,1747647682091
counter/1/0/0/0,19936:1747647666102:,1747647682091
counter/1/0/0/0,19937:1747647666102:,1747647682091
counter/6/0/0/0,20648:1747647667355:,1747647682091
counter/10/0/0/0,19285:1747647664936:,1747647682091
counter/8/0/0/0,23051:1747647667612:,1747647682091
counter/8/0/0/0,23052:1747647667613:,1747647682091
counter/8/0/0/0,23053:1747647667613:,1747647682091
counter/8/0/0/0,23054:1747647667613:,1747647682091
counter/8/0/0/0,23055:1747647667614:,1747647682091
counter/8/0/0/0,23056:1747647667614:,1747647682091
counter/8/0/0/0,23057:1747647667614:,1747647682092
counter/8/0/0/0,23058:1747647667614:,1747647682092
counter/8/0/0/0,23059:1747647667614:,1747647682092
counter/8/0/0/0,23060:1747647667614:,1747647682092
counter/8/0/0/0,23061:1747647667614:,1747647682092
counter/8/0/0/0,23062:1747647667614:,1747647682092
counter/8/0/0/0,23063:1747647667614:,1747647682092
counter/8/0/0/0,23064:1747647667624:,1747647682092
counter/8/0/0/0,23065:1747647667624:,1747647682092
counter/8/0/0/0,23066:1747647667625:,1747647682092
counter/8/0/0/0,23067:1747647667625:,1747647682092
counter/8/0/0/0,23068:1747647667625:,1747647682092
counter/9/0/0/0,25226:1747647668695:,1747647682092
counter/8/0/0/0,23069:1747647667625:,1747647682092
counter/5/0/0/0,22012:1747647667462:,1747647682092
counter/8/0/0/0,23070:1747647667625:,1747647682092
counter/1/0/0/0,19938:1747647666102:,1747647682092
counter/6/0/0/0,20649:1747647667355:,1747647682092
counter/10/0/0/0,19286:1747647664936:,1747647682092
counter/4/0/0/0,19119:1747647665957:,1747647682092
counter/2/0/0/0,24739:1747647670502:,1747647682092
counter/3/0/0/0,20857:1747647667526:,1747647682092
counter/2/0/0/0,24740:1747647670502:,1747647682092
counter/2/0/0/0,24741:1747647670502:,1747647682092
counter/2/0/0/0,24742:1747647670502:,1747647682092
counter/2/0/0/0,24743:1747647670502:,1747647682092
counter/2/0/0/0,24744:1747647670503:,1747647682092
counter/6/0/0/0,20650:1747647667369:,1747647682092
counter/10/0/0/0,19287:1747647664937:,1747647682092
counter/4/0/0/0,19120:1747647665957:,1747647682092
counter/8/0/0/0,23071:1747647667635:,1747647682092
counter/3/0/0/0,20858:1747647667526:,1747647682092
counter/8/0/0/0,23072:1747647667635:,1747647682092
counter/7/0/0/0,20310:1747647665506:,1747647682092
counter/1/0/0/0,19939:1747647666103:,1747647682092
counter/2/0/0/0,24745:1747647670503:,1747647682092
counter/2/0/0/0,24746:1747647670503:,1747647682092
counter/2/0/0/0,24747:1747647670503:,1747647682092
counter/2/0/0/0,24748:1747647670503:,1747647682092
counter/2/0/0/0,24749:1747647670503:,1747647682092
counter/2/0/0/0,24750:1747647670503:,1747647682092
counter/2/0/0/0,24751:1747647670503:,1747647682092
counter/2/0/0/0,24752:1747647670503:,1747647682092
counter/2/0/0/0,24753:1747647670503:,1747647682092
counter/6/0/0/0,20651:1747647667369:,1747647682093
counter/2/0/0/0,24754:1747647670503:,1747647682093
counter/10/0/0/0,19288:1747647664937:,1747647682093
counter/3/0/0/0,20859:1747647667526:,1747647682093
counter/4/0/0/0,19121:1747647665957:,1747647682093
counter/8/0/0/0,23073:1747647667635:,1747647682093
counter/8/0/0/0,23074:1747647667635:,1747647682093
counter/8/0/0/0,23075:1747647667635:,1747647682093
counter/8/0/0/0,23076:1747647667635:,1747647682093
counter/9/0/0/0,25227:1747647668695:,1747647682093
counter/8/0/0/0,23077:1747647667635:,1747647682093
counter/6/0/0/0,20652:1747647667369:,1747647682093
counter/10/0/0/0,19289:1747647664937:,1747647682093
counter/3/0/0/0,20860:1747647667526:,1747647682093
counter/10/0/0/0,19290:1747647664937:,1747647682093
counter/10/0/0/0,19291:1747647664937:,1747647682093
counter/10/0/0/0,19292:1747647664937:,1747647682093
counter/10/0/0/0,19293:1747647664937:,1747647682093
counter/10/0/0/0,19294:1747647664940:,1747647682093
counter/10/0/0/0,19295:1747647664940:,1747647682093
counter/10/0/0/0,19296:1747647664940:,1747647682093
counter/10/0/0/0,19297:1747647664940:,1747647682093
counter/10/0/0/0,19298:1747647664940:,1747647682093
counter/10/0/0/0,19299:1747647664940:,1747647682093
counter/10/0/0/0,19300:1747647664940:,1747647682093
counter/10/0/0/0,19301:1747647664940:,1747647682093
counter/10/0/0/0,19302:1747647664940:,1747647682093
counter/10/0/0/0,19303:1747647664940:,1747647682093
counter/10/0/0/0,19304:1747647664940:,1747647682093
counter/7/0/0/0,20311:1747647665506:,1747647682093
counter/10/0/0/0,19305:1747647664940:,1747647682093
counter/2/0/0/0,24755:1747647670503:,1747647682093
counter/10/0/0/0,19306:1747647664940:,1747647682093
counter/1/0/0/0,19940:1747647666110:,1747647682093
counter/10/0/0/0,19307:1747647664940:,1747647682093
counter/1/0/0/0,19941:1747647666110:,1747647682093
counter/8/0/0/0,23078:1747647667635:,1747647682093
counter/10/0/0/0,19308:1747647664940:,1747647682093
counter/9/0/0/0,25228:1747647668695:,1747647682094
counter/6/0/0/0,20653:1747647667369:,1747647682094
counter/10/0/0/0,19309:1747647664940:,1747647682094
counter/3/0/0/0,20861:1747647667526:,1747647682094
counter/4/0/0/0,19122:1747647665957:,1747647682094
counter/7/0/0/0,20312:1747647665506:,1747647682094
counter/2/0/0/0,24756:1747647670503:,1747647682094
counter/2/0/0/0,24757:1747647670503:,1747647682094
counter/2/0/0/0,24758:1747647670503:,1747647682094
counter/2/0/0/0,24759:1747647670503:,1747647682094
counter/2/0/0/0,24760:1747647670503:,1747647682094
counter/2/0/0/0,24761:1747647670504:,1747647682094
counter/2/0/0/0,24762:1747647670504:,1747647682094
counter/2/0/0/0,24763:1747647670504:,1747647682094
counter/2/0/0/0,24764:1747647670507:,1747647682094
counter/7/0/0/0,20313:1747647665506:,1747647682094
counter/9/0/0/0,25229:1747647668695:,1747647682094
counter/5/0/0/0,22013:1747647667462:,1747647682094
counter/1/0/0/0,19942:1747647666110:,1747647682094
counter/6/0/0/0,20654:1747647667369:,1747647682094
counter/3/0/0/0,20862:1747647667526:,1747647682094
counter/4/0/0/0,19123:1747647665957:,1747647682094
counter/2/0/0/0,24765:1747647670508:,1747647682094
counter/10/0/0/0,19310:1747647664940:,1747647682094
counter/7/0/0/0,20314:1747647665507:,1747647682094
counter/8/0/0/0,23079:1747647667644:,1747647682094
counter/9/0/0/0,25230:1747647668695:,1747647682094
counter/8/0/0/0,23080:1747647667645:,1747647682094
counter/1/0/0/0,19943:1747647666110:,1747647682094
counter/6/0/0/0,20655:1747647667369:,1747647682094
counter/3/0/0/0,20863:1747647667526:,1747647682094
counter/4/0/0/0,19124:1747647665957:,1747647682094
counter/2/0/0/0,24766:1747647670508:,1747647682094
counter/10/0/0/0,19311:1747647664940:,1747647682094
counter/7/0/0/0,20315:1747647665507:,1747647682094
counter/5/0/0/0,22014:1747647667462:,1747647682094
counter/9/0/0/0,25231:1747647668695:,1747647682094
counter/8/0/0/0,23081:1747647667645:,1747647682094
counter/1/0/0/0,19944:1747647666110:,1747647682094
counter/6/0/0/0,20656:1747647667369:,1747647682094
counter/3/0/0/0,20864:1747647667540:,1747647682095
counter/4/0/0/0,19125:1747647665967:,1747647682095
counter/2/0/0/0,24767:1747647670508:,1747647682095
counter/10/0/0/0,19312:1747647664941:,1747647682095
counter/7/0/0/0,20316:1747647665507:,1747647682095
counter/5/0/0/0,22015:1747647667462:,1747647682095
counter/5/0/0/0,22016:1747647667462:,1747647682095
counter/5/0/0/0,22017:1747647667462:,1747647682095
counter/1/0/0/0,19945:1747647666110:,1747647682095
counter/6/0/0/0,20657:1747647667369:,1747647682095
counter/3/0/0/0,20865:1747647667540:,1747647682095
counter/6/0/0/0,20658:1747647667384:,1747647682095
counter/2/0/0/0,24768:1747647670508:,1747647682095
counter/10/0/0/0,19313:1747647664941:,1747647682095
counter/7/0/0/0,20317:1747647665507:,1747647682095
counter/9/0/0/0,25232:1747647668697:,1747647682095
counter/5/0/0/0,22018:1747647667462:,1747647682095
counter/5/0/0/0,22019:1747647667462:,1747647682095
counter/5/0/0/0,22020:1747647667462:,1747647682095
counter/5/0/0/0,22021:1747647667462:,1747647682095
counter/5/0/0/0,22022:1747647667462:,1747647682095
counter/5/0/0/0,22023:1747647667462:,1747647682095
counter/5/0/0/0,22024:1747647667462:,1747647682095
counter/5/0/0/0,22025:1747647667462:,1747647682095
counter/5/0/0/0,22026:1747647667462:,1747647682095
counter/5/0/0/0,22027:1747647667462:,1747647682095
counter/5/0/0/0,22028:1747647667462:,1747647682095
counter/5/0/0/0,22029:1747647667462:,1747647682095
counter/10/0/0/0,19314:1747647664941:,1747647682095
counter/5/0/0/0,22030:1747647667462:,1747647682095
counter/7/0/0/0,20318:1747647665518:,1747647682096
counter/5/0/0/0,22031:1747647667462:,1747647682096
counter/9/0/0/0,25233:1747647668697:,1747647682096
counter/5/0/0/0,22032:1747647667462:,1747647682096
counter/1/0/0/0,19946:1747647666110:,1747647682096
counter/6/0/0/0,20659:1747647667385:,1747647682096
counter/4/0/0/0,19126:1747647665967:,1747647682096
counter/2/0/0/0,24769:1747647670508:,1747647682096
counter/2/0/0/0,24770:1747647670508:,1747647682096
counter/2/0/0/0,24771:1747647670508:,1747647682096
counter/2/0/0/0,24772:1747647670508:,1747647682096
counter/2/0/0/0,24773:1747647670508:,1747647682096
counter/2/0/0/0,24774:1747647670508:,1747647682096
counter/2/0/0/0,24775:1747647670508:,1747647682096
counter/2/0/0/0,24776:1747647670508:,1747647682096
counter/2/0/0/0,24777:1747647670508:,1747647682096
counter/2/0/0/0,24778:1747647670508:,1747647682096
counter/3/0/0/0,20866:1747647667540:,1747647682096
counter/2/0/0/0,24779:1747647670508:,1747647682096
counter/8/0/0/0,23082:1747647667645:,1747647682096
counter/10/0/0/0,19315:1747647664941:,1747647682096
counter/7/0/0/0,20319:1747647665519:,1747647682096
counter/7/0/0/0,20320:1747647665519:,1747647682096
counter/7/0/0/0,20321:1747647665519:,1747647682096
counter/7/0/0/0,20322:1747647665519:,1747647682096
counter/7/0/0/0,20323:1747647665519:,1747647682096
counter/7/0/0/0,20324:1747647665519:,1747647682096
counter/7/0/0/0,20325:1747647665519:,1747647682096
counter/7/0/0/0,20326:1747647665519:,1747647682096
counter/7/0/0/0,20327:1747647665519:,1747647682096
counter/7/0/0/0,20328:1747647665536:,1747647682096
counter/7/0/0/0,20329:1747647665536:,1747647682096
counter/7/0/0/0,20330:1747647665536:,1747647682096
counter/7/0/0/0,20331:1747647665536:,1747647682096
counter/7/0/0/0,20332:1747647665536:,1747647682096
counter/7/0/0/0,20333:1747647665536:,1747647682096
counter/7/0/0/0,20334:1747647665536:,1747647682096
counter/9/0/0/0,25234:1747647668697:,1747647682096
counter/7/0/0/0,20335:1747647665536:,1747647682097
counter/7/0/0/0,20336:1747647665536:,1747647682097
counter/9/0/0/0,25235:1747647668697:,1747647682097
counter/7/0/0/0,20337:1747647665539:,1747647682097
counter/3/0/0/0,20867:1747647667540:,1747647682097
counter/7/0/0/0,20338:1747647665551:,1747647682097
counter/10/0/0/0,19316:1747647664941:,1747647682097
counter/8/0/0/0,23083:1747647667645:,1747647682097
counter/7/0/0/0,20339:1747647665554:,1747647682097
counter/1/0/0/0,19947:1747647666110:,1747647682097
counter/5/0/0/0,22033:1747647667463:,1747647682097
counter/7/0/0/0,20340:1747647665557:,1747647682097
counter/9/0/0/0,25236:1747647668697:,1747647682097
counter/7/0/0/0,20341:1747647665557:,1747647682097
counter/9/0/0/0,25237:1747647668697:,1747647682097
counter/7/0/0/0,20342:1747647665557:,1747647682097
counter/9/0/0/0,25238:1747647668697:,1747647682097
counter/9/0/0/0,25239:1747647668697:,1747647682097
counter/9/0/0/0,25240:1747647668697:,1747647682097
counter/9/0/0/0,25241:1747647668697:,1747647682097
counter/9/0/0/0,25242:1747647668697:,1747647682097
counter/9/0/0/0,25243:1747647668697:,1747647682097
counter/9/0/0/0,25244:1747647668697:,1747647682097
counter/9/0/0/0,25245:1747647668697:,1747647682097
counter/9/0/0/0,25246:1747647668704:,1747647682097
counter/5/0/0/0,22034:1747647667463:,1747647682097
counter/9/0/0/0,25247:1747647668704:,1747647682097
counter/7/0/0/0,20343:1747647665557:,1747647682097
counter/4/0/0/0,19127:1747647665967:,1747647682097
counter/9/0/0/0,25248:1747647668704:,1747647682097
counter/6/0/0/0,20660:1747647667385:,1747647682097
counter/3/0/0/0,20868:1747647667540:,1747647682097
counter/9/0/0/0,25249:1747647668704:,1747647682097
counter/8/0/0/0,23084:1747647667645:,1747647682097
counter/10/0/0/0,19317:1747647664941:,1747647682097
counter/9/0/0/0,25250:1747647668704:,1747647682097
counter/1/0/0/0,19948:1747647666110:,1747647682097
counter/9/0/0/0,25251:1747647668704:,1747647682097
counter/9/0/0/0,25252:1747647668704:,1747647682097
counter/9/0/0/0,25253:1747647668704:,1747647682098
counter/9/0/0/0,25254:1747647668704:,1747647682098
counter/9/0/0/0,25255:1747647668714:,1747647682098
counter/9/0/0/0,25256:1747647668715:,1747647682098
counter/9/0/0/0,25257:1747647668715:,1747647682098
counter/9/0/0/0,25258:1747647668715:,1747647682098
counter/9/0/0/0,25259:1747647668715:,1747647682098
counter/9/0/0/0,25260:1747647668715:,1747647682098
counter/9/0/0/0,25261:1747647668715:,1747647682098
counter/9/0/0/0,25262:1747647668715:,1747647682098
counter/9/0/0/0,25263:1747647668734:,1747647682098
counter/9/0/0/0,25264:1747647668734:,1747647682098
counter/9/0/0/0,25265:1747647668734:,1747647682098
counter/8/0/0/0,23085:1747647667645:,1747647682098
counter/9/0/0/0,25266:1747647668734:,1747647682098
counter/8/0/0/0,23086:1747647667645:,1747647682098
counter/8/0/0/0,23087:1747647667645:,1747647682098
counter/6/0/0/0,20661:1747647667385:,1747647682098
counter/8/0/0/0,23088:1747647667645:,1747647682098
counter/3/0/0/0,20869:1747647667540:,1747647682098
counter/5/0/0/0,22035:1747647667463:,1747647682098
counter/9/0/0/0,25267:1747647668734:,1747647682098
counter/5/0/0/0,22036:1747647667463:,1747647682098
counter/2/0/0/0,24780:1747647670509:,1747647682098
counter/7/0/0/0,20344:1747647665557:,1747647682098
counter/4/0/0/0,19128:1747647665967:,1747647682098
counter/8/0/0/0,23089:1747647667645:,1747647682098
counter/6/0/0/0,20662:1747647667385:,1747647682098
counter/10/0/0/0,19318:1747647664941:,1747647682098
counter/3/0/0/0,20870:1747647667540:,1747647682098
counter/1/0/0/0,19949:1747647666110:,1747647682098
counter/5/0/0/0,22037:1747647667463:,1747647682098
counter/2/0/0/0,24781:1747647670509:,1747647682098
counter/2/0/0/0,24782:1747647670509:,1747647682098
counter/2/0/0/0,24783:1747647670509:,1747647682098
counter/2/0/0/0,24784:1747647670509:,1747647682098
counter/2/0/0/0,24785:1747647670509:,1747647682098
counter/2/0/0/0,24786:1747647670509:,1747647682098
counter/2/0/0/0,24787:1747647670509:,1747647682098
counter/2/0/0/0,24788:1747647670509:,1747647682099
counter/2/0/0/0,24789:1747647670509:,1747647682099
counter/2/0/0/0,24790:1747647670509:,1747647682099
counter/2/0/0/0,24791:1747647670509:,1747647682099
counter/2/0/0/0,24792:1747647670509:,1747647682099
counter/2/0/0/0,24793:1747647670509:,1747647682099
counter/2/0/0/0,24794:1747647670509:,1747647682099
counter/2/0/0/0,24795:1747647670509:,1747647682099
counter/2/0/0/0,24796:1747647670510:,1747647682099
counter/2/0/0/0,24797:1747647670521:,1747647682099
counter/2/0/0/0,24798:1747647670521:,1747647682099
counter/2/0/0/0,24799:1747647670521:,1747647682099
counter/2/0/0/0,24800:1747647670521:,1747647682099
counter/2/0/0/0,24801:1747647670521:,1747647682099
counter/2/0/0/0,24802:1747647670521:,1747647682099
counter/2/0/0/0,24803:1747647670521:,1747647682099
counter/2/0/0/0,24804:1747647670521:,1747647682099
counter/2/0/0/0,24805:1747647670523:,1747647682099
counter/2/0/0/0,24806:1747647670523:,1747647682099
counter/2/0/0/0,24807:1747647670523:,1747647682099
counter/2/0/0/0,24808:1747647670523:,1747647682099
counter/2/0/0/0,24809:1747647670525:,1747647682099
counter/2/0/0/0,24810:1747647670525:,1747647682099
counter/2/0/0/0,24811:1747647670525:,1747647682099
counter/2/0/0/0,24812:1747647670525:,1747647682099
counter/2/0/0/0,24813:1747647670525:,1747647682099
counter/2/0/0/0,24814:1747647670525:,1747647682099
counter/2/0/0/0,24815:1747647670525:,1747647682099
counter/2/0/0/0,24816:1747647670525:,1747647682099
counter/2/0/0/0,24817:1747647670525:,1747647682099
counter/2/0/0/0,24818:1747647670525:,1747647682099
counter/2/0/0/0,24819:1747647670525:,1747647682099
counter/2/0/0/0,24820:1747647670525:,1747647682099
counter/2/0/0/0,24821:1747647670541:,1747647682099
counter/2/0/0/0,24822:1747647670541:,1747647682099
counter/2/0/0/0,24823:1747647670549:,1747647682099
counter/2/0/0/0,24824:1747647670554:,1747647682100
counter/2/0/0/0,24825:1747647670554:,1747647682100
counter/2/0/0/0,24826:1747647670554:,1747647682100
counter/2/0/0/0,24827:1747647670554:,1747647682100
counter/2/0/0/0,24828:1747647670554:,1747647682100
counter/2/0/0/0,24829:1747647670554:,1747647682100
counter/2/0/0/0,24830:1747647670555:,1747647682100
counter/2/0/0/0,24831:1747647670555:,1747647682100
counter/1/0/0/0,19950:1747647666110:,1747647682100
counter/2/0/0/0,24832:1747647670555:,1747647682100
counter/9/0/0/0,25268:1747647668734:,1747647682100
counter/2/0/0/0,24833:1747647670555:,1747647682100
counter/9/0/0/0,25269:1747647668734:,1747647682100
counter/2/0/0/0,24834:1747647670555:,1747647682100
counter/9/0/0/0,25270:1747647668734:,1747647682100
counter/3/0/0/0,20871:1747647667540:,1747647682100
counter/2/0/0/0,24835:1747647670561:,1747647682100
counter/9/0/0/0,25271:1747647668734:,1747647682100
counter/10/0/0/0,19319:1747647664941:,1747647682100
counter/5/0/0/0,22038:1747647667463:,1747647682100
counter/2/0/0/0,24836:1747647670561:,1747647682100
counter/9/0/0/0,25272:1747647668734:,1747647682100
counter/1/0/0/0,19951:1747647666120:,1747647682100
counter/2/0/0/0,24837:1747647670561:,1747647682100
counter/1/0/0/0,19952:1747647666120:,1747647682100
counter/2/0/0/0,24838:1747647670561:,1747647682100
counter/1/0/0/0,19953:1747647666120:,1747647682100
counter/9/0/0/0,25273:1747647668734:,1747647682100
counter/2/0/0/0,24839:1747647670561:,1747647682100
counter/1/0/0/0,19954:1747647666120:,1747647682100
counter/9/0/0/0,25274:1747647668742:,1747647682100
counter/2/0/0/0,24840:1747647670561:,1747647682100
counter/1/0/0/0,19955:1747647666120:,1747647682100
counter/9/0/0/0,25275:1747647668743:,1747647682100
counter/2/0/0/0,24841:1747647670562:,1747647682100
counter/9/0/0/0,25276:1747647668743:,1747647682100
counter/2/0/0/0,24842:1747647670562:,1747647682100
counter/9/0/0/0,25277:1747647668743:,1747647682100
counter/8/0/0/0,23090:1747647667645:,1747647682100
counter/2/0/0/0,24843:1747647670562:,1747647682101
counter/9/0/0/0,25278:1747647668743:,1747647682101
counter/3/0/0/0,20872:1747647667540:,1747647682101
counter/10/0/0/0,19320:1747647664941:,1747647682101
counter/2/0/0/0,24844:1747647670564:,1747647682101
counter/9/0/0/0,25279:1747647668743:,1747647682101
counter/5/0/0/0,22039:1747647667463:,1747647682101
counter/7/0/0/0,20345:1747647665557:,1747647682101
counter/9/0/0/0,25280:1747647668743:,1747647682101
counter/7/0/0/0,20346:1747647665557:,1747647682101
counter/9/0/0/0,25281:1747647668743:,1747647682101
counter/7/0/0/0,20347:1747647665557:,1747647682101
counter/7/0/0/0,20348:1747647665557:,1747647682101
counter/7/0/0/0,20349:1747647665557:,1747647682101
counter/7/0/0/0,20350:1747647665557:,1747647682101
counter/7/0/0/0,20351:1747647665557:,1747647682101
counter/7/0/0/0,20352:1747647665557:,1747647682101
counter/7/0/0/0,20353:1747647665580:,1747647682101
counter/7/0/0/0,20354:1747647665580:,1747647682101
counter/7/0/0/0,20355:1747647665580:,1747647682101
counter/7/0/0/0,20356:1747647665580:,1747647682101
counter/7/0/0/0,20357:1747647665580:,1747647682101
counter/7/0/0/0,20358:1747647665580:,1747647682101
counter/7/0/0/0,20359:1747647665580:,1747647682101
counter/7/0/0/0,20360:1747647665580:,1747647682101
counter/7/0/0/0,20361:1747647665580:,1747647682101
counter/7/0/0/0,20362:1747647665580:,1747647682101
counter/7/0/0/0,20363:1747647665580:,1747647682101
counter/7/0/0/0,20364:1747647665580:,1747647682101
counter/7/0/0/0,20365:1747647665580:,1747647682101
counter/7/0/0/0,20366:1747647665580:,1747647682101
counter/7/0/0/0,20367:1747647665580:,1747647682101
counter/7/0/0/0,20368:1747647665581:,1747647682101
counter/7/0/0/0,20369:1747647665588:,1747647682101
counter/10/0/0/0,19321:1747647664941:,1747647682101
counter/7/0/0/0,20370:1747647665588:,1747647682101
counter/9/0/0/0,25282:1747647668743:,1747647682101
counter/7/0/0/0,20371:1747647665588:,1747647682101
counter/9/0/0/0,25283:1747647668753:,1747647682101
counter/7/0/0/0,20372:1747647665589:,1747647682101
counter/9/0/0/0,25284:1747647668753:,1747647682101
counter/3/0/0/0,20873:1747647667540:,1747647682101
counter/7/0/0/0,20373:1747647665589:,1747647682101
counter/9/0/0/0,25285:1747647668753:,1747647682102
counter/5/0/0/0,22040:1747647667463:,1747647682102
counter/7/0/0/0,20374:1747647665589:,1747647682102
counter/5/0/0/0,22041:1747647667463:,1747647682102
counter/10/0/0/0,19322:1747647664941:,1747647682102
counter/7/0/0/0,20375:1747647665589:,1747647682102
counter/5/0/0/0,22042:1747647667463:,1747647682102
counter/9/0/0/0,25286:1747647668753:,1747647682102
counter/7/0/0/0,20376:1747647665589:,1747647682102
counter/5/0/0/0,22043:1747647667463:,1747647682102
counter/9/0/0/0,25287:1747647668754:,1747647682102
counter/7/0/0/0,20377:1747647665589:,1747647682102
counter/5/0/0/0,22044:1747647667463:,1747647682102
counter/9/0/0/0,25288:1747647668754:,1747647682102
counter/7/0/0/0,20378:1747647665589:,1747647682102
counter/5/0/0/0,22045:1747647667463:,1747647682102
counter/9/0/0/0,25289:1747647668754:,1747647682102
counter/1/0/0/0,19956:1747647666120:,1747647682102
counter/9/0/0/0,25290:1747647668754:,1747647682102
counter/1/0/0/0,19957:1747647666120:,1747647682102
counter/1/0/0/0,19958:1747647666120:,1747647682102
counter/1/0/0/0,19959:1747647666120:,1747647682102
counter/1/0/0/0,19960:1747647666120:,1747647682102
counter/1/0/0/0,19961:1747647666120:,1747647682102
counter/1/0/0/0,19962:1747647666120:,1747647682102
counter/1/0/0/0,19963:1747647666120:,1747647682102
counter/1/0/0/0,19964:1747647666120:,1747647682102
counter/1/0/0/0,19965:1747647666120:,1747647682102
counter/1/0/0/0,19966:1747647666120:,1747647682102
counter/1/0/0/0,19967:1747647666614:,1747647682102
counter/1/0/0/0,19968:1747647666614:,1747647682102
counter/1/0/0/0,19969:1747647666614:,1747647682102
counter/1/0/0/0,19970:1747647666614:,1747647682102
counter/1/0/0/0,19971:1747647666621:,1747647682102
counter/1/0/0/0,19972:1747647666624:,1747647682102
counter/1/0/0/0,19973:1747647666627:,1747647682102
counter/1/0/0/0,19974:1747647666629:,1747647682102
counter/1/0/0/0,19975:1747647666630:,1747647682103
counter/1/0/0/0,19976:1747647666632:,1747647682103
counter/1/0/0/0,19977:1747647666633:,1747647682103
counter/1/0/0/0,19978:1747647666633:,1747647682103
counter/10/0/0/0,19323:1747647664941:,1747647682103
counter/1/0/0/0,19979:1747647666633:,1747647682103
counter/3/0/0/0,20874:1747647667540:,1747647682103
counter/1/0/0/0,19980:1747647666635:,1747647682103
counter/7/0/0/0,20379:1747647665589:,1747647682103
counter/9/0/0/0,25291:1747647668754:,1747647682103
counter/1/0/0/0,19981:1747647666635:,1747647682103
counter/7/0/0/0,20380:1747647665589:,1747647682103
counter/1/0/0/0,19982:1747647666640:,1747647682103
counter/7/0/0/0,20381:1747647665589:,1747647682103
counter/5/0/0/0,22046:1747647667463:,1747647682103
counter/1/0/0/0,19983:1747647666641:,1747647682103
counter/7/0/0/0,20382:1747647665589:,1747647682103
counter/5/0/0/0,22047:1747647667463:,1747647682103
counter/5/0/0/0,22048:1747647667463:,1747647682103
counter/5/0/0/0,22049:1747647667463:,1747647682103
counter/5/0/0/0,22050:1747647667463:,1747647682103
counter/5/0/0/0,22051:1747647667464:,1747647682103
counter/5/0/0/0,22052:1747647667464:,1747647682103
counter/5/0/0/0,22053:1747647667464:,1747647682103
counter/5/0/0/0,22054:1747647667464:,1747647682103
counter/5/0/0/0,22055:1747647667464:,1747647682103
counter/5/0/0/0,22056:1747647667465:,1747647682103
counter/7/0/0/0,20383:1747647665589:,1747647682103
counter/5/0/0/0,22057:1747647667465:,1747647682103
counter/4/0/0/0,19129:1747647665967:,1747647682103
counter/5/0/0/0,22058:1747647667465:,1747647682103
counter/10/0/0/0,19324:1747647664941:,1747647682103
counter/5/0/0/0,22059:1747647667465:,1747647682103
counter/6/0/0/0,20663:1747647667385:,1747647682103
counter/5/0/0/0,22060:1747647667465:,1747647682103
counter/3/0/0/0,20875:1747647667540:,1747647682103
counter/9/0/0/0,25292:1747647668756:,1747647682104
counter/5/0/0/0,22061:1747647667465:,1747647682104
counter/3/0/0/0,20876:1747647667545:,1747647682104
counter/3/0/0/0,20877:1747647667553:,1747647682104
counter/1/0/0/0,19984:1747647666648:,1747647682104
counter/3/0/0/0,20878:1747647667553:,1747647682104
counter/7/0/0/0,20384:1747647665589:,1747647682104
counter/1/0/0/0,19985:1747647666648:,1747647682104
counter/10/0/0/0,19325:1747647664941:,1747647682104
counter/6/0/0/0,20664:1747647667385:,1747647682104
counter/9/0/0/0,25293:1747647668756:,1747647682104
counter/9/0/0/0,25294:1747647668756:,1747647682104
counter/5/0/0/0,22062:1747647667465:,1747647682104
counter/5/0/0/0,22063:1747647667465:,1747647682104
counter/3/0/0/0,20879:1747647667553:,1747647682104
counter/4/0/0/0,19130:1747647665968:,1747647682104
counter/4/0/0/0,19131:1747647665968:,1747647682104
counter/4/0/0/0,19132:1747647665968:,1747647682104
counter/4/0/0/0,19133:1747647665968:,1747647682104
counter/4/0/0/0,19134:1747647665974:,1747647682104
counter/10/0/0/0,19326:1747647664942:,1747647682104
counter/2/0/0/0,24845:1747647670564:,1747647682104
counter/3/0/0/0,20880:1747647667553:,1747647682104
counter/5/0/0/0,22064:1747647667466:,1747647682104
counter/5/0/0/0,22065:1747647667466:,1747647682104
counter/7/0/0/0,20385:1747647665589:,1747647682104
counter/7/0/0/0,20386:1747647665589:,1747647682104
counter/4/0/0/0,19135:1747647665987:,1747647682104
counter/9/0/0/0,25295:1747647668756:,1747647682104
counter/1/0/0/0,19986:1747647666648:,1747647682104
counter/2/0/0/0,24846:1747647670564:,1747647682104
counter/2/0/0/0,24847:1747647670576:,1747647682104
counter/2/0/0/0,24848:1747647670576:,1747647682104
counter/2/0/0/0,24849:1747647670576:,1747647682104
counter/2/0/0/0,24850:1747647670576:,1747647682104
counter/2/0/0/0,24851:1747647670576:,1747647682104
counter/2/0/0/0,24852:1747647670576:,1747647682105
counter/2/0/0/0,24853:1747647670576:,1747647682105
counter/2/0/0/0,24854:1747647670576:,1747647682105
counter/2/0/0/0,24855:1747647670593:,1747647682105
counter/2/0/0/0,24856:1747647670593:,1747647682105
counter/2/0/0/0,24857:1747647670593:,1747647682105
counter/2/0/0/0,24858:1747647670593:,1747647682105
counter/8/0/0/0,23091:1747647667645:,1747647682105
counter/2/0/0/0,24859:1747647670593:,1747647682105
counter/6/0/0/0,20665:1747647667386:,1747647682105
counter/4/0/0/0,19136:1747647665987:,1747647682105
counter/4/0/0/0,19137:1747647665987:,1747647682105
counter/4/0/0/0,19138:1747647665987:,1747647682105
counter/4/0/0/0,19139:1747647665987:,1747647682105
counter/4/0/0/0,19140:1747647665987:,1747647682105
counter/4/0/0/0,19141:1747647665987:,1747647682105
counter/9/0/0/0,25296:1747647668756:,1747647682105
counter/4/0/0/0,19142:1747647665987:,1747647682105
counter/8/0/0/0,23092:1747647667645:,1747647682105
counter/6/0/0/0,20666:1747647667386:,1747647682105
counter/10/0/0/0,19327:1747647664942:,1747647682105
counter/3/0/0/0,20881:1747647667553:,1747647682105
counter/2/0/0/0,24860:1747647670593:,1747647682105
counter/5/0/0/0,22066:1747647667466:,1747647682105
counter/5/0/0/0,22067:1747647667466:,1747647682105
counter/5/0/0/0,22068:1747647667466:,1747647682105
counter/5/0/0/0,22069:1747647667466:,1747647682105
counter/5/0/0/0,22070:1747647667466:,1747647682105
counter/5/0/0/0,22071:1747647667466:,1747647682105
counter/5/0/0/0,22072:1747647667466:,1747647682105
counter/5/0/0/0,22073:1747647667467:,1747647682105
counter/5/0/0/0,22074:1747647667467:,1747647682105
counter/5/0/0/0,22075:1747647667467:,1747647682105
counter/5/0/0/0,22076:1747647667467:,1747647682105
counter/5/0/0/0,22077:1747647667468:,1747647682105
counter/5/0/0/0,22078:1747647667468:,1747647682105
counter/5/0/0/0,22079:1747647667468:,1747647682105
counter/5/0/0/0,22080:1747647667468:,1747647682105
counter/5/0/0/0,22081:1747647667468:,1747647682105
counter/5/0/0/0,22082:1747647667468:,1747647682105
counter/9/0/0/0,25297:1747647668756:,1747647682106
counter/5/0/0/0,22083:1747647667468:,1747647682106
counter/10/0/0/0,19328:1747647664942:,1747647682106
counter/5/0/0/0,22084:1747647667468:,1747647682106
counter/6/0/0/0,20667:1747647667386:,1747647682106
counter/3/0/0/0,20882:1747647667553:,1747647682106
counter/5/0/0/0,22085:1747647667468:,1747647682106
counter/2/0/0/0,24861:1747647670593:,1747647682106
counter/7/0/0/0,20387:1747647665589:,1747647682106
counter/5/0/0/0,22086:1747647667468:,1747647682106
counter/4/0/0/0,19143:1747647665987:,1747647682106
counter/5/0/0/0,22087:1747647667468:,1747647682106
counter/5/0/0/0,22088:1747647667468:,1747647682106
counter/5/0/0/0,22089:1747647667468:,1747647682106
counter/10/0/0/0,19329:1747647664942:,1747647682106
counter/5/0/0/0,22090:1747647667468:,1747647682106
counter/3/0/0/0,20883:1747647667553:,1747647682106
counter/2/0/0/0,24862:1747647670593:,1747647682106
counter/5/0/0/0,22091:1747647667468:,1747647682106
counter/7/0/0/0,20388:1747647665589:,1747647682106
counter/4/0/0/0,19144:1747647665987:,1747647682106
counter/4/0/0/0,19145:1747647665987:,1747647682106
counter/4/0/0/0,19146:1747647665987:,1747647682106
counter/4/0/0/0,19147:1747647665987:,1747647682106
counter/8/0/0/0,23093:1747647667648:,1747647682106
counter/6/0/0/0,20668:1747647667386:,1747647682106
counter/10/0/0/0,19330:1747647664942:,1747647682106
counter/3/0/0/0,20884:1747647667553:,1747647682106
counter/2/0/0/0,24863:1747647670597:,1747647682106
counter/7/0/0/0,20389:1747647665589:,1747647682106
counter/9/0/0/0,25298:1747647668757:,1747647682106
counter/5/0/0/0,22092:1747647667468:,1747647682106
counter/4/0/0/0,19148:1747647665988:,1747647682106
counter/4/0/0/0,19149:1747647665988:,1747647682106
counter/4/0/0/0,19150:1747647665988:,1747647682106
counter/4/0/0/0,19151:1747647665988:,1747647682106
counter/4/0/0/0,19152:1747647665988:,1747647682107
counter/4/0/0/0,19153:1747647665988:,1747647682107
counter/4/0/0/0,19154:1747647665988:,1747647682107
counter/4/0/0/0,19155:1747647665988:,1747647682107
counter/9/0/0/0,25299:1747647668757:,1747647682107
counter/9/0/0/0,25300:1747647668757:,1747647682107
counter/9/0/0/0,25301:1747647668757:,1747647682107
counter/9/0/0/0,25302:1747647668757:,1747647682107
counter/3/0/0/0,20885:1747647667553:,1747647682107
counter/9/0/0/0,25303:1747647668757:,1747647682107
counter/2/0/0/0,24864:1747647670597:,1747647682107
counter/7/0/0/0,20390:1747647665589:,1747647682107
counter/4/0/0/0,19156:1747647665988:,1747647682107
counter/4/0/0/0,19157:1747647665988:,1747647682107
counter/4/0/0/0,19158:1747647665988:,1747647682107
counter/4/0/0/0,19159:1747647665990:,1747647682107
counter/10/0/0/0,19331:1747647664942:,1747647682107
counter/4/0/0/0,19160:1747647665990:,1747647682107
counter/9/0/0/0,25304:1747647668757:,1747647682107
counter/3/0/0/0,20886:1747647667553:,1747647682107
counter/2/0/0/0,24865:1747647670597:,1747647682107
counter/7/0/0/0,20391:1747647665589:,1747647682107
counter/5/0/0/0,22093:1747647667468:,1747647682107
counter/5/0/0/0,22094:1747647667468:,1747647682107
counter/5/0/0/0,22095:1747647667468:,1747647682107
counter/5/0/0/0,22096:1747647667468:,1747647682107
counter/5/0/0/0,22097:1747647667468:,1747647682107
counter/5/0/0/0,22098:1747647667468:,1747647682107
counter/9/0/0/0,25305:1747647668757:,1747647682107
counter/3/0/0/0,20887:1747647667553:,1747647682107
counter/2/0/0/0,24866:1747647670597:,1747647682107
counter/7/0/0/0,20392:1747647665589:,1747647682107
counter/7/0/0/0,20393:1747647665589:,1747647682107
counter/7/0/0/0,20394:1747647665589:,1747647682107
counter/4/0/0/0,19161:1747647665990:,1747647682107
counter/7/0/0/0,20395:1747647665589:,1747647682107
counter/10/0/0/0,19332:1747647664942:,1747647682107
counter/8/0/0/0,23094:1747647667648:,1747647682107
counter/9/0/0/0,25306:1747647668757:,1747647682107
counter/3/0/0/0,20888:1747647667553:,1747647682108
counter/2/0/0/0,24867:1747647670597:,1747647682108
counter/1/0/0/0,19987:1747647666648:,1747647682108
counter/7/0/0/0,20396:1747647665589:,1747647682108
counter/7/0/0/0,20397:1747647665590:,1747647682108
counter/7/0/0/0,20398:1747647665590:,1747647682108
counter/7/0/0/0,20399:1747647665590:,1747647682108
counter/7/0/0/0,20400:1747647665590:,1747647682108
counter/8/0/0/0,23095:1747647667648:,1747647682108
counter/9/0/0/0,25307:1747647668758:,1747647682108
counter/3/0/0/0,20889:1747647667554:,1747647682108
counter/2/0/0/0,24868:1747647670601:,1747647682108
counter/1/0/0/0,19988:1747647666648:,1747647682108
counter/5/0/0/0,22099:1747647667469:,1747647682108
counter/4/0/0/0,19162:1747647665990:,1747647682108
counter/4/0/0/0,19163:1747647665990:,1747647682108
counter/4/0/0/0,19164:1747647665990:,1747647682108
counter/4/0/0/0,19165:1747647665990:,1747647682108
counter/4/0/0/0,19166:1747647665990:,1747647682108
counter/4/0/0/0,19167:1747647665990:,1747647682108
counter/2/0/0/0,24869:1747647670616:,1747647682108
counter/4/0/0/0,19168:1747647665990:,1747647682108
counter/1/0/0/0,19989:1747647666648:,1747647682108
counter/5/0/0/0,22100:1747647667469:,1747647682108
counter/7/0/0/0,20401:1747647665590:,1747647682108
counter/10/0/0/0,19333:1747647664942:,1747647682108
counter/7/0/0/0,20402:1747647665590:,1747647682108
counter/8/0/0/0,23096:1747647667649:,1747647682108
counter/9/0/0/0,25308:1747647668764:,1747647682108
counter/3/0/0/0,20890:1747647667554:,1747647682108
counter/4/0/0/0,19169:1747647665990:,1747647682108
counter/2/0/0/0,24870:1747647670616:,1747647682108
counter/1/0/0/0,19990:1747647666648:,1747647682108
counter/5/0/0/0,22101:1747647667470:,1747647682108
counter/10/0/0/0,19334:1747647664942:,1747647682108
counter/7/0/0/0,20403:1747647665593:,1747647682108
counter/7/0/0/0,20404:1747647665593:,1747647682108
counter/7/0/0/0,20405:1747647665593:,1747647682108
counter/7/0/0/0,20406:1747647665593:,1747647682109
counter/7/0/0/0,20407:1747647665593:,1747647682109
counter/7/0/0/0,20408:1747647665593:,1747647682109
counter/7/0/0/0,20409:1747647665593:,1747647682109
counter/7/0/0/0,20410:1747647665593:,1747647682109
counter/7/0/0/0,20411:1747647665593:,1747647682109
counter/7/0/0/0,20412:1747647665593:,1747647682109
counter/7/0/0/0,20413:1747647665594:,1747647682109
counter/7/0/0/0,20414:1747647665594:,1747647682109
counter/7/0/0/0,20415:1747647665594:,1747647682109
counter/7/0/0/0,20416:1747647665594:,1747647682109
counter/10/0/0/0,19335:1747647664942:,1747647682109
counter/7/0/0/0,20417:1747647665594:,1747647682109
counter/10/0/0/0,19336:1747647664942:,1747647682109
counter/7/0/0/0,20418:1747647665595:,1747647682109
counter/10/0/0/0,19337:1747647664946:,1747647682109
counter/7/0/0/0,20419:1747647665595:,1747647682109
counter/10/0/0/0,19338:1747647664946:,1747647682109
counter/10/0/0/0,19339:1747647664946:,1747647682109
counter/10/0/0/0,19340:1747647664946:,1747647682109
counter/10/0/0/0,19341:1747647664946:,1747647682109
counter/10/0/0/0,19342:1747647664946:,1747647682109
counter/10/0/0/0,19343:1747647664946:,1747647682109
counter/10/0/0/0,19344:1747647664946:,1747647682109
counter/10/0/0/0,19345:1747647664946:,1747647682109
counter/10/0/0/0,19346:1747647664946:,1747647682109
counter/10/0/0/0,19347:1747647664946:,1747647682109
counter/10/0/0/0,19348:1747647664946:,1747647682109
counter/10/0/0/0,19349:1747647664946:,1747647682109
counter/10/0/0/0,19350:1747647664946:,1747647682109
counter/10/0/0/0,19351:1747647664946:,1747647682109
counter/10/0/0/0,19352:1747647664946:,1747647682109
counter/10/0/0/0,19353:1747647664946:,1747647682109
counter/10/0/0/0,19354:1747647664946:,1747647682109
counter/8/0/0/0,23097:1747647667649:,1747647682109
counter/10/0/0/0,19355:1747647664946:,1747647682109
counter/6/0/0/0,20669:1747647667386:,1747647682109
counter/9/0/0/0,25309:1747647668764:,1747647682109
counter/10/0/0/0,19356:1747647664946:,1747647682109
counter/3/0/0/0,20891:1747647667554:,1747647682109
counter/4/0/0/0,19170:1747647665990:,1747647682109
counter/10/0/0/0,19357:1747647664946:,1747647682109
counter/2/0/0/0,24871:1747647670616:,1747647682110
counter/5/0/0/0,22102:1747647667504:,1747647682110
counter/10/0/0/0,19358:1747647664946:,1747647682110
counter/1/0/0/0,19991:1747647666648:,1747647682110
counter/7/0/0/0,20420:1747647665595:,1747647682110
counter/10/0/0/0,19359:1747647664946:,1747647682110
counter/10/0/0/0,19360:1747647664947:,1747647682110
counter/10/0/0/0,19361:1747647664947:,1747647682110
counter/10/0/0/0,19362:1747647664947:,1747647682110
counter/10/0/0/0,19363:1747647664947:,1747647682110
counter/5/0/0/0,22103:1747647667507:,1747647682110
counter/10/0/0/0,19364:1747647664947:,1747647682110
counter/1/0/0/0,19992:1747647666648:,1747647682110
counter/10/0/0/0,19365:1747647664947:,1747647682110
counter/7/0/0/0,20421:1747647665595:,1747647682110
counter/10/0/0/0,19366:1747647664947:,1747647682110
counter/8/0/0/0,23098:1747647667649:,1747647682110
counter/9/0/0/0,25310:1747647668765:,1747647682110
counter/10/0/0/0,19367:1747647664947:,1747647682110
counter/6/0/0/0,20670:1747647667386:,1747647682110
counter/10/0/0/0,19368:1747647664947:,1747647682110
counter/4/0/0/0,19171:1747647665990:,1747647682110
counter/2/0/0/0,24872:1747647670616:,1747647682110
counter/4/0/0/0,19172:1747647665990:,1747647682110
counter/3/0/0/0,20892:1747647667554:,1747647682110
counter/5/0/0/0,22104:1747647667508:,1747647682110
counter/1/0/0/0,19993:1747647666648:,1747647682110
counter/7/0/0/0,20422:1747647665596:,1747647682110
counter/8/0/0/0,23099:1747647667649:,1747647682110
counter/9/0/0/0,25311:1747647668765:,1747647682110
counter/6/0/0/0,20671:1747647667386:,1747647682110
counter/2/0/0/0,24873:1747647670616:,1747647682110
counter/10/0/0/0,19369:1747647664947:,1747647682110
counter/4/0/0/0,19173:1747647666007:,1747647682110
counter/3/0/0/0,20893:1747647667559:,1747647682110
counter/5/0/0/0,22105:1747647667508:,1747647682110
counter/1/0/0/0,19994:1747647666649:,1747647682110
counter/1/0/0/0,19995:1747647666649:,1747647682110
counter/8/0/0/0,23100:1747647667649:,1747647682111
counter/9/0/0/0,25312:1747647668765:,1747647682111
counter/6/0/0/0,20672:1747647667386:,1747647682111
counter/2/0/0/0,24874:1747647670616:,1747647682111
counter/10/0/0/0,19370:1747647664947:,1747647682111
counter/4/0/0/0,19174:1747647666007:,1747647682111
counter/3/0/0/0,20894:1747647667559:,1747647682111
counter/3/0/0/0,20895:1747647667559:,1747647682111
counter/7/0/0/0,20423:1747647665596:,1747647682111
counter/1/0/0/0,19996:1747647666649:,1747647682111
counter/1/0/0/0,19997:1747647666649:,1747647682111
counter/9/0/0/0,25313:1747647668765:,1747647682111
counter/6/0/0/0,20673:1747647667387:,1747647682111
counter/2/0/0/0,24875:1747647670616:,1747647682111
counter/10/0/0/0,19371:1747647664947:,1747647682111
counter/4/0/0/0,19175:1747647666007:,1747647682111
counter/5/0/0/0,22106:1747647667508:,1747647682111
counter/5/0/0/0,22107:1747647667508:,1747647682111
counter/3/0/0/0,20896:1747647667559:,1747647682111
counter/5/0/0/0,22108:1747647667508:,1747647682111
counter/1/0/0/0,19998:1747647666650:,1747647682111
counter/9/0/0/0,25314:1747647668765:,1747647682111
counter/6/0/0/0,20674:1747647667387:,1747647682111
counter/2/0/0/0,24876:1747647670617:,1747647682111
counter/10/0/0/0,19372:1747647664947:,1747647682111
counter/4/0/0/0,19176:1747647666007:,1747647682111
counter/7/0/0/0,20424:1747647665596:,1747647682111
counter/3/0/0/0,20897:1747647667559:,1747647682111
counter/5/0/0/0,22109:1747647667508:,1747647682111
counter/5/0/0/0,22110:1747647667508:,1747647682111
counter/5/0/0/0,22111:1747647667508:,1747647682111
counter/5/0/0/0,22112:1747647667508:,1747647682111
counter/5/0/0/0,22113:1747647667508:,1747647682111
counter/2/0/0/0,24877:1747647670618:,1747647682111
counter/10/0/0/0,19373:1747647664947:,1747647682111
counter/4/0/0/0,19177:1747647666007:,1747647682111
counter/7/0/0/0,20425:1747647665596:,1747647682111
counter/3/0/0/0,20898:1747647667559:,1747647682111
counter/1/0/0/0,19999:1747647666650:,1747647682112
counter/9/0/0/0,25315:1747647668765:,1747647682112
counter/5/0/0/0,22114:1747647667508:,1747647682112
counter/6/0/0/0,20675:1747647667387:,1747647682112
counter/8/0/0/0,23101:1747647667649:,1747647682112
counter/2/0/0/0,24878:1747647670618:,1747647682112
counter/10/0/0/0,19374:1747647664947:,1747647682112
counter/4/0/0/0,19178:1747647666007:,1747647682112
counter/10/0/0/0,19375:1747647664947:,1747647682112
counter/3/0/0/0,20899:1747647667559:,1747647682112
counter/1/0/0/0,20000:1747647666650:,1747647682112
counter/9/0/0/0,25316:1747647668765:,1747647682112
counter/5/0/0/0,22115:1747647667508:,1747647682112
counter/6/0/0/0,20676:1747647667387:,1747647682112
counter/8/0/0/0,23102:1747647667649:,1747647682112
counter/2/0/0/0,24879:1747647670618:,1747647682112
counter/7/0/0/0,20426:1747647665596:,1747647682112
counter/4/0/0/0,19179:1747647666007:,1747647682112
counter/10/0/0/0,19376:1747647664947:,1747647682112
counter/3/0/0/0,20900:1747647667559:,1747647682112
counter/1/0/0/0,20001:1747647666650:,1747647682112
counter/9/0/0/0,25317:1747647668765:,1747647682112
counter/5/0/0/0,22116:1747647667508:,1747647682112
counter/5/0/0/0,22117:1747647667508:,1747647682112
counter/5/0/0/0,22118:1747647667518:,1747647682112
counter/5/0/0/0,22119:1747647667518:,1747647682112
counter/5/0/0/0,22120:1747647667518:,1747647682112
counter/5/0/0/0,22121:1747647667518:,1747647682112
counter/5/0/0/0,22122:1747647667518:,1747647682112
counter/3/0/0/0,20901:1747647667559:,1747647682112
counter/1/0/0/0,20002:1747647666650:,1747647682112
counter/9/0/0/0,25318:1747647668765:,1747647682112
counter/6/0/0/0,20677:1747647667387:,1747647682112
counter/2/0/0/0,24880:1747647670618:,1747647682112
counter/7/0/0/0,20427:1747647665596:,1747647682112
counter/4/0/0/0,19180:1747647666007:,1747647682112
counter/10/0/0/0,19377:1747647664947:,1747647682112
counter/10/0/0/0,19378:1747647664947:,1747647682112
counter/8/0/0/0,23103:1747647667649:,1747647682113
counter/3/0/0/0,20902:1747647667559:,1747647682113
counter/8/0/0/0,23104:1747647667650:,1747647682113
counter/8/0/0/0,23105:1747647667650:,1747647682113
counter/8/0/0/0,23106:1747647667650:,1747647682113
counter/8/0/0/0,23107:1747647667650:,1747647682113
counter/8/0/0/0,23108:1747647667650:,1747647682113
counter/8/0/0/0,23109:1747647667655:,1747647682113
counter/8/0/0/0,23110:1747647667655:,1747647682113
counter/8/0/0/0,23111:1747647667655:,1747647682113
counter/8/0/0/0,23112:1747647667655:,1747647682113
counter/8/0/0/0,23113:1747647667655:,1747647682113
counter/8/0/0/0,23114:1747647667655:,1747647682113
counter/8/0/0/0,23115:1747647667655:,1747647682113
counter/6/0/0/0,20678:1747647667388:,1747647682113
counter/6/0/0/0,20679:1747647667388:,1747647682113
counter/6/0/0/0,20680:1747647667388:,1747647682113
counter/6/0/0/0,20681:1747647667388:,1747647682113
counter/6/0/0/0,20682:1747647667388:,1747647682113
counter/6/0/0/0,20683:1747647667388:,1747647682113
counter/6/0/0/0,20684:1747647667411:,1747647682113
counter/6/0/0/0,20685:1747647667411:,1747647682113
counter/6/0/0/0,20686:1747647667411:,1747647682113
counter/6/0/0/0,20687:1747647667411:,1747647682113
counter/6/0/0/0,20688:1747647667411:,1747647682113
counter/6/0/0/0,20689:1747647667411:,1747647682113
counter/6/0/0/0,20690:1747647667411:,1747647682113
counter/6/0/0/0,20691:1747647667411:,1747647682113
counter/6/0/0/0,20692:1747647667411:,1747647682113
counter/6/0/0/0,20693:1747647667411:,1747647682113
counter/6/0/0/0,20694:1747647667411:,1747647682113
counter/6/0/0/0,20695:1747647667411:,1747647682113
counter/6/0/0/0,20696:1747647667412:,1747647682113
counter/6/0/0/0,20697:1747647667412:,1747647682113
counter/6/0/0/0,20698:1747647667412:,1747647682113
counter/6/0/0/0,20699:1747647667419:,1747647682113
counter/6/0/0/0,20700:1747647667419:,1747647682114
counter/6/0/0/0,20701:1747647667419:,1747647682114
counter/6/0/0/0,20702:1747647667421:,1747647682114
counter/6/0/0/0,20703:1747647667421:,1747647682114
counter/6/0/0/0,20704:1747647667421:,1747647682114
counter/6/0/0/0,20705:1747647667421:,1747647682114
counter/6/0/0/0,20706:1747647667421:,1747647682114
counter/6/0/0/0,20707:1747647667422:,1747647682114
counter/6/0/0/0,20708:1747647667422:,1747647682114
counter/6/0/0/0,20709:1747647667422:,1747647682114
counter/6/0/0/0,20710:1747647667422:,1747647682114
counter/6/0/0/0,20711:1747647667422:,1747647682114
counter/2/0/0/0,24881:1747647670618:,1747647682114
counter/6/0/0/0,20712:1747647667422:,1747647682114
counter/10/0/0/0,19379:1747647664947:,1747647682114
counter/6/0/0/0,20713:1747647667422:,1747647682114
counter/2/0/0/0,24882:1747647670618:,1747647682114
counter/1/0/0/0,20003:1747647666679:,1747647682114
counter/6/0/0/0,20714:1747647667435:,1747647682114
counter/3/0/0/0,20903:1747647667560:,1747647682114
counter/9/0/0/0,25319:1747647668765:,1747647682114
counter/6/0/0/0,20715:1747647667435:,1747647682114
counter/5/0/0/0,22123:1747647667518:,1747647682114
counter/6/0/0/0,20716:1747647667435:,1747647682114
counter/8/0/0/0,23116:1747647667655:,1747647682114
counter/6/0/0/0,20717:1747647667435:,1747647682114
counter/4/0/0/0,19181:1747647666007:,1747647682114
counter/10/0/0/0,19380:1747647664947:,1747647682114
counter/6/0/0/0,20718:1747647667435:,1747647682114
counter/2/0/0/0,24883:1747647670618:,1747647682114
counter/1/0/0/0,20004:1747647666679:,1747647682114
counter/6/0/0/0,20719:1747647667435:,1747647682114
counter/3/0/0/0,20904:1747647667560:,1747647682114
counter/9/0/0/0,25320:1747647668765:,1747647682114
counter/6/0/0/0,20720:1747647667435:,1747647682114
counter/5/0/0/0,22124:1747647667533:,1747647682114
counter/6/0/0/0,20721:1747647667436:,1747647682114
counter/6/0/0/0,20722:1747647667452:,1747647682114
counter/6/0/0/0,20723:1747647667454:,1747647682114
counter/6/0/0/0,20724:1747647667454:,1747647682114
counter/6/0/0/0,20725:1747647667454:,1747647682114
counter/9/0/0/0,25321:1747647668765:,1747647682114
counter/6/0/0/0,20726:1747647667454:,1747647682114
counter/9/0/0/0,25322:1747647668765:,1747647682115
counter/6/0/0/0,20727:1747647667454:,1747647682115
counter/9/0/0/0,25323:1747647668765:,1747647682115
counter/6/0/0/0,20728:1747647667454:,1747647682115
counter/9/0/0/0,25324:1747647668774:,1747647682115
counter/9/0/0/0,25325:1747647668774:,1747647682115
counter/9/0/0/0,25326:1747647668774:,1747647682115
counter/9/0/0/0,25327:1747647668774:,1747647682115
counter/9/0/0/0,25328:1747647668774:,1747647682115
counter/9/0/0/0,25329:1747647668774:,1747647682115
counter/9/0/0/0,25330:1747647668779:,1747647682115
counter/9/0/0/0,25331:1747647668779:,1747647682115
counter/9/0/0/0,25332:1747647668779:,1747647682115
counter/9/0/0/0,25333:1747647668779:,1747647682115
counter/9/0/0/0,25334:1747647668779:,1747647682115
counter/9/0/0/0,25335:1747647668779:,1747647682115
counter/9/0/0/0,25336:1747647668779:,1747647682115
counter/9/0/0/0,25337:1747647668779:,1747647682115
counter/9/0/0/0,25338:1747647668779:,1747647682115
counter/9/0/0/0,25339:1747647668783:,1747647682115
counter/9/0/0/0,25340:1747647668783:,1747647682115
counter/9/0/0/0,25341:1747647668783:,1747647682115
counter/9/0/0/0,25342:1747647668783:,1747647682115
counter/9/0/0/0,25343:1747647668783:,1747647682115
counter/9/0/0/0,25344:1747647668783:,1747647682115
counter/9/0/0/0,25345:1747647668789:,1747647682115
counter/9/0/0/0,25346:1747647668790:,1747647682115
counter/9/0/0/0,25347:1747647668790:,1747647682115
counter/9/0/0/0,25348:1747647668790:,1747647682115
counter/9/0/0/0,25349:1747647668790:,1747647682115
counter/9/0/0/0,25350:1747647668790:,1747647682115
counter/9/0/0/0,25351:1747647668798:,1747647682115
counter/9/0/0/0,25352:1747647668798:,1747647682115
counter/9/0/0/0,25353:1747647668798:,1747647682115
counter/9/0/0/0,25354:1747647668798:,1747647682115
counter/9/0/0/0,25355:1747647668798:,1747647682115
counter/9/0/0/0,25356:1747647668798:,1747647682115
counter/9/0/0/0,25357:1747647668798:,1747647682115
counter/9/0/0/0,25358:1747647668798:,1747647682115
counter/9/0/0/0,25359:1747647668798:,1747647682115
counter/9/0/0/0,25360:1747647668798:,1747647682115
counter/9/0/0/0,25361:1747647668798:,1747647682115
counter/9/0/0/0,25362:1747647668798:,1747647682115
counter/9/0/0/0,25363:1747647668801:,1747647682115
counter/9/0/0/0,25364:1747647668801:,1747647682116
counter/9/0/0/0,25365:1747647668801:,1747647682116
counter/9/0/0/0,25366:1747647668801:,1747647682116
counter/9/0/0/0,25367:1747647668801:,1747647682116
counter/9/0/0/0,25368:1747647668801:,1747647682116
counter/9/0/0/0,25369:1747647668801:,1747647682116
counter/9/0/0/0,25370:1747647668801:,1747647682116
counter/9/0/0/0,25371:1747647668801:,1747647682116
counter/9/0/0/0,25372:1747647668804:,1747647682116
counter/9/0/0/0,25373:1747647668804:,1747647682116
counter/9/0/0/0,25374:1747647668804:,1747647682116
counter/9/0/0/0,25375:1747647668804:,1747647682116
counter/9/0/0/0,25376:1747647668804:,1747647682116
counter/9/0/0/0,25377:1747647668805:,1747647682116
counter/9/0/0/0,25378:1747647668805:,1747647682116
counter/9/0/0/0,25379:1747647668805:,1747647682116
counter/9/0/0/0,25380:1747647668805:,1747647682116
counter/9/0/0/0,25381:1747647668809:,1747647682116
counter/9/0/0/0,25382:1747647668810:,1747647682116
counter/9/0/0/0,25383:1747647668810:,1747647682116
counter/9/0/0/0,25384:1747647668810:,1747647682116
counter/9/0/0/0,25385:1747647668810:,1747647682116
counter/9/0/0/0,25386:1747647668810:,1747647682116
counter/9/0/0/0,25387:1747647668810:,1747647682116
counter/9/0/0/0,25388:1747647668810:,1747647682116
counter/9/0/0/0,25389:1747647668810:,1747647682116
counter/7/0/0/0,20428:1747647665596:,1747647682116
counter/9/0/0/0,25390:1747647668810:,1747647682116
counter/5/0/0/0,22125:1747647667533:,1747647682116
counter/9/0/0/0,25391:1747647668810:,1747647682116
counter/4/0/0/0,19182:1747647666007:,1747647682116
counter/9/0/0/0,25392:1747647668811:,1747647682116
counter/8/0/0/0,23117:1747647667655:,1747647682116
counter/6/0/0/0,20729:1747647667454:,1747647682116
counter/9/0/0/0,25393:1747647668825:,1747647682116
counter/10/0/0/0,19381:1747647664947:,1747647682116
counter/1/0/0/0,20005:1747647666679:,1747647682116
counter/9/0/0/0,25394:1747647668825:,1747647682116
counter/9/0/0/0,25395:1747647668825:,1747647682116
counter/9/0/0/0,25396:1747647668825:,1747647682116
counter/9/0/0/0,25397:1747647668825:,1747647682117
counter/9/0/0/0,25398:1747647668825:,1747647682117
counter/9/0/0/0,25399:1747647668825:,1747647682117
counter/9/0/0/0,25400:1747647668825:,1747647682117
counter/9/0/0/0,25401:1747647668825:,1747647682117
counter/9/0/0/0,25402:1747647668825:,1747647682117
counter/4/0/0/0,19183:1747647666007:,1747647682117
counter/9/0/0/0,25403:1747647668825:,1747647682117
counter/7/0/0/0,20429:1747647665597:,1747647682117
counter/8/0/0/0,23118:1747647667655:,1747647682117
counter/9/0/0/0,25404:1747647668825:,1747647682117
counter/9/0/0/0,25405:1747647668825:,1747647682117
counter/8/0/0/0,23119:1747647667655:,1747647682117
counter/9/0/0/0,25406:1747647668825:,1747647682117
counter/6/0/0/0,20730:1747647667454:,1747647682117
counter/9/0/0/0,25407:1747647668838:,1747647682117
counter/9/0/0/0,25408:1747647668838:,1747647682117
counter/10/0/0/0,19382:1747647664947:,1747647682117
counter/8/0/0/0,23120:1747647667655:,1747647682117
counter/9/0/0/0,25409:1747647668838:,1747647682117
counter/1/0/0/0,20006:1747647666679:,1747647682117
counter/9/0/0/0,25410:1747647668838:,1747647682117
counter/9/0/0/0,25411:1747647668838:,1747647682117
counter/9/0/0/0,25412:1747647668838:,1747647682117
counter/9/0/0/0,25413:1747647668838:,1747647682117
counter/9/0/0/0,25414:1747647668838:,1747647682117
counter/5/0/0/0,22126:1747647667534:,1747647682117
counter/9/0/0/0,25415:1747647668842:,1747647682117
counter/6/0/0/0,20731:1747647667454:,1747647682117
counter/10/0/0/0,19383:1747647664947:,1747647682117
counter/9/0/0/0,25416:1747647668842:,1747647682117
counter/8/0/0/0,23121:1747647667659:,1747647682117
counter/1/0/0/0,20007:1747647666679:,1747647682117
counter/9/0/0/0,25417:1747647668842:,1747647682117
counter/9/0/0/0,25418:1747647668842:,1747647682117
counter/1/0/0/0,20008:1747647666679:,1747647682117
counter/1/0/0/0,20009:1747647666679:,1747647682117
counter/3/0/0/0,20905:1747647667560:,1747647682117
counter/2/0/0/0,24884:1747647670618:,1747647682118
counter/5/0/0/0,22127:1747647667534:,1747647682118
counter/6/0/0/0,20732:1747647667454:,1747647682118
counter/10/0/0/0,19384:1747647664947:,1747647682118
counter/8/0/0/0,23122:1747647667666:,1747647682118
counter/7/0/0/0,20430:1747647665597:,1747647682118
counter/4/0/0/0,19184:1747647666007:,1747647682118
counter/4/0/0/0,19185:1747647666007:,1747647682118
counter/9/0/0/0,25419:1747647668842:,1747647682118
counter/3/0/0/0,20906:1747647667560:,1747647682118
counter/2/0/0/0,24885:1747647670618:,1747647682118
counter/5/0/0/0,22128:1747647667534:,1747647682118
counter/6/0/0/0,20733:1747647667459:,1747647682118
counter/10/0/0/0,19385:1747647664947:,1747647682118
counter/8/0/0/0,23123:1747647667667:,1747647682118
counter/7/0/0/0,20431:1747647665597:,1747647682118
counter/4/0/0/0,19186:1747647666007:,1747647682118
counter/4/0/0/0,19187:1747647666007:,1747647682118
counter/4/0/0/0,19188:1747647666007:,1747647682118
counter/4/0/0/0,19189:1747647666007:,1747647682118
counter/4/0/0/0,19190:1747647666007:,1747647682118
counter/4/0/0/0,19191:1747647666025:,1747647682118
counter/4/0/0/0,19192:1747647666025:,1747647682118
counter/4/0/0/0,19193:1747647666025:,1747647682118
counter/4/0/0/0,19194:1747647666025:,1747647682118
counter/4/0/0/0,19195:1747647666025:,1747647682118
counter/4/0/0/0,19196:1747647666026:,1747647682118
counter/4/0/0/0,19197:1747647666026:,1747647682118
counter/4/0/0/0,19198:1747647666026:,1747647682118
counter/4/0/0/0,19199:1747647666026:,1747647682118
counter/4/0/0/0,19200:1747647666030:,1747647682118
counter/4/0/0/0,19201:1747647666030:,1747647682118
counter/4/0/0/0,19202:1747647666030:,1747647682118
counter/4/0/0/0,19203:1747647666030:,1747647682118
counter/4/0/0/0,19204:1747647666043:,1747647682118
counter/4/0/0/0,19205:1747647666043:,1747647682118
counter/4/0/0/0,19206:1747647666043:,1747647682118
counter/4/0/0/0,19207:1747647666053:,1747647682118
counter/4/0/0/0,19208:1747647666053:,1747647682118
counter/2/0/0/0,24886:1747647670618:,1747647682119
counter/4/0/0/0,19209:1747647666053:,1747647682119
counter/5/0/0/0,22129:1747647667534:,1747647682119
counter/6/0/0/0,20734:1747647667459:,1747647682119
counter/4/0/0/0,19210:1747647666053:,1747647682119
counter/10/0/0/0,19386:1747647664947:,1747647682119
counter/8/0/0/0,23124:1747647667667:,1747647682119
counter/4/0/0/0,19211:1747647666053:,1747647682119
counter/7/0/0/0,20432:1747647665597:,1747647682119
counter/9/0/0/0,25420:1747647668842:,1747647682119
counter/4/0/0/0,19212:1747647666053:,1747647682119
counter/4/0/0/0,19213:1747647666053:,1747647682119
counter/4/0/0/0,19214:1747647666053:,1747647682119
counter/4/0/0/0,19215:1747647666053:,1747647682119
counter/4/0/0/0,19216:1747647666053:,1747647682119
counter/4/0/0/0,19217:1747647666053:,1747647682119
counter/4/0/0/0,19218:1747647666056:,1747647682119
counter/4/0/0/0,19219:1747647666056:,1747647682119
counter/4/0/0/0,19220:1747647666056:,1747647682119
counter/4/0/0/0,19221:1747647666056:,1747647682119
counter/2/0/0/0,24887:1747647670618:,1747647682119
counter/4/0/0/0,19222:1747647666056:,1747647682119
counter/6/0/0/0,20735:1747647667459:,1747647682119
counter/4/0/0/0,19223:1747647666062:,1747647682119
counter/10/0/0/0,19387:1747647664947:,1747647682119
counter/4/0/0/0,19224:1747647666062:,1747647682119
counter/10/0/0/0,19388:1747647664947:,1747647682119
counter/10/0/0/0,19389:1747647664947:,1747647682119
counter/1/0/0/0,20010:1747647666679:,1747647682119
counter/10/0/0/0,19390:1747647664947:,1747647682119
counter/2/0/0/0,24888:1747647670618:,1747647682119
counter/10/0/0/0,19391:1747647664947:,1747647682119
counter/4/0/0/0,19225:1747647666062:,1747647682119
counter/10/0/0/0,19392:1747647664947:,1747647682119
counter/5/0/0/0,22130:1747647667534:,1747647682119
counter/10/0/0/0,19393:1747647664947:,1747647682119
counter/5/0/0/0,22131:1747647667534:,1747647682119
counter/5/0/0/0,22132:1747647667534:,1747647682119
counter/5/0/0/0,22133:1747647667534:,1747647682119
counter/5/0/0/0,22134:1747647667536:,1747647682119
counter/5/0/0/0,22135:1747647667536:,1747647682120
counter/5/0/0/0,22136:1747647667536:,1747647682120
counter/9/0/0/0,25421:1747647668842:,1747647682120
counter/5/0/0/0,22137:1747647667536:,1747647682120
counter/7/0/0/0,20433:1747647665597:,1747647682120
counter/5/0/0/0,22138:1747647667536:,1747647682120
counter/3/0/0/0,20907:1747647667560:,1747647682120
counter/10/0/0/0,19394:1747647664947:,1747647682120
counter/5/0/0/0,22139:1747647667536:,1747647682120
counter/6/0/0/0,20736:1747647667459:,1747647682120
counter/2/0/0/0,24889:1747647670618:,1747647682120
counter/5/0/0/0,22140:1747647667536:,1747647682120
counter/1/0/0/0,20011:1747647666679:,1747647682120
counter/4/0/0/0,19226:1747647666062:,1747647682120
counter/8/0/0/0,23125:1747647667667:,1747647682120
counter/9/0/0/0,25422:1747647668842:,1747647682120
counter/7/0/0/0,20434:1747647665597:,1747647682120
counter/3/0/0/0,20908:1747647667560:,1747647682120
counter/10/0/0/0,19395:1747647664947:,1747647682120
counter/6/0/0/0,20737:1747647667459:,1747647682120
counter/2/0/0/0,24890:1747647670621:,1747647682120
counter/1/0/0/0,20012:1747647666679:,1747647682120
counter/5/0/0/0,22141:1747647667536:,1747647682120
counter/4/0/0/0,19227:1747647666062:,1747647682120
counter/8/0/0/0,23126:1747647667667:,1747647682120
counter/9/0/0/0,25423:1747647668843:,1747647682120
counter/7/0/0/0,20435:1747647665597:,1747647682120
counter/3/0/0/0,20909:1747647667560:,1747647682120
counter/10/0/0/0,19396:1747647664947:,1747647682120
counter/6/0/0/0,20738:1747647667459:,1747647682120
counter/2/0/0/0,24891:1747647670621:,1747647682120
counter/1/0/0/0,20013:1747647666679:,1747647682120
counter/5/0/0/0,22142:1747647667536:,1747647682120
counter/4/0/0/0,19228:1747647666062:,1747647682120
counter/8/0/0/0,23127:1747647667667:,1747647682120
counter/9/0/0/0,25424:1747647668843:,1747647682120
counter/7/0/0/0,20436:1747647665597:,1747647682120
counter/3/0/0/0,20910:1747647667560:,1747647682120
counter/10/0/0/0,19397:1747647664947:,1747647682120
counter/6/0/0/0,20739:1747647667459:,1747647682120
counter/2/0/0/0,24892:1747647670621:,1747647682120
counter/1/0/0/0,20014:1747647666679:,1747647682121
counter/5/0/0/0,22143:1747647667536:,1747647682121
counter/4/0/0/0,19229:1747647666067:,1747647682121
counter/8/0/0/0,23128:1747647667667:,1747647682121
counter/9/0/0/0,25425:1747647668844:,1747647682121
counter/7/0/0/0,20437:1747647665597:,1747647682121
counter/3/0/0/0,20911:1747647667561:,1747647682121
counter/10/0/0/0,19398:1747647664947:,1747647682121
counter/6/0/0/0,20740:1747647667459:,1747647682121
counter/2/0/0/0,24893:1747647670621:,1747647682121
counter/1/0/0/0,20015:1747647666679:,1747647682121
counter/1/0/0/0,20016:1747647666679:,1747647682121
counter/1/0/0/0,20017:1747647666685:,1747647682121
counter/8/0/0/0,23129:1747647667667:,1747647682121
counter/8/0/0/0,23130:1747647667667:,1747647682121
counter/9/0/0/0,25426:1747647668844:,1747647682121
counter/3/0/0/0,20912:1747647667561:,1747647682121
counter/10/0/0/0,19399:1747647664947:,1747647682121
counter/6/0/0/0,20741:1747647667459:,1747647682121
counter/2/0/0/0,24894:1747647670621:,1747647682121
counter/5/0/0/0,22144:1747647667536:,1747647682121
counter/1/0/0/0,20018:1747647666692:,1747647682121
counter/1/0/0/0,20019:1747647666692:,1747647682121
counter/1/0/0/0,20020:1747647666692:,1747647682121
counter/1/0/0/0,20021:1747647666692:,1747647682121
counter/1/0/0/0,20022:1747647666692:,1747647682121
counter/1/0/0/0,20023:1747647666692:,1747647682121
counter/1/0/0/0,20024:1747647666692:,1747647682121
counter/1/0/0/0,20025:1747647666692:,1747647682121
counter/1/0/0/0,20026:1747647666692:,1747647682121
counter/1/0/0/0,20027:1747647666692:,1747647682121
counter/1/0/0/0,20028:1747647666692:,1747647682121
counter/1/0/0/0,20029:1747647666692:,1747647682121
counter/1/0/0/0,20030:1747647666692:,1747647682121
counter/1/0/0/0,20031:1747647666692:,1747647682121
counter/1/0/0/0,20032:1747647666692:,1747647682121
counter/1/0/0/0,20033:1747647666692:,1747647682121
counter/1/0/0/0,20034:1747647666692:,1747647682122
counter/1/0/0/0,20035:1747647666692:,1747647682122
counter/1/0/0/0,20036:1747647666698:,1747647682122
counter/1/0/0/0,20037:1747647666698:,1747647682122
counter/1/0/0/0,20038:1747647666699:,1747647682122
counter/1/0/0/0,20039:1747647666699:,1747647682122
counter/1/0/0/0,20040:1747647666699:,1747647682122
counter/1/0/0/0,20041:1747647666699:,1747647682122
counter/1/0/0/0,20042:1747647666699:,1747647682122
counter/1/0/0/0,20043:1747647666699:,1747647682122
counter/1/0/0/0,20044:1747647666699:,1747647682122
counter/1/0/0/0,20045:1747647666699:,1747647682122
counter/1/0/0/0,20046:1747647666699:,1747647682122
counter/1/0/0/0,20047:1747647666699:,1747647682122
counter/1/0/0/0,20048:1747647666699:,1747647682122
counter/1/0/0/0,20049:1747647666699:,1747647682122
counter/1/0/0/0,20050:1747647666699:,1747647682122
counter/1/0/0/0,20051:1747647666703:,1747647682122
counter/1/0/0/0,20052:1747647666703:,1747647682122
counter/1/0/0/0,20053:1747647666703:,1747647682122
counter/1/0/0/0,20054:1747647666703:,1747647682122
counter/1/0/0/0,20055:1747647666703:,1747647682122
counter/1/0/0/0,20056:1747647666703:,1747647682122
counter/1/0/0/0,20057:1747647666703:,1747647682122
counter/1/0/0/0,20058:1747647666703:,1747647682122
counter/1/0/0/0,20059:1747647666703:,1747647682122
counter/1/0/0/0,20060:1747647666703:,1747647682122
counter/1/0/0/0,20061:1747647666704:,1747647682122
counter/1/0/0/0,20062:1747647666704:,1747647682122
counter/1/0/0/0,20063:1747647666704:,1747647682122
counter/1/0/0/0,20064:1747647666704:,1747647682122
counter/1/0/0/0,20065:1747647666704:,1747647682122
counter/1/0/0/0,20066:1747647666704:,1747647682122
counter/1/0/0/0,20067:1747647666711:,1747647682122
counter/1/0/0/0,20068:1747647666712:,1747647682122
counter/1/0/0/0,20069:1747647666712:,1747647682122
counter/1/0/0/0,20070:1747647666712:,1747647682122
counter/1/0/0/0,20071:1747647666723:,1747647682122
counter/1/0/0/0,20072:1747647666723:,1747647682123
counter/1/0/0/0,20073:1747647666723:,1747647682123
counter/1/0/0/0,20074:1747647666724:,1747647682123
counter/1/0/0/0,20075:1747647666724:,1747647682123
counter/1/0/0/0,20076:1747647666724:,1747647682123
counter/1/0/0/0,20077:1747647666724:,1747647682123
counter/1/0/0/0,20078:1747647666726:,1747647682123
counter/1/0/0/0,20079:1747647666731:,1747647682123
counter/1/0/0/0,20080:1747647666731:,1747647682123
counter/1/0/0/0,20081:1747647666731:,1747647682123
counter/1/0/0/0,20082:1747647666731:,1747647682123
counter/1/0/0/0,20083:1747647666731:,1747647682123
counter/1/0/0/0,20084:1747647666731:,1747647682123
counter/1/0/0/0,20085:1747647666731:,1747647682123
counter/7/0/0/0,20438:1747647665597:,1747647682123
counter/1/0/0/0,20086:1747647666731:,1747647682123
counter/9/0/0/0,25427:1747647668844:,1747647682123
counter/1/0/0/0,20087:1747647666731:,1747647682123
counter/8/0/0/0,23131:1747647667667:,1747647682123
counter/3/0/0/0,20913:1747647667561:,1747647682123
counter/1/0/0/0,20088:1747647666731:,1747647682123
counter/10/0/0/0,19400:1747647664947:,1747647682123
counter/6/0/0/0,20742:1747647667463:,1747647682123
counter/1/0/0/0,20089:1747647666737:,1747647682123
counter/2/0/0/0,24895:1747647670621:,1747647682123
counter/1/0/0/0,20090:1747647666737:,1747647682123
counter/2/0/0/0,24896:1747647670621:,1747647682123
counter/1/0/0/0,20091:1747647666737:,1747647682123
counter/2/0/0/0,24897:1747647670621:,1747647682123
counter/2/0/0/0,24898:1747647670621:,1747647682123
counter/8/0/0/0,23132:1747647667667:,1747647682123
counter/10/0/0/0,19401:1747647664948:,1747647682123
counter/2/0/0/0,24899:1747647670621:,1747647682123
counter/8/0/0/0,23133:1747647667667:,1747647682123
counter/2/0/0/0,24900:1747647670622:,1747647682123
counter/8/0/0/0,23134:1747647667667:,1747647682123
counter/2/0/0/0,24901:1747647670622:,1747647682123
counter/8/0/0/0,23135:1747647667687:,1747647682123
counter/8/0/0/0,23136:1747647667687:,1747647682124
counter/8/0/0/0,23137:1747647667687:,1747647682124
counter/8/0/0/0,23138:1747647667687:,1747647682124
counter/8/0/0/0,23139:1747647667695:,1747647682124
counter/8/0/0/0,23140:1747647667697:,1747647682124
counter/9/0/0/0,25428:1747647668844:,1747647682124
counter/8/0/0/0,23141:1747647667697:,1747647682124
counter/8/0/0/0,23142:1747647667697:,1747647682124
counter/3/0/0/0,20914:1747647667561:,1747647682124
counter/8/0/0/0,23143:1747647667697:,1747647682124
counter/6/0/0/0,20743:1747647667465:,1747647682124
counter/10/0/0/0,19402:1747647664948:,1747647682124
counter/8/0/0/0,23144:1747647667697:,1747647682124
counter/1/0/0/0,20092:1747647666737:,1747647682124
counter/7/0/0/0,20439:1747647665597:,1747647682124
counter/8/0/0/0,23145:1747647667697:,1747647682124
counter/4/0/0/0,19230:1747647666067:,1747647682124
counter/2/0/0/0,24902:1747647670622:,1747647682124
counter/8/0/0/0,23146:1747647667697:,1747647682124
counter/8/0/0/0,23147:1747647667697:,1747647682124
counter/8/0/0/0,23148:1747647667697:,1747647682124
counter/8/0/0/0,23149:1747647667697:,1747647682124
counter/7/0/0/0,20440:1747647665597:,1747647682124
counter/8/0/0/0,23150:1747647667700:,1747647682124
counter/4/0/0/0,19231:1747647666067:,1747647682124
counter/8/0/0/0,23151:1747647667700:,1747647682124
counter/2/0/0/0,24903:1747647670622:,1747647682124
counter/8/0/0/0,23152:1747647667700:,1747647682124
counter/2/0/0/0,24904:1747647670622:,1747647682124
counter/8/0/0/0,23153:1747647667700:,1747647682124
counter/2/0/0/0,24905:1747647670627:,1747647682124
counter/2/0/0/0,24906:1747647670627:,1747647682124
counter/2/0/0/0,24907:1747647670627:,1747647682124
counter/2/0/0/0,24908:1747647670627:,1747647682124
counter/2/0/0/0,24909:1747647670627:,1747647682124
counter/2/0/0/0,24910:1747647670627:,1747647682124
counter/2/0/0/0,24911:1747647670637:,1747647682124
counter/2/0/0/0,24912:1747647670637:,1747647682124
counter/2/0/0/0,24913:1747647670637:,1747647682124
counter/2/0/0/0,24914:1747647670637:,1747647682124
counter/2/0/0/0,24915:1747647670637:,1747647682124
counter/2/0/0/0,24916:1747647670637:,1747647682125
counter/2/0/0/0,24917:1747647670637:,1747647682125
counter/2/0/0/0,24918:1747647670637:,1747647682125
counter/2/0/0/0,24919:1747647670637:,1747647682125
counter/2/0/0/0,24920:1747647670637:,1747647682125
counter/2/0/0/0,24921:1747647670642:,1747647682125
counter/4/0/0/0,19232:1747647666067:,1747647682125
counter/2/0/0/0,24922:1747647670642:,1747647682125
counter/3/0/0/0,20915:1747647667561:,1747647682125
counter/2/0/0/0,24923:1747647670642:,1747647682125
counter/6/0/0/0,20744:1747647667465:,1747647682125
counter/8/0/0/0,23154:1747647667700:,1747647682125
counter/2/0/0/0,24924:1747647670642:,1747647682125
counter/10/0/0/0,19403:1747647664948:,1747647682125
counter/5/0/0/0,22145:1747647667536:,1747647682125
counter/2/0/0/0,24925:1747647670642:,1747647682125
counter/7/0/0/0,20441:1747647665602:,1747647682125
counter/1/0/0/0,20093:1747647666737:,1747647682125
counter/2/0/0/0,24926:1747647670642:,1747647682125
counter/2/0/0/0,24927:1747647670642:,1747647682125
counter/2/0/0/0,24928:1747647670642:,1747647682125
counter/2/0/0/0,24929:1747647670642:,1747647682125
counter/10/0/0/0,19404:1747647664948:,1747647682125
counter/2/0/0/0,24930:1747647670642:,1747647682125
counter/5/0/0/0,22146:1747647667536:,1747647682125
counter/2/0/0/0,24931:1747647670642:,1747647682125
counter/7/0/0/0,20442:1747647665603:,1747647682125
counter/1/0/0/0,20094:1747647666737:,1747647682125
counter/2/0/0/0,24932:1747647670642:,1747647682125
counter/1/0/0/0,20095:1747647666737:,1747647682125
counter/2/0/0/0,24933:1747647670642:,1747647682125
counter/3/0/0/0,20916:1747647667561:,1747647682125
counter/6/0/0/0,20745:1747647667465:,1747647682125
counter/6/0/0/0,20746:1747647667465:,1747647682125
counter/6/0/0/0,20747:1747647667465:,1747647682125
counter/6/0/0/0,20748:1747647667466:,1747647682125
counter/6/0/0/0,20749:1747647667466:,1747647682125
counter/6/0/0/0,20750:1747647667466:,1747647682125
counter/6/0/0/0,20751:1747647667466:,1747647682125
counter/6/0/0/0,20752:1747647667466:,1747647682125
counter/6/0/0/0,20753:1747647667466:,1747647682125
counter/6/0/0/0,20754:1747647667470:,1747647682125
counter/6/0/0/0,20755:1747647667474:,1747647682125
counter/6/0/0/0,20756:1747647667474:,1747647682126
counter/6/0/0/0,20757:1747647667474:,1747647682126
counter/6/0/0/0,20758:1747647667474:,1747647682126
counter/6/0/0/0,20759:1747647667474:,1747647682126
counter/6/0/0/0,20760:1747647667474:,1747647682126
counter/6/0/0/0,20761:1747647667474:,1747647682126
counter/6/0/0/0,20762:1747647667474:,1747647682126
counter/6/0/0/0,20763:1747647667474:,1747647682126
counter/6/0/0/0,20764:1747647667474:,1747647682126
counter/6/0/0/0,20765:1747647667474:,1747647682126
counter/6/0/0/0,20766:1747647667474:,1747647682126
counter/6/0/0/0,20767:1747647667475:,1747647682126
counter/6/0/0/0,20768:1747647667476:,1747647682126
counter/6/0/0/0,20769:1747647667476:,1747647682126
counter/6/0/0/0,20770:1747647667476:,1747647682126
counter/6/0/0/0,20771:1747647667476:,1747647682126
counter/6/0/0/0,20772:1747647667483:,1747647682126
counter/6/0/0/0,20773:1747647667484:,1747647682126
counter/6/0/0/0,20774:1747647667484:,1747647682126
counter/6/0/0/0,20775:1747647667484:,1747647682126
counter/6/0/0/0,20776:1747647667484:,1747647682126
counter/6/0/0/0,20777:1747647667484:,1747647682126
counter/6/0/0/0,20778:1747647667496:,1747647682126
counter/6/0/0/0,20779:1747647667496:,1747647682126
counter/6/0/0/0,20780:1747647667496:,1747647682126
counter/6/0/0/0,20781:1747647667496:,1747647682126
counter/6/0/0/0,20782:1747647667496:,1747647682126
counter/6/0/0/0,20783:1747647667496:,1747647682126
counter/6/0/0/0,20784:1747647667496:,1747647682126
counter/6/0/0/0,20785:1747647667496:,1747647682126
counter/6/0/0/0,20786:1747647667496:,1747647682126
counter/6/0/0/0,20787:1747647667496:,1747647682126
counter/6/0/0/0,20788:1747647667496:,1747647682126
counter/6/0/0/0,20789:1747647667496:,1747647682126
counter/6/0/0/0,20790:1747647667496:,1747647682126
counter/6/0/0/0,20791:1747647667496:,1747647682126
counter/6/0/0/0,20792:1747647667496:,1747647682126
counter/6/0/0/0,20793:1747647667496:,1747647682126
counter/6/0/0/0,20794:1747647667496:,1747647682127
counter/6/0/0/0,20795:1747647667496:,1747647682127
counter/6/0/0/0,20796:1747647667496:,1747647682127
counter/6/0/0/0,20797:1747647667496:,1747647682127
counter/6/0/0/0,20798:1747647667496:,1747647682127
counter/6/0/0/0,20799:1747647667496:,1747647682127
counter/6/0/0/0,20800:1747647667509:,1747647682127
counter/6/0/0/0,20801:1747647667509:,1747647682127
counter/2/0/0/0,24934:1747647670642:,1747647682127
counter/6/0/0/0,20802:1747647667509:,1747647682127
counter/5/0/0/0,22147:1747647667536:,1747647682127
counter/6/0/0/0,20803:1747647667509:,1747647682127
counter/1/0/0/0,20096:1747647666738:,1747647682127
counter/6/0/0/0,20804:1747647667509:,1747647682127
counter/3/0/0/0,20917:1747647667561:,1747647682127
counter/4/0/0/0,19233:1747647666067:,1747647682127
counter/6/0/0/0,20805:1747647667510:,1747647682127
counter/8/0/0/0,23155:1747647667700:,1747647682127
counter/6/0/0/0,20806:1747647667510:,1747647682127
counter/9/0/0/0,25429:1747647668846:,1747647682127
counter/6/0/0/0,20807:1747647667510:,1747647682127
counter/6/0/0/0,20808:1747647667510:,1747647682127
counter/6/0/0/0,20809:1747647667520:,1747647682127
counter/6/0/0/0,20810:1747647667520:,1747647682127
counter/6/0/0/0,20811:1747647667520:,1747647682127
counter/6/0/0/0,20812:1747647667520:,1747647682127
counter/6/0/0/0,20813:1747647667520:,1747647682127
counter/6/0/0/0,20814:1747647667520:,1747647682127
counter/6/0/0/0,20815:1747647667520:,1747647682127
counter/6/0/0/0,20816:1747647667529:,1747647682127
counter/6/0/0/0,20817:1747647667529:,1747647682127
counter/6/0/0/0,20818:1747647667530:,1747647682127
counter/6/0/0/0,20819:1747647667530:,1747647682127
counter/6/0/0/0,20820:1747647667530:,1747647682127
counter/6/0/0/0,20821:1747647667530:,1747647682127
counter/6/0/0/0,20822:1747647667530:,1747647682127
counter/6/0/0/0,20823:1747647667530:,1747647682127
counter/6/0/0/0,20824:1747647667531:,1747647682128
counter/6/0/0/0,20825:1747647667534:,1747647682128
counter/6/0/0/0,20826:1747647667534:,1747647682128
counter/6/0/0/0,20827:1747647667534:,1747647682128
counter/6/0/0/0,20828:1747647667535:,1747647682128
counter/6/0/0/0,20829:1747647667535:,1747647682128
counter/6/0/0/0,20830:1747647667536:,1747647682128
counter/6/0/0/0,20831:1747647667536:,1747647682128
counter/6/0/0/0,20832:1747647667536:,1747647682128
counter/6/0/0/0,20833:1747647667536:,1747647682128
counter/6/0/0/0,20834:1747647667536:,1747647682128
counter/6/0/0/0,20835:1747647667536:,1747647682128
counter/9/0/0/0,25430:1747647668846:,1747647682128
counter/6/0/0/0,20836:1747647667536:,1747647682128
counter/10/0/0/0,19405:1747647664948:,1747647682128
counter/2/0/0/0,24935:1747647670645:,1747647682128
counter/6/0/0/0,20837:1747647667536:,1747647682128
counter/2/0/0/0,24936:1747647670645:,1747647682128
counter/6/0/0/0,20838:1747647667536:,1747647682128
counter/2/0/0/0,24937:1747647670645:,1747647682128
counter/6/0/0/0,20839:1747647667546:,1747647682128
counter/2/0/0/0,24938:1747647670645:,1747647682128
counter/7/0/0/0,20443:1747647665603:,1747647682128
counter/4/0/0/0,19234:1747647666068:,1747647682128
counter/6/0/0/0,20840:1747647667546:,1747647682128
counter/2/0/0/0,24939:1747647670645:,1747647682128
counter/4/0/0/0,19235:1747647666068:,1747647682128
counter/6/0/0/0,20841:1747647667546:,1747647682128
counter/4/0/0/0,19236:1747647666068:,1747647682128
counter/5/0/0/0,22148:1747647667541:,1747647682128
counter/6/0/0/0,20842:1747647667546:,1747647682128
counter/4/0/0/0,19237:1747647666068:,1747647682128
counter/5/0/0/0,22149:1747647667541:,1747647682128
counter/6/0/0/0,20843:1747647667546:,1747647682128
counter/4/0/0/0,19238:1747647666068:,1747647682128
counter/5/0/0/0,22150:1747647667541:,1747647682128
counter/6/0/0/0,20844:1747647667546:,1747647682128
counter/5/0/0/0,22151:1747647667541:,1747647682129
counter/6/0/0/0,20845:1747647667546:,1747647682129
counter/5/0/0/0,22152:1747647667541:,1747647682129
counter/2/0/0/0,24940:1747647670645:,1747647682129
counter/6/0/0/0,20846:1747647667547:,1747647682129
counter/5/0/0/0,22153:1747647667541:,1747647682129
counter/7/0/0/0,20444:1747647665603:,1747647682129
counter/9/0/0/0,25431:1747647668846:,1747647682129
counter/5/0/0/0,22154:1747647667541:,1747647682129
counter/10/0/0/0,19406:1747647664948:,1747647682129
counter/3/0/0/0,20918:1747647667561:,1747647682129
counter/4/0/0/0,19239:1747647666068:,1747647682129
counter/5/0/0/0,22155:1747647667541:,1747647682129
counter/6/0/0/0,20847:1747647667548:,1747647682129
counter/5/0/0/0,22156:1747647667541:,1747647682129
counter/5/0/0/0,22157:1747647667541:,1747647682129
counter/5/0/0/0,22158:1747647667541:,1747647682129
counter/5/0/0/0,22159:1747647667541:,1747647682129
counter/5/0/0/0,22160:1747647667541:,1747647682129
counter/5/0/0/0,22161:1747647667541:,1747647682129
counter/5/0/0/0,22162:1747647667541:,1747647682129
counter/5/0/0/0,22163:1747647667541:,1747647682129
counter/5/0/0/0,22164:1747647667541:,1747647682129
counter/5/0/0/0,22165:1747647667564:,1747647682129
counter/5/0/0/0,22166:1747647667564:,1747647682129
counter/5/0/0/0,22167:1747647667564:,1747647682129
counter/5/0/0/0,22168:1747647667564:,1747647682129
counter/5/0/0/0,22169:1747647667564:,1747647682129
counter/5/0/0/0,22170:1747647667564:,1747647682129
counter/5/0/0/0,22171:1747647667564:,1747647682129
counter/5/0/0/0,22172:1747647667580:,1747647682129
counter/5/0/0/0,22173:1747647667581:,1747647682129
counter/5/0/0/0,22174:1747647667581:,1747647682129
counter/5/0/0/0,22175:1747647667581:,1747647682129
counter/5/0/0/0,22176:1747647667581:,1747647682129
counter/5/0/0/0,22177:1747647667581:,1747647682129
counter/5/0/0/0,22178:1747647667581:,1747647682129
counter/3/0/0/0,20919:1747647667561:,1747647682129
counter/5/0/0/0,22179:1747647667581:,1747647682130
counter/4/0/0/0,19240:1747647666068:,1747647682130
counter/5/0/0/0,22180:1747647667581:,1747647682130
counter/6/0/0/0,20848:1747647667548:,1747647682130
counter/10/0/0/0,19407:1747647664948:,1747647682130
counter/5/0/0/0,22181:1747647667581:,1747647682130
counter/2/0/0/0,24941:1747647670645:,1747647682130
counter/7/0/0/0,20445:1747647665616:,1747647682130
counter/5/0/0/0,22182:1747647667581:,1747647682130
counter/9/0/0/0,25432:1747647668846:,1747647682130
counter/1/0/0/0,20097:1747647666738:,1747647682130
counter/5/0/0/0,22183:1747647667581:,1747647682130
counter/5/0/0/0,22184:1747647667581:,1747647682130
counter/5/0/0/0,22185:1747647667581:,1747647682130
counter/5/0/0/0,22186:1747647667581:,1747647682130
counter/5/0/0/0,22187:1747647667581:,1747647682130
counter/5/0/0/0,22188:1747647667581:,1747647682130
counter/5/0/0/0,22189:1747647667583:,1747647682130
counter/5/0/0/0,22190:1747647667583:,1747647682130
counter/5/0/0/0,22191:1747647667583:,1747647682130
counter/5/0/0/0,22192:1747647667583:,1747647682130
counter/5/0/0/0,22193:1747647667583:,1747647682130
counter/5/0/0/0,22194:1747647667586:,1747647682130
counter/5/0/0/0,22195:1747647667589:,1747647682130
counter/5/0/0/0,22196:1747647667589:,1747647682130
counter/5/0/0/0,22197:1747647667589:,1747647682130
counter/5/0/0/0,22198:1747647667591:,1747647682130
counter/5/0/0/0,22199:1747647667591:,1747647682130
counter/5/0/0/0,22200:1747647667591:,1747647682130
counter/5/0/0/0,22201:1747647667591:,1747647682130
counter/5/0/0/0,22202:1747647667591:,1747647682130
counter/5/0/0/0,22203:1747647667591:,1747647682130
counter/5/0/0/0,22204:1747647667591:,1747647682130
counter/5/0/0/0,22205:1747647667591:,1747647682130
counter/5/0/0/0,22206:1747647667591:,1747647682130
counter/5/0/0/0,22207:1747647667591:,1747647682130
counter/5/0/0/0,22208:1747647667591:,1747647682130
counter/5/0/0/0,22209:1747647667591:,1747647682131
counter/5/0/0/0,22210:1747647667591:,1747647682131
counter/5/0/0/0,22211:1747647667592:,1747647682131
counter/5/0/0/0,22212:1747647667592:,1747647682131
counter/5/0/0/0,22213:1747647667592:,1747647682131
counter/4/0/0/0,19241:1747647666068:,1747647682131
counter/5/0/0/0,22214:1747647667592:,1747647682131
counter/5/0/0/0,22215:1747647667601:,1747647682131
counter/5/0/0/0,22216:1747647667601:,1747647682131
counter/5/0/0/0,22217:1747647667601:,1747647682131
counter/5/0/0/0,22218:1747647667601:,1747647682131
counter/5/0/0/0,22219:1747647667601:,1747647682131
counter/5/0/0/0,22220:1747647667601:,1747647682131
counter/5/0/0/0,22221:1747647667601:,1747647682131
counter/5/0/0/0,22222:1747647667601:,1747647682131
counter/5/0/0/0,22223:1747647667601:,1747647682131
counter/5/0/0/0,22224:1747647667601:,1747647682131
counter/10/0/0/0,19408:1747647664948:,1747647682131
counter/2/0/0/0,24942:1747647670645:,1747647682131
counter/7/0/0/0,20446:1747647665622:,1747647682131
counter/7/0/0/0,20447:1747647665622:,1747647682131
counter/9/0/0/0,25433:1747647668846:,1747647682131
counter/7/0/0/0,20448:1747647665622:,1747647682131
counter/7/0/0/0,20449:1747647665622:,1747647682131
counter/7/0/0/0,20450:1747647665622:,1747647682131
counter/5/0/0/0,22225:1747647667608:,1747647682131
counter/4/0/0/0,19242:1747647666072:,1747647682131
counter/8/0/0/0,23156:1747647667700:,1747647682131
counter/2/0/0/0,24943:1747647670650:,1747647682131
counter/3/0/0/0,20920:1747647667561:,1747647682131
counter/3/0/0/0,20921:1747647667561:,1747647682131
counter/9/0/0/0,25434:1747647668846:,1747647682131
counter/6/0/0/0,20849:1747647667548:,1747647682131
counter/6/0/0/0,20850:1747647667548:,1747647682131
counter/6/0/0/0,20851:1747647667548:,1747647682131
counter/6/0/0/0,20852:1747647667548:,1747647682132
counter/6/0/0/0,20853:1747647667551:,1747647682132
counter/6/0/0/0,20854:1747647667555:,1747647682132
counter/6/0/0/0,20855:1747647667555:,1747647682132
counter/6/0/0/0,20856:1747647667555:,1747647682132
counter/6/0/0/0,20857:1747647667555:,1747647682132
counter/6/0/0/0,20858:1747647667555:,1747647682132
counter/6/0/0/0,20859:1747647667555:,1747647682132
counter/6/0/0/0,20860:1747647667555:,1747647682132
counter/6/0/0/0,20861:1747647667555:,1747647682132
counter/6/0/0/0,20862:1747647667555:,1747647682132
counter/6/0/0/0,20863:1747647667558:,1747647682132
counter/6/0/0/0,20864:1747647667559:,1747647682132
counter/6/0/0/0,20865:1747647667559:,1747647682132
counter/6/0/0/0,20866:1747647667559:,1747647682132
counter/6/0/0/0,20867:1747647667559:,1747647682132
counter/6/0/0/0,20868:1747647667559:,1747647682132
counter/6/0/0/0,20869:1747647667559:,1747647682132
counter/6/0/0/0,20870:1747647667560:,1747647682132
counter/6/0/0/0,20871:1747647667560:,1747647682132
counter/6/0/0/0,20872:1747647667560:,1747647682132
counter/6/0/0/0,20873:1747647667560:,1747647682132
counter/6/0/0/0,20874:1747647667560:,1747647682132
counter/6/0/0/0,20875:1747647667560:,1747647682132
counter/6/0/0/0,20876:1747647667561:,1747647682132
counter/6/0/0/0,20877:1747647667561:,1747647682132
counter/6/0/0/0,20878:1747647667611:,1747647682132
counter/6/0/0/0,20879:1747647667611:,1747647682132
counter/6/0/0/0,20880:1747647667611:,1747647682132
counter/6/0/0/0,20881:1747647667611:,1747647682132
counter/6/0/0/0,20882:1747647667611:,1747647682132
counter/6/0/0/0,20883:1747647667611:,1747647682132
counter/6/0/0/0,20884:1747647667611:,1747647682132
counter/6/0/0/0,20885:1747647667612:,1747647682132
counter/6/0/0/0,20886:1747647667618:,1747647682132
counter/6/0/0/0,20887:1747647667619:,1747647682132
counter/6/0/0/0,20888:1747647667619:,1747647682132
counter/6/0/0/0,20889:1747647667632:,1747647682132
counter/6/0/0/0,20890:1747647667632:,1747647682132
counter/6/0/0/0,20891:1747647667632:,1747647682132
counter/6/0/0/0,20892:1747647667632:,1747647682132
counter/6/0/0/0,20893:1747647667632:,1747647682132
counter/6/0/0/0,20894:1747647667632:,1747647682132
counter/6/0/0/0,20895:1747647667632:,1747647682133
counter/6/0/0/0,20896:1747647667632:,1747647682133
counter/6/0/0/0,20897:1747647667639:,1747647682133
counter/6/0/0/0,20898:1747647667639:,1747647682133
counter/6/0/0/0,20899:1747647667639:,1747647682133
counter/6/0/0/0,20900:1747647667640:,1747647682133
counter/6/0/0/0,20901:1747647667640:,1747647682133
counter/8/0/0/0,23157:1747647667700:,1747647682133
counter/6/0/0/0,20902:1747647667640:,1747647682133
counter/8/0/0/0,23158:1747647667700:,1747647682133
counter/9/0/0/0,25435:1747647668847:,1747647682133
counter/6/0/0/0,20903:1747647667640:,1747647682133
counter/8/0/0/0,23159:1747647667700:,1747647682133
counter/6/0/0/0,20904:1747647667640:,1747647682133
counter/8/0/0/0,23160:1747647667700:,1747647682133
counter/6/0/0/0,20905:1747647667640:,1747647682133
counter/8/0/0/0,23161:1747647667700:,1747647682133
counter/6/0/0/0,20906:1747647667640:,1747647682133
counter/8/0/0/0,23162:1747647667700:,1747647682133
counter/6/0/0/0,20907:1747647667640:,1747647682133
counter/6/0/0/0,20908:1747647667640:,1747647682133
counter/6/0/0/0,20909:1747647667640:,1747647682133
counter/6/0/0/0,20910:1747647667640:,1747647682133
counter/6/0/0/0,20911:1747647667642:,1747647682133
counter/6/0/0/0,20912:1747647667642:,1747647682133
counter/6/0/0/0,20913:1747647667642:,1747647682133
counter/6/0/0/0,20914:1747647667642:,1747647682133
counter/6/0/0/0,20915:1747647667642:,1747647682133
counter/6/0/0/0,20916:1747647667642:,1747647682133
counter/6/0/0/0,20917:1747647667642:,1747647682133
counter/6/0/0/0,20918:1747647667681:,1747647682133
counter/6/0/0/0,20919:1747647667704:,1747647682133
counter/6/0/0/0,20920:1747647667704:,1747647682133
counter/6/0/0/0,20921:1747647667704:,1747647682133
counter/6/0/0/0,20922:1747647667704:,1747647682133
counter/6/0/0/0,20923:1747647667704:,1747647682133
counter/6/0/0/0,20924:1747647667704:,1747647682133
counter/6/0/0/0,20925:1747647667704:,1747647682133
counter/6/0/0/0,20926:1747647667704:,1747647682133
counter/6/0/0/0,20927:1747647667707:,1747647682133
counter/6/0/0/0,20928:1747647667707:,1747647682133
counter/6/0/0/0,20929:1747647667707:,1747647682134
counter/6/0/0/0,20930:1747647667707:,1747647682134
counter/6/0/0/0,20931:1747647667707:,1747647682134
counter/6/0/0/0,20932:1747647667708:,1747647682134
counter/6/0/0/0,20933:1747647667708:,1747647682134
counter/6/0/0/0,20934:1747647667708:,1747647682134
counter/6/0/0/0,20935:1747647667708:,1747647682134
counter/6/0/0/0,20936:1747647667708:,1747647682134
counter/6/0/0/0,20937:1747647667708:,1747647682134
counter/6/0/0/0,20938:1747647667708:,1747647682134
counter/6/0/0/0,20939:1747647667708:,1747647682134
counter/6/0/0/0,20940:1747647667708:,1747647682134
counter/6/0/0/0,20941:1747647667708:,1747647682134
counter/6/0/0/0,20942:1747647667708:,1747647682134
counter/6/0/0/0,20943:1747647667708:,1747647682134
counter/6/0/0/0,20944:1747647667708:,1747647682134
counter/6/0/0/0,20945:1747647667708:,1747647682134
counter/6/0/0/0,20946:1747647667708:,1747647682134
counter/6/0/0/0,20947:1747647667708:,1747647682134
counter/6/0/0/0,20948:1747647667708:,1747647682134
counter/6/0/0/0,20949:1747647667708:,1747647682134
counter/6/0/0/0,20950:1747647667711:,1747647682134
counter/6/0/0/0,20951:1747647667711:,1747647682134
counter/10/0/0/0,19409:1747647664948:,1747647682134
counter/6/0/0/0,20952:1747647667711:,1747647682134
counter/8/0/0/0,23163:1747647667700:,1747647682134
counter/6/0/0/0,20953:1747647667711:,1747647682134
counter/1/0/0/0,20098:1747647666738:,1747647682134
counter/6/0/0/0,20954:1747647667711:,1747647682134
counter/5/0/0/0,22226:1747647667608:,1747647682134
counter/3/0/0/0,20922:1747647667567:,1747647682134
counter/6/0/0/0,20955:1747647667711:,1747647682134
counter/9/0/0/0,25436:1747647668847:,1747647682134
counter/4/0/0/0,19243:1747647666073:,1747647682134
counter/6/0/0/0,20956:1747647667711:,1747647682134
counter/6/0/0/0,20957:1747647667711:,1747647682134
counter/6/0/0/0,20958:1747647667711:,1747647682134
counter/6/0/0/0,20959:1747647667711:,1747647682134
counter/6/0/0/0,20960:1747647667711:,1747647682134
counter/6/0/0/0,20961:1747647667711:,1747647682134
counter/6/0/0/0,20962:1747647667711:,1747647682134
counter/6/0/0/0,20963:1747647667712:,1747647682135
counter/9/0/0/0,25437:1747647668847:,1747647682135
counter/6/0/0/0,20964:1747647667712:,1747647682135
counter/4/0/0/0,19244:1747647666073:,1747647682135
counter/6/0/0/0,20965:1747647667712:,1747647682135
counter/2/0/0/0,24944:1747647670650:,1747647682135
counter/10/0/0/0,19410:1747647664948:,1747647682135
counter/6/0/0/0,20966:1747647667712:,1747647682135
counter/1/0/0/0,20099:1747647666738:,1747647682135
counter/8/0/0/0,23164:1747647667700:,1747647682135
counter/6/0/0/0,20967:1747647667712:,1747647682135
counter/8/0/0/0,23165:1747647667700:,1747647682135
counter/6/0/0/0,20968:1747647667712:,1747647682135
counter/8/0/0/0,23166:1747647667700:,1747647682135
counter/6/0/0/0,20969:1747647667712:,1747647682135
counter/8/0/0/0,23167:1747647667700:,1747647682135
counter/2/0/0/0,24945:1747647670650:,1747647682135
counter/6/0/0/0,20970:1747647667712:,1747647682135
counter/8/0/0/0,23168:1747647667700:,1747647682135
counter/10/0/0/0,19411:1747647664948:,1747647682135
counter/1/0/0/0,20100:1747647666738:,1747647682135
counter/6/0/0/0,20971:1747647667712:,1747647682135
counter/8/0/0/0,23169:1747647667701:,1747647682135
counter/7/0/0/0,20451:1747647665622:,1747647682135
counter/6/0/0/0,20972:1747647667713:,1747647682135
counter/8/0/0/0,23170:1747647667701:,1747647682135
counter/9/0/0/0,25438:1747647668850:,1747647682135
counter/6/0/0/0,20973:1747647667713:,1747647682135
counter/6/0/0/0,20974:1747647667713:,1747647682135
counter/6/0/0/0,20975:1747647667713:,1747647682135
counter/7/0/0/0,20452:1747647665622:,1747647682135
counter/6/0/0/0,20976:1747647667713:,1747647682135
counter/9/0/0/0,25439:1747647668850:,1747647682135
counter/6/0/0/0,20977:1747647667713:,1747647682135
counter/6/0/0/0,20978:1747647667713:,1747647682135
counter/6/0/0/0,20979:1747647667713:,1747647682135
counter/6/0/0/0,20980:1747647667714:,1747647682135
counter/6/0/0/0,20981:1747647667714:,1747647682135
counter/6/0/0/0,20982:1747647667714:,1747647682135
counter/6/0/0/0,20983:1747647667714:,1747647682135
counter/6/0/0/0,20984:1747647667714:,1747647682135
counter/6/0/0/0,20985:1747647667714:,1747647682135
counter/6/0/0/0,20986:1747647667714:,1747647682135
counter/6/0/0/0,20987:1747647667714:,1747647682135
counter/6/0/0/0,20988:1747647667715:,1747647682135
counter/6/0/0/0,20989:1747647667715:,1747647682136
counter/6/0/0/0,20990:1747647667715:,1747647682136
counter/5/0/0/0,22227:1747647667608:,1747647682136
counter/9/0/0/0,25440:1747647668850:,1747647682136
counter/9/0/0/0,25441:1747647668850:,1747647682136
counter/9/0/0/0,25442:1747647668850:,1747647682136
counter/9/0/0/0,25443:1747647668855:,1747647682136
counter/9/0/0/0,25444:1747647668855:,1747647682136
counter/9/0/0/0,25445:1747647668855:,1747647682136
counter/6/0/0/0,20991:1747647667715:,1747647682136
counter/2/0/0/0,24946:1747647670650:,1747647682136
counter/7/0/0/0,20453:1747647665622:,1747647682136
counter/8/0/0/0,23171:1747647667701:,1747647682136
counter/4/0/0/0,19245:1747647666073:,1747647682136
counter/10/0/0/0,19412:1747647664948:,1747647682136
counter/1/0/0/0,20101:1747647666741:,1747647682136
counter/3/0/0/0,20923:1747647667567:,1747647682136
counter/5/0/0/0,22228:1747647667609:,1747647682136
counter/5/0/0/0,22229:1747647667609:,1747647682136
counter/2/0/0/0,24947:1747647670650:,1747647682136
counter/2/0/0/0,24948:1747647670652:,1747647682136
counter/7/0/0/0,20454:1747647665622:,1747647682136
counter/8/0/0/0,23172:1747647667701:,1747647682136
counter/7/0/0/0,20455:1747647665622:,1747647682136
counter/10/0/0/0,19413:1747647664948:,1747647682136
counter/1/0/0/0,20102:1747647666741:,1747647682136
counter/3/0/0/0,20924:1747647667567:,1747647682136
counter/3/0/0/0,20925:1747647667567:,1747647682136
counter/5/0/0/0,22230:1747647667609:,1747647682136
counter/2/0/0/0,24949:1747647670653:,1747647682136
counter/2/0/0/0,24950:1747647670653:,1747647682136
counter/2/0/0/0,24951:1747647670653:,1747647682136
counter/2/0/0/0,24952:1747647670653:,1747647682136
counter/2/0/0/0,24953:1747647670653:,1747647682136
counter/2/0/0/0,24954:1747647670653:,1747647682136
counter/1/0/0/0,20103:1747647666741:,1747647682136
counter/9/0/0/0,25446:1747647668855:,1747647682136
counter/9/0/0/0,25447:1747647668855:,1747647682136
counter/3/0/0/0,20926:1747647667567:,1747647682136
counter/9/0/0/0,25448:1747647668855:,1747647682136
counter/4/0/0/0,19246:1747647666073:,1747647682137
counter/7/0/0/0,20456:1747647665622:,1747647682137
counter/10/0/0/0,19414:1747647664948:,1747647682137
counter/7/0/0/0,20457:1747647665623:,1747647682137
counter/7/0/0/0,20458:1747647665628:,1747647682137
counter/7/0/0/0,20459:1747647665628:,1747647682137
counter/7/0/0/0,20460:1747647665631:,1747647682137
counter/7/0/0/0,20461:1747647665650:,1747647682137
counter/7/0/0/0,20462:1747647665650:,1747647682137
counter/7/0/0/0,20463:1747647665650:,1747647682137
counter/7/0/0/0,20464:1747647665650:,1747647682137
counter/7/0/0/0,20465:1747647665650:,1747647682137
counter/10/0/0/0,19415:1747647664948:,1747647682137
counter/7/0/0/0,20466:1747647665650:,1747647682137
counter/5/0/0/0,22231:1747647667609:,1747647682137
counter/5/0/0/0,22232:1747647667609:,1747647682137
counter/5/0/0/0,22233:1747647667609:,1747647682137
counter/5/0/0/0,22234:1747647667609:,1747647682137
counter/5/0/0/0,22235:1747647667609:,1747647682137
counter/5/0/0/0,22236:1747647667609:,1747647682137
counter/5/0/0/0,22237:1747647667611:,1747647682137
counter/5/0/0/0,22238:1747647667615:,1747647682137
counter/5/0/0/0,22239:1747647667619:,1747647682137
counter/5/0/0/0,22240:1747647667620:,1747647682137
counter/5/0/0/0,22241:1747647667620:,1747647682137
counter/2/0/0/0,24955:1747647670653:,1747647682137
counter/5/0/0/0,22242:1747647667620:,1747647682137
counter/7/0/0/0,20467:1747647665650:,1747647682137
counter/5/0/0/0,22243:1747647667620:,1747647682137
counter/7/0/0/0,20468:1747647665650:,1747647682137
counter/7/0/0/0,20469:1747647665650:,1747647682137
counter/7/0/0/0,20470:1747647665650:,1747647682137
counter/7/0/0/0,20471:1747647665650:,1747647682137
counter/7/0/0/0,20472:1747647665650:,1747647682137
counter/2/0/0/0,24956:1747647670653:,1747647682137
counter/7/0/0/0,20473:1747647665650:,1747647682137
counter/1/0/0/0,20104:1747647666741:,1747647682137
counter/7/0/0/0,20474:1747647665650:,1747647682137
counter/10/0/0/0,19416:1747647664948:,1747647682137
counter/7/0/0/0,20475:1747647665650:,1747647682137
counter/3/0/0/0,20927:1747647667567:,1747647682138
counter/9/0/0/0,25449:1747647668855:,1747647682138
counter/4/0/0/0,19247:1747647666073:,1747647682138
counter/5/0/0/0,22244:1747647667620:,1747647682138
counter/7/0/0/0,20476:1747647665650:,1747647682138
counter/8/0/0/0,23173:1747647667719:,1747647682138
counter/6/0/0/0,20992:1747647667715:,1747647682138
counter/2/0/0/0,24957:1747647670653:,1747647682138
counter/1/0/0/0,20105:1747647666741:,1747647682138
counter/10/0/0/0,19417:1747647664948:,1747647682138
counter/3/0/0/0,20928:1747647667567:,1747647682138
counter/9/0/0/0,25450:1747647668855:,1747647682138
counter/4/0/0/0,19248:1747647666073:,1747647682138
counter/5/0/0/0,22245:1747647667620:,1747647682138
counter/7/0/0/0,20477:1747647665670:,1747647682138
counter/8/0/0/0,23174:1747647667719:,1747647682138
counter/6/0/0/0,20993:1747647667715:,1747647682138
counter/2/0/0/0,24958:1747647670660:,1747647682138
counter/1/0/0/0,20106:1747647666741:,1747647682138
counter/10/0/0/0,19418:1747647664948:,1747647682138
counter/3/0/0/0,20929:1747647667569:,1747647682138
counter/9/0/0/0,25451:1747647668855:,1747647682138
counter/4/0/0/0,19249:1747647666078:,1747647682138
counter/5/0/0/0,22246:1747647667620:,1747647682138
counter/7/0/0/0,20478:1747647665670:,1747647682138
counter/7/0/0/0,20479:1747647665670:,1747647682138
counter/7/0/0/0,20480:1747647665670:,1747647682138
counter/7/0/0/0,20481:1747647665670:,1747647682138
counter/7/0/0/0,20482:1747647665670:,1747647682138
counter/7/0/0/0,20483:1747647665670:,1747647682138
counter/7/0/0/0,20484:1747647665670:,1747647682138
counter/7/0/0/0,20485:1747647665670:,1747647682138
counter/4/0/0/0,19250:1747647666078:,1747647682138
counter/4/0/0/0,19251:1747647666078:,1747647682138
counter/4/0/0/0,19252:1747647666078:,1747647682138
counter/4/0/0/0,19253:1747647666078:,1747647682138
counter/4/0/0/0,19254:1747647666078:,1747647682138
counter/4/0/0/0,19255:1747647666078:,1747647682139
counter/4/0/0/0,19256:1747647666078:,1747647682139
counter/6/0/0/0,20994:1747647667715:,1747647682139
counter/4/0/0/0,19257:1747647666079:,1747647682139
counter/5/0/0/0,22247:1747647667622:,1747647682139
counter/4/0/0/0,19258:1747647666079:,1747647682139
counter/5/0/0/0,22248:1747647667622:,1747647682139
counter/2/0/0/0,24959:1747647670660:,1747647682139
counter/10/0/0/0,19419:1747647664948:,1747647682139
counter/3/0/0/0,20930:1747647667569:,1747647682139
counter/7/0/0/0,20486:1747647665670:,1747647682139
counter/7/0/0/0,20487:1747647665670:,1747647682139
counter/7/0/0/0,20488:1747647665670:,1747647682139
counter/7/0/0/0,20489:1747647665670:,1747647682139
counter/7/0/0/0,20490:1747647665670:,1747647682139
counter/7/0/0/0,20491:1747647665690:,1747647682139
counter/7/0/0/0,20492:1747647665690:,1747647682139
counter/7/0/0/0,20493:1747647665690:,1747647682139
counter/7/0/0/0,20494:1747647665690:,1747647682139
counter/9/0/0/0,25452:1747647668855:,1747647682139
counter/7/0/0/0,20495:1747647665690:,1747647682139
counter/7/0/0/0,20496:1747647665690:,1747647682139
counter/1/0/0/0,20107:1747647666741:,1747647682139
counter/5/0/0/0,22249:1747647667623:,1747647682139
counter/5/0/0/0,22250:1747647667623:,1747647682139
counter/5/0/0/0,22251:1747647667623:,1747647682139
counter/5/0/0/0,22252:1747647667623:,1747647682139
counter/5/0/0/0,22253:1747647667623:,1747647682139
counter/6/0/0/0,20995:1747647667715:,1747647682139
counter/4/0/0/0,19259:1747647666079:,1747647682139
counter/9/0/0/0,25453:1747647668855:,1747647682139
counter/1/0/0/0,20108:1747647666741:,1747647682139
counter/9/0/0/0,25454:1747647668855:,1747647682139
counter/9/0/0/0,25455:1747647668855:,1747647682139
counter/9/0/0/0,25456:1747647668855:,1747647682139
counter/9/0/0/0,25457:1747647669626:,1747647682139
counter/8/0/0/0,23175:1747647667719:,1747647682139
counter/6/0/0/0,20996:1747647667715:,1747647682139
counter/6/0/0/0,20997:1747647667715:,1747647682139
counter/6/0/0/0,20998:1747647667715:,1747647682139
counter/1/0/0/0,20109:1747647666741:,1747647682139
counter/3/0/0/0,20931:1747647667569:,1747647682140
counter/10/0/0/0,19420:1747647664948:,1747647682140
counter/3/0/0/0,20932:1747647667569:,1747647682140
counter/9/0/0/0,25458:1747647669630:,1747647682140
counter/9/0/0/0,25459:1747647669634:,1747647682140
counter/9/0/0/0,25460:1747647669634:,1747647682140
counter/6/0/0/0,20999:1747647667715:,1747647682140
counter/6/0/0/0,21000:1747647667715:,1747647682140
counter/1/0/0/0,20110:1747647666741:,1747647682140
counter/1/0/0/0,20111:1747647666741:,1747647682140
counter/1/0/0/0,20112:1747647666757:,1747647682140
counter/1/0/0/0,20113:1747647666766:,1747647682140
counter/1/0/0/0,20114:1747647666770:,1747647682140
counter/8/0/0/0,23176:1747647667723:,1747647682140
counter/4/0/0/0,19260:1747647666079:,1747647682140
counter/2/0/0/0,24960:1747647670660:,1747647682140
counter/6/0/0/0,21001:1747647667715:,1747647682140
counter/6/0/0/0,21002:1747647667715:,1747647682140
counter/10/0/0/0,19421:1747647664948:,1747647682140
counter/10/0/0/0,19422:1747647664948:,1747647682140
counter/10/0/0/0,19423:1747647664948:,1747647682140
counter/1/0/0/0,20115:1747647666770:,1747647682140
counter/10/0/0/0,19424:1747647664948:,1747647682140
counter/8/0/0/0,23177:1747647667724:,1747647682140
counter/4/0/0/0,19261:1747647666079:,1747647682140
counter/2/0/0/0,24961:1747647670660:,1747647682140
counter/4/0/0/0,19262:1747647666079:,1747647682140
counter/6/0/0/0,21003:1747647667715:,1747647682140
counter/5/0/0/0,22254:1747647667623:,1747647682140
counter/3/0/0/0,20933:1747647667569:,1747647682140
counter/9/0/0/0,25461:1747647669636:,1747647682140
counter/3/0/0/0,20934:1747647667569:,1747647682140
counter/10/0/0/0,19425:1747647664948:,1747647682140
counter/10/0/0/0,19426:1747647664948:,1747647682140
counter/2/0/0/0,24962:1747647670660:,1747647682140
counter/4/0/0/0,19263:1747647666079:,1747647682140
counter/6/0/0/0,21004:1747647667715:,1747647682140
counter/6/0/0/0,21005:1747647667715:,1747647682140
counter/5/0/0/0,22255:1747647667623:,1747647682140
counter/1/0/0/0,20116:1747647666770:,1747647682140
counter/9/0/0/0,25462:1747647669636:,1747647682141
counter/9/0/0/0,25463:1747647669636:,1747647682141
counter/9/0/0/0,25464:1747647669637:,1747647682141
counter/9/0/0/0,25465:1747647669637:,1747647682141
counter/9/0/0/0,25466:1747647669641:,1747647682141
counter/9/0/0/0,25467:1747647669643:,1747647682141
counter/9/0/0/0,25468:1747647669649:,1747647682141
counter/9/0/0/0,25469:1747647669650:,1747647682141
counter/9/0/0/0,25470:1747647669660:,1747647682141
counter/9/0/0/0,25471:1747647669660:,1747647682141
counter/9/0/0/0,25472:1747647669661:,1747647682141
counter/9/0/0/0,25473:1747647669672:,1747647682141
counter/9/0/0/0,25474:1747647669672:,1747647682141
counter/9/0/0/0,25475:1747647669672:,1747647682141
counter/9/0/0/0,25476:1747647669672:,1747647682141
counter/9/0/0/0,25477:1747647669672:,1747647682141
counter/9/0/0/0,25478:1747647669676:,1747647682141
counter/9/0/0/0,25479:1747647669676:,1747647682141
counter/3/0/0/0,20935:1747647667569:,1747647682141
counter/9/0/0/0,25480:1747647669676:,1747647682141
counter/8/0/0/0,23178:1747647667737:,1747647682141
counter/4/0/0/0,19264:1747647666081:,1747647682141
counter/6/0/0/0,21006:1747647667715:,1747647682141
counter/8/0/0/0,23179:1747647667737:,1747647682141
counter/8/0/0/0,23180:1747647667737:,1747647682141
counter/8/0/0/0,23181:1747647667737:,1747647682141
counter/9/0/0/0,25481:1747647669676:,1747647682141
counter/8/0/0/0,23182:1747647667742:,1747647682141
counter/8/0/0/0,23183:1747647667742:,1747647682141
counter/8/0/0/0,23184:1747647667742:,1747647682141
counter/8/0/0/0,23185:1747647667742:,1747647682141
counter/8/0/0/0,23186:1747647667742:,1747647682141
counter/8/0/0/0,23187:1747647667742:,1747647682141
counter/10/0/0/0,19427:1747647664948:,1747647682141
counter/8/0/0/0,23188:1747647667742:,1747647682141
counter/10/0/0/0,19428:1747647664948:,1747647682141
counter/9/0/0/0,25482:1747647669676:,1747647682141
counter/8/0/0/0,23189:1747647667742:,1747647682141
counter/10/0/0/0,19429:1747647664948:,1747647682142
counter/9/0/0/0,25483:1747647669676:,1747647682142
counter/8/0/0/0,23190:1747647667742:,1747647682142
counter/10/0/0/0,19430:1747647664948:,1747647682142
counter/9/0/0/0,25484:1747647669676:,1747647682142
counter/3/0/0/0,20936:1747647667569:,1747647682142
counter/8/0/0/0,23191:1747647667742:,1747647682142
counter/10/0/0/0,19431:1747647664950:,1747647682142
counter/9/0/0/0,25485:1747647669676:,1747647682142
counter/3/0/0/0,20937:1747647667570:,1747647682142
counter/5/0/0/0,22256:1747647667623:,1747647682142
counter/8/0/0/0,23192:1747647667742:,1747647682142
counter/10/0/0/0,19432:1747647664950:,1747647682142
counter/9/0/0/0,25486:1747647669676:,1747647682142
counter/7/0/0/0,20497:1747647665690:,1747647682142
counter/8/0/0/0,23193:1747647667742:,1747647682142
counter/10/0/0/0,19433:1747647664950:,1747647682142
counter/9/0/0/0,25487:1747647669676:,1747647682142
counter/9/0/0/0,25488:1747647669676:,1747647682142
counter/3/0/0/0,20938:1747647667570:,1747647682142
counter/7/0/0/0,20498:1747647665690:,1747647682142
counter/9/0/0/0,25489:1747647669685:,1747647682142
counter/3/0/0/0,20939:1747647667570:,1747647682142
counter/9/0/0/0,25490:1747647669685:,1747647682142
counter/3/0/0/0,20940:1747647667570:,1747647682142
counter/9/0/0/0,25491:1747647669685:,1747647682142
counter/3/0/0/0,20941:1747647667583:,1747647682142
counter/9/0/0/0,25492:1747647669685:,1747647682142
counter/3/0/0/0,20942:1747647667587:,1747647682142
counter/9/0/0/0,25493:1747647669685:,1747647682142
counter/3/0/0/0,20943:1747647667587:,1747647682142
counter/2/0/0/0,24963:1747647670660:,1747647682142
counter/9/0/0/0,25494:1747647669685:,1747647682142
counter/3/0/0/0,20944:1747647667587:,1747647682142
counter/1/0/0/0,20117:1747647666770:,1747647682142
counter/7/0/0/0,20499:1747647665690:,1747647682142
counter/9/0/0/0,25495:1747647669687:,1747647682142
counter/3/0/0/0,20945:1747647667587:,1747647682142
counter/7/0/0/0,20500:1747647665690:,1747647682142
counter/9/0/0/0,25496:1747647669687:,1747647682142
counter/7/0/0/0,20501:1747647665690:,1747647682142
counter/2/0/0/0,24964:1747647670666:,1747647682142
counter/7/0/0/0,20502:1747647665690:,1747647682143
counter/1/0/0/0,20118:1747647666770:,1747647682143
counter/7/0/0/0,20503:1747647665690:,1747647682143
counter/1/0/0/0,20119:1747647666770:,1747647682143
counter/7/0/0/0,20504:1747647665690:,1747647682143
counter/1/0/0/0,20120:1747647666770:,1747647682143
counter/7/0/0/0,20505:1747647665690:,1747647682143
counter/1/0/0/0,20121:1747647666770:,1747647682143
counter/7/0/0/0,20506:1747647665690:,1747647682143
counter/1/0/0/0,20122:1747647666770:,1747647682143
counter/1/0/0/0,20123:1747647666770:,1747647682143
counter/2/0/0/0,24965:1747647670667:,1747647682143
counter/10/0/0/0,19434:1747647664950:,1747647682143
counter/1/0/0/0,20124:1747647666770:,1747647682143
counter/2/0/0/0,24966:1747647670667:,1747647682143
counter/8/0/0/0,23194:1747647667742:,1747647682143
counter/1/0/0/0,20125:1747647666770:,1747647682143
counter/7/0/0/0,20507:1747647665690:,1747647682143
counter/8/0/0/0,23195:1747647667742:,1747647682143
counter/1/0/0/0,20126:1747647666770:,1747647682143
counter/8/0/0/0,23196:1747647667743:,1747647682143
counter/8/0/0/0,23197:1747647667743:,1747647682143
counter/8/0/0/0,23198:1747647667757:,1747647682143
counter/8/0/0/0,23199:1747647667764:,1747647682143
counter/3/0/0/0,20946:1747647667588:,1747647682143
counter/7/0/0/0,20508:1747647665690:,1747647682143
counter/8/0/0/0,23200:1747647667764:,1747647682143
counter/3/0/0/0,20947:1747647667588:,1747647682143
counter/1/0/0/0,20127:1747647666774:,1747647682143
counter/8/0/0/0,23201:1747647667764:,1747647682143
counter/3/0/0/0,20948:1747647667588:,1747647682143
counter/10/0/0/0,19435:1747647664950:,1747647682143
counter/3/0/0/0,20949:1747647667590:,1747647682143
counter/3/0/0/0,20950:1747647667590:,1747647682143
counter/9/0/0/0,25497:1747647669687:,1747647682143
counter/5/0/0/0,22257:1747647667629:,1747647682143
counter/7/0/0/0,20509:1747647665690:,1747647682143
counter/7/0/0/0,20510:1747647665691:,1747647682143
counter/7/0/0/0,20511:1747647665691:,1747647682144
counter/7/0/0/0,20512:1747647665692:,1747647682144
counter/7/0/0/0,20513:1747647665692:,1747647682144
counter/7/0/0/0,20514:1747647665692:,1747647682144
counter/7/0/0/0,20515:1747647665692:,1747647682144
counter/7/0/0/0,20516:1747647665692:,1747647682144
counter/3/0/0/0,20951:1747647667590:,1747647682144
counter/5/0/0/0,22258:1747647667629:,1747647682144
counter/1/0/0/0,20128:1747647666779:,1747647682144
counter/1/0/0/0,20129:1747647666779:,1747647682144
counter/2/0/0/0,24967:1747647670667:,1747647682144
counter/10/0/0/0,19436:1747647664950:,1747647682144
counter/8/0/0/0,23202:1747647667764:,1747647682144
counter/7/0/0/0,20517:1747647665692:,1747647682144
counter/9/0/0/0,25498:1747647669687:,1747647682144
counter/6/0/0/0,21007:1747647667715:,1747647682144
counter/6/0/0/0,21008:1747647667715:,1747647682144
counter/6/0/0/0,21009:1747647667715:,1747647682144
counter/6/0/0/0,21010:1747647667715:,1747647682144
counter/6/0/0/0,21011:1747647667715:,1747647682144
counter/1/0/0/0,20130:1747647666779:,1747647682144
counter/10/0/0/0,19437:1747647664950:,1747647682144
counter/8/0/0/0,23203:1747647667764:,1747647682144
counter/7/0/0/0,20518:1747647665692:,1747647682144
counter/9/0/0/0,25499:1747647669687:,1747647682144
counter/9/0/0/0,25500:1747647669687:,1747647682144
counter/9/0/0/0,25501:1747647669687:,1747647682144
counter/9/0/0/0,25502:1747647669687:,1747647682144
counter/6/0/0/0,21012:1747647667715:,1747647682144
counter/1/0/0/0,20131:1747647666781:,1747647682144
counter/1/0/0/0,20132:1747647666781:,1747647682144
counter/1/0/0/0,20133:1747647666781:,1747647682144
counter/1/0/0/0,20134:1747647666781:,1747647682144
counter/1/0/0/0,20135:1747647666786:,1747647682144
counter/3/0/0/0,20952:1747647667590:,1747647682144
counter/5/0/0/0,22259:1747647667629:,1747647682144
counter/5/0/0/0,22260:1747647667629:,1747647682144
counter/9/0/0/0,25503:1747647669687:,1747647682144
counter/2/0/0/0,24968:1747647670667:,1747647682144
counter/10/0/0/0,19438:1747647664950:,1747647682145
counter/8/0/0/0,23204:1747647667764:,1747647682145
counter/7/0/0/0,20519:1747647665692:,1747647682145
counter/1/0/0/0,20136:1747647666786:,1747647682145
counter/1/0/0/0,20137:1747647666786:,1747647682145
counter/3/0/0/0,20953:1747647667590:,1747647682145
counter/6/0/0/0,21013:1747647667715:,1747647682145
counter/6/0/0/0,21014:1747647667715:,1747647682145
counter/6/0/0/0,21015:1747647667715:,1747647682145
counter/6/0/0/0,21016:1747647667715:,1747647682145
counter/6/0/0/0,21017:1747647667715:,1747647682145
counter/6/0/0/0,21018:1747647667716:,1747647682145
counter/6/0/0/0,21019:1747647667716:,1747647682145
counter/6/0/0/0,21020:1747647667716:,1747647682145
counter/6/0/0/0,21021:1747647667716:,1747647682145
counter/6/0/0/0,21022:1747647667716:,1747647682145
counter/6/0/0/0,21023:1747647667716:,1747647682145
counter/6/0/0/0,21024:1747647667716:,1747647682145
counter/6/0/0/0,21025:1747647667716:,1747647682145
counter/6/0/0/0,21026:1747647667716:,1747647682145
counter/6/0/0/0,21027:1747647667716:,1747647682145
counter/6/0/0/0,21028:1747647667723:,1747647682145
counter/6/0/0/0,21029:1747647667723:,1747647682145
counter/5/0/0/0,22261:1747647667629:,1747647682145
counter/6/0/0/0,21030:1747647667723:,1747647682145
counter/2/0/0/0,24969:1747647670667:,1747647682145
counter/10/0/0/0,19439:1747647664950:,1747647682145
counter/9/0/0/0,25504:1747647669687:,1747647682145
counter/8/0/0/0,23205:1747647667775:,1747647682145
counter/4/0/0/0,19265:1747647666081:,1747647682145
counter/3/0/0/0,20954:1747647667590:,1747647682145
counter/1/0/0/0,20138:1747647666786:,1747647682145
counter/6/0/0/0,21031:1747647667723:,1747647682145
counter/6/0/0/0,21032:1747647667723:,1747647682145
counter/6/0/0/0,21033:1747647667723:,1747647682145
counter/6/0/0/0,21034:1747647667723:,1747647682145
counter/6/0/0/0,21035:1747647667723:,1747647682145
counter/6/0/0/0,21036:1747647667723:,1747647682145
counter/6/0/0/0,21037:1747647667723:,1747647682145
counter/3/0/0/0,20955:1747647667591:,1747647682146
counter/6/0/0/0,21038:1747647667723:,1747647682146
counter/1/0/0/0,20139:1747647666786:,1747647682146
counter/5/0/0/0,22262:1747647667630:,1747647682146
counter/2/0/0/0,24970:1747647670668:,1747647682146
counter/6/0/0/0,21039:1747647667734:,1747647682146
counter/10/0/0/0,19440:1747647664950:,1747647682146
counter/9/0/0/0,25505:1747647669687:,1747647682146
counter/8/0/0/0,23206:1747647667775:,1747647682146
counter/4/0/0/0,19266:1747647666081:,1747647682146
counter/7/0/0/0,20520:1747647665692:,1747647682146
counter/3/0/0/0,20956:1747647667595:,1747647682146
counter/1/0/0/0,20140:1747647666786:,1747647682146
counter/5/0/0/0,22263:1747647667630:,1747647682146
counter/2/0/0/0,24971:1747647670668:,1747647682146
counter/10/0/0/0,19441:1747647664950:,1747647682146
counter/9/0/0/0,25506:1747647669692:,1747647682146
counter/8/0/0/0,23207:1747647667775:,1747647682146
counter/6/0/0/0,21040:1747647667734:,1747647682146
counter/4/0/0/0,19267:1747647666081:,1747647682146
counter/7/0/0/0,20521:1747647665692:,1747647682146
counter/3/0/0/0,20957:1747647667595:,1747647682146
counter/1/0/0/0,20141:1747647666786:,1747647682146
counter/5/0/0/0,22264:1747647667630:,1747647682146
counter/2/0/0/0,24972:1747647670668:,1747647682146
counter/10/0/0/0,19442:1747647664950:,1747647682146
counter/9/0/0/0,25507:1747647669692:,1747647682146
counter/8/0/0/0,23208:1747647667775:,1747647682146
counter/6/0/0/0,21041:1747647667734:,1747647682146
counter/4/0/0/0,19268:1747647666081:,1747647682146
counter/7/0/0/0,20522:1747647665692:,1747647682146
counter/3/0/0/0,20958:1747647667595:,1747647682146
counter/1/0/0/0,20142:1747647666786:,1747647682146
counter/5/0/0/0,22265:1747647667630:,1747647682146
counter/2/0/0/0,24973:1747647670668:,1747647682146
counter/10/0/0/0,19443:1747647664950:,1747647682146
counter/9/0/0/0,25508:1747647669692:,1747647682147
counter/9/0/0/0,25509:1747647669692:,1747647682147
counter/9/0/0/0,25510:1747647669692:,1747647682147
counter/9/0/0/0,25511:1747647669692:,1747647682147
counter/7/0/0/0,20523:1747647665692:,1747647682147
counter/3/0/0/0,20959:1747647667595:,1747647682147
counter/1/0/0/0,20143:1747647666786:,1747647682147
counter/1/0/0/0,20144:1747647666786:,1747647682147
counter/1/0/0/0,20145:1747647666786:,1747647682147
counter/1/0/0/0,20146:1747647666786:,1747647682147
counter/1/0/0/0,20147:1747647666786:,1747647682147
counter/1/0/0/0,20148:1747647666787:,1747647682147
counter/1/0/0/0,20149:1747647666788:,1747647682147
counter/1/0/0/0,20150:1747647666788:,1747647682147
counter/1/0/0/0,20151:1747647666788:,1747647682147
counter/1/0/0/0,20152:1747647666788:,1747647682147
counter/1/0/0/0,20153:1747647666789:,1747647682147
counter/1/0/0/0,20154:1747647666789:,1747647682147
counter/1/0/0/0,20155:1747647666789:,1747647682147
counter/1/0/0/0,20156:1747647666789:,1747647682147
counter/1/0/0/0,20157:1747647666789:,1747647682147
counter/1/0/0/0,20158:1747647666789:,1747647682147
counter/1/0/0/0,20159:1747647666789:,1747647682147
counter/5/0/0/0,22266:1747647667630:,1747647682147
counter/1/0/0/0,20160:1747647666789:,1747647682147
counter/2/0/0/0,24974:1747647670668:,1747647682147
counter/10/0/0/0,19444:1747647664950:,1747647682147
counter/8/0/0/0,23209:1747647667775:,1747647682147
counter/6/0/0/0,21042:1747647667734:,1747647682147
counter/9/0/0/0,25512:1747647669692:,1747647682147
counter/7/0/0/0,20524:1747647665692:,1747647682147
counter/3/0/0/0,20960:1747647667595:,1747647682147
counter/1/0/0/0,20161:1747647666789:,1747647682147
counter/1/0/0/0,20162:1747647666789:,1747647682147
counter/1/0/0/0,20163:1747647666789:,1747647682147
counter/1/0/0/0,20164:1747647666789:,1747647682147
counter/1/0/0/0,20165:1747647666789:,1747647682147
counter/1/0/0/0,20166:1747647666789:,1747647682147
counter/1/0/0/0,20167:1747647666789:,1747647682147
counter/1/0/0/0,20168:1747647666789:,1747647682147
counter/1/0/0/0,20169:1747647666790:,1747647682148
counter/1/0/0/0,20170:1747647666790:,1747647682148
counter/1/0/0/0,20171:1747647666791:,1747647682148
counter/1/0/0/0,20172:1747647666791:,1747647682148
counter/1/0/0/0,20173:1747647666791:,1747647682148
counter/1/0/0/0,20174:1747647666791:,1747647682148
counter/1/0/0/0,20175:1747647666791:,1747647682148
counter/1/0/0/0,20176:1747647666792:,1747647682148
counter/1/0/0/0,20177:1747647666792:,1747647682148
counter/1/0/0/0,20178:1747647666792:,1747647682148
counter/1/0/0/0,20179:1747647666792:,1747647682148
counter/1/0/0/0,20180:1747647666792:,1747647682148
counter/1/0/0/0,20181:1747647666792:,1747647682148
counter/1/0/0/0,20182:1747647666792:,1747647682148
counter/1/0/0/0,20183:1747647666792:,1747647682148
counter/1/0/0/0,20184:1747647666792:,1747647682148
counter/1/0/0/0,20185:1747647666792:,1747647682148
counter/1/0/0/0,20186:1747647666792:,1747647682148
counter/1/0/0/0,20187:1747647666792:,1747647682148
counter/1/0/0/0,20188:1747647666792:,1747647682148
counter/1/0/0/0,20189:1747647666792:,1747647682148
counter/1/0/0/0,20190:1747647666792:,1747647682148
counter/1/0/0/0,20191:1747647666792:,1747647682148
counter/1/0/0/0,20192:1747647666792:,1747647682148
counter/1/0/0/0,20193:1747647666792:,1747647682148
counter/1/0/0/0,20194:1747647666792:,1747647682148
counter/1/0/0/0,20195:1747647666792:,1747647682148
counter/1/0/0/0,20196:1747647666792:,1747647682148
counter/1/0/0/0,20197:1747647666792:,1747647682148
counter/1/0/0/0,20198:1747647666792:,1747647682148
counter/1/0/0/0,20199:1747647666792:,1747647682148
counter/1/0/0/0,20200:1747647666792:,1747647682148
counter/1/0/0/0,20201:1747647666792:,1747647682148
counter/1/0/0/0,20202:1747647666792:,1747647682148
counter/1/0/0/0,20203:1747647666798:,1747647682148
counter/1/0/0/0,20204:1747647666798:,1747647682148
counter/1/0/0/0,20205:1747647666798:,1747647682148
counter/1/0/0/0,20206:1747647666799:,1747647682148
counter/1/0/0/0,20207:1747647666799:,1747647682148
counter/1/0/0/0,20208:1747647666799:,1747647682148
counter/1/0/0/0,20209:1747647666801:,1747647682149
counter/1/0/0/0,20210:1747647666801:,1747647682149
counter/1/0/0/0,20211:1747647666801:,1747647682149
counter/1/0/0/0,20212:1747647666801:,1747647682149
counter/1/0/0/0,20213:1747647666801:,1747647682149
counter/1/0/0/0,20214:1747647666801:,1747647682149
counter/1/0/0/0,20215:1747647666801:,1747647682149
counter/1/0/0/0,20216:1747647666801:,1747647682149
counter/1/0/0/0,20217:1747647666801:,1747647682149
counter/1/0/0/0,20218:1747647666817:,1747647682149
counter/1/0/0/0,20219:1747647666817:,1747647682149
counter/1/0/0/0,20220:1747647666818:,1747647682149
counter/1/0/0/0,20221:1747647666822:,1747647682149
counter/1/0/0/0,20222:1747647666822:,1747647682149
counter/1/0/0/0,20223:1747647666822:,1747647682149
counter/1/0/0/0,20224:1747647666823:,1747647682149
counter/1/0/0/0,20225:1747647666823:,1747647682149
counter/1/0/0/0,20226:1747647666823:,1747647682149
counter/1/0/0/0,20227:1747647666823:,1747647682149
counter/1/0/0/0,20228:1747647666823:,1747647682149
counter/1/0/0/0,20229:1747647666823:,1747647682149
counter/1/0/0/0,20230:1747647666823:,1747647682149
counter/1/0/0/0,20231:1747647666823:,1747647682149
counter/1/0/0/0,20232:1747647666823:,1747647682149
counter/1/0/0/0,20233:1747647666823:,1747647682149
counter/1/0/0/0,20234:1747647666828:,1747647682149
counter/1/0/0/0,20235:1747647666828:,1747647682149
counter/1/0/0/0,20236:1747647666839:,1747647682149
counter/1/0/0/0,20237:1747647666839:,1747647682149
counter/1/0/0/0,20238:1747647666839:,1747647682149
counter/1/0/0/0,20239:1747647666839:,1747647682149
counter/1/0/0/0,20240:1747647666839:,1747647682149
counter/1/0/0/0,20241:1747647666839:,1747647682149
counter/1/0/0/0,20242:1747647666839:,1747647682149
counter/1/0/0/0,20243:1747647666839:,1747647682149
counter/1/0/0/0,20244:1747647666839:,1747647682149
counter/1/0/0/0,20245:1747647666839:,1747647682149
counter/1/0/0/0,20246:1747647666839:,1747647682149
counter/1/0/0/0,20247:1747647666839:,1747647682149
counter/1/0/0/0,20248:1747647666839:,1747647682150
counter/1/0/0/0,20249:1747647666839:,1747647682150
counter/1/0/0/0,20250:1747647666839:,1747647682150
counter/1/0/0/0,20251:1747647666839:,1747647682150
counter/1/0/0/0,20252:1747647666839:,1747647682150
counter/1/0/0/0,20253:1747647666839:,1747647682150
counter/1/0/0/0,20254:1747647666839:,1747647682150
counter/1/0/0/0,20255:1747647666840:,1747647682150
counter/1/0/0/0,20256:1747647666840:,1747647682150
counter/1/0/0/0,20257:1747647666840:,1747647682150
counter/1/0/0/0,20258:1747647666840:,1747647682150
counter/1/0/0/0,20259:1747647666840:,1747647682150
counter/1/0/0/0,20260:1747647666840:,1747647682150
counter/1/0/0/0,20261:1747647666840:,1747647682150
counter/1/0/0/0,20262:1747647666840:,1747647682150
counter/1/0/0/0,20263:1747647666842:,1747647682150
counter/1/0/0/0,20264:1747647666842:,1747647682150
counter/1/0/0/0,20265:1747647666842:,1747647682150
counter/1/0/0/0,20266:1747647666842:,1747647682150
counter/1/0/0/0,20267:1747647666842:,1747647682150
counter/1/0/0/0,20268:1747647666842:,1747647682150
counter/1/0/0/0,20269:1747647666842:,1747647682150
counter/1/0/0/0,20270:1747647666853:,1747647682150
counter/2/0/0/0,24975:1747647670668:,1747647682150
counter/1/0/0/0,20271:1747647666860:,1747647682150
counter/5/0/0/0,22267:1747647667630:,1747647682150
counter/1/0/0/0,20272:1747647666881:,1747647682150
counter/5/0/0/0,22268:1747647667630:,1747647682150
counter/10/0/0/0,19445:1747647664953:,1747647682150
counter/1/0/0/0,20273:1747647666881:,1747647682150
counter/6/0/0/0,21043:1747647667734:,1747647682150
counter/9/0/0/0,25513:1747647669692:,1747647682150
counter/1/0/0/0,20274:1747647666881:,1747647682150
counter/7/0/0/0,20525:1747647665692:,1747647682150
counter/1/0/0/0,20275:1747647666881:,1747647682150
counter/1/0/0/0,20276:1747647666881:,1747647682150
counter/1/0/0/0,20277:1747647666881:,1747647682150
counter/1/0/0/0,20278:1747647666881:,1747647682150
counter/1/0/0/0,20279:1747647666885:,1747647682150
counter/1/0/0/0,20280:1747647666885:,1747647682150
counter/1/0/0/0,20281:1747647666885:,1747647682150
counter/8/0/0/0,23210:1747647667778:,1747647682150
counter/3/0/0/0,20961:1747647667595:,1747647682151
counter/2/0/0/0,24976:1747647670668:,1747647682151
counter/2/0/0/0,24977:1747647670669:,1747647682151
counter/2/0/0/0,24978:1747647670669:,1747647682151
counter/5/0/0/0,22269:1747647667630:,1747647682151
counter/9/0/0/0,25514:1747647669692:,1747647682151
counter/8/0/0/0,23211:1747647667779:,1747647682151
counter/3/0/0/0,20962:1747647667595:,1747647682151
counter/10/0/0/0,19446:1747647664953:,1747647682151
counter/2/0/0/0,24979:1747647670669:,1747647682151
counter/6/0/0/0,21044:1747647667734:,1747647682151
counter/5/0/0/0,22270:1747647667630:,1747647682151
counter/9/0/0/0,25515:1747647669692:,1747647682151
counter/10/0/0/0,19447:1747647664953:,1747647682151
counter/3/0/0/0,20963:1747647667595:,1747647682151
counter/5/0/0/0,22271:1747647667630:,1747647682151
counter/6/0/0/0,21045:1747647667734:,1747647682151
counter/9/0/0/0,25516:1747647669694:,1747647682151
counter/7/0/0/0,20526:1747647665692:,1747647682151
counter/8/0/0/0,23212:1747647667779:,1747647682151
counter/5/0/0/0,22272:1747647667630:,1747647682151
counter/6/0/0/0,21046:1747647667734:,1747647682151
counter/9/0/0/0,25517:1747647669694:,1747647682151
counter/7/0/0/0,20527:1747647665692:,1747647682151
counter/8/0/0/0,23213:1747647667779:,1747647682151
counter/2/0/0/0,24980:1747647670669:,1747647682151
counter/8/0/0/0,23214:1747647667779:,1747647682151
counter/6/0/0/0,21047:1747647667734:,1747647682151
counter/5/0/0/0,22273:1747647667630:,1747647682151
counter/10/0/0/0,19448:1747647664953:,1747647682151
counter/7/0/0/0,20528:1747647665692:,1747647682151
counter/2/0/0/0,24981:1747647670669:,1747647682151
counter/8/0/0/0,23215:1747647667779:,1747647682151
counter/3/0/0/0,20964:1747647667595:,1747647682151
counter/3/0/0/0,20965:1747647667595:,1747647682151
counter/3/0/0/0,20966:1747647667595:,1747647682151
counter/3/0/0/0,20967:1747647667595:,1747647682151
counter/3/0/0/0,20968:1747647667595:,1747647682151
counter/3/0/0/0,20969:1747647667595:,1747647682151
counter/3/0/0/0,20970:1747647667595:,1747647682151
counter/3/0/0/0,20971:1747647667596:,1747647682151
counter/3/0/0/0,20972:1747647667596:,1747647682152
counter/3/0/0/0,20973:1747647667596:,1747647682152
counter/3/0/0/0,20974:1747647667596:,1747647682152
counter/3/0/0/0,20975:1747647667596:,1747647682152
counter/9/0/0/0,25518:1747647669694:,1747647682152
counter/5/0/0/0,22274:1747647667630:,1747647682152
counter/3/0/0/0,20976:1747647667596:,1747647682152
counter/7/0/0/0,20529:1747647665692:,1747647682152
counter/6/0/0/0,21048:1747647667735:,1747647682152
counter/2/0/0/0,24982:1747647670669:,1747647682152
counter/9/0/0/0,25519:1747647669694:,1747647682152
counter/5/0/0/0,22275:1747647667631:,1747647682152
counter/10/0/0/0,19449:1747647664954:,1747647682152
counter/8/0/0/0,23216:1747647667779:,1747647682152
counter/6/0/0/0,21049:1747647667735:,1747647682152
counter/5/0/0/0,22276:1747647667631:,1747647682152
counter/10/0/0/0,19450:1747647664954:,1747647682152
counter/5/0/0/0,22277:1747647667631:,1747647682152
counter/10/0/0/0,19451:1747647664954:,1747647682152
counter/5/0/0/0,22278:1747647667631:,1747647682152
counter/10/0/0/0,19452:1747647664954:,1747647682152
counter/10/0/0/0,19453:1747647664954:,1747647682152
counter/10/0/0/0,19454:1747647664954:,1747647682152
counter/10/0/0/0,19455:1747647664954:,1747647682152
counter/10/0/0/0,19456:1747647664954:,1747647682152
counter/10/0/0/0,19457:1747647664954:,1747647682152
counter/10/0/0/0,19458:1747647664954:,1747647682152
counter/10/0/0/0,19459:1747647664954:,1747647682152
counter/10/0/0/0,19460:1747647664954:,1747647682152
counter/10/0/0/0,19461:1747647664954:,1747647682152
counter/10/0/0/0,19462:1747647664954:,1747647682152
counter/10/0/0/0,19463:1747647664954:,1747647682152
counter/10/0/0/0,19464:1747647664954:,1747647682152
counter/10/0/0/0,19465:1747647664954:,1747647682152
counter/10/0/0/0,19466:1747647664954:,1747647682152
counter/10/0/0/0,19467:1747647664954:,1747647682152
counter/10/0/0/0,19468:1747647664954:,1747647682152
counter/10/0/0/0,19469:1747647664958:,1747647682152
counter/10/0/0/0,19470:1747647664958:,1747647682152
counter/10/0/0/0,19471:1747647664958:,1747647682152
counter/10/0/0/0,19472:1747647664958:,1747647682153
counter/10/0/0/0,19473:1747647664958:,1747647682153
counter/5/0/0/0,22279:1747647667631:,1747647682153
counter/10/0/0/0,19474:1747647664958:,1747647682153
counter/5/0/0/0,22280:1747647667631:,1747647682153
counter/10/0/0/0,19475:1747647664958:,1747647682153
counter/5/0/0/0,22281:1747647667631:,1747647682153
counter/10/0/0/0,19476:1747647664958:,1747647682153
counter/5/0/0/0,22282:1747647667631:,1747647682153
counter/10/0/0/0,19477:1747647664958:,1747647682153
counter/5/0/0/0,22283:1747647667631:,1747647682153
counter/7/0/0/0,20530:1747647665692:,1747647682153
counter/3/0/0/0,20977:1747647667596:,1747647682153
counter/10/0/0/0,19478:1747647664958:,1747647682153
counter/5/0/0/0,22284:1747647667631:,1747647682153
counter/7/0/0/0,20531:1747647665692:,1747647682153
counter/10/0/0/0,19479:1747647664958:,1747647682153
counter/5/0/0/0,22285:1747647667631:,1747647682153
counter/10/0/0/0,19480:1747647664958:,1747647682153
counter/5/0/0/0,22286:1747647667634:,1747647682153
counter/10/0/0/0,19481:1747647664958:,1747647682153
counter/5/0/0/0,22287:1747647667634:,1747647682153
counter/10/0/0/0,19482:1747647664958:,1747647682153
counter/5/0/0/0,22288:1747647667634:,1747647682153
counter/10/0/0/0,19483:1747647664958:,1747647682153
counter/5/0/0/0,22289:1747647667638:,1747647682153
counter/10/0/0/0,19484:1747647664958:,1747647682153
counter/5/0/0/0,22290:1747647667639:,1747647682153
counter/10/0/0/0,19485:1747647664958:,1747647682153
counter/5/0/0/0,22291:1747647667639:,1747647682153
counter/10/0/0/0,19486:1747647664958:,1747647682153
counter/5/0/0/0,22292:1747647667639:,1747647682153
counter/10/0/0/0,19487:1747647664958:,1747647682153
counter/5/0/0/0,22293:1747647667639:,1747647682153
counter/4/0/0/0,19269:1747647666081:,1747647682153
counter/8/0/0/0,23217:1747647667779:,1747647682153
counter/10/0/0/0,19488:1747647664960:,1747647682153
counter/5/0/0/0,22294:1747647667639:,1747647682154
counter/4/0/0/0,19270:1747647666089:,1747647682154
counter/10/0/0/0,19489:1747647664960:,1747647682154
counter/5/0/0/0,22295:1747647667639:,1747647682154
counter/4/0/0/0,19271:1747647666089:,1747647682154
counter/8/0/0/0,23218:1747647667779:,1747647682154
counter/3/0/0/0,20978:1747647667596:,1747647682154
counter/6/0/0/0,21050:1747647667735:,1747647682154
counter/9/0/0/0,25520:1747647669694:,1747647682154
counter/10/0/0/0,19490:1747647664960:,1747647682154
counter/5/0/0/0,22296:1747647667639:,1747647682154
counter/4/0/0/0,19272:1747647666089:,1747647682154
counter/7/0/0/0,20532:1747647665692:,1747647682154
counter/10/0/0/0,19491:1747647664960:,1747647682154
counter/5/0/0/0,22297:1747647667639:,1747647682154
counter/4/0/0/0,19273:1747647666089:,1747647682154
counter/7/0/0/0,20533:1747647665692:,1747647682154
counter/10/0/0/0,19492:1747647664960:,1747647682154
counter/5/0/0/0,22298:1747647667639:,1747647682154
counter/4/0/0/0,19274:1747647666089:,1747647682154
counter/7/0/0/0,20534:1747647665692:,1747647682154
counter/8/0/0/0,23219:1747647667779:,1747647682154
counter/10/0/0/0,19493:1747647664960:,1747647682154
counter/5/0/0/0,22299:1747647667639:,1747647682154
counter/4/0/0/0,19275:1747647666089:,1747647682154
counter/7/0/0/0,20535:1747647665692:,1747647682154
counter/8/0/0/0,23220:1747647667779:,1747647682154
counter/10/0/0/0,19494:1747647664960:,1747647682154
counter/5/0/0/0,22300:1747647667639:,1747647682154
counter/4/0/0/0,19276:1747647666089:,1747647682154
counter/7/0/0/0,20536:1747647665694:,1747647682154
counter/8/0/0/0,23221:1747647667780:,1747647682154
counter/10/0/0/0,19495:1747647664960:,1747647682154
counter/5/0/0/0,22301:1747647667639:,1747647682154
counter/4/0/0/0,19277:1747647666091:,1747647682154
counter/7/0/0/0,20537:1747647665694:,1747647682154
counter/8/0/0/0,23222:1747647667780:,1747647682154
counter/10/0/0/0,19496:1747647664960:,1747647682154
counter/5/0/0/0,22302:1747647667639:,1747647682154
counter/4/0/0/0,19278:1747647666091:,1747647682154
counter/7/0/0/0,20538:1747647665694:,1747647682154
counter/8/0/0/0,23223:1747647667780:,1747647682154
counter/10/0/0/0,19497:1747647664960:,1747647682155
counter/5/0/0/0,22303:1747647667639:,1747647682155
counter/7/0/0/0,20539:1747647665694:,1747647682155
counter/8/0/0/0,23224:1747647667780:,1747647682155
counter/10/0/0/0,19498:1747647664960:,1747647682155
counter/5/0/0/0,22304:1747647667657:,1747647682155
counter/7/0/0/0,20540:1747647665694:,1747647682155
counter/8/0/0/0,23225:1747647667780:,1747647682155
counter/10/0/0/0,19499:1747647664960:,1747647682155
counter/5/0/0/0,22305:1747647667657:,1747647682155
counter/7/0/0/0,20541:1747647665694:,1747647682155
counter/8/0/0/0,23226:1747647667789:,1747647682155
counter/9/0/0/0,25521:1747647669694:,1747647682155
counter/3/0/0/0,20979:1747647667596:,1747647682155
counter/10/0/0/0,19500:1747647664961:,1747647682155
counter/5/0/0/0,22306:1747647667657:,1747647682155
counter/7/0/0/0,20542:1747647665701:,1747647682155
counter/8/0/0/0,23227:1747647667789:,1747647682155
counter/4/0/0/0,19279:1747647666091:,1747647682155
counter/10/0/0/0,19501:1747647664961:,1747647682155
counter/5/0/0/0,22307:1747647667657:,1747647682155
counter/7/0/0/0,20543:1747647665701:,1747647682155
counter/8/0/0/0,23228:1747647667789:,1747647682155
counter/4/0/0/0,19280:1747647666098:,1747647682155
counter/10/0/0/0,19502:1747647664961:,1747647682155
counter/5/0/0/0,22308:1747647667657:,1747647682155
counter/7/0/0/0,20544:1747647665701:,1747647682155
counter/8/0/0/0,23229:1747647667789:,1747647682155
counter/4/0/0/0,19281:1747647666099:,1747647682155
counter/10/0/0/0,19503:1747647664961:,1747647682155
counter/5/0/0/0,22309:1747647667657:,1747647682155
counter/7/0/0/0,20545:1747647665701:,1747647682155
counter/8/0/0/0,23230:1747647667789:,1747647682155
counter/4/0/0/0,19282:1747647666099:,1747647682155
counter/9/0/0/0,25522:1747647669694:,1747647682155
counter/10/0/0/0,19504:1747647664961:,1747647682155
counter/5/0/0/0,22310:1747647667657:,1747647682155
counter/7/0/0/0,20546:1747647665701:,1747647682155
counter/8/0/0/0,23231:1747647667789:,1747647682155
counter/4/0/0/0,19283:1747647666099:,1747647682156
counter/10/0/0/0,19505:1747647664961:,1747647682156
counter/5/0/0/0,22311:1747647667657:,1747647682156
counter/7/0/0/0,20547:1747647665722:,1747647682156
counter/8/0/0/0,23232:1747647667790:,1747647682156
counter/4/0/0/0,19284:1747647666099:,1747647682156
counter/10/0/0/0,19506:1747647664961:,1747647682156
counter/5/0/0/0,22312:1747647667657:,1747647682156
counter/7/0/0/0,20548:1747647665722:,1747647682156
counter/8/0/0/0,23233:1747647667790:,1747647682156
counter/4/0/0/0,19285:1747647666099:,1747647682156
counter/10/0/0/0,19507:1747647664961:,1747647682156
counter/5/0/0/0,22313:1747647667657:,1747647682156
counter/7/0/0/0,20549:1747647665722:,1747647682156
counter/8/0/0/0,23234:1747647667790:,1747647682156
counter/4/0/0/0,19286:1747647666099:,1747647682156
counter/10/0/0/0,19508:1747647664961:,1747647682156
counter/5/0/0/0,22314:1747647667657:,1747647682156
counter/7/0/0/0,20550:1747647665722:,1747647682156
counter/8/0/0/0,23235:1747647667790:,1747647682156
counter/4/0/0/0,19287:1747647666099:,1747647682156
counter/10/0/0/0,19509:1747647664961:,1747647682156
counter/5/0/0/0,22315:1747647667657:,1747647682156
counter/7/0/0/0,20551:1747647665722:,1747647682156
counter/8/0/0/0,23236:1747647667790:,1747647682156
counter/4/0/0/0,19288:1747647666099:,1747647682156
counter/10/0/0/0,19510:1747647664961:,1747647682156
counter/5/0/0/0,22316:1747647667658:,1747647682156
counter/7/0/0/0,20552:1747647665722:,1747647682156
counter/8/0/0/0,23237:1747647667790:,1747647682156
counter/4/0/0/0,19289:1747647666099:,1747647682156
counter/10/0/0/0,19511:1747647664961:,1747647682156
counter/7/0/0/0,20553:1747647665732:,1747647682156
counter/4/0/0/0,19290:1747647666099:,1747647682156
counter/10/0/0/0,19512:1747647664961:,1747647682156
counter/7/0/0/0,20554:1747647665732:,1747647682156
counter/4/0/0/0,19291:1747647666099:,1747647682157
counter/10/0/0/0,19513:1747647664961:,1747647682157
counter/7/0/0/0,20555:1747647665732:,1747647682157
counter/4/0/0/0,19292:1747647666099:,1747647682157
counter/10/0/0/0,19514:1747647664961:,1747647682157
counter/7/0/0/0,20556:1747647665732:,1747647682157
counter/4/0/0/0,19293:1747647666099:,1747647682157
counter/10/0/0/0,19515:1747647664961:,1747647682157
counter/7/0/0/0,20557:1747647665732:,1747647682157
counter/4/0/0/0,19294:1747647666099:,1747647682157
counter/10/0/0/0,19516:1747647664961:,1747647682157
counter/7/0/0/0,20558:1747647665732:,1747647682157
counter/4/0/0/0,19295:1747647666100:,1747647682157
counter/10/0/0/0,19517:1747647664965:,1747647682157
counter/7/0/0/0,20559:1747647665732:,1747647682157
counter/4/0/0/0,19296:1747647666100:,1747647682157
counter/10/0/0/0,19518:1747647664965:,1747647682157
counter/7/0/0/0,20560:1747647665737:,1747647682157
counter/4/0/0/0,19297:1747647666100:,1747647682157
counter/10/0/0/0,19519:1747647664965:,1747647682157
counter/7/0/0/0,20561:1747647665758:,1747647682157
counter/4/0/0/0,19298:1747647666100:,1747647682157
counter/10/0/0/0,19520:1747647664965:,1747647682157
counter/7/0/0/0,20562:1747647665758:,1747647682157
counter/4/0/0/0,19299:1747647666106:,1747647682157
counter/10/0/0/0,19521:1747647664965:,1747647682157
counter/7/0/0/0,20563:1747647665758:,1747647682157
counter/4/0/0/0,19300:1747647666106:,1747647682157
counter/10/0/0/0,19522:1747647664965:,1747647682157
counter/7/0/0/0,20564:1747647665759:,1747647682157
counter/4/0/0/0,19301:1747647666106:,1747647682157
counter/10/0/0/0,19523:1747647664965:,1747647682157
counter/7/0/0/0,20565:1747647665759:,1747647682157
counter/4/0/0/0,19302:1747647666106:,1747647682157
counter/10/0/0/0,19524:1747647664965:,1747647682157
counter/7/0/0/0,20566:1747647665765:,1747647682157
counter/4/0/0/0,19303:1747647666106:,1747647682157
counter/10/0/0/0,19525:1747647664965:,1747647682157
counter/4/0/0/0,19304:1747647666107:,1747647682158
counter/10/0/0/0,19526:1747647664965:,1747647682158
counter/4/0/0/0,19305:1747647666107:,1747647682158
counter/8/0/0/0,23238:1747647667790:,1747647682158
counter/5/0/0/0,22317:1747647667658:,1747647682158
counter/10/0/0/0,19527:1747647664965:,1747647682158
counter/4/0/0/0,19306:1747647666107:,1747647682158
counter/3/0/0/0,20980:1747647667596:,1747647682158
counter/7/0/0/0,20567:1747647665765:,1747647682158
counter/9/0/0/0,25523:1747647669694:,1747647682158
counter/10/0/0/0,19528:1747647664965:,1747647682158
counter/4/0/0/0,19307:1747647666107:,1747647682158
counter/7/0/0/0,20568:1747647665765:,1747647682158
counter/10/0/0/0,19529:1747647664965:,1747647682158
counter/7/0/0/0,20569:1747647665765:,1747647682158
counter/10/0/0/0,19530:1747647664965:,1747647682158
counter/7/0/0/0,20570:1747647665768:,1747647682158
counter/10/0/0/0,19531:1747647664965:,1747647682158
counter/7/0/0/0,20571:1747647665768:,1747647682158
counter/8/0/0/0,23239:1747647667790:,1747647682158
counter/10/0/0/0,19532:1747647664965:,1747647682158
counter/7/0/0/0,20572:1747647665768:,1747647682158
counter/9/0/0/0,25524:1747647669694:,1747647682158
counter/10/0/0/0,19533:1747647664965:,1747647682158
counter/7/0/0/0,20573:1747647665768:,1747647682158
counter/9/0/0/0,25525:1747647669694:,1747647682158
counter/10/0/0/0,19534:1747647664965:,1747647682158
counter/7/0/0/0,20574:1747647665768:,1747647682158
counter/9/0/0/0,25526:1747647669694:,1747647682158
counter/10/0/0/0,19535:1747647664965:,1747647682158
counter/7/0/0/0,20575:1747647665768:,1747647682158
counter/9/0/0/0,25527:1747647669694:,1747647682158
counter/10/0/0/0,19536:1747647664965:,1747647682158
counter/7/0/0/0,20576:1747647665768:,1747647682158
counter/9/0/0/0,25528:1747647669694:,1747647682158
counter/10/0/0/0,19537:1747647664965:,1747647682158
counter/7/0/0/0,20577:1747647665768:,1747647682158
counter/9/0/0/0,25529:1747647669694:,1747647682158
counter/10/0/0/0,19538:1747647664965:,1747647682159
counter/7/0/0/0,20578:1747647665768:,1747647682159
counter/9/0/0/0,25530:1747647669709:,1747647682159
counter/10/0/0/0,19539:1747647664965:,1747647682159
counter/7/0/0/0,20579:1747647665768:,1747647682159
counter/9/0/0/0,25531:1747647669711:,1747647682159
counter/10/0/0/0,19540:1747647664965:,1747647682159
counter/7/0/0/0,20580:1747647665768:,1747647682159
counter/9/0/0/0,25532:1747647669711:,1747647682159
counter/5/0/0/0,22318:1747647667658:,1747647682159
counter/3/0/0/0,20981:1747647667596:,1747647682159
counter/6/0/0/0,21051:1747647667735:,1747647682159
counter/10/0/0/0,19541:1747647664965:,1747647682159
counter/7/0/0/0,20581:1747647665768:,1747647682159
counter/9/0/0/0,25533:1747647669711:,1747647682159
counter/10/0/0/0,19542:1747647664966:,1747647682159
counter/7/0/0/0,20582:1747647665768:,1747647682159
counter/9/0/0/0,25534:1747647669720:,1747647682159
counter/10/0/0/0,19543:1747647664966:,1747647682159
counter/7/0/0/0,20583:1747647665768:,1747647682159
counter/9/0/0/0,25535:1747647669721:,1747647682159
counter/10/0/0/0,19544:1747647664966:,1747647682159
counter/7/0/0/0,20584:1747647665768:,1747647682159
counter/9/0/0/0,25536:1747647669722:,1747647682159
counter/10/0/0/0,19545:1747647664969:,1747647682159
counter/7/0/0/0,20585:1747647665768:,1747647682159
counter/9/0/0/0,25537:1747647669722:,1747647682159
counter/10/0/0/0,19546:1747647664969:,1747647682159
counter/7/0/0/0,20586:1747647665768:,1747647682159
counter/9/0/0/0,25538:1747647669722:,1747647682159
counter/10/0/0/0,19547:1747647664971:,1747647682159
counter/7/0/0/0,20587:1747647665768:,1747647682159
counter/9/0/0/0,25539:1747647669722:,1747647682159
counter/10/0/0/0,19548:1747647664971:,1747647682159
counter/7/0/0/0,20588:1747647665768:,1747647682159
counter/9/0/0/0,25540:1747647669722:,1747647682159
counter/10/0/0/0,19549:1747647664971:,1747647682159
counter/7/0/0/0,20589:1747647665768:,1747647682160
counter/9/0/0/0,25541:1747647669722:,1747647682160
counter/10/0/0/0,19550:1747647664971:,1747647682160
counter/7/0/0/0,20590:1747647665768:,1747647682160
counter/9/0/0/0,25542:1747647669722:,1747647682160
counter/10/0/0/0,19551:1747647664971:,1747647682160
counter/7/0/0/0,20591:1747647665768:,1747647682160
counter/9/0/0/0,25543:1747647669722:,1747647682160
counter/10/0/0/0,19552:1747647664971:,1747647682160
counter/7/0/0/0,20592:1747647665768:,1747647682160
counter/9/0/0/0,25544:1747647669722:,1747647682160
counter/8/0/0/0,23240:1747647667790:,1747647682160
counter/10/0/0/0,19553:1747647664971:,1747647682160
counter/7/0/0/0,20593:1747647665769:,1747647682160
counter/9/0/0/0,25545:1747647669722:,1747647682160
counter/8/0/0/0,23241:1747647667790:,1747647682160
counter/10/0/0/0,19554:1747647664971:,1747647682160
counter/7/0/0/0,20594:1747647665774:,1747647682160
counter/9/0/0/0,25546:1747647669722:,1747647682160
counter/8/0/0/0,23242:1747647667790:,1747647682160
counter/3/0/0/0,20982:1747647667596:,1747647682160
counter/10/0/0/0,19555:1747647664971:,1747647682160
counter/7/0/0/0,20595:1747647665774:,1747647682160
counter/9/0/0/0,25547:1747647669726:,1747647682160
counter/8/0/0/0,23243:1747647667795:,1747647682160
counter/10/0/0/0,19556:1747647664971:,1747647682160
counter/7/0/0/0,20596:1747647665774:,1747647682160
counter/9/0/0/0,25548:1747647669726:,1747647682160
counter/8/0/0/0,23244:1747647667798:,1747647682160
counter/10/0/0/0,19557:1747647664971:,1747647682160
counter/7/0/0/0,20597:1747647665774:,1747647682160
counter/9/0/0/0,25549:1747647669726:,1747647682160
counter/10/0/0/0,19558:1747647664971:,1747647682160
counter/7/0/0/0,20598:1747647665774:,1747647682160
counter/9/0/0/0,25550:1747647669726:,1747647682160
counter/10/0/0/0,19559:1747647664971:,1747647682160
counter/7/0/0/0,20599:1747647665774:,1747647682160
counter/9/0/0/0,25551:1747647669726:,1747647682160
counter/10/0/0/0,19560:1747647664971:,1747647682160
counter/7/0/0/0,20600:1747647665774:,1747647682160
counter/9/0/0/0,25552:1747647669726:,1747647682160
counter/10/0/0/0,19561:1747647664971:,1747647682160
counter/7/0/0/0,20601:1747647665774:,1747647682161
counter/9/0/0/0,25553:1747647669726:,1747647682161
counter/4/0/0/0,19308:1747647666107:,1747647682161
counter/10/0/0/0,19562:1747647664971:,1747647682161
counter/7/0/0/0,20602:1747647665774:,1747647682161
counter/9/0/0/0,25554:1747647669726:,1747647682161
counter/6/0/0/0,21052:1747647667735:,1747647682161
counter/3/0/0/0,20983:1747647667596:,1747647682161
counter/10/0/0/0,19563:1747647664971:,1747647682161
counter/7/0/0/0,20603:1747647665774:,1747647682161
counter/9/0/0/0,25555:1747647669726:,1747647682161
counter/6/0/0/0,21053:1747647667735:,1747647682161
counter/10/0/0/0,19564:1747647664972:,1747647682161
counter/7/0/0/0,20604:1747647665774:,1747647682161
counter/9/0/0/0,25556:1747647669726:,1747647682161
counter/6/0/0/0,21054:1747647667735:,1747647682161
counter/10/0/0/0,19565:1747647664972:,1747647682161
counter/7/0/0/0,20605:1747647665774:,1747647682161
counter/9/0/0/0,25557:1747647669726:,1747647682161
counter/6/0/0/0,21055:1747647667735:,1747647682161
counter/10/0/0/0,19566:1747647664972:,1747647682161
counter/7/0/0/0,20606:1747647665774:,1747647682161
counter/9/0/0/0,25558:1747647669726:,1747647682161
counter/6/0/0/0,21056:1747647667735:,1747647682161
counter/10/0/0/0,19567:1747647664972:,1747647682161
counter/7/0/0/0,20607:1747647665774:,1747647682161
counter/9/0/0/0,25559:1747647669726:,1747647682161
counter/6/0/0/0,21057:1747647667735:,1747647682161
counter/10/0/0/0,19568:1747647664972:,1747647682161
counter/7/0/0/0,20608:1747647665774:,1747647682161
counter/9/0/0/0,25560:1747647669726:,1747647682161
counter/6/0/0/0,21058:1747647667735:,1747647682161
counter/10/0/0/0,19569:1747647664973:,1747647682161
counter/7/0/0/0,20609:1747647665774:,1747647682161
counter/9/0/0/0,25561:1747647669726:,1747647682161
counter/6/0/0/0,21059:1747647667735:,1747647682161
counter/10/0/0/0,19570:1747647664973:,1747647682161
counter/7/0/0/0,20610:1747647665774:,1747647682162
counter/9/0/0/0,25562:1747647669726:,1747647682162
counter/6/0/0/0,21060:1747647667736:,1747647682162
counter/10/0/0/0,19571:1747647664973:,1747647682162
counter/7/0/0/0,20611:1747647665775:,1747647682162
counter/9/0/0/0,25563:1747647669726:,1747647682162
counter/6/0/0/0,21061:1747647667736:,1747647682162
counter/10/0/0/0,19572:1747647664973:,1747647682162
counter/7/0/0/0,20612:1747647665775:,1747647682162
counter/9/0/0/0,25564:1747647669726:,1747647682162
counter/6/0/0/0,21062:1747647667736:,1747647682162
counter/10/0/0/0,19573:1747647664973:,1747647682162
counter/7/0/0/0,20613:1747647665775:,1747647682162
counter/9/0/0/0,25565:1747647669726:,1747647682162
counter/6/0/0/0,21063:1747647667736:,1747647682162
counter/10/0/0/0,19574:1747647664973:,1747647682162
counter/7/0/0/0,20614:1747647665775:,1747647682162
counter/9/0/0/0,25566:1747647669727:,1747647682162
counter/6/0/0/0,21064:1747647667736:,1747647682162
counter/10/0/0/0,19575:1747647664973:,1747647682162
counter/7/0/0/0,20615:1747647665775:,1747647682162
counter/9/0/0/0,25567:1747647669727:,1747647682162
counter/6/0/0/0,21065:1747647667736:,1747647682162
counter/10/0/0/0,19576:1747647664996:,1747647682162
counter/7/0/0/0,20616:1747647665775:,1747647682162
counter/9/0/0/0,25568:1747647669727:,1747647682162
counter/6/0/0/0,21066:1747647667736:,1747647682162
counter/7/0/0/0,20617:1747647665775:,1747647682162
counter/9/0/0/0,25569:1747647669727:,1747647682162
counter/6/0/0/0,21067:1747647667736:,1747647682162
counter/7/0/0/0,20618:1747647665775:,1747647682162
counter/9/0/0/0,25570:1747647669727:,1747647682162
counter/6/0/0/0,21068:1747647667736:,1747647682162
counter/7/0/0/0,20619:1747647665775:,1747647682162
counter/9/0/0/0,25571:1747647669727:,1747647682162
counter/6/0/0/0,21069:1747647667736:,1747647682162
counter/7/0/0/0,20620:1747647665775:,1747647682162
counter/9/0/0/0,25572:1747647669727:,1747647682162
counter/6/0/0/0,21070:1747647667736:,1747647682163
counter/7/0/0/0,20621:1747647665775:,1747647682163
counter/9/0/0/0,25573:1747647669727:,1747647682163
counter/6/0/0/0,21071:1747647667736:,1747647682163
counter/7/0/0/0,20622:1747647665775:,1747647682163
counter/9/0/0/0,25574:1747647669727:,1747647682163
counter/6/0/0/0,21072:1747647667736:,1747647682163
counter/4/0/0/0,19309:1747647666107:,1747647682163
counter/7/0/0/0,20623:1747647665775:,1747647682163
counter/9/0/0/0,25575:1747647669727:,1747647682163
counter/6/0/0/0,21073:1747647667736:,1747647682163
counter/7/0/0/0,20624:1747647665778:,1747647682163
counter/9/0/0/0,25576:1747647669727:,1747647682163
counter/6/0/0/0,21074:1747647667736:,1747647682163
counter/7/0/0/0,20625:1747647665788:,1747647682163
counter/9/0/0/0,25577:1747647669727:,1747647682163
counter/6/0/0/0,21075:1747647667750:,1747647682163
counter/7/0/0/0,20626:1747647665788:,1747647682163
counter/9/0/0/0,25578:1747647669727:,1747647682163
counter/6/0/0/0,21076:1747647667751:,1747647682163
counter/7/0/0/0,20627:1747647665788:,1747647682163
counter/9/0/0/0,25579:1747647669727:,1747647682163
counter/6/0/0/0,21077:1747647667751:,1747647682163
counter/7/0/0/0,20628:1747647665788:,1747647682163
counter/9/0/0/0,25580:1747647669727:,1747647682163
counter/6/0/0/0,21078:1747647667751:,1747647682163
counter/3/0/0/0,20984:1747647667600:,1747647682163
counter/7/0/0/0,20629:1747647665788:,1747647682163
counter/9/0/0/0,25581:1747647669727:,1747647682163
counter/6/0/0/0,21079:1747647667751:,1747647682163
counter/8/0/0/0,23245:1747647667798:,1747647682163
counter/2/0/0/0,24983:1747647670669:,1747647682163
counter/4/0/0/0,19310:1747647666107:,1747647682163
counter/7/0/0/0,20630:1747647665788:,1747647682163
counter/9/0/0/0,25582:1747647669727:,1747647682163
counter/6/0/0/0,21080:1747647667751:,1747647682163
counter/8/0/0/0,23246:1747647667798:,1747647682163
counter/7/0/0/0,20631:1747647665788:,1747647682163
counter/9/0/0/0,25583:1747647669727:,1747647682163
counter/6/0/0/0,21081:1747647667751:,1747647682164
counter/4/0/0/0,19311:1747647666107:,1747647682164
counter/5/0/0/0,22319:1747647667658:,1747647682164
counter/7/0/0/0,20632:1747647665788:,1747647682164
counter/9/0/0/0,25584:1747647669727:,1747647682164
counter/6/0/0/0,21082:1747647667751:,1747647682164
counter/4/0/0/0,19312:1747647666107:,1747647682164
counter/7/0/0/0,20633:1747647665788:,1747647682164
counter/9/0/0/0,25585:1747647669727:,1747647682164
counter/6/0/0/0,21083:1747647667751:,1747647682164
counter/5/0/0/0,22320:1747647667658:,1747647682164
counter/10/0/0/0,19577:1747647664996:,1747647682164
counter/7/0/0/0,20634:1747647665788:,1747647682164
counter/9/0/0/0,25586:1747647669727:,1747647682164
counter/6/0/0/0,21084:1747647667751:,1747647682164
counter/7/0/0/0,20635:1747647665788:,1747647682164
counter/9/0/0/0,25587:1747647669727:,1747647682164
counter/6/0/0/0,21085:1747647667751:,1747647682164
counter/7/0/0/0,20636:1747647665788:,1747647682164
counter/9/0/0/0,25588:1747647669727:,1747647682164
counter/6/0/0/0,21086:1747647667753:,1747647682164
counter/7/0/0/0,20637:1747647665792:,1747647682164
counter/9/0/0/0,25589:1747647669727:,1747647682164
counter/6/0/0/0,21087:1747647667753:,1747647682164
counter/7/0/0/0,20638:1747647665792:,1747647682164
counter/9/0/0/0,25590:1747647669727:,1747647682164
counter/6/0/0/0,21088:1747647667753:,1747647682164
counter/7/0/0/0,20639:1747647665793:,1747647682164
counter/9/0/0/0,25591:1747647669727:,1747647682164
counter/6/0/0/0,21089:1747647667753:,1747647682164
counter/7/0/0/0,20640:1747647665793:,1747647682164
counter/9/0/0/0,25592:1747647669727:,1747647682164
counter/6/0/0/0,21090:1747647667753:,1747647682164
counter/7/0/0/0,20641:1747647665793:,1747647682164
counter/9/0/0/0,25593:1747647669727:,1747647682164
counter/6/0/0/0,21091:1747647667753:,1747647682164
counter/10/0/0/0,19578:1747647664996:,1747647682164
counter/7/0/0/0,20642:1747647665793:,1747647682164
counter/9/0/0/0,25594:1747647669732:,1747647682164
counter/6/0/0/0,21092:1747647667753:,1747647682164
counter/4/0/0/0,19313:1747647666107:,1747647682164
counter/8/0/0/0,23247:1747647667798:,1747647682164
counter/7/0/0/0,20643:1747647665793:,1747647682165
counter/9/0/0/0,25595:1747647669732:,1747647682165
counter/6/0/0/0,21093:1747647667753:,1747647682165
counter/4/0/0/0,19314:1747647666108:,1747647682165
counter/7/0/0/0,20644:1747647665793:,1747647682165
counter/9/0/0/0,25596:1747647669733:,1747647682165
counter/6/0/0/0,21094:1747647667753:,1747647682165
counter/4/0/0/0,19315:1747647666108:,1747647682165
counter/7/0/0/0,20645:1747647665793:,1747647682165
counter/9/0/0/0,25597:1747647669733:,1747647682165
counter/6/0/0/0,21095:1747647667754:,1747647682165
counter/4/0/0/0,19316:1747647666108:,1747647682165
counter/7/0/0/0,20646:1747647665793:,1747647682165
counter/9/0/0/0,25598:1747647669733:,1747647682165
counter/6/0/0/0,21096:1747647667754:,1747647682165
counter/4/0/0/0,19317:1747647666108:,1747647682165
counter/7/0/0/0,20647:1747647665793:,1747647682165
counter/9/0/0/0,25599:1747647669733:,1747647682165
counter/6/0/0/0,21097:1747647667754:,1747647682165
counter/4/0/0/0,19318:1747647666108:,1747647682165
counter/7/0/0/0,20648:1747647665793:,1747647682165
counter/9/0/0/0,25600:1747647669736:,1747647682165
counter/6/0/0/0,21098:1747647667754:,1747647682165
counter/4/0/0/0,19319:1747647666108:,1747647682165
counter/5/0/0/0,22321:1747647667658:,1747647682165
counter/3/0/0/0,20985:1747647667600:,1747647682165
counter/7/0/0/0,20649:1747647665793:,1747647682165
counter/9/0/0/0,25601:1747647669736:,1747647682165
counter/6/0/0/0,21099:1747647667754:,1747647682165
counter/4/0/0/0,19320:1747647666109:,1747647682165
counter/7/0/0/0,20650:1747647665793:,1747647682165
counter/9/0/0/0,25602:1747647669736:,1747647682165
counter/6/0/0/0,21100:1747647667757:,1747647682165
counter/4/0/0/0,19321:1747647666109:,1747647682165
counter/7/0/0/0,20651:1747647665793:,1747647682165
counter/9/0/0/0,25603:1747647669736:,1747647682165
counter/6/0/0/0,21101:1747647667757:,1747647682165
counter/4/0/0/0,19322:1747647666109:,1747647682165
counter/7/0/0/0,20652:1747647665793:,1747647682165
counter/9/0/0/0,25604:1747647669736:,1747647682165
counter/6/0/0/0,21102:1747647667757:,1747647682165
counter/5/0/0/0,22322:1747647667659:,1747647682166
counter/7/0/0/0,20653:1747647665793:,1747647682166
counter/9/0/0/0,25605:1747647669736:,1747647682166
counter/6/0/0/0,21103:1747647667757:,1747647682166
counter/7/0/0/0,20654:1747647665793:,1747647682166
counter/9/0/0/0,25606:1747647669736:,1747647682166
counter/6/0/0/0,21104:1747647667757:,1747647682166
counter/7/0/0/0,20655:1747647665797:,1747647682166
counter/9/0/0/0,25607:1747647669736:,1747647682166
counter/6/0/0/0,21105:1747647667758:,1747647682166
counter/4/0/0/0,19323:1747647666109:,1747647682166
counter/2/0/0/0,24984:1747647670669:,1747647682166
counter/7/0/0/0,20656:1747647665799:,1747647682166
counter/9/0/0/0,25608:1747647669736:,1747647682166
counter/6/0/0/0,21106:1747647667758:,1747647682166
counter/7/0/0/0,20657:1747647665799:,1747647682166
counter/9/0/0/0,25609:1747647669736:,1747647682166
counter/6/0/0/0,21107:1747647667782:,1747647682166
counter/4/0/0/0,19324:1747647666109:,1747647682166
counter/3/0/0/0,20986:1747647667600:,1747647682166
counter/7/0/0/0,20658:1747647665799:,1747647682166
counter/9/0/0/0,25610:1747647669736:,1747647682166
counter/6/0/0/0,21108:1747647667782:,1747647682166
counter/8/0/0/0,23248:1747647667798:,1747647682166
counter/10/0/0/0,19579:1747647664996:,1747647682166
counter/5/0/0/0,22323:1747647667659:,1747647682166
counter/7/0/0/0,20659:1747647665799:,1747647682166
counter/9/0/0/0,25611:1747647669736:,1747647682166
counter/6/0/0/0,21109:1747647667782:,1747647682166
counter/7/0/0/0,20660:1747647665799:,1747647682166
counter/9/0/0/0,25612:1747647669736:,1747647682166
counter/6/0/0/0,21110:1747647667782:,1747647682166
counter/7/0/0/0,20661:1747647665814:,1747647682166
counter/9/0/0/0,25613:1747647669736:,1747647682166
counter/6/0/0/0,21111:1747647667782:,1747647682167
counter/7/0/0/0,20662:1747647665814:,1747647682167
counter/9/0/0/0,25614:1747647669736:,1747647682167
counter/6/0/0/0,21112:1747647667782:,1747647682167
counter/7/0/0/0,20663:1747647665814:,1747647682167
counter/9/0/0/0,25615:1747647669736:,1747647682167
counter/6/0/0/0,21113:1747647667782:,1747647682167
counter/7/0/0/0,20664:1747647665814:,1747647682167
counter/9/0/0/0,25616:1747647669736:,1747647682167
counter/6/0/0/0,21114:1747647667782:,1747647682167
counter/7/0/0/0,20665:1747647665815:,1747647682167
counter/9/0/0/0,25617:1747647669736:,1747647682167
counter/6/0/0/0,21115:1747647667783:,1747647682167
counter/7/0/0/0,20666:1747647665815:,1747647682167
counter/9/0/0/0,25618:1747647669736:,1747647682167
counter/6/0/0/0,21116:1747647667783:,1747647682167
counter/7/0/0/0,20667:1747647665815:,1747647682167
counter/9/0/0/0,25619:1747647669736:,1747647682167
counter/6/0/0/0,21117:1747647667783:,1747647682167
counter/7/0/0/0,20668:1747647665815:,1747647682167
counter/9/0/0/0,25620:1747647669736:,1747647682167
counter/6/0/0/0,21118:1747647667783:,1747647682167
counter/7/0/0/0,20669:1747647665815:,1747647682167
counter/9/0/0/0,25621:1747647669736:,1747647682167
counter/6/0/0/0,21119:1747647667783:,1747647682167
counter/7/0/0/0,20670:1747647665815:,1747647682167
counter/9/0/0/0,25622:1747647669736:,1747647682167
counter/6/0/0/0,21120:1747647667783:,1747647682167
counter/7/0/0/0,20671:1747647665815:,1747647682167
counter/9/0/0/0,25623:1747647669736:,1747647682167
counter/6/0/0/0,21121:1747647667783:,1747647682167
counter/7/0/0/0,20672:1747647665815:,1747647682167
counter/9/0/0/0,25624:1747647669737:,1747647682167
counter/6/0/0/0,21122:1747647667783:,1747647682167
counter/4/0/0/0,19325:1747647666109:,1747647682167
counter/7/0/0/0,20673:1747647665815:,1747647682167
counter/9/0/0/0,25625:1747647669737:,1747647682167
counter/6/0/0/0,21123:1747647667784:,1747647682167
counter/7/0/0/0,20674:1747647665815:,1747647682167
counter/9/0/0/0,25626:1747647669737:,1747647682168
counter/6/0/0/0,21124:1747647667787:,1747647682168
counter/7/0/0/0,20675:1747647665815:,1747647682168
counter/9/0/0/0,25627:1747647669737:,1747647682168
counter/6/0/0/0,21125:1747647667787:,1747647682168
counter/4/0/0/0,19326:1747647666109:,1747647682168
counter/7/0/0/0,20676:1747647665820:,1747647682168
counter/9/0/0/0,25628:1747647669737:,1747647682168
counter/6/0/0/0,21126:1747647667787:,1747647682168
counter/7/0/0/0,20677:1747647665820:,1747647682168
counter/9/0/0/0,25629:1747647669741:,1747647682168
counter/6/0/0/0,21127:1747647667788:,1747647682168
counter/7/0/0/0,20678:1747647665820:,1747647682168
counter/9/0/0/0,25630:1747647669741:,1747647682168
counter/6/0/0/0,21128:1747647667788:,1747647682168
counter/9/0/0/0,25631:1747647669741:,1747647682168
counter/6/0/0/0,21129:1747647667788:,1747647682168
counter/9/0/0/0,25632:1747647669741:,1747647682168
counter/6/0/0/0,21130:1747647667788:,1747647682168
counter/9/0/0/0,25633:1747647669741:,1747647682168
counter/6/0/0/0,21131:1747647667788:,1747647682168
counter/9/0/0/0,25634:1747647669741:,1747647682168
counter/6/0/0/0,21132:1747647667788:,1747647682168
counter/9/0/0/0,25635:1747647669742:,1747647682168
counter/6/0/0/0,21133:1747647667788:,1747647682168
counter/9/0/0/0,25636:1747647669742:,1747647682168
counter/6/0/0/0,21134:1747647667788:,1747647682168
counter/9/0/0/0,25637:1747647669742:,1747647682168
counter/6/0/0/0,21135:1747647667789:,1747647682168
counter/8/0/0/0,23249:1747647667798:,1747647682168
counter/9/0/0/0,25638:1747647669742:,1747647682168
counter/6/0/0/0,21136:1747647667789:,1747647682168
counter/3/0/0/0,20987:1747647667600:,1747647682168
counter/2/0/0/0,24985:1747647670669:,1747647682168
counter/4/0/0/0,19327:1747647666109:,1747647682168
counter/9/0/0/0,25639:1747647669742:,1747647682168
counter/6/0/0/0,21137:1747647667789:,1747647682168
counter/10/0/0/0,19580:1747647664996:,1747647682168
counter/9/0/0/0,25640:1747647669742:,1747647682168
counter/6/0/0/0,21138:1747647667789:,1747647682168
counter/10/0/0/0,19581:1747647664996:,1747647682168
counter/4/0/0/0,19328:1747647666109:,1747647682168
counter/9/0/0/0,25641:1747647669742:,1747647682169
counter/6/0/0/0,21139:1747647667789:,1747647682169
counter/7/0/0/0,20679:1747647665823:,1747647682169
counter/8/0/0/0,23250:1747647667798:,1747647682169
counter/9/0/0/0,25642:1747647669742:,1747647682169
counter/6/0/0/0,21140:1747647667791:,1747647682169
counter/7/0/0/0,20680:1747647665823:,1747647682169
counter/3/0/0/0,20988:1747647667600:,1747647682169
counter/2/0/0/0,24986:1747647670669:,1747647682169
counter/4/0/0/0,19329:1747647666109:,1747647682169
counter/9/0/0/0,25643:1747647669742:,1747647682169
counter/6/0/0/0,21141:1747647667791:,1747647682169
counter/4/0/0/0,19330:1747647666616:,1747647682169
counter/9/0/0/0,25644:1747647669742:,1747647682169
counter/6/0/0/0,21142:1747647667791:,1747647682169
counter/4/0/0/0,19331:1747647666616:,1747647682169
counter/9/0/0/0,25645:1747647669742:,1747647682169
counter/6/0/0/0,21143:1747647667791:,1747647682169
counter/4/0/0/0,19332:1747647666624:,1747647682169
counter/9/0/0/0,25646:1747647669742:,1747647682169
counter/6/0/0/0,21144:1747647667791:,1747647682169
counter/4/0/0/0,19333:1747647666624:,1747647682169
counter/9/0/0/0,25647:1747647669759:,1747647682169
counter/6/0/0/0,21145:1747647667791:,1747647682169
counter/4/0/0/0,19334:1747647666624:,1747647682169
counter/9/0/0/0,25648:1747647669759:,1747647682169
counter/6/0/0/0,21146:1747647667791:,1747647682169
counter/4/0/0/0,19335:1747647666625:,1747647682169
counter/9/0/0/0,25649:1747647669759:,1747647682169
counter/6/0/0/0,21147:1747647667791:,1747647682169
counter/4/0/0/0,19336:1747647666625:,1747647682169
counter/9/0/0/0,25650:1747647669759:,1747647682169
counter/6/0/0/0,21148:1747647667791:,1747647682169
counter/4/0/0/0,19337:1747647666631:,1747647682169
counter/9/0/0/0,25651:1747647669759:,1747647682169
counter/6/0/0/0,21149:1747647667791:,1747647682169
counter/4/0/0/0,19338:1747647666632:,1747647682169
counter/9/0/0/0,25652:1747647669759:,1747647682169
counter/6/0/0/0,21150:1747647667792:,1747647682170
counter/4/0/0/0,19339:1747647666632:,1747647682170
counter/9/0/0/0,25653:1747647669759:,1747647682170
counter/6/0/0/0,21151:1747647667792:,1747647682170
counter/9/0/0/0,25654:1747647669759:,1747647682170
counter/6/0/0/0,21152:1747647667792:,1747647682170
counter/9/0/0/0,25655:1747647669759:,1747647682170
counter/6/0/0/0,21153:1747647667792:,1747647682170
counter/9/0/0/0,25656:1747647669759:,1747647682170
counter/6/0/0/0,21154:1747647667792:,1747647682170
counter/9/0/0/0,25657:1747647669759:,1747647682170
counter/6/0/0/0,21155:1747647667793:,1747647682170
counter/9/0/0/0,25658:1747647669769:,1747647682170
counter/6/0/0/0,21156:1747647667805:,1747647682170
counter/9/0/0/0,25659:1747647669769:,1747647682170
counter/6/0/0/0,21157:1747647667806:,1747647682170
counter/9/0/0/0,25660:1747647669769:,1747647682170
counter/6/0/0/0,21158:1747647667806:,1747647682170
counter/9/0/0/0,25661:1747647669769:,1747647682170
counter/6/0/0/0,21159:1747647667806:,1747647682170
counter/9/0/0/0,25662:1747647669769:,1747647682170
counter/6/0/0/0,21160:1747647667806:,1747647682170
counter/9/0/0/0,25663:1747647669769:,1747647682170
counter/6/0/0/0,21161:1747647667810:,1747647682170
counter/9/0/0/0,25664:1747647669769:,1747647682170
counter/6/0/0/0,21162:1747647667810:,1747647682170
counter/7/0/0/0,20681:1747647665823:,1747647682170
counter/9/0/0/0,25665:1747647669769:,1747647682170
counter/6/0/0/0,21163:1747647667810:,1747647682170
counter/9/0/0/0,25666:1747647669769:,1747647682170
counter/6/0/0/0,21164:1747647667810:,1747647682170
counter/9/0/0/0,25667:1747647669769:,1747647682170
counter/6/0/0/0,21165:1747647667810:,1747647682170
counter/9/0/0/0,25668:1747647669769:,1747647682170
counter/6/0/0/0,21166:1747647667810:,1747647682170
counter/9/0/0/0,25669:1747647669769:,1747647682170
counter/6/0/0/0,21167:1747647667810:,1747647682170
counter/9/0/0/0,25670:1747647669769:,1747647682170
counter/6/0/0/0,21168:1747647667810:,1747647682170
counter/9/0/0/0,25671:1747647669769:,1747647682170
counter/6/0/0/0,21169:1747647667810:,1747647682170
counter/9/0/0/0,25672:1747647669769:,1747647682170
counter/6/0/0/0,21170:1747647667827:,1747647682170
counter/9/0/0/0,25673:1747647669769:,1747647682171
counter/6/0/0/0,21171:1747647667827:,1747647682171
counter/9/0/0/0,25674:1747647669769:,1747647682171
counter/6/0/0/0,21172:1747647667827:,1747647682171
counter/7/0/0/0,20682:1747647665823:,1747647682171
counter/9/0/0/0,25675:1747647669769:,1747647682171
counter/6/0/0/0,21173:1747647667827:,1747647682171
counter/5/0/0/0,22324:1747647667659:,1747647682171
counter/9/0/0/0,25676:1747647669769:,1747647682171
counter/6/0/0/0,21174:1747647667827:,1747647682171
counter/9/0/0/0,25677:1747647669769:,1747647682171
counter/6/0/0/0,21175:1747647667827:,1747647682171
counter/7/0/0/0,20683:1747647665823:,1747647682171
counter/9/0/0/0,25678:1747647669769:,1747647682171
counter/6/0/0/0,21176:1747647667827:,1747647682171
counter/3/0/0/0,20989:1747647667600:,1747647682171
counter/8/0/0/0,23251:1747647667799:,1747647682171
counter/9/0/0/0,25679:1747647669769:,1747647682171
counter/6/0/0/0,21177:1747647667827:,1747647682171
counter/4/0/0/0,19340:1747647666632:,1747647682171
counter/10/0/0/0,19582:1747647664996:,1747647682171
counter/9/0/0/0,25680:1747647669769:,1747647682171
counter/6/0/0/0,21178:1747647667827:,1747647682171
counter/9/0/0/0,25681:1747647669770:,1747647682171
counter/6/0/0/0,21179:1747647667827:,1747647682171
counter/4/0/0/0,19341:1747647666632:,1747647682171
counter/9/0/0/0,25682:1747647669770:,1747647682171
counter/6/0/0/0,21180:1747647667827:,1747647682171
counter/10/0/0/0,19583:1747647664996:,1747647682171
counter/2/0/0/0,24987:1747647670669:,1747647682171
counter/5/0/0/0,22325:1747647667659:,1747647682171
counter/9/0/0/0,25683:1747647669770:,1747647682171
counter/6/0/0/0,21181:1747647667827:,1747647682171
counter/9/0/0/0,25684:1747647669775:,1747647682171
counter/6/0/0/0,21182:1747647667834:,1747647682171
counter/9/0/0/0,25685:1747647669775:,1747647682171
counter/6/0/0/0,21183:1747647667834:,1747647682171
counter/9/0/0/0,25686:1747647669775:,1747647682171
counter/6/0/0/0,21184:1747647667834:,1747647682171
counter/9/0/0/0,25687:1747647669775:,1747647682172
counter/6/0/0/0,21185:1747647667834:,1747647682172
counter/9/0/0/0,25688:1747647669775:,1747647682172
counter/6/0/0/0,21186:1747647667834:,1747647682172
counter/9/0/0/0,25689:1747647669775:,1747647682172
counter/6/0/0/0,21187:1747647667834:,1747647682172
counter/9/0/0/0,25690:1747647669775:,1747647682172
counter/6/0/0/0,21188:1747647667834:,1747647682172
counter/9/0/0/0,25691:1747647669780:,1747647682172
counter/6/0/0/0,21189:1747647667834:,1747647682172
counter/9/0/0/0,25692:1747647669780:,1747647682172
counter/6/0/0/0,21190:1747647667834:,1747647682172
counter/9/0/0/0,25693:1747647669780:,1747647682172
counter/6/0/0/0,21191:1747647667834:,1747647682172
counter/8/0/0/0,23252:1747647667799:,1747647682172
counter/9/0/0/0,25694:1747647669780:,1747647682172
counter/6/0/0/0,21192:1747647667834:,1747647682172
counter/9/0/0/0,25695:1747647669780:,1747647682172
counter/6/0/0/0,21193:1747647667834:,1747647682172
counter/9/0/0/0,25696:1747647669780:,1747647682172
counter/6/0/0/0,21194:1747647667834:,1747647682172
counter/4/0/0/0,19342:1747647666632:,1747647682172
counter/9/0/0/0,25697:1747647669780:,1747647682172
counter/6/0/0/0,21195:1747647667834:,1747647682172
counter/8/0/0/0,23253:1747647667799:,1747647682172
counter/10/0/0/0,19584:1747647664996:,1747647682172
counter/5/0/0/0,22326:1747647667660:,1747647682172
counter/9/0/0/0,25698:1747647669782:,1747647682172
counter/6/0/0/0,21196:1747647667834:,1747647682172
counter/7/0/0/0,20684:1747647665824:,1747647682172
counter/3/0/0/0,20990:1747647667600:,1747647682172
counter/9/0/0/0,25699:1747647669782:,1747647682172
counter/6/0/0/0,21197:1747647667834:,1747647682172
counter/9/0/0/0,25700:1747647669782:,1747647682172
counter/6/0/0/0,21198:1747647667834:,1747647682172
counter/9/0/0/0,25701:1747647669782:,1747647682172
counter/6/0/0/0,21199:1747647667846:,1747647682172
counter/9/0/0/0,25702:1747647669782:,1747647682172
counter/6/0/0/0,21200:1747647667847:,1747647682172
counter/9/0/0/0,25703:1747647669783:,1747647682172
counter/6/0/0/0,21201:1747647667847:,1747647682172
counter/9/0/0/0,25704:1747647669788:,1747647682172
counter/6/0/0/0,21202:1747647667847:,1747647682172
counter/9/0/0/0,25705:1747647669788:,1747647682172
counter/6/0/0/0,21203:1747647667847:,1747647682172
counter/9/0/0/0,25706:1747647669788:,1747647682173
counter/6/0/0/0,21204:1747647667857:,1747647682173
counter/9/0/0/0,25707:1747647669788:,1747647682173
counter/6/0/0/0,21205:1747647667857:,1747647682173
counter/9/0/0/0,25708:1747647669788:,1747647682173
counter/6/0/0/0,21206:1747647667857:,1747647682173
counter/8/0/0/0,23254:1747647667799:,1747647682173
counter/9/0/0/0,25709:1747647669788:,1747647682173
counter/6/0/0/0,21207:1747647667857:,1747647682173
counter/7/0/0/0,20685:1747647665824:,1747647682173
counter/3/0/0/0,20991:1747647667600:,1747647682173
counter/9/0/0/0,25710:1747647669788:,1747647682173
counter/6/0/0/0,21208:1747647667857:,1747647682173
counter/9/0/0/0,25711:1747647669788:,1747647682173
counter/6/0/0/0,21209:1747647667857:,1747647682173
counter/7/0/0/0,20686:1747647665824:,1747647682173
counter/9/0/0/0,25712:1747647669788:,1747647682173
counter/6/0/0/0,21210:1747647667857:,1747647682173
counter/3/0/0/0,20992:1747647667600:,1747647682173
counter/10/0/0/0,19585:1747647664997:,1747647682173
counter/4/0/0/0,19343:1747647666634:,1747647682173
counter/9/0/0/0,25713:1747647669788:,1747647682173
counter/6/0/0/0,21211:1747647667857:,1747647682173
counter/9/0/0/0,25714:1747647669788:,1747647682173
counter/6/0/0/0,21212:1747647667857:,1747647682173
counter/4/0/0/0,19344:1747647666634:,1747647682173
counter/9/0/0/0,25715:1747647669788:,1747647682173
counter/6/0/0/0,21213:1747647667857:,1747647682173
counter/9/0/0/0,25716:1747647669788:,1747647682173
counter/6/0/0/0,21214:1747647667857:,1747647682173
counter/9/0/0/0,25717:1747647669788:,1747647682173
counter/6/0/0/0,21215:1747647667857:,1747647682173
counter/4/0/0/0,19345:1747647666634:,1747647682173
counter/9/0/0/0,25718:1747647669798:,1747647682173
counter/6/0/0/0,21216:1747647667857:,1747647682173
counter/9/0/0/0,25719:1747647669798:,1747647682173
counter/6/0/0/0,21217:1747647667857:,1747647682173
counter/9/0/0/0,25720:1747647669798:,1747647682173
counter/6/0/0/0,21218:1747647667857:,1747647682173
counter/9/0/0/0,25721:1747647669798:,1747647682173
counter/6/0/0/0,21219:1747647667857:,1747647682173
counter/9/0/0/0,25722:1747647669798:,1747647682173
counter/6/0/0/0,21220:1747647667861:,1747647682173
counter/9/0/0/0,25723:1747647669798:,1747647682174
counter/6/0/0/0,21221:1747647667861:,1747647682174
counter/9/0/0/0,25724:1747647669805:,1747647682174
counter/6/0/0/0,21222:1747647667862:,1747647682174
counter/8/0/0/0,23255:1747647667799:,1747647682174
counter/7/0/0/0,20687:1747647665824:,1747647682174
counter/9/0/0/0,25725:1747647669805:,1747647682174
counter/6/0/0/0,21223:1747647667862:,1747647682174
counter/5/0/0/0,22327:1747647667660:,1747647682174
counter/3/0/0/0,20993:1747647667600:,1747647682174
counter/9/0/0/0,25726:1747647669805:,1747647682174
counter/6/0/0/0,21224:1747647667862:,1747647682174
counter/10/0/0/0,19586:1747647664997:,1747647682174
counter/4/0/0/0,19346:1747647666634:,1747647682174
counter/9/0/0/0,25727:1747647669809:,1747647682174
counter/6/0/0/0,21225:1747647667862:,1747647682174
counter/9/0/0/0,25728:1747647669813:,1747647682174
counter/6/0/0/0,21226:1747647667862:,1747647682174
counter/9/0/0/0,25729:1747647669837:,1747647682174
counter/6/0/0/0,21227:1747647667862:,1747647682174
counter/9/0/0/0,25730:1747647669837:,1747647682174
counter/6/0/0/0,21228:1747647667862:,1747647682174
counter/4/0/0/0,19347:1747647666636:,1747647682174
counter/9/0/0/0,25731:1747647669837:,1747647682174
counter/6/0/0/0,21229:1747647667862:,1747647682174
counter/9/0/0/0,25732:1747647669837:,1747647682174
counter/6/0/0/0,21230:1747647667862:,1747647682174
counter/5/0/0/0,22328:1747647667660:,1747647682174
counter/10/0/0/0,19587:1747647664997:,1747647682174
counter/9/0/0/0,25733:1747647669837:,1747647682174
counter/6/0/0/0,21231:1747647667862:,1747647682174
counter/7/0/0/0,20688:1747647665825:,1747647682174
counter/4/0/0/0,19348:1747647666636:,1747647682174
counter/9/0/0/0,25734:1747647669837:,1747647682174
counter/6/0/0/0,21232:1747647667862:,1747647682174
counter/4/0/0/0,19349:1747647666636:,1747647682174
counter/9/0/0/0,25735:1747647669837:,1747647682174
counter/6/0/0/0,21233:1747647667863:,1747647682174
counter/4/0/0/0,19350:1747647666636:,1747647682175
counter/9/0/0/0,25736:1747647669837:,1747647682175
counter/6/0/0/0,21234:1747647667863:,1747647682175
counter/4/0/0/0,19351:1747647666636:,1747647682175
counter/9/0/0/0,25737:1747647669837:,1747647682175
counter/6/0/0/0,21235:1747647667863:,1747647682175
counter/4/0/0/0,19352:1747647666636:,1747647682175
counter/10/0/0/0,19588:1747647664997:,1747647682175
counter/9/0/0/0,25738:1747647669837:,1747647682175
counter/6/0/0/0,21236:1747647667863:,1747647682175
counter/4/0/0/0,19353:1747647666636:,1747647682175
counter/10/0/0/0,19589:1747647664997:,1747647682175
counter/9/0/0/0,25739:1747647669845:,1747647682175
counter/6/0/0/0,21237:1747647667863:,1747647682175
counter/4/0/0/0,19354:1747647666636:,1747647682175
counter/10/0/0/0,19590:1747647664997:,1747647682175
counter/8/0/0/0,23256:1747647667799:,1747647682175
counter/9/0/0/0,25740:1747647669845:,1747647682175
counter/6/0/0/0,21238:1747647667863:,1747647682175
counter/4/0/0/0,19355:1747647666637:,1747647682175
counter/10/0/0/0,19591:1747647664997:,1747647682175
counter/9/0/0/0,25741:1747647669845:,1747647682175
counter/6/0/0/0,21239:1747647667863:,1747647682175
counter/4/0/0/0,19356:1747647666637:,1747647682175
counter/10/0/0/0,19592:1747647664997:,1747647682175
counter/9/0/0/0,25742:1747647669845:,1747647682175
counter/6/0/0/0,21240:1747647667863:,1747647682175
counter/4/0/0/0,19357:1747647666638:,1747647682175
counter/10/0/0/0,19593:1747647664997:,1747647682175
counter/9/0/0/0,25743:1747647669845:,1747647682175
counter/6/0/0/0,21241:1747647667863:,1747647682175
counter/4/0/0/0,19358:1747647666638:,1747647682175
counter/9/0/0/0,25744:1747647669845:,1747647682175
counter/6/0/0/0,21242:1747647667863:,1747647682175
counter/4/0/0/0,19359:1747647666638:,1747647682175
counter/2/0/0/0,24988:1747647670669:,1747647682175
counter/9/0/0/0,25745:1747647669845:,1747647682175
counter/6/0/0/0,21243:1747647667863:,1747647682175
counter/4/0/0/0,19360:1747647666638:,1747647682175
counter/7/0/0/0,20689:1747647665825:,1747647682176
counter/10/0/0/0,19594:1747647664997:,1747647682176
counter/9/0/0/0,25746:1747647669845:,1747647682176
counter/6/0/0/0,21244:1747647667864:,1747647682176
counter/4/0/0/0,19361:1747647666638:,1747647682176
counter/7/0/0/0,20690:1747647665825:,1747647682176
counter/2/0/0/0,24989:1747647670669:,1747647682176
counter/9/0/0/0,25747:1747647669845:,1747647682176
counter/6/0/0/0,21245:1747647667864:,1747647682176
counter/4/0/0/0,19362:1747647666638:,1747647682176
counter/7/0/0/0,20691:1747647665825:,1747647682176
counter/8/0/0/0,23257:1747647667799:,1747647682176
counter/9/0/0/0,25748:1747647669846:,1747647682176
counter/6/0/0/0,21246:1747647667864:,1747647682176
counter/4/0/0/0,19363:1747647666638:,1747647682176
counter/7/0/0/0,20692:1747647665825:,1747647682176
counter/9/0/0/0,25749:1747647669846:,1747647682176
counter/6/0/0/0,21247:1747647667864:,1747647682176
counter/4/0/0/0,19364:1747647666638:,1747647682176
counter/7/0/0/0,20693:1747647665825:,1747647682176
counter/9/0/0/0,25750:1747647669846:,1747647682176
counter/6/0/0/0,21248:1747647667864:,1747647682176
counter/4/0/0/0,19365:1747647666638:,1747647682176
counter/7/0/0/0,20694:1747647665825:,1747647682176
counter/9/0/0/0,25751:1747647669847:,1747647682176
counter/6/0/0/0,21249:1747647667864:,1747647682176
counter/4/0/0/0,19366:1747647666638:,1747647682176
counter/7/0/0/0,20695:1747647665825:,1747647682176
counter/9/0/0/0,25752:1747647669847:,1747647682176
counter/6/0/0/0,21250:1747647667864:,1747647682176
counter/4/0/0/0,19367:1747647666651:,1747647682176
counter/7/0/0/0,20696:1747647665825:,1747647682176
counter/9/0/0/0,25753:1747647669847:,1747647682176
counter/6/0/0/0,21251:1747647667865:,1747647682176
counter/4/0/0/0,19368:1747647666651:,1747647682176
counter/9/0/0/0,25754:1747647669847:,1747647682176
counter/6/0/0/0,21252:1747647667866:,1747647682176
counter/4/0/0/0,19369:1747647666651:,1747647682176
counter/9/0/0/0,25755:1747647669847:,1747647682176
counter/6/0/0/0,21253:1747647667866:,1747647682176
counter/4/0/0/0,19370:1747647666651:,1747647682177
counter/9/0/0/0,25756:1747647669853:,1747647682177
counter/6/0/0/0,21254:1747647667866:,1747647682177
counter/4/0/0/0,19371:1747647666651:,1747647682177
counter/9/0/0/0,25757:1747647669853:,1747647682177
counter/6/0/0/0,21255:1747647667866:,1747647682177
counter/4/0/0/0,19372:1747647666651:,1747647682177
counter/9/0/0/0,25758:1747647669853:,1747647682177
counter/6/0/0/0,21256:1747647667866:,1747647682177
counter/4/0/0/0,19373:1747647666651:,1747647682177
counter/9/0/0/0,25759:1747647669853:,1747647682177
counter/6/0/0/0,21257:1747647667866:,1747647682177
counter/4/0/0/0,19374:1747647666651:,1747647682177
counter/9/0/0/0,25760:1747647669862:,1747647682177
counter/6/0/0/0,21258:1747647667866:,1747647682177
counter/4/0/0/0,19375:1747647666651:,1747647682177
counter/9/0/0/0,25761:1747647669862:,1747647682177
counter/6/0/0/0,21259:1747647667866:,1747647682177
counter/4/0/0/0,19376:1747647666651:,1747647682177
counter/9/0/0/0,25762:1747647669862:,1747647682177
counter/6/0/0/0,21260:1747647667866:,1747647682177
counter/4/0/0/0,19377:1747647666668:,1747647682177
counter/5/0/0/0,22329:1747647667660:,1747647682177
counter/9/0/0/0,25763:1747647669862:,1747647682177
counter/6/0/0/0,21261:1747647667866:,1747647682177
counter/4/0/0/0,19378:1747647666683:,1747647682177
counter/9/0/0/0,25764:1747647669862:,1747647682177
counter/6/0/0/0,21262:1747647667866:,1747647682177
counter/4/0/0/0,19379:1747647666683:,1747647682177
counter/9/0/0/0,25765:1747647669862:,1747647682177
counter/6/0/0/0,21263:1747647667866:,1747647682177
counter/4/0/0/0,19380:1747647666683:,1747647682177
counter/9/0/0/0,25766:1747647669862:,1747647682177
counter/6/0/0/0,21264:1747647667866:,1747647682177
counter/4/0/0/0,19381:1747647666683:,1747647682177
counter/9/0/0/0,25767:1747647669862:,1747647682177
counter/6/0/0/0,21265:1747647667866:,1747647682177
counter/4/0/0/0,19382:1747647666683:,1747647682177
counter/9/0/0/0,25768:1747647669862:,1747647682177
counter/6/0/0/0,21266:1747647667866:,1747647682177
counter/4/0/0/0,19383:1747647666683:,1747647682177
counter/10/0/0/0,19595:1747647664997:,1747647682177
counter/8/0/0/0,23258:1747647667802:,1747647682178
counter/9/0/0/0,25769:1747647669862:,1747647682178
counter/6/0/0/0,21267:1747647667866:,1747647682178
counter/4/0/0/0,19384:1747647666683:,1747647682178
counter/8/0/0/0,23259:1747647667802:,1747647682178
counter/9/0/0/0,25770:1747647669862:,1747647682178
counter/6/0/0/0,21268:1747647667866:,1747647682178
counter/4/0/0/0,19385:1747647666698:,1747647682178
counter/8/0/0/0,23260:1747647667802:,1747647682178
counter/9/0/0/0,25771:1747647669862:,1747647682178
counter/6/0/0/0,21269:1747647667866:,1747647682178
counter/4/0/0/0,19386:1747647666698:,1747647682178
counter/8/0/0/0,23261:1747647667803:,1747647682178
counter/9/0/0/0,25772:1747647669862:,1747647682178
counter/6/0/0/0,21270:1747647667866:,1747647682178
counter/4/0/0/0,19387:1747647666698:,1747647682178
counter/8/0/0/0,23262:1747647667803:,1747647682178
counter/9/0/0/0,25773:1747647669862:,1747647682178
counter/6/0/0/0,21271:1747647667866:,1747647682178
counter/4/0/0/0,19388:1747647666698:,1747647682178
counter/8/0/0/0,23263:1747647667803:,1747647682178
counter/9/0/0/0,25774:1747647669862:,1747647682178
counter/6/0/0/0,21272:1747647667870:,1747647682178
counter/4/0/0/0,19389:1747647666698:,1747647682178
counter/8/0/0/0,23264:1747647667803:,1747647682178
counter/9/0/0/0,25775:1747647669863:,1747647682178
counter/6/0/0/0,21273:1747647667870:,1747647682178
counter/4/0/0/0,19390:1747647666698:,1747647682178
counter/8/0/0/0,23265:1747647667803:,1747647682178
counter/9/0/0/0,25776:1747647669869:,1747647682178
counter/6/0/0/0,21274:1747647667870:,1747647682178
counter/4/0/0/0,19391:1747647666698:,1747647682178
counter/8/0/0/0,23266:1747647667803:,1747647682178
counter/9/0/0/0,25777:1747647669869:,1747647682178
counter/6/0/0/0,21275:1747647667870:,1747647682178
counter/4/0/0/0,19392:1747647666698:,1747647682178
counter/8/0/0/0,23267:1747647667803:,1747647682178
counter/9/0/0/0,25778:1747647669869:,1747647682178
counter/6/0/0/0,21276:1747647667870:,1747647682178
counter/4/0/0/0,19393:1747647666698:,1747647682178
counter/8/0/0/0,23268:1747647667803:,1747647682179
counter/9/0/0/0,25779:1747647669869:,1747647682179
counter/6/0/0/0,21277:1747647667870:,1747647682179
counter/4/0/0/0,19394:1747647666698:,1747647682179
counter/8/0/0/0,23269:1747647667803:,1747647682179
counter/9/0/0/0,25780:1747647669869:,1747647682179
counter/6/0/0/0,21278:1747647667870:,1747647682179
counter/4/0/0/0,19395:1747647666698:,1747647682179
counter/8/0/0/0,23270:1747647667803:,1747647682179
counter/9/0/0/0,25781:1747647669869:,1747647682179
counter/4/0/0/0,19396:1747647666698:,1747647682179
counter/8/0/0/0,23271:1747647667803:,1747647682179
counter/9/0/0/0,25782:1747647669869:,1747647682179
counter/8/0/0/0,23272:1747647667807:,1747647682179
counter/9/0/0/0,25783:1747647669869:,1747647682179
counter/8/0/0/0,23273:1747647667807:,1747647682179
counter/9/0/0/0,25784:1747647669869:,1747647682179
counter/8/0/0/0,23274:1747647667807:,1747647682179
counter/9/0/0/0,25785:1747647669869:,1747647682179
counter/8/0/0/0,23275:1747647667807:,1747647682179
counter/9/0/0/0,25786:1747647669869:,1747647682179
counter/8/0/0/0,23276:1747647667807:,1747647682179
counter/4/0/0/0,19397:1747647666698:,1747647682179
counter/10/0/0/0,19596:1747647664998:,1747647682179
counter/9/0/0/0,25787:1747647669873:,1747647682179
counter/8/0/0/0,23277:1747647667807:,1747647682179
counter/4/0/0/0,19398:1747647666698:,1747647682179
counter/9/0/0/0,25788:1747647669873:,1747647682179
counter/8/0/0/0,23278:1747647667807:,1747647682179
counter/4/0/0/0,19399:1747647666717:,1747647682179
counter/9/0/0/0,25789:1747647669873:,1747647682179
counter/8/0/0/0,23279:1747647667807:,1747647682179
counter/4/0/0/0,19400:1747647666717:,1747647682179
counter/9/0/0/0,25790:1747647669873:,1747647682179
counter/8/0/0/0,23280:1747647667807:,1747647682179
counter/4/0/0/0,19401:1747647666717:,1747647682179
counter/9/0/0/0,25791:1747647669873:,1747647682179
counter/8/0/0/0,23281:1747647667807:,1747647682180
counter/4/0/0/0,19402:1747647666717:,1747647682180
counter/6/0/0/0,21279:1747647667871:,1747647682180
counter/9/0/0/0,25792:1747647669873:,1747647682180
counter/8/0/0/0,23282:1747647667813:,1747647682180
counter/4/0/0/0,19403:1747647666718:,1747647682180
counter/3/0/0/0,20994:1747647667600:,1747647682180
counter/2/0/0/0,24990:1747647670669:,1747647682180
counter/9/0/0/0,25793:1747647669873:,1747647682180
counter/8/0/0/0,23283:1747647667813:,1747647682180
counter/4/0/0/0,19404:1747647666718:,1747647682180
counter/9/0/0/0,25794:1747647669873:,1747647682180
counter/8/0/0/0,23284:1747647667814:,1747647682180
counter/4/0/0/0,19405:1747647666718:,1747647682180
counter/9/0/0/0,25795:1747647669873:,1747647682180
counter/8/0/0/0,23285:1747647667814:,1747647682180
counter/4/0/0/0,19406:1747647666718:,1747647682180
counter/9/0/0/0,25796:1747647669873:,1747647682180
counter/8/0/0/0,23286:1747647667814:,1747647682180
counter/4/0/0/0,19407:1747647666718:,1747647682180
counter/9/0/0/0,25797:1747647669873:,1747647682180
counter/8/0/0/0,23287:1747647667814:,1747647682180
counter/4/0/0/0,19408:1747647666718:,1747647682180
counter/9/0/0/0,25798:1747647669873:,1747647682180
counter/8/0/0/0,23288:1747647667815:,1747647682180
counter/4/0/0/0,19409:1747647666718:,1747647682180
counter/5/0/0/0,22330:1747647667660:,1747647682180
counter/9/0/0/0,25799:1747647669873:,1747647682180
counter/8/0/0/0,23289:1747647667815:,1747647682180
counter/4/0/0/0,19410:1747647666718:,1747647682180
counter/6/0/0/0,21280:1747647667871:,1747647682180
counter/9/0/0/0,25800:1747647669873:,1747647682180
counter/8/0/0/0,23290:1747647667815:,1747647682180
counter/4/0/0/0,19411:1747647666718:,1747647682180
counter/3/0/0/0,20995:1747647667600:,1747647682180
counter/2/0/0/0,24991:1747647670669:,1747647682180
counter/9/0/0/0,25801:1747647669877:,1747647682180
counter/8/0/0/0,23291:1747647667815:,1747647682180
counter/4/0/0/0,19412:1747647666718:,1747647682180
counter/9/0/0/0,25802:1747647669877:,1747647682180
counter/8/0/0/0,23292:1747647667836:,1747647682180
counter/4/0/0/0,19413:1747647666718:,1747647682180
counter/9/0/0/0,25803:1747647669877:,1747647682180
counter/8/0/0/0,23293:1747647667836:,1747647682181
counter/4/0/0/0,19414:1747647666718:,1747647682181
counter/9/0/0/0,25804:1747647669877:,1747647682181
counter/8/0/0/0,23294:1747647667836:,1747647682181
counter/4/0/0/0,19415:1747647666718:,1747647682181
counter/2/0/0/0,24992:1747647670669:,1747647682181
counter/9/0/0/0,25805:1747647669877:,1747647682181
counter/8/0/0/0,23295:1747647667837:,1747647682181
counter/4/0/0/0,19416:1747647666718:,1747647682181
counter/9/0/0/0,25806:1747647669877:,1747647682181
counter/8/0/0/0,23296:1747647667837:,1747647682181
counter/4/0/0/0,19417:1747647666718:,1747647682181
counter/9/0/0/0,25807:1747647669877:,1747647682181
counter/8/0/0/0,23297:1747647667837:,1747647682181
counter/4/0/0/0,19418:1747647666718:,1747647682181
counter/9/0/0/0,25808:1747647669877:,1747647682181
counter/8/0/0/0,23298:1747647667837:,1747647682181
counter/4/0/0/0,19419:1747647666718:,1747647682181
counter/9/0/0/0,25809:1747647669877:,1747647682181
counter/8/0/0/0,23299:1747647667837:,1747647682181
counter/4/0/0/0,19420:1747647666718:,1747647682181
counter/9/0/0/0,25810:1747647669878:,1747647682181
counter/8/0/0/0,23300:1747647667837:,1747647682181
counter/4/0/0/0,19421:1747647666720:,1747647682181
counter/9/0/0/0,25811:1747647669878:,1747647682181
counter/8/0/0/0,23301:1747647667837:,1747647682181
counter/4/0/0/0,19422:1747647666720:,1747647682181
counter/9/0/0/0,25812:1747647669878:,1747647682181
counter/8/0/0/0,23302:1747647667837:,1747647682181
counter/4/0/0/0,19423:1747647666721:,1747647682181
counter/9/0/0/0,25813:1747647669878:,1747647682181
counter/8/0/0/0,23303:1747647667837:,1747647682181
counter/4/0/0/0,19424:1747647666721:,1747647682181
counter/9/0/0/0,25814:1747647669878:,1747647682181
counter/8/0/0/0,23304:1747647667837:,1747647682181
counter/4/0/0/0,19425:1747647666721:,1747647682181
counter/9/0/0/0,25815:1747647669881:,1747647682182
counter/8/0/0/0,23305:1747647667837:,1747647682182
counter/4/0/0/0,19426:1747647666732:,1747647682182
counter/9/0/0/0,25816:1747647669881:,1747647682182
counter/8/0/0/0,23306:1747647667837:,1747647682182
counter/4/0/0/0,19427:1747647666732:,1747647682182
counter/9/0/0/0,25817:1747647669881:,1747647682182
counter/8/0/0/0,23307:1747647667837:,1747647682182
counter/4/0/0/0,19428:1747647666732:,1747647682182
counter/9/0/0/0,25818:1747647669881:,1747647682182
counter/8/0/0/0,23308:1747647667837:,1747647682182
counter/4/0/0/0,19429:1747647666732:,1747647682182
counter/9/0/0/0,25819:1747647669881:,1747647682182
counter/8/0/0/0,23309:1747647667837:,1747647682182
counter/9/0/0/0,25820:1747647669881:,1747647682182
counter/8/0/0/0,23310:1747647667837:,1747647682182
counter/9/0/0/0,25821:1747647669881:,1747647682182
counter/8/0/0/0,23311:1747647667837:,1747647682182
counter/9/0/0/0,25822:1747647669881:,1747647682182
counter/8/0/0/0,23312:1747647667843:,1747647682182
counter/9/0/0/0,25823:1747647669881:,1747647682182
counter/8/0/0/0,23313:1747647667843:,1747647682182
counter/9/0/0/0,25824:1747647669881:,1747647682182
counter/8/0/0/0,23314:1747647667843:,1747647682182
counter/9/0/0/0,25825:1747647669881:,1747647682182
counter/8/0/0/0,23315:1747647667843:,1747647682182
counter/7/0/0/0,20697:1747647665825:,1747647682182
counter/9/0/0/0,25826:1747647669881:,1747647682182
counter/8/0/0/0,23316:1747647667843:,1747647682182
counter/10/0/0/0,19597:1747647664998:,1747647682182
counter/9/0/0/0,25827:1747647669881:,1747647682182
counter/8/0/0/0,23317:1747647667843:,1747647682182
counter/10/0/0/0,19598:1747647664998:,1747647682182
counter/4/0/0/0,19430:1747647666732:,1747647682182
counter/9/0/0/0,25828:1747647669881:,1747647682182
counter/8/0/0/0,23318:1747647667843:,1747647682182
counter/6/0/0/0,21281:1747647667871:,1747647682182
counter/3/0/0/0,20996:1747647667600:,1747647682182
counter/9/0/0/0,25829:1747647669881:,1747647682182
counter/8/0/0/0,23319:1747647667843:,1747647682182
counter/2/0/0/0,24993:1747647670669:,1747647682183
counter/9/0/0/0,25830:1747647669882:,1747647682183
counter/8/0/0/0,23320:1747647667843:,1747647682183
counter/9/0/0/0,25831:1747647669896:,1747647682183
counter/8/0/0/0,23321:1747647667843:,1747647682183
counter/9/0/0/0,25832:1747647669896:,1747647682183
counter/8/0/0/0,23322:1747647667847:,1747647682183
counter/9/0/0/0,25833:1747647669896:,1747647682183
counter/8/0/0/0,23323:1747647667847:,1747647682183
counter/9/0/0/0,25834:1747647669896:,1747647682183
counter/8/0/0/0,23324:1747647667847:,1747647682183
counter/9/0/0/0,25835:1747647669896:,1747647682183
counter/8/0/0/0,23325:1747647667847:,1747647682183
counter/9/0/0/0,25836:1747647669896:,1747647682183
counter/8/0/0/0,23326:1747647667849:,1747647682183
counter/9/0/0/0,25837:1747647669896:,1747647682183
counter/8/0/0/0,23327:1747647667849:,1747647682183
counter/9/0/0/0,25838:1747647669896:,1747647682183
counter/8/0/0/0,23328:1747647667849:,1747647682183
counter/9/0/0/0,25839:1747647669896:,1747647682183
counter/8/0/0/0,23329:1747647667849:,1747647682183
counter/9/0/0/0,25840:1747647669896:,1747647682183
counter/8/0/0/0,23330:1747647667849:,1747647682183
counter/9/0/0/0,25841:1747647669896:,1747647682183
counter/8/0/0/0,23331:1747647667849:,1747647682183
counter/9/0/0/0,25842:1747647669898:,1747647682183
counter/8/0/0/0,23332:1747647667849:,1747647682183
counter/9/0/0/0,25843:1747647669899:,1747647682183
counter/8/0/0/0,23333:1747647667849:,1747647682183
counter/9/0/0/0,25844:1747647669899:,1747647682183
counter/8/0/0/0,23334:1747647667849:,1747647682183
counter/9/0/0/0,25845:1747647669899:,1747647682183
counter/8/0/0/0,23335:1747647667849:,1747647682183
counter/9/0/0/0,25846:1747647669899:,1747647682183
counter/8/0/0/0,23336:1747647667855:,1747647682183
counter/9/0/0/0,25847:1747647669899:,1747647682183
counter/8/0/0/0,23337:1747647667855:,1747647682183
counter/9/0/0/0,25848:1747647669899:,1747647682183
counter/8/0/0/0,23338:1747647667855:,1747647682184
counter/9/0/0/0,25849:1747647669899:,1747647682184
counter/8/0/0/0,23339:1747647667855:,1747647682184
counter/9/0/0/0,25850:1747647669899:,1747647682184
counter/8/0/0/0,23340:1747647667855:,1747647682184
counter/9/0/0/0,25851:1747647669899:,1747647682184
counter/8/0/0/0,23341:1747647667856:,1747647682184
counter/9/0/0/0,25852:1747647669899:,1747647682184
counter/8/0/0/0,23342:1747647667856:,1747647682184
counter/9/0/0/0,25853:1747647669899:,1747647682184
counter/8/0/0/0,23343:1747647667856:,1747647682184
counter/9/0/0/0,25854:1747647669899:,1747647682184
counter/8/0/0/0,23344:1747647667856:,1747647682184
counter/9/0/0/0,25855:1747647669909:,1747647682184
counter/8/0/0/0,23345:1747647667856:,1747647682184
counter/9/0/0/0,25856:1747647669909:,1747647682184
counter/8/0/0/0,23346:1747647667856:,1747647682184
counter/9/0/0/0,25857:1747647669909:,1747647682184
counter/8/0/0/0,23347:1747647667856:,1747647682184
counter/9/0/0/0,25858:1747647669909:,1747647682184
counter/8/0/0/0,23348:1747647667856:,1747647682184
counter/9/0/0/0,25859:1747647669909:,1747647682184
counter/8/0/0/0,23349:1747647667856:,1747647682184
counter/9/0/0/0,25860:1747647669909:,1747647682184
counter/8/0/0/0,23350:1747647667856:,1747647682184
counter/9/0/0/0,25861:1747647669909:,1747647682184
counter/8/0/0/0,23351:1747647667868:,1747647682184
counter/9/0/0/0,25862:1747647669909:,1747647682184
counter/8/0/0/0,23352:1747647667868:,1747647682184
counter/9/0/0/0,25863:1747647669909:,1747647682184
counter/8/0/0/0,23353:1747647667868:,1747647682184
counter/9/0/0/0,25864:1747647669909:,1747647682184
counter/8/0/0/0,23354:1747647667868:,1747647682184
counter/9/0/0/0,25865:1747647669909:,1747647682184
counter/8/0/0/0,23355:1747647667868:,1747647682184
counter/9/0/0/0,25866:1747647669909:,1747647682184
counter/8/0/0/0,23356:1747647667868:,1747647682184
counter/5/0/0/0,22331:1747647667660:,1747647682184
counter/9/0/0/0,25867:1747647669909:,1747647682184
counter/8/0/0/0,23357:1747647667870:,1747647682184
counter/3/0/0/0,20997:1747647667600:,1747647682184
counter/4/0/0/0,19431:1747647666732:,1747647682185
counter/9/0/0/0,25868:1747647669909:,1747647682185
counter/8/0/0/0,23358:1747647667870:,1747647682185
counter/10/0/0/0,19599:1747647664998:,1747647682185
counter/9/0/0/0,25869:1747647669909:,1747647682185
counter/8/0/0/0,23359:1747647667870:,1747647682185
counter/9/0/0/0,25870:1747647669914:,1747647682185
counter/8/0/0/0,23360:1747647667870:,1747647682185
counter/9/0/0/0,25871:1747647669914:,1747647682185
counter/8/0/0/0,23361:1747647667870:,1747647682185
counter/4/0/0/0,19432:1747647666732:,1747647682185
counter/9/0/0/0,25872:1747647669914:,1747647682185
counter/8/0/0/0,23362:1747647667870:,1747647682185
counter/10/0/0/0,19600:1747647664998:,1747647682185
counter/9/0/0/0,25873:1747647669914:,1747647682185
counter/8/0/0/0,23363:1747647667870:,1747647682185
counter/9/0/0/0,25874:1747647669914:,1747647682185
counter/8/0/0/0,23364:1747647667878:,1747647682185
counter/9/0/0/0,25875:1747647669914:,1747647682185
counter/8/0/0/0,23365:1747647667878:,1747647682185
counter/9/0/0/0,25876:1747647669914:,1747647682185
counter/8/0/0/0,23366:1747647667882:,1747647682185
counter/4/0/0/0,19433:1747647666732:,1747647682185
counter/9/0/0/0,25877:1747647669914:,1747647682185
counter/8/0/0/0,23367:1747647667883:,1747647682185
counter/10/0/0/0,19601:1747647664998:,1747647682185
counter/9/0/0/0,25878:1747647669914:,1747647682185
counter/8/0/0/0,23368:1747647667883:,1747647682185
counter/7/0/0/0,20698:1747647665825:,1747647682185
counter/9/0/0/0,25879:1747647669914:,1747647682185
counter/8/0/0/0,23369:1747647667883:,1747647682185
counter/6/0/0/0,21282:1747647667871:,1747647682185
counter/9/0/0/0,25880:1747647669914:,1747647682185
counter/8/0/0/0,23370:1747647667883:,1747647682185
counter/2/0/0/0,24994:1747647670669:,1747647682185
counter/9/0/0/0,25881:1747647669914:,1747647682185
counter/8/0/0/0,23371:1747647667883:,1747647682185
counter/2/0/0/0,24995:1747647670669:,1747647682185
counter/5/0/0/0,22332:1747647667660:,1747647682185
counter/9/0/0/0,25882:1747647669914:,1747647682185
counter/8/0/0/0,23372:1747647667883:,1747647682185
counter/5/0/0/0,22333:1747647667660:,1747647682185
counter/9/0/0/0,25883:1747647669914:,1747647682186
counter/8/0/0/0,23373:1747647667883:,1747647682186
counter/5/0/0/0,22334:1747647667660:,1747647682186
counter/10/0/0/0,19602:1747647664998:,1747647682186
counter/9/0/0/0,25884:1747647669914:,1747647682186
counter/8/0/0/0,23374:1747647667883:,1747647682186
counter/5/0/0/0,22335:1747647667660:,1747647682186
counter/9/0/0/0,25885:1747647669915:,1747647682186
counter/8/0/0/0,23375:1747647667883:,1747647682186
counter/5/0/0/0,22336:1747647667660:,1747647682186
counter/9/0/0/0,25886:1747647669915:,1747647682186
counter/8/0/0/0,23376:1747647667883:,1747647682186
counter/7/0/0/0,20699:1747647665833:,1747647682186
counter/9/0/0/0,25887:1747647669925:,1747647682186
counter/8/0/0/0,23377:1747647667883:,1747647682186
counter/10/0/0/0,19603:1747647664998:,1747647682186
counter/6/0/0/0,21283:1747647667871:,1747647682186
counter/9/0/0/0,25888:1747647669926:,1747647682186
counter/8/0/0/0,23378:1747647667886:,1747647682186
counter/5/0/0/0,22337:1747647667660:,1747647682186
counter/9/0/0/0,25889:1747647669926:,1747647682186
counter/8/0/0/0,23379:1747647667886:,1747647682186
counter/3/0/0/0,20998:1747647667600:,1747647682186
counter/9/0/0/0,25890:1747647669926:,1747647682186
counter/8/0/0/0,23380:1747647667886:,1747647682186
counter/3/0/0/0,20999:1747647667601:,1747647682186
counter/9/0/0/0,25891:1747647669926:,1747647682186
counter/8/0/0/0,23381:1747647667886:,1747647682186
counter/3/0/0/0,21000:1747647667601:,1747647682186
counter/9/0/0/0,25892:1747647669926:,1747647682186
counter/8/0/0/0,23382:1747647667886:,1747647682186
counter/3/0/0/0,21001:1747647667601:,1747647682186
counter/9/0/0/0,25893:1747647669926:,1747647682186
counter/8/0/0/0,23383:1747647667887:,1747647682186
counter/3/0/0/0,21002:1747647667601:,1747647682186
counter/9/0/0/0,25894:1747647669926:,1747647682187
counter/8/0/0/0,23384:1747647667887:,1747647682187
counter/3/0/0/0,21003:1747647667602:,1747647682187
counter/9/0/0/0,25895:1747647669926:,1747647682187
counter/8/0/0/0,23385:1747647667887:,1747647682187
counter/3/0/0/0,21004:1747647667602:,1747647682187
counter/9/0/0/0,25896:1747647669926:,1747647682187
counter/8/0/0/0,23386:1747647667888:,1747647682187
counter/3/0/0/0,21005:1747647667602:,1747647682187
counter/9/0/0/0,25897:1747647669927:,1747647682187
counter/8/0/0/0,23387:1747647667888:,1747647682187
counter/3/0/0/0,21006:1747647667602:,1747647682187
counter/9/0/0/0,25898:1747647669927:,1747647682187
counter/8/0/0/0,23388:1747647667888:,1747647682187
counter/3/0/0/0,21007:1747647667602:,1747647682187
counter/9/0/0/0,25899:1747647669953:,1747647682187
counter/8/0/0/0,23389:1747647667888:,1747647682187
counter/3/0/0/0,21008:1747647667602:,1747647682187
counter/9/0/0/0,25900:1747647669953:,1747647682187
counter/8/0/0/0,23390:1747647667889:,1747647682187
counter/3/0/0/0,21009:1747647667602:,1747647682187
counter/9/0/0/0,25901:1747647669953:,1747647682187
counter/8/0/0/0,23391:1747647667889:,1747647682187
counter/3/0/0/0,21010:1747647667602:,1747647682187
counter/9/0/0/0,25902:1747647669967:,1747647682187
counter/8/0/0/0,23392:1747647667889:,1747647682187
counter/3/0/0/0,21011:1747647667602:,1747647682187
counter/9/0/0/0,25903:1747647669968:,1747647682187
counter/8/0/0/0,23393:1747647667889:,1747647682187
counter/3/0/0/0,21012:1747647667602:,1747647682187
counter/9/0/0/0,25904:1747647669968:,1747647682187
counter/8/0/0/0,23394:1747647667889:,1747647682187
counter/3/0/0/0,21013:1747647667602:,1747647682187
counter/9/0/0/0,25905:1747647669968:,1747647682187
counter/8/0/0/0,23395:1747647667889:,1747647682187
counter/3/0/0/0,21014:1747647667602:,1747647682187
counter/9/0/0/0,25906:1747647669968:,1747647682187
counter/8/0/0/0,23396:1747647667889:,1747647682187
counter/3/0/0/0,21015:1747647667602:,1747647682187
counter/9/0/0/0,25907:1747647669968:,1747647682187
counter/8/0/0/0,23397:1747647667889:,1747647682187
counter/3/0/0/0,21016:1747647667602:,1747647682188
counter/9/0/0/0,25908:1747647669968:,1747647682188
counter/8/0/0/0,23398:1747647667889:,1747647682188
counter/9/0/0/0,25909:1747647669975:,1747647682188
counter/8/0/0/0,23399:1747647667889:,1747647682188
counter/3/0/0/0,21017:1747647667602:,1747647682188
counter/4/0/0/0,19434:1747647666732:,1747647682188
counter/9/0/0/0,25910:1747647669975:,1747647682188
counter/8/0/0/0,23400:1747647667891:,1747647682188
counter/3/0/0/0,21018:1747647667604:,1747647682188
counter/9/0/0/0,25911:1747647669975:,1747647682188
counter/8/0/0/0,23401:1747647667892:,1747647682188
counter/3/0/0/0,21019:1747647667604:,1747647682188
counter/9/0/0/0,25912:1747647669975:,1747647682188
counter/8/0/0/0,23402:1747647667892:,1747647682188
counter/3/0/0/0,21020:1747647667605:,1747647682188
counter/9/0/0/0,25913:1747647669975:,1747647682188
counter/8/0/0/0,23403:1747647667892:,1747647682188
counter/3/0/0/0,21021:1747647667605:,1747647682188
counter/9/0/0/0,25914:1747647669975:,1747647682188
counter/8/0/0/0,23404:1747647667892:,1747647682188
counter/3/0/0/0,21022:1747647667605:,1747647682188
counter/9/0/0/0,25915:1747647669975:,1747647682188
counter/8/0/0/0,23405:1747647667892:,1747647682188
counter/3/0/0/0,21023:1747647667605:,1747647682188
counter/9/0/0/0,25916:1747647669975:,1747647682188
counter/8/0/0/0,23406:1747647667892:,1747647682188
counter/3/0/0/0,21024:1747647667605:,1747647682188
counter/9/0/0/0,25917:1747647669975:,1747647682188
counter/8/0/0/0,23407:1747647667892:,1747647682188
counter/3/0/0/0,21025:1747647667605:,1747647682188
counter/9/0/0/0,25918:1747647669975:,1747647682188
counter/8/0/0/0,23408:1747647667892:,1747647682188
counter/3/0/0/0,21026:1747647667605:,1747647682188
counter/9/0/0/0,25919:1747647669975:,1747647682188
counter/8/0/0/0,23409:1747647667892:,1747647682188
counter/3/0/0/0,21027:1747647667608:,1747647682188
counter/9/0/0/0,25920:1747647669975:,1747647682188
counter/8/0/0/0,23410:1747647667892:,1747647682189
counter/3/0/0/0,21028:1747647667608:,1747647682189
counter/5/0/0/0,22338:1747647667660:,1747647682189
counter/9/0/0/0,25921:1747647669975:,1747647682189
counter/8/0/0/0,23411:1747647667892:,1747647682189
counter/3/0/0/0,21029:1747647667608:,1747647682189
counter/7/0/0/0,20700:1747647665833:,1747647682189
counter/9/0/0/0,25922:1747647669975:,1747647682189
counter/8/0/0/0,23412:1747647667892:,1747647682189
counter/3/0/0/0,21030:1747647667608:,1747647682189
counter/9/0/0/0,25923:1747647669975:,1747647682189
counter/8/0/0/0,23413:1747647667892:,1747647682189
counter/3/0/0/0,21031:1747647667608:,1747647682189
counter/9/0/0/0,25924:1747647669976:,1747647682189
counter/8/0/0/0,23414:1747647667896:,1747647682189
counter/3/0/0/0,21032:1747647667608:,1747647682189
counter/9/0/0/0,25925:1747647669976:,1747647682189
counter/8/0/0/0,23415:1747647667896:,1747647682189
counter/3/0/0/0,21033:1747647667608:,1747647682189
counter/9/0/0/0,25926:1747647669976:,1747647682189
counter/8/0/0/0,23416:1747647667896:,1747647682189
counter/3/0/0/0,21034:1747647667615:,1747647682189
counter/9/0/0/0,25927:1747647669976:,1747647682189
counter/8/0/0/0,23417:1747647667896:,1747647682189
counter/3/0/0/0,21035:1747647667616:,1747647682189
counter/9/0/0/0,25928:1747647669976:,1747647682189
counter/8/0/0/0,23418:1747647667901:,1747647682189
counter/3/0/0/0,21036:1747647667616:,1747647682189
counter/9/0/0/0,25929:1747647669976:,1747647682189
counter/8/0/0/0,23419:1747647667901:,1747647682189
counter/3/0/0/0,21037:1747647667625:,1747647682189
counter/9/0/0/0,25930:1747647669976:,1747647682189
counter/8/0/0/0,23420:1747647667902:,1747647682189
counter/3/0/0/0,21038:1747647667625:,1747647682189
counter/9/0/0/0,25931:1747647669976:,1747647682189
counter/8/0/0/0,23421:1747647667902:,1747647682189
counter/3/0/0/0,21039:1747647667625:,1747647682189
counter/9/0/0/0,25932:1747647669976:,1747647682189
counter/8/0/0/0,23422:1747647667902:,1747647682190
counter/3/0/0/0,21040:1747647667625:,1747647682190
counter/9/0/0/0,25933:1747647669983:,1747647682190
counter/8/0/0/0,23423:1747647667902:,1747647682190
counter/3/0/0/0,21041:1747647667625:,1747647682190
counter/9/0/0/0,25934:1747647669983:,1747647682190
counter/8/0/0/0,23424:1747647667902:,1747647682190
counter/3/0/0/0,21042:1747647667625:,1747647682190
counter/9/0/0/0,25935:1747647669983:,1747647682190
counter/8/0/0/0,23425:1747647667902:,1747647682190
counter/3/0/0/0,21043:1747647667626:,1747647682190
counter/9/0/0/0,25936:1747647669983:,1747647682190
counter/8/0/0/0,23426:1747647667902:,1747647682190
counter/3/0/0/0,21044:1747647667626:,1747647682190
counter/9/0/0/0,25937:1747647669983:,1747647682190
counter/8/0/0/0,23427:1747647667902:,1747647682190
counter/3/0/0/0,21045:1747647667626:,1747647682190
counter/9/0/0/0,25938:1747647669983:,1747647682190
counter/8/0/0/0,23428:1747647667902:,1747647682190
counter/3/0/0/0,21046:1747647667626:,1747647682190
counter/9/0/0/0,25939:1747647669983:,1747647682190
counter/8/0/0/0,23429:1747647667902:,1747647682190
counter/3/0/0/0,21047:1747647667626:,1747647682190
counter/9/0/0/0,25940:1747647669983:,1747647682190
counter/8/0/0/0,23430:1747647667902:,1747647682190
counter/3/0/0/0,21048:1747647667626:,1747647682190
counter/9/0/0/0,25941:1747647669983:,1747647682190
counter/8/0/0/0,23431:1747647667902:,1747647682190
counter/3/0/0/0,21049:1747647667626:,1747647682190
counter/9/0/0/0,25942:1747647669983:,1747647682190
counter/8/0/0/0,23432:1747647667902:,1747647682190
counter/3/0/0/0,21050:1747647667626:,1747647682190
counter/9/0/0/0,25943:1747647669983:,1747647682190
counter/8/0/0/0,23433:1747647667902:,1747647682190
counter/3/0/0/0,21051:1747647667626:,1747647682190
counter/9/0/0/0,25944:1747647669983:,1747647682190
counter/8/0/0/0,23434:1747647667902:,1747647682190
counter/3/0/0/0,21052:1747647667626:,1747647682190
counter/9/0/0/0,25945:1747647669983:,1747647682190
counter/8/0/0/0,23435:1747647667903:,1747647682190
counter/3/0/0/0,21053:1747647667626:,1747647682191
counter/9/0/0/0,25946:1747647669983:,1747647682191
counter/8/0/0/0,23436:1747647667903:,1747647682191
counter/9/0/0/0,25947:1747647669983:,1747647682191
counter/8/0/0/0,23437:1747647667903:,1747647682191
counter/9/0/0/0,25948:1747647669983:,1747647682191
counter/8/0/0/0,23438:1747647667903:,1747647682191
counter/9/0/0/0,25949:1747647669983:,1747647682191
counter/8/0/0/0,23439:1747647667903:,1747647682191
counter/9/0/0/0,25950:1747647669983:,1747647682191
counter/8/0/0/0,23440:1747647667903:,1747647682191
counter/9/0/0/0,25951:1747647669983:,1747647682191
counter/8/0/0/0,23441:1747647667903:,1747647682191
counter/9/0/0/0,25952:1747647669985:,1747647682191
counter/8/0/0/0,23442:1747647667903:,1747647682191
counter/9/0/0/0,25953:1747647669985:,1747647682191
counter/8/0/0/0,23443:1747647667907:,1747647682191
counter/9/0/0/0,25954:1747647669985:,1747647682191
counter/8/0/0/0,23444:1747647667907:,1747647682191
counter/9/0/0/0,25955:1747647669986:,1747647682191
counter/8/0/0/0,23445:1747647667907:,1747647682191
counter/9/0/0/0,25956:1747647669986:,1747647682191
counter/8/0/0/0,23446:1747647667907:,1747647682191
counter/9/0/0/0,25957:1747647669987:,1747647682191
counter/8/0/0/0,23447:1747647667907:,1747647682191
counter/5/0/0/0,22339:1747647667665:,1747647682191
counter/9/0/0/0,25958:1747647669987:,1747647682191
counter/8/0/0/0,23448:1747647667907:,1747647682191
counter/6/0/0/0,21284:1747647667871:,1747647682191
counter/9/0/0/0,25959:1747647669987:,1747647682191
counter/8/0/0/0,23449:1747647667907:,1747647682191
counter/6/0/0/0,21285:1747647667872:,1747647682191
counter/9/0/0/0,25960:1747647669987:,1747647682191
counter/8/0/0/0,23450:1747647667907:,1747647682191
counter/6/0/0/0,21286:1747647667872:,1747647682192
counter/9/0/0/0,25961:1747647669987:,1747647682192
counter/8/0/0/0,23451:1747647667907:,1747647682192
counter/6/0/0/0,21287:1747647667872:,1747647682192
counter/7/0/0/0,20701:1747647665833:,1747647682192
counter/4/0/0/0,19435:1747647666732:,1747647682192
counter/9/0/0/0,25962:1747647669987:,1747647682192
counter/8/0/0/0,23452:1747647667908:,1747647682192
counter/6/0/0/0,21288:1747647667873:,1747647682192
counter/9/0/0/0,25963:1747647669987:,1747647682192
counter/8/0/0/0,23453:1747647667908:,1747647682192
counter/6/0/0/0,21289:1747647667873:,1747647682192
counter/9/0/0/0,25964:1747647669987:,1747647682192
counter/8/0/0/0,23454:1747647667908:,1747647682192
counter/6/0/0/0,21290:1747647667873:,1747647682192
counter/9/0/0/0,25965:1747647669987:,1747647682192
counter/8/0/0/0,23455:1747647667908:,1747647682192
counter/6/0/0/0,21291:1747647667873:,1747647682192
counter/9/0/0/0,25966:1747647669987:,1747647682192
counter/8/0/0/0,23456:1747647667908:,1747647682192
counter/6/0/0/0,21292:1747647667873:,1747647682192
counter/9/0/0/0,25967:1747647669987:,1747647682192
counter/8/0/0/0,23457:1747647667908:,1747647682192
counter/6/0/0/0,21293:1747647667873:,1747647682192
counter/9/0/0/0,25968:1747647669987:,1747647682192
counter/8/0/0/0,23458:1747647667908:,1747647682192
counter/9/0/0/0,25969:1747647669987:,1747647682192
counter/8/0/0/0,23459:1747647667908:,1747647682192
counter/9/0/0/0,25970:1747647669987:,1747647682192
counter/8/0/0/0,23460:1747647667908:,1747647682192
counter/9/0/0/0,25971:1747647669987:,1747647682192
counter/8/0/0/0,23461:1747647667908:,1747647682192
counter/9/0/0/0,25972:1747647669987:,1747647682192
counter/8/0/0/0,23462:1747647667908:,1747647682192
counter/9/0/0/0,25973:1747647669987:,1747647682192
counter/8/0/0/0,23463:1747647667908:,1747647682192
counter/9/0/0/0,25974:1747647669987:,1747647682192
counter/8/0/0/0,23464:1747647667908:,1747647682192
counter/9/0/0/0,25975:1747647669987:,1747647682192
counter/8/0/0/0,23465:1747647667908:,1747647682192
counter/9/0/0/0,25976:1747647669993:,1747647682192
counter/8/0/0/0,23466:1747647667908:,1747647682193
counter/9/0/0/0,25977:1747647669993:,1747647682193
counter/8/0/0/0,23467:1747647667908:,1747647682193
counter/9/0/0/0,25978:1747647669994:,1747647682193
counter/8/0/0/0,23468:1747647667908:,1747647682193
counter/9/0/0/0,25979:1747647669994:,1747647682193
counter/8/0/0/0,23469:1747647667908:,1747647682193
counter/9/0/0/0,25980:1747647669994:,1747647682193
counter/8/0/0/0,23470:1747647667908:,1747647682193
counter/9/0/0/0,25981:1747647669994:,1747647682193
counter/8/0/0/0,23471:1747647667908:,1747647682193
counter/9/0/0/0,25982:1747647669994:,1747647682193
counter/8/0/0/0,23472:1747647667908:,1747647682193
counter/9/0/0/0,25983:1747647669994:,1747647682193
counter/8/0/0/0,23473:1747647667908:,1747647682193
counter/9/0/0/0,25984:1747647669994:,1747647682193
counter/8/0/0/0,23474:1747647667909:,1747647682193
counter/9/0/0/0,25985:1747647669994:,1747647682193
counter/8/0/0/0,23475:1747647667909:,1747647682193
counter/9/0/0/0,25986:1747647669994:,1747647682193
counter/8/0/0/0,23476:1747647667909:,1747647682193
counter/9/0/0/0,25987:1747647669994:,1747647682193
counter/8/0/0/0,23477:1747647667909:,1747647682193
counter/9/0/0/0,25988:1747647669994:,1747647682193
counter/8/0/0/0,23478:1747647667909:,1747647682193
counter/4/0/0/0,19436:1747647666732:,1747647682193
counter/7/0/0/0,20702:1747647665833:,1747647682193
counter/9/0/0/0,25989:1747647669994:,1747647682193
counter/8/0/0/0,23479:1747647667909:,1747647682193
counter/9/0/0/0,25990:1747647669994:,1747647682193
counter/8/0/0/0,23480:1747647667909:,1747647682193
counter/9/0/0/0,25991:1747647669994:,1747647682193
counter/8/0/0/0,23481:1747647667909:,1747647682193
counter/6/0/0/0,21294:1747647667873:,1747647682193
counter/9/0/0/0,25992:1747647669994:,1747647682193
counter/8/0/0/0,23482:1747647667909:,1747647682193
counter/9/0/0/0,25993:1747647669994:,1747647682193
counter/8/0/0/0,23483:1747647667909:,1747647682193
counter/9/0/0/0,25994:1747647669994:,1747647682193
counter/8/0/0/0,23484:1747647667909:,1747647682193
counter/9/0/0/0,25995:1747647669994:,1747647682194
counter/8/0/0/0,23485:1747647667909:,1747647682194
counter/9/0/0/0,25996:1747647669994:,1747647682194
counter/8/0/0/0,23486:1747647667917:,1747647682194
counter/9/0/0/0,25997:1747647669995:,1747647682194
counter/8/0/0/0,23487:1747647667917:,1747647682194
counter/6/0/0/0,21295:1747647667873:,1747647682194
counter/9/0/0/0,25998:1747647669995:,1747647682194
counter/8/0/0/0,23488:1747647667917:,1747647682194
counter/9/0/0/0,25999:1747647669995:,1747647682194
counter/8/0/0/0,23489:1747647667917:,1747647682194
counter/9/0/0/0,26000:1747647669995:,1747647682194
counter/8/0/0/0,23490:1747647667917:,1747647682194
counter/9/0/0/0,26001:1747647669995:,1747647682194
counter/8/0/0/0,23491:1747647667917:,1747647682194
counter/9/0/0/0,26002:1747647669995:,1747647682194
counter/8/0/0/0,23492:1747647667917:,1747647682194
counter/9/0/0/0,26003:1747647669995:,1747647682194
counter/8/0/0/0,23493:1747647667917:,1747647682194
counter/9/0/0/0,26004:1747647669995:,1747647682194
counter/8/0/0/0,23494:1747647667917:,1747647682194
counter/9/0/0/0,26005:1747647669996:,1747647682194
counter/8/0/0/0,23495:1747647667917:,1747647682194
counter/9/0/0/0,26006:1747647669996:,1747647682194
counter/8/0/0/0,23496:1747647667917:,1747647682194
counter/9/0/0/0,26007:1747647669996:,1747647682194
counter/8/0/0/0,23497:1747647667917:,1747647682194
counter/9/0/0/0,26008:1747647669996:,1747647682194
counter/8/0/0/0,23498:1747647667922:,1747647682194
counter/9/0/0/0,26009:1747647669996:,1747647682194
counter/8/0/0/0,23499:1747647667922:,1747647682194
counter/10/0/0/0,19604:1747647664998:,1747647682194
counter/9/0/0/0,26010:1747647669996:,1747647682194
counter/8/0/0/0,23500:1747647667922:,1747647682194
counter/4/0/0/0,19437:1747647666732:,1747647682194
counter/7/0/0/0,20703:1747647665833:,1747647682194
counter/9/0/0/0,26011:1747647669996:,1747647682194
counter/8/0/0/0,23501:1747647667922:,1747647682194
counter/9/0/0/0,26012:1747647669996:,1747647682195
counter/8/0/0/0,23502:1747647667922:,1747647682195
counter/9/0/0/0,26013:1747647669996:,1747647682195
counter/8/0/0/0,23503:1747647667922:,1747647682195
counter/2/0/0/0,24996:1747647670669:,1747647682195
counter/9/0/0/0,26014:1747647669996:,1747647682195
counter/8/0/0/0,23504:1747647667922:,1747647682195
counter/5/0/0/0,22340:1747647667665:,1747647682195
counter/10/0/0/0,19605:1747647664998:,1747647682195
counter/4/0/0/0,19438:1747647666732:,1747647682195
counter/9/0/0/0,26015:1747647669996:,1747647682195
counter/7/0/0/0,20704:1747647665833:,1747647682195
counter/9/0/0/0,26016:1747647669996:,1747647682195
counter/7/0/0/0,20705:1747647665833:,1747647682195
counter/9/0/0/0,26017:1747647669996:,1747647682195
counter/7/0/0/0,20706:1747647665833:,1747647682195
counter/9/0/0/0,26018:1747647669996:,1747647682195
counter/7/0/0/0,20707:1747647665834:,1747647682195
counter/9/0/0/0,26019:1747647669996:,1747647682195
counter/7/0/0/0,20708:1747647665834:,1747647682195
counter/9/0/0/0,26020:1747647669999:,1747647682195
counter/7/0/0/0,20709:1747647665834:,1747647682195
counter/9/0/0/0,26021:1747647669999:,1747647682195
counter/7/0/0/0,20710:1747647665834:,1747647682195
counter/9/0/0/0,26022:1747647669999:,1747647682195
counter/7/0/0/0,20711:1747647665834:,1747647682195
counter/9/0/0/0,26023:1747647670000:,1747647682195
counter/7/0/0/0,20712:1747647665834:,1747647682195
counter/9/0/0/0,26024:1747647670000:,1747647682195
counter/7/0/0/0,20713:1747647665834:,1747647682195
counter/9/0/0/0,26025:1747647670000:,1747647682195
counter/7/0/0/0,20714:1747647665834:,1747647682195
counter/9/0/0/0,26026:1747647670009:,1747647682195
counter/7/0/0/0,20715:1747647665834:,1747647682195
counter/9/0/0/0,26027:1747647670009:,1747647682195
counter/7/0/0/0,20716:1747647665834:,1747647682195
counter/9/0/0/0,26028:1747647670009:,1747647682195
counter/7/0/0/0,20717:1747647665834:,1747647682195
counter/9/0/0/0,26029:1747647670009:,1747647682195
counter/7/0/0/0,20718:1747647665834:,1747647682195
counter/9/0/0/0,26030:1747647670009:,1747647682195
counter/7/0/0/0,20719:1747647665835:,1747647682196
counter/9/0/0/0,26031:1747647670009:,1747647682196
counter/7/0/0/0,20720:1747647665836:,1747647682196
counter/9/0/0/0,26032:1747647670009:,1747647682196
counter/7/0/0/0,20721:1747647665837:,1747647682196
counter/9/0/0/0,26033:1747647670009:,1747647682196
counter/7/0/0/0,20722:1747647665839:,1747647682196
counter/9/0/0/0,26034:1747647670009:,1747647682196
counter/7/0/0/0,20723:1747647665839:,1747647682196
counter/9/0/0/0,26035:1747647670009:,1747647682196
counter/7/0/0/0,20724:1747647665839:,1747647682196
counter/9/0/0/0,26036:1747647670009:,1747647682196
counter/9/0/0/0,26037:1747647670009:,1747647682196
counter/9/0/0/0,26038:1747647670009:,1747647682196
counter/9/0/0/0,26039:1747647670009:,1747647682196
counter/9/0/0/0,26040:1747647670009:,1747647682196
counter/9/0/0/0,26041:1747647670009:,1747647682196
counter/9/0/0/0,26042:1747647670026:,1747647682196
counter/9/0/0/0,26043:1747647670026:,1747647682196
counter/9/0/0/0,26044:1747647670026:,1747647682196
counter/9/0/0/0,26045:1747647670026:,1747647682196
counter/9/0/0/0,26046:1747647670026:,1747647682196
counter/9/0/0/0,26047:1747647670026:,1747647682196
counter/9/0/0/0,26048:1747647670026:,1747647682196
counter/9/0/0/0,26049:1747647670026:,1747647682196
counter/9/0/0/0,26050:1747647670026:,1747647682196
counter/9/0/0/0,26051:1747647670026:,1747647682196
counter/9/0/0/0,26052:1747647670032:,1747647682196
counter/9/0/0/0,26053:1747647670032:,1747647682196
counter/9/0/0/0,26054:1747647670037:,1747647682196
counter/9/0/0/0,26055:1747647670041:,1747647682196
counter/9/0/0/0,26056:1747647670041:,1747647682196
counter/9/0/0/0,26057:1747647670041:,1747647682196
counter/9/0/0/0,26058:1747647670042:,1747647682196
counter/9/0/0/0,26059:1747647670042:,1747647682196
counter/9/0/0/0,26060:1747647670042:,1747647682196
counter/5/0/0/0,22341:1747647667665:,1747647682197
counter/9/0/0/0,26061:1747647670042:,1747647682197
counter/6/0/0/0,21296:1747647667873:,1747647682197
counter/9/0/0/0,26062:1747647670042:,1747647682197
counter/4/0/0/0,19439:1747647666740:,1747647682197
counter/9/0/0/0,26063:1747647670042:,1747647682197
counter/3/0/0/0,21054:1747647667628:,1747647682197
counter/8/0/0/0,23505:1747647667922:,1747647682197
counter/9/0/0/0,26064:1747647670042:,1747647682197
counter/10/0/0/0,19606:1747647664998:,1747647682197
counter/9/0/0/0,26065:1747647670042:,1747647682197
counter/9/0/0/0,26066:1747647670042:,1747647682197
counter/9/0/0/0,26067:1747647670042:,1747647682197
counter/4/0/0/0,19440:1747647666740:,1747647682197
counter/9/0/0/0,26068:1747647670042:,1747647682197
counter/6/0/0/0,21297:1747647667873:,1747647682197
counter/9/0/0/0,26069:1747647670042:,1747647682197
counter/9/0/0/0,26070:1747647670042:,1747647682197
counter/9/0/0/0,26071:1747647670042:,1747647682197
counter/9/0/0/0,26072:1747647670042:,1747647682197
counter/9/0/0/0,26073:1747647670042:,1747647682197
counter/9/0/0/0,26074:1747647670042:,1747647682197
counter/9/0/0/0,26075:1747647670042:,1747647682197
counter/4/0/0/0,19441:1747647666740:,1747647682197
counter/9/0/0/0,26076:1747647670042:,1747647682197
counter/3/0/0/0,21055:1747647667628:,1747647682197
counter/9/0/0/0,26077:1747647670042:,1747647682197
counter/6/0/0/0,21298:1747647667873:,1747647682197
counter/10/0/0/0,19607:1747647664998:,1747647682197
counter/9/0/0/0,26078:1747647670042:,1747647682197
counter/9/0/0/0,26079:1747647670043:,1747647682197
counter/9/0/0/0,26080:1747647670043:,1747647682197
counter/9/0/0/0,26081:1747647670043:,1747647682197
counter/9/0/0/0,26082:1747647670043:,1747647682197
counter/9/0/0/0,26083:1747647670043:,1747647682197
counter/9/0/0/0,26084:1747647670043:,1747647682197
counter/9/0/0/0,26085:1747647670044:,1747647682197
counter/9/0/0/0,26086:1747647670044:,1747647682197
counter/9/0/0/0,26087:1747647670044:,1747647682197
counter/9/0/0/0,26088:1747647670044:,1747647682197
counter/9/0/0/0,26089:1747647670044:,1747647682198
counter/9/0/0/0,26090:1747647670044:,1747647682198
counter/9/0/0/0,26091:1747647670044:,1747647682198
counter/9/0/0/0,26092:1747647670045:,1747647682198
counter/9/0/0/0,26093:1747647670045:,1747647682198
counter/9/0/0/0,26094:1747647670045:,1747647682198
counter/9/0/0/0,26095:1747647670046:,1747647682198
counter/9/0/0/0,26096:1747647670046:,1747647682198
counter/9/0/0/0,26097:1747647670046:,1747647682198
counter/9/0/0/0,26098:1747647670046:,1747647682198
counter/9/0/0/0,26099:1747647670046:,1747647682198
counter/9/0/0/0,26100:1747647670046:,1747647682198
counter/9/0/0/0,26101:1747647670046:,1747647682198
counter/9/0/0/0,26102:1747647670046:,1747647682198
counter/9/0/0/0,26103:1747647670046:,1747647682198
counter/9/0/0/0,26104:1747647670046:,1747647682198
counter/9/0/0/0,26105:1747647670046:,1747647682198
counter/9/0/0/0,26106:1747647670046:,1747647682198
counter/9/0/0/0,26107:1747647670046:,1747647682198
counter/9/0/0/0,26108:1747647670046:,1747647682198
counter/9/0/0/0,26109:1747647670046:,1747647682198
counter/9/0/0/0,26110:1747647670046:,1747647682198
counter/9/0/0/0,26111:1747647670046:,1747647682198
counter/9/0/0/0,26112:1747647670046:,1747647682198
counter/9/0/0/0,26113:1747647670046:,1747647682198
counter/9/0/0/0,26114:1747647670046:,1747647682198
counter/9/0/0/0,26115:1747647670046:,1747647682198
counter/9/0/0/0,26116:1747647670046:,1747647682198
counter/9/0/0/0,26117:1747647670046:,1747647682198
counter/9/0/0/0,26118:1747647670046:,1747647682198
counter/9/0/0/0,26119:1747647670051:,1747647682198
counter/9/0/0/0,26120:1747647670052:,1747647682198
counter/9/0/0/0,26121:1747647670052:,1747647682198
counter/9/0/0/0,26122:1747647670052:,1747647682198
counter/9/0/0/0,26123:1747647670052:,1747647682198
counter/9/0/0/0,26124:1747647670052:,1747647682198
counter/9/0/0/0,26125:1747647670052:,1747647682198
counter/9/0/0/0,26126:1747647670052:,1747647682198
counter/9/0/0/0,26127:1747647670052:,1747647682199
counter/9/0/0/0,26128:1747647670052:,1747647682199
counter/9/0/0/0,26129:1747647670052:,1747647682199
counter/9/0/0/0,26130:1747647670054:,1747647682199
counter/9/0/0/0,26131:1747647670054:,1747647682199
counter/9/0/0/0,26132:1747647670054:,1747647682199
counter/9/0/0/0,26133:1747647670061:,1747647682199
counter/10/0/0/0,19608:1747647664998:,1747647682199
counter/9/0/0/0,26134:1747647670062:,1747647682199
counter/8/0/0/0,23506:1747647667922:,1747647682199
counter/7/0/0/0,20725:1747647665839:,1747647682199
counter/9/0/0/0,26135:1747647670062:,1747647682199
counter/5/0/0/0,22342:1747647667665:,1747647682199
counter/9/0/0/0,26136:1747647670062:,1747647682199
counter/4/0/0/0,19442:1747647666740:,1747647682199
counter/3/0/0/0,21056:1747647667628:,1747647682199
counter/9/0/0/0,26137:1747647670062:,1747647682199
counter/9/0/0/0,26138:1747647670062:,1747647682199
counter/9/0/0/0,26139:1747647670062:,1747647682199
counter/9/0/0/0,26140:1747647670062:,1747647682199
counter/9/0/0/0,26141:1747647670062:,1747647682199
counter/9/0/0/0,26142:1747647670062:,1747647682199
counter/9/0/0/0,26143:1747647670062:,1747647682199
counter/9/0/0/0,26144:1747647670062:,1747647682199
counter/3/0/0/0,21057:1747647667628:,1747647682199
counter/9/0/0/0,26145:1747647670063:,1747647682199
counter/9/0/0/0,26146:1747647670063:,1747647682199
counter/2/0/0/0,24997:1747647670669:,1747647682199
counter/9/0/0/0,26147:1747647670063:,1747647682199
counter/6/0/0/0,21299:1747647667873:,1747647682199
counter/8/0/0/0,23507:1747647667922:,1747647682199
counter/9/0/0/0,26148:1747647670063:,1747647682199
counter/5/0/0/0,22343:1747647667665:,1747647682199
counter/9/0/0/0,26149:1747647670063:,1747647682199
counter/8/0/0/0,23508:1747647667922:,1747647682199
counter/10/0/0/0,19609:1747647664998:,1747647682199
counter/9/0/0/0,26150:1747647670063:,1747647682199
counter/8/0/0/0,23509:1747647667922:,1747647682199
counter/9/0/0/0,26151:1747647670063:,1747647682199
counter/9/0/0/0,26152:1747647670065:,1747647682200
counter/9/0/0/0,26153:1747647670069:,1747647682200
counter/9/0/0/0,26154:1747647670070:,1747647682200
counter/9/0/0/0,26155:1747647670070:,1747647682200
counter/9/0/0/0,26156:1747647670070:,1747647682200
counter/9/0/0/0,26157:1747647670070:,1747647682200
counter/9/0/0/0,26158:1747647670070:,1747647682200
counter/9/0/0/0,26159:1747647670070:,1747647682200
counter/9/0/0/0,26160:1747647670072:,1747647682200
counter/4/0/0/0,19443:1747647666740:,1747647682200
counter/9/0/0/0,26161:1747647670072:,1747647682200
counter/7/0/0/0,20726:1747647665839:,1747647682200
counter/9/0/0/0,26162:1747647670072:,1747647682200
counter/5/0/0/0,22344:1747647667665:,1747647682200
counter/10/0/0/0,19610:1747647664998:,1747647682200
counter/9/0/0/0,26163:1747647670072:,1747647682200
counter/10/0/0/0,19611:1747647664998:,1747647682200
counter/9/0/0/0,26164:1747647670072:,1747647682200
counter/10/0/0/0,19612:1747647664999:,1747647682200
counter/9/0/0/0,26165:1747647670072:,1747647682200
counter/10/0/0/0,19613:1747647664999:,1747647682200
counter/9/0/0/0,26166:1747647670072:,1747647682200
counter/10/0/0/0,19614:1747647665006:,1747647682200
counter/9/0/0/0,26167:1747647670073:,1747647682200
counter/10/0/0/0,19615:1747647665006:,1747647682200
counter/9/0/0/0,26168:1747647670073:,1747647682200
counter/10/0/0/0,19616:1747647665006:,1747647682200
counter/9/0/0/0,26169:1747647670084:,1747647682200
counter/10/0/0/0,19617:1747647665006:,1747647682200
counter/9/0/0/0,26170:1747647670084:,1747647682200
counter/10/0/0/0,19618:1747647665006:,1747647682200
counter/9/0/0/0,26171:1747647670084:,1747647682200
counter/10/0/0/0,19619:1747647665006:,1747647682200
counter/9/0/0/0,26172:1747647670084:,1747647682200
counter/10/0/0/0,19620:1747647665006:,1747647682200
counter/9/0/0/0,26173:1747647670084:,1747647682200
counter/10/0/0/0,19621:1747647665006:,1747647682200
counter/9/0/0/0,26174:1747647670084:,1747647682200
counter/10/0/0/0,19622:1747647665006:,1747647682200
counter/9/0/0/0,26175:1747647670084:,1747647682200
counter/10/0/0/0,19623:1747647665006:,1747647682201
counter/9/0/0/0,26176:1747647670086:,1747647682201
counter/10/0/0/0,19624:1747647665006:,1747647682201
counter/2/0/0/0,24998:1747647670669:,1747647682201
counter/9/0/0/0,26177:1747647670086:,1747647682201
counter/10/0/0/0,19625:1747647665006:,1747647682201
counter/6/0/0/0,21300:1747647667873:,1747647682201
counter/9/0/0/0,26178:1747647670086:,1747647682201
counter/10/0/0/0,19626:1747647665006:,1747647682201
counter/9/0/0/0,26179:1747647670086:,1747647682201
counter/10/0/0/0,19627:1747647665006:,1747647682201
counter/9/0/0/0,26180:1747647670086:,1747647682201
counter/10/0/0/0,19628:1747647665008:,1747647682201
counter/2/0/0/0,24999:1747647670673:,1747647682201
counter/9/0/0/0,26181:1747647670086:,1747647682201
counter/10/0/0/0,19629:1747647665010:,1747647682201
counter/9/0/0/0,26182:1747647670086:,1747647682201
counter/10/0/0/0,19630:1747647665010:,1747647682201
counter/9/0/0/0,26183:1747647670086:,1747647682201
counter/10/0/0/0,19631:1747647665010:,1747647682201
counter/9/0/0/0,26184:1747647670086:,1747647682201
counter/10/0/0/0,19632:1747647665010:,1747647682201
counter/9/0/0/0,26185:1747647670086:,1747647682201
counter/10/0/0/0,19633:1747647665017:,1747647682201
counter/9/0/0/0,26186:1747647670086:,1747647682201
counter/10/0/0/0,19634:1747647665017:,1747647682201
counter/7/0/0/0,20727:1747647665839:,1747647682201
counter/9/0/0/0,26187:1747647670086:,1747647682201
counter/10/0/0/0,19635:1747647665017:,1747647682201
counter/5/0/0/0,22345:1747647667665:,1747647682201
counter/4/0/0/0,19444:1747647666740:,1747647682201
counter/9/0/0/0,26188:1747647670086:,1747647682201
counter/10/0/0/0,19636:1747647665017:,1747647682201
counter/8/0/0/0,23510:1747647667922:,1747647682201
counter/9/0/0/0,26189:1747647670086:,1747647682201
counter/10/0/0/0,19637:1747647665017:,1747647682201
counter/9/0/0/0,26190:1747647670086:,1747647682201
counter/10/0/0/0,19638:1747647665017:,1747647682201
counter/9/0/0/0,26191:1747647670087:,1747647682202
counter/10/0/0/0,19639:1747647665017:,1747647682202
counter/9/0/0/0,26192:1747647670087:,1747647682202
counter/10/0/0/0,19640:1747647665017:,1747647682202
counter/9/0/0/0,26193:1747647670095:,1747647682202
counter/10/0/0/0,19641:1747647665017:,1747647682202
counter/9/0/0/0,26194:1747647670102:,1747647682202
counter/10/0/0/0,19642:1747647665017:,1747647682202
counter/9/0/0/0,26195:1747647670102:,1747647682202
counter/10/0/0/0,19643:1747647665018:,1747647682202
counter/9/0/0/0,26196:1747647670102:,1747647682202
counter/10/0/0/0,19644:1747647665018:,1747647682202
counter/9/0/0/0,26197:1747647670102:,1747647682202
counter/10/0/0/0,19645:1747647665018:,1747647682202
counter/9/0/0/0,26198:1747647670120:,1747647682202
counter/10/0/0/0,19646:1747647665018:,1747647682202
counter/9/0/0/0,26199:1747647670120:,1747647682202
counter/10/0/0/0,19647:1747647665026:,1747647682202
counter/9/0/0/0,26200:1747647670120:,1747647682202
counter/10/0/0/0,19648:1747647665037:,1747647682202
counter/9/0/0/0,26201:1747647670120:,1747647682202
counter/10/0/0/0,19649:1747647665037:,1747647682202
counter/9/0/0/0,26202:1747647670120:,1747647682202
counter/10/0/0/0,19650:1747647665037:,1747647682202
counter/9/0/0/0,26203:1747647670120:,1747647682202
counter/10/0/0/0,19651:1747647665037:,1747647682202
counter/9/0/0/0,26204:1747647670120:,1747647682202
counter/10/0/0/0,19652:1747647665037:,1747647682202
counter/9/0/0/0,26205:1747647670120:,1747647682202
counter/10/0/0/0,19653:1747647665037:,1747647682202
counter/9/0/0/0,26206:1747647670120:,1747647682202
counter/10/0/0/0,19654:1747647665038:,1747647682202
counter/9/0/0/0,26207:1747647670128:,1747647682202
counter/10/0/0/0,19655:1747647665038:,1747647682202
counter/9/0/0/0,26208:1747647670128:,1747647682202
counter/10/0/0/0,19656:1747647665038:,1747647682202
counter/9/0/0/0,26209:1747647670128:,1747647682202
counter/10/0/0/0,19657:1747647665038:,1747647682202
counter/9/0/0/0,26210:1747647670128:,1747647682202
counter/10/0/0/0,19658:1747647665038:,1747647682202
counter/9/0/0/0,26211:1747647670128:,1747647682202
counter/10/0/0/0,19659:1747647665038:,1747647682202
counter/9/0/0/0,26212:1747647670130:,1747647682203
counter/10/0/0/0,19660:1747647665039:,1747647682203
counter/9/0/0/0,26213:1747647670130:,1747647682203
counter/10/0/0/0,19661:1747647665039:,1747647682203
counter/9/0/0/0,26214:1747647670130:,1747647682203
counter/10/0/0/0,19662:1747647665039:,1747647682203
counter/9/0/0/0,26215:1747647670130:,1747647682203
counter/10/0/0/0,19663:1747647665056:,1747647682203
counter/9/0/0/0,26216:1747647670130:,1747647682203
counter/10/0/0/0,19664:1747647665069:,1747647682203
counter/9/0/0/0,26217:1747647670130:,1747647682203
counter/10/0/0/0,19665:1747647665069:,1747647682203
counter/9/0/0/0,26218:1747647670130:,1747647682203
counter/10/0/0/0,19666:1747647665069:,1747647682203
counter/9/0/0/0,26219:1747647670130:,1747647682203
counter/10/0/0/0,19667:1747647665069:,1747647682203
counter/9/0/0/0,26220:1747647670130:,1747647682203
counter/10/0/0/0,19668:1747647665069:,1747647682203
counter/9/0/0/0,26221:1747647670130:,1747647682203
counter/10/0/0/0,19669:1747647665069:,1747647682203
counter/9/0/0/0,26222:1747647670130:,1747647682203
counter/10/0/0/0,19670:1747647665069:,1747647682203
counter/9/0/0/0,26223:1747647670131:,1747647682203
counter/10/0/0/0,19671:1747647665069:,1747647682203
counter/9/0/0/0,26224:1747647670131:,1747647682203
counter/10/0/0/0,19672:1747647665069:,1747647682203
counter/9/0/0/0,26225:1747647670145:,1747647682203
counter/10/0/0/0,19673:1747647665069:,1747647682203
counter/9/0/0/0,26226:1747647670145:,1747647682203
counter/10/0/0/0,19674:1747647665069:,1747647682203
counter/9/0/0/0,26227:1747647670145:,1747647682203
counter/10/0/0/0,19675:1747647665069:,1747647682203
counter/9/0/0/0,26228:1747647670145:,1747647682203
counter/10/0/0/0,19676:1747647665069:,1747647682203
counter/9/0/0/0,26229:1747647670145:,1747647682203
counter/10/0/0/0,19677:1747647665069:,1747647682203
counter/9/0/0/0,26230:1747647670145:,1747647682203
counter/10/0/0/0,19678:1747647665069:,1747647682203
counter/9/0/0/0,26231:1747647670145:,1747647682203
counter/10/0/0/0,19679:1747647665069:,1747647682203
counter/9/0/0/0,26232:1747647670145:,1747647682203
counter/10/0/0/0,19680:1747647665070:,1747647682204
counter/9/0/0/0,26233:1747647670145:,1747647682204
counter/10/0/0/0,19681:1747647665070:,1747647682204
counter/9/0/0/0,26234:1747647670145:,1747647682204
counter/10/0/0/0,19682:1747647665070:,1747647682204
counter/9/0/0/0,26235:1747647670148:,1747647682204
counter/10/0/0/0,19683:1747647665070:,1747647682204
counter/9/0/0/0,26236:1747647670149:,1747647682204
counter/10/0/0/0,19684:1747647665070:,1747647682204
counter/9/0/0/0,26237:1747647670149:,1747647682204
counter/10/0/0/0,19685:1747647665070:,1747647682204
counter/9/0/0/0,26238:1747647670149:,1747647682204
counter/10/0/0/0,19686:1747647665070:,1747647682204
counter/9/0/0/0,26239:1747647670149:,1747647682204
counter/10/0/0/0,19687:1747647665070:,1747647682204
counter/9/0/0/0,26240:1747647670149:,1747647682204
counter/10/0/0/0,19688:1747647665070:,1747647682204
counter/9/0/0/0,26241:1747647670149:,1747647682204
counter/10/0/0/0,19689:1747647665070:,1747647682204
counter/9/0/0/0,26242:1747647670149:,1747647682204
counter/10/0/0/0,19690:1747647665075:,1747647682204
counter/9/0/0/0,26243:1747647670149:,1747647682204
counter/10/0/0/0,19691:1747647665075:,1747647682204
counter/9/0/0/0,26244:1747647670149:,1747647682204
counter/10/0/0/0,19692:1747647665075:,1747647682204
counter/9/0/0/0,26245:1747647670149:,1747647682204
counter/10/0/0/0,19693:1747647665075:,1747647682204
counter/9/0/0/0,26246:1747647670149:,1747647682204
counter/10/0/0/0,19694:1747647665075:,1747647682204
counter/9/0/0/0,26247:1747647670149:,1747647682204
counter/10/0/0/0,19695:1747647665075:,1747647682204
counter/9/0/0/0,26248:1747647670149:,1747647682204
counter/10/0/0/0,19696:1747647665075:,1747647682204
counter/9/0/0/0,26249:1747647670149:,1747647682204
counter/10/0/0/0,19697:1747647665075:,1747647682204
counter/9/0/0/0,26250:1747647670149:,1747647682204
counter/10/0/0/0,19698:1747647665075:,1747647682204
counter/9/0/0/0,26251:1747647670149:,1747647682204
counter/10/0/0/0,19699:1747647665075:,1747647682205
counter/9/0/0/0,26252:1747647670149:,1747647682205
counter/10/0/0/0,19700:1747647665078:,1747647682205
counter/9/0/0/0,26253:1747647670149:,1747647682205
counter/10/0/0/0,19701:1747647665078:,1747647682205
counter/9/0/0/0,26254:1747647670149:,1747647682205
counter/10/0/0/0,19702:1747647665078:,1747647682205
counter/9/0/0/0,26255:1747647670149:,1747647682205
counter/10/0/0/0,19703:1747647665078:,1747647682205
counter/9/0/0/0,26256:1747647670158:,1747647682205
counter/10/0/0/0,19704:1747647665079:,1747647682205
counter/9/0/0/0,26257:1747647670158:,1747647682205
counter/10/0/0/0,19705:1747647665079:,1747647682205
counter/9/0/0/0,26258:1747647670158:,1747647682205
counter/10/0/0/0,19706:1747647665079:,1747647682205
counter/9/0/0/0,26259:1747647670158:,1747647682205
counter/10/0/0/0,19707:1747647665079:,1747647682205
counter/9/0/0/0,26260:1747647670158:,1747647682205
counter/10/0/0/0,19708:1747647665079:,1747647682205
counter/9/0/0/0,26261:1747647670158:,1747647682205
counter/10/0/0/0,19709:1747647665079:,1747647682205
counter/9/0/0/0,26262:1747647670158:,1747647682205
counter/10/0/0/0,19710:1747647665079:,1747647682205
counter/9/0/0/0,26263:1747647670158:,1747647682205
counter/10/0/0/0,19711:1747647665079:,1747647682205
counter/9/0/0/0,26264:1747647670159:,1747647682205
counter/10/0/0/0,19712:1747647665079:,1747647682205
counter/9/0/0/0,26265:1747647670159:,1747647682205
counter/10/0/0/0,19713:1747647665079:,1747647682205
counter/9/0/0/0,26266:1747647670159:,1747647682205
counter/10/0/0/0,19714:1747647665084:,1747647682205
counter/9/0/0/0,26267:1747647670159:,1747647682205
counter/10/0/0/0,19715:1747647665084:,1747647682205
counter/9/0/0/0,26268:1747647670159:,1747647682205
counter/10/0/0/0,19716:1747647665084:,1747647682205
counter/9/0/0/0,26269:1747647670159:,1747647682205
counter/10/0/0/0,19717:1747647665084:,1747647682205
counter/9/0/0/0,26270:1747647670159:,1747647682205
counter/10/0/0/0,19718:1747647665084:,1747647682206
counter/9/0/0/0,26271:1747647670159:,1747647682206
counter/10/0/0/0,19719:1747647665084:,1747647682206
counter/9/0/0/0,26272:1747647670159:,1747647682206
counter/10/0/0/0,19720:1747647665089:,1747647682206
counter/9/0/0/0,26273:1747647670159:,1747647682206
counter/10/0/0/0,19721:1747647665089:,1747647682206
counter/9/0/0/0,26274:1747647670159:,1747647682206
counter/10/0/0/0,19722:1747647665089:,1747647682206
counter/9/0/0/0,26275:1747647670163:,1747647682206
counter/10/0/0/0,19723:1747647665089:,1747647682206
counter/9/0/0/0,26276:1747647670163:,1747647682206
counter/10/0/0/0,19724:1747647665089:,1747647682206
counter/9/0/0/0,26277:1747647670163:,1747647682206
counter/10/0/0/0,19725:1747647665089:,1747647682206
counter/9/0/0/0,26278:1747647670163:,1747647682206
counter/10/0/0/0,19726:1747647665089:,1747647682206
counter/9/0/0/0,26279:1747647670163:,1747647682206
counter/10/0/0/0,19727:1747647665089:,1747647682206
counter/9/0/0/0,26280:1747647670163:,1747647682206
counter/10/0/0/0,19728:1747647665098:,1747647682206
counter/9/0/0/0,26281:1747647670163:,1747647682206
counter/10/0/0/0,19729:1747647665098:,1747647682206
counter/9/0/0/0,26282:1747647670163:,1747647682206
counter/10/0/0/0,19730:1747647665098:,1747647682206
counter/9/0/0/0,26283:1747647670163:,1747647682206
counter/10/0/0/0,19731:1747647665098:,1747647682206
counter/9/0/0/0,26284:1747647670163:,1747647682206
counter/10/0/0/0,19732:1747647665098:,1747647682206
counter/9/0/0/0,26285:1747647670163:,1747647682206
counter/10/0/0/0,19733:1747647665098:,1747647682206
counter/9/0/0/0,26286:1747647670163:,1747647682206
counter/10/0/0/0,19734:1747647665098:,1747647682206
counter/9/0/0/0,26287:1747647670163:,1747647682206
counter/10/0/0/0,19735:1747647665098:,1747647682206
counter/9/0/0/0,26288:1747647670163:,1747647682206
counter/10/0/0/0,19736:1747647665098:,1747647682206
counter/9/0/0/0,26289:1747647670163:,1747647682206
counter/10/0/0/0,19737:1747647665098:,1747647682206
counter/9/0/0/0,26290:1747647670163:,1747647682207
counter/10/0/0/0,19738:1747647665098:,1747647682207
counter/9/0/0/0,26291:1747647670163:,1747647682207
counter/10/0/0/0,19739:1747647665098:,1747647682207
counter/9/0/0/0,26292:1747647670174:,1747647682207
counter/10/0/0/0,19740:1747647665099:,1747647682207
counter/9/0/0/0,26293:1747647670174:,1747647682207
counter/10/0/0/0,19741:1747647665099:,1747647682207
counter/9/0/0/0,26294:1747647670174:,1747647682207
counter/10/0/0/0,19742:1747647665099:,1747647682207
counter/9/0/0/0,26295:1747647670174:,1747647682207
counter/10/0/0/0,19743:1747647665099:,1747647682207
counter/9/0/0/0,26296:1747647670175:,1747647682207
counter/10/0/0/0,19744:1747647665099:,1747647682207
counter/9/0/0/0,26297:1747647670175:,1747647682207
counter/10/0/0/0,19745:1747647665099:,1747647682207
counter/10/0/0/0,19746:1747647665099:,1747647682207
counter/10/0/0/0,19747:1747647665101:,1747647682207
counter/10/0/0/0,19748:1747647665101:,1747647682207
counter/10/0/0/0,19749:1747647665101:,1747647682207
counter/10/0/0/0,19750:1747647665101:,1747647682207
counter/10/0/0/0,19751:1747647665101:,1747647682207
counter/10/0/0/0,19752:1747647665101:,1747647682207
counter/10/0/0/0,19753:1747647665101:,1747647682207
counter/10/0/0/0,19754:1747647665102:,1747647682207
counter/10/0/0/0,19755:1747647665102:,1747647682207
counter/10/0/0/0,19756:1747647665112:,1747647682207
counter/10/0/0/0,19757:1747647665112:,1747647682207
counter/10/0/0/0,19758:1747647665112:,1747647682207
counter/10/0/0/0,19759:1747647665112:,1747647682207
counter/10/0/0/0,19760:1747647665112:,1747647682207
counter/10/0/0/0,19761:1747647665112:,1747647682207
counter/10/0/0/0,19762:1747647665112:,1747647682207
counter/10/0/0/0,19763:1747647665112:,1747647682207
counter/10/0/0/0,19764:1747647665112:,1747647682207
counter/10/0/0/0,19765:1747647665112:,1747647682207
counter/10/0/0/0,19766:1747647665112:,1747647682207
counter/10/0/0/0,19767:1747647665112:,1747647682207
counter/10/0/0/0,19768:1747647665112:,1747647682208
counter/10/0/0/0,19769:1747647665112:,1747647682208
counter/10/0/0/0,19770:1747647665112:,1747647682208
counter/10/0/0/0,19771:1747647665112:,1747647682208
counter/10/0/0/0,19772:1747647665112:,1747647682208
counter/10/0/0/0,19773:1747647665113:,1747647682208
counter/10/0/0/0,19774:1747647665113:,1747647682208
counter/10/0/0/0,19775:1747647665113:,1747647682208
counter/10/0/0/0,19776:1747647665113:,1747647682208
counter/10/0/0/0,19777:1747647665113:,1747647682208
counter/10/0/0/0,19778:1747647665113:,1747647682208
counter/10/0/0/0,19779:1747647665113:,1747647682208
counter/10/0/0/0,19780:1747647665113:,1747647682208
counter/10/0/0/0,19781:1747647665119:,1747647682208
counter/10/0/0/0,19782:1747647665119:,1747647682208
counter/10/0/0/0,19783:1747647665119:,1747647682208
counter/10/0/0/0,19784:1747647665119:,1747647682208
counter/10/0/0/0,19785:1747647665119:,1747647682208
counter/10/0/0/0,19786:1747647665119:,1747647682208
counter/10/0/0/0,19787:1747647665120:,1747647682208
counter/10/0/0/0,19788:1747647665135:,1747647682208
counter/10/0/0/0,19789:1747647665135:,1747647682208
counter/10/0/0/0,19790:1747647665141:,1747647682208
counter/10/0/0/0,19791:1747647665141:,1747647682208
counter/7/0/0/0,20728:1747647665839:,1747647682208
counter/10/0/0/0,19792:1747647665141:,1747647682208
counter/6/0/0/0,21301:1747647667873:,1747647682208
counter/2/0/0/0,25000:1747647670673:,1747647682208
counter/10/0/0/0,19793:1747647665141:,1747647682208
counter/6/0/0/0,21302:1747647667873:,1747647682208
counter/10/0/0/0,19794:1747647665141:,1747647682208
counter/6/0/0/0,21303:1747647667873:,1747647682208
counter/3/0/0/0,21058:1747647667628:,1747647682208
counter/10/0/0/0,19795:1747647665141:,1747647682208
counter/6/0/0/0,21304:1747647667873:,1747647682208
counter/5/0/0/0,22346:1747647667665:,1747647682208
counter/10/0/0/0,19796:1747647665141:,1747647682208
counter/10/0/0/0,19797:1747647665141:,1747647682208
counter/10/0/0/0,19798:1747647665148:,1747647682208
counter/10/0/0/0,19799:1747647665148:,1747647682208
counter/10/0/0/0,19800:1747647665149:,1747647682209
counter/10/0/0/0,19801:1747647665149:,1747647682209
counter/10/0/0/0,19802:1747647665149:,1747647682209
counter/10/0/0/0,19803:1747647665149:,1747647682209
counter/10/0/0/0,19804:1747647665149:,1747647682209
counter/10/0/0/0,19805:1747647665151:,1747647682209
counter/10/0/0/0,19806:1747647665151:,1747647682209
counter/10/0/0/0,19807:1747647665151:,1747647682209
counter/10/0/0/0,19808:1747647665151:,1747647682209
counter/10/0/0/0,19809:1747647665152:,1747647682209
counter/10/0/0/0,19810:1747647665152:,1747647682209
counter/10/0/0/0,19811:1747647665153:,1747647682209
counter/10/0/0/0,19812:1747647665153:,1747647682209
counter/10/0/0/0,19813:1747647665155:,1747647682209
counter/10/0/0/0,19814:1747647665155:,1747647682209
counter/10/0/0/0,19815:1747647665155:,1747647682209
counter/10/0/0/0,19816:1747647665155:,1747647682209
counter/10/0/0/0,19817:1747647665155:,1747647682209
counter/10/0/0/0,19818:1747647665155:,1747647682209
counter/10/0/0/0,19819:1747647665155:,1747647682209
counter/10/0/0/0,19820:1747647665155:,1747647682209
counter/10/0/0/0,19821:1747647665155:,1747647682209
counter/10/0/0/0,19822:1747647665155:,1747647682209
counter/10/0/0/0,19823:1747647665155:,1747647682209
counter/10/0/0/0,19824:1747647665155:,1747647682209
counter/10/0/0/0,19825:1747647665155:,1747647682209
counter/10/0/0/0,19826:1747647665155:,1747647682209
counter/10/0/0/0,19827:1747647665155:,1747647682209
counter/10/0/0/0,19828:1747647665155:,1747647682209
counter/10/0/0/0,19829:1747647665155:,1747647682209
counter/10/0/0/0,19830:1747647665155:,1747647682209
counter/10/0/0/0,19831:1747647665155:,1747647682209
counter/10/0/0/0,19832:1747647665172:,1747647682209
counter/10/0/0/0,19833:1747647665172:,1747647682209
counter/10/0/0/0,19834:1747647665172:,1747647682209
counter/10/0/0/0,19835:1747647665172:,1747647682209
counter/10/0/0/0,19836:1747647665172:,1747647682209
counter/10/0/0/0,19837:1747647665172:,1747647682209
counter/10/0/0/0,19838:1747647665180:,1747647682210
counter/10/0/0/0,19839:1747647665180:,1747647682210
counter/10/0/0/0,19840:1747647665180:,1747647682210
counter/10/0/0/0,19841:1747647665180:,1747647682210
counter/10/0/0/0,19842:1747647665184:,1747647682210
counter/10/0/0/0,19843:1747647665184:,1747647682210
counter/10/0/0/0,19844:1747647665184:,1747647682210
counter/10/0/0/0,19845:1747647665184:,1747647682210
counter/10/0/0/0,19846:1747647665184:,1747647682210
counter/10/0/0/0,19847:1747647665184:,1747647682210
counter/10/0/0/0,19848:1747647665184:,1747647682210
counter/10/0/0/0,19849:1747647665184:,1747647682210
counter/10/0/0/0,19850:1747647665184:,1747647682210
counter/10/0/0/0,19851:1747647665184:,1747647682210
counter/10/0/0/0,19852:1747647665184:,1747647682210
counter/10/0/0/0,19853:1747647665184:,1747647682210
counter/10/0/0/0,19854:1747647665184:,1747647682210
counter/10/0/0/0,19855:1747647665186:,1747647682210
counter/10/0/0/0,19856:1747647665186:,1747647682210
counter/4/0/0/0,19445:1747647666740:,1747647682210
counter/10/0/0/0,19857:1747647665186:,1747647682210
counter/7/0/0/0,20729:1747647665839:,1747647682210
counter/5/0/0/0,22347:1747647667665:,1747647682210
counter/10/0/0/0,19858:1747647665186:,1747647682210
counter/5/0/0/0,22348:1747647667665:,1747647682210
counter/10/0/0/0,19859:1747647665186:,1747647682210
counter/5/0/0/0,22349:1747647667665:,1747647682210
counter/10/0/0/0,19860:1747647665186:,1747647682210
counter/5/0/0/0,22350:1747647667666:,1747647682210
counter/10/0/0/0,19861:1747647665188:,1747647682210
counter/5/0/0/0,22351:1747647667666:,1747647682210
counter/10/0/0/0,19862:1747647665188:,1747647682210
counter/5/0/0/0,22352:1747647667670:,1747647682210
counter/10/0/0/0,19863:1747647665188:,1747647682210
counter/5/0/0/0,22353:1747647667670:,1747647682210
counter/10/0/0/0,19864:1747647665188:,1747647682210
counter/5/0/0/0,22354:1747647667670:,1747647682210
counter/10/0/0/0,19865:1747647665188:,1747647682210
counter/5/0/0/0,22355:1747647667670:,1747647682210
counter/10/0/0/0,19866:1747647665188:,1747647682210
counter/5/0/0/0,22356:1747647667670:,1747647682211
counter/9/0/0/0,26298:1747647670175:,1747647682211
counter/6/0/0/0,21305:1747647667873:,1747647682211
counter/10/0/0/0,19867:1747647665188:,1747647682211
counter/5/0/0/0,22357:1747647667670:,1747647682211
counter/4/0/0/0,19446:1747647666740:,1747647682211
counter/7/0/0/0,20730:1747647665839:,1747647682211
counter/10/0/0/0,19868:1747647665188:,1747647682211
counter/5/0/0/0,22358:1747647667671:,1747647682211
counter/10/0/0/0,19869:1747647665188:,1747647682211
counter/5/0/0/0,22359:1747647667671:,1747647682211
counter/10/0/0/0,19870:1747647665188:,1747647682211
counter/4/0/0/0,19447:1747647666740:,1747647682211
counter/10/0/0/0,19871:1747647665188:,1747647682211
counter/3/0/0/0,21059:1747647667628:,1747647682211
counter/10/0/0/0,19872:1747647665188:,1747647682211
counter/10/0/0/0,19873:1747647665188:,1747647682211
counter/10/0/0/0,19874:1747647665188:,1747647682211
counter/10/0/0/0,19875:1747647665188:,1747647682211
counter/10/0/0/0,19876:1747647665188:,1747647682211
counter/10/0/0/0,19877:1747647665191:,1747647682211
counter/10/0/0/0,19878:1747647665192:,1747647682211
counter/10/0/0/0,19879:1747647665192:,1747647682211
counter/10/0/0/0,19880:1747647665192:,1747647682211
counter/10/0/0/0,19881:1747647665192:,1747647682211
counter/9/0/0/0,26299:1747647670175:,1747647682211
counter/10/0/0/0,19882:1747647665192:,1747647682211
counter/3/0/0/0,21060:1747647667628:,1747647682211
counter/10/0/0/0,19883:1747647665192:,1747647682211
counter/2/0/0/0,25001:1747647670673:,1747647682211
counter/10/0/0/0,19884:1747647665192:,1747647682211
counter/10/0/0/0,19885:1747647665192:,1747647682211
counter/10/0/0/0,19886:1747647665192:,1747647682211
counter/10/0/0/0,19887:1747647665192:,1747647682211
counter/10/0/0/0,19888:1747647665192:,1747647682211
counter/8/0/0/0,23511:1747647667922:,1747647682211
counter/10/0/0/0,19889:1747647665192:,1747647682211
counter/8/0/0/0,23512:1747647667922:,1747647682211
counter/4/0/0/0,19448:1747647666740:,1747647682211
counter/10/0/0/0,19890:1747647665192:,1747647682212
counter/8/0/0/0,23513:1747647667922:,1747647682212
counter/5/0/0/0,22360:1747647667671:,1747647682212
counter/10/0/0/0,19891:1747647665192:,1747647682212
counter/8/0/0/0,23514:1747647667927:,1747647682212
counter/9/0/0/0,26300:1747647670175:,1747647682212
counter/6/0/0/0,21306:1747647667873:,1747647682212
counter/10/0/0/0,19892:1747647665192:,1747647682212
counter/9/0/0/0,26301:1747647670175:,1747647682212
counter/2/0/0/0,25002:1747647670674:,1747647682212
counter/10/0/0/0,19893:1747647665192:,1747647682212
counter/9/0/0/0,26302:1747647670175:,1747647682212
counter/5/0/0/0,22361:1747647667671:,1747647682212
counter/10/0/0/0,19894:1747647665192:,1747647682212
counter/9/0/0/0,26303:1747647670175:,1747647682212
counter/10/0/0/0,19895:1747647665192:,1747647682212
counter/9/0/0/0,26304:1747647670175:,1747647682212
counter/10/0/0/0,19896:1747647665192:,1747647682212
counter/9/0/0/0,26305:1747647670175:,1747647682212
counter/2/0/0/0,25003:1747647670674:,1747647682212
counter/10/0/0/0,19897:1747647665192:,1747647682212
counter/9/0/0/0,26306:1747647670175:,1747647682212
counter/7/0/0/0,20731:1747647665839:,1747647682212
counter/10/0/0/0,19898:1747647665192:,1747647682212
counter/9/0/0/0,26307:1747647670175:,1747647682212
counter/10/0/0/0,19899:1747647665192:,1747647682212
counter/9/0/0/0,26308:1747647670175:,1747647682212
counter/10/0/0/0,19900:1747647665192:,1747647682212
counter/9/0/0/0,26309:1747647670175:,1747647682212
counter/10/0/0/0,19901:1747647665192:,1747647682212
counter/9/0/0/0,26310:1747647670175:,1747647682212
counter/10/0/0/0,19902:1747647665193:,1747647682212
counter/9/0/0/0,26311:1747647670175:,1747647682212
counter/10/0/0/0,19903:1747647665193:,1747647682212
counter/10/0/0/0,19904:1747647665204:,1747647682212
counter/9/0/0/0,26312:1747647670175:,1747647682212
counter/10/0/0/0,19905:1747647665204:,1747647682212
counter/9/0/0/0,26313:1747647670175:,1747647682212
counter/10/0/0/0,19906:1747647665204:,1747647682213
counter/9/0/0/0,26314:1747647670175:,1747647682213
counter/10/0/0/0,19907:1747647665204:,1747647682213
counter/9/0/0/0,26315:1747647670175:,1747647682213
counter/10/0/0/0,19908:1747647665204:,1747647682213
counter/9/0/0/0,26316:1747647670176:,1747647682213
counter/4/0/0/0,19449:1747647666740:,1747647682213
counter/10/0/0/0,19909:1747647665204:,1747647682213
counter/9/0/0/0,26317:1747647670176:,1747647682213
counter/6/0/0/0,21307:1747647667873:,1747647682213
counter/3/0/0/0,21061:1747647667631:,1747647682213
counter/10/0/0/0,19910:1747647665204:,1747647682213
counter/9/0/0/0,26318:1747647670176:,1747647682213
counter/5/0/0/0,22362:1747647667671:,1747647682213
counter/10/0/0/0,19911:1747647665204:,1747647682213
counter/9/0/0/0,26319:1747647670176:,1747647682213
counter/2/0/0/0,25004:1747647670674:,1747647682213
counter/8/0/0/0,23515:1747647667928:,1747647682213
counter/10/0/0/0,19912:1747647665204:,1747647682213
counter/4/0/0/0,19450:1747647666740:,1747647682213
counter/10/0/0/0,19913:1747647665204:,1747647682213
counter/4/0/0/0,19451:1747647666740:,1747647682213
counter/10/0/0/0,19914:1747647665204:,1747647682213
counter/4/0/0/0,19452:1747647666741:,1747647682213
counter/10/0/0/0,19915:1747647665204:,1747647682213
counter/4/0/0/0,19453:1747647666744:,1747647682213
counter/10/0/0/0,19916:1747647665205:,1747647682213
counter/4/0/0/0,19454:1747647666754:,1747647682213
counter/10/0/0/0,19917:1747647665205:,1747647682213
counter/4/0/0/0,19455:1747647666754:,1747647682213
counter/10/0/0/0,19918:1747647665205:,1747647682213
counter/4/0/0/0,19456:1747647666754:,1747647682213
counter/7/0/0/0,20732:1747647665839:,1747647682213
counter/10/0/0/0,19919:1747647665205:,1747647682213
counter/4/0/0/0,19457:1747647666754:,1747647682213
counter/2/0/0/0,25005:1747647670674:,1747647682213
counter/5/0/0/0,22363:1747647667671:,1747647682213
counter/10/0/0/0,19920:1747647665205:,1747647682213
counter/4/0/0/0,19458:1747647666754:,1747647682213
counter/5/0/0/0,22364:1747647667671:,1747647682213
counter/10/0/0/0,19921:1747647665205:,1747647682213
counter/4/0/0/0,19459:1747647666754:,1747647682214
counter/5/0/0/0,22365:1747647667671:,1747647682214
counter/10/0/0/0,19922:1747647665205:,1747647682214
counter/4/0/0/0,19460:1747647666754:,1747647682214
counter/5/0/0/0,22366:1747647667671:,1747647682214
counter/10/0/0/0,19923:1747647665205:,1747647682214
counter/4/0/0/0,19461:1747647666754:,1747647682214
counter/5/0/0/0,22367:1747647667671:,1747647682214
counter/10/0/0/0,19924:1747647665205:,1747647682214
counter/4/0/0/0,19462:1747647666754:,1747647682214
counter/5/0/0/0,22368:1747647667671:,1747647682214
counter/10/0/0/0,19925:1747647665205:,1747647682214
counter/4/0/0/0,19463:1747647666754:,1747647682214
counter/5/0/0/0,22369:1747647667671:,1747647682214
counter/10/0/0/0,19926:1747647665205:,1747647682214
counter/4/0/0/0,19464:1747647666754:,1747647682214
counter/10/0/0/0,19927:1747647665205:,1747647682214
counter/4/0/0/0,19465:1747647666754:,1747647682214
counter/10/0/0/0,19928:1747647665205:,1747647682214
counter/4/0/0/0,19466:1747647666763:,1747647682214
counter/10/0/0/0,19929:1747647665205:,1747647682214
counter/4/0/0/0,19467:1747647666763:,1747647682214
counter/10/0/0/0,19930:1747647665205:,1747647682214
counter/4/0/0/0,19468:1747647666763:,1747647682214
counter/10/0/0/0,19931:1747647665205:,1747647682214
counter/4/0/0/0,19469:1747647666763:,1747647682214
counter/10/0/0/0,19932:1747647665205:,1747647682214
counter/4/0/0/0,19470:1747647666765:,1747647682214
counter/10/0/0/0,19933:1747647665205:,1747647682214
counter/4/0/0/0,19471:1747647666765:,1747647682214
counter/10/0/0/0,19934:1747647665206:,1747647682214
counter/4/0/0/0,19472:1747647666765:,1747647682214
counter/10/0/0/0,19935:1747647665206:,1747647682214
counter/4/0/0/0,19473:1747647666765:,1747647682214
counter/10/0/0/0,19936:1747647665206:,1747647682214
counter/4/0/0/0,19474:1747647666765:,1747647682214
counter/10/0/0/0,19937:1747647665206:,1747647682214
counter/4/0/0/0,19475:1747647666765:,1747647682215
counter/10/0/0/0,19938:1747647665206:,1747647682215
counter/4/0/0/0,19476:1747647666765:,1747647682215
counter/10/0/0/0,19939:1747647665206:,1747647682215
counter/4/0/0/0,19477:1747647666787:,1747647682215
counter/10/0/0/0,19940:1747647665206:,1747647682215
counter/4/0/0/0,19478:1747647666789:,1747647682215
counter/10/0/0/0,19941:1747647665206:,1747647682215
counter/4/0/0/0,19479:1747647666790:,1747647682215
counter/10/0/0/0,19942:1747647665206:,1747647682215
counter/4/0/0/0,19480:1747647666790:,1747647682215
counter/10/0/0/0,19943:1747647665206:,1747647682215
counter/4/0/0/0,19481:1747647666790:,1747647682215
counter/10/0/0/0,19944:1747647665206:,1747647682215
counter/4/0/0/0,19482:1747647666791:,1747647682215
counter/10/0/0/0,19945:1747647665206:,1747647682215
counter/4/0/0/0,19483:1747647666791:,1747647682215
counter/10/0/0/0,19946:1747647665206:,1747647682215
counter/4/0/0/0,19484:1747647666791:,1747647682215
counter/10/0/0/0,19947:1747647665206:,1747647682215
counter/4/0/0/0,19485:1747647666791:,1747647682215
counter/8/0/0/0,23516:1747647667928:,1747647682215
counter/10/0/0/0,19948:1747647665206:,1747647682215
counter/4/0/0/0,19486:1747647666791:,1747647682215
counter/2/0/0/0,25006:1747647670674:,1747647682215
counter/3/0/0/0,21062:1747647667631:,1747647682215
counter/10/0/0/0,19949:1747647665206:,1747647682215
counter/4/0/0/0,19487:1747647666800:,1747647682215
counter/6/0/0/0,21308:1747647667873:,1747647682215
counter/9/0/0/0,26320:1747647670176:,1747647682215
counter/10/0/0/0,19950:1747647665206:,1747647682215
counter/4/0/0/0,19488:1747647666800:,1747647682215
counter/10/0/0/0,19951:1747647665206:,1747647682215
counter/4/0/0/0,19489:1747647666800:,1747647682215
counter/10/0/0/0,19952:1747647665206:,1747647682215
counter/4/0/0/0,19490:1747647666800:,1747647682215
counter/3/0/0/0,21063:1747647667631:,1747647682215
counter/10/0/0/0,19953:1747647665206:,1747647682215
counter/4/0/0/0,19491:1747647666800:,1747647682215
counter/6/0/0/0,21309:1747647667873:,1747647682215
counter/9/0/0/0,26321:1747647670176:,1747647682215
counter/10/0/0/0,19954:1747647665206:,1747647682216
counter/4/0/0/0,19492:1747647666800:,1747647682216
counter/5/0/0/0,22370:1747647667671:,1747647682216
counter/7/0/0/0,20733:1747647665839:,1747647682216
counter/10/0/0/0,19955:1747647665206:,1747647682216
counter/4/0/0/0,19493:1747647666800:,1747647682216
counter/10/0/0/0,19956:1747647665206:,1747647682216
counter/4/0/0/0,19494:1747647666800:,1747647682216
counter/10/0/0/0,19957:1747647665206:,1747647682216
counter/4/0/0/0,19495:1747647666800:,1747647682216
counter/10/0/0/0,19958:1747647665206:,1747647682216
counter/4/0/0/0,19496:1747647666800:,1747647682216
counter/10/0/0/0,19959:1747647665206:,1747647682216
counter/4/0/0/0,19497:1747647666800:,1747647682216
counter/10/0/0/0,19960:1747647665209:,1747647682216
counter/4/0/0/0,19498:1747647666811:,1747647682216
counter/10/0/0/0,19961:1747647665209:,1747647682216
counter/4/0/0/0,19499:1747647666811:,1747647682216
counter/4/0/0/0,19500:1747647666811:,1747647682216
counter/4/0/0/0,19501:1747647666811:,1747647682216
counter/4/0/0/0,19502:1747647666811:,1747647682216
counter/4/0/0/0,19503:1747647666811:,1747647682216
counter/4/0/0/0,19504:1747647666811:,1747647682216
counter/4/0/0/0,19505:1747647666811:,1747647682216
counter/4/0/0/0,19506:1747647666811:,1747647682216
counter/4/0/0/0,19507:1747647666811:,1747647682216
counter/4/0/0/0,19508:1747647666811:,1747647682216
counter/4/0/0/0,19509:1747647666820:,1747647682216
counter/4/0/0/0,19510:1747647666820:,1747647682216
counter/4/0/0/0,19511:1747647666820:,1747647682216
counter/4/0/0/0,19512:1747647666820:,1747647682216
counter/4/0/0/0,19513:1747647666824:,1747647682216
counter/4/0/0/0,19514:1747647666824:,1747647682216
counter/4/0/0/0,19515:1747647666824:,1747647682216
counter/4/0/0/0,19516:1747647666824:,1747647682216
counter/4/0/0/0,19517:1747647666824:,1747647682216
counter/4/0/0/0,19518:1747647666830:,1747647682216
counter/4/0/0/0,19519:1747647666830:,1747647682216
counter/4/0/0/0,19520:1747647666830:,1747647682216
counter/4/0/0/0,19521:1747647666830:,1747647682216
counter/4/0/0/0,19522:1747647666830:,1747647682216
counter/4/0/0/0,19523:1747647666830:,1747647682217
counter/10/0/0/0,19962:1747647665209:,1747647682217
counter/4/0/0/0,19524:1747647666830:,1747647682217
counter/2/0/0/0,25007:1747647670676:,1747647682217
counter/4/0/0/0,19525:1747647666830:,1747647682217
counter/6/0/0/0,21310:1747647667885:,1747647682217
counter/3/0/0/0,21064:1747647667631:,1747647682217
counter/4/0/0/0,19526:1747647666830:,1747647682217
counter/9/0/0/0,26322:1747647670176:,1747647682217
counter/7/0/0/0,20734:1747647665839:,1747647682217
counter/4/0/0/0,19527:1747647666830:,1747647682217
counter/5/0/0/0,22371:1747647667671:,1747647682217
counter/4/0/0/0,19528:1747647666838:,1747647682217
counter/8/0/0/0,23517:1747647667929:,1747647682217
counter/4/0/0/0,19529:1747647666838:,1747647682217
counter/10/0/0/0,19963:1747647665209:,1747647682217
counter/2/0/0/0,25008:1747647670676:,1747647682217
counter/4/0/0/0,19530:1747647666838:,1747647682217
counter/6/0/0/0,21311:1747647667885:,1747647682217
counter/3/0/0/0,21065:1747647667632:,1747647682217
counter/4/0/0/0,19531:1747647666838:,1747647682217
counter/9/0/0/0,26323:1747647670176:,1747647682217
counter/7/0/0/0,20735:1747647665839:,1747647682217
counter/4/0/0/0,19532:1747647666838:,1747647682217
counter/5/0/0/0,22372:1747647667671:,1747647682217
counter/4/0/0/0,19533:1747647666838:,1747647682217
counter/4/0/0/0,19534:1747647666838:,1747647682217
counter/4/0/0/0,19535:1747647666838:,1747647682217
counter/4/0/0/0,19536:1747647666838:,1747647682217
counter/4/0/0/0,19537:1747647666838:,1747647682217
counter/4/0/0/0,19538:1747647666838:,1747647682217
counter/4/0/0/0,19539:1747647666843:,1747647682217
counter/4/0/0/0,19540:1747647666843:,1747647682217
counter/4/0/0/0,19541:1747647666843:,1747647682217
counter/4/0/0/0,19542:1747647666843:,1747647682217
counter/4/0/0/0,19543:1747647666843:,1747647682217
counter/4/0/0/0,19544:1747647666843:,1747647682217
counter/4/0/0/0,19545:1747647666843:,1747647682217
counter/4/0/0/0,19546:1747647666843:,1747647682217
counter/4/0/0/0,19547:1747647666843:,1747647682218
counter/4/0/0/0,19548:1747647666843:,1747647682218
counter/4/0/0/0,19549:1747647666844:,1747647682218
counter/4/0/0/0,19550:1747647666844:,1747647682218
counter/4/0/0/0,19551:1747647666844:,1747647682218
counter/4/0/0/0,19552:1747647666844:,1747647682218
counter/4/0/0/0,19553:1747647666844:,1747647682218
counter/4/0/0/0,19554:1747647666854:,1747647682218
counter/4/0/0/0,19555:1747647666854:,1747647682218
counter/4/0/0/0,19556:1747647666854:,1747647682218
counter/4/0/0/0,19557:1747647666854:,1747647682218
counter/4/0/0/0,19558:1747647666854:,1747647682218
counter/4/0/0/0,19559:1747647666854:,1747647682218
counter/4/0/0/0,19560:1747647666854:,1747647682218
counter/4/0/0/0,19561:1747647666854:,1747647682218
counter/4/0/0/0,19562:1747647666854:,1747647682218
counter/4/0/0/0,19563:1747647666854:,1747647682218
counter/4/0/0/0,19564:1747647666854:,1747647682218
counter/4/0/0/0,19565:1747647666863:,1747647682218
counter/4/0/0/0,19566:1747647666863:,1747647682218
counter/4/0/0/0,19567:1747647666863:,1747647682218
counter/4/0/0/0,19568:1747647666863:,1747647682218
counter/4/0/0/0,19569:1747647666863:,1747647682218
counter/4/0/0/0,19570:1747647666866:,1747647682218
counter/4/0/0/0,19571:1747647666866:,1747647682218
counter/4/0/0/0,19572:1747647666866:,1747647682218
counter/4/0/0/0,19573:1747647666866:,1747647682218
counter/4/0/0/0,19574:1747647666866:,1747647682218
counter/4/0/0/0,19575:1747647666866:,1747647682218
counter/4/0/0/0,19576:1747647666866:,1747647682218
counter/4/0/0/0,19577:1747647666866:,1747647682218
counter/4/0/0/0,19578:1747647666866:,1747647682218
counter/4/0/0/0,19579:1747647666866:,1747647682218
counter/4/0/0/0,19580:1747647666867:,1747647682218
counter/4/0/0/0,19581:1747647666867:,1747647682218
counter/4/0/0/0,19582:1747647666867:,1747647682218
counter/4/0/0/0,19583:1747647666867:,1747647682218
counter/3/0/0/0,21066:1747647667632:,1747647682218
counter/4/0/0/0,19584:1747647666867:,1747647682218
counter/9/0/0/0,26324:1747647670176:,1747647682218
counter/4/0/0/0,19585:1747647666867:,1747647682218
counter/7/0/0/0,20736:1747647665848:,1747647682219
counter/4/0/0/0,19586:1747647666867:,1747647682219
counter/5/0/0/0,22373:1747647667671:,1747647682219
counter/4/0/0/0,19587:1747647666868:,1747647682219
counter/10/0/0/0,19964:1747647665209:,1747647682219
counter/8/0/0/0,23518:1747647667929:,1747647682219
counter/4/0/0/0,19588:1747647666869:,1747647682219
counter/2/0/0/0,25009:1747647670676:,1747647682219
counter/4/0/0/0,19589:1747647666869:,1747647682219
counter/4/0/0/0,19590:1747647666869:,1747647682219
counter/4/0/0/0,19591:1747647666869:,1747647682219
counter/4/0/0/0,19592:1747647666872:,1747647682219
counter/4/0/0/0,19593:1747647666872:,1747647682219
counter/4/0/0/0,19594:1747647666872:,1747647682219
counter/4/0/0/0,19595:1747647666872:,1747647682219
counter/4/0/0/0,19596:1747647666872:,1747647682219
counter/4/0/0/0,19597:1747647666872:,1747647682219
counter/4/0/0/0,19598:1747647666872:,1747647682219
counter/4/0/0/0,19599:1747647666872:,1747647682219
counter/4/0/0/0,19600:1747647666872:,1747647682219
counter/4/0/0/0,19601:1747647666872:,1747647682219
counter/4/0/0/0,19602:1747647666872:,1747647682219
counter/4/0/0/0,19603:1747647666886:,1747647682219
counter/4/0/0/0,19604:1747647666886:,1747647682219
counter/4/0/0/0,19605:1747647666886:,1747647682219
counter/4/0/0/0,19606:1747647666896:,1747647682219
counter/4/0/0/0,19607:1747647666896:,1747647682219
counter/4/0/0/0,19608:1747647666896:,1747647682219
counter/4/0/0/0,19609:1747647666896:,1747647682219
counter/4/0/0/0,19610:1747647666896:,1747647682219
counter/4/0/0/0,19611:1747647666896:,1747647682219
counter/4/0/0/0,19612:1747647666896:,1747647682219
counter/4/0/0/0,19613:1747647666896:,1747647682219
counter/4/0/0/0,19614:1747647666897:,1747647682219
counter/4/0/0/0,19615:1747647666897:,1747647682219
counter/4/0/0/0,19616:1747647666897:,1747647682219
counter/4/0/0/0,19617:1747647666897:,1747647682220
counter/4/0/0/0,19618:1747647666897:,1747647682220
counter/4/0/0/0,19619:1747647666897:,1747647682220
counter/4/0/0/0,19620:1747647666897:,1747647682220
counter/4/0/0/0,19621:1747647666897:,1747647682220
counter/4/0/0/0,19622:1747647666920:,1747647682220
counter/4/0/0/0,19623:1747647666920:,1747647682220
counter/4/0/0/0,19624:1747647666920:,1747647682220
counter/4/0/0/0,19625:1747647666920:,1747647682220
counter/4/0/0/0,19626:1747647666920:,1747647682220
counter/4/0/0/0,19627:1747647666920:,1747647682220
counter/4/0/0/0,19628:1747647666920:,1747647682220
counter/4/0/0/0,19629:1747647666920:,1747647682220
counter/4/0/0/0,19630:1747647666936:,1747647682220
counter/4/0/0/0,19631:1747647666936:,1747647682220
counter/4/0/0/0,19632:1747647666936:,1747647682220
counter/4/0/0/0,19633:1747647666936:,1747647682220
counter/4/0/0/0,19634:1747647666936:,1747647682220
counter/4/0/0/0,19635:1747647666936:,1747647682220
counter/4/0/0/0,19636:1747647666937:,1747647682220
counter/4/0/0/0,19637:1747647666937:,1747647682220
counter/4/0/0/0,19638:1747647666937:,1747647682220
counter/4/0/0/0,19639:1747647666937:,1747647682220
counter/4/0/0/0,19640:1747647666937:,1747647682220
counter/4/0/0/0,19641:1747647666937:,1747647682220
counter/4/0/0/0,19642:1747647666938:,1747647682220
counter/4/0/0/0,19643:1747647666938:,1747647682220
counter/4/0/0/0,19644:1747647666938:,1747647682220
counter/4/0/0/0,19645:1747647666938:,1747647682220
counter/4/0/0/0,19646:1747647666938:,1747647682220
counter/4/0/0/0,19647:1747647666938:,1747647682220
counter/4/0/0/0,19648:1747647666938:,1747647682220
counter/4/0/0/0,19649:1747647666938:,1747647682220
counter/4/0/0/0,19650:1747647666938:,1747647682220
counter/4/0/0/0,19651:1747647666938:,1747647682220
counter/4/0/0/0,19652:1747647666938:,1747647682220
counter/4/0/0/0,19653:1747647666938:,1747647682220
counter/4/0/0/0,19654:1747647666938:,1747647682220
counter/4/0/0/0,19655:1747647666938:,1747647682220
counter/4/0/0/0,19656:1747647666938:,1747647682220
counter/4/0/0/0,19657:1747647666938:,1747647682220
counter/4/0/0/0,19658:1747647666938:,1747647682220
counter/4/0/0/0,19659:1747647666938:,1747647682221
counter/4/0/0/0,19660:1747647666938:,1747647682221
counter/4/0/0/0,19661:1747647666938:,1747647682221
counter/4/0/0/0,19662:1747647666938:,1747647682221
counter/4/0/0/0,19663:1747647666938:,1747647682221
counter/4/0/0/0,19664:1747647666938:,1747647682221
counter/4/0/0/0,19665:1747647666939:,1747647682221
counter/4/0/0/0,19666:1747647666944:,1747647682221
counter/4/0/0/0,19667:1747647666944:,1747647682221
counter/4/0/0/0,19668:1747647666944:,1747647682221
counter/4/0/0/0,19669:1747647666944:,1747647682221
counter/4/0/0/0,19670:1747647666944:,1747647682221
counter/4/0/0/0,19671:1747647666944:,1747647682221
counter/4/0/0/0,19672:1747647666944:,1747647682221
counter/4/0/0/0,19673:1747647666956:,1747647682221
counter/4/0/0/0,19674:1747647666958:,1747647682221
counter/4/0/0/0,19675:1747647666958:,1747647682221
counter/4/0/0/0,19676:1747647666958:,1747647682221
counter/4/0/0/0,19677:1747647666959:,1747647682221
counter/4/0/0/0,19678:1747647666959:,1747647682221
counter/4/0/0/0,19679:1747647666959:,1747647682221
counter/4/0/0/0,19680:1747647666959:,1747647682221
counter/4/0/0/0,19681:1747647666959:,1747647682221
counter/3/0/0/0,21067:1747647667632:,1747647682221
counter/4/0/0/0,19682:1747647666959:,1747647682221
counter/7/0/0/0,20737:1747647665853:,1747647682221
counter/4/0/0/0,19683:1747647666959:,1747647682221
counter/5/0/0/0,22374:1747647667671:,1747647682221
counter/4/0/0/0,19684:1747647666959:,1747647682221
counter/4/0/0/0,19685:1747647666959:,1747647682221
counter/2/0/0/0,25010:1747647670676:,1747647682221
counter/8/0/0/0,23519:1747647667929:,1747647682221
counter/4/0/0/0,19686:1747647666961:,1747647682221
counter/2/0/0/0,25011:1747647670676:,1747647682221
counter/4/0/0/0,19687:1747647666961:,1747647682221
counter/6/0/0/0,21312:1747647667885:,1747647682221
counter/4/0/0/0,19688:1747647666961:,1747647682221
counter/4/0/0/0,19689:1747647666961:,1747647682221
counter/4/0/0/0,19690:1747647666961:,1747647682221
counter/4/0/0/0,19691:1747647666961:,1747647682222
counter/4/0/0/0,19692:1747647666961:,1747647682222
counter/4/0/0/0,19693:1747647666961:,1747647682222
counter/4/0/0/0,19694:1747647666961:,1747647682222
counter/4/0/0/0,19695:1747647666965:,1747647682222
counter/4/0/0/0,19696:1747647666965:,1747647682222
counter/4/0/0/0,19697:1747647666965:,1747647682222
counter/4/0/0/0,19698:1747647666965:,1747647682222
counter/4/0/0/0,19699:1747647666965:,1747647682222
counter/4/0/0/0,19700:1747647666965:,1747647682222
counter/4/0/0/0,19701:1747647666965:,1747647682222
counter/4/0/0/0,19702:1747647666967:,1747647682222
counter/4/0/0/0,19703:1747647666967:,1747647682222
counter/4/0/0/0,19704:1747647666967:,1747647682222
counter/4/0/0/0,19705:1747647666967:,1747647682222
counter/4/0/0/0,19706:1747647666967:,1747647682222
counter/4/0/0/0,19707:1747647666967:,1747647682222
counter/4/0/0/0,19708:1747647666967:,1747647682222
counter/4/0/0/0,19709:1747647666967:,1747647682222
counter/4/0/0/0,19710:1747647666968:,1747647682222
counter/4/0/0/0,19711:1747647666968:,1747647682222
counter/4/0/0/0,19712:1747647666985:,1747647682222
counter/4/0/0/0,19713:1747647666985:,1747647682222
counter/4/0/0/0,19714:1747647666985:,1747647682222
counter/4/0/0/0,19715:1747647666985:,1747647682222
counter/9/0/0/0,26325:1747647670176:,1747647682222
counter/4/0/0/0,19716:1747647666985:,1747647682222
counter/7/0/0/0,20738:1747647665853:,1747647682222
counter/4/0/0/0,19717:1747647666985:,1747647682222
counter/10/0/0/0,19965:1747647665209:,1747647682222
counter/5/0/0/0,22375:1747647667672:,1747647682222
counter/4/0/0/0,19718:1747647666985:,1747647682222
counter/6/0/0/0,21313:1747647667885:,1747647682222
counter/8/0/0/0,23520:1747647667929:,1747647682222
counter/4/0/0/0,19719:1747647666985:,1747647682222
counter/2/0/0/0,25012:1747647670676:,1747647682222
counter/4/0/0/0,19720:1747647666985:,1747647682222
counter/4/0/0/0,19721:1747647666988:,1747647682222
counter/4/0/0/0,19722:1747647666988:,1747647682222
counter/4/0/0/0,19723:1747647666988:,1747647682222
counter/4/0/0/0,19724:1747647666988:,1747647682223
counter/4/0/0/0,19725:1747647666989:,1747647682223
counter/4/0/0/0,19726:1747647666989:,1747647682223
counter/4/0/0/0,19727:1747647666989:,1747647682223
counter/4/0/0/0,19728:1747647666992:,1747647682223
counter/4/0/0/0,19729:1747647666992:,1747647682223
counter/4/0/0/0,19730:1747647666992:,1747647682223
counter/4/0/0/0,19731:1747647666992:,1747647682223
counter/4/0/0/0,19732:1747647666992:,1747647682223
counter/4/0/0/0,19733:1747647666992:,1747647682223
counter/4/0/0/0,19734:1747647666992:,1747647682223
counter/4/0/0/0,19735:1747647666992:,1747647682223
counter/4/0/0/0,19736:1747647666992:,1747647682223
counter/4/0/0/0,19737:1747647666992:,1747647682223
counter/4/0/0/0,19738:1747647666992:,1747647682223
counter/4/0/0/0,19739:1747647666992:,1747647682223
counter/4/0/0/0,19740:1747647666992:,1747647682223
counter/4/0/0/0,19741:1747647666993:,1747647682223
counter/4/0/0/0,19742:1747647666993:,1747647682223
counter/4/0/0/0,19743:1747647666993:,1747647682223
counter/4/0/0/0,19744:1747647666993:,1747647682223
counter/4/0/0/0,19745:1747647666993:,1747647682223
counter/4/0/0/0,19746:1747647666993:,1747647682223
counter/4/0/0/0,19747:1747647666993:,1747647682223
counter/4/0/0/0,19748:1747647666993:,1747647682223
counter/4/0/0/0,19749:1747647666995:,1747647682223
counter/4/0/0/0,19750:1747647667000:,1747647682223
counter/4/0/0/0,19751:1747647667000:,1747647682223
counter/4/0/0/0,19752:1747647667000:,1747647682223
counter/4/0/0/0,19753:1747647667000:,1747647682223
counter/4/0/0/0,19754:1747647667000:,1747647682223
counter/4/0/0/0,19755:1747647667000:,1747647682223
counter/4/0/0/0,19756:1747647667000:,1747647682223
counter/4/0/0/0,19757:1747647667000:,1747647682223
counter/4/0/0/0,19758:1747647667000:,1747647682223
counter/4/0/0/0,19759:1747647667001:,1747647682223
counter/4/0/0/0,19760:1747647667001:,1747647682223
counter/4/0/0/0,19761:1747647667001:,1747647682223
counter/10/0/0/0,19966:1747647665209:,1747647682223
counter/4/0/0/0,19762:1747647667001:,1747647682224
counter/8/0/0/0,23521:1747647667929:,1747647682224
counter/4/0/0/0,19763:1747647667001:,1747647682224
counter/2/0/0/0,25013:1747647670676:,1747647682224
counter/3/0/0/0,21068:1747647667632:,1747647682224
counter/4/0/0/0,19764:1747647667001:,1747647682224
counter/9/0/0/0,26326:1747647670176:,1747647682224
counter/7/0/0/0,20739:1747647665853:,1747647682224
counter/4/0/0/0,19765:1747647667001:,1747647682224
counter/5/0/0/0,22376:1747647667672:,1747647682224
counter/6/0/0/0,21314:1747647667885:,1747647682224
counter/4/0/0/0,19766:1747647667001:,1747647682224
counter/6/0/0/0,21315:1747647667885:,1747647682224
counter/4/0/0/0,19767:1747647667003:,1747647682224
counter/6/0/0/0,21316:1747647667885:,1747647682224
counter/4/0/0/0,19768:1747647667004:,1747647682224
counter/6/0/0/0,21317:1747647667885:,1747647682224
counter/7/0/0/0,20740:1747647665853:,1747647682224
counter/4/0/0/0,19769:1747647667005:,1747647682224
counter/6/0/0/0,21318:1747647667885:,1747647682224
counter/5/0/0/0,22377:1747647667672:,1747647682224
counter/4/0/0/0,19770:1747647667010:,1747647682224
counter/6/0/0/0,21319:1747647667885:,1747647682224
counter/4/0/0/0,19771:1747647667022:,1747647682224
counter/6/0/0/0,21320:1747647667885:,1747647682224
counter/4/0/0/0,19772:1747647667022:,1747647682224
counter/6/0/0/0,21321:1747647667885:,1747647682224
counter/4/0/0/0,19773:1747647667022:,1747647682224
counter/4/0/0/0,19774:1747647667022:,1747647682224
counter/4/0/0/0,19775:1747647667036:,1747647682224
counter/4/0/0/0,19776:1747647667036:,1747647682224
counter/4/0/0/0,19777:1747647667036:,1747647682224
counter/4/0/0/0,19778:1747647667037:,1747647682224
counter/4/0/0/0,19779:1747647667037:,1747647682224
counter/4/0/0/0,19780:1747647667037:,1747647682224
counter/4/0/0/0,19781:1747647667037:,1747647682224
counter/4/0/0/0,19782:1747647667037:,1747647682224
counter/4/0/0/0,19783:1747647667037:,1747647682224
counter/4/0/0/0,19784:1747647667037:,1747647682225
counter/4/0/0/0,19785:1747647667037:,1747647682225
counter/4/0/0/0,19786:1747647667037:,1747647682225
counter/4/0/0/0,19787:1747647667037:,1747647682225
counter/4/0/0/0,19788:1747647667037:,1747647682225
counter/4/0/0/0,19789:1747647667037:,1747647682225
counter/4/0/0/0,19790:1747647667038:,1747647682225
counter/4/0/0/0,19791:1747647667038:,1747647682225
counter/4/0/0/0,19792:1747647667038:,1747647682225
counter/4/0/0/0,19793:1747647667039:,1747647682225
counter/4/0/0/0,19794:1747647667039:,1747647682225
counter/4/0/0/0,19795:1747647667039:,1747647682225
counter/4/0/0/0,19796:1747647667039:,1747647682225
counter/4/0/0/0,19797:1747647667040:,1747647682225
counter/4/0/0/0,19798:1747647667040:,1747647682225
counter/6/0/0/0,21322:1747647667885:,1747647682225
counter/4/0/0/0,19799:1747647667040:,1747647682225
counter/6/0/0/0,21323:1747647667885:,1747647682225
counter/5/0/0/0,22378:1747647667672:,1747647682225
counter/4/0/0/0,19800:1747647667040:,1747647682225
counter/6/0/0/0,21324:1747647667885:,1747647682225
counter/7/0/0/0,20741:1747647665853:,1747647682225
counter/4/0/0/0,19801:1747647667041:,1747647682225
counter/6/0/0/0,21325:1747647667885:,1747647682225
counter/9/0/0/0,26327:1747647670176:,1747647682225
counter/4/0/0/0,19802:1747647667041:,1747647682225
counter/6/0/0/0,21326:1747647667889:,1747647682225
counter/4/0/0/0,19803:1747647667041:,1747647682225
counter/4/0/0/0,19804:1747647667041:,1747647682225
counter/3/0/0/0,21069:1747647667632:,1747647682225
counter/4/0/0/0,19805:1747647667041:,1747647682225
counter/2/0/0/0,25014:1747647670676:,1747647682225
counter/4/0/0/0,19806:1747647667041:,1747647682225
counter/7/0/0/0,20742:1747647665853:,1747647682225
counter/4/0/0/0,19807:1747647667041:,1747647682225
counter/4/0/0/0,19808:1747647667041:,1747647682225
counter/4/0/0/0,19809:1747647667041:,1747647682225
counter/4/0/0/0,19810:1747647667041:,1747647682225
counter/4/0/0/0,19811:1747647667041:,1747647682225
counter/4/0/0/0,19812:1747647667041:,1747647682225
counter/2/0/0/0,25015:1747647670677:,1747647682225
counter/4/0/0/0,19813:1747647667041:,1747647682225
counter/7/0/0/0,20743:1747647665869:,1747647682225
counter/4/0/0/0,19814:1747647667041:,1747647682226
counter/7/0/0/0,20744:1747647665875:,1747647682226
counter/4/0/0/0,19815:1747647667041:,1747647682226
counter/7/0/0/0,20745:1747647665879:,1747647682226
counter/4/0/0/0,19816:1747647667041:,1747647682226
counter/7/0/0/0,20746:1747647665879:,1747647682226
counter/4/0/0/0,19817:1747647667041:,1747647682226
counter/7/0/0/0,20747:1747647665879:,1747647682226
counter/4/0/0/0,19818:1747647667041:,1747647682226
counter/7/0/0/0,20748:1747647665879:,1747647682226
counter/4/0/0/0,19819:1747647667042:,1747647682226
counter/7/0/0/0,20749:1747647665892:,1747647682226
counter/5/0/0/0,22379:1747647667672:,1747647682226
counter/4/0/0/0,19820:1747647667042:,1747647682226
counter/7/0/0/0,20750:1747647665892:,1747647682226
counter/10/0/0/0,19967:1747647665209:,1747647682226
counter/4/0/0/0,19821:1747647667042:,1747647682226
counter/7/0/0/0,20751:1747647665892:,1747647682226
counter/3/0/0/0,21070:1747647667632:,1747647682226
counter/4/0/0/0,19822:1747647667042:,1747647682226
counter/7/0/0/0,20752:1747647665893:,1747647682226
counter/4/0/0/0,19823:1747647667042:,1747647682226
counter/7/0/0/0,20753:1747647665893:,1747647682226
counter/4/0/0/0,19824:1747647667042:,1747647682226
counter/7/0/0/0,20754:1747647665893:,1747647682226
counter/4/0/0/0,19825:1747647667042:,1747647682226
counter/4/0/0/0,19826:1747647667042:,1747647682226
counter/4/0/0/0,19827:1747647667042:,1747647682226
counter/4/0/0/0,19828:1747647667042:,1747647682226
counter/4/0/0/0,19829:1747647667042:,1747647682226
counter/4/0/0/0,19830:1747647667042:,1747647682226
counter/4/0/0/0,19831:1747647667042:,1747647682226
counter/4/0/0/0,19832:1747647667042:,1747647682226
counter/4/0/0/0,19833:1747647667046:,1747647682226
counter/4/0/0/0,19834:1747647667046:,1747647682226
counter/4/0/0/0,19835:1747647667046:,1747647682226
counter/4/0/0/0,19836:1747647667046:,1747647682226
counter/4/0/0/0,19837:1747647667046:,1747647682226
counter/4/0/0/0,19838:1747647667050:,1747647682226
counter/4/0/0/0,19839:1747647667051:,1747647682226
counter/4/0/0/0,19840:1747647667051:,1747647682226
counter/4/0/0/0,19841:1747647667051:,1747647682227
counter/4/0/0/0,19842:1747647667051:,1747647682227
counter/4/0/0/0,19843:1747647667051:,1747647682227
counter/4/0/0/0,19844:1747647667051:,1747647682227
counter/4/0/0/0,19845:1747647667051:,1747647682227
counter/4/0/0/0,19846:1747647667051:,1747647682227
counter/4/0/0/0,19847:1747647667051:,1747647682227
counter/4/0/0/0,19848:1747647667054:,1747647682227
counter/6/0/0/0,21327:1747647667889:,1747647682227
counter/6/0/0/0,21328:1747647667889:,1747647682227
counter/9/0/0/0,26328:1747647670176:,1747647682227
counter/3/0/0/0,21071:1747647667642:,1747647682227
counter/5/0/0/0,22380:1747647667672:,1747647682227
counter/3/0/0/0,21072:1747647667643:,1747647682227
counter/3/0/0/0,21073:1747647667643:,1747647682227
counter/3/0/0/0,21074:1747647667643:,1747647682227
counter/3/0/0/0,21075:1747647667643:,1747647682227
counter/3/0/0/0,21076:1747647667644:,1747647682227
counter/3/0/0/0,21077:1747647667644:,1747647682227
counter/3/0/0/0,21078:1747647667644:,1747647682227
counter/3/0/0/0,21079:1747647667644:,1747647682227
counter/3/0/0/0,21080:1747647667644:,1747647682227
counter/3/0/0/0,21081:1747647667644:,1747647682227
counter/3/0/0/0,21082:1747647667644:,1747647682227
counter/3/0/0/0,21083:1747647667651:,1747647682227
counter/3/0/0/0,21084:1747647667651:,1747647682227
counter/3/0/0/0,21085:1747647667651:,1747647682227
counter/3/0/0/0,21086:1747647667652:,1747647682227
counter/3/0/0/0,21087:1747647667652:,1747647682227
counter/3/0/0/0,21088:1747647667652:,1747647682227
counter/3/0/0/0,21089:1747647667652:,1747647682227
counter/3/0/0/0,21090:1747647667652:,1747647682227
counter/3/0/0/0,21091:1747647667652:,1747647682227
counter/3/0/0/0,21092:1747647667652:,1747647682227
counter/3/0/0/0,21093:1747647667652:,1747647682227
counter/3/0/0/0,21094:1747647667652:,1747647682227
counter/3/0/0/0,21095:1747647667652:,1747647682227
counter/3/0/0/0,21096:1747647667652:,1747647682228
counter/3/0/0/0,21097:1747647667652:,1747647682228
counter/3/0/0/0,21098:1747647667652:,1747647682228
counter/3/0/0/0,21099:1747647667678:,1747647682228
counter/3/0/0/0,21100:1747647667678:,1747647682228
counter/3/0/0/0,21101:1747647667678:,1747647682228
counter/3/0/0/0,21102:1747647667678:,1747647682228
counter/3/0/0/0,21103:1747647667678:,1747647682228
counter/3/0/0/0,21104:1747647667678:,1747647682228
counter/3/0/0/0,21105:1747647667678:,1747647682228
counter/3/0/0/0,21106:1747647667678:,1747647682228
counter/3/0/0/0,21107:1747647667678:,1747647682228
counter/3/0/0/0,21108:1747647667678:,1747647682228
counter/3/0/0/0,21109:1747647667678:,1747647682228
counter/3/0/0/0,21110:1747647667678:,1747647682228
counter/3/0/0/0,21111:1747647667678:,1747647682228
counter/5/0/0/0,22381:1747647667687:,1747647682228
counter/3/0/0/0,21112:1747647667678:,1747647682228
counter/3/0/0/0,21113:1747647667678:,1747647682228
counter/8/0/0/0,23522:1747647667929:,1747647682228
counter/3/0/0/0,21114:1747647667679:,1747647682228
counter/6/0/0/0,21329:1747647667889:,1747647682228
counter/9/0/0/0,26329:1747647670176:,1747647682228
counter/3/0/0/0,21115:1747647667679:,1747647682228
counter/7/0/0/0,20755:1747647665893:,1747647682228
counter/3/0/0/0,21116:1747647667679:,1747647682228
counter/10/0/0/0,19968:1747647665213:,1747647682228
counter/3/0/0/0,21117:1747647667684:,1747647682228
counter/3/0/0/0,21118:1747647667684:,1747647682228
counter/3/0/0/0,21119:1747647667684:,1747647682228
counter/3/0/0/0,21120:1747647667684:,1747647682228
counter/3/0/0/0,21121:1747647667684:,1747647682228
counter/3/0/0/0,21122:1747647667684:,1747647682228
counter/3/0/0/0,21123:1747647667684:,1747647682228
counter/3/0/0/0,21124:1747647667684:,1747647682228
counter/3/0/0/0,21125:1747647667684:,1747647682228
counter/3/0/0/0,21126:1747647667684:,1747647682228
counter/3/0/0/0,21127:1747647667684:,1747647682228
counter/3/0/0/0,21128:1747647667684:,1747647682228
counter/3/0/0/0,21129:1747647667684:,1747647682228
counter/3/0/0/0,21130:1747647667684:,1747647682228
counter/3/0/0/0,21131:1747647667684:,1747647682228
counter/3/0/0/0,21132:1747647667684:,1747647682228
counter/3/0/0/0,21133:1747647667684:,1747647682229
counter/3/0/0/0,21134:1747647667684:,1747647682229
counter/3/0/0/0,21135:1747647667684:,1747647682229
counter/3/0/0/0,21136:1747647667684:,1747647682229
counter/3/0/0/0,21137:1747647667684:,1747647682229
counter/3/0/0/0,21138:1747647667685:,1747647682229
counter/3/0/0/0,21139:1747647667685:,1747647682229
counter/3/0/0/0,21140:1747647667685:,1747647682229
counter/3/0/0/0,21141:1747647667692:,1747647682229
counter/3/0/0/0,21142:1747647667692:,1747647682229
counter/3/0/0/0,21143:1747647667692:,1747647682229
counter/3/0/0/0,21144:1747647667692:,1747647682229
counter/3/0/0/0,21145:1747647667692:,1747647682229
counter/3/0/0/0,21146:1747647667692:,1747647682229
counter/3/0/0/0,21147:1747647667692:,1747647682229
counter/3/0/0/0,21148:1747647667692:,1747647682229
counter/3/0/0/0,21149:1747647667692:,1747647682229
counter/3/0/0/0,21150:1747647667692:,1747647682229
counter/7/0/0/0,20756:1747647665893:,1747647682229
counter/3/0/0/0,21151:1747647667692:,1747647682229
counter/2/0/0/0,25016:1747647670677:,1747647682229
counter/3/0/0/0,21152:1747647667692:,1747647682229
counter/5/0/0/0,22382:1747647667688:,1747647682229
counter/3/0/0/0,21153:1747647667692:,1747647682229
counter/3/0/0/0,21154:1747647667692:,1747647682229
counter/3/0/0/0,21155:1747647667692:,1747647682229
counter/3/0/0/0,21156:1747647667692:,1747647682229
counter/9/0/0/0,26330:1747647670176:,1747647682229
counter/3/0/0/0,21157:1747647667692:,1747647682229
counter/3/0/0/0,21158:1747647667696:,1747647682229
counter/10/0/0/0,19969:1747647665213:,1747647682229
counter/3/0/0/0,21159:1747647667696:,1747647682229
counter/10/0/0/0,19970:1747647665213:,1747647682229
counter/3/0/0/0,21160:1747647667696:,1747647682229
counter/2/0/0/0,25017:1747647670678:,1747647682229
counter/3/0/0/0,21161:1747647667696:,1747647682229
counter/5/0/0/0,22383:1747647667688:,1747647682229
counter/3/0/0/0,21162:1747647667696:,1747647682229
counter/3/0/0/0,21163:1747647667696:,1747647682229
counter/5/0/0/0,22384:1747647667688:,1747647682229
counter/3/0/0/0,21164:1747647667696:,1747647682230
counter/5/0/0/0,22385:1747647667688:,1747647682230
counter/4/0/0/0,19849:1747647667054:,1747647682230
counter/4/0/0/0,19850:1747647667054:,1747647682230
counter/8/0/0/0,23523:1747647667929:,1747647682230
counter/4/0/0/0,19851:1747647667054:,1747647682230
counter/4/0/0/0,19852:1747647667054:,1747647682230
counter/4/0/0/0,19853:1747647667054:,1747647682230
counter/4/0/0/0,19854:1747647667055:,1747647682230
counter/4/0/0/0,19855:1747647667056:,1747647682230
counter/4/0/0/0,19856:1747647667056:,1747647682230
counter/4/0/0/0,19857:1747647667056:,1747647682230
counter/4/0/0/0,19858:1747647667056:,1747647682230
counter/4/0/0/0,19859:1747647667056:,1747647682230
counter/4/0/0/0,19860:1747647667057:,1747647682230
counter/4/0/0/0,19861:1747647667057:,1747647682230
counter/4/0/0/0,19862:1747647667057:,1747647682230
counter/4/0/0/0,19863:1747647667057:,1747647682230
counter/4/0/0/0,19864:1747647667057:,1747647682230
counter/4/0/0/0,19865:1747647667057:,1747647682230
counter/4/0/0/0,19866:1747647667057:,1747647682230
counter/4/0/0/0,19867:1747647667057:,1747647682230
counter/4/0/0/0,19868:1747647667057:,1747647682230
counter/4/0/0/0,19869:1747647667057:,1747647682230
counter/4/0/0/0,19870:1747647667057:,1747647682230
counter/4/0/0/0,19871:1747647667057:,1747647682230
counter/8/0/0/0,23524:1747647667929:,1747647682230
counter/4/0/0/0,19872:1747647667057:,1747647682230
counter/7/0/0/0,20757:1747647665893:,1747647682230
counter/4/0/0/0,19873:1747647667057:,1747647682230
counter/2/0/0/0,25018:1747647670679:,1747647682230
counter/4/0/0/0,19874:1747647667057:,1747647682230
counter/10/0/0/0,19971:1747647665213:,1747647682230
counter/4/0/0/0,19875:1747647667057:,1747647682230
counter/6/0/0/0,21330:1747647667889:,1747647682230
counter/4/0/0/0,19876:1747647667057:,1747647682230
counter/9/0/0/0,26331:1747647670176:,1747647682230
counter/4/0/0/0,19877:1747647667057:,1747647682230
counter/4/0/0/0,19878:1747647667069:,1747647682230
counter/4/0/0/0,19879:1747647667069:,1747647682230
counter/4/0/0/0,19880:1747647667069:,1747647682231
counter/4/0/0/0,19881:1747647667069:,1747647682231
counter/4/0/0/0,19882:1747647667069:,1747647682231
counter/6/0/0/0,21331:1747647667889:,1747647682231
counter/4/0/0/0,19883:1747647667075:,1747647682231
counter/9/0/0/0,26332:1747647670176:,1747647682231
counter/5/0/0/0,22386:1747647667690:,1747647682231
counter/3/0/0/0,21165:1747647667696:,1747647682231
counter/8/0/0/0,23525:1747647667929:,1747647682231
counter/7/0/0/0,20758:1747647665893:,1747647682231
counter/2/0/0/0,25019:1747647670679:,1747647682231
counter/4/0/0/0,19884:1747647667075:,1747647682231
counter/4/0/0/0,19885:1747647667075:,1747647682231
counter/10/0/0/0,19972:1747647665213:,1747647682231
counter/6/0/0/0,21332:1747647667889:,1747647682231
counter/9/0/0/0,26333:1747647670176:,1747647682231
counter/5/0/0/0,22387:1747647667690:,1747647682231
counter/3/0/0/0,21166:1747647667696:,1747647682231
counter/8/0/0/0,23526:1747647667929:,1747647682231
counter/7/0/0/0,20759:1747647665893:,1747647682231
counter/2/0/0/0,25020:1747647670679:,1747647682231
counter/4/0/0/0,19886:1747647667075:,1747647682231
counter/4/0/0/0,19887:1747647667075:,1747647682231
counter/10/0/0/0,19973:1747647665213:,1747647682231
counter/6/0/0/0,21333:1747647667894:,1747647682231
counter/9/0/0/0,26334:1747647670176:,1747647682231
counter/5/0/0/0,22388:1747647667690:,1747647682231
counter/3/0/0/0,21167:1747647667696:,1747647682231
counter/8/0/0/0,23527:1747647667929:,1747647682231
counter/7/0/0/0,20760:1747647665893:,1747647682231
counter/2/0/0/0,25021:1747647670679:,1747647682231
counter/4/0/0/0,19888:1747647667075:,1747647682231
counter/4/0/0/0,19889:1747647667075:,1747647682231
counter/4/0/0/0,19890:1747647667075:,1747647682231
counter/10/0/0/0,19974:1747647665213:,1747647682231
counter/9/0/0/0,26335:1747647670176:,1747647682231
counter/5/0/0/0,22389:1747647667690:,1747647682231
counter/3/0/0/0,21168:1747647667696:,1747647682231
counter/8/0/0/0,23528:1747647667929:,1747647682232
counter/7/0/0/0,20761:1747647665894:,1747647682232
counter/2/0/0/0,25022:1747647670679:,1747647682232
counter/4/0/0/0,19891:1747647667078:,1747647682232
counter/4/0/0/0,19892:1747647667078:,1747647682232
counter/6/0/0/0,21334:1747647667894:,1747647682232
counter/9/0/0/0,26336:1747647670176:,1747647682232
counter/10/0/0/0,19975:1747647665213:,1747647682232
counter/5/0/0/0,22390:1747647667690:,1747647682232
counter/3/0/0/0,21169:1747647667696:,1747647682232
counter/8/0/0/0,23529:1747647667929:,1747647682232
counter/7/0/0/0,20762:1747647665894:,1747647682232
counter/2/0/0/0,25023:1747647670679:,1747647682232
counter/4/0/0/0,19893:1747647667078:,1747647682232
counter/4/0/0/0,19894:1747647667078:,1747647682232
counter/4/0/0/0,19895:1747647667078:,1747647682232
counter/4/0/0/0,19896:1747647667078:,1747647682232
counter/4/0/0/0,19897:1747647667078:,1747647682232
counter/4/0/0/0,19898:1747647667078:,1747647682232
counter/3/0/0/0,21170:1747647667696:,1747647682232
counter/8/0/0/0,23530:1747647667929:,1747647682232
counter/7/0/0/0,20763:1747647665894:,1747647682232
counter/2/0/0/0,25024:1747647670679:,1747647682232
counter/6/0/0/0,21335:1747647667894:,1747647682232
counter/9/0/0/0,26337:1747647670176:,1747647682232
counter/10/0/0/0,19976:1747647665213:,1747647682232
counter/5/0/0/0,22391:1747647667690:,1747647682232
counter/4/0/0/0,19899:1747647667078:,1747647682232
counter/4/0/0/0,19900:1747647667079:,1747647682232
counter/4/0/0/0,19901:1747647667079:,1747647682232
counter/4/0/0/0,19902:1747647667081:,1747647682232
counter/4/0/0/0,19903:1747647667081:,1747647682232
counter/4/0/0/0,19904:1747647667081:,1747647682232
counter/9/0/0/0,26338:1747647670176:,1747647682232
counter/4/0/0/0,19905:1747647667081:,1747647682232
counter/10/0/0/0,19977:1747647665213:,1747647682232
counter/5/0/0/0,22392:1747647667690:,1747647682232
counter/3/0/0/0,21171:1747647667725:,1747647682232
counter/8/0/0/0,23531:1747647667929:,1747647682232
counter/7/0/0/0,20764:1747647665894:,1747647682232
counter/2/0/0/0,25025:1747647670679:,1747647682232
counter/7/0/0/0,20765:1747647665894:,1747647682233
counter/4/0/0/0,19906:1747647667081:,1747647682233
counter/4/0/0/0,19907:1747647667082:,1747647682233
counter/4/0/0/0,19908:1747647667082:,1747647682233
counter/4/0/0/0,19909:1747647667082:,1747647682233
counter/4/0/0/0,19910:1747647667082:,1747647682233
counter/4/0/0/0,19911:1747647667082:,1747647682233
counter/4/0/0/0,19912:1747647667082:,1747647682233
counter/4/0/0/0,19913:1747647667082:,1747647682233
counter/4/0/0/0,19914:1747647667083:,1747647682233
counter/4/0/0/0,19915:1747647667083:,1747647682233
counter/4/0/0/0,19916:1747647667083:,1747647682233
counter/4/0/0/0,19917:1747647667083:,1747647682233
counter/4/0/0/0,19918:1747647667083:,1747647682233
counter/4/0/0/0,19919:1747647667083:,1747647682233
counter/4/0/0/0,19920:1747647667083:,1747647682233
counter/4/0/0/0,19921:1747647667083:,1747647682233
counter/4/0/0/0,19922:1747647667083:,1747647682233
counter/4/0/0/0,19923:1747647667083:,1747647682233
counter/4/0/0/0,19924:1747647667083:,1747647682233
counter/4/0/0/0,19925:1747647667083:,1747647682233
counter/4/0/0/0,19926:1747647667083:,1747647682233
counter/4/0/0/0,19927:1747647667083:,1747647682233
counter/4/0/0/0,19928:1747647667083:,1747647682233
counter/4/0/0/0,19929:1747647667084:,1747647682233
counter/4/0/0/0,19930:1747647667084:,1747647682233
counter/4/0/0/0,19931:1747647667085:,1747647682233
counter/4/0/0/0,19932:1747647667085:,1747647682233
counter/4/0/0/0,19933:1747647667085:,1747647682233
counter/4/0/0/0,19934:1747647667085:,1747647682233
counter/3/0/0/0,21172:1747647667725:,1747647682233
counter/4/0/0/0,19935:1747647667085:,1747647682233
counter/8/0/0/0,23532:1747647667929:,1747647682233
counter/4/0/0/0,19936:1747647667085:,1747647682233
counter/7/0/0/0,20766:1747647665894:,1747647682233
counter/2/0/0/0,25026:1747647670679:,1747647682233
counter/4/0/0/0,19937:1747647667086:,1747647682233
counter/2/0/0/0,25027:1747647670679:,1747647682233
counter/4/0/0/0,19938:1747647667086:,1747647682233
counter/2/0/0/0,25028:1747647670679:,1747647682233
counter/5/0/0/0,22393:1747647667690:,1747647682233
counter/4/0/0/0,19939:1747647667086:,1747647682234
counter/2/0/0/0,25029:1747647670679:,1747647682234
counter/4/0/0/0,19940:1747647667086:,1747647682234
counter/4/0/0/0,19941:1747647667086:,1747647682234
counter/4/0/0/0,19942:1747647667086:,1747647682234
counter/4/0/0/0,19943:1747647667086:,1747647682234
counter/4/0/0/0,19944:1747647667086:,1747647682234
counter/4/0/0/0,19945:1747647667086:,1747647682234
counter/4/0/0/0,19946:1747647667086:,1747647682234
counter/4/0/0/0,19947:1747647667086:,1747647682234
counter/4/0/0/0,19948:1747647667086:,1747647682234
counter/4/0/0/0,19949:1747647667091:,1747647682234
counter/4/0/0/0,19950:1747647667103:,1747647682234
counter/4/0/0/0,19951:1747647667103:,1747647682234
counter/4/0/0/0,19952:1747647667113:,1747647682234
counter/4/0/0/0,19953:1747647667113:,1747647682234
counter/4/0/0/0,19954:1747647667113:,1747647682234
counter/8/0/0/0,23533:1747647667939:,1747647682234
counter/4/0/0/0,19955:1747647667113:,1747647682234
counter/6/0/0/0,21336:1747647667894:,1747647682234
counter/4/0/0/0,19956:1747647667113:,1747647682234
counter/10/0/0/0,19978:1747647665214:,1747647682234
counter/2/0/0/0,25030:1747647670679:,1747647682234
counter/4/0/0/0,19957:1747647667113:,1747647682234
counter/2/0/0/0,25031:1747647670679:,1747647682234
counter/4/0/0/0,19958:1747647667113:,1747647682234
counter/2/0/0/0,25032:1747647670679:,1747647682234
counter/4/0/0/0,19959:1747647667113:,1747647682234
counter/2/0/0/0,25033:1747647670679:,1747647682234
counter/4/0/0/0,19960:1747647667113:,1747647682234
counter/2/0/0/0,25034:1747647670679:,1747647682234
counter/4/0/0/0,19961:1747647667113:,1747647682234
counter/2/0/0/0,25035:1747647670699:,1747647682234
counter/4/0/0/0,19962:1747647667113:,1747647682234
counter/2/0/0/0,25036:1747647670699:,1747647682234
counter/2/0/0/0,25037:1747647670699:,1747647682234
counter/2/0/0/0,25038:1747647670699:,1747647682234
counter/2/0/0/0,25039:1747647670699:,1747647682234
counter/2/0/0/0,25040:1747647670699:,1747647682234
counter/2/0/0/0,25041:1747647670699:,1747647682234
counter/2/0/0/0,25042:1747647670699:,1747647682235
counter/2/0/0/0,25043:1747647670699:,1747647682235
counter/2/0/0/0,25044:1747647670699:,1747647682235
counter/2/0/0/0,25045:1747647670699:,1747647682235
counter/2/0/0/0,25046:1747647670699:,1747647682235
counter/2/0/0/0,25047:1747647670701:,1747647682235
counter/2/0/0/0,25048:1747647670702:,1747647682235
counter/2/0/0/0,25049:1747647670702:,1747647682235
counter/2/0/0/0,25050:1747647670702:,1747647682235
counter/2/0/0/0,25051:1747647670702:,1747647682235
counter/2/0/0/0,25052:1747647670702:,1747647682235
counter/2/0/0/0,25053:1747647670711:,1747647682235
counter/2/0/0/0,25054:1747647670711:,1747647682235
counter/2/0/0/0,25055:1747647670711:,1747647682235
counter/2/0/0/0,25056:1747647670711:,1747647682235
counter/2/0/0/0,25057:1747647670712:,1747647682235
counter/2/0/0/0,25058:1747647670718:,1747647682235
counter/2/0/0/0,25059:1747647670718:,1747647682235
counter/2/0/0/0,25060:1747647670718:,1747647682235
counter/2/0/0/0,25061:1747647670718:,1747647682235
counter/2/0/0/0,25062:1747647670722:,1747647682235
counter/2/0/0/0,25063:1747647670723:,1747647682235
counter/2/0/0/0,25064:1747647670723:,1747647682235
counter/2/0/0/0,25065:1747647670723:,1747647682235
counter/2/0/0/0,25066:1747647670723:,1747647682235
counter/2/0/0/0,25067:1747647670723:,1747647682235
counter/2/0/0/0,25068:1747647670723:,1747647682235
counter/2/0/0/0,25069:1747647670723:,1747647682235
counter/2/0/0/0,25070:1747647670723:,1747647682235
counter/2/0/0/0,25071:1747647670723:,1747647682235
counter/2/0/0/0,25072:1747647670723:,1747647682235
counter/2/0/0/0,25073:1747647670742:,1747647682235
counter/2/0/0/0,25074:1747647670756:,1747647682235
counter/2/0/0/0,25075:1747647670756:,1747647682235
counter/2/0/0/0,25076:1747647670756:,1747647682235
counter/2/0/0/0,25077:1747647670756:,1747647682235
counter/2/0/0/0,25078:1747647670756:,1747647682235
counter/2/0/0/0,25079:1747647670756:,1747647682235
counter/2/0/0/0,25080:1747647670756:,1747647682235
counter/2/0/0/0,25081:1747647670756:,1747647682235
counter/2/0/0/0,25082:1747647670756:,1747647682235
counter/2/0/0/0,25083:1747647670756:,1747647682236
counter/2/0/0/0,25084:1747647670756:,1747647682236
counter/2/0/0/0,25085:1747647670756:,1747647682236
counter/2/0/0/0,25086:1747647670756:,1747647682236
counter/2/0/0/0,25087:1747647670756:,1747647682236
counter/2/0/0/0,25088:1747647670756:,1747647682236
counter/2/0/0/0,25089:1747647670756:,1747647682236
counter/2/0/0/0,25090:1747647670756:,1747647682236
counter/2/0/0/0,25091:1747647670756:,1747647682236
counter/2/0/0/0,25092:1747647670756:,1747647682236
counter/2/0/0/0,25093:1747647670756:,1747647682236
counter/2/0/0/0,25094:1747647670756:,1747647682236
counter/2/0/0/0,25095:1747647670756:,1747647682236
counter/2/0/0/0,25096:1747647670756:,1747647682236
counter/4/0/0/0,19963:1747647667113:,1747647682236
counter/3/0/0/0,21173:1747647667725:,1747647682236
counter/2/0/0/0,25097:1747647670756:,1747647682236
counter/2/0/0/0,25098:1747647670756:,1747647682236
counter/2/0/0/0,25099:1747647670756:,1747647682236
counter/2/0/0/0,25100:1747647670757:,1747647682236
counter/2/0/0/0,25101:1747647670757:,1747647682236
counter/2/0/0/0,25102:1747647670757:,1747647682236
counter/2/0/0/0,25103:1747647670773:,1747647682236
counter/2/0/0/0,25104:1747647670773:,1747647682236
counter/2/0/0/0,25105:1747647670773:,1747647682236
counter/2/0/0/0,25106:1747647670773:,1747647682236
counter/2/0/0/0,25107:1747647670773:,1747647682236
counter/2/0/0/0,25108:1747647670773:,1747647682236
counter/2/0/0/0,25109:1747647670773:,1747647682236
counter/2/0/0/0,25110:1747647670773:,1747647682236
counter/2/0/0/0,25111:1747647670773:,1747647682236
counter/2/0/0/0,25112:1747647670773:,1747647682236
counter/2/0/0/0,25113:1747647670773:,1747647682236
counter/1/0/0/0,20282:1747647666885:,1747647682236
counter/1/0/0/0,20283:1747647666886:,1747647682236
counter/8/0/0/0,23534:1747647667939:,1747647682236
counter/1/0/0/0,20284:1747647666887:,1747647682236
counter/3/0/0/0,21174:1747647667725:,1747647682236
counter/4/0/0/0,19964:1747647667113:,1747647682237
counter/1/0/0/0,20285:1747647666887:,1747647682237
counter/6/0/0/0,21337:1747647667894:,1747647682237
counter/5/0/0/0,22394:1747647667690:,1747647682237
counter/1/0/0/0,20286:1747647666887:,1747647682237
counter/1/0/0/0,20287:1747647666887:,1747647682237
counter/7/0/0/0,20767:1747647665894:,1747647682237
counter/1/0/0/0,20288:1747647666887:,1747647682237
counter/9/0/0/0,26339:1747647670177:,1747647682237
counter/1/0/0/0,20289:1747647666887:,1747647682237
counter/8/0/0/0,23535:1747647667939:,1747647682237
counter/1/0/0/0,20290:1747647666887:,1747647682237
counter/10/0/0/0,19979:1747647665214:,1747647682237
counter/3/0/0/0,21175:1747647667725:,1747647682237
counter/1/0/0/0,20291:1747647666887:,1747647682237
counter/4/0/0/0,19965:1747647667114:,1747647682237
counter/1/0/0/0,20292:1747647666887:,1747647682237
counter/4/0/0/0,19966:1747647667114:,1747647682237
counter/1/0/0/0,20293:1747647666887:,1747647682237
counter/4/0/0/0,19967:1747647667114:,1747647682237
counter/1/0/0/0,20294:1747647666887:,1747647682237
counter/4/0/0/0,19968:1747647667117:,1747647682237
counter/1/0/0/0,20295:1747647666887:,1747647682237
counter/4/0/0/0,19969:1747647667117:,1747647682237
counter/1/0/0/0,20296:1747647666887:,1747647682237
counter/4/0/0/0,19970:1747647667117:,1747647682237
counter/1/0/0/0,20297:1747647666887:,1747647682237
counter/4/0/0/0,19971:1747647667117:,1747647682237
counter/1/0/0/0,20298:1747647666887:,1747647682237
counter/4/0/0/0,19972:1747647667117:,1747647682237
counter/1/0/0/0,20299:1747647666890:,1747647682237
counter/4/0/0/0,19973:1747647667117:,1747647682237
counter/1/0/0/0,20300:1747647666891:,1747647682237
counter/4/0/0/0,19974:1747647667117:,1747647682237
counter/1/0/0/0,20301:1747647666891:,1747647682237
counter/4/0/0/0,19975:1747647667118:,1747647682237
counter/1/0/0/0,20302:1747647666891:,1747647682237
counter/4/0/0/0,19976:1747647667118:,1747647682237
counter/1/0/0/0,20303:1747647666891:,1747647682237
counter/4/0/0/0,19977:1747647667124:,1747647682237
counter/1/0/0/0,20304:1747647666891:,1747647682237
counter/4/0/0/0,19978:1747647667124:,1747647682237
counter/1/0/0/0,20305:1747647666891:,1747647682237
counter/4/0/0/0,19979:1747647667124:,1747647682238
counter/1/0/0/0,20306:1747647666892:,1747647682238
counter/4/0/0/0,19980:1747647667134:,1747647682238
counter/1/0/0/0,20307:1747647666892:,1747647682238
counter/4/0/0/0,19981:1747647667134:,1747647682238
counter/1/0/0/0,20308:1747647666892:,1747647682238
counter/4/0/0/0,19982:1747647667143:,1747647682238
counter/1/0/0/0,20309:1747647666892:,1747647682238
counter/4/0/0/0,19983:1747647667143:,1747647682238
counter/1/0/0/0,20310:1747647666892:,1747647682238
counter/4/0/0/0,19984:1747647667143:,1747647682238
counter/1/0/0/0,20311:1747647666892:,1747647682238
counter/4/0/0/0,19985:1747647667143:,1747647682238
counter/1/0/0/0,20312:1747647666893:,1747647682238
counter/4/0/0/0,19986:1747647667161:,1747647682238
counter/1/0/0/0,20313:1747647666893:,1747647682238
counter/4/0/0/0,19987:1747647667161:,1747647682238
counter/1/0/0/0,20314:1747647666893:,1747647682238
counter/4/0/0/0,19988:1747647667161:,1747647682238
counter/1/0/0/0,20315:1747647666893:,1747647682238
counter/4/0/0/0,19989:1747647667161:,1747647682238
counter/1/0/0/0,20316:1747647666894:,1747647682238
counter/4/0/0/0,19990:1747647667161:,1747647682238
counter/1/0/0/0,20317:1747647666921:,1747647682238
counter/4/0/0/0,19991:1747647667161:,1747647682238
counter/1/0/0/0,20318:1747647666921:,1747647682238
counter/4/0/0/0,19992:1747647667161:,1747647682238
counter/1/0/0/0,20319:1747647666921:,1747647682238
counter/4/0/0/0,19993:1747647667161:,1747647682238
counter/1/0/0/0,20320:1747647666924:,1747647682238
counter/4/0/0/0,19994:1747647667161:,1747647682238
counter/1/0/0/0,20321:1747647666924:,1747647682238
counter/4/0/0/0,19995:1747647667162:,1747647682238
counter/1/0/0/0,20322:1747647666924:,1747647682238
counter/4/0/0/0,19996:1747647667163:,1747647682238
counter/1/0/0/0,20323:1747647666924:,1747647682238
counter/4/0/0/0,19997:1747647667163:,1747647682238
counter/5/0/0/0,22395:1747647667690:,1747647682238
counter/1/0/0/0,20324:1747647666924:,1747647682238
counter/4/0/0/0,19998:1747647667164:,1747647682238
counter/1/0/0/0,20325:1747647666924:,1747647682239
counter/4/0/0/0,19999:1747647667164:,1747647682239
counter/1/0/0/0,20326:1747647666924:,1747647682239
counter/4/0/0/0,20000:1747647667164:,1747647682239
counter/1/0/0/0,20327:1747647666924:,1747647682239
counter/4/0/0/0,20001:1747647667164:,1747647682239
counter/1/0/0/0,20328:1747647666924:,1747647682239
counter/4/0/0/0,20002:1747647667166:,1747647682239
counter/1/0/0/0,20329:1747647666924:,1747647682239
counter/4/0/0/0,20003:1747647667168:,1747647682239
counter/1/0/0/0,20330:1747647666924:,1747647682239
counter/4/0/0/0,20004:1747647667168:,1747647682239
counter/1/0/0/0,20331:1747647666924:,1747647682239
counter/4/0/0/0,20005:1747647667168:,1747647682239
counter/1/0/0/0,20332:1747647666924:,1747647682239
counter/4/0/0/0,20006:1747647667168:,1747647682239
counter/1/0/0/0,20333:1747647666924:,1747647682239
counter/4/0/0/0,20007:1747647667168:,1747647682239
counter/1/0/0/0,20334:1747647666924:,1747647682239
counter/4/0/0/0,20008:1747647667168:,1747647682239
counter/1/0/0/0,20335:1747647666924:,1747647682239
counter/4/0/0/0,20009:1747647667168:,1747647682239
counter/1/0/0/0,20336:1747647666924:,1747647682239
counter/4/0/0/0,20010:1747647667168:,1747647682239
counter/1/0/0/0,20337:1747647666924:,1747647682239
counter/4/0/0/0,20011:1747647667168:,1747647682239
counter/1/0/0/0,20338:1747647666927:,1747647682239
counter/4/0/0/0,20012:1747647667168:,1747647682239
counter/1/0/0/0,20339:1747647666927:,1747647682239
counter/4/0/0/0,20013:1747647667168:,1747647682239
counter/7/0/0/0,20768:1747647665894:,1747647682239
counter/1/0/0/0,20340:1747647666927:,1747647682239
counter/4/0/0/0,20014:1747647667168:,1747647682239
counter/7/0/0/0,20769:1747647665894:,1747647682239
counter/8/0/0/0,23536:1747647667939:,1747647682239
counter/1/0/0/0,20341:1747647666927:,1747647682239
counter/4/0/0/0,20015:1747647667168:,1747647682239
counter/7/0/0/0,20770:1747647665894:,1747647682240
counter/1/0/0/0,20342:1747647666927:,1747647682240
counter/4/0/0/0,20016:1747647667168:,1747647682240
counter/7/0/0/0,20771:1747647665894:,1747647682240
counter/1/0/0/0,20343:1747647666929:,1747647682240
counter/4/0/0/0,20017:1747647667173:,1747647682240
counter/7/0/0/0,20772:1747647665894:,1747647682240
counter/1/0/0/0,20344:1747647666929:,1747647682240
counter/4/0/0/0,20018:1747647667173:,1747647682240
counter/7/0/0/0,20773:1747647665894:,1747647682240
counter/1/0/0/0,20345:1747647666929:,1747647682240
counter/4/0/0/0,20019:1747647667173:,1747647682240
counter/7/0/0/0,20774:1747647665894:,1747647682240
counter/1/0/0/0,20346:1747647666929:,1747647682240
counter/4/0/0/0,20020:1747647667173:,1747647682240
counter/7/0/0/0,20775:1747647665894:,1747647682240
counter/1/0/0/0,20347:1747647666929:,1747647682240
counter/4/0/0/0,20021:1747647667175:,1747647682240
counter/7/0/0/0,20776:1747647665894:,1747647682240
counter/1/0/0/0,20348:1747647666929:,1747647682240
counter/4/0/0/0,20022:1747647667175:,1747647682240
counter/7/0/0/0,20777:1747647665894:,1747647682240
counter/1/0/0/0,20349:1747647666929:,1747647682240
counter/4/0/0/0,20023:1747647667175:,1747647682240
counter/7/0/0/0,20778:1747647665900:,1747647682240
counter/1/0/0/0,20350:1747647666929:,1747647682240
counter/4/0/0/0,20024:1747647667175:,1747647682240
counter/7/0/0/0,20779:1747647665901:,1747647682240
counter/1/0/0/0,20351:1747647666929:,1747647682240
counter/4/0/0/0,20025:1747647667175:,1747647682240
counter/7/0/0/0,20780:1747647665901:,1747647682240
counter/1/0/0/0,20352:1747647666929:,1747647682240
counter/4/0/0/0,20026:1747647667177:,1747647682240
counter/7/0/0/0,20781:1747647665901:,1747647682240
counter/1/0/0/0,20353:1747647666929:,1747647682240
counter/4/0/0/0,20027:1747647667177:,1747647682240
counter/7/0/0/0,20782:1747647665901:,1747647682240
counter/1/0/0/0,20354:1747647666929:,1747647682240
counter/4/0/0/0,20028:1747647667177:,1747647682240
counter/7/0/0/0,20783:1747647665901:,1747647682240
counter/1/0/0/0,20355:1747647666929:,1747647682240
counter/4/0/0/0,20029:1747647667177:,1747647682241
counter/7/0/0/0,20784:1747647665901:,1747647682241
counter/1/0/0/0,20356:1747647666929:,1747647682241
counter/4/0/0/0,20030:1747647667177:,1747647682241
counter/7/0/0/0,20785:1747647665901:,1747647682241
counter/1/0/0/0,20357:1747647666930:,1747647682241
counter/4/0/0/0,20031:1747647667178:,1747647682241
counter/7/0/0/0,20786:1747647665901:,1747647682241
counter/1/0/0/0,20358:1747647666930:,1747647682241
counter/7/0/0/0,20787:1747647665901:,1747647682241
counter/1/0/0/0,20359:1747647666930:,1747647682241
counter/7/0/0/0,20788:1747647665901:,1747647682241
counter/1/0/0/0,20360:1747647666935:,1747647682241
counter/7/0/0/0,20789:1747647665901:,1747647682241
counter/1/0/0/0,20361:1747647666935:,1747647682241
counter/7/0/0/0,20790:1747647665901:,1747647682241
counter/1/0/0/0,20362:1747647666935:,1747647682241
counter/7/0/0/0,20791:1747647665901:,1747647682241
counter/1/0/0/0,20363:1747647666935:,1747647682241
counter/7/0/0/0,20792:1747647665901:,1747647682241
counter/1/0/0/0,20364:1747647666935:,1747647682241
counter/7/0/0/0,20793:1747647665901:,1747647682241
counter/1/0/0/0,20365:1747647666935:,1747647682241
counter/7/0/0/0,20794:1747647665906:,1747647682241
counter/1/0/0/0,20366:1747647666935:,1747647682241
counter/7/0/0/0,20795:1747647665906:,1747647682241
counter/1/0/0/0,20367:1747647666935:,1747647682241
counter/7/0/0/0,20796:1747647665906:,1747647682241
counter/1/0/0/0,20368:1747647666935:,1747647682241
counter/7/0/0/0,20797:1747647665906:,1747647682241
counter/1/0/0/0,20369:1747647666935:,1747647682241
counter/7/0/0/0,20798:1747647665906:,1747647682241
counter/1/0/0/0,20370:1747647666940:,1747647682241
counter/7/0/0/0,20799:1747647665906:,1747647682241
counter/1/0/0/0,20371:1747647666961:,1747647682241
counter/7/0/0/0,20800:1747647665906:,1747647682241
counter/1/0/0/0,20372:1747647666971:,1747647682241
counter/7/0/0/0,20801:1747647665906:,1747647682241
counter/1/0/0/0,20373:1747647666973:,1747647682242
counter/7/0/0/0,20802:1747647665906:,1747647682242
counter/1/0/0/0,20374:1747647666973:,1747647682242
counter/7/0/0/0,20803:1747647665906:,1747647682242
counter/1/0/0/0,20375:1747647666973:,1747647682242
counter/7/0/0/0,20804:1747647665906:,1747647682242
counter/1/0/0/0,20376:1747647666984:,1747647682242
counter/7/0/0/0,20805:1747647665907:,1747647682242
counter/1/0/0/0,20377:1747647666984:,1747647682242
counter/7/0/0/0,20806:1747647665908:,1747647682242
counter/1/0/0/0,20378:1747647666986:,1747647682242
counter/7/0/0/0,20807:1747647665908:,1747647682242
counter/1/0/0/0,20379:1747647666986:,1747647682242
counter/7/0/0/0,20808:1747647665908:,1747647682242
counter/1/0/0/0,20380:1747647666986:,1747647682242
counter/7/0/0/0,20809:1747647665908:,1747647682242
counter/1/0/0/0,20381:1747647666986:,1747647682242
counter/7/0/0/0,20810:1747647665908:,1747647682242
counter/1/0/0/0,20382:1747647666991:,1747647682242
counter/7/0/0/0,20811:1747647665908:,1747647682242
counter/1/0/0/0,20383:1747647666991:,1747647682242
counter/7/0/0/0,20812:1747647665908:,1747647682242
counter/1/0/0/0,20384:1747647666991:,1747647682242
counter/7/0/0/0,20813:1747647665908:,1747647682242
counter/1/0/0/0,20385:1747647666991:,1747647682242
counter/7/0/0/0,20814:1747647665908:,1747647682242
counter/1/0/0/0,20386:1747647666991:,1747647682242
counter/7/0/0/0,20815:1747647665908:,1747647682242
counter/1/0/0/0,20387:1747647666991:,1747647682242
counter/7/0/0/0,20816:1747647665908:,1747647682242
counter/1/0/0/0,20388:1747647666991:,1747647682242
counter/7/0/0/0,20817:1747647665908:,1747647682242
counter/1/0/0/0,20389:1747647666991:,1747647682242
counter/7/0/0/0,20818:1747647665908:,1747647682242
counter/1/0/0/0,20390:1747647666991:,1747647682242
counter/7/0/0/0,20819:1747647665908:,1747647682242
counter/1/0/0/0,20391:1747647666991:,1747647682242
counter/7/0/0/0,20820:1747647665908:,1747647682242
counter/1/0/0/0,20392:1747647666991:,1747647682242
counter/7/0/0/0,20821:1747647665908:,1747647682242
counter/1/0/0/0,20393:1747647666991:,1747647682242
counter/7/0/0/0,20822:1747647665908:,1747647682242
counter/1/0/0/0,20394:1747647666991:,1747647682243
counter/7/0/0/0,20823:1747647665916:,1747647682243
counter/1/0/0/0,20395:1747647666991:,1747647682243
counter/7/0/0/0,20824:1747647665916:,1747647682243
counter/1/0/0/0,20396:1747647666993:,1747647682243
counter/7/0/0/0,20825:1747647665916:,1747647682243
counter/1/0/0/0,20397:1747647667001:,1747647682243
counter/7/0/0/0,20826:1747647665916:,1747647682243
counter/10/0/0/0,19980:1747647665214:,1747647682243
counter/1/0/0/0,20398:1747647667001:,1747647682243
counter/7/0/0/0,20827:1747647665916:,1747647682243
counter/1/0/0/0,20399:1747647667001:,1747647682243
counter/7/0/0/0,20828:1747647665916:,1747647682243
counter/1/0/0/0,20400:1747647667001:,1747647682243
counter/7/0/0/0,20829:1747647665923:,1747647682243
counter/1/0/0/0,20401:1747647667020:,1747647682243
counter/7/0/0/0,20830:1747647665923:,1747647682243
counter/1/0/0/0,20402:1747647667020:,1747647682243
counter/7/0/0/0,20831:1747647665923:,1747647682243
counter/1/0/0/0,20403:1747647667020:,1747647682243
counter/7/0/0/0,20832:1747647665923:,1747647682243
counter/1/0/0/0,20404:1747647667020:,1747647682243
counter/7/0/0/0,20833:1747647665923:,1747647682243
counter/1/0/0/0,20405:1747647667020:,1747647682243
counter/7/0/0/0,20834:1747647665924:,1747647682243
counter/1/0/0/0,20406:1747647667022:,1747647682243
counter/7/0/0/0,20835:1747647665924:,1747647682243
counter/1/0/0/0,20407:1747647667034:,1747647682243
counter/7/0/0/0,20836:1747647665924:,1747647682243
counter/1/0/0/0,20408:1747647667034:,1747647682243
counter/7/0/0/0,20837:1747647665924:,1747647682243
counter/1/0/0/0,20409:1747647667034:,1747647682243
counter/7/0/0/0,20838:1747647665924:,1747647682243
counter/1/0/0/0,20410:1747647667034:,1747647682243
counter/7/0/0/0,20839:1747647665924:,1747647682243
counter/1/0/0/0,20411:1747647667034:,1747647682243
counter/7/0/0/0,20840:1747647665924:,1747647682243
counter/1/0/0/0,20412:1747647667034:,1747647682243
counter/7/0/0/0,20841:1747647665924:,1747647682244
counter/1/0/0/0,20413:1747647667034:,1747647682244
counter/7/0/0/0,20842:1747647665924:,1747647682244
counter/1/0/0/0,20414:1747647667034:,1747647682244
counter/7/0/0/0,20843:1747647665924:,1747647682244
counter/1/0/0/0,20415:1747647667034:,1747647682244
counter/7/0/0/0,20844:1747647665924:,1747647682244
counter/1/0/0/0,20416:1747647667050:,1747647682244
counter/7/0/0/0,20845:1747647665927:,1747647682244
counter/1/0/0/0,20417:1747647667050:,1747647682244
counter/7/0/0/0,20846:1747647665927:,1747647682244
counter/1/0/0/0,20418:1747647667050:,1747647682244
counter/7/0/0/0,20847:1747647665927:,1747647682244
counter/1/0/0/0,20419:1747647667050:,1747647682244
counter/7/0/0/0,20848:1747647665927:,1747647682244
counter/1/0/0/0,20420:1747647667050:,1747647682244
counter/7/0/0/0,20849:1747647665927:,1747647682244
counter/1/0/0/0,20421:1747647667068:,1747647682244
counter/7/0/0/0,20850:1747647665927:,1747647682244
counter/8/0/0/0,23537:1747647667939:,1747647682244
counter/1/0/0/0,20422:1747647667069:,1747647682244
counter/7/0/0/0,20851:1747647665927:,1747647682244
counter/3/0/0/0,21176:1747647667725:,1747647682244
counter/6/0/0/0,21338:1747647667896:,1747647682244
counter/1/0/0/0,20423:1747647667069:,1747647682244
counter/7/0/0/0,20852:1747647665930:,1747647682244
counter/1/0/0/0,20424:1747647667069:,1747647682244
counter/7/0/0/0,20853:1747647665930:,1747647682244
counter/1/0/0/0,20425:1747647667069:,1747647682244
counter/7/0/0/0,20854:1747647665930:,1747647682244
counter/1/0/0/0,20426:1747647667069:,1747647682244
counter/7/0/0/0,20855:1747647665930:,1747647682244
counter/1/0/0/0,20427:1747647667069:,1747647682244
counter/7/0/0/0,20856:1747647665930:,1747647682244
counter/1/0/0/0,20428:1747647667069:,1747647682244
counter/7/0/0/0,20857:1747647665952:,1747647682244
counter/1/0/0/0,20429:1747647667070:,1747647682244
counter/7/0/0/0,20858:1747647665952:,1747647682244
counter/1/0/0/0,20430:1747647667070:,1747647682245
counter/7/0/0/0,20859:1747647665952:,1747647682245
counter/1/0/0/0,20431:1747647667071:,1747647682245
counter/7/0/0/0,20860:1747647665952:,1747647682245
counter/1/0/0/0,20432:1747647667071:,1747647682245
counter/7/0/0/0,20861:1747647665953:,1747647682245
counter/1/0/0/0,20433:1747647667071:,1747647682245
counter/7/0/0/0,20862:1747647665953:,1747647682245
counter/1/0/0/0,20434:1747647667071:,1747647682245
counter/7/0/0/0,20863:1747647665957:,1747647682245
counter/1/0/0/0,20435:1747647667072:,1747647682245
counter/7/0/0/0,20864:1747647665963:,1747647682245
counter/1/0/0/0,20436:1747647667072:,1747647682245
counter/7/0/0/0,20865:1747647665963:,1747647682245
counter/1/0/0/0,20437:1747647667072:,1747647682245
counter/7/0/0/0,20866:1747647665963:,1747647682245
counter/1/0/0/0,20438:1747647667072:,1747647682245
counter/7/0/0/0,20867:1747647665963:,1747647682245
counter/1/0/0/0,20439:1747647667072:,1747647682245
counter/7/0/0/0,20868:1747647665963:,1747647682245
counter/1/0/0/0,20440:1747647667072:,1747647682245
counter/7/0/0/0,20869:1747647665963:,1747647682245
counter/1/0/0/0,20441:1747647667073:,1747647682245
counter/7/0/0/0,20870:1747647665963:,1747647682245
counter/1/0/0/0,20442:1747647667073:,1747647682245
counter/7/0/0/0,20871:1747647665963:,1747647682245
counter/1/0/0/0,20443:1747647667073:,1747647682245
counter/7/0/0/0,20872:1747647665963:,1747647682245
counter/1/0/0/0,20444:1747647667091:,1747647682245
counter/7/0/0/0,20873:1747647665963:,1747647682245
counter/1/0/0/0,20445:1747647667092:,1747647682245
counter/7/0/0/0,20874:1747647665963:,1747647682245
counter/1/0/0/0,20446:1747647667092:,1747647682245
counter/7/0/0/0,20875:1747647665963:,1747647682245
counter/1/0/0/0,20447:1747647667092:,1747647682245
counter/7/0/0/0,20876:1747647665964:,1747647682245
counter/1/0/0/0,20448:1747647667092:,1747647682245
counter/7/0/0/0,20877:1747647665964:,1747647682245
counter/1/0/0/0,20449:1747647667092:,1747647682245
counter/7/0/0/0,20878:1747647665964:,1747647682245
counter/1/0/0/0,20450:1747647667092:,1747647682246
counter/7/0/0/0,20879:1747647665964:,1747647682246
counter/1/0/0/0,20451:1747647667092:,1747647682246
counter/7/0/0/0,20880:1747647665964:,1747647682246
counter/1/0/0/0,20452:1747647667100:,1747647682246
counter/7/0/0/0,20881:1747647665964:,1747647682246
counter/1/0/0/0,20453:1747647667100:,1747647682246
counter/7/0/0/0,20882:1747647665964:,1747647682246
counter/1/0/0/0,20454:1747647667101:,1747647682246
counter/7/0/0/0,20883:1747647665964:,1747647682246
counter/1/0/0/0,20455:1747647667101:,1747647682246
counter/7/0/0/0,20884:1747647665964:,1747647682246
counter/1/0/0/0,20456:1747647667101:,1747647682246
counter/7/0/0/0,20885:1747647665964:,1747647682246
counter/1/0/0/0,20457:1747647667101:,1747647682246
counter/7/0/0/0,20886:1747647665964:,1747647682246
counter/1/0/0/0,20458:1747647667101:,1747647682246
counter/7/0/0/0,20887:1747647665964:,1747647682246
counter/1/0/0/0,20459:1747647667101:,1747647682246
counter/7/0/0/0,20888:1747647665964:,1747647682246
counter/1/0/0/0,20460:1747647667105:,1747647682246
counter/7/0/0/0,20889:1747647665964:,1747647682246
counter/1/0/0/0,20461:1747647667105:,1747647682246
counter/7/0/0/0,20890:1747647665964:,1747647682246
counter/1/0/0/0,20462:1747647667105:,1747647682246
counter/7/0/0/0,20891:1747647665973:,1747647682246
counter/1/0/0/0,20463:1747647667105:,1747647682246
counter/7/0/0/0,20892:1747647665973:,1747647682246
counter/1/0/0/0,20464:1747647667105:,1747647682246
counter/7/0/0/0,20893:1747647665973:,1747647682246
counter/1/0/0/0,20465:1747647667106:,1747647682246
counter/7/0/0/0,20894:1747647665973:,1747647682246
counter/1/0/0/0,20466:1747647667106:,1747647682246
counter/7/0/0/0,20895:1747647665973:,1747647682246
counter/1/0/0/0,20467:1747647667107:,1747647682246
counter/7/0/0/0,20896:1747647665973:,1747647682246
counter/1/0/0/0,20468:1747647667107:,1747647682246
counter/7/0/0/0,20897:1747647665973:,1747647682246
counter/1/0/0/0,20469:1747647667107:,1747647682246
counter/7/0/0/0,20898:1747647665973:,1747647682247
counter/1/0/0/0,20470:1747647667107:,1747647682247
counter/7/0/0/0,20899:1747647665973:,1747647682247
counter/1/0/0/0,20471:1747647667107:,1747647682247
counter/7/0/0/0,20900:1747647665973:,1747647682247
counter/1/0/0/0,20472:1747647667107:,1747647682247
counter/7/0/0/0,20901:1747647665973:,1747647682247
counter/1/0/0/0,20473:1747647667107:,1747647682247
counter/7/0/0/0,20902:1747647665973:,1747647682247
counter/1/0/0/0,20474:1747647667107:,1747647682247
counter/7/0/0/0,20903:1747647665974:,1747647682247
counter/1/0/0/0,20475:1747647667107:,1747647682247
counter/7/0/0/0,20904:1747647665974:,1747647682247
counter/1/0/0/0,20476:1747647667107:,1747647682247
counter/7/0/0/0,20905:1747647665974:,1747647682247
counter/1/0/0/0,20477:1747647667112:,1747647682247
counter/7/0/0/0,20906:1747647665975:,1747647682247
counter/1/0/0/0,20478:1747647667112:,1747647682247
counter/7/0/0/0,20907:1747647665975:,1747647682247
counter/1/0/0/0,20479:1747647667112:,1747647682247
counter/1/0/0/0,20480:1747647667112:,1747647682247
counter/1/0/0/0,20481:1747647667112:,1747647682247
counter/1/0/0/0,20482:1747647667116:,1747647682247
counter/1/0/0/0,20483:1747647667116:,1747647682247
counter/1/0/0/0,20484:1747647667116:,1747647682247
counter/1/0/0/0,20485:1747647667116:,1747647682247
counter/1/0/0/0,20486:1747647667116:,1747647682247
counter/1/0/0/0,20487:1747647667139:,1747647682247
counter/1/0/0/0,20488:1747647667139:,1747647682247
counter/1/0/0/0,20489:1747647667139:,1747647682247
counter/1/0/0/0,20490:1747647667139:,1747647682247
counter/1/0/0/0,20491:1747647667139:,1747647682247
counter/1/0/0/0,20492:1747647667139:,1747647682247
counter/1/0/0/0,20493:1747647667153:,1747647682247
counter/1/0/0/0,20494:1747647667153:,1747647682247
counter/1/0/0/0,20495:1747647667153:,1747647682247
counter/1/0/0/0,20496:1747647667153:,1747647682247
counter/1/0/0/0,20497:1747647667153:,1747647682247
counter/1/0/0/0,20498:1747647667153:,1747647682247
counter/1/0/0/0,20499:1747647667153:,1747647682247
counter/1/0/0/0,20500:1747647667154:,1747647682247
counter/1/0/0/0,20501:1747647667154:,1747647682248
counter/1/0/0/0,20502:1747647667154:,1747647682248
counter/1/0/0/0,20503:1747647667160:,1747647682248
counter/1/0/0/0,20504:1747647667160:,1747647682248
counter/1/0/0/0,20505:1747647667160:,1747647682248
counter/1/0/0/0,20506:1747647667163:,1747647682248
counter/1/0/0/0,20507:1747647667163:,1747647682248
counter/1/0/0/0,20508:1747647667163:,1747647682248
counter/1/0/0/0,20509:1747647667163:,1747647682248
counter/1/0/0/0,20510:1747647667163:,1747647682248
counter/1/0/0/0,20511:1747647667165:,1747647682248
counter/1/0/0/0,20512:1747647667165:,1747647682248
counter/1/0/0/0,20513:1747647667165:,1747647682248
counter/1/0/0/0,20514:1747647667165:,1747647682248
counter/1/0/0/0,20515:1747647667165:,1747647682248
counter/1/0/0/0,20516:1747647667166:,1747647682248
counter/1/0/0/0,20517:1747647667166:,1747647682248
counter/1/0/0/0,20518:1747647667166:,1747647682248
counter/1/0/0/0,20519:1747647667166:,1747647682248
counter/1/0/0/0,20520:1747647667166:,1747647682248
counter/1/0/0/0,20521:1747647667166:,1747647682248
counter/1/0/0/0,20522:1747647667166:,1747647682248
counter/1/0/0/0,20523:1747647667166:,1747647682248
counter/1/0/0/0,20524:1747647667166:,1747647682248
counter/1/0/0/0,20525:1747647667166:,1747647682248
counter/1/0/0/0,20526:1747647667166:,1747647682248
counter/1/0/0/0,20527:1747647667166:,1747647682248
counter/1/0/0/0,20528:1747647667166:,1747647682248
counter/1/0/0/0,20529:1747647667166:,1747647682248
counter/1/0/0/0,20530:1747647667166:,1747647682248
counter/1/0/0/0,20531:1747647667166:,1747647682248
counter/1/0/0/0,20532:1747647667166:,1747647682248
counter/1/0/0/0,20533:1747647667171:,1747647682248
counter/1/0/0/0,20534:1747647667171:,1747647682248
counter/1/0/0/0,20535:1747647667171:,1747647682248
counter/1/0/0/0,20536:1747647667171:,1747647682248
counter/1/0/0/0,20537:1747647667171:,1747647682248
counter/1/0/0/0,20538:1747647667182:,1747647682248
counter/1/0/0/0,20539:1747647667182:,1747647682248
counter/1/0/0/0,20540:1747647667182:,1747647682248
counter/1/0/0/0,20541:1747647667182:,1747647682248
counter/1/0/0/0,20542:1747647667182:,1747647682249
counter/1/0/0/0,20543:1747647667182:,1747647682249
counter/1/0/0/0,20544:1747647667182:,1747647682249
counter/1/0/0/0,20545:1747647667182:,1747647682249
counter/1/0/0/0,20546:1747647667190:,1747647682249
counter/1/0/0/0,20547:1747647667190:,1747647682249
counter/1/0/0/0,20548:1747647667190:,1747647682249
counter/1/0/0/0,20549:1747647667190:,1747647682249
counter/1/0/0/0,20550:1747647667190:,1747647682249
counter/1/0/0/0,20551:1747647667190:,1747647682249
counter/1/0/0/0,20552:1747647667191:,1747647682249
counter/1/0/0/0,20553:1747647667191:,1747647682249
counter/1/0/0/0,20554:1747647667191:,1747647682249
counter/1/0/0/0,20555:1747647667191:,1747647682249
counter/1/0/0/0,20556:1747647667193:,1747647682249
counter/1/0/0/0,20557:1747647667194:,1747647682249
counter/1/0/0/0,20558:1747647667194:,1747647682249
counter/1/0/0/0,20559:1747647667194:,1747647682249
counter/1/0/0/0,20560:1747647667194:,1747647682249
counter/1/0/0/0,20561:1747647667194:,1747647682249
counter/1/0/0/0,20562:1747647667194:,1747647682249
counter/1/0/0/0,20563:1747647667199:,1747647682249
counter/1/0/0/0,20564:1747647667201:,1747647682249
counter/1/0/0/0,20565:1747647667201:,1747647682249
counter/1/0/0/0,20566:1747647667201:,1747647682249
counter/1/0/0/0,20567:1747647667201:,1747647682249
counter/1/0/0/0,20568:1747647667201:,1747647682249
counter/1/0/0/0,20569:1747647667201:,1747647682249
counter/1/0/0/0,20570:1747647667201:,1747647682249
counter/1/0/0/0,20571:1747647667201:,1747647682249
counter/1/0/0/0,20572:1747647667201:,1747647682249
counter/1/0/0/0,20573:1747647667201:,1747647682249
counter/1/0/0/0,20574:1747647667201:,1747647682249
counter/1/0/0/0,20575:1747647667201:,1747647682249
counter/1/0/0/0,20576:1747647667201:,1747647682249
counter/1/0/0/0,20577:1747647667201:,1747647682249
counter/1/0/0/0,20578:1747647667201:,1747647682249
counter/1/0/0/0,20579:1747647667201:,1747647682249
counter/1/0/0/0,20580:1747647667201:,1747647682250
counter/1/0/0/0,20581:1747647667201:,1747647682250
counter/1/0/0/0,20582:1747647667201:,1747647682250
counter/1/0/0/0,20583:1747647667201:,1747647682250
counter/1/0/0/0,20584:1747647667201:,1747647682250
counter/1/0/0/0,20585:1747647667201:,1747647682250
counter/1/0/0/0,20586:1747647667202:,1747647682250
counter/1/0/0/0,20587:1747647667202:,1747647682250
counter/1/0/0/0,20588:1747647667204:,1747647682250
counter/1/0/0/0,20589:1747647667204:,1747647682250
counter/1/0/0/0,20590:1747647667204:,1747647682250
counter/1/0/0/0,20591:1747647667204:,1747647682250
counter/1/0/0/0,20592:1747647667204:,1747647682250
counter/1/0/0/0,20593:1747647667204:,1747647682250
counter/1/0/0/0,20594:1747647667204:,1747647682250
counter/1/0/0/0,20595:1747647667204:,1747647682250
counter/1/0/0/0,20596:1747647667204:,1747647682250
counter/1/0/0/0,20597:1747647667204:,1747647682250
counter/1/0/0/0,20598:1747647667204:,1747647682250
counter/1/0/0/0,20599:1747647667209:,1747647682250
counter/1/0/0/0,20600:1747647667209:,1747647682250
counter/1/0/0/0,20601:1747647667209:,1747647682250
counter/1/0/0/0,20602:1747647667209:,1747647682250
counter/1/0/0/0,20603:1747647667209:,1747647682250
counter/1/0/0/0,20604:1747647667213:,1747647682250
counter/1/0/0/0,20605:1747647667213:,1747647682250
counter/1/0/0/0,20606:1747647667213:,1747647682250
counter/1/0/0/0,20607:1747647667214:,1747647682250
counter/1/0/0/0,20608:1747647667214:,1747647682250
counter/1/0/0/0,20609:1747647667214:,1747647682250
counter/1/0/0/0,20610:1747647667214:,1747647682250
counter/1/0/0/0,20611:1747647667214:,1747647682250
counter/1/0/0/0,20612:1747647667214:,1747647682250
counter/1/0/0/0,20613:1747647667214:,1747647682250
counter/1/0/0/0,20614:1747647667214:,1747647682250
counter/1/0/0/0,20615:1747647667214:,1747647682250
counter/1/0/0/0,20616:1747647667214:,1747647682250
counter/1/0/0/0,20617:1747647667214:,1747647682251
counter/1/0/0/0,20618:1747647667214:,1747647682251
counter/1/0/0/0,20619:1747647667214:,1747647682251
counter/1/0/0/0,20620:1747647667214:,1747647682251
counter/1/0/0/0,20621:1747647667214:,1747647682251
counter/1/0/0/0,20622:1747647667214:,1747647682251
counter/1/0/0/0,20623:1747647667214:,1747647682251
counter/1/0/0/0,20624:1747647667214:,1747647682251
counter/4/0/0/0,20032:1747647667189:,1747647682251
counter/1/0/0/0,20625:1747647667214:,1747647682251
counter/1/0/0/0,20626:1747647667214:,1747647682251
counter/7/0/0/0,20908:1747647665975:,1747647682251
counter/1/0/0/0,20627:1747647667214:,1747647682251
counter/8/0/0/0,23538:1747647667939:,1747647682251
counter/1/0/0/0,20628:1747647667214:,1747647682251
counter/1/0/0/0,20629:1747647667214:,1747647682251
counter/1/0/0/0,20630:1747647667214:,1747647682251
counter/1/0/0/0,20631:1747647667222:,1747647682251
counter/1/0/0/0,20632:1747647667223:,1747647682251
counter/1/0/0/0,20633:1747647667223:,1747647682251
counter/1/0/0/0,20634:1747647667223:,1747647682251
counter/1/0/0/0,20635:1747647667223:,1747647682251
counter/1/0/0/0,20636:1747647667223:,1747647682251
counter/1/0/0/0,20637:1747647667223:,1747647682251
counter/1/0/0/0,20638:1747647667223:,1747647682251
counter/1/0/0/0,20639:1747647667223:,1747647682251
counter/1/0/0/0,20640:1747647667228:,1747647682251
counter/1/0/0/0,20641:1747647667229:,1747647682251
counter/1/0/0/0,20642:1747647667229:,1747647682251
counter/1/0/0/0,20643:1747647667229:,1747647682251
counter/1/0/0/0,20644:1747647667229:,1747647682251
counter/1/0/0/0,20645:1747647667229:,1747647682251
counter/1/0/0/0,20646:1747647667229:,1747647682251
counter/1/0/0/0,20647:1747647667234:,1747647682251
counter/1/0/0/0,20648:1747647667234:,1747647682251
counter/1/0/0/0,20649:1747647667234:,1747647682251
counter/1/0/0/0,20650:1747647667234:,1747647682251
counter/1/0/0/0,20651:1747647667234:,1747647682251
counter/1/0/0/0,20652:1747647667234:,1747647682252
counter/1/0/0/0,20653:1747647667234:,1747647682252
counter/1/0/0/0,20654:1747647667234:,1747647682252
counter/1/0/0/0,20655:1747647667234:,1747647682252
counter/1/0/0/0,20656:1747647667236:,1747647682252
counter/1/0/0/0,20657:1747647667236:,1747647682252
counter/1/0/0/0,20658:1747647667236:,1747647682252
counter/1/0/0/0,20659:1747647667237:,1747647682252
counter/1/0/0/0,20660:1747647667237:,1747647682252
counter/1/0/0/0,20661:1747647667237:,1747647682252
counter/1/0/0/0,20662:1747647667249:,1747647682252
counter/1/0/0/0,20663:1747647667249:,1747647682252
counter/1/0/0/0,20664:1747647667251:,1747647682252
counter/1/0/0/0,20665:1747647667251:,1747647682252
counter/1/0/0/0,20666:1747647667251:,1747647682252
counter/1/0/0/0,20667:1747647667251:,1747647682252
counter/1/0/0/0,20668:1747647667251:,1747647682252
counter/1/0/0/0,20669:1747647667251:,1747647682252
counter/1/0/0/0,20670:1747647667251:,1747647682252
counter/1/0/0/0,20671:1747647667251:,1747647682252
counter/1/0/0/0,20672:1747647667251:,1747647682252
counter/1/0/0/0,20673:1747647667251:,1747647682252
counter/1/0/0/0,20674:1747647667251:,1747647682252
counter/1/0/0/0,20675:1747647667251:,1747647682252
counter/1/0/0/0,20676:1747647667251:,1747647682252
counter/1/0/0/0,20677:1747647667251:,1747647682252
counter/1/0/0/0,20678:1747647667252:,1747647682252
counter/1/0/0/0,20679:1747647667252:,1747647682252
counter/1/0/0/0,20680:1747647667252:,1747647682252
counter/1/0/0/0,20681:1747647667252:,1747647682252
counter/1/0/0/0,20682:1747647667252:,1747647682252
counter/1/0/0/0,20683:1747647667252:,1747647682252
counter/1/0/0/0,20684:1747647667252:,1747647682252
counter/1/0/0/0,20685:1747647667258:,1747647682252
counter/1/0/0/0,20686:1747647667258:,1747647682252
counter/1/0/0/0,20687:1747647667258:,1747647682252
counter/1/0/0/0,20688:1747647667258:,1747647682252
counter/1/0/0/0,20689:1747647667258:,1747647682252
counter/1/0/0/0,20690:1747647667258:,1747647682252
counter/1/0/0/0,20691:1747647667258:,1747647682252
counter/1/0/0/0,20692:1747647667258:,1747647682253
counter/1/0/0/0,20693:1747647667258:,1747647682253
counter/1/0/0/0,20694:1747647667258:,1747647682253
counter/7/0/0/0,20909:1747647665975:,1747647682253
counter/1/0/0/0,20695:1747647667258:,1747647682253
counter/10/0/0/0,19981:1747647665214:,1747647682253
counter/1/0/0/0,20696:1747647667258:,1747647682253
counter/7/0/0/0,20910:1747647665978:,1747647682253
counter/1/0/0/0,20697:1747647667258:,1747647682253
counter/5/0/0/0,22396:1747647667690:,1747647682253
counter/9/0/0/0,26340:1747647670177:,1747647682253
counter/1/0/0/0,20698:1747647667258:,1747647682253
counter/6/0/0/0,21339:1747647667896:,1747647682253
counter/1/0/0/0,20699:1747647667258:,1747647682253
counter/1/0/0/0,20700:1747647667259:,1747647682253
counter/1/0/0/0,20701:1747647667270:,1747647682253
counter/1/0/0/0,20702:1747647667270:,1747647682253
counter/1/0/0/0,20703:1747647667270:,1747647682253
counter/1/0/0/0,20704:1747647667270:,1747647682253
counter/1/0/0/0,20705:1747647667270:,1747647682253
counter/1/0/0/0,20706:1747647667270:,1747647682253
counter/1/0/0/0,20707:1747647667270:,1747647682253
counter/8/0/0/0,23539:1747647667939:,1747647682253
counter/1/0/0/0,20708:1747647667273:,1747647682253
counter/1/0/0/0,20709:1747647667273:,1747647682253
counter/1/0/0/0,20710:1747647667273:,1747647682253
counter/1/0/0/0,20711:1747647667273:,1747647682253
counter/1/0/0/0,20712:1747647667273:,1747647682253
counter/1/0/0/0,20713:1747647667273:,1747647682253
counter/1/0/0/0,20714:1747647667273:,1747647682253
counter/1/0/0/0,20715:1747647667273:,1747647682253
counter/7/0/0/0,20911:1747647665978:,1747647682253
counter/1/0/0/0,20716:1747647667273:,1747647682253
counter/7/0/0/0,20912:1747647665978:,1747647682253
counter/9/0/0/0,26341:1747647670177:,1747647682253
counter/1/0/0/0,20717:1747647667273:,1747647682253
counter/8/0/0/0,23540:1747647667939:,1747647682253
counter/3/0/0/0,21177:1747647667725:,1747647682253
counter/1/0/0/0,20718:1747647667274:,1747647682253
counter/10/0/0/0,19982:1747647665214:,1747647682253
counter/5/0/0/0,22397:1747647667690:,1747647682253
counter/1/0/0/0,20719:1747647667274:,1747647682253
counter/1/0/0/0,20720:1747647667274:,1747647682254
counter/1/0/0/0,20721:1747647667274:,1747647682254
counter/9/0/0/0,26342:1747647670177:,1747647682254
counter/1/0/0/0,20722:1747647667274:,1747647682254
counter/6/0/0/0,21340:1747647667901:,1747647682254
counter/1/0/0/0,20723:1747647667274:,1747647682254
counter/8/0/0/0,23541:1747647667940:,1747647682254
counter/3/0/0/0,21178:1747647667725:,1747647682254
counter/1/0/0/0,20724:1747647667274:,1747647682254
counter/1/0/0/0,20725:1747647667286:,1747647682254
counter/6/0/0/0,21341:1747647667901:,1747647682254
counter/5/0/0/0,22398:1747647667690:,1747647682254
counter/1/0/0/0,20726:1747647667286:,1747647682254
counter/6/0/0/0,21342:1747647667901:,1747647682254
counter/1/0/0/0,20727:1747647667288:,1747647682254
counter/9/0/0/0,26343:1747647670177:,1747647682254
counter/1/0/0/0,20728:1747647667288:,1747647682254
counter/9/0/0/0,26344:1747647670177:,1747647682254
counter/1/0/0/0,20729:1747647667288:,1747647682254
counter/9/0/0/0,26345:1747647670177:,1747647682254
counter/1/0/0/0,20730:1747647667289:,1747647682254
counter/9/0/0/0,26346:1747647670177:,1747647682254
counter/1/0/0/0,20731:1747647667293:,1747647682254
counter/9/0/0/0,26347:1747647670177:,1747647682254
counter/1/0/0/0,20732:1747647667293:,1747647682254
counter/9/0/0/0,26348:1747647670177:,1747647682254
counter/1/0/0/0,20733:1747647667293:,1747647682254
counter/9/0/0/0,26349:1747647670177:,1747647682254
counter/1/0/0/0,20734:1747647667293:,1747647682254
counter/9/0/0/0,26350:1747647670177:,1747647682254
counter/1/0/0/0,20735:1747647667293:,1747647682254
counter/9/0/0/0,26351:1747647670177:,1747647682254
counter/1/0/0/0,20736:1747647667296:,1747647682254
counter/9/0/0/0,26352:1747647670177:,1747647682254
counter/1/0/0/0,20737:1747647667296:,1747647682254
counter/9/0/0/0,26353:1747647670177:,1747647682254
counter/1/0/0/0,20738:1747647667296:,1747647682254
counter/9/0/0/0,26354:1747647670177:,1747647682254
counter/1/0/0/0,20739:1747647667296:,1747647682254
counter/9/0/0/0,26355:1747647670177:,1747647682255
counter/1/0/0/0,20740:1747647667296:,1747647682255
counter/9/0/0/0,26356:1747647670177:,1747647682255
counter/1/0/0/0,20741:1747647667300:,1747647682255
counter/9/0/0/0,26357:1747647670177:,1747647682255
counter/1/0/0/0,20742:1747647667300:,1747647682255
counter/9/0/0/0,26358:1747647670177:,1747647682255
counter/1/0/0/0,20743:1747647667300:,1747647682255
counter/9/0/0/0,26359:1747647670177:,1747647682255
counter/1/0/0/0,20744:1747647667300:,1747647682255
counter/9/0/0/0,26360:1747647670177:,1747647682255
counter/1/0/0/0,20745:1747647667300:,1747647682255
counter/9/0/0/0,26361:1747647670177:,1747647682255
counter/1/0/0/0,20746:1747647667305:,1747647682255
counter/9/0/0/0,26362:1747647670177:,1747647682255
counter/1/0/0/0,20747:1747647667305:,1747647682255
counter/9/0/0/0,26363:1747647670178:,1747647682255
counter/1/0/0/0,20748:1747647667306:,1747647682255
counter/9/0/0/0,26364:1747647670178:,1747647682255
counter/1/0/0/0,20749:1747647667306:,1747647682255
counter/9/0/0/0,26365:1747647670178:,1747647682255
counter/1/0/0/0,20750:1747647667306:,1747647682255
counter/9/0/0/0,26366:1747647670178:,1747647682255
counter/1/0/0/0,20751:1747647667306:,1747647682255
counter/9/0/0/0,26367:1747647670178:,1747647682255
counter/1/0/0/0,20752:1747647667306:,1747647682255
counter/9/0/0/0,26368:1747647670178:,1747647682255
counter/1/0/0/0,20753:1747647667306:,1747647682255
counter/9/0/0/0,26369:1747647670178:,1747647682255
counter/7/0/0/0,20913:1747647665978:,1747647682255
counter/1/0/0/0,20754:1747647667306:,1747647682255
counter/9/0/0/0,26370:1747647670178:,1747647682255
counter/7/0/0/0,20914:1747647665978:,1747647682255
counter/1/0/0/0,20755:1747647667308:,1747647682255
counter/9/0/0/0,26371:1747647670178:,1747647682255
counter/7/0/0/0,20915:1747647665978:,1747647682255
counter/8/0/0/0,23542:1747647667940:,1747647682255
counter/3/0/0/0,21179:1747647667725:,1747647682255
counter/1/0/0/0,20756:1747647667308:,1747647682255
counter/9/0/0/0,26372:1747647670178:,1747647682255
counter/3/0/0/0,21180:1747647667725:,1747647682255
counter/1/0/0/0,20757:1747647667309:,1747647682255
counter/9/0/0/0,26373:1747647670178:,1747647682255
counter/3/0/0/0,21181:1747647667725:,1747647682256
counter/1/0/0/0,20758:1747647667309:,1747647682256
counter/9/0/0/0,26374:1747647670178:,1747647682256
counter/3/0/0/0,21182:1747647667725:,1747647682256
counter/1/0/0/0,20759:1747647667330:,1747647682256
counter/9/0/0/0,26375:1747647670178:,1747647682256
counter/3/0/0/0,21183:1747647667725:,1747647682256
counter/1/0/0/0,20760:1747647667330:,1747647682256
counter/9/0/0/0,26376:1747647670178:,1747647682256
counter/3/0/0/0,21184:1747647667725:,1747647682256
counter/1/0/0/0,20761:1747647667330:,1747647682256
counter/9/0/0/0,26377:1747647670178:,1747647682256
counter/3/0/0/0,21185:1747647667727:,1747647682256
counter/1/0/0/0,20762:1747647667330:,1747647682256
counter/9/0/0/0,26378:1747647670178:,1747647682256
counter/3/0/0/0,21186:1747647667727:,1747647682256
counter/1/0/0/0,20763:1747647667330:,1747647682256
counter/9/0/0/0,26379:1747647670178:,1747647682256
counter/3/0/0/0,21187:1747647667727:,1747647682256
counter/1/0/0/0,20764:1747647667330:,1747647682256
counter/9/0/0/0,26380:1747647670178:,1747647682256
counter/3/0/0/0,21188:1747647667727:,1747647682256
counter/1/0/0/0,20765:1747647667338:,1747647682256
counter/9/0/0/0,26381:1747647670178:,1747647682256
counter/3/0/0/0,21189:1747647667727:,1747647682256
counter/1/0/0/0,20766:1747647667338:,1747647682256
counter/9/0/0/0,26382:1747647670178:,1747647682256
counter/3/0/0/0,21190:1747647667735:,1747647682256
counter/1/0/0/0,20767:1747647667338:,1747647682256
counter/9/0/0/0,26383:1747647670178:,1747647682256
counter/3/0/0/0,21191:1747647667735:,1747647682256
counter/1/0/0/0,20768:1747647667338:,1747647682256
counter/9/0/0/0,26384:1747647670178:,1747647682256
counter/3/0/0/0,21192:1747647667735:,1747647682256
counter/1/0/0/0,20769:1747647667338:,1747647682256
counter/9/0/0/0,26385:1747647670178:,1747647682256
counter/3/0/0/0,21193:1747647667735:,1747647682256
counter/1/0/0/0,20770:1747647667338:,1747647682256
counter/9/0/0/0,26386:1747647670178:,1747647682256
counter/3/0/0/0,21194:1747647667735:,1747647682257
counter/1/0/0/0,20771:1747647667338:,1747647682257
counter/9/0/0/0,26387:1747647670179:,1747647682257
counter/3/0/0/0,21195:1747647667735:,1747647682257
counter/1/0/0/0,20772:1747647667338:,1747647682257
counter/9/0/0/0,26388:1747647670179:,1747647682257
counter/3/0/0/0,21196:1747647667735:,1747647682257
counter/1/0/0/0,20773:1747647667338:,1747647682257
counter/9/0/0/0,26389:1747647670179:,1747647682257
counter/3/0/0/0,21197:1747647667735:,1747647682257
counter/1/0/0/0,20774:1747647667338:,1747647682257
counter/9/0/0/0,26390:1747647670179:,1747647682257
counter/3/0/0/0,21198:1747647667735:,1747647682257
counter/1/0/0/0,20775:1747647667338:,1747647682257
counter/9/0/0/0,26391:1747647670179:,1747647682257
counter/3/0/0/0,21199:1747647667738:,1747647682257
counter/1/0/0/0,20776:1747647667338:,1747647682257
counter/9/0/0/0,26392:1747647670179:,1747647682257
counter/3/0/0/0,21200:1747647667738:,1747647682257
counter/1/0/0/0,20777:1747647667338:,1747647682257
counter/9/0/0/0,26393:1747647670179:,1747647682257
counter/3/0/0/0,21201:1747647667738:,1747647682257
counter/1/0/0/0,20778:1747647667339:,1747647682257
counter/9/0/0/0,26394:1747647670179:,1747647682257
counter/3/0/0/0,21202:1747647667738:,1747647682257
counter/1/0/0/0,20779:1747647667339:,1747647682257
counter/9/0/0/0,26395:1747647670179:,1747647682257
counter/3/0/0/0,21203:1747647667738:,1747647682257
counter/1/0/0/0,20780:1747647667339:,1747647682257
counter/9/0/0/0,26396:1747647670179:,1747647682257
counter/3/0/0/0,21204:1747647667738:,1747647682257
counter/1/0/0/0,20781:1747647667339:,1747647682257
counter/9/0/0/0,26397:1747647670179:,1747647682257
counter/3/0/0/0,21205:1747647667759:,1747647682257
counter/1/0/0/0,20782:1747647667339:,1747647682257
counter/3/0/0/0,21206:1747647667759:,1747647682257
counter/1/0/0/0,20783:1747647667339:,1747647682257
counter/3/0/0/0,21207:1747647667759:,1747647682257
counter/1/0/0/0,20784:1747647667339:,1747647682257
counter/3/0/0/0,21208:1747647667760:,1747647682257
counter/1/0/0/0,20785:1747647667339:,1747647682258
counter/3/0/0/0,21209:1747647667760:,1747647682258
counter/1/0/0/0,20786:1747647667339:,1747647682258
counter/3/0/0/0,21210:1747647667760:,1747647682258
counter/1/0/0/0,20787:1747647667342:,1747647682258
counter/3/0/0/0,21211:1747647667760:,1747647682258
counter/1/0/0/0,20788:1747647667342:,1747647682258
counter/3/0/0/0,21212:1747647667760:,1747647682258
counter/1/0/0/0,20789:1747647667342:,1747647682258
counter/3/0/0/0,21213:1747647667760:,1747647682258
counter/1/0/0/0,20790:1747647667348:,1747647682258
counter/3/0/0/0,21214:1747647667760:,1747647682258
counter/1/0/0/0,20791:1747647667348:,1747647682258
counter/3/0/0/0,21215:1747647667762:,1747647682258
counter/1/0/0/0,20792:1747647667348:,1747647682258
counter/3/0/0/0,21216:1747647667762:,1747647682258
counter/1/0/0/0,20793:1747647667348:,1747647682258
counter/3/0/0/0,21217:1747647667762:,1747647682258
counter/1/0/0/0,20794:1747647667348:,1747647682258
counter/3/0/0/0,21218:1747647667762:,1747647682258
counter/1/0/0/0,20795:1747647667348:,1747647682258
counter/3/0/0/0,21219:1747647667762:,1747647682258
counter/1/0/0/0,20796:1747647667348:,1747647682258
counter/3/0/0/0,21220:1747647667762:,1747647682258
counter/1/0/0/0,20797:1747647667349:,1747647682258
counter/3/0/0/0,21221:1747647667763:,1747647682258
counter/6/0/0/0,21343:1747647667901:,1747647682258
counter/1/0/0/0,20798:1747647667351:,1747647682258
counter/3/0/0/0,21222:1747647667763:,1747647682258
counter/5/0/0/0,22399:1747647667690:,1747647682258
counter/10/0/0/0,19983:1747647665214:,1747647682258
counter/1/0/0/0,20799:1747647667351:,1747647682258
counter/3/0/0/0,21223:1747647667763:,1747647682258
counter/1/0/0/0,20800:1747647667351:,1747647682258
counter/3/0/0/0,21224:1747647667763:,1747647682258
counter/1/0/0/0,20801:1747647667351:,1747647682258
counter/3/0/0/0,21225:1747647667763:,1747647682258
counter/7/0/0/0,20916:1747647665979:,1747647682258
counter/1/0/0/0,20802:1747647667351:,1747647682258
counter/3/0/0/0,21226:1747647667763:,1747647682258
counter/7/0/0/0,20917:1747647665985:,1747647682259
counter/8/0/0/0,23543:1747647667940:,1747647682259
counter/1/0/0/0,20803:1747647667351:,1747647682259
counter/3/0/0/0,21227:1747647667763:,1747647682259
counter/5/0/0/0,22400:1747647667690:,1747647682259
counter/10/0/0/0,19984:1747647665214:,1747647682259
counter/1/0/0/0,20804:1747647667351:,1747647682259
counter/3/0/0/0,21228:1747647667771:,1747647682259
counter/9/0/0/0,26398:1747647670179:,1747647682259
counter/1/0/0/0,20805:1747647667351:,1747647682259
counter/3/0/0/0,21229:1747647667771:,1747647682259
counter/9/0/0/0,26399:1747647670179:,1747647682259
counter/4/0/0/0,20033:1747647667189:,1747647682259
counter/1/0/0/0,20806:1747647667351:,1747647682259
counter/3/0/0/0,21230:1747647667771:,1747647682259
counter/1/0/0/0,20807:1747647667351:,1747647682259
counter/3/0/0/0,21231:1747647667771:,1747647682259
counter/1/0/0/0,20808:1747647667351:,1747647682259
counter/3/0/0/0,21232:1747647667771:,1747647682259
counter/1/0/0/0,20809:1747647667352:,1747647682259
counter/3/0/0/0,21233:1747647667771:,1747647682259
counter/1/0/0/0,20810:1747647667352:,1747647682259
counter/3/0/0/0,21234:1747647667772:,1747647682259
counter/1/0/0/0,20811:1747647667352:,1747647682259
counter/3/0/0/0,21235:1747647667773:,1747647682259
counter/1/0/0/0,20812:1747647667352:,1747647682259
counter/3/0/0/0,21236:1747647667773:,1747647682259
counter/1/0/0/0,20813:1747647667352:,1747647682259
counter/3/0/0/0,21237:1747647667773:,1747647682259
counter/1/0/0/0,20814:1747647667352:,1747647682259
counter/3/0/0/0,21238:1747647667773:,1747647682259
counter/1/0/0/0,20815:1747647667352:,1747647682259
counter/3/0/0/0,21239:1747647667773:,1747647682259
counter/1/0/0/0,20816:1747647667354:,1747647682259
counter/3/0/0/0,21240:1747647667784:,1747647682260
counter/1/0/0/0,20817:1747647667354:,1747647682260
counter/3/0/0/0,21241:1747647667784:,1747647682260
counter/1/0/0/0,20818:1747647667363:,1747647682260
counter/3/0/0/0,21242:1747647667784:,1747647682260
counter/1/0/0/0,20819:1747647667364:,1747647682260
counter/3/0/0/0,21243:1747647667784:,1747647682260
counter/1/0/0/0,20820:1747647667364:,1747647682260
counter/3/0/0/0,21244:1747647667784:,1747647682260
counter/1/0/0/0,20821:1747647667364:,1747647682260
counter/3/0/0/0,21245:1747647667787:,1747647682260
counter/1/0/0/0,20822:1747647667364:,1747647682260
counter/3/0/0/0,21246:1747647667787:,1747647682260
counter/1/0/0/0,20823:1747647667364:,1747647682260
counter/3/0/0/0,21247:1747647667787:,1747647682260
counter/1/0/0/0,20824:1747647667364:,1747647682260
counter/3/0/0/0,21248:1747647667787:,1747647682260
counter/1/0/0/0,20825:1747647667364:,1747647682260
counter/3/0/0/0,21249:1747647667787:,1747647682260
counter/1/0/0/0,20826:1747647667364:,1747647682260
counter/3/0/0/0,21250:1747647667788:,1747647682260
counter/1/0/0/0,20827:1747647667365:,1747647682260
counter/3/0/0/0,21251:1747647667788:,1747647682260
counter/1/0/0/0,20828:1747647667365:,1747647682260
counter/3/0/0/0,21252:1747647667795:,1747647682260
counter/1/0/0/0,20829:1747647667365:,1747647682260
counter/3/0/0/0,21253:1747647667795:,1747647682260
counter/1/0/0/0,20830:1747647667366:,1747647682260
counter/3/0/0/0,21254:1747647667795:,1747647682260
counter/1/0/0/0,20831:1747647667366:,1747647682260
counter/3/0/0/0,21255:1747647667795:,1747647682260
counter/1/0/0/0,20832:1747647667366:,1747647682260
counter/3/0/0/0,21256:1747647667795:,1747647682260
counter/1/0/0/0,20833:1747647667366:,1747647682260
counter/3/0/0/0,21257:1747647667795:,1747647682260
counter/1/0/0/0,20834:1747647667366:,1747647682260
counter/3/0/0/0,21258:1747647667795:,1747647682260
counter/1/0/0/0,20835:1747647667366:,1747647682260
counter/3/0/0/0,21259:1747647667797:,1747647682260
counter/1/0/0/0,20836:1747647667366:,1747647682260
counter/3/0/0/0,21260:1747647667797:,1747647682260
counter/1/0/0/0,20837:1747647667366:,1747647682261
counter/3/0/0/0,21261:1747647667797:,1747647682261
counter/1/0/0/0,20838:1747647667368:,1747647682261
counter/3/0/0/0,21262:1747647667797:,1747647682261
counter/1/0/0/0,20839:1747647667368:,1747647682261
counter/3/0/0/0,21263:1747647667807:,1747647682261
counter/1/0/0/0,20840:1747647667368:,1747647682261
counter/3/0/0/0,21264:1747647667807:,1747647682261
counter/1/0/0/0,20841:1747647667374:,1747647682261
counter/3/0/0/0,21265:1747647667807:,1747647682261
counter/1/0/0/0,20842:1747647667387:,1747647682261
counter/3/0/0/0,21266:1747647667808:,1747647682261
counter/1/0/0/0,20843:1747647667387:,1747647682261
counter/3/0/0/0,21267:1747647667808:,1747647682261
counter/1/0/0/0,20844:1747647667387:,1747647682261
counter/3/0/0/0,21268:1747647667808:,1747647682261
counter/1/0/0/0,20845:1747647667387:,1747647682261
counter/3/0/0/0,21269:1747647667808:,1747647682261
counter/1/0/0/0,20846:1747647667387:,1747647682261
counter/3/0/0/0,21270:1747647667808:,1747647682261
counter/1/0/0/0,20847:1747647667387:,1747647682261
counter/3/0/0/0,21271:1747647667808:,1747647682261
counter/1/0/0/0,20848:1747647667387:,1747647682261
counter/3/0/0/0,21272:1747647667808:,1747647682261
counter/1/0/0/0,20849:1747647667413:,1747647682261
counter/3/0/0/0,21273:1747647667809:,1747647682261
counter/1/0/0/0,20850:1747647667413:,1747647682261
counter/3/0/0/0,21274:1747647667809:,1747647682261
counter/6/0/0/0,21344:1747647667901:,1747647682261
counter/1/0/0/0,20851:1747647667413:,1747647682261
counter/3/0/0/0,21275:1747647667809:,1747647682261
counter/9/0/0/0,26400:1747647670179:,1747647682261
counter/10/0/0/0,19985:1747647665214:,1747647682261
counter/1/0/0/0,20852:1747647667413:,1747647682261
counter/3/0/0/0,21276:1747647667812:,1747647682261
counter/4/0/0/0,20034:1747647667189:,1747647682261
counter/1/0/0/0,20853:1747647667413:,1747647682261
counter/3/0/0/0,21277:1747647667813:,1747647682261
counter/1/0/0/0,20854:1747647667413:,1747647682262
counter/3/0/0/0,21278:1747647667821:,1747647682262
counter/1/0/0/0,20855:1747647667414:,1747647682262
counter/3/0/0/0,21279:1747647667821:,1747647682262
counter/1/0/0/0,20856:1747647667414:,1747647682262
counter/3/0/0/0,21280:1747647667821:,1747647682262
counter/1/0/0/0,20857:1747647667414:,1747647682262
counter/3/0/0/0,21281:1747647667821:,1747647682262
counter/1/0/0/0,20858:1747647667414:,1747647682262
counter/3/0/0/0,21282:1747647667821:,1747647682262
counter/7/0/0/0,20918:1747647665985:,1747647682262
counter/1/0/0/0,20859:1747647667414:,1747647682262
counter/3/0/0/0,21283:1747647667821:,1747647682262
counter/5/0/0/0,22401:1747647667690:,1747647682262
counter/1/0/0/0,20860:1747647667414:,1747647682262
counter/3/0/0/0,21284:1747647667821:,1747647682262
counter/1/0/0/0,20861:1747647667414:,1747647682262
counter/3/0/0/0,21285:1747647667821:,1747647682262
counter/1/0/0/0,20862:1747647667414:,1747647682262
counter/3/0/0/0,21286:1747647667821:,1747647682262
counter/1/0/0/0,20863:1747647667414:,1747647682262
counter/3/0/0/0,21287:1747647667821:,1747647682262
counter/1/0/0/0,20864:1747647667414:,1747647682262
counter/3/0/0/0,21288:1747647667827:,1747647682262
counter/1/0/0/0,20865:1747647667414:,1747647682262
counter/3/0/0/0,21289:1747647667831:,1747647682262
counter/1/0/0/0,20866:1747647667414:,1747647682262
counter/3/0/0/0,21290:1747647667831:,1747647682262
counter/1/0/0/0,20867:1747647667426:,1747647682262
counter/3/0/0/0,21291:1747647667831:,1747647682262
counter/1/0/0/0,20868:1747647667426:,1747647682262
counter/3/0/0/0,21292:1747647667832:,1747647682262
counter/1/0/0/0,20869:1747647667426:,1747647682262
counter/3/0/0/0,21293:1747647667832:,1747647682262
counter/1/0/0/0,20870:1747647667426:,1747647682262
counter/3/0/0/0,21294:1747647667832:,1747647682262
counter/1/0/0/0,20871:1747647667426:,1747647682262
counter/3/0/0/0,21295:1747647667832:,1747647682262
counter/1/0/0/0,20872:1747647667426:,1747647682263
counter/3/0/0/0,21296:1747647667832:,1747647682263
counter/1/0/0/0,20873:1747647667426:,1747647682263
counter/3/0/0/0,21297:1747647667832:,1747647682263
counter/1/0/0/0,20874:1747647667426:,1747647682263
counter/3/0/0/0,21298:1747647667843:,1747647682263
counter/1/0/0/0,20875:1747647667426:,1747647682263
counter/3/0/0/0,21299:1747647667844:,1747647682263
counter/1/0/0/0,20876:1747647667436:,1747647682263
counter/3/0/0/0,21300:1747647667844:,1747647682263
counter/1/0/0/0,20877:1747647667436:,1747647682263
counter/3/0/0/0,21301:1747647667844:,1747647682263
counter/1/0/0/0,20878:1747647667436:,1747647682263
counter/3/0/0/0,21302:1747647667844:,1747647682263
counter/1/0/0/0,20879:1747647667436:,1747647682263
counter/3/0/0/0,21303:1747647667844:,1747647682263
counter/1/0/0/0,20880:1747647667436:,1747647682263
counter/3/0/0/0,21304:1747647667844:,1747647682263
counter/1/0/0/0,20881:1747647667436:,1747647682263
counter/3/0/0/0,21305:1747647667844:,1747647682263
counter/1/0/0/0,20882:1747647667436:,1747647682263
counter/3/0/0/0,21306:1747647667844:,1747647682263
counter/1/0/0/0,20883:1747647667436:,1747647682263
counter/3/0/0/0,21307:1747647667844:,1747647682263
counter/1/0/0/0,20884:1747647667436:,1747647682263
counter/3/0/0/0,21308:1747647667844:,1747647682263
counter/1/0/0/0,20885:1747647667436:,1747647682263
counter/3/0/0/0,21309:1747647667844:,1747647682263
counter/1/0/0/0,20886:1747647667443:,1747647682263
counter/3/0/0/0,21310:1747647667846:,1747647682263
counter/1/0/0/0,20887:1747647667443:,1747647682263
counter/3/0/0/0,21311:1747647667846:,1747647682263
counter/10/0/0/0,19986:1747647665214:,1747647682263
counter/1/0/0/0,20888:1747647667443:,1747647682263
counter/3/0/0/0,21312:1747647667846:,1747647682263
counter/1/0/0/0,20889:1747647667443:,1747647682263
counter/3/0/0/0,21313:1747647667846:,1747647682263
counter/1/0/0/0,20890:1747647667443:,1747647682263
counter/3/0/0/0,21314:1747647667859:,1747647682263
counter/1/0/0/0,20891:1747647667443:,1747647682263
counter/3/0/0/0,21315:1747647667859:,1747647682264
counter/1/0/0/0,20892:1747647667443:,1747647682264
counter/3/0/0/0,21316:1747647667859:,1747647682264
counter/1/0/0/0,20893:1747647667443:,1747647682264
counter/3/0/0/0,21317:1747647667859:,1747647682264
counter/1/0/0/0,20894:1747647667443:,1747647682264
counter/3/0/0/0,21318:1747647667859:,1747647682264
counter/1/0/0/0,20895:1747647667443:,1747647682264
counter/3/0/0/0,21319:1747647667859:,1747647682264
counter/1/0/0/0,20896:1747647667443:,1747647682264
counter/3/0/0/0,21320:1747647667859:,1747647682264
counter/1/0/0/0,20897:1747647667443:,1747647682264
counter/3/0/0/0,21321:1747647667859:,1747647682264
counter/1/0/0/0,20898:1747647667444:,1747647682264
counter/3/0/0/0,21322:1747647667859:,1747647682264
counter/1/0/0/0,20899:1747647667453:,1747647682264
counter/3/0/0/0,21323:1747647667859:,1747647682264
counter/1/0/0/0,20900:1747647667453:,1747647682264
counter/3/0/0/0,21324:1747647667859:,1747647682264
counter/1/0/0/0,20901:1747647667453:,1747647682264
counter/3/0/0/0,21325:1747647667859:,1747647682264
counter/1/0/0/0,20902:1747647667453:,1747647682264
counter/3/0/0/0,21326:1747647667859:,1747647682264
counter/1/0/0/0,20903:1747647667453:,1747647682264
counter/3/0/0/0,21327:1747647667859:,1747647682264
counter/1/0/0/0,20904:1747647667453:,1747647682264
counter/3/0/0/0,21328:1747647667859:,1747647682264
counter/1/0/0/0,20905:1747647667453:,1747647682264
counter/3/0/0/0,21329:1747647667859:,1747647682264
counter/1/0/0/0,20906:1747647667458:,1747647682264
counter/3/0/0/0,21330:1747647667862:,1747647682264
counter/1/0/0/0,20907:1747647667458:,1747647682264
counter/3/0/0/0,21331:1747647667862:,1747647682264
counter/1/0/0/0,20908:1747647667458:,1747647682264
counter/3/0/0/0,21332:1747647667862:,1747647682265
counter/1/0/0/0,20909:1747647667458:,1747647682265
counter/3/0/0/0,21333:1747647667862:,1747647682265
counter/1/0/0/0,20910:1747647667467:,1747647682265
counter/3/0/0/0,21334:1747647667862:,1747647682265
counter/1/0/0/0,20911:1747647667467:,1747647682265
counter/3/0/0/0,21335:1747647667862:,1747647682265
counter/1/0/0/0,20912:1747647667467:,1747647682265
counter/3/0/0/0,21336:1747647667862:,1747647682265
counter/1/0/0/0,20913:1747647667467:,1747647682265
counter/3/0/0/0,21337:1747647667862:,1747647682265
counter/1/0/0/0,20914:1747647667467:,1747647682265
counter/3/0/0/0,21338:1747647667863:,1747647682265
counter/1/0/0/0,20915:1747647667467:,1747647682265
counter/3/0/0/0,21339:1747647667863:,1747647682265
counter/1/0/0/0,20916:1747647667467:,1747647682265
counter/3/0/0/0,21340:1747647667863:,1747647682265
counter/1/0/0/0,20917:1747647667467:,1747647682265
counter/3/0/0/0,21341:1747647667863:,1747647682265
counter/1/0/0/0,20918:1747647667467:,1747647682265
counter/3/0/0/0,21342:1747647667863:,1747647682265
counter/1/0/0/0,20919:1747647667467:,1747647682265
counter/3/0/0/0,21343:1747647667863:,1747647682265
counter/1/0/0/0,20920:1747647667478:,1747647682265
counter/3/0/0/0,21344:1747647667863:,1747647682265
counter/4/0/0/0,20035:1747647667189:,1747647682265
counter/1/0/0/0,20921:1747647667478:,1747647682265
counter/3/0/0/0,21345:1747647667869:,1747647682265
counter/1/0/0/0,20922:1747647667478:,1747647682265
counter/3/0/0/0,21346:1747647667869:,1747647682265
counter/1/0/0/0,20923:1747647667478:,1747647682265
counter/3/0/0/0,21347:1747647667869:,1747647682265
counter/1/0/0/0,20924:1747647667478:,1747647682265
counter/3/0/0/0,21348:1747647667869:,1747647682265
counter/9/0/0/0,26401:1747647670179:,1747647682265
counter/1/0/0/0,20925:1747647667478:,1747647682265
counter/3/0/0/0,21349:1747647667869:,1747647682265
counter/4/0/0/0,20036:1747647667189:,1747647682265
counter/10/0/0/0,19987:1747647665226:,1747647682265
counter/1/0/0/0,20926:1747647667478:,1747647682265
counter/3/0/0/0,21350:1747647667869:,1747647682266
counter/8/0/0/0,23544:1747647667940:,1747647682266
counter/1/0/0/0,20927:1747647667478:,1747647682266
counter/3/0/0/0,21351:1747647667869:,1747647682266
counter/1/0/0/0,20928:1747647667478:,1747647682266
counter/3/0/0/0,21352:1747647667880:,1747647682266
counter/1/0/0/0,20929:1747647667484:,1747647682266
counter/3/0/0/0,21353:1747647667880:,1747647682266
counter/1/0/0/0,20930:1747647667484:,1747647682266
counter/3/0/0/0,21354:1747647667880:,1747647682266
counter/1/0/0/0,20931:1747647667484:,1747647682266
counter/3/0/0/0,21355:1747647667880:,1747647682266
counter/1/0/0/0,20932:1747647667484:,1747647682266
counter/3/0/0/0,21356:1747647667882:,1747647682266
counter/1/0/0/0,20933:1747647667484:,1747647682266
counter/3/0/0/0,21357:1747647667882:,1747647682266
counter/1/0/0/0,20934:1747647667484:,1747647682266
counter/3/0/0/0,21358:1747647667882:,1747647682266
counter/1/0/0/0,20935:1747647667484:,1747647682266
counter/3/0/0/0,21359:1747647667882:,1747647682266
counter/1/0/0/0,20936:1747647667484:,1747647682266
counter/3/0/0/0,21360:1747647667884:,1747647682266
counter/1/0/0/0,20937:1747647667484:,1747647682266
counter/3/0/0/0,21361:1747647667884:,1747647682266
counter/1/0/0/0,20938:1747647667484:,1747647682266
counter/3/0/0/0,21362:1747647667884:,1747647682266
counter/1/0/0/0,20939:1747647667484:,1747647682266
counter/3/0/0/0,21363:1747647667884:,1747647682266
counter/1/0/0/0,20940:1747647667484:,1747647682266
counter/3/0/0/0,21364:1747647667884:,1747647682266
counter/1/0/0/0,20941:1747647667484:,1747647682266
counter/3/0/0/0,21365:1747647667884:,1747647682266
counter/1/0/0/0,20942:1747647667484:,1747647682266
counter/3/0/0/0,21366:1747647667884:,1747647682266
counter/1/0/0/0,20943:1747647667484:,1747647682266
counter/3/0/0/0,21367:1747647667884:,1747647682266
counter/1/0/0/0,20944:1747647667485:,1747647682266
counter/3/0/0/0,21368:1747647667884:,1747647682266
counter/1/0/0/0,20945:1747647667485:,1747647682266
counter/3/0/0/0,21369:1747647667893:,1747647682266
counter/1/0/0/0,20946:1747647667485:,1747647682267
counter/3/0/0/0,21370:1747647667893:,1747647682267
counter/1/0/0/0,20947:1747647667485:,1747647682267
counter/3/0/0/0,21371:1747647667893:,1747647682267
counter/1/0/0/0,20948:1747647667485:,1747647682267
counter/3/0/0/0,21372:1747647667893:,1747647682267
counter/1/0/0/0,20949:1747647667485:,1747647682267
counter/3/0/0/0,21373:1747647667893:,1747647682267
counter/1/0/0/0,20950:1747647667485:,1747647682267
counter/3/0/0/0,21374:1747647667896:,1747647682267
counter/1/0/0/0,20951:1747647667485:,1747647682267
counter/3/0/0/0,21375:1747647667896:,1747647682267
counter/1/0/0/0,20952:1747647667485:,1747647682267
counter/3/0/0/0,21376:1747647667896:,1747647682267
counter/1/0/0/0,20953:1747647667485:,1747647682267
counter/3/0/0/0,21377:1747647667896:,1747647682267
counter/1/0/0/0,20954:1747647667485:,1747647682267
counter/3/0/0/0,21378:1747647667896:,1747647682267
counter/1/0/0/0,20955:1747647667485:,1747647682267
counter/3/0/0/0,21379:1747647667896:,1747647682267
counter/1/0/0/0,20956:1747647667485:,1747647682267
counter/3/0/0/0,21380:1747647667897:,1747647682267
counter/1/0/0/0,20957:1747647667485:,1747647682267
counter/3/0/0/0,21381:1747647667897:,1747647682267
counter/1/0/0/0,20958:1747647667485:,1747647682267
counter/3/0/0/0,21382:1747647667899:,1747647682267
counter/1/0/0/0,20959:1747647667485:,1747647682267
counter/3/0/0/0,21383:1747647667899:,1747647682267
counter/1/0/0/0,20960:1747647667485:,1747647682267
counter/3/0/0/0,21384:1747647667899:,1747647682267
counter/1/0/0/0,20961:1747647667486:,1747647682267
counter/3/0/0/0,21385:1747647667899:,1747647682267
counter/1/0/0/0,20962:1747647667486:,1747647682267
counter/3/0/0/0,21386:1747647667899:,1747647682267
counter/1/0/0/0,20963:1747647667486:,1747647682267
counter/3/0/0/0,21387:1747647667899:,1747647682267
counter/1/0/0/0,20964:1747647667486:,1747647682267
counter/3/0/0/0,21388:1747647667899:,1747647682267
counter/1/0/0/0,20965:1747647667486:,1747647682267
counter/3/0/0/0,21389:1747647667899:,1747647682267
counter/1/0/0/0,20966:1747647667486:,1747647682267
counter/3/0/0/0,21390:1747647667899:,1747647682268
counter/8/0/0/0,23545:1747647667943:,1747647682268
counter/1/0/0/0,20967:1747647667486:,1747647682268
counter/3/0/0/0,21391:1747647667899:,1747647682268
counter/10/0/0/0,19988:1747647665226:,1747647682268
counter/7/0/0/0,20919:1747647665985:,1747647682268
counter/1/0/0/0,20968:1747647667487:,1747647682268
counter/3/0/0/0,21392:1747647667899:,1747647682268
counter/5/0/0/0,22402:1747647667690:,1747647682268
counter/1/0/0/0,20969:1747647667487:,1747647682268
counter/3/0/0/0,21393:1747647667899:,1747647682268
counter/1/0/0/0,20970:1747647667488:,1747647682268
counter/3/0/0/0,21394:1747647667899:,1747647682268
counter/1/0/0/0,20971:1747647667488:,1747647682268
counter/3/0/0/0,21395:1747647667899:,1747647682268
counter/1/0/0/0,20972:1747647667488:,1747647682268
counter/3/0/0/0,21396:1747647667899:,1747647682268
counter/1/0/0/0,20973:1747647667488:,1747647682268
counter/3/0/0/0,21397:1747647667899:,1747647682268
counter/1/0/0/0,20974:1747647667488:,1747647682268
counter/3/0/0/0,21398:1747647667899:,1747647682268
counter/1/0/0/0,20975:1747647667488:,1747647682268
counter/3/0/0/0,21399:1747647667900:,1747647682268
counter/1/0/0/0,20976:1747647667488:,1747647682268
counter/3/0/0/0,21400:1747647667900:,1747647682268
counter/1/0/0/0,20977:1747647667488:,1747647682268
counter/3/0/0/0,21401:1747647667900:,1747647682268
counter/1/0/0/0,20978:1747647667493:,1747647682268
counter/3/0/0/0,21402:1747647667901:,1747647682268
counter/1/0/0/0,20979:1747647667493:,1747647682268
counter/3/0/0/0,21403:1747647667902:,1747647682268
counter/1/0/0/0,20980:1747647667493:,1747647682268
counter/3/0/0/0,21404:1747647667904:,1747647682268
counter/7/0/0/0,20920:1747647665985:,1747647682268
counter/1/0/0/0,20981:1747647667493:,1747647682268
counter/3/0/0/0,21405:1747647667904:,1747647682268
counter/7/0/0/0,20921:1747647665985:,1747647682268
counter/5/0/0/0,22403:1747647667690:,1747647682268
counter/1/0/0/0,20982:1747647667493:,1747647682268
counter/3/0/0/0,21406:1747647667904:,1747647682268
counter/7/0/0/0,20922:1747647665985:,1747647682269
counter/1/0/0/0,20983:1747647667493:,1747647682269
counter/3/0/0/0,21407:1747647667904:,1747647682269
counter/7/0/0/0,20923:1747647665985:,1747647682269
counter/1/0/0/0,20984:1747647667493:,1747647682269
counter/3/0/0/0,21408:1747647667904:,1747647682269
counter/7/0/0/0,20924:1747647665985:,1747647682269
counter/1/0/0/0,20985:1747647667493:,1747647682269
counter/3/0/0/0,21409:1747647667911:,1747647682269
counter/7/0/0/0,20925:1747647665987:,1747647682269
counter/1/0/0/0,20986:1747647667493:,1747647682269
counter/3/0/0/0,21410:1747647667911:,1747647682269
counter/7/0/0/0,20926:1747647665987:,1747647682269
counter/1/0/0/0,20987:1747647667493:,1747647682269
counter/3/0/0/0,21411:1747647667912:,1747647682269
counter/7/0/0/0,20927:1747647665987:,1747647682269
counter/1/0/0/0,20988:1747647667497:,1747647682269
counter/3/0/0/0,21412:1747647667912:,1747647682269
counter/7/0/0/0,20928:1747647665987:,1747647682269
counter/1/0/0/0,20989:1747647667498:,1747647682269
counter/3/0/0/0,21413:1747647667912:,1747647682269
counter/7/0/0/0,20929:1747647665987:,1747647682269
counter/1/0/0/0,20990:1747647667498:,1747647682269
counter/3/0/0/0,21414:1747647667912:,1747647682269
counter/7/0/0/0,20930:1747647665987:,1747647682269
counter/1/0/0/0,20991:1747647667498:,1747647682269
counter/3/0/0/0,21415:1747647667912:,1747647682269
counter/7/0/0/0,20931:1747647665987:,1747647682269
counter/1/0/0/0,20992:1747647667498:,1747647682269
counter/3/0/0/0,21416:1747647667912:,1747647682269
counter/7/0/0/0,20932:1747647665987:,1747647682269
counter/1/0/0/0,20993:1747647667498:,1747647682269
counter/3/0/0/0,21417:1747647667912:,1747647682269
counter/7/0/0/0,20933:1747647665987:,1747647682269
counter/1/0/0/0,20994:1747647667498:,1747647682269
counter/3/0/0/0,21418:1747647667912:,1747647682269
counter/7/0/0/0,20934:1747647665993:,1747647682269
counter/1/0/0/0,20995:1747647667498:,1747647682269
counter/3/0/0/0,21419:1747647667913:,1747647682270
counter/7/0/0/0,20935:1747647665993:,1747647682270
counter/1/0/0/0,20996:1747647667498:,1747647682270
counter/3/0/0/0,21420:1747647667913:,1747647682270
counter/7/0/0/0,20936:1747647665993:,1747647682270
counter/1/0/0/0,20997:1747647667498:,1747647682270
counter/3/0/0/0,21421:1747647667916:,1747647682270
counter/7/0/0/0,20937:1747647665993:,1747647682270
counter/1/0/0/0,20998:1747647667498:,1747647682270
counter/3/0/0/0,21422:1747647667916:,1747647682270
counter/7/0/0/0,20938:1747647665993:,1747647682270
counter/1/0/0/0,20999:1747647667498:,1747647682270
counter/3/0/0/0,21423:1747647667916:,1747647682270
counter/7/0/0/0,20939:1747647665993:,1747647682270
counter/1/0/0/0,21000:1747647667498:,1747647682270
counter/3/0/0/0,21424:1747647667916:,1747647682270
counter/7/0/0/0,20940:1747647666004:,1747647682270
counter/1/0/0/0,21001:1747647667498:,1747647682270
counter/3/0/0/0,21425:1747647667916:,1747647682270
counter/7/0/0/0,20941:1747647666008:,1747647682270
counter/1/0/0/0,21002:1747647667498:,1747647682270
counter/3/0/0/0,21426:1747647667916:,1747647682270
counter/7/0/0/0,20942:1747647666008:,1747647682270
counter/1/0/0/0,21003:1747647667498:,1747647682270
counter/3/0/0/0,21427:1747647667916:,1747647682270
counter/7/0/0/0,20943:1747647666008:,1747647682270
counter/1/0/0/0,21004:1747647667498:,1747647682270
counter/3/0/0/0,21428:1747647667916:,1747647682270
counter/7/0/0/0,20944:1747647666008:,1747647682270
counter/1/0/0/0,21005:1747647667498:,1747647682270
counter/3/0/0/0,21429:1747647667916:,1747647682270
counter/7/0/0/0,20945:1747647666008:,1747647682270
counter/1/0/0/0,21006:1747647667498:,1747647682270
counter/3/0/0/0,21430:1747647667916:,1747647682270
counter/7/0/0/0,20946:1747647666008:,1747647682270
counter/1/0/0/0,21007:1747647667498:,1747647682270
counter/3/0/0/0,21431:1747647667916:,1747647682270
counter/7/0/0/0,20947:1747647666008:,1747647682270
counter/1/0/0/0,21008:1747647667498:,1747647682270
counter/3/0/0/0,21432:1747647667916:,1747647682270
counter/7/0/0/0,20948:1747647666008:,1747647682270
counter/1/0/0/0,21009:1747647667498:,1747647682270
counter/3/0/0/0,21433:1747647667916:,1747647682271
counter/7/0/0/0,20949:1747647666010:,1747647682271
counter/1/0/0/0,21010:1747647667498:,1747647682271
counter/3/0/0/0,21434:1747647667916:,1747647682271
counter/7/0/0/0,20950:1747647666010:,1747647682271
counter/1/0/0/0,21011:1747647667498:,1747647682271
counter/3/0/0/0,21435:1747647667916:,1747647682271
counter/7/0/0/0,20951:1747647666010:,1747647682271
counter/1/0/0/0,21012:1747647667499:,1747647682271
counter/3/0/0/0,21436:1747647667916:,1747647682271
counter/7/0/0/0,20952:1747647666010:,1747647682271
counter/1/0/0/0,21013:1747647667500:,1747647682271
counter/3/0/0/0,21437:1747647667917:,1747647682271
counter/7/0/0/0,20953:1747647666011:,1747647682271
counter/1/0/0/0,21014:1747647667511:,1747647682271
counter/3/0/0/0,21438:1747647667917:,1747647682271
counter/7/0/0/0,20954:1747647666011:,1747647682271
counter/1/0/0/0,21015:1747647667511:,1747647682271
counter/3/0/0/0,21439:1747647667917:,1747647682271
counter/7/0/0/0,20955:1747647666011:,1747647682271
counter/1/0/0/0,21016:1747647667511:,1747647682271
counter/3/0/0/0,21440:1747647667917:,1747647682271
counter/7/0/0/0,20956:1747647666011:,1747647682271
counter/1/0/0/0,21017:1747647667511:,1747647682271
counter/3/0/0/0,21441:1747647667921:,1747647682271
counter/7/0/0/0,20957:1747647666011:,1747647682271
counter/1/0/0/0,21018:1747647667511:,1747647682271
counter/3/0/0/0,21442:1747647667923:,1747647682271
counter/7/0/0/0,20958:1747647666011:,1747647682271
counter/1/0/0/0,21019:1747647667511:,1747647682271
counter/3/0/0/0,21443:1747647667923:,1747647682271
counter/7/0/0/0,20959:1747647666011:,1747647682271
counter/1/0/0/0,21020:1747647667511:,1747647682271
counter/3/0/0/0,21444:1747647667923:,1747647682271
counter/7/0/0/0,20960:1747647666011:,1747647682271
counter/1/0/0/0,21021:1747647667511:,1747647682271
counter/3/0/0/0,21445:1747647667923:,1747647682271
counter/7/0/0/0,20961:1747647666011:,1747647682271
counter/1/0/0/0,21022:1747647667511:,1747647682272
counter/3/0/0/0,21446:1747647667923:,1747647682272
counter/7/0/0/0,20962:1747647666011:,1747647682272
counter/1/0/0/0,21023:1747647667511:,1747647682272
counter/3/0/0/0,21447:1747647667927:,1747647682272
counter/7/0/0/0,20963:1747647666011:,1747647682272
counter/1/0/0/0,21024:1747647667511:,1747647682272
counter/3/0/0/0,21448:1747647667927:,1747647682272
counter/7/0/0/0,20964:1747647666011:,1747647682272
counter/1/0/0/0,21025:1747647667511:,1747647682272
counter/3/0/0/0,21449:1747647667927:,1747647682272
counter/7/0/0/0,20965:1747647666011:,1747647682272
counter/1/0/0/0,21026:1747647667519:,1747647682272
counter/3/0/0/0,21450:1747647667927:,1747647682272
counter/7/0/0/0,20966:1747647666016:,1747647682272
counter/1/0/0/0,21027:1747647667519:,1747647682272
counter/3/0/0/0,21451:1747647667927:,1747647682272
counter/7/0/0/0,20967:1747647666017:,1747647682272
counter/1/0/0/0,21028:1747647667519:,1747647682272
counter/3/0/0/0,21452:1747647667927:,1747647682272
counter/7/0/0/0,20968:1747647666017:,1747647682272
counter/1/0/0/0,21029:1747647667519:,1747647682272
counter/3/0/0/0,21453:1747647667927:,1747647682272
counter/7/0/0/0,20969:1747647666017:,1747647682272
counter/1/0/0/0,21030:1747647667519:,1747647682272
counter/3/0/0/0,21454:1747647667927:,1747647682272
counter/7/0/0/0,20970:1747647666017:,1747647682272
counter/1/0/0/0,21031:1747647667519:,1747647682272
counter/3/0/0/0,21455:1747647667927:,1747647682272
counter/7/0/0/0,20971:1747647666017:,1747647682272
counter/8/0/0/0,23546:1747647667943:,1747647682272
counter/1/0/0/0,21032:1747647667519:,1747647682272
counter/3/0/0/0,21456:1747647667927:,1747647682272
counter/7/0/0/0,20972:1747647666017:,1747647682272
counter/9/0/0/0,26402:1747647670179:,1747647682272
counter/1/0/0/0,21033:1747647667519:,1747647682272
counter/3/0/0/0,21457:1747647667930:,1747647682272
counter/7/0/0/0,20973:1747647666017:,1747647682272
counter/10/0/0/0,19989:1747647665226:,1747647682272
counter/1/0/0/0,21034:1747647667519:,1747647682272
counter/3/0/0/0,21458:1747647667930:,1747647682273
counter/7/0/0/0,20974:1747647666017:,1747647682273
counter/1/0/0/0,21035:1747647667519:,1747647682273
counter/3/0/0/0,21459:1747647667930:,1747647682273
counter/7/0/0/0,20975:1747647666046:,1747647682273
counter/1/0/0/0,21036:1747647667519:,1747647682273
counter/3/0/0/0,21460:1747647667930:,1747647682273
counter/7/0/0/0,20976:1747647666046:,1747647682273
counter/1/0/0/0,21037:1747647667519:,1747647682273
counter/3/0/0/0,21461:1747647667930:,1747647682273
counter/7/0/0/0,20977:1747647666046:,1747647682273
counter/1/0/0/0,21038:1747647667519:,1747647682273
counter/3/0/0/0,21462:1747647667930:,1747647682273
counter/7/0/0/0,20978:1747647666046:,1747647682273
counter/1/0/0/0,21039:1747647667519:,1747647682273
counter/3/0/0/0,21463:1747647667930:,1747647682273
counter/7/0/0/0,20979:1747647666046:,1747647682273
counter/1/0/0/0,21040:1747647667519:,1747647682273
counter/3/0/0/0,21464:1747647667932:,1747647682273
counter/7/0/0/0,20980:1747647666047:,1747647682273
counter/1/0/0/0,21041:1747647667519:,1747647682273
counter/3/0/0/0,21465:1747647667932:,1747647682273
counter/7/0/0/0,20981:1747647666047:,1747647682273
counter/1/0/0/0,21042:1747647667519:,1747647682273
counter/3/0/0/0,21466:1747647667932:,1747647682273
counter/7/0/0/0,20982:1747647666047:,1747647682273
counter/1/0/0/0,21043:1747647667519:,1747647682273
counter/3/0/0/0,21467:1747647667932:,1747647682273
counter/7/0/0/0,20983:1747647666047:,1747647682273
counter/1/0/0/0,21044:1747647667532:,1747647682273
counter/3/0/0/0,21468:1747647667932:,1747647682273
counter/7/0/0/0,20984:1747647666047:,1747647682273
counter/1/0/0/0,21045:1747647667532:,1747647682273
counter/3/0/0/0,21469:1747647667932:,1747647682273
counter/7/0/0/0,20985:1747647666047:,1747647682273
counter/1/0/0/0,21046:1747647667532:,1747647682273
counter/3/0/0/0,21470:1747647667932:,1747647682273
counter/7/0/0/0,20986:1747647666047:,1747647682273
counter/1/0/0/0,21047:1747647667532:,1747647682273
counter/3/0/0/0,21471:1747647667932:,1747647682273
counter/7/0/0/0,20987:1747647666047:,1747647682273
counter/1/0/0/0,21048:1747647667532:,1747647682274
counter/3/0/0/0,21472:1747647667932:,1747647682274
counter/7/0/0/0,20988:1747647666047:,1747647682274
counter/1/0/0/0,21049:1747647667532:,1747647682274
counter/3/0/0/0,21473:1747647667932:,1747647682274
counter/7/0/0/0,20989:1747647666047:,1747647682274
counter/1/0/0/0,21050:1747647667532:,1747647682274
counter/3/0/0/0,21474:1747647667932:,1747647682274
counter/7/0/0/0,20990:1747647666047:,1747647682274
counter/1/0/0/0,21051:1747647667532:,1747647682274
counter/3/0/0/0,21475:1747647667932:,1747647682274
counter/7/0/0/0,20991:1747647666047:,1747647682274
counter/1/0/0/0,21052:1747647667532:,1747647682274
counter/3/0/0/0,21476:1747647667932:,1747647682274
counter/7/0/0/0,20992:1747647666047:,1747647682274
counter/1/0/0/0,21053:1747647667532:,1747647682274
counter/3/0/0/0,21477:1747647667932:,1747647682274
counter/7/0/0/0,20993:1747647666047:,1747647682274
counter/5/0/0/0,22404:1747647667690:,1747647682274
counter/1/0/0/0,21054:1747647667532:,1747647682274
counter/3/0/0/0,21478:1747647667933:,1747647682274
counter/7/0/0/0,20994:1747647666047:,1747647682274
counter/9/0/0/0,26403:1747647670179:,1747647682274
counter/1/0/0/0,21055:1747647667532:,1747647682274
counter/3/0/0/0,21479:1747647667933:,1747647682274
counter/7/0/0/0,20995:1747647666047:,1747647682274
counter/4/0/0/0,20037:1747647667189:,1747647682274
counter/1/0/0/0,21056:1747647667532:,1747647682274
counter/3/0/0/0,21480:1747647667933:,1747647682274
counter/7/0/0/0,20996:1747647666047:,1747647682274
counter/1/0/0/0,21057:1747647667545:,1747647682274
counter/3/0/0/0,21481:1747647667933:,1747647682274
counter/7/0/0/0,20997:1747647666047:,1747647682274
counter/1/0/0/0,21058:1747647667545:,1747647682274
counter/3/0/0/0,21482:1747647667933:,1747647682274
counter/7/0/0/0,20998:1747647666047:,1747647682275
counter/1/0/0/0,21059:1747647667545:,1747647682275
counter/3/0/0/0,21483:1747647667933:,1747647682275
counter/7/0/0/0,20999:1747647666047:,1747647682275
counter/1/0/0/0,21060:1747647667545:,1747647682275
counter/3/0/0/0,21484:1747647667933:,1747647682275
counter/7/0/0/0,21000:1747647666047:,1747647682275
counter/4/0/0/0,20038:1747647667189:,1747647682275
counter/1/0/0/0,21061:1747647667545:,1747647682275
counter/3/0/0/0,21485:1747647667933:,1747647682275
counter/7/0/0/0,21001:1747647666047:,1747647682275
counter/6/0/0/0,21345:1747647667901:,1747647682275
counter/10/0/0/0,19990:1747647665226:,1747647682275
counter/1/0/0/0,21062:1747647667545:,1747647682275
counter/3/0/0/0,21486:1747647667933:,1747647682275
counter/7/0/0/0,21002:1747647666048:,1747647682275
counter/5/0/0/0,22405:1747647667691:,1747647682275
counter/9/0/0/0,26404:1747647670179:,1747647682275
counter/8/0/0/0,23547:1747647667943:,1747647682275
counter/1/0/0/0,21063:1747647667545:,1747647682275
counter/7/0/0/0,21003:1747647666048:,1747647682275
counter/8/0/0/0,23548:1747647667943:,1747647682275
counter/1/0/0/0,21064:1747647667546:,1747647682275
counter/7/0/0/0,21004:1747647666048:,1747647682275
counter/8/0/0/0,23549:1747647667943:,1747647682275
counter/1/0/0/0,21065:1747647667546:,1747647682275
counter/7/0/0/0,21005:1747647666048:,1747647682275
counter/1/0/0/0,21066:1747647667546:,1747647682275
counter/7/0/0/0,21006:1747647666048:,1747647682275
counter/4/0/0/0,20039:1747647667189:,1747647682275
counter/1/0/0/0,21067:1747647667546:,1747647682275
counter/7/0/0/0,21007:1747647666048:,1747647682275
counter/1/0/0/0,21068:1747647667546:,1747647682275
counter/7/0/0/0,21008:1747647666048:,1747647682275
counter/1/0/0/0,21069:1747647667546:,1747647682275
counter/7/0/0/0,21009:1747647666048:,1747647682275
counter/1/0/0/0,21070:1747647667547:,1747647682275
counter/7/0/0/0,21010:1747647666048:,1747647682275
counter/1/0/0/0,21071:1747647667550:,1747647682275
counter/7/0/0/0,21011:1747647666049:,1747647682275
counter/1/0/0/0,21072:1747647667550:,1747647682275
counter/7/0/0/0,21012:1747647666049:,1747647682276
counter/1/0/0/0,21073:1747647667550:,1747647682276
counter/7/0/0/0,21013:1747647666049:,1747647682276
counter/1/0/0/0,21074:1747647667550:,1747647682276
counter/7/0/0/0,21014:1747647666049:,1747647682276
counter/1/0/0/0,21075:1747647667550:,1747647682276
counter/7/0/0/0,21015:1747647666049:,1747647682276
counter/1/0/0/0,21076:1747647667550:,1747647682276
counter/7/0/0/0,21016:1747647666050:,1747647682276
counter/1/0/0/0,21077:1747647667550:,1747647682276
counter/7/0/0/0,21017:1747647666050:,1747647682276
counter/1/0/0/0,21078:1747647667550:,1747647682276
counter/7/0/0/0,21018:1747647666050:,1747647682276
counter/1/0/0/0,21079:1747647667550:,1747647682276
counter/7/0/0/0,21019:1747647666050:,1747647682276
counter/1/0/0/0,21080:1747647667550:,1747647682276
counter/7/0/0/0,21020:1747647666050:,1747647682276
counter/1/0/0/0,21081:1747647667550:,1747647682276
counter/7/0/0/0,21021:1747647666050:,1747647682276
counter/1/0/0/0,21082:1747647667550:,1747647682276
counter/7/0/0/0,21022:1747647666050:,1747647682276
counter/1/0/0/0,21083:1747647667550:,1747647682276
counter/7/0/0/0,21023:1747647666050:,1747647682276
counter/1/0/0/0,21084:1747647667557:,1747647682276
counter/7/0/0/0,21024:1747647666050:,1747647682276
counter/1/0/0/0,21085:1747647667557:,1747647682276
counter/7/0/0/0,21025:1747647666050:,1747647682276
counter/1/0/0/0,21086:1747647667557:,1747647682276
counter/7/0/0/0,21026:1747647666050:,1747647682276
counter/1/0/0/0,21087:1747647667557:,1747647682276
counter/7/0/0/0,21027:1747647666050:,1747647682276
counter/1/0/0/0,21088:1747647667557:,1747647682276
counter/7/0/0/0,21028:1747647666050:,1747647682276
counter/1/0/0/0,21089:1747647667557:,1747647682276
counter/7/0/0/0,21029:1747647666050:,1747647682276
counter/1/0/0/0,21090:1747647667557:,1747647682276
counter/7/0/0/0,21030:1747647666050:,1747647682276
counter/1/0/0/0,21091:1747647667557:,1747647682276
counter/7/0/0/0,21031:1747647666050:,1747647682276
counter/1/0/0/0,21092:1747647667557:,1747647682276
counter/7/0/0/0,21032:1747647666050:,1747647682277
counter/1/0/0/0,21093:1747647667557:,1747647682277
counter/7/0/0/0,21033:1747647666050:,1747647682277
counter/1/0/0/0,21094:1747647667557:,1747647682277
counter/7/0/0/0,21034:1747647666050:,1747647682277
counter/1/0/0/0,21095:1747647667557:,1747647682277
counter/7/0/0/0,21035:1747647666050:,1747647682277
counter/1/0/0/0,21096:1747647667557:,1747647682277
counter/7/0/0/0,21036:1747647666057:,1747647682277
counter/1/0/0/0,21097:1747647667557:,1747647682277
counter/7/0/0/0,21037:1747647666058:,1747647682277
counter/1/0/0/0,21098:1747647667557:,1747647682277
counter/7/0/0/0,21038:1747647666058:,1747647682277
counter/1/0/0/0,21099:1747647667557:,1747647682277
counter/7/0/0/0,21039:1747647666058:,1747647682277
counter/1/0/0/0,21100:1747647667557:,1747647682277
counter/7/0/0/0,21040:1747647666058:,1747647682277
counter/1/0/0/0,21101:1747647667557:,1747647682277
counter/7/0/0/0,21041:1747647666058:,1747647682277
counter/1/0/0/0,21102:1747647667557:,1747647682277
counter/7/0/0/0,21042:1747647666058:,1747647682277
counter/1/0/0/0,21103:1747647667557:,1747647682277
counter/7/0/0/0,21043:1747647666063:,1747647682277
counter/1/0/0/0,21104:1747647667558:,1747647682277
counter/7/0/0/0,21044:1747647666064:,1747647682277
counter/1/0/0/0,21105:1747647667558:,1747647682277
counter/7/0/0/0,21045:1747647666064:,1747647682277
counter/1/0/0/0,21106:1747647667558:,1747647682277
counter/7/0/0/0,21046:1747647666064:,1747647682277
counter/1/0/0/0,21107:1747647667558:,1747647682277
counter/7/0/0/0,21047:1747647666064:,1747647682277
counter/1/0/0/0,21108:1747647667558:,1747647682277
counter/7/0/0/0,21048:1747647666064:,1747647682277
counter/1/0/0/0,21109:1747647667558:,1747647682277
counter/7/0/0/0,21049:1747647666064:,1747647682277
counter/1/0/0/0,21110:1747647667558:,1747647682277
counter/7/0/0/0,21050:1747647666064:,1747647682278
counter/1/0/0/0,21111:1747647667566:,1747647682278
counter/7/0/0/0,21051:1747647666064:,1747647682278
counter/1/0/0/0,21112:1747647667566:,1747647682278
counter/7/0/0/0,21052:1747647666065:,1747647682278
counter/1/0/0/0,21113:1747647667566:,1747647682278
counter/7/0/0/0,21053:1747647666065:,1747647682278
counter/1/0/0/0,21114:1747647667566:,1747647682278
counter/7/0/0/0,21054:1747647666065:,1747647682278
counter/1/0/0/0,21115:1747647667566:,1747647682278
counter/7/0/0/0,21055:1747647666065:,1747647682278
counter/1/0/0/0,21116:1747647667567:,1747647682278
counter/7/0/0/0,21056:1747647666065:,1747647682278
counter/1/0/0/0,21117:1747647667567:,1747647682278
counter/7/0/0/0,21057:1747647666066:,1747647682278
counter/1/0/0/0,21118:1747647667567:,1747647682278
counter/7/0/0/0,21058:1747647666066:,1747647682278
counter/1/0/0/0,21119:1747647667567:,1747647682278
counter/7/0/0/0,21059:1747647666066:,1747647682278
counter/1/0/0/0,21120:1747647667567:,1747647682278
counter/7/0/0/0,21060:1747647666066:,1747647682278
counter/1/0/0/0,21121:1747647667567:,1747647682278
counter/7/0/0/0,21061:1747647666066:,1747647682278
counter/1/0/0/0,21122:1747647667567:,1747647682278
counter/7/0/0/0,21062:1747647666066:,1747647682278
counter/1/0/0/0,21123:1747647667567:,1747647682278
counter/7/0/0/0,21063:1747647666072:,1747647682278
counter/10/0/0/0,19991:1747647665226:,1747647682278
counter/1/0/0/0,21124:1747647667567:,1747647682278
counter/7/0/0/0,21064:1747647666072:,1747647682278
counter/6/0/0/0,21346:1747647667901:,1747647682278
counter/1/0/0/0,21125:1747647667567:,1747647682278
counter/7/0/0/0,21065:1747647666072:,1747647682278
counter/4/0/0/0,20040:1747647667189:,1747647682278
counter/8/0/0/0,23550:1747647667944:,1747647682278
counter/1/0/0/0,21126:1747647667580:,1747647682278
counter/7/0/0/0,21066:1747647666072:,1747647682278
counter/1/0/0/0,21127:1747647667580:,1747647682278
counter/7/0/0/0,21067:1747647666072:,1747647682278
counter/1/0/0/0,21128:1747647667585:,1747647682278
counter/7/0/0/0,21068:1747647666072:,1747647682279
counter/4/0/0/0,20041:1747647667190:,1747647682279
counter/1/0/0/0,21129:1747647667585:,1747647682279
counter/7/0/0/0,21069:1747647666072:,1747647682279
counter/3/0/0/0,21487:1747647667933:,1747647682279
counter/1/0/0/0,21130:1747647667585:,1747647682279
counter/7/0/0/0,21070:1747647666072:,1747647682279
counter/5/0/0/0,22406:1747647667691:,1747647682279
counter/8/0/0/0,23551:1747647667944:,1747647682279
counter/1/0/0/0,21131:1747647667585:,1747647682279
counter/7/0/0/0,21071:1747647666072:,1747647682279
counter/1/0/0/0,21132:1747647667585:,1747647682279
counter/7/0/0/0,21072:1747647666077:,1747647682279
counter/1/0/0/0,21133:1747647667585:,1747647682279
counter/7/0/0/0,21073:1747647666078:,1747647682279
counter/1/0/0/0,21134:1747647667585:,1747647682279
counter/7/0/0/0,21074:1747647666078:,1747647682279
counter/1/0/0/0,21135:1747647667585:,1747647682279
counter/7/0/0/0,21075:1747647666078:,1747647682279
counter/1/0/0/0,21136:1747647667585:,1747647682279
counter/7/0/0/0,21076:1747647666078:,1747647682279
counter/1/0/0/0,21137:1747647667585:,1747647682279
counter/7/0/0/0,21077:1747647666080:,1747647682279
counter/1/0/0/0,21138:1747647667585:,1747647682279
counter/7/0/0/0,21078:1747647666080:,1747647682279
counter/1/0/0/0,21139:1747647667585:,1747647682279
counter/7/0/0/0,21079:1747647666080:,1747647682279
counter/1/0/0/0,21140:1747647667585:,1747647682279
counter/7/0/0/0,21080:1747647666080:,1747647682279
counter/1/0/0/0,21141:1747647667585:,1747647682279
counter/7/0/0/0,21081:1747647666080:,1747647682279
counter/1/0/0/0,21142:1747647667585:,1747647682279
counter/7/0/0/0,21082:1747647666080:,1747647682279
counter/1/0/0/0,21143:1747647667585:,1747647682279
counter/7/0/0/0,21083:1747647666080:,1747647682279
counter/1/0/0/0,21144:1747647667586:,1747647682279
counter/7/0/0/0,21084:1747647666080:,1747647682280
counter/1/0/0/0,21145:1747647667586:,1747647682280
counter/7/0/0/0,21085:1747647666080:,1747647682280
counter/1/0/0/0,21146:1747647667586:,1747647682280
counter/7/0/0/0,21086:1747647666080:,1747647682280
counter/1/0/0/0,21147:1747647667586:,1747647682280
counter/7/0/0/0,21087:1747647666080:,1747647682280
counter/1/0/0/0,21148:1747647667587:,1747647682280
counter/7/0/0/0,21088:1747647666080:,1747647682280
counter/8/0/0/0,23552:1747647667944:,1747647682280
counter/1/0/0/0,21149:1747647667587:,1747647682280
counter/7/0/0/0,21089:1747647666080:,1747647682280
counter/6/0/0/0,21347:1747647667905:,1747647682280
counter/4/0/0/0,20042:1747647667190:,1747647682280
counter/3/0/0/0,21488:1747647667933:,1747647682280
counter/1/0/0/0,21150:1747647667587:,1747647682280
counter/7/0/0/0,21090:1747647666080:,1747647682280
counter/5/0/0/0,22407:1747647667695:,1747647682280
counter/1/0/0/0,21151:1747647667587:,1747647682280
counter/7/0/0/0,21091:1747647666080:,1747647682280
counter/1/0/0/0,21152:1747647667587:,1747647682280
counter/7/0/0/0,21092:1747647666080:,1747647682280
counter/4/0/0/0,20043:1747647667195:,1747647682280
counter/1/0/0/0,21153:1747647667587:,1747647682280
counter/7/0/0/0,21093:1747647666080:,1747647682280
counter/3/0/0/0,21489:1747647667933:,1747647682280
counter/1/0/0/0,21154:1747647667587:,1747647682280
counter/7/0/0/0,21094:1747647666080:,1747647682280
counter/5/0/0/0,22408:1747647667695:,1747647682280
counter/1/0/0/0,21155:1747647667587:,1747647682280
counter/7/0/0/0,21095:1747647666080:,1747647682280
counter/10/0/0/0,19992:1747647665226:,1747647682280
counter/1/0/0/0,21156:1747647667587:,1747647682280
counter/7/0/0/0,21096:1747647666080:,1747647682280
counter/1/0/0/0,21157:1747647667587:,1747647682280
counter/7/0/0/0,21097:1747647666080:,1747647682280
counter/1/0/0/0,21158:1747647667587:,1747647682280
counter/7/0/0/0,21098:1747647666083:,1747647682280
counter/1/0/0/0,21159:1747647667587:,1747647682280
counter/7/0/0/0,21099:1747647666083:,1747647682280
counter/1/0/0/0,21160:1747647667587:,1747647682280
counter/7/0/0/0,21100:1747647666083:,1747647682280
counter/1/0/0/0,21161:1747647667587:,1747647682281
counter/7/0/0/0,21101:1747647666083:,1747647682281
counter/1/0/0/0,21162:1747647667587:,1747647682281
counter/7/0/0/0,21102:1747647666083:,1747647682281
counter/1/0/0/0,21163:1747647667589:,1747647682281
counter/7/0/0/0,21103:1747647666083:,1747647682281
counter/1/0/0/0,21164:1747647667589:,1747647682281
counter/7/0/0/0,21104:1747647666084:,1747647682281
counter/1/0/0/0,21165:1747647667589:,1747647682281
counter/7/0/0/0,21105:1747647666084:,1747647682281
counter/1/0/0/0,21166:1747647667589:,1747647682281
counter/7/0/0/0,21106:1747647666084:,1747647682281
counter/1/0/0/0,21167:1747647667589:,1747647682281
counter/7/0/0/0,21107:1747647666084:,1747647682281
counter/1/0/0/0,21168:1747647667589:,1747647682281
counter/7/0/0/0,21108:1747647666084:,1747647682281
counter/1/0/0/0,21169:1747647667589:,1747647682281
counter/7/0/0/0,21109:1747647666084:,1747647682281
counter/1/0/0/0,21170:1747647667589:,1747647682281
counter/7/0/0/0,21110:1747647666085:,1747647682281
counter/1/0/0/0,21171:1747647667589:,1747647682281
counter/7/0/0/0,21111:1747647666086:,1747647682281
counter/1/0/0/0,21172:1747647667589:,1747647682281
counter/7/0/0/0,21112:1747647666086:,1747647682281
counter/1/0/0/0,21173:1747647667589:,1747647682281
counter/7/0/0/0,21113:1747647666086:,1747647682281
counter/1/0/0/0,21174:1747647667594:,1747647682281
counter/7/0/0/0,21114:1747647666086:,1747647682281
counter/1/0/0/0,21175:1747647667594:,1747647682281
counter/7/0/0/0,21115:1747647666086:,1747647682281
counter/1/0/0/0,21176:1747647667594:,1747647682281
counter/7/0/0/0,21116:1747647666086:,1747647682281
counter/1/0/0/0,21177:1747647667594:,1747647682281
counter/7/0/0/0,21117:1747647666086:,1747647682281
counter/1/0/0/0,21178:1747647667594:,1747647682281
counter/7/0/0/0,21118:1747647666086:,1747647682281
counter/1/0/0/0,21179:1747647667594:,1747647682281
counter/7/0/0/0,21119:1747647666086:,1747647682281
counter/1/0/0/0,21180:1747647667594:,1747647682281
counter/7/0/0/0,21120:1747647666086:,1747647682281
counter/1/0/0/0,21181:1747647667594:,1747647682282
counter/7/0/0/0,21121:1747647666091:,1747647682282
counter/1/0/0/0,21182:1747647667595:,1747647682282
counter/7/0/0/0,21122:1747647666105:,1747647682282
counter/1/0/0/0,21183:1747647667595:,1747647682282
counter/7/0/0/0,21123:1747647666105:,1747647682282
counter/1/0/0/0,21184:1747647667595:,1747647682282
counter/7/0/0/0,21124:1747647666105:,1747647682282
counter/1/0/0/0,21185:1747647667595:,1747647682282
counter/7/0/0/0,21125:1747647666105:,1747647682282
counter/1/0/0/0,21186:1747647667595:,1747647682282
counter/7/0/0/0,21126:1747647666105:,1747647682282
counter/1/0/0/0,21187:1747647667595:,1747647682282
counter/7/0/0/0,21127:1747647666111:,1747647682282
counter/1/0/0/0,21188:1747647667595:,1747647682282
counter/7/0/0/0,21128:1747647666111:,1747647682282
counter/1/0/0/0,21189:1747647667595:,1747647682282
counter/7/0/0/0,21129:1747647666111:,1747647682282
counter/1/0/0/0,21190:1747647667595:,1747647682282
counter/7/0/0/0,21130:1747647666111:,1747647682282
counter/1/0/0/0,21191:1747647667595:,1747647682282
counter/7/0/0/0,21131:1747647666117:,1747647682282
counter/4/0/0/0,20044:1747647667199:,1747647682282
counter/1/0/0/0,21192:1747647667604:,1747647682282
counter/7/0/0/0,21132:1747647666117:,1747647682282
counter/10/0/0/0,19993:1747647665226:,1747647682282
counter/1/0/0/0,21193:1747647667611:,1747647682282
counter/7/0/0/0,21133:1747647666117:,1747647682282
counter/1/0/0/0,21194:1747647667611:,1747647682282
counter/7/0/0/0,21134:1747647666117:,1747647682282
counter/1/0/0/0,21195:1747647667611:,1747647682282
counter/7/0/0/0,21135:1747647666117:,1747647682282
counter/1/0/0/0,21196:1747647667611:,1747647682282
counter/7/0/0/0,21136:1747647666117:,1747647682282
counter/1/0/0/0,21197:1747647667611:,1747647682282
counter/7/0/0/0,21137:1747647666123:,1747647682282
counter/1/0/0/0,21198:1747647667618:,1747647682282
counter/7/0/0/0,21138:1747647666123:,1747647682282
counter/1/0/0/0,21199:1747647667618:,1747647682283
counter/7/0/0/0,21139:1747647666123:,1747647682283
counter/1/0/0/0,21200:1747647667618:,1747647682283
counter/7/0/0/0,21140:1747647666123:,1747647682283
counter/1/0/0/0,21201:1747647667618:,1747647682283
counter/7/0/0/0,21141:1747647666123:,1747647682283
counter/8/0/0/0,23553:1747647667944:,1747647682283
counter/1/0/0/0,21202:1747647667618:,1747647682283
counter/7/0/0/0,21142:1747647666123:,1747647682283
counter/8/0/0/0,23554:1747647667944:,1747647682283
counter/1/0/0/0,21203:1747647667623:,1747647682283
counter/7/0/0/0,21143:1747647666123:,1747647682283
counter/8/0/0/0,23555:1747647667946:,1747647682283
counter/1/0/0/0,21204:1747647667623:,1747647682283
counter/7/0/0/0,21144:1747647666123:,1747647682283
counter/8/0/0/0,23556:1747647667946:,1747647682283
counter/5/0/0/0,22409:1747647667695:,1747647682283
counter/1/0/0/0,21205:1747647667623:,1747647682283
counter/7/0/0/0,21145:1747647666617:,1747647682283
counter/8/0/0/0,23557:1747647667946:,1747647682283
counter/1/0/0/0,21206:1747647667623:,1747647682283
counter/7/0/0/0,21146:1747647666617:,1747647682283
counter/1/0/0/0,21207:1747647667623:,1747647682283
counter/7/0/0/0,21147:1747647666617:,1747647682283
counter/1/0/0/0,21208:1747647667635:,1747647682283
counter/7/0/0/0,21148:1747647666619:,1747647682283
counter/1/0/0/0,21209:1747647667635:,1747647682283
counter/7/0/0/0,21149:1747647666621:,1747647682283
counter/1/0/0/0,21210:1747647667635:,1747647682283
counter/7/0/0/0,21150:1747647666629:,1747647682283
counter/1/0/0/0,21211:1747647667650:,1747647682283
counter/7/0/0/0,21151:1747647666630:,1747647682283
counter/1/0/0/0,21212:1747647667650:,1747647682283
counter/7/0/0/0,21152:1747647666630:,1747647682283
counter/1/0/0/0,21213:1747647667650:,1747647682283
counter/7/0/0/0,21153:1747647666630:,1747647682283
counter/1/0/0/0,21214:1747647667650:,1747647682283
counter/7/0/0/0,21154:1747647666634:,1747647682283
counter/1/0/0/0,21215:1747647667650:,1747647682283
counter/7/0/0/0,21155:1747647666634:,1747647682283
counter/1/0/0/0,21216:1747647667650:,1747647682284
counter/7/0/0/0,21156:1747647666641:,1747647682284
counter/1/0/0/0,21217:1747647667650:,1747647682284
counter/7/0/0/0,21157:1747647666642:,1747647682284
counter/1/0/0/0,21218:1747647667651:,1747647682284
counter/7/0/0/0,21158:1747647666650:,1747647682284
counter/1/0/0/0,21219:1747647667653:,1747647682284
counter/7/0/0/0,21159:1747647666651:,1747647682284
counter/1/0/0/0,21220:1747647667653:,1747647682284
counter/7/0/0/0,21160:1747647666651:,1747647682284
counter/1/0/0/0,21221:1747647667653:,1747647682284
counter/7/0/0/0,21161:1747647666653:,1747647682284
counter/1/0/0/0,21222:1747647667653:,1747647682284
counter/7/0/0/0,21162:1747647666654:,1747647682284
counter/1/0/0/0,21223:1747647667653:,1747647682284
counter/7/0/0/0,21163:1747647666655:,1747647682284
counter/1/0/0/0,21224:1747647667662:,1747647682284
counter/7/0/0/0,21164:1747647666655:,1747647682284
counter/1/0/0/0,21225:1747647667662:,1747647682284
counter/7/0/0/0,21165:1747647666655:,1747647682284
counter/1/0/0/0,21226:1747647667662:,1747647682284
counter/7/0/0/0,21166:1747647666655:,1747647682284
counter/1/0/0/0,21227:1747647667662:,1747647682284
counter/7/0/0/0,21167:1747647666655:,1747647682284
counter/1/0/0/0,21228:1747647667662:,1747647682284
counter/7/0/0/0,21168:1747647666655:,1747647682284
counter/1/0/0/0,21229:1747647667662:,1747647682284
counter/7/0/0/0,21169:1747647666655:,1747647682284
counter/1/0/0/0,21230:1747647667662:,1747647682284
counter/7/0/0/0,21170:1747647666658:,1747647682284
counter/1/0/0/0,21231:1747647667662:,1747647682284
counter/7/0/0/0,21171:1747647666658:,1747647682284
counter/1/0/0/0,21232:1747647667662:,1747647682284
counter/7/0/0/0,21172:1747647666658:,1747647682284
counter/1/0/0/0,21233:1747647667662:,1747647682284
counter/7/0/0/0,21173:1747647666661:,1747647682284
counter/1/0/0/0,21234:1747647667679:,1747647682284
counter/7/0/0/0,21174:1747647666662:,1747647682284
counter/1/0/0/0,21235:1747647667680:,1747647682284
counter/7/0/0/0,21175:1747647666662:,1747647682285
counter/1/0/0/0,21236:1747647667680:,1747647682285
counter/7/0/0/0,21176:1747647666664:,1747647682285
counter/1/0/0/0,21237:1747647667680:,1747647682285
counter/7/0/0/0,21177:1747647666665:,1747647682285
counter/8/0/0/0,23558:1747647667948:,1747647682285
counter/1/0/0/0,21238:1747647667680:,1747647682285
counter/7/0/0/0,21178:1747647666665:,1747647682285
counter/10/0/0/0,19994:1747647665226:,1747647682285
counter/1/0/0/0,21239:1747647667680:,1747647682285
counter/7/0/0/0,21179:1747647666665:,1747647682285
counter/1/0/0/0,21240:1747647667680:,1747647682285
counter/7/0/0/0,21180:1747647666665:,1747647682285
counter/4/0/0/0,20045:1747647667200:,1747647682285
counter/1/0/0/0,21241:1747647667680:,1747647682285
counter/7/0/0/0,21181:1747647666665:,1747647682285
counter/9/0/0/0,26405:1747647670179:,1747647682285
counter/1/0/0/0,21242:1747647667680:,1747647682285
counter/7/0/0/0,21182:1747647666665:,1747647682285
counter/8/0/0/0,23559:1747647667948:,1747647682285
counter/10/0/0/0,19995:1747647665226:,1747647682285
counter/1/0/0/0,21243:1747647667680:,1747647682285
counter/7/0/0/0,21183:1747647666665:,1747647682285
counter/6/0/0/0,21348:1747647667905:,1747647682285
counter/3/0/0/0,21490:1747647667933:,1747647682285
counter/1/0/0/0,21244:1747647667680:,1747647682285
counter/7/0/0/0,21184:1747647666665:,1747647682285
counter/6/0/0/0,21349:1747647667905:,1747647682285
counter/1/0/0/0,21245:1747647667680:,1747647682285
counter/7/0/0/0,21185:1747647666665:,1747647682285
counter/6/0/0/0,21350:1747647667905:,1747647682285
counter/1/0/0/0,21246:1747647667680:,1747647682285
counter/7/0/0/0,21186:1747647666665:,1747647682285
counter/6/0/0/0,21351:1747647667905:,1747647682285
counter/1/0/0/0,21247:1747647667680:,1747647682285
counter/7/0/0/0,21187:1747647666665:,1747647682285
counter/6/0/0/0,21352:1747647667905:,1747647682285
counter/1/0/0/0,21248:1747647667680:,1747647682285
counter/7/0/0/0,21188:1747647666665:,1747647682286
counter/6/0/0/0,21353:1747647667905:,1747647682286
counter/1/0/0/0,21249:1747647667693:,1747647682286
counter/7/0/0/0,21189:1747647666665:,1747647682286
counter/6/0/0/0,21354:1747647667905:,1747647682286
counter/1/0/0/0,21250:1747647667694:,1747647682286
counter/7/0/0/0,21190:1747647666665:,1747647682286
counter/6/0/0/0,21355:1747647667905:,1747647682286
counter/1/0/0/0,21251:1747647667694:,1747647682286
counter/7/0/0/0,21191:1747647666665:,1747647682286
counter/6/0/0/0,21356:1747647667905:,1747647682286
counter/1/0/0/0,21252:1747647667694:,1747647682286
counter/7/0/0/0,21192:1747647666667:,1747647682286
counter/6/0/0/0,21357:1747647667905:,1747647682286
counter/1/0/0/0,21253:1747647667694:,1747647682286
counter/7/0/0/0,21193:1747647666667:,1747647682286
counter/6/0/0/0,21358:1747647667905:,1747647682286
counter/1/0/0/0,21254:1747647667694:,1747647682286
counter/7/0/0/0,21194:1747647666667:,1747647682286
counter/6/0/0/0,21359:1747647667905:,1747647682286
counter/1/0/0/0,21255:1747647667714:,1747647682286
counter/7/0/0/0,21195:1747647666667:,1747647682286
counter/6/0/0/0,21360:1747647667905:,1747647682286
counter/1/0/0/0,21256:1747647667720:,1747647682286
counter/7/0/0/0,21196:1747647666667:,1747647682286
counter/6/0/0/0,21361:1747647667905:,1747647682286
counter/1/0/0/0,21257:1747647667720:,1747647682286
counter/7/0/0/0,21197:1747647666667:,1747647682286
counter/6/0/0/0,21362:1747647667905:,1747647682286
counter/1/0/0/0,21258:1747647667720:,1747647682286
counter/7/0/0/0,21198:1747647666667:,1747647682286
counter/6/0/0/0,21363:1747647667905:,1747647682286
counter/1/0/0/0,21259:1747647667720:,1747647682286
counter/7/0/0/0,21199:1747647666667:,1747647682286
counter/6/0/0/0,21364:1747647667905:,1747647682286
counter/1/0/0/0,21260:1747647667720:,1747647682286
counter/7/0/0/0,21200:1747647666667:,1747647682286
counter/6/0/0/0,21365:1747647667905:,1747647682287
counter/1/0/0/0,21261:1747647667725:,1747647682287
counter/7/0/0/0,21201:1747647666667:,1747647682287
counter/6/0/0/0,21366:1747647667906:,1747647682287
counter/1/0/0/0,21262:1747647667727:,1747647682287
counter/7/0/0/0,21202:1747647666667:,1747647682287
counter/6/0/0/0,21367:1747647667906:,1747647682287
counter/1/0/0/0,21263:1747647667727:,1747647682287
counter/7/0/0/0,21203:1747647666667:,1747647682287
counter/6/0/0/0,21368:1747647667906:,1747647682287
counter/1/0/0/0,21264:1747647667727:,1747647682287
counter/7/0/0/0,21204:1747647666667:,1747647682287
counter/6/0/0/0,21369:1747647667906:,1747647682287
counter/1/0/0/0,21265:1747647667727:,1747647682287
counter/7/0/0/0,21205:1747647666667:,1747647682287
counter/6/0/0/0,21370:1747647667906:,1747647682287
counter/1/0/0/0,21266:1747647667730:,1747647682287
counter/7/0/0/0,21206:1747647666667:,1747647682287
counter/6/0/0/0,21371:1747647667906:,1747647682287
counter/1/0/0/0,21267:1747647667730:,1747647682287
counter/7/0/0/0,21207:1747647666667:,1747647682287
counter/6/0/0/0,21372:1747647667906:,1747647682287
counter/1/0/0/0,21268:1747647667730:,1747647682287
counter/7/0/0/0,21208:1747647666667:,1747647682287
counter/6/0/0/0,21373:1747647667917:,1747647682287
counter/1/0/0/0,21269:1747647667730:,1747647682287
counter/7/0/0/0,21209:1747647666667:,1747647682287
counter/6/0/0/0,21374:1747647667921:,1747647682287
counter/1/0/0/0,21270:1747647667730:,1747647682287
counter/6/0/0/0,21375:1747647667921:,1747647682287
counter/1/0/0/0,21271:1747647667730:,1747647682287
counter/6/0/0/0,21376:1747647667921:,1747647682287
counter/1/0/0/0,21272:1747647667730:,1747647682287
counter/6/0/0/0,21377:1747647667922:,1747647682287
counter/1/0/0/0,21273:1747647667730:,1747647682288
counter/6/0/0/0,21378:1747647667922:,1747647682288
counter/1/0/0/0,21274:1747647667730:,1747647682288
counter/6/0/0/0,21379:1747647667922:,1747647682288
counter/1/0/0/0,21275:1747647667730:,1747647682288
counter/6/0/0/0,21380:1747647667922:,1747647682288
counter/1/0/0/0,21276:1747647667730:,1747647682288
counter/6/0/0/0,21381:1747647667922:,1747647682288
counter/1/0/0/0,21277:1747647667731:,1747647682288
counter/6/0/0/0,21382:1747647667922:,1747647682288
counter/1/0/0/0,21278:1747647667731:,1747647682288
counter/6/0/0/0,21383:1747647667922:,1747647682288
counter/1/0/0/0,21279:1747647667731:,1747647682288
counter/6/0/0/0,21384:1747647667922:,1747647682288
counter/1/0/0/0,21280:1747647667731:,1747647682288
counter/6/0/0/0,21385:1747647667922:,1747647682288
counter/1/0/0/0,21281:1747647667731:,1747647682288
counter/6/0/0/0,21386:1747647667922:,1747647682288
counter/1/0/0/0,21282:1747647667731:,1747647682288
counter/6/0/0/0,21387:1747647667923:,1747647682288
counter/1/0/0/0,21283:1747647667731:,1747647682288
counter/6/0/0/0,21388:1747647667926:,1747647682288
counter/1/0/0/0,21284:1747647667731:,1747647682288
counter/6/0/0/0,21389:1747647667926:,1747647682288
counter/1/0/0/0,21285:1747647667731:,1747647682288
counter/6/0/0/0,21390:1747647667926:,1747647682288
counter/1/0/0/0,21286:1747647667731:,1747647682288
counter/6/0/0/0,21391:1747647667926:,1747647682288
counter/1/0/0/0,21287:1747647667731:,1747647682288
counter/6/0/0/0,21392:1747647667926:,1747647682288
counter/1/0/0/0,21288:1747647667731:,1747647682288
counter/6/0/0/0,21393:1747647667926:,1747647682288
counter/1/0/0/0,21289:1747647667732:,1747647682288
counter/6/0/0/0,21394:1747647667930:,1747647682288
counter/1/0/0/0,21290:1747647667732:,1747647682288
counter/6/0/0/0,21395:1747647667930:,1747647682288
counter/1/0/0/0,21291:1747647667732:,1747647682288
counter/6/0/0/0,21396:1747647667930:,1747647682288
counter/1/0/0/0,21292:1747647667732:,1747647682288
counter/6/0/0/0,21397:1747647667930:,1747647682288
counter/1/0/0/0,21293:1747647667732:,1747647682288
counter/6/0/0/0,21398:1747647667930:,1747647682288
counter/1/0/0/0,21294:1747647667732:,1747647682288
counter/6/0/0/0,21399:1747647667930:,1747647682289
counter/1/0/0/0,21295:1747647667732:,1747647682289
counter/6/0/0/0,21400:1747647667930:,1747647682289
counter/1/0/0/0,21296:1747647667732:,1747647682289
counter/6/0/0/0,21401:1747647667930:,1747647682289
counter/1/0/0/0,21297:1747647667732:,1747647682289
counter/6/0/0/0,21402:1747647667930:,1747647682289
counter/1/0/0/0,21298:1747647667732:,1747647682289
counter/6/0/0/0,21403:1747647667930:,1747647682289
counter/1/0/0/0,21299:1747647667732:,1747647682289
counter/6/0/0/0,21404:1747647667930:,1747647682289
counter/1/0/0/0,21300:1747647667732:,1747647682289
counter/6/0/0/0,21405:1747647667930:,1747647682289
counter/1/0/0/0,21301:1747647667741:,1747647682289
counter/6/0/0/0,21406:1747647667931:,1747647682289
counter/1/0/0/0,21302:1747647667741:,1747647682289
counter/6/0/0/0,21407:1747647667931:,1747647682289
counter/1/0/0/0,21303:1747647667741:,1747647682289
counter/6/0/0/0,21408:1747647667931:,1747647682289
counter/1/0/0/0,21304:1747647667741:,1747647682289
counter/6/0/0/0,21409:1747647667931:,1747647682289
counter/1/0/0/0,21305:1747647667741:,1747647682289
counter/6/0/0/0,21410:1747647667931:,1747647682289
counter/1/0/0/0,21306:1747647667741:,1747647682289
counter/6/0/0/0,21411:1747647667931:,1747647682289
counter/1/0/0/0,21307:1747647667741:,1747647682289
counter/6/0/0/0,21412:1747647667931:,1747647682289
counter/1/0/0/0,21308:1747647667741:,1747647682289
counter/6/0/0/0,21413:1747647667931:,1747647682289
counter/1/0/0/0,21309:1747647667741:,1747647682289
counter/6/0/0/0,21414:1747647667931:,1747647682289
counter/1/0/0/0,21310:1747647667741:,1747647682289
counter/6/0/0/0,21415:1747647667931:,1747647682289
counter/1/0/0/0,21311:1747647667742:,1747647682289
counter/6/0/0/0,21416:1747647667931:,1747647682289
counter/1/0/0/0,21312:1747647667742:,1747647682289
counter/6/0/0/0,21417:1747647667934:,1747647682289
counter/1/0/0/0,21313:1747647667742:,1747647682289
counter/6/0/0/0,21418:1747647667934:,1747647682289
counter/1/0/0/0,21314:1747647667742:,1747647682290
counter/6/0/0/0,21419:1747647667935:,1747647682290
counter/1/0/0/0,21315:1747647667742:,1747647682290
counter/6/0/0/0,21420:1747647667936:,1747647682290
counter/1/0/0/0,21316:1747647667742:,1747647682290
counter/6/0/0/0,21421:1747647667943:,1747647682290
counter/1/0/0/0,21317:1747647667742:,1747647682290
counter/6/0/0/0,21422:1747647667943:,1747647682290
counter/1/0/0/0,21318:1747647667745:,1747647682290
counter/6/0/0/0,21423:1747647667943:,1747647682290
counter/1/0/0/0,21319:1747647667745:,1747647682290
counter/6/0/0/0,21424:1747647667943:,1747647682290
counter/1/0/0/0,21320:1747647667745:,1747647682290
counter/6/0/0/0,21425:1747647667943:,1747647682290
counter/1/0/0/0,21321:1747647667745:,1747647682290
counter/6/0/0/0,21426:1747647667952:,1747647682290
counter/1/0/0/0,21322:1747647667746:,1747647682290
counter/6/0/0/0,21427:1747647667953:,1747647682290
counter/1/0/0/0,21323:1747647667746:,1747647682290
counter/6/0/0/0,21428:1747647667953:,1747647682290
counter/1/0/0/0,21324:1747647667747:,1747647682290
counter/6/0/0/0,21429:1747647667953:,1747647682290
counter/1/0/0/0,21325:1747647667748:,1747647682290
counter/6/0/0/0,21430:1747647667953:,1747647682290
counter/1/0/0/0,21326:1747647667748:,1747647682290
counter/6/0/0/0,21431:1747647667953:,1747647682290
counter/1/0/0/0,21327:1747647667748:,1747647682290
counter/6/0/0/0,21432:1747647667953:,1747647682290
counter/1/0/0/0,21328:1747647667748:,1747647682290
counter/6/0/0/0,21433:1747647667953:,1747647682290
counter/1/0/0/0,21329:1747647667748:,1747647682290
counter/6/0/0/0,21434:1747647667953:,1747647682290
counter/1/0/0/0,21330:1747647667748:,1747647682290
counter/6/0/0/0,21435:1747647667953:,1747647682290
counter/1/0/0/0,21331:1747647667748:,1747647682290
counter/6/0/0/0,21436:1747647667953:,1747647682290
counter/1/0/0/0,21332:1747647667768:,1747647682290
counter/6/0/0/0,21437:1747647667953:,1747647682290
counter/1/0/0/0,21333:1747647667768:,1747647682291
counter/6/0/0/0,21438:1747647667953:,1747647682291
counter/1/0/0/0,21334:1747647667769:,1747647682291
counter/6/0/0/0,21439:1747647667953:,1747647682291
counter/1/0/0/0,21335:1747647667769:,1747647682291
counter/6/0/0/0,21440:1747647667953:,1747647682291
counter/1/0/0/0,21336:1747647667769:,1747647682291
counter/6/0/0/0,21441:1747647667953:,1747647682291
counter/1/0/0/0,21337:1747647667769:,1747647682291
counter/6/0/0/0,21442:1747647667953:,1747647682291
counter/1/0/0/0,21338:1747647667769:,1747647682291
counter/6/0/0/0,21443:1747647667953:,1747647682291
counter/1/0/0/0,21339:1747647667769:,1747647682291
counter/6/0/0/0,21444:1747647667953:,1747647682291
counter/1/0/0/0,21340:1747647667769:,1747647682291
counter/6/0/0/0,21445:1747647667953:,1747647682291
counter/1/0/0/0,21341:1747647667769:,1747647682291
counter/6/0/0/0,21446:1747647667953:,1747647682291
counter/1/0/0/0,21342:1747647667769:,1747647682291
counter/6/0/0/0,21447:1747647667953:,1747647682291
counter/1/0/0/0,21343:1747647667769:,1747647682291
counter/6/0/0/0,21448:1747647667953:,1747647682291
counter/1/0/0/0,21344:1747647667781:,1747647682291
counter/6/0/0/0,21449:1747647667953:,1747647682291
counter/1/0/0/0,21345:1747647667781:,1747647682291
counter/6/0/0/0,21450:1747647667953:,1747647682291
counter/1/0/0/0,21346:1747647667781:,1747647682291
counter/6/0/0/0,21451:1747647667953:,1747647682291
counter/1/0/0/0,21347:1747647667781:,1747647682291
counter/6/0/0/0,21452:1747647667954:,1747647682291
counter/1/0/0/0,21348:1747647667781:,1747647682291
counter/6/0/0/0,21453:1747647667954:,1747647682291
counter/1/0/0/0,21349:1747647667781:,1747647682291
counter/6/0/0/0,21454:1747647667954:,1747647682291
counter/1/0/0/0,21350:1747647667781:,1747647682291
counter/6/0/0/0,21455:1747647667954:,1747647682291
counter/1/0/0/0,21351:1747647667781:,1747647682291
counter/6/0/0/0,21456:1747647667954:,1747647682292
counter/1/0/0/0,21352:1747647667781:,1747647682292
counter/6/0/0/0,21457:1747647667954:,1747647682292
counter/1/0/0/0,21353:1747647667781:,1747647682292
counter/6/0/0/0,21458:1747647667954:,1747647682292
counter/1/0/0/0,21354:1747647667781:,1747647682292
counter/6/0/0/0,21459:1747647667954:,1747647682292
counter/1/0/0/0,21355:1747647667781:,1747647682292
counter/6/0/0/0,21460:1747647667954:,1747647682292
counter/1/0/0/0,21356:1747647667782:,1747647682292
counter/6/0/0/0,21461:1747647667960:,1747647682292
counter/1/0/0/0,21357:1747647667782:,1747647682292
counter/6/0/0/0,21462:1747647667960:,1747647682292
counter/1/0/0/0,21358:1747647667786:,1747647682292
counter/6/0/0/0,21463:1747647667960:,1747647682292
counter/1/0/0/0,21359:1747647667786:,1747647682292
counter/6/0/0/0,21464:1747647667960:,1747647682292
counter/1/0/0/0,21360:1747647667786:,1747647682292
counter/6/0/0/0,21465:1747647667960:,1747647682292
counter/1/0/0/0,21361:1747647667786:,1747647682292
counter/6/0/0/0,21466:1747647667960:,1747647682292
counter/8/0/0/0,23560:1747647667948:,1747647682292
counter/1/0/0/0,21362:1747647667786:,1747647682292
counter/6/0/0/0,21467:1747647667960:,1747647682292
counter/10/0/0/0,19996:1747647665226:,1747647682292
counter/1/0/0/0,21363:1747647667786:,1747647682292
counter/6/0/0/0,21468:1747647667960:,1747647682292
counter/1/0/0/0,21364:1747647667786:,1747647682292
counter/6/0/0/0,21469:1747647667960:,1747647682292
counter/1/0/0/0,21365:1747647667786:,1747647682292
counter/6/0/0/0,21470:1747647667961:,1747647682292
counter/3/0/0/0,21491:1747647667933:,1747647682292
counter/1/0/0/0,21366:1747647667787:,1747647682292
counter/6/0/0/0,21471:1747647667961:,1747647682292
counter/7/0/0/0,21210:1747647666667:,1747647682292
counter/1/0/0/0,21367:1747647667787:,1747647682292
counter/6/0/0/0,21472:1747647667961:,1747647682292
counter/5/0/0/0,22410:1747647667695:,1747647682292
counter/1/0/0/0,21368:1747647667787:,1747647682292
counter/6/0/0/0,21473:1747647667961:,1747647682292
counter/8/0/0/0,23561:1747647667948:,1747647682293
counter/10/0/0/0,19997:1747647665226:,1747647682293
counter/1/0/0/0,21369:1747647667787:,1747647682293
counter/6/0/0/0,21474:1747647667961:,1747647682293
counter/8/0/0/0,23562:1747647667948:,1747647682293
counter/1/0/0/0,21370:1747647667787:,1747647682293
counter/6/0/0/0,21475:1747647667961:,1747647682293
counter/8/0/0/0,23563:1747647667948:,1747647682293
counter/5/0/0/0,22411:1747647667695:,1747647682293
counter/1/0/0/0,21371:1747647667792:,1747647682293
counter/6/0/0/0,21476:1747647667961:,1747647682293
counter/8/0/0/0,23564:1747647667948:,1747647682293
counter/4/0/0/0,20046:1747647667200:,1747647682293
counter/10/0/0/0,19998:1747647665226:,1747647682293
counter/1/0/0/0,21372:1747647667792:,1747647682293
counter/6/0/0/0,21477:1747647667966:,1747647682293
counter/8/0/0/0,23565:1747647667949:,1747647682293
counter/1/0/0/0,21373:1747647667792:,1747647682293
counter/6/0/0/0,21478:1747647667967:,1747647682293
counter/8/0/0/0,23566:1747647667959:,1747647682293
counter/1/0/0/0,21374:1747647667792:,1747647682293
counter/6/0/0/0,21479:1747647667967:,1747647682293
counter/8/0/0/0,23567:1747647667959:,1747647682293
counter/1/0/0/0,21375:1747647667792:,1747647682293
counter/6/0/0/0,21480:1747647667967:,1747647682293
counter/8/0/0/0,23568:1747647667964:,1747647682293
counter/1/0/0/0,21376:1747647667810:,1747647682293
counter/6/0/0/0,21481:1747647667967:,1747647682293
counter/1/0/0/0,21377:1747647667810:,1747647682293
counter/6/0/0/0,21482:1747647667967:,1747647682293
counter/1/0/0/0,21378:1747647667810:,1747647682293
counter/6/0/0/0,21483:1747647667969:,1747647682293
counter/1/0/0/0,21379:1747647667811:,1747647682293
counter/6/0/0/0,21484:1747647667969:,1747647682293
counter/1/0/0/0,21380:1747647667811:,1747647682293
counter/6/0/0/0,21485:1747647667969:,1747647682293
counter/1/0/0/0,21381:1747647667811:,1747647682293
counter/6/0/0/0,21486:1747647667969:,1747647682293
counter/1/0/0/0,21382:1747647667811:,1747647682293
counter/6/0/0/0,21487:1747647667969:,1747647682294
counter/1/0/0/0,21383:1747647667811:,1747647682294
counter/6/0/0/0,21488:1747647667969:,1747647682294
counter/1/0/0/0,21384:1747647667811:,1747647682294
counter/6/0/0/0,21489:1747647667969:,1747647682294
counter/1/0/0/0,21385:1747647667811:,1747647682294
counter/6/0/0/0,21490:1747647667969:,1747647682294
counter/1/0/0/0,21386:1747647667811:,1747647682294
counter/6/0/0/0,21491:1747647667969:,1747647682294
counter/3/0/0/0,21492:1747647667934:,1747647682294
counter/1/0/0/0,21387:1747647667811:,1747647682294
counter/6/0/0/0,21492:1747647667970:,1747647682294
counter/1/0/0/0,21388:1747647667811:,1747647682294
counter/6/0/0/0,21493:1747647667970:,1747647682294
counter/1/0/0/0,21389:1747647667811:,1747647682294
counter/6/0/0/0,21494:1747647667970:,1747647682294
counter/1/0/0/0,21390:1747647667811:,1747647682294
counter/6/0/0/0,21495:1747647667970:,1747647682294
counter/1/0/0/0,21391:1747647667811:,1747647682294
counter/6/0/0/0,21496:1747647667970:,1747647682294
counter/6/0/0/0,21497:1747647667970:,1747647682294
counter/6/0/0/0,21498:1747647667971:,1747647682294
counter/6/0/0/0,21499:1747647667971:,1747647682294
counter/6/0/0/0,21500:1747647667971:,1747647682294
counter/6/0/0/0,21501:1747647667971:,1747647682294
counter/6/0/0/0,21502:1747647667971:,1747647682294
counter/6/0/0/0,21503:1747647667979:,1747647682294
counter/6/0/0/0,21504:1747647667980:,1747647682294
counter/6/0/0/0,21505:1747647667980:,1747647682294
counter/6/0/0/0,21506:1747647667980:,1747647682294
counter/6/0/0/0,21507:1747647667980:,1747647682294
counter/5/0/0/0,22412:1747647667695:,1747647682294
counter/6/0/0/0,21508:1747647667980:,1747647682294
counter/5/0/0/0,22413:1747647667695:,1747647682294
counter/6/0/0/0,21509:1747647667980:,1747647682294
counter/5/0/0/0,22414:1747647667695:,1747647682294
counter/6/0/0/0,21510:1747647667980:,1747647682294
counter/5/0/0/0,22415:1747647667695:,1747647682294
counter/6/0/0/0,21511:1747647667980:,1747647682294
counter/5/0/0/0,22416:1747647667701:,1747647682295
counter/6/0/0/0,21512:1747647667980:,1747647682295
counter/5/0/0/0,22417:1747647667701:,1747647682295
counter/6/0/0/0,21513:1747647667980:,1747647682295
counter/5/0/0/0,22418:1747647667701:,1747647682295
counter/6/0/0/0,21514:1747647667980:,1747647682295
counter/5/0/0/0,22419:1747647667701:,1747647682295
counter/10/0/0/0,19999:1747647665231:,1747647682295
counter/3/0/0/0,21493:1747647667934:,1747647682295
counter/6/0/0/0,21515:1747647667980:,1747647682295
counter/5/0/0/0,22420:1747647667702:,1747647682295
counter/9/0/0/0,26406:1747647670179:,1747647682295
counter/6/0/0/0,21516:1747647667980:,1747647682295
counter/5/0/0/0,22421:1747647667702:,1747647682295
counter/9/0/0/0,26407:1747647670179:,1747647682295
counter/6/0/0/0,21517:1747647667999:,1747647682295
counter/9/0/0/0,26408:1747647670179:,1747647682295
counter/7/0/0/0,21211:1747647666667:,1747647682295
counter/4/0/0/0,20047:1747647667200:,1747647682295
counter/6/0/0/0,21518:1747647667999:,1747647682295
counter/9/0/0/0,26409:1747647670179:,1747647682295
counter/8/0/0/0,23569:1747647667964:,1747647682295
counter/6/0/0/0,21519:1747647667999:,1747647682295
counter/6/0/0/0,21520:1747647667999:,1747647682295
counter/6/0/0/0,21521:1747647667999:,1747647682295
counter/6/0/0/0,21522:1747647667999:,1747647682295
counter/6/0/0/0,21523:1747647668003:,1747647682295
counter/6/0/0/0,21524:1747647668003:,1747647682295
counter/6/0/0/0,21525:1747647668003:,1747647682295
counter/6/0/0/0,21526:1747647668003:,1747647682295
counter/6/0/0/0,21527:1747647668003:,1747647682295
counter/6/0/0/0,21528:1747647668003:,1747647682295
counter/6/0/0/0,21529:1747647668009:,1747647682295
counter/10/0/0/0,20000:1747647665231:,1747647682295
counter/6/0/0/0,21530:1747647668009:,1747647682295
counter/3/0/0/0,21494:1747647667934:,1747647682295
counter/6/0/0/0,21531:1747647668009:,1747647682295
counter/1/0/0/0,21392:1747647667811:,1747647682295
counter/9/0/0/0,26410:1747647670180:,1747647682295
counter/6/0/0/0,21532:1747647668009:,1747647682296
counter/9/0/0/0,26411:1747647670180:,1747647682296
counter/6/0/0/0,21533:1747647668009:,1747647682296
counter/9/0/0/0,26412:1747647670183:,1747647682296
counter/6/0/0/0,21534:1747647668009:,1747647682296
counter/9/0/0/0,26413:1747647670183:,1747647682296
counter/6/0/0/0,21535:1747647668009:,1747647682296
counter/9/0/0/0,26414:1747647670184:,1747647682296
counter/6/0/0/0,21536:1747647668009:,1747647682296
counter/9/0/0/0,26415:1747647670184:,1747647682296
counter/7/0/0/0,21212:1747647666667:,1747647682296
counter/3/0/0/0,21495:1747647667934:,1747647682296
counter/6/0/0/0,21537:1747647668009:,1747647682296
counter/9/0/0/0,26416:1747647670184:,1747647682296
counter/7/0/0/0,21213:1747647666668:,1747647682296
counter/5/0/0/0,22422:1747647667702:,1747647682296
counter/6/0/0/0,21538:1747647668009:,1747647682296
counter/4/0/0/0,20048:1747647667200:,1747647682296
counter/8/0/0/0,23570:1747647667964:,1747647682296
counter/6/0/0/0,21539:1747647668009:,1747647682296
counter/4/0/0/0,20049:1747647667200:,1747647682296
counter/9/0/0/0,26417:1747647670184:,1747647682296
counter/6/0/0/0,21540:1747647668009:,1747647682296
counter/9/0/0/0,26418:1747647670184:,1747647682296
counter/6/0/0/0,21541:1747647668009:,1747647682296
counter/9/0/0/0,26419:1747647670198:,1747647682296
counter/6/0/0/0,21542:1747647668019:,1747647682296
counter/9/0/0/0,26420:1747647670198:,1747647682296
counter/1/0/0/0,21393:1747647667811:,1747647682296
counter/5/0/0/0,22423:1747647667702:,1747647682296
counter/6/0/0/0,21543:1747647668019:,1747647682296
counter/9/0/0/0,26421:1747647670198:,1747647682296
counter/1/0/0/0,21394:1747647667811:,1747647682296
counter/6/0/0/0,21544:1747647668019:,1747647682296
counter/6/0/0/0,21545:1747647668019:,1747647682296
counter/6/0/0/0,21546:1747647668019:,1747647682296
counter/6/0/0/0,21547:1747647668019:,1747647682296
counter/6/0/0/0,21548:1747647668019:,1747647682296
counter/6/0/0/0,21549:1747647668019:,1747647682296
counter/6/0/0/0,21550:1747647668021:,1747647682296
counter/6/0/0/0,21551:1747647668021:,1747647682296
counter/6/0/0/0,21552:1747647668022:,1747647682296
counter/6/0/0/0,21553:1747647668022:,1747647682297
counter/6/0/0/0,21554:1747647668026:,1747647682297
counter/8/0/0/0,23571:1747647667964:,1747647682297
counter/6/0/0/0,21555:1747647668026:,1747647682297
counter/4/0/0/0,20050:1747647667200:,1747647682297
counter/6/0/0/0,21556:1747647668026:,1747647682297
counter/1/0/0/0,21395:1747647667811:,1747647682297
counter/10/0/0/0,20001:1747647665234:,1747647682297
counter/6/0/0/0,21557:1747647668026:,1747647682297
counter/3/0/0/0,21496:1747647667945:,1747647682297
counter/6/0/0/0,21558:1747647668026:,1747647682297
counter/9/0/0/0,26422:1747647670198:,1747647682297
counter/6/0/0/0,21559:1747647668026:,1747647682297
counter/9/0/0/0,26423:1747647670198:,1747647682297
counter/6/0/0/0,21560:1747647668026:,1747647682297
counter/9/0/0/0,26424:1747647670198:,1747647682297
counter/6/0/0/0,21561:1747647668027:,1747647682297
counter/9/0/0/0,26425:1747647670198:,1747647682297
counter/6/0/0/0,21562:1747647668027:,1747647682297
counter/9/0/0/0,26426:1747647670198:,1747647682297
counter/6/0/0/0,21563:1747647668027:,1747647682297
counter/9/0/0/0,26427:1747647670206:,1747647682297
counter/6/0/0/0,21564:1747647668027:,1747647682297
counter/9/0/0/0,26428:1747647670206:,1747647682297
counter/6/0/0/0,21565:1747647668027:,1747647682297
counter/9/0/0/0,26429:1747647670206:,1747647682297
counter/6/0/0/0,21566:1747647668027:,1747647682297
counter/9/0/0/0,26430:1747647670206:,1747647682297
counter/6/0/0/0,21567:1747647668027:,1747647682297
counter/9/0/0/0,26431:1747647670206:,1747647682297
counter/6/0/0/0,21568:1747647668027:,1747647682297
counter/9/0/0/0,26432:1747647670207:,1747647682297
counter/6/0/0/0,21569:1747647668043:,1747647682297
counter/9/0/0/0,26433:1747647670208:,1747647682297
counter/6/0/0/0,21570:1747647668043:,1747647682297
counter/9/0/0/0,26434:1747647670208:,1747647682297
counter/6/0/0/0,21571:1747647668043:,1747647682297
counter/6/0/0/0,21572:1747647668043:,1747647682297
counter/6/0/0/0,21573:1747647668044:,1747647682298
counter/6/0/0/0,21574:1747647668044:,1747647682298
counter/6/0/0/0,21575:1747647668044:,1747647682298
counter/6/0/0/0,21576:1747647668044:,1747647682298
counter/6/0/0/0,21577:1747647668044:,1747647682298
counter/6/0/0/0,21578:1747647668044:,1747647682298
counter/6/0/0/0,21579:1747647668044:,1747647682298
counter/6/0/0/0,21580:1747647668044:,1747647682298
counter/6/0/0/0,21581:1747647668044:,1747647682298
counter/6/0/0/0,21582:1747647668044:,1747647682298
counter/6/0/0/0,21583:1747647668044:,1747647682298
counter/6/0/0/0,21584:1747647668045:,1747647682298
counter/6/0/0/0,21585:1747647668047:,1747647682298
counter/6/0/0/0,21586:1747647668047:,1747647682298
counter/6/0/0/0,21587:1747647668047:,1747647682298
counter/6/0/0/0,21588:1747647668047:,1747647682298
counter/6/0/0/0,21589:1747647668047:,1747647682298
counter/6/0/0/0,21590:1747647668047:,1747647682298
counter/6/0/0/0,21591:1747647668047:,1747647682298
counter/6/0/0/0,21592:1747647668047:,1747647682298
counter/6/0/0/0,21593:1747647668047:,1747647682298
counter/6/0/0/0,21594:1747647668047:,1747647682298
counter/6/0/0/0,21595:1747647668047:,1747647682298
counter/6/0/0/0,21596:1747647668047:,1747647682298
counter/6/0/0/0,21597:1747647668047:,1747647682298
counter/6/0/0/0,21598:1747647668047:,1747647682298
counter/6/0/0/0,21599:1747647668047:,1747647682298
counter/6/0/0/0,21600:1747647668050:,1747647682298
counter/6/0/0/0,21601:1747647668053:,1747647682298
counter/6/0/0/0,21602:1747647668053:,1747647682298
counter/6/0/0/0,21603:1747647668053:,1747647682298
counter/6/0/0/0,21604:1747647668053:,1747647682298
counter/6/0/0/0,21605:1747647668053:,1747647682298
counter/6/0/0/0,21606:1747647668053:,1747647682298
counter/6/0/0/0,21607:1747647668053:,1747647682298
counter/6/0/0/0,21608:1747647668053:,1747647682298
counter/6/0/0/0,21609:1747647668053:,1747647682298
counter/6/0/0/0,21610:1747647668053:,1747647682298
counter/6/0/0/0,21611:1747647668053:,1747647682298
counter/6/0/0/0,21612:1747647668053:,1747647682298
counter/6/0/0/0,21613:1747647668053:,1747647682298
counter/6/0/0/0,21614:1747647668053:,1747647682298
counter/6/0/0/0,21615:1747647668053:,1747647682298
counter/6/0/0/0,21616:1747647668057:,1747647682299
counter/6/0/0/0,21617:1747647668057:,1747647682299
counter/6/0/0/0,21618:1747647668058:,1747647682299
counter/6/0/0/0,21619:1747647668058:,1747647682299
counter/6/0/0/0,21620:1747647668058:,1747647682299
counter/6/0/0/0,21621:1747647668058:,1747647682299
counter/6/0/0/0,21622:1747647668058:,1747647682299
counter/6/0/0/0,21623:1747647668058:,1747647682299
counter/6/0/0/0,21624:1747647668058:,1747647682299
counter/6/0/0/0,21625:1747647668058:,1747647682299
counter/6/0/0/0,21626:1747647668058:,1747647682299
counter/6/0/0/0,21627:1747647668058:,1747647682299
counter/6/0/0/0,21628:1747647668058:,1747647682299
counter/6/0/0/0,21629:1747647668062:,1747647682299
counter/6/0/0/0,21630:1747647668062:,1747647682299
counter/6/0/0/0,21631:1747647668073:,1747647682299
counter/6/0/0/0,21632:1747647668073:,1747647682299
counter/6/0/0/0,21633:1747647668073:,1747647682299
counter/3/0/0/0,21497:1747647667945:,1747647682299
counter/6/0/0/0,21634:1747647668073:,1747647682299
counter/6/0/0/0,21635:1747647668073:,1747647682299
counter/7/0/0/0,21214:1747647666668:,1747647682299
counter/6/0/0/0,21636:1747647668073:,1747647682299
counter/6/0/0/0,21637:1747647668073:,1747647682299
counter/6/0/0/0,21638:1747647668073:,1747647682299
counter/1/0/0/0,21396:1747647667811:,1747647682299
counter/6/0/0/0,21639:1747647668073:,1747647682299
counter/6/0/0/0,21640:1747647668073:,1747647682299
counter/6/0/0/0,21641:1747647668073:,1747647682299
counter/6/0/0/0,21642:1747647668073:,1747647682299
counter/6/0/0/0,21643:1747647668073:,1747647682299
counter/6/0/0/0,21644:1747647668074:,1747647682299
counter/6/0/0/0,21645:1747647668074:,1747647682299
counter/6/0/0/0,21646:1747647668080:,1747647682299
counter/6/0/0/0,21647:1747647668080:,1747647682299
counter/6/0/0/0,21648:1747647668080:,1747647682299
counter/7/0/0/0,21215:1747647666668:,1747647682299
counter/6/0/0/0,21649:1747647668080:,1747647682299
counter/8/0/0/0,23572:1747647667965:,1747647682300
counter/6/0/0/0,21650:1747647668081:,1747647682300
counter/1/0/0/0,21397:1747647667811:,1747647682300
counter/6/0/0/0,21651:1747647668081:,1747647682300
counter/6/0/0/0,21652:1747647668081:,1747647682300
counter/10/0/0/0,20002:1747647665234:,1747647682300
counter/6/0/0/0,21653:1747647668086:,1747647682300
counter/5/0/0/0,22424:1747647667702:,1747647682300
counter/6/0/0/0,21654:1747647668087:,1747647682300
counter/3/0/0/0,21498:1747647667945:,1747647682300
counter/6/0/0/0,21655:1747647668087:,1747647682300
counter/6/0/0/0,21656:1747647668087:,1747647682300
counter/6/0/0/0,21657:1747647668087:,1747647682300
counter/6/0/0/0,21658:1747647668087:,1747647682300
counter/4/0/0/0,20051:1747647667200:,1747647682300
counter/6/0/0/0,21659:1747647668087:,1747647682300
counter/8/0/0/0,23573:1747647667965:,1747647682300
counter/6/0/0/0,21660:1747647668087:,1747647682300
counter/6/0/0/0,21661:1747647668088:,1747647682300
counter/1/0/0/0,21398:1747647667811:,1747647682300
counter/6/0/0/0,21662:1747647668088:,1747647682300
counter/6/0/0/0,21663:1747647668088:,1747647682300
counter/6/0/0/0,21664:1747647668088:,1747647682300
counter/6/0/0/0,21665:1747647668088:,1747647682300
counter/6/0/0/0,21666:1747647668088:,1747647682300
counter/6/0/0/0,21667:1747647668088:,1747647682300
counter/6/0/0/0,21668:1747647668088:,1747647682300
counter/5/0/0/0,22425:1747647667702:,1747647682300
counter/6/0/0/0,21669:1747647668126:,1747647682300
counter/6/0/0/0,21670:1747647668126:,1747647682300
counter/6/0/0/0,21671:1747647668126:,1747647682300
counter/6/0/0/0,21672:1747647668127:,1747647682300
counter/7/0/0/0,21216:1747647666668:,1747647682300
counter/6/0/0/0,21673:1747647668127:,1747647682300
counter/8/0/0/0,23574:1747647667965:,1747647682300
counter/6/0/0/0,21674:1747647668127:,1747647682300
counter/1/0/0/0,21399:1747647667811:,1747647682300
counter/10/0/0/0,20003:1747647665234:,1747647682300
counter/6/0/0/0,21675:1747647668127:,1747647682300
counter/1/0/0/0,21400:1747647667811:,1747647682300
counter/3/0/0/0,21499:1747647667945:,1747647682301
counter/6/0/0/0,21676:1747647668128:,1747647682301
counter/1/0/0/0,21401:1747647667811:,1747647682301
counter/4/0/0/0,20052:1747647667200:,1747647682301
counter/8/0/0/0,23575:1747647667965:,1747647682301
counter/4/0/0/0,20053:1747647667200:,1747647682301
counter/4/0/0/0,20054:1747647667200:,1747647682301
counter/4/0/0/0,20055:1747647667200:,1747647682301
counter/4/0/0/0,20056:1747647667200:,1747647682301
counter/4/0/0/0,20057:1747647667200:,1747647682301
counter/4/0/0/0,20058:1747647667200:,1747647682301
counter/9/0/0/0,26435:1747647670208:,1747647682301
counter/7/0/0/0,21217:1747647666668:,1747647682301
counter/10/0/0/0,20004:1747647665236:,1747647682301
counter/8/0/0/0,23576:1747647667965:,1747647682301
counter/6/0/0/0,21677:1747647668128:,1747647682301
counter/5/0/0/0,22426:1747647667702:,1747647682301
counter/3/0/0/0,21500:1747647667945:,1747647682301
counter/4/0/0/0,20059:1747647667200:,1747647682301
counter/7/0/0/0,21218:1747647666668:,1747647682301
counter/1/0/0/0,21402:1747647667811:,1747647682301
counter/8/0/0/0,23577:1747647667965:,1747647682301
counter/8/0/0/0,23578:1747647667965:,1747647682301
counter/6/0/0/0,21678:1747647668128:,1747647682301
counter/3/0/0/0,21501:1747647667945:,1747647682301
counter/6/0/0/0,21679:1747647668128:,1747647682301
counter/9/0/0/0,26436:1747647670208:,1747647682301
counter/6/0/0/0,21680:1747647668128:,1747647682301
counter/4/0/0/0,20060:1747647667208:,1747647682301
counter/7/0/0/0,21219:1747647666668:,1747647682301
counter/1/0/0/0,21403:1747647667811:,1747647682301
counter/5/0/0/0,22427:1747647667702:,1747647682301
counter/5/0/0/0,22428:1747647667702:,1747647682301
counter/5/0/0/0,22429:1747647667702:,1747647682301
counter/5/0/0/0,22430:1747647667702:,1747647682301
counter/5/0/0/0,22431:1747647667702:,1747647682301
counter/9/0/0/0,26437:1747647670208:,1747647682301
counter/9/0/0/0,26438:1747647670208:,1747647682301
counter/9/0/0/0,26439:1747647670208:,1747647682301
counter/4/0/0/0,20061:1747647667208:,1747647682301
counter/4/0/0/0,20062:1747647667208:,1747647682301
counter/4/0/0/0,20063:1747647667208:,1747647682301
counter/10/0/0/0,20005:1747647665236:,1747647682302
counter/1/0/0/0,21404:1747647667811:,1747647682302
counter/8/0/0/0,23579:1747647667965:,1747647682302
counter/6/0/0/0,21681:1747647668128:,1747647682302
counter/9/0/0/0,26440:1747647670208:,1747647682302
counter/9/0/0/0,26441:1747647670208:,1747647682302
counter/9/0/0/0,26442:1747647670208:,1747647682302
counter/9/0/0/0,26443:1747647670208:,1747647682302
counter/4/0/0/0,20064:1747647667208:,1747647682302
counter/5/0/0/0,22432:1747647667708:,1747647682302
counter/10/0/0/0,20006:1747647665236:,1747647682302
counter/10/0/0/0,20007:1747647665236:,1747647682302
counter/8/0/0/0,23580:1747647667965:,1747647682302
counter/8/0/0/0,23581:1747647667965:,1747647682302
counter/3/0/0/0,21502:1747647667945:,1747647682302
counter/7/0/0/0,21220:1747647666668:,1747647682302
counter/9/0/0/0,26444:1747647670208:,1747647682302
counter/7/0/0/0,21221:1747647666668:,1747647682302
counter/4/0/0/0,20065:1747647667212:,1747647682302
counter/5/0/0/0,22433:1747647667708:,1747647682302
counter/5/0/0/0,22434:1747647667708:,1747647682302
counter/5/0/0/0,22435:1747647667708:,1747647682302
counter/1/0/0/0,21405:1747647667820:,1747647682302
counter/8/0/0/0,23582:1747647667965:,1747647682302
counter/1/0/0/0,21406:1747647667820:,1747647682302
counter/9/0/0/0,26445:1747647670208:,1747647682302
counter/9/0/0/0,26446:1747647670208:,1747647682302
counter/7/0/0/0,21222:1747647666670:,1747647682302
counter/4/0/0/0,20066:1747647667218:,1747647682302
counter/10/0/0/0,20008:1747647665236:,1747647682302
counter/5/0/0/0,22436:1747647667708:,1747647682302
counter/5/0/0/0,22437:1747647667708:,1747647682302
counter/5/0/0/0,22438:1747647667708:,1747647682302
counter/5/0/0/0,22439:1747647667709:,1747647682302
counter/5/0/0/0,22440:1747647667709:,1747647682302
counter/5/0/0/0,22441:1747647667709:,1747647682303
counter/5/0/0/0,22442:1747647667709:,1747647682303
counter/5/0/0/0,22443:1747647667709:,1747647682303
counter/5/0/0/0,22444:1747647667718:,1747647682303
counter/5/0/0/0,22445:1747647667724:,1747647682303
counter/5/0/0/0,22446:1747647667725:,1747647682303
counter/5/0/0/0,22447:1747647667725:,1747647682303
counter/5/0/0/0,22448:1747647667725:,1747647682303
counter/5/0/0/0,22449:1747647667725:,1747647682303
counter/5/0/0/0,22450:1747647667725:,1747647682303
counter/10/0/0/0,20009:1747647665236:,1747647682303
counter/5/0/0/0,22451:1747647667725:,1747647682303
counter/3/0/0/0,21503:1747647667945:,1747647682303
counter/5/0/0/0,22452:1747647667725:,1747647682303
counter/9/0/0/0,26447:1747647670208:,1747647682303
counter/9/0/0/0,26448:1747647670208:,1747647682303
counter/9/0/0/0,26449:1747647670208:,1747647682303
counter/9/0/0/0,26450:1747647670220:,1747647682303
counter/9/0/0/0,26451:1747647670221:,1747647682303
counter/5/0/0/0,22453:1747647667727:,1747647682303
counter/5/0/0/0,22454:1747647667727:,1747647682303
counter/10/0/0/0,20010:1747647665236:,1747647682303
counter/5/0/0/0,22455:1747647667728:,1747647682303
counter/5/0/0/0,22456:1747647667728:,1747647682303
counter/5/0/0/0,22457:1747647667728:,1747647682303
counter/5/0/0/0,22458:1747647667728:,1747647682303
counter/7/0/0/0,21223:1747647666670:,1747647682303
counter/1/0/0/0,21407:1747647667820:,1747647682303
counter/6/0/0/0,21682:1747647668128:,1747647682303
counter/5/0/0/0,22459:1747647667728:,1747647682303
counter/9/0/0/0,26452:1747647670221:,1747647682303
counter/5/0/0/0,22460:1747647667728:,1747647682303
counter/10/0/0/0,20011:1747647665236:,1747647682303
counter/7/0/0/0,21224:1747647666670:,1747647682303
counter/4/0/0/0,20067:1747647667220:,1747647682303
counter/6/0/0/0,21683:1747647668137:,1747647682303
counter/5/0/0/0,22461:1747647667728:,1747647682303
counter/6/0/0/0,21684:1747647668137:,1747647682303
counter/10/0/0/0,20012:1747647665236:,1747647682303
counter/7/0/0/0,21225:1747647666670:,1747647682304
counter/3/0/0/0,21504:1747647667945:,1747647682304
counter/7/0/0/0,21226:1747647666670:,1747647682304
counter/1/0/0/0,21408:1747647667820:,1747647682304
counter/6/0/0/0,21685:1747647668137:,1747647682304
counter/3/0/0/0,21505:1747647667945:,1747647682304
counter/6/0/0/0,21686:1747647668137:,1747647682304
counter/6/0/0/0,21687:1747647668137:,1747647682304
counter/5/0/0/0,22462:1747647667733:,1747647682304
counter/6/0/0/0,21688:1747647668137:,1747647682304
counter/8/0/0/0,23583:1747647667965:,1747647682304
counter/7/0/0/0,21227:1747647666670:,1747647682304
counter/9/0/0/0,26453:1747647670221:,1747647682304
counter/10/0/0/0,20013:1747647665236:,1747647682304
counter/3/0/0/0,21506:1747647667945:,1747647682304
counter/3/0/0/0,21507:1747647667945:,1747647682304
counter/3/0/0/0,21508:1747647667945:,1747647682304
counter/3/0/0/0,21509:1747647667945:,1747647682304
counter/3/0/0/0,21510:1747647667945:,1747647682304
counter/6/0/0/0,21689:1747647668137:,1747647682304
counter/6/0/0/0,21690:1747647668137:,1747647682304
counter/8/0/0/0,23584:1747647667968:,1747647682304
counter/6/0/0/0,21691:1747647668137:,1747647682304
counter/6/0/0/0,21692:1747647668137:,1747647682304
counter/6/0/0/0,21693:1747647668137:,1747647682304
counter/6/0/0/0,21694:1747647668137:,1747647682304
counter/6/0/0/0,21695:1747647668137:,1747647682304
counter/6/0/0/0,21696:1747647668137:,1747647682304
counter/1/0/0/0,21409:1747647667820:,1747647682304
counter/3/0/0/0,21511:1747647667945:,1747647682304
counter/3/0/0/0,21512:1747647667945:,1747647682304
counter/3/0/0/0,21513:1747647667949:,1747647682304
counter/7/0/0/0,21228:1747647666670:,1747647682304
counter/10/0/0/0,20014:1747647665236:,1747647682304
counter/7/0/0/0,21229:1747647666676:,1747647682304
counter/1/0/0/0,21410:1747647667820:,1747647682304
counter/8/0/0/0,23585:1747647667972:,1747647682304
counter/10/0/0/0,20015:1747647665236:,1747647682304
counter/8/0/0/0,23586:1747647667972:,1747647682304
counter/5/0/0/0,22463:1747647667733:,1747647682305
counter/8/0/0/0,23587:1747647667972:,1747647682305
counter/1/0/0/0,21411:1747647667820:,1747647682305
counter/5/0/0/0,22464:1747647667733:,1747647682305
counter/1/0/0/0,21412:1747647667820:,1747647682305
counter/3/0/0/0,21514:1747647667949:,1747647682305
counter/4/0/0/0,20068:1747647667222:,1747647682305
counter/10/0/0/0,20016:1747647665236:,1747647682305
counter/4/0/0/0,20069:1747647667224:,1747647682305
counter/9/0/0/0,26454:1747647670221:,1747647682305
counter/7/0/0/0,21230:1747647666676:,1747647682305
counter/7/0/0/0,21231:1747647666676:,1747647682305
counter/5/0/0/0,22465:1747647667739:,1747647682305
counter/7/0/0/0,21232:1747647666676:,1747647682305
counter/1/0/0/0,21413:1747647667820:,1747647682305
counter/3/0/0/0,21515:1747647667949:,1747647682305
counter/3/0/0/0,21516:1747647667949:,1747647682305
counter/5/0/0/0,22466:1747647667739:,1747647682305
counter/10/0/0/0,20017:1747647665236:,1747647682305
counter/5/0/0/0,22467:1747647667739:,1747647682305
counter/1/0/0/0,21414:1747647667820:,1747647682305
counter/7/0/0/0,21233:1747647666676:,1747647682305
counter/3/0/0/0,21517:1747647667949:,1747647682305
counter/5/0/0/0,22468:1747647667747:,1747647682305
counter/3/0/0/0,21518:1747647667949:,1747647682305
counter/8/0/0/0,23588:1747647667973:,1747647682305
counter/3/0/0/0,21519:1747647667949:,1747647682305
counter/6/0/0/0,21697:1747647668137:,1747647682305
counter/4/0/0/0,20070:1747647667224:,1747647682305
counter/8/0/0/0,23589:1747647667973:,1747647682305
counter/7/0/0/0,21234:1747647666676:,1747647682305
counter/3/0/0/0,21520:1747647667949:,1747647682305
counter/6/0/0/0,21698:1747647668137:,1747647682305
counter/5/0/0/0,22469:1747647667747:,1747647682305
counter/6/0/0/0,21699:1747647668137:,1747647682305
counter/10/0/0/0,20018:1747647665236:,1747647682306
counter/9/0/0/0,26455:1747647670221:,1747647682306
counter/8/0/0/0,23590:1747647667973:,1747647682306
counter/8/0/0/0,23591:1747647667973:,1747647682306
counter/1/0/0/0,21415:1747647667820:,1747647682306
counter/7/0/0/0,21235:1747647666676:,1747647682306
counter/3/0/0/0,21521:1747647667949:,1747647682306
counter/6/0/0/0,21700:1747647668137:,1747647682306
counter/4/0/0/0,20071:1747647667224:,1747647682306
counter/8/0/0/0,23592:1747647667973:,1747647682306
counter/3/0/0/0,21522:1747647667951:,1747647682306
counter/5/0/0/0,22470:1747647667747:,1747647682306
counter/5/0/0/0,22471:1747647667795:,1747647682306
counter/5/0/0/0,22472:1747647667795:,1747647682306
counter/9/0/0/0,26456:1747647670224:,1747647682306
counter/10/0/0/0,20019:1747647665237:,1747647682306
counter/4/0/0/0,20072:1747647667225:,1747647682306
counter/5/0/0/0,22473:1747647667796:,1747647682306
counter/7/0/0/0,21236:1747647666676:,1747647682306
counter/9/0/0/0,26457:1747647670224:,1747647682306
counter/10/0/0/0,20020:1747647665237:,1747647682306
counter/6/0/0/0,21701:1747647668137:,1747647682306
counter/8/0/0/0,23593:1747647667973:,1747647682306
counter/4/0/0/0,20073:1747647667225:,1747647682306
counter/4/0/0/0,20074:1747647667225:,1747647682306
counter/7/0/0/0,21237:1747647666676:,1747647682306
counter/9/0/0/0,26458:1747647670224:,1747647682306
counter/7/0/0/0,21238:1747647666681:,1747647682306
counter/7/0/0/0,21239:1747647666681:,1747647682306
counter/8/0/0/0,23594:1747647667973:,1747647682306
counter/6/0/0/0,21702:1747647668137:,1747647682306
counter/5/0/0/0,22474:1747647667796:,1747647682306
counter/7/0/0/0,21240:1747647666682:,1747647682306
counter/8/0/0/0,23595:1747647667973:,1747647682306
counter/8/0/0/0,23596:1747647667973:,1747647682306
counter/8/0/0/0,23597:1747647667973:,1747647682306
counter/6/0/0/0,21703:1747647668138:,1747647682306
counter/10/0/0/0,20021:1747647665237:,1747647682306
counter/1/0/0/0,21416:1747647667820:,1747647682306
counter/5/0/0/0,22475:1747647667796:,1747647682306
counter/5/0/0/0,22476:1747647667796:,1747647682306
counter/5/0/0/0,22477:1747647667796:,1747647682306
counter/5/0/0/0,22478:1747647667796:,1747647682307
counter/5/0/0/0,22479:1747647667796:,1747647682307
counter/5/0/0/0,22480:1747647667796:,1747647682307
counter/5/0/0/0,22481:1747647667796:,1747647682307
counter/5/0/0/0,22482:1747647667796:,1747647682307
counter/9/0/0/0,26459:1747647670224:,1747647682307
counter/5/0/0/0,22483:1747647667796:,1747647682307
counter/6/0/0/0,21704:1747647668138:,1747647682307
counter/10/0/0/0,20022:1747647665237:,1747647682307
counter/3/0/0/0,21523:1747647667952:,1747647682307
counter/7/0/0/0,21241:1747647666682:,1747647682307
counter/6/0/0/0,21705:1747647668138:,1747647682307
counter/3/0/0/0,21524:1747647667952:,1747647682307
counter/6/0/0/0,21706:1747647668138:,1747647682307
counter/5/0/0/0,22484:1747647667796:,1747647682307
counter/5/0/0/0,22485:1747647667796:,1747647682307
counter/4/0/0/0,20075:1747647667225:,1747647682307
counter/4/0/0/0,20076:1747647667225:,1747647682307
counter/4/0/0/0,20077:1747647667225:,1747647682307
counter/9/0/0/0,26460:1747647670224:,1747647682307
counter/3/0/0/0,21525:1747647667973:,1747647682307
counter/9/0/0/0,26461:1747647670224:,1747647682307
counter/6/0/0/0,21707:1747647668138:,1747647682307
counter/5/0/0/0,22486:1747647667796:,1747647682307
counter/6/0/0/0,21708:1747647668138:,1747647682307
counter/1/0/0/0,21417:1747647667820:,1747647682307
counter/9/0/0/0,26462:1747647670232:,1747647682307
counter/1/0/0/0,21418:1747647667820:,1747647682307
counter/8/0/0/0,23598:1747647667974:,1747647682307
counter/8/0/0/0,23599:1747647667974:,1747647682307
counter/8/0/0/0,23600:1747647667974:,1747647682307
counter/10/0/0/0,20023:1747647665237:,1747647682307
counter/10/0/0/0,20024:1747647665237:,1747647682307
counter/10/0/0/0,20025:1747647665237:,1747647682307
counter/10/0/0/0,20026:1747647665237:,1747647682307
counter/5/0/0/0,22487:1747647667796:,1747647682308
counter/5/0/0/0,22488:1747647667796:,1747647682308
counter/5/0/0/0,22489:1747647667796:,1747647682308
counter/5/0/0/0,22490:1747647667796:,1747647682308
counter/6/0/0/0,21709:1747647668138:,1747647682308
counter/6/0/0/0,21710:1747647668138:,1747647682308
counter/4/0/0/0,20078:1747647667225:,1747647682308
counter/3/0/0/0,21526:1747647667973:,1747647682308
counter/4/0/0/0,20079:1747647667225:,1747647682308
counter/9/0/0/0,26463:1747647670232:,1747647682308
counter/9/0/0/0,26464:1747647670232:,1747647682308
counter/5/0/0/0,22491:1747647667804:,1747647682308
counter/9/0/0/0,26465:1747647670232:,1747647682308
counter/1/0/0/0,21419:1747647667821:,1747647682308
counter/6/0/0/0,21711:1747647668138:,1747647682308
counter/6/0/0/0,21712:1747647668138:,1747647682308
counter/10/0/0/0,20027:1747647665237:,1747647682308
counter/7/0/0/0,21242:1747647666682:,1747647682308
counter/4/0/0/0,20080:1747647667225:,1747647682308
counter/5/0/0/0,22492:1747647667804:,1747647682308
counter/5/0/0/0,22493:1747647667804:,1747647682308
counter/5/0/0/0,22494:1747647667804:,1747647682308
counter/5/0/0/0,22495:1747647667804:,1747647682308
counter/5/0/0/0,22496:1747647667804:,1747647682308
counter/6/0/0/0,21713:1747647668138:,1747647682308
counter/5/0/0/0,22497:1747647667804:,1747647682308
counter/3/0/0/0,21527:1747647667973:,1747647682308
counter/7/0/0/0,21243:1747647666682:,1747647682308
counter/4/0/0/0,20081:1747647667225:,1747647682308
counter/9/0/0/0,26466:1747647670232:,1747647682308
counter/9/0/0/0,26467:1747647670232:,1747647682308
counter/1/0/0/0,21420:1747647667826:,1747647682308
counter/10/0/0/0,20028:1747647665237:,1747647682308
counter/1/0/0/0,21421:1747647667826:,1747647682308
counter/5/0/0/0,22498:1747647667805:,1747647682308
counter/5/0/0/0,22499:1747647667805:,1747647682308
counter/5/0/0/0,22500:1747647667805:,1747647682308
counter/7/0/0/0,21244:1747647666682:,1747647682308
counter/4/0/0/0,20082:1747647667225:,1747647682308
counter/9/0/0/0,26468:1747647670232:,1747647682308
counter/9/0/0/0,26469:1747647670232:,1747647682308
counter/9/0/0/0,26470:1747647670232:,1747647682309
counter/9/0/0/0,26471:1747647670232:,1747647682309
counter/9/0/0/0,26472:1747647670232:,1747647682309
counter/9/0/0/0,26473:1747647670232:,1747647682309
counter/9/0/0/0,26474:1747647670232:,1747647682309
counter/8/0/0/0,23601:1747647667974:,1747647682309
counter/7/0/0/0,21245:1747647666682:,1747647682309
counter/8/0/0/0,23602:1747647667974:,1747647682309
counter/10/0/0/0,20029:1747647665237:,1747647682309
counter/1/0/0/0,21422:1747647667826:,1747647682309
counter/5/0/0/0,22501:1747647667805:,1747647682309
counter/3/0/0/0,21528:1747647667973:,1747647682309
counter/5/0/0/0,22502:1747647667805:,1747647682309
counter/5/0/0/0,22503:1747647667805:,1747647682309
counter/9/0/0/0,26475:1747647670254:,1747647682309
counter/4/0/0/0,20083:1747647667225:,1747647682309
counter/7/0/0/0,21246:1747647666682:,1747647682309
counter/8/0/0/0,23603:1747647667974:,1747647682309
counter/7/0/0/0,21247:1747647666682:,1747647682309
counter/1/0/0/0,21423:1747647667826:,1747647682309
counter/6/0/0/0,21714:1747647668138:,1747647682309
counter/3/0/0/0,21529:1747647667986:,1747647682309
counter/8/0/0/0,23604:1747647667974:,1747647682309
counter/10/0/0/0,20030:1747647665237:,1747647682309
counter/10/0/0/0,20031:1747647665237:,1747647682309
counter/10/0/0/0,20032:1747647665237:,1747647682309
counter/10/0/0/0,20033:1747647665237:,1747647682309
counter/10/0/0/0,20034:1747647665237:,1747647682309
counter/10/0/0/0,20035:1747647665237:,1747647682309
counter/10/0/0/0,20036:1747647665237:,1747647682309
counter/10/0/0/0,20037:1747647665237:,1747647682309
counter/10/0/0/0,20038:1747647665237:,1747647682309
counter/10/0/0/0,20039:1747647665237:,1747647682309
counter/4/0/0/0,20084:1747647667225:,1747647682309
counter/6/0/0/0,21715:1747647668138:,1747647682309
counter/1/0/0/0,21424:1747647667826:,1747647682309
counter/3/0/0/0,21530:1747647667986:,1747647682309
counter/5/0/0/0,22504:1747647667805:,1747647682309
counter/9/0/0/0,26476:1747647670254:,1747647682309
counter/9/0/0/0,26477:1747647670254:,1747647682309
counter/8/0/0/0,23605:1747647667974:,1747647682310
counter/8/0/0/0,23606:1747647667974:,1747647682310
counter/8/0/0/0,23607:1747647667974:,1747647682310
counter/8/0/0/0,23608:1747647667974:,1747647682310
counter/4/0/0/0,20085:1747647667225:,1747647682310
counter/4/0/0/0,20086:1747647667225:,1747647682310
counter/3/0/0/0,21531:1747647667986:,1747647682310
counter/5/0/0/0,22505:1747647667806:,1747647682310
counter/9/0/0/0,26478:1747647670254:,1747647682310
counter/9/0/0/0,26479:1747647670254:,1747647682310
counter/7/0/0/0,21248:1747647666682:,1747647682310
counter/10/0/0/0,20040:1747647665237:,1747647682310
counter/7/0/0/0,21249:1747647666682:,1747647682310
counter/7/0/0/0,21250:1747647666682:,1747647682310
counter/4/0/0/0,20087:1747647667225:,1747647682310
counter/4/0/0/0,20088:1747647667225:,1747647682310
counter/3/0/0/0,21532:1747647667986:,1747647682310
counter/1/0/0/0,21425:1747647667826:,1747647682310
counter/9/0/0/0,26480:1747647670254:,1747647682310
counter/9/0/0/0,26481:1747647670254:,1747647682310
counter/9/0/0/0,26482:1747647670254:,1747647682310
counter/8/0/0/0,23609:1747647667974:,1747647682310
counter/7/0/0/0,21251:1747647666683:,1747647682310
counter/7/0/0/0,21252:1747647666683:,1747647682310
counter/4/0/0/0,20089:1747647667225:,1747647682310
counter/3/0/0/0,21533:1747647667986:,1747647682310
counter/4/0/0/0,20090:1747647667225:,1747647682310
counter/4/0/0/0,20091:1747647667236:,1747647682310
counter/10/0/0/0,20041:1747647665237:,1747647682310
counter/1/0/0/0,21426:1747647667826:,1747647682310
counter/8/0/0/0,23610:1747647667974:,1747647682310
counter/1/0/0/0,21427:1747647667826:,1747647682310
counter/6/0/0/0,21716:1747647668138:,1747647682310
counter/5/0/0/0,22506:1747647667806:,1747647682310
counter/6/0/0/0,21717:1747647668138:,1747647682310
counter/4/0/0/0,20092:1747647667236:,1747647682310
counter/10/0/0/0,20042:1747647665238:,1747647682310
counter/9/0/0/0,26483:1747647670254:,1747647682311
counter/9/0/0/0,26484:1747647670254:,1747647682311
counter/9/0/0/0,26485:1747647670254:,1747647682311
counter/7/0/0/0,21253:1747647666683:,1747647682311
counter/1/0/0/0,21428:1747647667826:,1747647682311
counter/5/0/0/0,22507:1747647667806:,1747647682311
counter/1/0/0/0,21429:1747647667826:,1747647682311
counter/6/0/0/0,21718:1747647668138:,1747647682311
counter/4/0/0/0,20093:1747647667236:,1747647682311
counter/10/0/0/0,20043:1747647665238:,1747647682311
counter/4/0/0/0,20094:1747647667236:,1747647682311
counter/8/0/0/0,23611:1747647667974:,1747647682311
counter/4/0/0/0,20095:1747647667236:,1747647682311
counter/7/0/0/0,21254:1747647666684:,1747647682311
counter/5/0/0/0,22508:1747647667806:,1747647682311
counter/3/0/0/0,21534:1747647667987:,1747647682311
counter/3/0/0/0,21535:1747647667987:,1747647682311
counter/3/0/0/0,21536:1747647667987:,1747647682311
counter/3/0/0/0,21537:1747647667988:,1747647682311
counter/3/0/0/0,21538:1747647667988:,1747647682311
counter/3/0/0/0,21539:1747647667990:,1747647682311
counter/3/0/0/0,21540:1747647667991:,1747647682311
counter/3/0/0/0,21541:1747647667991:,1747647682311
counter/3/0/0/0,21542:1747647667991:,1747647682311
counter/3/0/0/0,21543:1747647667991:,1747647682311
counter/8/0/0/0,23612:1747647667974:,1747647682311
counter/6/0/0/0,21719:1747647668138:,1747647682311
counter/10/0/0/0,20044:1747647665238:,1747647682311
counter/8/0/0/0,23613:1747647667974:,1747647682311
counter/10/0/0/0,20045:1747647665238:,1747647682311
counter/6/0/0/0,21720:1747647668138:,1747647682311
counter/1/0/0/0,21430:1747647667826:,1747647682311
counter/1/0/0/0,21431:1747647667826:,1747647682311
counter/7/0/0/0,21255:1747647666684:,1747647682311
counter/8/0/0/0,23614:1747647667974:,1747647682311
counter/8/0/0/0,23615:1747647667974:,1747647682311
counter/8/0/0/0,23616:1747647667976:,1747647682311
counter/8/0/0/0,23617:1747647667976:,1747647682311
counter/10/0/0/0,20046:1747647665238:,1747647682311
counter/8/0/0/0,23618:1747647667976:,1747647682311
counter/10/0/0/0,20047:1747647665238:,1747647682311
counter/5/0/0/0,22509:1747647667806:,1747647682312
counter/4/0/0/0,20096:1747647667236:,1747647682312
counter/3/0/0/0,21544:1747647667991:,1747647682312
counter/6/0/0/0,21721:1747647668138:,1747647682312
counter/1/0/0/0,21432:1747647667826:,1747647682312
counter/7/0/0/0,21256:1747647666684:,1747647682312
counter/1/0/0/0,21433:1747647667826:,1747647682312
counter/8/0/0/0,23619:1747647667976:,1747647682312
counter/8/0/0/0,23620:1747647667976:,1747647682312
counter/4/0/0/0,20097:1747647667236:,1747647682312
counter/3/0/0/0,21545:1747647667991:,1747647682312
counter/6/0/0/0,21722:1747647668138:,1747647682312
counter/5/0/0/0,22510:1747647667806:,1747647682312
counter/1/0/0/0,21434:1747647667827:,1747647682312
counter/7/0/0/0,21257:1747647666684:,1747647682312
counter/4/0/0/0,20098:1747647667236:,1747647682312
counter/3/0/0/0,21546:1747647667991:,1747647682312
counter/6/0/0/0,21723:1747647668138:,1747647682312
counter/2/0/0/0,25114:1747647670783:,1747647682312
counter/2/0/0/0,25115:1747647670783:,1747647682312
counter/4/0/0/0,20099:1747647667236:,1747647682312
counter/2/0/0/0,25116:1747647670783:,1747647682312
counter/3/0/0/0,21547:1747647667991:,1747647682312
counter/2/0/0/0,25117:1747647670783:,1747647682312
counter/6/0/0/0,21724:1747647668138:,1747647682312
counter/10/0/0/0,20048:1747647665238:,1747647682312
counter/2/0/0/0,25118:1747647670783:,1747647682312
counter/5/0/0/0,22511:1747647667806:,1747647682312
counter/7/0/0/0,21258:1747647666684:,1747647682312
counter/2/0/0/0,25119:1747647670783:,1747647682312
counter/8/0/0/0,23621:1747647667976:,1747647682312
counter/2/0/0/0,25120:1747647670783:,1747647682312
counter/2/0/0/0,25121:1747647670785:,1747647682312
counter/2/0/0/0,25122:1747647670785:,1747647682312
counter/2/0/0/0,25123:1747647670785:,1747647682312
counter/2/0/0/0,25124:1747647670785:,1747647682312
counter/2/0/0/0,25125:1747647670785:,1747647682312
counter/2/0/0/0,25126:1747647670785:,1747647682313
counter/2/0/0/0,25127:1747647670785:,1747647682313
counter/2/0/0/0,25128:1747647670785:,1747647682313
counter/2/0/0/0,25129:1747647670785:,1747647682313
counter/2/0/0/0,25130:1747647670786:,1747647682313
counter/2/0/0/0,25131:1747647670786:,1747647682313
counter/2/0/0/0,25132:1747647670786:,1747647682313
counter/2/0/0/0,25133:1747647670786:,1747647682313
counter/2/0/0/0,25134:1747647670786:,1747647682313
counter/2/0/0/0,25135:1747647670786:,1747647682313
counter/2/0/0/0,25136:1747647670786:,1747647682313
counter/2/0/0/0,25137:1747647670786:,1747647682313
counter/2/0/0/0,25138:1747647670787:,1747647682313
counter/2/0/0/0,25139:1747647670787:,1747647682313
counter/2/0/0/0,25140:1747647670788:,1747647682313
counter/2/0/0/0,25141:1747647670788:,1747647682313
counter/2/0/0/0,25142:1747647670788:,1747647682313
counter/2/0/0/0,25143:1747647670788:,1747647682313
counter/2/0/0/0,25144:1747647670788:,1747647682313
counter/2/0/0/0,25145:1747647670788:,1747647682313
counter/2/0/0/0,25146:1747647670788:,1747647682313
counter/2/0/0/0,25147:1747647670788:,1747647682313
counter/2/0/0/0,25148:1747647670788:,1747647682313
counter/2/0/0/0,25149:1747647670788:,1747647682313
counter/2/0/0/0,25150:1747647670788:,1747647682313
counter/2/0/0/0,25151:1747647670788:,1747647682313
counter/10/0/0/0,20049:1747647665238:,1747647682313
counter/2/0/0/0,25152:1747647670790:,1747647682313
counter/9/0/0/0,26486:1747647670254:,1747647682313
counter/2/0/0/0,25153:1747647670790:,1747647682313
counter/4/0/0/0,20100:1747647667236:,1747647682313
counter/6/0/0/0,21725:1747647668138:,1747647682313
counter/2/0/0/0,25154:1747647670790:,1747647682313
counter/6/0/0/0,21726:1747647668138:,1747647682313
counter/2/0/0/0,25155:1747647670790:,1747647682313
counter/6/0/0/0,21727:1747647668138:,1747647682313
counter/2/0/0/0,25156:1747647670790:,1747647682313
counter/6/0/0/0,21728:1747647668138:,1747647682313
counter/9/0/0/0,26487:1747647670255:,1747647682313
counter/2/0/0/0,25157:1747647670790:,1747647682313
counter/6/0/0/0,21729:1747647668138:,1747647682313
counter/4/0/0/0,20101:1747647667236:,1747647682313
counter/2/0/0/0,25158:1747647670790:,1747647682314
counter/6/0/0/0,21730:1747647668138:,1747647682314
counter/8/0/0/0,23622:1747647667976:,1747647682314
counter/1/0/0/0,21435:1747647667827:,1747647682314
counter/2/0/0/0,25159:1747647670790:,1747647682314
counter/6/0/0/0,21731:1747647668138:,1747647682314
counter/5/0/0/0,22512:1747647667806:,1747647682314
counter/2/0/0/0,25160:1747647670797:,1747647682314
counter/6/0/0/0,21732:1747647668138:,1747647682314
counter/3/0/0/0,21548:1747647667992:,1747647682314
counter/2/0/0/0,25161:1747647670797:,1747647682314
counter/6/0/0/0,21733:1747647668139:,1747647682314
counter/3/0/0/0,21549:1747647667992:,1747647682314
counter/2/0/0/0,25162:1747647670797:,1747647682314
counter/6/0/0/0,21734:1747647668139:,1747647682314
counter/2/0/0/0,25163:1747647670797:,1747647682314
counter/6/0/0/0,21735:1747647668139:,1747647682314
counter/8/0/0/0,23623:1747647667976:,1747647682314
counter/10/0/0/0,20050:1747647665238:,1747647682314
counter/7/0/0/0,21259:1747647666684:,1747647682314
counter/2/0/0/0,25164:1747647670797:,1747647682314
counter/9/0/0/0,26488:1747647670255:,1747647682314
counter/3/0/0/0,21550:1747647667992:,1747647682314
counter/4/0/0/0,20102:1747647667236:,1747647682314
counter/2/0/0/0,25165:1747647670797:,1747647682314
counter/3/0/0/0,21551:1747647667993:,1747647682314
counter/2/0/0/0,25166:1747647670797:,1747647682314
counter/3/0/0/0,21552:1747647667993:,1747647682314
counter/2/0/0/0,25167:1747647670797:,1747647682314
counter/3/0/0/0,21553:1747647667993:,1747647682314
counter/2/0/0/0,25168:1747647670797:,1747647682314
counter/3/0/0/0,21554:1747647668008:,1747647682314
counter/2/0/0/0,25169:1747647670797:,1747647682314
counter/3/0/0/0,21555:1747647668008:,1747647682314
counter/1/0/0/0,21436:1747647667827:,1747647682314
counter/2/0/0/0,25170:1747647670798:,1747647682314
counter/3/0/0/0,21556:1747647668008:,1747647682314
counter/5/0/0/0,22513:1747647667806:,1747647682314
counter/2/0/0/0,25171:1747647670798:,1747647682314
counter/3/0/0/0,21557:1747647668008:,1747647682314
counter/2/0/0/0,25172:1747647670798:,1747647682315
counter/3/0/0/0,21558:1747647668008:,1747647682315
counter/2/0/0/0,25173:1747647670798:,1747647682315
counter/3/0/0/0,21559:1747647668008:,1747647682315
counter/2/0/0/0,25174:1747647670818:,1747647682315
counter/2/0/0/0,25175:1747647670830:,1747647682315
counter/3/0/0/0,21560:1747647668009:,1747647682315
counter/2/0/0/0,25176:1747647670830:,1747647682315
counter/5/0/0/0,22514:1747647667806:,1747647682315
counter/6/0/0/0,21736:1747647668139:,1747647682315
counter/2/0/0/0,25177:1747647670830:,1747647682315
counter/8/0/0/0,23624:1747647667976:,1747647682315
counter/2/0/0/0,25178:1747647670830:,1747647682315
counter/8/0/0/0,23625:1747647667976:,1747647682315
counter/2/0/0/0,25179:1747647670830:,1747647682315
counter/8/0/0/0,23626:1747647667976:,1747647682315
counter/2/0/0/0,25180:1747647670830:,1747647682315
counter/8/0/0/0,23627:1747647667978:,1747647682315
counter/2/0/0/0,25181:1747647670833:,1747647682315
counter/8/0/0/0,23628:1747647667978:,1747647682315
counter/1/0/0/0,21437:1747647667827:,1747647682315
counter/5/0/0/0,22515:1747647667806:,1747647682315
counter/2/0/0/0,25182:1747647670834:,1747647682315
counter/8/0/0/0,23629:1747647667978:,1747647682315
counter/6/0/0/0,21737:1747647668139:,1747647682315
counter/10/0/0/0,20051:1747647665238:,1747647682315
counter/2/0/0/0,25183:1747647670834:,1747647682315
counter/8/0/0/0,23630:1747647667978:,1747647682315
counter/7/0/0/0,21260:1747647666684:,1747647682315
counter/4/0/0/0,20103:1747647667236:,1747647682315
counter/2/0/0/0,25184:1747647670834:,1747647682315
counter/4/0/0/0,20104:1747647667236:,1747647682315
counter/2/0/0/0,25185:1747647670834:,1747647682315
counter/4/0/0/0,20105:1747647667236:,1747647682315
counter/2/0/0/0,25186:1747647670834:,1747647682315
counter/4/0/0/0,20106:1747647667236:,1747647682315
counter/2/0/0/0,25187:1747647670834:,1747647682315
counter/4/0/0/0,20107:1747647667236:,1747647682315
counter/2/0/0/0,25188:1747647670834:,1747647682315
counter/4/0/0/0,20108:1747647667236:,1747647682316
counter/2/0/0/0,25189:1747647670834:,1747647682316
counter/4/0/0/0,20109:1747647667238:,1747647682316
counter/2/0/0/0,25190:1747647670834:,1747647682316
counter/4/0/0/0,20110:1747647667238:,1747647682316
counter/2/0/0/0,25191:1747647670834:,1747647682316
counter/4/0/0/0,20111:1747647667238:,1747647682316
counter/2/0/0/0,25192:1747647670834:,1747647682316
counter/4/0/0/0,20112:1747647667238:,1747647682316
counter/2/0/0/0,25193:1747647670834:,1747647682316
counter/4/0/0/0,20113:1747647667238:,1747647682316
counter/2/0/0/0,25194:1747647670834:,1747647682316
counter/4/0/0/0,20114:1747647667238:,1747647682316
counter/2/0/0/0,25195:1747647670834:,1747647682316
counter/4/0/0/0,20115:1747647667238:,1747647682316
counter/2/0/0/0,25196:1747647670834:,1747647682316
counter/4/0/0/0,20116:1747647667238:,1747647682316
counter/2/0/0/0,25197:1747647670834:,1747647682316
counter/4/0/0/0,20117:1747647667238:,1747647682316
counter/2/0/0/0,25198:1747647670834:,1747647682316
counter/4/0/0/0,20118:1747647667238:,1747647682316
counter/2/0/0/0,25199:1747647670834:,1747647682316
counter/4/0/0/0,20119:1747647667239:,1747647682316
counter/2/0/0/0,25200:1747647670834:,1747647682316
counter/4/0/0/0,20120:1747647667239:,1747647682316
counter/2/0/0/0,25201:1747647670834:,1747647682316
counter/4/0/0/0,20121:1747647667239:,1747647682316
counter/2/0/0/0,25202:1747647670834:,1747647682316
counter/4/0/0/0,20122:1747647667239:,1747647682316
counter/2/0/0/0,25203:1747647670834:,1747647682316
counter/4/0/0/0,20123:1747647667239:,1747647682316
counter/2/0/0/0,25204:1747647670834:,1747647682316
counter/4/0/0/0,20124:1747647667239:,1747647682316
counter/5/0/0/0,22516:1747647667806:,1747647682316
counter/2/0/0/0,25205:1747647670834:,1747647682316
counter/4/0/0/0,20125:1747647667239:,1747647682316
counter/3/0/0/0,21561:1747647668009:,1747647682316
counter/9/0/0/0,26489:1747647670255:,1747647682316
counter/2/0/0/0,25206:1747647670843:,1747647682317
counter/4/0/0/0,20126:1747647667239:,1747647682317
counter/8/0/0/0,23631:1747647667978:,1747647682317
counter/6/0/0/0,21738:1747647668139:,1747647682317
counter/2/0/0/0,25207:1747647670843:,1747647682317
counter/4/0/0/0,20127:1747647667239:,1747647682317
counter/6/0/0/0,21739:1747647668139:,1747647682317
counter/2/0/0/0,25208:1747647670843:,1747647682317
counter/4/0/0/0,20128:1747647667243:,1747647682317
counter/6/0/0/0,21740:1747647668139:,1747647682317
counter/2/0/0/0,25209:1747647670843:,1747647682317
counter/4/0/0/0,20129:1747647667244:,1747647682317
counter/6/0/0/0,21741:1747647668139:,1747647682317
counter/2/0/0/0,25210:1747647670843:,1747647682317
counter/4/0/0/0,20130:1747647667244:,1747647682317
counter/6/0/0/0,21742:1747647668139:,1747647682317
counter/2/0/0/0,25211:1747647670843:,1747647682317
counter/4/0/0/0,20131:1747647667244:,1747647682317
counter/6/0/0/0,21743:1747647668139:,1747647682317
counter/2/0/0/0,25212:1747647670843:,1747647682317
counter/4/0/0/0,20132:1747647667244:,1747647682317
counter/6/0/0/0,21744:1747647668139:,1747647682317
counter/2/0/0/0,25213:1747647670843:,1747647682317
counter/4/0/0/0,20133:1747647667244:,1747647682317
counter/6/0/0/0,21745:1747647668139:,1747647682317
counter/10/0/0/0,20052:1747647665238:,1747647682317
counter/2/0/0/0,25214:1747647670843:,1747647682317
counter/4/0/0/0,20134:1747647667244:,1747647682317
counter/6/0/0/0,21746:1747647668139:,1747647682317
counter/10/0/0/0,20053:1747647665238:,1747647682317
counter/2/0/0/0,25215:1747647670843:,1747647682317
counter/4/0/0/0,20135:1747647667244:,1747647682317
counter/6/0/0/0,21747:1747647668139:,1747647682317
counter/10/0/0/0,20054:1747647665238:,1747647682317
counter/2/0/0/0,25216:1747647670843:,1747647682317
counter/4/0/0/0,20136:1747647667244:,1747647682317
counter/6/0/0/0,21748:1747647668139:,1747647682317
counter/10/0/0/0,20055:1747647665238:,1747647682317
counter/2/0/0/0,25217:1747647670843:,1747647682318
counter/4/0/0/0,20137:1747647667245:,1747647682318
counter/6/0/0/0,21749:1747647668139:,1747647682318
counter/10/0/0/0,20056:1747647665238:,1747647682318
counter/2/0/0/0,25218:1747647670843:,1747647682318
counter/4/0/0/0,20138:1747647667245:,1747647682318
counter/6/0/0/0,21750:1747647668139:,1747647682318
counter/10/0/0/0,20057:1747647665238:,1747647682318
counter/2/0/0/0,25219:1747647670843:,1747647682318
counter/4/0/0/0,20139:1747647667245:,1747647682318
counter/6/0/0/0,21751:1747647668139:,1747647682318
counter/10/0/0/0,20058:1747647665238:,1747647682318
counter/2/0/0/0,25220:1747647670843:,1747647682318
counter/4/0/0/0,20140:1747647667245:,1747647682318
counter/6/0/0/0,21752:1747647668139:,1747647682318
counter/10/0/0/0,20059:1747647665238:,1747647682318
counter/2/0/0/0,25221:1747647670843:,1747647682318
counter/4/0/0/0,20141:1747647667245:,1747647682318
counter/6/0/0/0,21753:1747647668139:,1747647682318
counter/10/0/0/0,20060:1747647665238:,1747647682318
counter/2/0/0/0,25222:1747647670843:,1747647682318
counter/4/0/0/0,20142:1747647667245:,1747647682318
counter/6/0/0/0,21754:1747647668139:,1747647682318
counter/10/0/0/0,20061:1747647665238:,1747647682318
counter/2/0/0/0,25223:1747647670843:,1747647682318
counter/4/0/0/0,20143:1747647667245:,1747647682318
counter/6/0/0/0,21755:1747647668139:,1747647682318
counter/10/0/0/0,20062:1747647665238:,1747647682318
counter/2/0/0/0,25224:1747647670845:,1747647682318
counter/4/0/0/0,20144:1747647667245:,1747647682318
counter/6/0/0/0,21756:1747647668140:,1747647682318
counter/10/0/0/0,20063:1747647665239:,1747647682318
counter/2/0/0/0,25225:1747647670845:,1747647682318
counter/4/0/0/0,20145:1747647667245:,1747647682318
counter/6/0/0/0,21757:1747647668140:,1747647682318
counter/10/0/0/0,20064:1747647665239:,1747647682318
counter/5/0/0/0,22517:1747647667806:,1747647682318
counter/2/0/0/0,25226:1747647670845:,1747647682318
counter/10/0/0/0,20065:1747647665244:,1747647682318
counter/9/0/0/0,26490:1747647670255:,1747647682318
counter/2/0/0/0,25227:1747647670845:,1747647682319
counter/10/0/0/0,20066:1747647665244:,1747647682319
counter/9/0/0/0,26491:1747647670255:,1747647682319
counter/2/0/0/0,25228:1747647670845:,1747647682319
counter/10/0/0/0,20067:1747647665244:,1747647682319
counter/9/0/0/0,26492:1747647670256:,1747647682319
counter/2/0/0/0,25229:1747647670846:,1747647682319
counter/10/0/0/0,20068:1747647665244:,1747647682319
counter/9/0/0/0,26493:1747647670256:,1747647682319
counter/2/0/0/0,25230:1747647670846:,1747647682319
counter/10/0/0/0,20069:1747647665244:,1747647682319
counter/9/0/0/0,26494:1747647670256:,1747647682319
counter/2/0/0/0,25231:1747647670846:,1747647682319
counter/10/0/0/0,20070:1747647665248:,1747647682319
counter/9/0/0/0,26495:1747647670256:,1747647682319
counter/2/0/0/0,25232:1747647670846:,1747647682319
counter/10/0/0/0,20071:1747647665249:,1747647682319
counter/9/0/0/0,26496:1747647670256:,1747647682319
counter/2/0/0/0,25233:1747647670846:,1747647682319
counter/9/0/0/0,26497:1747647670256:,1747647682319
counter/8/0/0/0,23632:1747647667978:,1747647682319
counter/6/0/0/0,21758:1747647668140:,1747647682319
counter/2/0/0/0,25234:1747647670846:,1747647682319
counter/9/0/0/0,26498:1747647670256:,1747647682319
counter/1/0/0/0,21438:1747647667827:,1747647682319
counter/2/0/0/0,25235:1747647670846:,1747647682319
counter/9/0/0/0,26499:1747647670256:,1747647682319
counter/3/0/0/0,21562:1747647668009:,1747647682319
counter/10/0/0/0,20072:1747647665249:,1747647682319
counter/2/0/0/0,25236:1747647670846:,1747647682319
counter/9/0/0/0,26500:1747647670256:,1747647682319
counter/3/0/0/0,21563:1747647668009:,1747647682319
counter/2/0/0/0,25237:1747647670847:,1747647682319
counter/9/0/0/0,26501:1747647670256:,1747647682319
counter/3/0/0/0,21564:1747647668009:,1747647682319
counter/5/0/0/0,22518:1747647667806:,1747647682319
counter/2/0/0/0,25238:1747647670847:,1747647682319
counter/9/0/0/0,26502:1747647670260:,1747647682319
counter/3/0/0/0,21565:1747647668009:,1747647682319
counter/2/0/0/0,25239:1747647670847:,1747647682320
counter/9/0/0/0,26503:1747647670260:,1747647682320
counter/2/0/0/0,25240:1747647670847:,1747647682320
counter/9/0/0/0,26504:1747647670260:,1747647682320
counter/2/0/0/0,25241:1747647670847:,1747647682320
counter/9/0/0/0,26505:1747647670260:,1747647682320
counter/2/0/0/0,25242:1747647670847:,1747647682320
counter/9/0/0/0,26506:1747647670260:,1747647682320
counter/2/0/0/0,25243:1747647670847:,1747647682320
counter/9/0/0/0,26507:1747647670260:,1747647682320
counter/2/0/0/0,25244:1747647670847:,1747647682320
counter/9/0/0/0,26508:1747647670260:,1747647682320
counter/2/0/0/0,25245:1747647670847:,1747647682320
counter/9/0/0/0,26509:1747647670260:,1747647682320
counter/2/0/0/0,25246:1747647670848:,1747647682320
counter/9/0/0/0,26510:1747647670260:,1747647682320
counter/2/0/0/0,25247:1747647670848:,1747647682320
counter/9/0/0/0,26511:1747647670260:,1747647682320
counter/2/0/0/0,25248:1747647670848:,1747647682320
counter/9/0/0/0,26512:1747647670260:,1747647682320
counter/2/0/0/0,25249:1747647670848:,1747647682320
counter/9/0/0/0,26513:1747647670260:,1747647682320
counter/2/0/0/0,25250:1747647670848:,1747647682320
counter/9/0/0/0,26514:1747647670260:,1747647682320
counter/2/0/0/0,25251:1747647670848:,1747647682320
counter/9/0/0/0,26515:1747647670262:,1747647682320
counter/2/0/0/0,25252:1747647670848:,1747647682320
counter/9/0/0/0,26516:1747647670262:,1747647682320
counter/2/0/0/0,25253:1747647670848:,1747647682320
counter/9/0/0/0,26517:1747647670262:,1747647682320
counter/2/0/0/0,25254:1747647670848:,1747647682320
counter/9/0/0/0,26518:1747647670262:,1747647682320
counter/2/0/0/0,25255:1747647670848:,1747647682320
counter/9/0/0/0,26519:1747647670262:,1747647682320
counter/2/0/0/0,25256:1747647670850:,1747647682320
counter/9/0/0/0,26520:1747647670262:,1747647682320
counter/7/0/0/0,21261:1747647666684:,1747647682320
counter/2/0/0/0,25257:1747647670850:,1747647682320
counter/9/0/0/0,26521:1747647670262:,1747647682321
counter/3/0/0/0,21566:1747647668013:,1747647682321
counter/5/0/0/0,22519:1747647667830:,1747647682321
counter/2/0/0/0,25258:1747647670850:,1747647682321
counter/9/0/0/0,26522:1747647670262:,1747647682321
counter/6/0/0/0,21759:1747647668140:,1747647682321
counter/8/0/0/0,23633:1747647667978:,1747647682321
counter/2/0/0/0,25259:1747647670850:,1747647682321
counter/9/0/0/0,26523:1747647670262:,1747647682321
counter/10/0/0/0,20073:1747647665249:,1747647682321
counter/2/0/0/0,25260:1747647670850:,1747647682321
counter/9/0/0/0,26524:1747647670262:,1747647682321
counter/1/0/0/0,21439:1747647667827:,1747647682321
counter/2/0/0/0,25261:1747647670850:,1747647682321
counter/9/0/0/0,26525:1747647670262:,1747647682321
counter/2/0/0/0,25262:1747647670850:,1747647682321
counter/9/0/0/0,26526:1747647670262:,1747647682321
counter/2/0/0/0,25263:1747647670850:,1747647682321
counter/9/0/0/0,26527:1747647670262:,1747647682321
counter/2/0/0/0,25264:1747647670850:,1747647682321
counter/9/0/0/0,26528:1747647670268:,1747647682321
counter/2/0/0/0,25265:1747647670850:,1747647682321
counter/9/0/0/0,26529:1747647670268:,1747647682321
counter/3/0/0/0,21567:1747647668013:,1747647682321
counter/2/0/0/0,25266:1747647670850:,1747647682321
counter/9/0/0/0,26530:1747647670268:,1747647682321
counter/6/0/0/0,21760:1747647668140:,1747647682321
counter/5/0/0/0,22520:1747647667830:,1747647682321
counter/2/0/0/0,25267:1747647670850:,1747647682321
counter/9/0/0/0,26531:1747647670268:,1747647682321
counter/5/0/0/0,22521:1747647667830:,1747647682321
counter/2/0/0/0,25268:1747647670850:,1747647682321
counter/9/0/0/0,26532:1747647670268:,1747647682321
counter/5/0/0/0,22522:1747647667830:,1747647682321
counter/2/0/0/0,25269:1747647670850:,1747647682321
counter/9/0/0/0,26533:1747647670268:,1747647682321
counter/5/0/0/0,22523:1747647667830:,1747647682321
counter/2/0/0/0,25270:1747647670850:,1747647682321
counter/9/0/0/0,26534:1747647670268:,1747647682321
counter/5/0/0/0,22524:1747647667830:,1747647682321
counter/2/0/0/0,25271:1747647670850:,1747647682322
counter/9/0/0/0,26535:1747647670268:,1747647682322
counter/5/0/0/0,22525:1747647667830:,1747647682322
counter/2/0/0/0,25272:1747647670860:,1747647682322
counter/9/0/0/0,26536:1747647670268:,1747647682322
counter/5/0/0/0,22526:1747647667830:,1747647682322
counter/2/0/0/0,25273:1747647670860:,1747647682322
counter/9/0/0/0,26537:1747647670272:,1747647682322
counter/5/0/0/0,22527:1747647667830:,1747647682322
counter/2/0/0/0,25274:1747647670860:,1747647682322
counter/9/0/0/0,26538:1747647670272:,1747647682322
counter/5/0/0/0,22528:1747647667833:,1747647682322
counter/4/0/0/0,20146:1747647667250:,1747647682322
counter/2/0/0/0,25275:1747647670860:,1747647682322
counter/9/0/0/0,26539:1747647670272:,1747647682322
counter/5/0/0/0,22529:1747647667833:,1747647682322
counter/2/0/0/0,25276:1747647670860:,1747647682322
counter/9/0/0/0,26540:1747647670272:,1747647682322
counter/5/0/0/0,22530:1747647667833:,1747647682322
counter/2/0/0/0,25277:1747647670860:,1747647682322
counter/9/0/0/0,26541:1747647670279:,1747647682322
counter/5/0/0/0,22531:1747647667833:,1747647682322
counter/2/0/0/0,25278:1747647670860:,1747647682322
counter/9/0/0/0,26542:1747647670279:,1747647682322
counter/5/0/0/0,22532:1747647667833:,1747647682322
counter/2/0/0/0,25279:1747647670860:,1747647682322
counter/9/0/0/0,26543:1747647670279:,1747647682322
counter/5/0/0/0,22533:1747647667833:,1747647682322
counter/2/0/0/0,25280:1747647670860:,1747647682322
counter/9/0/0/0,26544:1747647670279:,1747647682322
counter/5/0/0/0,22534:1747647667833:,1747647682322
counter/2/0/0/0,25281:1747647670860:,1747647682322
counter/9/0/0/0,26545:1747647670279:,1747647682322
counter/5/0/0/0,22535:1747647667837:,1747647682322
counter/2/0/0/0,25282:1747647670883:,1747647682322
counter/9/0/0/0,26546:1747647670279:,1747647682322
counter/5/0/0/0,22536:1747647667837:,1747647682322
counter/4/0/0/0,20147:1747647667250:,1747647682322
counter/2/0/0/0,25283:1747647670883:,1747647682322
counter/9/0/0/0,26547:1747647670279:,1747647682323
counter/5/0/0/0,22537:1747647667837:,1747647682323
counter/6/0/0/0,21761:1747647668140:,1747647682323
counter/10/0/0/0,20074:1747647665249:,1747647682323
counter/7/0/0/0,21262:1747647666684:,1747647682323
counter/2/0/0/0,25284:1747647670883:,1747647682323
counter/9/0/0/0,26548:1747647670279:,1747647682323
counter/5/0/0/0,22538:1747647667837:,1747647682323
counter/1/0/0/0,21440:1747647667828:,1747647682323
counter/2/0/0/0,25285:1747647670884:,1747647682323
counter/9/0/0/0,26549:1747647670279:,1747647682323
counter/5/0/0/0,22539:1747647667837:,1747647682323
counter/2/0/0/0,25286:1747647670884:,1747647682323
counter/9/0/0/0,26550:1747647670280:,1747647682323
counter/5/0/0/0,22540:1747647667837:,1747647682323
counter/2/0/0/0,25287:1747647670884:,1747647682323
counter/9/0/0/0,26551:1747647670280:,1747647682323
counter/5/0/0/0,22541:1747647667837:,1747647682323
counter/2/0/0/0,25288:1747647670884:,1747647682323
counter/9/0/0/0,26552:1747647670280:,1747647682323
counter/2/0/0/0,25289:1747647670884:,1747647682323
counter/9/0/0/0,26553:1747647670280:,1747647682323
counter/2/0/0/0,25290:1747647670884:,1747647682323
counter/9/0/0/0,26554:1747647670280:,1747647682323
counter/2/0/0/0,25291:1747647670884:,1747647682323
counter/9/0/0/0,26555:1747647670280:,1747647682323
counter/2/0/0/0,25292:1747647670884:,1747647682323
counter/9/0/0/0,26556:1747647670280:,1747647682323
counter/2/0/0/0,25293:1747647670901:,1747647682323
counter/9/0/0/0,26557:1747647670281:,1747647682323
counter/2/0/0/0,25294:1747647670901:,1747647682323
counter/9/0/0/0,26558:1747647670281:,1747647682323
counter/2/0/0/0,25295:1747647670901:,1747647682323
counter/9/0/0/0,26559:1747647670281:,1747647682323
counter/2/0/0/0,25296:1747647670901:,1747647682323
counter/9/0/0/0,26560:1747647670281:,1747647682323
counter/7/0/0/0,21263:1747647666684:,1747647682323
counter/2/0/0/0,25297:1747647670901:,1747647682323
counter/9/0/0/0,26561:1747647670281:,1747647682324
counter/2/0/0/0,25298:1747647670901:,1747647682324
counter/9/0/0/0,26562:1747647670281:,1747647682324
counter/1/0/0/0,21441:1747647667828:,1747647682324
counter/3/0/0/0,21568:1747647668013:,1747647682324
counter/2/0/0/0,25299:1747647670901:,1747647682324
counter/9/0/0/0,26563:1747647670281:,1747647682324
counter/1/0/0/0,21442:1747647667828:,1747647682324
counter/2/0/0/0,25300:1747647670901:,1747647682324
counter/9/0/0/0,26564:1747647670281:,1747647682324
counter/1/0/0/0,21443:1747647667828:,1747647682324
counter/2/0/0/0,25301:1747647670901:,1747647682324
counter/9/0/0/0,26565:1747647670281:,1747647682324
counter/1/0/0/0,21444:1747647667828:,1747647682324
counter/10/0/0/0,20075:1747647665249:,1747647682324
counter/2/0/0/0,25302:1747647670906:,1747647682324
counter/9/0/0/0,26566:1747647670281:,1747647682324
counter/1/0/0/0,21445:1747647667828:,1747647682324
counter/2/0/0/0,25303:1747647670906:,1747647682324
counter/9/0/0/0,26567:1747647670282:,1747647682324
counter/1/0/0/0,21446:1747647667828:,1747647682324
counter/2/0/0/0,25304:1747647670906:,1747647682324
counter/9/0/0/0,26568:1747647670282:,1747647682324
counter/2/0/0/0,25305:1747647670906:,1747647682324
counter/9/0/0/0,26569:1747647670282:,1747647682324
counter/4/0/0/0,20148:1747647667250:,1747647682324
counter/7/0/0/0,21264:1747647666684:,1747647682324
counter/2/0/0/0,25306:1747647670906:,1747647682324
counter/9/0/0/0,26570:1747647670288:,1747647682324
counter/4/0/0/0,20149:1747647667250:,1747647682324
counter/3/0/0/0,21569:1747647668013:,1747647682324
counter/6/0/0/0,21762:1747647668140:,1747647682324
counter/2/0/0/0,25307:1747647670906:,1747647682324
counter/9/0/0/0,26571:1747647670288:,1747647682324
counter/5/0/0/0,22542:1747647667837:,1747647682324
counter/1/0/0/0,21447:1747647667828:,1747647682324
counter/2/0/0/0,25308:1747647670915:,1747647682324
counter/9/0/0/0,26572:1747647670288:,1747647682324
counter/2/0/0/0,25309:1747647670915:,1747647682325
counter/9/0/0/0,26573:1747647670288:,1747647682325
counter/2/0/0/0,25310:1747647670915:,1747647682325
counter/9/0/0/0,26574:1747647670288:,1747647682325
counter/2/0/0/0,25311:1747647670915:,1747647682325
counter/9/0/0/0,26575:1747647670288:,1747647682325
counter/2/0/0/0,25312:1747647670915:,1747647682325
counter/9/0/0/0,26576:1747647670288:,1747647682325
counter/2/0/0/0,25313:1747647670915:,1747647682325
counter/9/0/0/0,26577:1747647670288:,1747647682325
counter/2/0/0/0,25314:1747647670916:,1747647682325
counter/9/0/0/0,26578:1747647670288:,1747647682325
counter/2/0/0/0,25315:1747647670916:,1747647682325
counter/9/0/0/0,26579:1747647670288:,1747647682325
counter/2/0/0/0,25316:1747647670916:,1747647682325
counter/9/0/0/0,26580:1747647670296:,1747647682325
counter/2/0/0/0,25317:1747647670916:,1747647682325
counter/9/0/0/0,26581:1747647670296:,1747647682325
counter/2/0/0/0,25318:1747647670916:,1747647682325
counter/9/0/0/0,26582:1747647670296:,1747647682325
counter/2/0/0/0,25319:1747647670916:,1747647682325
counter/9/0/0/0,26583:1747647670296:,1747647682325
counter/2/0/0/0,25320:1747647670932:,1747647682325
counter/9/0/0/0,26584:1747647670296:,1747647682325
counter/1/0/0/0,21448:1747647667828:,1747647682325
counter/2/0/0/0,25321:1747647670932:,1747647682325
counter/9/0/0/0,26585:1747647670296:,1747647682325
counter/8/0/0/0,23634:1747647667978:,1747647682325
counter/7/0/0/0,21265:1747647666684:,1747647682325
counter/2/0/0/0,25322:1747647670932:,1747647682325
counter/9/0/0/0,26586:1747647670296:,1747647682325
counter/8/0/0/0,23635:1747647667987:,1747647682325
counter/2/0/0/0,25323:1747647670932:,1747647682325
counter/9/0/0/0,26587:1747647670296:,1747647682325
counter/8/0/0/0,23636:1747647667987:,1747647682325
counter/2/0/0/0,25324:1747647670932:,1747647682325
counter/9/0/0/0,26588:1747647670296:,1747647682326
counter/8/0/0/0,23637:1747647667987:,1747647682326
counter/2/0/0/0,25325:1747647670932:,1747647682326
counter/9/0/0/0,26589:1747647670296:,1747647682326
counter/8/0/0/0,23638:1747647667987:,1747647682326
counter/2/0/0/0,25326:1747647670932:,1747647682326
counter/9/0/0/0,26590:1747647670296:,1747647682326
counter/8/0/0/0,23639:1747647667987:,1747647682326
counter/2/0/0/0,25327:1747647670932:,1747647682326
counter/9/0/0/0,26591:1747647670296:,1747647682326
counter/8/0/0/0,23640:1747647667987:,1747647682326
counter/2/0/0/0,25328:1747647670932:,1747647682326
counter/9/0/0/0,26592:1747647670296:,1747647682326
counter/8/0/0/0,23641:1747647667992:,1747647682326
counter/2/0/0/0,25329:1747647670932:,1747647682326
counter/9/0/0/0,26593:1747647670296:,1747647682326
counter/8/0/0/0,23642:1747647667992:,1747647682326
counter/2/0/0/0,25330:1747647670932:,1747647682326
counter/9/0/0/0,26594:1747647670299:,1747647682326
counter/8/0/0/0,23643:1747647667992:,1747647682326
counter/2/0/0/0,25331:1747647670932:,1747647682326
counter/9/0/0/0,26595:1747647670299:,1747647682326
counter/8/0/0/0,23644:1747647667992:,1747647682326
counter/2/0/0/0,25332:1747647670940:,1747647682326
counter/9/0/0/0,26596:1747647670299:,1747647682326
counter/8/0/0/0,23645:1747647667992:,1747647682326
counter/7/0/0/0,21266:1747647666684:,1747647682326
counter/3/0/0/0,21570:1747647668013:,1747647682326
counter/2/0/0/0,25333:1747647670940:,1747647682326
counter/9/0/0/0,26597:1747647670299:,1747647682326
counter/8/0/0/0,23646:1747647667992:,1747647682326
counter/6/0/0/0,21763:1747647668140:,1747647682326
counter/10/0/0/0,20076:1747647665249:,1747647682326
counter/2/0/0/0,25334:1747647670940:,1747647682326
counter/9/0/0/0,26598:1747647670299:,1747647682326
counter/8/0/0/0,23647:1747647667992:,1747647682326
counter/2/0/0/0,25335:1747647670940:,1747647682326
counter/9/0/0/0,26599:1747647670299:,1747647682326
counter/8/0/0/0,23648:1747647667992:,1747647682326
counter/2/0/0/0,25336:1747647670940:,1747647682327
counter/9/0/0/0,26600:1747647670299:,1747647682327
counter/8/0/0/0,23649:1747647667997:,1747647682327
counter/2/0/0/0,25337:1747647670940:,1747647682327
counter/9/0/0/0,26601:1747647670299:,1747647682327
counter/8/0/0/0,23650:1747647667997:,1747647682327
counter/2/0/0/0,25338:1747647670940:,1747647682327
counter/9/0/0/0,26602:1747647670299:,1747647682327
counter/8/0/0/0,23651:1747647667997:,1747647682327
counter/2/0/0/0,25339:1747647670940:,1747647682327
counter/9/0/0/0,26603:1747647670299:,1747647682327
counter/8/0/0/0,23652:1747647667997:,1747647682327
counter/2/0/0/0,25340:1747647670940:,1747647682327
counter/9/0/0/0,26604:1747647670299:,1747647682327
counter/8/0/0/0,23653:1747647667997:,1747647682327
counter/2/0/0/0,25341:1747647670940:,1747647682327
counter/9/0/0/0,26605:1747647670299:,1747647682327
counter/8/0/0/0,23654:1747647667997:,1747647682327
counter/2/0/0/0,25342:1747647670940:,1747647682327
counter/9/0/0/0,26606:1747647670304:,1747647682327
counter/8/0/0/0,23655:1747647667997:,1747647682327
counter/2/0/0/0,25343:1747647670940:,1747647682327
counter/9/0/0/0,26607:1747647670304:,1747647682327
counter/8/0/0/0,23656:1747647667997:,1747647682327
counter/2/0/0/0,25344:1747647670940:,1747647682327
counter/9/0/0/0,26608:1747647670304:,1747647682327
counter/8/0/0/0,23657:1747647667997:,1747647682327
counter/2/0/0/0,25345:1747647670940:,1747647682327
counter/8/0/0/0,23658:1747647667997:,1747647682327
counter/2/0/0/0,25346:1747647670940:,1747647682327
counter/8/0/0/0,23659:1747647667997:,1747647682327
counter/2/0/0/0,25347:1747647670940:,1747647682327
counter/8/0/0/0,23660:1747647667997:,1747647682327
counter/2/0/0/0,25348:1747647670941:,1747647682327
counter/8/0/0/0,23661:1747647667998:,1747647682327
counter/2/0/0/0,25349:1747647670943:,1747647682327
counter/8/0/0/0,23662:1747647667998:,1747647682327
counter/2/0/0/0,25350:1747647670943:,1747647682328
counter/8/0/0/0,23663:1747647667998:,1747647682328
counter/2/0/0/0,25351:1747647670943:,1747647682328
counter/8/0/0/0,23664:1747647667998:,1747647682328
counter/2/0/0/0,25352:1747647670943:,1747647682328
counter/8/0/0/0,23665:1747647667998:,1747647682328
counter/2/0/0/0,25353:1747647670943:,1747647682328
counter/8/0/0/0,23666:1747647667998:,1747647682328
counter/2/0/0/0,25354:1747647670943:,1747647682328
counter/8/0/0/0,23667:1747647667998:,1747647682328
counter/2/0/0/0,25355:1747647670943:,1747647682328
counter/2/0/0/0,25356:1747647670943:,1747647682328
counter/2/0/0/0,25357:1747647670943:,1747647682328
counter/2/0/0/0,25358:1747647670943:,1747647682328
counter/2/0/0/0,25359:1747647670943:,1747647682328
counter/2/0/0/0,25360:1747647670943:,1747647682328
counter/2/0/0/0,25361:1747647670943:,1747647682328
counter/2/0/0/0,25362:1747647670943:,1747647682328
counter/2/0/0/0,25363:1747647670944:,1747647682328
counter/2/0/0/0,25364:1747647670944:,1747647682328
counter/2/0/0/0,25365:1747647670944:,1747647682328
counter/2/0/0/0,25366:1747647670944:,1747647682328
counter/2/0/0/0,25367:1747647670945:,1747647682328
counter/2/0/0/0,25368:1747647670945:,1747647682328
counter/2/0/0/0,25369:1747647670945:,1747647682328
counter/2/0/0/0,25370:1747647670945:,1747647682328
counter/2/0/0/0,25371:1747647670945:,1747647682328
counter/2/0/0/0,25372:1747647670945:,1747647682328
counter/2/0/0/0,25373:1747647670946:,1747647682328
counter/2/0/0/0,25374:1747647670946:,1747647682328
counter/2/0/0/0,25375:1747647670946:,1747647682328
counter/2/0/0/0,25376:1747647670946:,1747647682328
counter/2/0/0/0,25377:1747647670946:,1747647682328
counter/2/0/0/0,25378:1747647670946:,1747647682328
counter/2/0/0/0,25379:1747647670946:,1747647682328
counter/2/0/0/0,25380:1747647670946:,1747647682328
counter/2/0/0/0,25381:1747647670946:,1747647682329
counter/2/0/0/0,25382:1747647670946:,1747647682329
counter/2/0/0/0,25383:1747647670947:,1747647682329
counter/2/0/0/0,25384:1747647670947:,1747647682329
counter/2/0/0/0,25385:1747647670947:,1747647682329
counter/2/0/0/0,25386:1747647670947:,1747647682329
counter/2/0/0/0,25387:1747647670947:,1747647682329
counter/2/0/0/0,25388:1747647670947:,1747647682329
counter/2/0/0/0,25389:1747647670959:,1747647682329
counter/2/0/0/0,25390:1747647670959:,1747647682329
counter/2/0/0/0,25391:1747647670959:,1747647682329
counter/2/0/0/0,25392:1747647670959:,1747647682329
counter/1/0/0/0,21449:1747647667828:,1747647682329
counter/2/0/0/0,25393:1747647670959:,1747647682329
counter/1/0/0/0,21450:1747647667828:,1747647682329
counter/7/0/0/0,21267:1747647666684:,1747647682329
counter/2/0/0/0,25394:1747647670959:,1747647682329
counter/1/0/0/0,21451:1747647667828:,1747647682329
counter/2/0/0/0,25395:1747647670959:,1747647682329
counter/1/0/0/0,21452:1747647667828:,1747647682329
counter/2/0/0/0,25396:1747647670959:,1747647682329
counter/1/0/0/0,21453:1747647667828:,1747647682329
counter/2/0/0/0,25397:1747647670959:,1747647682329
counter/1/0/0/0,21454:1747647667828:,1747647682329
counter/2/0/0/0,25398:1747647670959:,1747647682329
counter/1/0/0/0,21455:1747647667828:,1747647682329
counter/2/0/0/0,25399:1747647670959:,1747647682329
counter/1/0/0/0,21456:1747647667828:,1747647682329
counter/2/0/0/0,25400:1747647670960:,1747647682329
counter/1/0/0/0,21457:1747647667828:,1747647682329
counter/2/0/0/0,25401:1747647670960:,1747647682329
counter/1/0/0/0,21458:1747647667828:,1747647682329
counter/2/0/0/0,25402:1747647670960:,1747647682329
counter/1/0/0/0,21459:1747647667828:,1747647682329
counter/4/0/0/0,20150:1747647667250:,1747647682329
counter/2/0/0/0,25403:1747647670960:,1747647682329
counter/1/0/0/0,21460:1747647667828:,1747647682329
counter/8/0/0/0,23668:1747647667998:,1747647682329
counter/2/0/0/0,25404:1747647670960:,1747647682329
counter/1/0/0/0,21461:1747647667829:,1747647682329
counter/8/0/0/0,23669:1747647667998:,1747647682329
counter/2/0/0/0,25405:1747647670963:,1747647682330
counter/1/0/0/0,21462:1747647667829:,1747647682330
counter/8/0/0/0,23670:1747647667998:,1747647682330
counter/2/0/0/0,25406:1747647670963:,1747647682330
counter/1/0/0/0,21463:1747647667829:,1747647682330
counter/8/0/0/0,23671:1747647667998:,1747647682330
counter/2/0/0/0,25407:1747647670963:,1747647682330
counter/1/0/0/0,21464:1747647667829:,1747647682330
counter/8/0/0/0,23672:1747647667998:,1747647682330
counter/2/0/0/0,25408:1747647670963:,1747647682330
counter/1/0/0/0,21465:1747647667829:,1747647682330
counter/8/0/0/0,23673:1747647667998:,1747647682330
counter/2/0/0/0,25409:1747647670963:,1747647682330
counter/1/0/0/0,21466:1747647667829:,1747647682330
counter/8/0/0/0,23674:1747647667998:,1747647682330
counter/2/0/0/0,25410:1747647670963:,1747647682330
counter/1/0/0/0,21467:1747647667829:,1747647682330
counter/8/0/0/0,23675:1747647667998:,1747647682330
counter/2/0/0/0,25411:1747647670963:,1747647682330
counter/1/0/0/0,21468:1747647667829:,1747647682330
counter/8/0/0/0,23676:1747647667998:,1747647682330
counter/4/0/0/0,20151:1747647667250:,1747647682330
counter/3/0/0/0,21571:1747647668013:,1747647682330
counter/2/0/0/0,25412:1747647670963:,1747647682330
counter/1/0/0/0,21469:1747647667829:,1747647682330
counter/8/0/0/0,23677:1747647667998:,1747647682330
counter/4/0/0/0,20152:1747647667250:,1747647682330
counter/2/0/0/0,25413:1747647670963:,1747647682330
counter/1/0/0/0,21470:1747647667829:,1747647682330
counter/8/0/0/0,23678:1747647667998:,1747647682330
counter/4/0/0/0,20153:1747647667250:,1747647682330
counter/2/0/0/0,25414:1747647670963:,1747647682330
counter/1/0/0/0,21471:1747647667829:,1747647682330
counter/8/0/0/0,23679:1747647668010:,1747647682330
counter/4/0/0/0,20154:1747647667251:,1747647682330
counter/3/0/0/0,21572:1747647668013:,1747647682330
counter/9/0/0/0,26609:1747647670304:,1747647682330
counter/6/0/0/0,21764:1747647668140:,1747647682330
counter/2/0/0/0,25415:1747647670964:,1747647682331
counter/1/0/0/0,21472:1747647667829:,1747647682331
counter/4/0/0/0,20155:1747647667251:,1747647682331
counter/9/0/0/0,26610:1747647670304:,1747647682331
counter/2/0/0/0,25416:1747647670964:,1747647682331
counter/1/0/0/0,21473:1747647667829:,1747647682331
counter/4/0/0/0,20156:1747647667251:,1747647682331
counter/9/0/0/0,26611:1747647670304:,1747647682331
counter/5/0/0/0,22543:1747647667852:,1747647682331
counter/3/0/0/0,21573:1747647668013:,1747647682331
counter/2/0/0/0,25417:1747647670964:,1747647682331
counter/1/0/0/0,21474:1747647667829:,1747647682331
counter/9/0/0/0,26612:1747647670305:,1747647682331
counter/5/0/0/0,22544:1747647667871:,1747647682331
counter/2/0/0/0,25418:1747647670964:,1747647682331
counter/1/0/0/0,21475:1747647667829:,1747647682331
counter/9/0/0/0,26613:1747647670305:,1747647682331
counter/5/0/0/0,22545:1747647667882:,1747647682331
counter/2/0/0/0,25419:1747647670964:,1747647682331
counter/9/0/0/0,26614:1747647670305:,1747647682331
counter/5/0/0/0,22546:1747647667892:,1747647682331
counter/7/0/0/0,21268:1747647666684:,1747647682331
counter/3/0/0/0,21574:1747647668013:,1747647682331
counter/2/0/0/0,25420:1747647670964:,1747647682331
counter/9/0/0/0,26615:1747647670305:,1747647682331
counter/5/0/0/0,22547:1747647667892:,1747647682331
counter/7/0/0/0,21269:1747647666684:,1747647682331
counter/10/0/0/0,20077:1747647665249:,1747647682331
counter/4/0/0/0,20157:1747647667251:,1747647682331
counter/2/0/0/0,25421:1747647670964:,1747647682331
counter/5/0/0/0,22548:1747647667892:,1747647682331
counter/4/0/0/0,20158:1747647667251:,1747647682331
counter/2/0/0/0,25422:1747647670964:,1747647682331
counter/5/0/0/0,22549:1747647667892:,1747647682331
counter/4/0/0/0,20159:1747647667251:,1747647682331
counter/10/0/0/0,20078:1747647665249:,1747647682331
counter/2/0/0/0,25423:1747647670965:,1747647682331
counter/5/0/0/0,22550:1747647667892:,1747647682332
counter/4/0/0/0,20160:1747647667253:,1747647682332
counter/9/0/0/0,26616:1747647670305:,1747647682332
counter/2/0/0/0,25424:1747647670965:,1747647682332
counter/5/0/0/0,22551:1747647667892:,1747647682332
counter/4/0/0/0,20161:1747647667259:,1747647682332
counter/9/0/0/0,26617:1747647670305:,1747647682332
counter/2/0/0/0,25425:1747647670965:,1747647682332
counter/4/0/0/0,20162:1747647667259:,1747647682332
counter/9/0/0/0,26618:1747647670305:,1747647682332
counter/2/0/0/0,25426:1747647670965:,1747647682332
counter/4/0/0/0,20163:1747647667259:,1747647682332
counter/9/0/0/0,26619:1747647670306:,1747647682332
counter/2/0/0/0,25427:1747647670965:,1747647682332
counter/4/0/0/0,20164:1747647667259:,1747647682332
counter/9/0/0/0,26620:1747647670306:,1747647682332
counter/2/0/0/0,25428:1747647670965:,1747647682332
counter/4/0/0/0,20165:1747647667259:,1747647682332
counter/9/0/0/0,26621:1747647670306:,1747647682332
counter/2/0/0/0,25429:1747647670965:,1747647682332
counter/4/0/0/0,20166:1747647667259:,1747647682332
counter/9/0/0/0,26622:1747647670306:,1747647682332
counter/10/0/0/0,20079:1747647665249:,1747647682332
counter/2/0/0/0,25430:1747647670965:,1747647682332
counter/4/0/0/0,20167:1747647667259:,1747647682332
counter/8/0/0/0,23680:1747647668010:,1747647682332
counter/3/0/0/0,21575:1747647668013:,1747647682332
counter/2/0/0/0,25431:1747647670965:,1747647682332
counter/4/0/0/0,20168:1747647667260:,1747647682332
counter/6/0/0/0,21765:1747647668140:,1747647682332
counter/9/0/0/0,26623:1747647670306:,1747647682332
counter/2/0/0/0,25432:1747647670965:,1747647682332
counter/4/0/0/0,20169:1747647667260:,1747647682332
counter/6/0/0/0,21766:1747647668145:,1747647682332
counter/2/0/0/0,25433:1747647670965:,1747647682332
counter/4/0/0/0,20170:1747647667280:,1747647682332
counter/6/0/0/0,21767:1747647668145:,1747647682332
counter/7/0/0/0,21270:1747647666684:,1747647682332
counter/2/0/0/0,25434:1747647670966:,1747647682332
counter/4/0/0/0,20171:1747647667285:,1747647682333
counter/6/0/0/0,21768:1747647668146:,1747647682333
counter/3/0/0/0,21576:1747647668013:,1747647682333
counter/8/0/0/0,23681:1747647668010:,1747647682333
counter/2/0/0/0,25435:1747647670966:,1747647682333
counter/4/0/0/0,20172:1747647667285:,1747647682333
counter/6/0/0/0,21769:1747647668146:,1747647682333
counter/9/0/0/0,26624:1747647670306:,1747647682333
counter/2/0/0/0,25436:1747647670966:,1747647682333
counter/4/0/0/0,20173:1747647667285:,1747647682333
counter/6/0/0/0,21770:1747647668146:,1747647682333
counter/9/0/0/0,26625:1747647670306:,1747647682333
counter/1/0/0/0,21476:1747647667829:,1747647682333
counter/10/0/0/0,20080:1747647665249:,1747647682333
counter/7/0/0/0,21271:1747647666684:,1747647682333
counter/2/0/0/0,25437:1747647670966:,1747647682333
counter/4/0/0/0,20174:1747647667285:,1747647682333
counter/9/0/0/0,26626:1747647670306:,1747647682333
counter/2/0/0/0,25438:1747647670966:,1747647682333
counter/4/0/0/0,20175:1747647667285:,1747647682333
counter/9/0/0/0,26627:1747647670306:,1747647682333
counter/7/0/0/0,21272:1747647666685:,1747647682333
counter/2/0/0/0,25439:1747647670966:,1747647682333
counter/4/0/0/0,20176:1747647667285:,1747647682333
counter/7/0/0/0,21273:1747647666685:,1747647682333
counter/1/0/0/0,21477:1747647667829:,1747647682333
counter/10/0/0/0,20081:1747647665252:,1747647682333
counter/2/0/0/0,25440:1747647670966:,1747647682333
counter/4/0/0/0,20177:1747647667291:,1747647682333
counter/7/0/0/0,21274:1747647666685:,1747647682333
counter/1/0/0/0,21478:1747647667829:,1747647682333
counter/8/0/0/0,23682:1747647668010:,1747647682333
counter/5/0/0/0,22552:1747647667892:,1747647682333
counter/2/0/0/0,25441:1747647670966:,1747647682333
counter/7/0/0/0,21275:1747647666685:,1747647682333
counter/9/0/0/0,26628:1747647670306:,1747647682333
counter/2/0/0/0,25442:1747647670966:,1747647682333
counter/7/0/0/0,21276:1747647666685:,1747647682334
counter/9/0/0/0,26629:1747647670306:,1747647682334
counter/2/0/0/0,25443:1747647670966:,1747647682334
counter/7/0/0/0,21277:1747647666685:,1747647682334
counter/9/0/0/0,26630:1747647670306:,1747647682334
counter/10/0/0/0,20082:1747647665252:,1747647682334
counter/2/0/0/0,25444:1747647670966:,1747647682334
counter/7/0/0/0,21278:1747647666693:,1747647682334
counter/9/0/0/0,26631:1747647670306:,1747647682334
counter/4/0/0/0,20178:1747647667291:,1747647682334
counter/5/0/0/0,22553:1747647667892:,1747647682334
counter/2/0/0/0,25445:1747647670966:,1747647682334
counter/7/0/0/0,21279:1747647666693:,1747647682334
counter/9/0/0/0,26632:1747647670306:,1747647682334
counter/2/0/0/0,25446:1747647670966:,1747647682334
counter/7/0/0/0,21280:1747647666693:,1747647682334
counter/9/0/0/0,26633:1747647670306:,1747647682334
counter/2/0/0/0,25447:1747647670966:,1747647682334
counter/7/0/0/0,21281:1747647666693:,1747647682334
counter/9/0/0/0,26634:1747647670306:,1747647682334
counter/10/0/0/0,20083:1747647665252:,1747647682334
counter/4/0/0/0,20179:1747647667291:,1747647682334
counter/2/0/0/0,25448:1747647670966:,1747647682334
counter/7/0/0/0,21282:1747647666693:,1747647682334
counter/9/0/0/0,26635:1747647670313:,1747647682334
counter/5/0/0/0,22554:1747647667892:,1747647682334
counter/1/0/0/0,21479:1747647667830:,1747647682334
counter/3/0/0/0,21577:1747647668013:,1747647682334
counter/2/0/0/0,25449:1747647670966:,1747647682334
counter/7/0/0/0,21283:1747647666693:,1747647682334
counter/3/0/0/0,21578:1747647668013:,1747647682334
counter/6/0/0/0,21771:1747647668146:,1747647682334
counter/2/0/0/0,25450:1747647670979:,1747647682334
counter/7/0/0/0,21284:1747647666693:,1747647682334
counter/3/0/0/0,21579:1747647668013:,1747647682334
counter/9/0/0/0,26636:1747647670313:,1747647682334
counter/2/0/0/0,25451:1747647670979:,1747647682334
counter/9/0/0/0,26637:1747647670314:,1747647682334
counter/10/0/0/0,20084:1747647665252:,1747647682334
counter/2/0/0/0,25452:1747647670979:,1747647682334
counter/10/0/0/0,20085:1747647665252:,1747647682334
counter/2/0/0/0,25453:1747647670979:,1747647682334
counter/10/0/0/0,20086:1747647665252:,1747647682335
counter/2/0/0/0,25454:1747647670979:,1747647682335
counter/10/0/0/0,20087:1747647665252:,1747647682335
counter/2/0/0/0,25455:1747647670979:,1747647682335
counter/10/0/0/0,20088:1747647665252:,1747647682335
counter/2/0/0/0,25456:1747647670979:,1747647682335
counter/10/0/0/0,20089:1747647665252:,1747647682335
counter/2/0/0/0,25457:1747647670979:,1747647682335
counter/10/0/0/0,20090:1747647665252:,1747647682335
counter/2/0/0/0,25458:1747647670979:,1747647682335
counter/10/0/0/0,20091:1747647665252:,1747647682335
counter/2/0/0/0,25459:1747647670979:,1747647682335
counter/10/0/0/0,20092:1747647665252:,1747647682335
counter/2/0/0/0,25460:1747647670980:,1747647682335
counter/10/0/0/0,20093:1747647665252:,1747647682335
counter/2/0/0/0,25461:1747647670980:,1747647682335
counter/10/0/0/0,20094:1747647665252:,1747647682335
counter/2/0/0/0,25462:1747647670980:,1747647682335
counter/10/0/0/0,20095:1747647665252:,1747647682335
counter/2/0/0/0,25463:1747647670980:,1747647682335
counter/10/0/0/0,20096:1747647665252:,1747647682335
counter/2/0/0/0,25464:1747647670980:,1747647682335
counter/10/0/0/0,20097:1747647665252:,1747647682335
counter/2/0/0/0,25465:1747647670980:,1747647682335
counter/10/0/0/0,20098:1747647665252:,1747647682335
counter/2/0/0/0,25466:1747647670980:,1747647682335
counter/10/0/0/0,20099:1747647665252:,1747647682335
counter/2/0/0/0,25467:1747647670980:,1747647682335
counter/10/0/0/0,20100:1747647665252:,1747647682335
counter/2/0/0/0,25468:1747647670981:,1747647682335
counter/10/0/0/0,20101:1747647665252:,1747647682335
counter/2/0/0/0,25469:1747647670981:,1747647682335
counter/10/0/0/0,20102:1747647665252:,1747647682335
counter/2/0/0/0,25470:1747647670981:,1747647682335
counter/10/0/0/0,20103:1747647665252:,1747647682335
counter/2/0/0/0,25471:1747647670981:,1747647682335
counter/10/0/0/0,20104:1747647665252:,1747647682335
counter/2/0/0/0,25472:1747647670981:,1747647682335
counter/10/0/0/0,20105:1747647665253:,1747647682336
counter/2/0/0/0,25473:1747647670982:,1747647682336
counter/10/0/0/0,20106:1747647665258:,1747647682336
counter/2/0/0/0,25474:1747647670982:,1747647682336
counter/10/0/0/0,20107:1747647665258:,1747647682336
counter/2/0/0/0,25475:1747647670986:,1747647682336
counter/10/0/0/0,20108:1747647665258:,1747647682336
counter/2/0/0/0,25476:1747647670989:,1747647682336
counter/10/0/0/0,20109:1747647665258:,1747647682336
counter/2/0/0/0,25477:1747647670990:,1747647682336
counter/10/0/0/0,20110:1747647665258:,1747647682336
counter/2/0/0/0,25478:1747647670990:,1747647682336
counter/10/0/0/0,20111:1747647665258:,1747647682336
counter/2/0/0/0,25479:1747647670990:,1747647682336
counter/10/0/0/0,20112:1747647665258:,1747647682336
counter/2/0/0/0,25480:1747647670990:,1747647682336
counter/10/0/0/0,20113:1747647665258:,1747647682336
counter/1/0/0/0,21480:1747647667830:,1747647682336
counter/7/0/0/0,21285:1747647666693:,1747647682336
counter/2/0/0/0,25481:1747647670990:,1747647682336
counter/10/0/0/0,20114:1747647665260:,1747647682336
counter/1/0/0/0,21481:1747647667830:,1747647682336
counter/2/0/0/0,25482:1747647670990:,1747647682336
counter/10/0/0/0,20115:1747647665260:,1747647682336
counter/1/0/0/0,21482:1747647667830:,1747647682336
counter/8/0/0/0,23683:1747647668010:,1747647682336
counter/2/0/0/0,25483:1747647670990:,1747647682336
counter/10/0/0/0,20116:1747647665260:,1747647682336
counter/4/0/0/0,20180:1747647667291:,1747647682336
counter/2/0/0/0,25484:1747647670990:,1747647682336
counter/10/0/0/0,20117:1747647665261:,1747647682336
counter/2/0/0/0,25485:1747647670990:,1747647682336
counter/10/0/0/0,20118:1747647665261:,1747647682336
counter/2/0/0/0,25486:1747647670990:,1747647682336
counter/10/0/0/0,20119:1747647665261:,1747647682336
counter/2/0/0/0,25487:1747647670990:,1747647682336
counter/10/0/0/0,20120:1747647665261:,1747647682336
counter/8/0/0/0,23684:1747647668010:,1747647682336
counter/2/0/0/0,25488:1747647670990:,1747647682336
counter/10/0/0/0,20121:1747647665261:,1747647682336
counter/8/0/0/0,23685:1747647668010:,1747647682337
counter/2/0/0/0,25489:1747647670990:,1747647682337
counter/10/0/0/0,20122:1747647665261:,1747647682337
counter/8/0/0/0,23686:1747647668010:,1747647682337
counter/2/0/0/0,25490:1747647670990:,1747647682337
counter/10/0/0/0,20123:1747647665261:,1747647682337
counter/8/0/0/0,23687:1747647668010:,1747647682337
counter/2/0/0/0,25491:1747647670990:,1747647682337
counter/10/0/0/0,20124:1747647665261:,1747647682337
counter/8/0/0/0,23688:1747647668010:,1747647682337
counter/2/0/0/0,25492:1747647670990:,1747647682337
counter/10/0/0/0,20125:1747647665261:,1747647682337
counter/8/0/0/0,23689:1747647668010:,1747647682337
counter/2/0/0/0,25493:1747647670994:,1747647682337
counter/10/0/0/0,20126:1747647665261:,1747647682337
counter/8/0/0/0,23690:1747647668010:,1747647682337
counter/2/0/0/0,25494:1747647670994:,1747647682337
counter/10/0/0/0,20127:1747647665261:,1747647682337
counter/8/0/0/0,23691:1747647668010:,1747647682337
counter/2/0/0/0,25495:1747647670999:,1747647682337
counter/10/0/0/0,20128:1747647665261:,1747647682337
counter/8/0/0/0,23692:1747647668010:,1747647682337
counter/2/0/0/0,25496:1747647670999:,1747647682337
counter/10/0/0/0,20129:1747647665261:,1747647682337
counter/8/0/0/0,23693:1747647668010:,1747647682337
counter/2/0/0/0,25497:1747647670999:,1747647682337
counter/10/0/0/0,20130:1747647665261:,1747647682337
counter/8/0/0/0,23694:1747647668010:,1747647682337
counter/2/0/0/0,25498:1747647670999:,1747647682337
counter/10/0/0/0,20131:1747647665262:,1747647682337
counter/8/0/0/0,23695:1747647668025:,1747647682337
counter/2/0/0/0,25499:1747647670999:,1747647682337
counter/10/0/0/0,20132:1747647665262:,1747647682337
counter/8/0/0/0,23696:1747647668025:,1747647682337
counter/2/0/0/0,25500:1747647671000:,1747647682337
counter/10/0/0/0,20133:1747647665262:,1747647682337
counter/8/0/0/0,23697:1747647668025:,1747647682337
counter/2/0/0/0,25501:1747647671000:,1747647682337
counter/10/0/0/0,20134:1747647665262:,1747647682337
counter/1/0/0/0,21483:1747647667830:,1747647682337
counter/8/0/0/0,23698:1747647668025:,1747647682337
counter/2/0/0/0,25502:1747647671000:,1747647682337
counter/10/0/0/0,20135:1747647665262:,1747647682338
counter/8/0/0/0,23699:1747647668026:,1747647682338
counter/2/0/0/0,25503:1747647671001:,1747647682338
counter/10/0/0/0,20136:1747647665262:,1747647682338
counter/8/0/0/0,23700:1747647668026:,1747647682338
counter/2/0/0/0,25504:1747647671001:,1747647682338
counter/10/0/0/0,20137:1747647665262:,1747647682338
counter/8/0/0/0,23701:1747647668026:,1747647682338
counter/2/0/0/0,25505:1747647671001:,1747647682338
counter/10/0/0/0,20138:1747647665262:,1747647682338
counter/8/0/0/0,23702:1747647668026:,1747647682338
counter/2/0/0/0,25506:1747647671001:,1747647682338
counter/10/0/0/0,20139:1747647665262:,1747647682338
counter/3/0/0/0,21580:1747647668013:,1747647682338
counter/8/0/0/0,23703:1747647668027:,1747647682338
counter/2/0/0/0,25507:1747647671001:,1747647682338
counter/10/0/0/0,20140:1747647665262:,1747647682338
counter/8/0/0/0,23704:1747647668027:,1747647682338
counter/2/0/0/0,25508:1747647671001:,1747647682338
counter/10/0/0/0,20141:1747647665265:,1747647682338
counter/8/0/0/0,23705:1747647668027:,1747647682338
counter/2/0/0/0,25509:1747647671001:,1747647682338
counter/10/0/0/0,20142:1747647665265:,1747647682338
counter/8/0/0/0,23706:1747647668027:,1747647682338
counter/2/0/0/0,25510:1747647671002:,1747647682338
counter/10/0/0/0,20143:1747647665265:,1747647682338
counter/8/0/0/0,23707:1747647668027:,1747647682338
counter/2/0/0/0,25511:1747647671002:,1747647682338
counter/10/0/0/0,20144:1747647665265:,1747647682338
counter/8/0/0/0,23708:1747647668027:,1747647682338
counter/2/0/0/0,25512:1747647671002:,1747647682338
counter/10/0/0/0,20145:1747647665269:,1747647682338
counter/8/0/0/0,23709:1747647668030:,1747647682338
counter/2/0/0/0,25513:1747647671002:,1747647682338
counter/10/0/0/0,20146:1747647665269:,1747647682338
counter/8/0/0/0,23710:1747647668030:,1747647682339
counter/2/0/0/0,25514:1747647671002:,1747647682339
counter/10/0/0/0,20147:1747647665269:,1747647682339
counter/8/0/0/0,23711:1747647668030:,1747647682339
counter/2/0/0/0,25515:1747647671002:,1747647682339
counter/10/0/0/0,20148:1747647665269:,1747647682339
counter/8/0/0/0,23712:1747647668030:,1747647682339
counter/2/0/0/0,25516:1747647671002:,1747647682339
counter/10/0/0/0,20149:1747647665269:,1747647682339
counter/8/0/0/0,23713:1747647668030:,1747647682339
counter/2/0/0/0,25517:1747647671002:,1747647682339
counter/10/0/0/0,20150:1747647665270:,1747647682339
counter/6/0/0/0,21772:1747647668146:,1747647682339
counter/8/0/0/0,23714:1747647668030:,1747647682339
counter/2/0/0/0,25518:1747647671002:,1747647682339
counter/10/0/0/0,20151:1747647665270:,1747647682339
counter/8/0/0/0,23715:1747647668030:,1747647682339
counter/2/0/0/0,25519:1747647671002:,1747647682339
counter/10/0/0/0,20152:1747647665270:,1747647682339
counter/8/0/0/0,23716:1747647668030:,1747647682339
counter/2/0/0/0,25520:1747647671002:,1747647682339
counter/10/0/0/0,20153:1747647665270:,1747647682339
counter/5/0/0/0,22555:1747647667892:,1747647682339
counter/8/0/0/0,23717:1747647668030:,1747647682339
counter/2/0/0/0,25521:1747647671002:,1747647682339
counter/10/0/0/0,20154:1747647665270:,1747647682339
counter/8/0/0/0,23718:1747647668030:,1747647682339
counter/2/0/0/0,25522:1747647671002:,1747647682339
counter/10/0/0/0,20155:1747647665270:,1747647682339
counter/1/0/0/0,21484:1747647667830:,1747647682339
counter/8/0/0/0,23719:1747647668030:,1747647682339
counter/2/0/0/0,25523:1747647671002:,1747647682339
counter/10/0/0/0,20156:1747647665270:,1747647682339
counter/1/0/0/0,21485:1747647667830:,1747647682339
counter/3/0/0/0,21581:1747647668013:,1747647682339
counter/8/0/0/0,23720:1747647668030:,1747647682339
counter/2/0/0/0,25524:1747647671002:,1747647682339
counter/10/0/0/0,20157:1747647665270:,1747647682339
counter/7/0/0/0,21286:1747647666694:,1747647682339
counter/8/0/0/0,23721:1747647668030:,1747647682339
counter/2/0/0/0,25525:1747647671002:,1747647682340
counter/10/0/0/0,20158:1747647665270:,1747647682340
counter/7/0/0/0,21287:1747647666694:,1747647682340
counter/2/0/0/0,25526:1747647671005:,1747647682340
counter/10/0/0/0,20159:1747647665270:,1747647682340
counter/7/0/0/0,21288:1747647666694:,1747647682340
counter/2/0/0/0,25527:1747647671005:,1747647682340
counter/10/0/0/0,20160:1747647665270:,1747647682340
counter/7/0/0/0,21289:1747647666694:,1747647682340
counter/2/0/0/0,25528:1747647671005:,1747647682340
counter/10/0/0/0,20161:1747647665270:,1747647682340
counter/7/0/0/0,21290:1747647666696:,1747647682340
counter/2/0/0/0,25529:1747647671005:,1747647682340
counter/10/0/0/0,20162:1747647665270:,1747647682340
counter/7/0/0/0,21291:1747647666696:,1747647682340
counter/2/0/0/0,25530:1747647671005:,1747647682340
counter/10/0/0/0,20163:1747647665270:,1747647682340
counter/7/0/0/0,21292:1747647666696:,1747647682340
counter/2/0/0/0,25531:1747647671005:,1747647682340
counter/10/0/0/0,20164:1747647665270:,1747647682340
counter/7/0/0/0,21293:1747647666696:,1747647682340
counter/3/0/0/0,21582:1747647668013:,1747647682340
counter/2/0/0/0,25532:1747647671005:,1747647682340
counter/10/0/0/0,20165:1747647665270:,1747647682340
counter/7/0/0/0,21294:1747647666705:,1747647682340
counter/5/0/0/0,22556:1747647667893:,1747647682340
counter/2/0/0/0,25533:1747647671005:,1747647682340
counter/10/0/0/0,20166:1747647665270:,1747647682340
counter/7/0/0/0,21295:1747647666705:,1747647682340
counter/2/0/0/0,25534:1747647671005:,1747647682340
counter/10/0/0/0,20167:1747647665272:,1747647682340
counter/7/0/0/0,21296:1747647666705:,1747647682340
counter/2/0/0/0,25535:1747647671005:,1747647682340
counter/10/0/0/0,20168:1747647665272:,1747647682340
counter/7/0/0/0,21297:1747647666705:,1747647682340
counter/2/0/0/0,25536:1747647671005:,1747647682340
counter/10/0/0/0,20169:1747647665272:,1747647682340
counter/7/0/0/0,21298:1747647666705:,1747647682340
counter/2/0/0/0,25537:1747647671011:,1747647682340
counter/10/0/0/0,20170:1747647665272:,1747647682340
counter/7/0/0/0,21299:1747647666705:,1747647682341
counter/2/0/0/0,25538:1747647671011:,1747647682341
counter/10/0/0/0,20171:1747647665272:,1747647682341
counter/7/0/0/0,21300:1747647666705:,1747647682341
counter/3/0/0/0,21583:1747647668013:,1747647682341
counter/5/0/0/0,22557:1747647667893:,1747647682341
counter/2/0/0/0,25539:1747647671011:,1747647682341
counter/10/0/0/0,20172:1747647665272:,1747647682341
counter/7/0/0/0,21301:1747647666705:,1747647682341
counter/2/0/0/0,25540:1747647671011:,1747647682341
counter/10/0/0/0,20173:1747647665272:,1747647682341
counter/7/0/0/0,21302:1747647666705:,1747647682341
counter/2/0/0/0,25541:1747647671011:,1747647682341
counter/7/0/0/0,21303:1747647666705:,1747647682341
counter/2/0/0/0,25542:1747647671011:,1747647682341
counter/7/0/0/0,21304:1747647666705:,1747647682341
counter/3/0/0/0,21584:1747647668013:,1747647682341
counter/2/0/0/0,25543:1747647671011:,1747647682341
counter/7/0/0/0,21305:1747647666705:,1747647682341
counter/2/0/0/0,25544:1747647671011:,1747647682341
counter/7/0/0/0,21306:1747647666705:,1747647682341
counter/2/0/0/0,25545:1747647671011:,1747647682341
counter/7/0/0/0,21307:1747647666705:,1747647682341
counter/2/0/0/0,25546:1747647671011:,1747647682341
counter/7/0/0/0,21308:1747647666705:,1747647682341
counter/2/0/0/0,25547:1747647671011:,1747647682341
counter/7/0/0/0,21309:1747647666705:,1747647682341
counter/3/0/0/0,21585:1747647668013:,1747647682341
counter/2/0/0/0,25548:1747647671012:,1747647682341
counter/7/0/0/0,21310:1747647666705:,1747647682341
counter/2/0/0/0,25549:1747647671019:,1747647682341
counter/7/0/0/0,21311:1747647666705:,1747647682341
counter/2/0/0/0,25550:1747647671019:,1747647682341
counter/7/0/0/0,21312:1747647666705:,1747647682341
counter/2/0/0/0,25551:1747647671019:,1747647682341
counter/7/0/0/0,21313:1747647666712:,1747647682341
counter/2/0/0/0,25552:1747647671019:,1747647682341
counter/7/0/0/0,21314:1747647666712:,1747647682341
counter/2/0/0/0,25553:1747647671019:,1747647682342
counter/7/0/0/0,21315:1747647666712:,1747647682342
counter/2/0/0/0,25554:1747647671019:,1747647682342
counter/7/0/0/0,21316:1747647666712:,1747647682342
counter/2/0/0/0,25555:1747647671019:,1747647682342
counter/7/0/0/0,21317:1747647666716:,1747647682342
counter/2/0/0/0,25556:1747647671019:,1747647682342
counter/7/0/0/0,21318:1747647666716:,1747647682342
counter/2/0/0/0,25557:1747647671019:,1747647682342
counter/7/0/0/0,21319:1747647666716:,1747647682342
counter/2/0/0/0,25558:1747647671019:,1747647682342
counter/7/0/0/0,21320:1747647666716:,1747647682342
counter/2/0/0/0,25559:1747647671019:,1747647682342
counter/7/0/0/0,21321:1747647666716:,1747647682342
counter/2/0/0/0,25560:1747647671019:,1747647682342
counter/7/0/0/0,21322:1747647666716:,1747647682342
counter/2/0/0/0,25561:1747647671019:,1747647682342
counter/7/0/0/0,21323:1747647666716:,1747647682342
counter/2/0/0/0,25562:1747647671019:,1747647682342
counter/7/0/0/0,21324:1747647666725:,1747647682342
counter/2/0/0/0,25563:1747647671019:,1747647682342
counter/7/0/0/0,21325:1747647666725:,1747647682342
counter/2/0/0/0,25564:1747647671019:,1747647682342
counter/7/0/0/0,21326:1747647666725:,1747647682342
counter/2/0/0/0,25565:1747647671019:,1747647682342
counter/2/0/0/0,25566:1747647671020:,1747647682342
counter/2/0/0/0,25567:1747647671020:,1747647682342
counter/2/0/0/0,25568:1747647671020:,1747647682342
counter/2/0/0/0,25569:1747647671020:,1747647682342
counter/2/0/0/0,25570:1747647671020:,1747647682342
counter/2/0/0/0,25571:1747647671020:,1747647682342
counter/2/0/0/0,25572:1747647671020:,1747647682342
counter/2/0/0/0,25573:1747647671020:,1747647682342
counter/2/0/0/0,25574:1747647671020:,1747647682342
counter/2/0/0/0,25575:1747647671020:,1747647682342
counter/2/0/0/0,25576:1747647671020:,1747647682342
counter/2/0/0/0,25577:1747647671020:,1747647682342
counter/2/0/0/0,25578:1747647671020:,1747647682342
counter/2/0/0/0,25579:1747647671025:,1747647682342
counter/2/0/0/0,25580:1747647671025:,1747647682342
counter/2/0/0/0,25581:1747647671025:,1747647682342
counter/2/0/0/0,25582:1747647671025:,1747647682342
counter/2/0/0/0,25583:1747647671025:,1747647682342
counter/2/0/0/0,25584:1747647671025:,1747647682342
counter/2/0/0/0,25585:1747647671025:,1747647682343
counter/2/0/0/0,25586:1747647671025:,1747647682343
counter/2/0/0/0,25587:1747647671025:,1747647682343
counter/2/0/0/0,25588:1747647671025:,1747647682343
counter/2/0/0/0,25589:1747647671027:,1747647682343
counter/2/0/0/0,25590:1747647671027:,1747647682343
counter/2/0/0/0,25591:1747647671027:,1747647682343
counter/2/0/0/0,25592:1747647671027:,1747647682343
counter/2/0/0/0,25593:1747647671028:,1747647682343
counter/2/0/0/0,25594:1747647671035:,1747647682343
counter/2/0/0/0,25595:1747647671035:,1747647682343
counter/2/0/0/0,25596:1747647671035:,1747647682343
counter/2/0/0/0,25597:1747647671035:,1747647682343
counter/2/0/0/0,25598:1747647671035:,1747647682343
counter/2/0/0/0,25599:1747647671035:,1747647682343
counter/2/0/0/0,25600:1747647671035:,1747647682343
counter/2/0/0/0,25601:1747647671035:,1747647682343
counter/2/0/0/0,25602:1747647671035:,1747647682343
counter/2/0/0/0,25603:1747647671035:,1747647682343
counter/2/0/0/0,25604:1747647671035:,1747647682343
counter/2/0/0/0,25605:1747647671037:,1747647682343
counter/2/0/0/0,25606:1747647671037:,1747647682343
counter/2/0/0/0,25607:1747647671037:,1747647682343
counter/2/0/0/0,25608:1747647671037:,1747647682343
counter/2/0/0/0,25609:1747647671043:,1747647682343
counter/2/0/0/0,25610:1747647671043:,1747647682343
counter/2/0/0/0,25611:1747647671043:,1747647682343
counter/2/0/0/0,25612:1747647671043:,1747647682343
counter/2/0/0/0,25613:1747647671044:,1747647682343
counter/2/0/0/0,25614:1747647671044:,1747647682343
counter/2/0/0/0,25615:1747647671044:,1747647682343
counter/2/0/0/0,25616:1747647671044:,1747647682343
counter/2/0/0/0,25617:1747647671044:,1747647682343
counter/2/0/0/0,25618:1747647671044:,1747647682343
counter/2/0/0/0,25619:1747647671044:,1747647682343
counter/2/0/0/0,25620:1747647671044:,1747647682343
counter/2/0/0/0,25621:1747647671044:,1747647682343
counter/2/0/0/0,25622:1747647671044:,1747647682343
counter/2/0/0/0,25623:1747647671044:,1747647682343
counter/2/0/0/0,25624:1747647671050:,1747647682344
counter/2/0/0/0,25625:1747647671050:,1747647682344
counter/2/0/0/0,25626:1747647671051:,1747647682344
counter/2/0/0/0,25627:1747647671051:,1747647682344
counter/2/0/0/0,25628:1747647671051:,1747647682344
counter/2/0/0/0,25629:1747647671051:,1747647682344
counter/2/0/0/0,25630:1747647671051:,1747647682344
counter/2/0/0/0,25631:1747647671051:,1747647682344
counter/2/0/0/0,25632:1747647671051:,1747647682344
counter/2/0/0/0,25633:1747647671051:,1747647682344
counter/2/0/0/0,25634:1747647671051:,1747647682344
counter/2/0/0/0,25635:1747647671051:,1747647682344
counter/2/0/0/0,25636:1747647671062:,1747647682344
counter/2/0/0/0,25637:1747647671062:,1747647682344
counter/2/0/0/0,25638:1747647671062:,1747647682344
counter/2/0/0/0,25639:1747647671062:,1747647682344
counter/2/0/0/0,25640:1747647671062:,1747647682344
counter/2/0/0/0,25641:1747647671062:,1747647682344
counter/2/0/0/0,25642:1747647671063:,1747647682344
counter/2/0/0/0,25643:1747647671063:,1747647682344
counter/2/0/0/0,25644:1747647671063:,1747647682344
counter/2/0/0/0,25645:1747647671063:,1747647682344
counter/2/0/0/0,25646:1747647671063:,1747647682344
counter/2/0/0/0,25647:1747647671063:,1747647682344
counter/2/0/0/0,25648:1747647671063:,1747647682344
counter/2/0/0/0,25649:1747647671063:,1747647682344
counter/2/0/0/0,25650:1747647671063:,1747647682344
counter/2/0/0/0,25651:1747647671064:,1747647682344
counter/2/0/0/0,25652:1747647671064:,1747647682344
counter/2/0/0/0,25653:1747647671064:,1747647682344
counter/2/0/0/0,25654:1747647671064:,1747647682344
counter/2/0/0/0,25655:1747647671064:,1747647682344
counter/2/0/0/0,25656:1747647671064:,1747647682344
counter/2/0/0/0,25657:1747647671064:,1747647682344
counter/2/0/0/0,25658:1747647671064:,1747647682344
counter/2/0/0/0,25659:1747647671064:,1747647682344
counter/2/0/0/0,25660:1747647671064:,1747647682344
counter/2/0/0/0,25661:1747647671064:,1747647682344
counter/2/0/0/0,25662:1747647671065:,1747647682344
counter/2/0/0/0,25663:1747647671065:,1747647682344
counter/2/0/0/0,25664:1747647671065:,1747647682344
counter/2/0/0/0,25665:1747647671067:,1747647682344
counter/2/0/0/0,25666:1747647671067:,1747647682345
counter/2/0/0/0,25667:1747647671067:,1747647682345
counter/2/0/0/0,25668:1747647671067:,1747647682345
counter/2/0/0/0,25669:1747647671067:,1747647682345
counter/3/0/0/0,21586:1747647668013:,1747647682345
counter/2/0/0/0,25670:1747647671067:,1747647682345
counter/2/0/0/0,25671:1747647671067:,1747647682345
counter/2/0/0/0,25672:1747647671067:,1747647682345
counter/2/0/0/0,25673:1747647671067:,1747647682345
counter/2/0/0/0,25674:1747647671067:,1747647682345
counter/2/0/0/0,25675:1747647671067:,1747647682345
counter/2/0/0/0,25676:1747647671067:,1747647682345
counter/2/0/0/0,25677:1747647671067:,1747647682345
counter/2/0/0/0,25678:1747647671067:,1747647682345
counter/2/0/0/0,25679:1747647671067:,1747647682345
counter/2/0/0/0,25680:1747647671071:,1747647682345
counter/2/0/0/0,25681:1747647671071:,1747647682345
counter/2/0/0/0,25682:1747647671072:,1747647682345
counter/2/0/0/0,25683:1747647671072:,1747647682345
counter/2/0/0/0,25684:1747647671072:,1747647682345
counter/2/0/0/0,25685:1747647671072:,1747647682345
counter/2/0/0/0,25686:1747647671072:,1747647682345
counter/2/0/0/0,25687:1747647671072:,1747647682345
counter/2/0/0/0,25688:1747647671072:,1747647682345
counter/2/0/0/0,25689:1747647671072:,1747647682345
counter/2/0/0/0,25690:1747647671074:,1747647682345
counter/1/0/0/0,21486:1747647667830:,1747647682345
counter/2/0/0/0,25691:1747647671074:,1747647682345
counter/2/0/0/0,25692:1747647671074:,1747647682345
counter/2/0/0/0,25693:1747647671074:,1747647682345
counter/2/0/0/0,25694:1747647671074:,1747647682345
counter/2/0/0/0,25695:1747647671074:,1747647682345
counter/2/0/0/0,25696:1747647671074:,1747647682345
counter/2/0/0/0,25697:1747647671074:,1747647682345
counter/2/0/0/0,25698:1747647671075:,1747647682345
counter/2/0/0/0,25699:1747647671075:,1747647682345
counter/2/0/0/0,25700:1747647671075:,1747647682345
counter/2/0/0/0,25701:1747647671079:,1747647682345
counter/2/0/0/0,25702:1747647671079:,1747647682346
counter/2/0/0/0,25703:1747647671079:,1747647682346
counter/2/0/0/0,25704:1747647671079:,1747647682346
counter/2/0/0/0,25705:1747647671080:,1747647682346
counter/2/0/0/0,25706:1747647671080:,1747647682346
counter/2/0/0/0,25707:1747647671080:,1747647682346
counter/2/0/0/0,25708:1747647671080:,1747647682346
counter/2/0/0/0,25709:1747647671080:,1747647682346
counter/2/0/0/0,25710:1747647671080:,1747647682346
counter/2/0/0/0,25711:1747647671080:,1747647682346
counter/2/0/0/0,25712:1747647671080:,1747647682346
counter/2/0/0/0,25713:1747647671080:,1747647682346
counter/2/0/0/0,25714:1747647671080:,1747647682346
counter/2/0/0/0,25715:1747647671080:,1747647682346
counter/2/0/0/0,25716:1747647671080:,1747647682346
counter/2/0/0/0,25717:1747647671080:,1747647682346
counter/2/0/0/0,25718:1747647671080:,1747647682346
counter/2/0/0/0,25719:1747647671091:,1747647682346
counter/2/0/0/0,25720:1747647671091:,1747647682346
counter/2/0/0/0,25721:1747647671091:,1747647682346
counter/2/0/0/0,25722:1747647671091:,1747647682346
counter/2/0/0/0,25723:1747647671091:,1747647682346
counter/2/0/0/0,25724:1747647671091:,1747647682346
counter/2/0/0/0,25725:1747647671091:,1747647682346
counter/2/0/0/0,25726:1747647671091:,1747647682346
counter/2/0/0/0,25727:1747647671091:,1747647682346
counter/2/0/0/0,25728:1747647671091:,1747647682346
counter/2/0/0/0,25729:1747647671091:,1747647682346
counter/2/0/0/0,25730:1747647671091:,1747647682346
counter/2/0/0/0,25731:1747647671091:,1747647682346
counter/2/0/0/0,25732:1747647671091:,1747647682346
counter/2/0/0/0,25733:1747647671091:,1747647682346
counter/2/0/0/0,25734:1747647671091:,1747647682346
counter/2/0/0/0,25735:1747647671094:,1747647682346
counter/2/0/0/0,25736:1747647671094:,1747647682346
counter/2/0/0/0,25737:1747647671094:,1747647682346
counter/2/0/0/0,25738:1747647671094:,1747647682346
counter/2/0/0/0,25739:1747647671094:,1747647682346
counter/2/0/0/0,25740:1747647671094:,1747647682346
counter/2/0/0/0,25741:1747647671094:,1747647682346
counter/2/0/0/0,25742:1747647671094:,1747647682346
counter/2/0/0/0,25743:1747647671094:,1747647682346
counter/2/0/0/0,25744:1747647671094:,1747647682347
counter/2/0/0/0,25745:1747647671094:,1747647682347
counter/2/0/0/0,25746:1747647671094:,1747647682347
counter/2/0/0/0,25747:1747647671094:,1747647682347
counter/2/0/0/0,25748:1747647671094:,1747647682347
counter/2/0/0/0,25749:1747647671094:,1747647682347
counter/2/0/0/0,25750:1747647671094:,1747647682347
counter/2/0/0/0,25751:1747647671094:,1747647682347
counter/2/0/0/0,25752:1747647671094:,1747647682347
counter/2/0/0/0,25753:1747647671094:,1747647682347
counter/2/0/0/0,25754:1747647671094:,1747647682347
counter/2/0/0/0,25755:1747647671095:,1747647682347
counter/2/0/0/0,25756:1747647671095:,1747647682347
counter/2/0/0/0,25757:1747647671095:,1747647682347
counter/2/0/0/0,25758:1747647671095:,1747647682347
counter/2/0/0/0,25759:1747647671095:,1747647682347
counter/2/0/0/0,25760:1747647671095:,1747647682347
counter/2/0/0/0,25761:1747647671095:,1747647682347
counter/2/0/0/0,25762:1747647671095:,1747647682347
counter/2/0/0/0,25763:1747647671095:,1747647682347
counter/2/0/0/0,25764:1747647671095:,1747647682347
counter/2/0/0/0,25765:1747647671095:,1747647682347
counter/2/0/0/0,25766:1747647671095:,1747647682347
counter/2/0/0/0,25767:1747647671095:,1747647682347
counter/2/0/0/0,25768:1747647671095:,1747647682347
counter/2/0/0/0,25769:1747647671095:,1747647682347
counter/2/0/0/0,25770:1747647671095:,1747647682347
counter/2/0/0/0,25771:1747647671095:,1747647682347
counter/2/0/0/0,25772:1747647671095:,1747647682347
counter/2/0/0/0,25773:1747647671095:,1747647682347
counter/2/0/0/0,25774:1747647671095:,1747647682347
counter/2/0/0/0,25775:1747647671095:,1747647682347
counter/2/0/0/0,25776:1747647671095:,1747647682347
counter/2/0/0/0,25777:1747647671095:,1747647682347
counter/2/0/0/0,25778:1747647671097:,1747647682347
counter/2/0/0/0,25779:1747647671097:,1747647682347
counter/2/0/0/0,25780:1747647671097:,1747647682347
counter/2/0/0/0,25781:1747647671097:,1747647682347
counter/2/0/0/0,25782:1747647671097:,1747647682347
counter/2/0/0/0,25783:1747647671097:,1747647682347
counter/2/0/0/0,25784:1747647671097:,1747647682347
counter/2/0/0/0,25785:1747647671097:,1747647682348
counter/2/0/0/0,25786:1747647671097:,1747647682348
counter/2/0/0/0,25787:1747647671097:,1747647682348
counter/2/0/0/0,25788:1747647671097:,1747647682348
counter/2/0/0/0,25789:1747647671097:,1747647682348
counter/2/0/0/0,25790:1747647671097:,1747647682348
counter/2/0/0/0,25791:1747647671097:,1747647682348
counter/2/0/0/0,25792:1747647671097:,1747647682348
counter/2/0/0/0,25793:1747647671097:,1747647682348
counter/2/0/0/0,25794:1747647671097:,1747647682348
counter/2/0/0/0,25795:1747647671097:,1747647682348
counter/1/0/0/0,21487:1747647667842:,1747647682348
counter/2/0/0/0,25796:1747647671097:,1747647682348
counter/5/0/0/0,22558:1747647667893:,1747647682348
counter/2/0/0/0,25797:1747647671097:,1747647682348
counter/5/0/0/0,22559:1747647667900:,1747647682348
counter/9/0/0/0,26638:1747647670314:,1747647682348
counter/2/0/0/0,25798:1747647671097:,1747647682348
counter/3/0/0/0,21587:1747647668017:,1747647682348
counter/2/0/0/0,25799:1747647671098:,1747647682348
counter/2/0/0/0,25800:1747647671098:,1747647682348
counter/2/0/0/0,25801:1747647671098:,1747647682348
counter/2/0/0/0,25802:1747647671098:,1747647682348
counter/2/0/0/0,25803:1747647671098:,1747647682348
counter/2/0/0/0,25804:1747647671098:,1747647682348
counter/2/0/0/0,25805:1747647671098:,1747647682348
counter/2/0/0/0,25806:1747647671098:,1747647682348
counter/1/0/0/0,21488:1747647667845:,1747647682348
counter/2/0/0/0,25807:1747647671098:,1747647682348
counter/5/0/0/0,22560:1747647667900:,1747647682348
counter/2/0/0/0,25808:1747647671098:,1747647682348
counter/3/0/0/0,21588:1747647668017:,1747647682348
counter/2/0/0/0,25809:1747647671098:,1747647682348
counter/2/0/0/0,25810:1747647671098:,1747647682348
counter/2/0/0/0,25811:1747647671098:,1747647682348
counter/2/0/0/0,25812:1747647671098:,1747647682348
counter/2/0/0/0,25813:1747647671098:,1747647682348
counter/2/0/0/0,25814:1747647671098:,1747647682348
counter/2/0/0/0,25815:1747647671098:,1747647682348
counter/2/0/0/0,25816:1747647671101:,1747647682349
counter/2/0/0/0,25817:1747647671101:,1747647682349
counter/2/0/0/0,25818:1747647671101:,1747647682349
counter/2/0/0/0,25819:1747647671101:,1747647682349
counter/2/0/0/0,25820:1747647671101:,1747647682349
counter/2/0/0/0,25821:1747647671101:,1747647682349
counter/2/0/0/0,25822:1747647671115:,1747647682349
counter/2/0/0/0,25823:1747647671115:,1747647682349
counter/2/0/0/0,25824:1747647671115:,1747647682349
counter/2/0/0/0,25825:1747647671115:,1747647682349
counter/2/0/0/0,25826:1747647671115:,1747647682349
counter/2/0/0/0,25827:1747647671115:,1747647682349
counter/2/0/0/0,25828:1747647671115:,1747647682349
counter/2/0/0/0,25829:1747647671115:,1747647682349
counter/2/0/0/0,25830:1747647671115:,1747647682349
counter/2/0/0/0,25831:1747647671115:,1747647682349
counter/2/0/0/0,25832:1747647671115:,1747647682349
counter/2/0/0/0,25833:1747647671115:,1747647682349
counter/2/0/0/0,25834:1747647671115:,1747647682349
counter/2/0/0/0,25835:1747647671115:,1747647682349
counter/2/0/0/0,25836:1747647671115:,1747647682349
counter/2/0/0/0,25837:1747647671115:,1747647682349
counter/2/0/0/0,25838:1747647671116:,1747647682349
counter/2/0/0/0,25839:1747647671116:,1747647682349
counter/2/0/0/0,25840:1747647671116:,1747647682349
counter/2/0/0/0,25841:1747647671116:,1747647682349
counter/2/0/0/0,25842:1747647671116:,1747647682349
counter/2/0/0/0,25843:1747647671116:,1747647682349
counter/2/0/0/0,25844:1747647671116:,1747647682349
counter/2/0/0/0,25845:1747647671116:,1747647682349
counter/2/0/0/0,25846:1747647671116:,1747647682349
counter/2/0/0/0,25847:1747647671116:,1747647682349
counter/2/0/0/0,25848:1747647671116:,1747647682349
counter/2/0/0/0,25849:1747647671123:,1747647682349
counter/2/0/0/0,25850:1747647671123:,1747647682349
counter/2/0/0/0,25851:1747647671123:,1747647682349
counter/2/0/0/0,25852:1747647671123:,1747647682349
counter/4/0/0/0,20181:1747647667291:,1747647682349
counter/2/0/0/0,25853:1747647671123:,1747647682349
counter/9/0/0/0,26639:1747647670314:,1747647682349
counter/2/0/0/0,25854:1747647671123:,1747647682350
counter/4/0/0/0,20182:1747647667291:,1747647682350
counter/2/0/0/0,25855:1747647671123:,1747647682350
counter/5/0/0/0,22561:1747647667900:,1747647682350
counter/1/0/0/0,21489:1747647667845:,1747647682350
counter/2/0/0/0,25856:1747647671123:,1747647682350
counter/2/0/0/0,25857:1747647671123:,1747647682350
counter/2/0/0/0,25858:1747647671123:,1747647682350
counter/2/0/0/0,25859:1747647671123:,1747647682350
counter/2/0/0/0,25860:1747647671123:,1747647682350
counter/2/0/0/0,25861:1747647671123:,1747647682350
counter/2/0/0/0,25862:1747647671125:,1747647682350
counter/5/0/0/0,22562:1747647667900:,1747647682350
counter/2/0/0/0,25863:1747647671125:,1747647682350
counter/1/0/0/0,21490:1747647667845:,1747647682350
counter/2/0/0/0,25864:1747647671125:,1747647682350
counter/2/0/0/0,25865:1747647671126:,1747647682350
counter/2/0/0/0,25866:1747647671126:,1747647682350
counter/2/0/0/0,25867:1747647671134:,1747647682350
counter/2/0/0/0,25868:1747647671135:,1747647682350
counter/6/0/0/0,21773:1747647668146:,1747647682350
counter/2/0/0/0,25869:1747647671135:,1747647682350
counter/9/0/0/0,26640:1747647670314:,1747647682350
counter/2/0/0/0,25870:1747647671135:,1747647682350
counter/2/0/0/0,25871:1747647671135:,1747647682350
counter/2/0/0/0,25872:1747647671135:,1747647682350
counter/2/0/0/0,25873:1747647671135:,1747647682350
counter/2/0/0/0,25874:1747647671135:,1747647682350
counter/2/0/0/0,25875:1747647671135:,1747647682350
counter/2/0/0/0,25876:1747647671135:,1747647682350
counter/2/0/0/0,25877:1747647671135:,1747647682350
counter/2/0/0/0,25878:1747647671135:,1747647682350
counter/2/0/0/0,25879:1747647671135:,1747647682350
counter/2/0/0/0,25880:1747647671135:,1747647682350
counter/2/0/0/0,25881:1747647671135:,1747647682350
counter/2/0/0/0,25882:1747647671135:,1747647682350
counter/2/0/0/0,25883:1747647671135:,1747647682350
counter/2/0/0/0,25884:1747647671136:,1747647682351
counter/2/0/0/0,25885:1747647671137:,1747647682351
counter/2/0/0/0,25886:1747647671137:,1747647682351
counter/2/0/0/0,25887:1747647671137:,1747647682351
counter/2/0/0/0,25888:1747647671137:,1747647682351
counter/2/0/0/0,25889:1747647671137:,1747647682351
counter/2/0/0/0,25890:1747647671137:,1747647682351
counter/2/0/0/0,25891:1747647671137:,1747647682351
counter/2/0/0/0,25892:1747647671137:,1747647682351
counter/2/0/0/0,25893:1747647671137:,1747647682351
counter/2/0/0/0,25894:1747647671137:,1747647682351
counter/4/0/0/0,20183:1747647667291:,1747647682351
counter/2/0/0/0,25895:1747647671150:,1747647682351
counter/2/0/0/0,25896:1747647671169:,1747647682351
counter/4/0/0/0,20184:1747647667293:,1747647682351
counter/2/0/0/0,25897:1747647671169:,1747647682351
counter/5/0/0/0,22563:1747647667900:,1747647682351
counter/2/0/0/0,25898:1747647671169:,1747647682351
counter/5/0/0/0,22564:1747647667900:,1747647682351
counter/2/0/0/0,25899:1747647671169:,1747647682351
counter/5/0/0/0,22565:1747647667900:,1747647682351
counter/2/0/0/0,25900:1747647671169:,1747647682351
counter/5/0/0/0,22566:1747647667900:,1747647682351
counter/2/0/0/0,25901:1747647671169:,1747647682351
counter/5/0/0/0,22567:1747647667900:,1747647682351
counter/2/0/0/0,25902:1747647671169:,1747647682351
counter/5/0/0/0,22568:1747647667900:,1747647682351
counter/2/0/0/0,25903:1747647671169:,1747647682351
counter/5/0/0/0,22569:1747647667900:,1747647682351
counter/2/0/0/0,25904:1747647671169:,1747647682351
counter/5/0/0/0,22570:1747647667900:,1747647682351
counter/2/0/0/0,25905:1747647671169:,1747647682351
counter/5/0/0/0,22571:1747647667900:,1747647682351
counter/2/0/0/0,25906:1747647671169:,1747647682351
counter/5/0/0/0,22572:1747647667900:,1747647682351
counter/2/0/0/0,25907:1747647671169:,1747647682351
counter/5/0/0/0,22573:1747647667903:,1747647682351
counter/2/0/0/0,25908:1747647671169:,1747647682351
counter/5/0/0/0,22574:1747647667904:,1747647682351
counter/2/0/0/0,25909:1747647671169:,1747647682351
counter/5/0/0/0,22575:1747647667904:,1747647682352
counter/2/0/0/0,25910:1747647671169:,1747647682352
counter/5/0/0/0,22576:1747647667904:,1747647682352
counter/2/0/0/0,25911:1747647671169:,1747647682352
counter/5/0/0/0,22577:1747647667904:,1747647682352
counter/2/0/0/0,25912:1747647671170:,1747647682352
counter/5/0/0/0,22578:1747647667904:,1747647682352
counter/2/0/0/0,25913:1747647671170:,1747647682352
counter/5/0/0/0,22579:1747647667904:,1747647682352
counter/2/0/0/0,25914:1747647671170:,1747647682352
counter/5/0/0/0,22580:1747647667904:,1747647682352
counter/2/0/0/0,25915:1747647671170:,1747647682352
counter/5/0/0/0,22581:1747647667904:,1747647682352
counter/2/0/0/0,25916:1747647671170:,1747647682352
counter/5/0/0/0,22582:1747647667910:,1747647682352
counter/2/0/0/0,25917:1747647671170:,1747647682352
counter/2/0/0/0,25918:1747647671170:,1747647682352
counter/5/0/0/0,22583:1747647667913:,1747647682352
counter/2/0/0/0,25919:1747647671170:,1747647682352
counter/5/0/0/0,22584:1747647667913:,1747647682352
counter/2/0/0/0,25920:1747647671170:,1747647682352
counter/5/0/0/0,22585:1747647667913:,1747647682352
counter/4/0/0/0,20185:1747647667300:,1747647682352
counter/2/0/0/0,25921:1747647671170:,1747647682352
counter/5/0/0/0,22586:1747647667913:,1747647682352
counter/3/0/0/0,21589:1747647668017:,1747647682352
counter/2/0/0/0,25922:1747647671170:,1747647682352
counter/5/0/0/0,22587:1747647667913:,1747647682352
counter/1/0/0/0,21491:1747647667845:,1747647682352
counter/2/0/0/0,25923:1747647671170:,1747647682352
counter/5/0/0/0,22588:1747647667913:,1747647682352
counter/2/0/0/0,25924:1747647671170:,1747647682352
counter/5/0/0/0,22589:1747647667913:,1747647682352
counter/2/0/0/0,25925:1747647671170:,1747647682352
counter/5/0/0/0,22590:1747647667913:,1747647682352
counter/2/0/0/0,25926:1747647671170:,1747647682352
counter/5/0/0/0,22591:1747647667913:,1747647682352
counter/2/0/0/0,25927:1747647671170:,1747647682352
counter/5/0/0/0,22592:1747647667913:,1747647682352
counter/2/0/0/0,25928:1747647671170:,1747647682352
counter/5/0/0/0,22593:1747647667913:,1747647682352
counter/2/0/0/0,25929:1747647671170:,1747647682352
counter/5/0/0/0,22594:1747647667913:,1747647682353
counter/2/0/0/0,25930:1747647671170:,1747647682353
counter/5/0/0/0,22595:1747647667913:,1747647682353
counter/2/0/0/0,25931:1747647671170:,1747647682353
counter/5/0/0/0,22596:1747647667913:,1747647682353
counter/2/0/0/0,25932:1747647671170:,1747647682353
counter/5/0/0/0,22597:1747647667913:,1747647682353
counter/2/0/0/0,25933:1747647671170:,1747647682353
counter/5/0/0/0,22598:1747647667913:,1747647682353
counter/2/0/0/0,25934:1747647671170:,1747647682353
counter/5/0/0/0,22599:1747647667913:,1747647682353
counter/2/0/0/0,25935:1747647671170:,1747647682353
counter/5/0/0/0,22600:1747647667914:,1747647682353
counter/2/0/0/0,25936:1747647671170:,1747647682353
counter/5/0/0/0,22601:1747647667914:,1747647682353
counter/2/0/0/0,25937:1747647671171:,1747647682353
counter/5/0/0/0,22602:1747647667914:,1747647682353
counter/2/0/0/0,25938:1747647671171:,1747647682353
counter/5/0/0/0,22603:1747647667914:,1747647682353
counter/2/0/0/0,25939:1747647671171:,1747647682353
counter/5/0/0/0,22604:1747647667914:,1747647682353
counter/2/0/0/0,25940:1747647671171:,1747647682353
counter/5/0/0/0,22605:1747647667914:,1747647682353
counter/2/0/0/0,25941:1747647671171:,1747647682353
counter/5/0/0/0,22606:1747647667914:,1747647682353
counter/2/0/0/0,25942:1747647671171:,1747647682353
counter/2/0/0/0,25943:1747647671171:,1747647682353
counter/2/0/0/0,25944:1747647671182:,1747647682353
counter/2/0/0/0,25945:1747647671183:,1747647682353
counter/2/0/0/0,25946:1747647671183:,1747647682353
counter/2/0/0/0,25947:1747647671183:,1747647682353
counter/2/0/0/0,25948:1747647671183:,1747647682353
counter/2/0/0/0,25949:1747647671183:,1747647682353
counter/2/0/0/0,25950:1747647671183:,1747647682353
counter/2/0/0/0,25951:1747647671183:,1747647682353
counter/2/0/0/0,25952:1747647671183:,1747647682353
counter/2/0/0/0,25953:1747647671183:,1747647682354
counter/2/0/0/0,25954:1747647671183:,1747647682354
counter/2/0/0/0,25955:1747647671184:,1747647682354
counter/2/0/0/0,25956:1747647671186:,1747647682354
counter/2/0/0/0,25957:1747647671186:,1747647682354
counter/2/0/0/0,25958:1747647671186:,1747647682354
counter/2/0/0/0,25959:1747647671192:,1747647682354
counter/2/0/0/0,25960:1747647671192:,1747647682354
counter/2/0/0/0,25961:1747647671192:,1747647682354
counter/2/0/0/0,25962:1747647671192:,1747647682354
counter/2/0/0/0,25963:1747647671192:,1747647682354
counter/2/0/0/0,25964:1747647671192:,1747647682354
counter/2/0/0/0,25965:1747647671192:,1747647682354
counter/2/0/0/0,25966:1747647671193:,1747647682354
counter/2/0/0/0,25967:1747647671193:,1747647682354
counter/2/0/0/0,25968:1747647671193:,1747647682354
counter/2/0/0/0,25969:1747647671200:,1747647682354
counter/2/0/0/0,25970:1747647671200:,1747647682354
counter/2/0/0/0,25971:1747647671200:,1747647682354
counter/2/0/0/0,25972:1747647671200:,1747647682354
counter/2/0/0/0,25973:1747647671200:,1747647682354
counter/2/0/0/0,25974:1747647671200:,1747647682354
counter/4/0/0/0,20186:1747647667300:,1747647682354
counter/2/0/0/0,25975:1747647671200:,1747647682354
counter/2/0/0/0,25976:1747647671200:,1747647682354
counter/2/0/0/0,25977:1747647671200:,1747647682354
counter/6/0/0/0,21774:1747647668146:,1747647682354
counter/2/0/0/0,25978:1747647671200:,1747647682354
counter/2/0/0/0,25979:1747647671208:,1747647682354
counter/1/0/0/0,21492:1747647667845:,1747647682354
counter/2/0/0/0,25980:1747647671208:,1747647682354
counter/2/0/0/0,25981:1747647671208:,1747647682354
counter/2/0/0/0,25982:1747647671208:,1747647682354
counter/2/0/0/0,25983:1747647671212:,1747647682354
counter/2/0/0/0,25984:1747647671212:,1747647682354
counter/2/0/0/0,25985:1747647671213:,1747647682354
counter/2/0/0/0,25986:1747647671213:,1747647682354
counter/2/0/0/0,25987:1747647671221:,1747647682354
counter/2/0/0/0,25988:1747647671221:,1747647682354
counter/2/0/0/0,25989:1747647671221:,1747647682354
counter/2/0/0/0,25990:1747647671221:,1747647682354
counter/2/0/0/0,25991:1747647671234:,1747647682355
counter/2/0/0/0,25992:1747647671234:,1747647682355
counter/2/0/0/0,25993:1747647671234:,1747647682355
counter/2/0/0/0,25994:1747647671234:,1747647682355
counter/2/0/0/0,25995:1747647671234:,1747647682355
counter/2/0/0/0,25996:1747647671234:,1747647682355
counter/2/0/0/0,25997:1747647671239:,1747647682355
counter/2/0/0/0,25998:1747647671239:,1747647682355
counter/2/0/0/0,25999:1747647671239:,1747647682355
counter/2/0/0/0,26000:1747647671239:,1747647682355
counter/2/0/0/0,26001:1747647671239:,1747647682355
counter/2/0/0/0,26002:1747647671252:,1747647682355
counter/2/0/0/0,26003:1747647671252:,1747647682355
counter/2/0/0/0,26004:1747647671252:,1747647682355
counter/2/0/0/0,26005:1747647671252:,1747647682355
counter/2/0/0/0,26006:1747647671252:,1747647682355
counter/2/0/0/0,26007:1747647671252:,1747647682355
counter/2/0/0/0,26008:1747647671252:,1747647682355
counter/2/0/0/0,26009:1747647671252:,1747647682355
counter/2/0/0/0,26010:1747647671252:,1747647682355
counter/2/0/0/0,26011:1747647671252:,1747647682355
counter/2/0/0/0,26012:1747647671252:,1747647682355
counter/2/0/0/0,26013:1747647671252:,1747647682355
counter/2/0/0/0,26014:1747647671253:,1747647682355
counter/2/0/0/0,26015:1747647671253:,1747647682355
counter/2/0/0/0,26016:1747647671253:,1747647682355
counter/2/0/0/0,26017:1747647671254:,1747647682355
counter/2/0/0/0,26018:1747647671255:,1747647682355
counter/2/0/0/0,26019:1747647671256:,1747647682355
counter/2/0/0/0,26020:1747647671256:,1747647682355
counter/2/0/0/0,26021:1747647671256:,1747647682355
counter/2/0/0/0,26022:1747647671256:,1747647682355
counter/2/0/0/0,26023:1747647671256:,1747647682355
counter/2/0/0/0,26024:1747647671256:,1747647682355
counter/2/0/0/0,26025:1747647671256:,1747647682355
counter/2/0/0/0,26026:1747647671257:,1747647682355
counter/2/0/0/0,26027:1747647671257:,1747647682355
counter/2/0/0/0,26028:1747647671257:,1747647682355
counter/2/0/0/0,26029:1747647671257:,1747647682356
counter/2/0/0/0,26030:1747647671259:,1747647682356
counter/2/0/0/0,26031:1747647671259:,1747647682356
counter/2/0/0/0,26032:1747647671259:,1747647682356
counter/2/0/0/0,26033:1747647671259:,1747647682356
counter/2/0/0/0,26034:1747647671259:,1747647682356
counter/2/0/0/0,26035:1747647671259:,1747647682356
counter/2/0/0/0,26036:1747647671259:,1747647682356
counter/2/0/0/0,26037:1747647671259:,1747647682356
counter/4/0/0/0,20187:1747647667300:,1747647682356
counter/2/0/0/0,26038:1747647671259:,1747647682356
counter/2/0/0/0,26039:1747647671259:,1747647682356
counter/2/0/0/0,26040:1747647671259:,1747647682356
counter/2/0/0/0,26041:1747647671259:,1747647682356
counter/2/0/0/0,26042:1747647671259:,1747647682356
counter/2/0/0/0,26043:1747647671259:,1747647682356
counter/2/0/0/0,26044:1747647671259:,1747647682356
counter/2/0/0/0,26045:1747647671260:,1747647682356
counter/2/0/0/0,26046:1747647671260:,1747647682356
counter/2/0/0/0,26047:1747647671260:,1747647682356
counter/2/0/0/0,26048:1747647671261:,1747647682356
counter/2/0/0/0,26049:1747647671262:,1747647682356
counter/3/0/0/0,21590:1747647668017:,1747647682356
counter/2/0/0/0,26050:1747647671262:,1747647682356
counter/2/0/0/0,26051:1747647671262:,1747647682356
counter/2/0/0/0,26052:1747647671263:,1747647682356
counter/2/0/0/0,26053:1747647671263:,1747647682356
counter/2/0/0/0,26054:1747647671263:,1747647682356
counter/2/0/0/0,26055:1747647671263:,1747647682356
counter/2/0/0/0,26056:1747647671276:,1747647682356
counter/2/0/0/0,26057:1747647671282:,1747647682356
counter/2/0/0/0,26058:1747647671282:,1747647682356
counter/2/0/0/0,26059:1747647671282:,1747647682356
counter/2/0/0/0,26060:1747647671282:,1747647682356
counter/2/0/0/0,26061:1747647671282:,1747647682356
counter/2/0/0/0,26062:1747647671283:,1747647682356
counter/2/0/0/0,26063:1747647671283:,1747647682356
counter/2/0/0/0,26064:1747647671283:,1747647682356
counter/2/0/0/0,26065:1747647671283:,1747647682356
counter/2/0/0/0,26066:1747647671283:,1747647682356
counter/2/0/0/0,26067:1747647671283:,1747647682356
counter/2/0/0/0,26068:1747647671283:,1747647682357
counter/2/0/0/0,26069:1747647671283:,1747647682357
counter/2/0/0/0,26070:1747647671286:,1747647682357
counter/2/0/0/0,26071:1747647671287:,1747647682357
counter/2/0/0/0,26072:1747647671287:,1747647682357
counter/2/0/0/0,26073:1747647671287:,1747647682357
counter/2/0/0/0,26074:1747647671287:,1747647682357
counter/2/0/0/0,26075:1747647671287:,1747647682357
counter/2/0/0/0,26076:1747647671287:,1747647682357
counter/2/0/0/0,26077:1747647671287:,1747647682357
counter/1/0/0/0,21493:1747647667846:,1747647682357
counter/2/0/0/0,26078:1747647671287:,1747647682357
counter/1/0/0/0,21494:1747647667846:,1747647682357
counter/6/0/0/0,21775:1747647668146:,1747647682357
counter/2/0/0/0,26079:1747647671289:,1747647682357
counter/1/0/0/0,21495:1747647667846:,1747647682357
counter/2/0/0/0,26080:1747647671289:,1747647682357
counter/2/0/0/0,26081:1747647671289:,1747647682357
counter/2/0/0/0,26082:1747647671289:,1747647682357
counter/2/0/0/0,26083:1747647671289:,1747647682357
counter/2/0/0/0,26084:1747647671289:,1747647682357
counter/2/0/0/0,26085:1747647671289:,1747647682357
counter/2/0/0/0,26086:1747647671289:,1747647682357
counter/2/0/0/0,26087:1747647671289:,1747647682357
counter/2/0/0/0,26088:1747647671299:,1747647682357
counter/2/0/0/0,26089:1747647671299:,1747647682357
counter/2/0/0/0,26090:1747647671299:,1747647682357
counter/2/0/0/0,26091:1747647671299:,1747647682357
counter/2/0/0/0,26092:1747647671299:,1747647682357
counter/2/0/0/0,26093:1747647671299:,1747647682357
counter/2/0/0/0,26094:1747647671299:,1747647682357
counter/2/0/0/0,26095:1747647671299:,1747647682357
counter/2/0/0/0,26096:1747647671299:,1747647682357
counter/2/0/0/0,26097:1747647671299:,1747647682357
counter/2/0/0/0,26098:1747647671299:,1747647682357
counter/2/0/0/0,26099:1747647671299:,1747647682357
counter/2/0/0/0,26100:1747647671299:,1747647682357
counter/2/0/0/0,26101:1747647671299:,1747647682357
counter/2/0/0/0,26102:1747647671299:,1747647682357
counter/2/0/0/0,26103:1747647671299:,1747647682357
counter/2/0/0/0,26104:1747647671314:,1747647682357
counter/2/0/0/0,26105:1747647671314:,1747647682358
counter/2/0/0/0,26106:1747647671314:,1747647682358
counter/2/0/0/0,26107:1747647671315:,1747647682358
counter/2/0/0/0,26108:1747647671315:,1747647682358
counter/2/0/0/0,26109:1747647671315:,1747647682358
counter/2/0/0/0,26110:1747647671315:,1747647682358
counter/2/0/0/0,26111:1747647671315:,1747647682358
counter/2/0/0/0,26112:1747647671315:,1747647682358
counter/2/0/0/0,26113:1747647671315:,1747647682358
counter/2/0/0/0,26114:1747647671315:,1747647682358
counter/2/0/0/0,26115:1747647671315:,1747647682358
counter/2/0/0/0,26116:1747647671319:,1747647682358
counter/2/0/0/0,26117:1747647671319:,1747647682358
counter/2/0/0/0,26118:1747647671319:,1747647682358
counter/2/0/0/0,26119:1747647671319:,1747647682358
counter/2/0/0/0,26120:1747647671319:,1747647682358
counter/2/0/0/0,26121:1747647671319:,1747647682358
counter/2/0/0/0,26122:1747647671319:,1747647682358
counter/2/0/0/0,26123:1747647671319:,1747647682358
counter/2/0/0/0,26124:1747647671319:,1747647682358
counter/2/0/0/0,26125:1747647671319:,1747647682358
counter/2/0/0/0,26126:1747647671319:,1747647682358
counter/2/0/0/0,26127:1747647671320:,1747647682358
counter/2/0/0/0,26128:1747647671320:,1747647682358
counter/2/0/0/0,26129:1747647671320:,1747647682358
counter/2/0/0/0,26130:1747647671320:,1747647682358
counter/2/0/0/0,26131:1747647671320:,1747647682358
counter/2/0/0/0,26132:1747647671320:,1747647682358
counter/2/0/0/0,26133:1747647671320:,1747647682358
counter/2/0/0/0,26134:1747647671320:,1747647682358
counter/2/0/0/0,26135:1747647671320:,1747647682358
counter/2/0/0/0,26136:1747647671320:,1747647682358
counter/2/0/0/0,26137:1747647671320:,1747647682358
counter/4/0/0/0,20188:1747647667300:,1747647682358
counter/2/0/0/0,26138:1747647671320:,1747647682358
counter/2/0/0/0,26139:1747647671320:,1747647682358
counter/2/0/0/0,26140:1747647671320:,1747647682358
counter/2/0/0/0,26141:1747647671320:,1747647682358
counter/1/0/0/0,21496:1747647667846:,1747647682358
counter/2/0/0/0,26142:1747647671320:,1747647682359
counter/2/0/0/0,26143:1747647671320:,1747647682359
counter/2/0/0/0,26144:1747647671324:,1747647682359
counter/5/0/0/0,22607:1747647667914:,1747647682359
counter/2/0/0/0,26145:1747647671324:,1747647682359
counter/5/0/0/0,22608:1747647667914:,1747647682359
counter/3/0/0/0,21591:1747647668017:,1747647682359
counter/2/0/0/0,26146:1747647671324:,1747647682359
counter/5/0/0/0,22609:1747647667914:,1747647682359
counter/2/0/0/0,26147:1747647671324:,1747647682359
counter/5/0/0/0,22610:1747647667914:,1747647682359
counter/2/0/0/0,26148:1747647671324:,1747647682359
counter/5/0/0/0,22611:1747647667914:,1747647682359
counter/2/0/0/0,26149:1747647671324:,1747647682359
counter/2/0/0/0,26150:1747647671325:,1747647682359
counter/2/0/0/0,26151:1747647671325:,1747647682359
counter/2/0/0/0,26152:1747647671325:,1747647682359
counter/2/0/0/0,26153:1747647671325:,1747647682359
counter/2/0/0/0,26154:1747647671325:,1747647682359
counter/2/0/0/0,26155:1747647671325:,1747647682359
counter/2/0/0/0,26156:1747647671325:,1747647682359
counter/2/0/0/0,26157:1747647671325:,1747647682359
counter/2/0/0/0,26158:1747647671326:,1747647682359
counter/2/0/0/0,26159:1747647671326:,1747647682359
counter/2/0/0/0,26160:1747647671332:,1747647682359
counter/2/0/0/0,26161:1747647671332:,1747647682359
counter/2/0/0/0,26162:1747647671332:,1747647682359
counter/2/0/0/0,26163:1747647671332:,1747647682359
counter/2/0/0/0,26164:1747647671332:,1747647682359
counter/2/0/0/0,26165:1747647671332:,1747647682359
counter/2/0/0/0,26166:1747647671332:,1747647682359
counter/2/0/0/0,26167:1747647671332:,1747647682359
counter/2/0/0/0,26168:1747647671332:,1747647682359
counter/2/0/0/0,26169:1747647671332:,1747647682359
counter/2/0/0/0,26170:1747647671332:,1747647682359
counter/2/0/0/0,26171:1747647671332:,1747647682359
counter/2/0/0/0,26172:1747647671332:,1747647682359
counter/2/0/0/0,26173:1747647671333:,1747647682359
counter/2/0/0/0,26174:1747647671333:,1747647682359
counter/2/0/0/0,26175:1747647671333:,1747647682360
counter/2/0/0/0,26176:1747647671333:,1747647682360
counter/2/0/0/0,26177:1747647671333:,1747647682360
counter/2/0/0/0,26178:1747647671333:,1747647682360
counter/2/0/0/0,26179:1747647671333:,1747647682360
counter/2/0/0/0,26180:1747647671335:,1747647682360
counter/2/0/0/0,26181:1747647671335:,1747647682360
counter/2/0/0/0,26182:1747647671335:,1747647682360
counter/2/0/0/0,26183:1747647671338:,1747647682360
counter/2/0/0/0,26184:1747647671338:,1747647682360
counter/2/0/0/0,26185:1747647671338:,1747647682360
counter/2/0/0/0,26186:1747647671338:,1747647682360
counter/2/0/0/0,26187:1747647671340:,1747647682360
counter/2/0/0/0,26188:1747647671340:,1747647682360
counter/2/0/0/0,26189:1747647671340:,1747647682360
counter/2/0/0/0,26190:1747647671340:,1747647682360
counter/2/0/0/0,26191:1747647671340:,1747647682360
counter/2/0/0/0,26192:1747647671340:,1747647682360
counter/2/0/0/0,26193:1747647671340:,1747647682360
counter/2/0/0/0,26194:1747647671340:,1747647682360
counter/4/0/0/0,20189:1747647667300:,1747647682360
counter/2/0/0/0,26195:1747647671340:,1747647682360
counter/2/0/0/0,26196:1747647671340:,1747647682360
counter/2/0/0/0,26197:1747647671340:,1747647682360
counter/2/0/0/0,26198:1747647671340:,1747647682360
counter/2/0/0/0,26199:1747647671340:,1747647682360
counter/2/0/0/0,26200:1747647671340:,1747647682360
counter/2/0/0/0,26201:1747647671340:,1747647682360
counter/2/0/0/0,26202:1747647671346:,1747647682360
counter/2/0/0/0,26203:1747647671346:,1747647682360
counter/2/0/0/0,26204:1747647671346:,1747647682360
counter/2/0/0/0,26205:1747647671346:,1747647682360
counter/2/0/0/0,26206:1747647671346:,1747647682360
counter/2/0/0/0,26207:1747647671346:,1747647682360
counter/2/0/0/0,26208:1747647671346:,1747647682360
counter/2/0/0/0,26209:1747647671346:,1747647682360
counter/2/0/0/0,26210:1747647671346:,1747647682360
counter/2/0/0/0,26211:1747647671346:,1747647682361
counter/2/0/0/0,26212:1747647671346:,1747647682361
counter/2/0/0/0,26213:1747647671349:,1747647682361
counter/2/0/0/0,26214:1747647671349:,1747647682361
counter/2/0/0/0,26215:1747647671349:,1747647682361
counter/2/0/0/0,26216:1747647671349:,1747647682361
counter/2/0/0/0,26217:1747647671349:,1747647682361
counter/2/0/0/0,26218:1747647671350:,1747647682361
counter/2/0/0/0,26219:1747647671352:,1747647682361
counter/2/0/0/0,26220:1747647671352:,1747647682361
counter/2/0/0/0,26221:1747647671352:,1747647682361
counter/2/0/0/0,26222:1747647671352:,1747647682361
counter/2/0/0/0,26223:1747647671352:,1747647682361
counter/2/0/0/0,26224:1747647671352:,1747647682361
counter/2/0/0/0,26225:1747647671352:,1747647682361
counter/2/0/0/0,26226:1747647671352:,1747647682361
counter/2/0/0/0,26227:1747647671352:,1747647682361
counter/2/0/0/0,26228:1747647671352:,1747647682361
counter/2/0/0/0,26229:1747647671352:,1747647682361
counter/2/0/0/0,26230:1747647671352:,1747647682361
counter/2/0/0/0,26231:1747647671352:,1747647682361
counter/2/0/0/0,26232:1747647671352:,1747647682361
counter/2/0/0/0,26233:1747647671352:,1747647682361
counter/2/0/0/0,26234:1747647671352:,1747647682361
counter/2/0/0/0,26235:1747647671352:,1747647682361
counter/2/0/0/0,26236:1747647671352:,1747647682361
counter/2/0/0/0,26237:1747647671353:,1747647682361
counter/2/0/0/0,26238:1747647671353:,1747647682361
counter/2/0/0/0,26239:1747647671354:,1747647682361
counter/2/0/0/0,26240:1747647671354:,1747647682361
counter/2/0/0/0,26241:1747647671354:,1747647682361
counter/2/0/0/0,26242:1747647671354:,1747647682361
counter/2/0/0/0,26243:1747647671354:,1747647682361
counter/2/0/0/0,26244:1747647671354:,1747647682361
counter/2/0/0/0,26245:1747647671354:,1747647682361
counter/2/0/0/0,26246:1747647671354:,1747647682361
counter/2/0/0/0,26247:1747647671355:,1747647682361
counter/1/0/0/0,21497:1747647667846:,1747647682361
counter/2/0/0/0,26248:1747647671355:,1747647682361
counter/2/0/0/0,26249:1747647671355:,1747647682361
counter/2/0/0/0,26250:1747647671355:,1747647682361
counter/2/0/0/0,26251:1747647671355:,1747647682361
counter/2/0/0/0,26252:1747647671355:,1747647682362
counter/2/0/0/0,26253:1747647671355:,1747647682362
counter/2/0/0/0,26254:1747647671355:,1747647682362
counter/2/0/0/0,26255:1747647671355:,1747647682362
counter/2/0/0/0,26256:1747647671355:,1747647682362
counter/2/0/0/0,26257:1747647671355:,1747647682362
counter/2/0/0/0,26258:1747647671355:,1747647682362
counter/2/0/0/0,26259:1747647671356:,1747647682362
counter/2/0/0/0,26260:1747647671356:,1747647682362
counter/2/0/0/0,26261:1747647671356:,1747647682362
counter/2/0/0/0,26262:1747647671356:,1747647682362
counter/2/0/0/0,26263:1747647671356:,1747647682362
counter/2/0/0/0,26264:1747647671356:,1747647682362
counter/2/0/0/0,26265:1747647671356:,1747647682362
counter/2/0/0/0,26266:1747647671356:,1747647682362
counter/2/0/0/0,26267:1747647671356:,1747647682362
counter/2/0/0/0,26268:1747647671356:,1747647682362
counter/2/0/0/0,26269:1747647671356:,1747647682362
counter/2/0/0/0,26270:1747647671356:,1747647682362
counter/2/0/0/0,26271:1747647671356:,1747647682362
counter/2/0/0/0,26272:1747647671356:,1747647682362
counter/2/0/0/0,26273:1747647671356:,1747647682362
counter/1/0/0/0,21498:1747647667846:,1747647682362
counter/3/0/0/0,21592:1747647668017:,1747647682362
counter/9/0/0/0,26641:1747647670314:,1747647682362
counter/4/0/0/0,20190:1747647667300:,1747647682362
counter/5/0/0/0,22612:1747647667914:,1747647682362
counter/5/0/0/0,22613:1747647667914:,1747647682362
counter/6/0/0/0,21776:1747647668146:,1747647682362
counter/1/0/0/0,21499:1747647667852:,1747647682362
counter/9/0/0/0,26642:1747647670314:,1747647682362
counter/4/0/0/0,20191:1747647667309:,1747647682362
counter/1/0/0/0,21500:1747647667852:,1747647682362
counter/3/0/0/0,21593:1747647668017:,1747647682362
counter/5/0/0/0,22614:1747647667914:,1747647682362
counter/9/0/0/0,26643:1747647670314:,1747647682362
counter/6/0/0/0,21777:1747647668146:,1747647682362
counter/4/0/0/0,20192:1747647667309:,1747647682362
counter/4/0/0/0,20193:1747647667309:,1747647682362
counter/2/0/0/0,26274:1747647671356:,1747647682362
counter/6/0/0/0,21778:1747647668146:,1747647682362
counter/6/0/0/0,21779:1747647668146:,1747647682363
counter/6/0/0/0,21780:1747647668148:,1747647682363
counter/3/0/0/0,21594:1747647668017:,1747647682363
counter/4/0/0/0,20194:1747647667309:,1747647682363
counter/3/0/0/0,21595:1747647668017:,1747647682363
counter/9/0/0/0,26644:1747647670314:,1747647682363
counter/1/0/0/0,21501:1747647667852:,1747647682363
counter/2/0/0/0,26275:1747647671356:,1747647682363
counter/5/0/0/0,22615:1747647667914:,1747647682363
counter/4/0/0/0,20195:1747647667309:,1747647682363
counter/3/0/0/0,21596:1747647668017:,1747647682363
counter/9/0/0/0,26645:1747647670314:,1747647682363
counter/1/0/0/0,21502:1747647667852:,1747647682363
counter/2/0/0/0,26276:1747647671356:,1747647682363
counter/6/0/0/0,21781:1747647668148:,1747647682363
counter/4/0/0/0,20196:1747647667309:,1747647682363
counter/3/0/0/0,21597:1747647668017:,1747647682363
counter/9/0/0/0,26646:1747647670314:,1747647682363
counter/1/0/0/0,21503:1747647667852:,1747647682363
counter/1/0/0/0,21504:1747647667852:,1747647682363
counter/2/0/0/0,26277:1747647671356:,1747647682363
counter/1/0/0/0,21505:1747647667852:,1747647682363
counter/6/0/0/0,21782:1747647668148:,1747647682363
counter/5/0/0/0,22616:1747647667923:,1747647682363
counter/5/0/0/0,22617:1747647667926:,1747647682363
counter/4/0/0/0,20197:1747647667309:,1747647682363
counter/5/0/0/0,22618:1747647667932:,1747647682363
counter/5/0/0/0,22619:1747647667932:,1747647682363
counter/5/0/0/0,22620:1747647667932:,1747647682363
counter/5/0/0/0,22621:1747647667932:,1747647682363
counter/4/0/0/0,20198:1747647667309:,1747647682363
counter/5/0/0/0,22622:1747647667932:,1747647682363
counter/4/0/0/0,20199:1747647667309:,1747647682363
counter/5/0/0/0,22623:1747647667932:,1747647682363
counter/3/0/0/0,21598:1747647668017:,1747647682363
counter/5/0/0/0,22624:1747647667932:,1747647682363
counter/2/0/0/0,26278:1747647671357:,1747647682363
counter/6/0/0/0,21783:1747647668151:,1747647682364
counter/6/0/0/0,21784:1747647668151:,1747647682364
counter/6/0/0/0,21785:1747647668151:,1747647682364
counter/6/0/0/0,21786:1747647668155:,1747647682364
counter/6/0/0/0,21787:1747647668155:,1747647682364
counter/6/0/0/0,21788:1747647668155:,1747647682364
counter/6/0/0/0,21789:1747647668155:,1747647682364
counter/6/0/0/0,21790:1747647668155:,1747647682364
counter/6/0/0/0,21791:1747647668155:,1747647682364
counter/6/0/0/0,21792:1747647668155:,1747647682364
counter/6/0/0/0,21793:1747647668156:,1747647682364
counter/6/0/0/0,21794:1747647668156:,1747647682364
counter/6/0/0/0,21795:1747647668156:,1747647682364
counter/6/0/0/0,21796:1747647668156:,1747647682364
counter/2/0/0/0,26279:1747647671357:,1747647682364
counter/6/0/0/0,21797:1747647668156:,1747647682364
counter/6/0/0/0,21798:1747647668156:,1747647682364
counter/6/0/0/0,21799:1747647668156:,1747647682364
counter/1/0/0/0,21506:1747647667855:,1747647682364
counter/3/0/0/0,21599:1747647668017:,1747647682364
counter/6/0/0/0,21800:1747647668156:,1747647682364
counter/4/0/0/0,20200:1747647667309:,1747647682364
counter/1/0/0/0,21507:1747647667855:,1747647682364
counter/2/0/0/0,26280:1747647671357:,1747647682364
counter/4/0/0/0,20201:1747647667309:,1747647682364
counter/9/0/0/0,26647:1747647670314:,1747647682364
counter/5/0/0/0,22625:1747647667937:,1747647682364
counter/5/0/0/0,22626:1747647667937:,1747647682364
counter/5/0/0/0,22627:1747647667937:,1747647682364
counter/6/0/0/0,21801:1747647668156:,1747647682364
counter/3/0/0/0,21600:1747647668018:,1747647682364
counter/3/0/0/0,21601:1747647668018:,1747647682364
counter/4/0/0/0,20202:1747647667309:,1747647682364
counter/3/0/0/0,21602:1747647668018:,1747647682364
counter/9/0/0/0,26648:1747647670314:,1747647682364
counter/3/0/0/0,21603:1747647668018:,1747647682364
counter/5/0/0/0,22628:1747647667940:,1747647682364
counter/5/0/0/0,22629:1747647667941:,1747647682364
counter/5/0/0/0,22630:1747647667941:,1747647682364
counter/5/0/0/0,22631:1747647667941:,1747647682364
counter/5/0/0/0,22632:1747647667941:,1747647682365
counter/5/0/0/0,22633:1747647667941:,1747647682365
counter/5/0/0/0,22634:1747647667941:,1747647682365
counter/3/0/0/0,21604:1747647668018:,1747647682365
counter/4/0/0/0,20203:1747647667309:,1747647682365
counter/2/0/0/0,26281:1747647671357:,1747647682365
counter/1/0/0/0,21508:1747647667855:,1747647682365
counter/1/0/0/0,21509:1747647667858:,1747647682365
counter/1/0/0/0,21510:1747647667858:,1747647682365
counter/1/0/0/0,21511:1747647667858:,1747647682365
counter/3/0/0/0,21605:1747647668018:,1747647682365
counter/4/0/0/0,20204:1747647667309:,1747647682365
counter/5/0/0/0,22635:1747647667941:,1747647682365
counter/9/0/0/0,26649:1747647670314:,1747647682365
counter/5/0/0/0,22636:1747647667941:,1747647682365
counter/5/0/0/0,22637:1747647667941:,1747647682365
counter/5/0/0/0,22638:1747647667941:,1747647682365
counter/5/0/0/0,22639:1747647667941:,1747647682365
counter/5/0/0/0,22640:1747647667952:,1747647682365
counter/4/0/0/0,20205:1747647667309:,1747647682365
counter/5/0/0/0,22641:1747647667952:,1747647682365
counter/4/0/0/0,20206:1747647667309:,1747647682365
counter/4/0/0/0,20207:1747647667309:,1747647682365
counter/4/0/0/0,20208:1747647667309:,1747647682365
counter/4/0/0/0,20209:1747647667309:,1747647682365
counter/4/0/0/0,20210:1747647667315:,1747647682365
counter/4/0/0/0,20211:1747647667315:,1747647682365
counter/4/0/0/0,20212:1747647667315:,1747647682365
counter/4/0/0/0,20213:1747647667315:,1747647682365
counter/4/0/0/0,20214:1747647667315:,1747647682365
counter/3/0/0/0,21606:1747647668018:,1747647682365
counter/4/0/0/0,20215:1747647667315:,1747647682365
counter/3/0/0/0,21607:1747647668018:,1747647682365
counter/2/0/0/0,26282:1747647671357:,1747647682365
counter/5/0/0/0,22642:1747647667952:,1747647682365
counter/5/0/0/0,22643:1747647667952:,1747647682365
counter/5/0/0/0,22644:1747647667952:,1747647682365
counter/1/0/0/0,21512:1747647667858:,1747647682366
counter/5/0/0/0,22645:1747647667952:,1747647682366
counter/4/0/0/0,20216:1747647667315:,1747647682366
counter/5/0/0/0,22646:1747647667952:,1747647682366
counter/4/0/0/0,20217:1747647667315:,1747647682366
counter/4/0/0/0,20218:1747647667316:,1747647682366
counter/4/0/0/0,20219:1747647667316:,1747647682366
counter/4/0/0/0,20220:1747647667316:,1747647682366
counter/4/0/0/0,20221:1747647667316:,1747647682366
counter/4/0/0/0,20222:1747647667324:,1747647682366
counter/4/0/0/0,20223:1747647667324:,1747647682366
counter/4/0/0/0,20224:1747647667336:,1747647682366
counter/4/0/0/0,20225:1747647667336:,1747647682366
counter/4/0/0/0,20226:1747647667336:,1747647682366
counter/4/0/0/0,20227:1747647667336:,1747647682366
counter/4/0/0/0,20228:1747647667337:,1747647682366
counter/4/0/0/0,20229:1747647667337:,1747647682366
counter/4/0/0/0,20230:1747647667337:,1747647682366
counter/4/0/0/0,20231:1747647667337:,1747647682366
counter/4/0/0/0,20232:1747647667337:,1747647682366
counter/4/0/0/0,20233:1747647667337:,1747647682366
counter/4/0/0/0,20234:1747647667337:,1747647682366
counter/4/0/0/0,20235:1747647667362:,1747647682366
counter/4/0/0/0,20236:1747647667362:,1747647682366
counter/4/0/0/0,20237:1747647667362:,1747647682366
counter/5/0/0/0,22647:1747647667952:,1747647682366
counter/4/0/0/0,20238:1747647667362:,1747647682366
counter/4/0/0/0,20239:1747647667362:,1747647682366
counter/4/0/0/0,20240:1747647667362:,1747647682366
counter/2/0/0/0,26283:1747647671357:,1747647682366
counter/4/0/0/0,20241:1747647667362:,1747647682366
counter/4/0/0/0,20242:1747647667362:,1747647682366
counter/3/0/0/0,21608:1747647668018:,1747647682366
counter/9/0/0/0,26650:1747647670314:,1747647682366
counter/3/0/0/0,21609:1747647668029:,1747647682366
counter/1/0/0/0,21513:1747647667858:,1747647682366
counter/5/0/0/0,22648:1747647667956:,1747647682366
counter/5/0/0/0,22649:1747647667957:,1747647682367
counter/5/0/0/0,22650:1747647667957:,1747647682367
counter/5/0/0/0,22651:1747647667962:,1747647682367
counter/5/0/0/0,22652:1747647667962:,1747647682367
counter/5/0/0/0,22653:1747647667962:,1747647682367
counter/5/0/0/0,22654:1747647667972:,1747647682367
counter/5/0/0/0,22655:1747647667972:,1747647682367
counter/5/0/0/0,22656:1747647667972:,1747647682367
counter/5/0/0/0,22657:1747647667972:,1747647682367
counter/5/0/0/0,22658:1747647667972:,1747647682367
counter/5/0/0/0,22659:1747647667973:,1747647682367
counter/5/0/0/0,22660:1747647667973:,1747647682367
counter/5/0/0/0,22661:1747647667973:,1747647682367
counter/5/0/0/0,22662:1747647667973:,1747647682367
counter/5/0/0/0,22663:1747647667973:,1747647682367
counter/5/0/0/0,22664:1747647667973:,1747647682367
counter/5/0/0/0,22665:1747647667974:,1747647682367
counter/5/0/0/0,22666:1747647667974:,1747647682367
counter/5/0/0/0,22667:1747647667974:,1747647682367
counter/5/0/0/0,22668:1747647667974:,1747647682367
counter/5/0/0/0,22669:1747647667974:,1747647682367
counter/5/0/0/0,22670:1747647667974:,1747647682367
counter/5/0/0/0,22671:1747647667974:,1747647682367
counter/5/0/0/0,22672:1747647667979:,1747647682367
counter/5/0/0/0,22673:1747647667979:,1747647682367
counter/5/0/0/0,22674:1747647667979:,1747647682367
counter/3/0/0/0,21610:1747647668036:,1747647682367
counter/5/0/0/0,22675:1747647667979:,1747647682367
counter/4/0/0/0,20243:1747647667372:,1747647682367
counter/5/0/0/0,22676:1747647667979:,1747647682367
counter/3/0/0/0,21611:1747647668036:,1747647682367
counter/1/0/0/0,21514:1747647667864:,1747647682367
counter/3/0/0/0,21612:1747647668036:,1747647682367
counter/2/0/0/0,26284:1747647671357:,1747647682367
counter/6/0/0/0,21802:1747647668156:,1747647682367
counter/3/0/0/0,21613:1747647668036:,1747647682367
counter/9/0/0/0,26651:1747647670314:,1747647682367
counter/4/0/0/0,20244:1747647667372:,1747647682367
counter/4/0/0/0,20245:1747647667372:,1747647682367
counter/2/0/0/0,26285:1747647671357:,1747647682367
counter/4/0/0/0,20246:1747647667372:,1747647682368
counter/6/0/0/0,21803:1747647668156:,1747647682368
counter/1/0/0/0,21515:1747647667864:,1747647682368
counter/9/0/0/0,26652:1747647670314:,1747647682368
counter/1/0/0/0,21516:1747647667864:,1747647682368
counter/3/0/0/0,21614:1747647668036:,1747647682368
counter/1/0/0/0,21517:1747647667864:,1747647682368
counter/3/0/0/0,21615:1747647668036:,1747647682368
counter/3/0/0/0,21616:1747647668036:,1747647682368
counter/6/0/0/0,21804:1747647668157:,1747647682368
counter/3/0/0/0,21617:1747647668036:,1747647682368
counter/9/0/0/0,26653:1747647670314:,1747647682368
counter/5/0/0/0,22677:1747647667979:,1747647682368
counter/3/0/0/0,21618:1747647668039:,1747647682368
counter/1/0/0/0,21518:1747647667864:,1747647682368
counter/9/0/0/0,26654:1747647670314:,1747647682368
counter/4/0/0/0,20247:1747647667372:,1747647682368
counter/4/0/0/0,20248:1747647667372:,1747647682368
counter/4/0/0/0,20249:1747647667372:,1747647682368
counter/4/0/0/0,20250:1747647667372:,1747647682368
counter/3/0/0/0,21619:1747647668039:,1747647682368
counter/5/0/0/0,22678:1747647667979:,1747647682368
counter/2/0/0/0,26286:1747647671357:,1747647682368
counter/6/0/0/0,21805:1747647668157:,1747647682368
counter/4/0/0/0,20251:1747647667372:,1747647682368
counter/4/0/0/0,20252:1747647667372:,1747647682368
counter/3/0/0/0,21620:1747647668040:,1747647682368
counter/2/0/0/0,26287:1747647671357:,1747647682368
counter/1/0/0/0,21519:1747647667864:,1747647682368
counter/9/0/0/0,26655:1747647670314:,1747647682368
counter/4/0/0/0,20253:1747647667372:,1747647682368
counter/3/0/0/0,21621:1747647668040:,1747647682368
counter/4/0/0/0,20254:1747647667381:,1747647682368
counter/1/0/0/0,21520:1747647667864:,1747647682368
counter/4/0/0/0,20255:1747647667381:,1747647682368
counter/9/0/0/0,26656:1747647670314:,1747647682368
counter/6/0/0/0,21806:1747647668158:,1747647682368
counter/2/0/0/0,26288:1747647671359:,1747647682368
counter/5/0/0/0,22679:1747647667979:,1747647682369
counter/5/0/0/0,22680:1747647667979:,1747647682369
counter/4/0/0/0,20256:1747647667381:,1747647682369
counter/4/0/0/0,20257:1747647667381:,1747647682369
counter/2/0/0/0,26289:1747647671359:,1747647682369
counter/2/0/0/0,26290:1747647671359:,1747647682369
counter/4/0/0/0,20258:1747647667381:,1747647682369
counter/4/0/0/0,20259:1747647667381:,1747647682369
counter/4/0/0/0,20260:1747647667381:,1747647682369
counter/4/0/0/0,20261:1747647667381:,1747647682369
counter/4/0/0/0,20262:1747647667381:,1747647682369
counter/4/0/0/0,20263:1747647667381:,1747647682369
counter/4/0/0/0,20264:1747647667381:,1747647682369
counter/4/0/0/0,20265:1747647667381:,1747647682369
counter/4/0/0/0,20266:1747647667381:,1747647682369
counter/1/0/0/0,21521:1747647667866:,1747647682369
counter/4/0/0/0,20267:1747647667390:,1747647682369
counter/4/0/0/0,20268:1747647667390:,1747647682369
counter/3/0/0/0,21622:1747647668040:,1747647682369
counter/4/0/0/0,20269:1747647667390:,1747647682369
counter/9/0/0/0,26657:1747647670314:,1747647682369
counter/3/0/0/0,21623:1747647668040:,1747647682369
counter/5/0/0/0,22681:1747647667979:,1747647682369
counter/2/0/0/0,26291:1747647671359:,1747647682369
counter/1/0/0/0,21522:1747647667866:,1747647682369
counter/1/0/0/0,21523:1747647667866:,1747647682369
counter/9/0/0/0,26658:1747647670318:,1747647682369
counter/1/0/0/0,21524:1747647667866:,1747647682369
counter/2/0/0/0,26292:1747647671359:,1747647682369
counter/9/0/0/0,26659:1747647670319:,1747647682369
counter/1/0/0/0,21525:1747647667866:,1747647682369
counter/6/0/0/0,21807:1747647668158:,1747647682369
counter/2/0/0/0,26293:1747647671365:,1747647682369
counter/5/0/0/0,22682:1747647667979:,1747647682369
counter/3/0/0/0,21624:1747647668040:,1747647682369
counter/4/0/0/0,20270:1747647667390:,1747647682369
counter/5/0/0/0,22683:1747647667979:,1747647682369
counter/3/0/0/0,21625:1747647668040:,1747647682369
counter/1/0/0/0,21526:1747647667873:,1747647682370
counter/3/0/0/0,21626:1747647668042:,1747647682370
counter/9/0/0/0,26660:1747647670319:,1747647682370
counter/4/0/0/0,20271:1747647667390:,1747647682370
counter/5/0/0/0,22684:1747647667979:,1747647682370
counter/6/0/0/0,21808:1747647668158:,1747647682370
counter/5/0/0/0,22685:1747647667979:,1747647682370
counter/5/0/0/0,22686:1747647667979:,1747647682370
counter/5/0/0/0,22687:1747647667979:,1747647682370
counter/5/0/0/0,22688:1747647667985:,1747647682370
counter/5/0/0/0,22689:1747647668002:,1747647682370
counter/5/0/0/0,22690:1747647668002:,1747647682370
counter/5/0/0/0,22691:1747647668002:,1747647682370
counter/5/0/0/0,22692:1747647668002:,1747647682370
counter/5/0/0/0,22693:1747647668002:,1747647682370
counter/5/0/0/0,22694:1747647668002:,1747647682370
counter/5/0/0/0,22695:1747647668002:,1747647682370
counter/5/0/0/0,22696:1747647668002:,1747647682370
counter/5/0/0/0,22697:1747647668002:,1747647682370
counter/5/0/0/0,22698:1747647668005:,1747647682370
counter/5/0/0/0,22699:1747647668005:,1747647682370
counter/5/0/0/0,22700:1747647668005:,1747647682370
counter/5/0/0/0,22701:1747647668005:,1747647682370
counter/5/0/0/0,22702:1747647668005:,1747647682370
counter/5/0/0/0,22703:1747647668005:,1747647682370
counter/5/0/0/0,22704:1747647668005:,1747647682370
counter/1/0/0/0,21527:1747647667873:,1747647682370
counter/5/0/0/0,22705:1747647668005:,1747647682370
counter/5/0/0/0,22706:1747647668005:,1747647682370
counter/5/0/0/0,22707:1747647668005:,1747647682370
counter/5/0/0/0,22708:1747647668005:,1747647682370
counter/1/0/0/0,21528:1747647667873:,1747647682370
counter/2/0/0/0,26294:1747647671365:,1747647682370
counter/2/0/0/0,26295:1747647671365:,1747647682370
counter/4/0/0/0,20272:1747647667390:,1747647682370
counter/1/0/0/0,21529:1747647667874:,1747647682370
counter/3/0/0/0,21627:1747647668042:,1747647682370
counter/4/0/0/0,20273:1747647667390:,1747647682370
counter/9/0/0/0,26661:1747647670319:,1747647682370
counter/5/0/0/0,22709:1747647668005:,1747647682370
counter/4/0/0/0,20274:1747647667390:,1747647682370
counter/9/0/0/0,26662:1747647670319:,1747647682371
counter/4/0/0/0,20275:1747647667390:,1747647682371
counter/5/0/0/0,22710:1747647668005:,1747647682371
counter/3/0/0/0,21628:1747647668042:,1747647682371
counter/4/0/0/0,20276:1747647667392:,1747647682371
counter/2/0/0/0,26296:1747647671365:,1747647682371
counter/1/0/0/0,21530:1747647667874:,1747647682371
counter/6/0/0/0,21809:1747647668158:,1747647682371
counter/3/0/0/0,21629:1747647668042:,1747647682371
counter/4/0/0/0,20277:1747647667392:,1747647682371
counter/9/0/0/0,26663:1747647670327:,1747647682371
counter/1/0/0/0,21531:1747647667874:,1747647682371
counter/2/0/0/0,26297:1747647671366:,1747647682371
counter/6/0/0/0,21810:1747647668158:,1747647682371
counter/4/0/0/0,20278:1747647667392:,1747647682371
counter/3/0/0/0,21630:1747647668051:,1747647682371
counter/9/0/0/0,26664:1747647670327:,1747647682371
counter/5/0/0/0,22711:1747647668005:,1747647682371
counter/6/0/0/0,21811:1747647668158:,1747647682371
counter/6/0/0/0,21812:1747647668158:,1747647682371
counter/2/0/0/0,26298:1747647671366:,1747647682371
counter/6/0/0/0,21813:1747647668158:,1747647682371
counter/6/0/0/0,21814:1747647668158:,1747647682371
counter/3/0/0/0,21631:1747647668051:,1747647682371
counter/5/0/0/0,22712:1747647668005:,1747647682371
counter/5/0/0/0,22713:1747647668005:,1747647682371
counter/6/0/0/0,21815:1747647668158:,1747647682371
counter/5/0/0/0,22714:1747647668005:,1747647682371
counter/6/0/0/0,21816:1747647668158:,1747647682371
counter/6/0/0/0,21817:1747647668171:,1747647682371
counter/6/0/0/0,21818:1747647668171:,1747647682371
counter/6/0/0/0,21819:1747647668171:,1747647682371
counter/6/0/0/0,21820:1747647668171:,1747647682371
counter/6/0/0/0,21821:1747647668171:,1747647682371
counter/6/0/0/0,21822:1747647668171:,1747647682371
counter/6/0/0/0,21823:1747647668171:,1747647682371
counter/6/0/0/0,21824:1747647668171:,1747647682371
counter/6/0/0/0,21825:1747647668171:,1747647682371
counter/1/0/0/0,21532:1747647667874:,1747647682371
counter/6/0/0/0,21826:1747647668180:,1747647682372
counter/9/0/0/0,26665:1747647670328:,1747647682372
counter/1/0/0/0,21533:1747647667874:,1747647682372
counter/3/0/0/0,21632:1747647668051:,1747647682372
counter/5/0/0/0,22715:1747647668005:,1747647682372
counter/1/0/0/0,21534:1747647667874:,1747647682372
counter/1/0/0/0,21535:1747647667874:,1747647682372
counter/1/0/0/0,21536:1747647667874:,1747647682372
counter/1/0/0/0,21537:1747647667874:,1747647682372
counter/1/0/0/0,21538:1747647667875:,1747647682372
counter/1/0/0/0,21539:1747647667875:,1747647682372
counter/1/0/0/0,21540:1747647667875:,1747647682372
counter/1/0/0/0,21541:1747647667875:,1747647682372
counter/1/0/0/0,21542:1747647667875:,1747647682372
counter/1/0/0/0,21543:1747647667876:,1747647682372
counter/9/0/0/0,26666:1747647670328:,1747647682372
counter/1/0/0/0,21544:1747647667876:,1747647682372
counter/3/0/0/0,21633:1747647668051:,1747647682372
counter/1/0/0/0,21545:1747647667876:,1747647682372
counter/2/0/0/0,26299:1747647671369:,1747647682372
counter/1/0/0/0,21546:1747647667876:,1747647682372
counter/6/0/0/0,21827:1747647668180:,1747647682372
counter/1/0/0/0,21547:1747647667877:,1747647682372
counter/5/0/0/0,22716:1747647668005:,1747647682372
counter/1/0/0/0,21548:1747647667877:,1747647682372
counter/5/0/0/0,22717:1747647668006:,1747647682372
counter/1/0/0/0,21549:1747647667877:,1747647682372
counter/5/0/0/0,22718:1747647668006:,1747647682372
counter/5/0/0/0,22719:1747647668006:,1747647682372
counter/5/0/0/0,22720:1747647668006:,1747647682372
counter/9/0/0/0,26667:1747647670328:,1747647682372
counter/5/0/0/0,22721:1747647668006:,1747647682372
counter/9/0/0/0,26668:1747647670328:,1747647682372
counter/5/0/0/0,22722:1747647668006:,1747647682372
counter/9/0/0/0,26669:1747647670328:,1747647682372
counter/9/0/0/0,26670:1747647670334:,1747647682372
counter/9/0/0/0,26671:1747647670334:,1747647682372
counter/9/0/0/0,26672:1747647670334:,1747647682372
counter/9/0/0/0,26673:1747647670334:,1747647682372
counter/9/0/0/0,26674:1747647670335:,1747647682372
counter/9/0/0/0,26675:1747647670335:,1747647682373
counter/9/0/0/0,26676:1747647670335:,1747647682373
counter/9/0/0/0,26677:1747647670335:,1747647682373
counter/3/0/0/0,21634:1747647668051:,1747647682373
counter/5/0/0/0,22723:1747647668006:,1747647682373
counter/9/0/0/0,26678:1747647670335:,1747647682373
counter/9/0/0/0,26679:1747647670335:,1747647682373
counter/9/0/0/0,26680:1747647670335:,1747647682373
counter/9/0/0/0,26681:1747647670335:,1747647682373
counter/9/0/0/0,26682:1747647670335:,1747647682373
counter/9/0/0/0,26683:1747647670335:,1747647682373
counter/9/0/0/0,26684:1747647670335:,1747647682373
counter/9/0/0/0,26685:1747647670335:,1747647682373
counter/9/0/0/0,26686:1747647670335:,1747647682373
counter/9/0/0/0,26687:1747647670335:,1747647682373
counter/1/0/0/0,21550:1747647667877:,1747647682373
counter/1/0/0/0,21551:1747647667877:,1747647682373
counter/1/0/0/0,21552:1747647667877:,1747647682373
counter/6/0/0/0,21828:1747647668180:,1747647682373
counter/6/0/0/0,21829:1747647668180:,1747647682373
counter/9/0/0/0,26688:1747647670335:,1747647682373
counter/6/0/0/0,21830:1747647668180:,1747647682373
counter/6/0/0/0,21831:1747647668180:,1747647682373
counter/6/0/0/0,21832:1747647668181:,1747647682373
counter/6/0/0/0,21833:1747647668181:,1747647682373
counter/4/0/0/0,20279:1747647667392:,1747647682373
counter/6/0/0/0,21834:1747647668182:,1747647682373
counter/3/0/0/0,21635:1747647668051:,1747647682373
counter/9/0/0/0,26689:1747647670335:,1747647682373
counter/6/0/0/0,21835:1747647668182:,1747647682373
counter/9/0/0/0,26690:1747647670335:,1747647682373
counter/6/0/0/0,21836:1747647668182:,1747647682373
counter/9/0/0/0,26691:1747647670335:,1747647682373
counter/1/0/0/0,21553:1747647667877:,1747647682373
counter/6/0/0/0,21837:1747647668182:,1747647682373
counter/9/0/0/0,26692:1747647670335:,1747647682373
counter/4/0/0/0,20280:1747647667392:,1747647682373
counter/9/0/0/0,26693:1747647670335:,1747647682373
counter/3/0/0/0,21636:1747647668051:,1747647682374
counter/1/0/0/0,21554:1747647667877:,1747647682374
counter/9/0/0/0,26694:1747647670335:,1747647682374
counter/3/0/0/0,21637:1747647668051:,1747647682374
counter/2/0/0/0,26300:1747647671369:,1747647682374
counter/5/0/0/0,22724:1747647668006:,1747647682374
counter/5/0/0/0,22725:1747647668006:,1747647682374
counter/1/0/0/0,21555:1747647667877:,1747647682374
counter/3/0/0/0,21638:1747647668051:,1747647682374
counter/2/0/0/0,26301:1747647671369:,1747647682374
counter/4/0/0/0,20281:1747647667394:,1747647682374
counter/3/0/0/0,21639:1747647668051:,1747647682374
counter/5/0/0/0,22726:1747647668006:,1747647682374
counter/4/0/0/0,20282:1747647667394:,1747647682374
counter/4/0/0/0,20283:1747647667394:,1747647682374
counter/9/0/0/0,26695:1747647670335:,1747647682374
counter/4/0/0/0,20284:1747647667394:,1747647682374
counter/6/0/0/0,21838:1747647668182:,1747647682374
counter/4/0/0/0,20285:1747647667396:,1747647682374
counter/4/0/0/0,20286:1747647667396:,1747647682374
counter/4/0/0/0,20287:1747647667396:,1747647682374
counter/4/0/0/0,20288:1747647667396:,1747647682374
counter/4/0/0/0,20289:1747647667405:,1747647682374
counter/4/0/0/0,20290:1747647667405:,1747647682374
counter/4/0/0/0,20291:1747647667405:,1747647682374
counter/4/0/0/0,20292:1747647667405:,1747647682374
counter/4/0/0/0,20293:1747647667405:,1747647682374
counter/4/0/0/0,20294:1747647667405:,1747647682374
counter/4/0/0/0,20295:1747647667405:,1747647682374
counter/4/0/0/0,20296:1747647667405:,1747647682374
counter/4/0/0/0,20297:1747647667407:,1747647682374
counter/4/0/0/0,20298:1747647667407:,1747647682374
counter/4/0/0/0,20299:1747647667407:,1747647682374
counter/4/0/0/0,20300:1747647667407:,1747647682374
counter/4/0/0/0,20301:1747647667407:,1747647682374
counter/5/0/0/0,22727:1747647668006:,1747647682374
counter/4/0/0/0,20302:1747647667408:,1747647682374
counter/5/0/0/0,22728:1747647668006:,1747647682374
counter/4/0/0/0,20303:1747647667408:,1747647682374
counter/5/0/0/0,22729:1747647668006:,1747647682374
counter/4/0/0/0,20304:1747647667408:,1747647682374
counter/5/0/0/0,22730:1747647668006:,1747647682374
counter/4/0/0/0,20305:1747647667408:,1747647682374
counter/4/0/0/0,20306:1747647667412:,1747647682375
counter/4/0/0/0,20307:1747647667412:,1747647682375
counter/4/0/0/0,20308:1747647667412:,1747647682375
counter/4/0/0/0,20309:1747647667412:,1747647682375
counter/4/0/0/0,20310:1747647667412:,1747647682375
counter/4/0/0/0,20311:1747647667412:,1747647682375
counter/4/0/0/0,20312:1747647667412:,1747647682375
counter/4/0/0/0,20313:1747647667412:,1747647682375
counter/4/0/0/0,20314:1747647667412:,1747647682375
counter/4/0/0/0,20315:1747647667412:,1747647682375
counter/4/0/0/0,20316:1747647667412:,1747647682375
counter/4/0/0/0,20317:1747647667418:,1747647682375
counter/4/0/0/0,20318:1747647667418:,1747647682375
counter/1/0/0/0,21556:1747647667877:,1747647682375
counter/4/0/0/0,20319:1747647667418:,1747647682375
counter/5/0/0/0,22731:1747647668006:,1747647682375
counter/4/0/0/0,20320:1747647667418:,1747647682375
counter/4/0/0/0,20321:1747647667418:,1747647682375
counter/5/0/0/0,22732:1747647668012:,1747647682375
counter/3/0/0/0,21640:1747647668051:,1747647682375
counter/4/0/0/0,20322:1747647667422:,1747647682375
counter/4/0/0/0,20323:1747647667422:,1747647682375
counter/5/0/0/0,22733:1747647668012:,1747647682375
counter/1/0/0/0,21557:1747647667877:,1747647682375
counter/5/0/0/0,22734:1747647668012:,1747647682375
counter/9/0/0/0,26696:1747647670335:,1747647682375
counter/9/0/0/0,26697:1747647670336:,1747647682375
counter/9/0/0/0,26698:1747647670336:,1747647682375
counter/9/0/0/0,26699:1747647670336:,1747647682375
counter/9/0/0/0,26700:1747647670337:,1747647682375
counter/9/0/0/0,26701:1747647670337:,1747647682375
counter/9/0/0/0,26702:1747647670339:,1747647682375
counter/9/0/0/0,26703:1747647670339:,1747647682375
counter/9/0/0/0,26704:1747647670339:,1747647682375
counter/9/0/0/0,26705:1747647670339:,1747647682375
counter/9/0/0/0,26706:1747647670339:,1747647682375
counter/3/0/0/0,21641:1747647668051:,1747647682375
counter/3/0/0/0,21642:1747647668051:,1747647682375
counter/3/0/0/0,21643:1747647668051:,1747647682375
counter/3/0/0/0,21644:1747647668051:,1747647682375
counter/1/0/0/0,21558:1747647667877:,1747647682375
counter/3/0/0/0,21645:1747647668051:,1747647682376
counter/6/0/0/0,21839:1747647668192:,1747647682376
counter/5/0/0/0,22735:1747647668012:,1747647682376
counter/2/0/0/0,26302:1747647671369:,1747647682376
counter/4/0/0/0,20324:1747647667422:,1747647682376
counter/6/0/0/0,21840:1747647668192:,1747647682376
counter/9/0/0/0,26707:1747647670339:,1747647682376
counter/4/0/0/0,20325:1747647667422:,1747647682376
counter/9/0/0/0,26708:1747647670339:,1747647682376
counter/9/0/0/0,26709:1747647670339:,1747647682376
counter/9/0/0/0,26710:1747647670339:,1747647682376
counter/9/0/0/0,26711:1747647670339:,1747647682376
counter/9/0/0/0,26712:1747647670339:,1747647682376
counter/3/0/0/0,21646:1747647668051:,1747647682376
counter/9/0/0/0,26713:1747647670339:,1747647682376
counter/1/0/0/0,21559:1747647667884:,1747647682376
counter/1/0/0/0,21560:1747647667884:,1747647682376
counter/1/0/0/0,21561:1747647667884:,1747647682376
counter/1/0/0/0,21562:1747647667884:,1747647682376
counter/1/0/0/0,21563:1747647667884:,1747647682376
counter/1/0/0/0,21564:1747647667885:,1747647682376
counter/5/0/0/0,22736:1747647668012:,1747647682376
counter/4/0/0/0,20326:1747647667422:,1747647682376
counter/2/0/0/0,26303:1747647671369:,1747647682376
counter/3/0/0/0,21647:1747647668052:,1747647682376
counter/6/0/0/0,21841:1747647668192:,1747647682376
counter/9/0/0/0,26714:1747647670339:,1747647682376
counter/5/0/0/0,22737:1747647668013:,1747647682376
counter/5/0/0/0,22738:1747647668013:,1747647682376
counter/5/0/0/0,22739:1747647668017:,1747647682376
counter/3/0/0/0,21648:1747647668052:,1747647682376
counter/5/0/0/0,22740:1747647668018:,1747647682376
counter/6/0/0/0,21842:1747647668192:,1747647682376
counter/6/0/0/0,21843:1747647668192:,1747647682376
counter/6/0/0/0,21844:1747647668192:,1747647682376
counter/2/0/0/0,26304:1747647671369:,1747647682376
counter/6/0/0/0,21845:1747647668192:,1747647682376
counter/5/0/0/0,22741:1747647668020:,1747647682376
counter/6/0/0/0,21846:1747647668192:,1747647682376
counter/5/0/0/0,22742:1747647668020:,1747647682376
counter/6/0/0/0,21847:1747647668192:,1747647682376
counter/5/0/0/0,22743:1747647668027:,1747647682377
counter/5/0/0/0,22744:1747647668027:,1747647682377
counter/5/0/0/0,22745:1747647668027:,1747647682377
counter/5/0/0/0,22746:1747647668027:,1747647682377
counter/5/0/0/0,22747:1747647668027:,1747647682377
counter/5/0/0/0,22748:1747647668027:,1747647682377
counter/5/0/0/0,22749:1747647668029:,1747647682377
counter/5/0/0/0,22750:1747647668029:,1747647682377
counter/5/0/0/0,22751:1747647668029:,1747647682377
counter/5/0/0/0,22752:1747647668036:,1747647682377
counter/6/0/0/0,21848:1747647668204:,1747647682377
counter/9/0/0/0,26715:1747647670339:,1747647682377
counter/9/0/0/0,26716:1747647670339:,1747647682377
counter/9/0/0/0,26717:1747647670339:,1747647682377
counter/1/0/0/0,21565:1747647667885:,1747647682377
counter/5/0/0/0,22753:1747647668036:,1747647682377
counter/5/0/0/0,22754:1747647668036:,1747647682377
counter/5/0/0/0,22755:1747647668036:,1747647682377
counter/5/0/0/0,22756:1747647668036:,1747647682377
counter/6/0/0/0,21849:1747647668204:,1747647682377
counter/5/0/0/0,22757:1747647668036:,1747647682377
counter/4/0/0/0,20327:1747647667424:,1747647682377
counter/9/0/0/0,26718:1747647670339:,1747647682377
counter/9/0/0/0,26719:1747647670340:,1747647682377
counter/9/0/0/0,26720:1747647670340:,1747647682377
counter/9/0/0/0,26721:1747647670340:,1747647682377
counter/4/0/0/0,20328:1747647667424:,1747647682377
counter/9/0/0/0,26722:1747647670340:,1747647682377
counter/1/0/0/0,21566:1747647667885:,1747647682377
counter/3/0/0/0,21649:1747647668052:,1747647682377
counter/3/0/0/0,21650:1747647668053:,1747647682377
counter/4/0/0/0,20329:1747647667424:,1747647682377
counter/9/0/0/0,26723:1747647670345:,1747647682377
counter/1/0/0/0,21567:1747647667885:,1747647682377
counter/5/0/0/0,22758:1747647668037:,1747647682377
counter/2/0/0/0,26305:1747647671369:,1747647682377
counter/5/0/0/0,22759:1747647668037:,1747647682377
counter/9/0/0/0,26724:1747647670345:,1747647682377
counter/9/0/0/0,26725:1747647670345:,1747647682377
counter/9/0/0/0,26726:1747647670345:,1747647682377
counter/9/0/0/0,26727:1747647670345:,1747647682377
counter/9/0/0/0,26728:1747647670345:,1747647682377
counter/9/0/0/0,26729:1747647670346:,1747647682378
counter/9/0/0/0,26730:1747647670346:,1747647682378
counter/4/0/0/0,20330:1747647667424:,1747647682378
counter/5/0/0/0,22760:1747647668037:,1747647682378
counter/1/0/0/0,21568:1747647667885:,1747647682378
counter/6/0/0/0,21850:1747647668216:,1747647682378
counter/3/0/0/0,21651:1747647668053:,1747647682378
counter/9/0/0/0,26731:1747647670346:,1747647682378
counter/3/0/0/0,21652:1747647668053:,1747647682378
counter/4/0/0/0,20331:1747647667424:,1747647682378
counter/3/0/0/0,21653:1747647668053:,1747647682378
counter/5/0/0/0,22761:1747647668037:,1747647682378
counter/1/0/0/0,21569:1747647667885:,1747647682378
counter/6/0/0/0,21851:1747647668217:,1747647682378
counter/6/0/0/0,21852:1747647668217:,1747647682378
counter/6/0/0/0,21853:1747647668223:,1747647682378
counter/2/0/0/0,26306:1747647671369:,1747647682378
counter/1/0/0/0,21570:1747647667887:,1747647682378
counter/6/0/0/0,21854:1747647668223:,1747647682378
counter/4/0/0/0,20332:1747647667424:,1747647682378
counter/5/0/0/0,22762:1747647668037:,1747647682378
counter/1/0/0/0,21571:1747647667887:,1747647682378
counter/1/0/0/0,21572:1747647667887:,1747647682378
counter/1/0/0/0,21573:1747647667887:,1747647682378
counter/1/0/0/0,21574:1747647667887:,1747647682378
counter/1/0/0/0,21575:1747647667887:,1747647682378
counter/1/0/0/0,21576:1747647667887:,1747647682378
counter/1/0/0/0,21577:1747647667887:,1747647682378
counter/5/0/0/0,22763:1747647668037:,1747647682378
counter/1/0/0/0,21578:1747647667887:,1747647682378
counter/3/0/0/0,21654:1747647668053:,1747647682378
counter/9/0/0/0,26732:1747647670346:,1747647682378
counter/1/0/0/0,21579:1747647667887:,1747647682378
counter/6/0/0/0,21855:1747647668223:,1747647682378
counter/1/0/0/0,21580:1747647667887:,1747647682378
counter/1/0/0/0,21581:1747647667887:,1747647682378
counter/1/0/0/0,21582:1747647667887:,1747647682378
counter/1/0/0/0,21583:1747647667887:,1747647682379
counter/1/0/0/0,21584:1747647667887:,1747647682379
counter/1/0/0/0,21585:1747647667891:,1747647682379
counter/6/0/0/0,21856:1747647668223:,1747647682379
counter/1/0/0/0,21586:1747647667891:,1747647682379
counter/2/0/0/0,26307:1747647671369:,1747647682379
counter/1/0/0/0,21587:1747647667891:,1747647682379
counter/3/0/0/0,21655:1747647668053:,1747647682379
counter/5/0/0/0,22764:1747647668037:,1747647682379
counter/9/0/0/0,26733:1747647670346:,1747647682379
counter/5/0/0/0,22765:1747647668037:,1747647682379
counter/6/0/0/0,21857:1747647668223:,1747647682379
counter/5/0/0/0,22766:1747647668037:,1747647682379
counter/6/0/0/0,21858:1747647668223:,1747647682379
counter/5/0/0/0,22767:1747647668037:,1747647682379
counter/6/0/0/0,21859:1747647668223:,1747647682379
counter/6/0/0/0,21860:1747647668223:,1747647682379
counter/6/0/0/0,21861:1747647668223:,1747647682379
counter/6/0/0/0,21862:1747647668223:,1747647682379
counter/6/0/0/0,21863:1747647668224:,1747647682379
counter/6/0/0/0,21864:1747647668224:,1747647682379
counter/1/0/0/0,21588:1747647667891:,1747647682379
counter/6/0/0/0,21865:1747647668224:,1747647682379
counter/1/0/0/0,21589:1747647667891:,1747647682379
counter/6/0/0/0,21866:1747647668224:,1747647682379
counter/1/0/0/0,21590:1747647667891:,1747647682379
counter/6/0/0/0,21867:1747647668224:,1747647682379
counter/1/0/0/0,21591:1747647667891:,1747647682379
counter/6/0/0/0,21868:1747647668224:,1747647682379
counter/1/0/0/0,21592:1747647667891:,1747647682379
counter/6/0/0/0,21869:1747647668225:,1747647682379
counter/1/0/0/0,21593:1747647667891:,1747647682379
counter/6/0/0/0,21870:1747647668225:,1747647682379
counter/1/0/0/0,21594:1747647667891:,1747647682379
counter/6/0/0/0,21871:1747647668225:,1747647682379
counter/1/0/0/0,21595:1747647667891:,1747647682379
counter/6/0/0/0,21872:1747647668228:,1747647682379
counter/1/0/0/0,21596:1747647667891:,1747647682379
counter/6/0/0/0,21873:1747647668228:,1747647682379
counter/1/0/0/0,21597:1747647667891:,1747647682379
counter/6/0/0/0,21874:1747647668228:,1747647682379
counter/1/0/0/0,21598:1747647667891:,1747647682380
counter/6/0/0/0,21875:1747647668228:,1747647682380
counter/1/0/0/0,21599:1747647667904:,1747647682380
counter/6/0/0/0,21876:1747647668230:,1747647682380
counter/1/0/0/0,21600:1747647667904:,1747647682380
counter/6/0/0/0,21877:1747647668230:,1747647682380
counter/1/0/0/0,21601:1747647667904:,1747647682380
counter/6/0/0/0,21878:1747647668230:,1747647682380
counter/1/0/0/0,21602:1747647667906:,1747647682380
counter/6/0/0/0,21879:1747647668230:,1747647682380
counter/1/0/0/0,21603:1747647667907:,1747647682380
counter/1/0/0/0,21604:1747647667907:,1747647682380
counter/1/0/0/0,21605:1747647667907:,1747647682380
counter/1/0/0/0,21606:1747647667907:,1747647682380
counter/1/0/0/0,21607:1747647667907:,1747647682380
counter/1/0/0/0,21608:1747647667907:,1747647682380
counter/1/0/0/0,21609:1747647667907:,1747647682380
counter/1/0/0/0,21610:1747647667907:,1747647682380
counter/1/0/0/0,21611:1747647667911:,1747647682380
counter/1/0/0/0,21612:1747647667911:,1747647682380
counter/1/0/0/0,21613:1747647667911:,1747647682380
counter/1/0/0/0,21614:1747647667911:,1747647682380
counter/1/0/0/0,21615:1747647667918:,1747647682380
counter/1/0/0/0,21616:1747647667918:,1747647682380
counter/1/0/0/0,21617:1747647667918:,1747647682380
counter/1/0/0/0,21618:1747647667918:,1747647682380
counter/1/0/0/0,21619:1747647667918:,1747647682380
counter/3/0/0/0,21656:1747647668053:,1747647682380
counter/1/0/0/0,21620:1747647667925:,1747647682380
counter/1/0/0/0,21621:1747647667925:,1747647682380
counter/6/0/0/0,21880:1747647668230:,1747647682380
counter/1/0/0/0,21622:1747647667925:,1747647682380
counter/1/0/0/0,21623:1747647667925:,1747647682380
counter/1/0/0/0,21624:1747647667925:,1747647682380
counter/1/0/0/0,21625:1747647667925:,1747647682380
counter/1/0/0/0,21626:1747647667925:,1747647682380
counter/6/0/0/0,21881:1747647668230:,1747647682380
counter/1/0/0/0,21627:1747647667925:,1747647682380
counter/5/0/0/0,22768:1747647668037:,1747647682380
counter/1/0/0/0,21628:1747647667936:,1747647682381
counter/1/0/0/0,21629:1747647667936:,1747647682381
counter/1/0/0/0,21630:1747647667936:,1747647682381
counter/4/0/0/0,20333:1747647667424:,1747647682381
counter/1/0/0/0,21631:1747647667936:,1747647682381
counter/9/0/0/0,26734:1747647670346:,1747647682381
counter/6/0/0/0,21882:1747647668230:,1747647682381
counter/1/0/0/0,21632:1747647667936:,1747647682381
counter/9/0/0/0,26735:1747647670348:,1747647682381
counter/1/0/0/0,21633:1747647667936:,1747647682381
counter/9/0/0/0,26736:1747647670348:,1747647682381
counter/1/0/0/0,21634:1747647667936:,1747647682381
counter/9/0/0/0,26737:1747647670348:,1747647682381
counter/1/0/0/0,21635:1747647667936:,1747647682381
counter/9/0/0/0,26738:1747647670348:,1747647682381
counter/9/0/0/0,26739:1747647670348:,1747647682381
counter/9/0/0/0,26740:1747647670348:,1747647682381
counter/5/0/0/0,22769:1747647668037:,1747647682381
counter/9/0/0/0,26741:1747647670348:,1747647682381
counter/3/0/0/0,21657:1747647668053:,1747647682381
counter/2/0/0/0,26308:1747647671369:,1747647682381
counter/9/0/0/0,26742:1747647670348:,1747647682381
counter/4/0/0/0,20334:1747647667424:,1747647682381
counter/9/0/0/0,26743:1747647670348:,1747647682381
counter/4/0/0/0,20335:1747647667424:,1747647682381
counter/9/0/0/0,26744:1747647670348:,1747647682381
counter/4/0/0/0,20336:1747647667424:,1747647682381
counter/9/0/0/0,26745:1747647670349:,1747647682381
counter/4/0/0/0,20337:1747647667424:,1747647682381
counter/9/0/0/0,26746:1747647670349:,1747647682381
counter/4/0/0/0,20338:1747647667424:,1747647682381
counter/9/0/0/0,26747:1747647670349:,1747647682381
counter/4/0/0/0,20339:1747647667424:,1747647682381
counter/9/0/0/0,26748:1747647670349:,1747647682381
counter/4/0/0/0,20340:1747647667430:,1747647682381
counter/4/0/0/0,20341:1747647667430:,1747647682381
counter/4/0/0/0,20342:1747647667431:,1747647682381
counter/6/0/0/0,21883:1747647668230:,1747647682381
counter/4/0/0/0,20343:1747647667431:,1747647682381
counter/6/0/0/0,21884:1747647668230:,1747647682381
counter/4/0/0/0,20344:1747647667431:,1747647682381
counter/6/0/0/0,21885:1747647668247:,1747647682382
counter/4/0/0/0,20345:1747647667434:,1747647682382
counter/6/0/0/0,21886:1747647668247:,1747647682382
counter/4/0/0/0,20346:1747647667434:,1747647682382
counter/6/0/0/0,21887:1747647668247:,1747647682382
counter/4/0/0/0,20347:1747647667434:,1747647682382
counter/6/0/0/0,21888:1747647668247:,1747647682382
counter/4/0/0/0,20348:1747647667434:,1747647682382
counter/6/0/0/0,21889:1747647668247:,1747647682382
counter/4/0/0/0,20349:1747647667434:,1747647682382
counter/6/0/0/0,21890:1747647668247:,1747647682382
counter/4/0/0/0,20350:1747647667434:,1747647682382
counter/6/0/0/0,21891:1747647668254:,1747647682382
counter/4/0/0/0,20351:1747647667441:,1747647682382
counter/6/0/0/0,21892:1747647668266:,1747647682382
counter/4/0/0/0,20352:1747647667441:,1747647682382
counter/6/0/0/0,21893:1747647668266:,1747647682382
counter/4/0/0/0,20353:1747647667441:,1747647682382
counter/6/0/0/0,21894:1747647668266:,1747647682382
counter/4/0/0/0,20354:1747647667441:,1747647682382
counter/6/0/0/0,21895:1747647668266:,1747647682382
counter/4/0/0/0,20355:1747647667458:,1747647682382
counter/6/0/0/0,21896:1747647668266:,1747647682382
counter/4/0/0/0,20356:1747647667458:,1747647682382
counter/6/0/0/0,21897:1747647668266:,1747647682382
counter/4/0/0/0,20357:1747647667458:,1747647682382
counter/6/0/0/0,21898:1747647668266:,1747647682382
counter/4/0/0/0,20358:1747647667460:,1747647682382
counter/6/0/0/0,21899:1747647668266:,1747647682382
counter/4/0/0/0,20359:1747647667460:,1747647682382
counter/6/0/0/0,21900:1747647668266:,1747647682382
counter/4/0/0/0,20360:1747647667460:,1747647682382
counter/6/0/0/0,21901:1747647668266:,1747647682382
counter/6/0/0/0,21902:1747647668266:,1747647682382
counter/6/0/0/0,21903:1747647668266:,1747647682382
counter/6/0/0/0,21904:1747647668266:,1747647682382
counter/6/0/0/0,21905:1747647668266:,1747647682382
counter/6/0/0/0,21906:1747647668271:,1747647682382
counter/6/0/0/0,21907:1747647668271:,1747647682382
counter/6/0/0/0,21908:1747647668271:,1747647682382
counter/6/0/0/0,21909:1747647668271:,1747647682382
counter/6/0/0/0,21910:1747647668271:,1747647682382
counter/6/0/0/0,21911:1747647668271:,1747647682382
counter/6/0/0/0,21912:1747647668272:,1747647682383
counter/6/0/0/0,21913:1747647668272:,1747647682383
counter/6/0/0/0,21914:1747647668278:,1747647682383
counter/6/0/0/0,21915:1747647668278:,1747647682383
counter/6/0/0/0,21916:1747647668278:,1747647682383
counter/6/0/0/0,21917:1747647668278:,1747647682383
counter/6/0/0/0,21918:1747647668278:,1747647682383
counter/6/0/0/0,21919:1747647668285:,1747647682383
counter/6/0/0/0,21920:1747647668285:,1747647682383
counter/6/0/0/0,21921:1747647668285:,1747647682383
counter/6/0/0/0,21922:1747647668285:,1747647682383
counter/6/0/0/0,21923:1747647668285:,1747647682383
counter/6/0/0/0,21924:1747647668285:,1747647682383
counter/6/0/0/0,21925:1747647668285:,1747647682383
counter/6/0/0/0,21926:1747647668286:,1747647682383
counter/6/0/0/0,21927:1747647668286:,1747647682383
counter/6/0/0/0,21928:1747647668286:,1747647682383
counter/3/0/0/0,21658:1747647668053:,1747647682383
counter/6/0/0/0,21929:1747647668289:,1747647682383
counter/2/0/0/0,26309:1747647671369:,1747647682383
counter/6/0/0/0,21930:1747647668290:,1747647682383
counter/2/0/0/0,26310:1747647671369:,1747647682383
counter/6/0/0/0,21931:1747647668290:,1747647682383
counter/2/0/0/0,26311:1747647671369:,1747647682383
counter/1/0/0/0,21636:1747647667936:,1747647682383
counter/6/0/0/0,21932:1747647668290:,1747647682383
counter/2/0/0/0,26312:1747647671369:,1747647682383
counter/6/0/0/0,21933:1747647668290:,1747647682383
counter/2/0/0/0,26313:1747647671369:,1747647682383
counter/6/0/0/0,21934:1747647668291:,1747647682383
counter/2/0/0/0,26314:1747647671369:,1747647682383
counter/6/0/0/0,21935:1747647668291:,1747647682383
counter/6/0/0/0,21936:1747647668291:,1747647682383
counter/6/0/0/0,21937:1747647668291:,1747647682383
counter/6/0/0/0,21938:1747647668291:,1747647682383
counter/6/0/0/0,21939:1747647668291:,1747647682383
counter/3/0/0/0,21659:1747647668053:,1747647682383
counter/6/0/0/0,21940:1747647668291:,1747647682383
counter/6/0/0/0,21941:1747647668291:,1747647682383
counter/6/0/0/0,21942:1747647668291:,1747647682384
counter/6/0/0/0,21943:1747647668291:,1747647682384
counter/6/0/0/0,21944:1747647668293:,1747647682384
counter/6/0/0/0,21945:1747647668293:,1747647682384
counter/6/0/0/0,21946:1747647668293:,1747647682384
counter/6/0/0/0,21947:1747647668293:,1747647682384
counter/6/0/0/0,21948:1747647668293:,1747647682384
counter/6/0/0/0,21949:1747647668293:,1747647682384
counter/6/0/0/0,21950:1747647668293:,1747647682384
counter/6/0/0/0,21951:1747647668293:,1747647682384
counter/6/0/0/0,21952:1747647668293:,1747647682384
counter/6/0/0/0,21953:1747647668293:,1747647682384
counter/10/0/0/0,20174:1747647665272:,1747647682384
counter/8/0/0/0,23722:1747647668034:,1747647682384
counter/6/0/0/0,21954:1747647668293:,1747647682384
counter/10/0/0/0,20175:1747647665272:,1747647682384
counter/8/0/0/0,23723:1747647668034:,1747647682384
counter/6/0/0/0,21955:1747647668297:,1747647682384
counter/10/0/0/0,20176:1747647665275:,1747647682384
counter/8/0/0/0,23724:1747647668034:,1747647682384
counter/6/0/0/0,21956:1747647668297:,1747647682384
counter/10/0/0/0,20177:1747647665275:,1747647682384
counter/8/0/0/0,23725:1747647668034:,1747647682384
counter/1/0/0/0,21637:1747647667936:,1747647682384
counter/6/0/0/0,21957:1747647668297:,1747647682384
counter/10/0/0/0,20178:1747647665275:,1747647682384
counter/8/0/0/0,23726:1747647668034:,1747647682384
counter/5/0/0/0,22770:1747647668037:,1747647682384
counter/6/0/0/0,21958:1747647668297:,1747647682384
counter/10/0/0/0,20179:1747647665275:,1747647682384
counter/8/0/0/0,23727:1747647668034:,1747647682384
counter/5/0/0/0,22771:1747647668037:,1747647682384
counter/6/0/0/0,21959:1747647668297:,1747647682384
counter/10/0/0/0,20180:1747647665275:,1747647682384
counter/8/0/0/0,23728:1747647668034:,1747647682384
counter/5/0/0/0,22772:1747647668037:,1747647682384
counter/6/0/0/0,21960:1747647668311:,1747647682384
counter/10/0/0/0,20181:1747647665275:,1747647682384
counter/8/0/0/0,23729:1747647668034:,1747647682384
counter/5/0/0/0,22773:1747647668037:,1747647682384
counter/6/0/0/0,21961:1747647668311:,1747647682384
counter/10/0/0/0,20182:1747647665275:,1747647682384
counter/8/0/0/0,23730:1747647668034:,1747647682385
counter/5/0/0/0,22774:1747647668037:,1747647682385
counter/6/0/0/0,21962:1747647668311:,1747647682385
counter/10/0/0/0,20183:1747647665277:,1747647682385
counter/8/0/0/0,23731:1747647668034:,1747647682385
counter/5/0/0/0,22775:1747647668037:,1747647682385
counter/6/0/0/0,21963:1747647668311:,1747647682385
counter/10/0/0/0,20184:1747647665277:,1747647682385
counter/8/0/0/0,23732:1747647668034:,1747647682385
counter/5/0/0/0,22776:1747647668037:,1747647682385
counter/6/0/0/0,21964:1747647668311:,1747647682385
counter/10/0/0/0,20185:1747647665277:,1747647682385
counter/8/0/0/0,23733:1747647668035:,1747647682385
counter/5/0/0/0,22777:1747647668037:,1747647682385
counter/6/0/0/0,21965:1747647668311:,1747647682385
counter/10/0/0/0,20186:1747647665278:,1747647682385
counter/8/0/0/0,23734:1747647668035:,1747647682385
counter/5/0/0/0,22778:1747647668037:,1747647682385
counter/2/0/0/0,26315:1747647671369:,1747647682385
counter/6/0/0/0,21966:1747647668311:,1747647682385
counter/10/0/0/0,20187:1747647665278:,1747647682385
counter/8/0/0/0,23735:1747647668035:,1747647682385
counter/5/0/0/0,22779:1747647668037:,1747647682385
counter/9/0/0/0,26749:1747647670349:,1747647682385
counter/6/0/0/0,21967:1747647668311:,1747647682385
counter/10/0/0/0,20188:1747647665278:,1747647682385
counter/8/0/0/0,23736:1747647668047:,1747647682385
counter/5/0/0/0,22780:1747647668037:,1747647682385
counter/6/0/0/0,21968:1747647668323:,1747647682385
counter/10/0/0/0,20189:1747647665278:,1747647682385
counter/8/0/0/0,23737:1747647668047:,1747647682385
counter/5/0/0/0,22781:1747647668037:,1747647682385
counter/6/0/0/0,21969:1747647668323:,1747647682385
counter/10/0/0/0,20190:1747647665278:,1747647682385
counter/8/0/0/0,23738:1747647668048:,1747647682385
counter/5/0/0/0,22782:1747647668037:,1747647682385
counter/6/0/0/0,21970:1747647668323:,1747647682386
counter/10/0/0/0,20191:1747647665278:,1747647682386
counter/8/0/0/0,23739:1747647668048:,1747647682386
counter/5/0/0/0,22783:1747647668037:,1747647682386
counter/6/0/0/0,21971:1747647668323:,1747647682386
counter/10/0/0/0,20192:1747647665278:,1747647682386
counter/8/0/0/0,23740:1747647668048:,1747647682386
counter/5/0/0/0,22784:1747647668037:,1747647682386
counter/6/0/0/0,21972:1747647668323:,1747647682386
counter/10/0/0/0,20193:1747647665278:,1747647682386
counter/8/0/0/0,23741:1747647668048:,1747647682386
counter/5/0/0/0,22785:1747647668037:,1747647682386
counter/6/0/0/0,21973:1747647668323:,1747647682386
counter/10/0/0/0,20194:1747647665280:,1747647682386
counter/8/0/0/0,23742:1747647668048:,1747647682386
counter/5/0/0/0,22786:1747647668037:,1747647682386
counter/6/0/0/0,21974:1747647668323:,1747647682386
counter/10/0/0/0,20195:1747647665280:,1747647682386
counter/8/0/0/0,23743:1747647668048:,1747647682386
counter/5/0/0/0,22787:1747647668037:,1747647682386
counter/6/0/0/0,21975:1747647668323:,1747647682386
counter/10/0/0/0,20196:1747647665280:,1747647682386
counter/8/0/0/0,23744:1747647668048:,1747647682386
counter/5/0/0/0,22788:1747647668037:,1747647682386
counter/6/0/0/0,21976:1747647668323:,1747647682386
counter/10/0/0/0,20197:1747647665280:,1747647682386
counter/8/0/0/0,23745:1747647668048:,1747647682386
counter/5/0/0/0,22789:1747647668037:,1747647682386
counter/4/0/0/0,20361:1747647667460:,1747647682386
counter/6/0/0/0,21977:1747647668323:,1747647682386
counter/10/0/0/0,20198:1747647665280:,1747647682386
counter/8/0/0/0,23746:1747647668048:,1747647682386
counter/5/0/0/0,22790:1747647668037:,1747647682386
counter/4/0/0/0,20362:1747647667460:,1747647682386
counter/6/0/0/0,21978:1747647668323:,1747647682386
counter/10/0/0/0,20199:1747647665280:,1747647682386
counter/8/0/0/0,23747:1747647668048:,1747647682386
counter/5/0/0/0,22791:1747647668037:,1747647682386
counter/4/0/0/0,20363:1747647667460:,1747647682387
counter/2/0/0/0,26316:1747647671369:,1747647682387
counter/6/0/0/0,21979:1747647668323:,1747647682387
counter/10/0/0/0,20200:1747647665280:,1747647682387
counter/8/0/0/0,23748:1747647668048:,1747647682387
counter/5/0/0/0,22792:1747647668037:,1747647682387
counter/4/0/0/0,20364:1747647667460:,1747647682387
counter/2/0/0/0,26317:1747647671370:,1747647682387
counter/6/0/0/0,21980:1747647668323:,1747647682387
counter/10/0/0/0,20201:1747647665280:,1747647682387
counter/8/0/0/0,23749:1747647668048:,1747647682387
counter/5/0/0/0,22793:1747647668037:,1747647682387
counter/4/0/0/0,20365:1747647667460:,1747647682387
counter/2/0/0/0,26318:1747647671370:,1747647682387
counter/6/0/0/0,21981:1747647668323:,1747647682387
counter/10/0/0/0,20202:1747647665280:,1747647682387
counter/8/0/0/0,23750:1747647668048:,1747647682387
counter/5/0/0/0,22794:1747647668038:,1747647682387
counter/4/0/0/0,20366:1747647667460:,1747647682387
counter/2/0/0/0,26319:1747647671370:,1747647682387
counter/6/0/0/0,21982:1747647668323:,1747647682387
counter/10/0/0/0,20203:1747647665280:,1747647682387
counter/8/0/0/0,23751:1747647668048:,1747647682387
counter/5/0/0/0,22795:1747647668038:,1747647682387
counter/4/0/0/0,20367:1747647667460:,1747647682387
counter/2/0/0/0,26320:1747647671370:,1747647682387
counter/6/0/0/0,21983:1747647668323:,1747647682387
counter/10/0/0/0,20204:1747647665280:,1747647682387
counter/8/0/0/0,23752:1747647668048:,1747647682387
counter/5/0/0/0,22796:1747647668038:,1747647682387
counter/4/0/0/0,20368:1747647667460:,1747647682387
counter/2/0/0/0,26321:1747647671371:,1747647682387
counter/6/0/0/0,21984:1747647668323:,1747647682387
counter/10/0/0/0,20205:1747647665280:,1747647682387
counter/8/0/0/0,23753:1747647668048:,1747647682387
counter/5/0/0/0,22797:1747647668038:,1747647682387
counter/2/0/0/0,26322:1747647671371:,1747647682387
counter/6/0/0/0,21985:1747647668323:,1747647682388
counter/10/0/0/0,20206:1747647665280:,1747647682388
counter/8/0/0/0,23754:1747647668048:,1747647682388
counter/5/0/0/0,22798:1747647668038:,1747647682388
counter/2/0/0/0,26323:1747647671371:,1747647682388
counter/6/0/0/0,21986:1747647668324:,1747647682388
counter/10/0/0/0,20207:1747647665280:,1747647682388
counter/8/0/0/0,23755:1747647668048:,1747647682388
counter/5/0/0/0,22799:1747647668038:,1747647682388
counter/2/0/0/0,26324:1747647671371:,1747647682388
counter/6/0/0/0,21987:1747647668325:,1747647682388
counter/10/0/0/0,20208:1747647665281:,1747647682388
counter/8/0/0/0,23756:1747647668048:,1747647682388
counter/5/0/0/0,22800:1747647668038:,1747647682388
counter/2/0/0/0,26325:1747647671371:,1747647682388
counter/6/0/0/0,21988:1747647668325:,1747647682388
counter/10/0/0/0,20209:1747647665281:,1747647682388
counter/8/0/0/0,23757:1747647668048:,1747647682388
counter/5/0/0/0,22801:1747647668038:,1747647682388
counter/2/0/0/0,26326:1747647671371:,1747647682388
counter/6/0/0/0,21989:1747647668325:,1747647682388
counter/10/0/0/0,20210:1747647665281:,1747647682388
counter/8/0/0/0,23758:1747647668048:,1747647682388
counter/5/0/0/0,22802:1747647668038:,1747647682388
counter/2/0/0/0,26327:1747647671371:,1747647682388
counter/6/0/0/0,21990:1747647668325:,1747647682388
counter/10/0/0/0,20211:1747647665281:,1747647682388
counter/8/0/0/0,23759:1747647668048:,1747647682388
counter/5/0/0/0,22803:1747647668039:,1747647682388
counter/2/0/0/0,26328:1747647671371:,1747647682388
counter/6/0/0/0,21991:1747647668325:,1747647682388
counter/10/0/0/0,20212:1747647665281:,1747647682388
counter/8/0/0/0,23760:1747647668048:,1747647682388
counter/5/0/0/0,22804:1747647668039:,1747647682388
counter/2/0/0/0,26329:1747647671371:,1747647682388
counter/6/0/0/0,21992:1747647668325:,1747647682388
counter/10/0/0/0,20213:1747647665281:,1747647682389
counter/8/0/0/0,23761:1747647668048:,1747647682389
counter/5/0/0/0,22805:1747647668039:,1747647682389
counter/2/0/0/0,26330:1747647671371:,1747647682389
counter/6/0/0/0,21993:1747647668325:,1747647682389
counter/10/0/0/0,20214:1747647665281:,1747647682389
counter/8/0/0/0,23762:1747647668048:,1747647682389
counter/5/0/0/0,22806:1747647668050:,1747647682389
counter/2/0/0/0,26331:1747647671371:,1747647682389
counter/6/0/0/0,21994:1747647668325:,1747647682389
counter/10/0/0/0,20215:1747647665281:,1747647682389
counter/8/0/0/0,23763:1747647668049:,1747647682389
counter/5/0/0/0,22807:1747647668050:,1747647682389
counter/2/0/0/0,26332:1747647671375:,1747647682389
counter/6/0/0/0,21995:1747647668325:,1747647682389
counter/10/0/0/0,20216:1747647665283:,1747647682389
counter/8/0/0/0,23764:1747647668049:,1747647682389
counter/5/0/0/0,22808:1747647668061:,1747647682389
counter/2/0/0/0,26333:1747647671375:,1747647682389
counter/6/0/0/0,21996:1747647668325:,1747647682389
counter/10/0/0/0,20217:1747647665283:,1747647682389
counter/8/0/0/0,23765:1747647668049:,1747647682389
counter/5/0/0/0,22809:1747647668064:,1747647682389
counter/2/0/0/0,26334:1747647671375:,1747647682389
counter/6/0/0/0,21997:1747647668325:,1747647682389
counter/10/0/0/0,20218:1747647665283:,1747647682389
counter/8/0/0/0,23766:1747647668049:,1747647682389
counter/5/0/0/0,22810:1747647668064:,1747647682389
counter/2/0/0/0,26335:1747647671375:,1747647682389
counter/6/0/0/0,21998:1747647668325:,1747647682389
counter/10/0/0/0,20219:1747647665289:,1747647682389
counter/8/0/0/0,23767:1747647668049:,1747647682389
counter/5/0/0/0,22811:1747647668064:,1747647682389
counter/2/0/0/0,26336:1747647671375:,1747647682389
counter/6/0/0/0,21999:1747647668325:,1747647682389
counter/10/0/0/0,20220:1747647665290:,1747647682389
counter/8/0/0/0,23768:1747647668049:,1747647682389
counter/2/0/0/0,26337:1747647671375:,1747647682389
counter/6/0/0/0,22000:1747647668325:,1747647682389
counter/10/0/0/0,20221:1747647665290:,1747647682389
counter/8/0/0/0,23769:1747647668049:,1747647682390
counter/2/0/0/0,26338:1747647671375:,1747647682390
counter/6/0/0/0,22001:1747647668325:,1747647682390
counter/10/0/0/0,20222:1747647665290:,1747647682390
counter/8/0/0/0,23770:1747647668049:,1747647682390
counter/2/0/0/0,26339:1747647671375:,1747647682390
counter/6/0/0/0,22002:1747647668328:,1747647682390
counter/10/0/0/0,20223:1747647665290:,1747647682390
counter/8/0/0/0,23771:1747647668049:,1747647682390
counter/2/0/0/0,26340:1747647671375:,1747647682390
counter/6/0/0/0,22003:1747647668328:,1747647682390
counter/10/0/0/0,20224:1747647665290:,1747647682390
counter/8/0/0/0,23772:1747647668049:,1747647682390
counter/2/0/0/0,26341:1747647671375:,1747647682390
counter/6/0/0/0,22004:1747647668328:,1747647682390
counter/10/0/0/0,20225:1747647665290:,1747647682390
counter/8/0/0/0,23773:1747647668049:,1747647682390
counter/2/0/0/0,26342:1747647671375:,1747647682390
counter/6/0/0/0,22005:1747647668328:,1747647682390
counter/10/0/0/0,20226:1747647665290:,1747647682390
counter/8/0/0/0,23774:1747647668049:,1747647682390
counter/2/0/0/0,26343:1747647671375:,1747647682390
counter/6/0/0/0,22006:1747647668328:,1747647682390
counter/10/0/0/0,20227:1747647665290:,1747647682390
counter/8/0/0/0,23775:1747647668049:,1747647682390
counter/2/0/0/0,26344:1747647671375:,1747647682390
counter/6/0/0/0,22007:1747647668328:,1747647682390
counter/10/0/0/0,20228:1747647665290:,1747647682390
counter/8/0/0/0,23776:1747647668049:,1747647682390
counter/2/0/0/0,26345:1747647671375:,1747647682390
counter/6/0/0/0,22008:1747647668328:,1747647682390
counter/10/0/0/0,20229:1747647665290:,1747647682390
counter/8/0/0/0,23777:1747647668049:,1747647682390
counter/2/0/0/0,26346:1747647671375:,1747647682390
counter/6/0/0/0,22009:1747647668344:,1747647682390
counter/10/0/0/0,20230:1747647665290:,1747647682390
counter/8/0/0/0,23778:1747647668049:,1747647682390
counter/2/0/0/0,26347:1747647671375:,1747647682390
counter/6/0/0/0,22010:1747647668344:,1747647682390
counter/10/0/0/0,20231:1747647665290:,1747647682390
counter/8/0/0/0,23779:1747647668049:,1747647682390
counter/2/0/0/0,26348:1747647671375:,1747647682390
counter/6/0/0/0,22011:1747647668344:,1747647682391
counter/10/0/0/0,20232:1747647665290:,1747647682391
counter/8/0/0/0,23780:1747647668049:,1747647682391
counter/2/0/0/0,26349:1747647671375:,1747647682391
counter/6/0/0/0,22012:1747647668344:,1747647682391
counter/10/0/0/0,20233:1747647665290:,1747647682391
counter/8/0/0/0,23781:1747647668049:,1747647682391
counter/2/0/0/0,26350:1747647671375:,1747647682391
counter/6/0/0/0,22013:1747647668344:,1747647682391
counter/10/0/0/0,20234:1747647665290:,1747647682391
counter/8/0/0/0,23782:1747647668052:,1747647682391
counter/2/0/0/0,26351:1747647671376:,1747647682391
counter/6/0/0/0,22014:1747647668345:,1747647682391
counter/10/0/0/0,20235:1747647665290:,1747647682391
counter/8/0/0/0,23783:1747647668058:,1747647682391
counter/2/0/0/0,26352:1747647671376:,1747647682391
counter/6/0/0/0,22015:1747647668345:,1747647682391
counter/10/0/0/0,20236:1747647665290:,1747647682391
counter/8/0/0/0,23784:1747647668058:,1747647682391
counter/2/0/0/0,26353:1747647671376:,1747647682391
counter/3/0/0/0,21660:1747647668053:,1747647682391
counter/1/0/0/0,21638:1747647667936:,1747647682391
counter/6/0/0/0,22016:1747647668345:,1747647682391
counter/10/0/0/0,20237:1747647665290:,1747647682391
counter/8/0/0/0,23785:1747647668058:,1747647682391
counter/2/0/0/0,26354:1747647671376:,1747647682391
counter/3/0/0/0,21661:1747647668074:,1747647682391
counter/6/0/0/0,22017:1747647668345:,1747647682391
counter/10/0/0/0,20238:1747647665290:,1747647682391
counter/8/0/0/0,23786:1747647668058:,1747647682391
counter/2/0/0/0,26355:1747647671377:,1747647682391
counter/3/0/0/0,21662:1747647668077:,1747647682391
counter/6/0/0/0,22018:1747647668345:,1747647682391
counter/10/0/0/0,20239:1747647665290:,1747647682391
counter/8/0/0/0,23787:1747647668058:,1747647682391
counter/2/0/0/0,26356:1747647671377:,1747647682391
counter/3/0/0/0,21663:1747647668077:,1747647682391
counter/5/0/0/0,22812:1747647668064:,1747647682391
counter/6/0/0/0,22019:1747647668345:,1747647682391
counter/10/0/0/0,20240:1747647665290:,1747647682392
counter/8/0/0/0,23788:1747647668058:,1747647682392
counter/2/0/0/0,26357:1747647671377:,1747647682392
counter/3/0/0/0,21664:1747647668077:,1747647682392
counter/5/0/0/0,22813:1747647668064:,1747647682392
counter/6/0/0/0,22020:1747647668345:,1747647682392
counter/10/0/0/0,20241:1747647665290:,1747647682392
counter/8/0/0/0,23789:1747647668058:,1747647682392
counter/2/0/0/0,26358:1747647671377:,1747647682392
counter/3/0/0/0,21665:1747647668077:,1747647682392
counter/6/0/0/0,22021:1747647668345:,1747647682392
counter/10/0/0/0,20242:1747647665290:,1747647682392
counter/8/0/0/0,23790:1747647668058:,1747647682392
counter/2/0/0/0,26359:1747647671377:,1747647682392
counter/3/0/0/0,21666:1747647668077:,1747647682392
counter/5/0/0/0,22814:1747647668064:,1747647682392
counter/6/0/0/0,22022:1747647668345:,1747647682392
counter/10/0/0/0,20243:1747647665291:,1747647682392
counter/8/0/0/0,23791:1747647668058:,1747647682392
counter/2/0/0/0,26360:1747647671377:,1747647682392
counter/6/0/0/0,22023:1747647668345:,1747647682392
counter/10/0/0/0,20244:1747647665291:,1747647682392
counter/8/0/0/0,23792:1747647668069:,1747647682392
counter/2/0/0/0,26361:1747647671377:,1747647682392
counter/9/0/0/0,26750:1747647670349:,1747647682392
counter/3/0/0/0,21667:1747647668077:,1747647682392
counter/6/0/0/0,22024:1747647668345:,1747647682392
counter/10/0/0/0,20245:1747647665291:,1747647682392
counter/8/0/0/0,23793:1747647668069:,1747647682392
counter/2/0/0/0,26362:1747647671377:,1747647682392
counter/5/0/0/0,22815:1747647668065:,1747647682392
counter/6/0/0/0,22025:1747647668345:,1747647682392
counter/10/0/0/0,20246:1747647665291:,1747647682392
counter/8/0/0/0,23794:1747647668069:,1747647682392
counter/2/0/0/0,26363:1747647671377:,1747647682392
counter/4/0/0/0,20369:1747647667460:,1747647682392
counter/6/0/0/0,22026:1747647668345:,1747647682392
counter/10/0/0/0,20247:1747647665291:,1747647682392
counter/8/0/0/0,23795:1747647668069:,1747647682392
counter/2/0/0/0,26364:1747647671377:,1747647682392
counter/4/0/0/0,20370:1747647667460:,1747647682392
counter/6/0/0/0,22027:1747647668345:,1747647682392
counter/10/0/0/0,20248:1747647665291:,1747647682393
counter/8/0/0/0,23796:1747647668069:,1747647682393
counter/2/0/0/0,26365:1747647671377:,1747647682393
counter/4/0/0/0,20371:1747647667460:,1747647682393
counter/6/0/0/0,22028:1747647668345:,1747647682393
counter/10/0/0/0,20249:1747647665291:,1747647682393
counter/8/0/0/0,23797:1747647668069:,1747647682393
counter/2/0/0/0,26366:1747647671377:,1747647682393
counter/4/0/0/0,20372:1747647667460:,1747647682393
counter/6/0/0/0,22029:1747647668345:,1747647682393
counter/10/0/0/0,20250:1747647665291:,1747647682393
counter/8/0/0/0,23798:1747647668069:,1747647682393
counter/2/0/0/0,26367:1747647671377:,1747647682393
counter/4/0/0/0,20373:1747647667474:,1747647682393
counter/6/0/0/0,22030:1747647668345:,1747647682393
counter/10/0/0/0,20251:1747647665291:,1747647682393
counter/8/0/0/0,23799:1747647668069:,1747647682393
counter/2/0/0/0,26368:1747647671387:,1747647682393
counter/4/0/0/0,20374:1747647667475:,1747647682393
counter/7/0/0/0,21327:1747647666725:,1747647682393
counter/6/0/0/0,22031:1747647668350:,1747647682393
counter/10/0/0/0,20252:1747647665300:,1747647682393
counter/8/0/0/0,23800:1747647668069:,1747647682393
counter/2/0/0/0,26369:1747647671387:,1747647682393
counter/4/0/0/0,20375:1747647667475:,1747647682393
counter/7/0/0/0,21328:1747647666725:,1747647682393
counter/6/0/0/0,22032:1747647668350:,1747647682393
counter/10/0/0/0,20253:1747647665300:,1747647682393
counter/8/0/0/0,23801:1747647668069:,1747647682393
counter/4/0/0/0,20376:1747647667475:,1747647682393
counter/7/0/0/0,21329:1747647666725:,1747647682393
counter/6/0/0/0,22033:1747647668350:,1747647682393
counter/10/0/0/0,20254:1747647665300:,1747647682393
counter/8/0/0/0,23802:1747647668069:,1747647682393
counter/4/0/0/0,20377:1747647667475:,1747647682393
counter/7/0/0/0,21330:1747647666725:,1747647682393
counter/6/0/0/0,22034:1747647668350:,1747647682393
counter/10/0/0/0,20255:1747647665300:,1747647682393
counter/8/0/0/0,23803:1747647668069:,1747647682394
counter/4/0/0/0,20378:1747647667475:,1747647682394
counter/7/0/0/0,21331:1747647666725:,1747647682394
counter/6/0/0/0,22035:1747647668350:,1747647682394
counter/10/0/0/0,20256:1747647665300:,1747647682394
counter/8/0/0/0,23804:1747647668069:,1747647682394
counter/4/0/0/0,20379:1747647667475:,1747647682394
counter/7/0/0/0,21332:1747647666726:,1747647682394
counter/6/0/0/0,22036:1747647668350:,1747647682394
counter/10/0/0/0,20257:1747647665300:,1747647682394
counter/8/0/0/0,23805:1747647668069:,1747647682394
counter/4/0/0/0,20380:1747647667475:,1747647682394
counter/7/0/0/0,21333:1747647666726:,1747647682394
counter/6/0/0/0,22037:1747647668350:,1747647682394
counter/10/0/0/0,20258:1747647665300:,1747647682394
counter/8/0/0/0,23806:1747647668070:,1747647682394
counter/4/0/0/0,20381:1747647667475:,1747647682394
counter/7/0/0/0,21334:1747647666726:,1747647682394
counter/6/0/0/0,22038:1747647668350:,1747647682394
counter/10/0/0/0,20259:1747647665300:,1747647682394
counter/8/0/0/0,23807:1747647668070:,1747647682394
counter/4/0/0/0,20382:1747647667475:,1747647682394
counter/7/0/0/0,21335:1747647666726:,1747647682394
counter/9/0/0/0,26751:1747647670349:,1747647682394
counter/3/0/0/0,21668:1747647668077:,1747647682394
counter/6/0/0/0,22039:1747647668351:,1747647682394
counter/10/0/0/0,20260:1747647665300:,1747647682394
counter/8/0/0/0,23808:1747647668070:,1747647682394
counter/4/0/0/0,20383:1747647667475:,1747647682394
counter/7/0/0/0,21336:1747647666726:,1747647682394
counter/5/0/0/0,22816:1747647668065:,1747647682394
counter/2/0/0/0,26370:1747647671387:,1747647682394
counter/6/0/0/0,22040:1747647668351:,1747647682394
counter/10/0/0/0,20261:1747647665300:,1747647682394
counter/8/0/0/0,23809:1747647668070:,1747647682394
counter/4/0/0/0,20384:1747647667475:,1747647682394
counter/7/0/0/0,21337:1747647666726:,1747647682394
counter/9/0/0/0,26752:1747647670349:,1747647682394
counter/6/0/0/0,22041:1747647668371:,1747647682394
counter/10/0/0/0,20262:1747647665300:,1747647682394
counter/8/0/0/0,23810:1747647668070:,1747647682394
counter/4/0/0/0,20385:1747647667475:,1747647682394
counter/7/0/0/0,21338:1747647666726:,1747647682395
counter/6/0/0/0,22042:1747647668371:,1747647682395
counter/10/0/0/0,20263:1747647665302:,1747647682395
counter/8/0/0/0,23811:1747647668070:,1747647682395
counter/4/0/0/0,20386:1747647667475:,1747647682395
counter/7/0/0/0,21339:1747647666726:,1747647682395
counter/6/0/0/0,22043:1747647668371:,1747647682395
counter/10/0/0/0,20264:1747647665302:,1747647682395
counter/8/0/0/0,23812:1747647668070:,1747647682395
counter/4/0/0/0,20387:1747647667475:,1747647682395
counter/7/0/0/0,21340:1747647666726:,1747647682395
counter/3/0/0/0,21669:1747647668077:,1747647682395
counter/1/0/0/0,21639:1747647667936:,1747647682395
counter/6/0/0/0,22044:1747647668371:,1747647682395
counter/10/0/0/0,20265:1747647665302:,1747647682395
counter/8/0/0/0,23813:1747647668070:,1747647682395
counter/4/0/0/0,20388:1747647667475:,1747647682395
counter/7/0/0/0,21341:1747647666726:,1747647682395
counter/1/0/0/0,21640:1747647667936:,1747647682395
counter/6/0/0/0,22045:1747647668371:,1747647682395
counter/10/0/0/0,20266:1747647665302:,1747647682395
counter/8/0/0/0,23814:1747647668078:,1747647682395
counter/4/0/0/0,20389:1747647667476:,1747647682395
counter/7/0/0/0,21342:1747647666726:,1747647682395
counter/1/0/0/0,21641:1747647667936:,1747647682395
counter/5/0/0/0,22817:1747647668065:,1747647682395
counter/9/0/0/0,26753:1747647670349:,1747647682395
counter/6/0/0/0,22046:1747647668371:,1747647682395
counter/10/0/0/0,20267:1747647665302:,1747647682395
counter/8/0/0/0,23815:1747647668078:,1747647682395
counter/4/0/0/0,20390:1747647667476:,1747647682395
counter/7/0/0/0,21343:1747647666726:,1747647682395
counter/1/0/0/0,21642:1747647667936:,1747647682395
counter/6/0/0/0,22047:1747647668371:,1747647682395
counter/10/0/0/0,20268:1747647665306:,1747647682395
counter/8/0/0/0,23816:1747647668078:,1747647682395
counter/4/0/0/0,20391:1747647667476:,1747647682395
counter/7/0/0/0,21344:1747647666726:,1747647682395
counter/1/0/0/0,21643:1747647667936:,1747647682395
counter/6/0/0/0,22048:1747647668371:,1747647682396
counter/10/0/0/0,20269:1747647665306:,1747647682396
counter/8/0/0/0,23817:1747647668078:,1747647682396
counter/4/0/0/0,20392:1747647667477:,1747647682396
counter/7/0/0/0,21345:1747647666726:,1747647682396
counter/6/0/0/0,22049:1747647668371:,1747647682396
counter/10/0/0/0,20270:1747647665306:,1747647682396
counter/8/0/0/0,23818:1747647668078:,1747647682396
counter/4/0/0/0,20393:1747647667477:,1747647682396
counter/7/0/0/0,21346:1747647666727:,1747647682396
counter/6/0/0/0,22050:1747647668371:,1747647682396
counter/10/0/0/0,20271:1747647665306:,1747647682396
counter/8/0/0/0,23819:1747647668078:,1747647682396
counter/4/0/0/0,20394:1747647667477:,1747647682396
counter/7/0/0/0,21347:1747647666727:,1747647682396
counter/6/0/0/0,22051:1747647668371:,1747647682396
counter/10/0/0/0,20272:1747647665306:,1747647682396
counter/8/0/0/0,23820:1747647668078:,1747647682396
counter/4/0/0/0,20395:1747647667477:,1747647682396
counter/7/0/0/0,21348:1747647666727:,1747647682396
counter/6/0/0/0,22052:1747647668371:,1747647682396
counter/10/0/0/0,20273:1747647665306:,1747647682396
counter/8/0/0/0,23821:1747647668079:,1747647682396
counter/4/0/0/0,20396:1747647667477:,1747647682396
counter/7/0/0/0,21349:1747647666727:,1747647682396
counter/6/0/0/0,22053:1747647668371:,1747647682396
counter/10/0/0/0,20274:1747647665306:,1747647682396
counter/8/0/0/0,23822:1747647668079:,1747647682396
counter/4/0/0/0,20397:1747647667477:,1747647682396
counter/7/0/0/0,21350:1747647666727:,1747647682396
counter/6/0/0/0,22054:1747647668371:,1747647682396
counter/10/0/0/0,20275:1747647665306:,1747647682396
counter/8/0/0/0,23823:1747647668079:,1747647682396
counter/4/0/0/0,20398:1747647667477:,1747647682396
counter/7/0/0/0,21351:1747647666728:,1747647682396
counter/6/0/0/0,22055:1747647668383:,1747647682396
counter/10/0/0/0,20276:1747647665306:,1747647682396
counter/8/0/0/0,23824:1747647668079:,1747647682396
counter/4/0/0/0,20399:1747647667477:,1747647682396
counter/7/0/0/0,21352:1747647666728:,1747647682396
counter/6/0/0/0,22056:1747647668383:,1747647682396
counter/10/0/0/0,20277:1747647665306:,1747647682396
counter/8/0/0/0,23825:1747647668079:,1747647682396
counter/4/0/0/0,20400:1747647667477:,1747647682396
counter/7/0/0/0,21353:1747647666728:,1747647682397
counter/6/0/0/0,22057:1747647668383:,1747647682397
counter/10/0/0/0,20278:1747647665306:,1747647682397
counter/8/0/0/0,23826:1747647668079:,1747647682397
counter/4/0/0/0,20401:1747647667477:,1747647682397
counter/7/0/0/0,21354:1747647666728:,1747647682397
counter/6/0/0/0,22058:1747647668383:,1747647682397
counter/10/0/0/0,20279:1747647665306:,1747647682397
counter/8/0/0/0,23827:1747647668079:,1747647682397
counter/4/0/0/0,20402:1747647667477:,1747647682397
counter/7/0/0/0,21355:1747647666728:,1747647682397
counter/6/0/0/0,22059:1747647668383:,1747647682397
counter/10/0/0/0,20280:1747647665306:,1747647682397
counter/8/0/0/0,23828:1747647668079:,1747647682397
counter/4/0/0/0,20403:1747647667477:,1747647682397
counter/7/0/0/0,21356:1747647666728:,1747647682397
counter/6/0/0/0,22060:1747647668383:,1747647682397
counter/10/0/0/0,20281:1747647665306:,1747647682397
counter/8/0/0/0,23829:1747647668079:,1747647682397
counter/4/0/0/0,20404:1747647667477:,1747647682397
counter/7/0/0/0,21357:1747647666729:,1747647682397
counter/6/0/0/0,22061:1747647668383:,1747647682397
counter/10/0/0/0,20282:1747647665306:,1747647682397
counter/8/0/0/0,23830:1747647668079:,1747647682397
counter/4/0/0/0,20405:1747647667477:,1747647682397
counter/7/0/0/0,21358:1747647666730:,1747647682397
counter/6/0/0/0,22062:1747647668383:,1747647682397
counter/10/0/0/0,20283:1747647665306:,1747647682397
counter/8/0/0/0,23831:1747647668079:,1747647682397
counter/4/0/0/0,20406:1747647667477:,1747647682397
counter/7/0/0/0,21359:1747647666730:,1747647682397
counter/6/0/0/0,22063:1747647668383:,1747647682397
counter/10/0/0/0,20284:1747647665306:,1747647682397
counter/8/0/0/0,23832:1747647668111:,1747647682397
counter/4/0/0/0,20407:1747647667477:,1747647682397
counter/7/0/0/0,21360:1747647666730:,1747647682397
counter/6/0/0/0,22064:1747647668383:,1747647682397
counter/10/0/0/0,20285:1747647665306:,1747647682397
counter/8/0/0/0,23833:1747647668111:,1747647682397
counter/4/0/0/0,20408:1747647667477:,1747647682397
counter/7/0/0/0,21361:1747647666730:,1747647682398
counter/6/0/0/0,22065:1747647668383:,1747647682398
counter/10/0/0/0,20286:1747647665306:,1747647682398
counter/8/0/0/0,23834:1747647668111:,1747647682398
counter/4/0/0/0,20409:1747647667478:,1747647682398
counter/7/0/0/0,21362:1747647666730:,1747647682398
counter/6/0/0/0,22066:1747647668383:,1747647682398
counter/10/0/0/0,20287:1747647665306:,1747647682398
counter/8/0/0/0,23835:1747647668111:,1747647682398
counter/4/0/0/0,20410:1747647667478:,1747647682398
counter/7/0/0/0,21363:1747647666730:,1747647682398
counter/6/0/0/0,22067:1747647668383:,1747647682398
counter/10/0/0/0,20288:1747647665306:,1747647682398
counter/8/0/0/0,23836:1747647668111:,1747647682398
counter/4/0/0/0,20411:1747647667478:,1747647682398
counter/7/0/0/0,21364:1747647666735:,1747647682398
counter/6/0/0/0,22068:1747647668383:,1747647682398
counter/10/0/0/0,20289:1747647665306:,1747647682398
counter/8/0/0/0,23837:1747647668112:,1747647682398
counter/4/0/0/0,20412:1747647667478:,1747647682398
counter/7/0/0/0,21365:1747647666735:,1747647682398
counter/6/0/0/0,22069:1747647668383:,1747647682398
counter/10/0/0/0,20290:1747647665306:,1747647682398
counter/8/0/0/0,23838:1747647668112:,1747647682398
counter/4/0/0/0,20413:1747647667481:,1747647682398
counter/7/0/0/0,21366:1747647666735:,1747647682398
counter/6/0/0/0,22070:1747647668383:,1747647682398
counter/10/0/0/0,20291:1747647665306:,1747647682398
counter/8/0/0/0,23839:1747647668112:,1747647682398
counter/4/0/0/0,20414:1747647667481:,1747647682398
counter/7/0/0/0,21367:1747647666735:,1747647682398
counter/6/0/0/0,22071:1747647668383:,1747647682398
counter/10/0/0/0,20292:1747647665307:,1747647682398
counter/8/0/0/0,23840:1747647668112:,1747647682398
counter/4/0/0/0,20415:1747647667481:,1747647682398
counter/7/0/0/0,21368:1747647666735:,1747647682398
counter/6/0/0/0,22072:1747647668389:,1747647682399
counter/10/0/0/0,20293:1747647665309:,1747647682399
counter/8/0/0/0,23841:1747647668112:,1747647682399
counter/4/0/0/0,20416:1747647667481:,1747647682399
counter/7/0/0/0,21369:1747647666735:,1747647682399
counter/6/0/0/0,22073:1747647668389:,1747647682399
counter/10/0/0/0,20294:1747647665309:,1747647682399
counter/8/0/0/0,23842:1747647668112:,1747647682399
counter/4/0/0/0,20417:1747647667481:,1747647682399
counter/7/0/0/0,21370:1747647666735:,1747647682399
counter/6/0/0/0,22074:1747647668389:,1747647682399
counter/10/0/0/0,20295:1747647665309:,1747647682399
counter/8/0/0/0,23843:1747647668112:,1747647682399
counter/4/0/0/0,20418:1747647667481:,1747647682399
counter/7/0/0/0,21371:1747647666735:,1747647682399
counter/6/0/0/0,22075:1747647668390:,1747647682399
counter/10/0/0/0,20296:1747647665310:,1747647682399
counter/8/0/0/0,23844:1747647668112:,1747647682399
counter/4/0/0/0,20419:1747647667481:,1747647682399
counter/7/0/0/0,21372:1747647666735:,1747647682399
counter/6/0/0/0,22076:1747647668390:,1747647682399
counter/10/0/0/0,20297:1747647665310:,1747647682399
counter/8/0/0/0,23845:1747647668112:,1747647682399
counter/4/0/0/0,20420:1747647667481:,1747647682399
counter/7/0/0/0,21373:1747647666735:,1747647682399
counter/5/0/0/0,22818:1747647668068:,1747647682399
counter/6/0/0/0,22077:1747647668390:,1747647682399
counter/10/0/0/0,20298:1747647665311:,1747647682399
counter/8/0/0/0,23846:1747647668112:,1747647682399
counter/4/0/0/0,20421:1747647667481:,1747647682399
counter/7/0/0/0,21374:1747647666735:,1747647682399
counter/5/0/0/0,22819:1747647668068:,1747647682399
counter/6/0/0/0,22078:1747647668390:,1747647682399
counter/10/0/0/0,20299:1747647665311:,1747647682399
counter/8/0/0/0,23847:1747647668118:,1747647682399
counter/4/0/0/0,20422:1747647667481:,1747647682399
counter/7/0/0/0,21375:1747647666747:,1747647682399
counter/5/0/0/0,22820:1747647668068:,1747647682399
counter/6/0/0/0,22079:1747647668393:,1747647682399
counter/10/0/0/0,20300:1747647665311:,1747647682400
counter/8/0/0/0,23848:1747647668118:,1747647682400
counter/4/0/0/0,20423:1747647667481:,1747647682400
counter/7/0/0/0,21376:1747647666747:,1747647682400
counter/5/0/0/0,22821:1747647668068:,1747647682400
counter/6/0/0/0,22080:1747647668397:,1747647682400
counter/10/0/0/0,20301:1747647665311:,1747647682400
counter/8/0/0/0,23849:1747647668118:,1747647682400
counter/4/0/0/0,20424:1747647667482:,1747647682400
counter/7/0/0/0,21377:1747647666747:,1747647682400
counter/5/0/0/0,22822:1747647668069:,1747647682400
counter/6/0/0/0,22081:1747647668397:,1747647682400
counter/10/0/0/0,20302:1747647665312:,1747647682400
counter/8/0/0/0,23850:1747647668118:,1747647682400
counter/4/0/0/0,20425:1747647667482:,1747647682400
counter/7/0/0/0,21378:1747647666747:,1747647682400
counter/5/0/0/0,22823:1747647668069:,1747647682400
counter/6/0/0/0,22082:1747647668397:,1747647682400
counter/10/0/0/0,20303:1747647665312:,1747647682400
counter/8/0/0/0,23851:1747647668118:,1747647682400
counter/4/0/0/0,20426:1747647667482:,1747647682400
counter/7/0/0/0,21379:1747647666747:,1747647682400
counter/5/0/0/0,22824:1747647668069:,1747647682400
counter/6/0/0/0,22083:1747647668397:,1747647682400
counter/10/0/0/0,20304:1747647665312:,1747647682400
counter/8/0/0/0,23852:1747647668119:,1747647682400
counter/4/0/0/0,20427:1747647667482:,1747647682400
counter/7/0/0/0,21380:1747647666751:,1747647682400
counter/5/0/0/0,22825:1747647668069:,1747647682400
counter/6/0/0/0,22084:1747647668397:,1747647682400
counter/10/0/0/0,20305:1747647665312:,1747647682400
counter/8/0/0/0,23853:1747647668119:,1747647682400
counter/4/0/0/0,20428:1747647667482:,1747647682400
counter/7/0/0/0,21381:1747647666752:,1747647682400
counter/5/0/0/0,22826:1747647668069:,1747647682400
counter/6/0/0/0,22085:1747647668397:,1747647682400
counter/10/0/0/0,20306:1747647665312:,1747647682400
counter/8/0/0/0,23854:1747647668119:,1747647682400
counter/4/0/0/0,20429:1747647667482:,1747647682400
counter/7/0/0/0,21382:1747647666752:,1747647682400
counter/5/0/0/0,22827:1747647668069:,1747647682401
counter/6/0/0/0,22086:1747647668397:,1747647682401
counter/10/0/0/0,20307:1747647665312:,1747647682401
counter/8/0/0/0,23855:1747647668119:,1747647682401
counter/4/0/0/0,20430:1747647667482:,1747647682401
counter/7/0/0/0,21383:1747647666752:,1747647682401
counter/5/0/0/0,22828:1747647668070:,1747647682401
counter/6/0/0/0,22087:1747647668397:,1747647682401
counter/10/0/0/0,20308:1747647665312:,1747647682401
counter/8/0/0/0,23856:1747647668119:,1747647682401
counter/4/0/0/0,20431:1747647667482:,1747647682401
counter/7/0/0/0,21384:1747647666752:,1747647682401
counter/5/0/0/0,22829:1747647668070:,1747647682401
counter/2/0/0/0,26371:1747647671387:,1747647682401
counter/6/0/0/0,22088:1747647668397:,1747647682401
counter/10/0/0/0,20309:1747647665312:,1747647682401
counter/8/0/0/0,23857:1747647668119:,1747647682401
counter/4/0/0/0,20432:1747647667482:,1747647682401
counter/7/0/0/0,21385:1747647666752:,1747647682401
counter/5/0/0/0,22830:1747647668070:,1747647682401
counter/1/0/0/0,21644:1747647667938:,1747647682401
counter/6/0/0/0,22089:1747647668397:,1747647682401
counter/10/0/0/0,20310:1747647665312:,1747647682401
counter/8/0/0/0,23858:1747647668119:,1747647682401
counter/4/0/0/0,20433:1747647667482:,1747647682401
counter/7/0/0/0,21386:1747647666752:,1747647682401
counter/5/0/0/0,22831:1747647668074:,1747647682401
counter/6/0/0/0,22090:1747647668397:,1747647682401
counter/10/0/0/0,20311:1747647665312:,1747647682401
counter/8/0/0/0,23859:1747647668119:,1747647682401
counter/4/0/0/0,20434:1747647667482:,1747647682401
counter/7/0/0/0,21387:1747647666752:,1747647682401
counter/5/0/0/0,22832:1747647668074:,1747647682401
counter/6/0/0/0,22091:1747647668398:,1747647682401
counter/10/0/0/0,20312:1747647665314:,1747647682401
counter/8/0/0/0,23860:1747647668120:,1747647682401
counter/4/0/0/0,20435:1747647667482:,1747647682401
counter/7/0/0/0,21388:1747647666753:,1747647682401
counter/5/0/0/0,22833:1747647668074:,1747647682402
counter/6/0/0/0,22092:1747647668398:,1747647682402
counter/10/0/0/0,20313:1747647665314:,1747647682402
counter/8/0/0/0,23861:1747647668120:,1747647682402
counter/4/0/0/0,20436:1747647667482:,1747647682402
counter/7/0/0/0,21389:1747647666753:,1747647682402
counter/5/0/0/0,22834:1747647668074:,1747647682402
counter/6/0/0/0,22093:1747647668398:,1747647682402
counter/10/0/0/0,20314:1747647665314:,1747647682402
counter/8/0/0/0,23862:1747647668120:,1747647682402
counter/4/0/0/0,20437:1747647667487:,1747647682402
counter/7/0/0/0,21390:1747647666753:,1747647682402
counter/5/0/0/0,22835:1747647668074:,1747647682402
counter/1/0/0/0,21645:1747647667938:,1747647682402
counter/6/0/0/0,22094:1747647668398:,1747647682402
counter/10/0/0/0,20315:1747647665314:,1747647682402
counter/8/0/0/0,23863:1747647668120:,1747647682402
counter/4/0/0/0,20438:1747647667487:,1747647682402
counter/7/0/0/0,21391:1747647666753:,1747647682402
counter/5/0/0/0,22836:1747647668074:,1747647682402
counter/6/0/0/0,22095:1747647668408:,1747647682402
counter/10/0/0/0,20316:1747647665314:,1747647682402
counter/8/0/0/0,23864:1747647668120:,1747647682402
counter/4/0/0/0,20439:1747647667487:,1747647682402
counter/7/0/0/0,21392:1747647666753:,1747647682402
counter/5/0/0/0,22837:1747647668074:,1747647682402
counter/6/0/0/0,22096:1747647668408:,1747647682402
counter/10/0/0/0,20317:1747647665314:,1747647682402
counter/8/0/0/0,23865:1747647668125:,1747647682402
counter/4/0/0/0,20440:1747647667487:,1747647682402
counter/7/0/0/0,21393:1747647666755:,1747647682402
counter/5/0/0/0,22838:1747647668074:,1747647682402
counter/3/0/0/0,21670:1747647668077:,1747647682402
counter/6/0/0/0,22097:1747647668408:,1747647682402
counter/10/0/0/0,20318:1747647665314:,1747647682402
counter/8/0/0/0,23866:1747647668125:,1747647682402
counter/4/0/0/0,20441:1747647667487:,1747647682402
counter/7/0/0/0,21394:1747647666768:,1747647682402
counter/5/0/0/0,22839:1747647668075:,1747647682402
counter/6/0/0/0,22098:1747647668408:,1747647682402
counter/10/0/0/0,20319:1747647665324:,1747647682402
counter/8/0/0/0,23867:1747647668125:,1747647682402
counter/4/0/0/0,20442:1747647667487:,1747647682403
counter/7/0/0/0,21395:1747647666768:,1747647682403
counter/5/0/0/0,22840:1747647668075:,1747647682403
counter/6/0/0/0,22099:1747647668408:,1747647682403
counter/10/0/0/0,20320:1747647665324:,1747647682403
counter/8/0/0/0,23868:1747647668125:,1747647682403
counter/4/0/0/0,20443:1747647667487:,1747647682403
counter/7/0/0/0,21396:1747647666768:,1747647682403
counter/5/0/0/0,22841:1747647668075:,1747647682403
counter/6/0/0/0,22100:1747647668408:,1747647682403
counter/10/0/0/0,20321:1747647665324:,1747647682403
counter/8/0/0/0,23869:1747647668125:,1747647682403
counter/4/0/0/0,20444:1747647667488:,1747647682403
counter/7/0/0/0,21397:1747647666768:,1747647682403
counter/5/0/0/0,22842:1747647668075:,1747647682403
counter/6/0/0/0,22101:1747647668408:,1747647682403
counter/10/0/0/0,20322:1747647665324:,1747647682403
counter/8/0/0/0,23870:1747647668125:,1747647682403
counter/4/0/0/0,20445:1747647667488:,1747647682403
counter/7/0/0/0,21398:1747647666768:,1747647682403
counter/5/0/0/0,22843:1747647668075:,1747647682403
counter/6/0/0/0,22102:1747647668416:,1747647682403
counter/10/0/0/0,20323:1747647665324:,1747647682403
counter/8/0/0/0,23871:1747647668127:,1747647682403
counter/4/0/0/0,20446:1747647667497:,1747647682403
counter/7/0/0/0,21399:1747647666768:,1747647682403
counter/5/0/0/0,22844:1747647668075:,1747647682403
counter/6/0/0/0,22103:1747647668416:,1747647682403
counter/10/0/0/0,20324:1747647665324:,1747647682403
counter/8/0/0/0,23872:1747647668127:,1747647682403
counter/4/0/0/0,20447:1747647667497:,1747647682403
counter/7/0/0/0,21400:1747647666768:,1747647682403
counter/5/0/0/0,22845:1747647668075:,1747647682403
counter/6/0/0/0,22104:1747647668416:,1747647682403
counter/10/0/0/0,20325:1747647665324:,1747647682403
counter/8/0/0/0,23873:1747647668128:,1747647682403
counter/4/0/0/0,20448:1747647667497:,1747647682403
counter/7/0/0/0,21401:1747647666768:,1747647682403
counter/5/0/0/0,22846:1747647668075:,1747647682404
counter/6/0/0/0,22105:1747647668416:,1747647682404
counter/10/0/0/0,20326:1747647665325:,1747647682404
counter/8/0/0/0,23874:1747647668141:,1747647682404
counter/4/0/0/0,20449:1747647667497:,1747647682404
counter/7/0/0/0,21402:1747647666768:,1747647682404
counter/5/0/0/0,22847:1747647668075:,1747647682404
counter/6/0/0/0,22106:1747647668416:,1747647682404
counter/10/0/0/0,20327:1747647665325:,1747647682404
counter/8/0/0/0,23875:1747647668141:,1747647682404
counter/4/0/0/0,20450:1747647667497:,1747647682404
counter/7/0/0/0,21403:1747647666776:,1747647682404
counter/5/0/0/0,22848:1747647668075:,1747647682404
counter/6/0/0/0,22107:1747647668416:,1747647682404
counter/10/0/0/0,20328:1747647665325:,1747647682404
counter/8/0/0/0,23876:1747647668141:,1747647682404
counter/4/0/0/0,20451:1747647667497:,1747647682404
counter/7/0/0/0,21404:1747647666776:,1747647682404
counter/5/0/0/0,22849:1747647668086:,1747647682404
counter/6/0/0/0,22108:1747647668416:,1747647682404
counter/10/0/0/0,20329:1747647665325:,1747647682404
counter/8/0/0/0,23877:1747647668141:,1747647682404
counter/4/0/0/0,20452:1747647667497:,1747647682404
counter/7/0/0/0,21405:1747647666776:,1747647682404
counter/5/0/0/0,22850:1747647668086:,1747647682404
counter/6/0/0/0,22109:1747647668417:,1747647682404
counter/10/0/0/0,20330:1747647665325:,1747647682404
counter/8/0/0/0,23878:1747647668142:,1747647682404
counter/4/0/0/0,20453:1747647667497:,1747647682404
counter/7/0/0/0,21406:1747647666780:,1747647682404
counter/5/0/0/0,22851:1747647668086:,1747647682404
counter/6/0/0/0,22110:1747647668417:,1747647682404
counter/10/0/0/0,20331:1747647665325:,1747647682404
counter/8/0/0/0,23879:1747647668142:,1747647682404
counter/4/0/0/0,20454:1747647667497:,1747647682404
counter/7/0/0/0,21407:1747647666780:,1747647682404
counter/5/0/0/0,22852:1747647668086:,1747647682404
counter/6/0/0/0,22111:1747647668425:,1747647682404
counter/10/0/0/0,20332:1747647665325:,1747647682404
counter/8/0/0/0,23880:1747647668142:,1747647682404
counter/4/0/0/0,20455:1747647667499:,1747647682404
counter/7/0/0/0,21408:1747647666780:,1747647682405
counter/5/0/0/0,22853:1747647668086:,1747647682405
counter/6/0/0/0,22112:1747647668425:,1747647682405
counter/10/0/0/0,20333:1747647665325:,1747647682405
counter/8/0/0/0,23881:1747647668142:,1747647682405
counter/4/0/0/0,20456:1747647667499:,1747647682405
counter/7/0/0/0,21409:1747647666780:,1747647682405
counter/5/0/0/0,22854:1747647668092:,1747647682405
counter/6/0/0/0,22113:1747647668425:,1747647682405
counter/10/0/0/0,20334:1747647665325:,1747647682405
counter/8/0/0/0,23882:1747647668142:,1747647682405
counter/4/0/0/0,20457:1747647667499:,1747647682405
counter/7/0/0/0,21410:1747647666780:,1747647682405
counter/5/0/0/0,22855:1747647668099:,1747647682405
counter/2/0/0/0,26372:1747647671387:,1747647682405
counter/6/0/0/0,22114:1747647668425:,1747647682405
counter/10/0/0/0,20335:1747647665332:,1747647682405
counter/8/0/0/0,23883:1747647668142:,1747647682405
counter/4/0/0/0,20458:1747647667499:,1747647682405
counter/7/0/0/0,21411:1747647666780:,1747647682405
counter/5/0/0/0,22856:1747647668099:,1747647682405
counter/2/0/0/0,26373:1747647671387:,1747647682405
counter/6/0/0/0,22115:1747647668426:,1747647682405
counter/10/0/0/0,20336:1747647665332:,1747647682405
counter/8/0/0/0,23884:1747647668142:,1747647682405
counter/4/0/0/0,20459:1747647667499:,1747647682405
counter/7/0/0/0,21412:1747647666780:,1747647682405
counter/5/0/0/0,22857:1747647668099:,1747647682405
counter/2/0/0/0,26374:1747647671387:,1747647682405
counter/6/0/0/0,22116:1747647668426:,1747647682405
counter/10/0/0/0,20337:1747647665332:,1747647682405
counter/8/0/0/0,23885:1747647668142:,1747647682405
counter/4/0/0/0,20460:1747647667500:,1747647682405
counter/7/0/0/0,21413:1747647666780:,1747647682405
counter/5/0/0/0,22858:1747647668099:,1747647682405
counter/2/0/0/0,26375:1747647671387:,1747647682405
counter/6/0/0/0,22117:1747647668426:,1747647682405
counter/10/0/0/0,20338:1747647665332:,1747647682405
counter/8/0/0/0,23886:1747647668142:,1747647682405
counter/7/0/0/0,21414:1747647666780:,1747647682406
counter/5/0/0/0,22859:1747647668100:,1747647682406
counter/2/0/0/0,26376:1747647671388:,1747647682406
counter/6/0/0/0,22118:1747647668426:,1747647682406
counter/10/0/0/0,20339:1747647665332:,1747647682406
counter/8/0/0/0,23887:1747647668142:,1747647682406
counter/7/0/0/0,21415:1747647666780:,1747647682406
counter/5/0/0/0,22860:1747647668100:,1747647682406
counter/2/0/0/0,26377:1747647671388:,1747647682406
counter/6/0/0/0,22119:1747647668426:,1747647682406
counter/10/0/0/0,20340:1747647665332:,1747647682406
counter/8/0/0/0,23888:1747647668142:,1747647682406
counter/7/0/0/0,21416:1747647666781:,1747647682406
counter/5/0/0/0,22861:1747647668100:,1747647682406
counter/2/0/0/0,26378:1747647671388:,1747647682406
counter/6/0/0/0,22120:1747647668426:,1747647682406
counter/10/0/0/0,20341:1747647665332:,1747647682406
counter/8/0/0/0,23889:1747647668142:,1747647682406
counter/7/0/0/0,21417:1747647666781:,1747647682406
counter/5/0/0/0,22862:1747647668100:,1747647682406
counter/2/0/0/0,26379:1747647671388:,1747647682406
counter/6/0/0/0,22121:1747647668426:,1747647682406
counter/10/0/0/0,20342:1747647665332:,1747647682406
counter/8/0/0/0,23890:1747647668142:,1747647682406
counter/7/0/0/0,21418:1747647666794:,1747647682406
counter/5/0/0/0,22863:1747647668100:,1747647682406
counter/2/0/0/0,26380:1747647671388:,1747647682406
counter/6/0/0/0,22122:1747647668426:,1747647682406
counter/10/0/0/0,20343:1747647665332:,1747647682406
counter/8/0/0/0,23891:1747647668142:,1747647682406
counter/7/0/0/0,21419:1747647666794:,1747647682406
counter/5/0/0/0,22864:1747647668100:,1747647682406
counter/2/0/0/0,26381:1747647671388:,1747647682406
counter/6/0/0/0,22123:1747647668454:,1747647682406
counter/10/0/0/0,20344:1747647665332:,1747647682406
counter/8/0/0/0,23892:1747647668142:,1747647682406
counter/7/0/0/0,21420:1747647666794:,1747647682406
counter/2/0/0/0,26382:1747647671388:,1747647682406
counter/6/0/0/0,22124:1747647668458:,1747647682406
counter/10/0/0/0,20345:1747647665332:,1747647682406
counter/8/0/0/0,23893:1747647668142:,1747647682406
counter/7/0/0/0,21421:1747647666794:,1747647682406
counter/2/0/0/0,26383:1747647671388:,1747647682406
counter/6/0/0/0,22125:1747647668458:,1747647682407
counter/10/0/0/0,20346:1747647665332:,1747647682407
counter/8/0/0/0,23894:1747647668142:,1747647682407
counter/7/0/0/0,21422:1747647666795:,1747647682407
counter/2/0/0/0,26384:1747647671388:,1747647682407
counter/6/0/0/0,22126:1747647668458:,1747647682407
counter/10/0/0/0,20347:1747647665332:,1747647682407
counter/8/0/0/0,23895:1747647668142:,1747647682407
counter/7/0/0/0,21423:1747647666795:,1747647682407
counter/2/0/0/0,26385:1747647671401:,1747647682407
counter/6/0/0/0,22127:1747647668458:,1747647682407
counter/10/0/0/0,20348:1747647665337:,1747647682407
counter/8/0/0/0,23896:1747647668142:,1747647682407
counter/7/0/0/0,21424:1747647666795:,1747647682407
counter/2/0/0/0,26386:1747647671402:,1747647682407
counter/6/0/0/0,22128:1747647668458:,1747647682407
counter/10/0/0/0,20349:1747647665337:,1747647682407
counter/8/0/0/0,23897:1747647668142:,1747647682407
counter/7/0/0/0,21425:1747647666795:,1747647682407
counter/2/0/0/0,26387:1747647671402:,1747647682407
counter/6/0/0/0,22129:1747647668458:,1747647682407
counter/10/0/0/0,20350:1747647665337:,1747647682407
counter/8/0/0/0,23898:1747647668142:,1747647682407
counter/7/0/0/0,21426:1747647666795:,1747647682407
counter/2/0/0/0,26388:1747647671402:,1747647682407
counter/6/0/0/0,22130:1747647668459:,1747647682407
counter/10/0/0/0,20351:1747647665337:,1747647682407
counter/8/0/0/0,23899:1747647668142:,1747647682407
counter/7/0/0/0,21427:1747647666795:,1747647682407
counter/6/0/0/0,22131:1747647668459:,1747647682407
counter/10/0/0/0,20352:1747647665337:,1747647682407
counter/8/0/0/0,23900:1747647668142:,1747647682407
counter/7/0/0/0,21428:1747647666795:,1747647682407
counter/6/0/0/0,22132:1747647668459:,1747647682407
counter/10/0/0/0,20353:1747647665337:,1747647682407
counter/8/0/0/0,23901:1747647668143:,1747647682407
counter/7/0/0/0,21429:1747647666795:,1747647682407
counter/6/0/0/0,22133:1747647668459:,1747647682407
counter/10/0/0/0,20354:1747647665337:,1747647682407
counter/8/0/0/0,23902:1747647668149:,1747647682407
counter/7/0/0/0,21430:1747647666795:,1747647682408
counter/6/0/0/0,22134:1747647668465:,1747647682408
counter/10/0/0/0,20355:1747647665337:,1747647682408
counter/8/0/0/0,23903:1747647668149:,1747647682408
counter/7/0/0/0,21431:1747647666795:,1747647682408
counter/6/0/0/0,22135:1747647668480:,1747647682408
counter/10/0/0/0,20356:1747647665337:,1747647682408
counter/8/0/0/0,23904:1747647668149:,1747647682408
counter/7/0/0/0,21432:1747647666795:,1747647682408
counter/6/0/0/0,22136:1747647668480:,1747647682408
counter/10/0/0/0,20357:1747647665337:,1747647682408
counter/8/0/0/0,23905:1747647668149:,1747647682408
counter/7/0/0/0,21433:1747647666795:,1747647682408
counter/6/0/0/0,22137:1747647668480:,1747647682408
counter/10/0/0/0,20358:1747647665337:,1747647682408
counter/8/0/0/0,23906:1747647668149:,1747647682408
counter/7/0/0/0,21434:1747647666795:,1747647682408
counter/6/0/0/0,22138:1747647668480:,1747647682408
counter/10/0/0/0,20359:1747647665337:,1747647682408
counter/8/0/0/0,23907:1747647668149:,1747647682408
counter/7/0/0/0,21435:1747647666795:,1747647682408
counter/6/0/0/0,22139:1747647668488:,1747647682408
counter/10/0/0/0,20360:1747647665337:,1747647682408
counter/8/0/0/0,23908:1747647668149:,1747647682408
counter/7/0/0/0,21436:1747647666806:,1747647682408
counter/6/0/0/0,22140:1747647668506:,1747647682408
counter/10/0/0/0,20361:1747647665337:,1747647682408
counter/8/0/0/0,23909:1747647668149:,1747647682408
counter/7/0/0/0,21437:1747647666806:,1747647682408
counter/6/0/0/0,22141:1747647668506:,1747647682408
counter/10/0/0/0,20362:1747647665337:,1747647682408
counter/8/0/0/0,23910:1747647668149:,1747647682408
counter/7/0/0/0,21438:1747647666806:,1747647682408
counter/6/0/0/0,22142:1747647668506:,1747647682408
counter/10/0/0/0,20363:1747647665337:,1747647682408
counter/8/0/0/0,23911:1747647668153:,1747647682408
counter/7/0/0/0,21439:1747647666806:,1747647682408
counter/6/0/0/0,22143:1747647668506:,1747647682408
counter/10/0/0/0,20364:1747647665337:,1747647682408
counter/8/0/0/0,23912:1747647668153:,1747647682408
counter/7/0/0/0,21440:1747647666806:,1747647682409
counter/6/0/0/0,22144:1747647668506:,1747647682409
counter/10/0/0/0,20365:1747647665337:,1747647682409
counter/8/0/0/0,23913:1747647668153:,1747647682409
counter/7/0/0/0,21441:1747647666806:,1747647682409
counter/6/0/0/0,22145:1747647668506:,1747647682409
counter/10/0/0/0,20366:1747647665337:,1747647682409
counter/8/0/0/0,23914:1747647668153:,1747647682409
counter/7/0/0/0,21442:1747647666806:,1747647682409
counter/6/0/0/0,22146:1747647668506:,1747647682409
counter/10/0/0/0,20367:1747647665338:,1747647682409
counter/8/0/0/0,23915:1747647668153:,1747647682409
counter/7/0/0/0,21443:1747647666806:,1747647682409
counter/6/0/0/0,22147:1747647668508:,1747647682409
counter/10/0/0/0,20368:1747647665338:,1747647682409
counter/8/0/0/0,23916:1747647668153:,1747647682409
counter/7/0/0/0,21444:1747647666809:,1747647682409
counter/6/0/0/0,22148:1747647668508:,1747647682409
counter/10/0/0/0,20369:1747647665338:,1747647682409
counter/8/0/0/0,23917:1747647668153:,1747647682409
counter/7/0/0/0,21445:1747647666809:,1747647682409
counter/6/0/0/0,22149:1747647668508:,1747647682409
counter/10/0/0/0,20370:1747647665339:,1747647682409
counter/8/0/0/0,23918:1747647668153:,1747647682409
counter/7/0/0/0,21446:1747647666809:,1747647682409
counter/6/0/0/0,22150:1747647668508:,1747647682409
counter/10/0/0/0,20371:1747647665339:,1747647682409
counter/8/0/0/0,23919:1747647668153:,1747647682409
counter/7/0/0/0,21447:1747647666809:,1747647682409
counter/6/0/0/0,22151:1747647668509:,1747647682409
counter/10/0/0/0,20372:1747647665339:,1747647682409
counter/8/0/0/0,23920:1747647668153:,1747647682409
counter/7/0/0/0,21448:1747647666810:,1747647682409
counter/6/0/0/0,22152:1747647668509:,1747647682409
counter/10/0/0/0,20373:1747647665339:,1747647682409
counter/8/0/0/0,23921:1747647668153:,1747647682409
counter/7/0/0/0,21449:1747647666810:,1747647682409
counter/6/0/0/0,22153:1747647668509:,1747647682409
counter/10/0/0/0,20374:1747647665339:,1747647682409
counter/8/0/0/0,23922:1747647668153:,1747647682409
counter/7/0/0/0,21450:1747647666826:,1747647682409
counter/6/0/0/0,22154:1747647668510:,1747647682410
counter/10/0/0/0,20375:1747647665339:,1747647682410
counter/8/0/0/0,23923:1747647668153:,1747647682410
counter/7/0/0/0,21451:1747647666826:,1747647682410
counter/6/0/0/0,22155:1747647668531:,1747647682410
counter/10/0/0/0,20376:1747647665339:,1747647682410
counter/8/0/0/0,23924:1747647668153:,1747647682410
counter/7/0/0/0,21452:1747647666826:,1747647682410
counter/6/0/0/0,22156:1747647668531:,1747647682410
counter/10/0/0/0,20377:1747647665339:,1747647682410
counter/8/0/0/0,23925:1747647668154:,1747647682410
counter/7/0/0/0,21453:1747647666826:,1747647682410
counter/6/0/0/0,22157:1747647668534:,1747647682410
counter/10/0/0/0,20378:1747647665339:,1747647682410
counter/8/0/0/0,23926:1747647668154:,1747647682410
counter/7/0/0/0,21454:1747647666826:,1747647682410
counter/6/0/0/0,22158:1747647668534:,1747647682410
counter/10/0/0/0,20379:1747647665339:,1747647682410
counter/8/0/0/0,23927:1747647668154:,1747647682410
counter/7/0/0/0,21455:1747647666826:,1747647682410
counter/6/0/0/0,22159:1747647668534:,1747647682410
counter/10/0/0/0,20380:1747647665351:,1747647682410
counter/8/0/0/0,23928:1747647668154:,1747647682410
counter/7/0/0/0,21456:1747647666826:,1747647682410
counter/6/0/0/0,22160:1747647668534:,1747647682410
counter/10/0/0/0,20381:1747647665352:,1747647682410
counter/8/0/0/0,23929:1747647668154:,1747647682410
counter/7/0/0/0,21457:1747647666827:,1747647682410
counter/6/0/0/0,22161:1747647668534:,1747647682410
counter/10/0/0/0,20382:1747647665352:,1747647682410
counter/8/0/0/0,23930:1747647668158:,1747647682410
counter/7/0/0/0,21458:1747647666833:,1747647682410
counter/6/0/0/0,22162:1747647668535:,1747647682410
counter/10/0/0/0,20383:1747647665352:,1747647682410
counter/8/0/0/0,23931:1747647668160:,1747647682410
counter/7/0/0/0,21459:1747647666833:,1747647682410
counter/6/0/0/0,22163:1747647668535:,1747647682410
counter/10/0/0/0,20384:1747647665352:,1747647682410
counter/8/0/0/0,23932:1747647668160:,1747647682410
counter/7/0/0/0,21460:1747647666839:,1747647682410
counter/6/0/0/0,22164:1747647668535:,1747647682411
counter/10/0/0/0,20385:1747647665352:,1747647682411
counter/8/0/0/0,23933:1747647668160:,1747647682411
counter/7/0/0/0,21461:1747647666839:,1747647682411
counter/6/0/0/0,22165:1747647668535:,1747647682411
counter/10/0/0/0,20386:1747647665352:,1747647682411
counter/8/0/0/0,23934:1747647668160:,1747647682411
counter/7/0/0/0,21462:1747647666839:,1747647682411
counter/6/0/0/0,22166:1747647668535:,1747647682411
counter/10/0/0/0,20387:1747647665352:,1747647682411
counter/8/0/0/0,23935:1747647668160:,1747647682411
counter/7/0/0/0,21463:1747647666839:,1747647682411
counter/6/0/0/0,22167:1747647668535:,1747647682411
counter/10/0/0/0,20388:1747647665352:,1747647682411
counter/8/0/0/0,23936:1747647668160:,1747647682411
counter/7/0/0/0,21464:1747647666839:,1747647682411
counter/6/0/0/0,22168:1747647668535:,1747647682411
counter/10/0/0/0,20389:1747647665352:,1747647682411
counter/8/0/0/0,23937:1747647668160:,1747647682411
counter/7/0/0/0,21465:1747647666839:,1747647682411
counter/6/0/0/0,22169:1747647668542:,1747647682411
counter/10/0/0/0,20390:1747647665352:,1747647682411
counter/8/0/0/0,23938:1747647668160:,1747647682411
counter/7/0/0/0,21466:1747647666841:,1747647682411
counter/6/0/0/0,22170:1747647668542:,1747647682411
counter/10/0/0/0,20391:1747647665353:,1747647682411
counter/8/0/0/0,23939:1747647668160:,1747647682411
counter/7/0/0/0,21467:1747647666841:,1747647682411
counter/6/0/0/0,22171:1747647668542:,1747647682411
counter/10/0/0/0,20392:1747647665353:,1747647682411
counter/8/0/0/0,23940:1747647668160:,1747647682411
counter/7/0/0/0,21468:1747647666841:,1747647682411
counter/6/0/0/0,22172:1747647668542:,1747647682411
counter/10/0/0/0,20393:1747647665353:,1747647682411
counter/8/0/0/0,23941:1747647668160:,1747647682411
counter/7/0/0/0,21469:1747647666841:,1747647682411
counter/6/0/0/0,22173:1747647668542:,1747647682411
counter/10/0/0/0,20394:1747647665353:,1747647682411
counter/8/0/0/0,23942:1747647668161:,1747647682411
counter/7/0/0/0,21470:1747647666841:,1747647682411
counter/6/0/0/0,22174:1747647668545:,1747647682411
counter/10/0/0/0,20395:1747647665353:,1747647682411
counter/8/0/0/0,23943:1747647668161:,1747647682412
counter/7/0/0/0,21471:1747647666841:,1747647682412
counter/6/0/0/0,22175:1747647668545:,1747647682412
counter/10/0/0/0,20396:1747647665353:,1747647682412
counter/8/0/0/0,23944:1747647668161:,1747647682412
counter/7/0/0/0,21472:1747647666841:,1747647682412
counter/6/0/0/0,22176:1747647668545:,1747647682412
counter/10/0/0/0,20397:1747647665353:,1747647682412
counter/8/0/0/0,23945:1747647668161:,1747647682412
counter/7/0/0/0,21473:1747647666841:,1747647682412
counter/6/0/0/0,22177:1747647668545:,1747647682412
counter/10/0/0/0,20398:1747647665353:,1747647682412
counter/8/0/0/0,23946:1747647668164:,1747647682412
counter/7/0/0/0,21474:1747647666841:,1747647682412
counter/6/0/0/0,22178:1747647668545:,1747647682412
counter/10/0/0/0,20399:1747647665353:,1747647682412
counter/8/0/0/0,23947:1747647668164:,1747647682412
counter/7/0/0/0,21475:1747647666841:,1747647682412
counter/6/0/0/0,22179:1747647668545:,1747647682412
counter/10/0/0/0,20400:1747647665353:,1747647682412
counter/8/0/0/0,23948:1747647668164:,1747647682412
counter/7/0/0/0,21476:1747647666841:,1747647682412
counter/6/0/0/0,22180:1747647668545:,1747647682412
counter/10/0/0/0,20401:1747647665353:,1747647682412
counter/8/0/0/0,23949:1747647668164:,1747647682412
counter/7/0/0/0,21477:1747647666841:,1747647682412
counter/6/0/0/0,22181:1747647668545:,1747647682412
counter/10/0/0/0,20402:1747647665353:,1747647682412
counter/8/0/0/0,23950:1747647668164:,1747647682412
counter/7/0/0/0,21478:1747647666841:,1747647682412
counter/6/0/0/0,22182:1747647668545:,1747647682412
counter/10/0/0/0,20403:1747647665353:,1747647682412
counter/8/0/0/0,23951:1747647668164:,1747647682412
counter/7/0/0/0,21479:1747647666841:,1747647682412
counter/6/0/0/0,22183:1747647668545:,1747647682412
counter/10/0/0/0,20404:1747647665353:,1747647682412
counter/8/0/0/0,23952:1747647668164:,1747647682412
counter/7/0/0/0,21480:1747647666841:,1747647682412
counter/6/0/0/0,22184:1747647668545:,1747647682412
counter/10/0/0/0,20405:1747647665353:,1747647682412
counter/8/0/0/0,23953:1747647668164:,1747647682412
counter/7/0/0/0,21481:1747647666841:,1747647682413
counter/6/0/0/0,22185:1747647668545:,1747647682413
counter/10/0/0/0,20406:1747647665359:,1747647682413
counter/8/0/0/0,23954:1747647668165:,1747647682413
counter/7/0/0/0,21482:1747647666841:,1747647682413
counter/6/0/0/0,22186:1747647668545:,1747647682413
counter/10/0/0/0,20407:1747647665359:,1747647682413
counter/8/0/0/0,23955:1747647668165:,1747647682413
counter/7/0/0/0,21483:1747647666841:,1747647682413
counter/6/0/0/0,22187:1747647668545:,1747647682413
counter/10/0/0/0,20408:1747647665359:,1747647682413
counter/8/0/0/0,23956:1747647668165:,1747647682413
counter/7/0/0/0,21484:1747647666841:,1747647682413
counter/4/0/0/0,20461:1747647667500:,1747647682413
counter/6/0/0/0,22188:1747647668546:,1747647682413
counter/10/0/0/0,20409:1747647665359:,1747647682413
counter/8/0/0/0,23957:1747647668165:,1747647682413
counter/7/0/0/0,21485:1747647666841:,1747647682413
counter/6/0/0/0,22189:1747647668547:,1747647682413
counter/10/0/0/0,20410:1747647665359:,1747647682413
counter/8/0/0/0,23958:1747647668165:,1747647682413
counter/7/0/0/0,21486:1747647666841:,1747647682413
counter/3/0/0/0,21671:1747647668077:,1747647682413
counter/2/0/0/0,26389:1747647671402:,1747647682413
counter/6/0/0/0,22190:1747647668547:,1747647682413
counter/10/0/0/0,20411:1747647665360:,1747647682413
counter/8/0/0/0,23959:1747647668166:,1747647682413
counter/7/0/0/0,21487:1747647666841:,1747647682413
counter/5/0/0/0,22865:1747647668100:,1747647682413
counter/6/0/0/0,22191:1747647668547:,1747647682413
counter/10/0/0/0,20412:1747647665360:,1747647682413
counter/8/0/0/0,23960:1747647668166:,1747647682413
counter/7/0/0/0,21488:1747647666841:,1747647682413
counter/6/0/0/0,22192:1747647668548:,1747647682413
counter/10/0/0/0,20413:1747647665360:,1747647682413
counter/8/0/0/0,23961:1747647668166:,1747647682413
counter/7/0/0/0,21489:1747647666841:,1747647682413
counter/6/0/0/0,22193:1747647668548:,1747647682414
counter/10/0/0/0,20414:1747647665360:,1747647682414
counter/8/0/0/0,23962:1747647668169:,1747647682414
counter/7/0/0/0,21490:1747647666842:,1747647682414
counter/6/0/0/0,22194:1747647668548:,1747647682414
counter/10/0/0/0,20415:1747647665360:,1747647682414
counter/8/0/0/0,23963:1747647668169:,1747647682414
counter/7/0/0/0,21491:1747647666842:,1747647682414
counter/6/0/0/0,22195:1747647668548:,1747647682414
counter/10/0/0/0,20416:1747647665360:,1747647682414
counter/8/0/0/0,23964:1747647668169:,1747647682414
counter/7/0/0/0,21492:1747647666842:,1747647682414
counter/6/0/0/0,22196:1747647668548:,1747647682414
counter/10/0/0/0,20417:1747647665360:,1747647682414
counter/8/0/0/0,23965:1747647668169:,1747647682414
counter/7/0/0/0,21493:1747647666842:,1747647682414
counter/6/0/0/0,22197:1747647668552:,1747647682414
counter/10/0/0/0,20418:1747647665361:,1747647682414
counter/8/0/0/0,23966:1747647668169:,1747647682414
counter/7/0/0/0,21494:1747647666842:,1747647682414
counter/6/0/0/0,22198:1747647668552:,1747647682414
counter/10/0/0/0,20419:1747647665361:,1747647682414
counter/8/0/0/0,23967:1747647668169:,1747647682414
counter/7/0/0/0,21495:1747647666844:,1747647682414
counter/6/0/0/0,22199:1747647668552:,1747647682414
counter/10/0/0/0,20420:1747647665361:,1747647682414
counter/8/0/0/0,23968:1747647668169:,1747647682414
counter/7/0/0/0,21496:1747647666844:,1747647682414
counter/6/0/0/0,22200:1747647668552:,1747647682414
counter/10/0/0/0,20421:1747647665361:,1747647682414
counter/8/0/0/0,23969:1747647668169:,1747647682414
counter/7/0/0/0,21497:1747647666844:,1747647682414
counter/6/0/0/0,22201:1747647668552:,1747647682414
counter/10/0/0/0,20422:1747647665361:,1747647682414
counter/8/0/0/0,23970:1747647668169:,1747647682414
counter/7/0/0/0,21498:1747647666844:,1747647682414
counter/6/0/0/0,22202:1747647668552:,1747647682414
counter/10/0/0/0,20423:1747647665361:,1747647682414
counter/8/0/0/0,23971:1747647668169:,1747647682414
counter/7/0/0/0,21499:1747647666844:,1747647682414
counter/6/0/0/0,22203:1747647668552:,1747647682414
counter/10/0/0/0,20424:1747647665361:,1747647682414
counter/8/0/0/0,23972:1747647668169:,1747647682415
counter/7/0/0/0,21500:1747647666844:,1747647682415
counter/6/0/0/0,22204:1747647668552:,1747647682415
counter/10/0/0/0,20425:1747647665361:,1747647682415
counter/8/0/0/0,23973:1747647668170:,1747647682415
counter/7/0/0/0,21501:1747647666844:,1747647682415
counter/6/0/0/0,22205:1747647668552:,1747647682415
counter/10/0/0/0,20426:1747647665365:,1747647682415
counter/8/0/0/0,23974:1747647668170:,1747647682415
counter/7/0/0/0,21502:1747647666844:,1747647682415
counter/6/0/0/0,22206:1747647668552:,1747647682415
counter/10/0/0/0,20427:1747647665366:,1747647682415
counter/8/0/0/0,23975:1747647668181:,1747647682415
counter/7/0/0/0,21503:1747647666844:,1747647682415
counter/6/0/0/0,22207:1747647668552:,1747647682415
counter/10/0/0/0,20428:1747647665367:,1747647682415
counter/8/0/0/0,23976:1747647668186:,1747647682415
counter/7/0/0/0,21504:1747647666844:,1747647682415
counter/6/0/0/0,22208:1747647668552:,1747647682415
counter/10/0/0/0,20429:1747647665370:,1747647682415
counter/8/0/0/0,23977:1747647668186:,1747647682415
counter/7/0/0/0,21505:1747647666844:,1747647682415
counter/6/0/0/0,22209:1747647668552:,1747647682415
counter/10/0/0/0,20430:1747647665370:,1747647682415
counter/8/0/0/0,23978:1747647668186:,1747647682415
counter/7/0/0/0,21506:1747647666844:,1747647682415
counter/6/0/0/0,22210:1747647668552:,1747647682415
counter/10/0/0/0,20431:1747647665370:,1747647682415
counter/8/0/0/0,23979:1747647668186:,1747647682415
counter/7/0/0/0,21507:1747647666844:,1747647682415
counter/6/0/0/0,22211:1747647668552:,1747647682415
counter/10/0/0/0,20432:1747647665370:,1747647682415
counter/8/0/0/0,23980:1747647668186:,1747647682415
counter/7/0/0/0,21508:1747647666847:,1747647682415
counter/6/0/0/0,22212:1747647668552:,1747647682415
counter/10/0/0/0,20433:1747647665370:,1747647682415
counter/8/0/0/0,23981:1747647668187:,1747647682415
counter/7/0/0/0,21509:1747647666853:,1747647682416
counter/6/0/0/0,22213:1747647668553:,1747647682416
counter/10/0/0/0,20434:1747647665370:,1747647682416
counter/8/0/0/0,23982:1747647668187:,1747647682416
counter/7/0/0/0,21510:1747647666853:,1747647682416
counter/6/0/0/0,22214:1747647668553:,1747647682416
counter/10/0/0/0,20435:1747647665371:,1747647682416
counter/8/0/0/0,23983:1747647668187:,1747647682416
counter/7/0/0/0,21511:1747647666853:,1747647682416
counter/6/0/0/0,22215:1747647668553:,1747647682416
counter/10/0/0/0,20436:1747647665373:,1747647682416
counter/8/0/0/0,23984:1747647668187:,1747647682416
counter/7/0/0/0,21512:1747647666855:,1747647682416
counter/6/0/0/0,22216:1747647668553:,1747647682416
counter/10/0/0/0,20437:1747647665373:,1747647682416
counter/8/0/0/0,23985:1747647668187:,1747647682416
counter/7/0/0/0,21513:1747647666857:,1747647682416
counter/6/0/0/0,22217:1747647668553:,1747647682416
counter/10/0/0/0,20438:1747647665373:,1747647682416
counter/8/0/0/0,23986:1747647668187:,1747647682416
counter/7/0/0/0,21514:1747647666869:,1747647682416
counter/6/0/0/0,22218:1747647668565:,1747647682416
counter/10/0/0/0,20439:1747647665373:,1747647682416
counter/8/0/0/0,23987:1747647668187:,1747647682416
counter/7/0/0/0,21515:1747647666869:,1747647682416
counter/6/0/0/0,22219:1747647668565:,1747647682416
counter/10/0/0/0,20440:1747647665376:,1747647682416
counter/8/0/0/0,23988:1747647668187:,1747647682416
counter/7/0/0/0,21516:1747647666869:,1747647682416
counter/6/0/0/0,22220:1747647668566:,1747647682416
counter/10/0/0/0,20441:1747647665376:,1747647682416
counter/8/0/0/0,23989:1747647668198:,1747647682416
counter/7/0/0/0,21517:1747647666869:,1747647682416
counter/6/0/0/0,22221:1747647668566:,1747647682416
counter/10/0/0/0,20442:1747647665376:,1747647682416
counter/8/0/0/0,23990:1747647668198:,1747647682416
counter/7/0/0/0,21518:1747647666869:,1747647682416
counter/6/0/0/0,22222:1747647668566:,1747647682416
counter/10/0/0/0,20443:1747647665376:,1747647682416
counter/8/0/0/0,23991:1747647668200:,1747647682416
counter/7/0/0/0,21519:1747647666869:,1747647682416
counter/6/0/0/0,22223:1747647668566:,1747647682417
counter/10/0/0/0,20444:1747647665376:,1747647682417
counter/8/0/0/0,23992:1747647668200:,1747647682417
counter/7/0/0/0,21520:1747647666869:,1747647682417
counter/6/0/0/0,22224:1747647668566:,1747647682417
counter/10/0/0/0,20445:1747647665376:,1747647682417
counter/8/0/0/0,23993:1747647668201:,1747647682417
counter/7/0/0/0,21521:1747647666869:,1747647682417
counter/6/0/0/0,22225:1747647668566:,1747647682417
counter/10/0/0/0,20446:1747647665376:,1747647682417
counter/8/0/0/0,23994:1747647668201:,1747647682417
counter/7/0/0/0,21522:1747647666869:,1747647682417
counter/6/0/0/0,22226:1747647668566:,1747647682417
counter/10/0/0/0,20447:1747647665376:,1747647682417
counter/8/0/0/0,23995:1747647668201:,1747647682417
counter/7/0/0/0,21523:1747647666882:,1747647682417
counter/6/0/0/0,22227:1747647668566:,1747647682417
counter/10/0/0/0,20448:1747647665376:,1747647682417
counter/8/0/0/0,23996:1747647668201:,1747647682417
counter/7/0/0/0,21524:1747647666882:,1747647682417
counter/6/0/0/0,22228:1747647668566:,1747647682417
counter/10/0/0/0,20449:1747647665376:,1747647682417
counter/8/0/0/0,23997:1747647668201:,1747647682417
counter/7/0/0/0,21525:1747647666882:,1747647682417
counter/6/0/0/0,22229:1747647668567:,1747647682417
counter/10/0/0/0,20450:1747647665376:,1747647682417
counter/8/0/0/0,23998:1747647668201:,1747647682417
counter/7/0/0/0,21526:1747647666882:,1747647682417
counter/6/0/0/0,22230:1747647668567:,1747647682417
counter/10/0/0/0,20451:1747647665376:,1747647682417
counter/8/0/0/0,23999:1747647668201:,1747647682417
counter/7/0/0/0,21527:1747647666882:,1747647682417
counter/6/0/0/0,22231:1747647668567:,1747647682417
counter/10/0/0/0,20452:1747647665376:,1747647682417
counter/8/0/0/0,24000:1747647668201:,1747647682417
counter/7/0/0/0,21528:1747647666882:,1747647682417
counter/6/0/0/0,22232:1747647668567:,1747647682417
counter/10/0/0/0,20453:1747647665376:,1747647682417
counter/8/0/0/0,24001:1747647668205:,1747647682417
counter/7/0/0/0,21529:1747647666882:,1747647682417
counter/6/0/0/0,22233:1747647668567:,1747647682418
counter/10/0/0/0,20454:1747647665377:,1747647682418
counter/8/0/0/0,24002:1747647668205:,1747647682418
counter/7/0/0/0,21530:1747647666882:,1747647682418
counter/6/0/0/0,22234:1747647668567:,1747647682418
counter/10/0/0/0,20455:1747647665377:,1747647682418
counter/8/0/0/0,24003:1747647668205:,1747647682418
counter/7/0/0/0,21531:1747647666882:,1747647682418
counter/6/0/0/0,22235:1747647668567:,1747647682418
counter/10/0/0/0,20456:1747647665377:,1747647682418
counter/8/0/0/0,24004:1747647668205:,1747647682418
counter/7/0/0/0,21532:1747647666890:,1747647682418
counter/6/0/0/0,22236:1747647668567:,1747647682418
counter/10/0/0/0,20457:1747647665382:,1747647682418
counter/8/0/0/0,24005:1747647668205:,1747647682418
counter/7/0/0/0,21533:1747647666890:,1747647682418
counter/6/0/0/0,22237:1747647668567:,1747647682418
counter/10/0/0/0,20458:1747647665382:,1747647682418
counter/8/0/0/0,24006:1747647668205:,1747647682418
counter/7/0/0/0,21534:1747647666890:,1747647682418
counter/6/0/0/0,22238:1747647668567:,1747647682418
counter/10/0/0/0,20459:1747647665382:,1747647682418
counter/8/0/0/0,24007:1747647668205:,1747647682418
counter/7/0/0/0,21535:1747647666890:,1747647682418
counter/6/0/0/0,22239:1747647668570:,1747647682418
counter/10/0/0/0,20460:1747647665382:,1747647682418
counter/8/0/0/0,24008:1747647668205:,1747647682418
counter/7/0/0/0,21536:1747647666890:,1747647682418
counter/6/0/0/0,22240:1747647668571:,1747647682418
counter/10/0/0/0,20461:1747647665382:,1747647682418
counter/8/0/0/0,24009:1747647668205:,1747647682418
counter/7/0/0/0,21537:1747647666890:,1747647682418
counter/6/0/0/0,22241:1747647668571:,1747647682418
counter/10/0/0/0,20462:1747647665382:,1747647682418
counter/8/0/0/0,24010:1747647668212:,1747647682418
counter/7/0/0/0,21538:1747647666890:,1747647682418
counter/6/0/0/0,22242:1747647668571:,1747647682418
counter/10/0/0/0,20463:1747647665383:,1747647682418
counter/8/0/0/0,24011:1747647668212:,1747647682418
counter/7/0/0/0,21539:1747647666890:,1747647682419
counter/6/0/0/0,22243:1747647668575:,1747647682419
counter/10/0/0/0,20464:1747647665383:,1747647682419
counter/8/0/0/0,24012:1747647668212:,1747647682419
counter/7/0/0/0,21540:1747647666890:,1747647682419
counter/6/0/0/0,22244:1747647668575:,1747647682419
counter/10/0/0/0,20465:1747647665383:,1747647682419
counter/8/0/0/0,24013:1747647668212:,1747647682419
counter/7/0/0/0,21541:1747647666890:,1747647682419
counter/6/0/0/0,22245:1747647668575:,1747647682419
counter/10/0/0/0,20466:1747647665383:,1747647682419
counter/8/0/0/0,24014:1747647668212:,1747647682419
counter/7/0/0/0,21542:1747647666890:,1747647682419
counter/6/0/0/0,22246:1747647668575:,1747647682419
counter/10/0/0/0,20467:1747647665383:,1747647682419
counter/8/0/0/0,24015:1747647668212:,1747647682419
counter/7/0/0/0,21543:1747647666890:,1747647682419
counter/6/0/0/0,22247:1747647668575:,1747647682419
counter/10/0/0/0,20468:1747647665383:,1747647682419
counter/8/0/0/0,24016:1747647668213:,1747647682419
counter/7/0/0/0,21544:1747647666890:,1747647682419
counter/6/0/0/0,22248:1747647668575:,1747647682419
counter/10/0/0/0,20469:1747647665383:,1747647682419
counter/8/0/0/0,24017:1747647668213:,1747647682419
counter/7/0/0/0,21545:1747647666890:,1747647682419
counter/6/0/0/0,22249:1747647668575:,1747647682419
counter/10/0/0/0,20470:1747647665384:,1747647682419
counter/8/0/0/0,24018:1747647668213:,1747647682419
counter/7/0/0/0,21546:1747647666890:,1747647682419
counter/6/0/0/0,22250:1747647668575:,1747647682419
counter/10/0/0/0,20471:1747647665386:,1747647682419
counter/8/0/0/0,24019:1747647668213:,1747647682419
counter/7/0/0/0,21547:1747647666890:,1747647682419
counter/6/0/0/0,22251:1747647668577:,1747647682419
counter/10/0/0/0,20472:1747647665386:,1747647682419
counter/8/0/0/0,24020:1747647668213:,1747647682419
counter/7/0/0/0,21548:1747647666891:,1747647682419
counter/6/0/0/0,22252:1747647668577:,1747647682419
counter/10/0/0/0,20473:1747647665386:,1747647682419
counter/8/0/0/0,24021:1747647668213:,1747647682419
counter/7/0/0/0,21549:1747647666892:,1747647682419
counter/6/0/0/0,22253:1747647668577:,1747647682420
counter/10/0/0/0,20474:1747647665386:,1747647682420
counter/8/0/0/0,24022:1747647668213:,1747647682420
counter/7/0/0/0,21550:1747647666892:,1747647682420
counter/6/0/0/0,22254:1747647668577:,1747647682420
counter/10/0/0/0,20475:1747647665386:,1747647682420
counter/8/0/0/0,24023:1747647668213:,1747647682420
counter/7/0/0/0,21551:1747647666892:,1747647682420
counter/6/0/0/0,22255:1747647668577:,1747647682420
counter/10/0/0/0,20476:1747647665386:,1747647682420
counter/8/0/0/0,24024:1747647668214:,1747647682420
counter/7/0/0/0,21552:1747647666892:,1747647682420
counter/6/0/0/0,22256:1747647668577:,1747647682420
counter/10/0/0/0,20477:1747647665386:,1747647682420
counter/8/0/0/0,24025:1747647668214:,1747647682420
counter/7/0/0/0,21553:1747647666894:,1747647682420
counter/6/0/0/0,22257:1747647668578:,1747647682420
counter/10/0/0/0,20478:1747647665387:,1747647682420
counter/8/0/0/0,24026:1747647668217:,1747647682420
counter/7/0/0/0,21554:1747647666894:,1747647682420
counter/6/0/0/0,22258:1747647668578:,1747647682420
counter/10/0/0/0,20479:1747647665387:,1747647682420
counter/8/0/0/0,24027:1747647668217:,1747647682420
counter/7/0/0/0,21555:1747647666895:,1747647682420
counter/6/0/0/0,22259:1747647668578:,1747647682420
counter/10/0/0/0,20480:1747647665387:,1747647682420
counter/8/0/0/0,24028:1747647668225:,1747647682420
counter/7/0/0/0,21556:1747647666896:,1747647682420
counter/6/0/0/0,22260:1747647668578:,1747647682420
counter/10/0/0/0,20481:1747647665387:,1747647682420
counter/8/0/0/0,24029:1747647668226:,1747647682420
counter/7/0/0/0,21557:1747647666896:,1747647682420
counter/6/0/0/0,22261:1747647668578:,1747647682420
counter/10/0/0/0,20482:1747647665387:,1747647682420
counter/8/0/0/0,24030:1747647668226:,1747647682420
counter/7/0/0/0,21558:1747647666896:,1747647682421
counter/6/0/0/0,22262:1747647668578:,1747647682421
counter/10/0/0/0,20483:1747647665387:,1747647682421
counter/8/0/0/0,24031:1747647668226:,1747647682421
counter/7/0/0/0,21559:1747647666896:,1747647682421
counter/6/0/0/0,22263:1747647668578:,1747647682421
counter/10/0/0/0,20484:1747647665387:,1747647682421
counter/8/0/0/0,24032:1747647668226:,1747647682421
counter/7/0/0/0,21560:1747647666896:,1747647682421
counter/9/0/0/0,26754:1747647670349:,1747647682421
counter/5/0/0/0,22866:1747647668100:,1747647682421
counter/6/0/0/0,22264:1747647668586:,1747647682421
counter/10/0/0/0,20485:1747647665387:,1747647682421
counter/8/0/0/0,24033:1747647668226:,1747647682421
counter/7/0/0/0,21561:1747647666896:,1747647682421
counter/2/0/0/0,26390:1747647671402:,1747647682421
counter/3/0/0/0,21672:1747647668077:,1747647682421
counter/4/0/0/0,20462:1747647667500:,1747647682421
counter/6/0/0/0,22265:1747647668586:,1747647682421
counter/10/0/0/0,20486:1747647665387:,1747647682421
counter/8/0/0/0,24034:1747647668226:,1747647682421
counter/7/0/0/0,21562:1747647666896:,1747647682421
counter/5/0/0/0,22867:1747647668100:,1747647682421
counter/6/0/0/0,22266:1747647668586:,1747647682421
counter/10/0/0/0,20487:1747647665389:,1747647682421
counter/8/0/0/0,24035:1747647668226:,1747647682421
counter/7/0/0/0,21563:1747647666896:,1747647682421
counter/2/0/0/0,26391:1747647671402:,1747647682421
counter/4/0/0/0,20463:1747647667500:,1747647682421
counter/3/0/0/0,21673:1747647668083:,1747647682421
counter/6/0/0/0,22267:1747647668587:,1747647682421
counter/10/0/0/0,20488:1747647665393:,1747647682421
counter/8/0/0/0,24036:1747647668226:,1747647682421
counter/7/0/0/0,21564:1747647666896:,1747647682421
counter/6/0/0/0,22268:1747647668587:,1747647682421
counter/10/0/0/0,20489:1747647665393:,1747647682421
counter/8/0/0/0,24037:1747647668226:,1747647682421
counter/7/0/0/0,21565:1747647666897:,1747647682421
counter/6/0/0/0,22269:1747647668591:,1747647682421
counter/10/0/0/0,20490:1747647665393:,1747647682421
counter/8/0/0/0,24038:1747647668226:,1747647682421
counter/7/0/0/0,21566:1747647666897:,1747647682421
counter/1/0/0/0,21646:1747647667938:,1747647682422
counter/6/0/0/0,22270:1747647668591:,1747647682422
counter/10/0/0/0,20491:1747647665394:,1747647682422
counter/8/0/0/0,24039:1747647668226:,1747647682422
counter/7/0/0/0,21567:1747647666897:,1747647682422
counter/6/0/0/0,22271:1747647668591:,1747647682422
counter/10/0/0/0,20492:1747647665394:,1747647682422
counter/8/0/0/0,24040:1747647668226:,1747647682422
counter/7/0/0/0,21568:1747647666897:,1747647682422
counter/6/0/0/0,22272:1747647668591:,1747647682422
counter/10/0/0/0,20493:1747647665394:,1747647682422
counter/8/0/0/0,24041:1747647668226:,1747647682422
counter/7/0/0/0,21569:1747647666897:,1747647682422
counter/6/0/0/0,22273:1747647668591:,1747647682422
counter/10/0/0/0,20494:1747647665394:,1747647682422
counter/8/0/0/0,24042:1747647668226:,1747647682422
counter/7/0/0/0,21570:1747647666897:,1747647682422
counter/6/0/0/0,22274:1747647668591:,1747647682422
counter/10/0/0/0,20495:1747647665394:,1747647682422
counter/8/0/0/0,24043:1747647668226:,1747647682422
counter/7/0/0/0,21571:1747647666897:,1747647682422
counter/6/0/0/0,22275:1747647668591:,1747647682422
counter/10/0/0/0,20496:1747647665394:,1747647682422
counter/8/0/0/0,24044:1747647668226:,1747647682422
counter/7/0/0/0,21572:1747647666897:,1747647682422
counter/6/0/0/0,22276:1747647668591:,1747647682422
counter/10/0/0/0,20497:1747647665394:,1747647682422
counter/8/0/0/0,24045:1747647668238:,1747647682422
counter/7/0/0/0,21573:1747647666897:,1747647682422
counter/6/0/0/0,22277:1747647668591:,1747647682422
counter/10/0/0/0,20498:1747647665394:,1747647682422
counter/8/0/0/0,24046:1747647668239:,1747647682422
counter/7/0/0/0,21574:1747647666898:,1747647682422
counter/6/0/0/0,22278:1747647668591:,1747647682422
counter/10/0/0/0,20499:1747647665394:,1747647682422
counter/8/0/0/0,24047:1747647668239:,1747647682422
counter/7/0/0/0,21575:1747647666899:,1747647682422
counter/6/0/0/0,22279:1747647668591:,1747647682422
counter/10/0/0/0,20500:1747647665396:,1747647682422
counter/8/0/0/0,24048:1747647668239:,1747647682422
counter/7/0/0/0,21576:1747647666899:,1747647682422
counter/6/0/0/0,22280:1747647668592:,1747647682422
counter/10/0/0/0,20501:1747647665397:,1747647682423
counter/8/0/0/0,24049:1747647668239:,1747647682423
counter/7/0/0/0,21577:1747647666899:,1747647682423
counter/6/0/0/0,22281:1747647668592:,1747647682423
counter/10/0/0/0,20502:1747647665401:,1747647682423
counter/8/0/0/0,24050:1747647668239:,1747647682423
counter/7/0/0/0,21578:1747647666899:,1747647682423
counter/6/0/0/0,22282:1747647668592:,1747647682423
counter/10/0/0/0,20503:1747647665401:,1747647682423
counter/8/0/0/0,24051:1747647668239:,1747647682423
counter/7/0/0/0,21579:1747647666899:,1747647682423
counter/6/0/0/0,22283:1747647668592:,1747647682423
counter/10/0/0/0,20504:1747647665401:,1747647682423
counter/8/0/0/0,24052:1747647668239:,1747647682423
counter/7/0/0/0,21580:1747647666899:,1747647682423
counter/1/0/0/0,21647:1747647667938:,1747647682423
counter/9/0/0/0,26755:1747647670349:,1747647682423
counter/6/0/0/0,22284:1747647668598:,1747647682423
counter/10/0/0/0,20505:1747647665401:,1747647682423
counter/8/0/0/0,24053:1747647668239:,1747647682423
counter/7/0/0/0,21581:1747647666899:,1747647682423
counter/4/0/0/0,20464:1747647667500:,1747647682423
counter/6/0/0/0,22285:1747647668599:,1747647682423
counter/10/0/0/0,20506:1747647665401:,1747647682423
counter/8/0/0/0,24054:1747647668242:,1747647682423
counter/7/0/0/0,21582:1747647666899:,1747647682423
counter/6/0/0/0,22286:1747647668599:,1747647682423
counter/10/0/0/0,20507:1747647665401:,1747647682423
counter/8/0/0/0,24055:1747647668242:,1747647682423
counter/7/0/0/0,21583:1747647666899:,1747647682423
counter/6/0/0/0,22287:1747647668599:,1747647682423
counter/10/0/0/0,20508:1747647665401:,1747647682423
counter/8/0/0/0,24056:1747647668242:,1747647682423
counter/7/0/0/0,21584:1747647666899:,1747647682423
counter/6/0/0/0,22288:1747647668599:,1747647682423
counter/10/0/0/0,20509:1747647665401:,1747647682423
counter/8/0/0/0,24057:1747647668242:,1747647682423
counter/7/0/0/0,21585:1747647666911:,1747647682423
counter/5/0/0/0,22868:1747647668102:,1747647682424
counter/6/0/0/0,22289:1747647668599:,1747647682424
counter/10/0/0/0,20510:1747647665401:,1747647682424
counter/8/0/0/0,24058:1747647668242:,1747647682424
counter/7/0/0/0,21586:1747647666911:,1747647682424
counter/9/0/0/0,26756:1747647670349:,1747647682424
counter/4/0/0/0,20465:1747647667500:,1747647682424
counter/6/0/0/0,22290:1747647668599:,1747647682424
counter/10/0/0/0,20511:1747647665401:,1747647682424
counter/8/0/0/0,24059:1747647668242:,1747647682424
counter/7/0/0/0,21587:1747647666911:,1747647682424
counter/9/0/0/0,26757:1747647670349:,1747647682424
counter/6/0/0/0,22291:1747647668599:,1747647682424
counter/10/0/0/0,20512:1747647665401:,1747647682424
counter/8/0/0/0,24060:1747647668242:,1747647682424
counter/7/0/0/0,21588:1747647666911:,1747647682424
counter/9/0/0/0,26758:1747647670349:,1747647682424
counter/6/0/0/0,22292:1747647668599:,1747647682424
counter/10/0/0/0,20513:1747647665401:,1747647682424
counter/8/0/0/0,24061:1747647668242:,1747647682424
counter/7/0/0/0,21589:1747647666912:,1747647682424
counter/9/0/0/0,26759:1747647670349:,1747647682424
counter/5/0/0/0,22869:1747647668102:,1747647682424
counter/6/0/0/0,22293:1747647668599:,1747647682424
counter/10/0/0/0,20514:1747647665401:,1747647682424
counter/8/0/0/0,24062:1747647668242:,1747647682424
counter/7/0/0/0,21590:1747647666912:,1747647682424
counter/9/0/0/0,26760:1747647670349:,1747647682424
counter/6/0/0/0,22294:1747647668599:,1747647682424
counter/10/0/0/0,20515:1747647665401:,1747647682424
counter/8/0/0/0,24063:1747647668242:,1747647682424
counter/7/0/0/0,21591:1747647666912:,1747647682424
counter/9/0/0/0,26761:1747647670349:,1747647682424
counter/5/0/0/0,22870:1747647668102:,1747647682424
counter/6/0/0/0,22295:1747647668599:,1747647682424
counter/10/0/0/0,20516:1747647665401:,1747647682424
counter/8/0/0/0,24064:1747647668242:,1747647682424
counter/7/0/0/0,21592:1747647666912:,1747647682424
counter/9/0/0/0,26762:1747647670349:,1747647682424
counter/6/0/0/0,22296:1747647668599:,1747647682424
counter/10/0/0/0,20517:1747647665401:,1747647682424
counter/8/0/0/0,24065:1747647668242:,1747647682425
counter/7/0/0/0,21593:1747647666912:,1747647682425
counter/9/0/0/0,26763:1747647670349:,1747647682425
counter/6/0/0/0,22297:1747647668599:,1747647682425
counter/10/0/0/0,20518:1747647665404:,1747647682425
counter/8/0/0/0,24066:1747647668242:,1747647682425
counter/7/0/0/0,21594:1747647666912:,1747647682425
counter/9/0/0/0,26764:1747647670349:,1747647682425
counter/6/0/0/0,22298:1747647668599:,1747647682425
counter/10/0/0/0,20519:1747647665404:,1747647682425
counter/8/0/0/0,24067:1747647668242:,1747647682425
counter/7/0/0/0,21595:1747647666916:,1747647682425
counter/9/0/0/0,26765:1747647670349:,1747647682425
counter/6/0/0/0,22299:1747647668599:,1747647682425
counter/10/0/0/0,20520:1747647665404:,1747647682425
counter/8/0/0/0,24068:1747647668242:,1747647682425
counter/7/0/0/0,21596:1747647666918:,1747647682425
counter/9/0/0/0,26766:1747647670349:,1747647682425
counter/6/0/0/0,22300:1747647668599:,1747647682425
counter/10/0/0/0,20521:1747647665404:,1747647682425
counter/8/0/0/0,24069:1747647668249:,1747647682425
counter/7/0/0/0,21597:1747647666918:,1747647682425
counter/9/0/0/0,26767:1747647670349:,1747647682425
counter/1/0/0/0,21648:1747647667938:,1747647682425
counter/6/0/0/0,22301:1747647668599:,1747647682425
counter/10/0/0/0,20522:1747647665404:,1747647682425
counter/8/0/0/0,24070:1747647668249:,1747647682425
counter/7/0/0/0,21598:1747647666918:,1747647682425
counter/9/0/0/0,26768:1747647670349:,1747647682425
counter/1/0/0/0,21649:1747647667938:,1747647682425
counter/6/0/0/0,22302:1747647668599:,1747647682425
counter/10/0/0/0,20523:1747647665404:,1747647682425
counter/8/0/0/0,24071:1747647668249:,1747647682425
counter/7/0/0/0,21599:1747647666918:,1747647682425
counter/9/0/0/0,26769:1747647670349:,1747647682425
counter/1/0/0/0,21650:1747647667938:,1747647682425
counter/5/0/0/0,22871:1747647668123:,1747647682425
counter/2/0/0/0,26392:1747647671402:,1747647682425
counter/6/0/0/0,22303:1747647668599:,1747647682426
counter/10/0/0/0,20524:1747647665404:,1747647682426
counter/8/0/0/0,24072:1747647668249:,1747647682426
counter/7/0/0/0,21600:1747647666919:,1747647682426
counter/9/0/0/0,26770:1747647670349:,1747647682426
counter/1/0/0/0,21651:1747647667938:,1747647682426
counter/5/0/0/0,22872:1747647668124:,1747647682426
counter/6/0/0/0,22304:1747647668599:,1747647682426
counter/10/0/0/0,20525:1747647665404:,1747647682426
counter/8/0/0/0,24073:1747647668249:,1747647682426
counter/7/0/0/0,21601:1747647666919:,1747647682426
counter/9/0/0/0,26771:1747647670349:,1747647682426
counter/1/0/0/0,21652:1747647667938:,1747647682426
counter/5/0/0/0,22873:1747647668124:,1747647682426
counter/6/0/0/0,22305:1747647668599:,1747647682426
counter/10/0/0/0,20526:1747647665404:,1747647682426
counter/8/0/0/0,24074:1747647668249:,1747647682426
counter/7/0/0/0,21602:1747647666919:,1747647682426
counter/9/0/0/0,26772:1747647670349:,1747647682426
counter/1/0/0/0,21653:1747647667938:,1747647682426
counter/5/0/0/0,22874:1747647668124:,1747647682426
counter/6/0/0/0,22306:1747647668599:,1747647682426
counter/10/0/0/0,20527:1747647665404:,1747647682426
counter/8/0/0/0,24075:1747647668249:,1747647682426
counter/7/0/0/0,21603:1747647666919:,1747647682426
counter/9/0/0/0,26773:1747647670351:,1747647682426
counter/1/0/0/0,21654:1747647667938:,1747647682426
counter/5/0/0/0,22875:1747647668124:,1747647682426
counter/6/0/0/0,22307:1747647668599:,1747647682426
counter/10/0/0/0,20528:1747647665404:,1747647682426
counter/8/0/0/0,24076:1747647668249:,1747647682426
counter/7/0/0/0,21604:1747647666919:,1747647682426
counter/9/0/0/0,26774:1747647670351:,1747647682426
counter/5/0/0/0,22876:1747647668124:,1747647682426
counter/6/0/0/0,22308:1747647668600:,1747647682426
counter/10/0/0/0,20529:1747647665404:,1747647682426
counter/8/0/0/0,24077:1747647668267:,1747647682426
counter/7/0/0/0,21605:1747647666919:,1747647682426
counter/9/0/0/0,26775:1747647670352:,1747647682426
counter/5/0/0/0,22877:1747647668124:,1747647682426
counter/6/0/0/0,22309:1747647668600:,1747647682426
counter/10/0/0/0,20530:1747647665404:,1747647682426
counter/8/0/0/0,24078:1747647668283:,1747647682426
counter/7/0/0/0,21606:1747647666919:,1747647682427
counter/9/0/0/0,26776:1747647670353:,1747647682427
counter/5/0/0/0,22878:1747647668124:,1747647682427
counter/6/0/0/0,22310:1747647668600:,1747647682427
counter/10/0/0/0,20531:1747647665404:,1747647682427
counter/8/0/0/0,24079:1747647668295:,1747647682427
counter/7/0/0/0,21607:1747647666920:,1747647682427
counter/9/0/0/0,26777:1747647670353:,1747647682427
counter/5/0/0/0,22879:1747647668124:,1747647682427
counter/6/0/0/0,22311:1747647668600:,1747647682427
counter/10/0/0/0,20532:1747647665404:,1747647682427
counter/8/0/0/0,24080:1747647668295:,1747647682427
counter/7/0/0/0,21608:1747647666920:,1747647682427
counter/9/0/0/0,26778:1747647670353:,1747647682427
counter/5/0/0/0,22880:1747647668126:,1747647682427
counter/6/0/0/0,22312:1747647668600:,1747647682427
counter/10/0/0/0,20533:1747647665404:,1747647682427
counter/8/0/0/0,24081:1747647668295:,1747647682427
counter/7/0/0/0,21609:1747647666951:,1747647682427
counter/9/0/0/0,26779:1747647670353:,1747647682427
counter/5/0/0/0,22881:1747647668126:,1747647682427
counter/6/0/0/0,22313:1747647668600:,1747647682427
counter/10/0/0/0,20534:1747647665404:,1747647682427
counter/8/0/0/0,24082:1747647668295:,1747647682427
counter/7/0/0/0,21610:1747647666951:,1747647682427
counter/9/0/0/0,26780:1747647670353:,1747647682427
counter/5/0/0/0,22882:1747647668126:,1747647682427
counter/6/0/0/0,22314:1747647668600:,1747647682427
counter/10/0/0/0,20535:1747647665404:,1747647682427
counter/8/0/0/0,24083:1747647668295:,1747647682427
counter/7/0/0/0,21611:1747647666951:,1747647682427
counter/9/0/0/0,26781:1747647670353:,1747647682427
counter/5/0/0/0,22883:1747647668126:,1747647682427
counter/6/0/0/0,22315:1747647668600:,1747647682427
counter/10/0/0/0,20536:1747647665404:,1747647682427
counter/8/0/0/0,24084:1747647668295:,1747647682427
counter/7/0/0/0,21612:1747647666951:,1747647682427
counter/9/0/0/0,26782:1747647670353:,1747647682427
counter/5/0/0/0,22884:1747647668126:,1747647682427
counter/6/0/0/0,22316:1747647668600:,1747647682427
counter/10/0/0/0,20537:1747647665404:,1747647682427
counter/8/0/0/0,24085:1747647668295:,1747647682427
counter/7/0/0/0,21613:1747647666951:,1747647682428
counter/9/0/0/0,26783:1747647670353:,1747647682428
counter/5/0/0/0,22885:1747647668126:,1747647682428
counter/6/0/0/0,22317:1747647668600:,1747647682428
counter/10/0/0/0,20538:1747647665405:,1747647682428
counter/8/0/0/0,24086:1747647668295:,1747647682428
counter/7/0/0/0,21614:1747647666951:,1747647682428
counter/9/0/0/0,26784:1747647670353:,1747647682428
counter/5/0/0/0,22886:1747647668126:,1747647682428
counter/6/0/0/0,22318:1747647668601:,1747647682428
counter/10/0/0/0,20539:1747647665405:,1747647682428
counter/8/0/0/0,24087:1747647668295:,1747647682428
counter/7/0/0/0,21615:1747647666972:,1747647682428
counter/9/0/0/0,26785:1747647670353:,1747647682428
counter/5/0/0/0,22887:1747647668134:,1747647682428
counter/6/0/0/0,22319:1747647668601:,1747647682428
counter/10/0/0/0,20540:1747647665405:,1747647682428
counter/8/0/0/0,24088:1747647668295:,1747647682428
counter/7/0/0/0,21616:1747647666972:,1747647682428
counter/9/0/0/0,26786:1747647670353:,1747647682428
counter/5/0/0/0,22888:1747647668144:,1747647682428
counter/6/0/0/0,22320:1747647668601:,1747647682428
counter/10/0/0/0,20541:1747647665405:,1747647682428
counter/8/0/0/0,24089:1747647668295:,1747647682428
counter/7/0/0/0,21617:1747647666991:,1747647682428
counter/9/0/0/0,26787:1747647670353:,1747647682428
counter/5/0/0/0,22889:1747647668144:,1747647682428
counter/6/0/0/0,22321:1747647668601:,1747647682428
counter/10/0/0/0,20542:1747647665405:,1747647682428
counter/8/0/0/0,24090:1747647668295:,1747647682428
counter/7/0/0/0,21618:1747647666992:,1747647682428
counter/9/0/0/0,26788:1747647670353:,1747647682428
counter/5/0/0/0,22890:1747647668144:,1747647682428
counter/6/0/0/0,22322:1747647668601:,1747647682428
counter/10/0/0/0,20543:1747647665405:,1747647682428
counter/8/0/0/0,24091:1747647668295:,1747647682428
counter/7/0/0/0,21619:1747647666992:,1747647682428
counter/9/0/0/0,26789:1747647670353:,1747647682428
counter/5/0/0/0,22891:1747647668144:,1747647682428
counter/6/0/0/0,22323:1747647668601:,1747647682428
counter/10/0/0/0,20544:1747647665405:,1747647682429
counter/8/0/0/0,24092:1747647668295:,1747647682429
counter/7/0/0/0,21620:1747647666992:,1747647682429
counter/9/0/0/0,26790:1747647670353:,1747647682429
counter/5/0/0/0,22892:1747647668144:,1747647682429
counter/6/0/0/0,22324:1747647668601:,1747647682429
counter/10/0/0/0,20545:1747647665405:,1747647682429
counter/8/0/0/0,24093:1747647668295:,1747647682429
counter/7/0/0/0,21621:1747647666992:,1747647682429
counter/5/0/0/0,22893:1747647668164:,1747647682429
counter/6/0/0/0,22325:1747647668601:,1747647682429
counter/10/0/0/0,20546:1747647665405:,1747647682429
counter/8/0/0/0,24094:1747647668295:,1747647682429
counter/7/0/0/0,21622:1747647666992:,1747647682429
counter/5/0/0/0,22894:1747647668164:,1747647682429
counter/6/0/0/0,22326:1747647668601:,1747647682429
counter/10/0/0/0,20547:1747647665405:,1747647682429
counter/8/0/0/0,24095:1747647668295:,1747647682429
counter/7/0/0/0,21623:1747647666992:,1747647682429
counter/5/0/0/0,22895:1747647668164:,1747647682429
counter/6/0/0/0,22327:1747647668601:,1747647682429
counter/10/0/0/0,20548:1747647665405:,1747647682429
counter/8/0/0/0,24096:1747647668295:,1747647682429
counter/7/0/0/0,21624:1747647666992:,1747647682429
counter/5/0/0/0,22896:1747647668164:,1747647682429
counter/6/0/0/0,22328:1747647668601:,1747647682429
counter/10/0/0/0,20549:1747647665405:,1747647682429
counter/8/0/0/0,24097:1747647668300:,1747647682429
counter/7/0/0/0,21625:1747647666992:,1747647682429
counter/5/0/0/0,22897:1747647668164:,1747647682429
counter/6/0/0/0,22329:1747647668601:,1747647682429
counter/10/0/0/0,20550:1747647665405:,1747647682429
counter/8/0/0/0,24098:1747647668300:,1747647682429
counter/7/0/0/0,21626:1747647666992:,1747647682429
counter/5/0/0/0,22898:1747647668165:,1747647682429
counter/6/0/0/0,22330:1747647668601:,1747647682429
counter/10/0/0/0,20551:1747647665405:,1747647682429
counter/8/0/0/0,24099:1747647668300:,1747647682430
counter/7/0/0/0,21627:1747647666992:,1747647682430
counter/5/0/0/0,22899:1747647668165:,1747647682430
counter/6/0/0/0,22331:1747647668601:,1747647682430
counter/10/0/0/0,20552:1747647665405:,1747647682430
counter/8/0/0/0,24100:1747647668300:,1747647682430
counter/7/0/0/0,21628:1747647666992:,1747647682430
counter/5/0/0/0,22900:1747647668165:,1747647682430
counter/6/0/0/0,22332:1747647668601:,1747647682430
counter/10/0/0/0,20553:1747647665405:,1747647682430
counter/8/0/0/0,24101:1747647668300:,1747647682430
counter/7/0/0/0,21629:1747647666992:,1747647682430
counter/5/0/0/0,22901:1747647668165:,1747647682430
counter/6/0/0/0,22333:1747647668601:,1747647682430
counter/10/0/0/0,20554:1747647665405:,1747647682430
counter/8/0/0/0,24102:1747647668300:,1747647682430
counter/7/0/0/0,21630:1747647666992:,1747647682430
counter/5/0/0/0,22902:1747647668165:,1747647682430
counter/6/0/0/0,22334:1747647668601:,1747647682430
counter/10/0/0/0,20555:1747647665405:,1747647682430
counter/8/0/0/0,24103:1747647668300:,1747647682430
counter/7/0/0/0,21631:1747647666997:,1747647682430
counter/5/0/0/0,22903:1747647668165:,1747647682430
counter/6/0/0/0,22335:1747647668601:,1747647682430
counter/10/0/0/0,20556:1747647665405:,1747647682430
counter/8/0/0/0,24104:1747647668301:,1747647682430
counter/7/0/0/0,21632:1747647666998:,1747647682430
counter/5/0/0/0,22904:1747647668166:,1747647682430
counter/6/0/0/0,22336:1747647668602:,1747647682430
counter/10/0/0/0,20557:1747647665405:,1747647682430
counter/8/0/0/0,24105:1747647668301:,1747647682430
counter/7/0/0/0,21633:1747647666998:,1747647682430
counter/5/0/0/0,22905:1747647668166:,1747647682430
counter/6/0/0/0,22337:1747647668602:,1747647682430
counter/10/0/0/0,20558:1747647665405:,1747647682430
counter/8/0/0/0,24106:1747647668301:,1747647682430
counter/7/0/0/0,21634:1747647666998:,1747647682430
counter/5/0/0/0,22906:1747647668166:,1747647682430
counter/6/0/0/0,22338:1747647668602:,1747647682430
counter/10/0/0/0,20559:1747647665405:,1747647682430
counter/8/0/0/0,24107:1747647668301:,1747647682431
counter/7/0/0/0,21635:1747647666998:,1747647682431
counter/5/0/0/0,22907:1747647668166:,1747647682431
counter/6/0/0/0,22339:1747647668602:,1747647682431
counter/10/0/0/0,20560:1747647665405:,1747647682431
counter/8/0/0/0,24108:1747647668304:,1747647682431
counter/7/0/0/0,21636:1747647666998:,1747647682431
counter/5/0/0/0,22908:1747647668175:,1747647682431
counter/6/0/0/0,22340:1747647668602:,1747647682431
counter/10/0/0/0,20561:1747647665405:,1747647682431
counter/8/0/0/0,24109:1747647668305:,1747647682431
counter/7/0/0/0,21637:1747647666998:,1747647682431
counter/5/0/0/0,22909:1747647668175:,1747647682431
counter/6/0/0/0,22341:1747647668602:,1747647682431
counter/10/0/0/0,20562:1747647665405:,1747647682431
counter/8/0/0/0,24110:1747647668305:,1747647682431
counter/7/0/0/0,21638:1747647666998:,1747647682431
counter/5/0/0/0,22910:1747647668175:,1747647682431
counter/6/0/0/0,22342:1747647668605:,1747647682431
counter/10/0/0/0,20563:1747647665405:,1747647682431
counter/8/0/0/0,24111:1747647668305:,1747647682431
counter/7/0/0/0,21639:1747647666998:,1747647682431
counter/5/0/0/0,22911:1747647668175:,1747647682431
counter/6/0/0/0,22343:1747647668605:,1747647682431
counter/10/0/0/0,20564:1747647665405:,1747647682431
counter/8/0/0/0,24112:1747647668305:,1747647682431
counter/7/0/0/0,21640:1747647666998:,1747647682431
counter/5/0/0/0,22912:1747647668175:,1747647682431
counter/6/0/0/0,22344:1747647668605:,1747647682431
counter/10/0/0/0,20565:1747647665405:,1747647682431
counter/8/0/0/0,24113:1747647668305:,1747647682431
counter/7/0/0/0,21641:1747647666998:,1747647682431
counter/5/0/0/0,22913:1747647668179:,1747647682431
counter/6/0/0/0,22345:1747647668605:,1747647682431
counter/10/0/0/0,20566:1747647665405:,1747647682431
counter/8/0/0/0,24114:1747647668305:,1747647682431
counter/7/0/0/0,21642:1747647666998:,1747647682431
counter/5/0/0/0,22914:1747647668179:,1747647682431
counter/6/0/0/0,22346:1747647668605:,1747647682431
counter/10/0/0/0,20567:1747647665405:,1747647682431
counter/8/0/0/0,24115:1747647668305:,1747647682431
counter/7/0/0/0,21643:1747647666998:,1747647682432
counter/5/0/0/0,22915:1747647668179:,1747647682432
counter/6/0/0/0,22347:1747647668605:,1747647682432
counter/10/0/0/0,20568:1747647665407:,1747647682432
counter/8/0/0/0,24116:1747647668305:,1747647682432
counter/7/0/0/0,21644:1747647666998:,1747647682432
counter/5/0/0/0,22916:1747647668179:,1747647682432
counter/6/0/0/0,22348:1747647668608:,1747647682432
counter/10/0/0/0,20569:1747647665407:,1747647682432
counter/8/0/0/0,24117:1747647668305:,1747647682432
counter/7/0/0/0,21645:1747647666999:,1747647682432
counter/5/0/0/0,22917:1747647668190:,1747647682432
counter/6/0/0/0,22349:1747647668608:,1747647682432
counter/10/0/0/0,20570:1747647665407:,1747647682432
counter/8/0/0/0,24118:1747647668305:,1747647682432
counter/7/0/0/0,21646:1747647666999:,1747647682432
counter/5/0/0/0,22918:1747647668190:,1747647682432
counter/6/0/0/0,22350:1747647668608:,1747647682432
counter/10/0/0/0,20571:1747647665407:,1747647682432
counter/8/0/0/0,24119:1747647668305:,1747647682432
counter/7/0/0/0,21647:1747647666999:,1747647682432
counter/5/0/0/0,22919:1747647668190:,1747647682432
counter/6/0/0/0,22351:1747647668608:,1747647682432
counter/10/0/0/0,20572:1747647665407:,1747647682432
counter/8/0/0/0,24120:1747647668305:,1747647682432
counter/7/0/0/0,21648:1747647666999:,1747647682432
counter/5/0/0/0,22920:1747647668190:,1747647682432
counter/6/0/0/0,22352:1747647668608:,1747647682432
counter/10/0/0/0,20573:1747647665407:,1747647682432
counter/8/0/0/0,24121:1747647668305:,1747647682432
counter/7/0/0/0,21649:1747647666999:,1747647682432
counter/5/0/0/0,22921:1747647668190:,1747647682432
counter/6/0/0/0,22353:1747647668608:,1747647682432
counter/10/0/0/0,20574:1747647665407:,1747647682432
counter/8/0/0/0,24122:1747647668305:,1747647682432
counter/7/0/0/0,21650:1747647667007:,1747647682432
counter/5/0/0/0,22922:1747647668190:,1747647682432
counter/6/0/0/0,22354:1747647668608:,1747647682432
counter/10/0/0/0,20575:1747647665407:,1747647682432
counter/8/0/0/0,24123:1747647668305:,1747647682432
counter/7/0/0/0,21651:1747647667007:,1747647682432
counter/5/0/0/0,22923:1747647668190:,1747647682432
counter/2/0/0/0,26393:1747647671402:,1747647682433
counter/6/0/0/0,22355:1747647668608:,1747647682433
counter/10/0/0/0,20576:1747647665407:,1747647682433
counter/8/0/0/0,24124:1747647668310:,1747647682433
counter/7/0/0/0,21652:1747647667007:,1747647682433
counter/5/0/0/0,22924:1747647668191:,1747647682433
counter/4/0/0/0,20466:1747647667500:,1747647682433
counter/6/0/0/0,22356:1747647668608:,1747647682433
counter/10/0/0/0,20577:1747647665407:,1747647682433
counter/8/0/0/0,24125:1747647668326:,1747647682433
counter/7/0/0/0,21653:1747647667007:,1747647682433
counter/5/0/0/0,22925:1747647668191:,1747647682433
counter/4/0/0/0,20467:1747647667500:,1747647682433
counter/6/0/0/0,22357:1747647668608:,1747647682433
counter/10/0/0/0,20578:1747647665414:,1747647682433
counter/8/0/0/0,24126:1747647668326:,1747647682433
counter/7/0/0/0,21654:1747647667007:,1747647682433
counter/5/0/0/0,22926:1747647668191:,1747647682433
counter/4/0/0/0,20468:1747647667500:,1747647682433
counter/6/0/0/0,22358:1747647668608:,1747647682433
counter/10/0/0/0,20579:1747647665414:,1747647682433
counter/8/0/0/0,24127:1747647668326:,1747647682433
counter/7/0/0/0,21655:1747647667007:,1747647682433
counter/5/0/0/0,22927:1747647668203:,1747647682433
counter/4/0/0/0,20469:1747647667500:,1747647682433
counter/6/0/0/0,22359:1747647668608:,1747647682433
counter/10/0/0/0,20580:1747647665429:,1747647682433
counter/8/0/0/0,24128:1747647668326:,1747647682433
counter/7/0/0/0,21656:1747647667007:,1747647682433
counter/5/0/0/0,22928:1747647668203:,1747647682433
counter/4/0/0/0,20470:1747647667500:,1747647682433
counter/6/0/0/0,22360:1747647668608:,1747647682433
counter/10/0/0/0,20581:1747647665429:,1747647682433
counter/8/0/0/0,24129:1747647668326:,1747647682433
counter/7/0/0/0,21657:1747647667007:,1747647682433
counter/5/0/0/0,22929:1747647668203:,1747647682433
counter/4/0/0/0,20471:1747647667500:,1747647682433
counter/6/0/0/0,22361:1747647668608:,1747647682433
counter/10/0/0/0,20582:1747647665429:,1747647682434
counter/8/0/0/0,24130:1747647668326:,1747647682434
counter/7/0/0/0,21658:1747647667007:,1747647682434
counter/5/0/0/0,22930:1747647668203:,1747647682434
counter/4/0/0/0,20472:1747647667500:,1747647682434
counter/6/0/0/0,22362:1747647668608:,1747647682434
counter/10/0/0/0,20583:1747647665429:,1747647682434
counter/8/0/0/0,24131:1747647668334:,1747647682434
counter/7/0/0/0,21659:1747647667007:,1747647682434
counter/5/0/0/0,22931:1747647668203:,1747647682434
counter/6/0/0/0,22363:1747647668611:,1747647682434
counter/10/0/0/0,20584:1747647665429:,1747647682434
counter/8/0/0/0,24132:1747647668334:,1747647682434
counter/7/0/0/0,21660:1747647667008:,1747647682434
counter/5/0/0/0,22932:1747647668204:,1747647682434
counter/6/0/0/0,22364:1747647668613:,1747647682434
counter/10/0/0/0,20585:1747647665429:,1747647682434
counter/8/0/0/0,24133:1747647668334:,1747647682434
counter/7/0/0/0,21661:1747647667008:,1747647682434
counter/5/0/0/0,22933:1747647668209:,1747647682434
counter/6/0/0/0,22365:1747647668613:,1747647682434
counter/10/0/0/0,20586:1747647665429:,1747647682434
counter/8/0/0/0,24134:1747647668339:,1747647682434
counter/7/0/0/0,21662:1747647667008:,1747647682434
counter/5/0/0/0,22934:1747647668209:,1747647682434
counter/6/0/0/0,22366:1747647668614:,1747647682434
counter/10/0/0/0,20587:1747647665429:,1747647682434
counter/8/0/0/0,24135:1747647668340:,1747647682434
counter/7/0/0/0,21663:1747647667008:,1747647682434
counter/5/0/0/0,22935:1747647668209:,1747647682434
counter/6/0/0/0,22367:1747647668614:,1747647682434
counter/10/0/0/0,20588:1747647665435:,1747647682434
counter/8/0/0/0,24136:1747647668340:,1747647682434
counter/7/0/0/0,21664:1747647667008:,1747647682434
counter/5/0/0/0,22936:1747647668209:,1747647682434
counter/6/0/0/0,22368:1747647668614:,1747647682434
counter/10/0/0/0,20589:1747647665435:,1747647682434
counter/8/0/0/0,24137:1747647668341:,1747647682434
counter/7/0/0/0,21665:1747647667008:,1747647682434
counter/5/0/0/0,22937:1747647668209:,1747647682434
counter/6/0/0/0,22369:1747647668614:,1747647682434
counter/10/0/0/0,20590:1747647665435:,1747647682434
counter/8/0/0/0,24138:1747647668341:,1747647682435
counter/7/0/0/0,21666:1747647667008:,1747647682435
counter/5/0/0/0,22938:1747647668210:,1747647682435
counter/6/0/0/0,22370:1747647668614:,1747647682435
counter/10/0/0/0,20591:1747647665435:,1747647682435
counter/8/0/0/0,24139:1747647668341:,1747647682435
counter/7/0/0/0,21667:1747647667008:,1747647682435
counter/5/0/0/0,22939:1747647668210:,1747647682435
counter/6/0/0/0,22371:1747647668614:,1747647682435
counter/10/0/0/0,20592:1747647665435:,1747647682435
counter/8/0/0/0,24140:1747647668341:,1747647682435
counter/7/0/0/0,21668:1747647667011:,1747647682435
counter/5/0/0/0,22940:1747647668210:,1747647682435
counter/6/0/0/0,22372:1747647668614:,1747647682435
counter/10/0/0/0,20593:1747647665435:,1747647682435
counter/8/0/0/0,24141:1747647668344:,1747647682435
counter/7/0/0/0,21669:1747647667011:,1747647682435
counter/5/0/0/0,22941:1747647668210:,1747647682435
counter/6/0/0/0,22373:1747647668614:,1747647682435
counter/10/0/0/0,20594:1747647665435:,1747647682435
counter/8/0/0/0,24142:1747647668344:,1747647682435
counter/7/0/0/0,21670:1747647667011:,1747647682435
counter/5/0/0/0,22942:1747647668216:,1747647682435
counter/6/0/0/0,22374:1747647668614:,1747647682435
counter/10/0/0/0,20595:1747647665435:,1747647682435
counter/8/0/0/0,24143:1747647668344:,1747647682435
counter/7/0/0/0,21671:1747647667011:,1747647682435
counter/5/0/0/0,22943:1747647668216:,1747647682435
counter/6/0/0/0,22375:1747647668614:,1747647682435
counter/10/0/0/0,20596:1747647665435:,1747647682435
counter/8/0/0/0,24144:1747647668344:,1747647682435
counter/7/0/0/0,21672:1747647667011:,1747647682435
counter/5/0/0/0,22944:1747647668216:,1747647682435
counter/6/0/0/0,22376:1747647668616:,1747647682435
counter/10/0/0/0,20597:1747647665435:,1747647682435
counter/8/0/0/0,24145:1747647668344:,1747647682435
counter/7/0/0/0,21673:1747647667011:,1747647682435
counter/5/0/0/0,22945:1747647668216:,1747647682435
counter/6/0/0/0,22377:1747647668616:,1747647682435
counter/10/0/0/0,20598:1747647665435:,1747647682435
counter/8/0/0/0,24146:1747647668344:,1747647682436
counter/7/0/0/0,21674:1747647667011:,1747647682436
counter/5/0/0/0,22946:1747647668216:,1747647682436
counter/6/0/0/0,22378:1747647668616:,1747647682436
counter/10/0/0/0,20599:1747647665435:,1747647682436
counter/8/0/0/0,24147:1747647668344:,1747647682436
counter/7/0/0/0,21675:1747647667011:,1747647682436
counter/5/0/0/0,22947:1747647668216:,1747647682436
counter/6/0/0/0,22379:1747647668616:,1747647682436
counter/10/0/0/0,20600:1747647665437:,1747647682436
counter/8/0/0/0,24148:1747647668344:,1747647682436
counter/7/0/0/0,21676:1747647667011:,1747647682436
counter/5/0/0/0,22948:1747647668216:,1747647682436
counter/6/0/0/0,22380:1747647668616:,1747647682436
counter/10/0/0/0,20601:1747647665437:,1747647682436
counter/8/0/0/0,24149:1747647668344:,1747647682436
counter/7/0/0/0,21677:1747647667011:,1747647682436
counter/5/0/0/0,22949:1747647668216:,1747647682436
counter/6/0/0/0,22381:1747647668616:,1747647682436
counter/10/0/0/0,20602:1747647665437:,1747647682436
counter/8/0/0/0,24150:1747647668344:,1747647682436
counter/7/0/0/0,21678:1747647667011:,1747647682436
counter/5/0/0/0,22950:1747647668216:,1747647682436
counter/6/0/0/0,22382:1747647668628:,1747647682436
counter/10/0/0/0,20603:1747647665437:,1747647682436
counter/8/0/0/0,24151:1747647668352:,1747647682436
counter/7/0/0/0,21679:1747647667011:,1747647682436
counter/5/0/0/0,22951:1747647668216:,1747647682436
counter/6/0/0/0,22383:1747647668628:,1747647682436
counter/10/0/0/0,20604:1747647665437:,1747647682436
counter/8/0/0/0,24152:1747647668358:,1747647682436
counter/7/0/0/0,21680:1747647667011:,1747647682436
counter/5/0/0/0,22952:1747647668216:,1747647682436
counter/6/0/0/0,22384:1747647668628:,1747647682436
counter/10/0/0/0,20605:1747647665437:,1747647682436
counter/8/0/0/0,24153:1747647668359:,1747647682436
counter/7/0/0/0,21681:1747647667011:,1747647682436
counter/5/0/0/0,22953:1747647668216:,1747647682436
counter/6/0/0/0,22385:1747647668628:,1747647682436
counter/10/0/0/0,20606:1747647665438:,1747647682436
counter/8/0/0/0,24154:1747647668359:,1747647682436
counter/7/0/0/0,21682:1747647667011:,1747647682436
counter/5/0/0/0,22954:1747647668216:,1747647682436
counter/6/0/0/0,22386:1747647668628:,1747647682437
counter/10/0/0/0,20607:1747647665438:,1747647682437
counter/8/0/0/0,24155:1747647668359:,1747647682437
counter/7/0/0/0,21683:1747647667011:,1747647682437
counter/5/0/0/0,22955:1747647668216:,1747647682437
counter/6/0/0/0,22387:1747647668628:,1747647682437
counter/10/0/0/0,20608:1747647665438:,1747647682437
counter/8/0/0/0,24156:1747647668359:,1747647682437
counter/7/0/0/0,21684:1747647667011:,1747647682437
counter/5/0/0/0,22956:1747647668221:,1747647682437
counter/6/0/0/0,22388:1747647668628:,1747647682437
counter/10/0/0/0,20609:1747647665438:,1747647682437
counter/8/0/0/0,24157:1747647668359:,1747647682437
counter/7/0/0/0,21685:1747647667012:,1747647682437
counter/5/0/0/0,22957:1747647668221:,1747647682437
counter/6/0/0/0,22389:1747647668628:,1747647682437
counter/10/0/0/0,20610:1747647665438:,1747647682437
counter/8/0/0/0,24158:1747647668359:,1747647682437
counter/7/0/0/0,21686:1747647667012:,1747647682437
counter/5/0/0/0,22958:1747647668221:,1747647682437
counter/6/0/0/0,22390:1747647668628:,1747647682437
counter/10/0/0/0,20611:1747647665438:,1747647682437
counter/8/0/0/0,24159:1747647668359:,1747647682437
counter/7/0/0/0,21687:1747647667012:,1747647682437
counter/5/0/0/0,22959:1747647668221:,1747647682437
counter/6/0/0/0,22391:1747647668628:,1747647682437
counter/10/0/0/0,20612:1747647665438:,1747647682437
counter/8/0/0/0,24160:1747647668359:,1747647682437
counter/7/0/0/0,21688:1747647667013:,1747647682437
counter/5/0/0/0,22960:1747647668221:,1747647682437
counter/6/0/0/0,22392:1747647668628:,1747647682437
counter/10/0/0/0,20613:1747647665438:,1747647682437
counter/8/0/0/0,24161:1747647668359:,1747647682437
counter/7/0/0/0,21689:1747647667013:,1747647682437
counter/5/0/0/0,22961:1747647668221:,1747647682437
counter/6/0/0/0,22393:1747647668629:,1747647682437
counter/10/0/0/0,20614:1747647665438:,1747647682437
counter/8/0/0/0,24162:1747647668359:,1747647682437
counter/7/0/0/0,21690:1747647667016:,1747647682437
counter/5/0/0/0,22962:1747647668221:,1747647682437
counter/6/0/0/0,22394:1747647668629:,1747647682438
counter/10/0/0/0,20615:1747647665449:,1747647682438
counter/8/0/0/0,24163:1747647668359:,1747647682438
counter/7/0/0/0,21691:1747647667016:,1747647682438
counter/5/0/0/0,22963:1747647668221:,1747647682438
counter/6/0/0/0,22395:1747647668629:,1747647682438
counter/10/0/0/0,20616:1747647665449:,1747647682438
counter/8/0/0/0,24164:1747647668359:,1747647682438
counter/7/0/0/0,21692:1747647667016:,1747647682438
counter/5/0/0/0,22964:1747647668221:,1747647682438
counter/6/0/0/0,22396:1747647668629:,1747647682438
counter/10/0/0/0,20617:1747647665449:,1747647682438
counter/8/0/0/0,24165:1747647668359:,1747647682438
counter/7/0/0/0,21693:1747647667017:,1747647682438
counter/5/0/0/0,22965:1747647668221:,1747647682438
counter/6/0/0/0,22397:1747647668635:,1747647682438
counter/10/0/0/0,20618:1747647665449:,1747647682438
counter/8/0/0/0,24166:1747647668374:,1747647682438
counter/7/0/0/0,21694:1747647667017:,1747647682438
counter/5/0/0/0,22966:1747647668221:,1747647682438
counter/6/0/0/0,22398:1747647668647:,1747647682438
counter/10/0/0/0,20619:1747647665449:,1747647682438
counter/8/0/0/0,24167:1747647668374:,1747647682438
counter/7/0/0/0,21695:1747647667017:,1747647682438
counter/5/0/0/0,22967:1747647668221:,1747647682438
counter/6/0/0/0,22399:1747647668648:,1747647682438
counter/10/0/0/0,20620:1747647665449:,1747647682438
counter/8/0/0/0,24168:1747647668374:,1747647682438
counter/7/0/0/0,21696:1747647667017:,1747647682438
counter/5/0/0/0,22968:1747647668221:,1747647682438
counter/6/0/0/0,22400:1747647668648:,1747647682438
counter/10/0/0/0,20621:1747647665449:,1747647682438
counter/8/0/0/0,24169:1747647668375:,1747647682438
counter/7/0/0/0,21697:1747647667017:,1747647682438
counter/5/0/0/0,22969:1747647668221:,1747647682438
counter/6/0/0/0,22401:1747647668648:,1747647682438
counter/10/0/0/0,20622:1747647665449:,1747647682438
counter/8/0/0/0,24170:1747647668385:,1747647682438
counter/7/0/0/0,21698:1747647667017:,1747647682438
counter/5/0/0/0,22970:1747647668221:,1747647682438
counter/6/0/0/0,22402:1747647668648:,1747647682438
counter/10/0/0/0,20623:1747647665449:,1747647682439
counter/8/0/0/0,24171:1747647668386:,1747647682439
counter/7/0/0/0,21699:1747647667017:,1747647682439
counter/5/0/0/0,22971:1747647668221:,1747647682439
counter/6/0/0/0,22403:1747647668648:,1747647682439
counter/10/0/0/0,20624:1747647665449:,1747647682439
counter/8/0/0/0,24172:1747647668386:,1747647682439
counter/7/0/0/0,21700:1747647667022:,1747647682439
counter/5/0/0/0,22972:1747647668221:,1747647682439
counter/6/0/0/0,22404:1747647668648:,1747647682439
counter/10/0/0/0,20625:1747647665449:,1747647682439
counter/8/0/0/0,24173:1747647668386:,1747647682439
counter/7/0/0/0,21701:1747647667022:,1747647682439
counter/5/0/0/0,22973:1747647668225:,1747647682439
counter/6/0/0/0,22405:1747647668648:,1747647682439
counter/10/0/0/0,20626:1747647665449:,1747647682439
counter/8/0/0/0,24174:1747647668386:,1747647682439
counter/7/0/0/0,21702:1747647667022:,1747647682439
counter/5/0/0/0,22974:1747647668225:,1747647682439
counter/4/0/0/0,20473:1747647667500:,1747647682439
counter/6/0/0/0,22406:1747647668648:,1747647682439
counter/10/0/0/0,20627:1747647665449:,1747647682439
counter/8/0/0/0,24175:1747647668386:,1747647682439
counter/7/0/0/0,21703:1747647667022:,1747647682439
counter/5/0/0/0,22975:1747647668225:,1747647682439
counter/6/0/0/0,22407:1747647668649:,1747647682439
counter/10/0/0/0,20628:1747647665449:,1747647682439
counter/8/0/0/0,24176:1747647668386:,1747647682439
counter/7/0/0/0,21704:1747647667022:,1747647682439
counter/5/0/0/0,22976:1747647668225:,1747647682439
counter/6/0/0/0,22408:1747647668649:,1747647682439
counter/10/0/0/0,20629:1747647665449:,1747647682439
counter/8/0/0/0,24177:1747647668388:,1747647682439
counter/7/0/0/0,21705:1747647667022:,1747647682439
counter/5/0/0/0,22977:1747647668225:,1747647682439
counter/6/0/0/0,22409:1747647668649:,1747647682439
counter/10/0/0/0,20630:1747647665449:,1747647682439
counter/8/0/0/0,24178:1747647668388:,1747647682439
counter/7/0/0/0,21706:1747647667022:,1747647682439
counter/5/0/0/0,22978:1747647668225:,1747647682439
counter/6/0/0/0,22410:1747647668649:,1747647682440
counter/10/0/0/0,20631:1747647665450:,1747647682440
counter/8/0/0/0,24179:1747647668388:,1747647682440
counter/7/0/0/0,21707:1747647667022:,1747647682440
counter/5/0/0/0,22979:1747647668225:,1747647682440
counter/6/0/0/0,22411:1747647668649:,1747647682440
counter/10/0/0/0,20632:1747647665458:,1747647682440
counter/8/0/0/0,24180:1747647668395:,1747647682440
counter/7/0/0/0,21708:1747647667022:,1747647682440
counter/5/0/0/0,22980:1747647668225:,1747647682440
counter/6/0/0/0,22412:1747647668649:,1747647682440
counter/10/0/0/0,20633:1747647665458:,1747647682440
counter/8/0/0/0,24181:1747647668395:,1747647682440
counter/7/0/0/0,21709:1747647667022:,1747647682440
counter/5/0/0/0,22981:1747647668225:,1747647682440
counter/6/0/0/0,22413:1747647668665:,1747647682440
counter/10/0/0/0,20634:1747647665458:,1747647682440
counter/8/0/0/0,24182:1747647668395:,1747647682440
counter/7/0/0/0,21710:1747647667022:,1747647682440
counter/5/0/0/0,22982:1747647668230:,1747647682440
counter/6/0/0/0,22414:1747647668665:,1747647682440
counter/10/0/0/0,20635:1747647665458:,1747647682440
counter/8/0/0/0,24183:1747647668395:,1747647682440
counter/7/0/0/0,21711:1747647667022:,1747647682440
counter/5/0/0/0,22983:1747647668230:,1747647682440
counter/6/0/0/0,22415:1747647668665:,1747647682440
counter/10/0/0/0,20636:1747647665458:,1747647682440
counter/8/0/0/0,24184:1747647668395:,1747647682440
counter/7/0/0/0,21712:1747647667022:,1747647682440
counter/5/0/0/0,22984:1747647668230:,1747647682440
counter/6/0/0/0,22416:1747647668665:,1747647682440
counter/10/0/0/0,20637:1747647665458:,1747647682440
counter/8/0/0/0,24185:1747647668396:,1747647682440
counter/7/0/0/0,21713:1747647667022:,1747647682440
counter/5/0/0/0,22985:1747647668231:,1747647682440
counter/6/0/0/0,22417:1747647668665:,1747647682440
counter/10/0/0/0,20638:1747647665458:,1747647682440
counter/8/0/0/0,24186:1747647668396:,1747647682441
counter/7/0/0/0,21714:1747647667022:,1747647682441
counter/5/0/0/0,22986:1747647668231:,1747647682441
counter/6/0/0/0,22418:1747647668665:,1747647682441
counter/10/0/0/0,20639:1747647665460:,1747647682441
counter/8/0/0/0,24187:1747647668396:,1747647682441
counter/7/0/0/0,21715:1747647667022:,1747647682441
counter/5/0/0/0,22987:1747647668231:,1747647682441
counter/6/0/0/0,22419:1747647668665:,1747647682441
counter/10/0/0/0,20640:1747647665460:,1747647682441
counter/8/0/0/0,24188:1747647668396:,1747647682441
counter/7/0/0/0,21716:1747647667022:,1747647682441
counter/5/0/0/0,22988:1747647668231:,1747647682441
counter/6/0/0/0,22420:1747647668665:,1747647682441
counter/10/0/0/0,20641:1747647665460:,1747647682441
counter/8/0/0/0,24189:1747647668396:,1747647682441
counter/7/0/0/0,21717:1747647667026:,1747647682441
counter/5/0/0/0,22989:1747647668231:,1747647682441
counter/6/0/0/0,22421:1747647668665:,1747647682441
counter/10/0/0/0,20642:1747647665460:,1747647682441
counter/8/0/0/0,24190:1747647668396:,1747647682441
counter/7/0/0/0,21718:1747647667026:,1747647682441
counter/5/0/0/0,22990:1747647668231:,1747647682441
counter/6/0/0/0,22422:1747647668666:,1747647682441
counter/10/0/0/0,20643:1747647665460:,1747647682441
counter/8/0/0/0,24191:1747647668396:,1747647682441
counter/7/0/0/0,21719:1747647667026:,1747647682441
counter/5/0/0/0,22991:1747647668231:,1747647682441
counter/6/0/0/0,22423:1747647668666:,1747647682441
counter/10/0/0/0,20644:1747647665461:,1747647682441
counter/8/0/0/0,24192:1747647668396:,1747647682441
counter/7/0/0/0,21720:1747647667026:,1747647682441
counter/5/0/0/0,22992:1747647668231:,1747647682441
counter/6/0/0/0,22424:1747647668666:,1747647682441
counter/10/0/0/0,20645:1747647665461:,1747647682441
counter/8/0/0/0,24193:1747647668396:,1747647682441
counter/7/0/0/0,21721:1747647667026:,1747647682441
counter/5/0/0/0,22993:1747647668231:,1747647682441
counter/6/0/0/0,22425:1747647668666:,1747647682442
counter/10/0/0/0,20646:1747647665461:,1747647682442
counter/8/0/0/0,24194:1747647668400:,1747647682442
counter/7/0/0/0,21722:1747647667026:,1747647682442
counter/5/0/0/0,22994:1747647668231:,1747647682442
counter/6/0/0/0,22426:1747647668669:,1747647682442
counter/10/0/0/0,20647:1747647665461:,1747647682442
counter/8/0/0/0,24195:1747647668400:,1747647682442
counter/7/0/0/0,21723:1747647667026:,1747647682442
counter/5/0/0/0,22995:1747647668231:,1747647682442
counter/2/0/0/0,26394:1747647671402:,1747647682442
counter/3/0/0/0,21674:1747647668083:,1747647682442
counter/6/0/0/0,22427:1747647668669:,1747647682442
counter/10/0/0/0,20648:1747647665461:,1747647682442
counter/8/0/0/0,24196:1747647668400:,1747647682442
counter/7/0/0/0,21724:1747647667029:,1747647682442
counter/5/0/0/0,22996:1747647668232:,1747647682442
counter/1/0/0/0,21655:1747647667938:,1747647682442
counter/6/0/0/0,22428:1747647668669:,1747647682442
counter/10/0/0/0,20649:1747647665461:,1747647682442
counter/8/0/0/0,24197:1747647668400:,1747647682442
counter/7/0/0/0,21725:1747647667030:,1747647682442
counter/5/0/0/0,22997:1747647668232:,1747647682442
counter/6/0/0/0,22429:1747647668669:,1747647682442
counter/10/0/0/0,20650:1747647665461:,1747647682442
counter/8/0/0/0,24198:1747647668400:,1747647682442
counter/7/0/0/0,21726:1747647667030:,1747647682442
counter/5/0/0/0,22998:1747647668232:,1747647682442
counter/6/0/0/0,22430:1747647668675:,1747647682442
counter/10/0/0/0,20651:1747647665461:,1747647682442
counter/8/0/0/0,24199:1747647668401:,1747647682442
counter/7/0/0/0,21727:1747647667030:,1747647682442
counter/5/0/0/0,22999:1747647668232:,1747647682442
counter/6/0/0/0,22431:1747647668675:,1747647682442
counter/10/0/0/0,20652:1747647665461:,1747647682442
counter/8/0/0/0,24200:1747647668401:,1747647682442
counter/7/0/0/0,21728:1747647667030:,1747647682442
counter/5/0/0/0,23000:1747647668232:,1747647682442
counter/6/0/0/0,22432:1747647668675:,1747647682442
counter/10/0/0/0,20653:1747647665461:,1747647682442
counter/8/0/0/0,24201:1747647668401:,1747647682442
counter/7/0/0/0,21729:1747647667032:,1747647682443
counter/5/0/0/0,23001:1747647668232:,1747647682443
counter/6/0/0/0,22433:1747647668675:,1747647682443
counter/10/0/0/0,20654:1747647665461:,1747647682443
counter/8/0/0/0,24202:1747647668401:,1747647682443
counter/7/0/0/0,21730:1747647667032:,1747647682443
counter/5/0/0/0,23002:1747647668233:,1747647682443
counter/6/0/0/0,22434:1747647668675:,1747647682443
counter/10/0/0/0,20655:1747647665461:,1747647682443
counter/8/0/0/0,24203:1747647668401:,1747647682443
counter/7/0/0/0,21731:1747647667032:,1747647682443
counter/5/0/0/0,23003:1747647668236:,1747647682443
counter/6/0/0/0,22435:1747647668675:,1747647682443
counter/10/0/0/0,20656:1747647665462:,1747647682443
counter/8/0/0/0,24204:1747647668401:,1747647682443
counter/7/0/0/0,21732:1747647667032:,1747647682443
counter/5/0/0/0,23004:1747647668250:,1747647682443
counter/6/0/0/0,22436:1747647668675:,1747647682443
counter/10/0/0/0,20657:1747647665462:,1747647682443
counter/8/0/0/0,24205:1747647668401:,1747647682443
counter/7/0/0/0,21733:1747647667032:,1747647682443
counter/5/0/0/0,23005:1747647668250:,1747647682443
counter/6/0/0/0,22437:1747647668675:,1747647682443
counter/10/0/0/0,20658:1747647665462:,1747647682443
counter/8/0/0/0,24206:1747647668401:,1747647682443
counter/7/0/0/0,21734:1747647667032:,1747647682443
counter/5/0/0/0,23006:1747647668250:,1747647682443
counter/3/0/0/0,21675:1747647668083:,1747647682443
counter/6/0/0/0,22438:1747647668675:,1747647682443
counter/10/0/0/0,20659:1747647665462:,1747647682443
counter/8/0/0/0,24207:1747647668401:,1747647682443
counter/7/0/0/0,21735:1747647667032:,1747647682443
counter/5/0/0/0,23007:1747647668250:,1747647682443
counter/1/0/0/0,21656:1747647667938:,1747647682443
counter/9/0/0/0,26791:1747647670354:,1747647682443
counter/6/0/0/0,22439:1747647668675:,1747647682443
counter/10/0/0/0,20660:1747647665462:,1747647682443
counter/8/0/0/0,24208:1747647668413:,1747647682443
counter/7/0/0/0,21736:1747647667033:,1747647682444
counter/5/0/0/0,23008:1747647668255:,1747647682444
counter/6/0/0/0,22440:1747647668675:,1747647682444
counter/10/0/0/0,20661:1747647665462:,1747647682444
counter/8/0/0/0,24209:1747647668414:,1747647682444
counter/7/0/0/0,21737:1747647667033:,1747647682444
counter/5/0/0/0,23009:1747647668255:,1747647682444
counter/6/0/0/0,22441:1747647668675:,1747647682444
counter/10/0/0/0,20662:1747647665462:,1747647682444
counter/8/0/0/0,24210:1747647668414:,1747647682444
counter/7/0/0/0,21738:1747647667034:,1747647682444
counter/5/0/0/0,23010:1747647668255:,1747647682444
counter/6/0/0/0,22442:1747647668675:,1747647682444
counter/10/0/0/0,20663:1747647665462:,1747647682444
counter/8/0/0/0,24211:1747647668422:,1747647682444
counter/7/0/0/0,21739:1747647667038:,1747647682444
counter/5/0/0/0,23011:1747647668255:,1747647682444
counter/6/0/0/0,22443:1747647668675:,1747647682444
counter/10/0/0/0,20664:1747647665462:,1747647682444
counter/8/0/0/0,24212:1747647668422:,1747647682444
counter/7/0/0/0,21740:1747647667039:,1747647682444
counter/5/0/0/0,23012:1747647668255:,1747647682444
counter/6/0/0/0,22444:1747647668675:,1747647682444
counter/10/0/0/0,20665:1747647665462:,1747647682444
counter/8/0/0/0,24213:1747647668422:,1747647682444
counter/7/0/0/0,21741:1747647667045:,1747647682444
counter/5/0/0/0,23013:1747647668255:,1747647682444
counter/6/0/0/0,22445:1747647668675:,1747647682444
counter/10/0/0/0,20666:1747647665462:,1747647682444
counter/8/0/0/0,24214:1747647668422:,1747647682444
counter/7/0/0/0,21742:1747647667045:,1747647682444
counter/5/0/0/0,23014:1747647668258:,1747647682444
counter/6/0/0/0,22446:1747647668686:,1747647682444
counter/10/0/0/0,20667:1747647665462:,1747647682444
counter/8/0/0/0,24215:1747647668423:,1747647682444
counter/7/0/0/0,21743:1747647667045:,1747647682444
counter/5/0/0/0,23015:1747647668258:,1747647682444
counter/6/0/0/0,22447:1747647668686:,1747647682444
counter/10/0/0/0,20668:1747647665499:,1747647682444
counter/8/0/0/0,24216:1747647668430:,1747647682445
counter/7/0/0/0,21744:1747647667045:,1747647682445
counter/5/0/0/0,23016:1747647668258:,1747647682445
counter/6/0/0/0,22448:1747647668686:,1747647682445
counter/10/0/0/0,20669:1747647665500:,1747647682445
counter/8/0/0/0,24217:1747647668430:,1747647682445
counter/7/0/0/0,21745:1747647667045:,1747647682445
counter/5/0/0/0,23017:1747647668258:,1747647682445
counter/6/0/0/0,22449:1747647668686:,1747647682445
counter/10/0/0/0,20670:1747647665500:,1747647682445
counter/8/0/0/0,24218:1747647668431:,1747647682445
counter/7/0/0/0,21746:1747647667045:,1747647682445
counter/5/0/0/0,23018:1747647668258:,1747647682445
counter/6/0/0/0,22450:1747647668686:,1747647682445
counter/10/0/0/0,20671:1747647665500:,1747647682445
counter/8/0/0/0,24219:1747647668436:,1747647682445
counter/7/0/0/0,21747:1747647667045:,1747647682445
counter/5/0/0/0,23019:1747647668258:,1747647682445
counter/6/0/0/0,22451:1747647668687:,1747647682445
counter/10/0/0/0,20672:1747647665500:,1747647682445
counter/8/0/0/0,24220:1747647668436:,1747647682445
counter/7/0/0/0,21748:1747647667045:,1747647682445
counter/5/0/0/0,23020:1747647668258:,1747647682445
counter/6/0/0/0,22452:1747647668687:,1747647682445
counter/10/0/0/0,20673:1747647665500:,1747647682445
counter/8/0/0/0,24221:1747647668436:,1747647682445
counter/7/0/0/0,21749:1747647667045:,1747647682445
counter/5/0/0/0,23021:1747647668258:,1747647682445
counter/6/0/0/0,22453:1747647668687:,1747647682445
counter/10/0/0/0,20674:1747647665500:,1747647682445
counter/8/0/0/0,24222:1747647668436:,1747647682445
counter/7/0/0/0,21750:1747647667045:,1747647682445
counter/5/0/0/0,23022:1747647668258:,1747647682445
counter/6/0/0/0,22454:1747647668687:,1747647682445
counter/10/0/0/0,20675:1747647665500:,1747647682445
counter/8/0/0/0,24223:1747647668436:,1747647682445
counter/7/0/0/0,21751:1747647667045:,1747647682445
counter/5/0/0/0,23023:1747647668258:,1747647682446
counter/6/0/0/0,22455:1747647668687:,1747647682446
counter/10/0/0/0,20676:1747647665501:,1747647682446
counter/8/0/0/0,24224:1747647668443:,1747647682446
counter/7/0/0/0,21752:1747647667045:,1747647682446
counter/5/0/0/0,23024:1747647668264:,1747647682446
counter/6/0/0/0,22456:1747647668687:,1747647682446
counter/10/0/0/0,20677:1747647665502:,1747647682446
counter/8/0/0/0,24225:1747647668444:,1747647682446
counter/7/0/0/0,21753:1747647667045:,1747647682446
counter/5/0/0/0,23025:1747647668264:,1747647682446
counter/6/0/0/0,22457:1747647668688:,1747647682446
counter/10/0/0/0,20678:1747647665505:,1747647682446
counter/8/0/0/0,24226:1747647668444:,1747647682446
counter/7/0/0/0,21754:1747647667045:,1747647682446
counter/5/0/0/0,23026:1747647668275:,1747647682446
counter/6/0/0/0,22458:1747647668688:,1747647682446
counter/10/0/0/0,20679:1747647665505:,1747647682446
counter/8/0/0/0,24227:1747647668444:,1747647682446
counter/7/0/0/0,21755:1747647667049:,1747647682446
counter/5/0/0/0,23027:1747647668275:,1747647682446
counter/6/0/0/0,22459:1747647668696:,1747647682446
counter/10/0/0/0,20680:1747647665505:,1747647682446
counter/8/0/0/0,24228:1747647668444:,1747647682446
counter/7/0/0/0,21756:1747647667049:,1747647682446
counter/5/0/0/0,23028:1747647668275:,1747647682446
counter/6/0/0/0,22460:1747647668699:,1747647682446
counter/10/0/0/0,20681:1747647665505:,1747647682446
counter/8/0/0/0,24229:1747647668444:,1747647682446
counter/7/0/0/0,21757:1747647667049:,1747647682446
counter/5/0/0/0,23029:1747647668275:,1747647682446
counter/6/0/0/0,22461:1747647668699:,1747647682446
counter/10/0/0/0,20682:1747647665505:,1747647682446
counter/8/0/0/0,24230:1747647668444:,1747647682446
counter/7/0/0/0,21758:1747647667049:,1747647682446
counter/5/0/0/0,23030:1747647668275:,1747647682446
counter/6/0/0/0,22462:1747647668699:,1747647682446
counter/10/0/0/0,20683:1747647665505:,1747647682446
counter/8/0/0/0,24231:1747647668444:,1747647682446
counter/7/0/0/0,21759:1747647667049:,1747647682446
counter/5/0/0/0,23031:1747647668283:,1747647682446
counter/6/0/0/0,22463:1747647668702:,1747647682446
counter/10/0/0/0,20684:1747647665505:,1747647682447
counter/8/0/0/0,24232:1747647668444:,1747647682447
counter/7/0/0/0,21760:1747647667049:,1747647682447
counter/5/0/0/0,23032:1747647668284:,1747647682447
counter/6/0/0/0,22464:1747647668702:,1747647682447
counter/10/0/0/0,20685:1747647665505:,1747647682447
counter/8/0/0/0,24233:1747647668444:,1747647682447
counter/7/0/0/0,21761:1747647667050:,1747647682447
counter/5/0/0/0,23033:1747647668284:,1747647682447
counter/6/0/0/0,22465:1747647668702:,1747647682447
counter/10/0/0/0,20686:1747647665517:,1747647682447
counter/8/0/0/0,24234:1747647668444:,1747647682447
counter/7/0/0/0,21762:1747647667050:,1747647682447
counter/5/0/0/0,23034:1747647668284:,1747647682447
counter/6/0/0/0,22466:1747647668702:,1747647682447
counter/10/0/0/0,20687:1747647665519:,1747647682447
counter/8/0/0/0,24235:1747647668445:,1747647682447
counter/7/0/0/0,21763:1747647667050:,1747647682447
counter/5/0/0/0,23035:1747647668284:,1747647682447
counter/6/0/0/0,22467:1747647668702:,1747647682447
counter/10/0/0/0,20688:1747647665519:,1747647682447
counter/8/0/0/0,24236:1747647668445:,1747647682447
counter/7/0/0/0,21764:1747647667050:,1747647682447
counter/5/0/0/0,23036:1747647668284:,1747647682447
counter/6/0/0/0,22468:1747647668702:,1747647682447
counter/10/0/0/0,20689:1747647665519:,1747647682447
counter/8/0/0/0,24237:1747647668445:,1747647682447
counter/7/0/0/0,21765:1747647667050:,1747647682447
counter/5/0/0/0,23037:1747647668284:,1747647682447
counter/6/0/0/0,22469:1747647668702:,1747647682447
counter/10/0/0/0,20690:1747647665519:,1747647682447
counter/8/0/0/0,24238:1747647668445:,1747647682447
counter/7/0/0/0,21766:1747647667050:,1747647682447
counter/5/0/0/0,23038:1747647668284:,1747647682447
counter/6/0/0/0,22470:1747647668702:,1747647682447
counter/10/0/0/0,20691:1747647665519:,1747647682447
counter/8/0/0/0,24239:1747647668445:,1747647682447
counter/7/0/0/0,21767:1747647667050:,1747647682447
counter/5/0/0/0,23039:1747647668284:,1747647682447
counter/2/0/0/0,26395:1747647671402:,1747647682447
counter/6/0/0/0,22471:1747647668702:,1747647682448
counter/10/0/0/0,20692:1747647665519:,1747647682448
counter/8/0/0/0,24240:1747647668445:,1747647682448
counter/7/0/0/0,21768:1747647667077:,1747647682448
counter/5/0/0/0,23040:1747647668284:,1747647682448
counter/6/0/0/0,22472:1747647668710:,1747647682448
counter/10/0/0/0,20693:1747647665519:,1747647682448
counter/8/0/0/0,24241:1747647668450:,1747647682448
counter/7/0/0/0,21769:1747647667077:,1747647682448
counter/5/0/0/0,23041:1747647668284:,1747647682448
counter/6/0/0/0,22473:1747647668710:,1747647682448
counter/10/0/0/0,20694:1747647665519:,1747647682448
counter/8/0/0/0,24242:1747647668451:,1747647682448
counter/7/0/0/0,21770:1747647667077:,1747647682448
counter/5/0/0/0,23042:1747647668284:,1747647682448
counter/6/0/0/0,22474:1747647668710:,1747647682448
counter/10/0/0/0,20695:1747647665519:,1747647682448
counter/8/0/0/0,24243:1747647668451:,1747647682448
counter/7/0/0/0,21771:1747647667077:,1747647682448
counter/5/0/0/0,23043:1747647668284:,1747647682448
counter/6/0/0/0,22475:1747647668711:,1747647682448
counter/10/0/0/0,20696:1747647665519:,1747647682448
counter/8/0/0/0,24244:1747647668451:,1747647682448
counter/7/0/0/0,21772:1747647667077:,1747647682448
counter/5/0/0/0,23044:1747647668284:,1747647682448
counter/6/0/0/0,22476:1747647668711:,1747647682448
counter/10/0/0/0,20697:1747647665522:,1747647682448
counter/8/0/0/0,24245:1747647668451:,1747647682448
counter/7/0/0/0,21773:1747647667077:,1747647682448
counter/5/0/0/0,23045:1747647668284:,1747647682448
counter/6/0/0/0,22477:1747647668711:,1747647682448
counter/10/0/0/0,20698:1747647665522:,1747647682448
counter/8/0/0/0,24246:1747647668451:,1747647682448
counter/7/0/0/0,21774:1747647667077:,1747647682448
counter/5/0/0/0,23046:1747647668284:,1747647682448
counter/9/0/0/0,26792:1747647670354:,1747647682448
counter/6/0/0/0,22478:1747647668711:,1747647682448
counter/10/0/0/0,20699:1747647665522:,1747647682449
counter/8/0/0/0,24247:1747647668455:,1747647682449
counter/7/0/0/0,21775:1747647667077:,1747647682449
counter/5/0/0/0,23047:1747647668288:,1747647682449
counter/6/0/0/0,22479:1747647668711:,1747647682449
counter/10/0/0/0,20700:1747647665522:,1747647682449
counter/8/0/0/0,24248:1747647668462:,1747647682449
counter/7/0/0/0,21776:1747647667077:,1747647682449
counter/5/0/0/0,23048:1747647668288:,1747647682449
counter/6/0/0/0,22480:1747647668711:,1747647682449
counter/10/0/0/0,20701:1747647665522:,1747647682449
counter/8/0/0/0,24249:1747647668462:,1747647682449
counter/7/0/0/0,21777:1747647667077:,1747647682449
counter/5/0/0/0,23049:1747647668288:,1747647682449
counter/6/0/0/0,22481:1747647668711:,1747647682449
counter/10/0/0/0,20702:1747647665522:,1747647682449
counter/8/0/0/0,24250:1747647668462:,1747647682449
counter/7/0/0/0,21778:1747647667077:,1747647682449
counter/5/0/0/0,23050:1747647668288:,1747647682449
counter/6/0/0/0,22482:1747647668711:,1747647682449
counter/10/0/0/0,20703:1747647665522:,1747647682449
counter/8/0/0/0,24251:1747647668462:,1747647682449
counter/7/0/0/0,21779:1747647667077:,1747647682449
counter/5/0/0/0,23051:1747647668288:,1747647682449
counter/6/0/0/0,22483:1747647668711:,1747647682449
counter/10/0/0/0,20704:1747647665522:,1747647682449
counter/8/0/0/0,24252:1747647668462:,1747647682449
counter/7/0/0/0,21780:1747647667077:,1747647682449
counter/5/0/0/0,23052:1747647668288:,1747647682449
counter/6/0/0/0,22484:1747647668711:,1747647682449
counter/10/0/0/0,20705:1747647665522:,1747647682449
counter/8/0/0/0,24253:1747647668462:,1747647682449
counter/7/0/0/0,21781:1747647667093:,1747647682449
counter/5/0/0/0,23053:1747647668288:,1747647682449
counter/6/0/0/0,22485:1747647668712:,1747647682449
counter/10/0/0/0,20706:1747647665522:,1747647682449
counter/8/0/0/0,24254:1747647668462:,1747647682449
counter/7/0/0/0,21782:1747647667093:,1747647682449
counter/5/0/0/0,23054:1747647668288:,1747647682449
counter/6/0/0/0,22486:1747647668715:,1747647682449
counter/10/0/0/0,20707:1747647665522:,1747647682450
counter/8/0/0/0,24255:1747647668462:,1747647682450
counter/7/0/0/0,21783:1747647667093:,1747647682450
counter/5/0/0/0,23055:1747647668288:,1747647682450
counter/6/0/0/0,22487:1747647668715:,1747647682450
counter/10/0/0/0,20708:1747647665525:,1747647682450
counter/8/0/0/0,24256:1747647668463:,1747647682450
counter/7/0/0/0,21784:1747647667093:,1747647682450
counter/5/0/0/0,23056:1747647668289:,1747647682450
counter/1/0/0/0,21657:1747647667938:,1747647682450
counter/6/0/0/0,22488:1747647668715:,1747647682450
counter/10/0/0/0,20709:1747647665525:,1747647682450
counter/8/0/0/0,24257:1747647668463:,1747647682450
counter/7/0/0/0,21785:1747647667093:,1747647682450
counter/5/0/0/0,23057:1747647668289:,1747647682450
counter/1/0/0/0,21658:1747647667938:,1747647682450
counter/6/0/0/0,22489:1747647668715:,1747647682450
counter/10/0/0/0,20710:1747647665525:,1747647682450
counter/8/0/0/0,24258:1747647668463:,1747647682450
counter/7/0/0/0,21786:1747647667093:,1747647682450
counter/5/0/0/0,23058:1747647668294:,1747647682450
counter/1/0/0/0,21659:1747647667938:,1747647682450
counter/6/0/0/0,22490:1747647668715:,1747647682450
counter/10/0/0/0,20711:1747647665525:,1747647682450
counter/8/0/0/0,24259:1747647668463:,1747647682450
counter/7/0/0/0,21787:1747647667093:,1747647682450
counter/5/0/0/0,23059:1747647668294:,1747647682450
counter/1/0/0/0,21660:1747647667938:,1747647682450
counter/6/0/0/0,22491:1747647668715:,1747647682450
counter/10/0/0/0,20712:1747647665525:,1747647682450
counter/8/0/0/0,24260:1747647668463:,1747647682450
counter/7/0/0/0,21788:1747647667093:,1747647682450
counter/5/0/0/0,23060:1747647668294:,1747647682450
counter/1/0/0/0,21661:1747647667938:,1747647682450
counter/6/0/0/0,22492:1747647668715:,1747647682450
counter/10/0/0/0,20713:1747647665527:,1747647682450
counter/8/0/0/0,24261:1747647668463:,1747647682451
counter/7/0/0/0,21789:1747647667094:,1747647682451
counter/5/0/0/0,23061:1747647668298:,1747647682451
counter/1/0/0/0,21662:1747647667939:,1747647682451
counter/6/0/0/0,22493:1747647668717:,1747647682451
counter/10/0/0/0,20714:1747647665527:,1747647682451
counter/8/0/0/0,24262:1747647668463:,1747647682451
counter/7/0/0/0,21790:1747647667094:,1747647682451
counter/5/0/0/0,23062:1747647668298:,1747647682451
counter/1/0/0/0,21663:1747647667939:,1747647682451
counter/6/0/0/0,22494:1747647668717:,1747647682451
counter/10/0/0/0,20715:1747647665527:,1747647682451
counter/8/0/0/0,24263:1747647668463:,1747647682451
counter/7/0/0/0,21791:1747647667094:,1747647682451
counter/5/0/0/0,23063:1747647668298:,1747647682451
counter/1/0/0/0,21664:1747647667939:,1747647682451
counter/6/0/0/0,22495:1747647668717:,1747647682451
counter/10/0/0/0,20716:1747647665528:,1747647682451
counter/8/0/0/0,24264:1747647668463:,1747647682451
counter/7/0/0/0,21792:1747647667094:,1747647682451
counter/5/0/0/0,23064:1747647668298:,1747647682451
counter/1/0/0/0,21665:1747647667939:,1747647682451
counter/6/0/0/0,22496:1747647668717:,1747647682451
counter/10/0/0/0,20717:1747647665528:,1747647682451
counter/8/0/0/0,24265:1747647668463:,1747647682451
counter/7/0/0/0,21793:1747647667094:,1747647682451
counter/5/0/0/0,23065:1747647668299:,1747647682451
counter/1/0/0/0,21666:1747647667939:,1747647682451
counter/6/0/0/0,22497:1747647668717:,1747647682451
counter/10/0/0/0,20718:1747647665528:,1747647682451
counter/8/0/0/0,24266:1747647668463:,1747647682451
counter/7/0/0/0,21794:1747647667094:,1747647682451
counter/5/0/0/0,23066:1747647668300:,1747647682451
counter/1/0/0/0,21667:1747647667939:,1747647682451
counter/6/0/0/0,22498:1747647668717:,1747647682451
counter/10/0/0/0,20719:1747647665528:,1747647682451
counter/8/0/0/0,24267:1747647668463:,1747647682451
counter/7/0/0/0,21795:1747647667094:,1747647682451
counter/5/0/0/0,23067:1747647668300:,1747647682451
counter/1/0/0/0,21668:1747647667942:,1747647682451
counter/6/0/0/0,22499:1747647668717:,1747647682452
counter/10/0/0/0,20720:1747647665528:,1747647682452
counter/8/0/0/0,24268:1747647668463:,1747647682452
counter/7/0/0/0,21796:1747647667094:,1747647682452
counter/5/0/0/0,23068:1747647668300:,1747647682452
counter/1/0/0/0,21669:1747647667942:,1747647682452
counter/6/0/0/0,22500:1747647668717:,1747647682452
counter/10/0/0/0,20721:1747647665528:,1747647682452
counter/8/0/0/0,24269:1747647668463:,1747647682452
counter/7/0/0/0,21797:1747647667094:,1747647682452
counter/5/0/0/0,23069:1747647668300:,1747647682452
counter/1/0/0/0,21670:1747647667943:,1747647682452
counter/6/0/0/0,22501:1747647668717:,1747647682452
counter/10/0/0/0,20722:1747647665528:,1747647682452
counter/8/0/0/0,24270:1747647668463:,1747647682452
counter/7/0/0/0,21798:1747647667094:,1747647682452
counter/5/0/0/0,23070:1747647668300:,1747647682452
counter/1/0/0/0,21671:1747647667947:,1747647682452
counter/6/0/0/0,22502:1747647668717:,1747647682452
counter/10/0/0/0,20723:1747647665528:,1747647682452
counter/8/0/0/0,24271:1747647668464:,1747647682452
counter/7/0/0/0,21799:1747647667094:,1747647682452
counter/5/0/0/0,23071:1747647668300:,1747647682452
counter/1/0/0/0,21672:1747647667947:,1747647682452
counter/6/0/0/0,22503:1747647668717:,1747647682452
counter/10/0/0/0,20724:1747647665528:,1747647682452
counter/8/0/0/0,24272:1747647668472:,1747647682452
counter/7/0/0/0,21800:1747647667094:,1747647682452
counter/5/0/0/0,23072:1747647668303:,1747647682452
counter/1/0/0/0,21673:1747647667947:,1747647682452
counter/6/0/0/0,22504:1747647668718:,1747647682452
counter/10/0/0/0,20725:1747647665529:,1747647682452
counter/8/0/0/0,24273:1747647668475:,1747647682452
counter/7/0/0/0,21801:1747647667127:,1747647682452
counter/5/0/0/0,23073:1747647668303:,1747647682452
counter/1/0/0/0,21674:1747647667947:,1747647682452
counter/6/0/0/0,22505:1747647668718:,1747647682452
counter/10/0/0/0,20726:1747647665529:,1747647682452
counter/8/0/0/0,24274:1747647668475:,1747647682452
counter/7/0/0/0,21802:1747647667127:,1747647682452
counter/5/0/0/0,23074:1747647668303:,1747647682452
counter/1/0/0/0,21675:1747647667947:,1747647682452
counter/6/0/0/0,22506:1747647668718:,1747647682453
counter/10/0/0/0,20727:1747647665529:,1747647682453
counter/8/0/0/0,24275:1747647668475:,1747647682453
counter/7/0/0/0,21803:1747647667127:,1747647682453
counter/5/0/0/0,23075:1747647668303:,1747647682453
counter/1/0/0/0,21676:1747647667947:,1747647682453
counter/6/0/0/0,22507:1747647668718:,1747647682453
counter/10/0/0/0,20728:1747647665529:,1747647682453
counter/8/0/0/0,24276:1747647668475:,1747647682453
counter/7/0/0/0,21804:1747647667127:,1747647682453
counter/5/0/0/0,23076:1747647668303:,1747647682453
counter/1/0/0/0,21677:1747647667962:,1747647682453
counter/6/0/0/0,22508:1747647668718:,1747647682453
counter/10/0/0/0,20729:1747647665532:,1747647682453
counter/8/0/0/0,24277:1747647668475:,1747647682453
counter/7/0/0/0,21805:1747647667127:,1747647682453
counter/5/0/0/0,23077:1747647668303:,1747647682453
counter/1/0/0/0,21678:1747647667962:,1747647682453
counter/6/0/0/0,22509:1747647668718:,1747647682453
counter/10/0/0/0,20730:1747647665533:,1747647682453
counter/8/0/0/0,24278:1747647668475:,1747647682453
counter/7/0/0/0,21806:1747647667127:,1747647682453
counter/5/0/0/0,23078:1747647668303:,1747647682453
counter/1/0/0/0,21679:1747647667962:,1747647682453
counter/6/0/0/0,22510:1747647668718:,1747647682453
counter/10/0/0/0,20731:1747647665533:,1747647682453
counter/8/0/0/0,24279:1747647668475:,1747647682453
counter/7/0/0/0,21807:1747647667127:,1747647682453
counter/5/0/0/0,23079:1747647668306:,1747647682453
counter/1/0/0/0,21680:1747647667962:,1747647682453
counter/6/0/0/0,22511:1747647668718:,1747647682453
counter/10/0/0/0,20732:1747647665533:,1747647682453
counter/8/0/0/0,24280:1747647668475:,1747647682453
counter/7/0/0/0,21808:1747647667127:,1747647682453
counter/5/0/0/0,23080:1747647668306:,1747647682453
counter/1/0/0/0,21681:1747647667962:,1747647682453
counter/6/0/0/0,22512:1747647668731:,1747647682453
counter/10/0/0/0,20733:1747647665533:,1747647682453
counter/8/0/0/0,24281:1747647668475:,1747647682454
counter/7/0/0/0,21809:1747647667127:,1747647682454
counter/5/0/0/0,23081:1747647668306:,1747647682454
counter/1/0/0/0,21682:1747647667962:,1747647682454
counter/6/0/0/0,22513:1747647668731:,1747647682454
counter/10/0/0/0,20734:1747647665533:,1747647682454
counter/8/0/0/0,24282:1747647668475:,1747647682454
counter/7/0/0/0,21810:1747647667128:,1747647682454
counter/5/0/0/0,23082:1747647668306:,1747647682454
counter/1/0/0/0,21683:1747647667962:,1747647682454
counter/6/0/0/0,22514:1747647668731:,1747647682454
counter/10/0/0/0,20735:1747647665533:,1747647682454
counter/8/0/0/0,24283:1747647668475:,1747647682454
counter/7/0/0/0,21811:1747647667128:,1747647682454
counter/5/0/0/0,23083:1747647668306:,1747647682454
counter/1/0/0/0,21684:1747647667962:,1747647682454
counter/6/0/0/0,22515:1747647668731:,1747647682454
counter/10/0/0/0,20736:1747647665533:,1747647682454
counter/8/0/0/0,24284:1747647668475:,1747647682454
counter/7/0/0/0,21812:1747647667128:,1747647682454
counter/5/0/0/0,23084:1747647668306:,1747647682454
counter/1/0/0/0,21685:1747647667962:,1747647682454
counter/6/0/0/0,22516:1747647668731:,1747647682454
counter/10/0/0/0,20737:1747647665533:,1747647682454
counter/8/0/0/0,24285:1747647668477:,1747647682454
counter/7/0/0/0,21813:1747647667129:,1747647682454
counter/5/0/0/0,23085:1747647668306:,1747647682454
counter/1/0/0/0,21686:1747647667962:,1747647682454
counter/6/0/0/0,22517:1747647668731:,1747647682454
counter/10/0/0/0,20738:1747647665533:,1747647682454
counter/8/0/0/0,24286:1747647668477:,1747647682454
counter/7/0/0/0,21814:1747647667129:,1747647682454
counter/5/0/0/0,23086:1747647668306:,1747647682454
counter/1/0/0/0,21687:1747647667962:,1747647682454
counter/6/0/0/0,22518:1747647668731:,1747647682454
counter/10/0/0/0,20739:1747647665533:,1747647682454
counter/8/0/0/0,24287:1747647668478:,1747647682454
counter/7/0/0/0,21815:1747647667129:,1747647682454
counter/5/0/0/0,23087:1747647668306:,1747647682454
counter/1/0/0/0,21688:1747647667968:,1747647682454
counter/6/0/0/0,22519:1747647668731:,1747647682455
counter/10/0/0/0,20740:1747647665533:,1747647682455
counter/8/0/0/0,24288:1747647668487:,1747647682455
counter/7/0/0/0,21816:1747647667129:,1747647682455
counter/5/0/0/0,23088:1747647668306:,1747647682455
counter/1/0/0/0,21689:1747647667968:,1747647682455
counter/6/0/0/0,22520:1747647668731:,1747647682455
counter/10/0/0/0,20741:1747647665533:,1747647682455
counter/8/0/0/0,24289:1747647668487:,1747647682455
counter/7/0/0/0,21817:1747647667129:,1747647682455
counter/5/0/0/0,23089:1747647668307:,1747647682455
counter/1/0/0/0,21690:1747647667968:,1747647682455
counter/6/0/0/0,22521:1747647668731:,1747647682455
counter/10/0/0/0,20742:1747647665533:,1747647682455
counter/8/0/0/0,24290:1747647668487:,1747647682455
counter/7/0/0/0,21818:1747647667129:,1747647682455
counter/5/0/0/0,23090:1747647668307:,1747647682455
counter/1/0/0/0,21691:1747647667968:,1747647682455
counter/6/0/0/0,22522:1747647668731:,1747647682455
counter/10/0/0/0,20743:1747647665534:,1747647682455
counter/8/0/0/0,24291:1747647668487:,1747647682455
counter/7/0/0/0,21819:1747647667129:,1747647682455
counter/5/0/0/0,23091:1747647668307:,1747647682455
counter/1/0/0/0,21692:1747647667968:,1747647682455
counter/6/0/0/0,22523:1747647668731:,1747647682455
counter/10/0/0/0,20744:1747647665536:,1747647682455
counter/8/0/0/0,24292:1747647668487:,1747647682455
counter/7/0/0/0,21820:1747647667129:,1747647682455
counter/5/0/0/0,23092:1747647668307:,1747647682455
counter/1/0/0/0,21693:1747647667968:,1747647682455
counter/6/0/0/0,22524:1747647668731:,1747647682455
counter/10/0/0/0,20745:1747647665536:,1747647682455
counter/8/0/0/0,24293:1747647668487:,1747647682455
counter/7/0/0/0,21821:1747647667129:,1747647682455
counter/5/0/0/0,23093:1747647668307:,1747647682455
counter/1/0/0/0,21694:1747647667968:,1747647682455
counter/6/0/0/0,22525:1747647668731:,1747647682455
counter/10/0/0/0,20746:1747647665536:,1747647682455
counter/8/0/0/0,24294:1747647668487:,1747647682455
counter/7/0/0/0,21822:1747647667129:,1747647682456
counter/5/0/0/0,23094:1747647668307:,1747647682456
counter/1/0/0/0,21695:1747647667968:,1747647682456
counter/6/0/0/0,22526:1747647668731:,1747647682456
counter/10/0/0/0,20747:1747647665536:,1747647682456
counter/8/0/0/0,24295:1747647668502:,1747647682456
counter/7/0/0/0,21823:1747647667129:,1747647682456
counter/5/0/0/0,23095:1747647668307:,1747647682456
counter/1/0/0/0,21696:1747647667968:,1747647682456
counter/6/0/0/0,22527:1747647668731:,1747647682456
counter/10/0/0/0,20748:1747647665537:,1747647682456
counter/8/0/0/0,24296:1747647668502:,1747647682456
counter/7/0/0/0,21824:1747647667145:,1747647682456
counter/5/0/0/0,23096:1747647668307:,1747647682456
counter/1/0/0/0,21697:1747647667968:,1747647682456
counter/6/0/0/0,22528:1747647668731:,1747647682456
counter/10/0/0/0,20749:1747647665537:,1747647682456
counter/8/0/0/0,24297:1747647668502:,1747647682456
counter/7/0/0/0,21825:1747647667146:,1747647682456
counter/5/0/0/0,23097:1747647668307:,1747647682456
counter/1/0/0/0,21698:1747647667968:,1747647682456
counter/6/0/0/0,22529:1747647668731:,1747647682456
counter/10/0/0/0,20750:1747647665537:,1747647682456
counter/8/0/0/0,24298:1747647668502:,1747647682456
counter/7/0/0/0,21826:1747647667146:,1747647682456
counter/5/0/0/0,23098:1747647668307:,1747647682456
counter/1/0/0/0,21699:1747647667968:,1747647682456
counter/6/0/0/0,22530:1747647668731:,1747647682456
counter/10/0/0/0,20751:1747647665537:,1747647682456
counter/8/0/0/0,24299:1747647668502:,1747647682456
counter/7/0/0/0,21827:1747647667146:,1747647682456
counter/5/0/0/0,23099:1747647668307:,1747647682456
counter/1/0/0/0,21700:1747647667968:,1747647682456
counter/6/0/0/0,22531:1747647668731:,1747647682456
counter/10/0/0/0,20752:1747647665537:,1747647682456
counter/8/0/0/0,24300:1747647668502:,1747647682456
counter/7/0/0/0,21828:1747647667146:,1747647682456
counter/5/0/0/0,23100:1747647668307:,1747647682456
counter/1/0/0/0,21701:1747647667968:,1747647682456
counter/4/0/0/0,20474:1747647667500:,1747647682456
counter/2/0/0/0,26396:1747647671402:,1747647682456
counter/6/0/0/0,22532:1747647668737:,1747647682457
counter/10/0/0/0,20753:1747647665537:,1747647682457
counter/8/0/0/0,24301:1747647668502:,1747647682457
counter/7/0/0/0,21829:1747647667146:,1747647682457
counter/5/0/0/0,23101:1747647668307:,1747647682457
counter/1/0/0/0,21702:1747647667995:,1747647682457
counter/6/0/0/0,22533:1747647668737:,1747647682457
counter/10/0/0/0,20754:1747647665537:,1747647682457
counter/8/0/0/0,24302:1747647668502:,1747647682457
counter/7/0/0/0,21830:1747647667146:,1747647682457
counter/5/0/0/0,23102:1747647668308:,1747647682457
counter/1/0/0/0,21703:1747647668007:,1747647682457
counter/6/0/0/0,22534:1747647668737:,1747647682457
counter/10/0/0/0,20755:1747647665537:,1747647682457
counter/8/0/0/0,24303:1747647668502:,1747647682457
counter/7/0/0/0,21831:1747647667146:,1747647682457
counter/5/0/0/0,23103:1747647668308:,1747647682457
counter/1/0/0/0,21704:1747647668007:,1747647682457
counter/6/0/0/0,22535:1747647668737:,1747647682457
counter/10/0/0/0,20756:1747647665537:,1747647682457
counter/8/0/0/0,24304:1747647668502:,1747647682457
counter/7/0/0/0,21832:1747647667146:,1747647682457
counter/5/0/0/0,23104:1747647668308:,1747647682457
counter/1/0/0/0,21705:1747647668007:,1747647682457
counter/6/0/0/0,22536:1747647668737:,1747647682457
counter/10/0/0/0,20757:1747647665537:,1747647682457
counter/8/0/0/0,24305:1747647668508:,1747647682457
counter/7/0/0/0,21833:1747647667146:,1747647682457
counter/5/0/0/0,23105:1747647668308:,1747647682457
counter/1/0/0/0,21706:1747647668007:,1747647682457
counter/6/0/0/0,22537:1747647668737:,1747647682457
counter/10/0/0/0,20758:1747647665537:,1747647682457
counter/8/0/0/0,24306:1747647668508:,1747647682457
counter/7/0/0/0,21834:1747647667146:,1747647682457
counter/5/0/0/0,23106:1747647668308:,1747647682457
counter/1/0/0/0,21707:1747647668007:,1747647682457
counter/6/0/0/0,22538:1747647668737:,1747647682457
counter/10/0/0/0,20759:1747647665537:,1747647682457
counter/8/0/0/0,24307:1747647668508:,1747647682457
counter/7/0/0/0,21835:1747647667151:,1747647682457
counter/5/0/0/0,23107:1747647668308:,1747647682457
counter/1/0/0/0,21708:1747647668007:,1747647682457
counter/6/0/0/0,22539:1747647668737:,1747647682457
counter/10/0/0/0,20760:1747647665539:,1747647682458
counter/8/0/0/0,24308:1747647668508:,1747647682458
counter/7/0/0/0,21836:1747647667151:,1747647682458
counter/5/0/0/0,23108:1747647668308:,1747647682458
counter/1/0/0/0,21709:1747647668007:,1747647682458
counter/6/0/0/0,22540:1747647668737:,1747647682458
counter/10/0/0/0,20761:1747647665539:,1747647682458
counter/8/0/0/0,24309:1747647668508:,1747647682458
counter/7/0/0/0,21837:1747647667151:,1747647682458
counter/5/0/0/0,23109:1747647668308:,1747647682458
counter/1/0/0/0,21710:1747647668007:,1747647682458
counter/6/0/0/0,22541:1747647668746:,1747647682458
counter/10/0/0/0,20762:1747647665539:,1747647682458
counter/8/0/0/0,24310:1747647668508:,1747647682458
counter/7/0/0/0,21838:1747647667151:,1747647682458
counter/5/0/0/0,23110:1747647668308:,1747647682458
counter/1/0/0/0,21711:1747647668007:,1747647682458
counter/6/0/0/0,22542:1747647668746:,1747647682458
counter/10/0/0/0,20763:1747647665539:,1747647682458
counter/8/0/0/0,24311:1747647668508:,1747647682458
counter/7/0/0/0,21839:1747647667153:,1747647682458
counter/5/0/0/0,23111:1747647668308:,1747647682458
counter/1/0/0/0,21712:1747647668007:,1747647682458
counter/6/0/0/0,22543:1747647668746:,1747647682458
counter/10/0/0/0,20764:1747647665539:,1747647682458
counter/8/0/0/0,24312:1747647668508:,1747647682458
counter/7/0/0/0,21840:1747647667153:,1747647682458
counter/5/0/0/0,23112:1747647668308:,1747647682458
counter/1/0/0/0,21713:1747647668007:,1747647682458
counter/6/0/0/0,22544:1747647668746:,1747647682458
counter/10/0/0/0,20765:1747647665539:,1747647682458
counter/8/0/0/0,24313:1747647668512:,1747647682458
counter/7/0/0/0,21841:1747647667153:,1747647682458
counter/5/0/0/0,23113:1747647668319:,1747647682458
counter/1/0/0/0,21714:1747647668007:,1747647682458
counter/6/0/0/0,22545:1747647668746:,1747647682458
counter/10/0/0/0,20766:1747647665539:,1747647682458
counter/8/0/0/0,24314:1747647668517:,1747647682458
counter/7/0/0/0,21842:1747647667153:,1747647682458
counter/5/0/0/0,23114:1747647668319:,1747647682458
counter/1/0/0/0,21715:1747647668007:,1747647682459
counter/9/0/0/0,26793:1747647670354:,1747647682459
counter/3/0/0/0,21676:1747647668084:,1747647682459
counter/6/0/0/0,22546:1747647668746:,1747647682459
counter/10/0/0/0,20767:1747647665543:,1747647682459
counter/8/0/0/0,24315:1747647668517:,1747647682459
counter/7/0/0/0,21843:1747647667153:,1747647682459
counter/5/0/0/0,23115:1747647668319:,1747647682459
counter/1/0/0/0,21716:1747647668007:,1747647682459
counter/9/0/0/0,26794:1747647670358:,1747647682459
counter/6/0/0/0,22547:1747647668746:,1747647682459
counter/10/0/0/0,20768:1747647665543:,1747647682459
counter/8/0/0/0,24316:1747647668517:,1747647682459
counter/7/0/0/0,21844:1747647667158:,1747647682459
counter/5/0/0/0,23116:1747647668319:,1747647682459
counter/1/0/0/0,21717:1747647668007:,1747647682459
counter/9/0/0/0,26795:1747647670358:,1747647682459
counter/6/0/0/0,22548:1747647668746:,1747647682459
counter/10/0/0/0,20769:1747647665543:,1747647682459
counter/8/0/0/0,24317:1747647668517:,1747647682459
counter/7/0/0/0,21845:1747647667158:,1747647682459
counter/5/0/0/0,23117:1747647668321:,1747647682459
counter/1/0/0/0,21718:1747647668007:,1747647682459
counter/9/0/0/0,26796:1747647670358:,1747647682459
counter/6/0/0/0,22549:1747647668746:,1747647682459
counter/10/0/0/0,20770:1747647665543:,1747647682459
counter/8/0/0/0,24318:1747647668517:,1747647682459
counter/7/0/0/0,21846:1747647667158:,1747647682459
counter/5/0/0/0,23118:1747647668321:,1747647682459
counter/1/0/0/0,21719:1747647668007:,1747647682459
counter/9/0/0/0,26797:1747647670358:,1747647682459
counter/6/0/0/0,22550:1747647668746:,1747647682459
counter/10/0/0/0,20771:1747647665543:,1747647682459
counter/8/0/0/0,24319:1747647668525:,1747647682459
counter/7/0/0/0,21847:1747647667158:,1747647682459
counter/5/0/0/0,23119:1747647668321:,1747647682459
counter/1/0/0/0,21720:1747647668007:,1747647682459
counter/9/0/0/0,26798:1747647670358:,1747647682459
counter/6/0/0/0,22551:1747647668746:,1747647682459
counter/10/0/0/0,20772:1747647665543:,1747647682459
counter/8/0/0/0,24320:1747647668525:,1747647682460
counter/7/0/0/0,21848:1747647667158:,1747647682460
counter/5/0/0/0,23120:1747647668321:,1747647682460
counter/1/0/0/0,21721:1747647668007:,1747647682460
counter/9/0/0/0,26799:1747647670359:,1747647682460
counter/6/0/0/0,22552:1747647668746:,1747647682460
counter/10/0/0/0,20773:1747647665543:,1747647682460
counter/8/0/0/0,24321:1747647668525:,1747647682460
counter/7/0/0/0,21849:1747647667158:,1747647682460
counter/5/0/0/0,23121:1747647668321:,1747647682460
counter/1/0/0/0,21722:1747647668007:,1747647682460
counter/9/0/0/0,26800:1747647670359:,1747647682460
counter/6/0/0/0,22553:1747647668746:,1747647682460
counter/10/0/0/0,20774:1747647665543:,1747647682460
counter/8/0/0/0,24322:1747647668528:,1747647682460
counter/7/0/0/0,21850:1747647667158:,1747647682460
counter/5/0/0/0,23122:1747647668321:,1747647682460
counter/1/0/0/0,21723:1747647668007:,1747647682460
counter/9/0/0/0,26801:1747647670359:,1747647682460
counter/6/0/0/0,22554:1747647668746:,1747647682460
counter/10/0/0/0,20775:1747647665543:,1747647682460
counter/8/0/0/0,24323:1747647668528:,1747647682460
counter/7/0/0/0,21851:1747647667158:,1747647682460
counter/5/0/0/0,23123:1747647668321:,1747647682460
counter/1/0/0/0,21724:1747647668007:,1747647682460
counter/9/0/0/0,26802:1747647670359:,1747647682460
counter/6/0/0/0,22555:1747647668746:,1747647682460
counter/10/0/0/0,20776:1747647665543:,1747647682460
counter/8/0/0/0,24324:1747647668528:,1747647682460
counter/7/0/0/0,21852:1747647667159:,1747647682460
counter/5/0/0/0,23124:1747647668321:,1747647682460
counter/1/0/0/0,21725:1747647668013:,1747647682460
counter/9/0/0/0,26803:1747647670359:,1747647682460
counter/6/0/0/0,22556:1747647668746:,1747647682460
counter/10/0/0/0,20777:1747647665543:,1747647682460
counter/8/0/0/0,24325:1747647668528:,1747647682461
counter/7/0/0/0,21853:1747647667159:,1747647682461
counter/5/0/0/0,23125:1747647668328:,1747647682461
counter/1/0/0/0,21726:1747647668016:,1747647682461
counter/9/0/0/0,26804:1747647670359:,1747647682461
counter/6/0/0/0,22557:1747647668767:,1747647682461
counter/10/0/0/0,20778:1747647665543:,1747647682461
counter/8/0/0/0,24326:1747647668528:,1747647682461
counter/7/0/0/0,21854:1747647667159:,1747647682461
counter/5/0/0/0,23126:1747647668328:,1747647682461
counter/1/0/0/0,21727:1747647668017:,1747647682461
counter/9/0/0/0,26805:1747647670359:,1747647682461
counter/2/0/0/0,26397:1747647671402:,1747647682461
counter/6/0/0/0,22558:1747647668767:,1747647682461
counter/10/0/0/0,20779:1747647665543:,1747647682461
counter/8/0/0/0,24327:1747647668533:,1747647682461
counter/7/0/0/0,21855:1747647667160:,1747647682461
counter/5/0/0/0,23127:1747647668328:,1747647682461
counter/1/0/0/0,21728:1747647668017:,1747647682461
counter/9/0/0/0,26806:1747647670359:,1747647682461
counter/3/0/0/0,21677:1747647668084:,1747647682461
counter/6/0/0/0,22559:1747647668767:,1747647682461
counter/10/0/0/0,20780:1747647665543:,1747647682461
counter/8/0/0/0,24328:1747647668533:,1747647682461
counter/7/0/0/0,21856:1747647667160:,1747647682461
counter/5/0/0/0,23128:1747647668328:,1747647682461
counter/1/0/0/0,21729:1747647668020:,1747647682461
counter/9/0/0/0,26807:1747647670359:,1747647682461
counter/6/0/0/0,22560:1747647668767:,1747647682461
counter/10/0/0/0,20781:1747647665548:,1747647682461
counter/8/0/0/0,24329:1747647668550:,1747647682461
counter/7/0/0/0,21857:1747647667160:,1747647682461
counter/5/0/0/0,23129:1747647668329:,1747647682461
counter/1/0/0/0,21730:1747647668020:,1747647682461
counter/9/0/0/0,26808:1747647670359:,1747647682461
counter/6/0/0/0,22561:1747647668767:,1747647682461
counter/10/0/0/0,20782:1747647665548:,1747647682461
counter/8/0/0/0,24330:1747647668550:,1747647682461
counter/7/0/0/0,21858:1747647667160:,1747647682461
counter/5/0/0/0,23130:1747647668333:,1747647682461
counter/1/0/0/0,21731:1747647668020:,1747647682461
counter/9/0/0/0,26809:1747647670359:,1747647682462
counter/6/0/0/0,22562:1747647668767:,1747647682462
counter/10/0/0/0,20783:1747647665549:,1747647682462
counter/8/0/0/0,24331:1747647668550:,1747647682462
counter/7/0/0/0,21859:1747647667160:,1747647682462
counter/5/0/0/0,23131:1747647668333:,1747647682462
counter/1/0/0/0,21732:1747647668020:,1747647682462
counter/9/0/0/0,26810:1747647670359:,1747647682462
counter/6/0/0/0,22563:1747647668767:,1747647682462
counter/10/0/0/0,20784:1747647665549:,1747647682462
counter/8/0/0/0,24332:1747647668550:,1747647682462
counter/7/0/0/0,21860:1747647667171:,1747647682462
counter/5/0/0/0,23132:1747647668333:,1747647682462
counter/1/0/0/0,21733:1747647668020:,1747647682462
counter/9/0/0/0,26811:1747647670359:,1747647682462
counter/3/0/0/0,21678:1747647668084:,1747647682462
counter/6/0/0/0,22564:1747647668767:,1747647682462
counter/10/0/0/0,20785:1747647665549:,1747647682462
counter/8/0/0/0,24333:1747647668550:,1747647682462
counter/7/0/0/0,21861:1747647667172:,1747647682462
counter/5/0/0/0,23133:1747647668333:,1747647682462
counter/1/0/0/0,21734:1747647668020:,1747647682462
counter/9/0/0/0,26812:1747647670359:,1747647682462
counter/6/0/0/0,22565:1747647668767:,1747647682462
counter/10/0/0/0,20786:1747647665549:,1747647682462
counter/8/0/0/0,24334:1747647668550:,1747647682462
counter/7/0/0/0,21862:1747647667177:,1747647682462
counter/5/0/0/0,23134:1747647668333:,1747647682462
counter/1/0/0/0,21735:1747647668020:,1747647682462
counter/9/0/0/0,26813:1747647670359:,1747647682462
counter/6/0/0/0,22566:1747647668767:,1747647682462
counter/10/0/0/0,20787:1747647665549:,1747647682462
counter/8/0/0/0,24335:1747647668550:,1747647682462
counter/7/0/0/0,21863:1747647667178:,1747647682462
counter/5/0/0/0,23135:1747647668333:,1747647682462
counter/1/0/0/0,21736:1747647668020:,1747647682462
counter/9/0/0/0,26814:1747647670359:,1747647682462
counter/6/0/0/0,22567:1747647668767:,1747647682462
counter/10/0/0/0,20788:1747647665549:,1747647682462
counter/8/0/0/0,24336:1747647668550:,1747647682462
counter/7/0/0/0,21864:1747647667178:,1747647682463
counter/5/0/0/0,23136:1747647668333:,1747647682463
counter/1/0/0/0,21737:1747647668020:,1747647682463
counter/9/0/0/0,26815:1747647670366:,1747647682463
counter/6/0/0/0,22568:1747647668767:,1747647682463
counter/10/0/0/0,20789:1747647665549:,1747647682463
counter/8/0/0/0,24337:1747647668550:,1747647682463
counter/7/0/0/0,21865:1747647667178:,1747647682463
counter/5/0/0/0,23137:1747647668333:,1747647682463
counter/1/0/0/0,21738:1747647668020:,1747647682463
counter/9/0/0/0,26816:1747647670366:,1747647682463
counter/6/0/0/0,22569:1747647668767:,1747647682463
counter/10/0/0/0,20790:1747647665549:,1747647682463
counter/8/0/0/0,24338:1747647668550:,1747647682463
counter/7/0/0/0,21866:1747647667178:,1747647682463
counter/5/0/0/0,23138:1747647668333:,1747647682463
counter/1/0/0/0,21739:1747647668020:,1747647682463
counter/9/0/0/0,26817:1747647670366:,1747647682463
counter/6/0/0/0,22570:1747647668767:,1747647682463
counter/10/0/0/0,20791:1747647665549:,1747647682463
counter/8/0/0/0,24339:1747647668551:,1747647682463
counter/7/0/0/0,21867:1747647667178:,1747647682463
counter/5/0/0/0,23139:1747647668333:,1747647682463
counter/1/0/0/0,21740:1747647668020:,1747647682463
counter/9/0/0/0,26818:1747647670366:,1747647682463
counter/6/0/0/0,22571:1747647668767:,1747647682463
counter/10/0/0/0,20792:1747647665549:,1747647682463
counter/8/0/0/0,24340:1747647668551:,1747647682463
counter/7/0/0/0,21868:1747647667178:,1747647682463
counter/5/0/0/0,23140:1747647668333:,1747647682463
counter/1/0/0/0,21741:1747647668020:,1747647682463
counter/9/0/0/0,26819:1747647670366:,1747647682463
counter/6/0/0/0,22572:1747647668767:,1747647682463
counter/10/0/0/0,20793:1747647665549:,1747647682463
counter/8/0/0/0,24341:1747647668554:,1747647682463
counter/7/0/0/0,21869:1747647667178:,1747647682463
counter/5/0/0/0,23141:1747647668336:,1747647682463
counter/1/0/0/0,21742:1747647668020:,1747647682464
counter/9/0/0/0,26820:1747647670366:,1747647682464
counter/6/0/0/0,22573:1747647668767:,1747647682464
counter/10/0/0/0,20794:1747647665549:,1747647682464
counter/8/0/0/0,24342:1747647668554:,1747647682464
counter/7/0/0/0,21870:1747647667178:,1747647682464
counter/5/0/0/0,23142:1747647668336:,1747647682464
counter/1/0/0/0,21743:1747647668020:,1747647682464
counter/9/0/0/0,26821:1747647670366:,1747647682464
counter/6/0/0/0,22574:1747647668767:,1747647682464
counter/10/0/0/0,20795:1747647665550:,1747647682464
counter/8/0/0/0,24343:1747647668554:,1747647682464
counter/7/0/0/0,21871:1747647667178:,1747647682464
counter/5/0/0/0,23143:1747647668336:,1747647682464
counter/1/0/0/0,21744:1747647668020:,1747647682464
counter/9/0/0/0,26822:1747647670375:,1747647682464
counter/6/0/0/0,22575:1747647668767:,1747647682464
counter/10/0/0/0,20796:1747647665550:,1747647682464
counter/8/0/0/0,24344:1747647668562:,1747647682464
counter/7/0/0/0,21872:1747647667178:,1747647682464
counter/5/0/0/0,23144:1747647668336:,1747647682464
counter/1/0/0/0,21745:1747647668021:,1747647682464
counter/9/0/0/0,26823:1747647670375:,1747647682464
counter/6/0/0/0,22576:1747647668767:,1747647682464
counter/10/0/0/0,20797:1747647665550:,1747647682464
counter/8/0/0/0,24345:1747647668562:,1747647682464
counter/7/0/0/0,21873:1747647667178:,1747647682464
counter/5/0/0/0,23145:1747647668336:,1747647682464
counter/1/0/0/0,21746:1747647668021:,1747647682464
counter/9/0/0/0,26824:1747647670375:,1747647682464
counter/6/0/0/0,22577:1747647668767:,1747647682464
counter/10/0/0/0,20798:1747647665550:,1747647682464
counter/8/0/0/0,24346:1747647668562:,1747647682464
counter/7/0/0/0,21874:1747647667178:,1747647682464
counter/5/0/0/0,23146:1747647668336:,1747647682464
counter/1/0/0/0,21747:1747647668021:,1747647682464
counter/9/0/0/0,26825:1747647670375:,1747647682464
counter/6/0/0/0,22578:1747647668780:,1747647682464
counter/10/0/0/0,20799:1747647665550:,1747647682464
counter/8/0/0/0,24347:1747647668562:,1747647682464
counter/7/0/0/0,21875:1747647667184:,1747647682464
counter/5/0/0/0,23147:1747647668336:,1747647682464
counter/1/0/0/0,21748:1747647668021:,1747647682465
counter/9/0/0/0,26826:1747647670376:,1747647682465
counter/6/0/0/0,22579:1747647668780:,1747647682465
counter/10/0/0/0,20800:1747647665550:,1747647682465
counter/8/0/0/0,24348:1747647668562:,1747647682465
counter/7/0/0/0,21876:1747647667184:,1747647682465
counter/5/0/0/0,23148:1747647668336:,1747647682465
counter/1/0/0/0,21749:1747647668021:,1747647682465
counter/9/0/0/0,26827:1747647670380:,1747647682465
counter/6/0/0/0,22580:1747647668780:,1747647682465
counter/10/0/0/0,20801:1747647665550:,1747647682465
counter/8/0/0/0,24349:1747647668562:,1747647682465
counter/7/0/0/0,21877:1747647667184:,1747647682465
counter/5/0/0/0,23149:1747647668336:,1747647682465
counter/1/0/0/0,21750:1747647668021:,1747647682465
counter/9/0/0/0,26828:1747647670380:,1747647682465
counter/6/0/0/0,22581:1747647668780:,1747647682465
counter/10/0/0/0,20802:1747647665550:,1747647682465
counter/8/0/0/0,24350:1747647668562:,1747647682465
counter/7/0/0/0,21878:1747647667184:,1747647682465
counter/5/0/0/0,23150:1747647668336:,1747647682465
counter/1/0/0/0,21751:1747647668023:,1747647682465
counter/9/0/0/0,26829:1747647670380:,1747647682465
counter/6/0/0/0,22582:1747647668780:,1747647682465
counter/10/0/0/0,20803:1747647665550:,1747647682465
counter/8/0/0/0,24351:1747647668562:,1747647682465
counter/7/0/0/0,21879:1747647667184:,1747647682465
counter/5/0/0/0,23151:1747647668342:,1747647682465
counter/1/0/0/0,21752:1747647668023:,1747647682465
counter/9/0/0/0,26830:1747647670380:,1747647682465
counter/6/0/0/0,22583:1747647668780:,1747647682465
counter/10/0/0/0,20804:1747647665550:,1747647682465
counter/8/0/0/0,24352:1747647668562:,1747647682465
counter/7/0/0/0,21880:1747647667184:,1747647682465
counter/5/0/0/0,23152:1747647668342:,1747647682465
counter/1/0/0/0,21753:1747647668023:,1747647682465
counter/9/0/0/0,26831:1747647670380:,1747647682465
counter/6/0/0/0,22584:1747647668780:,1747647682465
counter/10/0/0/0,20805:1747647665550:,1747647682465
counter/8/0/0/0,24353:1747647668562:,1747647682465
counter/7/0/0/0,21881:1747647667184:,1747647682466
counter/5/0/0/0,23153:1747647668342:,1747647682466
counter/1/0/0/0,21754:1747647668023:,1747647682466
counter/9/0/0/0,26832:1747647670380:,1747647682466
counter/6/0/0/0,22585:1747647668780:,1747647682466
counter/10/0/0/0,20806:1747647665550:,1747647682466
counter/8/0/0/0,24354:1747647668562:,1747647682466
counter/7/0/0/0,21882:1747647667184:,1747647682466
counter/5/0/0/0,23154:1747647668342:,1747647682466
counter/1/0/0/0,21755:1747647668023:,1747647682466
counter/9/0/0/0,26833:1747647670382:,1747647682466
counter/3/0/0/0,21679:1747647668084:,1747647682466
counter/6/0/0/0,22586:1747647668780:,1747647682466
counter/10/0/0/0,20807:1747647665550:,1747647682466
counter/8/0/0/0,24355:1747647668563:,1747647682466
counter/7/0/0/0,21883:1747647667185:,1747647682466
counter/5/0/0/0,23155:1747647668342:,1747647682466
counter/1/0/0/0,21756:1747647668023:,1747647682466
counter/9/0/0/0,26834:1747647670382:,1747647682466
counter/6/0/0/0,22587:1747647668780:,1747647682466
counter/10/0/0/0,20808:1747647665552:,1747647682466
counter/8/0/0/0,24356:1747647668563:,1747647682466
counter/7/0/0/0,21884:1747647667185:,1747647682466
counter/5/0/0/0,23156:1747647668342:,1747647682466
counter/1/0/0/0,21757:1747647668023:,1747647682466
counter/9/0/0/0,26835:1747647670382:,1747647682466
counter/6/0/0/0,22588:1747647668780:,1747647682466
counter/10/0/0/0,20809:1747647665552:,1747647682466
counter/8/0/0/0,24357:1747647668563:,1747647682466
counter/7/0/0/0,21885:1747647667185:,1747647682466
counter/5/0/0/0,23157:1747647668342:,1747647682466
counter/1/0/0/0,21758:1747647668023:,1747647682466
counter/9/0/0/0,26836:1747647670382:,1747647682466
counter/6/0/0/0,22589:1747647668780:,1747647682466
counter/10/0/0/0,20810:1747647665552:,1747647682466
counter/8/0/0/0,24358:1747647668583:,1747647682466
counter/7/0/0/0,21886:1747647667197:,1747647682466
counter/5/0/0/0,23158:1747647668342:,1747647682466
counter/1/0/0/0,21759:1747647668024:,1747647682466
counter/9/0/0/0,26837:1747647670382:,1747647682466
counter/6/0/0/0,22590:1747647668780:,1747647682466
counter/10/0/0/0,20811:1747647665552:,1747647682466
counter/8/0/0/0,24359:1747647668583:,1747647682466
counter/7/0/0/0,21887:1747647667197:,1747647682466
counter/5/0/0/0,23159:1747647668343:,1747647682467
counter/1/0/0/0,21760:1747647668024:,1747647682467
counter/9/0/0/0,26838:1747647670382:,1747647682467
counter/6/0/0/0,22591:1747647668780:,1747647682467
counter/10/0/0/0,20812:1747647665552:,1747647682467
counter/8/0/0/0,24360:1747647668583:,1747647682467
counter/7/0/0/0,21888:1747647667197:,1747647682467
counter/5/0/0/0,23160:1747647668343:,1747647682467
counter/1/0/0/0,21761:1747647668024:,1747647682467
counter/6/0/0/0,22592:1747647668781:,1747647682467
counter/10/0/0/0,20813:1747647665552:,1747647682467
counter/8/0/0/0,24361:1747647668583:,1747647682467
counter/7/0/0/0,21889:1747647667208:,1747647682467
counter/5/0/0/0,23161:1747647668343:,1747647682467
counter/1/0/0/0,21762:1747647668024:,1747647682467
counter/6/0/0/0,22593:1747647668801:,1747647682467
counter/10/0/0/0,20814:1747647665552:,1747647682467
counter/8/0/0/0,24362:1747647668583:,1747647682467
counter/7/0/0/0,21890:1747647667208:,1747647682467
counter/5/0/0/0,23162:1747647668343:,1747647682467
counter/1/0/0/0,21763:1747647668024:,1747647682467
counter/6/0/0/0,22594:1747647668801:,1747647682467
counter/10/0/0/0,20815:1747647665552:,1747647682467
counter/8/0/0/0,24363:1747647668583:,1747647682467
counter/7/0/0/0,21891:1747647667211:,1747647682467
counter/5/0/0/0,23163:1747647668343:,1747647682467
counter/1/0/0/0,21764:1747647668024:,1747647682467
counter/6/0/0/0,22595:1747647668801:,1747647682467
counter/10/0/0/0,20816:1747647665552:,1747647682467
counter/8/0/0/0,24364:1747647668583:,1747647682467
counter/7/0/0/0,21892:1747647667211:,1747647682467
counter/5/0/0/0,23164:1747647668343:,1747647682467
counter/1/0/0/0,21765:1747647668024:,1747647682467
counter/9/0/0/0,26839:1747647670382:,1747647682467
counter/6/0/0/0,22596:1747647668801:,1747647682467
counter/10/0/0/0,20817:1747647665556:,1747647682467
counter/8/0/0/0,24365:1747647668583:,1747647682467
counter/7/0/0/0,21893:1747647667211:,1747647682467
counter/5/0/0/0,23165:1747647668343:,1747647682467
counter/1/0/0/0,21766:1747647668024:,1747647682467
counter/4/0/0/0,20475:1747647667520:,1747647682467
counter/6/0/0/0,22597:1747647668801:,1747647682468
counter/10/0/0/0,20818:1747647665556:,1747647682468
counter/8/0/0/0,24366:1747647668583:,1747647682468
counter/7/0/0/0,21894:1747647667211:,1747647682468
counter/5/0/0/0,23166:1747647668343:,1747647682468
counter/1/0/0/0,21767:1747647668024:,1747647682468
counter/4/0/0/0,20476:1747647667520:,1747647682468
counter/6/0/0/0,22598:1747647668801:,1747647682468
counter/10/0/0/0,20819:1747647665556:,1747647682468
counter/8/0/0/0,24367:1747647668583:,1747647682468
counter/7/0/0/0,21895:1747647667211:,1747647682468
counter/5/0/0/0,23167:1747647668343:,1747647682468
counter/1/0/0/0,21768:1747647668028:,1747647682468
counter/4/0/0/0,20477:1747647667520:,1747647682468
counter/9/0/0/0,26840:1747647670382:,1747647682468
counter/6/0/0/0,22599:1747647668801:,1747647682468
counter/10/0/0/0,20820:1747647665556:,1747647682468
counter/8/0/0/0,24368:1747647668584:,1747647682468
counter/7/0/0/0,21896:1747647667211:,1747647682468
counter/5/0/0/0,23168:1747647668343:,1747647682468
counter/1/0/0/0,21769:1747647668028:,1747647682468
counter/4/0/0/0,20478:1747647667520:,1747647682468
counter/6/0/0/0,22600:1747647668801:,1747647682468
counter/10/0/0/0,20821:1747647665556:,1747647682468
counter/8/0/0/0,24369:1747647668584:,1747647682468
counter/7/0/0/0,21897:1747647667211:,1747647682468
counter/5/0/0/0,23169:1747647668343:,1747647682468
counter/1/0/0/0,21770:1747647668028:,1747647682468
counter/4/0/0/0,20479:1747647667521:,1747647682468
counter/6/0/0/0,22601:1747647668801:,1747647682468
counter/10/0/0/0,20822:1747647665556:,1747647682468
counter/8/0/0/0,24370:1747647668584:,1747647682468
counter/7/0/0/0,21898:1747647667211:,1747647682468
counter/5/0/0/0,23170:1747647668343:,1747647682468
counter/1/0/0/0,21771:1747647668028:,1747647682468
counter/4/0/0/0,20480:1747647667521:,1747647682468
counter/6/0/0/0,22602:1747647668801:,1747647682468
counter/10/0/0/0,20823:1747647665557:,1747647682468
counter/8/0/0/0,24371:1747647668584:,1747647682468
counter/7/0/0/0,21899:1747647667222:,1747647682468
counter/5/0/0/0,23171:1747647668343:,1747647682468
counter/1/0/0/0,21772:1747647668028:,1747647682469
counter/4/0/0/0,20481:1747647667521:,1747647682469
counter/6/0/0/0,22603:1747647668804:,1747647682469
counter/10/0/0/0,20824:1747647665557:,1747647682469
counter/8/0/0/0,24372:1747647668584:,1747647682469
counter/7/0/0/0,21900:1747647667223:,1747647682469
counter/5/0/0/0,23172:1747647668343:,1747647682469
counter/1/0/0/0,21773:1747647668028:,1747647682469
counter/4/0/0/0,20482:1747647667521:,1747647682469
counter/6/0/0/0,22604:1747647668804:,1747647682469
counter/10/0/0/0,20825:1747647665557:,1747647682469
counter/8/0/0/0,24373:1747647668584:,1747647682469
counter/7/0/0/0,21901:1747647667223:,1747647682469
counter/5/0/0/0,23173:1747647668343:,1747647682469
counter/1/0/0/0,21774:1747647668028:,1747647682469
counter/6/0/0/0,22605:1747647668804:,1747647682469
counter/10/0/0/0,20826:1747647665557:,1747647682469
counter/8/0/0/0,24374:1747647668584:,1747647682469
counter/7/0/0/0,21902:1747647667223:,1747647682469
counter/5/0/0/0,23174:1747647668343:,1747647682469
counter/1/0/0/0,21775:1747647668028:,1747647682469
counter/6/0/0/0,22606:1747647668804:,1747647682469
counter/10/0/0/0,20827:1747647665557:,1747647682469
counter/8/0/0/0,24375:1747647668584:,1747647682469
counter/7/0/0/0,21903:1747647667223:,1747647682469
counter/5/0/0/0,23175:1747647668343:,1747647682469
counter/1/0/0/0,21776:1747647668028:,1747647682469
counter/6/0/0/0,22607:1747647668804:,1747647682469
counter/10/0/0/0,20828:1747647665558:,1747647682469
counter/8/0/0/0,24376:1747647668584:,1747647682469
counter/7/0/0/0,21904:1747647667223:,1747647682469
counter/5/0/0/0,23176:1747647668343:,1747647682469
counter/1/0/0/0,21777:1747647668028:,1747647682469
counter/6/0/0/0,22608:1747647668804:,1747647682469
counter/10/0/0/0,20829:1747647665558:,1747647682469
counter/8/0/0/0,24377:1747647668584:,1747647682469
counter/7/0/0/0,21905:1747647667223:,1747647682469
counter/5/0/0/0,23177:1747647668343:,1747647682469
counter/1/0/0/0,21778:1747647668028:,1747647682469
counter/6/0/0/0,22609:1747647668804:,1747647682469
counter/10/0/0/0,20830:1747647665558:,1747647682469
counter/8/0/0/0,24378:1747647668584:,1747647682469
counter/7/0/0/0,21906:1747647667223:,1747647682469
counter/5/0/0/0,23178:1747647668343:,1747647682470
counter/1/0/0/0,21779:1747647668028:,1747647682470
counter/6/0/0/0,22610:1747647668804:,1747647682470
counter/10/0/0/0,20831:1747647665558:,1747647682470
counter/8/0/0/0,24379:1747647668584:,1747647682470
counter/7/0/0/0,21907:1747647667223:,1747647682470
counter/5/0/0/0,23179:1747647668343:,1747647682470
counter/1/0/0/0,21780:1747647668028:,1747647682470
counter/6/0/0/0,22611:1747647668804:,1747647682470
counter/10/0/0/0,20832:1747647665558:,1747647682470
counter/8/0/0/0,24380:1747647668584:,1747647682470
counter/7/0/0/0,21908:1747647667223:,1747647682470
counter/5/0/0/0,23180:1747647668344:,1747647682470
counter/1/0/0/0,21781:1747647668028:,1747647682470
counter/6/0/0/0,22612:1747647668806:,1747647682470
counter/10/0/0/0,20833:1747647665558:,1747647682470
counter/8/0/0/0,24381:1747647668584:,1747647682470
counter/7/0/0/0,21909:1747647667223:,1747647682470
counter/5/0/0/0,23181:1747647668358:,1747647682470
counter/1/0/0/0,21782:1747647668028:,1747647682470
counter/6/0/0/0,22613:1747647668806:,1747647682470
counter/10/0/0/0,20834:1747647665558:,1747647682470
counter/8/0/0/0,24382:1747647668584:,1747647682470
counter/7/0/0/0,21910:1747647667223:,1747647682470
counter/5/0/0/0,23182:1747647668358:,1747647682470
counter/1/0/0/0,21783:1747647668029:,1747647682470
counter/4/0/0/0,20483:1747647667521:,1747647682470
counter/6/0/0/0,22614:1747647668806:,1747647682470
counter/10/0/0/0,20835:1747647665558:,1747647682470
counter/8/0/0/0,24383:1747647668584:,1747647682470
counter/7/0/0/0,21911:1747647667223:,1747647682470
counter/5/0/0/0,23183:1747647668358:,1747647682470
counter/1/0/0/0,21784:1747647668029:,1747647682470
counter/4/0/0/0,20484:1747647667521:,1747647682470
counter/9/0/0/0,26841:1747647670382:,1747647682470
counter/6/0/0/0,22615:1747647668806:,1747647682470
counter/10/0/0/0,20836:1747647665558:,1747647682470
counter/8/0/0/0,24384:1747647668584:,1747647682470
counter/7/0/0/0,21912:1747647667230:,1747647682470
counter/5/0/0/0,23184:1747647668358:,1747647682470
counter/1/0/0/0,21785:1747647668033:,1747647682470
counter/4/0/0/0,20485:1747647667521:,1747647682471
counter/6/0/0/0,22616:1747647668806:,1747647682471
counter/10/0/0/0,20837:1747647665558:,1747647682471
counter/8/0/0/0,24385:1747647668584:,1747647682471
counter/7/0/0/0,21913:1747647667230:,1747647682471
counter/5/0/0/0,23185:1747647668366:,1747647682471
counter/1/0/0/0,21786:1747647668033:,1747647682471
counter/4/0/0/0,20486:1747647667523:,1747647682471
counter/6/0/0/0,22617:1747647668806:,1747647682471
counter/10/0/0/0,20838:1747647665558:,1747647682471
counter/8/0/0/0,24386:1747647668594:,1747647682471
counter/7/0/0/0,21914:1747647667230:,1747647682471
counter/5/0/0/0,23186:1747647668366:,1747647682471
counter/1/0/0/0,21787:1747647668033:,1747647682471
counter/4/0/0/0,20487:1747647667523:,1747647682471
counter/6/0/0/0,22618:1747647668806:,1747647682471
counter/10/0/0/0,20839:1747647665558:,1747647682471
counter/8/0/0/0,24387:1747647668594:,1747647682471
counter/7/0/0/0,21915:1747647667230:,1747647682471
counter/5/0/0/0,23187:1747647668366:,1747647682471
counter/1/0/0/0,21788:1747647668033:,1747647682471
counter/4/0/0/0,20488:1747647667523:,1747647682471
counter/6/0/0/0,22619:1747647668807:,1747647682471
counter/10/0/0/0,20840:1747647665558:,1747647682471
counter/8/0/0/0,24388:1747647668594:,1747647682471
counter/7/0/0/0,21916:1747647667230:,1747647682471
counter/5/0/0/0,23188:1747647668366:,1747647682471
counter/1/0/0/0,21789:1747647668033:,1747647682471
counter/4/0/0/0,20489:1747647667523:,1747647682471
counter/6/0/0/0,22620:1747647668821:,1747647682471
counter/10/0/0/0,20841:1747647665558:,1747647682471
counter/8/0/0/0,24389:1747647668594:,1747647682471
counter/7/0/0/0,21917:1747647667230:,1747647682471
counter/5/0/0/0,23189:1747647668367:,1747647682471
counter/1/0/0/0,21790:1747647668033:,1747647682471
counter/4/0/0/0,20490:1747647667523:,1747647682471
counter/6/0/0/0,22621:1747647668821:,1747647682471
counter/10/0/0/0,20842:1747647665558:,1747647682471
counter/8/0/0/0,24390:1747647668594:,1747647682471
counter/7/0/0/0,21918:1747647667230:,1747647682471
counter/5/0/0/0,23190:1747647668367:,1747647682471
counter/1/0/0/0,21791:1747647668033:,1747647682471
counter/4/0/0/0,20491:1747647667523:,1747647682471
counter/6/0/0/0,22622:1747647668821:,1747647682472
counter/10/0/0/0,20843:1747647665558:,1747647682472
counter/8/0/0/0,24391:1747647668594:,1747647682472
counter/7/0/0/0,21919:1747647667230:,1747647682472
counter/5/0/0/0,23191:1747647668367:,1747647682472
counter/1/0/0/0,21792:1747647668033:,1747647682472
counter/4/0/0/0,20492:1747647667538:,1747647682472
counter/6/0/0/0,22623:1747647668821:,1747647682472
counter/10/0/0/0,20844:1747647665560:,1747647682472
counter/8/0/0/0,24392:1747647668594:,1747647682472
counter/7/0/0/0,21920:1747647667230:,1747647682472
counter/5/0/0/0,23192:1747647668367:,1747647682472
counter/1/0/0/0,21793:1747647668033:,1747647682472
counter/4/0/0/0,20493:1747647667539:,1747647682472
counter/2/0/0/0,26398:1747647671406:,1747647682472
counter/6/0/0/0,22624:1747647668822:,1747647682472
counter/10/0/0/0,20845:1747647665560:,1747647682472
counter/8/0/0/0,24393:1747647668598:,1747647682472
counter/7/0/0/0,21921:1747647667230:,1747647682472
counter/5/0/0/0,23193:1747647668367:,1747647682472
counter/1/0/0/0,21794:1747647668033:,1747647682472
counter/4/0/0/0,20494:1747647667539:,1747647682472
counter/6/0/0/0,22625:1747647668822:,1747647682472
counter/10/0/0/0,20846:1747647665560:,1747647682472
counter/8/0/0/0,24394:1747647668598:,1747647682472
counter/7/0/0/0,21922:1747647667230:,1747647682472
counter/5/0/0/0,23194:1747647668374:,1747647682472
counter/1/0/0/0,21795:1747647668033:,1747647682472
counter/4/0/0/0,20495:1747647667539:,1747647682472
counter/9/0/0/0,26842:1747647670382:,1747647682472
counter/6/0/0/0,22626:1747647668822:,1747647682472
counter/10/0/0/0,20847:1747647665560:,1747647682472
counter/8/0/0/0,24395:1747647668598:,1747647682472
counter/7/0/0/0,21923:1747647667230:,1747647682472
counter/5/0/0/0,23195:1747647668374:,1747647682472
counter/1/0/0/0,21796:1747647668033:,1747647682472
counter/2/0/0/0,26399:1747647671406:,1747647682472
counter/6/0/0/0,22627:1747647668822:,1747647682472
counter/10/0/0/0,20848:1747647665560:,1747647682472
counter/8/0/0/0,24396:1747647668598:,1747647682473
counter/7/0/0/0,21924:1747647667230:,1747647682473
counter/5/0/0/0,23196:1747647668374:,1747647682473
counter/1/0/0/0,21797:1747647668033:,1747647682473
counter/2/0/0/0,26400:1747647671406:,1747647682473
counter/6/0/0/0,22628:1747647668822:,1747647682473
counter/10/0/0/0,20849:1747647665560:,1747647682473
counter/8/0/0/0,24397:1747647668598:,1747647682473
counter/7/0/0/0,21925:1747647667230:,1747647682473
counter/5/0/0/0,23197:1747647668375:,1747647682473
counter/1/0/0/0,21798:1747647668033:,1747647682473
counter/2/0/0/0,26401:1747647671406:,1747647682473
counter/6/0/0/0,22629:1747647668822:,1747647682473
counter/10/0/0/0,20850:1747647665560:,1747647682473
counter/8/0/0/0,24398:1747647668598:,1747647682473
counter/7/0/0/0,21926:1747647667230:,1747647682473
counter/5/0/0/0,23198:1747647668376:,1747647682473
counter/1/0/0/0,21799:1747647668033:,1747647682473
counter/2/0/0/0,26402:1747647671406:,1747647682473
counter/6/0/0/0,22630:1747647668822:,1747647682473
counter/10/0/0/0,20851:1747647665560:,1747647682473
counter/8/0/0/0,24399:1747647668598:,1747647682473
counter/7/0/0/0,21927:1747647667230:,1747647682473
counter/5/0/0/0,23199:1747647668376:,1747647682473
counter/1/0/0/0,21800:1747647668033:,1747647682473
counter/2/0/0/0,26403:1747647671406:,1747647682473
counter/6/0/0/0,22631:1747647668822:,1747647682473
counter/10/0/0/0,20852:1747647665560:,1747647682473
counter/8/0/0/0,24400:1747647668611:,1747647682473
counter/7/0/0/0,21928:1747647667230:,1747647682473
counter/5/0/0/0,23200:1747647668376:,1747647682473
counter/1/0/0/0,21801:1747647668038:,1747647682473
counter/2/0/0/0,26404:1747647671406:,1747647682473
counter/6/0/0/0,22632:1747647668822:,1747647682473
counter/10/0/0/0,20853:1747647665560:,1747647682473
counter/8/0/0/0,24401:1747647668611:,1747647682473
counter/7/0/0/0,21929:1747647667234:,1747647682473
counter/5/0/0/0,23201:1747647668376:,1747647682473
counter/1/0/0/0,21802:1747647668041:,1747647682473
counter/2/0/0/0,26405:1747647671406:,1747647682473
counter/6/0/0/0,22633:1747647668822:,1747647682473
counter/10/0/0/0,20854:1747647665560:,1747647682473
counter/8/0/0/0,24402:1747647668611:,1747647682473
counter/7/0/0/0,21930:1747647667234:,1747647682473
counter/5/0/0/0,23202:1747647668376:,1747647682474
counter/1/0/0/0,21803:1747647668046:,1747647682474
counter/2/0/0/0,26406:1747647671406:,1747647682474
counter/6/0/0/0,22634:1747647668822:,1747647682474
counter/10/0/0/0,20855:1747647665560:,1747647682474
counter/8/0/0/0,24403:1747647668611:,1747647682474
counter/7/0/0/0,21931:1747647667234:,1747647682474
counter/5/0/0/0,23203:1747647668376:,1747647682474
counter/1/0/0/0,21804:1747647668046:,1747647682474
counter/2/0/0/0,26407:1747647671406:,1747647682474
counter/6/0/0/0,22635:1747647668822:,1747647682474
counter/10/0/0/0,20856:1747647665560:,1747647682474
counter/8/0/0/0,24404:1747647668611:,1747647682474
counter/7/0/0/0,21932:1747647667234:,1747647682474
counter/5/0/0/0,23204:1747647668376:,1747647682474
counter/1/0/0/0,21805:1747647668046:,1747647682474
counter/2/0/0/0,26408:1747647671406:,1747647682474
counter/6/0/0/0,22636:1747647668828:,1747647682474
counter/10/0/0/0,20857:1747647665560:,1747647682474
counter/8/0/0/0,24405:1747647668611:,1747647682474
counter/7/0/0/0,21933:1747647667234:,1747647682474
counter/5/0/0/0,23205:1747647668377:,1747647682474
counter/1/0/0/0,21806:1747647668046:,1747647682474
counter/2/0/0/0,26409:1747647671406:,1747647682474
counter/6/0/0/0,22637:1747647668835:,1747647682474
counter/10/0/0/0,20858:1747647665560:,1747647682474
counter/8/0/0/0,24406:1747647668611:,1747647682474
counter/7/0/0/0,21934:1747647667234:,1747647682474
counter/5/0/0/0,23206:1747647668377:,1747647682474
counter/1/0/0/0,21807:1747647668046:,1747647682474
counter/2/0/0/0,26410:1747647671406:,1747647682474
counter/6/0/0/0,22638:1747647668835:,1747647682474
counter/10/0/0/0,20859:1747647665562:,1747647682474
counter/8/0/0/0,24407:1747647668611:,1747647682474
counter/7/0/0/0,21935:1747647667234:,1747647682474
counter/5/0/0/0,23207:1747647668377:,1747647682474
counter/1/0/0/0,21808:1747647668046:,1747647682474
counter/2/0/0/0,26411:1747647671406:,1747647682474
counter/6/0/0/0,22639:1747647668835:,1747647682474
counter/10/0/0/0,20860:1747647665562:,1747647682474
counter/8/0/0/0,24408:1747647668611:,1747647682474
counter/7/0/0/0,21936:1747647667234:,1747647682474
counter/5/0/0/0,23208:1747647668377:,1747647682474
counter/1/0/0/0,21809:1747647668046:,1747647682474
counter/2/0/0/0,26412:1747647671406:,1747647682475
counter/6/0/0/0,22640:1747647668835:,1747647682475
counter/10/0/0/0,20861:1747647665562:,1747647682475
counter/8/0/0/0,24409:1747647668611:,1747647682475
counter/7/0/0/0,21937:1747647667234:,1747647682475
counter/5/0/0/0,23209:1747647668391:,1747647682475
counter/1/0/0/0,21810:1747647668046:,1747647682475
counter/2/0/0/0,26413:1747647671406:,1747647682475
counter/6/0/0/0,22641:1747647668835:,1747647682475
counter/10/0/0/0,20862:1747647665562:,1747647682475
counter/8/0/0/0,24410:1747647668611:,1747647682475
counter/7/0/0/0,21938:1747647667234:,1747647682475
counter/5/0/0/0,23210:1747647668391:,1747647682475
counter/1/0/0/0,21811:1747647668046:,1747647682475
counter/2/0/0/0,26414:1747647671406:,1747647682475
counter/6/0/0/0,22642:1747647668835:,1747647682475
counter/10/0/0/0,20863:1747647665562:,1747647682475
counter/8/0/0/0,24411:1747647668611:,1747647682475
counter/7/0/0/0,21939:1747647667234:,1747647682475
counter/5/0/0/0,23211:1747647668391:,1747647682475
counter/1/0/0/0,21812:1747647668046:,1747647682475
counter/2/0/0/0,26415:1747647671407:,1747647682475
counter/6/0/0/0,22643:1747647668843:,1747647682475
counter/10/0/0/0,20864:1747647665562:,1747647682475
counter/8/0/0/0,24412:1747647668611:,1747647682475
counter/7/0/0/0,21940:1747647667234:,1747647682475
counter/5/0/0/0,23212:1747647668391:,1747647682475
counter/1/0/0/0,21813:1747647668057:,1747647682475
counter/2/0/0/0,26416:1747647671407:,1747647682475
counter/6/0/0/0,22644:1747647668843:,1747647682475
counter/10/0/0/0,20865:1747647665562:,1747647682475
counter/8/0/0/0,24413:1747647668611:,1747647682475
counter/7/0/0/0,21941:1747647667235:,1747647682475
counter/5/0/0/0,23213:1747647668391:,1747647682475
counter/1/0/0/0,21814:1747647668057:,1747647682475
counter/2/0/0/0,26417:1747647671410:,1747647682475
counter/6/0/0/0,22645:1747647668843:,1747647682475
counter/10/0/0/0,20866:1747647665562:,1747647682475
counter/8/0/0/0,24414:1747647668611:,1747647682475
counter/7/0/0/0,21942:1747647667235:,1747647682475
counter/5/0/0/0,23214:1747647668391:,1747647682476
counter/1/0/0/0,21815:1747647668057:,1747647682476
counter/2/0/0/0,26418:1747647671410:,1747647682476
counter/6/0/0/0,22646:1747647668843:,1747647682476
counter/10/0/0/0,20867:1747647665563:,1747647682476
counter/8/0/0/0,24415:1747647668611:,1747647682476
counter/7/0/0/0,21943:1747647667235:,1747647682476
counter/5/0/0/0,23215:1747647668391:,1747647682476
counter/1/0/0/0,21816:1747647668057:,1747647682476
counter/2/0/0/0,26419:1747647671410:,1747647682476
counter/6/0/0/0,22647:1747647668843:,1747647682476
counter/10/0/0/0,20868:1747647665563:,1747647682476
counter/8/0/0/0,24416:1747647668611:,1747647682476
counter/7/0/0/0,21944:1747647667235:,1747647682476
counter/5/0/0/0,23216:1747647668393:,1747647682476
counter/1/0/0/0,21817:1747647668057:,1747647682476
counter/2/0/0/0,26420:1747647671410:,1747647682476
counter/6/0/0/0,22648:1747647668843:,1747647682476
counter/10/0/0/0,20869:1747647665563:,1747647682476
counter/8/0/0/0,24417:1747647668611:,1747647682476
counter/7/0/0/0,21945:1747647667243:,1747647682476
counter/5/0/0/0,23217:1747647668393:,1747647682476
counter/1/0/0/0,21818:1747647668057:,1747647682476
counter/2/0/0/0,26421:1747647671410:,1747647682476
counter/6/0/0/0,22649:1747647668844:,1747647682476
counter/10/0/0/0,20870:1747647665563:,1747647682476
counter/8/0/0/0,24418:1747647668611:,1747647682476
counter/7/0/0/0,21946:1747647667243:,1747647682476
counter/5/0/0/0,23218:1747647668393:,1747647682476
counter/1/0/0/0,21819:1747647668057:,1747647682476
counter/2/0/0/0,26422:1747647671410:,1747647682476
counter/6/0/0/0,22650:1747647668844:,1747647682476
counter/10/0/0/0,20871:1747647665563:,1747647682476
counter/8/0/0/0,24419:1747647668611:,1747647682476
counter/7/0/0/0,21947:1747647667243:,1747647682476
counter/5/0/0/0,23219:1747647668396:,1747647682476
counter/1/0/0/0,21820:1747647668057:,1747647682476
counter/2/0/0/0,26423:1747647671410:,1747647682476
counter/6/0/0/0,22651:1747647668844:,1747647682476
counter/10/0/0/0,20872:1747647665563:,1747647682476
counter/8/0/0/0,24420:1747647668612:,1747647682476
counter/7/0/0/0,21948:1747647667243:,1747647682476
counter/5/0/0/0,23220:1747647668410:,1747647682476
counter/1/0/0/0,21821:1747647668057:,1747647682476
counter/2/0/0/0,26424:1747647671411:,1747647682477
counter/6/0/0/0,22652:1747647668844:,1747647682477
counter/10/0/0/0,20873:1747647665563:,1747647682477
counter/8/0/0/0,24421:1747647668612:,1747647682477
counter/7/0/0/0,21949:1747647667255:,1747647682477
counter/5/0/0/0,23221:1747647668410:,1747647682477
counter/1/0/0/0,21822:1747647668057:,1747647682477
counter/2/0/0/0,26425:1747647671411:,1747647682477
counter/6/0/0/0,22653:1747647668844:,1747647682477
counter/10/0/0/0,20874:1747647665563:,1747647682477
counter/8/0/0/0,24422:1747647668612:,1747647682477
counter/7/0/0/0,21950:1747647667255:,1747647682477
counter/5/0/0/0,23222:1747647668410:,1747647682477
counter/1/0/0/0,21823:1747647668059:,1747647682477
counter/2/0/0/0,26426:1747647671411:,1747647682477
counter/6/0/0/0,22654:1747647668848:,1747647682477
counter/10/0/0/0,20875:1747647665566:,1747647682477
counter/8/0/0/0,24423:1747647668612:,1747647682477
counter/7/0/0/0,21951:1747647667255:,1747647682477
counter/5/0/0/0,23223:1747647668410:,1747647682477
counter/1/0/0/0,21824:1747647668059:,1747647682477
counter/2/0/0/0,26427:1747647671411:,1747647682477
counter/6/0/0/0,22655:1747647668848:,1747647682477
counter/10/0/0/0,20876:1747647665566:,1747647682477
counter/8/0/0/0,24424:1747647668612:,1747647682477
counter/7/0/0/0,21952:1747647667255:,1747647682477
counter/5/0/0/0,23224:1747647668410:,1747647682477
counter/1/0/0/0,21825:1747647668059:,1747647682477
counter/2/0/0/0,26428:1747647671411:,1747647682477
counter/6/0/0/0,22656:1747647668848:,1747647682477
counter/10/0/0/0,20877:1747647665566:,1747647682477
counter/8/0/0/0,24425:1747647668612:,1747647682477
counter/7/0/0/0,21953:1747647667255:,1747647682477
counter/5/0/0/0,23225:1747647668410:,1747647682477
counter/1/0/0/0,21826:1747647668060:,1747647682477
counter/2/0/0/0,26429:1747647671411:,1747647682477
counter/6/0/0/0,22657:1747647668848:,1747647682477
counter/10/0/0/0,20878:1747647665566:,1747647682477
counter/8/0/0/0,24426:1747647668612:,1747647682477
counter/7/0/0/0,21954:1747647667255:,1747647682478
counter/5/0/0/0,23226:1747647668411:,1747647682478
counter/1/0/0/0,21827:1747647668060:,1747647682478
counter/2/0/0/0,26430:1747647671411:,1747647682478
counter/6/0/0/0,22658:1747647668848:,1747647682478
counter/10/0/0/0,20879:1747647665566:,1747647682478
counter/8/0/0/0,24427:1747647668612:,1747647682478
counter/7/0/0/0,21955:1747647667255:,1747647682478
counter/5/0/0/0,23227:1747647668411:,1747647682478
counter/1/0/0/0,21828:1747647668060:,1747647682478
counter/2/0/0/0,26431:1747647671412:,1747647682478
counter/6/0/0/0,22659:1747647668848:,1747647682478
counter/10/0/0/0,20880:1747647665572:,1747647682478
counter/8/0/0/0,24428:1747647668612:,1747647682478
counter/7/0/0/0,21956:1747647667255:,1747647682478
counter/5/0/0/0,23228:1747647668419:,1747647682478
counter/1/0/0/0,21829:1747647668060:,1747647682478
counter/2/0/0/0,26432:1747647671412:,1747647682478
counter/6/0/0/0,22660:1747647668848:,1747647682478
counter/10/0/0/0,20881:1747647665572:,1747647682478
counter/8/0/0/0,24429:1747647668612:,1747647682478
counter/7/0/0/0,21957:1747647667265:,1747647682478
counter/5/0/0/0,23229:1747647668420:,1747647682478
counter/1/0/0/0,21830:1747647668060:,1747647682478
counter/2/0/0/0,26433:1747647671412:,1747647682478
counter/6/0/0/0,22661:1747647668848:,1747647682478
counter/10/0/0/0,20882:1747647665572:,1747647682478
counter/8/0/0/0,24430:1747647668625:,1747647682478
counter/7/0/0/0,21958:1747647667265:,1747647682478
counter/5/0/0/0,23230:1747647668420:,1747647682478
counter/1/0/0/0,21831:1747647668060:,1747647682478
counter/2/0/0/0,26434:1747647671412:,1747647682478
counter/6/0/0/0,22662:1747647668849:,1747647682478
counter/10/0/0/0,20883:1747647665572:,1747647682478
counter/8/0/0/0,24431:1747647668625:,1747647682478
counter/7/0/0/0,21959:1747647667265:,1747647682478
counter/5/0/0/0,23231:1747647668420:,1747647682478
counter/1/0/0/0,21832:1747647668060:,1747647682478
counter/2/0/0/0,26435:1747647671412:,1747647682478
counter/6/0/0/0,22663:1747647668849:,1747647682478
counter/10/0/0/0,20884:1747647665572:,1747647682478
counter/8/0/0/0,24432:1747647668625:,1747647682478
counter/7/0/0/0,21960:1747647667265:,1747647682478
counter/5/0/0/0,23232:1747647668420:,1747647682478
counter/1/0/0/0,21833:1747647668060:,1747647682479
counter/2/0/0/0,26436:1747647671412:,1747647682479
counter/6/0/0/0,22664:1747647668849:,1747647682479
counter/10/0/0/0,20885:1747647665572:,1747647682479
counter/8/0/0/0,24433:1747647668625:,1747647682479
counter/7/0/0/0,21961:1747647667265:,1747647682479
counter/5/0/0/0,23233:1747647668420:,1747647682479
counter/1/0/0/0,21834:1747647668060:,1747647682479
counter/2/0/0/0,26437:1747647671412:,1747647682479
counter/6/0/0/0,22665:1747647668849:,1747647682479
counter/10/0/0/0,20886:1747647665572:,1747647682479
counter/8/0/0/0,24434:1747647668625:,1747647682479
counter/7/0/0/0,21962:1747647667266:,1747647682479
counter/5/0/0/0,23234:1747647668420:,1747647682479
counter/1/0/0/0,21835:1747647668060:,1747647682479
counter/2/0/0/0,26438:1747647671412:,1747647682479
counter/6/0/0/0,22666:1747647668849:,1747647682479
counter/10/0/0/0,20887:1747647665572:,1747647682479
counter/8/0/0/0,24435:1747647668625:,1747647682479
counter/7/0/0/0,21963:1747647667266:,1747647682479
counter/5/0/0/0,23235:1747647668420:,1747647682479
counter/1/0/0/0,21836:1747647668060:,1747647682479
counter/2/0/0/0,26439:1747647671412:,1747647682479
counter/6/0/0/0,22667:1747647668855:,1747647682479
counter/10/0/0/0,20888:1747647665572:,1747647682479
counter/8/0/0/0,24436:1747647668625:,1747647682479
counter/7/0/0/0,21964:1747647667266:,1747647682479
counter/5/0/0/0,23236:1747647668420:,1747647682479
counter/1/0/0/0,21837:1747647668062:,1747647682479
counter/2/0/0/0,26440:1747647671412:,1747647682479
counter/6/0/0/0,22668:1747647668855:,1747647682479
counter/10/0/0/0,20889:1747647665572:,1747647682479
counter/8/0/0/0,24437:1747647668625:,1747647682479
counter/7/0/0/0,21965:1747647667266:,1747647682479
counter/5/0/0/0,23237:1747647668420:,1747647682479
counter/1/0/0/0,21838:1747647668062:,1747647682479
counter/2/0/0/0,26441:1747647671412:,1747647682479
counter/6/0/0/0,22669:1747647668855:,1747647682479
counter/10/0/0/0,20890:1747647665572:,1747647682480
counter/8/0/0/0,24438:1747647668625:,1747647682480
counter/7/0/0/0,21966:1747647667266:,1747647682480
counter/5/0/0/0,23238:1747647668420:,1747647682480
counter/1/0/0/0,21839:1747647668062:,1747647682480
counter/2/0/0/0,26442:1747647671412:,1747647682480
counter/6/0/0/0,22670:1747647668855:,1747647682480
counter/10/0/0/0,20891:1747647665572:,1747647682480
counter/8/0/0/0,24439:1747647668625:,1747647682480
counter/7/0/0/0,21967:1747647667266:,1747647682480
counter/5/0/0/0,23239:1747647668420:,1747647682480
counter/1/0/0/0,21840:1747647668062:,1747647682480
counter/2/0/0/0,26443:1747647671412:,1747647682480
counter/6/0/0/0,22671:1747647668855:,1747647682480
counter/10/0/0/0,20892:1747647665572:,1747647682480
counter/8/0/0/0,24440:1747647668625:,1747647682480
counter/7/0/0/0,21968:1747647667266:,1747647682480
counter/5/0/0/0,23240:1747647668420:,1747647682480
counter/1/0/0/0,21841:1747647668074:,1747647682480
counter/2/0/0/0,26444:1747647671412:,1747647682480
counter/6/0/0/0,22672:1747647668855:,1747647682480
counter/10/0/0/0,20893:1747647665572:,1747647682480
counter/8/0/0/0,24441:1747647668633:,1747647682480
counter/7/0/0/0,21969:1747647667266:,1747647682480
counter/5/0/0/0,23241:1747647668420:,1747647682480
counter/1/0/0/0,21842:1747647668074:,1747647682480
counter/2/0/0/0,26445:1747647671413:,1747647682480
counter/6/0/0/0,22673:1747647668855:,1747647682480
counter/10/0/0/0,20894:1747647665573:,1747647682480
counter/8/0/0/0,24442:1747647668634:,1747647682480
counter/7/0/0/0,21970:1747647667266:,1747647682480
counter/5/0/0/0,23242:1747647668420:,1747647682480
counter/1/0/0/0,21843:1747647668080:,1747647682480
counter/2/0/0/0,26446:1747647671413:,1747647682480
counter/6/0/0/0,22674:1747647668856:,1747647682480
counter/10/0/0/0,20895:1747647665573:,1747647682480
counter/8/0/0/0,24443:1747647668634:,1747647682480
counter/7/0/0/0,21971:1747647667266:,1747647682480
counter/5/0/0/0,23243:1747647668420:,1747647682480
counter/1/0/0/0,21844:1747647668081:,1747647682480
counter/2/0/0/0,26447:1747647671413:,1747647682480
counter/6/0/0/0,22675:1747647668856:,1747647682480
counter/10/0/0/0,20896:1747647665585:,1747647682480
counter/8/0/0/0,24444:1747647668634:,1747647682480
counter/7/0/0/0,21972:1747647667267:,1747647682481
counter/5/0/0/0,23244:1747647668420:,1747647682481
counter/1/0/0/0,21845:1747647668081:,1747647682481
counter/2/0/0/0,26448:1747647671413:,1747647682481
counter/6/0/0/0,22676:1747647668856:,1747647682481
counter/10/0/0/0,20897:1747647665585:,1747647682481
counter/8/0/0/0,24445:1747647668634:,1747647682481
counter/7/0/0/0,21973:1747647667267:,1747647682481
counter/5/0/0/0,23245:1747647668420:,1747647682481
counter/1/0/0/0,21846:1747647668081:,1747647682481
counter/2/0/0/0,26449:1747647671413:,1747647682481
counter/6/0/0/0,22677:1747647668856:,1747647682481
counter/10/0/0/0,20898:1747647665585:,1747647682481
counter/8/0/0/0,24446:1747647668634:,1747647682481
counter/7/0/0/0,21974:1747647667267:,1747647682481
counter/5/0/0/0,23246:1747647668420:,1747647682481
counter/1/0/0/0,21847:1747647668081:,1747647682481
counter/2/0/0/0,26450:1747647671413:,1747647682481
counter/6/0/0/0,22678:1747647668856:,1747647682481
counter/10/0/0/0,20899:1747647665585:,1747647682481
counter/8/0/0/0,24447:1747647668634:,1747647682481
counter/7/0/0/0,21975:1747647667267:,1747647682481
counter/5/0/0/0,23247:1747647668420:,1747647682481
counter/1/0/0/0,21848:1747647668081:,1747647682481
counter/2/0/0/0,26451:1747647671413:,1747647682481
counter/4/0/0/0,20496:1747647667539:,1747647682481
counter/9/0/0/0,26843:1747647670382:,1747647682481
counter/6/0/0/0,22679:1747647668856:,1747647682481
counter/10/0/0/0,20900:1747647665585:,1747647682481
counter/8/0/0/0,24448:1747647668634:,1747647682481
counter/7/0/0/0,21976:1747647667267:,1747647682481
counter/5/0/0/0,23248:1747647668420:,1747647682481
counter/1/0/0/0,21849:1747647668081:,1747647682481
counter/2/0/0/0,26452:1747647671413:,1747647682481
counter/3/0/0/0,21680:1747647668084:,1747647682481
counter/6/0/0/0,22680:1747647668856:,1747647682481
counter/10/0/0/0,20901:1747647665585:,1747647682481
counter/8/0/0/0,24449:1747647668634:,1747647682481
counter/7/0/0/0,21977:1747647667267:,1747647682481
counter/5/0/0/0,23249:1747647668420:,1747647682481
counter/1/0/0/0,21850:1747647668081:,1747647682481
counter/2/0/0/0,26453:1747647671413:,1747647682481
counter/6/0/0/0,22681:1747647669623:,1747647682482
counter/10/0/0/0,20902:1747647665585:,1747647682482
counter/8/0/0/0,24450:1747647668634:,1747647682482
counter/7/0/0/0,21978:1747647667267:,1747647682482
counter/5/0/0/0,23250:1747647668420:,1747647682482
counter/1/0/0/0,21851:1747647668081:,1747647682482
counter/2/0/0/0,26454:1747647671413:,1747647682482
counter/6/0/0/0,22682:1747647669624:,1747647682482
counter/10/0/0/0,20903:1747647665585:,1747647682482
counter/8/0/0/0,24451:1747647668634:,1747647682482
counter/7/0/0/0,21979:1747647667267:,1747647682482
counter/5/0/0/0,23251:1747647668421:,1747647682482
counter/1/0/0/0,21852:1747647668081:,1747647682482
counter/2/0/0/0,26455:1747647671413:,1747647682482
counter/4/0/0/0,20497:1747647667539:,1747647682482
counter/9/0/0/0,26844:1747647670382:,1747647682482
counter/3/0/0/0,21681:1747647668084:,1747647682482
counter/6/0/0/0,22683:1747647669625:,1747647682482
counter/10/0/0/0,20904:1747647665585:,1747647682482
counter/8/0/0/0,24452:1747647668634:,1747647682482
counter/7/0/0/0,21980:1747647667267:,1747647682482
counter/5/0/0/0,23252:1747647668421:,1747647682482
counter/1/0/0/0,21853:1747647668081:,1747647682482
counter/2/0/0/0,26456:1747647671413:,1747647682482
counter/6/0/0/0,22684:1747647669625:,1747647682482
counter/10/0/0/0,20905:1747647665585:,1747647682482
counter/8/0/0/0,24453:1747647668634:,1747647682482
counter/7/0/0/0,21981:1747647667267:,1747647682482
counter/5/0/0/0,23253:1747647668421:,1747647682482
counter/1/0/0/0,21854:1747647668081:,1747647682482
counter/2/0/0/0,26457:1747647671413:,1747647682482
counter/6/0/0/0,22685:1747647669627:,1747647682482
counter/10/0/0/0,20906:1747647665585:,1747647682482
counter/8/0/0/0,24454:1747647668634:,1747647682482
counter/7/0/0/0,21982:1747647667267:,1747647682482
counter/5/0/0/0,23254:1747647668421:,1747647682482
counter/1/0/0/0,21855:1747647668081:,1747647682482
counter/2/0/0/0,26458:1747647671413:,1747647682482
counter/6/0/0/0,22686:1747647669627:,1747647682482
counter/10/0/0/0,20907:1747647665585:,1747647682482
counter/8/0/0/0,24455:1747647668634:,1747647682482
counter/7/0/0/0,21983:1747647667267:,1747647682483
counter/5/0/0/0,23255:1747647668421:,1747647682483
counter/1/0/0/0,21856:1747647668081:,1747647682483
counter/2/0/0/0,26459:1747647671413:,1747647682483
counter/6/0/0/0,22687:1747647669627:,1747647682483
counter/10/0/0/0,20908:1747647665585:,1747647682483
counter/8/0/0/0,24456:1747647668634:,1747647682483
counter/7/0/0/0,21984:1747647667267:,1747647682483
counter/5/0/0/0,23256:1747647668424:,1747647682483
counter/1/0/0/0,21857:1747647668081:,1747647682483
counter/2/0/0/0,26460:1747647671413:,1747647682483
counter/6/0/0/0,22688:1747647669627:,1747647682483
counter/10/0/0/0,20909:1747647665585:,1747647682483
counter/8/0/0/0,24457:1747647668644:,1747647682483
counter/7/0/0/0,21985:1747647667270:,1747647682483
counter/5/0/0/0,23257:1747647668424:,1747647682483
counter/1/0/0/0,21858:1747647668081:,1747647682483
counter/2/0/0/0,26461:1747647671413:,1747647682483
counter/6/0/0/0,22689:1747647669627:,1747647682483
counter/10/0/0/0,20910:1747647665585:,1747647682483
counter/8/0/0/0,24458:1747647668644:,1747647682483
counter/7/0/0/0,21986:1747647667270:,1747647682483
counter/5/0/0/0,23258:1747647668424:,1747647682483
counter/1/0/0/0,21859:1747647668081:,1747647682483
counter/2/0/0/0,26462:1747647671416:,1747647682483
counter/6/0/0/0,22690:1747647669630:,1747647682483
counter/10/0/0/0,20911:1747647665585:,1747647682483
counter/8/0/0/0,24459:1747647668644:,1747647682483
counter/7/0/0/0,21987:1747647667270:,1747647682483
counter/5/0/0/0,23259:1747647668424:,1747647682483
counter/1/0/0/0,21860:1747647668081:,1747647682483
counter/2/0/0/0,26463:1747647671418:,1747647682483
counter/6/0/0/0,22691:1747647669632:,1747647682483
counter/10/0/0/0,20912:1747647665585:,1747647682483
counter/8/0/0/0,24460:1747647668644:,1747647682483
counter/7/0/0/0,21988:1747647667270:,1747647682483
counter/5/0/0/0,23260:1747647668424:,1747647682483
counter/1/0/0/0,21861:1747647668081:,1747647682483
counter/2/0/0/0,26464:1747647671418:,1747647682483
counter/6/0/0/0,22692:1747647669634:,1747647682483
counter/10/0/0/0,20913:1747647665585:,1747647682483
counter/8/0/0/0,24461:1747647668644:,1747647682483
counter/7/0/0/0,21989:1747647667270:,1747647682484
counter/5/0/0/0,23261:1747647668424:,1747647682484
counter/1/0/0/0,21862:1747647668082:,1747647682484
counter/2/0/0/0,26465:1747647671418:,1747647682484
counter/6/0/0/0,22693:1747647669634:,1747647682484
counter/10/0/0/0,20914:1747647665586:,1747647682484
counter/8/0/0/0,24462:1747647668644:,1747647682484
counter/7/0/0/0,21990:1747647667270:,1747647682484
counter/5/0/0/0,23262:1747647668424:,1747647682484
counter/1/0/0/0,21863:1747647668082:,1747647682484
counter/2/0/0/0,26466:1747647671418:,1747647682484
counter/6/0/0/0,22694:1747647669638:,1747647682484
counter/10/0/0/0,20915:1747647665586:,1747647682484
counter/8/0/0/0,24463:1747647668645:,1747647682484
counter/7/0/0/0,21991:1747647667271:,1747647682484
counter/5/0/0/0,23263:1747647668424:,1747647682484
counter/1/0/0/0,21864:1747647668082:,1747647682484
counter/2/0/0/0,26467:1747647671418:,1747647682484
counter/6/0/0/0,22695:1747647669638:,1747647682484
counter/10/0/0/0,20916:1747647665586:,1747647682484
counter/8/0/0/0,24464:1747647668645:,1747647682484
counter/7/0/0/0,21992:1747647667271:,1747647682484
counter/5/0/0/0,23264:1747647668426:,1747647682484
counter/1/0/0/0,21865:1747647668082:,1747647682484
counter/2/0/0/0,26468:1747647671418:,1747647682484
counter/6/0/0/0,22696:1747647669638:,1747647682484
counter/10/0/0/0,20917:1747647665586:,1747647682484
counter/8/0/0/0,24465:1747647668645:,1747647682484
counter/7/0/0/0,21993:1747647667271:,1747647682484
counter/5/0/0/0,23265:1747647668426:,1747647682484
counter/1/0/0/0,21866:1747647668082:,1747647682484
counter/2/0/0/0,26469:1747647671418:,1747647682484
counter/6/0/0/0,22697:1747647669638:,1747647682484
counter/10/0/0/0,20918:1747647665586:,1747647682484
counter/8/0/0/0,24466:1747647668645:,1747647682484
counter/7/0/0/0,21994:1747647667271:,1747647682484
counter/5/0/0/0,23266:1747647668426:,1747647682484
counter/1/0/0/0,21867:1747647668082:,1747647682484
counter/2/0/0/0,26470:1747647671419:,1747647682485
counter/6/0/0/0,22698:1747647669638:,1747647682485
counter/10/0/0/0,20919:1747647665586:,1747647682485
counter/8/0/0/0,24467:1747647668645:,1747647682485
counter/7/0/0/0,21995:1747647667271:,1747647682485
counter/5/0/0/0,23267:1747647668426:,1747647682485
counter/1/0/0/0,21868:1747647668082:,1747647682485
counter/2/0/0/0,26471:1747647671419:,1747647682485
counter/6/0/0/0,22699:1747647669638:,1747647682485
counter/10/0/0/0,20920:1747647665586:,1747647682485
counter/8/0/0/0,24468:1747647668645:,1747647682485
counter/7/0/0/0,21996:1747647667271:,1747647682485
counter/5/0/0/0,23268:1747647668426:,1747647682485
counter/1/0/0/0,21869:1747647668082:,1747647682485
counter/2/0/0/0,26472:1747647671419:,1747647682485
counter/6/0/0/0,22700:1747647669639:,1747647682485
counter/10/0/0/0,20921:1747647665586:,1747647682485
counter/8/0/0/0,24469:1747647668645:,1747647682485
counter/7/0/0/0,21997:1747647667271:,1747647682485
counter/5/0/0/0,23269:1747647668426:,1747647682485
counter/1/0/0/0,21870:1747647668082:,1747647682485
counter/2/0/0/0,26473:1747647671419:,1747647682485
counter/6/0/0/0,22701:1747647669639:,1747647682485
counter/10/0/0/0,20922:1747647665586:,1747647682485
counter/8/0/0/0,24470:1747647668645:,1747647682485
counter/7/0/0/0,21998:1747647667271:,1747647682485
counter/5/0/0/0,23270:1747647668426:,1747647682485
counter/1/0/0/0,21871:1747647668082:,1747647682485
counter/2/0/0/0,26474:1747647671419:,1747647682485
counter/6/0/0/0,22702:1747647669648:,1747647682485
counter/10/0/0/0,20923:1747647665586:,1747647682485
counter/8/0/0/0,24471:1747647668645:,1747647682485
counter/7/0/0/0,21999:1747647667271:,1747647682485
counter/5/0/0/0,23271:1747647668426:,1747647682485
counter/1/0/0/0,21872:1747647668082:,1747647682485
counter/2/0/0/0,26475:1747647671419:,1747647682485
counter/6/0/0/0,22703:1747647669648:,1747647682485
counter/10/0/0/0,20924:1747647665586:,1747647682485
counter/8/0/0/0,24472:1747647668648:,1747647682485
counter/7/0/0/0,22000:1747647667271:,1747647682485
counter/5/0/0/0,23272:1747647668427:,1747647682485
counter/1/0/0/0,21873:1747647668082:,1747647682486
counter/2/0/0/0,26476:1747647671419:,1747647682486
counter/6/0/0/0,22704:1747647669648:,1747647682486
counter/10/0/0/0,20925:1747647665586:,1747647682486
counter/8/0/0/0,24473:1747647668648:,1747647682486
counter/7/0/0/0,22001:1747647667272:,1747647682486
counter/5/0/0/0,23273:1747647668427:,1747647682486
counter/1/0/0/0,21874:1747647668082:,1747647682486
counter/2/0/0/0,26477:1747647671419:,1747647682486
counter/6/0/0/0,22705:1747647669648:,1747647682486
counter/10/0/0/0,20926:1747647665586:,1747647682486
counter/8/0/0/0,24474:1747647668648:,1747647682486
counter/7/0/0/0,22002:1747647667272:,1747647682486
counter/5/0/0/0,23274:1747647668432:,1747647682486
counter/1/0/0/0,21875:1747647668082:,1747647682486
counter/2/0/0/0,26478:1747647671419:,1747647682486
counter/6/0/0/0,22706:1747647669648:,1747647682486
counter/10/0/0/0,20927:1747647665586:,1747647682486
counter/8/0/0/0,24475:1747647668649:,1747647682486
counter/7/0/0/0,22003:1747647667272:,1747647682486
counter/5/0/0/0,23275:1747647668442:,1747647682486
counter/1/0/0/0,21876:1747647668082:,1747647682486
counter/2/0/0/0,26479:1747647671419:,1747647682486
counter/6/0/0/0,22707:1747647669648:,1747647682486
counter/10/0/0/0,20928:1747647665587:,1747647682486
counter/8/0/0/0,24476:1747647668649:,1747647682486
counter/7/0/0/0,22004:1747647667272:,1747647682486
counter/5/0/0/0,23276:1747647668442:,1747647682486
counter/1/0/0/0,21877:1747647668082:,1747647682486
counter/2/0/0/0,26480:1747647671419:,1747647682486
counter/6/0/0/0,22708:1747647669648:,1747647682486
counter/10/0/0/0,20929:1747647665594:,1747647682486
counter/8/0/0/0,24477:1747647668649:,1747647682486
counter/7/0/0/0,22005:1747647667272:,1747647682486
counter/5/0/0/0,23277:1747647668442:,1747647682486
counter/1/0/0/0,21878:1747647668082:,1747647682486
counter/2/0/0/0,26481:1747647671419:,1747647682486
counter/6/0/0/0,22709:1747647669648:,1747647682486
counter/10/0/0/0,20930:1747647665594:,1747647682486
counter/8/0/0/0,24478:1747647668649:,1747647682486
counter/7/0/0/0,22006:1747647667272:,1747647682486
counter/5/0/0/0,23278:1747647668442:,1747647682487
counter/1/0/0/0,21879:1747647668090:,1747647682487
counter/2/0/0/0,26482:1747647671419:,1747647682487
counter/6/0/0/0,22710:1747647669648:,1747647682487
counter/10/0/0/0,20931:1747647665594:,1747647682487
counter/8/0/0/0,24479:1747647668649:,1747647682487
counter/7/0/0/0,22007:1747647667272:,1747647682487
counter/5/0/0/0,23279:1747647668442:,1747647682487
counter/1/0/0/0,21880:1747647668090:,1747647682487
counter/2/0/0/0,26483:1747647671419:,1747647682487
counter/6/0/0/0,22711:1747647669648:,1747647682487
counter/10/0/0/0,20932:1747647665594:,1747647682487
counter/8/0/0/0,24480:1747647668649:,1747647682487
counter/7/0/0/0,22008:1747647667272:,1747647682487
counter/5/0/0/0,23280:1747647668442:,1747647682487
counter/1/0/0/0,21881:1747647668090:,1747647682487
counter/2/0/0/0,26484:1747647671421:,1747647682487
counter/6/0/0/0,22712:1747647669648:,1747647682487
counter/10/0/0/0,20933:1747647665594:,1747647682487
counter/8/0/0/0,24481:1747647668656:,1747647682487
counter/7/0/0/0,22009:1747647667272:,1747647682487
counter/5/0/0/0,23281:1747647668443:,1747647682487
counter/1/0/0/0,21882:1747647668090:,1747647682487
counter/2/0/0/0,26485:1747647671421:,1747647682487
counter/6/0/0/0,22713:1747647669650:,1747647682487
counter/10/0/0/0,20934:1747647665594:,1747647682487
counter/8/0/0/0,24482:1747647668656:,1747647682487
counter/7/0/0/0,22010:1747647667273:,1747647682487
counter/5/0/0/0,23282:1747647668443:,1747647682487
counter/1/0/0/0,21883:1747647668090:,1747647682487
counter/2/0/0/0,26486:1747647671421:,1747647682487
counter/6/0/0/0,22714:1747647669650:,1747647682487
counter/10/0/0/0,20935:1747647665594:,1747647682487
counter/8/0/0/0,24483:1747647668656:,1747647682487
counter/7/0/0/0,22011:1747647667273:,1747647682487
counter/5/0/0/0,23283:1747647668443:,1747647682487
counter/1/0/0/0,21884:1747647668090:,1747647682488
counter/2/0/0/0,26487:1747647671421:,1747647682488
counter/6/0/0/0,22715:1747647669650:,1747647682488
counter/10/0/0/0,20936:1747647665594:,1747647682488
counter/8/0/0/0,24484:1747647668656:,1747647682488
counter/7/0/0/0,22012:1747647667273:,1747647682488
counter/5/0/0/0,23284:1747647668443:,1747647682488
counter/1/0/0/0,21885:1747647668090:,1747647682488
counter/2/0/0/0,26488:1747647671421:,1747647682488
counter/6/0/0/0,22716:1747647669650:,1747647682488
counter/10/0/0/0,20937:1747647665594:,1747647682488
counter/8/0/0/0,24485:1747647668656:,1747647682488
counter/7/0/0/0,22013:1747647667273:,1747647682488
counter/5/0/0/0,23285:1747647668443:,1747647682488
counter/1/0/0/0,21886:1747647668090:,1747647682488
counter/2/0/0/0,26489:1747647671422:,1747647682488
counter/4/0/0/0,20498:1747647667539:,1747647682488
counter/6/0/0/0,22717:1747647669650:,1747647682488
counter/10/0/0/0,20938:1747647665594:,1747647682488
counter/8/0/0/0,24486:1747647668656:,1747647682488
counter/7/0/0/0,22014:1747647667273:,1747647682488
counter/5/0/0/0,23286:1747647668443:,1747647682488
counter/1/0/0/0,21887:1747647668091:,1747647682488
counter/2/0/0/0,26490:1747647671422:,1747647682488
counter/6/0/0/0,22718:1747647669650:,1747647682488
counter/10/0/0/0,20939:1747647665594:,1747647682488
counter/8/0/0/0,24487:1747647668656:,1747647682488
counter/7/0/0/0,22015:1747647667275:,1747647682488
counter/5/0/0/0,23287:1747647668443:,1747647682488
counter/1/0/0/0,21888:1747647668105:,1747647682488
counter/2/0/0/0,26491:1747647671422:,1747647682488
counter/6/0/0/0,22719:1747647669650:,1747647682488
counter/10/0/0/0,20940:1747647665594:,1747647682488
counter/8/0/0/0,24488:1747647668656:,1747647682488
counter/7/0/0/0,22016:1747647667275:,1747647682488
counter/5/0/0/0,23288:1747647668443:,1747647682488
counter/1/0/0/0,21889:1747647668108:,1747647682488
counter/2/0/0/0,26492:1747647671422:,1747647682488
counter/6/0/0/0,22720:1747647669650:,1747647682488
counter/10/0/0/0,20941:1747647665594:,1747647682488
counter/8/0/0/0,24489:1747647668656:,1747647682488
counter/7/0/0/0,22017:1747647667275:,1747647682489
counter/5/0/0/0,23289:1747647668443:,1747647682489
counter/2/0/0/0,26493:1747647671422:,1747647682489
counter/6/0/0/0,22721:1747647669650:,1747647682489
counter/10/0/0/0,20942:1747647665594:,1747647682489
counter/8/0/0/0,24490:1747647668656:,1747647682489
counter/7/0/0/0,22018:1747647667275:,1747647682489
counter/5/0/0/0,23290:1747647668443:,1747647682489
counter/2/0/0/0,26494:1747647671422:,1747647682489
counter/6/0/0/0,22722:1747647669650:,1747647682489
counter/10/0/0/0,20943:1747647665594:,1747647682489
counter/8/0/0/0,24491:1747647668657:,1747647682489
counter/7/0/0/0,22019:1747647667275:,1747647682489
counter/5/0/0/0,23291:1747647668450:,1747647682489
counter/2/0/0/0,26495:1747647671422:,1747647682489
counter/6/0/0/0,22723:1747647669650:,1747647682489
counter/10/0/0/0,20944:1747647665594:,1747647682489
counter/8/0/0/0,24492:1747647668657:,1747647682489
counter/7/0/0/0,22020:1747647667275:,1747647682489
counter/5/0/0/0,23292:1747647668468:,1747647682489
counter/2/0/0/0,26496:1747647671422:,1747647682489
counter/6/0/0/0,22724:1747647669650:,1747647682489
counter/10/0/0/0,20945:1747647665594:,1747647682489
counter/8/0/0/0,24493:1747647668657:,1747647682489
counter/7/0/0/0,22021:1747647667275:,1747647682489
counter/5/0/0/0,23293:1747647668468:,1747647682489
counter/2/0/0/0,26497:1747647671422:,1747647682489
counter/6/0/0/0,22725:1747647669650:,1747647682489
counter/10/0/0/0,20946:1747647665595:,1747647682489
counter/8/0/0/0,24494:1747647668657:,1747647682489
counter/7/0/0/0,22022:1747647667275:,1747647682489
counter/5/0/0/0,23294:1747647668468:,1747647682489
counter/2/0/0/0,26498:1747647671422:,1747647682489
counter/6/0/0/0,22726:1747647669650:,1747647682489
counter/10/0/0/0,20947:1747647665595:,1747647682489
counter/8/0/0/0,24495:1747647668657:,1747647682489
counter/7/0/0/0,22023:1747647667276:,1747647682489
counter/5/0/0/0,23295:1747647668468:,1747647682489
counter/2/0/0/0,26499:1747647671422:,1747647682490
counter/6/0/0/0,22727:1747647669650:,1747647682490
counter/10/0/0/0,20948:1747647665595:,1747647682490
counter/8/0/0/0,24496:1747647668658:,1747647682490
counter/7/0/0/0,22024:1747647667276:,1747647682490
counter/5/0/0/0,23296:1747647668468:,1747647682490
counter/2/0/0/0,26500:1747647671422:,1747647682490
counter/6/0/0/0,22728:1747647669650:,1747647682490
counter/10/0/0/0,20949:1747647665595:,1747647682490
counter/8/0/0/0,24497:1747647668658:,1747647682490
counter/7/0/0/0,22025:1747647667276:,1747647682490
counter/5/0/0/0,23297:1747647668468:,1747647682490
counter/2/0/0/0,26501:1747647671422:,1747647682490
counter/6/0/0/0,22729:1747647669650:,1747647682490
counter/10/0/0/0,20950:1747647665595:,1747647682490
counter/8/0/0/0,24498:1747647668658:,1747647682490
counter/7/0/0/0,22026:1747647667276:,1747647682490
counter/5/0/0/0,23298:1747647668468:,1747647682490
counter/2/0/0/0,26502:1747647671424:,1747647682490
counter/6/0/0/0,22730:1747647669650:,1747647682490
counter/10/0/0/0,20951:1747647665595:,1747647682490
counter/8/0/0/0,24499:1747647668658:,1747647682490
counter/7/0/0/0,22027:1747647667276:,1747647682490
counter/5/0/0/0,23299:1747647668471:,1747647682490
counter/2/0/0/0,26503:1747647671428:,1747647682490
counter/6/0/0/0,22731:1747647669650:,1747647682490
counter/10/0/0/0,20952:1747647665595:,1747647682490
counter/8/0/0/0,24500:1747647668658:,1747647682490
counter/7/0/0/0,22028:1747647667276:,1747647682490
counter/5/0/0/0,23300:1747647668471:,1747647682490
counter/2/0/0/0,26504:1747647671428:,1747647682490
counter/6/0/0/0,22732:1747647669651:,1747647682490
counter/10/0/0/0,20953:1747647665595:,1747647682490
counter/8/0/0/0,24501:1747647668658:,1747647682490
counter/7/0/0/0,22029:1747647667282:,1747647682490
counter/5/0/0/0,23301:1747647668471:,1747647682490
counter/2/0/0/0,26505:1747647671428:,1747647682490
counter/6/0/0/0,22733:1747647669651:,1747647682490
counter/10/0/0/0,20954:1747647665595:,1747647682490
counter/8/0/0/0,24502:1747647668658:,1747647682490
counter/7/0/0/0,22030:1747647667283:,1747647682490
counter/5/0/0/0,23302:1747647668471:,1747647682491
counter/2/0/0/0,26506:1747647671428:,1747647682491
counter/9/0/0/0,26845:1747647670382:,1747647682491
counter/6/0/0/0,22734:1747647669651:,1747647682491
counter/10/0/0/0,20955:1747647665595:,1747647682491
counter/8/0/0/0,24503:1747647668658:,1747647682491
counter/7/0/0/0,22031:1747647667283:,1747647682491
counter/5/0/0/0,23303:1747647668471:,1747647682491
counter/2/0/0/0,26507:1747647671428:,1747647682491
counter/9/0/0/0,26846:1747647670382:,1747647682491
counter/6/0/0/0,22735:1747647669651:,1747647682491
counter/10/0/0/0,20956:1747647665595:,1747647682491
counter/8/0/0/0,24504:1747647668658:,1747647682491
counter/7/0/0/0,22032:1747647667283:,1747647682491
counter/5/0/0/0,23304:1747647668471:,1747647682491
counter/2/0/0/0,26508:1747647671429:,1747647682491
counter/9/0/0/0,26847:1747647670382:,1747647682491
counter/6/0/0/0,22736:1747647669651:,1747647682491
counter/10/0/0/0,20957:1747647665598:,1747647682491
counter/8/0/0/0,24505:1747647668658:,1747647682491
counter/7/0/0/0,22033:1747647667283:,1747647682491
counter/5/0/0/0,23305:1747647668471:,1747647682491
counter/2/0/0/0,26509:1747647671429:,1747647682491
counter/9/0/0/0,26848:1747647670382:,1747647682491
counter/6/0/0/0,22737:1747647669651:,1747647682491
counter/10/0/0/0,20958:1747647665598:,1747647682491
counter/8/0/0/0,24506:1747647668658:,1747647682491
counter/7/0/0/0,22034:1747647667283:,1747647682491
counter/5/0/0/0,23306:1747647668471:,1747647682491
counter/2/0/0/0,26510:1747647671429:,1747647682491
counter/9/0/0/0,26849:1747647670382:,1747647682491
counter/6/0/0/0,22738:1747647669651:,1747647682491
counter/10/0/0/0,20959:1747647665598:,1747647682491
counter/8/0/0/0,24507:1747647668658:,1747647682491
counter/7/0/0/0,22035:1747647667283:,1747647682491
counter/5/0/0/0,23307:1747647668472:,1747647682491
counter/2/0/0/0,26511:1747647671429:,1747647682491
counter/9/0/0/0,26850:1747647670382:,1747647682491
counter/6/0/0/0,22739:1747647669651:,1747647682491
counter/10/0/0/0,20960:1747647665598:,1747647682492
counter/8/0/0/0,24508:1747647668658:,1747647682492
counter/7/0/0/0,22036:1747647667283:,1747647682492
counter/5/0/0/0,23308:1747647668472:,1747647682492
counter/2/0/0/0,26512:1747647671429:,1747647682492
counter/9/0/0/0,26851:1747647670382:,1747647682492
counter/6/0/0/0,22740:1747647669655:,1747647682492
counter/10/0/0/0,20961:1747647665598:,1747647682492
counter/8/0/0/0,24509:1747647668658:,1747647682492
counter/7/0/0/0,22037:1747647667283:,1747647682492
counter/5/0/0/0,23309:1747647668472:,1747647682492
counter/2/0/0/0,26513:1747647671429:,1747647682492
counter/9/0/0/0,26852:1747647670382:,1747647682492
counter/6/0/0/0,22741:1747647669655:,1747647682492
counter/10/0/0/0,20962:1747647665598:,1747647682492
counter/8/0/0/0,24510:1747647668658:,1747647682492
counter/7/0/0/0,22038:1747647667283:,1747647682492
counter/5/0/0/0,23310:1747647668472:,1747647682492
counter/2/0/0/0,26514:1747647671429:,1747647682492
counter/9/0/0/0,26853:1747647670383:,1747647682492
counter/6/0/0/0,22742:1747647669655:,1747647682492
counter/10/0/0/0,20963:1747647665598:,1747647682492
counter/8/0/0/0,24511:1747647668658:,1747647682492
counter/7/0/0/0,22039:1747647667283:,1747647682492
counter/5/0/0/0,23311:1747647668472:,1747647682492
counter/2/0/0/0,26515:1747647671429:,1747647682492
counter/9/0/0/0,26854:1747647670383:,1747647682492
counter/6/0/0/0,22743:1747647669655:,1747647682492
counter/10/0/0/0,20964:1747647665598:,1747647682492
counter/8/0/0/0,24512:1747647668658:,1747647682492
counter/7/0/0/0,22040:1747647667283:,1747647682492
counter/5/0/0/0,23312:1747647668472:,1747647682492
counter/2/0/0/0,26516:1747647671429:,1747647682492
counter/6/0/0/0,22744:1747647669655:,1747647682492
counter/10/0/0/0,20965:1747647665598:,1747647682492
counter/8/0/0/0,24513:1747647668658:,1747647682492
counter/7/0/0/0,22041:1747647667283:,1747647682492
counter/5/0/0/0,23313:1747647668483:,1747647682492
counter/2/0/0/0,26517:1747647671429:,1747647682492
counter/6/0/0/0,22745:1747647669655:,1747647682493
counter/10/0/0/0,20966:1747647665598:,1747647682493
counter/8/0/0/0,24514:1747647668668:,1747647682493
counter/7/0/0/0,22042:1747647667283:,1747647682493
counter/5/0/0/0,23314:1747647668483:,1747647682493
counter/2/0/0/0,26518:1747647671429:,1747647682493
counter/6/0/0/0,22746:1747647669655:,1747647682493
counter/10/0/0/0,20967:1747647665598:,1747647682493
counter/8/0/0/0,24515:1747647668668:,1747647682493
counter/7/0/0/0,22043:1747647667283:,1747647682493
counter/5/0/0/0,23315:1747647668483:,1747647682493
counter/2/0/0/0,26519:1747647671429:,1747647682493
counter/6/0/0/0,22747:1747647669655:,1747647682493
counter/10/0/0/0,20968:1747647665598:,1747647682493
counter/8/0/0/0,24516:1747647668668:,1747647682493
counter/7/0/0/0,22044:1747647667283:,1747647682493
counter/5/0/0/0,23316:1747647668483:,1747647682493
counter/2/0/0/0,26520:1747647671429:,1747647682493
counter/6/0/0/0,22748:1747647669655:,1747647682493
counter/10/0/0/0,20969:1747647665598:,1747647682493
counter/8/0/0/0,24517:1747647668668:,1747647682493
counter/7/0/0/0,22045:1747647667302:,1747647682493
counter/5/0/0/0,23317:1747647668483:,1747647682493
counter/2/0/0/0,26521:1747647671430:,1747647682493
counter/6/0/0/0,22749:1747647669655:,1747647682493
counter/10/0/0/0,20970:1747647665604:,1747647682493
counter/8/0/0/0,24518:1747647668668:,1747647682493
counter/7/0/0/0,22046:1747647667302:,1747647682493
counter/5/0/0/0,23318:1747647668483:,1747647682493
counter/2/0/0/0,26522:1747647671430:,1747647682493
counter/6/0/0/0,22750:1747647669655:,1747647682493
counter/10/0/0/0,20971:1747647665604:,1747647682493
counter/8/0/0/0,24519:1747647668668:,1747647682493
counter/7/0/0/0,22047:1747647667302:,1747647682493
counter/5/0/0/0,23319:1747647668483:,1747647682493
counter/2/0/0/0,26523:1747647671430:,1747647682493
counter/6/0/0/0,22751:1747647669655:,1747647682493
counter/10/0/0/0,20972:1747647665605:,1747647682493
counter/8/0/0/0,24520:1747647668668:,1747647682493
counter/7/0/0/0,22048:1747647667304:,1747647682493
counter/5/0/0/0,23320:1747647668484:,1747647682493
counter/2/0/0/0,26524:1747647671430:,1747647682493
counter/6/0/0/0,22752:1747647669655:,1747647682494
counter/10/0/0/0,20973:1747647665605:,1747647682494
counter/8/0/0/0,24521:1747647668668:,1747647682494
counter/7/0/0/0,22049:1747647667304:,1747647682494
counter/5/0/0/0,23321:1747647668484:,1747647682494
counter/2/0/0/0,26525:1747647671430:,1747647682494
counter/9/0/0/0,26855:1747647670383:,1747647682494
counter/6/0/0/0,22753:1747647669655:,1747647682494
counter/10/0/0/0,20974:1747647665605:,1747647682494
counter/8/0/0/0,24522:1747647668668:,1747647682494
counter/7/0/0/0,22050:1747647667311:,1747647682494
counter/5/0/0/0,23322:1747647668484:,1747647682494
counter/2/0/0/0,26526:1747647671430:,1747647682494
counter/6/0/0/0,22754:1747647669656:,1747647682494
counter/10/0/0/0,20975:1747647665605:,1747647682494
counter/8/0/0/0,24523:1747647668668:,1747647682494
counter/7/0/0/0,22051:1747647667311:,1747647682494
counter/5/0/0/0,23323:1747647668484:,1747647682494
counter/2/0/0/0,26527:1747647671430:,1747647682494
counter/6/0/0/0,22755:1747647669656:,1747647682494
counter/10/0/0/0,20976:1747647665605:,1747647682494
counter/8/0/0/0,24524:1747647668668:,1747647682494
counter/7/0/0/0,22052:1747647667311:,1747647682494
counter/5/0/0/0,23324:1747647668484:,1747647682494
counter/2/0/0/0,26528:1747647671430:,1747647682494
counter/6/0/0/0,22756:1747647669656:,1747647682494
counter/10/0/0/0,20977:1747647665605:,1747647682494
counter/8/0/0/0,24525:1747647668668:,1747647682494
counter/7/0/0/0,22053:1747647667311:,1747647682494
counter/5/0/0/0,23325:1747647668484:,1747647682494
counter/2/0/0/0,26529:1747647671430:,1747647682494
counter/6/0/0/0,22757:1747647669656:,1747647682494
counter/10/0/0/0,20978:1747647665605:,1747647682494
counter/8/0/0/0,24526:1747647668668:,1747647682494
counter/7/0/0/0,22054:1747647667311:,1747647682494
counter/5/0/0/0,23326:1747647668484:,1747647682494
counter/2/0/0/0,26530:1747647671441:,1747647682494
counter/6/0/0/0,22758:1747647669656:,1747647682495
counter/10/0/0/0,20979:1747647665605:,1747647682495
counter/8/0/0/0,24527:1747647668668:,1747647682495
counter/7/0/0/0,22055:1747647667311:,1747647682495
counter/5/0/0/0,23327:1747647668484:,1747647682495
counter/2/0/0/0,26531:1747647671442:,1747647682495
counter/6/0/0/0,22759:1747647669656:,1747647682495
counter/10/0/0/0,20980:1747647665605:,1747647682495
counter/8/0/0/0,24528:1747647668668:,1747647682495
counter/7/0/0/0,22056:1747647667311:,1747647682495
counter/5/0/0/0,23328:1747647668484:,1747647682495
counter/2/0/0/0,26532:1747647671442:,1747647682495
counter/6/0/0/0,22760:1747647669656:,1747647682495
counter/10/0/0/0,20981:1747647665618:,1747647682495
counter/8/0/0/0,24529:1747647668668:,1747647682495
counter/7/0/0/0,22057:1747647667311:,1747647682495
counter/5/0/0/0,23329:1747647668484:,1747647682495
counter/2/0/0/0,26533:1747647671442:,1747647682495
counter/6/0/0/0,22761:1747647669656:,1747647682495
counter/10/0/0/0,20982:1747647665618:,1747647682495
counter/8/0/0/0,24530:1747647668668:,1747647682495
counter/7/0/0/0,22058:1747647667335:,1747647682495
counter/5/0/0/0,23330:1747647668484:,1747647682495
counter/2/0/0/0,26534:1747647671442:,1747647682495
counter/6/0/0/0,22762:1747647669657:,1747647682495
counter/10/0/0/0,20983:1747647665618:,1747647682495
counter/8/0/0/0,24531:1747647668669:,1747647682495
counter/7/0/0/0,22059:1747647667344:,1747647682495
counter/5/0/0/0,23331:1747647668499:,1747647682495
counter/2/0/0/0,26535:1747647671442:,1747647682495
counter/6/0/0/0,22763:1747647669657:,1747647682495
counter/10/0/0/0,20984:1747647665618:,1747647682495
counter/8/0/0/0,24532:1747647668689:,1747647682495
counter/7/0/0/0,22060:1747647667344:,1747647682495
counter/5/0/0/0,23332:1747647668499:,1747647682495
counter/2/0/0/0,26536:1747647671442:,1747647682495
counter/6/0/0/0,22764:1747647669657:,1747647682495
counter/10/0/0/0,20985:1747647665618:,1747647682495
counter/8/0/0/0,24533:1747647668690:,1747647682495
counter/7/0/0/0,22061:1747647667344:,1747647682495
counter/5/0/0/0,23333:1747647668499:,1747647682495
counter/2/0/0/0,26537:1747647671442:,1747647682495
counter/6/0/0/0,22765:1747647669657:,1747647682496
counter/10/0/0/0,20986:1747647665618:,1747647682496
counter/8/0/0/0,24534:1747647668690:,1747647682496
counter/7/0/0/0,22062:1747647667345:,1747647682496
counter/5/0/0/0,23334:1747647668499:,1747647682496
counter/2/0/0/0,26538:1747647671442:,1747647682496
counter/6/0/0/0,22766:1747647669657:,1747647682496
counter/10/0/0/0,20987:1747647665618:,1747647682496
counter/8/0/0/0,24535:1747647668690:,1747647682496
counter/7/0/0/0,22063:1747647667345:,1747647682496
counter/5/0/0/0,23335:1747647668499:,1747647682496
counter/2/0/0/0,26539:1747647671442:,1747647682496
counter/6/0/0/0,22767:1747647669657:,1747647682496
counter/10/0/0/0,20988:1747647665618:,1747647682496
counter/8/0/0/0,24536:1747647668690:,1747647682496
counter/7/0/0/0,22064:1747647667345:,1747647682496
counter/5/0/0/0,23336:1747647668499:,1747647682496
counter/2/0/0/0,26540:1747647671442:,1747647682496
counter/6/0/0/0,22768:1747647669657:,1747647682496
counter/10/0/0/0,20989:1747647665618:,1747647682496
counter/8/0/0/0,24537:1747647668690:,1747647682496
counter/7/0/0/0,22065:1747647667345:,1747647682496
counter/5/0/0/0,23337:1747647668499:,1747647682496
counter/2/0/0/0,26541:1747647671442:,1747647682496
counter/3/0/0/0,21682:1747647668084:,1747647682496
counter/9/0/0/0,26856:1747647670387:,1747647682496
counter/6/0/0/0,22769:1747647669660:,1747647682496
counter/10/0/0/0,20990:1747647665618:,1747647682496
counter/8/0/0/0,24538:1747647668690:,1747647682496
counter/7/0/0/0,22066:1747647667345:,1747647682496
counter/5/0/0/0,23338:1747647668499:,1747647682496
counter/2/0/0/0,26542:1747647671442:,1747647682496
counter/6/0/0/0,22770:1747647669660:,1747647682496
counter/10/0/0/0,20991:1747647665618:,1747647682496
counter/8/0/0/0,24539:1747647668690:,1747647682496
counter/7/0/0/0,22067:1747647667345:,1747647682496
counter/5/0/0/0,23339:1747647668499:,1747647682496
counter/2/0/0/0,26543:1747647671442:,1747647682496
counter/6/0/0/0,22771:1747647669660:,1747647682496
counter/10/0/0/0,20992:1747647665618:,1747647682496
counter/8/0/0/0,24540:1747647668690:,1747647682496
counter/7/0/0/0,22068:1747647667345:,1747647682496
counter/5/0/0/0,23340:1747647668499:,1747647682496
counter/2/0/0/0,26544:1747647671442:,1747647682497
counter/6/0/0/0,22772:1747647669660:,1747647682497
counter/10/0/0/0,20993:1747647665619:,1747647682497
counter/8/0/0/0,24541:1747647668691:,1747647682497
counter/7/0/0/0,22069:1747647667345:,1747647682497
counter/5/0/0/0,23341:1747647668499:,1747647682497
counter/2/0/0/0,26545:1747647671442:,1747647682497
counter/6/0/0/0,22773:1747647669660:,1747647682497
counter/10/0/0/0,20994:1747647665619:,1747647682497
counter/8/0/0/0,24542:1747647668691:,1747647682497
counter/7/0/0/0,22070:1747647667345:,1747647682497
counter/5/0/0/0,23342:1747647668499:,1747647682497
counter/2/0/0/0,26546:1747647671442:,1747647682497
counter/6/0/0/0,22774:1747647669660:,1747647682497
counter/10/0/0/0,20995:1747647665619:,1747647682497
counter/8/0/0/0,24543:1747647668691:,1747647682497
counter/7/0/0/0,22071:1747647667345:,1747647682497
counter/5/0/0/0,23343:1747647668499:,1747647682497
counter/2/0/0/0,26547:1747647671442:,1747647682497
counter/9/0/0/0,26857:1747647670387:,1747647682497
counter/6/0/0/0,22775:1747647669660:,1747647682497
counter/10/0/0/0,20996:1747647665619:,1747647682497
counter/8/0/0/0,24544:1747647668691:,1747647682497
counter/7/0/0/0,22072:1747647667346:,1747647682497
counter/5/0/0/0,23344:1747647668499:,1747647682497
counter/2/0/0/0,26548:1747647671442:,1747647682497
counter/9/0/0/0,26858:1747647670387:,1747647682497
counter/6/0/0/0,22776:1747647669660:,1747647682497
counter/10/0/0/0,20997:1747647665619:,1747647682497
counter/8/0/0/0,24545:1747647668691:,1747647682497
counter/7/0/0/0,22073:1747647667346:,1747647682497
counter/5/0/0/0,23345:1747647668504:,1747647682497
counter/2/0/0/0,26549:1747647671442:,1747647682497
counter/9/0/0/0,26859:1747647670387:,1747647682497
counter/6/0/0/0,22777:1747647669660:,1747647682497
counter/10/0/0/0,20998:1747647665619:,1747647682497
counter/8/0/0/0,24546:1747647668691:,1747647682497
counter/7/0/0/0,22074:1747647667346:,1747647682497
counter/5/0/0/0,23346:1747647668508:,1747647682497
counter/2/0/0/0,26550:1747647671442:,1747647682497
counter/9/0/0/0,26860:1747647670387:,1747647682498
counter/6/0/0/0,22778:1747647669660:,1747647682498
counter/10/0/0/0,20999:1747647665619:,1747647682498
counter/8/0/0/0,24547:1747647668691:,1747647682498
counter/7/0/0/0,22075:1747647667346:,1747647682498
counter/5/0/0/0,23347:1747647668508:,1747647682498
counter/2/0/0/0,26551:1747647671442:,1747647682498
counter/9/0/0/0,26861:1747647670387:,1747647682498
counter/6/0/0/0,22779:1747647669660:,1747647682498
counter/10/0/0/0,21000:1747647665619:,1747647682498
counter/8/0/0/0,24548:1747647668691:,1747647682498
counter/7/0/0/0,22076:1747647667346:,1747647682498
counter/5/0/0/0,23348:1747647668508:,1747647682498
counter/2/0/0/0,26552:1747647671442:,1747647682498
counter/9/0/0/0,26862:1747647670392:,1747647682498
counter/6/0/0/0,22780:1747647669663:,1747647682498
counter/10/0/0/0,21001:1747647665619:,1747647682498
counter/8/0/0/0,24549:1747647668691:,1747647682498
counter/7/0/0/0,22077:1747647667346:,1747647682498
counter/5/0/0/0,23349:1747647668508:,1747647682498
counter/2/0/0/0,26553:1747647671442:,1747647682498
counter/9/0/0/0,26863:1747647670399:,1747647682498
counter/6/0/0/0,22781:1747647669668:,1747647682498
counter/10/0/0/0,21002:1747647665619:,1747647682498
counter/8/0/0/0,24550:1747647668692:,1747647682498
counter/7/0/0/0,22078:1747647667346:,1747647682498
counter/5/0/0/0,23350:1747647668508:,1747647682498
counter/2/0/0/0,26554:1747647671442:,1747647682498
counter/9/0/0/0,26864:1747647670399:,1747647682498
counter/6/0/0/0,22782:1747647669668:,1747647682498
counter/10/0/0/0,21003:1747647665619:,1747647682498
counter/8/0/0/0,24551:1747647668692:,1747647682498
counter/7/0/0/0,22079:1747647667346:,1747647682498
counter/5/0/0/0,23351:1747647668508:,1747647682498
counter/2/0/0/0,26555:1747647671442:,1747647682498
counter/9/0/0/0,26865:1747647670399:,1747647682498
counter/6/0/0/0,22783:1747647669668:,1747647682498
counter/10/0/0/0,21004:1747647665619:,1747647682498
counter/8/0/0/0,24552:1747647668692:,1747647682498
counter/7/0/0/0,22080:1747647667348:,1747647682498
counter/5/0/0/0,23352:1747647668513:,1747647682498
counter/2/0/0/0,26556:1747647671443:,1747647682498
counter/9/0/0/0,26866:1747647670399:,1747647682498
counter/6/0/0/0,22784:1747647669668:,1747647682498
counter/10/0/0/0,21005:1747647665619:,1747647682499
counter/8/0/0/0,24553:1747647668692:,1747647682499
counter/7/0/0/0,22081:1747647667348:,1747647682499
counter/5/0/0/0,23353:1747647668513:,1747647682499
counter/2/0/0/0,26557:1747647671455:,1747647682499
counter/9/0/0/0,26867:1747647670399:,1747647682499
counter/6/0/0/0,22785:1747647669668:,1747647682499
counter/10/0/0/0,21006:1747647665619:,1747647682499
counter/8/0/0/0,24554:1747647668692:,1747647682499
counter/7/0/0/0,22082:1747647667348:,1747647682499
counter/5/0/0/0,23354:1747647668513:,1747647682499
counter/2/0/0/0,26558:1747647671455:,1747647682499
counter/9/0/0/0,26868:1747647670399:,1747647682499
counter/6/0/0/0,22786:1747647669668:,1747647682499
counter/10/0/0/0,21007:1747647665619:,1747647682499
counter/8/0/0/0,24555:1747647668692:,1747647682499
counter/7/0/0/0,22083:1747647667358:,1747647682499
counter/5/0/0/0,23355:1747647668513:,1747647682499
counter/2/0/0/0,26559:1747647671455:,1747647682499
counter/9/0/0/0,26869:1747647670399:,1747647682499
counter/6/0/0/0,22787:1747647669668:,1747647682499
counter/10/0/0/0,21008:1747647665619:,1747647682499
counter/8/0/0/0,24556:1747647668692:,1747647682499
counter/7/0/0/0,22084:1747647667358:,1747647682499
counter/5/0/0/0,23356:1747647668513:,1747647682499
counter/2/0/0/0,26560:1747647671455:,1747647682499
counter/9/0/0/0,26870:1747647670399:,1747647682499
counter/6/0/0/0,22788:1747647669669:,1747647682499
counter/10/0/0/0,21009:1747647665619:,1747647682499
counter/8/0/0/0,24557:1747647668692:,1747647682499
counter/7/0/0/0,22085:1747647667363:,1747647682499
counter/5/0/0/0,23357:1747647668513:,1747647682499
counter/2/0/0/0,26561:1747647671455:,1747647682499
counter/9/0/0/0,26871:1747647670400:,1747647682499
counter/6/0/0/0,22789:1747647669670:,1747647682499
counter/10/0/0/0,21010:1747647665619:,1747647682499
counter/8/0/0/0,24558:1747647668692:,1747647682499
counter/7/0/0/0,22086:1747647667363:,1747647682499
counter/5/0/0/0,23358:1747647668513:,1747647682499
counter/2/0/0/0,26562:1747647671455:,1747647682500
counter/9/0/0/0,26872:1747647670400:,1747647682500
counter/6/0/0/0,22790:1747647669677:,1747647682500
counter/10/0/0/0,21011:1747647665619:,1747647682500
counter/8/0/0/0,24559:1747647668692:,1747647682500
counter/7/0/0/0,22087:1747647667363:,1747647682500
counter/5/0/0/0,23359:1747647668513:,1747647682500
counter/2/0/0/0,26563:1747647671455:,1747647682500
counter/9/0/0/0,26873:1747647670400:,1747647682500
counter/6/0/0/0,22791:1747647669677:,1747647682500
counter/10/0/0/0,21012:1747647665619:,1747647682500
counter/8/0/0/0,24560:1747647668692:,1747647682500
counter/7/0/0/0,22088:1747647667363:,1747647682500
counter/5/0/0/0,23360:1747647668513:,1747647682500
counter/2/0/0/0,26564:1747647671455:,1747647682500
counter/9/0/0/0,26874:1747647670400:,1747647682500
counter/1/0/0/0,21890:1747647668108:,1747647682500
counter/6/0/0/0,22792:1747647669677:,1747647682500
counter/10/0/0/0,21013:1747647665619:,1747647682500
counter/8/0/0/0,24561:1747647668694:,1747647682500
counter/7/0/0/0,22089:1747647667363:,1747647682500
counter/5/0/0/0,23361:1747647668514:,1747647682500
counter/2/0/0/0,26565:1747647671455:,1747647682500
counter/9/0/0/0,26875:1747647670402:,1747647682500
counter/6/0/0/0,22793:1747647669677:,1747647682500
counter/10/0/0/0,21014:1747647665619:,1747647682500
counter/8/0/0/0,24562:1747647668694:,1747647682500
counter/7/0/0/0,22090:1747647667386:,1747647682500
counter/5/0/0/0,23362:1747647668514:,1747647682500
counter/2/0/0/0,26566:1747647671455:,1747647682500
counter/9/0/0/0,26876:1747647670403:,1747647682500
counter/4/0/0/0,20499:1747647667539:,1747647682500
counter/6/0/0/0,22794:1747647669677:,1747647682500
counter/10/0/0/0,21015:1747647665619:,1747647682500
counter/8/0/0/0,24563:1747647668694:,1747647682500
counter/7/0/0/0,22091:1747647667386:,1747647682500
counter/5/0/0/0,23363:1747647668514:,1747647682500
counter/2/0/0/0,26567:1747647671455:,1747647682500
counter/9/0/0/0,26877:1747647670403:,1747647682500
counter/6/0/0/0,22795:1747647669677:,1747647682500
counter/10/0/0/0,21016:1747647665619:,1747647682500
counter/8/0/0/0,24564:1747647668694:,1747647682500
counter/7/0/0/0,22092:1747647667386:,1747647682500
counter/5/0/0/0,23364:1747647668523:,1747647682500
counter/2/0/0/0,26568:1747647671455:,1747647682501
counter/9/0/0/0,26878:1747647670403:,1747647682501
counter/6/0/0/0,22796:1747647669677:,1747647682501
counter/10/0/0/0,21017:1747647665619:,1747647682501
counter/8/0/0/0,24565:1747647668694:,1747647682501
counter/7/0/0/0,22093:1747647667388:,1747647682501
counter/5/0/0/0,23365:1747647668523:,1747647682501
counter/2/0/0/0,26569:1747647671455:,1747647682501
counter/9/0/0/0,26879:1747647670403:,1747647682501
counter/6/0/0/0,22797:1747647669677:,1747647682501
counter/10/0/0/0,21018:1747647665619:,1747647682501
counter/8/0/0/0,24566:1747647668694:,1747647682501
counter/7/0/0/0,22094:1747647667389:,1747647682501
counter/5/0/0/0,23366:1747647668523:,1747647682501
counter/2/0/0/0,26570:1747647671455:,1747647682501
counter/9/0/0/0,26880:1747647670403:,1747647682501
counter/6/0/0/0,22798:1747647669677:,1747647682501
counter/10/0/0/0,21019:1747647665619:,1747647682501
counter/8/0/0/0,24567:1747647668694:,1747647682501
counter/7/0/0/0,22095:1747647667389:,1747647682501
counter/5/0/0/0,23367:1747647668523:,1747647682501
counter/2/0/0/0,26571:1747647671456:,1747647682501
counter/9/0/0/0,26881:1747647670403:,1747647682501
counter/6/0/0/0,22799:1747647669677:,1747647682501
counter/10/0/0/0,21020:1747647665619:,1747647682501
counter/8/0/0/0,24568:1747647668694:,1747647682501
counter/7/0/0/0,22096:1747647667389:,1747647682501
counter/5/0/0/0,23368:1747647668523:,1747647682501
counter/2/0/0/0,26572:1747647671456:,1747647682501
counter/9/0/0/0,26882:1747647670403:,1747647682501
counter/6/0/0/0,22800:1747647669677:,1747647682501
counter/10/0/0/0,21021:1747647665619:,1747647682501
counter/8/0/0/0,24569:1747647668694:,1747647682501
counter/7/0/0/0,22097:1747647667389:,1747647682501
counter/5/0/0/0,23369:1747647668523:,1747647682501
counter/2/0/0/0,26573:1747647671456:,1747647682501
counter/9/0/0/0,26883:1747647670403:,1747647682501
counter/4/0/0/0,20500:1747647667539:,1747647682501
counter/6/0/0/0,22801:1747647669677:,1747647682501
counter/10/0/0/0,21022:1747647665619:,1747647682501
counter/8/0/0/0,24570:1747647668694:,1747647682502
counter/7/0/0/0,22098:1747647667389:,1747647682502
counter/5/0/0/0,23370:1747647668523:,1747647682502
counter/2/0/0/0,26574:1747647671456:,1747647682502
counter/9/0/0/0,26884:1747647670406:,1747647682502
counter/4/0/0/0,20501:1747647667539:,1747647682502
counter/6/0/0/0,22802:1747647669677:,1747647682502
counter/10/0/0/0,21023:1747647665619:,1747647682502
counter/7/0/0/0,22099:1747647667389:,1747647682502
counter/5/0/0/0,23371:1747647668523:,1747647682502
counter/2/0/0/0,26575:1747647671456:,1747647682502
counter/9/0/0/0,26885:1747647670406:,1747647682502
counter/4/0/0/0,20502:1747647667539:,1747647682502
counter/6/0/0/0,22803:1747647669677:,1747647682502
counter/10/0/0/0,21024:1747647665620:,1747647682502
counter/7/0/0/0,22100:1747647667389:,1747647682502
counter/5/0/0/0,23372:1747647668523:,1747647682502
counter/2/0/0/0,26576:1747647671456:,1747647682502
counter/9/0/0/0,26886:1747647670406:,1747647682502
counter/4/0/0/0,20503:1747647667539:,1747647682502
counter/6/0/0/0,22804:1747647669677:,1747647682502
counter/10/0/0/0,21025:1747647665620:,1747647682502
counter/7/0/0/0,22101:1747647667389:,1747647682502
counter/5/0/0/0,23373:1747647668523:,1747647682502
counter/2/0/0/0,26577:1747647671456:,1747647682502
counter/9/0/0/0,26887:1747647670406:,1747647682502
counter/4/0/0/0,20504:1747647667539:,1747647682502
counter/6/0/0/0,22805:1747647669677:,1747647682502
counter/10/0/0/0,21026:1747647665620:,1747647682502
counter/7/0/0/0,22102:1747647667389:,1747647682502
counter/5/0/0/0,23374:1747647668523:,1747647682502
counter/2/0/0/0,26578:1747647671456:,1747647682502
counter/9/0/0/0,26888:1747647670406:,1747647682502
counter/4/0/0/0,20505:1747647667539:,1747647682502
counter/6/0/0/0,22806:1747647669677:,1747647682502
counter/10/0/0/0,21027:1747647665620:,1747647682502
counter/7/0/0/0,22103:1747647667389:,1747647682502
counter/5/0/0/0,23375:1747647668523:,1747647682502
counter/2/0/0/0,26579:1747647671456:,1747647682502
counter/9/0/0/0,26889:1747647670406:,1747647682502
counter/4/0/0/0,20506:1747647667539:,1747647682502
counter/6/0/0/0,22807:1747647669678:,1747647682502
counter/10/0/0/0,21028:1747647665624:,1747647682503
counter/7/0/0/0,22104:1747647667389:,1747647682503
counter/5/0/0/0,23376:1747647668523:,1747647682503
counter/2/0/0/0,26580:1747647671456:,1747647682503
counter/9/0/0/0,26890:1747647670406:,1747647682503
counter/6/0/0/0,22808:1747647669678:,1747647682503
counter/10/0/0/0,21029:1747647665624:,1747647682503
counter/7/0/0/0,22105:1747647667389:,1747647682503
counter/5/0/0/0,23377:1747647668523:,1747647682503
counter/2/0/0/0,26581:1747647671456:,1747647682503
counter/9/0/0/0,26891:1747647670406:,1747647682503
counter/6/0/0/0,22809:1747647669678:,1747647682503
counter/10/0/0/0,21030:1747647665624:,1747647682503
counter/7/0/0/0,22106:1747647667389:,1747647682503
counter/5/0/0/0,23378:1747647668523:,1747647682503
counter/2/0/0/0,26582:1747647671456:,1747647682503
counter/9/0/0/0,26892:1747647670413:,1747647682503
counter/6/0/0/0,22810:1747647669678:,1747647682503
counter/10/0/0/0,21031:1747647665624:,1747647682503
counter/7/0/0/0,22107:1747647667389:,1747647682503
counter/5/0/0/0,23379:1747647668523:,1747647682503
counter/2/0/0/0,26583:1747647671456:,1747647682503
counter/9/0/0/0,26893:1747647670413:,1747647682503
counter/6/0/0/0,22811:1747647669678:,1747647682503
counter/10/0/0/0,21032:1747647665624:,1747647682503
counter/7/0/0/0,22108:1747647667389:,1747647682503
counter/5/0/0/0,23380:1747647668523:,1747647682503
counter/2/0/0/0,26584:1747647671456:,1747647682503
counter/9/0/0/0,26894:1747647670413:,1747647682503
counter/6/0/0/0,22812:1747647669678:,1747647682503
counter/10/0/0/0,21033:1747647665624:,1747647682503
counter/7/0/0/0,22109:1747647667395:,1747647682503
counter/5/0/0/0,23381:1747647668524:,1747647682503
counter/2/0/0/0,26585:1747647671456:,1747647682503
counter/9/0/0/0,26895:1747647670413:,1747647682503
counter/6/0/0/0,22813:1747647669678:,1747647682503
counter/10/0/0/0,21034:1747647665624:,1747647682504
counter/7/0/0/0,22110:1747647667395:,1747647682504
counter/5/0/0/0,23382:1747647668524:,1747647682504
counter/2/0/0/0,26586:1747647671456:,1747647682504
counter/9/0/0/0,26896:1747647670413:,1747647682504
counter/6/0/0/0,22814:1747647669679:,1747647682504
counter/10/0/0/0,21035:1747647665624:,1747647682504
counter/7/0/0/0,22111:1747647667395:,1747647682504
counter/5/0/0/0,23383:1747647668524:,1747647682504
counter/2/0/0/0,26587:1747647671456:,1747647682504
counter/9/0/0/0,26897:1747647670413:,1747647682504
counter/6/0/0/0,22815:1747647669680:,1747647682504
counter/10/0/0/0,21036:1747647665624:,1747647682504
counter/7/0/0/0,22112:1747647667395:,1747647682504
counter/5/0/0/0,23384:1747647668529:,1747647682504
counter/2/0/0/0,26588:1747647671456:,1747647682504
counter/9/0/0/0,26898:1747647670413:,1747647682504
counter/6/0/0/0,22816:1747647669680:,1747647682504
counter/10/0/0/0,21037:1747647665625:,1747647682504
counter/7/0/0/0,22113:1747647667395:,1747647682504
counter/5/0/0/0,23385:1747647668529:,1747647682504
counter/2/0/0/0,26589:1747647671456:,1747647682504
counter/9/0/0/0,26899:1747647670414:,1747647682504
counter/6/0/0/0,22817:1747647669680:,1747647682504
counter/10/0/0/0,21038:1747647665625:,1747647682504
counter/7/0/0/0,22114:1747647667398:,1747647682504
counter/5/0/0/0,23386:1747647668529:,1747647682504
counter/2/0/0/0,26590:1747647671457:,1747647682504
counter/9/0/0/0,26900:1747647670414:,1747647682504
counter/6/0/0/0,22818:1747647669680:,1747647682504
counter/10/0/0/0,21039:1747647665625:,1747647682504
counter/7/0/0/0,22115:1747647667398:,1747647682504
counter/5/0/0/0,23387:1747647668529:,1747647682504
counter/2/0/0/0,26591:1747647671457:,1747647682504
counter/9/0/0/0,26901:1747647670414:,1747647682504
counter/6/0/0/0,22819:1747647669680:,1747647682504
counter/10/0/0/0,21040:1747647665625:,1747647682504
counter/7/0/0/0,22116:1747647667398:,1747647682504
counter/5/0/0/0,23388:1747647668529:,1747647682504
counter/2/0/0/0,26592:1747647671457:,1747647682505
counter/9/0/0/0,26902:1747647670414:,1747647682505
counter/6/0/0/0,22820:1747647669680:,1747647682505
counter/10/0/0/0,21041:1747647665625:,1747647682505
counter/7/0/0/0,22117:1747647667398:,1747647682505
counter/5/0/0/0,23389:1747647668529:,1747647682505
counter/2/0/0/0,26593:1747647671457:,1747647682505
counter/9/0/0/0,26903:1747647670417:,1747647682505
counter/6/0/0/0,22821:1747647669681:,1747647682505
counter/10/0/0/0,21042:1747647665625:,1747647682505
counter/7/0/0/0,22118:1747647667398:,1747647682505
counter/5/0/0/0,23390:1747647668530:,1747647682505
counter/2/0/0/0,26594:1747647671457:,1747647682505
counter/9/0/0/0,26904:1747647670417:,1747647682505
counter/6/0/0/0,22822:1747647669681:,1747647682505
counter/10/0/0/0,21043:1747647665625:,1747647682505
counter/7/0/0/0,22119:1747647667398:,1747647682505
counter/5/0/0/0,23391:1747647668530:,1747647682505
counter/2/0/0/0,26595:1747647671457:,1747647682505
counter/9/0/0/0,26905:1747647670417:,1747647682505
counter/6/0/0/0,22823:1747647669681:,1747647682505
counter/10/0/0/0,21044:1747647665625:,1747647682505
counter/7/0/0/0,22120:1747647667398:,1747647682505
counter/5/0/0/0,23392:1747647668530:,1747647682505
counter/2/0/0/0,26596:1747647671457:,1747647682505
counter/9/0/0/0,26906:1747647670417:,1747647682505
counter/6/0/0/0,22824:1747647669681:,1747647682505
counter/10/0/0/0,21045:1747647665625:,1747647682505
counter/7/0/0/0,22121:1747647667398:,1747647682505
counter/5/0/0/0,23393:1747647668530:,1747647682505
counter/2/0/0/0,26597:1747647671457:,1747647682505
counter/9/0/0/0,26907:1747647670417:,1747647682505
counter/6/0/0/0,22825:1747647669681:,1747647682505
counter/10/0/0/0,21046:1747647665625:,1747647682505
counter/7/0/0/0,22122:1747647667399:,1747647682505
counter/5/0/0/0,23394:1747647668530:,1747647682505
counter/2/0/0/0,26598:1747647671457:,1747647682505
counter/9/0/0/0,26908:1747647670417:,1747647682505
counter/6/0/0/0,22826:1747647669681:,1747647682505
counter/10/0/0/0,21047:1747647665625:,1747647682505
counter/7/0/0/0,22123:1747647667399:,1747647682505
counter/5/0/0/0,23395:1747647668530:,1747647682505
counter/2/0/0/0,26599:1747647671457:,1747647682506
counter/9/0/0/0,26909:1747647670417:,1747647682506
counter/6/0/0/0,22827:1747647669681:,1747647682506
counter/10/0/0/0,21048:1747647665625:,1747647682506
counter/7/0/0/0,22124:1747647667400:,1747647682506
counter/5/0/0/0,23396:1747647668530:,1747647682506
counter/2/0/0/0,26600:1747647671457:,1747647682506
counter/9/0/0/0,26910:1747647670417:,1747647682506
counter/6/0/0/0,22828:1747647669682:,1747647682506
counter/10/0/0/0,21049:1747647665627:,1747647682506
counter/7/0/0/0,22125:1747647667400:,1747647682506
counter/5/0/0/0,23397:1747647668530:,1747647682506
counter/2/0/0/0,26601:1747647671457:,1747647682506
counter/9/0/0/0,26911:1747647670417:,1747647682506
counter/6/0/0/0,22829:1747647669697:,1747647682506
counter/10/0/0/0,21050:1747647665627:,1747647682506
counter/7/0/0/0,22126:1747647667400:,1747647682506
counter/5/0/0/0,23398:1747647668530:,1747647682506
counter/2/0/0/0,26602:1747647671457:,1747647682506
counter/9/0/0/0,26912:1747647670417:,1747647682506
counter/6/0/0/0,22830:1747647669697:,1747647682506
counter/10/0/0/0,21051:1747647665627:,1747647682506
counter/7/0/0/0,22127:1747647667409:,1747647682506
counter/5/0/0/0,23399:1747647668530:,1747647682506
counter/2/0/0/0,26603:1747647671457:,1747647682506
counter/9/0/0/0,26913:1747647670417:,1747647682506
counter/6/0/0/0,22831:1747647669697:,1747647682506
counter/10/0/0/0,21052:1747647665627:,1747647682506
counter/7/0/0/0,22128:1747647667409:,1747647682506
counter/5/0/0/0,23400:1747647668541:,1747647682506
counter/2/0/0/0,26604:1747647671457:,1747647682506
counter/9/0/0/0,26914:1747647670417:,1747647682506
counter/6/0/0/0,22832:1747647669697:,1747647682506
counter/10/0/0/0,21053:1747647665627:,1747647682506
counter/7/0/0/0,22129:1747647667409:,1747647682506
counter/5/0/0/0,23401:1747647668541:,1747647682506
counter/2/0/0/0,26605:1747647671458:,1747647682506
counter/9/0/0/0,26915:1747647670417:,1747647682506
counter/6/0/0/0,22833:1747647669697:,1747647682506
counter/10/0/0/0,21054:1747647665627:,1747647682506
counter/7/0/0/0,22130:1747647667409:,1747647682507
counter/5/0/0/0,23402:1747647668541:,1747647682507
counter/2/0/0/0,26606:1747647671458:,1747647682507
counter/9/0/0/0,26916:1747647670417:,1747647682507
counter/6/0/0/0,22834:1747647669697:,1747647682507
counter/10/0/0/0,21055:1747647665627:,1747647682507
counter/7/0/0/0,22131:1747647667409:,1747647682507
counter/5/0/0/0,23403:1747647668546:,1747647682507
counter/2/0/0/0,26607:1747647671458:,1747647682507
counter/9/0/0/0,26917:1747647670424:,1747647682507
counter/6/0/0/0,22835:1747647669699:,1747647682507
counter/10/0/0/0,21056:1747647665627:,1747647682507
counter/7/0/0/0,22132:1747647667409:,1747647682507
counter/5/0/0/0,23404:1747647668547:,1747647682507
counter/2/0/0/0,26608:1747647671458:,1747647682507
counter/9/0/0/0,26918:1747647670424:,1747647682507
counter/6/0/0/0,22836:1747647669699:,1747647682507
counter/10/0/0/0,21057:1747647665627:,1747647682507
counter/7/0/0/0,22133:1747647667409:,1747647682507
counter/5/0/0/0,23405:1747647668547:,1747647682507
counter/2/0/0/0,26609:1747647671458:,1747647682507
counter/9/0/0/0,26919:1747647670424:,1747647682507
counter/6/0/0/0,22837:1747647669707:,1747647682507
counter/10/0/0/0,21058:1747647665627:,1747647682507
counter/7/0/0/0,22134:1747647667409:,1747647682507
counter/5/0/0/0,23406:1747647668547:,1747647682507
counter/2/0/0/0,26610:1747647671458:,1747647682507
counter/9/0/0/0,26920:1747647670424:,1747647682507
counter/6/0/0/0,22838:1747647669707:,1747647682507
counter/10/0/0/0,21059:1747647665627:,1747647682507
counter/7/0/0/0,22135:1747647667409:,1747647682507
counter/5/0/0/0,23407:1747647668547:,1747647682507
counter/2/0/0/0,26611:1747647671458:,1747647682507
counter/9/0/0/0,26921:1747647670424:,1747647682507
counter/6/0/0/0,22839:1747647669707:,1747647682507
counter/10/0/0/0,21060:1747647665627:,1747647682507
counter/7/0/0/0,22136:1747647667409:,1747647682507
counter/5/0/0/0,23408:1747647668547:,1747647682507
counter/2/0/0/0,26612:1747647671458:,1747647682507
counter/9/0/0/0,26922:1747647670424:,1747647682507
counter/4/0/0/0,20507:1747647667539:,1747647682507
counter/6/0/0/0,22840:1747647669707:,1747647682507
counter/10/0/0/0,21061:1747647665627:,1747647682508
counter/7/0/0/0,22137:1747647667410:,1747647682508
counter/5/0/0/0,23409:1747647668547:,1747647682508
counter/2/0/0/0,26613:1747647671458:,1747647682508
counter/9/0/0/0,26923:1747647670424:,1747647682508
counter/4/0/0/0,20508:1747647667539:,1747647682508
counter/6/0/0/0,22841:1747647669708:,1747647682508
counter/10/0/0/0,21062:1747647665627:,1747647682508
counter/7/0/0/0,22138:1747647667411:,1747647682508
counter/5/0/0/0,23410:1747647668547:,1747647682508
counter/2/0/0/0,26614:1747647671458:,1747647682508
counter/9/0/0/0,26924:1747647670424:,1747647682508
counter/4/0/0/0,20509:1747647667539:,1747647682508
counter/6/0/0/0,22842:1747647669708:,1747647682508
counter/10/0/0/0,21063:1747647665627:,1747647682508
counter/7/0/0/0,22139:1747647667411:,1747647682508
counter/5/0/0/0,23411:1747647668547:,1747647682508
counter/2/0/0/0,26615:1747647671458:,1747647682508
counter/9/0/0/0,26925:1747647670424:,1747647682508
counter/4/0/0/0,20510:1747647667540:,1747647682508
counter/6/0/0/0,22843:1747647669708:,1747647682508
counter/10/0/0/0,21064:1747647665627:,1747647682508
counter/7/0/0/0,22140:1747647667411:,1747647682508
counter/5/0/0/0,23412:1747647668547:,1747647682508
counter/2/0/0/0,26616:1747647671458:,1747647682508
counter/9/0/0/0,26926:1747647670424:,1747647682508
counter/4/0/0/0,20511:1747647667540:,1747647682508
counter/6/0/0/0,22844:1747647669708:,1747647682508
counter/10/0/0/0,21065:1747647665627:,1747647682508
counter/7/0/0/0,22141:1747647667411:,1747647682508
counter/5/0/0/0,23413:1747647668565:,1747647682508
counter/2/0/0/0,26617:1747647671459:,1747647682508
counter/9/0/0/0,26927:1747647670424:,1747647682508
counter/4/0/0/0,20512:1747647667540:,1747647682508
counter/6/0/0/0,22845:1747647669708:,1747647682508
counter/10/0/0/0,21066:1747647665627:,1747647682508
counter/7/0/0/0,22142:1747647667411:,1747647682508
counter/5/0/0/0,23414:1747647668565:,1747647682508
counter/2/0/0/0,26618:1747647671459:,1747647682508
counter/9/0/0/0,26928:1747647670424:,1747647682508
counter/4/0/0/0,20513:1747647667540:,1747647682508
counter/6/0/0/0,22846:1747647669708:,1747647682508
counter/10/0/0/0,21067:1747647665634:,1747647682508
counter/7/0/0/0,22143:1747647667424:,1747647682508
counter/5/0/0/0,23415:1747647668565:,1747647682509
counter/2/0/0/0,26619:1747647671459:,1747647682509
counter/9/0/0/0,26929:1747647670424:,1747647682509
counter/4/0/0/0,20514:1747647667541:,1747647682509
counter/6/0/0/0,22847:1747647669708:,1747647682509
counter/10/0/0/0,21068:1747647665635:,1747647682509
counter/7/0/0/0,22144:1747647667424:,1747647682509
counter/5/0/0/0,23416:1747647668571:,1747647682509
counter/2/0/0/0,26620:1747647671459:,1747647682509
counter/9/0/0/0,26930:1747647670424:,1747647682509
counter/4/0/0/0,20515:1747647667541:,1747647682509
counter/6/0/0/0,22848:1747647669708:,1747647682509
counter/10/0/0/0,21069:1747647665635:,1747647682509
counter/7/0/0/0,22145:1747647667424:,1747647682509
counter/5/0/0/0,23417:1747647668571:,1747647682509
counter/2/0/0/0,26621:1747647671459:,1747647682509
counter/9/0/0/0,26931:1747647670424:,1747647682509
counter/4/0/0/0,20516:1747647667541:,1747647682509
counter/8/0/0/0,24571:1747647668694:,1747647682509
counter/6/0/0/0,22849:1747647669708:,1747647682509
counter/10/0/0/0,21070:1747647665635:,1747647682509
counter/7/0/0/0,22146:1747647667424:,1747647682509
counter/5/0/0/0,23418:1747647668573:,1747647682509
counter/2/0/0/0,26622:1747647671459:,1747647682509
counter/9/0/0/0,26932:1747647670424:,1747647682509
counter/4/0/0/0,20517:1747647667541:,1747647682509
counter/6/0/0/0,22850:1747647669708:,1747647682509
counter/10/0/0/0,21071:1747647665635:,1747647682509
counter/7/0/0/0,22147:1747647667424:,1747647682509
counter/5/0/0/0,23419:1747647668574:,1747647682509
counter/2/0/0/0,26623:1747647671459:,1747647682509
counter/9/0/0/0,26933:1747647670425:,1747647682509
counter/4/0/0/0,20518:1747647667544:,1747647682509
counter/6/0/0/0,22851:1747647669709:,1747647682509
counter/10/0/0/0,21072:1747647665635:,1747647682509
counter/7/0/0/0,22148:1747647667424:,1747647682509
counter/5/0/0/0,23420:1747647668574:,1747647682509
counter/2/0/0/0,26624:1747647671459:,1747647682509
counter/9/0/0/0,26934:1747647670425:,1747647682509
counter/4/0/0/0,20519:1747647667545:,1747647682509
counter/6/0/0/0,22852:1747647669709:,1747647682510
counter/10/0/0/0,21073:1747647665635:,1747647682510
counter/7/0/0/0,22149:1747647667425:,1747647682510
counter/5/0/0/0,23421:1747647668574:,1747647682510
counter/2/0/0/0,26625:1747647671459:,1747647682510
counter/9/0/0/0,26935:1747647670425:,1747647682510
counter/4/0/0/0,20520:1747647667545:,1747647682510
counter/6/0/0/0,22853:1747647669709:,1747647682510
counter/10/0/0/0,21074:1747647665635:,1747647682510
counter/7/0/0/0,22150:1747647667425:,1747647682510
counter/5/0/0/0,23422:1747647668574:,1747647682510
counter/2/0/0/0,26626:1747647671459:,1747647682510
counter/9/0/0/0,26936:1747647670425:,1747647682510
counter/4/0/0/0,20521:1747647667545:,1747647682510
counter/6/0/0/0,22854:1747647669709:,1747647682510
counter/10/0/0/0,21075:1747647665635:,1747647682510
counter/7/0/0/0,22151:1747647667425:,1747647682510
counter/5/0/0/0,23423:1747647668574:,1747647682510
counter/2/0/0/0,26627:1747647671459:,1747647682510
counter/9/0/0/0,26937:1747647670425:,1747647682510
counter/4/0/0/0,20522:1747647667545:,1747647682510
counter/6/0/0/0,22855:1747647669709:,1747647682510
counter/10/0/0/0,21076:1747647665635:,1747647682510
counter/7/0/0/0,22152:1747647667426:,1747647682510
counter/5/0/0/0,23424:1747647668574:,1747647682510
counter/2/0/0/0,26628:1747647671459:,1747647682510
counter/9/0/0/0,26938:1747647670425:,1747647682510
counter/4/0/0/0,20523:1747647667545:,1747647682510
counter/6/0/0/0,22856:1747647669710:,1747647682510
counter/10/0/0/0,21077:1747647665635:,1747647682510
counter/7/0/0/0,22153:1747647667426:,1747647682510
counter/5/0/0/0,23425:1747647668574:,1747647682510
counter/2/0/0/0,26629:1747647671459:,1747647682510
counter/9/0/0/0,26939:1747647670425:,1747647682510
counter/4/0/0/0,20524:1747647667545:,1747647682510
counter/6/0/0/0,22857:1747647669710:,1747647682510
counter/10/0/0/0,21078:1747647665637:,1747647682510
counter/7/0/0/0,22154:1747647667426:,1747647682510
counter/5/0/0/0,23426:1747647668574:,1747647682510
counter/2/0/0/0,26630:1747647671460:,1747647682510
counter/9/0/0/0,26940:1747647670425:,1747647682510
counter/4/0/0/0,20525:1747647667545:,1747647682510
counter/6/0/0/0,22858:1747647669710:,1747647682510
counter/10/0/0/0,21079:1747647665637:,1747647682511
counter/7/0/0/0,22155:1747647667426:,1747647682511
counter/5/0/0/0,23427:1747647668574:,1747647682511
counter/2/0/0/0,26631:1747647671478:,1747647682511
counter/9/0/0/0,26941:1747647670425:,1747647682511
counter/4/0/0/0,20526:1747647667545:,1747647682511
counter/6/0/0/0,22859:1747647669710:,1747647682511
counter/10/0/0/0,21080:1747647665639:,1747647682511
counter/7/0/0/0,22156:1747647667426:,1747647682511
counter/5/0/0/0,23428:1747647668574:,1747647682511
counter/2/0/0/0,26632:1747647671479:,1747647682511
counter/9/0/0/0,26942:1747647670428:,1747647682511
counter/4/0/0/0,20527:1747647667584:,1747647682511
counter/6/0/0/0,22860:1747647669710:,1747647682511
counter/10/0/0/0,21081:1747647665639:,1747647682511
counter/7/0/0/0,22157:1747647667426:,1747647682511
counter/5/0/0/0,23429:1747647668574:,1747647682511
counter/2/0/0/0,26633:1747647671479:,1747647682511
counter/9/0/0/0,26943:1747647670429:,1747647682511
counter/4/0/0/0,20528:1747647667584:,1747647682511
counter/6/0/0/0,22861:1747647669714:,1747647682511
counter/10/0/0/0,21082:1747647665653:,1747647682511
counter/7/0/0/0,22158:1747647667426:,1747647682511
counter/5/0/0/0,23430:1747647668574:,1747647682511
counter/2/0/0/0,26634:1747647671479:,1747647682511
counter/9/0/0/0,26944:1747647670429:,1747647682511
counter/4/0/0/0,20529:1747647667584:,1747647682511
counter/6/0/0/0,22862:1747647669714:,1747647682511
counter/10/0/0/0,21083:1747647665653:,1747647682511
counter/7/0/0/0,22159:1747647667426:,1747647682511
counter/5/0/0/0,23431:1747647668574:,1747647682511
counter/2/0/0/0,26635:1747647671479:,1747647682511
counter/9/0/0/0,26945:1747647670429:,1747647682511
counter/4/0/0/0,20530:1747647667584:,1747647682511
counter/6/0/0/0,22863:1747647669714:,1747647682511
counter/10/0/0/0,21084:1747647665653:,1747647682511
counter/7/0/0/0,22160:1747647667426:,1747647682511
counter/5/0/0/0,23432:1747647668574:,1747647682511
counter/2/0/0/0,26636:1747647671479:,1747647682511
counter/9/0/0/0,26946:1747647670429:,1747647682512
counter/4/0/0/0,20531:1747647667584:,1747647682512
counter/6/0/0/0,22864:1747647669714:,1747647682512
counter/10/0/0/0,21085:1747647665653:,1747647682512
counter/7/0/0/0,22161:1747647667449:,1747647682512
counter/5/0/0/0,23433:1747647668574:,1747647682512
counter/2/0/0/0,26637:1747647671486:,1747647682512
counter/9/0/0/0,26947:1747647670429:,1747647682512
counter/4/0/0/0,20532:1747647667597:,1747647682512
counter/6/0/0/0,22865:1747647669714:,1747647682512
counter/10/0/0/0,21086:1747647665653:,1747647682512
counter/7/0/0/0,22162:1747647667449:,1747647682512
counter/5/0/0/0,23434:1747647668574:,1747647682512
counter/2/0/0/0,26638:1747647671487:,1747647682512
counter/9/0/0/0,26948:1747647670429:,1747647682512
counter/4/0/0/0,20533:1747647667615:,1747647682512
counter/6/0/0/0,22866:1747647669733:,1747647682512
counter/10/0/0/0,21087:1747647665653:,1747647682512
counter/7/0/0/0,22163:1747647667450:,1747647682512
counter/5/0/0/0,23435:1747647668574:,1747647682512
counter/2/0/0/0,26639:1747647671487:,1747647682512
counter/9/0/0/0,26949:1747647670429:,1747647682512
counter/4/0/0/0,20534:1747647667615:,1747647682512
counter/6/0/0/0,22867:1747647669733:,1747647682512
counter/10/0/0/0,21088:1747647665653:,1747647682512
counter/7/0/0/0,22164:1747647667450:,1747647682512
counter/5/0/0/0,23436:1747647668574:,1747647682512
counter/2/0/0/0,26640:1747647671487:,1747647682512
counter/9/0/0/0,26950:1747647670429:,1747647682512
counter/4/0/0/0,20535:1747647667615:,1747647682512
counter/6/0/0/0,22868:1747647669733:,1747647682512
counter/10/0/0/0,21089:1747647665653:,1747647682512
counter/7/0/0/0,22165:1747647667450:,1747647682512
counter/5/0/0/0,23437:1747647668574:,1747647682512
counter/2/0/0/0,26641:1747647671487:,1747647682512
counter/9/0/0/0,26951:1747647670429:,1747647682512
counter/4/0/0/0,20536:1747647667615:,1747647682512
counter/6/0/0/0,22869:1747647669733:,1747647682512
counter/10/0/0/0,21090:1747647665653:,1747647682512
counter/7/0/0/0,22166:1747647667450:,1747647682512
counter/5/0/0/0,23438:1747647668574:,1747647682512
counter/2/0/0/0,26642:1747647671487:,1747647682512
counter/9/0/0/0,26952:1747647670429:,1747647682512
counter/4/0/0/0,20537:1747647667615:,1747647682513
counter/6/0/0/0,22870:1747647669733:,1747647682513
counter/10/0/0/0,21091:1747647665653:,1747647682513
counter/7/0/0/0,22167:1747647667450:,1747647682513
counter/5/0/0/0,23439:1747647668574:,1747647682513
counter/2/0/0/0,26643:1747647671487:,1747647682513
counter/9/0/0/0,26953:1747647670429:,1747647682513
counter/4/0/0/0,20538:1747647667615:,1747647682513
counter/6/0/0/0,22871:1747647669733:,1747647682513
counter/10/0/0/0,21092:1747647665653:,1747647682513
counter/7/0/0/0,22168:1747647667450:,1747647682513
counter/5/0/0/0,23440:1747647668574:,1747647682513
counter/2/0/0/0,26644:1747647671487:,1747647682513
counter/9/0/0/0,26954:1747647670429:,1747647682513
counter/4/0/0/0,20539:1747647667615:,1747647682513
counter/6/0/0/0,22872:1747647669733:,1747647682513
counter/10/0/0/0,21093:1747647665653:,1747647682513
counter/7/0/0/0,22169:1747647667450:,1747647682513
counter/5/0/0/0,23441:1747647668574:,1747647682513
counter/2/0/0/0,26645:1747647671487:,1747647682513
counter/9/0/0/0,26955:1747647670429:,1747647682513
counter/6/0/0/0,22873:1747647669733:,1747647682513
counter/10/0/0/0,21094:1747647665654:,1747647682513
counter/7/0/0/0,22170:1747647667450:,1747647682513
counter/5/0/0/0,23442:1747647668574:,1747647682513
counter/2/0/0/0,26646:1747647671487:,1747647682513
counter/9/0/0/0,26956:1747647670429:,1747647682513
counter/6/0/0/0,22874:1747647669733:,1747647682513
counter/10/0/0/0,21095:1747647665654:,1747647682513
counter/7/0/0/0,22171:1747647667450:,1747647682513
counter/5/0/0/0,23443:1747647668575:,1747647682513
counter/2/0/0/0,26647:1747647671487:,1747647682513
counter/9/0/0/0,26957:1747647670451:,1747647682513
counter/6/0/0/0,22875:1747647669733:,1747647682513
counter/10/0/0/0,21096:1747647665654:,1747647682513
counter/7/0/0/0,22172:1747647667450:,1747647682513
counter/5/0/0/0,23444:1747647668575:,1747647682513
counter/2/0/0/0,26648:1747647671487:,1747647682513
counter/9/0/0/0,26958:1747647670451:,1747647682514
counter/6/0/0/0,22876:1747647669733:,1747647682514
counter/10/0/0/0,21097:1747647665654:,1747647682514
counter/7/0/0/0,22173:1747647667450:,1747647682514
counter/5/0/0/0,23445:1747647668575:,1747647682514
counter/2/0/0/0,26649:1747647671487:,1747647682514
counter/9/0/0/0,26959:1747647670451:,1747647682514
counter/6/0/0/0,22877:1747647669733:,1747647682514
counter/10/0/0/0,21098:1747647665663:,1747647682514
counter/7/0/0/0,22174:1747647667450:,1747647682514
counter/5/0/0/0,23446:1747647668575:,1747647682514
counter/2/0/0/0,26650:1747647671497:,1747647682514
counter/9/0/0/0,26960:1747647670452:,1747647682514
counter/6/0/0/0,22878:1747647669733:,1747647682514
counter/10/0/0/0,21099:1747647665663:,1747647682514
counter/7/0/0/0,22175:1747647667450:,1747647682514
counter/5/0/0/0,23447:1747647668582:,1747647682514
counter/2/0/0/0,26651:1747647671497:,1747647682514
counter/9/0/0/0,26961:1747647670455:,1747647682514
counter/6/0/0/0,22879:1747647669733:,1747647682514
counter/10/0/0/0,21100:1747647665663:,1747647682514
counter/7/0/0/0,22176:1747647667450:,1747647682514
counter/5/0/0/0,23448:1747647668582:,1747647682514
counter/2/0/0/0,26652:1747647671497:,1747647682514
counter/9/0/0/0,26962:1747647670455:,1747647682514
counter/6/0/0/0,22880:1747647669734:,1747647682514
counter/10/0/0/0,21101:1747647665664:,1747647682514
counter/7/0/0/0,22177:1747647667450:,1747647682514
counter/5/0/0/0,23449:1747647668582:,1747647682514
counter/2/0/0/0,26653:1747647671497:,1747647682514
counter/9/0/0/0,26963:1747647670455:,1747647682514
counter/6/0/0/0,22881:1747647669734:,1747647682514
counter/10/0/0/0,21102:1747647665664:,1747647682514
counter/7/0/0/0,22178:1747647667455:,1747647682514
counter/5/0/0/0,23450:1747647668582:,1747647682514
counter/2/0/0/0,26654:1747647671497:,1747647682514
counter/9/0/0/0,26964:1747647670455:,1747647682514
counter/6/0/0/0,22882:1747647669737:,1747647682514
counter/10/0/0/0,21103:1747647665664:,1747647682514
counter/7/0/0/0,22179:1747647667455:,1747647682515
counter/5/0/0/0,23451:1747647668584:,1747647682515
counter/2/0/0/0,26655:1747647671497:,1747647682515
counter/9/0/0/0,26965:1747647670455:,1747647682515
counter/6/0/0/0,22883:1747647669737:,1747647682515
counter/10/0/0/0,21104:1747647665664:,1747647682515
counter/7/0/0/0,22180:1747647667455:,1747647682515
counter/5/0/0/0,23452:1747647668594:,1747647682515
counter/2/0/0/0,26656:1747647671497:,1747647682515
counter/9/0/0/0,26966:1747647670455:,1747647682515
counter/6/0/0/0,22884:1747647669739:,1747647682515
counter/10/0/0/0,21105:1747647665664:,1747647682515
counter/7/0/0/0,22181:1747647667455:,1747647682515
counter/5/0/0/0,23453:1747647668594:,1747647682515
counter/2/0/0/0,26657:1747647671501:,1747647682515
counter/9/0/0/0,26967:1747647670457:,1747647682515
counter/6/0/0/0,22885:1747647669739:,1747647682515
counter/10/0/0/0,21106:1747647665664:,1747647682515
counter/7/0/0/0,22182:1747647667455:,1747647682515
counter/5/0/0/0,23454:1747647668594:,1747647682515
counter/2/0/0/0,26658:1747647671502:,1747647682515
counter/9/0/0/0,26968:1747647670457:,1747647682515
counter/6/0/0/0,22886:1747647669739:,1747647682515
counter/10/0/0/0,21107:1747647665664:,1747647682515
counter/7/0/0/0,22183:1747647667455:,1747647682515
counter/5/0/0/0,23455:1747647668594:,1747647682515
counter/2/0/0/0,26659:1747647671502:,1747647682515
counter/9/0/0/0,26969:1747647670457:,1747647682515
counter/6/0/0/0,22887:1747647669739:,1747647682515
counter/10/0/0/0,21108:1747647665664:,1747647682515
counter/7/0/0/0,22184:1747647667455:,1747647682515
counter/5/0/0/0,23456:1747647668594:,1747647682515
counter/2/0/0/0,26660:1747647671502:,1747647682515
counter/9/0/0/0,26970:1747647670457:,1747647682516
counter/6/0/0/0,22888:1747647669739:,1747647682516
counter/10/0/0/0,21109:1747647665664:,1747647682516
counter/7/0/0/0,22185:1747647667455:,1747647682516
counter/5/0/0/0,23457:1747647668607:,1747647682516
counter/2/0/0/0,26661:1747647671502:,1747647682516
counter/9/0/0/0,26971:1747647670457:,1747647682516
counter/6/0/0/0,22889:1747647669739:,1747647682516
counter/10/0/0/0,21110:1747647665664:,1747647682516
counter/7/0/0/0,22186:1747647667455:,1747647682516
counter/5/0/0/0,23458:1747647668607:,1747647682516
counter/2/0/0/0,26662:1747647671502:,1747647682516
counter/9/0/0/0,26972:1747647670457:,1747647682516
counter/1/0/0/0,21891:1747647668108:,1747647682516
counter/6/0/0/0,22890:1747647669739:,1747647682516
counter/10/0/0/0,21111:1747647665664:,1747647682516
counter/7/0/0/0,22187:1747647667455:,1747647682516
counter/5/0/0/0,23459:1747647668607:,1747647682516
counter/2/0/0/0,26663:1747647671502:,1747647682516
counter/9/0/0/0,26973:1747647670457:,1747647682516
counter/6/0/0/0,22891:1747647669739:,1747647682516
counter/10/0/0/0,21112:1747647665664:,1747647682516
counter/7/0/0/0,22188:1747647667455:,1747647682516
counter/5/0/0/0,23460:1747647668607:,1747647682516
counter/2/0/0/0,26664:1747647671502:,1747647682516
counter/9/0/0/0,26974:1747647670457:,1747647682516
counter/6/0/0/0,22892:1747647669739:,1747647682516
counter/10/0/0/0,21113:1747647665664:,1747647682516
counter/7/0/0/0,22189:1747647667455:,1747647682516
counter/5/0/0/0,23461:1747647668607:,1747647682516
counter/2/0/0/0,26665:1747647671502:,1747647682516
counter/9/0/0/0,26975:1747647670457:,1747647682516
counter/6/0/0/0,22893:1747647669739:,1747647682516
counter/10/0/0/0,21114:1747647665664:,1747647682516
counter/7/0/0/0,22190:1747647667455:,1747647682516
counter/5/0/0/0,23462:1747647668607:,1747647682516
counter/2/0/0/0,26666:1747647671502:,1747647682516
counter/9/0/0/0,26976:1747647670457:,1747647682516
counter/6/0/0/0,22894:1747647669741:,1747647682516
counter/10/0/0/0,21115:1747647665673:,1747647682516
counter/7/0/0/0,22191:1747647667455:,1747647682517
counter/5/0/0/0,23463:1747647668607:,1747647682517
counter/2/0/0/0,26667:1747647671507:,1747647682517
counter/9/0/0/0,26977:1747647670457:,1747647682517
counter/6/0/0/0,22895:1747647669750:,1747647682517
counter/10/0/0/0,21116:1747647665674:,1747647682517
counter/7/0/0/0,22192:1747647667456:,1747647682517
counter/5/0/0/0,23464:1747647668607:,1747647682517
counter/2/0/0/0,26668:1747647671507:,1747647682517
counter/9/0/0/0,26978:1747647670457:,1747647682517
counter/6/0/0/0,22896:1747647669750:,1747647682517
counter/10/0/0/0,21117:1747647665674:,1747647682517
counter/7/0/0/0,22193:1747647667456:,1747647682517
counter/5/0/0/0,23465:1747647668608:,1747647682517
counter/2/0/0/0,26669:1747647671507:,1747647682517
counter/9/0/0/0,26979:1747647670457:,1747647682517
counter/6/0/0/0,22897:1747647669758:,1747647682517
counter/10/0/0/0,21118:1747647665674:,1747647682517
counter/7/0/0/0,22194:1747647667456:,1747647682517
counter/5/0/0/0,23466:1747647668608:,1747647682517
counter/2/0/0/0,26670:1747647671507:,1747647682517
counter/9/0/0/0,26980:1747647670457:,1747647682517
counter/4/0/0/0,20540:1747647667616:,1747647682517
counter/6/0/0/0,22898:1747647669772:,1747647682517
counter/10/0/0/0,21119:1747647665674:,1747647682517
counter/7/0/0/0,22195:1747647667456:,1747647682517
counter/5/0/0/0,23467:1747647668609:,1747647682517
counter/2/0/0/0,26671:1747647671507:,1747647682517
counter/9/0/0/0,26981:1747647670457:,1747647682517
counter/1/0/0/0,21892:1747647668108:,1747647682517
counter/6/0/0/0,22899:1747647669772:,1747647682517
counter/10/0/0/0,21120:1747647665674:,1747647682517
counter/7/0/0/0,22196:1747647667456:,1747647682517
counter/5/0/0/0,23468:1747647668609:,1747647682517
counter/2/0/0/0,26672:1747647671507:,1747647682517
counter/6/0/0/0,22900:1747647669772:,1747647682517
counter/10/0/0/0,21121:1747647665674:,1747647682517
counter/7/0/0/0,22197:1747647667456:,1747647682517
counter/5/0/0/0,23469:1747647668609:,1747647682517
counter/2/0/0/0,26673:1747647671507:,1747647682517
counter/8/0/0/0,24572:1747647668694:,1747647682517
counter/6/0/0/0,22901:1747647669772:,1747647682517
counter/10/0/0/0,21122:1747647665674:,1747647682517
counter/7/0/0/0,22198:1747647667456:,1747647682518
counter/5/0/0/0,23470:1747647668609:,1747647682518
counter/2/0/0/0,26674:1747647671507:,1747647682518
counter/8/0/0/0,24573:1747647668694:,1747647682518
counter/9/0/0/0,26982:1747647670457:,1747647682518
counter/6/0/0/0,22902:1747647669772:,1747647682518
counter/10/0/0/0,21123:1747647665674:,1747647682518
counter/7/0/0/0,22199:1747647667456:,1747647682518
counter/5/0/0/0,23471:1747647668610:,1747647682518
counter/2/0/0/0,26675:1747647671507:,1747647682518
counter/8/0/0/0,24574:1747647668697:,1747647682518
counter/6/0/0/0,22903:1747647669772:,1747647682518
counter/10/0/0/0,21124:1747647665674:,1747647682518
counter/7/0/0/0,22200:1747647667457:,1747647682518
counter/5/0/0/0,23472:1747647668610:,1747647682518
counter/2/0/0/0,26676:1747647671507:,1747647682518
counter/8/0/0/0,24575:1747647668697:,1747647682518
counter/9/0/0/0,26983:1747647670457:,1747647682518
counter/3/0/0/0,21683:1747647668084:,1747647682518
counter/6/0/0/0,22904:1747647669772:,1747647682518
counter/10/0/0/0,21125:1747647665674:,1747647682518
counter/7/0/0/0,22201:1747647667457:,1747647682518
counter/5/0/0/0,23473:1747647668610:,1747647682518
counter/2/0/0/0,26677:1747647671507:,1747647682518
counter/8/0/0/0,24576:1747647668698:,1747647682518
counter/3/0/0/0,21684:1747647668084:,1747647682518
counter/6/0/0/0,22905:1747647669772:,1747647682518
counter/10/0/0/0,21126:1747647665674:,1747647682518
counter/7/0/0/0,22202:1747647667457:,1747647682518
counter/5/0/0/0,23474:1747647668610:,1747647682518
counter/2/0/0/0,26678:1747647671507:,1747647682518
counter/8/0/0/0,24577:1747647668698:,1747647682518
counter/6/0/0/0,22906:1747647669773:,1747647682518
counter/10/0/0/0,21127:1747647665674:,1747647682518
counter/7/0/0/0,22203:1747647667457:,1747647682518
counter/5/0/0/0,23475:1747647668610:,1747647682518
counter/2/0/0/0,26679:1747647671507:,1747647682518
counter/8/0/0/0,24578:1747647668698:,1747647682518
counter/6/0/0/0,22907:1747647669773:,1747647682518
counter/10/0/0/0,21128:1747647665674:,1747647682518
counter/7/0/0/0,22204:1747647667457:,1747647682518
counter/5/0/0/0,23476:1747647668623:,1747647682518
counter/2/0/0/0,26680:1747647671513:,1747647682518
counter/8/0/0/0,24579:1747647668705:,1747647682519
counter/4/0/0/0,20541:1747647667616:,1747647682519
counter/6/0/0/0,22908:1747647669773:,1747647682519
counter/10/0/0/0,21129:1747647665674:,1747647682519
counter/7/0/0/0,22205:1747647667457:,1747647682519
counter/5/0/0/0,23477:1747647668623:,1747647682519
counter/2/0/0/0,26681:1747647671513:,1747647682519
counter/8/0/0/0,24580:1747647668705:,1747647682519
counter/4/0/0/0,20542:1747647667616:,1747647682519
counter/6/0/0/0,22909:1747647669773:,1747647682519
counter/10/0/0/0,21130:1747647665674:,1747647682519
counter/7/0/0/0,22206:1747647667457:,1747647682519
counter/5/0/0/0,23478:1747647668623:,1747647682519
counter/2/0/0/0,26682:1747647671517:,1747647682519
counter/8/0/0/0,24581:1747647668706:,1747647682519
counter/4/0/0/0,20543:1747647667616:,1747647682519
counter/6/0/0/0,22910:1747647669773:,1747647682519
counter/10/0/0/0,21131:1747647665674:,1747647682519
counter/7/0/0/0,22207:1747647667457:,1747647682519
counter/5/0/0/0,23479:1747647668623:,1747647682519
counter/2/0/0/0,26683:1747647671517:,1747647682519
counter/8/0/0/0,24582:1747647668706:,1747647682519
counter/4/0/0/0,20544:1747647667616:,1747647682519
counter/9/0/0/0,26984:1747647670457:,1747647682519
counter/6/0/0/0,22911:1747647669773:,1747647682519
counter/10/0/0/0,21132:1747647665674:,1747647682519
counter/7/0/0/0,22208:1747647667458:,1747647682519
counter/5/0/0/0,23480:1747647668623:,1747647682519
counter/2/0/0/0,26684:1747647671517:,1747647682519
counter/8/0/0/0,24583:1747647668706:,1747647682519
counter/4/0/0/0,20545:1747647667616:,1747647682519
counter/6/0/0/0,22912:1747647669773:,1747647682519
counter/10/0/0/0,21133:1747647665700:,1747647682519
counter/7/0/0/0,22209:1747647667458:,1747647682519
counter/5/0/0/0,23481:1747647668624:,1747647682519
counter/2/0/0/0,26685:1747647671517:,1747647682519
counter/8/0/0/0,24584:1747647668706:,1747647682519
counter/4/0/0/0,20546:1747647667616:,1747647682519
counter/3/0/0/0,21685:1747647668084:,1747647682519
counter/6/0/0/0,22913:1747647669773:,1747647682520
counter/10/0/0/0,21134:1747647665700:,1747647682520
counter/7/0/0/0,22210:1747647667458:,1747647682520
counter/5/0/0/0,23482:1747647668624:,1747647682520
counter/2/0/0/0,26686:1747647671518:,1747647682520
counter/4/0/0/0,20547:1747647667616:,1747647682520
counter/6/0/0/0,22914:1747647669773:,1747647682520
counter/10/0/0/0,21135:1747647665700:,1747647682520
counter/7/0/0/0,22211:1747647667458:,1747647682520
counter/5/0/0/0,23483:1747647668624:,1747647682520
counter/2/0/0/0,26687:1747647671518:,1747647682520
counter/4/0/0/0,20548:1747647667616:,1747647682520
counter/6/0/0/0,22915:1747647669773:,1747647682520
counter/10/0/0/0,21136:1747647665700:,1747647682520
counter/7/0/0/0,22212:1747647667458:,1747647682520
counter/5/0/0/0,23484:1747647668624:,1747647682520
counter/2/0/0/0,26688:1747647671518:,1747647682520
counter/4/0/0/0,20549:1747647667616:,1747647682520
counter/6/0/0/0,22916:1747647669773:,1747647682520
counter/10/0/0/0,21137:1747647665700:,1747647682520
counter/7/0/0/0,22213:1747647667458:,1747647682520
counter/5/0/0/0,23485:1747647668632:,1747647682520
counter/2/0/0/0,26689:1747647671518:,1747647682520
counter/4/0/0/0,20550:1747647667617:,1747647682520
counter/9/0/0/0,26985:1747647670457:,1747647682520
counter/6/0/0/0,22917:1747647669773:,1747647682520
counter/10/0/0/0,21138:1747647665700:,1747647682520
counter/7/0/0/0,22214:1747647667463:,1747647682520
counter/5/0/0/0,23486:1747647668632:,1747647682520
counter/2/0/0/0,26690:1747647671518:,1747647682520
counter/9/0/0/0,26986:1747647670457:,1747647682520
counter/6/0/0/0,22918:1747647669773:,1747647682520
counter/10/0/0/0,21139:1747647665703:,1747647682520
counter/7/0/0/0,22215:1747647667463:,1747647682520
counter/5/0/0/0,23487:1747647668632:,1747647682520
counter/2/0/0/0,26691:1747647671518:,1747647682520
counter/9/0/0/0,26987:1747647670457:,1747647682520
counter/6/0/0/0,22919:1747647669773:,1747647682520
counter/10/0/0/0,21140:1747647665703:,1747647682520
counter/7/0/0/0,22216:1747647667471:,1747647682520
counter/5/0/0/0,23488:1747647668632:,1747647682520
counter/2/0/0/0,26692:1747647671518:,1747647682520
counter/9/0/0/0,26988:1747647670457:,1747647682521
counter/6/0/0/0,22920:1747647669776:,1747647682521
counter/10/0/0/0,21141:1747647665703:,1747647682521
counter/7/0/0/0,22217:1747647667472:,1747647682521
counter/5/0/0/0,23489:1747647668632:,1747647682521
counter/2/0/0/0,26693:1747647671518:,1747647682521
counter/9/0/0/0,26989:1747647670457:,1747647682521
counter/6/0/0/0,22921:1747647669776:,1747647682521
counter/10/0/0/0,21142:1747647665703:,1747647682521
counter/7/0/0/0,22218:1747647667472:,1747647682521
counter/5/0/0/0,23490:1747647668632:,1747647682521
counter/2/0/0/0,26694:1747647671518:,1747647682521
counter/9/0/0/0,26990:1747647670457:,1747647682521
counter/8/0/0/0,24585:1747647668706:,1747647682521
counter/4/0/0/0,20551:1747647667617:,1747647682521
counter/3/0/0/0,21686:1747647668085:,1747647682521
counter/6/0/0/0,22922:1747647669776:,1747647682521
counter/10/0/0/0,21143:1747647665703:,1747647682521
counter/7/0/0/0,22219:1747647667472:,1747647682521
counter/5/0/0/0,23491:1747647668632:,1747647682521
counter/2/0/0/0,26695:1747647671518:,1747647682521
counter/9/0/0/0,26991:1747647670458:,1747647682521
counter/1/0/0/0,21893:1747647668108:,1747647682521
counter/6/0/0/0,22923:1747647669776:,1747647682521
counter/10/0/0/0,21144:1747647665703:,1747647682521
counter/7/0/0/0,22220:1747647667472:,1747647682521
counter/5/0/0/0,23492:1747647668632:,1747647682521
counter/2/0/0/0,26696:1747647671518:,1747647682521
counter/9/0/0/0,26992:1747647670458:,1747647682521
counter/6/0/0/0,22924:1747647669776:,1747647682521
counter/10/0/0/0,21145:1747647665703:,1747647682521
counter/7/0/0/0,22221:1747647667472:,1747647682521
counter/5/0/0/0,23493:1747647668632:,1747647682521
counter/2/0/0/0,26697:1747647671530:,1747647682521
counter/9/0/0/0,26993:1747647670458:,1747647682521
counter/1/0/0/0,21894:1747647668108:,1747647682521
counter/6/0/0/0,22925:1747647669776:,1747647682521
counter/10/0/0/0,21146:1747647665703:,1747647682521
counter/7/0/0/0,22222:1747647667472:,1747647682521
counter/5/0/0/0,23494:1747647668632:,1747647682522
counter/2/0/0/0,26698:1747647671530:,1747647682522
counter/9/0/0/0,26994:1747647670458:,1747647682522
counter/3/0/0/0,21687:1747647668085:,1747647682522
counter/6/0/0/0,22926:1747647669777:,1747647682522
counter/10/0/0/0,21147:1747647665722:,1747647682522
counter/7/0/0/0,22223:1747647667472:,1747647682522
counter/5/0/0/0,23495:1747647668632:,1747647682522
counter/2/0/0/0,26699:1747647671530:,1747647682522
counter/9/0/0/0,26995:1747647670458:,1747647682522
counter/6/0/0/0,22927:1747647669777:,1747647682522
counter/10/0/0/0,21148:1747647665722:,1747647682522
counter/7/0/0/0,22224:1747647667472:,1747647682522
counter/5/0/0/0,23496:1747647668632:,1747647682522
counter/2/0/0/0,26700:1747647671530:,1747647682522
counter/9/0/0/0,26996:1747647670458:,1747647682522
counter/6/0/0/0,22928:1747647669777:,1747647682522
counter/10/0/0/0,21149:1747647665722:,1747647682522
counter/7/0/0/0,22225:1747647667472:,1747647682522
counter/5/0/0/0,23497:1747647668632:,1747647682522
counter/2/0/0/0,26701:1747647671530:,1747647682522
counter/9/0/0/0,26997:1747647670458:,1747647682522
counter/6/0/0/0,22929:1747647669777:,1747647682522
counter/10/0/0/0,21150:1747647665722:,1747647682522
counter/7/0/0/0,22226:1747647667472:,1747647682522
counter/5/0/0/0,23498:1747647668632:,1747647682522
counter/2/0/0/0,26702:1747647671532:,1747647682522
counter/9/0/0/0,26998:1747647670463:,1747647682522
counter/6/0/0/0,22930:1747647669777:,1747647682522
counter/10/0/0/0,21151:1747647665722:,1747647682522
counter/7/0/0/0,22227:1747647667472:,1747647682522
counter/5/0/0/0,23499:1747647668632:,1747647682522
counter/2/0/0/0,26703:1747647671532:,1747647682522
counter/6/0/0/0,22931:1747647669777:,1747647682522
counter/10/0/0/0,21152:1747647665723:,1747647682522
counter/7/0/0/0,22228:1747647667472:,1747647682522
counter/5/0/0/0,23500:1747647668632:,1747647682522
counter/2/0/0/0,26704:1747647671532:,1747647682522
counter/6/0/0/0,22932:1747647669777:,1747647682522
counter/10/0/0/0,21153:1747647665723:,1747647682522
counter/7/0/0/0,22229:1747647667472:,1747647682522
counter/5/0/0/0,23501:1747647668647:,1747647682523
counter/2/0/0/0,26705:1747647671533:,1747647682523
counter/6/0/0/0,22933:1747647669777:,1747647682523
counter/10/0/0/0,21154:1747647665723:,1747647682523
counter/7/0/0/0,22230:1747647667472:,1747647682523
counter/5/0/0/0,23502:1747647668662:,1747647682523
counter/2/0/0/0,26706:1747647671533:,1747647682523
counter/6/0/0/0,22934:1747647669777:,1747647682523
counter/10/0/0/0,21155:1747647665723:,1747647682523
counter/7/0/0/0,22231:1747647667472:,1747647682523
counter/5/0/0/0,23503:1747647668662:,1747647682523
counter/2/0/0/0,26707:1747647671533:,1747647682523
counter/6/0/0/0,22935:1747647669777:,1747647682523
counter/10/0/0/0,21156:1747647665723:,1747647682523
counter/7/0/0/0,22232:1747647667481:,1747647682523
counter/5/0/0/0,23504:1747647668663:,1747647682523
counter/2/0/0/0,26708:1747647671533:,1747647682523
counter/6/0/0/0,22936:1747647669777:,1747647682523
counter/10/0/0/0,21157:1747647665723:,1747647682523
counter/7/0/0/0,22233:1747647667481:,1747647682523
counter/5/0/0/0,23505:1747647668663:,1747647682523
counter/2/0/0/0,26709:1747647671533:,1747647682523
counter/6/0/0/0,22937:1747647669777:,1747647682523
counter/10/0/0/0,21158:1747647665723:,1747647682523
counter/7/0/0/0,22234:1747647667481:,1747647682523
counter/5/0/0/0,23506:1747647668663:,1747647682523
counter/2/0/0/0,26710:1747647671533:,1747647682523
counter/6/0/0/0,22938:1747647669777:,1747647682523
counter/10/0/0/0,21159:1747647665723:,1747647682523
counter/7/0/0/0,22235:1747647667481:,1747647682523
counter/5/0/0/0,23507:1747647668663:,1747647682523
counter/2/0/0/0,26711:1747647671533:,1747647682523
counter/8/0/0/0,24586:1747647668706:,1747647682523
counter/1/0/0/0,21895:1747647668108:,1747647682523
counter/6/0/0/0,22939:1747647669777:,1747647682523
counter/10/0/0/0,21160:1747647665723:,1747647682523
counter/7/0/0/0,22236:1747647667488:,1747647682523
counter/5/0/0/0,23508:1747647668663:,1747647682523
counter/2/0/0/0,26712:1747647671533:,1747647682524
counter/3/0/0/0,21688:1747647668085:,1747647682524
counter/6/0/0/0,22940:1747647669777:,1747647682524
counter/10/0/0/0,21161:1747647665723:,1747647682524
counter/7/0/0/0,22237:1747647667489:,1747647682524
counter/5/0/0/0,23509:1747647668666:,1747647682524
counter/2/0/0/0,26713:1747647671533:,1747647682524
counter/6/0/0/0,22941:1747647669777:,1747647682524
counter/10/0/0/0,21162:1747647665723:,1747647682524
counter/7/0/0/0,22238:1747647667489:,1747647682524
counter/5/0/0/0,23510:1747647668666:,1747647682524
counter/2/0/0/0,26714:1747647671533:,1747647682524
counter/6/0/0/0,22942:1747647669777:,1747647682524
counter/10/0/0/0,21163:1747647665723:,1747647682524
counter/7/0/0/0,22239:1747647667490:,1747647682524
counter/5/0/0/0,23511:1747647668666:,1747647682524
counter/2/0/0/0,26715:1747647671533:,1747647682524
counter/6/0/0/0,22943:1747647669777:,1747647682524
counter/10/0/0/0,21164:1747647665723:,1747647682524
counter/7/0/0/0,22240:1747647667490:,1747647682524
counter/5/0/0/0,23512:1747647668666:,1747647682524
counter/2/0/0/0,26716:1747647671533:,1747647682524
counter/6/0/0/0,22944:1747647669777:,1747647682524
counter/10/0/0/0,21165:1747647665723:,1747647682524
counter/7/0/0/0,22241:1747647667490:,1747647682524
counter/5/0/0/0,23513:1747647668666:,1747647682524
counter/2/0/0/0,26717:1747647671533:,1747647682524
counter/3/0/0/0,21689:1747647668085:,1747647682524
counter/6/0/0/0,22945:1747647669778:,1747647682524
counter/10/0/0/0,21166:1747647665723:,1747647682524
counter/7/0/0/0,22242:1747647667490:,1747647682524
counter/5/0/0/0,23514:1747647668666:,1747647682524
counter/2/0/0/0,26718:1747647671549:,1747647682524
counter/6/0/0/0,22946:1747647669778:,1747647682524
counter/10/0/0/0,21167:1747647665723:,1747647682524
counter/7/0/0/0,22243:1747647667490:,1747647682524
counter/5/0/0/0,23515:1747647668666:,1747647682524
counter/2/0/0/0,26719:1747647671549:,1747647682525
counter/6/0/0/0,22947:1747647669778:,1747647682525
counter/10/0/0/0,21168:1747647665723:,1747647682525
counter/7/0/0/0,22244:1747647667490:,1747647682525
counter/5/0/0/0,23516:1747647668666:,1747647682525
counter/2/0/0/0,26720:1747647671550:,1747647682525
counter/6/0/0/0,22948:1747647669778:,1747647682525
counter/10/0/0/0,21169:1747647665723:,1747647682525
counter/7/0/0/0,22245:1747647667490:,1747647682525
counter/5/0/0/0,23517:1747647668666:,1747647682525
counter/2/0/0/0,26721:1747647671552:,1747647682525
counter/6/0/0/0,22949:1747647669793:,1747647682525
counter/10/0/0/0,21170:1747647665723:,1747647682525
counter/7/0/0/0,22246:1747647667490:,1747647682525
counter/5/0/0/0,23518:1747647668674:,1747647682525
counter/2/0/0/0,26722:1747647671552:,1747647682525
counter/6/0/0/0,22950:1747647669793:,1747647682525
counter/10/0/0/0,21171:1747647665723:,1747647682525
counter/7/0/0/0,22247:1747647667490:,1747647682525
counter/5/0/0/0,23519:1747647668674:,1747647682525
counter/2/0/0/0,26723:1747647671554:,1747647682525
counter/6/0/0/0,22951:1747647669793:,1747647682525
counter/10/0/0/0,21172:1747647665723:,1747647682525
counter/7/0/0/0,22248:1747647667490:,1747647682525
counter/5/0/0/0,23520:1747647668674:,1747647682525
counter/2/0/0/0,26724:1747647671555:,1747647682525
counter/6/0/0/0,22952:1747647669794:,1747647682525
counter/10/0/0/0,21173:1747647665723:,1747647682525
counter/7/0/0/0,22249:1747647667490:,1747647682525
counter/5/0/0/0,23521:1747647668674:,1747647682525
counter/2/0/0/0,26725:1747647671555:,1747647682525
counter/6/0/0/0,22953:1747647669794:,1747647682525
counter/10/0/0/0,21174:1747647665724:,1747647682525
counter/7/0/0/0,22250:1747647667490:,1747647682525
counter/5/0/0/0,23522:1747647668674:,1747647682525
counter/2/0/0/0,26726:1747647671555:,1747647682525
counter/6/0/0/0,22954:1747647669794:,1747647682525
counter/10/0/0/0,21175:1747647665724:,1747647682525
counter/7/0/0/0,22251:1747647667490:,1747647682525
counter/5/0/0/0,23523:1747647668674:,1747647682526
counter/2/0/0/0,26727:1747647671555:,1747647682526
counter/6/0/0/0,22955:1747647669794:,1747647682526
counter/10/0/0/0,21176:1747647665724:,1747647682526
counter/7/0/0/0,22252:1747647667494:,1747647682526
counter/5/0/0/0,23524:1747647668675:,1747647682526
counter/2/0/0/0,26728:1747647671555:,1747647682526
counter/6/0/0/0,22956:1747647669814:,1747647682526
counter/10/0/0/0,21177:1747647665724:,1747647682526
counter/7/0/0/0,22253:1747647667494:,1747647682526
counter/5/0/0/0,23525:1747647668700:,1747647682526
counter/2/0/0/0,26729:1747647671556:,1747647682526
counter/6/0/0/0,22957:1747647669815:,1747647682526
counter/10/0/0/0,21178:1747647665727:,1747647682526
counter/7/0/0/0,22254:1747647667494:,1747647682526
counter/5/0/0/0,23526:1747647668702:,1747647682526
counter/2/0/0/0,26730:1747647671557:,1747647682526
counter/6/0/0/0,22958:1747647669816:,1747647682526
counter/10/0/0/0,21179:1747647665728:,1747647682526
counter/7/0/0/0,22255:1747647667494:,1747647682526
counter/5/0/0/0,23527:1747647668717:,1747647682526
counter/2/0/0/0,26731:1747647671562:,1747647682526
counter/6/0/0/0,22959:1747647669816:,1747647682526
counter/10/0/0/0,21180:1747647665728:,1747647682526
counter/7/0/0/0,22256:1747647667494:,1747647682526
counter/5/0/0/0,23528:1747647668717:,1747647682526
counter/2/0/0/0,26732:1747647671562:,1747647682526
counter/8/0/0/0,24587:1747647668706:,1747647682526
counter/6/0/0/0,22960:1747647669816:,1747647682526
counter/10/0/0/0,21181:1747647665728:,1747647682526
counter/7/0/0/0,22257:1747647667494:,1747647682526
counter/5/0/0/0,23529:1747647668717:,1747647682526
counter/2/0/0/0,26733:1747647671562:,1747647682526
counter/6/0/0/0,22961:1747647669817:,1747647682526
counter/10/0/0/0,21182:1747647665728:,1747647682526
counter/7/0/0/0,22258:1747647667494:,1747647682526
counter/5/0/0/0,23530:1747647668717:,1747647682527
counter/2/0/0/0,26734:1747647671562:,1747647682527
counter/1/0/0/0,21896:1747647668108:,1747647682527
counter/6/0/0/0,22962:1747647669823:,1747647682527
counter/10/0/0/0,21183:1747647665728:,1747647682527
counter/7/0/0/0,22259:1747647667494:,1747647682527
counter/5/0/0/0,23531:1747647668717:,1747647682527
counter/2/0/0/0,26735:1747647671562:,1747647682527
counter/1/0/0/0,21897:1747647668108:,1747647682527
counter/4/0/0/0,20552:1747647667617:,1747647682527
counter/6/0/0/0,22963:1747647669823:,1747647682527
counter/10/0/0/0,21184:1747647665746:,1747647682527
counter/7/0/0/0,22260:1747647667494:,1747647682527
counter/5/0/0/0,23532:1747647668717:,1747647682527
counter/2/0/0/0,26736:1747647671562:,1747647682527
counter/1/0/0/0,21898:1747647668108:,1747647682527
counter/6/0/0/0,22964:1747647669823:,1747647682527
counter/10/0/0/0,21185:1747647665746:,1747647682527
counter/7/0/0/0,22261:1747647667494:,1747647682527
counter/5/0/0/0,23533:1747647668721:,1747647682527
counter/2/0/0/0,26737:1747647671562:,1747647682527
counter/1/0/0/0,21899:1747647668109:,1747647682527
counter/6/0/0/0,22965:1747647669823:,1747647682527
counter/10/0/0/0,21186:1747647665746:,1747647682527
counter/7/0/0/0,22262:1747647667494:,1747647682527
counter/5/0/0/0,23534:1747647668721:,1747647682527
counter/2/0/0/0,26738:1747647671562:,1747647682527
counter/1/0/0/0,21900:1747647668109:,1747647682527
counter/6/0/0/0,22966:1747647669823:,1747647682527
counter/10/0/0/0,21187:1747647665746:,1747647682527
counter/7/0/0/0,22263:1747647667494:,1747647682527
counter/5/0/0/0,23535:1747647668721:,1747647682527
counter/2/0/0/0,26739:1747647671564:,1747647682527
counter/1/0/0/0,21901:1747647668109:,1747647682527
counter/6/0/0/0,22967:1747647669823:,1747647682527
counter/10/0/0/0,21188:1747647665746:,1747647682527
counter/7/0/0/0,22264:1747647667494:,1747647682527
counter/5/0/0/0,23536:1747647668721:,1747647682527
counter/2/0/0/0,26740:1747647671564:,1747647682528
counter/3/0/0/0,21690:1747647668085:,1747647682528
counter/6/0/0/0,22968:1747647669824:,1747647682528
counter/10/0/0/0,21189:1747647665746:,1747647682528
counter/7/0/0/0,22265:1747647667494:,1747647682528
counter/5/0/0/0,23537:1747647668722:,1747647682528
counter/2/0/0/0,26741:1747647671564:,1747647682528
counter/6/0/0/0,22969:1747647669824:,1747647682528
counter/10/0/0/0,21190:1747647665746:,1747647682528
counter/7/0/0/0,22266:1747647667494:,1747647682528
counter/5/0/0/0,23538:1747647668722:,1747647682528
counter/2/0/0/0,26742:1747647671564:,1747647682528
counter/6/0/0/0,22970:1747647669824:,1747647682528
counter/10/0/0/0,21191:1747647665746:,1747647682528
counter/7/0/0/0,22267:1747647667494:,1747647682528
counter/5/0/0/0,23539:1747647668722:,1747647682528
counter/2/0/0/0,26743:1747647671564:,1747647682528
counter/6/0/0/0,22971:1747647669824:,1747647682528
counter/10/0/0/0,21192:1747647665747:,1747647682528
counter/7/0/0/0,22268:1747647667494:,1747647682528
counter/5/0/0/0,23540:1747647668722:,1747647682528
counter/2/0/0/0,26744:1747647671579:,1747647682528
counter/6/0/0/0,22972:1747647669828:,1747647682528
counter/10/0/0/0,21193:1747647665747:,1747647682528
counter/7/0/0/0,22269:1747647667494:,1747647682528
counter/5/0/0/0,23541:1747647668722:,1747647682528
counter/2/0/0/0,26745:1747647671580:,1747647682528
counter/6/0/0/0,22973:1747647669828:,1747647682528
counter/10/0/0/0,21194:1747647665747:,1747647682528
counter/7/0/0/0,22270:1747647667494:,1747647682528
counter/5/0/0/0,23542:1747647668722:,1747647682528
counter/2/0/0/0,26746:1747647671580:,1747647682528
counter/6/0/0/0,22974:1747647669828:,1747647682528
counter/10/0/0/0,21195:1747647665747:,1747647682528
counter/7/0/0/0,22271:1747647667494:,1747647682528
counter/5/0/0/0,23543:1747647668722:,1747647682528
counter/2/0/0/0,26747:1747647671580:,1747647682528
counter/6/0/0/0,22975:1747647669828:,1747647682528
counter/10/0/0/0,21196:1747647665747:,1747647682528
counter/7/0/0/0,22272:1747647667494:,1747647682528
counter/5/0/0/0,23544:1747647668722:,1747647682528
counter/2/0/0/0,26748:1747647671580:,1747647682528
counter/6/0/0/0,22976:1747647669828:,1747647682528
counter/10/0/0/0,21197:1747647665748:,1747647682529
counter/7/0/0/0,22273:1747647667494:,1747647682529
counter/5/0/0/0,23545:1747647668722:,1747647682529
counter/2/0/0/0,26749:1747647671580:,1747647682529
counter/9/0/0/0,26999:1747647670463:,1747647682529
counter/4/0/0/0,20553:1747647667617:,1747647682529
counter/6/0/0/0,22977:1747647669828:,1747647682529
counter/10/0/0/0,21198:1747647665748:,1747647682529
counter/7/0/0/0,22274:1747647667495:,1747647682529
counter/5/0/0/0,23546:1747647668722:,1747647682529
counter/2/0/0/0,26750:1747647671580:,1747647682529
counter/9/0/0/0,27000:1747647670463:,1747647682529
counter/1/0/0/0,21902:1747647668109:,1747647682529
counter/6/0/0/0,22978:1747647669828:,1747647682529
counter/10/0/0/0,21199:1747647665748:,1747647682529
counter/7/0/0/0,22275:1747647667495:,1747647682529
counter/5/0/0/0,23547:1747647668722:,1747647682529
counter/2/0/0/0,26751:1747647671580:,1747647682529
counter/6/0/0/0,22979:1747647669828:,1747647682529
counter/10/0/0/0,21200:1747647665751:,1747647682529
counter/7/0/0/0,22276:1747647667495:,1747647682529
counter/5/0/0/0,23548:1747647668725:,1747647682529
counter/2/0/0/0,26752:1747647671580:,1747647682529
counter/6/0/0/0,22980:1747647669828:,1747647682529
counter/10/0/0/0,21201:1747647665751:,1747647682529
counter/7/0/0/0,22277:1747647667502:,1747647682529
counter/5/0/0/0,23549:1747647668725:,1747647682529
counter/2/0/0/0,26753:1747647671580:,1747647682529
counter/4/0/0/0,20554:1747647667628:,1747647682529
counter/3/0/0/0,21691:1747647668085:,1747647682529
counter/6/0/0/0,22981:1747647669828:,1747647682529
counter/10/0/0/0,21202:1747647665751:,1747647682529
counter/7/0/0/0,22278:1747647667502:,1747647682529
counter/5/0/0/0,23550:1747647668725:,1747647682529
counter/2/0/0/0,26754:1747647671580:,1747647682529
counter/9/0/0/0,27001:1747647670463:,1747647682529
counter/8/0/0/0,24588:1747647668706:,1747647682529
counter/6/0/0/0,22982:1747647669828:,1747647682529
counter/10/0/0/0,21203:1747647665751:,1747647682530
counter/7/0/0/0,22279:1747647667503:,1747647682530
counter/5/0/0/0,23551:1747647668725:,1747647682530
counter/2/0/0/0,26755:1747647671580:,1747647682530
counter/9/0/0/0,27002:1747647670463:,1747647682530
counter/6/0/0/0,22983:1747647669828:,1747647682530
counter/10/0/0/0,21204:1747647665751:,1747647682530
counter/7/0/0/0,22280:1747647667503:,1747647682530
counter/5/0/0/0,23552:1747647668725:,1747647682530
counter/2/0/0/0,26756:1747647671580:,1747647682530
counter/1/0/0/0,21903:1747647668109:,1747647682530
counter/8/0/0/0,24589:1747647668706:,1747647682530
counter/6/0/0/0,22984:1747647669828:,1747647682530
counter/10/0/0/0,21205:1747647665751:,1747647682530
counter/7/0/0/0,22281:1747647667503:,1747647682530
counter/5/0/0/0,23553:1747647668725:,1747647682530
counter/2/0/0/0,26757:1747647671582:,1747647682530
counter/6/0/0/0,22985:1747647669828:,1747647682530
counter/10/0/0/0,21206:1747647665751:,1747647682530
counter/7/0/0/0,22282:1747647667503:,1747647682530
counter/5/0/0/0,23554:1747647668725:,1747647682530
counter/2/0/0/0,26758:1747647671582:,1747647682530
counter/6/0/0/0,22986:1747647669828:,1747647682530
counter/10/0/0/0,21207:1747647665751:,1747647682530
counter/7/0/0/0,22283:1747647667503:,1747647682530
counter/5/0/0/0,23555:1747647668725:,1747647682530
counter/2/0/0/0,26759:1747647671582:,1747647682530
counter/6/0/0/0,22987:1747647669828:,1747647682530
counter/10/0/0/0,21208:1747647665751:,1747647682530
counter/7/0/0/0,22284:1747647667503:,1747647682530
counter/5/0/0/0,23556:1747647668742:,1747647682530
counter/2/0/0/0,26760:1747647671590:,1747647682530
counter/6/0/0/0,22988:1747647669833:,1747647682530
counter/10/0/0/0,21209:1747647665751:,1747647682530
counter/7/0/0/0,22285:1747647667507:,1747647682530
counter/5/0/0/0,23557:1747647668742:,1747647682530
counter/2/0/0/0,26761:1747647671590:,1747647682530
counter/6/0/0/0,22989:1747647669834:,1747647682530
counter/10/0/0/0,21210:1747647665751:,1747647682530
counter/7/0/0/0,22286:1747647667507:,1747647682530
counter/5/0/0/0,23558:1747647668742:,1747647682530
counter/2/0/0/0,26762:1747647671603:,1747647682531
counter/6/0/0/0,22990:1747647669834:,1747647682531
counter/10/0/0/0,21211:1747647665751:,1747647682531
counter/7/0/0/0,22287:1747647667507:,1747647682531
counter/5/0/0/0,23559:1747647668742:,1747647682531
counter/2/0/0/0,26763:1747647671603:,1747647682531
counter/6/0/0/0,22991:1747647669834:,1747647682531
counter/10/0/0/0,21212:1747647665755:,1747647682531
counter/7/0/0/0,22288:1747647667507:,1747647682531
counter/5/0/0/0,23560:1747647668742:,1747647682531
counter/2/0/0/0,26764:1747647671603:,1747647682531
counter/6/0/0/0,22992:1747647669834:,1747647682531
counter/10/0/0/0,21213:1747647665755:,1747647682531
counter/7/0/0/0,22289:1747647667508:,1747647682531
counter/5/0/0/0,23561:1747647668742:,1747647682531
counter/2/0/0/0,26765:1747647671603:,1747647682531
counter/6/0/0/0,22993:1747647669834:,1747647682531
counter/10/0/0/0,21214:1747647665755:,1747647682531
counter/7/0/0/0,22290:1747647667508:,1747647682531
counter/5/0/0/0,23562:1747647668745:,1747647682531
counter/2/0/0/0,26766:1747647671603:,1747647682531
counter/6/0/0/0,22994:1747647669834:,1747647682531
counter/10/0/0/0,21215:1747647665755:,1747647682531
counter/7/0/0/0,22291:1747647667508:,1747647682531
counter/5/0/0/0,23563:1747647668745:,1747647682531
counter/2/0/0/0,26767:1747647671603:,1747647682531
counter/6/0/0/0,22995:1747647669834:,1747647682531
counter/10/0/0/0,21216:1747647665755:,1747647682531
counter/7/0/0/0,22292:1747647667508:,1747647682531
counter/5/0/0/0,23564:1747647668747:,1747647682531
counter/2/0/0/0,26768:1747647671606:,1747647682531
counter/6/0/0/0,22996:1747647669834:,1747647682531
counter/10/0/0/0,21217:1747647665755:,1747647682531
counter/7/0/0/0,22293:1747647667508:,1747647682531
counter/5/0/0/0,23565:1747647668747:,1747647682531
counter/2/0/0/0,26769:1747647671606:,1747647682531
counter/6/0/0/0,22997:1747647669834:,1747647682531
counter/10/0/0/0,21218:1747647665755:,1747647682532
counter/7/0/0/0,22294:1747647667509:,1747647682532
counter/5/0/0/0,23566:1747647668747:,1747647682532
counter/2/0/0/0,26770:1747647671606:,1747647682532
counter/6/0/0/0,22998:1747647669835:,1747647682532
counter/10/0/0/0,21219:1747647665755:,1747647682532
counter/7/0/0/0,22295:1747647667509:,1747647682532
counter/5/0/0/0,23567:1747647668747:,1747647682532
counter/2/0/0/0,26771:1747647671606:,1747647682532
counter/6/0/0/0,22999:1747647669835:,1747647682532
counter/10/0/0/0,21220:1747647665756:,1747647682532
counter/7/0/0/0,22296:1747647667509:,1747647682532
counter/5/0/0/0,23568:1747647668747:,1747647682532
counter/2/0/0/0,26772:1747647671606:,1747647682532
counter/6/0/0/0,23000:1747647669835:,1747647682532
counter/10/0/0/0,21221:1747647665756:,1747647682532
counter/7/0/0/0,22297:1747647667509:,1747647682532
counter/5/0/0/0,23569:1747647668747:,1747647682532
counter/2/0/0/0,26773:1747647671606:,1747647682532
counter/4/0/0/0,20555:1747647667628:,1747647682532
counter/3/0/0/0,21692:1747647668085:,1747647682532
counter/6/0/0/0,23001:1747647669835:,1747647682532
counter/10/0/0/0,21222:1747647665766:,1747647682532
counter/7/0/0/0,22298:1747647667509:,1747647682532
counter/5/0/0/0,23570:1747647668747:,1747647682532
counter/2/0/0/0,26774:1747647671606:,1747647682532
counter/9/0/0/0,27003:1747647670463:,1747647682532
counter/6/0/0/0,23002:1747647669835:,1747647682532
counter/10/0/0/0,21223:1747647665766:,1747647682532
counter/7/0/0/0,22299:1747647667509:,1747647682532
counter/5/0/0/0,23571:1747647668747:,1747647682532
counter/2/0/0/0,26775:1747647671606:,1747647682532
counter/9/0/0/0,27004:1747647670463:,1747647682532
counter/6/0/0/0,23003:1747647669835:,1747647682532
counter/10/0/0/0,21224:1747647665766:,1747647682532
counter/7/0/0/0,22300:1747647667509:,1747647682532
counter/5/0/0/0,23572:1747647668747:,1747647682532
counter/2/0/0/0,26776:1747647671606:,1747647682532
counter/9/0/0/0,27005:1747647670463:,1747647682532
counter/6/0/0/0,23004:1747647669835:,1747647682532
counter/10/0/0/0,21225:1747647665766:,1747647682532
counter/7/0/0/0,22301:1747647667521:,1747647682533
counter/5/0/0/0,23573:1747647668747:,1747647682533
counter/2/0/0/0,26777:1747647671657:,1747647682533
counter/9/0/0/0,27006:1747647670463:,1747647682533
counter/4/0/0/0,20556:1747647667628:,1747647682533
counter/3/0/0/0,21693:1747647668087:,1747647682533
counter/1/0/0/0,21904:1747647668109:,1747647682533
counter/6/0/0/0,23005:1747647669835:,1747647682533
counter/10/0/0/0,21226:1747647665766:,1747647682533
counter/7/0/0/0,22302:1747647667521:,1747647682533
counter/5/0/0/0,23574:1747647668751:,1747647682533
counter/2/0/0/0,26778:1747647671658:,1747647682533
counter/9/0/0/0,27007:1747647670463:,1747647682533
counter/6/0/0/0,23006:1747647669835:,1747647682533
counter/10/0/0/0,21227:1747647665766:,1747647682533
counter/7/0/0/0,22303:1747647667521:,1747647682533
counter/5/0/0/0,23575:1747647668751:,1747647682533
counter/2/0/0/0,26779:1747647671658:,1747647682533
counter/9/0/0/0,27008:1747647670463:,1747647682533
counter/6/0/0/0,23007:1747647669835:,1747647682533
counter/10/0/0/0,21228:1747647665767:,1747647682533
counter/7/0/0/0,22304:1747647667521:,1747647682533
counter/5/0/0/0,23576:1747647668751:,1747647682533
counter/2/0/0/0,26780:1747647671658:,1747647682533
counter/9/0/0/0,27009:1747647670476:,1747647682533
counter/6/0/0/0,23008:1747647669838:,1747647682533
counter/10/0/0/0,21229:1747647665767:,1747647682533
counter/7/0/0/0,22305:1747647667521:,1747647682533
counter/5/0/0/0,23577:1747647668751:,1747647682533
counter/2/0/0/0,26781:1747647671658:,1747647682533
counter/9/0/0/0,27010:1747647670476:,1747647682533
counter/6/0/0/0,23009:1747647669840:,1747647682533
counter/10/0/0/0,21230:1747647665767:,1747647682533
counter/7/0/0/0,22306:1747647667521:,1747647682533
counter/5/0/0/0,23578:1747647668751:,1747647682533
counter/2/0/0/0,26782:1747647671669:,1747647682533
counter/9/0/0/0,27011:1747647670476:,1747647682533
counter/6/0/0/0,23010:1747647669840:,1747647682533
counter/10/0/0/0,21231:1747647665767:,1747647682533
counter/7/0/0/0,22307:1747647667521:,1747647682533
counter/5/0/0/0,23579:1747647668751:,1747647682533
counter/2/0/0/0,26783:1747647671669:,1747647682533
counter/9/0/0/0,27012:1747647670476:,1747647682534
counter/6/0/0/0,23011:1747647669840:,1747647682534
counter/10/0/0/0,21232:1747647665767:,1747647682534
counter/7/0/0/0,22308:1747647667521:,1747647682534
counter/5/0/0/0,23580:1747647668751:,1747647682534
counter/2/0/0/0,26784:1747647671669:,1747647682534
counter/9/0/0/0,27013:1747647670476:,1747647682534
counter/6/0/0/0,23012:1747647669841:,1747647682534
counter/10/0/0/0,21233:1747647665767:,1747647682534
counter/7/0/0/0,22309:1747647667521:,1747647682534
counter/5/0/0/0,23581:1747647668751:,1747647682534
counter/2/0/0/0,26785:1747647671669:,1747647682534
counter/9/0/0/0,27014:1747647670476:,1747647682534
counter/8/0/0/0,24590:1747647668706:,1747647682534
counter/6/0/0/0,23013:1747647669841:,1747647682534
counter/10/0/0/0,21234:1747647665786:,1747647682534
counter/7/0/0/0,22310:1747647667521:,1747647682534
counter/5/0/0/0,23582:1747647668751:,1747647682534
counter/2/0/0/0,26786:1747647671669:,1747647682534
counter/9/0/0/0,27015:1747647670476:,1747647682534
counter/6/0/0/0,23014:1747647669841:,1747647682534
counter/10/0/0/0,21235:1747647665786:,1747647682534
counter/7/0/0/0,22311:1747647667521:,1747647682534
counter/5/0/0/0,23583:1747647668751:,1747647682534
counter/2/0/0/0,26787:1747647671669:,1747647682534
counter/9/0/0/0,27016:1747647670476:,1747647682534
counter/6/0/0/0,23015:1747647669842:,1747647682534
counter/10/0/0/0,21236:1747647665786:,1747647682534
counter/7/0/0/0,22312:1747647667523:,1747647682534
counter/5/0/0/0,23584:1747647668751:,1747647682534
counter/2/0/0/0,26788:1747647671669:,1747647682534
counter/9/0/0/0,27017:1747647670476:,1747647682534
counter/6/0/0/0,23016:1747647669842:,1747647682534
counter/10/0/0/0,21237:1747647665786:,1747647682534
counter/7/0/0/0,22313:1747647667523:,1747647682534
counter/5/0/0/0,23585:1747647668751:,1747647682534
counter/2/0/0/0,26789:1747647671669:,1747647682534
counter/9/0/0/0,27018:1747647670481:,1747647682534
counter/6/0/0/0,23017:1747647669842:,1747647682534
counter/10/0/0/0,21238:1747647665786:,1747647682535
counter/7/0/0/0,22314:1747647667531:,1747647682535
counter/5/0/0/0,23586:1747647668751:,1747647682535
counter/2/0/0/0,26790:1747647671669:,1747647682535
counter/9/0/0/0,27019:1747647670481:,1747647682535
counter/3/0/0/0,21694:1747647668087:,1747647682535
counter/4/0/0/0,20557:1747647667629:,1747647682535
counter/6/0/0/0,23018:1747647669842:,1747647682535
counter/10/0/0/0,21239:1747647665786:,1747647682535
counter/7/0/0/0,22315:1747647667531:,1747647682535
counter/5/0/0/0,23587:1747647668751:,1747647682535
counter/2/0/0/0,26791:1747647671669:,1747647682535
counter/9/0/0/0,27020:1747647670481:,1747647682535
counter/3/0/0/0,21695:1747647668087:,1747647682535
counter/6/0/0/0,23019:1747647669842:,1747647682535
counter/10/0/0/0,21240:1747647665786:,1747647682535
counter/7/0/0/0,22316:1747647667531:,1747647682535
counter/5/0/0/0,23588:1747647668751:,1747647682535
counter/2/0/0/0,26792:1747647671669:,1747647682535
counter/3/0/0/0,21696:1747647668087:,1747647682535
counter/1/0/0/0,21905:1747647668109:,1747647682535
counter/6/0/0/0,23020:1747647669842:,1747647682535
counter/10/0/0/0,21241:1747647665798:,1747647682535
counter/7/0/0/0,22317:1747647667531:,1747647682535
counter/5/0/0/0,23589:1747647668752:,1747647682535
counter/2/0/0/0,26793:1747647671669:,1747647682535
counter/3/0/0/0,21697:1747647668087:,1747647682535
counter/6/0/0/0,23021:1747647669842:,1747647682535
counter/10/0/0/0,21242:1747647665798:,1747647682535
counter/7/0/0/0,22318:1747647667531:,1747647682535
counter/5/0/0/0,23590:1747647668752:,1747647682535
counter/2/0/0/0,26794:1747647671669:,1747647682535
counter/3/0/0/0,21698:1747647668087:,1747647682535
counter/1/0/0/0,21906:1747647668109:,1747647682535
counter/6/0/0/0,23022:1747647669844:,1747647682535
counter/10/0/0/0,21243:1747647665798:,1747647682535
counter/7/0/0/0,22319:1747647667531:,1747647682535
counter/5/0/0/0,23591:1747647668755:,1747647682535
counter/2/0/0/0,26795:1747647671669:,1747647682535
counter/3/0/0/0,21699:1747647668087:,1747647682535
counter/6/0/0/0,23023:1747647669845:,1747647682535
counter/10/0/0/0,21244:1747647665798:,1747647682536
counter/7/0/0/0,22320:1747647667532:,1747647682536
counter/5/0/0/0,23592:1747647668755:,1747647682536
counter/2/0/0/0,26796:1747647671669:,1747647682536
counter/3/0/0/0,21700:1747647668087:,1747647682536
counter/6/0/0/0,23024:1747647669845:,1747647682536
counter/10/0/0/0,21245:1747647665798:,1747647682536
counter/7/0/0/0,22321:1747647667532:,1747647682536
counter/5/0/0/0,23593:1747647668755:,1747647682536
counter/2/0/0/0,26797:1747647671669:,1747647682536
counter/3/0/0/0,21701:1747647668087:,1747647682536
counter/6/0/0/0,23025:1747647669845:,1747647682536
counter/10/0/0/0,21246:1747647665798:,1747647682536
counter/7/0/0/0,22322:1747647667532:,1747647682536
counter/5/0/0/0,23594:1747647668755:,1747647682536
counter/2/0/0/0,26798:1747647671681:,1747647682536
counter/3/0/0/0,21702:1747647668087:,1747647682536
counter/6/0/0/0,23026:1747647669845:,1747647682536
counter/10/0/0/0,21247:1747647665798:,1747647682536
counter/7/0/0/0,22323:1747647667532:,1747647682536
counter/5/0/0/0,23595:1747647668755:,1747647682536
counter/2/0/0/0,26799:1747647671681:,1747647682536
counter/6/0/0/0,23027:1747647669845:,1747647682536
counter/10/0/0/0,21248:1747647665798:,1747647682536
counter/7/0/0/0,22324:1747647667532:,1747647682536
counter/5/0/0/0,23596:1747647668755:,1747647682536
counter/2/0/0/0,26800:1747647671681:,1747647682536
counter/6/0/0/0,23028:1747647669845:,1747647682536
counter/10/0/0/0,21249:1747647665799:,1747647682536
counter/7/0/0/0,22325:1747647667532:,1747647682536
counter/5/0/0/0,23597:1747647668755:,1747647682536
counter/2/0/0/0,26801:1747647671681:,1747647682536
counter/6/0/0/0,23029:1747647669845:,1747647682536
counter/10/0/0/0,21250:1747647665799:,1747647682536
counter/7/0/0/0,22326:1747647667532:,1747647682536
counter/5/0/0/0,23598:1747647668755:,1747647682536
counter/2/0/0/0,26802:1747647671681:,1747647682536
counter/6/0/0/0,23030:1747647669845:,1747647682536
counter/10/0/0/0,21251:1747647665799:,1747647682537
counter/7/0/0/0,22327:1747647667532:,1747647682537
counter/5/0/0/0,23599:1747647668755:,1747647682537
counter/2/0/0/0,26803:1747647671681:,1747647682537
counter/6/0/0/0,23031:1747647669845:,1747647682537
counter/10/0/0/0,21252:1747647665803:,1747647682537
counter/7/0/0/0,22328:1747647667532:,1747647682537
counter/5/0/0/0,23600:1747647668755:,1747647682537
counter/2/0/0/0,26804:1747647671681:,1747647682537
counter/6/0/0/0,23032:1747647669845:,1747647682537
counter/10/0/0/0,21253:1747647665803:,1747647682537
counter/7/0/0/0,22329:1747647667532:,1747647682537
counter/5/0/0/0,23601:1747647668759:,1747647682537
counter/2/0/0/0,26805:1747647671681:,1747647682537
counter/6/0/0/0,23033:1747647669848:,1747647682537
counter/10/0/0/0,21254:1747647665803:,1747647682537
counter/7/0/0/0,22330:1747647667532:,1747647682537
counter/5/0/0/0,23602:1747647668759:,1747647682537
counter/2/0/0/0,26806:1747647671681:,1747647682537
counter/6/0/0/0,23034:1747647669848:,1747647682537
counter/10/0/0/0,21255:1747647665803:,1747647682537
counter/7/0/0/0,22331:1747647667532:,1747647682537
counter/5/0/0/0,23603:1747647668759:,1747647682537
counter/2/0/0/0,26807:1747647671684:,1747647682537
counter/6/0/0/0,23035:1747647669848:,1747647682537
counter/10/0/0/0,21256:1747647665803:,1747647682537
counter/7/0/0/0,22332:1747647667533:,1747647682537
counter/5/0/0/0,23604:1747647668759:,1747647682537
counter/2/0/0/0,26808:1747647671684:,1747647682537
counter/6/0/0/0,23036:1747647669848:,1747647682537
counter/10/0/0/0,21257:1747647665803:,1747647682537
counter/7/0/0/0,22333:1747647667533:,1747647682537
counter/5/0/0/0,23605:1747647668759:,1747647682537
counter/2/0/0/0,26809:1747647671684:,1747647682537
counter/6/0/0/0,23037:1747647669848:,1747647682537
counter/10/0/0/0,21258:1747647665804:,1747647682537
counter/7/0/0/0,22334:1747647667533:,1747647682537
counter/5/0/0/0,23606:1747647668759:,1747647682537
counter/2/0/0/0,26810:1747647671685:,1747647682537
counter/9/0/0/0,27021:1747647670481:,1747647682537
counter/6/0/0/0,23038:1747647669848:,1747647682537
counter/10/0/0/0,21259:1747647665804:,1747647682537
counter/7/0/0/0,22335:1747647667535:,1747647682537
counter/5/0/0/0,23607:1747647668759:,1747647682537
counter/2/0/0/0,26811:1747647671685:,1747647682538
counter/6/0/0/0,23039:1747647669848:,1747647682538
counter/10/0/0/0,21260:1747647665804:,1747647682538
counter/7/0/0/0,22336:1747647667535:,1747647682538
counter/5/0/0/0,23608:1747647668759:,1747647682538
counter/2/0/0/0,26812:1747647671685:,1747647682538
counter/6/0/0/0,23040:1747647669849:,1747647682538
counter/10/0/0/0,21261:1747647665804:,1747647682538
counter/7/0/0/0,22337:1747647667535:,1747647682538
counter/5/0/0/0,23609:1747647668759:,1747647682538
counter/2/0/0/0,26813:1747647671685:,1747647682538
counter/6/0/0/0,23041:1747647669855:,1747647682538
counter/10/0/0/0,21262:1747647665804:,1747647682538
counter/7/0/0/0,22338:1747647667535:,1747647682538
counter/5/0/0/0,23610:1747647668759:,1747647682538
counter/2/0/0/0,26814:1747647671688:,1747647682538
counter/6/0/0/0,23042:1747647669855:,1747647682538
counter/10/0/0/0,21263:1747647665804:,1747647682538
counter/7/0/0/0,22339:1747647667537:,1747647682538
counter/5/0/0/0,23611:1747647668759:,1747647682538
counter/2/0/0/0,26815:1747647671688:,1747647682538
counter/6/0/0/0,23043:1747647669855:,1747647682538
counter/10/0/0/0,21264:1747647665804:,1747647682538
counter/7/0/0/0,22340:1747647667537:,1747647682538
counter/5/0/0/0,23612:1747647668759:,1747647682538
counter/2/0/0/0,26816:1747647671701:,1747647682538
counter/6/0/0/0,23044:1747647669855:,1747647682538
counter/10/0/0/0,21265:1747647665804:,1747647682538
counter/7/0/0/0,22341:1747647667537:,1747647682538
counter/5/0/0/0,23613:1747647668761:,1747647682538
counter/2/0/0/0,26817:1747647671701:,1747647682538
counter/6/0/0/0,23045:1747647669855:,1747647682538
counter/10/0/0/0,21266:1747647665804:,1747647682538
counter/7/0/0/0,22342:1747647667537:,1747647682538
counter/5/0/0/0,23614:1747647668761:,1747647682538
counter/2/0/0/0,26818:1747647671701:,1747647682538
counter/6/0/0/0,23046:1747647669855:,1747647682538
counter/10/0/0/0,21267:1747647665804:,1747647682538
counter/7/0/0/0,22343:1747647667537:,1747647682538
counter/5/0/0/0,23615:1747647668761:,1747647682538
counter/2/0/0/0,26819:1747647671701:,1747647682538
counter/6/0/0/0,23047:1747647669855:,1747647682539
counter/10/0/0/0,21268:1747647665808:,1747647682539
counter/7/0/0/0,22344:1747647667537:,1747647682539
counter/5/0/0/0,23616:1747647668761:,1747647682539
counter/2/0/0/0,26820:1747647671707:,1747647682539
counter/6/0/0/0,23048:1747647669855:,1747647682539
counter/10/0/0/0,21269:1747647665808:,1747647682539
counter/7/0/0/0,22345:1747647667537:,1747647682539
counter/5/0/0/0,23617:1747647668761:,1747647682539
counter/2/0/0/0,26821:1747647671707:,1747647682539
counter/6/0/0/0,23049:1747647669855:,1747647682539
counter/10/0/0/0,21270:1747647665808:,1747647682539
counter/7/0/0/0,22346:1747647667537:,1747647682539
counter/5/0/0/0,23618:1747647668761:,1747647682539
counter/2/0/0/0,26822:1747647671707:,1747647682539
counter/6/0/0/0,23050:1747647669855:,1747647682539
counter/10/0/0/0,21271:1747647665808:,1747647682539
counter/7/0/0/0,22347:1747647667537:,1747647682539
counter/5/0/0/0,23619:1747647668761:,1747647682539
counter/2/0/0/0,26823:1747647671707:,1747647682539
counter/6/0/0/0,23051:1747647669855:,1747647682539
counter/10/0/0/0,21272:1747647665808:,1747647682539
counter/7/0/0/0,22348:1747647667543:,1747647682539
counter/5/0/0/0,23620:1747647668761:,1747647682539
counter/2/0/0/0,26824:1747647671707:,1747647682539
counter/6/0/0/0,23052:1747647669855:,1747647682539
counter/10/0/0/0,21273:1747647665808:,1747647682539
counter/7/0/0/0,22349:1747647667543:,1747647682539
counter/5/0/0/0,23621:1747647668761:,1747647682539
counter/2/0/0/0,26825:1747647671707:,1747647682539
counter/6/0/0/0,23053:1747647669855:,1747647682539
counter/10/0/0/0,21274:1747647665808:,1747647682539
counter/7/0/0/0,22350:1747647667543:,1747647682539
counter/5/0/0/0,23622:1747647668761:,1747647682539
counter/2/0/0/0,26826:1747647671707:,1747647682539
counter/6/0/0/0,23054:1747647669855:,1747647682539
counter/10/0/0/0,21275:1747647665808:,1747647682539
counter/7/0/0/0,22351:1747647667543:,1747647682539
counter/5/0/0/0,23623:1747647668761:,1747647682539
counter/2/0/0/0,26827:1747647671707:,1747647682539
counter/6/0/0/0,23055:1747647669855:,1747647682539
counter/10/0/0/0,21276:1747647665812:,1747647682539
counter/7/0/0/0,22352:1747647667543:,1747647682540
counter/5/0/0/0,23624:1747647668761:,1747647682540
counter/2/0/0/0,26828:1747647671707:,1747647682540
counter/6/0/0/0,23056:1747647669855:,1747647682540
counter/10/0/0/0,21277:1747647665812:,1747647682540
counter/7/0/0/0,22353:1747647667543:,1747647682540
counter/5/0/0/0,23625:1747647668762:,1747647682540
counter/2/0/0/0,26829:1747647671707:,1747647682540
counter/6/0/0/0,23057:1747647669856:,1747647682540
counter/10/0/0/0,21278:1747647665812:,1747647682540
counter/7/0/0/0,22354:1747647667543:,1747647682540
counter/5/0/0/0,23626:1747647668762:,1747647682540
counter/2/0/0/0,26830:1747647671707:,1747647682540
counter/6/0/0/0,23058:1747647669856:,1747647682540
counter/10/0/0/0,21279:1747647665812:,1747647682540
counter/7/0/0/0,22355:1747647667544:,1747647682540
counter/5/0/0/0,23627:1747647668762:,1747647682540
counter/2/0/0/0,26831:1747647671707:,1747647682540
counter/6/0/0/0,23059:1747647669856:,1747647682540
counter/10/0/0/0,21280:1747647665812:,1747647682540
counter/7/0/0/0,22356:1747647667544:,1747647682540
counter/5/0/0/0,23628:1747647668762:,1747647682540
counter/2/0/0/0,26832:1747647671707:,1747647682540
counter/6/0/0/0,23060:1747647669856:,1747647682540
counter/10/0/0/0,21281:1747647665813:,1747647682540
counter/7/0/0/0,22357:1747647667544:,1747647682540
counter/5/0/0/0,23629:1747647668762:,1747647682540
counter/2/0/0/0,26833:1747647671707:,1747647682540
counter/6/0/0/0,23061:1747647669856:,1747647682540
counter/10/0/0/0,21282:1747647665813:,1747647682540
counter/7/0/0/0,22358:1747647667544:,1747647682540
counter/5/0/0/0,23630:1747647668762:,1747647682540
counter/2/0/0/0,26834:1747647671707:,1747647682540
counter/6/0/0/0,23062:1747647669856:,1747647682540
counter/10/0/0/0,21283:1747647665813:,1747647682540
counter/7/0/0/0,22359:1747647667544:,1747647682540
counter/5/0/0/0,23631:1747647668762:,1747647682540
counter/2/0/0/0,26835:1747647671708:,1747647682540
counter/6/0/0/0,23063:1747647669856:,1747647682540
counter/10/0/0/0,21284:1747647665813:,1747647682540
counter/7/0/0/0,22360:1747647667544:,1747647682540
counter/5/0/0/0,23632:1747647668762:,1747647682540
counter/2/0/0/0,26836:1747647671708:,1747647682541
counter/6/0/0/0,23064:1747647669856:,1747647682541
counter/10/0/0/0,21285:1747647665813:,1747647682541
counter/7/0/0/0,22361:1747647667544:,1747647682541
counter/5/0/0/0,23633:1747647668762:,1747647682541
counter/2/0/0/0,26837:1747647671729:,1747647682541
counter/6/0/0/0,23065:1747647669856:,1747647682541
counter/10/0/0/0,21286:1747647665813:,1747647682541
counter/7/0/0/0,22362:1747647667549:,1747647682541
counter/5/0/0/0,23634:1747647668762:,1747647682541
counter/2/0/0/0,26838:1747647671729:,1747647682541
counter/6/0/0/0,23066:1747647669856:,1747647682541
counter/10/0/0/0,21287:1747647665813:,1747647682541
counter/7/0/0/0,22363:1747647667549:,1747647682541
counter/5/0/0/0,23635:1747647668762:,1747647682541
counter/2/0/0/0,26839:1747647671729:,1747647682541
counter/6/0/0/0,23067:1747647669856:,1747647682541
counter/10/0/0/0,21288:1747647665813:,1747647682541
counter/7/0/0/0,22364:1747647667549:,1747647682541
counter/5/0/0/0,23636:1747647668762:,1747647682541
counter/2/0/0/0,26840:1747647671729:,1747647682541
counter/6/0/0/0,23068:1747647669856:,1747647682541
counter/10/0/0/0,21289:1747647665813:,1747647682541
counter/7/0/0/0,22365:1747647667549:,1747647682541
counter/5/0/0/0,23637:1747647668762:,1747647682541
counter/2/0/0/0,26841:1747647671729:,1747647682541
counter/8/0/0/0,24591:1747647668706:,1747647682541
counter/6/0/0/0,23069:1747647669856:,1747647682541
counter/10/0/0/0,21290:1747647665817:,1747647682541
counter/7/0/0/0,22366:1747647667549:,1747647682541
counter/5/0/0/0,23638:1747647668762:,1747647682541
counter/2/0/0/0,26842:1747647671729:,1747647682541
counter/9/0/0/0,27022:1747647670481:,1747647682541
counter/6/0/0/0,23070:1747647669856:,1747647682541
counter/10/0/0/0,21291:1747647665817:,1747647682541
counter/7/0/0/0,22367:1747647667549:,1747647682541
counter/5/0/0/0,23639:1747647668762:,1747647682541
counter/2/0/0/0,26843:1747647671729:,1747647682541
counter/6/0/0/0,23071:1747647669856:,1747647682541
counter/10/0/0/0,21292:1747647665817:,1747647682542
counter/7/0/0/0,22368:1747647667549:,1747647682542
counter/5/0/0/0,23640:1747647668762:,1747647682542
counter/2/0/0/0,26844:1747647671729:,1747647682542
counter/6/0/0/0,23072:1747647669856:,1747647682542
counter/10/0/0/0,21293:1747647665817:,1747647682542
counter/7/0/0/0,22369:1747647667560:,1747647682542
counter/5/0/0/0,23641:1747647668762:,1747647682542
counter/2/0/0/0,26845:1747647671729:,1747647682542
counter/6/0/0/0,23073:1747647669859:,1747647682542
counter/10/0/0/0,21294:1747647665817:,1747647682542
counter/7/0/0/0,22370:1747647667560:,1747647682542
counter/5/0/0/0,23642:1747647668762:,1747647682542
counter/2/0/0/0,26846:1747647671729:,1747647682542
counter/1/0/0/0,21907:1747647668109:,1747647682542
counter/6/0/0/0,23074:1747647669859:,1747647682542
counter/10/0/0/0,21295:1747647665817:,1747647682542
counter/7/0/0/0,22371:1747647667560:,1747647682542
counter/5/0/0/0,23643:1747647668766:,1747647682542
counter/2/0/0/0,26847:1747647671729:,1747647682542
counter/6/0/0/0,23075:1747647669859:,1747647682542
counter/10/0/0/0,21296:1747647665817:,1747647682542
counter/7/0/0/0,22372:1747647667560:,1747647682542
counter/5/0/0/0,23644:1747647668766:,1747647682542
counter/2/0/0/0,26848:1747647671729:,1747647682542
counter/6/0/0/0,23076:1747647669859:,1747647682542
counter/10/0/0/0,21297:1747647665817:,1747647682542
counter/7/0/0/0,22373:1747647667560:,1747647682542
counter/5/0/0/0,23645:1747647668766:,1747647682542
counter/2/0/0/0,26849:1747647671729:,1747647682542
counter/6/0/0/0,23077:1747647669861:,1747647682542
counter/10/0/0/0,21298:1747647665817:,1747647682542
counter/7/0/0/0,22374:1747647667560:,1747647682542
counter/5/0/0/0,23646:1747647668766:,1747647682542
counter/2/0/0/0,26850:1747647671730:,1747647682542
counter/6/0/0/0,23078:1747647669861:,1747647682542
counter/10/0/0/0,21299:1747647665817:,1747647682542
counter/7/0/0/0,22375:1747647667560:,1747647682542
counter/5/0/0/0,23647:1747647668766:,1747647682542
counter/2/0/0/0,26851:1747647671730:,1747647682542
counter/6/0/0/0,23079:1747647669861:,1747647682542
counter/10/0/0/0,21300:1747647665817:,1747647682542
counter/7/0/0/0,22376:1747647667560:,1747647682542
counter/5/0/0/0,23648:1747647668766:,1747647682543
counter/2/0/0/0,26852:1747647671730:,1747647682543
counter/6/0/0/0,23080:1747647669863:,1747647682543
counter/10/0/0/0,21301:1747647665818:,1747647682543
counter/7/0/0/0,22377:1747647667560:,1747647682543
counter/5/0/0/0,23649:1747647668766:,1747647682543
counter/2/0/0/0,26853:1747647671730:,1747647682543
counter/6/0/0/0,23081:1747647669863:,1747647682543
counter/10/0/0/0,21302:1747647665818:,1747647682543
counter/7/0/0/0,22378:1747647667564:,1747647682543
counter/5/0/0/0,23650:1747647668766:,1747647682543
counter/2/0/0/0,26854:1747647671740:,1747647682543
counter/6/0/0/0,23082:1747647669863:,1747647682543
counter/10/0/0/0,21303:1747647665818:,1747647682543
counter/7/0/0/0,22379:1747647667564:,1747647682543
counter/5/0/0/0,23651:1747647668766:,1747647682543
counter/2/0/0/0,26855:1747647671740:,1747647682543
counter/6/0/0/0,23083:1747647669863:,1747647682543
counter/10/0/0/0,21304:1747647665818:,1747647682543
counter/7/0/0/0,22380:1747647667564:,1747647682543
counter/5/0/0/0,23652:1747647668766:,1747647682543
counter/2/0/0/0,26856:1747647671740:,1747647682543
counter/6/0/0/0,23084:1747647669863:,1747647682543
counter/10/0/0/0,21305:1747647665818:,1747647682543
counter/7/0/0/0,22381:1747647667564:,1747647682543
counter/5/0/0/0,23653:1747647668766:,1747647682543
counter/2/0/0/0,26857:1747647671740:,1747647682543
counter/6/0/0/0,23085:1747647669863:,1747647682543
counter/10/0/0/0,21306:1747647665818:,1747647682543
counter/7/0/0/0,22382:1747647667564:,1747647682543
counter/5/0/0/0,23654:1747647668767:,1747647682543
counter/2/0/0/0,26858:1747647671740:,1747647682543
counter/6/0/0/0,23086:1747647669871:,1747647682543
counter/10/0/0/0,21307:1747647665818:,1747647682543
counter/7/0/0/0,22383:1747647667564:,1747647682543
counter/5/0/0/0,23655:1747647668767:,1747647682543
counter/2/0/0/0,26859:1747647671740:,1747647682543
counter/6/0/0/0,23087:1747647669871:,1747647682543
counter/10/0/0/0,21308:1747647665818:,1747647682544
counter/7/0/0/0,22384:1747647667564:,1747647682544
counter/5/0/0/0,23656:1747647668767:,1747647682544
counter/2/0/0/0,26860:1747647671740:,1747647682544
counter/6/0/0/0,23088:1747647669871:,1747647682544
counter/10/0/0/0,21309:1747647665818:,1747647682544
counter/7/0/0/0,22385:1747647667564:,1747647682544
counter/5/0/0/0,23657:1747647668780:,1747647682544
counter/2/0/0/0,26861:1747647671740:,1747647682544
counter/6/0/0/0,23089:1747647669871:,1747647682544
counter/10/0/0/0,21310:1747647665818:,1747647682544
counter/7/0/0/0,22386:1747647667564:,1747647682544
counter/5/0/0/0,23658:1747647668780:,1747647682544
counter/2/0/0/0,26862:1747647671740:,1747647682544
counter/6/0/0/0,23090:1747647669871:,1747647682544
counter/10/0/0/0,21311:1747647665818:,1747647682544
counter/7/0/0/0,22387:1747647667564:,1747647682544
counter/5/0/0/0,23659:1747647668780:,1747647682544
counter/2/0/0/0,26863:1747647671740:,1747647682544
counter/6/0/0/0,23091:1747647669871:,1747647682544
counter/10/0/0/0,21312:1747647665819:,1747647682544
counter/7/0/0/0,22388:1747647667564:,1747647682544
counter/5/0/0/0,23660:1747647668780:,1747647682544
counter/2/0/0/0,26864:1747647671740:,1747647682544
counter/6/0/0/0,23092:1747647669871:,1747647682544
counter/10/0/0/0,21313:1747647665823:,1747647682544
counter/7/0/0/0,22389:1747647667569:,1747647682544
counter/5/0/0/0,23661:1747647668780:,1747647682544
counter/2/0/0/0,26865:1747647671740:,1747647682544
counter/6/0/0/0,23093:1747647669871:,1747647682544
counter/10/0/0/0,21314:1747647665823:,1747647682544
counter/7/0/0/0,22390:1747647667569:,1747647682544
counter/5/0/0/0,23662:1747647668781:,1747647682544
counter/2/0/0/0,26866:1747647671740:,1747647682544
counter/6/0/0/0,23094:1747647669883:,1747647682544
counter/10/0/0/0,21315:1747647665823:,1747647682544
counter/7/0/0/0,22391:1747647667569:,1747647682544
counter/5/0/0/0,23663:1747647668782:,1747647682544
counter/2/0/0/0,26867:1747647671740:,1747647682544
counter/6/0/0/0,23095:1747647669884:,1747647682544
counter/10/0/0/0,21316:1747647665823:,1747647682544
counter/7/0/0/0,22392:1747647667569:,1747647682544
counter/5/0/0/0,23664:1747647668782:,1747647682545
counter/2/0/0/0,26868:1747647671741:,1747647682545
counter/6/0/0/0,23096:1747647669884:,1747647682545
counter/10/0/0/0,21317:1747647665823:,1747647682545
counter/7/0/0/0,22393:1747647667569:,1747647682545
counter/5/0/0/0,23665:1747647668782:,1747647682545
counter/2/0/0/0,26869:1747647671741:,1747647682545
counter/6/0/0/0,23097:1747647669884:,1747647682545
counter/10/0/0/0,21318:1747647665823:,1747647682545
counter/7/0/0/0,22394:1747647667569:,1747647682545
counter/5/0/0/0,23666:1747647668782:,1747647682545
counter/2/0/0/0,26870:1747647671741:,1747647682545
counter/9/0/0/0,27023:1747647670481:,1747647682545
counter/6/0/0/0,23098:1747647669884:,1747647682545
counter/10/0/0/0,21319:1747647665823:,1747647682545
counter/7/0/0/0,22395:1747647667569:,1747647682545
counter/5/0/0/0,23667:1747647668783:,1747647682545
counter/2/0/0/0,26871:1747647671741:,1747647682545
counter/3/0/0/0,21703:1747647668087:,1747647682545
counter/4/0/0/0,20558:1747647667629:,1747647682545
counter/6/0/0/0,23099:1747647669884:,1747647682545
counter/10/0/0/0,21320:1747647665823:,1747647682545
counter/7/0/0/0,22396:1747647667569:,1747647682545
counter/5/0/0/0,23668:1747647668783:,1747647682545
counter/2/0/0/0,26872:1747647671742:,1747647682545
counter/3/0/0/0,21704:1747647668087:,1747647682545
counter/6/0/0/0,23100:1747647669889:,1747647682545
counter/10/0/0/0,21321:1747647665823:,1747647682545
counter/7/0/0/0,22397:1747647667569:,1747647682545
counter/5/0/0/0,23669:1747647668783:,1747647682545
counter/2/0/0/0,26873:1747647671742:,1747647682545
counter/3/0/0/0,21705:1747647668087:,1747647682545
counter/6/0/0/0,23101:1747647669890:,1747647682545
counter/10/0/0/0,21322:1747647665823:,1747647682545
counter/7/0/0/0,22398:1747647667569:,1747647682545
counter/5/0/0/0,23670:1747647668783:,1747647682545
counter/3/0/0/0,21706:1747647668087:,1747647682545
counter/6/0/0/0,23102:1747647669890:,1747647682545
counter/10/0/0/0,21323:1747647665823:,1747647682545
counter/7/0/0/0,22399:1747647667580:,1747647682545
counter/5/0/0/0,23671:1747647668790:,1747647682545
counter/3/0/0/0,21707:1747647668087:,1747647682545
counter/6/0/0/0,23103:1747647669890:,1747647682545
counter/10/0/0/0,21324:1747647665823:,1747647682545
counter/7/0/0/0,22400:1747647667580:,1747647682546
counter/5/0/0/0,23672:1747647668793:,1747647682546
counter/6/0/0/0,23104:1747647669890:,1747647682546
counter/10/0/0/0,21325:1747647665826:,1747647682546
counter/7/0/0/0,22401:1747647667580:,1747647682546
counter/5/0/0/0,23673:1747647668793:,1747647682546
counter/6/0/0/0,23105:1747647669890:,1747647682546
counter/10/0/0/0,21326:1747647665826:,1747647682546
counter/7/0/0/0,22402:1747647667580:,1747647682546
counter/5/0/0/0,23674:1747647668793:,1747647682546
counter/6/0/0/0,23106:1747647669890:,1747647682546
counter/10/0/0/0,21327:1747647665826:,1747647682546
counter/7/0/0/0,22403:1747647667580:,1747647682546
counter/5/0/0/0,23675:1747647668793:,1747647682546
counter/6/0/0/0,23107:1747647669890:,1747647682546
counter/10/0/0/0,21328:1747647665826:,1747647682546
counter/7/0/0/0,22404:1747647667580:,1747647682546
counter/5/0/0/0,23676:1747647668793:,1747647682546
counter/6/0/0/0,23108:1747647669890:,1747647682546
counter/10/0/0/0,21329:1747647665826:,1747647682546
counter/7/0/0/0,22405:1747647667580:,1747647682546
counter/5/0/0/0,23677:1747647668793:,1747647682546
counter/6/0/0/0,23109:1747647669890:,1747647682546
counter/10/0/0/0,21330:1747647665826:,1747647682546
counter/7/0/0/0,22406:1747647667582:,1747647682546
counter/5/0/0/0,23678:1747647668793:,1747647682546
counter/6/0/0/0,23110:1747647669890:,1747647682546
counter/10/0/0/0,21331:1747647665826:,1747647682546
counter/7/0/0/0,22407:1747647667582:,1747647682546
counter/5/0/0/0,23679:1747647668793:,1747647682546
counter/6/0/0/0,23111:1747647669890:,1747647682546
counter/10/0/0/0,21332:1747647665826:,1747647682546
counter/7/0/0/0,22408:1747647667582:,1747647682546
counter/5/0/0/0,23680:1747647668793:,1747647682546
counter/6/0/0/0,23112:1747647669890:,1747647682546
counter/10/0/0/0,21333:1747647665827:,1747647682546
counter/7/0/0/0,22409:1747647667582:,1747647682546
counter/5/0/0/0,23681:1747647668793:,1747647682546
counter/6/0/0/0,23113:1747647669890:,1747647682547
counter/10/0/0/0,21334:1747647665827:,1747647682547
counter/7/0/0/0,22410:1747647667582:,1747647682547
counter/5/0/0/0,23682:1747647668793:,1747647682547
counter/6/0/0/0,23114:1747647669890:,1747647682547
counter/10/0/0/0,21335:1747647665827:,1747647682547
counter/7/0/0/0,22411:1747647667582:,1747647682547
counter/5/0/0/0,23683:1747647668793:,1747647682547
counter/6/0/0/0,23115:1747647669890:,1747647682547
counter/10/0/0/0,21336:1747647665827:,1747647682547
counter/7/0/0/0,22412:1747647667582:,1747647682547
counter/5/0/0/0,23684:1747647668793:,1747647682547
counter/6/0/0/0,23116:1747647669898:,1747647682547
counter/10/0/0/0,21337:1747647665827:,1747647682547
counter/7/0/0/0,22413:1747647667582:,1747647682547
counter/5/0/0/0,23685:1747647668793:,1747647682547
counter/6/0/0/0,23117:1747647669898:,1747647682547
counter/10/0/0/0,21338:1747647665827:,1747647682547
counter/7/0/0/0,22414:1747647667582:,1747647682547
counter/5/0/0/0,23686:1747647668793:,1747647682547
counter/6/0/0/0,23118:1747647669898:,1747647682547
counter/10/0/0/0,21339:1747647665827:,1747647682547
counter/7/0/0/0,22415:1747647667582:,1747647682547
counter/5/0/0/0,23687:1747647668793:,1747647682547
counter/6/0/0/0,23119:1747647669898:,1747647682547
counter/10/0/0/0,21340:1747647665827:,1747647682547
counter/7/0/0/0,22416:1747647667582:,1747647682547
counter/5/0/0/0,23688:1747647668794:,1747647682547
counter/6/0/0/0,23120:1747647669898:,1747647682547
counter/10/0/0/0,21341:1747647665827:,1747647682547
counter/7/0/0/0,22417:1747647667583:,1747647682547
counter/5/0/0/0,23689:1747647668794:,1747647682547
counter/6/0/0/0,23121:1747647669898:,1747647682547
counter/10/0/0/0,21342:1747647665828:,1747647682547
counter/7/0/0/0,22418:1747647667583:,1747647682547
counter/5/0/0/0,23690:1747647668794:,1747647682547
counter/6/0/0/0,23122:1747647669898:,1747647682547
counter/10/0/0/0,21343:1747647665828:,1747647682547
counter/7/0/0/0,22419:1747647667583:,1747647682547
counter/5/0/0/0,23691:1747647668794:,1747647682547
counter/6/0/0/0,23123:1747647669898:,1747647682547
counter/10/0/0/0,21344:1747647665828:,1747647682548
counter/7/0/0/0,22420:1747647667583:,1747647682548
counter/5/0/0/0,23692:1747647668794:,1747647682548
counter/9/0/0/0,27024:1747647670481:,1747647682548
counter/6/0/0/0,23124:1747647669898:,1747647682548
counter/10/0/0/0,21345:1747647665828:,1747647682548
counter/7/0/0/0,22421:1747647667583:,1747647682548
counter/5/0/0/0,23693:1747647668794:,1747647682548
counter/9/0/0/0,27025:1747647670481:,1747647682548
counter/4/0/0/0,20559:1747647667629:,1747647682548
counter/6/0/0/0,23125:1747647669898:,1747647682548
counter/10/0/0/0,21346:1747647665828:,1747647682548
counter/7/0/0/0,22422:1747647667583:,1747647682548
counter/5/0/0/0,23694:1747647668794:,1747647682548
counter/4/0/0/0,20560:1747647667629:,1747647682548
counter/6/0/0/0,23126:1747647669898:,1747647682548
counter/10/0/0/0,21347:1747647665828:,1747647682548
counter/7/0/0/0,22423:1747647667592:,1747647682548
counter/5/0/0/0,23695:1747647668794:,1747647682548
counter/4/0/0/0,20561:1747647667629:,1747647682548
counter/6/0/0/0,23127:1747647669898:,1747647682548
counter/10/0/0/0,21348:1747647665828:,1747647682548
counter/7/0/0/0,22424:1747647667592:,1747647682548
counter/5/0/0/0,23696:1747647668794:,1747647682548
counter/4/0/0/0,20562:1747647667629:,1747647682548
counter/6/0/0/0,23128:1747647669898:,1747647682548
counter/10/0/0/0,21349:1747647665828:,1747647682548
counter/7/0/0/0,22425:1747647667592:,1747647682548
counter/5/0/0/0,23697:1747647668794:,1747647682548
counter/4/0/0/0,20563:1747647667629:,1747647682548
counter/6/0/0/0,23129:1747647669898:,1747647682548
counter/10/0/0/0,21350:1747647665828:,1747647682548
counter/7/0/0/0,22426:1747647667592:,1747647682548
counter/5/0/0/0,23698:1747647668794:,1747647682548
counter/4/0/0/0,20564:1747647667629:,1747647682548
counter/6/0/0/0,23130:1747647669898:,1747647682548
counter/10/0/0/0,21351:1747647665828:,1747647682548
counter/7/0/0/0,22427:1747647667592:,1747647682548
counter/5/0/0/0,23699:1747647668794:,1747647682548
counter/4/0/0/0,20565:1747647667629:,1747647682549
counter/6/0/0/0,23131:1747647669898:,1747647682549
counter/10/0/0/0,21352:1747647665828:,1747647682549
counter/7/0/0/0,22428:1747647667592:,1747647682549
counter/5/0/0/0,23700:1747647668794:,1747647682549
counter/4/0/0/0,20566:1747647667629:,1747647682549
counter/2/0/0/0,26874:1747647671742:,1747647682549
counter/3/0/0/0,21708:1747647668087:,1747647682549
counter/6/0/0/0,23132:1747647669900:,1747647682549
counter/10/0/0/0,21353:1747647665828:,1747647682549
counter/7/0/0/0,22429:1747647667592:,1747647682549
counter/5/0/0/0,23701:1747647668794:,1747647682549
counter/2/0/0/0,26875:1747647671742:,1747647682549
counter/6/0/0/0,23133:1747647669900:,1747647682549
counter/10/0/0/0,21354:1747647665828:,1747647682549
counter/7/0/0/0,22430:1747647667592:,1747647682549
counter/5/0/0/0,23702:1747647668794:,1747647682549
counter/6/0/0/0,23134:1747647669900:,1747647682549
counter/10/0/0/0,21355:1747647665828:,1747647682549
counter/7/0/0/0,22431:1747647667592:,1747647682549
counter/5/0/0/0,23703:1747647668794:,1747647682549
counter/6/0/0/0,23135:1747647669900:,1747647682549
counter/10/0/0/0,21356:1747647665828:,1747647682549
counter/7/0/0/0,22432:1747647667592:,1747647682549
counter/5/0/0/0,23704:1747647668794:,1747647682549
counter/6/0/0/0,23136:1747647669901:,1747647682549
counter/10/0/0/0,21357:1747647665832:,1747647682549
counter/7/0/0/0,22433:1747647667592:,1747647682549
counter/5/0/0/0,23705:1747647668794:,1747647682549
counter/6/0/0/0,23137:1747647669901:,1747647682549
counter/10/0/0/0,21358:1747647665832:,1747647682549
counter/7/0/0/0,22434:1747647667592:,1747647682549
counter/5/0/0/0,23706:1747647668794:,1747647682549
counter/6/0/0/0,23138:1747647669901:,1747647682549
counter/10/0/0/0,21359:1747647665832:,1747647682549
counter/7/0/0/0,22435:1747647667592:,1747647682549
counter/5/0/0/0,23707:1747647668794:,1747647682549
counter/6/0/0/0,23139:1747647669918:,1747647682549
counter/10/0/0/0,21360:1747647665832:,1747647682549
counter/7/0/0/0,22436:1747647667593:,1747647682549
counter/5/0/0/0,23708:1747647668794:,1747647682550
counter/6/0/0/0,23140:1747647669918:,1747647682550
counter/10/0/0/0,21361:1747647665832:,1747647682550
counter/7/0/0/0,22437:1747647667594:,1747647682550
counter/5/0/0/0,23709:1747647668794:,1747647682550
counter/6/0/0/0,23141:1747647669918:,1747647682550
counter/10/0/0/0,21362:1747647665832:,1747647682550
counter/7/0/0/0,22438:1747647667594:,1747647682550
counter/5/0/0/0,23710:1747647668794:,1747647682550
counter/6/0/0/0,23142:1747647669918:,1747647682550
counter/10/0/0/0,21363:1747647665832:,1747647682550
counter/7/0/0/0,22439:1747647667594:,1747647682550
counter/5/0/0/0,23711:1747647668794:,1747647682550
counter/6/0/0/0,23143:1747647669918:,1747647682550
counter/10/0/0/0,21364:1747647665833:,1747647682550
counter/7/0/0/0,22440:1747647667594:,1747647682550
counter/5/0/0/0,23712:1747647668794:,1747647682550
counter/6/0/0/0,23144:1747647669918:,1747647682550
counter/10/0/0/0,21365:1747647665833:,1747647682550
counter/7/0/0/0,22441:1747647667594:,1747647682550
counter/5/0/0/0,23713:1747647668794:,1747647682550
counter/6/0/0/0,23145:1747647669918:,1747647682550
counter/10/0/0/0,21366:1747647665833:,1747647682550
counter/7/0/0/0,22442:1747647667594:,1747647682550
counter/5/0/0/0,23714:1747647668794:,1747647682550
counter/6/0/0/0,23146:1747647669918:,1747647682550
counter/10/0/0/0,21367:1747647665833:,1747647682550
counter/7/0/0/0,22443:1747647667594:,1747647682550
counter/5/0/0/0,23715:1747647668794:,1747647682550
counter/6/0/0/0,23147:1747647669918:,1747647682550
counter/10/0/0/0,21368:1747647665833:,1747647682550
counter/7/0/0/0,22444:1747647667594:,1747647682550
counter/5/0/0/0,23716:1747647668794:,1747647682550
counter/6/0/0/0,23148:1747647669918:,1747647682550
counter/10/0/0/0,21369:1747647665834:,1747647682550
counter/7/0/0/0,22445:1747647667594:,1747647682550
counter/5/0/0/0,23717:1747647668794:,1747647682550
counter/6/0/0/0,23149:1747647669918:,1747647682550
counter/10/0/0/0,21370:1747647665834:,1747647682550
counter/7/0/0/0,22446:1747647667594:,1747647682550
counter/5/0/0/0,23718:1747647668794:,1747647682550
counter/6/0/0/0,23150:1747647669919:,1747647682551
counter/10/0/0/0,21371:1747647665834:,1747647682551
counter/7/0/0/0,22447:1747647667594:,1747647682551
counter/5/0/0/0,23719:1747647668794:,1747647682551
counter/6/0/0/0,23151:1747647669919:,1747647682551
counter/10/0/0/0,21372:1747647665834:,1747647682551
counter/7/0/0/0,22448:1747647667594:,1747647682551
counter/5/0/0/0,23720:1747647668797:,1747647682551
counter/6/0/0/0,23152:1747647669919:,1747647682551
counter/10/0/0/0,21373:1747647665834:,1747647682551
counter/7/0/0/0,22449:1747647667596:,1747647682551
counter/5/0/0/0,23721:1747647668797:,1747647682551
counter/6/0/0/0,23153:1747647669920:,1747647682551
counter/10/0/0/0,21374:1747647665834:,1747647682551
counter/7/0/0/0,22450:1747647667596:,1747647682551
counter/5/0/0/0,23722:1747647668797:,1747647682551
counter/6/0/0/0,23154:1747647669920:,1747647682551
counter/10/0/0/0,21375:1747647665834:,1747647682551
counter/7/0/0/0,22451:1747647667596:,1747647682551
counter/5/0/0/0,23723:1747647668797:,1747647682551
counter/6/0/0/0,23155:1747647669920:,1747647682551
counter/10/0/0/0,21376:1747647665834:,1747647682551
counter/7/0/0/0,22452:1747647667596:,1747647682551
counter/5/0/0/0,23724:1747647668797:,1747647682551
counter/6/0/0/0,23156:1747647669927:,1747647682551
counter/10/0/0/0,21377:1747647665834:,1747647682551
counter/7/0/0/0,22453:1747647667596:,1747647682551
counter/5/0/0/0,23725:1747647668797:,1747647682551
counter/8/0/0/0,24592:1747647668706:,1747647682551
counter/6/0/0/0,23157:1747647669927:,1747647682551
counter/10/0/0/0,21378:1747647665834:,1747647682551
counter/7/0/0/0,22454:1747647667596:,1747647682551
counter/5/0/0/0,23726:1747647668797:,1747647682551
counter/8/0/0/0,24593:1747647668707:,1747647682551
counter/2/0/0/0,26876:1747647671742:,1747647682551
counter/3/0/0/0,21709:1747647668088:,1747647682551
counter/4/0/0/0,20567:1747647667629:,1747647682551
counter/6/0/0/0,23158:1747647669927:,1747647682551
counter/10/0/0/0,21379:1747647665835:,1747647682552
counter/7/0/0/0,22455:1747647667608:,1747647682552
counter/5/0/0/0,23727:1747647668797:,1747647682552
counter/9/0/0/0,27026:1747647670488:,1747647682552
counter/1/0/0/0,21908:1747647668109:,1747647682552
counter/6/0/0/0,23159:1747647669928:,1747647682552
counter/10/0/0/0,21380:1747647665835:,1747647682552
counter/7/0/0/0,22456:1747647667608:,1747647682552
counter/5/0/0/0,23728:1747647668797:,1747647682552
counter/6/0/0/0,23160:1747647669928:,1747647682552
counter/10/0/0/0,21381:1747647665835:,1747647682552
counter/7/0/0/0,22457:1747647667608:,1747647682552
counter/5/0/0/0,23729:1747647668797:,1747647682552
counter/6/0/0/0,23161:1747647669928:,1747647682552
counter/10/0/0/0,21382:1747647665835:,1747647682552
counter/7/0/0/0,22458:1747647667609:,1747647682552
counter/5/0/0/0,23730:1747647668797:,1747647682552
counter/6/0/0/0,23162:1747647669928:,1747647682552
counter/10/0/0/0,21383:1747647665835:,1747647682552
counter/7/0/0/0,22459:1747647667609:,1747647682552
counter/5/0/0/0,23731:1747647668797:,1747647682552
counter/6/0/0/0,23163:1747647669928:,1747647682552
counter/10/0/0/0,21384:1747647665835:,1747647682552
counter/7/0/0/0,22460:1747647667609:,1747647682552
counter/5/0/0/0,23732:1747647668797:,1747647682552
counter/6/0/0/0,23164:1747647669928:,1747647682552
counter/10/0/0/0,21385:1747647665835:,1747647682552
counter/7/0/0/0,22461:1747647667609:,1747647682552
counter/5/0/0/0,23733:1747647668797:,1747647682552
counter/6/0/0/0,23165:1747647669928:,1747647682552
counter/10/0/0/0,21386:1747647665835:,1747647682552
counter/7/0/0/0,22462:1747647667609:,1747647682552
counter/5/0/0/0,23734:1747647668797:,1747647682552
counter/6/0/0/0,23166:1747647669928:,1747647682552
counter/10/0/0/0,21387:1747647665835:,1747647682552
counter/7/0/0/0,22463:1747647667609:,1747647682552
counter/5/0/0/0,23735:1747647668798:,1747647682552
counter/6/0/0/0,23167:1747647669928:,1747647682552
counter/10/0/0/0,21388:1747647665835:,1747647682552
counter/7/0/0/0,22464:1747647667620:,1747647682552
counter/5/0/0/0,23736:1747647668812:,1747647682552
counter/6/0/0/0,23168:1747647669928:,1747647682552
counter/10/0/0/0,21389:1747647665835:,1747647682553
counter/7/0/0/0,22465:1747647667620:,1747647682553
counter/5/0/0/0,23737:1747647668812:,1747647682553
counter/6/0/0/0,23169:1747647669928:,1747647682553
counter/10/0/0/0,21390:1747647665835:,1747647682553
counter/7/0/0/0,22466:1747647667620:,1747647682553
counter/5/0/0/0,23738:1747647668812:,1747647682553
counter/6/0/0/0,23170:1747647669932:,1747647682553
counter/10/0/0/0,21391:1747647665841:,1747647682553
counter/7/0/0/0,22467:1747647667620:,1747647682553
counter/5/0/0/0,23739:1747647668813:,1747647682553
counter/6/0/0/0,23171:1747647669932:,1747647682553
counter/10/0/0/0,21392:1747647665841:,1747647682553
counter/7/0/0/0,22468:1747647667620:,1747647682553
counter/5/0/0/0,23740:1747647668813:,1747647682553
counter/6/0/0/0,23172:1747647669932:,1747647682553
counter/10/0/0/0,21393:1747647665841:,1747647682553
counter/7/0/0/0,22469:1747647667620:,1747647682553
counter/5/0/0/0,23741:1747647668813:,1747647682553
counter/6/0/0/0,23173:1747647669944:,1747647682553
counter/10/0/0/0,21394:1747647665842:,1747647682553
counter/7/0/0/0,22470:1747647667620:,1747647682553
counter/5/0/0/0,23742:1747647668813:,1747647682553
counter/6/0/0/0,23174:1747647669944:,1747647682553
counter/10/0/0/0,21395:1747647665842:,1747647682553
counter/7/0/0/0,22471:1747647667620:,1747647682553
counter/5/0/0/0,23743:1747647668813:,1747647682553
counter/6/0/0/0,23175:1747647669944:,1747647682553
counter/10/0/0/0,21396:1747647665842:,1747647682553
counter/7/0/0/0,22472:1747647667620:,1747647682553
counter/5/0/0/0,23744:1747647668813:,1747647682553
counter/6/0/0/0,23176:1747647669951:,1747647682553
counter/10/0/0/0,21397:1747647665842:,1747647682553
counter/7/0/0/0,22473:1747647667620:,1747647682553
counter/5/0/0/0,23745:1747647668813:,1747647682553
counter/6/0/0/0,23177:1747647669951:,1747647682553
counter/10/0/0/0,21398:1747647665842:,1747647682553
counter/7/0/0/0,22474:1747647667620:,1747647682553
counter/5/0/0/0,23746:1747647668813:,1747647682554
counter/6/0/0/0,23178:1747647669951:,1747647682554
counter/10/0/0/0,21399:1747647665842:,1747647682554
counter/7/0/0/0,22475:1747647667620:,1747647682554
counter/5/0/0/0,23747:1747647668813:,1747647682554
counter/6/0/0/0,23179:1747647669951:,1747647682554
counter/10/0/0/0,21400:1747647665842:,1747647682554
counter/7/0/0/0,22476:1747647667620:,1747647682554
counter/5/0/0/0,23748:1747647668813:,1747647682554
counter/6/0/0/0,23180:1747647669951:,1747647682554
counter/10/0/0/0,21401:1747647665842:,1747647682554
counter/7/0/0/0,22477:1747647667620:,1747647682554
counter/5/0/0/0,23749:1747647668813:,1747647682554
counter/6/0/0/0,23181:1747647669951:,1747647682554
counter/10/0/0/0,21402:1747647665842:,1747647682554
counter/7/0/0/0,22478:1747647667621:,1747647682554
counter/5/0/0/0,23750:1747647668813:,1747647682554
counter/6/0/0/0,23182:1747647669951:,1747647682554
counter/10/0/0/0,21403:1747647665842:,1747647682554
counter/7/0/0/0,22479:1747647667621:,1747647682554
counter/5/0/0/0,23751:1747647668813:,1747647682554
counter/6/0/0/0,23183:1747647669951:,1747647682554
counter/10/0/0/0,21404:1747647665842:,1747647682554
counter/7/0/0/0,22480:1747647667621:,1747647682554
counter/5/0/0/0,23752:1747647668813:,1747647682554
counter/6/0/0/0,23184:1747647669951:,1747647682554
counter/10/0/0/0,21405:1747647665844:,1747647682554
counter/7/0/0/0,22481:1747647667632:,1747647682554
counter/5/0/0/0,23753:1747647668813:,1747647682554
counter/6/0/0/0,23185:1747647669951:,1747647682554
counter/10/0/0/0,21406:1747647665844:,1747647682554
counter/7/0/0/0,22482:1747647667633:,1747647682554
counter/5/0/0/0,23754:1747647668813:,1747647682554
counter/6/0/0/0,23186:1747647669951:,1747647682554
counter/10/0/0/0,21407:1747647665844:,1747647682554
counter/7/0/0/0,22483:1747647667633:,1747647682554
counter/5/0/0/0,23755:1747647668813:,1747647682554
counter/6/0/0/0,23187:1747647669951:,1747647682554
counter/10/0/0/0,21408:1747647665844:,1747647682554
counter/7/0/0/0,22484:1747647667633:,1747647682554
counter/5/0/0/0,23756:1747647668813:,1747647682554
counter/9/0/0/0,27027:1747647670488:,1747647682554
counter/6/0/0/0,23188:1747647669955:,1747647682554
counter/10/0/0/0,21409:1747647665844:,1747647682555
counter/7/0/0/0,22485:1747647667633:,1747647682555
counter/5/0/0/0,23757:1747647668813:,1747647682555
counter/1/0/0/0,21909:1747647668109:,1747647682555
counter/6/0/0/0,23189:1747647669957:,1747647682555
counter/10/0/0/0,21410:1747647665850:,1747647682555
counter/7/0/0/0,22486:1747647667633:,1747647682555
counter/5/0/0/0,23758:1747647668813:,1747647682555
counter/6/0/0/0,23190:1747647669957:,1747647682555
counter/10/0/0/0,21411:1747647665850:,1747647682555
counter/7/0/0/0,22487:1747647667633:,1747647682555
counter/5/0/0/0,23759:1747647668813:,1747647682555
counter/6/0/0/0,23191:1747647669958:,1747647682555
counter/10/0/0/0,21412:1747647665850:,1747647682555
counter/7/0/0/0,22488:1747647667633:,1747647682555
counter/5/0/0/0,23760:1747647668814:,1747647682555
counter/6/0/0/0,23192:1747647669959:,1747647682555
counter/10/0/0/0,21413:1747647665850:,1747647682555
counter/7/0/0/0,22489:1747647667633:,1747647682555
counter/5/0/0/0,23761:1747647668814:,1747647682555
counter/6/0/0/0,23193:1747647669959:,1747647682555
counter/10/0/0/0,21414:1747647665850:,1747647682555
counter/7/0/0/0,22490:1747647667633:,1747647682555
counter/5/0/0/0,23762:1747647668814:,1747647682555
counter/6/0/0/0,23194:1747647669959:,1747647682555
counter/10/0/0/0,21415:1747647665850:,1747647682555
counter/7/0/0/0,22491:1747647667633:,1747647682555
counter/5/0/0/0,23763:1747647668814:,1747647682555
counter/6/0/0/0,23195:1747647669959:,1747647682555
counter/10/0/0/0,21416:1747647665854:,1747647682555
counter/7/0/0/0,22492:1747647667633:,1747647682555
counter/5/0/0/0,23764:1747647668814:,1747647682555
counter/6/0/0/0,23196:1747647669959:,1747647682555
counter/10/0/0/0,21417:1747647665854:,1747647682555
counter/7/0/0/0,22493:1747647667633:,1747647682555
counter/5/0/0/0,23765:1747647668814:,1747647682555
counter/6/0/0/0,23197:1747647669959:,1747647682555
counter/10/0/0/0,21418:1747647665854:,1747647682555
counter/7/0/0/0,22494:1747647667633:,1747647682555
counter/5/0/0/0,23766:1747647668814:,1747647682555
counter/6/0/0/0,23198:1747647669959:,1747647682555
counter/10/0/0/0,21419:1747647665854:,1747647682556
counter/7/0/0/0,22495:1747647667633:,1747647682556
counter/5/0/0/0,23767:1747647668814:,1747647682556
counter/6/0/0/0,23199:1747647669963:,1747647682556
counter/10/0/0/0,21420:1747647665854:,1747647682556
counter/7/0/0/0,22496:1747647667633:,1747647682556
counter/5/0/0/0,23768:1747647668814:,1747647682556
counter/6/0/0/0,23200:1747647669963:,1747647682556
counter/10/0/0/0,21421:1747647665860:,1747647682556
counter/7/0/0/0,22497:1747647667633:,1747647682556
counter/5/0/0/0,23769:1747647668814:,1747647682556
counter/6/0/0/0,23201:1747647669963:,1747647682556
counter/10/0/0/0,21422:1747647665860:,1747647682556
counter/7/0/0/0,22498:1747647667633:,1747647682556
counter/5/0/0/0,23770:1747647668823:,1747647682556
counter/6/0/0/0,23202:1747647669963:,1747647682556
counter/10/0/0/0,21423:1747647665860:,1747647682556
counter/7/0/0/0,22499:1747647667633:,1747647682556
counter/5/0/0/0,23771:1747647668823:,1747647682556
counter/6/0/0/0,23203:1747647669963:,1747647682556
counter/10/0/0/0,21424:1747647665860:,1747647682556
counter/7/0/0/0,22500:1747647667633:,1747647682556
counter/5/0/0/0,23772:1747647668823:,1747647682556
counter/6/0/0/0,23204:1747647669963:,1747647682556
counter/10/0/0/0,21425:1747647665860:,1747647682556
counter/7/0/0/0,22501:1747647667634:,1747647682556
counter/5/0/0/0,23773:1747647668823:,1747647682556
counter/6/0/0/0,23205:1747647669964:,1747647682556
counter/10/0/0/0,21426:1747647665860:,1747647682556
counter/7/0/0/0,22502:1747647667634:,1747647682556
counter/5/0/0/0,23774:1747647668823:,1747647682556
counter/6/0/0/0,23206:1747647669964:,1747647682556
counter/10/0/0/0,21427:1747647665860:,1747647682556
counter/7/0/0/0,22503:1747647667634:,1747647682556
counter/5/0/0/0,23775:1747647668823:,1747647682556
counter/6/0/0/0,23207:1747647669964:,1747647682556
counter/10/0/0/0,21428:1747647665860:,1747647682556
counter/7/0/0/0,22504:1747647667634:,1747647682557
counter/5/0/0/0,23776:1747647668823:,1747647682557
counter/6/0/0/0,23208:1747647669964:,1747647682557
counter/10/0/0/0,21429:1747647665860:,1747647682557
counter/7/0/0/0,22505:1747647667634:,1747647682557
counter/5/0/0/0,23777:1747647668823:,1747647682557
counter/6/0/0/0,23209:1747647669964:,1747647682557
counter/10/0/0/0,21430:1747647665860:,1747647682557
counter/7/0/0/0,22506:1747647667634:,1747647682557
counter/5/0/0/0,23778:1747647668823:,1747647682557
counter/6/0/0/0,23210:1747647669969:,1747647682557
counter/10/0/0/0,21431:1747647665860:,1747647682557
counter/7/0/0/0,22507:1747647667635:,1747647682557
counter/5/0/0/0,23779:1747647668823:,1747647682557
counter/6/0/0/0,23211:1747647669969:,1747647682557
counter/10/0/0/0,21432:1747647665860:,1747647682557
counter/7/0/0/0,22508:1747647667635:,1747647682557
counter/5/0/0/0,23780:1747647668823:,1747647682557
counter/6/0/0/0,23212:1747647669969:,1747647682557
counter/10/0/0/0,21433:1747647665860:,1747647682557
counter/7/0/0/0,22509:1747647667635:,1747647682557
counter/5/0/0/0,23781:1747647668823:,1747647682557
counter/6/0/0/0,23213:1747647669971:,1747647682557
counter/10/0/0/0,21434:1747647665860:,1747647682557
counter/7/0/0/0,22510:1747647667640:,1747647682557
counter/5/0/0/0,23782:1747647668823:,1747647682557
counter/6/0/0/0,23214:1747647669971:,1747647682557
counter/10/0/0/0,21435:1747647665860:,1747647682557
counter/7/0/0/0,22511:1747647667640:,1747647682557
counter/5/0/0/0,23783:1747647668823:,1747647682557
counter/6/0/0/0,23215:1747647669972:,1747647682557
counter/10/0/0/0,21436:1747647665860:,1747647682557
counter/7/0/0/0,22512:1747647667640:,1747647682557
counter/5/0/0/0,23784:1747647668824:,1747647682557
counter/6/0/0/0,23216:1747647669972:,1747647682557
counter/10/0/0/0,21437:1747647665860:,1747647682557
counter/7/0/0/0,22513:1747647667646:,1747647682557
counter/5/0/0/0,23785:1747647668824:,1747647682557
counter/6/0/0/0,23217:1747647669972:,1747647682557
counter/10/0/0/0,21438:1747647665860:,1747647682558
counter/7/0/0/0,22514:1747647667646:,1747647682558
counter/5/0/0/0,23786:1747647668837:,1747647682558
counter/6/0/0/0,23218:1747647669972:,1747647682558
counter/10/0/0/0,21439:1747647665860:,1747647682558
counter/7/0/0/0,22515:1747647667646:,1747647682558
counter/5/0/0/0,23787:1747647668837:,1747647682558
counter/6/0/0/0,23219:1747647669972:,1747647682558
counter/10/0/0/0,21440:1747647665860:,1747647682558
counter/7/0/0/0,22516:1747647667646:,1747647682558
counter/5/0/0/0,23788:1747647668844:,1747647682558
counter/6/0/0/0,23220:1747647669972:,1747647682558
counter/10/0/0/0,21441:1747647665860:,1747647682558
counter/7/0/0/0,22517:1747647667646:,1747647682558
counter/5/0/0/0,23789:1747647668844:,1747647682558
counter/6/0/0/0,23221:1747647669972:,1747647682558
counter/10/0/0/0,21442:1747647665860:,1747647682558
counter/7/0/0/0,22518:1747647667646:,1747647682558
counter/5/0/0/0,23790:1747647668845:,1747647682558
counter/6/0/0/0,23222:1747647669972:,1747647682558
counter/10/0/0/0,21443:1747647665861:,1747647682558
counter/7/0/0/0,22519:1747647667646:,1747647682558
counter/5/0/0/0,23791:1747647668845:,1747647682558
counter/6/0/0/0,23223:1747647669972:,1747647682558
counter/10/0/0/0,21444:1747647665861:,1747647682558
counter/7/0/0/0,22520:1747647667646:,1747647682558
counter/5/0/0/0,23792:1747647668845:,1747647682558
counter/6/0/0/0,23224:1747647669972:,1747647682558
counter/10/0/0/0,21445:1747647665861:,1747647682558
counter/7/0/0/0,22521:1747647667646:,1747647682558
counter/5/0/0/0,23793:1747647668845:,1747647682558
counter/6/0/0/0,23225:1747647669974:,1747647682558
counter/10/0/0/0,21446:1747647665864:,1747647682558
counter/7/0/0/0,22522:1747647667646:,1747647682558
counter/5/0/0/0,23794:1747647668845:,1747647682558
counter/9/0/0/0,27028:1747647670488:,1747647682558
counter/6/0/0/0,23226:1747647669981:,1747647682558
counter/10/0/0/0,21447:1747647665864:,1747647682559
counter/7/0/0/0,22523:1747647667647:,1747647682559
counter/5/0/0/0,23795:1747647668845:,1747647682559
counter/6/0/0/0,23227:1747647669981:,1747647682559
counter/10/0/0/0,21448:1747647665864:,1747647682559
counter/7/0/0/0,22524:1747647667647:,1747647682559
counter/5/0/0/0,23796:1747647668845:,1747647682559
counter/6/0/0/0,23228:1747647669981:,1747647682559
counter/10/0/0/0,21449:1747647665864:,1747647682559
counter/7/0/0/0,22525:1747647667647:,1747647682559
counter/5/0/0/0,23797:1747647668845:,1747647682559
counter/6/0/0/0,23229:1747647669981:,1747647682559
counter/10/0/0/0,21450:1747647665864:,1747647682559
counter/7/0/0/0,22526:1747647667647:,1747647682559
counter/5/0/0/0,23798:1747647668845:,1747647682559
counter/2/0/0/0,26877:1747647671742:,1747647682559
counter/6/0/0/0,23230:1747647669981:,1747647682559
counter/10/0/0/0,21451:1747647665864:,1747647682559
counter/7/0/0/0,22527:1747647667648:,1747647682559
counter/5/0/0/0,23799:1747647668845:,1747647682559
counter/1/0/0/0,21910:1747647668109:,1747647682559
counter/3/0/0/0,21710:1747647668088:,1747647682559
counter/6/0/0/0,23231:1747647669981:,1747647682559
counter/10/0/0/0,21452:1747647665864:,1747647682559
counter/7/0/0/0,22528:1747647667648:,1747647682559
counter/5/0/0/0,23800:1747647668847:,1747647682559
counter/3/0/0/0,21711:1747647668088:,1747647682559
counter/6/0/0/0,23232:1747647669981:,1747647682559
counter/10/0/0/0,21453:1747647665864:,1747647682559
counter/7/0/0/0,22529:1747647667648:,1747647682559
counter/5/0/0/0,23801:1747647668847:,1747647682559
counter/3/0/0/0,21712:1747647668088:,1747647682559
counter/6/0/0/0,23233:1747647669981:,1747647682559
counter/10/0/0/0,21454:1747647665864:,1747647682559
counter/7/0/0/0,22530:1747647667648:,1747647682559
counter/5/0/0/0,23802:1747647668858:,1747647682559
counter/3/0/0/0,21713:1747647668088:,1747647682559
counter/6/0/0/0,23234:1747647669981:,1747647682559
counter/10/0/0/0,21455:1747647665864:,1747647682559
counter/7/0/0/0,22531:1747647667649:,1747647682559
counter/5/0/0/0,23803:1747647668858:,1747647682559
counter/3/0/0/0,21714:1747647668088:,1747647682560
counter/6/0/0/0,23235:1747647669981:,1747647682560
counter/10/0/0/0,21456:1747647665864:,1747647682560
counter/7/0/0/0,22532:1747647667649:,1747647682560
counter/5/0/0/0,23804:1747647668858:,1747647682560
counter/3/0/0/0,21715:1747647668088:,1747647682560
counter/6/0/0/0,23236:1747647669982:,1747647682560
counter/10/0/0/0,21457:1747647665864:,1747647682560
counter/7/0/0/0,22533:1747647667649:,1747647682560
counter/5/0/0/0,23805:1747647668858:,1747647682560
counter/3/0/0/0,21716:1747647668088:,1747647682560
counter/6/0/0/0,23237:1747647669982:,1747647682560
counter/10/0/0/0,21458:1747647665864:,1747647682560
counter/7/0/0/0,22534:1747647667649:,1747647682560
counter/5/0/0/0,23806:1747647668858:,1747647682560
counter/3/0/0/0,21717:1747647668088:,1747647682560
counter/6/0/0/0,23238:1747647669982:,1747647682560
counter/10/0/0/0,21459:1747647665864:,1747647682560
counter/7/0/0/0,22535:1747647667649:,1747647682560
counter/5/0/0/0,23807:1747647668858:,1747647682560
counter/3/0/0/0,21718:1747647668088:,1747647682560
counter/6/0/0/0,23239:1747647669982:,1747647682560
counter/10/0/0/0,21460:1747647665864:,1747647682560
counter/7/0/0/0,22536:1747647667658:,1747647682560
counter/5/0/0/0,23808:1747647668859:,1747647682560
counter/3/0/0/0,21719:1747647668088:,1747647682560
counter/6/0/0/0,23240:1747647669982:,1747647682560
counter/10/0/0/0,21461:1747647665864:,1747647682560
counter/7/0/0/0,22537:1747647667658:,1747647682560
counter/5/0/0/0,23809:1747647668859:,1747647682560
counter/3/0/0/0,21720:1747647668088:,1747647682560
counter/6/0/0/0,23241:1747647669987:,1747647682560
counter/10/0/0/0,21462:1747647665864:,1747647682560
counter/7/0/0/0,22538:1747647667658:,1747647682560
counter/5/0/0/0,23810:1747647668859:,1747647682560
counter/3/0/0/0,21721:1747647668088:,1747647682560
counter/6/0/0/0,23242:1747647670003:,1747647682560
counter/10/0/0/0,21463:1747647665864:,1747647682560
counter/7/0/0/0,22539:1747647667658:,1747647682560
counter/5/0/0/0,23811:1747647668860:,1747647682560
counter/3/0/0/0,21722:1747647668088:,1747647682560
counter/6/0/0/0,23243:1747647670004:,1747647682560
counter/10/0/0/0,21464:1747647665871:,1747647682561
counter/7/0/0/0,22540:1747647667658:,1747647682561
counter/5/0/0/0,23812:1747647668860:,1747647682561
counter/3/0/0/0,21723:1747647668088:,1747647682561
counter/6/0/0/0,23244:1747647670004:,1747647682561
counter/10/0/0/0,21465:1747647665871:,1747647682561
counter/7/0/0/0,22541:1747647667658:,1747647682561
counter/5/0/0/0,23813:1747647668860:,1747647682561
counter/3/0/0/0,21724:1747647668088:,1747647682561
counter/6/0/0/0,23245:1747647670004:,1747647682561
counter/10/0/0/0,21466:1747647665871:,1747647682561
counter/7/0/0/0,22542:1747647667658:,1747647682561
counter/5/0/0/0,23814:1747647668860:,1747647682561
counter/3/0/0/0,21725:1747647668095:,1747647682561
counter/6/0/0/0,23246:1747647670004:,1747647682561
counter/10/0/0/0,21467:1747647665871:,1747647682561
counter/7/0/0/0,22543:1747647667658:,1747647682561
counter/5/0/0/0,23815:1747647668860:,1747647682561
counter/3/0/0/0,21726:1747647668095:,1747647682561
counter/2/0/0/0,26878:1747647671742:,1747647682561
counter/6/0/0/0,23247:1747647670004:,1747647682561
counter/10/0/0/0,21468:1747647665871:,1747647682561
counter/7/0/0/0,22544:1747647667667:,1747647682561
counter/5/0/0/0,23816:1747647668860:,1747647682561
counter/3/0/0/0,21727:1747647668095:,1747647682561
counter/6/0/0/0,23248:1747647670004:,1747647682561
counter/10/0/0/0,21469:1747647665871:,1747647682561
counter/7/0/0/0,22545:1747647667667:,1747647682561
counter/5/0/0/0,23817:1747647669625:,1747647682561
counter/3/0/0/0,21728:1747647668095:,1747647682561
counter/6/0/0/0,23249:1747647670004:,1747647682561
counter/10/0/0/0,21470:1747647665871:,1747647682561
counter/7/0/0/0,22546:1747647667667:,1747647682561
counter/5/0/0/0,23818:1747647669625:,1747647682561
counter/3/0/0/0,21729:1747647668096:,1747647682561
counter/6/0/0/0,23250:1747647670008:,1747647682561
counter/10/0/0/0,21471:1747647665871:,1747647682561
counter/7/0/0/0,22547:1747647667667:,1747647682561
counter/5/0/0/0,23819:1747647669625:,1747647682562
counter/3/0/0/0,21730:1747647668096:,1747647682562
counter/6/0/0/0,23251:1747647670008:,1747647682562
counter/10/0/0/0,21472:1747647665882:,1747647682562
counter/7/0/0/0,22548:1747647667667:,1747647682562
counter/5/0/0/0,23820:1747647669625:,1747647682562
counter/3/0/0/0,21731:1747647668096:,1747647682562
counter/6/0/0/0,23252:1747647670008:,1747647682562
counter/10/0/0/0,21473:1747647665882:,1747647682562
counter/7/0/0/0,22549:1747647667667:,1747647682562
counter/5/0/0/0,23821:1747647669625:,1747647682562
counter/3/0/0/0,21732:1747647668096:,1747647682562
counter/6/0/0/0,23253:1747647670008:,1747647682562
counter/10/0/0/0,21474:1747647665883:,1747647682562
counter/7/0/0/0,22550:1747647667668:,1747647682562
counter/5/0/0/0,23822:1747647669625:,1747647682562
counter/3/0/0/0,21733:1747647668096:,1747647682562
counter/6/0/0/0,23254:1747647670008:,1747647682562
counter/10/0/0/0,21475:1747647665883:,1747647682562
counter/7/0/0/0,22551:1747647667668:,1747647682562
counter/5/0/0/0,23823:1747647669625:,1747647682562
counter/3/0/0/0,21734:1747647668096:,1747647682562
counter/6/0/0/0,23255:1747647670008:,1747647682562
counter/10/0/0/0,21476:1747647665883:,1747647682562
counter/7/0/0/0,22552:1747647667668:,1747647682562
counter/5/0/0/0,23824:1747647669626:,1747647682562
counter/3/0/0/0,21735:1747647668096:,1747647682562
counter/6/0/0/0,23256:1747647670008:,1747647682562
counter/10/0/0/0,21477:1747647665883:,1747647682562
counter/7/0/0/0,22553:1747647667670:,1747647682562
counter/5/0/0/0,23825:1747647669626:,1747647682562
counter/3/0/0/0,21736:1747647668096:,1747647682562
counter/6/0/0/0,23257:1747647670008:,1747647682562
counter/10/0/0/0,21478:1747647665883:,1747647682562
counter/7/0/0/0,22554:1747647667670:,1747647682562
counter/5/0/0/0,23826:1747647669628:,1747647682562
counter/3/0/0/0,21737:1747647668096:,1747647682562
counter/6/0/0/0,23258:1747647670008:,1747647682562
counter/10/0/0/0,21479:1747647665883:,1747647682562
counter/7/0/0/0,22555:1747647667670:,1747647682562
counter/5/0/0/0,23827:1747647669628:,1747647682563
counter/3/0/0/0,21738:1747647668096:,1747647682563
counter/1/0/0/0,21911:1747647668109:,1747647682563
counter/6/0/0/0,23259:1747647670008:,1747647682563
counter/10/0/0/0,21480:1747647665883:,1747647682563
counter/7/0/0/0,22556:1747647667670:,1747647682563
counter/5/0/0/0,23828:1747647669630:,1747647682563
counter/3/0/0/0,21739:1747647668096:,1747647682563
counter/8/0/0/0,24594:1747647668707:,1747647682563
counter/2/0/0/0,26879:1747647671743:,1747647682563
counter/6/0/0/0,23260:1747647670008:,1747647682563
counter/10/0/0/0,21481:1747647665883:,1747647682563
counter/7/0/0/0,22557:1747647667670:,1747647682563
counter/5/0/0/0,23829:1747647669631:,1747647682563
counter/3/0/0/0,21740:1747647668096:,1747647682563
counter/6/0/0/0,23261:1747647670008:,1747647682563
counter/10/0/0/0,21482:1747647665883:,1747647682563
counter/7/0/0/0,22558:1747647667670:,1747647682563
counter/5/0/0/0,23830:1747647669632:,1747647682563
counter/3/0/0/0,21741:1747647668101:,1747647682563
counter/6/0/0/0,23262:1747647670008:,1747647682563
counter/10/0/0/0,21483:1747647665883:,1747647682563
counter/7/0/0/0,22559:1747647667670:,1747647682563
counter/5/0/0/0,23831:1747647669633:,1747647682563
counter/3/0/0/0,21742:1747647668101:,1747647682563
counter/6/0/0/0,23263:1747647670008:,1747647682563
counter/10/0/0/0,21484:1747647665884:,1747647682563
counter/7/0/0/0,22560:1747647667670:,1747647682563
counter/5/0/0/0,23832:1747647669636:,1747647682563
counter/3/0/0/0,21743:1747647668101:,1747647682563
counter/6/0/0/0,23264:1747647670019:,1747647682563
counter/10/0/0/0,21485:1747647665884:,1747647682563
counter/7/0/0/0,22561:1747647667670:,1747647682563
counter/5/0/0/0,23833:1747647669637:,1747647682563
counter/3/0/0/0,21744:1747647668101:,1747647682563
counter/6/0/0/0,23265:1747647670019:,1747647682563
counter/10/0/0/0,21486:1747647665884:,1747647682564
counter/7/0/0/0,22562:1747647667670:,1747647682564
counter/5/0/0/0,23834:1747647669637:,1747647682564
counter/3/0/0/0,21745:1747647668101:,1747647682564
counter/6/0/0/0,23266:1747647670019:,1747647682564
counter/10/0/0/0,21487:1747647665884:,1747647682564
counter/7/0/0/0,22563:1747647667670:,1747647682564
counter/5/0/0/0,23835:1747647669637:,1747647682564
counter/3/0/0/0,21746:1747647668102:,1747647682564
counter/6/0/0/0,23267:1747647670019:,1747647682564
counter/10/0/0/0,21488:1747647665884:,1747647682564
counter/7/0/0/0,22564:1747647667670:,1747647682564
counter/5/0/0/0,23836:1747647669637:,1747647682564
counter/3/0/0/0,21747:1747647668102:,1747647682564
counter/6/0/0/0,23268:1747647670019:,1747647682564
counter/10/0/0/0,21489:1747647665884:,1747647682564
counter/7/0/0/0,22565:1747647667670:,1747647682564
counter/5/0/0/0,23837:1747647669638:,1747647682564
counter/3/0/0/0,21748:1747647668102:,1747647682564
counter/6/0/0/0,23269:1747647670019:,1747647682564
counter/10/0/0/0,21490:1747647665884:,1747647682564
counter/7/0/0/0,22566:1747647667670:,1747647682564
counter/5/0/0/0,23838:1747647669639:,1747647682564
counter/3/0/0/0,21749:1747647668102:,1747647682564
counter/6/0/0/0,23270:1747647670019:,1747647682564
counter/10/0/0/0,21491:1747647665884:,1747647682564
counter/7/0/0/0,22567:1747647667672:,1747647682564
counter/5/0/0/0,23839:1747647669639:,1747647682564
counter/3/0/0/0,21750:1747647668102:,1747647682564
counter/6/0/0/0,23271:1747647670019:,1747647682564
counter/10/0/0/0,21492:1747647665884:,1747647682564
counter/7/0/0/0,22568:1747647667672:,1747647682564
counter/5/0/0/0,23840:1747647669640:,1747647682564
counter/3/0/0/0,21751:1747647668102:,1747647682564
counter/6/0/0/0,23272:1747647670019:,1747647682564
counter/10/0/0/0,21493:1747647665884:,1747647682564
counter/7/0/0/0,22569:1747647667672:,1747647682564
counter/5/0/0/0,23841:1747647669640:,1747647682564
counter/3/0/0/0,21752:1747647668102:,1747647682564
counter/6/0/0/0,23273:1747647670019:,1747647682564
counter/10/0/0/0,21494:1747647665884:,1747647682564
counter/7/0/0/0,22570:1747647667672:,1747647682564
counter/5/0/0/0,23842:1747647669640:,1747647682565
counter/3/0/0/0,21753:1747647668102:,1747647682565
counter/6/0/0/0,23274:1747647670033:,1747647682565
counter/10/0/0/0,21495:1747647665884:,1747647682565
counter/7/0/0/0,22571:1747647667672:,1747647682565
counter/5/0/0/0,23843:1747647669640:,1747647682565
counter/3/0/0/0,21754:1747647668102:,1747647682565
counter/6/0/0/0,23275:1747647670033:,1747647682565
counter/10/0/0/0,21496:1747647665884:,1747647682565
counter/7/0/0/0,22572:1747647667672:,1747647682565
counter/5/0/0/0,23844:1747647669640:,1747647682565
counter/3/0/0/0,21755:1747647668102:,1747647682565
counter/4/0/0/0,20568:1747647667629:,1747647682565
counter/6/0/0/0,23276:1747647670033:,1747647682565
counter/10/0/0/0,21497:1747647665884:,1747647682565
counter/7/0/0/0,22573:1747647667672:,1747647682565
counter/5/0/0/0,23845:1747647669640:,1747647682565
counter/3/0/0/0,21756:1747647668102:,1747647682565
counter/8/0/0/0,24595:1747647668707:,1747647682565
counter/1/0/0/0,21912:1747647668109:,1747647682565
counter/2/0/0/0,26880:1747647671743:,1747647682565
counter/6/0/0/0,23277:1747647670034:,1747647682565
counter/10/0/0/0,21498:1747647665884:,1747647682565
counter/7/0/0/0,22574:1747647667672:,1747647682565
counter/5/0/0/0,23846:1747647669640:,1747647682565
counter/3/0/0/0,21757:1747647668102:,1747647682565
counter/8/0/0/0,24596:1747647668708:,1747647682565
counter/6/0/0/0,23278:1747647670034:,1747647682565
counter/10/0/0/0,21499:1747647665884:,1747647682565
counter/7/0/0/0,22575:1747647667672:,1747647682565
counter/5/0/0/0,23847:1747647669640:,1747647682565
counter/3/0/0/0,21758:1747647668106:,1747647682565
counter/6/0/0/0,23279:1747647670034:,1747647682565
counter/10/0/0/0,21500:1747647665886:,1747647682565
counter/7/0/0/0,22576:1747647667672:,1747647682565
counter/5/0/0/0,23848:1747647669640:,1747647682565
counter/3/0/0/0,21759:1747647668106:,1747647682565
counter/6/0/0/0,23280:1747647670059:,1747647682565
counter/10/0/0/0,21501:1747647665886:,1747647682565
counter/7/0/0/0,22577:1747647667672:,1747647682565
counter/5/0/0/0,23849:1747647669640:,1747647682565
counter/3/0/0/0,21760:1747647668106:,1747647682565
counter/6/0/0/0,23281:1747647670059:,1747647682566
counter/10/0/0/0,21502:1747647665886:,1747647682566
counter/7/0/0/0,22578:1747647667672:,1747647682566
counter/5/0/0/0,23850:1747647669640:,1747647682566
counter/3/0/0/0,21761:1747647668106:,1747647682566
counter/6/0/0/0,23282:1747647670059:,1747647682566
counter/10/0/0/0,21503:1747647665886:,1747647682566
counter/7/0/0/0,22579:1747647667672:,1747647682566
counter/5/0/0/0,23851:1747647669640:,1747647682566
counter/3/0/0/0,21762:1747647668106:,1747647682566
counter/6/0/0/0,23283:1747647670059:,1747647682566
counter/10/0/0/0,21504:1747647665886:,1747647682566
counter/7/0/0/0,22580:1747647667673:,1747647682566
counter/5/0/0/0,23852:1747647669640:,1747647682566
counter/3/0/0/0,21763:1747647668106:,1747647682566
counter/6/0/0/0,23284:1747647670059:,1747647682566
counter/10/0/0/0,21505:1747647665886:,1747647682566
counter/7/0/0/0,22581:1747647667673:,1747647682566
counter/5/0/0/0,23853:1747647669640:,1747647682566
counter/3/0/0/0,21764:1747647668106:,1747647682566
counter/6/0/0/0,23285:1747647670059:,1747647682566
counter/10/0/0/0,21506:1747647665886:,1747647682566
counter/7/0/0/0,22582:1747647667673:,1747647682566
counter/5/0/0/0,23854:1747647669640:,1747647682566
counter/3/0/0/0,21765:1747647668110:,1747647682566
counter/6/0/0/0,23286:1747647670059:,1747647682566
counter/10/0/0/0,21507:1747647665886:,1747647682566
counter/7/0/0/0,22583:1747647667673:,1747647682566
counter/5/0/0/0,23855:1747647669640:,1747647682566
counter/3/0/0/0,21766:1747647668110:,1747647682566
counter/6/0/0/0,23287:1747647670059:,1747647682566
counter/10/0/0/0,21508:1747647665886:,1747647682566
counter/7/0/0/0,22584:1747647667673:,1747647682566
counter/5/0/0/0,23856:1747647669640:,1747647682566
counter/3/0/0/0,21767:1747647668110:,1747647682566
counter/6/0/0/0,23288:1747647670064:,1747647682566
counter/10/0/0/0,21509:1747647665886:,1747647682566
counter/7/0/0/0,22585:1747647667673:,1747647682566
counter/5/0/0/0,23857:1747647669640:,1747647682566
counter/3/0/0/0,21768:1747647668110:,1747647682567
counter/6/0/0/0,23289:1747647670064:,1747647682567
counter/10/0/0/0,21510:1747647665886:,1747647682567
counter/7/0/0/0,22586:1747647667673:,1747647682567
counter/5/0/0/0,23858:1747647669640:,1747647682567
counter/3/0/0/0,21769:1747647668110:,1747647682567
counter/4/0/0/0,20569:1747647667629:,1747647682567
counter/6/0/0/0,23290:1747647670064:,1747647682567
counter/10/0/0/0,21511:1747647665886:,1747647682567
counter/7/0/0/0,22587:1747647667673:,1747647682567
counter/5/0/0/0,23859:1747647669640:,1747647682567
counter/3/0/0/0,21770:1747647668110:,1747647682567
counter/9/0/0/0,27029:1747647670488:,1747647682567
counter/2/0/0/0,26881:1747647671743:,1747647682567
counter/6/0/0/0,23291:1747647670064:,1747647682567
counter/10/0/0/0,21512:1747647665887:,1747647682567
counter/7/0/0/0,22588:1747647667673:,1747647682567
counter/5/0/0/0,23860:1747647669640:,1747647682567
counter/3/0/0/0,21771:1747647668110:,1747647682567
counter/6/0/0/0,23292:1747647670064:,1747647682567
counter/10/0/0/0,21513:1747647665887:,1747647682567
counter/7/0/0/0,22589:1747647667673:,1747647682567
counter/5/0/0/0,23861:1747647669640:,1747647682567
counter/3/0/0/0,21772:1747647668110:,1747647682567
counter/8/0/0/0,24597:1747647668708:,1747647682567
counter/6/0/0/0,23293:1747647670064:,1747647682567
counter/10/0/0/0,21514:1747647665887:,1747647682567
counter/7/0/0/0,22590:1747647667673:,1747647682567
counter/5/0/0/0,23862:1747647669640:,1747647682567
counter/3/0/0/0,21773:1747647668110:,1747647682567
counter/6/0/0/0,23294:1747647670065:,1747647682567
counter/10/0/0/0,21515:1747647665887:,1747647682567
counter/7/0/0/0,22591:1747647667673:,1747647682567
counter/5/0/0/0,23863:1747647669640:,1747647682567
counter/3/0/0/0,21774:1747647668110:,1747647682567
counter/6/0/0/0,23295:1747647670065:,1747647682567
counter/10/0/0/0,21516:1747647665908:,1747647682567
counter/7/0/0/0,22592:1747647667673:,1747647682567
counter/5/0/0/0,23864:1747647669641:,1747647682567
counter/3/0/0/0,21775:1747647668110:,1747647682567
counter/6/0/0/0,23296:1747647670065:,1747647682568
counter/10/0/0/0,21517:1747647665909:,1747647682568
counter/7/0/0/0,22593:1747647667673:,1747647682568
counter/5/0/0/0,23865:1747647669641:,1747647682568
counter/3/0/0/0,21776:1747647668110:,1747647682568
counter/6/0/0/0,23297:1747647670065:,1747647682568
counter/10/0/0/0,21518:1747647665909:,1747647682568
counter/7/0/0/0,22594:1747647667674:,1747647682568
counter/5/0/0/0,23866:1747647669641:,1747647682568
counter/3/0/0/0,21777:1747647668110:,1747647682568
counter/6/0/0/0,23298:1747647670065:,1747647682568
counter/10/0/0/0,21519:1747647665909:,1747647682568
counter/7/0/0/0,22595:1747647667674:,1747647682568
counter/5/0/0/0,23867:1747647669644:,1747647682568
counter/3/0/0/0,21778:1747647668110:,1747647682568
counter/6/0/0/0,23299:1747647670065:,1747647682568
counter/10/0/0/0,21520:1747647665909:,1747647682568
counter/7/0/0/0,22596:1747647667674:,1747647682568
counter/5/0/0/0,23868:1747647669644:,1747647682568
counter/3/0/0/0,21779:1747647668110:,1747647682568
counter/6/0/0/0,23300:1747647670091:,1747647682568
counter/10/0/0/0,21521:1747647665909:,1747647682568
counter/7/0/0/0,22597:1747647667674:,1747647682568
counter/5/0/0/0,23869:1747647669644:,1747647682568
counter/3/0/0/0,21780:1747647668110:,1747647682568
counter/6/0/0/0,23301:1747647670091:,1747647682568
counter/10/0/0/0,21522:1747647665909:,1747647682568
counter/7/0/0/0,22598:1747647667674:,1747647682568
counter/5/0/0/0,23870:1747647669644:,1747647682568
counter/3/0/0/0,21781:1747647668110:,1747647682568
counter/6/0/0/0,23302:1747647670091:,1747647682568
counter/10/0/0/0,21523:1747647665909:,1747647682568
counter/7/0/0/0,22599:1747647667674:,1747647682568
counter/5/0/0/0,23871:1747647669644:,1747647682568
counter/3/0/0/0,21782:1747647668110:,1747647682568
counter/6/0/0/0,23303:1747647670092:,1747647682568
counter/10/0/0/0,21524:1747647665909:,1747647682568
counter/7/0/0/0,22600:1747647667674:,1747647682568
counter/5/0/0/0,23872:1747647669644:,1747647682568
counter/3/0/0/0,21783:1747647668110:,1747647682569
counter/6/0/0/0,23304:1747647670092:,1747647682569
counter/10/0/0/0,21525:1747647665909:,1747647682569
counter/7/0/0/0,22601:1747647667674:,1747647682569
counter/5/0/0/0,23873:1747647669644:,1747647682569
counter/3/0/0/0,21784:1747647668110:,1747647682569
counter/6/0/0/0,23305:1747647670092:,1747647682569
counter/10/0/0/0,21526:1747647665909:,1747647682569
counter/7/0/0/0,22602:1747647667674:,1747647682569
counter/5/0/0/0,23874:1747647669644:,1747647682569
counter/3/0/0/0,21785:1747647668110:,1747647682569
counter/6/0/0/0,23306:1747647670092:,1747647682569
counter/10/0/0/0,21527:1747647665909:,1747647682569
counter/7/0/0/0,22603:1747647667674:,1747647682569
counter/5/0/0/0,23875:1747647669644:,1747647682569
counter/3/0/0/0,21786:1747647668111:,1747647682569
counter/6/0/0/0,23307:1747647670092:,1747647682569
counter/10/0/0/0,21528:1747647665909:,1747647682569
counter/7/0/0/0,22604:1747647667674:,1747647682569
counter/5/0/0/0,23876:1747647669644:,1747647682569
counter/3/0/0/0,21787:1747647668111:,1747647682569
counter/6/0/0/0,23308:1747647670092:,1747647682569
counter/10/0/0/0,21529:1747647665909:,1747647682569
counter/7/0/0/0,22605:1747647667675:,1747647682569
counter/5/0/0/0,23877:1747647669644:,1747647682569
counter/3/0/0/0,21788:1747647668111:,1747647682569
counter/6/0/0/0,23309:1747647670092:,1747647682569
counter/10/0/0/0,21530:1747647665909:,1747647682569
counter/7/0/0/0,22606:1747647667675:,1747647682569
counter/5/0/0/0,23878:1747647669644:,1747647682569
counter/3/0/0/0,21789:1747647668114:,1747647682569
counter/6/0/0/0,23310:1747647670092:,1747647682569
counter/10/0/0/0,21531:1747647665919:,1747647682569
counter/7/0/0/0,22607:1747647667675:,1747647682569
counter/5/0/0/0,23879:1747647669644:,1747647682569
counter/3/0/0/0,21790:1747647668114:,1747647682569
counter/6/0/0/0,23311:1747647670092:,1747647682569
counter/10/0/0/0,21532:1747647665919:,1747647682569
counter/7/0/0/0,22608:1747647667675:,1747647682569
counter/5/0/0/0,23880:1747647669644:,1747647682569
counter/3/0/0/0,21791:1747647668114:,1747647682569
counter/6/0/0/0,23312:1747647670092:,1747647682569
counter/10/0/0/0,21533:1747647665919:,1747647682570
counter/7/0/0/0,22609:1747647667675:,1747647682570
counter/5/0/0/0,23881:1747647669644:,1747647682570
counter/3/0/0/0,21792:1747647668114:,1747647682570
counter/6/0/0/0,23313:1747647670116:,1747647682570
counter/10/0/0/0,21534:1747647665919:,1747647682570
counter/7/0/0/0,22610:1747647667675:,1747647682570
counter/5/0/0/0,23882:1747647669644:,1747647682570
counter/3/0/0/0,21793:1747647668114:,1747647682570
counter/6/0/0/0,23314:1747647670116:,1747647682570
counter/10/0/0/0,21535:1747647665919:,1747647682570
counter/7/0/0/0,22611:1747647667675:,1747647682570
counter/5/0/0/0,23883:1747647669644:,1747647682570
counter/3/0/0/0,21794:1747647668114:,1747647682570
counter/6/0/0/0,23315:1747647670116:,1747647682570
counter/10/0/0/0,21536:1747647665919:,1747647682570
counter/7/0/0/0,22612:1747647667675:,1747647682570
counter/5/0/0/0,23884:1747647669644:,1747647682570
counter/3/0/0/0,21795:1747647668114:,1747647682570
counter/6/0/0/0,23316:1747647670116:,1747647682570
counter/10/0/0/0,21537:1747647665919:,1747647682570
counter/7/0/0/0,22613:1747647667675:,1747647682570
counter/5/0/0/0,23885:1747647669644:,1747647682570
counter/3/0/0/0,21796:1747647668114:,1747647682570
counter/6/0/0/0,23317:1747647670116:,1747647682570
counter/10/0/0/0,21538:1747647665919:,1747647682570
counter/7/0/0/0,22614:1747647667675:,1747647682570
counter/5/0/0/0,23886:1747647669644:,1747647682570
counter/3/0/0/0,21797:1747647668114:,1747647682570
counter/6/0/0/0,23318:1747647670116:,1747647682570
counter/10/0/0/0,21539:1747647665919:,1747647682570
counter/7/0/0/0,22615:1747647667676:,1747647682570
counter/5/0/0/0,23887:1747647669644:,1747647682570
counter/3/0/0/0,21798:1747647668114:,1747647682570
counter/6/0/0/0,23319:1747647670116:,1747647682570
counter/10/0/0/0,21540:1747647665921:,1747647682570
counter/7/0/0/0,22616:1747647667676:,1747647682570
counter/5/0/0/0,23888:1747647669644:,1747647682570
counter/3/0/0/0,21799:1747647668114:,1747647682570
counter/6/0/0/0,23320:1747647670116:,1747647682570
counter/10/0/0/0,21541:1747647665921:,1747647682570
counter/7/0/0/0,22617:1747647667676:,1747647682570
counter/5/0/0/0,23889:1747647669644:,1747647682571
counter/3/0/0/0,21800:1747647668114:,1747647682571
counter/6/0/0/0,23321:1747647670116:,1747647682571
counter/10/0/0/0,21542:1747647665921:,1747647682571
counter/7/0/0/0,22618:1747647667676:,1747647682571
counter/5/0/0/0,23890:1747647669644:,1747647682571
counter/3/0/0/0,21801:1747647668114:,1747647682571
counter/6/0/0/0,23322:1747647670125:,1747647682571
counter/10/0/0/0,21543:1747647665921:,1747647682571
counter/7/0/0/0,22619:1747647667676:,1747647682571
counter/5/0/0/0,23891:1747647669644:,1747647682571
counter/3/0/0/0,21802:1747647668114:,1747647682571
counter/6/0/0/0,23323:1747647670125:,1747647682571
counter/10/0/0/0,21544:1747647665937:,1747647682571
counter/7/0/0/0,22620:1747647667676:,1747647682571
counter/5/0/0/0,23892:1747647669644:,1747647682571
counter/3/0/0/0,21803:1747647668114:,1747647682571
counter/6/0/0/0,23324:1747647670125:,1747647682571
counter/10/0/0/0,21545:1747647665938:,1747647682571
counter/7/0/0/0,22621:1747647667676:,1747647682571
counter/5/0/0/0,23893:1747647669645:,1747647682571
counter/3/0/0/0,21804:1747647668114:,1747647682571
counter/6/0/0/0,23325:1747647670125:,1747647682571
counter/10/0/0/0,21546:1747647665938:,1747647682571
counter/7/0/0/0,22622:1747647667676:,1747647682571
counter/5/0/0/0,23894:1747647669645:,1747647682571
counter/3/0/0/0,21805:1747647668114:,1747647682571
counter/6/0/0/0,23326:1747647670125:,1747647682571
counter/10/0/0/0,21547:1747647665938:,1747647682571
counter/7/0/0/0,22623:1747647667676:,1747647682571
counter/5/0/0/0,23895:1747647669645:,1747647682571
counter/3/0/0/0,21806:1747647668114:,1747647682571
counter/6/0/0/0,23327:1747647670125:,1747647682571
counter/10/0/0/0,21548:1747647665938:,1747647682571
counter/7/0/0/0,22624:1747647667677:,1747647682571
counter/5/0/0/0,23896:1747647669645:,1747647682571
counter/6/0/0/0,23328:1747647670125:,1747647682571
counter/10/0/0/0,21549:1747647665938:,1747647682571
counter/7/0/0/0,22625:1747647667677:,1747647682571
counter/5/0/0/0,23897:1747647669645:,1747647682572
counter/6/0/0/0,23329:1747647670125:,1747647682572
counter/10/0/0/0,21550:1747647665938:,1747647682572
counter/7/0/0/0,22626:1747647667677:,1747647682572
counter/5/0/0/0,23898:1747647669645:,1747647682572
counter/6/0/0/0,23330:1747647670125:,1747647682572
counter/10/0/0/0,21551:1747647665938:,1747647682572
counter/7/0/0/0,22627:1747647667677:,1747647682572
counter/5/0/0/0,23899:1747647669645:,1747647682572
counter/6/0/0/0,23331:1747647670125:,1747647682572
counter/10/0/0/0,21552:1747647665938:,1747647682572
counter/7/0/0/0,22628:1747647667677:,1747647682572
counter/5/0/0/0,23900:1747647669645:,1747647682572
counter/6/0/0/0,23332:1747647670126:,1747647682572
counter/10/0/0/0,21553:1747647665938:,1747647682572
counter/7/0/0/0,22629:1747647667677:,1747647682572
counter/5/0/0/0,23901:1747647669645:,1747647682572
counter/6/0/0/0,23333:1747647670126:,1747647682572
counter/10/0/0/0,21554:1747647665938:,1747647682572
counter/7/0/0/0,22630:1747647667677:,1747647682572
counter/5/0/0/0,23902:1747647669646:,1747647682572
counter/6/0/0/0,23334:1747647670126:,1747647682572
counter/10/0/0/0,21555:1747647665938:,1747647682572
counter/7/0/0/0,22631:1747647667677:,1747647682572
counter/5/0/0/0,23903:1747647669646:,1747647682572
counter/6/0/0/0,23335:1747647670126:,1747647682572
counter/10/0/0/0,21556:1747647665938:,1747647682572
counter/7/0/0/0,22632:1747647667677:,1747647682572
counter/5/0/0/0,23904:1747647669646:,1747647682572
counter/6/0/0/0,23336:1747647670131:,1747647682572
counter/10/0/0/0,21557:1747647665938:,1747647682572
counter/7/0/0/0,22633:1747647667677:,1747647682572
counter/5/0/0/0,23905:1747647669646:,1747647682572
counter/6/0/0/0,23337:1747647670131:,1747647682572
counter/10/0/0/0,21558:1747647665938:,1747647682572
counter/7/0/0/0,22634:1747647667677:,1747647682572
counter/5/0/0/0,23906:1747647669646:,1747647682572
counter/6/0/0/0,23338:1747647670131:,1747647682572
counter/10/0/0/0,21559:1747647665938:,1747647682572
counter/7/0/0/0,22635:1747647667677:,1747647682572
counter/5/0/0/0,23907:1747647669646:,1747647682573
counter/6/0/0/0,23339:1747647670131:,1747647682573
counter/10/0/0/0,21560:1747647665938:,1747647682573
counter/7/0/0/0,22636:1747647667677:,1747647682573
counter/5/0/0/0,23908:1747647669646:,1747647682573
counter/6/0/0/0,23340:1747647670131:,1747647682573
counter/10/0/0/0,21561:1747647665939:,1747647682573
counter/7/0/0/0,22637:1747647667677:,1747647682573
counter/5/0/0/0,23909:1747647669646:,1747647682573
counter/6/0/0/0,23341:1747647670132:,1747647682573
counter/10/0/0/0,21562:1747647665939:,1747647682573
counter/7/0/0/0,22638:1747647667677:,1747647682573
counter/5/0/0/0,23910:1747647669646:,1747647682573
counter/6/0/0/0,23342:1747647670132:,1747647682573
counter/10/0/0/0,21563:1747647665939:,1747647682573
counter/7/0/0/0,22639:1747647667677:,1747647682573
counter/5/0/0/0,23911:1747647669646:,1747647682573
counter/6/0/0/0,23343:1747647670132:,1747647682573
counter/10/0/0/0,21564:1747647665940:,1747647682573
counter/7/0/0/0,22640:1747647667677:,1747647682573
counter/5/0/0/0,23912:1747647669646:,1747647682573
counter/6/0/0/0,23344:1747647670132:,1747647682573
counter/10/0/0/0,21565:1747647665940:,1747647682573
counter/7/0/0/0,22641:1747647667677:,1747647682573
counter/5/0/0/0,23913:1747647669646:,1747647682573
counter/2/0/0/0,26882:1747647671743:,1747647682573
counter/6/0/0/0,23345:1747647670132:,1747647682573
counter/10/0/0/0,21566:1747647665940:,1747647682573
counter/7/0/0/0,22642:1747647667677:,1747647682573
counter/5/0/0/0,23914:1747647669646:,1747647682573
counter/6/0/0/0,23346:1747647670132:,1747647682573
counter/10/0/0/0,21567:1747647665940:,1747647682573
counter/7/0/0/0,22643:1747647667677:,1747647682573
counter/5/0/0/0,23915:1747647669646:,1747647682573
counter/6/0/0/0,23347:1747647670132:,1747647682573
counter/10/0/0/0,21568:1747647665940:,1747647682573
counter/7/0/0/0,22644:1747647667677:,1747647682573
counter/5/0/0/0,23916:1747647669646:,1747647682573
counter/6/0/0/0,23348:1747647670132:,1747647682574
counter/10/0/0/0,21569:1747647665940:,1747647682574
counter/7/0/0/0,22645:1747647667677:,1747647682574
counter/5/0/0/0,23917:1747647669646:,1747647682574
counter/6/0/0/0,23349:1747647670136:,1747647682574
counter/10/0/0/0,21570:1747647665943:,1747647682574
counter/7/0/0/0,22646:1747647667677:,1747647682574
counter/5/0/0/0,23918:1747647669646:,1747647682574
counter/6/0/0/0,23350:1747647670136:,1747647682574
counter/10/0/0/0,21571:1747647665943:,1747647682574
counter/7/0/0/0,22647:1747647667677:,1747647682574
counter/5/0/0/0,23919:1747647669646:,1747647682574
counter/6/0/0/0,23351:1747647670136:,1747647682574
counter/10/0/0/0,21572:1747647665943:,1747647682574
counter/7/0/0/0,22648:1747647667677:,1747647682574
counter/5/0/0/0,23920:1747647669646:,1747647682574
counter/6/0/0/0,23352:1747647670137:,1747647682574
counter/10/0/0/0,21573:1747647665943:,1747647682574
counter/7/0/0/0,22649:1747647667677:,1747647682574
counter/5/0/0/0,23921:1747647669646:,1747647682574
counter/6/0/0/0,23353:1747647670137:,1747647682574
counter/10/0/0/0,21574:1747647665943:,1747647682574
counter/7/0/0/0,22650:1747647667678:,1747647682574
counter/5/0/0/0,23922:1747647669646:,1747647682574
counter/2/0/0/0,26883:1747647671743:,1747647682574
counter/4/0/0/0,20570:1747647667629:,1747647682574
counter/6/0/0/0,23354:1747647670137:,1747647682574
counter/10/0/0/0,21575:1747647665943:,1747647682574
counter/7/0/0/0,22651:1747647667678:,1747647682574
counter/5/0/0/0,23923:1747647669646:,1747647682574
counter/6/0/0/0,23355:1747647670137:,1747647682574
counter/10/0/0/0,21576:1747647665943:,1747647682574
counter/7/0/0/0,22652:1747647667680:,1747647682574
counter/5/0/0/0,23924:1747647669646:,1747647682574
counter/6/0/0/0,23356:1747647670137:,1747647682574
counter/10/0/0/0,21577:1747647665957:,1747647682574
counter/7/0/0/0,22653:1747647667680:,1747647682574
counter/5/0/0/0,23925:1747647669646:,1747647682574
counter/6/0/0/0,23357:1747647670137:,1747647682574
counter/10/0/0/0,21578:1747647665957:,1747647682574
counter/7/0/0/0,22654:1747647667680:,1747647682574
counter/5/0/0/0,23926:1747647669646:,1747647682575
counter/6/0/0/0,23358:1747647670137:,1747647682575
counter/10/0/0/0,21579:1747647665957:,1747647682575
counter/7/0/0/0,22655:1747647667680:,1747647682575
counter/5/0/0/0,23927:1747647669646:,1747647682575
counter/6/0/0/0,23359:1747647670137:,1747647682575
counter/10/0/0/0,21580:1747647665958:,1747647682575
counter/7/0/0/0,22656:1747647667680:,1747647682575
counter/5/0/0/0,23928:1747647669647:,1747647682575
counter/6/0/0/0,23360:1747647670143:,1747647682575
counter/10/0/0/0,21581:1747647665958:,1747647682575
counter/7/0/0/0,22657:1747647667680:,1747647682575
counter/5/0/0/0,23929:1747647669647:,1747647682575
counter/6/0/0/0,23361:1747647670143:,1747647682575
counter/10/0/0/0,21582:1747647665958:,1747647682575
counter/7/0/0/0,22658:1747647667682:,1747647682575
counter/5/0/0/0,23930:1747647669647:,1747647682575
counter/6/0/0/0,23362:1747647670143:,1747647682575
counter/10/0/0/0,21583:1747647665958:,1747647682575
counter/7/0/0/0,22659:1747647667683:,1747647682575
counter/5/0/0/0,23931:1747647669647:,1747647682575
counter/6/0/0/0,23363:1747647670143:,1747647682575
counter/10/0/0/0,21584:1747647665958:,1747647682575
counter/7/0/0/0,22660:1747647667683:,1747647682575
counter/5/0/0/0,23932:1747647669647:,1747647682575
counter/6/0/0/0,23364:1747647670143:,1747647682575
counter/10/0/0/0,21585:1747647665958:,1747647682575
counter/7/0/0/0,22661:1747647667683:,1747647682575
counter/5/0/0/0,23933:1747647669647:,1747647682575
counter/6/0/0/0,23365:1747647670143:,1747647682575
counter/10/0/0/0,21586:1747647665958:,1747647682575
counter/7/0/0/0,22662:1747647667683:,1747647682575
counter/5/0/0/0,23934:1747647669647:,1747647682575
counter/6/0/0/0,23366:1747647670143:,1747647682575
counter/10/0/0/0,21587:1747647665958:,1747647682575
counter/7/0/0/0,22663:1747647667683:,1747647682575
counter/5/0/0/0,23935:1747647669647:,1747647682575
counter/6/0/0/0,23367:1747647670148:,1747647682575
counter/10/0/0/0,21588:1747647665958:,1747647682576
counter/7/0/0/0,22664:1747647667683:,1747647682576
counter/5/0/0/0,23936:1747647669647:,1747647682576
counter/6/0/0/0,23368:1747647670148:,1747647682576
counter/10/0/0/0,21589:1747647665958:,1747647682576
counter/7/0/0/0,22665:1747647667683:,1747647682576
counter/5/0/0/0,23937:1747647669647:,1747647682576
counter/6/0/0/0,23369:1747647670148:,1747647682576
counter/10/0/0/0,21590:1747647665958:,1747647682576
counter/7/0/0/0,22666:1747647667683:,1747647682576
counter/5/0/0/0,23938:1747647669647:,1747647682576
counter/6/0/0/0,23370:1747647670148:,1747647682576
counter/10/0/0/0,21591:1747647665958:,1747647682576
counter/7/0/0/0,22667:1747647667683:,1747647682576
counter/5/0/0/0,23939:1747647669647:,1747647682576
counter/6/0/0/0,23371:1747647670180:,1747647682576
counter/10/0/0/0,21592:1747647665958:,1747647682576
counter/7/0/0/0,22668:1747647667683:,1747647682576
counter/5/0/0/0,23940:1747647669647:,1747647682576
counter/6/0/0/0,23372:1747647670190:,1747647682576
counter/10/0/0/0,21593:1747647665958:,1747647682576
counter/7/0/0/0,22669:1747647667683:,1747647682576
counter/5/0/0/0,23941:1747647669647:,1747647682576
counter/6/0/0/0,23373:1747647670190:,1747647682576
counter/10/0/0/0,21594:1747647665968:,1747647682576
counter/7/0/0/0,22670:1747647667683:,1747647682576
counter/5/0/0/0,23942:1747647669647:,1747647682576
counter/6/0/0/0,23374:1747647670190:,1747647682576
counter/10/0/0/0,21595:1747647665968:,1747647682576
counter/7/0/0/0,22671:1747647667683:,1747647682576
counter/5/0/0/0,23943:1747647669652:,1747647682576
counter/6/0/0/0,23375:1747647670190:,1747647682576
counter/10/0/0/0,21596:1747647665968:,1747647682576
counter/7/0/0/0,22672:1747647667683:,1747647682576
counter/5/0/0/0,23944:1747647669652:,1747647682576
counter/3/0/0/0,21807:1747647668114:,1747647682576
counter/9/0/0/0,27030:1747647670488:,1747647682576
counter/6/0/0/0,23376:1747647670190:,1747647682576
counter/10/0/0/0,21597:1747647665968:,1747647682577
counter/7/0/0/0,22673:1747647667683:,1747647682577
counter/5/0/0/0,23945:1747647669652:,1747647682577
counter/3/0/0/0,21808:1747647668116:,1747647682577
counter/6/0/0/0,23377:1747647670190:,1747647682577
counter/10/0/0/0,21598:1747647665969:,1747647682577
counter/7/0/0/0,22674:1747647667683:,1747647682577
counter/5/0/0/0,23946:1747647669652:,1747647682577
counter/1/0/0/0,21913:1747647668109:,1747647682577
counter/6/0/0/0,23378:1747647670190:,1747647682577
counter/10/0/0/0,21599:1747647665969:,1747647682577
counter/7/0/0/0,22675:1747647667683:,1747647682577
counter/5/0/0/0,23947:1747647669652:,1747647682577
counter/3/0/0/0,21809:1747647668116:,1747647682577
counter/9/0/0/0,27031:1747647670488:,1747647682577
counter/6/0/0/0,23379:1747647670190:,1747647682577
counter/10/0/0/0,21600:1747647665969:,1747647682577
counter/7/0/0/0,22676:1747647667683:,1747647682577
counter/5/0/0/0,23948:1747647669652:,1747647682577
counter/6/0/0/0,23380:1747647670190:,1747647682577
counter/10/0/0/0,21601:1747647665969:,1747647682577
counter/7/0/0/0,22677:1747647667691:,1747647682577
counter/5/0/0/0,23949:1747647669652:,1747647682577
counter/9/0/0/0,27032:1747647670488:,1747647682577
counter/6/0/0/0,23381:1747647670190:,1747647682577
counter/10/0/0/0,21602:1747647665969:,1747647682577
counter/7/0/0/0,22678:1747647667691:,1747647682577
counter/5/0/0/0,23950:1747647669652:,1747647682577
counter/9/0/0/0,27033:1747647670488:,1747647682577
counter/6/0/0/0,23382:1747647670190:,1747647682577
counter/10/0/0/0,21603:1747647665969:,1747647682577
counter/7/0/0/0,22679:1747647667691:,1747647682577
counter/5/0/0/0,23951:1747647669652:,1747647682577
counter/9/0/0/0,27034:1747647670489:,1747647682577
counter/6/0/0/0,23383:1747647670190:,1747647682577
counter/10/0/0/0,21604:1747647665969:,1747647682577
counter/7/0/0/0,22680:1747647667691:,1747647682577
counter/5/0/0/0,23952:1747647669652:,1747647682577
counter/9/0/0/0,27035:1747647670489:,1747647682577
counter/6/0/0/0,23384:1747647670195:,1747647682577
counter/10/0/0/0,21605:1747647665969:,1747647682577
counter/7/0/0/0,22681:1747647667691:,1747647682578
counter/5/0/0/0,23953:1747647669652:,1747647682578
counter/9/0/0/0,27036:1747647670489:,1747647682578
counter/6/0/0/0,23385:1747647670195:,1747647682578
counter/10/0/0/0,21606:1747647665971:,1747647682578
counter/7/0/0/0,22682:1747647667692:,1747647682578
counter/5/0/0/0,23954:1747647669652:,1747647682578
counter/9/0/0/0,27037:1747647670489:,1747647682578
counter/6/0/0/0,23386:1747647670195:,1747647682578
counter/10/0/0/0,21607:1747647665971:,1747647682578
counter/7/0/0/0,22683:1747647667692:,1747647682578
counter/5/0/0/0,23955:1747647669652:,1747647682578
counter/9/0/0/0,27038:1747647670489:,1747647682578
counter/6/0/0/0,23387:1747647670195:,1747647682578
counter/10/0/0/0,21608:1747647665971:,1747647682578
counter/7/0/0/0,22684:1747647667692:,1747647682578
counter/5/0/0/0,23956:1747647669652:,1747647682578
counter/6/0/0/0,23388:1747647670195:,1747647682578
counter/10/0/0/0,21609:1747647665971:,1747647682578
counter/7/0/0/0,22685:1747647667706:,1747647682578
counter/5/0/0/0,23957:1747647669652:,1747647682578
counter/6/0/0/0,23389:1747647670195:,1747647682578
counter/10/0/0/0,21610:1747647665971:,1747647682578
counter/7/0/0/0,22686:1747647667706:,1747647682578
counter/5/0/0/0,23958:1747647669652:,1747647682578
counter/6/0/0/0,23390:1747647670195:,1747647682578
counter/10/0/0/0,21611:1747647665971:,1747647682578
counter/7/0/0/0,22687:1747647667706:,1747647682578
counter/5/0/0/0,23959:1747647669652:,1747647682578
counter/6/0/0/0,23391:1747647670195:,1747647682578
counter/10/0/0/0,21612:1747647665971:,1747647682578
counter/7/0/0/0,22688:1747647667706:,1747647682578
counter/5/0/0/0,23960:1747647669652:,1747647682578
counter/6/0/0/0,23392:1747647670195:,1747647682578
counter/10/0/0/0,21613:1747647665971:,1747647682578
counter/7/0/0/0,22689:1747647667706:,1747647682578
counter/5/0/0/0,23961:1747647669652:,1747647682578
counter/6/0/0/0,23393:1747647670195:,1747647682579
counter/10/0/0/0,21614:1747647665971:,1747647682579
counter/7/0/0/0,22690:1747647667706:,1747647682579
counter/5/0/0/0,23962:1747647669652:,1747647682579
counter/6/0/0/0,23394:1747647670195:,1747647682579
counter/10/0/0/0,21615:1747647665971:,1747647682579
counter/7/0/0/0,22691:1747647667706:,1747647682579
counter/5/0/0/0,23963:1747647669652:,1747647682579
counter/6/0/0/0,23395:1747647670195:,1747647682579
counter/10/0/0/0,21616:1747647665971:,1747647682579
counter/7/0/0/0,22692:1747647667706:,1747647682579
counter/5/0/0/0,23964:1747647669652:,1747647682579
counter/6/0/0/0,23396:1747647670195:,1747647682579
counter/10/0/0/0,21617:1747647665971:,1747647682579
counter/7/0/0/0,22693:1747647667706:,1747647682579
counter/5/0/0/0,23965:1747647669652:,1747647682579
counter/6/0/0/0,23397:1747647670196:,1747647682579
counter/10/0/0/0,21618:1747647665971:,1747647682579
counter/7/0/0/0,22694:1747647667707:,1747647682579
counter/5/0/0/0,23966:1747647669652:,1747647682579
counter/6/0/0/0,23398:1747647670196:,1747647682579
counter/10/0/0/0,21619:1747647665971:,1747647682579
counter/7/0/0/0,22695:1747647667707:,1747647682579
counter/5/0/0/0,23967:1747647669652:,1747647682579
counter/6/0/0/0,23399:1747647670196:,1747647682579
counter/10/0/0/0,21620:1747647665971:,1747647682579
counter/7/0/0/0,22696:1747647667707:,1747647682579
counter/5/0/0/0,23968:1747647669653:,1747647682579
counter/6/0/0/0,23400:1747647670199:,1747647682579
counter/10/0/0/0,21621:1747647665971:,1747647682579
counter/7/0/0/0,22697:1747647667707:,1747647682579
counter/5/0/0/0,23969:1747647669653:,1747647682579
counter/6/0/0/0,23401:1747647670199:,1747647682579
counter/10/0/0/0,21622:1747647665971:,1747647682579
counter/7/0/0/0,22698:1747647667707:,1747647682579
counter/5/0/0/0,23970:1747647669653:,1747647682579
counter/9/0/0/0,27039:1747647670489:,1747647682579
counter/6/0/0/0,23402:1747647670199:,1747647682579
counter/10/0/0/0,21623:1747647665986:,1747647682580
counter/7/0/0/0,22699:1747647667707:,1747647682580
counter/5/0/0/0,23971:1747647669653:,1747647682580
counter/1/0/0/0,21914:1747647668109:,1747647682580
counter/2/0/0/0,26884:1747647671743:,1747647682580
counter/6/0/0/0,23403:1747647670199:,1747647682580
counter/10/0/0/0,21624:1747647665986:,1747647682580
counter/7/0/0/0,22700:1747647667707:,1747647682580
counter/5/0/0/0,23972:1747647669657:,1747647682580
counter/6/0/0/0,23404:1747647670199:,1747647682580
counter/10/0/0/0,21625:1747647665986:,1747647682580
counter/7/0/0/0,22701:1747647667707:,1747647682580
counter/5/0/0/0,23973:1747647669657:,1747647682580
counter/4/0/0/0,20571:1747647667629:,1747647682580
counter/6/0/0/0,23405:1747647670200:,1747647682580
counter/10/0/0/0,21626:1747647665986:,1747647682580
counter/7/0/0/0,22702:1747647667707:,1747647682580
counter/5/0/0/0,23974:1747647669657:,1747647682580
counter/9/0/0/0,27040:1747647670489:,1747647682580
counter/6/0/0/0,23406:1747647670200:,1747647682580
counter/10/0/0/0,21627:1747647665986:,1747647682580
counter/7/0/0/0,22703:1747647667707:,1747647682580
counter/5/0/0/0,23975:1747647669657:,1747647682580
counter/9/0/0/0,27041:1747647670489:,1747647682580
counter/6/0/0/0,23407:1747647670200:,1747647682580
counter/10/0/0/0,21628:1747647665986:,1747647682580
counter/7/0/0/0,22704:1747647667707:,1747647682580
counter/5/0/0/0,23976:1747647669657:,1747647682580
counter/9/0/0/0,27042:1747647670489:,1747647682580
counter/8/0/0/0,24598:1747647668708:,1747647682580
counter/6/0/0/0,23408:1747647670200:,1747647682580
counter/10/0/0/0,21629:1747647665986:,1747647682580
counter/7/0/0/0,22705:1747647667707:,1747647682580
counter/5/0/0/0,23977:1747647669657:,1747647682580
counter/9/0/0/0,27043:1747647670489:,1747647682580
counter/4/0/0/0,20572:1747647667629:,1747647682580
counter/6/0/0/0,23409:1747647670200:,1747647682580
counter/10/0/0/0,21630:1747647665986:,1747647682580
counter/7/0/0/0,22706:1747647667707:,1747647682580
counter/5/0/0/0,23978:1747647669657:,1747647682580
counter/9/0/0/0,27044:1747647670489:,1747647682581
counter/6/0/0/0,23410:1747647670200:,1747647682581
counter/10/0/0/0,21631:1747647665986:,1747647682581
counter/7/0/0/0,22707:1747647667707:,1747647682581
counter/5/0/0/0,23979:1747647669657:,1747647682581
counter/6/0/0/0,23411:1747647670200:,1747647682581
counter/10/0/0/0,21632:1747647665986:,1747647682581
counter/7/0/0/0,22708:1747647667707:,1747647682581
counter/5/0/0/0,23980:1747647669657:,1747647682581
counter/6/0/0/0,23412:1747647670200:,1747647682581
counter/10/0/0/0,21633:1747647665986:,1747647682581
counter/7/0/0/0,22709:1747647667707:,1747647682581
counter/5/0/0/0,23981:1747647669659:,1747647682581
counter/6/0/0/0,23413:1747647670200:,1747647682581
counter/10/0/0/0,21634:1747647665986:,1747647682581
counter/7/0/0/0,22710:1747647667707:,1747647682581
counter/5/0/0/0,23982:1747647669659:,1747647682581
counter/6/0/0/0,23414:1747647670200:,1747647682581
counter/10/0/0/0,21635:1747647665986:,1747647682581
counter/7/0/0/0,22711:1747647667707:,1747647682581
counter/5/0/0/0,23983:1747647669659:,1747647682581
counter/6/0/0/0,23415:1747647670200:,1747647682581
counter/10/0/0/0,21636:1747647665988:,1747647682581
counter/7/0/0/0,22712:1747647667707:,1747647682581
counter/5/0/0/0,23984:1747647669659:,1747647682581
counter/6/0/0/0,23416:1747647670200:,1747647682581
counter/10/0/0/0,21637:1747647665988:,1747647682581
counter/7/0/0/0,22713:1747647667707:,1747647682581
counter/5/0/0/0,23985:1747647669659:,1747647682581
counter/6/0/0/0,23417:1747647670200:,1747647682581
counter/10/0/0/0,21638:1747647665988:,1747647682581
counter/7/0/0/0,22714:1747647667707:,1747647682581
counter/5/0/0/0,23986:1747647669659:,1747647682581
counter/6/0/0/0,23418:1747647670200:,1747647682581
counter/10/0/0/0,21639:1747647665988:,1747647682581
counter/7/0/0/0,22715:1747647667707:,1747647682581
counter/5/0/0/0,23987:1747647669659:,1747647682581
counter/6/0/0/0,23419:1747647670200:,1747647682581
counter/10/0/0/0,21640:1747647665988:,1747647682581
counter/7/0/0/0,22716:1747647667707:,1747647682581
counter/5/0/0/0,23988:1747647669659:,1747647682582
counter/6/0/0/0,23420:1747647670200:,1747647682582
counter/10/0/0/0,21641:1747647665988:,1747647682582
counter/7/0/0/0,22717:1747647667707:,1747647682582
counter/5/0/0/0,23989:1747647669659:,1747647682582
counter/6/0/0/0,23421:1747647670200:,1747647682582
counter/10/0/0/0,21642:1747647665988:,1747647682582
counter/7/0/0/0,22718:1747647667710:,1747647682582
counter/5/0/0/0,23990:1747647669659:,1747647682582
counter/6/0/0/0,23422:1747647670200:,1747647682582
counter/10/0/0/0,21643:1747647665996:,1747647682582
counter/7/0/0/0,22719:1747647667710:,1747647682582
counter/5/0/0/0,23991:1747647669665:,1747647682582
counter/6/0/0/0,23423:1747647670200:,1747647682582
counter/10/0/0/0,21644:1747647665996:,1747647682582
counter/7/0/0/0,22720:1747647667722:,1747647682582
counter/5/0/0/0,23992:1747647669665:,1747647682582
counter/6/0/0/0,23424:1747647670200:,1747647682582
counter/10/0/0/0,21645:1747647665996:,1747647682582
counter/7/0/0/0,22721:1747647667722:,1747647682582
counter/5/0/0/0,23993:1747647669665:,1747647682582
counter/6/0/0/0,23425:1747647670200:,1747647682582
counter/10/0/0/0,21646:1747647665996:,1747647682582
counter/7/0/0/0,22722:1747647667722:,1747647682582
counter/5/0/0/0,23994:1747647669665:,1747647682582
counter/2/0/0/0,26885:1747647671743:,1747647682582
counter/6/0/0/0,23426:1747647670201:,1747647682582
counter/10/0/0/0,21647:1747647665996:,1747647682582
counter/7/0/0/0,22723:1747647667722:,1747647682582
counter/5/0/0/0,23995:1747647669665:,1747647682582
counter/2/0/0/0,26886:1747647671743:,1747647682582
counter/6/0/0/0,23427:1747647670201:,1747647682582
counter/10/0/0/0,21648:1747647665996:,1747647682582
counter/7/0/0/0,22724:1747647667722:,1747647682582
counter/5/0/0/0,23996:1747647669665:,1747647682582
counter/6/0/0/0,23428:1747647670201:,1747647682582
counter/10/0/0/0,21649:1747647665996:,1747647682582
counter/7/0/0/0,22725:1747647667722:,1747647682582
counter/5/0/0/0,23997:1747647669665:,1747647682582
counter/6/0/0/0,23429:1747647670201:,1747647682582
counter/10/0/0/0,21650:1747647665996:,1747647682582
counter/7/0/0/0,22726:1747647667722:,1747647682582
counter/5/0/0/0,23998:1747647669665:,1747647682583
counter/6/0/0/0,23430:1747647670201:,1747647682583
counter/10/0/0/0,21651:1747647665996:,1747647682583
counter/7/0/0/0,22727:1747647667722:,1747647682583
counter/5/0/0/0,23999:1747647669665:,1747647682583
counter/6/0/0/0,23431:1747647670201:,1747647682583
counter/10/0/0/0,21652:1747647665996:,1747647682583
counter/7/0/0/0,22728:1747647667722:,1747647682583
counter/5/0/0/0,24000:1747647669665:,1747647682583
counter/6/0/0/0,23432:1747647670201:,1747647682583
counter/10/0/0/0,21653:1747647665996:,1747647682583
counter/7/0/0/0,22729:1747647667722:,1747647682583
counter/5/0/0/0,24001:1747647669671:,1747647682583
counter/6/0/0/0,23433:1747647670207:,1747647682583
counter/10/0/0/0,21654:1747647665997:,1747647682583
counter/7/0/0/0,22730:1747647667722:,1747647682583
counter/5/0/0/0,24002:1747647669673:,1747647682583
counter/6/0/0/0,23434:1747647670207:,1747647682583
counter/10/0/0/0,21655:1747647665997:,1747647682583
counter/7/0/0/0,22731:1747647667722:,1747647682583
counter/5/0/0/0,24003:1747647669685:,1747647682583
counter/6/0/0/0,23435:1747647670207:,1747647682583
counter/10/0/0/0,21656:1747647665997:,1747647682583
counter/7/0/0/0,22732:1747647667728:,1747647682583
counter/5/0/0/0,24004:1747647669685:,1747647682583
counter/8/0/0/0,24599:1747647668708:,1747647682583
counter/4/0/0/0,20573:1747647667629:,1747647682583
counter/6/0/0/0,23436:1747647670207:,1747647682583
counter/10/0/0/0,21657:1747647665997:,1747647682583
counter/7/0/0/0,22733:1747647667728:,1747647682583
counter/5/0/0/0,24005:1747647669685:,1747647682583
counter/9/0/0/0,27045:1747647670489:,1747647682583
counter/1/0/0/0,21915:1747647668109:,1747647682583
counter/6/0/0/0,23437:1747647670210:,1747647682583
counter/10/0/0/0,21658:1747647665997:,1747647682583
counter/7/0/0/0,22734:1747647667728:,1747647682583
counter/5/0/0/0,24006:1747647669685:,1747647682583
counter/9/0/0/0,27046:1747647670489:,1747647682583
counter/6/0/0/0,23438:1747647670210:,1747647682584
counter/10/0/0/0,21659:1747647665997:,1747647682584
counter/7/0/0/0,22735:1747647667728:,1747647682584
counter/5/0/0/0,24007:1747647669685:,1747647682584
counter/9/0/0/0,27047:1747647670489:,1747647682584
counter/6/0/0/0,23439:1747647670210:,1747647682584
counter/10/0/0/0,21660:1747647665997:,1747647682584
counter/7/0/0/0,22736:1747647667728:,1747647682584
counter/5/0/0/0,24008:1747647669685:,1747647682584
counter/9/0/0/0,27048:1747647670489:,1747647682584
counter/6/0/0/0,23440:1747647670210:,1747647682584
counter/10/0/0/0,21661:1747647665997:,1747647682584
counter/7/0/0/0,22737:1747647667728:,1747647682584
counter/5/0/0/0,24009:1747647669686:,1747647682584
counter/9/0/0/0,27049:1747647670489:,1747647682584
counter/6/0/0/0,23441:1747647670210:,1747647682584
counter/10/0/0/0,21662:1747647665997:,1747647682584
counter/7/0/0/0,22738:1747647667728:,1747647682584
counter/5/0/0/0,24010:1747647669686:,1747647682584
counter/9/0/0/0,27050:1747647670489:,1747647682584
counter/6/0/0/0,23442:1747647670210:,1747647682584
counter/10/0/0/0,21663:1747647665997:,1747647682584
counter/7/0/0/0,22739:1747647667729:,1747647682584
counter/5/0/0/0,24011:1747647669686:,1747647682584
counter/9/0/0/0,27051:1747647670489:,1747647682584
counter/6/0/0/0,23443:1747647670211:,1747647682584
counter/10/0/0/0,21664:1747647665997:,1747647682584
counter/7/0/0/0,22740:1747647667730:,1747647682584
counter/5/0/0/0,24012:1747647669686:,1747647682584
counter/9/0/0/0,27052:1747647670489:,1747647682584
counter/6/0/0/0,23444:1747647670211:,1747647682584
counter/10/0/0/0,21665:1747647665997:,1747647682584
counter/7/0/0/0,22741:1747647667730:,1747647682584
counter/5/0/0/0,24013:1747647669686:,1747647682584
counter/9/0/0/0,27053:1747647670492:,1747647682584
counter/6/0/0/0,23445:1747647670211:,1747647682584
counter/10/0/0/0,21666:1747647665997:,1747647682584
counter/7/0/0/0,22742:1747647667730:,1747647682584
counter/5/0/0/0,24014:1747647669686:,1747647682584
counter/6/0/0/0,23446:1747647670211:,1747647682584
counter/10/0/0/0,21667:1747647665997:,1747647682584
counter/7/0/0/0,22743:1747647667730:,1747647682584
counter/5/0/0/0,24015:1747647669686:,1747647682584
counter/6/0/0/0,23447:1747647670211:,1747647682585
counter/10/0/0/0,21668:1747647665997:,1747647682585
counter/7/0/0/0,22744:1747647667730:,1747647682585
counter/5/0/0/0,24016:1747647669686:,1747647682585
counter/6/0/0/0,23448:1747647670211:,1747647682585
counter/10/0/0/0,21669:1747647665997:,1747647682585
counter/7/0/0/0,22745:1747647667730:,1747647682585
counter/5/0/0/0,24017:1747647669689:,1747647682585
counter/6/0/0/0,23449:1747647670211:,1747647682585
counter/10/0/0/0,21670:1747647665997:,1747647682585
counter/7/0/0/0,22746:1747647667739:,1747647682585
counter/5/0/0/0,24018:1747647669689:,1747647682585
counter/6/0/0/0,23450:1747647670211:,1747647682585
counter/10/0/0/0,21671:1747647665998:,1747647682585
counter/7/0/0/0,22747:1747647667739:,1747647682585
counter/5/0/0/0,24019:1747647669689:,1747647682585
counter/6/0/0/0,23451:1747647670211:,1747647682585
counter/10/0/0/0,21672:1747647665998:,1747647682585
counter/7/0/0/0,22748:1747647667739:,1747647682585
counter/5/0/0/0,24020:1747647669689:,1747647682585
counter/6/0/0/0,23452:1747647670211:,1747647682585
counter/10/0/0/0,21673:1747647665998:,1747647682585
counter/7/0/0/0,22749:1747647667739:,1747647682585
counter/5/0/0/0,24021:1747647669689:,1747647682585
counter/6/0/0/0,23453:1747647670211:,1747647682585
counter/10/0/0/0,21674:1747647665998:,1747647682585
counter/7/0/0/0,22750:1747647667739:,1747647682585
counter/5/0/0/0,24022:1747647669689:,1747647682585
counter/6/0/0/0,23454:1747647670211:,1747647682585
counter/10/0/0/0,21675:1747647665998:,1747647682585
counter/7/0/0/0,22751:1747647667739:,1747647682585
counter/5/0/0/0,24023:1747647669689:,1747647682585
counter/6/0/0/0,23455:1747647670212:,1747647682585
counter/10/0/0/0,21676:1747647665998:,1747647682585
counter/7/0/0/0,22752:1747647667740:,1747647682585
counter/5/0/0/0,24024:1747647669689:,1747647682585
counter/6/0/0/0,23456:1747647670212:,1747647682585
counter/10/0/0/0,21677:1747647665998:,1747647682585
counter/7/0/0/0,22753:1747647667740:,1747647682585
counter/5/0/0/0,24025:1747647669689:,1747647682585
counter/6/0/0/0,23457:1747647670212:,1747647682585
counter/10/0/0/0,21678:1747647665998:,1747647682586
counter/7/0/0/0,22754:1747647667740:,1747647682586
counter/5/0/0/0,24026:1747647669689:,1747647682586
counter/6/0/0/0,23458:1747647670212:,1747647682586
counter/10/0/0/0,21679:1747647665998:,1747647682586
counter/7/0/0/0,22755:1747647667740:,1747647682586
counter/5/0/0/0,24027:1747647669689:,1747647682586
counter/6/0/0/0,23459:1747647670212:,1747647682586
counter/10/0/0/0,21680:1747647665998:,1747647682586
counter/7/0/0/0,22756:1747647667740:,1747647682586
counter/5/0/0/0,24028:1747647669689:,1747647682586
counter/6/0/0/0,23460:1747647670212:,1747647682586
counter/10/0/0/0,21681:1747647665998:,1747647682586
counter/7/0/0/0,22757:1747647667740:,1747647682586
counter/5/0/0/0,24029:1747647669689:,1747647682586
counter/6/0/0/0,23461:1747647670212:,1747647682586
counter/10/0/0/0,21682:1747647665999:,1747647682586
counter/7/0/0/0,22758:1747647667740:,1747647682586
counter/5/0/0/0,24030:1747647669689:,1747647682586
counter/6/0/0/0,23462:1747647670213:,1747647682586
counter/10/0/0/0,21683:1747647665999:,1747647682586
counter/7/0/0/0,22759:1747647667740:,1747647682586
counter/5/0/0/0,24031:1747647669692:,1747647682586
counter/6/0/0/0,23463:1747647670213:,1747647682586
counter/10/0/0/0,21684:1747647665999:,1747647682586
counter/7/0/0/0,22760:1747647667743:,1747647682586
counter/5/0/0/0,24032:1747647669692:,1747647682586
counter/6/0/0/0,23464:1747647670213:,1747647682586
counter/10/0/0/0,21685:1747647665999:,1747647682586
counter/7/0/0/0,22761:1747647667743:,1747647682586
counter/5/0/0/0,24033:1747647669692:,1747647682586
counter/6/0/0/0,23465:1747647670213:,1747647682586
counter/10/0/0/0,21686:1747647665999:,1747647682586
counter/7/0/0/0,22762:1747647667743:,1747647682586
counter/5/0/0/0,24034:1747647669692:,1747647682586
counter/6/0/0/0,23466:1747647670213:,1747647682586
counter/10/0/0/0,21687:1747647666002:,1747647682586
counter/7/0/0/0,22763:1747647667744:,1747647682586
counter/5/0/0/0,24035:1747647669693:,1747647682586
counter/6/0/0/0,23467:1747647670218:,1747647682587
counter/10/0/0/0,21688:1747647666002:,1747647682587
counter/7/0/0/0,22764:1747647667744:,1747647682587
counter/5/0/0/0,24036:1747647669693:,1747647682587
counter/6/0/0/0,23468:1747647670227:,1747647682587
counter/10/0/0/0,21689:1747647666002:,1747647682587
counter/7/0/0/0,22765:1747647667744:,1747647682587
counter/5/0/0/0,24037:1747647669693:,1747647682587
counter/6/0/0/0,23469:1747647670227:,1747647682587
counter/10/0/0/0,21690:1747647666002:,1747647682587
counter/7/0/0/0,22766:1747647667746:,1747647682587
counter/5/0/0/0,24038:1747647669693:,1747647682587
counter/6/0/0/0,23470:1747647670230:,1747647682587
counter/10/0/0/0,21691:1747647666002:,1747647682587
counter/7/0/0/0,22767:1747647667746:,1747647682587
counter/5/0/0/0,24039:1747647669693:,1747647682587
counter/6/0/0/0,23471:1747647670230:,1747647682587
counter/10/0/0/0,21692:1747647666002:,1747647682587
counter/7/0/0/0,22768:1747647667746:,1747647682587
counter/5/0/0/0,24040:1747647669693:,1747647682587
counter/6/0/0/0,23472:1747647670230:,1747647682587
counter/10/0/0/0,21693:1747647666002:,1747647682587
counter/7/0/0/0,22769:1747647667746:,1747647682587
counter/5/0/0/0,24041:1747647669693:,1747647682587
counter/6/0/0/0,23473:1747647670230:,1747647682587
counter/10/0/0/0,21694:1747647666002:,1747647682587
counter/7/0/0/0,22770:1747647667746:,1747647682587
counter/5/0/0/0,24042:1747647669693:,1747647682587
counter/6/0/0/0,23474:1747647670230:,1747647682587
counter/10/0/0/0,21695:1747647666002:,1747647682587
counter/7/0/0/0,22771:1747647667746:,1747647682587
counter/5/0/0/0,24043:1747647669693:,1747647682587
counter/6/0/0/0,23475:1747647670230:,1747647682587
counter/10/0/0/0,21696:1747647666002:,1747647682587
counter/7/0/0/0,22772:1747647667746:,1747647682587
counter/5/0/0/0,24044:1747647669693:,1747647682587
counter/6/0/0/0,23476:1747647670230:,1747647682587
counter/10/0/0/0,21697:1747647666002:,1747647682587
counter/7/0/0/0,22773:1747647667746:,1747647682587
counter/5/0/0/0,24045:1747647669693:,1747647682588
counter/6/0/0/0,23477:1747647670230:,1747647682588
counter/10/0/0/0,21698:1747647666002:,1747647682588
counter/7/0/0/0,22774:1747647667746:,1747647682588
counter/5/0/0/0,24046:1747647669693:,1747647682588
counter/6/0/0/0,23478:1747647670230:,1747647682588
counter/10/0/0/0,21699:1747647666003:,1747647682588
counter/7/0/0/0,22775:1747647667746:,1747647682588
counter/5/0/0/0,24047:1747647669693:,1747647682588
counter/1/0/0/0,21916:1747647668109:,1747647682588
counter/6/0/0/0,23479:1747647670230:,1747647682588
counter/10/0/0/0,21700:1747647666003:,1747647682588
counter/7/0/0/0,22776:1747647667746:,1747647682588
counter/5/0/0/0,24048:1747647669703:,1747647682588
counter/1/0/0/0,21917:1747647668109:,1747647682588
counter/6/0/0/0,23480:1747647670230:,1747647682588
counter/10/0/0/0,21701:1747647666003:,1747647682588
counter/7/0/0/0,22777:1747647667767:,1747647682588
counter/5/0/0/0,24049:1747647669703:,1747647682588
counter/1/0/0/0,21918:1747647668109:,1747647682588
counter/6/0/0/0,23481:1747647670230:,1747647682588
counter/10/0/0/0,21702:1747647666003:,1747647682588
counter/7/0/0/0,22778:1747647667767:,1747647682588
counter/5/0/0/0,24050:1747647669703:,1747647682588
counter/1/0/0/0,21919:1747647668115:,1747647682588
counter/6/0/0/0,23482:1747647670234:,1747647682588
counter/10/0/0/0,21703:1747647666003:,1747647682588
counter/7/0/0/0,22779:1747647667767:,1747647682588
counter/5/0/0/0,24051:1747647669703:,1747647682588
counter/1/0/0/0,21920:1747647668115:,1747647682588
counter/6/0/0/0,23483:1747647670234:,1747647682588
counter/10/0/0/0,21704:1747647666005:,1747647682588
counter/7/0/0/0,22780:1747647667767:,1747647682588
counter/5/0/0/0,24052:1747647669703:,1747647682588
counter/1/0/0/0,21921:1747647668115:,1747647682588
counter/6/0/0/0,23484:1747647670234:,1747647682588
counter/10/0/0/0,21705:1747647666005:,1747647682588
counter/7/0/0/0,22781:1747647667767:,1747647682588
counter/5/0/0/0,24053:1747647669703:,1747647682589
counter/1/0/0/0,21922:1747647668115:,1747647682589
counter/6/0/0/0,23485:1747647670235:,1747647682589
counter/10/0/0/0,21706:1747647666009:,1747647682589
counter/7/0/0/0,22782:1747647667767:,1747647682589
counter/5/0/0/0,24054:1747647669703:,1747647682589
counter/1/0/0/0,21923:1747647668115:,1747647682589
counter/6/0/0/0,23486:1747647670235:,1747647682589
counter/10/0/0/0,21707:1747647666009:,1747647682589
counter/7/0/0/0,22783:1747647667767:,1747647682589
counter/5/0/0/0,24055:1747647669703:,1747647682589
counter/1/0/0/0,21924:1747647668115:,1747647682589
counter/6/0/0/0,23487:1747647670235:,1747647682589
counter/10/0/0/0,21708:1747647666009:,1747647682589
counter/7/0/0/0,22784:1747647667767:,1747647682589
counter/5/0/0/0,24056:1747647669703:,1747647682589
counter/1/0/0/0,21925:1747647668115:,1747647682589
counter/6/0/0/0,23488:1747647670235:,1747647682589
counter/10/0/0/0,21709:1747647666009:,1747647682589
counter/7/0/0/0,22785:1747647667767:,1747647682589
counter/5/0/0/0,24057:1747647669703:,1747647682589
counter/1/0/0/0,21926:1747647668115:,1747647682589
counter/6/0/0/0,23489:1747647670235:,1747647682589
counter/10/0/0/0,21710:1747647666009:,1747647682589
counter/7/0/0/0,22786:1747647667767:,1747647682589
counter/5/0/0/0,24058:1747647669703:,1747647682589
counter/1/0/0/0,21927:1747647668115:,1747647682589
counter/6/0/0/0,23490:1747647670243:,1747647682589
counter/10/0/0/0,21711:1747647666009:,1747647682589
counter/7/0/0/0,22787:1747647667767:,1747647682589
counter/5/0/0/0,24059:1747647669704:,1747647682589
counter/1/0/0/0,21928:1747647668120:,1747647682589
counter/6/0/0/0,23491:1747647670243:,1747647682589
counter/10/0/0/0,21712:1747647666009:,1747647682589
counter/7/0/0/0,22788:1747647667767:,1747647682589
counter/5/0/0/0,24060:1747647669704:,1747647682589
counter/1/0/0/0,21929:1747647668120:,1747647682589
counter/4/0/0/0,20574:1747647667629:,1747647682589
counter/6/0/0/0,23492:1747647670243:,1747647682589
counter/10/0/0/0,21713:1747647666009:,1747647682589
counter/7/0/0/0,22789:1747647667767:,1747647682589
counter/5/0/0/0,24061:1747647669704:,1747647682589
counter/1/0/0/0,21930:1747647668120:,1747647682590
counter/9/0/0/0,27054:1747647670494:,1747647682590
counter/6/0/0/0,23493:1747647670243:,1747647682590
counter/10/0/0/0,21714:1747647666009:,1747647682590
counter/7/0/0/0,22790:1747647667767:,1747647682590
counter/5/0/0/0,24062:1747647669704:,1747647682590
counter/1/0/0/0,21931:1747647668120:,1747647682590
counter/9/0/0/0,27055:1747647670494:,1747647682590
counter/6/0/0/0,23494:1747647670243:,1747647682590
counter/10/0/0/0,21715:1747647666009:,1747647682590
counter/7/0/0/0,22791:1747647667767:,1747647682590
counter/5/0/0/0,24063:1747647669704:,1747647682590
counter/1/0/0/0,21932:1747647668120:,1747647682590
counter/9/0/0/0,27056:1747647670494:,1747647682590
counter/4/0/0/0,20575:1747647667637:,1747647682590
counter/6/0/0/0,23495:1747647670243:,1747647682590
counter/10/0/0/0,21716:1747647666009:,1747647682590
counter/7/0/0/0,22792:1747647667777:,1747647682590
counter/5/0/0/0,24064:1747647669704:,1747647682590
counter/1/0/0/0,21933:1747647668120:,1747647682590
counter/9/0/0/0,27057:1747647670494:,1747647682590
counter/3/0/0/0,21810:1747647668116:,1747647682590
counter/6/0/0/0,23496:1747647670243:,1747647682590
counter/10/0/0/0,21717:1747647666009:,1747647682590
counter/7/0/0/0,22793:1747647667777:,1747647682590
counter/5/0/0/0,24065:1747647669704:,1747647682590
counter/1/0/0/0,21934:1747647668120:,1747647682590
counter/9/0/0/0,27058:1747647670494:,1747647682590
counter/3/0/0/0,21811:1747647668116:,1747647682590
counter/6/0/0/0,23497:1747647670243:,1747647682590
counter/10/0/0/0,21718:1747647666009:,1747647682590
counter/7/0/0/0,22794:1747647667777:,1747647682590
counter/5/0/0/0,24066:1747647669704:,1747647682590
counter/1/0/0/0,21935:1747647668135:,1747647682590
counter/9/0/0/0,27059:1747647670494:,1747647682590
counter/3/0/0/0,21812:1747647668116:,1747647682590
counter/6/0/0/0,23498:1747647670243:,1747647682590
counter/10/0/0/0,21719:1747647666009:,1747647682590
counter/7/0/0/0,22795:1747647667777:,1747647682590
counter/5/0/0/0,24067:1747647669704:,1747647682591
counter/1/0/0/0,21936:1747647668135:,1747647682591
counter/9/0/0/0,27060:1747647670495:,1747647682591
counter/3/0/0/0,21813:1747647668116:,1747647682591
counter/6/0/0/0,23499:1747647670243:,1747647682591
counter/10/0/0/0,21720:1747647666009:,1747647682591
counter/7/0/0/0,22796:1747647667777:,1747647682591
counter/5/0/0/0,24068:1747647669704:,1747647682591
counter/1/0/0/0,21937:1747647668135:,1747647682591
counter/9/0/0/0,27061:1747647670495:,1747647682591
counter/3/0/0/0,21814:1747647668116:,1747647682591
counter/6/0/0/0,23500:1747647670244:,1747647682591
counter/10/0/0/0,21721:1747647666009:,1747647682591
counter/7/0/0/0,22797:1747647667777:,1747647682591
counter/5/0/0/0,24069:1747647669704:,1747647682591
counter/1/0/0/0,21938:1747647668135:,1747647682591
counter/9/0/0/0,27062:1747647670495:,1747647682591
counter/3/0/0/0,21815:1747647668116:,1747647682591
counter/6/0/0/0,23501:1747647670244:,1747647682591
counter/10/0/0/0,21722:1747647666009:,1747647682591
counter/7/0/0/0,22798:1747647667778:,1747647682591
counter/5/0/0/0,24070:1747647669704:,1747647682591
counter/1/0/0/0,21939:1747647668135:,1747647682591
counter/9/0/0/0,27063:1747647670500:,1747647682591
counter/3/0/0/0,21816:1747647668116:,1747647682591
counter/6/0/0/0,23502:1747647670245:,1747647682591
counter/10/0/0/0,21723:1747647666009:,1747647682591
counter/7/0/0/0,22799:1747647667778:,1747647682591
counter/5/0/0/0,24071:1747647669704:,1747647682591
counter/1/0/0/0,21940:1747647668135:,1747647682591
counter/9/0/0/0,27064:1747647670500:,1747647682591
counter/3/0/0/0,21817:1747647668116:,1747647682591
counter/6/0/0/0,23503:1747647670245:,1747647682591
counter/10/0/0/0,21724:1747647666011:,1747647682591
counter/7/0/0/0,22800:1747647667778:,1747647682591
counter/5/0/0/0,24072:1747647669704:,1747647682591
counter/1/0/0/0,21941:1747647668135:,1747647682591
counter/9/0/0/0,27065:1747647670500:,1747647682591
counter/3/0/0/0,21818:1747647668116:,1747647682591
counter/6/0/0/0,23504:1747647670245:,1747647682592
counter/10/0/0/0,21725:1747647666012:,1747647682592
counter/7/0/0/0,22801:1747647667778:,1747647682592
counter/5/0/0/0,24073:1747647669704:,1747647682592
counter/1/0/0/0,21942:1747647668136:,1747647682592
counter/9/0/0/0,27066:1747647670500:,1747647682592
counter/3/0/0/0,21819:1747647668116:,1747647682592
counter/6/0/0/0,23505:1747647670245:,1747647682592
counter/10/0/0/0,21726:1747647666012:,1747647682592
counter/7/0/0/0,22802:1747647667793:,1747647682592
counter/5/0/0/0,24074:1747647669704:,1747647682592
counter/1/0/0/0,21943:1747647668136:,1747647682592
counter/9/0/0/0,27067:1747647670500:,1747647682592
counter/3/0/0/0,21820:1747647668116:,1747647682592
counter/2/0/0/0,26887:1747647671743:,1747647682592
counter/6/0/0/0,23506:1747647670245:,1747647682592
counter/10/0/0/0,21727:1747647666012:,1747647682592
counter/7/0/0/0,22803:1747647667793:,1747647682592
counter/5/0/0/0,24075:1747647669704:,1747647682592
counter/1/0/0/0,21944:1747647668136:,1747647682592
counter/9/0/0/0,27068:1747647670500:,1747647682592
counter/6/0/0/0,23507:1747647670245:,1747647682592
counter/10/0/0/0,21728:1747647666012:,1747647682592
counter/7/0/0/0,22804:1747647667793:,1747647682592
counter/5/0/0/0,24076:1747647669704:,1747647682592
counter/1/0/0/0,21945:1747647668136:,1747647682592
counter/9/0/0/0,27069:1747647670500:,1747647682592
counter/6/0/0/0,23508:1747647670245:,1747647682592
counter/10/0/0/0,21729:1747647666013:,1747647682592
counter/7/0/0/0,22805:1747647667793:,1747647682592
counter/5/0/0/0,24077:1747647669704:,1747647682592
counter/1/0/0/0,21946:1747647668137:,1747647682592
counter/9/0/0/0,27070:1747647670500:,1747647682592
counter/6/0/0/0,23509:1747647670245:,1747647682592
counter/10/0/0/0,21730:1747647666013:,1747647682592
counter/7/0/0/0,22806:1747647667793:,1747647682592
counter/5/0/0/0,24078:1747647669704:,1747647682592
counter/1/0/0/0,21947:1747647668137:,1747647682592
counter/9/0/0/0,27071:1747647670500:,1747647682592
counter/8/0/0/0,24600:1747647668708:,1747647682592
counter/3/0/0/0,21821:1747647668116:,1747647682592
counter/6/0/0/0,23510:1747647670245:,1747647682592
counter/10/0/0/0,21731:1747647666013:,1747647682593
counter/7/0/0/0,22807:1747647667797:,1747647682593
counter/5/0/0/0,24079:1747647669704:,1747647682593
counter/1/0/0/0,21948:1747647668152:,1747647682593
counter/8/0/0/0,24601:1747647668708:,1747647682593
counter/4/0/0/0,20576:1747647667637:,1747647682593
counter/6/0/0/0,23511:1747647670245:,1747647682593
counter/10/0/0/0,21732:1747647666013:,1747647682593
counter/7/0/0/0,22808:1747647667797:,1747647682593
counter/5/0/0/0,24080:1747647669704:,1747647682593
counter/1/0/0/0,21949:1747647668152:,1747647682593
counter/8/0/0/0,24602:1747647668708:,1747647682593
counter/3/0/0/0,21822:1747647668116:,1747647682593
counter/9/0/0/0,27072:1747647670500:,1747647682593
counter/6/0/0/0,23512:1747647670246:,1747647682593
counter/10/0/0/0,21733:1747647666013:,1747647682593
counter/7/0/0/0,22809:1747647667797:,1747647682593
counter/5/0/0/0,24081:1747647669704:,1747647682593
counter/1/0/0/0,21950:1747647668152:,1747647682593
counter/8/0/0/0,24603:1747647668708:,1747647682593
counter/9/0/0/0,27073:1747647670500:,1747647682593
counter/6/0/0/0,23513:1747647670246:,1747647682593
counter/10/0/0/0,21734:1747647666013:,1747647682593
counter/7/0/0/0,22810:1747647667797:,1747647682593
counter/5/0/0/0,24082:1747647669704:,1747647682593
counter/1/0/0/0,21951:1747647668152:,1747647682593
counter/8/0/0/0,24604:1747647668708:,1747647682593
counter/9/0/0/0,27074:1747647670500:,1747647682593
counter/6/0/0/0,23514:1747647670246:,1747647682593
counter/10/0/0/0,21735:1747647666013:,1747647682593
counter/7/0/0/0,22811:1747647667797:,1747647682593
counter/5/0/0/0,24083:1747647669704:,1747647682593
counter/1/0/0/0,21952:1747647668152:,1747647682593
counter/8/0/0/0,24605:1747647668708:,1747647682593
counter/9/0/0/0,27075:1747647670500:,1747647682593
counter/6/0/0/0,23515:1747647670246:,1747647682593
counter/10/0/0/0,21736:1747647666013:,1747647682593
counter/7/0/0/0,22812:1747647667797:,1747647682593
counter/5/0/0/0,24084:1747647669704:,1747647682593
counter/1/0/0/0,21953:1747647668152:,1747647682594
counter/9/0/0/0,27076:1747647670500:,1747647682594
counter/6/0/0/0,23516:1747647670250:,1747647682594
counter/10/0/0/0,21737:1747647666013:,1747647682594
counter/7/0/0/0,22813:1747647667797:,1747647682594
counter/5/0/0/0,24085:1747647669714:,1747647682594
counter/1/0/0/0,21954:1747647668152:,1747647682594
counter/9/0/0/0,27077:1747647670500:,1747647682594
counter/6/0/0/0,23517:1747647670272:,1747647682594
counter/10/0/0/0,21738:1747647666013:,1747647682594
counter/7/0/0/0,22814:1747647667799:,1747647682594
counter/5/0/0/0,24086:1747647669714:,1747647682594
counter/1/0/0/0,21955:1747647668152:,1747647682594
counter/9/0/0/0,27078:1747647670500:,1747647682594
counter/6/0/0/0,23518:1747647670272:,1747647682594
counter/10/0/0/0,21739:1747647666013:,1747647682594
counter/7/0/0/0,22815:1747647667799:,1747647682594
counter/5/0/0/0,24087:1747647669714:,1747647682594
counter/1/0/0/0,21956:1747647668153:,1747647682594
counter/9/0/0/0,27079:1747647670504:,1747647682594
counter/6/0/0/0,23519:1747647670272:,1747647682594
counter/10/0/0/0,21740:1747647666014:,1747647682594
counter/7/0/0/0,22816:1747647667799:,1747647682594
counter/5/0/0/0,24088:1747647669714:,1747647682594
counter/1/0/0/0,21957:1747647668153:,1747647682594
counter/9/0/0/0,27080:1747647670529:,1747647682594
counter/6/0/0/0,23520:1747647670278:,1747647682594
counter/10/0/0/0,21741:1747647666015:,1747647682594
counter/7/0/0/0,22817:1747647667801:,1747647682594
counter/5/0/0/0,24089:1747647669714:,1747647682594
counter/1/0/0/0,21958:1747647668153:,1747647682594
counter/9/0/0/0,27081:1747647670529:,1747647682594
counter/6/0/0/0,23521:1747647670278:,1747647682594
counter/10/0/0/0,21742:1747647666015:,1747647682594
counter/7/0/0/0,22818:1747647667802:,1747647682594
counter/5/0/0/0,24090:1747647669719:,1747647682594
counter/1/0/0/0,21959:1747647668153:,1747647682594
counter/9/0/0/0,27082:1747647670530:,1747647682594
counter/6/0/0/0,23522:1747647670278:,1747647682594
counter/10/0/0/0,21743:1747647666015:,1747647682594
counter/7/0/0/0,22819:1747647667802:,1747647682594
counter/5/0/0/0,24091:1747647669720:,1747647682595
counter/1/0/0/0,21960:1747647668157:,1747647682595
counter/9/0/0/0,27083:1747647670530:,1747647682595
counter/6/0/0/0,23523:1747647670278:,1747647682595
counter/10/0/0/0,21744:1747647666015:,1747647682595
counter/7/0/0/0,22820:1747647667802:,1747647682595
counter/5/0/0/0,24092:1747647669721:,1747647682595
counter/1/0/0/0,21961:1747647668157:,1747647682595
counter/9/0/0/0,27084:1747647670530:,1747647682595
counter/6/0/0/0,23524:1747647670278:,1747647682595
counter/10/0/0/0,21745:1747647666015:,1747647682595
counter/7/0/0/0,22821:1747647667802:,1747647682595
counter/5/0/0/0,24093:1747647669721:,1747647682595
counter/1/0/0/0,21962:1747647668157:,1747647682595
counter/9/0/0/0,27085:1747647670530:,1747647682595
counter/6/0/0/0,23525:1747647670278:,1747647682595
counter/10/0/0/0,21746:1747647666015:,1747647682595
counter/7/0/0/0,22822:1747647667802:,1747647682595
counter/5/0/0/0,24094:1747647669725:,1747647682595
counter/1/0/0/0,21963:1747647668157:,1747647682595
counter/9/0/0/0,27086:1747647670530:,1747647682595
counter/6/0/0/0,23526:1747647670288:,1747647682595
counter/10/0/0/0,21747:1747647666015:,1747647682595
counter/7/0/0/0,22823:1747647667802:,1747647682595
counter/5/0/0/0,24095:1747647669734:,1747647682595
counter/1/0/0/0,21964:1747647668157:,1747647682595
counter/9/0/0/0,27087:1747647670530:,1747647682595
counter/6/0/0/0,23527:1747647670289:,1747647682595
counter/10/0/0/0,21748:1747647666015:,1747647682595
counter/7/0/0/0,22824:1747647667802:,1747647682595
counter/5/0/0/0,24096:1747647669734:,1747647682595
counter/1/0/0/0,21965:1747647668157:,1747647682595
counter/9/0/0/0,27088:1747647670530:,1747647682595
counter/3/0/0/0,21823:1747647668116:,1747647682595
counter/6/0/0/0,23528:1747647670289:,1747647682595
counter/10/0/0/0,21749:1747647666015:,1747647682595
counter/7/0/0/0,22825:1747647667802:,1747647682595
counter/5/0/0/0,24097:1747647669734:,1747647682595
counter/1/0/0/0,21966:1747647668157:,1747647682595
counter/9/0/0/0,27089:1747647670530:,1747647682596
counter/6/0/0/0,23529:1747647670289:,1747647682596
counter/10/0/0/0,21750:1747647666015:,1747647682596
counter/7/0/0/0,22826:1747647667802:,1747647682596
counter/5/0/0/0,24098:1747647669734:,1747647682596
counter/1/0/0/0,21967:1747647668157:,1747647682596
counter/9/0/0/0,27090:1747647670530:,1747647682596
counter/6/0/0/0,23530:1747647670289:,1747647682596
counter/10/0/0/0,21751:1747647666015:,1747647682596
counter/7/0/0/0,22827:1747647667802:,1747647682596
counter/5/0/0/0,24099:1747647669734:,1747647682596
counter/1/0/0/0,21968:1747647668160:,1747647682596
counter/9/0/0/0,27091:1747647670531:,1747647682596
counter/6/0/0/0,23531:1747647670289:,1747647682596
counter/10/0/0/0,21752:1747647666015:,1747647682596
counter/7/0/0/0,22828:1747647667802:,1747647682596
counter/5/0/0/0,24100:1747647669738:,1747647682596
counter/1/0/0/0,21969:1747647668160:,1747647682596
counter/9/0/0/0,27092:1747647670531:,1747647682596
counter/6/0/0/0,23532:1747647670290:,1747647682596
counter/10/0/0/0,21753:1747647666016:,1747647682596
counter/7/0/0/0,22829:1747647667809:,1747647682596
counter/5/0/0/0,24101:1747647669738:,1747647682596
counter/1/0/0/0,21970:1747647668160:,1747647682596
counter/9/0/0/0,27093:1747647670531:,1747647682596
counter/6/0/0/0,23533:1747647670291:,1747647682596
counter/10/0/0/0,21754:1747647666016:,1747647682596
counter/7/0/0/0,22830:1747647667816:,1747647682596
counter/5/0/0/0,24102:1747647669738:,1747647682596
counter/1/0/0/0,21971:1747647668160:,1747647682596
counter/9/0/0/0,27094:1747647670531:,1747647682596
counter/6/0/0/0,23534:1747647670291:,1747647682596
counter/10/0/0/0,21755:1747647666016:,1747647682596
counter/7/0/0/0,22831:1747647667816:,1747647682596
counter/5/0/0/0,24103:1747647669738:,1747647682596
counter/1/0/0/0,21972:1747647668160:,1747647682596
counter/9/0/0/0,27095:1747647670531:,1747647682596
counter/6/0/0/0,23535:1747647670291:,1747647682596
counter/10/0/0/0,21756:1747647666016:,1747647682596
counter/7/0/0/0,22832:1747647667816:,1747647682596
counter/5/0/0/0,24104:1747647669738:,1747647682596
counter/1/0/0/0,21973:1747647668160:,1747647682597
counter/9/0/0/0,27096:1747647670543:,1747647682597
counter/10/0/0/0,21757:1747647666016:,1747647682597
counter/7/0/0/0,22833:1747647667816:,1747647682597
counter/5/0/0/0,24105:1747647669738:,1747647682597
counter/1/0/0/0,21974:1747647668160:,1747647682597
counter/9/0/0/0,27097:1747647670543:,1747647682597
counter/10/0/0/0,21758:1747647666016:,1747647682597
counter/7/0/0/0,22834:1747647667816:,1747647682597
counter/5/0/0/0,24106:1747647669744:,1747647682597
counter/1/0/0/0,21975:1747647668160:,1747647682597
counter/9/0/0/0,27098:1747647670543:,1747647682597
counter/10/0/0/0,21759:1747647666016:,1747647682597
counter/7/0/0/0,22835:1747647667816:,1747647682597
counter/5/0/0/0,24107:1747647669744:,1747647682597
counter/9/0/0/0,27099:1747647670543:,1747647682597
counter/10/0/0/0,21760:1747647666016:,1747647682597
counter/7/0/0/0,22836:1747647667816:,1747647682597
counter/5/0/0/0,24108:1747647669744:,1747647682597
counter/9/0/0/0,27100:1747647670543:,1747647682597
counter/10/0/0/0,21761:1747647666016:,1747647682597
counter/7/0/0/0,22837:1747647667817:,1747647682597
counter/5/0/0/0,24109:1747647669748:,1747647682597
counter/9/0/0/0,27101:1747647670543:,1747647682597
counter/10/0/0/0,21762:1747647666016:,1747647682597
counter/7/0/0/0,22838:1747647667817:,1747647682597
counter/5/0/0/0,24110:1747647669748:,1747647682597
counter/9/0/0/0,27102:1747647670543:,1747647682597
counter/10/0/0/0,21763:1747647666016:,1747647682597
counter/7/0/0/0,22839:1747647667817:,1747647682597
counter/5/0/0/0,24111:1747647669748:,1747647682597
counter/9/0/0/0,27103:1747647670543:,1747647682597
counter/10/0/0/0,21764:1747647666016:,1747647682597
counter/7/0/0/0,22840:1747647667817:,1747647682597
counter/5/0/0/0,24112:1747647669748:,1747647682597
counter/9/0/0/0,27104:1747647670543:,1747647682597
counter/10/0/0/0,21765:1747647666022:,1747647682597
counter/7/0/0/0,22841:1747647667818:,1747647682597
counter/5/0/0/0,24113:1747647669748:,1747647682597
counter/9/0/0/0,27105:1747647670543:,1747647682597
counter/10/0/0/0,21766:1747647666022:,1747647682598
counter/7/0/0/0,22842:1747647667818:,1747647682598
counter/5/0/0/0,24114:1747647669748:,1747647682598
counter/9/0/0/0,27106:1747647670543:,1747647682598
counter/10/0/0/0,21767:1747647666022:,1747647682598
counter/7/0/0/0,22843:1747647667818:,1747647682598
counter/5/0/0/0,24115:1747647669748:,1747647682598
counter/9/0/0/0,27107:1747647670543:,1747647682598
counter/4/0/0/0,20577:1747647667637:,1747647682598
counter/10/0/0/0,21768:1747647666022:,1747647682598
counter/7/0/0/0,22844:1747647667819:,1747647682598
counter/5/0/0/0,24116:1747647669748:,1747647682598
counter/9/0/0/0,27108:1747647670543:,1747647682598
counter/10/0/0/0,21769:1747647666022:,1747647682598
counter/7/0/0/0,22845:1747647667819:,1747647682598
counter/5/0/0/0,24117:1747647669748:,1747647682598
counter/9/0/0/0,27109:1747647670544:,1747647682598
counter/10/0/0/0,21770:1747647666032:,1747647682598
counter/7/0/0/0,22846:1747647667819:,1747647682598
counter/5/0/0/0,24118:1747647669748:,1747647682598
counter/9/0/0/0,27110:1747647670544:,1747647682598
counter/10/0/0/0,21771:1747647666032:,1747647682598
counter/7/0/0/0,22847:1747647667819:,1747647682598
counter/5/0/0/0,24119:1747647669748:,1747647682598
counter/9/0/0/0,27111:1747647670544:,1747647682598
counter/10/0/0/0,21772:1747647666032:,1747647682598
counter/7/0/0/0,22848:1747647667819:,1747647682598
counter/5/0/0/0,24120:1747647669748:,1747647682598
counter/9/0/0/0,27112:1747647670544:,1747647682598
counter/10/0/0/0,21773:1747647666032:,1747647682598
counter/7/0/0/0,22849:1747647667819:,1747647682598
counter/5/0/0/0,24121:1747647669755:,1747647682598
counter/9/0/0/0,27113:1747647670544:,1747647682598
counter/10/0/0/0,21774:1747647666032:,1747647682598
counter/7/0/0/0,22850:1747647667819:,1747647682598
counter/5/0/0/0,24122:1747647669755:,1747647682598
counter/9/0/0/0,27114:1747647670544:,1747647682598
counter/10/0/0/0,21775:1747647666032:,1747647682598
counter/7/0/0/0,22851:1747647667819:,1747647682599
counter/5/0/0/0,24123:1747647669755:,1747647682599
counter/9/0/0/0,27115:1747647670544:,1747647682599
counter/10/0/0/0,21776:1747647666032:,1747647682599
counter/7/0/0/0,22852:1747647667819:,1747647682599
counter/5/0/0/0,24124:1747647669755:,1747647682599
counter/9/0/0/0,27116:1747647670544:,1747647682599
counter/10/0/0/0,21777:1747647666032:,1747647682599
counter/7/0/0/0,22853:1747647667819:,1747647682599
counter/5/0/0/0,24125:1747647669756:,1747647682599
counter/9/0/0/0,27117:1747647670544:,1747647682599
counter/10/0/0/0,21778:1747647666032:,1747647682599
counter/7/0/0/0,22854:1747647667819:,1747647682599
counter/5/0/0/0,24126:1747647669763:,1747647682599
counter/9/0/0/0,27118:1747647670544:,1747647682599
counter/10/0/0/0,21779:1747647666032:,1747647682599
counter/7/0/0/0,22855:1747647667819:,1747647682599
counter/5/0/0/0,24127:1747647669763:,1747647682599
counter/9/0/0/0,27119:1747647670544:,1747647682599
counter/10/0/0/0,21780:1747647666034:,1747647682599
counter/7/0/0/0,22856:1747647667819:,1747647682599
counter/5/0/0/0,24128:1747647669763:,1747647682599
counter/9/0/0/0,27120:1747647670544:,1747647682599
counter/10/0/0/0,21781:1747647666035:,1747647682599
counter/7/0/0/0,22857:1747647667819:,1747647682599
counter/5/0/0/0,24129:1747647669763:,1747647682599
counter/9/0/0/0,27121:1747647670544:,1747647682599
counter/10/0/0/0,21782:1747647666035:,1747647682599
counter/7/0/0/0,22858:1747647667819:,1747647682599
counter/5/0/0/0,24130:1747647669763:,1747647682599
counter/9/0/0/0,27122:1747647670545:,1747647682599
counter/10/0/0/0,21783:1747647666035:,1747647682599
counter/7/0/0/0,22859:1747647667823:,1747647682599
counter/5/0/0/0,24131:1747647669763:,1747647682599
counter/9/0/0/0,27123:1747647670545:,1747647682599
counter/10/0/0/0,21784:1747647666035:,1747647682599
counter/7/0/0/0,22860:1747647667823:,1747647682599
counter/5/0/0/0,24132:1747647669763:,1747647682599
counter/9/0/0/0,27124:1747647670545:,1747647682599
counter/10/0/0/0,21785:1747647666035:,1747647682599
counter/7/0/0/0,22861:1747647667823:,1747647682599
counter/5/0/0/0,24133:1747647669767:,1747647682599
counter/9/0/0/0,27125:1747647670545:,1747647682600
counter/10/0/0/0,21786:1747647666035:,1747647682600
counter/7/0/0/0,22862:1747647667823:,1747647682600
counter/5/0/0/0,24134:1747647669767:,1747647682600
counter/9/0/0/0,27126:1747647670545:,1747647682600
counter/10/0/0/0,21787:1747647666040:,1747647682600
counter/7/0/0/0,22863:1747647667823:,1747647682600
counter/5/0/0/0,24135:1747647669767:,1747647682600
counter/9/0/0/0,27127:1747647670545:,1747647682600
counter/10/0/0/0,21788:1747647666040:,1747647682600
counter/7/0/0/0,22864:1747647667823:,1747647682600
counter/5/0/0/0,24136:1747647669767:,1747647682600
counter/9/0/0/0,27128:1747647670563:,1747647682600
counter/10/0/0/0,21789:1747647666040:,1747647682600
counter/7/0/0/0,22865:1747647667824:,1747647682600
counter/5/0/0/0,24137:1747647669767:,1747647682600
counter/9/0/0/0,27129:1747647670563:,1747647682600
counter/10/0/0/0,21790:1747647666040:,1747647682600
counter/7/0/0/0,22866:1747647667824:,1747647682600
counter/5/0/0/0,24138:1747647669767:,1747647682600
counter/9/0/0/0,27130:1747647670563:,1747647682600
counter/10/0/0/0,21791:1747647666040:,1747647682600
counter/7/0/0/0,22867:1747647667824:,1747647682600
counter/5/0/0/0,24139:1747647669767:,1747647682600
counter/9/0/0/0,27131:1747647670563:,1747647682600
counter/10/0/0/0,21792:1747647666040:,1747647682600
counter/7/0/0/0,22868:1747647667824:,1747647682600
counter/5/0/0/0,24140:1747647669767:,1747647682600
counter/9/0/0/0,27132:1747647670563:,1747647682600
counter/10/0/0/0,21793:1747647666040:,1747647682600
counter/7/0/0/0,22869:1747647667824:,1747647682600
counter/5/0/0/0,24141:1747647669767:,1747647682600
counter/9/0/0/0,27133:1747647670563:,1747647682600
counter/10/0/0/0,21794:1747647666040:,1747647682600
counter/7/0/0/0,22870:1747647667824:,1747647682600
counter/5/0/0/0,24142:1747647669767:,1747647682600
counter/9/0/0/0,27134:1747647670563:,1747647682600
counter/10/0/0/0,21795:1747647666040:,1747647682600
counter/7/0/0/0,22871:1747647667824:,1747647682600
counter/5/0/0/0,24143:1747647669768:,1747647682601
counter/9/0/0/0,27135:1747647670563:,1747647682601
counter/10/0/0/0,21796:1747647666040:,1747647682601
counter/7/0/0/0,22872:1747647667824:,1747647682601
counter/5/0/0/0,24144:1747647669768:,1747647682601
counter/9/0/0/0,27136:1747647670563:,1747647682601
counter/10/0/0/0,21797:1747647666046:,1747647682601
counter/7/0/0/0,22873:1747647667824:,1747647682601
counter/5/0/0/0,24145:1747647669768:,1747647682601
counter/9/0/0/0,27137:1747647670563:,1747647682601
counter/10/0/0/0,21798:1747647666046:,1747647682601
counter/7/0/0/0,22874:1747647667824:,1747647682601
counter/5/0/0/0,24146:1747647669778:,1747647682601
counter/9/0/0/0,27138:1747647670563:,1747647682601
counter/8/0/0/0,24606:1747647668715:,1747647682601
counter/10/0/0/0,21799:1747647666046:,1747647682601
counter/7/0/0/0,22875:1747647667824:,1747647682601
counter/5/0/0/0,24147:1747647669778:,1747647682601
counter/9/0/0/0,27139:1747647670563:,1747647682601
counter/10/0/0/0,21800:1747647666046:,1747647682601
counter/7/0/0/0,22876:1747647667825:,1747647682601
counter/5/0/0/0,24148:1747647669778:,1747647682601
counter/9/0/0/0,27140:1747647670563:,1747647682601
counter/10/0/0/0,21801:1747647666046:,1747647682601
counter/7/0/0/0,22877:1747647667825:,1747647682601
counter/5/0/0/0,24149:1747647669778:,1747647682601
counter/9/0/0/0,27141:1747647670563:,1747647682601
counter/10/0/0/0,21802:1747647666046:,1747647682601
counter/7/0/0/0,22878:1747647667825:,1747647682601
counter/5/0/0/0,24150:1747647669778:,1747647682601
counter/9/0/0/0,27142:1747647670563:,1747647682601
counter/10/0/0/0,21803:1747647666046:,1747647682601
counter/7/0/0/0,22879:1747647667826:,1747647682601
counter/5/0/0/0,24151:1747647669790:,1747647682601
counter/9/0/0/0,27143:1747647670563:,1747647682601
counter/10/0/0/0,21804:1747647666046:,1747647682601
counter/7/0/0/0,22880:1747647667830:,1747647682601
counter/5/0/0/0,24152:1747647669791:,1747647682601
counter/9/0/0/0,27144:1747647670563:,1747647682601
counter/10/0/0/0,21805:1747647666046:,1747647682601
counter/7/0/0/0,22881:1747647667830:,1747647682602
counter/5/0/0/0,24153:1747647669791:,1747647682602
counter/9/0/0/0,27145:1747647670570:,1747647682602
counter/10/0/0/0,21806:1747647666046:,1747647682602
counter/7/0/0/0,22882:1747647667830:,1747647682602
counter/5/0/0/0,24154:1747647669791:,1747647682602
counter/9/0/0/0,27146:1747647670570:,1747647682602
counter/10/0/0/0,21807:1747647666046:,1747647682602
counter/7/0/0/0,22883:1747647667831:,1747647682602
counter/5/0/0/0,24155:1747647669791:,1747647682602
counter/9/0/0/0,27147:1747647670570:,1747647682602
counter/10/0/0/0,21808:1747647666046:,1747647682602
counter/7/0/0/0,22884:1747647667831:,1747647682602
counter/5/0/0/0,24156:1747647669791:,1747647682602
counter/9/0/0/0,27148:1747647670570:,1747647682602
counter/10/0/0/0,21809:1747647666046:,1747647682602
counter/7/0/0/0,22885:1747647667831:,1747647682602
counter/5/0/0/0,24157:1747647669791:,1747647682602
counter/9/0/0/0,27149:1747647670570:,1747647682602
counter/10/0/0/0,21810:1747647666046:,1747647682602
counter/7/0/0/0,22886:1747647667831:,1747647682602
counter/5/0/0/0,24158:1747647669791:,1747647682602
counter/9/0/0/0,27150:1747647670570:,1747647682602
counter/10/0/0/0,21811:1747647666046:,1747647682602
counter/7/0/0/0,22887:1747647667831:,1747647682602
counter/5/0/0/0,24159:1747647669816:,1747647682602
counter/9/0/0/0,27151:1747647670570:,1747647682602
counter/6/0/0/0,23536:1747647670291:,1747647682602
counter/8/0/0/0,24607:1747647668716:,1747647682602
counter/10/0/0/0,21812:1747647666046:,1747647682602
counter/7/0/0/0,22888:1747647667831:,1747647682602
counter/5/0/0/0,24160:1747647669816:,1747647682602
counter/9/0/0/0,27152:1747647670570:,1747647682602
counter/6/0/0/0,23537:1747647670291:,1747647682602
counter/10/0/0/0,21813:1747647666046:,1747647682602
counter/7/0/0/0,22889:1747647667831:,1747647682602
counter/5/0/0/0,24161:1747647669816:,1747647682602
counter/9/0/0/0,27153:1747647670570:,1747647682602
counter/8/0/0/0,24608:1747647668716:,1747647682602
counter/10/0/0/0,21814:1747647666046:,1747647682602
counter/7/0/0/0,22890:1747647667831:,1747647682602
counter/5/0/0/0,24162:1747647669827:,1747647682602
counter/9/0/0/0,27154:1747647670570:,1747647682603
counter/6/0/0/0,23538:1747647670291:,1747647682603
counter/3/0/0/0,21824:1747647668116:,1747647682603
counter/1/0/0/0,21976:1747647668164:,1747647682603
counter/10/0/0/0,21815:1747647666052:,1747647682603
counter/7/0/0/0,22891:1747647667831:,1747647682603
counter/5/0/0/0,24163:1747647669832:,1747647682603
counter/9/0/0/0,27155:1747647670570:,1747647682603
counter/10/0/0/0,21816:1747647666052:,1747647682603
counter/7/0/0/0,22892:1747647667831:,1747647682603
counter/5/0/0/0,24164:1747647669832:,1747647682603
counter/9/0/0/0,27156:1747647670570:,1747647682603
counter/10/0/0/0,21817:1747647666052:,1747647682603
counter/7/0/0/0,22893:1747647667831:,1747647682603
counter/5/0/0/0,24165:1747647669846:,1747647682603
counter/9/0/0/0,27157:1747647670570:,1747647682603
counter/10/0/0/0,21818:1747647666053:,1747647682603
counter/7/0/0/0,22894:1747647667831:,1747647682603
counter/5/0/0/0,24166:1747647669846:,1747647682603
counter/9/0/0/0,27158:1747647670570:,1747647682603
counter/10/0/0/0,21819:1747647666053:,1747647682603
counter/7/0/0/0,22895:1747647667839:,1747647682603
counter/5/0/0/0,24167:1747647669846:,1747647682603
counter/9/0/0/0,27159:1747647670570:,1747647682603
counter/10/0/0/0,21820:1747647666053:,1747647682603
counter/7/0/0/0,22896:1747647667839:,1747647682603
counter/5/0/0/0,24168:1747647669846:,1747647682603
counter/9/0/0/0,27160:1747647670570:,1747647682603
counter/10/0/0/0,21821:1747647666053:,1747647682603
counter/7/0/0/0,22897:1747647667839:,1747647682603
counter/5/0/0/0,24169:1747647669846:,1747647682603
counter/9/0/0/0,27161:1747647670570:,1747647682603
counter/10/0/0/0,21822:1747647666053:,1747647682603
counter/7/0/0/0,22898:1747647667839:,1747647682603
counter/5/0/0/0,24170:1747647669851:,1747647682603
counter/9/0/0/0,27162:1747647670571:,1747647682603
counter/10/0/0/0,21823:1747647666053:,1747647682603
counter/7/0/0/0,22899:1747647667839:,1747647682603
counter/5/0/0/0,24171:1747647669851:,1747647682604
counter/9/0/0/0,27163:1747647670571:,1747647682604
counter/10/0/0/0,21824:1747647666053:,1747647682604
counter/7/0/0/0,22900:1747647667839:,1747647682604
counter/5/0/0/0,24172:1747647669851:,1747647682604
counter/9/0/0/0,27164:1747647670571:,1747647682604
counter/10/0/0/0,21825:1747647666053:,1747647682604
counter/7/0/0/0,22901:1747647667839:,1747647682604
counter/5/0/0/0,24173:1747647669851:,1747647682604
counter/9/0/0/0,27165:1747647670571:,1747647682604
counter/10/0/0/0,21826:1747647666053:,1747647682604
counter/7/0/0/0,22902:1747647667839:,1747647682604
counter/5/0/0/0,24174:1747647669851:,1747647682604
counter/9/0/0/0,27166:1747647670571:,1747647682604
counter/10/0/0/0,21827:1747647666053:,1747647682604
counter/7/0/0/0,22903:1747647667839:,1747647682604
counter/5/0/0/0,24175:1747647669851:,1747647682604
counter/9/0/0/0,27167:1747647670571:,1747647682604
counter/10/0/0/0,21828:1747647666053:,1747647682604
counter/7/0/0/0,22904:1747647667839:,1747647682604
counter/5/0/0/0,24176:1747647669853:,1747647682604
counter/9/0/0/0,27168:1747647670571:,1747647682604
counter/10/0/0/0,21829:1747647666053:,1747647682604
counter/7/0/0/0,22905:1747647667839:,1747647682604
counter/5/0/0/0,24177:1747647669853:,1747647682604
counter/9/0/0/0,27169:1747647670571:,1747647682604
counter/10/0/0/0,21830:1747647666053:,1747647682604
counter/7/0/0/0,22906:1747647667842:,1747647682604
counter/5/0/0/0,24178:1747647669853:,1747647682604
counter/9/0/0/0,27170:1747647670571:,1747647682604
counter/10/0/0/0,21831:1747647666053:,1747647682604
counter/7/0/0/0,22907:1747647667842:,1747647682604
counter/5/0/0/0,24179:1747647669853:,1747647682604
counter/9/0/0/0,27171:1747647670571:,1747647682604
counter/10/0/0/0,21832:1747647666053:,1747647682604
counter/7/0/0/0,22908:1747647667843:,1747647682604
counter/5/0/0/0,24180:1747647669853:,1747647682604
counter/9/0/0/0,27172:1747647670588:,1747647682604
counter/10/0/0/0,21833:1747647666053:,1747647682604
counter/7/0/0/0,22909:1747647667844:,1747647682604
counter/5/0/0/0,24181:1747647669853:,1747647682604
counter/9/0/0/0,27173:1747647670588:,1747647682604
counter/8/0/0/0,24609:1747647668716:,1747647682605
counter/4/0/0/0,20578:1747647667637:,1747647682605
counter/10/0/0/0,21834:1747647666057:,1747647682605
counter/7/0/0/0,22910:1747647667845:,1747647682605
counter/5/0/0/0,24182:1747647669853:,1747647682605
counter/9/0/0/0,27174:1747647670588:,1747647682605
counter/10/0/0/0,21835:1747647666057:,1747647682605
counter/7/0/0/0,22911:1747647667845:,1747647682605
counter/5/0/0/0,24183:1747647669869:,1747647682605
counter/9/0/0/0,27175:1747647670588:,1747647682605
counter/10/0/0/0,21836:1747647666057:,1747647682605
counter/7/0/0/0,22912:1747647667845:,1747647682605
counter/5/0/0/0,24184:1747647669870:,1747647682605
counter/9/0/0/0,27176:1747647670602:,1747647682605
counter/10/0/0/0,21837:1747647666057:,1747647682605
counter/7/0/0/0,22913:1747647667845:,1747647682605
counter/5/0/0/0,24185:1747647669870:,1747647682605
counter/9/0/0/0,27177:1747647670602:,1747647682605
counter/10/0/0/0,21838:1747647666057:,1747647682605
counter/7/0/0/0,22914:1747647667845:,1747647682605
counter/5/0/0/0,24186:1747647669870:,1747647682605
counter/9/0/0/0,27178:1747647670602:,1747647682605
counter/10/0/0/0,21839:1747647666057:,1747647682605
counter/7/0/0/0,22915:1747647667850:,1747647682605
counter/5/0/0/0,24187:1747647669870:,1747647682605
counter/9/0/0/0,27179:1747647670603:,1747647682605
counter/10/0/0/0,21840:1747647666057:,1747647682605
counter/7/0/0/0,22916:1747647667850:,1747647682605
counter/5/0/0/0,24188:1747647669870:,1747647682605
counter/9/0/0/0,27180:1747647670603:,1747647682605
counter/10/0/0/0,21841:1747647666057:,1747647682605
counter/7/0/0/0,22917:1747647667850:,1747647682605
counter/5/0/0/0,24189:1747647669870:,1747647682605
counter/9/0/0/0,27181:1747647670603:,1747647682605
counter/10/0/0/0,21842:1747647666057:,1747647682605
counter/7/0/0/0,22918:1747647667850:,1747647682605
counter/5/0/0/0,24190:1747647669870:,1747647682605
counter/9/0/0/0,27182:1747647670603:,1747647682605
counter/10/0/0/0,21843:1747647666058:,1747647682606
counter/7/0/0/0,22919:1747647667850:,1747647682606
counter/5/0/0/0,24191:1747647669879:,1747647682606
counter/9/0/0/0,27183:1747647670603:,1747647682606
counter/10/0/0/0,21844:1747647666059:,1747647682606
counter/7/0/0/0,22920:1747647667851:,1747647682606
counter/5/0/0/0,24192:1747647669879:,1747647682606
counter/9/0/0/0,27184:1747647670603:,1747647682606
counter/10/0/0/0,21845:1747647666059:,1747647682606
counter/7/0/0/0,22921:1747647667851:,1747647682606
counter/5/0/0/0,24193:1747647669879:,1747647682606
counter/9/0/0/0,27185:1747647670603:,1747647682606
counter/10/0/0/0,21846:1747647666059:,1747647682606
counter/7/0/0/0,22922:1747647667851:,1747647682606
counter/5/0/0/0,24194:1747647669879:,1747647682606
counter/9/0/0/0,27186:1747647670603:,1747647682606
counter/10/0/0/0,21847:1747647666059:,1747647682606
counter/7/0/0/0,22923:1747647667851:,1747647682606
counter/5/0/0/0,24195:1747647669880:,1747647682606
counter/9/0/0/0,27187:1747647670603:,1747647682606
counter/10/0/0/0,21848:1747647666059:,1747647682606
counter/7/0/0/0,22924:1747647667851:,1747647682606
counter/5/0/0/0,24196:1747647669880:,1747647682606
counter/9/0/0/0,27188:1747647670603:,1747647682606
counter/10/0/0/0,21849:1747647666059:,1747647682606
counter/7/0/0/0,22925:1747647667851:,1747647682606
counter/5/0/0/0,24197:1747647669880:,1747647682606
counter/9/0/0/0,27189:1747647670603:,1747647682606
counter/10/0/0/0,21850:1747647666059:,1747647682606
counter/7/0/0/0,22926:1747647667851:,1747647682606
counter/5/0/0/0,24198:1747647669880:,1747647682606
counter/9/0/0/0,27190:1747647670603:,1747647682606
counter/10/0/0/0,21851:1747647666064:,1747647682606
counter/7/0/0/0,22927:1747647667851:,1747647682606
counter/5/0/0/0,24199:1747647669880:,1747647682606
counter/9/0/0/0,27191:1747647670603:,1747647682606
counter/10/0/0/0,21852:1747647666064:,1747647682606
counter/7/0/0/0,22928:1747647667851:,1747647682606
counter/5/0/0/0,24200:1747647669880:,1747647682606
counter/9/0/0/0,27192:1747647670603:,1747647682606
counter/10/0/0/0,21853:1747647666064:,1747647682606
counter/7/0/0/0,22929:1747647667853:,1747647682606
counter/5/0/0/0,24201:1747647669880:,1747647682606
counter/9/0/0/0,27193:1747647670603:,1747647682607
counter/10/0/0/0,21854:1747647666064:,1747647682607
counter/7/0/0/0,22930:1747647667853:,1747647682607
counter/5/0/0/0,24202:1747647669880:,1747647682607
counter/9/0/0/0,27194:1747647670603:,1747647682607
counter/10/0/0/0,21855:1747647666067:,1747647682607
counter/7/0/0/0,22931:1747647667853:,1747647682607
counter/5/0/0/0,24203:1747647669880:,1747647682607
counter/9/0/0/0,27195:1747647670603:,1747647682607
counter/10/0/0/0,21856:1747647666067:,1747647682607
counter/7/0/0/0,22932:1747647667853:,1747647682607
counter/5/0/0/0,24204:1747647669886:,1747647682607
counter/9/0/0/0,27196:1747647670603:,1747647682607
counter/4/0/0/0,20579:1747647667637:,1747647682607
counter/10/0/0/0,21857:1747647666067:,1747647682607
counter/7/0/0/0,22933:1747647667853:,1747647682607
counter/5/0/0/0,24205:1747647669886:,1747647682607
counter/9/0/0/0,27197:1747647670603:,1747647682607
counter/6/0/0/0,23539:1747647670291:,1747647682607
counter/1/0/0/0,21977:1747647668167:,1747647682607
counter/3/0/0/0,21825:1747647668116:,1747647682607
counter/10/0/0/0,21858:1747647666067:,1747647682607
counter/7/0/0/0,22934:1747647667853:,1747647682607
counter/5/0/0/0,24206:1747647669887:,1747647682607
counter/9/0/0/0,27198:1747647670603:,1747647682607
counter/2/0/0/0,26888:1747647671743:,1747647682607
counter/10/0/0/0,21859:1747647666067:,1747647682607
counter/7/0/0/0,22935:1747647667853:,1747647682607
counter/5/0/0/0,24207:1747647669887:,1747647682607
counter/9/0/0/0,27199:1747647670603:,1747647682607
counter/4/0/0/0,20580:1747647667637:,1747647682607
counter/6/0/0/0,23540:1747647670291:,1747647682607
counter/1/0/0/0,21978:1747647668167:,1747647682607
counter/10/0/0/0,21860:1747647666067:,1747647682607
counter/7/0/0/0,22936:1747647667853:,1747647682607
counter/5/0/0/0,24208:1747647669887:,1747647682607
counter/9/0/0/0,27200:1747647670603:,1747647682607
counter/3/0/0/0,21826:1747647668122:,1747647682607
counter/10/0/0/0,21861:1747647666067:,1747647682607
counter/7/0/0/0,22937:1747647667853:,1747647682607
counter/5/0/0/0,24209:1747647669888:,1747647682607
counter/9/0/0/0,27201:1747647670603:,1747647682608
counter/10/0/0/0,21862:1747647666067:,1747647682608
counter/7/0/0/0,22938:1747647667856:,1747647682608
counter/5/0/0/0,24210:1747647669888:,1747647682608
counter/9/0/0/0,27202:1747647670603:,1747647682608
counter/10/0/0/0,21863:1747647666083:,1747647682608
counter/7/0/0/0,22939:1747647667856:,1747647682608
counter/5/0/0/0,24211:1747647669888:,1747647682608
counter/9/0/0/0,27203:1747647670603:,1747647682608
counter/10/0/0/0,21864:1747647666083:,1747647682608
counter/7/0/0/0,22940:1747647667856:,1747647682608
counter/5/0/0/0,24212:1747647669888:,1747647682608
counter/9/0/0/0,27204:1747647670604:,1747647682608
counter/10/0/0/0,21865:1747647666083:,1747647682608
counter/7/0/0/0,22941:1747647667857:,1747647682608
counter/5/0/0/0,24213:1747647669888:,1747647682608
counter/9/0/0/0,27205:1747647670604:,1747647682608
counter/10/0/0/0,21866:1747647666083:,1747647682608
counter/7/0/0/0,22942:1747647667857:,1747647682608
counter/5/0/0/0,24214:1747647669888:,1747647682608
counter/9/0/0/0,27206:1747647670604:,1747647682608
counter/10/0/0/0,21867:1747647666083:,1747647682608
counter/7/0/0/0,22943:1747647667857:,1747647682608
counter/5/0/0/0,24215:1747647669888:,1747647682608
counter/9/0/0/0,27207:1747647670604:,1747647682608
counter/10/0/0/0,21868:1747647666083:,1747647682608
counter/7/0/0/0,22944:1747647667857:,1747647682608
counter/5/0/0/0,24216:1747647669888:,1747647682608
counter/9/0/0/0,27208:1747647670604:,1747647682608
counter/10/0/0/0,21869:1747647666083:,1747647682608
counter/7/0/0/0,22945:1747647667858:,1747647682608
counter/5/0/0/0,24217:1747647669888:,1747647682608
counter/9/0/0/0,27209:1747647670604:,1747647682608
counter/10/0/0/0,21870:1747647666083:,1747647682608
counter/7/0/0/0,22946:1747647667858:,1747647682608
counter/5/0/0/0,24218:1747647669888:,1747647682608
counter/9/0/0/0,27210:1747647670604:,1747647682608
counter/10/0/0/0,21871:1747647666083:,1747647682608
counter/7/0/0/0,22947:1747647667858:,1747647682608
counter/5/0/0/0,24219:1747647669889:,1747647682609
counter/9/0/0/0,27211:1747647670604:,1747647682609
counter/10/0/0/0,21872:1747647666089:,1747647682609
counter/7/0/0/0,22948:1747647667858:,1747647682609
counter/5/0/0/0,24220:1747647669889:,1747647682609
counter/9/0/0/0,27212:1747647670604:,1747647682609
counter/10/0/0/0,21873:1747647666089:,1747647682609
counter/7/0/0/0,22949:1747647667858:,1747647682609
counter/5/0/0/0,24221:1747647669889:,1747647682609
counter/9/0/0/0,27213:1747647670604:,1747647682609
counter/10/0/0/0,21874:1747647666090:,1747647682609
counter/7/0/0/0,22950:1747647667858:,1747647682609
counter/5/0/0/0,24222:1747647669889:,1747647682609
counter/9/0/0/0,27214:1747647670604:,1747647682609
counter/10/0/0/0,21875:1747647666090:,1747647682609
counter/7/0/0/0,22951:1747647667858:,1747647682609
counter/5/0/0/0,24223:1747647669889:,1747647682609
counter/9/0/0/0,27215:1747647670610:,1747647682609
counter/10/0/0/0,21876:1747647666090:,1747647682609
counter/7/0/0/0,22952:1747647667858:,1747647682609
counter/5/0/0/0,24224:1747647669889:,1747647682609
counter/9/0/0/0,27216:1747647670610:,1747647682609
counter/10/0/0/0,21877:1747647666090:,1747647682609
counter/7/0/0/0,22953:1747647667864:,1747647682609
counter/5/0/0/0,24225:1747647669907:,1747647682609
counter/9/0/0/0,27217:1747647670610:,1747647682609
counter/10/0/0/0,21878:1747647666090:,1747647682609
counter/7/0/0/0,22954:1747647667864:,1747647682609
counter/5/0/0/0,24226:1747647669907:,1747647682609
counter/9/0/0/0,27218:1747647670610:,1747647682609
counter/10/0/0/0,21879:1747647666090:,1747647682609
counter/7/0/0/0,22955:1747647667864:,1747647682609
counter/5/0/0/0,24227:1747647669907:,1747647682609
counter/9/0/0/0,27219:1747647670611:,1747647682609
counter/10/0/0/0,21880:1747647666090:,1747647682609
counter/7/0/0/0,22956:1747647667865:,1747647682609
counter/5/0/0/0,24228:1747647669907:,1747647682609
counter/9/0/0/0,27220:1747647670611:,1747647682609
counter/4/0/0/0,20581:1747647667637:,1747647682609
counter/10/0/0/0,21881:1747647666090:,1747647682609
counter/7/0/0/0,22957:1747647667865:,1747647682609
counter/5/0/0/0,24229:1747647669907:,1747647682609
counter/9/0/0/0,27221:1747647670611:,1747647682610
counter/4/0/0/0,20582:1747647667643:,1747647682610
counter/10/0/0/0,21882:1747647666090:,1747647682610
counter/7/0/0/0,22958:1747647667865:,1747647682610
counter/5/0/0/0,24230:1747647669907:,1747647682610
counter/9/0/0/0,27222:1747647670611:,1747647682610
counter/4/0/0/0,20583:1747647667643:,1747647682610
counter/10/0/0/0,21883:1747647666090:,1747647682610
counter/7/0/0/0,22959:1747647667865:,1747647682610
counter/5/0/0/0,24231:1747647669907:,1747647682610
counter/9/0/0/0,27223:1747647670611:,1747647682610
counter/4/0/0/0,20584:1747647667643:,1747647682610
counter/10/0/0/0,21884:1747647666090:,1747647682610
counter/7/0/0/0,22960:1747647667865:,1747647682610
counter/5/0/0/0,24232:1747647669907:,1747647682610
counter/9/0/0/0,27224:1747647670611:,1747647682610
counter/4/0/0/0,20585:1747647667643:,1747647682610
counter/10/0/0/0,21885:1747647666090:,1747647682610
counter/7/0/0/0,22961:1747647667865:,1747647682610
counter/5/0/0/0,24233:1747647669907:,1747647682610
counter/9/0/0/0,27225:1747647670611:,1747647682610
counter/4/0/0/0,20586:1747647667643:,1747647682610
counter/10/0/0/0,21886:1747647666090:,1747647682610
counter/7/0/0/0,22962:1747647667865:,1747647682610
counter/5/0/0/0,24234:1747647669907:,1747647682610
counter/9/0/0/0,27226:1747647670611:,1747647682610
counter/4/0/0/0,20587:1747647667643:,1747647682610
counter/10/0/0/0,21887:1747647666090:,1747647682610
counter/7/0/0/0,22963:1747647667865:,1747647682610
counter/5/0/0/0,24235:1747647669907:,1747647682610
counter/9/0/0/0,27227:1747647670611:,1747647682610
counter/4/0/0/0,20588:1747647667643:,1747647682610
counter/10/0/0/0,21888:1747647666090:,1747647682610
counter/7/0/0/0,22964:1747647667865:,1747647682610
counter/5/0/0/0,24236:1747647669907:,1747647682610
counter/9/0/0/0,27228:1747647670611:,1747647682610
counter/4/0/0/0,20589:1747647667643:,1747647682610
counter/10/0/0/0,21889:1747647666090:,1747647682610
counter/7/0/0/0,22965:1747647667865:,1747647682611
counter/5/0/0/0,24237:1747647669907:,1747647682611
counter/9/0/0/0,27229:1747647670611:,1747647682611
counter/4/0/0/0,20590:1747647667643:,1747647682611
counter/10/0/0/0,21890:1747647666090:,1747647682611
counter/7/0/0/0,22966:1747647667868:,1747647682611
counter/5/0/0/0,24238:1747647669908:,1747647682611
counter/9/0/0/0,27230:1747647670612:,1747647682611
counter/4/0/0/0,20591:1747647667643:,1747647682611
counter/10/0/0/0,21891:1747647666090:,1747647682611
counter/7/0/0/0,22967:1747647667868:,1747647682611
counter/5/0/0/0,24239:1747647669908:,1747647682611
counter/9/0/0/0,27231:1747647670612:,1747647682611
counter/4/0/0/0,20592:1747647667647:,1747647682611
counter/10/0/0/0,21892:1747647666090:,1747647682611
counter/7/0/0/0,22968:1747647667870:,1747647682611
counter/5/0/0/0,24240:1747647669908:,1747647682611
counter/9/0/0/0,27232:1747647670612:,1747647682611
counter/4/0/0/0,20593:1747647667667:,1747647682611
counter/10/0/0/0,21893:1747647666090:,1747647682611
counter/7/0/0/0,22969:1747647667870:,1747647682611
counter/5/0/0/0,24241:1747647669908:,1747647682611
counter/9/0/0/0,27233:1747647670612:,1747647682611
counter/4/0/0/0,20594:1747647667668:,1747647682611
counter/10/0/0/0,21894:1747647666090:,1747647682611
counter/7/0/0/0,22970:1747647667870:,1747647682611
counter/5/0/0/0,24242:1747647669908:,1747647682611
counter/9/0/0/0,27234:1747647670612:,1747647682611
counter/4/0/0/0,20595:1747647667668:,1747647682611
counter/10/0/0/0,21895:1747647666090:,1747647682611
counter/7/0/0/0,22971:1747647667870:,1747647682611
counter/5/0/0/0,24243:1747647669908:,1747647682611
counter/9/0/0/0,27235:1747647670612:,1747647682611
counter/4/0/0/0,20596:1747647667668:,1747647682611
counter/10/0/0/0,21896:1747647666090:,1747647682611
counter/7/0/0/0,22972:1747647667872:,1747647682611
counter/5/0/0/0,24244:1747647669908:,1747647682611
counter/9/0/0/0,27236:1747647670612:,1747647682611
counter/4/0/0/0,20597:1747647667668:,1747647682611
counter/10/0/0/0,21897:1747647666090:,1747647682611
counter/7/0/0/0,22973:1747647667872:,1747647682611
counter/5/0/0/0,24245:1747647669908:,1747647682612
counter/9/0/0/0,27237:1747647670612:,1747647682612
counter/4/0/0/0,20598:1747647667668:,1747647682612
counter/10/0/0/0,21898:1747647666090:,1747647682612
counter/7/0/0/0,22974:1747647667872:,1747647682612
counter/5/0/0/0,24246:1747647669908:,1747647682612
counter/9/0/0/0,27238:1747647670612:,1747647682612
counter/4/0/0/0,20599:1747647667668:,1747647682612
counter/10/0/0/0,21899:1747647666090:,1747647682612
counter/7/0/0/0,22975:1747647667872:,1747647682612
counter/5/0/0/0,24247:1747647669908:,1747647682612
counter/9/0/0/0,27239:1747647670612:,1747647682612
counter/4/0/0/0,20600:1747647667668:,1747647682612
counter/10/0/0/0,21900:1747647666093:,1747647682612
counter/7/0/0/0,22976:1747647667879:,1747647682612
counter/5/0/0/0,24248:1747647669908:,1747647682612
counter/9/0/0/0,27240:1747647670612:,1747647682612
counter/4/0/0/0,20601:1747647667668:,1747647682612
counter/10/0/0/0,21901:1747647666093:,1747647682612
counter/7/0/0/0,22977:1747647667879:,1747647682612
counter/5/0/0/0,24249:1747647669908:,1747647682612
counter/9/0/0/0,27241:1747647670612:,1747647682612
counter/4/0/0/0,20602:1747647667668:,1747647682612
counter/10/0/0/0,21902:1747647666093:,1747647682612
counter/7/0/0/0,22978:1747647667879:,1747647682612
counter/5/0/0/0,24250:1747647669908:,1747647682612
counter/9/0/0/0,27242:1747647670613:,1747647682612
counter/4/0/0/0,20603:1747647667668:,1747647682612
counter/10/0/0/0,21903:1747647666093:,1747647682612
counter/7/0/0/0,22979:1747647667879:,1747647682612
counter/5/0/0/0,24251:1747647669908:,1747647682612
counter/9/0/0/0,27243:1747647670613:,1747647682612
counter/4/0/0/0,20604:1747647667668:,1747647682612
counter/10/0/0/0,21904:1747647666093:,1747647682612
counter/7/0/0/0,22980:1747647667879:,1747647682612
counter/5/0/0/0,24252:1747647669908:,1747647682612
counter/9/0/0/0,27244:1747647670615:,1747647682612
counter/4/0/0/0,20605:1747647667668:,1747647682612
counter/10/0/0/0,21905:1747647666093:,1747647682612
counter/7/0/0/0,22981:1747647667879:,1747647682612
counter/5/0/0/0,24253:1747647669908:,1747647682612
counter/9/0/0/0,27245:1747647670615:,1747647682613
counter/4/0/0/0,20606:1747647667669:,1747647682613
counter/10/0/0/0,21906:1747647666093:,1747647682613
counter/7/0/0/0,22982:1747647667879:,1747647682613
counter/5/0/0/0,24254:1747647669908:,1747647682613
counter/9/0/0/0,27246:1747647670615:,1747647682613
counter/4/0/0/0,20607:1747647667669:,1747647682613
counter/10/0/0/0,21907:1747647666093:,1747647682613
counter/7/0/0/0,22983:1747647667879:,1747647682613
counter/5/0/0/0,24255:1747647669908:,1747647682613
counter/9/0/0/0,27247:1747647670615:,1747647682613
counter/4/0/0/0,20608:1747647667669:,1747647682613
counter/10/0/0/0,21908:1747647666093:,1747647682613
counter/7/0/0/0,22984:1747647667879:,1747647682613
counter/5/0/0/0,24256:1747647669908:,1747647682613
counter/9/0/0/0,27248:1747647670615:,1747647682613
counter/4/0/0/0,20609:1747647667669:,1747647682613
counter/10/0/0/0,21909:1747647666093:,1747647682613
counter/7/0/0/0,22985:1747647667879:,1747647682613
counter/5/0/0/0,24257:1747647669908:,1747647682613
counter/9/0/0/0,27249:1747647670615:,1747647682613
counter/4/0/0/0,20610:1747647667669:,1747647682613
counter/10/0/0/0,21910:1747647666093:,1747647682613
counter/7/0/0/0,22986:1747647667879:,1747647682613
counter/5/0/0/0,24258:1747647669908:,1747647682613
counter/9/0/0/0,27250:1747647670615:,1747647682613
counter/4/0/0/0,20611:1747647667673:,1747647682613
counter/10/0/0/0,21911:1747647666093:,1747647682613
counter/7/0/0/0,22987:1747647667879:,1747647682613
counter/5/0/0/0,24259:1747647669908:,1747647682613
counter/9/0/0/0,27251:1747647670615:,1747647682613
counter/4/0/0/0,20612:1747647667673:,1747647682613
counter/10/0/0/0,21912:1747647666093:,1747647682613
counter/7/0/0/0,22988:1747647667879:,1747647682613
counter/5/0/0/0,24260:1747647669908:,1747647682613
counter/9/0/0/0,27252:1747647670615:,1747647682613
counter/4/0/0/0,20613:1747647667673:,1747647682613
counter/10/0/0/0,21913:1747647666093:,1747647682613
counter/7/0/0/0,22989:1747647667879:,1747647682613
counter/5/0/0/0,24261:1747647669908:,1747647682614
counter/9/0/0/0,27253:1747647670616:,1747647682614
counter/4/0/0/0,20614:1747647667673:,1747647682614
counter/10/0/0/0,21914:1747647666093:,1747647682614
counter/7/0/0/0,22990:1747647667879:,1747647682614
counter/5/0/0/0,24262:1747647669908:,1747647682614
counter/9/0/0/0,27254:1747647670616:,1747647682614
counter/4/0/0/0,20615:1747647667673:,1747647682614
counter/10/0/0/0,21915:1747647666093:,1747647682614
counter/7/0/0/0,22991:1747647667879:,1747647682614
counter/5/0/0/0,24263:1747647669908:,1747647682614
counter/9/0/0/0,27255:1747647670617:,1747647682614
counter/4/0/0/0,20616:1747647667673:,1747647682614
counter/10/0/0/0,21916:1747647666093:,1747647682614
counter/7/0/0/0,22992:1747647667893:,1747647682614
counter/5/0/0/0,24264:1747647669909:,1747647682614
counter/9/0/0/0,27256:1747647670617:,1747647682614
counter/4/0/0/0,20617:1747647667673:,1747647682614
counter/10/0/0/0,21917:1747647666093:,1747647682614
counter/7/0/0/0,22993:1747647667919:,1747647682614
counter/5/0/0/0,24265:1747647669909:,1747647682614
counter/9/0/0/0,27257:1747647670617:,1747647682614
counter/4/0/0/0,20618:1747647667673:,1747647682614
counter/6/0/0/0,23541:1747647670291:,1747647682614
counter/10/0/0/0,21918:1747647666093:,1747647682614
counter/7/0/0/0,22994:1747647667919:,1747647682614
counter/5/0/0/0,24266:1747647669909:,1747647682614
counter/9/0/0/0,27258:1747647670617:,1747647682614
counter/4/0/0/0,20619:1747647667674:,1747647682614
counter/6/0/0/0,23542:1747647670291:,1747647682614
counter/10/0/0/0,21919:1747647666093:,1747647682614
counter/7/0/0/0,22995:1747647667919:,1747647682614
counter/5/0/0/0,24267:1747647669909:,1747647682614
counter/9/0/0/0,27259:1747647670617:,1747647682614
counter/4/0/0/0,20620:1747647667674:,1747647682614
counter/6/0/0/0,23543:1747647670291:,1747647682614
counter/10/0/0/0,21920:1747647666093:,1747647682614
counter/7/0/0/0,22996:1747647667919:,1747647682614
counter/5/0/0/0,24268:1747647669909:,1747647682614
counter/9/0/0/0,27260:1747647670617:,1747647682614
counter/4/0/0/0,20621:1747647667674:,1747647682614
counter/6/0/0/0,23544:1747647670291:,1747647682615
counter/10/0/0/0,21921:1747647666094:,1747647682615
counter/7/0/0/0,22997:1747647667926:,1747647682615
counter/5/0/0/0,24269:1747647669909:,1747647682615
counter/9/0/0/0,27261:1747647670617:,1747647682615
counter/4/0/0/0,20622:1747647667674:,1747647682615
counter/6/0/0/0,23545:1747647670291:,1747647682615
counter/10/0/0/0,21922:1747647666094:,1747647682615
counter/7/0/0/0,22998:1747647667926:,1747647682615
counter/5/0/0/0,24270:1747647669909:,1747647682615
counter/9/0/0/0,27262:1747647670617:,1747647682615
counter/4/0/0/0,20623:1747647667674:,1747647682615
counter/6/0/0/0,23546:1747647670295:,1747647682615
counter/10/0/0/0,21923:1747647666103:,1747647682615
counter/7/0/0/0,22999:1747647667926:,1747647682615
counter/5/0/0/0,24271:1747647669909:,1747647682615
counter/9/0/0/0,27263:1747647670617:,1747647682615
counter/4/0/0/0,20624:1747647667674:,1747647682615
counter/6/0/0/0,23547:1747647670295:,1747647682615
counter/10/0/0/0,21924:1747647666109:,1747647682615
counter/7/0/0/0,23000:1747647667926:,1747647682615
counter/5/0/0/0,24272:1747647669909:,1747647682615
counter/9/0/0/0,27264:1747647670633:,1747647682615
counter/4/0/0/0,20625:1747647667674:,1747647682615
counter/6/0/0/0,23548:1747647670295:,1747647682615
counter/10/0/0/0,21925:1747647666110:,1747647682615
counter/7/0/0/0,23001:1747647667926:,1747647682615
counter/5/0/0/0,24273:1747647669909:,1747647682615
counter/9/0/0/0,27265:1747647670633:,1747647682615
counter/4/0/0/0,20626:1747647667674:,1747647682615
counter/6/0/0/0,23549:1747647670295:,1747647682615
counter/10/0/0/0,21926:1747647666110:,1747647682615
counter/7/0/0/0,23002:1747647667926:,1747647682615
counter/5/0/0/0,24274:1747647669909:,1747647682615
counter/9/0/0/0,27266:1747647670633:,1747647682615
counter/4/0/0/0,20627:1747647667674:,1747647682615
counter/6/0/0/0,23550:1747647670295:,1747647682615
counter/10/0/0/0,21927:1747647666110:,1747647682616
counter/7/0/0/0,23003:1747647667929:,1747647682616
counter/5/0/0/0,24275:1747647669910:,1747647682616
counter/9/0/0/0,27267:1747647670633:,1747647682616
counter/4/0/0/0,20628:1747647667675:,1747647682616
counter/6/0/0/0,23551:1747647670295:,1747647682616
counter/10/0/0/0,21928:1747647666110:,1747647682616
counter/7/0/0/0,23004:1747647667929:,1747647682616
counter/5/0/0/0,24276:1747647669910:,1747647682616
counter/9/0/0/0,27268:1747647670633:,1747647682616
counter/4/0/0/0,20629:1747647667675:,1747647682616
counter/6/0/0/0,23552:1747647670295:,1747647682616
counter/10/0/0/0,21929:1747647666110:,1747647682616
counter/7/0/0/0,23005:1747647667929:,1747647682616
counter/5/0/0/0,24277:1747647669910:,1747647682616
counter/9/0/0/0,27269:1747647670633:,1747647682616
counter/4/0/0/0,20630:1747647667675:,1747647682616
counter/6/0/0/0,23553:1747647670295:,1747647682616
counter/3/0/0/0,21827:1747647668123:,1747647682616
counter/10/0/0/0,21930:1747647666620:,1747647682616
counter/7/0/0/0,23006:1747647667929:,1747647682616
counter/5/0/0/0,24278:1747647669923:,1747647682616
counter/9/0/0/0,27270:1747647670634:,1747647682616
counter/4/0/0/0,20631:1747647667675:,1747647682616
counter/6/0/0/0,23554:1747647670295:,1747647682616
counter/10/0/0/0,21931:1747647666622:,1747647682616
counter/7/0/0/0,23007:1747647667929:,1747647682616
counter/5/0/0/0,24279:1747647669923:,1747647682616
counter/9/0/0/0,27271:1747647670634:,1747647682616
counter/4/0/0/0,20632:1747647667675:,1747647682616
counter/6/0/0/0,23555:1747647670295:,1747647682616
counter/10/0/0/0,21932:1747647666624:,1747647682616
counter/7/0/0/0,23008:1747647667929:,1747647682616
counter/5/0/0/0,24280:1747647669923:,1747647682616
counter/9/0/0/0,27272:1747647670634:,1747647682616
counter/4/0/0/0,20633:1747647667675:,1747647682616
counter/6/0/0/0,23556:1747647670296:,1747647682616
counter/1/0/0/0,21979:1747647668167:,1747647682616
counter/10/0/0/0,21933:1747647666625:,1747647682616
counter/7/0/0/0,23009:1747647667929:,1747647682616
counter/5/0/0/0,24281:1747647669923:,1747647682616
counter/9/0/0/0,27273:1747647670634:,1747647682616
counter/4/0/0/0,20634:1747647667681:,1747647682616
counter/6/0/0/0,23557:1747647670297:,1747647682616
counter/10/0/0/0,21934:1747647666627:,1747647682617
counter/7/0/0/0,23010:1747647667929:,1747647682617
counter/5/0/0/0,24282:1747647669923:,1747647682617
counter/9/0/0/0,27274:1747647670634:,1747647682617
counter/4/0/0/0,20635:1747647667682:,1747647682617
counter/6/0/0/0,23558:1747647670298:,1747647682617
counter/8/0/0/0,24610:1747647668716:,1747647682617
counter/10/0/0/0,21935:1747647666627:,1747647682617
counter/7/0/0/0,23011:1747647667930:,1747647682617
counter/5/0/0/0,24283:1747647669923:,1747647682617
counter/9/0/0/0,27275:1747647670634:,1747647682617
counter/4/0/0/0,20636:1747647667682:,1747647682617
counter/6/0/0/0,23559:1747647670298:,1747647682617
counter/8/0/0/0,24611:1747647668716:,1747647682617
counter/10/0/0/0,21936:1747647666629:,1747647682617
counter/7/0/0/0,23012:1747647667930:,1747647682617
counter/5/0/0/0,24284:1747647669924:,1747647682617
counter/9/0/0/0,27276:1747647670635:,1747647682617
counter/4/0/0/0,20637:1747647667682:,1747647682617
counter/6/0/0/0,23560:1747647670300:,1747647682617
counter/8/0/0/0,24612:1747647668716:,1747647682617
counter/10/0/0/0,21937:1747647666629:,1747647682617
counter/7/0/0/0,23013:1747647667930:,1747647682617
counter/5/0/0/0,24285:1747647669924:,1747647682617
counter/9/0/0/0,27277:1747647670635:,1747647682617
counter/4/0/0/0,20638:1747647667682:,1747647682617
counter/6/0/0/0,23561:1747647670300:,1747647682617
counter/2/0/0/0,26889:1747647671743:,1747647682617
counter/10/0/0/0,21938:1747647666632:,1747647682617
counter/7/0/0/0,23014:1747647667936:,1747647682617
counter/5/0/0/0,24286:1747647669924:,1747647682617
counter/9/0/0/0,27278:1747647670635:,1747647682617
counter/4/0/0/0,20639:1747647667682:,1747647682617
counter/6/0/0/0,23562:1747647670300:,1747647682617
counter/2/0/0/0,26890:1747647671743:,1747647682617
counter/8/0/0/0,24613:1747647668716:,1747647682617
counter/10/0/0/0,21939:1747647666633:,1747647682617
counter/7/0/0/0,23015:1747647667936:,1747647682617
counter/5/0/0/0,24287:1747647669924:,1747647682617
counter/9/0/0/0,27279:1747647670637:,1747647682617
counter/4/0/0/0,20640:1747647667682:,1747647682618
counter/6/0/0/0,23563:1747647670300:,1747647682618
counter/2/0/0/0,26891:1747647671743:,1747647682618
counter/10/0/0/0,21940:1747647666633:,1747647682618
counter/7/0/0/0,23016:1747647667943:,1747647682618
counter/5/0/0/0,24288:1747647669924:,1747647682618
counter/9/0/0/0,27280:1747647670637:,1747647682618
counter/4/0/0/0,20641:1747647667682:,1747647682618
counter/6/0/0/0,23564:1747647670301:,1747647682618
counter/10/0/0/0,21941:1747647666641:,1747647682618
counter/7/0/0/0,23017:1747647667943:,1747647682618
counter/5/0/0/0,24289:1747647669924:,1747647682618
counter/9/0/0/0,27281:1747647670637:,1747647682618
counter/4/0/0/0,20642:1747647667682:,1747647682618
counter/6/0/0/0,23565:1747647670308:,1747647682618
counter/10/0/0/0,21942:1747647666641:,1747647682618
counter/7/0/0/0,23018:1747647667943:,1747647682618
counter/5/0/0/0,24290:1747647669924:,1747647682618
counter/9/0/0/0,27282:1747647670637:,1747647682618
counter/4/0/0/0,20643:1747647667682:,1747647682618
counter/6/0/0/0,23566:1747647670309:,1747647682618
counter/10/0/0/0,21943:1747647666642:,1747647682618
counter/7/0/0/0,23019:1747647667943:,1747647682618
counter/5/0/0/0,24291:1747647669924:,1747647682618
counter/9/0/0/0,27283:1747647670637:,1747647682618
counter/4/0/0/0,20644:1747647667682:,1747647682618
counter/6/0/0/0,23567:1747647670311:,1747647682618
counter/10/0/0/0,21944:1747647666642:,1747647682618
counter/7/0/0/0,23020:1747647667943:,1747647682618
counter/5/0/0/0,24292:1747647669924:,1747647682618
counter/9/0/0/0,27284:1747647670637:,1747647682618
counter/4/0/0/0,20645:1747647667682:,1747647682618
counter/6/0/0/0,23568:1747647670311:,1747647682618
counter/10/0/0/0,21945:1747647666648:,1747647682618
counter/7/0/0/0,23021:1747647667943:,1747647682618
counter/5/0/0/0,24293:1747647669924:,1747647682618
counter/9/0/0/0,27285:1747647670637:,1747647682618
counter/4/0/0/0,20646:1747647667703:,1747647682618
counter/6/0/0/0,23569:1747647670311:,1747647682618
counter/10/0/0/0,21946:1747647666648:,1747647682618
counter/7/0/0/0,23022:1747647667944:,1747647682619
counter/5/0/0/0,24294:1747647669924:,1747647682619
counter/9/0/0/0,27286:1747647670637:,1747647682619
counter/4/0/0/0,20647:1747647667703:,1747647682619
counter/6/0/0/0,23570:1747647670311:,1747647682619
counter/10/0/0/0,21947:1747647666650:,1747647682619
counter/7/0/0/0,23023:1747647667944:,1747647682619
counter/5/0/0/0,24295:1747647669924:,1747647682619
counter/9/0/0/0,27287:1747647670637:,1747647682619
counter/4/0/0/0,20648:1747647667703:,1747647682619
counter/6/0/0/0,23571:1747647670311:,1747647682619
counter/10/0/0/0,21948:1747647666650:,1747647682619
counter/7/0/0/0,23024:1747647667944:,1747647682619
counter/5/0/0/0,24296:1747647669924:,1747647682619
counter/9/0/0/0,27288:1747647670639:,1747647682619
counter/4/0/0/0,20649:1747647667703:,1747647682619
counter/6/0/0/0,23572:1747647670311:,1747647682619
counter/10/0/0/0,21949:1747647666650:,1747647682619
counter/7/0/0/0,23025:1747647667944:,1747647682619
counter/5/0/0/0,24297:1747647669938:,1747647682619
counter/9/0/0/0,27289:1747647670639:,1747647682619
counter/4/0/0/0,20650:1747647667703:,1747647682619
counter/6/0/0/0,23573:1747647670311:,1747647682619
counter/10/0/0/0,21950:1747647666650:,1747647682619
counter/7/0/0/0,23026:1747647667944:,1747647682619
counter/5/0/0/0,24298:1747647669938:,1747647682619
counter/9/0/0/0,27290:1747647670639:,1747647682619
counter/4/0/0/0,20651:1747647667703:,1747647682619
counter/6/0/0/0,23574:1747647670311:,1747647682619
counter/10/0/0/0,21951:1747647666650:,1747647682619
counter/7/0/0/0,23027:1747647667944:,1747647682619
counter/5/0/0/0,24299:1747647669938:,1747647682619
counter/9/0/0/0,27291:1747647670639:,1747647682619
counter/4/0/0/0,20652:1747647667703:,1747647682619
counter/6/0/0/0,23575:1747647670312:,1747647682619
counter/10/0/0/0,21952:1747647666650:,1747647682619
counter/7/0/0/0,23028:1747647667944:,1747647682619
counter/5/0/0/0,24300:1747647669938:,1747647682619
counter/9/0/0/0,27292:1747647670640:,1747647682619
counter/4/0/0/0,20653:1747647667703:,1747647682619
counter/6/0/0/0,23576:1747647670313:,1747647682619
counter/10/0/0/0,21953:1747647666650:,1747647682620
counter/7/0/0/0,23029:1747647667944:,1747647682620
counter/5/0/0/0,24301:1747647669938:,1747647682620
counter/9/0/0/0,27293:1747647670640:,1747647682620
counter/4/0/0/0,20654:1747647667703:,1747647682620
counter/6/0/0/0,23577:1747647670313:,1747647682620
counter/10/0/0/0,21954:1747647666650:,1747647682620
counter/7/0/0/0,23030:1747647667944:,1747647682620
counter/5/0/0/0,24302:1747647669938:,1747647682620
counter/9/0/0/0,27294:1747647670641:,1747647682620
counter/4/0/0/0,20655:1747647667703:,1747647682620
counter/6/0/0/0,23578:1747647670313:,1747647682620
counter/10/0/0/0,21955:1747647666650:,1747647682620
counter/7/0/0/0,23031:1747647667948:,1747647682620
counter/5/0/0/0,24303:1747647669938:,1747647682620
counter/9/0/0/0,27295:1747647670641:,1747647682620
counter/4/0/0/0,20656:1747647667703:,1747647682620
counter/6/0/0/0,23579:1747647670313:,1747647682620
counter/10/0/0/0,21956:1747647666650:,1747647682620
counter/7/0/0/0,23032:1747647667948:,1747647682620
counter/5/0/0/0,24304:1747647669938:,1747647682620
counter/9/0/0/0,27296:1747647670654:,1747647682620
counter/4/0/0/0,20657:1747647667703:,1747647682620
counter/6/0/0/0,23580:1747647670315:,1747647682620
counter/3/0/0/0,21828:1747647668123:,1747647682620
counter/10/0/0/0,21957:1747647666650:,1747647682620
counter/7/0/0/0,23033:1747647667948:,1747647682620
counter/5/0/0/0,24305:1747647669938:,1747647682620
counter/9/0/0/0,27297:1747647670654:,1747647682620
counter/4/0/0/0,20658:1747647667703:,1747647682620
counter/6/0/0/0,23581:1747647670315:,1747647682620
counter/10/0/0/0,21958:1747647666650:,1747647682620
counter/7/0/0/0,23034:1747647667948:,1747647682620
counter/5/0/0/0,24306:1747647669938:,1747647682620
counter/9/0/0/0,27298:1747647670654:,1747647682620
counter/4/0/0/0,20659:1747647667703:,1747647682620
counter/6/0/0/0,23582:1747647670315:,1747647682620
counter/10/0/0/0,21959:1747647666650:,1747647682620
counter/7/0/0/0,23035:1747647667948:,1747647682620
counter/5/0/0/0,24307:1747647669938:,1747647682621
counter/9/0/0/0,27299:1747647670654:,1747647682621
counter/4/0/0/0,20660:1747647667703:,1747647682621
counter/6/0/0/0,23583:1747647670315:,1747647682621
counter/10/0/0/0,21960:1747647666650:,1747647682621
counter/7/0/0/0,23036:1747647667948:,1747647682621
counter/5/0/0/0,24308:1747647669938:,1747647682621
counter/9/0/0/0,27300:1747647670654:,1747647682621
counter/4/0/0/0,20661:1747647667703:,1747647682621
counter/6/0/0/0,23584:1747647670315:,1747647682621
counter/10/0/0/0,21961:1747647666650:,1747647682621
counter/7/0/0/0,23037:1747647667948:,1747647682621
counter/5/0/0/0,24309:1747647669938:,1747647682621
counter/9/0/0/0,27301:1747647670654:,1747647682621
counter/4/0/0/0,20662:1747647667704:,1747647682621
counter/6/0/0/0,23585:1747647670315:,1747647682621
counter/10/0/0/0,21962:1747647666656:,1747647682621
counter/7/0/0/0,23038:1747647667948:,1747647682621
counter/5/0/0/0,24310:1747647669938:,1747647682621
counter/9/0/0/0,27302:1747647670654:,1747647682621
counter/4/0/0/0,20663:1747647667704:,1747647682621
counter/6/0/0/0,23586:1747647670316:,1747647682621
counter/10/0/0/0,21963:1747647666657:,1747647682621
counter/7/0/0/0,23039:1747647667948:,1747647682621
counter/5/0/0/0,24311:1747647669938:,1747647682621
counter/9/0/0/0,27303:1747647670654:,1747647682621
counter/4/0/0/0,20664:1747647667704:,1747647682621
counter/6/0/0/0,23587:1747647670316:,1747647682621
counter/10/0/0/0,21964:1747647666657:,1747647682621
counter/7/0/0/0,23040:1747647667948:,1747647682621
counter/5/0/0/0,24312:1747647669938:,1747647682621
counter/9/0/0/0,27304:1747647670654:,1747647682621
counter/4/0/0/0,20665:1747647667713:,1747647682621
counter/6/0/0/0,23588:1747647670316:,1747647682621
counter/10/0/0/0,21965:1747647666657:,1747647682621
counter/7/0/0/0,23041:1747647667948:,1747647682621
counter/5/0/0/0,24313:1747647669938:,1747647682621
counter/9/0/0/0,27305:1747647670654:,1747647682621
counter/4/0/0/0,20666:1747647667713:,1747647682621
counter/6/0/0/0,23589:1747647670321:,1747647682621
counter/8/0/0/0,24614:1747647668716:,1747647682621
counter/10/0/0/0,21966:1747647666657:,1747647682621
counter/7/0/0/0,23042:1747647667949:,1747647682622
counter/5/0/0/0,24314:1747647669938:,1747647682622
counter/9/0/0/0,27306:1747647670657:,1747647682622
counter/4/0/0/0,20667:1747647667713:,1747647682622
counter/6/0/0/0,23590:1747647670321:,1747647682622
counter/10/0/0/0,21967:1747647666657:,1747647682622
counter/7/0/0/0,23043:1747647667949:,1747647682622
counter/5/0/0/0,24315:1747647669938:,1747647682622
counter/9/0/0/0,27307:1747647670657:,1747647682622
counter/4/0/0/0,20668:1747647667713:,1747647682622
counter/6/0/0/0,23591:1747647670322:,1747647682622
counter/10/0/0/0,21968:1747647666657:,1747647682622
counter/7/0/0/0,23044:1747647667949:,1747647682622
counter/5/0/0/0,24316:1747647669938:,1747647682622
counter/9/0/0/0,27308:1747647670657:,1747647682622
counter/4/0/0/0,20669:1747647667718:,1747647682622
counter/6/0/0/0,23592:1747647670322:,1747647682622
counter/10/0/0/0,21969:1747647666657:,1747647682622
counter/7/0/0/0,23045:1747647667949:,1747647682622
counter/5/0/0/0,24317:1747647669938:,1747647682622
counter/9/0/0/0,27309:1747647670657:,1747647682622
counter/4/0/0/0,20670:1747647667718:,1747647682622
counter/6/0/0/0,23593:1747647670322:,1747647682622
counter/10/0/0/0,21970:1747647666659:,1747647682622
counter/7/0/0/0,23046:1747647667949:,1747647682622
counter/5/0/0/0,24318:1747647669938:,1747647682622
counter/9/0/0/0,27310:1747647670657:,1747647682622
counter/4/0/0/0,20671:1747647667718:,1747647682622
counter/6/0/0/0,23594:1747647670322:,1747647682622
counter/10/0/0/0,21971:1747647666659:,1747647682622
counter/7/0/0/0,23047:1747647667949:,1747647682622
counter/5/0/0/0,24319:1747647669938:,1747647682622
counter/9/0/0/0,27311:1747647670657:,1747647682622
counter/4/0/0/0,20672:1747647667718:,1747647682622
counter/6/0/0/0,23595:1747647670322:,1747647682622
counter/10/0/0/0,21972:1747647666659:,1747647682622
counter/7/0/0/0,23048:1747647667949:,1747647682622
counter/5/0/0/0,24320:1747647669938:,1747647682622
counter/9/0/0/0,27312:1747647670657:,1747647682622
counter/4/0/0/0,20673:1747647667718:,1747647682622
counter/6/0/0/0,23596:1747647670322:,1747647682623
counter/10/0/0/0,21973:1747647666659:,1747647682623
counter/7/0/0/0,23049:1747647667949:,1747647682623
counter/5/0/0/0,24321:1747647669938:,1747647682623
counter/9/0/0/0,27313:1747647670663:,1747647682623
counter/4/0/0/0,20674:1747647667718:,1747647682623
counter/6/0/0/0,23597:1747647670322:,1747647682623
counter/10/0/0/0,21974:1747647666659:,1747647682623
counter/7/0/0/0,23050:1747647667959:,1747647682623
counter/5/0/0/0,24322:1747647669938:,1747647682623
counter/9/0/0/0,27314:1747647670663:,1747647682623
counter/4/0/0/0,20675:1747647667718:,1747647682623
counter/6/0/0/0,23598:1747647670322:,1747647682623
counter/1/0/0/0,21980:1747647668170:,1747647682623
counter/10/0/0/0,21975:1747647666659:,1747647682623
counter/7/0/0/0,23051:1747647667959:,1747647682623
counter/5/0/0/0,24323:1747647669938:,1747647682623
counter/9/0/0/0,27315:1747647670663:,1747647682623
counter/4/0/0/0,20676:1747647667718:,1747647682623
counter/6/0/0/0,23599:1747647670322:,1747647682623
counter/1/0/0/0,21981:1747647668170:,1747647682623
counter/8/0/0/0,24615:1747647668716:,1747647682623
counter/3/0/0/0,21829:1747647668123:,1747647682623
counter/2/0/0/0,26892:1747647671743:,1747647682623
counter/10/0/0/0,21976:1747647666659:,1747647682623
counter/7/0/0/0,23052:1747647667960:,1747647682623
counter/5/0/0/0,24324:1747647669950:,1747647682623
counter/9/0/0/0,27316:1747647670663:,1747647682623
counter/4/0/0/0,20677:1747647667718:,1747647682623
counter/6/0/0/0,23600:1747647670322:,1747647682623
counter/8/0/0/0,24616:1747647668716:,1747647682623
counter/3/0/0/0,21830:1747647668123:,1747647682623
counter/10/0/0/0,21977:1747647666663:,1747647682623
counter/7/0/0/0,23053:1747647667960:,1747647682623
counter/5/0/0/0,24325:1747647669950:,1747647682623
counter/9/0/0/0,27317:1747647670663:,1747647682623
counter/4/0/0/0,20678:1747647667720:,1747647682623
counter/6/0/0/0,23601:1747647670322:,1747647682624
counter/8/0/0/0,24617:1747647668716:,1747647682624
counter/10/0/0/0,21978:1747647666663:,1747647682624
counter/7/0/0/0,23054:1747647667960:,1747647682624
counter/5/0/0/0,24326:1747647669950:,1747647682624
counter/9/0/0/0,27318:1747647670663:,1747647682624
counter/4/0/0/0,20679:1747647667720:,1747647682624
counter/6/0/0/0,23602:1747647670322:,1747647682624
counter/8/0/0/0,24618:1747647668716:,1747647682624
counter/10/0/0/0,21979:1747647666663:,1747647682624
counter/7/0/0/0,23055:1747647667960:,1747647682624
counter/5/0/0/0,24327:1747647669950:,1747647682624
counter/9/0/0/0,27319:1747647670663:,1747647682624
counter/4/0/0/0,20680:1747647667720:,1747647682624
counter/6/0/0/0,23603:1747647670322:,1747647682624
counter/8/0/0/0,24619:1747647668723:,1747647682624
counter/10/0/0/0,21980:1747647666663:,1747647682624
counter/7/0/0/0,23056:1747647667960:,1747647682624
counter/5/0/0/0,24328:1747647669950:,1747647682624
counter/9/0/0/0,27320:1747647670663:,1747647682624
counter/4/0/0/0,20681:1747647667720:,1747647682624
counter/6/0/0/0,23604:1747647670322:,1747647682624
counter/8/0/0/0,24620:1747647668723:,1747647682624
counter/10/0/0/0,21981:1747647666663:,1747647682624
counter/7/0/0/0,23057:1747647667960:,1747647682624
counter/5/0/0/0,24329:1747647669950:,1747647682624
counter/9/0/0/0,27321:1747647670663:,1747647682624
counter/4/0/0/0,20682:1747647667720:,1747647682624
counter/6/0/0/0,23605:1747647670322:,1747647682624
counter/8/0/0/0,24621:1747647668723:,1747647682624
counter/10/0/0/0,21982:1747647666663:,1747647682624
counter/7/0/0/0,23058:1747647667982:,1747647682624
counter/5/0/0/0,24330:1747647669950:,1747647682624
counter/9/0/0/0,27322:1747647670663:,1747647682624
counter/4/0/0/0,20683:1747647667720:,1747647682624
counter/6/0/0/0,23606:1747647670322:,1747647682624
counter/10/0/0/0,21983:1747647666663:,1747647682624
counter/7/0/0/0,23059:1747647667982:,1747647682624
counter/5/0/0/0,24331:1747647669951:,1747647682624
counter/9/0/0/0,27323:1747647670663:,1747647682624
counter/4/0/0/0,20684:1747647667720:,1747647682624
counter/6/0/0/0,23607:1747647670322:,1747647682624
counter/10/0/0/0,21984:1747647666663:,1747647682625
counter/7/0/0/0,23060:1747647667982:,1747647682625
counter/5/0/0/0,24332:1747647669956:,1747647682625
counter/9/0/0/0,27324:1747647670663:,1747647682625
counter/4/0/0/0,20685:1747647667720:,1747647682625
counter/6/0/0/0,23608:1747647670322:,1747647682625
counter/10/0/0/0,21985:1747647666663:,1747647682625
counter/7/0/0/0,23061:1747647667985:,1747647682625
counter/5/0/0/0,24333:1747647669956:,1747647682625
counter/9/0/0/0,27325:1747647670668:,1747647682625
counter/4/0/0/0,20686:1747647667720:,1747647682625
counter/6/0/0/0,23609:1747647670322:,1747647682625
counter/10/0/0/0,21986:1747647666663:,1747647682625
counter/7/0/0/0,23062:1747647667985:,1747647682625
counter/5/0/0/0,24334:1747647669956:,1747647682625
counter/9/0/0/0,27326:1747647670668:,1747647682625
counter/4/0/0/0,20687:1747647667724:,1747647682625
counter/6/0/0/0,23610:1747647670322:,1747647682625
counter/3/0/0/0,21831:1747647668123:,1747647682625
counter/10/0/0/0,21987:1747647666663:,1747647682625
counter/7/0/0/0,23063:1747647667985:,1747647682625
counter/5/0/0/0,24335:1747647669956:,1747647682625
counter/9/0/0/0,27327:1747647670668:,1747647682625
counter/4/0/0/0,20688:1747647667724:,1747647682625
counter/6/0/0/0,23611:1747647670322:,1747647682625
counter/2/0/0/0,26893:1747647671743:,1747647682625
counter/10/0/0/0,21988:1747647666663:,1747647682625
counter/7/0/0/0,23064:1747647667985:,1747647682625
counter/5/0/0/0,24336:1747647669956:,1747647682625
counter/9/0/0/0,27328:1747647670668:,1747647682625
counter/4/0/0/0,20689:1747647667724:,1747647682625
counter/6/0/0/0,23612:1747647670322:,1747647682625
counter/10/0/0/0,21989:1747647666663:,1747647682625
counter/7/0/0/0,23065:1747647667985:,1747647682625
counter/5/0/0/0,24337:1747647669956:,1747647682625
counter/9/0/0/0,27329:1747647670668:,1747647682625
counter/4/0/0/0,20690:1747647667724:,1747647682625
counter/6/0/0/0,23613:1747647670322:,1747647682625
counter/10/0/0/0,21990:1747647666663:,1747647682625
counter/7/0/0/0,23066:1747647667985:,1747647682626
counter/5/0/0/0,24338:1747647669964:,1747647682626
counter/9/0/0/0,27330:1747647670668:,1747647682626
counter/4/0/0/0,20691:1747647667724:,1747647682626
counter/6/0/0/0,23614:1747647670323:,1747647682626
counter/10/0/0/0,21991:1747647666663:,1747647682626
counter/7/0/0/0,23067:1747647667985:,1747647682626
counter/5/0/0/0,24339:1747647669964:,1747647682626
counter/9/0/0/0,27331:1747647670668:,1747647682626
counter/4/0/0/0,20692:1747647667738:,1747647682626
counter/6/0/0/0,23615:1747647670330:,1747647682626
counter/10/0/0/0,21992:1747647666663:,1747647682626
counter/7/0/0/0,23068:1747647667985:,1747647682626
counter/5/0/0/0,24340:1747647669964:,1747647682626
counter/9/0/0/0,27332:1747647670674:,1747647682626
counter/4/0/0/0,20693:1747647667738:,1747647682626
counter/6/0/0/0,23616:1747647670330:,1747647682626
counter/10/0/0/0,21993:1747647666663:,1747647682626
counter/7/0/0/0,23069:1747647667985:,1747647682626
counter/5/0/0/0,24341:1747647669964:,1747647682626
counter/9/0/0/0,27333:1747647670675:,1747647682626
counter/4/0/0/0,20694:1747647667738:,1747647682626
counter/6/0/0/0,23617:1747647670330:,1747647682626
counter/10/0/0/0,21994:1747647666663:,1747647682626
counter/7/0/0/0,23070:1747647667990:,1747647682626
counter/5/0/0/0,24342:1747647669964:,1747647682626
counter/9/0/0/0,27334:1747647670675:,1747647682626
counter/4/0/0/0,20695:1747647667738:,1747647682626
counter/6/0/0/0,23618:1747647670330:,1747647682626
counter/3/0/0/0,21832:1747647668123:,1747647682626
counter/10/0/0/0,21995:1747647666663:,1747647682626
counter/7/0/0/0,23071:1747647667990:,1747647682626
counter/5/0/0/0,24343:1747647669964:,1747647682626
counter/9/0/0/0,27335:1747647670675:,1747647682626
counter/4/0/0/0,20696:1747647667738:,1747647682626
counter/6/0/0/0,23619:1747647670331:,1747647682626
counter/1/0/0/0,21982:1747647668170:,1747647682626
counter/10/0/0/0,21996:1747647666663:,1747647682626
counter/7/0/0/0,23072:1747647667990:,1747647682626
counter/5/0/0/0,24344:1747647669964:,1747647682626
counter/9/0/0/0,27336:1747647670675:,1747647682626
counter/4/0/0/0,20697:1747647667738:,1747647682627
counter/6/0/0/0,23620:1747647670331:,1747647682627
counter/1/0/0/0,21983:1747647668170:,1747647682627
counter/8/0/0/0,24622:1747647668723:,1747647682627
counter/10/0/0/0,21997:1747647666663:,1747647682627
counter/7/0/0/0,23073:1747647667990:,1747647682627
counter/5/0/0/0,24345:1747647669964:,1747647682627
counter/9/0/0/0,27337:1747647670675:,1747647682627
counter/4/0/0/0,20698:1747647667738:,1747647682627
counter/6/0/0/0,23621:1747647670331:,1747647682627
counter/10/0/0/0,21998:1747647666663:,1747647682627
counter/7/0/0/0,23074:1747647667990:,1747647682627
counter/5/0/0/0,24346:1747647669964:,1747647682627
counter/9/0/0/0,27338:1747647670675:,1747647682627
counter/4/0/0/0,20699:1747647667738:,1747647682627
counter/6/0/0/0,23622:1747647670335:,1747647682627
counter/1/0/0/0,21984:1747647668170:,1747647682627
counter/8/0/0/0,24623:1747647668723:,1747647682627
counter/10/0/0/0,21999:1747647666663:,1747647682627
counter/7/0/0/0,23075:1747647667990:,1747647682627
counter/5/0/0/0,24347:1747647669964:,1747647682627
counter/9/0/0/0,27339:1747647670675:,1747647682627
counter/4/0/0/0,20700:1747647667738:,1747647682627
counter/6/0/0/0,23623:1747647670336:,1747647682627
counter/1/0/0/0,21985:1747647668170:,1747647682627
counter/10/0/0/0,22000:1747647666663:,1747647682627
counter/7/0/0/0,23076:1747647667990:,1747647682627
counter/5/0/0/0,24348:1747647669964:,1747647682627
counter/9/0/0/0,27340:1747647670686:,1747647682627
counter/4/0/0/0,20701:1747647667738:,1747647682627
counter/6/0/0/0,23624:1747647670336:,1747647682627
counter/10/0/0/0,22001:1747647666664:,1747647682627
counter/7/0/0/0,23077:1747647667990:,1747647682627
counter/5/0/0/0,24349:1747647669964:,1747647682627
counter/9/0/0/0,27341:1747647670686:,1747647682627
counter/4/0/0/0,20702:1747647667738:,1747647682627
counter/6/0/0/0,23625:1747647670336:,1747647682627
counter/8/0/0/0,24624:1747647668723:,1747647682627
counter/10/0/0/0,22002:1747647666664:,1747647682627
counter/7/0/0/0,23078:1747647667990:,1747647682627
counter/5/0/0/0,24350:1747647669973:,1747647682627
counter/9/0/0/0,27342:1747647670687:,1747647682628
counter/4/0/0/0,20703:1747647667739:,1747647682628
counter/6/0/0/0,23626:1747647670336:,1747647682628
counter/8/0/0/0,24625:1747647668723:,1747647682628
counter/10/0/0/0,22003:1747647666664:,1747647682628
counter/7/0/0/0,23079:1747647667990:,1747647682628
counter/5/0/0/0,24351:1747647669973:,1747647682628
counter/9/0/0/0,27343:1747647670687:,1747647682628
counter/4/0/0/0,20704:1747647667739:,1747647682628
counter/6/0/0/0,23627:1747647670336:,1747647682628
counter/8/0/0/0,24626:1747647668723:,1747647682628
counter/10/0/0/0,22004:1747647666664:,1747647682628
counter/7/0/0/0,23080:1747647667996:,1747647682628
counter/5/0/0/0,24352:1747647669973:,1747647682628
counter/9/0/0/0,27344:1747647670687:,1747647682628
counter/4/0/0/0,20705:1747647667739:,1747647682628
counter/6/0/0/0,23628:1747647670336:,1747647682628
counter/8/0/0/0,24627:1747647668723:,1747647682628
counter/2/0/0/0,26894:1747647671743:,1747647682628
counter/10/0/0/0,22005:1747647666664:,1747647682628
counter/7/0/0/0,23081:1747647667996:,1747647682628
counter/5/0/0/0,24353:1747647669973:,1747647682628
counter/9/0/0/0,27345:1747647670687:,1747647682628
counter/4/0/0/0,20706:1747647667739:,1747647682628
counter/6/0/0/0,23629:1747647670336:,1747647682628
counter/8/0/0/0,24628:1747647668723:,1747647682628
counter/10/0/0/0,22006:1747647666664:,1747647682628
counter/7/0/0/0,23082:1747647667996:,1747647682628
counter/5/0/0/0,24354:1747647669974:,1747647682628
counter/9/0/0/0,27346:1747647670687:,1747647682628
counter/4/0/0/0,20707:1747647667756:,1747647682628
counter/6/0/0/0,23630:1747647670336:,1747647682628
counter/8/0/0/0,24629:1747647668723:,1747647682628
counter/2/0/0/0,26895:1747647671743:,1747647682628
counter/10/0/0/0,22007:1747647666664:,1747647682628
counter/7/0/0/0,23083:1747647667996:,1747647682628
counter/5/0/0/0,24355:1747647669974:,1747647682629
counter/9/0/0/0,27347:1747647670687:,1747647682629
counter/4/0/0/0,20708:1747647667756:,1747647682629
counter/6/0/0/0,23631:1747647670336:,1747647682629
counter/8/0/0/0,24630:1747647668723:,1747647682629
counter/2/0/0/0,26896:1747647671743:,1747647682629
counter/10/0/0/0,22008:1747647666664:,1747647682629
counter/7/0/0/0,23084:1747647667996:,1747647682629
counter/5/0/0/0,24356:1747647669974:,1747647682629
counter/9/0/0/0,27348:1747647670687:,1747647682629
counter/4/0/0/0,20709:1747647667757:,1747647682629
counter/6/0/0/0,23632:1747647670336:,1747647682629
counter/8/0/0/0,24631:1747647668723:,1747647682629
counter/2/0/0/0,26897:1747647671743:,1747647682629
counter/10/0/0/0,22009:1747647666664:,1747647682629
counter/7/0/0/0,23085:1747647667996:,1747647682629
counter/5/0/0/0,24357:1747647669975:,1747647682629
counter/9/0/0/0,27349:1747647670687:,1747647682629
counter/4/0/0/0,20710:1747647667757:,1747647682629
counter/6/0/0/0,23633:1747647670336:,1747647682629
counter/8/0/0/0,24632:1747647668723:,1747647682629
counter/2/0/0/0,26898:1747647671743:,1747647682629
counter/10/0/0/0,22010:1747647666664:,1747647682629
counter/7/0/0/0,23086:1747647667996:,1747647682629
counter/5/0/0/0,24358:1747647669975:,1747647682629
counter/9/0/0/0,27350:1747647670687:,1747647682629
counter/4/0/0/0,20711:1747647667757:,1747647682629
counter/6/0/0/0,23634:1747647670336:,1747647682629
counter/8/0/0/0,24633:1747647668723:,1747647682629
counter/2/0/0/0,26899:1747647671743:,1747647682629
counter/10/0/0/0,22011:1747647666664:,1747647682629
counter/7/0/0/0,23087:1747647668004:,1747647682629
counter/5/0/0/0,24359:1747647669977:,1747647682629
counter/9/0/0/0,27351:1747647670687:,1747647682629
counter/4/0/0/0,20712:1747647667757:,1747647682629
counter/6/0/0/0,23635:1747647670336:,1747647682629
counter/8/0/0/0,24634:1747647668727:,1747647682629
counter/2/0/0/0,26900:1747647671743:,1747647682629
counter/10/0/0/0,22012:1747647666664:,1747647682629
counter/7/0/0/0,23088:1747647668004:,1747647682630
counter/5/0/0/0,24360:1747647669989:,1747647682630
counter/9/0/0/0,27352:1747647670687:,1747647682630
counter/4/0/0/0,20713:1747647667757:,1747647682630
counter/6/0/0/0,23636:1747647670336:,1747647682630
counter/8/0/0/0,24635:1747647668727:,1747647682630
counter/2/0/0/0,26901:1747647671743:,1747647682630
counter/10/0/0/0,22013:1747647666664:,1747647682630
counter/7/0/0/0,23089:1747647668004:,1747647682630
counter/5/0/0/0,24361:1747647669989:,1747647682630
counter/9/0/0/0,27353:1747647670687:,1747647682630
counter/4/0/0/0,20714:1747647667757:,1747647682630
counter/6/0/0/0,23637:1747647670336:,1747647682630
counter/8/0/0/0,24636:1747647668727:,1747647682630
counter/2/0/0/0,26902:1747647671743:,1747647682630
counter/10/0/0/0,22014:1747647666664:,1747647682630
counter/7/0/0/0,23090:1747647668004:,1747647682630
counter/5/0/0/0,24362:1747647669989:,1747647682630
counter/9/0/0/0,27354:1747647670687:,1747647682630
counter/4/0/0/0,20715:1747647667757:,1747647682630
counter/6/0/0/0,23638:1747647670336:,1747647682630
counter/8/0/0/0,24637:1747647668727:,1747647682630
counter/2/0/0/0,26903:1747647671743:,1747647682630
counter/10/0/0/0,22015:1747647666664:,1747647682630
counter/7/0/0/0,23091:1747647668004:,1747647682630
counter/5/0/0/0,24363:1747647669989:,1747647682630
counter/9/0/0/0,27355:1747647670687:,1747647682630
counter/4/0/0/0,20716:1747647667758:,1747647682630
counter/6/0/0/0,23639:1747647670336:,1747647682630
counter/2/0/0/0,26904:1747647671743:,1747647682630
counter/1/0/0/0,21986:1747647668170:,1747647682630
counter/3/0/0/0,21833:1747647668123:,1747647682630
counter/10/0/0/0,22016:1747647666664:,1747647682630
counter/7/0/0/0,23092:1747647668004:,1747647682630
counter/5/0/0/0,24364:1747647669989:,1747647682630
counter/9/0/0/0,27356:1747647670687:,1747647682630
counter/4/0/0/0,20717:1747647667758:,1747647682630
counter/6/0/0/0,23640:1747647670336:,1747647682630
counter/2/0/0/0,26905:1747647671743:,1747647682630
counter/10/0/0/0,22017:1747647666664:,1747647682631
counter/7/0/0/0,23093:1747647668005:,1747647682631
counter/5/0/0/0,24365:1747647669989:,1747647682631
counter/9/0/0/0,27357:1747647670687:,1747647682631
counter/4/0/0/0,20718:1747647667758:,1747647682631
counter/2/0/0/0,26906:1747647671743:,1747647682631
counter/10/0/0/0,22018:1747647666664:,1747647682631
counter/7/0/0/0,23094:1747647668005:,1747647682631
counter/5/0/0/0,24366:1747647669989:,1747647682631
counter/9/0/0/0,27358:1747647670687:,1747647682631
counter/4/0/0/0,20719:1747647667758:,1747647682631
counter/2/0/0/0,26907:1747647671744:,1747647682631
counter/8/0/0/0,24638:1747647668727:,1747647682631
counter/10/0/0/0,22019:1747647666664:,1747647682631
counter/7/0/0/0,23095:1747647668005:,1747647682631
counter/5/0/0/0,24367:1747647669989:,1747647682631
counter/9/0/0/0,27359:1747647670687:,1747647682631
counter/4/0/0/0,20720:1747647667758:,1747647682631
counter/2/0/0/0,26908:1747647671744:,1747647682631
counter/8/0/0/0,24639:1747647668727:,1747647682631
counter/10/0/0/0,22020:1747647666664:,1747647682631
counter/7/0/0/0,23096:1747647668005:,1747647682631
counter/5/0/0/0,24368:1747647669989:,1747647682631
counter/9/0/0/0,27360:1747647670691:,1747647682631
counter/4/0/0/0,20721:1747647667759:,1747647682631
counter/2/0/0/0,26909:1747647671744:,1747647682631
counter/8/0/0/0,24640:1747647668730:,1747647682631
counter/3/0/0/0,21834:1747647668123:,1747647682631
counter/6/0/0/0,23641:1747647670336:,1747647682631
counter/10/0/0/0,22021:1747647666664:,1747647682631
counter/7/0/0/0,23097:1747647668005:,1747647682631
counter/5/0/0/0,24369:1747647669989:,1747647682631
counter/9/0/0/0,27361:1747647670695:,1747647682631
counter/4/0/0/0,20722:1747647667759:,1747647682631
counter/2/0/0/0,26910:1747647671744:,1747647682631
counter/8/0/0/0,24641:1747647668730:,1747647682631
counter/10/0/0/0,22022:1747647666664:,1747647682631
counter/7/0/0/0,23098:1747647668005:,1747647682631
counter/5/0/0/0,24370:1747647669990:,1747647682631
counter/9/0/0/0,27362:1747647670695:,1747647682631
counter/4/0/0/0,20723:1747647667759:,1747647682631
counter/2/0/0/0,26911:1747647671744:,1747647682631
counter/8/0/0/0,24642:1747647668730:,1747647682631
counter/6/0/0/0,23642:1747647670336:,1747647682632
counter/10/0/0/0,22023:1747647666664:,1747647682632
counter/7/0/0/0,23099:1747647668005:,1747647682632
counter/5/0/0/0,24371:1747647669990:,1747647682632
counter/9/0/0/0,27363:1747647670695:,1747647682632
counter/4/0/0/0,20724:1747647667759:,1747647682632
counter/2/0/0/0,26912:1747647671744:,1747647682632
counter/8/0/0/0,24643:1747647668730:,1747647682632
counter/6/0/0/0,23643:1747647670343:,1747647682632
counter/10/0/0/0,22024:1747647666664:,1747647682632
counter/7/0/0/0,23100:1747647668006:,1747647682632
counter/5/0/0/0,24372:1747647669990:,1747647682632
counter/9/0/0/0,27364:1747647670695:,1747647682632
counter/4/0/0/0,20725:1747647667759:,1747647682632
counter/2/0/0/0,26913:1747647671744:,1747647682632
counter/8/0/0/0,24644:1747647668730:,1747647682632
counter/6/0/0/0,23644:1747647670343:,1747647682632
counter/10/0/0/0,22025:1747647666664:,1747647682632
counter/7/0/0/0,23101:1747647668006:,1747647682632
counter/5/0/0/0,24373:1747647669990:,1747647682632
counter/9/0/0/0,27365:1747647670696:,1747647682632
counter/4/0/0/0,20726:1747647667759:,1747647682632
counter/2/0/0/0,26914:1747647671744:,1747647682632
counter/8/0/0/0,24645:1747647668730:,1747647682632
counter/6/0/0/0,23645:1747647670343:,1747647682632
counter/10/0/0/0,22026:1747647666666:,1747647682632
counter/7/0/0/0,23102:1747647668006:,1747647682632
counter/5/0/0/0,24374:1747647669990:,1747647682632
counter/9/0/0/0,27366:1747647670696:,1747647682632
counter/4/0/0/0,20727:1747647667759:,1747647682632
counter/8/0/0/0,24646:1747647668731:,1747647682632
counter/6/0/0/0,23646:1747647670343:,1747647682632
counter/1/0/0/0,21987:1747647668170:,1747647682632
counter/10/0/0/0,22027:1747647666666:,1747647682632
counter/7/0/0/0,23103:1747647668006:,1747647682632
counter/5/0/0/0,24375:1747647669990:,1747647682632
counter/9/0/0/0,27367:1747647670696:,1747647682632
counter/4/0/0/0,20728:1747647667761:,1747647682632
counter/8/0/0/0,24647:1747647668731:,1747647682632
counter/6/0/0/0,23647:1747647670343:,1747647682632
counter/1/0/0/0,21988:1747647668170:,1747647682633
counter/3/0/0/0,21835:1747647668123:,1747647682633
counter/10/0/0/0,22028:1747647666666:,1747647682633
counter/7/0/0/0,23104:1747647668006:,1747647682633
counter/5/0/0/0,24376:1747647669991:,1747647682633
counter/9/0/0/0,27368:1747647670696:,1747647682633
counter/4/0/0/0,20729:1747647667761:,1747647682633
counter/10/0/0/0,22029:1747647666666:,1747647682633
counter/7/0/0/0,23105:1747647668006:,1747647682633
counter/5/0/0/0,24377:1747647669991:,1747647682633
counter/9/0/0/0,27369:1747647670696:,1747647682633
counter/4/0/0/0,20730:1747647667761:,1747647682633
counter/10/0/0/0,22030:1747647666666:,1747647682633
counter/7/0/0/0,23106:1747647668014:,1747647682633
counter/5/0/0/0,24378:1747647669991:,1747647682633
counter/9/0/0/0,27370:1747647670696:,1747647682633
counter/4/0/0/0,20731:1747647667761:,1747647682633
counter/10/0/0/0,22031:1747647666666:,1747647682633
counter/7/0/0/0,23107:1747647668014:,1747647682633
counter/5/0/0/0,24379:1747647669991:,1747647682633
counter/9/0/0/0,27371:1747647670696:,1747647682633
counter/4/0/0/0,20732:1747647667762:,1747647682633
counter/3/0/0/0,21836:1747647668123:,1747647682633
counter/8/0/0/0,24648:1747647668732:,1747647682633
counter/10/0/0/0,22032:1747647666666:,1747647682633
counter/7/0/0/0,23108:1747647668014:,1747647682633
counter/5/0/0/0,24380:1747647669991:,1747647682633
counter/9/0/0/0,27372:1747647670696:,1747647682633
counter/4/0/0/0,20733:1747647667762:,1747647682633
counter/10/0/0/0,22033:1747647666666:,1747647682633
counter/7/0/0/0,23109:1747647668014:,1747647682633
counter/5/0/0/0,24381:1747647669991:,1747647682633
counter/9/0/0/0,27373:1747647670696:,1747647682633
counter/4/0/0/0,20734:1747647667762:,1747647682633
counter/10/0/0/0,22034:1747647666666:,1747647682633
counter/7/0/0/0,23110:1747647668014:,1747647682633
counter/5/0/0/0,24382:1747647670020:,1747647682633
counter/9/0/0/0,27374:1747647670696:,1747647682633
counter/4/0/0/0,20735:1747647667762:,1747647682633
counter/8/0/0/0,24649:1747647668732:,1747647682634
counter/10/0/0/0,22035:1747647666666:,1747647682634
counter/7/0/0/0,23111:1747647668014:,1747647682634
counter/5/0/0/0,24383:1747647670020:,1747647682634
counter/9/0/0/0,27375:1747647670696:,1747647682634
counter/4/0/0/0,20736:1747647667764:,1747647682634
counter/8/0/0/0,24650:1747647668732:,1747647682634
counter/10/0/0/0,22036:1747647666666:,1747647682634
counter/7/0/0/0,23112:1747647668016:,1747647682634
counter/5/0/0/0,24384:1747647670020:,1747647682634
counter/9/0/0/0,27376:1747647670696:,1747647682634
counter/4/0/0/0,20737:1747647667764:,1747647682634
counter/8/0/0/0,24651:1747647668732:,1747647682634
counter/2/0/0/0,26915:1747647671744:,1747647682634
counter/3/0/0/0,21837:1747647668123:,1747647682634
counter/10/0/0/0,22037:1747647666667:,1747647682634
counter/7/0/0/0,23113:1747647668016:,1747647682634
counter/5/0/0/0,24385:1747647670020:,1747647682634
counter/9/0/0/0,27377:1747647670699:,1747647682634
counter/4/0/0/0,20738:1747647667764:,1747647682634
counter/8/0/0/0,24652:1747647668732:,1747647682634
counter/10/0/0/0,22038:1747647666667:,1747647682634
counter/7/0/0/0,23114:1747647668016:,1747647682634
counter/5/0/0/0,24386:1747647670020:,1747647682634
counter/9/0/0/0,27378:1747647670699:,1747647682634
counter/4/0/0/0,20739:1747647667764:,1747647682634
counter/2/0/0/0,26916:1747647671744:,1747647682634
counter/1/0/0/0,21989:1747647668170:,1747647682634
counter/3/0/0/0,21838:1747647668123:,1747647682634
counter/10/0/0/0,22039:1747647666675:,1747647682634
counter/7/0/0/0,23115:1747647668016:,1747647682634
counter/5/0/0/0,24387:1747647670020:,1747647682634
counter/9/0/0/0,27379:1747647670699:,1747647682634
counter/4/0/0/0,20740:1747647667764:,1747647682634
counter/10/0/0/0,22040:1747647666675:,1747647682634
counter/7/0/0/0,23116:1747647668016:,1747647682634
counter/5/0/0/0,24388:1747647670020:,1747647682634
counter/9/0/0/0,27380:1747647670699:,1747647682634
counter/4/0/0/0,20741:1747647667764:,1747647682635
counter/10/0/0/0,22041:1747647666675:,1747647682635
counter/7/0/0/0,23117:1747647668019:,1747647682635
counter/5/0/0/0,24389:1747647670020:,1747647682635
counter/9/0/0/0,27381:1747647670699:,1747647682635
counter/4/0/0/0,20742:1747647667765:,1747647682635
counter/2/0/0/0,26917:1747647671744:,1747647682635
counter/10/0/0/0,22042:1747647666675:,1747647682635
counter/7/0/0/0,23118:1747647668019:,1747647682635
counter/5/0/0/0,24390:1747647670020:,1747647682635
counter/9/0/0/0,27382:1747647670699:,1747647682635
counter/4/0/0/0,20743:1747647667765:,1747647682635
counter/6/0/0/0,23648:1747647670343:,1747647682635
counter/8/0/0/0,24653:1747647668736:,1747647682635
counter/10/0/0/0,22043:1747647666675:,1747647682635
counter/7/0/0/0,23119:1747647668019:,1747647682635
counter/5/0/0/0,24391:1747647670026:,1747647682635
counter/9/0/0/0,27383:1747647670700:,1747647682635
counter/4/0/0/0,20744:1747647667765:,1747647682635
counter/3/0/0/0,21839:1747647668123:,1747647682635
counter/10/0/0/0,22044:1747647666676:,1747647682635
counter/7/0/0/0,23120:1747647668019:,1747647682635
counter/5/0/0/0,24392:1747647670026:,1747647682635
counter/9/0/0/0,27384:1747647670700:,1747647682635
counter/4/0/0/0,20745:1747647667765:,1747647682635
counter/10/0/0/0,22045:1747647666676:,1747647682635
counter/7/0/0/0,23121:1747647668019:,1747647682635
counter/5/0/0/0,24393:1747647670026:,1747647682635
counter/9/0/0/0,27385:1747647670700:,1747647682635
counter/4/0/0/0,20746:1747647667765:,1747647682635
counter/8/0/0/0,24654:1747647668736:,1747647682635
counter/10/0/0/0,22046:1747647666676:,1747647682635
counter/7/0/0/0,23122:1747647668020:,1747647682635
counter/5/0/0/0,24394:1747647670026:,1747647682635
counter/9/0/0/0,27386:1747647670700:,1747647682635
counter/4/0/0/0,20747:1747647667766:,1747647682635
counter/6/0/0/0,23649:1747647670343:,1747647682636
counter/10/0/0/0,22047:1747647666676:,1747647682636
counter/7/0/0/0,23123:1747647668020:,1747647682636
counter/5/0/0/0,24395:1747647670026:,1747647682636
counter/9/0/0/0,27387:1747647670700:,1747647682636
counter/4/0/0/0,20748:1747647667766:,1747647682636
counter/10/0/0/0,22048:1747647666677:,1747647682636
counter/7/0/0/0,23124:1747647668021:,1747647682636
counter/5/0/0/0,24396:1747647670026:,1747647682636
counter/9/0/0/0,27388:1747647670700:,1747647682636
counter/4/0/0/0,20749:1747647667766:,1747647682636
counter/10/0/0/0,22049:1747647666677:,1747647682636
counter/7/0/0/0,23125:1747647668021:,1747647682636
counter/5/0/0/0,24397:1747647670026:,1747647682636
counter/9/0/0/0,27389:1747647670700:,1747647682636
counter/4/0/0/0,20750:1747647667766:,1747647682636
counter/6/0/0/0,23650:1747647670343:,1747647682636
counter/2/0/0/0,26918:1747647671744:,1747647682636
counter/3/0/0/0,21840:1747647668123:,1747647682636
counter/10/0/0/0,22050:1747647666677:,1747647682636
counter/7/0/0/0,23126:1747647668021:,1747647682636
counter/5/0/0/0,24398:1747647670026:,1747647682636
counter/9/0/0/0,27390:1747647670700:,1747647682636
counter/4/0/0/0,20751:1747647667766:,1747647682636
counter/8/0/0/0,24655:1747647668747:,1747647682636
counter/10/0/0/0,22051:1747647666677:,1747647682636
counter/7/0/0/0,23127:1747647668021:,1747647682636
counter/5/0/0/0,24399:1747647670028:,1747647682636
counter/9/0/0/0,27391:1747647670700:,1747647682636
counter/4/0/0/0,20752:1747647667766:,1747647682636
counter/6/0/0/0,23651:1747647670343:,1747647682636
counter/10/0/0/0,22052:1747647666677:,1747647682636
counter/7/0/0/0,23128:1747647668021:,1747647682636
counter/5/0/0/0,24400:1747647670029:,1747647682636
counter/9/0/0/0,27392:1747647670700:,1747647682636
counter/4/0/0/0,20753:1747647667766:,1747647682636
counter/2/0/0/0,26919:1747647671744:,1747647682636
counter/3/0/0/0,21841:1747647668123:,1747647682636
counter/10/0/0/0,22053:1747647666677:,1747647682636
counter/7/0/0/0,23129:1747647668021:,1747647682636
counter/5/0/0/0,24401:1747647670029:,1747647682636
counter/9/0/0/0,27393:1747647670700:,1747647682637
counter/4/0/0/0,20754:1747647667766:,1747647682637
counter/10/0/0/0,22054:1747647666677:,1747647682637
counter/7/0/0/0,23130:1747647668021:,1747647682637
counter/5/0/0/0,24402:1747647670029:,1747647682637
counter/9/0/0/0,27394:1747647670707:,1747647682637
counter/4/0/0/0,20755:1747647667766:,1747647682637
counter/2/0/0/0,26920:1747647671744:,1747647682637
counter/3/0/0/0,21842:1747647668123:,1747647682637
counter/10/0/0/0,22055:1747647666677:,1747647682637
counter/7/0/0/0,23131:1747647668021:,1747647682637
counter/5/0/0/0,24403:1747647670029:,1747647682637
counter/9/0/0/0,27395:1747647670707:,1747647682637
counter/4/0/0/0,20756:1747647667766:,1747647682637
counter/10/0/0/0,22056:1747647666677:,1747647682637
counter/7/0/0/0,23132:1747647668022:,1747647682637
counter/5/0/0/0,24404:1747647670029:,1747647682637
counter/9/0/0/0,27396:1747647670707:,1747647682637
counter/4/0/0/0,20757:1747647667766:,1747647682637
counter/10/0/0/0,22057:1747647666677:,1747647682637
counter/7/0/0/0,23133:1747647668022:,1747647682637
counter/5/0/0/0,24405:1747647670029:,1747647682637
counter/9/0/0/0,27397:1747647670714:,1747647682637
counter/4/0/0/0,20758:1747647667766:,1747647682637
counter/10/0/0/0,22058:1747647666677:,1747647682637
counter/7/0/0/0,23134:1747647668022:,1747647682637
counter/5/0/0/0,24406:1747647670029:,1747647682637
counter/9/0/0/0,27398:1747647670714:,1747647682637
counter/4/0/0/0,20759:1747647667766:,1747647682637
counter/1/0/0/0,21990:1747647668170:,1747647682637
counter/10/0/0/0,22059:1747647666677:,1747647682637
counter/7/0/0/0,23135:1747647668022:,1747647682637
counter/5/0/0/0,24407:1747647670029:,1747647682637
counter/9/0/0/0,27399:1747647670714:,1747647682637
counter/4/0/0/0,20760:1747647667766:,1747647682637
counter/10/0/0/0,22060:1747647666677:,1747647682637
counter/7/0/0/0,23136:1747647668022:,1747647682637
counter/5/0/0/0,24408:1747647670029:,1747647682637
counter/9/0/0/0,27400:1747647670714:,1747647682637
counter/4/0/0/0,20761:1747647667772:,1747647682637
counter/10/0/0/0,22061:1747647666680:,1747647682638
counter/7/0/0/0,23137:1747647668022:,1747647682638
counter/5/0/0/0,24409:1747647670030:,1747647682638
counter/9/0/0/0,27401:1747647670714:,1747647682638
counter/4/0/0/0,20762:1747647667772:,1747647682638
counter/10/0/0/0,22062:1747647666680:,1747647682638
counter/7/0/0/0,23138:1747647668022:,1747647682638
counter/5/0/0/0,24410:1747647670032:,1747647682638
counter/9/0/0/0,27402:1747647670714:,1747647682638
counter/4/0/0/0,20763:1747647667772:,1747647682638
counter/1/0/0/0,21991:1747647668170:,1747647682638
counter/10/0/0/0,22063:1747647666680:,1747647682638
counter/7/0/0/0,23139:1747647668022:,1747647682638
counter/5/0/0/0,24411:1747647670032:,1747647682638
counter/9/0/0/0,27403:1747647670714:,1747647682638
counter/4/0/0/0,20764:1747647667772:,1747647682638
counter/1/0/0/0,21992:1747647668170:,1747647682638
counter/6/0/0/0,23652:1747647670343:,1747647682638
counter/8/0/0/0,24656:1747647668748:,1747647682638
counter/10/0/0/0,22064:1747647666680:,1747647682638
counter/7/0/0/0,23140:1747647668022:,1747647682638
counter/5/0/0/0,24412:1747647670032:,1747647682638
counter/9/0/0/0,27404:1747647670714:,1747647682638
counter/4/0/0/0,20765:1747647667772:,1747647682638
counter/8/0/0/0,24657:1747647668748:,1747647682638
counter/10/0/0/0,22065:1747647666680:,1747647682638
counter/7/0/0/0,23141:1747647668023:,1747647682638
counter/5/0/0/0,24413:1747647670035:,1747647682638
counter/9/0/0/0,27405:1747647670715:,1747647682638
counter/4/0/0/0,20766:1747647667773:,1747647682638
counter/8/0/0/0,24658:1747647668748:,1747647682638
counter/10/0/0/0,22066:1747647666680:,1747647682638
counter/7/0/0/0,23142:1747647668023:,1747647682638
counter/5/0/0/0,24414:1747647670045:,1747647682638
counter/9/0/0/0,27406:1747647670715:,1747647682638
counter/4/0/0/0,20767:1747647667773:,1747647682638
counter/8/0/0/0,24659:1747647668748:,1747647682638
counter/3/0/0/0,21843:1747647668123:,1747647682638
counter/6/0/0/0,23653:1747647670343:,1747647682639
counter/10/0/0/0,22067:1747647666680:,1747647682639
counter/7/0/0/0,23143:1747647668023:,1747647682639
counter/5/0/0/0,24415:1747647670057:,1747647682639
counter/9/0/0/0,27407:1747647670715:,1747647682639
counter/4/0/0/0,20768:1747647667773:,1747647682639
counter/8/0/0/0,24660:1747647668748:,1747647682639
counter/6/0/0/0,23654:1747647670344:,1747647682639
counter/10/0/0/0,22068:1747647666680:,1747647682639
counter/7/0/0/0,23144:1747647668023:,1747647682639
counter/5/0/0/0,24416:1747647670057:,1747647682639
counter/9/0/0/0,27408:1747647670715:,1747647682639
counter/4/0/0/0,20769:1747647667773:,1747647682639
counter/8/0/0/0,24661:1747647668748:,1747647682639
counter/6/0/0/0,23655:1747647670344:,1747647682639
counter/10/0/0/0,22069:1747647666680:,1747647682639
counter/7/0/0/0,23145:1747647668025:,1747647682639
counter/5/0/0/0,24417:1747647670057:,1747647682639
counter/9/0/0/0,27409:1747647670715:,1747647682639
counter/4/0/0/0,20770:1747647667774:,1747647682639
counter/8/0/0/0,24662:1747647668748:,1747647682639
counter/6/0/0/0,23656:1747647670346:,1747647682639
counter/10/0/0/0,22070:1747647666681:,1747647682639
counter/7/0/0/0,23146:1747647668025:,1747647682639
counter/5/0/0/0,24418:1747647670057:,1747647682639
counter/9/0/0/0,27410:1747647670715:,1747647682639
counter/4/0/0/0,20771:1747647667774:,1747647682639
counter/8/0/0/0,24663:1747647668748:,1747647682639
counter/6/0/0/0,23657:1747647670346:,1747647682639
counter/10/0/0/0,22071:1747647666681:,1747647682639
counter/7/0/0/0,23147:1747647668025:,1747647682639
counter/5/0/0/0,24419:1747647670057:,1747647682639
counter/9/0/0/0,27411:1747647670715:,1747647682639
counter/4/0/0/0,20772:1747647667774:,1747647682639
counter/8/0/0/0,24664:1747647668749:,1747647682639
counter/2/0/0/0,26921:1747647671744:,1747647682639
counter/6/0/0/0,23658:1747647670346:,1747647682639
counter/10/0/0/0,22072:1747647666681:,1747647682639
counter/7/0/0/0,23148:1747647668025:,1747647682639
counter/5/0/0/0,24420:1747647670057:,1747647682639
counter/9/0/0/0,27412:1747647670720:,1747647682639
counter/4/0/0/0,20773:1747647667774:,1747647682639
counter/8/0/0/0,24665:1747647668749:,1747647682640
counter/6/0/0/0,23659:1747647670346:,1747647682640
counter/10/0/0/0,22073:1747647666681:,1747647682640
counter/7/0/0/0,23149:1747647668025:,1747647682640
counter/5/0/0/0,24421:1747647670057:,1747647682640
counter/9/0/0/0,27413:1747647670720:,1747647682640
counter/4/0/0/0,20774:1747647667774:,1747647682640
counter/8/0/0/0,24666:1747647668749:,1747647682640
counter/2/0/0/0,26922:1747647671744:,1747647682640
counter/6/0/0/0,23660:1747647670346:,1747647682640
counter/10/0/0/0,22074:1747647666688:,1747647682640
counter/7/0/0/0,23150:1747647668025:,1747647682640
counter/5/0/0/0,24422:1747647670057:,1747647682640
counter/9/0/0/0,27414:1747647670720:,1747647682640
counter/4/0/0/0,20775:1747647667774:,1747647682640
counter/8/0/0/0,24667:1747647668758:,1747647682640
counter/6/0/0/0,23661:1747647670346:,1747647682640
counter/10/0/0/0,22075:1747647666688:,1747647682640
counter/7/0/0/0,23151:1747647668025:,1747647682640
counter/5/0/0/0,24423:1747647670060:,1747647682640
counter/9/0/0/0,27415:1747647670720:,1747647682640
counter/4/0/0/0,20776:1747647667774:,1747647682640
counter/8/0/0/0,24668:1747647668758:,1747647682640
counter/6/0/0/0,23662:1747647670346:,1747647682640
counter/10/0/0/0,22076:1747647666693:,1747647682640
counter/7/0/0/0,23152:1747647668026:,1747647682640
counter/5/0/0/0,24424:1747647670060:,1747647682640
counter/9/0/0/0,27416:1747647670720:,1747647682640
counter/4/0/0/0,20777:1747647667774:,1747647682640
counter/1/0/0/0,21993:1747647668170:,1747647682640
counter/3/0/0/0,21844:1747647668123:,1747647682640
counter/6/0/0/0,23663:1747647670354:,1747647682640
counter/10/0/0/0,22077:1747647666693:,1747647682640
counter/7/0/0/0,23153:1747647668030:,1747647682640
counter/5/0/0/0,24425:1747647670060:,1747647682640
counter/9/0/0/0,27417:1747647670720:,1747647682640
counter/4/0/0/0,20778:1747647667774:,1747647682640
counter/1/0/0/0,21994:1747647668170:,1747647682641
counter/6/0/0/0,23664:1747647670354:,1747647682641
counter/10/0/0/0,22078:1747647666693:,1747647682641
counter/7/0/0/0,23154:1747647668030:,1747647682641
counter/5/0/0/0,24426:1747647670060:,1747647682641
counter/9/0/0/0,27418:1747647670720:,1747647682641
counter/4/0/0/0,20779:1747647667774:,1747647682641
counter/1/0/0/0,21995:1747647668172:,1747647682641
counter/6/0/0/0,23665:1747647670354:,1747647682641
counter/10/0/0/0,22079:1747647666693:,1747647682641
counter/7/0/0/0,23155:1747647668030:,1747647682641
counter/5/0/0/0,24427:1747647670061:,1747647682641
counter/9/0/0/0,27419:1747647670720:,1747647682641
counter/4/0/0/0,20780:1747647667774:,1747647682641
counter/1/0/0/0,21996:1747647668172:,1747647682641
counter/6/0/0/0,23666:1747647670354:,1747647682641
counter/10/0/0/0,22080:1747647666693:,1747647682641
counter/7/0/0/0,23156:1747647668040:,1747647682641
counter/5/0/0/0,24428:1747647670061:,1747647682641
counter/9/0/0/0,27420:1747647670721:,1747647682641
counter/4/0/0/0,20781:1747647667774:,1747647682641
counter/6/0/0/0,23667:1747647670354:,1747647682641
counter/10/0/0/0,22081:1747647666693:,1747647682641
counter/7/0/0/0,23157:1747647668040:,1747647682641
counter/5/0/0/0,24429:1747647670061:,1747647682641
counter/9/0/0/0,27421:1747647670721:,1747647682641
counter/4/0/0/0,20782:1747647667774:,1747647682641
counter/6/0/0/0,23668:1747647670354:,1747647682641
counter/10/0/0/0,22082:1747647666693:,1747647682641
counter/7/0/0/0,23158:1747647668041:,1747647682641
counter/5/0/0/0,24430:1747647670061:,1747647682641
counter/9/0/0/0,27422:1747647670721:,1747647682641
counter/4/0/0/0,20783:1747647667774:,1747647682641
counter/6/0/0/0,23669:1747647670354:,1747647682641
counter/10/0/0/0,22083:1747647666693:,1747647682641
counter/7/0/0/0,23159:1747647668041:,1747647682641
counter/5/0/0/0,24431:1747647670061:,1747647682641
counter/9/0/0/0,27423:1747647670747:,1747647682641
counter/4/0/0/0,20784:1747647667774:,1747647682641
counter/6/0/0/0,23670:1747647670357:,1747647682641
counter/10/0/0/0,22084:1747647666693:,1747647682641
counter/7/0/0/0,23160:1747647668041:,1747647682642
counter/5/0/0/0,24432:1747647670061:,1747647682642
counter/9/0/0/0,27424:1747647670747:,1747647682642
counter/4/0/0/0,20785:1747647667774:,1747647682642
counter/6/0/0/0,23671:1747647670385:,1747647682642
counter/10/0/0/0,22085:1747647666693:,1747647682642
counter/7/0/0/0,23161:1747647668041:,1747647682642
counter/5/0/0/0,24433:1747647670062:,1747647682642
counter/9/0/0/0,27425:1747647670747:,1747647682642
counter/4/0/0/0,20786:1747647667774:,1747647682642
counter/6/0/0/0,23672:1747647670386:,1747647682642
counter/10/0/0/0,22086:1747647666701:,1747647682642
counter/7/0/0/0,23162:1747647668041:,1747647682642
counter/5/0/0/0,24434:1747647670062:,1747647682642
counter/9/0/0/0,27426:1747647670747:,1747647682642
counter/6/0/0/0,23673:1747647670386:,1747647682642
counter/10/0/0/0,22087:1747647666701:,1747647682642
counter/7/0/0/0,23163:1747647668041:,1747647682642
counter/5/0/0/0,24435:1747647670062:,1747647682642
counter/9/0/0/0,27427:1747647670747:,1747647682642
counter/6/0/0/0,23674:1747647670386:,1747647682642
counter/10/0/0/0,22088:1747647666701:,1747647682642
counter/7/0/0/0,23164:1747647668041:,1747647682642
counter/5/0/0/0,24436:1747647670062:,1747647682642
counter/9/0/0/0,27428:1747647670747:,1747647682642
counter/6/0/0/0,23675:1747647670386:,1747647682642
counter/10/0/0/0,22089:1747647666701:,1747647682642
counter/7/0/0/0,23165:1747647668041:,1747647682642
counter/5/0/0/0,24437:1747647670069:,1747647682642
counter/9/0/0/0,27429:1747647670747:,1747647682642
counter/2/0/0/0,26923:1747647671744:,1747647682642
counter/6/0/0/0,23676:1747647670386:,1747647682642
counter/10/0/0/0,22090:1747647666701:,1747647682642
counter/7/0/0/0,23166:1747647668041:,1747647682642
counter/5/0/0/0,24438:1747647670069:,1747647682642
counter/9/0/0/0,27430:1747647670747:,1747647682642
counter/4/0/0/0,20787:1747647667775:,1747647682642
counter/6/0/0/0,23677:1747647670386:,1747647682642
counter/10/0/0/0,22091:1747647666701:,1747647682642
counter/7/0/0/0,23167:1747647668041:,1747647682642
counter/5/0/0/0,24439:1747647670069:,1747647682642
counter/9/0/0/0,27431:1747647670747:,1747647682643
counter/4/0/0/0,20788:1747647667775:,1747647682643
counter/3/0/0/0,21845:1747647668123:,1747647682643
counter/6/0/0/0,23678:1747647670386:,1747647682643
counter/10/0/0/0,22092:1747647666701:,1747647682643
counter/7/0/0/0,23168:1747647668042:,1747647682643
counter/5/0/0/0,24440:1747647670069:,1747647682643
counter/9/0/0/0,27432:1747647670747:,1747647682643
counter/3/0/0/0,21846:1747647668123:,1747647682643
counter/1/0/0/0,21997:1747647668172:,1747647682643
counter/6/0/0/0,23679:1747647670388:,1747647682643
counter/10/0/0/0,22093:1747647666701:,1747647682643
counter/7/0/0/0,23169:1747647668042:,1747647682643
counter/5/0/0/0,24441:1747647670069:,1747647682643
counter/9/0/0/0,27433:1747647670748:,1747647682643
counter/3/0/0/0,21847:1747647668123:,1747647682643
counter/8/0/0/0,24669:1747647668758:,1747647682643
counter/6/0/0/0,23680:1747647670388:,1747647682643
counter/10/0/0/0,22094:1747647666701:,1747647682643
counter/7/0/0/0,23170:1747647668042:,1747647682643
counter/5/0/0/0,24442:1747647670069:,1747647682643
counter/9/0/0/0,27434:1747647670748:,1747647682643
counter/3/0/0/0,21848:1747647668123:,1747647682643
counter/2/0/0/0,26924:1747647671744:,1747647682643
counter/6/0/0/0,23681:1747647670388:,1747647682643
counter/10/0/0/0,22095:1747647666701:,1747647682643
counter/7/0/0/0,23171:1747647668042:,1747647682643
counter/5/0/0/0,24443:1747647670069:,1747647682643
counter/9/0/0/0,27435:1747647670748:,1747647682643
counter/3/0/0/0,21849:1747647668127:,1747647682643
counter/6/0/0/0,23682:1747647670388:,1747647682643
counter/10/0/0/0,22096:1747647666701:,1747647682643
counter/7/0/0/0,23172:1747647668042:,1747647682643
counter/5/0/0/0,24444:1747647670069:,1747647682643
counter/9/0/0/0,27436:1747647670748:,1747647682643
counter/6/0/0/0,23683:1747647670388:,1747647682643
counter/10/0/0/0,22097:1747647666701:,1747647682643
counter/7/0/0/0,23173:1747647668042:,1747647682643
counter/5/0/0/0,24445:1747647670069:,1747647682643
counter/9/0/0/0,27437:1747647670748:,1747647682644
counter/6/0/0/0,23684:1747647670388:,1747647682644
counter/10/0/0/0,22098:1747647666703:,1747647682644
counter/7/0/0/0,23174:1747647668042:,1747647682644
counter/5/0/0/0,24446:1747647670069:,1747647682644
counter/9/0/0/0,27438:1747647670748:,1747647682644
counter/6/0/0/0,23685:1747647670389:,1747647682644
counter/10/0/0/0,22099:1747647666703:,1747647682644
counter/7/0/0/0,23175:1747647668042:,1747647682644
counter/5/0/0/0,24447:1747647670069:,1747647682644
counter/9/0/0/0,27439:1747647670748:,1747647682644
counter/6/0/0/0,23686:1747647670389:,1747647682644
counter/10/0/0/0,22100:1747647666706:,1747647682644
counter/7/0/0/0,23176:1747647668042:,1747647682644
counter/5/0/0/0,24448:1747647670069:,1747647682644
counter/9/0/0/0,27440:1747647670748:,1747647682644
counter/6/0/0/0,23687:1747647670389:,1747647682644
counter/10/0/0/0,22101:1747647666706:,1747647682644
counter/7/0/0/0,23177:1747647668042:,1747647682644
counter/5/0/0/0,24449:1747647670069:,1747647682644
counter/9/0/0/0,27441:1747647670748:,1747647682644
counter/6/0/0/0,23688:1747647670389:,1747647682644
counter/10/0/0/0,22102:1747647666706:,1747647682644
counter/7/0/0/0,23178:1747647668042:,1747647682644
counter/5/0/0/0,24450:1747647670069:,1747647682644
counter/9/0/0/0,27442:1747647670751:,1747647682644
counter/6/0/0/0,23689:1747647670389:,1747647682644
counter/10/0/0/0,22103:1747647666706:,1747647682644
counter/7/0/0/0,23179:1747647668042:,1747647682644
counter/5/0/0/0,24451:1747647670077:,1747647682644
counter/9/0/0/0,27443:1747647670751:,1747647682644
counter/6/0/0/0,23690:1747647670389:,1747647682644
counter/10/0/0/0,22104:1747647666706:,1747647682644
counter/7/0/0/0,23180:1747647668042:,1747647682644
counter/5/0/0/0,24452:1747647670077:,1747647682644
counter/9/0/0/0,27444:1747647670751:,1747647682644
counter/1/0/0/0,21998:1747647668173:,1747647682644
counter/8/0/0/0,24670:1747647668758:,1747647682644
counter/6/0/0/0,23691:1747647670390:,1747647682644
counter/10/0/0/0,22105:1747647666706:,1747647682644
counter/7/0/0/0,23181:1747647668042:,1747647682644
counter/5/0/0/0,24453:1747647670077:,1747647682644
counter/9/0/0/0,27445:1747647670751:,1747647682645
counter/3/0/0/0,21850:1747647668127:,1747647682645
counter/4/0/0/0,20789:1747647667775:,1747647682645
counter/6/0/0/0,23692:1747647670390:,1747647682645
counter/10/0/0/0,22106:1747647666706:,1747647682645
counter/7/0/0/0,23182:1747647668042:,1747647682645
counter/5/0/0/0,24454:1747647670077:,1747647682645
counter/9/0/0/0,27446:1747647670761:,1747647682645
counter/4/0/0/0,20790:1747647667775:,1747647682645
counter/6/0/0/0,23693:1747647670390:,1747647682645
counter/10/0/0/0,22107:1747647666706:,1747647682645
counter/7/0/0/0,23183:1747647668042:,1747647682645
counter/5/0/0/0,24455:1747647670078:,1747647682645
counter/9/0/0/0,27447:1747647670761:,1747647682645
counter/1/0/0/0,21999:1747647668182:,1747647682645
counter/6/0/0/0,23694:1747647670390:,1747647682645
counter/10/0/0/0,22108:1747647666706:,1747647682645
counter/7/0/0/0,23184:1747647668042:,1747647682645
counter/5/0/0/0,24456:1747647670078:,1747647682645
counter/9/0/0/0,27448:1747647670763:,1747647682645
counter/1/0/0/0,22000:1747647668182:,1747647682645
counter/6/0/0/0,23695:1747647670390:,1747647682645
counter/10/0/0/0,22109:1747647666706:,1747647682645
counter/7/0/0/0,23185:1747647668042:,1747647682645
counter/5/0/0/0,24457:1747647670078:,1747647682645
counter/9/0/0/0,27449:1747647670763:,1747647682645
counter/6/0/0/0,23696:1747647670390:,1747647682645
counter/10/0/0/0,22110:1747647666706:,1747647682645
counter/7/0/0/0,23186:1747647668042:,1747647682645
counter/5/0/0/0,24458:1747647670078:,1747647682645
counter/9/0/0/0,27450:1747647670763:,1747647682645
counter/6/0/0/0,23697:1747647670390:,1747647682645
counter/10/0/0/0,22111:1747647666706:,1747647682645
counter/7/0/0/0,23187:1747647668042:,1747647682645
counter/5/0/0/0,24459:1747647670078:,1747647682645
counter/9/0/0/0,27451:1747647670763:,1747647682645
counter/4/0/0/0,20791:1747647667775:,1747647682645
counter/6/0/0/0,23698:1747647670390:,1747647682645
counter/10/0/0/0,22112:1747647666706:,1747647682646
counter/7/0/0/0,23188:1747647668042:,1747647682646
counter/5/0/0/0,24460:1747647670078:,1747647682646
counter/9/0/0/0,27452:1747647670764:,1747647682646
counter/2/0/0/0,26925:1747647671744:,1747647682646
counter/6/0/0/0,23699:1747647670390:,1747647682646
counter/10/0/0/0,22113:1747647666706:,1747647682646
counter/7/0/0/0,23189:1747647668043:,1747647682646
counter/5/0/0/0,24461:1747647670078:,1747647682646
counter/9/0/0/0,27453:1747647670764:,1747647682646
counter/2/0/0/0,26926:1747647671744:,1747647682646
counter/6/0/0/0,23700:1747647670390:,1747647682646
counter/10/0/0/0,22114:1747647666706:,1747647682646
counter/7/0/0/0,23190:1747647668043:,1747647682646
counter/5/0/0/0,24462:1747647670082:,1747647682646
counter/9/0/0/0,27454:1747647670769:,1747647682646
counter/2/0/0/0,26927:1747647671744:,1747647682646
counter/6/0/0/0,23701:1747647670390:,1747647682646
counter/10/0/0/0,22115:1747647666706:,1747647682646
counter/7/0/0/0,23191:1747647668043:,1747647682646
counter/5/0/0/0,24463:1747647670083:,1747647682646
counter/9/0/0/0,27455:1747647670769:,1747647682646
counter/2/0/0/0,26928:1747647671744:,1747647682646
counter/6/0/0/0,23702:1747647670391:,1747647682646
counter/10/0/0/0,22116:1747647666706:,1747647682646
counter/7/0/0/0,23192:1747647668043:,1747647682646
counter/5/0/0/0,24464:1747647670083:,1747647682646
counter/9/0/0/0,27456:1747647670769:,1747647682646
counter/2/0/0/0,26929:1747647671747:,1747647682646
counter/6/0/0/0,23703:1747647670397:,1747647682646
counter/10/0/0/0,22117:1747647666709:,1747647682646
counter/7/0/0/0,23193:1747647668052:,1747647682646
counter/5/0/0/0,24465:1747647670083:,1747647682646
counter/9/0/0/0,27457:1747647670769:,1747647682646
counter/2/0/0/0,26930:1747647671747:,1747647682646
counter/3/0/0/0,21851:1747647668127:,1747647682646
counter/6/0/0/0,23704:1747647670398:,1747647682646
counter/10/0/0/0,22118:1747647666709:,1747647682646
counter/7/0/0/0,23194:1747647668052:,1747647682646
counter/5/0/0/0,24466:1747647670083:,1747647682646
counter/9/0/0/0,27458:1747647670769:,1747647682647
counter/2/0/0/0,26931:1747647671747:,1747647682647
counter/1/0/0/0,22001:1747647668182:,1747647682647
counter/8/0/0/0,24671:1747647668758:,1747647682647
counter/6/0/0/0,23705:1747647670398:,1747647682647
counter/10/0/0/0,22119:1747647666709:,1747647682647
counter/7/0/0/0,23195:1747647668052:,1747647682647
counter/5/0/0/0,24467:1747647670083:,1747647682647
counter/9/0/0/0,27459:1747647670769:,1747647682647
counter/2/0/0/0,26932:1747647671747:,1747647682647
counter/8/0/0/0,24672:1747647668758:,1747647682647
counter/4/0/0/0,20792:1747647667786:,1747647682647
counter/6/0/0/0,23706:1747647670398:,1747647682647
counter/10/0/0/0,22120:1747647666709:,1747647682647
counter/7/0/0/0,23196:1747647668054:,1747647682647
counter/5/0/0/0,24468:1747647670083:,1747647682647
counter/9/0/0/0,27460:1747647670769:,1747647682647
counter/2/0/0/0,26933:1747647671747:,1747647682647
counter/8/0/0/0,24673:1747647668758:,1747647682647
counter/4/0/0/0,20793:1747647667786:,1747647682647
counter/6/0/0/0,23707:1747647670398:,1747647682647
counter/10/0/0/0,22121:1747647666709:,1747647682647
counter/7/0/0/0,23197:1747647668054:,1747647682647
counter/5/0/0/0,24469:1747647670083:,1747647682647
counter/9/0/0/0,27461:1747647670776:,1747647682647
counter/2/0/0/0,26934:1747647671747:,1747647682647
counter/8/0/0/0,24674:1747647668758:,1747647682647
counter/4/0/0/0,20794:1747647667786:,1747647682647
counter/1/0/0/0,22002:1747647668182:,1747647682647
counter/6/0/0/0,23708:1747647670398:,1747647682647
counter/10/0/0/0,22122:1747647666709:,1747647682647
counter/7/0/0/0,23198:1747647668054:,1747647682647
counter/5/0/0/0,24470:1747647670084:,1747647682647
counter/9/0/0/0,27462:1747647670776:,1747647682647
counter/2/0/0/0,26935:1747647671747:,1747647682647
counter/8/0/0/0,24675:1747647668758:,1747647682647
counter/6/0/0/0,23709:1747647670398:,1747647682647
counter/10/0/0/0,22123:1747647666709:,1747647682647
counter/7/0/0/0,23199:1747647668054:,1747647682647
counter/5/0/0/0,24471:1747647670088:,1747647682647
counter/9/0/0/0,27463:1747647670776:,1747647682648
counter/2/0/0/0,26936:1747647671747:,1747647682648
counter/8/0/0/0,24676:1747647668758:,1747647682648
counter/6/0/0/0,23710:1747647670398:,1747647682648
counter/10/0/0/0,22124:1747647666709:,1747647682648
counter/7/0/0/0,23200:1747647668054:,1747647682648
counter/5/0/0/0,24472:1747647670088:,1747647682648
counter/9/0/0/0,27464:1747647670776:,1747647682648
counter/2/0/0/0,26937:1747647671747:,1747647682648
counter/8/0/0/0,24677:1747647668758:,1747647682648
counter/6/0/0/0,23711:1747647670398:,1747647682648
counter/10/0/0/0,22125:1747647666709:,1747647682648
counter/7/0/0/0,23201:1747647668054:,1747647682648
counter/5/0/0/0,24473:1747647670088:,1747647682648
counter/9/0/0/0,27465:1747647670776:,1747647682648
counter/2/0/0/0,26938:1747647671747:,1747647682648
counter/8/0/0/0,24678:1747647668758:,1747647682648
counter/6/0/0/0,23712:1747647670398:,1747647682648
counter/10/0/0/0,22126:1747647666712:,1747647682648
counter/7/0/0/0,23202:1747647668054:,1747647682648
counter/5/0/0/0,24474:1747647670088:,1747647682648
counter/9/0/0/0,27466:1747647670776:,1747647682648
counter/2/0/0/0,26939:1747647671747:,1747647682648
counter/8/0/0/0,24679:1747647668758:,1747647682648
counter/1/0/0/0,22003:1747647668182:,1747647682648
counter/3/0/0/0,21852:1747647668127:,1747647682648
counter/6/0/0/0,23713:1747647670401:,1747647682648
counter/10/0/0/0,22127:1747647666712:,1747647682648
counter/7/0/0/0,23203:1747647668054:,1747647682648
counter/5/0/0/0,24475:1747647670088:,1747647682648
counter/9/0/0/0,27467:1747647670776:,1747647682648
counter/2/0/0/0,26940:1747647671747:,1747647682648
counter/8/0/0/0,24680:1747647668758:,1747647682648
counter/1/0/0/0,22004:1747647668184:,1747647682648
counter/4/0/0/0,20795:1747647667786:,1747647682648
counter/6/0/0/0,23714:1747647670401:,1747647682648
counter/10/0/0/0,22128:1747647666713:,1747647682648
counter/7/0/0/0,23204:1747647668054:,1747647682648
counter/5/0/0/0,24476:1747647670088:,1747647682648
counter/9/0/0/0,27468:1747647670776:,1747647682648
counter/2/0/0/0,26941:1747647671747:,1747647682649
counter/8/0/0/0,24681:1747647668758:,1747647682649
counter/6/0/0/0,23715:1747647670401:,1747647682649
counter/10/0/0/0,22129:1747647666713:,1747647682649
counter/7/0/0/0,23205:1747647668054:,1747647682649
counter/5/0/0/0,24477:1747647670088:,1747647682649
counter/9/0/0/0,27469:1747647670776:,1747647682649
counter/2/0/0/0,26942:1747647671747:,1747647682649
counter/8/0/0/0,24682:1747647668758:,1747647682649
counter/4/0/0/0,20796:1747647667786:,1747647682649
counter/6/0/0/0,23716:1747647670401:,1747647682649
counter/10/0/0/0,22130:1747647666713:,1747647682649
counter/7/0/0/0,23206:1747647668054:,1747647682649
counter/5/0/0/0,24478:1747647670088:,1747647682649
counter/9/0/0/0,27470:1747647670783:,1747647682649
counter/2/0/0/0,26943:1747647671747:,1747647682649
counter/8/0/0/0,24683:1747647668768:,1747647682649
counter/6/0/0/0,23717:1747647670401:,1747647682649
counter/10/0/0/0,22131:1747647666713:,1747647682649
counter/7/0/0/0,23207:1747647668054:,1747647682649
counter/5/0/0/0,24479:1747647670088:,1747647682649
counter/9/0/0/0,27471:1747647670784:,1747647682649
counter/2/0/0/0,26944:1747647671747:,1747647682649
counter/8/0/0/0,24684:1747647668768:,1747647682649
counter/6/0/0/0,23718:1747647670401:,1747647682649
counter/10/0/0/0,22132:1747647666713:,1747647682649
counter/7/0/0/0,23208:1747647668054:,1747647682649
counter/5/0/0/0,24480:1747647670088:,1747647682649
counter/9/0/0/0,27472:1747647670784:,1747647682649
counter/2/0/0/0,26945:1747647671748:,1747647682649
counter/8/0/0/0,24685:1747647668768:,1747647682649
counter/6/0/0/0,23719:1747647670401:,1747647682649
counter/10/0/0/0,22133:1747647666714:,1747647682649
counter/7/0/0/0,23209:1747647668054:,1747647682649
counter/5/0/0/0,24481:1747647670088:,1747647682649
counter/9/0/0/0,27473:1747647670784:,1747647682649
counter/2/0/0/0,26946:1747647671748:,1747647682649
counter/8/0/0/0,24686:1747647668768:,1747647682649
counter/6/0/0/0,23720:1747647670401:,1747647682649
counter/10/0/0/0,22134:1747647666714:,1747647682650
counter/7/0/0/0,23210:1747647668054:,1747647682650
counter/5/0/0/0,24482:1747647670088:,1747647682650
counter/9/0/0/0,27474:1747647670784:,1747647682650
counter/2/0/0/0,26947:1747647671748:,1747647682650
counter/8/0/0/0,24687:1747647668768:,1747647682650
counter/6/0/0/0,23721:1747647670401:,1747647682650
counter/10/0/0/0,22135:1747647666714:,1747647682650
counter/7/0/0/0,23211:1747647668054:,1747647682650
counter/5/0/0/0,24483:1747647670088:,1747647682650
counter/9/0/0/0,27475:1747647670784:,1747647682650
counter/2/0/0/0,26948:1747647671748:,1747647682650
counter/8/0/0/0,24688:1747647668768:,1747647682650
counter/6/0/0/0,23722:1747647670401:,1747647682650
counter/10/0/0/0,22136:1747647666714:,1747647682650
counter/7/0/0/0,23212:1747647668054:,1747647682650
counter/5/0/0/0,24484:1747647670088:,1747647682650
counter/9/0/0/0,27476:1747647670784:,1747647682650
counter/8/0/0/0,24689:1747647668768:,1747647682650
counter/4/0/0/0,20797:1747647667786:,1747647682650
counter/6/0/0/0,23723:1747647670401:,1747647682650
counter/10/0/0/0,22137:1747647666714:,1747647682650
counter/7/0/0/0,23213:1747647668054:,1747647682650
counter/5/0/0/0,24485:1747647670088:,1747647682650
counter/9/0/0/0,27477:1747647670784:,1747647682650
counter/8/0/0/0,24690:1747647668784:,1747647682650
counter/10/0/0/0,22138:1747647666714:,1747647682650
counter/7/0/0/0,23214:1747647668054:,1747647682650
counter/5/0/0/0,24486:1747647670088:,1747647682650
counter/9/0/0/0,27478:1747647670784:,1747647682650
counter/8/0/0/0,24691:1747647668784:,1747647682650
counter/10/0/0/0,22139:1747647666714:,1747647682650
counter/7/0/0/0,23215:1747647668054:,1747647682650
counter/5/0/0/0,24487:1747647670094:,1747647682650
counter/9/0/0/0,27479:1747647670785:,1747647682650
counter/8/0/0/0,24692:1747647668784:,1747647682650
counter/10/0/0/0,22140:1747647666714:,1747647682650
counter/7/0/0/0,23216:1747647668054:,1747647682651
counter/5/0/0/0,24488:1747647670094:,1747647682651
counter/9/0/0/0,27480:1747647670785:,1747647682651
counter/8/0/0/0,24693:1747647668784:,1747647682651
counter/10/0/0/0,22141:1747647666714:,1747647682651
counter/7/0/0/0,23217:1747647668056:,1747647682651
counter/5/0/0/0,24489:1747647670094:,1747647682651
counter/9/0/0/0,27481:1747647670785:,1747647682651
counter/8/0/0/0,24694:1747647668784:,1747647682651
counter/10/0/0/0,22142:1747647666715:,1747647682651
counter/7/0/0/0,23218:1747647668056:,1747647682651
counter/5/0/0/0,24490:1747647670094:,1747647682651
counter/9/0/0/0,27482:1747647670785:,1747647682651
counter/8/0/0/0,24695:1747647668784:,1747647682651
counter/10/0/0/0,22143:1747647666715:,1747647682651
counter/7/0/0/0,23219:1747647668056:,1747647682651
counter/5/0/0/0,24491:1747647670094:,1747647682651
counter/9/0/0/0,27483:1747647670792:,1747647682651
counter/8/0/0/0,24696:1747647668784:,1747647682651
counter/10/0/0/0,22144:1747647666715:,1747647682651
counter/7/0/0/0,23220:1747647668056:,1747647682651
counter/5/0/0/0,24492:1747647670094:,1747647682651
counter/9/0/0/0,27484:1747647670792:,1747647682651
counter/8/0/0/0,24697:1747647668784:,1747647682651
counter/1/0/0/0,22005:1747647668184:,1747647682651
counter/3/0/0/0,21853:1747647668127:,1747647682651
counter/10/0/0/0,22145:1747647666715:,1747647682651
counter/7/0/0/0,23221:1747647668068:,1747647682651
counter/5/0/0/0,24493:1747647670094:,1747647682651
counter/9/0/0/0,27485:1747647670793:,1747647682651
counter/8/0/0/0,24698:1747647668784:,1747647682651
counter/1/0/0/0,22006:1747647668184:,1747647682651
counter/10/0/0/0,22146:1747647666715:,1747647682651
counter/7/0/0/0,23222:1747647668068:,1747647682651
counter/5/0/0/0,24494:1747647670096:,1747647682651
counter/9/0/0/0,27486:1747647670793:,1747647682651
counter/8/0/0/0,24699:1747647668784:,1747647682651
counter/1/0/0/0,22007:1747647668184:,1747647682651
counter/10/0/0/0,22147:1747647666715:,1747647682651
counter/7/0/0/0,23223:1747647668068:,1747647682651
counter/5/0/0/0,24495:1747647670096:,1747647682651
counter/9/0/0/0,27487:1747647670793:,1747647682652
counter/8/0/0/0,24700:1747647668784:,1747647682652
counter/1/0/0/0,22008:1747647668184:,1747647682652
counter/10/0/0/0,22148:1747647666715:,1747647682652
counter/7/0/0/0,23224:1747647668068:,1747647682652
counter/5/0/0/0,24496:1747647670096:,1747647682652
counter/9/0/0/0,27488:1747647670793:,1747647682652
counter/8/0/0/0,24701:1747647668784:,1747647682652
counter/4/0/0/0,20798:1747647667786:,1747647682652
counter/10/0/0/0,22149:1747647666715:,1747647682652
counter/7/0/0/0,23225:1747647668068:,1747647682652
counter/5/0/0/0,24497:1747647670096:,1747647682652
counter/9/0/0/0,27489:1747647670793:,1747647682652
counter/8/0/0/0,24702:1747647668786:,1747647682652
counter/1/0/0/0,22009:1747647668184:,1747647682652
counter/6/0/0/0,23724:1747647670401:,1747647682652
counter/10/0/0/0,22150:1747647666716:,1747647682652
counter/7/0/0/0,23226:1747647668068:,1747647682652
counter/5/0/0/0,24498:1747647670104:,1747647682652
counter/9/0/0/0,27490:1747647670794:,1747647682652
counter/8/0/0/0,24703:1747647668786:,1747647682652
counter/1/0/0/0,22010:1747647668188:,1747647682652
counter/2/0/0/0,26949:1747647671748:,1747647682652
counter/10/0/0/0,22151:1747647666716:,1747647682652
counter/7/0/0/0,23227:1747647668068:,1747647682652
counter/5/0/0/0,24499:1747647670104:,1747647682652
counter/9/0/0/0,27491:1747647670794:,1747647682652
counter/8/0/0/0,24704:1747647668786:,1747647682652
counter/10/0/0/0,22152:1747647666716:,1747647682652
counter/7/0/0/0,23228:1747647668068:,1747647682652
counter/5/0/0/0,24500:1747647670104:,1747647682652
counter/9/0/0/0,27492:1747647670794:,1747647682652
counter/8/0/0/0,24705:1747647668786:,1747647682652
counter/4/0/0/0,20799:1747647667791:,1747647682652
counter/10/0/0/0,22153:1747647666716:,1747647682652
counter/7/0/0/0,23229:1747647668068:,1747647682652
counter/5/0/0/0,24501:1747647670104:,1747647682652
counter/9/0/0/0,27493:1747647670794:,1747647682652
counter/8/0/0/0,24706:1747647668786:,1747647682652
counter/4/0/0/0,20800:1747647667791:,1747647682652
counter/3/0/0/0,21854:1747647668128:,1747647682653
counter/10/0/0/0,22154:1747647666716:,1747647682653
counter/7/0/0/0,23230:1747647668068:,1747647682653
counter/5/0/0/0,24502:1747647670104:,1747647682653
counter/9/0/0/0,27494:1747647670794:,1747647682653
counter/8/0/0/0,24707:1747647668786:,1747647682653
counter/6/0/0/0,23725:1747647670413:,1747647682653
counter/10/0/0/0,22155:1747647666716:,1747647682653
counter/7/0/0/0,23231:1747647668068:,1747647682653
counter/5/0/0/0,24503:1747647670108:,1747647682653
counter/9/0/0/0,27495:1747647670794:,1747647682653
counter/8/0/0/0,24708:1747647668786:,1747647682653
counter/1/0/0/0,22011:1747647668188:,1747647682653
counter/10/0/0/0,22156:1747647666716:,1747647682653
counter/7/0/0/0,23232:1747647668075:,1747647682653
counter/5/0/0/0,24504:1747647670108:,1747647682653
counter/9/0/0/0,27496:1747647670794:,1747647682653
counter/8/0/0/0,24709:1747647668787:,1747647682653
counter/10/0/0/0,22157:1747647666716:,1747647682653
counter/7/0/0/0,23233:1747647668075:,1747647682653
counter/5/0/0/0,24505:1747647670109:,1747647682653
counter/9/0/0/0,27497:1747647670799:,1747647682653
counter/8/0/0/0,24710:1747647668787:,1747647682653
counter/3/0/0/0,21855:1747647668128:,1747647682653
counter/10/0/0/0,22158:1747647666716:,1747647682653
counter/7/0/0/0,23234:1747647668075:,1747647682653
counter/5/0/0/0,24506:1747647670112:,1747647682653
counter/9/0/0/0,27498:1747647670799:,1747647682653
counter/8/0/0/0,24711:1747647668787:,1747647682653
counter/6/0/0/0,23726:1747647670413:,1747647682653
counter/10/0/0/0,22159:1747647666716:,1747647682653
counter/7/0/0/0,23235:1747647668075:,1747647682653
counter/5/0/0/0,24507:1747647670117:,1747647682653
counter/9/0/0/0,27499:1747647670799:,1747647682653
counter/8/0/0/0,24712:1747647668787:,1747647682653
counter/10/0/0/0,22160:1747647666716:,1747647682653
counter/7/0/0/0,23236:1747647668075:,1747647682653
counter/5/0/0/0,24508:1747647670117:,1747647682653
counter/9/0/0/0,27500:1747647670799:,1747647682653
counter/8/0/0/0,24713:1747647668787:,1747647682654
counter/10/0/0/0,22161:1747647666716:,1747647682654
counter/7/0/0/0,23237:1747647668075:,1747647682654
counter/5/0/0/0,24509:1747647670117:,1747647682654
counter/9/0/0/0,27501:1747647670799:,1747647682654
counter/8/0/0/0,24714:1747647668789:,1747647682654
counter/2/0/0/0,26950:1747647671748:,1747647682654
counter/10/0/0/0,22162:1747647666723:,1747647682654
counter/7/0/0/0,23238:1747647668075:,1747647682654
counter/5/0/0/0,24510:1747647670117:,1747647682654
counter/9/0/0/0,27502:1747647670800:,1747647682654
counter/8/0/0/0,24715:1747647668792:,1747647682654
counter/4/0/0/0,20801:1747647667791:,1747647682654
counter/10/0/0/0,22163:1747647666723:,1747647682654
counter/7/0/0/0,23239:1747647668075:,1747647682654
counter/5/0/0/0,24511:1747647670117:,1747647682654
counter/9/0/0/0,27503:1747647670800:,1747647682654
counter/8/0/0/0,24716:1747647668792:,1747647682654
counter/4/0/0/0,20802:1747647667791:,1747647682654
counter/6/0/0/0,23727:1747647670413:,1747647682654
counter/10/0/0/0,22164:1747647666723:,1747647682654
counter/7/0/0/0,23240:1747647668077:,1747647682654
counter/5/0/0/0,24512:1747647670117:,1747647682654
counter/9/0/0/0,27504:1747647670800:,1747647682654
counter/8/0/0/0,24717:1747647668792:,1747647682654
counter/10/0/0/0,22165:1747647666723:,1747647682654
counter/7/0/0/0,23241:1747647668077:,1747647682654
counter/5/0/0/0,24513:1747647670117:,1747647682654
counter/9/0/0/0,27505:1747647670800:,1747647682654
counter/8/0/0/0,24718:1747647668792:,1747647682654
counter/10/0/0/0,22166:1747647666723:,1747647682654
counter/7/0/0/0,23242:1747647668077:,1747647682654
counter/5/0/0/0,24514:1747647670117:,1747647682654
counter/9/0/0/0,27506:1747647670800:,1747647682654
counter/8/0/0/0,24719:1747647668792:,1747647682654
counter/6/0/0/0,23728:1747647670413:,1747647682654
counter/10/0/0/0,22167:1747647666723:,1747647682654
counter/7/0/0/0,23243:1747647668077:,1747647682654
counter/5/0/0/0,24515:1747647670117:,1747647682654
counter/9/0/0/0,27507:1747647670800:,1747647682654
counter/8/0/0/0,24720:1747647668792:,1747647682655
counter/6/0/0/0,23729:1747647670413:,1747647682655
counter/10/0/0/0,22168:1747647666723:,1747647682655
counter/7/0/0/0,23244:1747647668080:,1747647682655
counter/5/0/0/0,24516:1747647670117:,1747647682655
counter/9/0/0/0,27508:1747647670806:,1747647682655
counter/8/0/0/0,24721:1747647668792:,1747647682655
counter/6/0/0/0,23730:1747647670413:,1747647682655
counter/10/0/0/0,22169:1747647666723:,1747647682655
counter/7/0/0/0,23245:1747647668080:,1747647682655
counter/5/0/0/0,24517:1747647670117:,1747647682655
counter/9/0/0/0,27509:1747647670806:,1747647682655
counter/8/0/0/0,24722:1747647668792:,1747647682655
counter/6/0/0/0,23731:1747647670413:,1747647682655
counter/1/0/0/0,22012:1747647668188:,1747647682655
counter/10/0/0/0,22170:1747647666723:,1747647682655
counter/7/0/0/0,23246:1747647668080:,1747647682655
counter/5/0/0/0,24518:1747647670117:,1747647682655
counter/9/0/0/0,27510:1747647670806:,1747647682655
counter/8/0/0/0,24723:1747647668792:,1747647682655
counter/6/0/0/0,23732:1747647670414:,1747647682655
counter/1/0/0/0,22013:1747647668188:,1747647682655
counter/3/0/0/0,21856:1747647668128:,1747647682655
counter/10/0/0/0,22171:1747647666723:,1747647682655
counter/7/0/0/0,23247:1747647668080:,1747647682655
counter/5/0/0/0,24519:1747647670117:,1747647682655
counter/9/0/0/0,27511:1747647670806:,1747647682655
counter/8/0/0/0,24724:1747647668792:,1747647682655
counter/6/0/0/0,23733:1747647670414:,1747647682655
counter/10/0/0/0,22172:1747647666723:,1747647682655
counter/7/0/0/0,23248:1747647668080:,1747647682655
counter/5/0/0/0,24520:1747647670117:,1747647682655
counter/9/0/0/0,27512:1747647670806:,1747647682655
counter/8/0/0/0,24725:1747647668793:,1747647682655
counter/6/0/0/0,23734:1747647670414:,1747647682655
counter/10/0/0/0,22173:1747647666723:,1747647682655
counter/7/0/0/0,23249:1747647668080:,1747647682655
counter/5/0/0/0,24521:1747647670117:,1747647682655
counter/9/0/0/0,27513:1747647670806:,1747647682655
counter/8/0/0/0,24726:1747647668793:,1747647682656
counter/6/0/0/0,23735:1747647670414:,1747647682656
counter/10/0/0/0,22174:1747647666723:,1747647682656
counter/7/0/0/0,23250:1747647668085:,1747647682656
counter/5/0/0/0,24522:1747647670117:,1747647682656
counter/9/0/0/0,27514:1747647670806:,1747647682656
counter/8/0/0/0,24727:1747647668794:,1747647682656
counter/4/0/0/0,20803:1747647667791:,1747647682656
counter/10/0/0/0,22175:1747647666723:,1747647682656
counter/7/0/0/0,23251:1747647668085:,1747647682656
counter/5/0/0/0,24523:1747647670136:,1747647682656
counter/9/0/0/0,27515:1747647670806:,1747647682656
counter/8/0/0/0,24728:1747647668803:,1747647682656
counter/4/0/0/0,20804:1747647667791:,1747647682656
counter/6/0/0/0,23736:1747647670414:,1747647682656
counter/10/0/0/0,22176:1747647666723:,1747647682656
counter/7/0/0/0,23252:1747647668085:,1747647682656
counter/5/0/0/0,24524:1747647670136:,1747647682656
counter/9/0/0/0,27516:1747647670807:,1747647682656
counter/8/0/0/0,24729:1747647668803:,1747647682656
counter/10/0/0/0,22177:1747647666723:,1747647682656
counter/7/0/0/0,23253:1747647668086:,1747647682656
counter/5/0/0/0,24525:1747647670136:,1747647682656
counter/9/0/0/0,27517:1747647670807:,1747647682656
counter/8/0/0/0,24730:1747647668803:,1747647682656
counter/10/0/0/0,22178:1747647666723:,1747647682656
counter/7/0/0/0,23254:1747647668086:,1747647682656
counter/5/0/0/0,24526:1747647670136:,1747647682656
counter/9/0/0/0,27518:1747647670807:,1747647682656
counter/8/0/0/0,24731:1747647668803:,1747647682656
counter/10/0/0/0,22179:1747647666723:,1747647682656
counter/7/0/0/0,23255:1747647668086:,1747647682656
counter/5/0/0/0,24527:1747647670136:,1747647682656
counter/9/0/0/0,27519:1747647670822:,1747647682656
counter/8/0/0/0,24732:1747647668803:,1747647682656
counter/10/0/0/0,22180:1747647666723:,1747647682656
counter/7/0/0/0,23256:1747647668086:,1747647682656
counter/5/0/0/0,24528:1747647670136:,1747647682656
counter/9/0/0/0,27520:1747647670837:,1747647682656
counter/8/0/0/0,24733:1747647668803:,1747647682656
counter/10/0/0/0,22181:1747647666723:,1747647682656
counter/7/0/0/0,23257:1747647668086:,1747647682657
counter/5/0/0/0,24529:1747647670136:,1747647682657
counter/9/0/0/0,27521:1747647670842:,1747647682657
counter/8/0/0/0,24734:1747647668803:,1747647682657
counter/10/0/0/0,22182:1747647666723:,1747647682657
counter/7/0/0/0,23258:1747647668090:,1747647682657
counter/5/0/0/0,24530:1747647670136:,1747647682657
counter/9/0/0/0,27522:1747647670842:,1747647682657
counter/8/0/0/0,24735:1747647668803:,1747647682657
counter/2/0/0/0,26951:1747647671748:,1747647682657
counter/10/0/0/0,22183:1747647666724:,1747647682657
counter/7/0/0/0,23259:1747647668090:,1747647682657
counter/5/0/0/0,24531:1747647670136:,1747647682657
counter/9/0/0/0,27523:1747647670842:,1747647682657
counter/8/0/0/0,24736:1747647668803:,1747647682657
counter/2/0/0/0,26952:1747647671748:,1747647682657
counter/10/0/0/0,22184:1747647666724:,1747647682657
counter/7/0/0/0,23260:1747647668090:,1747647682657
counter/5/0/0/0,24532:1747647670136:,1747647682657
counter/9/0/0/0,27524:1747647670842:,1747647682657
counter/8/0/0/0,24737:1747647668812:,1747647682657
counter/2/0/0/0,26953:1747647671748:,1747647682657
counter/6/0/0/0,23737:1747647670415:,1747647682657
counter/10/0/0/0,22185:1747647666724:,1747647682657
counter/7/0/0/0,23261:1747647668090:,1747647682657
counter/5/0/0/0,24533:1747647670136:,1747647682657
counter/9/0/0/0,27525:1747647670842:,1747647682657
counter/8/0/0/0,24738:1747647668812:,1747647682657
counter/2/0/0/0,26954:1747647671748:,1747647682657
counter/4/0/0/0,20805:1747647667791:,1747647682657
counter/10/0/0/0,22186:1747647666724:,1747647682657
counter/7/0/0/0,23262:1747647668090:,1747647682657
counter/5/0/0/0,24534:1747647670136:,1747647682657
counter/9/0/0/0,27526:1747647670842:,1747647682657
counter/8/0/0/0,24739:1747647668812:,1747647682657
counter/2/0/0/0,26955:1747647671748:,1747647682657
counter/4/0/0/0,20806:1747647667791:,1747647682657
counter/3/0/0/0,21857:1747647668128:,1747647682657
counter/10/0/0/0,22187:1747647666724:,1747647682657
counter/7/0/0/0,23263:1747647668090:,1747647682657
counter/5/0/0/0,24535:1747647670136:,1747647682657
counter/9/0/0/0,27527:1747647670842:,1747647682657
counter/8/0/0/0,24740:1747647668812:,1747647682658
counter/2/0/0/0,26956:1747647671748:,1747647682658
counter/10/0/0/0,22188:1747647666724:,1747647682658
counter/7/0/0/0,23264:1747647668090:,1747647682658
counter/5/0/0/0,24536:1747647670137:,1747647682658
counter/9/0/0/0,27528:1747647670842:,1747647682658
counter/8/0/0/0,24741:1747647668812:,1747647682658
counter/2/0/0/0,26957:1747647671748:,1747647682658
counter/4/0/0/0,20807:1747647667794:,1747647682658
counter/6/0/0/0,23738:1747647670415:,1747647682658
counter/10/0/0/0,22189:1747647666724:,1747647682658
counter/7/0/0/0,23265:1747647668090:,1747647682658
counter/5/0/0/0,24537:1747647670137:,1747647682658
counter/9/0/0/0,27529:1747647670842:,1747647682658
counter/8/0/0/0,24742:1747647668812:,1747647682658
counter/2/0/0/0,26958:1747647671748:,1747647682658
counter/4/0/0/0,20808:1747647667794:,1747647682658
counter/10/0/0/0,22190:1747647666724:,1747647682658
counter/7/0/0/0,23266:1747647668094:,1747647682658
counter/5/0/0/0,24538:1747647670137:,1747647682658
counter/9/0/0/0,27530:1747647670842:,1747647682658
counter/8/0/0/0,24743:1747647668812:,1747647682658
counter/2/0/0/0,26959:1747647671748:,1747647682658
counter/4/0/0/0,20809:1747647667794:,1747647682658
counter/3/0/0/0,21858:1747647668128:,1747647682658
counter/10/0/0/0,22191:1747647666724:,1747647682658
counter/7/0/0/0,23267:1747647668094:,1747647682658
counter/5/0/0/0,24539:1747647670146:,1747647682658
counter/9/0/0/0,27531:1747647670842:,1747647682658
counter/8/0/0/0,24744:1747647668825:,1747647682658
counter/2/0/0/0,26960:1747647671748:,1747647682658
counter/10/0/0/0,22192:1747647666724:,1747647682658
counter/7/0/0/0,23268:1747647668095:,1747647682658
counter/5/0/0/0,24540:1747647670146:,1747647682658
counter/9/0/0/0,27532:1747647670842:,1747647682658
counter/8/0/0/0,24745:1747647668825:,1747647682658
counter/2/0/0/0,26961:1747647671748:,1747647682658
counter/10/0/0/0,22193:1747647666724:,1747647682658
counter/7/0/0/0,23269:1747647668095:,1747647682658
counter/5/0/0/0,24541:1747647670146:,1747647682658
counter/9/0/0/0,27533:1747647670842:,1747647682659
counter/8/0/0/0,24746:1747647668825:,1747647682659
counter/2/0/0/0,26962:1747647671748:,1747647682659
counter/10/0/0/0,22194:1747647666725:,1747647682659
counter/7/0/0/0,23270:1747647668095:,1747647682659
counter/5/0/0/0,24542:1747647670146:,1747647682659
counter/9/0/0/0,27534:1747647670842:,1747647682659
counter/8/0/0/0,24747:1747647668826:,1747647682659
counter/2/0/0/0,26963:1747647671748:,1747647682659
counter/1/0/0/0,22014:1747647668188:,1747647682659
counter/10/0/0/0,22195:1747647666725:,1747647682659
counter/7/0/0/0,23271:1747647668095:,1747647682659
counter/5/0/0/0,24543:1747647670146:,1747647682659
counter/9/0/0/0,27535:1747647670842:,1747647682659
counter/8/0/0/0,24748:1747647668826:,1747647682659
counter/2/0/0/0,26964:1747647671748:,1747647682659
counter/10/0/0/0,22196:1747647666725:,1747647682659
counter/7/0/0/0,23272:1747647668095:,1747647682659
counter/5/0/0/0,24544:1747647670146:,1747647682659
counter/9/0/0/0,27536:1747647670842:,1747647682659
counter/8/0/0/0,24749:1747647668826:,1747647682659
counter/2/0/0/0,26965:1747647671748:,1747647682659
counter/10/0/0/0,22197:1747647666725:,1747647682659
counter/7/0/0/0,23273:1747647668095:,1747647682659
counter/5/0/0/0,24545:1747647670146:,1747647682659
counter/9/0/0/0,27537:1747647670846:,1747647682659
counter/8/0/0/0,24750:1747647668826:,1747647682659
counter/2/0/0/0,26966:1747647671748:,1747647682659
counter/4/0/0/0,20810:1747647667794:,1747647682659
counter/10/0/0/0,22198:1747647666725:,1747647682659
counter/7/0/0/0,23274:1747647668095:,1747647682659
counter/5/0/0/0,24546:1747647670146:,1747647682659
counter/9/0/0/0,27538:1747647670846:,1747647682659
counter/8/0/0/0,24751:1747647668826:,1747647682659
counter/2/0/0/0,26967:1747647671769:,1747647682659
counter/10/0/0/0,22199:1747647666725:,1747647682659
counter/7/0/0/0,23275:1747647668095:,1747647682659
counter/5/0/0/0,24547:1747647670147:,1747647682659
counter/9/0/0/0,27539:1747647670846:,1747647682659
counter/8/0/0/0,24752:1747647668826:,1747647682659
counter/2/0/0/0,26968:1747647671769:,1747647682659
counter/10/0/0/0,22200:1747647666725:,1747647682660
counter/7/0/0/0,23276:1747647668095:,1747647682660
counter/5/0/0/0,24548:1747647670147:,1747647682660
counter/9/0/0/0,27540:1747647670846:,1747647682660
counter/8/0/0/0,24753:1747647668827:,1747647682660
counter/2/0/0/0,26969:1747647671769:,1747647682660
counter/10/0/0/0,22201:1747647666725:,1747647682660
counter/7/0/0/0,23277:1747647668095:,1747647682660
counter/5/0/0/0,24549:1747647670147:,1747647682660
counter/9/0/0/0,27541:1747647670846:,1747647682660
counter/8/0/0/0,24754:1747647668827:,1747647682660
counter/2/0/0/0,26970:1747647671770:,1747647682660
counter/4/0/0/0,20811:1747647667794:,1747647682660
counter/3/0/0/0,21859:1747647668130:,1747647682660
counter/10/0/0/0,22202:1747647666731:,1747647682660
counter/7/0/0/0,23278:1747647668095:,1747647682660
counter/5/0/0/0,24550:1747647670147:,1747647682660
counter/9/0/0/0,27542:1747647670847:,1747647682660
counter/8/0/0/0,24755:1747647668827:,1747647682660
counter/2/0/0/0,26971:1747647671770:,1747647682660
counter/10/0/0/0,22203:1747647666732:,1747647682660
counter/7/0/0/0,23279:1747647668099:,1747647682660
counter/5/0/0/0,24551:1747647670147:,1747647682660
counter/9/0/0/0,27543:1747647670853:,1747647682660
counter/8/0/0/0,24756:1747647668827:,1747647682660
counter/2/0/0/0,26972:1747647671770:,1747647682660
counter/10/0/0/0,22204:1747647666732:,1747647682660
counter/7/0/0/0,23280:1747647668099:,1747647682660
counter/5/0/0/0,24552:1747647670147:,1747647682660
counter/9/0/0/0,27544:1747647670853:,1747647682660
counter/8/0/0/0,24757:1747647668827:,1747647682660
counter/2/0/0/0,26973:1747647671770:,1747647682660
counter/10/0/0/0,22205:1747647666732:,1747647682660
counter/7/0/0/0,23281:1747647668099:,1747647682660
counter/5/0/0/0,24553:1747647670147:,1747647682660
counter/9/0/0/0,27545:1747647670853:,1747647682660
counter/8/0/0/0,24758:1747647668827:,1747647682660
counter/2/0/0/0,26974:1747647671770:,1747647682660
counter/10/0/0/0,22206:1747647666732:,1747647682660
counter/7/0/0/0,23282:1747647668099:,1747647682661
counter/5/0/0/0,24554:1747647670148:,1747647682661
counter/9/0/0/0,27546:1747647670853:,1747647682661
counter/8/0/0/0,24759:1747647668827:,1747647682661
counter/2/0/0/0,26975:1747647671770:,1747647682661
counter/10/0/0/0,22207:1747647666737:,1747647682661
counter/7/0/0/0,23283:1747647668099:,1747647682661
counter/5/0/0/0,24555:1747647670148:,1747647682661
counter/9/0/0/0,27547:1747647670859:,1747647682661
counter/8/0/0/0,24760:1747647668827:,1747647682661
counter/2/0/0/0,26976:1747647671770:,1747647682661
counter/1/0/0/0,22015:1747647668189:,1747647682661
counter/3/0/0/0,21860:1747647668130:,1747647682661
counter/10/0/0/0,22208:1747647666737:,1747647682661
counter/7/0/0/0,23284:1747647668099:,1747647682661
counter/5/0/0/0,24556:1747647670148:,1747647682661
counter/9/0/0/0,27548:1747647670859:,1747647682661
counter/8/0/0/0,24761:1747647668827:,1747647682661
counter/2/0/0/0,26977:1747647671770:,1747647682661
counter/1/0/0/0,22016:1747647668189:,1747647682661
counter/10/0/0/0,22209:1747647666737:,1747647682661
counter/7/0/0/0,23285:1747647668100:,1747647682661
counter/5/0/0/0,24557:1747647670148:,1747647682661
counter/9/0/0/0,27549:1747647670864:,1747647682661
counter/8/0/0/0,24762:1747647668827:,1747647682661
counter/2/0/0/0,26978:1747647671770:,1747647682661
counter/10/0/0/0,22210:1747647666737:,1747647682661
counter/7/0/0/0,23286:1747647668100:,1747647682661
counter/5/0/0/0,24558:1747647670148:,1747647682661
counter/9/0/0/0,27550:1747647670864:,1747647682661
counter/8/0/0/0,24763:1747647668827:,1747647682661
counter/2/0/0/0,26979:1747647671770:,1747647682661
counter/6/0/0/0,23739:1747647670415:,1747647682661
counter/10/0/0/0,22211:1747647666738:,1747647682661
counter/7/0/0/0,23287:1747647668100:,1747647682661
counter/5/0/0/0,24559:1747647670148:,1747647682661
counter/9/0/0/0,27551:1747647670864:,1747647682661
counter/8/0/0/0,24764:1747647668827:,1747647682661
counter/2/0/0/0,26980:1747647671770:,1747647682661
counter/6/0/0/0,23740:1747647670415:,1747647682661
counter/10/0/0/0,22212:1747647666738:,1747647682661
counter/7/0/0/0,23288:1747647668100:,1747647682661
counter/5/0/0/0,24560:1747647670148:,1747647682661
counter/9/0/0/0,27552:1747647670864:,1747647682662
counter/8/0/0/0,24765:1747647668827:,1747647682662
counter/2/0/0/0,26981:1747647671770:,1747647682662
counter/6/0/0/0,23741:1747647670415:,1747647682662
counter/10/0/0/0,22213:1747647666738:,1747647682662
counter/7/0/0/0,23289:1747647668100:,1747647682662
counter/5/0/0/0,24561:1747647670148:,1747647682662
counter/9/0/0/0,27553:1747647670864:,1747647682662
counter/8/0/0/0,24766:1747647668827:,1747647682662
counter/2/0/0/0,26982:1747647671770:,1747647682662
counter/6/0/0/0,23742:1747647670415:,1747647682662
counter/10/0/0/0,22214:1747647666738:,1747647682662
counter/7/0/0/0,23290:1747647668100:,1747647682662
counter/5/0/0/0,24562:1747647670148:,1747647682662
counter/9/0/0/0,27554:1747647670864:,1747647682662
counter/8/0/0/0,24767:1747647668827:,1747647682662
counter/2/0/0/0,26983:1747647671770:,1747647682662
counter/6/0/0/0,23743:1747647670415:,1747647682662
counter/10/0/0/0,22215:1747647666738:,1747647682662
counter/7/0/0/0,23291:1747647668100:,1747647682662
counter/5/0/0/0,24563:1747647670148:,1747647682662
counter/9/0/0/0,27555:1747647670864:,1747647682662
counter/8/0/0/0,24768:1747647668827:,1747647682662
counter/2/0/0/0,26984:1747647671770:,1747647682662
counter/6/0/0/0,23744:1747647670415:,1747647682662
counter/3/0/0/0,21861:1747647668130:,1747647682662
counter/10/0/0/0,22216:1747647666738:,1747647682662
counter/7/0/0/0,23292:1747647668100:,1747647682662
counter/5/0/0/0,24564:1747647670148:,1747647682662
counter/9/0/0/0,27556:1747647670864:,1747647682662
counter/8/0/0/0,24769:1747647668827:,1747647682662
counter/2/0/0/0,26985:1747647671770:,1747647682662
counter/6/0/0/0,23745:1747647670415:,1747647682662
counter/10/0/0/0,22217:1747647666738:,1747647682662
counter/7/0/0/0,23293:1747647668100:,1747647682662
counter/5/0/0/0,24565:1747647670148:,1747647682662
counter/9/0/0/0,27557:1747647670864:,1747647682662
counter/8/0/0/0,24770:1747647668827:,1747647682662
counter/2/0/0/0,26986:1747647671770:,1747647682663
counter/6/0/0/0,23746:1747647670434:,1747647682663
counter/10/0/0/0,22218:1747647666738:,1747647682663
counter/7/0/0/0,23294:1747647668100:,1747647682663
counter/5/0/0/0,24566:1747647670148:,1747647682663
counter/9/0/0/0,27558:1747647670864:,1747647682663
counter/8/0/0/0,24771:1747647668827:,1747647682663
counter/6/0/0/0,23747:1747647670434:,1747647682663
counter/10/0/0/0,22219:1747647666738:,1747647682663
counter/7/0/0/0,23295:1747647668100:,1747647682663
counter/5/0/0/0,24567:1747647670148:,1747647682663
counter/9/0/0/0,27559:1747647670864:,1747647682663
counter/8/0/0/0,24772:1747647668827:,1747647682663
counter/6/0/0/0,23748:1747647670434:,1747647682663
counter/3/0/0/0,21862:1747647668130:,1747647682663
counter/10/0/0/0,22220:1747647666738:,1747647682663
counter/7/0/0/0,23296:1747647668101:,1747647682663
counter/5/0/0/0,24568:1747647670148:,1747647682663
counter/9/0/0/0,27560:1747647670864:,1747647682663
counter/8/0/0/0,24773:1747647668827:,1747647682663
counter/6/0/0/0,23749:1747647670434:,1747647682663
counter/10/0/0/0,22221:1747647666738:,1747647682663
counter/7/0/0/0,23297:1747647668113:,1747647682663
counter/5/0/0/0,24569:1747647670148:,1747647682663
counter/9/0/0/0,27561:1747647670868:,1747647682663
counter/8/0/0/0,24774:1747647668827:,1747647682663
counter/6/0/0/0,23750:1747647670434:,1747647682663
counter/10/0/0/0,22222:1747647666738:,1747647682663
counter/7/0/0/0,23298:1747647668113:,1747647682663
counter/5/0/0/0,24570:1747647670151:,1747647682663
counter/9/0/0/0,27562:1747647670872:,1747647682663
counter/8/0/0/0,24775:1747647668827:,1747647682663
counter/6/0/0/0,23751:1747647670434:,1747647682663
counter/10/0/0/0,22223:1747647666738:,1747647682663
counter/7/0/0/0,23299:1747647668113:,1747647682663
counter/5/0/0/0,24571:1747647670151:,1747647682663
counter/9/0/0/0,27563:1747647670872:,1747647682663
counter/8/0/0/0,24776:1747647668828:,1747647682663
counter/6/0/0/0,23752:1747647670434:,1747647682663
counter/10/0/0/0,22224:1747647666738:,1747647682663
counter/7/0/0/0,23300:1747647668113:,1747647682664
counter/5/0/0/0,24572:1747647670151:,1747647682664
counter/9/0/0/0,27564:1747647670872:,1747647682664
counter/8/0/0/0,24777:1747647668828:,1747647682664
counter/6/0/0/0,23753:1747647670435:,1747647682664
counter/10/0/0/0,22225:1747647666738:,1747647682664
counter/7/0/0/0,23301:1747647668113:,1747647682664
counter/5/0/0/0,24573:1747647670151:,1747647682664
counter/9/0/0/0,27565:1747647670872:,1747647682664
counter/8/0/0/0,24778:1747647668829:,1747647682664
counter/6/0/0/0,23754:1747647670435:,1747647682664
counter/10/0/0/0,22226:1747647666739:,1747647682664
counter/7/0/0/0,23302:1747647668113:,1747647682664
counter/5/0/0/0,24574:1747647670151:,1747647682664
counter/9/0/0/0,27566:1747647670872:,1747647682664
counter/8/0/0/0,24779:1747647668829:,1747647682664
counter/10/0/0/0,22227:1747647666743:,1747647682664
counter/7/0/0/0,23303:1747647668114:,1747647682664
counter/5/0/0/0,24575:1747647670151:,1747647682664
counter/9/0/0/0,27567:1747647670872:,1747647682664
counter/8/0/0/0,24780:1747647668829:,1747647682664
counter/10/0/0/0,22228:1747647666743:,1747647682664
counter/7/0/0/0,23304:1747647668114:,1747647682664
counter/5/0/0/0,24576:1747647670151:,1747647682664
counter/9/0/0/0,27568:1747647670872:,1747647682664
counter/8/0/0/0,24781:1747647668829:,1747647682664
counter/10/0/0/0,22229:1747647666743:,1747647682664
counter/7/0/0/0,23305:1747647668114:,1747647682664
counter/5/0/0/0,24577:1747647670151:,1747647682664
counter/9/0/0/0,27569:1747647670872:,1747647682664
counter/8/0/0/0,24782:1747647668829:,1747647682664
counter/10/0/0/0,22230:1747647666743:,1747647682664
counter/7/0/0/0,23306:1747647668114:,1747647682664
counter/5/0/0/0,24578:1747647670151:,1747647682664
counter/9/0/0/0,27570:1747647670873:,1747647682664
counter/8/0/0/0,24783:1747647668829:,1747647682664
counter/10/0/0/0,22231:1747647666743:,1747647682664
counter/7/0/0/0,23307:1747647668114:,1747647682664
counter/9/0/0/0,27571:1747647670873:,1747647682664
counter/8/0/0/0,24784:1747647668829:,1747647682664
counter/10/0/0/0,22232:1747647666743:,1747647682664
counter/7/0/0/0,23308:1747647668114:,1747647682664
counter/9/0/0/0,27572:1747647670873:,1747647682664
counter/8/0/0/0,24785:1747647668829:,1747647682665
counter/10/0/0/0,22233:1747647666743:,1747647682665
counter/7/0/0/0,23309:1747647668114:,1747647682665
counter/9/0/0/0,27573:1747647670873:,1747647682665
counter/8/0/0/0,24786:1747647668829:,1747647682665
counter/10/0/0/0,22234:1747647666753:,1747647682665
counter/7/0/0/0,23310:1747647668114:,1747647682665
counter/9/0/0/0,27574:1747647670873:,1747647682665
counter/8/0/0/0,24787:1747647668829:,1747647682665
counter/10/0/0/0,22235:1747647666753:,1747647682665
counter/7/0/0/0,23311:1747647668114:,1747647682665
counter/9/0/0/0,27575:1747647670873:,1747647682665
counter/8/0/0/0,24788:1747647668829:,1747647682665
counter/10/0/0/0,22236:1747647666754:,1747647682665
counter/7/0/0/0,23312:1747647668122:,1747647682665
counter/9/0/0/0,27576:1747647670873:,1747647682665
counter/8/0/0/0,24789:1747647668829:,1747647682665
counter/10/0/0/0,22237:1747647666754:,1747647682665
counter/7/0/0/0,23313:1747647668122:,1747647682665
counter/9/0/0/0,27577:1747647670874:,1747647682665
counter/8/0/0/0,24790:1747647668836:,1747647682665
counter/10/0/0/0,22238:1747647666754:,1747647682665
counter/7/0/0/0,23314:1747647668122:,1747647682665
counter/9/0/0/0,27578:1747647670874:,1747647682665
counter/8/0/0/0,24791:1747647668836:,1747647682665
counter/5/0/0/0,24579:1747647670151:,1747647682665
counter/10/0/0/0,22239:1747647666755:,1747647682665
counter/7/0/0/0,23315:1747647668122:,1747647682665
counter/9/0/0/0,27579:1747647670875:,1747647682665
counter/8/0/0/0,24792:1747647668836:,1747647682665
counter/5/0/0/0,24580:1747647670151:,1747647682665
counter/2/0/0/0,26987:1747647671770:,1747647682665
counter/4/0/0/0,20812:1747647667794:,1747647682665
counter/10/0/0/0,22240:1747647666755:,1747647682665
counter/7/0/0/0,23316:1747647668122:,1747647682665
counter/9/0/0/0,27580:1747647670875:,1747647682665
counter/8/0/0/0,24793:1747647668836:,1747647682666
counter/3/0/0/0,21863:1747647668130:,1747647682666
counter/10/0/0/0,22241:1747647666755:,1747647682666
counter/7/0/0/0,23317:1747647668122:,1747647682666
counter/9/0/0/0,27581:1747647670879:,1747647682666
counter/8/0/0/0,24794:1747647668836:,1747647682666
counter/10/0/0/0,22242:1747647666755:,1747647682666
counter/7/0/0/0,23318:1747647668122:,1747647682666
counter/9/0/0/0,27582:1747647670879:,1747647682666
counter/8/0/0/0,24795:1747647668836:,1747647682666
counter/10/0/0/0,22243:1747647666755:,1747647682666
counter/7/0/0/0,23319:1747647668122:,1747647682666
counter/9/0/0/0,27583:1747647670879:,1747647682666
counter/8/0/0/0,24796:1747647668836:,1747647682666
counter/10/0/0/0,22244:1747647666755:,1747647682666
counter/7/0/0/0,23320:1747647668122:,1747647682666
counter/9/0/0/0,27584:1747647670879:,1747647682666
counter/8/0/0/0,24797:1747647668836:,1747647682666
counter/10/0/0/0,22245:1747647666755:,1747647682666
counter/7/0/0/0,23321:1747647668122:,1747647682666
counter/9/0/0/0,27585:1747647670879:,1747647682666
counter/8/0/0/0,24798:1747647668836:,1747647682666
counter/10/0/0/0,22246:1747647666755:,1747647682666
counter/7/0/0/0,23322:1747647668122:,1747647682666
counter/9/0/0/0,27586:1747647670879:,1747647682666
counter/8/0/0/0,24799:1747647668836:,1747647682666
counter/10/0/0/0,22247:1747647666755:,1747647682666
counter/7/0/0/0,23323:1747647668131:,1747647682666
counter/9/0/0/0,27587:1747647670879:,1747647682666
counter/8/0/0/0,24800:1747647668836:,1747647682666
counter/10/0/0/0,22248:1747647666755:,1747647682666
counter/7/0/0/0,23324:1747647668131:,1747647682666
counter/9/0/0/0,27588:1747647670879:,1747647682666
counter/8/0/0/0,24801:1747647668836:,1747647682666
counter/10/0/0/0,22249:1747647666755:,1747647682666
counter/7/0/0/0,23325:1747647668131:,1747647682666
counter/9/0/0/0,27589:1747647670879:,1747647682666
counter/8/0/0/0,24802:1747647668836:,1747647682666
counter/10/0/0/0,22250:1747647666755:,1747647682666
counter/7/0/0/0,23326:1747647668131:,1747647682666
counter/9/0/0/0,27590:1747647670879:,1747647682666
counter/8/0/0/0,24803:1747647668836:,1747647682666
counter/10/0/0/0,22251:1747647666757:,1747647682667
counter/7/0/0/0,23327:1747647668131:,1747647682667
counter/9/0/0/0,27591:1747647670879:,1747647682667
counter/8/0/0/0,24804:1747647668836:,1747647682667
counter/10/0/0/0,22252:1747647666757:,1747647682667
counter/7/0/0/0,23328:1747647668131:,1747647682667
counter/9/0/0/0,27592:1747647670879:,1747647682667
counter/8/0/0/0,24805:1747647668836:,1747647682667
counter/4/0/0/0,20813:1747647667794:,1747647682667
counter/10/0/0/0,22253:1747647666757:,1747647682667
counter/7/0/0/0,23329:1747647668131:,1747647682667
counter/9/0/0/0,27593:1747647670879:,1747647682667
counter/8/0/0/0,24806:1747647668836:,1747647682667
counter/3/0/0/0,21864:1747647668130:,1747647682667
counter/10/0/0/0,22254:1747647666757:,1747647682667
counter/7/0/0/0,23330:1747647668132:,1747647682667
counter/9/0/0/0,27594:1747647670879:,1747647682667
counter/8/0/0/0,24807:1747647668836:,1747647682667
counter/10/0/0/0,22255:1747647666758:,1747647682667
counter/7/0/0/0,23331:1747647668132:,1747647682667
counter/9/0/0/0,27595:1747647670879:,1747647682667
counter/8/0/0/0,24808:1747647668837:,1747647682667
counter/10/0/0/0,22256:1747647666776:,1747647682667
counter/7/0/0/0,23332:1747647668132:,1747647682667
counter/9/0/0/0,27596:1747647670879:,1747647682667
counter/8/0/0/0,24809:1747647668837:,1747647682667
counter/10/0/0/0,22257:1747647666776:,1747647682667
counter/7/0/0/0,23333:1747647668132:,1747647682667
counter/9/0/0/0,27597:1747647670879:,1747647682667
counter/8/0/0/0,24810:1747647668837:,1747647682667
counter/10/0/0/0,22258:1747647666776:,1747647682667
counter/7/0/0/0,23334:1747647668132:,1747647682667
counter/9/0/0/0,27598:1747647670887:,1747647682667
counter/8/0/0/0,24811:1747647668837:,1747647682667
counter/10/0/0/0,22259:1747647666776:,1747647682667
counter/7/0/0/0,23335:1747647668132:,1747647682667
counter/9/0/0/0,27599:1747647670887:,1747647682667
counter/8/0/0/0,24812:1747647668837:,1747647682668
counter/10/0/0/0,22260:1747647666777:,1747647682668
counter/7/0/0/0,23336:1747647668132:,1747647682668
counter/9/0/0/0,27600:1747647670887:,1747647682668
counter/8/0/0/0,24813:1747647668837:,1747647682668
counter/10/0/0/0,22261:1747647666777:,1747647682668
counter/7/0/0/0,23337:1747647668132:,1747647682668
counter/9/0/0/0,27601:1747647670887:,1747647682668
counter/8/0/0/0,24814:1747647668837:,1747647682668
counter/10/0/0/0,22262:1747647666777:,1747647682668
counter/7/0/0/0,23338:1747647668132:,1747647682668
counter/9/0/0/0,27602:1747647670887:,1747647682668
counter/8/0/0/0,24815:1747647668838:,1747647682668
counter/10/0/0/0,22263:1747647666777:,1747647682668
counter/7/0/0/0,23339:1747647668132:,1747647682668
counter/9/0/0/0,27603:1747647670887:,1747647682668
counter/8/0/0/0,24816:1747647668838:,1747647682668
counter/10/0/0/0,22264:1747647666778:,1747647682668
counter/7/0/0/0,23340:1747647668132:,1747647682668
counter/9/0/0/0,27604:1747647670888:,1747647682668
counter/8/0/0/0,24817:1747647668838:,1747647682668
counter/10/0/0/0,22265:1747647666778:,1747647682668
counter/7/0/0/0,23341:1747647668132:,1747647682668
counter/9/0/0/0,27605:1747647670888:,1747647682668
counter/8/0/0/0,24818:1747647668838:,1747647682668
counter/10/0/0/0,22266:1747647666782:,1747647682668
counter/7/0/0/0,23342:1747647668132:,1747647682668
counter/9/0/0/0,27606:1747647670888:,1747647682668
counter/10/0/0/0,22267:1747647666783:,1747647682668
counter/7/0/0/0,23343:1747647668132:,1747647682668
counter/9/0/0/0,27607:1747647670888:,1747647682668
counter/10/0/0/0,22268:1747647666783:,1747647682668
counter/7/0/0/0,23344:1747647668132:,1747647682668
counter/9/0/0/0,27608:1747647670888:,1747647682668
counter/10/0/0/0,22269:1747647666783:,1747647682668
counter/7/0/0/0,23345:1747647668132:,1747647682668
counter/9/0/0/0,27609:1747647670903:,1747647682668
counter/10/0/0/0,22270:1747647666791:,1747647682668
counter/7/0/0/0,23346:1747647668132:,1747647682669
counter/9/0/0/0,27610:1747647670903:,1747647682669
counter/10/0/0/0,22271:1747647666791:,1747647682669
counter/7/0/0/0,23347:1747647668144:,1747647682669
counter/9/0/0/0,27611:1747647670903:,1747647682669
counter/10/0/0/0,22272:1747647666791:,1747647682669
counter/7/0/0/0,23348:1747647668144:,1747647682669
counter/9/0/0/0,27612:1747647670903:,1747647682669
counter/10/0/0/0,22273:1747647666791:,1747647682669
counter/7/0/0/0,23349:1747647668144:,1747647682669
counter/9/0/0/0,27613:1747647670905:,1747647682669
counter/10/0/0/0,22274:1747647666791:,1747647682669
counter/7/0/0/0,23350:1747647668144:,1747647682669
counter/9/0/0/0,27614:1747647670905:,1747647682669
counter/10/0/0/0,22275:1747647666791:,1747647682669
counter/7/0/0/0,23351:1747647668144:,1747647682669
counter/9/0/0/0,27615:1747647670905:,1747647682669
counter/10/0/0/0,22276:1747647666791:,1747647682669
counter/7/0/0/0,23352:1747647668144:,1747647682669
counter/9/0/0/0,27616:1747647670905:,1747647682669
counter/10/0/0/0,22277:1747647666791:,1747647682669
counter/7/0/0/0,23353:1747647668145:,1747647682669
counter/9/0/0/0,27617:1747647670905:,1747647682669
counter/10/0/0/0,22278:1747647666803:,1747647682669
counter/7/0/0/0,23354:1747647668145:,1747647682669
counter/9/0/0/0,27618:1747647670905:,1747647682669
counter/10/0/0/0,22279:1747647666803:,1747647682669
counter/7/0/0/0,23355:1747647668145:,1747647682669
counter/9/0/0/0,27619:1747647670907:,1747647682669
counter/10/0/0/0,22280:1747647666803:,1747647682669
counter/7/0/0/0,23356:1747647668145:,1747647682669
counter/9/0/0/0,27620:1747647670922:,1747647682669
counter/10/0/0/0,22281:1747647666803:,1747647682669
counter/7/0/0/0,23357:1747647668145:,1747647682669
counter/9/0/0/0,27621:1747647670922:,1747647682669
counter/10/0/0/0,22282:1747647666803:,1747647682669
counter/7/0/0/0,23358:1747647668145:,1747647682669
counter/9/0/0/0,27622:1747647670922:,1747647682669
counter/10/0/0/0,22283:1747647666803:,1747647682669
counter/7/0/0/0,23359:1747647668145:,1747647682669
counter/9/0/0/0,27623:1747647670922:,1747647682670
counter/10/0/0/0,22284:1747647666803:,1747647682670
counter/7/0/0/0,23360:1747647668145:,1747647682670
counter/9/0/0/0,27624:1747647670922:,1747647682670
counter/10/0/0/0,22285:1747647666803:,1747647682670
counter/7/0/0/0,23361:1747647668145:,1747647682670
counter/9/0/0/0,27625:1747647670922:,1747647682670
counter/10/0/0/0,22286:1747647666803:,1747647682670
counter/7/0/0/0,23362:1747647668145:,1747647682670
counter/9/0/0/0,27626:1747647670922:,1747647682670
counter/10/0/0/0,22287:1747647666803:,1747647682670
counter/7/0/0/0,23363:1747647668145:,1747647682670
counter/9/0/0/0,27627:1747647670922:,1747647682670
counter/10/0/0/0,22288:1747647666803:,1747647682670
counter/7/0/0/0,23364:1747647668146:,1747647682670
counter/9/0/0/0,27628:1747647670922:,1747647682670
counter/10/0/0/0,22289:1747647666803:,1747647682670
counter/7/0/0/0,23365:1747647668146:,1747647682670
counter/9/0/0/0,27629:1747647670922:,1747647682670
counter/10/0/0/0,22290:1747647666803:,1747647682670
counter/7/0/0/0,23366:1747647668146:,1747647682670
counter/9/0/0/0,27630:1747647670922:,1747647682670
counter/8/0/0/0,24819:1747647668838:,1747647682670
counter/3/0/0/0,21865:1747647668130:,1747647682670
counter/10/0/0/0,22291:1747647666803:,1747647682670
counter/7/0/0/0,23367:1747647668146:,1747647682670
counter/9/0/0/0,27631:1747647670922:,1747647682670
counter/3/0/0/0,21866:1747647668140:,1747647682670
counter/1/0/0/0,22017:1747647668189:,1747647682670
counter/10/0/0/0,22292:1747647666804:,1747647682670
counter/7/0/0/0,23368:1747647668146:,1747647682670
counter/9/0/0/0,27632:1747647670922:,1747647682670
counter/3/0/0/0,21867:1747647668140:,1747647682670
counter/10/0/0/0,22293:1747647666804:,1747647682670
counter/7/0/0/0,23369:1747647668146:,1747647682670
counter/9/0/0/0,27633:1747647670922:,1747647682670
counter/3/0/0/0,21868:1747647668140:,1747647682670
counter/10/0/0/0,22294:1747647666806:,1747647682671
counter/7/0/0/0,23370:1747647668146:,1747647682671
counter/9/0/0/0,27634:1747647670922:,1747647682671
counter/3/0/0/0,21869:1747647668141:,1747647682671
counter/10/0/0/0,22295:1747647666806:,1747647682671
counter/7/0/0/0,23371:1747647668147:,1747647682671
counter/9/0/0/0,27635:1747647670922:,1747647682671
counter/3/0/0/0,21870:1747647668141:,1747647682671
counter/10/0/0/0,22296:1747647666806:,1747647682671
counter/7/0/0/0,23372:1747647668147:,1747647682671
counter/9/0/0/0,27636:1747647670923:,1747647682671
counter/3/0/0/0,21871:1747647668141:,1747647682671
counter/10/0/0/0,22297:1747647666806:,1747647682671
counter/7/0/0/0,23373:1747647668147:,1747647682671
counter/9/0/0/0,27637:1747647670923:,1747647682671
counter/3/0/0/0,21872:1747647668141:,1747647682671
counter/1/0/0/0,22018:1747647668189:,1747647682671
counter/10/0/0/0,22298:1747647666807:,1747647682671
counter/7/0/0/0,23374:1747647668147:,1747647682671
counter/9/0/0/0,27638:1747647670923:,1747647682671
counter/3/0/0/0,21873:1747647668141:,1747647682671
counter/10/0/0/0,22299:1747647666807:,1747647682671
counter/7/0/0/0,23375:1747647668147:,1747647682671
counter/9/0/0/0,27639:1747647670923:,1747647682671
counter/3/0/0/0,21874:1747647668141:,1747647682671
counter/10/0/0/0,22300:1747647666808:,1747647682671
counter/7/0/0/0,23376:1747647668147:,1747647682671
counter/9/0/0/0,27640:1747647670923:,1747647682671
counter/3/0/0/0,21875:1747647668141:,1747647682671
counter/10/0/0/0,22301:1747647666808:,1747647682671
counter/7/0/0/0,23377:1747647668147:,1747647682671
counter/9/0/0/0,27641:1747647670923:,1747647682671
counter/3/0/0/0,21876:1747647668141:,1747647682671
counter/10/0/0/0,22302:1747647666808:,1747647682671
counter/7/0/0/0,23378:1747647668147:,1747647682671
counter/9/0/0/0,27642:1747647670931:,1747647682671
counter/3/0/0/0,21877:1747647668141:,1747647682671
counter/10/0/0/0,22303:1747647666817:,1747647682671
counter/7/0/0/0,23379:1747647668147:,1747647682671
counter/9/0/0/0,27643:1747647670931:,1747647682671
counter/3/0/0/0,21878:1747647668141:,1747647682671
counter/10/0/0/0,22304:1747647666817:,1747647682671
counter/7/0/0/0,23380:1747647668147:,1747647682672
counter/9/0/0/0,27644:1747647670931:,1747647682672
counter/3/0/0/0,21879:1747647668141:,1747647682672
counter/10/0/0/0,22305:1747647666817:,1747647682672
counter/7/0/0/0,23381:1747647668147:,1747647682672
counter/9/0/0/0,27645:1747647670940:,1747647682672
counter/3/0/0/0,21880:1747647668141:,1747647682672
counter/10/0/0/0,22306:1747647666817:,1747647682672
counter/7/0/0/0,23382:1747647668150:,1747647682672
counter/9/0/0/0,27646:1747647670940:,1747647682672
counter/3/0/0/0,21881:1747647668141:,1747647682672
counter/10/0/0/0,22307:1747647666817:,1747647682672
counter/7/0/0/0,23383:1747647668150:,1747647682672
counter/9/0/0/0,27647:1747647670940:,1747647682672
counter/3/0/0/0,21882:1747647668141:,1747647682672
counter/10/0/0/0,22308:1747647666818:,1747647682672
counter/7/0/0/0,23384:1747647668150:,1747647682672
counter/9/0/0/0,27648:1747647670940:,1747647682672
counter/3/0/0/0,21883:1747647668141:,1747647682672
counter/10/0/0/0,22309:1747647666818:,1747647682672
counter/7/0/0/0,23385:1747647668150:,1747647682672
counter/9/0/0/0,27649:1747647670940:,1747647682672
counter/3/0/0/0,21884:1747647668141:,1747647682672
counter/10/0/0/0,22310:1747647666818:,1747647682672
counter/7/0/0/0,23386:1747647668161:,1747647682672
counter/9/0/0/0,27650:1747647670940:,1747647682672
counter/3/0/0/0,21885:1747647668141:,1747647682672
counter/10/0/0/0,22311:1747647666819:,1747647682672
counter/7/0/0/0,23387:1747647668168:,1747647682672
counter/9/0/0/0,27651:1747647670940:,1747647682672
counter/3/0/0/0,21886:1747647668141:,1747647682672
counter/10/0/0/0,22312:1747647666819:,1747647682672
counter/7/0/0/0,23388:1747647668168:,1747647682672
counter/9/0/0/0,27652:1747647670952:,1747647682672
counter/3/0/0/0,21887:1747647668141:,1747647682672
counter/10/0/0/0,22313:1747647666819:,1747647682672
counter/7/0/0/0,23389:1747647668168:,1747647682672
counter/9/0/0/0,27653:1747647670952:,1747647682672
counter/3/0/0/0,21888:1747647668141:,1747647682672
counter/10/0/0/0,22314:1747647666819:,1747647682672
counter/7/0/0/0,23390:1747647668168:,1747647682672
counter/9/0/0/0,27654:1747647670952:,1747647682673
counter/3/0/0/0,21889:1747647668152:,1747647682673
counter/10/0/0/0,22315:1747647666819:,1747647682673
counter/7/0/0/0,23391:1747647668168:,1747647682673
counter/9/0/0/0,27655:1747647670952:,1747647682673
counter/3/0/0/0,21890:1747647668152:,1747647682673
counter/10/0/0/0,22316:1747647666820:,1747647682673
counter/7/0/0/0,23392:1747647668234:,1747647682673
counter/9/0/0/0,27656:1747647670952:,1747647682673
counter/3/0/0/0,21891:1747647668152:,1747647682673
counter/10/0/0/0,22317:1747647666824:,1747647682673
counter/7/0/0/0,23393:1747647668234:,1747647682673
counter/9/0/0/0,27657:1747647670952:,1747647682673
counter/3/0/0/0,21892:1747647668152:,1747647682673
counter/10/0/0/0,22318:1747647666824:,1747647682673
counter/7/0/0/0,23394:1747647668234:,1747647682673
counter/9/0/0/0,27658:1747647670952:,1747647682673
counter/10/0/0/0,22319:1747647666824:,1747647682673
counter/7/0/0/0,23395:1747647668234:,1747647682673
counter/9/0/0/0,27659:1747647670952:,1747647682673
counter/10/0/0/0,22320:1747647666825:,1747647682673
counter/7/0/0/0,23396:1747647668234:,1747647682673
counter/9/0/0/0,27660:1747647670952:,1747647682673
counter/10/0/0/0,22321:1747647666825:,1747647682673
counter/7/0/0/0,23397:1747647668234:,1747647682673
counter/9/0/0/0,27661:1747647670952:,1747647682673
counter/10/0/0/0,22322:1747647666825:,1747647682673
counter/7/0/0/0,23398:1747647668234:,1747647682673
counter/9/0/0/0,27662:1747647670952:,1747647682673
counter/10/0/0/0,22323:1747647666826:,1747647682673
counter/7/0/0/0,23399:1747647668234:,1747647682673
counter/9/0/0/0,27663:1747647670952:,1747647682673
counter/10/0/0/0,22324:1747647666826:,1747647682673
counter/7/0/0/0,23400:1747647668234:,1747647682673
counter/9/0/0/0,27664:1747647670952:,1747647682673
counter/10/0/0/0,22325:1747647666826:,1747647682673
counter/7/0/0/0,23401:1747647668235:,1747647682673
counter/9/0/0/0,27665:1747647670952:,1747647682673
counter/10/0/0/0,22326:1747647666826:,1747647682673
counter/7/0/0/0,23402:1747647668235:,1747647682674
counter/9/0/0/0,27666:1747647670952:,1747647682674
counter/10/0/0/0,22327:1747647666826:,1747647682674
counter/7/0/0/0,23403:1747647668235:,1747647682674
counter/10/0/0/0,22328:1747647666826:,1747647682674
counter/7/0/0/0,23404:1747647668235:,1747647682674
counter/10/0/0/0,22329:1747647666826:,1747647682674
counter/7/0/0/0,23405:1747647668235:,1747647682674
counter/10/0/0/0,22330:1747647666826:,1747647682674
counter/7/0/0/0,23406:1747647668235:,1747647682674
counter/10/0/0/0,22331:1747647666857:,1747647682674
counter/7/0/0/0,23407:1747647668235:,1747647682674
counter/3/0/0/0,21893:1747647668152:,1747647682674
counter/10/0/0/0,22332:1747647666857:,1747647682674
counter/7/0/0/0,23408:1747647668235:,1747647682674
counter/10/0/0/0,22333:1747647666857:,1747647682674
counter/7/0/0/0,23409:1747647668235:,1747647682674
counter/9/0/0/0,27667:1747647670952:,1747647682674
counter/10/0/0/0,22334:1747647666857:,1747647682674
counter/7/0/0/0,23410:1747647668235:,1747647682674
counter/10/0/0/0,22335:1747647666857:,1747647682674
counter/7/0/0/0,23411:1747647668235:,1747647682674
counter/9/0/0/0,27668:1747647670952:,1747647682674
counter/10/0/0/0,22336:1747647666859:,1747647682674
counter/7/0/0/0,23412:1747647668235:,1747647682674
counter/4/0/0/0,20814:1747647667821:,1747647682674
counter/10/0/0/0,22337:1747647666859:,1747647682674
counter/7/0/0/0,23413:1747647668236:,1747647682674
counter/2/0/0/0,26988:1747647671770:,1747647682674
counter/10/0/0/0,22338:1747647666860:,1747647682674
counter/7/0/0/0,23414:1747647668236:,1747647682674
counter/10/0/0/0,22339:1747647666860:,1747647682674
counter/7/0/0/0,23415:1747647668236:,1747647682674
counter/1/0/0/0,22019:1747647668189:,1747647682674
counter/10/0/0/0,22340:1747647666861:,1747647682674
counter/7/0/0/0,23416:1747647668236:,1747647682674
counter/3/0/0/0,21894:1747647668152:,1747647682674
counter/10/0/0/0,22341:1747647666861:,1747647682674
counter/7/0/0/0,23417:1747647668236:,1747647682674
counter/10/0/0/0,22342:1747647666861:,1747647682674
counter/7/0/0/0,23418:1747647668236:,1747647682674
counter/10/0/0/0,22343:1747647666861:,1747647682675
counter/7/0/0/0,23419:1747647668236:,1747647682675
counter/10/0/0/0,22344:1747647666861:,1747647682675
counter/7/0/0/0,23420:1747647668236:,1747647682675
counter/10/0/0/0,22345:1747647666861:,1747647682675
counter/7/0/0/0,23421:1747647668237:,1747647682675
counter/10/0/0/0,22346:1747647666861:,1747647682675
counter/7/0/0/0,23422:1747647668244:,1747647682675
counter/3/0/0/0,21895:1747647668152:,1747647682675
counter/10/0/0/0,22347:1747647666861:,1747647682675
counter/7/0/0/0,23423:1747647668244:,1747647682675
counter/4/0/0/0,20815:1747647667821:,1747647682675
counter/2/0/0/0,26989:1747647671770:,1747647682675
counter/10/0/0/0,22348:1747647666861:,1747647682675
counter/7/0/0/0,23424:1747647668244:,1747647682675
counter/8/0/0/0,24820:1747647668838:,1747647682675
counter/10/0/0/0,22349:1747647666861:,1747647682675
counter/7/0/0/0,23425:1747647668246:,1747647682675
counter/10/0/0/0,22350:1747647666861:,1747647682675
counter/7/0/0/0,23426:1747647668247:,1747647682675
counter/10/0/0/0,22351:1747647666861:,1747647682675
counter/7/0/0/0,23427:1747647668247:,1747647682675
counter/10/0/0/0,22352:1747647666870:,1747647682675
counter/7/0/0/0,23428:1747647668247:,1747647682675
counter/10/0/0/0,22353:1747647666870:,1747647682675
counter/7/0/0/0,23429:1747647668247:,1747647682675
counter/10/0/0/0,22354:1747647666870:,1747647682675
counter/7/0/0/0,23430:1747647668247:,1747647682675
counter/10/0/0/0,22355:1747647666870:,1747647682675
counter/7/0/0/0,23431:1747647668247:,1747647682675
counter/10/0/0/0,22356:1747647666870:,1747647682675
counter/7/0/0/0,23432:1747647668247:,1747647682675
counter/10/0/0/0,22357:1747647666870:,1747647682675
counter/7/0/0/0,23433:1747647668251:,1747647682675
counter/10/0/0/0,22358:1747647666870:,1747647682675
counter/7/0/0/0,23434:1747647668252:,1747647682675
counter/10/0/0/0,22359:1747647666884:,1747647682675
counter/7/0/0/0,23435:1747647668252:,1747647682675
counter/10/0/0/0,22360:1747647666884:,1747647682676
counter/7/0/0/0,23436:1747647668252:,1747647682676
counter/10/0/0/0,22361:1747647666884:,1747647682676
counter/7/0/0/0,23437:1747647668252:,1747647682676
counter/10/0/0/0,22362:1747647666884:,1747647682676
counter/7/0/0/0,23438:1747647668252:,1747647682676
counter/10/0/0/0,22363:1747647666884:,1747647682676
counter/7/0/0/0,23439:1747647668256:,1747647682676
counter/10/0/0/0,22364:1747647666884:,1747647682676
counter/7/0/0/0,23440:1747647668256:,1747647682676
counter/10/0/0/0,22365:1747647666884:,1747647682676
counter/7/0/0/0,23441:1747647668257:,1747647682676
counter/10/0/0/0,22366:1747647666884:,1747647682676
counter/7/0/0/0,23442:1747647668257:,1747647682676
counter/10/0/0/0,22367:1747647666884:,1747647682676
counter/7/0/0/0,23443:1747647668257:,1747647682676
counter/10/0/0/0,22368:1747647666884:,1747647682676
counter/7/0/0/0,23444:1747647668257:,1747647682676
counter/10/0/0/0,22369:1747647666885:,1747647682676
counter/7/0/0/0,23445:1747647668257:,1747647682676
counter/10/0/0/0,22370:1747647666885:,1747647682676
counter/7/0/0/0,23446:1747647668257:,1747647682676
counter/10/0/0/0,22371:1747647666885:,1747647682676
counter/7/0/0/0,23447:1747647668257:,1747647682676
counter/10/0/0/0,22372:1747647666885:,1747647682676
counter/7/0/0/0,23448:1747647668257:,1747647682676
counter/10/0/0/0,22373:1747647666885:,1747647682676
counter/7/0/0/0,23449:1747647668257:,1747647682676
counter/10/0/0/0,22374:1747647666885:,1747647682676
counter/7/0/0/0,23450:1747647668257:,1747647682676
counter/10/0/0/0,22375:1747647666900:,1747647682676
counter/7/0/0/0,23451:1747647668257:,1747647682676
counter/10/0/0/0,22376:1747647666900:,1747647682676
counter/7/0/0/0,23452:1747647668257:,1747647682676
counter/10/0/0/0,22377:1747647666900:,1747647682676
counter/7/0/0/0,23453:1747647668257:,1747647682676
counter/10/0/0/0,22378:1747647666900:,1747647682676
counter/7/0/0/0,23454:1747647668257:,1747647682676
counter/10/0/0/0,22379:1747647666900:,1747647682676
counter/7/0/0/0,23455:1747647668257:,1747647682676
counter/10/0/0/0,22380:1747647666900:,1747647682676
counter/7/0/0/0,23456:1747647668267:,1747647682677
counter/10/0/0/0,22381:1747647666900:,1747647682677
counter/7/0/0/0,23457:1747647668267:,1747647682677
counter/10/0/0/0,22382:1747647666900:,1747647682677
counter/7/0/0/0,23458:1747647668268:,1747647682677
counter/10/0/0/0,22383:1747647666900:,1747647682677
counter/7/0/0/0,23459:1747647668268:,1747647682677
counter/10/0/0/0,22384:1747647666900:,1747647682677
counter/7/0/0/0,23460:1747647668268:,1747647682677
counter/10/0/0/0,22385:1747647666902:,1747647682677
counter/7/0/0/0,23461:1747647668269:,1747647682677
counter/10/0/0/0,22386:1747647666902:,1747647682677
counter/7/0/0/0,23462:1747647668269:,1747647682677
counter/10/0/0/0,22387:1747647666902:,1747647682677
counter/7/0/0/0,23463:1747647668269:,1747647682677
counter/10/0/0/0,22388:1747647666905:,1747647682677
counter/7/0/0/0,23464:1747647668269:,1747647682677
counter/10/0/0/0,22389:1747647666905:,1747647682677
counter/7/0/0/0,23465:1747647668269:,1747647682677
counter/10/0/0/0,22390:1747647666905:,1747647682677
counter/7/0/0/0,23466:1747647668269:,1747647682677
counter/10/0/0/0,22391:1747647666905:,1747647682677
counter/7/0/0/0,23467:1747647668272:,1747647682677
counter/10/0/0/0,22392:1747647666905:,1747647682677
counter/7/0/0/0,23468:1747647668272:,1747647682677
counter/10/0/0/0,22393:1747647666905:,1747647682677
counter/7/0/0/0,23469:1747647668276:,1747647682677
counter/10/0/0/0,22394:1747647666905:,1747647682677
counter/7/0/0/0,23470:1747647668276:,1747647682677
counter/10/0/0/0,22395:1747647666905:,1747647682677
counter/7/0/0/0,23471:1747647668276:,1747647682677
counter/10/0/0/0,22396:1747647666906:,1747647682677
counter/7/0/0/0,23472:1747647668276:,1747647682677
counter/10/0/0/0,22397:1747647666939:,1747647682677
counter/7/0/0/0,23473:1747647668276:,1747647682677
counter/10/0/0/0,22398:1747647666939:,1747647682677
counter/7/0/0/0,23474:1747647668276:,1747647682677
counter/10/0/0/0,22399:1747647666939:,1747647682677
counter/7/0/0/0,23475:1747647668276:,1747647682677
counter/10/0/0/0,22400:1747647666940:,1747647682678
counter/7/0/0/0,23476:1747647668276:,1747647682678
counter/10/0/0/0,22401:1747647666940:,1747647682678
counter/7/0/0/0,23477:1747647668276:,1747647682678
counter/10/0/0/0,22402:1747647666940:,1747647682678
counter/7/0/0/0,23478:1747647668276:,1747647682678
counter/10/0/0/0,22403:1747647666940:,1747647682678
counter/7/0/0/0,23479:1747647668276:,1747647682678
counter/10/0/0/0,22404:1747647666940:,1747647682678
counter/7/0/0/0,23480:1747647668277:,1747647682678
counter/10/0/0/0,22405:1747647666940:,1747647682678
counter/7/0/0/0,23481:1747647668277:,1747647682678
counter/10/0/0/0,22406:1747647666940:,1747647682678
counter/7/0/0/0,23482:1747647668277:,1747647682678
counter/10/0/0/0,22407:1747647666941:,1747647682678
counter/7/0/0/0,23483:1747647668290:,1747647682678
counter/10/0/0/0,22408:1747647666941:,1747647682678
counter/7/0/0/0,23484:1747647668290:,1747647682678
counter/10/0/0/0,22409:1747647666941:,1747647682678
counter/7/0/0/0,23485:1747647668290:,1747647682678
counter/10/0/0/0,22410:1747647666941:,1747647682678
counter/7/0/0/0,23486:1747647668290:,1747647682678
counter/10/0/0/0,22411:1747647666941:,1747647682678
counter/7/0/0/0,23487:1747647668299:,1747647682678
counter/10/0/0/0,22412:1747647666950:,1747647682678
counter/7/0/0/0,23488:1747647668299:,1747647682678
counter/10/0/0/0,22413:1747647666950:,1747647682678
counter/7/0/0/0,23489:1747647668299:,1747647682678
counter/10/0/0/0,22414:1747647666950:,1747647682678
counter/7/0/0/0,23490:1747647668299:,1747647682678
counter/10/0/0/0,22415:1747647666950:,1747647682678
counter/7/0/0/0,23491:1747647668299:,1747647682678
counter/10/0/0/0,22416:1747647666950:,1747647682678
counter/7/0/0/0,23492:1747647668299:,1747647682678
counter/10/0/0/0,22417:1747647666950:,1747647682678
counter/7/0/0/0,23493:1747647668309:,1747647682678
counter/10/0/0/0,22418:1747647666950:,1747647682678
counter/7/0/0/0,23494:1747647668309:,1747647682678
counter/10/0/0/0,22419:1747647666953:,1747647682678
counter/7/0/0/0,23495:1747647668309:,1747647682678
counter/10/0/0/0,22420:1747647666954:,1747647682679
counter/7/0/0/0,23496:1747647668309:,1747647682679
counter/10/0/0/0,22421:1747647666954:,1747647682679
counter/7/0/0/0,23497:1747647668309:,1747647682679
counter/10/0/0/0,22422:1747647666954:,1747647682679
counter/7/0/0/0,23498:1747647668309:,1747647682679
counter/10/0/0/0,22423:1747647666954:,1747647682679
counter/7/0/0/0,23499:1747647668309:,1747647682679
counter/10/0/0/0,22424:1747647666954:,1747647682679
counter/7/0/0/0,23500:1747647668309:,1747647682679
counter/10/0/0/0,22425:1747647666954:,1747647682679
counter/7/0/0/0,23501:1747647668309:,1747647682679
counter/10/0/0/0,22426:1747647666955:,1747647682679
counter/7/0/0/0,23502:1747647668309:,1747647682679
counter/10/0/0/0,22427:1747647666955:,1747647682679
counter/7/0/0/0,23503:1747647668310:,1747647682679
counter/10/0/0/0,22428:1747647666955:,1747647682679
counter/7/0/0/0,23504:1747647668310:,1747647682679
counter/10/0/0/0,22429:1747647666955:,1747647682679
counter/7/0/0/0,23505:1747647668310:,1747647682679
counter/10/0/0/0,22430:1747647666955:,1747647682679
counter/7/0/0/0,23506:1747647668312:,1747647682679
counter/10/0/0/0,22431:1747647666955:,1747647682679
counter/7/0/0/0,23507:1747647668312:,1747647682679
counter/10/0/0/0,22432:1747647666955:,1747647682679
counter/7/0/0/0,23508:1747647668312:,1747647682679
counter/10/0/0/0,22433:1747647666955:,1747647682679
counter/7/0/0/0,23509:1747647668312:,1747647682679
counter/10/0/0/0,22434:1747647666955:,1747647682679
counter/7/0/0/0,23510:1747647668312:,1747647682679
counter/10/0/0/0,22435:1747647666955:,1747647682679
counter/7/0/0/0,23511:1747647668314:,1747647682679
counter/10/0/0/0,22436:1747647666955:,1747647682679
counter/7/0/0/0,23512:1747647668314:,1747647682679
counter/10/0/0/0,22437:1747647666955:,1747647682679
counter/7/0/0/0,23513:1747647668314:,1747647682679
counter/10/0/0/0,22438:1747647666955:,1747647682679
counter/7/0/0/0,23514:1747647668314:,1747647682679
counter/10/0/0/0,22439:1747647666956:,1747647682679
counter/7/0/0/0,23515:1747647668314:,1747647682679
counter/10/0/0/0,22440:1747647666963:,1747647682679
counter/7/0/0/0,23516:1747647668314:,1747647682680
counter/10/0/0/0,22441:1747647666963:,1747647682680
counter/7/0/0/0,23517:1747647668314:,1747647682680
counter/10/0/0/0,22442:1747647666963:,1747647682680
counter/7/0/0/0,23518:1747647668314:,1747647682680
counter/10/0/0/0,22443:1747647666963:,1747647682680
counter/7/0/0/0,23519:1747647668314:,1747647682680
counter/10/0/0/0,22444:1747647666963:,1747647682680
counter/7/0/0/0,23520:1747647668314:,1747647682680
counter/10/0/0/0,22445:1747647666963:,1747647682680
counter/7/0/0/0,23521:1747647668315:,1747647682680
counter/10/0/0/0,22446:1747647666963:,1747647682680
counter/7/0/0/0,23522:1747647668315:,1747647682680
counter/10/0/0/0,22447:1747647666964:,1747647682680
counter/7/0/0/0,23523:1747647668315:,1747647682680
counter/10/0/0/0,22448:1747647666964:,1747647682680
counter/7/0/0/0,23524:1747647668315:,1747647682680
counter/10/0/0/0,22449:1747647666964:,1747647682680
counter/7/0/0/0,23525:1747647668315:,1747647682680
counter/10/0/0/0,22450:1747647666964:,1747647682680
counter/7/0/0/0,23526:1747647668315:,1747647682680
counter/10/0/0/0,22451:1747647666964:,1747647682680
counter/7/0/0/0,23527:1747647668315:,1747647682680
counter/10/0/0/0,22452:1747647666967:,1747647682680
counter/7/0/0/0,23528:1747647668315:,1747647682680
counter/10/0/0/0,22453:1747647666967:,1747647682680
counter/7/0/0/0,23529:1747647668315:,1747647682680
counter/10/0/0/0,22454:1747647666967:,1747647682680
counter/7/0/0/0,23530:1747647668315:,1747647682680
counter/10/0/0/0,22455:1747647666967:,1747647682680
counter/7/0/0/0,23531:1747647668315:,1747647682680
counter/10/0/0/0,22456:1747647666973:,1747647682680
counter/7/0/0/0,23532:1747647668315:,1747647682680
counter/10/0/0/0,22457:1747647666973:,1747647682680
counter/7/0/0/0,23533:1747647668315:,1747647682680
counter/10/0/0/0,22458:1747647666978:,1747647682680
counter/7/0/0/0,23534:1747647668315:,1747647682680
counter/10/0/0/0,22459:1747647666978:,1747647682680
counter/7/0/0/0,23535:1747647668315:,1747647682681
counter/10/0/0/0,22460:1747647666978:,1747647682681
counter/7/0/0/0,23536:1747647668315:,1747647682681
counter/10/0/0/0,22461:1747647666978:,1747647682681
counter/7/0/0/0,23537:1747647668315:,1747647682681
counter/1/0/0/0,22020:1747647668189:,1747647682681
counter/10/0/0/0,22462:1747647666978:,1747647682681
counter/7/0/0/0,23538:1747647668321:,1747647682681
counter/8/0/0/0,24821:1747647668838:,1747647682681
counter/10/0/0/0,22463:1747647666978:,1747647682681
counter/7/0/0/0,23539:1747647668322:,1747647682681
counter/8/0/0/0,24822:1747647668838:,1747647682681
counter/10/0/0/0,22464:1747647666978:,1747647682681
counter/7/0/0/0,23540:1747647668322:,1747647682681
counter/10/0/0/0,22465:1747647666979:,1747647682681
counter/7/0/0/0,23541:1747647668322:,1747647682681
counter/10/0/0/0,22466:1747647666979:,1747647682681
counter/7/0/0/0,23542:1747647668322:,1747647682681
counter/10/0/0/0,22467:1747647666979:,1747647682681
counter/7/0/0/0,23543:1747647668322:,1747647682681
counter/10/0/0/0,22468:1747647666979:,1747647682681
counter/7/0/0/0,23544:1747647668322:,1747647682681
counter/10/0/0/0,22469:1747647666979:,1747647682681
counter/7/0/0/0,23545:1747647668322:,1747647682681
counter/10/0/0/0,22470:1747647666979:,1747647682681
counter/7/0/0/0,23546:1747647668322:,1747647682681
counter/10/0/0/0,22471:1747647666979:,1747647682681
counter/7/0/0/0,23547:1747647668322:,1747647682681
counter/10/0/0/0,22472:1747647666984:,1747647682681
counter/7/0/0/0,23548:1747647668322:,1747647682681
counter/10/0/0/0,22473:1747647666984:,1747647682681
counter/7/0/0/0,23549:1747647668322:,1747647682681
counter/10/0/0/0,22474:1747647666984:,1747647682681
counter/7/0/0/0,23550:1747647668323:,1747647682681
counter/10/0/0/0,22475:1747647666984:,1747647682681
counter/7/0/0/0,23551:1747647668337:,1747647682681
counter/10/0/0/0,22476:1747647666997:,1747647682681
counter/7/0/0/0,23552:1747647668337:,1747647682681
counter/10/0/0/0,22477:1747647666997:,1747647682681
counter/7/0/0/0,23553:1747647668337:,1747647682681
counter/10/0/0/0,22478:1747647666997:,1747647682681
counter/7/0/0/0,23554:1747647668337:,1747647682681
counter/10/0/0/0,22479:1747647666997:,1747647682681
counter/7/0/0/0,23555:1747647668337:,1747647682682
counter/10/0/0/0,22480:1747647666997:,1747647682682
counter/7/0/0/0,23556:1747647668337:,1747647682682
counter/10/0/0/0,22481:1747647666997:,1747647682682
counter/7/0/0/0,23557:1747647668347:,1747647682682
counter/10/0/0/0,22482:1747647666997:,1747647682682
counter/7/0/0/0,23558:1747647668347:,1747647682682
counter/3/0/0/0,21896:1747647668152:,1747647682682
counter/10/0/0/0,22483:1747647666997:,1747647682682
counter/7/0/0/0,23559:1747647668347:,1747647682682
counter/5/0/0/0,24581:1747647670151:,1747647682682
counter/10/0/0/0,22484:1747647666997:,1747647682682
counter/7/0/0/0,23560:1747647668347:,1747647682682
counter/10/0/0/0,22485:1747647666997:,1747647682682
counter/7/0/0/0,23561:1747647668347:,1747647682682
counter/10/0/0/0,22486:1747647666997:,1747647682682
counter/7/0/0/0,23562:1747647668347:,1747647682682
counter/10/0/0/0,22487:1747647666997:,1747647682682
counter/7/0/0/0,23563:1747647668347:,1747647682682
counter/10/0/0/0,22488:1747647666997:,1747647682682
counter/7/0/0/0,23564:1747647668347:,1747647682682
counter/10/0/0/0,22489:1747647666998:,1747647682682
counter/7/0/0/0,23565:1747647668347:,1747647682682
counter/3/0/0/0,21897:1747647668152:,1747647682682
counter/10/0/0/0,22490:1747647666998:,1747647682682
counter/7/0/0/0,23566:1747647668347:,1747647682682
counter/1/0/0/0,22021:1747647668189:,1747647682682
counter/10/0/0/0,22491:1747647666998:,1747647682682
counter/7/0/0/0,23567:1747647668347:,1747647682682
counter/9/0/0/0,27669:1747647670954:,1747647682682
counter/8/0/0/0,24823:1747647668845:,1747647682682
counter/10/0/0/0,22492:1747647666998:,1747647682682
counter/7/0/0/0,23568:1747647668347:,1747647682682
counter/8/0/0/0,24824:1747647668846:,1747647682682
counter/2/0/0/0,26990:1747647671770:,1747647682682
counter/10/0/0/0,22493:1747647666998:,1747647682682
counter/7/0/0/0,23569:1747647668347:,1747647682683
counter/8/0/0/0,24825:1747647668846:,1747647682683
counter/10/0/0/0,22494:1747647666998:,1747647682683
counter/7/0/0/0,23570:1747647668347:,1747647682683
counter/8/0/0/0,24826:1747647668846:,1747647682683
counter/10/0/0/0,22495:1747647666998:,1747647682683
counter/7/0/0/0,23571:1747647668347:,1747647682683
counter/8/0/0/0,24827:1747647668846:,1747647682683
counter/10/0/0/0,22496:1747647666998:,1747647682683
counter/7/0/0/0,23572:1747647668347:,1747647682683
counter/8/0/0/0,24828:1747647668846:,1747647682683
counter/10/0/0/0,22497:1747647667003:,1747647682683
counter/7/0/0/0,23573:1747647668347:,1747647682683
counter/8/0/0/0,24829:1747647668846:,1747647682683
counter/10/0/0/0,22498:1747647667003:,1747647682683
counter/7/0/0/0,23574:1747647668347:,1747647682683
counter/8/0/0/0,24830:1747647668848:,1747647682683
counter/10/0/0/0,22499:1747647667003:,1747647682683
counter/7/0/0/0,23575:1747647668354:,1747647682683
counter/8/0/0/0,24831:1747647668848:,1747647682683
counter/10/0/0/0,22500:1747647667003:,1747647682683
counter/7/0/0/0,23576:1747647668355:,1747647682683
counter/8/0/0/0,24832:1747647668848:,1747647682683
counter/10/0/0/0,22501:1747647667003:,1747647682683
counter/7/0/0/0,23577:1747647668355:,1747647682683
counter/8/0/0/0,24833:1747647668848:,1747647682683
counter/10/0/0/0,22502:1747647667003:,1747647682683
counter/7/0/0/0,23578:1747647668355:,1747647682683
counter/8/0/0/0,24834:1747647668848:,1747647682683
counter/10/0/0/0,22503:1747647667003:,1747647682683
counter/7/0/0/0,23579:1747647668355:,1747647682683
counter/8/0/0/0,24835:1747647668848:,1747647682683
counter/10/0/0/0,22504:1747647667003:,1747647682683
counter/7/0/0/0,23580:1747647668355:,1747647682683
counter/8/0/0/0,24836:1747647668848:,1747647682683
counter/10/0/0/0,22505:1747647667003:,1747647682683
counter/7/0/0/0,23581:1747647668355:,1747647682683
counter/8/0/0/0,24837:1747647668848:,1747647682683
counter/10/0/0/0,22506:1747647667003:,1747647682683
counter/7/0/0/0,23582:1747647668364:,1747647682683
counter/8/0/0/0,24838:1747647668848:,1747647682684
counter/10/0/0/0,22507:1747647667003:,1747647682684
counter/7/0/0/0,23583:1747647668364:,1747647682684
counter/8/0/0/0,24839:1747647668848:,1747647682684
counter/10/0/0/0,22508:1747647667003:,1747647682684
counter/7/0/0/0,23584:1747647668364:,1747647682684
counter/8/0/0/0,24840:1747647668848:,1747647682684
counter/10/0/0/0,22509:1747647667003:,1747647682684
counter/7/0/0/0,23585:1747647668364:,1747647682684
counter/8/0/0/0,24841:1747647668848:,1747647682684
counter/10/0/0/0,22510:1747647667010:,1747647682684
counter/7/0/0/0,23586:1747647668364:,1747647682684
counter/8/0/0/0,24842:1747647668848:,1747647682684
counter/10/0/0/0,22511:1747647667010:,1747647682684
counter/7/0/0/0,23587:1747647668365:,1747647682684
counter/8/0/0/0,24843:1747647668848:,1747647682684
counter/10/0/0/0,22512:1747647667010:,1747647682684
counter/7/0/0/0,23588:1747647668365:,1747647682684
counter/8/0/0/0,24844:1747647668848:,1747647682684
counter/10/0/0/0,22513:1747647667010:,1747647682684
counter/7/0/0/0,23589:1747647668365:,1747647682684
counter/8/0/0/0,24845:1747647668848:,1747647682684
counter/10/0/0/0,22514:1747647667010:,1747647682684
counter/7/0/0/0,23590:1747647668365:,1747647682684
counter/8/0/0/0,24846:1747647668856:,1747647682684
counter/10/0/0/0,22515:1747647667010:,1747647682684
counter/7/0/0/0,23591:1747647668365:,1747647682684
counter/8/0/0/0,24847:1747647668856:,1747647682684
counter/10/0/0/0,22516:1747647667010:,1747647682684
counter/7/0/0/0,23592:1747647668365:,1747647682684
counter/8/0/0/0,24848:1747647668856:,1747647682684
counter/10/0/0/0,22517:1747647667010:,1747647682684
counter/7/0/0/0,23593:1747647668365:,1747647682684
counter/8/0/0/0,24849:1747647668856:,1747647682684
counter/10/0/0/0,22518:1747647667010:,1747647682684
counter/7/0/0/0,23594:1747647668365:,1747647682684
counter/8/0/0/0,24850:1747647668856:,1747647682684
counter/10/0/0/0,22519:1747647667010:,1747647682684
counter/7/0/0/0,23595:1747647668365:,1747647682684
counter/8/0/0/0,24851:1747647668857:,1747647682684
counter/10/0/0/0,22520:1747647667010:,1747647682684
counter/7/0/0/0,23596:1747647668371:,1747647682684
counter/8/0/0/0,24852:1747647668857:,1747647682685
counter/10/0/0/0,22521:1747647667010:,1747647682685
counter/7/0/0/0,23597:1747647668371:,1747647682685
counter/8/0/0/0,24853:1747647668857:,1747647682685
counter/10/0/0/0,22522:1747647667010:,1747647682685
counter/7/0/0/0,23598:1747647668371:,1747647682685
counter/8/0/0/0,24854:1747647669624:,1747647682685
counter/10/0/0/0,22523:1747647667017:,1747647682685
counter/7/0/0/0,23599:1747647668371:,1747647682685
counter/8/0/0/0,24855:1747647669624:,1747647682685
counter/10/0/0/0,22524:1747647667017:,1747647682685
counter/7/0/0/0,23600:1747647668372:,1747647682685
counter/8/0/0/0,24856:1747647669624:,1747647682685
counter/10/0/0/0,22525:1747647667017:,1747647682685
counter/7/0/0/0,23601:1747647668372:,1747647682685
counter/8/0/0/0,24857:1747647669625:,1747647682685
counter/10/0/0/0,22526:1747647667020:,1747647682685
counter/7/0/0/0,23602:1747647668372:,1747647682685
counter/8/0/0/0,24858:1747647669626:,1747647682685
counter/10/0/0/0,22527:1747647667020:,1747647682685
counter/7/0/0/0,23603:1747647668372:,1747647682685
counter/8/0/0/0,24859:1747647669626:,1747647682685
counter/10/0/0/0,22528:1747647667021:,1747647682685
counter/7/0/0/0,23604:1747647668381:,1747647682685
counter/8/0/0/0,24860:1747647669632:,1747647682685
counter/4/0/0/0,20816:1747647667821:,1747647682685
counter/10/0/0/0,22529:1747647667021:,1747647682685
counter/7/0/0/0,23605:1747647668381:,1747647682685
counter/8/0/0/0,24861:1747647669632:,1747647682685
counter/10/0/0/0,22530:1747647667021:,1747647682685
counter/7/0/0/0,23606:1747647668381:,1747647682685
counter/8/0/0/0,24862:1747647669635:,1747647682685
counter/10/0/0/0,22531:1747647667021:,1747647682685
counter/7/0/0/0,23607:1747647668381:,1747647682685
counter/8/0/0/0,24863:1747647669635:,1747647682685
counter/10/0/0/0,22532:1747647667021:,1747647682685
counter/7/0/0/0,23608:1747647668381:,1747647682685
counter/8/0/0/0,24864:1747647669637:,1747647682685
counter/10/0/0/0,22533:1747647667021:,1747647682685
counter/7/0/0/0,23609:1747647668384:,1747647682686
counter/8/0/0/0,24865:1747647669637:,1747647682686
counter/10/0/0/0,22534:1747647667021:,1747647682686
counter/7/0/0/0,23610:1747647668385:,1747647682686
counter/8/0/0/0,24866:1747647669637:,1747647682686
counter/10/0/0/0,22535:1747647667021:,1747647682686
counter/7/0/0/0,23611:1747647668385:,1747647682686
counter/8/0/0/0,24867:1747647669642:,1747647682686
counter/9/0/0/0,27670:1747647670954:,1747647682686
counter/5/0/0/0,24582:1747647670151:,1747647682686
counter/10/0/0/0,22536:1747647667021:,1747647682686
counter/7/0/0/0,23612:1747647668385:,1747647682686
counter/8/0/0/0,24868:1747647669642:,1747647682686
counter/5/0/0/0,24583:1747647670151:,1747647682686
counter/10/0/0/0,22537:1747647667021:,1747647682686
counter/7/0/0/0,23613:1747647668385:,1747647682686
counter/8/0/0/0,24869:1747647669643:,1747647682686
counter/5/0/0/0,24584:1747647670151:,1747647682686
counter/10/0/0/0,22538:1747647667021:,1747647682686
counter/7/0/0/0,23614:1747647668385:,1747647682686
counter/8/0/0/0,24870:1747647669649:,1747647682686
counter/5/0/0/0,24585:1747647670151:,1747647682686
counter/10/0/0/0,22539:1747647667021:,1747647682686
counter/7/0/0/0,23615:1747647668385:,1747647682686
counter/8/0/0/0,24871:1747647669649:,1747647682686
counter/5/0/0/0,24586:1747647670151:,1747647682686
counter/10/0/0/0,22540:1747647667023:,1747647682686
counter/7/0/0/0,23616:1747647668399:,1747647682686
counter/8/0/0/0,24872:1747647669649:,1747647682686
counter/5/0/0/0,24587:1747647670151:,1747647682686
counter/10/0/0/0,22541:1747647667025:,1747647682686
counter/7/0/0/0,23617:1747647668402:,1747647682686
counter/8/0/0/0,24873:1747647669649:,1747647682686
counter/5/0/0/0,24588:1747647670151:,1747647682686
counter/10/0/0/0,22542:1747647667025:,1747647682686
counter/7/0/0/0,23618:1747647668402:,1747647682686
counter/8/0/0/0,24874:1747647669650:,1747647682686
counter/5/0/0/0,24589:1747647670151:,1747647682686
counter/10/0/0/0,22543:1747647667025:,1747647682686
counter/7/0/0/0,23619:1747647668402:,1747647682686
counter/8/0/0/0,24875:1747647669650:,1747647682687
counter/5/0/0/0,24590:1747647670151:,1747647682687
counter/10/0/0/0,22544:1747647667025:,1747647682687
counter/7/0/0/0,23620:1747647668402:,1747647682687
counter/8/0/0/0,24876:1747647669650:,1747647682687
counter/5/0/0/0,24591:1747647670151:,1747647682687
counter/10/0/0/0,22545:1747647667025:,1747647682687
counter/7/0/0/0,23621:1747647668407:,1747647682687
counter/8/0/0/0,24877:1747647669650:,1747647682687
counter/5/0/0/0,24592:1747647670151:,1747647682687
counter/10/0/0/0,22546:1747647667025:,1747647682687
counter/7/0/0/0,23622:1747647668407:,1747647682687
counter/8/0/0/0,24878:1747647669650:,1747647682687
counter/5/0/0/0,24593:1747647670151:,1747647682687
counter/10/0/0/0,22547:1747647667025:,1747647682687
counter/7/0/0/0,23623:1747647668407:,1747647682687
counter/8/0/0/0,24879:1747647669650:,1747647682687
counter/5/0/0/0,24594:1747647670152:,1747647682687
counter/10/0/0/0,22548:1747647667025:,1747647682687
counter/7/0/0/0,23624:1747647668407:,1747647682687
counter/8/0/0/0,24880:1747647669650:,1747647682687
counter/5/0/0/0,24595:1747647670152:,1747647682687
counter/10/0/0/0,22549:1747647667025:,1747647682687
counter/7/0/0/0,23625:1747647668407:,1747647682687
counter/8/0/0/0,24881:1747647669651:,1747647682687
counter/5/0/0/0,24596:1747647670152:,1747647682687
counter/10/0/0/0,22550:1747647667025:,1747647682687
counter/7/0/0/0,23626:1747647668407:,1747647682687
counter/8/0/0/0,24882:1747647669651:,1747647682687
counter/5/0/0/0,24597:1747647670152:,1747647682687
counter/10/0/0/0,22551:1747647667025:,1747647682687
counter/7/0/0/0,23627:1747647668407:,1747647682687
counter/8/0/0/0,24883:1747647669651:,1747647682687
counter/5/0/0/0,24598:1747647670152:,1747647682687
counter/10/0/0/0,22552:1747647667025:,1747647682687
counter/7/0/0/0,23628:1747647668407:,1747647682687
counter/8/0/0/0,24884:1747647669651:,1747647682687
counter/5/0/0/0,24599:1747647670152:,1747647682688
counter/10/0/0/0,22553:1747647667025:,1747647682688
counter/7/0/0/0,23629:1747647668407:,1747647682688
counter/8/0/0/0,24885:1747647669651:,1747647682688
counter/5/0/0/0,24600:1747647670152:,1747647682688
counter/10/0/0/0,22554:1747647667025:,1747647682688
counter/7/0/0/0,23630:1747647668407:,1747647682688
counter/8/0/0/0,24886:1747647669651:,1747647682688
counter/5/0/0/0,24601:1747647670152:,1747647682688
counter/10/0/0/0,22555:1747647667025:,1747647682688
counter/7/0/0/0,23631:1747647668407:,1747647682688
counter/8/0/0/0,24887:1747647669651:,1747647682688
counter/5/0/0/0,24602:1747647670152:,1747647682688
counter/10/0/0/0,22556:1747647667025:,1747647682688
counter/7/0/0/0,23632:1747647668408:,1747647682688
counter/8/0/0/0,24888:1747647669651:,1747647682688
counter/5/0/0/0,24603:1747647670152:,1747647682688
counter/10/0/0/0,22557:1747647667025:,1747647682688
counter/7/0/0/0,23633:1747647668410:,1747647682688
counter/8/0/0/0,24889:1747647669651:,1747647682688
counter/5/0/0/0,24604:1747647670155:,1747647682688
counter/10/0/0/0,22558:1747647667026:,1747647682688
counter/7/0/0/0,23634:1747647668422:,1747647682688
counter/8/0/0/0,24890:1747647669653:,1747647682688
counter/5/0/0/0,24605:1747647670155:,1747647682688
counter/10/0/0/0,22559:1747647667026:,1747647682688
counter/7/0/0/0,23635:1747647668427:,1747647682688
counter/8/0/0/0,24891:1747647669653:,1747647682688
counter/5/0/0/0,24606:1747647670155:,1747647682688
counter/10/0/0/0,22560:1747647667026:,1747647682688
counter/7/0/0/0,23636:1747647668427:,1747647682688
counter/8/0/0/0,24892:1747647669653:,1747647682688
counter/5/0/0/0,24607:1747647670155:,1747647682688
counter/10/0/0/0,22561:1747647667026:,1747647682688
counter/7/0/0/0,23637:1747647668427:,1747647682688
counter/8/0/0/0,24893:1747647669653:,1747647682688
counter/5/0/0/0,24608:1747647670155:,1747647682688
counter/10/0/0/0,22562:1747647667026:,1747647682688
counter/7/0/0/0,23638:1747647668427:,1747647682688
counter/8/0/0/0,24894:1747647669653:,1747647682689
counter/5/0/0/0,24609:1747647670155:,1747647682689
counter/10/0/0/0,22563:1747647667026:,1747647682689
counter/7/0/0/0,23639:1747647668427:,1747647682689
counter/8/0/0/0,24895:1747647669655:,1747647682689
counter/5/0/0/0,24610:1747647670155:,1747647682689
counter/10/0/0/0,22564:1747647667026:,1747647682689
counter/7/0/0/0,23640:1747647668427:,1747647682689
counter/8/0/0/0,24896:1747647669655:,1747647682689
counter/5/0/0/0,24611:1747647670155:,1747647682689
counter/10/0/0/0,22565:1747647667026:,1747647682689
counter/7/0/0/0,23641:1747647668427:,1747647682689
counter/8/0/0/0,24897:1747647669655:,1747647682689
counter/5/0/0/0,24612:1747647670155:,1747647682689
counter/10/0/0/0,22566:1747647667026:,1747647682689
counter/7/0/0/0,23642:1747647668427:,1747647682689
counter/8/0/0/0,24898:1747647669655:,1747647682689
counter/5/0/0/0,24613:1747647670155:,1747647682689
counter/10/0/0/0,22567:1747647667026:,1747647682689
counter/7/0/0/0,23643:1747647668427:,1747647682689
counter/8/0/0/0,24899:1747647669655:,1747647682689
counter/5/0/0/0,24614:1747647670155:,1747647682689
counter/10/0/0/0,22568:1747647667026:,1747647682689
counter/7/0/0/0,23644:1747647668427:,1747647682689
counter/8/0/0/0,24900:1747647669655:,1747647682689
counter/5/0/0/0,24615:1747647670155:,1747647682689
counter/10/0/0/0,22569:1747647667026:,1747647682689
counter/7/0/0/0,23645:1747647668428:,1747647682689
counter/8/0/0/0,24901:1747647669655:,1747647682689
counter/5/0/0/0,24616:1747647670155:,1747647682689
counter/10/0/0/0,22570:1747647667026:,1747647682689
counter/7/0/0/0,23646:1747647668428:,1747647682689
counter/8/0/0/0,24902:1747647669655:,1747647682689
counter/5/0/0/0,24617:1747647670165:,1747647682689
counter/10/0/0/0,22571:1747647667026:,1747647682689
counter/7/0/0/0,23647:1747647668428:,1747647682689
counter/8/0/0/0,24903:1747647669656:,1747647682689
counter/5/0/0/0,24618:1747647670165:,1747647682689
counter/10/0/0/0,22572:1747647667030:,1747647682689
counter/7/0/0/0,23648:1747647668442:,1747647682689
counter/8/0/0/0,24904:1747647669657:,1747647682689
counter/5/0/0/0,24619:1747647670169:,1747647682690
counter/6/0/0/0,23755:1747647670435:,1747647682690
counter/10/0/0/0,22573:1747647667030:,1747647682690
counter/7/0/0/0,23649:1747647668455:,1747647682690
counter/8/0/0/0,24905:1747647669658:,1747647682690
counter/5/0/0/0,24620:1747647670169:,1747647682690
counter/1/0/0/0,22022:1747647668189:,1747647682690
counter/3/0/0/0,21898:1747647668152:,1747647682690
counter/10/0/0/0,22574:1747647667030:,1747647682690
counter/7/0/0/0,23650:1747647668455:,1747647682690
counter/8/0/0/0,24906:1747647669658:,1747647682690
counter/5/0/0/0,24621:1747647670169:,1747647682690
counter/2/0/0/0,26991:1747647671770:,1747647682690
counter/10/0/0/0,22575:1747647667031:,1747647682690
counter/7/0/0/0,23651:1747647668456:,1747647682690
counter/8/0/0/0,24907:1747647669658:,1747647682690
counter/5/0/0/0,24622:1747647670169:,1747647682690
counter/6/0/0/0,23756:1747647670435:,1747647682690
counter/3/0/0/0,21899:1747647668153:,1747647682690
counter/9/0/0/0,27671:1747647670954:,1747647682690
counter/10/0/0/0,22576:1747647667031:,1747647682690
counter/7/0/0/0,23652:1747647668456:,1747647682690
counter/8/0/0/0,24908:1747647669658:,1747647682690
counter/5/0/0/0,24623:1747647670169:,1747647682690
counter/10/0/0/0,22577:1747647667031:,1747647682690
counter/7/0/0/0,23653:1747647668456:,1747647682690
counter/8/0/0/0,24909:1747647669658:,1747647682690
counter/5/0/0/0,24624:1747647670169:,1747647682690
counter/10/0/0/0,22578:1747647667031:,1747647682690
counter/7/0/0/0,23654:1747647668456:,1747647682690
counter/8/0/0/0,24910:1747647669658:,1747647682690
counter/5/0/0/0,24625:1747647670169:,1747647682690
counter/10/0/0/0,22579:1747647667031:,1747647682690
counter/7/0/0/0,23655:1747647668456:,1747647682690
counter/8/0/0/0,24911:1747647669658:,1747647682690
counter/5/0/0/0,24626:1747647670169:,1747647682690
counter/10/0/0/0,22580:1747647667031:,1747647682690
counter/7/0/0/0,23656:1747647668456:,1747647682690
counter/8/0/0/0,24912:1747647669658:,1747647682690
counter/5/0/0/0,24627:1747647670169:,1747647682691
counter/10/0/0/0,22581:1747647667031:,1747647682691
counter/7/0/0/0,23657:1747647668456:,1747647682691
counter/8/0/0/0,24913:1747647669658:,1747647682691
counter/5/0/0/0,24628:1747647670169:,1747647682691
counter/10/0/0/0,22582:1747647667031:,1747647682691
counter/7/0/0/0,23658:1747647668456:,1747647682691
counter/8/0/0/0,24914:1747647669658:,1747647682691
counter/5/0/0/0,24629:1747647670169:,1747647682691
counter/10/0/0/0,22583:1747647667031:,1747647682691
counter/7/0/0/0,23659:1747647668456:,1747647682691
counter/8/0/0/0,24915:1747647669658:,1747647682691
counter/5/0/0/0,24630:1747647670169:,1747647682691
counter/10/0/0/0,22584:1747647667031:,1747647682691
counter/7/0/0/0,23660:1747647668457:,1747647682691
counter/8/0/0/0,24916:1747647669658:,1747647682691
counter/5/0/0/0,24631:1747647670169:,1747647682691
counter/10/0/0/0,22585:1747647667031:,1747647682691
counter/7/0/0/0,23661:1747647668457:,1747647682691
counter/8/0/0/0,24917:1747647669662:,1747647682691
counter/5/0/0/0,24632:1747647670169:,1747647682691
counter/10/0/0/0,22586:1747647667031:,1747647682691
counter/7/0/0/0,23662:1747647668458:,1747647682691
counter/8/0/0/0,24918:1747647669666:,1747647682691
counter/5/0/0/0,24633:1747647670169:,1747647682691
counter/10/0/0/0,22587:1747647667031:,1747647682691
counter/7/0/0/0,23663:1747647668458:,1747647682691
counter/8/0/0/0,24919:1747647669667:,1747647682691
counter/5/0/0/0,24634:1747647670169:,1747647682691
counter/10/0/0/0,22588:1747647667031:,1747647682691
counter/7/0/0/0,23664:1747647668458:,1747647682691
counter/8/0/0/0,24920:1747647669667:,1747647682691
counter/5/0/0/0,24635:1747647670169:,1747647682691
counter/10/0/0/0,22589:1747647667031:,1747647682691
counter/7/0/0/0,23665:1747647668473:,1747647682691
counter/8/0/0/0,24921:1747647669667:,1747647682691
counter/5/0/0/0,24636:1747647670169:,1747647682691
counter/10/0/0/0,22590:1747647667031:,1747647682691
counter/7/0/0/0,23666:1747647668473:,1747647682691
counter/8/0/0/0,24922:1747647669667:,1747647682691
counter/5/0/0/0,24637:1747647670169:,1747647682691
counter/10/0/0/0,22591:1747647667031:,1747647682692
counter/7/0/0/0,23667:1747647668473:,1747647682692
counter/8/0/0/0,24923:1747647669667:,1747647682692
counter/5/0/0/0,24638:1747647670169:,1747647682692
counter/10/0/0/0,22592:1747647667031:,1747647682692
counter/7/0/0/0,23668:1747647668473:,1747647682692
counter/8/0/0/0,24924:1747647669667:,1747647682692
counter/5/0/0/0,24639:1747647670170:,1747647682692
counter/10/0/0/0,22593:1747647667031:,1747647682692
counter/7/0/0/0,23669:1747647668473:,1747647682692
counter/8/0/0/0,24925:1747647669667:,1747647682692
counter/5/0/0/0,24640:1747647670170:,1747647682692
counter/10/0/0/0,22594:1747647667031:,1747647682692
counter/7/0/0/0,23670:1747647668473:,1747647682692
counter/8/0/0/0,24926:1747647669667:,1747647682692
counter/5/0/0/0,24641:1747647670171:,1747647682692
counter/10/0/0/0,22595:1747647667031:,1747647682692
counter/7/0/0/0,23671:1747647668473:,1747647682692
counter/8/0/0/0,24927:1747647669674:,1747647682692
counter/5/0/0/0,24642:1747647670171:,1747647682692
counter/10/0/0/0,22596:1747647667031:,1747647682692
counter/7/0/0/0,23672:1747647668473:,1747647682692
counter/8/0/0/0,24928:1747647669675:,1747647682692
counter/5/0/0/0,24643:1747647670171:,1747647682692
counter/10/0/0/0,22597:1747647667031:,1747647682692
counter/7/0/0/0,23673:1747647668473:,1747647682692
counter/5/0/0/0,24644:1747647670171:,1747647682692
counter/10/0/0/0,22598:1747647667031:,1747647682692
counter/7/0/0/0,23674:1747647668473:,1747647682692
counter/5/0/0/0,24645:1747647670181:,1747647682692
counter/10/0/0/0,22599:1747647667031:,1747647682692
counter/7/0/0/0,23675:1747647668474:,1747647682692
counter/5/0/0/0,24646:1747647670181:,1747647682692
counter/10/0/0/0,22600:1747647667031:,1747647682692
counter/7/0/0/0,23676:1747647668474:,1747647682692
counter/5/0/0/0,24647:1747647670181:,1747647682692
counter/10/0/0/0,22601:1747647667031:,1747647682692
counter/7/0/0/0,23677:1747647668474:,1747647682692
counter/5/0/0/0,24648:1747647670181:,1747647682693
counter/10/0/0/0,22602:1747647667033:,1747647682693
counter/7/0/0/0,23678:1747647668475:,1747647682693
counter/5/0/0/0,24649:1747647670184:,1747647682693
counter/10/0/0/0,22603:1747647667033:,1747647682693
counter/7/0/0/0,23679:1747647668476:,1747647682693
counter/5/0/0/0,24650:1747647670184:,1747647682693
counter/10/0/0/0,22604:1747647667049:,1747647682693
counter/7/0/0/0,23680:1747647668476:,1747647682693
counter/5/0/0/0,24651:1747647670184:,1747647682693
counter/10/0/0/0,22605:1747647667057:,1747647682693
counter/7/0/0/0,23681:1747647668478:,1747647682693
counter/5/0/0/0,24652:1747647670184:,1747647682693
counter/10/0/0/0,22606:1747647667058:,1747647682693
counter/7/0/0/0,23682:1747647668478:,1747647682693
counter/5/0/0/0,24653:1747647670184:,1747647682693
counter/10/0/0/0,22607:1747647667058:,1747647682693
counter/7/0/0/0,23683:1747647668478:,1747647682693
counter/5/0/0/0,24654:1747647670184:,1747647682693
counter/10/0/0/0,22608:1747647667058:,1747647682693
counter/7/0/0/0,23684:1747647668478:,1747647682693
counter/5/0/0/0,24655:1747647670184:,1747647682693
counter/10/0/0/0,22609:1747647667058:,1747647682693
counter/7/0/0/0,23685:1747647668478:,1747647682693
counter/5/0/0/0,24656:1747647670184:,1747647682693
counter/10/0/0/0,22610:1747647667058:,1747647682693
counter/7/0/0/0,23686:1747647668478:,1747647682693
counter/5/0/0/0,24657:1747647670184:,1747647682693
counter/10/0/0/0,22611:1747647667058:,1747647682693
counter/7/0/0/0,23687:1747647668478:,1747647682693
counter/5/0/0/0,24658:1747647670184:,1747647682693
counter/9/0/0/0,27672:1747647670954:,1747647682693
counter/10/0/0/0,22612:1747647667058:,1747647682693
counter/7/0/0/0,23688:1747647668478:,1747647682693
counter/5/0/0/0,24659:1747647670184:,1747647682693
counter/4/0/0/0,20817:1747647667822:,1747647682693
counter/3/0/0/0,21900:1747647668153:,1747647682693
counter/1/0/0/0,22023:1747647668189:,1747647682693
counter/10/0/0/0,22613:1747647667058:,1747647682693
counter/7/0/0/0,23689:1747647668478:,1747647682693
counter/5/0/0/0,24660:1747647670211:,1747647682694
counter/8/0/0/0,24929:1747647669675:,1747647682694
counter/10/0/0/0,22614:1747647667058:,1747647682694
counter/7/0/0/0,23690:1747647668478:,1747647682694
counter/5/0/0/0,24661:1747647670211:,1747647682694
counter/8/0/0/0,24930:1747647669675:,1747647682694
counter/10/0/0/0,22615:1747647667061:,1747647682694
counter/7/0/0/0,23691:1747647668478:,1747647682694
counter/5/0/0/0,24662:1747647670211:,1747647682694
counter/8/0/0/0,24931:1747647669675:,1747647682694
counter/10/0/0/0,22616:1747647667061:,1747647682694
counter/7/0/0/0,23692:1747647668478:,1747647682694
counter/5/0/0/0,24663:1747647670212:,1747647682694
counter/8/0/0/0,24932:1747647669675:,1747647682694
counter/10/0/0/0,22617:1747647667061:,1747647682694
counter/7/0/0/0,23693:1747647668479:,1747647682694
counter/5/0/0/0,24664:1747647670212:,1747647682694
counter/8/0/0/0,24933:1747647669675:,1747647682694
counter/10/0/0/0,22618:1747647667061:,1747647682694
counter/7/0/0/0,23694:1747647668484:,1747647682694
counter/5/0/0/0,24665:1747647670212:,1747647682694
counter/8/0/0/0,24934:1747647669675:,1747647682694
counter/10/0/0/0,22619:1747647667061:,1747647682694
counter/7/0/0/0,23695:1747647668484:,1747647682694
counter/5/0/0/0,24666:1747647670212:,1747647682694
counter/10/0/0/0,22620:1747647667061:,1747647682694
counter/7/0/0/0,23696:1747647668484:,1747647682694
counter/5/0/0/0,24667:1747647670212:,1747647682694
counter/8/0/0/0,24935:1747647669675:,1747647682694
counter/6/0/0/0,23757:1747647670435:,1747647682694
counter/10/0/0/0,22621:1747647667061:,1747647682694
counter/7/0/0/0,23697:1747647668484:,1747647682694
counter/5/0/0/0,24668:1747647670212:,1747647682694
counter/8/0/0/0,24936:1747647669675:,1747647682694
counter/2/0/0/0,26992:1747647671770:,1747647682694
counter/10/0/0/0,22622:1747647667061:,1747647682694
counter/7/0/0/0,23698:1747647668484:,1747647682694
counter/5/0/0/0,24669:1747647670212:,1747647682694
counter/8/0/0/0,24937:1747647669675:,1747647682694
counter/10/0/0/0,22623:1747647667061:,1747647682694
counter/7/0/0/0,23699:1747647668484:,1747647682694
counter/5/0/0/0,24670:1747647670212:,1747647682694
counter/8/0/0/0,24938:1747647669675:,1747647682695
counter/10/0/0/0,22624:1747647667061:,1747647682695
counter/7/0/0/0,23700:1747647668485:,1747647682695
counter/5/0/0/0,24671:1747647670212:,1747647682695
counter/8/0/0/0,24939:1747647669675:,1747647682695
counter/10/0/0/0,22625:1747647667062:,1747647682695
counter/7/0/0/0,23701:1747647668485:,1747647682695
counter/5/0/0/0,24672:1747647670212:,1747647682695
counter/8/0/0/0,24940:1747647669678:,1747647682695
counter/10/0/0/0,22626:1747647667062:,1747647682695
counter/7/0/0/0,23702:1747647668485:,1747647682695
counter/5/0/0/0,24673:1747647670212:,1747647682695
counter/8/0/0/0,24941:1747647669678:,1747647682695
counter/9/0/0/0,27673:1747647670954:,1747647682695
counter/1/0/0/0,22024:1747647668206:,1747647682695
counter/10/0/0/0,22627:1747647667062:,1747647682695
counter/7/0/0/0,23703:1747647668485:,1747647682695
counter/5/0/0/0,24674:1747647670216:,1747647682695
counter/8/0/0/0,24942:1747647669678:,1747647682695
counter/10/0/0/0,22628:1747647667062:,1747647682695
counter/7/0/0/0,23704:1747647668485:,1747647682695
counter/5/0/0/0,24675:1747647670216:,1747647682695
counter/8/0/0/0,24943:1747647669678:,1747647682695
counter/10/0/0/0,22629:1747647667088:,1747647682695
counter/7/0/0/0,23705:1747647668492:,1747647682695
counter/5/0/0/0,24676:1747647670216:,1747647682695
counter/8/0/0/0,24944:1747647669678:,1747647682695
counter/10/0/0/0,22630:1747647667092:,1747647682695
counter/7/0/0/0,23706:1747647668492:,1747647682695
counter/5/0/0/0,24677:1747647670216:,1747647682695
counter/8/0/0/0,24945:1747647669678:,1747647682695
counter/10/0/0/0,22631:1747647667092:,1747647682695
counter/7/0/0/0,23707:1747647668492:,1747647682695
counter/5/0/0/0,24678:1747647670216:,1747647682695
counter/8/0/0/0,24946:1747647669678:,1747647682695
counter/10/0/0/0,22632:1747647667092:,1747647682695
counter/7/0/0/0,23708:1747647668493:,1747647682695
counter/5/0/0/0,24679:1747647670216:,1747647682696
counter/8/0/0/0,24947:1747647669678:,1747647682696
counter/4/0/0/0,20818:1747647667823:,1747647682696
counter/10/0/0/0,22633:1747647667092:,1747647682696
counter/7/0/0/0,23709:1747647668493:,1747647682696
counter/5/0/0/0,24680:1747647670216:,1747647682696
counter/8/0/0/0,24948:1747647669678:,1747647682696
counter/6/0/0/0,23758:1747647670441:,1747647682696
counter/10/0/0/0,22634:1747647667092:,1747647682696
counter/7/0/0/0,23710:1747647668493:,1747647682696
counter/5/0/0/0,24681:1747647670216:,1747647682696
counter/8/0/0/0,24949:1747647669709:,1747647682696
counter/10/0/0/0,22635:1747647667092:,1747647682696
counter/7/0/0/0,23711:1747647668493:,1747647682696
counter/5/0/0/0,24682:1747647670216:,1747647682696
counter/8/0/0/0,24950:1747647669709:,1747647682696
counter/10/0/0/0,22636:1747647667092:,1747647682696
counter/7/0/0/0,23712:1747647668493:,1747647682696
counter/5/0/0/0,24683:1747647670216:,1747647682696
counter/8/0/0/0,24951:1747647669709:,1747647682696
counter/10/0/0/0,22637:1747647667092:,1747647682696
counter/7/0/0/0,23713:1747647668493:,1747647682696
counter/5/0/0/0,24684:1747647670216:,1747647682696
counter/8/0/0/0,24952:1747647669709:,1747647682696
counter/10/0/0/0,22638:1747647667092:,1747647682696
counter/7/0/0/0,23714:1747647668493:,1747647682696
counter/5/0/0/0,24685:1747647670216:,1747647682696
counter/8/0/0/0,24953:1747647669710:,1747647682696
counter/10/0/0/0,22639:1747647667092:,1747647682696
counter/7/0/0/0,23715:1747647668506:,1747647682696
counter/5/0/0/0,24686:1747647670216:,1747647682696
counter/8/0/0/0,24954:1747647669710:,1747647682696
counter/10/0/0/0,22640:1747647667092:,1747647682696
counter/7/0/0/0,23716:1747647668506:,1747647682696
counter/5/0/0/0,24687:1747647670217:,1747647682696
counter/8/0/0/0,24955:1747647669710:,1747647682696
counter/10/0/0/0,22641:1747647667094:,1747647682696
counter/7/0/0/0,23717:1747647668506:,1747647682696
counter/5/0/0/0,24688:1747647670217:,1747647682696
counter/8/0/0/0,24956:1747647669710:,1747647682696
counter/10/0/0/0,22642:1747647667095:,1747647682696
counter/7/0/0/0,23718:1747647668506:,1747647682696
counter/5/0/0/0,24689:1747647670229:,1747647682696
counter/8/0/0/0,24957:1747647669710:,1747647682697
counter/10/0/0/0,22643:1747647667095:,1747647682697
counter/7/0/0/0,23719:1747647668515:,1747647682697
counter/5/0/0/0,24690:1747647670229:,1747647682697
counter/10/0/0/0,22644:1747647667095:,1747647682697
counter/7/0/0/0,23720:1747647668516:,1747647682697
counter/5/0/0/0,24691:1747647670229:,1747647682697
counter/10/0/0/0,22645:1747647667095:,1747647682697
counter/7/0/0/0,23721:1747647668516:,1747647682697
counter/5/0/0/0,24692:1747647670229:,1747647682697
counter/10/0/0/0,22646:1747647667096:,1747647682697
counter/7/0/0/0,23722:1747647668516:,1747647682697
counter/5/0/0/0,24693:1747647670229:,1747647682697
counter/10/0/0/0,22647:1747647667096:,1747647682697
counter/7/0/0/0,23723:1747647668516:,1747647682697
counter/5/0/0/0,24694:1747647670229:,1747647682697
counter/10/0/0/0,22648:1747647667104:,1747647682697
counter/7/0/0/0,23724:1747647668516:,1747647682697
counter/5/0/0/0,24695:1747647670229:,1747647682697
counter/10/0/0/0,22649:1747647667104:,1747647682697
counter/7/0/0/0,23725:1747647668521:,1747647682697
counter/5/0/0/0,24696:1747647670230:,1747647682697
counter/10/0/0/0,22650:1747647667104:,1747647682697
counter/7/0/0/0,23726:1747647668521:,1747647682697
counter/5/0/0/0,24697:1747647670230:,1747647682697
counter/10/0/0/0,22651:1747647667104:,1747647682697
counter/7/0/0/0,23727:1747647668521:,1747647682697
counter/5/0/0/0,24698:1747647670231:,1747647682697
counter/10/0/0/0,22652:1747647667104:,1747647682697
counter/7/0/0/0,23728:1747647668521:,1747647682697
counter/5/0/0/0,24699:1747647670231:,1747647682697
counter/10/0/0/0,22653:1747647667104:,1747647682697
counter/7/0/0/0,23729:1747647668527:,1747647682697
counter/5/0/0/0,24700:1747647670231:,1747647682697
counter/10/0/0/0,22654:1747647667104:,1747647682697
counter/7/0/0/0,23730:1747647668533:,1747647682697
counter/5/0/0/0,24701:1747647670231:,1747647682697
counter/10/0/0/0,22655:1747647667104:,1747647682698
counter/7/0/0/0,23731:1747647668534:,1747647682698
counter/5/0/0/0,24702:1747647670231:,1747647682698
counter/10/0/0/0,22656:1747647667104:,1747647682698
counter/7/0/0/0,23732:1747647668534:,1747647682698
counter/5/0/0/0,24703:1747647670231:,1747647682698
counter/10/0/0/0,22657:1747647667104:,1747647682698
counter/7/0/0/0,23733:1747647668534:,1747647682698
counter/5/0/0/0,24704:1747647670231:,1747647682698
counter/10/0/0/0,22658:1747647667104:,1747647682698
counter/7/0/0/0,23734:1747647668534:,1747647682698
counter/5/0/0/0,24705:1747647670231:,1747647682698
counter/10/0/0/0,22659:1747647667104:,1747647682698
counter/7/0/0/0,23735:1747647668536:,1747647682698
counter/5/0/0/0,24706:1747647670231:,1747647682698
counter/10/0/0/0,22660:1747647667104:,1747647682698
counter/7/0/0/0,23736:1747647668536:,1747647682698
counter/5/0/0/0,24707:1747647670231:,1747647682698
counter/10/0/0/0,22661:1747647667104:,1747647682698
counter/7/0/0/0,23737:1747647668536:,1747647682698
counter/5/0/0/0,24708:1747647670231:,1747647682698
counter/3/0/0/0,21901:1747647668153:,1747647682698
counter/10/0/0/0,22662:1747647667104:,1747647682698
counter/7/0/0/0,23738:1747647668536:,1747647682698
counter/5/0/0/0,24709:1747647670231:,1747647682698
counter/8/0/0/0,24958:1747647669710:,1747647682698
counter/6/0/0/0,23759:1747647670441:,1747647682698
counter/10/0/0/0,22663:1747647667107:,1747647682698
counter/7/0/0/0,23739:1747647668536:,1747647682698
counter/5/0/0/0,24710:1747647670231:,1747647682698
counter/10/0/0/0,22664:1747647667107:,1747647682698
counter/7/0/0/0,23740:1747647668536:,1747647682698
counter/5/0/0/0,24711:1747647670235:,1747647682698
counter/1/0/0/0,22025:1747647668206:,1747647682698
counter/10/0/0/0,22665:1747647667107:,1747647682698
counter/7/0/0/0,23741:1747647668571:,1747647682698
counter/5/0/0/0,24712:1747647670235:,1747647682698
counter/1/0/0/0,22026:1747647668206:,1747647682698
counter/3/0/0/0,21902:1747647668153:,1747647682698
counter/10/0/0/0,22666:1747647667107:,1747647682699
counter/7/0/0/0,23742:1747647668571:,1747647682699
counter/5/0/0/0,24713:1747647670235:,1747647682699
counter/8/0/0/0,24959:1747647669710:,1747647682699
counter/6/0/0/0,23760:1747647670441:,1747647682699
counter/9/0/0/0,27674:1747647670954:,1747647682699
counter/10/0/0/0,22667:1747647667107:,1747647682699
counter/7/0/0/0,23743:1747647668571:,1747647682699
counter/5/0/0/0,24714:1747647670235:,1747647682699
counter/10/0/0/0,22668:1747647667107:,1747647682699
counter/7/0/0/0,23744:1747647668571:,1747647682699
counter/5/0/0/0,24715:1747647670235:,1747647682699
counter/10/0/0/0,22669:1747647667107:,1747647682699
counter/7/0/0/0,23745:1747647668571:,1747647682699
counter/5/0/0/0,24716:1747647670236:,1747647682699
counter/10/0/0/0,22670:1747647667107:,1747647682699
counter/7/0/0/0,23746:1747647668571:,1747647682699
counter/5/0/0/0,24717:1747647670236:,1747647682699
counter/10/0/0/0,22671:1747647667107:,1747647682699
counter/7/0/0/0,23747:1747647668571:,1747647682699
counter/5/0/0/0,24718:1747647670237:,1747647682699
counter/10/0/0/0,22672:1747647667107:,1747647682699
counter/7/0/0/0,23748:1747647668571:,1747647682699
counter/5/0/0/0,24719:1747647670237:,1747647682699
counter/10/0/0/0,22673:1747647667108:,1747647682699
counter/7/0/0/0,23749:1747647668571:,1747647682699
counter/5/0/0/0,24720:1747647670237:,1747647682699
counter/10/0/0/0,22674:1747647667108:,1747647682699
counter/7/0/0/0,23750:1747647668571:,1747647682699
counter/5/0/0/0,24721:1747647670237:,1747647682699
counter/10/0/0/0,22675:1747647667108:,1747647682699
counter/7/0/0/0,23751:1747647668573:,1747647682699
counter/5/0/0/0,24722:1747647670238:,1747647682699
counter/10/0/0/0,22676:1747647667108:,1747647682699
counter/7/0/0/0,23752:1747647668573:,1747647682699
counter/5/0/0/0,24723:1747647670238:,1747647682699
counter/10/0/0/0,22677:1747647667108:,1747647682699
counter/7/0/0/0,23753:1747647668573:,1747647682699
counter/5/0/0/0,24724:1747647670238:,1747647682699
counter/10/0/0/0,22678:1747647667108:,1747647682699
counter/7/0/0/0,23754:1747647668573:,1747647682700
counter/5/0/0/0,24725:1747647670244:,1747647682700
counter/10/0/0/0,22679:1747647667108:,1747647682700
counter/7/0/0/0,23755:1747647668573:,1747647682700
counter/5/0/0/0,24726:1747647670244:,1747647682700
counter/10/0/0/0,22680:1747647667108:,1747647682700
counter/7/0/0/0,23756:1747647668573:,1747647682700
counter/5/0/0/0,24727:1747647670244:,1747647682700
counter/10/0/0/0,22681:1747647667108:,1747647682700
counter/7/0/0/0,23757:1747647668573:,1747647682700
counter/5/0/0/0,24728:1747647670244:,1747647682700
counter/9/0/0/0,27675:1747647670954:,1747647682700
counter/10/0/0/0,22682:1747647667108:,1747647682700
counter/7/0/0/0,23758:1747647668581:,1747647682700
counter/5/0/0/0,24729:1747647670244:,1747647682700
counter/1/0/0/0,22027:1747647668206:,1747647682700
counter/3/0/0/0,21903:1747647668153:,1747647682700
counter/10/0/0/0,22683:1747647667108:,1747647682700
counter/7/0/0/0,23759:1747647668581:,1747647682700
counter/5/0/0/0,24730:1747647670244:,1747647682700
counter/4/0/0/0,20819:1747647667825:,1747647682700
counter/6/0/0/0,23761:1747647670441:,1747647682700
counter/10/0/0/0,22684:1747647667108:,1747647682700
counter/7/0/0/0,23760:1747647668581:,1747647682700
counter/5/0/0/0,24731:1747647670244:,1747647682700
counter/8/0/0/0,24960:1747647669710:,1747647682700
counter/3/0/0/0,21904:1747647668154:,1747647682700
counter/10/0/0/0,22685:1747647667108:,1747647682700
counter/7/0/0/0,23761:1747647668581:,1747647682700
counter/5/0/0/0,24732:1747647670244:,1747647682700
counter/4/0/0/0,20820:1747647667825:,1747647682700
counter/10/0/0/0,22686:1747647667108:,1747647682700
counter/7/0/0/0,23762:1747647668581:,1747647682700
counter/5/0/0/0,24733:1747647670244:,1747647682700
counter/4/0/0/0,20821:1747647667825:,1747647682700
counter/10/0/0/0,22687:1747647667108:,1747647682700
counter/7/0/0/0,23763:1747647668581:,1747647682700
counter/5/0/0/0,24734:1747647670244:,1747647682700
counter/4/0/0/0,20822:1747647667825:,1747647682700
counter/10/0/0/0,22688:1747647667109:,1747647682701
counter/7/0/0/0,23764:1747647668581:,1747647682701
counter/5/0/0/0,24735:1747647670244:,1747647682701
counter/4/0/0/0,20823:1747647667825:,1747647682701
counter/10/0/0/0,22689:1747647667109:,1747647682701
counter/7/0/0/0,23765:1747647668581:,1747647682701
counter/5/0/0/0,24736:1747647670244:,1747647682701
counter/4/0/0/0,20824:1747647667825:,1747647682701
counter/10/0/0/0,22690:1747647667109:,1747647682701
counter/7/0/0/0,23766:1747647668581:,1747647682701
counter/5/0/0/0,24737:1747647670244:,1747647682701
counter/4/0/0/0,20825:1747647667825:,1747647682701
counter/8/0/0/0,24961:1747647669710:,1747647682701
counter/10/0/0/0,22691:1747647667111:,1747647682701
counter/7/0/0/0,23767:1747647668581:,1747647682701
counter/5/0/0/0,24738:1747647670244:,1747647682701
counter/4/0/0/0,20826:1747647667825:,1747647682701
counter/2/0/0/0,26993:1747647671770:,1747647682701
counter/10/0/0/0,22692:1747647667138:,1747647682701
counter/7/0/0/0,23768:1747647668581:,1747647682701
counter/5/0/0/0,24739:1747647670244:,1747647682701
counter/4/0/0/0,20827:1747647667825:,1747647682701
counter/6/0/0/0,23762:1747647670441:,1747647682701
counter/10/0/0/0,22693:1747647667138:,1747647682701
counter/7/0/0/0,23769:1747647668581:,1747647682701
counter/5/0/0/0,24740:1747647670263:,1747647682701
counter/4/0/0/0,20828:1747647667825:,1747647682701
counter/1/0/0/0,22028:1747647668206:,1747647682701
counter/8/0/0/0,24962:1747647669710:,1747647682701
counter/10/0/0/0,22694:1747647667138:,1747647682701
counter/7/0/0/0,23770:1747647668581:,1747647682701
counter/5/0/0/0,24741:1747647670264:,1747647682701
counter/4/0/0/0,20829:1747647667825:,1747647682701
counter/8/0/0/0,24963:1747647669710:,1747647682701
counter/10/0/0/0,22695:1747647667138:,1747647682701
counter/7/0/0/0,23771:1747647668582:,1747647682701
counter/5/0/0/0,24742:1747647670265:,1747647682701
counter/4/0/0/0,20830:1747647667825:,1747647682701
counter/8/0/0/0,24964:1747647669710:,1747647682701
counter/10/0/0/0,22696:1747647667138:,1747647682701
counter/7/0/0/0,23772:1747647668582:,1747647682701
counter/5/0/0/0,24743:1747647670265:,1747647682701
counter/4/0/0/0,20831:1747647667825:,1747647682702
counter/8/0/0/0,24965:1747647669710:,1747647682702
counter/10/0/0/0,22697:1747647667140:,1747647682702
counter/7/0/0/0,23773:1747647668588:,1747647682702
counter/5/0/0/0,24744:1747647670265:,1747647682702
counter/4/0/0/0,20832:1747647667825:,1747647682702
counter/8/0/0/0,24966:1747647669710:,1747647682702
counter/10/0/0/0,22698:1747647667149:,1747647682702
counter/7/0/0/0,23774:1747647668588:,1747647682702
counter/5/0/0/0,24745:1747647670265:,1747647682702
counter/4/0/0/0,20833:1747647667833:,1747647682702
counter/8/0/0/0,24967:1747647669710:,1747647682702
counter/10/0/0/0,22699:1747647667149:,1747647682702
counter/7/0/0/0,23775:1747647668588:,1747647682702
counter/5/0/0/0,24746:1747647670265:,1747647682702
counter/4/0/0/0,20834:1747647667835:,1747647682702
counter/8/0/0/0,24968:1747647669711:,1747647682702
counter/10/0/0/0,22700:1747647667149:,1747647682702
counter/7/0/0/0,23776:1747647668591:,1747647682702
counter/5/0/0/0,24747:1747647670265:,1747647682702
counter/4/0/0/0,20835:1747647667835:,1747647682702
counter/8/0/0/0,24969:1747647669711:,1747647682702
counter/10/0/0/0,22701:1747647667149:,1747647682702
counter/7/0/0/0,23777:1747647668591:,1747647682702
counter/5/0/0/0,24748:1747647670265:,1747647682702
counter/4/0/0/0,20836:1747647667835:,1747647682702
counter/8/0/0/0,24970:1747647669711:,1747647682702
counter/10/0/0/0,22702:1747647667149:,1747647682702
counter/7/0/0/0,23778:1747647668591:,1747647682702
counter/5/0/0/0,24749:1747647670265:,1747647682702
counter/4/0/0/0,20837:1747647667835:,1747647682702
counter/8/0/0/0,24971:1747647669711:,1747647682702
counter/10/0/0/0,22703:1747647667149:,1747647682702
counter/7/0/0/0,23779:1747647668591:,1747647682702
counter/5/0/0/0,24750:1747647670265:,1747647682702
counter/4/0/0/0,20838:1747647667838:,1747647682702
counter/8/0/0/0,24972:1747647669711:,1747647682702
counter/9/0/0/0,27676:1747647670954:,1747647682702
counter/10/0/0/0,22704:1747647667162:,1747647682703
counter/7/0/0/0,23780:1747647668591:,1747647682703
counter/5/0/0/0,24751:1747647670265:,1747647682703
counter/4/0/0/0,20839:1747647667838:,1747647682703
counter/8/0/0/0,24973:1747647669717:,1747647682703
counter/10/0/0/0,22705:1747647667162:,1747647682703
counter/7/0/0/0,23781:1747647668591:,1747647682703
counter/5/0/0/0,24752:1747647670265:,1747647682703
counter/4/0/0/0,20840:1747647667838:,1747647682703
counter/8/0/0/0,24974:1747647669717:,1747647682703
counter/10/0/0/0,22706:1747647667162:,1747647682703
counter/7/0/0/0,23782:1747647668591:,1747647682703
counter/5/0/0/0,24753:1747647670265:,1747647682703
counter/4/0/0/0,20841:1747647667838:,1747647682703
counter/8/0/0/0,24975:1747647669717:,1747647682703
counter/10/0/0/0,22707:1747647667162:,1747647682703
counter/7/0/0/0,23783:1747647668593:,1747647682703
counter/5/0/0/0,24754:1747647670265:,1747647682703
counter/4/0/0/0,20842:1747647667838:,1747647682703
counter/8/0/0/0,24976:1747647669717:,1747647682703
counter/10/0/0/0,22708:1747647667162:,1747647682703
counter/7/0/0/0,23784:1747647668594:,1747647682703
counter/5/0/0/0,24755:1747647670265:,1747647682703
counter/4/0/0/0,20843:1747647667838:,1747647682703
counter/8/0/0/0,24977:1747647669717:,1747647682703
counter/10/0/0/0,22709:1747647667162:,1747647682703
counter/7/0/0/0,23785:1747647668595:,1747647682703
counter/5/0/0/0,24756:1747647670265:,1747647682703
counter/4/0/0/0,20844:1747647667838:,1747647682703
counter/8/0/0/0,24978:1747647669717:,1747647682703
counter/10/0/0/0,22710:1747647667162:,1747647682703
counter/7/0/0/0,23786:1747647668596:,1747647682703
counter/5/0/0/0,24757:1747647670265:,1747647682703
counter/4/0/0/0,20845:1747647667838:,1747647682703
counter/8/0/0/0,24979:1747647669723:,1747647682703
counter/10/0/0/0,22711:1747647667163:,1747647682703
counter/7/0/0/0,23787:1747647668596:,1747647682703
counter/5/0/0/0,24758:1747647670265:,1747647682703
counter/4/0/0/0,20846:1747647667838:,1747647682703
counter/8/0/0/0,24980:1747647669723:,1747647682703
counter/10/0/0/0,22712:1747647667163:,1747647682703
counter/7/0/0/0,23788:1747647668596:,1747647682703
counter/5/0/0/0,24759:1747647670265:,1747647682703
counter/4/0/0/0,20847:1747647667838:,1747647682704
counter/8/0/0/0,24981:1747647669723:,1747647682704
counter/10/0/0/0,22713:1747647667163:,1747647682704
counter/7/0/0/0,23789:1747647668596:,1747647682704
counter/5/0/0/0,24760:1747647670267:,1747647682704
counter/4/0/0/0,20848:1747647667838:,1747647682704
counter/8/0/0/0,24982:1747647669723:,1747647682704
counter/10/0/0/0,22714:1747647667163:,1747647682704
counter/7/0/0/0,23790:1747647668596:,1747647682704
counter/5/0/0/0,24761:1747647670267:,1747647682704
counter/4/0/0/0,20849:1747647667838:,1747647682704
counter/8/0/0/0,24983:1747647669723:,1747647682704
counter/10/0/0/0,22715:1747647667163:,1747647682704
counter/7/0/0/0,23791:1747647668596:,1747647682704
counter/5/0/0/0,24762:1747647670267:,1747647682704
counter/4/0/0/0,20850:1747647667838:,1747647682704
counter/8/0/0/0,24984:1747647669723:,1747647682704
counter/10/0/0/0,22716:1747647667163:,1747647682704
counter/7/0/0/0,23792:1747647668596:,1747647682704
counter/5/0/0/0,24763:1747647670267:,1747647682704
counter/4/0/0/0,20851:1747647667841:,1747647682704
counter/8/0/0/0,24985:1747647669724:,1747647682704
counter/10/0/0/0,22717:1747647667163:,1747647682704
counter/7/0/0/0,23793:1747647668596:,1747647682704
counter/5/0/0/0,24764:1747647670267:,1747647682704
counter/4/0/0/0,20852:1747647667841:,1747647682704
counter/8/0/0/0,24986:1747647669724:,1747647682704
counter/10/0/0/0,22718:1747647667163:,1747647682704
counter/7/0/0/0,23794:1747647668596:,1747647682704
counter/5/0/0/0,24765:1747647670267:,1747647682704
counter/4/0/0/0,20853:1747647667841:,1747647682704
counter/8/0/0/0,24987:1747647669724:,1747647682704
counter/10/0/0/0,22719:1747647667163:,1747647682704
counter/7/0/0/0,23795:1747647668596:,1747647682704
counter/5/0/0/0,24766:1747647670267:,1747647682704
counter/4/0/0/0,20854:1747647667841:,1747647682704
counter/8/0/0/0,24988:1747647669724:,1747647682704
counter/10/0/0/0,22720:1747647667182:,1747647682704
counter/7/0/0/0,23796:1747647668596:,1747647682704
counter/5/0/0/0,24767:1747647670267:,1747647682704
counter/4/0/0/0,20855:1747647667841:,1747647682704
counter/8/0/0/0,24989:1747647669724:,1747647682705
counter/10/0/0/0,22721:1747647667183:,1747647682705
counter/7/0/0/0,23797:1747647668596:,1747647682705
counter/5/0/0/0,24768:1747647670267:,1747647682705
counter/4/0/0/0,20856:1747647667841:,1747647682705
counter/8/0/0/0,24990:1747647669724:,1747647682705
counter/10/0/0/0,22722:1747647667183:,1747647682705
counter/7/0/0/0,23798:1747647668596:,1747647682705
counter/5/0/0/0,24769:1747647670268:,1747647682705
counter/4/0/0/0,20857:1747647667841:,1747647682705
counter/8/0/0/0,24991:1747647669724:,1747647682705
counter/10/0/0/0,22723:1747647667183:,1747647682705
counter/7/0/0/0,23799:1747647668597:,1747647682705
counter/5/0/0/0,24770:1747647670272:,1747647682705
counter/4/0/0/0,20858:1747647667841:,1747647682705
counter/8/0/0/0,24992:1747647669724:,1747647682705
counter/10/0/0/0,22724:1747647667183:,1747647682705
counter/7/0/0/0,23800:1747647668597:,1747647682705
counter/5/0/0/0,24771:1747647670272:,1747647682705
counter/4/0/0/0,20859:1747647667841:,1747647682705
counter/8/0/0/0,24993:1747647669724:,1747647682705
counter/10/0/0/0,22725:1747647667183:,1747647682705
counter/7/0/0/0,23801:1747647668597:,1747647682705
counter/5/0/0/0,24772:1747647670272:,1747647682705
counter/4/0/0/0,20860:1747647667841:,1747647682705
counter/8/0/0/0,24994:1747647669724:,1747647682705
counter/10/0/0/0,22726:1747647667183:,1747647682705
counter/7/0/0/0,23802:1747647668597:,1747647682705
counter/5/0/0/0,24773:1747647670272:,1747647682705
counter/4/0/0/0,20861:1747647667841:,1747647682705
counter/8/0/0/0,24995:1747647669724:,1747647682705
counter/10/0/0/0,22727:1747647667183:,1747647682705
counter/7/0/0/0,23803:1747647668597:,1747647682705
counter/5/0/0/0,24774:1747647670272:,1747647682705
counter/4/0/0/0,20862:1747647667852:,1747647682705
counter/8/0/0/0,24996:1747647669724:,1747647682706
counter/10/0/0/0,22728:1747647667202:,1747647682706
counter/7/0/0/0,23804:1747647668598:,1747647682706
counter/5/0/0/0,24775:1747647670272:,1747647682706
counter/4/0/0/0,20863:1747647667852:,1747647682706
counter/8/0/0/0,24997:1747647669724:,1747647682706
counter/10/0/0/0,22729:1747647667202:,1747647682706
counter/7/0/0/0,23805:1747647668598:,1747647682706
counter/5/0/0/0,24776:1747647670272:,1747647682706
counter/4/0/0/0,20864:1747647667852:,1747647682706
counter/8/0/0/0,24998:1747647669725:,1747647682706
counter/10/0/0/0,22730:1747647667202:,1747647682706
counter/7/0/0/0,23806:1747647668598:,1747647682706
counter/5/0/0/0,24777:1747647670273:,1747647682706
counter/4/0/0/0,20865:1747647667852:,1747647682706
counter/8/0/0/0,24999:1747647669725:,1747647682706
counter/10/0/0/0,22731:1747647667202:,1747647682706
counter/7/0/0/0,23807:1747647668598:,1747647682706
counter/4/0/0/0,20866:1747647667852:,1747647682706
counter/8/0/0/0,25000:1747647669725:,1747647682706
counter/10/0/0/0,22732:1747647667202:,1747647682706
counter/7/0/0/0,23808:1747647668598:,1747647682706
counter/4/0/0/0,20867:1747647667852:,1747647682706
counter/8/0/0/0,25001:1747647669725:,1747647682706
counter/10/0/0/0,22733:1747647667202:,1747647682706
counter/7/0/0/0,23809:1747647668598:,1747647682706
counter/4/0/0/0,20868:1747647667852:,1747647682706
counter/8/0/0/0,25002:1747647669725:,1747647682706
counter/10/0/0/0,22734:1747647667202:,1747647682706
counter/7/0/0/0,23810:1747647668609:,1747647682706
counter/4/0/0/0,20869:1747647667852:,1747647682706
counter/8/0/0/0,25003:1747647669725:,1747647682706
counter/10/0/0/0,22735:1747647667202:,1747647682706
counter/7/0/0/0,23811:1747647668615:,1747647682706
counter/4/0/0/0,20870:1747647667852:,1747647682706
counter/8/0/0/0,25004:1747647669725:,1747647682706
counter/10/0/0/0,22736:1747647667202:,1747647682706
counter/7/0/0/0,23812:1747647668615:,1747647682706
counter/4/0/0/0,20871:1747647667852:,1747647682706
counter/8/0/0/0,25005:1747647669728:,1747647682706
counter/10/0/0/0,22737:1747647667202:,1747647682706
counter/7/0/0/0,23813:1747647668615:,1747647682706
counter/4/0/0/0,20872:1747647667852:,1747647682707
counter/8/0/0/0,25006:1747647669728:,1747647682707
counter/10/0/0/0,22738:1747647667202:,1747647682707
counter/7/0/0/0,23814:1747647668615:,1747647682707
counter/4/0/0/0,20873:1747647667852:,1747647682707
counter/8/0/0/0,25007:1747647669728:,1747647682707
counter/10/0/0/0,22739:1747647667203:,1747647682707
counter/7/0/0/0,23815:1747647668615:,1747647682707
counter/4/0/0/0,20874:1747647667852:,1747647682707
counter/10/0/0/0,22740:1747647667203:,1747647682707
counter/7/0/0/0,23816:1747647668615:,1747647682707
counter/4/0/0/0,20875:1747647667852:,1747647682707
counter/10/0/0/0,22741:1747647667203:,1747647682707
counter/7/0/0/0,23817:1747647668615:,1747647682707
counter/4/0/0/0,20876:1747647667869:,1747647682707
counter/10/0/0/0,22742:1747647667203:,1747647682707
counter/7/0/0/0,23818:1747647668635:,1747647682707
counter/4/0/0/0,20877:1747647667869:,1747647682707
counter/10/0/0/0,22743:1747647667203:,1747647682707
counter/7/0/0/0,23819:1747647668635:,1747647682707
counter/4/0/0/0,20878:1747647667869:,1747647682707
counter/10/0/0/0,22744:1747647667203:,1747647682707
counter/7/0/0/0,23820:1747647668635:,1747647682707
counter/4/0/0/0,20879:1747647667869:,1747647682707
counter/10/0/0/0,22745:1747647667203:,1747647682707
counter/7/0/0/0,23821:1747647668635:,1747647682707
counter/4/0/0/0,20880:1747647667869:,1747647682707
counter/10/0/0/0,22746:1747647667226:,1747647682707
counter/7/0/0/0,23822:1747647668643:,1747647682707
counter/4/0/0/0,20881:1747647667871:,1747647682707
counter/10/0/0/0,22747:1747647667226:,1747647682707
counter/7/0/0/0,23823:1747647668643:,1747647682707
counter/4/0/0/0,20882:1747647667871:,1747647682707
counter/10/0/0/0,22748:1747647667226:,1747647682707
counter/7/0/0/0,23824:1747647668643:,1747647682707
counter/4/0/0/0,20883:1747647667874:,1747647682707
counter/10/0/0/0,22749:1747647667226:,1747647682707
counter/7/0/0/0,23825:1747647668643:,1747647682707
counter/4/0/0/0,20884:1747647667874:,1747647682708
counter/10/0/0/0,22750:1747647667226:,1747647682708
counter/7/0/0/0,23826:1747647668643:,1747647682708
counter/4/0/0/0,20885:1747647667874:,1747647682708
counter/10/0/0/0,22751:1747647667226:,1747647682708
counter/7/0/0/0,23827:1747647668651:,1747647682708
counter/4/0/0/0,20886:1747647667874:,1747647682708
counter/10/0/0/0,22752:1747647667226:,1747647682708
counter/7/0/0/0,23828:1747647668652:,1747647682708
counter/4/0/0/0,20887:1747647667874:,1747647682708
counter/10/0/0/0,22753:1747647667227:,1747647682708
counter/7/0/0/0,23829:1747647668652:,1747647682708
counter/4/0/0/0,20888:1747647667874:,1747647682708
counter/10/0/0/0,22754:1747647667227:,1747647682708
counter/7/0/0/0,23830:1747647668652:,1747647682708
counter/4/0/0/0,20889:1747647667878:,1747647682708
counter/10/0/0/0,22755:1747647667227:,1747647682708
counter/7/0/0/0,23831:1747647668652:,1747647682708
counter/4/0/0/0,20890:1747647667878:,1747647682708
counter/10/0/0/0,22756:1747647667227:,1747647682708
counter/7/0/0/0,23832:1747647668652:,1747647682708
counter/4/0/0/0,20891:1747647667878:,1747647682708
counter/10/0/0/0,22757:1747647667227:,1747647682708
counter/7/0/0/0,23833:1747647668652:,1747647682708
counter/4/0/0/0,20892:1747647667878:,1747647682708
counter/10/0/0/0,22758:1747647667228:,1747647682708
counter/7/0/0/0,23834:1747647668652:,1747647682708
counter/4/0/0/0,20893:1747647667878:,1747647682708
counter/10/0/0/0,22759:1747647667228:,1747647682708
counter/7/0/0/0,23835:1747647668652:,1747647682708
counter/4/0/0/0,20894:1747647667878:,1747647682708
counter/10/0/0/0,22760:1747647667228:,1747647682708
counter/7/0/0/0,23836:1747647668652:,1747647682708
counter/4/0/0/0,20895:1747647667878:,1747647682708
counter/10/0/0/0,22761:1747647667228:,1747647682708
counter/7/0/0/0,23837:1747647668652:,1747647682708
counter/4/0/0/0,20896:1747647667878:,1747647682708
counter/10/0/0/0,22762:1747647667228:,1747647682708
counter/7/0/0/0,23838:1747647668652:,1747647682708
counter/4/0/0/0,20897:1747647667880:,1747647682708
counter/10/0/0/0,22763:1747647667228:,1747647682708
counter/7/0/0/0,23839:1747647668652:,1747647682708
counter/4/0/0/0,20898:1747647667880:,1747647682708
counter/10/0/0/0,22764:1747647667228:,1747647682709
counter/7/0/0/0,23840:1747647668652:,1747647682709
counter/4/0/0/0,20899:1747647667880:,1747647682709
counter/10/0/0/0,22765:1747647667228:,1747647682709
counter/7/0/0/0,23841:1747647668652:,1747647682709
counter/4/0/0/0,20900:1747647667880:,1747647682709
counter/10/0/0/0,22766:1747647667228:,1747647682709
counter/7/0/0/0,23842:1747647668659:,1747647682709
counter/4/0/0/0,20901:1747647667880:,1747647682709
counter/10/0/0/0,22767:1747647667228:,1747647682709
counter/7/0/0/0,23843:1747647668659:,1747647682709
counter/4/0/0/0,20902:1747647667880:,1747647682709
counter/10/0/0/0,22768:1747647667228:,1747647682709
counter/7/0/0/0,23844:1747647668659:,1747647682709
counter/4/0/0/0,20903:1747647667881:,1747647682709
counter/10/0/0/0,22769:1747647667228:,1747647682709
counter/7/0/0/0,23845:1747647668659:,1747647682709
counter/4/0/0/0,20904:1747647667881:,1747647682709
counter/10/0/0/0,22770:1747647667228:,1747647682709
counter/7/0/0/0,23846:1747647668659:,1747647682709
counter/4/0/0/0,20905:1747647667881:,1747647682709
counter/10/0/0/0,22771:1747647667228:,1747647682709
counter/7/0/0/0,23847:1747647668676:,1747647682709
counter/4/0/0/0,20906:1747647667881:,1747647682709
counter/10/0/0/0,22772:1747647667228:,1747647682709
counter/7/0/0/0,23848:1747647668676:,1747647682709
counter/4/0/0/0,20907:1747647667881:,1747647682709
counter/10/0/0/0,22773:1747647667228:,1747647682709
counter/7/0/0/0,23849:1747647668680:,1747647682709
counter/4/0/0/0,20908:1747647667881:,1747647682709
counter/10/0/0/0,22774:1747647667231:,1747647682709
counter/7/0/0/0,23850:1747647668680:,1747647682709
counter/4/0/0/0,20909:1747647667881:,1747647682709
counter/10/0/0/0,22775:1747647667232:,1747647682709
counter/7/0/0/0,23851:1747647668680:,1747647682709
counter/4/0/0/0,20910:1747647667881:,1747647682709
counter/10/0/0/0,22776:1747647667232:,1747647682709
counter/7/0/0/0,23852:1747647668680:,1747647682709
counter/4/0/0/0,20911:1747647667881:,1747647682709
counter/10/0/0/0,22777:1747647667249:,1747647682709
counter/7/0/0/0,23853:1747647668680:,1747647682709
counter/4/0/0/0,20912:1747647667881:,1747647682709
counter/10/0/0/0,22778:1747647667249:,1747647682710
counter/7/0/0/0,23854:1747647668680:,1747647682710
counter/4/0/0/0,20913:1747647667881:,1747647682710
counter/10/0/0/0,22779:1747647667249:,1747647682710
counter/7/0/0/0,23855:1747647668680:,1747647682710
counter/4/0/0/0,20914:1747647667886:,1747647682710
counter/10/0/0/0,22780:1747647667249:,1747647682710
counter/7/0/0/0,23856:1747647668681:,1747647682710
counter/4/0/0/0,20915:1747647667886:,1747647682710
counter/10/0/0/0,22781:1747647667252:,1747647682710
counter/7/0/0/0,23857:1747647668681:,1747647682710
counter/4/0/0/0,20916:1747647667904:,1747647682710
counter/10/0/0/0,22782:1747647667252:,1747647682710
counter/7/0/0/0,23858:1747647668681:,1747647682710
counter/4/0/0/0,20917:1747647667905:,1747647682710
counter/10/0/0/0,22783:1747647667252:,1747647682710
counter/7/0/0/0,23859:1747647668681:,1747647682710
counter/4/0/0/0,20918:1747647667905:,1747647682710
counter/10/0/0/0,22784:1747647667252:,1747647682710
counter/7/0/0/0,23860:1747647668681:,1747647682710
counter/4/0/0/0,20919:1747647667905:,1747647682710
counter/10/0/0/0,22785:1747647667252:,1747647682710
counter/7/0/0/0,23861:1747647668683:,1747647682710
counter/4/0/0/0,20920:1747647667905:,1747647682710
counter/10/0/0/0,22786:1747647667252:,1747647682710
counter/7/0/0/0,23862:1747647668683:,1747647682710
counter/4/0/0/0,20921:1747647667905:,1747647682710
counter/10/0/0/0,22787:1747647667271:,1747647682710
counter/7/0/0/0,23863:1747647668684:,1747647682710
counter/4/0/0/0,20922:1747647667905:,1747647682710
counter/10/0/0/0,22788:1747647667271:,1747647682710
counter/7/0/0/0,23864:1747647668685:,1747647682710
counter/4/0/0/0,20923:1747647667905:,1747647682710
counter/10/0/0/0,22789:1747647667271:,1747647682710
counter/7/0/0/0,23865:1747647668686:,1747647682710
counter/4/0/0/0,20924:1747647667905:,1747647682710
counter/10/0/0/0,22790:1747647667271:,1747647682710
counter/7/0/0/0,23866:1747647668686:,1747647682710
counter/4/0/0/0,20925:1747647667910:,1747647682710
counter/10/0/0/0,22791:1747647667271:,1747647682711
counter/7/0/0/0,23867:1747647668686:,1747647682711
counter/4/0/0/0,20926:1747647667910:,1747647682711
counter/10/0/0/0,22792:1747647667271:,1747647682711
counter/7/0/0/0,23868:1747647668692:,1747647682711
counter/4/0/0/0,20927:1747647667910:,1747647682711
counter/10/0/0/0,22793:1747647667271:,1747647682711
counter/7/0/0/0,23869:1747647668692:,1747647682711
counter/4/0/0/0,20928:1747647667910:,1747647682711
counter/10/0/0/0,22794:1747647667271:,1747647682711
counter/7/0/0/0,23870:1747647668692:,1747647682711
counter/4/0/0/0,20929:1747647667910:,1747647682711
counter/10/0/0/0,22795:1747647667281:,1747647682711
counter/7/0/0/0,23871:1747647668693:,1747647682711
counter/4/0/0/0,20930:1747647667910:,1747647682711
counter/10/0/0/0,22796:1747647667281:,1747647682711
counter/7/0/0/0,23872:1747647668693:,1747647682711
counter/4/0/0/0,20931:1747647667910:,1747647682711
counter/10/0/0/0,22797:1747647667281:,1747647682711
counter/7/0/0/0,23873:1747647668693:,1747647682711
counter/4/0/0/0,20932:1747647667910:,1747647682711
counter/10/0/0/0,22798:1747647667281:,1747647682711
counter/7/0/0/0,23874:1747647668693:,1747647682711
counter/4/0/0/0,20933:1747647667910:,1747647682711
counter/10/0/0/0,22799:1747647667281:,1747647682711
counter/7/0/0/0,23875:1747647668693:,1747647682711
counter/4/0/0/0,20934:1747647667910:,1747647682711
counter/10/0/0/0,22800:1747647667281:,1747647682711
counter/7/0/0/0,23876:1747647668693:,1747647682711
counter/4/0/0/0,20935:1747647667910:,1747647682711
counter/10/0/0/0,22801:1747647667281:,1747647682711
counter/7/0/0/0,23877:1747647668693:,1747647682711
counter/4/0/0/0,20936:1747647667910:,1747647682711
counter/10/0/0/0,22802:1747647667290:,1747647682711
counter/7/0/0/0,23878:1747647668693:,1747647682711
counter/4/0/0/0,20937:1747647667910:,1747647682711
counter/10/0/0/0,22803:1747647667290:,1747647682711
counter/7/0/0/0,23879:1747647668693:,1747647682711
counter/4/0/0/0,20938:1747647667910:,1747647682711
counter/10/0/0/0,22804:1747647667290:,1747647682711
counter/7/0/0/0,23880:1747647668720:,1747647682712
counter/4/0/0/0,20939:1747647667910:,1747647682712
counter/10/0/0/0,22805:1747647667290:,1747647682712
counter/7/0/0/0,23881:1747647668720:,1747647682712
counter/4/0/0/0,20940:1747647667910:,1747647682712
counter/10/0/0/0,22806:1747647667290:,1747647682712
counter/7/0/0/0,23882:1747647668720:,1747647682712
counter/4/0/0/0,20941:1747647667910:,1747647682712
counter/10/0/0/0,22807:1747647667290:,1747647682712
counter/7/0/0/0,23883:1747647668720:,1747647682712
counter/4/0/0/0,20942:1747647667910:,1747647682712
counter/10/0/0/0,22808:1747647667290:,1747647682712
counter/7/0/0/0,23884:1747647668720:,1747647682712
counter/4/0/0/0,20943:1747647667910:,1747647682712
counter/10/0/0/0,22809:1747647667290:,1747647682712
counter/7/0/0/0,23885:1747647668720:,1747647682712
counter/4/0/0/0,20944:1747647667910:,1747647682712
counter/10/0/0/0,22810:1747647667290:,1747647682712
counter/7/0/0/0,23886:1747647668720:,1747647682712
counter/4/0/0/0,20945:1747647667910:,1747647682712
counter/10/0/0/0,22811:1747647667290:,1747647682712
counter/7/0/0/0,23887:1747647668720:,1747647682712
counter/4/0/0/0,20946:1747647667910:,1747647682712
counter/10/0/0/0,22812:1747647667290:,1747647682712
counter/7/0/0/0,23888:1747647668720:,1747647682712
counter/4/0/0/0,20947:1747647667910:,1747647682712
counter/10/0/0/0,22813:1747647667290:,1747647682712
counter/7/0/0/0,23889:1747647668720:,1747647682712
counter/4/0/0/0,20948:1747647667911:,1747647682712
counter/10/0/0/0,22814:1747647667290:,1747647682712
counter/7/0/0/0,23890:1747647668720:,1747647682712
counter/4/0/0/0,20949:1747647667911:,1747647682712
counter/10/0/0/0,22815:1747647667290:,1747647682712
counter/7/0/0/0,23891:1747647668720:,1747647682712
counter/4/0/0/0,20950:1747647667911:,1747647682712
counter/10/0/0/0,22816:1747647667290:,1747647682712
counter/7/0/0/0,23892:1747647668720:,1747647682712
counter/4/0/0/0,20951:1747647667911:,1747647682712
counter/10/0/0/0,22817:1747647667290:,1747647682712
counter/7/0/0/0,23893:1747647668722:,1747647682713
counter/4/0/0/0,20952:1747647667911:,1747647682713
counter/10/0/0/0,22818:1747647667290:,1747647682713
counter/7/0/0/0,23894:1747647668722:,1747647682713
counter/4/0/0/0,20953:1747647667911:,1747647682713
counter/10/0/0/0,22819:1747647667290:,1747647682713
counter/7/0/0/0,23895:1747647668722:,1747647682713
counter/4/0/0/0,20954:1747647667911:,1747647682713
counter/10/0/0/0,22820:1747647667290:,1747647682713
counter/7/0/0/0,23896:1747647668722:,1747647682713
counter/4/0/0/0,20955:1747647667911:,1747647682713
counter/10/0/0/0,22821:1747647667290:,1747647682713
counter/7/0/0/0,23897:1747647668722:,1747647682713
counter/4/0/0/0,20956:1747647667911:,1747647682713
counter/10/0/0/0,22822:1747647667290:,1747647682713
counter/7/0/0/0,23898:1747647668753:,1747647682713
counter/4/0/0/0,20957:1747647667911:,1747647682713
counter/10/0/0/0,22823:1747647667290:,1747647682713
counter/7/0/0/0,23899:1747647668753:,1747647682713
counter/4/0/0/0,20958:1747647667915:,1747647682713
counter/10/0/0/0,22824:1747647667290:,1747647682713
counter/7/0/0/0,23900:1747647668753:,1747647682713
counter/4/0/0/0,20959:1747647667918:,1747647682713
counter/10/0/0/0,22825:1747647667290:,1747647682713
counter/7/0/0/0,23901:1747647668753:,1747647682713
counter/4/0/0/0,20960:1747647667918:,1747647682713
counter/10/0/0/0,22826:1747647667290:,1747647682713
counter/7/0/0/0,23902:1747647668753:,1747647682713
counter/4/0/0/0,20961:1747647667918:,1747647682713
counter/10/0/0/0,22827:1747647667290:,1747647682713
counter/7/0/0/0,23903:1747647668762:,1747647682713
counter/4/0/0/0,20962:1747647667918:,1747647682713
counter/10/0/0/0,22828:1747647667291:,1747647682713
counter/7/0/0/0,23904:1747647668762:,1747647682713
counter/4/0/0/0,20963:1747647667918:,1747647682713
counter/10/0/0/0,22829:1747647667291:,1747647682713
counter/7/0/0/0,23905:1747647668762:,1747647682713
counter/4/0/0/0,20964:1747647667918:,1747647682713
counter/10/0/0/0,22830:1747647667293:,1747647682714
counter/7/0/0/0,23906:1747647668762:,1747647682714
counter/4/0/0/0,20965:1747647667918:,1747647682714
counter/10/0/0/0,22831:1747647667293:,1747647682714
counter/7/0/0/0,23907:1747647668762:,1747647682714
counter/4/0/0/0,20966:1747647667918:,1747647682714
counter/10/0/0/0,22832:1747647667293:,1747647682714
counter/7/0/0/0,23908:1747647668762:,1747647682714
counter/4/0/0/0,20967:1747647667923:,1747647682714
counter/6/0/0/0,23763:1747647670441:,1747647682714
counter/10/0/0/0,22833:1747647667293:,1747647682714
counter/7/0/0/0,23909:1747647668762:,1747647682714
counter/4/0/0/0,20968:1747647667923:,1747647682714
counter/9/0/0/0,27677:1747647670954:,1747647682714
counter/10/0/0/0,22834:1747647667293:,1747647682714
counter/7/0/0/0,23910:1747647668763:,1747647682714
counter/4/0/0/0,20969:1747647667924:,1747647682714
counter/8/0/0/0,25008:1747647669743:,1747647682714
counter/10/0/0/0,22835:1747647667293:,1747647682714
counter/7/0/0/0,23911:1747647668763:,1747647682714
counter/4/0/0/0,20970:1747647667924:,1747647682714
counter/8/0/0/0,25009:1747647669743:,1747647682714
counter/10/0/0/0,22836:1747647667293:,1747647682714
counter/7/0/0/0,23912:1747647668763:,1747647682714
counter/4/0/0/0,20971:1747647667924:,1747647682714
counter/8/0/0/0,25010:1747647669743:,1747647682714
counter/10/0/0/0,22837:1747647667294:,1747647682714
counter/7/0/0/0,23913:1747647668763:,1747647682714
counter/4/0/0/0,20972:1747647667924:,1747647682714
counter/8/0/0/0,25011:1747647669743:,1747647682714
counter/10/0/0/0,22838:1747647667294:,1747647682714
counter/7/0/0/0,23914:1747647668763:,1747647682714
counter/4/0/0/0,20973:1747647667924:,1747647682714
counter/8/0/0/0,25012:1747647669762:,1747647682714
counter/10/0/0/0,22839:1747647667294:,1747647682714
counter/7/0/0/0,23915:1747647668763:,1747647682714
counter/4/0/0/0,20974:1747647667924:,1747647682714
counter/8/0/0/0,25013:1747647669763:,1747647682714
counter/10/0/0/0,22840:1747647667297:,1747647682714
counter/7/0/0/0,23916:1747647668763:,1747647682714
counter/4/0/0/0,20975:1747647667924:,1747647682714
counter/8/0/0/0,25014:1747647669763:,1747647682715
counter/10/0/0/0,22841:1747647667297:,1747647682715
counter/7/0/0/0,23917:1747647668763:,1747647682715
counter/4/0/0/0,20976:1747647667924:,1747647682715
counter/8/0/0/0,25015:1747647669763:,1747647682715
counter/10/0/0/0,22842:1747647667297:,1747647682715
counter/7/0/0/0,23918:1747647668771:,1747647682715
counter/4/0/0/0,20977:1747647667924:,1747647682715
counter/8/0/0/0,25016:1747647669765:,1747647682715
counter/10/0/0/0,22843:1747647667297:,1747647682715
counter/7/0/0/0,23919:1747647668771:,1747647682715
counter/4/0/0/0,20978:1747647667924:,1747647682715
counter/8/0/0/0,25017:1747647669766:,1747647682715
counter/10/0/0/0,22844:1747647667297:,1747647682715
counter/7/0/0/0,23920:1747647668771:,1747647682715
counter/4/0/0/0,20979:1747647667926:,1747647682715
counter/8/0/0/0,25018:1747647669766:,1747647682715
counter/10/0/0/0,22845:1747647667297:,1747647682715
counter/7/0/0/0,23921:1747647668771:,1747647682715
counter/4/0/0/0,20980:1747647667926:,1747647682715
counter/8/0/0/0,25019:1747647669766:,1747647682715
counter/10/0/0/0,22846:1747647667297:,1747647682715
counter/7/0/0/0,23922:1747647668771:,1747647682715
counter/4/0/0/0,20981:1747647667926:,1747647682715
counter/8/0/0/0,25020:1747647669766:,1747647682715
counter/10/0/0/0,22847:1747647667298:,1747647682715
counter/7/0/0/0,23923:1747647668771:,1747647682715
counter/4/0/0/0,20982:1747647667926:,1747647682715
counter/8/0/0/0,25021:1747647669766:,1747647682715
counter/10/0/0/0,22848:1747647667298:,1747647682715
counter/7/0/0/0,23924:1747647668772:,1747647682715
counter/4/0/0/0,20983:1747647667931:,1747647682715
counter/8/0/0/0,25022:1747647669766:,1747647682715
counter/10/0/0/0,22849:1747647667298:,1747647682715
counter/7/0/0/0,23925:1747647668772:,1747647682715
counter/4/0/0/0,20984:1747647667931:,1747647682715
counter/8/0/0/0,25023:1747647669766:,1747647682715
counter/10/0/0/0,22850:1747647667298:,1747647682715
counter/7/0/0/0,23926:1747647668776:,1747647682716
counter/4/0/0/0,20985:1747647667931:,1747647682716
counter/8/0/0/0,25024:1747647669766:,1747647682716
counter/10/0/0/0,22851:1747647667298:,1747647682716
counter/7/0/0/0,23927:1747647668776:,1747647682716
counter/4/0/0/0,20986:1747647667931:,1747647682716
counter/8/0/0/0,25025:1747647669766:,1747647682716
counter/10/0/0/0,22852:1747647667298:,1747647682716
counter/7/0/0/0,23928:1747647668777:,1747647682716
counter/4/0/0/0,20987:1747647667931:,1747647682716
counter/8/0/0/0,25026:1747647669766:,1747647682716
counter/10/0/0/0,22853:1747647667298:,1747647682716
counter/7/0/0/0,23929:1747647668777:,1747647682716
counter/4/0/0/0,20988:1747647667931:,1747647682716
counter/8/0/0/0,25027:1747647669766:,1747647682716
counter/10/0/0/0,22854:1747647667298:,1747647682716
counter/7/0/0/0,23930:1747647668777:,1747647682716
counter/4/0/0/0,20989:1747647667931:,1747647682716
counter/8/0/0/0,25028:1747647669766:,1747647682716
counter/10/0/0/0,22855:1747647667302:,1747647682716
counter/7/0/0/0,23931:1747647668777:,1747647682716
counter/4/0/0/0,20990:1747647667931:,1747647682716
counter/8/0/0/0,25029:1747647669766:,1747647682716
counter/10/0/0/0,22856:1747647667302:,1747647682716
counter/7/0/0/0,23932:1747647668777:,1747647682716
counter/4/0/0/0,20991:1747647667931:,1747647682716
counter/8/0/0/0,25030:1747647669766:,1747647682716
counter/10/0/0/0,22857:1747647667302:,1747647682716
counter/7/0/0/0,23933:1747647668777:,1747647682716
counter/4/0/0/0,20992:1747647667931:,1747647682716
counter/8/0/0/0,25031:1747647669778:,1747647682716
counter/10/0/0/0,22858:1747647667302:,1747647682716
counter/7/0/0/0,23934:1747647668777:,1747647682716
counter/4/0/0/0,20993:1747647667931:,1747647682716
counter/8/0/0/0,25032:1747647669778:,1747647682716
counter/10/0/0/0,22859:1747647667302:,1747647682716
counter/7/0/0/0,23935:1747647668777:,1747647682716
counter/4/0/0/0,20994:1747647667935:,1747647682716
counter/8/0/0/0,25033:1747647669778:,1747647682716
counter/10/0/0/0,22860:1747647667302:,1747647682716
counter/7/0/0/0,23936:1747647668777:,1747647682716
counter/4/0/0/0,20995:1747647667935:,1747647682716
counter/8/0/0/0,25034:1747647669778:,1747647682716
counter/10/0/0/0,22861:1747647667302:,1747647682717
counter/7/0/0/0,23937:1747647668777:,1747647682717
counter/4/0/0/0,20996:1747647667935:,1747647682717
counter/8/0/0/0,25035:1747647669784:,1747647682717
counter/10/0/0/0,22862:1747647667302:,1747647682717
counter/7/0/0/0,23938:1747647668785:,1747647682717
counter/4/0/0/0,20997:1747647667935:,1747647682717
counter/8/0/0/0,25036:1747647669784:,1747647682717
counter/10/0/0/0,22863:1747647667303:,1747647682717
counter/7/0/0/0,23939:1747647668785:,1747647682717
counter/4/0/0/0,20998:1747647667935:,1747647682717
counter/8/0/0/0,25037:1747647669784:,1747647682717
counter/10/0/0/0,22864:1747647667303:,1747647682717
counter/7/0/0/0,23940:1747647668785:,1747647682717
counter/4/0/0/0,20999:1747647667935:,1747647682717
counter/8/0/0/0,25038:1747647669785:,1747647682717
counter/10/0/0/0,22865:1747647667308:,1747647682717
counter/7/0/0/0,23941:1747647668785:,1747647682717
counter/4/0/0/0,21000:1747647667935:,1747647682717
counter/8/0/0/0,25039:1747647669785:,1747647682717
counter/10/0/0/0,22866:1747647667308:,1747647682717
counter/7/0/0/0,23942:1747647668785:,1747647682717
counter/4/0/0/0,21001:1747647667935:,1747647682717
counter/8/0/0/0,25040:1747647669785:,1747647682717
counter/10/0/0/0,22867:1747647667308:,1747647682717
counter/7/0/0/0,23943:1747647668785:,1747647682717
counter/4/0/0/0,21002:1747647667935:,1747647682717
counter/8/0/0/0,25041:1747647669785:,1747647682717
counter/10/0/0/0,22868:1747647667308:,1747647682717
counter/7/0/0/0,23944:1747647668785:,1747647682717
counter/4/0/0/0,21003:1747647667935:,1747647682717
counter/8/0/0/0,25042:1747647669785:,1747647682717
counter/10/0/0/0,22869:1747647667308:,1747647682717
counter/7/0/0/0,23945:1747647668785:,1747647682717
counter/4/0/0/0,21004:1747647667935:,1747647682717
counter/8/0/0/0,25043:1747647669785:,1747647682717
counter/10/0/0/0,22870:1747647667308:,1747647682717
counter/7/0/0/0,23946:1747647668785:,1747647682717
counter/4/0/0/0,21005:1747647667935:,1747647682717
counter/8/0/0/0,25044:1747647669785:,1747647682718
counter/10/0/0/0,22871:1747647667308:,1747647682718
counter/7/0/0/0,23947:1747647668785:,1747647682718
counter/4/0/0/0,21006:1747647667935:,1747647682718
counter/8/0/0/0,25045:1747647669785:,1747647682718
counter/10/0/0/0,22872:1747647667308:,1747647682718
counter/7/0/0/0,23948:1747647668785:,1747647682718
counter/4/0/0/0,21007:1747647667935:,1747647682718
counter/8/0/0/0,25046:1747647669785:,1747647682718
counter/10/0/0/0,22873:1747647667315:,1747647682718
counter/7/0/0/0,23949:1747647668786:,1747647682718
counter/4/0/0/0,21008:1747647667935:,1747647682718
counter/8/0/0/0,25047:1747647669785:,1747647682718
counter/10/0/0/0,22874:1747647667315:,1747647682718
counter/7/0/0/0,23950:1747647668786:,1747647682718
counter/4/0/0/0,21009:1747647667935:,1747647682718
counter/8/0/0/0,25048:1747647669785:,1747647682718
counter/10/0/0/0,22875:1747647667315:,1747647682718
counter/7/0/0/0,23951:1747647668786:,1747647682718
counter/4/0/0/0,21010:1747647667935:,1747647682718
counter/8/0/0/0,25049:1747647669785:,1747647682718
counter/10/0/0/0,22876:1747647667315:,1747647682718
counter/7/0/0/0,23952:1747647668786:,1747647682718
counter/4/0/0/0,21011:1747647667939:,1747647682718
counter/8/0/0/0,25050:1747647669785:,1747647682718
counter/10/0/0/0,22877:1747647667315:,1747647682718
counter/7/0/0/0,23953:1747647668786:,1747647682718
counter/4/0/0/0,21012:1747647667939:,1747647682718
counter/8/0/0/0,25051:1747647669785:,1747647682718
counter/10/0/0/0,22878:1747647667315:,1747647682718
counter/7/0/0/0,23954:1747647668786:,1747647682718
counter/4/0/0/0,21013:1747647667940:,1747647682718
counter/8/0/0/0,25052:1747647669789:,1747647682718
counter/10/0/0/0,22879:1747647667315:,1747647682718
counter/7/0/0/0,23955:1747647668786:,1747647682718
counter/4/0/0/0,21014:1747647667940:,1747647682718
counter/8/0/0/0,25053:1747647669795:,1747647682718
counter/10/0/0/0,22880:1747647667315:,1747647682718
counter/7/0/0/0,23956:1747647668786:,1747647682718
counter/4/0/0/0,21015:1747647667940:,1747647682718
counter/8/0/0/0,25054:1747647669795:,1747647682718
counter/10/0/0/0,22881:1747647667315:,1747647682718
counter/7/0/0/0,23957:1747647668786:,1747647682718
counter/4/0/0/0,21016:1747647667940:,1747647682719
counter/8/0/0/0,25055:1747647669795:,1747647682719
counter/10/0/0/0,22882:1747647667326:,1747647682719
counter/7/0/0/0,23958:1747647668786:,1747647682719
counter/4/0/0/0,21017:1747647667940:,1747647682719
counter/8/0/0/0,25056:1747647669795:,1747647682719
counter/10/0/0/0,22883:1747647667326:,1747647682719
counter/7/0/0/0,23959:1747647668786:,1747647682719
counter/4/0/0/0,21018:1747647667940:,1747647682719
counter/8/0/0/0,25057:1747647669795:,1747647682719
counter/10/0/0/0,22884:1747647667326:,1747647682719
counter/7/0/0/0,23960:1747647668786:,1747647682719
counter/4/0/0/0,21019:1747647667940:,1747647682719
counter/8/0/0/0,25058:1747647669795:,1747647682719
counter/10/0/0/0,22885:1747647667326:,1747647682719
counter/7/0/0/0,23961:1747647668787:,1747647682719
counter/4/0/0/0,21020:1747647667940:,1747647682719
counter/8/0/0/0,25059:1747647669795:,1747647682719
counter/10/0/0/0,22886:1747647667326:,1747647682719
counter/7/0/0/0,23962:1747647668787:,1747647682719
counter/4/0/0/0,21021:1747647667940:,1747647682719
counter/8/0/0/0,25060:1747647669796:,1747647682719
counter/10/0/0/0,22887:1747647667326:,1747647682719
counter/7/0/0/0,23963:1747647668787:,1747647682719
counter/4/0/0/0,21022:1747647667940:,1747647682719
counter/8/0/0/0,25061:1747647669796:,1747647682719
counter/10/0/0/0,22888:1747647667326:,1747647682719
counter/7/0/0/0,23964:1747647668787:,1747647682719
counter/4/0/0/0,21023:1747647667940:,1747647682719
counter/8/0/0/0,25062:1747647669796:,1747647682719
counter/10/0/0/0,22889:1747647667326:,1747647682719
counter/7/0/0/0,23965:1747647668791:,1747647682719
counter/4/0/0/0,21024:1747647667940:,1747647682719
counter/8/0/0/0,25063:1747647669796:,1747647682719
counter/10/0/0/0,22890:1747647667331:,1747647682719
counter/7/0/0/0,23966:1747647668800:,1747647682719
counter/4/0/0/0,21025:1747647667940:,1747647682719
counter/8/0/0/0,25064:1747647669796:,1747647682719
counter/10/0/0/0,22891:1747647667341:,1747647682719
counter/7/0/0/0,23967:1747647668800:,1747647682719
counter/4/0/0/0,21026:1747647667949:,1747647682719
counter/8/0/0/0,25065:1747647669796:,1747647682719
counter/10/0/0/0,22892:1747647667341:,1747647682719
counter/7/0/0/0,23968:1747647668800:,1747647682720
counter/4/0/0/0,21027:1747647667952:,1747647682720
counter/8/0/0/0,25066:1747647669796:,1747647682720
counter/10/0/0/0,22893:1747647667341:,1747647682720
counter/7/0/0/0,23969:1747647668800:,1747647682720
counter/4/0/0/0,21028:1747647667952:,1747647682720
counter/8/0/0/0,25067:1747647669799:,1747647682720
counter/10/0/0/0,22894:1747647667341:,1747647682720
counter/7/0/0/0,23970:1747647668800:,1747647682720
counter/4/0/0/0,21029:1747647667952:,1747647682720
counter/8/0/0/0,25068:1747647669799:,1747647682720
counter/10/0/0/0,22895:1747647667341:,1747647682720
counter/7/0/0/0,23971:1747647668800:,1747647682720
counter/4/0/0/0,21030:1747647667952:,1747647682720
counter/8/0/0/0,25069:1747647669802:,1747647682720
counter/10/0/0/0,22896:1747647667343:,1747647682720
counter/7/0/0/0,23972:1747647668800:,1747647682720
counter/4/0/0/0,21031:1747647667952:,1747647682720
counter/8/0/0/0,25070:1747647669802:,1747647682720
counter/10/0/0/0,22897:1747647667343:,1747647682720
counter/7/0/0/0,23973:1747647668800:,1747647682720
counter/4/0/0/0,21032:1747647667952:,1747647682720
counter/8/0/0/0,25071:1747647669802:,1747647682720
counter/10/0/0/0,22898:1747647667343:,1747647682720
counter/7/0/0/0,23974:1747647668802:,1747647682720
counter/4/0/0/0,21033:1747647667952:,1747647682720
counter/8/0/0/0,25072:1747647669802:,1747647682720
counter/10/0/0/0,22899:1747647667344:,1747647682720
counter/7/0/0/0,23975:1747647668807:,1747647682720
counter/4/0/0/0,21034:1747647667952:,1747647682720
counter/8/0/0/0,25073:1747647669802:,1747647682720
counter/10/0/0/0,22900:1747647667344:,1747647682720
counter/7/0/0/0,23976:1747647668807:,1747647682720
counter/4/0/0/0,21035:1747647667952:,1747647682720
counter/8/0/0/0,25074:1747647669802:,1747647682720
counter/10/0/0/0,22901:1747647667344:,1747647682720
counter/7/0/0/0,23977:1747647668807:,1747647682720
counter/4/0/0/0,21036:1747647667955:,1747647682720
counter/8/0/0/0,25075:1747647669802:,1747647682720
counter/10/0/0/0,22902:1747647667344:,1747647682720
counter/7/0/0/0,23978:1747647668807:,1747647682720
counter/4/0/0/0,21037:1747647667955:,1747647682721
counter/8/0/0/0,25076:1747647669806:,1747647682721
counter/10/0/0/0,22903:1747647667344:,1747647682721
counter/7/0/0/0,23979:1747647668807:,1747647682721
counter/4/0/0/0,21038:1747647667955:,1747647682721
counter/8/0/0/0,25077:1747647669806:,1747647682721
counter/6/0/0/0,23764:1747647670441:,1747647682721
counter/10/0/0/0,22904:1747647667344:,1747647682721
counter/7/0/0/0,23980:1747647668807:,1747647682721
counter/4/0/0/0,21039:1747647667955:,1747647682721
counter/8/0/0/0,25078:1747647669806:,1747647682721
counter/10/0/0/0,22905:1747647667344:,1747647682721
counter/7/0/0/0,23981:1747647668807:,1747647682721
counter/4/0/0/0,21040:1747647667955:,1747647682721
counter/8/0/0/0,25079:1747647669806:,1747647682721
counter/10/0/0/0,22906:1747647667353:,1747647682721
counter/7/0/0/0,23982:1747647668807:,1747647682721
counter/4/0/0/0,21041:1747647667955:,1747647682721
counter/8/0/0/0,25080:1747647669806:,1747647682721
counter/10/0/0/0,22907:1747647667353:,1747647682721
counter/7/0/0/0,23983:1747647668808:,1747647682721
counter/4/0/0/0,21042:1747647667955:,1747647682721
counter/8/0/0/0,25081:1747647669807:,1747647682721
counter/10/0/0/0,22908:1747647667353:,1747647682721
counter/7/0/0/0,23984:1747647668808:,1747647682721
counter/4/0/0/0,21043:1747647667955:,1747647682721
counter/8/0/0/0,25082:1747647669807:,1747647682721
counter/10/0/0/0,22909:1747647667353:,1747647682721
counter/7/0/0/0,23985:1747647668808:,1747647682721
counter/4/0/0/0,21044:1747647667955:,1747647682721
counter/8/0/0/0,25083:1747647669818:,1747647682721
counter/10/0/0/0,22910:1747647667353:,1747647682721
counter/7/0/0/0,23986:1747647668809:,1747647682721
counter/4/0/0/0,21045:1747647667955:,1747647682721
counter/8/0/0/0,25084:1747647669818:,1747647682721
counter/10/0/0/0,22911:1747647667353:,1747647682721
counter/7/0/0/0,23987:1747647668809:,1747647682721
counter/4/0/0/0,21046:1747647667955:,1747647682721
counter/8/0/0/0,25085:1747647669818:,1747647682721
counter/10/0/0/0,22912:1747647667353:,1747647682721
counter/7/0/0/0,23988:1747647668809:,1747647682721
counter/4/0/0/0,21047:1747647667955:,1747647682721
counter/8/0/0/0,25086:1747647669818:,1747647682722
counter/10/0/0/0,22913:1747647667353:,1747647682722
counter/7/0/0/0,23989:1747647668809:,1747647682722
counter/4/0/0/0,21048:1747647667955:,1747647682722
counter/8/0/0/0,25087:1747647669821:,1747647682722
counter/10/0/0/0,22914:1747647667353:,1747647682722
counter/7/0/0/0,23990:1747647668809:,1747647682722
counter/4/0/0/0,21049:1747647667955:,1747647682722
counter/8/0/0/0,25088:1747647669821:,1747647682722
counter/10/0/0/0,22915:1747647667353:,1747647682722
counter/7/0/0/0,23991:1747647668809:,1747647682722
counter/4/0/0/0,21050:1747647667955:,1747647682722
counter/8/0/0/0,25089:1747647669821:,1747647682722
counter/10/0/0/0,22916:1747647667353:,1747647682722
counter/7/0/0/0,23992:1747647668809:,1747647682722
counter/4/0/0/0,21051:1747647667955:,1747647682722
counter/8/0/0/0,25090:1747647669821:,1747647682722
counter/10/0/0/0,22917:1747647667353:,1747647682722
counter/7/0/0/0,23993:1747647668809:,1747647682722
counter/4/0/0/0,21052:1747647667957:,1747647682722
counter/8/0/0/0,25091:1747647669821:,1747647682722
counter/10/0/0/0,22918:1747647667357:,1747647682722
counter/7/0/0/0,23994:1747647668809:,1747647682722
counter/4/0/0/0,21053:1747647667957:,1747647682722
counter/8/0/0/0,25092:1747647669824:,1747647682722
counter/10/0/0/0,22919:1747647667357:,1747647682722
counter/7/0/0/0,23995:1747647668809:,1747647682722
counter/4/0/0/0,21054:1747647667957:,1747647682722
counter/8/0/0/0,25093:1747647669824:,1747647682722
counter/10/0/0/0,22920:1747647667357:,1747647682722
counter/7/0/0/0,23996:1747647668809:,1747647682722
counter/4/0/0/0,21055:1747647667957:,1747647682722
counter/8/0/0/0,25094:1747647669824:,1747647682722
counter/10/0/0/0,22921:1747647667357:,1747647682722
counter/7/0/0/0,23997:1747647668809:,1747647682722
counter/4/0/0/0,21056:1747647667957:,1747647682722
counter/8/0/0/0,25095:1747647669825:,1747647682722
counter/10/0/0/0,22922:1747647667357:,1747647682722
counter/7/0/0/0,23998:1747647668811:,1747647682722
counter/4/0/0/0,21057:1747647667957:,1747647682722
counter/8/0/0/0,25096:1747647669825:,1747647682723
counter/10/0/0/0,22923:1747647667357:,1747647682723
counter/7/0/0/0,23999:1747647668811:,1747647682723
counter/4/0/0/0,21058:1747647667957:,1747647682723
counter/8/0/0/0,25097:1747647669825:,1747647682723
counter/10/0/0/0,22924:1747647667357:,1747647682723
counter/7/0/0/0,24000:1747647668815:,1747647682723
counter/4/0/0/0,21059:1747647667957:,1747647682723
counter/8/0/0/0,25098:1747647669825:,1747647682723
counter/10/0/0/0,22925:1747647667357:,1747647682723
counter/7/0/0/0,24001:1747647668815:,1747647682723
counter/4/0/0/0,21060:1747647667957:,1747647682723
counter/8/0/0/0,25099:1747647669825:,1747647682723
counter/10/0/0/0,22926:1747647667358:,1747647682723
counter/7/0/0/0,24002:1747647668815:,1747647682723
counter/4/0/0/0,21061:1747647667957:,1747647682723
counter/8/0/0/0,25100:1747647669825:,1747647682723
counter/10/0/0/0,22927:1747647667358:,1747647682723
counter/7/0/0/0,24003:1747647668815:,1747647682723
counter/4/0/0/0,21062:1747647667957:,1747647682723
counter/8/0/0/0,25101:1747647669825:,1747647682723
counter/10/0/0/0,22928:1747647667358:,1747647682723
counter/7/0/0/0,24004:1747647668819:,1747647682723
counter/4/0/0/0,21063:1747647667957:,1747647682723
counter/8/0/0/0,25102:1747647669825:,1747647682723
counter/10/0/0/0,22929:1747647667358:,1747647682723
counter/7/0/0/0,24005:1747647668819:,1747647682723
counter/4/0/0/0,21064:1747647667957:,1747647682723
counter/8/0/0/0,25103:1747647669825:,1747647682723
counter/10/0/0/0,22930:1747647667358:,1747647682723
counter/7/0/0/0,24006:1747647668819:,1747647682723
counter/4/0/0/0,21065:1747647667957:,1747647682723
counter/8/0/0/0,25104:1747647669825:,1747647682723
counter/10/0/0/0,22931:1747647667358:,1747647682723
counter/7/0/0/0,24007:1747647668820:,1747647682723
counter/4/0/0/0,21066:1747647667957:,1747647682723
counter/8/0/0/0,25105:1747647669825:,1747647682723
counter/10/0/0/0,22932:1747647667358:,1747647682723
counter/7/0/0/0,24008:1747647668820:,1747647682723
counter/4/0/0/0,21067:1747647667957:,1747647682723
counter/8/0/0/0,25106:1747647669825:,1747647682723
counter/10/0/0/0,22933:1747647667358:,1747647682723
counter/7/0/0/0,24009:1747647668820:,1747647682723
counter/4/0/0/0,21068:1747647667957:,1747647682724
counter/8/0/0/0,25107:1747647669826:,1747647682724
counter/10/0/0/0,22934:1747647667358:,1747647682724
counter/7/0/0/0,24010:1747647668820:,1747647682724
counter/4/0/0/0,21069:1747647667957:,1747647682724
counter/8/0/0/0,25108:1747647669826:,1747647682724
counter/10/0/0/0,22935:1747647667364:,1747647682724
counter/7/0/0/0,24011:1747647668820:,1747647682724
counter/4/0/0/0,21070:1747647667957:,1747647682724
counter/8/0/0/0,25109:1747647669826:,1747647682724
counter/10/0/0/0,22936:1747647667364:,1747647682724
counter/7/0/0/0,24012:1747647668820:,1747647682724
counter/4/0/0/0,21071:1747647667957:,1747647682724
counter/8/0/0/0,25110:1747647669826:,1747647682724
counter/10/0/0/0,22937:1747647667364:,1747647682724
counter/7/0/0/0,24013:1747647668820:,1747647682724
counter/4/0/0/0,21072:1747647667957:,1747647682724
counter/8/0/0/0,25111:1747647669826:,1747647682724
counter/10/0/0/0,22938:1747647667364:,1747647682724
counter/7/0/0/0,24014:1747647668821:,1747647682724
counter/4/0/0/0,21073:1747647667957:,1747647682724
counter/8/0/0/0,25112:1747647669827:,1747647682724
counter/10/0/0/0,22939:1747647667364:,1747647682724
counter/7/0/0/0,24015:1747647668821:,1747647682724
counter/4/0/0/0,21074:1747647667957:,1747647682724
counter/8/0/0/0,25113:1747647669835:,1747647682724
counter/10/0/0/0,22940:1747647667364:,1747647682724
counter/7/0/0/0,24016:1747647668822:,1747647682724
counter/4/0/0/0,21075:1747647667957:,1747647682724
counter/8/0/0/0,25114:1747647669835:,1747647682724
counter/10/0/0/0,22941:1747647667364:,1747647682724
counter/7/0/0/0,24017:1747647668822:,1747647682724
counter/4/0/0/0,21076:1747647667957:,1747647682724
counter/8/0/0/0,25115:1747647669835:,1747647682724
counter/10/0/0/0,22942:1747647667364:,1747647682724
counter/7/0/0/0,24018:1747647668822:,1747647682724
counter/4/0/0/0,21077:1747647667958:,1747647682724
counter/8/0/0/0,25116:1747647669835:,1747647682724
counter/10/0/0/0,22943:1747647667364:,1747647682724
counter/7/0/0/0,24019:1747647668822:,1747647682725
counter/4/0/0/0,21078:1747647667958:,1747647682725
counter/8/0/0/0,25117:1747647669835:,1747647682725
counter/10/0/0/0,22944:1747647667364:,1747647682725
counter/7/0/0/0,24020:1747647668822:,1747647682725
counter/4/0/0/0,21079:1747647667958:,1747647682725
counter/8/0/0/0,25118:1747647669840:,1747647682725
counter/10/0/0/0,22945:1747647667369:,1747647682725
counter/7/0/0/0,24021:1747647668822:,1747647682725
counter/4/0/0/0,21080:1747647667958:,1747647682725
counter/8/0/0/0,25119:1747647669840:,1747647682725
counter/10/0/0/0,22946:1747647667369:,1747647682725
counter/7/0/0/0,24022:1747647668822:,1747647682725
counter/4/0/0/0,21081:1747647667958:,1747647682725
counter/8/0/0/0,25120:1747647669841:,1747647682725
counter/10/0/0/0,22947:1747647667369:,1747647682725
counter/7/0/0/0,24023:1747647668822:,1747647682725
counter/4/0/0/0,21082:1747647667958:,1747647682725
counter/8/0/0/0,25121:1747647669841:,1747647682725
counter/10/0/0/0,22948:1747647667369:,1747647682725
counter/7/0/0/0,24024:1747647668822:,1747647682725
counter/4/0/0/0,21083:1747647667958:,1747647682725
counter/8/0/0/0,25122:1747647669841:,1747647682725
counter/10/0/0/0,22949:1747647667369:,1747647682725
counter/7/0/0/0,24025:1747647668822:,1747647682725
counter/4/0/0/0,21084:1747647667958:,1747647682725
counter/8/0/0/0,25123:1747647669841:,1747647682725
counter/10/0/0/0,22950:1747647667369:,1747647682725
counter/7/0/0/0,24026:1747647668822:,1747647682725
counter/4/0/0/0,21085:1747647667958:,1747647682725
counter/8/0/0/0,25124:1747647669841:,1747647682725
counter/10/0/0/0,22951:1747647667369:,1747647682725
counter/7/0/0/0,24027:1747647668822:,1747647682725
counter/4/0/0/0,21086:1747647667958:,1747647682725
counter/8/0/0/0,25125:1747647669841:,1747647682725
counter/10/0/0/0,22952:1747647667369:,1747647682725
counter/7/0/0/0,24028:1747647668822:,1747647682725
counter/4/0/0/0,21087:1747647667958:,1747647682725
counter/8/0/0/0,25126:1747647669841:,1747647682725
counter/10/0/0/0,22953:1747647667369:,1747647682725
counter/7/0/0/0,24029:1747647668823:,1747647682725
counter/4/0/0/0,21088:1747647667958:,1747647682725
counter/8/0/0/0,25127:1747647669841:,1747647682725
counter/10/0/0/0,22954:1747647667370:,1747647682726
counter/7/0/0/0,24030:1747647668823:,1747647682726
counter/4/0/0/0,21089:1747647667958:,1747647682726
counter/8/0/0/0,25128:1747647669841:,1747647682726
counter/10/0/0/0,22955:1747647667370:,1747647682726
counter/7/0/0/0,24031:1747647668823:,1747647682726
counter/4/0/0/0,21090:1747647667958:,1747647682726
counter/8/0/0/0,25129:1747647669841:,1747647682726
counter/10/0/0/0,22956:1747647667370:,1747647682726
counter/7/0/0/0,24032:1747647668823:,1747647682726
counter/4/0/0/0,21091:1747647667958:,1747647682726
counter/8/0/0/0,25130:1747647669841:,1747647682726
counter/10/0/0/0,22957:1747647667370:,1747647682726
counter/7/0/0/0,24033:1747647668831:,1747647682726
counter/4/0/0/0,21092:1747647667958:,1747647682726
counter/8/0/0/0,25131:1747647669841:,1747647682726
counter/10/0/0/0,22958:1747647667370:,1747647682726
counter/7/0/0/0,24034:1747647668832:,1747647682726
counter/4/0/0/0,21093:1747647667958:,1747647682726
counter/8/0/0/0,25132:1747647669841:,1747647682726
counter/10/0/0/0,22959:1747647667370:,1747647682726
counter/7/0/0/0,24035:1747647668832:,1747647682726
counter/4/0/0/0,21094:1747647667958:,1747647682726
counter/8/0/0/0,25133:1747647669841:,1747647682726
counter/10/0/0/0,22960:1747647667370:,1747647682726
counter/7/0/0/0,24036:1747647668832:,1747647682726
counter/4/0/0/0,21095:1747647667958:,1747647682726
counter/8/0/0/0,25134:1747647669846:,1747647682726
counter/10/0/0/0,22961:1747647667370:,1747647682726
counter/7/0/0/0,24037:1747647668832:,1747647682726
counter/4/0/0/0,21096:1747647667965:,1747647682726
counter/8/0/0/0,25135:1747647669864:,1747647682726
counter/10/0/0/0,22962:1747647667370:,1747647682726
counter/7/0/0/0,24038:1747647668832:,1747647682726
counter/4/0/0/0,21097:1747647667971:,1747647682726
counter/8/0/0/0,25136:1747647669864:,1747647682726
counter/10/0/0/0,22963:1747647667370:,1747647682726
counter/7/0/0/0,24039:1747647668832:,1747647682726
counter/4/0/0/0,21098:1747647667971:,1747647682726
counter/8/0/0/0,25137:1747647669864:,1747647682726
counter/2/0/0/0,26994:1747647671770:,1747647682726
counter/10/0/0/0,22964:1747647667371:,1747647682727
counter/7/0/0/0,24040:1747647668832:,1747647682727
counter/4/0/0/0,21099:1747647667971:,1747647682727
counter/8/0/0/0,25138:1747647669864:,1747647682727
counter/10/0/0/0,22965:1747647667371:,1747647682727
counter/7/0/0/0,24041:1747647668832:,1747647682727
counter/4/0/0/0,21100:1747647667971:,1747647682727
counter/8/0/0/0,25139:1747647669864:,1747647682727
counter/10/0/0/0,22966:1747647667371:,1747647682727
counter/7/0/0/0,24042:1747647668832:,1747647682727
counter/4/0/0/0,21101:1747647667971:,1747647682727
counter/8/0/0/0,25140:1747647669864:,1747647682727
counter/10/0/0/0,22967:1747647667371:,1747647682727
counter/7/0/0/0,24043:1747647668832:,1747647682727
counter/4/0/0/0,21102:1747647667971:,1747647682727
counter/8/0/0/0,25141:1747647669865:,1747647682727
counter/10/0/0/0,22968:1747647667371:,1747647682727
counter/7/0/0/0,24044:1747647668833:,1747647682727
counter/4/0/0/0,21103:1747647667971:,1747647682727
counter/8/0/0/0,25142:1747647669865:,1747647682727
counter/10/0/0/0,22969:1747647667371:,1747647682727
counter/7/0/0/0,24045:1747647668833:,1747647682727
counter/4/0/0/0,21104:1747647667971:,1747647682727
counter/8/0/0/0,25143:1747647669865:,1747647682727
counter/10/0/0/0,22970:1747647667371:,1747647682727
counter/7/0/0/0,24046:1747647668833:,1747647682727
counter/4/0/0/0,21105:1747647667971:,1747647682727
counter/8/0/0/0,25144:1747647669866:,1747647682727
counter/10/0/0/0,22971:1747647667371:,1747647682727
counter/7/0/0/0,24047:1747647668833:,1747647682727
counter/4/0/0/0,21106:1747647667972:,1747647682727
counter/8/0/0/0,25145:1747647669866:,1747647682727
counter/10/0/0/0,22972:1747647667371:,1747647682727
counter/7/0/0/0,24048:1747647668833:,1747647682727
counter/4/0/0/0,21107:1747647667972:,1747647682727
counter/8/0/0/0,25146:1747647669866:,1747647682727
counter/10/0/0/0,22973:1747647667371:,1747647682727
counter/7/0/0/0,24049:1747647668833:,1747647682728
counter/4/0/0/0,21108:1747647667972:,1747647682728
counter/8/0/0/0,25147:1747647669866:,1747647682728
counter/10/0/0/0,22974:1747647667371:,1747647682728
counter/7/0/0/0,24050:1747647668833:,1747647682728
counter/4/0/0/0,21109:1747647667972:,1747647682728
counter/8/0/0/0,25148:1747647669866:,1747647682728
counter/10/0/0/0,22975:1747647667371:,1747647682728
counter/7/0/0/0,24051:1747647668833:,1747647682728
counter/4/0/0/0,21110:1747647667972:,1747647682728
counter/8/0/0/0,25149:1747647669866:,1747647682728
counter/10/0/0/0,22976:1747647667371:,1747647682728
counter/7/0/0/0,24052:1747647668833:,1747647682728
counter/4/0/0/0,21111:1747647667972:,1747647682728
counter/8/0/0/0,25150:1747647669866:,1747647682728
counter/10/0/0/0,22977:1747647667371:,1747647682728
counter/7/0/0/0,24053:1747647668833:,1747647682728
counter/4/0/0/0,21112:1747647667972:,1747647682728
counter/8/0/0/0,25151:1747647669867:,1747647682728
counter/10/0/0/0,22978:1747647667371:,1747647682728
counter/7/0/0/0,24054:1747647668833:,1747647682728
counter/4/0/0/0,21113:1747647667972:,1747647682728
counter/8/0/0/0,25152:1747647669867:,1747647682728
counter/10/0/0/0,22979:1747647667371:,1747647682728
counter/7/0/0/0,24055:1747647668833:,1747647682728
counter/4/0/0/0,21114:1747647667972:,1747647682728
counter/8/0/0/0,25153:1747647669867:,1747647682728
counter/10/0/0/0,22980:1747647667371:,1747647682728
counter/7/0/0/0,24056:1747647668833:,1747647682728
counter/4/0/0/0,21115:1747647667972:,1747647682728
counter/8/0/0/0,25154:1747647669867:,1747647682728
counter/10/0/0/0,22981:1747647667371:,1747647682728
counter/7/0/0/0,24057:1747647668834:,1747647682728
counter/4/0/0/0,21116:1747647667972:,1747647682728
counter/8/0/0/0,25155:1747647669867:,1747647682728
counter/10/0/0/0,22982:1747647667371:,1747647682728
counter/7/0/0/0,24058:1747647668834:,1747647682728
counter/4/0/0/0,21117:1747647667972:,1747647682728
counter/8/0/0/0,25156:1747647669867:,1747647682728
counter/10/0/0/0,22983:1747647667371:,1747647682728
counter/7/0/0/0,24059:1747647668834:,1747647682728
counter/4/0/0/0,21118:1747647667972:,1747647682728
counter/8/0/0/0,25157:1747647669868:,1747647682729
counter/10/0/0/0,22984:1747647667371:,1747647682729
counter/7/0/0/0,24060:1747647668834:,1747647682729
counter/4/0/0/0,21119:1747647667972:,1747647682729
counter/8/0/0/0,25158:1747647669868:,1747647682729
counter/10/0/0/0,22985:1747647667371:,1747647682729
counter/7/0/0/0,24061:1747647668834:,1747647682729
counter/4/0/0/0,21120:1747647667974:,1747647682729
counter/8/0/0/0,25159:1747647669868:,1747647682729
counter/10/0/0/0,22986:1747647667371:,1747647682729
counter/7/0/0/0,24062:1747647668834:,1747647682729
counter/4/0/0/0,21121:1747647667975:,1747647682729
counter/8/0/0/0,25160:1747647669868:,1747647682729
counter/10/0/0/0,22987:1747647667371:,1747647682729
counter/7/0/0/0,24063:1747647668834:,1747647682729
counter/4/0/0/0,21122:1747647667975:,1747647682729
counter/8/0/0/0,25161:1747647669868:,1747647682729
counter/10/0/0/0,22988:1747647667371:,1747647682729
counter/7/0/0/0,24064:1747647668834:,1747647682729
counter/4/0/0/0,21123:1747647667975:,1747647682729
counter/8/0/0/0,25162:1747647669868:,1747647682729
counter/10/0/0/0,22989:1747647667373:,1747647682729
counter/7/0/0/0,24065:1747647668834:,1747647682729
counter/4/0/0/0,21124:1747647667975:,1747647682729
counter/8/0/0/0,25163:1747647669868:,1747647682729
counter/10/0/0/0,22990:1747647667373:,1747647682729
counter/7/0/0/0,24066:1747647668834:,1747647682729
counter/4/0/0/0,21125:1747647667975:,1747647682729
counter/8/0/0/0,25164:1747647669868:,1747647682729
counter/10/0/0/0,22991:1747647667373:,1747647682729
counter/7/0/0/0,24067:1747647668834:,1747647682729
counter/4/0/0/0,21126:1747647667975:,1747647682729
counter/8/0/0/0,25165:1747647669868:,1747647682729
counter/3/0/0/0,21905:1747647668154:,1747647682729
counter/2/0/0/0,26995:1747647671770:,1747647682729
counter/10/0/0/0,22992:1747647667373:,1747647682729
counter/7/0/0/0,24068:1747647668834:,1747647682730
counter/4/0/0/0,21127:1747647667975:,1747647682730
counter/8/0/0/0,25166:1747647669868:,1747647682730
counter/3/0/0/0,21906:1747647668154:,1747647682730
counter/10/0/0/0,22993:1747647667373:,1747647682730
counter/7/0/0/0,24069:1747647668834:,1747647682730
counter/4/0/0/0,21128:1747647667975:,1747647682730
counter/8/0/0/0,25167:1747647669868:,1747647682730
counter/3/0/0/0,21907:1747647668154:,1747647682730
counter/10/0/0/0,22994:1747647667373:,1747647682730
counter/7/0/0/0,24070:1747647668834:,1747647682730
counter/4/0/0/0,21129:1747647667975:,1747647682730
counter/8/0/0/0,25168:1747647669868:,1747647682730
counter/3/0/0/0,21908:1747647668154:,1747647682730
counter/10/0/0/0,22995:1747647667373:,1747647682730
counter/7/0/0/0,24071:1747647668834:,1747647682730
counter/4/0/0/0,21130:1747647667975:,1747647682730
counter/8/0/0/0,25169:1747647669868:,1747647682730
counter/3/0/0/0,21909:1747647668159:,1747647682730
counter/10/0/0/0,22996:1747647667373:,1747647682730
counter/7/0/0/0,24072:1747647668834:,1747647682730
counter/4/0/0/0,21131:1747647667975:,1747647682730
counter/8/0/0/0,25170:1747647669876:,1747647682730
counter/10/0/0/0,22997:1747647667373:,1747647682730
counter/7/0/0/0,24073:1747647668834:,1747647682730
counter/4/0/0/0,21132:1747647667975:,1747647682730
counter/8/0/0/0,25171:1747647669876:,1747647682730
counter/3/0/0/0,21910:1747647668159:,1747647682730
counter/10/0/0/0,22998:1747647667373:,1747647682730
counter/7/0/0/0,24074:1747647668834:,1747647682730
counter/4/0/0/0,21133:1747647667975:,1747647682730
counter/8/0/0/0,25172:1747647669876:,1747647682730
counter/3/0/0/0,21911:1747647668159:,1747647682730
counter/6/0/0/0,23765:1747647670441:,1747647682730
counter/2/0/0/0,26996:1747647671774:,1747647682730
counter/10/0/0/0,22999:1747647667373:,1747647682730
counter/7/0/0/0,24075:1747647668834:,1747647682730
counter/4/0/0/0,21134:1747647667975:,1747647682730
counter/8/0/0/0,25173:1747647669876:,1747647682730
counter/3/0/0/0,21912:1747647668159:,1747647682731
counter/1/0/0/0,22029:1747647668206:,1747647682731
counter/10/0/0/0,23000:1747647667373:,1747647682731
counter/7/0/0/0,24076:1747647668834:,1747647682731
counter/4/0/0/0,21135:1747647667980:,1747647682731
counter/8/0/0/0,25174:1747647669876:,1747647682731
counter/3/0/0/0,21913:1747647668159:,1747647682731
counter/10/0/0/0,23001:1747647667373:,1747647682731
counter/7/0/0/0,24077:1747647668834:,1747647682731
counter/4/0/0/0,21136:1747647667980:,1747647682731
counter/8/0/0/0,25175:1747647669876:,1747647682731
counter/3/0/0/0,21914:1747647668159:,1747647682731
counter/10/0/0/0,23002:1747647667373:,1747647682731
counter/7/0/0/0,24078:1747647668834:,1747647682731
counter/4/0/0/0,21137:1747647667980:,1747647682731
counter/8/0/0/0,25176:1747647669876:,1747647682731
counter/3/0/0/0,21915:1747647668159:,1747647682731
counter/10/0/0/0,23003:1747647667373:,1747647682731
counter/7/0/0/0,24079:1747647668834:,1747647682731
counter/4/0/0/0,21138:1747647667980:,1747647682731
counter/8/0/0/0,25177:1747647669876:,1747647682731
counter/3/0/0/0,21916:1747647668159:,1747647682731
counter/10/0/0/0,23004:1747647667373:,1747647682731
counter/7/0/0/0,24080:1747647668834:,1747647682731
counter/4/0/0/0,21139:1747647667980:,1747647682731
counter/8/0/0/0,25178:1747647669876:,1747647682731
counter/3/0/0/0,21917:1747647668161:,1747647682731
counter/10/0/0/0,23005:1747647667374:,1747647682731
counter/7/0/0/0,24081:1747647668834:,1747647682731
counter/4/0/0/0,21140:1747647667980:,1747647682731
counter/8/0/0/0,25179:1747647669876:,1747647682731
counter/3/0/0/0,21918:1747647668162:,1747647682731
counter/10/0/0/0,23006:1747647667374:,1747647682731
counter/7/0/0/0,24082:1747647668834:,1747647682731
counter/4/0/0/0,21141:1747647667980:,1747647682731
counter/8/0/0/0,25180:1747647669882:,1747647682731
counter/3/0/0/0,21919:1747647668162:,1747647682731
counter/10/0/0/0,23007:1747647667374:,1747647682731
counter/7/0/0/0,24083:1747647668834:,1747647682732
counter/4/0/0/0,21142:1747647667980:,1747647682732
counter/8/0/0/0,25181:1747647669882:,1747647682732
counter/3/0/0/0,21920:1747647668162:,1747647682732
counter/10/0/0/0,23008:1747647667376:,1747647682732
counter/7/0/0/0,24084:1747647668834:,1747647682732
counter/4/0/0/0,21143:1747647667983:,1747647682732
counter/8/0/0/0,25182:1747647669882:,1747647682732
counter/3/0/0/0,21921:1747647668162:,1747647682732
counter/10/0/0/0,23009:1747647667376:,1747647682732
counter/7/0/0/0,24085:1747647668834:,1747647682732
counter/4/0/0/0,21144:1747647667983:,1747647682732
counter/8/0/0/0,25183:1747647669882:,1747647682732
counter/3/0/0/0,21922:1747647668162:,1747647682732
counter/10/0/0/0,23010:1747647667376:,1747647682732
counter/7/0/0/0,24086:1747647668834:,1747647682732
counter/4/0/0/0,21145:1747647667983:,1747647682732
counter/8/0/0/0,25184:1747647669882:,1747647682732
counter/3/0/0/0,21923:1747647668162:,1747647682732
counter/10/0/0/0,23011:1747647667376:,1747647682732
counter/7/0/0/0,24087:1747647668834:,1747647682732
counter/4/0/0/0,21146:1747647667983:,1747647682732
counter/8/0/0/0,25185:1747647669882:,1747647682732
counter/3/0/0/0,21924:1747647668162:,1747647682732
counter/10/0/0/0,23012:1747647667376:,1747647682732
counter/7/0/0/0,24088:1747647668840:,1747647682732
counter/4/0/0/0,21147:1747647667983:,1747647682732
counter/8/0/0/0,25186:1747647669882:,1747647682732
counter/3/0/0/0,21925:1747647668162:,1747647682732
counter/10/0/0/0,23013:1747647667376:,1747647682732
counter/7/0/0/0,24089:1747647668840:,1747647682732
counter/4/0/0/0,21148:1747647667983:,1747647682732
counter/8/0/0/0,25187:1747647669883:,1747647682732
counter/3/0/0/0,21926:1747647668162:,1747647682732
counter/10/0/0/0,23014:1747647667376:,1747647682732
counter/7/0/0/0,24090:1747647668840:,1747647682732
counter/4/0/0/0,21149:1747647667983:,1747647682732
counter/8/0/0/0,25188:1747647669883:,1747647682732
counter/3/0/0/0,21927:1747647668162:,1747647682733
counter/10/0/0/0,23015:1747647667376:,1747647682733
counter/7/0/0/0,24091:1747647668840:,1747647682733
counter/4/0/0/0,21150:1747647667983:,1747647682733
counter/8/0/0/0,25189:1747647669883:,1747647682733
counter/3/0/0/0,21928:1747647668162:,1747647682733
counter/5/0/0/0,24778:1747647670273:,1747647682733
counter/10/0/0/0,23016:1747647667376:,1747647682733
counter/7/0/0/0,24092:1747647668840:,1747647682733
counter/4/0/0/0,21151:1747647667983:,1747647682733
counter/8/0/0/0,25190:1747647669883:,1747647682733
counter/3/0/0/0,21929:1747647668162:,1747647682733
counter/5/0/0/0,24779:1747647670273:,1747647682733
counter/1/0/0/0,22030:1747647668206:,1747647682733
counter/10/0/0/0,23017:1747647667376:,1747647682733
counter/7/0/0/0,24093:1747647668840:,1747647682733
counter/4/0/0/0,21152:1747647667983:,1747647682733
counter/8/0/0/0,25191:1747647669892:,1747647682733
counter/3/0/0/0,21930:1747647668162:,1747647682733
counter/5/0/0/0,24780:1747647670273:,1747647682733
counter/6/0/0/0,23766:1747647670446:,1747647682733
counter/9/0/0/0,27678:1747647670954:,1747647682733
counter/10/0/0/0,23018:1747647667377:,1747647682733
counter/7/0/0/0,24094:1747647668840:,1747647682733
counter/4/0/0/0,21153:1747647667983:,1747647682733
counter/8/0/0/0,25192:1747647669892:,1747647682733
counter/3/0/0/0,21931:1747647668163:,1747647682733
counter/5/0/0/0,24781:1747647670273:,1747647682733
counter/10/0/0/0,23019:1747647667377:,1747647682733
counter/7/0/0/0,24095:1747647668840:,1747647682733
counter/4/0/0/0,21154:1747647667983:,1747647682733
counter/8/0/0/0,25193:1747647669892:,1747647682733
counter/6/0/0/0,23767:1747647670446:,1747647682733
counter/9/0/0/0,27679:1747647670955:,1747647682733
counter/10/0/0/0,23020:1747647667377:,1747647682733
counter/7/0/0/0,24096:1747647668840:,1747647682733
counter/4/0/0/0,21155:1747647667983:,1747647682733
counter/8/0/0/0,25194:1747647669892:,1747647682733
counter/10/0/0/0,23021:1747647667377:,1747647682733
counter/7/0/0/0,24097:1747647668840:,1747647682733
counter/4/0/0/0,21156:1747647667983:,1747647682733
counter/8/0/0/0,25195:1747647669892:,1747647682733
counter/10/0/0/0,23022:1747647667377:,1747647682734
counter/7/0/0/0,24098:1747647669626:,1747647682734
counter/4/0/0/0,21157:1747647667983:,1747647682734
counter/8/0/0/0,25196:1747647669892:,1747647682734
counter/10/0/0/0,23023:1747647667377:,1747647682734
counter/7/0/0/0,24099:1747647669627:,1747647682734
counter/4/0/0/0,21158:1747647667983:,1747647682734
counter/8/0/0/0,25197:1747647669893:,1747647682734
counter/10/0/0/0,23024:1747647667377:,1747647682734
counter/7/0/0/0,24100:1747647669627:,1747647682734
counter/4/0/0/0,21159:1747647667983:,1747647682734
counter/8/0/0/0,25198:1747647669893:,1747647682734
counter/10/0/0/0,23025:1747647667377:,1747647682734
counter/7/0/0/0,24101:1747647669627:,1747647682734
counter/4/0/0/0,21160:1747647667988:,1747647682734
counter/8/0/0/0,25199:1747647669893:,1747647682734
counter/10/0/0/0,23026:1747647667377:,1747647682734
counter/7/0/0/0,24102:1747647669628:,1747647682734
counter/4/0/0/0,21161:1747647667988:,1747647682734
counter/8/0/0/0,25200:1747647669893:,1747647682734
counter/10/0/0/0,23027:1747647667377:,1747647682734
counter/7/0/0/0,24103:1747647669628:,1747647682734
counter/4/0/0/0,21162:1747647667988:,1747647682734
counter/8/0/0/0,25201:1747647669893:,1747647682734
counter/10/0/0/0,23028:1747647667377:,1747647682734
counter/7/0/0/0,24104:1747647669628:,1747647682734
counter/4/0/0/0,21163:1747647667988:,1747647682734
counter/8/0/0/0,25202:1747647669893:,1747647682734
counter/10/0/0/0,23029:1747647667380:,1747647682734
counter/7/0/0/0,24105:1747647669643:,1747647682734
counter/4/0/0/0,21164:1747647667988:,1747647682734
counter/8/0/0/0,25203:1747647669893:,1747647682734
counter/10/0/0/0,23030:1747647667380:,1747647682734
counter/7/0/0/0,24106:1747647669643:,1747647682734
counter/4/0/0/0,21165:1747647667988:,1747647682734
counter/8/0/0/0,25204:1747647669894:,1747647682734
counter/2/0/0/0,26997:1747647671774:,1747647682734
counter/10/0/0/0,23031:1747647667380:,1747647682734
counter/7/0/0/0,24107:1747647669645:,1747647682734
counter/4/0/0/0,21166:1747647667988:,1747647682734
counter/8/0/0/0,25205:1747647669894:,1747647682735
counter/10/0/0/0,23032:1747647667380:,1747647682735
counter/7/0/0/0,24108:1747647669654:,1747647682735
counter/4/0/0/0,21167:1747647667989:,1747647682735
counter/8/0/0/0,25206:1747647669894:,1747647682735
counter/10/0/0/0,23033:1747647667380:,1747647682735
counter/7/0/0/0,24109:1747647669654:,1747647682735
counter/4/0/0/0,21168:1747647667989:,1747647682735
counter/8/0/0/0,25207:1747647669894:,1747647682735
counter/6/0/0/0,23768:1747647670446:,1747647682735
counter/10/0/0/0,23034:1747647667380:,1747647682735
counter/7/0/0/0,24110:1747647669655:,1747647682735
counter/4/0/0/0,21169:1747647667989:,1747647682735
counter/8/0/0/0,25208:1747647669894:,1747647682735
counter/10/0/0/0,23035:1747647667380:,1747647682735
counter/7/0/0/0,24111:1747647669656:,1747647682735
counter/4/0/0/0,21170:1747647667989:,1747647682735
counter/8/0/0/0,25209:1747647669894:,1747647682735
counter/6/0/0/0,23769:1747647670447:,1747647682735
counter/10/0/0/0,23036:1747647667380:,1747647682735
counter/7/0/0/0,24112:1747647669659:,1747647682735
counter/4/0/0/0,21171:1747647667989:,1747647682735
counter/8/0/0/0,25210:1747647669894:,1747647682735
counter/10/0/0/0,23037:1747647667381:,1747647682735
counter/7/0/0/0,24113:1747647669659:,1747647682735
counter/4/0/0/0,21172:1747647667989:,1747647682735
counter/8/0/0/0,25211:1747647669894:,1747647682735
counter/10/0/0/0,23038:1747647667381:,1747647682735
counter/7/0/0/0,24114:1747647669661:,1747647682735
counter/4/0/0/0,21173:1747647667989:,1747647682735
counter/8/0/0/0,25212:1747647669894:,1747647682735
counter/10/0/0/0,23039:1747647667381:,1747647682735
counter/7/0/0/0,24115:1747647669672:,1747647682735
counter/4/0/0/0,21174:1747647667989:,1747647682735
counter/8/0/0/0,25213:1747647669894:,1747647682735
counter/10/0/0/0,23040:1747647667381:,1747647682735
counter/7/0/0/0,24116:1747647669692:,1747647682735
counter/4/0/0/0,21175:1747647667989:,1747647682736
counter/8/0/0/0,25214:1747647669894:,1747647682736
counter/10/0/0/0,23041:1747647667381:,1747647682736
counter/7/0/0/0,24117:1747647669692:,1747647682736
counter/4/0/0/0,21176:1747647667989:,1747647682736
counter/8/0/0/0,25215:1747647669894:,1747647682736
counter/10/0/0/0,23042:1747647667381:,1747647682736
counter/7/0/0/0,24118:1747647669692:,1747647682736
counter/4/0/0/0,21177:1747647667989:,1747647682736
counter/8/0/0/0,25216:1747647669894:,1747647682736
counter/10/0/0/0,23043:1747647667381:,1747647682736
counter/7/0/0/0,24119:1747647669692:,1747647682736
counter/4/0/0/0,21178:1747647667989:,1747647682736
counter/8/0/0/0,25217:1747647669894:,1747647682736
counter/10/0/0/0,23044:1747647667381:,1747647682736
counter/7/0/0/0,24120:1747647669692:,1747647682736
counter/4/0/0/0,21179:1747647667989:,1747647682736
counter/8/0/0/0,25218:1747647669900:,1747647682736
counter/10/0/0/0,23045:1747647667381:,1747647682736
counter/7/0/0/0,24121:1747647669692:,1747647682736
counter/4/0/0/0,21180:1747647667989:,1747647682736
counter/8/0/0/0,25219:1747647669900:,1747647682736
counter/10/0/0/0,23046:1747647667381:,1747647682736
counter/7/0/0/0,24122:1747647669692:,1747647682736
counter/4/0/0/0,21181:1747647667989:,1747647682736
counter/8/0/0/0,25220:1747647669900:,1747647682736
counter/10/0/0/0,23047:1747647667381:,1747647682736
counter/7/0/0/0,24123:1747647669692:,1747647682736
counter/4/0/0/0,21182:1747647667989:,1747647682736
counter/8/0/0/0,25221:1747647669900:,1747647682736
counter/10/0/0/0,23048:1747647667382:,1747647682736
counter/7/0/0/0,24124:1747647669694:,1747647682736
counter/4/0/0/0,21183:1747647667989:,1747647682736
counter/8/0/0/0,25222:1747647669900:,1747647682736
counter/10/0/0/0,23049:1747647667382:,1747647682736
counter/7/0/0/0,24125:1747647669694:,1747647682736
counter/4/0/0/0,21184:1747647667989:,1747647682736
counter/8/0/0/0,25223:1747647669901:,1747647682736
counter/10/0/0/0,23050:1747647667382:,1747647682736
counter/7/0/0/0,24126:1747647669694:,1747647682736
counter/4/0/0/0,21185:1747647667989:,1747647682736
counter/8/0/0/0,25224:1747647669901:,1747647682737
counter/10/0/0/0,23051:1747647667382:,1747647682737
counter/7/0/0/0,24127:1747647669694:,1747647682737
counter/4/0/0/0,21186:1747647667989:,1747647682737
counter/8/0/0/0,25225:1747647669901:,1747647682737
counter/10/0/0/0,23052:1747647667382:,1747647682737
counter/7/0/0/0,24128:1747647669694:,1747647682737
counter/4/0/0/0,21187:1747647667989:,1747647682737
counter/8/0/0/0,25226:1747647669903:,1747647682737
counter/10/0/0/0,23053:1747647667382:,1747647682737
counter/7/0/0/0,24129:1747647669695:,1747647682737
counter/4/0/0/0,21188:1747647667990:,1747647682737
counter/8/0/0/0,25227:1747647669906:,1747647682737
counter/10/0/0/0,23054:1747647667382:,1747647682737
counter/7/0/0/0,24130:1747647669695:,1747647682737
counter/4/0/0/0,21189:1747647667990:,1747647682737
counter/8/0/0/0,25228:1747647669906:,1747647682737
counter/10/0/0/0,23055:1747647667382:,1747647682737
counter/7/0/0/0,24131:1747647669695:,1747647682737
counter/4/0/0/0,21190:1747647667990:,1747647682737
counter/8/0/0/0,25229:1747647669906:,1747647682737
counter/10/0/0/0,23056:1747647667382:,1747647682737
counter/7/0/0/0,24132:1747647669695:,1747647682737
counter/4/0/0/0,21191:1747647667990:,1747647682737
counter/8/0/0/0,25230:1747647669906:,1747647682737
counter/10/0/0/0,23057:1747647667382:,1747647682737
counter/7/0/0/0,24133:1747647669695:,1747647682737
counter/4/0/0/0,21192:1747647667990:,1747647682737
counter/8/0/0/0,25231:1747647669906:,1747647682737
counter/10/0/0/0,23058:1747647667382:,1747647682737
counter/7/0/0/0,24134:1747647669695:,1747647682737
counter/4/0/0/0,21193:1747647667990:,1747647682737
counter/8/0/0/0,25232:1747647669906:,1747647682737
counter/10/0/0/0,23059:1747647667382:,1747647682737
counter/7/0/0/0,24135:1747647669695:,1747647682737
counter/4/0/0/0,21194:1747647667990:,1747647682737
counter/8/0/0/0,25233:1747647669906:,1747647682737
counter/10/0/0/0,23060:1747647667382:,1747647682737
counter/7/0/0/0,24136:1747647669695:,1747647682737
counter/4/0/0/0,21195:1747647667990:,1747647682737
counter/8/0/0/0,25234:1747647669906:,1747647682738
counter/10/0/0/0,23061:1747647667382:,1747647682738
counter/7/0/0/0,24137:1747647669695:,1747647682738
counter/4/0/0/0,21196:1747647667990:,1747647682738
counter/8/0/0/0,25235:1747647669906:,1747647682738
counter/10/0/0/0,23062:1747647667382:,1747647682738
counter/7/0/0/0,24138:1747647669695:,1747647682738
counter/4/0/0/0,21197:1747647667993:,1747647682738
counter/8/0/0/0,25236:1747647669906:,1747647682738
counter/10/0/0/0,23063:1747647667382:,1747647682738
counter/7/0/0/0,24139:1747647669695:,1747647682738
counter/4/0/0/0,21198:1747647667995:,1747647682738
counter/8/0/0/0,25237:1747647669906:,1747647682738
counter/10/0/0/0,23064:1747647667394:,1747647682738
counter/7/0/0/0,24140:1747647669695:,1747647682738
counter/4/0/0/0,21199:1747647667995:,1747647682738
counter/8/0/0/0,25238:1747647669906:,1747647682738
counter/10/0/0/0,23065:1747647667394:,1747647682738
counter/7/0/0/0,24141:1747647669695:,1747647682738
counter/4/0/0/0,21200:1747647667995:,1747647682738
counter/8/0/0/0,25239:1747647669906:,1747647682738
counter/10/0/0/0,23066:1747647667394:,1747647682738
counter/7/0/0/0,24142:1747647669697:,1747647682738
counter/4/0/0/0,21201:1747647667995:,1747647682738
counter/8/0/0/0,25240:1747647669906:,1747647682738
counter/10/0/0/0,23067:1747647667394:,1747647682738
counter/7/0/0/0,24143:1747647669697:,1747647682738
counter/4/0/0/0,21202:1747647667995:,1747647682738
counter/8/0/0/0,25241:1747647669906:,1747647682738
counter/10/0/0/0,23068:1747647667394:,1747647682738
counter/7/0/0/0,24144:1747647669697:,1747647682738
counter/4/0/0/0,21203:1747647667995:,1747647682738
counter/8/0/0/0,25242:1747647669906:,1747647682738
counter/10/0/0/0,23069:1747647667394:,1747647682738
counter/7/0/0/0,24145:1747647669697:,1747647682738
counter/4/0/0/0,21204:1747647667995:,1747647682738
counter/8/0/0/0,25243:1747647669922:,1747647682738
counter/10/0/0/0,23070:1747647667394:,1747647682738
counter/7/0/0/0,24146:1747647669697:,1747647682738
counter/4/0/0/0,21205:1747647667995:,1747647682738
counter/8/0/0/0,25244:1747647669922:,1747647682738
counter/10/0/0/0,23071:1747647667394:,1747647682738
counter/7/0/0/0,24147:1747647669702:,1747647682738
counter/4/0/0/0,21206:1747647667995:,1747647682738
counter/8/0/0/0,25245:1747647669922:,1747647682739
counter/10/0/0/0,23072:1747647667394:,1747647682739
counter/7/0/0/0,24148:1747647669702:,1747647682739
counter/4/0/0/0,21207:1747647667995:,1747647682739
counter/8/0/0/0,25246:1747647669922:,1747647682739
counter/10/0/0/0,23073:1747647667394:,1747647682739
counter/7/0/0/0,24149:1747647669702:,1747647682739
counter/4/0/0/0,21208:1747647667995:,1747647682739
counter/8/0/0/0,25247:1747647669922:,1747647682739
counter/10/0/0/0,23074:1747647667397:,1747647682739
counter/7/0/0/0,24150:1747647669702:,1747647682739
counter/4/0/0/0,21209:1747647667995:,1747647682739
counter/8/0/0/0,25248:1747647669922:,1747647682739
counter/10/0/0/0,23075:1747647667397:,1747647682739
counter/7/0/0/0,24151:1747647669702:,1747647682739
counter/4/0/0/0,21210:1747647667996:,1747647682739
counter/8/0/0/0,25249:1747647669922:,1747647682739
counter/3/0/0/0,21932:1747647668163:,1747647682739
counter/10/0/0/0,23076:1747647667397:,1747647682739
counter/7/0/0/0,24152:1747647669702:,1747647682739
counter/4/0/0/0,21211:1747647667996:,1747647682739
counter/8/0/0/0,25250:1747647669922:,1747647682739
counter/6/0/0/0,23770:1747647670447:,1747647682739
counter/3/0/0/0,21933:1747647668163:,1747647682739
counter/10/0/0/0,23077:1747647667397:,1747647682739
counter/7/0/0/0,24153:1747647669702:,1747647682739
counter/4/0/0/0,21212:1747647667996:,1747647682739
counter/8/0/0/0,25251:1747647669922:,1747647682739
counter/10/0/0/0,23078:1747647667397:,1747647682739
counter/7/0/0/0,24154:1747647669702:,1747647682739
counter/4/0/0/0,21213:1747647667999:,1747647682739
counter/8/0/0/0,25252:1747647669922:,1747647682739
counter/5/0/0/0,24782:1747647670273:,1747647682739
counter/9/0/0/0,27680:1747647670955:,1747647682739
counter/10/0/0/0,23079:1747647667397:,1747647682739
counter/7/0/0/0,24155:1747647669702:,1747647682739
counter/4/0/0/0,21214:1747647667999:,1747647682739
counter/8/0/0/0,25253:1747647669922:,1747647682739
counter/5/0/0/0,24783:1747647670273:,1747647682740
counter/6/0/0/0,23771:1747647670447:,1747647682740
counter/10/0/0/0,23080:1747647667397:,1747647682740
counter/7/0/0/0,24156:1747647669702:,1747647682740
counter/4/0/0/0,21215:1747647668000:,1747647682740
counter/8/0/0/0,25254:1747647669925:,1747647682740
counter/6/0/0/0,23772:1747647670452:,1747647682740
counter/10/0/0/0,23081:1747647667397:,1747647682740
counter/7/0/0/0,24157:1747647669702:,1747647682740
counter/4/0/0/0,21216:1747647668000:,1747647682740
counter/8/0/0/0,25255:1747647669943:,1747647682740
counter/6/0/0/0,23773:1747647670452:,1747647682740
counter/10/0/0/0,23082:1747647667397:,1747647682740
counter/7/0/0/0,24158:1747647669718:,1747647682740
counter/4/0/0/0,21217:1747647668000:,1747647682740
counter/8/0/0/0,25256:1747647669943:,1747647682740
counter/6/0/0/0,23774:1747647670453:,1747647682740
counter/10/0/0/0,23083:1747647667397:,1747647682740
counter/7/0/0/0,24159:1747647669728:,1747647682740
counter/4/0/0/0,21218:1747647668004:,1747647682740
counter/8/0/0/0,25257:1747647669943:,1747647682740
counter/6/0/0/0,23775:1747647670453:,1747647682740
counter/10/0/0/0,23084:1747647667397:,1747647682740
counter/7/0/0/0,24160:1747647669728:,1747647682740
counter/4/0/0/0,21219:1747647668004:,1747647682740
counter/8/0/0/0,25258:1747647669943:,1747647682740
counter/6/0/0/0,23776:1747647670453:,1747647682740
counter/10/0/0/0,23085:1747647667397:,1747647682740
counter/7/0/0/0,24161:1747647669732:,1747647682740
counter/4/0/0/0,21220:1747647668004:,1747647682740
counter/8/0/0/0,25259:1747647669943:,1747647682740
counter/6/0/0/0,23777:1747647670453:,1747647682740
counter/10/0/0/0,23086:1747647667397:,1747647682740
counter/7/0/0/0,24162:1747647669732:,1747647682740
counter/4/0/0/0,21221:1747647668004:,1747647682740
counter/8/0/0/0,25260:1747647669943:,1747647682740
counter/6/0/0/0,23778:1747647670453:,1747647682740
counter/10/0/0/0,23087:1747647667400:,1747647682740
counter/7/0/0/0,24163:1747647669732:,1747647682740
counter/4/0/0/0,21222:1747647668004:,1747647682740
counter/8/0/0/0,25261:1747647669943:,1747647682740
counter/6/0/0/0,23779:1747647670453:,1747647682740
counter/10/0/0/0,23088:1747647667400:,1747647682740
counter/7/0/0/0,24164:1747647669732:,1747647682740
counter/4/0/0/0,21223:1747647668004:,1747647682741
counter/8/0/0/0,25262:1747647669943:,1747647682741
counter/6/0/0/0,23780:1747647670453:,1747647682741
counter/10/0/0/0,23089:1747647667400:,1747647682741
counter/7/0/0/0,24165:1747647669741:,1747647682741
counter/4/0/0/0,21224:1747647668004:,1747647682741
counter/8/0/0/0,25263:1747647669943:,1747647682741
counter/6/0/0/0,23781:1747647670453:,1747647682741
counter/10/0/0/0,23090:1747647667406:,1747647682741
counter/7/0/0/0,24166:1747647669741:,1747647682741
counter/4/0/0/0,21225:1747647668004:,1747647682741
counter/8/0/0/0,25264:1747647669943:,1747647682741
counter/6/0/0/0,23782:1747647670453:,1747647682741
counter/10/0/0/0,23091:1747647667406:,1747647682741
counter/7/0/0/0,24167:1747647669741:,1747647682741
counter/4/0/0/0,21226:1747647668004:,1747647682741
counter/8/0/0/0,25265:1747647669943:,1747647682741
counter/6/0/0/0,23783:1747647670453:,1747647682741
counter/10/0/0/0,23092:1747647667406:,1747647682741
counter/7/0/0/0,24168:1747647669741:,1747647682741
counter/4/0/0/0,21227:1747647668004:,1747647682741
counter/8/0/0/0,25266:1747647669943:,1747647682741
counter/6/0/0/0,23784:1747647670453:,1747647682741
counter/10/0/0/0,23093:1747647667406:,1747647682741
counter/7/0/0/0,24169:1747647669741:,1747647682741
counter/4/0/0/0,21228:1747647668004:,1747647682741
counter/8/0/0/0,25267:1747647669944:,1747647682741
counter/6/0/0/0,23785:1747647670453:,1747647682741
counter/5/0/0/0,24784:1747647670273:,1747647682741
counter/10/0/0/0,23094:1747647667406:,1747647682741
counter/7/0/0/0,24170:1747647669741:,1747647682741
counter/4/0/0/0,21229:1747647668004:,1747647682741
counter/8/0/0/0,25268:1747647669944:,1747647682741
counter/6/0/0/0,23786:1747647670453:,1747647682741
counter/3/0/0/0,21934:1747647668163:,1747647682741
counter/9/0/0/0,27681:1747647670955:,1747647682741
counter/10/0/0/0,23095:1747647667406:,1747647682741
counter/7/0/0/0,24171:1747647669741:,1747647682741
counter/4/0/0/0,21230:1747647668004:,1747647682741
counter/8/0/0/0,25269:1747647669944:,1747647682741
counter/6/0/0/0,23787:1747647670464:,1747647682741
counter/10/0/0/0,23096:1747647667408:,1747647682742
counter/7/0/0/0,24172:1747647669741:,1747647682742
counter/4/0/0/0,21231:1747647668004:,1747647682742
counter/8/0/0/0,25270:1747647669944:,1747647682742
counter/6/0/0/0,23788:1747647670464:,1747647682742
counter/10/0/0/0,23097:1747647667408:,1747647682742
counter/7/0/0/0,24173:1747647669745:,1747647682742
counter/4/0/0/0,21232:1747647668004:,1747647682742
counter/8/0/0/0,25271:1747647669944:,1747647682742
counter/6/0/0/0,23789:1747647670464:,1747647682742
counter/10/0/0/0,23098:1747647667408:,1747647682742
counter/7/0/0/0,24174:1747647669745:,1747647682742
counter/4/0/0/0,21233:1747647668011:,1747647682742
counter/8/0/0/0,25272:1747647669944:,1747647682742
counter/6/0/0/0,23790:1747647670464:,1747647682742
counter/10/0/0/0,23099:1747647667408:,1747647682742
counter/7/0/0/0,24175:1747647669745:,1747647682742
counter/4/0/0/0,21234:1747647668011:,1747647682742
counter/8/0/0/0,25273:1747647669953:,1747647682742
counter/6/0/0/0,23791:1747647670464:,1747647682742
counter/10/0/0/0,23100:1747647667408:,1747647682742
counter/7/0/0/0,24176:1747647669745:,1747647682742
counter/4/0/0/0,21235:1747647668012:,1747647682742
counter/8/0/0/0,25274:1747647669954:,1747647682742
counter/6/0/0/0,23792:1747647670465:,1747647682742
counter/10/0/0/0,23101:1747647667408:,1747647682742
counter/7/0/0/0,24177:1747647669745:,1747647682742
counter/4/0/0/0,21236:1747647668012:,1747647682742
counter/8/0/0/0,25275:1747647669954:,1747647682742
counter/6/0/0/0,23793:1747647670465:,1747647682742
counter/10/0/0/0,23102:1747647667408:,1747647682742
counter/7/0/0/0,24178:1747647669745:,1747647682742
counter/4/0/0/0,21237:1747647668012:,1747647682742
counter/8/0/0/0,25276:1747647669954:,1747647682742
counter/6/0/0/0,23794:1747647670465:,1747647682742
counter/10/0/0/0,23103:1747647667408:,1747647682742
counter/7/0/0/0,24179:1747647669745:,1747647682742
counter/4/0/0/0,21238:1747647668012:,1747647682743
counter/8/0/0/0,25277:1747647669954:,1747647682743
counter/6/0/0/0,23795:1747647670465:,1747647682743
counter/10/0/0/0,23104:1747647667408:,1747647682743
counter/7/0/0/0,24180:1747647669745:,1747647682743
counter/4/0/0/0,21239:1747647668012:,1747647682743
counter/8/0/0/0,25278:1747647669954:,1747647682743
counter/6/0/0/0,23796:1747647670465:,1747647682743
counter/10/0/0/0,23105:1747647667409:,1747647682743
counter/7/0/0/0,24181:1747647669745:,1747647682743
counter/4/0/0/0,21240:1747647668012:,1747647682743
counter/8/0/0/0,25279:1747647669954:,1747647682743
counter/6/0/0/0,23797:1747647670465:,1747647682743
counter/10/0/0/0,23106:1747647667409:,1747647682743
counter/7/0/0/0,24182:1747647669745:,1747647682743
counter/4/0/0/0,21241:1747647668012:,1747647682743
counter/8/0/0/0,25280:1747647669954:,1747647682743
counter/6/0/0/0,23798:1747647670465:,1747647682743
counter/10/0/0/0,23107:1747647667409:,1747647682743
counter/7/0/0/0,24183:1747647669745:,1747647682743
counter/4/0/0/0,21242:1747647668012:,1747647682743
counter/8/0/0/0,25281:1747647669954:,1747647682743
counter/6/0/0/0,23799:1747647670465:,1747647682743
counter/10/0/0/0,23108:1747647667409:,1747647682743
counter/7/0/0/0,24184:1747647669745:,1747647682743
counter/4/0/0/0,21243:1747647668012:,1747647682743
counter/8/0/0/0,25282:1747647669954:,1747647682743
counter/6/0/0/0,23800:1747647670465:,1747647682743
counter/10/0/0/0,23109:1747647667409:,1747647682743
counter/7/0/0/0,24185:1747647669745:,1747647682743
counter/4/0/0/0,21244:1747647668012:,1747647682743
counter/8/0/0/0,25283:1747647669954:,1747647682743
counter/6/0/0/0,23801:1747647670465:,1747647682743
counter/10/0/0/0,23110:1747647667415:,1747647682743
counter/7/0/0/0,24186:1747647669745:,1747647682743
counter/4/0/0/0,21245:1747647668012:,1747647682743
counter/8/0/0/0,25284:1747647669954:,1747647682743
counter/6/0/0/0,23802:1747647670465:,1747647682743
counter/10/0/0/0,23111:1747647667415:,1747647682743
counter/7/0/0/0,24187:1747647669745:,1747647682743
counter/4/0/0/0,21246:1747647668018:,1747647682744
counter/8/0/0/0,25285:1747647669954:,1747647682744
counter/6/0/0/0,23803:1747647670465:,1747647682744
counter/10/0/0/0,23112:1747647667415:,1747647682744
counter/7/0/0/0,24188:1747647669745:,1747647682744
counter/4/0/0/0,21247:1747647668018:,1747647682744
counter/8/0/0/0,25286:1747647669954:,1747647682744
counter/6/0/0/0,23804:1747647670465:,1747647682744
counter/10/0/0/0,23113:1747647667415:,1747647682744
counter/7/0/0/0,24189:1747647669745:,1747647682744
counter/4/0/0/0,21248:1747647668018:,1747647682744
counter/8/0/0/0,25287:1747647669954:,1747647682744
counter/6/0/0/0,23805:1747647670465:,1747647682744
counter/10/0/0/0,23114:1747647667416:,1747647682744
counter/7/0/0/0,24190:1747647669745:,1747647682744
counter/4/0/0/0,21249:1747647668018:,1747647682744
counter/8/0/0/0,25288:1747647669954:,1747647682744
counter/6/0/0/0,23806:1747647670465:,1747647682744
counter/10/0/0/0,23115:1747647667416:,1747647682744
counter/7/0/0/0,24191:1747647669745:,1747647682744
counter/4/0/0/0,21250:1747647668018:,1747647682744
counter/8/0/0/0,25289:1747647669954:,1747647682744
counter/6/0/0/0,23807:1747647670465:,1747647682744
counter/10/0/0/0,23116:1747647667416:,1747647682744
counter/7/0/0/0,24192:1747647669745:,1747647682744
counter/4/0/0/0,21251:1747647668018:,1747647682744
counter/8/0/0/0,25290:1747647669954:,1747647682744
counter/6/0/0/0,23808:1747647670465:,1747647682744
counter/10/0/0/0,23117:1747647667416:,1747647682744
counter/7/0/0/0,24193:1747647669745:,1747647682744
counter/4/0/0/0,21252:1747647668018:,1747647682744
counter/8/0/0/0,25291:1747647669958:,1747647682744
counter/6/0/0/0,23809:1747647670465:,1747647682744
counter/10/0/0/0,23118:1747647667416:,1747647682744
counter/7/0/0/0,24194:1747647669745:,1747647682744
counter/4/0/0/0,21253:1747647668027:,1747647682744
counter/8/0/0/0,25292:1747647669966:,1747647682744
counter/6/0/0/0,23810:1747647670465:,1747647682744
counter/10/0/0/0,23119:1747647667416:,1747647682745
counter/7/0/0/0,24195:1747647669746:,1747647682745
counter/4/0/0/0,21254:1747647668033:,1747647682745
counter/8/0/0/0,25293:1747647669967:,1747647682745
counter/6/0/0/0,23811:1747647670465:,1747647682745
counter/10/0/0/0,23120:1747647667416:,1747647682745
counter/7/0/0/0,24196:1747647669746:,1747647682745
counter/4/0/0/0,21255:1747647668033:,1747647682745
counter/8/0/0/0,25294:1747647669967:,1747647682745
counter/6/0/0/0,23812:1747647670465:,1747647682745
counter/10/0/0/0,23121:1747647667416:,1747647682745
counter/7/0/0/0,24197:1747647669755:,1747647682745
counter/4/0/0/0,21256:1747647668034:,1747647682745
counter/8/0/0/0,25295:1747647669967:,1747647682745
counter/5/0/0/0,24785:1747647670273:,1747647682745
counter/10/0/0/0,23122:1747647667416:,1747647682745
counter/7/0/0/0,24198:1747647669756:,1747647682745
counter/4/0/0/0,21257:1747647668034:,1747647682745
counter/8/0/0/0,25296:1747647669967:,1747647682745
counter/5/0/0/0,24786:1747647670273:,1747647682745
counter/10/0/0/0,23123:1747647667417:,1747647682745
counter/7/0/0/0,24199:1747647669756:,1747647682745
counter/4/0/0/0,21258:1747647668034:,1747647682745
counter/8/0/0/0,25297:1747647669967:,1747647682745
counter/5/0/0/0,24787:1747647670273:,1747647682745
counter/10/0/0/0,23124:1747647667417:,1747647682745
counter/7/0/0/0,24200:1747647669756:,1747647682745
counter/4/0/0/0,21259:1747647668038:,1747647682745
counter/8/0/0/0,25298:1747647669967:,1747647682745
counter/5/0/0/0,24788:1747647670278:,1747647682745
counter/10/0/0/0,23125:1747647667417:,1747647682745
counter/7/0/0/0,24201:1747647669756:,1747647682745
counter/4/0/0/0,21260:1747647668038:,1747647682745
counter/8/0/0/0,25299:1747647669969:,1747647682745
counter/5/0/0/0,24789:1747647670278:,1747647682745
counter/10/0/0/0,23126:1747647667417:,1747647682745
counter/7/0/0/0,24202:1747647669760:,1747647682745
counter/4/0/0/0,21261:1747647668038:,1747647682745
counter/8/0/0/0,25300:1747647669969:,1747647682745
counter/5/0/0/0,24790:1747647670278:,1747647682745
counter/10/0/0/0,23127:1747647667417:,1747647682745
counter/7/0/0/0,24203:1747647669760:,1747647682745
counter/4/0/0/0,21262:1747647668038:,1747647682745
counter/8/0/0/0,25301:1747647669969:,1747647682746
counter/5/0/0/0,24791:1747647670278:,1747647682746
counter/10/0/0/0,23128:1747647667417:,1747647682746
counter/7/0/0/0,24204:1747647669760:,1747647682746
counter/4/0/0/0,21263:1747647668038:,1747647682746
counter/8/0/0/0,25302:1747647669970:,1747647682746
counter/5/0/0/0,24792:1747647670281:,1747647682746
counter/2/0/0/0,26998:1747647671781:,1747647682746
counter/10/0/0/0,23129:1747647667417:,1747647682746
counter/7/0/0/0,24205:1747647669763:,1747647682746
counter/4/0/0/0,21264:1747647668038:,1747647682746
counter/8/0/0/0,25303:1747647669970:,1747647682746
counter/5/0/0/0,24793:1747647670281:,1747647682746
counter/10/0/0/0,23130:1747647667417:,1747647682746
counter/7/0/0/0,24206:1747647669763:,1747647682746
counter/4/0/0/0,21265:1747647668038:,1747647682746
counter/8/0/0/0,25304:1747647669974:,1747647682746
counter/5/0/0/0,24794:1747647670281:,1747647682746
counter/2/0/0/0,26999:1747647671781:,1747647682746
counter/10/0/0/0,23131:1747647667417:,1747647682746
counter/7/0/0/0,24207:1747647669770:,1747647682746
counter/4/0/0/0,21266:1747647668038:,1747647682746
counter/8/0/0/0,25305:1747647669974:,1747647682746
counter/5/0/0/0,24795:1747647670281:,1747647682746
counter/10/0/0/0,23132:1747647667417:,1747647682746
counter/7/0/0/0,24208:1747647669770:,1747647682746
counter/4/0/0/0,21267:1747647668038:,1747647682746
counter/8/0/0/0,25306:1747647669974:,1747647682746
counter/5/0/0/0,24796:1747647670281:,1747647682746
counter/10/0/0/0,23133:1747647667417:,1747647682746
counter/7/0/0/0,24209:1747647669770:,1747647682746
counter/4/0/0/0,21268:1747647668039:,1747647682746
counter/8/0/0/0,25307:1747647669974:,1747647682746
counter/5/0/0/0,24797:1747647670281:,1747647682746
counter/10/0/0/0,23134:1747647667417:,1747647682746
counter/7/0/0/0,24210:1747647669770:,1747647682746
counter/4/0/0/0,21269:1747647668039:,1747647682746
counter/8/0/0/0,25308:1747647669974:,1747647682746
counter/5/0/0/0,24798:1747647670281:,1747647682746
counter/10/0/0/0,23135:1747647667420:,1747647682746
counter/7/0/0/0,24211:1747647669770:,1747647682746
counter/4/0/0/0,21270:1747647668039:,1747647682746
counter/8/0/0/0,25309:1747647669976:,1747647682746
counter/5/0/0/0,24799:1747647670281:,1747647682746
counter/3/0/0/0,21935:1747647668163:,1747647682747
counter/9/0/0/0,27682:1747647670955:,1747647682747
counter/10/0/0/0,23136:1747647667420:,1747647682747
counter/7/0/0/0,24212:1747647669770:,1747647682747
counter/4/0/0/0,21271:1747647668039:,1747647682747
counter/8/0/0/0,25310:1747647669976:,1747647682747
counter/5/0/0/0,24800:1747647670281:,1747647682747
counter/10/0/0/0,23137:1747647667420:,1747647682747
counter/7/0/0/0,24213:1747647669770:,1747647682747
counter/4/0/0/0,21272:1747647668040:,1747647682747
counter/8/0/0/0,25311:1747647669976:,1747647682747
counter/5/0/0/0,24801:1747647670281:,1747647682747
counter/10/0/0/0,23138:1747647667420:,1747647682747
counter/7/0/0/0,24214:1747647669770:,1747647682747
counter/4/0/0/0,21273:1747647668043:,1747647682747
counter/8/0/0/0,25312:1747647669976:,1747647682747
counter/5/0/0/0,24802:1747647670281:,1747647682747
counter/10/0/0/0,23139:1747647667420:,1747647682747
counter/7/0/0/0,24215:1747647669770:,1747647682747
counter/4/0/0/0,21274:1747647668044:,1747647682747
counter/8/0/0/0,25313:1747647669976:,1747647682747
counter/5/0/0/0,24803:1747647670297:,1747647682747
counter/10/0/0/0,23140:1747647667420:,1747647682747
counter/7/0/0/0,24216:1747647669770:,1747647682747
counter/4/0/0/0,21275:1747647668044:,1747647682747
counter/8/0/0/0,25314:1747647669976:,1747647682747
counter/5/0/0/0,24804:1747647670297:,1747647682747
counter/10/0/0/0,23141:1747647667420:,1747647682747
counter/7/0/0/0,24217:1747647669770:,1747647682747
counter/4/0/0/0,21276:1747647668044:,1747647682747
counter/8/0/0/0,25315:1747647669976:,1747647682747
counter/5/0/0/0,24805:1747647670297:,1747647682747
counter/10/0/0/0,23142:1747647667420:,1747647682747
counter/7/0/0/0,24218:1747647669770:,1747647682747
counter/4/0/0/0,21277:1747647668044:,1747647682747
counter/8/0/0/0,25316:1747647669976:,1747647682747
counter/5/0/0/0,24806:1747647670297:,1747647682747
counter/10/0/0/0,23143:1747647667420:,1747647682747
counter/7/0/0/0,24219:1747647669770:,1747647682748
counter/4/0/0/0,21278:1747647668044:,1747647682748
counter/8/0/0/0,25317:1747647669976:,1747647682748
counter/5/0/0/0,24807:1747647670299:,1747647682748
counter/10/0/0/0,23144:1747647667420:,1747647682748
counter/7/0/0/0,24220:1747647669770:,1747647682748
counter/4/0/0/0,21279:1747647668044:,1747647682748
counter/8/0/0/0,25318:1747647669976:,1747647682748
counter/5/0/0/0,24808:1747647670299:,1747647682748
counter/10/0/0/0,23145:1747647667420:,1747647682748
counter/7/0/0/0,24221:1747647669770:,1747647682748
counter/4/0/0/0,21280:1747647668044:,1747647682748
counter/8/0/0/0,25319:1747647669976:,1747647682748
counter/5/0/0/0,24809:1747647670299:,1747647682748
counter/10/0/0/0,23146:1747647667422:,1747647682748
counter/7/0/0/0,24222:1747647669770:,1747647682748
counter/4/0/0/0,21281:1747647668044:,1747647682748
counter/8/0/0/0,25320:1747647669976:,1747647682748
counter/5/0/0/0,24810:1747647670312:,1747647682748
counter/10/0/0/0,23147:1747647667422:,1747647682748
counter/7/0/0/0,24223:1747647669770:,1747647682748
counter/4/0/0/0,21282:1747647668044:,1747647682748
counter/8/0/0/0,25321:1747647669976:,1747647682748
counter/5/0/0/0,24811:1747647670320:,1747647682748
counter/10/0/0/0,23148:1747647667423:,1747647682748
counter/7/0/0/0,24224:1747647669770:,1747647682748
counter/4/0/0/0,21283:1747647668044:,1747647682748
counter/8/0/0/0,25322:1747647669976:,1747647682748
counter/5/0/0/0,24812:1747647670321:,1747647682748
counter/10/0/0/0,23149:1747647667423:,1747647682748
counter/7/0/0/0,24225:1747647669771:,1747647682748
counter/4/0/0/0,21284:1747647668044:,1747647682748
counter/8/0/0/0,25323:1747647669981:,1747647682748
counter/5/0/0/0,24813:1747647670321:,1747647682748
counter/10/0/0/0,23150:1747647667423:,1747647682748
counter/7/0/0/0,24226:1747647669771:,1747647682748
counter/4/0/0/0,21285:1747647668044:,1747647682748
counter/8/0/0/0,25324:1747647669989:,1747647682748
counter/5/0/0/0,24814:1747647670321:,1747647682748
counter/2/0/0/0,27000:1747647671781:,1747647682748
counter/7/0/0/0,24227:1747647669781:,1747647682748
counter/4/0/0/0,21286:1747647668045:,1747647682748
counter/8/0/0/0,25325:1747647669996:,1747647682749
counter/5/0/0/0,24815:1747647670321:,1747647682749
counter/1/0/0/0,22031:1747647668206:,1747647682749
counter/6/0/0/0,23813:1747647670465:,1747647682749
counter/7/0/0/0,24228:1747647669781:,1747647682749
counter/4/0/0/0,21287:1747647668045:,1747647682749
counter/8/0/0/0,25326:1747647669996:,1747647682749
counter/5/0/0/0,24816:1747647670321:,1747647682749
counter/3/0/0/0,21936:1747647668163:,1747647682749
counter/9/0/0/0,27683:1747647670955:,1747647682749
counter/7/0/0/0,24229:1747647669781:,1747647682749
counter/4/0/0/0,21288:1747647668045:,1747647682749
counter/8/0/0/0,25327:1747647669996:,1747647682749
counter/5/0/0/0,24817:1747647670321:,1747647682749
counter/7/0/0/0,24230:1747647669781:,1747647682749
counter/4/0/0/0,21289:1747647668045:,1747647682749
counter/8/0/0/0,25328:1747647669996:,1747647682749
counter/5/0/0/0,24818:1747647670321:,1747647682749
counter/7/0/0/0,24231:1747647669781:,1747647682749
counter/4/0/0/0,21290:1747647668045:,1747647682749
counter/8/0/0/0,25329:1747647669996:,1747647682749
counter/5/0/0/0,24819:1747647670328:,1747647682749
counter/7/0/0/0,24232:1747647669781:,1747647682749
counter/4/0/0/0,21291:1747647668045:,1747647682749
counter/8/0/0/0,25330:1747647669996:,1747647682749
counter/5/0/0/0,24820:1747647670328:,1747647682749
counter/7/0/0/0,24233:1747647669781:,1747647682749
counter/4/0/0/0,21292:1747647668050:,1747647682749
counter/8/0/0/0,25331:1747647669997:,1747647682749
counter/5/0/0/0,24821:1747647670329:,1747647682749
counter/7/0/0/0,24234:1747647669781:,1747647682749
counter/4/0/0/0,21293:1747647668050:,1747647682749
counter/8/0/0/0,25332:1747647669997:,1747647682749
counter/5/0/0/0,24822:1747647670329:,1747647682749
counter/7/0/0/0,24235:1747647669781:,1747647682749
counter/4/0/0/0,21294:1747647668050:,1747647682749
counter/8/0/0/0,25333:1747647669997:,1747647682749
counter/5/0/0/0,24823:1747647670329:,1747647682749
counter/7/0/0/0,24236:1747647669781:,1747647682750
counter/4/0/0/0,21295:1747647668056:,1747647682750
counter/8/0/0/0,25334:1747647669997:,1747647682750
counter/5/0/0/0,24824:1747647670329:,1747647682750
counter/7/0/0/0,24237:1747647669781:,1747647682750
counter/4/0/0/0,21296:1747647668056:,1747647682750
counter/8/0/0/0,25335:1747647669997:,1747647682750
counter/5/0/0/0,24825:1747647670329:,1747647682750
counter/7/0/0/0,24238:1747647669781:,1747647682750
counter/4/0/0/0,21297:1747647668056:,1747647682750
counter/8/0/0/0,25336:1747647669998:,1747647682750
counter/5/0/0/0,24826:1747647670329:,1747647682750
counter/7/0/0/0,24239:1747647669781:,1747647682750
counter/4/0/0/0,21298:1747647668056:,1747647682750
counter/8/0/0/0,25337:1747647669998:,1747647682750
counter/5/0/0/0,24827:1747647670329:,1747647682750
counter/7/0/0/0,24240:1747647669781:,1747647682750
counter/4/0/0/0,21299:1747647668056:,1747647682750
counter/8/0/0/0,25338:1747647669998:,1747647682750
counter/5/0/0/0,24828:1747647670329:,1747647682750
counter/7/0/0/0,24241:1747647669781:,1747647682750
counter/4/0/0/0,21300:1747647668056:,1747647682750
counter/8/0/0/0,25339:1747647669998:,1747647682750
counter/5/0/0/0,24829:1747647670329:,1747647682750
counter/7/0/0/0,24242:1747647669781:,1747647682750
counter/4/0/0/0,21301:1747647668056:,1747647682750
counter/8/0/0/0,25340:1747647669998:,1747647682750
counter/5/0/0/0,24830:1747647670329:,1747647682750
counter/7/0/0/0,24243:1747647669781:,1747647682750
counter/4/0/0/0,21302:1747647668056:,1747647682750
counter/8/0/0/0,25341:1747647669998:,1747647682750
counter/5/0/0/0,24831:1747647670329:,1747647682750
counter/7/0/0/0,24244:1747647669781:,1747647682750
counter/4/0/0/0,21303:1747647668057:,1747647682750
counter/8/0/0/0,25342:1747647669998:,1747647682750
counter/5/0/0/0,24832:1747647670329:,1747647682750
counter/7/0/0/0,24245:1747647669781:,1747647682750
counter/4/0/0/0,21304:1747647668057:,1747647682750
counter/8/0/0/0,25343:1747647669998:,1747647682750
counter/5/0/0/0,24833:1747647670329:,1747647682750
counter/7/0/0/0,24246:1747647669781:,1747647682750
counter/4/0/0/0,21305:1747647668058:,1747647682750
counter/8/0/0/0,25344:1747647669998:,1747647682750
counter/5/0/0/0,24834:1747647670338:,1747647682751
counter/7/0/0/0,24247:1747647669781:,1747647682751
counter/4/0/0/0,21306:1747647668071:,1747647682751
counter/8/0/0/0,25345:1747647669998:,1747647682751
counter/5/0/0/0,24835:1747647670338:,1747647682751
counter/7/0/0/0,24248:1747647669781:,1747647682751
counter/4/0/0/0,21307:1747647668071:,1747647682751
counter/8/0/0/0,25346:1747647669998:,1747647682751
counter/5/0/0/0,24836:1747647670338:,1747647682751
counter/7/0/0/0,24249:1747647669781:,1747647682751
counter/4/0/0/0,21308:1747647668071:,1747647682751
counter/8/0/0/0,25347:1747647669998:,1747647682751
counter/5/0/0/0,24837:1747647670338:,1747647682751
counter/7/0/0/0,24250:1747647669782:,1747647682751
counter/4/0/0/0,21309:1747647668071:,1747647682751
counter/8/0/0/0,25348:1747647669998:,1747647682751
counter/5/0/0/0,24838:1747647670338:,1747647682751
counter/7/0/0/0,24251:1747647669782:,1747647682751
counter/4/0/0/0,21310:1747647668071:,1747647682751
counter/8/0/0/0,25349:1747647669999:,1747647682751
counter/5/0/0/0,24839:1747647670338:,1747647682751
counter/7/0/0/0,24252:1747647669782:,1747647682751
counter/4/0/0/0,21311:1747647668071:,1747647682751
counter/8/0/0/0,25350:1747647669999:,1747647682751
counter/5/0/0/0,24840:1747647670338:,1747647682751
counter/7/0/0/0,24253:1747647669782:,1747647682751
counter/4/0/0/0,21312:1747647668071:,1747647682751
counter/8/0/0/0,25351:1747647669999:,1747647682751
counter/5/0/0/0,24841:1747647670338:,1747647682751
counter/7/0/0/0,24254:1747647669789:,1747647682751
counter/4/0/0/0,21313:1747647668071:,1747647682751
counter/8/0/0/0,25352:1747647669999:,1747647682751
counter/5/0/0/0,24842:1747647670338:,1747647682751
counter/7/0/0/0,24255:1747647669789:,1747647682751
counter/4/0/0/0,21314:1747647668071:,1747647682751
counter/8/0/0/0,25353:1747647669999:,1747647682751
counter/5/0/0/0,24843:1747647670338:,1747647682751
counter/7/0/0/0,24256:1747647669790:,1747647682751
counter/4/0/0/0,21315:1747647668071:,1747647682751
counter/8/0/0/0,25354:1747647669999:,1747647682751
counter/5/0/0/0,24844:1747647670338:,1747647682751
counter/7/0/0/0,24257:1747647669790:,1747647682752
counter/4/0/0/0,21316:1747647668071:,1747647682752
counter/8/0/0/0,25355:1747647669999:,1747647682752
counter/5/0/0/0,24845:1747647670338:,1747647682752
counter/7/0/0/0,24258:1747647669790:,1747647682752
counter/4/0/0/0,21317:1747647668071:,1747647682752
counter/8/0/0/0,25356:1747647669999:,1747647682752
counter/5/0/0/0,24846:1747647670338:,1747647682752
counter/7/0/0/0,24259:1747647669790:,1747647682752
counter/4/0/0/0,21318:1747647668072:,1747647682752
counter/8/0/0/0,25357:1747647669999:,1747647682752
counter/5/0/0/0,24847:1747647670338:,1747647682752
counter/7/0/0/0,24260:1747647669790:,1747647682752
counter/4/0/0/0,21319:1747647668072:,1747647682752
counter/8/0/0/0,25358:1747647669999:,1747647682752
counter/5/0/0/0,24848:1747647670338:,1747647682752
counter/7/0/0/0,24261:1747647669790:,1747647682752
counter/4/0/0/0,21320:1747647668072:,1747647682752
counter/8/0/0/0,25359:1747647669999:,1747647682752
counter/5/0/0/0,24849:1747647670354:,1747647682752
counter/7/0/0/0,24262:1747647669790:,1747647682752
counter/4/0/0/0,21321:1747647668072:,1747647682752
counter/8/0/0/0,25360:1747647670000:,1747647682752
counter/5/0/0/0,24850:1747647670364:,1747647682752
counter/7/0/0/0,24263:1747647669790:,1747647682752
counter/4/0/0/0,21322:1747647668072:,1747647682752
counter/8/0/0/0,25361:1747647670000:,1747647682752
counter/5/0/0/0,24851:1747647670365:,1747647682752
counter/7/0/0/0,24264:1747647669790:,1747647682752
counter/4/0/0/0,21323:1747647668072:,1747647682752
counter/8/0/0/0,25362:1747647670000:,1747647682752
counter/5/0/0/0,24852:1747647670365:,1747647682752
counter/7/0/0/0,24265:1747647669790:,1747647682752
counter/4/0/0/0,21324:1747647668072:,1747647682752
counter/8/0/0/0,25363:1747647670000:,1747647682752
counter/5/0/0/0,24853:1747647670365:,1747647682752
counter/7/0/0/0,24266:1747647669790:,1747647682752
counter/4/0/0/0,21325:1747647668072:,1747647682752
counter/8/0/0/0,25364:1747647670000:,1747647682752
counter/5/0/0/0,24854:1747647670365:,1747647682752
counter/7/0/0/0,24267:1747647669790:,1747647682752
counter/4/0/0/0,21326:1747647668072:,1747647682752
counter/8/0/0/0,25365:1747647670012:,1747647682753
counter/5/0/0/0,24855:1747647670365:,1747647682753
counter/7/0/0/0,24268:1747647669790:,1747647682753
counter/4/0/0/0,21327:1747647668072:,1747647682753
counter/8/0/0/0,25366:1747647670012:,1747647682753
counter/5/0/0/0,24856:1747647670365:,1747647682753
counter/7/0/0/0,24269:1747647669790:,1747647682753
counter/4/0/0/0,21328:1747647668072:,1747647682753
counter/8/0/0/0,25367:1747647670012:,1747647682753
counter/5/0/0/0,24857:1747647670365:,1747647682753
counter/7/0/0/0,24270:1747647669790:,1747647682753
counter/4/0/0/0,21329:1747647668072:,1747647682753
counter/8/0/0/0,25368:1747647670012:,1747647682753
counter/5/0/0/0,24858:1747647670365:,1747647682753
counter/7/0/0/0,24271:1747647669790:,1747647682753
counter/4/0/0/0,21330:1747647668072:,1747647682753
counter/8/0/0/0,25369:1747647670012:,1747647682753
counter/5/0/0/0,24859:1747647670365:,1747647682753
counter/7/0/0/0,24272:1747647669790:,1747647682753
counter/4/0/0/0,21331:1747647668072:,1747647682753
counter/8/0/0/0,25370:1747647670012:,1747647682753
counter/5/0/0/0,24860:1747647670365:,1747647682753
counter/7/0/0/0,24273:1747647669790:,1747647682753
counter/4/0/0/0,21332:1747647668072:,1747647682753
counter/8/0/0/0,25371:1747647670012:,1747647682753
counter/5/0/0/0,24861:1747647670365:,1747647682753
counter/7/0/0/0,24274:1747647669790:,1747647682753
counter/4/0/0/0,21333:1747647668072:,1747647682753
counter/8/0/0/0,25372:1747647670012:,1747647682753
counter/5/0/0/0,24862:1747647670365:,1747647682753
counter/7/0/0/0,24275:1747647669790:,1747647682753
counter/4/0/0/0,21334:1747647668077:,1747647682753
counter/8/0/0/0,25373:1747647670012:,1747647682753
counter/5/0/0/0,24863:1747647670365:,1747647682753
counter/7/0/0/0,24276:1747647669790:,1747647682753
counter/4/0/0/0,21335:1747647668078:,1747647682753
counter/8/0/0/0,25374:1747647670012:,1747647682753
counter/5/0/0/0,24864:1747647670365:,1747647682753
counter/7/0/0/0,24277:1747647669790:,1747647682753
counter/4/0/0/0,21336:1747647668078:,1747647682753
counter/8/0/0/0,25375:1747647670012:,1747647682753
counter/5/0/0/0,24865:1747647670367:,1747647682753
counter/7/0/0/0,24278:1747647669790:,1747647682753
counter/4/0/0/0,21337:1747647668078:,1747647682754
counter/8/0/0/0,25376:1747647670014:,1747647682754
counter/5/0/0/0,24866:1747647670367:,1747647682754
counter/7/0/0/0,24279:1747647669790:,1747647682754
counter/4/0/0/0,21338:1747647668078:,1747647682754
counter/8/0/0/0,25377:1747647670014:,1747647682754
counter/5/0/0/0,24867:1747647670367:,1747647682754
counter/9/0/0/0,27684:1747647670969:,1747647682754
counter/7/0/0/0,24280:1747647669802:,1747647682754
counter/4/0/0/0,21339:1747647668078:,1747647682754
counter/8/0/0/0,25378:1747647670014:,1747647682754
counter/5/0/0/0,24868:1747647670367:,1747647682754
counter/7/0/0/0,24281:1747647669802:,1747647682754
counter/4/0/0/0,21340:1747647668078:,1747647682754
counter/8/0/0/0,25379:1747647670014:,1747647682754
counter/5/0/0/0,24869:1747647670367:,1747647682754
counter/7/0/0/0,24282:1747647669802:,1747647682754
counter/4/0/0/0,21341:1747647668078:,1747647682754
counter/8/0/0/0,25380:1747647670014:,1747647682754
counter/5/0/0/0,24870:1747647670367:,1747647682754
counter/7/0/0/0,24283:1747647669802:,1747647682754
counter/4/0/0/0,21342:1747647668078:,1747647682754
counter/8/0/0/0,25381:1747647670014:,1747647682754
counter/5/0/0/0,24871:1747647670367:,1747647682754
counter/6/0/0/0,23814:1747647670465:,1747647682754
counter/2/0/0/0,27001:1747647671781:,1747647682754
counter/7/0/0/0,24284:1747647669802:,1747647682754
counter/4/0/0/0,21343:1747647668078:,1747647682754
counter/8/0/0/0,25382:1747647670014:,1747647682754
counter/5/0/0/0,24872:1747647670368:,1747647682754
counter/3/0/0/0,21937:1747647668163:,1747647682754
counter/9/0/0/0,27685:1747647670969:,1747647682754
counter/7/0/0/0,24285:1747647669802:,1747647682754
counter/4/0/0/0,21344:1747647668078:,1747647682754
counter/8/0/0/0,25383:1747647670014:,1747647682754
counter/5/0/0/0,24873:1747647670372:,1747647682754
counter/3/0/0/0,21938:1747647668163:,1747647682755
counter/7/0/0/0,24286:1747647669802:,1747647682755
counter/4/0/0/0,21345:1747647668078:,1747647682755
counter/8/0/0/0,25384:1747647670014:,1747647682755
counter/5/0/0/0,24874:1747647670373:,1747647682755
counter/3/0/0/0,21939:1747647668163:,1747647682755
counter/1/0/0/0,22032:1747647668206:,1747647682755
counter/7/0/0/0,24287:1747647669802:,1747647682755
counter/4/0/0/0,21346:1747647668078:,1747647682755
counter/8/0/0/0,25385:1747647670014:,1747647682755
counter/5/0/0/0,24875:1747647670373:,1747647682755
counter/3/0/0/0,21940:1747647668163:,1747647682755
counter/1/0/0/0,22033:1747647668206:,1747647682755
counter/7/0/0/0,24288:1747647669802:,1747647682755
counter/4/0/0/0,21347:1747647668078:,1747647682755
counter/8/0/0/0,25386:1747647670014:,1747647682755
counter/5/0/0/0,24876:1747647670373:,1747647682755
counter/1/0/0/0,22034:1747647668213:,1747647682755
counter/7/0/0/0,24289:1747647669802:,1747647682755
counter/4/0/0/0,21348:1747647668078:,1747647682755
counter/8/0/0/0,25387:1747647670014:,1747647682755
counter/5/0/0/0,24877:1747647670373:,1747647682755
counter/1/0/0/0,22035:1747647668213:,1747647682755
counter/7/0/0/0,24290:1747647669802:,1747647682755
counter/4/0/0/0,21349:1747647668078:,1747647682755
counter/8/0/0/0,25388:1747647670014:,1747647682755
counter/5/0/0/0,24878:1747647670373:,1747647682755
counter/1/0/0/0,22036:1747647668213:,1747647682755
counter/7/0/0/0,24291:1747647669802:,1747647682755
counter/4/0/0/0,21350:1747647668083:,1747647682755
counter/8/0/0/0,25389:1747647670015:,1747647682755
counter/5/0/0/0,24879:1747647670373:,1747647682755
counter/1/0/0/0,22037:1747647668213:,1747647682755
counter/7/0/0/0,24292:1747647669803:,1747647682755
counter/4/0/0/0,21351:1747647668084:,1747647682755
counter/8/0/0/0,25390:1747647670015:,1747647682755
counter/5/0/0/0,24880:1747647670373:,1747647682755
counter/1/0/0/0,22038:1747647668213:,1747647682755
counter/7/0/0/0,24293:1747647669803:,1747647682755
counter/4/0/0/0,21352:1747647668084:,1747647682755
counter/8/0/0/0,25391:1747647670015:,1747647682755
counter/5/0/0/0,24881:1747647670373:,1747647682756
counter/1/0/0/0,22039:1747647668213:,1747647682756
counter/7/0/0/0,24294:1747647669803:,1747647682756
counter/4/0/0/0,21353:1747647668084:,1747647682756
counter/8/0/0/0,25392:1747647670015:,1747647682756
counter/5/0/0/0,24882:1747647670373:,1747647682756
counter/1/0/0/0,22040:1747647668213:,1747647682756
counter/7/0/0/0,24295:1747647669803:,1747647682756
counter/4/0/0/0,21354:1747647668084:,1747647682756
counter/8/0/0/0,25393:1747647670015:,1747647682756
counter/5/0/0/0,24883:1747647670373:,1747647682756
counter/1/0/0/0,22041:1747647668243:,1747647682756
counter/7/0/0/0,24296:1747647669803:,1747647682756
counter/4/0/0/0,21355:1747647668084:,1747647682756
counter/8/0/0/0,25394:1747647670015:,1747647682756
counter/5/0/0/0,24884:1747647670373:,1747647682756
counter/1/0/0/0,22042:1747647668243:,1747647682756
counter/7/0/0/0,24297:1747647669808:,1747647682756
counter/4/0/0/0,21356:1747647668084:,1747647682756
counter/8/0/0/0,25395:1747647670019:,1747647682756
counter/5/0/0/0,24885:1747647670373:,1747647682756
counter/1/0/0/0,22043:1747647668243:,1747647682756
counter/7/0/0/0,24298:1747647669808:,1747647682756
counter/4/0/0/0,21357:1747647668084:,1747647682756
counter/8/0/0/0,25396:1747647670020:,1747647682756
counter/5/0/0/0,24886:1747647670373:,1747647682756
counter/1/0/0/0,22044:1747647668243:,1747647682756
counter/7/0/0/0,24299:1747647669808:,1747647682756
counter/4/0/0/0,21358:1747647668084:,1747647682756
counter/8/0/0/0,25397:1747647670020:,1747647682756
counter/5/0/0/0,24887:1747647670373:,1747647682756
counter/1/0/0/0,22045:1747647668243:,1747647682756
counter/2/0/0/0,27002:1747647671782:,1747647682756
counter/7/0/0/0,24300:1747647669811:,1747647682756
counter/4/0/0/0,21359:1747647668084:,1747647682756
counter/8/0/0/0,25398:1747647670020:,1747647682756
counter/5/0/0/0,24888:1747647670373:,1747647682756
counter/1/0/0/0,22046:1747647668243:,1747647682756
counter/2/0/0/0,27003:1747647671782:,1747647682756
counter/7/0/0/0,24301:1747647669811:,1747647682757
counter/4/0/0/0,21360:1747647668084:,1747647682757
counter/8/0/0/0,25399:1747647670020:,1747647682757
counter/5/0/0/0,24889:1747647670373:,1747647682757
counter/1/0/0/0,22047:1747647668243:,1747647682757
counter/2/0/0/0,27004:1747647671782:,1747647682757
counter/7/0/0/0,24302:1747647669812:,1747647682757
counter/4/0/0/0,21361:1747647668084:,1747647682757
counter/8/0/0/0,25400:1747647670020:,1747647682757
counter/5/0/0/0,24890:1747647670373:,1747647682757
counter/1/0/0/0,22048:1747647668247:,1747647682757
counter/2/0/0/0,27005:1747647671782:,1747647682757
counter/6/0/0/0,23815:1747647670465:,1747647682757
counter/7/0/0/0,24303:1747647669812:,1747647682757
counter/4/0/0/0,21362:1747647668084:,1747647682757
counter/8/0/0/0,25401:1747647670020:,1747647682757
counter/5/0/0/0,24891:1747647670373:,1747647682757
counter/1/0/0/0,22049:1747647668248:,1747647682757
counter/2/0/0/0,27006:1747647671782:,1747647682757
counter/7/0/0/0,24304:1747647669812:,1747647682757
counter/4/0/0/0,21363:1747647668084:,1747647682757
counter/8/0/0/0,25402:1747647670020:,1747647682757
counter/5/0/0/0,24892:1747647670390:,1747647682757
counter/1/0/0/0,22050:1747647668251:,1747647682757
counter/2/0/0/0,27007:1747647671782:,1747647682757
counter/6/0/0/0,23816:1747647670466:,1747647682757
counter/7/0/0/0,24305:1747647669819:,1747647682757
counter/4/0/0/0,21364:1747647668084:,1747647682757
counter/8/0/0/0,25403:1747647670020:,1747647682757
counter/2/0/0/0,27008:1747647671787:,1747647682757
counter/6/0/0/0,23817:1747647670466:,1747647682757
counter/10/0/0/0,23151:1747647667423:,1747647682757
counter/7/0/0/0,24306:1747647669819:,1747647682757
counter/4/0/0/0,21365:1747647668093:,1747647682757
counter/8/0/0/0,25404:1747647670020:,1747647682757
counter/2/0/0/0,27009:1747647671787:,1747647682757
counter/6/0/0/0,23818:1747647670471:,1747647682757
counter/10/0/0/0,23152:1747647667423:,1747647682757
counter/7/0/0/0,24307:1747647669819:,1747647682757
counter/4/0/0/0,21366:1747647668093:,1747647682758
counter/8/0/0/0,25405:1747647670020:,1747647682758
counter/2/0/0/0,27010:1747647671787:,1747647682758
counter/6/0/0/0,23819:1747647670472:,1747647682758
counter/7/0/0/0,24308:1747647669819:,1747647682758
counter/4/0/0/0,21367:1747647668093:,1747647682758
counter/8/0/0/0,25406:1747647670020:,1747647682758
counter/2/0/0/0,27011:1747647671787:,1747647682758
counter/6/0/0/0,23820:1747647670473:,1747647682758
counter/7/0/0/0,24309:1747647669819:,1747647682758
counter/4/0/0/0,21368:1747647668094:,1747647682758
counter/8/0/0/0,25407:1747647670020:,1747647682758
counter/2/0/0/0,27012:1747647671787:,1747647682758
counter/6/0/0/0,23821:1747647670473:,1747647682758
counter/7/0/0/0,24310:1747647669819:,1747647682758
counter/4/0/0/0,21369:1747647668094:,1747647682758
counter/8/0/0/0,25408:1747647670022:,1747647682758
counter/2/0/0/0,27013:1747647671788:,1747647682758
counter/6/0/0/0,23822:1747647670473:,1747647682758
counter/7/0/0/0,24311:1747647669820:,1747647682758
counter/4/0/0/0,21370:1747647668094:,1747647682758
counter/8/0/0/0,25409:1747647670022:,1747647682758
counter/2/0/0/0,27014:1747647671788:,1747647682758
counter/7/0/0/0,24312:1747647669820:,1747647682758
counter/4/0/0/0,21371:1747647668094:,1747647682758
counter/8/0/0/0,25410:1747647670022:,1747647682758
counter/2/0/0/0,27015:1747647671788:,1747647682758
counter/7/0/0/0,24313:1747647669820:,1747647682758
counter/4/0/0/0,21372:1747647668094:,1747647682758
counter/8/0/0/0,25411:1747647670022:,1747647682758
counter/2/0/0/0,27016:1747647671788:,1747647682758
counter/7/0/0/0,24314:1747647669820:,1747647682758
counter/4/0/0/0,21373:1747647668094:,1747647682758
counter/8/0/0/0,25412:1747647670022:,1747647682758
counter/2/0/0/0,27017:1747647671788:,1747647682758
counter/7/0/0/0,24315:1747647669820:,1747647682758
counter/4/0/0/0,21374:1747647668094:,1747647682758
counter/8/0/0/0,25413:1747647670022:,1747647682758
counter/2/0/0/0,27018:1747647671788:,1747647682758
counter/7/0/0/0,24316:1747647669820:,1747647682758
counter/4/0/0/0,21375:1747647668094:,1747647682758
counter/8/0/0/0,25414:1747647670022:,1747647682758
counter/2/0/0/0,27019:1747647671788:,1747647682759
counter/7/0/0/0,24317:1747647669820:,1747647682759
counter/4/0/0/0,21376:1747647668094:,1747647682759
counter/8/0/0/0,25415:1747647670022:,1747647682759
counter/2/0/0/0,27020:1747647671788:,1747647682759
counter/7/0/0/0,24318:1747647669820:,1747647682759
counter/4/0/0/0,21377:1747647668094:,1747647682759
counter/8/0/0/0,25416:1747647670023:,1747647682759
counter/2/0/0/0,27021:1747647671788:,1747647682759
counter/7/0/0/0,24319:1747647669820:,1747647682759
counter/4/0/0/0,21378:1747647668094:,1747647682759
counter/8/0/0/0,25417:1747647670023:,1747647682759
counter/2/0/0/0,27022:1747647671788:,1747647682759
counter/7/0/0/0,24320:1747647669820:,1747647682759
counter/4/0/0/0,21379:1747647668094:,1747647682759
counter/8/0/0/0,25418:1747647670023:,1747647682759
counter/2/0/0/0,27023:1747647671788:,1747647682759
counter/7/0/0/0,24321:1747647669820:,1747647682759
counter/4/0/0/0,21380:1747647668094:,1747647682759
counter/8/0/0/0,25419:1747647670023:,1747647682759
counter/2/0/0/0,27024:1747647671788:,1747647682759
counter/7/0/0/0,24322:1747647669825:,1747647682759
counter/4/0/0/0,21381:1747647668094:,1747647682759
counter/8/0/0/0,25420:1747647670056:,1747647682759
counter/2/0/0/0,27025:1747647671788:,1747647682759
counter/7/0/0/0,24323:1747647669825:,1747647682759
counter/8/0/0/0,25421:1747647670059:,1747647682759
counter/2/0/0/0,27026:1747647671788:,1747647682759
counter/7/0/0/0,24324:1747647669825:,1747647682759
counter/8/0/0/0,25422:1747647670059:,1747647682759
counter/2/0/0/0,27027:1747647671788:,1747647682759
counter/7/0/0/0,24325:1747647669825:,1747647682759
counter/8/0/0/0,25423:1747647670059:,1747647682759
counter/2/0/0/0,27028:1747647671793:,1747647682759
counter/7/0/0/0,24326:1747647669825:,1747647682759
counter/8/0/0/0,25424:1747647670059:,1747647682759
counter/2/0/0/0,27029:1747647671793:,1747647682759
counter/7/0/0/0,24327:1747647669839:,1747647682759
counter/8/0/0/0,25425:1747647670059:,1747647682760
counter/2/0/0/0,27030:1747647671794:,1747647682760
counter/7/0/0/0,24328:1747647669840:,1747647682760
counter/8/0/0/0,25426:1747647670059:,1747647682760
counter/2/0/0/0,27031:1747647671794:,1747647682760
counter/7/0/0/0,24329:1747647669840:,1747647682760
counter/8/0/0/0,25427:1747647670059:,1747647682760
counter/2/0/0/0,27032:1747647671794:,1747647682760
counter/7/0/0/0,24330:1747647669840:,1747647682760
counter/8/0/0/0,25428:1747647670060:,1747647682760
counter/2/0/0/0,27033:1747647671794:,1747647682760
counter/7/0/0/0,24331:1747647669840:,1747647682760
counter/8/0/0/0,25429:1747647670060:,1747647682760
counter/2/0/0/0,27034:1747647671794:,1747647682760
counter/7/0/0/0,24332:1747647669840:,1747647682760
counter/8/0/0/0,25430:1747647670060:,1747647682760
counter/2/0/0/0,27035:1747647671794:,1747647682760
counter/7/0/0/0,24333:1747647669840:,1747647682760
counter/8/0/0/0,25431:1747647670065:,1747647682760
counter/2/0/0/0,27036:1747647671794:,1747647682760
counter/7/0/0/0,24334:1747647669840:,1747647682760
counter/8/0/0/0,25432:1747647670067:,1747647682760
counter/2/0/0/0,27037:1747647671794:,1747647682760
counter/7/0/0/0,24335:1747647669853:,1747647682760
counter/8/0/0/0,25433:1747647670067:,1747647682760
counter/2/0/0/0,27038:1747647671794:,1747647682760
counter/7/0/0/0,24336:1747647669854:,1747647682760
counter/8/0/0/0,25434:1747647670067:,1747647682760
counter/2/0/0/0,27039:1747647671794:,1747647682760
counter/7/0/0/0,24337:1747647669854:,1747647682760
counter/8/0/0/0,25435:1747647670067:,1747647682760
counter/2/0/0/0,27040:1747647671794:,1747647682760
counter/7/0/0/0,24338:1747647669854:,1747647682760
counter/8/0/0/0,25436:1747647670075:,1747647682760
counter/2/0/0/0,27041:1747647671794:,1747647682760
counter/7/0/0/0,24339:1747647669854:,1747647682760
counter/8/0/0/0,25437:1747647670075:,1747647682760
counter/2/0/0/0,27042:1747647671794:,1747647682760
counter/7/0/0/0,24340:1747647669854:,1747647682761
counter/8/0/0/0,25438:1747647670075:,1747647682761
counter/2/0/0/0,27043:1747647671794:,1747647682761
counter/7/0/0/0,24341:1747647669854:,1747647682761
counter/8/0/0/0,25439:1747647670075:,1747647682761
counter/2/0/0/0,27044:1747647671794:,1747647682761
counter/7/0/0/0,24342:1747647669854:,1747647682761
counter/8/0/0/0,25440:1747647670075:,1747647682761
counter/2/0/0/0,27045:1747647671794:,1747647682761
counter/7/0/0/0,24343:1747647669855:,1747647682761
counter/8/0/0/0,25441:1747647670075:,1747647682761
counter/2/0/0/0,27046:1747647671794:,1747647682761
counter/7/0/0/0,24344:1747647669855:,1747647682761
counter/8/0/0/0,25442:1747647670075:,1747647682761
counter/2/0/0/0,27047:1747647671794:,1747647682761
counter/7/0/0/0,24345:1747647669855:,1747647682761
counter/8/0/0/0,25443:1747647670076:,1747647682761
counter/2/0/0/0,27048:1747647671794:,1747647682761
counter/7/0/0/0,24346:1747647669855:,1747647682761
counter/8/0/0/0,25444:1747647670076:,1747647682761
counter/2/0/0/0,27049:1747647671794:,1747647682761
counter/7/0/0/0,24347:1747647669855:,1747647682761
counter/8/0/0/0,25445:1747647670076:,1747647682761
counter/2/0/0/0,27050:1747647671794:,1747647682761
counter/7/0/0/0,24348:1747647669855:,1747647682761
counter/8/0/0/0,25446:1747647670076:,1747647682761
counter/2/0/0/0,27051:1747647671794:,1747647682761
counter/7/0/0/0,24349:1747647669859:,1747647682761
counter/8/0/0/0,25447:1747647670076:,1747647682761
counter/2/0/0/0,27052:1747647671794:,1747647682761
counter/7/0/0/0,24350:1747647669860:,1747647682761
counter/8/0/0/0,25448:1747647670076:,1747647682761
counter/2/0/0/0,27053:1747647671794:,1747647682761
counter/7/0/0/0,24351:1747647669860:,1747647682761
counter/8/0/0/0,25449:1747647670076:,1747647682761
counter/2/0/0/0,27054:1747647671794:,1747647682761
counter/7/0/0/0,24352:1747647669860:,1747647682761
counter/8/0/0/0,25450:1747647670076:,1747647682761
counter/2/0/0/0,27055:1747647671794:,1747647682761
counter/7/0/0/0,24353:1747647669860:,1747647682761
counter/8/0/0/0,25451:1747647670076:,1747647682761
counter/2/0/0/0,27056:1747647671794:,1747647682762
counter/7/0/0/0,24354:1747647669860:,1747647682762
counter/8/0/0/0,25452:1747647670079:,1747647682762
counter/2/0/0/0,27057:1747647671794:,1747647682762
counter/7/0/0/0,24355:1747647669860:,1747647682762
counter/8/0/0/0,25453:1747647670080:,1747647682762
counter/2/0/0/0,27058:1747647671794:,1747647682762
counter/7/0/0/0,24356:1747647669860:,1747647682762
counter/8/0/0/0,25454:1747647670080:,1747647682762
counter/2/0/0/0,27059:1747647671800:,1747647682762
counter/7/0/0/0,24357:1747647669860:,1747647682762
counter/8/0/0/0,25455:1747647670080:,1747647682762
counter/2/0/0/0,27060:1747647671800:,1747647682762
counter/7/0/0/0,24358:1747647669860:,1747647682762
counter/8/0/0/0,25456:1747647670085:,1747647682762
counter/2/0/0/0,27061:1747647671800:,1747647682762
counter/7/0/0/0,24359:1747647669860:,1747647682762
counter/8/0/0/0,25457:1747647670085:,1747647682762
counter/2/0/0/0,27062:1747647671800:,1747647682762
counter/4/0/0/0,21382:1747647668094:,1747647682762
counter/7/0/0/0,24360:1747647669860:,1747647682762
counter/8/0/0/0,25458:1747647670085:,1747647682762
counter/2/0/0/0,27063:1747647671800:,1747647682762
counter/7/0/0/0,24361:1747647669860:,1747647682762
counter/8/0/0/0,25459:1747647670085:,1747647682762
counter/2/0/0/0,27064:1747647671800:,1747647682762
counter/7/0/0/0,24362:1747647669860:,1747647682762
counter/8/0/0/0,25460:1747647670089:,1747647682762
counter/2/0/0/0,27065:1747647671800:,1747647682762
counter/5/0/0/0,24893:1747647670390:,1747647682762
counter/7/0/0/0,24363:1747647669860:,1747647682762
counter/8/0/0/0,25461:1747647670089:,1747647682762
counter/2/0/0/0,27066:1747647671800:,1747647682762
counter/6/0/0/0,23823:1747647670473:,1747647682762
counter/7/0/0/0,24364:1747647669860:,1747647682762
counter/8/0/0/0,25462:1747647670089:,1747647682762
counter/2/0/0/0,27067:1747647671803:,1747647682762
counter/10/0/0/0,23153:1747647667423:,1747647682762
counter/7/0/0/0,24365:1747647669860:,1747647682762
counter/8/0/0/0,25463:1747647670089:,1747647682763
counter/2/0/0/0,27068:1747647671803:,1747647682763
counter/3/0/0/0,21941:1747647668163:,1747647682763
counter/7/0/0/0,24366:1747647669860:,1747647682763
counter/8/0/0/0,25464:1747647670089:,1747647682763
counter/2/0/0/0,27069:1747647671803:,1747647682763
counter/1/0/0/0,22051:1747647668251:,1747647682763
counter/7/0/0/0,24367:1747647669860:,1747647682763
counter/8/0/0/0,25465:1747647670089:,1747647682763
counter/2/0/0/0,27070:1747647671803:,1747647682763
counter/7/0/0/0,24368:1747647669864:,1747647682763
counter/8/0/0/0,25466:1747647670089:,1747647682763
counter/2/0/0/0,27071:1747647671803:,1747647682763
counter/7/0/0/0,24369:1747647669864:,1747647682763
counter/8/0/0/0,25467:1747647670089:,1747647682763
counter/2/0/0/0,27072:1747647671803:,1747647682763
counter/7/0/0/0,24370:1747647669864:,1747647682763
counter/8/0/0/0,25468:1747647670090:,1747647682763
counter/2/0/0/0,27073:1747647671803:,1747647682763
counter/7/0/0/0,24371:1747647669864:,1747647682763
counter/8/0/0/0,25469:1747647670090:,1747647682763
counter/7/0/0/0,24372:1747647669864:,1747647682763
counter/8/0/0/0,25470:1747647670090:,1747647682763
counter/2/0/0/0,27074:1747647671803:,1747647682763
counter/7/0/0/0,24373:1747647669864:,1747647682763
counter/8/0/0/0,25471:1747647670090:,1747647682763
counter/7/0/0/0,24374:1747647669864:,1747647682763
counter/8/0/0/0,25472:1747647670090:,1747647682763
counter/7/0/0/0,24375:1747647669864:,1747647682763
counter/8/0/0/0,25473:1747647670090:,1747647682763
counter/5/0/0/0,24894:1747647670390:,1747647682763
counter/7/0/0/0,24376:1747647669864:,1747647682763
counter/8/0/0/0,25474:1747647670090:,1747647682763
counter/5/0/0/0,24895:1747647670390:,1747647682763
counter/7/0/0/0,24377:1747647669876:,1747647682763
counter/8/0/0/0,25475:1747647670090:,1747647682763
counter/5/0/0/0,24896:1747647670395:,1747647682763
counter/7/0/0/0,24378:1747647669876:,1747647682763
counter/8/0/0/0,25476:1747647670090:,1747647682763
counter/5/0/0/0,24897:1747647670395:,1747647682763
counter/7/0/0/0,24379:1747647669893:,1747647682763
counter/8/0/0/0,25477:1747647670090:,1747647682764
counter/5/0/0/0,24898:1747647670395:,1747647682764
counter/1/0/0/0,22052:1747647668251:,1747647682764
counter/7/0/0/0,24380:1747647669893:,1747647682764
counter/8/0/0/0,25478:1747647670090:,1747647682764
counter/5/0/0/0,24899:1747647670395:,1747647682764
counter/1/0/0/0,22053:1747647668251:,1747647682764
counter/6/0/0/0,23824:1747647670473:,1747647682764
counter/7/0/0/0,24381:1747647669893:,1747647682764
counter/8/0/0/0,25479:1747647670090:,1747647682764
counter/10/0/0/0,23154:1747647667423:,1747647682764
counter/3/0/0/0,21942:1747647668170:,1747647682764
counter/7/0/0/0,24382:1747647669893:,1747647682764
counter/8/0/0/0,25480:1747647670091:,1747647682764
counter/10/0/0/0,23155:1747647667423:,1747647682764
counter/2/0/0/0,27075:1747647671803:,1747647682764
counter/7/0/0/0,24383:1747647669893:,1747647682764
counter/8/0/0/0,25481:1747647670098:,1747647682764
counter/10/0/0/0,23156:1747647667423:,1747647682764
counter/7/0/0/0,24384:1747647669893:,1747647682764
counter/8/0/0/0,25482:1747647670098:,1747647682764
counter/10/0/0/0,23157:1747647667423:,1747647682764
counter/7/0/0/0,24385:1747647669893:,1747647682764
counter/8/0/0/0,25483:1747647670098:,1747647682764
counter/10/0/0/0,23158:1747647667423:,1747647682764
counter/7/0/0/0,24386:1747647669893:,1747647682764
counter/8/0/0/0,25484:1747647670098:,1747647682764
counter/10/0/0/0,23159:1747647667423:,1747647682764
counter/7/0/0/0,24387:1747647669893:,1747647682764
counter/8/0/0/0,25485:1747647670098:,1747647682764
counter/10/0/0/0,23160:1747647667423:,1747647682764
counter/3/0/0/0,21943:1747647668172:,1747647682764
counter/7/0/0/0,24388:1747647669898:,1747647682764
counter/8/0/0/0,25486:1747647670099:,1747647682764
counter/10/0/0/0,23161:1747647667423:,1747647682764
counter/7/0/0/0,24389:1747647669898:,1747647682764
counter/8/0/0/0,25487:1747647670099:,1747647682764
counter/10/0/0/0,23162:1747647667423:,1747647682764
counter/6/0/0/0,23825:1747647670473:,1747647682764
counter/7/0/0/0,24390:1747647669898:,1747647682764
counter/8/0/0/0,25488:1747647670099:,1747647682765
counter/10/0/0/0,23163:1747647667423:,1747647682765
counter/4/0/0/0,21383:1747647668094:,1747647682765
counter/5/0/0/0,24900:1747647670395:,1747647682765
counter/7/0/0/0,24391:1747647669898:,1747647682765
counter/8/0/0/0,25489:1747647670099:,1747647682765
counter/10/0/0/0,23164:1747647667432:,1747647682765
counter/7/0/0/0,24392:1747647669898:,1747647682765
counter/8/0/0/0,25490:1747647670099:,1747647682765
counter/10/0/0/0,23165:1747647667432:,1747647682765
counter/7/0/0/0,24393:1747647669898:,1747647682765
counter/8/0/0/0,25491:1747647670099:,1747647682765
counter/10/0/0/0,23166:1747647667432:,1747647682765
counter/7/0/0/0,24394:1747647669902:,1747647682765
counter/8/0/0/0,25492:1747647670099:,1747647682765
counter/10/0/0/0,23167:1747647667440:,1747647682765
counter/7/0/0/0,24395:1747647669902:,1747647682765
counter/8/0/0/0,25493:1747647670099:,1747647682765
counter/10/0/0/0,23168:1747647667440:,1747647682765
counter/3/0/0/0,21944:1747647668172:,1747647682765
counter/7/0/0/0,24396:1747647669902:,1747647682765
counter/8/0/0/0,25494:1747647670099:,1747647682765
counter/10/0/0/0,23169:1747647667440:,1747647682765
counter/2/0/0/0,27076:1747647671803:,1747647682765
counter/1/0/0/0,22054:1747647668251:,1747647682765
counter/6/0/0/0,23826:1747647670473:,1747647682765
counter/7/0/0/0,24397:1747647669902:,1747647682765
counter/8/0/0/0,25495:1747647670099:,1747647682765
counter/10/0/0/0,23170:1747647667440:,1747647682765
counter/6/0/0/0,23827:1747647670473:,1747647682765
counter/5/0/0/0,24901:1747647670395:,1747647682765
counter/7/0/0/0,24398:1747647669902:,1747647682765
counter/8/0/0/0,25496:1747647670099:,1747647682765
counter/10/0/0/0,23171:1747647667440:,1747647682765
counter/6/0/0/0,23828:1747647670473:,1747647682765
counter/5/0/0/0,24902:1747647670395:,1747647682765
counter/2/0/0/0,27077:1747647671804:,1747647682765
counter/7/0/0/0,24399:1747647669902:,1747647682765
counter/8/0/0/0,25497:1747647670099:,1747647682765
counter/10/0/0/0,23172:1747647667440:,1747647682765
counter/6/0/0/0,23829:1747647670473:,1747647682765
counter/5/0/0/0,24903:1747647670395:,1747647682765
counter/1/0/0/0,22055:1747647668251:,1747647682765
counter/7/0/0/0,24400:1747647669903:,1747647682765
counter/8/0/0/0,25498:1747647670099:,1747647682766
counter/10/0/0/0,23173:1747647667440:,1747647682766
counter/5/0/0/0,24904:1747647670395:,1747647682766
counter/1/0/0/0,22056:1747647668251:,1747647682766
counter/7/0/0/0,24401:1747647669916:,1747647682766
counter/8/0/0/0,25499:1747647670099:,1747647682766
counter/10/0/0/0,23174:1747647667440:,1747647682766
counter/1/0/0/0,22057:1747647668252:,1747647682766
counter/7/0/0/0,24402:1747647669916:,1747647682766
counter/8/0/0/0,25500:1747647670101:,1747647682766
counter/10/0/0/0,23175:1747647667440:,1747647682766
counter/1/0/0/0,22058:1747647668253:,1747647682766
counter/7/0/0/0,24403:1747647669916:,1747647682766
counter/8/0/0/0,25501:1747647670101:,1747647682766
counter/10/0/0/0,23176:1747647667440:,1747647682766
counter/1/0/0/0,22059:1747647668254:,1747647682766
counter/7/0/0/0,24404:1747647669916:,1747647682766
counter/8/0/0/0,25502:1747647670101:,1747647682766
counter/10/0/0/0,23177:1747647667440:,1747647682766
counter/1/0/0/0,22060:1747647668254:,1747647682766
counter/7/0/0/0,24405:1747647669916:,1747647682766
counter/8/0/0/0,25503:1747647670101:,1747647682766
counter/10/0/0/0,23178:1747647667440:,1747647682766
counter/1/0/0/0,22061:1747647668254:,1747647682766
counter/7/0/0/0,24406:1747647669916:,1747647682766
counter/8/0/0/0,25504:1747647670101:,1747647682766
counter/10/0/0/0,23179:1747647667440:,1747647682766
counter/1/0/0/0,22062:1747647668254:,1747647682766
counter/7/0/0/0,24407:1747647669916:,1747647682766
counter/8/0/0/0,25505:1747647670101:,1747647682766
counter/10/0/0/0,23180:1747647667440:,1747647682766
counter/1/0/0/0,22063:1747647668254:,1747647682766
counter/7/0/0/0,24408:1747647669916:,1747647682766
counter/8/0/0/0,25506:1747647670101:,1747647682766
counter/10/0/0/0,23181:1747647667440:,1747647682766
counter/1/0/0/0,22064:1747647668254:,1747647682766
counter/7/0/0/0,24409:1747647669916:,1747647682766
counter/8/0/0/0,25507:1747647670101:,1747647682766
counter/10/0/0/0,23182:1747647667440:,1747647682766
counter/1/0/0/0,22065:1747647668254:,1747647682766
counter/7/0/0/0,24410:1747647669916:,1747647682767
counter/8/0/0/0,25508:1747647670101:,1747647682767
counter/1/0/0/0,22066:1747647668254:,1747647682767
counter/7/0/0/0,24411:1747647669926:,1747647682767
counter/8/0/0/0,25509:1747647670121:,1747647682767
counter/1/0/0/0,22067:1747647668259:,1747647682767
counter/7/0/0/0,24412:1747647669926:,1747647682767
counter/8/0/0/0,25510:1747647670121:,1747647682767
counter/1/0/0/0,22068:1747647668264:,1747647682767
counter/7/0/0/0,24413:1747647669926:,1747647682767
counter/8/0/0/0,25511:1747647670121:,1747647682767
counter/1/0/0/0,22069:1747647668264:,1747647682767
counter/7/0/0/0,24414:1747647669926:,1747647682767
counter/8/0/0/0,25512:1747647670121:,1747647682767
counter/1/0/0/0,22070:1747647668264:,1747647682767
counter/7/0/0/0,24415:1747647669926:,1747647682767
counter/8/0/0/0,25513:1747647670121:,1747647682767
counter/1/0/0/0,22071:1747647668264:,1747647682767
counter/7/0/0/0,24416:1747647669926:,1747647682767
counter/8/0/0/0,25514:1747647670121:,1747647682767
counter/1/0/0/0,22072:1747647668264:,1747647682767
counter/7/0/0/0,24417:1747647669926:,1747647682767
counter/8/0/0/0,25515:1747647670121:,1747647682767
counter/1/0/0/0,22073:1747647668265:,1747647682767
counter/7/0/0/0,24418:1747647669926:,1747647682767
counter/8/0/0/0,25516:1747647670121:,1747647682767
counter/1/0/0/0,22074:1747647668265:,1747647682767
counter/7/0/0/0,24419:1747647669926:,1747647682767
counter/8/0/0/0,25517:1747647670129:,1747647682767
counter/1/0/0/0,22075:1747647668265:,1747647682767
counter/7/0/0/0,24420:1747647669937:,1747647682767
counter/8/0/0/0,25518:1747647670129:,1747647682767
counter/1/0/0/0,22076:1747647668265:,1747647682767
counter/7/0/0/0,24421:1747647669937:,1747647682767
counter/8/0/0/0,25519:1747647670129:,1747647682767
counter/1/0/0/0,22077:1747647668265:,1747647682767
counter/7/0/0/0,24422:1747647669937:,1747647682767
counter/8/0/0/0,25520:1747647670129:,1747647682767
counter/1/0/0/0,22078:1747647668265:,1747647682767
counter/7/0/0/0,24423:1747647669937:,1747647682767
counter/8/0/0/0,25521:1747647670129:,1747647682767
counter/1/0/0/0,22079:1747647668265:,1747647682767
counter/7/0/0/0,24424:1747647669937:,1747647682768
counter/8/0/0/0,25522:1747647670130:,1747647682768
counter/1/0/0/0,22080:1747647668265:,1747647682768
counter/7/0/0/0,24425:1747647669937:,1747647682768
counter/8/0/0/0,25523:1747647670130:,1747647682768
counter/1/0/0/0,22081:1747647668265:,1747647682768
counter/7/0/0/0,24426:1747647669937:,1747647682768
counter/8/0/0/0,25524:1747647670130:,1747647682768
counter/1/0/0/0,22082:1747647668265:,1747647682768
counter/7/0/0/0,24427:1747647669938:,1747647682768
counter/8/0/0/0,25525:1747647670130:,1747647682768
counter/1/0/0/0,22083:1747647668265:,1747647682768
counter/7/0/0/0,24428:1747647669940:,1747647682768
counter/8/0/0/0,25526:1747647670130:,1747647682768
counter/1/0/0/0,22084:1747647668265:,1747647682768
counter/7/0/0/0,24429:1747647669940:,1747647682768
counter/8/0/0/0,25527:1747647670130:,1747647682768
counter/1/0/0/0,22085:1747647668265:,1747647682768
counter/7/0/0/0,24430:1747647669940:,1747647682768
counter/8/0/0/0,25528:1747647670130:,1747647682768
counter/1/0/0/0,22086:1747647668265:,1747647682768
counter/7/0/0/0,24431:1747647669941:,1747647682768
counter/8/0/0/0,25529:1747647670130:,1747647682768
counter/6/0/0/0,23830:1747647670473:,1747647682768
counter/7/0/0/0,24432:1747647669941:,1747647682768
counter/8/0/0/0,25530:1747647670130:,1747647682768
counter/9/0/0/0,27686:1747647670969:,1747647682768
counter/7/0/0/0,24433:1747647669941:,1747647682768
counter/8/0/0/0,25531:1747647670130:,1747647682768
counter/10/0/0/0,23183:1747647667440:,1747647682768
counter/7/0/0/0,24434:1747647669942:,1747647682768
counter/8/0/0/0,25532:1747647670137:,1747647682768
counter/7/0/0/0,24435:1747647669942:,1747647682768
counter/8/0/0/0,25533:1747647670137:,1747647682768
counter/7/0/0/0,24436:1747647669942:,1747647682768
counter/8/0/0/0,25534:1747647670137:,1747647682768
counter/7/0/0/0,24437:1747647669942:,1747647682768
counter/8/0/0/0,25535:1747647670137:,1747647682768
counter/7/0/0/0,24438:1747647669942:,1747647682768
counter/8/0/0/0,25536:1747647670137:,1747647682768
counter/7/0/0/0,24439:1747647669942:,1747647682768
counter/8/0/0/0,25537:1747647670138:,1747647682768
counter/7/0/0/0,24440:1747647669942:,1747647682768
counter/8/0/0/0,25538:1747647670138:,1747647682769
counter/7/0/0/0,24441:1747647669942:,1747647682769
counter/8/0/0/0,25539:1747647670138:,1747647682769
counter/7/0/0/0,24442:1747647669942:,1747647682769
counter/8/0/0/0,25540:1747647670138:,1747647682769
counter/7/0/0/0,24443:1747647669942:,1747647682769
counter/8/0/0/0,25541:1747647670138:,1747647682769
counter/7/0/0/0,24444:1747647669942:,1747647682769
counter/8/0/0/0,25542:1747647670138:,1747647682769
counter/7/0/0/0,24445:1747647669942:,1747647682769
counter/8/0/0/0,25543:1747647670144:,1747647682769
counter/2/0/0/0,27078:1747647671804:,1747647682769
counter/7/0/0/0,24446:1747647669942:,1747647682769
counter/8/0/0/0,25544:1747647670144:,1747647682769
counter/7/0/0/0,24447:1747647669942:,1747647682769
counter/8/0/0/0,25545:1747647670144:,1747647682769
counter/7/0/0/0,24448:1747647669942:,1747647682769
counter/8/0/0/0,25546:1747647670144:,1747647682769
counter/7/0/0/0,24449:1747647669942:,1747647682769
counter/8/0/0/0,25547:1747647670144:,1747647682769
counter/10/0/0/0,23184:1747647667440:,1747647682769
counter/7/0/0/0,24450:1747647669942:,1747647682769
counter/8/0/0/0,25548:1747647670170:,1747647682769
counter/1/0/0/0,22087:1747647668265:,1747647682769
counter/7/0/0/0,24451:1747647669942:,1747647682769
counter/8/0/0/0,25549:1747647670170:,1747647682769
counter/1/0/0/0,22088:1747647668265:,1747647682769
counter/7/0/0/0,24452:1747647669942:,1747647682769
counter/8/0/0/0,25550:1747647670170:,1747647682769
counter/1/0/0/0,22089:1747647668265:,1747647682769
counter/7/0/0/0,24453:1747647669942:,1747647682769
counter/8/0/0/0,25551:1747647670170:,1747647682769
counter/1/0/0/0,22090:1747647668265:,1747647682769
counter/7/0/0/0,24454:1747647669942:,1747647682769
counter/8/0/0/0,25552:1747647670170:,1747647682769
counter/1/0/0/0,22091:1747647668265:,1747647682769
counter/7/0/0/0,24455:1747647669942:,1747647682769
counter/8/0/0/0,25553:1747647670170:,1747647682769
counter/1/0/0/0,22092:1747647668265:,1747647682769
counter/7/0/0/0,24456:1747647669942:,1747647682769
counter/8/0/0/0,25554:1747647670170:,1747647682769
counter/1/0/0/0,22093:1747647668265:,1747647682770
counter/7/0/0/0,24457:1747647669942:,1747647682770
counter/8/0/0/0,25555:1747647670170:,1747647682770
counter/1/0/0/0,22094:1747647668265:,1747647682770
counter/7/0/0/0,24458:1747647669942:,1747647682770
counter/8/0/0/0,25556:1747647670170:,1747647682770
counter/1/0/0/0,22095:1747647668265:,1747647682770
counter/7/0/0/0,24459:1747647669942:,1747647682770
counter/8/0/0/0,25557:1747647670170:,1747647682770
counter/1/0/0/0,22096:1747647668265:,1747647682770
counter/7/0/0/0,24460:1747647669942:,1747647682770
counter/8/0/0/0,25558:1747647670170:,1747647682770
counter/1/0/0/0,22097:1747647668272:,1747647682770
counter/7/0/0/0,24461:1747647669942:,1747647682770
counter/8/0/0/0,25559:1747647670170:,1747647682770
counter/1/0/0/0,22098:1747647668272:,1747647682770
counter/7/0/0/0,24462:1747647669942:,1747647682770
counter/8/0/0/0,25560:1747647670170:,1747647682770
counter/1/0/0/0,22099:1747647668273:,1747647682770
counter/2/0/0/0,27079:1747647671804:,1747647682770
counter/7/0/0/0,24463:1747647669942:,1747647682770
counter/8/0/0/0,25561:1747647670187:,1747647682770
counter/1/0/0/0,22100:1747647668273:,1747647682770
counter/2/0/0/0,27080:1747647671804:,1747647682770
counter/7/0/0/0,24464:1747647669943:,1747647682770
counter/8/0/0/0,25562:1747647670187:,1747647682770
counter/1/0/0/0,22101:1747647668273:,1747647682770
counter/10/0/0/0,23185:1747647667440:,1747647682770
counter/5/0/0/0,24905:1747647670395:,1747647682770
counter/7/0/0/0,24465:1747647669943:,1747647682770
counter/8/0/0/0,25563:1747647670187:,1747647682770
counter/1/0/0/0,22102:1747647668273:,1747647682770
counter/5/0/0/0,24906:1747647670395:,1747647682770
counter/7/0/0/0,24466:1747647669943:,1747647682770
counter/8/0/0/0,25564:1747647670187:,1747647682770
counter/1/0/0/0,22103:1747647668277:,1747647682770
counter/3/0/0/0,21945:1747647668172:,1747647682770
counter/6/0/0/0,23831:1747647670473:,1747647682770
counter/7/0/0/0,24467:1747647669943:,1747647682770
counter/8/0/0/0,25565:1747647670187:,1747647682770
counter/1/0/0/0,22104:1747647668277:,1747647682770
counter/4/0/0/0,21384:1747647668094:,1747647682770
counter/2/0/0/0,27081:1747647671804:,1747647682770
counter/7/0/0/0,24468:1747647669943:,1747647682771
counter/8/0/0/0,25566:1747647670187:,1747647682771
counter/1/0/0/0,22105:1747647668277:,1747647682771
counter/7/0/0/0,24469:1747647669952:,1747647682771
counter/8/0/0/0,25567:1747647670187:,1747647682771
counter/1/0/0/0,22106:1747647668277:,1747647682771
counter/2/0/0/0,27082:1747647671804:,1747647682771
counter/4/0/0/0,21385:1747647668094:,1747647682771
counter/7/0/0/0,24470:1747647669952:,1747647682771
counter/8/0/0/0,25568:1747647670187:,1747647682771
counter/1/0/0/0,22107:1747647668277:,1747647682771
counter/2/0/0/0,27083:1747647671804:,1747647682771
counter/10/0/0/0,23186:1747647667440:,1747647682771
counter/5/0/0/0,24907:1747647670395:,1747647682771
counter/7/0/0/0,24471:1747647669952:,1747647682771
counter/8/0/0/0,25569:1747647670187:,1747647682771
counter/1/0/0/0,22108:1747647668277:,1747647682771
counter/2/0/0/0,27084:1747647671804:,1747647682771
counter/7/0/0/0,24472:1747647669952:,1747647682771
counter/8/0/0/0,25570:1747647670187:,1747647682771
counter/1/0/0/0,22109:1747647668277:,1747647682771
counter/2/0/0/0,27085:1747647671804:,1747647682771
counter/7/0/0/0,24473:1747647669952:,1747647682771
counter/8/0/0/0,25571:1747647670187:,1747647682771
counter/1/0/0/0,22110:1747647668277:,1747647682771
counter/2/0/0/0,27086:1747647671804:,1747647682771
counter/7/0/0/0,24474:1747647669952:,1747647682771
counter/8/0/0/0,25572:1747647670187:,1747647682771
counter/1/0/0/0,22111:1747647668277:,1747647682771
counter/2/0/0/0,27087:1747647671804:,1747647682771
counter/6/0/0/0,23832:1747647670473:,1747647682771
counter/7/0/0/0,24475:1747647669953:,1747647682771
counter/8/0/0/0,25573:1747647670189:,1747647682771
counter/1/0/0/0,22112:1747647668280:,1747647682771
counter/2/0/0/0,27088:1747647671804:,1747647682771
counter/4/0/0/0,21386:1747647668096:,1747647682771
counter/7/0/0/0,24476:1747647669953:,1747647682771
counter/8/0/0/0,25574:1747647670189:,1747647682771
counter/1/0/0/0,22113:1747647668280:,1747647682772
counter/2/0/0/0,27089:1747647671804:,1747647682772
counter/7/0/0/0,24477:1747647669953:,1747647682772
counter/8/0/0/0,25575:1747647670189:,1747647682772
counter/1/0/0/0,22114:1747647668280:,1747647682772
counter/7/0/0/0,24478:1747647669953:,1747647682772
counter/8/0/0/0,25576:1747647670189:,1747647682772
counter/1/0/0/0,22115:1747647668280:,1747647682772
counter/7/0/0/0,24479:1747647669955:,1747647682772
counter/8/0/0/0,25577:1747647670189:,1747647682772
counter/9/0/0/0,27687:1747647670969:,1747647682772
counter/7/0/0/0,24480:1747647669955:,1747647682772
counter/8/0/0/0,25578:1747647670189:,1747647682772
counter/6/0/0/0,23833:1747647670474:,1747647682772
counter/1/0/0/0,22116:1747647668280:,1747647682772
counter/7/0/0/0,24481:1747647669955:,1747647682772
counter/8/0/0/0,25579:1747647670189:,1747647682772
counter/1/0/0/0,22117:1747647668280:,1747647682772
counter/7/0/0/0,24482:1747647669955:,1747647682772
counter/8/0/0/0,25580:1747647670189:,1747647682772
counter/1/0/0/0,22118:1747647668280:,1747647682772
counter/7/0/0/0,24483:1747647669955:,1747647682772
counter/8/0/0/0,25581:1747647670189:,1747647682772
counter/1/0/0/0,22119:1747647668283:,1747647682772
counter/9/0/0/0,27688:1747647670969:,1747647682772
counter/7/0/0/0,24484:1747647669955:,1747647682772
counter/8/0/0/0,25582:1747647670189:,1747647682772
counter/1/0/0/0,22120:1747647668283:,1747647682772
counter/6/0/0/0,23834:1747647670474:,1747647682772
counter/7/0/0/0,24485:1747647669955:,1747647682772
counter/8/0/0/0,25583:1747647670214:,1747647682772
counter/1/0/0/0,22121:1747647668283:,1747647682772
counter/6/0/0/0,23835:1747647670474:,1747647682772
counter/7/0/0/0,24486:1747647669955:,1747647682772
counter/8/0/0/0,25584:1747647670214:,1747647682772
counter/1/0/0/0,22122:1747647668283:,1747647682772
counter/6/0/0/0,23836:1747647670474:,1747647682772
counter/7/0/0/0,24487:1747647669955:,1747647682772
counter/8/0/0/0,25585:1747647670214:,1747647682772
counter/1/0/0/0,22123:1747647668283:,1747647682772
counter/6/0/0/0,23837:1747647670474:,1747647682772
counter/7/0/0/0,24488:1747647669955:,1747647682772
counter/8/0/0/0,25586:1747647670214:,1747647682772
counter/6/0/0/0,23838:1747647670477:,1747647682772
counter/7/0/0/0,24489:1747647669955:,1747647682773
counter/8/0/0/0,25587:1747647670214:,1747647682773
counter/6/0/0/0,23839:1747647670477:,1747647682773
counter/7/0/0/0,24490:1747647669955:,1747647682773
counter/8/0/0/0,25588:1747647670214:,1747647682773
counter/6/0/0/0,23840:1747647670477:,1747647682773
counter/7/0/0/0,24491:1747647669955:,1747647682773
counter/8/0/0/0,25589:1747647670214:,1747647682773
counter/6/0/0/0,23841:1747647670477:,1747647682773
counter/7/0/0/0,24492:1747647669955:,1747647682773
counter/8/0/0/0,25590:1747647670214:,1747647682773
counter/6/0/0/0,23842:1747647670477:,1747647682773
counter/7/0/0/0,24493:1747647669955:,1747647682773
counter/8/0/0/0,25591:1747647670214:,1747647682773
counter/6/0/0/0,23843:1747647670478:,1747647682773
counter/7/0/0/0,24494:1747647669955:,1747647682773
counter/8/0/0/0,25592:1747647670214:,1747647682773
counter/6/0/0/0,23844:1747647670478:,1747647682773
counter/7/0/0/0,24495:1747647669955:,1747647682773
counter/8/0/0/0,25593:1747647670214:,1747647682773
counter/6/0/0/0,23845:1747647670478:,1747647682773
counter/7/0/0/0,24496:1747647669955:,1747647682773
counter/8/0/0/0,25594:1747647670214:,1747647682773
counter/6/0/0/0,23846:1747647670478:,1747647682773
counter/7/0/0/0,24497:1747647669956:,1747647682773
counter/8/0/0/0,25595:1747647670214:,1747647682773
counter/6/0/0/0,23847:1747647670478:,1747647682773
counter/7/0/0/0,24498:1747647669956:,1747647682773
counter/8/0/0/0,25596:1747647670214:,1747647682773
counter/6/0/0/0,23848:1747647670478:,1747647682773
counter/7/0/0/0,24499:1747647669957:,1747647682773
counter/8/0/0/0,25597:1747647670214:,1747647682773
counter/6/0/0/0,23849:1747647670478:,1747647682773
counter/7/0/0/0,24500:1747647669957:,1747647682773
counter/8/0/0/0,25598:1747647670214:,1747647682773
counter/6/0/0/0,23850:1747647670478:,1747647682773
counter/7/0/0/0,24501:1747647669957:,1747647682773
counter/8/0/0/0,25599:1747647670214:,1747647682773
counter/6/0/0/0,23851:1747647670478:,1747647682773
counter/7/0/0/0,24502:1747647669957:,1747647682774
counter/8/0/0/0,25600:1747647670214:,1747647682774
counter/6/0/0/0,23852:1747647670478:,1747647682774
counter/7/0/0/0,24503:1747647669957:,1747647682774
counter/8/0/0/0,25601:1747647670214:,1747647682774
counter/6/0/0/0,23853:1747647670480:,1747647682774
counter/7/0/0/0,24504:1747647669957:,1747647682774
counter/8/0/0/0,25602:1747647670214:,1747647682774
counter/6/0/0/0,23854:1747647670480:,1747647682774
counter/7/0/0/0,24505:1747647669957:,1747647682774
counter/8/0/0/0,25603:1747647670214:,1747647682774
counter/6/0/0/0,23855:1747647670480:,1747647682774
counter/7/0/0/0,24506:1747647669957:,1747647682774
counter/8/0/0/0,25604:1747647670214:,1747647682774
counter/6/0/0/0,23856:1747647670480:,1747647682774
counter/7/0/0/0,24507:1747647669957:,1747647682774
counter/8/0/0/0,25605:1747647670214:,1747647682774
counter/6/0/0/0,23857:1747647670480:,1747647682774
counter/7/0/0/0,24508:1747647669957:,1747647682774
counter/8/0/0/0,25606:1747647670214:,1747647682774
counter/6/0/0/0,23858:1747647670480:,1747647682774
counter/7/0/0/0,24509:1747647669957:,1747647682774
counter/8/0/0/0,25607:1747647670214:,1747647682774
counter/6/0/0/0,23859:1747647670480:,1747647682774
counter/7/0/0/0,24510:1747647669957:,1747647682774
counter/8/0/0/0,25608:1747647670215:,1747647682774
counter/6/0/0/0,23860:1747647670480:,1747647682774
counter/7/0/0/0,24511:1747647669957:,1747647682774
counter/8/0/0/0,25609:1747647670215:,1747647682774
counter/6/0/0/0,23861:1747647670480:,1747647682774
counter/7/0/0/0,24512:1747647669957:,1747647682774
counter/8/0/0/0,25610:1747647670215:,1747647682774
counter/6/0/0/0,23862:1747647670480:,1747647682774
counter/7/0/0/0,24513:1747647669957:,1747647682774
counter/8/0/0/0,25611:1747647670215:,1747647682774
counter/6/0/0/0,23863:1747647670480:,1747647682774
counter/7/0/0/0,24514:1747647669957:,1747647682774
counter/8/0/0/0,25612:1747647670215:,1747647682774
counter/6/0/0/0,23864:1747647670481:,1747647682774
counter/7/0/0/0,24515:1747647669957:,1747647682774
counter/8/0/0/0,25613:1747647670215:,1747647682774
counter/6/0/0/0,23865:1747647670495:,1747647682775
counter/7/0/0/0,24516:1747647669957:,1747647682775
counter/8/0/0/0,25614:1747647670215:,1747647682775
counter/6/0/0/0,23866:1747647670495:,1747647682775
counter/7/0/0/0,24517:1747647669961:,1747647682775
counter/8/0/0/0,25615:1747647670215:,1747647682775
counter/6/0/0/0,23867:1747647670495:,1747647682775
counter/7/0/0/0,24518:1747647669961:,1747647682775
counter/8/0/0/0,25616:1747647670215:,1747647682775
counter/6/0/0/0,23868:1747647670498:,1747647682775
counter/7/0/0/0,24519:1747647669961:,1747647682775
counter/8/0/0/0,25617:1747647670215:,1747647682775
counter/6/0/0/0,23869:1747647670498:,1747647682775
counter/5/0/0/0,24908:1747647670395:,1747647682775
counter/4/0/0/0,21387:1747647668096:,1747647682775
counter/7/0/0/0,24520:1747647669963:,1747647682775
counter/8/0/0/0,25618:1747647670215:,1747647682775
counter/6/0/0/0,23870:1747647670498:,1747647682775
counter/5/0/0/0,24909:1747647670395:,1747647682775
counter/10/0/0/0,23187:1747647667441:,1747647682775
counter/7/0/0/0,24521:1747647669963:,1747647682775
counter/8/0/0/0,25619:1747647670215:,1747647682775
counter/6/0/0/0,23871:1747647670498:,1747647682775
counter/7/0/0/0,24522:1747647669963:,1747647682775
counter/8/0/0/0,25620:1747647670215:,1747647682775
counter/6/0/0/0,23872:1747647670498:,1747647682775
counter/7/0/0/0,24523:1747647669963:,1747647682775
counter/8/0/0/0,25621:1747647670215:,1747647682775
counter/6/0/0/0,23873:1747647670498:,1747647682775
counter/3/0/0/0,21946:1747647668172:,1747647682775
counter/7/0/0/0,24524:1747647669963:,1747647682775
counter/8/0/0/0,25622:1747647670215:,1747647682775
counter/6/0/0/0,23874:1747647670498:,1747647682775
counter/2/0/0/0,27090:1747647671804:,1747647682775
counter/4/0/0/0,21388:1747647668096:,1747647682775
counter/7/0/0/0,24525:1747647669963:,1747647682775
counter/8/0/0/0,25623:1747647670215:,1747647682775
counter/6/0/0/0,23875:1747647670498:,1747647682775
counter/5/0/0/0,24910:1747647670395:,1747647682775
counter/10/0/0/0,23188:1747647667441:,1747647682775
counter/7/0/0/0,24526:1747647669963:,1747647682775
counter/8/0/0/0,25624:1747647670241:,1747647682776
counter/6/0/0/0,23876:1747647670498:,1747647682776
counter/1/0/0/0,22124:1747647668283:,1747647682776
counter/7/0/0/0,24527:1747647669963:,1747647682776
counter/8/0/0/0,25625:1747647670241:,1747647682776
counter/6/0/0/0,23877:1747647670498:,1747647682776
counter/7/0/0/0,24528:1747647669963:,1747647682776
counter/8/0/0/0,25626:1747647670241:,1747647682776
counter/6/0/0/0,23878:1747647670498:,1747647682776
counter/7/0/0/0,24529:1747647669963:,1747647682776
counter/8/0/0/0,25627:1747647670241:,1747647682776
counter/6/0/0/0,23879:1747647670498:,1747647682776
counter/7/0/0/0,24530:1747647669963:,1747647682776
counter/8/0/0/0,25628:1747647670241:,1747647682776
counter/6/0/0/0,23880:1747647670499:,1747647682776
counter/7/0/0/0,24531:1747647669963:,1747647682776
counter/8/0/0/0,25629:1747647670242:,1747647682776
counter/6/0/0/0,23881:1747647670499:,1747647682776
counter/7/0/0/0,24532:1747647669965:,1747647682776
counter/8/0/0/0,25630:1747647670242:,1747647682776
counter/6/0/0/0,23882:1747647670512:,1747647682776
counter/7/0/0/0,24533:1747647669965:,1747647682776
counter/8/0/0/0,25631:1747647670242:,1747647682776
counter/6/0/0/0,23883:1747647670512:,1747647682776
counter/7/0/0/0,24534:1747647669965:,1747647682776
counter/8/0/0/0,25632:1747647670242:,1747647682776
counter/6/0/0/0,23884:1747647670512:,1747647682776
counter/7/0/0/0,24535:1747647669965:,1747647682776
counter/8/0/0/0,25633:1747647670243:,1747647682776
counter/6/0/0/0,23885:1747647670512:,1747647682776
counter/2/0/0/0,27091:1747647671804:,1747647682776
counter/5/0/0/0,24911:1747647670396:,1747647682776
counter/7/0/0/0,24536:1747647669965:,1747647682776
counter/8/0/0/0,25634:1747647670243:,1747647682776
counter/6/0/0/0,23886:1747647670512:,1747647682776
counter/4/0/0/0,21389:1747647668096:,1747647682776
counter/10/0/0/0,23189:1747647667441:,1747647682776
counter/1/0/0/0,22125:1747647668283:,1747647682776
counter/7/0/0/0,24537:1747647669965:,1747647682776
counter/8/0/0/0,25635:1747647670243:,1747647682777
counter/6/0/0/0,23887:1747647670512:,1747647682777
counter/7/0/0/0,24538:1747647669969:,1747647682777
counter/8/0/0/0,25636:1747647670261:,1747647682777
counter/6/0/0/0,23888:1747647670512:,1747647682777
counter/7/0/0/0,24539:1747647669969:,1747647682777
counter/8/0/0/0,25637:1747647670261:,1747647682777
counter/6/0/0/0,23889:1747647670512:,1747647682777
counter/7/0/0/0,24540:1747647669969:,1747647682777
counter/8/0/0/0,25638:1747647670262:,1747647682777
counter/6/0/0/0,23890:1747647670512:,1747647682777
counter/7/0/0/0,24541:1747647669969:,1747647682777
counter/8/0/0/0,25639:1747647670266:,1747647682777
counter/6/0/0/0,23891:1747647670512:,1747647682777
counter/7/0/0/0,24542:1747647669969:,1747647682777
counter/8/0/0/0,25640:1747647670266:,1747647682777
counter/6/0/0/0,23892:1747647670514:,1747647682777
counter/7/0/0/0,24543:1747647669969:,1747647682777
counter/8/0/0/0,25641:1747647670266:,1747647682777
counter/6/0/0/0,23893:1747647670514:,1747647682777
counter/2/0/0/0,27092:1747647671804:,1747647682777
counter/7/0/0/0,24544:1747647669969:,1747647682777
counter/8/0/0/0,25642:1747647670266:,1747647682777
counter/6/0/0/0,23894:1747647670514:,1747647682777
counter/2/0/0/0,27093:1747647671807:,1747647682777
counter/10/0/0/0,23190:1747647667441:,1747647682777
counter/7/0/0/0,24545:1747647669969:,1747647682777
counter/8/0/0/0,25643:1747647670266:,1747647682777
counter/6/0/0/0,23895:1747647670514:,1747647682777
counter/1/0/0/0,22126:1747647668283:,1747647682777
counter/9/0/0/0,27689:1747647670969:,1747647682777
counter/7/0/0/0,24546:1747647669969:,1747647682777
counter/8/0/0/0,25644:1747647670266:,1747647682777
counter/6/0/0/0,23896:1747647670514:,1747647682777
counter/1/0/0/0,22127:1747647668294:,1747647682777
counter/7/0/0/0,24547:1747647669970:,1747647682777
counter/8/0/0/0,25645:1747647670266:,1747647682777
counter/6/0/0/0,23897:1747647670514:,1747647682777
counter/7/0/0/0,24548:1747647669970:,1747647682777
counter/8/0/0/0,25646:1747647670267:,1747647682777
counter/6/0/0/0,23898:1747647670514:,1747647682777
counter/7/0/0/0,24549:1747647669970:,1747647682777
counter/8/0/0/0,25647:1747647670267:,1747647682778
counter/6/0/0/0,23899:1747647670515:,1747647682778
counter/1/0/0/0,22128:1747647668309:,1747647682778
counter/7/0/0/0,24550:1747647669970:,1747647682778
counter/8/0/0/0,25648:1747647670267:,1747647682778
counter/6/0/0/0,23900:1747647670515:,1747647682778
counter/3/0/0/0,21947:1747647668172:,1747647682778
counter/2/0/0/0,27094:1747647671818:,1747647682778
counter/7/0/0/0,24551:1747647669970:,1747647682778
counter/8/0/0/0,25649:1747647670267:,1747647682778
counter/6/0/0/0,23901:1747647670515:,1747647682778
counter/3/0/0/0,21948:1747647668172:,1747647682778
counter/10/0/0/0,23191:1747647667442:,1747647682778
counter/7/0/0/0,24552:1747647669970:,1747647682778
counter/8/0/0/0,25650:1747647670267:,1747647682778
counter/6/0/0/0,23902:1747647670515:,1747647682778
counter/3/0/0/0,21949:1747647668172:,1747647682778
counter/9/0/0/0,27690:1747647670982:,1747647682778
counter/7/0/0/0,24553:1747647669970:,1747647682778
counter/8/0/0/0,25651:1747647670267:,1747647682778
counter/6/0/0/0,23903:1747647670515:,1747647682778
counter/7/0/0/0,24554:1747647669984:,1747647682778
counter/8/0/0/0,25652:1747647670267:,1747647682778
counter/6/0/0/0,23904:1747647670515:,1747647682778
counter/7/0/0/0,24555:1747647669984:,1747647682778
counter/8/0/0/0,25653:1747647670277:,1747647682778
counter/6/0/0/0,23905:1747647670515:,1747647682778
counter/7/0/0/0,24556:1747647669984:,1747647682778
counter/8/0/0/0,25654:1747647670277:,1747647682778
counter/6/0/0/0,23906:1747647670515:,1747647682778
counter/7/0/0/0,24557:1747647669984:,1747647682778
counter/8/0/0/0,25655:1747647670277:,1747647682778
counter/6/0/0/0,23907:1747647670515:,1747647682778
counter/7/0/0/0,24558:1747647669984:,1747647682778
counter/8/0/0/0,25656:1747647670277:,1747647682778
counter/6/0/0/0,23908:1747647670515:,1747647682778
counter/7/0/0/0,24559:1747647669984:,1747647682778
counter/8/0/0/0,25657:1747647670277:,1747647682778
counter/6/0/0/0,23909:1747647670515:,1747647682779
counter/7/0/0/0,24560:1747647669984:,1747647682779
counter/8/0/0/0,25658:1747647670277:,1747647682779
counter/6/0/0/0,23910:1747647670516:,1747647682779
counter/7/0/0/0,24561:1747647669984:,1747647682779
counter/8/0/0/0,25659:1747647670277:,1747647682779
counter/6/0/0/0,23911:1747647670516:,1747647682779
counter/7/0/0/0,24562:1747647669984:,1747647682779
counter/8/0/0/0,25660:1747647670277:,1747647682779
counter/6/0/0/0,23912:1747647670532:,1747647682779
counter/7/0/0/0,24563:1747647669988:,1747647682779
counter/8/0/0/0,25661:1747647670277:,1747647682779
counter/6/0/0/0,23913:1747647670532:,1747647682779
counter/8/0/0/0,25662:1747647670277:,1747647682779
counter/6/0/0/0,23914:1747647670532:,1747647682779
counter/8/0/0/0,25663:1747647670277:,1747647682779
counter/6/0/0/0,23915:1747647670532:,1747647682779
counter/8/0/0/0,25664:1747647670277:,1747647682779
counter/6/0/0/0,23916:1747647670532:,1747647682779
counter/8/0/0/0,25665:1747647670277:,1747647682779
counter/6/0/0/0,23917:1747647670532:,1747647682779
counter/8/0/0/0,25666:1747647670277:,1747647682779
counter/6/0/0/0,23918:1747647670532:,1747647682779
counter/8/0/0/0,25667:1747647670277:,1747647682779
counter/6/0/0/0,23919:1747647670532:,1747647682779
counter/8/0/0/0,25668:1747647670279:,1747647682779
counter/6/0/0/0,23920:1747647670532:,1747647682779
counter/8/0/0/0,25669:1747647670280:,1747647682779
counter/6/0/0/0,23921:1747647670532:,1747647682779
counter/8/0/0/0,25670:1747647670280:,1747647682779
counter/6/0/0/0,23922:1747647670532:,1747647682779
counter/8/0/0/0,25671:1747647670280:,1747647682779
counter/6/0/0/0,23923:1747647670533:,1747647682779
counter/8/0/0/0,25672:1747647670280:,1747647682779
counter/6/0/0/0,23924:1747647670533:,1747647682779
counter/8/0/0/0,25673:1747647670280:,1747647682779
counter/6/0/0/0,23925:1747647670533:,1747647682779
counter/8/0/0/0,25674:1747647670280:,1747647682779
counter/6/0/0/0,23926:1747647670533:,1747647682779
counter/8/0/0/0,25675:1747647670280:,1747647682779
counter/6/0/0/0,23927:1747647670533:,1747647682779
counter/8/0/0/0,25676:1747647670280:,1747647682780
counter/6/0/0/0,23928:1747647670533:,1747647682780
counter/8/0/0/0,25677:1747647670280:,1747647682780
counter/6/0/0/0,23929:1747647670533:,1747647682780
counter/8/0/0/0,25678:1747647670280:,1747647682780
counter/6/0/0/0,23930:1747647670535:,1747647682780
counter/8/0/0/0,25679:1747647670280:,1747647682780
counter/6/0/0/0,23931:1747647670535:,1747647682780
counter/8/0/0/0,25680:1747647670280:,1747647682780
counter/6/0/0/0,23932:1747647670535:,1747647682780
counter/8/0/0/0,25681:1747647670280:,1747647682780
counter/6/0/0/0,23933:1747647670535:,1747647682780
counter/8/0/0/0,25682:1747647670280:,1747647682780
counter/6/0/0/0,23934:1747647670535:,1747647682780
counter/8/0/0/0,25683:1747647670280:,1747647682780
counter/6/0/0/0,23935:1747647670535:,1747647682780
counter/8/0/0/0,25684:1747647670282:,1747647682780
counter/6/0/0/0,23936:1747647670535:,1747647682780
counter/8/0/0/0,25685:1747647670282:,1747647682780
counter/6/0/0/0,23937:1747647670535:,1747647682780
counter/8/0/0/0,25686:1747647670282:,1747647682780
counter/6/0/0/0,23938:1747647670535:,1747647682780
counter/8/0/0/0,25687:1747647670282:,1747647682780
counter/6/0/0/0,23939:1747647670537:,1747647682780
counter/5/0/0/0,24912:1747647670396:,1747647682780
counter/8/0/0/0,25688:1747647670282:,1747647682780
counter/6/0/0/0,23940:1747647670537:,1747647682780
counter/5/0/0/0,24913:1747647670396:,1747647682780
counter/9/0/0/0,27691:1747647670982:,1747647682780
counter/8/0/0/0,25689:1747647670282:,1747647682780
counter/6/0/0/0,23941:1747647670537:,1747647682780
counter/4/0/0/0,21390:1747647668097:,1747647682780
counter/3/0/0/0,21950:1747647668172:,1747647682780
counter/8/0/0/0,25690:1747647670282:,1747647682780
counter/6/0/0/0,23942:1747647670537:,1747647682780
counter/1/0/0/0,22129:1747647668309:,1747647682780
counter/10/0/0/0,23192:1747647667442:,1747647682780
counter/8/0/0/0,25691:1747647670282:,1747647682780
counter/6/0/0/0,23943:1747647670537:,1747647682780
counter/8/0/0/0,25692:1747647670282:,1747647682780
counter/6/0/0/0,23944:1747647670537:,1747647682781
counter/8/0/0/0,25693:1747647670282:,1747647682781
counter/6/0/0/0,23945:1747647670537:,1747647682781
counter/8/0/0/0,25694:1747647670282:,1747647682781
counter/6/0/0/0,23946:1747647670537:,1747647682781
counter/8/0/0/0,25695:1747647670282:,1747647682781
counter/6/0/0/0,23947:1747647670537:,1747647682781
counter/8/0/0/0,25696:1747647670285:,1747647682781
counter/6/0/0/0,23948:1747647670537:,1747647682781
counter/8/0/0/0,25697:1747647670285:,1747647682781
counter/6/0/0/0,23949:1747647670538:,1747647682781
counter/8/0/0/0,25698:1747647670285:,1747647682781
counter/6/0/0/0,23950:1747647670538:,1747647682781
counter/8/0/0/0,25699:1747647670301:,1747647682781
counter/6/0/0/0,23951:1747647670538:,1747647682781
counter/10/0/0/0,23193:1747647667442:,1747647682781
counter/8/0/0/0,25700:1747647670301:,1747647682781
counter/6/0/0/0,23952:1747647670538:,1747647682781
counter/5/0/0/0,24914:1747647670396:,1747647682781
counter/8/0/0/0,25701:1747647670301:,1747647682781
counter/6/0/0/0,23953:1747647670543:,1747647682781
counter/5/0/0/0,24915:1747647670396:,1747647682781
counter/8/0/0/0,25702:1747647670301:,1747647682781
counter/6/0/0/0,23954:1747647670543:,1747647682781
counter/5/0/0/0,24916:1747647670396:,1747647682781
counter/8/0/0/0,25703:1747647670301:,1747647682781
counter/6/0/0/0,23955:1747647670544:,1747647682781
counter/5/0/0/0,24917:1747647670400:,1747647682781
counter/8/0/0/0,25704:1747647670301:,1747647682781
counter/6/0/0/0,23956:1747647670544:,1747647682781
counter/5/0/0/0,24918:1747647670400:,1747647682781
counter/4/0/0/0,21391:1747647668097:,1747647682781
counter/8/0/0/0,25705:1747647670301:,1747647682781
counter/6/0/0/0,23957:1747647670544:,1747647682781
counter/7/0/0/0,24564:1747647669989:,1747647682781
counter/8/0/0/0,25706:1747647670301:,1747647682781
counter/6/0/0/0,23958:1747647670544:,1747647682781
counter/7/0/0/0,24565:1747647669989:,1747647682781
counter/10/0/0/0,23194:1747647667442:,1747647682781
counter/8/0/0/0,25707:1747647670301:,1747647682782
counter/6/0/0/0,23959:1747647670544:,1747647682782
counter/7/0/0/0,24566:1747647669989:,1747647682782
counter/5/0/0/0,24919:1747647670400:,1747647682782
counter/8/0/0/0,25708:1747647670301:,1747647682782
counter/6/0/0/0,23960:1747647670544:,1747647682782
counter/7/0/0/0,24567:1747647669989:,1747647682782
counter/5/0/0/0,24920:1747647670400:,1747647682782
counter/9/0/0/0,27692:1747647670982:,1747647682782
counter/8/0/0/0,25709:1747647670301:,1747647682782
counter/6/0/0/0,23961:1747647670544:,1747647682782
counter/9/0/0/0,27693:1747647670982:,1747647682782
counter/8/0/0/0,25710:1747647670301:,1747647682782
counter/6/0/0/0,23962:1747647670544:,1747647682782
counter/9/0/0/0,27694:1747647670982:,1747647682782
counter/10/0/0/0,23195:1747647667442:,1747647682782
counter/8/0/0/0,25711:1747647670305:,1747647682782
counter/6/0/0/0,23963:1747647670544:,1747647682782
counter/9/0/0/0,27695:1747647670982:,1747647682782
counter/8/0/0/0,25712:1747647670305:,1747647682782
counter/6/0/0/0,23964:1747647670544:,1747647682782
counter/9/0/0/0,27696:1747647670982:,1747647682782
counter/8/0/0/0,25713:1747647670305:,1747647682782
counter/6/0/0/0,23965:1747647670544:,1747647682782
counter/9/0/0/0,27697:1747647670982:,1747647682782
counter/8/0/0/0,25714:1747647670305:,1747647682782
counter/6/0/0/0,23966:1747647670544:,1747647682782
counter/9/0/0/0,27698:1747647670982:,1747647682782
counter/8/0/0/0,25715:1747647670305:,1747647682782
counter/6/0/0/0,23967:1747647670548:,1747647682782
counter/4/0/0/0,21392:1747647668097:,1747647682782
counter/8/0/0/0,25716:1747647670314:,1747647682782
counter/6/0/0/0,23968:1747647670548:,1747647682782
counter/4/0/0/0,21393:1747647668097:,1747647682782
counter/8/0/0/0,25717:1747647670315:,1747647682782
counter/6/0/0/0,23969:1747647670548:,1747647682782
counter/4/0/0/0,21394:1747647668097:,1747647682782
counter/9/0/0/0,27699:1747647670982:,1747647682782
counter/8/0/0/0,25718:1747647670315:,1747647682782
counter/6/0/0/0,23970:1747647670548:,1747647682782
counter/4/0/0/0,21395:1747647668097:,1747647682782
counter/8/0/0/0,25719:1747647670315:,1747647682782
counter/6/0/0/0,23971:1747647670550:,1747647682782
counter/8/0/0/0,25720:1747647670315:,1747647682783
counter/6/0/0/0,23972:1747647670550:,1747647682783
counter/8/0/0/0,25721:1747647670315:,1747647682783
counter/6/0/0/0,23973:1747647670550:,1747647682783
counter/8/0/0/0,25722:1747647670315:,1747647682783
counter/6/0/0/0,23974:1747647670551:,1747647682783
counter/8/0/0/0,25723:1747647670315:,1747647682783
counter/6/0/0/0,23975:1747647670551:,1747647682783
counter/8/0/0/0,25724:1747647670315:,1747647682783
counter/6/0/0/0,23976:1747647670551:,1747647682783
counter/8/0/0/0,25725:1747647670315:,1747647682783
counter/6/0/0/0,23977:1747647670551:,1747647682783
counter/8/0/0/0,25726:1747647670315:,1747647682783
counter/6/0/0/0,23978:1747647670552:,1747647682783
counter/8/0/0/0,25727:1747647670315:,1747647682783
counter/6/0/0/0,23979:1747647670552:,1747647682783
counter/8/0/0/0,25728:1747647670337:,1747647682783
counter/6/0/0/0,23980:1747647670552:,1747647682783
counter/8/0/0/0,25729:1747647670337:,1747647682783
counter/6/0/0/0,23981:1747647670552:,1747647682783
counter/8/0/0/0,25730:1747647670337:,1747647682783
counter/6/0/0/0,23982:1747647670552:,1747647682783
counter/8/0/0/0,25731:1747647670337:,1747647682783
counter/6/0/0/0,23983:1747647670552:,1747647682783
counter/8/0/0/0,25732:1747647670337:,1747647682783
counter/6/0/0/0,23984:1747647670552:,1747647682783
counter/8/0/0/0,25733:1747647670337:,1747647682783
counter/6/0/0/0,23985:1747647670552:,1747647682783
counter/8/0/0/0,25734:1747647670337:,1747647682783
counter/6/0/0/0,23986:1747647670552:,1747647682783
counter/8/0/0/0,25735:1747647670337:,1747647682783
counter/6/0/0/0,23987:1747647670552:,1747647682783
counter/8/0/0/0,25736:1747647670337:,1747647682783
counter/6/0/0/0,23988:1747647670552:,1747647682783
counter/8/0/0/0,25737:1747647670337:,1747647682783
counter/6/0/0/0,23989:1747647670552:,1747647682783
counter/8/0/0/0,25738:1747647670337:,1747647682783
counter/6/0/0/0,23990:1747647670552:,1747647682783
counter/8/0/0/0,25739:1747647670337:,1747647682784
counter/6/0/0/0,23991:1747647670552:,1747647682784
counter/8/0/0/0,25740:1747647670337:,1747647682784
counter/6/0/0/0,23992:1747647670556:,1747647682784
counter/8/0/0/0,25741:1747647670337:,1747647682784
counter/6/0/0/0,23993:1747647670569:,1747647682784
counter/8/0/0/0,25742:1747647670337:,1747647682784
counter/6/0/0/0,23994:1747647670569:,1747647682784
counter/8/0/0/0,25743:1747647670337:,1747647682784
counter/6/0/0/0,23995:1747647670569:,1747647682784
counter/8/0/0/0,25744:1747647670342:,1747647682784
counter/6/0/0/0,23996:1747647670569:,1747647682784
counter/8/0/0/0,25745:1747647670342:,1747647682784
counter/6/0/0/0,23997:1747647670569:,1747647682784
counter/8/0/0/0,25746:1747647670342:,1747647682784
counter/6/0/0/0,23998:1747647670569:,1747647682784
counter/8/0/0/0,25747:1747647670342:,1747647682784
counter/6/0/0/0,23999:1747647670569:,1747647682784
counter/8/0/0/0,25748:1747647670342:,1747647682784
counter/6/0/0/0,24000:1747647670569:,1747647682784
counter/8/0/0/0,25749:1747647670342:,1747647682784
counter/6/0/0/0,24001:1747647670569:,1747647682784
counter/8/0/0/0,25750:1747647670351:,1747647682784
counter/6/0/0/0,24002:1747647670580:,1747647682784
counter/4/0/0/0,21396:1747647668097:,1747647682784
counter/8/0/0/0,25751:1747647670351:,1747647682784
counter/6/0/0/0,24003:1747647670581:,1747647682784
counter/4/0/0/0,21397:1747647668097:,1747647682784
counter/9/0/0/0,27700:1747647670982:,1747647682784
counter/8/0/0/0,25752:1747647670351:,1747647682784
counter/6/0/0/0,24004:1747647670581:,1747647682784
counter/1/0/0/0,22130:1747647668309:,1747647682784
counter/10/0/0/0,23196:1747647667442:,1747647682784
counter/8/0/0/0,25753:1747647670351:,1747647682784
counter/6/0/0/0,24005:1747647670581:,1747647682784
counter/5/0/0/0,24921:1747647670400:,1747647682784
counter/8/0/0/0,25754:1747647670351:,1747647682784
counter/6/0/0/0,24006:1747647670581:,1747647682784
counter/3/0/0/0,21951:1747647668172:,1747647682784
counter/8/0/0/0,25755:1747647670351:,1747647682784
counter/6/0/0/0,24007:1747647670581:,1747647682784
counter/8/0/0/0,25756:1747647670353:,1747647682785
counter/6/0/0/0,24008:1747647670581:,1747647682785
counter/8/0/0/0,25757:1747647670354:,1747647682785
counter/6/0/0/0,24009:1747647670581:,1747647682785
counter/8/0/0/0,25758:1747647670354:,1747647682785
counter/6/0/0/0,24010:1747647670581:,1747647682785
counter/8/0/0/0,25759:1747647670354:,1747647682785
counter/6/0/0/0,24011:1747647670581:,1747647682785
counter/8/0/0/0,25760:1747647670354:,1747647682785
counter/6/0/0/0,24012:1747647670581:,1747647682785
counter/8/0/0/0,25761:1747647670354:,1747647682785
counter/6/0/0/0,24013:1747647670581:,1747647682785
counter/8/0/0/0,25762:1747647670354:,1747647682785
counter/6/0/0/0,24014:1747647670596:,1747647682785
counter/8/0/0/0,25763:1747647670365:,1747647682785
counter/6/0/0/0,24015:1747647670596:,1747647682785
counter/8/0/0/0,25764:1747647670365:,1747647682785
counter/6/0/0/0,24016:1747647670596:,1747647682785
counter/8/0/0/0,25765:1747647670365:,1747647682785
counter/6/0/0/0,24017:1747647670596:,1747647682785
counter/8/0/0/0,25766:1747647670365:,1747647682785
counter/6/0/0/0,24018:1747647670596:,1747647682785
counter/8/0/0/0,25767:1747647670365:,1747647682785
counter/6/0/0/0,24019:1747647670596:,1747647682785
counter/8/0/0/0,25768:1747647670366:,1747647682785
counter/6/0/0/0,24020:1747647670596:,1747647682785
counter/8/0/0/0,25769:1747647670366:,1747647682785
counter/6/0/0/0,24021:1747647670596:,1747647682785
counter/8/0/0/0,25770:1747647670366:,1747647682785
counter/6/0/0/0,24022:1747647670596:,1747647682785
counter/8/0/0/0,25771:1747647670366:,1747647682785
counter/6/0/0/0,24023:1747647670596:,1747647682785
counter/8/0/0/0,25772:1747647670366:,1747647682785
counter/6/0/0/0,24024:1747647670596:,1747647682785
counter/8/0/0/0,25773:1747647670366:,1747647682785
counter/6/0/0/0,24025:1747647670596:,1747647682785
counter/8/0/0/0,25774:1747647670366:,1747647682785
counter/6/0/0/0,24026:1747647670596:,1747647682785
counter/8/0/0/0,25775:1747647670366:,1747647682785
counter/6/0/0/0,24027:1747647670596:,1747647682785
counter/8/0/0/0,25776:1747647670366:,1747647682785
counter/6/0/0/0,24028:1747647670596:,1747647682785
counter/8/0/0/0,25777:1747647670376:,1747647682785
counter/6/0/0/0,24029:1747647670596:,1747647682785
counter/8/0/0/0,25778:1747647670376:,1747647682785
counter/6/0/0/0,24030:1747647670597:,1747647682786
counter/8/0/0/0,25779:1747647670376:,1747647682786
counter/6/0/0/0,24031:1747647670597:,1747647682786
counter/8/0/0/0,25780:1747647670376:,1747647682786
counter/6/0/0/0,24032:1747647670606:,1747647682786
counter/8/0/0/0,25781:1747647670376:,1747647682786
counter/6/0/0/0,24033:1747647670606:,1747647682786
counter/8/0/0/0,25782:1747647670376:,1747647682786
counter/6/0/0/0,24034:1747647670606:,1747647682786
counter/8/0/0/0,25783:1747647670376:,1747647682786
counter/6/0/0/0,24035:1747647670606:,1747647682786
counter/8/0/0/0,25784:1747647670376:,1747647682786
counter/6/0/0/0,24036:1747647670607:,1747647682786
counter/8/0/0/0,25785:1747647670376:,1747647682786
counter/6/0/0/0,24037:1747647670607:,1747647682786
counter/8/0/0/0,25786:1747647670376:,1747647682786
counter/6/0/0/0,24038:1747647670607:,1747647682786
counter/8/0/0/0,25787:1747647670376:,1747647682786
counter/6/0/0/0,24039:1747647670607:,1747647682786
counter/9/0/0/0,27701:1747647670982:,1747647682786
counter/8/0/0/0,25788:1747647670376:,1747647682786
counter/6/0/0/0,24040:1747647670607:,1747647682786
counter/7/0/0/0,24568:1747647670006:,1747647682786
counter/10/0/0/0,23197:1747647667442:,1747647682786
counter/1/0/0/0,22131:1747647668309:,1747647682786
counter/8/0/0/0,25789:1747647670376:,1747647682786
counter/6/0/0/0,24041:1747647670607:,1747647682786
counter/1/0/0/0,22132:1747647668309:,1747647682786
counter/5/0/0/0,24922:1747647670400:,1747647682786
counter/3/0/0/0,21952:1747647668172:,1747647682786
counter/8/0/0/0,25790:1747647670376:,1747647682786
counter/6/0/0/0,24042:1747647670607:,1747647682786
counter/8/0/0/0,25791:1747647670376:,1747647682786
counter/6/0/0/0,24043:1747647670607:,1747647682786
counter/8/0/0/0,25792:1747647670376:,1747647682786
counter/6/0/0/0,24044:1747647670607:,1747647682786
counter/8/0/0/0,25793:1747647670376:,1747647682786
counter/6/0/0/0,24045:1747647670607:,1747647682786
counter/8/0/0/0,25794:1747647670376:,1747647682786
counter/6/0/0/0,24046:1747647670607:,1747647682787
counter/9/0/0/0,27702:1747647670983:,1747647682787
counter/8/0/0/0,25795:1747647670379:,1747647682787
counter/6/0/0/0,24047:1747647670613:,1747647682787
counter/9/0/0/0,27703:1747647670983:,1747647682787
counter/8/0/0/0,25796:1747647670379:,1747647682787
counter/6/0/0/0,24048:1747647670613:,1747647682787
counter/9/0/0/0,27704:1747647670983:,1747647682787
counter/4/0/0/0,21398:1747647668097:,1747647682787
counter/8/0/0/0,25797:1747647670379:,1747647682787
counter/6/0/0/0,24049:1747647670613:,1747647682787
counter/9/0/0/0,27705:1747647670983:,1747647682787
counter/4/0/0/0,21399:1747647668097:,1747647682787
counter/8/0/0/0,25798:1747647670379:,1747647682787
counter/6/0/0/0,24050:1747647670613:,1747647682787
counter/4/0/0/0,21400:1747647668097:,1747647682787
counter/3/0/0/0,21953:1747647668172:,1747647682787
counter/7/0/0/0,24569:1747647670006:,1747647682787
counter/10/0/0/0,23198:1747647667442:,1747647682787
counter/8/0/0/0,25799:1747647670379:,1747647682787
counter/6/0/0/0,24051:1747647670613:,1747647682787
counter/4/0/0/0,21401:1747647668097:,1747647682787
counter/9/0/0/0,27706:1747647670983:,1747647682787
counter/8/0/0/0,25800:1747647670379:,1747647682787
counter/6/0/0/0,24052:1747647670613:,1747647682787
counter/4/0/0/0,21402:1747647668097:,1747647682787
counter/9/0/0/0,27707:1747647670983:,1747647682787
counter/8/0/0/0,25801:1747647670379:,1747647682787
counter/6/0/0/0,24053:1747647670613:,1747647682787
counter/9/0/0/0,27708:1747647670983:,1747647682787
counter/8/0/0/0,25802:1747647670379:,1747647682787
counter/6/0/0/0,24054:1747647670613:,1747647682787
counter/9/0/0/0,27709:1747647670990:,1747647682787
counter/8/0/0/0,25803:1747647670379:,1747647682787
counter/6/0/0/0,24055:1747647670614:,1747647682787
counter/9/0/0/0,27710:1747647670990:,1747647682787
counter/8/0/0/0,25804:1747647670379:,1747647682787
counter/6/0/0/0,24056:1747647670614:,1747647682787
counter/9/0/0/0,27711:1747647670990:,1747647682787
counter/8/0/0/0,25805:1747647670380:,1747647682787
counter/6/0/0/0,24057:1747647670614:,1747647682787
counter/9/0/0/0,27712:1747647670990:,1747647682788
counter/8/0/0/0,25806:1747647670380:,1747647682788
counter/6/0/0/0,24058:1747647670614:,1747647682788
counter/9/0/0/0,27713:1747647670991:,1747647682788
counter/8/0/0/0,25807:1747647670380:,1747647682788
counter/6/0/0/0,24059:1747647670614:,1747647682788
counter/9/0/0/0,27714:1747647670991:,1747647682788
counter/8/0/0/0,25808:1747647670380:,1747647682788
counter/6/0/0/0,24060:1747647670615:,1747647682788
counter/9/0/0/0,27715:1747647670991:,1747647682788
counter/8/0/0/0,25809:1747647670380:,1747647682788
counter/6/0/0/0,24061:1747647670615:,1747647682788
counter/8/0/0/0,25810:1747647670380:,1747647682788
counter/6/0/0/0,24062:1747647670616:,1747647682788
counter/8/0/0/0,25811:1747647670380:,1747647682788
counter/6/0/0/0,24063:1747647670616:,1747647682788
counter/8/0/0/0,25812:1747647670380:,1747647682788
counter/6/0/0/0,24064:1747647670630:,1747647682788
counter/8/0/0/0,25813:1747647670387:,1747647682788
counter/6/0/0/0,24065:1747647670630:,1747647682788
counter/8/0/0/0,25814:1747647670387:,1747647682788
counter/6/0/0/0,24066:1747647670630:,1747647682788
counter/8/0/0/0,25815:1747647670387:,1747647682788
counter/6/0/0/0,24067:1747647670630:,1747647682788
counter/8/0/0/0,25816:1747647670387:,1747647682788
counter/6/0/0/0,24068:1747647670630:,1747647682788
counter/8/0/0/0,25817:1747647670387:,1747647682788
counter/6/0/0/0,24069:1747647670630:,1747647682788
counter/8/0/0/0,25818:1747647670387:,1747647682788
counter/6/0/0/0,24070:1747647670635:,1747647682788
counter/8/0/0/0,25819:1747647670387:,1747647682788
counter/6/0/0/0,24071:1747647670635:,1747647682788
counter/8/0/0/0,25820:1747647670387:,1747647682788
counter/6/0/0/0,24072:1747647670635:,1747647682788
counter/8/0/0/0,25821:1747647670387:,1747647682788
counter/6/0/0/0,24073:1747647670650:,1747647682788
counter/8/0/0/0,25822:1747647670391:,1747647682788
counter/6/0/0/0,24074:1747647670661:,1747647682788
counter/8/0/0/0,25823:1747647670392:,1747647682788
counter/6/0/0/0,24075:1747647670661:,1747647682788
counter/8/0/0/0,25824:1747647670392:,1747647682788
counter/6/0/0/0,24076:1747647670661:,1747647682789
counter/8/0/0/0,25825:1747647670392:,1747647682789
counter/6/0/0/0,24077:1747647670661:,1747647682789
counter/8/0/0/0,25826:1747647670392:,1747647682789
counter/6/0/0/0,24078:1747647670661:,1747647682789
counter/8/0/0/0,25827:1747647670392:,1747647682789
counter/6/0/0/0,24079:1747647670661:,1747647682789
counter/8/0/0/0,25828:1747647670392:,1747647682789
counter/6/0/0/0,24080:1747647670661:,1747647682789
counter/8/0/0/0,25829:1747647670392:,1747647682789
counter/6/0/0/0,24081:1747647670661:,1747647682789
counter/8/0/0/0,25830:1747647670396:,1747647682789
counter/6/0/0/0,24082:1747647670661:,1747647682789
counter/8/0/0/0,25831:1747647670396:,1747647682789
counter/6/0/0/0,24083:1747647670661:,1747647682789
counter/8/0/0/0,25832:1747647670396:,1747647682789
counter/6/0/0/0,24084:1747647670661:,1747647682789
counter/8/0/0/0,25833:1747647670396:,1747647682789
counter/6/0/0/0,24085:1747647670661:,1747647682789
counter/8/0/0/0,25834:1747647670396:,1747647682789
counter/6/0/0/0,24086:1747647670662:,1747647682789
counter/8/0/0/0,25835:1747647670396:,1747647682789
counter/6/0/0/0,24087:1747647670662:,1747647682789
counter/8/0/0/0,25836:1747647670406:,1747647682789
counter/6/0/0/0,24088:1747647670662:,1747647682789
counter/6/0/0/0,24089:1747647670664:,1747647682789
counter/6/0/0/0,24090:1747647670664:,1747647682789
counter/6/0/0/0,24091:1747647670664:,1747647682789
counter/6/0/0/0,24092:1747647670664:,1747647682789
counter/6/0/0/0,24093:1747647670664:,1747647682789
counter/6/0/0/0,24094:1747647670665:,1747647682789
counter/6/0/0/0,24095:1747647670666:,1747647682789
counter/6/0/0/0,24096:1747647670666:,1747647682789
counter/6/0/0/0,24097:1747647670666:,1747647682789
counter/6/0/0/0,24098:1747647670667:,1747647682789
counter/6/0/0/0,24099:1747647670684:,1747647682789
counter/6/0/0/0,24100:1747647670684:,1747647682789
counter/6/0/0/0,24101:1747647670685:,1747647682789
counter/6/0/0/0,24102:1747647670685:,1747647682789
counter/6/0/0/0,24103:1747647670685:,1747647682789
counter/6/0/0/0,24104:1747647670685:,1747647682789
counter/6/0/0/0,24105:1747647670695:,1747647682789
counter/6/0/0/0,24106:1747647670695:,1747647682789
counter/6/0/0/0,24107:1747647670695:,1747647682789
counter/6/0/0/0,24108:1747647670695:,1747647682790
counter/6/0/0/0,24109:1747647670697:,1747647682790
counter/6/0/0/0,24110:1747647670697:,1747647682790
counter/6/0/0/0,24111:1747647670697:,1747647682790
counter/6/0/0/0,24112:1747647670697:,1747647682790
counter/6/0/0/0,24113:1747647670697:,1747647682790
counter/6/0/0/0,24114:1747647670697:,1747647682790
counter/6/0/0/0,24115:1747647670697:,1747647682790
counter/6/0/0/0,24116:1747647670705:,1747647682790
counter/10/0/0/0,23199:1747647667442:,1747647682790
counter/6/0/0/0,24117:1747647670705:,1747647682790
counter/9/0/0/0,27716:1747647670991:,1747647682790
counter/6/0/0/0,24118:1747647670705:,1747647682790
counter/9/0/0/0,27717:1747647670991:,1747647682790
counter/6/0/0/0,24119:1747647670705:,1747647682790
counter/9/0/0/0,27718:1747647670991:,1747647682790
counter/8/0/0/0,25837:1747647670407:,1747647682790
counter/6/0/0/0,24120:1747647670705:,1747647682790
counter/6/0/0/0,24121:1747647670705:,1747647682790
counter/6/0/0/0,24122:1747647670705:,1747647682790
counter/6/0/0/0,24123:1747647670708:,1747647682790
counter/1/0/0/0,22133:1747647668309:,1747647682790
counter/6/0/0/0,24124:1747647670708:,1747647682790
counter/5/0/0/0,24923:1747647670400:,1747647682790
counter/6/0/0/0,24125:1747647670708:,1747647682790
counter/6/0/0/0,24126:1747647670708:,1747647682790
counter/6/0/0/0,24127:1747647670708:,1747647682790
counter/6/0/0/0,24128:1747647670708:,1747647682790
counter/6/0/0/0,24129:1747647670717:,1747647682790
counter/6/0/0/0,24130:1747647670717:,1747647682790
counter/6/0/0/0,24131:1747647670717:,1747647682790
counter/6/0/0/0,24132:1747647670717:,1747647682790
counter/2/0/0/0,27095:1747647671818:,1747647682790
counter/6/0/0/0,24133:1747647670717:,1747647682790
counter/1/0/0/0,22134:1747647668309:,1747647682790
counter/6/0/0/0,24134:1747647670723:,1747647682790
counter/1/0/0/0,22135:1747647668309:,1747647682790
counter/5/0/0/0,24924:1747647670400:,1747647682790
counter/6/0/0/0,24135:1747647670724:,1747647682790
counter/1/0/0/0,22136:1747647668316:,1747647682790
counter/6/0/0/0,24136:1747647670724:,1747647682790
counter/1/0/0/0,22137:1747647668316:,1747647682790
counter/6/0/0/0,24137:1747647670724:,1747647682791
counter/1/0/0/0,22138:1747647668316:,1747647682791
counter/6/0/0/0,24138:1747647670724:,1747647682791
counter/1/0/0/0,22139:1747647668316:,1747647682791
counter/5/0/0/0,24925:1747647670401:,1747647682791
counter/6/0/0/0,24139:1747647670724:,1747647682791
counter/1/0/0/0,22140:1747647668316:,1747647682791
counter/6/0/0/0,24140:1747647670724:,1747647682791
counter/1/0/0/0,22141:1747647668316:,1747647682791
counter/3/0/0/0,21954:1747647668174:,1747647682791
counter/6/0/0/0,24141:1747647670724:,1747647682791
counter/1/0/0/0,22142:1747647668316:,1747647682791
counter/6/0/0/0,24142:1747647670724:,1747647682791
counter/1/0/0/0,22143:1747647668316:,1747647682791
counter/6/0/0/0,24143:1747647670724:,1747647682791
counter/6/0/0/0,24144:1747647670724:,1747647682791
counter/6/0/0/0,24145:1747647670724:,1747647682791
counter/6/0/0/0,24146:1747647670724:,1747647682791
counter/6/0/0/0,24147:1747647670724:,1747647682791
counter/6/0/0/0,24148:1747647670724:,1747647682791
counter/6/0/0/0,24149:1747647670724:,1747647682791
counter/6/0/0/0,24150:1747647670724:,1747647682791
counter/6/0/0/0,24151:1747647670724:,1747647682791
counter/6/0/0/0,24152:1747647670727:,1747647682791
counter/6/0/0/0,24153:1747647670727:,1747647682791
counter/6/0/0/0,24154:1747647670727:,1747647682791
counter/6/0/0/0,24155:1747647670727:,1747647682791
counter/6/0/0/0,24156:1747647670752:,1747647682791
counter/6/0/0/0,24157:1747647670753:,1747647682791
counter/6/0/0/0,24158:1747647670753:,1747647682791
counter/6/0/0/0,24159:1747647670753:,1747647682791
counter/6/0/0/0,24160:1747647670753:,1747647682791
counter/6/0/0/0,24161:1747647670753:,1747647682791
counter/6/0/0/0,24162:1747647670753:,1747647682791
counter/6/0/0/0,24163:1747647670760:,1747647682791
counter/6/0/0/0,24164:1747647670765:,1747647682791
counter/6/0/0/0,24165:1747647670765:,1747647682791
counter/6/0/0/0,24166:1747647670765:,1747647682791
counter/6/0/0/0,24167:1747647670765:,1747647682791
counter/6/0/0/0,24168:1747647670765:,1747647682791
counter/6/0/0/0,24169:1747647670765:,1747647682792
counter/6/0/0/0,24170:1747647670765:,1747647682792
counter/6/0/0/0,24171:1747647670765:,1747647682792
counter/6/0/0/0,24172:1747647670765:,1747647682792
counter/6/0/0/0,24173:1747647670765:,1747647682792
counter/6/0/0/0,24174:1747647670776:,1747647682792
counter/6/0/0/0,24175:1747647670776:,1747647682792
counter/6/0/0/0,24176:1747647670776:,1747647682792
counter/6/0/0/0,24177:1747647670776:,1747647682792
counter/6/0/0/0,24178:1747647670776:,1747647682792
counter/6/0/0/0,24179:1747647670776:,1747647682792
counter/6/0/0/0,24180:1747647670776:,1747647682792
counter/6/0/0/0,24181:1747647670776:,1747647682792
counter/6/0/0/0,24182:1747647670776:,1747647682792
counter/6/0/0/0,24183:1747647670778:,1747647682792
counter/6/0/0/0,24184:1747647670778:,1747647682792
counter/6/0/0/0,24185:1747647670778:,1747647682792
counter/6/0/0/0,24186:1747647670779:,1747647682792
counter/6/0/0/0,24187:1747647670780:,1747647682792
counter/6/0/0/0,24188:1747647670780:,1747647682792
counter/6/0/0/0,24189:1747647670780:,1747647682792
counter/6/0/0/0,24190:1747647670780:,1747647682792
counter/6/0/0/0,24191:1747647670780:,1747647682792
counter/6/0/0/0,24192:1747647670795:,1747647682792
counter/6/0/0/0,24193:1747647670795:,1747647682792
counter/6/0/0/0,24194:1747647670795:,1747647682792
counter/6/0/0/0,24195:1747647670795:,1747647682792
counter/6/0/0/0,24196:1747647670795:,1747647682792
counter/6/0/0/0,24197:1747647670795:,1747647682792
counter/6/0/0/0,24198:1747647670795:,1747647682792
counter/6/0/0/0,24199:1747647670795:,1747647682792
counter/6/0/0/0,24200:1747647670795:,1747647682792
counter/6/0/0/0,24201:1747647670797:,1747647682792
counter/6/0/0/0,24202:1747647670797:,1747647682792
counter/6/0/0/0,24203:1747647670797:,1747647682792
counter/6/0/0/0,24204:1747647670797:,1747647682792
counter/6/0/0/0,24205:1747647670797:,1747647682792
counter/6/0/0/0,24206:1747647670797:,1747647682792
counter/6/0/0/0,24207:1747647670797:,1747647682792
counter/6/0/0/0,24208:1747647670797:,1747647682792
counter/6/0/0/0,24209:1747647670807:,1747647682792
counter/6/0/0/0,24210:1747647670807:,1747647682792
counter/6/0/0/0,24211:1747647670807:,1747647682792
counter/6/0/0/0,24212:1747647670818:,1747647682792
counter/6/0/0/0,24213:1747647670827:,1747647682793
counter/6/0/0/0,24214:1747647670827:,1747647682793
counter/6/0/0/0,24215:1747647670827:,1747647682793
counter/6/0/0/0,24216:1747647670827:,1747647682793
counter/6/0/0/0,24217:1747647670827:,1747647682793
counter/6/0/0/0,24218:1747647670827:,1747647682793
counter/6/0/0/0,24219:1747647670827:,1747647682793
counter/6/0/0/0,24220:1747647670827:,1747647682793
counter/6/0/0/0,24221:1747647670829:,1747647682793
counter/6/0/0/0,24222:1747647670829:,1747647682793
counter/6/0/0/0,24223:1747647670829:,1747647682793
counter/6/0/0/0,24224:1747647670829:,1747647682793
counter/6/0/0/0,24225:1747647670829:,1747647682793
counter/6/0/0/0,24226:1747647670829:,1747647682793
counter/6/0/0/0,24227:1747647670829:,1747647682793
counter/6/0/0/0,24228:1747647670829:,1747647682793
counter/6/0/0/0,24229:1747647670829:,1747647682793
counter/6/0/0/0,24230:1747647670829:,1747647682793
counter/6/0/0/0,24231:1747647670829:,1747647682793
counter/6/0/0/0,24232:1747647670829:,1747647682793
counter/6/0/0/0,24233:1747647670830:,1747647682793
counter/6/0/0/0,24234:1747647670830:,1747647682793
counter/6/0/0/0,24235:1747647670830:,1747647682793
counter/6/0/0/0,24236:1747647670830:,1747647682793
counter/6/0/0/0,24237:1747647670831:,1747647682793
counter/6/0/0/0,24238:1747647670831:,1747647682793
counter/6/0/0/0,24239:1747647670831:,1747647682793
counter/6/0/0/0,24240:1747647670831:,1747647682793
counter/6/0/0/0,24241:1747647670835:,1747647682793
counter/6/0/0/0,24242:1747647670835:,1747647682793
counter/6/0/0/0,24243:1747647670835:,1747647682793
counter/6/0/0/0,24244:1747647670835:,1747647682793
counter/3/0/0/0,21955:1747647668174:,1747647682793
counter/6/0/0/0,24245:1747647670835:,1747647682793
counter/6/0/0/0,24246:1747647670835:,1747647682793
counter/6/0/0/0,24247:1747647670835:,1747647682793
counter/9/0/0/0,27719:1747647670991:,1747647682793
counter/6/0/0/0,24248:1747647670835:,1747647682793
counter/6/0/0/0,24249:1747647670835:,1747647682793
counter/6/0/0/0,24250:1747647670835:,1747647682794
counter/6/0/0/0,24251:1747647670835:,1747647682794
counter/6/0/0/0,24252:1747647670835:,1747647682794
counter/6/0/0/0,24253:1747647670835:,1747647682794
counter/6/0/0/0,24254:1747647670838:,1747647682794
counter/6/0/0/0,24255:1747647670838:,1747647682794
counter/6/0/0/0,24256:1747647670838:,1747647682794
counter/6/0/0/0,24257:1747647670838:,1747647682794
counter/6/0/0/0,24258:1747647670838:,1747647682794
counter/6/0/0/0,24259:1747647670838:,1747647682794
counter/6/0/0/0,24260:1747647670838:,1747647682794
counter/6/0/0/0,24261:1747647670839:,1747647682794
counter/6/0/0/0,24262:1747647670839:,1747647682794
counter/6/0/0/0,24263:1747647670839:,1747647682794
counter/6/0/0/0,24264:1747647670844:,1747647682794
counter/6/0/0/0,24265:1747647670844:,1747647682794
counter/3/0/0/0,21956:1747647668174:,1747647682794
counter/6/0/0/0,24266:1747647670851:,1747647682794
counter/9/0/0/0,27720:1747647670991:,1747647682794
counter/6/0/0/0,24267:1747647670851:,1747647682794
counter/3/0/0/0,21957:1747647668174:,1747647682794
counter/6/0/0/0,24268:1747647670852:,1747647682794
counter/8/0/0/0,25838:1747647670426:,1747647682794
counter/6/0/0/0,24269:1747647670852:,1747647682794
counter/6/0/0/0,24270:1747647670852:,1747647682794
counter/6/0/0/0,24271:1747647670852:,1747647682794
counter/10/0/0/0,23200:1747647667442:,1747647682794
counter/6/0/0/0,24272:1747647670852:,1747647682794
counter/6/0/0/0,24273:1747647670852:,1747647682794
counter/6/0/0/0,24274:1747647670852:,1747647682794
counter/6/0/0/0,24275:1747647670852:,1747647682794
counter/6/0/0/0,24276:1747647670852:,1747647682794
counter/6/0/0/0,24277:1747647670852:,1747647682794
counter/6/0/0/0,24278:1747647670852:,1747647682794
counter/6/0/0/0,24279:1747647670855:,1747647682794
counter/6/0/0/0,24280:1747647670855:,1747647682794
counter/6/0/0/0,24281:1747647670855:,1747647682794
counter/6/0/0/0,24282:1747647670855:,1747647682794
counter/6/0/0/0,24283:1747647670855:,1747647682794
counter/6/0/0/0,24284:1747647670855:,1747647682794
counter/6/0/0/0,24285:1747647670855:,1747647682794
counter/5/0/0/0,24926:1747647670401:,1747647682795
counter/6/0/0/0,24286:1747647670855:,1747647682795
counter/6/0/0/0,24287:1747647670855:,1747647682795
counter/6/0/0/0,24288:1747647670855:,1747647682795
counter/6/0/0/0,24289:1747647670855:,1747647682795
counter/4/0/0/0,21403:1747647668097:,1747647682795
counter/6/0/0/0,24290:1747647670855:,1747647682795
counter/4/0/0/0,21404:1747647668098:,1747647682795
counter/6/0/0/0,24291:1747647670857:,1747647682795
counter/9/0/0/0,27721:1747647670991:,1747647682795
counter/6/0/0/0,24292:1747647670861:,1747647682795
counter/9/0/0/0,27722:1747647670991:,1747647682795
counter/6/0/0/0,24293:1747647670861:,1747647682795
counter/9/0/0/0,27723:1747647670991:,1747647682795
counter/6/0/0/0,24294:1747647670861:,1747647682795
counter/9/0/0/0,27724:1747647670991:,1747647682795
counter/6/0/0/0,24295:1747647670861:,1747647682795
counter/6/0/0/0,24296:1747647670861:,1747647682795
counter/6/0/0/0,24297:1747647670866:,1747647682795
counter/6/0/0/0,24298:1747647670867:,1747647682795
counter/6/0/0/0,24299:1747647670867:,1747647682795
counter/6/0/0/0,24300:1747647670867:,1747647682795
counter/6/0/0/0,24301:1747647670867:,1747647682795
counter/6/0/0/0,24302:1747647670867:,1747647682795
counter/6/0/0/0,24303:1747647670867:,1747647682795
counter/6/0/0/0,24304:1747647670867:,1747647682795
counter/6/0/0/0,24305:1747647670867:,1747647682795
counter/6/0/0/0,24306:1747647670867:,1747647682795
counter/6/0/0/0,24307:1747647670867:,1747647682795
counter/6/0/0/0,24308:1747647670867:,1747647682795
counter/6/0/0/0,24309:1747647670867:,1747647682795
counter/6/0/0/0,24310:1747647670867:,1747647682795
counter/6/0/0/0,24311:1747647670867:,1747647682795
counter/6/0/0/0,24312:1747647670867:,1747647682795
counter/6/0/0/0,24313:1747647670867:,1747647682795
counter/6/0/0/0,24314:1747647670867:,1747647682795
counter/6/0/0/0,24315:1747647670867:,1747647682795
counter/6/0/0/0,24316:1747647670867:,1747647682795
counter/6/0/0/0,24317:1747647670867:,1747647682795
counter/6/0/0/0,24318:1747647670867:,1747647682796
counter/6/0/0/0,24319:1747647670870:,1747647682796
counter/6/0/0/0,24320:1747647670870:,1747647682796
counter/6/0/0/0,24321:1747647670870:,1747647682796
counter/9/0/0/0,27725:1747647670991:,1747647682796
counter/6/0/0/0,24322:1747647670871:,1747647682796
counter/6/0/0/0,24323:1747647670871:,1747647682796
counter/6/0/0/0,24324:1747647670877:,1747647682796
counter/6/0/0/0,24325:1747647670881:,1747647682796
counter/6/0/0/0,24326:1747647670881:,1747647682796
counter/6/0/0/0,24327:1747647670881:,1747647682796
counter/6/0/0/0,24328:1747647670881:,1747647682796
counter/6/0/0/0,24329:1747647670881:,1747647682796
counter/6/0/0/0,24330:1747647670881:,1747647682796
counter/6/0/0/0,24331:1747647670881:,1747647682796
counter/6/0/0/0,24332:1747647670881:,1747647682796
counter/6/0/0/0,24333:1747647670882:,1747647682796
counter/6/0/0/0,24334:1747647670882:,1747647682796
counter/6/0/0/0,24335:1747647670882:,1747647682796
counter/6/0/0/0,24336:1747647670882:,1747647682796
counter/6/0/0/0,24337:1747647670882:,1747647682796
counter/6/0/0/0,24338:1747647670882:,1747647682796
counter/6/0/0/0,24339:1747647670882:,1747647682796
counter/6/0/0/0,24340:1747647670882:,1747647682796
counter/6/0/0/0,24341:1747647670882:,1747647682796
counter/6/0/0/0,24342:1747647670882:,1747647682796
counter/6/0/0/0,24343:1747647670882:,1747647682796
counter/6/0/0/0,24344:1747647670882:,1747647682796
counter/6/0/0/0,24345:1747647670882:,1747647682796
counter/6/0/0/0,24346:1747647670882:,1747647682796
counter/6/0/0/0,24347:1747647670882:,1747647682796
counter/6/0/0/0,24348:1747647670882:,1747647682796
counter/6/0/0/0,24349:1747647670882:,1747647682796
counter/6/0/0/0,24350:1747647670882:,1747647682796
counter/6/0/0/0,24351:1747647670882:,1747647682796
counter/6/0/0/0,24352:1747647670882:,1747647682796
counter/6/0/0/0,24353:1747647670882:,1747647682796
counter/6/0/0/0,24354:1747647670882:,1747647682796
counter/6/0/0/0,24355:1747647670882:,1747647682796
counter/2/0/0/0,27096:1747647671818:,1747647682796
counter/6/0/0/0,24356:1747647670883:,1747647682796
counter/8/0/0/0,25839:1747647670426:,1747647682796
counter/6/0/0/0,24357:1747647670883:,1747647682796
counter/4/0/0/0,21405:1747647668098:,1747647682797
counter/6/0/0/0,24358:1747647670883:,1747647682797
counter/5/0/0/0,24927:1747647670401:,1747647682797
counter/6/0/0/0,24359:1747647670883:,1747647682797
counter/9/0/0/0,27726:1747647671004:,1747647682797
counter/6/0/0/0,24360:1747647670885:,1747647682797
counter/6/0/0/0,24361:1747647670885:,1747647682797
counter/3/0/0/0,21958:1747647668174:,1747647682797
counter/6/0/0/0,24362:1747647670885:,1747647682797
counter/1/0/0/0,22144:1747647668316:,1747647682797
counter/6/0/0/0,24363:1747647670885:,1747647682797
counter/3/0/0/0,21959:1747647668174:,1747647682797
counter/6/0/0/0,24364:1747647670885:,1747647682797
counter/6/0/0/0,24365:1747647670885:,1747647682797
counter/10/0/0/0,23201:1747647667442:,1747647682797
counter/6/0/0/0,24366:1747647670885:,1747647682797
counter/7/0/0/0,24570:1747647670006:,1747647682797
counter/6/0/0/0,24367:1747647670885:,1747647682797
counter/7/0/0/0,24571:1747647670006:,1747647682797
counter/10/0/0/0,23202:1747647667442:,1747647682797
counter/6/0/0/0,24368:1747647670885:,1747647682797
counter/4/0/0/0,21406:1747647668098:,1747647682797
counter/5/0/0/0,24928:1747647670401:,1747647682797
counter/6/0/0/0,24369:1747647670888:,1747647682797
counter/9/0/0/0,27727:1747647671004:,1747647682797
counter/6/0/0/0,24370:1747647670889:,1747647682797
counter/3/0/0/0,21960:1747647668174:,1747647682797
counter/6/0/0/0,24371:1747647670889:,1747647682797
counter/6/0/0/0,24372:1747647670889:,1747647682797
counter/8/0/0/0,25840:1747647670426:,1747647682797
counter/6/0/0/0,24373:1747647670889:,1747647682797
counter/7/0/0/0,24572:1747647670006:,1747647682797
counter/6/0/0/0,24374:1747647670889:,1747647682797
counter/10/0/0/0,23203:1747647667442:,1747647682797
counter/6/0/0/0,24375:1747647670889:,1747647682797
counter/4/0/0/0,21407:1747647668098:,1747647682797
counter/6/0/0/0,24376:1747647670889:,1747647682797
counter/5/0/0/0,24929:1747647670401:,1747647682797
counter/9/0/0/0,27728:1747647671004:,1747647682797
counter/6/0/0/0,24377:1747647670889:,1747647682797
counter/1/0/0/0,22145:1747647668316:,1747647682797
counter/6/0/0/0,24378:1747647670890:,1747647682797
counter/1/0/0/0,22146:1747647668316:,1747647682798
counter/6/0/0/0,24379:1747647670890:,1747647682798
counter/1/0/0/0,22147:1747647668316:,1747647682798
counter/6/0/0/0,24380:1747647670890:,1747647682798
counter/1/0/0/0,22148:1747647668316:,1747647682798
counter/6/0/0/0,24381:1747647670890:,1747647682798
counter/1/0/0/0,22149:1747647668316:,1747647682798
counter/6/0/0/0,24382:1747647670890:,1747647682798
counter/1/0/0/0,22150:1747647668316:,1747647682798
counter/6/0/0/0,24383:1747647670890:,1747647682798
counter/1/0/0/0,22151:1747647668316:,1747647682798
counter/6/0/0/0,24384:1747647670890:,1747647682798
counter/1/0/0/0,22152:1747647668316:,1747647682798
counter/3/0/0/0,21961:1747647668174:,1747647682798
counter/6/0/0/0,24385:1747647670895:,1747647682798
counter/1/0/0/0,22153:1747647668317:,1747647682798
counter/8/0/0/0,25841:1747647670426:,1747647682798
counter/7/0/0/0,24573:1747647670006:,1747647682798
counter/6/0/0/0,24386:1747647670898:,1747647682798
counter/1/0/0/0,22154:1747647668317:,1747647682798
counter/8/0/0/0,25842:1747647670426:,1747647682798
counter/6/0/0/0,24387:1747647670898:,1747647682798
counter/1/0/0/0,22155:1747647668326:,1747647682798
counter/8/0/0/0,25843:1747647670455:,1747647682798
counter/6/0/0/0,24388:1747647670898:,1747647682798
counter/1/0/0/0,22156:1747647668326:,1747647682798
counter/8/0/0/0,25844:1747647670459:,1747647682798
counter/4/0/0/0,21408:1747647668098:,1747647682798
counter/3/0/0/0,21962:1747647668174:,1747647682798
counter/6/0/0/0,24389:1747647670898:,1747647682798
counter/8/0/0/0,25845:1747647670459:,1747647682798
counter/10/0/0/0,23204:1747647667442:,1747647682798
counter/7/0/0/0,24574:1747647670006:,1747647682798
counter/6/0/0/0,24390:1747647670898:,1747647682798
counter/8/0/0/0,25846:1747647670459:,1747647682798
counter/9/0/0/0,27729:1747647671004:,1747647682798
counter/6/0/0/0,24391:1747647670898:,1747647682798
counter/8/0/0/0,25847:1747647670459:,1747647682799
counter/6/0/0/0,24392:1747647670898:,1747647682799
counter/4/0/0/0,21409:1747647668098:,1747647682799
counter/6/0/0/0,24393:1747647670898:,1747647682799
counter/3/0/0/0,21963:1747647668174:,1747647682799
counter/6/0/0/0,24394:1747647670898:,1747647682799
counter/6/0/0/0,24395:1747647670898:,1747647682799
counter/10/0/0/0,23205:1747647667442:,1747647682799
counter/6/0/0/0,24396:1747647670898:,1747647682799
counter/10/0/0/0,23206:1747647667442:,1747647682799
counter/7/0/0/0,24575:1747647670007:,1747647682799
counter/6/0/0/0,24397:1747647670898:,1747647682799
counter/2/0/0/0,27097:1747647671818:,1747647682799
counter/8/0/0/0,25848:1747647670459:,1747647682799
counter/6/0/0/0,24398:1747647670898:,1747647682799
counter/8/0/0/0,25849:1747647670459:,1747647682799
counter/6/0/0/0,24399:1747647670898:,1747647682799
counter/8/0/0/0,25850:1747647670460:,1747647682799
counter/4/0/0/0,21410:1747647668098:,1747647682799
counter/6/0/0/0,24400:1747647670898:,1747647682799
counter/8/0/0/0,25851:1747647670460:,1747647682799
counter/9/0/0/0,27730:1747647671004:,1747647682799
counter/7/0/0/0,24576:1747647670007:,1747647682799
counter/6/0/0/0,24401:1747647670898:,1747647682799
counter/8/0/0/0,25852:1747647670460:,1747647682799
counter/10/0/0/0,23207:1747647667442:,1747647682799
counter/2/0/0/0,27098:1747647671818:,1747647682799
counter/6/0/0/0,24402:1747647670898:,1747647682799
counter/6/0/0/0,24403:1747647670898:,1747647682799
counter/6/0/0/0,24404:1747647670898:,1747647682799
counter/6/0/0/0,24405:1747647670900:,1747647682799
counter/6/0/0/0,24406:1747647670900:,1747647682799
counter/6/0/0/0,24407:1747647670900:,1747647682799
counter/6/0/0/0,24408:1747647670900:,1747647682799
counter/6/0/0/0,24409:1747647670900:,1747647682799
counter/6/0/0/0,24410:1747647670900:,1747647682799
counter/6/0/0/0,24411:1747647670916:,1747647682799
counter/6/0/0/0,24412:1747647670919:,1747647682799
counter/6/0/0/0,24413:1747647670919:,1747647682799
counter/6/0/0/0,24414:1747647670919:,1747647682799
counter/6/0/0/0,24415:1747647670919:,1747647682799
counter/6/0/0/0,24416:1747647670919:,1747647682799
counter/6/0/0/0,24417:1747647670919:,1747647682800
counter/6/0/0/0,24418:1747647670919:,1747647682800
counter/6/0/0/0,24419:1747647670919:,1747647682800
counter/6/0/0/0,24420:1747647670919:,1747647682800
counter/6/0/0/0,24421:1747647670919:,1747647682800
counter/6/0/0/0,24422:1747647670919:,1747647682800
counter/6/0/0/0,24423:1747647670920:,1747647682800
counter/6/0/0/0,24424:1747647670924:,1747647682800
counter/6/0/0/0,24425:1747647670924:,1747647682800
counter/6/0/0/0,24426:1747647670924:,1747647682800
counter/6/0/0/0,24427:1747647670925:,1747647682800
counter/6/0/0/0,24428:1747647670925:,1747647682800
counter/6/0/0/0,24429:1747647670925:,1747647682800
counter/6/0/0/0,24430:1747647670925:,1747647682800
counter/6/0/0/0,24431:1747647670925:,1747647682800
counter/6/0/0/0,24432:1747647670926:,1747647682800
counter/6/0/0/0,24433:1747647670926:,1747647682800
counter/6/0/0/0,24434:1747647670927:,1747647682800
counter/6/0/0/0,24435:1747647670927:,1747647682800
counter/6/0/0/0,24436:1747647670932:,1747647682800
counter/6/0/0/0,24437:1747647670932:,1747647682800
counter/6/0/0/0,24438:1747647670932:,1747647682800
counter/6/0/0/0,24439:1747647670932:,1747647682800
counter/6/0/0/0,24440:1747647670932:,1747647682800
counter/6/0/0/0,24441:1747647670935:,1747647682800
counter/6/0/0/0,24442:1747647670935:,1747647682800
counter/6/0/0/0,24443:1747647670935:,1747647682800
counter/6/0/0/0,24444:1747647670935:,1747647682800
counter/6/0/0/0,24445:1747647670935:,1747647682800
counter/6/0/0/0,24446:1747647670935:,1747647682800
counter/6/0/0/0,24447:1747647670935:,1747647682800
counter/6/0/0/0,24448:1747647670935:,1747647682800
counter/6/0/0/0,24449:1747647670935:,1747647682800
counter/6/0/0/0,24450:1747647670962:,1747647682800
counter/6/0/0/0,24451:1747647670962:,1747647682800
counter/6/0/0/0,24452:1747647670962:,1747647682800
counter/6/0/0/0,24453:1747647670962:,1747647682800
counter/6/0/0/0,24454:1747647670981:,1747647682801
counter/6/0/0/0,24455:1747647670981:,1747647682801
counter/6/0/0/0,24456:1747647670981:,1747647682801
counter/6/0/0/0,24457:1747647670981:,1747647682801
counter/6/0/0/0,24458:1747647670981:,1747647682801
counter/6/0/0/0,24459:1747647670985:,1747647682801
counter/6/0/0/0,24460:1747647670985:,1747647682801
counter/6/0/0/0,24461:1747647670985:,1747647682801
counter/6/0/0/0,24462:1747647670985:,1747647682801
counter/6/0/0/0,24463:1747647670986:,1747647682801
counter/6/0/0/0,24464:1747647670989:,1747647682801
counter/6/0/0/0,24465:1747647670989:,1747647682801
counter/1/0/0/0,22157:1747647668326:,1747647682801
counter/6/0/0/0,24466:1747647670989:,1747647682801
counter/3/0/0/0,21964:1747647668174:,1747647682801
counter/6/0/0/0,24467:1747647670989:,1747647682801
counter/8/0/0/0,25853:1747647670460:,1747647682801
counter/6/0/0/0,24468:1747647670989:,1747647682801
counter/3/0/0/0,21965:1747647668174:,1747647682801
counter/6/0/0/0,24469:1747647671018:,1747647682801
counter/4/0/0/0,21411:1747647668098:,1747647682801
counter/6/0/0/0,24470:1747647671018:,1747647682801
counter/4/0/0/0,21412:1747647668098:,1747647682801
counter/6/0/0/0,24471:1747647671018:,1747647682801
counter/4/0/0/0,21413:1747647668098:,1747647682801
counter/6/0/0/0,24472:1747647671048:,1747647682801
counter/4/0/0/0,21414:1747647668098:,1747647682801
counter/6/0/0/0,24473:1747647671048:,1747647682801
counter/4/0/0/0,21415:1747647668098:,1747647682801
counter/6/0/0/0,24474:1747647671048:,1747647682801
counter/4/0/0/0,21416:1747647668104:,1747647682801
counter/6/0/0/0,24475:1747647671048:,1747647682801
counter/4/0/0/0,21417:1747647668104:,1747647682801
counter/6/0/0/0,24476:1747647671048:,1747647682801
counter/4/0/0/0,21418:1747647668111:,1747647682801
counter/6/0/0/0,24477:1747647671055:,1747647682801
counter/4/0/0/0,21419:1747647668111:,1747647682801
counter/9/0/0/0,27731:1747647671004:,1747647682801
counter/7/0/0/0,24577:1747647670007:,1747647682801
counter/4/0/0/0,21420:1747647668111:,1747647682801
counter/7/0/0/0,24578:1747647670007:,1747647682802
counter/8/0/0/0,25854:1747647670460:,1747647682802
counter/5/0/0/0,24930:1747647670401:,1747647682802
counter/4/0/0/0,21421:1747647668111:,1747647682802
counter/10/0/0/0,23208:1747647667442:,1747647682802
counter/6/0/0/0,24478:1747647671055:,1747647682802
counter/4/0/0/0,21422:1747647668111:,1747647682802
counter/10/0/0/0,23209:1747647667442:,1747647682802
counter/4/0/0/0,21423:1747647668111:,1747647682802
counter/10/0/0/0,23210:1747647667442:,1747647682802
counter/10/0/0/0,23211:1747647667442:,1747647682802
counter/10/0/0/0,23212:1747647667442:,1747647682802
counter/10/0/0/0,23213:1747647667446:,1747647682802
counter/10/0/0/0,23214:1747647667446:,1747647682802
counter/10/0/0/0,23215:1747647667446:,1747647682802
counter/10/0/0/0,23216:1747647667446:,1747647682802
counter/10/0/0/0,23217:1747647667446:,1747647682802
counter/10/0/0/0,23218:1747647667446:,1747647682802
counter/10/0/0/0,23219:1747647667446:,1747647682802
counter/10/0/0/0,23220:1747647667446:,1747647682802
counter/10/0/0/0,23221:1747647667446:,1747647682802
counter/10/0/0/0,23222:1747647667446:,1747647682802
counter/10/0/0/0,23223:1747647667446:,1747647682802
counter/10/0/0/0,23224:1747647667446:,1747647682802
counter/10/0/0/0,23225:1747647667446:,1747647682802
counter/9/0/0/0,27732:1747647671004:,1747647682802
counter/3/0/0/0,21966:1747647668174:,1747647682802
counter/10/0/0/0,23226:1747647667446:,1747647682802
counter/9/0/0/0,27733:1747647671004:,1747647682802
counter/10/0/0/0,23227:1747647667446:,1747647682802
counter/9/0/0/0,27734:1747647671012:,1747647682802
counter/10/0/0/0,23228:1747647667446:,1747647682802
counter/9/0/0/0,27735:1747647671012:,1747647682802
counter/10/0/0/0,23229:1747647667446:,1747647682802
counter/9/0/0/0,27736:1747647671012:,1747647682802
counter/2/0/0/0,27099:1747647671818:,1747647682802
counter/10/0/0/0,23230:1747647667446:,1747647682802
counter/9/0/0/0,27737:1747647671012:,1747647682802
counter/5/0/0/0,24931:1747647670404:,1747647682802
counter/9/0/0/0,27738:1747647671012:,1747647682802
counter/3/0/0/0,21967:1747647668174:,1747647682802
counter/7/0/0/0,24579:1747647670007:,1747647682802
counter/8/0/0/0,25855:1747647670460:,1747647682803
counter/6/0/0/0,24479:1747647671056:,1747647682803
counter/1/0/0/0,22158:1747647668326:,1747647682803
counter/9/0/0/0,27739:1747647671012:,1747647682803
counter/10/0/0/0,23231:1747647667446:,1747647682803
counter/9/0/0/0,27740:1747647671012:,1747647682803
counter/10/0/0/0,23232:1747647667446:,1747647682803
counter/5/0/0/0,24932:1747647670404:,1747647682803
counter/3/0/0/0,21968:1747647668174:,1747647682803
counter/7/0/0/0,24580:1747647670007:,1747647682803
counter/8/0/0/0,25856:1747647670461:,1747647682803
counter/6/0/0/0,24480:1747647671056:,1747647682803
counter/1/0/0/0,22159:1747647668326:,1747647682803
counter/1/0/0/0,22160:1747647668327:,1747647682803
counter/9/0/0/0,27741:1747647671012:,1747647682803
counter/9/0/0/0,27742:1747647671012:,1747647682803
counter/9/0/0/0,27743:1747647671012:,1747647682803
counter/9/0/0/0,27744:1747647671012:,1747647682803
counter/9/0/0/0,27745:1747647671012:,1747647682803
counter/9/0/0/0,27746:1747647671012:,1747647682803
counter/9/0/0/0,27747:1747647671012:,1747647682803
counter/9/0/0/0,27748:1747647671012:,1747647682803
counter/9/0/0/0,27749:1747647671012:,1747647682803
counter/3/0/0/0,21969:1747647668174:,1747647682803
counter/9/0/0/0,27750:1747647671012:,1747647682803
counter/7/0/0/0,24581:1747647670007:,1747647682803
counter/9/0/0/0,27751:1747647671012:,1747647682803
counter/8/0/0/0,25857:1747647670464:,1747647682803
counter/6/0/0/0,24481:1747647671056:,1747647682803
counter/9/0/0/0,27752:1747647671012:,1747647682803
counter/1/0/0/0,22161:1747647668327:,1747647682803
counter/1/0/0/0,22162:1747647668327:,1747647682803
counter/1/0/0/0,22163:1747647668327:,1747647682803
counter/1/0/0/0,22164:1747647668327:,1747647682803
counter/1/0/0/0,22165:1747647668327:,1747647682803
counter/9/0/0/0,27753:1747647671014:,1747647682803
counter/9/0/0/0,27754:1747647671014:,1747647682803
counter/3/0/0/0,21970:1747647668174:,1747647682803
counter/9/0/0/0,27755:1747647671014:,1747647682803
counter/9/0/0/0,27756:1747647671014:,1747647682803
counter/9/0/0/0,27757:1747647671014:,1747647682804
counter/9/0/0/0,27758:1747647671014:,1747647682804
counter/9/0/0/0,27759:1747647671014:,1747647682804
counter/9/0/0/0,27760:1747647671014:,1747647682804
counter/9/0/0/0,27761:1747647671014:,1747647682804
counter/9/0/0/0,27762:1747647671014:,1747647682804
counter/9/0/0/0,27763:1747647671014:,1747647682804
counter/9/0/0/0,27764:1747647671017:,1747647682804
counter/9/0/0/0,27765:1747647671017:,1747647682804
counter/9/0/0/0,27766:1747647671021:,1747647682804
counter/9/0/0/0,27767:1747647671021:,1747647682804
counter/9/0/0/0,27768:1747647671021:,1747647682804
counter/9/0/0/0,27769:1747647671021:,1747647682804
counter/9/0/0/0,27770:1747647671021:,1747647682804
counter/9/0/0/0,27771:1747647671021:,1747647682804
counter/6/0/0/0,24482:1747647671056:,1747647682804
counter/9/0/0/0,27772:1747647671021:,1747647682804
counter/10/0/0/0,23233:1747647667447:,1747647682804
counter/9/0/0/0,27773:1747647671021:,1747647682804
counter/5/0/0/0,24933:1747647670404:,1747647682804
counter/4/0/0/0,21424:1747647668111:,1747647682804
counter/9/0/0/0,27774:1747647671021:,1747647682804
counter/7/0/0/0,24582:1747647670010:,1747647682804
counter/9/0/0/0,27775:1747647671021:,1747647682804
counter/1/0/0/0,22166:1747647668327:,1747647682804
counter/3/0/0/0,21971:1747647668174:,1747647682804
counter/9/0/0/0,27776:1747647671021:,1747647682804
counter/8/0/0/0,25858:1747647670464:,1747647682804
counter/9/0/0/0,27777:1747647671022:,1747647682804
counter/9/0/0/0,27778:1747647671022:,1747647682804
counter/9/0/0/0,27779:1747647671022:,1747647682804
counter/9/0/0/0,27780:1747647671022:,1747647682804
counter/9/0/0/0,27781:1747647671022:,1747647682804
counter/9/0/0/0,27782:1747647671022:,1747647682804
counter/9/0/0/0,27783:1747647671024:,1747647682804
counter/9/0/0/0,27784:1747647671024:,1747647682804
counter/9/0/0/0,27785:1747647671024:,1747647682804
counter/9/0/0/0,27786:1747647671024:,1747647682804
counter/9/0/0/0,27787:1747647671024:,1747647682804
counter/9/0/0/0,27788:1747647671024:,1747647682804
counter/9/0/0/0,27789:1747647671024:,1747647682804
counter/8/0/0/0,25859:1747647670464:,1747647682804
counter/9/0/0/0,27790:1747647671024:,1747647682804
counter/9/0/0/0,27791:1747647671024:,1747647682804
counter/9/0/0/0,27792:1747647671024:,1747647682805
counter/9/0/0/0,27793:1747647671024:,1747647682805
counter/9/0/0/0,27794:1747647671024:,1747647682805
counter/9/0/0/0,27795:1747647671024:,1747647682805
counter/9/0/0/0,27796:1747647671024:,1747647682805
counter/9/0/0/0,27797:1747647671026:,1747647682805
counter/9/0/0/0,27798:1747647671026:,1747647682805
counter/9/0/0/0,27799:1747647671026:,1747647682805
counter/7/0/0/0,24583:1747647670010:,1747647682805
counter/9/0/0/0,27800:1747647671026:,1747647682805
counter/4/0/0/0,21425:1747647668111:,1747647682805
counter/9/0/0/0,27801:1747647671026:,1747647682805
counter/4/0/0/0,21426:1747647668111:,1747647682805
counter/10/0/0/0,23234:1747647667448:,1747647682805
counter/9/0/0/0,27802:1747647671026:,1747647682805
counter/4/0/0/0,21427:1747647668112:,1747647682805
counter/8/0/0/0,25860:1747647670464:,1747647682805
counter/6/0/0/0,24483:1747647671056:,1747647682805
counter/9/0/0/0,27803:1747647671026:,1747647682805
counter/5/0/0/0,24934:1747647670404:,1747647682805
counter/9/0/0/0,27804:1747647671026:,1747647682805
counter/9/0/0/0,27805:1747647671026:,1747647682805
counter/9/0/0/0,27806:1747647671026:,1747647682805
counter/9/0/0/0,27807:1747647671026:,1747647682805
counter/9/0/0/0,27808:1747647671026:,1747647682805
counter/9/0/0/0,27809:1747647671026:,1747647682805
counter/9/0/0/0,27810:1747647671029:,1747647682805
counter/9/0/0/0,27811:1747647671029:,1747647682805
counter/9/0/0/0,27812:1747647671029:,1747647682805
counter/9/0/0/0,27813:1747647671029:,1747647682805
counter/9/0/0/0,27814:1747647671029:,1747647682805
counter/9/0/0/0,27815:1747647671029:,1747647682805
counter/9/0/0/0,27816:1747647671030:,1747647682805
counter/9/0/0/0,27817:1747647671030:,1747647682805
counter/9/0/0/0,27818:1747647671031:,1747647682805
counter/9/0/0/0,27819:1747647671031:,1747647682805
counter/9/0/0/0,27820:1747647671040:,1747647682805
counter/3/0/0/0,21972:1747647668174:,1747647682805
counter/4/0/0/0,21428:1747647668113:,1747647682805
counter/9/0/0/0,27821:1747647671040:,1747647682806
counter/3/0/0/0,21973:1747647668178:,1747647682806
counter/10/0/0/0,23235:1747647667449:,1747647682806
counter/9/0/0/0,27822:1747647671040:,1747647682806
counter/8/0/0/0,25861:1747647670464:,1747647682806
counter/6/0/0/0,24484:1747647671056:,1747647682806
counter/9/0/0/0,27823:1747647671040:,1747647682806
counter/5/0/0/0,24935:1747647670404:,1747647682806
counter/7/0/0/0,24584:1747647670017:,1747647682806
counter/9/0/0/0,27824:1747647671040:,1747647682806
counter/9/0/0/0,27825:1747647671040:,1747647682806
counter/9/0/0/0,27826:1747647671040:,1747647682806
counter/9/0/0/0,27827:1747647671040:,1747647682806
counter/9/0/0/0,27828:1747647671040:,1747647682806
counter/9/0/0/0,27829:1747647671040:,1747647682806
counter/9/0/0/0,27830:1747647671040:,1747647682806
counter/9/0/0/0,27831:1747647671041:,1747647682806
counter/9/0/0/0,27832:1747647671041:,1747647682806
counter/9/0/0/0,27833:1747647671041:,1747647682806
counter/9/0/0/0,27834:1747647671041:,1747647682806
counter/1/0/0/0,22167:1747647668327:,1747647682806
counter/9/0/0/0,27835:1747647671041:,1747647682806
counter/2/0/0/0,27100:1747647671821:,1747647682806
counter/9/0/0/0,27836:1747647671041:,1747647682806
counter/8/0/0/0,25862:1747647670467:,1747647682806
counter/6/0/0/0,24485:1747647671056:,1747647682806
counter/9/0/0/0,27837:1747647671042:,1747647682806
counter/5/0/0/0,24936:1747647670404:,1747647682806
counter/7/0/0/0,24585:1747647670017:,1747647682806
counter/9/0/0/0,27838:1747647671042:,1747647682806
counter/4/0/0/0,21429:1747647668113:,1747647682806
counter/3/0/0/0,21974:1747647668180:,1747647682806
counter/10/0/0/0,23236:1747647667449:,1747647682806
counter/1/0/0/0,22168:1747647668327:,1747647682806
counter/2/0/0/0,27101:1747647671832:,1747647682806
counter/2/0/0/0,27102:1747647671832:,1747647682806
counter/8/0/0/0,25863:1747647670467:,1747647682806
counter/6/0/0/0,24486:1747647671056:,1747647682806
counter/5/0/0/0,24937:1747647670404:,1747647682806
counter/7/0/0/0,24586:1747647670017:,1747647682806
counter/4/0/0/0,21430:1747647668113:,1747647682806
counter/3/0/0/0,21975:1747647668180:,1747647682806
counter/10/0/0/0,23237:1747647667449:,1747647682806
counter/1/0/0/0,22169:1747647668327:,1747647682806
counter/2/0/0/0,27103:1747647671832:,1747647682807
counter/2/0/0/0,27104:1747647671833:,1747647682807
counter/8/0/0/0,25864:1747647670467:,1747647682807
counter/6/0/0/0,24487:1747647671056:,1747647682807
counter/5/0/0/0,24938:1747647670404:,1747647682807
counter/7/0/0/0,24587:1747647670017:,1747647682807
counter/4/0/0/0,21431:1747647668113:,1747647682807
counter/3/0/0/0,21976:1747647668180:,1747647682807
counter/10/0/0/0,23238:1747647667449:,1747647682807
counter/1/0/0/0,22170:1747647668327:,1747647682807
counter/2/0/0/0,27105:1747647671833:,1747647682807
counter/2/0/0/0,27106:1747647671833:,1747647682807
counter/8/0/0/0,25865:1747647670467:,1747647682807
counter/6/0/0/0,24488:1747647671056:,1747647682807
counter/5/0/0/0,24939:1747647670404:,1747647682807
counter/7/0/0/0,24588:1747647670017:,1747647682807
counter/4/0/0/0,21432:1747647668113:,1747647682807
counter/3/0/0/0,21977:1747647668180:,1747647682807
counter/10/0/0/0,23239:1747647667449:,1747647682807
counter/1/0/0/0,22171:1747647668334:,1747647682807
counter/2/0/0/0,27107:1747647671833:,1747647682807
counter/2/0/0/0,27108:1747647671833:,1747647682807
counter/8/0/0/0,25866:1747647670467:,1747647682807
counter/9/0/0/0,27839:1747647671042:,1747647682807
counter/5/0/0/0,24940:1747647670404:,1747647682807
counter/7/0/0/0,24589:1747647670017:,1747647682807
counter/4/0/0/0,21433:1747647668113:,1747647682807
counter/3/0/0/0,21978:1747647668180:,1747647682807
counter/10/0/0/0,23240:1747647667449:,1747647682807
counter/1/0/0/0,22172:1747647668335:,1747647682807
counter/2/0/0/0,27109:1747647671833:,1747647682807
counter/6/0/0/0,24489:1747647671056:,1747647682807
counter/2/0/0/0,27110:1747647671834:,1747647682807
counter/8/0/0/0,25867:1747647670467:,1747647682807
counter/5/0/0/0,24941:1747647670404:,1747647682807
counter/7/0/0/0,24590:1747647670017:,1747647682807
counter/4/0/0/0,21434:1747647668113:,1747647682807
counter/3/0/0/0,21979:1747647668180:,1747647682807
counter/10/0/0/0,23241:1747647667449:,1747647682807
counter/1/0/0/0,22173:1747647668335:,1747647682807
counter/6/0/0/0,24490:1747647671056:,1747647682807
counter/9/0/0/0,27840:1747647671042:,1747647682807
counter/8/0/0/0,25868:1747647670467:,1747647682808
counter/2/0/0/0,27111:1747647671834:,1747647682808
counter/5/0/0/0,24942:1747647670404:,1747647682808
counter/7/0/0/0,24591:1747647670017:,1747647682808
counter/4/0/0/0,21435:1747647668132:,1747647682808
counter/3/0/0/0,21980:1747647668184:,1747647682808
counter/10/0/0/0,23242:1747647667449:,1747647682808
counter/10/0/0/0,23243:1747647667449:,1747647682808
counter/1/0/0/0,22174:1747647668335:,1747647682808
counter/8/0/0/0,25869:1747647670467:,1747647682808
counter/2/0/0/0,27112:1747647671834:,1747647682808
counter/2/0/0/0,27113:1747647671834:,1747647682808
counter/2/0/0/0,27114:1747647671834:,1747647682808
counter/2/0/0/0,27115:1747647671834:,1747647682808
counter/2/0/0/0,27116:1747647671834:,1747647682808
counter/2/0/0/0,27117:1747647671834:,1747647682808
counter/2/0/0/0,27118:1747647671834:,1747647682808
counter/2/0/0/0,27119:1747647671834:,1747647682808
counter/2/0/0/0,27120:1747647671834:,1747647682808
counter/2/0/0/0,27121:1747647671834:,1747647682808
counter/2/0/0/0,27122:1747647671834:,1747647682808
counter/2/0/0/0,27123:1747647671834:,1747647682808
counter/2/0/0/0,27124:1747647671834:,1747647682808
counter/2/0/0/0,27125:1747647671834:,1747647682808
counter/2/0/0/0,27126:1747647671834:,1747647682808
counter/2/0/0/0,27127:1747647671835:,1747647682808
counter/2/0/0/0,27128:1747647671836:,1747647682808
counter/3/0/0/0,21981:1747647668184:,1747647682808
counter/2/0/0/0,27129:1747647671836:,1747647682808
counter/6/0/0/0,24491:1747647671056:,1747647682808
counter/2/0/0/0,27130:1747647671836:,1747647682808
counter/1/0/0/0,22175:1747647668335:,1747647682808
counter/2/0/0/0,27131:1747647671836:,1747647682808
counter/2/0/0/0,27132:1747647671836:,1747647682808
counter/10/0/0/0,23244:1747647667449:,1747647682808
counter/8/0/0/0,25870:1747647670467:,1747647682808
counter/10/0/0/0,23245:1747647667449:,1747647682808
counter/10/0/0/0,23246:1747647667449:,1747647682808
counter/9/0/0/0,27841:1747647671042:,1747647682808
counter/10/0/0/0,23247:1747647667449:,1747647682808
counter/3/0/0/0,21982:1747647668184:,1747647682808
counter/10/0/0/0,23248:1747647667449:,1747647682809
counter/6/0/0/0,24492:1747647671078:,1747647682809
counter/1/0/0/0,22176:1747647668335:,1747647682809
counter/8/0/0/0,25871:1747647670467:,1747647682809
counter/1/0/0/0,22177:1747647668335:,1747647682809
counter/7/0/0/0,24592:1747647670017:,1747647682809
counter/2/0/0/0,27133:1747647671836:,1747647682809
counter/10/0/0/0,23249:1747647667449:,1747647682809
counter/4/0/0/0,21436:1747647668133:,1747647682809
counter/9/0/0/0,27842:1747647671042:,1747647682809
counter/4/0/0/0,21437:1747647668133:,1747647682809
counter/6/0/0/0,24493:1747647671078:,1747647682809
counter/8/0/0/0,25872:1747647670467:,1747647682809
counter/1/0/0/0,22178:1747647668335:,1747647682809
counter/5/0/0/0,24943:1747647670404:,1747647682809
counter/7/0/0/0,24593:1747647670017:,1747647682809
counter/2/0/0/0,27134:1747647671836:,1747647682809
counter/10/0/0/0,23250:1747647667449:,1747647682809
counter/3/0/0/0,21983:1747647668184:,1747647682809
counter/9/0/0/0,27843:1747647671042:,1747647682809
counter/4/0/0/0,21438:1747647668133:,1747647682809
counter/6/0/0/0,24494:1747647671078:,1747647682809
counter/8/0/0/0,25873:1747647670467:,1747647682809
counter/1/0/0/0,22179:1747647668335:,1747647682809
counter/5/0/0/0,24944:1747647670405:,1747647682809
counter/7/0/0/0,24594:1747647670017:,1747647682809
counter/2/0/0/0,27135:1747647671838:,1747647682809
counter/10/0/0/0,23251:1747647667453:,1747647682809
counter/3/0/0/0,21984:1747647668184:,1747647682809
counter/9/0/0/0,27844:1747647671042:,1747647682809
counter/4/0/0/0,21439:1747647668133:,1747647682809
counter/6/0/0/0,24495:1747647671078:,1747647682809
counter/8/0/0/0,25874:1747647670475:,1747647682809
counter/1/0/0/0,22180:1747647668335:,1747647682809
counter/5/0/0/0,24945:1747647670405:,1747647682809
counter/7/0/0/0,24595:1747647670017:,1747647682809
counter/2/0/0/0,27136:1747647671838:,1747647682809
counter/10/0/0/0,23252:1747647667454:,1747647682809
counter/3/0/0/0,21985:1747647668184:,1747647682809
counter/9/0/0/0,27845:1747647671042:,1747647682809
counter/3/0/0/0,21986:1747647668184:,1747647682809
counter/6/0/0/0,24496:1747647671081:,1747647682810
counter/8/0/0/0,25875:1747647670475:,1747647682810
counter/8/0/0/0,25876:1747647670476:,1747647682810
counter/8/0/0/0,25877:1747647670476:,1747647682810
counter/7/0/0/0,24596:1747647670018:,1747647682810
counter/2/0/0/0,27137:1747647671838:,1747647682810
counter/10/0/0/0,23253:1747647667454:,1747647682810
counter/9/0/0/0,27846:1747647671042:,1747647682810
counter/4/0/0/0,21440:1747647668133:,1747647682810
counter/3/0/0/0,21987:1747647668184:,1747647682810
counter/6/0/0/0,24497:1747647671081:,1747647682810
counter/1/0/0/0,22181:1747647668335:,1747647682810
counter/8/0/0/0,25878:1747647670476:,1747647682810
counter/8/0/0/0,25879:1747647670476:,1747647682810
counter/7/0/0/0,24597:1747647670018:,1747647682810
counter/2/0/0/0,27138:1747647671838:,1747647682810
counter/10/0/0/0,23254:1747647667454:,1747647682810
counter/9/0/0/0,27847:1747647671042:,1747647682810
counter/4/0/0/0,21441:1747647668133:,1747647682810
counter/3/0/0/0,21988:1747647668184:,1747647682810
counter/4/0/0/0,21442:1747647668133:,1747647682810
counter/4/0/0/0,21443:1747647668133:,1747647682810
counter/8/0/0/0,25880:1747647670476:,1747647682810
counter/1/0/0/0,22182:1747647668335:,1747647682810
counter/7/0/0/0,24598:1747647670018:,1747647682810
counter/2/0/0/0,27139:1747647671838:,1747647682810
counter/10/0/0/0,23255:1747647667454:,1747647682810
counter/9/0/0/0,27848:1747647671042:,1747647682810
counter/6/0/0/0,24498:1747647671082:,1747647682810
counter/3/0/0/0,21989:1747647668185:,1747647682810
counter/4/0/0/0,21444:1747647668134:,1747647682810
counter/4/0/0/0,21445:1747647668147:,1747647682810
counter/8/0/0/0,25881:1747647670477:,1747647682810
counter/5/0/0/0,24946:1747647670405:,1747647682810
counter/7/0/0/0,24599:1747647670018:,1747647682810
counter/2/0/0/0,27140:1747647671838:,1747647682810
counter/10/0/0/0,23256:1747647667454:,1747647682810
counter/9/0/0/0,27849:1747647671049:,1747647682810
counter/6/0/0/0,24499:1747647671082:,1747647682810
counter/3/0/0/0,21990:1747647668185:,1747647682811
counter/8/0/0/0,25882:1747647670477:,1747647682811
counter/4/0/0/0,21446:1747647668147:,1747647682811
counter/4/0/0/0,21447:1747647668147:,1747647682811
counter/5/0/0/0,24947:1747647670405:,1747647682811
counter/1/0/0/0,22183:1747647668335:,1747647682811
counter/2/0/0/0,27141:1747647671838:,1747647682811
counter/1/0/0/0,22184:1747647668335:,1747647682811
counter/9/0/0/0,27850:1747647671049:,1747647682811
counter/3/0/0/0,21991:1747647668185:,1747647682811
counter/6/0/0/0,24500:1747647671082:,1747647682811
counter/8/0/0/0,25883:1747647670477:,1747647682811
counter/4/0/0/0,21448:1747647668147:,1747647682811
counter/4/0/0/0,21449:1747647668147:,1747647682811
counter/7/0/0/0,24600:1747647670018:,1747647682811
counter/2/0/0/0,27142:1747647671838:,1747647682811
counter/2/0/0/0,27143:1747647671839:,1747647682811
counter/1/0/0/0,22185:1747647668335:,1747647682811
counter/9/0/0/0,27851:1747647671049:,1747647682811
counter/3/0/0/0,21992:1747647668185:,1747647682811
counter/9/0/0/0,27852:1747647671049:,1747647682811
counter/8/0/0/0,25884:1747647670477:,1747647682811
counter/9/0/0/0,27853:1747647671049:,1747647682811
counter/7/0/0/0,24601:1747647670018:,1747647682811
counter/7/0/0/0,24602:1747647670018:,1747647682811
counter/7/0/0/0,24603:1747647670018:,1747647682811
counter/7/0/0/0,24604:1747647670018:,1747647682811
counter/1/0/0/0,22186:1747647668335:,1747647682811
counter/1/0/0/0,22187:1747647668339:,1747647682811
counter/6/0/0/0,24501:1747647671082:,1747647682811
counter/8/0/0/0,25885:1747647670479:,1747647682811
counter/8/0/0/0,25886:1747647670480:,1747647682811
counter/8/0/0/0,25887:1747647670480:,1747647682811
counter/4/0/0/0,21450:1747647668148:,1747647682811
counter/4/0/0/0,21451:1747647668148:,1747647682811
counter/4/0/0/0,21452:1747647668148:,1747647682811
counter/4/0/0/0,21453:1747647668148:,1747647682811
counter/4/0/0/0,21454:1747647668148:,1747647682811
counter/3/0/0/0,21993:1747647668185:,1747647682811
counter/1/0/0/0,22188:1747647668339:,1747647682811
counter/8/0/0/0,25888:1747647670480:,1747647682811
counter/9/0/0/0,27854:1747647671049:,1747647682811
counter/5/0/0/0,24948:1747647670405:,1747647682812
counter/10/0/0/0,23257:1747647667454:,1747647682812
counter/2/0/0/0,27144:1747647671839:,1747647682812
counter/10/0/0/0,23258:1747647667464:,1747647682812
counter/4/0/0/0,21455:1747647668148:,1747647682812
counter/4/0/0/0,21456:1747647668148:,1747647682812
counter/10/0/0/0,23259:1747647667464:,1747647682812
counter/4/0/0/0,21457:1747647668157:,1747647682812
counter/4/0/0/0,21458:1747647668157:,1747647682812
counter/4/0/0/0,21459:1747647668157:,1747647682812
counter/4/0/0/0,21460:1747647668157:,1747647682812
counter/4/0/0/0,21461:1747647668157:,1747647682812
counter/4/0/0/0,21462:1747647668157:,1747647682812
counter/4/0/0/0,21463:1747647668157:,1747647682812
counter/4/0/0/0,21464:1747647668166:,1747647682812
counter/4/0/0/0,21465:1747647668167:,1747647682812
counter/4/0/0/0,21466:1747647668167:,1747647682812
counter/4/0/0/0,21467:1747647668167:,1747647682812
counter/4/0/0/0,21468:1747647668167:,1747647682812
counter/4/0/0/0,21469:1747647668167:,1747647682812
counter/4/0/0/0,21470:1747647668181:,1747647682812
counter/4/0/0/0,21471:1747647668181:,1747647682812
counter/4/0/0/0,21472:1747647668181:,1747647682812
counter/4/0/0/0,21473:1747647668182:,1747647682812
counter/4/0/0/0,21474:1747647668182:,1747647682812
counter/4/0/0/0,21475:1747647668182:,1747647682812
counter/4/0/0/0,21476:1747647668182:,1747647682812
counter/4/0/0/0,21477:1747647668182:,1747647682812
counter/6/0/0/0,24502:1747647671086:,1747647682812
counter/4/0/0/0,21478:1747647668182:,1747647682812
counter/3/0/0/0,21994:1747647668185:,1747647682812
counter/10/0/0/0,23260:1747647667464:,1747647682812
counter/8/0/0/0,25889:1747647670480:,1747647682812
counter/9/0/0/0,27855:1747647671049:,1747647682812
counter/9/0/0/0,27856:1747647671049:,1747647682812
counter/5/0/0/0,24949:1747647670430:,1747647682812
counter/9/0/0/0,27857:1747647671049:,1747647682812
counter/1/0/0/0,22189:1747647668339:,1747647682812
counter/1/0/0/0,22190:1747647668339:,1747647682812
counter/1/0/0/0,22191:1747647668339:,1747647682813
counter/1/0/0/0,22192:1747647668339:,1747647682813
counter/1/0/0/0,22193:1747647668339:,1747647682813
counter/10/0/0/0,23261:1747647667464:,1747647682813
counter/7/0/0/0,24605:1747647670018:,1747647682813
counter/5/0/0/0,24950:1747647670430:,1747647682813
counter/9/0/0/0,27858:1747647671049:,1747647682813
counter/9/0/0/0,27859:1747647671050:,1747647682813
counter/6/0/0/0,24503:1747647671091:,1747647682813
counter/3/0/0/0,21995:1747647668185:,1747647682813
counter/8/0/0/0,25890:1747647670480:,1747647682813
counter/1/0/0/0,22194:1747647668339:,1747647682813
counter/1/0/0/0,22195:1747647668355:,1747647682813
counter/1/0/0/0,22196:1747647668355:,1747647682813
counter/1/0/0/0,22197:1747647668355:,1747647682813
counter/1/0/0/0,22198:1747647668355:,1747647682813
counter/1/0/0/0,22199:1747647668355:,1747647682813
counter/1/0/0/0,22200:1747647668355:,1747647682813
counter/1/0/0/0,22201:1747647668355:,1747647682813
counter/1/0/0/0,22202:1747647668355:,1747647682813
counter/1/0/0/0,22203:1747647668355:,1747647682813
counter/1/0/0/0,22204:1747647668356:,1747647682813
counter/1/0/0/0,22205:1747647668356:,1747647682813
counter/1/0/0/0,22206:1747647668356:,1747647682813
counter/1/0/0/0,22207:1747647668356:,1747647682813
counter/3/0/0/0,21996:1747647668185:,1747647682813
counter/1/0/0/0,22208:1747647668356:,1747647682813
counter/8/0/0/0,25891:1747647670480:,1747647682813
counter/10/0/0/0,23262:1747647667464:,1747647682813
counter/1/0/0/0,22209:1747647668357:,1747647682813
counter/7/0/0/0,24606:1747647670018:,1747647682813
counter/5/0/0/0,24951:1747647670430:,1747647682813
counter/7/0/0/0,24607:1747647670018:,1747647682813
counter/7/0/0/0,24608:1747647670018:,1747647682813
counter/1/0/0/0,22210:1747647668360:,1747647682813
counter/9/0/0/0,27860:1747647671050:,1747647682813
counter/4/0/0/0,21479:1747647668182:,1747647682813
counter/9/0/0/0,27861:1747647671050:,1747647682813
counter/8/0/0/0,25892:1747647670480:,1747647682813
counter/10/0/0/0,23263:1747647667464:,1747647682813
counter/5/0/0/0,24952:1747647670430:,1747647682813
counter/7/0/0/0,24609:1747647670018:,1747647682813
counter/2/0/0/0,27145:1747647671839:,1747647682813
counter/6/0/0/0,24504:1747647671091:,1747647682814
counter/1/0/0/0,22211:1747647668381:,1747647682814
counter/3/0/0/0,21997:1747647668185:,1747647682814
counter/4/0/0/0,21480:1747647668182:,1747647682814
counter/9/0/0/0,27862:1747647671050:,1747647682814
counter/8/0/0/0,25893:1747647670480:,1747647682814
counter/10/0/0/0,23264:1747647667476:,1747647682814
counter/5/0/0/0,24953:1747647670430:,1747647682814
counter/7/0/0/0,24610:1747647670018:,1747647682814
counter/2/0/0/0,27146:1747647671843:,1747647682814
counter/6/0/0/0,24505:1747647671091:,1747647682814
counter/1/0/0/0,22212:1747647668381:,1747647682814
counter/3/0/0/0,21998:1747647668185:,1747647682814
counter/4/0/0/0,21481:1747647668187:,1747647682814
counter/9/0/0/0,27863:1747647671050:,1747647682814
counter/8/0/0/0,25894:1747647670491:,1747647682814
counter/10/0/0/0,23265:1747647667476:,1747647682814
counter/5/0/0/0,24954:1747647670430:,1747647682814
counter/7/0/0/0,24611:1747647670018:,1747647682814
counter/2/0/0/0,27147:1747647671843:,1747647682814
counter/6/0/0/0,24506:1747647671093:,1747647682814
counter/1/0/0/0,22213:1747647668381:,1747647682814
counter/3/0/0/0,21999:1747647668185:,1747647682814
counter/4/0/0/0,21482:1747647668206:,1747647682814
counter/9/0/0/0,27864:1747647671050:,1747647682814
counter/8/0/0/0,25895:1747647670491:,1747647682814
counter/10/0/0/0,23266:1747647667476:,1747647682814
counter/5/0/0/0,24955:1747647670430:,1747647682814
counter/7/0/0/0,24612:1747647670018:,1747647682814
counter/2/0/0/0,27148:1747647671843:,1747647682814
counter/6/0/0/0,24507:1747647671093:,1747647682814
counter/1/0/0/0,22214:1747647668381:,1747647682814
counter/3/0/0/0,22000:1747647668185:,1747647682814
counter/4/0/0/0,21483:1747647668206:,1747647682814
counter/9/0/0/0,27865:1747647671050:,1747647682814
counter/8/0/0/0,25896:1747647670491:,1747647682814
counter/10/0/0/0,23267:1747647667476:,1747647682814
counter/5/0/0/0,24956:1747647670430:,1747647682814
counter/7/0/0/0,24613:1747647670018:,1747647682814
counter/2/0/0/0,27149:1747647671843:,1747647682814
counter/6/0/0/0,24508:1747647671093:,1747647682814
counter/1/0/0/0,22215:1747647668381:,1747647682814
counter/3/0/0/0,22001:1747647668185:,1747647682814
counter/4/0/0/0,21484:1747647668206:,1747647682815
counter/9/0/0/0,27866:1747647671053:,1747647682815
counter/9/0/0/0,27867:1747647671053:,1747647682815
counter/8/0/0/0,25897:1747647670491:,1747647682815
counter/5/0/0/0,24957:1747647670430:,1747647682815
counter/7/0/0/0,24614:1747647670050:,1747647682815
counter/2/0/0/0,27150:1747647671843:,1747647682815
counter/6/0/0/0,24509:1747647671093:,1747647682815
counter/1/0/0/0,22216:1747647668381:,1747647682815
counter/3/0/0/0,22002:1747647668185:,1747647682815
counter/4/0/0/0,21485:1747647668206:,1747647682815
counter/10/0/0/0,23268:1747647667476:,1747647682815
counter/8/0/0/0,25898:1747647670491:,1747647682815
counter/9/0/0/0,27868:1747647671053:,1747647682815
counter/5/0/0/0,24958:1747647670430:,1747647682815
counter/9/0/0/0,27869:1747647671053:,1747647682815
counter/9/0/0/0,27870:1747647671053:,1747647682815
counter/9/0/0/0,27871:1747647671053:,1747647682815
counter/9/0/0/0,27872:1747647671053:,1747647682815
counter/9/0/0/0,27873:1747647671053:,1747647682815
counter/4/0/0/0,21486:1747647668206:,1747647682815
counter/10/0/0/0,23269:1747647667476:,1747647682815
counter/8/0/0/0,25899:1747647670491:,1747647682815
counter/10/0/0/0,23270:1747647667476:,1747647682815
counter/5/0/0/0,24959:1747647670430:,1747647682815
counter/5/0/0/0,24960:1747647670430:,1747647682815
counter/5/0/0/0,24961:1747647670431:,1747647682815
counter/3/0/0/0,22003:1747647668185:,1747647682815
counter/9/0/0/0,27874:1747647671053:,1747647682815
counter/9/0/0/0,27875:1747647671053:,1747647682815
counter/4/0/0/0,21487:1747647668219:,1747647682815
counter/7/0/0/0,24615:1747647670050:,1747647682815
counter/8/0/0/0,25900:1747647670491:,1747647682815
counter/10/0/0/0,23271:1747647667482:,1747647682815
counter/6/0/0/0,24510:1747647671093:,1747647682815
counter/1/0/0/0,22217:1747647668381:,1747647682815
counter/5/0/0/0,24962:1747647670431:,1747647682815
counter/5/0/0/0,24963:1747647670431:,1747647682815
counter/5/0/0/0,24964:1747647670431:,1747647682816
counter/2/0/0/0,27151:1747647671843:,1747647682816
counter/2/0/0/0,27152:1747647671843:,1747647682816
counter/4/0/0/0,21488:1747647668219:,1747647682816
counter/2/0/0/0,27153:1747647671843:,1747647682816
counter/2/0/0/0,27154:1747647671843:,1747647682816
counter/2/0/0/0,27155:1747647671843:,1747647682816
counter/2/0/0/0,27156:1747647671843:,1747647682816
counter/2/0/0/0,27157:1747647671843:,1747647682816
counter/2/0/0/0,27158:1747647671843:,1747647682816
counter/2/0/0/0,27159:1747647671843:,1747647682816
counter/2/0/0/0,27160:1747647671843:,1747647682816
counter/1/0/0/0,22218:1747647668381:,1747647682816
counter/2/0/0/0,27161:1747647671843:,1747647682816
counter/5/0/0/0,24965:1747647670431:,1747647682816
counter/2/0/0/0,27162:1747647671843:,1747647682816
counter/7/0/0/0,24616:1747647670050:,1747647682816
counter/2/0/0/0,27163:1747647671851:,1747647682816
counter/4/0/0/0,21489:1747647668219:,1747647682816
counter/8/0/0/0,25901:1747647670491:,1747647682816
counter/2/0/0/0,27164:1747647671852:,1747647682816
counter/6/0/0/0,24511:1747647671093:,1747647682816
counter/2/0/0/0,27165:1747647671852:,1747647682816
counter/10/0/0/0,23272:1747647667482:,1747647682816
counter/3/0/0/0,22004:1747647668185:,1747647682816
counter/10/0/0/0,23273:1747647667482:,1747647682816
counter/9/0/0/0,27876:1747647671053:,1747647682816
counter/1/0/0/0,22219:1747647668387:,1747647682816
counter/5/0/0/0,24966:1747647670439:,1747647682816
counter/5/0/0/0,24967:1747647670439:,1747647682816
counter/5/0/0/0,24968:1747647670439:,1747647682816
counter/5/0/0/0,24969:1747647670439:,1747647682816
counter/5/0/0/0,24970:1747647670439:,1747647682816
counter/5/0/0/0,24971:1747647670439:,1747647682816
counter/5/0/0/0,24972:1747647670439:,1747647682816
counter/9/0/0/0,27877:1747647671053:,1747647682816
counter/5/0/0/0,24973:1747647670439:,1747647682816
counter/9/0/0/0,27878:1747647671054:,1747647682816
counter/9/0/0/0,27879:1747647671054:,1747647682816
counter/9/0/0/0,27880:1747647671063:,1747647682817
counter/9/0/0/0,27881:1747647671063:,1747647682817
counter/9/0/0/0,27882:1747647671063:,1747647682817
counter/9/0/0/0,27883:1747647671063:,1747647682817
counter/9/0/0/0,27884:1747647671063:,1747647682817
counter/9/0/0/0,27885:1747647671067:,1747647682817
counter/9/0/0/0,27886:1747647671072:,1747647682817
counter/9/0/0/0,27887:1747647671072:,1747647682817
counter/9/0/0/0,27888:1747647671072:,1747647682817
counter/9/0/0/0,27889:1747647671072:,1747647682817
counter/9/0/0/0,27890:1747647671072:,1747647682817
counter/9/0/0/0,27891:1747647671072:,1747647682817
counter/9/0/0/0,27892:1747647671072:,1747647682817
counter/9/0/0/0,27893:1747647671072:,1747647682817
counter/9/0/0/0,27894:1747647671077:,1747647682817
counter/9/0/0/0,27895:1747647671077:,1747647682817
counter/4/0/0/0,21490:1747647668219:,1747647682817
counter/9/0/0/0,27896:1747647671077:,1747647682817
counter/6/0/0/0,24512:1747647671096:,1747647682817
counter/3/0/0/0,22005:1747647668185:,1747647682817
counter/6/0/0/0,24513:1747647671096:,1747647682817
counter/8/0/0/0,25902:1747647670491:,1747647682817
counter/6/0/0/0,24514:1747647671096:,1747647682817
counter/2/0/0/0,27166:1747647671852:,1747647682817
counter/1/0/0/0,22220:1747647668387:,1747647682817
counter/7/0/0/0,24617:1747647670050:,1747647682817
counter/1/0/0/0,22221:1747647668387:,1747647682817
counter/1/0/0/0,22222:1747647668387:,1747647682817
counter/5/0/0/0,24974:1747647670439:,1747647682817
counter/3/0/0/0,22006:1747647668185:,1747647682817
counter/10/0/0/0,23274:1747647667482:,1747647682817
counter/6/0/0/0,24515:1747647671096:,1747647682817
counter/8/0/0/0,25903:1747647670491:,1747647682817
counter/2/0/0/0,27167:1747647671852:,1747647682817
counter/2/0/0/0,27168:1747647671852:,1747647682817
counter/7/0/0/0,24618:1747647670050:,1747647682817
counter/1/0/0/0,22223:1747647668387:,1747647682817
counter/1/0/0/0,22224:1747647668387:,1747647682818
counter/5/0/0/0,24975:1747647670439:,1747647682818
counter/4/0/0/0,21491:1747647668219:,1747647682818
counter/10/0/0/0,23275:1747647667482:,1747647682818
counter/6/0/0/0,24516:1747647671096:,1747647682818
counter/8/0/0/0,25904:1747647670491:,1747647682818
counter/2/0/0/0,27169:1747647671852:,1747647682818
counter/2/0/0/0,27170:1747647671852:,1747647682818
counter/2/0/0/0,27171:1747647671852:,1747647682818
counter/2/0/0/0,27172:1747647671852:,1747647682818
counter/2/0/0/0,27173:1747647671852:,1747647682818
counter/2/0/0/0,27174:1747647671852:,1747647682818
counter/2/0/0/0,27175:1747647671852:,1747647682818
counter/2/0/0/0,27176:1747647671852:,1747647682818
counter/2/0/0/0,27177:1747647671852:,1747647682818
counter/2/0/0/0,27178:1747647671852:,1747647682818
counter/2/0/0/0,27179:1747647671852:,1747647682818
counter/2/0/0/0,27180:1747647671854:,1747647682818
counter/2/0/0/0,27181:1747647671854:,1747647682818
counter/2/0/0/0,27182:1747647671854:,1747647682818
counter/2/0/0/0,27183:1747647671854:,1747647682818
counter/2/0/0/0,27184:1747647671854:,1747647682818
counter/6/0/0/0,24517:1747647671096:,1747647682818
counter/2/0/0/0,27185:1747647671858:,1747647682818
counter/6/0/0/0,24518:1747647671105:,1747647682818
counter/6/0/0/0,24519:1747647671105:,1747647682818
counter/6/0/0/0,24520:1747647671109:,1747647682818
counter/6/0/0/0,24521:1747647671109:,1747647682818
counter/6/0/0/0,24522:1747647671109:,1747647682818
counter/6/0/0/0,24523:1747647671109:,1747647682818
counter/6/0/0/0,24524:1747647671109:,1747647682818
counter/6/0/0/0,24525:1747647671109:,1747647682818
counter/6/0/0/0,24526:1747647671109:,1747647682818
counter/3/0/0/0,22007:1747647668185:,1747647682818
counter/6/0/0/0,24527:1747647671109:,1747647682818
counter/5/0/0/0,24976:1747647670439:,1747647682818
counter/4/0/0/0,21492:1747647668219:,1747647682818
counter/10/0/0/0,23276:1747647667482:,1747647682818
counter/2/0/0/0,27186:1747647671861:,1747647682818
counter/8/0/0/0,25905:1747647670491:,1747647682818
counter/9/0/0/0,27897:1747647671077:,1747647682818
counter/6/0/0/0,24528:1747647671109:,1747647682818
counter/1/0/0/0,22225:1747647668387:,1747647682819
counter/7/0/0/0,24619:1747647670050:,1747647682819
counter/3/0/0/0,22008:1747647668185:,1747647682819
counter/5/0/0/0,24977:1747647670449:,1747647682819
counter/4/0/0/0,21493:1747647668219:,1747647682819
counter/10/0/0/0,23277:1747647667483:,1747647682819
counter/2/0/0/0,27187:1747647671861:,1747647682819
counter/8/0/0/0,25906:1747647670499:,1747647682819
counter/9/0/0/0,27898:1747647671077:,1747647682819
counter/6/0/0/0,24529:1747647671109:,1747647682819
counter/1/0/0/0,22226:1747647668387:,1747647682819
counter/7/0/0/0,24620:1747647670050:,1747647682819
counter/3/0/0/0,22009:1747647668185:,1747647682819
counter/5/0/0/0,24978:1747647670449:,1747647682819
counter/4/0/0/0,21494:1747647668219:,1747647682819
counter/10/0/0/0,23278:1747647667483:,1747647682819
counter/2/0/0/0,27188:1747647671861:,1747647682819
counter/8/0/0/0,25907:1747647670499:,1747647682819
counter/9/0/0/0,27899:1747647671077:,1747647682819
counter/6/0/0/0,24530:1747647671110:,1747647682819
counter/1/0/0/0,22227:1747647668387:,1747647682819
counter/7/0/0/0,24621:1747647670050:,1747647682819
counter/3/0/0/0,22010:1747647668185:,1747647682819
counter/5/0/0/0,24979:1747647670449:,1747647682819
counter/4/0/0/0,21495:1747647668219:,1747647682819
counter/10/0/0/0,23279:1747647667483:,1747647682819
counter/2/0/0/0,27189:1747647671861:,1747647682819
counter/8/0/0/0,25908:1747647670499:,1747647682819
counter/9/0/0/0,27900:1747647671077:,1747647682819
counter/6/0/0/0,24531:1747647671110:,1747647682819
counter/1/0/0/0,22228:1747647668387:,1747647682819
counter/7/0/0/0,24622:1747647670050:,1747647682819
counter/3/0/0/0,22011:1747647668185:,1747647682819
counter/5/0/0/0,24980:1747647670449:,1747647682819
counter/4/0/0/0,21496:1747647668219:,1747647682819
counter/10/0/0/0,23280:1747647667483:,1747647682819
counter/2/0/0/0,27190:1747647671861:,1747647682819
counter/8/0/0/0,25909:1747647670499:,1747647682819
counter/9/0/0/0,27901:1747647671077:,1747647682819
counter/6/0/0/0,24532:1747647671119:,1747647682819
counter/1/0/0/0,22229:1747647668390:,1747647682819
counter/7/0/0/0,24623:1747647670050:,1747647682819
counter/3/0/0/0,22012:1747647668191:,1747647682820
counter/5/0/0/0,24981:1747647670449:,1747647682820
counter/4/0/0/0,21497:1747647668219:,1747647682820
counter/10/0/0/0,23281:1747647667483:,1747647682820
counter/2/0/0/0,27191:1747647671861:,1747647682820
counter/8/0/0/0,25910:1747647670499:,1747647682820
counter/9/0/0/0,27902:1747647671077:,1747647682820
counter/6/0/0/0,24533:1747647671119:,1747647682820
counter/1/0/0/0,22230:1747647668390:,1747647682820
counter/7/0/0/0,24624:1747647670050:,1747647682820
counter/3/0/0/0,22013:1747647668191:,1747647682820
counter/5/0/0/0,24982:1747647670449:,1747647682820
counter/4/0/0/0,21498:1747647668219:,1747647682820
counter/10/0/0/0,23282:1747647667483:,1747647682820
counter/2/0/0/0,27192:1747647671861:,1747647682820
counter/8/0/0/0,25911:1747647670499:,1747647682820
counter/9/0/0/0,27903:1747647671087:,1747647682820
counter/6/0/0/0,24534:1747647671125:,1747647682820
counter/1/0/0/0,22231:1747647668390:,1747647682820
counter/7/0/0/0,24625:1747647670050:,1747647682820
counter/3/0/0/0,22014:1747647668191:,1747647682820
counter/5/0/0/0,24983:1747647670449:,1747647682820
counter/4/0/0/0,21499:1747647668219:,1747647682820
counter/10/0/0/0,23283:1747647667483:,1747647682820
counter/2/0/0/0,27193:1747647671861:,1747647682820
counter/8/0/0/0,25912:1747647670500:,1747647682820
counter/9/0/0/0,27904:1747647671087:,1747647682820
counter/6/0/0/0,24535:1747647671125:,1747647682820
counter/1/0/0/0,22232:1747647668390:,1747647682820
counter/7/0/0/0,24626:1747647670050:,1747647682820
counter/5/0/0/0,24984:1747647670449:,1747647682820
counter/5/0/0/0,24985:1747647670449:,1747647682820
counter/5/0/0/0,24986:1747647670449:,1747647682820
counter/5/0/0/0,24987:1747647670449:,1747647682820
counter/5/0/0/0,24988:1747647670454:,1747647682820
counter/5/0/0/0,24989:1747647670454:,1747647682820
counter/5/0/0/0,24990:1747647670454:,1747647682820
counter/5/0/0/0,24991:1747647670454:,1747647682821
counter/1/0/0/0,22233:1747647668390:,1747647682821
counter/7/0/0/0,24627:1747647670050:,1747647682821
counter/3/0/0/0,22015:1747647668191:,1747647682821
counter/4/0/0/0,21500:1747647668219:,1747647682821
counter/10/0/0/0,23284:1747647667483:,1747647682821
counter/2/0/0/0,27194:1747647671861:,1747647682821
counter/2/0/0/0,27195:1747647671862:,1747647682821
counter/2/0/0/0,27196:1747647671862:,1747647682821
counter/5/0/0/0,24992:1747647670454:,1747647682821
counter/5/0/0/0,24993:1747647670454:,1747647682821
counter/5/0/0/0,24994:1747647670454:,1747647682821
counter/5/0/0/0,24995:1747647670454:,1747647682821
counter/4/0/0/0,21501:1747647668219:,1747647682821
counter/3/0/0/0,22016:1747647668191:,1747647682821
counter/10/0/0/0,23285:1747647667483:,1747647682821
counter/6/0/0/0,24536:1747647671125:,1747647682821
counter/2/0/0/0,27197:1747647671864:,1747647682821
counter/2/0/0/0,27198:1747647671864:,1747647682821
counter/2/0/0/0,27199:1747647671864:,1747647682821
counter/2/0/0/0,27200:1747647671864:,1747647682821
counter/2/0/0/0,27201:1747647671864:,1747647682821
counter/2/0/0/0,27202:1747647671864:,1747647682821
counter/2/0/0/0,27203:1747647671864:,1747647682821
counter/2/0/0/0,27204:1747647671864:,1747647682821
counter/2/0/0/0,27205:1747647671871:,1747647682821
counter/2/0/0/0,27206:1747647671871:,1747647682821
counter/2/0/0/0,27207:1747647671871:,1747647682821
counter/2/0/0/0,27208:1747647671871:,1747647682821
counter/2/0/0/0,27209:1747647671871:,1747647682821
counter/2/0/0/0,27210:1747647671871:,1747647682821
counter/2/0/0/0,27211:1747647671871:,1747647682821
counter/2/0/0/0,27212:1747647671871:,1747647682821
counter/2/0/0/0,27213:1747647671871:,1747647682821
counter/2/0/0/0,27214:1747647671871:,1747647682821
counter/2/0/0/0,27215:1747647671871:,1747647682821
counter/2/0/0/0,27216:1747647671871:,1747647682821
counter/2/0/0/0,27217:1747647671871:,1747647682821
counter/2/0/0/0,27218:1747647671871:,1747647682821
counter/2/0/0/0,27219:1747647671871:,1747647682822
counter/2/0/0/0,27220:1747647671871:,1747647682822
counter/2/0/0/0,27221:1747647671871:,1747647682822
counter/2/0/0/0,27222:1747647671872:,1747647682822
counter/2/0/0/0,27223:1747647671873:,1747647682822
counter/2/0/0/0,27224:1747647671873:,1747647682822
counter/2/0/0/0,27225:1747647671873:,1747647682822
counter/2/0/0/0,27226:1747647671873:,1747647682822
counter/2/0/0/0,27227:1747647671876:,1747647682822
counter/2/0/0/0,27228:1747647671876:,1747647682822
counter/2/0/0/0,27229:1747647671876:,1747647682822
counter/2/0/0/0,27230:1747647671876:,1747647682822
counter/2/0/0/0,27231:1747647671876:,1747647682822
counter/2/0/0/0,27232:1747647671876:,1747647682822
counter/2/0/0/0,27233:1747647671876:,1747647682822
counter/2/0/0/0,27234:1747647671876:,1747647682822
counter/2/0/0/0,27235:1747647671876:,1747647682822
counter/2/0/0/0,27236:1747647671876:,1747647682822
counter/2/0/0/0,27237:1747647671876:,1747647682822
counter/2/0/0/0,27238:1747647671876:,1747647682822
counter/2/0/0/0,27239:1747647671877:,1747647682822
counter/2/0/0/0,27240:1747647671879:,1747647682822
counter/2/0/0/0,27241:1747647671879:,1747647682822
counter/2/0/0/0,27242:1747647671882:,1747647682822
counter/2/0/0/0,27243:1747647671882:,1747647682822
counter/2/0/0/0,27244:1747647671884:,1747647682822
counter/2/0/0/0,27245:1747647671884:,1747647682822
counter/2/0/0/0,27246:1747647671884:,1747647682822
counter/2/0/0/0,27247:1747647671884:,1747647682822
counter/2/0/0/0,27248:1747647671884:,1747647682822
counter/2/0/0/0,27249:1747647671884:,1747647682822
counter/2/0/0/0,27250:1747647671884:,1747647682822
counter/2/0/0/0,27251:1747647671886:,1747647682822
counter/2/0/0/0,27252:1747647671886:,1747647682822
counter/2/0/0/0,27253:1747647671886:,1747647682822
counter/2/0/0/0,27254:1747647671886:,1747647682822
counter/2/0/0/0,27255:1747647671886:,1747647682823
counter/2/0/0/0,27256:1747647671886:,1747647682823
counter/2/0/0/0,27257:1747647671886:,1747647682823
counter/2/0/0/0,27258:1747647671886:,1747647682823
counter/2/0/0/0,27259:1747647671886:,1747647682823
counter/2/0/0/0,27260:1747647671886:,1747647682823
counter/2/0/0/0,27261:1747647671903:,1747647682823
counter/2/0/0/0,27262:1747647671904:,1747647682823
counter/2/0/0/0,27263:1747647671904:,1747647682823
counter/2/0/0/0,27264:1747647671904:,1747647682823
counter/2/0/0/0,27265:1747647671904:,1747647682823
counter/2/0/0/0,27266:1747647671904:,1747647682823
counter/2/0/0/0,27267:1747647671904:,1747647682823
counter/2/0/0/0,27268:1747647671904:,1747647682823
counter/2/0/0/0,27269:1747647671904:,1747647682823
counter/2/0/0/0,27270:1747647671909:,1747647682823
counter/2/0/0/0,27271:1747647671909:,1747647682823
counter/2/0/0/0,27272:1747647671909:,1747647682823
counter/2/0/0/0,27273:1747647671909:,1747647682823
counter/2/0/0/0,27274:1747647671910:,1747647682823
counter/2/0/0/0,27275:1747647671910:,1747647682823
counter/2/0/0/0,27276:1747647671910:,1747647682823
counter/2/0/0/0,27277:1747647671910:,1747647682823
counter/2/0/0/0,27278:1747647671910:,1747647682823
counter/2/0/0/0,27279:1747647671910:,1747647682823
counter/2/0/0/0,27280:1747647671910:,1747647682823
counter/2/0/0/0,27281:1747647671910:,1747647682823
counter/2/0/0/0,27282:1747647671910:,1747647682823
counter/2/0/0/0,27283:1747647671910:,1747647682823
counter/2/0/0/0,27284:1747647671910:,1747647682823
counter/2/0/0/0,27285:1747647671910:,1747647682823
counter/2/0/0/0,27286:1747647671927:,1747647682823
counter/2/0/0/0,27287:1747647671927:,1747647682823
counter/2/0/0/0,27288:1747647671927:,1747647682823
counter/2/0/0/0,27289:1747647671927:,1747647682823
counter/7/0/0/0,24628:1747647670050:,1747647682823
counter/2/0/0/0,27290:1747647671928:,1747647682823
counter/5/0/0/0,24996:1747647670454:,1747647682823
counter/2/0/0/0,27291:1747647671928:,1747647682823
counter/4/0/0/0,21502:1747647668219:,1747647682823
counter/8/0/0/0,25913:1747647670519:,1747647682823
counter/2/0/0/0,27292:1747647671928:,1747647682824
counter/3/0/0/0,22017:1747647668191:,1747647682824
counter/10/0/0/0,23286:1747647667483:,1747647682824
counter/2/0/0/0,27293:1747647671928:,1747647682824
counter/3/0/0/0,22018:1747647668191:,1747647682824
counter/2/0/0/0,27294:1747647671928:,1747647682824
counter/3/0/0/0,22019:1747647668191:,1747647682824
counter/2/0/0/0,27295:1747647671928:,1747647682824
counter/3/0/0/0,22020:1747647668191:,1747647682824
counter/2/0/0/0,27296:1747647671928:,1747647682824
counter/3/0/0/0,22021:1747647668191:,1747647682824
counter/9/0/0/0,27905:1747647671088:,1747647682824
counter/5/0/0/0,24997:1747647670454:,1747647682824
counter/2/0/0/0,27297:1747647671928:,1747647682824
counter/5/0/0/0,24998:1747647670454:,1747647682824
counter/4/0/0/0,21503:1747647668219:,1747647682824
counter/2/0/0/0,27298:1747647671928:,1747647682824
counter/5/0/0/0,24999:1747647670454:,1747647682824
counter/2/0/0/0,27299:1747647671928:,1747647682824
counter/5/0/0/0,25000:1747647670454:,1747647682824
counter/4/0/0/0,21504:1747647668219:,1747647682824
counter/2/0/0/0,27300:1747647671929:,1747647682824
counter/5/0/0/0,25001:1747647670454:,1747647682824
counter/2/0/0/0,27301:1747647671929:,1747647682824
counter/5/0/0/0,25002:1747647670454:,1747647682824
counter/2/0/0/0,27302:1747647671929:,1747647682824
counter/5/0/0/0,25003:1747647670454:,1747647682824
counter/2/0/0/0,27303:1747647671929:,1747647682824
counter/5/0/0/0,25004:1747647670454:,1747647682824
counter/2/0/0/0,27304:1747647671929:,1747647682824
counter/2/0/0/0,27305:1747647671929:,1747647682824
counter/2/0/0/0,27306:1747647671929:,1747647682824
counter/2/0/0/0,27307:1747647671929:,1747647682824
counter/2/0/0/0,27308:1747647671930:,1747647682824
counter/2/0/0/0,27309:1747647671930:,1747647682824
counter/2/0/0/0,27310:1747647671930:,1747647682824
counter/2/0/0/0,27311:1747647671933:,1747647682824
counter/2/0/0/0,27312:1747647671933:,1747647682824
counter/2/0/0/0,27313:1747647671933:,1747647682824
counter/1/0/0/0,22234:1747647668390:,1747647682824
counter/2/0/0/0,27314:1747647671934:,1747647682825
counter/3/0/0/0,22022:1747647668195:,1747647682825
counter/2/0/0/0,27315:1747647671934:,1747647682825
counter/7/0/0/0,24629:1747647670053:,1747647682825
counter/5/0/0/0,25005:1747647670458:,1747647682825
counter/2/0/0/0,27316:1747647671934:,1747647682825
counter/5/0/0/0,25006:1747647670458:,1747647682825
counter/2/0/0/0,27317:1747647671934:,1747647682825
counter/5/0/0/0,25007:1747647670458:,1747647682825
counter/2/0/0/0,27318:1747647671934:,1747647682825
counter/5/0/0/0,25008:1747647670458:,1747647682825
counter/2/0/0/0,27319:1747647671934:,1747647682825
counter/5/0/0/0,25009:1747647670458:,1747647682825
counter/2/0/0/0,27320:1747647671934:,1747647682825
counter/5/0/0/0,25010:1747647670458:,1747647682825
counter/2/0/0/0,27321:1747647671934:,1747647682825
counter/5/0/0/0,25011:1747647670458:,1747647682825
counter/2/0/0/0,27322:1747647671934:,1747647682825
counter/5/0/0/0,25012:1747647670459:,1747647682825
counter/2/0/0/0,27323:1747647671934:,1747647682825
counter/5/0/0/0,25013:1747647670459:,1747647682825
counter/2/0/0/0,27324:1747647671934:,1747647682825
counter/5/0/0/0,25014:1747647670459:,1747647682825
counter/2/0/0/0,27325:1747647671934:,1747647682825
counter/5/0/0/0,25015:1747647670459:,1747647682825
counter/2/0/0/0,27326:1747647671934:,1747647682825
counter/5/0/0/0,25016:1747647670459:,1747647682825
counter/2/0/0/0,27327:1747647671934:,1747647682825
counter/5/0/0/0,25017:1747647670459:,1747647682825
counter/2/0/0/0,27328:1747647671934:,1747647682825
counter/5/0/0/0,25018:1747647670459:,1747647682825
counter/2/0/0/0,27329:1747647671934:,1747647682825
counter/5/0/0/0,25019:1747647670459:,1747647682825
counter/2/0/0/0,27330:1747647671934:,1747647682825
counter/5/0/0/0,25020:1747647670459:,1747647682825
counter/2/0/0/0,27331:1747647671934:,1747647682825
counter/5/0/0/0,25021:1747647670466:,1747647682826
counter/2/0/0/0,27332:1747647671934:,1747647682826
counter/5/0/0/0,25022:1747647670466:,1747647682826
counter/2/0/0/0,27333:1747647671934:,1747647682826
counter/5/0/0/0,25023:1747647670466:,1747647682826
counter/2/0/0/0,27334:1747647671934:,1747647682826
counter/5/0/0/0,25024:1747647670466:,1747647682826
counter/2/0/0/0,27335:1747647671934:,1747647682826
counter/5/0/0/0,25025:1747647670466:,1747647682826
counter/2/0/0/0,27336:1747647671934:,1747647682826
counter/2/0/0/0,27337:1747647671934:,1747647682826
counter/2/0/0/0,27338:1747647671934:,1747647682826
counter/2/0/0/0,27339:1747647671934:,1747647682826
counter/2/0/0/0,27340:1747647671934:,1747647682826
counter/2/0/0/0,27341:1747647671934:,1747647682826
counter/2/0/0/0,27342:1747647671934:,1747647682826
counter/2/0/0/0,27343:1747647671934:,1747647682826
counter/2/0/0/0,27344:1747647671937:,1747647682826
counter/2/0/0/0,27345:1747647671937:,1747647682826
counter/2/0/0/0,27346:1747647671937:,1747647682826
counter/2/0/0/0,27347:1747647671937:,1747647682826
counter/2/0/0/0,27348:1747647671937:,1747647682826
counter/2/0/0/0,27349:1747647671942:,1747647682826
counter/2/0/0/0,27350:1747647671942:,1747647682826
counter/2/0/0/0,27351:1747647671942:,1747647682826
counter/2/0/0/0,27352:1747647671942:,1747647682826
counter/2/0/0/0,27353:1747647671942:,1747647682826
counter/2/0/0/0,27354:1747647671942:,1747647682826
counter/2/0/0/0,27355:1747647671942:,1747647682826
counter/2/0/0/0,27356:1747647671942:,1747647682826
counter/2/0/0/0,27357:1747647671942:,1747647682826
counter/2/0/0/0,27358:1747647671942:,1747647682826
counter/2/0/0/0,27359:1747647671942:,1747647682826
counter/2/0/0/0,27360:1747647671942:,1747647682826
counter/2/0/0/0,27361:1747647671942:,1747647682826
counter/2/0/0/0,27362:1747647671942:,1747647682826
counter/2/0/0/0,27363:1747647671942:,1747647682826
counter/2/0/0/0,27364:1747647671955:,1747647682826
counter/2/0/0/0,27365:1747647671961:,1747647682826
counter/2/0/0/0,27366:1747647671961:,1747647682826
counter/2/0/0/0,27367:1747647671961:,1747647682826
counter/2/0/0/0,27368:1747647671961:,1747647682826
counter/3/0/0/0,22023:1747647668195:,1747647682827
counter/2/0/0/0,27369:1747647671961:,1747647682827
counter/4/0/0/0,21505:1747647668219:,1747647682827
counter/2/0/0/0,27370:1747647671961:,1747647682827
counter/6/0/0/0,24537:1747647671134:,1747647682827
counter/5/0/0/0,25026:1747647670470:,1747647682827
counter/2/0/0/0,27371:1747647671961:,1747647682827
counter/10/0/0/0,23287:1747647667483:,1747647682827
counter/2/0/0/0,27372:1747647671961:,1747647682827
counter/8/0/0/0,25914:1747647670519:,1747647682827
counter/1/0/0/0,22235:1747647668390:,1747647682827
counter/2/0/0/0,27373:1747647671961:,1747647682827
counter/7/0/0/0,24630:1747647670053:,1747647682827
counter/2/0/0/0,27374:1747647671961:,1747647682827
counter/2/0/0/0,27375:1747647671962:,1747647682827
counter/7/0/0/0,24631:1747647670053:,1747647682827
counter/2/0/0/0,27376:1747647671962:,1747647682827
counter/7/0/0/0,24632:1747647670053:,1747647682827
counter/4/0/0/0,21506:1747647668219:,1747647682827
counter/2/0/0/0,27377:1747647671963:,1747647682827
counter/7/0/0/0,24633:1747647670076:,1747647682827
counter/4/0/0/0,21507:1747647668219:,1747647682827
counter/2/0/0/0,27378:1747647671963:,1747647682827
counter/4/0/0/0,21508:1747647668220:,1747647682827
counter/2/0/0/0,27379:1747647671963:,1747647682827
counter/4/0/0/0,21509:1747647668220:,1747647682827
counter/2/0/0/0,27380:1747647671963:,1747647682827
counter/4/0/0/0,21510:1747647668220:,1747647682827
counter/2/0/0/0,27381:1747647671963:,1747647682827
counter/4/0/0/0,21511:1747647668220:,1747647682827
counter/2/0/0/0,27382:1747647671963:,1747647682827
counter/4/0/0/0,21512:1747647668220:,1747647682827
counter/2/0/0/0,27383:1747647671963:,1747647682827
counter/2/0/0/0,27384:1747647671963:,1747647682827
counter/2/0/0/0,27385:1747647671963:,1747647682827
counter/2/0/0/0,27386:1747647671963:,1747647682827
counter/3/0/0/0,22024:1747647668195:,1747647682828
counter/2/0/0/0,27387:1747647671963:,1747647682828
counter/1/0/0/0,22236:1747647668391:,1747647682828
counter/2/0/0/0,27388:1747647671963:,1747647682828
counter/7/0/0/0,24634:1747647670076:,1747647682828
counter/2/0/0/0,27389:1747647671963:,1747647682828
counter/7/0/0/0,24635:1747647670084:,1747647682828
counter/2/0/0/0,27390:1747647671963:,1747647682828
counter/7/0/0/0,24636:1747647670084:,1747647682828
counter/2/0/0/0,27391:1747647671963:,1747647682828
counter/7/0/0/0,24637:1747647670084:,1747647682828
counter/2/0/0/0,27392:1747647671963:,1747647682828
counter/7/0/0/0,24638:1747647670084:,1747647682828
counter/2/0/0/0,27393:1747647671963:,1747647682828
counter/7/0/0/0,24639:1747647670084:,1747647682828
counter/1/0/0/0,22237:1747647668391:,1747647682828
counter/9/0/0/0,27906:1747647671088:,1747647682828
counter/2/0/0/0,27394:1747647671963:,1747647682828
counter/7/0/0/0,24640:1747647670084:,1747647682828
counter/5/0/0/0,25027:1747647670470:,1747647682828
counter/10/0/0/0,23288:1747647667483:,1747647682828
counter/2/0/0/0,27395:1747647671963:,1747647682828
counter/7/0/0/0,24641:1747647670084:,1747647682828
counter/8/0/0/0,25915:1747647670519:,1747647682828
counter/4/0/0/0,21513:1747647668222:,1747647682828
counter/2/0/0/0,27396:1747647671963:,1747647682828
counter/2/0/0/0,27397:1747647671963:,1747647682828
counter/2/0/0/0,27398:1747647671963:,1747647682828
counter/2/0/0/0,27399:1747647671964:,1747647682828
counter/2/0/0/0,27400:1747647671964:,1747647682828
counter/2/0/0/0,27401:1747647671964:,1747647682828
counter/2/0/0/0,27402:1747647671964:,1747647682828
counter/1/0/0/0,22238:1747647668391:,1747647682828
counter/2/0/0/0,27403:1747647671964:,1747647682828
counter/6/0/0/0,24538:1747647671134:,1747647682828
counter/2/0/0/0,27404:1747647671964:,1747647682828
counter/5/0/0/0,25028:1747647670470:,1747647682828
counter/10/0/0/0,23289:1747647667483:,1747647682828
counter/2/0/0/0,27405:1747647671964:,1747647682828
counter/8/0/0/0,25916:1747647670519:,1747647682828
counter/4/0/0/0,21514:1747647668222:,1747647682829
counter/2/0/0/0,27406:1747647671964:,1747647682829
counter/7/0/0/0,24642:1747647670084:,1747647682829
counter/3/0/0/0,22025:1747647668195:,1747647682829
counter/2/0/0/0,27407:1747647671964:,1747647682829
counter/2/0/0/0,27408:1747647671964:,1747647682829
counter/2/0/0/0,27409:1747647671964:,1747647682829
counter/2/0/0/0,27410:1747647671964:,1747647682829
counter/2/0/0/0,27411:1747647671964:,1747647682829
counter/2/0/0/0,27412:1747647671964:,1747647682829
counter/3/0/0/0,22026:1747647668195:,1747647682829
counter/2/0/0/0,27413:1747647671964:,1747647682829
counter/9/0/0/0,27907:1747647671088:,1747647682829
counter/2/0/0/0,27414:1747647671964:,1747647682829
counter/5/0/0/0,25029:1747647670470:,1747647682829
counter/6/0/0/0,24539:1747647671134:,1747647682829
counter/2/0/0/0,27415:1747647671964:,1747647682829
counter/10/0/0/0,23290:1747647667483:,1747647682829
counter/8/0/0/0,25917:1747647670519:,1747647682829
counter/2/0/0/0,27416:1747647671964:,1747647682829
counter/4/0/0/0,21515:1747647668222:,1747647682829
counter/7/0/0/0,24643:1747647670085:,1747647682829
counter/1/0/0/0,22239:1747647668391:,1747647682829
counter/2/0/0/0,27417:1747647671964:,1747647682829
counter/3/0/0/0,22027:1747647668195:,1747647682829
counter/9/0/0/0,27908:1747647671088:,1747647682829
counter/2/0/0/0,27418:1747647671964:,1747647682829
counter/9/0/0/0,27909:1747647671088:,1747647682829
counter/2/0/0/0,27419:1747647671964:,1747647682829
counter/9/0/0/0,27910:1747647671088:,1747647682829
counter/2/0/0/0,27420:1747647671964:,1747647682829
counter/9/0/0/0,27911:1747647671088:,1747647682829
counter/9/0/0/0,27912:1747647671088:,1747647682829
counter/9/0/0/0,27913:1747647671088:,1747647682829
counter/9/0/0/0,27914:1747647671088:,1747647682829
counter/9/0/0/0,27915:1747647671088:,1747647682829
counter/9/0/0/0,27916:1747647671092:,1747647682829
counter/9/0/0/0,27917:1747647671092:,1747647682829
counter/9/0/0/0,27918:1747647671092:,1747647682829
counter/9/0/0/0,27919:1747647671092:,1747647682829
counter/9/0/0/0,27920:1747647671092:,1747647682829
counter/9/0/0/0,27921:1747647671092:,1747647682830
counter/9/0/0/0,27922:1747647671092:,1747647682830
counter/9/0/0/0,27923:1747647671092:,1747647682830
counter/9/0/0/0,27924:1747647671093:,1747647682830
counter/9/0/0/0,27925:1747647671093:,1747647682830
counter/9/0/0/0,27926:1747647671093:,1747647682830
counter/9/0/0/0,27927:1747647671093:,1747647682830
counter/9/0/0/0,27928:1747647671093:,1747647682830
counter/9/0/0/0,27929:1747647671093:,1747647682830
counter/9/0/0/0,27930:1747647671093:,1747647682830
counter/9/0/0/0,27931:1747647671125:,1747647682830
counter/9/0/0/0,27932:1747647671126:,1747647682830
counter/9/0/0/0,27933:1747647671126:,1747647682830
counter/9/0/0/0,27934:1747647671130:,1747647682830
counter/4/0/0/0,21516:1747647668222:,1747647682830
counter/9/0/0/0,27935:1747647671130:,1747647682830
counter/7/0/0/0,24644:1747647670090:,1747647682830
counter/9/0/0/0,27936:1747647671130:,1747647682830
counter/1/0/0/0,22240:1747647668394:,1747647682830
counter/3/0/0/0,22028:1747647668195:,1747647682830
counter/9/0/0/0,27937:1747647671141:,1747647682830
counter/5/0/0/0,25030:1747647670470:,1747647682830
counter/10/0/0/0,23291:1747647667483:,1747647682830
counter/9/0/0/0,27938:1747647671141:,1747647682830
counter/6/0/0/0,24540:1747647671134:,1747647682830
counter/8/0/0/0,25918:1747647670519:,1747647682830
counter/9/0/0/0,27939:1747647671141:,1747647682830
counter/9/0/0/0,27940:1747647671141:,1747647682830
counter/9/0/0/0,27941:1747647671141:,1747647682830
counter/1/0/0/0,22241:1747647668394:,1747647682830
counter/9/0/0/0,27942:1747647671141:,1747647682830
counter/3/0/0/0,22029:1747647668195:,1747647682830
counter/9/0/0/0,27943:1747647671141:,1747647682830
counter/5/0/0/0,25031:1747647670470:,1747647682830
counter/10/0/0/0,23292:1747647667483:,1747647682830
counter/9/0/0/0,27944:1747647671142:,1747647682830
counter/6/0/0/0,24541:1747647671134:,1747647682830
counter/8/0/0/0,25919:1747647670519:,1747647682830
counter/9/0/0/0,27945:1747647671142:,1747647682831
counter/4/0/0/0,21517:1747647668222:,1747647682831
counter/7/0/0/0,24645:1747647670090:,1747647682831
counter/2/0/0/0,27421:1747647671964:,1747647682831
counter/9/0/0/0,27946:1747647671142:,1747647682831
counter/2/0/0/0,27422:1747647671964:,1747647682831
counter/9/0/0/0,27947:1747647671142:,1747647682831
counter/2/0/0/0,27423:1747647671966:,1747647682831
counter/9/0/0/0,27948:1747647671142:,1747647682831
counter/2/0/0/0,27424:1747647671967:,1747647682831
counter/9/0/0/0,27949:1747647671142:,1747647682831
counter/2/0/0/0,27425:1747647671968:,1747647682831
counter/2/0/0/0,27426:1747647671968:,1747647682831
counter/2/0/0/0,27427:1747647671968:,1747647682831
counter/2/0/0/0,27428:1747647671968:,1747647682831
counter/2/0/0/0,27429:1747647671968:,1747647682831
counter/2/0/0/0,27430:1747647671969:,1747647682831
counter/2/0/0/0,27431:1747647671969:,1747647682831
counter/2/0/0/0,27432:1747647671969:,1747647682831
counter/2/0/0/0,27433:1747647671969:,1747647682831
counter/2/0/0/0,27434:1747647671969:,1747647682831
counter/2/0/0/0,27435:1747647671969:,1747647682831
counter/2/0/0/0,27436:1747647671969:,1747647682831
counter/2/0/0/0,27437:1747647671969:,1747647682831
counter/2/0/0/0,27438:1747647671969:,1747647682831
counter/2/0/0/0,27439:1747647671969:,1747647682831
counter/2/0/0/0,27440:1747647671969:,1747647682831
counter/2/0/0/0,27441:1747647671969:,1747647682831
counter/2/0/0/0,27442:1747647671969:,1747647682831
counter/2/0/0/0,27443:1747647671969:,1747647682831
counter/2/0/0/0,27444:1747647671981:,1747647682831
counter/2/0/0/0,27445:1747647671981:,1747647682831
counter/2/0/0/0,27446:1747647671981:,1747647682831
counter/2/0/0/0,27447:1747647671981:,1747647682831
counter/2/0/0/0,27448:1747647671981:,1747647682831
counter/2/0/0/0,27449:1747647671987:,1747647682831
counter/2/0/0/0,27450:1747647671987:,1747647682831
counter/2/0/0/0,27451:1747647671987:,1747647682831
counter/2/0/0/0,27452:1747647671992:,1747647682831
counter/2/0/0/0,27453:1747647671992:,1747647682831
counter/2/0/0/0,27454:1747647671993:,1747647682832
counter/2/0/0/0,27455:1747647671993:,1747647682832
counter/2/0/0/0,27456:1747647671993:,1747647682832
counter/2/0/0/0,27457:1747647671993:,1747647682832
counter/2/0/0/0,27458:1747647671993:,1747647682832
counter/2/0/0/0,27459:1747647671993:,1747647682832
counter/2/0/0/0,27460:1747647671993:,1747647682832
counter/2/0/0/0,27461:1747647671995:,1747647682832
counter/2/0/0/0,27462:1747647672000:,1747647682832
counter/2/0/0/0,27463:1747647672000:,1747647682832
counter/2/0/0/0,27464:1747647672000:,1747647682832
counter/2/0/0/0,27465:1747647672000:,1747647682832
counter/2/0/0/0,27466:1747647672000:,1747647682832
counter/2/0/0/0,27467:1747647672000:,1747647682832
counter/2/0/0/0,27468:1747647672000:,1747647682832
counter/2/0/0/0,27469:1747647672000:,1747647682832
counter/2/0/0/0,27470:1747647672000:,1747647682832
counter/2/0/0/0,27471:1747647672000:,1747647682832
counter/2/0/0/0,27472:1747647672000:,1747647682832
counter/2/0/0/0,27473:1747647672001:,1747647682832
counter/2/0/0/0,27474:1747647672001:,1747647682832
counter/2/0/0/0,27475:1747647672001:,1747647682832
counter/2/0/0/0,27476:1747647672001:,1747647682832
counter/2/0/0/0,27477:1747647672001:,1747647682832
counter/7/0/0/0,24646:1747647670090:,1747647682832
counter/2/0/0/0,27478:1747647672007:,1747647682832
counter/1/0/0/0,22242:1747647668394:,1747647682832
counter/2/0/0/0,27479:1747647672008:,1747647682832
counter/3/0/0/0,22030:1747647668195:,1747647682832
counter/2/0/0/0,27480:1747647672008:,1747647682832
counter/5/0/0/0,25032:1747647670470:,1747647682832
counter/10/0/0/0,23293:1747647667483:,1747647682832
counter/2/0/0/0,27481:1747647672008:,1747647682832
counter/8/0/0/0,25920:1747647670519:,1747647682832
counter/6/0/0/0,24542:1747647671134:,1747647682832
counter/2/0/0/0,27482:1747647672008:,1747647682832
counter/4/0/0/0,21518:1747647668222:,1747647682832
counter/2/0/0/0,27483:1747647672008:,1747647682832
counter/2/0/0/0,27484:1747647672008:,1747647682832
counter/2/0/0/0,27485:1747647672008:,1747647682833
counter/2/0/0/0,27486:1747647672008:,1747647682833
counter/2/0/0/0,27487:1747647672008:,1747647682833
counter/2/0/0/0,27488:1747647672008:,1747647682833
counter/2/0/0/0,27489:1747647672008:,1747647682833
counter/2/0/0/0,27490:1747647672008:,1747647682833
counter/2/0/0/0,27491:1747647672008:,1747647682833
counter/2/0/0/0,27492:1747647672008:,1747647682833
counter/2/0/0/0,27493:1747647672008:,1747647682833
counter/2/0/0/0,27494:1747647672008:,1747647682833
counter/2/0/0/0,27495:1747647672008:,1747647682833
counter/2/0/0/0,27496:1747647672008:,1747647682833
counter/4/0/0/0,21519:1747647668223:,1747647682833
counter/2/0/0/0,27497:1747647672008:,1747647682833
counter/7/0/0/0,24647:1747647670090:,1747647682833
counter/2/0/0/0,27498:1747647672008:,1747647682833
counter/1/0/0/0,22243:1747647668394:,1747647682833
counter/3/0/0/0,22031:1747647668195:,1747647682833
counter/2/0/0/0,27499:1747647672008:,1747647682833
counter/5/0/0/0,25033:1747647670470:,1747647682833
counter/10/0/0/0,23294:1747647667483:,1747647682833
counter/2/0/0/0,27500:1747647672008:,1747647682833
counter/8/0/0/0,25921:1747647670519:,1747647682833
counter/6/0/0/0,24543:1747647671134:,1747647682833
counter/2/0/0/0,27501:1747647672008:,1747647682833
counter/2/0/0/0,27502:1747647672008:,1747647682833
counter/2/0/0/0,27503:1747647672009:,1747647682833
counter/2/0/0/0,27504:1747647672009:,1747647682833
counter/2/0/0/0,27505:1747647672009:,1747647682833
counter/2/0/0/0,27506:1747647672009:,1747647682833
counter/2/0/0/0,27507:1747647672009:,1747647682833
counter/2/0/0/0,27508:1747647672013:,1747647682833
counter/2/0/0/0,27509:1747647672013:,1747647682833
counter/2/0/0/0,27510:1747647672013:,1747647682833
counter/2/0/0/0,27511:1747647672013:,1747647682833
counter/2/0/0/0,27512:1747647672013:,1747647682833
counter/2/0/0/0,27513:1747647672013:,1747647682833
counter/2/0/0/0,27514:1747647672020:,1747647682833
counter/2/0/0/0,27515:1747647672028:,1747647682833
counter/2/0/0/0,27516:1747647672028:,1747647682834
counter/2/0/0/0,27517:1747647672028:,1747647682834
counter/2/0/0/0,27518:1747647672028:,1747647682834
counter/2/0/0/0,27519:1747647672028:,1747647682834
counter/2/0/0/0,27520:1747647672028:,1747647682834
counter/2/0/0/0,27521:1747647672692:,1747647682834
counter/2/0/0/0,27522:1747647672694:,1747647682834
counter/2/0/0/0,27523:1747647672694:,1747647682834
counter/2/0/0/0,27524:1747647672694:,1747647682834
counter/2/0/0/0,27525:1747647672698:,1747647682834
counter/2/0/0/0,27526:1747647672698:,1747647682834
counter/2/0/0/0,27527:1747647672698:,1747647682834
counter/2/0/0/0,27528:1747647672710:,1747647682834
counter/2/0/0/0,27529:1747647672713:,1747647682834
counter/2/0/0/0,27530:1747647672713:,1747647682834
counter/2/0/0/0,27531:1747647672719:,1747647682834
counter/2/0/0/0,27532:1747647672719:,1747647682834
counter/2/0/0/0,27533:1747647672721:,1747647682834
counter/2/0/0/0,27534:1747647672722:,1747647682834
counter/2/0/0/0,27535:1747647672727:,1747647682834
counter/2/0/0/0,27536:1747647672730:,1747647682834
counter/2/0/0/0,27537:1747647672734:,1747647682834
counter/2/0/0/0,27538:1747647672736:,1747647682834
counter/2/0/0/0,27539:1747647672736:,1747647682834
counter/2/0/0/0,27540:1747647672736:,1747647682834
counter/2/0/0/0,27541:1747647672736:,1747647682834
counter/2/0/0/0,27542:1747647672736:,1747647682834
counter/2/0/0/0,27543:1747647672736:,1747647682834
counter/2/0/0/0,27544:1747647672736:,1747647682834
counter/2/0/0/0,27545:1747647672736:,1747647682834
counter/2/0/0/0,27546:1747647672736:,1747647682834
counter/2/0/0/0,27547:1747647672736:,1747647682834
counter/2/0/0/0,27548:1747647672736:,1747647682834
counter/2/0/0/0,27549:1747647672736:,1747647682834
counter/2/0/0/0,27550:1747647672736:,1747647682834
counter/2/0/0/0,27551:1747647672736:,1747647682834
counter/2/0/0/0,27552:1747647672736:,1747647682834
counter/2/0/0/0,27553:1747647672736:,1747647682834
counter/2/0/0/0,27554:1747647672736:,1747647682834
counter/2/0/0/0,27555:1747647672736:,1747647682834
counter/2/0/0/0,27556:1747647672736:,1747647682834
counter/2/0/0/0,27557:1747647672736:,1747647682835
counter/2/0/0/0,27558:1747647672737:,1747647682835
counter/2/0/0/0,27559:1747647672737:,1747647682835
counter/3/0/0/0,22032:1747647668195:,1747647682835
counter/2/0/0/0,27560:1747647672737:,1747647682835
counter/10/0/0/0,23295:1747647667483:,1747647682835
counter/2/0/0/0,27561:1747647672737:,1747647682835
counter/5/0/0/0,25034:1747647670470:,1747647682835
counter/6/0/0/0,24544:1747647671134:,1747647682835
counter/2/0/0/0,27562:1747647672737:,1747647682835
counter/8/0/0/0,25922:1747647670519:,1747647682835
counter/4/0/0/0,21520:1747647668223:,1747647682835
counter/7/0/0/0,24648:1747647670090:,1747647682835
counter/2/0/0/0,27563:1747647672737:,1747647682835
counter/1/0/0/0,22244:1747647668394:,1747647682835
counter/2/0/0/0,27564:1747647672737:,1747647682835
counter/2/0/0/0,27565:1747647672737:,1747647682835
counter/2/0/0/0,27566:1747647672737:,1747647682835
counter/2/0/0/0,27567:1747647672737:,1747647682835
counter/2/0/0/0,27568:1747647672737:,1747647682835
counter/2/0/0/0,27569:1747647672737:,1747647682835
counter/2/0/0/0,27570:1747647672737:,1747647682835
counter/2/0/0/0,27571:1747647672737:,1747647682835
counter/2/0/0/0,27572:1747647672737:,1747647682835
counter/2/0/0/0,27573:1747647672737:,1747647682835
counter/2/0/0/0,27574:1747647672737:,1747647682835
counter/2/0/0/0,27575:1747647672737:,1747647682835
counter/2/0/0/0,27576:1747647672737:,1747647682835
counter/2/0/0/0,27577:1747647672737:,1747647682835
counter/2/0/0/0,27578:1747647672737:,1747647682835
counter/2/0/0/0,27579:1747647672737:,1747647682835
counter/2/0/0/0,27580:1747647672737:,1747647682835
counter/2/0/0/0,27581:1747647672737:,1747647682835
counter/2/0/0/0,27582:1747647672737:,1747647682835
counter/2/0/0/0,27583:1747647672737:,1747647682835
counter/2/0/0/0,27584:1747647672737:,1747647682835
counter/2/0/0/0,27585:1747647672737:,1747647682835
counter/2/0/0/0,27586:1747647672737:,1747647682835
counter/2/0/0/0,27587:1747647672738:,1747647682836
counter/8/0/0/0,25923:1747647670519:,1747647682836
counter/2/0/0/0,27588:1747647672738:,1747647682836
counter/7/0/0/0,24649:1747647670090:,1747647682836
counter/2/0/0/0,27589:1747647672738:,1747647682836
counter/1/0/0/0,22245:1747647668404:,1747647682836
counter/3/0/0/0,22033:1747647668195:,1747647682836
counter/2/0/0/0,27590:1747647672738:,1747647682836
counter/10/0/0/0,23296:1747647667483:,1747647682836
counter/6/0/0/0,24545:1747647671134:,1747647682836
counter/2/0/0/0,27591:1747647672738:,1747647682836
counter/5/0/0/0,25035:1747647670496:,1747647682836
counter/4/0/0/0,21521:1747647668223:,1747647682836
counter/2/0/0/0,27592:1747647672738:,1747647682836
counter/2/0/0/0,27593:1747647672738:,1747647682836
counter/2/0/0/0,27594:1747647672738:,1747647682836
counter/2/0/0/0,27595:1747647672738:,1747647682836
counter/2/0/0/0,27596:1747647672738:,1747647682836
counter/2/0/0/0,27597:1747647672738:,1747647682836
counter/2/0/0/0,27598:1747647672738:,1747647682836
counter/2/0/0/0,27599:1747647672738:,1747647682836
counter/2/0/0/0,27600:1747647672738:,1747647682836
counter/2/0/0/0,27601:1747647672738:,1747647682836
counter/2/0/0/0,27602:1747647672738:,1747647682836
counter/2/0/0/0,27603:1747647672738:,1747647682836
counter/2/0/0/0,27604:1747647672738:,1747647682836
counter/2/0/0/0,27605:1747647672738:,1747647682836
counter/2/0/0/0,27606:1747647672738:,1747647682836
counter/2/0/0/0,27607:1747647672738:,1747647682836
counter/2/0/0/0,27608:1747647672738:,1747647682836
counter/2/0/0/0,27609:1747647672739:,1747647682836
counter/2/0/0/0,27610:1747647672740:,1747647682836
counter/2/0/0/0,27611:1747647672740:,1747647682836
counter/2/0/0/0,27612:1747647672740:,1747647682836
counter/2/0/0/0,27613:1747647672740:,1747647682836
counter/2/0/0/0,27614:1747647672740:,1747647682836
counter/2/0/0/0,27615:1747647672740:,1747647682836
counter/2/0/0/0,27616:1747647672740:,1747647682836
counter/2/0/0/0,27617:1747647672740:,1747647682836
counter/2/0/0/0,27618:1747647672740:,1747647682836
counter/2/0/0/0,27619:1747647672740:,1747647682836
counter/2/0/0/0,27620:1747647672740:,1747647682836
counter/2/0/0/0,27621:1747647672740:,1747647682836
counter/2/0/0/0,27622:1747647672740:,1747647682837
counter/2/0/0/0,27623:1747647672740:,1747647682837
counter/2/0/0/0,27624:1747647672740:,1747647682837
counter/2/0/0/0,27625:1747647672740:,1747647682837
counter/2/0/0/0,27626:1747647672740:,1747647682837
counter/2/0/0/0,27627:1747647672740:,1747647682837
counter/2/0/0/0,27628:1747647672740:,1747647682837
counter/2/0/0/0,27629:1747647672741:,1747647682837
counter/2/0/0/0,27630:1747647672741:,1747647682837
counter/2/0/0/0,27631:1747647672741:,1747647682837
counter/2/0/0/0,27632:1747647672746:,1747647682837
counter/2/0/0/0,27633:1747647672746:,1747647682837
counter/2/0/0/0,27634:1747647672747:,1747647682837
counter/2/0/0/0,27635:1747647672747:,1747647682837
counter/2/0/0/0,27636:1747647672747:,1747647682837
counter/2/0/0/0,27637:1747647672747:,1747647682837
counter/2/0/0/0,27638:1747647672747:,1747647682837
counter/2/0/0/0,27639:1747647672747:,1747647682837
counter/2/0/0/0,27640:1747647672747:,1747647682837
counter/2/0/0/0,27641:1747647672747:,1747647682837
counter/2/0/0/0,27642:1747647672747:,1747647682837
counter/2/0/0/0,27643:1747647672747:,1747647682837
counter/2/0/0/0,27644:1747647672747:,1747647682837
counter/2/0/0/0,27645:1747647672747:,1747647682837
counter/2/0/0/0,27646:1747647672747:,1747647682837
counter/2/0/0/0,27647:1747647672747:,1747647682837
counter/2/0/0/0,27648:1747647672747:,1747647682837
counter/2/0/0/0,27649:1747647672750:,1747647682837
counter/2/0/0/0,27650:1747647672750:,1747647682837
counter/2/0/0/0,27651:1747647672751:,1747647682837
counter/2/0/0/0,27652:1747647672751:,1747647682837
counter/2/0/0/0,27653:1747647672751:,1747647682837
counter/2/0/0/0,27654:1747647672751:,1747647682837
counter/2/0/0/0,27655:1747647672751:,1747647682837
counter/2/0/0/0,27656:1747647672751:,1747647682837
counter/2/0/0/0,27657:1747647672751:,1747647682837
counter/2/0/0/0,27658:1747647672751:,1747647682837
counter/2/0/0/0,27659:1747647672751:,1747647682838
counter/2/0/0/0,27660:1747647672751:,1747647682838
counter/4/0/0/0,21522:1747647668255:,1747647682838
counter/2/0/0/0,27661:1747647672751:,1747647682838
counter/8/0/0/0,25924:1747647670519:,1747647682838
counter/2/0/0/0,27662:1747647672751:,1747647682838
counter/7/0/0/0,24650:1747647670092:,1747647682838
counter/2/0/0/0,27663:1747647672751:,1747647682838
counter/1/0/0/0,22246:1747647668412:,1747647682838
counter/3/0/0/0,22034:1747647668195:,1747647682838
counter/2/0/0/0,27664:1747647672751:,1747647682838
counter/10/0/0/0,23297:1747647667483:,1747647682838
counter/6/0/0/0,24546:1747647671134:,1747647682838
counter/2/0/0/0,27665:1747647672751:,1747647682838
counter/5/0/0/0,25036:1747647670496:,1747647682838
counter/2/0/0/0,27666:1747647672751:,1747647682838
counter/2/0/0/0,27667:1747647672751:,1747647682838
counter/2/0/0/0,27668:1747647672751:,1747647682838
counter/1/0/0/0,22247:1747647668412:,1747647682838
counter/2/0/0/0,27669:1747647672751:,1747647682838
counter/3/0/0/0,22035:1747647668195:,1747647682838
counter/2/0/0/0,27670:1747647672751:,1747647682838
counter/10/0/0/0,23298:1747647667501:,1747647682838
counter/2/0/0/0,27671:1747647672751:,1747647682838
counter/6/0/0/0,24547:1747647671134:,1747647682838
counter/5/0/0/0,25037:1747647670496:,1747647682838
counter/2/0/0/0,27672:1747647672751:,1747647682838
counter/4/0/0/0,21523:1747647668255:,1747647682838
counter/8/0/0/0,25925:1747647670519:,1747647682838
counter/2/0/0/0,27673:1747647672751:,1747647682838
counter/7/0/0/0,24651:1747647670097:,1747647682838
counter/2/0/0/0,27674:1747647672751:,1747647682838
counter/2/0/0/0,27675:1747647672751:,1747647682838
counter/2/0/0/0,27676:1747647672751:,1747647682838
counter/2/0/0/0,27677:1747647672752:,1747647682838
counter/2/0/0/0,27678:1747647672752:,1747647682838
counter/2/0/0/0,27679:1747647672752:,1747647682838
counter/2/0/0/0,27680:1747647672752:,1747647682838
counter/2/0/0/0,27681:1747647672752:,1747647682838
counter/2/0/0/0,27682:1747647672752:,1747647682839
counter/2/0/0/0,27683:1747647672752:,1747647682839
counter/2/0/0/0,27684:1747647672752:,1747647682839
counter/2/0/0/0,27685:1747647672752:,1747647682839
counter/2/0/0/0,27686:1747647672752:,1747647682839
counter/2/0/0/0,27687:1747647672753:,1747647682839
counter/2/0/0/0,27688:1747647672753:,1747647682839
counter/2/0/0/0,27689:1747647672753:,1747647682839
counter/2/0/0/0,27690:1747647672753:,1747647682839
counter/2/0/0/0,27691:1747647672753:,1747647682839
counter/2/0/0/0,27692:1747647672753:,1747647682839
counter/2/0/0/0,27693:1747647672753:,1747647682839
counter/2/0/0/0,27694:1747647672757:,1747647682839
counter/2/0/0/0,27695:1747647672757:,1747647682839
counter/2/0/0/0,27696:1747647672757:,1747647682839
counter/2/0/0/0,27697:1747647672757:,1747647682839
counter/2/0/0/0,27698:1747647672758:,1747647682839
counter/2/0/0/0,27699:1747647672758:,1747647682839
counter/2/0/0/0,27700:1747647672758:,1747647682839
counter/2/0/0/0,27701:1747647672758:,1747647682839
counter/2/0/0/0,27702:1747647672758:,1747647682839
counter/2/0/0/0,27703:1747647672758:,1747647682839
counter/2/0/0/0,27704:1747647672758:,1747647682839
counter/2/0/0/0,27705:1747647672758:,1747647682839
counter/2/0/0/0,27706:1747647672758:,1747647682839
counter/2/0/0/0,27707:1747647672758:,1747647682839
counter/2/0/0/0,27708:1747647672758:,1747647682839
counter/2/0/0/0,27709:1747647672758:,1747647682839
counter/2/0/0/0,27710:1747647672758:,1747647682840
counter/2/0/0/0,27711:1747647672762:,1747647682840
counter/2/0/0/0,27712:1747647672762:,1747647682840
counter/2/0/0/0,27713:1747647672762:,1747647682840
counter/2/0/0/0,27714:1747647672762:,1747647682840
counter/2/0/0/0,27715:1747647672762:,1747647682840
counter/2/0/0/0,27716:1747647672762:,1747647682840
counter/2/0/0/0,27717:1747647672763:,1747647682840
counter/2/0/0/0,27718:1747647672763:,1747647682840
counter/2/0/0/0,27719:1747647672764:,1747647682840
counter/2/0/0/0,27720:1747647672764:,1747647682840
counter/2/0/0/0,27721:1747647672764:,1747647682840
counter/2/0/0/0,27722:1747647672764:,1747647682840
counter/2/0/0/0,27723:1747647672764:,1747647682840
counter/2/0/0/0,27724:1747647672764:,1747647682840
counter/2/0/0/0,27725:1747647672771:,1747647682840
counter/2/0/0/0,27726:1747647672771:,1747647682840
counter/2/0/0/0,27727:1747647672771:,1747647682840
counter/2/0/0/0,27728:1747647672771:,1747647682840
counter/2/0/0/0,27729:1747647672771:,1747647682840
counter/2/0/0/0,27730:1747647672771:,1747647682840
counter/2/0/0/0,27731:1747647672771:,1747647682840
counter/2/0/0/0,27732:1747647672771:,1747647682840
counter/2/0/0/0,27733:1747647672772:,1747647682840
counter/2/0/0/0,27734:1747647672772:,1747647682840
counter/2/0/0/0,27735:1747647672778:,1747647682840
counter/2/0/0/0,27736:1747647672778:,1747647682840
counter/2/0/0/0,27737:1747647672778:,1747647682840
counter/2/0/0/0,27738:1747647672778:,1747647682840
counter/2/0/0/0,27739:1747647672778:,1747647682840
counter/2/0/0/0,27740:1747647672778:,1747647682840
counter/2/0/0/0,27741:1747647672778:,1747647682840
counter/2/0/0/0,27742:1747647672778:,1747647682840
counter/2/0/0/0,27743:1747647672779:,1747647682841
counter/2/0/0/0,27744:1747647672779:,1747647682841
counter/2/0/0/0,27745:1747647672779:,1747647682841
counter/2/0/0/0,27746:1747647672779:,1747647682841
counter/2/0/0/0,27747:1747647672779:,1747647682841
counter/2/0/0/0,27748:1747647672779:,1747647682841
counter/2/0/0/0,27749:1747647672779:,1747647682841
counter/2/0/0/0,27750:1747647672779:,1747647682841
counter/2/0/0/0,27751:1747647672779:,1747647682841
counter/2/0/0/0,27752:1747647672779:,1747647682841
counter/2/0/0/0,27753:1747647672779:,1747647682841
counter/2/0/0/0,27754:1747647672779:,1747647682841
counter/2/0/0/0,27755:1747647672779:,1747647682841
counter/2/0/0/0,27756:1747647672780:,1747647682841
counter/2/0/0/0,27757:1747647672780:,1747647682841
counter/2/0/0/0,27758:1747647672781:,1747647682841
counter/2/0/0/0,27759:1747647672781:,1747647682841
counter/2/0/0/0,27760:1747647672781:,1747647682841
counter/2/0/0/0,27761:1747647672781:,1747647682841
counter/2/0/0/0,27762:1747647672781:,1747647682841
counter/2/0/0/0,27763:1747647672781:,1747647682841
counter/2/0/0/0,27764:1747647672784:,1747647682841
counter/2/0/0/0,27765:1747647672784:,1747647682841
counter/2/0/0/0,27766:1747647672784:,1747647682841
counter/2/0/0/0,27767:1747647672784:,1747647682841
counter/2/0/0/0,27768:1747647672796:,1747647682841
counter/2/0/0/0,27769:1747647672797:,1747647682841
counter/2/0/0/0,27770:1747647672799:,1747647682841
counter/2/0/0/0,27771:1747647672799:,1747647682841
counter/2/0/0/0,27772:1747647672799:,1747647682841
counter/2/0/0/0,27773:1747647672799:,1747647682841
counter/2/0/0/0,27774:1747647672805:,1747647682841
counter/2/0/0/0,27775:1747647672805:,1747647682841
counter/2/0/0/0,27776:1747647672805:,1747647682841
counter/2/0/0/0,27777:1747647672805:,1747647682841
counter/2/0/0/0,27778:1747647672805:,1747647682841
counter/2/0/0/0,27779:1747647672805:,1747647682841
counter/2/0/0/0,27780:1747647672805:,1747647682841
counter/2/0/0/0,27781:1747647672805:,1747647682841
counter/2/0/0/0,27782:1747647672805:,1747647682841
counter/2/0/0/0,27783:1747647672805:,1747647682841
counter/2/0/0/0,27784:1747647672805:,1747647682841
counter/2/0/0/0,27785:1747647672805:,1747647682841
counter/2/0/0/0,27786:1747647672806:,1747647682841
counter/2/0/0/0,27787:1747647672806:,1747647682842
counter/2/0/0/0,27788:1747647672806:,1747647682842
counter/2/0/0/0,27789:1747647672806:,1747647682842
counter/2/0/0/0,27790:1747647672806:,1747647682842
counter/2/0/0/0,27791:1747647672806:,1747647682842
counter/2/0/0/0,27792:1747647672806:,1747647682842
counter/2/0/0/0,27793:1747647672806:,1747647682842
counter/2/0/0/0,27794:1747647672807:,1747647682842
counter/2/0/0/0,27795:1747647672807:,1747647682842
counter/2/0/0/0,27796:1747647672807:,1747647682842
counter/2/0/0/0,27797:1747647672807:,1747647682842
counter/2/0/0/0,27798:1747647672807:,1747647682842
counter/2/0/0/0,27799:1747647672807:,1747647682842
counter/2/0/0/0,27800:1747647672807:,1747647682842
counter/2/0/0/0,27801:1747647672807:,1747647682842
counter/2/0/0/0,27802:1747647672808:,1747647682842
counter/2/0/0/0,27803:1747647672808:,1747647682842
counter/2/0/0/0,27804:1747647672809:,1747647682842
counter/2/0/0/0,27805:1747647672809:,1747647682842
counter/2/0/0/0,27806:1747647672809:,1747647682842
counter/2/0/0/0,27807:1747647672809:,1747647682842
counter/2/0/0/0,27808:1747647672809:,1747647682842
counter/2/0/0/0,27809:1747647672809:,1747647682842
counter/2/0/0/0,27810:1747647672809:,1747647682842
counter/2/0/0/0,27811:1747647672809:,1747647682842
counter/2/0/0/0,27812:1747647672810:,1747647682842
counter/2/0/0/0,27813:1747647672810:,1747647682842
counter/2/0/0/0,27814:1747647672810:,1747647682842
counter/2/0/0/0,27815:1747647672810:,1747647682842
counter/2/0/0/0,27816:1747647672810:,1747647682842
counter/2/0/0/0,27817:1747647672815:,1747647682842
counter/2/0/0/0,27818:1747647672815:,1747647682842
counter/2/0/0/0,27819:1747647672815:,1747647682842
counter/2/0/0/0,27820:1747647672815:,1747647682842
counter/2/0/0/0,27821:1747647672815:,1747647682842
counter/2/0/0/0,27822:1747647672815:,1747647682842
counter/2/0/0/0,27823:1747647672815:,1747647682842
counter/2/0/0/0,27824:1747647672815:,1747647682842
counter/2/0/0/0,27825:1747647672815:,1747647682842
counter/2/0/0/0,27826:1747647672815:,1747647682842
counter/2/0/0/0,27827:1747647672815:,1747647682842
counter/2/0/0/0,27828:1747647672815:,1747647682842
counter/2/0/0/0,27829:1747647672815:,1747647682843
counter/2/0/0/0,27830:1747647672815:,1747647682843
counter/2/0/0/0,27831:1747647672821:,1747647682843
counter/2/0/0/0,27832:1747647672821:,1747647682843
counter/2/0/0/0,27833:1747647672821:,1747647682843
counter/2/0/0/0,27834:1747647672821:,1747647682843
counter/2/0/0/0,27835:1747647672822:,1747647682843
counter/2/0/0/0,27836:1747647672822:,1747647682843
counter/2/0/0/0,27837:1747647672823:,1747647682843
counter/2/0/0/0,27838:1747647672823:,1747647682843
counter/2/0/0/0,27839:1747647672823:,1747647682843
counter/2/0/0/0,27840:1747647672823:,1747647682843
counter/2/0/0/0,27841:1747647672826:,1747647682843
counter/2/0/0/0,27842:1747647672826:,1747647682843
counter/6/0/0/0,24548:1747647671137:,1747647682843
counter/2/0/0/0,27843:1747647672826:,1747647682843
counter/4/0/0/0,21524:1747647668256:,1747647682843
counter/2/0/0/0,27844:1747647672826:,1747647682843
counter/8/0/0/0,25926:1747647670519:,1747647682843
counter/2/0/0/0,27845:1747647672826:,1747647682843
counter/7/0/0/0,24652:1747647670097:,1747647682843
counter/2/0/0/0,27846:1747647672826:,1747647682843
counter/1/0/0/0,22248:1747647668412:,1747647682843
counter/2/0/0/0,27847:1747647672826:,1747647682843
counter/3/0/0/0,22036:1747647668195:,1747647682843
counter/10/0/0/0,23299:1747647667501:,1747647682843
counter/2/0/0/0,27848:1747647672826:,1747647682843
counter/5/0/0/0,25038:1747647670497:,1747647682843
counter/2/0/0/0,27849:1747647672826:,1747647682843
counter/9/0/0/0,27950:1747647671142:,1747647682843
counter/2/0/0/0,27850:1747647672826:,1747647682843
counter/6/0/0/0,24549:1747647671137:,1747647682843
counter/2/0/0/0,27851:1747647672826:,1747647682843
counter/2/0/0/0,27852:1747647672827:,1747647682843
counter/2/0/0/0,27853:1747647672827:,1747647682843
counter/2/0/0/0,27854:1747647672827:,1747647682844
counter/2/0/0/0,27855:1747647672827:,1747647682844
counter/9/0/0/0,27951:1747647671142:,1747647682844
counter/2/0/0/0,27856:1747647672827:,1747647682844
counter/4/0/0/0,21525:1747647668260:,1747647682844
counter/2/0/0/0,27857:1747647672827:,1747647682844
counter/6/0/0/0,24550:1747647671137:,1747647682844
counter/2/0/0/0,27858:1747647672833:,1747647682844
counter/8/0/0/0,25927:1747647670519:,1747647682844
counter/7/0/0/0,24653:1747647670097:,1747647682844
counter/2/0/0/0,27859:1747647672833:,1747647682844
counter/1/0/0/0,22249:1747647668412:,1747647682844
counter/3/0/0/0,22037:1747647668195:,1747647682844
counter/2/0/0/0,27860:1747647672833:,1747647682844
counter/2/0/0/0,27861:1747647672833:,1747647682844
counter/2/0/0/0,27862:1747647672833:,1747647682844
counter/2/0/0/0,27863:1747647672833:,1747647682844
counter/2/0/0/0,27864:1747647672833:,1747647682844
counter/2/0/0/0,27865:1747647672834:,1747647682844
counter/2/0/0/0,27866:1747647672834:,1747647682844
counter/2/0/0/0,27867:1747647672834:,1747647682844
counter/2/0/0/0,27868:1747647672834:,1747647682844
counter/2/0/0/0,27869:1747647672834:,1747647682844
counter/2/0/0/0,27870:1747647672835:,1747647682844
counter/2/0/0/0,27871:1747647672845:,1747647682844
counter/2/0/0/0,27872:1747647672845:,1747647682844
counter/2/0/0/0,27873:1747647672845:,1747647682844
counter/10/0/0/0,23300:1747647667510:,1747647682844
counter/2/0/0/0,27874:1747647672845:,1747647682844
counter/5/0/0/0,25039:1747647670497:,1747647682844
counter/2/0/0/0,27875:1747647672845:,1747647682844
counter/2/0/0/0,27876:1747647672845:,1747647682844
counter/2/0/0/0,27877:1747647672845:,1747647682844
counter/9/0/0/0,27952:1747647671142:,1747647682844
counter/2/0/0/0,27878:1747647672845:,1747647682844
counter/9/0/0/0,27953:1747647671142:,1747647682844
counter/2/0/0/0,27879:1747647672845:,1747647682844
counter/9/0/0/0,27954:1747647671150:,1747647682844
counter/2/0/0/0,27880:1747647672845:,1747647682844
counter/9/0/0/0,27955:1747647671150:,1747647682844
counter/2/0/0/0,27881:1747647672845:,1747647682844
counter/9/0/0/0,27956:1747647671150:,1747647682845
counter/2/0/0/0,27882:1747647672845:,1747647682845
counter/9/0/0/0,27957:1747647671194:,1747647682845
counter/2/0/0/0,27883:1747647672845:,1747647682845
counter/9/0/0/0,27958:1747647671194:,1747647682845
counter/2/0/0/0,27884:1747647672845:,1747647682845
counter/9/0/0/0,27959:1747647671201:,1747647682845
counter/2/0/0/0,27885:1747647672845:,1747647682845
counter/9/0/0/0,27960:1747647671201:,1747647682845
counter/5/0/0/0,25040:1747647670497:,1747647682845
counter/2/0/0/0,27886:1747647672845:,1747647682845
counter/4/0/0/0,21526:1747647668260:,1747647682845
counter/2/0/0/0,27887:1747647672845:,1747647682845
counter/6/0/0/0,24551:1747647671137:,1747647682845
counter/2/0/0/0,27888:1747647672845:,1747647682845
counter/2/0/0/0,27889:1747647672845:,1747647682845
counter/2/0/0/0,27890:1747647672845:,1747647682845
counter/2/0/0/0,27891:1747647672845:,1747647682845
counter/2/0/0/0,27892:1747647672845:,1747647682845
counter/2/0/0/0,27893:1747647672845:,1747647682845
counter/10/0/0/0,23301:1747647667510:,1747647682845
counter/2/0/0/0,27894:1747647672845:,1747647682845
counter/3/0/0/0,22038:1747647668195:,1747647682845
counter/2/0/0/0,27895:1747647672846:,1747647682845
counter/9/0/0/0,27961:1747647671201:,1747647682845
counter/2/0/0/0,27896:1747647672846:,1747647682845
counter/5/0/0/0,25041:1747647670497:,1747647682845
counter/2/0/0/0,27897:1747647672846:,1747647682845
counter/4/0/0/0,21527:1747647668260:,1747647682845
counter/2/0/0/0,27898:1747647672846:,1747647682845
counter/6/0/0/0,24552:1747647671140:,1747647682845
counter/8/0/0/0,25928:1747647670519:,1747647682845
counter/2/0/0/0,27899:1747647672846:,1747647682845
counter/7/0/0/0,24654:1747647670097:,1747647682845
counter/2/0/0/0,27900:1747647672847:,1747647682845
counter/2/0/0/0,27901:1747647672847:,1747647682845
counter/2/0/0/0,27902:1747647672847:,1747647682845
counter/2/0/0/0,27903:1747647672847:,1747647682845
counter/9/0/0/0,27962:1747647671201:,1747647682846
counter/2/0/0/0,27904:1747647672847:,1747647682846
counter/5/0/0/0,25042:1747647670497:,1747647682846
counter/2/0/0/0,27905:1747647672847:,1747647682846
counter/4/0/0/0,21528:1747647668260:,1747647682846
counter/2/0/0/0,27906:1747647672847:,1747647682846
counter/2/0/0/0,27907:1747647672847:,1747647682846
counter/4/0/0/0,21529:1747647668260:,1747647682846
counter/7/0/0/0,24655:1747647670097:,1747647682846
counter/2/0/0/0,27908:1747647672848:,1747647682846
counter/4/0/0/0,21530:1747647668260:,1747647682846
counter/1/0/0/0,22250:1747647668412:,1747647682846
counter/2/0/0/0,27909:1747647672848:,1747647682846
counter/3/0/0/0,22039:1747647668195:,1747647682846
counter/10/0/0/0,23302:1747647667510:,1747647682846
counter/2/0/0/0,27910:1747647672848:,1747647682846
counter/9/0/0/0,27963:1747647671201:,1747647682846
counter/9/0/0/0,27964:1747647671201:,1747647682846
counter/9/0/0/0,27965:1747647671201:,1747647682846
counter/6/0/0/0,24553:1747647671162:,1747647682846
counter/9/0/0/0,27966:1747647671203:,1747647682846
counter/4/0/0/0,21531:1747647668260:,1747647682846
counter/7/0/0/0,24656:1747647670097:,1747647682846
counter/1/0/0/0,22251:1747647668439:,1747647682846
counter/3/0/0/0,22040:1747647668195:,1747647682846
counter/10/0/0/0,23303:1747647667510:,1747647682846
counter/5/0/0/0,25043:1747647670497:,1747647682846
counter/9/0/0/0,27967:1747647671203:,1747647682846
counter/8/0/0/0,25929:1747647670519:,1747647682846
counter/2/0/0/0,27911:1747647672848:,1747647682846
counter/6/0/0/0,24554:1747647671162:,1747647682846
counter/4/0/0/0,21532:1747647668260:,1747647682846
counter/7/0/0/0,24657:1747647670097:,1747647682846
counter/1/0/0/0,22252:1747647668441:,1747647682846
counter/3/0/0/0,22041:1747647668195:,1747647682846
counter/10/0/0/0,23304:1747647667510:,1747647682846
counter/5/0/0/0,25044:1747647670497:,1747647682846
counter/9/0/0/0,27968:1747647671203:,1747647682846
counter/8/0/0/0,25930:1747647670519:,1747647682846
counter/2/0/0/0,27912:1747647672848:,1747647682846
counter/6/0/0/0,24555:1747647671162:,1747647682846
counter/4/0/0/0,21533:1747647668260:,1747647682846
counter/7/0/0/0,24658:1747647670097:,1747647682847
counter/1/0/0/0,22253:1747647668441:,1747647682847
counter/3/0/0/0,22042:1747647668196:,1747647682847
counter/10/0/0/0,23305:1747647667510:,1747647682847
counter/5/0/0/0,25045:1747647670501:,1747647682847
counter/9/0/0/0,27969:1747647671203:,1747647682847
counter/8/0/0/0,25931:1747647670519:,1747647682847
counter/2/0/0/0,27913:1747647672848:,1747647682847
counter/6/0/0/0,24556:1747647671162:,1747647682847
counter/4/0/0/0,21534:1747647668260:,1747647682847
counter/7/0/0/0,24659:1747647670097:,1747647682847
counter/1/0/0/0,22254:1747647668441:,1747647682847
counter/3/0/0/0,22043:1747647668197:,1747647682847
counter/10/0/0/0,23306:1747647667510:,1747647682847
counter/5/0/0/0,25046:1747647670501:,1747647682847
counter/9/0/0/0,27970:1747647671203:,1747647682847
counter/8/0/0/0,25932:1747647670519:,1747647682847
counter/2/0/0/0,27914:1747647672848:,1747647682847
counter/6/0/0/0,24557:1747647671162:,1747647682847
counter/4/0/0/0,21535:1747647668260:,1747647682847
counter/7/0/0/0,24660:1747647670097:,1747647682847
counter/1/0/0/0,22255:1747647668441:,1747647682847
counter/3/0/0/0,22044:1747647668197:,1747647682847
counter/10/0/0/0,23307:1747647667510:,1747647682847
counter/5/0/0/0,25047:1747647670501:,1747647682847
counter/9/0/0/0,27971:1747647671210:,1747647682847
counter/8/0/0/0,25933:1747647670520:,1747647682847
counter/2/0/0/0,27915:1747647672848:,1747647682847
counter/6/0/0/0,24558:1747647671175:,1747647682847
counter/4/0/0/0,21536:1747647668260:,1747647682847
counter/7/0/0/0,24661:1747647670097:,1747647682847
counter/1/0/0/0,22256:1747647668441:,1747647682847
counter/3/0/0/0,22045:1747647668202:,1747647682847
counter/10/0/0/0,23308:1747647667510:,1747647682847
counter/5/0/0/0,25048:1747647670506:,1747647682847
counter/9/0/0/0,27972:1747647671210:,1747647682847
counter/8/0/0/0,25934:1747647670520:,1747647682847
counter/2/0/0/0,27916:1747647672848:,1747647682847
counter/6/0/0/0,24559:1747647671175:,1747647682847
counter/4/0/0/0,21537:1747647668261:,1747647682848
counter/7/0/0/0,24662:1747647670097:,1747647682848
counter/1/0/0/0,22257:1747647668441:,1747647682848
counter/3/0/0/0,22046:1747647668204:,1747647682848
counter/10/0/0/0,23309:1747647667510:,1747647682848
counter/5/0/0/0,25049:1747647670506:,1747647682848
counter/9/0/0/0,27973:1747647671210:,1747647682848
counter/8/0/0/0,25935:1747647670520:,1747647682848
counter/2/0/0/0,27917:1747647672848:,1747647682848
counter/6/0/0/0,24560:1747647671175:,1747647682848
counter/4/0/0/0,21538:1747647668281:,1747647682848
counter/7/0/0/0,24663:1747647670097:,1747647682848
counter/1/0/0/0,22258:1747647668441:,1747647682848
counter/3/0/0/0,22047:1747647668204:,1747647682848
counter/10/0/0/0,23310:1747647667510:,1747647682848
counter/5/0/0/0,25050:1747647670506:,1747647682848
counter/9/0/0/0,27974:1747647671210:,1747647682848
counter/8/0/0/0,25936:1747647670520:,1747647682848
counter/2/0/0/0,27918:1747647672848:,1747647682848
counter/6/0/0/0,24561:1747647671175:,1747647682848
counter/4/0/0/0,21539:1747647668289:,1747647682848
counter/7/0/0/0,24664:1747647670104:,1747647682848
counter/1/0/0/0,22259:1747647668441:,1747647682848
counter/3/0/0/0,22048:1747647668204:,1747647682848
counter/10/0/0/0,23311:1747647667510:,1747647682848
counter/5/0/0/0,25051:1747647670506:,1747647682848
counter/9/0/0/0,27975:1747647671211:,1747647682848
counter/8/0/0/0,25937:1747647670520:,1747647682848
counter/2/0/0/0,27919:1747647672848:,1747647682848
counter/6/0/0/0,24562:1747647671175:,1747647682848
counter/4/0/0/0,21540:1747647668289:,1747647682848
counter/7/0/0/0,24665:1747647670104:,1747647682848
counter/1/0/0/0,22260:1747647668441:,1747647682848
counter/3/0/0/0,22049:1747647668204:,1747647682848
counter/10/0/0/0,23312:1747647667510:,1747647682848
counter/5/0/0/0,25052:1747647670506:,1747647682848
counter/9/0/0/0,27976:1747647671211:,1747647682848
counter/8/0/0/0,25938:1747647670520:,1747647682848
counter/2/0/0/0,27920:1747647672848:,1747647682848
counter/6/0/0/0,24563:1747647671175:,1747647682849
counter/4/0/0/0,21541:1747647668289:,1747647682849
counter/7/0/0/0,24666:1747647670104:,1747647682849
counter/1/0/0/0,22261:1747647668441:,1747647682849
counter/3/0/0/0,22050:1747647668212:,1747647682849
counter/10/0/0/0,23313:1747647667510:,1747647682849
counter/5/0/0/0,25053:1747647670506:,1747647682849
counter/9/0/0/0,27977:1747647671211:,1747647682849
counter/8/0/0/0,25939:1747647670520:,1747647682849
counter/2/0/0/0,27921:1747647672851:,1747647682849
counter/6/0/0/0,24564:1747647671175:,1747647682849
counter/4/0/0/0,21542:1747647668289:,1747647682849
counter/7/0/0/0,24667:1747647670104:,1747647682849
counter/1/0/0/0,22262:1747647668441:,1747647682849
counter/3/0/0/0,22051:1747647668237:,1747647682849
counter/10/0/0/0,23314:1747647667510:,1747647682849
counter/5/0/0/0,25054:1747647670506:,1747647682849
counter/9/0/0/0,27978:1747647671211:,1747647682849
counter/8/0/0/0,25940:1747647670521:,1747647682849
counter/2/0/0/0,27922:1747647672851:,1747647682849
counter/6/0/0/0,24565:1747647671175:,1747647682849
counter/4/0/0/0,21543:1747647668289:,1747647682849
counter/4/0/0/0,21544:1747647668289:,1747647682849
counter/4/0/0/0,21545:1747647668289:,1747647682849
counter/3/0/0/0,22052:1747647668237:,1747647682849
counter/10/0/0/0,23315:1747647667514:,1747647682849
counter/5/0/0/0,25055:1747647670506:,1747647682849
counter/9/0/0/0,27979:1747647671211:,1747647682849
counter/8/0/0/0,25941:1747647670521:,1747647682849
counter/2/0/0/0,27923:1747647672851:,1747647682849
counter/2/0/0/0,27924:1747647672851:,1747647682849
counter/7/0/0/0,24668:1747647670104:,1747647682849
counter/4/0/0/0,21546:1747647668289:,1747647682849
counter/7/0/0/0,24669:1747647670104:,1747647682849
counter/3/0/0/0,22053:1747647668237:,1747647682849
counter/10/0/0/0,23316:1747647667514:,1747647682849
counter/5/0/0/0,25056:1747647670506:,1747647682849
counter/9/0/0/0,27980:1747647671211:,1747647682849
counter/8/0/0/0,25942:1747647670521:,1747647682849
counter/8/0/0/0,25943:1747647670521:,1747647682850
counter/2/0/0/0,27925:1747647672851:,1747647682850
counter/4/0/0/0,21547:1747647668289:,1747647682850
counter/4/0/0/0,21548:1747647668290:,1747647682850
counter/7/0/0/0,24670:1747647670104:,1747647682850
counter/3/0/0/0,22054:1747647668237:,1747647682850
counter/7/0/0/0,24671:1747647670104:,1747647682850
counter/5/0/0/0,25057:1747647670506:,1747647682850
counter/9/0/0/0,27981:1747647671211:,1747647682850
counter/7/0/0/0,24672:1747647670104:,1747647682850
counter/8/0/0/0,25944:1747647670521:,1747647682850
counter/7/0/0/0,24673:1747647670104:,1747647682850
counter/4/0/0/0,21549:1747647668290:,1747647682850
counter/4/0/0/0,21550:1747647668290:,1747647682850
counter/10/0/0/0,23317:1747647667514:,1747647682850
counter/3/0/0/0,22055:1747647668237:,1747647682850
counter/5/0/0/0,25058:1747647670507:,1747647682850
counter/5/0/0/0,25059:1747647670507:,1747647682850
counter/5/0/0/0,25060:1747647670507:,1747647682850
counter/2/0/0/0,27926:1747647672851:,1747647682850
counter/8/0/0/0,25945:1747647670521:,1747647682850
counter/7/0/0/0,24674:1747647670107:,1747647682850
counter/1/0/0/0,22263:1747647668441:,1747647682850
counter/10/0/0/0,23318:1747647667514:,1747647682850
counter/1/0/0/0,22264:1747647668444:,1747647682850
counter/3/0/0/0,22056:1747647668237:,1747647682850
counter/9/0/0/0,27982:1747647671211:,1747647682850
counter/5/0/0/0,25061:1747647670507:,1747647682850
counter/5/0/0/0,25062:1747647670507:,1747647682850
counter/2/0/0/0,27927:1747647672851:,1747647682850
counter/8/0/0/0,25946:1747647670521:,1747647682850
counter/7/0/0/0,24675:1747647670107:,1747647682850
counter/10/0/0/0,23319:1747647667514:,1747647682850
counter/7/0/0/0,24676:1747647670107:,1747647682850
counter/3/0/0/0,22057:1747647668237:,1747647682850
counter/1/0/0/0,22265:1747647668444:,1747647682850
counter/9/0/0/0,27983:1747647671211:,1747647682850
counter/1/0/0/0,22266:1747647668444:,1747647682850
counter/5/0/0/0,25063:1747647670507:,1747647682851
counter/2/0/0/0,27928:1747647672851:,1747647682851
counter/8/0/0/0,25947:1747647670521:,1747647682851
counter/4/0/0/0,21551:1747647668290:,1747647682851
counter/10/0/0/0,23320:1747647667514:,1747647682851
counter/7/0/0/0,24677:1747647670107:,1747647682851
counter/3/0/0/0,22058:1747647668237:,1747647682851
counter/7/0/0/0,24678:1747647670107:,1747647682851
counter/7/0/0/0,24679:1747647670107:,1747647682851
counter/1/0/0/0,22267:1747647668444:,1747647682851
counter/6/0/0/0,24566:1747647671175:,1747647682851
counter/2/0/0/0,27929:1747647672851:,1747647682851
counter/6/0/0/0,24567:1747647671175:,1747647682851
counter/4/0/0/0,21552:1747647668291:,1747647682851
counter/10/0/0/0,23321:1747647667514:,1747647682851
counter/9/0/0/0,27984:1747647671211:,1747647682851
counter/3/0/0/0,22059:1747647668237:,1747647682851
counter/3/0/0/0,22060:1747647668239:,1747647682851
counter/3/0/0/0,22061:1747647668246:,1747647682851
counter/3/0/0/0,22062:1747647668246:,1747647682851
counter/2/0/0/0,27930:1747647672851:,1747647682851
counter/3/0/0/0,22063:1747647668246:,1747647682851
counter/6/0/0/0,24568:1747647671176:,1747647682851
counter/4/0/0/0,21553:1747647668292:,1747647682851
counter/10/0/0/0,23322:1747647667516:,1747647682851
counter/4/0/0/0,21554:1747647668292:,1747647682851
counter/7/0/0/0,24680:1747647670107:,1747647682851
counter/5/0/0/0,25064:1747647670507:,1747647682851
counter/7/0/0/0,24681:1747647670107:,1747647682851
counter/8/0/0/0,25948:1747647670521:,1747647682851
counter/3/0/0/0,22064:1747647668246:,1747647682851
counter/2/0/0/0,27931:1747647672851:,1747647682851
counter/9/0/0/0,27985:1747647671211:,1747647682851
counter/2/0/0/0,27932:1747647672851:,1747647682851
counter/10/0/0/0,23323:1747647667516:,1747647682851
counter/2/0/0/0,27933:1747647672851:,1747647682851
counter/2/0/0/0,27934:1747647672851:,1747647682851
counter/2/0/0/0,27935:1747647672851:,1747647682851
counter/2/0/0/0,27936:1747647672851:,1747647682851
counter/2/0/0/0,27937:1747647672851:,1747647682851
counter/7/0/0/0,24682:1747647670108:,1747647682851
counter/7/0/0/0,24683:1747647670108:,1747647682851
counter/7/0/0/0,24684:1747647670108:,1747647682852
counter/7/0/0/0,24685:1747647670108:,1747647682852
counter/10/0/0/0,23324:1747647667516:,1747647682852
counter/7/0/0/0,24686:1747647670108:,1747647682852
counter/7/0/0/0,24687:1747647670108:,1747647682852
counter/7/0/0/0,24688:1747647670108:,1747647682852
counter/7/0/0/0,24689:1747647670108:,1747647682852
counter/3/0/0/0,22065:1747647668246:,1747647682852
counter/9/0/0/0,27986:1747647671211:,1747647682852
counter/4/0/0/0,21555:1747647668292:,1747647682852
counter/5/0/0/0,25065:1747647670512:,1747647682852
counter/4/0/0/0,21556:1747647668292:,1747647682852
counter/4/0/0/0,21557:1747647668292:,1747647682852
counter/8/0/0/0,25949:1747647670521:,1747647682852
counter/2/0/0/0,27938:1747647672851:,1747647682852
counter/2/0/0/0,27939:1747647672851:,1747647682852
counter/2/0/0/0,27940:1747647672852:,1747647682852
counter/3/0/0/0,22066:1747647668246:,1747647682852
counter/9/0/0/0,27987:1747647671211:,1747647682852
counter/10/0/0/0,23325:1747647667516:,1747647682852
counter/5/0/0/0,25066:1747647670520:,1747647682852
counter/5/0/0/0,25067:1747647670534:,1747647682852
counter/5/0/0/0,25068:1747647670534:,1747647682852
counter/5/0/0/0,25069:1747647670534:,1747647682852
counter/5/0/0/0,25070:1747647670534:,1747647682852
counter/5/0/0/0,25071:1747647670534:,1747647682852
counter/5/0/0/0,25072:1747647670534:,1747647682852
counter/5/0/0/0,25073:1747647670536:,1747647682852
counter/9/0/0/0,27988:1747647671211:,1747647682852
counter/10/0/0/0,23326:1747647667516:,1747647682852
counter/1/0/0/0,22268:1747647668444:,1747647682852
counter/1/0/0/0,22269:1747647668444:,1747647682852
counter/1/0/0/0,22270:1747647668444:,1747647682852
counter/2/0/0/0,27941:1747647672852:,1747647682852
counter/6/0/0/0,24569:1747647671176:,1747647682852
counter/3/0/0/0,22067:1747647668246:,1747647682852
counter/6/0/0/0,24570:1747647671176:,1747647682852
counter/8/0/0/0,25950:1747647670521:,1747647682852
counter/9/0/0/0,27989:1747647671217:,1747647682852
counter/9/0/0/0,27990:1747647671217:,1747647682852
counter/9/0/0/0,27991:1747647671217:,1747647682852
counter/9/0/0/0,27992:1747647671217:,1747647682852
counter/9/0/0/0,27993:1747647671217:,1747647682853
counter/4/0/0/0,21558:1747647668292:,1747647682853
counter/5/0/0/0,25074:1747647670536:,1747647682853
counter/3/0/0/0,22068:1747647668246:,1747647682853
counter/6/0/0/0,24571:1747647671176:,1747647682853
counter/8/0/0/0,25951:1747647670521:,1747647682853
counter/10/0/0/0,23327:1747647667517:,1747647682853
counter/7/0/0/0,24690:1747647670108:,1747647682853
counter/1/0/0/0,22271:1747647668444:,1747647682853
counter/9/0/0/0,27994:1747647671217:,1747647682853
counter/1/0/0/0,22272:1747647668444:,1747647682853
counter/1/0/0/0,22273:1747647668444:,1747647682853
counter/5/0/0/0,25075:1747647670536:,1747647682853
counter/3/0/0/0,22069:1747647668246:,1747647682853
counter/3/0/0/0,22070:1747647668246:,1747647682853
counter/3/0/0/0,22071:1747647668249:,1747647682853
counter/3/0/0/0,22072:1747647668249:,1747647682853
counter/3/0/0/0,22073:1747647668249:,1747647682853
counter/3/0/0/0,22074:1747647668249:,1747647682853
counter/3/0/0/0,22075:1747647668249:,1747647682853
counter/4/0/0/0,21559:1747647668292:,1747647682853
counter/5/0/0/0,25076:1747647670539:,1747647682853
counter/4/0/0/0,21560:1747647668292:,1747647682853
counter/6/0/0/0,24572:1747647671176:,1747647682853
counter/8/0/0/0,25952:1747647670521:,1747647682853
counter/10/0/0/0,23328:1747647667517:,1747647682853
counter/9/0/0/0,27995:1747647671217:,1747647682853
counter/7/0/0/0,24691:1747647670108:,1747647682853
counter/2/0/0/0,27942:1747647672852:,1747647682853
counter/7/0/0/0,24692:1747647670108:,1747647682853
counter/5/0/0/0,25077:1747647670539:,1747647682853
counter/4/0/0/0,21561:1747647668292:,1747647682853
counter/4/0/0/0,21562:1747647668296:,1747647682853
counter/6/0/0/0,24573:1747647671177:,1747647682853
counter/8/0/0/0,25953:1747647670521:,1747647682853
counter/10/0/0/0,23329:1747647667517:,1747647682853
counter/9/0/0/0,27996:1747647671217:,1747647682853
counter/3/0/0/0,22076:1747647668249:,1747647682853
counter/3/0/0/0,22077:1747647668249:,1747647682853
counter/3/0/0/0,22078:1747647668249:,1747647682854
counter/3/0/0/0,22079:1747647668251:,1747647682854
counter/3/0/0/0,22080:1747647668251:,1747647682854
counter/3/0/0/0,22081:1747647668251:,1747647682854
counter/3/0/0/0,22082:1747647668251:,1747647682854
counter/3/0/0/0,22083:1747647668251:,1747647682854
counter/3/0/0/0,22084:1747647668251:,1747647682854
counter/3/0/0/0,22085:1747647668256:,1747647682854
counter/3/0/0/0,22086:1747647668256:,1747647682854
counter/3/0/0/0,22087:1747647668256:,1747647682854
counter/3/0/0/0,22088:1747647668256:,1747647682854
counter/3/0/0/0,22089:1747647668256:,1747647682854
counter/3/0/0/0,22090:1747647668256:,1747647682854
counter/10/0/0/0,23330:1747647667517:,1747647682854
counter/3/0/0/0,22091:1747647668256:,1747647682854
counter/3/0/0/0,22092:1747647668256:,1747647682854
counter/9/0/0/0,27997:1747647671217:,1747647682854
counter/9/0/0/0,27998:1747647671217:,1747647682854
counter/5/0/0/0,25078:1747647670539:,1747647682854
counter/9/0/0/0,27999:1747647671217:,1747647682854
counter/4/0/0/0,21563:1747647668296:,1747647682854
counter/4/0/0/0,21564:1747647668296:,1747647682854
counter/6/0/0/0,24574:1747647671177:,1747647682854
counter/8/0/0/0,25954:1747647670522:,1747647682854
counter/6/0/0/0,24575:1747647671177:,1747647682854
counter/6/0/0/0,24576:1747647671185:,1747647682854
counter/6/0/0/0,24577:1747647671185:,1747647682854
counter/6/0/0/0,24578:1747647671185:,1747647682854
counter/9/0/0/0,28000:1747647671217:,1747647682854
counter/9/0/0/0,28001:1747647671217:,1747647682854
counter/9/0/0/0,28002:1747647671217:,1747647682854
counter/9/0/0/0,28003:1747647671217:,1747647682854
counter/8/0/0/0,25955:1747647670522:,1747647682854
counter/3/0/0/0,22093:1747647668256:,1747647682854
counter/10/0/0/0,23331:1747647667517:,1747647682854
counter/5/0/0/0,25079:1747647670539:,1747647682854
counter/5/0/0/0,25080:1747647670539:,1747647682854
counter/5/0/0/0,25081:1747647670539:,1747647682854
counter/1/0/0/0,22274:1747647668444:,1747647682854
counter/1/0/0/0,22275:1747647668445:,1747647682855
counter/9/0/0/0,28004:1747647671217:,1747647682855
counter/9/0/0/0,28005:1747647671217:,1747647682855
counter/8/0/0/0,25956:1747647670522:,1747647682855
counter/3/0/0/0,22094:1747647668256:,1747647682855
counter/10/0/0/0,23332:1747647667517:,1747647682855
counter/6/0/0/0,24579:1747647671186:,1747647682855
counter/6/0/0/0,24580:1747647671186:,1747647682855
counter/5/0/0/0,25082:1747647670539:,1747647682855
counter/6/0/0/0,24581:1747647671186:,1747647682855
counter/9/0/0/0,28006:1747647671221:,1747647682855
counter/7/0/0/0,24693:1747647670112:,1747647682855
counter/4/0/0/0,21565:1747647668296:,1747647682855
counter/8/0/0/0,25957:1747647670522:,1747647682855
counter/4/0/0/0,21566:1747647668296:,1747647682855
counter/10/0/0/0,23333:1747647667517:,1747647682855
counter/1/0/0/0,22276:1747647668445:,1747647682855
counter/5/0/0/0,25083:1747647670539:,1747647682855
counter/1/0/0/0,22277:1747647668445:,1747647682855
counter/9/0/0/0,28007:1747647671221:,1747647682855
counter/9/0/0/0,28008:1747647671222:,1747647682855
counter/9/0/0/0,28009:1747647671222:,1747647682855
counter/8/0/0/0,25958:1747647670522:,1747647682855
counter/3/0/0/0,22095:1747647668259:,1747647682855
counter/4/0/0/0,21567:1747647668296:,1747647682855
counter/10/0/0/0,23334:1747647667517:,1747647682855
counter/4/0/0/0,21568:1747647668296:,1747647682855
counter/6/0/0/0,24582:1747647671186:,1747647682855
counter/1/0/0/0,22278:1747647668445:,1747647682855
counter/7/0/0/0,24694:1747647670119:,1747647682855
counter/9/0/0/0,28010:1747647671222:,1747647682855
counter/7/0/0/0,24695:1747647670119:,1747647682855
counter/8/0/0/0,25959:1747647670522:,1747647682855
counter/6/0/0/0,24583:1747647671186:,1747647682855
counter/5/0/0/0,25084:1747647670539:,1747647682855
counter/10/0/0/0,23335:1747647667517:,1747647682855
counter/7/0/0/0,24696:1747647670119:,1747647682855
counter/1/0/0/0,22279:1747647668457:,1747647682855
counter/9/0/0/0,28011:1747647671222:,1747647682856
counter/1/0/0/0,22280:1747647668457:,1747647682856
counter/3/0/0/0,22096:1747647668259:,1747647682856
counter/8/0/0/0,25960:1747647670522:,1747647682856
counter/8/0/0/0,25961:1747647670522:,1747647682856
counter/4/0/0/0,21569:1747647668298:,1747647682856
counter/10/0/0/0,23336:1747647667517:,1747647682856
counter/7/0/0/0,24697:1747647670119:,1747647682856
counter/7/0/0/0,24698:1747647670119:,1747647682856
counter/9/0/0/0,28012:1747647671222:,1747647682856
counter/7/0/0/0,24699:1747647670119:,1747647682856
counter/1/0/0/0,22281:1747647668457:,1747647682856
counter/3/0/0/0,22097:1747647668259:,1747647682856
counter/1/0/0/0,22282:1747647668457:,1747647682856
counter/5/0/0/0,25085:1747647670539:,1747647682856
counter/10/0/0/0,23337:1747647667521:,1747647682856
counter/4/0/0/0,21570:1747647668298:,1747647682856
counter/9/0/0/0,28013:1747647671222:,1747647682856
counter/4/0/0/0,21571:1747647668298:,1747647682856
counter/7/0/0/0,24700:1747647670119:,1747647682856
counter/7/0/0/0,24701:1747647670139:,1747647682856
counter/8/0/0/0,25962:1747647670522:,1747647682856
counter/6/0/0/0,24584:1747647671186:,1747647682856
counter/1/0/0/0,22283:1747647668457:,1747647682856
counter/5/0/0/0,25086:1747647670539:,1747647682856
counter/1/0/0/0,22284:1747647668457:,1747647682856
counter/9/0/0/0,28014:1747647671222:,1747647682856
counter/1/0/0/0,22285:1747647668457:,1747647682856
counter/1/0/0/0,22286:1747647668457:,1747647682856
counter/7/0/0/0,24702:1747647670139:,1747647682856
counter/7/0/0/0,24703:1747647670139:,1747647682856
counter/3/0/0/0,22098:1747647668259:,1747647682856
counter/7/0/0/0,24704:1747647670139:,1747647682856
counter/10/0/0/0,23338:1747647667521:,1747647682856
counter/6/0/0/0,24585:1747647671186:,1747647682856
counter/9/0/0/0,28015:1747647671222:,1747647682856
counter/9/0/0/0,28016:1747647671222:,1747647682856
counter/1/0/0/0,22287:1747647668457:,1747647682856
counter/1/0/0/0,22288:1747647668457:,1747647682856
counter/8/0/0/0,25963:1747647670522:,1747647682856
counter/4/0/0/0,21572:1747647668304:,1747647682856
counter/7/0/0/0,24705:1747647670151:,1747647682856
counter/5/0/0/0,25087:1747647670539:,1747647682857
counter/7/0/0/0,24706:1747647670155:,1747647682857
counter/7/0/0/0,24707:1747647670155:,1747647682857
counter/9/0/0/0,28017:1747647671222:,1747647682857
counter/7/0/0/0,24708:1747647670155:,1747647682857
counter/1/0/0/0,22289:1747647668458:,1747647682857
counter/3/0/0/0,22099:1747647668259:,1747647682857
counter/1/0/0/0,22290:1747647668458:,1747647682857
counter/1/0/0/0,22291:1747647668458:,1747647682857
counter/10/0/0/0,23339:1747647667521:,1747647682857
counter/5/0/0/0,25088:1747647670539:,1747647682857
counter/1/0/0/0,22292:1747647668464:,1747647682857
counter/2/0/0/0,27943:1747647672852:,1747647682857
counter/1/0/0/0,22293:1747647668464:,1747647682857
counter/6/0/0/0,24586:1747647671203:,1747647682857
counter/8/0/0/0,25964:1747647670531:,1747647682857
counter/6/0/0/0,24587:1747647671203:,1747647682857
counter/4/0/0/0,21573:1747647668304:,1747647682857
counter/10/0/0/0,23340:1747647667534:,1747647682857
counter/10/0/0/0,23341:1747647667534:,1747647682857
counter/9/0/0/0,28018:1747647671222:,1747647682857
counter/9/0/0/0,28019:1747647671222:,1747647682857
counter/7/0/0/0,24709:1747647670155:,1747647682857
counter/1/0/0/0,22294:1747647668464:,1747647682857
counter/8/0/0/0,25965:1747647670531:,1747647682857
counter/1/0/0/0,22295:1747647668464:,1747647682857
counter/1/0/0/0,22296:1747647668464:,1747647682857
counter/3/0/0/0,22100:1747647668259:,1747647682857
counter/5/0/0/0,25089:1747647670539:,1747647682857
counter/3/0/0/0,22101:1747647668259:,1747647682857
counter/3/0/0/0,22102:1747647668259:,1747647682857
counter/9/0/0/0,28020:1747647671223:,1747647682857
counter/8/0/0/0,25966:1747647670531:,1747647682857
counter/7/0/0/0,24710:1747647670155:,1747647682857
counter/2/0/0/0,27944:1747647672852:,1747647682857
counter/1/0/0/0,22297:1747647668464:,1747647682857
counter/1/0/0/0,22298:1747647668464:,1747647682857
counter/5/0/0/0,25090:1747647670539:,1747647682857
counter/10/0/0/0,23342:1747647667534:,1747647682857
counter/3/0/0/0,22103:1747647668259:,1747647682857
counter/3/0/0/0,22104:1747647668259:,1747647682857
counter/9/0/0/0,28021:1747647671223:,1747647682858
counter/7/0/0/0,24711:1747647670155:,1747647682858
counter/7/0/0/0,24712:1747647670155:,1747647682858
counter/7/0/0/0,24713:1747647670156:,1747647682858
counter/1/0/0/0,22299:1747647668464:,1747647682858
counter/1/0/0/0,22300:1747647668464:,1747647682858
counter/5/0/0/0,25091:1747647670540:,1747647682858
counter/4/0/0/0,21574:1747647668304:,1747647682858
counter/10/0/0/0,23343:1747647667534:,1747647682858
counter/3/0/0/0,22105:1747647668261:,1747647682858
counter/9/0/0/0,28022:1747647671235:,1747647682858
counter/7/0/0/0,24714:1747647670156:,1747647682858
counter/7/0/0/0,24715:1747647670156:,1747647682858
counter/2/0/0/0,27945:1747647672852:,1747647682858
counter/5/0/0/0,25092:1747647670540:,1747647682858
counter/2/0/0/0,27946:1747647672852:,1747647682858
counter/4/0/0/0,21575:1747647668304:,1747647682858
counter/8/0/0/0,25967:1747647670531:,1747647682858
counter/4/0/0/0,21576:1747647668304:,1747647682858
counter/10/0/0/0,23344:1747647667534:,1747647682858
counter/3/0/0/0,22106:1747647668261:,1747647682858
counter/3/0/0/0,22107:1747647668261:,1747647682858
counter/6/0/0/0,24588:1747647671203:,1747647682858
counter/5/0/0/0,25093:1747647670542:,1747647682858
counter/6/0/0/0,24589:1747647671203:,1747647682858
counter/8/0/0/0,25968:1747647670532:,1747647682858
counter/8/0/0/0,25969:1747647670532:,1747647682858
counter/4/0/0/0,21577:1747647668304:,1747647682858
counter/9/0/0/0,28023:1747647671235:,1747647682858
counter/10/0/0/0,23345:1747647667534:,1747647682858
counter/9/0/0/0,28024:1747647671235:,1747647682858
counter/3/0/0/0,22108:1747647668261:,1747647682858
counter/9/0/0/0,28025:1747647671235:,1747647682858
counter/9/0/0/0,28026:1747647671235:,1747647682858
counter/6/0/0/0,24590:1747647671213:,1747647682858
counter/8/0/0/0,25970:1747647670532:,1747647682858
counter/6/0/0/0,24591:1747647671213:,1747647682858
counter/4/0/0/0,21578:1747647668313:,1747647682859
counter/10/0/0/0,23346:1747647667534:,1747647682859
counter/4/0/0/0,21579:1747647668313:,1747647682859
counter/3/0/0/0,22109:1747647668261:,1747647682859
counter/5/0/0/0,25094:1747647670542:,1747647682859
counter/5/0/0/0,25095:1747647670543:,1747647682859
counter/5/0/0/0,25096:1747647670543:,1747647682859
counter/5/0/0/0,25097:1747647670543:,1747647682859
counter/5/0/0/0,25098:1747647670543:,1747647682859
counter/1/0/0/0,22301:1747647668465:,1747647682859
counter/10/0/0/0,23347:1747647667535:,1747647682859
counter/1/0/0/0,22302:1747647668465:,1747647682859
counter/1/0/0/0,22303:1747647668466:,1747647682859
counter/3/0/0/0,22110:1747647668263:,1747647682859
counter/4/0/0/0,21580:1747647668313:,1747647682859
counter/4/0/0/0,21581:1747647668313:,1747647682859
counter/5/0/0/0,25099:1747647670543:,1747647682859
counter/1/0/0/0,22304:1747647668466:,1747647682859
counter/6/0/0/0,24592:1747647671213:,1747647682859
counter/6/0/0/0,24593:1747647671213:,1747647682859
counter/10/0/0/0,23348:1747647667535:,1747647682859
counter/7/0/0/0,24716:1747647670156:,1747647682859
counter/3/0/0/0,22111:1747647668263:,1747647682859
counter/7/0/0/0,24717:1747647670156:,1747647682859
counter/7/0/0/0,24718:1747647670156:,1747647682859
counter/5/0/0/0,25100:1747647670543:,1747647682859
counter/5/0/0/0,25101:1747647670543:,1747647682859
counter/1/0/0/0,22305:1747647668466:,1747647682859
counter/6/0/0/0,24594:1747647671213:,1747647682859
counter/10/0/0/0,23349:1747647667555:,1747647682859
counter/10/0/0/0,23350:1747647667555:,1747647682859
counter/2/0/0/0,27947:1747647672852:,1747647682859
counter/3/0/0/0,22112:1747647668263:,1747647682859
counter/3/0/0/0,22113:1747647668263:,1747647682859
counter/3/0/0/0,22114:1747647668263:,1747647682859
counter/7/0/0/0,24719:1747647670156:,1747647682859
counter/8/0/0/0,25971:1747647670532:,1747647682859
counter/1/0/0/0,22306:1747647668466:,1747647682859
counter/6/0/0/0,24595:1747647671213:,1747647682859
counter/9/0/0/0,28027:1747647671235:,1747647682859
counter/10/0/0/0,23351:1747647667555:,1747647682859
counter/4/0/0/0,21582:1747647668313:,1747647682860
counter/2/0/0/0,27948:1747647672852:,1747647682860
counter/3/0/0/0,22115:1747647668263:,1747647682860
counter/5/0/0/0,25102:1747647670543:,1747647682860
counter/5/0/0/0,25103:1747647670543:,1747647682860
counter/7/0/0/0,24720:1747647670156:,1747647682860
counter/1/0/0/0,22307:1747647668466:,1747647682860
counter/6/0/0/0,24596:1747647671213:,1747647682860
counter/10/0/0/0,23352:1747647667555:,1747647682860
counter/6/0/0/0,24597:1747647671213:,1747647682860
counter/4/0/0/0,21583:1747647668313:,1747647682860
counter/3/0/0/0,22116:1747647668263:,1747647682860
counter/4/0/0/0,21584:1747647668313:,1747647682860
counter/5/0/0/0,25104:1747647670543:,1747647682860
counter/5/0/0/0,25105:1747647670543:,1747647682860
counter/5/0/0/0,25106:1747647670548:,1747647682860
counter/5/0/0/0,25107:1747647670548:,1747647682860
counter/10/0/0/0,23353:1747647667555:,1747647682860
counter/9/0/0/0,28028:1747647671235:,1747647682860
counter/6/0/0/0,24598:1747647671213:,1747647682860
counter/3/0/0/0,22117:1747647668263:,1747647682860
counter/6/0/0/0,24599:1747647671213:,1747647682860
counter/4/0/0/0,21585:1747647668313:,1747647682860
counter/7/0/0/0,24721:1747647670156:,1747647682860
counter/1/0/0/0,22308:1747647668466:,1747647682860
counter/5/0/0/0,25108:1747647670548:,1747647682860
counter/1/0/0/0,22309:1747647668466:,1747647682860
counter/10/0/0/0,23354:1747647667555:,1747647682860
counter/9/0/0/0,28029:1747647671235:,1747647682860
counter/3/0/0/0,22118:1747647668263:,1747647682860
counter/3/0/0/0,22119:1747647668263:,1747647682860
counter/3/0/0/0,22120:1747647668263:,1747647682860
counter/6/0/0/0,24600:1747647671213:,1747647682860
counter/6/0/0/0,24601:1747647671213:,1747647682860
counter/5/0/0/0,25109:1747647670548:,1747647682860
counter/6/0/0/0,24602:1747647671213:,1747647682860
counter/1/0/0/0,22310:1747647668466:,1747647682860
counter/10/0/0/0,23355:1747647667558:,1747647682861
counter/3/0/0/0,22121:1747647668263:,1747647682861
counter/4/0/0/0,21586:1747647668313:,1747647682861
counter/5/0/0/0,25110:1747647670549:,1747647682861
counter/9/0/0/0,28030:1747647671235:,1747647682861
counter/5/0/0/0,25111:1747647670549:,1747647682861
counter/5/0/0/0,25112:1747647670549:,1747647682861
counter/6/0/0/0,24603:1747647671230:,1747647682861
counter/6/0/0/0,24604:1747647671230:,1747647682861
counter/1/0/0/0,22311:1747647668466:,1747647682861
counter/10/0/0/0,23356:1747647667558:,1747647682861
counter/1/0/0/0,22312:1747647668466:,1747647682861
counter/1/0/0/0,22313:1747647668466:,1747647682861
counter/9/0/0/0,28031:1747647671235:,1747647682861
counter/9/0/0/0,28032:1747647671235:,1747647682861
counter/5/0/0/0,25113:1747647670550:,1747647682861
counter/5/0/0/0,25114:1747647670550:,1747647682861
counter/5/0/0/0,25115:1747647670558:,1747647682861
counter/7/0/0/0,24722:1747647670156:,1747647682861
counter/3/0/0/0,22122:1747647668263:,1747647682861
counter/10/0/0/0,23357:1747647667558:,1747647682861
counter/10/0/0/0,23358:1747647667558:,1747647682861
counter/4/0/0/0,21587:1747647668313:,1747647682861
counter/9/0/0/0,28033:1747647671235:,1747647682861
counter/9/0/0/0,28034:1747647671236:,1747647682861
counter/6/0/0/0,24605:1747647671230:,1747647682861
counter/5/0/0/0,25116:1747647670558:,1747647682861
counter/6/0/0/0,24606:1747647671230:,1747647682861
counter/6/0/0/0,24607:1747647671230:,1747647682861
counter/6/0/0/0,24608:1747647671230:,1747647682861
counter/6/0/0/0,24609:1747647671230:,1747647682861
counter/3/0/0/0,22123:1747647668263:,1747647682861
counter/1/0/0/0,22314:1747647668466:,1747647682861
counter/9/0/0/0,28035:1747647671236:,1747647682861
counter/9/0/0/0,28036:1747647671236:,1747647682861
counter/5/0/0/0,25117:1747647670558:,1747647682861
counter/2/0/0/0,27949:1747647672852:,1747647682861
counter/4/0/0/0,21588:1747647668313:,1747647682861
counter/2/0/0/0,27950:1747647672852:,1747647682861
counter/10/0/0/0,23359:1747647667558:,1747647682861
counter/7/0/0/0,24723:1747647670156:,1747647682861
counter/3/0/0/0,22124:1747647668263:,1747647682862
counter/1/0/0/0,22315:1747647668466:,1747647682862
counter/1/0/0/0,22316:1747647668468:,1747647682862
counter/1/0/0/0,22317:1747647668477:,1747647682862
counter/8/0/0/0,25972:1747647670532:,1747647682862
counter/4/0/0/0,21589:1747647668319:,1747647682862
counter/4/0/0/0,21590:1747647668319:,1747647682862
counter/2/0/0/0,27951:1747647672852:,1747647682862
counter/2/0/0/0,27952:1747647672852:,1747647682862
counter/7/0/0/0,24724:1747647670156:,1747647682862
counter/7/0/0/0,24725:1747647670156:,1747647682862
counter/7/0/0/0,24726:1747647670164:,1747647682862
counter/5/0/0/0,25118:1747647670558:,1747647682862
counter/5/0/0/0,25119:1747647670558:,1747647682862
counter/5/0/0/0,25120:1747647670558:,1747647682862
counter/5/0/0/0,25121:1747647670558:,1747647682862
counter/4/0/0/0,21591:1747647668319:,1747647682862
counter/10/0/0/0,23360:1747647667570:,1747647682862
counter/4/0/0/0,21592:1747647668319:,1747647682862
counter/3/0/0/0,22125:1747647668263:,1747647682862
counter/3/0/0/0,22126:1747647668264:,1747647682862
counter/3/0/0/0,22127:1747647668264:,1747647682862
counter/7/0/0/0,24727:1747647670164:,1747647682862
counter/3/0/0/0,22128:1747647668264:,1747647682862
counter/7/0/0/0,24728:1747647670164:,1747647682862
counter/8/0/0/0,25973:1747647670532:,1747647682862
counter/6/0/0/0,24610:1747647671230:,1747647682862
counter/10/0/0/0,23361:1747647667570:,1747647682862
counter/10/0/0/0,23362:1747647667576:,1747647682862
counter/10/0/0/0,23363:1747647667576:,1747647682862
counter/10/0/0/0,23364:1747647667576:,1747647682862
counter/10/0/0/0,23365:1747647667576:,1747647682862
counter/5/0/0/0,25122:1747647670558:,1747647682862
counter/5/0/0/0,25123:1747647670558:,1747647682862
counter/5/0/0/0,25124:1747647670558:,1747647682862
counter/2/0/0/0,27953:1747647672852:,1747647682862
counter/8/0/0/0,25974:1747647670532:,1747647682862
counter/2/0/0/0,27954:1747647672852:,1747647682862
counter/1/0/0/0,22318:1747647668477:,1747647682862
counter/3/0/0/0,22129:1747647668264:,1747647682862
counter/1/0/0/0,22319:1747647668477:,1747647682862
counter/1/0/0/0,22320:1747647668477:,1747647682863
counter/7/0/0/0,24729:1747647670164:,1747647682863
counter/5/0/0/0,25125:1747647670558:,1747647682863
counter/7/0/0/0,24730:1747647670164:,1747647682863
counter/8/0/0/0,25975:1747647670532:,1747647682863
counter/6/0/0/0,24611:1747647671230:,1747647682863
counter/2/0/0/0,27955:1747647672852:,1747647682863
counter/7/0/0/0,24731:1747647670164:,1747647682863
counter/3/0/0/0,22130:1747647668264:,1747647682863
counter/10/0/0/0,23366:1747647667576:,1747647682863
counter/1/0/0/0,22321:1747647668477:,1747647682863
counter/5/0/0/0,25126:1747647670558:,1747647682863
counter/1/0/0/0,22322:1747647668477:,1747647682863
counter/8/0/0/0,25976:1747647670532:,1747647682863
counter/4/0/0/0,21593:1747647668319:,1747647682863
counter/2/0/0/0,27956:1747647672852:,1747647682863
counter/1/0/0/0,22323:1747647668477:,1747647682863
counter/7/0/0/0,24732:1747647670164:,1747647682863
counter/3/0/0/0,22131:1747647668264:,1747647682863
counter/10/0/0/0,23367:1747647667576:,1747647682863
counter/5/0/0/0,25127:1747647670560:,1747647682863
counter/5/0/0/0,25128:1747647670560:,1747647682863
counter/5/0/0/0,25129:1747647670560:,1747647682863
counter/5/0/0/0,25130:1747647670560:,1747647682863
counter/5/0/0/0,25131:1747647670567:,1747647682863
counter/5/0/0/0,25132:1747647670567:,1747647682863
counter/5/0/0/0,25133:1747647670567:,1747647682863
counter/1/0/0/0,22324:1747647668477:,1747647682863
counter/3/0/0/0,22132:1747647668264:,1747647682863
counter/1/0/0/0,22325:1747647668477:,1747647682863
counter/6/0/0/0,24612:1747647671230:,1747647682863
counter/9/0/0/0,28037:1747647671236:,1747647682863
counter/6/0/0/0,24613:1747647671230:,1747647682863
counter/4/0/0/0,21594:1747647668319:,1747647682863
counter/5/0/0/0,25134:1747647670568:,1747647682863
counter/4/0/0/0,21595:1747647668319:,1747647682863
counter/7/0/0/0,24733:1747647670164:,1747647682863
counter/10/0/0/0,23368:1747647667576:,1747647682864
counter/3/0/0/0,22133:1747647668264:,1747647682864
counter/10/0/0/0,23369:1747647667576:,1747647682864
counter/9/0/0/0,28038:1747647671253:,1747647682864
counter/6/0/0/0,24614:1747647671230:,1747647682864
counter/2/0/0/0,27957:1747647672852:,1747647682864
counter/5/0/0/0,25135:1747647670568:,1747647682864
counter/5/0/0/0,25136:1747647670568:,1747647682864
counter/5/0/0/0,25137:1747647670568:,1747647682864
counter/5/0/0/0,25138:1747647670568:,1747647682864
counter/5/0/0/0,25139:1747647670568:,1747647682864
counter/5/0/0/0,25140:1747647670568:,1747647682864
counter/5/0/0/0,25141:1747647670568:,1747647682864
counter/9/0/0/0,28039:1747647671253:,1747647682864
counter/9/0/0/0,28040:1747647671253:,1747647682864
counter/9/0/0/0,28041:1747647671253:,1747647682864
counter/9/0/0/0,28042:1747647671253:,1747647682864
counter/9/0/0/0,28043:1747647671253:,1747647682864
counter/9/0/0/0,28044:1747647671253:,1747647682864
counter/9/0/0/0,28045:1747647671253:,1747647682864
counter/9/0/0/0,28046:1747647671258:,1747647682864
counter/9/0/0/0,28047:1747647671258:,1747647682864
counter/9/0/0/0,28048:1747647671259:,1747647682864
counter/9/0/0/0,28049:1747647671259:,1747647682864
counter/9/0/0/0,28050:1747647671259:,1747647682864
counter/9/0/0/0,28051:1747647671259:,1747647682864
counter/7/0/0/0,24734:1747647670164:,1747647682864
counter/3/0/0/0,22134:1747647668264:,1747647682864
counter/7/0/0/0,24735:1747647670164:,1747647682864
counter/5/0/0/0,25142:1747647670568:,1747647682864
counter/7/0/0/0,24736:1747647670164:,1747647682864
counter/4/0/0/0,21596:1747647668319:,1747647682864
counter/6/0/0/0,24615:1747647671234:,1747647682864
counter/4/0/0/0,21597:1747647668319:,1747647682864
counter/4/0/0/0,21598:1747647668349:,1747647682864
counter/2/0/0/0,27958:1747647672852:,1747647682864
counter/10/0/0/0,23370:1747647667576:,1747647682864
counter/2/0/0/0,27959:1747647672852:,1747647682864
counter/5/0/0/0,25143:1747647670568:,1747647682864
counter/5/0/0/0,25144:1747647670568:,1747647682864
counter/5/0/0/0,25145:1747647670570:,1747647682864
counter/5/0/0/0,25146:1747647670578:,1747647682864
counter/5/0/0/0,25147:1747647670578:,1747647682864
counter/5/0/0/0,25148:1747647670578:,1747647682865
counter/5/0/0/0,25149:1747647670578:,1747647682865
counter/5/0/0/0,25150:1747647670592:,1747647682865
counter/5/0/0/0,25151:1747647670594:,1747647682865
counter/5/0/0/0,25152:1747647670594:,1747647682865
counter/5/0/0/0,25153:1747647670594:,1747647682865
counter/7/0/0/0,24737:1747647670164:,1747647682865
counter/7/0/0/0,24738:1747647670164:,1747647682865
counter/7/0/0/0,24739:1747647670164:,1747647682865
counter/1/0/0/0,22326:1747647668477:,1747647682865
counter/3/0/0/0,22135:1747647668264:,1747647682865
counter/10/0/0/0,23371:1747647667576:,1747647682865
counter/2/0/0/0,27960:1747647672852:,1747647682865
counter/5/0/0/0,25154:1747647670594:,1747647682865
counter/9/0/0/0,28052:1747647671263:,1747647682865
counter/8/0/0/0,25977:1747647670532:,1747647682865
counter/2/0/0/0,27961:1747647672852:,1747647682865
counter/7/0/0/0,24740:1747647670164:,1747647682865
counter/7/0/0/0,24741:1747647670171:,1747647682865
counter/1/0/0/0,22327:1747647668477:,1747647682865
counter/3/0/0/0,22136:1747647668264:,1747647682865
counter/1/0/0/0,22328:1747647668477:,1747647682865
counter/5/0/0/0,25155:1747647670594:,1747647682865
counter/9/0/0/0,28053:1747647671263:,1747647682865
counter/4/0/0/0,21599:1747647668350:,1747647682865
counter/8/0/0/0,25978:1747647670532:,1747647682865
counter/4/0/0/0,21600:1747647668350:,1747647682865
counter/7/0/0/0,24742:1747647670171:,1747647682865
counter/7/0/0/0,24743:1747647670171:,1747647682865
counter/10/0/0/0,23372:1747647667576:,1747647682865
counter/6/0/0/0,24616:1747647671248:,1747647682865
counter/1/0/0/0,22329:1747647668477:,1747647682865
counter/5/0/0/0,25156:1747647670594:,1747647682865
counter/1/0/0/0,22330:1747647668477:,1747647682865
counter/2/0/0/0,27962:1747647672852:,1747647682865
counter/8/0/0/0,25979:1747647670532:,1747647682866
counter/4/0/0/0,21601:1747647668350:,1747647682866
counter/3/0/0/0,22137:1747647668264:,1747647682866
counter/10/0/0/0,23373:1747647667579:,1747647682866
counter/6/0/0/0,24617:1747647671248:,1747647682866
counter/6/0/0/0,24618:1747647671248:,1747647682866
counter/5/0/0/0,25157:1747647670594:,1747647682866
counter/6/0/0/0,24619:1747647671248:,1747647682866
counter/1/0/0/0,22331:1747647668486:,1747647682866
counter/2/0/0/0,27963:1747647672852:,1747647682866
counter/1/0/0/0,22332:1747647668487:,1747647682866
counter/1/0/0/0,22333:1747647668487:,1747647682866
counter/3/0/0/0,22138:1747647668277:,1747647682866
counter/4/0/0/0,21602:1747647668350:,1747647682866
counter/9/0/0/0,28054:1747647671263:,1747647682866
counter/4/0/0/0,21603:1747647668350:,1747647682866
counter/6/0/0/0,24620:1747647671248:,1747647682866
counter/6/0/0/0,24621:1747647671248:,1747647682866
counter/8/0/0/0,25980:1747647670532:,1747647682866
counter/6/0/0/0,24622:1747647671248:,1747647682866
counter/1/0/0/0,22334:1747647668487:,1747647682866
counter/3/0/0/0,22139:1747647668277:,1747647682866
counter/10/0/0/0,23374:1747647667579:,1747647682866
counter/10/0/0/0,23375:1747647667579:,1747647682866
counter/5/0/0/0,25158:1747647670594:,1747647682866
counter/4/0/0/0,21604:1747647668350:,1747647682866
counter/2/0/0/0,27964:1747647672853:,1747647682866
counter/4/0/0/0,21605:1747647668350:,1747647682866
counter/6/0/0/0,24623:1747647671248:,1747647682866
counter/6/0/0/0,24624:1747647671248:,1747647682866
counter/1/0/0/0,22335:1747647668487:,1747647682866
counter/3/0/0/0,22140:1747647668277:,1747647682866
counter/9/0/0/0,28055:1747647671263:,1747647682866
counter/5/0/0/0,25159:1747647670594:,1747647682866
counter/5/0/0/0,25160:1747647670594:,1747647682866
counter/5/0/0/0,25161:1747647670594:,1747647682866
counter/2/0/0/0,27965:1747647672853:,1747647682866
counter/4/0/0/0,21606:1747647668350:,1747647682866
counter/6/0/0/0,24625:1747647671248:,1747647682866
counter/6/0/0/0,24626:1747647671249:,1747647682866
counter/1/0/0/0,22336:1747647668494:,1747647682866
counter/3/0/0/0,22141:1747647668277:,1747647682867
counter/9/0/0/0,28056:1747647671263:,1747647682867
counter/10/0/0/0,23376:1747647667579:,1747647682867
counter/5/0/0/0,25162:1747647670594:,1747647682867
counter/5/0/0/0,25163:1747647670594:,1747647682867
counter/5/0/0/0,25164:1747647670595:,1747647682867
counter/5/0/0/0,25165:1747647670595:,1747647682867
counter/5/0/0/0,25166:1747647670595:,1747647682867
counter/6/0/0/0,24627:1747647671249:,1747647682867
counter/1/0/0/0,22337:1747647668494:,1747647682867
counter/3/0/0/0,22142:1747647668277:,1747647682867
counter/9/0/0/0,28057:1747647671263:,1747647682867
counter/9/0/0/0,28058:1747647671263:,1747647682867
counter/9/0/0/0,28059:1747647671264:,1747647682867
counter/4/0/0/0,21607:1747647668350:,1747647682867
counter/5/0/0/0,25167:1747647670595:,1747647682867
counter/5/0/0/0,25168:1747647670595:,1747647682867
counter/5/0/0/0,25169:1747647670595:,1747647682867
counter/5/0/0/0,25170:1747647670595:,1747647682867
counter/5/0/0/0,25171:1747647670595:,1747647682867
counter/5/0/0/0,25172:1747647670595:,1747647682867
counter/5/0/0/0,25173:1747647670595:,1747647682867
counter/10/0/0/0,23377:1747647667579:,1747647682867
counter/2/0/0/0,27966:1747647672853:,1747647682867
counter/10/0/0/0,23378:1747647667579:,1747647682867
counter/1/0/0/0,22338:1747647668494:,1747647682867
counter/5/0/0/0,25174:1747647670595:,1747647682867
counter/1/0/0/0,22339:1747647668494:,1747647682867
counter/9/0/0/0,28060:1747647671264:,1747647682867
counter/6/0/0/0,24628:1747647671249:,1747647682867
counter/8/0/0/0,25981:1747647670532:,1747647682867
counter/8/0/0/0,25982:1747647670532:,1747647682867
counter/8/0/0/0,25983:1747647670536:,1747647682867
counter/8/0/0/0,25984:1747647670536:,1747647682867
counter/8/0/0/0,25985:1747647670537:,1747647682867
counter/8/0/0/0,25986:1747647670537:,1747647682867
counter/8/0/0/0,25987:1747647670537:,1747647682867
counter/8/0/0/0,25988:1747647670537:,1747647682867
counter/8/0/0/0,25989:1747647670537:,1747647682868
counter/8/0/0/0,25990:1747647670539:,1747647682868
counter/8/0/0/0,25991:1747647670539:,1747647682868
counter/8/0/0/0,25992:1747647670539:,1747647682868
counter/8/0/0/0,25993:1747647670539:,1747647682868
counter/8/0/0/0,25994:1747647670539:,1747647682868
counter/1/0/0/0,22340:1747647668494:,1747647682868
counter/9/0/0/0,28061:1747647671265:,1747647682868
counter/3/0/0/0,22143:1747647668277:,1747647682868
counter/7/0/0/0,24744:1747647670171:,1747647682868
counter/7/0/0/0,24745:1747647670172:,1747647682868
counter/4/0/0/0,21608:1747647668350:,1747647682868
counter/2/0/0/0,27967:1747647672853:,1747647682868
counter/4/0/0/0,21609:1747647668350:,1747647682868
counter/10/0/0/0,23379:1747647667579:,1747647682868
counter/5/0/0/0,25175:1747647670595:,1747647682868
counter/10/0/0/0,23380:1747647667579:,1747647682868
counter/9/0/0/0,28062:1747647671265:,1747647682868
counter/9/0/0/0,28063:1747647671265:,1747647682868
counter/9/0/0/0,28064:1747647671265:,1747647682868
counter/9/0/0/0,28065:1747647671265:,1747647682868
counter/8/0/0/0,25995:1747647670539:,1747647682868
counter/2/0/0/0,27968:1747647672853:,1747647682868
counter/4/0/0/0,21610:1747647668350:,1747647682868
counter/4/0/0/0,21611:1747647668350:,1747647682868
counter/5/0/0/0,25176:1747647670595:,1747647682868
counter/1/0/0/0,22341:1747647668494:,1747647682868
counter/3/0/0/0,22144:1747647668278:,1747647682868
counter/1/0/0/0,22342:1747647668494:,1747647682868
counter/3/0/0/0,22145:1747647668278:,1747647682868
counter/9/0/0/0,28066:1747647671265:,1747647682868
counter/8/0/0/0,25996:1747647670542:,1747647682868
counter/2/0/0/0,27969:1747647672853:,1747647682868
counter/5/0/0/0,25177:1747647670595:,1747647682868
counter/10/0/0/0,23381:1747647667579:,1747647682868
counter/7/0/0/0,24746:1747647670172:,1747647682868
counter/7/0/0/0,24747:1747647670172:,1747647682868
counter/4/0/0/0,21612:1747647668350:,1747647682869
counter/3/0/0/0,22146:1747647668278:,1747647682869
counter/4/0/0/0,21613:1747647668350:,1747647682869
counter/9/0/0/0,28067:1747647671270:,1747647682869
counter/8/0/0/0,25997:1747647670547:,1747647682869
counter/9/0/0/0,28068:1747647671270:,1747647682869
counter/5/0/0/0,25178:1747647670595:,1747647682869
counter/2/0/0/0,27970:1747647672853:,1747647682869
counter/2/0/0/0,27971:1747647672853:,1747647682869
counter/2/0/0/0,27972:1747647672853:,1747647682869
counter/2/0/0/0,27973:1747647672853:,1747647682869
counter/2/0/0/0,27974:1747647672853:,1747647682869
counter/2/0/0/0,27975:1747647672853:,1747647682869
counter/9/0/0/0,28069:1747647671270:,1747647682869
counter/2/0/0/0,27976:1747647672853:,1747647682869
counter/5/0/0/0,25179:1747647670595:,1747647682869
counter/2/0/0/0,27977:1747647672853:,1747647682869
counter/10/0/0/0,23382:1747647667580:,1747647682869
counter/3/0/0/0,22147:1747647668278:,1747647682869
counter/6/0/0/0,24629:1747647671280:,1747647682869
counter/4/0/0/0,21614:1747647668354:,1747647682869
counter/4/0/0/0,21615:1747647668366:,1747647682869
counter/8/0/0/0,25998:1747647670547:,1747647682869
counter/9/0/0/0,28070:1747647671270:,1747647682869
counter/5/0/0/0,25180:1747647670595:,1747647682869
counter/5/0/0/0,25181:1747647670595:,1747647682869
counter/5/0/0/0,25182:1747647670595:,1747647682869
counter/5/0/0/0,25183:1747647670595:,1747647682869
counter/10/0/0/0,23383:1747647667580:,1747647682869
counter/6/0/0/0,24630:1747647671280:,1747647682869
counter/1/0/0/0,22343:1747647668494:,1747647682869
counter/8/0/0/0,25999:1747647670547:,1747647682869
counter/1/0/0/0,22344:1747647668495:,1747647682869
counter/9/0/0/0,28071:1747647671270:,1747647682869
counter/7/0/0/0,24748:1747647670172:,1747647682869
counter/2/0/0/0,27978:1747647672853:,1747647682869
counter/3/0/0/0,22148:1747647668278:,1747647682869
counter/5/0/0/0,25184:1747647670608:,1747647682869
counter/5/0/0/0,25185:1747647670608:,1747647682869
counter/5/0/0/0,25186:1747647670608:,1747647682869
counter/5/0/0/0,25187:1747647670608:,1747647682869
counter/1/0/0/0,22345:1747647668495:,1747647682869
counter/1/0/0/0,22346:1747647668495:,1747647682870
counter/9/0/0/0,28072:1747647671270:,1747647682870
counter/4/0/0/0,21616:1747647668366:,1747647682870
counter/2/0/0/0,27979:1747647672853:,1747647682870
counter/4/0/0/0,21617:1747647668366:,1747647682870
counter/10/0/0/0,23384:1747647667580:,1747647682870
counter/6/0/0/0,24631:1747647671280:,1747647682870
counter/5/0/0/0,25188:1747647670609:,1747647682870
counter/6/0/0/0,24632:1747647671302:,1747647682870
counter/1/0/0/0,22347:1747647668495:,1747647682870
counter/7/0/0/0,24749:1747647670172:,1747647682870
counter/9/0/0/0,28073:1747647671270:,1747647682870
counter/7/0/0/0,24750:1747647670172:,1747647682870
counter/2/0/0/0,27980:1747647672853:,1747647682870
counter/4/0/0/0,21618:1747647668366:,1747647682870
counter/10/0/0/0,23385:1747647667580:,1747647682870
counter/5/0/0/0,25189:1747647670609:,1747647682870
counter/5/0/0/0,25190:1747647670609:,1747647682870
counter/5/0/0/0,25191:1747647670609:,1747647682870
counter/1/0/0/0,22348:1747647668495:,1747647682870
counter/3/0/0/0,22149:1747647668278:,1747647682870
counter/1/0/0/0,22349:1747647668496:,1747647682870
counter/7/0/0/0,24751:1747647670172:,1747647682870
counter/2/0/0/0,27981:1747647672854:,1747647682870
counter/7/0/0/0,24752:1747647670172:,1747647682870
counter/10/0/0/0,23386:1747647667598:,1747647682870
counter/6/0/0/0,24633:1747647671302:,1747647682870
counter/5/0/0/0,25192:1747647670609:,1747647682870
counter/5/0/0/0,25193:1747647670614:,1747647682870
counter/5/0/0/0,25194:1747647670614:,1747647682870
counter/5/0/0/0,25195:1747647670614:,1747647682870
counter/5/0/0/0,25196:1747647670625:,1747647682870
counter/5/0/0/0,25197:1747647670625:,1747647682870
counter/2/0/0/0,27982:1747647672857:,1747647682870
counter/2/0/0/0,27983:1747647672857:,1747647682870
counter/10/0/0/0,23387:1747647667598:,1747647682870
counter/6/0/0/0,24634:1747647671302:,1747647682870
counter/9/0/0/0,28074:1747647671284:,1747647682870
counter/3/0/0/0,22150:1747647668279:,1747647682870
counter/1/0/0/0,22350:1747647668497:,1747647682870
counter/8/0/0/0,26000:1747647670547:,1747647682871
counter/1/0/0/0,22351:1747647668498:,1747647682871
counter/5/0/0/0,25198:1747647670625:,1747647682871
counter/4/0/0/0,21619:1747647668366:,1747647682871
counter/2/0/0/0,27984:1747647672857:,1747647682871
counter/4/0/0/0,21620:1747647668366:,1747647682871
counter/6/0/0/0,24635:1747647671302:,1747647682871
counter/9/0/0/0,28075:1747647671284:,1747647682871
counter/6/0/0/0,24636:1747647671302:,1747647682871
counter/8/0/0/0,26001:1747647670547:,1747647682871
counter/1/0/0/0,22352:1747647668498:,1747647682871
counter/5/0/0/0,25199:1747647670625:,1747647682871
counter/1/0/0/0,22353:1747647668498:,1747647682871
counter/10/0/0/0,23388:1747647667598:,1747647682871
counter/2/0/0/0,27985:1747647672857:,1747647682871
counter/4/0/0/0,21621:1747647668376:,1747647682871
counter/3/0/0/0,22151:1747647668279:,1747647682871
counter/9/0/0/0,28076:1747647671284:,1747647682871
counter/6/0/0/0,24637:1747647671303:,1747647682871
counter/8/0/0/0,26002:1747647670547:,1747647682871
counter/6/0/0/0,24638:1747647671303:,1747647682871
counter/6/0/0/0,24639:1747647671303:,1747647682871
counter/1/0/0/0,22354:1747647668498:,1747647682871
counter/10/0/0/0,23389:1747647667598:,1747647682871
counter/2/0/0/0,27986:1747647672857:,1747647682871
counter/4/0/0/0,21622:1747647668376:,1747647682871
counter/3/0/0/0,22152:1747647668279:,1747647682871
counter/9/0/0/0,28077:1747647671284:,1747647682871
counter/8/0/0/0,26003:1747647670547:,1747647682871
counter/8/0/0/0,26004:1747647670547:,1747647682871
counter/6/0/0/0,24640:1747647671303:,1747647682871
counter/6/0/0/0,24641:1747647671303:,1747647682871
counter/1/0/0/0,22355:1747647668498:,1747647682871
counter/10/0/0/0,23390:1747647667598:,1747647682871
counter/2/0/0/0,27987:1747647672857:,1747647682871
counter/4/0/0/0,21623:1747647668376:,1747647682871
counter/3/0/0/0,22153:1747647668279:,1747647682871
counter/9/0/0/0,28078:1747647671284:,1747647682871
counter/5/0/0/0,25200:1747647670625:,1747647682871
counter/5/0/0/0,25201:1747647670625:,1747647682871
counter/5/0/0/0,25202:1747647670625:,1747647682871
counter/5/0/0/0,25203:1747647670625:,1747647682871
counter/5/0/0/0,25204:1747647670625:,1747647682872
counter/5/0/0/0,25205:1747647670625:,1747647682872
counter/5/0/0/0,25206:1747647670625:,1747647682872
counter/4/0/0/0,21624:1747647668376:,1747647682872
counter/3/0/0/0,22154:1747647668279:,1747647682872
counter/9/0/0/0,28079:1747647671284:,1747647682872
counter/7/0/0/0,24753:1747647670172:,1747647682872
counter/7/0/0/0,24754:1747647670172:,1747647682872
counter/1/0/0/0,22356:1747647668498:,1747647682872
counter/2/0/0/0,27988:1747647672857:,1747647682872
counter/1/0/0/0,22357:1747647668498:,1747647682872
counter/10/0/0/0,23391:1747647667598:,1747647682872
counter/8/0/0/0,26005:1747647670547:,1747647682872
counter/10/0/0/0,23392:1747647667598:,1747647682872
counter/10/0/0/0,23393:1747647667598:,1747647682872
counter/9/0/0/0,28080:1747647671284:,1747647682872
counter/9/0/0/0,28081:1747647671284:,1747647682872
counter/6/0/0/0,24642:1747647671303:,1747647682872
counter/5/0/0/0,25207:1747647670629:,1747647682872
counter/6/0/0/0,24643:1747647671303:,1747647682872
counter/1/0/0/0,22358:1747647668498:,1747647682872
counter/1/0/0/0,22359:1747647668498:,1747647682872
counter/8/0/0/0,26006:1747647670547:,1747647682872
counter/4/0/0/0,21625:1747647668376:,1747647682872
counter/10/0/0/0,23394:1747647667598:,1747647682872
counter/7/0/0/0,24755:1747647670172:,1747647682872
counter/9/0/0/0,28082:1747647671284:,1747647682872
counter/9/0/0/0,28083:1747647671284:,1747647682872
counter/5/0/0/0,25208:1747647670629:,1747647682872
counter/6/0/0/0,24644:1747647671303:,1747647682872
counter/1/0/0/0,22360:1747647668498:,1747647682872
counter/3/0/0/0,22155:1747647668279:,1747647682872
counter/8/0/0/0,26007:1747647670547:,1747647682872
counter/3/0/0/0,22156:1747647668279:,1747647682872
counter/3/0/0/0,22157:1747647668279:,1747647682872
counter/3/0/0/0,22158:1747647668279:,1747647682872
counter/9/0/0/0,28084:1747647671284:,1747647682872
counter/9/0/0/0,28085:1747647671284:,1747647682872
counter/5/0/0/0,25209:1747647670629:,1747647682872
counter/2/0/0/0,27989:1747647672857:,1747647682872
counter/2/0/0/0,27990:1747647672857:,1747647682872
counter/4/0/0/0,21626:1747647668376:,1747647682872
counter/8/0/0/0,26008:1747647670547:,1747647682873
counter/4/0/0/0,21627:1747647668376:,1747647682873
counter/7/0/0/0,24756:1747647670172:,1747647682873
counter/3/0/0/0,22159:1747647668279:,1747647682873
counter/6/0/0/0,24645:1747647671303:,1747647682873
counter/5/0/0/0,25210:1747647670629:,1747647682873
counter/6/0/0/0,24646:1747647671303:,1747647682873
counter/2/0/0/0,27991:1747647672857:,1747647682873
counter/2/0/0/0,27992:1747647672857:,1747647682873
counter/8/0/0/0,26009:1747647670547:,1747647682873
counter/9/0/0/0,28086:1747647671284:,1747647682873
counter/4/0/0/0,21628:1747647668376:,1747647682873
counter/3/0/0/0,22160:1747647668279:,1747647682873
counter/4/0/0/0,21629:1747647668376:,1747647682873
counter/4/0/0/0,21630:1747647668376:,1747647682873
counter/4/0/0/0,21631:1747647668376:,1747647682873
counter/7/0/0/0,24757:1747647670188:,1747647682873
counter/2/0/0/0,27993:1747647672857:,1747647682873
counter/10/0/0/0,23395:1747647667598:,1747647682873
counter/8/0/0/0,26010:1747647670564:,1747647682873
counter/9/0/0/0,28087:1747647671284:,1747647682873
counter/5/0/0/0,25211:1747647670629:,1747647682873
counter/3/0/0/0,22161:1747647668279:,1747647682873
counter/6/0/0/0,24647:1747647671303:,1747647682873
counter/4/0/0/0,21632:1747647668377:,1747647682873
counter/4/0/0/0,21633:1747647668377:,1747647682873
counter/7/0/0/0,24758:1747647670188:,1747647682873
counter/2/0/0/0,27994:1747647672857:,1747647682873
counter/7/0/0/0,24759:1747647670188:,1747647682873
counter/8/0/0/0,26011:1747647670564:,1747647682873
counter/9/0/0/0,28088:1747647671288:,1747647682873
counter/5/0/0/0,25212:1747647670629:,1747647682873
counter/5/0/0/0,25213:1747647670636:,1747647682873
counter/5/0/0/0,25214:1747647670636:,1747647682873
counter/5/0/0/0,25215:1747647670636:,1747647682873
counter/5/0/0/0,25216:1747647670636:,1747647682874
counter/1/0/0/0,22361:1747647668498:,1747647682874
counter/2/0/0/0,27995:1747647672857:,1747647682874
counter/1/0/0/0,22362:1747647668498:,1747647682874
counter/8/0/0/0,26012:1747647670565:,1747647682874
counter/9/0/0/0,28089:1747647671288:,1747647682874
counter/3/0/0/0,22162:1747647668279:,1747647682874
counter/6/0/0/0,24648:1747647671317:,1747647682874
counter/4/0/0/0,21634:1747647668377:,1747647682874
counter/5/0/0/0,25217:1747647670638:,1747647682874
counter/4/0/0/0,21635:1747647668377:,1747647682874
counter/2/0/0/0,27996:1747647672857:,1747647682874
counter/7/0/0/0,24760:1747647670188:,1747647682874
counter/1/0/0/0,22363:1747647668502:,1747647682874
counter/8/0/0/0,26013:1747647670565:,1747647682874
counter/9/0/0/0,28090:1747647671288:,1747647682874
counter/3/0/0/0,22163:1747647668279:,1747647682874
counter/6/0/0/0,24649:1747647671317:,1747647682874
counter/5/0/0/0,25218:1747647670638:,1747647682874
counter/10/0/0/0,23396:1747647667598:,1747647682874
counter/4/0/0/0,21636:1747647668377:,1747647682874
counter/2/0/0/0,27997:1747647672857:,1747647682874
counter/4/0/0/0,21637:1747647668377:,1747647682874
counter/4/0/0/0,21638:1747647668377:,1747647682874
counter/8/0/0/0,26014:1747647670565:,1747647682874
counter/9/0/0/0,28091:1747647671288:,1747647682874
counter/9/0/0/0,28092:1747647671290:,1747647682874
counter/5/0/0/0,25219:1747647670638:,1747647682874
counter/5/0/0/0,25220:1747647670638:,1747647682874
counter/6/0/0/0,24650:1747647671317:,1747647682874
counter/6/0/0/0,24651:1747647671317:,1747647682874
counter/2/0/0/0,27998:1747647672862:,1747647682874
counter/4/0/0/0,21639:1747647668377:,1747647682874
counter/4/0/0/0,21640:1747647668377:,1747647682874
counter/8/0/0/0,26015:1747647670565:,1747647682874
counter/1/0/0/0,22364:1747647668502:,1747647682874
counter/9/0/0/0,28093:1747647671290:,1747647682874
counter/4/0/0/0,21641:1747647668378:,1747647682874
counter/10/0/0/0,23397:1747647667598:,1747647682874
counter/1/0/0/0,22365:1747647668502:,1747647682874
counter/7/0/0/0,24761:1747647670188:,1747647682875
counter/2/0/0/0,27999:1747647672862:,1747647682875
counter/7/0/0/0,24762:1747647670188:,1747647682875
counter/8/0/0/0,26016:1747647670565:,1747647682875
counter/7/0/0/0,24763:1747647670188:,1747647682875
counter/9/0/0/0,28094:1747647671290:,1747647682875
counter/4/0/0/0,21642:1747647668378:,1747647682875
counter/6/0/0/0,24652:1747647671319:,1747647682875
counter/10/0/0/0,23398:1747647667599:,1747647682875
counter/6/0/0/0,24653:1747647671319:,1747647682875
counter/3/0/0/0,22164:1747647668279:,1747647682875
counter/2/0/0/0,28000:1747647672865:,1747647682875
counter/8/0/0/0,26017:1747647670566:,1747647682875
counter/8/0/0/0,26018:1747647670566:,1747647682875
counter/8/0/0/0,26019:1747647670566:,1747647682875
counter/9/0/0/0,28095:1747647671290:,1747647682875
counter/4/0/0/0,21643:1747647668378:,1747647682875
counter/4/0/0/0,21644:1747647668378:,1747647682875
counter/10/0/0/0,23399:1747647667599:,1747647682875
counter/1/0/0/0,22366:1747647668502:,1747647682875
counter/3/0/0/0,22165:1747647668279:,1747647682875
counter/2/0/0/0,28001:1747647672865:,1747647682875
counter/7/0/0/0,24764:1747647670188:,1747647682875
counter/8/0/0/0,26020:1747647670566:,1747647682875
counter/7/0/0/0,24765:1747647670188:,1747647682875
counter/9/0/0/0,28096:1747647671290:,1747647682875
counter/4/0/0/0,21645:1747647668379:,1747647682875
counter/6/0/0/0,24654:1747647671319:,1747647682875
counter/10/0/0/0,23400:1747647667599:,1747647682875
counter/1/0/0/0,22367:1747647668503:,1747647682875
counter/3/0/0/0,22166:1747647668280:,1747647682875
counter/2/0/0/0,28002:1747647672865:,1747647682875
counter/8/0/0/0,26021:1747647670568:,1747647682875
counter/8/0/0/0,26022:1747647670568:,1747647682875
counter/8/0/0/0,26023:1747647670568:,1747647682875
counter/9/0/0/0,28097:1747647671290:,1747647682875
counter/4/0/0/0,21646:1747647668379:,1747647682875
counter/6/0/0/0,24655:1747647671319:,1747647682875
counter/10/0/0/0,23401:1747647667599:,1747647682876
counter/1/0/0/0,22368:1747647668503:,1747647682876
counter/3/0/0/0,22167:1747647668280:,1747647682876
counter/2/0/0/0,28003:1747647672865:,1747647682876
counter/2/0/0/0,28004:1747647672865:,1747647682876
counter/2/0/0/0,28005:1747647672865:,1747647682876
counter/5/0/0/0,25221:1747647670638:,1747647682876
counter/9/0/0/0,28098:1747647671290:,1747647682876
counter/4/0/0/0,21647:1747647668379:,1747647682876
counter/6/0/0/0,24656:1747647671319:,1747647682876
counter/10/0/0/0,23402:1747647667599:,1747647682876
counter/1/0/0/0,22369:1747647668503:,1747647682876
counter/3/0/0/0,22168:1747647668280:,1747647682876
counter/7/0/0/0,24766:1747647670188:,1747647682876
counter/8/0/0/0,26024:1747647670568:,1747647682876
counter/7/0/0/0,24767:1747647670188:,1747647682876
counter/5/0/0/0,25222:1747647670638:,1747647682876
counter/9/0/0/0,28099:1747647671290:,1747647682876
counter/4/0/0/0,21648:1747647668379:,1747647682876
counter/6/0/0/0,24657:1747647671320:,1747647682876
counter/10/0/0/0,23403:1747647667599:,1747647682876
counter/1/0/0/0,22370:1747647668526:,1747647682876
counter/3/0/0/0,22169:1747647668280:,1747647682876
counter/8/0/0/0,26025:1747647670568:,1747647682876
counter/2/0/0/0,28006:1747647672865:,1747647682876
counter/2/0/0/0,28007:1747647672865:,1747647682876
counter/5/0/0/0,25223:1747647670638:,1747647682876
counter/9/0/0/0,28100:1747647671290:,1747647682876
counter/4/0/0/0,21649:1747647668382:,1747647682876
counter/6/0/0/0,24658:1747647671320:,1747647682876
counter/10/0/0/0,23404:1747647667599:,1747647682876
counter/1/0/0/0,22371:1747647668526:,1747647682876
counter/3/0/0/0,22170:1747647668280:,1747647682876
counter/8/0/0/0,26026:1747647670568:,1747647682876
counter/7/0/0/0,24768:1747647670203:,1747647682876
counter/2/0/0/0,28008:1747647672865:,1747647682876
counter/7/0/0/0,24769:1747647670203:,1747647682876
counter/9/0/0/0,28101:1747647671290:,1747647682876
counter/4/0/0/0,21650:1747647668382:,1747647682876
counter/6/0/0/0,24659:1747647671320:,1747647682877
counter/10/0/0/0,23405:1747647667599:,1747647682877
counter/1/0/0/0,22372:1747647668526:,1747647682877
counter/3/0/0/0,22171:1747647668280:,1747647682877
counter/8/0/0/0,26027:1747647670568:,1747647682877
counter/8/0/0/0,26028:1747647670568:,1747647682877
counter/2/0/0/0,28009:1747647672865:,1747647682877
counter/7/0/0/0,24770:1747647670204:,1747647682877
counter/9/0/0/0,28102:1747647671290:,1747647682877
counter/4/0/0/0,21651:1747647668382:,1747647682877
counter/6/0/0/0,24660:1747647671320:,1747647682877
counter/10/0/0/0,23406:1747647667599:,1747647682877
counter/1/0/0/0,22373:1747647668547:,1747647682877
counter/3/0/0/0,22172:1747647668281:,1747647682877
counter/8/0/0/0,26029:1747647670572:,1747647682877
counter/8/0/0/0,26030:1747647670572:,1747647682877
counter/8/0/0/0,26031:1747647670572:,1747647682877
counter/8/0/0/0,26032:1747647670572:,1747647682877
counter/7/0/0/0,24771:1747647670204:,1747647682877
counter/4/0/0/0,21652:1747647668382:,1747647682877
counter/6/0/0/0,24661:1747647671320:,1747647682877
counter/10/0/0/0,23407:1747647667599:,1747647682877
counter/1/0/0/0,22374:1747647668547:,1747647682877
counter/3/0/0/0,22173:1747647668281:,1747647682877
counter/1/0/0/0,22375:1747647668547:,1747647682877
counter/8/0/0/0,26033:1747647670572:,1747647682877
counter/9/0/0/0,28103:1747647671299:,1747647682877
counter/5/0/0/0,25224:1747647670638:,1747647682877
counter/5/0/0/0,25225:1747647670638:,1747647682877
counter/5/0/0/0,25226:1747647670640:,1747647682877
counter/6/0/0/0,24662:1747647671320:,1747647682877
counter/10/0/0/0,23408:1747647667599:,1747647682877
counter/2/0/0/0,28010:1747647672865:,1747647682877
counter/10/0/0/0,23409:1747647667599:,1747647682877
counter/1/0/0/0,22376:1747647668547:,1747647682877
counter/8/0/0/0,26034:1747647670572:,1747647682877
counter/9/0/0/0,28104:1747647671300:,1747647682877
counter/9/0/0/0,28105:1747647671300:,1747647682877
counter/4/0/0/0,21653:1747647668382:,1747647682877
counter/5/0/0/0,25227:1747647670640:,1747647682877
counter/4/0/0/0,21654:1747647668382:,1747647682878
counter/3/0/0/0,22174:1747647668281:,1747647682878
counter/2/0/0/0,28011:1747647672865:,1747647682878
counter/3/0/0/0,22175:1747647668281:,1747647682878
counter/1/0/0/0,22377:1747647668547:,1747647682878
counter/8/0/0/0,26035:1747647670572:,1747647682878
counter/1/0/0/0,22378:1747647668547:,1747647682878
counter/9/0/0/0,28106:1747647671300:,1747647682878
counter/1/0/0/0,22379:1747647668547:,1747647682878
counter/5/0/0/0,25228:1747647670640:,1747647682878
counter/4/0/0/0,21655:1747647668382:,1747647682878
counter/2/0/0/0,28012:1747647672865:,1747647682878
counter/10/0/0/0,23410:1747647667599:,1747647682878
counter/3/0/0/0,22176:1747647668281:,1747647682878
counter/7/0/0/0,24772:1747647670204:,1747647682878
counter/8/0/0/0,26036:1747647670572:,1747647682878
counter/7/0/0/0,24773:1747647670208:,1747647682878
counter/9/0/0/0,28107:1747647671300:,1747647682878
counter/1/0/0/0,22380:1747647668547:,1747647682878
counter/5/0/0/0,25229:1747647670640:,1747647682878
counter/1/0/0/0,22381:1747647668560:,1747647682878
counter/2/0/0/0,28013:1747647672865:,1747647682878
counter/4/0/0/0,21656:1747647668382:,1747647682878
counter/3/0/0/0,22177:1747647668281:,1747647682878
counter/8/0/0/0,26037:1747647670572:,1747647682878
counter/8/0/0/0,26038:1747647670572:,1747647682878
counter/9/0/0/0,28108:1747647671300:,1747647682878
counter/6/0/0/0,24663:1747647671322:,1747647682878
counter/5/0/0/0,25230:1747647670641:,1747647682878
counter/6/0/0/0,24664:1747647671323:,1747647682878
counter/2/0/0/0,28014:1747647672865:,1747647682878
counter/2/0/0/0,28015:1747647672865:,1747647682878
counter/2/0/0/0,28016:1747647672868:,1747647682878
counter/4/0/0/0,21657:1747647668382:,1747647682878
counter/7/0/0/0,24774:1747647670208:,1747647682879
counter/8/0/0/0,26039:1747647670572:,1747647682879
counter/9/0/0/0,28109:1747647671303:,1747647682879
counter/5/0/0/0,25231:1747647670641:,1747647682879
counter/5/0/0/0,25232:1747647670641:,1747647682879
counter/5/0/0/0,25233:1747647670641:,1747647682879
counter/5/0/0/0,25234:1747647670641:,1747647682879
counter/5/0/0/0,25235:1747647670641:,1747647682879
counter/3/0/0/0,22178:1747647668282:,1747647682879
counter/4/0/0/0,21658:1747647668386:,1747647682879
counter/7/0/0/0,24775:1747647670208:,1747647682879
counter/4/0/0/0,21659:1747647668386:,1747647682879
counter/9/0/0/0,28110:1747647671303:,1747647682879
counter/6/0/0/0,24665:1747647671323:,1747647682879
counter/2/0/0/0,28017:1747647672869:,1747647682879
counter/6/0/0/0,24666:1747647671323:,1747647682879
counter/5/0/0/0,25236:1747647670641:,1747647682879
counter/6/0/0/0,24667:1747647671323:,1747647682879
counter/3/0/0/0,22179:1747647668282:,1747647682879
counter/8/0/0/0,26040:1747647670572:,1747647682879
counter/3/0/0/0,22180:1747647668282:,1747647682879
counter/9/0/0/0,28111:1747647671303:,1747647682879
counter/9/0/0/0,28112:1747647671303:,1747647682879
counter/4/0/0/0,21660:1747647668386:,1747647682879
counter/4/0/0/0,21661:1747647668386:,1747647682879
counter/5/0/0/0,25237:1747647670643:,1747647682879
counter/10/0/0/0,23411:1747647667599:,1747647682879
counter/10/0/0/0,23412:1747647667605:,1747647682879
counter/8/0/0/0,26041:1747647670572:,1747647682879
counter/7/0/0/0,24776:1747647670208:,1747647682879
counter/3/0/0/0,22181:1747647668282:,1747647682879
counter/7/0/0/0,24777:1747647670209:,1747647682879
counter/9/0/0/0,28113:1747647671303:,1747647682879
counter/5/0/0/0,25238:1747647670643:,1747647682879
counter/9/0/0/0,28114:1747647671303:,1747647682879
counter/9/0/0/0,28115:1747647671303:,1747647682879
counter/9/0/0/0,28116:1747647671307:,1747647682879
counter/9/0/0/0,28117:1747647671307:,1747647682879
counter/1/0/0/0,22382:1747647668560:,1747647682880
counter/2/0/0/0,28018:1747647672869:,1747647682880
counter/2/0/0/0,28019:1747647672869:,1747647682880
counter/2/0/0/0,28020:1747647672869:,1747647682880
counter/5/0/0/0,25239:1747647670643:,1747647682880
counter/5/0/0/0,25240:1747647670643:,1747647682880
counter/5/0/0/0,25241:1747647670643:,1747647682880
counter/5/0/0/0,25242:1747647670643:,1747647682880
counter/5/0/0/0,25243:1747647670643:,1747647682880
counter/5/0/0/0,25244:1747647670643:,1747647682880
counter/5/0/0/0,25245:1747647670643:,1747647682880
counter/5/0/0/0,25246:1747647670643:,1747647682880
counter/5/0/0/0,25247:1747647670643:,1747647682880
counter/5/0/0/0,25248:1747647670643:,1747647682880
counter/5/0/0/0,25249:1747647670643:,1747647682880
counter/1/0/0/0,22383:1747647668560:,1747647682880
counter/10/0/0/0,23413:1747647667606:,1747647682880
counter/9/0/0/0,28118:1747647671307:,1747647682880
counter/3/0/0/0,22182:1747647668282:,1747647682880
counter/7/0/0/0,24778:1747647670209:,1747647682880
counter/2/0/0/0,28021:1747647672869:,1747647682880
counter/8/0/0/0,26042:1747647670572:,1747647682880
counter/8/0/0/0,26043:1747647670572:,1747647682880
counter/8/0/0/0,26044:1747647670573:,1747647682880
counter/8/0/0/0,26045:1747647670573:,1747647682880
counter/1/0/0/0,22384:1747647668560:,1747647682880
counter/1/0/0/0,22385:1747647668560:,1747647682880
counter/9/0/0/0,28119:1747647671307:,1747647682880
counter/9/0/0/0,28120:1747647671307:,1747647682880
counter/4/0/0/0,21662:1747647668386:,1747647682880
counter/2/0/0/0,28022:1747647672870:,1747647682880
counter/6/0/0/0,24668:1747647671323:,1747647682880
counter/8/0/0/0,26046:1747647670573:,1747647682880
counter/6/0/0/0,24669:1747647671323:,1747647682880
counter/10/0/0/0,23414:1747647667606:,1747647682880
counter/3/0/0/0,22183:1747647668282:,1747647682880
counter/3/0/0/0,22184:1747647668282:,1747647682881
counter/3/0/0/0,22185:1747647668282:,1747647682881
counter/3/0/0/0,22186:1747647668282:,1747647682881
counter/2/0/0/0,28023:1747647672870:,1747647682881
counter/3/0/0/0,22187:1747647668282:,1747647682881
counter/8/0/0/0,26047:1747647670573:,1747647682881
counter/8/0/0/0,26048:1747647670573:,1747647682881
counter/8/0/0/0,26049:1747647670573:,1747647682881
counter/6/0/0/0,24670:1747647671323:,1747647682881
counter/1/0/0/0,22386:1747647668560:,1747647682881
counter/7/0/0/0,24779:1747647670210:,1747647682881
counter/2/0/0/0,28024:1747647672870:,1747647682881
counter/2/0/0/0,28025:1747647672870:,1747647682881
counter/1/0/0/0,22387:1747647668560:,1747647682881
counter/4/0/0/0,21663:1747647668386:,1747647682881
counter/8/0/0/0,26050:1747647670573:,1747647682881
counter/8/0/0/0,26051:1747647670573:,1747647682881
counter/8/0/0/0,26052:1747647670573:,1747647682881
counter/8/0/0/0,26053:1747647670573:,1747647682881
counter/9/0/0/0,28121:1747647671307:,1747647682881
counter/8/0/0/0,26054:1747647670573:,1747647682881
counter/2/0/0/0,28026:1747647672870:,1747647682881
counter/3/0/0/0,22188:1747647668282:,1747647682881
counter/10/0/0/0,23415:1747647667606:,1747647682881
counter/4/0/0/0,21664:1747647668386:,1747647682881
counter/4/0/0/0,21665:1747647668386:,1747647682881
counter/9/0/0/0,28122:1747647671307:,1747647682881
counter/4/0/0/0,21666:1747647668386:,1747647682881
counter/7/0/0/0,24780:1747647670210:,1747647682881
counter/8/0/0/0,26055:1747647670573:,1747647682881
counter/7/0/0/0,24781:1747647670210:,1747647682881
counter/2/0/0/0,28027:1747647672870:,1747647682881
counter/6/0/0/0,24671:1747647671323:,1747647682881
counter/3/0/0/0,22189:1747647668282:,1747647682881
counter/9/0/0/0,28123:1747647671307:,1747647682881
counter/3/0/0/0,22190:1747647668282:,1747647682881
counter/1/0/0/0,22388:1747647668560:,1747647682881
counter/8/0/0/0,26056:1747647670573:,1747647682882
counter/4/0/0/0,21667:1747647668386:,1747647682882
counter/7/0/0/0,24782:1747647670220:,1747647682882
counter/2/0/0/0,28028:1747647672870:,1747647682882
counter/2/0/0/0,28029:1747647672870:,1747647682882
counter/10/0/0/0,23416:1747647667606:,1747647682882
counter/3/0/0/0,22191:1747647668282:,1747647682882
counter/10/0/0/0,23417:1747647667606:,1747647682882
counter/3/0/0/0,22192:1747647668282:,1747647682882
counter/8/0/0/0,26057:1747647670573:,1747647682882
counter/3/0/0/0,22193:1747647668282:,1747647682882
counter/3/0/0/0,22194:1747647668282:,1747647682882
counter/3/0/0/0,22195:1747647668282:,1747647682882
counter/2/0/0/0,28030:1747647672878:,1747647682882
counter/6/0/0/0,24672:1747647671323:,1747647682882
counter/9/0/0/0,28124:1747647671307:,1747647682882
counter/6/0/0/0,24673:1747647671323:,1747647682882
counter/6/0/0/0,24674:1747647671329:,1747647682882
counter/8/0/0/0,26058:1747647670573:,1747647682882
counter/8/0/0/0,26059:1747647670573:,1747647682882
counter/8/0/0/0,26060:1747647670573:,1747647682882
counter/8/0/0/0,26061:1747647670573:,1747647682882
counter/7/0/0/0,24783:1747647670233:,1747647682882
counter/2/0/0/0,28031:1747647672878:,1747647682882
counter/7/0/0/0,24784:1747647670233:,1747647682882
counter/10/0/0/0,23418:1747647667606:,1747647682882
counter/1/0/0/0,22389:1747647668560:,1747647682882
counter/6/0/0/0,24675:1747647671333:,1747647682882
counter/4/0/0/0,21668:1747647668386:,1747647682882
counter/6/0/0/0,24676:1747647671333:,1747647682882
counter/3/0/0/0,22196:1747647668282:,1747647682882
counter/5/0/0/0,25250:1747647670643:,1747647682882
counter/2/0/0/0,28032:1747647672878:,1747647682882
counter/2/0/0/0,28033:1747647672878:,1747647682882
counter/2/0/0/0,28034:1747647672879:,1747647682882
counter/7/0/0/0,24785:1747647670233:,1747647682882
counter/10/0/0/0,23419:1747647667606:,1747647682882
counter/4/0/0/0,21669:1747647668387:,1747647682882
counter/6/0/0/0,24677:1747647671333:,1747647682882
counter/8/0/0/0,26062:1747647670573:,1747647682882
counter/6/0/0/0,24678:1747647671333:,1747647682882
counter/3/0/0/0,22197:1747647668282:,1747647682882
counter/9/0/0/0,28125:1747647671307:,1747647682883
counter/9/0/0/0,28126:1747647671307:,1747647682883
counter/2/0/0/0,28035:1747647672879:,1747647682883
counter/9/0/0/0,28127:1747647671310:,1747647682883
counter/9/0/0/0,28128:1747647671310:,1747647682883
counter/9/0/0/0,28129:1747647671310:,1747647682883
counter/9/0/0/0,28130:1747647671310:,1747647682883
counter/5/0/0/0,25251:1747647670643:,1747647682883
counter/2/0/0/0,28036:1747647672883:,1747647682883
counter/3/0/0/0,22198:1747647668282:,1747647682883
counter/1/0/0/0,22390:1747647668560:,1747647682883
counter/7/0/0/0,24786:1747647670233:,1747647682883
counter/10/0/0/0,23420:1747647667606:,1747647682883
counter/7/0/0/0,24787:1747647670233:,1747647682883
counter/8/0/0/0,26063:1747647670573:,1747647682883
counter/9/0/0/0,28131:1747647671310:,1747647682883
counter/5/0/0/0,25252:1747647670643:,1747647682883
counter/9/0/0/0,28132:1747647671310:,1747647682883
counter/9/0/0/0,28133:1747647671310:,1747647682883
counter/9/0/0/0,28134:1747647671310:,1747647682883
counter/9/0/0/0,28135:1747647671310:,1747647682883
counter/9/0/0/0,28136:1747647671311:,1747647682883
counter/9/0/0/0,28137:1747647671311:,1747647682883
counter/9/0/0/0,28138:1747647671311:,1747647682883
counter/8/0/0/0,26064:1747647670573:,1747647682883
counter/6/0/0/0,24679:1747647671333:,1747647682883
counter/5/0/0/0,25253:1747647670643:,1747647682883
counter/1/0/0/0,22391:1747647668560:,1747647682883
counter/1/0/0/0,22392:1747647668560:,1747647682883
counter/3/0/0/0,22199:1747647668282:,1747647682883
counter/10/0/0/0,23421:1747647667606:,1747647682883
counter/3/0/0/0,22200:1747647668282:,1747647682883
counter/9/0/0/0,28139:1747647671311:,1747647682883
counter/9/0/0/0,28140:1747647671311:,1747647682883
counter/9/0/0/0,28141:1747647671311:,1747647682883
counter/6/0/0/0,24680:1747647671333:,1747647682884
counter/5/0/0/0,25254:1747647670643:,1747647682884
counter/1/0/0/0,22393:1747647668560:,1747647682884
counter/1/0/0/0,22394:1747647668560:,1747647682884
counter/7/0/0/0,24788:1747647670233:,1747647682884
counter/10/0/0/0,23422:1747647667606:,1747647682884
counter/3/0/0/0,22201:1747647668282:,1747647682884
counter/8/0/0/0,26065:1747647670573:,1747647682884
counter/3/0/0/0,22202:1747647668282:,1747647682884
counter/2/0/0/0,28037:1747647672883:,1747647682884
counter/5/0/0/0,25255:1747647670643:,1747647682884
counter/5/0/0/0,25256:1747647670643:,1747647682884
counter/5/0/0/0,25257:1747647670643:,1747647682884
counter/5/0/0/0,25258:1747647670643:,1747647682884
counter/4/0/0/0,21670:1747647668387:,1747647682884
counter/10/0/0/0,23423:1747647667606:,1747647682884
counter/8/0/0/0,26066:1747647670573:,1747647682884
counter/10/0/0/0,23424:1747647667606:,1747647682884
counter/9/0/0/0,28142:1747647671311:,1747647682884
counter/9/0/0/0,28143:1747647671311:,1747647682884
counter/9/0/0/0,28144:1747647671311:,1747647682884
counter/5/0/0/0,25259:1747647670643:,1747647682884
counter/7/0/0/0,24789:1747647670233:,1747647682884
counter/4/0/0/0,21671:1747647668387:,1747647682884
counter/7/0/0/0,24790:1747647670234:,1747647682884
counter/8/0/0/0,26067:1747647670573:,1747647682884
counter/7/0/0/0,24791:1747647670234:,1747647682884
counter/10/0/0/0,23425:1747647667606:,1747647682884
counter/6/0/0/0,24681:1747647671340:,1747647682884
counter/9/0/0/0,28145:1747647671311:,1747647682884
counter/9/0/0/0,28146:1747647671311:,1747647682884
counter/9/0/0/0,28147:1747647671312:,1747647682884
counter/9/0/0/0,28148:1747647671312:,1747647682884
counter/9/0/0/0,28149:1747647671312:,1747647682884
counter/8/0/0/0,26068:1747647670573:,1747647682884
counter/8/0/0/0,26069:1747647670573:,1747647682884
counter/7/0/0/0,24792:1747647670234:,1747647682884
counter/8/0/0/0,26070:1747647670573:,1747647682884
counter/8/0/0/0,26071:1747647670573:,1747647682884
counter/4/0/0/0,21672:1747647668396:,1747647682884
counter/9/0/0/0,28150:1747647671312:,1747647682884
counter/8/0/0/0,26072:1747647670573:,1747647682885
counter/4/0/0/0,21673:1747647668397:,1747647682885
counter/4/0/0/0,21674:1747647668397:,1747647682885
counter/4/0/0/0,21675:1747647668397:,1747647682885
counter/4/0/0/0,21676:1747647668397:,1747647682885
counter/4/0/0/0,21677:1747647668397:,1747647682885
counter/4/0/0/0,21678:1747647668398:,1747647682885
counter/4/0/0/0,21679:1747647668398:,1747647682885
counter/4/0/0/0,21680:1747647668398:,1747647682885
counter/4/0/0/0,21681:1747647668398:,1747647682885
counter/2/0/0/0,28038:1747647672883:,1747647682885
counter/3/0/0/0,22203:1747647668282:,1747647682885
counter/10/0/0/0,23426:1747647667606:,1747647682885
counter/8/0/0/0,26073:1747647670573:,1747647682885
counter/8/0/0/0,26074:1747647670573:,1747647682885
counter/8/0/0/0,26075:1747647670574:,1747647682885
counter/8/0/0/0,26076:1747647670574:,1747647682885
counter/8/0/0/0,26077:1747647670574:,1747647682885
counter/8/0/0/0,26078:1747647670577:,1747647682885
counter/8/0/0/0,26079:1747647670578:,1747647682885
counter/8/0/0/0,26080:1747647670578:,1747647682885
counter/8/0/0/0,26081:1747647670578:,1747647682885
counter/8/0/0/0,26082:1747647670578:,1747647682885
counter/8/0/0/0,26083:1747647670588:,1747647682885
counter/8/0/0/0,26084:1747647670588:,1747647682885
counter/9/0/0/0,28151:1747647671312:,1747647682885
counter/8/0/0/0,26085:1747647670588:,1747647682885
counter/5/0/0/0,25260:1747647670643:,1747647682885
counter/2/0/0/0,28039:1747647672883:,1747647682885
counter/4/0/0/0,21682:1747647668398:,1747647682885
counter/3/0/0/0,22204:1747647668282:,1747647682885
counter/10/0/0/0,23427:1747647667606:,1747647682885
counter/6/0/0/0,24682:1747647671340:,1747647682885
counter/6/0/0/0,24683:1747647671340:,1747647682885
counter/1/0/0/0,22395:1747647668560:,1747647682885
counter/9/0/0/0,28152:1747647671312:,1747647682885
counter/1/0/0/0,22396:1747647668560:,1747647682885
counter/8/0/0/0,26086:1747647670588:,1747647682885
counter/2/0/0/0,28040:1747647672883:,1747647682885
counter/4/0/0/0,21683:1747647668398:,1747647682885
counter/3/0/0/0,22205:1747647668282:,1747647682886
counter/4/0/0/0,21684:1747647668398:,1747647682886
counter/3/0/0/0,22206:1747647668283:,1747647682886
counter/7/0/0/0,24793:1747647670234:,1747647682886
counter/9/0/0/0,28153:1747647671312:,1747647682886
counter/5/0/0/0,25261:1747647670643:,1747647682886
counter/1/0/0/0,22397:1747647668561:,1747647682886
counter/8/0/0/0,26087:1747647670588:,1747647682886
counter/2/0/0/0,28041:1747647672883:,1747647682886
counter/10/0/0/0,23428:1747647667606:,1747647682886
counter/6/0/0/0,24684:1747647671340:,1747647682886
counter/4/0/0/0,21685:1747647668398:,1747647682886
counter/6/0/0/0,24685:1747647671346:,1747647682886
counter/6/0/0/0,24686:1747647671350:,1747647682886
counter/9/0/0/0,28154:1747647671312:,1747647682886
counter/6/0/0/0,24687:1747647671350:,1747647682886
counter/1/0/0/0,22398:1747647668561:,1747647682886
counter/8/0/0/0,26088:1747647670588:,1747647682886
counter/2/0/0/0,28042:1747647672883:,1747647682886
counter/2/0/0/0,28043:1747647672883:,1747647682886
counter/2/0/0/0,28044:1747647672883:,1747647682886
counter/2/0/0/0,28045:1747647672883:,1747647682886
counter/2/0/0/0,28046:1747647672883:,1747647682886
counter/2/0/0/0,28047:1747647672883:,1747647682886
counter/2/0/0/0,28048:1747647672892:,1747647682886
counter/2/0/0/0,28049:1747647672895:,1747647682886
counter/2/0/0/0,28050:1747647672895:,1747647682886
counter/2/0/0/0,28051:1747647672895:,1747647682886
counter/2/0/0/0,28052:1747647672895:,1747647682886
counter/2/0/0/0,28053:1747647672895:,1747647682886
counter/2/0/0/0,28054:1747647672895:,1747647682886
counter/2/0/0/0,28055:1747647672895:,1747647682886
counter/2/0/0/0,28056:1747647672895:,1747647682886
counter/2/0/0/0,28057:1747647672902:,1747647682886
counter/2/0/0/0,28058:1747647672902:,1747647682886
counter/2/0/0/0,28059:1747647672903:,1747647682886
counter/2/0/0/0,28060:1747647672903:,1747647682886
counter/2/0/0/0,28061:1747647672907:,1747647682887
counter/4/0/0/0,21686:1747647668398:,1747647682887
counter/5/0/0/0,25262:1747647670643:,1747647682887
counter/4/0/0/0,21687:1747647668406:,1747647682887
counter/4/0/0/0,21688:1747647668406:,1747647682887
counter/4/0/0/0,21689:1747647668406:,1747647682887
counter/4/0/0/0,21690:1747647668406:,1747647682887
counter/4/0/0/0,21691:1747647668406:,1747647682887
counter/4/0/0/0,21692:1747647668406:,1747647682887
counter/4/0/0/0,21693:1747647668406:,1747647682887
counter/9/0/0/0,28155:1747647671312:,1747647682887
counter/5/0/0/0,25263:1747647670644:,1747647682887
counter/9/0/0/0,28156:1747647671312:,1747647682887
counter/6/0/0/0,24688:1747647671350:,1747647682887
counter/8/0/0/0,26089:1747647670588:,1747647682887
counter/10/0/0/0,23429:1747647667613:,1747647682887
counter/3/0/0/0,22207:1747647668283:,1747647682887
counter/2/0/0/0,28062:1747647672908:,1747647682887
counter/4/0/0/0,21694:1747647668406:,1747647682887
counter/4/0/0/0,21695:1747647668406:,1747647682887
counter/5/0/0/0,25264:1747647670644:,1747647682887
counter/4/0/0/0,21696:1747647668406:,1747647682887
counter/9/0/0/0,28157:1747647671312:,1747647682887
counter/4/0/0/0,21697:1747647668406:,1747647682887
counter/6/0/0/0,24689:1747647671350:,1747647682887
counter/10/0/0/0,23430:1747647667613:,1747647682887
counter/3/0/0/0,22208:1747647668283:,1747647682887
counter/2/0/0/0,28063:1747647672908:,1747647682887
counter/5/0/0/0,25265:1747647670644:,1747647682887
counter/5/0/0/0,25266:1747647670644:,1747647682887
counter/5/0/0/0,25267:1747647670644:,1747647682887
counter/9/0/0/0,28158:1747647671312:,1747647682887
counter/4/0/0/0,21698:1747647668406:,1747647682887
counter/4/0/0/0,21699:1747647668407:,1747647682887
counter/6/0/0/0,24690:1747647671350:,1747647682887
counter/10/0/0/0,23431:1747647667613:,1747647682887
counter/3/0/0/0,22209:1747647668283:,1747647682887
counter/2/0/0/0,28064:1747647672908:,1747647682887
counter/7/0/0/0,24794:1747647670237:,1747647682888
counter/5/0/0/0,25268:1747647670644:,1747647682888
counter/5/0/0/0,25269:1747647670644:,1747647682888
counter/5/0/0/0,25270:1747647670644:,1747647682888
counter/5/0/0/0,25271:1747647670644:,1747647682888
counter/4/0/0/0,21700:1747647668410:,1747647682888
counter/6/0/0/0,24691:1747647671350:,1747647682888
counter/10/0/0/0,23432:1747647667613:,1747647682888
counter/3/0/0/0,22210:1747647668283:,1747647682888
counter/2/0/0/0,28065:1747647672908:,1747647682888
counter/7/0/0/0,24795:1747647670237:,1747647682888
counter/9/0/0/0,28159:1747647671312:,1747647682888
counter/7/0/0/0,24796:1747647670237:,1747647682888
counter/8/0/0/0,26090:1747647670588:,1747647682888
counter/7/0/0/0,24797:1747647670237:,1747647682888
counter/1/0/0/0,22399:1747647668561:,1747647682888
counter/6/0/0/0,24692:1747647671350:,1747647682888
counter/10/0/0/0,23433:1747647667613:,1747647682888
counter/3/0/0/0,22211:1747647668283:,1747647682888
counter/2/0/0/0,28066:1747647672908:,1747647682888
counter/5/0/0/0,25272:1747647670648:,1747647682888
counter/9/0/0/0,28160:1747647671312:,1747647682888
counter/4/0/0/0,21701:1747647668410:,1747647682888
counter/8/0/0/0,26091:1747647670588:,1747647682888
counter/4/0/0/0,21702:1747647668410:,1747647682888
counter/4/0/0/0,21703:1747647668410:,1747647682888
counter/6/0/0/0,24693:1747647671350:,1747647682888
counter/10/0/0/0,23434:1747647667613:,1747647682888
counter/6/0/0/0,24694:1747647671350:,1747647682888
counter/2/0/0/0,28067:1747647672908:,1747647682888
counter/5/0/0/0,25273:1747647670648:,1747647682888
counter/9/0/0/0,28161:1747647671312:,1747647682888
counter/8/0/0/0,26092:1747647670588:,1747647682888
counter/8/0/0/0,26093:1747647670588:,1747647682888
counter/4/0/0/0,21704:1747647668410:,1747647682888
counter/4/0/0/0,21705:1747647668416:,1747647682888
counter/3/0/0/0,22212:1747647668286:,1747647682888
counter/1/0/0/0,22400:1747647668561:,1747647682888
counter/6/0/0/0,24695:1747647671350:,1747647682888
counter/2/0/0/0,28068:1747647672908:,1747647682889
counter/6/0/0/0,24696:1747647671350:,1747647682889
counter/9/0/0/0,28162:1747647671312:,1747647682889
counter/7/0/0/0,24798:1747647670237:,1747647682889
counter/8/0/0/0,26094:1747647670588:,1747647682889
counter/7/0/0/0,24799:1747647670237:,1747647682889
counter/3/0/0/0,22213:1747647668286:,1747647682889
counter/1/0/0/0,22401:1747647668561:,1747647682889
counter/1/0/0/0,22402:1747647668561:,1747647682889
counter/5/0/0/0,25274:1747647670648:,1747647682889
counter/5/0/0/0,25275:1747647670648:,1747647682889
counter/9/0/0/0,28163:1747647671312:,1747647682889
counter/10/0/0/0,23435:1747647667613:,1747647682889
counter/8/0/0/0,26095:1747647670588:,1747647682889
counter/10/0/0/0,23436:1747647667613:,1747647682889
counter/10/0/0/0,23437:1747647667613:,1747647682889
counter/10/0/0/0,23438:1747647667613:,1747647682889
counter/10/0/0/0,23439:1747647667613:,1747647682889
counter/10/0/0/0,23440:1747647667614:,1747647682889
counter/10/0/0/0,23441:1747647667614:,1747647682889
counter/10/0/0/0,23442:1747647667614:,1747647682889
counter/2/0/0/0,28069:1747647672908:,1747647682889
counter/8/0/0/0,26096:1747647670588:,1747647682889
counter/8/0/0/0,26097:1747647670591:,1747647682889
counter/7/0/0/0,24800:1747647670237:,1747647682889
counter/3/0/0/0,22214:1747647668286:,1747647682889
counter/7/0/0/0,24801:1747647670237:,1747647682889
counter/4/0/0/0,21706:1747647668416:,1747647682889
counter/9/0/0/0,28164:1747647671312:,1747647682889
counter/4/0/0/0,21707:1747647668416:,1747647682889
counter/10/0/0/0,23443:1747647667614:,1747647682889
counter/2/0/0/0,28070:1747647672908:,1747647682889
counter/8/0/0/0,26098:1747647670591:,1747647682889
counter/8/0/0/0,26099:1747647670591:,1747647682889
counter/8/0/0/0,26100:1747647670591:,1747647682889
counter/8/0/0/0,26101:1747647670591:,1747647682889
counter/8/0/0/0,26102:1747647670591:,1747647682889
counter/8/0/0/0,26103:1747647670591:,1747647682889
counter/9/0/0/0,28165:1747647671312:,1747647682889
counter/9/0/0/0,28166:1747647671312:,1747647682889
counter/9/0/0/0,28167:1747647671312:,1747647682889
counter/9/0/0/0,28168:1747647671312:,1747647682890
counter/9/0/0/0,28169:1747647671312:,1747647682890
counter/9/0/0/0,28170:1747647671312:,1747647682890
counter/9/0/0/0,28171:1747647671312:,1747647682890
counter/9/0/0/0,28172:1747647671312:,1747647682890
counter/6/0/0/0,24697:1747647671350:,1747647682890
counter/5/0/0/0,25276:1747647670648:,1747647682890
counter/6/0/0/0,24698:1747647671353:,1747647682890
counter/10/0/0/0,23444:1747647667614:,1747647682890
counter/1/0/0/0,22403:1747647668561:,1747647682890
counter/3/0/0/0,22215:1747647668286:,1747647682890
counter/1/0/0/0,22404:1747647668561:,1747647682890
counter/9/0/0/0,28173:1747647671321:,1747647682890
counter/9/0/0/0,28174:1747647671322:,1747647682890
counter/8/0/0/0,26104:1747647670591:,1747647682890
counter/9/0/0/0,28175:1747647671322:,1747647682890
counter/5/0/0/0,25277:1747647670649:,1747647682890
counter/2/0/0/0,28071:1747647672908:,1747647682890
counter/10/0/0/0,23445:1747647667614:,1747647682890
counter/3/0/0/0,22216:1747647668286:,1747647682890
counter/7/0/0/0,24802:1747647670237:,1747647682890
counter/1/0/0/0,22405:1747647668561:,1747647682890
counter/1/0/0/0,22406:1747647668561:,1747647682890
counter/8/0/0/0,26105:1747647670591:,1747647682890
counter/1/0/0/0,22407:1747647668561:,1747647682890
counter/5/0/0/0,25278:1747647670649:,1747647682890
counter/4/0/0/0,21708:1747647668416:,1747647682890
counter/2/0/0/0,28072:1747647672908:,1747647682890
counter/4/0/0/0,21709:1747647668428:,1747647682890
counter/3/0/0/0,22217:1747647668286:,1747647682890
counter/1/0/0/0,22408:1747647668561:,1747647682890
counter/9/0/0/0,28176:1747647671322:,1747647682890
counter/1/0/0/0,22409:1747647668561:,1747647682890
counter/6/0/0/0,24699:1747647671353:,1747647682890
counter/5/0/0/0,25279:1747647670649:,1747647682890
counter/2/0/0/0,28073:1747647672908:,1747647682890
counter/10/0/0/0,23446:1747647667623:,1747647682890
counter/4/0/0/0,21710:1747647668428:,1747647682890
counter/7/0/0/0,24803:1747647670237:,1747647682890
counter/3/0/0/0,22218:1747647668286:,1747647682890
counter/8/0/0/0,26106:1747647670591:,1747647682890
counter/9/0/0/0,28177:1747647671322:,1747647682891
counter/9/0/0/0,28178:1747647671322:,1747647682891
counter/5/0/0/0,25280:1747647670649:,1747647682891
counter/6/0/0/0,24700:1747647671353:,1747647682891
counter/2/0/0/0,28074:1747647672910:,1747647682891
counter/6/0/0/0,24701:1747647671353:,1747647682891
counter/4/0/0/0,21711:1747647668428:,1747647682891
counter/8/0/0/0,26107:1747647670591:,1747647682891
counter/4/0/0/0,21712:1747647668428:,1747647682891
counter/7/0/0/0,24804:1747647670237:,1747647682891
counter/1/0/0/0,22410:1747647668561:,1747647682891
counter/9/0/0/0,28179:1747647671323:,1747647682891
counter/5/0/0/0,25281:1747647670649:,1747647682891
counter/2/0/0/0,28075:1747647672910:,1747647682891
counter/10/0/0/0,23447:1747647667633:,1747647682891
counter/10/0/0/0,23448:1747647667652:,1747647682891
counter/3/0/0/0,22219:1747647668286:,1747647682891
counter/8/0/0/0,26108:1747647670591:,1747647682891
counter/8/0/0/0,26109:1747647670591:,1747647682891
counter/7/0/0/0,24805:1747647670237:,1747647682891
counter/9/0/0/0,28180:1747647671323:,1747647682891
counter/5/0/0/0,25282:1747647670649:,1747647682891
counter/1/0/0/0,22411:1747647668561:,1747647682891
counter/2/0/0/0,28076:1747647672910:,1747647682891
counter/6/0/0/0,24702:1747647671353:,1747647682891
counter/6/0/0/0,24703:1747647671353:,1747647682891
counter/6/0/0/0,24704:1747647671353:,1747647682891
counter/4/0/0/0,21713:1747647668428:,1747647682891
counter/8/0/0/0,26110:1747647670591:,1747647682891
counter/4/0/0/0,21714:1747647668428:,1747647682891
counter/9/0/0/0,28181:1747647671323:,1747647682891
counter/5/0/0/0,25283:1747647670649:,1747647682891
counter/2/0/0/0,28077:1747647672910:,1747647682891
counter/1/0/0/0,22412:1747647668561:,1747647682891
counter/10/0/0/0,23449:1747647667652:,1747647682891
counter/3/0/0/0,22220:1747647668286:,1747647682891
counter/6/0/0/0,24705:1747647671353:,1747647682891
counter/3/0/0/0,22221:1747647668286:,1747647682891
counter/8/0/0/0,26111:1747647670591:,1747647682891
counter/8/0/0/0,26112:1747647670591:,1747647682892
counter/8/0/0/0,26113:1747647670591:,1747647682892
counter/8/0/0/0,26114:1747647670591:,1747647682892
counter/8/0/0/0,26115:1747647670591:,1747647682892
counter/8/0/0/0,26116:1747647670591:,1747647682892
counter/8/0/0/0,26117:1747647670592:,1747647682892
counter/6/0/0/0,24706:1747647671362:,1747647682892
counter/6/0/0/0,24707:1747647671362:,1747647682892
counter/6/0/0/0,24708:1747647671362:,1747647682892
counter/6/0/0/0,24709:1747647671362:,1747647682892
counter/6/0/0/0,24710:1747647671362:,1747647682892
counter/6/0/0/0,24711:1747647671362:,1747647682892
counter/6/0/0/0,24712:1747647671362:,1747647682892
counter/8/0/0/0,26118:1747647670592:,1747647682892
counter/8/0/0/0,26119:1747647670592:,1747647682892
counter/8/0/0/0,26120:1747647670592:,1747647682892
counter/8/0/0/0,26121:1747647670592:,1747647682892
counter/4/0/0/0,21715:1747647668428:,1747647682892
counter/9/0/0/0,28182:1747647671323:,1747647682892
counter/4/0/0/0,21716:1747647668428:,1747647682892
counter/6/0/0/0,24713:1747647671362:,1747647682892
counter/10/0/0/0,23450:1747647667652:,1747647682892
counter/7/0/0/0,24806:1747647670237:,1747647682892
counter/1/0/0/0,22413:1747647668572:,1747647682892
counter/8/0/0/0,26122:1747647670592:,1747647682892
counter/3/0/0/0,22222:1747647668286:,1747647682892
counter/5/0/0/0,25284:1747647670649:,1747647682892
counter/9/0/0/0,28183:1747647671323:,1747647682892
counter/9/0/0/0,28184:1747647671323:,1747647682892
counter/6/0/0/0,24714:1747647671362:,1747647682892
counter/2/0/0/0,28078:1747647672910:,1747647682892
counter/10/0/0/0,23451:1747647667652:,1747647682892
counter/10/0/0/0,23452:1747647667652:,1747647682892
counter/7/0/0/0,24807:1747647670237:,1747647682892
counter/8/0/0/0,26123:1747647670598:,1747647682892
counter/3/0/0/0,22223:1747647668286:,1747647682892
counter/5/0/0/0,25285:1747647670649:,1747647682892
counter/4/0/0/0,21717:1747647668428:,1747647682892
counter/6/0/0/0,24715:1747647671362:,1747647682892
counter/4/0/0/0,21718:1747647668428:,1747647682893
counter/9/0/0/0,28185:1747647671323:,1747647682893
counter/1/0/0/0,22414:1747647668572:,1747647682893
counter/7/0/0/0,24808:1747647670237:,1747647682893
counter/1/0/0/0,22415:1747647668572:,1747647682893
counter/8/0/0/0,26124:1747647670598:,1747647682893
counter/3/0/0/0,22224:1747647668286:,1747647682893
counter/5/0/0/0,25286:1747647670649:,1747647682893
counter/2/0/0/0,28079:1747647672910:,1747647682893
counter/6/0/0/0,24716:1747647671362:,1747647682893
counter/6/0/0/0,24717:1747647671362:,1747647682893
counter/9/0/0/0,28186:1747647671325:,1747647682893
counter/10/0/0/0,23453:1747647667652:,1747647682893
counter/7/0/0/0,24809:1747647670237:,1747647682893
counter/1/0/0/0,22416:1747647668572:,1747647682893
counter/8/0/0/0,26125:1747647670598:,1747647682893
counter/1/0/0/0,22417:1747647668572:,1747647682893
counter/5/0/0/0,25287:1747647670649:,1747647682893
counter/2/0/0/0,28080:1747647672910:,1747647682893
counter/2/0/0/0,28081:1747647672910:,1747647682893
counter/2/0/0/0,28082:1747647672911:,1747647682893
counter/2/0/0/0,28083:1747647672911:,1747647682893
counter/2/0/0/0,28084:1747647672911:,1747647682893
counter/2/0/0/0,28085:1747647672911:,1747647682893
counter/2/0/0/0,28086:1747647672911:,1747647682893
counter/2/0/0/0,28087:1747647672911:,1747647682893
counter/2/0/0/0,28088:1747647672913:,1747647682893
counter/1/0/0/0,22418:1747647668572:,1747647682893
counter/1/0/0/0,22419:1747647668572:,1747647682893
counter/6/0/0/0,24718:1747647671362:,1747647682893
counter/10/0/0/0,23454:1747647667652:,1747647682893
counter/7/0/0/0,24810:1747647670237:,1747647682893
counter/10/0/0/0,23455:1747647667652:,1747647682893
counter/8/0/0/0,26126:1747647670598:,1747647682893
counter/10/0/0/0,23456:1747647667652:,1747647682893
counter/2/0/0/0,28089:1747647672915:,1747647682893
counter/2/0/0/0,28090:1747647672915:,1747647682893
counter/2/0/0/0,28091:1747647672915:,1747647682894
counter/1/0/0/0,22420:1747647668572:,1747647682894
counter/3/0/0/0,22225:1747647668292:,1747647682894
counter/1/0/0/0,22421:1747647668572:,1747647682894
counter/6/0/0/0,24719:1747647671362:,1747647682894
counter/1/0/0/0,22422:1747647668572:,1747647682894
counter/5/0/0/0,25288:1747647670649:,1747647682894
counter/10/0/0/0,23457:1747647667652:,1747647682894
counter/4/0/0/0,21719:1747647668428:,1747647682894
counter/2/0/0/0,28092:1747647672915:,1747647682894
counter/2/0/0/0,28093:1747647672915:,1747647682894
counter/7/0/0/0,24811:1747647670237:,1747647682894
counter/3/0/0/0,22226:1747647668292:,1747647682894
counter/8/0/0/0,26127:1747647670598:,1747647682894
counter/6/0/0/0,24720:1747647671362:,1747647682894
counter/6/0/0/0,24721:1747647671362:,1747647682894
counter/1/0/0/0,22423:1747647668585:,1747647682894
counter/10/0/0/0,23458:1747647667652:,1747647682894
counter/1/0/0/0,22424:1747647668585:,1747647682894
counter/2/0/0/0,28094:1747647672916:,1747647682894
counter/1/0/0/0,22425:1747647668585:,1747647682894
counter/7/0/0/0,24812:1747647670248:,1747647682894
counter/4/0/0/0,21720:1747647668428:,1747647682894
counter/8/0/0/0,26128:1747647670598:,1747647682894
counter/4/0/0/0,21721:1747647668428:,1747647682894
counter/6/0/0/0,24722:1747647671362:,1747647682894
counter/10/0/0/0,23459:1747647667652:,1747647682894
counter/2/0/0/0,28095:1747647672916:,1747647682894
counter/2/0/0/0,28096:1747647672916:,1747647682894
counter/2/0/0/0,28097:1747647672916:,1747647682894
counter/3/0/0/0,22227:1747647668292:,1747647682894
counter/7/0/0/0,24813:1747647670248:,1747647682894
counter/8/0/0/0,26129:1747647670598:,1747647682894
counter/8/0/0/0,26130:1747647670598:,1747647682894
counter/8/0/0/0,26131:1747647670598:,1747647682894
counter/8/0/0/0,26132:1747647670598:,1747647682894
counter/8/0/0/0,26133:1747647670598:,1747647682894
counter/8/0/0/0,26134:1747647670598:,1747647682894
counter/8/0/0/0,26135:1747647670598:,1747647682895
counter/8/0/0/0,26136:1747647670598:,1747647682895
counter/8/0/0/0,26137:1747647670598:,1747647682895
counter/8/0/0/0,26138:1747647670598:,1747647682895
counter/8/0/0/0,26139:1747647670598:,1747647682895
counter/8/0/0/0,26140:1747647670598:,1747647682895
counter/8/0/0/0,26141:1747647670598:,1747647682895
counter/4/0/0/0,21722:1747647668428:,1747647682895
counter/4/0/0/0,21723:1747647668428:,1747647682895
counter/9/0/0/0,28187:1747647671336:,1747647682895
counter/3/0/0/0,22228:1747647668294:,1747647682895
counter/7/0/0/0,24814:1747647670248:,1747647682895
counter/10/0/0/0,23460:1747647667653:,1747647682895
counter/6/0/0/0,24723:1747647671362:,1747647682895
counter/8/0/0/0,26142:1747647670598:,1747647682895
counter/2/0/0/0,28098:1747647672916:,1747647682895
counter/5/0/0/0,25289:1747647670657:,1747647682895
counter/4/0/0/0,21724:1747647668428:,1747647682895
counter/4/0/0/0,21725:1747647668428:,1747647682895
counter/9/0/0/0,28188:1747647671338:,1747647682895
counter/3/0/0/0,22229:1747647668294:,1747647682895
counter/7/0/0/0,24815:1747647670248:,1747647682895
counter/10/0/0/0,23461:1747647667653:,1747647682895
counter/6/0/0/0,24724:1747647671363:,1747647682895
counter/8/0/0/0,26143:1747647670598:,1747647682895
counter/2/0/0/0,28099:1747647672916:,1747647682895
counter/5/0/0/0,25290:1747647670657:,1747647682895
counter/5/0/0/0,25291:1747647670674:,1747647682895
counter/5/0/0/0,25292:1747647670674:,1747647682895
counter/5/0/0/0,25293:1747647670674:,1747647682895
counter/5/0/0/0,25294:1747647670674:,1747647682895
counter/5/0/0/0,25295:1747647670674:,1747647682895
counter/6/0/0/0,24725:1747647671363:,1747647682895
counter/5/0/0/0,25296:1747647670674:,1747647682895
counter/8/0/0/0,26144:1747647670598:,1747647682895
counter/2/0/0/0,28100:1747647672917:,1747647682895
counter/4/0/0/0,21726:1747647668429:,1747647682896
counter/4/0/0/0,21727:1747647668429:,1747647682896
counter/9/0/0/0,28189:1747647671338:,1747647682896
counter/7/0/0/0,24816:1747647670248:,1747647682896
counter/3/0/0/0,22230:1747647668294:,1747647682896
counter/10/0/0/0,23462:1747647667653:,1747647682896
counter/5/0/0/0,25297:1747647670674:,1747647682896
counter/6/0/0/0,24726:1747647671363:,1747647682896
counter/8/0/0/0,26145:1747647670598:,1747647682896
counter/2/0/0/0,28101:1747647672917:,1747647682896
counter/2/0/0/0,28102:1747647672917:,1747647682896
counter/1/0/0/0,22426:1747647668585:,1747647682896
counter/9/0/0/0,28190:1747647671338:,1747647682896
counter/1/0/0/0,22427:1747647668585:,1747647682896
counter/3/0/0/0,22231:1747647668294:,1747647682896
counter/10/0/0/0,23463:1747647667660:,1747647682896
counter/5/0/0/0,25298:1747647670674:,1747647682896
counter/6/0/0/0,24727:1747647671363:,1747647682896
counter/8/0/0/0,26146:1747647670598:,1747647682896
counter/2/0/0/0,28103:1747647672919:,1747647682896
counter/7/0/0/0,24817:1747647670248:,1747647682896
counter/9/0/0/0,28191:1747647671338:,1747647682896
counter/1/0/0/0,22428:1747647668585:,1747647682896
counter/3/0/0/0,22232:1747647668294:,1747647682896
counter/1/0/0/0,22429:1747647668585:,1747647682896
counter/10/0/0/0,23464:1747647667660:,1747647682896
counter/4/0/0/0,21728:1747647668429:,1747647682896
counter/6/0/0/0,24728:1747647671363:,1747647682896
counter/4/0/0/0,21729:1747647668429:,1747647682896
counter/2/0/0/0,28104:1747647672919:,1747647682896
counter/7/0/0/0,24818:1747647670248:,1747647682896
counter/9/0/0/0,28192:1747647671338:,1747647682896
counter/3/0/0/0,22233:1747647668294:,1747647682896
counter/1/0/0/0,22430:1747647668585:,1747647682896
counter/5/0/0/0,25299:1747647670674:,1747647682896
counter/1/0/0/0,22431:1747647668585:,1747647682896
counter/8/0/0/0,26147:1747647670599:,1747647682896
counter/6/0/0/0,24729:1747647671363:,1747647682897
counter/6/0/0/0,24730:1747647671363:,1747647682897
counter/2/0/0/0,28105:1747647672919:,1747647682897
counter/7/0/0/0,24819:1747647670248:,1747647682897
counter/9/0/0/0,28193:1747647671338:,1747647682897
counter/3/0/0/0,22234:1747647668294:,1747647682897
counter/10/0/0/0,23465:1747647667660:,1747647682897
counter/5/0/0/0,25300:1747647670675:,1747647682897
counter/5/0/0/0,25301:1747647670676:,1747647682897
counter/5/0/0/0,25302:1747647670677:,1747647682897
counter/5/0/0/0,25303:1747647670677:,1747647682897
counter/5/0/0/0,25304:1747647670687:,1747647682897
counter/5/0/0/0,25305:1747647670688:,1747647682897
counter/5/0/0/0,25306:1747647670688:,1747647682897
counter/5/0/0/0,25307:1747647670688:,1747647682897
counter/5/0/0/0,25308:1747647670688:,1747647682897
counter/5/0/0/0,25309:1747647670688:,1747647682897
counter/5/0/0/0,25310:1747647670688:,1747647682897
counter/5/0/0/0,25311:1747647670688:,1747647682897
counter/4/0/0/0,21730:1747647668429:,1747647682897
counter/2/0/0/0,28106:1747647672919:,1747647682897
counter/1/0/0/0,22432:1747647668585:,1747647682897
counter/9/0/0/0,28194:1747647671338:,1747647682897
counter/4/0/0/0,21731:1747647668429:,1747647682897
counter/3/0/0/0,22235:1747647668295:,1747647682897
counter/5/0/0/0,25312:1747647670688:,1747647682897
counter/6/0/0/0,24731:1747647671363:,1747647682897
counter/8/0/0/0,26148:1747647670599:,1747647682897
counter/7/0/0/0,24820:1747647670248:,1747647682897
counter/2/0/0/0,28107:1747647672919:,1747647682897
counter/10/0/0/0,23466:1747647667660:,1747647682897
counter/9/0/0/0,28195:1747647671338:,1747647682897
counter/9/0/0/0,28196:1747647671338:,1747647682897
counter/9/0/0/0,28197:1747647671345:,1747647682897
counter/9/0/0/0,28198:1747647671346:,1747647682897
counter/9/0/0/0,28199:1747647671346:,1747647682897
counter/9/0/0/0,28200:1747647671346:,1747647682897
counter/7/0/0/0,24821:1747647670248:,1747647682897
counter/9/0/0/0,28201:1747647671346:,1747647682897
counter/2/0/0/0,28108:1747647672919:,1747647682897
counter/10/0/0/0,23467:1747647667660:,1747647682898
counter/4/0/0/0,21732:1747647668429:,1747647682898
counter/4/0/0/0,21733:1747647668429:,1747647682898
counter/3/0/0/0,22236:1747647668295:,1747647682898
counter/5/0/0/0,25313:1747647670688:,1747647682898
counter/6/0/0/0,24732:1747647671363:,1747647682898
counter/8/0/0/0,26149:1747647670599:,1747647682898
counter/9/0/0/0,28202:1747647671346:,1747647682898
counter/7/0/0/0,24822:1747647670248:,1747647682898
counter/2/0/0/0,28109:1747647672931:,1747647682898
counter/10/0/0/0,23468:1747647667661:,1747647682898
counter/10/0/0/0,23469:1747647667661:,1747647682898
counter/4/0/0/0,21734:1747647668429:,1747647682898
counter/3/0/0/0,22237:1747647668301:,1747647682898
counter/4/0/0/0,21735:1747647668429:,1747647682898
counter/6/0/0/0,24733:1747647671363:,1747647682898
counter/8/0/0/0,26150:1747647670599:,1747647682898
counter/9/0/0/0,28203:1747647671346:,1747647682898
counter/7/0/0/0,24823:1747647670248:,1747647682898
counter/2/0/0/0,28110:1747647672931:,1747647682898
counter/2/0/0/0,28111:1747647672931:,1747647682898
counter/10/0/0/0,23470:1747647667661:,1747647682898
counter/5/0/0/0,25314:1747647670688:,1747647682898
counter/3/0/0/0,22238:1747647668301:,1747647682898
counter/4/0/0/0,21736:1747647668429:,1747647682898
counter/6/0/0/0,24734:1747647671363:,1747647682898
counter/4/0/0/0,21737:1747647668435:,1747647682898
counter/9/0/0/0,28204:1747647671346:,1747647682898
counter/7/0/0/0,24824:1747647670248:,1747647682898
counter/7/0/0/0,24825:1747647670248:,1747647682898
counter/7/0/0/0,24826:1747647670248:,1747647682898
counter/7/0/0/0,24827:1747647670248:,1747647682898
counter/7/0/0/0,24828:1747647670248:,1747647682898
counter/7/0/0/0,24829:1747647670251:,1747647682898
counter/7/0/0/0,24830:1747647670251:,1747647682898
counter/7/0/0/0,24831:1747647670251:,1747647682898
counter/7/0/0/0,24832:1747647670251:,1747647682898
counter/7/0/0/0,24833:1747647670258:,1747647682898
counter/7/0/0/0,24834:1747647670258:,1747647682898
counter/7/0/0/0,24835:1747647670258:,1747647682898
counter/7/0/0/0,24836:1747647670258:,1747647682899
counter/7/0/0/0,24837:1747647670258:,1747647682899
counter/7/0/0/0,24838:1747647670258:,1747647682899
counter/7/0/0/0,24839:1747647670258:,1747647682899
counter/7/0/0/0,24840:1747647670258:,1747647682899
counter/7/0/0/0,24841:1747647670258:,1747647682899
counter/2/0/0/0,28112:1747647672931:,1747647682899
counter/7/0/0/0,24842:1747647670258:,1747647682899
counter/5/0/0/0,25315:1747647670688:,1747647682899
counter/7/0/0/0,24843:1747647670270:,1747647682899
counter/3/0/0/0,22239:1747647668301:,1747647682899
counter/8/0/0/0,26151:1747647670599:,1747647682899
counter/1/0/0/0,22433:1747647668585:,1747647682899
counter/9/0/0/0,28205:1747647671346:,1747647682899
counter/10/0/0/0,23471:1747647667661:,1747647682899
counter/7/0/0/0,24844:1747647670270:,1747647682899
counter/10/0/0/0,23472:1747647667661:,1747647682899
counter/6/0/0/0,24735:1747647671364:,1747647682899
counter/2/0/0/0,28113:1747647672931:,1747647682899
counter/5/0/0/0,25316:1747647670688:,1747647682899
counter/3/0/0/0,22240:1747647668301:,1747647682899
counter/8/0/0/0,26152:1747647670599:,1747647682899
counter/8/0/0/0,26153:1747647670599:,1747647682899
counter/8/0/0/0,26154:1747647670599:,1747647682899
counter/8/0/0/0,26155:1747647670599:,1747647682899
counter/8/0/0/0,26156:1747647670599:,1747647682899
counter/8/0/0/0,26157:1747647670599:,1747647682899
counter/8/0/0/0,26158:1747647670599:,1747647682899
counter/8/0/0/0,26159:1747647670599:,1747647682899
counter/8/0/0/0,26160:1747647670599:,1747647682899
counter/8/0/0/0,26161:1747647670599:,1747647682899
counter/9/0/0/0,28206:1747647671346:,1747647682899
counter/8/0/0/0,26162:1747647670599:,1747647682899
counter/7/0/0/0,24845:1747647670270:,1747647682899
counter/10/0/0/0,23473:1747647667661:,1747647682899
counter/6/0/0/0,24736:1747647671364:,1747647682900
counter/2/0/0/0,28114:1747647672931:,1747647682900
counter/2/0/0/0,28115:1747647672931:,1747647682900
counter/3/0/0/0,22241:1747647668302:,1747647682900
counter/8/0/0/0,26163:1747647670599:,1747647682900
counter/8/0/0/0,26164:1747647670599:,1747647682900
counter/8/0/0/0,26165:1747647670599:,1747647682900
counter/8/0/0/0,26166:1747647670599:,1747647682900
counter/8/0/0/0,26167:1747647670599:,1747647682900
counter/1/0/0/0,22434:1747647668585:,1747647682900
counter/6/0/0/0,24737:1747647671364:,1747647682900
counter/1/0/0/0,22435:1747647668585:,1747647682900
counter/2/0/0/0,28116:1747647672931:,1747647682900
counter/1/0/0/0,22436:1747647668586:,1747647682900
counter/9/0/0/0,28207:1747647671346:,1747647682900
counter/7/0/0/0,24846:1747647670270:,1747647682900
counter/9/0/0/0,28208:1747647671346:,1747647682900
counter/5/0/0/0,25317:1747647670688:,1747647682900
counter/10/0/0/0,23474:1747647667661:,1747647682900
counter/6/0/0/0,24738:1747647671364:,1747647682900
counter/10/0/0/0,23475:1747647667666:,1747647682900
counter/1/0/0/0,22437:1747647668586:,1747647682900
counter/1/0/0/0,22438:1747647668586:,1747647682900
counter/7/0/0/0,24847:1747647670270:,1747647682900
counter/8/0/0/0,26168:1747647670599:,1747647682900
counter/9/0/0/0,28209:1747647671346:,1747647682900
counter/9/0/0/0,28210:1747647671346:,1747647682900
counter/9/0/0/0,28211:1747647671348:,1747647682900
counter/3/0/0/0,22242:1747647668302:,1747647682900
counter/6/0/0/0,24739:1747647671364:,1747647682900
counter/3/0/0/0,22243:1747647668302:,1747647682900
counter/6/0/0/0,24740:1747647671364:,1747647682900
counter/10/0/0/0,23476:1747647667666:,1747647682900
counter/7/0/0/0,24848:1747647670270:,1747647682900
counter/10/0/0/0,23477:1747647667666:,1747647682900
counter/5/0/0/0,25318:1747647670689:,1747647682900
counter/9/0/0/0,28212:1747647671348:,1747647682900
counter/9/0/0/0,28213:1747647671348:,1747647682900
counter/9/0/0/0,28214:1747647671348:,1747647682900
counter/6/0/0/0,24741:1747647671364:,1747647682900
counter/2/0/0/0,28117:1747647672931:,1747647682901
counter/1/0/0/0,22439:1747647668586:,1747647682901
counter/8/0/0/0,26169:1747647670599:,1747647682901
counter/1/0/0/0,22440:1747647668586:,1747647682901
counter/10/0/0/0,23478:1747647667679:,1747647682901
counter/5/0/0/0,25319:1747647670689:,1747647682901
counter/3/0/0/0,22244:1747647668302:,1747647682901
counter/5/0/0/0,25320:1747647670689:,1747647682901
counter/6/0/0/0,24742:1747647671364:,1747647682901
counter/6/0/0/0,24743:1747647671364:,1747647682901
counter/2/0/0/0,28118:1747647672931:,1747647682901
counter/7/0/0/0,24849:1747647670270:,1747647682901
counter/2/0/0/0,28119:1747647672932:,1747647682901
counter/2/0/0/0,28120:1747647672932:,1747647682901
counter/2/0/0/0,28121:1747647672932:,1747647682901
counter/2/0/0/0,28122:1747647672932:,1747647682901
counter/3/0/0/0,22245:1747647668302:,1747647682901
counter/5/0/0/0,25321:1747647670689:,1747647682901
counter/5/0/0/0,25322:1747647670708:,1747647682901
counter/7/0/0/0,24850:1747647670270:,1747647682901
counter/8/0/0/0,26170:1747647670599:,1747647682901
counter/6/0/0/0,24744:1747647671364:,1747647682901
counter/1/0/0/0,22441:1747647668586:,1747647682901
counter/10/0/0/0,23479:1747647667679:,1747647682901
counter/2/0/0/0,28123:1747647672936:,1747647682901
counter/2/0/0/0,28124:1747647672936:,1747647682901
counter/3/0/0/0,22246:1747647668302:,1747647682901
counter/4/0/0/0,21738:1747647668435:,1747647682901
counter/5/0/0/0,25323:1747647670708:,1747647682901
counter/7/0/0/0,24851:1747647670270:,1747647682901
counter/7/0/0/0,24852:1747647670270:,1747647682901
counter/7/0/0/0,24853:1747647670271:,1747647682901
counter/7/0/0/0,24854:1747647670271:,1747647682901
counter/10/0/0/0,23480:1747647667679:,1747647682901
counter/2/0/0/0,28125:1747647672936:,1747647682901
counter/2/0/0/0,28126:1747647672936:,1747647682901
counter/2/0/0/0,28127:1747647672936:,1747647682901
counter/2/0/0/0,28128:1747647672936:,1747647682902
counter/5/0/0/0,25324:1747647670708:,1747647682902
counter/9/0/0/0,28215:1747647671348:,1747647682902
counter/7/0/0/0,24855:1747647670271:,1747647682902
counter/9/0/0/0,28216:1747647671349:,1747647682902
counter/9/0/0/0,28217:1747647671349:,1747647682902
counter/9/0/0/0,28218:1747647671349:,1747647682902
counter/9/0/0/0,28219:1747647671349:,1747647682902
counter/9/0/0/0,28220:1747647671349:,1747647682902
counter/9/0/0/0,28221:1747647671349:,1747647682902
counter/9/0/0/0,28222:1747647671349:,1747647682902
counter/9/0/0/0,28223:1747647671349:,1747647682902
counter/9/0/0/0,28224:1747647671350:,1747647682902
counter/9/0/0/0,28225:1747647671351:,1747647682902
counter/9/0/0/0,28226:1747647671351:,1747647682902
counter/9/0/0/0,28227:1747647671351:,1747647682902
counter/9/0/0/0,28228:1747647671351:,1747647682902
counter/5/0/0/0,25325:1747647670708:,1747647682902
counter/9/0/0/0,28229:1747647671351:,1747647682902
counter/2/0/0/0,28129:1747647672936:,1747647682902
counter/7/0/0/0,24856:1747647670271:,1747647682902
counter/7/0/0/0,24857:1747647670271:,1747647682902
counter/7/0/0/0,24858:1747647670271:,1747647682902
counter/7/0/0/0,24859:1747647670276:,1747647682902
counter/7/0/0/0,24860:1747647670286:,1747647682902
counter/7/0/0/0,24861:1747647670286:,1747647682902
counter/7/0/0/0,24862:1747647670286:,1747647682902
counter/7/0/0/0,24863:1747647670286:,1747647682902
counter/8/0/0/0,26171:1747647670599:,1747647682902
counter/7/0/0/0,24864:1747647670286:,1747647682902
counter/10/0/0/0,23481:1747647667679:,1747647682902
counter/3/0/0/0,22247:1747647668302:,1747647682902
counter/9/0/0/0,28230:1747647671352:,1747647682902
counter/9/0/0/0,28231:1747647671352:,1747647682902
counter/9/0/0/0,28232:1747647671352:,1747647682902
counter/9/0/0/0,28233:1747647671352:,1747647682902
counter/9/0/0/0,28234:1747647671361:,1747647682902
counter/9/0/0/0,28235:1747647671368:,1747647682903
counter/9/0/0/0,28236:1747647671368:,1747647682903
counter/9/0/0/0,28237:1747647671368:,1747647682903
counter/9/0/0/0,28238:1747647671368:,1747647682903
counter/9/0/0/0,28239:1747647671368:,1747647682903
counter/9/0/0/0,28240:1747647671368:,1747647682903
counter/5/0/0/0,25326:1747647670708:,1747647682903
counter/4/0/0/0,21739:1747647668435:,1747647682903
counter/7/0/0/0,24865:1747647670287:,1747647682903
counter/7/0/0/0,24866:1747647670287:,1747647682903
counter/7/0/0/0,24867:1747647670287:,1747647682903
counter/7/0/0/0,24868:1747647670287:,1747647682903
counter/7/0/0/0,24869:1747647670287:,1747647682903
counter/7/0/0/0,24870:1747647670288:,1747647682903
counter/7/0/0/0,24871:1747647670288:,1747647682903
counter/7/0/0/0,24872:1747647670288:,1747647682903
counter/7/0/0/0,24873:1747647670288:,1747647682903
counter/7/0/0/0,24874:1747647670292:,1747647682903
counter/3/0/0/0,22248:1747647668303:,1747647682903
counter/7/0/0/0,24875:1747647670293:,1747647682903
counter/7/0/0/0,24876:1747647670293:,1747647682903
counter/3/0/0/0,22249:1747647668303:,1747647682903
counter/7/0/0/0,24877:1747647670293:,1747647682903
counter/2/0/0/0,28130:1747647672936:,1747647682903
counter/2/0/0/0,28131:1747647672936:,1747647682903
counter/5/0/0/0,25327:1747647670709:,1747647682903
counter/2/0/0/0,28132:1747647672947:,1747647682903
counter/2/0/0/0,28133:1747647672948:,1747647682903
counter/2/0/0/0,28134:1747647672948:,1747647682903
counter/2/0/0/0,28135:1747647672948:,1747647682903
counter/2/0/0/0,28136:1747647672948:,1747647682903
counter/2/0/0/0,28137:1747647672948:,1747647682903
counter/2/0/0/0,28138:1747647672948:,1747647682903
counter/2/0/0/0,28139:1747647672948:,1747647682903
counter/2/0/0/0,28140:1747647672948:,1747647682903
counter/2/0/0/0,28141:1747647672948:,1747647682903
counter/2/0/0/0,28142:1747647672948:,1747647682903
counter/2/0/0/0,28143:1747647672948:,1747647682903
counter/2/0/0/0,28144:1747647672948:,1747647682903
counter/2/0/0/0,28145:1747647672948:,1747647682904
counter/2/0/0/0,28146:1747647672948:,1747647682904
counter/2/0/0/0,28147:1747647672948:,1747647682904
counter/2/0/0/0,28148:1747647672948:,1747647682904
counter/2/0/0/0,28149:1747647672948:,1747647682904
counter/2/0/0/0,28150:1747647672948:,1747647682904
counter/2/0/0/0,28151:1747647672948:,1747647682904
counter/2/0/0/0,28152:1747647672948:,1747647682904
counter/2/0/0/0,28153:1747647672948:,1747647682904
counter/2/0/0/0,28154:1747647672948:,1747647682904
counter/4/0/0/0,21740:1747647668435:,1747647682904
counter/4/0/0/0,21741:1747647668435:,1747647682904
counter/5/0/0/0,25328:1747647670709:,1747647682904
counter/10/0/0/0,23482:1747647667679:,1747647682904
counter/7/0/0/0,24878:1747647670293:,1747647682904
counter/7/0/0/0,24879:1747647670293:,1747647682904
counter/7/0/0/0,24880:1747647670293:,1747647682904
counter/3/0/0/0,22250:1747647668303:,1747647682904
counter/9/0/0/0,28241:1747647671368:,1747647682904
counter/2/0/0/0,28155:1747647672948:,1747647682904
counter/5/0/0/0,25329:1747647670709:,1747647682904
counter/2/0/0/0,28156:1747647672948:,1747647682904
counter/4/0/0/0,21742:1747647668435:,1747647682904
counter/10/0/0/0,23483:1747647667679:,1747647682904
counter/7/0/0/0,24881:1747647670293:,1747647682904
counter/7/0/0/0,24882:1747647670293:,1747647682904
counter/7/0/0/0,24883:1747647670293:,1747647682904
counter/7/0/0/0,24884:1747647670293:,1747647682904
counter/7/0/0/0,24885:1747647670293:,1747647682904
counter/7/0/0/0,24886:1747647670293:,1747647682904
counter/7/0/0/0,24887:1747647670293:,1747647682904
counter/7/0/0/0,24888:1747647670293:,1747647682904
counter/7/0/0/0,24889:1747647670293:,1747647682904
counter/7/0/0/0,24890:1747647670293:,1747647682904
counter/7/0/0/0,24891:1747647670293:,1747647682904
counter/1/0/0/0,22442:1747647668586:,1747647682904
counter/9/0/0/0,28242:1747647671368:,1747647682905
counter/1/0/0/0,22443:1747647668586:,1747647682905
counter/8/0/0/0,26172:1747647670601:,1747647682905
counter/2/0/0/0,28157:1747647672948:,1747647682905
counter/10/0/0/0,23484:1747647667679:,1747647682905
counter/4/0/0/0,21743:1747647668435:,1747647682905
counter/7/0/0/0,24892:1747647670293:,1747647682905
counter/4/0/0/0,21744:1747647668435:,1747647682905
counter/6/0/0/0,24745:1747647671364:,1747647682905
counter/5/0/0/0,25330:1747647670709:,1747647682905
counter/9/0/0/0,28243:1747647671368:,1747647682905
counter/1/0/0/0,22444:1747647668596:,1747647682905
counter/8/0/0/0,26173:1747647670601:,1747647682905
counter/1/0/0/0,22445:1747647668596:,1747647682905
counter/10/0/0/0,23485:1747647667679:,1747647682905
counter/3/0/0/0,22251:1747647668303:,1747647682905
counter/7/0/0/0,24893:1747647670294:,1747647682905
counter/7/0/0/0,24894:1747647670294:,1747647682905
counter/7/0/0/0,24895:1747647670294:,1747647682905
counter/5/0/0/0,25331:1747647670709:,1747647682905
counter/9/0/0/0,28244:1747647671368:,1747647682905
counter/9/0/0/0,28245:1747647671368:,1747647682905
counter/8/0/0/0,26174:1747647670601:,1747647682905
counter/2/0/0/0,28158:1747647672948:,1747647682905
counter/10/0/0/0,23486:1747647667679:,1747647682905
counter/3/0/0/0,22252:1747647668303:,1747647682905
counter/4/0/0/0,21745:1747647668435:,1747647682905
counter/7/0/0/0,24896:1747647670294:,1747647682905
counter/4/0/0/0,21746:1747647668435:,1747647682905
counter/5/0/0/0,25332:1747647670709:,1747647682905
counter/4/0/0/0,21747:1747647668440:,1747647682905
counter/4/0/0/0,21748:1747647668440:,1747647682905
counter/8/0/0/0,26175:1747647670601:,1747647682905
counter/2/0/0/0,28159:1747647672948:,1747647682905
counter/10/0/0/0,23487:1747647667679:,1747647682905
counter/10/0/0/0,23488:1747647667679:,1747647682905
counter/10/0/0/0,23489:1747647667679:,1747647682905
counter/10/0/0/0,23490:1747647667679:,1747647682905
counter/9/0/0/0,28246:1747647671368:,1747647682905
counter/5/0/0/0,25333:1747647670709:,1747647682906
counter/5/0/0/0,25334:1747647670709:,1747647682906
counter/5/0/0/0,25335:1747647670709:,1747647682906
counter/5/0/0/0,25336:1747647670709:,1747647682906
counter/5/0/0/0,25337:1747647670709:,1747647682906
counter/5/0/0/0,25338:1747647670709:,1747647682906
counter/5/0/0/0,25339:1747647670709:,1747647682906
counter/5/0/0/0,25340:1747647670709:,1747647682906
counter/5/0/0/0,25341:1747647670709:,1747647682906
counter/5/0/0/0,25342:1747647670709:,1747647682906
counter/5/0/0/0,25343:1747647670709:,1747647682906
counter/1/0/0/0,22446:1747647668596:,1747647682906
counter/3/0/0/0,22253:1747647668303:,1747647682906
counter/1/0/0/0,22447:1747647668596:,1747647682906
counter/7/0/0/0,24897:1747647670294:,1747647682906
counter/7/0/0/0,24898:1747647670294:,1747647682906
counter/10/0/0/0,23491:1747647667679:,1747647682906
counter/9/0/0/0,28247:1747647671368:,1747647682906
counter/9/0/0/0,28248:1747647671368:,1747647682906
counter/5/0/0/0,25344:1747647670709:,1747647682906
counter/5/0/0/0,25345:1747647670709:,1747647682906
counter/3/0/0/0,22254:1747647668303:,1747647682906
counter/1/0/0/0,22448:1747647668596:,1747647682906
counter/1/0/0/0,22449:1747647668596:,1747647682906
counter/7/0/0/0,24899:1747647670294:,1747647682906
counter/1/0/0/0,22450:1747647668596:,1747647682906
counter/10/0/0/0,23492:1747647667679:,1747647682906
counter/10/0/0/0,23493:1747647667685:,1747647682906
counter/2/0/0/0,28160:1747647672948:,1747647682906
counter/5/0/0/0,25346:1747647670720:,1747647682906
counter/5/0/0/0,25347:1747647670720:,1747647682906
counter/3/0/0/0,22255:1747647668303:,1747647682906
counter/7/0/0/0,24900:1747647670294:,1747647682906
counter/7/0/0/0,24901:1747647670296:,1747647682906
counter/7/0/0/0,24902:1747647670297:,1747647682906
counter/7/0/0/0,24903:1747647670298:,1747647682906
counter/7/0/0/0,24904:1747647670304:,1747647682906
counter/7/0/0/0,24905:1747647670304:,1747647682906
counter/7/0/0/0,24906:1747647670309:,1747647682906
counter/7/0/0/0,24907:1747647670309:,1747647682907
counter/7/0/0/0,24908:1747647670309:,1747647682907
counter/7/0/0/0,24909:1747647670312:,1747647682907
counter/7/0/0/0,24910:1747647670312:,1747647682907
counter/7/0/0/0,24911:1747647670312:,1747647682907
counter/7/0/0/0,24912:1747647670320:,1747647682907
counter/7/0/0/0,24913:1747647670320:,1747647682907
counter/7/0/0/0,24914:1747647670320:,1747647682907
counter/7/0/0/0,24915:1747647670320:,1747647682907
counter/7/0/0/0,24916:1747647670320:,1747647682907
counter/7/0/0/0,24917:1747647670320:,1747647682907
counter/7/0/0/0,24918:1747647670320:,1747647682907
counter/7/0/0/0,24919:1747647670320:,1747647682907
counter/7/0/0/0,24920:1747647670320:,1747647682907
counter/7/0/0/0,24921:1747647670320:,1747647682907
counter/7/0/0/0,24922:1747647670323:,1747647682907
counter/7/0/0/0,24923:1747647670323:,1747647682907
counter/7/0/0/0,24924:1747647670324:,1747647682907
counter/7/0/0/0,24925:1747647670324:,1747647682907
counter/10/0/0/0,23494:1747647667685:,1747647682907
counter/7/0/0/0,24926:1747647670324:,1747647682907
counter/2/0/0/0,28161:1747647672948:,1747647682907
counter/7/0/0/0,24927:1747647670324:,1747647682907
counter/5/0/0/0,25348:1747647670720:,1747647682907
counter/7/0/0/0,24928:1747647670324:,1747647682907
counter/5/0/0/0,25349:1747647670720:,1747647682907
counter/3/0/0/0,22256:1747647668303:,1747647682907
counter/9/0/0/0,28249:1747647671371:,1747647682907
counter/4/0/0/0,21749:1747647668440:,1747647682907
counter/7/0/0/0,24929:1747647670324:,1747647682907
counter/4/0/0/0,21750:1747647668440:,1747647682907
counter/4/0/0/0,21751:1747647668440:,1747647682907
counter/10/0/0/0,23495:1747647667685:,1747647682907
counter/4/0/0/0,21752:1747647668440:,1747647682907
counter/5/0/0/0,25350:1747647670725:,1747647682907
counter/4/0/0/0,21753:1747647668440:,1747647682907
counter/3/0/0/0,22257:1747647668303:,1747647682908
counter/9/0/0/0,28250:1747647671371:,1747647682908
counter/7/0/0/0,24930:1747647670324:,1747647682908
counter/1/0/0/0,22451:1747647668597:,1747647682908
counter/2/0/0/0,28162:1747647672956:,1747647682908
counter/1/0/0/0,22452:1747647668597:,1747647682908
counter/5/0/0/0,25351:1747647670725:,1747647682908
counter/5/0/0/0,25352:1747647670725:,1747647682908
counter/5/0/0/0,25353:1747647670725:,1747647682908
counter/3/0/0/0,22258:1747647668303:,1747647682908
counter/9/0/0/0,28251:1747647671371:,1747647682908
counter/7/0/0/0,24931:1747647670324:,1747647682908
counter/9/0/0/0,28252:1747647671371:,1747647682908
counter/6/0/0/0,24746:1747647671364:,1747647682908
counter/6/0/0/0,24747:1747647671364:,1747647682908
counter/6/0/0/0,24748:1747647671366:,1747647682908
counter/6/0/0/0,24749:1747647671366:,1747647682908
counter/5/0/0/0,25354:1747647670725:,1747647682908
counter/5/0/0/0,25355:1747647670725:,1747647682908
counter/5/0/0/0,25356:1747647670725:,1747647682908
counter/5/0/0/0,25357:1747647670725:,1747647682908
counter/5/0/0/0,25358:1747647670725:,1747647682908
counter/5/0/0/0,25359:1747647670725:,1747647682908
counter/5/0/0/0,25360:1747647670725:,1747647682908
counter/5/0/0/0,25361:1747647670725:,1747647682908
counter/5/0/0/0,25362:1747647670725:,1747647682908
counter/5/0/0/0,25363:1747647670725:,1747647682908
counter/5/0/0/0,25364:1747647670725:,1747647682908
counter/5/0/0/0,25365:1747647670725:,1747647682908
counter/5/0/0/0,25366:1747647670728:,1747647682908
counter/5/0/0/0,25367:1747647670728:,1747647682908
counter/5/0/0/0,25368:1747647670728:,1747647682908
counter/4/0/0/0,21754:1747647668440:,1747647682908
counter/5/0/0/0,25369:1747647670728:,1747647682908
counter/4/0/0/0,21755:1747647668440:,1747647682908
counter/3/0/0/0,22259:1747647668303:,1747647682908
counter/1/0/0/0,22453:1747647668597:,1747647682908
counter/10/0/0/0,23496:1747647667685:,1747647682908
counter/2/0/0/0,28163:1747647672956:,1747647682908
counter/2/0/0/0,28164:1747647672956:,1747647682908
counter/2/0/0/0,28165:1747647672956:,1747647682908
counter/2/0/0/0,28166:1747647672956:,1747647682909
counter/8/0/0/0,26176:1747647670601:,1747647682909
counter/8/0/0/0,26177:1747647670601:,1747647682909
counter/7/0/0/0,24932:1747647670324:,1747647682909
counter/3/0/0/0,22260:1747647668303:,1747647682909
counter/1/0/0/0,22454:1747647668597:,1747647682909
counter/10/0/0/0,23497:1747647667685:,1747647682909
counter/5/0/0/0,25370:1747647670728:,1747647682909
counter/6/0/0/0,24750:1747647671366:,1747647682909
counter/9/0/0/0,28253:1747647671372:,1747647682909
counter/2/0/0/0,28167:1747647672956:,1747647682909
counter/2/0/0/0,28168:1747647672956:,1747647682909
counter/4/0/0/0,21756:1747647668440:,1747647682909
counter/3/0/0/0,22261:1747647668304:,1747647682909
counter/7/0/0/0,24933:1747647670324:,1747647682909
counter/1/0/0/0,22455:1747647668597:,1747647682909
counter/10/0/0/0,23498:1747647667685:,1747647682909
counter/5/0/0/0,25371:1747647670728:,1747647682909
counter/5/0/0/0,25372:1747647670728:,1747647682909
counter/6/0/0/0,24751:1747647671369:,1747647682909
counter/5/0/0/0,25373:1747647670728:,1747647682909
counter/5/0/0/0,25374:1747647670728:,1747647682909
counter/5/0/0/0,25375:1747647670728:,1747647682909
counter/5/0/0/0,25376:1747647670728:,1747647682909
counter/5/0/0/0,25377:1747647670728:,1747647682909
counter/10/0/0/0,23499:1747647667686:,1747647682909
counter/8/0/0/0,26178:1747647670601:,1747647682909
counter/9/0/0/0,28254:1747647671372:,1747647682909
counter/6/0/0/0,24752:1747647671374:,1747647682909
counter/4/0/0/0,21757:1747647668440:,1747647682909
counter/2/0/0/0,28169:1747647672956:,1747647682909
counter/4/0/0/0,21758:1747647668440:,1747647682909
counter/7/0/0/0,24934:1747647670324:,1747647682909
counter/5/0/0/0,25378:1747647670729:,1747647682909
counter/5/0/0/0,25379:1747647670729:,1747647682909
counter/5/0/0/0,25380:1747647670729:,1747647682909
counter/5/0/0/0,25381:1747647670729:,1747647682909
counter/5/0/0/0,25382:1747647670729:,1747647682910
counter/9/0/0/0,28255:1747647671372:,1747647682910
counter/3/0/0/0,22262:1747647668319:,1747647682910
counter/9/0/0/0,28256:1747647671372:,1747647682910
counter/4/0/0/0,21759:1747647668440:,1747647682910
counter/7/0/0/0,24935:1747647670324:,1747647682910
counter/4/0/0/0,21760:1747647668440:,1747647682910
counter/10/0/0/0,23500:1747647667686:,1747647682910
counter/6/0/0/0,24753:1747647671374:,1747647682910
counter/5/0/0/0,25383:1747647670729:,1747647682910
counter/5/0/0/0,25384:1747647670729:,1747647682910
counter/3/0/0/0,22263:1747647668353:,1747647682910
counter/9/0/0/0,28257:1747647671372:,1747647682910
counter/9/0/0/0,28258:1747647671372:,1747647682910
counter/9/0/0/0,28259:1747647671372:,1747647682910
counter/9/0/0/0,28260:1747647671372:,1747647682910
counter/10/0/0/0,23501:1747647667686:,1747647682910
counter/4/0/0/0,21761:1747647668440:,1747647682910
counter/6/0/0/0,24754:1747647671375:,1747647682910
counter/4/0/0/0,21762:1747647668440:,1747647682910
counter/8/0/0/0,26179:1747647670601:,1747647682910
counter/3/0/0/0,22264:1747647668353:,1747647682910
counter/7/0/0/0,24936:1747647670341:,1747647682910
counter/1/0/0/0,22456:1747647668597:,1747647682910
counter/2/0/0/0,28170:1747647672956:,1747647682910
counter/1/0/0/0,22457:1747647668597:,1747647682910
counter/10/0/0/0,23502:1747647667686:,1747647682910
counter/5/0/0/0,25385:1747647670729:,1747647682910
counter/6/0/0/0,24755:1747647671375:,1747647682910
counter/4/0/0/0,21763:1747647668440:,1747647682910
counter/8/0/0/0,26180:1747647670601:,1747647682910
counter/4/0/0/0,21764:1747647668440:,1747647682910
counter/7/0/0/0,24937:1747647670341:,1747647682910
counter/2/0/0/0,28171:1747647672966:,1747647682910
counter/2/0/0/0,28172:1747647672966:,1747647682910
counter/10/0/0/0,23503:1747647667686:,1747647682910
counter/1/0/0/0,22458:1747647668597:,1747647682910
counter/5/0/0/0,25386:1747647670729:,1747647682910
counter/1/0/0/0,22459:1747647668597:,1747647682910
counter/3/0/0/0,22265:1747647668353:,1747647682910
counter/8/0/0/0,26181:1747647670601:,1747647682911
counter/4/0/0/0,21765:1747647668440:,1747647682911
counter/7/0/0/0,24938:1747647670341:,1747647682911
counter/2/0/0/0,28173:1747647672966:,1747647682911
counter/10/0/0/0,23504:1747647667686:,1747647682911
counter/9/0/0/0,28261:1747647671372:,1747647682911
counter/6/0/0/0,24756:1747647671375:,1747647682911
counter/5/0/0/0,25387:1747647670729:,1747647682911
counter/5/0/0/0,25388:1747647670729:,1747647682911
counter/3/0/0/0,22266:1747647668353:,1747647682911
counter/8/0/0/0,26182:1747647670601:,1747647682911
counter/4/0/0/0,21766:1747647668440:,1747647682911
counter/7/0/0/0,24939:1747647670341:,1747647682911
counter/4/0/0/0,21767:1747647668440:,1747647682911
counter/10/0/0/0,23505:1747647667686:,1747647682911
counter/10/0/0/0,23506:1747647667686:,1747647682911
counter/10/0/0/0,23507:1747647667686:,1747647682911
counter/10/0/0/0,23508:1747647667686:,1747647682911
counter/10/0/0/0,23509:1747647667686:,1747647682911
counter/10/0/0/0,23510:1747647667686:,1747647682911
counter/10/0/0/0,23511:1747647667686:,1747647682911
counter/10/0/0/0,23512:1747647667686:,1747647682911
counter/10/0/0/0,23513:1747647667686:,1747647682911
counter/6/0/0/0,24757:1747647671375:,1747647682911
counter/10/0/0/0,23514:1747647667686:,1747647682911
counter/10/0/0/0,23515:1747647667686:,1747647682911
counter/1/0/0/0,22460:1747647668597:,1747647682911
counter/5/0/0/0,25389:1747647670729:,1747647682911
counter/1/0/0/0,22461:1747647668597:,1747647682911
counter/1/0/0/0,22462:1747647668597:,1747647682911
counter/1/0/0/0,22463:1747647668597:,1747647682911
counter/1/0/0/0,22464:1747647668597:,1747647682911
counter/1/0/0/0,22465:1747647668615:,1747647682911
counter/1/0/0/0,22466:1747647668615:,1747647682911
counter/1/0/0/0,22467:1747647668615:,1747647682911
counter/6/0/0/0,24758:1747647671375:,1747647682911
counter/3/0/0/0,22267:1747647668353:,1747647682911
counter/5/0/0/0,25390:1747647670729:,1747647682911
counter/5/0/0/0,25391:1747647670730:,1747647682911
counter/5/0/0/0,25392:1747647670730:,1747647682911
counter/5/0/0/0,25393:1747647670730:,1747647682911
counter/10/0/0/0,23516:1747647667686:,1747647682911
counter/9/0/0/0,28262:1747647671372:,1747647682912
counter/1/0/0/0,22468:1747647668615:,1747647682912
counter/1/0/0/0,22469:1747647668615:,1747647682912
counter/6/0/0/0,24759:1747647671375:,1747647682912
counter/1/0/0/0,22470:1747647668615:,1747647682912
counter/2/0/0/0,28174:1747647672966:,1747647682912
counter/4/0/0/0,21768:1747647668440:,1747647682912
counter/7/0/0/0,24940:1747647670341:,1747647682912
counter/8/0/0/0,26183:1747647670601:,1747647682912
counter/10/0/0/0,23517:1747647667689:,1747647682912
counter/9/0/0/0,28263:1747647671372:,1747647682912
counter/3/0/0/0,22268:1747647668353:,1747647682912
counter/6/0/0/0,24760:1747647671375:,1747647682912
counter/6/0/0/0,24761:1747647671375:,1747647682912
counter/6/0/0/0,24762:1747647671375:,1747647682912
counter/2/0/0/0,28175:1747647672966:,1747647682912
counter/4/0/0/0,21769:1747647668440:,1747647682912
counter/7/0/0/0,24941:1747647670341:,1747647682912
counter/4/0/0/0,21770:1747647668440:,1747647682912
counter/10/0/0/0,23518:1747647667689:,1747647682912
counter/9/0/0/0,28264:1747647671372:,1747647682912
counter/3/0/0/0,22269:1747647668353:,1747647682912
counter/1/0/0/0,22471:1747647668618:,1747647682912
counter/5/0/0/0,25394:1747647670730:,1747647682912
counter/6/0/0/0,24763:1747647671375:,1747647682912
counter/2/0/0/0,28176:1747647672966:,1747647682912
counter/7/0/0/0,24942:1747647670342:,1747647682912
counter/8/0/0/0,26184:1747647670601:,1747647682912
counter/4/0/0/0,21771:1747647668440:,1747647682912
counter/10/0/0/0,23519:1747647667689:,1747647682912
counter/4/0/0/0,21772:1747647668440:,1747647682912
counter/3/0/0/0,22270:1747647668353:,1747647682912
counter/9/0/0/0,28265:1747647671372:,1747647682912
counter/5/0/0/0,25395:1747647670730:,1747647682912
counter/9/0/0/0,28266:1747647671372:,1747647682912
counter/9/0/0/0,28267:1747647671372:,1747647682912
counter/9/0/0/0,28268:1747647671372:,1747647682913
counter/8/0/0/0,26185:1747647670601:,1747647682913
counter/10/0/0/0,23520:1747647667689:,1747647682913
counter/3/0/0/0,22271:1747647668353:,1747647682913
counter/3/0/0/0,22272:1747647668353:,1747647682913
counter/3/0/0/0,22273:1747647668353:,1747647682913
counter/6/0/0/0,24764:1747647671377:,1747647682913
counter/5/0/0/0,25396:1747647670730:,1747647682913
counter/7/0/0/0,24943:1747647670342:,1747647682913
counter/9/0/0/0,28269:1747647671372:,1747647682913
counter/9/0/0/0,28270:1747647671372:,1747647682913
counter/9/0/0/0,28271:1747647671372:,1747647682913
counter/9/0/0/0,28272:1747647671372:,1747647682913
counter/9/0/0/0,28273:1747647671373:,1747647682913
counter/3/0/0/0,22274:1747647668353:,1747647682913
counter/1/0/0/0,22472:1747647668618:,1747647682913
counter/6/0/0/0,24765:1747647671377:,1747647682913
counter/5/0/0/0,25397:1747647670730:,1747647682913
counter/7/0/0/0,24944:1747647670342:,1747647682913
counter/8/0/0/0,26186:1747647670602:,1747647682913
counter/10/0/0/0,23521:1747647667689:,1747647682913
counter/9/0/0/0,28274:1747647671373:,1747647682913
counter/9/0/0/0,28275:1747647671373:,1747647682913
counter/9/0/0/0,28276:1747647671373:,1747647682913
counter/1/0/0/0,22473:1747647668618:,1747647682913
counter/6/0/0/0,24766:1747647671377:,1747647682913
counter/1/0/0/0,22474:1747647668618:,1747647682913
counter/7/0/0/0,24945:1747647670342:,1747647682913
counter/4/0/0/0,21773:1747647668440:,1747647682913
counter/8/0/0/0,26187:1747647670602:,1747647682913
counter/4/0/0/0,21774:1747647668440:,1747647682913
counter/3/0/0/0,22275:1747647668353:,1747647682913
counter/9/0/0/0,28277:1747647671374:,1747647682913
counter/4/0/0/0,21775:1747647668440:,1747647682913
counter/5/0/0/0,25398:1747647670730:,1747647682913
counter/4/0/0/0,21776:1747647668445:,1747647682913
counter/4/0/0/0,21777:1747647668446:,1747647682913
counter/7/0/0/0,24946:1747647670342:,1747647682913
counter/4/0/0/0,21778:1747647668446:,1747647682913
counter/8/0/0/0,26188:1747647670602:,1747647682913
counter/3/0/0/0,22276:1747647668353:,1747647682914
counter/9/0/0/0,28278:1747647671375:,1747647682914
counter/9/0/0/0,28279:1747647671378:,1747647682914
counter/9/0/0/0,28280:1747647671379:,1747647682914
counter/9/0/0/0,28281:1747647671379:,1747647682914
counter/10/0/0/0,23522:1747647667689:,1747647682914
counter/7/0/0/0,24947:1747647670342:,1747647682914
counter/7/0/0/0,24948:1747647670342:,1747647682914
counter/7/0/0/0,24949:1747647670343:,1747647682914
counter/8/0/0/0,26189:1747647670602:,1747647682914
counter/3/0/0/0,22277:1747647668356:,1747647682914
counter/6/0/0/0,24767:1747647671377:,1747647682914
counter/5/0/0/0,25399:1747647670730:,1747647682914
counter/9/0/0/0,28282:1747647671379:,1747647682914
counter/9/0/0/0,28283:1747647671379:,1747647682914
counter/9/0/0/0,28284:1747647671379:,1747647682914
counter/9/0/0/0,28285:1747647671380:,1747647682914
counter/9/0/0/0,28286:1747647671380:,1747647682914
counter/1/0/0/0,22475:1747647668618:,1747647682914
counter/8/0/0/0,26190:1747647670608:,1747647682914
counter/1/0/0/0,22476:1747647668618:,1747647682914
counter/6/0/0/0,24768:1747647671377:,1747647682914
counter/5/0/0/0,25400:1747647670730:,1747647682914
counter/10/0/0/0,23523:1747647667689:,1747647682914
counter/4/0/0/0,21779:1747647668446:,1747647682914
counter/7/0/0/0,24950:1747647670346:,1747647682914
counter/4/0/0/0,21780:1747647668446:,1747647682914
counter/2/0/0/0,28177:1747647672966:,1747647682914
counter/3/0/0/0,22278:1747647668356:,1747647682914
counter/3/0/0/0,22279:1747647668356:,1747647682914
counter/3/0/0/0,22280:1747647668356:,1747647682914
counter/6/0/0/0,24769:1747647671378:,1747647682914
counter/5/0/0/0,25401:1747647670730:,1747647682914
counter/5/0/0/0,25402:1747647670730:,1747647682914
counter/10/0/0/0,23524:1747647667689:,1747647682914
counter/7/0/0/0,24951:1747647670347:,1747647682914
counter/7/0/0/0,24952:1747647670347:,1747647682914
counter/7/0/0/0,24953:1747647670347:,1747647682914
counter/8/0/0/0,26191:1747647670608:,1747647682914
counter/1/0/0/0,22477:1747647668618:,1747647682915
counter/3/0/0/0,22281:1747647668356:,1747647682915
counter/1/0/0/0,22478:1747647668618:,1747647682915
counter/9/0/0/0,28287:1747647671395:,1747647682915
counter/10/0/0/0,23525:1747647667689:,1747647682915
counter/5/0/0/0,25403:1747647670730:,1747647682915
counter/5/0/0/0,25404:1747647670731:,1747647682915
counter/2/0/0/0,28178:1747647672966:,1747647682915
counter/7/0/0/0,24954:1747647670348:,1747647682915
counter/8/0/0/0,26192:1747647670608:,1747647682915
counter/6/0/0/0,24770:1747647671378:,1747647682915
counter/3/0/0/0,22282:1747647668356:,1747647682915
counter/3/0/0/0,22283:1747647668356:,1747647682915
counter/9/0/0/0,28288:1747647671396:,1747647682915
counter/10/0/0/0,23526:1747647667689:,1747647682915
counter/4/0/0/0,21781:1747647668446:,1747647682915
counter/5/0/0/0,25405:1747647670731:,1747647682915
counter/4/0/0/0,21782:1747647668446:,1747647682915
counter/7/0/0/0,24955:1747647670348:,1747647682915
counter/7/0/0/0,24956:1747647670348:,1747647682915
counter/7/0/0/0,24957:1747647670348:,1747647682915
counter/7/0/0/0,24958:1747647670348:,1747647682915
counter/1/0/0/0,22479:1747647668622:,1747647682915
counter/9/0/0/0,28289:1747647671396:,1747647682915
counter/10/0/0/0,23527:1747647667689:,1747647682915
counter/10/0/0/0,23528:1747647667705:,1747647682915
counter/1/0/0/0,22480:1747647668624:,1747647682915
counter/1/0/0/0,22481:1747647668624:,1747647682915
counter/8/0/0/0,26193:1747647670608:,1747647682915
counter/7/0/0/0,24959:1747647670348:,1747647682915
counter/8/0/0/0,26194:1747647670608:,1747647682915
counter/3/0/0/0,22284:1747647668356:,1747647682915
counter/9/0/0/0,28290:1747647671396:,1747647682915
counter/9/0/0/0,28291:1747647671396:,1747647682915
counter/9/0/0/0,28292:1747647671396:,1747647682915
counter/9/0/0/0,28293:1747647671396:,1747647682915
counter/9/0/0/0,28294:1747647671398:,1747647682915
counter/9/0/0/0,28295:1747647671406:,1747647682915
counter/9/0/0/0,28296:1747647671406:,1747647682915
counter/9/0/0/0,28297:1747647671406:,1747647682915
counter/9/0/0/0,28298:1747647671406:,1747647682916
counter/3/0/0/0,22285:1747647668356:,1747647682916
counter/5/0/0/0,25406:1747647670731:,1747647682916
counter/10/0/0/0,23529:1747647667705:,1747647682916
counter/1/0/0/0,22482:1747647668624:,1747647682916
counter/1/0/0/0,22483:1747647668624:,1747647682916
counter/7/0/0/0,24960:1747647670348:,1747647682916
counter/1/0/0/0,22484:1747647668624:,1747647682916
counter/8/0/0/0,26195:1747647670608:,1747647682916
counter/9/0/0/0,28299:1747647671406:,1747647682916
counter/9/0/0/0,28300:1747647671406:,1747647682916
counter/3/0/0/0,22286:1747647668356:,1747647682916
counter/5/0/0/0,25407:1747647670731:,1747647682916
counter/10/0/0/0,23530:1747647667706:,1747647682916
counter/7/0/0/0,24961:1747647670348:,1747647682916
counter/7/0/0/0,24962:1747647670348:,1747647682916
counter/7/0/0/0,24963:1747647670348:,1747647682916
counter/7/0/0/0,24964:1747647670348:,1747647682916
counter/7/0/0/0,24965:1747647670348:,1747647682916
counter/4/0/0/0,21783:1747647668449:,1747647682916
counter/9/0/0/0,28301:1747647671406:,1747647682916
counter/3/0/0/0,22287:1747647668357:,1747647682916
counter/5/0/0/0,25408:1747647670731:,1747647682916
counter/10/0/0/0,23531:1747647667706:,1747647682916
counter/8/0/0/0,26196:1747647670608:,1747647682916
counter/7/0/0/0,24966:1747647670348:,1747647682916
counter/2/0/0/0,28179:1747647672966:,1747647682916
counter/6/0/0/0,24771:1747647671378:,1747647682916
counter/6/0/0/0,24772:1747647671378:,1747647682916
counter/6/0/0/0,24773:1747647671378:,1747647682916
counter/6/0/0/0,24774:1747647671378:,1747647682916
counter/6/0/0/0,24775:1747647671383:,1747647682916
counter/6/0/0/0,24776:1747647671383:,1747647682916
counter/6/0/0/0,24777:1747647671383:,1747647682916
counter/6/0/0/0,24778:1747647671383:,1747647682916
counter/6/0/0/0,24779:1747647671383:,1747647682916
counter/6/0/0/0,24780:1747647671383:,1747647682916
counter/3/0/0/0,22288:1747647668357:,1747647682916
counter/6/0/0/0,24781:1747647671384:,1747647682916
counter/6/0/0/0,24782:1747647671384:,1747647682916
counter/4/0/0/0,21784:1747647668450:,1747647682917
counter/5/0/0/0,25409:1747647670731:,1747647682917
counter/4/0/0/0,21785:1747647668450:,1747647682917
counter/2/0/0/0,28180:1747647672967:,1747647682917
counter/4/0/0/0,21786:1747647668450:,1747647682917
counter/2/0/0/0,28181:1747647672967:,1747647682917
counter/2/0/0/0,28182:1747647672967:,1747647682917
counter/2/0/0/0,28183:1747647672967:,1747647682917
counter/2/0/0/0,28184:1747647672967:,1747647682917
counter/1/0/0/0,22485:1747647668627:,1747647682917
counter/10/0/0/0,23532:1747647667706:,1747647682917
counter/1/0/0/0,22486:1747647668627:,1747647682917
counter/8/0/0/0,26197:1747647670608:,1747647682917
counter/1/0/0/0,22487:1747647668627:,1747647682917
counter/6/0/0/0,24783:1747647671384:,1747647682917
counter/1/0/0/0,22488:1747647668627:,1747647682917
counter/2/0/0/0,28185:1747647672967:,1747647682917
counter/4/0/0/0,21787:1747647668450:,1747647682917
counter/9/0/0/0,28302:1747647671423:,1747647682917
counter/5/0/0/0,25410:1747647670731:,1747647682917
counter/10/0/0/0,23533:1747647667706:,1747647682917
counter/8/0/0/0,26198:1747647670608:,1747647682917
counter/6/0/0/0,24784:1747647671384:,1747647682917
counter/6/0/0/0,24785:1747647671384:,1747647682917
counter/6/0/0/0,24786:1747647671384:,1747647682917
counter/1/0/0/0,22489:1747647668627:,1747647682917
counter/2/0/0/0,28186:1747647672967:,1747647682917
counter/4/0/0/0,21788:1747647668450:,1747647682917
counter/9/0/0/0,28303:1747647671423:,1747647682917
counter/5/0/0/0,25411:1747647670731:,1747647682917
counter/10/0/0/0,23534:1747647667706:,1747647682917
counter/8/0/0/0,26199:1747647670609:,1747647682917
counter/3/0/0/0,22289:1747647668357:,1747647682917
counter/6/0/0/0,24787:1747647671384:,1747647682917
counter/6/0/0/0,24788:1747647671384:,1747647682917
counter/6/0/0/0,24789:1747647671384:,1747647682917
counter/1/0/0/0,22490:1747647668634:,1747647682917
counter/1/0/0/0,22491:1747647668634:,1747647682918
counter/9/0/0/0,28304:1747647671431:,1747647682918
counter/5/0/0/0,25412:1747647670731:,1747647682918
counter/10/0/0/0,23535:1747647667706:,1747647682918
counter/8/0/0/0,26200:1747647670609:,1747647682918
counter/3/0/0/0,22290:1747647668357:,1747647682918
counter/6/0/0/0,24790:1747647671384:,1747647682918
counter/6/0/0/0,24791:1747647671384:,1747647682918
counter/6/0/0/0,24792:1747647671384:,1747647682918
counter/6/0/0/0,24793:1747647671384:,1747647682918
counter/6/0/0/0,24794:1747647671384:,1747647682918
counter/6/0/0/0,24795:1747647671384:,1747647682918
counter/6/0/0/0,24796:1747647671384:,1747647682918
counter/1/0/0/0,22492:1747647668634:,1747647682918
counter/8/0/0/0,26201:1747647670609:,1747647682918
counter/3/0/0/0,22291:1747647668357:,1747647682918
counter/2/0/0/0,28187:1747647672967:,1747647682918
counter/4/0/0/0,21789:1747647668450:,1747647682918
counter/9/0/0/0,28305:1747647671435:,1747647682918
counter/5/0/0/0,25413:1747647670731:,1747647682918
counter/6/0/0/0,24797:1747647671384:,1747647682918
counter/10/0/0/0,23536:1747647667706:,1747647682918
counter/7/0/0/0,24967:1747647670348:,1747647682918
counter/1/0/0/0,22493:1747647668634:,1747647682918
counter/8/0/0/0,26202:1747647670609:,1747647682918
counter/1/0/0/0,22494:1747647668634:,1747647682918
counter/2/0/0/0,28188:1747647672967:,1747647682918
counter/2/0/0/0,28189:1747647672969:,1747647682918
counter/2/0/0/0,28190:1747647672969:,1747647682918
counter/2/0/0/0,28191:1747647672969:,1747647682918
counter/6/0/0/0,24798:1747647671384:,1747647682918
counter/10/0/0/0,23537:1747647667706:,1747647682918
counter/7/0/0/0,24968:1747647670348:,1747647682918
counter/3/0/0/0,22292:1747647668357:,1747647682918
counter/8/0/0/0,26203:1747647670609:,1747647682918
counter/8/0/0/0,26204:1747647670609:,1747647682918
counter/8/0/0/0,26205:1747647670609:,1747647682918
counter/8/0/0/0,26206:1747647670611:,1747647682918
counter/8/0/0/0,26207:1747647670619:,1747647682918
counter/8/0/0/0,26208:1747647670619:,1747647682919
counter/8/0/0/0,26209:1747647670619:,1747647682919
counter/8/0/0/0,26210:1747647670619:,1747647682919
counter/8/0/0/0,26211:1747647670619:,1747647682919
counter/8/0/0/0,26212:1747647670620:,1747647682919
counter/8/0/0/0,26213:1747647670620:,1747647682919
counter/8/0/0/0,26214:1747647670620:,1747647682919
counter/1/0/0/0,22495:1747647668634:,1747647682919
counter/9/0/0/0,28306:1747647671435:,1747647682919
counter/6/0/0/0,24799:1747647671384:,1747647682919
counter/9/0/0/0,28307:1747647671435:,1747647682919
counter/7/0/0/0,24969:1747647670348:,1747647682919
counter/3/0/0/0,22293:1747647668357:,1747647682919
counter/2/0/0/0,28192:1747647672969:,1747647682919
counter/8/0/0/0,26215:1747647670620:,1747647682919
counter/8/0/0/0,26216:1747647670620:,1747647682919
counter/1/0/0/0,22496:1747647668634:,1747647682919
counter/1/0/0/0,22497:1747647668635:,1747647682919
counter/6/0/0/0,24800:1747647671384:,1747647682919
counter/1/0/0/0,22498:1747647668636:,1747647682919
counter/9/0/0/0,28308:1747647671435:,1747647682919
counter/4/0/0/0,21790:1747647668450:,1747647682919
counter/3/0/0/0,22294:1747647668357:,1747647682919
counter/4/0/0/0,21791:1747647668456:,1747647682919
counter/8/0/0/0,26217:1747647670620:,1747647682919
counter/8/0/0/0,26218:1747647670620:,1747647682919
counter/10/0/0/0,23538:1747647667706:,1747647682919
counter/10/0/0/0,23539:1747647667706:,1747647682919
counter/6/0/0/0,24801:1747647671384:,1747647682919
counter/7/0/0/0,24970:1747647670348:,1747647682919
counter/9/0/0/0,28309:1747647671435:,1747647682919
counter/9/0/0/0,28310:1747647671435:,1747647682919
counter/9/0/0/0,28311:1747647671435:,1747647682919
counter/9/0/0/0,28312:1747647671435:,1747647682919
counter/8/0/0/0,26219:1747647670620:,1747647682919
counter/8/0/0/0,26220:1747647670620:,1747647682919
counter/8/0/0/0,26221:1747647670620:,1747647682919
counter/3/0/0/0,22295:1747647668357:,1747647682920
counter/8/0/0/0,26222:1747647670620:,1747647682920
counter/9/0/0/0,28313:1747647671435:,1747647682920
counter/8/0/0/0,26223:1747647670628:,1747647682920
counter/4/0/0/0,21792:1747647668456:,1747647682920
counter/2/0/0/0,28193:1747647672969:,1747647682920
counter/8/0/0/0,26224:1747647670628:,1747647682920
counter/6/0/0/0,24802:1747647671384:,1747647682920
counter/10/0/0/0,23540:1747647667706:,1747647682920
counter/7/0/0/0,24971:1747647670352:,1747647682920
counter/1/0/0/0,22499:1747647668636:,1747647682920
counter/8/0/0/0,26225:1747647670628:,1747647682920
counter/8/0/0/0,26226:1747647670628:,1747647682920
counter/3/0/0/0,22296:1747647668357:,1747647682920
counter/9/0/0/0,28314:1747647671435:,1747647682920
counter/4/0/0/0,21793:1747647668456:,1747647682920
counter/2/0/0/0,28194:1747647672969:,1747647682920
counter/6/0/0/0,24803:1747647671385:,1747647682920
counter/6/0/0/0,24804:1747647671385:,1747647682920
counter/6/0/0/0,24805:1747647671385:,1747647682920
counter/6/0/0/0,24806:1747647671385:,1747647682920
counter/8/0/0/0,26227:1747647670629:,1747647682920
counter/8/0/0/0,26228:1747647670629:,1747647682920
counter/3/0/0/0,22297:1747647668357:,1747647682920
counter/3/0/0/0,22298:1747647668357:,1747647682920
counter/3/0/0/0,22299:1747647668357:,1747647682920
counter/3/0/0/0,22300:1747647668357:,1747647682920
counter/3/0/0/0,22301:1747647668357:,1747647682920
counter/3/0/0/0,22302:1747647668357:,1747647682920
counter/6/0/0/0,24807:1747647671385:,1747647682920
counter/6/0/0/0,24808:1747647671387:,1747647682920
counter/6/0/0/0,24809:1747647671387:,1747647682920
counter/5/0/0/0,25414:1747647670731:,1747647682920
counter/9/0/0/0,28315:1747647671440:,1747647682920
counter/4/0/0/0,21794:1747647668456:,1747647682920
counter/2/0/0/0,28195:1747647672969:,1747647682920
counter/10/0/0/0,23541:1747647667706:,1747647682920
counter/1/0/0/0,22500:1747647668636:,1747647682920
counter/3/0/0/0,22303:1747647668357:,1747647682920
counter/1/0/0/0,22501:1747647668636:,1747647682920
counter/6/0/0/0,24810:1747647671387:,1747647682920
counter/6/0/0/0,24811:1747647671413:,1747647682921
counter/6/0/0/0,24812:1747647671414:,1747647682921
counter/6/0/0/0,24813:1747647671414:,1747647682921
counter/6/0/0/0,24814:1747647671414:,1747647682921
counter/6/0/0/0,24815:1747647671414:,1747647682921
counter/6/0/0/0,24816:1747647671414:,1747647682921
counter/8/0/0/0,26229:1747647670629:,1747647682921
counter/3/0/0/0,22304:1747647668357:,1747647682921
counter/1/0/0/0,22502:1747647668636:,1747647682921
counter/5/0/0/0,25415:1747647670731:,1747647682921
counter/9/0/0/0,28316:1747647671440:,1747647682921
counter/9/0/0/0,28317:1747647671440:,1747647682921
counter/10/0/0/0,23542:1747647667706:,1747647682921
counter/4/0/0/0,21795:1747647668456:,1747647682921
counter/6/0/0/0,24817:1747647671429:,1747647682921
counter/4/0/0/0,21796:1747647668480:,1747647682921
counter/8/0/0/0,26230:1747647670629:,1747647682921
counter/3/0/0/0,22305:1747647668357:,1747647682921
counter/5/0/0/0,25416:1747647670731:,1747647682921
counter/5/0/0/0,25417:1747647670731:,1747647682921
counter/5/0/0/0,25418:1747647670731:,1747647682921
counter/5/0/0/0,25419:1747647670732:,1747647682921
counter/5/0/0/0,25420:1747647670732:,1747647682921
counter/5/0/0/0,25421:1747647670732:,1747647682921
counter/5/0/0/0,25422:1747647670737:,1747647682921
counter/5/0/0/0,25423:1747647670739:,1747647682921
counter/5/0/0/0,25424:1747647670739:,1747647682921
counter/5/0/0/0,25425:1747647670739:,1747647682921
counter/5/0/0/0,25426:1747647670739:,1747647682921
counter/1/0/0/0,22503:1747647668636:,1747647682921
counter/1/0/0/0,22504:1747647668636:,1747647682921
counter/1/0/0/0,22505:1747647668636:,1747647682921
counter/7/0/0/0,24972:1747647670370:,1747647682921
counter/4/0/0/0,21797:1747647668480:,1747647682921
counter/3/0/0/0,22306:1747647668358:,1747647682921
counter/5/0/0/0,25427:1747647670739:,1747647682921
counter/5/0/0/0,25428:1747647670739:,1747647682921
counter/5/0/0/0,25429:1747647670739:,1747647682921
counter/5/0/0/0,25430:1747647670739:,1747647682921
counter/5/0/0/0,25431:1747647670739:,1747647682921
counter/5/0/0/0,25432:1747647670739:,1747647682921
counter/5/0/0/0,25433:1747647670739:,1747647682921
counter/1/0/0/0,22506:1747647668636:,1747647682922
counter/3/0/0/0,22307:1747647668358:,1747647682922
counter/2/0/0/0,28196:1747647672969:,1747647682922
counter/10/0/0/0,23543:1747647667709:,1747647682922
counter/6/0/0/0,24818:1747647671430:,1747647682922
counter/6/0/0/0,24819:1747647671430:,1747647682922
counter/8/0/0/0,26231:1747647670629:,1747647682922
counter/6/0/0/0,24820:1747647671430:,1747647682922
counter/8/0/0/0,26232:1747647670629:,1747647682922
counter/6/0/0/0,24821:1747647671434:,1747647682922
counter/8/0/0/0,26233:1747647670629:,1747647682922
counter/6/0/0/0,24822:1747647671434:,1747647682922
counter/8/0/0/0,26234:1747647670629:,1747647682922
counter/6/0/0/0,24823:1747647671434:,1747647682922
counter/8/0/0/0,26235:1747647670629:,1747647682922
counter/4/0/0/0,21798:1747647668480:,1747647682922
counter/8/0/0/0,26236:1747647670634:,1747647682922
counter/9/0/0/0,28318:1747647671449:,1747647682922
counter/7/0/0/0,24973:1747647670370:,1747647682922
counter/3/0/0/0,22308:1747647668369:,1747647682922
counter/2/0/0/0,28197:1747647672969:,1747647682922
counter/5/0/0/0,25434:1747647670739:,1747647682922
counter/10/0/0/0,23544:1747647667709:,1747647682922
counter/10/0/0/0,23545:1747647667709:,1747647682922
counter/8/0/0/0,26237:1747647670634:,1747647682922
counter/4/0/0/0,21799:1747647668480:,1747647682922
counter/6/0/0/0,24824:1747647671434:,1747647682922
counter/9/0/0/0,28319:1747647671449:,1747647682922
counter/7/0/0/0,24974:1747647670370:,1747647682922
counter/7/0/0/0,24975:1747647670370:,1747647682922
counter/7/0/0/0,24976:1747647670370:,1747647682922
counter/7/0/0/0,24977:1747647670370:,1747647682922
counter/7/0/0/0,24978:1747647670370:,1747647682922
counter/7/0/0/0,24979:1747647670370:,1747647682922
counter/7/0/0/0,24980:1747647670370:,1747647682922
counter/1/0/0/0,22507:1747647668637:,1747647682922
counter/1/0/0/0,22508:1747647668637:,1747647682922
counter/9/0/0/0,28320:1747647671449:,1747647682923
counter/4/0/0/0,21800:1747647668481:,1747647682923
counter/2/0/0/0,28198:1747647672969:,1747647682923
counter/5/0/0/0,25435:1747647670739:,1747647682923
counter/10/0/0/0,23546:1747647667709:,1747647682923
counter/8/0/0/0,26238:1747647670644:,1747647682923
counter/8/0/0/0,26239:1747647670644:,1747647682923
counter/6/0/0/0,24825:1747647671434:,1747647682923
counter/1/0/0/0,22509:1747647668637:,1747647682923
counter/3/0/0/0,22309:1747647668369:,1747647682923
counter/1/0/0/0,22510:1747647668640:,1747647682923
counter/1/0/0/0,22511:1747647668640:,1747647682923
counter/2/0/0/0,28199:1747647672969:,1747647682923
counter/4/0/0/0,21801:1747647668481:,1747647682923
counter/10/0/0/0,23547:1747647667709:,1747647682923
counter/7/0/0/0,24981:1747647670370:,1747647682923
counter/8/0/0/0,26240:1747647670644:,1747647682923
counter/6/0/0/0,24826:1747647671434:,1747647682923
counter/9/0/0/0,28321:1747647671449:,1747647682923
counter/3/0/0/0,22310:1747647668369:,1747647682923
counter/3/0/0/0,22311:1747647668369:,1747647682923
counter/5/0/0/0,25436:1747647670739:,1747647682923
counter/2/0/0/0,28200:1747647672974:,1747647682923
counter/4/0/0/0,21802:1747647668481:,1747647682923
counter/10/0/0/0,23548:1747647667711:,1747647682923
counter/7/0/0/0,24982:1747647670370:,1747647682923
counter/8/0/0/0,26241:1747647670644:,1747647682923
counter/6/0/0/0,24827:1747647671434:,1747647682923
counter/6/0/0/0,24828:1747647671434:,1747647682923
counter/9/0/0/0,28322:1747647671450:,1747647682923
counter/9/0/0/0,28323:1747647671450:,1747647682923
counter/3/0/0/0,22312:1747647668369:,1747647682923
counter/2/0/0/0,28201:1747647672974:,1747647682923
counter/2/0/0/0,28202:1747647672974:,1747647682923
counter/2/0/0/0,28203:1747647672974:,1747647682923
counter/2/0/0/0,28204:1747647672974:,1747647682923
counter/8/0/0/0,26242:1747647670644:,1747647682923
counter/8/0/0/0,26243:1747647670647:,1747647682923
counter/8/0/0/0,26244:1747647670647:,1747647682923
counter/8/0/0/0,26245:1747647670647:,1747647682923
counter/8/0/0/0,26246:1747647670647:,1747647682923
counter/8/0/0/0,26247:1747647670647:,1747647682923
counter/8/0/0/0,26248:1747647670647:,1747647682924
counter/10/0/0/0,23549:1747647667712:,1747647682924
counter/7/0/0/0,24983:1747647670370:,1747647682924
counter/7/0/0/0,24984:1747647670371:,1747647682924
counter/7/0/0/0,24985:1747647670371:,1747647682924
counter/7/0/0/0,24986:1747647670371:,1747647682924
counter/7/0/0/0,24987:1747647670371:,1747647682924
counter/7/0/0/0,24988:1747647670372:,1747647682924
counter/7/0/0/0,24989:1747647670372:,1747647682924
counter/7/0/0/0,24990:1747647670372:,1747647682924
counter/7/0/0/0,24991:1747647670372:,1747647682924
counter/7/0/0/0,24992:1747647670372:,1747647682924
counter/7/0/0/0,24993:1747647670372:,1747647682924
counter/7/0/0/0,24994:1747647670372:,1747647682924
counter/7/0/0/0,24995:1747647670372:,1747647682924
counter/7/0/0/0,24996:1747647670372:,1747647682924
counter/7/0/0/0,24997:1747647670391:,1747647682924
counter/7/0/0/0,24998:1747647670391:,1747647682924
counter/7/0/0/0,24999:1747647670394:,1747647682924
counter/7/0/0/0,25000:1747647670394:,1747647682924
counter/7/0/0/0,25001:1747647670394:,1747647682924
counter/7/0/0/0,25002:1747647670394:,1747647682924
counter/7/0/0/0,25003:1747647670394:,1747647682924
counter/2/0/0/0,28205:1747647672974:,1747647682924
counter/3/0/0/0,22313:1747647668369:,1747647682924
counter/4/0/0/0,21803:1747647668481:,1747647682924
counter/5/0/0/0,25437:1747647670740:,1747647682924
counter/5/0/0/0,25438:1747647670740:,1747647682924
counter/5/0/0/0,25439:1747647670740:,1747647682924
counter/5/0/0/0,25440:1747647670744:,1747647682924
counter/5/0/0/0,25441:1747647670744:,1747647682924
counter/6/0/0/0,24829:1747647671434:,1747647682924
counter/6/0/0/0,24830:1747647671434:,1747647682924
counter/6/0/0/0,24831:1747647671434:,1747647682924
counter/6/0/0/0,24832:1747647671434:,1747647682924
counter/3/0/0/0,22314:1747647668369:,1747647682924
counter/10/0/0/0,23550:1747647667712:,1747647682924
counter/7/0/0/0,25004:1747647670394:,1747647682925
counter/1/0/0/0,22512:1747647668640:,1747647682925
counter/5/0/0/0,25442:1747647670744:,1747647682925
counter/5/0/0/0,25443:1747647670750:,1747647682925
counter/5/0/0/0,25444:1747647670750:,1747647682925
counter/5/0/0/0,25445:1747647670750:,1747647682925
counter/5/0/0/0,25446:1747647670750:,1747647682925
counter/5/0/0/0,25447:1747647670750:,1747647682925
counter/5/0/0/0,25448:1747647670750:,1747647682925
counter/10/0/0/0,23551:1747647667712:,1747647682925
counter/7/0/0/0,25005:1747647670394:,1747647682925
counter/1/0/0/0,22513:1747647668640:,1747647682925
counter/2/0/0/0,28206:1747647672974:,1747647682925
counter/1/0/0/0,22514:1747647668640:,1747647682925
counter/6/0/0/0,24833:1747647671434:,1747647682925
counter/1/0/0/0,22515:1747647668640:,1747647682925
counter/5/0/0/0,25449:1747647670750:,1747647682925
counter/3/0/0/0,22315:1747647668369:,1747647682925
counter/8/0/0/0,26249:1747647670647:,1747647682925
counter/10/0/0/0,23552:1747647667712:,1747647682925
counter/7/0/0/0,25006:1747647670394:,1747647682925
counter/2/0/0/0,28207:1747647672977:,1747647682925
counter/2/0/0/0,28208:1747647672978:,1747647682925
counter/6/0/0/0,24834:1747647671434:,1747647682925
counter/6/0/0/0,24835:1747647671434:,1747647682925
counter/1/0/0/0,22516:1747647668640:,1747647682925
counter/1/0/0/0,22517:1747647668640:,1747647682925
counter/3/0/0/0,22316:1747647668369:,1747647682925
counter/4/0/0/0,21804:1747647668481:,1747647682925
counter/10/0/0/0,23553:1747647667712:,1747647682925
counter/7/0/0/0,25007:1747647670394:,1747647682925
counter/7/0/0/0,25008:1747647670418:,1747647682925
counter/9/0/0/0,28324:1747647671450:,1747647682925
counter/9/0/0/0,28325:1747647671450:,1747647682925
counter/5/0/0/0,25450:1747647670750:,1747647682925
counter/9/0/0/0,28326:1747647671450:,1747647682925
counter/8/0/0/0,26250:1747647670647:,1747647682925
counter/3/0/0/0,22317:1747647668369:,1747647682925
counter/4/0/0/0,21805:1747647668481:,1747647682925
counter/10/0/0/0,23554:1747647667712:,1747647682925
counter/4/0/0/0,21806:1747647668481:,1747647682925
counter/7/0/0/0,25009:1747647670418:,1747647682925
counter/7/0/0/0,25010:1747647670418:,1747647682926
counter/7/0/0/0,25011:1747647670418:,1747647682926
counter/7/0/0/0,25012:1747647670418:,1747647682926
counter/7/0/0/0,25013:1747647670418:,1747647682926
counter/7/0/0/0,25014:1747647670418:,1747647682926
counter/7/0/0/0,25015:1747647670418:,1747647682926
counter/7/0/0/0,25016:1747647670418:,1747647682926
counter/7/0/0/0,25017:1747647670420:,1747647682926
counter/7/0/0/0,25018:1747647670420:,1747647682926
counter/7/0/0/0,25019:1747647670420:,1747647682926
counter/7/0/0/0,25020:1747647670420:,1747647682926
counter/7/0/0/0,25021:1747647670420:,1747647682926
counter/7/0/0/0,25022:1747647670420:,1747647682926
counter/7/0/0/0,25023:1747647670420:,1747647682926
counter/7/0/0/0,25024:1747647670420:,1747647682926
counter/7/0/0/0,25025:1747647670420:,1747647682926
counter/7/0/0/0,25026:1747647670420:,1747647682926
counter/7/0/0/0,25027:1747647670420:,1747647682926
counter/7/0/0/0,25028:1747647670420:,1747647682926
counter/7/0/0/0,25029:1747647670420:,1747647682926
counter/7/0/0/0,25030:1747647670420:,1747647682926
counter/7/0/0/0,25031:1747647670420:,1747647682926
counter/7/0/0/0,25032:1747647670422:,1747647682926
counter/7/0/0/0,25033:1747647670422:,1747647682926
counter/7/0/0/0,25034:1747647670422:,1747647682926
counter/7/0/0/0,25035:1747647670422:,1747647682926
counter/7/0/0/0,25036:1747647670422:,1747647682926
counter/2/0/0/0,28209:1747647672978:,1747647682926
counter/7/0/0/0,25037:1747647670422:,1747647682926
counter/5/0/0/0,25451:1747647670750:,1747647682926
counter/7/0/0/0,25038:1747647670422:,1747647682926
counter/9/0/0/0,28327:1747647671450:,1747647682926
counter/8/0/0/0,26251:1747647670647:,1747647682926
counter/7/0/0/0,25039:1747647670422:,1747647682926
counter/7/0/0/0,25040:1747647670422:,1747647682926
counter/4/0/0/0,21807:1747647668481:,1747647682926
counter/3/0/0/0,22318:1747647668369:,1747647682926
counter/7/0/0/0,25041:1747647670423:,1747647682926
counter/4/0/0/0,21808:1747647668481:,1747647682926
counter/1/0/0/0,22518:1747647668640:,1747647682926
counter/6/0/0/0,24836:1747647671434:,1747647682926
counter/2/0/0/0,28210:1747647672978:,1747647682926
counter/5/0/0/0,25452:1747647670750:,1747647682927
counter/9/0/0/0,28328:1747647671450:,1747647682927
counter/8/0/0/0,26252:1747647670647:,1747647682927
counter/10/0/0/0,23555:1747647667712:,1747647682927
counter/3/0/0/0,22319:1747647668369:,1747647682927
counter/4/0/0/0,21809:1747647668481:,1747647682927
counter/7/0/0/0,25042:1747647670423:,1747647682927
counter/4/0/0/0,21810:1747647668481:,1747647682927
counter/4/0/0/0,21811:1747647668481:,1747647682927
counter/2/0/0/0,28211:1747647672978:,1747647682927
counter/1/0/0/0,22519:1747647668640:,1747647682927
counter/9/0/0/0,28329:1747647671450:,1747647682927
counter/8/0/0/0,26253:1747647670647:,1747647682927
counter/10/0/0/0,23556:1747647667712:,1747647682927
counter/3/0/0/0,22320:1747647668369:,1747647682927
counter/7/0/0/0,25043:1747647670423:,1747647682927
counter/7/0/0/0,25044:1747647670423:,1747647682927
counter/7/0/0/0,25045:1747647670423:,1747647682927
counter/7/0/0/0,25046:1747647670423:,1747647682927
counter/7/0/0/0,25047:1747647670423:,1747647682927
counter/8/0/0/0,26254:1747647670647:,1747647682927
counter/7/0/0/0,25048:1747647670423:,1747647682927
counter/9/0/0/0,28330:1747647671450:,1747647682927
counter/10/0/0/0,23557:1747647667712:,1747647682927
counter/3/0/0/0,22321:1747647668369:,1747647682927
counter/5/0/0/0,25453:1747647670750:,1747647682927
counter/2/0/0/0,28212:1747647672978:,1747647682927
counter/2/0/0/0,28213:1747647672978:,1747647682927
counter/2/0/0/0,28214:1747647672978:,1747647682927
counter/2/0/0/0,28215:1747647672978:,1747647682927
counter/2/0/0/0,28216:1747647672980:,1747647682927
counter/2/0/0/0,28217:1747647672980:,1747647682927
counter/2/0/0/0,28218:1747647672989:,1747647682927
counter/2/0/0/0,28219:1747647672989:,1747647682927
counter/2/0/0/0,28220:1747647672989:,1747647682928
counter/2/0/0/0,28221:1747647672989:,1747647682928
counter/2/0/0/0,28222:1747647672989:,1747647682928
counter/2/0/0/0,28223:1747647672989:,1747647682928
counter/6/0/0/0,24837:1747647671435:,1747647682928
counter/2/0/0/0,28224:1747647672989:,1747647682928
counter/8/0/0/0,26255:1747647670653:,1747647682928
counter/8/0/0/0,26256:1747647670653:,1747647682928
counter/8/0/0/0,26257:1747647670653:,1747647682928
counter/8/0/0/0,26258:1747647670653:,1747647682928
counter/8/0/0/0,26259:1747647670653:,1747647682928
counter/8/0/0/0,26260:1747647670653:,1747647682928
counter/8/0/0/0,26261:1747647670653:,1747647682928
counter/8/0/0/0,26262:1747647670653:,1747647682928
counter/8/0/0/0,26263:1747647670653:,1747647682928
counter/8/0/0/0,26264:1747647670653:,1747647682928
counter/3/0/0/0,22322:1747647668369:,1747647682928
counter/7/0/0/0,25049:1747647670423:,1747647682928
counter/2/0/0/0,28225:1747647672989:,1747647682928
counter/5/0/0/0,25454:1747647670750:,1747647682928
counter/5/0/0/0,25455:1747647670750:,1747647682928
counter/5/0/0/0,25456:1747647670752:,1747647682928
counter/5/0/0/0,25457:1747647670752:,1747647682928
counter/5/0/0/0,25458:1747647670754:,1747647682928
counter/5/0/0/0,25459:1747647670755:,1747647682928
counter/5/0/0/0,25460:1747647670755:,1747647682928
counter/5/0/0/0,25461:1747647670755:,1747647682928
counter/5/0/0/0,25462:1747647670755:,1747647682928
counter/5/0/0/0,25463:1747647670755:,1747647682928
counter/5/0/0/0,25464:1747647670755:,1747647682928
counter/5/0/0/0,25465:1747647670760:,1747647682928
counter/5/0/0/0,25466:1747647670760:,1747647682928
counter/5/0/0/0,25467:1747647670760:,1747647682928
counter/5/0/0/0,25468:1747647670760:,1747647682928
counter/5/0/0/0,25469:1747647670762:,1747647682928
counter/5/0/0/0,25470:1747647670762:,1747647682928
counter/5/0/0/0,25471:1747647670766:,1747647682928
counter/5/0/0/0,25472:1747647670766:,1747647682928
counter/5/0/0/0,25473:1747647670766:,1747647682928
counter/5/0/0/0,25474:1747647670766:,1747647682928
counter/5/0/0/0,25475:1747647670766:,1747647682928
counter/5/0/0/0,25476:1747647670766:,1747647682928
counter/5/0/0/0,25477:1747647670767:,1747647682929
counter/5/0/0/0,25478:1747647670767:,1747647682929
counter/5/0/0/0,25479:1747647670767:,1747647682929
counter/5/0/0/0,25480:1747647670767:,1747647682929
counter/5/0/0/0,25481:1747647670767:,1747647682929
counter/5/0/0/0,25482:1747647670767:,1747647682929
counter/5/0/0/0,25483:1747647670767:,1747647682929
counter/5/0/0/0,25484:1747647670767:,1747647682929
counter/5/0/0/0,25485:1747647670767:,1747647682929
counter/5/0/0/0,25486:1747647670768:,1747647682929
counter/5/0/0/0,25487:1747647670768:,1747647682929
counter/5/0/0/0,25488:1747647670769:,1747647682929
counter/5/0/0/0,25489:1747647670769:,1747647682929
counter/5/0/0/0,25490:1747647670769:,1747647682929
counter/5/0/0/0,25491:1747647670769:,1747647682929
counter/5/0/0/0,25492:1747647670769:,1747647682929
counter/2/0/0/0,28226:1747647672989:,1747647682929
counter/5/0/0/0,25493:1747647670769:,1747647682929
counter/2/0/0/0,28227:1747647672990:,1747647682929
counter/5/0/0/0,25494:1747647670769:,1747647682929
counter/2/0/0/0,28228:1747647672990:,1747647682929
counter/5/0/0/0,25495:1747647670769:,1747647682929
counter/2/0/0/0,28229:1747647672990:,1747647682929
counter/10/0/0/0,23558:1747647667712:,1747647682929
counter/3/0/0/0,22323:1747647668372:,1747647682929
counter/10/0/0/0,23559:1747647667712:,1747647682929
counter/10/0/0/0,23560:1747647667718:,1747647682929
counter/10/0/0/0,23561:1747647667718:,1747647682929
counter/10/0/0/0,23562:1747647667721:,1747647682929
counter/10/0/0/0,23563:1747647667721:,1747647682929
counter/10/0/0/0,23564:1747647667721:,1747647682929
counter/10/0/0/0,23565:1747647667721:,1747647682929
counter/10/0/0/0,23566:1747647667721:,1747647682929
counter/10/0/0/0,23567:1747647667734:,1747647682929
counter/10/0/0/0,23568:1747647667737:,1747647682930
counter/10/0/0/0,23569:1747647667737:,1747647682930
counter/10/0/0/0,23570:1747647667737:,1747647682930
counter/10/0/0/0,23571:1747647667737:,1747647682930
counter/10/0/0/0,23572:1747647667737:,1747647682930
counter/7/0/0/0,25050:1747647670423:,1747647682930
counter/10/0/0/0,23573:1747647667737:,1747647682930
counter/9/0/0/0,28331:1747647671450:,1747647682930
counter/5/0/0/0,25496:1747647670770:,1747647682930
counter/10/0/0/0,23574:1747647667737:,1747647682930
counter/3/0/0/0,22324:1747647668373:,1747647682930
counter/3/0/0/0,22325:1747647668373:,1747647682930
counter/3/0/0/0,22326:1747647668373:,1747647682930
counter/3/0/0/0,22327:1747647668373:,1747647682930
counter/3/0/0/0,22328:1747647668373:,1747647682930
counter/7/0/0/0,25051:1747647670423:,1747647682930
counter/3/0/0/0,22329:1747647668373:,1747647682930
counter/9/0/0/0,28332:1747647671450:,1747647682930
counter/3/0/0/0,22330:1747647668373:,1747647682930
counter/5/0/0/0,25497:1747647670770:,1747647682930
counter/8/0/0/0,26265:1747647670653:,1747647682930
counter/4/0/0/0,21812:1747647668481:,1747647682930
counter/6/0/0/0,24838:1747647671435:,1747647682930
counter/4/0/0/0,21813:1747647668481:,1747647682930
counter/2/0/0/0,28230:1747647672990:,1747647682930
counter/4/0/0/0,21814:1747647668482:,1747647682930
counter/4/0/0/0,21815:1747647668482:,1747647682930
counter/7/0/0/0,25052:1747647670423:,1747647682930
counter/9/0/0/0,28333:1747647671450:,1747647682930
counter/5/0/0/0,25498:1747647670770:,1747647682930
counter/5/0/0/0,25499:1747647670770:,1747647682930
counter/10/0/0/0,23575:1747647667738:,1747647682930
counter/8/0/0/0,26266:1747647670653:,1747647682930
counter/3/0/0/0,22331:1747647668373:,1747647682930
counter/2/0/0/0,28231:1747647672990:,1747647682930
counter/4/0/0/0,21816:1747647668482:,1747647682930
counter/7/0/0/0,25053:1747647670423:,1747647682930
counter/9/0/0/0,28334:1747647671450:,1747647682930
counter/1/0/0/0,22520:1747647668647:,1747647682930
counter/5/0/0/0,25500:1747647670770:,1747647682930
counter/6/0/0/0,24839:1747647671435:,1747647682930
counter/4/0/0/0,21817:1747647668482:,1747647682930
counter/8/0/0/0,26267:1747647670653:,1747647682930
counter/3/0/0/0,22332:1747647668373:,1747647682930
counter/3/0/0/0,22333:1747647668373:,1747647682931
counter/3/0/0/0,22334:1747647668373:,1747647682931
counter/3/0/0/0,22335:1747647668373:,1747647682931
counter/3/0/0/0,22336:1747647668373:,1747647682931
counter/3/0/0/0,22337:1747647668375:,1747647682931
counter/1/0/0/0,22521:1747647668653:,1747647682931
counter/6/0/0/0,24840:1747647671435:,1747647682931
counter/8/0/0/0,26268:1747647670654:,1747647682931
counter/4/0/0/0,21818:1747647668482:,1747647682931
counter/2/0/0/0,28232:1747647673009:,1747647682931
counter/7/0/0/0,25054:1747647670423:,1747647682931
counter/5/0/0/0,25501:1747647670770:,1747647682931
counter/9/0/0/0,28335:1747647671450:,1747647682931
counter/3/0/0/0,22338:1747647668375:,1747647682931
counter/10/0/0/0,23576:1747647667738:,1747647682931
counter/6/0/0/0,24841:1747647671435:,1747647682931
counter/10/0/0/0,23577:1747647667740:,1747647682931
counter/10/0/0/0,23578:1747647667740:,1747647682931
counter/10/0/0/0,23579:1747647667740:,1747647682931
counter/10/0/0/0,23580:1747647667740:,1747647682931
counter/10/0/0/0,23581:1747647667740:,1747647682931
counter/5/0/0/0,25502:1747647670770:,1747647682931
counter/9/0/0/0,28336:1747647671451:,1747647682931
counter/3/0/0/0,22339:1747647668375:,1747647682931
counter/6/0/0/0,24842:1747647671435:,1747647682931
counter/8/0/0/0,26269:1747647670654:,1747647682931
counter/1/0/0/0,22522:1747647668653:,1747647682931
counter/8/0/0/0,26270:1747647670654:,1747647682931
counter/4/0/0/0,21819:1747647668482:,1747647682931
counter/10/0/0/0,23582:1747647667740:,1747647682931
counter/4/0/0/0,21820:1747647668482:,1747647682931
counter/5/0/0/0,25503:1747647670770:,1747647682931
counter/9/0/0/0,28337:1747647671451:,1747647682931
counter/3/0/0/0,22340:1747647668375:,1747647682931
counter/6/0/0/0,24843:1747647671435:,1747647682931
counter/6/0/0/0,24844:1747647671444:,1747647682931
counter/6/0/0/0,24845:1747647671444:,1747647682931
counter/6/0/0/0,24846:1747647671444:,1747647682931
counter/6/0/0/0,24847:1747647671444:,1747647682932
counter/6/0/0/0,24848:1747647671444:,1747647682932
counter/6/0/0/0,24849:1747647671444:,1747647682932
counter/6/0/0/0,24850:1747647671444:,1747647682932
counter/6/0/0/0,24851:1747647671444:,1747647682932
counter/6/0/0/0,24852:1747647671444:,1747647682932
counter/6/0/0/0,24853:1747647671444:,1747647682932
counter/6/0/0/0,24854:1747647671444:,1747647682932
counter/6/0/0/0,24855:1747647671444:,1747647682932
counter/6/0/0/0,24856:1747647671444:,1747647682932
counter/6/0/0/0,24857:1747647671444:,1747647682932
counter/6/0/0/0,24858:1747647671445:,1747647682932
counter/6/0/0/0,24859:1747647671445:,1747647682932
counter/6/0/0/0,24860:1747647671445:,1747647682932
counter/6/0/0/0,24861:1747647671446:,1747647682932
counter/6/0/0/0,24862:1747647671446:,1747647682932
counter/1/0/0/0,22523:1747647668653:,1747647682932
counter/10/0/0/0,23583:1747647667740:,1747647682932
counter/5/0/0/0,25504:1747647670770:,1747647682932
counter/9/0/0/0,28338:1747647671451:,1747647682932
counter/4/0/0/0,21821:1747647668482:,1747647682932
counter/3/0/0/0,22341:1747647668375:,1747647682932
counter/8/0/0/0,26271:1747647670670:,1747647682932
counter/6/0/0/0,24863:1747647671446:,1747647682932
counter/6/0/0/0,24864:1747647671446:,1747647682932
counter/6/0/0/0,24865:1747647671446:,1747647682932
counter/6/0/0/0,24866:1747647671446:,1747647682932
counter/6/0/0/0,24867:1747647671446:,1747647682932
counter/1/0/0/0,22524:1747647668653:,1747647682932
counter/9/0/0/0,28339:1747647671451:,1747647682932
counter/4/0/0/0,21822:1747647668482:,1747647682932
counter/3/0/0/0,22342:1747647668384:,1747647682932
counter/8/0/0/0,26272:1747647670670:,1747647682932
counter/2/0/0/0,28233:1747647673010:,1747647682932
counter/10/0/0/0,23584:1747647667740:,1747647682932
counter/6/0/0/0,24868:1747647671447:,1747647682932
counter/6/0/0/0,24869:1747647671448:,1747647682932
counter/5/0/0/0,25505:1747647670770:,1747647682932
counter/5/0/0/0,25506:1747647670770:,1747647682933
counter/9/0/0/0,28340:1747647671451:,1747647682933
counter/4/0/0/0,21823:1747647668482:,1747647682933
counter/3/0/0/0,22343:1747647668384:,1747647682933
counter/8/0/0/0,26273:1747647670670:,1747647682933
counter/2/0/0/0,28234:1747647673010:,1747647682933
counter/10/0/0/0,23585:1747647667740:,1747647682933
counter/6/0/0/0,24870:1747647671448:,1747647682933
counter/6/0/0/0,24871:1747647671448:,1747647682933
counter/6/0/0/0,24872:1747647671448:,1747647682933
counter/6/0/0/0,24873:1747647671448:,1747647682933
counter/6/0/0/0,24874:1747647671448:,1747647682933
counter/6/0/0/0,24875:1747647671448:,1747647682933
counter/6/0/0/0,24876:1747647671448:,1747647682933
counter/6/0/0/0,24877:1747647671466:,1747647682933
counter/6/0/0/0,24878:1747647671467:,1747647682933
counter/6/0/0/0,24879:1747647671467:,1747647682933
counter/6/0/0/0,24880:1747647671467:,1747647682933
counter/6/0/0/0,24881:1747647671467:,1747647682933
counter/6/0/0/0,24882:1747647671467:,1747647682933
counter/6/0/0/0,24883:1747647671467:,1747647682933
counter/6/0/0/0,24884:1747647671467:,1747647682933
counter/6/0/0/0,24885:1747647671467:,1747647682933
counter/6/0/0/0,24886:1747647671467:,1747647682933
counter/6/0/0/0,24887:1747647671471:,1747647682933
counter/6/0/0/0,24888:1747647671471:,1747647682933
counter/6/0/0/0,24889:1747647671471:,1747647682933
counter/6/0/0/0,24890:1747647671471:,1747647682933
counter/6/0/0/0,24891:1747647671471:,1747647682933
counter/6/0/0/0,24892:1747647671471:,1747647682933
counter/10/0/0/0,23586:1747647667740:,1747647682933
counter/6/0/0/0,24893:1747647671471:,1747647682933
counter/5/0/0/0,25507:1747647670770:,1747647682933
counter/6/0/0/0,24894:1747647671472:,1747647682933
counter/6/0/0/0,24895:1747647671472:,1747647682933
counter/1/0/0/0,22525:1747647668653:,1747647682933
counter/9/0/0/0,28341:1747647671451:,1747647682933
counter/1/0/0/0,22526:1747647668653:,1747647682933
counter/8/0/0/0,26274:1747647670670:,1747647682933
counter/4/0/0/0,21824:1747647668482:,1747647682933
counter/2/0/0/0,28235:1747647673010:,1747647682933
counter/6/0/0/0,24896:1747647671472:,1747647682934
counter/6/0/0/0,24897:1747647671472:,1747647682934
counter/10/0/0/0,23587:1747647667741:,1747647682934
counter/5/0/0/0,25508:1747647670770:,1747647682934
counter/3/0/0/0,22344:1747647668384:,1747647682934
counter/9/0/0/0,28342:1747647671451:,1747647682934
counter/1/0/0/0,22527:1747647668657:,1747647682934
counter/8/0/0/0,26275:1747647670670:,1747647682934
counter/1/0/0/0,22528:1747647668657:,1747647682934
counter/2/0/0/0,28236:1747647673010:,1747647682934
counter/4/0/0/0,21825:1747647668482:,1747647682934
counter/7/0/0/0,25055:1747647670423:,1747647682934
counter/1/0/0/0,22529:1747647668657:,1747647682934
counter/5/0/0/0,25509:1747647670770:,1747647682934
counter/3/0/0/0,22345:1747647668384:,1747647682934
counter/9/0/0/0,28343:1747647671451:,1747647682934
counter/8/0/0/0,26276:1747647670670:,1747647682934
counter/6/0/0/0,24898:1747647671472:,1747647682934
counter/2/0/0/0,28237:1747647673010:,1747647682934
counter/10/0/0/0,23588:1747647667741:,1747647682934
counter/7/0/0/0,25056:1747647670423:,1747647682934
counter/4/0/0/0,21826:1747647668482:,1747647682934
counter/5/0/0/0,25510:1747647670770:,1747647682934
counter/5/0/0/0,25511:1747647670770:,1747647682934
counter/5/0/0/0,25512:1747647670771:,1747647682934
counter/5/0/0/0,25513:1747647670771:,1747647682934
counter/5/0/0/0,25514:1747647670771:,1747647682934
counter/5/0/0/0,25515:1747647670771:,1747647682934
counter/5/0/0/0,25516:1747647670774:,1747647682934
counter/5/0/0/0,25517:1747647670777:,1747647682934
counter/5/0/0/0,25518:1747647670778:,1747647682934
counter/5/0/0/0,25519:1747647670783:,1747647682934
counter/5/0/0/0,25520:1747647670790:,1747647682934
counter/5/0/0/0,25521:1747647670793:,1747647682934
counter/1/0/0/0,22530:1747647668657:,1747647682934
counter/2/0/0/0,28238:1747647673010:,1747647682935
counter/1/0/0/0,22531:1747647668657:,1747647682935
counter/10/0/0/0,23589:1747647667741:,1747647682935
counter/7/0/0/0,25057:1747647670423:,1747647682935
counter/4/0/0/0,21827:1747647668482:,1747647682935
counter/3/0/0/0,22346:1747647668384:,1747647682935
counter/4/0/0/0,21828:1747647668483:,1747647682935
counter/5/0/0/0,25522:1747647670815:,1747647682935
counter/5/0/0/0,25523:1747647670817:,1747647682935
counter/5/0/0/0,25524:1747647670817:,1747647682935
counter/5/0/0/0,25525:1747647670817:,1747647682935
counter/5/0/0/0,25526:1747647670817:,1747647682935
counter/5/0/0/0,25527:1747647670817:,1747647682935
counter/5/0/0/0,25528:1747647670817:,1747647682935
counter/5/0/0/0,25529:1747647670817:,1747647682935
counter/5/0/0/0,25530:1747647670817:,1747647682935
counter/3/0/0/0,22347:1747647668384:,1747647682935
counter/2/0/0/0,28239:1747647673010:,1747647682935
counter/1/0/0/0,22532:1747647668657:,1747647682935
counter/9/0/0/0,28344:1747647671451:,1747647682935
counter/1/0/0/0,22533:1747647668657:,1747647682935
counter/1/0/0/0,22534:1747647668657:,1747647682935
counter/3/0/0/0,22348:1747647668384:,1747647682935
counter/4/0/0/0,21829:1747647668483:,1747647682935
counter/8/0/0/0,26277:1747647670670:,1747647682935
counter/4/0/0/0,21830:1747647668483:,1747647682935
counter/2/0/0/0,28240:1747647673010:,1747647682935
counter/10/0/0/0,23590:1747647667741:,1747647682935
counter/7/0/0/0,25058:1747647670423:,1747647682935
counter/9/0/0/0,28345:1747647671451:,1747647682935
counter/1/0/0/0,22535:1747647668657:,1747647682935
counter/6/0/0/0,24899:1747647671472:,1747647682935
counter/1/0/0/0,22536:1747647668657:,1747647682935
counter/8/0/0/0,26278:1747647670670:,1747647682935
counter/1/0/0/0,22537:1747647668657:,1747647682935
counter/1/0/0/0,22538:1747647668657:,1747647682935
counter/2/0/0/0,28241:1747647673010:,1747647682935
counter/4/0/0/0,21831:1747647668483:,1747647682935
counter/7/0/0/0,25059:1747647670423:,1747647682935
counter/1/0/0/0,22539:1747647668657:,1747647682936
counter/3/0/0/0,22349:1747647668384:,1747647682936
counter/6/0/0/0,24900:1747647671472:,1747647682936
counter/6/0/0/0,24901:1747647671472:,1747647682936
counter/6/0/0/0,24902:1747647671472:,1747647682936
counter/6/0/0/0,24903:1747647671472:,1747647682936
counter/2/0/0/0,28242:1747647673010:,1747647682936
counter/2/0/0/0,28243:1747647673010:,1747647682936
counter/2/0/0/0,28244:1747647673010:,1747647682936
counter/2/0/0/0,28245:1747647673010:,1747647682936
counter/4/0/0/0,21832:1747647668483:,1747647682936
counter/3/0/0/0,22350:1747647668384:,1747647682936
counter/8/0/0/0,26279:1747647670670:,1747647682936
counter/8/0/0/0,26280:1747647670670:,1747647682936
counter/8/0/0/0,26281:1747647670670:,1747647682936
counter/8/0/0/0,26282:1747647670670:,1747647682936
counter/8/0/0/0,26283:1747647670670:,1747647682936
counter/8/0/0/0,26284:1747647670670:,1747647682936
counter/8/0/0/0,26285:1747647670676:,1747647682936
counter/8/0/0/0,26286:1747647670676:,1747647682936
counter/8/0/0/0,26287:1747647670676:,1747647682936
counter/8/0/0/0,26288:1747647670676:,1747647682936
counter/8/0/0/0,26289:1747647670676:,1747647682936
counter/8/0/0/0,26290:1747647670676:,1747647682936
counter/8/0/0/0,26291:1747647670676:,1747647682936
counter/8/0/0/0,26292:1747647670685:,1747647682936
counter/8/0/0/0,26293:1747647670685:,1747647682936
counter/8/0/0/0,26294:1747647670685:,1747647682936
counter/8/0/0/0,26295:1747647670685:,1747647682936
counter/8/0/0/0,26296:1747647670685:,1747647682936
counter/2/0/0/0,28246:1747647673010:,1747647682936
counter/8/0/0/0,26297:1747647670685:,1747647682936
counter/7/0/0/0,25060:1747647670423:,1747647682936
counter/8/0/0/0,26298:1747647670691:,1747647682936
counter/9/0/0/0,28346:1747647671451:,1747647682936
counter/3/0/0/0,22351:1747647668384:,1747647682936
counter/1/0/0/0,22540:1747647668657:,1747647682936
counter/1/0/0/0,22541:1747647668657:,1747647682936
counter/10/0/0/0,23591:1747647667741:,1747647682936
counter/6/0/0/0,24904:1747647671473:,1747647682936
counter/8/0/0/0,26299:1747647670694:,1747647682936
counter/8/0/0/0,26300:1747647670694:,1747647682937
counter/8/0/0/0,26301:1747647670694:,1747647682937
counter/8/0/0/0,26302:1747647670694:,1747647682937
counter/8/0/0/0,26303:1747647670694:,1747647682937
counter/8/0/0/0,26304:1747647670694:,1747647682937
counter/8/0/0/0,26305:1747647670694:,1747647682937
counter/8/0/0/0,26306:1747647670695:,1747647682937
counter/8/0/0/0,26307:1747647670695:,1747647682937
counter/8/0/0/0,26308:1747647670695:,1747647682937
counter/8/0/0/0,26309:1747647670695:,1747647682937
counter/8/0/0/0,26310:1747647670697:,1747647682937
counter/8/0/0/0,26311:1747647670697:,1747647682937
counter/8/0/0/0,26312:1747647670697:,1747647682937
counter/4/0/0/0,21833:1747647668483:,1747647682937
counter/4/0/0/0,21834:1747647668483:,1747647682937
counter/3/0/0/0,22352:1747647668384:,1747647682937
counter/4/0/0/0,21835:1747647668483:,1747647682937
counter/6/0/0/0,24905:1747647671473:,1747647682937
counter/6/0/0/0,24906:1747647671473:,1747647682937
counter/6/0/0/0,24907:1747647671473:,1747647682937
counter/6/0/0/0,24908:1747647671473:,1747647682937
counter/6/0/0/0,24909:1747647671473:,1747647682937
counter/5/0/0/0,25531:1747647670817:,1747647682937
counter/10/0/0/0,23592:1747647667741:,1747647682937
counter/3/0/0/0,22353:1747647668384:,1747647682937
counter/4/0/0/0,21836:1747647668483:,1747647682937
counter/4/0/0/0,21837:1747647668483:,1747647682937
counter/2/0/0/0,28247:1747647673010:,1747647682937
counter/1/0/0/0,22542:1747647668658:,1747647682937
counter/8/0/0/0,26313:1747647670702:,1747647682937
counter/1/0/0/0,22543:1747647668658:,1747647682937
counter/7/0/0/0,25061:1747647670423:,1747647682937
counter/5/0/0/0,25532:1747647670817:,1747647682937
counter/5/0/0/0,25533:1747647670817:,1747647682937
counter/3/0/0/0,22354:1747647668384:,1747647682937
counter/4/0/0/0,21838:1747647668483:,1747647682937
counter/2/0/0/0,28248:1747647673010:,1747647682937
counter/4/0/0/0,21839:1747647668491:,1747647682938
counter/6/0/0/0,24910:1747647671473:,1747647682938
counter/8/0/0/0,26314:1747647670702:,1747647682938
counter/1/0/0/0,22544:1747647668659:,1747647682938
counter/7/0/0/0,25062:1747647670423:,1747647682938
counter/1/0/0/0,22545:1747647668659:,1747647682938
counter/5/0/0/0,25534:1747647670817:,1747647682938
counter/3/0/0/0,22355:1747647668385:,1747647682938
counter/2/0/0/0,28249:1747647673010:,1747647682938
counter/2/0/0/0,28250:1747647673010:,1747647682938
counter/4/0/0/0,21840:1747647668491:,1747647682938
counter/6/0/0/0,24911:1747647671473:,1747647682938
counter/4/0/0/0,21841:1747647668492:,1747647682938
counter/10/0/0/0,23593:1747647667741:,1747647682938
counter/7/0/0/0,25063:1747647670436:,1747647682938
counter/7/0/0/0,25064:1747647670436:,1747647682938
counter/5/0/0/0,25535:1747647670817:,1747647682938
counter/3/0/0/0,22356:1747647668389:,1747647682938
counter/2/0/0/0,28251:1747647673010:,1747647682938
counter/2/0/0/0,28252:1747647673010:,1747647682938
counter/2/0/0/0,28253:1747647673010:,1747647682938
counter/2/0/0/0,28254:1747647673010:,1747647682938
counter/2/0/0/0,28255:1747647673010:,1747647682938
counter/2/0/0/0,28256:1747647673010:,1747647682938
counter/2/0/0/0,28257:1747647673011:,1747647682938
counter/7/0/0/0,25065:1747647670436:,1747647682938
counter/5/0/0/0,25536:1747647670817:,1747647682938
counter/3/0/0/0,22357:1747647668395:,1747647682938
counter/8/0/0/0,26315:1747647670702:,1747647682938
counter/6/0/0/0,24912:1747647671473:,1747647682938
counter/4/0/0/0,21842:1747647668492:,1747647682938
counter/10/0/0/0,23594:1747647667745:,1747647682938
counter/4/0/0/0,21843:1747647668492:,1747647682938
counter/10/0/0/0,23595:1747647667745:,1747647682938
counter/1/0/0/0,22546:1747647668659:,1747647682938
counter/7/0/0/0,25066:1747647670436:,1747647682938
counter/1/0/0/0,22547:1747647668662:,1747647682938
counter/3/0/0/0,22358:1747647668395:,1747647682938
counter/8/0/0/0,26316:1747647670702:,1747647682938
counter/6/0/0/0,24913:1747647671475:,1747647682938
counter/2/0/0/0,28258:1747647673011:,1747647682938
counter/4/0/0/0,21844:1747647668492:,1747647682939
counter/9/0/0/0,28347:1747647671451:,1747647682939
counter/10/0/0/0,23596:1747647667745:,1747647682939
counter/5/0/0/0,25537:1747647670817:,1747647682939
counter/7/0/0/0,25067:1747647670436:,1747647682939
counter/7/0/0/0,25068:1747647670438:,1747647682939
counter/7/0/0/0,25069:1747647670438:,1747647682939
counter/7/0/0/0,25070:1747647670438:,1747647682939
counter/7/0/0/0,25071:1747647670438:,1747647682939
counter/7/0/0/0,25072:1747647670438:,1747647682939
counter/7/0/0/0,25073:1747647670438:,1747647682939
counter/9/0/0/0,28348:1747647671451:,1747647682939
counter/10/0/0/0,23597:1747647667748:,1747647682939
counter/5/0/0/0,25538:1747647670817:,1747647682939
counter/1/0/0/0,22548:1747647668662:,1747647682939
counter/3/0/0/0,22359:1747647668395:,1747647682939
counter/1/0/0/0,22549:1747647668662:,1747647682939
counter/2/0/0/0,28259:1747647673011:,1747647682939
counter/7/0/0/0,25074:1747647670438:,1747647682939
counter/4/0/0/0,21845:1747647668492:,1747647682939
counter/6/0/0/0,24914:1747647671475:,1747647682939
counter/9/0/0/0,28349:1747647671451:,1747647682939
counter/10/0/0/0,23598:1747647667748:,1747647682939
counter/5/0/0/0,25539:1747647670820:,1747647682939
counter/5/0/0/0,25540:1747647670820:,1747647682939
counter/5/0/0/0,25541:1747647670820:,1747647682939
counter/5/0/0/0,25542:1747647670822:,1747647682939
counter/5/0/0/0,25543:1747647670823:,1747647682939
counter/5/0/0/0,25544:1747647670830:,1747647682939
counter/5/0/0/0,25545:1747647670830:,1747647682939
counter/5/0/0/0,25546:1747647670830:,1747647682939
counter/5/0/0/0,25547:1747647670830:,1747647682939
counter/5/0/0/0,25548:1747647670830:,1747647682939
counter/5/0/0/0,25549:1747647670831:,1747647682939
counter/5/0/0/0,25550:1747647670831:,1747647682939
counter/5/0/0/0,25551:1747647670831:,1747647682939
counter/5/0/0/0,25552:1747647670831:,1747647682939
counter/1/0/0/0,22550:1747647668662:,1747647682939
counter/1/0/0/0,22551:1747647668662:,1747647682939
counter/9/0/0/0,28350:1747647671452:,1747647682940
counter/10/0/0/0,23599:1747647667748:,1747647682940
counter/3/0/0/0,22360:1747647668395:,1747647682940
counter/2/0/0/0,28260:1747647673011:,1747647682940
counter/7/0/0/0,25075:1747647670439:,1747647682940
counter/8/0/0/0,26317:1747647670703:,1747647682940
counter/8/0/0/0,26318:1747647670703:,1747647682940
counter/8/0/0/0,26319:1747647670703:,1747647682940
counter/8/0/0/0,26320:1747647670717:,1747647682940
counter/8/0/0/0,26321:1747647670717:,1747647682940
counter/8/0/0/0,26322:1747647670717:,1747647682940
counter/8/0/0/0,26323:1747647670717:,1747647682940
counter/8/0/0/0,26324:1747647670717:,1747647682940
counter/8/0/0/0,26325:1747647670717:,1747647682940
counter/8/0/0/0,26326:1747647670717:,1747647682940
counter/8/0/0/0,26327:1747647670717:,1747647682940
counter/8/0/0/0,26328:1747647670718:,1747647682940
counter/8/0/0/0,26329:1747647670719:,1747647682940
counter/8/0/0/0,26330:1747647670719:,1747647682940
counter/8/0/0/0,26331:1747647670719:,1747647682940
counter/8/0/0/0,26332:1747647670719:,1747647682940
counter/7/0/0/0,25076:1747647670443:,1747647682940
counter/8/0/0/0,26333:1747647670719:,1747647682940
counter/7/0/0/0,25077:1747647670443:,1747647682940
counter/7/0/0/0,25078:1747647670443:,1747647682940
counter/10/0/0/0,23600:1747647667748:,1747647682940
counter/7/0/0/0,25079:1747647670443:,1747647682940
counter/3/0/0/0,22361:1747647668395:,1747647682940
counter/4/0/0/0,21846:1747647668492:,1747647682940
counter/8/0/0/0,26334:1747647670719:,1747647682940
counter/4/0/0/0,21847:1747647668492:,1747647682940
counter/2/0/0/0,28261:1747647673011:,1747647682940
counter/4/0/0/0,21848:1747647668492:,1747647682940
counter/7/0/0/0,25080:1747647670443:,1747647682940
counter/4/0/0/0,21849:1747647668492:,1747647682940
counter/6/0/0/0,24915:1747647671475:,1747647682940
counter/10/0/0/0,23601:1747647667748:,1747647682940
counter/3/0/0/0,22362:1747647668395:,1747647682940
counter/8/0/0/0,26335:1747647670719:,1747647682941
counter/8/0/0/0,26336:1747647670719:,1747647682941
counter/8/0/0/0,26337:1747647670719:,1747647682941
counter/8/0/0/0,26338:1747647670720:,1747647682941
counter/8/0/0/0,26339:1747647670720:,1747647682941
counter/8/0/0/0,26340:1747647670720:,1747647682941
counter/8/0/0/0,26341:1747647670720:,1747647682941
counter/4/0/0/0,21850:1747647668492:,1747647682941
counter/10/0/0/0,23602:1747647667748:,1747647682941
counter/4/0/0/0,21851:1747647668492:,1747647682941
counter/9/0/0/0,28351:1747647671452:,1747647682941
counter/1/0/0/0,22552:1747647668662:,1747647682941
counter/7/0/0/0,25081:1747647670443:,1747647682941
counter/1/0/0/0,22553:1747647668662:,1747647682941
counter/8/0/0/0,26342:1747647670720:,1747647682941
counter/1/0/0/0,22554:1747647668672:,1747647682941
counter/3/0/0/0,22363:1747647668395:,1747647682941
counter/10/0/0/0,23603:1747647667748:,1747647682941
counter/10/0/0/0,23604:1747647667748:,1747647682941
counter/10/0/0/0,23605:1747647667748:,1747647682941
counter/10/0/0/0,23606:1747647667748:,1747647682941
counter/10/0/0/0,23607:1747647667748:,1747647682941
counter/10/0/0/0,23608:1747647667748:,1747647682941
counter/10/0/0/0,23609:1747647667748:,1747647682941
counter/10/0/0/0,23610:1747647667748:,1747647682941
counter/10/0/0/0,23611:1747647667749:,1747647682941
counter/10/0/0/0,23612:1747647667749:,1747647682941
counter/2/0/0/0,28262:1747647673011:,1747647682941
counter/10/0/0/0,23613:1747647667749:,1747647682941
counter/8/0/0/0,26343:1747647670720:,1747647682941
counter/10/0/0/0,23614:1747647667749:,1747647682941
counter/6/0/0/0,24916:1747647671475:,1747647682941
counter/5/0/0/0,25553:1747647670831:,1747647682941
counter/7/0/0/0,25082:1747647670443:,1747647682941
counter/1/0/0/0,22555:1747647668672:,1747647682941
counter/3/0/0/0,22364:1747647668395:,1747647682941
counter/1/0/0/0,22556:1747647668672:,1747647682941
counter/10/0/0/0,23615:1747647667749:,1747647682942
counter/4/0/0/0,21852:1747647668492:,1747647682942
counter/2/0/0/0,28263:1747647673011:,1747647682942
counter/4/0/0/0,21853:1747647668492:,1747647682942
counter/6/0/0/0,24917:1747647671475:,1747647682942
counter/5/0/0/0,25554:1747647670831:,1747647682942
counter/7/0/0/0,25083:1747647670443:,1747647682942
counter/9/0/0/0,28352:1747647671452:,1747647682942
counter/3/0/0/0,22365:1747647668395:,1747647682942
counter/3/0/0/0,22366:1747647668395:,1747647682942
counter/3/0/0/0,22367:1747647668395:,1747647682942
counter/3/0/0/0,22368:1747647668395:,1747647682942
counter/3/0/0/0,22369:1747647668395:,1747647682942
counter/3/0/0/0,22370:1747647668395:,1747647682942
counter/3/0/0/0,22371:1747647668395:,1747647682942
counter/3/0/0/0,22372:1747647668399:,1747647682942
counter/3/0/0/0,22373:1747647668399:,1747647682942
counter/3/0/0/0,22374:1747647668399:,1747647682942
counter/3/0/0/0,22375:1747647668399:,1747647682942
counter/10/0/0/0,23616:1747647667749:,1747647682942
counter/8/0/0/0,26344:1747647670722:,1747647682942
counter/2/0/0/0,28264:1747647673012:,1747647682942
counter/4/0/0/0,21854:1747647668492:,1747647682942
counter/5/0/0/0,25555:1747647670831:,1747647682942
counter/4/0/0/0,21855:1747647668492:,1747647682942
counter/7/0/0/0,25084:1747647670443:,1747647682942
counter/1/0/0/0,22557:1747647668672:,1747647682942
counter/3/0/0/0,22376:1747647668400:,1747647682942
counter/9/0/0/0,28353:1747647671452:,1747647682942
counter/10/0/0/0,23617:1747647667749:,1747647682942
counter/8/0/0/0,26345:1747647670722:,1747647682942
counter/2/0/0/0,28265:1747647673012:,1747647682942
counter/6/0/0/0,24918:1747647671490:,1747647682942
counter/5/0/0/0,25556:1747647670839:,1747647682942
counter/7/0/0/0,25085:1747647670443:,1747647682942
counter/7/0/0/0,25086:1747647670466:,1747647682943
counter/3/0/0/0,22377:1747647668400:,1747647682943
counter/1/0/0/0,22558:1747647668672:,1747647682943
counter/9/0/0/0,28354:1747647671452:,1747647682943
counter/1/0/0/0,22559:1747647668672:,1747647682943
counter/8/0/0/0,26346:1747647670722:,1747647682943
counter/2/0/0/0,28266:1747647673012:,1747647682943
counter/6/0/0/0,24919:1747647671490:,1747647682943
counter/5/0/0/0,25557:1747647670839:,1747647682943
counter/5/0/0/0,25558:1747647670839:,1747647682943
counter/5/0/0/0,25559:1747647670839:,1747647682943
counter/5/0/0/0,25560:1747647670839:,1747647682943
counter/5/0/0/0,25561:1747647670839:,1747647682943
counter/5/0/0/0,25562:1747647670839:,1747647682943
counter/5/0/0/0,25563:1747647670839:,1747647682943
counter/5/0/0/0,25564:1747647670839:,1747647682943
counter/5/0/0/0,25565:1747647670839:,1747647682943
counter/5/0/0/0,25566:1747647670839:,1747647682943
counter/5/0/0/0,25567:1747647670839:,1747647682943
counter/5/0/0/0,25568:1747647670839:,1747647682943
counter/5/0/0/0,25569:1747647670839:,1747647682943
counter/5/0/0/0,25570:1747647670839:,1747647682943
counter/10/0/0/0,23618:1747647667749:,1747647682943
counter/5/0/0/0,25571:1747647670839:,1747647682943
counter/2/0/0/0,28267:1747647673012:,1747647682943
counter/6/0/0/0,24920:1747647671490:,1747647682943
counter/6/0/0/0,24921:1747647671490:,1747647682943
counter/6/0/0/0,24922:1747647671490:,1747647682943
counter/6/0/0/0,24923:1747647671491:,1747647682943
counter/6/0/0/0,24924:1747647671502:,1747647682943
counter/6/0/0/0,24925:1747647671502:,1747647682943
counter/6/0/0/0,24926:1747647671502:,1747647682943
counter/6/0/0/0,24927:1747647671502:,1747647682943
counter/6/0/0/0,24928:1747647671502:,1747647682943
counter/2/0/0/0,28268:1747647673012:,1747647682943
counter/3/0/0/0,22378:1747647668400:,1747647682943
counter/9/0/0/0,28355:1747647671458:,1747647682943
counter/5/0/0/0,25572:1747647670848:,1747647682943
counter/5/0/0/0,25573:1747647670848:,1747647682944
counter/5/0/0/0,25574:1747647670848:,1747647682944
counter/5/0/0/0,25575:1747647670852:,1747647682944
counter/5/0/0/0,25576:1747647670852:,1747647682944
counter/5/0/0/0,25577:1747647670852:,1747647682944
counter/7/0/0/0,25087:1747647670466:,1747647682944
counter/2/0/0/0,28269:1747647673012:,1747647682944
counter/3/0/0/0,22379:1747647668400:,1747647682944
counter/9/0/0/0,28356:1747647671458:,1747647682944
counter/4/0/0/0,21856:1747647668492:,1747647682944
counter/6/0/0/0,24929:1747647671502:,1747647682944
counter/10/0/0/0,23619:1747647667749:,1747647682944
counter/5/0/0/0,25578:1747647670852:,1747647682944
counter/1/0/0/0,22560:1747647668672:,1747647682944
counter/8/0/0/0,26347:1747647670722:,1747647682944
counter/7/0/0/0,25088:1747647670466:,1747647682944
counter/2/0/0/0,28270:1747647673012:,1747647682944
counter/3/0/0/0,22380:1747647668400:,1747647682944
counter/9/0/0/0,28357:1747647671459:,1747647682944
counter/4/0/0/0,21857:1747647668492:,1747647682944
counter/6/0/0/0,24930:1747647671503:,1747647682944
counter/6/0/0/0,24931:1747647671503:,1747647682944
counter/4/0/0/0,21858:1747647668493:,1747647682944
counter/8/0/0/0,26348:1747647670722:,1747647682944
counter/4/0/0/0,21859:1747647668493:,1747647682944
counter/4/0/0/0,21860:1747647668493:,1747647682944
counter/2/0/0/0,28271:1747647673012:,1747647682944
counter/3/0/0/0,22381:1747647668400:,1747647682944
counter/9/0/0/0,28358:1747647671459:,1747647682944
counter/10/0/0/0,23620:1747647667749:,1747647682944
counter/5/0/0/0,25579:1747647670852:,1747647682944
counter/5/0/0/0,25580:1747647670852:,1747647682944
counter/5/0/0/0,25581:1747647670852:,1747647682944
counter/5/0/0/0,25582:1747647670852:,1747647682944
counter/5/0/0/0,25583:1747647670852:,1747647682944
counter/5/0/0/0,25584:1747647670852:,1747647682944
counter/5/0/0/0,25585:1747647670853:,1747647682944
counter/5/0/0/0,25586:1747647670853:,1747647682945
counter/5/0/0/0,25587:1747647670853:,1747647682945
counter/10/0/0/0,23621:1747647667749:,1747647682945
counter/6/0/0/0,24932:1747647671506:,1747647682945
counter/6/0/0/0,24933:1747647671506:,1747647682945
counter/6/0/0/0,24934:1747647671506:,1747647682945
counter/3/0/0/0,22382:1747647668400:,1747647682945
counter/9/0/0/0,28359:1747647671459:,1747647682945
counter/4/0/0/0,21861:1747647668497:,1747647682945
counter/2/0/0/0,28272:1747647673019:,1747647682945
counter/4/0/0/0,21862:1747647668497:,1747647682945
counter/8/0/0/0,26349:1747647670722:,1747647682945
counter/10/0/0/0,23622:1747647667755:,1747647682945
counter/1/0/0/0,22561:1747647668672:,1747647682945
counter/6/0/0/0,24935:1747647671506:,1747647682945
counter/1/0/0/0,22562:1747647668672:,1747647682945
counter/3/0/0/0,22383:1747647668400:,1747647682945
counter/4/0/0/0,21863:1747647668497:,1747647682945
counter/5/0/0/0,25588:1747647670853:,1747647682945
counter/2/0/0/0,28273:1747647673019:,1747647682945
counter/8/0/0/0,26350:1747647670722:,1747647682945
counter/10/0/0/0,23623:1747647667755:,1747647682945
counter/6/0/0/0,24936:1747647671506:,1747647682945
counter/6/0/0/0,24937:1747647671506:,1747647682945
counter/6/0/0/0,24938:1747647671506:,1747647682945
counter/1/0/0/0,22563:1747647668672:,1747647682945
counter/3/0/0/0,22384:1747647668400:,1747647682945
counter/1/0/0/0,22564:1747647668672:,1747647682945
counter/5/0/0/0,25589:1747647670853:,1747647682945
counter/2/0/0/0,28274:1747647673019:,1747647682945
counter/8/0/0/0,26351:1747647670722:,1747647682945
counter/10/0/0/0,23624:1747647667755:,1747647682945
counter/6/0/0/0,24939:1747647671506:,1747647682945
counter/6/0/0/0,24940:1747647671506:,1747647682946
counter/9/0/0/0,28360:1747647671459:,1747647682946
counter/3/0/0/0,22385:1747647668400:,1747647682946
counter/3/0/0/0,22386:1747647668405:,1747647682946
counter/3/0/0/0,22387:1747647668405:,1747647682946
counter/3/0/0/0,22388:1747647668405:,1747647682946
counter/3/0/0/0,22389:1747647668405:,1747647682946
counter/3/0/0/0,22390:1747647668405:,1747647682946
counter/3/0/0/0,22391:1747647668405:,1747647682946
counter/3/0/0/0,22392:1747647668405:,1747647682946
counter/3/0/0/0,22393:1747647668405:,1747647682946
counter/3/0/0/0,22394:1747647668408:,1747647682946
counter/3/0/0/0,22395:1747647668409:,1747647682946
counter/5/0/0/0,25590:1747647670853:,1747647682946
counter/3/0/0/0,22396:1747647668409:,1747647682946
counter/2/0/0/0,28275:1747647673019:,1747647682946
counter/8/0/0/0,26352:1747647670722:,1747647682946
counter/10/0/0/0,23625:1747647667755:,1747647682946
counter/6/0/0/0,24941:1747647671506:,1747647682946
counter/6/0/0/0,24942:1747647671506:,1747647682946
counter/6/0/0/0,24943:1747647671506:,1747647682946
counter/6/0/0/0,24944:1747647671506:,1747647682946
counter/1/0/0/0,22565:1747647668673:,1747647682946
counter/1/0/0/0,22566:1747647668673:,1747647682946
counter/5/0/0/0,25591:1747647670853:,1747647682946
counter/1/0/0/0,22567:1747647668673:,1747647682946
counter/8/0/0/0,26353:1747647670732:,1747647682946
counter/4/0/0/0,21864:1747647668497:,1747647682946
counter/9/0/0/0,28361:1747647671459:,1747647682946
counter/6/0/0/0,24945:1747647671506:,1747647682946
counter/3/0/0/0,22397:1747647668409:,1747647682946
counter/7/0/0/0,25089:1747647670466:,1747647682946
counter/2/0/0/0,28276:1747647673019:,1747647682946
counter/5/0/0/0,25592:1747647670853:,1747647682946
counter/5/0/0/0,25593:1747647670853:,1747647682946
counter/10/0/0/0,23626:1747647667755:,1747647682946
counter/8/0/0/0,26354:1747647670732:,1747647682946
counter/4/0/0/0,21865:1747647668497:,1747647682947
counter/9/0/0/0,28362:1747647671459:,1747647682947
counter/6/0/0/0,24946:1747647671506:,1747647682947
counter/3/0/0/0,22398:1747647668409:,1747647682947
counter/7/0/0/0,25090:1747647670466:,1747647682947
counter/2/0/0/0,28277:1747647673026:,1747647682947
counter/1/0/0/0,22568:1747647668673:,1747647682947
counter/5/0/0/0,25594:1747647670853:,1747647682947
counter/1/0/0/0,22569:1747647668673:,1747647682947
counter/8/0/0/0,26355:1747647670732:,1747647682947
counter/4/0/0/0,21866:1747647668497:,1747647682947
counter/9/0/0/0,28363:1747647671459:,1747647682947
counter/6/0/0/0,24947:1747647671506:,1747647682947
counter/3/0/0/0,22399:1747647668409:,1747647682947
counter/7/0/0/0,25091:1747647670467:,1747647682947
counter/2/0/0/0,28278:1747647673026:,1747647682947
counter/10/0/0/0,23627:1747647667755:,1747647682947
counter/2/0/0/0,28279:1747647673026:,1747647682947
counter/1/0/0/0,22570:1747647668678:,1747647682947
counter/8/0/0/0,26356:1747647670732:,1747647682947
counter/1/0/0/0,22571:1747647668678:,1747647682947
counter/6/0/0/0,24948:1747647671506:,1747647682947
counter/4/0/0/0,21867:1747647668497:,1747647682947
counter/3/0/0/0,22400:1747647668409:,1747647682947
counter/4/0/0/0,21868:1747647668497:,1747647682947
counter/5/0/0/0,25595:1747647670853:,1747647682947
counter/10/0/0/0,23628:1747647667755:,1747647682947
counter/9/0/0/0,28364:1747647671459:,1747647682947
counter/2/0/0/0,28280:1747647673026:,1747647682947
counter/8/0/0/0,26357:1747647670732:,1747647682947
counter/9/0/0/0,28365:1747647671459:,1747647682947
counter/6/0/0/0,24949:1747647671506:,1747647682947
counter/2/0/0/0,28281:1747647673026:,1747647682947
counter/3/0/0/0,22401:1747647668409:,1747647682947
counter/4/0/0/0,21869:1747647668497:,1747647682947
counter/5/0/0/0,25596:1747647670854:,1747647682947
counter/4/0/0/0,21870:1747647668497:,1747647682947
counter/4/0/0/0,21871:1747647668499:,1747647682947
counter/8/0/0/0,26358:1747647670732:,1747647682947
counter/4/0/0/0,21872:1747647668499:,1747647682947
counter/6/0/0/0,24950:1747647671506:,1747647682948
counter/1/0/0/0,22572:1747647668678:,1747647682948
counter/2/0/0/0,28282:1747647673026:,1747647682948
counter/1/0/0/0,22573:1747647668678:,1747647682948
counter/10/0/0/0,23629:1747647667755:,1747647682948
counter/5/0/0/0,25597:1747647670854:,1747647682948
counter/9/0/0/0,28366:1747647671459:,1747647682948
counter/8/0/0/0,26359:1747647670732:,1747647682948
counter/9/0/0/0,28367:1747647671459:,1747647682948
counter/9/0/0/0,28368:1747647671467:,1747647682948
counter/9/0/0/0,28369:1747647671467:,1747647682948
counter/9/0/0/0,28370:1747647671467:,1747647682948
counter/9/0/0/0,28371:1747647671467:,1747647682948
counter/9/0/0/0,28372:1747647671467:,1747647682948
counter/9/0/0/0,28373:1747647671467:,1747647682948
counter/9/0/0/0,28374:1747647671467:,1747647682948
counter/9/0/0/0,28375:1747647671467:,1747647682948
counter/9/0/0/0,28376:1747647671467:,1747647682948
counter/9/0/0/0,28377:1747647671468:,1747647682948
counter/9/0/0/0,28378:1747647671468:,1747647682948
counter/9/0/0/0,28379:1747647671468:,1747647682948
counter/9/0/0/0,28380:1747647671468:,1747647682948
counter/9/0/0/0,28381:1747647671468:,1747647682948
counter/9/0/0/0,28382:1747647671468:,1747647682948
counter/1/0/0/0,22574:1747647668678:,1747647682948
counter/8/0/0/0,26360:1747647670732:,1747647682948
counter/1/0/0/0,22575:1747647668678:,1747647682948
counter/7/0/0/0,25092:1747647670467:,1747647682948
counter/3/0/0/0,22402:1747647668409:,1747647682948
counter/10/0/0/0,23630:1747647667755:,1747647682948
counter/5/0/0/0,25598:1747647670854:,1747647682948
counter/9/0/0/0,28383:1747647671468:,1747647682948
counter/9/0/0/0,28384:1747647671482:,1747647682948
counter/9/0/0/0,28385:1747647671482:,1747647682948
counter/9/0/0/0,28386:1747647671482:,1747647682948
counter/9/0/0/0,28387:1747647671482:,1747647682948
counter/9/0/0/0,28388:1747647671484:,1747647682949
counter/7/0/0/0,25093:1747647670467:,1747647682949
counter/3/0/0/0,22403:1747647668409:,1747647682949
counter/10/0/0/0,23631:1747647667755:,1747647682949
counter/5/0/0/0,25599:1747647670854:,1747647682949
counter/6/0/0/0,24951:1747647671506:,1747647682949
counter/8/0/0/0,26361:1747647670732:,1747647682949
counter/1/0/0/0,22576:1747647668678:,1747647682949
counter/9/0/0/0,28389:1747647671484:,1747647682949
counter/9/0/0/0,28390:1747647671484:,1747647682949
counter/4/0/0/0,21873:1747647668499:,1747647682949
counter/7/0/0/0,25094:1747647670471:,1747647682949
counter/4/0/0/0,21874:1747647668499:,1747647682949
counter/10/0/0/0,23632:1747647667755:,1747647682949
counter/5/0/0/0,25600:1747647670854:,1747647682949
counter/6/0/0/0,24952:1747647671506:,1747647682949
counter/8/0/0/0,26362:1747647670732:,1747647682949
counter/8/0/0/0,26363:1747647670732:,1747647682949
counter/9/0/0/0,28391:1747647671484:,1747647682949
counter/9/0/0/0,28392:1747647671484:,1747647682949
counter/3/0/0/0,22404:1747647668409:,1747647682949
counter/7/0/0/0,25095:1747647670481:,1747647682949
counter/4/0/0/0,21875:1747647668499:,1747647682949
counter/10/0/0/0,23633:1747647667755:,1747647682949
counter/4/0/0/0,21876:1747647668499:,1747647682949
counter/6/0/0/0,24953:1747647671506:,1747647682949
counter/1/0/0/0,22577:1747647668678:,1747647682949
counter/8/0/0/0,26364:1747647670732:,1747647682949
counter/1/0/0/0,22578:1747647668678:,1747647682949
counter/2/0/0/0,28283:1747647673026:,1747647682949
counter/3/0/0/0,22405:1747647668409:,1747647682949
counter/7/0/0/0,25096:1747647670486:,1747647682949
counter/5/0/0/0,25601:1747647670854:,1747647682949
counter/10/0/0/0,23634:1747647667755:,1747647682949
counter/10/0/0/0,23635:1747647667755:,1747647682949
counter/10/0/0/0,23636:1747647667756:,1747647682949
counter/9/0/0/0,28393:1747647671484:,1747647682949
counter/8/0/0/0,26365:1747647670732:,1747647682949
counter/1/0/0/0,22579:1747647668678:,1747647682949
counter/2/0/0/0,28284:1747647673038:,1747647682949
counter/1/0/0/0,22580:1747647668678:,1747647682949
counter/7/0/0/0,25097:1747647670487:,1747647682950
counter/5/0/0/0,25602:1747647670854:,1747647682950
counter/5/0/0/0,25603:1747647670854:,1747647682950
counter/5/0/0/0,25604:1747647670854:,1747647682950
counter/5/0/0/0,25605:1747647670854:,1747647682950
counter/5/0/0/0,25606:1747647670854:,1747647682950
counter/5/0/0/0,25607:1747647670861:,1747647682950
counter/5/0/0/0,25608:1747647670861:,1747647682950
counter/5/0/0/0,25609:1747647670861:,1747647682950
counter/5/0/0/0,25610:1747647670861:,1747647682950
counter/4/0/0/0,21877:1747647668499:,1747647682950
counter/5/0/0/0,25611:1747647670861:,1747647682950
counter/9/0/0/0,28394:1747647671484:,1747647682950
counter/4/0/0/0,21878:1747647668499:,1747647682950
counter/10/0/0/0,23637:1747647667758:,1747647682950
counter/3/0/0/0,22406:1747647668409:,1747647682950
counter/2/0/0/0,28285:1747647673038:,1747647682950
counter/2/0/0/0,28286:1747647673038:,1747647682950
counter/2/0/0/0,28287:1747647673038:,1747647682950
counter/2/0/0/0,28288:1747647673038:,1747647682950
counter/8/0/0/0,26366:1747647670732:,1747647682950
counter/6/0/0/0,24954:1747647671507:,1747647682950
counter/9/0/0/0,28395:1747647671484:,1747647682950
counter/4/0/0/0,21879:1747647668499:,1747647682950
counter/10/0/0/0,23638:1747647667758:,1747647682950
counter/3/0/0/0,22407:1747647668409:,1747647682950
counter/1/0/0/0,22581:1747647668678:,1747647682950
counter/5/0/0/0,25612:1747647670861:,1747647682950
counter/1/0/0/0,22582:1747647668678:,1747647682950
counter/2/0/0/0,28289:1747647673038:,1747647682950
counter/8/0/0/0,26367:1747647670732:,1747647682950
counter/6/0/0/0,24955:1747647671507:,1747647682950
counter/9/0/0/0,28396:1747647671484:,1747647682950
counter/4/0/0/0,21880:1747647668500:,1747647682950
counter/10/0/0/0,23639:1747647667758:,1747647682950
counter/4/0/0/0,21881:1747647668500:,1747647682950
counter/7/0/0/0,25098:1747647670487:,1747647682950
counter/5/0/0/0,25613:1747647670861:,1747647682951
counter/5/0/0/0,25614:1747647670861:,1747647682951
counter/5/0/0/0,25615:1747647670861:,1747647682951
counter/5/0/0/0,25616:1747647670861:,1747647682951
counter/5/0/0/0,25617:1747647670861:,1747647682951
counter/9/0/0/0,28397:1747647671485:,1747647682951
counter/3/0/0/0,22408:1747647668409:,1747647682951
counter/10/0/0/0,23640:1747647667758:,1747647682951
counter/10/0/0/0,23641:1747647667761:,1747647682951
counter/10/0/0/0,23642:1747647667761:,1747647682951
counter/10/0/0/0,23643:1747647667761:,1747647682951
counter/10/0/0/0,23644:1747647667761:,1747647682951
counter/10/0/0/0,23645:1747647667761:,1747647682951
counter/10/0/0/0,23646:1747647667761:,1747647682951
counter/10/0/0/0,23647:1747647667761:,1747647682951
counter/10/0/0/0,23648:1747647667766:,1747647682951
counter/7/0/0/0,25099:1747647670487:,1747647682951
counter/10/0/0/0,23649:1747647667766:,1747647682951
counter/2/0/0/0,28290:1747647673038:,1747647682951
counter/10/0/0/0,23650:1747647667766:,1747647682951
counter/1/0/0/0,22583:1747647668678:,1747647682951
counter/6/0/0/0,24956:1747647671507:,1747647682951
counter/5/0/0/0,25618:1747647670861:,1747647682951
counter/5/0/0/0,25619:1747647670861:,1747647682951
counter/5/0/0/0,25620:1747647670862:,1747647682951
counter/5/0/0/0,25621:1747647670862:,1747647682951
counter/5/0/0/0,25622:1747647670862:,1747647682951
counter/2/0/0/0,28291:1747647673038:,1747647682951
counter/5/0/0/0,25623:1747647670862:,1747647682951
counter/1/0/0/0,22584:1747647668678:,1747647682951
counter/6/0/0/0,24957:1747647671507:,1747647682951
counter/5/0/0/0,25624:1747647670862:,1747647682951
counter/6/0/0/0,24958:1747647671507:,1747647682951
counter/9/0/0/0,28398:1747647671485:,1747647682951
counter/6/0/0/0,24959:1747647671507:,1747647682951
counter/6/0/0/0,24960:1747647671508:,1747647682951
counter/6/0/0/0,24961:1747647671508:,1747647682951
counter/2/0/0/0,28292:1747647673038:,1747647682951
counter/6/0/0/0,24962:1747647671508:,1747647682951
counter/3/0/0/0,22409:1747647668414:,1747647682951
counter/6/0/0/0,24963:1747647671508:,1747647682951
counter/9/0/0/0,28399:1747647671485:,1747647682952
counter/10/0/0/0,23651:1747647667766:,1747647682952
counter/6/0/0/0,24964:1747647671516:,1747647682952
counter/4/0/0/0,21882:1747647668500:,1747647682952
counter/5/0/0/0,25625:1747647670862:,1747647682952
counter/4/0/0/0,21883:1747647668501:,1747647682952
counter/6/0/0/0,24965:1747647671516:,1747647682952
counter/6/0/0/0,24966:1747647671516:,1747647682952
counter/6/0/0/0,24967:1747647671516:,1747647682952
counter/6/0/0/0,24968:1747647671516:,1747647682952
counter/6/0/0/0,24969:1747647671516:,1747647682952
counter/6/0/0/0,24970:1747647671516:,1747647682952
counter/6/0/0/0,24971:1747647671517:,1747647682952
counter/6/0/0/0,24972:1747647671517:,1747647682952
counter/6/0/0/0,24973:1747647671517:,1747647682952
counter/6/0/0/0,24974:1747647671517:,1747647682952
counter/6/0/0/0,24975:1747647671517:,1747647682952
counter/1/0/0/0,22585:1747647668678:,1747647682952
counter/3/0/0/0,22410:1747647668414:,1747647682952
counter/9/0/0/0,28400:1747647671485:,1747647682952
counter/10/0/0/0,23652:1747647667766:,1747647682952
counter/9/0/0/0,28401:1747647671485:,1747647682952
counter/9/0/0/0,28402:1747647671485:,1747647682952
counter/9/0/0/0,28403:1747647671485:,1747647682952
counter/9/0/0/0,28404:1747647671485:,1747647682952
counter/9/0/0/0,28405:1747647671492:,1747647682952
counter/9/0/0/0,28406:1747647671492:,1747647682952
counter/9/0/0/0,28407:1747647671492:,1747647682952
counter/9/0/0/0,28408:1747647671492:,1747647682952
counter/9/0/0/0,28409:1747647671492:,1747647682952
counter/10/0/0/0,23653:1747647667766:,1747647682952
counter/8/0/0/0,26368:1747647670732:,1747647682952
counter/6/0/0/0,24976:1747647671517:,1747647682952
counter/4/0/0/0,21884:1747647668501:,1747647682952
counter/7/0/0/0,25100:1747647670487:,1747647682952
counter/3/0/0/0,22411:1747647668414:,1747647682952
counter/4/0/0/0,21885:1747647668501:,1747647682952
counter/5/0/0/0,25626:1747647670862:,1747647682952
counter/4/0/0/0,21886:1747647668501:,1747647682952
counter/2/0/0/0,28293:1747647673038:,1747647682952
counter/1/0/0/0,22586:1747647668678:,1747647682952
counter/8/0/0/0,26369:1747647670732:,1747647682953
counter/6/0/0/0,24977:1747647671521:,1747647682953
counter/6/0/0/0,24978:1747647671522:,1747647682953
counter/6/0/0/0,24979:1747647671522:,1747647682953
counter/6/0/0/0,24980:1747647671522:,1747647682953
counter/6/0/0/0,24981:1747647671522:,1747647682953
counter/6/0/0/0,24982:1747647671522:,1747647682953
counter/6/0/0/0,24983:1747647671522:,1747647682953
counter/6/0/0/0,24984:1747647671522:,1747647682953
counter/6/0/0/0,24985:1747647671523:,1747647682953
counter/6/0/0/0,24986:1747647671523:,1747647682953
counter/6/0/0/0,24987:1747647671523:,1747647682953
counter/6/0/0/0,24988:1747647671523:,1747647682953
counter/6/0/0/0,24989:1747647671523:,1747647682953
counter/6/0/0/0,24990:1747647671531:,1747647682953
counter/6/0/0/0,24991:1747647671531:,1747647682953
counter/6/0/0/0,24992:1747647671533:,1747647682953
counter/6/0/0/0,24993:1747647671533:,1747647682953
counter/6/0/0/0,24994:1747647671534:,1747647682953
counter/6/0/0/0,24995:1747647671534:,1747647682953
counter/6/0/0/0,24996:1747647671534:,1747647682953
counter/6/0/0/0,24997:1747647671534:,1747647682953
counter/2/0/0/0,28294:1747647673038:,1747647682953
counter/6/0/0/0,24998:1747647671534:,1747647682953
counter/6/0/0/0,24999:1747647671534:,1747647682953
counter/1/0/0/0,22587:1747647668678:,1747647682953
counter/8/0/0/0,26370:1747647670732:,1747647682953
counter/1/0/0/0,22588:1747647668681:,1747647682953
counter/9/0/0/0,28410:1747647671492:,1747647682953
counter/5/0/0/0,25627:1747647670862:,1747647682953
counter/5/0/0/0,25628:1747647670862:,1747647682953
counter/5/0/0/0,25629:1747647670862:,1747647682953
counter/5/0/0/0,25630:1747647670862:,1747647682953
counter/5/0/0/0,25631:1747647670862:,1747647682953
counter/5/0/0/0,25632:1747647670862:,1747647682953
counter/5/0/0/0,25633:1747647670862:,1747647682953
counter/5/0/0/0,25634:1747647670862:,1747647682953
counter/5/0/0/0,25635:1747647670863:,1747647682953
counter/5/0/0/0,25636:1747647670863:,1747647682954
counter/5/0/0/0,25637:1747647670863:,1747647682954
counter/4/0/0/0,21887:1747647668501:,1747647682954
counter/7/0/0/0,25101:1747647670487:,1747647682954
counter/4/0/0/0,21888:1747647668501:,1747647682954
counter/4/0/0/0,21889:1747647668504:,1747647682954
counter/3/0/0/0,22412:1747647668414:,1747647682954
counter/9/0/0/0,28411:1747647671492:,1747647682954
counter/1/0/0/0,22589:1747647668682:,1747647682954
counter/5/0/0/0,25638:1747647670863:,1747647682954
counter/1/0/0/0,22590:1747647668682:,1747647682954
counter/8/0/0/0,26371:1747647670732:,1747647682954
counter/7/0/0/0,25102:1747647670487:,1747647682954
counter/7/0/0/0,25103:1747647670487:,1747647682954
counter/7/0/0/0,25104:1747647670487:,1747647682954
counter/7/0/0/0,25105:1747647670487:,1747647682954
counter/7/0/0/0,25106:1747647670487:,1747647682954
counter/7/0/0/0,25107:1747647670487:,1747647682954
counter/9/0/0/0,28412:1747647671492:,1747647682954
counter/5/0/0/0,25639:1747647670863:,1747647682954
counter/1/0/0/0,22591:1747647668682:,1747647682954
counter/8/0/0/0,26372:1747647670732:,1747647682954
counter/1/0/0/0,22592:1747647668682:,1747647682954
counter/3/0/0/0,22413:1747647668414:,1747647682954
counter/4/0/0/0,21890:1747647668504:,1747647682954
counter/10/0/0/0,23654:1747647667766:,1747647682954
counter/6/0/0/0,25000:1747647671534:,1747647682954
counter/6/0/0/0,25001:1747647671534:,1747647682954
counter/6/0/0/0,25002:1747647671534:,1747647682954
counter/6/0/0/0,25003:1747647671534:,1747647682954
counter/6/0/0/0,25004:1747647671536:,1747647682954
counter/6/0/0/0,25005:1747647671536:,1747647682954
counter/6/0/0/0,25006:1747647671536:,1747647682954
counter/6/0/0/0,25007:1747647671536:,1747647682954
counter/10/0/0/0,23655:1747647667766:,1747647682954
counter/6/0/0/0,25008:1747647671536:,1747647682954
counter/9/0/0/0,28413:1747647671492:,1747647682954
counter/5/0/0/0,25640:1747647670863:,1747647682954
counter/2/0/0/0,28295:1747647673038:,1747647682954
counter/8/0/0/0,26373:1747647670732:,1747647682955
counter/1/0/0/0,22593:1747647668682:,1747647682955
counter/3/0/0/0,22414:1747647668414:,1747647682955
counter/1/0/0/0,22594:1747647668682:,1747647682955
counter/7/0/0/0,25108:1747647670487:,1747647682955
counter/1/0/0/0,22595:1747647668682:,1747647682955
counter/10/0/0/0,23656:1747647667766:,1747647682955
counter/1/0/0/0,22596:1747647668682:,1747647682955
counter/5/0/0/0,25641:1747647670863:,1747647682955
counter/4/0/0/0,21891:1747647668504:,1747647682955
counter/8/0/0/0,26374:1747647670732:,1747647682955
counter/6/0/0/0,25009:1747647671536:,1747647682955
counter/3/0/0/0,22415:1747647668414:,1747647682955
counter/7/0/0/0,25109:1747647670487:,1747647682955
counter/9/0/0/0,28414:1747647671492:,1747647682955
counter/10/0/0/0,23657:1747647667766:,1747647682955
counter/10/0/0/0,23658:1747647667767:,1747647682955
counter/10/0/0/0,23659:1747647667767:,1747647682955
counter/10/0/0/0,23660:1747647667767:,1747647682955
counter/10/0/0/0,23661:1747647667768:,1747647682955
counter/10/0/0/0,23662:1747647667768:,1747647682955
counter/10/0/0/0,23663:1747647667768:,1747647682955
counter/10/0/0/0,23664:1747647667768:,1747647682955
counter/10/0/0/0,23665:1747647667768:,1747647682955
counter/10/0/0/0,23666:1747647667768:,1747647682955
counter/10/0/0/0,23667:1747647667768:,1747647682955
counter/10/0/0/0,23668:1747647667768:,1747647682955
counter/10/0/0/0,23669:1747647667768:,1747647682955
counter/4/0/0/0,21892:1747647668504:,1747647682955
counter/10/0/0/0,23670:1747647667768:,1747647682955
counter/6/0/0/0,25010:1747647671537:,1747647682955
counter/3/0/0/0,22416:1747647668414:,1747647682955
counter/7/0/0/0,25110:1747647670487:,1747647682955
counter/9/0/0/0,28415:1747647671492:,1747647682955
counter/1/0/0/0,22597:1747647668682:,1747647682955
counter/2/0/0/0,28296:1747647673038:,1747647682955
counter/5/0/0/0,25642:1747647670863:,1747647682956
counter/10/0/0/0,23671:1747647667768:,1747647682956
counter/8/0/0/0,26375:1747647670733:,1747647682956
counter/8/0/0/0,26376:1747647670733:,1747647682956
counter/8/0/0/0,26377:1747647670733:,1747647682956
counter/8/0/0/0,26378:1747647670733:,1747647682956
counter/7/0/0/0,25111:1747647670487:,1747647682956
counter/9/0/0/0,28416:1747647671492:,1747647682956
counter/1/0/0/0,22598:1747647668682:,1747647682956
counter/2/0/0/0,28297:1747647673039:,1747647682956
counter/1/0/0/0,22599:1747647668682:,1747647682956
counter/10/0/0/0,23672:1747647667768:,1747647682956
counter/4/0/0/0,21893:1747647668504:,1747647682956
counter/6/0/0/0,25011:1747647671537:,1747647682956
counter/8/0/0/0,26379:1747647670733:,1747647682956
counter/3/0/0/0,22417:1747647668417:,1747647682956
counter/7/0/0/0,25112:1747647670487:,1747647682956
counter/3/0/0/0,22418:1747647668417:,1747647682956
counter/5/0/0/0,25643:1747647670863:,1747647682956
counter/2/0/0/0,28298:1747647673039:,1747647682956
counter/1/0/0/0,22600:1747647668682:,1747647682956
counter/10/0/0/0,23673:1747647667768:,1747647682956
counter/1/0/0/0,22601:1747647668682:,1747647682956
counter/6/0/0/0,25012:1747647671537:,1747647682956
counter/4/0/0/0,21894:1747647668504:,1747647682956
counter/9/0/0/0,28417:1747647671495:,1747647682956
counter/7/0/0/0,25113:1747647670487:,1747647682956
counter/3/0/0/0,22419:1747647668417:,1747647682956
counter/5/0/0/0,25644:1747647670863:,1747647682956
counter/2/0/0/0,28299:1747647673040:,1747647682956
counter/10/0/0/0,23674:1747647667768:,1747647682956
counter/10/0/0/0,23675:1747647667768:,1747647682956
counter/10/0/0/0,23676:1747647667770:,1747647682956
counter/10/0/0/0,23677:1747647667770:,1747647682956
counter/10/0/0/0,23678:1747647667770:,1747647682956
counter/10/0/0/0,23679:1747647667770:,1747647682956
counter/10/0/0/0,23680:1747647667770:,1747647682956
counter/10/0/0/0,23681:1747647667777:,1747647682956
counter/10/0/0/0,23682:1747647667777:,1747647682956
counter/1/0/0/0,22602:1747647668682:,1747647682956
counter/10/0/0/0,23683:1747647667777:,1747647682957
counter/8/0/0/0,26380:1747647670733:,1747647682957
counter/1/0/0/0,22603:1747647668682:,1747647682957
counter/9/0/0/0,28418:1747647671495:,1747647682957
counter/7/0/0/0,25114:1747647670487:,1747647682957
counter/3/0/0/0,22420:1747647668417:,1747647682957
counter/5/0/0/0,25645:1747647670863:,1747647682957
counter/5/0/0/0,25646:1747647670863:,1747647682957
counter/5/0/0/0,25647:1747647670863:,1747647682957
counter/5/0/0/0,25648:1747647670863:,1747647682957
counter/5/0/0/0,25649:1747647670863:,1747647682957
counter/5/0/0/0,25650:1747647670863:,1747647682957
counter/9/0/0/0,28419:1747647671495:,1747647682957
counter/5/0/0/0,25651:1747647670865:,1747647682957
counter/7/0/0/0,25115:1747647670487:,1747647682957
counter/3/0/0/0,22421:1747647668417:,1747647682957
counter/3/0/0/0,22422:1747647668417:,1747647682957
counter/3/0/0/0,22423:1747647668417:,1747647682957
counter/3/0/0/0,22424:1747647668417:,1747647682957
counter/3/0/0/0,22425:1747647668417:,1747647682957
counter/5/0/0/0,25652:1747647670865:,1747647682957
counter/1/0/0/0,22604:1747647668683:,1747647682957
counter/8/0/0/0,26381:1747647670733:,1747647682957
counter/1/0/0/0,22605:1747647668683:,1747647682957
counter/7/0/0/0,25116:1747647670487:,1747647682957
counter/4/0/0/0,21895:1747647668504:,1747647682957
counter/2/0/0/0,28300:1747647673040:,1747647682957
counter/2/0/0/0,28301:1747647673040:,1747647682957
counter/10/0/0/0,23684:1747647667777:,1747647682957
counter/2/0/0/0,28302:1747647673040:,1747647682957
counter/5/0/0/0,25653:1747647670865:,1747647682957
counter/5/0/0/0,25654:1747647670865:,1747647682957
counter/5/0/0/0,25655:1747647670865:,1747647682957
counter/5/0/0/0,25656:1747647670865:,1747647682957
counter/5/0/0/0,25657:1747647670865:,1747647682957
counter/5/0/0/0,25658:1747647670865:,1747647682957
counter/5/0/0/0,25659:1747647670865:,1747647682957
counter/5/0/0/0,25660:1747647670865:,1747647682957
counter/5/0/0/0,25661:1747647670866:,1747647682957
counter/5/0/0/0,25662:1747647670866:,1747647682958
counter/5/0/0/0,25663:1747647670866:,1747647682958
counter/3/0/0/0,22426:1747647668417:,1747647682958
counter/5/0/0/0,25664:1747647670866:,1747647682958
counter/4/0/0/0,21896:1747647668504:,1747647682958
counter/4/0/0/0,21897:1747647668504:,1747647682958
counter/8/0/0/0,26382:1747647670733:,1747647682958
counter/10/0/0/0,23685:1747647667780:,1747647682958
counter/6/0/0/0,25013:1747647671537:,1747647682958
counter/2/0/0/0,28303:1747647673040:,1747647682958
counter/6/0/0/0,25014:1747647671537:,1747647682958
counter/6/0/0/0,25015:1747647671537:,1747647682958
counter/6/0/0/0,25016:1747647671537:,1747647682958
counter/6/0/0/0,25017:1747647671537:,1747647682958
counter/6/0/0/0,25018:1747647671537:,1747647682958
counter/6/0/0/0,25019:1747647671540:,1747647682958
counter/6/0/0/0,25020:1747647671540:,1747647682958
counter/6/0/0/0,25021:1747647671540:,1747647682958
counter/6/0/0/0,25022:1747647671540:,1747647682958
counter/6/0/0/0,25023:1747647671540:,1747647682958
counter/6/0/0/0,25024:1747647671540:,1747647682958
counter/6/0/0/0,25025:1747647671540:,1747647682958
counter/6/0/0/0,25026:1747647671540:,1747647682958
counter/4/0/0/0,21898:1747647668504:,1747647682958
counter/4/0/0/0,21899:1747647668504:,1747647682958
counter/10/0/0/0,23686:1747647667780:,1747647682958
counter/2/0/0/0,28304:1747647673042:,1747647682958
counter/2/0/0/0,28305:1747647673045:,1747647682958
counter/2/0/0/0,28306:1747647673046:,1747647682958
counter/2/0/0/0,28307:1747647673051:,1747647682958
counter/3/0/0/0,22427:1747647668417:,1747647682958
counter/8/0/0/0,26383:1747647670733:,1747647682958
counter/7/0/0/0,25117:1747647670492:,1747647682958
counter/7/0/0/0,25118:1747647670492:,1747647682958
counter/7/0/0/0,25119:1747647670492:,1747647682958
counter/7/0/0/0,25120:1747647670492:,1747647682958
counter/7/0/0/0,25121:1747647670492:,1747647682958
counter/7/0/0/0,25122:1747647670493:,1747647682958
counter/7/0/0/0,25123:1747647670493:,1747647682959
counter/2/0/0/0,28308:1747647673051:,1747647682959
counter/2/0/0/0,28309:1747647673051:,1747647682959
counter/2/0/0/0,28310:1747647673051:,1747647682959
counter/2/0/0/0,28311:1747647673051:,1747647682959
counter/2/0/0/0,28312:1747647673051:,1747647682959
counter/1/0/0/0,22606:1747647668683:,1747647682959
counter/6/0/0/0,25027:1747647671540:,1747647682959
counter/5/0/0/0,25665:1747647670866:,1747647682959
counter/4/0/0/0,21900:1747647668504:,1747647682959
counter/7/0/0/0,25124:1747647670493:,1747647682959
counter/4/0/0/0,21901:1747647668504:,1747647682959
counter/2/0/0/0,28313:1747647673051:,1747647682959
counter/4/0/0/0,21902:1747647668505:,1747647682959
counter/9/0/0/0,28420:1747647671495:,1747647682959
counter/6/0/0/0,25028:1747647671540:,1747647682959
counter/3/0/0/0,22428:1747647668417:,1747647682959
counter/5/0/0/0,25666:1747647670866:,1747647682959
counter/5/0/0/0,25667:1747647670866:,1747647682959
counter/5/0/0/0,25668:1747647670868:,1747647682959
counter/10/0/0/0,23687:1747647667780:,1747647682959
counter/2/0/0/0,28314:1747647673051:,1747647682959
counter/4/0/0/0,21903:1747647668505:,1747647682959
counter/4/0/0/0,21904:1747647668505:,1747647682959
counter/6/0/0/0,25029:1747647671540:,1747647682959
counter/4/0/0/0,21905:1747647668505:,1747647682959
counter/3/0/0/0,22429:1747647668421:,1747647682959
counter/7/0/0/0,25125:1747647670493:,1747647682959
counter/5/0/0/0,25669:1747647670884:,1747647682959
counter/5/0/0/0,25670:1747647670884:,1747647682959
counter/5/0/0/0,25671:1747647670884:,1747647682959
counter/5/0/0/0,25672:1747647670884:,1747647682959
counter/9/0/0/0,28421:1747647671495:,1747647682959
counter/6/0/0/0,25030:1747647671540:,1747647682959
counter/4/0/0/0,21906:1747647668505:,1747647682959
counter/3/0/0/0,22430:1747647668421:,1747647682959
counter/4/0/0/0,21907:1747647668505:,1747647682959
counter/4/0/0/0,21908:1747647668505:,1747647682960
counter/10/0/0/0,23688:1747647667780:,1747647682960
counter/2/0/0/0,28315:1747647673061:,1747647682960
counter/2/0/0/0,28316:1747647673062:,1747647682960
counter/5/0/0/0,25673:1747647670884:,1747647682960
counter/2/0/0/0,28317:1747647673063:,1747647682960
counter/6/0/0/0,25031:1747647671540:,1747647682960
counter/6/0/0/0,25032:1747647671541:,1747647682960
counter/6/0/0/0,25033:1747647671541:,1747647682960
counter/6/0/0/0,25034:1747647671541:,1747647682960
counter/1/0/0/0,22607:1747647668683:,1747647682960
counter/1/0/0/0,22608:1747647668687:,1747647682960
counter/5/0/0/0,25674:1747647670884:,1747647682960
counter/5/0/0/0,25675:1747647670884:,1747647682960
counter/5/0/0/0,25676:1747647670884:,1747647682960
counter/4/0/0/0,21909:1747647668505:,1747647682960
counter/3/0/0/0,22431:1747647668421:,1747647682960
counter/6/0/0/0,25035:1747647671541:,1747647682960
counter/10/0/0/0,23689:1747647667784:,1747647682960
counter/7/0/0/0,25126:1747647670493:,1747647682960
counter/7/0/0/0,25127:1747647670493:,1747647682960
counter/7/0/0/0,25128:1747647670493:,1747647682960
counter/7/0/0/0,25129:1747647670493:,1747647682960
counter/7/0/0/0,25130:1747647670493:,1747647682960
counter/7/0/0/0,25131:1747647670493:,1747647682960
counter/7/0/0/0,25132:1747647670502:,1747647682960
counter/7/0/0/0,25133:1747647670502:,1747647682960
counter/7/0/0/0,25134:1747647670502:,1747647682960
counter/7/0/0/0,25135:1747647670502:,1747647682960
counter/7/0/0/0,25136:1747647670502:,1747647682960
counter/7/0/0/0,25137:1747647670502:,1747647682960
counter/7/0/0/0,25138:1747647670502:,1747647682960
counter/7/0/0/0,25139:1747647670502:,1747647682960
counter/7/0/0/0,25140:1747647670502:,1747647682960
counter/7/0/0/0,25141:1747647670505:,1747647682960
counter/7/0/0/0,25142:1747647670505:,1747647682960
counter/7/0/0/0,25143:1747647670505:,1747647682960
counter/7/0/0/0,25144:1747647670505:,1747647682960
counter/7/0/0/0,25145:1747647670505:,1747647682960
counter/7/0/0/0,25146:1747647670505:,1747647682961
counter/7/0/0/0,25147:1747647670505:,1747647682961
counter/7/0/0/0,25148:1747647670505:,1747647682961
counter/2/0/0/0,28318:1747647673063:,1747647682961
counter/7/0/0/0,25149:1747647670506:,1747647682961
counter/7/0/0/0,25150:1747647670506:,1747647682961
counter/4/0/0/0,21910:1747647668505:,1747647682961
counter/5/0/0/0,25677:1747647670884:,1747647682961
counter/7/0/0/0,25151:1747647670506:,1747647682961
counter/4/0/0/0,21911:1747647668505:,1747647682961
counter/4/0/0/0,21912:1747647668505:,1747647682961
counter/3/0/0/0,22432:1747647668421:,1747647682961
counter/10/0/0/0,23690:1747647667784:,1747647682961
counter/7/0/0/0,25152:1747647670506:,1747647682961
counter/7/0/0/0,25153:1747647670506:,1747647682961
counter/7/0/0/0,25154:1747647670512:,1747647682961
counter/7/0/0/0,25155:1747647670512:,1747647682961
counter/7/0/0/0,25156:1747647670512:,1747647682961
counter/7/0/0/0,25157:1747647670514:,1747647682961
counter/7/0/0/0,25158:1747647670514:,1747647682961
counter/7/0/0/0,25159:1747647670514:,1747647682961
counter/7/0/0/0,25160:1747647670514:,1747647682961
counter/7/0/0/0,25161:1747647670514:,1747647682961
counter/7/0/0/0,25162:1747647670514:,1747647682961
counter/9/0/0/0,28422:1747647671495:,1747647682961
counter/7/0/0/0,25163:1747647670514:,1747647682961
counter/5/0/0/0,25678:1747647670884:,1747647682961
counter/5/0/0/0,25679:1747647670884:,1747647682961
counter/5/0/0/0,25680:1747647670884:,1747647682961
counter/5/0/0/0,25681:1747647670884:,1747647682961
counter/5/0/0/0,25682:1747647670884:,1747647682961
counter/4/0/0/0,21913:1747647668506:,1747647682961
counter/7/0/0/0,25164:1747647670514:,1747647682961
counter/4/0/0/0,21914:1747647668506:,1747647682961
counter/4/0/0/0,21915:1747647668506:,1747647682961
counter/9/0/0/0,28423:1747647671495:,1747647682961
counter/3/0/0/0,22433:1747647668421:,1747647682961
counter/10/0/0/0,23691:1747647667785:,1747647682961
counter/5/0/0/0,25683:1747647670889:,1747647682961
counter/2/0/0/0,28319:1747647673063:,1747647682961
counter/8/0/0/0,26384:1747647670733:,1747647682962
counter/7/0/0/0,25165:1747647670514:,1747647682962
counter/7/0/0/0,25166:1747647670514:,1747647682962
counter/7/0/0/0,25167:1747647670515:,1747647682962
counter/4/0/0/0,21916:1747647668506:,1747647682962
counter/3/0/0/0,22434:1747647668421:,1747647682962
counter/4/0/0/0,21917:1747647668506:,1747647682962
counter/10/0/0/0,23692:1747647667785:,1747647682962
counter/4/0/0/0,21918:1747647668506:,1747647682962
counter/2/0/0/0,28320:1747647673063:,1747647682962
counter/8/0/0/0,26385:1747647670733:,1747647682962
counter/7/0/0/0,25168:1747647670515:,1747647682962
counter/9/0/0/0,28424:1747647671496:,1747647682962
counter/6/0/0/0,25036:1747647671541:,1747647682962
counter/3/0/0/0,22435:1747647668421:,1747647682962
counter/5/0/0/0,25684:1747647670889:,1747647682962
counter/10/0/0/0,23693:1747647667785:,1747647682962
counter/10/0/0/0,23694:1747647667785:,1747647682962
counter/8/0/0/0,26386:1747647670733:,1747647682962
counter/8/0/0/0,26387:1747647670733:,1747647682962
counter/8/0/0/0,26388:1747647670733:,1747647682962
counter/7/0/0/0,25169:1747647670515:,1747647682962
counter/9/0/0/0,28425:1747647671496:,1747647682962
counter/6/0/0/0,25037:1747647671541:,1747647682962
counter/3/0/0/0,22436:1747647668421:,1747647682962
counter/5/0/0/0,25685:1747647670889:,1747647682962
counter/5/0/0/0,25686:1747647670893:,1747647682962
counter/10/0/0/0,23695:1747647667785:,1747647682962
counter/4/0/0/0,21919:1747647668506:,1747647682962
counter/2/0/0/0,28321:1747647673063:,1747647682962
counter/4/0/0/0,21920:1747647668511:,1747647682962
counter/7/0/0/0,25170:1747647670515:,1747647682962
counter/9/0/0/0,28426:1747647671496:,1747647682962
counter/6/0/0/0,25038:1747647671541:,1747647682962
counter/3/0/0/0,22437:1747647668421:,1747647682962
counter/3/0/0/0,22438:1747647668421:,1747647682962
counter/5/0/0/0,25687:1747647670893:,1747647682962
counter/10/0/0/0,23696:1747647667785:,1747647682962
counter/8/0/0/0,26389:1747647670733:,1747647682962
counter/2/0/0/0,28322:1747647673063:,1747647682962
counter/4/0/0/0,21921:1747647668511:,1747647682963
counter/7/0/0/0,25171:1747647670515:,1747647682963
counter/4/0/0/0,21922:1747647668511:,1747647682963
counter/6/0/0/0,25039:1747647671541:,1747647682963
counter/6/0/0/0,25040:1747647671541:,1747647682963
counter/6/0/0/0,25041:1747647671541:,1747647682963
counter/6/0/0/0,25042:1747647671541:,1747647682963
counter/10/0/0/0,23697:1747647667785:,1747647682963
counter/8/0/0/0,26390:1747647670733:,1747647682963
counter/2/0/0/0,28323:1747647673063:,1747647682963
counter/2/0/0/0,28324:1747647673063:,1747647682963
counter/2/0/0/0,28325:1747647673063:,1747647682963
counter/2/0/0/0,28326:1747647673063:,1747647682963
counter/2/0/0/0,28327:1747647673063:,1747647682963
counter/4/0/0/0,21923:1747647668511:,1747647682963
counter/2/0/0/0,28328:1747647673067:,1747647682963
counter/4/0/0/0,21924:1747647668511:,1747647682963
counter/6/0/0/0,25043:1747647671541:,1747647682963
counter/8/0/0/0,26391:1747647670733:,1747647682963
counter/7/0/0/0,25172:1747647670515:,1747647682963
counter/1/0/0/0,22609:1747647668687:,1747647682963
counter/5/0/0/0,25688:1747647670893:,1747647682963
counter/2/0/0/0,28329:1747647673067:,1747647682963
counter/2/0/0/0,28330:1747647673068:,1747647682963
counter/2/0/0/0,28331:1747647673068:,1747647682963
counter/3/0/0/0,22439:1747647668422:,1747647682963
counter/6/0/0/0,25044:1747647671541:,1747647682963
counter/6/0/0/0,25045:1747647671541:,1747647682963
counter/6/0/0/0,25046:1747647671541:,1747647682963
counter/6/0/0/0,25047:1747647671541:,1747647682963
counter/6/0/0/0,25048:1747647671541:,1747647682963
counter/6/0/0/0,25049:1747647671541:,1747647682963
counter/6/0/0/0,25050:1747647671541:,1747647682963
counter/6/0/0/0,25051:1747647671542:,1747647682963
counter/6/0/0/0,25052:1747647671542:,1747647682963
counter/6/0/0/0,25053:1747647671542:,1747647682963
counter/6/0/0/0,25054:1747647671542:,1747647682963
counter/6/0/0/0,25055:1747647671542:,1747647682963
counter/6/0/0/0,25056:1747647671542:,1747647682964
counter/6/0/0/0,25057:1747647671542:,1747647682964
counter/6/0/0/0,25058:1747647671542:,1747647682964
counter/8/0/0/0,26392:1747647670734:,1747647682964
counter/6/0/0/0,25059:1747647671542:,1747647682964
counter/6/0/0/0,25060:1747647671543:,1747647682964
counter/6/0/0/0,25061:1747647671543:,1747647682964
counter/3/0/0/0,22440:1747647668425:,1747647682964
counter/5/0/0/0,25689:1747647670893:,1747647682964
counter/3/0/0/0,22441:1747647668425:,1747647682964
counter/1/0/0/0,22610:1747647668687:,1747647682964
counter/10/0/0/0,23698:1747647667785:,1747647682964
counter/9/0/0/0,28427:1747647671496:,1747647682964
counter/6/0/0/0,25062:1747647671543:,1747647682964
counter/6/0/0/0,25063:1747647671543:,1747647682964
counter/6/0/0/0,25064:1747647671543:,1747647682964
counter/4/0/0/0,21925:1747647668511:,1747647682964
counter/2/0/0/0,28332:1747647673068:,1747647682964
counter/5/0/0/0,25690:1747647670894:,1747647682964
counter/5/0/0/0,25691:1747647670894:,1747647682964
counter/5/0/0/0,25692:1747647670894:,1747647682964
counter/5/0/0/0,25693:1747647670894:,1747647682964
counter/5/0/0/0,25694:1747647670894:,1747647682964
counter/5/0/0/0,25695:1747647670894:,1747647682964
counter/5/0/0/0,25696:1747647670894:,1747647682964
counter/5/0/0/0,25697:1747647670896:,1747647682964
counter/5/0/0/0,25698:1747647670896:,1747647682964
counter/5/0/0/0,25699:1747647670896:,1747647682964
counter/3/0/0/0,22442:1747647668425:,1747647682964
counter/10/0/0/0,23699:1747647667785:,1747647682964
counter/9/0/0/0,28428:1747647671496:,1747647682964
counter/1/0/0/0,22611:1747647668687:,1747647682964
counter/6/0/0/0,25065:1747647671543:,1747647682964
counter/1/0/0/0,22612:1747647668687:,1747647682964
counter/1/0/0/0,22613:1747647668687:,1747647682964
counter/2/0/0/0,28333:1747647673068:,1747647682964
counter/5/0/0/0,25700:1747647670896:,1747647682965
counter/5/0/0/0,25701:1747647670897:,1747647682965
counter/5/0/0/0,25702:1747647670897:,1747647682965
counter/3/0/0/0,22443:1747647668425:,1747647682965
counter/9/0/0/0,28429:1747647671496:,1747647682965
counter/6/0/0/0,25066:1747647671543:,1747647682965
counter/3/0/0/0,22444:1747647668425:,1747647682965
counter/4/0/0/0,21926:1747647668511:,1747647682965
counter/2/0/0/0,28334:1747647673068:,1747647682965
counter/1/0/0/0,22614:1747647668687:,1747647682965
counter/5/0/0/0,25703:1747647670897:,1747647682965
counter/1/0/0/0,22615:1747647668687:,1747647682965
counter/10/0/0/0,23700:1747647667785:,1747647682965
counter/10/0/0/0,23701:1747647667788:,1747647682965
counter/10/0/0/0,23702:1747647667788:,1747647682965
counter/7/0/0/0,25173:1747647670520:,1747647682965
counter/3/0/0/0,22445:1747647668425:,1747647682965
counter/4/0/0/0,21927:1747647668511:,1747647682965
counter/2/0/0/0,28335:1747647673068:,1747647682965
counter/5/0/0/0,25704:1747647670897:,1747647682965
counter/2/0/0/0,28336:1747647673068:,1747647682965
counter/8/0/0/0,26393:1747647670734:,1747647682965
counter/6/0/0/0,25067:1747647671544:,1747647682965
counter/9/0/0/0,28430:1747647671496:,1747647682965
counter/10/0/0/0,23703:1747647667788:,1747647682965
counter/7/0/0/0,25174:1747647670529:,1747647682965
counter/3/0/0/0,22446:1747647668432:,1747647682965
counter/4/0/0/0,21928:1747647668512:,1747647682965
counter/5/0/0/0,25705:1747647670897:,1747647682965
counter/4/0/0/0,21929:1747647668512:,1747647682965
counter/2/0/0/0,28337:1747647673068:,1747647682965
counter/8/0/0/0,26394:1747647670734:,1747647682965
counter/2/0/0/0,28338:1747647673068:,1747647682965
counter/2/0/0/0,28339:1747647673068:,1747647682965
counter/2/0/0/0,28340:1747647673068:,1747647682965
counter/7/0/0/0,25175:1747647670529:,1747647682965
counter/3/0/0/0,22447:1747647668432:,1747647682965
counter/5/0/0/0,25706:1747647670897:,1747647682966
counter/5/0/0/0,25707:1747647670897:,1747647682966
counter/5/0/0/0,25708:1747647670897:,1747647682966
counter/5/0/0/0,25709:1747647670897:,1747647682966
counter/5/0/0/0,25710:1747647670897:,1747647682966
counter/5/0/0/0,25711:1747647670897:,1747647682966
counter/5/0/0/0,25712:1747647670897:,1747647682966
counter/9/0/0/0,28431:1747647671496:,1747647682966
counter/10/0/0/0,23704:1747647667788:,1747647682966
counter/3/0/0/0,22448:1747647668432:,1747647682966
counter/4/0/0/0,21930:1747647668512:,1747647682966
counter/4/0/0/0,21931:1747647668512:,1747647682966
counter/6/0/0/0,25068:1747647671544:,1747647682966
counter/2/0/0/0,28341:1747647673073:,1747647682966
counter/5/0/0/0,25713:1747647670900:,1747647682966
counter/5/0/0/0,25714:1747647670900:,1747647682966
counter/5/0/0/0,25715:1747647670900:,1747647682966
counter/5/0/0/0,25716:1747647670901:,1747647682966
counter/5/0/0/0,25717:1747647670901:,1747647682966
counter/10/0/0/0,23705:1747647667790:,1747647682966
counter/10/0/0/0,23706:1747647667790:,1747647682966
counter/10/0/0/0,23707:1747647667790:,1747647682966
counter/4/0/0/0,21932:1747647668514:,1747647682966
counter/2/0/0/0,28342:1747647673073:,1747647682966
counter/7/0/0/0,25176:1747647670529:,1747647682966
counter/9/0/0/0,28432:1747647671496:,1747647682966
counter/9/0/0/0,28433:1747647671515:,1747647682966
counter/9/0/0/0,28434:1747647671536:,1747647682966
counter/8/0/0/0,26395:1747647670734:,1747647682966
counter/1/0/0/0,22616:1747647668688:,1747647682966
counter/6/0/0/0,25069:1747647671544:,1747647682966
counter/1/0/0/0,22617:1747647668688:,1747647682966
counter/1/0/0/0,22618:1747647668688:,1747647682966
counter/2/0/0/0,28343:1747647673073:,1747647682966
counter/7/0/0/0,25177:1747647670535:,1747647682966
counter/3/0/0/0,22449:1747647668432:,1747647682966
counter/5/0/0/0,25718:1747647670901:,1747647682967
counter/9/0/0/0,28435:1747647671536:,1747647682967
counter/8/0/0/0,26396:1747647670734:,1747647682967
counter/8/0/0/0,26397:1747647670734:,1747647682967
counter/8/0/0/0,26398:1747647670734:,1747647682967
counter/8/0/0/0,26399:1747647670734:,1747647682967
counter/4/0/0/0,21933:1747647668514:,1747647682967
counter/2/0/0/0,28344:1747647673073:,1747647682967
counter/7/0/0/0,25178:1747647670535:,1747647682967
counter/7/0/0/0,25179:1747647670535:,1747647682967
counter/7/0/0/0,25180:1747647670535:,1747647682967
counter/7/0/0/0,25181:1747647670541:,1747647682967
counter/7/0/0/0,25182:1747647670545:,1747647682967
counter/7/0/0/0,25183:1747647670545:,1747647682967
counter/7/0/0/0,25184:1747647670545:,1747647682967
counter/7/0/0/0,25185:1747647670545:,1747647682967
counter/7/0/0/0,25186:1747647670545:,1747647682967
counter/7/0/0/0,25187:1747647670545:,1747647682967
counter/7/0/0/0,25188:1747647670546:,1747647682967
counter/7/0/0/0,25189:1747647670546:,1747647682967
counter/3/0/0/0,22450:1747647668442:,1747647682967
counter/10/0/0/0,23708:1747647667793:,1747647682967
counter/3/0/0/0,22451:1747647668442:,1747647682967
counter/8/0/0/0,26400:1747647670734:,1747647682967
counter/3/0/0/0,22452:1747647668442:,1747647682967
counter/4/0/0/0,21934:1747647668514:,1747647682967
counter/5/0/0/0,25719:1747647670901:,1747647682967
counter/9/0/0/0,28436:1747647671536:,1747647682967
counter/7/0/0/0,25190:1747647670546:,1747647682967
counter/7/0/0/0,25191:1747647670546:,1747647682967
counter/7/0/0/0,25192:1747647670546:,1747647682967
counter/10/0/0/0,23709:1747647667812:,1747647682967
counter/2/0/0/0,28345:1747647673073:,1747647682967
counter/2/0/0/0,28346:1747647673073:,1747647682967
counter/2/0/0/0,28347:1747647673073:,1747647682967
counter/2/0/0/0,28348:1747647673073:,1747647682967
counter/5/0/0/0,25720:1747647670901:,1747647682967
counter/9/0/0/0,28437:1747647671536:,1747647682967
counter/7/0/0/0,25193:1747647670546:,1747647682967
counter/7/0/0/0,25194:1747647670553:,1747647682967
counter/7/0/0/0,25195:1747647670553:,1747647682968
counter/10/0/0/0,23710:1747647667812:,1747647682968
counter/8/0/0/0,26401:1747647670734:,1747647682968
counter/3/0/0/0,22453:1747647668442:,1747647682968
counter/3/0/0/0,22454:1747647668442:,1747647682968
counter/3/0/0/0,22455:1747647668442:,1747647682968
counter/5/0/0/0,25721:1747647670901:,1747647682968
counter/9/0/0/0,28438:1747647671536:,1747647682968
counter/1/0/0/0,22619:1747647668703:,1747647682968
counter/7/0/0/0,25196:1747647670553:,1747647682968
counter/1/0/0/0,22620:1747647668703:,1747647682968
counter/10/0/0/0,23711:1747647667812:,1747647682968
counter/8/0/0/0,26402:1747647670734:,1747647682968
counter/8/0/0/0,26403:1747647670734:,1747647682968
counter/8/0/0/0,26404:1747647670734:,1747647682968
counter/8/0/0/0,26405:1747647670734:,1747647682968
counter/3/0/0/0,22456:1747647668451:,1747647682968
counter/9/0/0/0,28439:1747647671536:,1747647682968
counter/7/0/0/0,25197:1747647670553:,1747647682968
counter/7/0/0/0,25198:1747647670553:,1747647682968
counter/7/0/0/0,25199:1747647670553:,1747647682968
counter/7/0/0/0,25200:1747647670553:,1747647682968
counter/7/0/0/0,25201:1747647670553:,1747647682968
counter/7/0/0/0,25202:1747647670553:,1747647682968
counter/7/0/0/0,25203:1747647670553:,1747647682968
counter/7/0/0/0,25204:1747647670553:,1747647682968
counter/7/0/0/0,25205:1747647670554:,1747647682968
counter/9/0/0/0,28440:1747647671536:,1747647682968
counter/1/0/0/0,22621:1747647668703:,1747647682968
counter/10/0/0/0,23712:1747647667812:,1747647682968
counter/1/0/0/0,22622:1747647668703:,1747647682968
counter/2/0/0/0,28349:1747647673073:,1747647682968
counter/4/0/0/0,21935:1747647668514:,1747647682968
counter/5/0/0/0,25722:1747647670901:,1747647682968
counter/4/0/0/0,21936:1747647668514:,1747647682968
counter/6/0/0/0,25070:1747647671548:,1747647682968
counter/3/0/0/0,22457:1747647668451:,1747647682968
counter/9/0/0/0,28441:1747647671546:,1747647682968
counter/3/0/0/0,22458:1747647668451:,1747647682968
counter/3/0/0/0,22459:1747647668451:,1747647682969
counter/8/0/0/0,26406:1747647670738:,1747647682969
counter/2/0/0/0,28350:1747647673073:,1747647682969
counter/7/0/0/0,25206:1747647670555:,1747647682969
counter/5/0/0/0,25723:1747647670907:,1747647682969
counter/4/0/0/0,21937:1747647668515:,1747647682969
counter/6/0/0/0,25071:1747647671550:,1747647682969
counter/4/0/0/0,21938:1747647668515:,1747647682969
counter/9/0/0/0,28442:1747647671546:,1747647682969
counter/1/0/0/0,22623:1747647668703:,1747647682969
counter/3/0/0/0,22460:1747647668451:,1747647682969
counter/1/0/0/0,22624:1747647668703:,1747647682969
counter/2/0/0/0,28351:1747647673073:,1747647682969
counter/4/0/0/0,21939:1747647668515:,1747647682969
counter/5/0/0/0,25724:1747647670907:,1747647682969
counter/10/0/0/0,23713:1747647667812:,1747647682969
counter/6/0/0/0,25072:1747647671550:,1747647682969
counter/9/0/0/0,28443:1747647671546:,1747647682969
counter/8/0/0/0,26407:1747647670738:,1747647682969
counter/3/0/0/0,22461:1747647668451:,1747647682969
counter/3/0/0/0,22462:1747647668451:,1747647682969
counter/3/0/0/0,22463:1747647668451:,1747647682969
counter/3/0/0/0,22464:1747647668452:,1747647682969
counter/3/0/0/0,22465:1747647668452:,1747647682969
counter/3/0/0/0,22466:1747647668452:,1747647682969
counter/3/0/0/0,22467:1747647668452:,1747647682969
counter/3/0/0/0,22468:1747647668452:,1747647682969
counter/3/0/0/0,22469:1747647668453:,1747647682969
counter/3/0/0/0,22470:1747647668453:,1747647682969
counter/3/0/0/0,22471:1747647668453:,1747647682969
counter/3/0/0/0,22472:1747647668453:,1747647682969
counter/3/0/0/0,22473:1747647668453:,1747647682969
counter/3/0/0/0,22474:1747647668453:,1747647682969
counter/3/0/0/0,22475:1747647668453:,1747647682969
counter/3/0/0/0,22476:1747647668454:,1747647682969
counter/3/0/0/0,22477:1747647668454:,1747647682969
counter/3/0/0/0,22478:1747647668454:,1747647682969
counter/3/0/0/0,22479:1747647668454:,1747647682969
counter/3/0/0/0,22480:1747647668467:,1747647682969
counter/3/0/0/0,22481:1747647668467:,1747647682969
counter/3/0/0/0,22482:1747647668467:,1747647682969
counter/3/0/0/0,22483:1747647668467:,1747647682969
counter/3/0/0/0,22484:1747647668467:,1747647682969
counter/3/0/0/0,22485:1747647668467:,1747647682970
counter/3/0/0/0,22486:1747647668467:,1747647682970
counter/3/0/0/0,22487:1747647668467:,1747647682970
counter/3/0/0/0,22488:1747647668479:,1747647682970
counter/3/0/0/0,22489:1747647668479:,1747647682970
counter/3/0/0/0,22490:1747647668479:,1747647682970
counter/9/0/0/0,28444:1747647671546:,1747647682970
counter/3/0/0/0,22491:1747647668479:,1747647682970
counter/8/0/0/0,26408:1747647670738:,1747647682970
counter/3/0/0/0,22492:1747647668479:,1747647682970
counter/3/0/0/0,22493:1747647668479:,1747647682970
counter/1/0/0/0,22625:1747647668719:,1747647682970
counter/3/0/0/0,22494:1747647668479:,1747647682970
counter/1/0/0/0,22626:1747647668719:,1747647682970
counter/7/0/0/0,25207:1747647670555:,1747647682970
counter/2/0/0/0,28352:1747647673073:,1747647682970
counter/5/0/0/0,25725:1747647670907:,1747647682970
counter/10/0/0/0,23714:1747647667812:,1747647682970
counter/6/0/0/0,25073:1747647671550:,1747647682970
counter/3/0/0/0,22495:1747647668479:,1747647682970
counter/9/0/0/0,28445:1747647671546:,1747647682970
counter/8/0/0/0,26409:1747647670738:,1747647682970
counter/8/0/0/0,26410:1747647670738:,1747647682970
counter/4/0/0/0,21940:1747647668515:,1747647682970
counter/7/0/0/0,25208:1747647670555:,1747647682970
counter/4/0/0/0,21941:1747647668515:,1747647682970
counter/5/0/0/0,25726:1747647670907:,1747647682970
counter/10/0/0/0,23715:1747647667812:,1747647682970
counter/6/0/0/0,25074:1747647671550:,1747647682970
counter/3/0/0/0,22496:1747647668479:,1747647682970
counter/9/0/0/0,28446:1747647671546:,1747647682970
counter/9/0/0/0,28447:1747647671546:,1747647682970
counter/9/0/0/0,28448:1747647671546:,1747647682970
counter/9/0/0/0,28449:1747647671546:,1747647682970
counter/9/0/0/0,28450:1747647671546:,1747647682970
counter/9/0/0/0,28451:1747647671546:,1747647682970
counter/9/0/0/0,28452:1747647671546:,1747647682970
counter/9/0/0/0,28453:1747647671546:,1747647682970
counter/9/0/0/0,28454:1747647671561:,1747647682970
counter/9/0/0/0,28455:1747647671561:,1747647682971
counter/9/0/0/0,28456:1747647671561:,1747647682971
counter/9/0/0/0,28457:1747647671561:,1747647682971
counter/9/0/0/0,28458:1747647671562:,1747647682971
counter/9/0/0/0,28459:1747647671562:,1747647682971
counter/9/0/0/0,28460:1747647671562:,1747647682971
counter/9/0/0/0,28461:1747647671562:,1747647682971
counter/9/0/0/0,28462:1747647671562:,1747647682971
counter/9/0/0/0,28463:1747647671562:,1747647682971
counter/9/0/0/0,28464:1747647671562:,1747647682971
counter/1/0/0/0,22627:1747647668720:,1747647682971
counter/7/0/0/0,25209:1747647670555:,1747647682971
counter/1/0/0/0,22628:1747647668720:,1747647682971
counter/10/0/0/0,23716:1747647667812:,1747647682971
counter/6/0/0/0,25075:1747647671550:,1747647682971
counter/3/0/0/0,22497:1747647668479:,1747647682971
counter/9/0/0/0,28465:1747647671562:,1747647682971
counter/8/0/0/0,26411:1747647670738:,1747647682971
counter/2/0/0/0,28353:1747647673073:,1747647682971
counter/5/0/0/0,25727:1747647670907:,1747647682971
counter/7/0/0/0,25210:1747647670555:,1747647682971
counter/7/0/0/0,25211:1747647670555:,1747647682971
counter/7/0/0/0,25212:1747647670555:,1747647682971
counter/7/0/0/0,25213:1747647670556:,1747647682971
counter/1/0/0/0,22629:1747647668720:,1747647682971
counter/3/0/0/0,22498:1747647668480:,1747647682971
counter/1/0/0/0,22630:1747647668726:,1747647682971
counter/8/0/0/0,26412:1747647670738:,1747647682971
counter/2/0/0/0,28354:1747647673073:,1747647682971
counter/5/0/0/0,25728:1747647670907:,1747647682971
counter/5/0/0/0,25729:1747647670907:,1747647682971
counter/10/0/0/0,23717:1747647667812:,1747647682971
counter/7/0/0/0,25214:1747647670556:,1747647682971
counter/7/0/0/0,25215:1747647670556:,1747647682971
counter/9/0/0/0,28466:1747647671562:,1747647682971
counter/3/0/0/0,22499:1747647668480:,1747647682971
counter/1/0/0/0,22631:1747647668726:,1747647682971
counter/8/0/0/0,26413:1747647670738:,1747647682972
counter/1/0/0/0,22632:1747647668726:,1747647682972
counter/1/0/0/0,22633:1747647668726:,1747647682972
counter/5/0/0/0,25730:1747647670907:,1747647682972
counter/5/0/0/0,25731:1747647670910:,1747647682972
counter/7/0/0/0,25216:1747647670556:,1747647682972
counter/7/0/0/0,25217:1747647670560:,1747647682972
counter/7/0/0/0,25218:1747647670560:,1747647682972
counter/7/0/0/0,25219:1747647670560:,1747647682972
counter/7/0/0/0,25220:1747647670560:,1747647682972
counter/7/0/0/0,25221:1747647670560:,1747647682972
counter/7/0/0/0,25222:1747647670560:,1747647682972
counter/7/0/0/0,25223:1747647670560:,1747647682972
counter/7/0/0/0,25224:1747647670561:,1747647682972
counter/7/0/0/0,25225:1747647670561:,1747647682972
counter/7/0/0/0,25226:1747647670564:,1747647682972
counter/7/0/0/0,25227:1747647670567:,1747647682972
counter/7/0/0/0,25228:1747647670567:,1747647682972
counter/7/0/0/0,25229:1747647670567:,1747647682972
counter/5/0/0/0,25732:1747647670910:,1747647682972
counter/7/0/0/0,25230:1747647670567:,1747647682972
counter/4/0/0/0,21942:1747647668515:,1747647682972
counter/7/0/0/0,25231:1747647670567:,1747647682972
counter/9/0/0/0,28467:1747647671562:,1747647682972
counter/4/0/0/0,21943:1747647668515:,1747647682972
counter/2/0/0/0,28355:1747647673073:,1747647682972
counter/8/0/0/0,26414:1747647670738:,1747647682972
counter/10/0/0/0,23718:1747647667812:,1747647682972
counter/7/0/0/0,25232:1747647670567:,1747647682972
counter/7/0/0/0,25233:1747647670567:,1747647682972
counter/7/0/0/0,25234:1747647670567:,1747647682972
counter/1/0/0/0,22634:1747647668726:,1747647682972
counter/3/0/0/0,22500:1747647668486:,1747647682972
counter/9/0/0/0,28468:1747647671562:,1747647682972
counter/4/0/0/0,21944:1747647668515:,1747647682972
counter/2/0/0/0,28356:1747647673073:,1747647682972
counter/4/0/0/0,21945:1747647668515:,1747647682972
counter/10/0/0/0,23719:1747647667812:,1747647682972
counter/7/0/0/0,25235:1747647670567:,1747647682972
counter/7/0/0/0,25236:1747647670567:,1747647682972
counter/7/0/0/0,25237:1747647670571:,1747647682972
counter/3/0/0/0,22501:1747647668486:,1747647682973
counter/3/0/0/0,22502:1747647668486:,1747647682973
counter/3/0/0/0,22503:1747647668486:,1747647682973
counter/3/0/0/0,22504:1747647668486:,1747647682973
counter/3/0/0/0,22505:1747647668486:,1747647682973
counter/3/0/0/0,22506:1747647668486:,1747647682973
counter/5/0/0/0,25733:1747647670910:,1747647682973
counter/3/0/0/0,22507:1747647668486:,1747647682973
counter/3/0/0/0,22508:1747647668486:,1747647682973
counter/3/0/0/0,22509:1747647668486:,1747647682973
counter/3/0/0/0,22510:1747647668486:,1747647682973
counter/3/0/0/0,22511:1747647668487:,1747647682973
counter/3/0/0/0,22512:1747647668494:,1747647682973
counter/3/0/0/0,22513:1747647668494:,1747647682973
counter/3/0/0/0,22514:1747647668494:,1747647682973
counter/3/0/0/0,22515:1747647668494:,1747647682973
counter/3/0/0/0,22516:1747647668494:,1747647682973
counter/3/0/0/0,22517:1747647668494:,1747647682973
counter/3/0/0/0,22518:1747647668494:,1747647682973
counter/3/0/0/0,22519:1747647668494:,1747647682973
counter/3/0/0/0,22520:1747647668494:,1747647682973
counter/3/0/0/0,22521:1747647668495:,1747647682973
counter/3/0/0/0,22522:1747647668495:,1747647682973
counter/3/0/0/0,22523:1747647668495:,1747647682973
counter/3/0/0/0,22524:1747647668498:,1747647682973
counter/3/0/0/0,22525:1747647668508:,1747647682973
counter/3/0/0/0,22526:1747647668509:,1747647682973
counter/3/0/0/0,22527:1747647668509:,1747647682973
counter/2/0/0/0,28357:1747647673074:,1747647682973
counter/3/0/0/0,22528:1747647668509:,1747647682973
counter/1/0/0/0,22635:1747647668730:,1747647682973
counter/3/0/0/0,22529:1747647668509:,1747647682973
counter/7/0/0/0,25238:1747647670577:,1747647682973
counter/3/0/0/0,22530:1747647668509:,1747647682973
counter/5/0/0/0,25734:1747647670910:,1747647682973
counter/5/0/0/0,25735:1747647670910:,1747647682973
counter/5/0/0/0,25736:1747647670910:,1747647682973
counter/5/0/0/0,25737:1747647670910:,1747647682973
counter/4/0/0/0,21946:1747647668517:,1747647682974
counter/5/0/0/0,25738:1747647670911:,1747647682974
counter/10/0/0/0,23720:1747647667814:,1747647682974
counter/2/0/0/0,28358:1747647673074:,1747647682974
counter/1/0/0/0,22636:1747647668732:,1747647682974
counter/6/0/0/0,25076:1747647671550:,1747647682974
counter/1/0/0/0,22637:1747647668732:,1747647682974
counter/9/0/0/0,28469:1747647671562:,1747647682974
counter/1/0/0/0,22638:1747647668732:,1747647682974
counter/8/0/0/0,26415:1747647670744:,1747647682974
counter/3/0/0/0,22531:1747647668509:,1747647682974
counter/4/0/0/0,21947:1747647668517:,1747647682974
counter/10/0/0/0,23721:1747647667814:,1747647682974
counter/4/0/0/0,21948:1747647668518:,1747647682974
counter/6/0/0/0,25077:1747647671551:,1747647682974
counter/6/0/0/0,25078:1747647671551:,1747647682974
counter/6/0/0/0,25079:1747647671551:,1747647682974
counter/6/0/0/0,25080:1747647671551:,1747647682974
counter/6/0/0/0,25081:1747647671553:,1747647682974
counter/1/0/0/0,22639:1747647668732:,1747647682974
counter/3/0/0/0,22532:1747647668509:,1747647682974
counter/2/0/0/0,28359:1747647673075:,1747647682974
counter/10/0/0/0,23722:1747647667814:,1747647682974
counter/4/0/0/0,21949:1747647668518:,1747647682974
counter/5/0/0/0,25739:1747647670911:,1747647682974
counter/4/0/0/0,21950:1747647668518:,1747647682974
counter/6/0/0/0,25082:1747647671554:,1747647682974
counter/8/0/0/0,26416:1747647670751:,1747647682974
counter/7/0/0/0,25239:1747647670577:,1747647682974
counter/3/0/0/0,22533:1747647668509:,1747647682974
counter/3/0/0/0,22534:1747647668509:,1747647682974
counter/2/0/0/0,28360:1747647673075:,1747647682974
counter/10/0/0/0,23723:1747647667814:,1747647682974
counter/9/0/0/0,28470:1747647671562:,1747647682974
counter/5/0/0/0,25740:1747647670911:,1747647682974
counter/5/0/0/0,25741:1747647670911:,1747647682974
counter/5/0/0/0,25742:1747647670911:,1747647682974
counter/5/0/0/0,25743:1747647670911:,1747647682974
counter/7/0/0/0,25240:1747647670577:,1747647682974
counter/1/0/0/0,22640:1747647668732:,1747647682975
counter/3/0/0/0,22535:1747647668509:,1747647682975
counter/10/0/0/0,23724:1747647667814:,1747647682975
counter/9/0/0/0,28471:1747647671566:,1747647682975
counter/9/0/0/0,28472:1747647671566:,1747647682975
counter/4/0/0/0,21951:1747647668518:,1747647682975
counter/6/0/0/0,25083:1747647671554:,1747647682975
counter/5/0/0/0,25744:1747647670911:,1747647682975
counter/5/0/0/0,25745:1747647670911:,1747647682975
counter/5/0/0/0,25746:1747647670911:,1747647682975
counter/5/0/0/0,25747:1747647670911:,1747647682975
counter/5/0/0/0,25748:1747647670911:,1747647682975
counter/1/0/0/0,22641:1747647668732:,1747647682975
counter/9/0/0/0,28473:1747647671566:,1747647682975
counter/9/0/0/0,28474:1747647671566:,1747647682975
counter/9/0/0/0,28475:1747647671566:,1747647682975
counter/6/0/0/0,25084:1747647671554:,1747647682975
counter/6/0/0/0,25085:1747647671554:,1747647682975
counter/6/0/0/0,25086:1747647671554:,1747647682975
counter/6/0/0/0,25087:1747647671554:,1747647682975
counter/6/0/0/0,25088:1747647671554:,1747647682975
counter/6/0/0/0,25089:1747647671554:,1747647682975
counter/6/0/0/0,25090:1747647671554:,1747647682975
counter/9/0/0/0,28476:1747647671566:,1747647682975
counter/4/0/0/0,21952:1747647668518:,1747647682975
counter/2/0/0/0,28361:1747647673075:,1747647682975
counter/5/0/0/0,25749:1747647670911:,1747647682975
counter/10/0/0/0,23725:1747647667814:,1747647682975
counter/10/0/0/0,23726:1747647667814:,1747647682975
counter/10/0/0/0,23727:1747647667814:,1747647682975
counter/10/0/0/0,23728:1747647667814:,1747647682975
counter/10/0/0/0,23729:1747647667814:,1747647682975
counter/1/0/0/0,22642:1747647668733:,1747647682975
counter/9/0/0/0,28477:1747647671566:,1747647682975
counter/1/0/0/0,22643:1747647668733:,1747647682975
counter/2/0/0/0,28362:1747647673075:,1747647682975
counter/5/0/0/0,25750:1747647670911:,1747647682975
counter/2/0/0/0,28363:1747647673075:,1747647682975
counter/3/0/0/0,22536:1747647668509:,1747647682975
counter/3/0/0/0,22537:1747647668509:,1747647682976
counter/6/0/0/0,25091:1747647671554:,1747647682976
counter/7/0/0/0,25241:1747647670577:,1747647682976
counter/9/0/0/0,28478:1747647671566:,1747647682976
counter/4/0/0/0,21953:1747647668518:,1747647682976
counter/4/0/0/0,21954:1747647668518:,1747647682976
counter/5/0/0/0,25751:1747647670911:,1747647682976
counter/1/0/0/0,22644:1747647668733:,1747647682976
counter/2/0/0/0,28364:1747647673075:,1747647682976
counter/10/0/0/0,23730:1747647667814:,1747647682976
counter/6/0/0/0,25092:1747647671554:,1747647682976
counter/3/0/0/0,22538:1747647668509:,1747647682976
counter/10/0/0/0,23731:1747647667814:,1747647682976
counter/9/0/0/0,28479:1747647671566:,1747647682976
counter/9/0/0/0,28480:1747647671566:,1747647682976
counter/9/0/0/0,28481:1747647671566:,1747647682976
counter/9/0/0/0,28482:1747647671566:,1747647682976
counter/9/0/0/0,28483:1747647671566:,1747647682976
counter/9/0/0/0,28484:1747647671566:,1747647682976
counter/9/0/0/0,28485:1747647671566:,1747647682976
counter/9/0/0/0,28486:1747647671566:,1747647682976
counter/9/0/0/0,28487:1747647671570:,1747647682976
counter/9/0/0/0,28488:1747647671570:,1747647682976
counter/9/0/0/0,28489:1747647671570:,1747647682976
counter/9/0/0/0,28490:1747647671571:,1747647682976
counter/9/0/0/0,28491:1747647671571:,1747647682976
counter/9/0/0/0,28492:1747647671571:,1747647682976
counter/9/0/0/0,28493:1747647671571:,1747647682976
counter/9/0/0/0,28494:1747647671572:,1747647682976
counter/9/0/0/0,28495:1747647671591:,1747647682976
counter/9/0/0/0,28496:1747647671591:,1747647682976
counter/9/0/0/0,28497:1747647671591:,1747647682976
counter/9/0/0/0,28498:1747647671591:,1747647682976
counter/8/0/0/0,26417:1747647670751:,1747647682976
counter/2/0/0/0,28365:1747647673075:,1747647682976
counter/6/0/0/0,25093:1747647671554:,1747647682976
counter/2/0/0/0,28366:1747647673075:,1747647682976
counter/7/0/0/0,25242:1747647670577:,1747647682977
counter/10/0/0/0,23732:1747647667814:,1747647682977
counter/5/0/0/0,25752:1747647670911:,1747647682977
counter/5/0/0/0,25753:1747647670911:,1747647682977
counter/5/0/0/0,25754:1747647670911:,1747647682977
counter/5/0/0/0,25755:1747647670911:,1747647682977
counter/5/0/0/0,25756:1747647670911:,1747647682977
counter/5/0/0/0,25757:1747647670911:,1747647682977
counter/5/0/0/0,25758:1747647670911:,1747647682977
counter/5/0/0/0,25759:1747647670911:,1747647682977
counter/5/0/0/0,25760:1747647670911:,1747647682977
counter/5/0/0/0,25761:1747647670911:,1747647682977
counter/5/0/0/0,25762:1747647670911:,1747647682977
counter/5/0/0/0,25763:1747647670911:,1747647682977
counter/5/0/0/0,25764:1747647670912:,1747647682977
counter/5/0/0/0,25765:1747647670912:,1747647682977
counter/5/0/0/0,25766:1747647670912:,1747647682977
counter/5/0/0/0,25767:1747647670917:,1747647682977
counter/5/0/0/0,25768:1747647670917:,1747647682977
counter/5/0/0/0,25769:1747647670917:,1747647682977
counter/5/0/0/0,25770:1747647670917:,1747647682977
counter/5/0/0/0,25771:1747647670917:,1747647682977
counter/7/0/0/0,25243:1747647670577:,1747647682977
counter/5/0/0/0,25772:1747647670917:,1747647682977
counter/7/0/0/0,25244:1747647670577:,1747647682977
counter/5/0/0/0,25773:1747647670917:,1747647682977
counter/7/0/0/0,25245:1747647670577:,1747647682977
counter/5/0/0/0,25774:1747647670917:,1747647682977
counter/7/0/0/0,25246:1747647670577:,1747647682977
counter/5/0/0/0,25775:1747647670917:,1747647682977
counter/7/0/0/0,25247:1747647670577:,1747647682977
counter/7/0/0/0,25248:1747647670577:,1747647682977
counter/7/0/0/0,25249:1747647670577:,1747647682977
counter/7/0/0/0,25250:1747647670577:,1747647682977
counter/7/0/0/0,25251:1747647670582:,1747647682977
counter/9/0/0/0,28499:1747647671591:,1747647682977
counter/7/0/0/0,25252:1747647670582:,1747647682977
counter/7/0/0/0,25253:1747647670582:,1747647682977
counter/7/0/0/0,25254:1747647670583:,1747647682977
counter/6/0/0/0,25094:1747647671554:,1747647682977
counter/4/0/0/0,21955:1747647668518:,1747647682977
counter/2/0/0/0,28367:1747647673075:,1747647682978
counter/4/0/0/0,21956:1747647668518:,1747647682978
counter/10/0/0/0,23733:1747647667814:,1747647682978
counter/8/0/0/0,26418:1747647670752:,1747647682978
counter/1/0/0/0,22645:1747647668733:,1747647682978
counter/7/0/0/0,25255:1747647670583:,1747647682978
counter/1/0/0/0,22646:1747647668733:,1747647682978
counter/7/0/0/0,25256:1747647670586:,1747647682978
counter/7/0/0/0,25257:1747647670586:,1747647682978
counter/7/0/0/0,25258:1747647670586:,1747647682978
counter/7/0/0/0,25259:1747647670586:,1747647682978
counter/7/0/0/0,25260:1747647670586:,1747647682978
counter/8/0/0/0,26419:1747647670752:,1747647682978
counter/7/0/0/0,25261:1747647670586:,1747647682978
counter/3/0/0/0,22539:1747647668509:,1747647682978
counter/3/0/0/0,22540:1747647668522:,1747647682978
counter/9/0/0/0,28500:1747647671591:,1747647682978
counter/3/0/0/0,22541:1747647668522:,1747647682978
counter/3/0/0/0,22542:1747647668522:,1747647682978
counter/3/0/0/0,22543:1747647668522:,1747647682978
counter/3/0/0/0,22544:1747647668522:,1747647682978
counter/3/0/0/0,22545:1747647668524:,1747647682978
counter/4/0/0/0,21957:1747647668518:,1747647682978
counter/8/0/0/0,26420:1747647670752:,1747647682978
counter/4/0/0/0,21958:1747647668518:,1747647682978
counter/9/0/0/0,28501:1747647671591:,1747647682978
counter/4/0/0/0,21959:1747647668518:,1747647682978
counter/2/0/0/0,28368:1747647673075:,1747647682978
counter/1/0/0/0,22647:1747647668733:,1747647682978
counter/10/0/0/0,23734:1747647667814:,1747647682978
counter/3/0/0/0,22546:1747647668524:,1747647682978
counter/6/0/0/0,25095:1747647671554:,1747647682978
counter/8/0/0/0,26421:1747647670754:,1747647682978
counter/8/0/0/0,26422:1747647670754:,1747647682978
counter/8/0/0/0,26423:1747647670754:,1747647682978
counter/8/0/0/0,26424:1747647670754:,1747647682978
counter/7/0/0/0,25262:1747647670586:,1747647682978
counter/2/0/0/0,28369:1747647673075:,1747647682978
counter/1/0/0/0,22648:1747647668733:,1747647682979
counter/10/0/0/0,23735:1747647667814:,1747647682979
counter/1/0/0/0,22649:1747647668733:,1747647682979
counter/6/0/0/0,25096:1747647671558:,1747647682979
counter/9/0/0/0,28502:1747647671591:,1747647682979
counter/4/0/0/0,21960:1747647668518:,1747647682979
counter/8/0/0/0,26425:1747647670771:,1747647682979
counter/4/0/0/0,21961:1747647668520:,1747647682979
counter/7/0/0/0,25263:1747647670586:,1747647682979
counter/2/0/0/0,28370:1747647673075:,1747647682979
counter/10/0/0/0,23736:1747647667814:,1747647682979
counter/3/0/0/0,22547:1747647668524:,1747647682979
counter/1/0/0/0,22650:1747647668733:,1747647682979
counter/6/0/0/0,25097:1747647671559:,1747647682979
counter/1/0/0/0,22651:1747647668743:,1747647682979
counter/8/0/0/0,26426:1747647670771:,1747647682979
counter/8/0/0/0,26427:1747647670771:,1747647682979
counter/8/0/0/0,26428:1747647670772:,1747647682979
counter/4/0/0/0,21962:1747647668520:,1747647682979
counter/2/0/0/0,28371:1747647673081:,1747647682979
counter/10/0/0/0,23737:1747647667814:,1747647682979
counter/3/0/0/0,22548:1747647668524:,1747647682979
counter/9/0/0/0,28503:1747647671591:,1747647682979
counter/6/0/0/0,25098:1747647671559:,1747647682979
counter/1/0/0/0,22652:1747647668744:,1747647682979
counter/8/0/0/0,26429:1747647670772:,1747647682979
counter/1/0/0/0,22653:1747647668744:,1747647682979
counter/5/0/0/0,25776:1747647670917:,1747647682979
counter/4/0/0/0,21963:1747647668520:,1747647682979
counter/2/0/0/0,28372:1747647673081:,1747647682979
counter/3/0/0/0,22549:1747647668524:,1747647682979
counter/10/0/0/0,23738:1747647667814:,1747647682979
counter/9/0/0/0,28504:1747647671591:,1747647682979
counter/6/0/0/0,25099:1747647671559:,1747647682979
counter/6/0/0/0,25100:1747647671559:,1747647682979
counter/8/0/0/0,26430:1747647670772:,1747647682979
counter/8/0/0/0,26431:1747647670772:,1747647682979
counter/8/0/0/0,26432:1747647670772:,1747647682979
counter/4/0/0/0,21964:1747647668520:,1747647682979
counter/2/0/0/0,28373:1747647673081:,1747647682979
counter/4/0/0/0,21965:1747647668520:,1747647682979
counter/10/0/0/0,23739:1747647667815:,1747647682979
counter/9/0/0/0,28505:1747647671591:,1747647682979
counter/6/0/0/0,25101:1747647671559:,1747647682980
counter/6/0/0/0,25102:1747647671559:,1747647682980
counter/6/0/0/0,25103:1747647671559:,1747647682980
counter/6/0/0/0,25104:1747647671559:,1747647682980
counter/6/0/0/0,25105:1747647671559:,1747647682980
counter/6/0/0/0,25106:1747647671559:,1747647682980
counter/6/0/0/0,25107:1747647671559:,1747647682980
counter/6/0/0/0,25108:1747647671559:,1747647682980
counter/6/0/0/0,25109:1747647671559:,1747647682980
counter/4/0/0/0,21966:1747647668520:,1747647682980
counter/8/0/0/0,26433:1747647670772:,1747647682980
counter/4/0/0/0,21967:1747647668520:,1747647682980
counter/5/0/0/0,25777:1747647670917:,1747647682980
counter/3/0/0/0,22550:1747647668524:,1747647682980
counter/2/0/0/0,28374:1747647673081:,1747647682980
counter/2/0/0/0,28375:1747647673081:,1747647682980
counter/10/0/0/0,23740:1747647667823:,1747647682980
counter/7/0/0/0,25264:1747647670587:,1747647682980
counter/9/0/0/0,28506:1747647671591:,1747647682980
counter/8/0/0/0,26434:1747647670780:,1747647682980
counter/8/0/0/0,26435:1747647670780:,1747647682980
counter/8/0/0/0,26436:1747647670780:,1747647682980
counter/8/0/0/0,26437:1747647670780:,1747647682980
counter/8/0/0/0,26438:1747647670780:,1747647682980
counter/8/0/0/0,26439:1747647670780:,1747647682980
counter/8/0/0/0,26440:1747647670780:,1747647682980
counter/8/0/0/0,26441:1747647670780:,1747647682980
counter/8/0/0/0,26442:1747647670780:,1747647682980
counter/8/0/0/0,26443:1747647670780:,1747647682980
counter/8/0/0/0,26444:1747647670780:,1747647682980
counter/8/0/0/0,26445:1747647670780:,1747647682980
counter/8/0/0/0,26446:1747647670780:,1747647682980
counter/8/0/0/0,26447:1747647670780:,1747647682980
counter/4/0/0/0,21968:1747647668520:,1747647682980
counter/2/0/0/0,28376:1747647673082:,1747647682980
counter/4/0/0/0,21969:1747647668520:,1747647682980
counter/9/0/0/0,28507:1747647671591:,1747647682980
counter/3/0/0/0,22551:1747647668525:,1747647682980
counter/6/0/0/0,25110:1747647671559:,1747647682980
counter/1/0/0/0,22654:1747647668744:,1747647682980
counter/10/0/0/0,23741:1747647667832:,1747647682981
counter/1/0/0/0,22655:1747647668744:,1747647682981
counter/5/0/0/0,25778:1747647670917:,1747647682981
counter/7/0/0/0,25265:1747647670587:,1747647682981
counter/2/0/0/0,28377:1747647673082:,1747647682981
counter/2/0/0/0,28378:1747647673082:,1747647682981
counter/2/0/0/0,28379:1747647673082:,1747647682981
counter/2/0/0/0,28380:1747647673082:,1747647682981
counter/2/0/0/0,28381:1747647673082:,1747647682981
counter/2/0/0/0,28382:1747647673082:,1747647682981
counter/2/0/0/0,28383:1747647673083:,1747647682981
counter/2/0/0/0,28384:1747647673083:,1747647682981
counter/2/0/0/0,28385:1747647673083:,1747647682981
counter/2/0/0/0,28386:1747647673083:,1747647682981
counter/3/0/0/0,22552:1747647668525:,1747647682981
counter/2/0/0/0,28387:1747647673083:,1747647682981
counter/6/0/0/0,25111:1747647671559:,1747647682981
counter/8/0/0/0,26448:1747647670780:,1747647682981
counter/10/0/0/0,23742:1747647667832:,1747647682981
counter/5/0/0/0,25779:1747647670917:,1747647682981
counter/7/0/0/0,25266:1747647670587:,1747647682981
counter/7/0/0/0,25267:1747647670587:,1747647682981
counter/7/0/0/0,25268:1747647670587:,1747647682981
counter/7/0/0/0,25269:1747647670587:,1747647682981
counter/7/0/0/0,25270:1747647670587:,1747647682981
counter/7/0/0/0,25271:1747647670587:,1747647682981
counter/7/0/0/0,25272:1747647670587:,1747647682981
counter/7/0/0/0,25273:1747647670587:,1747647682981
counter/7/0/0/0,25274:1747647670587:,1747647682981
counter/7/0/0/0,25275:1747647670587:,1747647682981
counter/7/0/0/0,25276:1747647670587:,1747647682981
counter/4/0/0/0,21970:1747647668520:,1747647682981
counter/2/0/0/0,28388:1747647673083:,1747647682981
counter/4/0/0/0,21971:1747647668520:,1747647682981
counter/8/0/0/0,26449:1747647670780:,1747647682981
counter/1/0/0/0,22656:1747647668744:,1747647682982
counter/9/0/0/0,28508:1747647671591:,1747647682982
counter/6/0/0/0,25112:1747647671559:,1747647682982
counter/5/0/0/0,25780:1747647670917:,1747647682982
counter/10/0/0/0,23743:1747647667832:,1747647682982
counter/3/0/0/0,22553:1747647668525:,1747647682982
counter/2/0/0/0,28389:1747647673083:,1747647682982
counter/4/0/0/0,21972:1747647668520:,1747647682982
counter/7/0/0/0,25277:1747647670587:,1747647682982
counter/4/0/0/0,21973:1747647668520:,1747647682982
counter/9/0/0/0,28509:1747647671592:,1747647682982
counter/9/0/0/0,28510:1747647671592:,1747647682982
counter/9/0/0/0,28511:1747647671592:,1747647682982
counter/9/0/0/0,28512:1747647671592:,1747647682982
counter/9/0/0/0,28513:1747647671598:,1747647682982
counter/9/0/0/0,28514:1747647671598:,1747647682982
counter/9/0/0/0,28515:1747647671598:,1747647682982
counter/8/0/0/0,26450:1747647670782:,1747647682982
counter/7/0/0/0,25278:1747647670587:,1747647682982
counter/4/0/0/0,21974:1747647668520:,1747647682982
counter/4/0/0/0,21975:1747647668520:,1747647682982
counter/6/0/0/0,25113:1747647671559:,1747647682982
counter/4/0/0/0,21976:1747647668521:,1747647682982
counter/10/0/0/0,23744:1747647667832:,1747647682982
counter/1/0/0/0,22657:1747647668744:,1747647682982
counter/9/0/0/0,28516:1747647671607:,1747647682982
counter/9/0/0/0,28517:1747647671608:,1747647682982
counter/8/0/0/0,26451:1747647670784:,1747647682982
counter/7/0/0/0,25279:1747647670587:,1747647682982
counter/5/0/0/0,25781:1747647670917:,1747647682982
counter/6/0/0/0,25114:1747647671565:,1747647682982
counter/6/0/0/0,25115:1747647671565:,1747647682982
counter/6/0/0/0,25116:1747647671565:,1747647682982
counter/6/0/0/0,25117:1747647671565:,1747647682982
counter/6/0/0/0,25118:1747647671565:,1747647682982
counter/6/0/0/0,25119:1747647671565:,1747647682982
counter/1/0/0/0,22658:1747647668744:,1747647682982
counter/8/0/0/0,26452:1747647670784:,1747647682982
counter/7/0/0/0,25280:1747647670587:,1747647682982
counter/5/0/0/0,25782:1747647670917:,1747647682982
counter/5/0/0/0,25783:1747647670917:,1747647682982
counter/5/0/0/0,25784:1747647670921:,1747647682982
counter/5/0/0/0,25785:1747647670921:,1747647682983
counter/5/0/0/0,25786:1747647670921:,1747647682983
counter/5/0/0/0,25787:1747647670921:,1747647682983
counter/5/0/0/0,25788:1747647670921:,1747647682983
counter/5/0/0/0,25789:1747647670921:,1747647682983
counter/5/0/0/0,25790:1747647670921:,1747647682983
counter/1/0/0/0,22659:1747647668744:,1747647682983
counter/1/0/0/0,22660:1747647668744:,1747647682983
counter/3/0/0/0,22554:1747647668525:,1747647682983
counter/10/0/0/0,23745:1747647667832:,1747647682983
counter/1/0/0/0,22661:1747647668744:,1747647682983
counter/6/0/0/0,25120:1747647671565:,1747647682983
counter/2/0/0/0,28390:1747647673083:,1747647682983
counter/7/0/0/0,25281:1747647670587:,1747647682983
counter/8/0/0/0,26453:1747647670784:,1747647682983
counter/8/0/0/0,26454:1747647670784:,1747647682983
counter/8/0/0/0,26455:1747647670784:,1747647682983
counter/9/0/0/0,28518:1747647671608:,1747647682983
counter/10/0/0/0,23746:1747647667832:,1747647682983
counter/3/0/0/0,22555:1747647668525:,1747647682983
counter/1/0/0/0,22662:1747647668744:,1747647682983
counter/6/0/0/0,25121:1747647671574:,1747647682983
counter/2/0/0/0,28391:1747647673083:,1747647682983
counter/7/0/0/0,25282:1747647670588:,1747647682983
counter/8/0/0/0,26456:1747647670784:,1747647682983
counter/4/0/0/0,21977:1747647668521:,1747647682983
counter/5/0/0/0,25791:1747647670921:,1747647682983
counter/4/0/0/0,21978:1747647668526:,1747647682983
counter/10/0/0/0,23747:1747647667832:,1747647682983
counter/3/0/0/0,22556:1747647668525:,1747647682983
counter/3/0/0/0,22557:1747647668525:,1747647682983
counter/3/0/0/0,22558:1747647668525:,1747647682983
counter/2/0/0/0,28392:1747647673083:,1747647682983
counter/7/0/0/0,25283:1747647670589:,1747647682983
counter/8/0/0/0,26457:1747647670784:,1747647682983
counter/8/0/0/0,26458:1747647670784:,1747647682984
counter/8/0/0/0,26459:1747647670784:,1747647682984
counter/8/0/0/0,26460:1747647670787:,1747647682984
counter/8/0/0/0,26461:1747647670787:,1747647682984
counter/8/0/0/0,26462:1747647670787:,1747647682984
counter/8/0/0/0,26463:1747647670787:,1747647682984
counter/2/0/0/0,28393:1747647673083:,1747647682984
counter/8/0/0/0,26464:1747647670787:,1747647682984
counter/7/0/0/0,25284:1747647670589:,1747647682984
counter/9/0/0/0,28519:1747647671608:,1747647682984
counter/10/0/0/0,23748:1747647667832:,1747647682984
counter/4/0/0/0,21979:1747647668526:,1747647682984
counter/6/0/0/0,25122:1747647671574:,1747647682984
counter/1/0/0/0,22663:1747647668744:,1747647682984
counter/8/0/0/0,26465:1747647670787:,1747647682984
counter/1/0/0/0,22664:1747647668744:,1747647682984
counter/5/0/0/0,25792:1747647670921:,1747647682984
counter/4/0/0/0,21980:1747647668526:,1747647682984
counter/7/0/0/0,25285:1747647670589:,1747647682984
counter/9/0/0/0,28520:1747647671608:,1747647682984
counter/10/0/0/0,23749:1747647667832:,1747647682984
counter/6/0/0/0,25123:1747647671574:,1747647682984
counter/3/0/0/0,22559:1747647668528:,1747647682984
counter/8/0/0/0,26466:1747647670787:,1747647682984
counter/8/0/0/0,26467:1747647670787:,1747647682984
counter/2/0/0/0,28394:1747647673083:,1747647682984
counter/5/0/0/0,25793:1747647670922:,1747647682984
counter/5/0/0/0,25794:1747647670927:,1747647682984
counter/5/0/0/0,25795:1747647670928:,1747647682984
counter/5/0/0/0,25796:1747647670928:,1747647682984
counter/5/0/0/0,25797:1747647670928:,1747647682984
counter/5/0/0/0,25798:1747647670928:,1747647682984
counter/5/0/0/0,25799:1747647670930:,1747647682984
counter/5/0/0/0,25800:1747647670930:,1747647682984
counter/5/0/0/0,25801:1747647670930:,1747647682984
counter/1/0/0/0,22665:1747647668748:,1747647682984
counter/1/0/0/0,22666:1747647668748:,1747647682984
counter/7/0/0/0,25286:1747647670589:,1747647682984
counter/1/0/0/0,22667:1747647668749:,1747647682984
counter/10/0/0/0,23750:1747647667832:,1747647682985
counter/1/0/0/0,22668:1747647668749:,1747647682985
counter/3/0/0/0,22560:1747647668528:,1747647682985
counter/4/0/0/0,21981:1747647668527:,1747647682985
counter/2/0/0/0,28395:1747647673083:,1747647682985
counter/8/0/0/0,26468:1747647670787:,1747647682985
counter/9/0/0/0,28521:1747647671613:,1747647682985
counter/7/0/0/0,25287:1747647670589:,1747647682985
counter/7/0/0/0,25288:1747647670589:,1747647682985
counter/7/0/0/0,25289:1747647670589:,1747647682985
counter/7/0/0/0,25290:1747647670589:,1747647682985
counter/1/0/0/0,22669:1747647668749:,1747647682985
counter/3/0/0/0,22561:1747647668528:,1747647682985
counter/1/0/0/0,22670:1747647668749:,1747647682985
counter/2/0/0/0,28396:1747647673083:,1747647682985
counter/2/0/0/0,28397:1747647673083:,1747647682985
counter/8/0/0/0,26469:1747647670787:,1747647682985
counter/10/0/0/0,23751:1747647667832:,1747647682985
counter/7/0/0/0,25291:1747647670589:,1747647682985
counter/5/0/0/0,25802:1747647670930:,1747647682985
counter/6/0/0/0,25124:1747647671574:,1747647682985
counter/3/0/0/0,22562:1747647668528:,1747647682985
counter/3/0/0/0,22563:1747647668528:,1747647682985
counter/3/0/0/0,22564:1747647668528:,1747647682985
counter/3/0/0/0,22565:1747647668528:,1747647682985
counter/3/0/0/0,22566:1747647668529:,1747647682985
counter/3/0/0/0,22567:1747647668529:,1747647682985
counter/3/0/0/0,22568:1747647668529:,1747647682985
counter/5/0/0/0,25803:1747647670930:,1747647682985
counter/3/0/0/0,22569:1747647668529:,1747647682985
counter/6/0/0/0,25125:1747647671574:,1747647682985
counter/6/0/0/0,25126:1747647671574:,1747647682985
counter/6/0/0/0,25127:1747647671574:,1747647682985
counter/6/0/0/0,25128:1747647671574:,1747647682985
counter/9/0/0/0,28522:1747647671613:,1747647682985
counter/6/0/0/0,25129:1747647671575:,1747647682985
counter/10/0/0/0,23752:1747647667832:,1747647682985
counter/3/0/0/0,22570:1747647668529:,1747647682985
counter/7/0/0/0,25292:1747647670589:,1747647682985
counter/5/0/0/0,25804:1747647670930:,1747647682985
counter/5/0/0/0,25805:1747647670930:,1747647682985
counter/5/0/0/0,25806:1747647670930:,1747647682986
counter/5/0/0/0,25807:1747647670930:,1747647682986
counter/5/0/0/0,25808:1747647670930:,1747647682986
counter/5/0/0/0,25809:1747647670930:,1747647682986
counter/5/0/0/0,25810:1747647670931:,1747647682986
counter/5/0/0/0,25811:1747647670931:,1747647682986
counter/5/0/0/0,25812:1747647670931:,1747647682986
counter/5/0/0/0,25813:1747647670931:,1747647682986
counter/2/0/0/0,28398:1747647673087:,1747647682986
counter/5/0/0/0,25814:1747647670931:,1747647682986
counter/6/0/0/0,25130:1747647671575:,1747647682986
counter/9/0/0/0,28523:1747647671613:,1747647682986
counter/10/0/0/0,23753:1747647667832:,1747647682986
counter/4/0/0/0,21982:1747647668527:,1747647682986
counter/3/0/0/0,22571:1747647668529:,1747647682986
counter/4/0/0/0,21983:1747647668527:,1747647682986
counter/5/0/0/0,25815:1747647670935:,1747647682986
counter/1/0/0/0,22671:1747647668749:,1747647682986
counter/8/0/0/0,26470:1747647670787:,1747647682986
counter/1/0/0/0,22672:1747647668749:,1747647682986
counter/6/0/0/0,25131:1747647671575:,1747647682986
counter/9/0/0/0,28524:1747647671613:,1747647682986
counter/10/0/0/0,23754:1747647667832:,1747647682986
counter/7/0/0/0,25293:1747647670589:,1747647682986
counter/3/0/0/0,22572:1747647668529:,1747647682986
counter/3/0/0/0,22573:1747647668529:,1747647682986
counter/3/0/0/0,22574:1747647668529:,1747647682986
counter/3/0/0/0,22575:1747647668529:,1747647682986
counter/3/0/0/0,22576:1747647668531:,1747647682986
counter/3/0/0/0,22577:1747647668531:,1747647682986
counter/9/0/0/0,28525:1747647671613:,1747647682986
counter/3/0/0/0,22578:1747647668531:,1747647682986
counter/10/0/0/0,23755:1747647667832:,1747647682986
counter/7/0/0/0,25294:1747647670589:,1747647682986
counter/4/0/0/0,21984:1747647668527:,1747647682987
counter/5/0/0/0,25816:1747647670935:,1747647682987
counter/4/0/0/0,21985:1747647668527:,1747647682987
counter/8/0/0/0,26471:1747647670787:,1747647682987
counter/6/0/0/0,25132:1747647671575:,1747647682987
counter/3/0/0/0,22579:1747647668531:,1747647682987
counter/3/0/0/0,22580:1747647668531:,1747647682987
counter/3/0/0/0,22581:1747647668531:,1747647682987
counter/3/0/0/0,22582:1747647668531:,1747647682987
counter/3/0/0/0,22583:1747647668531:,1747647682987
counter/2/0/0/0,28399:1747647673089:,1747647682987
counter/5/0/0/0,25817:1747647670935:,1747647682987
counter/5/0/0/0,25818:1747647670935:,1747647682987
counter/5/0/0/0,25819:1747647670935:,1747647682987
counter/5/0/0/0,25820:1747647670935:,1747647682987
counter/5/0/0/0,25821:1747647670935:,1747647682987
counter/5/0/0/0,25822:1747647670935:,1747647682987
counter/1/0/0/0,22673:1747647668749:,1747647682987
counter/3/0/0/0,22584:1747647668531:,1747647682987
counter/1/0/0/0,22674:1747647668750:,1747647682987
counter/2/0/0/0,28400:1747647673089:,1747647682987
counter/4/0/0/0,21986:1747647668527:,1747647682987
counter/6/0/0/0,25133:1747647671575:,1747647682987
counter/4/0/0/0,21987:1747647668527:,1747647682987
counter/5/0/0/0,25823:1747647670935:,1747647682987
counter/10/0/0/0,23756:1747647667832:,1747647682987
counter/8/0/0/0,26472:1747647670787:,1747647682987
counter/7/0/0/0,25295:1747647670590:,1747647682987
counter/3/0/0/0,22585:1747647668531:,1747647682987
counter/3/0/0/0,22586:1747647668532:,1747647682987
counter/3/0/0/0,22587:1747647668532:,1747647682987
counter/3/0/0/0,22588:1747647668532:,1747647682987
counter/3/0/0/0,22589:1747647668532:,1747647682987
counter/3/0/0/0,22590:1747647668532:,1747647682987
counter/3/0/0/0,22591:1747647668532:,1747647682987
counter/3/0/0/0,22592:1747647668532:,1747647682987
counter/3/0/0/0,22593:1747647668532:,1747647682987
counter/3/0/0/0,22594:1747647668532:,1747647682987
counter/4/0/0/0,21988:1747647668527:,1747647682987
counter/3/0/0/0,22595:1747647668532:,1747647682988
counter/9/0/0/0,28526:1747647671613:,1747647682988
counter/6/0/0/0,25134:1747647671575:,1747647682988
counter/4/0/0/0,21989:1747647668527:,1747647682988
counter/10/0/0/0,23757:1747647667834:,1747647682988
counter/8/0/0/0,26473:1747647670787:,1747647682988
counter/7/0/0/0,25296:1747647670590:,1747647682988
counter/1/0/0/0,22675:1747647668750:,1747647682988
counter/2/0/0/0,28401:1747647673089:,1747647682988
counter/3/0/0/0,22596:1747647668532:,1747647682988
counter/9/0/0/0,28527:1747647671613:,1747647682988
counter/5/0/0/0,25824:1747647670935:,1747647682988
counter/6/0/0/0,25135:1747647671575:,1747647682988
counter/6/0/0/0,25136:1747647671575:,1747647682988
counter/6/0/0/0,25137:1747647671575:,1747647682988
counter/6/0/0/0,25138:1747647671575:,1747647682988
counter/6/0/0/0,25139:1747647671575:,1747647682988
counter/6/0/0/0,25140:1747647671577:,1747647682988
counter/6/0/0/0,25141:1747647671577:,1747647682988
counter/9/0/0/0,28528:1747647671613:,1747647682988
counter/6/0/0/0,25142:1747647671577:,1747647682988
counter/5/0/0/0,25825:1747647670936:,1747647682988
counter/4/0/0/0,21990:1747647668527:,1747647682988
counter/10/0/0/0,23758:1747647667834:,1747647682988
counter/4/0/0/0,21991:1747647668527:,1747647682988
counter/2/0/0/0,28402:1747647673089:,1747647682988
counter/3/0/0/0,22597:1747647668532:,1747647682988
counter/3/0/0/0,22598:1747647668532:,1747647682988
counter/3/0/0/0,22599:1747647668532:,1747647682988
counter/3/0/0/0,22600:1747647668532:,1747647682988
counter/3/0/0/0,22601:1747647668532:,1747647682988
counter/3/0/0/0,22602:1747647668532:,1747647682988
counter/3/0/0/0,22603:1747647668532:,1747647682988
counter/3/0/0/0,22604:1747647668532:,1747647682988
counter/3/0/0/0,22605:1747647668532:,1747647682988
counter/3/0/0/0,22606:1747647668532:,1747647682988
counter/3/0/0/0,22607:1747647668532:,1747647682988
counter/7/0/0/0,25297:1747647670591:,1747647682988
counter/1/0/0/0,22676:1747647668750:,1747647682988
counter/5/0/0/0,25826:1747647670936:,1747647682988
counter/1/0/0/0,22677:1747647668750:,1747647682989
counter/8/0/0/0,26474:1747647670787:,1747647682989
counter/10/0/0/0,23759:1747647667834:,1747647682989
counter/2/0/0/0,28403:1747647673089:,1747647682989
counter/6/0/0/0,25143:1747647671577:,1747647682989
counter/3/0/0/0,22608:1747647668532:,1747647682989
counter/3/0/0/0,22609:1747647668533:,1747647682989
counter/7/0/0/0,25298:1747647670597:,1747647682989
counter/9/0/0/0,28529:1747647671613:,1747647682989
counter/5/0/0/0,25827:1747647670936:,1747647682989
counter/5/0/0/0,25828:1747647670936:,1747647682989
counter/5/0/0/0,25829:1747647670936:,1747647682989
counter/10/0/0/0,23760:1747647667835:,1747647682989
counter/10/0/0/0,23761:1747647667835:,1747647682989
counter/10/0/0/0,23762:1747647667835:,1747647682989
counter/10/0/0/0,23763:1747647667835:,1747647682989
counter/4/0/0/0,21992:1747647668530:,1747647682989
counter/7/0/0/0,25299:1747647670597:,1747647682989
counter/9/0/0/0,28530:1747647671613:,1747647682989
counter/1/0/0/0,22678:1747647668750:,1747647682989
counter/5/0/0/0,25830:1747647670936:,1747647682989
counter/1/0/0/0,22679:1747647668750:,1747647682989
counter/2/0/0/0,28404:1747647673089:,1747647682989
counter/6/0/0/0,25144:1747647671577:,1747647682989
counter/3/0/0/0,22610:1747647668533:,1747647682989
counter/10/0/0/0,23764:1747647667835:,1747647682989
counter/10/0/0/0,23765:1747647667835:,1747647682989
counter/10/0/0/0,23766:1747647667835:,1747647682989
counter/10/0/0/0,23767:1747647667835:,1747647682989
counter/10/0/0/0,23768:1747647667835:,1747647682989
counter/10/0/0/0,23769:1747647667835:,1747647682989
counter/10/0/0/0,23770:1747647667835:,1747647682989
counter/1/0/0/0,22680:1747647668757:,1747647682989
counter/6/0/0/0,25145:1747647671577:,1747647682989
counter/1/0/0/0,22681:1747647668757:,1747647682989
counter/1/0/0/0,22682:1747647668757:,1747647682989
counter/7/0/0/0,25300:1747647670597:,1747647682989
counter/4/0/0/0,21993:1747647668530:,1747647682989
counter/5/0/0/0,25831:1747647670936:,1747647682989
counter/4/0/0/0,21994:1747647668530:,1747647682990
counter/10/0/0/0,23771:1747647667835:,1747647682990
counter/2/0/0/0,28405:1747647673089:,1747647682990
counter/4/0/0/0,21995:1747647668531:,1747647682990
counter/6/0/0/0,25146:1747647671577:,1747647682990
counter/1/0/0/0,22683:1747647668757:,1747647682990
counter/9/0/0/0,28531:1747647671613:,1747647682990
counter/1/0/0/0,22684:1747647668757:,1747647682990
counter/5/0/0/0,25832:1747647670936:,1747647682990
counter/4/0/0/0,21996:1747647668531:,1747647682990
counter/10/0/0/0,23772:1747647667835:,1747647682990
counter/3/0/0/0,22611:1747647668533:,1747647682990
counter/2/0/0/0,28406:1747647673089:,1747647682990
counter/6/0/0/0,25147:1747647671577:,1747647682990
counter/6/0/0/0,25148:1747647671577:,1747647682990
counter/6/0/0/0,25149:1747647671577:,1747647682990
counter/6/0/0/0,25150:1747647671577:,1747647682990
counter/6/0/0/0,25151:1747647671577:,1747647682990
counter/6/0/0/0,25152:1747647671578:,1747647682990
counter/6/0/0/0,25153:1747647671578:,1747647682990
counter/6/0/0/0,25154:1747647671578:,1747647682990
counter/6/0/0/0,25155:1747647671578:,1747647682990
counter/6/0/0/0,25156:1747647671578:,1747647682990
counter/6/0/0/0,25157:1747647671578:,1747647682990
counter/8/0/0/0,26475:1747647670787:,1747647682990
counter/6/0/0/0,25158:1747647671578:,1747647682990
counter/10/0/0/0,23773:1747647667839:,1747647682990
counter/6/0/0/0,25159:1747647671578:,1747647682990
counter/4/0/0/0,21997:1747647668531:,1747647682990
counter/4/0/0/0,21998:1747647668531:,1747647682990
counter/3/0/0/0,22612:1747647668533:,1747647682990
counter/9/0/0/0,28532:1747647671613:,1747647682990
counter/5/0/0/0,25833:1747647670936:,1747647682990
counter/6/0/0/0,25160:1747647671578:,1747647682990
counter/6/0/0/0,25161:1747647671578:,1747647682990
counter/6/0/0/0,25162:1747647671586:,1747647682990
counter/6/0/0/0,25163:1747647671586:,1747647682990
counter/6/0/0/0,25164:1747647671587:,1747647682990
counter/6/0/0/0,25165:1747647671587:,1747647682990
counter/6/0/0/0,25166:1747647671587:,1747647682990
counter/6/0/0/0,25167:1747647671587:,1747647682991
counter/4/0/0/0,21999:1747647668536:,1747647682991
counter/5/0/0/0,25834:1747647670936:,1747647682991
counter/4/0/0/0,22000:1747647668536:,1747647682991
counter/4/0/0/0,22001:1747647668536:,1747647682991
counter/10/0/0/0,23774:1747647667839:,1747647682991
counter/2/0/0/0,28407:1747647673089:,1747647682991
counter/3/0/0/0,22613:1747647668539:,1747647682991
counter/6/0/0/0,25168:1747647671587:,1747647682991
counter/9/0/0/0,28533:1747647671613:,1747647682991
counter/7/0/0/0,25301:1747647670597:,1747647682991
counter/5/0/0/0,25835:1747647670936:,1747647682991
counter/5/0/0/0,25836:1747647670936:,1747647682991
counter/10/0/0/0,23775:1747647667839:,1747647682991
counter/10/0/0/0,23776:1747647667840:,1747647682991
counter/10/0/0/0,23777:1747647667840:,1747647682991
counter/10/0/0/0,23778:1747647667850:,1747647682991
counter/10/0/0/0,23779:1747647667850:,1747647682991
counter/10/0/0/0,23780:1747647667850:,1747647682991
counter/10/0/0/0,23781:1747647667851:,1747647682991
counter/10/0/0/0,23782:1747647667851:,1747647682991
counter/10/0/0/0,23783:1747647667851:,1747647682991
counter/2/0/0/0,28408:1747647673089:,1747647682991
counter/10/0/0/0,23784:1747647667851:,1747647682991
counter/10/0/0/0,23785:1747647667851:,1747647682991
counter/1/0/0/0,22685:1747647668757:,1747647682991
counter/3/0/0/0,22614:1747647668539:,1747647682991
counter/1/0/0/0,22686:1747647668757:,1747647682991
counter/9/0/0/0,28534:1747647671617:,1747647682991
counter/4/0/0/0,22002:1747647668536:,1747647682991
counter/5/0/0/0,25837:1747647670936:,1747647682991
counter/4/0/0/0,22003:1747647668536:,1747647682991
counter/10/0/0/0,23786:1747647667851:,1747647682991
counter/2/0/0/0,28409:1747647673089:,1747647682991
counter/6/0/0/0,25169:1747647671587:,1747647682991
counter/3/0/0/0,22615:1747647668539:,1747647682991
counter/3/0/0/0,22616:1747647668539:,1747647682991
counter/3/0/0/0,22617:1747647668539:,1747647682991
counter/3/0/0/0,22618:1747647668539:,1747647682992
counter/3/0/0/0,22619:1747647668539:,1747647682992
counter/3/0/0/0,22620:1747647668539:,1747647682992
counter/3/0/0/0,22621:1747647668539:,1747647682992
counter/3/0/0/0,22622:1747647668539:,1747647682992
counter/6/0/0/0,25170:1747647671587:,1747647682992
counter/3/0/0/0,22623:1747647668539:,1747647682992
counter/1/0/0/0,22687:1747647668757:,1747647682992
counter/7/0/0/0,25302:1747647670597:,1747647682992
counter/9/0/0/0,28535:1747647671617:,1747647682992
counter/5/0/0/0,25838:1747647670938:,1747647682992
counter/5/0/0/0,25839:1747647670938:,1747647682992
counter/5/0/0/0,25840:1747647670938:,1747647682992
counter/5/0/0/0,25841:1747647670938:,1747647682992
counter/5/0/0/0,25842:1747647670938:,1747647682992
counter/5/0/0/0,25843:1747647670938:,1747647682992
counter/5/0/0/0,25844:1747647670938:,1747647682992
counter/7/0/0/0,25303:1747647670597:,1747647682992
counter/5/0/0/0,25845:1747647670938:,1747647682992
counter/9/0/0/0,28536:1747647671617:,1747647682992
counter/10/0/0/0,23787:1747647667851:,1747647682992
counter/2/0/0/0,28410:1747647673089:,1747647682992
counter/4/0/0/0,22004:1747647668536:,1747647682992
counter/3/0/0/0,22624:1747647668539:,1747647682992
counter/4/0/0/0,22005:1747647668536:,1747647682992
counter/5/0/0/0,25846:1747647670938:,1747647682992
counter/5/0/0/0,25847:1747647670938:,1747647682992
counter/1/0/0/0,22688:1747647668757:,1747647682992
counter/7/0/0/0,25304:1747647670597:,1747647682992
counter/1/0/0/0,22689:1747647668757:,1747647682992
counter/10/0/0/0,23788:1747647667851:,1747647682992
counter/2/0/0/0,28411:1747647673089:,1747647682992
counter/6/0/0/0,25171:1747647671590:,1747647682992
counter/3/0/0/0,22625:1747647668539:,1747647682992
counter/4/0/0/0,22006:1747647668536:,1747647682992
counter/5/0/0/0,25848:1747647670938:,1747647682992
counter/4/0/0/0,22007:1747647668536:,1747647682992
counter/9/0/0/0,28537:1747647671617:,1747647682992
counter/7/0/0/0,25305:1747647670597:,1747647682992
counter/7/0/0/0,25306:1747647670598:,1747647682992
counter/7/0/0/0,25307:1747647670598:,1747647682992
counter/7/0/0/0,25308:1747647670598:,1747647682992
counter/7/0/0/0,25309:1747647670601:,1747647682992
counter/7/0/0/0,25310:1747647670601:,1747647682993
counter/7/0/0/0,25311:1747647670601:,1747647682993
counter/7/0/0/0,25312:1747647670601:,1747647682993
counter/7/0/0/0,25313:1747647670601:,1747647682993
counter/4/0/0/0,22008:1747647668536:,1747647682993
counter/4/0/0/0,22009:1747647668536:,1747647682993
counter/10/0/0/0,23789:1747647667851:,1747647682993
counter/2/0/0/0,28412:1747647673098:,1747647682993
counter/3/0/0/0,22626:1747647668539:,1747647682993
counter/5/0/0/0,25849:1747647670938:,1747647682993
counter/5/0/0/0,25850:1747647670939:,1747647682993
counter/5/0/0/0,25851:1747647670939:,1747647682993
counter/5/0/0/0,25852:1747647670939:,1747647682993
counter/5/0/0/0,25853:1747647670939:,1747647682993
counter/5/0/0/0,25854:1747647670939:,1747647682993
counter/5/0/0/0,25855:1747647670939:,1747647682993
counter/5/0/0/0,25856:1747647670939:,1747647682993
counter/4/0/0/0,22010:1747647668537:,1747647682993
counter/3/0/0/0,22627:1747647668539:,1747647682993
counter/7/0/0/0,25314:1747647670609:,1747647682993
counter/9/0/0/0,28538:1747647671617:,1747647682993
counter/6/0/0/0,25172:1747647671592:,1747647682993
counter/10/0/0/0,23790:1747647667851:,1747647682993
counter/2/0/0/0,28413:1747647673098:,1747647682993
counter/5/0/0/0,25857:1747647670939:,1747647682993
counter/5/0/0/0,25858:1747647670939:,1747647682993
counter/5/0/0/0,25859:1747647670942:,1747647682993
counter/5/0/0/0,25860:1747647670942:,1747647682993
counter/5/0/0/0,25861:1747647670942:,1747647682993
counter/4/0/0/0,22011:1747647668537:,1747647682993
counter/9/0/0/0,28539:1747647671622:,1747647682993
counter/6/0/0/0,25173:1747647671594:,1747647682993
counter/4/0/0/0,22012:1747647668537:,1747647682993
counter/2/0/0/0,28414:1747647673098:,1747647682993
counter/3/0/0/0,22628:1747647668539:,1747647682993
counter/3/0/0/0,22629:1747647668540:,1747647682993
counter/3/0/0/0,22630:1747647668540:,1747647682993
counter/3/0/0/0,22631:1747647668540:,1747647682993
counter/3/0/0/0,22632:1747647668540:,1747647682993
counter/3/0/0/0,22633:1747647668540:,1747647682994
counter/3/0/0/0,22634:1747647668540:,1747647682994
counter/3/0/0/0,22635:1747647668540:,1747647682994
counter/2/0/0/0,28415:1747647673098:,1747647682994
counter/3/0/0/0,22636:1747647668540:,1747647682994
counter/1/0/0/0,22690:1747647668757:,1747647682994
counter/5/0/0/0,25862:1747647670942:,1747647682994
counter/1/0/0/0,22691:1747647668757:,1747647682994
counter/8/0/0/0,26476:1747647670787:,1747647682994
counter/9/0/0/0,28540:1747647671622:,1747647682994
counter/10/0/0/0,23791:1747647667851:,1747647682994
counter/6/0/0/0,25174:1747647671594:,1747647682994
counter/3/0/0/0,22637:1747647668540:,1747647682994
counter/3/0/0/0,22638:1747647668540:,1747647682994
counter/3/0/0/0,22639:1747647668540:,1747647682994
counter/3/0/0/0,22640:1747647668540:,1747647682994
counter/3/0/0/0,22641:1747647668542:,1747647682994
counter/3/0/0/0,22642:1747647668542:,1747647682994
counter/3/0/0/0,22643:1747647668542:,1747647682994
counter/9/0/0/0,28541:1747647671622:,1747647682994
counter/10/0/0/0,23792:1747647667851:,1747647682994
counter/6/0/0/0,25175:1747647671594:,1747647682994
counter/4/0/0/0,22013:1747647668541:,1747647682994
counter/2/0/0/0,28416:1747647673098:,1747647682994
counter/7/0/0/0,25315:1747647670609:,1747647682994
counter/5/0/0/0,25863:1747647670943:,1747647682994
counter/1/0/0/0,22692:1747647668757:,1747647682994
counter/8/0/0/0,26477:1747647670787:,1747647682994
counter/1/0/0/0,22693:1747647668757:,1747647682994
counter/9/0/0/0,28542:1747647671622:,1747647682994
counter/10/0/0/0,23793:1747647667851:,1747647682994
counter/6/0/0/0,25176:1747647671594:,1747647682994
counter/6/0/0/0,25177:1747647671594:,1747647682994
counter/6/0/0/0,25178:1747647671594:,1747647682994
counter/6/0/0/0,25179:1747647671594:,1747647682994
counter/6/0/0/0,25180:1747647671594:,1747647682994
counter/6/0/0/0,25181:1747647671594:,1747647682994
counter/6/0/0/0,25182:1747647671594:,1747647682994
counter/6/0/0/0,25183:1747647671594:,1747647682994
counter/9/0/0/0,28543:1747647671622:,1747647682994
counter/10/0/0/0,23794:1747647667853:,1747647682994
counter/4/0/0/0,22014:1747647668541:,1747647682994
counter/2/0/0/0,28417:1747647673098:,1747647682995
counter/5/0/0/0,25864:1747647670943:,1747647682995
counter/3/0/0/0,22644:1747647668542:,1747647682995
counter/8/0/0/0,26478:1747647670787:,1747647682995
counter/6/0/0/0,25184:1747647671594:,1747647682995
counter/6/0/0/0,25185:1747647671594:,1747647682995
counter/6/0/0/0,25186:1747647671595:,1747647682995
counter/6/0/0/0,25187:1747647671604:,1747647682995
counter/10/0/0/0,23795:1747647667853:,1747647682995
counter/2/0/0/0,28418:1747647673098:,1747647682995
counter/4/0/0/0,22015:1747647668541:,1747647682995
counter/5/0/0/0,25865:1747647670943:,1747647682995
counter/4/0/0/0,22016:1747647668542:,1747647682995
counter/8/0/0/0,26479:1747647670787:,1747647682995
counter/9/0/0/0,28544:1747647671622:,1747647682995
counter/9/0/0/0,28545:1747647671622:,1747647682995
counter/9/0/0/0,28546:1747647671625:,1747647682995
counter/9/0/0/0,28547:1747647671625:,1747647682995
counter/9/0/0/0,28548:1747647671625:,1747647682995
counter/9/0/0/0,28549:1747647671628:,1747647682995
counter/9/0/0/0,28550:1747647671628:,1747647682995
counter/9/0/0/0,28551:1747647671629:,1747647682995
counter/9/0/0/0,28552:1747647671629:,1747647682995
counter/9/0/0/0,28553:1747647671629:,1747647682995
counter/9/0/0/0,28554:1747647671629:,1747647682995
counter/9/0/0/0,28555:1747647671631:,1747647682995
counter/9/0/0/0,28556:1747647671631:,1747647682995
counter/9/0/0/0,28557:1747647671631:,1747647682995
counter/9/0/0/0,28558:1747647671631:,1747647682995
counter/9/0/0/0,28559:1747647671631:,1747647682995
counter/8/0/0/0,26480:1747647670787:,1747647682995
counter/9/0/0/0,28560:1747647671631:,1747647682995
counter/6/0/0/0,25188:1747647671604:,1747647682995
counter/1/0/0/0,22694:1747647668757:,1747647682995
counter/7/0/0/0,25316:1747647670609:,1747647682995
counter/3/0/0/0,22645:1747647668542:,1747647682995
counter/1/0/0/0,22695:1747647668776:,1747647682995
counter/5/0/0/0,25866:1747647670943:,1747647682995
counter/9/0/0/0,28561:1747647671631:,1747647682996
counter/1/0/0/0,22696:1747647668776:,1747647682996
counter/2/0/0/0,28419:1747647673098:,1747647682996
counter/1/0/0/0,22697:1747647668776:,1747647682996
counter/6/0/0/0,25189:1747647671604:,1747647682996
counter/10/0/0/0,23796:1747647667853:,1747647682996
counter/1/0/0/0,22698:1747647668776:,1747647682996
counter/3/0/0/0,22646:1747647668542:,1747647682996
counter/1/0/0/0,22699:1747647668776:,1747647682996
counter/9/0/0/0,28562:1747647671632:,1747647682996
counter/8/0/0/0,26481:1747647670787:,1747647682996
counter/2/0/0/0,28420:1747647673100:,1747647682996
counter/6/0/0/0,25190:1747647671604:,1747647682996
counter/6/0/0/0,25191:1747647671604:,1747647682996
counter/6/0/0/0,25192:1747647671604:,1747647682996
counter/6/0/0/0,25193:1747647671604:,1747647682996
counter/6/0/0/0,25194:1747647671604:,1747647682996
counter/6/0/0/0,25195:1747647671604:,1747647682996
counter/3/0/0/0,22647:1747647668542:,1747647682996
counter/9/0/0/0,28563:1747647671632:,1747647682996
counter/8/0/0/0,26482:1747647670787:,1747647682996
counter/2/0/0/0,28421:1747647673117:,1747647682996
counter/2/0/0/0,28422:1747647673117:,1747647682996
counter/10/0/0/0,23797:1747647667853:,1747647682996
counter/5/0/0/0,25867:1747647670943:,1747647682996
counter/5/0/0/0,25868:1747647670943:,1747647682996
counter/7/0/0/0,25317:1747647670609:,1747647682996
counter/3/0/0/0,22648:1747647668542:,1747647682996
counter/3/0/0/0,22649:1747647668542:,1747647682996
counter/3/0/0/0,22650:1747647668543:,1747647682996
counter/8/0/0/0,26483:1747647670792:,1747647682996
counter/8/0/0/0,26484:1747647670792:,1747647682996
counter/2/0/0/0,28423:1747647673117:,1747647682996
counter/10/0/0/0,23798:1747647667853:,1747647682996
counter/10/0/0/0,23799:1747647667853:,1747647682996
counter/5/0/0/0,25869:1747647670943:,1747647682996
counter/7/0/0/0,25318:1747647670609:,1747647682996
counter/7/0/0/0,25319:1747647670619:,1747647682997
counter/7/0/0/0,25320:1747647670619:,1747647682997
counter/7/0/0/0,25321:1747647670619:,1747647682997
counter/3/0/0/0,22651:1747647668543:,1747647682997
counter/8/0/0/0,26485:1747647670792:,1747647682997
counter/2/0/0/0,28424:1747647673117:,1747647682997
counter/2/0/0/0,28425:1747647673117:,1747647682997
counter/10/0/0/0,23800:1747647667854:,1747647682997
counter/5/0/0/0,25870:1747647670943:,1747647682997
counter/5/0/0/0,25871:1747647670943:,1747647682997
counter/5/0/0/0,25872:1747647670943:,1747647682997
counter/5/0/0/0,25873:1747647670949:,1747647682997
counter/5/0/0/0,25874:1747647670949:,1747647682997
counter/3/0/0/0,22652:1747647668543:,1747647682997
counter/8/0/0/0,26486:1747647670792:,1747647682997
counter/6/0/0/0,25196:1747647671604:,1747647682997
counter/8/0/0/0,26487:1747647670792:,1747647682997
counter/8/0/0/0,26488:1747647670792:,1747647682997
counter/1/0/0/0,22700:1747647668776:,1747647682997
counter/9/0/0/0,28564:1747647671632:,1747647682997
counter/7/0/0/0,25322:1747647670619:,1747647682997
counter/5/0/0/0,25875:1747647670949:,1747647682997
counter/3/0/0/0,22653:1747647668543:,1747647682997
counter/3/0/0/0,22654:1747647668543:,1747647682997
counter/3/0/0/0,22655:1747647668543:,1747647682997
counter/3/0/0/0,22656:1747647668544:,1747647682997
counter/3/0/0/0,22657:1747647668545:,1747647682997
counter/10/0/0/0,23801:1747647667854:,1747647682997
counter/1/0/0/0,22701:1747647668776:,1747647682997
counter/9/0/0/0,28565:1747647671632:,1747647682997
counter/7/0/0/0,25323:1747647670619:,1747647682997
counter/5/0/0/0,25876:1747647670949:,1747647682997
counter/5/0/0/0,25877:1747647670949:,1747647682997
counter/5/0/0/0,25878:1747647670949:,1747647682997
counter/4/0/0/0,22017:1747647668548:,1747647682997
counter/3/0/0/0,22658:1747647668546:,1747647682997
counter/4/0/0/0,22018:1747647668548:,1747647682997
counter/10/0/0/0,23802:1747647667854:,1747647682997
counter/10/0/0/0,23803:1747647667854:,1747647682997
counter/10/0/0/0,23804:1747647667854:,1747647682997
counter/10/0/0/0,23805:1747647667854:,1747647682997
counter/10/0/0/0,23806:1747647667854:,1747647682997
counter/10/0/0/0,23807:1747647667854:,1747647682997
counter/10/0/0/0,23808:1747647667854:,1747647682998
counter/10/0/0/0,23809:1747647667854:,1747647682998
counter/10/0/0/0,23810:1747647667854:,1747647682998
counter/10/0/0/0,23811:1747647667854:,1747647682998
counter/10/0/0/0,23812:1747647667855:,1747647682998
counter/10/0/0/0,23813:1747647667855:,1747647682998
counter/10/0/0/0,23814:1747647667856:,1747647682998
counter/10/0/0/0,23815:1747647667856:,1747647682998
counter/10/0/0/0,23816:1747647667856:,1747647682998
counter/2/0/0/0,28426:1747647673117:,1747647682998
counter/8/0/0/0,26489:1747647670792:,1747647682998
counter/3/0/0/0,22659:1747647668546:,1747647682998
counter/3/0/0/0,22660:1747647668546:,1747647682998
counter/4/0/0/0,22019:1747647668548:,1747647682998
counter/7/0/0/0,25324:1747647670619:,1747647682998
counter/4/0/0/0,22020:1747647668548:,1747647682998
counter/6/0/0/0,25197:1747647671604:,1747647682998
counter/1/0/0/0,22702:1747647668776:,1747647682998
counter/10/0/0/0,23817:1747647667858:,1747647682998
counter/2/0/0/0,28427:1747647673118:,1747647682998
counter/8/0/0/0,26490:1747647670792:,1747647682998
counter/2/0/0/0,28428:1747647673118:,1747647682998
counter/2/0/0/0,28429:1747647673118:,1747647682998
counter/2/0/0/0,28430:1747647673118:,1747647682998
counter/2/0/0/0,28431:1747647673118:,1747647682998
counter/2/0/0/0,28432:1747647673118:,1747647682998
counter/4/0/0/0,22021:1747647668548:,1747647682998
counter/10/0/0/0,23818:1747647667858:,1747647682998
counter/10/0/0/0,23819:1747647667860:,1747647682998
counter/1/0/0/0,22703:1747647668776:,1747647682998
counter/1/0/0/0,22704:1747647668776:,1747647682998
counter/7/0/0/0,25325:1747647670620:,1747647682998
counter/5/0/0/0,25879:1747647670949:,1747647682998
counter/7/0/0/0,25326:1747647670620:,1747647682998
counter/2/0/0/0,28433:1747647673118:,1747647682998
counter/2/0/0/0,28434:1747647673118:,1747647682998
counter/2/0/0/0,28435:1747647673118:,1747647682998
counter/4/0/0/0,22022:1747647668548:,1747647682998
counter/10/0/0/0,23820:1747647667860:,1747647682998
counter/10/0/0/0,23821:1747647667860:,1747647682998
counter/10/0/0/0,23822:1747647667860:,1747647682999
counter/5/0/0/0,25880:1747647670949:,1747647682999
counter/1/0/0/0,22705:1747647668776:,1747647682999
counter/6/0/0/0,25198:1747647671604:,1747647682999
counter/6/0/0/0,25199:1747647671604:,1747647682999
counter/2/0/0/0,28436:1747647673118:,1747647682999
counter/9/0/0/0,28566:1747647671632:,1747647682999
counter/9/0/0/0,28567:1747647671632:,1747647682999
counter/9/0/0/0,28568:1747647671643:,1747647682999
counter/9/0/0/0,28569:1747647671643:,1747647682999
counter/5/0/0/0,25881:1747647670949:,1747647682999
counter/2/0/0/0,28437:1747647673118:,1747647682999
counter/2/0/0/0,28438:1747647673118:,1747647682999
counter/1/0/0/0,22706:1747647668778:,1747647682999
counter/6/0/0/0,25200:1747647671604:,1747647682999
counter/6/0/0/0,25201:1747647671604:,1747647682999
counter/6/0/0/0,25202:1747647671605:,1747647682999
counter/6/0/0/0,25203:1747647671610:,1747647682999
counter/6/0/0/0,25204:1747647671610:,1747647682999
counter/6/0/0/0,25205:1747647671611:,1747647682999
counter/6/0/0/0,25206:1747647671611:,1747647682999
counter/6/0/0/0,25207:1747647671611:,1747647682999
counter/6/0/0/0,25208:1747647671611:,1747647682999
counter/6/0/0/0,25209:1747647671611:,1747647682999
counter/6/0/0/0,25210:1747647671611:,1747647682999
counter/6/0/0/0,25211:1747647671611:,1747647682999
counter/4/0/0/0,22023:1747647668548:,1747647682999
counter/5/0/0/0,25882:1747647670949:,1747647682999
counter/4/0/0/0,22024:1747647668548:,1747647682999
counter/8/0/0/0,26491:1747647670792:,1747647682999
counter/2/0/0/0,28439:1747647673118:,1747647682999
counter/10/0/0/0,23823:1747647667860:,1747647682999
counter/2/0/0/0,28440:1747647673118:,1747647682999
counter/3/0/0/0,22661:1747647668546:,1747647682999
counter/7/0/0/0,25327:1747647670620:,1747647682999
counter/5/0/0/0,25883:1747647670949:,1747647682999
counter/5/0/0/0,25884:1747647670954:,1747647682999
counter/5/0/0/0,25885:1747647670954:,1747647682999
counter/5/0/0/0,25886:1747647670954:,1747647682999
counter/5/0/0/0,25887:1747647670954:,1747647682999
counter/6/0/0/0,25212:1747647671611:,1747647682999
counter/5/0/0/0,25888:1747647670954:,1747647683000
counter/2/0/0/0,28441:1747647673118:,1747647683000
counter/3/0/0/0,22662:1747647668546:,1747647683000
counter/7/0/0/0,25328:1747647670620:,1747647683000
counter/9/0/0/0,28570:1747647671643:,1747647683000
counter/5/0/0/0,25889:1747647670954:,1747647683000
counter/1/0/0/0,22707:1747647668778:,1747647683000
counter/5/0/0/0,25890:1747647670954:,1747647683000
counter/5/0/0/0,25891:1747647670954:,1747647683000
counter/5/0/0/0,25892:1747647670954:,1747647683000
counter/4/0/0/0,22025:1747647668548:,1747647683000
counter/2/0/0/0,28442:1747647673118:,1747647683000
counter/3/0/0/0,22663:1747647668546:,1747647683000
counter/7/0/0/0,25329:1747647670620:,1747647683000
counter/9/0/0/0,28571:1747647671643:,1747647683000
counter/9/0/0/0,28572:1747647671643:,1747647683000
counter/10/0/0/0,23824:1747647667860:,1747647683000
counter/5/0/0/0,25893:1747647670954:,1747647683000
counter/10/0/0/0,23825:1747647667860:,1747647683000
counter/6/0/0/0,25213:1747647671611:,1747647683000
counter/6/0/0/0,25214:1747647671611:,1747647683000
counter/2/0/0/0,28443:1747647673118:,1747647683000
counter/3/0/0/0,22664:1747647668546:,1747647683000
counter/7/0/0/0,25330:1747647670620:,1747647683000
counter/7/0/0/0,25331:1747647670620:,1747647683000
counter/7/0/0/0,25332:1747647670620:,1747647683000
counter/7/0/0/0,25333:1747647670620:,1747647683000
counter/7/0/0/0,25334:1747647670623:,1747647683000
counter/7/0/0/0,25335:1747647670623:,1747647683000
counter/7/0/0/0,25336:1747647670623:,1747647683000
counter/7/0/0/0,25337:1747647670623:,1747647683000
counter/7/0/0/0,25338:1747647670623:,1747647683000
counter/7/0/0/0,25339:1747647670624:,1747647683000
counter/7/0/0/0,25340:1747647670624:,1747647683000
counter/7/0/0/0,25341:1747647670624:,1747647683000
counter/7/0/0/0,25342:1747647670624:,1747647683000
counter/7/0/0/0,25343:1747647670624:,1747647683000
counter/7/0/0/0,25344:1747647670624:,1747647683000
counter/4/0/0/0,22026:1747647668548:,1747647683000
counter/3/0/0/0,22665:1747647668546:,1747647683000
counter/7/0/0/0,25345:1747647670624:,1747647683000
counter/5/0/0/0,25894:1747647670954:,1747647683000
counter/1/0/0/0,22708:1747647668778:,1747647683000
counter/9/0/0/0,28573:1747647671643:,1747647683001
counter/8/0/0/0,26492:1747647670792:,1747647683001
counter/10/0/0/0,23826:1747647667860:,1747647683001
counter/7/0/0/0,25346:1747647670624:,1747647683001
counter/2/0/0/0,28444:1747647673118:,1747647683001
counter/7/0/0/0,25347:1747647670624:,1747647683001
counter/4/0/0/0,22027:1747647668548:,1747647683001
counter/3/0/0/0,22666:1747647668546:,1747647683001
counter/5/0/0/0,25895:1747647670954:,1747647683001
counter/5/0/0/0,25896:1747647670954:,1747647683001
counter/5/0/0/0,25897:1747647670954:,1747647683001
counter/5/0/0/0,25898:1747647670954:,1747647683001
counter/5/0/0/0,25899:1747647670957:,1747647683001
counter/5/0/0/0,25900:1747647670957:,1747647683001
counter/5/0/0/0,25901:1747647670957:,1747647683001
counter/5/0/0/0,25902:1747647670957:,1747647683001
counter/5/0/0/0,25903:1747647670957:,1747647683001
counter/5/0/0/0,25904:1747647670957:,1747647683001
counter/5/0/0/0,25905:1747647670957:,1747647683001
counter/5/0/0/0,25906:1747647670957:,1747647683001
counter/5/0/0/0,25907:1747647670958:,1747647683001
counter/1/0/0/0,22709:1747647668778:,1747647683001
counter/7/0/0/0,25348:1747647670624:,1747647683001
counter/1/0/0/0,22710:1747647668778:,1747647683001
counter/6/0/0/0,25215:1747647671611:,1747647683001
counter/3/0/0/0,22667:1747647668546:,1747647683001
counter/4/0/0/0,22028:1747647668548:,1747647683001
counter/10/0/0/0,23827:1747647667860:,1747647683001
counter/5/0/0/0,25908:1747647670958:,1747647683001
counter/2/0/0/0,28445:1747647673118:,1747647683001
counter/8/0/0/0,26493:1747647670792:,1747647683001
counter/7/0/0/0,25349:1747647670624:,1747647683001
counter/7/0/0/0,25350:1747647670624:,1747647683001
counter/7/0/0/0,25351:1747647670624:,1747647683001
counter/7/0/0/0,25352:1747647670624:,1747647683001
counter/7/0/0/0,25353:1747647670624:,1747647683001
counter/7/0/0/0,25354:1747647670624:,1747647683001
counter/7/0/0/0,25355:1747647670624:,1747647683001
counter/7/0/0/0,25356:1747647670630:,1747647683001
counter/7/0/0/0,25357:1747647670631:,1747647683002
counter/7/0/0/0,25358:1747647670631:,1747647683002
counter/7/0/0/0,25359:1747647670631:,1747647683002
counter/7/0/0/0,25360:1747647670631:,1747647683002
counter/7/0/0/0,25361:1747647670631:,1747647683002
counter/7/0/0/0,25362:1747647670631:,1747647683002
counter/7/0/0/0,25363:1747647670631:,1747647683002
counter/7/0/0/0,25364:1747647670631:,1747647683002
counter/7/0/0/0,25365:1747647670631:,1747647683002
counter/9/0/0/0,28574:1747647671643:,1747647683002
counter/7/0/0/0,25366:1747647670631:,1747647683002
counter/9/0/0/0,28575:1747647671646:,1747647683002
counter/9/0/0/0,28576:1747647671646:,1747647683002
counter/10/0/0/0,23828:1747647667860:,1747647683002
counter/10/0/0/0,23829:1747647667860:,1747647683002
counter/10/0/0/0,23830:1747647667860:,1747647683002
counter/10/0/0/0,23831:1747647667860:,1747647683002
counter/8/0/0/0,26494:1747647670792:,1747647683002
counter/7/0/0/0,25367:1747647670631:,1747647683002
counter/7/0/0/0,25368:1747647670631:,1747647683002
counter/7/0/0/0,25369:1747647670631:,1747647683002
counter/7/0/0/0,25370:1747647670631:,1747647683002
counter/7/0/0/0,25371:1747647670631:,1747647683002
counter/7/0/0/0,25372:1747647670631:,1747647683002
counter/7/0/0/0,25373:1747647670631:,1747647683002
counter/7/0/0/0,25374:1747647670631:,1747647683002
counter/7/0/0/0,25375:1747647670631:,1747647683002
counter/7/0/0/0,25376:1747647670631:,1747647683002
counter/7/0/0/0,25377:1747647670631:,1747647683002
counter/7/0/0/0,25378:1747647670631:,1747647683002
counter/7/0/0/0,25379:1747647670631:,1747647683002
counter/7/0/0/0,25380:1747647670632:,1747647683002
counter/7/0/0/0,25381:1747647670632:,1747647683002
counter/7/0/0/0,25382:1747647670632:,1747647683002
counter/7/0/0/0,25383:1747647670632:,1747647683002
counter/9/0/0/0,28577:1747647671646:,1747647683002
counter/7/0/0/0,25384:1747647670632:,1747647683002
counter/10/0/0/0,23832:1747647667861:,1747647683002
counter/5/0/0/0,25909:1747647670958:,1747647683002
counter/7/0/0/0,25385:1747647670632:,1747647683002
counter/5/0/0/0,25910:1747647670958:,1747647683002
counter/7/0/0/0,25386:1747647670632:,1747647683002
counter/5/0/0/0,25911:1747647670958:,1747647683003
counter/7/0/0/0,25387:1747647670632:,1747647683003
counter/5/0/0/0,25912:1747647670958:,1747647683003
counter/5/0/0/0,25913:1747647670958:,1747647683003
counter/5/0/0/0,25914:1747647670958:,1747647683003
counter/5/0/0/0,25915:1747647670958:,1747647683003
counter/5/0/0/0,25916:1747647670958:,1747647683003
counter/5/0/0/0,25917:1747647670958:,1747647683003
counter/5/0/0/0,25918:1747647670958:,1747647683003
counter/5/0/0/0,25919:1747647670958:,1747647683003
counter/5/0/0/0,25920:1747647670958:,1747647683003
counter/5/0/0/0,25921:1747647670958:,1747647683003
counter/5/0/0/0,25922:1747647670958:,1747647683003
counter/1/0/0/0,22711:1747647668783:,1747647683003
counter/5/0/0/0,25923:1747647670958:,1747647683003
counter/3/0/0/0,22668:1747647668546:,1747647683003
counter/5/0/0/0,25924:1747647670958:,1747647683003
counter/3/0/0/0,22669:1747647668546:,1747647683003
counter/2/0/0/0,28446:1747647673118:,1747647683003
counter/7/0/0/0,25388:1747647670632:,1747647683003
counter/7/0/0/0,25389:1747647670632:,1747647683003
counter/7/0/0/0,25390:1747647670639:,1747647683003
counter/7/0/0/0,25391:1747647670639:,1747647683003
counter/7/0/0/0,25392:1747647670639:,1747647683003
counter/7/0/0/0,25393:1747647670639:,1747647683003
counter/7/0/0/0,25394:1747647670639:,1747647683003
counter/7/0/0/0,25395:1747647670639:,1747647683003
counter/7/0/0/0,25396:1747647670639:,1747647683003
counter/4/0/0/0,22029:1747647668548:,1747647683003
counter/9/0/0/0,28578:1747647671646:,1747647683003
counter/4/0/0/0,22030:1747647668551:,1747647683003
counter/5/0/0/0,25925:1747647670958:,1747647683003
counter/5/0/0/0,25926:1747647670958:,1747647683003
counter/5/0/0/0,25927:1747647670958:,1747647683003
counter/5/0/0/0,25928:1747647670958:,1747647683003
counter/5/0/0/0,25929:1747647670958:,1747647683003
counter/5/0/0/0,25930:1747647670958:,1747647683003
counter/5/0/0/0,25931:1747647670959:,1747647683003
counter/5/0/0/0,25932:1747647670959:,1747647683003
counter/5/0/0/0,25933:1747647670959:,1747647683004
counter/5/0/0/0,25934:1747647670959:,1747647683004
counter/5/0/0/0,25935:1747647670959:,1747647683004
counter/7/0/0/0,25397:1747647670639:,1747647683004
counter/5/0/0/0,25936:1747647670960:,1747647683004
counter/7/0/0/0,25398:1747647670639:,1747647683004
counter/7/0/0/0,25399:1747647670639:,1747647683004
counter/7/0/0/0,25400:1747647670641:,1747647683004
counter/7/0/0/0,25401:1747647670641:,1747647683004
counter/7/0/0/0,25402:1747647670642:,1747647683004
counter/7/0/0/0,25403:1747647670642:,1747647683004
counter/1/0/0/0,22712:1747647668783:,1747647683004
counter/3/0/0/0,22670:1747647668546:,1747647683004
counter/8/0/0/0,26495:1747647670792:,1747647683004
counter/4/0/0/0,22031:1747647668551:,1747647683004
counter/2/0/0/0,28447:1747647673118:,1747647683004
counter/2/0/0/0,28448:1747647673118:,1747647683004
counter/7/0/0/0,25404:1747647670642:,1747647683004
counter/5/0/0/0,25937:1747647670960:,1747647683004
counter/6/0/0/0,25216:1747647671611:,1747647683004
counter/6/0/0/0,25217:1747647671611:,1747647683004
counter/3/0/0/0,22671:1747647668546:,1747647683004
counter/10/0/0/0,23833:1747647667861:,1747647683004
counter/8/0/0/0,26496:1747647670792:,1747647683004
counter/8/0/0/0,26497:1747647670792:,1747647683004
counter/2/0/0/0,28449:1747647673118:,1747647683004
counter/7/0/0/0,25405:1747647670642:,1747647683004
counter/9/0/0/0,28579:1747647671646:,1747647683004
counter/5/0/0/0,25938:1747647670960:,1747647683004
counter/5/0/0/0,25939:1747647670960:,1747647683004
counter/5/0/0/0,25940:1747647670960:,1747647683004
counter/5/0/0/0,25941:1747647670960:,1747647683004
counter/5/0/0/0,25942:1747647670960:,1747647683004
counter/5/0/0/0,25943:1747647670960:,1747647683004
counter/5/0/0/0,25944:1747647670960:,1747647683004
counter/2/0/0/0,28450:1747647673118:,1747647683004
counter/5/0/0/0,25945:1747647670960:,1747647683004
counter/2/0/0/0,28451:1747647673118:,1747647683004
counter/2/0/0/0,28452:1747647673118:,1747647683004
counter/6/0/0/0,25218:1747647671611:,1747647683004
counter/1/0/0/0,22713:1747647668783:,1747647683004
counter/3/0/0/0,22672:1747647668549:,1747647683004
counter/1/0/0/0,22714:1747647668783:,1747647683004
counter/5/0/0/0,25946:1747647670960:,1747647683005
counter/1/0/0/0,22715:1747647668783:,1747647683005
counter/8/0/0/0,26498:1747647670792:,1747647683005
counter/2/0/0/0,28453:1747647673118:,1747647683005
counter/1/0/0/0,22716:1747647668783:,1747647683005
counter/10/0/0/0,23834:1747647667861:,1747647683005
counter/1/0/0/0,22717:1747647668783:,1747647683005
counter/3/0/0/0,22673:1747647668549:,1747647683005
counter/7/0/0/0,25406:1747647670642:,1747647683005
counter/5/0/0/0,25947:1747647670960:,1747647683005
counter/5/0/0/0,25948:1747647670960:,1747647683005
counter/5/0/0/0,25949:1747647670960:,1747647683005
counter/4/0/0/0,22032:1747647668551:,1747647683005
counter/9/0/0/0,28580:1747647671646:,1747647683005
counter/4/0/0/0,22033:1747647668551:,1747647683005
counter/10/0/0/0,23835:1747647667861:,1747647683005
counter/4/0/0/0,22034:1747647668551:,1747647683005
counter/3/0/0/0,22674:1747647668549:,1747647683005
counter/7/0/0/0,25407:1747647670642:,1747647683005
counter/5/0/0/0,25950:1747647670960:,1747647683005
counter/2/0/0/0,28454:1747647673118:,1747647683005
counter/8/0/0/0,26499:1747647670801:,1747647683005
counter/6/0/0/0,25219:1747647671611:,1747647683005
counter/9/0/0/0,28581:1747647671664:,1747647683005
counter/10/0/0/0,23836:1747647667861:,1747647683005
counter/10/0/0/0,23837:1747647667861:,1747647683005
counter/3/0/0/0,22675:1747647668549:,1747647683005
counter/7/0/0/0,25408:1747647670642:,1747647683005
counter/7/0/0/0,25409:1747647670647:,1747647683005
counter/7/0/0/0,25410:1747647670647:,1747647683005
counter/7/0/0/0,25411:1747647670647:,1747647683005
counter/8/0/0/0,26500:1747647670801:,1747647683005
counter/6/0/0/0,25220:1747647671611:,1747647683005
counter/9/0/0/0,28582:1747647671664:,1747647683005
counter/9/0/0/0,28583:1747647671664:,1747647683005
counter/9/0/0/0,28584:1747647671664:,1747647683005
counter/9/0/0/0,28585:1747647671664:,1747647683005
counter/9/0/0/0,28586:1747647671664:,1747647683005
counter/9/0/0/0,28587:1747647671664:,1747647683005
counter/9/0/0/0,28588:1747647671664:,1747647683005
counter/9/0/0/0,28589:1747647671664:,1747647683005
counter/9/0/0/0,28590:1747647671664:,1747647683005
counter/9/0/0/0,28591:1747647671664:,1747647683005
counter/9/0/0/0,28592:1747647671664:,1747647683006
counter/9/0/0/0,28593:1747647671664:,1747647683006
counter/9/0/0/0,28594:1747647671664:,1747647683006
counter/9/0/0/0,28595:1747647671664:,1747647683006
counter/9/0/0/0,28596:1747647671664:,1747647683006
counter/9/0/0/0,28597:1747647671664:,1747647683006
counter/9/0/0/0,28598:1747647671664:,1747647683006
counter/9/0/0/0,28599:1747647671664:,1747647683006
counter/9/0/0/0,28600:1747647671664:,1747647683006
counter/9/0/0/0,28601:1747647671665:,1747647683006
counter/9/0/0/0,28602:1747647671665:,1747647683006
counter/9/0/0/0,28603:1747647671665:,1747647683006
counter/3/0/0/0,22676:1747647668556:,1747647683006
counter/9/0/0/0,28604:1747647671665:,1747647683006
counter/2/0/0/0,28455:1747647673118:,1747647683006
counter/9/0/0/0,28605:1747647671665:,1747647683006
counter/9/0/0/0,28606:1747647671665:,1747647683006
counter/1/0/0/0,22718:1747647668783:,1747647683006
counter/9/0/0/0,28607:1747647671665:,1747647683006
counter/5/0/0/0,25951:1747647670960:,1747647683006
counter/9/0/0/0,28608:1747647671665:,1747647683006
counter/1/0/0/0,22719:1747647668783:,1747647683006
counter/8/0/0/0,26501:1747647670801:,1747647683006
counter/6/0/0/0,25221:1747647671611:,1747647683006
counter/10/0/0/0,23838:1747647667861:,1747647683006
counter/3/0/0/0,22677:1747647668556:,1747647683006
counter/3/0/0/0,22678:1747647668556:,1747647683006
counter/3/0/0/0,22679:1747647668556:,1747647683006
counter/3/0/0/0,22680:1747647668556:,1747647683006
counter/3/0/0/0,22681:1747647668556:,1747647683006
counter/3/0/0/0,22682:1747647668556:,1747647683006
counter/3/0/0/0,22683:1747647668556:,1747647683006
counter/3/0/0/0,22684:1747647668556:,1747647683006
counter/3/0/0/0,22685:1747647668556:,1747647683006
counter/3/0/0/0,22686:1747647668556:,1747647683006
counter/4/0/0/0,22035:1747647668551:,1747647683006
counter/3/0/0/0,22687:1747647668556:,1747647683006
counter/9/0/0/0,28609:1747647671665:,1747647683006
counter/7/0/0/0,25412:1747647670647:,1747647683006
counter/5/0/0/0,25952:1747647670960:,1747647683006
counter/5/0/0/0,25953:1747647670960:,1747647683006
counter/5/0/0/0,25954:1747647670960:,1747647683006
counter/5/0/0/0,25955:1747647670961:,1747647683007
counter/5/0/0/0,25956:1747647670961:,1747647683007
counter/5/0/0/0,25957:1747647670961:,1747647683007
counter/5/0/0/0,25958:1747647670961:,1747647683007
counter/5/0/0/0,25959:1747647670961:,1747647683007
counter/5/0/0/0,25960:1747647670961:,1747647683007
counter/5/0/0/0,25961:1747647670961:,1747647683007
counter/6/0/0/0,25222:1747647671611:,1747647683007
counter/5/0/0/0,25962:1747647670961:,1747647683007
counter/6/0/0/0,25223:1747647671611:,1747647683007
counter/1/0/0/0,22720:1747647668785:,1747647683007
counter/6/0/0/0,25224:1747647671611:,1747647683007
counter/6/0/0/0,25225:1747647671611:,1747647683007
counter/5/0/0/0,25963:1747647670961:,1747647683007
counter/6/0/0/0,25226:1747647671611:,1747647683007
counter/5/0/0/0,25964:1747647670961:,1747647683007
counter/6/0/0/0,25227:1747647671611:,1747647683007
counter/5/0/0/0,25965:1747647670961:,1747647683007
counter/6/0/0/0,25228:1747647671611:,1747647683007
counter/5/0/0/0,25966:1747647670961:,1747647683007
counter/3/0/0/0,22688:1747647668556:,1747647683007
counter/3/0/0/0,22689:1747647668557:,1747647683007
counter/3/0/0/0,22690:1747647668557:,1747647683007
counter/3/0/0/0,22691:1747647668557:,1747647683007
counter/1/0/0/0,22721:1747647668785:,1747647683007
counter/10/0/0/0,23839:1747647667861:,1747647683007
counter/2/0/0/0,28456:1747647673118:,1747647683007
counter/5/0/0/0,25967:1747647670961:,1747647683007
counter/7/0/0/0,25413:1747647670649:,1747647683007
counter/8/0/0/0,26502:1747647670801:,1747647683007
counter/8/0/0/0,26503:1747647670801:,1747647683007
counter/8/0/0/0,26504:1747647670805:,1747647683007
counter/4/0/0/0,22036:1747647668551:,1747647683007
counter/6/0/0/0,25229:1747647671611:,1747647683007
counter/4/0/0/0,22037:1747647668551:,1747647683007
counter/10/0/0/0,23840:1747647667861:,1747647683007
counter/2/0/0/0,28457:1747647673118:,1747647683007
counter/5/0/0/0,25968:1747647670961:,1747647683007
counter/7/0/0/0,25414:1747647670649:,1747647683007
counter/9/0/0/0,28610:1747647671665:,1747647683007
counter/8/0/0/0,26505:1747647670805:,1747647683007
counter/3/0/0/0,22692:1747647668557:,1747647683007
counter/6/0/0/0,25230:1747647671611:,1747647683007
counter/10/0/0/0,23841:1747647667861:,1747647683008
counter/10/0/0/0,23842:1747647667861:,1747647683008
counter/2/0/0/0,28458:1747647673118:,1747647683008
counter/2/0/0/0,28459:1747647673119:,1747647683008
counter/2/0/0/0,28460:1747647673119:,1747647683008
counter/2/0/0/0,28461:1747647673121:,1747647683008
counter/2/0/0/0,28462:1747647673121:,1747647683008
counter/2/0/0/0,28463:1747647673121:,1747647683008
counter/2/0/0/0,28464:1747647673121:,1747647683008
counter/6/0/0/0,25231:1747647671611:,1747647683008
counter/6/0/0/0,25232:1747647671613:,1747647683008
counter/6/0/0/0,25233:1747647671623:,1747647683008
counter/6/0/0/0,25234:1747647671623:,1747647683008
counter/1/0/0/0,22722:1747647668802:,1747647683008
counter/7/0/0/0,25415:1747647670649:,1747647683008
counter/8/0/0/0,26506:1747647670805:,1747647683008
counter/3/0/0/0,22693:1747647668557:,1747647683008
counter/2/0/0/0,28465:1747647673121:,1747647683008
counter/2/0/0/0,28466:1747647673121:,1747647683008
counter/2/0/0/0,28467:1747647673121:,1747647683008
counter/2/0/0/0,28468:1747647673121:,1747647683008
counter/2/0/0/0,28469:1747647673121:,1747647683008
counter/2/0/0/0,28470:1747647673121:,1747647683008
counter/2/0/0/0,28471:1747647673121:,1747647683008
counter/2/0/0/0,28472:1747647673121:,1747647683008
counter/2/0/0/0,28473:1747647673121:,1747647683008
counter/2/0/0/0,28474:1747647673125:,1747647683008
counter/2/0/0/0,28475:1747647673125:,1747647683008
counter/2/0/0/0,28476:1747647673125:,1747647683008
counter/4/0/0/0,22038:1747647668551:,1747647683008
counter/5/0/0/0,25969:1747647670961:,1747647683008
counter/4/0/0/0,22039:1747647668551:,1747647683008
counter/4/0/0/0,22040:1747647668551:,1747647683008
counter/8/0/0/0,26507:1747647670805:,1747647683008
counter/1/0/0/0,22723:1747647668802:,1747647683008
counter/10/0/0/0,23843:1747647667867:,1747647683008
counter/1/0/0/0,22724:1747647668802:,1747647683008
counter/6/0/0/0,25235:1747647671623:,1747647683008
counter/9/0/0/0,28611:1747647671665:,1747647683008
counter/7/0/0/0,25416:1747647670652:,1747647683008
counter/5/0/0/0,25970:1747647670961:,1747647683008
counter/5/0/0/0,25971:1747647670961:,1747647683009
counter/3/0/0/0,22694:1747647668557:,1747647683009
counter/8/0/0/0,26508:1747647670805:,1747647683009
counter/2/0/0/0,28477:1747647673125:,1747647683009
counter/10/0/0/0,23844:1747647667867:,1747647683009
counter/6/0/0/0,25236:1747647671623:,1747647683009
counter/6/0/0/0,25237:1747647671623:,1747647683009
counter/6/0/0/0,25238:1747647671623:,1747647683009
counter/6/0/0/0,25239:1747647671623:,1747647683009
counter/6/0/0/0,25240:1747647671623:,1747647683009
counter/6/0/0/0,25241:1747647671623:,1747647683009
counter/6/0/0/0,25242:1747647671623:,1747647683009
counter/6/0/0/0,25243:1747647671623:,1747647683009
counter/6/0/0/0,25244:1747647671623:,1747647683009
counter/6/0/0/0,25245:1747647671623:,1747647683009
counter/6/0/0/0,25246:1747647671623:,1747647683009
counter/6/0/0/0,25247:1747647671623:,1747647683009
counter/6/0/0/0,25248:1747647671624:,1747647683009
counter/5/0/0/0,25972:1747647670961:,1747647683009
counter/3/0/0/0,22695:1747647668557:,1747647683009
counter/8/0/0/0,26509:1747647670806:,1747647683009
counter/2/0/0/0,28478:1747647673125:,1747647683009
counter/10/0/0/0,23845:1747647667867:,1747647683009
counter/10/0/0/0,23846:1747647667867:,1747647683009
counter/10/0/0/0,23847:1747647667867:,1747647683009
counter/10/0/0/0,23848:1747647667867:,1747647683009
counter/10/0/0/0,23849:1747647667871:,1747647683009
counter/10/0/0/0,23850:1747647667872:,1747647683009
counter/10/0/0/0,23851:1747647667872:,1747647683009
counter/10/0/0/0,23852:1747647667888:,1747647683009
counter/10/0/0/0,23853:1747647667890:,1747647683009
counter/10/0/0/0,23854:1747647667890:,1747647683009
counter/10/0/0/0,23855:1747647667890:,1747647683009
counter/10/0/0/0,23856:1747647667890:,1747647683009
counter/10/0/0/0,23857:1747647667890:,1747647683009
counter/10/0/0/0,23858:1747647667890:,1747647683009
counter/10/0/0/0,23859:1747647667890:,1747647683009
counter/10/0/0/0,23860:1747647667890:,1747647683009
counter/10/0/0/0,23861:1747647667890:,1747647683009
counter/2/0/0/0,28479:1747647673125:,1747647683009
counter/6/0/0/0,25249:1747647671624:,1747647683010
counter/10/0/0/0,23862:1747647667890:,1747647683010
counter/5/0/0/0,25973:1747647670961:,1747647683010
counter/10/0/0/0,23863:1747647667890:,1747647683010
counter/5/0/0/0,25974:1747647670961:,1747647683010
counter/10/0/0/0,23864:1747647667890:,1747647683010
counter/5/0/0/0,25975:1747647670961:,1747647683010
counter/5/0/0/0,25976:1747647670961:,1747647683010
counter/5/0/0/0,25977:1747647670961:,1747647683010
counter/5/0/0/0,25978:1747647670961:,1747647683010
counter/5/0/0/0,25979:1747647670962:,1747647683010
counter/5/0/0/0,25980:1747647670962:,1747647683010
counter/5/0/0/0,25981:1747647670962:,1747647683010
counter/1/0/0/0,22725:1747647668802:,1747647683010
counter/3/0/0/0,22696:1747647668557:,1747647683010
counter/5/0/0/0,25982:1747647670962:,1747647683010
counter/3/0/0/0,22697:1747647668557:,1747647683010
counter/4/0/0/0,22041:1747647668551:,1747647683010
counter/10/0/0/0,23865:1747647667890:,1747647683010
counter/4/0/0/0,22042:1747647668551:,1747647683010
counter/6/0/0/0,25250:1747647671624:,1747647683010
counter/8/0/0/0,26510:1747647670806:,1747647683010
counter/7/0/0/0,25417:1747647670652:,1747647683010
counter/5/0/0/0,25983:1747647670971:,1747647683010
counter/5/0/0/0,25984:1747647670971:,1747647683010
counter/5/0/0/0,25985:1747647670971:,1747647683010
counter/3/0/0/0,22698:1747647668557:,1747647683010
counter/2/0/0/0,28480:1747647673125:,1747647683010
counter/10/0/0/0,23866:1747647667895:,1747647683010
counter/4/0/0/0,22043:1747647668551:,1747647683010
counter/6/0/0/0,25251:1747647671624:,1747647683010
counter/4/0/0/0,22044:1747647668551:,1747647683010
counter/7/0/0/0,25418:1747647670652:,1747647683010
counter/4/0/0/0,22045:1747647668564:,1747647683010
counter/3/0/0/0,22699:1747647668557:,1747647683010
counter/1/0/0/0,22726:1747647668802:,1747647683010
counter/5/0/0/0,25986:1747647670971:,1747647683010
counter/2/0/0/0,28481:1747647673125:,1747647683010
counter/10/0/0/0,23867:1747647667895:,1747647683010
counter/8/0/0/0,26511:1747647670806:,1747647683011
counter/10/0/0/0,23868:1747647667895:,1747647683011
counter/7/0/0/0,25419:1747647670652:,1747647683011
counter/3/0/0/0,22700:1747647668557:,1747647683011
counter/9/0/0/0,28612:1747647671665:,1747647683011
counter/9/0/0/0,28613:1747647671665:,1747647683011
counter/5/0/0/0,25987:1747647670971:,1747647683011
counter/5/0/0/0,25988:1747647670971:,1747647683011
counter/5/0/0/0,25989:1747647670971:,1747647683011
counter/5/0/0/0,25990:1747647670971:,1747647683011
counter/5/0/0/0,25991:1747647670971:,1747647683011
counter/5/0/0/0,25992:1747647670971:,1747647683011
counter/10/0/0/0,23869:1747647667895:,1747647683011
counter/3/0/0/0,22701:1747647668562:,1747647683011
counter/3/0/0/0,22702:1747647668562:,1747647683011
counter/3/0/0/0,22703:1747647668562:,1747647683011
counter/3/0/0/0,22704:1747647668572:,1747647683011
counter/4/0/0/0,22046:1747647668564:,1747647683011
counter/6/0/0/0,25252:1747647671625:,1747647683011
counter/4/0/0/0,22047:1747647668565:,1747647683011
counter/7/0/0/0,25420:1747647670652:,1747647683011
counter/8/0/0/0,26512:1747647670806:,1747647683011
counter/8/0/0/0,26513:1747647670806:,1747647683011
counter/8/0/0/0,26514:1747647670806:,1747647683011
counter/8/0/0/0,26515:1747647670813:,1747647683011
counter/3/0/0/0,22705:1747647668573:,1747647683011
counter/2/0/0/0,28482:1747647673125:,1747647683011
counter/5/0/0/0,25993:1747647670971:,1747647683011
counter/2/0/0/0,28483:1747647673126:,1747647683011
counter/7/0/0/0,25421:1747647670652:,1747647683011
counter/7/0/0/0,25422:1747647670652:,1747647683011
counter/7/0/0/0,25423:1747647670652:,1747647683011
counter/7/0/0/0,25424:1747647670652:,1747647683011
counter/1/0/0/0,22727:1747647668802:,1747647683011
counter/8/0/0/0,26516:1747647670813:,1747647683011
counter/1/0/0/0,22728:1747647668803:,1747647683011
counter/6/0/0/0,25253:1747647671625:,1747647683011
counter/1/0/0/0,22729:1747647668803:,1747647683011
counter/2/0/0/0,28484:1747647673126:,1747647683011
counter/2/0/0/0,28485:1747647673126:,1747647683011
counter/1/0/0/0,22730:1747647668803:,1747647683011
counter/7/0/0/0,25425:1747647670652:,1747647683011
counter/1/0/0/0,22731:1747647668803:,1747647683012
counter/3/0/0/0,22706:1747647668573:,1747647683012
counter/8/0/0/0,26517:1747647670813:,1747647683012
counter/8/0/0/0,26518:1747647670813:,1747647683012
counter/6/0/0/0,25254:1747647671626:,1747647683012
counter/6/0/0/0,25255:1747647671626:,1747647683012
counter/6/0/0/0,25256:1747647671626:,1747647683012
counter/6/0/0/0,25257:1747647671626:,1747647683012
counter/6/0/0/0,25258:1747647671637:,1747647683012
counter/6/0/0/0,25259:1747647671637:,1747647683012
counter/6/0/0/0,25260:1747647671637:,1747647683012
counter/6/0/0/0,25261:1747647671637:,1747647683012
counter/1/0/0/0,22732:1747647668803:,1747647683012
counter/5/0/0/0,25994:1747647670971:,1747647683012
counter/5/0/0/0,25995:1747647670971:,1747647683012
counter/5/0/0/0,25996:1747647670973:,1747647683012
counter/5/0/0/0,25997:1747647670973:,1747647683012
counter/4/0/0/0,22048:1747647668565:,1747647683012
counter/6/0/0/0,25262:1747647671637:,1747647683012
counter/4/0/0/0,22049:1747647668565:,1747647683012
counter/7/0/0/0,25426:1747647670652:,1747647683012
counter/10/0/0/0,23870:1747647667895:,1747647683012
counter/1/0/0/0,22733:1747647668803:,1747647683012
counter/9/0/0/0,28614:1747647671672:,1747647683012
counter/1/0/0/0,22734:1747647668808:,1747647683012
counter/3/0/0/0,22707:1747647668573:,1747647683012
counter/1/0/0/0,22735:1747647668808:,1747647683012
counter/8/0/0/0,26519:1747647670813:,1747647683012
counter/6/0/0/0,25263:1747647671637:,1747647683012
counter/6/0/0/0,25264:1747647671637:,1747647683012
counter/6/0/0/0,25265:1747647671637:,1747647683012
counter/6/0/0/0,25266:1747647671637:,1747647683012
counter/6/0/0/0,25267:1747647671637:,1747647683012
counter/6/0/0/0,25268:1747647671637:,1747647683012
counter/6/0/0/0,25269:1747647671638:,1747647683012
counter/6/0/0/0,25270:1747647671638:,1747647683012
counter/6/0/0/0,25271:1747647671638:,1747647683012
counter/6/0/0/0,25272:1747647671638:,1747647683012
counter/6/0/0/0,25273:1747647671638:,1747647683012
counter/6/0/0/0,25274:1747647671638:,1747647683012
counter/6/0/0/0,25275:1747647671638:,1747647683012
counter/6/0/0/0,25276:1747647671638:,1747647683012
counter/10/0/0/0,23871:1747647667895:,1747647683013
counter/6/0/0/0,25277:1747647671638:,1747647683013
counter/3/0/0/0,22708:1747647668573:,1747647683013
counter/10/0/0/0,23872:1747647667895:,1747647683013
counter/8/0/0/0,26520:1747647670813:,1747647683013
counter/10/0/0/0,23873:1747647667895:,1747647683013
counter/10/0/0/0,23874:1747647667895:,1747647683013
counter/10/0/0/0,23875:1747647667895:,1747647683013
counter/10/0/0/0,23876:1747647667895:,1747647683013
counter/10/0/0/0,23877:1747647667895:,1747647683013
counter/10/0/0/0,23878:1747647667895:,1747647683013
counter/10/0/0/0,23879:1747647667895:,1747647683013
counter/10/0/0/0,23880:1747647667901:,1747647683013
counter/10/0/0/0,23881:1747647667901:,1747647683013
counter/10/0/0/0,23882:1747647667915:,1747647683013
counter/10/0/0/0,23883:1747647667915:,1747647683013
counter/10/0/0/0,23884:1747647667915:,1747647683013
counter/6/0/0/0,25278:1747647671638:,1747647683013
counter/5/0/0/0,25998:1747647670973:,1747647683013
counter/7/0/0/0,25427:1747647670652:,1747647683013
counter/3/0/0/0,22709:1747647668575:,1747647683013
counter/9/0/0/0,28615:1747647671672:,1747647683013
counter/1/0/0/0,22736:1747647668808:,1747647683013
counter/8/0/0/0,26521:1747647670813:,1747647683013
counter/8/0/0/0,26522:1747647670814:,1747647683013
counter/4/0/0/0,22050:1747647668565:,1747647683013
counter/10/0/0/0,23885:1747647667915:,1747647683013
counter/6/0/0/0,25279:1747647671638:,1747647683013
counter/5/0/0/0,25999:1747647670973:,1747647683013
counter/7/0/0/0,25428:1747647670655:,1747647683013
counter/3/0/0/0,22710:1747647668575:,1747647683013
counter/9/0/0/0,28616:1747647671672:,1747647683013
counter/9/0/0/0,28617:1747647671673:,1747647683013
counter/9/0/0/0,28618:1747647671673:,1747647683013
counter/8/0/0/0,26523:1747647670814:,1747647683013
counter/9/0/0/0,28619:1747647671673:,1747647683013
counter/10/0/0/0,23886:1747647667915:,1747647683013
counter/6/0/0/0,25280:1747647671638:,1747647683013
counter/5/0/0/0,26000:1747647670975:,1747647683013
counter/7/0/0/0,25429:1747647670655:,1747647683014
counter/3/0/0/0,22711:1747647668575:,1747647683014
counter/3/0/0/0,22712:1747647668575:,1747647683014
counter/3/0/0/0,22713:1747647668576:,1747647683014
counter/3/0/0/0,22714:1747647668576:,1747647683014
counter/4/0/0/0,22051:1747647668565:,1747647683014
counter/2/0/0/0,28486:1747647673126:,1747647683014
counter/4/0/0/0,22052:1747647668565:,1747647683014
counter/6/0/0/0,25281:1747647671638:,1747647683014
counter/5/0/0/0,26001:1747647670976:,1747647683014
counter/7/0/0/0,25430:1747647670655:,1747647683014
counter/7/0/0/0,25431:1747647670655:,1747647683014
counter/7/0/0/0,25432:1747647670655:,1747647683014
counter/7/0/0/0,25433:1747647670655:,1747647683014
counter/7/0/0/0,25434:1747647670655:,1747647683014
counter/10/0/0/0,23887:1747647667921:,1747647683014
counter/2/0/0/0,28487:1747647673126:,1747647683014
counter/2/0/0/0,28488:1747647673126:,1747647683014
counter/2/0/0/0,28489:1747647673126:,1747647683014
counter/5/0/0/0,26002:1747647670976:,1747647683014
counter/5/0/0/0,26003:1747647670976:,1747647683014
counter/5/0/0/0,26004:1747647670976:,1747647683014
counter/5/0/0/0,26005:1747647670976:,1747647683014
counter/5/0/0/0,26006:1747647670976:,1747647683014
counter/9/0/0/0,28620:1747647671673:,1747647683014
counter/5/0/0/0,26007:1747647670976:,1747647683014
counter/4/0/0/0,22053:1747647668565:,1747647683014
counter/6/0/0/0,25282:1747647671639:,1747647683014
counter/4/0/0/0,22054:1747647668565:,1747647683014
counter/4/0/0/0,22055:1747647668565:,1747647683014
counter/3/0/0/0,22715:1747647668576:,1747647683014
counter/7/0/0/0,25435:1747647670655:,1747647683014
counter/5/0/0/0,26008:1747647670976:,1747647683014
counter/10/0/0/0,23888:1747647667921:,1747647683014
counter/1/0/0/0,22737:1747647668808:,1747647683014
counter/9/0/0/0,28621:1747647671673:,1747647683014
counter/1/0/0/0,22738:1747647668808:,1747647683014
counter/6/0/0/0,25283:1747647671639:,1747647683014
counter/1/0/0/0,22739:1747647668808:,1747647683014
counter/3/0/0/0,22716:1747647668576:,1747647683014
counter/7/0/0/0,25436:1747647670655:,1747647683014
counter/5/0/0/0,26009:1747647670976:,1747647683015
counter/5/0/0/0,26010:1747647670976:,1747647683015
counter/5/0/0/0,26011:1747647670976:,1747647683015
counter/5/0/0/0,26012:1747647670976:,1747647683015
counter/2/0/0/0,28490:1747647673128:,1747647683015
counter/6/0/0/0,25284:1747647671639:,1747647683015
counter/6/0/0/0,25285:1747647671639:,1747647683015
counter/6/0/0/0,25286:1747647671639:,1747647683015
counter/6/0/0/0,25287:1747647671639:,1747647683015
counter/4/0/0/0,22056:1747647668565:,1747647683015
counter/10/0/0/0,23889:1747647667921:,1747647683015
counter/4/0/0/0,22057:1747647668567:,1747647683015
counter/5/0/0/0,26013:1747647670976:,1747647683015
counter/4/0/0/0,22058:1747647668567:,1747647683015
counter/2/0/0/0,28491:1747647673130:,1747647683015
counter/4/0/0/0,22059:1747647668567:,1747647683015
counter/3/0/0/0,22717:1747647668576:,1747647683015
counter/4/0/0/0,22060:1747647668567:,1747647683015
counter/7/0/0/0,25437:1747647670655:,1747647683015
counter/9/0/0/0,28622:1747647671673:,1747647683015
counter/4/0/0/0,22061:1747647668567:,1747647683015
counter/5/0/0/0,26014:1747647670976:,1747647683015
counter/5/0/0/0,26015:1747647670976:,1747647683015
counter/1/0/0/0,22740:1747647668808:,1747647683015
counter/7/0/0/0,25438:1747647670656:,1747647683015
counter/5/0/0/0,26016:1747647670976:,1747647683015
counter/1/0/0/0,22741:1747647668809:,1747647683015
counter/10/0/0/0,23890:1747647667921:,1747647683015
counter/5/0/0/0,26017:1747647670976:,1747647683015
counter/10/0/0/0,23891:1747647667921:,1747647683015
counter/10/0/0/0,23892:1747647667921:,1747647683015
counter/9/0/0/0,28623:1747647671673:,1747647683015
counter/10/0/0/0,23893:1747647667935:,1747647683015
counter/7/0/0/0,25439:1747647670656:,1747647683016
counter/10/0/0/0,23894:1747647667944:,1747647683016
counter/7/0/0/0,25440:1747647670656:,1747647683016
counter/10/0/0/0,23895:1747647667944:,1747647683016
counter/7/0/0/0,25441:1747647670665:,1747647683016
counter/10/0/0/0,23896:1747647667944:,1747647683016
counter/7/0/0/0,25442:1747647670665:,1747647683016
counter/7/0/0/0,25443:1747647670665:,1747647683016
counter/7/0/0/0,25444:1747647670665:,1747647683016
counter/9/0/0/0,28624:1747647671673:,1747647683016
counter/7/0/0/0,25445:1747647670665:,1747647683016
counter/4/0/0/0,22062:1747647668567:,1747647683016
counter/7/0/0/0,25446:1747647670684:,1747647683016
counter/2/0/0/0,28492:1747647673146:,1747647683016
counter/7/0/0/0,25447:1747647670686:,1747647683016
counter/5/0/0/0,26018:1747647670976:,1747647683016
counter/3/0/0/0,22718:1747647668576:,1747647683016
counter/7/0/0/0,25448:1747647670686:,1747647683016
counter/8/0/0/0,26524:1747647670815:,1747647683016
counter/10/0/0/0,23897:1747647667944:,1747647683016
counter/7/0/0/0,25449:1747647670686:,1747647683016
counter/7/0/0/0,25450:1747647670686:,1747647683016
counter/7/0/0/0,25451:1747647670686:,1747647683016
counter/7/0/0/0,25452:1747647670686:,1747647683016
counter/7/0/0/0,25453:1747647670700:,1747647683016
counter/7/0/0/0,25454:1747647670700:,1747647683016
counter/7/0/0/0,25455:1747647670703:,1747647683016
counter/7/0/0/0,25456:1747647670703:,1747647683016
counter/7/0/0/0,25457:1747647670715:,1747647683016
counter/7/0/0/0,25458:1747647670716:,1747647683016
counter/7/0/0/0,25459:1747647670716:,1747647683016
counter/7/0/0/0,25460:1747647670716:,1747647683016
counter/7/0/0/0,25461:1747647670716:,1747647683016
counter/7/0/0/0,25462:1747647670716:,1747647683016
counter/7/0/0/0,25463:1747647670717:,1747647683016
counter/4/0/0/0,22063:1747647668567:,1747647683016
counter/7/0/0/0,25464:1747647670718:,1747647683016
counter/7/0/0/0,25465:1747647670727:,1747647683016
counter/4/0/0/0,22064:1747647668570:,1747647683016
counter/9/0/0/0,28625:1747647671673:,1747647683017
counter/4/0/0/0,22065:1747647668570:,1747647683017
counter/5/0/0/0,26019:1747647670977:,1747647683017
counter/3/0/0/0,22719:1747647668576:,1747647683017
counter/1/0/0/0,22742:1747647668809:,1747647683017
counter/7/0/0/0,25466:1747647670727:,1747647683017
counter/1/0/0/0,22743:1747647668809:,1747647683017
counter/6/0/0/0,25288:1747647671639:,1747647683017
counter/9/0/0/0,28626:1747647671673:,1747647683017
counter/9/0/0/0,28627:1747647671673:,1747647683017
counter/9/0/0/0,28628:1747647671686:,1747647683017
counter/5/0/0/0,26020:1747647670977:,1747647683017
counter/5/0/0/0,26021:1747647670977:,1747647683017
counter/3/0/0/0,22720:1747647668576:,1747647683017
counter/10/0/0/0,23898:1747647667945:,1747647683017
counter/7/0/0/0,25467:1747647670727:,1747647683017
counter/7/0/0/0,25468:1747647670727:,1747647683017
counter/7/0/0/0,25469:1747647670727:,1747647683017
counter/7/0/0/0,25470:1747647670727:,1747647683017
counter/7/0/0/0,25471:1747647670727:,1747647683017
counter/2/0/0/0,28493:1747647673146:,1747647683017
counter/7/0/0/0,25472:1747647670727:,1747647683017
counter/8/0/0/0,26525:1747647670815:,1747647683017
counter/3/0/0/0,22721:1747647668576:,1747647683017
counter/10/0/0/0,23899:1747647667947:,1747647683017
counter/10/0/0/0,23900:1747647667947:,1747647683017
counter/10/0/0/0,23901:1747647667947:,1747647683017
counter/4/0/0/0,22066:1747647668570:,1747647683017
counter/5/0/0/0,26022:1747647670977:,1747647683017
counter/6/0/0/0,25289:1747647671639:,1747647683017
counter/2/0/0/0,28494:1747647673146:,1747647683017
counter/2/0/0/0,28495:1747647673146:,1747647683017
counter/2/0/0/0,28496:1747647673146:,1747647683017
counter/2/0/0/0,28497:1747647673146:,1747647683017
counter/2/0/0/0,28498:1747647673148:,1747647683017
counter/1/0/0/0,22744:1747647668809:,1747647683017
counter/10/0/0/0,23902:1747647667947:,1747647683017
counter/1/0/0/0,22745:1747647668809:,1747647683017
counter/1/0/0/0,22746:1747647668811:,1747647683017
counter/6/0/0/0,25290:1747647671639:,1747647683017
counter/8/0/0/0,26526:1747647670815:,1747647683018
counter/4/0/0/0,22067:1747647668570:,1747647683018
counter/2/0/0/0,28499:1747647673148:,1747647683018
counter/7/0/0/0,25473:1747647670727:,1747647683018
counter/9/0/0/0,28629:1747647671686:,1747647683018
counter/5/0/0/0,26023:1747647670977:,1747647683018
counter/10/0/0/0,23903:1747647667947:,1747647683018
counter/6/0/0/0,25291:1747647671648:,1747647683018
counter/6/0/0/0,25292:1747647671648:,1747647683018
counter/6/0/0/0,25293:1747647671648:,1747647683018
counter/6/0/0/0,25294:1747647671648:,1747647683018
counter/6/0/0/0,25295:1747647671648:,1747647683018
counter/6/0/0/0,25296:1747647671648:,1747647683018
counter/6/0/0/0,25297:1747647671648:,1747647683018
counter/5/0/0/0,26024:1747647670977:,1747647683018
counter/6/0/0/0,25298:1747647671648:,1747647683018
counter/10/0/0/0,23904:1747647667947:,1747647683018
counter/10/0/0/0,23905:1747647667947:,1747647683018
counter/10/0/0/0,23906:1747647667947:,1747647683018
counter/10/0/0/0,23907:1747647667947:,1747647683018
counter/10/0/0/0,23908:1747647667947:,1747647683018
counter/4/0/0/0,22068:1747647668570:,1747647683018
counter/6/0/0/0,25299:1747647671648:,1747647683018
counter/4/0/0/0,22069:1747647668570:,1747647683018
counter/7/0/0/0,25474:1747647670727:,1747647683018
counter/5/0/0/0,26025:1747647670977:,1747647683018
counter/5/0/0/0,26026:1747647670977:,1747647683018
counter/5/0/0/0,26027:1747647670977:,1747647683018
counter/5/0/0/0,26028:1747647670977:,1747647683018
counter/5/0/0/0,26029:1747647670977:,1747647683018
counter/5/0/0/0,26030:1747647670977:,1747647683018
counter/5/0/0/0,26031:1747647670977:,1747647683018
counter/5/0/0/0,26032:1747647670977:,1747647683018
counter/7/0/0/0,25475:1747647670727:,1747647683018
counter/5/0/0/0,26033:1747647670977:,1747647683018
counter/1/0/0/0,22747:1747647668812:,1747647683018
counter/3/0/0/0,22722:1747647668576:,1747647683018
counter/1/0/0/0,22748:1747647668812:,1747647683018
counter/2/0/0/0,28500:1747647673148:,1747647683018
counter/2/0/0/0,28501:1747647673148:,1747647683018
counter/6/0/0/0,25300:1747647671648:,1747647683019
counter/5/0/0/0,26034:1747647670977:,1747647683019
counter/5/0/0/0,26035:1747647670977:,1747647683019
counter/5/0/0/0,26036:1747647670978:,1747647683019
counter/5/0/0/0,26037:1747647670978:,1747647683019
counter/5/0/0/0,26038:1747647670978:,1747647683019
counter/5/0/0/0,26039:1747647670978:,1747647683019
counter/5/0/0/0,26040:1747647670978:,1747647683019
counter/9/0/0/0,28630:1747647671686:,1747647683019
counter/5/0/0/0,26041:1747647670978:,1747647683019
counter/6/0/0/0,25301:1747647671648:,1747647683019
counter/2/0/0/0,28502:1747647673148:,1747647683019
counter/2/0/0/0,28503:1747647673148:,1747647683019
counter/2/0/0/0,28504:1747647673148:,1747647683019
counter/2/0/0/0,28505:1747647673148:,1747647683019
counter/2/0/0/0,28506:1747647673148:,1747647683019
counter/1/0/0/0,22749:1747647668812:,1747647683019
counter/8/0/0/0,26527:1747647670815:,1747647683019
counter/1/0/0/0,22750:1747647668831:,1747647683019
counter/6/0/0/0,25302:1747647671652:,1747647683019
counter/1/0/0/0,22751:1747647668847:,1747647683019
counter/1/0/0/0,22752:1747647668858:,1747647683019
counter/10/0/0/0,23909:1747647667947:,1747647683019
counter/3/0/0/0,22723:1747647668576:,1747647683019
counter/4/0/0/0,22070:1747647668577:,1747647683019
counter/5/0/0/0,26042:1747647670978:,1747647683019
counter/4/0/0/0,22071:1747647668577:,1747647683019
counter/8/0/0/0,26528:1747647670816:,1747647683019
counter/6/0/0/0,25303:1747647671652:,1747647683019
counter/6/0/0/0,25304:1747647671652:,1747647683019
counter/6/0/0/0,25305:1747647671652:,1747647683019
counter/6/0/0/0,25306:1747647671652:,1747647683019
counter/6/0/0/0,25307:1747647671654:,1747647683019
counter/9/0/0/0,28631:1747647671686:,1747647683019
counter/2/0/0/0,28507:1747647673148:,1747647683019
counter/5/0/0/0,26043:1747647670978:,1747647683019
counter/2/0/0/0,28508:1747647673148:,1747647683019
counter/2/0/0/0,28509:1747647673148:,1747647683019
counter/4/0/0/0,22072:1747647668577:,1747647683019
counter/4/0/0/0,22073:1747647668577:,1747647683020
counter/6/0/0/0,25308:1747647671655:,1747647683020
counter/4/0/0/0,22074:1747647668577:,1747647683020
counter/7/0/0/0,25476:1747647670727:,1747647683020
counter/9/0/0/0,28632:1747647671686:,1747647683020
counter/4/0/0/0,22075:1747647668577:,1747647683020
counter/8/0/0/0,26529:1747647670816:,1747647683020
counter/2/0/0/0,28510:1747647673148:,1747647683020
counter/10/0/0/0,23910:1747647667950:,1747647683020
counter/3/0/0/0,22724:1747647668576:,1747647683020
counter/6/0/0/0,25309:1747647671655:,1747647683020
counter/6/0/0/0,25310:1747647671655:,1747647683020
counter/6/0/0/0,25311:1747647671655:,1747647683020
counter/6/0/0/0,25312:1747647671655:,1747647683020
counter/6/0/0/0,25313:1747647671655:,1747647683020
counter/6/0/0/0,25314:1747647671655:,1747647683020
counter/6/0/0/0,25315:1747647671661:,1747647683020
counter/6/0/0/0,25316:1747647671661:,1747647683020
counter/6/0/0/0,25317:1747647671661:,1747647683020
counter/6/0/0/0,25318:1747647671661:,1747647683020
counter/6/0/0/0,25319:1747647671661:,1747647683020
counter/6/0/0/0,25320:1747647671661:,1747647683020
counter/6/0/0/0,25321:1747647671661:,1747647683020
counter/6/0/0/0,25322:1747647671661:,1747647683020
counter/2/0/0/0,28511:1747647673148:,1747647683020
counter/6/0/0/0,25323:1747647671661:,1747647683020
counter/3/0/0/0,22725:1747647668576:,1747647683020
counter/5/0/0/0,26044:1747647670978:,1747647683020
counter/6/0/0/0,25324:1747647671661:,1747647683020
counter/9/0/0/0,28633:1747647671686:,1747647683020
counter/8/0/0/0,26530:1747647670817:,1747647683020
counter/6/0/0/0,25325:1747647671661:,1747647683020
counter/10/0/0/0,23911:1747647667950:,1747647683020
counter/6/0/0/0,25326:1747647671661:,1747647683020
counter/6/0/0/0,25327:1747647671661:,1747647683020
counter/6/0/0/0,25328:1747647671661:,1747647683020
counter/6/0/0/0,25329:1747647671662:,1747647683020
counter/6/0/0/0,25330:1747647671662:,1747647683020
counter/6/0/0/0,25331:1747647671662:,1747647683020
counter/6/0/0/0,25332:1747647671662:,1747647683020
counter/6/0/0/0,25333:1747647671671:,1747647683021
counter/6/0/0/0,25334:1747647671675:,1747647683021
counter/6/0/0/0,25335:1747647671676:,1747647683021
counter/6/0/0/0,25336:1747647671676:,1747647683021
counter/6/0/0/0,25337:1747647671676:,1747647683021
counter/6/0/0/0,25338:1747647671676:,1747647683021
counter/6/0/0/0,25339:1747647671676:,1747647683021
counter/6/0/0/0,25340:1747647671676:,1747647683021
counter/6/0/0/0,25341:1747647671676:,1747647683021
counter/6/0/0/0,25342:1747647671676:,1747647683021
counter/6/0/0/0,25343:1747647671677:,1747647683021
counter/6/0/0/0,25344:1747647671677:,1747647683021
counter/6/0/0/0,25345:1747647671677:,1747647683021
counter/6/0/0/0,25346:1747647671677:,1747647683021
counter/6/0/0/0,25347:1747647671677:,1747647683021
counter/6/0/0/0,25348:1747647671677:,1747647683021
counter/6/0/0/0,25349:1747647671677:,1747647683021
counter/6/0/0/0,25350:1747647671677:,1747647683021
counter/6/0/0/0,25351:1747647671677:,1747647683021
counter/6/0/0/0,25352:1747647671677:,1747647683021
counter/6/0/0/0,25353:1747647671677:,1747647683021
counter/6/0/0/0,25354:1747647671678:,1747647683021
counter/6/0/0/0,25355:1747647671678:,1747647683021
counter/6/0/0/0,25356:1747647671680:,1747647683021
counter/6/0/0/0,25357:1747647671680:,1747647683021
counter/6/0/0/0,25358:1747647671680:,1747647683021
counter/6/0/0/0,25359:1747647671680:,1747647683021
counter/6/0/0/0,25360:1747647671681:,1747647683021
counter/6/0/0/0,25361:1747647671681:,1747647683021
counter/6/0/0/0,25362:1747647671681:,1747647683021
counter/6/0/0/0,25363:1747647671682:,1747647683021
counter/6/0/0/0,25364:1747647671682:,1747647683021
counter/6/0/0/0,25365:1747647671682:,1747647683021
counter/6/0/0/0,25366:1747647671682:,1747647683021
counter/6/0/0/0,25367:1747647671682:,1747647683021
counter/6/0/0/0,25368:1747647671682:,1747647683021
counter/6/0/0/0,25369:1747647671682:,1747647683021
counter/6/0/0/0,25370:1747647671682:,1747647683021
counter/6/0/0/0,25371:1747647671682:,1747647683021
counter/6/0/0/0,25372:1747647671682:,1747647683021
counter/6/0/0/0,25373:1747647671683:,1747647683021
counter/6/0/0/0,25374:1747647671683:,1747647683021
counter/6/0/0/0,25375:1747647671683:,1747647683022
counter/6/0/0/0,25376:1747647671687:,1747647683022
counter/6/0/0/0,25377:1747647671687:,1747647683022
counter/6/0/0/0,25378:1747647671688:,1747647683022
counter/6/0/0/0,25379:1747647671695:,1747647683022
counter/6/0/0/0,25380:1747647671695:,1747647683022
counter/6/0/0/0,25381:1747647671695:,1747647683022
counter/6/0/0/0,25382:1747647671695:,1747647683022
counter/6/0/0/0,25383:1747647671696:,1747647683022
counter/6/0/0/0,25384:1747647671696:,1747647683022
counter/6/0/0/0,25385:1747647671696:,1747647683022
counter/6/0/0/0,25386:1747647671696:,1747647683022
counter/6/0/0/0,25387:1747647671697:,1747647683022
counter/6/0/0/0,25388:1747647671697:,1747647683022
counter/6/0/0/0,25389:1747647671697:,1747647683022
counter/6/0/0/0,25390:1747647671697:,1747647683022
counter/6/0/0/0,25391:1747647671697:,1747647683022
counter/6/0/0/0,25392:1747647671697:,1747647683022
counter/6/0/0/0,25393:1747647671697:,1747647683022
counter/6/0/0/0,25394:1747647671699:,1747647683022
counter/6/0/0/0,25395:1747647671700:,1747647683022
counter/6/0/0/0,25396:1747647671700:,1747647683022
counter/6/0/0/0,25397:1747647671700:,1747647683022
counter/6/0/0/0,25398:1747647671700:,1747647683022
counter/6/0/0/0,25399:1747647671700:,1747647683022
counter/6/0/0/0,25400:1747647671700:,1747647683022
counter/6/0/0/0,25401:1747647671700:,1747647683022
counter/6/0/0/0,25402:1747647671700:,1747647683022
counter/6/0/0/0,25403:1747647671700:,1747647683022
counter/6/0/0/0,25404:1747647671700:,1747647683022
counter/6/0/0/0,25405:1747647671700:,1747647683022
counter/6/0/0/0,25406:1747647671700:,1747647683022
counter/6/0/0/0,25407:1747647671700:,1747647683022
counter/6/0/0/0,25408:1747647671700:,1747647683022
counter/6/0/0/0,25409:1747647671700:,1747647683022
counter/6/0/0/0,25410:1747647671700:,1747647683022
counter/6/0/0/0,25411:1747647671700:,1747647683022
counter/6/0/0/0,25412:1747647671700:,1747647683022
counter/6/0/0/0,25413:1747647671700:,1747647683022
counter/6/0/0/0,25414:1747647671700:,1747647683022
counter/6/0/0/0,25415:1747647671700:,1747647683022
counter/6/0/0/0,25416:1747647671700:,1747647683022
counter/6/0/0/0,25417:1747647671701:,1747647683022
counter/6/0/0/0,25418:1747647671701:,1747647683023
counter/6/0/0/0,25419:1747647671701:,1747647683023
counter/6/0/0/0,25420:1747647671701:,1747647683023
counter/6/0/0/0,25421:1747647671702:,1747647683023
counter/6/0/0/0,25422:1747647671702:,1747647683023
counter/6/0/0/0,25423:1747647671702:,1747647683023
counter/6/0/0/0,25424:1747647671702:,1747647683023
counter/6/0/0/0,25425:1747647671702:,1747647683023
counter/6/0/0/0,25426:1747647671702:,1747647683023
counter/6/0/0/0,25427:1747647671702:,1747647683023
counter/6/0/0/0,25428:1747647671702:,1747647683023
counter/6/0/0/0,25429:1747647671702:,1747647683023
counter/6/0/0/0,25430:1747647671712:,1747647683023
counter/6/0/0/0,25431:1747647671712:,1747647683023
counter/6/0/0/0,25432:1747647671720:,1747647683023
counter/6/0/0/0,25433:1747647671720:,1747647683023
counter/6/0/0/0,25434:1747647671720:,1747647683023
counter/6/0/0/0,25435:1747647671720:,1747647683023
counter/4/0/0/0,22076:1747647668578:,1747647683023
counter/6/0/0/0,25436:1747647671720:,1747647683023
counter/4/0/0/0,22077:1747647668578:,1747647683023
counter/6/0/0/0,25437:1747647671720:,1747647683023
counter/4/0/0/0,22078:1747647668578:,1747647683023
counter/5/0/0/0,26045:1747647670978:,1747647683023
counter/6/0/0/0,25438:1747647671720:,1747647683023
counter/9/0/0/0,28634:1747647671686:,1747647683023
counter/8/0/0/0,26531:1747647670817:,1747647683023
counter/6/0/0/0,25439:1747647671720:,1747647683023
counter/10/0/0/0,23912:1747647667950:,1747647683023
counter/3/0/0/0,22726:1747647668576:,1747647683023
counter/6/0/0/0,25440:1747647671720:,1747647683023
counter/6/0/0/0,25441:1747647671720:,1747647683023
counter/6/0/0/0,25442:1747647671720:,1747647683023
counter/6/0/0/0,25443:1747647671720:,1747647683023
counter/6/0/0/0,25444:1747647671720:,1747647683023
counter/6/0/0/0,25445:1747647671720:,1747647683023
counter/6/0/0/0,25446:1747647671726:,1747647683023
counter/6/0/0/0,25447:1747647671726:,1747647683023
counter/6/0/0/0,25448:1747647671726:,1747647683023
counter/6/0/0/0,25449:1747647671726:,1747647683024
counter/6/0/0/0,25450:1747647671726:,1747647683024
counter/6/0/0/0,25451:1747647671731:,1747647683024
counter/6/0/0/0,25452:1747647671731:,1747647683024
counter/6/0/0/0,25453:1747647671731:,1747647683024
counter/6/0/0/0,25454:1747647671731:,1747647683024
counter/6/0/0/0,25455:1747647671731:,1747647683024
counter/6/0/0/0,25456:1747647671731:,1747647683024
counter/6/0/0/0,25457:1747647671731:,1747647683024
counter/1/0/0/0,22753:1747647668858:,1747647683024
counter/6/0/0/0,25458:1747647671731:,1747647683024
counter/9/0/0/0,28635:1747647671686:,1747647683024
counter/6/0/0/0,25459:1747647671735:,1747647683024
counter/5/0/0/0,26046:1747647670983:,1747647683024
counter/6/0/0/0,25460:1747647671735:,1747647683024
counter/10/0/0/0,23913:1747647667950:,1747647683024
counter/8/0/0/0,26532:1747647670817:,1747647683024
counter/6/0/0/0,25461:1747647671735:,1747647683024
counter/3/0/0/0,22727:1747647668576:,1747647683024
counter/4/0/0/0,22079:1747647668578:,1747647683024
counter/6/0/0/0,25462:1747647671735:,1747647683024
counter/2/0/0/0,28512:1747647673148:,1747647683024
counter/6/0/0/0,25463:1747647671735:,1747647683024
counter/6/0/0/0,25464:1747647671735:,1747647683024
counter/6/0/0/0,25465:1747647671735:,1747647683024
counter/6/0/0/0,25466:1747647671735:,1747647683024
counter/6/0/0/0,25467:1747647671735:,1747647683024
counter/6/0/0/0,25468:1747647671735:,1747647683024
counter/6/0/0/0,25469:1747647671735:,1747647683024
counter/6/0/0/0,25470:1747647671735:,1747647683024
counter/6/0/0/0,25471:1747647671735:,1747647683024
counter/6/0/0/0,25472:1747647671735:,1747647683024
counter/6/0/0/0,25473:1747647671736:,1747647683024
counter/6/0/0/0,25474:1747647671736:,1747647683024
counter/6/0/0/0,25475:1747647671736:,1747647683024
counter/6/0/0/0,25476:1747647671738:,1747647683024
counter/6/0/0/0,25477:1747647671738:,1747647683024
counter/6/0/0/0,25478:1747647671738:,1747647683024
counter/6/0/0/0,25479:1747647671738:,1747647683024
counter/6/0/0/0,25480:1747647671738:,1747647683024
counter/6/0/0/0,25481:1747647671738:,1747647683024
counter/6/0/0/0,25482:1747647671738:,1747647683024
counter/6/0/0/0,25483:1747647671738:,1747647683024
counter/6/0/0/0,25484:1747647671738:,1747647683025
counter/6/0/0/0,25485:1747647671738:,1747647683025
counter/6/0/0/0,25486:1747647671738:,1747647683025
counter/6/0/0/0,25487:1747647671738:,1747647683025
counter/6/0/0/0,25488:1747647671739:,1747647683025
counter/6/0/0/0,25489:1747647671739:,1747647683025
counter/6/0/0/0,25490:1747647671739:,1747647683025
counter/6/0/0/0,25491:1747647671739:,1747647683025
counter/6/0/0/0,25492:1747647671739:,1747647683025
counter/6/0/0/0,25493:1747647671739:,1747647683025
counter/6/0/0/0,25494:1747647671739:,1747647683025
counter/6/0/0/0,25495:1747647671744:,1747647683025
counter/6/0/0/0,25496:1747647671746:,1747647683025
counter/6/0/0/0,25497:1747647671746:,1747647683025
counter/6/0/0/0,25498:1747647671746:,1747647683025
counter/6/0/0/0,25499:1747647671746:,1747647683025
counter/6/0/0/0,25500:1747647671746:,1747647683025
counter/6/0/0/0,25501:1747647671746:,1747647683025
counter/6/0/0/0,25502:1747647671746:,1747647683025
counter/6/0/0/0,25503:1747647671746:,1747647683025
counter/6/0/0/0,25504:1747647671746:,1747647683025
counter/6/0/0/0,25505:1747647671746:,1747647683025
counter/6/0/0/0,25506:1747647671746:,1747647683025
counter/6/0/0/0,25507:1747647671746:,1747647683025
counter/6/0/0/0,25508:1747647671746:,1747647683025
counter/6/0/0/0,25509:1747647671751:,1747647683025
counter/6/0/0/0,25510:1747647671752:,1747647683025
counter/6/0/0/0,25511:1747647671753:,1747647683025
counter/6/0/0/0,25512:1747647671753:,1747647683025
counter/6/0/0/0,25513:1747647671753:,1747647683025
counter/6/0/0/0,25514:1747647671753:,1747647683025
counter/6/0/0/0,25515:1747647671753:,1747647683025
counter/6/0/0/0,25516:1747647671753:,1747647683025
counter/6/0/0/0,25517:1747647671753:,1747647683025
counter/6/0/0/0,25518:1747647671753:,1747647683025
counter/6/0/0/0,25519:1747647671753:,1747647683025
counter/6/0/0/0,25520:1747647671753:,1747647683025
counter/6/0/0/0,25521:1747647671753:,1747647683025
counter/6/0/0/0,25522:1747647671753:,1747647683025
counter/6/0/0/0,25523:1747647671754:,1747647683026
counter/6/0/0/0,25524:1747647671755:,1747647683026
counter/6/0/0/0,25525:1747647671755:,1747647683026
counter/6/0/0/0,25526:1747647671755:,1747647683026
counter/6/0/0/0,25527:1747647671755:,1747647683026
counter/6/0/0/0,25528:1747647671755:,1747647683026
counter/6/0/0/0,25529:1747647671755:,1747647683026
counter/6/0/0/0,25530:1747647671758:,1747647683026
counter/6/0/0/0,25531:1747647671758:,1747647683026
counter/6/0/0/0,25532:1747647671758:,1747647683026
counter/6/0/0/0,25533:1747647671759:,1747647683026
counter/6/0/0/0,25534:1747647671768:,1747647683026
counter/6/0/0/0,25535:1747647671769:,1747647683026
counter/6/0/0/0,25536:1747647671769:,1747647683026
counter/6/0/0/0,25537:1747647671769:,1747647683026
counter/6/0/0/0,25538:1747647671769:,1747647683026
counter/6/0/0/0,25539:1747647671769:,1747647683026
counter/6/0/0/0,25540:1747647671769:,1747647683026
counter/6/0/0/0,25541:1747647671769:,1747647683026
counter/6/0/0/0,25542:1747647671769:,1747647683026
counter/6/0/0/0,25543:1747647671773:,1747647683026
counter/6/0/0/0,25544:1747647671773:,1747647683026
counter/6/0/0/0,25545:1747647671773:,1747647683026
counter/6/0/0/0,25546:1747647671773:,1747647683026
counter/6/0/0/0,25547:1747647671778:,1747647683026
counter/6/0/0/0,25548:1747647671778:,1747647683026
counter/6/0/0/0,25549:1747647671778:,1747647683026
counter/6/0/0/0,25550:1747647671778:,1747647683026
counter/5/0/0/0,26047:1747647670983:,1747647683026
counter/6/0/0/0,25551:1747647671778:,1747647683026
counter/2/0/0/0,28513:1747647673148:,1747647683026
counter/6/0/0/0,25552:1747647671778:,1747647683026
counter/1/0/0/0,22754:1747647668858:,1747647683026
counter/6/0/0/0,25553:1747647671778:,1747647683026
counter/9/0/0/0,28636:1747647671686:,1747647683026
counter/10/0/0/0,23914:1747647667950:,1747647683026
counter/6/0/0/0,25554:1747647671778:,1747647683026
counter/4/0/0/0,22080:1747647668578:,1747647683026
counter/6/0/0/0,25555:1747647671779:,1747647683026
counter/6/0/0/0,25556:1747647671779:,1747647683026
counter/6/0/0/0,25557:1747647671779:,1747647683026
counter/6/0/0/0,25558:1747647671779:,1747647683026
counter/6/0/0/0,25559:1747647671779:,1747647683026
counter/6/0/0/0,25560:1747647671779:,1747647683026
counter/9/0/0/0,28637:1747647671686:,1747647683027
counter/6/0/0/0,25561:1747647671779:,1747647683027
counter/2/0/0/0,28514:1747647673148:,1747647683027
counter/10/0/0/0,23915:1747647667950:,1747647683027
counter/4/0/0/0,22081:1747647668578:,1747647683027
counter/6/0/0/0,25562:1747647671781:,1747647683027
counter/3/0/0/0,22728:1747647668580:,1747647683027
counter/5/0/0/0,26048:1747647670983:,1747647683027
counter/6/0/0/0,25563:1747647671781:,1747647683027
counter/5/0/0/0,26049:1747647670983:,1747647683027
counter/6/0/0/0,25564:1747647671781:,1747647683027
counter/5/0/0/0,26050:1747647670983:,1747647683027
counter/6/0/0/0,25565:1747647671781:,1747647683027
counter/5/0/0/0,26051:1747647670983:,1747647683027
counter/6/0/0/0,25566:1747647671781:,1747647683027
counter/5/0/0/0,26052:1747647670983:,1747647683027
counter/6/0/0/0,25567:1747647671781:,1747647683027
counter/5/0/0/0,26053:1747647670989:,1747647683027
counter/6/0/0/0,25568:1747647671781:,1747647683027
counter/5/0/0/0,26054:1747647670989:,1747647683027
counter/6/0/0/0,25569:1747647671781:,1747647683027
counter/5/0/0/0,26055:1747647670989:,1747647683027
counter/6/0/0/0,25570:1747647671781:,1747647683027
counter/5/0/0/0,26056:1747647670989:,1747647683027
counter/6/0/0/0,25571:1747647671781:,1747647683027
counter/5/0/0/0,26057:1747647670989:,1747647683027
counter/6/0/0/0,25572:1747647671781:,1747647683027
counter/5/0/0/0,26058:1747647670989:,1747647683027
counter/6/0/0/0,25573:1747647671781:,1747647683027
counter/5/0/0/0,26059:1747647671006:,1747647683027
counter/6/0/0/0,25574:1747647671784:,1747647683027
counter/5/0/0/0,26060:1747647671006:,1747647683027
counter/10/0/0/0,23916:1747647667950:,1747647683027
counter/4/0/0/0,22082:1747647668578:,1747647683027
counter/6/0/0/0,25575:1747647671784:,1747647683027
counter/5/0/0/0,26061:1747647671006:,1747647683027
counter/6/0/0/0,25576:1747647671784:,1747647683027
counter/5/0/0/0,26062:1747647671006:,1747647683027
counter/6/0/0/0,25577:1747647671784:,1747647683027
counter/5/0/0/0,26063:1747647671006:,1747647683027
counter/6/0/0/0,25578:1747647671784:,1747647683027
counter/5/0/0/0,26064:1747647671006:,1747647683027
counter/6/0/0/0,25579:1747647671784:,1747647683028
counter/5/0/0/0,26065:1747647671006:,1747647683028
counter/6/0/0/0,25580:1747647671784:,1747647683028
counter/5/0/0/0,26066:1747647671006:,1747647683028
counter/6/0/0/0,25581:1747647671784:,1747647683028
counter/5/0/0/0,26067:1747647671006:,1747647683028
counter/6/0/0/0,25582:1747647671795:,1747647683028
counter/5/0/0/0,26068:1747647671006:,1747647683028
counter/6/0/0/0,25583:1747647671795:,1747647683028
counter/5/0/0/0,26069:1747647671006:,1747647683028
counter/6/0/0/0,25584:1747647671795:,1747647683028
counter/5/0/0/0,26070:1747647671009:,1747647683028
counter/6/0/0/0,25585:1747647671795:,1747647683028
counter/5/0/0/0,26071:1747647671010:,1747647683028
counter/6/0/0/0,25586:1747647671795:,1747647683028
counter/5/0/0/0,26072:1747647671010:,1747647683028
counter/6/0/0/0,25587:1747647671795:,1747647683028
counter/5/0/0/0,26073:1747647671010:,1747647683028
counter/6/0/0/0,25588:1747647671795:,1747647683028
counter/5/0/0/0,26074:1747647671010:,1747647683028
counter/6/0/0/0,25589:1747647671795:,1747647683028
counter/5/0/0/0,26075:1747647671010:,1747647683028
counter/6/0/0/0,25590:1747647671796:,1747647683028
counter/5/0/0/0,26076:1747647671013:,1747647683028
counter/6/0/0/0,25591:1747647671796:,1747647683028
counter/5/0/0/0,26077:1747647671013:,1747647683028
counter/6/0/0/0,25592:1747647671796:,1747647683028
counter/5/0/0/0,26078:1747647671013:,1747647683028
counter/6/0/0/0,25593:1747647671796:,1747647683028
counter/6/0/0/0,25594:1747647671796:,1747647683028
counter/6/0/0/0,25595:1747647671796:,1747647683028
counter/6/0/0/0,25596:1747647671796:,1747647683028
counter/6/0/0/0,25597:1747647671796:,1747647683028
counter/6/0/0/0,25598:1747647671796:,1747647683028
counter/6/0/0/0,25599:1747647671796:,1747647683028
counter/6/0/0/0,25600:1747647671796:,1747647683028
counter/6/0/0/0,25601:1747647671796:,1747647683028
counter/6/0/0/0,25602:1747647671796:,1747647683028
counter/6/0/0/0,25603:1747647671796:,1747647683028
counter/6/0/0/0,25604:1747647671796:,1747647683028
counter/6/0/0/0,25605:1747647671796:,1747647683029
counter/6/0/0/0,25606:1747647671796:,1747647683029
counter/6/0/0/0,25607:1747647671796:,1747647683029
counter/6/0/0/0,25608:1747647671796:,1747647683029
counter/6/0/0/0,25609:1747647671796:,1747647683029
counter/6/0/0/0,25610:1747647671796:,1747647683029
counter/6/0/0/0,25611:1747647671796:,1747647683029
counter/6/0/0/0,25612:1747647671796:,1747647683029
counter/6/0/0/0,25613:1747647671796:,1747647683029
counter/6/0/0/0,25614:1747647671797:,1747647683029
counter/6/0/0/0,25615:1747647671797:,1747647683029
counter/6/0/0/0,25616:1747647671797:,1747647683029
counter/8/0/0/0,26533:1747647670818:,1747647683029
counter/6/0/0/0,25617:1747647671797:,1747647683029
counter/10/0/0/0,23917:1747647667950:,1747647683029
counter/4/0/0/0,22083:1747647668578:,1747647683029
counter/6/0/0/0,25618:1747647671797:,1747647683029
counter/3/0/0/0,22729:1747647668580:,1747647683029
counter/1/0/0/0,22755:1747647668858:,1747647683029
counter/6/0/0/0,25619:1747647671797:,1747647683029
counter/9/0/0/0,28638:1747647671686:,1747647683029
counter/5/0/0/0,26079:1747647671013:,1747647683029
counter/6/0/0/0,25620:1747647671797:,1747647683029
counter/6/0/0/0,25621:1747647671798:,1747647683029
counter/6/0/0/0,25622:1747647671798:,1747647683029
counter/6/0/0/0,25623:1747647671798:,1747647683029
counter/6/0/0/0,25624:1747647671798:,1747647683029
counter/6/0/0/0,25625:1747647671798:,1747647683029
counter/6/0/0/0,25626:1747647671798:,1747647683029
counter/6/0/0/0,25627:1747647671798:,1747647683029
counter/6/0/0/0,25628:1747647671800:,1747647683029
counter/6/0/0/0,25629:1747647671804:,1747647683029
counter/6/0/0/0,25630:1747647671804:,1747647683029
counter/6/0/0/0,25631:1747647671804:,1747647683029
counter/6/0/0/0,25632:1747647671804:,1747647683029
counter/6/0/0/0,25633:1747647671804:,1747647683029
counter/6/0/0/0,25634:1747647671804:,1747647683029
counter/6/0/0/0,25635:1747647671804:,1747647683029
counter/6/0/0/0,25636:1747647671804:,1747647683029
counter/6/0/0/0,25637:1747647671804:,1747647683029
counter/6/0/0/0,25638:1747647671804:,1747647683029
counter/6/0/0/0,25639:1747647671805:,1747647683029
counter/6/0/0/0,25640:1747647671805:,1747647683030
counter/6/0/0/0,25641:1747647671805:,1747647683030
counter/6/0/0/0,25642:1747647671805:,1747647683030
counter/6/0/0/0,25643:1747647671811:,1747647683030
counter/6/0/0/0,25644:1747647671811:,1747647683030
counter/6/0/0/0,25645:1747647671811:,1747647683030
counter/6/0/0/0,25646:1747647671811:,1747647683030
counter/6/0/0/0,25647:1747647671811:,1747647683030
counter/6/0/0/0,25648:1747647671811:,1747647683030
counter/6/0/0/0,25649:1747647671811:,1747647683030
counter/6/0/0/0,25650:1747647671811:,1747647683030
counter/6/0/0/0,25651:1747647671811:,1747647683030
counter/6/0/0/0,25652:1747647671811:,1747647683030
counter/6/0/0/0,25653:1747647671811:,1747647683030
counter/6/0/0/0,25654:1747647671811:,1747647683030
counter/6/0/0/0,25655:1747647671811:,1747647683030
counter/6/0/0/0,25656:1747647671811:,1747647683030
counter/6/0/0/0,25657:1747647671811:,1747647683030
counter/6/0/0/0,25658:1747647671811:,1747647683030
counter/6/0/0/0,25659:1747647671811:,1747647683030
counter/6/0/0/0,25660:1747647671811:,1747647683030
counter/6/0/0/0,25661:1747647671812:,1747647683030
counter/6/0/0/0,25662:1747647671812:,1747647683030
counter/6/0/0/0,25663:1747647671812:,1747647683030
counter/6/0/0/0,25664:1747647671812:,1747647683030
counter/6/0/0/0,25665:1747647671812:,1747647683030
counter/6/0/0/0,25666:1747647671812:,1747647683030
counter/6/0/0/0,25667:1747647671813:,1747647683030
counter/3/0/0/0,22730:1747647668580:,1747647683030
counter/6/0/0/0,25668:1747647671813:,1747647683030
counter/1/0/0/0,22756:1747647668858:,1747647683030
counter/6/0/0/0,25669:1747647671813:,1747647683030
counter/5/0/0/0,26080:1747647671013:,1747647683030
counter/6/0/0/0,25670:1747647671813:,1747647683030
counter/9/0/0/0,28639:1747647671686:,1747647683030
counter/8/0/0/0,26534:1747647670818:,1747647683031
counter/6/0/0/0,25671:1747647671814:,1747647683031
counter/4/0/0/0,22084:1747647668578:,1747647683031
counter/10/0/0/0,23918:1747647667950:,1747647683031
counter/6/0/0/0,25672:1747647671814:,1747647683031
counter/6/0/0/0,25673:1747647671814:,1747647683031
counter/6/0/0/0,25674:1747647671814:,1747647683031
counter/6/0/0/0,25675:1747647671814:,1747647683031
counter/6/0/0/0,25676:1747647671814:,1747647683031
counter/6/0/0/0,25677:1747647671814:,1747647683031
counter/6/0/0/0,25678:1747647671814:,1747647683031
counter/6/0/0/0,25679:1747647671814:,1747647683031
counter/6/0/0/0,25680:1747647671814:,1747647683031
counter/6/0/0/0,25681:1747647671814:,1747647683031
counter/6/0/0/0,25682:1747647671814:,1747647683031
counter/6/0/0/0,25683:1747647671814:,1747647683031
counter/6/0/0/0,25684:1747647671823:,1747647683031
counter/6/0/0/0,25685:1747647671823:,1747647683031
counter/6/0/0/0,25686:1747647671823:,1747647683031
counter/6/0/0/0,25687:1747647671827:,1747647683031
counter/6/0/0/0,25688:1747647671827:,1747647683031
counter/6/0/0/0,25689:1747647671827:,1747647683031
counter/6/0/0/0,25690:1747647671827:,1747647683031
counter/6/0/0/0,25691:1747647671827:,1747647683031
counter/6/0/0/0,25692:1747647671827:,1747647683031
counter/6/0/0/0,25693:1747647671827:,1747647683031
counter/6/0/0/0,25694:1747647671837:,1747647683031
counter/6/0/0/0,25695:1747647671837:,1747647683031
counter/6/0/0/0,25696:1747647671837:,1747647683031
counter/6/0/0/0,25697:1747647671837:,1747647683031
counter/6/0/0/0,25698:1747647671837:,1747647683031
counter/6/0/0/0,25699:1747647671837:,1747647683031
counter/6/0/0/0,25700:1747647671837:,1747647683031
counter/6/0/0/0,25701:1747647671837:,1747647683031
counter/6/0/0/0,25702:1747647671837:,1747647683031
counter/6/0/0/0,25703:1747647671841:,1747647683031
counter/6/0/0/0,25704:1747647671841:,1747647683031
counter/3/0/0/0,22731:1747647668580:,1747647683031
counter/6/0/0/0,25705:1747647671841:,1747647683032
counter/2/0/0/0,28515:1747647673149:,1747647683032
counter/6/0/0/0,25706:1747647671841:,1747647683032
counter/10/0/0/0,23919:1747647667950:,1747647683032
counter/5/0/0/0,26081:1747647671013:,1747647683032
counter/6/0/0/0,25707:1747647671841:,1747647683032
counter/9/0/0/0,28640:1747647671686:,1747647683032
counter/8/0/0/0,26535:1747647670818:,1747647683032
counter/6/0/0/0,25708:1747647671842:,1747647683032
counter/4/0/0/0,22085:1747647668578:,1747647683032
counter/7/0/0/0,25477:1747647670727:,1747647683032
counter/6/0/0/0,25709:1747647671842:,1747647683032
counter/6/0/0/0,25710:1747647671842:,1747647683032
counter/7/0/0/0,25478:1747647670727:,1747647683032
counter/6/0/0/0,25711:1747647671842:,1747647683032
counter/7/0/0/0,25479:1747647670727:,1747647683032
counter/3/0/0/0,22732:1747647668580:,1747647683032
counter/6/0/0/0,25712:1747647671842:,1747647683032
counter/2/0/0/0,28516:1747647673149:,1747647683032
counter/10/0/0/0,23920:1747647667950:,1747647683032
counter/6/0/0/0,25713:1747647671842:,1747647683032
counter/5/0/0/0,26082:1747647671013:,1747647683032
counter/9/0/0/0,28641:1747647671686:,1747647683032
counter/6/0/0/0,25714:1747647671842:,1747647683032
counter/8/0/0/0,26536:1747647670818:,1747647683032
counter/4/0/0/0,22086:1747647668578:,1747647683032
counter/6/0/0/0,25715:1747647671842:,1747647683032
counter/4/0/0/0,22087:1747647668579:,1747647683032
counter/6/0/0/0,25716:1747647671842:,1747647683032
counter/4/0/0/0,22088:1747647668579:,1747647683032
counter/6/0/0/0,25717:1747647671842:,1747647683032
counter/4/0/0/0,22089:1747647668579:,1747647683032
counter/6/0/0/0,25718:1747647671842:,1747647683032
counter/4/0/0/0,22090:1747647668579:,1747647683032
counter/6/0/0/0,25719:1747647671842:,1747647683032
counter/4/0/0/0,22091:1747647668579:,1747647683032
counter/6/0/0/0,25720:1747647671843:,1747647683032
counter/4/0/0/0,22092:1747647668579:,1747647683032
counter/6/0/0/0,25721:1747647671843:,1747647683032
counter/4/0/0/0,22093:1747647668579:,1747647683032
counter/6/0/0/0,25722:1747647671843:,1747647683032
counter/4/0/0/0,22094:1747647668579:,1747647683033
counter/6/0/0/0,25723:1747647671843:,1747647683033
counter/4/0/0/0,22095:1747647668579:,1747647683033
counter/7/0/0/0,25480:1747647670727:,1747647683033
counter/8/0/0/0,26537:1747647670819:,1747647683033
counter/6/0/0/0,25724:1747647671844:,1747647683033
counter/4/0/0/0,22096:1747647668579:,1747647683033
counter/7/0/0/0,25481:1747647670727:,1747647683033
counter/6/0/0/0,25725:1747647671845:,1747647683033
counter/4/0/0/0,22097:1747647668579:,1747647683033
counter/7/0/0/0,25482:1747647670735:,1747647683033
counter/6/0/0/0,25726:1747647671845:,1747647683033
counter/4/0/0/0,22098:1747647668579:,1747647683033
counter/7/0/0/0,25483:1747647670735:,1747647683033
counter/6/0/0/0,25727:1747647671845:,1747647683033
counter/4/0/0/0,22099:1747647668579:,1747647683033
counter/7/0/0/0,25484:1747647670735:,1747647683033
counter/3/0/0/0,22733:1747647668580:,1747647683033
counter/8/0/0/0,26538:1747647670819:,1747647683033
counter/6/0/0/0,25728:1747647671845:,1747647683033
counter/4/0/0/0,22100:1747647668579:,1747647683033
counter/7/0/0/0,25485:1747647670735:,1747647683033
counter/2/0/0/0,28517:1747647673149:,1747647683033
counter/5/0/0/0,26083:1747647671014:,1747647683033
counter/9/0/0/0,28642:1747647671695:,1747647683033
counter/6/0/0/0,25729:1747647671845:,1747647683033
counter/4/0/0/0,22101:1747647668579:,1747647683033
counter/7/0/0/0,25486:1747647670735:,1747647683033
counter/6/0/0/0,25730:1747647671845:,1747647683033
counter/4/0/0/0,22102:1747647668579:,1747647683033
counter/7/0/0/0,25487:1747647670735:,1747647683033
counter/6/0/0/0,25731:1747647671845:,1747647683033
counter/4/0/0/0,22103:1747647668579:,1747647683033
counter/7/0/0/0,25488:1747647670735:,1747647683033
counter/9/0/0/0,28643:1747647671695:,1747647683033
counter/10/0/0/0,23921:1747647667950:,1747647683034
counter/6/0/0/0,25732:1747647671845:,1747647683034
counter/4/0/0/0,22104:1747647668579:,1747647683034
counter/7/0/0/0,25489:1747647670735:,1747647683034
counter/3/0/0/0,22734:1747647668580:,1747647683034
counter/6/0/0/0,25733:1747647671862:,1747647683034
counter/4/0/0/0,22105:1747647668579:,1747647683034
counter/3/0/0/0,22735:1747647668580:,1747647683034
counter/8/0/0/0,26539:1747647670819:,1747647683034
counter/2/0/0/0,28518:1747647673149:,1747647683034
counter/6/0/0/0,25734:1747647671862:,1747647683034
counter/4/0/0/0,22106:1747647668579:,1747647683034
counter/5/0/0/0,26084:1747647671015:,1747647683034
counter/6/0/0/0,25735:1747647671862:,1747647683034
counter/4/0/0/0,22107:1747647668579:,1747647683034
counter/6/0/0/0,25736:1747647671870:,1747647683034
counter/4/0/0/0,22108:1747647668579:,1747647683034
counter/4/0/0/0,22109:1747647668580:,1747647683034
counter/5/0/0/0,26085:1747647671015:,1747647683034
counter/4/0/0/0,22110:1747647668580:,1747647683034
counter/9/0/0/0,28644:1747647671695:,1747647683034
counter/4/0/0/0,22111:1747647668580:,1747647683034
counter/10/0/0/0,23922:1747647667950:,1747647683034
counter/3/0/0/0,22736:1747647668581:,1747647683034
counter/4/0/0/0,22112:1747647668588:,1747647683034
counter/3/0/0/0,22737:1747647668584:,1747647683034
counter/4/0/0/0,22113:1747647668589:,1747647683034
counter/3/0/0/0,22738:1747647668584:,1747647683034
counter/4/0/0/0,22114:1747647668589:,1747647683034
counter/3/0/0/0,22739:1747647668584:,1747647683034
counter/4/0/0/0,22115:1747647668589:,1747647683034
counter/3/0/0/0,22740:1747647668584:,1747647683034
counter/4/0/0/0,22116:1747647668589:,1747647683034
counter/3/0/0/0,22741:1747647668584:,1747647683034
counter/4/0/0/0,22117:1747647668589:,1747647683034
counter/3/0/0/0,22742:1747647668584:,1747647683034
counter/4/0/0/0,22118:1747647668589:,1747647683034
counter/3/0/0/0,22743:1747647668588:,1747647683034
counter/4/0/0/0,22119:1747647668589:,1747647683034
counter/3/0/0/0,22744:1747647668588:,1747647683034
counter/3/0/0/0,22745:1747647668588:,1747647683034
counter/3/0/0/0,22746:1747647668588:,1747647683034
counter/3/0/0/0,22747:1747647668588:,1747647683035
counter/3/0/0/0,22748:1747647668588:,1747647683035
counter/3/0/0/0,22749:1747647668605:,1747647683035
counter/3/0/0/0,22750:1747647668605:,1747647683035
counter/3/0/0/0,22751:1747647668605:,1747647683035
counter/3/0/0/0,22752:1747647668605:,1747647683035
counter/6/0/0/0,25737:1747647671873:,1747647683035
counter/8/0/0/0,26540:1747647670819:,1747647683035
counter/3/0/0/0,22753:1747647668605:,1747647683035
counter/1/0/0/0,22757:1747647668858:,1747647683035
counter/5/0/0/0,26086:1747647671015:,1747647683035
counter/3/0/0/0,22754:1747647668606:,1747647683035
counter/2/0/0/0,28519:1747647673149:,1747647683035
counter/10/0/0/0,23923:1747647667950:,1747647683035
counter/3/0/0/0,22755:1747647668606:,1747647683035
counter/9/0/0/0,28645:1747647671698:,1747647683035
counter/3/0/0/0,22756:1747647668606:,1747647683035
counter/9/0/0/0,28646:1747647671698:,1747647683035
counter/9/0/0/0,28647:1747647671699:,1747647683035
counter/9/0/0/0,28648:1747647671699:,1747647683035
counter/9/0/0/0,28649:1747647671699:,1747647683035
counter/9/0/0/0,28650:1747647671699:,1747647683035
counter/9/0/0/0,28651:1747647671699:,1747647683035
counter/9/0/0/0,28652:1747647671699:,1747647683035
counter/9/0/0/0,28653:1747647671699:,1747647683035
counter/9/0/0/0,28654:1747647671699:,1747647683035
counter/9/0/0/0,28655:1747647671699:,1747647683035
counter/9/0/0/0,28656:1747647671699:,1747647683035
counter/9/0/0/0,28657:1747647671721:,1747647683035
counter/9/0/0/0,28658:1747647671721:,1747647683035
counter/9/0/0/0,28659:1747647671721:,1747647683035
counter/9/0/0/0,28660:1747647671721:,1747647683035
counter/10/0/0/0,23924:1747647667950:,1747647683035
counter/10/0/0/0,23925:1747647667951:,1747647683035
counter/6/0/0/0,25738:1747647671873:,1747647683035
counter/7/0/0/0,25490:1747647670743:,1747647683035
counter/4/0/0/0,22120:1747647668589:,1747647683035
counter/8/0/0/0,26541:1747647670819:,1747647683036
counter/4/0/0/0,22121:1747647668589:,1747647683036
counter/9/0/0/0,28661:1747647671721:,1747647683036
counter/5/0/0/0,26087:1747647671015:,1747647683036
counter/9/0/0/0,28662:1747647671723:,1747647683036
counter/6/0/0/0,25739:1747647671880:,1747647683036
counter/10/0/0/0,23926:1747647667951:,1747647683036
counter/3/0/0/0,22757:1747647668606:,1747647683036
counter/7/0/0/0,25491:1747647670743:,1747647683036
counter/8/0/0/0,26542:1747647670819:,1747647683036
counter/7/0/0/0,25492:1747647670744:,1747647683036
counter/1/0/0/0,22758:1747647668858:,1747647683036
counter/5/0/0/0,26088:1747647671015:,1747647683036
counter/1/0/0/0,22759:1747647668858:,1747647683036
counter/1/0/0/0,22760:1747647668858:,1747647683036
counter/1/0/0/0,22761:1747647668858:,1747647683036
counter/1/0/0/0,22762:1747647668859:,1747647683036
counter/1/0/0/0,22763:1747647668859:,1747647683036
counter/1/0/0/0,22764:1747647668859:,1747647683036
counter/1/0/0/0,22765:1747647669622:,1747647683036
counter/1/0/0/0,22766:1747647669622:,1747647683036
counter/1/0/0/0,22767:1747647669629:,1747647683036
counter/1/0/0/0,22768:1747647669629:,1747647683036
counter/1/0/0/0,22769:1747647669629:,1747647683036
counter/3/0/0/0,22758:1747647668606:,1747647683036
counter/1/0/0/0,22770:1747647669629:,1747647683036
counter/8/0/0/0,26543:1747647670819:,1747647683036
counter/1/0/0/0,22771:1747647669630:,1747647683036
counter/7/0/0/0,25493:1747647670744:,1747647683036
counter/5/0/0/0,26089:1747647671023:,1747647683036
counter/9/0/0/0,28663:1747647671723:,1747647683036
counter/9/0/0/0,28664:1747647671723:,1747647683036
counter/10/0/0/0,23927:1747647667951:,1747647683036
counter/2/0/0/0,28520:1747647673155:,1747647683036
counter/1/0/0/0,22772:1747647669630:,1747647683036
counter/1/0/0/0,22773:1747647669632:,1747647683036
counter/1/0/0/0,22774:1747647669632:,1747647683036
counter/8/0/0/0,26544:1747647670819:,1747647683036
counter/7/0/0/0,25494:1747647670744:,1747647683036
counter/5/0/0/0,26090:1747647671023:,1747647683036
counter/9/0/0/0,28665:1747647671723:,1747647683036
counter/6/0/0/0,25740:1747647671880:,1747647683036
counter/10/0/0/0,23928:1747647667951:,1747647683037
counter/6/0/0/0,25741:1747647671880:,1747647683037
counter/3/0/0/0,22759:1747647668608:,1747647683037
counter/1/0/0/0,22775:1747647669632:,1747647683037
counter/1/0/0/0,22776:1747647669632:,1747647683037
counter/8/0/0/0,26545:1747647670819:,1747647683037
counter/4/0/0/0,22122:1747647668602:,1747647683037
counter/5/0/0/0,26091:1747647671023:,1747647683037
counter/9/0/0/0,28666:1747647671723:,1747647683037
counter/9/0/0/0,28667:1747647671723:,1747647683037
counter/10/0/0/0,23929:1747647667951:,1747647683037
counter/6/0/0/0,25742:1747647671880:,1747647683037
counter/3/0/0/0,22760:1747647668608:,1747647683037
counter/1/0/0/0,22777:1747647669634:,1747647683037
counter/7/0/0/0,25495:1747647670745:,1747647683037
counter/8/0/0/0,26546:1747647670819:,1747647683037
counter/4/0/0/0,22123:1747647668602:,1747647683037
counter/5/0/0/0,26092:1747647671024:,1747647683037
counter/9/0/0/0,28668:1747647671724:,1747647683037
counter/9/0/0/0,28669:1747647671724:,1747647683037
counter/10/0/0/0,23930:1747647667951:,1747647683037
counter/6/0/0/0,25743:1747647671880:,1747647683037
counter/3/0/0/0,22761:1747647668608:,1747647683037
counter/1/0/0/0,22778:1747647669634:,1747647683037
counter/3/0/0/0,22762:1747647668610:,1747647683037
counter/8/0/0/0,26547:1747647670819:,1747647683037
counter/4/0/0/0,22124:1747647668602:,1747647683037
counter/5/0/0/0,26093:1747647671024:,1747647683037
counter/9/0/0/0,28670:1747647671724:,1747647683037
counter/9/0/0/0,28671:1747647671724:,1747647683037
counter/10/0/0/0,23931:1747647667951:,1747647683037
counter/2/0/0/0,28521:1747647673155:,1747647683037
counter/7/0/0/0,25496:1747647670745:,1747647683037
counter/1/0/0/0,22779:1747647669647:,1747647683037
counter/3/0/0/0,22763:1747647668610:,1747647683037
counter/8/0/0/0,26548:1747647670819:,1747647683037
counter/4/0/0/0,22125:1747647668602:,1747647683037
counter/5/0/0/0,26094:1747647671025:,1747647683037
counter/5/0/0/0,26095:1747647671025:,1747647683037
counter/5/0/0/0,26096:1747647671025:,1747647683038
counter/10/0/0/0,23932:1747647667951:,1747647683038
counter/2/0/0/0,28522:1747647673155:,1747647683038
counter/7/0/0/0,25497:1747647670745:,1747647683038
counter/1/0/0/0,22780:1747647669648:,1747647683038
counter/7/0/0/0,25498:1747647670745:,1747647683038
counter/8/0/0/0,26549:1747647670819:,1747647683038
counter/4/0/0/0,22126:1747647668602:,1747647683038
counter/9/0/0/0,28672:1747647671724:,1747647683038
counter/6/0/0/0,25744:1747647671880:,1747647683038
counter/5/0/0/0,26097:1747647671025:,1747647683038
counter/6/0/0/0,25745:1747647671880:,1747647683038
counter/2/0/0/0,28523:1747647673155:,1747647683038
counter/3/0/0/0,22764:1747647668610:,1747647683038
counter/1/0/0/0,22781:1747647669648:,1747647683038
counter/7/0/0/0,25499:1747647670745:,1747647683038
counter/8/0/0/0,26550:1747647670819:,1747647683038
counter/7/0/0/0,25500:1747647670745:,1747647683038
counter/9/0/0/0,28673:1747647671724:,1747647683038
counter/10/0/0/0,23933:1747647667951:,1747647683038
counter/5/0/0/0,26098:1747647671025:,1747647683038
counter/5/0/0/0,26099:1747647671025:,1747647683038
counter/5/0/0/0,26100:1747647671025:,1747647683038
counter/5/0/0/0,26101:1747647671025:,1747647683038
counter/5/0/0/0,26102:1747647671025:,1747647683038
counter/5/0/0/0,26103:1747647671025:,1747647683038
counter/5/0/0/0,26104:1747647671041:,1747647683038
counter/5/0/0/0,26105:1747647671041:,1747647683038
counter/5/0/0/0,26106:1747647671041:,1747647683038
counter/5/0/0/0,26107:1747647671041:,1747647683038
counter/5/0/0/0,26108:1747647671041:,1747647683038
counter/5/0/0/0,26109:1747647671044:,1747647683038
counter/5/0/0/0,26110:1747647671044:,1747647683038
counter/5/0/0/0,26111:1747647671044:,1747647683038
counter/5/0/0/0,26112:1747647671044:,1747647683038
counter/5/0/0/0,26113:1747647671044:,1747647683038
counter/5/0/0/0,26114:1747647671044:,1747647683038
counter/5/0/0/0,26115:1747647671044:,1747647683038
counter/5/0/0/0,26116:1747647671044:,1747647683038
counter/4/0/0/0,22127:1747647668602:,1747647683038
counter/5/0/0/0,26117:1747647671044:,1747647683039
counter/9/0/0/0,28674:1747647671724:,1747647683039
counter/5/0/0/0,26118:1747647671045:,1747647683039
counter/10/0/0/0,23934:1747647667951:,1747647683039
counter/5/0/0/0,26119:1747647671045:,1747647683039
counter/7/0/0/0,25501:1747647670746:,1747647683039
counter/7/0/0/0,25502:1747647670746:,1747647683039
counter/3/0/0/0,22765:1747647668610:,1747647683039
counter/2/0/0/0,28524:1747647673155:,1747647683039
counter/1/0/0/0,22782:1747647669648:,1747647683039
counter/5/0/0/0,26120:1747647671045:,1747647683039
counter/5/0/0/0,26121:1747647671053:,1747647683039
counter/4/0/0/0,22128:1747647668602:,1747647683039
counter/8/0/0/0,26551:1747647670819:,1747647683039
counter/10/0/0/0,23935:1747647667951:,1747647683039
counter/10/0/0/0,23936:1747647667951:,1747647683039
counter/10/0/0/0,23937:1747647667951:,1747647683039
counter/10/0/0/0,23938:1747647667951:,1747647683039
counter/10/0/0/0,23939:1747647667951:,1747647683039
counter/3/0/0/0,22766:1747647668610:,1747647683039
counter/5/0/0/0,26122:1747647671053:,1747647683039
counter/3/0/0/0,22767:1747647668610:,1747647683039
counter/4/0/0/0,22129:1747647668602:,1747647683039
counter/8/0/0/0,26552:1747647670819:,1747647683039
counter/8/0/0/0,26553:1747647670819:,1747647683039
counter/8/0/0/0,26554:1747647670819:,1747647683039
counter/8/0/0/0,26555:1747647670819:,1747647683039
counter/8/0/0/0,26556:1747647670822:,1747647683039
counter/8/0/0/0,26557:1747647670822:,1747647683039
counter/8/0/0/0,26558:1747647670822:,1747647683039
counter/8/0/0/0,26559:1747647670822:,1747647683039
counter/8/0/0/0,26560:1747647670822:,1747647683039
counter/8/0/0/0,26561:1747647670822:,1747647683039
counter/8/0/0/0,26562:1747647670822:,1747647683039
counter/8/0/0/0,26563:1747647670822:,1747647683039
counter/8/0/0/0,26564:1747647670824:,1747647683039
counter/8/0/0/0,26565:1747647670824:,1747647683039
counter/8/0/0/0,26566:1747647670824:,1747647683039
counter/8/0/0/0,26567:1747647670824:,1747647683039
counter/8/0/0/0,26568:1747647670824:,1747647683039
counter/8/0/0/0,26569:1747647670824:,1747647683040
counter/8/0/0/0,26570:1747647670824:,1747647683040
counter/8/0/0/0,26571:1747647670824:,1747647683040
counter/8/0/0/0,26572:1747647670824:,1747647683040
counter/7/0/0/0,25503:1747647670746:,1747647683040
counter/1/0/0/0,22783:1747647669648:,1747647683040
counter/9/0/0/0,28675:1747647671724:,1747647683040
counter/6/0/0/0,25746:1747647671880:,1747647683040
counter/10/0/0/0,23940:1747647667951:,1747647683040
counter/3/0/0/0,22768:1747647668610:,1747647683040
counter/2/0/0/0,28525:1747647673155:,1747647683040
counter/5/0/0/0,26123:1747647671066:,1747647683040
counter/5/0/0/0,26124:1747647671067:,1747647683040
counter/1/0/0/0,22784:1747647669649:,1747647683040
counter/7/0/0/0,25504:1747647670746:,1747647683040
counter/1/0/0/0,22785:1747647669649:,1747647683040
counter/9/0/0/0,28676:1747647671724:,1747647683040
counter/1/0/0/0,22786:1747647669649:,1747647683040
counter/10/0/0/0,23941:1747647667951:,1747647683040
counter/1/0/0/0,22787:1747647669649:,1747647683040
counter/2/0/0/0,28526:1747647673155:,1747647683040
counter/8/0/0/0,26573:1747647670824:,1747647683040
counter/2/0/0/0,28527:1747647673159:,1747647683040
counter/5/0/0/0,26125:1747647671067:,1747647683040
counter/6/0/0/0,25747:1747647671880:,1747647683040
counter/9/0/0/0,28677:1747647671724:,1747647683040
counter/3/0/0/0,22769:1747647668610:,1747647683040
counter/10/0/0/0,23942:1747647667951:,1747647683040
counter/10/0/0/0,23943:1747647667951:,1747647683040
counter/10/0/0/0,23944:1747647667951:,1747647683040
counter/8/0/0/0,26574:1747647670826:,1747647683040
counter/7/0/0/0,25505:1747647670746:,1747647683040
counter/2/0/0/0,28528:1747647673164:,1747647683040
counter/5/0/0/0,26126:1747647671067:,1747647683040
counter/6/0/0/0,25748:1747647671880:,1747647683040
counter/9/0/0/0,28678:1747647671735:,1747647683040
counter/3/0/0/0,22770:1747647668610:,1747647683040
counter/9/0/0/0,28679:1747647671735:,1747647683041
counter/9/0/0/0,28680:1747647671736:,1747647683041
counter/9/0/0/0,28681:1747647671736:,1747647683041
counter/9/0/0/0,28682:1747647671736:,1747647683041
counter/9/0/0/0,28683:1747647671736:,1747647683041
counter/9/0/0/0,28684:1747647671736:,1747647683041
counter/9/0/0/0,28685:1747647671736:,1747647683041
counter/9/0/0/0,28686:1747647671736:,1747647683041
counter/9/0/0/0,28687:1747647671736:,1747647683041
counter/9/0/0/0,28688:1747647671736:,1747647683041
counter/9/0/0/0,28689:1747647671736:,1747647683041
counter/4/0/0/0,22130:1747647668602:,1747647683041
counter/8/0/0/0,26575:1747647670829:,1747647683041
counter/8/0/0/0,26576:1747647670829:,1747647683041
counter/8/0/0/0,26577:1747647670829:,1747647683041
counter/8/0/0/0,26578:1747647670829:,1747647683041
counter/8/0/0/0,26579:1747647670829:,1747647683041
counter/8/0/0/0,26580:1747647670829:,1747647683041
counter/8/0/0/0,26581:1747647670832:,1747647683041
counter/8/0/0/0,26582:1747647670832:,1747647683041
counter/8/0/0/0,26583:1747647670832:,1747647683041
counter/8/0/0/0,26584:1747647670832:,1747647683041
counter/8/0/0/0,26585:1747647670832:,1747647683041
counter/8/0/0/0,26586:1747647670832:,1747647683041
counter/8/0/0/0,26587:1747647670832:,1747647683041
counter/6/0/0/0,25749:1747647671880:,1747647683041
counter/10/0/0/0,23945:1747647667955:,1747647683041
counter/6/0/0/0,25750:1747647671880:,1747647683041
counter/4/0/0/0,22131:1747647668602:,1747647683041
counter/2/0/0/0,28529:1747647673164:,1747647683041
counter/3/0/0/0,22771:1747647668610:,1747647683041
counter/5/0/0/0,26127:1747647671067:,1747647683041
counter/5/0/0/0,26128:1747647671067:,1747647683041
counter/5/0/0/0,26129:1747647671067:,1747647683041
counter/5/0/0/0,26130:1747647671067:,1747647683041
counter/10/0/0/0,23946:1747647667955:,1747647683041
counter/10/0/0/0,23947:1747647667955:,1747647683041
counter/10/0/0/0,23948:1747647667955:,1747647683041
counter/10/0/0/0,23949:1747647667956:,1747647683041
counter/2/0/0/0,28530:1747647673164:,1747647683041
counter/3/0/0/0,22772:1747647668612:,1747647683041
counter/2/0/0/0,28531:1747647673164:,1747647683042
counter/2/0/0/0,28532:1747647673164:,1747647683042
counter/2/0/0/0,28533:1747647673164:,1747647683042
counter/8/0/0/0,26588:1747647670832:,1747647683042
counter/8/0/0/0,26589:1747647670833:,1747647683042
counter/7/0/0/0,25506:1747647670746:,1747647683042
counter/4/0/0/0,22132:1747647668602:,1747647683042
counter/6/0/0/0,25751:1747647671880:,1747647683042
counter/1/0/0/0,22788:1747647669649:,1747647683042
counter/3/0/0/0,22773:1747647668612:,1747647683042
counter/5/0/0/0,26131:1747647671067:,1747647683042
counter/5/0/0/0,26132:1747647671068:,1747647683042
counter/9/0/0/0,28690:1747647671736:,1747647683042
counter/8/0/0/0,26590:1747647670833:,1747647683042
counter/9/0/0/0,28691:1747647671736:,1747647683042
counter/8/0/0/0,26591:1747647670833:,1747647683042
counter/8/0/0/0,26592:1747647670833:,1747647683042
counter/1/0/0/0,22789:1747647669649:,1747647683042
counter/7/0/0/0,25507:1747647670746:,1747647683042
counter/3/0/0/0,22774:1747647668612:,1747647683042
counter/7/0/0/0,25508:1747647670746:,1747647683042
counter/5/0/0/0,26133:1747647671068:,1747647683042
counter/10/0/0/0,23950:1747647667962:,1747647683042
counter/4/0/0/0,22133:1747647668602:,1747647683042
counter/10/0/0/0,23951:1747647667963:,1747647683042
counter/9/0/0/0,28692:1747647671736:,1747647683042
counter/6/0/0/0,25752:1747647671880:,1747647683042
counter/1/0/0/0,22790:1747647669649:,1747647683042
counter/3/0/0/0,22775:1747647668613:,1747647683042
counter/3/0/0/0,22776:1747647668613:,1747647683042
counter/7/0/0/0,25509:1747647670746:,1747647683042
counter/7/0/0/0,25510:1747647670746:,1747647683042
counter/7/0/0/0,25511:1747647670746:,1747647683042
counter/7/0/0/0,25512:1747647670746:,1747647683042
counter/8/0/0/0,26593:1747647670833:,1747647683042
counter/8/0/0/0,26594:1747647670833:,1747647683042
counter/6/0/0/0,25753:1747647671880:,1747647683042
counter/1/0/0/0,22791:1747647669649:,1747647683042
counter/2/0/0/0,28534:1747647673164:,1747647683042
counter/3/0/0/0,22777:1747647668613:,1747647683042
counter/2/0/0/0,28535:1747647673164:,1747647683042
counter/4/0/0/0,22134:1747647668602:,1747647683042
counter/2/0/0/0,28536:1747647673164:,1747647683043
counter/7/0/0/0,25513:1747647670746:,1747647683043
counter/8/0/0/0,26595:1747647670849:,1747647683043
counter/7/0/0/0,25514:1747647670746:,1747647683043
counter/1/0/0/0,22792:1747647669649:,1747647683043
counter/1/0/0/0,22793:1747647669649:,1747647683043
counter/5/0/0/0,26134:1747647671068:,1747647683043
counter/3/0/0/0,22778:1747647668613:,1747647683043
counter/3/0/0/0,22779:1747647668613:,1747647683043
counter/3/0/0/0,22780:1747647668613:,1747647683043
counter/3/0/0/0,22781:1747647668613:,1747647683043
counter/2/0/0/0,28537:1747647673164:,1747647683043
counter/7/0/0/0,25515:1747647670746:,1747647683043
counter/5/0/0/0,26135:1747647671075:,1747647683043
counter/7/0/0/0,25516:1747647670746:,1747647683043
counter/4/0/0/0,22135:1747647668602:,1747647683043
counter/7/0/0/0,25517:1747647670746:,1747647683043
counter/10/0/0/0,23952:1747647667963:,1747647683043
counter/8/0/0/0,26596:1747647670849:,1747647683043
counter/10/0/0/0,23953:1747647667964:,1747647683043
counter/2/0/0/0,28538:1747647673164:,1747647683043
counter/2/0/0/0,28539:1747647673164:,1747647683043
counter/5/0/0/0,26136:1747647671075:,1747647683043
counter/2/0/0/0,28540:1747647673165:,1747647683043
counter/4/0/0/0,22136:1747647668602:,1747647683043
counter/9/0/0/0,28693:1747647671736:,1747647683043
counter/6/0/0/0,25754:1747647671881:,1747647683043
counter/2/0/0/0,28541:1747647673165:,1747647683043
counter/3/0/0/0,22782:1747647668613:,1747647683043
counter/3/0/0/0,22783:1747647668613:,1747647683043
counter/2/0/0/0,28542:1747647673165:,1747647683043
counter/5/0/0/0,26137:1747647671075:,1747647683043
counter/4/0/0/0,22137:1747647668602:,1747647683043
counter/4/0/0/0,22138:1747647668603:,1747647683043
counter/4/0/0/0,22139:1747647668603:,1747647683043
counter/9/0/0/0,28694:1747647671739:,1747647683044
counter/6/0/0/0,25755:1747647671881:,1747647683044
counter/10/0/0/0,23954:1747647667964:,1747647683044
counter/1/0/0/0,22794:1747647669649:,1747647683044
counter/10/0/0/0,23955:1747647667964:,1747647683044
counter/10/0/0/0,23956:1747647667964:,1747647683044
counter/5/0/0/0,26138:1747647671075:,1747647683044
counter/4/0/0/0,22140:1747647668603:,1747647683044
counter/8/0/0/0,26597:1747647670849:,1747647683044
counter/8/0/0/0,26598:1747647670854:,1747647683044
counter/7/0/0/0,25518:1747647670746:,1747647683044
counter/7/0/0/0,25519:1747647670746:,1747647683044
counter/1/0/0/0,22795:1747647669649:,1747647683044
counter/6/0/0/0,25756:1747647671881:,1747647683044
counter/2/0/0/0,28543:1747647673165:,1747647683044
counter/10/0/0/0,23957:1747647667964:,1747647683044
counter/5/0/0/0,26139:1747647671075:,1747647683044
counter/4/0/0/0,22141:1747647668603:,1747647683044
counter/8/0/0/0,26599:1747647670855:,1747647683044
counter/8/0/0/0,26600:1747647670855:,1747647683044
counter/8/0/0/0,26601:1747647670855:,1747647683044
counter/8/0/0/0,26602:1747647670855:,1747647683044
counter/8/0/0/0,26603:1747647670860:,1747647683044
counter/8/0/0/0,26604:1747647670860:,1747647683044
counter/6/0/0/0,25757:1747647671881:,1747647683044
counter/5/0/0/0,26140:1747647671082:,1747647683044
counter/5/0/0/0,26141:1747647671082:,1747647683044
counter/4/0/0/0,22142:1747647668603:,1747647683044
counter/4/0/0/0,22143:1747647668603:,1747647683044
counter/4/0/0/0,22144:1747647668603:,1747647683044
counter/4/0/0/0,22145:1747647668604:,1747647683044
counter/4/0/0/0,22146:1747647668604:,1747647683044
counter/7/0/0/0,25520:1747647670746:,1747647683044
counter/2/0/0/0,28544:1747647673165:,1747647683044
counter/6/0/0/0,25758:1747647671881:,1747647683044
counter/2/0/0/0,28545:1747647673165:,1747647683044
counter/5/0/0/0,26142:1747647671082:,1747647683044
counter/5/0/0/0,26143:1747647671082:,1747647683044
counter/2/0/0/0,28546:1747647673165:,1747647683044
counter/4/0/0/0,22147:1747647668604:,1747647683044
counter/4/0/0/0,22148:1747647668604:,1747647683044
counter/4/0/0/0,22149:1747647668618:,1747647683044
counter/4/0/0/0,22150:1747647668619:,1747647683044
counter/7/0/0/0,25521:1747647670746:,1747647683045
counter/7/0/0/0,25522:1747647670746:,1747647683045
counter/3/0/0/0,22784:1747647668613:,1747647683045
counter/5/0/0/0,26144:1747647671082:,1747647683045
counter/6/0/0/0,25759:1747647671881:,1747647683045
counter/6/0/0/0,25760:1747647671881:,1747647683045
counter/8/0/0/0,26605:1747647670860:,1747647683045
counter/4/0/0/0,22151:1747647668619:,1747647683045
counter/4/0/0/0,22152:1747647668619:,1747647683045
counter/4/0/0/0,22153:1747647668619:,1747647683045
counter/7/0/0/0,25523:1747647670746:,1747647683045
counter/3/0/0/0,22785:1747647668613:,1747647683045
counter/7/0/0/0,25524:1747647670746:,1747647683045
counter/9/0/0/0,28695:1747647671741:,1747647683045
counter/9/0/0/0,28696:1747647671742:,1747647683045
counter/6/0/0/0,25761:1747647671881:,1747647683045
counter/2/0/0/0,28547:1747647673165:,1747647683045
counter/4/0/0/0,22154:1747647668619:,1747647683045
counter/2/0/0/0,28548:1747647673165:,1747647683045
counter/10/0/0/0,23958:1747647667964:,1747647683045
counter/5/0/0/0,26145:1747647671082:,1747647683045
counter/10/0/0/0,23959:1747647667964:,1747647683045
counter/7/0/0/0,25525:1747647670746:,1747647683045
counter/9/0/0/0,28697:1747647671744:,1747647683045
counter/8/0/0/0,26606:1747647670861:,1747647683045
counter/9/0/0/0,28698:1747647671745:,1747647683045
counter/4/0/0/0,22155:1747647668619:,1747647683045
counter/9/0/0/0,28699:1747647671752:,1747647683045
counter/9/0/0/0,28700:1747647671753:,1747647683045
counter/5/0/0/0,26146:1747647671086:,1747647683045
counter/9/0/0/0,28701:1747647671754:,1747647683045
counter/10/0/0/0,23960:1747647667964:,1747647683045
counter/7/0/0/0,25526:1747647670746:,1747647683045
counter/8/0/0/0,26607:1747647670861:,1747647683045
counter/7/0/0/0,25527:1747647670747:,1747647683045
counter/4/0/0/0,22156:1747647668619:,1747647683045
counter/7/0/0/0,25528:1747647670747:,1747647683045
counter/5/0/0/0,26147:1747647671086:,1747647683045
counter/3/0/0/0,22786:1747647668613:,1747647683045
counter/9/0/0/0,28702:1747647671755:,1747647683046
counter/9/0/0/0,28703:1747647671755:,1747647683046
counter/10/0/0/0,23961:1747647667964:,1747647683046
counter/8/0/0/0,26608:1747647670861:,1747647683046
counter/4/0/0/0,22157:1747647668619:,1747647683046
counter/4/0/0/0,22158:1747647668619:,1747647683046
counter/4/0/0/0,22159:1747647668619:,1747647683046
counter/7/0/0/0,25529:1747647670747:,1747647683046
counter/5/0/0/0,26148:1747647671086:,1747647683046
counter/6/0/0/0,25762:1747647671881:,1747647683046
counter/9/0/0/0,28704:1747647671755:,1747647683046
counter/10/0/0/0,23962:1747647667964:,1747647683046
counter/8/0/0/0,26609:1747647670861:,1747647683046
counter/8/0/0/0,26610:1747647670861:,1747647683046
counter/10/0/0/0,23963:1747647667964:,1747647683046
counter/1/0/0/0,22796:1747647669649:,1747647683046
counter/5/0/0/0,26149:1747647671086:,1747647683046
counter/3/0/0/0,22787:1747647668614:,1747647683046
counter/6/0/0/0,25763:1747647671881:,1747647683046
counter/6/0/0/0,25764:1747647671881:,1747647683046
counter/9/0/0/0,28705:1747647671755:,1747647683046
counter/9/0/0/0,28706:1747647671755:,1747647683046
counter/4/0/0/0,22160:1747647668619:,1747647683046
counter/9/0/0/0,28707:1747647671756:,1747647683046
counter/10/0/0/0,23964:1747647667964:,1747647683046
counter/1/0/0/0,22797:1747647669649:,1747647683046
counter/5/0/0/0,26150:1747647671092:,1747647683046
counter/5/0/0/0,26151:1747647671092:,1747647683046
counter/5/0/0/0,26152:1747647671092:,1747647683046
counter/7/0/0/0,25530:1747647670747:,1747647683046
counter/8/0/0/0,26611:1747647670861:,1747647683046
counter/7/0/0/0,25531:1747647670747:,1747647683046
counter/7/0/0/0,25532:1747647670747:,1747647683046
counter/10/0/0/0,23965:1747647667964:,1747647683046
counter/10/0/0/0,23966:1747647667964:,1747647683046
counter/10/0/0/0,23967:1747647667964:,1747647683046
counter/10/0/0/0,23968:1747647667964:,1747647683046
counter/10/0/0/0,23969:1747647667965:,1747647683046
counter/10/0/0/0,23970:1747647667965:,1747647683046
counter/10/0/0/0,23971:1747647667967:,1747647683047
counter/10/0/0/0,23972:1747647667967:,1747647683047
counter/10/0/0/0,23973:1747647667967:,1747647683047
counter/10/0/0/0,23974:1747647667967:,1747647683047
counter/10/0/0/0,23975:1747647667967:,1747647683047
counter/7/0/0/0,25533:1747647670747:,1747647683047
counter/3/0/0/0,22788:1747647668614:,1747647683047
counter/6/0/0/0,25765:1747647671881:,1747647683047
counter/5/0/0/0,26153:1747647671092:,1747647683047
counter/4/0/0/0,22161:1747647668621:,1747647683047
counter/8/0/0/0,26612:1747647670862:,1747647683047
counter/8/0/0/0,26613:1747647670871:,1747647683047
counter/8/0/0/0,26614:1747647670871:,1747647683047
counter/8/0/0/0,26615:1747647670872:,1747647683047
counter/8/0/0/0,26616:1747647670872:,1747647683047
counter/8/0/0/0,26617:1747647670872:,1747647683047
counter/8/0/0/0,26618:1747647670872:,1747647683047
counter/8/0/0/0,26619:1747647670872:,1747647683047
counter/6/0/0/0,25766:1747647671881:,1747647683047
counter/4/0/0/0,22162:1747647668626:,1747647683047
counter/6/0/0/0,25767:1747647671881:,1747647683047
counter/2/0/0/0,28549:1747647673165:,1747647683047
counter/10/0/0/0,23976:1747647667967:,1747647683047
counter/2/0/0/0,28550:1747647673165:,1747647683047
counter/1/0/0/0,22798:1747647669649:,1747647683047
counter/8/0/0/0,26620:1747647670872:,1747647683047
counter/3/0/0/0,22789:1747647668614:,1747647683047
counter/4/0/0/0,22163:1747647668626:,1747647683047
counter/4/0/0/0,22164:1747647668626:,1747647683047
counter/4/0/0/0,22165:1747647668626:,1747647683047
counter/4/0/0/0,22166:1747647668626:,1747647683047
counter/4/0/0/0,22167:1747647668627:,1747647683047
counter/10/0/0/0,23977:1747647667967:,1747647683047
counter/1/0/0/0,22799:1747647669649:,1747647683047
counter/1/0/0/0,22800:1747647669649:,1747647683047
counter/1/0/0/0,22801:1747647669658:,1747647683047
counter/1/0/0/0,22802:1747647669658:,1747647683047
counter/3/0/0/0,22790:1747647668614:,1747647683047
counter/6/0/0/0,25768:1747647671881:,1747647683047
counter/6/0/0/0,25769:1747647671881:,1747647683048
counter/4/0/0/0,22168:1747647668633:,1747647683048
counter/5/0/0/0,26154:1747647671092:,1747647683048
counter/10/0/0/0,23978:1747647667967:,1747647683048
counter/2/0/0/0,28551:1747647673165:,1747647683048
counter/8/0/0/0,26621:1747647670872:,1747647683048
counter/1/0/0/0,22803:1747647669658:,1747647683048
counter/1/0/0/0,22804:1747647669658:,1747647683048
counter/1/0/0/0,22805:1747647669658:,1747647683048
counter/9/0/0/0,28708:1747647671756:,1747647683048
counter/7/0/0/0,25534:1747647670747:,1747647683048
counter/4/0/0/0,22169:1747647668633:,1747647683048
counter/7/0/0/0,25535:1747647670747:,1747647683048
counter/10/0/0/0,23979:1747647667967:,1747647683048
counter/8/0/0/0,26622:1747647670872:,1747647683048
counter/8/0/0/0,26623:1747647670872:,1747647683048
counter/1/0/0/0,22806:1747647669658:,1747647683048
counter/3/0/0/0,22791:1747647668614:,1747647683048
counter/6/0/0/0,25770:1747647671881:,1747647683048
counter/9/0/0/0,28709:1747647671756:,1747647683048
counter/5/0/0/0,26155:1747647671092:,1747647683048
counter/4/0/0/0,22170:1747647668638:,1747647683048
counter/4/0/0/0,22171:1747647668638:,1747647683048
counter/4/0/0/0,22172:1747647668638:,1747647683048
counter/4/0/0/0,22173:1747647668638:,1747647683048
counter/4/0/0/0,22174:1747647668638:,1747647683048
counter/4/0/0/0,22175:1747647668639:,1747647683048
counter/4/0/0/0,22176:1747647668640:,1747647683048
counter/4/0/0/0,22177:1747647668645:,1747647683048
counter/4/0/0/0,22178:1747647668646:,1747647683048
counter/5/0/0/0,26156:1747647671092:,1747647683048
counter/7/0/0/0,25536:1747647670747:,1747647683048
counter/10/0/0/0,23980:1747647667967:,1747647683048
counter/8/0/0/0,26624:1747647670872:,1747647683048
counter/8/0/0/0,26625:1747647670872:,1747647683048
counter/8/0/0/0,26626:1747647670872:,1747647683048
counter/8/0/0/0,26627:1747647670873:,1747647683048
counter/8/0/0/0,26628:1747647670873:,1747647683048
counter/8/0/0/0,26629:1747647670873:,1747647683048
counter/6/0/0/0,25771:1747647671881:,1747647683048
counter/5/0/0/0,26157:1747647671092:,1747647683049
counter/6/0/0/0,25772:1747647671884:,1747647683049
counter/10/0/0/0,23981:1747647667967:,1747647683049
counter/7/0/0/0,25537:1747647670747:,1747647683049
counter/3/0/0/0,22792:1747647668614:,1747647683049
counter/3/0/0/0,22793:1747647668614:,1747647683049
counter/4/0/0/0,22179:1747647668646:,1747647683049
counter/8/0/0/0,26630:1747647670874:,1747647683049
counter/1/0/0/0,22807:1747647669658:,1747647683049
counter/5/0/0/0,26158:1747647671092:,1747647683049
counter/6/0/0/0,25773:1747647671899:,1747647683049
counter/10/0/0/0,23982:1747647667967:,1747647683049
counter/6/0/0/0,25774:1747647671899:,1747647683049
counter/9/0/0/0,28710:1747647671756:,1747647683049
counter/7/0/0/0,25538:1747647670747:,1747647683049
counter/3/0/0/0,22794:1747647668614:,1747647683049
counter/4/0/0/0,22180:1747647668646:,1747647683049
counter/8/0/0/0,26631:1747647670874:,1747647683049
counter/1/0/0/0,22808:1747647669658:,1747647683049
counter/5/0/0/0,26159:1747647671099:,1747647683049
counter/10/0/0/0,23983:1747647667967:,1747647683049
counter/2/0/0/0,28552:1747647673165:,1747647683049
counter/6/0/0/0,25775:1747647671900:,1747647683049
counter/6/0/0/0,25776:1747647671900:,1747647683049
counter/6/0/0/0,25777:1747647671900:,1747647683049
counter/3/0/0/0,22795:1747647668614:,1747647683049
counter/4/0/0/0,22181:1747647668646:,1747647683049
counter/8/0/0/0,26632:1747647670874:,1747647683049
counter/1/0/0/0,22809:1747647669658:,1747647683049
counter/5/0/0/0,26160:1747647671099:,1747647683049
counter/10/0/0/0,23984:1747647667969:,1747647683049
counter/10/0/0/0,23985:1747647667969:,1747647683049
counter/10/0/0/0,23986:1747647667969:,1747647683049
counter/10/0/0/0,23987:1747647667969:,1747647683049
counter/10/0/0/0,23988:1747647667969:,1747647683049
counter/10/0/0/0,23989:1747647667969:,1747647683049
counter/10/0/0/0,23990:1747647667969:,1747647683049
counter/8/0/0/0,26633:1747647670874:,1747647683049
counter/1/0/0/0,22810:1747647669658:,1747647683049
counter/5/0/0/0,26161:1747647671099:,1747647683049
counter/5/0/0/0,26162:1747647671100:,1747647683049
counter/5/0/0/0,26163:1747647671100:,1747647683049
counter/5/0/0/0,26164:1747647671100:,1747647683050
counter/4/0/0/0,22182:1747647668646:,1747647683050
counter/7/0/0/0,25539:1747647670773:,1747647683050
counter/3/0/0/0,22796:1747647668614:,1747647683050
counter/7/0/0/0,25540:1747647670773:,1747647683050
counter/8/0/0/0,26634:1747647670874:,1747647683050
counter/1/0/0/0,22811:1747647669659:,1747647683050
counter/1/0/0/0,22812:1747647669659:,1747647683050
counter/1/0/0/0,22813:1747647669659:,1747647683050
counter/1/0/0/0,22814:1747647669659:,1747647683050
counter/6/0/0/0,25778:1747647671900:,1747647683050
counter/4/0/0/0,22183:1747647668646:,1747647683050
counter/10/0/0/0,23991:1747647667970:,1747647683050
counter/3/0/0/0,22797:1747647668614:,1747647683050
counter/7/0/0/0,25541:1747647670773:,1747647683050
counter/8/0/0/0,26635:1747647670874:,1747647683050
counter/7/0/0/0,25542:1747647670773:,1747647683050
counter/2/0/0/0,28553:1747647673165:,1747647683050
counter/5/0/0/0,26165:1747647671100:,1747647683050
counter/5/0/0/0,26166:1747647671100:,1747647683050
counter/9/0/0/0,28711:1747647671756:,1747647683050
counter/4/0/0/0,22184:1747647668646:,1747647683050
counter/9/0/0/0,28712:1747647671756:,1747647683050
counter/3/0/0/0,22798:1747647668615:,1747647683050
counter/8/0/0/0,26636:1747647670874:,1747647683050
counter/1/0/0/0,22815:1747647669659:,1747647683050
counter/7/0/0/0,25543:1747647670773:,1747647683050
counter/2/0/0/0,28554:1747647673165:,1747647683050
counter/5/0/0/0,26167:1747647671100:,1747647683050
counter/2/0/0/0,28555:1747647673165:,1747647683050
counter/4/0/0/0,22185:1747647668647:,1747647683050
counter/10/0/0/0,23992:1747647667970:,1747647683050
counter/3/0/0/0,22799:1747647668615:,1747647683050
counter/3/0/0/0,22800:1747647668615:,1747647683050
counter/8/0/0/0,26637:1747647670874:,1747647683050
counter/9/0/0/0,28713:1747647671756:,1747647683050
counter/7/0/0/0,25544:1747647670796:,1747647683050
counter/5/0/0/0,26168:1747647671100:,1747647683050
counter/7/0/0/0,25545:1747647670796:,1747647683050
counter/2/0/0/0,28556:1747647673165:,1747647683051
counter/4/0/0/0,22186:1747647668648:,1747647683051
counter/10/0/0/0,23993:1747647667970:,1747647683051
counter/3/0/0/0,22801:1747647668615:,1747647683051
counter/1/0/0/0,22816:1747647669663:,1747647683051
counter/8/0/0/0,26638:1747647670874:,1747647683051
counter/8/0/0/0,26639:1747647670874:,1747647683051
counter/8/0/0/0,26640:1747647670874:,1747647683051
counter/9/0/0/0,28714:1747647671758:,1747647683051
counter/6/0/0/0,25779:1747647671920:,1747647683051
counter/9/0/0/0,28715:1747647671777:,1747647683051
counter/4/0/0/0,22187:1747647668649:,1747647683051
counter/9/0/0/0,28716:1747647671777:,1747647683051
counter/3/0/0/0,22802:1747647668615:,1747647683051
counter/1/0/0/0,22817:1747647669663:,1747647683051
counter/8/0/0/0,26641:1747647670874:,1747647683051
counter/8/0/0/0,26642:1747647670892:,1747647683051
counter/8/0/0/0,26643:1747647670892:,1747647683051
counter/8/0/0/0,26644:1747647670892:,1747647683051
counter/8/0/0/0,26645:1747647670892:,1747647683051
counter/8/0/0/0,26646:1747647670892:,1747647683051
counter/8/0/0/0,26647:1747647670892:,1747647683051
counter/8/0/0/0,26648:1747647670894:,1747647683051
counter/8/0/0/0,26649:1747647670894:,1747647683051
counter/8/0/0/0,26650:1747647670894:,1747647683051
counter/8/0/0/0,26651:1747647670894:,1747647683051
counter/8/0/0/0,26652:1747647670895:,1747647683051
counter/6/0/0/0,25780:1747647671921:,1747647683051
counter/4/0/0/0,22188:1747647668649:,1747647683051
counter/6/0/0/0,25781:1747647671921:,1747647683051
counter/9/0/0/0,28717:1747647671777:,1747647683051
counter/1/0/0/0,22818:1747647669663:,1747647683051
counter/1/0/0/0,22819:1747647669663:,1747647683051
counter/1/0/0/0,22820:1747647669663:,1747647683051
counter/1/0/0/0,22821:1747647669663:,1747647683051
counter/1/0/0/0,22822:1747647669663:,1747647683051
counter/1/0/0/0,22823:1747647669663:,1747647683051
counter/1/0/0/0,22824:1747647669663:,1747647683051
counter/1/0/0/0,22825:1747647669663:,1747647683051
counter/1/0/0/0,22826:1747647669664:,1747647683051
counter/1/0/0/0,22827:1747647669664:,1747647683052
counter/1/0/0/0,22828:1747647669664:,1747647683052
counter/2/0/0/0,28557:1747647673165:,1747647683052
counter/8/0/0/0,26653:1747647670895:,1747647683052
counter/2/0/0/0,28558:1747647673165:,1747647683052
counter/5/0/0/0,26169:1747647671100:,1747647683052
counter/3/0/0/0,22803:1747647668620:,1747647683052
counter/6/0/0/0,25782:1747647671921:,1747647683052
counter/9/0/0/0,28718:1747647671777:,1747647683052
counter/1/0/0/0,22829:1747647669664:,1747647683052
counter/9/0/0/0,28719:1747647671777:,1747647683052
counter/4/0/0/0,22189:1747647668664:,1747647683052
counter/10/0/0/0,23994:1747647667970:,1747647683052
counter/8/0/0/0,26654:1747647670895:,1747647683052
counter/8/0/0/0,26655:1747647670895:,1747647683052
counter/8/0/0/0,26656:1747647670895:,1747647683052
counter/2/0/0/0,28559:1747647673166:,1747647683052
counter/6/0/0/0,25783:1747647671921:,1747647683052
counter/1/0/0/0,22830:1747647669664:,1747647683052
counter/6/0/0/0,25784:1747647671928:,1747647683052
counter/6/0/0/0,25785:1747647671935:,1747647683052
counter/4/0/0/0,22190:1747647668664:,1747647683052
counter/10/0/0/0,23995:1747647667970:,1747647683052
counter/7/0/0/0,25546:1747647670796:,1747647683052
counter/8/0/0/0,26657:1747647670903:,1747647683052
counter/7/0/0/0,25547:1747647670796:,1747647683052
counter/2/0/0/0,28560:1747647673166:,1747647683052
counter/1/0/0/0,22831:1747647669664:,1747647683052
counter/1/0/0/0,22832:1747647669664:,1747647683052
counter/1/0/0/0,22833:1747647669664:,1747647683052
counter/1/0/0/0,22834:1747647669664:,1747647683052
counter/1/0/0/0,22835:1747647669664:,1747647683052
counter/1/0/0/0,22836:1747647669664:,1747647683052
counter/1/0/0/0,22837:1747647669665:,1747647683052
counter/1/0/0/0,22838:1747647669667:,1747647683052
counter/1/0/0/0,22839:1747647669668:,1747647683052
counter/1/0/0/0,22840:1747647669668:,1747647683052
counter/2/0/0/0,28561:1747647673168:,1747647683052
counter/2/0/0/0,28562:1747647673169:,1747647683052
counter/3/0/0/0,22804:1747647668621:,1747647683052
counter/10/0/0/0,23996:1747647667970:,1747647683053
counter/2/0/0/0,28563:1747647673169:,1747647683053
counter/5/0/0/0,26170:1747647671100:,1747647683053
counter/2/0/0/0,28564:1747647673169:,1747647683053
counter/1/0/0/0,22841:1747647669668:,1747647683053
counter/2/0/0/0,28565:1747647673169:,1747647683053
counter/6/0/0/0,25786:1747647671935:,1747647683053
counter/9/0/0/0,28720:1747647671777:,1747647683053
counter/9/0/0/0,28721:1747647671777:,1747647683053
counter/3/0/0/0,22805:1747647668621:,1747647683053
counter/10/0/0/0,23997:1747647667970:,1747647683053
counter/3/0/0/0,22806:1747647668621:,1747647683053
counter/3/0/0/0,22807:1747647668621:,1747647683053
counter/3/0/0/0,22808:1747647668621:,1747647683053
counter/3/0/0/0,22809:1747647668621:,1747647683053
counter/4/0/0/0,22191:1747647668664:,1747647683053
counter/6/0/0/0,25787:1747647671935:,1747647683053
counter/9/0/0/0,28722:1747647671777:,1747647683053
counter/10/0/0/0,23998:1747647667970:,1747647683053
counter/7/0/0/0,25548:1747647670796:,1747647683053
counter/8/0/0/0,26658:1747647670903:,1747647683053
counter/8/0/0/0,26659:1747647670903:,1747647683053
counter/8/0/0/0,26660:1747647670903:,1747647683053
counter/1/0/0/0,22842:1747647669668:,1747647683053
counter/2/0/0/0,28566:1747647673169:,1747647683053
counter/1/0/0/0,22843:1747647669668:,1747647683053
counter/1/0/0/0,22844:1747647669668:,1747647683053
counter/9/0/0/0,28723:1747647671777:,1747647683053
counter/9/0/0/0,28724:1747647671777:,1747647683053
counter/7/0/0/0,25549:1747647670796:,1747647683053
counter/8/0/0/0,26661:1747647670903:,1747647683053
counter/3/0/0/0,22810:1747647668621:,1747647683053
counter/10/0/0/0,23999:1747647667970:,1747647683053
counter/3/0/0/0,22811:1747647668621:,1747647683053
counter/2/0/0/0,28567:1747647673169:,1747647683053
counter/3/0/0/0,22812:1747647668621:,1747647683053
counter/3/0/0/0,22813:1747647668622:,1747647683053
counter/3/0/0/0,22814:1747647668622:,1747647683053
counter/3/0/0/0,22815:1747647668622:,1747647683054
counter/5/0/0/0,26171:1747647671103:,1747647683054
counter/3/0/0/0,22816:1747647668622:,1747647683054
counter/5/0/0/0,26172:1747647671103:,1747647683054
counter/5/0/0/0,26173:1747647671103:,1747647683054
counter/6/0/0/0,25788:1747647671935:,1747647683054
counter/1/0/0/0,22845:1747647669668:,1747647683054
counter/6/0/0/0,25789:1747647671935:,1747647683054
counter/9/0/0/0,28725:1747647671777:,1747647683054
counter/8/0/0/0,26662:1747647670903:,1747647683054
counter/8/0/0/0,26663:1747647670903:,1747647683054
counter/8/0/0/0,26664:1747647670903:,1747647683054
counter/2/0/0/0,28568:1747647673169:,1747647683054
counter/5/0/0/0,26174:1747647671103:,1747647683054
counter/5/0/0/0,26175:1747647671103:,1747647683054
counter/1/0/0/0,22846:1747647669668:,1747647683054
counter/1/0/0/0,22847:1747647669668:,1747647683054
counter/1/0/0/0,22848:1747647669668:,1747647683054
counter/1/0/0/0,22849:1747647669668:,1747647683054
counter/1/0/0/0,22850:1747647669668:,1747647683054
counter/7/0/0/0,25550:1747647670796:,1747647683054
counter/8/0/0/0,26665:1747647670903:,1747647683054
counter/8/0/0/0,26666:1747647670903:,1747647683054
counter/8/0/0/0,26667:1747647670903:,1747647683054
counter/8/0/0/0,26668:1747647670903:,1747647683054
counter/8/0/0/0,26669:1747647670905:,1747647683054
counter/8/0/0/0,26670:1747647670923:,1747647683054
counter/8/0/0/0,26671:1747647670924:,1747647683054
counter/8/0/0/0,26672:1747647670924:,1747647683054
counter/8/0/0/0,26673:1747647670933:,1747647683054
counter/8/0/0/0,26674:1747647670933:,1747647683054
counter/9/0/0/0,28726:1747647671779:,1747647683054
counter/10/0/0/0,24000:1747647667970:,1747647683054
counter/6/0/0/0,25790:1747647671939:,1747647683054
counter/3/0/0/0,22817:1747647668622:,1747647683054
counter/1/0/0/0,22851:1747647669668:,1747647683054
counter/1/0/0/0,22852:1747647669668:,1747647683054
counter/1/0/0/0,22853:1747647669668:,1747647683054
counter/1/0/0/0,22854:1747647669669:,1747647683055
counter/5/0/0/0,26176:1747647671103:,1747647683055
counter/5/0/0/0,26177:1747647671103:,1747647683055
counter/5/0/0/0,26178:1747647671103:,1747647683055
counter/5/0/0/0,26179:1747647671103:,1747647683055
counter/5/0/0/0,26180:1747647671103:,1747647683055
counter/6/0/0/0,25791:1747647671960:,1747647683055
counter/2/0/0/0,28569:1747647673169:,1747647683055
counter/1/0/0/0,22855:1747647669669:,1747647683055
counter/1/0/0/0,22856:1747647669669:,1747647683055
counter/7/0/0/0,25551:1747647670800:,1747647683055
counter/9/0/0/0,28727:1747647671780:,1747647683055
counter/3/0/0/0,22818:1747647668622:,1747647683055
counter/5/0/0/0,26181:1747647671103:,1747647683055
counter/5/0/0/0,26182:1747647671103:,1747647683055
counter/5/0/0/0,26183:1747647671103:,1747647683055
counter/10/0/0/0,24001:1747647667970:,1747647683055
counter/6/0/0/0,25792:1747647671965:,1747647683055
counter/1/0/0/0,22857:1747647669669:,1747647683055
counter/6/0/0/0,25793:1747647671965:,1747647683055
counter/6/0/0/0,25794:1747647671965:,1747647683055
counter/6/0/0/0,25795:1747647671965:,1747647683055
counter/6/0/0/0,25796:1747647671965:,1747647683055
counter/6/0/0/0,25797:1747647671965:,1747647683055
counter/6/0/0/0,25798:1747647671965:,1747647683055
counter/6/0/0/0,25799:1747647671965:,1747647683055
counter/6/0/0/0,25800:1747647671965:,1747647683055
counter/6/0/0/0,25801:1747647671988:,1747647683055
counter/6/0/0/0,25802:1747647671988:,1747647683055
counter/9/0/0/0,28728:1747647671780:,1747647683055
counter/3/0/0/0,22819:1747647668622:,1747647683055
counter/5/0/0/0,26184:1747647671103:,1747647683055
counter/2/0/0/0,28570:1747647673169:,1747647683055
counter/8/0/0/0,26675:1747647670933:,1747647683055
counter/1/0/0/0,22858:1747647669669:,1747647683055
counter/1/0/0/0,22859:1747647669670:,1747647683055
counter/1/0/0/0,22860:1747647669671:,1747647683056
counter/6/0/0/0,25803:1747647671994:,1747647683056
counter/6/0/0/0,25804:1747647671995:,1747647683056
counter/9/0/0/0,28729:1747647671780:,1747647683056
counter/7/0/0/0,25552:1747647670800:,1747647683056
counter/5/0/0/0,26185:1747647671103:,1747647683056
counter/2/0/0/0,28571:1747647673169:,1747647683056
counter/8/0/0/0,26676:1747647670933:,1747647683056
counter/8/0/0/0,26677:1747647670933:,1747647683056
counter/4/0/0/0,22192:1747647668664:,1747647683056
counter/4/0/0/0,22193:1747647668664:,1747647683056
counter/10/0/0/0,24002:1747647667970:,1747647683056
counter/3/0/0/0,22820:1747647668623:,1747647683056
counter/9/0/0/0,28730:1747647671780:,1747647683056
counter/9/0/0/0,28731:1747647671780:,1747647683056
counter/9/0/0/0,28732:1747647671780:,1747647683056
counter/9/0/0/0,28733:1747647671780:,1747647683056
counter/1/0/0/0,22861:1747647669671:,1747647683056
counter/8/0/0/0,26678:1747647670933:,1747647683056
counter/8/0/0/0,26679:1747647670944:,1747647683056
counter/4/0/0/0,22194:1747647668664:,1747647683056
counter/3/0/0/0,22821:1747647668623:,1747647683056
counter/3/0/0/0,22822:1747647668623:,1747647683056
counter/3/0/0/0,22823:1747647668623:,1747647683056
counter/3/0/0/0,22824:1747647668629:,1747647683056
counter/9/0/0/0,28734:1747647671784:,1747647683056
counter/9/0/0/0,28735:1747647671784:,1747647683056
counter/1/0/0/0,22862:1747647669671:,1747647683056
counter/1/0/0/0,22863:1747647669671:,1747647683056
counter/1/0/0/0,22864:1747647669671:,1747647683056
counter/1/0/0/0,22865:1747647669671:,1747647683056
counter/1/0/0/0,22866:1747647669671:,1747647683056
counter/1/0/0/0,22867:1747647669680:,1747647683056
counter/5/0/0/0,26186:1747647671103:,1747647683056
counter/3/0/0/0,22825:1747647668630:,1747647683056
counter/9/0/0/0,28736:1747647671784:,1747647683056
counter/9/0/0/0,28737:1747647671784:,1747647683056
counter/6/0/0/0,25805:1747647671995:,1747647683056
counter/8/0/0/0,26680:1747647670944:,1747647683056
counter/6/0/0/0,25806:1747647671995:,1747647683056
counter/6/0/0/0,25807:1747647671995:,1747647683056
counter/1/0/0/0,22868:1747647669680:,1747647683056
counter/7/0/0/0,25553:1747647670800:,1747647683057
counter/5/0/0/0,26187:1747647671103:,1747647683057
counter/5/0/0/0,26188:1747647671103:,1747647683057
counter/5/0/0/0,26189:1747647671103:,1747647683057
counter/5/0/0/0,26190:1747647671105:,1747647683057
counter/5/0/0/0,26191:1747647671105:,1747647683057
counter/5/0/0/0,26192:1747647671105:,1747647683057
counter/5/0/0/0,26193:1747647671117:,1747647683057
counter/5/0/0/0,26194:1747647671118:,1747647683057
counter/5/0/0/0,26195:1747647671118:,1747647683057
counter/5/0/0/0,26196:1747647671118:,1747647683057
counter/5/0/0/0,26197:1747647671118:,1747647683057
counter/5/0/0/0,26198:1747647671118:,1747647683057
counter/5/0/0/0,26199:1747647671118:,1747647683057
counter/5/0/0/0,26200:1747647671118:,1747647683057
counter/10/0/0/0,24003:1747647667970:,1747647683057
counter/4/0/0/0,22195:1747647668664:,1747647683057
counter/10/0/0/0,24004:1747647667970:,1747647683057
counter/7/0/0/0,25554:1747647670800:,1747647683057
counter/9/0/0/0,28738:1747647671785:,1747647683057
counter/7/0/0/0,25555:1747647670816:,1747647683057
counter/5/0/0/0,26201:1747647671119:,1747647683057
counter/1/0/0/0,22869:1747647669680:,1747647683057
counter/1/0/0/0,22870:1747647669680:,1747647683057
counter/8/0/0/0,26681:1747647670945:,1747647683057
counter/4/0/0/0,22196:1747647668664:,1747647683057
counter/6/0/0/0,25808:1747647671995:,1747647683057
counter/10/0/0/0,24005:1747647667984:,1747647683057
counter/9/0/0/0,28739:1747647671785:,1747647683057
counter/10/0/0/0,24006:1747647667984:,1747647683057
counter/7/0/0/0,25556:1747647670816:,1747647683057
counter/5/0/0/0,26202:1747647671119:,1747647683057
counter/7/0/0/0,25557:1747647670816:,1747647683057
counter/1/0/0/0,22871:1747647669681:,1747647683057
counter/8/0/0/0,26682:1747647670945:,1747647683057
counter/4/0/0/0,22197:1747647668664:,1747647683057
counter/4/0/0/0,22198:1747647668664:,1747647683057
counter/9/0/0/0,28740:1747647671785:,1747647683057
counter/9/0/0/0,28741:1747647671785:,1747647683057
counter/9/0/0/0,28742:1747647671785:,1747647683057
counter/9/0/0/0,28743:1747647671785:,1747647683058
counter/9/0/0/0,28744:1747647671785:,1747647683058
counter/9/0/0/0,28745:1747647671785:,1747647683058
counter/9/0/0/0,28746:1747647671785:,1747647683058
counter/9/0/0/0,28747:1747647671785:,1747647683058
counter/6/0/0/0,25809:1747647671995:,1747647683058
counter/4/0/0/0,22199:1747647668664:,1747647683058
counter/6/0/0/0,25810:1747647671995:,1747647683058
counter/5/0/0/0,26203:1747647671119:,1747647683058
counter/3/0/0/0,22826:1747647668630:,1747647683058
counter/1/0/0/0,22872:1747647669681:,1747647683058
counter/8/0/0/0,26683:1747647670945:,1747647683058
counter/8/0/0/0,26684:1747647670945:,1747647683058
counter/8/0/0/0,26685:1747647670945:,1747647683058
counter/8/0/0/0,26686:1747647670945:,1747647683058
counter/8/0/0/0,26687:1747647670945:,1747647683058
counter/8/0/0/0,26688:1747647670945:,1747647683058
counter/8/0/0/0,26689:1747647670945:,1747647683058
counter/6/0/0/0,25811:1747647671995:,1747647683058
counter/1/0/0/0,22873:1747647669681:,1747647683058
counter/6/0/0/0,25812:1747647671995:,1747647683058
counter/6/0/0/0,25813:1747647671995:,1747647683058
counter/9/0/0/0,28748:1747647671792:,1747647683058
counter/6/0/0/0,25814:1747647671995:,1747647683058
counter/4/0/0/0,22200:1747647668665:,1747647683058
counter/8/0/0/0,26690:1747647670945:,1747647683058
counter/8/0/0/0,26691:1747647670945:,1747647683058
counter/8/0/0/0,26692:1747647670945:,1747647683058
counter/8/0/0/0,26693:1747647670945:,1747647683058
counter/8/0/0/0,26694:1747647670945:,1747647683058
counter/8/0/0/0,26695:1747647670948:,1747647683058
counter/8/0/0/0,26696:1747647670948:,1747647683058
counter/8/0/0/0,26697:1747647670948:,1747647683058
counter/8/0/0/0,26698:1747647670948:,1747647683058
counter/8/0/0/0,26699:1747647670948:,1747647683058
counter/8/0/0/0,26700:1747647670949:,1747647683058
counter/8/0/0/0,26701:1747647670949:,1747647683058
counter/8/0/0/0,26702:1747647670949:,1747647683058
counter/8/0/0/0,26703:1747647670949:,1747647683059
counter/2/0/0/0,28572:1747647673169:,1747647683059
counter/4/0/0/0,22201:1747647668665:,1747647683059
counter/4/0/0/0,22202:1747647668665:,1747647683059
counter/4/0/0/0,22203:1747647668666:,1747647683059
counter/4/0/0/0,22204:1747647668666:,1747647683059
counter/4/0/0/0,22205:1747647668667:,1747647683059
counter/4/0/0/0,22206:1747647668667:,1747647683059
counter/6/0/0/0,25815:1747647671995:,1747647683059
counter/3/0/0/0,22827:1747647668630:,1747647683059
counter/6/0/0/0,25816:1747647671995:,1747647683059
counter/2/0/0/0,28573:1747647673169:,1747647683059
counter/6/0/0/0,25817:1747647671995:,1747647683059
counter/9/0/0/0,28749:1747647671802:,1747647683059
counter/8/0/0/0,26704:1747647670949:,1747647683059
counter/1/0/0/0,22874:1747647669681:,1747647683059
counter/1/0/0/0,22875:1747647669681:,1747647683059
counter/1/0/0/0,22876:1747647669681:,1747647683059
counter/1/0/0/0,22877:1747647669681:,1747647683059
counter/10/0/0/0,24007:1747647667984:,1747647683059
counter/2/0/0/0,28574:1747647673169:,1747647683059
counter/7/0/0/0,25558:1747647670816:,1747647683059
counter/8/0/0/0,26705:1747647670949:,1747647683059
counter/8/0/0/0,26706:1747647670949:,1747647683059
counter/6/0/0/0,25818:1747647672001:,1747647683059
counter/5/0/0/0,26204:1747647671119:,1747647683059
counter/1/0/0/0,22878:1747647669681:,1747647683059
counter/1/0/0/0,22879:1747647669681:,1747647683059
counter/1/0/0/0,22880:1747647669681:,1747647683059
counter/1/0/0/0,22881:1747647669681:,1747647683059
counter/1/0/0/0,22882:1747647669681:,1747647683059
counter/1/0/0/0,22883:1747647669682:,1747647683059
counter/7/0/0/0,25559:1747647670819:,1747647683059
counter/9/0/0/0,28750:1747647671802:,1747647683059
counter/7/0/0/0,25560:1747647670820:,1747647683059
counter/5/0/0/0,26205:1747647671119:,1747647683059
counter/2/0/0/0,28575:1747647673169:,1747647683059
counter/3/0/0/0,22828:1747647668630:,1747647683059
counter/3/0/0/0,22829:1747647668630:,1747647683060
counter/1/0/0/0,22884:1747647669682:,1747647683060
counter/1/0/0/0,22885:1747647669682:,1747647683060
counter/1/0/0/0,22886:1747647669682:,1747647683060
counter/1/0/0/0,22887:1747647669682:,1747647683060
counter/5/0/0/0,26206:1747647671119:,1747647683060
counter/5/0/0/0,26207:1747647671119:,1747647683060
counter/5/0/0/0,26208:1747647671119:,1747647683060
counter/5/0/0/0,26209:1747647671119:,1747647683060
counter/5/0/0/0,26210:1747647671121:,1747647683060
counter/5/0/0/0,26211:1747647671121:,1747647683060
counter/5/0/0/0,26212:1747647671121:,1747647683060
counter/5/0/0/0,26213:1747647671121:,1747647683060
counter/5/0/0/0,26214:1747647671121:,1747647683060
counter/5/0/0/0,26215:1747647671121:,1747647683060
counter/5/0/0/0,26216:1747647671121:,1747647683060
counter/5/0/0/0,26217:1747647671121:,1747647683060
counter/6/0/0/0,25819:1747647672001:,1747647683060
counter/3/0/0/0,22830:1747647668630:,1747647683060
counter/6/0/0/0,25820:1747647672002:,1747647683060
counter/9/0/0/0,28751:1747647671802:,1747647683060
counter/1/0/0/0,22888:1747647669683:,1747647683060
counter/9/0/0/0,28752:1747647671802:,1747647683060
counter/4/0/0/0,22207:1747647668667:,1747647683060
counter/2/0/0/0,28576:1747647673169:,1747647683060
counter/8/0/0/0,26707:1747647670949:,1747647683060
counter/2/0/0/0,28577:1747647673169:,1747647683060
counter/2/0/0/0,28578:1747647673169:,1747647683060
counter/2/0/0/0,28579:1747647673174:,1747647683060
counter/2/0/0/0,28580:1747647673174:,1747647683060
counter/2/0/0/0,28581:1747647673174:,1747647683060
counter/2/0/0/0,28582:1747647673174:,1747647683060
counter/2/0/0/0,28583:1747647673174:,1747647683060
counter/7/0/0/0,25561:1747647670820:,1747647683060
counter/8/0/0/0,26708:1747647670949:,1747647683060
counter/7/0/0/0,25562:1747647670820:,1747647683060
counter/10/0/0/0,24008:1747647667984:,1747647683060
counter/3/0/0/0,22831:1747647668630:,1747647683060
counter/1/0/0/0,22889:1747647669683:,1747647683060
counter/6/0/0/0,25821:1747647672002:,1747647683061
counter/2/0/0/0,28584:1747647673174:,1747647683061
counter/4/0/0/0,22208:1747647668667:,1747647683061
counter/9/0/0/0,28753:1747647671802:,1747647683061
counter/8/0/0/0,26709:1747647670953:,1747647683061
counter/8/0/0/0,26710:1747647670953:,1747647683061
counter/8/0/0/0,26711:1747647670953:,1747647683061
counter/8/0/0/0,26712:1747647670953:,1747647683061
counter/8/0/0/0,26713:1747647670953:,1747647683061
counter/8/0/0/0,26714:1747647670953:,1747647683061
counter/8/0/0/0,26715:1747647670953:,1747647683061
counter/8/0/0/0,26716:1747647670953:,1747647683061
counter/8/0/0/0,26717:1747647670953:,1747647683061
counter/8/0/0/0,26718:1747647670953:,1747647683061
counter/8/0/0/0,26719:1747647670953:,1747647683061
counter/8/0/0/0,26720:1747647670953:,1747647683061
counter/8/0/0/0,26721:1747647670953:,1747647683061
counter/8/0/0/0,26722:1747647670986:,1747647683061
counter/8/0/0/0,26723:1747647670986:,1747647683061
counter/8/0/0/0,26724:1747647670986:,1747647683061
counter/8/0/0/0,26725:1747647670986:,1747647683061
counter/8/0/0/0,26726:1747647670986:,1747647683061
counter/8/0/0/0,26727:1747647670986:,1747647683061
counter/8/0/0/0,26728:1747647670986:,1747647683061
counter/10/0/0/0,24009:1747647667984:,1747647683061
counter/8/0/0/0,26729:1747647670986:,1747647683061
counter/2/0/0/0,28585:1747647673174:,1747647683061
counter/8/0/0/0,26730:1747647670986:,1747647683061
counter/10/0/0/0,24010:1747647667984:,1747647683061
counter/3/0/0/0,22832:1747647668630:,1747647683061
counter/9/0/0/0,28754:1747647671802:,1747647683061
counter/1/0/0/0,22890:1747647669683:,1747647683061
counter/1/0/0/0,22891:1747647669683:,1747647683061
counter/1/0/0/0,22892:1747647669683:,1747647683061
counter/6/0/0/0,25822:1747647672002:,1747647683061
counter/1/0/0/0,22893:1747647669683:,1747647683061
counter/2/0/0/0,28586:1747647673174:,1747647683061
counter/1/0/0/0,22894:1747647669683:,1747647683061
counter/6/0/0/0,25823:1747647672002:,1747647683061
counter/10/0/0/0,24011:1747647667984:,1747647683061
counter/3/0/0/0,22833:1747647668630:,1747647683061
counter/10/0/0/0,24012:1747647667984:,1747647683061
counter/8/0/0/0,26731:1747647670986:,1747647683062
counter/10/0/0/0,24013:1747647667984:,1747647683062
counter/1/0/0/0,22895:1747647669683:,1747647683062
counter/1/0/0/0,22896:1747647669683:,1747647683062
counter/1/0/0/0,22897:1747647669683:,1747647683062
counter/1/0/0/0,22898:1747647669683:,1747647683062
counter/1/0/0/0,22899:1747647669683:,1747647683062
counter/1/0/0/0,22900:1747647669688:,1747647683062
counter/7/0/0/0,25563:1747647670822:,1747647683062
counter/8/0/0/0,26732:1747647670986:,1747647683062
counter/7/0/0/0,25564:1747647670823:,1747647683062
counter/7/0/0/0,25565:1747647670823:,1747647683062
counter/2/0/0/0,28587:1747647673174:,1747647683062
counter/7/0/0/0,25566:1747647670823:,1747647683062
counter/7/0/0/0,25567:1747647670823:,1747647683062
counter/1/0/0/0,22901:1747647669688:,1747647683062
counter/6/0/0/0,25824:1747647672002:,1747647683062
counter/3/0/0/0,22834:1747647668630:,1747647683062
counter/6/0/0/0,25825:1747647672002:,1747647683062
counter/5/0/0/0,26218:1747647671122:,1747647683062
counter/7/0/0/0,25568:1747647670823:,1747647683062
counter/2/0/0/0,28588:1747647673174:,1747647683062
counter/7/0/0/0,25569:1747647670823:,1747647683062
counter/1/0/0/0,22902:1747647669688:,1747647683062
counter/1/0/0/0,22903:1747647669688:,1747647683062
counter/1/0/0/0,22904:1747647669688:,1747647683062
counter/1/0/0/0,22905:1747647669688:,1747647683062
counter/1/0/0/0,22906:1747647669688:,1747647683062
counter/6/0/0/0,25826:1747647672002:,1747647683062
counter/10/0/0/0,24014:1747647667984:,1747647683062
counter/2/0/0/0,28589:1747647673174:,1747647683062
counter/10/0/0/0,24015:1747647667984:,1747647683062
counter/7/0/0/0,25570:1747647670823:,1747647683062
counter/8/0/0/0,26733:1747647670987:,1747647683062
counter/3/0/0/0,22835:1747647668630:,1747647683062
counter/5/0/0/0,26219:1747647671122:,1747647683062
counter/4/0/0/0,22209:1747647668667:,1747647683062
counter/4/0/0/0,22210:1747647668667:,1747647683062
counter/4/0/0/0,22211:1747647668667:,1747647683062
counter/4/0/0/0,22212:1747647668667:,1747647683062
counter/4/0/0/0,22213:1747647668667:,1747647683063
counter/4/0/0/0,22214:1747647668667:,1747647683063
counter/4/0/0/0,22215:1747647668667:,1747647683063
counter/4/0/0/0,22216:1747647668667:,1747647683063
counter/4/0/0/0,22217:1747647668667:,1747647683063
counter/4/0/0/0,22218:1747647668667:,1747647683063
counter/5/0/0/0,26220:1747647671122:,1747647683063
counter/4/0/0/0,22219:1747647668667:,1747647683063
counter/6/0/0/0,25827:1747647672002:,1747647683063
counter/6/0/0/0,25828:1747647672002:,1747647683063
counter/10/0/0/0,24016:1747647667984:,1747647683063
counter/10/0/0/0,24017:1747647667984:,1747647683063
counter/3/0/0/0,22836:1747647668630:,1747647683063
counter/2/0/0/0,28590:1747647673174:,1747647683063
counter/4/0/0/0,22220:1747647668667:,1747647683063
counter/4/0/0/0,22221:1747647668667:,1747647683063
counter/4/0/0/0,22222:1747647668667:,1747647683063
counter/4/0/0/0,22223:1747647668667:,1747647683063
counter/4/0/0/0,22224:1747647668667:,1747647683063
counter/4/0/0/0,22225:1747647668668:,1747647683063
counter/6/0/0/0,25829:1747647672002:,1747647683063
counter/3/0/0/0,22837:1747647668630:,1747647683063
counter/7/0/0/0,25571:1747647670837:,1747647683063
counter/2/0/0/0,28591:1747647673174:,1747647683063
counter/6/0/0/0,25830:1747647672002:,1747647683063
counter/5/0/0/0,26221:1747647671122:,1747647683063
counter/6/0/0/0,25831:1747647672002:,1747647683063
counter/4/0/0/0,22226:1747647668668:,1747647683063
counter/6/0/0/0,25832:1747647672002:,1747647683063
counter/3/0/0/0,22838:1747647668630:,1747647683063
counter/3/0/0/0,22839:1747647668630:,1747647683063
counter/3/0/0/0,22840:1747647668630:,1747647683063
counter/3/0/0/0,22841:1747647668630:,1747647683063
counter/3/0/0/0,22842:1747647668630:,1747647683063
counter/3/0/0/0,22843:1747647668630:,1747647683063
counter/3/0/0/0,22844:1747647668630:,1747647683063
counter/3/0/0/0,22845:1747647668630:,1747647683064
counter/3/0/0/0,22846:1747647668630:,1747647683064
counter/3/0/0/0,22847:1747647668630:,1747647683064
counter/3/0/0/0,22848:1747647668630:,1747647683064
counter/3/0/0/0,22849:1747647668630:,1747647683064
counter/3/0/0/0,22850:1747647668630:,1747647683064
counter/3/0/0/0,22851:1747647668630:,1747647683064
counter/3/0/0/0,22852:1747647668631:,1747647683064
counter/3/0/0/0,22853:1747647668631:,1747647683064
counter/1/0/0/0,22907:1747647669688:,1747647683064
counter/3/0/0/0,22854:1747647668631:,1747647683064
counter/1/0/0/0,22908:1747647669688:,1747647683064
counter/3/0/0/0,22855:1747647668631:,1747647683064
counter/1/0/0/0,22909:1747647669688:,1747647683064
counter/1/0/0/0,22910:1747647669688:,1747647683064
counter/7/0/0/0,25572:1747647670837:,1747647683064
counter/5/0/0/0,26222:1747647671122:,1747647683064
counter/7/0/0/0,25573:1747647670837:,1747647683064
counter/7/0/0/0,25574:1747647670837:,1747647683064
counter/7/0/0/0,25575:1747647670837:,1747647683064
counter/7/0/0/0,25576:1747647670837:,1747647683064
counter/7/0/0/0,25577:1747647670837:,1747647683064
counter/7/0/0/0,25578:1747647670837:,1747647683064
counter/7/0/0/0,25579:1747647670837:,1747647683064
counter/7/0/0/0,25580:1747647670837:,1747647683064
counter/7/0/0/0,25581:1747647670837:,1747647683064
counter/7/0/0/0,25582:1747647670837:,1747647683064
counter/7/0/0/0,25583:1747647670837:,1747647683064
counter/3/0/0/0,22856:1747647668631:,1747647683064
counter/3/0/0/0,22857:1747647668638:,1747647683064
counter/2/0/0/0,28592:1747647673174:,1747647683064
counter/1/0/0/0,22911:1747647669688:,1747647683064
counter/1/0/0/0,22912:1747647669688:,1747647683064
counter/1/0/0/0,22913:1747647669688:,1747647683064
counter/8/0/0/0,26734:1747647670987:,1747647683064
counter/4/0/0/0,22227:1747647668668:,1747647683064
counter/4/0/0/0,22228:1747647668668:,1747647683064
counter/4/0/0/0,22229:1747647668670:,1747647683064
counter/4/0/0/0,22230:1747647668670:,1747647683064
counter/4/0/0/0,22231:1747647668670:,1747647683064
counter/4/0/0/0,22232:1747647668670:,1747647683064
counter/9/0/0/0,28755:1747647671802:,1747647683064
counter/4/0/0/0,22233:1747647668670:,1747647683065
counter/1/0/0/0,22914:1747647669694:,1747647683065
counter/8/0/0/0,26735:1747647670999:,1747647683065
counter/8/0/0/0,26736:1747647670999:,1747647683065
counter/8/0/0/0,26737:1747647671001:,1747647683065
counter/8/0/0/0,26738:1747647671001:,1747647683065
counter/8/0/0/0,26739:1747647671001:,1747647683065
counter/8/0/0/0,26740:1747647671001:,1747647683065
counter/8/0/0/0,26741:1747647671001:,1747647683065
counter/8/0/0/0,26742:1747647671001:,1747647683065
counter/8/0/0/0,26743:1747647671001:,1747647683065
counter/8/0/0/0,26744:1747647671001:,1747647683065
counter/8/0/0/0,26745:1747647671001:,1747647683065
counter/8/0/0/0,26746:1747647671001:,1747647683065
counter/10/0/0/0,24018:1747647667984:,1747647683065
counter/8/0/0/0,26747:1747647671001:,1747647683065
counter/7/0/0/0,25584:1747647670841:,1747647683065
counter/4/0/0/0,22234:1747647668670:,1747647683065
counter/7/0/0/0,25585:1747647670841:,1747647683065
counter/1/0/0/0,22915:1747647669695:,1747647683065
counter/3/0/0/0,22858:1747647668638:,1747647683065
counter/6/0/0/0,25833:1747647672002:,1747647683065
counter/8/0/0/0,26748:1747647671001:,1747647683065
counter/6/0/0/0,25834:1747647672002:,1747647683065
counter/2/0/0/0,28593:1747647673177:,1747647683065
counter/10/0/0/0,24019:1747647667984:,1747647683065
counter/9/0/0/0,28756:1747647671802:,1747647683065
counter/4/0/0/0,22235:1747647668670:,1747647683065
counter/4/0/0/0,22236:1747647668670:,1747647683065
counter/4/0/0/0,22237:1747647668670:,1747647683065
counter/3/0/0/0,22859:1747647668638:,1747647683065
counter/8/0/0/0,26749:1747647671001:,1747647683065
counter/8/0/0/0,26750:1747647671002:,1747647683065
counter/8/0/0/0,26751:1747647671002:,1747647683065
counter/8/0/0/0,26752:1747647671002:,1747647683065
counter/8/0/0/0,26753:1747647671002:,1747647683065
counter/8/0/0/0,26754:1747647671002:,1747647683065
counter/8/0/0/0,26755:1747647671002:,1747647683066
counter/8/0/0/0,26756:1747647671002:,1747647683066
counter/8/0/0/0,26757:1747647671003:,1747647683066
counter/8/0/0/0,26758:1747647671003:,1747647683066
counter/8/0/0/0,26759:1747647671003:,1747647683066
counter/8/0/0/0,26760:1747647671003:,1747647683066
counter/8/0/0/0,26761:1747647671003:,1747647683066
counter/8/0/0/0,26762:1747647671003:,1747647683066
counter/8/0/0/0,26763:1747647671003:,1747647683066
counter/8/0/0/0,26764:1747647671003:,1747647683066
counter/8/0/0/0,26765:1747647671003:,1747647683066
counter/8/0/0/0,26766:1747647671004:,1747647683066
counter/8/0/0/0,26767:1747647671004:,1747647683066
counter/8/0/0/0,26768:1747647671004:,1747647683066
counter/8/0/0/0,26769:1747647671005:,1747647683066
counter/8/0/0/0,26770:1747647671005:,1747647683066
counter/8/0/0/0,26771:1747647671005:,1747647683066
counter/8/0/0/0,26772:1747647671005:,1747647683066
counter/8/0/0/0,26773:1747647671006:,1747647683066
counter/8/0/0/0,26774:1747647671007:,1747647683066
counter/8/0/0/0,26775:1747647671007:,1747647683066
counter/8/0/0/0,26776:1747647671007:,1747647683066
counter/8/0/0/0,26777:1747647671007:,1747647683066
counter/8/0/0/0,26778:1747647671007:,1747647683066
counter/8/0/0/0,26779:1747647671007:,1747647683066
counter/8/0/0/0,26780:1747647671007:,1747647683066
counter/8/0/0/0,26781:1747647671007:,1747647683066
counter/8/0/0/0,26782:1747647671007:,1747647683066
counter/7/0/0/0,25586:1747647670841:,1747647683066
counter/8/0/0/0,26783:1747647671007:,1747647683066
counter/8/0/0/0,26784:1747647671007:,1747647683066
counter/7/0/0/0,25587:1747647670841:,1747647683066
counter/4/0/0/0,22238:1747647668670:,1747647683066
counter/3/0/0/0,22860:1747647668638:,1747647683066
counter/1/0/0/0,22916:1747647669695:,1747647683066
counter/2/0/0/0,28594:1747647673177:,1747647683066
counter/10/0/0/0,24020:1747647667984:,1747647683066
counter/9/0/0/0,28757:1747647671802:,1747647683066
counter/5/0/0/0,26223:1747647671122:,1747647683066
counter/5/0/0/0,26224:1747647671122:,1747647683067
counter/6/0/0/0,25835:1747647672002:,1747647683067
counter/4/0/0/0,22239:1747647668670:,1747647683067
counter/3/0/0/0,22861:1747647668638:,1747647683067
counter/1/0/0/0,22917:1747647669695:,1747647683067
counter/1/0/0/0,22918:1747647669695:,1747647683067
counter/1/0/0/0,22919:1747647669696:,1747647683067
counter/1/0/0/0,22920:1747647669697:,1747647683067
counter/1/0/0/0,22921:1747647669697:,1747647683067
counter/1/0/0/0,22922:1747647669698:,1747647683067
counter/1/0/0/0,22923:1747647669698:,1747647683067
counter/1/0/0/0,22924:1747647669698:,1747647683067
counter/1/0/0/0,22925:1747647669711:,1747647683067
counter/1/0/0/0,22926:1747647669711:,1747647683067
counter/10/0/0/0,24021:1747647667984:,1747647683067
counter/1/0/0/0,22927:1747647669711:,1747647683067
counter/5/0/0/0,26225:1747647671122:,1747647683067
counter/1/0/0/0,22928:1747647669711:,1747647683067
counter/5/0/0/0,26226:1747647671122:,1747647683067
counter/1/0/0/0,22929:1747647669712:,1747647683067
counter/5/0/0/0,26227:1747647671122:,1747647683067
counter/5/0/0/0,26228:1747647671122:,1747647683067
counter/5/0/0/0,26229:1747647671122:,1747647683067
counter/5/0/0/0,26230:1747647671122:,1747647683067
counter/5/0/0/0,26231:1747647671122:,1747647683067
counter/5/0/0/0,26232:1747647671122:,1747647683067
counter/5/0/0/0,26233:1747647671124:,1747647683067
counter/5/0/0/0,26234:1747647671124:,1747647683067
counter/6/0/0/0,25836:1747647672002:,1747647683067
counter/5/0/0/0,26235:1747647671124:,1747647683067
counter/5/0/0/0,26236:1747647671124:,1747647683067
counter/6/0/0/0,25837:1747647672002:,1747647683067
counter/1/0/0/0,22930:1747647669712:,1747647683067
counter/6/0/0/0,25838:1747647672002:,1747647683067
counter/4/0/0/0,22240:1747647668670:,1747647683067
counter/10/0/0/0,24022:1747647667984:,1747647683067
counter/3/0/0/0,22862:1747647668638:,1747647683067
counter/5/0/0/0,26237:1747647671124:,1747647683067
counter/5/0/0/0,26238:1747647671124:,1747647683068
counter/5/0/0/0,26239:1747647671124:,1747647683068
counter/9/0/0/0,28758:1747647671812:,1747647683068
counter/1/0/0/0,22931:1747647669712:,1747647683068
counter/1/0/0/0,22932:1747647669712:,1747647683068
counter/1/0/0/0,22933:1747647669712:,1747647683068
counter/1/0/0/0,22934:1747647669712:,1747647683068
counter/1/0/0/0,22935:1747647669712:,1747647683068
counter/1/0/0/0,22936:1747647669712:,1747647683068
counter/1/0/0/0,22937:1747647669712:,1747647683068
counter/1/0/0/0,22938:1747647669712:,1747647683068
counter/1/0/0/0,22939:1747647669720:,1747647683068
counter/1/0/0/0,22940:1747647669720:,1747647683068
counter/1/0/0/0,22941:1747647669720:,1747647683068
counter/1/0/0/0,22942:1747647669720:,1747647683068
counter/6/0/0/0,25839:1747647672002:,1747647683068
counter/2/0/0/0,28595:1747647673177:,1747647683068
counter/5/0/0/0,26240:1747647671124:,1747647683068
counter/5/0/0/0,26241:1747647671124:,1747647683068
counter/5/0/0/0,26242:1747647671128:,1747647683068
counter/5/0/0/0,26243:1747647671129:,1747647683068
counter/5/0/0/0,26244:1747647671129:,1747647683068
counter/5/0/0/0,26245:1747647671129:,1747647683068
counter/5/0/0/0,26246:1747647671129:,1747647683068
counter/5/0/0/0,26247:1747647671129:,1747647683068
counter/5/0/0/0,26248:1747647671129:,1747647683068
counter/6/0/0/0,25840:1747647672002:,1747647683068
counter/10/0/0/0,24023:1747647667985:,1747647683068
counter/6/0/0/0,25841:1747647672010:,1747647683068
counter/1/0/0/0,22943:1747647669720:,1747647683068
counter/6/0/0/0,25842:1747647672010:,1747647683068
counter/3/0/0/0,22863:1747647668638:,1747647683068
counter/4/0/0/0,22241:1747647668673:,1747647683068
counter/5/0/0/0,26249:1747647671129:,1747647683068
counter/2/0/0/0,28596:1747647673177:,1747647683068
counter/8/0/0/0,26785:1747647671007:,1747647683068
counter/8/0/0/0,26786:1747647671007:,1747647683069
counter/8/0/0/0,26787:1747647671007:,1747647683069
counter/8/0/0/0,26788:1747647671007:,1747647683069
counter/8/0/0/0,26789:1747647671007:,1747647683069
counter/7/0/0/0,25588:1747647670841:,1747647683069
counter/7/0/0/0,25589:1747647670841:,1747647683069
counter/4/0/0/0,22242:1747647668673:,1747647683069
counter/5/0/0/0,26250:1747647671129:,1747647683069
counter/2/0/0/0,28597:1747647673177:,1747647683069
counter/2/0/0/0,28598:1747647673184:,1747647683069
counter/1/0/0/0,22944:1747647669720:,1747647683069
counter/10/0/0/0,24024:1747647667993:,1747647683069
counter/8/0/0/0,26790:1747647671008:,1747647683069
counter/10/0/0/0,24025:1747647667993:,1747647683069
counter/10/0/0/0,24026:1747647667994:,1747647683069
counter/10/0/0/0,24027:1747647667994:,1747647683069
counter/10/0/0/0,24028:1747647667994:,1747647683069
counter/5/0/0/0,26251:1747647671129:,1747647683069
counter/2/0/0/0,28599:1747647673184:,1747647683069
counter/2/0/0/0,28600:1747647673184:,1747647683069
counter/2/0/0/0,28601:1747647673209:,1747647683069
counter/2/0/0/0,28602:1747647673209:,1747647683069
counter/2/0/0/0,28603:1747647673218:,1747647683069
counter/2/0/0/0,28604:1747647673218:,1747647683069
counter/2/0/0/0,28605:1747647673218:,1747647683069
counter/2/0/0/0,28606:1747647673218:,1747647683069
counter/2/0/0/0,28607:1747647673218:,1747647683069
counter/5/0/0/0,26252:1747647671129:,1747647683069
counter/1/0/0/0,22945:1747647669720:,1747647683069
counter/3/0/0/0,22864:1747647668638:,1747647683069
counter/8/0/0/0,26791:1747647671008:,1747647683069
counter/6/0/0/0,25843:1747647672010:,1747647683069
counter/4/0/0/0,22243:1747647668673:,1747647683069
counter/6/0/0/0,25844:1747647672010:,1747647683069
counter/2/0/0/0,28608:1747647673218:,1747647683069
counter/6/0/0/0,25845:1747647672020:,1747647683069
counter/9/0/0/0,28759:1747647671812:,1747647683069
counter/5/0/0/0,26253:1747647671129:,1747647683069
counter/1/0/0/0,22946:1747647669720:,1747647683069
counter/3/0/0/0,22865:1747647668638:,1747647683069
counter/8/0/0/0,26792:1747647671008:,1747647683070
counter/4/0/0/0,22244:1747647668673:,1747647683070
counter/10/0/0/0,24029:1747647667994:,1747647683070
counter/2/0/0/0,28609:1747647673219:,1747647683070
counter/2/0/0/0,28610:1747647673219:,1747647683070
counter/2/0/0/0,28611:1747647673219:,1747647683070
counter/2/0/0/0,28612:1747647673219:,1747647683070
counter/2/0/0/0,28613:1747647673219:,1747647683070
counter/2/0/0/0,28614:1747647673219:,1747647683070
counter/2/0/0/0,28615:1747647673219:,1747647683070
counter/2/0/0/0,28616:1747647673219:,1747647683070
counter/2/0/0/0,28617:1747647673219:,1747647683070
counter/2/0/0/0,28618:1747647673219:,1747647683070
counter/10/0/0/0,24030:1747647667994:,1747647683070
counter/7/0/0/0,25590:1747647670841:,1747647683070
counter/5/0/0/0,26254:1747647671129:,1747647683070
counter/7/0/0/0,25591:1747647670841:,1747647683070
counter/3/0/0/0,22866:1747647668638:,1747647683070
counter/8/0/0/0,26793:1747647671008:,1747647683070
counter/4/0/0/0,22245:1747647668674:,1747647683070
counter/2/0/0/0,28619:1747647673219:,1747647683070
counter/6/0/0/0,25846:1747647672020:,1747647683070
counter/9/0/0/0,28760:1747647671812:,1747647683070
counter/6/0/0/0,25847:1747647672020:,1747647683070
counter/1/0/0/0,22947:1747647669720:,1747647683070
counter/5/0/0/0,26255:1747647671129:,1747647683070
counter/5/0/0/0,26256:1747647671129:,1747647683070
counter/5/0/0/0,26257:1747647671129:,1747647683070
counter/5/0/0/0,26258:1747647671129:,1747647683070
counter/2/0/0/0,28620:1747647673219:,1747647683070
counter/5/0/0/0,26259:1747647671130:,1747647683070
counter/10/0/0/0,24031:1747647667994:,1747647683070
counter/9/0/0/0,28761:1747647671812:,1747647683070
counter/6/0/0/0,25848:1747647672021:,1747647683070
counter/1/0/0/0,22948:1747647669720:,1747647683070
counter/6/0/0/0,25849:1747647672021:,1747647683070
counter/8/0/0/0,26794:1747647671008:,1747647683070
counter/8/0/0/0,26795:1747647671008:,1747647683070
counter/3/0/0/0,22867:1747647668638:,1747647683070
counter/8/0/0/0,26796:1747647671008:,1747647683070
counter/2/0/0/0,28621:1747647673219:,1747647683070
counter/10/0/0/0,24032:1747647667994:,1747647683071
counter/9/0/0/0,28762:1747647671812:,1747647683071
counter/1/0/0/0,22949:1747647669720:,1747647683071
counter/6/0/0/0,25850:1747647672021:,1747647683071
counter/6/0/0/0,25851:1747647672021:,1747647683071
counter/4/0/0/0,22246:1747647668674:,1747647683071
counter/3/0/0/0,22868:1747647668638:,1747647683071
counter/8/0/0/0,26797:1747647671009:,1747647683071
counter/8/0/0/0,26798:1747647671009:,1747647683071
counter/8/0/0/0,26799:1747647671009:,1747647683071
counter/8/0/0/0,26800:1747647671009:,1747647683071
counter/8/0/0/0,26801:1747647671009:,1747647683071
counter/8/0/0/0,26802:1747647671009:,1747647683071
counter/8/0/0/0,26803:1747647671009:,1747647683071
counter/8/0/0/0,26804:1747647671009:,1747647683071
counter/8/0/0/0,26805:1747647671009:,1747647683071
counter/8/0/0/0,26806:1747647671009:,1747647683071
counter/8/0/0/0,26807:1747647671009:,1747647683071
counter/8/0/0/0,26808:1747647671009:,1747647683071
counter/8/0/0/0,26809:1747647671009:,1747647683071
counter/8/0/0/0,26810:1747647671009:,1747647683071
counter/8/0/0/0,26811:1747647671009:,1747647683071
counter/3/0/0/0,22869:1747647668638:,1747647683071
counter/8/0/0/0,26812:1747647671009:,1747647683071
counter/8/0/0/0,26813:1747647671009:,1747647683071
counter/6/0/0/0,25852:1747647672021:,1747647683071
counter/10/0/0/0,24033:1747647667994:,1747647683071
counter/9/0/0/0,28763:1747647671812:,1747647683071
counter/1/0/0/0,22950:1747647669722:,1747647683071
counter/1/0/0/0,22951:1747647669722:,1747647683071
counter/1/0/0/0,22952:1747647669722:,1747647683071
counter/1/0/0/0,22953:1747647669722:,1747647683071
counter/1/0/0/0,22954:1747647669723:,1747647683071
counter/1/0/0/0,22955:1747647669746:,1747647683071
counter/1/0/0/0,22956:1747647669746:,1747647683071
counter/10/0/0/0,24034:1747647667994:,1747647683071
counter/1/0/0/0,22957:1747647669746:,1747647683071
counter/6/0/0/0,25853:1747647672021:,1747647683072
counter/6/0/0/0,25854:1747647672021:,1747647683072
counter/8/0/0/0,26814:1747647671009:,1747647683072
counter/8/0/0/0,26815:1747647671009:,1747647683072
counter/2/0/0/0,28622:1747647673219:,1747647683072
counter/3/0/0/0,22870:1747647668638:,1747647683072
counter/1/0/0/0,22958:1747647669746:,1747647683072
counter/9/0/0/0,28764:1747647671812:,1747647683072
counter/4/0/0/0,22247:1747647668674:,1747647683072
counter/10/0/0/0,24035:1747647667994:,1747647683072
counter/7/0/0/0,25592:1747647670848:,1747647683072
counter/7/0/0/0,25593:1747647670849:,1747647683072
counter/2/0/0/0,28623:1747647673219:,1747647683072
counter/8/0/0/0,26816:1747647671009:,1747647683072
counter/8/0/0/0,26817:1747647671009:,1747647683072
counter/8/0/0/0,26818:1747647671009:,1747647683072
counter/8/0/0/0,26819:1747647671009:,1747647683072
counter/8/0/0/0,26820:1747647671015:,1747647683072
counter/8/0/0/0,26821:1747647671015:,1747647683072
counter/8/0/0/0,26822:1747647671015:,1747647683072
counter/8/0/0/0,26823:1747647671015:,1747647683072
counter/8/0/0/0,26824:1747647671015:,1747647683072
counter/8/0/0/0,26825:1747647671015:,1747647683072
counter/8/0/0/0,26826:1747647671015:,1747647683072
counter/8/0/0/0,26827:1747647671016:,1747647683072
counter/8/0/0/0,26828:1747647671016:,1747647683072
counter/8/0/0/0,26829:1747647671016:,1747647683072
counter/8/0/0/0,26830:1747647671016:,1747647683072
counter/8/0/0/0,26831:1747647671016:,1747647683072
counter/8/0/0/0,26832:1747647671016:,1747647683072
counter/8/0/0/0,26833:1747647671016:,1747647683072
counter/8/0/0/0,26834:1747647671016:,1747647683072
counter/8/0/0/0,26835:1747647671018:,1747647683072
counter/8/0/0/0,26836:1747647671018:,1747647683072
counter/8/0/0/0,26837:1747647671018:,1747647683072
counter/8/0/0/0,26838:1747647671018:,1747647683072
counter/8/0/0/0,26839:1747647671032:,1747647683072
counter/8/0/0/0,26840:1747647671032:,1747647683072
counter/8/0/0/0,26841:1747647671033:,1747647683073
counter/8/0/0/0,26842:1747647671033:,1747647683073
counter/8/0/0/0,26843:1747647671033:,1747647683073
counter/8/0/0/0,26844:1747647671037:,1747647683073
counter/8/0/0/0,26845:1747647671038:,1747647683073
counter/8/0/0/0,26846:1747647671038:,1747647683073
counter/8/0/0/0,26847:1747647671041:,1747647683073
counter/8/0/0/0,26848:1747647671041:,1747647683073
counter/8/0/0/0,26849:1747647671041:,1747647683073
counter/8/0/0/0,26850:1747647671042:,1747647683073
counter/10/0/0/0,24036:1747647667994:,1747647683073
counter/8/0/0/0,26851:1747647671042:,1747647683073
counter/8/0/0/0,26852:1747647671045:,1747647683073
counter/6/0/0/0,25855:1747647672021:,1747647683073
counter/8/0/0/0,26853:1747647671045:,1747647683073
counter/1/0/0/0,22959:1747647669746:,1747647683073
counter/6/0/0/0,25856:1747647672021:,1747647683073
counter/8/0/0/0,26854:1747647671045:,1747647683073
counter/9/0/0/0,28765:1747647671812:,1747647683073
counter/8/0/0/0,26855:1747647671045:,1747647683073
counter/4/0/0/0,22248:1747647668674:,1747647683073
counter/2/0/0/0,28624:1747647673219:,1747647683073
counter/8/0/0/0,26856:1747647671045:,1747647683073
counter/8/0/0/0,26857:1747647671045:,1747647683073
counter/8/0/0/0,26858:1747647671045:,1747647683073
counter/8/0/0/0,26859:1747647671050:,1747647683073
counter/8/0/0/0,26860:1747647671050:,1747647683073
counter/8/0/0/0,26861:1747647671050:,1747647683073
counter/8/0/0/0,26862:1747647671050:,1747647683073
counter/8/0/0/0,26863:1747647671050:,1747647683073
counter/8/0/0/0,26864:1747647671050:,1747647683073
counter/8/0/0/0,26865:1747647671063:,1747647683073
counter/8/0/0/0,26866:1747647671063:,1747647683073
counter/8/0/0/0,26867:1747647671063:,1747647683073
counter/8/0/0/0,26868:1747647671063:,1747647683074
counter/8/0/0/0,26869:1747647671068:,1747647683074
counter/8/0/0/0,26870:1747647671068:,1747647683074
counter/8/0/0/0,26871:1747647671068:,1747647683074
counter/8/0/0/0,26872:1747647671068:,1747647683074
counter/8/0/0/0,26873:1747647671068:,1747647683074
counter/8/0/0/0,26874:1747647671068:,1747647683074
counter/8/0/0/0,26875:1747647671068:,1747647683074
counter/8/0/0/0,26876:1747647671068:,1747647683074
counter/8/0/0/0,26877:1747647671068:,1747647683074
counter/8/0/0/0,26878:1747647671068:,1747647683074
counter/8/0/0/0,26879:1747647671078:,1747647683074
counter/8/0/0/0,26880:1747647671078:,1747647683074
counter/8/0/0/0,26881:1747647671087:,1747647683074
counter/8/0/0/0,26882:1747647671087:,1747647683074
counter/8/0/0/0,26883:1747647671087:,1747647683074
counter/8/0/0/0,26884:1747647671087:,1747647683074
counter/8/0/0/0,26885:1747647671087:,1747647683074
counter/8/0/0/0,26886:1747647671087:,1747647683074
counter/8/0/0/0,26887:1747647671087:,1747647683074
counter/8/0/0/0,26888:1747647671087:,1747647683074
counter/8/0/0/0,26889:1747647671087:,1747647683074
counter/8/0/0/0,26890:1747647671105:,1747647683074
counter/8/0/0/0,26891:1747647671105:,1747647683074
counter/8/0/0/0,26892:1747647671105:,1747647683074
counter/8/0/0/0,26893:1747647671105:,1747647683074
counter/8/0/0/0,26894:1747647671105:,1747647683074
counter/8/0/0/0,26895:1747647671105:,1747647683074
counter/8/0/0/0,26896:1747647671105:,1747647683074
counter/8/0/0/0,26897:1747647671106:,1747647683074
counter/8/0/0/0,26898:1747647671106:,1747647683074
counter/8/0/0/0,26899:1747647671110:,1747647683074
counter/8/0/0/0,26900:1747647671110:,1747647683074
counter/8/0/0/0,26901:1747647671110:,1747647683074
counter/8/0/0/0,26902:1747647671110:,1747647683074
counter/9/0/0/0,28766:1747647671817:,1747647683074
counter/8/0/0/0,26903:1747647671111:,1747647683074
counter/9/0/0/0,28767:1747647671817:,1747647683074
counter/8/0/0/0,26904:1747647671111:,1747647683074
counter/9/0/0/0,28768:1747647671817:,1747647683074
counter/8/0/0/0,26905:1747647671111:,1747647683074
counter/9/0/0/0,28769:1747647671817:,1747647683075
counter/8/0/0/0,26906:1747647671111:,1747647683075
counter/9/0/0/0,28770:1747647671817:,1747647683075
counter/7/0/0/0,25594:1747647670849:,1747647683075
counter/8/0/0/0,26907:1747647671111:,1747647683075
counter/9/0/0/0,28771:1747647671817:,1747647683075
counter/8/0/0/0,26908:1747647671111:,1747647683075
counter/8/0/0/0,26909:1747647671111:,1747647683075
counter/8/0/0/0,26910:1747647671111:,1747647683075
counter/3/0/0/0,22871:1747647668638:,1747647683075
counter/8/0/0/0,26911:1747647671111:,1747647683075
counter/9/0/0/0,28772:1747647671817:,1747647683075
counter/1/0/0/0,22960:1747647669746:,1747647683075
counter/8/0/0/0,26912:1747647671111:,1747647683075
counter/9/0/0/0,28773:1747647671817:,1747647683075
counter/8/0/0/0,26913:1747647671111:,1747647683075
counter/9/0/0/0,28774:1747647671817:,1747647683075
counter/8/0/0/0,26914:1747647671111:,1747647683075
counter/9/0/0/0,28775:1747647671817:,1747647683075
counter/8/0/0/0,26915:1747647671111:,1747647683075
counter/8/0/0/0,26916:1747647671112:,1747647683075
counter/7/0/0/0,25595:1747647670849:,1747647683075
counter/8/0/0/0,26917:1747647671112:,1747647683075
counter/2/0/0/0,28625:1747647673219:,1747647683075
counter/8/0/0/0,26918:1747647671112:,1747647683075
counter/10/0/0/0,24037:1747647667994:,1747647683075
counter/1/0/0/0,22961:1747647669746:,1747647683075
counter/8/0/0/0,26919:1747647671112:,1747647683075
counter/10/0/0/0,24038:1747647667994:,1747647683075
counter/4/0/0/0,22249:1747647668674:,1747647683075
counter/8/0/0/0,26920:1747647671112:,1747647683075
counter/4/0/0/0,22250:1747647668674:,1747647683075
counter/8/0/0/0,26921:1747647671112:,1747647683075
counter/4/0/0/0,22251:1747647668674:,1747647683075
counter/8/0/0/0,26922:1747647671113:,1747647683075
counter/4/0/0/0,22252:1747647668674:,1747647683075
counter/4/0/0/0,22253:1747647668674:,1747647683075
counter/4/0/0/0,22254:1747647668674:,1747647683075
counter/4/0/0/0,22255:1747647668674:,1747647683076
counter/4/0/0/0,22256:1747647668674:,1747647683076
counter/4/0/0/0,22257:1747647668674:,1747647683076
counter/4/0/0/0,22258:1747647668676:,1747647683076
counter/4/0/0/0,22259:1747647668676:,1747647683076
counter/4/0/0/0,22260:1747647668676:,1747647683076
counter/6/0/0/0,25857:1747647672021:,1747647683076
counter/4/0/0/0,22261:1747647668676:,1747647683076
counter/9/0/0/0,28776:1747647671820:,1747647683076
counter/4/0/0/0,22262:1747647668676:,1747647683076
counter/5/0/0/0,26260:1747647671130:,1747647683076
counter/4/0/0/0,22263:1747647668677:,1747647683076
counter/5/0/0/0,26261:1747647671130:,1747647683076
counter/4/0/0/0,22264:1747647668677:,1747647683076
counter/5/0/0/0,26262:1747647671130:,1747647683076
counter/4/0/0/0,22265:1747647668677:,1747647683076
counter/5/0/0/0,26263:1747647671130:,1747647683076
counter/7/0/0/0,25596:1747647670849:,1747647683076
counter/1/0/0/0,22962:1747647669746:,1747647683076
counter/4/0/0/0,22266:1747647668677:,1747647683076
counter/5/0/0/0,26264:1747647671132:,1747647683076
counter/7/0/0/0,25597:1747647670849:,1747647683076
counter/7/0/0/0,25598:1747647670849:,1747647683076
counter/2/0/0/0,28626:1747647673219:,1747647683076
counter/3/0/0/0,22872:1747647668638:,1747647683076
counter/7/0/0/0,25599:1747647670849:,1747647683076
counter/4/0/0/0,22267:1747647668677:,1747647683076
counter/5/0/0/0,26265:1747647671132:,1747647683076
counter/5/0/0/0,26266:1747647671132:,1747647683076
counter/5/0/0/0,26267:1747647671132:,1747647683076
counter/5/0/0/0,26268:1747647671132:,1747647683076
counter/7/0/0/0,25600:1747647670849:,1747647683076
counter/5/0/0/0,26269:1747647671132:,1747647683076
counter/2/0/0/0,28627:1747647673219:,1747647683076
counter/3/0/0/0,22873:1747647668639:,1747647683076
counter/4/0/0/0,22268:1747647668677:,1747647683077
counter/5/0/0/0,26270:1747647671132:,1747647683077
counter/10/0/0/0,24039:1747647667994:,1747647683077
counter/9/0/0/0,28777:1747647671820:,1747647683077
counter/5/0/0/0,26271:1747647671132:,1747647683077
counter/10/0/0/0,24040:1747647667994:,1747647683077
counter/5/0/0/0,26272:1747647671132:,1747647683077
counter/5/0/0/0,26273:1747647671132:,1747647683077
counter/5/0/0/0,26274:1747647671132:,1747647683077
counter/5/0/0/0,26275:1747647671132:,1747647683077
counter/1/0/0/0,22963:1747647669746:,1747647683077
counter/5/0/0/0,26276:1747647671132:,1747647683077
counter/9/0/0/0,28778:1747647671820:,1747647683077
counter/5/0/0/0,26277:1747647671133:,1747647683077
counter/10/0/0/0,24041:1747647667994:,1747647683077
counter/6/0/0/0,25858:1747647672021:,1747647683077
counter/2/0/0/0,28628:1747647673219:,1747647683077
counter/3/0/0/0,22874:1747647668639:,1747647683077
counter/7/0/0/0,25601:1747647670849:,1747647683077
counter/4/0/0/0,22269:1747647668677:,1747647683077
counter/5/0/0/0,26278:1747647671133:,1747647683077
counter/5/0/0/0,26279:1747647671133:,1747647683077
counter/5/0/0/0,26280:1747647671133:,1747647683077
counter/5/0/0/0,26281:1747647671137:,1747647683077
counter/5/0/0/0,26282:1747647671137:,1747647683077
counter/5/0/0/0,26283:1747647671137:,1747647683077
counter/5/0/0/0,26284:1747647671138:,1747647683077
counter/5/0/0/0,26285:1747647671138:,1747647683077
counter/5/0/0/0,26286:1747647671138:,1747647683077
counter/5/0/0/0,26287:1747647671138:,1747647683077
counter/5/0/0/0,26288:1747647671138:,1747647683077
counter/5/0/0/0,26289:1747647671138:,1747647683077
counter/7/0/0/0,25602:1747647670849:,1747647683077
counter/5/0/0/0,26290:1747647671138:,1747647683077
counter/2/0/0/0,28629:1747647673219:,1747647683077
counter/7/0/0/0,25603:1747647670851:,1747647683077
counter/4/0/0/0,22270:1747647668677:,1747647683077
counter/6/0/0/0,25859:1747647672021:,1747647683077
counter/9/0/0/0,28779:1747647671826:,1747647683077
counter/10/0/0/0,24042:1747647667994:,1747647683077
counter/5/0/0/0,26291:1747647671138:,1747647683077
counter/3/0/0/0,22875:1747647668639:,1747647683078
counter/8/0/0/0,26923:1747647671113:,1747647683078
counter/2/0/0/0,28630:1747647673219:,1747647683078
counter/4/0/0/0,22271:1747647668677:,1747647683078
counter/4/0/0/0,22272:1747647668677:,1747647683078
counter/6/0/0/0,25860:1747647672021:,1747647683078
counter/6/0/0/0,25861:1747647672027:,1747647683078
counter/9/0/0/0,28780:1747647671826:,1747647683078
counter/10/0/0/0,24043:1747647667994:,1747647683078
counter/5/0/0/0,26292:1747647671138:,1747647683078
counter/3/0/0/0,22876:1747647668639:,1747647683078
counter/8/0/0/0,26924:1747647671113:,1747647683078
counter/2/0/0/0,28631:1747647673219:,1747647683078
counter/4/0/0/0,22273:1747647668677:,1747647683078
counter/4/0/0/0,22274:1747647668677:,1747647683078
counter/4/0/0/0,22275:1747647668684:,1747647683078
counter/4/0/0/0,22276:1747647668684:,1747647683078
counter/4/0/0/0,22277:1747647668684:,1747647683078
counter/4/0/0/0,22278:1747647668684:,1747647683078
counter/4/0/0/0,22279:1747647668684:,1747647683078
counter/4/0/0/0,22280:1747647668685:,1747647683078
counter/4/0/0/0,22281:1747647668685:,1747647683078
counter/4/0/0/0,22282:1747647668685:,1747647683078
counter/4/0/0/0,22283:1747647668685:,1747647683078
counter/4/0/0/0,22284:1747647668685:,1747647683078
counter/4/0/0/0,22285:1747647668685:,1747647683078
counter/4/0/0/0,22286:1747647668685:,1747647683078
counter/4/0/0/0,22287:1747647668685:,1747647683078
counter/4/0/0/0,22288:1747647668685:,1747647683078
counter/4/0/0/0,22289:1747647668685:,1747647683078
counter/7/0/0/0,25604:1747647670851:,1747647683078
counter/4/0/0/0,22290:1747647668685:,1747647683078
counter/4/0/0/0,22291:1747647668685:,1747647683078
counter/7/0/0/0,25605:1747647670851:,1747647683078
counter/4/0/0/0,22292:1747647668688:,1747647683078
counter/3/0/0/0,22877:1747647668639:,1747647683078
counter/10/0/0/0,24044:1747647667994:,1747647683078
counter/8/0/0/0,26925:1747647671113:,1747647683078
counter/2/0/0/0,28632:1747647673219:,1747647683078
counter/10/0/0/0,24045:1747647667994:,1747647683078
counter/2/0/0/0,28633:1747647673224:,1747647683079
counter/5/0/0/0,26293:1747647671138:,1747647683079
counter/1/0/0/0,22964:1747647669747:,1747647683079
counter/3/0/0/0,22878:1747647668639:,1747647683079
counter/7/0/0/0,25606:1747647670851:,1747647683079
counter/7/0/0/0,25607:1747647670851:,1747647683079
counter/8/0/0/0,26926:1747647671113:,1747647683079
counter/4/0/0/0,22293:1747647668688:,1747647683079
counter/10/0/0/0,24046:1747647667994:,1747647683079
counter/2/0/0/0,28634:1747647673224:,1747647683079
counter/2/0/0/0,28635:1747647673224:,1747647683079
counter/5/0/0/0,26294:1747647671138:,1747647683079
counter/1/0/0/0,22965:1747647669747:,1747647683079
counter/3/0/0/0,22879:1747647668639:,1747647683079
counter/3/0/0/0,22880:1747647668639:,1747647683079
counter/3/0/0/0,22881:1747647668639:,1747647683079
counter/3/0/0/0,22882:1747647668639:,1747647683079
counter/3/0/0/0,22883:1747647668639:,1747647683079
counter/3/0/0/0,22884:1747647668639:,1747647683079
counter/3/0/0/0,22885:1747647668639:,1747647683079
counter/3/0/0/0,22886:1747647668639:,1747647683079
counter/3/0/0/0,22887:1747647668639:,1747647683079
counter/3/0/0/0,22888:1747647668639:,1747647683079
counter/3/0/0/0,22889:1747647668639:,1747647683079
counter/3/0/0/0,22890:1747647668645:,1747647683079
counter/3/0/0/0,22891:1747647668647:,1747647683079
counter/3/0/0/0,22892:1747647668647:,1747647683079
counter/3/0/0/0,22893:1747647668648:,1747647683079
counter/3/0/0/0,22894:1747647668648:,1747647683079
counter/3/0/0/0,22895:1747647668648:,1747647683079
counter/3/0/0/0,22896:1747647668648:,1747647683079
counter/3/0/0/0,22897:1747647668648:,1747647683079
counter/3/0/0/0,22898:1747647668648:,1747647683079
counter/3/0/0/0,22899:1747647668648:,1747647683079
counter/3/0/0/0,22900:1747647668648:,1747647683079
counter/3/0/0/0,22901:1747647668648:,1747647683079
counter/3/0/0/0,22902:1747647668651:,1747647683079
counter/3/0/0/0,22903:1747647668651:,1747647683079
counter/3/0/0/0,22904:1747647668651:,1747647683079
counter/3/0/0/0,22905:1747647668651:,1747647683079
counter/3/0/0/0,22906:1747647668651:,1747647683079
counter/3/0/0/0,22907:1747647668651:,1747647683079
counter/3/0/0/0,22908:1747647668651:,1747647683079
counter/3/0/0/0,22909:1747647668651:,1747647683079
counter/3/0/0/0,22910:1747647668651:,1747647683080
counter/3/0/0/0,22911:1747647668651:,1747647683080
counter/4/0/0/0,22294:1747647668689:,1747647683080
counter/3/0/0/0,22912:1747647668651:,1747647683080
counter/3/0/0/0,22913:1747647668651:,1747647683080
counter/3/0/0/0,22914:1747647668651:,1747647683080
counter/6/0/0/0,25862:1747647672027:,1747647683080
counter/3/0/0/0,22915:1747647668655:,1747647683080
counter/9/0/0/0,28781:1747647671827:,1747647683080
counter/3/0/0/0,22916:1747647668655:,1747647683080
counter/6/0/0/0,25863:1747647672027:,1747647683080
counter/5/0/0/0,26295:1747647671138:,1747647683080
counter/6/0/0/0,25864:1747647672027:,1747647683080
counter/6/0/0/0,25865:1747647672027:,1747647683080
counter/6/0/0/0,25866:1747647672027:,1747647683080
counter/6/0/0/0,25867:1747647672027:,1747647683080
counter/6/0/0/0,25868:1747647672027:,1747647683080
counter/6/0/0/0,25869:1747647672027:,1747647683080
counter/6/0/0/0,25870:1747647672027:,1747647683080
counter/6/0/0/0,25871:1747647672027:,1747647683080
counter/6/0/0/0,25872:1747647672032:,1747647683080
counter/5/0/0/0,26296:1747647671138:,1747647683080
counter/5/0/0/0,26297:1747647671138:,1747647683080
counter/5/0/0/0,26298:1747647671138:,1747647683080
counter/5/0/0/0,26299:1747647671138:,1747647683080
counter/5/0/0/0,26300:1747647671138:,1747647683080
counter/2/0/0/0,28636:1747647673224:,1747647683080
counter/5/0/0/0,26301:1747647671138:,1747647683080
counter/5/0/0/0,26302:1747647671138:,1747647683080
counter/6/0/0/0,25873:1747647672032:,1747647683080
counter/6/0/0/0,25874:1747647672032:,1747647683080
counter/6/0/0/0,25875:1747647672032:,1747647683080
counter/6/0/0/0,25876:1747647672032:,1747647683080
counter/6/0/0/0,25877:1747647672699:,1747647683080
counter/9/0/0/0,28782:1747647671827:,1747647683080
counter/7/0/0/0,25608:1747647670851:,1747647683080
counter/1/0/0/0,22966:1747647669747:,1747647683080
counter/8/0/0/0,26927:1747647671113:,1747647683080
counter/7/0/0/0,25609:1747647670851:,1747647683080
counter/10/0/0/0,24047:1747647667994:,1747647683080
counter/3/0/0/0,22917:1747647668655:,1747647683080
counter/4/0/0/0,22295:1747647668689:,1747647683080
counter/4/0/0/0,22296:1747647668689:,1747647683081
counter/4/0/0/0,22297:1747647668689:,1747647683081
counter/4/0/0/0,22298:1747647668689:,1747647683081
counter/4/0/0/0,22299:1747647668689:,1747647683081
counter/4/0/0/0,22300:1747647668689:,1747647683081
counter/4/0/0/0,22301:1747647668689:,1747647683081
counter/4/0/0/0,22302:1747647668689:,1747647683081
counter/4/0/0/0,22303:1747647668689:,1747647683081
counter/7/0/0/0,25610:1747647670863:,1747647683081
counter/7/0/0/0,25611:1747647670863:,1747647683081
counter/5/0/0/0,26303:1747647671138:,1747647683081
counter/7/0/0/0,25612:1747647670865:,1747647683081
counter/2/0/0/0,28637:1747647673228:,1747647683081
counter/8/0/0/0,26928:1747647671113:,1747647683081
counter/7/0/0/0,25613:1747647670869:,1747647683081
counter/4/0/0/0,22304:1747647668689:,1747647683081
counter/4/0/0/0,22305:1747647668689:,1747647683081
counter/4/0/0/0,22306:1747647668689:,1747647683081
counter/4/0/0/0,22307:1747647668689:,1747647683081
counter/4/0/0/0,22308:1747647668689:,1747647683081
counter/3/0/0/0,22918:1747647668655:,1747647683081
counter/4/0/0/0,22309:1747647668689:,1747647683081
counter/7/0/0/0,25614:1747647670869:,1747647683081
counter/4/0/0/0,22310:1747647668689:,1747647683081
counter/7/0/0/0,25615:1747647670869:,1747647683081
counter/7/0/0/0,25616:1747647670869:,1747647683081
counter/7/0/0/0,25617:1747647670869:,1747647683081
counter/5/0/0/0,26304:1747647671138:,1747647683081
counter/2/0/0/0,28638:1747647673228:,1747647683081
counter/4/0/0/0,22311:1747647668693:,1747647683081
counter/4/0/0/0,22312:1747647668693:,1747647683081
counter/8/0/0/0,26929:1747647671113:,1747647683081
counter/3/0/0/0,22919:1747647668655:,1747647683081
counter/10/0/0/0,24048:1747647667995:,1747647683081
counter/10/0/0/0,24049:1747647667995:,1747647683081
counter/9/0/0/0,28783:1747647671827:,1747647683081
counter/6/0/0/0,25878:1747647672700:,1747647683082
counter/6/0/0/0,25879:1747647672701:,1747647683082
counter/5/0/0/0,26305:1747647671138:,1747647683082
counter/6/0/0/0,25880:1747647672703:,1747647683082
counter/4/0/0/0,22313:1747647668693:,1747647683082
counter/8/0/0/0,26930:1747647671113:,1747647683082
counter/3/0/0/0,22920:1747647668655:,1747647683082
counter/3/0/0/0,22921:1747647668655:,1747647683082
counter/3/0/0/0,22922:1747647668655:,1747647683082
counter/3/0/0/0,22923:1747647668655:,1747647683082
counter/3/0/0/0,22924:1747647668655:,1747647683082
counter/3/0/0/0,22925:1747647668670:,1747647683082
counter/3/0/0/0,22926:1747647668670:,1747647683082
counter/3/0/0/0,22927:1747647668670:,1747647683082
counter/3/0/0/0,22928:1747647668671:,1747647683082
counter/3/0/0/0,22929:1747647668671:,1747647683082
counter/7/0/0/0,25618:1747647670869:,1747647683082
counter/9/0/0/0,28784:1747647671827:,1747647683082
counter/6/0/0/0,25881:1747647672703:,1747647683082
counter/10/0/0/0,24050:1747647667995:,1747647683082
counter/5/0/0/0,26306:1747647671138:,1747647683082
counter/4/0/0/0,22314:1747647668693:,1747647683082
counter/4/0/0/0,22315:1747647668693:,1747647683082
counter/4/0/0/0,22316:1747647668693:,1747647683082
counter/3/0/0/0,22930:1747647668671:,1747647683082
counter/9/0/0/0,28785:1747647671827:,1747647683082
counter/9/0/0/0,28786:1747647671837:,1747647683082
counter/9/0/0/0,28787:1747647671837:,1747647683082
counter/9/0/0/0,28788:1747647671839:,1747647683082
counter/9/0/0/0,28789:1747647671839:,1747647683082
counter/9/0/0/0,28790:1747647671839:,1747647683082
counter/9/0/0/0,28791:1747647671840:,1747647683082
counter/9/0/0/0,28792:1747647671840:,1747647683082
counter/9/0/0/0,28793:1747647671840:,1747647683082
counter/9/0/0/0,28794:1747647671840:,1747647683082
counter/9/0/0/0,28795:1747647671840:,1747647683082
counter/10/0/0/0,24051:1747647667995:,1747647683082
counter/7/0/0/0,25619:1747647670869:,1747647683082
counter/5/0/0/0,26307:1747647671138:,1747647683082
counter/7/0/0/0,25620:1747647670869:,1747647683082
counter/4/0/0/0,22317:1747647668693:,1747647683082
counter/7/0/0/0,25621:1747647670869:,1747647683083
counter/3/0/0/0,22931:1747647668671:,1747647683083
counter/9/0/0/0,28796:1747647671840:,1747647683083
counter/6/0/0/0,25882:1747647672706:,1747647683083
counter/2/0/0/0,28639:1747647673228:,1747647683083
counter/10/0/0/0,24052:1747647667995:,1747647683083
counter/5/0/0/0,26308:1747647671138:,1747647683083
counter/5/0/0/0,26309:1747647671138:,1747647683083
counter/5/0/0/0,26310:1747647671143:,1747647683083
counter/5/0/0/0,26311:1747647671143:,1747647683083
counter/5/0/0/0,26312:1747647671143:,1747647683083
counter/5/0/0/0,26313:1747647671143:,1747647683083
counter/7/0/0/0,25622:1747647670869:,1747647683083
counter/7/0/0/0,25623:1747647670869:,1747647683083
counter/7/0/0/0,25624:1747647670869:,1747647683083
counter/7/0/0/0,25625:1747647670869:,1747647683083
counter/4/0/0/0,22318:1747647668693:,1747647683083
counter/7/0/0/0,25626:1747647670869:,1747647683083
counter/3/0/0/0,22932:1747647668671:,1747647683083
counter/6/0/0/0,25883:1747647672706:,1747647683083
counter/8/0/0/0,26931:1747647671113:,1747647683083
counter/9/0/0/0,28797:1747647671840:,1747647683083
counter/9/0/0/0,28798:1747647671840:,1747647683083
counter/10/0/0/0,24053:1747647667995:,1747647683083
counter/4/0/0/0,22319:1747647668693:,1747647683083
counter/4/0/0/0,22320:1747647668693:,1747647683083
counter/4/0/0/0,22321:1747647668693:,1747647683083
counter/5/0/0/0,26314:1747647671143:,1747647683083
counter/3/0/0/0,22933:1747647668671:,1747647683083
counter/6/0/0/0,25884:1747647672706:,1747647683083
counter/8/0/0/0,26932:1747647671113:,1747647683083
counter/6/0/0/0,25885:1747647672706:,1747647683083
counter/2/0/0/0,28640:1747647673228:,1747647683083
counter/10/0/0/0,24054:1747647667995:,1747647683083
counter/4/0/0/0,22322:1747647668693:,1747647683083
counter/7/0/0/0,25627:1747647670870:,1747647683083
counter/1/0/0/0,22967:1747647669747:,1747647683083
counter/7/0/0/0,25628:1747647670875:,1747647683083
counter/3/0/0/0,22934:1747647668671:,1747647683084
counter/9/0/0/0,28799:1747647671840:,1747647683084
counter/8/0/0/0,26933:1747647671113:,1747647683084
counter/8/0/0/0,26934:1747647671113:,1747647683084
counter/2/0/0/0,28641:1747647673228:,1747647683084
counter/4/0/0/0,22323:1747647668698:,1747647683084
counter/10/0/0/0,24055:1747647667995:,1747647683084
counter/5/0/0/0,26315:1747647671143:,1747647683084
counter/1/0/0/0,22968:1747647669747:,1747647683084
counter/1/0/0/0,22969:1747647669758:,1747647683084
counter/3/0/0/0,22935:1747647668671:,1747647683084
counter/9/0/0/0,28800:1747647671840:,1747647683084
counter/6/0/0/0,25886:1747647672706:,1747647683084
counter/8/0/0/0,26935:1747647671113:,1747647683084
counter/2/0/0/0,28642:1747647673228:,1747647683084
counter/4/0/0/0,22324:1747647668698:,1747647683084
counter/10/0/0/0,24056:1747647667995:,1747647683084
counter/5/0/0/0,26316:1747647671143:,1747647683084
counter/5/0/0/0,26317:1747647671143:,1747647683084
counter/5/0/0/0,26318:1747647671143:,1747647683084
counter/5/0/0/0,26319:1747647671143:,1747647683084
counter/5/0/0/0,26320:1747647671143:,1747647683084
counter/5/0/0/0,26321:1747647671143:,1747647683084
counter/5/0/0/0,26322:1747647671143:,1747647683084
counter/2/0/0/0,28643:1747647673228:,1747647683084
counter/4/0/0/0,22325:1747647668704:,1747647683084
counter/10/0/0/0,24057:1747647667995:,1747647683084
counter/7/0/0/0,25629:1747647670875:,1747647683084
counter/1/0/0/0,22970:1747647669758:,1747647683084
counter/7/0/0/0,25630:1747647670875:,1747647683084
counter/9/0/0/0,28801:1747647671841:,1747647683084
counter/5/0/0/0,26323:1747647671143:,1747647683084
counter/5/0/0/0,26324:1747647671143:,1747647683084
counter/5/0/0/0,26325:1747647671156:,1747647683084
counter/2/0/0/0,28644:1747647673228:,1747647683084
counter/4/0/0/0,22326:1747647668704:,1747647683084
counter/10/0/0/0,24058:1747647667995:,1747647683084
counter/3/0/0/0,22936:1747647668671:,1747647683084
counter/1/0/0/0,22971:1747647669758:,1747647683084
counter/1/0/0/0,22972:1747647669758:,1747647683084
counter/9/0/0/0,28802:1747647671841:,1747647683084
counter/6/0/0/0,25887:1747647672706:,1747647683084
counter/5/0/0/0,26326:1747647671156:,1747647683085
counter/6/0/0/0,25888:1747647672706:,1747647683085
counter/2/0/0/0,28645:1747647673228:,1747647683085
counter/4/0/0/0,22327:1747647668704:,1747647683085
counter/10/0/0/0,24059:1747647667998:,1747647683085
counter/3/0/0/0,22937:1747647668671:,1747647683085
counter/3/0/0/0,22938:1747647668671:,1747647683085
counter/3/0/0/0,22939:1747647668672:,1747647683085
counter/3/0/0/0,22940:1747647668672:,1747647683085
counter/3/0/0/0,22941:1747647668684:,1747647683085
counter/3/0/0/0,22942:1747647668686:,1747647683085
counter/3/0/0/0,22943:1747647668686:,1747647683085
counter/3/0/0/0,22944:1747647668686:,1747647683085
counter/3/0/0/0,22945:1747647668686:,1747647683085
counter/3/0/0/0,22946:1747647668686:,1747647683085
counter/3/0/0/0,22947:1747647668686:,1747647683085
counter/3/0/0/0,22948:1747647668686:,1747647683085
counter/3/0/0/0,22949:1747647668686:,1747647683085
counter/3/0/0/0,22950:1747647668686:,1747647683085
counter/3/0/0/0,22951:1747647668686:,1747647683085
counter/3/0/0/0,22952:1747647668686:,1747647683085
counter/3/0/0/0,22953:1747647668686:,1747647683085
counter/3/0/0/0,22954:1747647668686:,1747647683085
counter/3/0/0/0,22955:1747647668686:,1747647683085
counter/6/0/0/0,25889:1747647672709:,1747647683085
counter/1/0/0/0,22973:1747647669758:,1747647683085
counter/6/0/0/0,25890:1747647672709:,1747647683085
counter/5/0/0/0,26327:1747647671156:,1747647683085
counter/2/0/0/0,28646:1747647673228:,1747647683085
counter/8/0/0/0,26936:1747647671114:,1747647683085
counter/4/0/0/0,22328:1747647668704:,1747647683085
counter/3/0/0/0,22956:1747647668690:,1747647683085
counter/10/0/0/0,24060:1747647667998:,1747647683085
counter/9/0/0/0,28803:1747647671841:,1747647683085
counter/1/0/0/0,22974:1747647669758:,1747647683085
counter/1/0/0/0,22975:1747647669758:,1747647683085
counter/1/0/0/0,22976:1747647669758:,1747647683085
counter/5/0/0/0,26328:1747647671156:,1747647683085
counter/2/0/0/0,28647:1747647673228:,1747647683085
counter/8/0/0/0,26937:1747647671114:,1747647683085
counter/4/0/0/0,22329:1747647668707:,1747647683086
counter/3/0/0/0,22957:1747647668690:,1747647683086
counter/10/0/0/0,24061:1747647667998:,1747647683086
counter/9/0/0/0,28804:1747647671844:,1747647683086
counter/6/0/0/0,25891:1747647672709:,1747647683086
counter/6/0/0/0,25892:1747647672709:,1747647683086
counter/1/0/0/0,22977:1747647669758:,1747647683086
counter/7/0/0/0,25631:1747647670875:,1747647683086
counter/2/0/0/0,28648:1747647673228:,1747647683086
counter/8/0/0/0,26938:1747647671114:,1747647683086
counter/7/0/0/0,25632:1747647670875:,1747647683086
counter/3/0/0/0,22958:1747647668690:,1747647683086
counter/3/0/0/0,22959:1747647668690:,1747647683086
counter/3/0/0/0,22960:1747647668690:,1747647683086
counter/3/0/0/0,22961:1747647668690:,1747647683086
counter/1/0/0/0,22978:1747647669759:,1747647683086
counter/5/0/0/0,26329:1747647671156:,1747647683086
counter/2/0/0/0,28649:1747647673229:,1747647683086
counter/4/0/0/0,22330:1747647668707:,1747647683086
counter/8/0/0/0,26939:1747647671114:,1747647683086
counter/7/0/0/0,25633:1747647670875:,1747647683086
counter/10/0/0/0,24062:1747647667998:,1747647683086
counter/9/0/0/0,28805:1747647671848:,1747647683086
counter/3/0/0/0,22962:1747647668690:,1747647683086
counter/6/0/0/0,25893:1747647672709:,1747647683086
counter/1/0/0/0,22979:1747647669770:,1747647683086
counter/5/0/0/0,26330:1747647671156:,1747647683086
counter/2/0/0/0,28650:1747647673229:,1747647683086
counter/4/0/0/0,22331:1747647668707:,1747647683086
counter/8/0/0/0,26940:1747647671114:,1747647683086
counter/8/0/0/0,26941:1747647671114:,1747647683086
counter/8/0/0/0,26942:1747647671114:,1747647683086
counter/8/0/0/0,26943:1747647671114:,1747647683086
counter/8/0/0/0,26944:1747647671114:,1747647683086
counter/8/0/0/0,26945:1747647671114:,1747647683086
counter/8/0/0/0,26946:1747647671114:,1747647683086
counter/8/0/0/0,26947:1747647671114:,1747647683086
counter/8/0/0/0,26948:1747647671114:,1747647683087
counter/1/0/0/0,22980:1747647669770:,1747647683087
counter/3/0/0/0,22963:1747647668690:,1747647683087
counter/2/0/0/0,28651:1747647673229:,1747647683087
counter/4/0/0/0,22332:1747647668707:,1747647683087
counter/7/0/0/0,25634:1747647670875:,1747647683087
counter/8/0/0/0,26949:1747647671114:,1747647683087
counter/7/0/0/0,25635:1747647670875:,1747647683087
counter/8/0/0/0,26950:1747647671114:,1747647683087
counter/7/0/0/0,25636:1747647670875:,1747647683087
counter/8/0/0/0,26951:1747647671114:,1747647683087
counter/7/0/0/0,25637:1747647670875:,1747647683087
counter/8/0/0/0,26952:1747647671114:,1747647683087
counter/7/0/0/0,25638:1747647670875:,1747647683087
counter/2/0/0/0,28652:1747647673229:,1747647683087
counter/7/0/0/0,25639:1747647670875:,1747647683087
counter/4/0/0/0,22333:1747647668707:,1747647683087
counter/9/0/0/0,28806:1747647671848:,1747647683087
counter/7/0/0/0,25640:1747647670875:,1747647683087
counter/8/0/0/0,26953:1747647671114:,1747647683087
counter/7/0/0/0,25641:1747647670875:,1747647683087
counter/8/0/0/0,26954:1747647671114:,1747647683087
counter/8/0/0/0,26955:1747647671114:,1747647683087
counter/8/0/0/0,26956:1747647671115:,1747647683087
counter/7/0/0/0,25642:1747647670875:,1747647683087
counter/8/0/0/0,26957:1747647671115:,1747647683087
counter/3/0/0/0,22964:1747647668690:,1747647683087
counter/2/0/0/0,28653:1747647673229:,1747647683087
counter/4/0/0/0,22334:1747647668708:,1747647683087
counter/9/0/0/0,28807:1747647671848:,1747647683087
counter/10/0/0/0,24063:1747647667998:,1747647683087
counter/6/0/0/0,25894:1747647672709:,1747647683087
counter/8/0/0/0,26958:1747647671115:,1747647683087
counter/6/0/0/0,25895:1747647672709:,1747647683087
counter/5/0/0/0,26331:1747647671156:,1747647683087
counter/5/0/0/0,26332:1747647671156:,1747647683087
counter/5/0/0/0,26333:1747647671156:,1747647683087
counter/3/0/0/0,22965:1747647668690:,1747647683087
counter/4/0/0/0,22335:1747647668708:,1747647683088
counter/9/0/0/0,28808:1747647671848:,1747647683088
counter/9/0/0/0,28809:1747647671848:,1747647683088
counter/9/0/0/0,28810:1747647671863:,1747647683088
counter/9/0/0/0,28811:1747647671863:,1747647683088
counter/9/0/0/0,28812:1747647671863:,1747647683088
counter/9/0/0/0,28813:1747647671864:,1747647683088
counter/9/0/0/0,28814:1747647671866:,1747647683088
counter/4/0/0/0,22336:1747647668708:,1747647683088
counter/9/0/0/0,28815:1747647671866:,1747647683088
counter/4/0/0/0,22337:1747647668708:,1747647683088
counter/9/0/0/0,28816:1747647671867:,1747647683088
counter/4/0/0/0,22338:1747647668708:,1747647683088
counter/4/0/0/0,22339:1747647668709:,1747647683088
counter/6/0/0/0,25896:1747647672709:,1747647683088
counter/4/0/0/0,22340:1747647668709:,1747647683088
counter/6/0/0/0,25897:1747647672709:,1747647683088
counter/9/0/0/0,28817:1747647671867:,1747647683088
counter/7/0/0/0,25643:1747647670875:,1747647683088
counter/2/0/0/0,28654:1747647673229:,1747647683088
counter/6/0/0/0,25898:1747647672710:,1747647683088
counter/8/0/0/0,26959:1747647671115:,1747647683088
counter/6/0/0/0,25899:1747647672710:,1747647683088
counter/5/0/0/0,26334:1747647671157:,1747647683088
counter/7/0/0/0,25644:1747647670875:,1747647683088
counter/3/0/0/0,22966:1747647668690:,1747647683088
counter/9/0/0/0,28818:1747647671867:,1747647683088
counter/9/0/0/0,28819:1747647671867:,1747647683088
counter/10/0/0/0,24064:1747647667998:,1747647683088
counter/10/0/0/0,24065:1747647667998:,1747647683088
counter/4/0/0/0,22341:1747647668709:,1747647683088
counter/4/0/0/0,22342:1747647668709:,1747647683088
counter/4/0/0/0,22343:1747647668709:,1747647683088
counter/4/0/0/0,22344:1747647668709:,1747647683088
counter/4/0/0/0,22345:1747647668709:,1747647683088
counter/4/0/0/0,22346:1747647668709:,1747647683088
counter/4/0/0/0,22347:1747647668709:,1747647683088
counter/4/0/0/0,22348:1747647668709:,1747647683088
counter/4/0/0/0,22349:1747647668709:,1747647683088
counter/4/0/0/0,22350:1747647668709:,1747647683089
counter/4/0/0/0,22351:1747647668711:,1747647683089
counter/4/0/0/0,22352:1747647668712:,1747647683089
counter/4/0/0/0,22353:1747647668712:,1747647683089
counter/4/0/0/0,22354:1747647668712:,1747647683089
counter/4/0/0/0,22355:1747647668712:,1747647683089
counter/4/0/0/0,22356:1747647668714:,1747647683089
counter/4/0/0/0,22357:1747647668714:,1747647683089
counter/4/0/0/0,22358:1747647668714:,1747647683089
counter/4/0/0/0,22359:1747647668714:,1747647683089
counter/4/0/0/0,22360:1747647668714:,1747647683089
counter/4/0/0/0,22361:1747647668714:,1747647683089
counter/4/0/0/0,22362:1747647668714:,1747647683089
counter/4/0/0/0,22363:1747647668718:,1747647683089
counter/4/0/0/0,22364:1747647668718:,1747647683089
counter/4/0/0/0,22365:1747647668718:,1747647683089
counter/4/0/0/0,22366:1747647668718:,1747647683089
counter/4/0/0/0,22367:1747647668718:,1747647683089
counter/4/0/0/0,22368:1747647668718:,1747647683089
counter/4/0/0/0,22369:1747647668718:,1747647683089
counter/4/0/0/0,22370:1747647668718:,1747647683089
counter/4/0/0/0,22371:1747647668718:,1747647683089
counter/4/0/0/0,22372:1747647668718:,1747647683089
counter/7/0/0/0,25645:1747647670875:,1747647683089
counter/8/0/0/0,26960:1747647671115:,1747647683089
counter/10/0/0/0,24066:1747647667998:,1747647683089
counter/5/0/0/0,26335:1747647671157:,1747647683089
counter/3/0/0/0,22967:1747647668690:,1747647683089
counter/3/0/0/0,22968:1747647668690:,1747647683089
counter/3/0/0/0,22969:1747647668690:,1747647683089
counter/3/0/0/0,22970:1747647668690:,1747647683089
counter/2/0/0/0,28655:1747647673229:,1747647683089
counter/1/0/0/0,22981:1747647669770:,1747647683089
counter/7/0/0/0,25646:1747647670875:,1747647683089
counter/8/0/0/0,26961:1747647671115:,1747647683089
counter/10/0/0/0,24067:1747647667998:,1747647683089
counter/5/0/0/0,26336:1747647671157:,1747647683089
counter/5/0/0/0,26337:1747647671157:,1747647683089
counter/5/0/0/0,26338:1747647671157:,1747647683089
counter/5/0/0/0,26339:1747647671157:,1747647683089
counter/5/0/0/0,26340:1747647671157:,1747647683089
counter/5/0/0/0,26341:1747647671157:,1747647683089
counter/5/0/0/0,26342:1747647671157:,1747647683090
counter/10/0/0/0,24068:1747647667999:,1747647683090
counter/5/0/0/0,26343:1747647671157:,1747647683090
counter/5/0/0/0,26344:1747647671157:,1747647683090
counter/6/0/0/0,25900:1747647672710:,1747647683090
counter/9/0/0/0,28820:1747647671867:,1747647683090
counter/4/0/0/0,22373:1747647668718:,1747647683090
counter/9/0/0/0,28821:1747647671870:,1747647683090
counter/9/0/0/0,28822:1747647671870:,1747647683090
counter/9/0/0/0,28823:1747647671870:,1747647683090
counter/9/0/0/0,28824:1747647671871:,1747647683090
counter/9/0/0/0,28825:1747647671871:,1747647683090
counter/9/0/0/0,28826:1747647671871:,1747647683090
counter/9/0/0/0,28827:1747647671893:,1747647683090
counter/9/0/0/0,28828:1747647671898:,1747647683090
counter/9/0/0/0,28829:1747647671898:,1747647683090
counter/9/0/0/0,28830:1747647671898:,1747647683090
counter/1/0/0/0,22982:1747647669771:,1747647683090
counter/5/0/0/0,26345:1747647671157:,1747647683090
counter/5/0/0/0,26346:1747647671157:,1747647683090
counter/5/0/0/0,26347:1747647671157:,1747647683090
counter/5/0/0/0,26348:1747647671157:,1747647683090
counter/5/0/0/0,26349:1747647671157:,1747647683090
counter/5/0/0/0,26350:1747647671157:,1747647683090
counter/6/0/0/0,25901:1747647672710:,1747647683090
counter/9/0/0/0,28831:1747647671898:,1747647683090
counter/6/0/0/0,25902:1747647672710:,1747647683090
counter/1/0/0/0,22983:1747647669771:,1747647683090
counter/10/0/0/0,24069:1747647667999:,1747647683090
counter/4/0/0/0,22374:1747647668722:,1747647683090
counter/7/0/0/0,25647:1747647670875:,1747647683090
counter/5/0/0/0,26351:1747647671157:,1747647683090
counter/7/0/0/0,25648:1747647670875:,1747647683090
counter/8/0/0/0,26962:1747647671115:,1747647683090
counter/9/0/0/0,28832:1747647671898:,1747647683090
counter/9/0/0/0,28833:1747647671898:,1747647683090
counter/9/0/0/0,28834:1747647671898:,1747647683090
counter/9/0/0/0,28835:1747647671904:,1747647683090
counter/9/0/0/0,28836:1747647671904:,1747647683090
counter/9/0/0/0,28837:1747647671904:,1747647683090
counter/9/0/0/0,28838:1747647671904:,1747647683090
counter/9/0/0/0,28839:1747647671904:,1747647683091
counter/9/0/0/0,28840:1747647671905:,1747647683091
counter/9/0/0/0,28841:1747647671905:,1747647683091
counter/1/0/0/0,22984:1747647669771:,1747647683091
counter/6/0/0/0,25903:1747647672710:,1747647683091
counter/10/0/0/0,24070:1747647667999:,1747647683091
counter/4/0/0/0,22375:1747647668724:,1747647683091
counter/3/0/0/0,22971:1747647668691:,1747647683091
counter/5/0/0/0,26352:1747647671157:,1747647683091
counter/5/0/0/0,26353:1747647671157:,1747647683091
counter/5/0/0/0,26354:1747647671157:,1747647683091
counter/5/0/0/0,26355:1747647671157:,1747647683091
counter/7/0/0/0,25649:1747647670878:,1747647683091
counter/1/0/0/0,22985:1747647669771:,1747647683091
counter/7/0/0/0,25650:1747647670878:,1747647683091
counter/10/0/0/0,24071:1747647667999:,1747647683091
counter/6/0/0/0,25904:1747647672710:,1747647683091
counter/3/0/0/0,22972:1747647668705:,1747647683091
counter/9/0/0/0,28842:1747647671905:,1747647683091
counter/5/0/0/0,26356:1747647671157:,1747647683091
counter/5/0/0/0,26357:1747647671157:,1747647683091
counter/2/0/0/0,28656:1747647673230:,1747647683091
counter/1/0/0/0,22986:1747647669771:,1747647683091
counter/1/0/0/0,22987:1747647669771:,1747647683091
counter/1/0/0/0,22988:1747647669771:,1747647683091
counter/1/0/0/0,22989:1747647669771:,1747647683091
counter/6/0/0/0,25905:1747647672711:,1747647683091
counter/3/0/0/0,22973:1747647668705:,1747647683091
counter/9/0/0/0,28843:1747647671905:,1747647683091
counter/5/0/0/0,26358:1747647671157:,1747647683091
counter/5/0/0/0,26359:1747647671157:,1747647683091
counter/5/0/0/0,26360:1747647671158:,1747647683091
counter/5/0/0/0,26361:1747647671158:,1747647683091
counter/5/0/0/0,26362:1747647671158:,1747647683091
counter/5/0/0/0,26363:1747647671158:,1747647683091
counter/10/0/0/0,24072:1747647667999:,1747647683091
counter/6/0/0/0,25906:1747647672711:,1747647683091
counter/3/0/0/0,22974:1747647668705:,1747647683092
counter/9/0/0/0,28844:1747647671906:,1747647683092
counter/9/0/0/0,28845:1747647671915:,1747647683092
counter/9/0/0/0,28846:1747647671915:,1747647683092
counter/9/0/0/0,28847:1747647671915:,1747647683092
counter/9/0/0/0,28848:1747647671916:,1747647683092
counter/9/0/0/0,28849:1747647671916:,1747647683092
counter/9/0/0/0,28850:1747647671916:,1747647683092
counter/9/0/0/0,28851:1747647671916:,1747647683092
counter/9/0/0/0,28852:1747647671916:,1747647683092
counter/9/0/0/0,28853:1747647671916:,1747647683092
counter/9/0/0/0,28854:1747647671916:,1747647683092
counter/6/0/0/0,25907:1747647672711:,1747647683092
counter/5/0/0/0,26364:1747647671158:,1747647683092
counter/6/0/0/0,25908:1747647672711:,1747647683092
counter/8/0/0/0,26963:1747647671116:,1747647683092
counter/7/0/0/0,25651:1747647670878:,1747647683092
counter/3/0/0/0,22975:1747647668705:,1747647683092
counter/1/0/0/0,22990:1747647669771:,1747647683092
counter/2/0/0/0,28657:1747647673230:,1747647683092
counter/2/0/0/0,28658:1747647673247:,1747647683092
counter/4/0/0/0,22376:1747647668724:,1747647683092
counter/5/0/0/0,26365:1747647671158:,1747647683092
counter/6/0/0/0,25909:1747647672712:,1747647683092
counter/10/0/0/0,24073:1747647667999:,1747647683092
counter/8/0/0/0,26964:1747647671117:,1747647683092
counter/7/0/0/0,25652:1747647670878:,1747647683092
counter/3/0/0/0,22976:1747647668705:,1747647683092
counter/1/0/0/0,22991:1747647669771:,1747647683092
counter/2/0/0/0,28659:1747647673248:,1747647683092
counter/2/0/0/0,28660:1747647673248:,1747647683092
counter/2/0/0/0,28661:1747647673248:,1747647683092
counter/2/0/0/0,28662:1747647673248:,1747647683092
counter/2/0/0/0,28663:1747647673248:,1747647683092
counter/2/0/0/0,28664:1747647673248:,1747647683092
counter/2/0/0/0,28665:1747647673248:,1747647683092
counter/2/0/0/0,28666:1747647673248:,1747647683092
counter/2/0/0/0,28667:1747647673248:,1747647683092
counter/2/0/0/0,28668:1747647673248:,1747647683092
counter/2/0/0/0,28669:1747647673248:,1747647683092
counter/2/0/0/0,28670:1747647673248:,1747647683092
counter/2/0/0/0,28671:1747647673248:,1747647683092
counter/2/0/0/0,28672:1747647673248:,1747647683093
counter/2/0/0/0,28673:1747647673248:,1747647683093
counter/2/0/0/0,28674:1747647673248:,1747647683093
counter/2/0/0/0,28675:1747647673248:,1747647683093
counter/4/0/0/0,22377:1747647668724:,1747647683093
counter/2/0/0/0,28676:1747647673248:,1747647683093
counter/5/0/0/0,26366:1747647671158:,1747647683093
counter/10/0/0/0,24074:1747647667999:,1747647683093
counter/8/0/0/0,26965:1747647671117:,1747647683093
counter/8/0/0/0,26966:1747647671117:,1747647683093
counter/8/0/0/0,26967:1747647671117:,1747647683093
counter/8/0/0/0,26968:1747647671117:,1747647683093
counter/8/0/0/0,26969:1747647671117:,1747647683093
counter/8/0/0/0,26970:1747647671117:,1747647683093
counter/7/0/0/0,25653:1747647670880:,1747647683093
counter/8/0/0/0,26971:1747647671117:,1747647683093
counter/5/0/0/0,26367:1747647671158:,1747647683093
counter/7/0/0/0,25654:1747647670880:,1747647683093
counter/3/0/0/0,22977:1747647668706:,1747647683093
counter/7/0/0/0,25655:1747647670880:,1747647683093
counter/1/0/0/0,22992:1747647669771:,1747647683093
counter/9/0/0/0,28855:1747647671916:,1747647683093
counter/9/0/0/0,28856:1747647671916:,1747647683093
counter/9/0/0/0,28857:1747647671916:,1747647683093
counter/9/0/0/0,28858:1747647671916:,1747647683093
counter/9/0/0/0,28859:1747647671937:,1747647683093
counter/9/0/0/0,28860:1747647671937:,1747647683093
counter/9/0/0/0,28861:1747647671937:,1747647683093
counter/9/0/0/0,28862:1747647671937:,1747647683093
counter/9/0/0/0,28863:1747647671937:,1747647683093
counter/6/0/0/0,25910:1747647672712:,1747647683093
counter/8/0/0/0,26972:1747647671117:,1747647683093
counter/4/0/0/0,22378:1747647668725:,1747647683093
counter/10/0/0/0,24075:1747647668002:,1747647683093
counter/5/0/0/0,26368:1747647671158:,1747647683093
counter/5/0/0/0,26369:1747647671158:,1747647683093
counter/5/0/0/0,26370:1747647671158:,1747647683093
counter/5/0/0/0,26371:1747647671158:,1747647683094
counter/2/0/0/0,28677:1747647673248:,1747647683094
counter/5/0/0/0,26372:1747647671158:,1747647683094
counter/5/0/0/0,26373:1747647671158:,1747647683094
counter/6/0/0/0,25911:1747647672712:,1747647683094
counter/4/0/0/0,22379:1747647668725:,1747647683094
counter/6/0/0/0,25912:1747647672712:,1747647683094
counter/6/0/0/0,25913:1747647672712:,1747647683094
counter/3/0/0/0,22978:1747647668706:,1747647683094
counter/7/0/0/0,25656:1747647670880:,1747647683094
counter/1/0/0/0,22993:1747647669771:,1747647683094
counter/5/0/0/0,26374:1747647671158:,1747647683094
counter/5/0/0/0,26375:1747647671158:,1747647683094
counter/5/0/0/0,26376:1747647671158:,1747647683094
counter/5/0/0/0,26377:1747647671158:,1747647683094
counter/5/0/0/0,26378:1747647671158:,1747647683094
counter/5/0/0/0,26379:1747647671158:,1747647683094
counter/5/0/0/0,26380:1747647671159:,1747647683094
counter/3/0/0/0,22979:1747647668706:,1747647683094
counter/7/0/0/0,25657:1747647670880:,1747647683094
counter/1/0/0/0,22994:1747647669771:,1747647683094
counter/2/0/0/0,28678:1747647673248:,1747647683094
counter/10/0/0/0,24076:1747647668002:,1747647683094
counter/4/0/0/0,22380:1747647668725:,1747647683094
counter/9/0/0/0,28864:1747647671937:,1747647683094
counter/5/0/0/0,26381:1747647671159:,1747647683094
counter/5/0/0/0,26382:1747647671188:,1747647683094
counter/5/0/0/0,26383:1747647671201:,1747647683094
counter/5/0/0/0,26384:1747647671201:,1747647683094
counter/5/0/0/0,26385:1747647671206:,1747647683094
counter/5/0/0/0,26386:1747647671207:,1747647683094
counter/5/0/0/0,26387:1747647671207:,1747647683094
counter/5/0/0/0,26388:1747647671207:,1747647683094
counter/5/0/0/0,26389:1747647671207:,1747647683094
counter/5/0/0/0,26390:1747647671207:,1747647683094
counter/3/0/0/0,22980:1747647668711:,1747647683094
counter/5/0/0/0,26391:1747647671215:,1747647683095
counter/1/0/0/0,22995:1747647669771:,1747647683095
counter/2/0/0/0,28679:1747647673248:,1747647683095
counter/7/0/0/0,25658:1747647670880:,1747647683095
counter/7/0/0/0,25659:1747647670880:,1747647683095
counter/10/0/0/0,24077:1747647668002:,1747647683095
counter/9/0/0/0,28865:1747647671938:,1747647683095
counter/5/0/0/0,26392:1747647671216:,1747647683095
counter/5/0/0/0,26393:1747647671216:,1747647683095
counter/5/0/0/0,26394:1747647671216:,1747647683095
counter/5/0/0/0,26395:1747647671216:,1747647683095
counter/1/0/0/0,22996:1747647669794:,1747647683095
counter/2/0/0/0,28680:1747647673248:,1747647683095
counter/4/0/0/0,22381:1747647668725:,1747647683095
counter/10/0/0/0,24078:1747647668007:,1747647683095
counter/7/0/0/0,25660:1747647670880:,1747647683095
counter/9/0/0/0,28866:1747647671938:,1747647683095
counter/3/0/0/0,22981:1747647668711:,1747647683095
counter/6/0/0/0,25914:1747647672712:,1747647683095
counter/5/0/0/0,26396:1747647671216:,1747647683095
counter/6/0/0/0,25915:1747647672712:,1747647683095
counter/1/0/0/0,22997:1747647669794:,1747647683095
counter/2/0/0/0,28681:1747647673248:,1747647683095
counter/4/0/0/0,22382:1747647668726:,1747647683095
counter/10/0/0/0,24079:1747647668008:,1747647683095
counter/7/0/0/0,25661:1747647670880:,1747647683095
counter/9/0/0/0,28867:1747647671938:,1747647683095
counter/3/0/0/0,22982:1747647668711:,1747647683095
counter/5/0/0/0,26397:1747647671216:,1747647683095
counter/5/0/0/0,26398:1747647671216:,1747647683095
counter/5/0/0/0,26399:1747647671216:,1747647683095
counter/5/0/0/0,26400:1747647671216:,1747647683095
counter/5/0/0/0,26401:1747647671217:,1747647683095
counter/5/0/0/0,26402:1747647671217:,1747647683095
counter/5/0/0/0,26403:1747647671217:,1747647683095
counter/5/0/0/0,26404:1747647671217:,1747647683095
counter/5/0/0/0,26405:1747647671230:,1747647683095
counter/5/0/0/0,26406:1747647671231:,1747647683096
counter/5/0/0/0,26407:1747647671231:,1747647683096
counter/5/0/0/0,26408:1747647671238:,1747647683096
counter/5/0/0/0,26409:1747647671238:,1747647683096
counter/5/0/0/0,26410:1747647671238:,1747647683096
counter/5/0/0/0,26411:1747647671238:,1747647683096
counter/5/0/0/0,26412:1747647671238:,1747647683096
counter/5/0/0/0,26413:1747647671238:,1747647683096
counter/1/0/0/0,22998:1747647669794:,1747647683096
counter/5/0/0/0,26414:1747647671238:,1747647683096
counter/6/0/0/0,25916:1747647672712:,1747647683096
counter/2/0/0/0,28682:1747647673248:,1747647683096
counter/6/0/0/0,25917:1747647672712:,1747647683096
counter/9/0/0/0,28868:1747647671938:,1747647683096
counter/10/0/0/0,24080:1747647668008:,1747647683096
counter/10/0/0/0,24081:1747647668008:,1747647683096
counter/3/0/0/0,22983:1747647668711:,1747647683096
counter/10/0/0/0,24082:1747647668008:,1747647683096
counter/8/0/0/0,26973:1747647671127:,1747647683096
counter/1/0/0/0,22999:1747647669795:,1747647683096
counter/1/0/0/0,23000:1747647669795:,1747647683096
counter/1/0/0/0,23001:1747647669798:,1747647683096
counter/1/0/0/0,23002:1747647669799:,1747647683096
counter/1/0/0/0,23003:1747647669799:,1747647683096
counter/5/0/0/0,26415:1747647671238:,1747647683096
counter/3/0/0/0,22984:1747647668711:,1747647683096
counter/7/0/0/0,25662:1747647670880:,1747647683096
counter/10/0/0/0,24083:1747647668008:,1747647683097
counter/8/0/0/0,26974:1747647671127:,1747647683097
counter/8/0/0/0,26975:1747647671127:,1747647683097
counter/8/0/0/0,26976:1747647671127:,1747647683097
counter/8/0/0/0,26977:1747647671127:,1747647683097
counter/8/0/0/0,26978:1747647671127:,1747647683097
counter/1/0/0/0,23004:1747647669799:,1747647683097
counter/5/0/0/0,26416:1747647671238:,1747647683097
counter/3/0/0/0,22985:1747647668711:,1747647683097
counter/7/0/0/0,25663:1747647670880:,1747647683097
counter/10/0/0/0,24084:1747647668008:,1747647683097
counter/2/0/0/0,28683:1747647673248:,1747647683097
counter/6/0/0/0,25918:1747647672712:,1747647683097
counter/8/0/0/0,26979:1747647671128:,1747647683097
counter/6/0/0/0,25919:1747647672712:,1747647683097
counter/1/0/0/0,23005:1747647669804:,1747647683097
counter/1/0/0/0,23006:1747647669813:,1747647683097
counter/5/0/0/0,26417:1747647671239:,1747647683097
counter/3/0/0/0,22986:1747647668711:,1747647683097
counter/10/0/0/0,24085:1747647668008:,1747647683097
counter/7/0/0/0,25664:1747647670880:,1747647683097
counter/2/0/0/0,28684:1747647673248:,1747647683097
counter/2/0/0/0,28685:1747647673248:,1747647683097
counter/2/0/0/0,28686:1747647673248:,1747647683097
counter/2/0/0/0,28687:1747647673248:,1747647683097
counter/2/0/0/0,28688:1747647673249:,1747647683097
counter/2/0/0/0,28689:1747647673249:,1747647683097
counter/2/0/0/0,28690:1747647673249:,1747647683097
counter/2/0/0/0,28691:1747647673249:,1747647683097
counter/2/0/0/0,28692:1747647673249:,1747647683097
counter/2/0/0/0,28693:1747647673249:,1747647683097
counter/2/0/0/0,28694:1747647673249:,1747647683097
counter/2/0/0/0,28695:1747647673249:,1747647683097
counter/2/0/0/0,28696:1747647673249:,1747647683097
counter/2/0/0/0,28697:1747647673249:,1747647683097
counter/2/0/0/0,28698:1747647673249:,1747647683097
counter/2/0/0/0,28699:1747647673249:,1747647683098
counter/2/0/0/0,28700:1747647673249:,1747647683098
counter/2/0/0/0,28701:1747647673249:,1747647683098
counter/2/0/0/0,28702:1747647673249:,1747647683098
counter/2/0/0/0,28703:1747647673249:,1747647683098
counter/2/0/0/0,28704:1747647673249:,1747647683098
counter/2/0/0/0,28705:1747647673249:,1747647683098
counter/5/0/0/0,26418:1747647671239:,1747647683098
counter/2/0/0/0,28706:1747647673249:,1747647683098
counter/6/0/0/0,25920:1747647672712:,1747647683098
counter/4/0/0/0,22383:1747647668726:,1747647683098
counter/2/0/0/0,28707:1747647673249:,1747647683098
counter/3/0/0/0,22987:1747647668711:,1747647683098
counter/2/0/0/0,28708:1747647673249:,1747647683098
counter/3/0/0/0,22988:1747647668713:,1747647683098
counter/9/0/0/0,28869:1747647671938:,1747647683098
counter/5/0/0/0,26419:1747647671239:,1747647683098
counter/2/0/0/0,28709:1747647673249:,1747647683098
counter/3/0/0/0,22989:1747647668713:,1747647683098
counter/6/0/0/0,25921:1747647672714:,1747647683098
counter/4/0/0/0,22384:1747647668726:,1747647683098
counter/2/0/0/0,28710:1747647673249:,1747647683098
counter/3/0/0/0,22990:1747647668713:,1747647683098
counter/10/0/0/0,24086:1747647668008:,1747647683098
counter/8/0/0/0,26980:1747647671128:,1747647683098
counter/2/0/0/0,28711:1747647673249:,1747647683098
counter/3/0/0/0,22991:1747647668713:,1747647683098
counter/1/0/0/0,23007:1747647669813:,1747647683098
counter/2/0/0/0,28712:1747647673249:,1747647683098
counter/3/0/0/0,22992:1747647668713:,1747647683098
counter/7/0/0/0,25665:1747647670880:,1747647683098
counter/2/0/0/0,28713:1747647673249:,1747647683098
counter/5/0/0/0,26420:1747647671239:,1747647683098
counter/4/0/0/0,22385:1747647668726:,1747647683098
counter/2/0/0/0,28714:1747647673249:,1747647683098
counter/6/0/0/0,25922:1747647672714:,1747647683098
counter/10/0/0/0,24087:1747647668008:,1747647683098
counter/8/0/0/0,26981:1747647671128:,1747647683098
counter/1/0/0/0,23008:1747647669813:,1747647683098
counter/3/0/0/0,22993:1747647668713:,1747647683099
counter/2/0/0/0,28715:1747647673249:,1747647683099
counter/2/0/0/0,28716:1747647673249:,1747647683099
counter/2/0/0/0,28717:1747647673250:,1747647683099
counter/5/0/0/0,26421:1747647671240:,1747647683099
counter/9/0/0/0,28870:1747647671938:,1747647683099
counter/6/0/0/0,25923:1747647672714:,1747647683099
counter/10/0/0/0,24088:1747647668008:,1747647683099
counter/8/0/0/0,26982:1747647671145:,1747647683099
counter/1/0/0/0,23009:1747647669813:,1747647683099
counter/3/0/0/0,22994:1747647668713:,1747647683099
counter/3/0/0/0,22995:1747647668713:,1747647683099
counter/3/0/0/0,22996:1747647668758:,1747647683099
counter/3/0/0/0,22997:1747647668758:,1747647683099
counter/3/0/0/0,22998:1747647668758:,1747647683099
counter/3/0/0/0,22999:1747647668769:,1747647683099
counter/3/0/0/0,23000:1747647668769:,1747647683099
counter/3/0/0/0,23001:1747647668769:,1747647683099
counter/8/0/0/0,26983:1747647671145:,1747647683099
counter/1/0/0/0,23010:1747647669813:,1747647683099
counter/7/0/0/0,25666:1747647670880:,1747647683099
counter/2/0/0/0,28718:1747647673250:,1747647683099
counter/7/0/0/0,25667:1747647670880:,1747647683099
counter/5/0/0/0,26422:1747647671240:,1747647683099
counter/9/0/0/0,28871:1747647671938:,1747647683099
counter/6/0/0/0,25924:1747647672714:,1747647683099
counter/3/0/0/0,23002:1747647668769:,1747647683099
counter/10/0/0/0,24089:1747647668008:,1747647683099
counter/8/0/0/0,26984:1747647671145:,1747647683099
counter/8/0/0/0,26985:1747647671145:,1747647683099
counter/4/0/0/0,22386:1747647668726:,1747647683099
counter/2/0/0/0,28719:1747647673250:,1747647683099
counter/7/0/0/0,25668:1747647670880:,1747647683100
counter/5/0/0/0,26423:1747647671240:,1747647683100
counter/7/0/0/0,25669:1747647670880:,1747647683100
counter/7/0/0/0,25670:1747647670880:,1747647683100
counter/3/0/0/0,23003:1747647668769:,1747647683100
counter/6/0/0/0,25925:1747647672714:,1747647683100
counter/1/0/0/0,23011:1747647669813:,1747647683100
counter/6/0/0/0,25926:1747647672726:,1747647683100
counter/4/0/0/0,22387:1747647668726:,1747647683100
counter/2/0/0/0,28720:1747647673250:,1747647683100
counter/2/0/0/0,28721:1747647673250:,1747647683100
counter/2/0/0/0,28722:1747647673250:,1747647683100
counter/2/0/0/0,28723:1747647673250:,1747647683100
counter/2/0/0/0,28724:1747647673250:,1747647683100
counter/2/0/0/0,28725:1747647673254:,1747647683100
counter/2/0/0/0,28726:1747647673257:,1747647683100
counter/2/0/0/0,28727:1747647673257:,1747647683100
counter/2/0/0/0,28728:1747647673257:,1747647683100
counter/2/0/0/0,28729:1747647673257:,1747647683100
counter/5/0/0/0,26424:1747647671240:,1747647683100
counter/10/0/0/0,24090:1747647668008:,1747647683100
counter/3/0/0/0,23004:1747647668769:,1747647683100
counter/7/0/0/0,25671:1747647670880:,1747647683100
counter/8/0/0/0,26986:1747647671145:,1747647683100
counter/7/0/0/0,25672:1747647670887:,1747647683100
counter/7/0/0/0,25673:1747647670887:,1747647683100
counter/4/0/0/0,22388:1747647668726:,1747647683100
counter/2/0/0/0,28730:1747647673258:,1747647683100
counter/4/0/0/0,22389:1747647668726:,1747647683100
counter/5/0/0/0,26425:1747647671240:,1747647683100
counter/10/0/0/0,24091:1747647668008:,1747647683100
counter/3/0/0/0,23005:1747647668769:,1747647683100
counter/1/0/0/0,23012:1747647669813:,1747647683100
counter/8/0/0/0,26987:1747647671145:,1747647683100
counter/7/0/0/0,25674:1747647670890:,1747647683100
counter/7/0/0/0,25675:1747647670890:,1747647683100
counter/2/0/0/0,28731:1747647673258:,1747647683100
counter/6/0/0/0,25927:1747647672726:,1747647683100
counter/4/0/0/0,22390:1747647668726:,1747647683100
counter/5/0/0/0,26426:1747647671240:,1747647683100
counter/10/0/0/0,24092:1747647668008:,1747647683101
counter/3/0/0/0,23006:1747647668769:,1747647683101
counter/1/0/0/0,23013:1747647669813:,1747647683101
counter/8/0/0/0,26988:1747647671146:,1747647683101
counter/7/0/0/0,25676:1747647670890:,1747647683101
counter/2/0/0/0,28732:1747647673258:,1747647683101
counter/7/0/0/0,25677:1747647670890:,1747647683101
counter/9/0/0/0,28872:1747647671938:,1747647683101
counter/4/0/0/0,22391:1747647668726:,1747647683101
counter/5/0/0/0,26427:1747647671240:,1747647683101
counter/10/0/0/0,24093:1747647668008:,1747647683101
counter/3/0/0/0,23007:1747647668769:,1747647683101
counter/1/0/0/0,23014:1747647669827:,1747647683101
counter/8/0/0/0,26989:1747647671146:,1747647683101
counter/2/0/0/0,28733:1747647673258:,1747647683101
counter/7/0/0/0,25678:1747647670890:,1747647683101
counter/7/0/0/0,25679:1747647670890:,1747647683101
counter/9/0/0/0,28873:1747647671938:,1747647683101
counter/4/0/0/0,22392:1747647668727:,1747647683101
counter/5/0/0/0,26428:1747647671240:,1747647683101
counter/10/0/0/0,24094:1747647668011:,1747647683101
counter/3/0/0/0,23008:1747647668769:,1747647683101
counter/1/0/0/0,23015:1747647669827:,1747647683101
counter/8/0/0/0,26990:1747647671146:,1747647683101
counter/2/0/0/0,28734:1747647673258:,1747647683101
counter/7/0/0/0,25680:1747647670890:,1747647683101
counter/7/0/0/0,25681:1747647670890:,1747647683101
counter/9/0/0/0,28874:1747647671938:,1747647683101
counter/4/0/0/0,22393:1747647668727:,1747647683101
counter/5/0/0/0,26429:1747647671240:,1747647683101
counter/5/0/0/0,26430:1747647671241:,1747647683101
counter/3/0/0/0,23009:1747647668769:,1747647683101
counter/1/0/0/0,23016:1747647669827:,1747647683101
counter/8/0/0/0,26991:1747647671146:,1747647683101
counter/2/0/0/0,28735:1747647673258:,1747647683101
counter/7/0/0/0,25682:1747647670890:,1747647683101
counter/9/0/0/0,28875:1747647671938:,1747647683101
counter/7/0/0/0,25683:1747647670890:,1747647683101
counter/4/0/0/0,22394:1747647668727:,1747647683101
counter/10/0/0/0,24095:1747647668011:,1747647683101
counter/10/0/0/0,24096:1747647668011:,1747647683101
counter/5/0/0/0,26431:1747647671241:,1747647683102
counter/1/0/0/0,23017:1747647669827:,1747647683102
counter/8/0/0/0,26992:1747647671146:,1747647683102
counter/2/0/0/0,28736:1747647673259:,1747647683102
counter/2/0/0/0,28737:1747647673259:,1747647683102
counter/2/0/0/0,28738:1747647673259:,1747647683102
counter/6/0/0/0,25928:1747647672726:,1747647683102
counter/4/0/0/0,22395:1747647668728:,1747647683102
counter/3/0/0/0,23010:1747647668769:,1747647683102
counter/5/0/0/0,26432:1747647671241:,1747647683102
counter/10/0/0/0,24097:1747647668011:,1747647683102
counter/1/0/0/0,23018:1747647669827:,1747647683102
counter/8/0/0/0,26993:1747647671146:,1747647683102
counter/8/0/0/0,26994:1747647671146:,1747647683102
counter/8/0/0/0,26995:1747647671146:,1747647683102
counter/8/0/0/0,26996:1747647671146:,1747647683102
counter/8/0/0/0,26997:1747647671146:,1747647683102
counter/8/0/0/0,26998:1747647671146:,1747647683102
counter/9/0/0/0,28876:1747647671942:,1747647683102
counter/8/0/0/0,26999:1747647671146:,1747647683102
counter/10/0/0/0,24098:1747647668011:,1747647683102
counter/1/0/0/0,23019:1747647669827:,1747647683102
counter/7/0/0/0,25684:1747647670890:,1747647683102
counter/4/0/0/0,22396:1747647668728:,1747647683102
counter/7/0/0/0,25685:1747647670890:,1747647683102
counter/7/0/0/0,25686:1747647670890:,1747647683102
counter/8/0/0/0,27000:1747647671146:,1747647683102
counter/6/0/0/0,25929:1747647672726:,1747647683102
counter/9/0/0/0,28877:1747647671948:,1747647683102
counter/9/0/0/0,28878:1747647671948:,1747647683102
counter/10/0/0/0,24099:1747647668011:,1747647683102
counter/1/0/0/0,23020:1747647669827:,1747647683102
counter/3/0/0/0,23011:1747647668769:,1747647683102
counter/4/0/0/0,22397:1747647668728:,1747647683102
counter/4/0/0/0,22398:1747647668728:,1747647683102
counter/8/0/0/0,27001:1747647671146:,1747647683102
counter/8/0/0/0,27002:1747647671146:,1747647683102
counter/6/0/0/0,25930:1747647672726:,1747647683102
counter/9/0/0/0,28879:1747647671948:,1747647683102
counter/6/0/0/0,25931:1747647672726:,1747647683102
counter/2/0/0/0,28739:1747647673259:,1747647683103
counter/1/0/0/0,23021:1747647669827:,1747647683103
counter/3/0/0/0,23012:1747647668769:,1747647683103
counter/7/0/0/0,25687:1747647670890:,1747647683103
counter/4/0/0/0,22399:1747647668728:,1747647683103
counter/8/0/0/0,27003:1747647671146:,1747647683103
counter/4/0/0/0,22400:1747647668728:,1747647683103
counter/9/0/0/0,28880:1747647671948:,1747647683103
counter/10/0/0/0,24100:1747647668011:,1747647683103
counter/6/0/0/0,25932:1747647672726:,1747647683103
counter/2/0/0/0,28740:1747647673259:,1747647683103
counter/2/0/0/0,28741:1747647673259:,1747647683103
counter/3/0/0/0,23013:1747647668770:,1747647683103
counter/7/0/0/0,25688:1747647670890:,1747647683103
counter/8/0/0/0,27004:1747647671146:,1747647683103
counter/7/0/0/0,25689:1747647670890:,1747647683103
counter/4/0/0/0,22401:1747647668728:,1747647683103
counter/9/0/0/0,28881:1747647671948:,1747647683103
counter/10/0/0/0,24101:1747647668011:,1747647683103
counter/1/0/0/0,23022:1747647669836:,1747647683103
counter/1/0/0/0,23023:1747647669836:,1747647683103
counter/1/0/0/0,23024:1747647669836:,1747647683103
counter/1/0/0/0,23025:1747647669836:,1747647683103
counter/1/0/0/0,23026:1747647669836:,1747647683103
counter/1/0/0/0,23027:1747647669836:,1747647683103
counter/1/0/0/0,23028:1747647669836:,1747647683103
counter/1/0/0/0,23029:1747647669842:,1747647683103
counter/1/0/0/0,23030:1747647669842:,1747647683103
counter/1/0/0/0,23031:1747647669842:,1747647683103
counter/1/0/0/0,23032:1747647669842:,1747647683103
counter/1/0/0/0,23033:1747647669844:,1747647683103
counter/1/0/0/0,23034:1747647669844:,1747647683103
counter/1/0/0/0,23035:1747647669844:,1747647683103
counter/1/0/0/0,23036:1747647669844:,1747647683103
counter/1/0/0/0,23037:1747647669844:,1747647683103
counter/1/0/0/0,23038:1747647669844:,1747647683103
counter/1/0/0/0,23039:1747647669844:,1747647683103
counter/1/0/0/0,23040:1747647669844:,1747647683103
counter/1/0/0/0,23041:1747647669844:,1747647683104
counter/1/0/0/0,23042:1747647669844:,1747647683104
counter/1/0/0/0,23043:1747647669847:,1747647683104
counter/10/0/0/0,24102:1747647668011:,1747647683104
counter/1/0/0/0,23044:1747647669847:,1747647683104
counter/2/0/0/0,28742:1747647673259:,1747647683104
counter/1/0/0/0,23045:1747647669847:,1747647683104
counter/3/0/0/0,23014:1747647668770:,1747647683104
counter/1/0/0/0,23046:1747647669847:,1747647683104
counter/3/0/0/0,23015:1747647668770:,1747647683104
counter/3/0/0/0,23016:1747647668771:,1747647683104
counter/5/0/0/0,26433:1747647671241:,1747647683104
counter/9/0/0/0,28882:1747647671948:,1747647683104
counter/7/0/0/0,25690:1747647670897:,1747647683104
counter/1/0/0/0,23047:1747647669847:,1747647683104
counter/1/0/0/0,23048:1747647669847:,1747647683104
counter/1/0/0/0,23049:1747647669847:,1747647683104
counter/1/0/0/0,23050:1747647669847:,1747647683104
counter/1/0/0/0,23051:1747647669848:,1747647683104
counter/6/0/0/0,25933:1747647672726:,1747647683104
counter/3/0/0/0,23017:1747647668771:,1747647683104
counter/6/0/0/0,25934:1747647672726:,1747647683104
counter/9/0/0/0,28883:1747647671948:,1747647683104
counter/7/0/0/0,25691:1747647670901:,1747647683104
counter/10/0/0/0,24103:1747647668012:,1747647683104
counter/2/0/0/0,28743:1747647673259:,1747647683104
counter/1/0/0/0,23052:1747647669848:,1747647683104
counter/1/0/0/0,23053:1747647669849:,1747647683104
counter/1/0/0/0,23054:1747647669849:,1747647683104
counter/1/0/0/0,23055:1747647669849:,1747647683104
counter/1/0/0/0,23056:1747647669849:,1747647683104
counter/1/0/0/0,23057:1747647669849:,1747647683104
counter/6/0/0/0,25935:1747647672726:,1747647683105
counter/6/0/0/0,25936:1747647672726:,1747647683105
counter/2/0/0/0,28744:1747647673259:,1747647683105
counter/6/0/0/0,25937:1747647672726:,1747647683105
counter/8/0/0/0,27005:1747647671146:,1747647683105
counter/3/0/0/0,23018:1747647668771:,1747647683105
counter/8/0/0/0,27006:1747647671146:,1747647683105
counter/1/0/0/0,23058:1747647669849:,1747647683105
counter/1/0/0/0,23059:1747647669850:,1747647683105
counter/1/0/0/0,23060:1747647669850:,1747647683105
counter/1/0/0/0,23061:1747647669850:,1747647683105
counter/1/0/0/0,23062:1747647669850:,1747647683105
counter/1/0/0/0,23063:1747647669851:,1747647683105
counter/1/0/0/0,23064:1747647669851:,1747647683105
counter/8/0/0/0,27007:1747647671146:,1747647683105
counter/3/0/0/0,23019:1747647668771:,1747647683105
counter/5/0/0/0,26434:1747647671241:,1747647683105
counter/10/0/0/0,24104:1747647668012:,1747647683105
counter/9/0/0/0,28884:1747647671948:,1747647683105
counter/9/0/0/0,28885:1747647671948:,1747647683105
counter/6/0/0/0,25938:1747647672726:,1747647683105
counter/4/0/0/0,22402:1747647668728:,1747647683105
counter/4/0/0/0,22403:1747647668728:,1747647683105
counter/4/0/0/0,22404:1747647668728:,1747647683105
counter/5/0/0/0,26435:1747647671241:,1747647683105
counter/4/0/0/0,22405:1747647668728:,1747647683105
counter/10/0/0/0,24105:1747647668012:,1747647683105
counter/4/0/0/0,22406:1747647668728:,1747647683105
counter/9/0/0/0,28886:1747647671948:,1747647683105
counter/9/0/0/0,28887:1747647671948:,1747647683105
counter/9/0/0/0,28888:1747647671948:,1747647683105
counter/9/0/0/0,28889:1747647671948:,1747647683105
counter/9/0/0/0,28890:1747647671948:,1747647683105
counter/9/0/0/0,28891:1747647671948:,1747647683105
counter/9/0/0/0,28892:1747647671948:,1747647683105
counter/9/0/0/0,28893:1747647671949:,1747647683105
counter/9/0/0/0,28894:1747647671949:,1747647683105
counter/9/0/0/0,28895:1747647671949:,1747647683105
counter/9/0/0/0,28896:1747647671949:,1747647683105
counter/9/0/0/0,28897:1747647671949:,1747647683105
counter/6/0/0/0,25939:1747647672731:,1747647683106
counter/6/0/0/0,25940:1747647672731:,1747647683106
counter/3/0/0/0,23020:1747647668771:,1747647683106
counter/6/0/0/0,25941:1747647672731:,1747647683106
counter/1/0/0/0,23065:1747647669851:,1747647683106
counter/5/0/0/0,26436:1747647671241:,1747647683106
counter/2/0/0/0,28745:1747647673259:,1747647683106
counter/10/0/0/0,24106:1747647668012:,1747647683106
counter/9/0/0/0,28898:1747647671949:,1747647683106
counter/8/0/0/0,27008:1747647671146:,1747647683106
counter/4/0/0/0,22407:1747647668728:,1747647683106
counter/3/0/0/0,23021:1747647668771:,1747647683106
counter/3/0/0/0,23022:1747647668772:,1747647683106
counter/1/0/0/0,23066:1747647669851:,1747647683106
counter/6/0/0/0,25942:1747647672731:,1747647683106
counter/5/0/0/0,26437:1747647671241:,1747647683106
counter/2/0/0/0,28746:1747647673259:,1747647683106
counter/10/0/0/0,24107:1747647668012:,1747647683106
counter/9/0/0/0,28899:1747647671949:,1747647683106
counter/8/0/0/0,27009:1747647671147:,1747647683106
counter/4/0/0/0,22408:1747647668728:,1747647683106
counter/4/0/0/0,22409:1747647668728:,1747647683106
counter/4/0/0/0,22410:1747647668728:,1747647683106
counter/4/0/0/0,22411:1747647668730:,1747647683106
counter/5/0/0/0,26438:1747647671241:,1747647683106
counter/5/0/0/0,26439:1747647671241:,1747647683106
counter/5/0/0/0,26440:1747647671241:,1747647683106
counter/10/0/0/0,24108:1747647668012:,1747647683106
counter/9/0/0/0,28900:1747647671949:,1747647683106
counter/8/0/0/0,27010:1747647671147:,1747647683106
counter/8/0/0/0,27011:1747647671147:,1747647683106
counter/8/0/0/0,27012:1747647671147:,1747647683106
counter/4/0/0/0,22412:1747647668730:,1747647683106
counter/4/0/0/0,22413:1747647668730:,1747647683106
counter/6/0/0/0,25943:1747647672742:,1747647683106
counter/2/0/0/0,28747:1747647673262:,1747647683106
counter/5/0/0/0,26441:1747647671241:,1747647683106
counter/10/0/0/0,24109:1747647668015:,1747647683106
counter/9/0/0/0,28901:1747647671949:,1747647683106
counter/9/0/0/0,28902:1747647671949:,1747647683106
counter/3/0/0/0,23023:1747647668772:,1747647683106
counter/8/0/0/0,27013:1747647671147:,1747647683107
counter/4/0/0/0,22414:1747647668730:,1747647683107
counter/4/0/0/0,22415:1747647668730:,1747647683107
counter/4/0/0/0,22416:1747647668730:,1747647683107
counter/6/0/0/0,25944:1747647672742:,1747647683107
counter/5/0/0/0,26442:1747647671241:,1747647683107
counter/10/0/0/0,24110:1747647668015:,1747647683107
counter/7/0/0/0,25692:1747647670901:,1747647683107
counter/7/0/0/0,25693:1747647670901:,1747647683107
counter/9/0/0/0,28903:1747647671949:,1747647683107
counter/8/0/0/0,27014:1747647671147:,1747647683107
counter/4/0/0/0,22417:1747647668730:,1747647683107
counter/2/0/0/0,28748:1747647673262:,1747647683107
counter/1/0/0/0,23067:1747647669851:,1747647683107
counter/5/0/0/0,26443:1747647671241:,1747647683107
counter/6/0/0/0,25945:1747647672742:,1747647683107
counter/10/0/0/0,24111:1747647668015:,1747647683107
counter/3/0/0/0,23024:1747647668772:,1747647683107
counter/9/0/0/0,28904:1747647671949:,1747647683107
counter/7/0/0/0,25694:1747647670902:,1747647683107
counter/8/0/0/0,27015:1747647671147:,1747647683107
counter/4/0/0/0,22418:1747647668730:,1747647683107
counter/2/0/0/0,28749:1747647673262:,1747647683107
counter/1/0/0/0,23068:1747647669853:,1747647683107
counter/5/0/0/0,26444:1747647671241:,1747647683107
counter/6/0/0/0,25946:1747647672742:,1747647683107
counter/10/0/0/0,24112:1747647668015:,1747647683107
counter/10/0/0/0,24113:1747647668015:,1747647683107
counter/3/0/0/0,23025:1747647668772:,1747647683107
counter/7/0/0/0,25695:1747647670902:,1747647683107
counter/8/0/0/0,27016:1747647671147:,1747647683107
counter/4/0/0/0,22419:1747647668730:,1747647683107
counter/2/0/0/0,28750:1747647673262:,1747647683107
counter/1/0/0/0,23069:1747647669853:,1747647683107
counter/5/0/0/0,26445:1747647671242:,1747647683107
counter/6/0/0/0,25947:1747647672742:,1747647683108
counter/9/0/0/0,28905:1747647671949:,1747647683108
counter/3/0/0/0,23026:1747647668772:,1747647683108
counter/10/0/0/0,24114:1747647668015:,1747647683108
counter/10/0/0/0,24115:1747647668015:,1747647683108
counter/8/0/0/0,27017:1747647671160:,1747647683108
counter/4/0/0/0,22420:1747647668730:,1747647683108
counter/2/0/0/0,28751:1747647673262:,1747647683108
counter/1/0/0/0,23070:1747647669853:,1747647683108
counter/5/0/0/0,26446:1747647671242:,1747647683108
counter/5/0/0/0,26447:1747647671242:,1747647683108
counter/5/0/0/0,26448:1747647671242:,1747647683108
counter/5/0/0/0,26449:1747647671242:,1747647683108
counter/5/0/0/0,26450:1747647671242:,1747647683108
counter/5/0/0/0,26451:1747647671242:,1747647683108
counter/5/0/0/0,26452:1747647671242:,1747647683108
counter/2/0/0/0,28752:1747647673262:,1747647683108
counter/5/0/0/0,26453:1747647671242:,1747647683108
counter/1/0/0/0,23071:1747647669853:,1747647683108
counter/1/0/0/0,23072:1747647669853:,1747647683108
counter/1/0/0/0,23073:1747647669884:,1747647683108
counter/1/0/0/0,23074:1747647669884:,1747647683108
counter/1/0/0/0,23075:1747647669884:,1747647683108
counter/1/0/0/0,23076:1747647669884:,1747647683108
counter/1/0/0/0,23077:1747647669886:,1747647683108
counter/1/0/0/0,23078:1747647669903:,1747647683108
counter/1/0/0/0,23079:1747647669903:,1747647683108
counter/1/0/0/0,23080:1747647669903:,1747647683108
counter/1/0/0/0,23081:1747647669903:,1747647683108
counter/6/0/0/0,25948:1747647672742:,1747647683108
counter/3/0/0/0,23027:1747647668772:,1747647683108
counter/10/0/0/0,24116:1747647668015:,1747647683108
counter/10/0/0/0,24117:1747647668015:,1747647683108
counter/10/0/0/0,24118:1747647668015:,1747647683108
counter/10/0/0/0,24119:1747647668015:,1747647683108
counter/10/0/0/0,24120:1747647668015:,1747647683108
counter/1/0/0/0,23082:1747647669903:,1747647683108
counter/10/0/0/0,24121:1747647668015:,1747647683108
counter/1/0/0/0,23083:1747647669903:,1747647683108
counter/3/0/0/0,23028:1747647668772:,1747647683108
counter/4/0/0/0,22421:1747647668730:,1747647683108
counter/7/0/0/0,25696:1747647670902:,1747647683108
counter/5/0/0/0,26454:1747647671242:,1747647683109
counter/5/0/0/0,26455:1747647671242:,1747647683109
counter/5/0/0/0,26456:1747647671242:,1747647683109
counter/10/0/0/0,24122:1747647668015:,1747647683109
counter/9/0/0/0,28906:1747647671949:,1747647683109
counter/1/0/0/0,23084:1747647669904:,1747647683109
counter/3/0/0/0,23029:1747647668772:,1747647683109
counter/3/0/0/0,23030:1747647668773:,1747647683109
counter/3/0/0/0,23031:1747647668773:,1747647683109
counter/3/0/0/0,23032:1747647668773:,1747647683109
counter/3/0/0/0,23033:1747647668774:,1747647683109
counter/3/0/0/0,23034:1747647668774:,1747647683109
counter/3/0/0/0,23035:1747647668775:,1747647683109
counter/3/0/0/0,23036:1747647668775:,1747647683109
counter/3/0/0/0,23037:1747647668775:,1747647683109
counter/3/0/0/0,23038:1747647668775:,1747647683109
counter/4/0/0/0,22422:1747647668730:,1747647683109
counter/3/0/0/0,23039:1747647668782:,1747647683109
counter/2/0/0/0,28753:1747647673262:,1747647683109
counter/2/0/0/0,28754:1747647673262:,1747647683109
counter/2/0/0/0,28755:1747647673262:,1747647683109
counter/2/0/0/0,28756:1747647673262:,1747647683109
counter/2/0/0/0,28757:1747647673262:,1747647683109
counter/2/0/0/0,28758:1747647673262:,1747647683109
counter/2/0/0/0,28759:1747647673262:,1747647683109
counter/2/0/0/0,28760:1747647673262:,1747647683109
counter/2/0/0/0,28761:1747647673262:,1747647683109
counter/4/0/0/0,22423:1747647668733:,1747647683109
counter/5/0/0/0,26457:1747647671242:,1747647683109
counter/6/0/0/0,25949:1747647672742:,1747647683109
counter/5/0/0/0,26458:1747647671242:,1747647683109
counter/7/0/0/0,25697:1747647670902:,1747647683109
counter/1/0/0/0,23085:1747647669904:,1747647683109
counter/3/0/0/0,23040:1747647668782:,1747647683109
counter/1/0/0/0,23086:1747647669904:,1747647683109
counter/9/0/0/0,28907:1747647671949:,1747647683109
counter/4/0/0/0,22424:1747647668733:,1747647683109
counter/6/0/0/0,25950:1747647672742:,1747647683110
counter/5/0/0/0,26459:1747647671242:,1747647683110
counter/10/0/0/0,24123:1747647668015:,1747647683110
counter/8/0/0/0,27018:1747647671160:,1747647683110
counter/10/0/0/0,24124:1747647668015:,1747647683110
counter/3/0/0/0,23041:1747647668782:,1747647683110
counter/3/0/0/0,23042:1747647668782:,1747647683110
counter/3/0/0/0,23043:1747647668782:,1747647683110
counter/1/0/0/0,23087:1747647669904:,1747647683110
counter/1/0/0/0,23088:1747647669904:,1747647683110
counter/1/0/0/0,23089:1747647669904:,1747647683110
counter/8/0/0/0,27019:1747647671160:,1747647683110
counter/6/0/0/0,25951:1747647672742:,1747647683110
counter/8/0/0/0,27020:1747647671160:,1747647683110
counter/10/0/0/0,24125:1747647668015:,1747647683110
counter/2/0/0/0,28762:1747647673262:,1747647683110
counter/2/0/0/0,28763:1747647673262:,1747647683110
counter/3/0/0/0,23044:1747647668782:,1747647683110
counter/1/0/0/0,23090:1747647669904:,1747647683110
counter/5/0/0/0,26460:1747647671242:,1747647683110
counter/4/0/0/0,22425:1747647668733:,1747647683110
counter/6/0/0/0,25952:1747647672742:,1747647683110
counter/8/0/0/0,27021:1747647671160:,1747647683110
counter/6/0/0/0,25953:1747647672742:,1747647683110
counter/10/0/0/0,24126:1747647668015:,1747647683110
counter/3/0/0/0,23045:1747647668782:,1747647683110
counter/2/0/0/0,28764:1747647673262:,1747647683110
counter/2/0/0/0,28765:1747647673262:,1747647683110
counter/2/0/0/0,28766:1747647673268:,1747647683110
counter/2/0/0/0,28767:1747647673268:,1747647683110
counter/2/0/0/0,28768:1747647673268:,1747647683110
counter/2/0/0/0,28769:1747647673268:,1747647683110
counter/2/0/0/0,28770:1747647673268:,1747647683110
counter/2/0/0/0,28771:1747647673268:,1747647683110
counter/2/0/0/0,28772:1747647673268:,1747647683110
counter/2/0/0/0,28773:1747647673268:,1747647683110
counter/1/0/0/0,23091:1747647669904:,1747647683110
counter/5/0/0/0,26461:1747647671242:,1747647683110
counter/4/0/0/0,22426:1747647668734:,1747647683110
counter/5/0/0/0,26462:1747647671242:,1747647683110
counter/5/0/0/0,26463:1747647671242:,1747647683110
counter/5/0/0/0,26464:1747647671242:,1747647683110
counter/5/0/0/0,26465:1747647671242:,1747647683111
counter/5/0/0/0,26466:1747647671243:,1747647683111
counter/5/0/0/0,26467:1747647671243:,1747647683111
counter/5/0/0/0,26468:1747647671243:,1747647683111
counter/9/0/0/0,28908:1747647671949:,1747647683111
counter/6/0/0/0,25954:1747647672742:,1747647683111
counter/4/0/0/0,22427:1747647668735:,1747647683111
counter/2/0/0/0,28774:1747647673270:,1747647683111
counter/7/0/0/0,25698:1747647670902:,1747647683111
counter/3/0/0/0,23046:1747647668785:,1747647683111
counter/5/0/0/0,26469:1747647671243:,1747647683111
counter/1/0/0/0,23092:1747647669904:,1747647683111
counter/8/0/0/0,27022:1747647671160:,1747647683111
counter/9/0/0/0,28909:1747647671949:,1747647683111
counter/10/0/0/0,24127:1747647668016:,1747647683111
counter/6/0/0/0,25955:1747647672743:,1747647683111
counter/4/0/0/0,22428:1747647668735:,1747647683111
counter/2/0/0/0,28775:1747647673270:,1747647683111
counter/7/0/0/0,25699:1747647670902:,1747647683111
counter/3/0/0/0,23047:1747647668785:,1747647683111
counter/5/0/0/0,26470:1747647671243:,1747647683111
counter/1/0/0/0,23093:1747647669904:,1747647683111
counter/8/0/0/0,27023:1747647671160:,1747647683111
counter/9/0/0/0,28910:1747647671955:,1747647683111
counter/10/0/0/0,24128:1747647668016:,1747647683111
counter/6/0/0/0,25956:1747647672754:,1747647683111
counter/4/0/0/0,22429:1747647668735:,1747647683111
counter/6/0/0/0,25957:1747647672754:,1747647683111
counter/6/0/0/0,25958:1747647672754:,1747647683111
counter/3/0/0/0,23048:1747647668785:,1747647683111
counter/5/0/0/0,26471:1747647671243:,1747647683111
counter/1/0/0/0,23094:1747647669904:,1747647683111
counter/8/0/0/0,27024:1747647671160:,1747647683111
counter/9/0/0/0,28911:1747647671957:,1747647683111
counter/10/0/0/0,24129:1747647668016:,1747647683111
counter/2/0/0/0,28776:1747647673270:,1747647683111
counter/4/0/0/0,22430:1747647668735:,1747647683111
counter/7/0/0/0,25700:1747647670902:,1747647683111
counter/3/0/0/0,23049:1747647668807:,1747647683111
counter/7/0/0/0,25701:1747647670902:,1747647683111
counter/7/0/0/0,25702:1747647670902:,1747647683111
counter/5/0/0/0,26472:1747647671243:,1747647683111
counter/8/0/0/0,27025:1747647671160:,1747647683112
counter/9/0/0/0,28912:1747647671957:,1747647683112
counter/10/0/0/0,24130:1747647668016:,1747647683112
counter/2/0/0/0,28777:1747647673270:,1747647683112
counter/4/0/0/0,22431:1747647668735:,1747647683112
counter/3/0/0/0,23050:1747647668807:,1747647683112
counter/1/0/0/0,23095:1747647669904:,1747647683112
counter/5/0/0/0,26473:1747647671243:,1747647683112
counter/7/0/0/0,25703:1747647670902:,1747647683112
counter/7/0/0/0,25704:1747647670902:,1747647683112
counter/7/0/0/0,25705:1747647670902:,1747647683112
counter/7/0/0/0,25706:1747647670902:,1747647683112
counter/9/0/0/0,28913:1747647671957:,1747647683112
counter/9/0/0/0,28914:1747647671957:,1747647683112
counter/9/0/0/0,28915:1747647671957:,1747647683112
counter/9/0/0/0,28916:1747647671957:,1747647683112
counter/9/0/0/0,28917:1747647671957:,1747647683112
counter/9/0/0/0,28918:1747647671957:,1747647683112
counter/5/0/0/0,26474:1747647671243:,1747647683112
counter/5/0/0/0,26475:1747647671243:,1747647683112
counter/10/0/0/0,24131:1747647668016:,1747647683112
counter/6/0/0/0,25959:1747647672754:,1747647683112
counter/4/0/0/0,22432:1747647668735:,1747647683112
counter/6/0/0/0,25960:1747647672754:,1747647683112
counter/1/0/0/0,23096:1747647669904:,1747647683112
counter/9/0/0/0,28919:1747647671957:,1747647683112
counter/7/0/0/0,25707:1747647670902:,1747647683112
counter/2/0/0/0,28778:1747647673270:,1747647683112
counter/5/0/0/0,26476:1747647671243:,1747647683112
counter/5/0/0/0,26477:1747647671265:,1747647683112
counter/10/0/0/0,24132:1747647668016:,1747647683112
counter/3/0/0/0,23051:1747647668807:,1747647683112
counter/3/0/0/0,23052:1747647668807:,1747647683112
counter/3/0/0/0,23053:1747647668807:,1747647683112
counter/1/0/0/0,23097:1747647669904:,1747647683112
counter/9/0/0/0,28920:1747647671958:,1747647683112
counter/7/0/0/0,25708:1747647670902:,1747647683112
counter/9/0/0/0,28921:1747647671958:,1747647683113
counter/7/0/0/0,25709:1747647670902:,1747647683113
counter/8/0/0/0,27026:1747647671161:,1747647683113
counter/4/0/0/0,22433:1747647668735:,1747647683113
counter/10/0/0/0,24133:1747647668016:,1747647683113
counter/4/0/0/0,22434:1747647668735:,1747647683113
counter/4/0/0/0,22435:1747647668735:,1747647683113
counter/4/0/0/0,22436:1747647668735:,1747647683113
counter/5/0/0/0,26478:1747647671285:,1747647683113
counter/2/0/0/0,28779:1747647673271:,1747647683113
counter/2/0/0/0,28780:1747647673271:,1747647683113
counter/7/0/0/0,25710:1747647670902:,1747647683113
counter/9/0/0/0,28922:1747647671958:,1747647683113
counter/7/0/0/0,25711:1747647670902:,1747647683113
counter/10/0/0/0,24134:1747647668016:,1747647683113
counter/6/0/0/0,25961:1747647672754:,1747647683113
counter/4/0/0/0,22437:1747647668735:,1747647683113
counter/4/0/0/0,22438:1747647668735:,1747647683113
counter/4/0/0/0,22439:1747647668735:,1747647683113
counter/4/0/0/0,22440:1747647668736:,1747647683113
counter/4/0/0/0,22441:1747647668736:,1747647683113
counter/4/0/0/0,22442:1747647668736:,1747647683113
counter/4/0/0/0,22443:1747647668736:,1747647683113
counter/4/0/0/0,22444:1747647668738:,1747647683113
counter/4/0/0/0,22445:1747647668738:,1747647683113
counter/4/0/0/0,22446:1747647668738:,1747647683113
counter/4/0/0/0,22447:1747647668738:,1747647683113
counter/4/0/0/0,22448:1747647668738:,1747647683113
counter/4/0/0/0,22449:1747647668738:,1747647683113
counter/4/0/0/0,22450:1747647668738:,1747647683113
counter/4/0/0/0,22451:1747647668738:,1747647683113
counter/4/0/0/0,22452:1747647668741:,1747647683113
counter/4/0/0/0,22453:1747647668741:,1747647683113
counter/4/0/0/0,22454:1747647668741:,1747647683113
counter/2/0/0/0,28781:1747647673271:,1747647683113
counter/4/0/0/0,22455:1747647668741:,1747647683113
counter/2/0/0/0,28782:1747647673271:,1747647683113
counter/4/0/0/0,22456:1747647668741:,1747647683113
counter/2/0/0/0,28783:1747647673271:,1747647683113
counter/2/0/0/0,28784:1747647673271:,1747647683113
counter/2/0/0/0,28785:1747647673272:,1747647683113
counter/5/0/0/0,26479:1747647671285:,1747647683114
counter/2/0/0/0,28786:1747647673272:,1747647683114
counter/5/0/0/0,26480:1747647671285:,1747647683114
counter/5/0/0/0,26481:1747647671285:,1747647683114
counter/5/0/0/0,26482:1747647671285:,1747647683114
counter/5/0/0/0,26483:1747647671285:,1747647683114
counter/5/0/0/0,26484:1747647671285:,1747647683114
counter/5/0/0/0,26485:1747647671285:,1747647683114
counter/5/0/0/0,26486:1747647671285:,1747647683114
counter/5/0/0/0,26487:1747647671285:,1747647683114
counter/5/0/0/0,26488:1747647671285:,1747647683114
counter/5/0/0/0,26489:1747647671285:,1747647683114
counter/5/0/0/0,26490:1747647671285:,1747647683114
counter/5/0/0/0,26491:1747647671285:,1747647683114
counter/5/0/0/0,26492:1747647671286:,1747647683114
counter/5/0/0/0,26493:1747647671286:,1747647683114
counter/5/0/0/0,26494:1747647671286:,1747647683114
counter/6/0/0/0,25962:1747647672754:,1747647683114
counter/5/0/0/0,26495:1747647671286:,1747647683114
counter/5/0/0/0,26496:1747647671286:,1747647683114
counter/3/0/0/0,23054:1747647668807:,1747647683114
counter/5/0/0/0,26497:1747647671286:,1747647683114
counter/10/0/0/0,24135:1747647668028:,1747647683114
counter/7/0/0/0,25712:1747647670902:,1747647683114
counter/2/0/0/0,28787:1747647673275:,1747647683114
counter/2/0/0/0,28788:1747647673275:,1747647683114
counter/4/0/0/0,22457:1747647668741:,1747647683114
counter/5/0/0/0,26498:1747647671286:,1747647683114
counter/4/0/0/0,22458:1747647668741:,1747647683114
counter/8/0/0/0,27027:1747647671161:,1747647683114
counter/6/0/0/0,25963:1747647672754:,1747647683114
counter/3/0/0/0,23055:1747647668807:,1747647683114
counter/10/0/0/0,24136:1747647668028:,1747647683114
counter/7/0/0/0,25713:1747647670902:,1747647683114
counter/2/0/0/0,28789:1747647673275:,1747647683114
counter/2/0/0/0,28790:1747647673275:,1747647683114
counter/5/0/0/0,26499:1747647671286:,1747647683114
counter/4/0/0/0,22459:1747647668741:,1747647683114
counter/4/0/0/0,22460:1747647668744:,1747647683114
counter/8/0/0/0,27028:1747647671161:,1747647683115
counter/3/0/0/0,23056:1747647668807:,1747647683115
counter/3/0/0/0,23057:1747647668815:,1747647683115
counter/10/0/0/0,24137:1747647668028:,1747647683115
counter/7/0/0/0,25714:1747647670902:,1747647683115
counter/2/0/0/0,28791:1747647673275:,1747647683115
counter/7/0/0/0,25715:1747647670903:,1747647683115
counter/5/0/0/0,26500:1747647671286:,1747647683115
counter/7/0/0/0,25716:1747647670903:,1747647683115
counter/1/0/0/0,23098:1747647669904:,1747647683115
counter/7/0/0/0,25717:1747647670903:,1747647683115
counter/7/0/0/0,25718:1747647670904:,1747647683115
counter/3/0/0/0,23058:1747647668815:,1747647683115
counter/6/0/0/0,25964:1747647672754:,1747647683115
counter/2/0/0/0,28792:1747647673275:,1747647683115
counter/6/0/0/0,25965:1747647672761:,1747647683115
counter/4/0/0/0,22461:1747647668745:,1747647683115
counter/5/0/0/0,26501:1747647671301:,1747647683115
counter/5/0/0/0,26502:1747647671301:,1747647683115
counter/1/0/0/0,23099:1747647669904:,1747647683115
counter/1/0/0/0,23100:1747647669904:,1747647683115
counter/1/0/0/0,23101:1747647669904:,1747647683115
counter/1/0/0/0,23102:1747647669904:,1747647683115
counter/1/0/0/0,23103:1747647669904:,1747647683115
counter/1/0/0/0,23104:1747647669905:,1747647683115
counter/1/0/0/0,23105:1747647669905:,1747647683115
counter/1/0/0/0,23106:1747647669905:,1747647683115
counter/1/0/0/0,23107:1747647669905:,1747647683115
counter/1/0/0/0,23108:1747647669905:,1747647683115
counter/1/0/0/0,23109:1747647669905:,1747647683115
counter/1/0/0/0,23110:1747647669905:,1747647683115
counter/1/0/0/0,23111:1747647669906:,1747647683115
counter/1/0/0/0,23112:1747647669906:,1747647683115
counter/1/0/0/0,23113:1747647669906:,1747647683115
counter/1/0/0/0,23114:1747647669906:,1747647683115
counter/1/0/0/0,23115:1747647669912:,1747647683115
counter/1/0/0/0,23116:1747647669912:,1747647683115
counter/1/0/0/0,23117:1747647669912:,1747647683115
counter/1/0/0/0,23118:1747647669912:,1747647683115
counter/1/0/0/0,23119:1747647669912:,1747647683115
counter/7/0/0/0,25719:1747647670904:,1747647683115
counter/9/0/0/0,28923:1747647671958:,1747647683115
counter/7/0/0/0,25720:1747647670904:,1747647683115
counter/4/0/0/0,22462:1747647668745:,1747647683115
counter/6/0/0/0,25966:1747647672761:,1747647683115
counter/8/0/0/0,27029:1747647671161:,1747647683115
counter/6/0/0/0,25967:1747647672761:,1747647683116
counter/2/0/0/0,28793:1747647673275:,1747647683116
counter/1/0/0/0,23120:1747647669913:,1747647683116
counter/10/0/0/0,24138:1747647668029:,1747647683116
counter/9/0/0/0,28924:1747647671958:,1747647683116
counter/9/0/0/0,28925:1747647671970:,1747647683116
counter/9/0/0/0,28926:1747647671970:,1747647683116
counter/9/0/0/0,28927:1747647671970:,1747647683116
counter/3/0/0/0,23059:1747647668815:,1747647683116
counter/8/0/0/0,27030:1747647671161:,1747647683116
counter/8/0/0/0,27031:1747647671161:,1747647683116
counter/8/0/0/0,27032:1747647671161:,1747647683116
counter/8/0/0/0,27033:1747647671161:,1747647683116
counter/8/0/0/0,27034:1747647671165:,1747647683116
counter/8/0/0/0,27035:1747647671165:,1747647683116
counter/8/0/0/0,27036:1747647671165:,1747647683116
counter/8/0/0/0,27037:1747647671165:,1747647683116
counter/8/0/0/0,27038:1747647671165:,1747647683116
counter/8/0/0/0,27039:1747647671165:,1747647683116
counter/8/0/0/0,27040:1747647671165:,1747647683116
counter/8/0/0/0,27041:1747647671165:,1747647683116
counter/8/0/0/0,27042:1747647671165:,1747647683116
counter/8/0/0/0,27043:1747647671165:,1747647683116
counter/8/0/0/0,27044:1747647671165:,1747647683116
counter/8/0/0/0,27045:1747647671165:,1747647683116
counter/8/0/0/0,27046:1747647671176:,1747647683116
counter/8/0/0/0,27047:1747647671176:,1747647683116
counter/8/0/0/0,27048:1747647671176:,1747647683116
counter/8/0/0/0,27049:1747647671176:,1747647683116
counter/8/0/0/0,27050:1747647671176:,1747647683116
counter/8/0/0/0,27051:1747647671176:,1747647683116
counter/8/0/0/0,27052:1747647671176:,1747647683116
counter/8/0/0/0,27053:1747647671176:,1747647683116
counter/8/0/0/0,27054:1747647671176:,1747647683116
counter/7/0/0/0,25721:1747647670904:,1747647683116
counter/8/0/0/0,27055:1747647671176:,1747647683116
counter/7/0/0/0,25722:1747647670904:,1747647683116
counter/1/0/0/0,23121:1747647669913:,1747647683116
counter/10/0/0/0,24139:1747647668029:,1747647683116
counter/4/0/0/0,22463:1747647668750:,1747647683116
counter/10/0/0/0,24140:1747647668029:,1747647683116
counter/3/0/0/0,23060:1747647668815:,1747647683116
counter/8/0/0/0,27056:1747647671176:,1747647683116
counter/8/0/0/0,27057:1747647671176:,1747647683116
counter/2/0/0/0,28794:1747647673275:,1747647683116
counter/1/0/0/0,23122:1747647669913:,1747647683117
counter/1/0/0/0,23123:1747647669913:,1747647683117
counter/1/0/0/0,23124:1747647669913:,1747647683117
counter/6/0/0/0,25968:1747647672761:,1747647683117
counter/4/0/0/0,22464:1747647668750:,1747647683117
counter/4/0/0/0,22465:1747647668750:,1747647683117
counter/4/0/0/0,22466:1747647668750:,1747647683117
counter/4/0/0/0,22467:1747647668750:,1747647683117
counter/4/0/0/0,22468:1747647668750:,1747647683117
counter/4/0/0/0,22469:1747647668751:,1747647683117
counter/4/0/0/0,22470:1747647668751:,1747647683117
counter/4/0/0/0,22471:1747647668751:,1747647683117
counter/10/0/0/0,24141:1747647668029:,1747647683117
counter/4/0/0/0,22472:1747647668751:,1747647683117
counter/8/0/0/0,27058:1747647671187:,1747647683117
counter/4/0/0/0,22473:1747647668751:,1747647683117
counter/3/0/0/0,23061:1747647668815:,1747647683117
counter/5/0/0/0,26503:1747647671301:,1747647683117
counter/2/0/0/0,28795:1747647673275:,1747647683117
counter/2/0/0/0,28796:1747647673276:,1747647683117
counter/2/0/0/0,28797:1747647673276:,1747647683117
counter/2/0/0/0,28798:1747647673279:,1747647683117
counter/2/0/0/0,28799:1747647673279:,1747647683117
counter/2/0/0/0,28800:1747647673279:,1747647683117
counter/2/0/0/0,28801:1747647673279:,1747647683117
counter/2/0/0/0,28802:1747647673279:,1747647683117
counter/9/0/0/0,28928:1747647671970:,1747647683117
counter/9/0/0/0,28929:1747647671970:,1747647683117
counter/9/0/0/0,28930:1747647671971:,1747647683117
counter/2/0/0/0,28803:1747647673279:,1747647683117
counter/4/0/0/0,22474:1747647668751:,1747647683117
counter/2/0/0/0,28804:1747647673279:,1747647683117
counter/2/0/0/0,28805:1747647673279:,1747647683117
counter/2/0/0/0,28806:1747647673279:,1747647683117
counter/2/0/0/0,28807:1747647673279:,1747647683117
counter/2/0/0/0,28808:1747647673279:,1747647683117
counter/2/0/0/0,28809:1747647673279:,1747647683118
counter/2/0/0/0,28810:1747647673279:,1747647683118
counter/2/0/0/0,28811:1747647673279:,1747647683118
counter/2/0/0/0,28812:1747647673279:,1747647683118
counter/6/0/0/0,25969:1747647672761:,1747647683118
counter/1/0/0/0,23125:1747647669913:,1747647683118
counter/8/0/0/0,27059:1747647671187:,1747647683118
counter/3/0/0/0,23062:1747647668815:,1747647683118
counter/5/0/0/0,26504:1747647671301:,1747647683118
counter/3/0/0/0,23063:1747647668815:,1747647683118
counter/5/0/0/0,26505:1747647671301:,1747647683118
counter/9/0/0/0,28931:1747647671972:,1747647683118
counter/9/0/0/0,28932:1747647671972:,1747647683118
counter/10/0/0/0,24142:1747647668029:,1747647683118
counter/1/0/0/0,23126:1747647669913:,1747647683118
counter/1/0/0/0,23127:1747647669913:,1747647683118
counter/1/0/0/0,23128:1747647669913:,1747647683118
counter/1/0/0/0,23129:1747647669913:,1747647683118
counter/1/0/0/0,23130:1747647669913:,1747647683118
counter/1/0/0/0,23131:1747647669913:,1747647683118
counter/5/0/0/0,26506:1747647671301:,1747647683118
counter/9/0/0/0,28933:1747647671972:,1747647683118
counter/9/0/0/0,28934:1747647671972:,1747647683118
counter/9/0/0/0,28935:1747647671972:,1747647683118
counter/10/0/0/0,24143:1747647668029:,1747647683118
counter/8/0/0/0,27060:1747647671187:,1747647683118
counter/7/0/0/0,25723:1747647670904:,1747647683118
counter/3/0/0/0,23064:1747647668815:,1747647683118
counter/1/0/0/0,23132:1747647669915:,1747647683118
counter/1/0/0/0,23133:1747647669920:,1747647683118
counter/1/0/0/0,23134:1747647669920:,1747647683118
counter/1/0/0/0,23135:1747647669920:,1747647683118
counter/1/0/0/0,23136:1747647669921:,1747647683118
counter/1/0/0/0,23137:1747647669921:,1747647683118
counter/1/0/0/0,23138:1747647669921:,1747647683118
counter/1/0/0/0,23139:1747647669921:,1747647683118
counter/1/0/0/0,23140:1747647669921:,1747647683119
counter/1/0/0/0,23141:1747647669921:,1747647683119
counter/1/0/0/0,23142:1747647669921:,1747647683119
counter/1/0/0/0,23143:1747647669921:,1747647683119
counter/1/0/0/0,23144:1747647669921:,1747647683119
counter/1/0/0/0,23145:1747647669921:,1747647683119
counter/8/0/0/0,27061:1747647671187:,1747647683119
counter/1/0/0/0,23146:1747647669921:,1747647683119
counter/3/0/0/0,23065:1747647668815:,1747647683119
counter/1/0/0/0,23147:1747647669921:,1747647683119
counter/5/0/0/0,26507:1747647671301:,1747647683119
counter/9/0/0/0,28936:1747647671972:,1747647683119
counter/9/0/0/0,28937:1747647671975:,1747647683119
counter/9/0/0/0,28938:1747647671975:,1747647683119
counter/9/0/0/0,28939:1747647671975:,1747647683119
counter/9/0/0/0,28940:1747647671975:,1747647683119
counter/9/0/0/0,28941:1747647671975:,1747647683119
counter/9/0/0/0,28942:1747647671975:,1747647683119
counter/9/0/0/0,28943:1747647671975:,1747647683119
counter/9/0/0/0,28944:1747647671975:,1747647683119
counter/9/0/0/0,28945:1747647671975:,1747647683119
counter/9/0/0/0,28946:1747647671975:,1747647683119
counter/9/0/0/0,28947:1747647671975:,1747647683119
counter/9/0/0/0,28948:1747647671975:,1747647683119
counter/9/0/0/0,28949:1747647671975:,1747647683119
counter/9/0/0/0,28950:1747647671975:,1747647683119
counter/9/0/0/0,28951:1747647671975:,1747647683119
counter/9/0/0/0,28952:1747647671975:,1747647683119
counter/9/0/0/0,28953:1747647671976:,1747647683119
counter/9/0/0/0,28954:1747647671976:,1747647683119
counter/9/0/0/0,28955:1747647671976:,1747647683119
counter/3/0/0/0,23066:1747647668815:,1747647683119
counter/9/0/0/0,28956:1747647671976:,1747647683119
counter/5/0/0/0,26508:1747647671301:,1747647683119
counter/9/0/0/0,28957:1747647671976:,1747647683119
counter/10/0/0/0,24144:1747647668029:,1747647683119
counter/9/0/0/0,28958:1747647671976:,1747647683119
counter/1/0/0/0,23148:1747647669921:,1747647683119
counter/7/0/0/0,25724:1747647670904:,1747647683120
counter/1/0/0/0,23149:1747647669921:,1747647683120
counter/1/0/0/0,23150:1747647669921:,1747647683120
counter/1/0/0/0,23151:1747647669921:,1747647683120
counter/1/0/0/0,23152:1747647669921:,1747647683120
counter/1/0/0/0,23153:1747647669921:,1747647683120
counter/1/0/0/0,23154:1747647669921:,1747647683120
counter/1/0/0/0,23155:1747647669921:,1747647683120
counter/1/0/0/0,23156:1747647669921:,1747647683120
counter/1/0/0/0,23157:1747647669921:,1747647683120
counter/1/0/0/0,23158:1747647669925:,1747647683120
counter/1/0/0/0,23159:1747647669933:,1747647683120
counter/1/0/0/0,23160:1747647669933:,1747647683120
counter/1/0/0/0,23161:1747647669933:,1747647683120
counter/1/0/0/0,23162:1747647669933:,1747647683120
counter/1/0/0/0,23163:1747647669933:,1747647683120
counter/1/0/0/0,23164:1747647669933:,1747647683120
counter/7/0/0/0,25725:1747647670904:,1747647683120
counter/1/0/0/0,23165:1747647669933:,1747647683120
counter/7/0/0/0,25726:1747647670904:,1747647683120
counter/9/0/0/0,28959:1747647671976:,1747647683120
counter/7/0/0/0,25727:1747647670904:,1747647683120
counter/7/0/0/0,25728:1747647670904:,1747647683120
counter/7/0/0/0,25729:1747647670904:,1747647683120
counter/7/0/0/0,25730:1747647670904:,1747647683120
counter/7/0/0/0,25731:1747647670904:,1747647683120
counter/7/0/0/0,25732:1747647670904:,1747647683120
counter/7/0/0/0,25733:1747647670904:,1747647683120
counter/7/0/0/0,25734:1747647670904:,1747647683120
counter/7/0/0/0,25735:1747647670904:,1747647683120
counter/7/0/0/0,25736:1747647670908:,1747647683120
counter/10/0/0/0,24145:1747647668032:,1747647683120
counter/7/0/0/0,25737:1747647670908:,1747647683120
counter/8/0/0/0,27062:1747647671187:,1747647683120
counter/7/0/0/0,25738:1747647670908:,1747647683120
counter/4/0/0/0,22475:1747647668751:,1747647683120
counter/9/0/0/0,28960:1747647671976:,1747647683120
counter/3/0/0/0,23067:1747647668816:,1747647683120
counter/5/0/0/0,26509:1747647671301:,1747647683120
counter/2/0/0/0,28813:1747647673279:,1747647683120
counter/1/0/0/0,23166:1747647669933:,1747647683120
counter/7/0/0/0,25739:1747647670908:,1747647683120
counter/7/0/0/0,25740:1747647670908:,1747647683120
counter/7/0/0/0,25741:1747647670908:,1747647683120
counter/7/0/0/0,25742:1747647670908:,1747647683121
counter/7/0/0/0,25743:1747647670909:,1747647683121
counter/7/0/0/0,25744:1747647670909:,1747647683121
counter/9/0/0/0,28961:1747647671976:,1747647683121
counter/9/0/0/0,28962:1747647671976:,1747647683121
counter/9/0/0/0,28963:1747647671976:,1747647683121
counter/9/0/0/0,28964:1747647671976:,1747647683121
counter/9/0/0/0,28965:1747647671976:,1747647683121
counter/8/0/0/0,27063:1747647671187:,1747647683121
counter/3/0/0/0,23068:1747647668816:,1747647683121
counter/7/0/0/0,25745:1747647670909:,1747647683121
counter/3/0/0/0,23069:1747647668816:,1747647683121
counter/4/0/0/0,22476:1747647668752:,1747647683121
counter/5/0/0/0,26510:1747647671301:,1747647683121
counter/1/0/0/0,23167:1747647669933:,1747647683121
counter/1/0/0/0,23168:1747647669933:,1747647683121
counter/1/0/0/0,23169:1747647669933:,1747647683121
counter/2/0/0/0,28814:1747647673279:,1747647683121
counter/8/0/0/0,27064:1747647671187:,1747647683121
counter/7/0/0/0,25746:1747647670909:,1747647683121
counter/7/0/0/0,25747:1747647670909:,1747647683121
counter/7/0/0/0,25748:1747647670909:,1747647683121
counter/3/0/0/0,23070:1747647668816:,1747647683121
counter/5/0/0/0,26511:1747647671301:,1747647683121
counter/10/0/0/0,24146:1747647668032:,1747647683121
counter/10/0/0/0,24147:1747647668032:,1747647683121
counter/9/0/0/0,28966:1747647671976:,1747647683121
counter/2/0/0/0,28815:1747647673279:,1747647683121
counter/2/0/0/0,28816:1747647673279:,1747647683121
counter/2/0/0/0,28817:1747647673279:,1747647683121
counter/2/0/0/0,28818:1747647673279:,1747647683121
counter/2/0/0/0,28819:1747647673279:,1747647683121
counter/2/0/0/0,28820:1747647673279:,1747647683121
counter/2/0/0/0,28821:1747647673289:,1747647683121
counter/1/0/0/0,23170:1747647669933:,1747647683121
counter/9/0/0/0,28967:1747647671976:,1747647683121
counter/9/0/0/0,28968:1747647671976:,1747647683121
counter/10/0/0/0,24148:1747647668035:,1747647683121
counter/7/0/0/0,25749:1747647670909:,1747647683121
counter/10/0/0/0,24149:1747647668035:,1747647683122
counter/4/0/0/0,22477:1747647668752:,1747647683122
counter/5/0/0/0,26512:1747647671302:,1747647683122
counter/2/0/0/0,28822:1747647673289:,1747647683122
counter/3/0/0/0,23071:1747647668817:,1747647683122
counter/1/0/0/0,23171:1747647669933:,1747647683122
counter/9/0/0/0,28969:1747647671976:,1747647683122
counter/8/0/0/0,27065:1747647671187:,1747647683122
counter/7/0/0/0,25750:1747647670909:,1747647683122
counter/7/0/0/0,25751:1747647670909:,1747647683122
counter/7/0/0/0,25752:1747647670909:,1747647683122
counter/4/0/0/0,22478:1747647668753:,1747647683122
counter/5/0/0/0,26513:1747647671302:,1747647683122
counter/2/0/0/0,28823:1747647673289:,1747647683122
counter/3/0/0/0,23072:1747647668817:,1747647683122
counter/1/0/0/0,23172:1747647669934:,1747647683122
counter/9/0/0/0,28970:1747647671976:,1747647683122
counter/8/0/0/0,27066:1747647671187:,1747647683122
counter/8/0/0/0,27067:1747647671187:,1747647683122
counter/7/0/0/0,25753:1747647670909:,1747647683122
counter/7/0/0/0,25754:1747647670909:,1747647683122
counter/7/0/0/0,25755:1747647670909:,1747647683122
counter/7/0/0/0,25756:1747647670910:,1747647683122
counter/7/0/0/0,25757:1747647670910:,1747647683122
counter/7/0/0/0,25758:1747647670910:,1747647683122
counter/7/0/0/0,25759:1747647670910:,1747647683122
counter/7/0/0/0,25760:1747647670910:,1747647683122
counter/7/0/0/0,25761:1747647670910:,1747647683122
counter/7/0/0/0,25762:1747647670910:,1747647683122
counter/7/0/0/0,25763:1747647670910:,1747647683122
counter/7/0/0/0,25764:1747647670910:,1747647683122
counter/7/0/0/0,25765:1747647670912:,1747647683122
counter/7/0/0/0,25766:1747647670912:,1747647683122
counter/7/0/0/0,25767:1747647670912:,1747647683122
counter/7/0/0/0,25768:1747647670912:,1747647683122
counter/2/0/0/0,28824:1747647673289:,1747647683122
counter/7/0/0/0,25769:1747647670912:,1747647683122
counter/5/0/0/0,26514:1747647671306:,1747647683122
counter/7/0/0/0,25770:1747647670912:,1747647683122
counter/3/0/0/0,23073:1747647668817:,1747647683123
counter/1/0/0/0,23173:1747647669934:,1747647683123
counter/7/0/0/0,25771:1747647670912:,1747647683123
counter/9/0/0/0,28971:1747647671976:,1747647683123
counter/8/0/0/0,27068:1747647671187:,1747647683123
counter/7/0/0/0,25772:1747647670912:,1747647683123
counter/4/0/0/0,22479:1747647668753:,1747647683123
counter/10/0/0/0,24150:1747647668035:,1747647683123
counter/6/0/0/0,25970:1747647672761:,1747647683123
counter/2/0/0/0,28825:1747647673289:,1747647683123
counter/5/0/0/0,26515:1747647671306:,1747647683123
counter/3/0/0/0,23074:1747647668817:,1747647683123
counter/1/0/0/0,23174:1747647669934:,1747647683123
counter/9/0/0/0,28972:1747647671976:,1747647683123
counter/8/0/0/0,27069:1747647671187:,1747647683123
counter/4/0/0/0,22480:1747647668753:,1747647683123
counter/7/0/0/0,25773:1747647670912:,1747647683123
counter/10/0/0/0,24151:1747647668043:,1747647683123
counter/6/0/0/0,25971:1747647672761:,1747647683123
counter/2/0/0/0,28826:1747647673289:,1747647683123
counter/5/0/0/0,26516:1747647671306:,1747647683123
counter/3/0/0/0,23075:1747647668817:,1747647683123
counter/1/0/0/0,23175:1747647669934:,1747647683123
counter/9/0/0/0,28973:1747647671978:,1747647683123
counter/8/0/0/0,27070:1747647671187:,1747647683123
counter/4/0/0/0,22481:1747647668753:,1747647683123
counter/7/0/0/0,25774:1747647670912:,1747647683123
counter/7/0/0/0,25775:1747647670912:,1747647683123
counter/7/0/0/0,25776:1747647670912:,1747647683123
counter/7/0/0/0,25777:1747647670912:,1747647683123
counter/5/0/0/0,26517:1747647671306:,1747647683123
counter/3/0/0/0,23076:1747647668817:,1747647683123
counter/1/0/0/0,23176:1747647669935:,1747647683123
counter/9/0/0/0,28974:1747647671979:,1747647683123
counter/8/0/0/0,27071:1747647671187:,1747647683123
counter/4/0/0/0,22482:1747647668754:,1747647683123
counter/10/0/0/0,24152:1747647668043:,1747647683123
counter/2/0/0/0,28827:1747647673289:,1747647683123
counter/7/0/0/0,25778:1747647670912:,1747647683123
counter/7/0/0/0,25779:1747647670912:,1747647683123
counter/7/0/0/0,25780:1747647670912:,1747647683124
counter/7/0/0/0,25781:1747647670912:,1747647683124
counter/7/0/0/0,25782:1747647670912:,1747647683124
counter/7/0/0/0,25783:1747647670915:,1747647683124
counter/7/0/0/0,25784:1747647670921:,1747647683124
counter/7/0/0/0,25785:1747647670921:,1747647683124
counter/7/0/0/0,25786:1747647670921:,1747647683124
counter/7/0/0/0,25787:1747647670925:,1747647683124
counter/7/0/0/0,25788:1747647670925:,1747647683124
counter/7/0/0/0,25789:1747647670926:,1747647683124
counter/7/0/0/0,25790:1747647670926:,1747647683124
counter/4/0/0/0,22483:1747647668754:,1747647683124
counter/7/0/0/0,25791:1747647670926:,1747647683124
counter/6/0/0/0,25972:1747647672761:,1747647683124
counter/7/0/0/0,25792:1747647670926:,1747647683124
counter/2/0/0/0,28828:1747647673289:,1747647683124
counter/5/0/0/0,26518:1747647671306:,1747647683124
counter/3/0/0/0,23077:1747647668818:,1747647683124
counter/1/0/0/0,23177:1747647669935:,1747647683124
counter/8/0/0/0,27072:1747647671187:,1747647683124
counter/9/0/0/0,28975:1747647671979:,1747647683124
counter/7/0/0/0,25793:1747647670928:,1747647683124
counter/10/0/0/0,24153:1747647668045:,1747647683124
counter/4/0/0/0,22484:1747647668754:,1747647683124
counter/6/0/0/0,25973:1747647672761:,1747647683124
counter/2/0/0/0,28829:1747647673289:,1747647683124
counter/2/0/0/0,28830:1747647673300:,1747647683124
counter/2/0/0/0,28831:1747647673300:,1747647683124
counter/2/0/0/0,28832:1747647673300:,1747647683124
counter/2/0/0/0,28833:1747647673300:,1747647683124
counter/2/0/0/0,28834:1747647673300:,1747647683124
counter/2/0/0/0,28835:1747647673300:,1747647683124
counter/2/0/0/0,28836:1747647673300:,1747647683124
counter/2/0/0/0,28837:1747647673303:,1747647683124
counter/2/0/0/0,28838:1747647673303:,1747647683124
counter/2/0/0/0,28839:1747647673303:,1747647683124
counter/2/0/0/0,28840:1747647673303:,1747647683125
counter/2/0/0/0,28841:1747647673303:,1747647683125
counter/2/0/0/0,28842:1747647673303:,1747647683125
counter/2/0/0/0,28843:1747647673303:,1747647683125
counter/2/0/0/0,28844:1747647673304:,1747647683125
counter/2/0/0/0,28845:1747647673304:,1747647683125
counter/2/0/0/0,28846:1747647673304:,1747647683125
counter/2/0/0/0,28847:1747647673305:,1747647683125
counter/2/0/0/0,28848:1747647673305:,1747647683125
counter/2/0/0/0,28849:1747647673305:,1747647683125
counter/2/0/0/0,28850:1747647673306:,1747647683125
counter/2/0/0/0,28851:1747647673308:,1747647683125
counter/2/0/0/0,28852:1747647673309:,1747647683125
counter/2/0/0/0,28853:1747647673309:,1747647683125
counter/2/0/0/0,28854:1747647673316:,1747647683125
counter/2/0/0/0,28855:1747647673316:,1747647683125
counter/7/0/0/0,25794:1747647670928:,1747647683125
counter/2/0/0/0,28856:1747647673316:,1747647683125
counter/10/0/0/0,24154:1747647668045:,1747647683125
counter/2/0/0/0,28857:1747647673316:,1747647683125
counter/4/0/0/0,22485:1747647668754:,1747647683125
counter/2/0/0/0,28858:1747647673316:,1747647683125
counter/6/0/0/0,25974:1747647672761:,1747647683125
counter/5/0/0/0,26519:1747647671306:,1747647683125
counter/3/0/0/0,23078:1747647668818:,1747647683125
counter/1/0/0/0,23178:1747647669935:,1747647683125
counter/2/0/0/0,28859:1747647673316:,1747647683125
counter/8/0/0/0,27073:1747647671187:,1747647683125
counter/9/0/0/0,28976:1747647671979:,1747647683125
counter/7/0/0/0,25795:1747647670928:,1747647683125
counter/7/0/0/0,25796:1747647670929:,1747647683125
counter/7/0/0/0,25797:1747647670929:,1747647683125
counter/7/0/0/0,25798:1747647670929:,1747647683125
counter/7/0/0/0,25799:1747647670929:,1747647683125
counter/7/0/0/0,25800:1747647670929:,1747647683125
counter/7/0/0/0,25801:1747647670929:,1747647683125
counter/7/0/0/0,25802:1747647670929:,1747647683125
counter/7/0/0/0,25803:1747647670929:,1747647683125
counter/7/0/0/0,25804:1747647670929:,1747647683125
counter/7/0/0/0,25805:1747647670929:,1747647683126
counter/7/0/0/0,25806:1747647670935:,1747647683126
counter/7/0/0/0,25807:1747647670936:,1747647683126
counter/7/0/0/0,25808:1747647670939:,1747647683126
counter/8/0/0/0,27074:1747647671187:,1747647683126
counter/7/0/0/0,25809:1747647670947:,1747647683126
counter/2/0/0/0,28860:1747647673316:,1747647683126
counter/2/0/0/0,28861:1747647673316:,1747647683126
counter/2/0/0/0,28862:1747647673316:,1747647683126
counter/3/0/0/0,23079:1747647668818:,1747647683126
counter/2/0/0/0,28863:1747647673316:,1747647683126
counter/1/0/0/0,23179:1747647669936:,1747647683126
counter/2/0/0/0,28864:1747647673316:,1747647683126
counter/7/0/0/0,25810:1747647670947:,1747647683126
counter/7/0/0/0,25811:1747647670947:,1747647683126
counter/7/0/0/0,25812:1747647670947:,1747647683126
counter/7/0/0/0,25813:1747647670947:,1747647683126
counter/7/0/0/0,25814:1747647670947:,1747647683126
counter/7/0/0/0,25815:1747647670947:,1747647683126
counter/7/0/0/0,25816:1747647670947:,1747647683126
counter/7/0/0/0,25817:1747647670947:,1747647683126
counter/2/0/0/0,28865:1747647673316:,1747647683126
counter/7/0/0/0,25818:1747647670947:,1747647683126
counter/8/0/0/0,27075:1747647671187:,1747647683126
counter/10/0/0/0,24155:1747647668045:,1747647683126
counter/4/0/0/0,22486:1747647668754:,1747647683126
counter/5/0/0/0,26520:1747647671306:,1747647683126
counter/3/0/0/0,23080:1747647668833:,1747647683126
counter/9/0/0/0,28977:1747647671979:,1747647683126
counter/7/0/0/0,25819:1747647670947:,1747647683126
counter/1/0/0/0,23180:1747647669936:,1747647683126
counter/6/0/0/0,25975:1747647672766:,1747647683126
counter/2/0/0/0,28866:1747647673317:,1747647683126
counter/8/0/0/0,27076:1747647671187:,1747647683126
counter/10/0/0/0,24156:1747647668045:,1747647683126
counter/4/0/0/0,22487:1747647668755:,1747647683126
counter/5/0/0/0,26521:1747647671306:,1747647683126
counter/3/0/0/0,23081:1747647668833:,1747647683126
counter/9/0/0/0,28978:1747647671979:,1747647683126
counter/7/0/0/0,25820:1747647670947:,1747647683127
counter/1/0/0/0,23181:1747647669936:,1747647683127
counter/6/0/0/0,25976:1747647672766:,1747647683127
counter/2/0/0/0,28867:1747647673317:,1747647683127
counter/8/0/0/0,27077:1747647671187:,1747647683127
counter/10/0/0/0,24157:1747647668045:,1747647683127
counter/4/0/0/0,22488:1747647668755:,1747647683127
counter/5/0/0/0,26522:1747647671306:,1747647683127
counter/3/0/0/0,23082:1747647668833:,1747647683127
counter/9/0/0/0,28979:1747647671984:,1747647683127
counter/7/0/0/0,25821:1747647670947:,1747647683127
counter/1/0/0/0,23182:1747647669936:,1747647683127
counter/6/0/0/0,25977:1747647672767:,1747647683127
counter/2/0/0/0,28868:1747647673317:,1747647683127
counter/8/0/0/0,27078:1747647671187:,1747647683127
counter/10/0/0/0,24158:1747647668045:,1747647683127
counter/4/0/0/0,22489:1747647668759:,1747647683127
counter/5/0/0/0,26523:1747647671306:,1747647683127
counter/3/0/0/0,23083:1747647668833:,1747647683127
counter/9/0/0/0,28980:1747647671984:,1747647683127
counter/7/0/0/0,25822:1747647670951:,1747647683127
counter/1/0/0/0,23183:1747647669936:,1747647683127
counter/6/0/0/0,25978:1747647672767:,1747647683127
counter/2/0/0/0,28869:1747647673317:,1747647683127
counter/8/0/0/0,27079:1747647671187:,1747647683127
counter/10/0/0/0,24159:1747647668045:,1747647683127
counter/4/0/0/0,22490:1747647668759:,1747647683127
counter/5/0/0/0,26524:1747647671306:,1747647683127
counter/3/0/0/0,23084:1747647668833:,1747647683127
counter/9/0/0/0,28981:1747647671984:,1747647683127
counter/7/0/0/0,25823:1747647670951:,1747647683127
counter/1/0/0/0,23184:1747647669936:,1747647683127
counter/6/0/0/0,25979:1747647672767:,1747647683127
counter/2/0/0/0,28870:1747647673317:,1747647683127
counter/8/0/0/0,27080:1747647671187:,1747647683127
counter/10/0/0/0,24160:1747647668045:,1747647683127
counter/4/0/0/0,22491:1747647668759:,1747647683127
counter/5/0/0/0,26525:1747647671306:,1747647683127
counter/3/0/0/0,23085:1747647668833:,1747647683127
counter/9/0/0/0,28982:1747647671984:,1747647683128
counter/7/0/0/0,25824:1747647670951:,1747647683128
counter/1/0/0/0,23185:1747647669936:,1747647683128
counter/6/0/0/0,25980:1747647672767:,1747647683128
counter/2/0/0/0,28871:1747647673320:,1747647683128
counter/8/0/0/0,27081:1747647671187:,1747647683128
counter/10/0/0/0,24161:1747647668045:,1747647683128
counter/4/0/0/0,22492:1747647668759:,1747647683128
counter/5/0/0/0,26526:1747647671306:,1747647683128
counter/3/0/0/0,23086:1747647668833:,1747647683128
counter/9/0/0/0,28983:1747647671984:,1747647683128
counter/7/0/0/0,25825:1747647670951:,1747647683128
counter/1/0/0/0,23186:1747647669936:,1747647683128
counter/6/0/0/0,25981:1747647672767:,1747647683128
counter/2/0/0/0,28872:1747647673320:,1747647683128
counter/8/0/0/0,27082:1747647671187:,1747647683128
counter/10/0/0/0,24162:1747647668045:,1747647683128
counter/4/0/0/0,22493:1747647668759:,1747647683128
counter/5/0/0/0,26527:1747647671306:,1747647683128
counter/3/0/0/0,23087:1747647668833:,1747647683128
counter/9/0/0/0,28984:1747647671984:,1747647683128
counter/7/0/0/0,25826:1747647670951:,1747647683128
counter/1/0/0/0,23187:1747647669936:,1747647683128
counter/6/0/0/0,25982:1747647672767:,1747647683128
counter/2/0/0/0,28873:1747647673320:,1747647683128
counter/8/0/0/0,27083:1747647671187:,1747647683128
counter/10/0/0/0,24163:1747647668045:,1747647683128
counter/4/0/0/0,22494:1747647668759:,1747647683128
counter/5/0/0/0,26528:1747647671317:,1747647683128
counter/3/0/0/0,23088:1747647668833:,1747647683128
counter/5/0/0/0,26529:1747647671324:,1747647683128
counter/7/0/0/0,25827:1747647670952:,1747647683128
counter/5/0/0/0,26530:1747647671324:,1747647683128
counter/5/0/0/0,26531:1747647671324:,1747647683128
counter/5/0/0/0,26532:1747647671324:,1747647683128
counter/5/0/0/0,26533:1747647671324:,1747647683128
counter/5/0/0/0,26534:1747647671324:,1747647683128
counter/5/0/0/0,26535:1747647671324:,1747647683128
counter/5/0/0/0,26536:1747647671324:,1747647683128
counter/5/0/0/0,26537:1747647671329:,1747647683128
counter/5/0/0/0,26538:1747647671329:,1747647683128
counter/5/0/0/0,26539:1747647671329:,1747647683129
counter/5/0/0/0,26540:1747647671329:,1747647683129
counter/5/0/0/0,26541:1747647671329:,1747647683129
counter/5/0/0/0,26542:1747647671329:,1747647683129
counter/5/0/0/0,26543:1747647671329:,1747647683129
counter/5/0/0/0,26544:1747647671335:,1747647683129
counter/5/0/0/0,26545:1747647671335:,1747647683129
counter/5/0/0/0,26546:1747647671335:,1747647683129
counter/5/0/0/0,26547:1747647671335:,1747647683129
counter/5/0/0/0,26548:1747647671335:,1747647683129
counter/5/0/0/0,26549:1747647671335:,1747647683129
counter/5/0/0/0,26550:1747647671335:,1747647683129
counter/5/0/0/0,26551:1747647671335:,1747647683129
counter/5/0/0/0,26552:1747647671335:,1747647683129
counter/5/0/0/0,26553:1747647671335:,1747647683129
counter/5/0/0/0,26554:1747647671336:,1747647683129
counter/5/0/0/0,26555:1747647671336:,1747647683129
counter/5/0/0/0,26556:1747647671336:,1747647683129
counter/5/0/0/0,26557:1747647671336:,1747647683129
counter/5/0/0/0,26558:1747647671336:,1747647683129
counter/5/0/0/0,26559:1747647671336:,1747647683129
counter/5/0/0/0,26560:1747647671347:,1747647683129
counter/5/0/0/0,26561:1747647671347:,1747647683129
counter/5/0/0/0,26562:1747647671347:,1747647683129
counter/7/0/0/0,25828:1747647670952:,1747647683129
counter/5/0/0/0,26563:1747647671347:,1747647683129
counter/1/0/0/0,23188:1747647669936:,1747647683129
counter/5/0/0/0,26564:1747647671348:,1747647683129
counter/6/0/0/0,25983:1747647672767:,1747647683129
counter/5/0/0/0,26565:1747647671348:,1747647683129
counter/2/0/0/0,28874:1747647673320:,1747647683129
counter/5/0/0/0,26566:1747647671348:,1747647683129
counter/4/0/0/0,22495:1747647668759:,1747647683129
counter/5/0/0/0,26567:1747647671348:,1747647683129
counter/10/0/0/0,24164:1747647668045:,1747647683129
counter/5/0/0/0,26568:1747647671348:,1747647683129
counter/3/0/0/0,23089:1747647668833:,1747647683129
counter/9/0/0/0,28985:1747647671984:,1747647683130
counter/5/0/0/0,26569:1747647671348:,1747647683130
counter/5/0/0/0,26570:1747647671348:,1747647683130
counter/5/0/0/0,26571:1747647671348:,1747647683130
counter/5/0/0/0,26572:1747647671348:,1747647683130
counter/5/0/0/0,26573:1747647671348:,1747647683130
counter/5/0/0/0,26574:1747647671348:,1747647683130
counter/5/0/0/0,26575:1747647671355:,1747647683130
counter/5/0/0/0,26576:1747647671356:,1747647683130
counter/5/0/0/0,26577:1747647671356:,1747647683130
counter/5/0/0/0,26578:1747647671356:,1747647683130
counter/5/0/0/0,26579:1747647671356:,1747647683130
counter/5/0/0/0,26580:1747647671361:,1747647683130
counter/5/0/0/0,26581:1747647671361:,1747647683130
counter/5/0/0/0,26582:1747647671361:,1747647683130
counter/5/0/0/0,26583:1747647671361:,1747647683130
counter/5/0/0/0,26584:1747647671365:,1747647683130
counter/5/0/0/0,26585:1747647671365:,1747647683130
counter/5/0/0/0,26586:1747647671365:,1747647683130
counter/6/0/0/0,25984:1747647672772:,1747647683130
counter/5/0/0/0,26587:1747647671365:,1747647683130
counter/4/0/0/0,22496:1747647668759:,1747647683130
counter/5/0/0/0,26588:1747647671365:,1747647683130
counter/2/0/0/0,28875:1747647673320:,1747647683130
counter/10/0/0/0,24165:1747647668045:,1747647683130
counter/5/0/0/0,26589:1747647671365:,1747647683130
counter/10/0/0/0,24166:1747647668046:,1747647683130
counter/10/0/0/0,24167:1747647668057:,1747647683130
counter/1/0/0/0,23189:1747647669936:,1747647683130
counter/10/0/0/0,24168:1747647668057:,1747647683130
counter/5/0/0/0,26590:1747647671365:,1747647683130
counter/5/0/0/0,26591:1747647671366:,1747647683130
counter/5/0/0/0,26592:1747647671366:,1747647683130
counter/5/0/0/0,26593:1747647671366:,1747647683130
counter/5/0/0/0,26594:1747647671366:,1747647683130
counter/5/0/0/0,26595:1747647671366:,1747647683130
counter/5/0/0/0,26596:1747647671367:,1747647683130
counter/7/0/0/0,25829:1747647670952:,1747647683130
counter/10/0/0/0,24169:1747647668057:,1747647683130
counter/8/0/0/0,27084:1747647671187:,1747647683130
counter/6/0/0/0,25985:1747647672782:,1747647683130
counter/4/0/0/0,22497:1747647668759:,1747647683131
counter/9/0/0/0,28986:1747647671984:,1747647683131
counter/2/0/0/0,28876:1747647673324:,1747647683131
counter/5/0/0/0,26597:1747647671367:,1747647683131
counter/2/0/0/0,28877:1747647673324:,1747647683131
counter/2/0/0/0,28878:1747647673324:,1747647683131
counter/2/0/0/0,28879:1747647673324:,1747647683131
counter/2/0/0/0,28880:1747647673324:,1747647683131
counter/2/0/0/0,28881:1747647673324:,1747647683131
counter/2/0/0/0,28882:1747647673324:,1747647683131
counter/9/0/0/0,28987:1747647671984:,1747647683131
counter/2/0/0/0,28883:1747647673324:,1747647683131
counter/5/0/0/0,26598:1747647671367:,1747647683131
counter/3/0/0/0,23090:1747647668833:,1747647683131
counter/7/0/0/0,25830:1747647670952:,1747647683131
counter/3/0/0/0,23091:1747647668838:,1747647683131
counter/8/0/0/0,27085:1747647671189:,1747647683131
counter/10/0/0/0,24170:1747647668057:,1747647683131
counter/6/0/0/0,25986:1747647672785:,1747647683131
counter/4/0/0/0,22498:1747647668759:,1747647683131
counter/9/0/0/0,28988:1747647671984:,1747647683131
counter/9/0/0/0,28989:1747647671984:,1747647683131
counter/5/0/0/0,26599:1747647671367:,1747647683131
counter/1/0/0/0,23190:1747647669936:,1747647683131
counter/7/0/0/0,25831:1747647670952:,1747647683131
counter/7/0/0/0,25832:1747647670952:,1747647683131
counter/7/0/0/0,25833:1747647670964:,1747647683131
counter/7/0/0/0,25834:1747647670965:,1747647683131
counter/7/0/0/0,25835:1747647670965:,1747647683131
counter/7/0/0/0,25836:1747647670965:,1747647683131
counter/7/0/0/0,25837:1747647670965:,1747647683131
counter/7/0/0/0,25838:1747647670965:,1747647683131
counter/2/0/0/0,28884:1747647673324:,1747647683131
counter/1/0/0/0,23191:1747647669936:,1747647683131
counter/3/0/0/0,23092:1747647668838:,1747647683131
counter/8/0/0/0,27086:1747647671189:,1747647683131
counter/10/0/0/0,24171:1747647668057:,1747647683131
counter/4/0/0/0,22499:1747647668760:,1747647683131
counter/4/0/0/0,22500:1747647668760:,1747647683131
counter/4/0/0/0,22501:1747647668760:,1747647683131
counter/4/0/0/0,22502:1747647668760:,1747647683132
counter/4/0/0/0,22503:1747647668760:,1747647683132
counter/4/0/0/0,22504:1747647668770:,1747647683132
counter/4/0/0/0,22505:1747647668770:,1747647683132
counter/4/0/0/0,22506:1747647668770:,1747647683132
counter/4/0/0/0,22507:1747647668770:,1747647683132
counter/4/0/0/0,22508:1747647668770:,1747647683132
counter/4/0/0/0,22509:1747647668770:,1747647683132
counter/4/0/0/0,22510:1747647668770:,1747647683132
counter/4/0/0/0,22511:1747647668772:,1747647683132
counter/4/0/0/0,22512:1747647668772:,1747647683132
counter/4/0/0/0,22513:1747647668772:,1747647683132
counter/4/0/0/0,22514:1747647668772:,1747647683132
counter/4/0/0/0,22515:1747647668772:,1747647683132
counter/4/0/0/0,22516:1747647668772:,1747647683132
counter/4/0/0/0,22517:1747647668772:,1747647683132
counter/4/0/0/0,22518:1747647668772:,1747647683132
counter/3/0/0/0,23093:1747647668838:,1747647683132
counter/4/0/0/0,22519:1747647668772:,1747647683132
counter/8/0/0/0,27087:1747647671190:,1747647683132
counter/7/0/0/0,25839:1747647670965:,1747647683132
counter/4/0/0/0,22520:1747647668772:,1747647683132
counter/5/0/0/0,26600:1747647671367:,1747647683132
counter/10/0/0/0,24172:1747647668057:,1747647683132
counter/4/0/0/0,22521:1747647668773:,1747647683132
counter/6/0/0/0,25987:1747647672785:,1747647683132
counter/4/0/0/0,22522:1747647668773:,1747647683132
counter/9/0/0/0,28990:1747647671984:,1747647683132
counter/9/0/0/0,28991:1747647671984:,1747647683132
counter/9/0/0/0,28992:1747647671984:,1747647683132
counter/9/0/0/0,28993:1747647672002:,1747647683132
counter/9/0/0/0,28994:1747647672005:,1747647683132
counter/9/0/0/0,28995:1747647672005:,1747647683132
counter/9/0/0/0,28996:1747647672005:,1747647683132
counter/9/0/0/0,28997:1747647672005:,1747647683132
counter/9/0/0/0,28998:1747647672005:,1747647683132
counter/9/0/0/0,28999:1747647672005:,1747647683133
counter/9/0/0/0,29000:1747647672023:,1747647683133
counter/9/0/0/0,29001:1747647672023:,1747647683133
counter/9/0/0/0,29002:1747647672023:,1747647683133
counter/9/0/0/0,29003:1747647672023:,1747647683133
counter/9/0/0/0,29004:1747647672023:,1747647683133
counter/9/0/0/0,29005:1747647672023:,1747647683133
counter/9/0/0/0,29006:1747647672023:,1747647683133
counter/9/0/0/0,29007:1747647672023:,1747647683133
counter/9/0/0/0,29008:1747647672023:,1747647683133
counter/9/0/0/0,29009:1747647672023:,1747647683133
counter/9/0/0/0,29010:1747647672023:,1747647683133
counter/9/0/0/0,29011:1747647672023:,1747647683133
counter/9/0/0/0,29012:1747647672023:,1747647683133
counter/9/0/0/0,29013:1747647672024:,1747647683133
counter/9/0/0/0,29014:1747647672024:,1747647683133
counter/9/0/0/0,29015:1747647672024:,1747647683133
counter/3/0/0/0,23094:1747647668838:,1747647683133
counter/9/0/0/0,29016:1747647672024:,1747647683133
counter/8/0/0/0,27088:1747647671190:,1747647683133
counter/7/0/0/0,25840:1747647670966:,1747647683133
counter/5/0/0/0,26601:1747647671367:,1747647683133
counter/10/0/0/0,24173:1747647668061:,1747647683133
counter/6/0/0/0,25988:1747647672785:,1747647683133
counter/4/0/0/0,22523:1747647668773:,1747647683133
counter/4/0/0/0,22524:1747647668773:,1747647683133
counter/4/0/0/0,22525:1747647668773:,1747647683133
counter/4/0/0/0,22526:1747647668773:,1747647683133
counter/4/0/0/0,22527:1747647668773:,1747647683133
counter/4/0/0/0,22528:1747647668773:,1747647683133
counter/2/0/0/0,28885:1747647673324:,1747647683133
counter/5/0/0/0,26602:1747647671367:,1747647683133
counter/2/0/0/0,28886:1747647673324:,1747647683133
counter/6/0/0/0,25989:1747647672785:,1747647683133
counter/9/0/0/0,29017:1747647672024:,1747647683133
counter/8/0/0/0,27089:1747647671190:,1747647683133
counter/4/0/0/0,22529:1747647668773:,1747647683133
counter/7/0/0/0,25841:1747647670968:,1747647683133
counter/1/0/0/0,23192:1747647669936:,1747647683133
counter/10/0/0/0,24174:1747647668062:,1747647683133
counter/5/0/0/0,26603:1747647671367:,1747647683134
counter/3/0/0/0,23095:1747647668838:,1747647683134
counter/6/0/0/0,25990:1747647672785:,1747647683134
counter/2/0/0/0,28887:1747647673324:,1747647683134
counter/2/0/0/0,28888:1747647673324:,1747647683134
counter/2/0/0/0,28889:1747647673324:,1747647683134
counter/2/0/0/0,28890:1747647673324:,1747647683134
counter/2/0/0/0,28891:1747647673325:,1747647683134
counter/1/0/0/0,23193:1747647669936:,1747647683134
counter/10/0/0/0,24175:1747647668062:,1747647683134
counter/5/0/0/0,26604:1747647671379:,1747647683134
counter/3/0/0/0,23096:1747647668838:,1747647683134
counter/6/0/0/0,25991:1747647672785:,1747647683134
counter/8/0/0/0,27090:1747647671190:,1747647683134
counter/4/0/0/0,22530:1747647668773:,1747647683134
counter/2/0/0/0,28892:1747647673329:,1747647683134
counter/7/0/0/0,25842:1747647670969:,1747647683134
counter/9/0/0/0,29018:1747647672024:,1747647683134
counter/1/0/0/0,23194:1747647669936:,1747647683134
counter/10/0/0/0,24176:1747647668062:,1747647683134
counter/5/0/0/0,26605:1747647671379:,1747647683134
counter/3/0/0/0,23097:1747647668838:,1747647683134
counter/6/0/0/0,25992:1747647672785:,1747647683134
counter/8/0/0/0,27091:1747647671190:,1747647683134
counter/4/0/0/0,22531:1747647668773:,1747647683134
counter/2/0/0/0,28893:1747647673329:,1747647683134
counter/7/0/0/0,25843:1747647670969:,1747647683134
counter/9/0/0/0,29019:1747647672026:,1747647683134
counter/1/0/0/0,23195:1747647669936:,1747647683134
counter/10/0/0/0,24177:1747647668062:,1747647683134
counter/10/0/0/0,24178:1747647668062:,1747647683134
counter/5/0/0/0,26606:1747647671379:,1747647683134
counter/6/0/0/0,25993:1747647672786:,1747647683134
counter/8/0/0/0,27092:1747647671191:,1747647683134
counter/4/0/0/0,22532:1747647668773:,1747647683134
counter/4/0/0/0,22533:1747647668775:,1747647683134
counter/4/0/0/0,22534:1747647668775:,1747647683135
counter/4/0/0/0,22535:1747647668779:,1747647683135
counter/4/0/0/0,22536:1747647668779:,1747647683135
counter/4/0/0/0,22537:1747647668779:,1747647683135
counter/10/0/0/0,24179:1747647668062:,1747647683135
counter/4/0/0/0,22538:1747647668779:,1747647683135
counter/6/0/0/0,25994:1747647672786:,1747647683135
counter/8/0/0/0,27093:1747647671191:,1747647683135
counter/2/0/0/0,28894:1747647673329:,1747647683135
counter/7/0/0/0,25844:1747647670969:,1747647683135
counter/9/0/0/0,29020:1747647672026:,1747647683135
counter/3/0/0/0,23098:1747647668838:,1747647683135
counter/5/0/0/0,26607:1747647671379:,1747647683135
counter/4/0/0/0,22539:1747647668779:,1747647683135
counter/4/0/0/0,22540:1747647668788:,1747647683135
counter/4/0/0/0,22541:1747647668789:,1747647683135
counter/4/0/0/0,22542:1747647668789:,1747647683135
counter/4/0/0/0,22543:1747647668789:,1747647683135
counter/4/0/0/0,22544:1747647668789:,1747647683135
counter/4/0/0/0,22545:1747647668789:,1747647683135
counter/4/0/0/0,22546:1747647668789:,1747647683135
counter/4/0/0/0,22547:1747647668789:,1747647683135
counter/3/0/0/0,23099:1747647668847:,1747647683135
counter/4/0/0/0,22548:1747647668789:,1747647683135
counter/6/0/0/0,25995:1747647672786:,1747647683135
counter/8/0/0/0,27094:1747647671191:,1747647683135
counter/2/0/0/0,28895:1747647673329:,1747647683135
counter/7/0/0/0,25845:1747647670978:,1747647683135
counter/9/0/0/0,29021:1747647672026:,1747647683135
counter/5/0/0/0,26608:1747647671379:,1747647683135
counter/4/0/0/0,22549:1747647668791:,1747647683135
counter/10/0/0/0,24180:1747647668062:,1747647683135
counter/1/0/0/0,23196:1747647669936:,1747647683135
counter/3/0/0/0,23100:1747647668847:,1747647683135
counter/6/0/0/0,25996:1747647672786:,1747647683135
counter/8/0/0/0,27095:1747647671191:,1747647683135
counter/2/0/0/0,28896:1747647673329:,1747647683135
counter/7/0/0/0,25846:1747647670978:,1747647683136
counter/9/0/0/0,29022:1747647672026:,1747647683136
counter/5/0/0/0,26609:1747647671379:,1747647683136
counter/4/0/0/0,22550:1747647668791:,1747647683136
counter/10/0/0/0,24181:1747647668062:,1747647683136
counter/1/0/0/0,23197:1747647669936:,1747647683136
counter/3/0/0/0,23101:1747647668847:,1747647683136
counter/6/0/0/0,25997:1747647672786:,1747647683136
counter/8/0/0/0,27096:1747647671191:,1747647683136
counter/2/0/0/0,28897:1747647673329:,1747647683136
counter/7/0/0/0,25847:1747647670978:,1747647683136
counter/9/0/0/0,29023:1747647672026:,1747647683136
counter/5/0/0/0,26610:1747647671379:,1747647683136
counter/4/0/0/0,22551:1747647668792:,1747647683136
counter/10/0/0/0,24182:1747647668062:,1747647683136
counter/1/0/0/0,23198:1747647669936:,1747647683136
counter/3/0/0/0,23102:1747647668847:,1747647683136
counter/6/0/0/0,25998:1747647672786:,1747647683136
counter/8/0/0/0,27097:1747647671192:,1747647683136
counter/2/0/0/0,28898:1747647673329:,1747647683136
counter/7/0/0/0,25848:1747647670978:,1747647683136
counter/9/0/0/0,29024:1747647672026:,1747647683136
counter/5/0/0/0,26611:1747647671379:,1747647683136
counter/4/0/0/0,22552:1747647668792:,1747647683136
counter/10/0/0/0,24183:1747647668062:,1747647683136
counter/1/0/0/0,23199:1747647669936:,1747647683136
counter/10/0/0/0,24184:1747647668065:,1747647683136
counter/6/0/0/0,25999:1747647672786:,1747647683136
counter/8/0/0/0,27098:1747647671192:,1747647683136
counter/2/0/0/0,28899:1747647673330:,1747647683136
counter/7/0/0/0,25849:1747647670978:,1747647683136
counter/9/0/0/0,29025:1747647672026:,1747647683136
counter/5/0/0/0,26612:1747647671379:,1747647683136
counter/4/0/0/0,22553:1747647668796:,1747647683136
counter/3/0/0/0,23103:1747647668847:,1747647683136
counter/1/0/0/0,23200:1747647669936:,1747647683136
counter/10/0/0/0,24185:1747647668065:,1747647683136
counter/6/0/0/0,26000:1747647672786:,1747647683136
counter/8/0/0/0,27099:1747647671192:,1747647683136
counter/2/0/0/0,28900:1747647673330:,1747647683136
counter/7/0/0/0,25850:1747647670985:,1747647683137
counter/9/0/0/0,29026:1747647672026:,1747647683137
counter/5/0/0/0,26613:1747647671379:,1747647683137
counter/4/0/0/0,22554:1747647668796:,1747647683137
counter/3/0/0/0,23104:1747647668847:,1747647683137
counter/1/0/0/0,23201:1747647669936:,1747647683137
counter/10/0/0/0,24186:1747647668065:,1747647683137
counter/6/0/0/0,26001:1747647672786:,1747647683137
counter/8/0/0/0,27100:1747647671192:,1747647683137
counter/2/0/0/0,28901:1747647673330:,1747647683137
counter/7/0/0/0,25851:1747647670985:,1747647683137
counter/9/0/0/0,29027:1747647672026:,1747647683137
counter/5/0/0/0,26614:1747647671379:,1747647683137
counter/4/0/0/0,22555:1747647668796:,1747647683137
counter/3/0/0/0,23105:1747647668851:,1747647683137
counter/1/0/0/0,23202:1747647669944:,1747647683137
counter/10/0/0/0,24187:1747647668065:,1747647683137
counter/6/0/0/0,26002:1747647672803:,1747647683137
counter/8/0/0/0,27101:1747647671192:,1747647683137
counter/2/0/0/0,28902:1747647673330:,1747647683137
counter/7/0/0/0,25852:1747647670985:,1747647683137
counter/9/0/0/0,29028:1747647672026:,1747647683137
counter/5/0/0/0,26615:1747647671387:,1747647683137
counter/4/0/0/0,22556:1747647668796:,1747647683137
counter/3/0/0/0,23106:1747647668857:,1747647683137
counter/1/0/0/0,23203:1747647669944:,1747647683137
counter/10/0/0/0,24188:1747647668065:,1747647683137
counter/6/0/0/0,26003:1747647672803:,1747647683137
counter/8/0/0/0,27102:1747647671196:,1747647683137
counter/2/0/0/0,28903:1747647673330:,1747647683137
counter/7/0/0/0,25853:1747647670985:,1747647683137
counter/9/0/0/0,29029:1747647672027:,1747647683137
counter/5/0/0/0,26616:1747647671387:,1747647683137
counter/4/0/0/0,22557:1747647668796:,1747647683137
counter/3/0/0/0,23107:1747647668857:,1747647683137
counter/1/0/0/0,23204:1747647669944:,1747647683137
counter/10/0/0/0,24189:1747647668065:,1747647683137
counter/6/0/0/0,26004:1747647672803:,1747647683138
counter/6/0/0/0,26005:1747647672803:,1747647683138
counter/6/0/0/0,26006:1747647672803:,1747647683138
counter/6/0/0/0,26007:1747647672803:,1747647683138
counter/9/0/0/0,29030:1747647672027:,1747647683138
counter/7/0/0/0,25854:1747647670985:,1747647683138
counter/4/0/0/0,22558:1747647668796:,1747647683138
counter/3/0/0/0,23108:1747647668857:,1747647683138
counter/1/0/0/0,23205:1747647669944:,1747647683138
counter/10/0/0/0,24190:1747647668066:,1747647683138
counter/8/0/0/0,27103:1747647671196:,1747647683138
counter/2/0/0/0,28904:1747647673330:,1747647683138
counter/2/0/0/0,28905:1747647673330:,1747647683138
counter/2/0/0/0,28906:1747647673330:,1747647683138
counter/7/0/0/0,25855:1747647670985:,1747647683138
counter/7/0/0/0,25856:1747647670985:,1747647683138
counter/4/0/0/0,22559:1747647668796:,1747647683138
counter/3/0/0/0,23109:1747647668857:,1747647683138
counter/1/0/0/0,23206:1747647669944:,1747647683138
counter/10/0/0/0,24191:1747647668066:,1747647683138
counter/8/0/0/0,27104:1747647671196:,1747647683138
counter/8/0/0/0,27105:1747647671196:,1747647683138
counter/8/0/0/0,27106:1747647671196:,1747647683138
counter/8/0/0/0,27107:1747647671196:,1747647683138
counter/8/0/0/0,27108:1747647671196:,1747647683138
counter/8/0/0/0,27109:1747647671196:,1747647683138
counter/4/0/0/0,22560:1747647668796:,1747647683138
counter/8/0/0/0,27110:1747647671196:,1747647683138
counter/8/0/0/0,27111:1747647671196:,1747647683138
counter/8/0/0/0,27112:1747647671196:,1747647683138
counter/8/0/0/0,27113:1747647671196:,1747647683138
counter/8/0/0/0,27114:1747647671196:,1747647683138
counter/8/0/0/0,27115:1747647671196:,1747647683138
counter/8/0/0/0,27116:1747647671196:,1747647683138
counter/1/0/0/0,23207:1747647669944:,1747647683138
counter/8/0/0/0,27117:1747647671196:,1747647683138
counter/10/0/0/0,24192:1747647668066:,1747647683138
counter/8/0/0/0,27118:1747647671197:,1747647683139
counter/2/0/0/0,28907:1747647673331:,1747647683139
counter/7/0/0/0,25857:1747647670985:,1747647683139
counter/9/0/0/0,29031:1747647672027:,1747647683139
counter/6/0/0/0,26008:1747647672803:,1747647683139
counter/4/0/0/0,22561:1747647668796:,1747647683139
counter/3/0/0/0,23110:1747647668857:,1747647683139
counter/8/0/0/0,27119:1747647671197:,1747647683139
counter/8/0/0/0,27120:1747647671197:,1747647683139
counter/8/0/0/0,27121:1747647671197:,1747647683139
counter/8/0/0/0,27122:1747647671197:,1747647683139
counter/8/0/0/0,27123:1747647671197:,1747647683139
counter/8/0/0/0,27124:1747647671197:,1747647683139
counter/8/0/0/0,27125:1747647671197:,1747647683139
counter/8/0/0/0,27126:1747647671197:,1747647683139
counter/8/0/0/0,27127:1747647671197:,1747647683139
counter/8/0/0/0,27128:1747647671197:,1747647683139
counter/8/0/0/0,27129:1747647671197:,1747647683139
counter/8/0/0/0,27130:1747647671197:,1747647683139
counter/8/0/0/0,27131:1747647671197:,1747647683139
counter/8/0/0/0,27132:1747647671197:,1747647683139
counter/8/0/0/0,27133:1747647671198:,1747647683139
counter/8/0/0/0,27134:1747647671198:,1747647683139
counter/8/0/0/0,27135:1747647671198:,1747647683139
counter/8/0/0/0,27136:1747647671198:,1747647683139
counter/8/0/0/0,27137:1747647671198:,1747647683139
counter/8/0/0/0,27138:1747647671198:,1747647683139
counter/8/0/0/0,27139:1747647671198:,1747647683139
counter/8/0/0/0,27140:1747647671198:,1747647683139
counter/8/0/0/0,27141:1747647671198:,1747647683139
counter/8/0/0/0,27142:1747647671198:,1747647683139
counter/8/0/0/0,27143:1747647671198:,1747647683139
counter/8/0/0/0,27144:1747647671198:,1747647683139
counter/8/0/0/0,27145:1747647671198:,1747647683139
counter/8/0/0/0,27146:1747647671198:,1747647683139
counter/8/0/0/0,27147:1747647671198:,1747647683139
counter/8/0/0/0,27148:1747647671198:,1747647683139
counter/8/0/0/0,27149:1747647671198:,1747647683139
counter/8/0/0/0,27150:1747647671198:,1747647683139
counter/8/0/0/0,27151:1747647671198:,1747647683140
counter/8/0/0/0,27152:1747647671199:,1747647683140
counter/8/0/0/0,27153:1747647671199:,1747647683140
counter/8/0/0/0,27154:1747647671199:,1747647683140
counter/8/0/0/0,27155:1747647671199:,1747647683140
counter/8/0/0/0,27156:1747647671199:,1747647683140
counter/8/0/0/0,27157:1747647671199:,1747647683140
counter/8/0/0/0,27158:1747647671199:,1747647683140
counter/8/0/0/0,27159:1747647671199:,1747647683140
counter/8/0/0/0,27160:1747647671199:,1747647683140
counter/8/0/0/0,27161:1747647671199:,1747647683140
counter/8/0/0/0,27162:1747647671199:,1747647683140
counter/8/0/0/0,27163:1747647671199:,1747647683140
counter/8/0/0/0,27164:1747647671199:,1747647683140
counter/8/0/0/0,27165:1747647671199:,1747647683140
counter/8/0/0/0,27166:1747647671199:,1747647683140
counter/8/0/0/0,27167:1747647671209:,1747647683140
counter/8/0/0/0,27168:1747647671209:,1747647683140
counter/8/0/0/0,27169:1747647671209:,1747647683140
counter/8/0/0/0,27170:1747647671214:,1747647683140
counter/8/0/0/0,27171:1747647671215:,1747647683140
counter/8/0/0/0,27172:1747647671215:,1747647683140
counter/10/0/0/0,24193:1747647668066:,1747647683140
counter/2/0/0/0,28908:1747647673331:,1747647683140
counter/7/0/0/0,25858:1747647670985:,1747647683140
counter/8/0/0/0,27173:1747647671215:,1747647683140
counter/2/0/0/0,28909:1747647673336:,1747647683140
counter/8/0/0/0,27174:1747647671215:,1747647683140
counter/2/0/0/0,28910:1747647673336:,1747647683140
counter/8/0/0/0,27175:1747647671215:,1747647683140
counter/2/0/0/0,28911:1747647673336:,1747647683140
counter/8/0/0/0,27176:1747647671215:,1747647683140
counter/2/0/0/0,28912:1747647673337:,1747647683140
counter/8/0/0/0,27177:1747647671215:,1747647683140
counter/2/0/0/0,28913:1747647673337:,1747647683140
counter/8/0/0/0,27178:1747647671215:,1747647683140
counter/8/0/0/0,27179:1747647671215:,1747647683140
counter/8/0/0/0,27180:1747647671215:,1747647683140
counter/8/0/0/0,27181:1747647671217:,1747647683140
counter/8/0/0/0,27182:1747647671218:,1747647683140
counter/8/0/0/0,27183:1747647671218:,1747647683141
counter/8/0/0/0,27184:1747647671218:,1747647683141
counter/8/0/0/0,27185:1747647671218:,1747647683141
counter/8/0/0/0,27186:1747647671218:,1747647683141
counter/8/0/0/0,27187:1747647671218:,1747647683141
counter/8/0/0/0,27188:1747647671218:,1747647683141
counter/8/0/0/0,27189:1747647671218:,1747647683141
counter/8/0/0/0,27190:1747647671218:,1747647683141
counter/8/0/0/0,27191:1747647671218:,1747647683141
counter/8/0/0/0,27192:1747647671218:,1747647683141
counter/8/0/0/0,27193:1747647671218:,1747647683141
counter/8/0/0/0,27194:1747647671218:,1747647683141
counter/8/0/0/0,27195:1747647671218:,1747647683141
counter/8/0/0/0,27196:1747647671218:,1747647683141
counter/8/0/0/0,27197:1747647671218:,1747647683141
counter/8/0/0/0,27198:1747647671218:,1747647683141
counter/8/0/0/0,27199:1747647671218:,1747647683141
counter/8/0/0/0,27200:1747647671218:,1747647683141
counter/8/0/0/0,27201:1747647671218:,1747647683141
counter/8/0/0/0,27202:1747647671218:,1747647683141
counter/8/0/0/0,27203:1747647671218:,1747647683141
counter/8/0/0/0,27204:1747647671219:,1747647683141
counter/8/0/0/0,27205:1747647671219:,1747647683141
counter/8/0/0/0,27206:1747647671219:,1747647683141
counter/8/0/0/0,27207:1747647671219:,1747647683141
counter/8/0/0/0,27208:1747647671219:,1747647683141
counter/8/0/0/0,27209:1747647671219:,1747647683141
counter/8/0/0/0,27210:1747647671219:,1747647683141
counter/8/0/0/0,27211:1747647671219:,1747647683141
counter/8/0/0/0,27212:1747647671219:,1747647683141
counter/8/0/0/0,27213:1747647671219:,1747647683141
counter/8/0/0/0,27214:1747647671219:,1747647683141
counter/8/0/0/0,27215:1747647671219:,1747647683141
counter/8/0/0/0,27216:1747647671219:,1747647683141
counter/8/0/0/0,27217:1747647671219:,1747647683141
counter/8/0/0/0,27218:1747647671219:,1747647683141
counter/8/0/0/0,27219:1747647671219:,1747647683141
counter/8/0/0/0,27220:1747647671219:,1747647683141
counter/8/0/0/0,27221:1747647671219:,1747647683142
counter/8/0/0/0,27222:1747647671219:,1747647683142
counter/8/0/0/0,27223:1747647671219:,1747647683142
counter/8/0/0/0,27224:1747647671220:,1747647683142
counter/8/0/0/0,27225:1747647671220:,1747647683142
counter/8/0/0/0,27226:1747647671220:,1747647683142
counter/6/0/0/0,26009:1747647672803:,1747647683142
counter/8/0/0/0,27227:1747647671220:,1747647683142
counter/1/0/0/0,23208:1747647669944:,1747647683142
counter/8/0/0/0,27228:1747647671220:,1747647683142
counter/6/0/0/0,26010:1747647672803:,1747647683142
counter/8/0/0/0,27229:1747647671220:,1747647683142
counter/3/0/0/0,23111:1747647668857:,1747647683142
counter/9/0/0/0,29032:1747647672027:,1747647683142
counter/8/0/0/0,27230:1747647671220:,1747647683142
counter/10/0/0/0,24194:1747647668066:,1747647683142
counter/8/0/0/0,27231:1747647671220:,1747647683142
counter/7/0/0/0,25859:1747647670985:,1747647683142
counter/8/0/0/0,27232:1747647671220:,1747647683142
counter/8/0/0/0,27233:1747647671220:,1747647683142
counter/8/0/0/0,27234:1747647671220:,1747647683142
counter/8/0/0/0,27235:1747647671220:,1747647683142
counter/8/0/0/0,27236:1747647671220:,1747647683142
counter/8/0/0/0,27237:1747647671220:,1747647683142
counter/8/0/0/0,27238:1747647671220:,1747647683142
counter/8/0/0/0,27239:1747647671220:,1747647683142
counter/6/0/0/0,26011:1747647672803:,1747647683142
counter/8/0/0/0,27240:1747647671220:,1747647683142
counter/6/0/0/0,26012:1747647672803:,1747647683142
counter/9/0/0/0,29033:1747647672027:,1747647683142
counter/8/0/0/0,27241:1747647671220:,1747647683142
counter/4/0/0/0,22562:1747647668796:,1747647683142
counter/7/0/0/0,25860:1747647670985:,1747647683142
counter/8/0/0/0,27242:1747647671220:,1747647683142
counter/2/0/0/0,28914:1747647673337:,1747647683142
counter/1/0/0/0,23209:1747647669945:,1747647683142
counter/8/0/0/0,27243:1747647671220:,1747647683142
counter/8/0/0/0,27244:1747647671220:,1747647683142
counter/8/0/0/0,27245:1747647671220:,1747647683143
counter/8/0/0/0,27246:1747647671220:,1747647683143
counter/8/0/0/0,27247:1747647671220:,1747647683143
counter/8/0/0/0,27248:1747647671220:,1747647683143
counter/8/0/0/0,27249:1747647671220:,1747647683143
counter/8/0/0/0,27250:1747647671220:,1747647683143
counter/8/0/0/0,27251:1747647671220:,1747647683143
counter/8/0/0/0,27252:1747647671221:,1747647683143
counter/8/0/0/0,27253:1747647671221:,1747647683143
counter/8/0/0/0,27254:1747647671221:,1747647683143
counter/8/0/0/0,27255:1747647671221:,1747647683143
counter/8/0/0/0,27256:1747647671221:,1747647683143
counter/8/0/0/0,27257:1747647671221:,1747647683143
counter/8/0/0/0,27258:1747647671221:,1747647683143
counter/8/0/0/0,27259:1747647671229:,1747647683143
counter/8/0/0/0,27260:1747647671229:,1747647683143
counter/8/0/0/0,27261:1747647671229:,1747647683143
counter/8/0/0/0,27262:1747647671229:,1747647683143
counter/8/0/0/0,27263:1747647671229:,1747647683143
counter/8/0/0/0,27264:1747647671229:,1747647683143
counter/8/0/0/0,27265:1747647671229:,1747647683143
counter/8/0/0/0,27266:1747647671231:,1747647683143
counter/8/0/0/0,27267:1747647671231:,1747647683143
counter/8/0/0/0,27268:1747647671235:,1747647683143
counter/8/0/0/0,27269:1747647671235:,1747647683143
counter/8/0/0/0,27270:1747647671236:,1747647683143
counter/8/0/0/0,27271:1747647671236:,1747647683143
counter/8/0/0/0,27272:1747647671240:,1747647683143
counter/8/0/0/0,27273:1747647671240:,1747647683143
counter/8/0/0/0,27274:1747647671240:,1747647683143
counter/8/0/0/0,27275:1747647671240:,1747647683143
counter/8/0/0/0,27276:1747647671240:,1747647683143
counter/8/0/0/0,27277:1747647671240:,1747647683143
counter/8/0/0/0,27278:1747647671240:,1747647683143
counter/8/0/0/0,27279:1747647671240:,1747647683143
counter/8/0/0/0,27280:1747647671240:,1747647683143
counter/8/0/0/0,27281:1747647671244:,1747647683143
counter/8/0/0/0,27282:1747647671244:,1747647683143
counter/8/0/0/0,27283:1747647671244:,1747647683143
counter/8/0/0/0,27284:1747647671244:,1747647683143
counter/8/0/0/0,27285:1747647671244:,1747647683144
counter/8/0/0/0,27286:1747647671244:,1747647683144
counter/8/0/0/0,27287:1747647671244:,1747647683144
counter/8/0/0/0,27288:1747647671244:,1747647683144
counter/8/0/0/0,27289:1747647671244:,1747647683144
counter/8/0/0/0,27290:1747647671245:,1747647683144
counter/8/0/0/0,27291:1747647671245:,1747647683144
counter/8/0/0/0,27292:1747647671245:,1747647683144
counter/8/0/0/0,27293:1747647671245:,1747647683144
counter/8/0/0/0,27294:1747647671245:,1747647683144
counter/8/0/0/0,27295:1747647671245:,1747647683144
counter/8/0/0/0,27296:1747647671245:,1747647683144
counter/8/0/0/0,27297:1747647671245:,1747647683144
counter/8/0/0/0,27298:1747647671245:,1747647683144
counter/8/0/0/0,27299:1747647671245:,1747647683144
counter/8/0/0/0,27300:1747647671255:,1747647683144
counter/8/0/0/0,27301:1747647671255:,1747647683144
counter/8/0/0/0,27302:1747647671255:,1747647683144
counter/8/0/0/0,27303:1747647671255:,1747647683144
counter/8/0/0/0,27304:1747647671255:,1747647683144
counter/8/0/0/0,27305:1747647671255:,1747647683144
counter/8/0/0/0,27306:1747647671255:,1747647683144
counter/8/0/0/0,27307:1747647671255:,1747647683144
counter/8/0/0/0,27308:1747647671255:,1747647683144
counter/8/0/0/0,27309:1747647671255:,1747647683144
counter/8/0/0/0,27310:1747647671255:,1747647683144
counter/8/0/0/0,27311:1747647671255:,1747647683144
counter/8/0/0/0,27312:1747647671255:,1747647683144
counter/3/0/0/0,23112:1747647668857:,1747647683144
counter/8/0/0/0,27313:1747647671255:,1747647683144
counter/6/0/0/0,26013:1747647672804:,1747647683144
counter/8/0/0/0,27314:1747647671260:,1747647683144
counter/9/0/0/0,29034:1747647672027:,1747647683144
counter/8/0/0/0,27315:1747647671262:,1747647683144
counter/4/0/0/0,22563:1747647668796:,1747647683144
counter/7/0/0/0,25861:1747647670985:,1747647683144
counter/8/0/0/0,27316:1747647671262:,1747647683144
counter/2/0/0/0,28915:1747647673337:,1747647683144
counter/1/0/0/0,23210:1747647669945:,1747647683144
counter/8/0/0/0,27317:1747647671262:,1747647683144
counter/1/0/0/0,23211:1747647669945:,1747647683144
counter/8/0/0/0,27318:1747647671262:,1747647683145
counter/1/0/0/0,23212:1747647669945:,1747647683145
counter/8/0/0/0,27319:1747647671262:,1747647683145
counter/1/0/0/0,23213:1747647669945:,1747647683145
counter/8/0/0/0,27320:1747647671262:,1747647683145
counter/1/0/0/0,23214:1747647669945:,1747647683145
counter/8/0/0/0,27321:1747647671262:,1747647683145
counter/1/0/0/0,23215:1747647669945:,1747647683145
counter/8/0/0/0,27322:1747647671262:,1747647683145
counter/1/0/0/0,23216:1747647669945:,1747647683145
counter/8/0/0/0,27323:1747647671262:,1747647683145
counter/1/0/0/0,23217:1747647669945:,1747647683145
counter/8/0/0/0,27324:1747647671262:,1747647683145
counter/1/0/0/0,23218:1747647669945:,1747647683145
counter/8/0/0/0,27325:1747647671262:,1747647683145
counter/1/0/0/0,23219:1747647669945:,1747647683145
counter/8/0/0/0,27326:1747647671262:,1747647683145
counter/1/0/0/0,23220:1747647669945:,1747647683145
counter/8/0/0/0,27327:1747647671262:,1747647683145
counter/1/0/0/0,23221:1747647669945:,1747647683145
counter/8/0/0/0,27328:1747647671262:,1747647683145
counter/1/0/0/0,23222:1747647669945:,1747647683145
counter/8/0/0/0,27329:1747647671262:,1747647683145
counter/1/0/0/0,23223:1747647669946:,1747647683145
counter/8/0/0/0,27330:1747647671262:,1747647683145
counter/1/0/0/0,23224:1747647669946:,1747647683145
counter/8/0/0/0,27331:1747647671265:,1747647683145
counter/1/0/0/0,23225:1747647669946:,1747647683145
counter/8/0/0/0,27332:1747647671265:,1747647683145
counter/1/0/0/0,23226:1747647669946:,1747647683145
counter/8/0/0/0,27333:1747647671265:,1747647683145
counter/1/0/0/0,23227:1747647669946:,1747647683145
counter/8/0/0/0,27334:1747647671265:,1747647683145
counter/1/0/0/0,23228:1747647669946:,1747647683145
counter/8/0/0/0,27335:1747647671265:,1747647683145
counter/1/0/0/0,23229:1747647669946:,1747647683145
counter/8/0/0/0,27336:1747647671266:,1747647683145
counter/1/0/0/0,23230:1747647669946:,1747647683145
counter/8/0/0/0,27337:1747647671266:,1747647683146
counter/1/0/0/0,23231:1747647669946:,1747647683146
counter/1/0/0/0,23232:1747647669948:,1747647683146
counter/1/0/0/0,23233:1747647669948:,1747647683146
counter/1/0/0/0,23234:1747647669948:,1747647683146
counter/1/0/0/0,23235:1747647669948:,1747647683146
counter/1/0/0/0,23236:1747647669949:,1747647683146
counter/1/0/0/0,23237:1747647669949:,1747647683146
counter/1/0/0/0,23238:1747647669949:,1747647683146
counter/1/0/0/0,23239:1747647669949:,1747647683146
counter/1/0/0/0,23240:1747647669949:,1747647683146
counter/1/0/0/0,23241:1747647669949:,1747647683146
counter/1/0/0/0,23242:1747647669949:,1747647683146
counter/1/0/0/0,23243:1747647669949:,1747647683146
counter/1/0/0/0,23244:1747647669949:,1747647683146
counter/1/0/0/0,23245:1747647669949:,1747647683146
counter/1/0/0/0,23246:1747647669955:,1747647683146
counter/1/0/0/0,23247:1747647669955:,1747647683146
counter/1/0/0/0,23248:1747647669955:,1747647683146
counter/1/0/0/0,23249:1747647669956:,1747647683146
counter/1/0/0/0,23250:1747647669956:,1747647683146
counter/1/0/0/0,23251:1747647669961:,1747647683146
counter/1/0/0/0,23252:1747647669961:,1747647683146
counter/1/0/0/0,23253:1747647669961:,1747647683146
counter/1/0/0/0,23254:1747647669971:,1747647683146
counter/1/0/0/0,23255:1747647669971:,1747647683146
counter/1/0/0/0,23256:1747647669971:,1747647683146
counter/1/0/0/0,23257:1747647669971:,1747647683146
counter/1/0/0/0,23258:1747647669971:,1747647683146
counter/1/0/0/0,23259:1747647669986:,1747647683146
counter/1/0/0/0,23260:1747647669986:,1747647683146
counter/10/0/0/0,24195:1747647668066:,1747647683146
counter/1/0/0/0,23261:1747647669986:,1747647683146
counter/5/0/0/0,26617:1747647671387:,1747647683146
counter/6/0/0/0,26014:1747647672804:,1747647683146
counter/1/0/0/0,23262:1747647669986:,1747647683146
counter/2/0/0/0,28916:1747647673337:,1747647683146
counter/3/0/0/0,23113:1747647668857:,1747647683146
counter/1/0/0/0,23263:1747647669986:,1747647683146
counter/7/0/0/0,25862:1747647670985:,1747647683147
counter/9/0/0/0,29035:1747647672027:,1747647683147
counter/1/0/0/0,23264:1747647669986:,1747647683147
counter/8/0/0/0,27338:1747647671266:,1747647683147
counter/1/0/0/0,23265:1747647669986:,1747647683147
counter/1/0/0/0,23266:1747647669986:,1747647683147
counter/1/0/0/0,23267:1747647669986:,1747647683147
counter/1/0/0/0,23268:1747647669986:,1747647683147
counter/1/0/0/0,23269:1747647669986:,1747647683147
counter/1/0/0/0,23270:1747647669986:,1747647683147
counter/1/0/0/0,23271:1747647669986:,1747647683147
counter/1/0/0/0,23272:1747647669986:,1747647683147
counter/8/0/0/0,27339:1747647671266:,1747647683147
counter/1/0/0/0,23273:1747647669986:,1747647683147
counter/10/0/0/0,24196:1747647668066:,1747647683147
counter/1/0/0/0,23274:1747647669986:,1747647683147
counter/6/0/0/0,26015:1747647672804:,1747647683147
counter/1/0/0/0,23275:1747647669986:,1747647683147
counter/2/0/0/0,28917:1747647673337:,1747647683147
counter/3/0/0/0,23114:1747647668857:,1747647683147
counter/1/0/0/0,23276:1747647669986:,1747647683147
counter/7/0/0/0,25863:1747647670985:,1747647683147
counter/1/0/0/0,23277:1747647669986:,1747647683147
counter/1/0/0/0,23278:1747647669988:,1747647683147
counter/9/0/0/0,29036:1747647672027:,1747647683147
counter/1/0/0/0,23279:1747647669988:,1747647683147
counter/1/0/0/0,23280:1747647669988:,1747647683147
counter/1/0/0/0,23281:1747647669988:,1747647683147
counter/1/0/0/0,23282:1747647669988:,1747647683147
counter/1/0/0/0,23283:1747647669988:,1747647683147
counter/1/0/0/0,23284:1747647669988:,1747647683147
counter/1/0/0/0,23285:1747647669988:,1747647683147
counter/1/0/0/0,23286:1747647669988:,1747647683147
counter/1/0/0/0,23287:1747647669988:,1747647683148
counter/1/0/0/0,23288:1747647669988:,1747647683148
counter/1/0/0/0,23289:1747647669988:,1747647683148
counter/1/0/0/0,23290:1747647669994:,1747647683148
counter/7/0/0/0,25864:1747647670993:,1747647683148
counter/1/0/0/0,23291:1747647669994:,1747647683148
counter/7/0/0/0,25865:1747647670998:,1747647683148
counter/1/0/0/0,23292:1747647669994:,1747647683148
counter/1/0/0/0,23293:1747647669994:,1747647683148
counter/7/0/0/0,25866:1747647670998:,1747647683148
counter/1/0/0/0,23294:1747647669994:,1747647683148
counter/2/0/0/0,28918:1747647673337:,1747647683148
counter/3/0/0/0,23115:1747647668857:,1747647683148
counter/1/0/0/0,23295:1747647669994:,1747647683148
counter/3/0/0/0,23116:1747647668857:,1747647683148
counter/1/0/0/0,23296:1747647669995:,1747647683148
counter/3/0/0/0,23117:1747647669624:,1747647683148
counter/1/0/0/0,23297:1747647669995:,1747647683148
counter/3/0/0/0,23118:1747647669624:,1747647683148
counter/1/0/0/0,23298:1747647669995:,1747647683148
counter/1/0/0/0,23299:1747647669995:,1747647683148
counter/1/0/0/0,23300:1747647669995:,1747647683148
counter/1/0/0/0,23301:1747647669995:,1747647683148
counter/1/0/0/0,23302:1747647669995:,1747647683148
counter/1/0/0/0,23303:1747647669997:,1747647683148
counter/1/0/0/0,23304:1747647669997:,1747647683148
counter/1/0/0/0,23305:1747647670000:,1747647683148
counter/1/0/0/0,23306:1747647670000:,1747647683148
counter/1/0/0/0,23307:1747647670000:,1747647683148
counter/1/0/0/0,23308:1747647670000:,1747647683148
counter/1/0/0/0,23309:1747647670000:,1747647683148
counter/1/0/0/0,23310:1747647670000:,1747647683148
counter/1/0/0/0,23311:1747647670000:,1747647683148
counter/3/0/0/0,23119:1747647669624:,1747647683148
counter/4/0/0/0,22564:1747647668797:,1747647683148
counter/10/0/0/0,24197:1747647668066:,1747647683148
counter/7/0/0/0,25867:1747647670998:,1747647683148
counter/7/0/0/0,25868:1747647670998:,1747647683148
counter/7/0/0/0,25869:1747647670999:,1747647683148
counter/9/0/0/0,29037:1747647672027:,1747647683149
counter/8/0/0/0,27340:1747647671266:,1747647683149
counter/1/0/0/0,23312:1747647670000:,1747647683149
counter/8/0/0/0,27341:1747647671266:,1747647683149
counter/8/0/0/0,27342:1747647671266:,1747647683149
counter/8/0/0/0,27343:1747647671266:,1747647683149
counter/8/0/0/0,27344:1747647671266:,1747647683149
counter/8/0/0/0,27345:1747647671266:,1747647683149
counter/8/0/0/0,27346:1747647671266:,1747647683149
counter/8/0/0/0,27347:1747647671267:,1747647683149
counter/8/0/0/0,27348:1747647671267:,1747647683149
counter/8/0/0/0,27349:1747647671267:,1747647683149
counter/8/0/0/0,27350:1747647671267:,1747647683149
counter/4/0/0/0,22565:1747647668797:,1747647683149
counter/5/0/0/0,26618:1747647671387:,1747647683149
counter/2/0/0/0,28919:1747647673367:,1747647683149
counter/6/0/0/0,26016:1747647672804:,1747647683149
counter/9/0/0/0,29038:1747647672027:,1747647683149
counter/1/0/0/0,23313:1747647670000:,1747647683149
counter/7/0/0/0,25870:1747647670999:,1747647683149
counter/8/0/0/0,27351:1747647671267:,1747647683149
counter/10/0/0/0,24198:1747647668066:,1747647683149
counter/8/0/0/0,27352:1747647671267:,1747647683149
counter/3/0/0/0,23120:1747647669633:,1747647683149
counter/5/0/0/0,26619:1747647671387:,1747647683149
counter/2/0/0/0,28920:1747647673367:,1747647683149
counter/6/0/0/0,26017:1747647672804:,1747647683149
counter/9/0/0/0,29039:1747647672027:,1747647683149
counter/1/0/0/0,23314:1747647670001:,1747647683149
counter/7/0/0/0,25871:1747647670999:,1747647683149
counter/4/0/0/0,22566:1747647668797:,1747647683149
counter/10/0/0/0,24199:1747647668066:,1747647683149
counter/8/0/0/0,27353:1747647671267:,1747647683149
counter/8/0/0/0,27354:1747647671267:,1747647683149
counter/8/0/0/0,27355:1747647671267:,1747647683149
counter/8/0/0/0,27356:1747647671267:,1747647683149
counter/8/0/0/0,27357:1747647671267:,1747647683149
counter/8/0/0/0,27358:1747647671267:,1747647683149
counter/8/0/0/0,27359:1747647671276:,1747647683149
counter/8/0/0/0,27360:1747647671276:,1747647683149
counter/8/0/0/0,27361:1747647671276:,1747647683150
counter/8/0/0/0,27362:1747647671276:,1747647683150
counter/8/0/0/0,27363:1747647671276:,1747647683150
counter/6/0/0/0,26018:1747647672804:,1747647683150
counter/8/0/0/0,27364:1747647671276:,1747647683150
counter/9/0/0/0,29040:1747647672029:,1747647683150
counter/1/0/0/0,23315:1747647670002:,1747647683150
counter/7/0/0/0,25872:1747647671008:,1747647683150
counter/4/0/0/0,22567:1747647668797:,1747647683150
counter/10/0/0/0,24200:1747647668066:,1747647683150
counter/2/0/0/0,28921:1747647673368:,1747647683150
counter/8/0/0/0,27365:1747647671276:,1747647683150
counter/3/0/0/0,23121:1747647669635:,1747647683150
counter/5/0/0/0,26620:1747647671387:,1747647683150
counter/6/0/0/0,26019:1747647672819:,1747647683150
counter/9/0/0/0,29041:1747647672029:,1747647683150
counter/1/0/0/0,23316:1747647670002:,1747647683150
counter/7/0/0/0,25873:1747647671028:,1747647683150
counter/4/0/0/0,22568:1747647668797:,1747647683150
counter/10/0/0/0,24201:1747647668072:,1747647683150
counter/2/0/0/0,28922:1747647673368:,1747647683150
counter/2/0/0/0,28923:1747647673368:,1747647683150
counter/3/0/0/0,23122:1747647669635:,1747647683150
counter/5/0/0/0,26621:1747647671387:,1747647683150
counter/6/0/0/0,26020:1747647672819:,1747647683150
counter/9/0/0/0,29042:1747647672029:,1747647683150
counter/1/0/0/0,23317:1747647670003:,1747647683150
counter/7/0/0/0,25874:1747647671028:,1747647683150
counter/4/0/0/0,22569:1747647668799:,1747647683150
counter/10/0/0/0,24202:1747647668072:,1747647683150
counter/8/0/0/0,27366:1747647671277:,1747647683150
counter/2/0/0/0,28924:1747647673368:,1747647683150
counter/3/0/0/0,23123:1747647669641:,1747647683150
counter/5/0/0/0,26622:1747647671387:,1747647683150
counter/6/0/0/0,26021:1747647672820:,1747647683150
counter/9/0/0/0,29043:1747647672029:,1747647683150
counter/1/0/0/0,23318:1747647670003:,1747647683150
counter/7/0/0/0,25875:1747647671028:,1747647683151
counter/4/0/0/0,22570:1747647668799:,1747647683151
counter/10/0/0/0,24203:1747647668072:,1747647683151
counter/8/0/0/0,27367:1747647671277:,1747647683151
counter/2/0/0/0,28925:1747647673368:,1747647683151
counter/3/0/0/0,23124:1747647669645:,1747647683151
counter/5/0/0/0,26623:1747647671387:,1747647683151
counter/6/0/0/0,26022:1747647672820:,1747647683151
counter/5/0/0/0,26624:1747647671391:,1747647683151
counter/5/0/0/0,26625:1747647671392:,1747647683151
counter/5/0/0/0,26626:1747647671392:,1747647683151
counter/5/0/0/0,26627:1747647671392:,1747647683151
counter/3/0/0/0,23125:1747647669651:,1747647683151
counter/5/0/0/0,26628:1747647671392:,1747647683151
counter/6/0/0/0,26023:1747647672820:,1747647683151
counter/5/0/0/0,26629:1747647671392:,1747647683151
counter/9/0/0/0,29044:1747647672029:,1747647683151
counter/5/0/0/0,26630:1747647671392:,1747647683151
counter/1/0/0/0,23319:1747647670003:,1747647683151
counter/7/0/0/0,25876:1747647671028:,1747647683151
counter/4/0/0/0,22571:1747647668799:,1747647683151
counter/10/0/0/0,24204:1747647668072:,1747647683151
counter/2/0/0/0,28926:1747647673368:,1747647683151
counter/5/0/0/0,26631:1747647671395:,1747647683151
counter/5/0/0/0,26632:1747647671395:,1747647683151
counter/5/0/0/0,26633:1747647671395:,1747647683151
counter/5/0/0/0,26634:1747647671395:,1747647683151
counter/5/0/0/0,26635:1747647671395:,1747647683151
counter/5/0/0/0,26636:1747647671398:,1747647683151
counter/5/0/0/0,26637:1747647671400:,1747647683151
counter/5/0/0/0,26638:1747647671400:,1747647683151
counter/5/0/0/0,26639:1747647671400:,1747647683151
counter/5/0/0/0,26640:1747647671400:,1747647683151
counter/5/0/0/0,26641:1747647671400:,1747647683151
counter/5/0/0/0,26642:1747647671400:,1747647683151
counter/1/0/0/0,23320:1747647670003:,1747647683151
counter/5/0/0/0,26643:1747647671400:,1747647683151
counter/7/0/0/0,25877:1747647671028:,1747647683151
counter/4/0/0/0,22572:1747647668799:,1747647683151
counter/2/0/0/0,28927:1747647673368:,1747647683152
counter/10/0/0/0,24205:1747647668072:,1747647683152
counter/3/0/0/0,23126:1747647669657:,1747647683152
counter/6/0/0/0,26024:1747647672820:,1747647683152
counter/5/0/0/0,26644:1747647671401:,1747647683152
counter/9/0/0/0,29045:1747647672029:,1747647683152
counter/8/0/0/0,27368:1747647671277:,1747647683152
counter/1/0/0/0,23321:1747647670003:,1747647683152
counter/7/0/0/0,25878:1747647671028:,1747647683152
counter/4/0/0/0,22573:1747647668799:,1747647683152
counter/2/0/0/0,28928:1747647673368:,1747647683152
counter/10/0/0/0,24206:1747647668072:,1747647683152
counter/3/0/0/0,23127:1747647669661:,1747647683152
counter/6/0/0/0,26025:1747647672820:,1747647683152
counter/5/0/0/0,26645:1747647671401:,1747647683152
counter/9/0/0/0,29046:1747647672029:,1747647683152
counter/8/0/0/0,27369:1747647671277:,1747647683152
counter/1/0/0/0,23322:1747647670003:,1747647683152
counter/7/0/0/0,25879:1747647671028:,1747647683152
counter/4/0/0/0,22574:1747647668799:,1747647683152
counter/2/0/0/0,28929:1747647673368:,1747647683152
counter/10/0/0/0,24207:1747647668073:,1747647683152
counter/3/0/0/0,23128:1747647669661:,1747647683152
counter/6/0/0/0,26026:1747647672820:,1747647683152
counter/5/0/0/0,26646:1747647671415:,1747647683152
counter/9/0/0/0,29047:1747647672029:,1747647683152
counter/8/0/0/0,27370:1747647671277:,1747647683152
counter/8/0/0/0,27371:1747647671277:,1747647683152
counter/1/0/0/0,23323:1747647670003:,1747647683152
counter/4/0/0/0,22575:1747647668799:,1747647683152
counter/2/0/0/0,28930:1747647673368:,1747647683152
counter/10/0/0/0,24208:1747647668073:,1747647683152
counter/3/0/0/0,23129:1747647669661:,1747647683152
counter/6/0/0/0,26027:1747647672820:,1747647683152
counter/5/0/0/0,26647:1747647671415:,1747647683152
counter/9/0/0/0,29048:1747647672029:,1747647683152
counter/7/0/0/0,25880:1747647671029:,1747647683152
counter/1/0/0/0,23324:1747647670003:,1747647683152
counter/8/0/0/0,27372:1747647671277:,1747647683152
counter/4/0/0/0,22576:1747647668799:,1747647683152
counter/2/0/0/0,28931:1747647673368:,1747647683153
counter/10/0/0/0,24209:1747647668073:,1747647683153
counter/3/0/0/0,23130:1747647669661:,1747647683153
counter/6/0/0/0,26028:1747647672820:,1747647683153
counter/5/0/0/0,26648:1747647671415:,1747647683153
counter/9/0/0/0,29049:1747647672029:,1747647683153
counter/7/0/0/0,25881:1747647671029:,1747647683153
counter/1/0/0/0,23325:1747647670003:,1747647683153
counter/8/0/0/0,27373:1747647671277:,1747647683153
counter/4/0/0/0,22577:1747647668799:,1747647683153
counter/2/0/0/0,28932:1747647673383:,1747647683153
counter/10/0/0/0,24210:1747647668079:,1747647683153
counter/3/0/0/0,23131:1747647669667:,1747647683153
counter/6/0/0/0,26029:1747647672820:,1747647683153
counter/5/0/0/0,26649:1747647671415:,1747647683153
counter/9/0/0/0,29050:1747647672029:,1747647683153
counter/7/0/0/0,25882:1747647671029:,1747647683153
counter/1/0/0/0,23326:1747647670003:,1747647683153
counter/8/0/0/0,27374:1747647671277:,1747647683153
counter/4/0/0/0,22578:1747647668799:,1747647683153
counter/2/0/0/0,28933:1747647673383:,1747647683153
counter/10/0/0/0,24211:1747647668079:,1747647683153
counter/3/0/0/0,23132:1747647669667:,1747647683153
counter/6/0/0/0,26030:1747647672820:,1747647683153
counter/5/0/0/0,26650:1747647671415:,1747647683153
counter/9/0/0/0,29051:1747647672029:,1747647683153
counter/7/0/0/0,25883:1747647671029:,1747647683153
counter/1/0/0/0,23327:1747647670003:,1747647683153
counter/8/0/0/0,27375:1747647671277:,1747647683153
counter/4/0/0/0,22579:1747647668799:,1747647683153
counter/2/0/0/0,28934:1747647673383:,1747647683153
counter/10/0/0/0,24212:1747647668080:,1747647683153
counter/3/0/0/0,23133:1747647669667:,1747647683153
counter/6/0/0/0,26031:1747647672820:,1747647683153
counter/5/0/0/0,26651:1747647671415:,1747647683153
counter/9/0/0/0,29052:1747647672029:,1747647683153
counter/7/0/0/0,25884:1747647671029:,1747647683154
counter/1/0/0/0,23328:1747647670003:,1747647683154
counter/8/0/0/0,27376:1747647671280:,1747647683154
counter/4/0/0/0,22580:1747647668799:,1747647683154
counter/2/0/0/0,28935:1747647673383:,1747647683154
counter/10/0/0/0,24213:1747647668080:,1747647683154
counter/3/0/0/0,23134:1747647669667:,1747647683154
counter/6/0/0/0,26032:1747647672820:,1747647683154
counter/5/0/0/0,26652:1747647671415:,1747647683154
counter/9/0/0/0,29053:1747647672029:,1747647683154
counter/7/0/0/0,25885:1747647671029:,1747647683154
counter/1/0/0/0,23329:1747647670003:,1747647683154
counter/8/0/0/0,27377:1747647671280:,1747647683154
counter/4/0/0/0,22581:1747647668799:,1747647683154
counter/2/0/0/0,28936:1747647673383:,1747647683154
counter/2/0/0/0,28937:1747647673383:,1747647683154
counter/3/0/0/0,23135:1747647669667:,1747647683154
counter/6/0/0/0,26033:1747647672826:,1747647683154
counter/5/0/0/0,26653:1747647671415:,1747647683154
counter/9/0/0/0,29054:1747647672029:,1747647683154
counter/7/0/0/0,25886:1747647671029:,1747647683154
counter/1/0/0/0,23330:1747647670003:,1747647683154
counter/8/0/0/0,27378:1747647671280:,1747647683154
counter/4/0/0/0,22582:1747647668799:,1747647683154
counter/10/0/0/0,24214:1747647668080:,1747647683154
counter/2/0/0/0,28938:1747647673383:,1747647683154
counter/3/0/0/0,23136:1747647669667:,1747647683154
counter/6/0/0/0,26034:1747647672826:,1747647683154
counter/5/0/0/0,26654:1747647671416:,1747647683154
counter/9/0/0/0,29055:1747647672029:,1747647683154
counter/7/0/0/0,25887:1747647671029:,1747647683154
counter/1/0/0/0,23331:1747647670003:,1747647683154
counter/8/0/0/0,27379:1747647671288:,1747647683154
counter/4/0/0/0,22583:1747647668799:,1747647683154
counter/10/0/0/0,24215:1747647668080:,1747647683154
counter/2/0/0/0,28939:1747647673383:,1747647683154
counter/3/0/0/0,23137:1747647669667:,1747647683154
counter/6/0/0/0,26035:1747647672826:,1747647683154
counter/5/0/0/0,26655:1747647671421:,1747647683154
counter/9/0/0/0,29056:1747647672029:,1747647683154
counter/7/0/0/0,25888:1747647671029:,1747647683154
counter/1/0/0/0,23332:1747647670003:,1747647683155
counter/8/0/0/0,27380:1747647671288:,1747647683155
counter/4/0/0/0,22584:1747647668799:,1747647683155
counter/10/0/0/0,24216:1747647668080:,1747647683155
counter/2/0/0/0,28940:1747647673386:,1747647683155
counter/3/0/0/0,23138:1747647669667:,1747647683155
counter/6/0/0/0,26036:1747647672826:,1747647683155
counter/5/0/0/0,26656:1747647671421:,1747647683155
counter/9/0/0/0,29057:1747647672030:,1747647683155
counter/7/0/0/0,25889:1747647671030:,1747647683155
counter/1/0/0/0,23333:1747647670003:,1747647683155
counter/8/0/0/0,27381:1747647671288:,1747647683155
counter/4/0/0/0,22585:1747647668799:,1747647683155
counter/10/0/0/0,24217:1747647668080:,1747647683155
counter/2/0/0/0,28941:1747647673386:,1747647683155
counter/3/0/0/0,23139:1747647669667:,1747647683155
counter/6/0/0/0,26037:1747647672826:,1747647683155
counter/5/0/0/0,26657:1747647671421:,1747647683155
counter/9/0/0/0,29058:1747647672030:,1747647683155
counter/7/0/0/0,25890:1747647671030:,1747647683155
counter/1/0/0/0,23334:1747647670003:,1747647683155
counter/8/0/0/0,27382:1747647671289:,1747647683155
counter/4/0/0/0,22586:1747647668799:,1747647683155
counter/10/0/0/0,24218:1747647668080:,1747647683155
counter/2/0/0/0,28942:1747647673386:,1747647683155
counter/3/0/0/0,23140:1747647669667:,1747647683155
counter/6/0/0/0,26038:1747647672826:,1747647683155
counter/5/0/0/0,26658:1747647671421:,1747647683155
counter/9/0/0/0,29059:1747647672030:,1747647683155
counter/7/0/0/0,25891:1747647671030:,1747647683155
counter/1/0/0/0,23335:1747647670003:,1747647683155
counter/8/0/0/0,27383:1747647671289:,1747647683155
counter/4/0/0/0,22587:1747647668799:,1747647683155
counter/10/0/0/0,24219:1747647668085:,1747647683155
counter/2/0/0/0,28943:1747647673386:,1747647683155
counter/3/0/0/0,23141:1747647669671:,1747647683155
counter/6/0/0/0,26039:1747647672826:,1747647683155
counter/6/0/0/0,26040:1747647672826:,1747647683155
counter/6/0/0/0,26041:1747647672826:,1747647683156
counter/6/0/0/0,26042:1747647672826:,1747647683156
counter/6/0/0/0,26043:1747647672827:,1747647683156
counter/6/0/0/0,26044:1747647672827:,1747647683156
counter/6/0/0/0,26045:1747647672827:,1747647683156
counter/6/0/0/0,26046:1747647672830:,1747647683156
counter/6/0/0/0,26047:1747647672830:,1747647683156
counter/6/0/0/0,26048:1747647672830:,1747647683156
counter/5/0/0/0,26659:1747647671421:,1747647683156
counter/9/0/0/0,29060:1747647672030:,1747647683156
counter/1/0/0/0,23336:1747647670003:,1747647683156
counter/8/0/0/0,27384:1747647671289:,1747647683156
counter/4/0/0/0,22588:1747647668799:,1747647683156
counter/10/0/0/0,24220:1747647668085:,1747647683156
counter/10/0/0/0,24221:1747647668085:,1747647683156
counter/3/0/0/0,23142:1747647669671:,1747647683156
counter/7/0/0/0,25892:1747647671030:,1747647683156
counter/2/0/0/0,28944:1747647673386:,1747647683156
counter/5/0/0/0,26660:1747647671421:,1747647683156
counter/9/0/0/0,29061:1747647672030:,1747647683156
counter/1/0/0/0,23337:1747647670003:,1747647683156
counter/8/0/0/0,27385:1747647671289:,1747647683156
counter/4/0/0/0,22589:1747647668799:,1747647683156
counter/6/0/0/0,26049:1747647672830:,1747647683156
counter/3/0/0/0,23143:1747647669672:,1747647683156
counter/10/0/0/0,24222:1747647668085:,1747647683156
counter/7/0/0/0,25893:1747647671030:,1747647683156
counter/2/0/0/0,28945:1747647673386:,1747647683156
counter/5/0/0/0,26661:1747647671421:,1747647683156
counter/5/0/0/0,26662:1747647671421:,1747647683156
counter/5/0/0/0,26663:1747647671421:,1747647683156
counter/5/0/0/0,26664:1747647671422:,1747647683156
counter/5/0/0/0,26665:1747647671422:,1747647683156
counter/6/0/0/0,26050:1747647672830:,1747647683156
counter/3/0/0/0,23144:1747647669672:,1747647683156
counter/10/0/0/0,24223:1747647668085:,1747647683156
counter/7/0/0/0,25894:1747647671030:,1747647683156
counter/9/0/0/0,29062:1747647672030:,1747647683156
counter/2/0/0/0,28946:1747647673386:,1747647683156
counter/1/0/0/0,23338:1747647670003:,1747647683156
counter/2/0/0/0,28947:1747647673387:,1747647683156
counter/2/0/0/0,28948:1747647673387:,1747647683157
counter/2/0/0/0,28949:1747647673387:,1747647683157
counter/2/0/0/0,28950:1747647673387:,1747647683157
counter/2/0/0/0,28951:1747647673387:,1747647683157
counter/9/0/0/0,29063:1747647672030:,1747647683157
counter/2/0/0/0,28952:1747647673387:,1747647683157
counter/1/0/0/0,23339:1747647670003:,1747647683157
counter/2/0/0/0,28953:1747647673387:,1747647683157
counter/2/0/0/0,28954:1747647673389:,1747647683157
counter/2/0/0/0,28955:1747647673389:,1747647683157
counter/2/0/0/0,28956:1747647673389:,1747647683157
counter/2/0/0/0,28957:1747647673389:,1747647683157
counter/9/0/0/0,29064:1747647672030:,1747647683157
counter/2/0/0/0,28958:1747647673389:,1747647683157
counter/1/0/0/0,23340:1747647670003:,1747647683157
counter/2/0/0/0,28959:1747647673389:,1747647683157
counter/5/0/0/0,26666:1747647671422:,1747647683157
counter/4/0/0/0,22590:1747647668799:,1747647683157
counter/2/0/0/0,28960:1747647673390:,1747647683157
counter/8/0/0/0,27386:1747647671289:,1747647683157
counter/6/0/0/0,26051:1747647672830:,1747647683157
counter/3/0/0/0,23145:1747647669672:,1747647683157
counter/3/0/0/0,23146:1747647669672:,1747647683157
counter/10/0/0/0,24224:1747647668091:,1747647683157
counter/9/0/0/0,29065:1747647672030:,1747647683157
counter/10/0/0/0,24225:1747647668091:,1747647683157
counter/1/0/0/0,23341:1747647670003:,1747647683157
counter/10/0/0/0,24226:1747647668091:,1747647683157
counter/8/0/0/0,27387:1747647671289:,1747647683157
counter/8/0/0/0,27388:1747647671303:,1747647683157
counter/6/0/0/0,26052:1747647672830:,1747647683157
counter/5/0/0/0,26667:1747647671422:,1747647683157
counter/7/0/0/0,25895:1747647671030:,1747647683157
counter/9/0/0/0,29066:1747647672030:,1747647683157
counter/9/0/0/0,29067:1747647672030:,1747647683157
counter/9/0/0/0,29068:1747647672030:,1747647683157
counter/9/0/0/0,29069:1747647672030:,1747647683157
counter/9/0/0/0,29070:1747647672030:,1747647683158
counter/9/0/0/0,29071:1747647672030:,1747647683158
counter/9/0/0/0,29072:1747647672030:,1747647683158
counter/8/0/0/0,27389:1747647671303:,1747647683158
counter/9/0/0/0,29073:1747647672030:,1747647683158
counter/7/0/0/0,25896:1747647671030:,1747647683158
counter/1/0/0/0,23342:1747647670003:,1747647683158
counter/1/0/0/0,23343:1747647670003:,1747647683158
counter/1/0/0/0,23344:1747647670004:,1747647683158
counter/1/0/0/0,23345:1747647670004:,1747647683158
counter/1/0/0/0,23346:1747647670004:,1747647683158
counter/1/0/0/0,23347:1747647670004:,1747647683158
counter/1/0/0/0,23348:1747647670004:,1747647683158
counter/1/0/0/0,23349:1747647670004:,1747647683158
counter/1/0/0/0,23350:1747647670004:,1747647683158
counter/1/0/0/0,23351:1747647670005:,1747647683158
counter/1/0/0/0,23352:1747647670005:,1747647683158
counter/1/0/0/0,23353:1747647670005:,1747647683158
counter/1/0/0/0,23354:1747647670005:,1747647683158
counter/1/0/0/0,23355:1747647670005:,1747647683158
counter/1/0/0/0,23356:1747647670005:,1747647683158
counter/1/0/0/0,23357:1747647670005:,1747647683158
counter/2/0/0/0,28961:1747647673390:,1747647683158
counter/1/0/0/0,23358:1747647670005:,1747647683158
counter/3/0/0/0,23147:1747647669672:,1747647683158
counter/3/0/0/0,23148:1747647669672:,1747647683158
counter/3/0/0/0,23149:1747647669672:,1747647683158
counter/3/0/0/0,23150:1747647669672:,1747647683158
counter/3/0/0/0,23151:1747647669672:,1747647683158
counter/8/0/0/0,27390:1747647671304:,1747647683158
counter/1/0/0/0,23359:1747647670005:,1747647683158
counter/7/0/0/0,25897:1747647671030:,1747647683158
counter/4/0/0/0,22591:1747647668799:,1747647683158
counter/2/0/0/0,28962:1747647673390:,1747647683158
counter/10/0/0/0,24227:1747647668091:,1747647683158
counter/6/0/0/0,26053:1747647672830:,1747647683158
counter/5/0/0/0,26668:1747647671422:,1747647683159
counter/3/0/0/0,23152:1747647669673:,1747647683159
counter/9/0/0/0,29074:1747647672030:,1747647683159
counter/8/0/0/0,27391:1747647671304:,1747647683159
counter/1/0/0/0,23360:1747647670005:,1747647683159
counter/7/0/0/0,25898:1747647671041:,1747647683159
counter/4/0/0/0,22592:1747647668800:,1747647683159
counter/2/0/0/0,28963:1747647673391:,1747647683159
counter/2/0/0/0,28964:1747647673391:,1747647683159
counter/6/0/0/0,26054:1747647672830:,1747647683159
counter/10/0/0/0,24228:1747647668091:,1747647683159
counter/10/0/0/0,24229:1747647668091:,1747647683159
counter/3/0/0/0,23153:1747647669673:,1747647683159
counter/8/0/0/0,27392:1747647671304:,1747647683159
counter/1/0/0/0,23361:1747647670005:,1747647683159
counter/7/0/0/0,25899:1747647671043:,1747647683159
counter/4/0/0/0,22593:1747647668800:,1747647683159
counter/2/0/0/0,28965:1747647673391:,1747647683159
counter/5/0/0/0,26669:1747647671422:,1747647683159
counter/6/0/0/0,26055:1747647672830:,1747647683159
counter/9/0/0/0,29075:1747647672030:,1747647683159
counter/3/0/0/0,23154:1747647669673:,1747647683159
counter/10/0/0/0,24230:1747647668091:,1747647683159
counter/8/0/0/0,27393:1747647671304:,1747647683159
counter/1/0/0/0,23362:1747647670005:,1747647683159
counter/7/0/0/0,25900:1747647671074:,1747647683159
counter/4/0/0/0,22594:1747647668800:,1747647683159
counter/2/0/0/0,28966:1747647673391:,1747647683159
counter/5/0/0/0,26670:1747647671422:,1747647683159
counter/6/0/0/0,26056:1747647672830:,1747647683159
counter/9/0/0/0,29076:1747647672030:,1747647683159
counter/3/0/0/0,23155:1747647669673:,1747647683159
counter/10/0/0/0,24231:1747647668091:,1747647683159
counter/8/0/0/0,27394:1747647671309:,1747647683159
counter/1/0/0/0,23363:1747647670005:,1747647683159
counter/7/0/0/0,25901:1747647671076:,1747647683159
counter/4/0/0/0,22595:1747647668806:,1747647683159
counter/2/0/0/0,28967:1747647673391:,1747647683159
counter/5/0/0/0,26671:1747647671422:,1747647683159
counter/5/0/0/0,26672:1747647671422:,1747647683159
counter/9/0/0/0,29077:1747647672030:,1747647683159
counter/3/0/0/0,23156:1747647669673:,1747647683159
counter/10/0/0/0,24232:1747647668091:,1747647683160
counter/8/0/0/0,27395:1747647671309:,1747647683160
counter/1/0/0/0,23364:1747647670006:,1747647683160
counter/7/0/0/0,25902:1747647671085:,1747647683160
counter/4/0/0/0,22596:1747647668806:,1747647683160
counter/2/0/0/0,28968:1747647673391:,1747647683160
counter/6/0/0/0,26057:1747647672830:,1747647683160
counter/5/0/0/0,26673:1747647671422:,1747647683160
counter/9/0/0/0,29078:1747647672030:,1747647683160
counter/3/0/0/0,23157:1747647669673:,1747647683160
counter/10/0/0/0,24233:1747647668091:,1747647683160
counter/8/0/0/0,27396:1747647671309:,1747647683160
counter/1/0/0/0,23365:1747647670006:,1747647683160
counter/7/0/0/0,25903:1747647671085:,1747647683160
counter/4/0/0/0,22597:1747647668806:,1747647683160
counter/2/0/0/0,28969:1747647673391:,1747647683160
counter/6/0/0/0,26058:1747647672830:,1747647683160
counter/6/0/0/0,26059:1747647672843:,1747647683160
counter/9/0/0/0,29079:1747647672030:,1747647683160
counter/3/0/0/0,23158:1747647669673:,1747647683160
counter/10/0/0/0,24234:1747647668091:,1747647683160
counter/8/0/0/0,27397:1747647671309:,1747647683160
counter/1/0/0/0,23366:1747647670006:,1747647683160
counter/7/0/0/0,25904:1747647671085:,1747647683160
counter/4/0/0/0,22598:1747647668806:,1747647683160
counter/2/0/0/0,28970:1747647673391:,1747647683160
counter/5/0/0/0,26674:1747647671422:,1747647683160
counter/6/0/0/0,26060:1747647672843:,1747647683160
counter/9/0/0/0,29080:1747647672030:,1747647683160
counter/3/0/0/0,23159:1747647669673:,1747647683160
counter/3/0/0/0,23160:1747647669683:,1747647683160
counter/8/0/0/0,27398:1747647671309:,1747647683160
counter/1/0/0/0,23367:1747647670006:,1747647683160
counter/7/0/0/0,25905:1747647671085:,1747647683160
counter/4/0/0/0,22599:1747647668817:,1747647683160
counter/2/0/0/0,28971:1747647673402:,1747647683160
counter/5/0/0/0,26675:1747647671422:,1747647683160
counter/6/0/0/0,26061:1747647672843:,1747647683161
counter/9/0/0/0,29081:1747647672030:,1747647683161
counter/10/0/0/0,24235:1747647668091:,1747647683161
counter/3/0/0/0,23161:1747647669683:,1747647683161
counter/8/0/0/0,27399:1747647671311:,1747647683161
counter/1/0/0/0,23368:1747647670008:,1747647683161
counter/7/0/0/0,25906:1747647671085:,1747647683161
counter/4/0/0/0,22600:1747647668817:,1747647683161
counter/2/0/0/0,28972:1747647673403:,1747647683161
counter/5/0/0/0,26676:1747647671443:,1747647683161
counter/6/0/0/0,26062:1747647672846:,1747647683161
counter/9/0/0/0,29082:1747647672030:,1747647683161
counter/10/0/0/0,24236:1747647668091:,1747647683161
counter/3/0/0/0,23162:1747647669683:,1747647683161
counter/8/0/0/0,27400:1747647671323:,1747647683161
counter/1/0/0/0,23369:1747647670008:,1747647683161
counter/7/0/0/0,25907:1747647671085:,1747647683161
counter/4/0/0/0,22601:1747647668820:,1747647683161
counter/2/0/0/0,28973:1747647673403:,1747647683161
counter/5/0/0/0,26677:1747647671443:,1747647683161
counter/6/0/0/0,26063:1747647672846:,1747647683161
counter/9/0/0/0,29083:1747647672030:,1747647683161
counter/10/0/0/0,24237:1747647668091:,1747647683161
counter/3/0/0/0,23163:1747647669683:,1747647683161
counter/8/0/0/0,27401:1747647671323:,1747647683161
counter/1/0/0/0,23370:1747647670008:,1747647683161
counter/7/0/0/0,25908:1747647671085:,1747647683161
counter/4/0/0/0,22602:1747647668820:,1747647683161
counter/2/0/0/0,28974:1747647673403:,1747647683161
counter/5/0/0/0,26678:1747647671443:,1747647683161
counter/6/0/0/0,26064:1747647672846:,1747647683161
counter/9/0/0/0,29084:1747647672030:,1747647683161
counter/10/0/0/0,24238:1747647668092:,1747647683161
counter/3/0/0/0,23164:1747647669683:,1747647683161
counter/8/0/0/0,27402:1747647671323:,1747647683161
counter/1/0/0/0,23371:1747647670009:,1747647683161
counter/7/0/0/0,25909:1747647671085:,1747647683161
counter/4/0/0/0,22603:1747647668820:,1747647683161
counter/2/0/0/0,28975:1747647673403:,1747647683161
counter/5/0/0/0,26679:1747647671443:,1747647683161
counter/6/0/0/0,26065:1747647672846:,1747647683162
counter/9/0/0/0,29085:1747647672030:,1747647683162
counter/10/0/0/0,24239:1747647668099:,1747647683162
counter/3/0/0/0,23165:1747647669683:,1747647683162
counter/8/0/0/0,27403:1747647671327:,1747647683162
counter/1/0/0/0,23372:1747647670009:,1747647683162
counter/7/0/0/0,25910:1747647671085:,1747647683162
counter/4/0/0/0,22604:1747647668820:,1747647683162
counter/2/0/0/0,28976:1747647673403:,1747647683162
counter/5/0/0/0,26680:1747647671445:,1747647683162
counter/6/0/0/0,26066:1747647672846:,1747647683162
counter/9/0/0/0,29086:1747647672030:,1747647683162
counter/9/0/0/0,29087:1747647672030:,1747647683162
counter/10/0/0/0,24240:1747647668099:,1747647683162
counter/9/0/0/0,29088:1747647672030:,1747647683162
counter/1/0/0/0,23373:1747647670009:,1747647683162
counter/7/0/0/0,25911:1747647671085:,1747647683162
counter/4/0/0/0,22605:1747647668820:,1747647683162
counter/2/0/0/0,28977:1747647673403:,1747647683162
counter/5/0/0/0,26681:1747647671445:,1747647683162
counter/6/0/0/0,26067:1747647672846:,1747647683162
counter/3/0/0/0,23166:1747647669684:,1747647683162
counter/8/0/0/0,27404:1747647671327:,1747647683162
counter/9/0/0/0,29089:1747647672030:,1747647683162
counter/10/0/0/0,24241:1747647668099:,1747647683162
counter/1/0/0/0,23374:1747647670009:,1747647683162
counter/7/0/0/0,25912:1747647671085:,1747647683162
counter/4/0/0/0,22606:1747647668820:,1747647683162
counter/2/0/0/0,28978:1747647673403:,1747647683162
counter/5/0/0/0,26682:1747647671445:,1747647683162
counter/6/0/0/0,26068:1747647672847:,1747647683162
counter/3/0/0/0,23167:1747647669684:,1747647683162
counter/8/0/0/0,27405:1747647671327:,1747647683162
counter/9/0/0/0,29090:1747647672030:,1747647683162
counter/10/0/0/0,24242:1747647668099:,1747647683162
counter/1/0/0/0,23375:1747647670009:,1747647683162
counter/7/0/0/0,25913:1747647671085:,1747647683162
counter/4/0/0/0,22607:1747647668820:,1747647683162
counter/2/0/0/0,28979:1747647673403:,1747647683162
counter/5/0/0/0,26683:1747647671445:,1747647683162
counter/6/0/0/0,26069:1747647672847:,1747647683162
counter/3/0/0/0,23168:1747647669684:,1747647683163
counter/8/0/0/0,27406:1747647671327:,1747647683163
counter/9/0/0/0,29091:1747647672030:,1747647683163
counter/10/0/0/0,24243:1747647668104:,1747647683163
counter/1/0/0/0,23376:1747647670009:,1747647683163
counter/7/0/0/0,25914:1747647671085:,1747647683163
counter/4/0/0/0,22608:1747647668820:,1747647683163
counter/2/0/0/0,28980:1747647673403:,1747647683163
counter/5/0/0/0,26684:1747647671452:,1747647683163
counter/6/0/0/0,26070:1747647672848:,1747647683163
counter/3/0/0/0,23169:1747647669684:,1747647683163
counter/8/0/0/0,27407:1747647671327:,1747647683163
counter/9/0/0/0,29092:1747647672030:,1747647683163
counter/10/0/0/0,24244:1747647668104:,1747647683163
counter/1/0/0/0,23377:1747647670016:,1747647683163
counter/7/0/0/0,25915:1747647671085:,1747647683163
counter/4/0/0/0,22609:1747647668821:,1747647683163
counter/2/0/0/0,28981:1747647673403:,1747647683163
counter/5/0/0/0,26685:1747647671452:,1747647683163
counter/6/0/0/0,26071:1747647672848:,1747647683163
counter/3/0/0/0,23170:1747647669684:,1747647683163
counter/8/0/0/0,27408:1747647671327:,1747647683163
counter/9/0/0/0,29093:1747647672030:,1747647683163
counter/10/0/0/0,24245:1747647668104:,1747647683163
counter/10/0/0/0,24246:1747647668104:,1747647683163
counter/1/0/0/0,23378:1747647670016:,1747647683163
counter/4/0/0/0,22610:1747647668821:,1747647683163
counter/2/0/0/0,28982:1747647673403:,1747647683163
counter/5/0/0/0,26686:1747647671452:,1747647683163
counter/6/0/0/0,26072:1747647672848:,1747647683163
counter/3/0/0/0,23171:1747647669684:,1747647683163
counter/8/0/0/0,27409:1747647671327:,1747647683163
counter/9/0/0/0,29094:1747647672030:,1747647683163
counter/7/0/0/0,25916:1747647671085:,1747647683163
counter/1/0/0/0,23379:1747647670016:,1747647683163
counter/10/0/0/0,24247:1747647668105:,1747647683163
counter/4/0/0/0,22611:1747647668821:,1747647683163
counter/2/0/0/0,28983:1747647673403:,1747647683163
counter/5/0/0/0,26687:1747647671452:,1747647683164
counter/6/0/0/0,26073:1747647672848:,1747647683164
counter/3/0/0/0,23172:1747647669684:,1747647683164
counter/8/0/0/0,27410:1747647671327:,1747647683164
counter/9/0/0/0,29095:1747647672030:,1747647683164
counter/7/0/0/0,25917:1747647671085:,1747647683164
counter/1/0/0/0,23380:1747647670016:,1747647683164
counter/10/0/0/0,24248:1747647668105:,1747647683164
counter/4/0/0/0,22612:1747647668821:,1747647683164
counter/4/0/0/0,22613:1747647668821:,1747647683164
counter/4/0/0/0,22614:1747647668824:,1747647683164
counter/5/0/0/0,26688:1747647671452:,1747647683164
counter/3/0/0/0,23173:1747647669684:,1747647683164
counter/8/0/0/0,27411:1747647671327:,1747647683164
counter/9/0/0/0,29096:1747647672031:,1747647683164
counter/7/0/0/0,25918:1747647671085:,1747647683164
counter/1/0/0/0,23381:1747647670016:,1747647683164
counter/10/0/0/0,24249:1747647668105:,1747647683164
counter/2/0/0/0,28984:1747647673403:,1747647683164
counter/4/0/0/0,22615:1747647668824:,1747647683164
counter/6/0/0/0,26074:1747647672848:,1747647683164
counter/6/0/0/0,26075:1747647672848:,1747647683164
counter/6/0/0/0,26076:1747647672848:,1747647683164
counter/8/0/0/0,27412:1747647671327:,1747647683164
counter/9/0/0/0,29097:1747647672031:,1747647683164
counter/7/0/0/0,25919:1747647671085:,1747647683164
counter/1/0/0/0,23382:1747647670016:,1747647683164
counter/10/0/0/0,24250:1747647668105:,1747647683164
counter/2/0/0/0,28985:1747647673409:,1747647683164
counter/4/0/0/0,22616:1747647668824:,1747647683164
counter/4/0/0/0,22617:1747647668824:,1747647683164
counter/3/0/0/0,23174:1747647669684:,1747647683164
counter/6/0/0/0,26077:1747647672848:,1747647683164
counter/8/0/0/0,27413:1747647671327:,1747647683164
counter/8/0/0/0,27414:1747647671327:,1747647683164
counter/7/0/0/0,25920:1747647671085:,1747647683164
counter/1/0/0/0,23383:1747647670016:,1747647683164
counter/1/0/0/0,23384:1747647670016:,1747647683164
counter/1/0/0/0,23385:1747647670016:,1747647683165
counter/1/0/0/0,23386:1747647670016:,1747647683165
counter/1/0/0/0,23387:1747647670016:,1747647683165
counter/1/0/0/0,23388:1747647670016:,1747647683165
counter/6/0/0/0,26078:1747647672848:,1747647683165
counter/9/0/0/0,29098:1747647672691:,1747647683165
counter/8/0/0/0,27415:1747647671327:,1747647683165
counter/7/0/0/0,25921:1747647671085:,1747647683165
counter/10/0/0/0,24251:1747647668105:,1747647683165
counter/2/0/0/0,28986:1747647673409:,1747647683165
counter/5/0/0/0,26689:1747647671452:,1747647683165
counter/3/0/0/0,23175:1747647669684:,1747647683165
counter/1/0/0/0,23389:1747647670016:,1747647683165
counter/1/0/0/0,23390:1747647670016:,1747647683165
counter/6/0/0/0,26079:1747647672848:,1747647683165
counter/9/0/0/0,29099:1747647672695:,1747647683165
counter/8/0/0/0,27416:1747647671327:,1747647683165
counter/7/0/0/0,25922:1747647671086:,1747647683165
counter/10/0/0/0,24252:1747647668105:,1747647683165
counter/2/0/0/0,28987:1747647673410:,1747647683165
counter/5/0/0/0,26690:1747647671452:,1747647683165
counter/3/0/0/0,23176:1747647669684:,1747647683165
counter/1/0/0/0,23391:1747647670016:,1747647683165
counter/1/0/0/0,23392:1747647670016:,1747647683165
counter/1/0/0/0,23393:1747647670016:,1747647683165
counter/1/0/0/0,23394:1747647670016:,1747647683165
counter/1/0/0/0,23395:1747647670017:,1747647683165
counter/1/0/0/0,23396:1747647670017:,1747647683165
counter/1/0/0/0,23397:1747647670017:,1747647683165
counter/10/0/0/0,24253:1747647668105:,1747647683165
counter/5/0/0/0,26691:1747647671453:,1747647683165
counter/5/0/0/0,26692:1747647671458:,1747647683165
counter/5/0/0/0,26693:1747647671458:,1747647683165
counter/5/0/0/0,26694:1747647671458:,1747647683165
counter/5/0/0/0,26695:1747647671468:,1747647683165
counter/5/0/0/0,26696:1747647671468:,1747647683165
counter/5/0/0/0,26697:1747647671468:,1747647683165
counter/5/0/0/0,26698:1747647671468:,1747647683165
counter/5/0/0/0,26699:1747647671468:,1747647683166
counter/5/0/0/0,26700:1747647671468:,1747647683166
counter/5/0/0/0,26701:1747647671468:,1747647683166
counter/5/0/0/0,26702:1747647671468:,1747647683166
counter/5/0/0/0,26703:1747647671468:,1747647683166
counter/5/0/0/0,26704:1747647671468:,1747647683166
counter/5/0/0/0,26705:1747647671468:,1747647683166
counter/5/0/0/0,26706:1747647671469:,1747647683166
counter/5/0/0/0,26707:1747647671469:,1747647683166
counter/5/0/0/0,26708:1747647671469:,1747647683166
counter/5/0/0/0,26709:1747647671469:,1747647683166
counter/5/0/0/0,26710:1747647671469:,1747647683166
counter/5/0/0/0,26711:1747647671476:,1747647683166
counter/5/0/0/0,26712:1747647671476:,1747647683166
counter/5/0/0/0,26713:1747647671476:,1747647683166
counter/5/0/0/0,26714:1747647671476:,1747647683166
counter/5/0/0/0,26715:1747647671476:,1747647683166
counter/5/0/0/0,26716:1747647671476:,1747647683166
counter/5/0/0/0,26717:1747647671476:,1747647683166
counter/5/0/0/0,26718:1747647671476:,1747647683166
counter/5/0/0/0,26719:1747647671476:,1747647683166
counter/5/0/0/0,26720:1747647671476:,1747647683166
counter/5/0/0/0,26721:1747647671477:,1747647683166
counter/3/0/0/0,23177:1747647669684:,1747647683166
counter/5/0/0/0,26722:1747647671477:,1747647683166
counter/6/0/0/0,26080:1747647672848:,1747647683166
counter/5/0/0/0,26723:1747647671477:,1747647683166
counter/9/0/0/0,29100:1747647672695:,1747647683166
counter/5/0/0/0,26724:1747647671477:,1747647683166
counter/7/0/0/0,25923:1747647671086:,1747647683166
counter/2/0/0/0,28988:1747647673410:,1747647683166
counter/1/0/0/0,23398:1747647670017:,1747647683166
counter/1/0/0/0,23399:1747647670017:,1747647683166
counter/1/0/0/0,23400:1747647670017:,1747647683166
counter/1/0/0/0,23401:1747647670021:,1747647683166
counter/1/0/0/0,23402:1747647670021:,1747647683166
counter/1/0/0/0,23403:1747647670022:,1747647683166
counter/1/0/0/0,23404:1747647670022:,1747647683166
counter/1/0/0/0,23405:1747647670022:,1747647683167
counter/1/0/0/0,23406:1747647670022:,1747647683167
counter/1/0/0/0,23407:1747647670022:,1747647683167
counter/1/0/0/0,23408:1747647670022:,1747647683167
counter/1/0/0/0,23409:1747647670022:,1747647683167
counter/1/0/0/0,23410:1747647670032:,1747647683167
counter/1/0/0/0,23411:1747647670033:,1747647683167
counter/1/0/0/0,23412:1747647670033:,1747647683167
counter/1/0/0/0,23413:1747647670033:,1747647683167
counter/1/0/0/0,23414:1747647670033:,1747647683167
counter/1/0/0/0,23415:1747647670033:,1747647683167
counter/1/0/0/0,23416:1747647670033:,1747647683167
counter/1/0/0/0,23417:1747647670033:,1747647683167
counter/1/0/0/0,23418:1747647670036:,1747647683167
counter/1/0/0/0,23419:1747647670036:,1747647683167
counter/1/0/0/0,23420:1747647670036:,1747647683167
counter/1/0/0/0,23421:1747647670036:,1747647683167
counter/1/0/0/0,23422:1747647670036:,1747647683167
counter/1/0/0/0,23423:1747647670036:,1747647683167
counter/1/0/0/0,23424:1747647670036:,1747647683167
counter/1/0/0/0,23425:1747647670036:,1747647683167
counter/1/0/0/0,23426:1747647670036:,1747647683167
counter/1/0/0/0,23427:1747647670036:,1747647683167
counter/1/0/0/0,23428:1747647670036:,1747647683167
counter/1/0/0/0,23429:1747647670036:,1747647683167
counter/1/0/0/0,23430:1747647670047:,1747647683167
counter/1/0/0/0,23431:1747647670048:,1747647683167
counter/1/0/0/0,23432:1747647670048:,1747647683167
counter/1/0/0/0,23433:1747647670048:,1747647683167
counter/1/0/0/0,23434:1747647670048:,1747647683167
counter/1/0/0/0,23435:1747647670048:,1747647683167
counter/1/0/0/0,23436:1747647670052:,1747647683167
counter/1/0/0/0,23437:1747647670052:,1747647683167
counter/1/0/0/0,23438:1747647670052:,1747647683167
counter/1/0/0/0,23439:1747647670052:,1747647683167
counter/1/0/0/0,23440:1747647670052:,1747647683167
counter/6/0/0/0,26081:1747647672849:,1747647683167
counter/2/0/0/0,28989:1747647673410:,1747647683167
counter/1/0/0/0,23441:1747647670052:,1747647683167
counter/6/0/0/0,26082:1747647672849:,1747647683168
counter/1/0/0/0,23442:1747647670052:,1747647683168
counter/5/0/0/0,26725:1747647671478:,1747647683168
counter/1/0/0/0,23443:1747647670052:,1747647683168
counter/7/0/0/0,25924:1747647671086:,1747647683168
counter/1/0/0/0,23444:1747647670052:,1747647683168
counter/10/0/0/0,24254:1747647668105:,1747647683168
counter/3/0/0/0,23178:1747647669684:,1747647683168
counter/1/0/0/0,23445:1747647670052:,1747647683168
counter/1/0/0/0,23446:1747647670053:,1747647683168
counter/1/0/0/0,23447:1747647670053:,1747647683168
counter/1/0/0/0,23448:1747647670053:,1747647683168
counter/5/0/0/0,26726:1747647671478:,1747647683168
counter/1/0/0/0,23449:1747647670054:,1747647683168
counter/5/0/0/0,26727:1747647671478:,1747647683168
counter/5/0/0/0,26728:1747647671478:,1747647683168
counter/5/0/0/0,26729:1747647671478:,1747647683168
counter/5/0/0/0,26730:1747647671478:,1747647683168
counter/5/0/0/0,26731:1747647671478:,1747647683168
counter/5/0/0/0,26732:1747647671478:,1747647683168
counter/5/0/0/0,26733:1747647671478:,1747647683168
counter/5/0/0/0,26734:1747647671478:,1747647683168
counter/5/0/0/0,26735:1747647671478:,1747647683168
counter/5/0/0/0,26736:1747647671478:,1747647683168
counter/5/0/0/0,26737:1747647671493:,1747647683168
counter/5/0/0/0,26738:1747647671496:,1747647683168
counter/5/0/0/0,26739:1747647671496:,1747647683168
counter/5/0/0/0,26740:1747647671496:,1747647683168
counter/5/0/0/0,26741:1747647671496:,1747647683168
counter/5/0/0/0,26742:1747647671496:,1747647683168
counter/5/0/0/0,26743:1747647671496:,1747647683168
counter/5/0/0/0,26744:1747647671496:,1747647683168
counter/5/0/0/0,26745:1747647671496:,1747647683168
counter/5/0/0/0,26746:1747647671496:,1747647683168
counter/5/0/0/0,26747:1747647671497:,1747647683169
counter/5/0/0/0,26748:1747647671497:,1747647683169
counter/5/0/0/0,26749:1747647671509:,1747647683169
counter/5/0/0/0,26750:1747647671509:,1747647683169
counter/5/0/0/0,26751:1747647671509:,1747647683169
counter/5/0/0/0,26752:1747647671509:,1747647683169
counter/10/0/0/0,24255:1747647668105:,1747647683169
counter/5/0/0/0,26753:1747647671511:,1747647683169
counter/7/0/0/0,25925:1747647671086:,1747647683169
counter/5/0/0/0,26754:1747647671512:,1747647683169
counter/9/0/0/0,29101:1747647672695:,1747647683169
counter/5/0/0/0,26755:1747647671512:,1747647683169
counter/3/0/0/0,23179:1747647669684:,1747647683169
counter/6/0/0/0,26083:1747647672849:,1747647683169
counter/5/0/0/0,26756:1747647671512:,1747647683169
counter/2/0/0/0,28990:1747647673410:,1747647683169
counter/1/0/0/0,23450:1747647670054:,1747647683169
counter/5/0/0/0,26757:1747647671512:,1747647683169
counter/5/0/0/0,26758:1747647671512:,1747647683169
counter/5/0/0/0,26759:1747647671512:,1747647683169
counter/5/0/0/0,26760:1747647671512:,1747647683169
counter/5/0/0/0,26761:1747647671512:,1747647683169
counter/5/0/0/0,26762:1747647671512:,1747647683169
counter/6/0/0/0,26084:1747647672856:,1747647683169
counter/5/0/0/0,26763:1747647671512:,1747647683169
counter/2/0/0/0,28991:1747647673410:,1747647683169
counter/5/0/0/0,26764:1747647671512:,1747647683169
counter/1/0/0/0,23451:1747647670054:,1747647683169
counter/5/0/0/0,26765:1747647671513:,1747647683169
counter/1/0/0/0,23452:1747647670054:,1747647683169
counter/3/0/0/0,23180:1747647669689:,1747647683169
counter/5/0/0/0,26766:1747647671513:,1747647683169
counter/7/0/0/0,25926:1747647671086:,1747647683169
counter/5/0/0/0,26767:1747647671513:,1747647683169
counter/5/0/0/0,26768:1747647671514:,1747647683169
counter/5/0/0/0,26769:1747647671514:,1747647683169
counter/5/0/0/0,26770:1747647671514:,1747647683169
counter/5/0/0/0,26771:1747647671514:,1747647683170
counter/5/0/0/0,26772:1747647671514:,1747647683170
counter/5/0/0/0,26773:1747647671514:,1747647683170
counter/5/0/0/0,26774:1747647671514:,1747647683170
counter/5/0/0/0,26775:1747647671514:,1747647683170
counter/5/0/0/0,26776:1747647671514:,1747647683170
counter/5/0/0/0,26777:1747647671514:,1747647683170
counter/5/0/0/0,26778:1747647671514:,1747647683170
counter/5/0/0/0,26779:1747647671514:,1747647683170
counter/5/0/0/0,26780:1747647671521:,1747647683170
counter/5/0/0/0,26781:1747647671521:,1747647683170
counter/5/0/0/0,26782:1747647671521:,1747647683170
counter/5/0/0/0,26783:1747647671531:,1747647683170
counter/5/0/0/0,26784:1747647671531:,1747647683170
counter/5/0/0/0,26785:1747647671531:,1747647683170
counter/5/0/0/0,26786:1747647671531:,1747647683170
counter/5/0/0/0,26787:1747647671531:,1747647683170
counter/5/0/0/0,26788:1747647671555:,1747647683170
counter/5/0/0/0,26789:1747647671555:,1747647683170
counter/5/0/0/0,26790:1747647671555:,1747647683170
counter/5/0/0/0,26791:1747647671555:,1747647683170
counter/5/0/0/0,26792:1747647671555:,1747647683170
counter/5/0/0/0,26793:1747647671555:,1747647683170
counter/5/0/0/0,26794:1747647671555:,1747647683170
counter/5/0/0/0,26795:1747647671555:,1747647683170
counter/5/0/0/0,26796:1747647671555:,1747647683170
counter/5/0/0/0,26797:1747647671555:,1747647683170
counter/5/0/0/0,26798:1747647671555:,1747647683170
counter/5/0/0/0,26799:1747647671555:,1747647683170
counter/1/0/0/0,23453:1747647670056:,1747647683170
counter/5/0/0/0,26800:1747647671555:,1747647683170
counter/7/0/0/0,25927:1747647671090:,1747647683170
counter/5/0/0/0,26801:1747647671556:,1747647683170
counter/4/0/0/0,22618:1747647668824:,1747647683170
counter/3/0/0/0,23181:1747647669689:,1747647683170
counter/5/0/0/0,26802:1747647671556:,1747647683170
counter/9/0/0/0,29102:1747647672695:,1747647683170
counter/6/0/0/0,26085:1747647672856:,1747647683170
counter/5/0/0/0,26803:1747647671556:,1747647683171
counter/2/0/0/0,28992:1747647673417:,1747647683171
counter/5/0/0/0,26804:1747647671556:,1747647683171
counter/5/0/0/0,26805:1747647671556:,1747647683171
counter/5/0/0/0,26806:1747647671556:,1747647683171
counter/5/0/0/0,26807:1747647671565:,1747647683171
counter/5/0/0/0,26808:1747647671565:,1747647683171
counter/5/0/0/0,26809:1747647671565:,1747647683171
counter/5/0/0/0,26810:1747647671565:,1747647683171
counter/5/0/0/0,26811:1747647671565:,1747647683171
counter/5/0/0/0,26812:1747647671565:,1747647683171
counter/5/0/0/0,26813:1747647671565:,1747647683171
counter/5/0/0/0,26814:1747647671565:,1747647683171
counter/3/0/0/0,23182:1747647669689:,1747647683171
counter/5/0/0/0,26815:1747647671565:,1747647683171
counter/9/0/0/0,29103:1747647672695:,1747647683171
counter/5/0/0/0,26816:1747647671565:,1747647683171
counter/6/0/0/0,26086:1747647672856:,1747647683171
counter/5/0/0/0,26817:1747647671565:,1747647683171
counter/2/0/0/0,28993:1747647673417:,1747647683171
counter/1/0/0/0,23454:1747647670056:,1747647683171
counter/7/0/0/0,25928:1747647671090:,1747647683171
counter/4/0/0/0,22619:1747647668824:,1747647683171
counter/5/0/0/0,26818:1747647671565:,1747647683171
counter/5/0/0/0,26819:1747647671566:,1747647683171
counter/5/0/0/0,26820:1747647671566:,1747647683171
counter/5/0/0/0,26821:1747647671566:,1747647683171
counter/5/0/0/0,26822:1747647671566:,1747647683171
counter/5/0/0/0,26823:1747647671570:,1747647683171
counter/5/0/0/0,26824:1747647671570:,1747647683171
counter/5/0/0/0,26825:1747647671570:,1747647683171
counter/5/0/0/0,26826:1747647671570:,1747647683171
counter/5/0/0/0,26827:1747647671570:,1747647683171
counter/5/0/0/0,26828:1747647671570:,1747647683171
counter/5/0/0/0,26829:1747647671571:,1747647683171
counter/5/0/0/0,26830:1747647671571:,1747647683171
counter/5/0/0/0,26831:1747647671571:,1747647683171
counter/5/0/0/0,26832:1747647671571:,1747647683171
counter/3/0/0/0,23183:1747647669689:,1747647683172
counter/5/0/0/0,26833:1747647671571:,1747647683172
counter/9/0/0/0,29104:1747647672703:,1747647683172
counter/5/0/0/0,26834:1747647671571:,1747647683172
counter/6/0/0/0,26087:1747647672856:,1747647683172
counter/5/0/0/0,26835:1747647671571:,1747647683172
counter/10/0/0/0,24256:1747647668105:,1747647683172
counter/2/0/0/0,28994:1747647673417:,1747647683172
counter/1/0/0/0,23455:1747647670056:,1747647683172
counter/7/0/0/0,25929:1747647671090:,1747647683172
counter/4/0/0/0,22620:1747647668824:,1747647683172
counter/5/0/0/0,26836:1747647671572:,1747647683172
counter/5/0/0/0,26837:1747647671572:,1747647683172
counter/5/0/0/0,26838:1747647671572:,1747647683172
counter/9/0/0/0,29105:1747647672703:,1747647683172
counter/6/0/0/0,26088:1747647672856:,1747647683172
counter/10/0/0/0,24257:1747647668105:,1747647683172
counter/2/0/0/0,28995:1747647673417:,1747647683172
counter/1/0/0/0,23456:1747647670056:,1747647683172
counter/7/0/0/0,25930:1747647671090:,1747647683172
counter/4/0/0/0,22621:1747647668824:,1747647683172
counter/3/0/0/0,23184:1747647669690:,1747647683172
counter/5/0/0/0,26839:1747647671572:,1747647683172
counter/5/0/0/0,26840:1747647671572:,1747647683172
counter/9/0/0/0,29106:1747647672703:,1747647683172
counter/6/0/0/0,26089:1747647672863:,1747647683172
counter/10/0/0/0,24258:1747647668105:,1747647683172
counter/2/0/0/0,28996:1747647673417:,1747647683172
counter/1/0/0/0,23457:1747647670056:,1747647683172
counter/7/0/0/0,25931:1747647671090:,1747647683172
counter/4/0/0/0,22622:1747647668824:,1747647683172
counter/3/0/0/0,23185:1747647669690:,1747647683172
counter/5/0/0/0,26841:1747647671572:,1747647683172
counter/5/0/0/0,26842:1747647671573:,1747647683172
counter/9/0/0/0,29107:1747647672703:,1747647683172
counter/6/0/0/0,26090:1747647672863:,1747647683172
counter/10/0/0/0,24259:1747647668105:,1747647683172
counter/2/0/0/0,28997:1747647673417:,1747647683172
counter/1/0/0/0,23458:1747647670056:,1747647683172
counter/7/0/0/0,25932:1747647671090:,1747647683173
counter/4/0/0/0,22623:1747647668825:,1747647683173
counter/3/0/0/0,23186:1747647669690:,1747647683173
counter/5/0/0/0,26843:1747647671574:,1747647683173
counter/5/0/0/0,26844:1747647671574:,1747647683173
counter/9/0/0/0,29108:1747647672703:,1747647683173
counter/6/0/0/0,26091:1747647672863:,1747647683173
counter/10/0/0/0,24260:1747647668106:,1747647683173
counter/2/0/0/0,28998:1747647673417:,1747647683173
counter/1/0/0/0,23459:1747647670056:,1747647683173
counter/7/0/0/0,25933:1747647671090:,1747647683173
counter/4/0/0/0,22624:1747647668826:,1747647683173
counter/3/0/0/0,23187:1747647669690:,1747647683173
counter/5/0/0/0,26845:1747647671574:,1747647683173
counter/5/0/0/0,26846:1747647671574:,1747647683173
counter/5/0/0/0,26847:1747647671574:,1747647683173
counter/5/0/0/0,26848:1747647671574:,1747647683173
counter/5/0/0/0,26849:1747647671574:,1747647683173
counter/10/0/0/0,24261:1747647668106:,1747647683173
counter/1/0/0/0,23460:1747647670056:,1747647683173
counter/7/0/0/0,25934:1747647671090:,1747647683173
counter/4/0/0/0,22625:1747647668826:,1747647683173
counter/3/0/0/0,23188:1747647669690:,1747647683173
counter/9/0/0/0,29109:1747647672703:,1747647683173
counter/6/0/0/0,26092:1747647672863:,1747647683173
counter/5/0/0/0,26850:1747647671574:,1747647683173
counter/2/0/0/0,28999:1747647673417:,1747647683173
counter/8/0/0/0,27417:1747647671336:,1747647683173
counter/10/0/0/0,24262:1747647668106:,1747647683173
counter/1/0/0/0,23461:1747647670056:,1747647683173
counter/7/0/0/0,25935:1747647671090:,1747647683173
counter/4/0/0/0,22626:1747647668826:,1747647683173
counter/3/0/0/0,23189:1747647669691:,1747647683173
counter/9/0/0/0,29110:1747647672703:,1747647683173
counter/6/0/0/0,26093:1747647672863:,1747647683173
counter/5/0/0/0,26851:1747647671574:,1747647683173
counter/2/0/0/0,29000:1747647673417:,1747647683173
counter/8/0/0/0,27418:1747647671336:,1747647683173
counter/10/0/0/0,24263:1747647668106:,1747647683174
counter/1/0/0/0,23462:1747647670056:,1747647683174
counter/7/0/0/0,25936:1747647671090:,1747647683174
counter/4/0/0/0,22627:1747647668826:,1747647683174
counter/3/0/0/0,23190:1747647669691:,1747647683174
counter/9/0/0/0,29111:1747647672708:,1747647683174
counter/6/0/0/0,26094:1747647672863:,1747647683174
counter/9/0/0/0,29112:1747647672708:,1747647683174
counter/9/0/0/0,29113:1747647672708:,1747647683174
counter/8/0/0/0,27419:1747647671336:,1747647683174
counter/2/0/0/0,29001:1747647673417:,1747647683174
counter/1/0/0/0,23463:1747647670056:,1747647683174
counter/7/0/0/0,25937:1747647671090:,1747647683174
counter/4/0/0/0,22628:1747647668826:,1747647683174
counter/3/0/0/0,23191:1747647669691:,1747647683174
counter/5/0/0/0,26852:1747647671574:,1747647683174
counter/6/0/0/0,26095:1747647672863:,1747647683174
counter/9/0/0/0,29114:1747647672708:,1747647683174
counter/10/0/0/0,24264:1747647668106:,1747647683174
counter/8/0/0/0,27420:1747647671336:,1747647683174
counter/2/0/0/0,29002:1747647673419:,1747647683174
counter/1/0/0/0,23464:1747647670056:,1747647683174
counter/7/0/0/0,25938:1747647671100:,1747647683174
counter/4/0/0/0,22629:1747647668826:,1747647683174
counter/3/0/0/0,23192:1747647669691:,1747647683174
counter/5/0/0/0,26853:1747647671574:,1747647683174
counter/6/0/0/0,26096:1747647672865:,1747647683174
counter/9/0/0/0,29115:1747647672708:,1747647683174
counter/10/0/0/0,24265:1747647668106:,1747647683174
counter/8/0/0/0,27421:1747647671336:,1747647683174
counter/2/0/0/0,29003:1747647673419:,1747647683174
counter/1/0/0/0,23465:1747647670057:,1747647683174
counter/7/0/0/0,25939:1747647671100:,1747647683174
counter/4/0/0/0,22630:1747647668826:,1747647683174
counter/3/0/0/0,23193:1747647669691:,1747647683174
counter/5/0/0/0,26854:1747647671576:,1747647683174
counter/6/0/0/0,26097:1747647672865:,1747647683174
counter/9/0/0/0,29116:1747647672708:,1747647683174
counter/10/0/0/0,24266:1747647668106:,1747647683174
counter/8/0/0/0,27422:1747647671336:,1747647683174
counter/2/0/0/0,29004:1747647673419:,1747647683174
counter/1/0/0/0,23466:1747647670057:,1747647683175
counter/7/0/0/0,25940:1747647671100:,1747647683175
counter/4/0/0/0,22631:1747647668826:,1747647683175
counter/3/0/0/0,23194:1747647669691:,1747647683175
counter/5/0/0/0,26855:1747647671576:,1747647683175
counter/6/0/0/0,26098:1747647672865:,1747647683175
counter/9/0/0/0,29117:1747647672708:,1747647683175
counter/10/0/0/0,24267:1747647668106:,1747647683175
counter/8/0/0/0,27423:1747647671336:,1747647683175
counter/2/0/0/0,29005:1747647673419:,1747647683175
counter/1/0/0/0,23467:1747647670057:,1747647683175
counter/7/0/0/0,25941:1747647671100:,1747647683175
counter/4/0/0/0,22632:1747647668826:,1747647683175
counter/3/0/0/0,23195:1747647669691:,1747647683175
counter/5/0/0/0,26856:1747647671576:,1747647683175
counter/6/0/0/0,26099:1747647672865:,1747647683175
counter/9/0/0/0,29118:1747647672708:,1747647683175
counter/10/0/0/0,24268:1747647668107:,1747647683175
counter/8/0/0/0,27424:1747647671336:,1747647683175
counter/2/0/0/0,29006:1747647673419:,1747647683175
counter/1/0/0/0,23468:1747647670057:,1747647683175
counter/7/0/0/0,25942:1747647671100:,1747647683175
counter/4/0/0/0,22633:1747647668826:,1747647683175
counter/3/0/0/0,23196:1747647669698:,1747647683175
counter/5/0/0/0,26857:1747647671576:,1747647683175
counter/6/0/0/0,26100:1747647672865:,1747647683175
counter/9/0/0/0,29119:1747647672708:,1747647683175
counter/10/0/0/0,24269:1747647668107:,1747647683175
counter/8/0/0/0,27425:1747647671336:,1747647683175
counter/2/0/0/0,29007:1747647673419:,1747647683175
counter/1/0/0/0,23469:1747647670068:,1747647683175
counter/7/0/0/0,25943:1747647671100:,1747647683175
counter/4/0/0/0,22634:1747647668826:,1747647683175
counter/3/0/0/0,23197:1747647669698:,1747647683175
counter/5/0/0/0,26858:1747647671576:,1747647683175
counter/6/0/0/0,26101:1747647672865:,1747647683175
counter/9/0/0/0,29120:1747647672708:,1747647683175
counter/10/0/0/0,24270:1747647668107:,1747647683175
counter/8/0/0/0,27426:1747647671357:,1747647683175
counter/2/0/0/0,29008:1747647673419:,1747647683175
counter/1/0/0/0,23470:1747647670068:,1747647683176
counter/7/0/0/0,25944:1747647671100:,1747647683176
counter/4/0/0/0,22635:1747647668826:,1747647683176
counter/3/0/0/0,23198:1747647669698:,1747647683176
counter/5/0/0/0,26859:1747647671576:,1747647683176
counter/6/0/0/0,26102:1747647672865:,1747647683176
counter/9/0/0/0,29121:1747647672708:,1747647683176
counter/10/0/0/0,24271:1747647668107:,1747647683176
counter/8/0/0/0,27427:1747647671357:,1747647683176
counter/2/0/0/0,29009:1747647673419:,1747647683176
counter/1/0/0/0,23471:1747647670068:,1747647683176
counter/7/0/0/0,25945:1747647671100:,1747647683176
counter/4/0/0/0,22636:1747647668826:,1747647683176
counter/3/0/0/0,23199:1747647669698:,1747647683176
counter/5/0/0/0,26860:1747647671577:,1747647683176
counter/6/0/0/0,26103:1747647672866:,1747647683176
counter/9/0/0/0,29122:1747647672708:,1747647683176
counter/10/0/0/0,24272:1747647668107:,1747647683176
counter/8/0/0/0,27428:1747647671357:,1747647683176
counter/2/0/0/0,29010:1747647673419:,1747647683176
counter/8/0/0/0,27429:1747647671357:,1747647683176
counter/7/0/0/0,25946:1747647671100:,1747647683176
counter/4/0/0/0,22637:1747647668826:,1747647683176
counter/3/0/0/0,23200:1747647669698:,1747647683176
counter/5/0/0/0,26861:1747647671577:,1747647683176
counter/6/0/0/0,26104:1747647672866:,1747647683176
counter/9/0/0/0,29123:1747647672709:,1747647683176
counter/10/0/0/0,24273:1747647668107:,1747647683176
counter/1/0/0/0,23472:1747647670068:,1747647683176
counter/2/0/0/0,29011:1747647673419:,1747647683176
counter/8/0/0/0,27430:1747647671360:,1747647683176
counter/2/0/0/0,29012:1747647673419:,1747647683176
counter/4/0/0/0,22638:1747647668826:,1747647683176
counter/3/0/0/0,23201:1747647669698:,1747647683176
counter/5/0/0/0,26862:1747647671577:,1747647683176
counter/6/0/0/0,26105:1747647672876:,1747647683176
counter/9/0/0/0,29124:1747647672709:,1747647683176
counter/10/0/0/0,24274:1747647668107:,1747647683176
counter/9/0/0/0,29125:1747647672709:,1747647683176
counter/7/0/0/0,25947:1747647671100:,1747647683177
counter/8/0/0/0,27431:1747647671360:,1747647683177
counter/8/0/0/0,27432:1747647671360:,1747647683177
counter/8/0/0/0,27433:1747647671360:,1747647683177
counter/8/0/0/0,27434:1747647671360:,1747647683177
counter/8/0/0/0,27435:1747647671360:,1747647683177
counter/8/0/0/0,27436:1747647671360:,1747647683177
counter/8/0/0/0,27437:1747647671360:,1747647683177
counter/8/0/0/0,27438:1747647671360:,1747647683177
counter/8/0/0/0,27439:1747647671360:,1747647683177
counter/8/0/0/0,27440:1747647671360:,1747647683177
counter/8/0/0/0,27441:1747647671360:,1747647683177
counter/8/0/0/0,27442:1747647671360:,1747647683177
counter/8/0/0/0,27443:1747647671363:,1747647683177
counter/8/0/0/0,27444:1747647671363:,1747647683177
counter/8/0/0/0,27445:1747647671363:,1747647683177
counter/4/0/0/0,22639:1747647668826:,1747647683177
counter/8/0/0/0,27446:1747647671363:,1747647683177
counter/3/0/0/0,23202:1747647669698:,1747647683177
counter/8/0/0/0,27447:1747647671363:,1747647683177
counter/6/0/0/0,26106:1747647672877:,1747647683177
counter/8/0/0/0,27448:1747647671363:,1747647683177
counter/1/0/0/0,23473:1747647670068:,1747647683177
counter/10/0/0/0,24275:1747647668107:,1747647683177
counter/7/0/0/0,25948:1747647671100:,1747647683177
counter/8/0/0/0,27449:1747647671363:,1747647683177
counter/9/0/0/0,29126:1747647672709:,1747647683177
counter/8/0/0/0,27450:1747647671363:,1747647683177
counter/8/0/0/0,27451:1747647671363:,1747647683177
counter/4/0/0/0,22640:1747647668826:,1747647683177
counter/8/0/0/0,27452:1747647671363:,1747647683177
counter/3/0/0/0,23203:1747647669699:,1747647683177
counter/6/0/0/0,26107:1747647672877:,1747647683177
counter/1/0/0/0,23474:1747647670068:,1747647683177
counter/10/0/0/0,24276:1747647668107:,1747647683177
counter/7/0/0/0,25949:1747647671100:,1747647683177
counter/7/0/0/0,25950:1747647671100:,1747647683177
counter/9/0/0/0,29127:1747647672710:,1747647683177
counter/8/0/0/0,27453:1747647671363:,1747647683177
counter/2/0/0/0,29013:1747647673419:,1747647683177
counter/4/0/0/0,22641:1747647668836:,1747647683177
counter/3/0/0/0,23204:1747647669699:,1747647683177
counter/6/0/0/0,26108:1747647672877:,1747647683178
counter/6/0/0/0,26109:1747647672877:,1747647683178
counter/6/0/0/0,26110:1747647672877:,1747647683178
counter/6/0/0/0,26111:1747647672877:,1747647683178
counter/8/0/0/0,27454:1747647671363:,1747647683178
counter/8/0/0/0,27455:1747647671363:,1747647683178
counter/8/0/0/0,27456:1747647671363:,1747647683178
counter/8/0/0/0,27457:1747647671363:,1747647683178
counter/4/0/0/0,22642:1747647668836:,1747647683178
counter/3/0/0/0,23205:1747647669699:,1747647683178
counter/1/0/0/0,23475:1747647670068:,1747647683178
counter/10/0/0/0,24277:1747647668107:,1747647683178
counter/6/0/0/0,26112:1747647672877:,1747647683178
counter/6/0/0/0,26113:1747647672877:,1747647683178
counter/6/0/0/0,26114:1747647672877:,1747647683178
counter/9/0/0/0,29128:1747647672710:,1747647683178
counter/8/0/0/0,27458:1747647671366:,1747647683178
counter/8/0/0/0,27459:1747647671370:,1747647683178
counter/8/0/0/0,27460:1747647671370:,1747647683178
counter/8/0/0/0,27461:1747647671370:,1747647683178
counter/8/0/0/0,27462:1747647671370:,1747647683178
counter/10/0/0/0,24278:1747647668107:,1747647683178
counter/6/0/0/0,26115:1747647672879:,1747647683178
counter/6/0/0/0,26116:1747647672879:,1747647683178
counter/6/0/0/0,26117:1747647672879:,1747647683178
counter/2/0/0/0,29014:1747647673419:,1747647683178
counter/4/0/0/0,22643:1747647668837:,1747647683178
counter/3/0/0/0,23206:1747647669708:,1747647683178
counter/1/0/0/0,23476:1747647670068:,1747647683178
counter/1/0/0/0,23477:1747647670068:,1747647683178
counter/5/0/0/0,26863:1747647671577:,1747647683178
counter/10/0/0/0,24279:1747647668107:,1747647683178
counter/9/0/0/0,29129:1747647672711:,1747647683178
counter/6/0/0/0,26118:1747647672879:,1747647683178
counter/6/0/0/0,26119:1747647672879:,1747647683178
counter/2/0/0/0,29015:1747647673419:,1747647683178
counter/4/0/0/0,22644:1747647668837:,1747647683178
counter/4/0/0/0,22645:1747647668837:,1747647683179
counter/4/0/0/0,22646:1747647668839:,1747647683179
counter/4/0/0/0,22647:1747647668839:,1747647683179
counter/5/0/0/0,26864:1747647671577:,1747647683179
counter/10/0/0/0,24280:1747647668107:,1747647683179
counter/9/0/0/0,29130:1747647672711:,1747647683179
counter/6/0/0/0,26120:1747647672879:,1747647683179
counter/6/0/0/0,26121:1747647672879:,1747647683179
counter/6/0/0/0,26122:1747647672887:,1747647683179
counter/6/0/0/0,26123:1747647672887:,1747647683179
counter/6/0/0/0,26124:1747647672887:,1747647683179
counter/6/0/0/0,26125:1747647672887:,1747647683179
counter/6/0/0/0,26126:1747647672888:,1747647683179
counter/6/0/0/0,26127:1747647672888:,1747647683179
counter/6/0/0/0,26128:1747647672888:,1747647683179
counter/6/0/0/0,26129:1747647672888:,1747647683179
counter/6/0/0/0,26130:1747647672888:,1747647683179
counter/2/0/0/0,29016:1747647673419:,1747647683179
counter/8/0/0/0,27463:1747647671371:,1747647683179
counter/4/0/0/0,22648:1747647668839:,1747647683179
counter/4/0/0/0,22649:1747647668839:,1747647683179
counter/4/0/0/0,22650:1747647668839:,1747647683179
counter/4/0/0/0,22651:1747647668839:,1747647683179
counter/4/0/0/0,22652:1747647668839:,1747647683179
counter/4/0/0/0,22653:1747647668839:,1747647683179
counter/4/0/0/0,22654:1747647668839:,1747647683179
counter/4/0/0/0,22655:1747647668839:,1747647683179
counter/4/0/0/0,22656:1747647668839:,1747647683179
counter/5/0/0/0,26865:1747647671577:,1747647683179
counter/4/0/0/0,22657:1747647668839:,1747647683179
counter/6/0/0/0,26131:1747647672888:,1747647683179
counter/3/0/0/0,23207:1747647669708:,1747647683179
counter/10/0/0/0,24281:1747647668107:,1747647683179
counter/7/0/0/0,25951:1747647671101:,1747647683179
counter/9/0/0/0,29131:1747647672711:,1747647683179
counter/2/0/0/0,29017:1747647673425:,1747647683179
counter/8/0/0/0,27464:1747647671371:,1747647683179
counter/4/0/0/0,22658:1747647668839:,1747647683179
counter/4/0/0/0,22659:1747647668840:,1747647683179
counter/4/0/0/0,22660:1747647668840:,1747647683179
counter/4/0/0/0,22661:1747647668840:,1747647683180
counter/4/0/0/0,22662:1747647668840:,1747647683180
counter/4/0/0/0,22663:1747647668840:,1747647683180
counter/4/0/0/0,22664:1747647668844:,1747647683180
counter/4/0/0/0,22665:1747647668844:,1747647683180
counter/4/0/0/0,22666:1747647668844:,1747647683180
counter/4/0/0/0,22667:1747647668844:,1747647683180
counter/4/0/0/0,22668:1747647668844:,1747647683180
counter/4/0/0/0,22669:1747647668851:,1747647683180
counter/4/0/0/0,22670:1747647668851:,1747647683180
counter/4/0/0/0,22671:1747647668851:,1747647683180
counter/4/0/0/0,22672:1747647668851:,1747647683180
counter/4/0/0/0,22673:1747647668851:,1747647683180
counter/5/0/0/0,26866:1747647671577:,1747647683180
counter/4/0/0/0,22674:1747647668851:,1747647683180
counter/6/0/0/0,26132:1747647672888:,1747647683180
counter/4/0/0/0,22675:1747647668851:,1747647683180
counter/8/0/0/0,27465:1747647671371:,1747647683180
counter/10/0/0/0,24282:1747647668107:,1747647683180
counter/4/0/0/0,22676:1747647668851:,1747647683180
counter/9/0/0/0,29132:1747647672712:,1747647683180
counter/9/0/0/0,29133:1747647672712:,1747647683180
counter/9/0/0/0,29134:1747647672712:,1747647683180
counter/6/0/0/0,26133:1747647672888:,1747647683180
counter/9/0/0/0,29135:1747647672712:,1747647683180
counter/6/0/0/0,26134:1747647672896:,1747647683180
counter/9/0/0/0,29136:1747647672713:,1747647683180
counter/6/0/0/0,26135:1747647672896:,1747647683180
counter/9/0/0/0,29137:1747647672713:,1747647683180
counter/6/0/0/0,26136:1747647672896:,1747647683180
counter/10/0/0/0,24283:1747647668107:,1747647683180
counter/4/0/0/0,22677:1747647668854:,1747647683180
counter/9/0/0/0,29138:1747647672713:,1747647683180
counter/10/0/0/0,24284:1747647668107:,1747647683180
counter/5/0/0/0,26867:1747647671577:,1747647683180
counter/9/0/0/0,29139:1747647672713:,1747647683180
counter/9/0/0/0,29140:1747647672713:,1747647683180
counter/7/0/0/0,25952:1747647671101:,1747647683180
counter/9/0/0/0,29141:1747647672716:,1747647683180
counter/2/0/0/0,29018:1747647673426:,1747647683180
counter/9/0/0/0,29142:1747647672716:,1747647683180
counter/10/0/0/0,24285:1747647668107:,1747647683181
counter/1/0/0/0,23478:1747647670068:,1747647683181
counter/5/0/0/0,26868:1747647671577:,1747647683181
counter/5/0/0/0,26869:1747647671577:,1747647683181
counter/5/0/0/0,26870:1747647671577:,1747647683181
counter/5/0/0/0,26871:1747647671577:,1747647683181
counter/9/0/0/0,29143:1747647672716:,1747647683181
counter/4/0/0/0,22678:1747647668854:,1747647683181
counter/7/0/0/0,25953:1747647671101:,1747647683181
counter/2/0/0/0,29019:1747647673426:,1747647683181
counter/2/0/0/0,29020:1747647673426:,1747647683181
counter/1/0/0/0,23479:1747647670068:,1747647683181
counter/6/0/0/0,26137:1747647672896:,1747647683181
counter/3/0/0/0,23208:1747647669708:,1747647683181
counter/5/0/0/0,26872:1747647671577:,1747647683181
counter/5/0/0/0,26873:1747647671577:,1747647683181
counter/5/0/0/0,26874:1747647671577:,1747647683181
counter/5/0/0/0,26875:1747647671577:,1747647683181
counter/5/0/0/0,26876:1747647671577:,1747647683181
counter/5/0/0/0,26877:1747647671590:,1747647683181
counter/5/0/0/0,26878:1747647671590:,1747647683181
counter/5/0/0/0,26879:1747647671590:,1747647683181
counter/5/0/0/0,26880:1747647671590:,1747647683181
counter/5/0/0/0,26881:1747647671591:,1747647683181
counter/5/0/0/0,26882:1747647671591:,1747647683181
counter/5/0/0/0,26883:1747647671591:,1747647683181
counter/5/0/0/0,26884:1747647671591:,1747647683181
counter/5/0/0/0,26885:1747647671591:,1747647683181
counter/6/0/0/0,26138:1747647672896:,1747647683181
counter/5/0/0/0,26886:1747647671591:,1747647683181
counter/3/0/0/0,23209:1747647669708:,1747647683181
counter/4/0/0/0,22679:1747647668854:,1747647683181
counter/5/0/0/0,26887:1747647671591:,1747647683181
counter/7/0/0/0,25954:1747647671101:,1747647683181
counter/9/0/0/0,29144:1747647672716:,1747647683182
counter/10/0/0/0,24286:1747647668107:,1747647683182
counter/2/0/0/0,29021:1747647673426:,1747647683182
counter/1/0/0/0,23480:1747647670068:,1747647683182
counter/1/0/0/0,23481:1747647670072:,1747647683182
counter/1/0/0/0,23482:1747647670073:,1747647683182
counter/1/0/0/0,23483:1747647670073:,1747647683182
counter/1/0/0/0,23484:1747647670073:,1747647683182
counter/1/0/0/0,23485:1747647670073:,1747647683182
counter/1/0/0/0,23486:1747647670073:,1747647683182
counter/1/0/0/0,23487:1747647670073:,1747647683182
counter/1/0/0/0,23488:1747647670076:,1747647683182
counter/1/0/0/0,23489:1747647670076:,1747647683182
counter/1/0/0/0,23490:1747647670077:,1747647683182
counter/1/0/0/0,23491:1747647670077:,1747647683182
counter/1/0/0/0,23492:1747647670077:,1747647683182
counter/1/0/0/0,23493:1747647670077:,1747647683182
counter/1/0/0/0,23494:1747647670077:,1747647683182
counter/1/0/0/0,23495:1747647670077:,1747647683182
counter/10/0/0/0,24287:1747647668107:,1747647683182
counter/1/0/0/0,23496:1747647670077:,1747647683182
counter/5/0/0/0,26888:1747647671593:,1747647683182
counter/5/0/0/0,26889:1747647671593:,1747647683182
counter/5/0/0/0,26890:1747647671593:,1747647683182
counter/4/0/0/0,22680:1747647668856:,1747647683182
counter/5/0/0/0,26891:1747647671593:,1747647683182
counter/4/0/0/0,22681:1747647668856:,1747647683182
counter/5/0/0/0,26892:1747647671593:,1747647683182
counter/4/0/0/0,22682:1747647668856:,1747647683182
counter/3/0/0/0,23210:1747647669711:,1747647683182
counter/7/0/0/0,25955:1747647671101:,1747647683182
counter/5/0/0/0,26893:1747647671593:,1747647683182
counter/4/0/0/0,22683:1747647668856:,1747647683182
counter/9/0/0/0,29145:1747647672716:,1747647683182
counter/5/0/0/0,26894:1747647671593:,1747647683182
counter/4/0/0/0,22684:1747647668856:,1747647683182
counter/5/0/0/0,26895:1747647671593:,1747647683182
counter/5/0/0/0,26896:1747647671593:,1747647683182
counter/5/0/0/0,26897:1747647671593:,1747647683183
counter/5/0/0/0,26898:1747647671593:,1747647683183
counter/5/0/0/0,26899:1747647671594:,1747647683183
counter/5/0/0/0,26900:1747647671594:,1747647683183
counter/2/0/0/0,29022:1747647673426:,1747647683183
counter/7/0/0/0,25956:1747647671101:,1747647683183
counter/5/0/0/0,26901:1747647671594:,1747647683183
counter/7/0/0/0,25957:1747647671101:,1747647683183
counter/5/0/0/0,26902:1747647671594:,1747647683183
counter/7/0/0/0,25958:1747647671101:,1747647683183
counter/5/0/0/0,26903:1747647671594:,1747647683183
counter/7/0/0/0,25959:1747647671101:,1747647683183
counter/5/0/0/0,26904:1747647671596:,1747647683183
counter/7/0/0/0,25960:1747647671101:,1747647683183
counter/5/0/0/0,26905:1747647671596:,1747647683183
counter/7/0/0/0,25961:1747647671102:,1747647683183
counter/5/0/0/0,26906:1747647671596:,1747647683183
counter/7/0/0/0,25962:1747647671118:,1747647683183
counter/5/0/0/0,26907:1747647671597:,1747647683183
counter/7/0/0/0,25963:1747647671118:,1747647683183
counter/5/0/0/0,26908:1747647671597:,1747647683183
counter/7/0/0/0,25964:1747647671118:,1747647683183
counter/7/0/0/0,25965:1747647671118:,1747647683183
counter/7/0/0/0,25966:1747647671118:,1747647683183
counter/7/0/0/0,25967:1747647671118:,1747647683183
counter/7/0/0/0,25968:1747647671118:,1747647683183
counter/7/0/0/0,25969:1747647671118:,1747647683183
counter/7/0/0/0,25970:1747647671118:,1747647683183
counter/7/0/0/0,25971:1747647671118:,1747647683183
counter/7/0/0/0,25972:1747647671126:,1747647683183
counter/7/0/0/0,25973:1747647671126:,1747647683183
counter/7/0/0/0,25974:1747647671126:,1747647683183
counter/7/0/0/0,25975:1747647671126:,1747647683183
counter/7/0/0/0,25976:1747647671127:,1747647683183
counter/7/0/0/0,25977:1747647671127:,1747647683183
counter/7/0/0/0,25978:1747647671127:,1747647683184
counter/7/0/0/0,25979:1747647671127:,1747647683184
counter/7/0/0/0,25980:1747647671127:,1747647683184
counter/7/0/0/0,25981:1747647671127:,1747647683184
counter/7/0/0/0,25982:1747647671140:,1747647683184
counter/4/0/0/0,22685:1747647668856:,1747647683184
counter/7/0/0/0,25983:1747647671140:,1747647683184
counter/9/0/0/0,29146:1747647672716:,1747647683184
counter/7/0/0/0,25984:1747647671140:,1747647683184
counter/10/0/0/0,24288:1747647668107:,1747647683184
counter/7/0/0/0,25985:1747647671140:,1747647683184
counter/1/0/0/0,23497:1747647670078:,1747647683184
counter/7/0/0/0,25986:1747647671140:,1747647683184
counter/5/0/0/0,26909:1747647671597:,1747647683184
counter/3/0/0/0,23211:1747647669711:,1747647683184
counter/7/0/0/0,25987:1747647671140:,1747647683184
counter/8/0/0/0,27466:1747647671371:,1747647683184
counter/7/0/0/0,25988:1747647671140:,1747647683184
counter/2/0/0/0,29023:1747647673426:,1747647683184
counter/7/0/0/0,25989:1747647671140:,1747647683184
counter/7/0/0/0,25990:1747647671140:,1747647683184
counter/7/0/0/0,25991:1747647671166:,1747647683184
counter/7/0/0/0,25992:1747647671166:,1747647683184
counter/7/0/0/0,25993:1747647671166:,1747647683184
counter/7/0/0/0,25994:1747647671166:,1747647683184
counter/7/0/0/0,25995:1747647671166:,1747647683184
counter/7/0/0/0,25996:1747647671166:,1747647683184
counter/7/0/0/0,25997:1747647671166:,1747647683184
counter/7/0/0/0,25998:1747647671166:,1747647683184
counter/10/0/0/0,24289:1747647668107:,1747647683184
counter/7/0/0/0,25999:1747647671166:,1747647683184
counter/1/0/0/0,23498:1747647670078:,1747647683184
counter/7/0/0/0,26000:1747647671167:,1747647683184
counter/5/0/0/0,26910:1747647671597:,1747647683184
counter/3/0/0/0,23212:1747647669711:,1747647683184
counter/7/0/0/0,26001:1747647671167:,1747647683184
counter/8/0/0/0,27467:1747647671371:,1747647683184
counter/2/0/0/0,29024:1747647673426:,1747647683184
counter/7/0/0/0,26002:1747647671167:,1747647683184
counter/4/0/0/0,22686:1747647668856:,1747647683184
counter/7/0/0/0,26003:1747647671167:,1747647683184
counter/7/0/0/0,26004:1747647671167:,1747647683184
counter/7/0/0/0,26005:1747647671167:,1747647683185
counter/7/0/0/0,26006:1747647671167:,1747647683185
counter/7/0/0/0,26007:1747647671174:,1747647683185
counter/7/0/0/0,26008:1747647671174:,1747647683185
counter/7/0/0/0,26009:1747647671174:,1747647683185
counter/7/0/0/0,26010:1747647671174:,1747647683185
counter/7/0/0/0,26011:1747647671174:,1747647683185
counter/5/0/0/0,26911:1747647671597:,1747647683185
counter/7/0/0/0,26012:1747647671174:,1747647683185
counter/7/0/0/0,26013:1747647671174:,1747647683185
counter/5/0/0/0,26912:1747647671597:,1747647683185
counter/7/0/0/0,26014:1747647671174:,1747647683185
counter/4/0/0/0,22687:1747647668856:,1747647683185
counter/7/0/0/0,26015:1747647671174:,1747647683185
counter/9/0/0/0,29147:1747647672718:,1747647683185
counter/7/0/0/0,26016:1747647671174:,1747647683185
counter/10/0/0/0,24290:1747647668107:,1747647683185
counter/1/0/0/0,23499:1747647670078:,1747647683185
counter/7/0/0/0,26017:1747647671174:,1747647683185
counter/3/0/0/0,23213:1747647669711:,1747647683185
counter/7/0/0/0,26018:1747647671174:,1747647683185
counter/7/0/0/0,26019:1747647671174:,1747647683185
counter/7/0/0/0,26020:1747647671174:,1747647683185
counter/5/0/0/0,26913:1747647671597:,1747647683185
counter/7/0/0/0,26021:1747647671175:,1747647683185
counter/10/0/0/0,24291:1747647668109:,1747647683185
counter/7/0/0/0,26022:1747647671175:,1747647683185
counter/1/0/0/0,23500:1747647670099:,1747647683185
counter/3/0/0/0,23214:1747647669711:,1747647683185
counter/7/0/0/0,26023:1747647671175:,1747647683185
counter/2/0/0/0,29025:1747647673426:,1747647683185
counter/4/0/0/0,22688:1747647668856:,1747647683185
counter/7/0/0/0,26024:1747647671175:,1747647683185
counter/8/0/0/0,27468:1747647671371:,1747647683185
counter/9/0/0/0,29148:1747647672718:,1747647683185
counter/6/0/0/0,26139:1747647672896:,1747647683185
counter/5/0/0/0,26914:1747647671597:,1747647683185
counter/10/0/0/0,24292:1747647668109:,1747647683185
counter/1/0/0/0,23501:1747647670099:,1747647683185
counter/3/0/0/0,23215:1747647669711:,1747647683186
counter/1/0/0/0,23502:1747647670100:,1747647683186
counter/1/0/0/0,23503:1747647670100:,1747647683186
counter/8/0/0/0,27469:1747647671386:,1747647683186
counter/7/0/0/0,26025:1747647671179:,1747647683186
counter/9/0/0/0,29149:1747647672718:,1747647683186
counter/6/0/0/0,26140:1747647672896:,1747647683186
counter/5/0/0/0,26915:1747647671597:,1747647683186
counter/10/0/0/0,24293:1747647668109:,1747647683186
counter/2/0/0/0,29026:1747647673426:,1747647683186
counter/3/0/0/0,23216:1747647669712:,1747647683186
counter/1/0/0/0,23504:1747647670100:,1747647683186
counter/1/0/0/0,23505:1747647670100:,1747647683186
counter/1/0/0/0,23506:1747647670100:,1747647683186
counter/7/0/0/0,26026:1747647671179:,1747647683186
counter/9/0/0/0,29150:1747647672718:,1747647683186
counter/6/0/0/0,26141:1747647672896:,1747647683186
counter/5/0/0/0,26916:1747647671597:,1747647683186
counter/10/0/0/0,24294:1747647668110:,1747647683186
counter/2/0/0/0,29027:1747647673426:,1747647683186
counter/3/0/0/0,23217:1747647669712:,1747647683186
counter/8/0/0/0,27470:1747647671391:,1747647683186
counter/1/0/0/0,23507:1747647670100:,1747647683186
counter/1/0/0/0,23508:1747647670100:,1747647683186
counter/1/0/0/0,23509:1747647670100:,1747647683186
counter/1/0/0/0,23510:1747647670100:,1747647683186
counter/1/0/0/0,23511:1747647670100:,1747647683186
counter/1/0/0/0,23512:1747647670100:,1747647683186
counter/1/0/0/0,23513:1747647670100:,1747647683186
counter/1/0/0/0,23514:1747647670100:,1747647683186
counter/1/0/0/0,23515:1747647670100:,1747647683186
counter/1/0/0/0,23516:1747647670100:,1747647683186
counter/1/0/0/0,23517:1747647670127:,1747647683186
counter/1/0/0/0,23518:1747647670127:,1747647683186
counter/1/0/0/0,23519:1747647670127:,1747647683186
counter/1/0/0/0,23520:1747647670127:,1747647683186
counter/1/0/0/0,23521:1747647670127:,1747647683186
counter/1/0/0/0,23522:1747647670127:,1747647683186
counter/1/0/0/0,23523:1747647670127:,1747647683187
counter/1/0/0/0,23524:1747647670127:,1747647683187
counter/1/0/0/0,23525:1747647670127:,1747647683187
counter/1/0/0/0,23526:1747647670127:,1747647683187
counter/1/0/0/0,23527:1747647670127:,1747647683187
counter/1/0/0/0,23528:1747647670128:,1747647683187
counter/1/0/0/0,23529:1747647670128:,1747647683187
counter/1/0/0/0,23530:1747647670129:,1747647683187
counter/1/0/0/0,23531:1747647670129:,1747647683187
counter/1/0/0/0,23532:1747647670129:,1747647683187
counter/1/0/0/0,23533:1747647670129:,1747647683187
counter/1/0/0/0,23534:1747647670129:,1747647683187
counter/3/0/0/0,23218:1747647669712:,1747647683187
counter/1/0/0/0,23535:1747647670129:,1747647683187
counter/10/0/0/0,24295:1747647668110:,1747647683187
counter/7/0/0/0,26027:1747647671179:,1747647683187
counter/1/0/0/0,23536:1747647670129:,1747647683187
counter/9/0/0/0,29151:1747647672718:,1747647683187
counter/6/0/0/0,26142:1747647672896:,1747647683187
counter/1/0/0/0,23537:1747647670129:,1747647683187
counter/5/0/0/0,26917:1747647671597:,1747647683187
counter/2/0/0/0,29028:1747647673426:,1747647683187
counter/1/0/0/0,23538:1747647670129:,1747647683187
counter/1/0/0/0,23539:1747647670129:,1747647683187
counter/1/0/0/0,23540:1747647670129:,1747647683187
counter/1/0/0/0,23541:1747647670129:,1747647683187
counter/1/0/0/0,23542:1747647670129:,1747647683187
counter/1/0/0/0,23543:1747647670129:,1747647683187
counter/1/0/0/0,23544:1747647670129:,1747647683187
counter/1/0/0/0,23545:1747647670131:,1747647683187
counter/1/0/0/0,23546:1747647670131:,1747647683187
counter/1/0/0/0,23547:1747647670131:,1747647683187
counter/1/0/0/0,23548:1747647670131:,1747647683187
counter/1/0/0/0,23549:1747647670131:,1747647683187
counter/1/0/0/0,23550:1747647670131:,1747647683187
counter/1/0/0/0,23551:1747647670131:,1747647683187
counter/1/0/0/0,23552:1747647670131:,1747647683187
counter/1/0/0/0,23553:1747647670131:,1747647683187
counter/1/0/0/0,23554:1747647670131:,1747647683187
counter/1/0/0/0,23555:1747647670131:,1747647683187
counter/1/0/0/0,23556:1747647670131:,1747647683187
counter/1/0/0/0,23557:1747647670131:,1747647683187
counter/1/0/0/0,23558:1747647670131:,1747647683188
counter/1/0/0/0,23559:1747647670132:,1747647683188
counter/1/0/0/0,23560:1747647670132:,1747647683188
counter/1/0/0/0,23561:1747647670132:,1747647683188
counter/1/0/0/0,23562:1747647670132:,1747647683188
counter/1/0/0/0,23563:1747647670132:,1747647683188
counter/1/0/0/0,23564:1747647670132:,1747647683188
counter/1/0/0/0,23565:1747647670132:,1747647683188
counter/3/0/0/0,23219:1747647669712:,1747647683188
counter/1/0/0/0,23566:1747647670132:,1747647683188
counter/7/0/0/0,26028:1747647671179:,1747647683188
counter/1/0/0/0,23567:1747647670132:,1747647683188
counter/10/0/0/0,24296:1747647668110:,1747647683188
counter/1/0/0/0,23568:1747647670132:,1747647683188
counter/9/0/0/0,29152:1747647672718:,1747647683188
counter/1/0/0/0,23569:1747647670132:,1747647683188
counter/5/0/0/0,26918:1747647671597:,1747647683188
counter/6/0/0/0,26143:1747647672896:,1747647683188
counter/1/0/0/0,23570:1747647670132:,1747647683188
counter/2/0/0/0,29029:1747647673426:,1747647683188
counter/8/0/0/0,27471:1747647671391:,1747647683188
counter/1/0/0/0,23571:1747647670132:,1747647683188
counter/1/0/0/0,23572:1747647670132:,1747647683188
counter/1/0/0/0,23573:1747647670135:,1747647683188
counter/1/0/0/0,23574:1747647670135:,1747647683188
counter/1/0/0/0,23575:1747647670135:,1747647683188
counter/1/0/0/0,23576:1747647670135:,1747647683188
counter/1/0/0/0,23577:1747647670135:,1747647683188
counter/1/0/0/0,23578:1747647670135:,1747647683188
counter/1/0/0/0,23579:1747647670135:,1747647683188
counter/1/0/0/0,23580:1747647670135:,1747647683188
counter/1/0/0/0,23581:1747647670135:,1747647683188
counter/1/0/0/0,23582:1747647670135:,1747647683188
counter/1/0/0/0,23583:1747647670135:,1747647683188
counter/1/0/0/0,23584:1747647670135:,1747647683188
counter/1/0/0/0,23585:1747647670135:,1747647683188
counter/1/0/0/0,23586:1747647670135:,1747647683188
counter/1/0/0/0,23587:1747647670135:,1747647683188
counter/1/0/0/0,23588:1747647670135:,1747647683188
counter/1/0/0/0,23589:1747647670138:,1747647683188
counter/1/0/0/0,23590:1747647670139:,1747647683189
counter/1/0/0/0,23591:1747647670139:,1747647683189
counter/1/0/0/0,23592:1747647670139:,1747647683189
counter/1/0/0/0,23593:1747647670139:,1747647683189
counter/8/0/0/0,27472:1747647671391:,1747647683189
counter/1/0/0/0,23594:1747647670139:,1747647683189
counter/3/0/0/0,23220:1747647669712:,1747647683189
counter/1/0/0/0,23595:1747647670139:,1747647683189
counter/7/0/0/0,26029:1747647671179:,1747647683189
counter/5/0/0/0,26919:1747647671598:,1747647683189
counter/1/0/0/0,23596:1747647670139:,1747647683189
counter/6/0/0/0,26144:1747647672896:,1747647683189
counter/9/0/0/0,29153:1747647672720:,1747647683189
counter/1/0/0/0,23597:1747647670139:,1747647683189
counter/10/0/0/0,24297:1747647668110:,1747647683189
counter/1/0/0/0,23598:1747647670139:,1747647683189
counter/1/0/0/0,23599:1747647670139:,1747647683189
counter/1/0/0/0,23600:1747647670145:,1747647683189
counter/1/0/0/0,23601:1747647670145:,1747647683189
counter/7/0/0/0,26030:1747647671179:,1747647683189
counter/1/0/0/0,23602:1747647670145:,1747647683189
counter/5/0/0/0,26920:1747647671598:,1747647683189
counter/6/0/0/0,26145:1747647672896:,1747647683189
counter/1/0/0/0,23603:1747647670145:,1747647683189
counter/9/0/0/0,29154:1747647672720:,1747647683189
counter/9/0/0/0,29155:1747647672720:,1747647683189
counter/9/0/0/0,29156:1747647672720:,1747647683189
counter/9/0/0/0,29157:1747647672720:,1747647683189
counter/9/0/0/0,29158:1747647672720:,1747647683189
counter/9/0/0/0,29159:1747647672720:,1747647683189
counter/9/0/0/0,29160:1747647672727:,1747647683189
counter/9/0/0/0,29161:1747647672727:,1747647683189
counter/9/0/0/0,29162:1747647672727:,1747647683189
counter/9/0/0/0,29163:1747647672727:,1747647683189
counter/9/0/0/0,29164:1747647672727:,1747647683189
counter/9/0/0/0,29165:1747647672727:,1747647683189
counter/9/0/0/0,29166:1747647672727:,1747647683189
counter/9/0/0/0,29167:1747647672730:,1747647683189
counter/9/0/0/0,29168:1747647672730:,1747647683189
counter/9/0/0/0,29169:1747647672730:,1747647683189
counter/10/0/0/0,24298:1747647668110:,1747647683189
counter/9/0/0/0,29170:1747647672730:,1747647683189
counter/8/0/0/0,27473:1747647671391:,1747647683189
counter/9/0/0/0,29171:1747647672730:,1747647683190
counter/3/0/0/0,23221:1747647669712:,1747647683190
counter/7/0/0/0,26031:1747647671179:,1747647683190
counter/4/0/0/0,22689:1747647669624:,1747647683190
counter/4/0/0/0,22690:1747647669627:,1747647683190
counter/4/0/0/0,22691:1747647669629:,1747647683190
counter/4/0/0/0,22692:1747647669630:,1747647683190
counter/4/0/0/0,22693:1747647669634:,1747647683190
counter/4/0/0/0,22694:1747647669639:,1747647683190
counter/4/0/0/0,22695:1747647669641:,1747647683190
counter/4/0/0/0,22696:1747647669642:,1747647683190
counter/4/0/0/0,22697:1747647669642:,1747647683190
counter/4/0/0/0,22698:1747647669645:,1747647683190
counter/4/0/0/0,22699:1747647669645:,1747647683190
counter/4/0/0/0,22700:1747647669648:,1747647683190
counter/4/0/0/0,22701:1747647669661:,1747647683190
counter/4/0/0/0,22702:1747647669662:,1747647683190
counter/4/0/0/0,22703:1747647669664:,1747647683190
counter/4/0/0/0,22704:1747647669664:,1747647683190
counter/4/0/0/0,22705:1747647669670:,1747647683190
counter/4/0/0/0,22706:1747647669670:,1747647683190
counter/4/0/0/0,22707:1747647669670:,1747647683190
counter/4/0/0/0,22708:1747647669670:,1747647683190
counter/2/0/0/0,29030:1747647673426:,1747647683190
counter/4/0/0/0,22709:1747647669670:,1747647683190
counter/8/0/0/0,27474:1747647671391:,1747647683190
counter/4/0/0/0,22710:1747647669670:,1747647683190
counter/7/0/0/0,26032:1747647671179:,1747647683190
counter/5/0/0/0,26921:1747647671598:,1747647683190
counter/4/0/0/0,22711:1747647669670:,1747647683190
counter/6/0/0/0,26146:1747647672896:,1747647683190
counter/9/0/0/0,29172:1747647672730:,1747647683190
counter/4/0/0/0,22712:1747647669670:,1747647683190
counter/10/0/0/0,24299:1747647668110:,1747647683190
counter/10/0/0/0,24300:1747647668110:,1747647683190
counter/10/0/0/0,24301:1747647668110:,1747647683190
counter/10/0/0/0,24302:1747647668110:,1747647683190
counter/10/0/0/0,24303:1747647668110:,1747647683190
counter/10/0/0/0,24304:1747647668112:,1747647683190
counter/6/0/0/0,26147:1747647672896:,1747647683190
counter/10/0/0/0,24305:1747647668112:,1747647683190
counter/9/0/0/0,29173:1747647672732:,1747647683190
counter/3/0/0/0,23222:1747647669712:,1747647683191
counter/4/0/0/0,22713:1747647669685:,1747647683191
counter/2/0/0/0,29031:1747647673426:,1747647683191
counter/1/0/0/0,23604:1747647670145:,1747647683191
counter/8/0/0/0,27475:1747647671391:,1747647683191
counter/7/0/0/0,26033:1747647671179:,1747647683191
counter/5/0/0/0,26922:1747647671598:,1747647683191
counter/6/0/0/0,26148:1747647672897:,1747647683191
counter/10/0/0/0,24306:1747647668112:,1747647683191
counter/9/0/0/0,29174:1747647672733:,1747647683191
counter/3/0/0/0,23223:1747647669712:,1747647683191
counter/4/0/0/0,22714:1747647669685:,1747647683191
counter/2/0/0/0,29032:1747647673427:,1747647683191
counter/1/0/0/0,23605:1747647670146:,1747647683191
counter/8/0/0/0,27476:1747647671391:,1747647683191
counter/7/0/0/0,26034:1747647671179:,1747647683191
counter/5/0/0/0,26923:1747647671598:,1747647683191
counter/6/0/0/0,26149:1747647672897:,1747647683191
counter/10/0/0/0,24307:1747647668120:,1747647683191
counter/9/0/0/0,29175:1747647672733:,1747647683191
counter/3/0/0/0,23224:1747647669712:,1747647683191
counter/4/0/0/0,22715:1747647669685:,1747647683191
counter/2/0/0/0,29033:1747647673427:,1747647683191
counter/1/0/0/0,23606:1747647670146:,1747647683191
counter/8/0/0/0,27477:1747647671391:,1747647683191
counter/7/0/0/0,26035:1747647671179:,1747647683191
counter/5/0/0/0,26924:1747647671598:,1747647683191
counter/6/0/0/0,26150:1747647672897:,1747647683191
counter/10/0/0/0,24308:1747647668120:,1747647683191
counter/9/0/0/0,29176:1747647672733:,1747647683191
counter/3/0/0/0,23225:1747647669712:,1747647683191
counter/4/0/0/0,22716:1747647669685:,1747647683191
counter/2/0/0/0,29034:1747647673428:,1747647683191
counter/1/0/0/0,23607:1747647670146:,1747647683191
counter/8/0/0/0,27478:1747647671391:,1747647683191
counter/7/0/0/0,26036:1747647671179:,1747647683191
counter/5/0/0/0,26925:1747647671598:,1747647683191
counter/6/0/0/0,26151:1747647672897:,1747647683191
counter/10/0/0/0,24309:1747647668120:,1747647683192
counter/9/0/0/0,29177:1747647672733:,1747647683192
counter/3/0/0/0,23226:1747647669712:,1747647683192
counter/4/0/0/0,22717:1747647669690:,1747647683192
counter/2/0/0/0,29035:1747647673428:,1747647683192
counter/1/0/0/0,23608:1747647670146:,1747647683192
counter/1/0/0/0,23609:1747647670146:,1747647683192
counter/7/0/0/0,26037:1747647671179:,1747647683192
counter/5/0/0/0,26926:1747647671598:,1747647683192
counter/6/0/0/0,26152:1747647672897:,1747647683192
counter/10/0/0/0,24310:1747647668120:,1747647683192
counter/9/0/0/0,29178:1747647672733:,1747647683192
counter/3/0/0/0,23227:1747647669720:,1747647683192
counter/4/0/0/0,22718:1747647669690:,1747647683192
counter/2/0/0/0,29036:1747647673428:,1747647683192
counter/8/0/0/0,27479:1747647671391:,1747647683192
counter/1/0/0/0,23610:1747647670146:,1747647683192
counter/7/0/0/0,26038:1747647671179:,1747647683192
counter/5/0/0/0,26927:1747647671598:,1747647683192
counter/6/0/0/0,26153:1747647672897:,1747647683192
counter/6/0/0/0,26154:1747647672897:,1747647683192
counter/9/0/0/0,29179:1747647672733:,1747647683192
counter/3/0/0/0,23228:1747647669720:,1747647683192
counter/4/0/0/0,22719:1747647669690:,1747647683192
counter/2/0/0/0,29037:1747647673429:,1747647683192
counter/8/0/0/0,27480:1747647671391:,1747647683192
counter/1/0/0/0,23611:1747647670147:,1747647683192
counter/7/0/0/0,26039:1747647671179:,1747647683192
counter/5/0/0/0,26928:1747647671598:,1747647683192
counter/10/0/0/0,24311:1747647668120:,1747647683192
counter/6/0/0/0,26155:1747647672897:,1747647683192
counter/9/0/0/0,29180:1747647672733:,1747647683192
counter/3/0/0/0,23229:1747647669720:,1747647683192
counter/4/0/0/0,22720:1747647669690:,1747647683192
counter/2/0/0/0,29038:1747647673429:,1747647683192
counter/8/0/0/0,27481:1747647671391:,1747647683192
counter/1/0/0/0,23612:1747647670147:,1747647683192
counter/7/0/0/0,26040:1747647671179:,1747647683192
counter/5/0/0/0,26929:1747647671598:,1747647683192
counter/10/0/0/0,24312:1747647668130:,1747647683192
counter/6/0/0/0,26156:1747647672897:,1747647683192
counter/9/0/0/0,29181:1747647672733:,1747647683192
counter/3/0/0/0,23230:1747647669720:,1747647683193
counter/4/0/0/0,22721:1747647669690:,1747647683193
counter/2/0/0/0,29039:1747647673429:,1747647683193
counter/8/0/0/0,27482:1747647671391:,1747647683193
counter/1/0/0/0,23613:1747647670147:,1747647683193
counter/7/0/0/0,26041:1747647671180:,1747647683193
counter/5/0/0/0,26930:1747647671598:,1747647683193
counter/10/0/0/0,24313:1747647668130:,1747647683193
counter/6/0/0/0,26157:1747647672897:,1747647683193
counter/9/0/0/0,29182:1747647672733:,1747647683193
counter/3/0/0/0,23231:1747647669721:,1747647683193
counter/4/0/0/0,22722:1747647669690:,1747647683193
counter/2/0/0/0,29040:1747647673429:,1747647683193
counter/8/0/0/0,27483:1747647671391:,1747647683193
counter/1/0/0/0,23614:1747647670147:,1747647683193
counter/7/0/0/0,26042:1747647671180:,1747647683193
counter/5/0/0/0,26931:1747647671598:,1747647683193
counter/10/0/0/0,24314:1747647668130:,1747647683193
counter/6/0/0/0,26158:1747647672897:,1747647683193
counter/9/0/0/0,29183:1747647672733:,1747647683193
counter/3/0/0/0,23232:1747647669721:,1747647683193
counter/4/0/0/0,22723:1747647669690:,1747647683193
counter/2/0/0/0,29041:1747647673429:,1747647683193
counter/8/0/0/0,27484:1747647671391:,1747647683193
counter/1/0/0/0,23615:1747647670147:,1747647683193
counter/7/0/0/0,26043:1747647671180:,1747647683193
counter/5/0/0/0,26932:1747647671606:,1747647683193
counter/10/0/0/0,24315:1747647668130:,1747647683193
counter/6/0/0/0,26159:1747647672897:,1747647683193
counter/9/0/0/0,29184:1747647672733:,1747647683193
counter/3/0/0/0,23233:1747647669721:,1747647683193
counter/4/0/0/0,22724:1747647669690:,1747647683193
counter/2/0/0/0,29042:1747647673429:,1747647683193
counter/8/0/0/0,27485:1747647671391:,1747647683193
counter/1/0/0/0,23616:1747647670147:,1747647683193
counter/7/0/0/0,26044:1747647671180:,1747647683193
counter/5/0/0/0,26933:1747647671606:,1747647683193
counter/5/0/0/0,26934:1747647671606:,1747647683193
counter/5/0/0/0,26935:1747647671606:,1747647683193
counter/5/0/0/0,26936:1747647671606:,1747647683194
counter/5/0/0/0,26937:1747647671606:,1747647683194
counter/5/0/0/0,26938:1747647671618:,1747647683194
counter/5/0/0/0,26939:1747647671618:,1747647683194
counter/5/0/0/0,26940:1747647671618:,1747647683194
counter/5/0/0/0,26941:1747647671618:,1747647683194
counter/5/0/0/0,26942:1747647671618:,1747647683194
counter/5/0/0/0,26943:1747647671618:,1747647683194
counter/6/0/0/0,26160:1747647672897:,1747647683194
counter/5/0/0/0,26944:1747647671618:,1747647683194
counter/3/0/0/0,23234:1747647669721:,1747647683194
counter/4/0/0/0,22725:1747647669690:,1747647683194
counter/2/0/0/0,29043:1747647673440:,1747647683194
counter/1/0/0/0,23617:1747647670147:,1747647683194
counter/7/0/0/0,26045:1747647671180:,1747647683194
counter/9/0/0/0,29185:1747647672733:,1747647683194
counter/5/0/0/0,26945:1747647671618:,1747647683194
counter/10/0/0/0,24316:1747647668130:,1747647683194
counter/8/0/0/0,27486:1747647671394:,1747647683194
counter/6/0/0/0,26161:1747647672897:,1747647683194
counter/3/0/0/0,23235:1747647669721:,1747647683194
counter/4/0/0/0,22726:1747647669690:,1747647683194
counter/2/0/0/0,29044:1747647673440:,1747647683194
counter/1/0/0/0,23618:1747647670153:,1747647683194
counter/7/0/0/0,26046:1747647671180:,1747647683194
counter/9/0/0/0,29186:1747647672739:,1747647683194
counter/5/0/0/0,26946:1747647671619:,1747647683194
counter/10/0/0/0,24317:1747647668130:,1747647683194
counter/8/0/0/0,27487:1747647671394:,1747647683194
counter/6/0/0/0,26162:1747647672897:,1747647683194
counter/3/0/0/0,23236:1747647669721:,1747647683194
counter/4/0/0/0,22727:1747647669690:,1747647683194
counter/2/0/0/0,29045:1747647673440:,1747647683194
counter/1/0/0/0,23619:1747647670153:,1747647683194
counter/7/0/0/0,26047:1747647671180:,1747647683194
counter/9/0/0/0,29187:1747647672739:,1747647683194
counter/5/0/0/0,26947:1747647671619:,1747647683194
counter/10/0/0/0,24318:1747647668130:,1747647683194
counter/10/0/0/0,24319:1747647668130:,1747647683194
counter/10/0/0/0,24320:1747647668131:,1747647683195
counter/10/0/0/0,24321:1747647668131:,1747647683195
counter/10/0/0/0,24322:1747647668131:,1747647683195
counter/10/0/0/0,24323:1747647668131:,1747647683195
counter/1/0/0/0,23620:1747647670153:,1747647683195
counter/7/0/0/0,26048:1747647671180:,1747647683195
counter/9/0/0/0,29188:1747647672739:,1747647683195
counter/9/0/0/0,29189:1747647672740:,1747647683195
counter/9/0/0/0,29190:1747647672740:,1747647683195
counter/9/0/0/0,29191:1747647672740:,1747647683195
counter/9/0/0/0,29192:1747647672741:,1747647683195
counter/9/0/0/0,29193:1747647672741:,1747647683195
counter/9/0/0/0,29194:1747647672741:,1747647683195
counter/9/0/0/0,29195:1747647672741:,1747647683195
counter/9/0/0/0,29196:1747647672741:,1747647683195
counter/9/0/0/0,29197:1747647672741:,1747647683195
counter/9/0/0/0,29198:1747647672741:,1747647683195
counter/9/0/0/0,29199:1747647672743:,1747647683195
counter/9/0/0/0,29200:1747647672743:,1747647683195
counter/9/0/0/0,29201:1747647672743:,1747647683195
counter/9/0/0/0,29202:1747647672743:,1747647683195
counter/9/0/0/0,29203:1747647672743:,1747647683195
counter/9/0/0/0,29204:1747647672743:,1747647683195
counter/9/0/0/0,29205:1747647672743:,1747647683195
counter/9/0/0/0,29206:1747647672743:,1747647683195
counter/9/0/0/0,29207:1747647672743:,1747647683195
counter/9/0/0/0,29208:1747647672743:,1747647683195
counter/9/0/0/0,29209:1747647672743:,1747647683195
counter/9/0/0/0,29210:1747647672743:,1747647683195
counter/7/0/0/0,26049:1747647671180:,1747647683195
counter/9/0/0/0,29211:1747647672743:,1747647683195
counter/5/0/0/0,26948:1747647671619:,1747647683195
counter/9/0/0/0,29212:1747647672744:,1747647683195
counter/5/0/0/0,26949:1747647671619:,1747647683195
counter/5/0/0/0,26950:1747647671619:,1747647683195
counter/5/0/0/0,26951:1747647671619:,1747647683195
counter/5/0/0/0,26952:1747647671619:,1747647683195
counter/5/0/0/0,26953:1747647671619:,1747647683195
counter/5/0/0/0,26954:1747647671619:,1747647683195
counter/5/0/0/0,26955:1747647671619:,1747647683195
counter/5/0/0/0,26956:1747647671619:,1747647683195
counter/4/0/0/0,22728:1747647669690:,1747647683196
counter/5/0/0/0,26957:1747647671619:,1747647683196
counter/6/0/0/0,26163:1747647672897:,1747647683196
counter/5/0/0/0,26958:1747647671619:,1747647683196
counter/1/0/0/0,23621:1747647670153:,1747647683196
counter/9/0/0/0,29213:1747647672749:,1747647683196
counter/7/0/0/0,26050:1747647671180:,1747647683196
counter/2/0/0/0,29046:1747647673440:,1747647683196
counter/3/0/0/0,23237:1747647669721:,1747647683196
counter/5/0/0/0,26959:1747647671619:,1747647683196
counter/5/0/0/0,26960:1747647671624:,1747647683196
counter/5/0/0/0,26961:1747647671626:,1747647683196
counter/5/0/0/0,26962:1747647671627:,1747647683196
counter/5/0/0/0,26963:1747647671627:,1747647683196
counter/5/0/0/0,26964:1747647671627:,1747647683196
counter/7/0/0/0,26051:1747647671180:,1747647683196
counter/5/0/0/0,26965:1747647671627:,1747647683196
counter/2/0/0/0,29047:1747647673441:,1747647683196
counter/3/0/0/0,23238:1747647669722:,1747647683196
counter/10/0/0/0,24324:1747647668131:,1747647683196
counter/10/0/0/0,24325:1747647668131:,1747647683196
counter/4/0/0/0,22729:1747647669690:,1747647683196
counter/1/0/0/0,23622:1747647670153:,1747647683196
counter/5/0/0/0,26966:1747647671627:,1747647683196
counter/9/0/0/0,29214:1747647672749:,1747647683196
counter/8/0/0/0,27488:1747647671394:,1747647683196
counter/7/0/0/0,26052:1747647671180:,1747647683196
counter/2/0/0/0,29048:1747647673441:,1747647683196
counter/3/0/0/0,23239:1747647669722:,1747647683196
counter/6/0/0/0,26164:1747647672897:,1747647683196
counter/4/0/0/0,22730:1747647669690:,1747647683196
counter/10/0/0/0,24326:1747647668131:,1747647683196
counter/1/0/0/0,23623:1747647670153:,1747647683196
counter/5/0/0/0,26967:1747647671627:,1747647683196
counter/9/0/0/0,29215:1747647672749:,1747647683196
counter/8/0/0/0,27489:1747647671394:,1747647683196
counter/7/0/0/0,26053:1747647671180:,1747647683196
counter/2/0/0/0,29049:1747647673441:,1747647683196
counter/3/0/0/0,23240:1747647669722:,1747647683197
counter/6/0/0/0,26165:1747647672897:,1747647683197
counter/4/0/0/0,22731:1747647669690:,1747647683197
counter/10/0/0/0,24327:1747647668131:,1747647683197
counter/1/0/0/0,23624:1747647670153:,1747647683197
counter/5/0/0/0,26968:1747647671627:,1747647683197
counter/9/0/0/0,29216:1747647672749:,1747647683197
counter/8/0/0/0,27490:1747647671394:,1747647683197
counter/7/0/0/0,26054:1747647671180:,1747647683197
counter/2/0/0/0,29050:1747647673441:,1747647683197
counter/3/0/0/0,23241:1747647669722:,1747647683197
counter/6/0/0/0,26166:1747647672897:,1747647683197
counter/4/0/0/0,22732:1747647669691:,1747647683197
counter/4/0/0/0,22733:1747647669691:,1747647683197
counter/4/0/0/0,22734:1747647669698:,1747647683197
counter/4/0/0/0,22735:1747647669698:,1747647683197
counter/4/0/0/0,22736:1747647669698:,1747647683197
counter/8/0/0/0,27491:1747647671394:,1747647683197
counter/7/0/0/0,26055:1747647671180:,1747647683197
counter/2/0/0/0,29051:1747647673441:,1747647683197
counter/3/0/0/0,23242:1747647669722:,1747647683197
counter/6/0/0/0,26167:1747647672904:,1747647683197
counter/10/0/0/0,24328:1747647668131:,1747647683197
counter/5/0/0/0,26969:1747647671627:,1747647683197
counter/4/0/0/0,22737:1747647669698:,1747647683197
counter/9/0/0/0,29217:1747647672749:,1747647683197
counter/1/0/0/0,23625:1747647670153:,1747647683197
counter/8/0/0/0,27492:1747647671394:,1747647683197
counter/7/0/0/0,26056:1747647671181:,1747647683197
counter/2/0/0/0,29052:1747647673442:,1747647683197
counter/3/0/0/0,23243:1747647669722:,1747647683197
counter/6/0/0/0,26168:1747647672904:,1747647683197
counter/10/0/0/0,24329:1747647668131:,1747647683197
counter/5/0/0/0,26970:1747647671629:,1747647683197
counter/4/0/0/0,22738:1747647669698:,1747647683197
counter/9/0/0/0,29218:1747647672749:,1747647683198
counter/1/0/0/0,23626:1747647670153:,1747647683198
counter/8/0/0/0,27493:1747647671394:,1747647683198
counter/7/0/0/0,26057:1747647671181:,1747647683198
counter/2/0/0/0,29053:1747647673442:,1747647683198
counter/3/0/0/0,23244:1747647669722:,1747647683198
counter/6/0/0/0,26169:1747647672904:,1747647683198
counter/10/0/0/0,24330:1747647668131:,1747647683198
counter/5/0/0/0,26971:1747647671629:,1747647683198
counter/4/0/0/0,22739:1747647669698:,1747647683198
counter/9/0/0/0,29219:1747647672749:,1747647683198
counter/1/0/0/0,23627:1747647670153:,1747647683198
counter/8/0/0/0,27494:1747647671394:,1747647683198
counter/7/0/0/0,26058:1747647671181:,1747647683198
counter/2/0/0/0,29054:1747647673442:,1747647683198
counter/3/0/0/0,23245:1747647669722:,1747647683198
counter/6/0/0/0,26170:1747647672905:,1747647683198
counter/10/0/0/0,24331:1747647668131:,1747647683198
counter/5/0/0/0,26972:1747647671629:,1747647683198
counter/4/0/0/0,22740:1747647669698:,1747647683198
counter/9/0/0/0,29220:1747647672749:,1747647683198
counter/1/0/0/0,23628:1747647670153:,1747647683198
counter/8/0/0/0,27495:1747647671394:,1747647683198
counter/7/0/0/0,26059:1747647671181:,1747647683198
counter/2/0/0/0,29055:1747647673442:,1747647683198
counter/3/0/0/0,23246:1747647669722:,1747647683198
counter/6/0/0/0,26171:1747647672905:,1747647683198
counter/10/0/0/0,24332:1747647668133:,1747647683198
counter/5/0/0/0,26973:1747647671629:,1747647683198
counter/4/0/0/0,22741:1747647669698:,1747647683198
counter/9/0/0/0,29221:1747647672749:,1747647683198
counter/1/0/0/0,23629:1747647670153:,1747647683198
counter/8/0/0/0,27496:1747647671394:,1747647683198
counter/7/0/0/0,26060:1747647671181:,1747647683198
counter/2/0/0/0,29056:1747647673442:,1747647683198
counter/3/0/0/0,23247:1747647669723:,1747647683198
counter/6/0/0/0,26172:1747647672905:,1747647683198
counter/10/0/0/0,24333:1747647668133:,1747647683198
counter/5/0/0/0,26974:1747647671630:,1747647683198
counter/4/0/0/0,22742:1747647669698:,1747647683199
counter/9/0/0/0,29222:1747647672749:,1747647683199
counter/1/0/0/0,23630:1747647670161:,1747647683199
counter/8/0/0/0,27497:1747647671394:,1747647683199
counter/7/0/0/0,26061:1747647671181:,1747647683199
counter/2/0/0/0,29057:1747647673442:,1747647683199
counter/3/0/0/0,23248:1747647669723:,1747647683199
counter/6/0/0/0,26173:1747647672905:,1747647683199
counter/6/0/0/0,26174:1747647672905:,1747647683199
counter/5/0/0/0,26975:1747647671630:,1747647683199
counter/4/0/0/0,22743:1747647669698:,1747647683199
counter/9/0/0/0,29223:1747647672749:,1747647683199
counter/1/0/0/0,23631:1747647670161:,1747647683199
counter/8/0/0/0,27498:1747647671394:,1747647683199
counter/7/0/0/0,26062:1747647671181:,1747647683199
counter/2/0/0/0,29058:1747647673442:,1747647683199
counter/3/0/0/0,23249:1747647669723:,1747647683199
counter/10/0/0/0,24334:1747647668133:,1747647683199
counter/6/0/0/0,26175:1747647672905:,1747647683199
counter/5/0/0/0,26976:1747647671630:,1747647683199
counter/4/0/0/0,22744:1747647669698:,1747647683199
counter/9/0/0/0,29224:1747647672750:,1747647683199
counter/1/0/0/0,23632:1747647670161:,1747647683199
counter/8/0/0/0,27499:1747647671394:,1747647683199
counter/7/0/0/0,26063:1747647671181:,1747647683199
counter/2/0/0/0,29059:1747647673442:,1747647683199
counter/3/0/0/0,23250:1747647669723:,1747647683199
counter/6/0/0/0,26176:1747647672905:,1747647683199
counter/10/0/0/0,24335:1747647668133:,1747647683199
counter/5/0/0/0,26977:1747647671630:,1747647683199
counter/4/0/0/0,22745:1747647669698:,1747647683199
counter/9/0/0/0,29225:1747647672758:,1747647683199
counter/1/0/0/0,23633:1747647670161:,1747647683199
counter/8/0/0/0,27500:1747647671394:,1747647683199
counter/7/0/0/0,26064:1747647671181:,1747647683199
counter/2/0/0/0,29060:1747647673442:,1747647683199
counter/3/0/0/0,23251:1747647669723:,1747647683199
counter/6/0/0/0,26177:1747647672905:,1747647683199
counter/10/0/0/0,24336:1747647668133:,1747647683199
counter/5/0/0/0,26978:1747647671630:,1747647683199
counter/4/0/0/0,22746:1747647669700:,1747647683199
counter/9/0/0/0,29226:1747647672758:,1747647683200
counter/1/0/0/0,23634:1747647670161:,1747647683200
counter/8/0/0/0,27501:1747647671394:,1747647683200
counter/7/0/0/0,26065:1747647671181:,1747647683200
counter/2/0/0/0,29061:1747647673442:,1747647683200
counter/3/0/0/0,23252:1747647669725:,1747647683200
counter/6/0/0/0,26178:1747647672905:,1747647683200
counter/10/0/0/0,24337:1747647668133:,1747647683200
counter/5/0/0/0,26979:1747647671630:,1747647683200
counter/4/0/0/0,22747:1747647669702:,1747647683200
counter/9/0/0/0,29227:1747647672758:,1747647683200
counter/1/0/0/0,23635:1747647670188:,1747647683200
counter/8/0/0/0,27502:1747647671398:,1747647683200
counter/7/0/0/0,26066:1747647671181:,1747647683200
counter/2/0/0/0,29062:1747647673442:,1747647683200
counter/3/0/0/0,23253:1747647669725:,1747647683200
counter/6/0/0/0,26179:1747647672905:,1747647683200
counter/10/0/0/0,24338:1747647668134:,1747647683200
counter/5/0/0/0,26980:1747647671630:,1747647683200
counter/4/0/0/0,22748:1747647669702:,1747647683200
counter/9/0/0/0,29228:1747647672758:,1747647683200
counter/1/0/0/0,23636:1747647670188:,1747647683200
counter/8/0/0/0,27503:1747647671400:,1747647683200
counter/7/0/0/0,26067:1747647671181:,1747647683200
counter/2/0/0/0,29063:1747647673442:,1747647683200
counter/3/0/0/0,23254:1747647669725:,1747647683200
counter/6/0/0/0,26180:1747647672905:,1747647683200
counter/10/0/0/0,24339:1747647668134:,1747647683200
counter/5/0/0/0,26981:1747647671630:,1747647683200
counter/4/0/0/0,22749:1747647669712:,1747647683200
counter/9/0/0/0,29229:1747647672758:,1747647683200
counter/1/0/0/0,23637:1747647670217:,1747647683200
counter/8/0/0/0,27504:1747647671400:,1747647683200
counter/7/0/0/0,26068:1747647671181:,1747647683200
counter/2/0/0/0,29064:1747647673442:,1747647683200
counter/3/0/0/0,23255:1747647669725:,1747647683200
counter/6/0/0/0,26181:1747647672905:,1747647683200
counter/10/0/0/0,24340:1747647668134:,1747647683200
counter/5/0/0/0,26982:1747647671630:,1747647683200
counter/4/0/0/0,22750:1747647669712:,1747647683200
counter/9/0/0/0,29230:1747647672758:,1747647683201
counter/1/0/0/0,23638:1747647670217:,1747647683201
counter/8/0/0/0,27505:1747647671400:,1747647683201
counter/7/0/0/0,26069:1747647671181:,1747647683201
counter/2/0/0/0,29065:1747647673442:,1747647683201
counter/3/0/0/0,23256:1747647669734:,1747647683201
counter/6/0/0/0,26182:1747647672913:,1747647683201
counter/10/0/0/0,24341:1747647668134:,1747647683201
counter/5/0/0/0,26983:1747647671630:,1747647683201
counter/4/0/0/0,22751:1747647669713:,1747647683201
counter/9/0/0/0,29231:1747647672769:,1747647683201
counter/1/0/0/0,23639:1747647670217:,1747647683201
counter/8/0/0/0,27506:1747647671400:,1747647683201
counter/7/0/0/0,26070:1747647671181:,1747647683201
counter/2/0/0/0,29066:1747647673452:,1747647683201
counter/3/0/0/0,23257:1747647669734:,1747647683201
counter/6/0/0/0,26183:1747647672913:,1747647683201
counter/10/0/0/0,24342:1747647668134:,1747647683201
counter/5/0/0/0,26984:1747647671630:,1747647683201
counter/4/0/0/0,22752:1747647669713:,1747647683201
counter/9/0/0/0,29232:1747647672769:,1747647683201
counter/1/0/0/0,23640:1747647670231:,1747647683201
counter/8/0/0/0,27507:1747647671401:,1747647683201
counter/7/0/0/0,26071:1747647671182:,1747647683201
counter/2/0/0/0,29067:1747647673452:,1747647683201
counter/3/0/0/0,23258:1747647669734:,1747647683201
counter/6/0/0/0,26184:1747647672913:,1747647683201
counter/10/0/0/0,24343:1747647668134:,1747647683201
counter/5/0/0/0,26985:1747647671630:,1747647683201
counter/5/0/0/0,26986:1747647671630:,1747647683201
counter/4/0/0/0,22753:1747647669713:,1747647683201
counter/1/0/0/0,23641:1747647670231:,1747647683201
counter/8/0/0/0,27508:1747647671401:,1747647683201
counter/7/0/0/0,26072:1747647671182:,1747647683201
counter/2/0/0/0,29068:1747647673452:,1747647683201
counter/3/0/0/0,23259:1747647669734:,1747647683201
counter/6/0/0/0,26185:1747647672913:,1747647683202
counter/10/0/0/0,24344:1747647668150:,1747647683202
counter/9/0/0/0,29233:1747647672769:,1747647683202
counter/4/0/0/0,22754:1747647669713:,1747647683202
counter/5/0/0/0,26987:1747647671630:,1747647683202
counter/1/0/0/0,23642:1747647670231:,1747647683202
counter/8/0/0/0,27509:1747647671401:,1747647683202
counter/7/0/0/0,26073:1747647671182:,1747647683202
counter/7/0/0/0,26074:1747647671182:,1747647683202
counter/2/0/0/0,29069:1747647673452:,1747647683202
counter/6/0/0/0,26186:1747647672914:,1747647683202
counter/10/0/0/0,24345:1747647668150:,1747647683202
counter/9/0/0/0,29234:1747647672769:,1747647683202
counter/4/0/0/0,22755:1747647669713:,1747647683202
counter/5/0/0/0,26988:1747647671630:,1747647683202
counter/1/0/0/0,23643:1747647670231:,1747647683202
counter/8/0/0/0,27510:1747647671402:,1747647683202
counter/3/0/0/0,23260:1747647669734:,1747647683202
counter/7/0/0/0,26075:1747647671182:,1747647683202
counter/7/0/0/0,26076:1747647671182:,1747647683202
counter/7/0/0/0,26077:1747647671182:,1747647683202
counter/2/0/0/0,29070:1747647673452:,1747647683202
counter/4/0/0/0,22756:1747647669713:,1747647683202
counter/9/0/0/0,29235:1747647672769:,1747647683202
counter/5/0/0/0,26989:1747647671630:,1747647683202
counter/1/0/0/0,23644:1747647670233:,1747647683202
counter/8/0/0/0,27511:1747647671402:,1747647683202
counter/3/0/0/0,23261:1747647669734:,1747647683202
counter/7/0/0/0,26078:1747647671182:,1747647683202
counter/10/0/0/0,24346:1747647668150:,1747647683202
counter/6/0/0/0,26187:1747647672914:,1747647683202
counter/4/0/0/0,22757:1747647669713:,1747647683202
counter/9/0/0/0,29236:1747647672769:,1747647683202
counter/9/0/0/0,29237:1747647672769:,1747647683202
counter/9/0/0/0,29238:1747647672769:,1747647683202
counter/1/0/0/0,23645:1747647670233:,1747647683202
counter/8/0/0/0,27512:1747647671402:,1747647683202
counter/3/0/0/0,23262:1747647669734:,1747647683202
counter/7/0/0/0,26079:1747647671182:,1747647683202
counter/7/0/0/0,26080:1747647671182:,1747647683202
counter/7/0/0/0,26081:1747647671182:,1747647683203
counter/4/0/0/0,22758:1747647669713:,1747647683203
counter/4/0/0/0,22759:1747647669713:,1747647683203
counter/4/0/0/0,22760:1747647669713:,1747647683203
counter/2/0/0/0,29071:1747647673474:,1747647683203
counter/1/0/0/0,23646:1747647670233:,1747647683203
counter/9/0/0/0,29239:1747647672770:,1747647683203
counter/3/0/0/0,23263:1747647669734:,1747647683203
counter/3/0/0/0,23264:1747647669743:,1747647683203
counter/7/0/0/0,26082:1747647671182:,1747647683203
counter/7/0/0/0,26083:1747647671182:,1747647683203
counter/5/0/0/0,26990:1747647671630:,1747647683203
counter/4/0/0/0,22761:1747647669718:,1747647683203
counter/5/0/0/0,26991:1747647671630:,1747647683203
counter/5/0/0/0,26992:1747647671630:,1747647683203
counter/5/0/0/0,26993:1747647671631:,1747647683203
counter/9/0/0/0,29240:1747647672771:,1747647683203
counter/9/0/0/0,29241:1747647672771:,1747647683203
counter/9/0/0/0,29242:1747647672771:,1747647683203
counter/7/0/0/0,26084:1747647671182:,1747647683203
counter/7/0/0/0,26085:1747647671182:,1747647683203
counter/2/0/0/0,29072:1747647673474:,1747647683203
counter/4/0/0/0,22762:1747647669718:,1747647683203
counter/4/0/0/0,22763:1747647669718:,1747647683203
counter/4/0/0/0,22764:1747647669718:,1747647683203
counter/8/0/0/0,27513:1747647671402:,1747647683203
counter/10/0/0/0,24347:1747647668150:,1747647683203
counter/3/0/0/0,23265:1747647669743:,1747647683203
counter/9/0/0/0,29243:1747647672776:,1747647683203
counter/7/0/0/0,26086:1747647671182:,1747647683203
counter/7/0/0/0,26087:1747647671182:,1747647683203
counter/7/0/0/0,26088:1747647671182:,1747647683203
counter/7/0/0/0,26089:1747647671182:,1747647683203
counter/7/0/0/0,26090:1747647671182:,1747647683203
counter/7/0/0/0,26091:1747647671182:,1747647683204
counter/7/0/0/0,26092:1747647671182:,1747647683204
counter/7/0/0/0,26093:1747647671194:,1747647683204
counter/7/0/0/0,26094:1747647671195:,1747647683204
counter/7/0/0/0,26095:1747647671195:,1747647683204
counter/7/0/0/0,26096:1747647671195:,1747647683204
counter/7/0/0/0,26097:1747647671195:,1747647683204
counter/7/0/0/0,26098:1747647671195:,1747647683204
counter/7/0/0/0,26099:1747647671195:,1747647683204
counter/7/0/0/0,26100:1747647671195:,1747647683204
counter/7/0/0/0,26101:1747647671195:,1747647683204
counter/4/0/0/0,22765:1747647669718:,1747647683204
counter/7/0/0/0,26102:1747647671195:,1747647683204
counter/2/0/0/0,29073:1747647673474:,1747647683204
counter/7/0/0/0,26103:1747647671201:,1747647683204
counter/1/0/0/0,23647:1747647670233:,1747647683204
counter/10/0/0/0,24348:1747647668150:,1747647683204
counter/10/0/0/0,24349:1747647668150:,1747647683204
counter/10/0/0/0,24350:1747647668150:,1747647683204
counter/3/0/0/0,23266:1747647669743:,1747647683204
counter/10/0/0/0,24351:1747647668150:,1747647683204
counter/7/0/0/0,26104:1747647671201:,1747647683204
counter/7/0/0/0,26105:1747647671201:,1747647683204
counter/7/0/0/0,26106:1747647671201:,1747647683204
counter/7/0/0/0,26107:1747647671202:,1747647683204
counter/7/0/0/0,26108:1747647671202:,1747647683204
counter/7/0/0/0,26109:1747647671202:,1747647683204
counter/7/0/0/0,26110:1747647671202:,1747647683204
counter/7/0/0/0,26111:1747647671202:,1747647683204
counter/7/0/0/0,26112:1747647671202:,1747647683204
counter/7/0/0/0,26113:1747647671202:,1747647683204
counter/7/0/0/0,26114:1747647671202:,1747647683204
counter/7/0/0/0,26115:1747647671202:,1747647683204
counter/7/0/0/0,26116:1747647671202:,1747647683204
counter/5/0/0/0,26994:1747647671631:,1747647683204
counter/7/0/0/0,26117:1747647671202:,1747647683204
counter/10/0/0/0,24352:1747647668150:,1747647683204
counter/7/0/0/0,26118:1747647671202:,1747647683205
counter/10/0/0/0,24353:1747647668159:,1747647683205
counter/3/0/0/0,23267:1747647669743:,1747647683205
counter/2/0/0/0,29074:1747647673475:,1747647683205
counter/1/0/0/0,23648:1747647670233:,1747647683205
counter/7/0/0/0,26119:1747647671202:,1747647683205
counter/9/0/0/0,29244:1747647672776:,1747647683205
counter/6/0/0/0,26188:1747647672914:,1747647683205
counter/5/0/0/0,26995:1747647671631:,1747647683205
counter/5/0/0/0,26996:1747647671631:,1747647683205
counter/4/0/0/0,22766:1747647669718:,1747647683205
counter/3/0/0/0,23268:1747647669743:,1747647683205
counter/3/0/0/0,23269:1747647669743:,1747647683205
counter/10/0/0/0,24354:1747647668167:,1747647683205
counter/10/0/0/0,24355:1747647668167:,1747647683205
counter/1/0/0/0,23649:1747647670234:,1747647683205
counter/9/0/0/0,29245:1747647672778:,1747647683205
counter/6/0/0/0,26189:1747647672914:,1747647683205
counter/5/0/0/0,26997:1747647671631:,1747647683205
counter/5/0/0/0,26998:1747647671631:,1747647683205
counter/5/0/0/0,26999:1747647671631:,1747647683205
counter/2/0/0/0,29075:1747647673480:,1747647683205
counter/3/0/0/0,23270:1747647669743:,1747647683205
counter/7/0/0/0,26120:1747647671202:,1747647683205
counter/1/0/0/0,23650:1747647670234:,1747647683205
counter/10/0/0/0,24356:1747647668167:,1747647683205
counter/9/0/0/0,29246:1747647672778:,1747647683205
counter/6/0/0/0,26190:1747647672914:,1747647683205
counter/4/0/0/0,22767:1747647669718:,1747647683205
counter/5/0/0/0,27000:1747647671633:,1747647683205
counter/5/0/0/0,27001:1747647671633:,1747647683205
counter/2/0/0/0,29076:1747647673480:,1747647683205
counter/3/0/0/0,23271:1747647669743:,1747647683205
counter/7/0/0/0,26121:1747647671202:,1747647683205
counter/1/0/0/0,23651:1747647670234:,1747647683205
counter/10/0/0/0,24357:1747647668167:,1747647683205
counter/9/0/0/0,29247:1747647672778:,1747647683205
counter/6/0/0/0,26191:1747647672914:,1747647683205
counter/4/0/0/0,22768:1747647669718:,1747647683206
counter/5/0/0/0,27002:1747647671633:,1747647683206
counter/5/0/0/0,27003:1747647671633:,1747647683206
counter/2/0/0/0,29077:1747647673480:,1747647683206
counter/3/0/0/0,23272:1747647669746:,1747647683206
counter/7/0/0/0,26122:1747647671202:,1747647683206
counter/1/0/0/0,23652:1747647670234:,1747647683206
counter/10/0/0/0,24358:1747647668167:,1747647683206
counter/9/0/0/0,29248:1747647672778:,1747647683206
counter/6/0/0/0,26192:1747647672914:,1747647683206
counter/9/0/0/0,29249:1747647672778:,1747647683206
counter/5/0/0/0,27004:1747647671633:,1747647683206
counter/5/0/0/0,27005:1747647671633:,1747647683206
counter/5/0/0/0,27006:1747647671635:,1747647683206
counter/5/0/0/0,27007:1747647671635:,1747647683206
counter/5/0/0/0,27008:1747647671635:,1747647683206
counter/5/0/0/0,27009:1747647671635:,1747647683206
counter/5/0/0/0,27010:1747647671635:,1747647683206
counter/5/0/0/0,27011:1747647671635:,1747647683206
counter/5/0/0/0,27012:1747647671635:,1747647683206
counter/5/0/0/0,27013:1747647671635:,1747647683206
counter/5/0/0/0,27014:1747647671635:,1747647683206
counter/5/0/0/0,27015:1747647671635:,1747647683206
counter/5/0/0/0,27016:1747647671635:,1747647683206
counter/5/0/0/0,27017:1747647671635:,1747647683206
counter/5/0/0/0,27018:1747647671636:,1747647683206
counter/5/0/0/0,27019:1747647671636:,1747647683206
counter/5/0/0/0,27020:1747647671637:,1747647683206
counter/5/0/0/0,27021:1747647671637:,1747647683206
counter/6/0/0/0,26193:1747647672914:,1747647683206
counter/5/0/0/0,27022:1747647671642:,1747647683206
counter/6/0/0/0,26194:1747647672914:,1747647683206
counter/5/0/0/0,27023:1747647671642:,1747647683206
counter/6/0/0/0,26195:1747647672914:,1747647683206
counter/5/0/0/0,27024:1747647671642:,1747647683207
counter/6/0/0/0,26196:1747647672914:,1747647683207
counter/5/0/0/0,27025:1747647671642:,1747647683207
counter/6/0/0/0,26197:1747647672914:,1747647683207
counter/4/0/0/0,22769:1747647669734:,1747647683207
counter/5/0/0/0,27026:1747647671642:,1747647683207
counter/6/0/0/0,26198:1747647672914:,1747647683207
counter/5/0/0/0,27027:1747647671642:,1747647683207
counter/6/0/0/0,26199:1747647672914:,1747647683207
counter/5/0/0/0,27028:1747647671642:,1747647683207
counter/5/0/0/0,27029:1747647671642:,1747647683207
counter/4/0/0/0,22770:1747647669734:,1747647683207
counter/5/0/0/0,27030:1747647671642:,1747647683207
counter/10/0/0/0,24359:1747647668167:,1747647683207
counter/5/0/0/0,27031:1747647671642:,1747647683207
counter/5/0/0/0,27032:1747647671642:,1747647683207
counter/9/0/0/0,29250:1747647672778:,1747647683207
counter/5/0/0/0,27033:1747647671642:,1747647683207
counter/3/0/0/0,23273:1747647669746:,1747647683207
counter/5/0/0/0,27034:1747647671642:,1747647683207
counter/2/0/0/0,29078:1747647673480:,1747647683207
counter/5/0/0/0,27035:1747647671642:,1747647683207
counter/1/0/0/0,23653:1747647670234:,1747647683207
counter/5/0/0/0,27036:1747647671642:,1747647683207
counter/6/0/0/0,26200:1747647672914:,1747647683207
counter/7/0/0/0,26123:1747647671202:,1747647683207
counter/8/0/0/0,27514:1747647671402:,1747647683207
counter/4/0/0/0,22771:1747647669735:,1747647683207
counter/10/0/0/0,24360:1747647668167:,1747647683207
counter/9/0/0/0,29251:1747647672784:,1747647683207
counter/3/0/0/0,23274:1747647669746:,1747647683207
counter/2/0/0/0,29079:1747647673480:,1747647683207
counter/1/0/0/0,23654:1747647670234:,1747647683207
counter/6/0/0/0,26201:1747647672914:,1747647683207
counter/5/0/0/0,27037:1747647671642:,1747647683207
counter/7/0/0/0,26124:1747647671202:,1747647683207
counter/8/0/0/0,27515:1747647671402:,1747647683207
counter/4/0/0/0,22772:1747647669735:,1747647683207
counter/10/0/0/0,24361:1747647668178:,1747647683207
counter/9/0/0/0,29252:1747647672784:,1747647683208
counter/3/0/0/0,23275:1747647669746:,1747647683208
counter/2/0/0/0,29080:1747647673480:,1747647683208
counter/1/0/0/0,23655:1747647670234:,1747647683208
counter/6/0/0/0,26202:1747647672914:,1747647683208
counter/5/0/0/0,27038:1747647671642:,1747647683208
counter/7/0/0/0,26125:1747647671209:,1747647683208
counter/8/0/0/0,27516:1747647671402:,1747647683208
counter/4/0/0/0,22773:1747647669735:,1747647683208
counter/10/0/0/0,24362:1747647668178:,1747647683208
counter/9/0/0/0,29253:1747647672784:,1747647683208
counter/3/0/0/0,23276:1747647669746:,1747647683208
counter/2/0/0/0,29081:1747647673480:,1747647683208
counter/1/0/0/0,23656:1747647670238:,1747647683208
counter/6/0/0/0,26203:1747647672914:,1747647683208
counter/5/0/0/0,27039:1747647671642:,1747647683208
counter/7/0/0/0,26126:1747647671209:,1747647683208
counter/8/0/0/0,27517:1747647671402:,1747647683208
counter/4/0/0/0,22774:1747647669735:,1747647683208
counter/10/0/0/0,24363:1747647668178:,1747647683208
counter/9/0/0/0,29254:1747647672784:,1747647683208
counter/3/0/0/0,23277:1747647669746:,1747647683208
counter/2/0/0/0,29082:1747647673481:,1747647683208
counter/1/0/0/0,23657:1747647670238:,1747647683208
counter/6/0/0/0,26204:1747647672914:,1747647683208
counter/5/0/0/0,27040:1747647671648:,1747647683208
counter/7/0/0/0,26127:1747647671209:,1747647683208
counter/7/0/0/0,26128:1747647671209:,1747647683208
counter/7/0/0/0,26129:1747647671209:,1747647683208
counter/7/0/0/0,26130:1747647671209:,1747647683208
counter/7/0/0/0,26131:1747647671209:,1747647683208
counter/7/0/0/0,26132:1747647671209:,1747647683208
counter/9/0/0/0,29255:1747647672784:,1747647683208
counter/1/0/0/0,23658:1747647670238:,1747647683208
counter/6/0/0/0,26205:1747647672931:,1747647683208
counter/5/0/0/0,27041:1747647671648:,1747647683208
counter/5/0/0/0,27042:1747647671649:,1747647683209
counter/5/0/0/0,27043:1747647671649:,1747647683209
counter/5/0/0/0,27044:1747647671649:,1747647683209
counter/5/0/0/0,27045:1747647671649:,1747647683209
counter/5/0/0/0,27046:1747647671649:,1747647683209
counter/5/0/0/0,27047:1747647671649:,1747647683209
counter/2/0/0/0,29083:1747647673481:,1747647683209
counter/1/0/0/0,23659:1747647670253:,1747647683209
counter/6/0/0/0,26206:1747647672937:,1747647683209
counter/4/0/0/0,22775:1747647669735:,1747647683209
counter/3/0/0/0,23278:1747647669746:,1747647683209
counter/7/0/0/0,26133:1747647671209:,1747647683209
counter/9/0/0/0,29256:1747647672784:,1747647683209
counter/5/0/0/0,27048:1747647671650:,1747647683209
counter/5/0/0/0,27049:1747647671650:,1747647683209
counter/5/0/0/0,27050:1747647671650:,1747647683209
counter/5/0/0/0,27051:1747647671650:,1747647683209
counter/5/0/0/0,27052:1747647671650:,1747647683209
counter/5/0/0/0,27053:1747647671650:,1747647683209
counter/5/0/0/0,27054:1747647671650:,1747647683209
counter/5/0/0/0,27055:1747647671650:,1747647683209
counter/5/0/0/0,27056:1747647671650:,1747647683209
counter/5/0/0/0,27057:1747647671650:,1747647683209
counter/6/0/0/0,26207:1747647672937:,1747647683209
counter/5/0/0/0,27058:1747647671650:,1747647683209
counter/1/0/0/0,23660:1747647670253:,1747647683209
counter/5/0/0/0,27059:1747647671650:,1747647683209
counter/1/0/0/0,23661:1747647670253:,1747647683209
counter/1/0/0/0,23662:1747647670253:,1747647683209
counter/1/0/0/0,23663:1747647670253:,1747647683209
counter/1/0/0/0,23664:1747647670259:,1747647683209
counter/1/0/0/0,23665:1747647670259:,1747647683209
counter/1/0/0/0,23666:1747647670260:,1747647683209
counter/1/0/0/0,23667:1747647670260:,1747647683210
counter/1/0/0/0,23668:1747647670260:,1747647683210
counter/7/0/0/0,26134:1747647671209:,1747647683210
counter/1/0/0/0,23669:1747647670260:,1747647683210
counter/1/0/0/0,23670:1747647670260:,1747647683210
counter/10/0/0/0,24364:1747647668178:,1747647683210
counter/9/0/0/0,29257:1747647672784:,1747647683210
counter/10/0/0/0,24365:1747647668179:,1747647683210
counter/2/0/0/0,29084:1747647673481:,1747647683210
counter/8/0/0/0,27518:1747647671402:,1747647683210
counter/6/0/0/0,26208:1747647672937:,1747647683210
counter/3/0/0/0,23279:1747647669746:,1747647683210
counter/1/0/0/0,23671:1747647670260:,1747647683210
counter/1/0/0/0,23672:1747647670260:,1747647683210
counter/1/0/0/0,23673:1747647670262:,1747647683210
counter/1/0/0/0,23674:1747647670262:,1747647683210
counter/1/0/0/0,23675:1747647670262:,1747647683210
counter/1/0/0/0,23676:1747647670263:,1747647683210
counter/1/0/0/0,23677:1747647670263:,1747647683210
counter/8/0/0/0,27519:1747647671402:,1747647683210
counter/6/0/0/0,26209:1747647672937:,1747647683210
counter/3/0/0/0,23280:1747647669746:,1747647683210
counter/7/0/0/0,26135:1747647671209:,1747647683210
counter/5/0/0/0,27060:1747647671650:,1747647683210
counter/9/0/0/0,29258:1747647672784:,1747647683210
counter/9/0/0/0,29259:1747647672788:,1747647683210
counter/9/0/0/0,29260:1747647672788:,1747647683210
counter/9/0/0/0,29261:1747647672791:,1747647683210
counter/9/0/0/0,29262:1747647672791:,1747647683210
counter/9/0/0/0,29263:1747647672791:,1747647683210
counter/9/0/0/0,29264:1747647672791:,1747647683210
counter/9/0/0/0,29265:1747647672792:,1747647683210
counter/9/0/0/0,29266:1747647672792:,1747647683210
counter/9/0/0/0,29267:1747647672792:,1747647683210
counter/9/0/0/0,29268:1747647672792:,1747647683210
counter/9/0/0/0,29269:1747647672792:,1747647683210
counter/9/0/0/0,29270:1747647672810:,1747647683210
counter/9/0/0/0,29271:1747647672810:,1747647683210
counter/9/0/0/0,29272:1747647672810:,1747647683210
counter/9/0/0/0,29273:1747647672810:,1747647683211
counter/9/0/0/0,29274:1747647672810:,1747647683211
counter/9/0/0/0,29275:1747647672811:,1747647683211
counter/9/0/0/0,29276:1747647672811:,1747647683211
counter/9/0/0/0,29277:1747647672811:,1747647683211
counter/9/0/0/0,29278:1747647672811:,1747647683211
counter/9/0/0/0,29279:1747647672817:,1747647683211
counter/9/0/0/0,29280:1747647672817:,1747647683211
counter/9/0/0/0,29281:1747647672817:,1747647683211
counter/9/0/0/0,29282:1747647672817:,1747647683211
counter/9/0/0/0,29283:1747647672817:,1747647683211
counter/9/0/0/0,29284:1747647672817:,1747647683211
counter/9/0/0/0,29285:1747647672820:,1747647683211
counter/9/0/0/0,29286:1747647672821:,1747647683211
counter/9/0/0/0,29287:1747647672821:,1747647683211
counter/9/0/0/0,29288:1747647672821:,1747647683211
counter/9/0/0/0,29289:1747647672821:,1747647683211
counter/9/0/0/0,29290:1747647672821:,1747647683211
counter/9/0/0/0,29291:1747647672821:,1747647683211
counter/9/0/0/0,29292:1747647672821:,1747647683211
counter/9/0/0/0,29293:1747647672821:,1747647683211
counter/9/0/0/0,29294:1747647672821:,1747647683211
counter/9/0/0/0,29295:1747647672821:,1747647683211
counter/9/0/0/0,29296:1747647672821:,1747647683211
counter/9/0/0/0,29297:1747647672821:,1747647683211
counter/9/0/0/0,29298:1747647672821:,1747647683211
counter/9/0/0/0,29299:1747647672821:,1747647683211
counter/9/0/0/0,29300:1747647672821:,1747647683211
counter/9/0/0/0,29301:1747647672821:,1747647683211
counter/9/0/0/0,29302:1747647672821:,1747647683211
counter/9/0/0/0,29303:1747647672821:,1747647683211
counter/9/0/0/0,29304:1747647672821:,1747647683211
counter/9/0/0/0,29305:1747647672821:,1747647683211
counter/9/0/0/0,29306:1747647672821:,1747647683211
counter/9/0/0/0,29307:1747647672821:,1747647683211
counter/9/0/0/0,29308:1747647672821:,1747647683211
counter/9/0/0/0,29309:1747647672822:,1747647683211
counter/9/0/0/0,29310:1747647672822:,1747647683211
counter/9/0/0/0,29311:1747647672822:,1747647683211
counter/9/0/0/0,29312:1747647672822:,1747647683212
counter/9/0/0/0,29313:1747647672823:,1747647683212
counter/9/0/0/0,29314:1747647672823:,1747647683212
counter/9/0/0/0,29315:1747647672823:,1747647683212
counter/9/0/0/0,29316:1747647672823:,1747647683212
counter/9/0/0/0,29317:1747647672823:,1747647683212
counter/9/0/0/0,29318:1747647672824:,1747647683212
counter/9/0/0/0,29319:1747647672824:,1747647683212
counter/9/0/0/0,29320:1747647672824:,1747647683212
counter/9/0/0/0,29321:1747647672824:,1747647683212
counter/9/0/0/0,29322:1747647672824:,1747647683212
counter/9/0/0/0,29323:1747647672824:,1747647683212
counter/9/0/0/0,29324:1747647672824:,1747647683212
counter/9/0/0/0,29325:1747647672831:,1747647683212
counter/9/0/0/0,29326:1747647672832:,1747647683212
counter/9/0/0/0,29327:1747647672832:,1747647683212
counter/9/0/0/0,29328:1747647672832:,1747647683212
counter/9/0/0/0,29329:1747647672832:,1747647683212
counter/9/0/0/0,29330:1747647672832:,1747647683212
counter/9/0/0/0,29331:1747647672832:,1747647683212
counter/9/0/0/0,29332:1747647672832:,1747647683212
counter/9/0/0/0,29333:1747647672834:,1747647683212
counter/9/0/0/0,29334:1747647672834:,1747647683212
counter/9/0/0/0,29335:1747647672834:,1747647683212
counter/9/0/0/0,29336:1747647672834:,1747647683212
counter/9/0/0/0,29337:1747647672834:,1747647683212
counter/9/0/0/0,29338:1747647672834:,1747647683212
counter/9/0/0/0,29339:1747647672834:,1747647683212
counter/9/0/0/0,29340:1747647672834:,1747647683212
counter/9/0/0/0,29341:1747647672834:,1747647683212
counter/9/0/0/0,29342:1747647672834:,1747647683212
counter/9/0/0/0,29343:1747647672834:,1747647683212
counter/9/0/0/0,29344:1747647672834:,1747647683212
counter/9/0/0/0,29345:1747647672834:,1747647683212
counter/9/0/0/0,29346:1747647672834:,1747647683212
counter/9/0/0/0,29347:1747647672834:,1747647683212
counter/9/0/0/0,29348:1747647672834:,1747647683212
counter/9/0/0/0,29349:1747647672835:,1747647683212
counter/9/0/0/0,29350:1747647672835:,1747647683213
counter/9/0/0/0,29351:1747647672855:,1747647683213
counter/9/0/0/0,29352:1747647672855:,1747647683213
counter/9/0/0/0,29353:1747647672855:,1747647683213
counter/9/0/0/0,29354:1747647672855:,1747647683213
counter/9/0/0/0,29355:1747647672856:,1747647683213
counter/9/0/0/0,29356:1747647672856:,1747647683213
counter/9/0/0/0,29357:1747647672856:,1747647683213
counter/9/0/0/0,29358:1747647672856:,1747647683213
counter/9/0/0/0,29359:1747647672868:,1747647683213
counter/9/0/0/0,29360:1747647672869:,1747647683213
counter/9/0/0/0,29361:1747647672869:,1747647683213
counter/9/0/0/0,29362:1747647672869:,1747647683213
counter/9/0/0/0,29363:1747647672869:,1747647683213
counter/9/0/0/0,29364:1747647672869:,1747647683213
counter/9/0/0/0,29365:1747647672869:,1747647683213
counter/9/0/0/0,29366:1747647672869:,1747647683213
counter/9/0/0/0,29367:1747647672869:,1747647683213
counter/9/0/0/0,29368:1747647672869:,1747647683213
counter/9/0/0/0,29369:1747647672869:,1747647683213
counter/9/0/0/0,29370:1747647672869:,1747647683213
counter/9/0/0/0,29371:1747647672869:,1747647683213
counter/9/0/0/0,29372:1747647672871:,1747647683213
counter/9/0/0/0,29373:1747647672873:,1747647683213
counter/9/0/0/0,29374:1747647672875:,1747647683213
counter/9/0/0/0,29375:1747647672875:,1747647683213
counter/9/0/0/0,29376:1747647672875:,1747647683213
counter/9/0/0/0,29377:1747647672875:,1747647683213
counter/9/0/0/0,29378:1747647672875:,1747647683213
counter/9/0/0/0,29379:1747647672880:,1747647683213
counter/9/0/0/0,29380:1747647672880:,1747647683213
counter/9/0/0/0,29381:1747647672880:,1747647683213
counter/9/0/0/0,29382:1747647672880:,1747647683213
counter/9/0/0/0,29383:1747647672880:,1747647683213
counter/9/0/0/0,29384:1747647672881:,1747647683213
counter/9/0/0/0,29385:1747647672881:,1747647683213
counter/9/0/0/0,29386:1747647672881:,1747647683213
counter/9/0/0/0,29387:1747647672881:,1747647683213
counter/9/0/0/0,29388:1747647672882:,1747647683213
counter/9/0/0/0,29389:1747647672882:,1747647683213
counter/9/0/0/0,29390:1747647672882:,1747647683213
counter/9/0/0/0,29391:1747647672882:,1747647683214
counter/9/0/0/0,29392:1747647672882:,1747647683214
counter/9/0/0/0,29393:1747647672882:,1747647683214
counter/9/0/0/0,29394:1747647672882:,1747647683214
counter/9/0/0/0,29395:1747647672882:,1747647683214
counter/9/0/0/0,29396:1747647672882:,1747647683214
counter/9/0/0/0,29397:1747647672882:,1747647683214
counter/9/0/0/0,29398:1747647672882:,1747647683214
counter/9/0/0/0,29399:1747647672882:,1747647683214
counter/9/0/0/0,29400:1747647672882:,1747647683214
counter/9/0/0/0,29401:1747647672882:,1747647683214
counter/9/0/0/0,29402:1747647672883:,1747647683214
counter/9/0/0/0,29403:1747647672883:,1747647683214
counter/9/0/0/0,29404:1747647672883:,1747647683214
counter/9/0/0/0,29405:1747647672884:,1747647683214
counter/9/0/0/0,29406:1747647672884:,1747647683214
counter/9/0/0/0,29407:1747647672884:,1747647683214
counter/9/0/0/0,29408:1747647672884:,1747647683214
counter/9/0/0/0,29409:1747647672884:,1747647683214
counter/4/0/0/0,22776:1747647669735:,1747647683214
counter/6/0/0/0,26210:1747647672937:,1747647683214
counter/4/0/0/0,22777:1747647669735:,1747647683214
counter/4/0/0/0,22778:1747647669735:,1747647683214
counter/4/0/0/0,22779:1747647669735:,1747647683214
counter/4/0/0/0,22780:1747647669735:,1747647683214
counter/4/0/0/0,22781:1747647669735:,1747647683214
counter/4/0/0/0,22782:1747647669735:,1747647683214
counter/4/0/0/0,22783:1747647669739:,1747647683214
counter/4/0/0/0,22784:1747647669739:,1747647683214
counter/4/0/0/0,22785:1747647669739:,1747647683214
counter/4/0/0/0,22786:1747647669739:,1747647683214
counter/2/0/0/0,29085:1747647673481:,1747647683214
counter/4/0/0/0,22787:1747647669739:,1747647683214
counter/10/0/0/0,24366:1747647668179:,1747647683214
counter/4/0/0/0,22788:1747647669739:,1747647683214
counter/6/0/0/0,26211:1747647672937:,1747647683214
counter/4/0/0/0,22789:1747647669739:,1747647683214
counter/10/0/0/0,24367:1747647668179:,1747647683215
counter/4/0/0/0,22790:1747647669739:,1747647683215
counter/8/0/0/0,27520:1747647671405:,1747647683215
counter/7/0/0/0,26136:1747647671223:,1747647683215
counter/4/0/0/0,22791:1747647669740:,1747647683215
counter/5/0/0/0,27061:1747647671650:,1747647683215
counter/1/0/0/0,23678:1747647670263:,1747647683215
counter/1/0/0/0,23679:1747647670263:,1747647683215
counter/1/0/0/0,23680:1747647670263:,1747647683215
counter/1/0/0/0,23681:1747647670263:,1747647683215
counter/1/0/0/0,23682:1747647670264:,1747647683215
counter/1/0/0/0,23683:1747647670264:,1747647683215
counter/1/0/0/0,23684:1747647670264:,1747647683215
counter/1/0/0/0,23685:1747647670264:,1747647683215
counter/1/0/0/0,23686:1747647670264:,1747647683215
counter/1/0/0/0,23687:1747647670266:,1747647683215
counter/1/0/0/0,23688:1747647670275:,1747647683215
counter/1/0/0/0,23689:1747647670275:,1747647683215
counter/1/0/0/0,23690:1747647670275:,1747647683215
counter/1/0/0/0,23691:1747647670275:,1747647683215
counter/1/0/0/0,23692:1747647670275:,1747647683215
counter/1/0/0/0,23693:1747647670276:,1747647683215
counter/6/0/0/0,26212:1747647672937:,1747647683215
counter/1/0/0/0,23694:1747647670276:,1747647683215
counter/4/0/0/0,22792:1747647669740:,1747647683215
counter/1/0/0/0,23695:1747647670276:,1747647683215
counter/7/0/0/0,26137:1747647671223:,1747647683215
counter/1/0/0/0,23696:1747647670276:,1747647683215
counter/5/0/0/0,27062:1747647671650:,1747647683215
counter/10/0/0/0,24368:1747647668194:,1747647683215
counter/1/0/0/0,23697:1747647670276:,1747647683215
counter/2/0/0/0,29086:1747647673481:,1747647683215
counter/1/0/0/0,23698:1747647670277:,1747647683215
counter/2/0/0/0,29087:1747647673481:,1747647683215
counter/2/0/0/0,29088:1747647673481:,1747647683215
counter/2/0/0/0,29089:1747647673481:,1747647683215
counter/2/0/0/0,29090:1747647673481:,1747647683215
counter/2/0/0/0,29091:1747647673481:,1747647683215
counter/2/0/0/0,29092:1747647673481:,1747647683215
counter/2/0/0/0,29093:1747647673481:,1747647683215
counter/2/0/0/0,29094:1747647673482:,1747647683216
counter/2/0/0/0,29095:1747647673482:,1747647683216
counter/2/0/0/0,29096:1747647673482:,1747647683216
counter/2/0/0/0,29097:1747647673482:,1747647683216
counter/2/0/0/0,29098:1747647673482:,1747647683216
counter/2/0/0/0,29099:1747647673482:,1747647683216
counter/2/0/0/0,29100:1747647673482:,1747647683216
counter/2/0/0/0,29101:1747647673482:,1747647683216
counter/2/0/0/0,29102:1747647673483:,1747647683216
counter/2/0/0/0,29103:1747647673483:,1747647683216
counter/2/0/0/0,29104:1747647673483:,1747647683216
counter/2/0/0/0,29105:1747647673483:,1747647683216
counter/2/0/0/0,29106:1747647673499:,1747647683216
counter/2/0/0/0,29107:1747647673502:,1747647683216
counter/2/0/0/0,29108:1747647673502:,1747647683216
counter/2/0/0/0,29109:1747647673502:,1747647683216
counter/2/0/0/0,29110:1747647673502:,1747647683216
counter/2/0/0/0,29111:1747647673502:,1747647683216
counter/2/0/0/0,29112:1747647673502:,1747647683216
counter/2/0/0/0,29113:1747647673505:,1747647683216
counter/2/0/0/0,29114:1747647673505:,1747647683216
counter/2/0/0/0,29115:1747647673505:,1747647683216
counter/2/0/0/0,29116:1747647673505:,1747647683216
counter/10/0/0/0,24369:1747647668194:,1747647683216
counter/2/0/0/0,29117:1747647673505:,1747647683216
counter/3/0/0/0,23281:1747647669746:,1747647683216
counter/2/0/0/0,29118:1747647673505:,1747647683216
counter/8/0/0/0,27521:1747647671405:,1747647683216
counter/6/0/0/0,26213:1747647672937:,1747647683216
counter/4/0/0/0,22793:1747647669740:,1747647683216
counter/4/0/0/0,22794:1747647669740:,1747647683216
counter/4/0/0/0,22795:1747647669740:,1747647683216
counter/4/0/0/0,22796:1747647669740:,1747647683216
counter/4/0/0/0,22797:1747647669740:,1747647683216
counter/4/0/0/0,22798:1747647669740:,1747647683216
counter/4/0/0/0,22799:1747647669740:,1747647683216
counter/4/0/0/0,22800:1747647669740:,1747647683216
counter/4/0/0/0,22801:1747647669740:,1747647683216
counter/4/0/0/0,22802:1747647669740:,1747647683216
counter/10/0/0/0,24370:1747647668194:,1747647683216
counter/4/0/0/0,22803:1747647669740:,1747647683216
counter/10/0/0/0,24371:1747647668194:,1747647683217
counter/4/0/0/0,22804:1747647669740:,1747647683217
counter/10/0/0/0,24372:1747647668194:,1747647683217
counter/10/0/0/0,24373:1747647668201:,1747647683217
counter/10/0/0/0,24374:1747647668201:,1747647683217
counter/10/0/0/0,24375:1747647668201:,1747647683217
counter/10/0/0/0,24376:1747647668201:,1747647683217
counter/10/0/0/0,24377:1747647668201:,1747647683217
counter/10/0/0/0,24378:1747647668201:,1747647683217
counter/10/0/0/0,24379:1747647668201:,1747647683217
counter/10/0/0/0,24380:1747647668205:,1747647683217
counter/7/0/0/0,26138:1747647671223:,1747647683217
counter/10/0/0/0,24381:1747647668205:,1747647683217
counter/2/0/0/0,29119:1747647673505:,1747647683217
counter/10/0/0/0,24382:1747647668205:,1747647683217
counter/4/0/0/0,22805:1747647669740:,1747647683217
counter/5/0/0/0,27063:1747647671650:,1747647683217
counter/1/0/0/0,23699:1747647670277:,1747647683217
counter/7/0/0/0,26139:1747647671223:,1747647683217
counter/2/0/0/0,29120:1747647673505:,1747647683217
counter/4/0/0/0,22806:1747647669740:,1747647683217
counter/5/0/0/0,27064:1747647671659:,1747647683217
counter/1/0/0/0,23700:1747647670277:,1747647683217
counter/3/0/0/0,23282:1747647669746:,1747647683217
counter/8/0/0/0,27522:1747647671409:,1747647683217
counter/6/0/0/0,26214:1747647672937:,1747647683217
counter/6/0/0/0,26215:1747647672937:,1747647683217
counter/10/0/0/0,24383:1747647668205:,1747647683217
counter/7/0/0/0,26140:1747647671223:,1747647683217
counter/4/0/0/0,22807:1747647669740:,1747647683217
counter/5/0/0/0,27065:1747647671659:,1747647683217
counter/1/0/0/0,23701:1747647670277:,1747647683217
counter/3/0/0/0,23283:1747647669746:,1747647683217
counter/7/0/0/0,26141:1747647671231:,1747647683217
counter/7/0/0/0,26142:1747647671231:,1747647683217
counter/7/0/0/0,26143:1747647671231:,1747647683217
counter/5/0/0/0,27066:1747647671659:,1747647683218
counter/1/0/0/0,23702:1747647670277:,1747647683218
counter/3/0/0/0,23284:1747647669746:,1747647683218
counter/8/0/0/0,27523:1747647671409:,1747647683218
counter/1/0/0/0,23703:1747647670278:,1747647683218
counter/3/0/0/0,23285:1747647669746:,1747647683218
counter/8/0/0/0,27524:1747647671409:,1747647683218
counter/10/0/0/0,24384:1747647668205:,1747647683218
counter/4/0/0/0,22808:1747647669740:,1747647683218
counter/7/0/0/0,26144:1747647671231:,1747647683218
counter/7/0/0/0,26145:1747647671231:,1747647683218
counter/4/0/0/0,22809:1747647669740:,1747647683218
counter/7/0/0/0,26146:1747647671231:,1747647683218
counter/5/0/0/0,27067:1747647671659:,1747647683218
counter/6/0/0/0,26216:1747647672937:,1747647683218
counter/1/0/0/0,23704:1747647670279:,1747647683218
counter/3/0/0/0,23286:1747647669746:,1747647683218
counter/8/0/0/0,27525:1747647671409:,1747647683218
counter/5/0/0/0,27068:1747647671665:,1747647683218
counter/7/0/0/0,26147:1747647671231:,1747647683218
counter/5/0/0/0,27069:1747647671667:,1747647683218
counter/5/0/0/0,27070:1747647671667:,1747647683218
counter/5/0/0/0,27071:1747647671667:,1747647683218
counter/5/0/0/0,27072:1747647671667:,1747647683218
counter/5/0/0/0,27073:1747647671667:,1747647683218
counter/5/0/0/0,27074:1747647671667:,1747647683218
counter/5/0/0/0,27075:1747647671667:,1747647683218
counter/5/0/0/0,27076:1747647671667:,1747647683218
counter/1/0/0/0,23705:1747647670279:,1747647683218
counter/5/0/0/0,27077:1747647671671:,1747647683218
counter/6/0/0/0,26217:1747647672937:,1747647683218
counter/3/0/0/0,23287:1747647669747:,1747647683218
counter/4/0/0/0,22810:1747647669740:,1747647683218
counter/10/0/0/0,24385:1747647668205:,1747647683218
counter/7/0/0/0,26148:1747647671231:,1747647683218
counter/8/0/0/0,27526:1747647671409:,1747647683218
counter/1/0/0/0,23706:1747647670279:,1747647683218
counter/6/0/0/0,26218:1747647672937:,1747647683219
counter/3/0/0/0,23288:1747647669747:,1747647683219
counter/4/0/0/0,22811:1747647669740:,1747647683219
counter/10/0/0/0,24386:1747647668206:,1747647683219
counter/8/0/0/0,27527:1747647671409:,1747647683219
counter/10/0/0/0,24387:1747647668207:,1747647683219
counter/6/0/0/0,26219:1747647672937:,1747647683219
counter/3/0/0/0,23289:1747647669747:,1747647683219
counter/4/0/0/0,22812:1747647669743:,1747647683219
counter/5/0/0/0,27078:1747647671671:,1747647683219
counter/8/0/0/0,27528:1747647671409:,1747647683219
counter/3/0/0/0,23290:1747647669747:,1747647683219
counter/4/0/0/0,22813:1747647669743:,1747647683219
counter/5/0/0/0,27079:1747647671671:,1747647683219
counter/7/0/0/0,26149:1747647671231:,1747647683219
counter/1/0/0/0,23707:1747647670279:,1747647683219
counter/6/0/0/0,26220:1747647672938:,1747647683219
counter/6/0/0/0,26221:1747647672938:,1747647683219
counter/10/0/0/0,24388:1747647668207:,1747647683219
counter/3/0/0/0,23291:1747647669747:,1747647683219
counter/4/0/0/0,22814:1747647669743:,1747647683219
counter/6/0/0/0,26222:1747647672939:,1747647683219
counter/5/0/0/0,27080:1747647671671:,1747647683219
counter/7/0/0/0,26150:1747647671231:,1747647683219
counter/1/0/0/0,23708:1747647670279:,1747647683219
counter/6/0/0/0,26223:1747647672940:,1747647683219
counter/7/0/0/0,26151:1747647671231:,1747647683219
counter/5/0/0/0,27081:1747647671671:,1747647683219
counter/6/0/0/0,26224:1747647672940:,1747647683219
counter/8/0/0/0,27529:1747647671409:,1747647683219
counter/3/0/0/0,23292:1747647669747:,1747647683219
counter/10/0/0/0,24389:1747647668207:,1747647683219
counter/4/0/0/0,22815:1747647669744:,1747647683219
counter/7/0/0/0,26152:1747647671231:,1747647683219
counter/7/0/0/0,26153:1747647671231:,1747647683219
counter/7/0/0/0,26154:1747647671232:,1747647683220
counter/7/0/0/0,26155:1747647671232:,1747647683220
counter/7/0/0/0,26156:1747647671232:,1747647683220
counter/7/0/0/0,26157:1747647671232:,1747647683220
counter/7/0/0/0,26158:1747647671243:,1747647683220
counter/7/0/0/0,26159:1747647671243:,1747647683220
counter/7/0/0/0,26160:1747647671243:,1747647683220
counter/7/0/0/0,26161:1747647671243:,1747647683220
counter/7/0/0/0,26162:1747647671243:,1747647683220
counter/7/0/0/0,26163:1747647671243:,1747647683220
counter/7/0/0/0,26164:1747647671243:,1747647683220
counter/7/0/0/0,26165:1747647671243:,1747647683220
counter/8/0/0/0,27530:1747647671409:,1747647683220
counter/7/0/0/0,26166:1747647671243:,1747647683220
counter/3/0/0/0,23293:1747647669747:,1747647683220
counter/5/0/0/0,27082:1747647671671:,1747647683220
counter/7/0/0/0,26167:1747647671243:,1747647683220
counter/4/0/0/0,22816:1747647669744:,1747647683220
counter/7/0/0/0,26168:1747647671244:,1747647683220
counter/7/0/0/0,26169:1747647671244:,1747647683220
counter/4/0/0/0,22817:1747647669744:,1747647683220
counter/4/0/0/0,22818:1747647669744:,1747647683220
counter/4/0/0/0,22819:1747647669744:,1747647683220
counter/4/0/0/0,22820:1747647669744:,1747647683220
counter/10/0/0/0,24390:1747647668207:,1747647683220
counter/4/0/0/0,22821:1747647669744:,1747647683220
counter/10/0/0/0,24391:1747647668207:,1747647683220
counter/7/0/0/0,26170:1747647671244:,1747647683220
counter/4/0/0/0,22822:1747647669744:,1747647683220
counter/10/0/0/0,24392:1747647668208:,1747647683220
counter/4/0/0/0,22823:1747647669744:,1747647683220
counter/10/0/0/0,24393:1747647668208:,1747647683220
counter/4/0/0/0,22824:1747647669744:,1747647683220
counter/10/0/0/0,24394:1747647668208:,1747647683220
counter/4/0/0/0,22825:1747647669744:,1747647683220
counter/10/0/0/0,24395:1747647668209:,1747647683220
counter/4/0/0/0,22826:1747647669744:,1747647683220
counter/10/0/0/0,24396:1747647668209:,1747647683220
counter/10/0/0/0,24397:1747647668209:,1747647683220
counter/10/0/0/0,24398:1747647668209:,1747647683220
counter/10/0/0/0,24399:1747647668209:,1747647683221
counter/10/0/0/0,24400:1747647668209:,1747647683221
counter/10/0/0/0,24401:1747647668209:,1747647683221
counter/10/0/0/0,24402:1747647668209:,1747647683221
counter/10/0/0/0,24403:1747647668209:,1747647683221
counter/5/0/0/0,27083:1747647671671:,1747647683221
counter/10/0/0/0,24404:1747647668214:,1747647683221
counter/10/0/0/0,24405:1747647668214:,1747647683221
counter/8/0/0/0,27531:1747647671410:,1747647683221
counter/10/0/0/0,24406:1747647668214:,1747647683221
counter/4/0/0/0,22827:1747647669744:,1747647683221
counter/10/0/0/0,24407:1747647668214:,1747647683221
counter/4/0/0/0,22828:1747647669752:,1747647683221
counter/10/0/0/0,24408:1747647668214:,1747647683221
counter/4/0/0/0,22829:1747647669752:,1747647683221
counter/10/0/0/0,24409:1747647668214:,1747647683221
counter/4/0/0/0,22830:1747647669752:,1747647683221
counter/10/0/0/0,24410:1747647668214:,1747647683221
counter/4/0/0/0,22831:1747647669752:,1747647683221
counter/4/0/0/0,22832:1747647669752:,1747647683221
counter/4/0/0/0,22833:1747647669752:,1747647683221
counter/4/0/0/0,22834:1747647669753:,1747647683221
counter/4/0/0/0,22835:1747647669753:,1747647683221
counter/4/0/0/0,22836:1747647669753:,1747647683221
counter/4/0/0/0,22837:1747647669753:,1747647683221
counter/4/0/0/0,22838:1747647669753:,1747647683221
counter/4/0/0/0,22839:1747647669753:,1747647683221
counter/2/0/0/0,29121:1747647673505:,1747647683221
counter/7/0/0/0,26171:1747647671244:,1747647683221
counter/4/0/0/0,22840:1747647669757:,1747647683221
counter/3/0/0/0,23294:1747647669748:,1747647683221
counter/5/0/0/0,27084:1747647671671:,1747647683221
counter/4/0/0/0,22841:1747647669759:,1747647683221
counter/6/0/0/0,26225:1747647672940:,1747647683221
counter/10/0/0/0,24411:1747647668214:,1747647683221
counter/4/0/0/0,22842:1747647669759:,1747647683221
counter/4/0/0/0,22843:1747647669759:,1747647683221
counter/8/0/0/0,27532:1747647671410:,1747647683221
counter/1/0/0/0,23709:1747647670279:,1747647683222
counter/8/0/0/0,27533:1747647671410:,1747647683222
counter/8/0/0/0,27534:1747647671410:,1747647683222
counter/8/0/0/0,27535:1747647671410:,1747647683222
counter/8/0/0/0,27536:1747647671410:,1747647683222
counter/8/0/0/0,27537:1747647671410:,1747647683222
counter/8/0/0/0,27538:1747647671410:,1747647683222
counter/8/0/0/0,27539:1747647671410:,1747647683222
counter/8/0/0/0,27540:1747647671424:,1747647683222
counter/8/0/0/0,27541:1747647671424:,1747647683222
counter/8/0/0/0,27542:1747647671424:,1747647683222
counter/8/0/0/0,27543:1747647671424:,1747647683222
counter/8/0/0/0,27544:1747647671424:,1747647683222
counter/8/0/0/0,27545:1747647671424:,1747647683222
counter/8/0/0/0,27546:1747647671424:,1747647683222
counter/8/0/0/0,27547:1747647671424:,1747647683222
counter/8/0/0/0,27548:1747647671424:,1747647683222
counter/8/0/0/0,27549:1747647671429:,1747647683222
counter/8/0/0/0,27550:1747647671429:,1747647683222
counter/8/0/0/0,27551:1747647671429:,1747647683222
counter/8/0/0/0,27552:1747647671429:,1747647683222
counter/2/0/0/0,29122:1747647673505:,1747647683222
counter/8/0/0/0,27553:1747647671429:,1747647683222
counter/2/0/0/0,29123:1747647673505:,1747647683222
counter/10/0/0/0,24412:1747647668214:,1747647683222
counter/8/0/0/0,27554:1747647671429:,1747647683222
counter/2/0/0/0,29124:1747647673505:,1747647683222
counter/2/0/0/0,29125:1747647673508:,1747647683222
counter/2/0/0/0,29126:1747647673510:,1747647683222
counter/2/0/0/0,29127:1747647673510:,1747647683222
counter/2/0/0/0,29128:1747647673510:,1747647683222
counter/2/0/0/0,29129:1747647673511:,1747647683222
counter/2/0/0/0,29130:1747647673511:,1747647683222
counter/2/0/0/0,29131:1747647673512:,1747647683222
counter/2/0/0/0,29132:1747647673512:,1747647683222
counter/2/0/0/0,29133:1747647673518:,1747647683222
counter/2/0/0/0,29134:1747647673518:,1747647683223
counter/2/0/0/0,29135:1747647673518:,1747647683223
counter/2/0/0/0,29136:1747647673518:,1747647683223
counter/2/0/0/0,29137:1747647673518:,1747647683223
counter/2/0/0/0,29138:1747647673518:,1747647683223
counter/2/0/0/0,29139:1747647673525:,1747647683223
counter/2/0/0/0,29140:1747647673525:,1747647683223
counter/2/0/0/0,29141:1747647673525:,1747647683223
counter/2/0/0/0,29142:1747647673525:,1747647683223
counter/2/0/0/0,29143:1747647673525:,1747647683223
counter/2/0/0/0,29144:1747647673525:,1747647683223
counter/2/0/0/0,29145:1747647673525:,1747647683223
counter/2/0/0/0,29146:1747647673525:,1747647683223
counter/2/0/0/0,29147:1747647673525:,1747647683223
counter/2/0/0/0,29148:1747647673525:,1747647683223
counter/2/0/0/0,29149:1747647673525:,1747647683223
counter/2/0/0/0,29150:1747647673525:,1747647683223
counter/2/0/0/0,29151:1747647673525:,1747647683223
counter/2/0/0/0,29152:1747647673525:,1747647683223
counter/2/0/0/0,29153:1747647673525:,1747647683223
counter/2/0/0/0,29154:1747647673536:,1747647683223
counter/2/0/0/0,29155:1747647673536:,1747647683223
counter/2/0/0/0,29156:1747647673536:,1747647683223
counter/2/0/0/0,29157:1747647673536:,1747647683223
counter/2/0/0/0,29158:1747647673536:,1747647683223
counter/2/0/0/0,29159:1747647673536:,1747647683223
counter/2/0/0/0,29160:1747647673540:,1747647683223
counter/2/0/0/0,29161:1747647673559:,1747647683223
counter/2/0/0/0,29162:1747647673559:,1747647683223
counter/2/0/0/0,29163:1747647673559:,1747647683223
counter/2/0/0/0,29164:1747647673567:,1747647683223
counter/2/0/0/0,29165:1747647673567:,1747647683223
counter/2/0/0/0,29166:1747647673567:,1747647683223
counter/2/0/0/0,29167:1747647673567:,1747647683223
counter/2/0/0/0,29168:1747647673567:,1747647683223
counter/2/0/0/0,29169:1747647673567:,1747647683223
counter/2/0/0/0,29170:1747647673567:,1747647683223
counter/2/0/0/0,29171:1747647673567:,1747647683223
counter/2/0/0/0,29172:1747647673567:,1747647683223
counter/2/0/0/0,29173:1747647673567:,1747647683224
counter/2/0/0/0,29174:1747647673567:,1747647683224
counter/2/0/0/0,29175:1747647673567:,1747647683224
counter/2/0/0/0,29176:1747647673567:,1747647683224
counter/2/0/0/0,29177:1747647673567:,1747647683224
counter/2/0/0/0,29178:1747647673567:,1747647683224
counter/2/0/0/0,29179:1747647673567:,1747647683224
counter/2/0/0/0,29180:1747647673567:,1747647683224
counter/2/0/0/0,29181:1747647673567:,1747647683224
counter/2/0/0/0,29182:1747647673576:,1747647683224
counter/2/0/0/0,29183:1747647673576:,1747647683224
counter/2/0/0/0,29184:1747647673576:,1747647683224
counter/2/0/0/0,29185:1747647673576:,1747647683224
counter/2/0/0/0,29186:1747647673576:,1747647683224
counter/2/0/0/0,29187:1747647673576:,1747647683224
counter/2/0/0/0,29188:1747647673576:,1747647683224
counter/2/0/0/0,29189:1747647673576:,1747647683224
counter/2/0/0/0,29190:1747647673581:,1747647683224
counter/2/0/0/0,29191:1747647673581:,1747647683224
counter/2/0/0/0,29192:1747647673581:,1747647683224
counter/2/0/0/0,29193:1747647673581:,1747647683224
counter/2/0/0/0,29194:1747647673581:,1747647683224
counter/2/0/0/0,29195:1747647673581:,1747647683224
counter/2/0/0/0,29196:1747647673581:,1747647683224
counter/2/0/0/0,29197:1747647673581:,1747647683224
counter/2/0/0/0,29198:1747647673581:,1747647683224
counter/2/0/0/0,29199:1747647673581:,1747647683224
counter/2/0/0/0,29200:1747647673581:,1747647683224
counter/2/0/0/0,29201:1747647673581:,1747647683224
counter/2/0/0/0,29202:1747647673581:,1747647683224
counter/2/0/0/0,29203:1747647673581:,1747647683224
counter/2/0/0/0,29204:1747647673581:,1747647683224
counter/2/0/0/0,29205:1747647673581:,1747647683224
counter/2/0/0/0,29206:1747647673581:,1747647683224
counter/2/0/0/0,29207:1747647673589:,1747647683224
counter/2/0/0/0,29208:1747647673589:,1747647683224
counter/2/0/0/0,29209:1747647673589:,1747647683224
counter/10/0/0/0,24413:1747647668214:,1747647683224
counter/2/0/0/0,29210:1747647673589:,1747647683224
counter/6/0/0/0,26226:1747647672940:,1747647683224
counter/1/0/0/0,23710:1747647670279:,1747647683225
counter/2/0/0/0,29211:1747647673589:,1747647683225
counter/1/0/0/0,23711:1747647670279:,1747647683225
counter/2/0/0/0,29212:1747647673589:,1747647683225
counter/1/0/0/0,23712:1747647670279:,1747647683225
counter/2/0/0/0,29213:1747647673589:,1747647683225
counter/1/0/0/0,23713:1747647670279:,1747647683225
counter/2/0/0/0,29214:1747647673589:,1747647683225
counter/1/0/0/0,23714:1747647670279:,1747647683225
counter/2/0/0/0,29215:1747647673589:,1747647683225
counter/1/0/0/0,23715:1747647670279:,1747647683225
counter/6/0/0/0,26227:1747647672940:,1747647683225
counter/2/0/0/0,29216:1747647673589:,1747647683225
counter/1/0/0/0,23716:1747647670281:,1747647683225
counter/8/0/0/0,27555:1747647671429:,1747647683225
counter/2/0/0/0,29217:1747647673589:,1747647683225
counter/1/0/0/0,23717:1747647670281:,1747647683225
counter/8/0/0/0,27556:1747647671432:,1747647683225
counter/2/0/0/0,29218:1747647673589:,1747647683225
counter/1/0/0/0,23718:1747647670281:,1747647683225
counter/8/0/0/0,27557:1747647671432:,1747647683225
counter/2/0/0/0,29219:1747647673589:,1747647683225
counter/8/0/0/0,27558:1747647671432:,1747647683225
counter/10/0/0/0,24414:1747647668214:,1747647683225
counter/6/0/0/0,26228:1747647672940:,1747647683225
counter/8/0/0/0,27559:1747647671432:,1747647683225
counter/6/0/0/0,26229:1747647672940:,1747647683225
counter/8/0/0/0,27560:1747647671433:,1747647683225
counter/6/0/0/0,26230:1747647672940:,1747647683225
counter/8/0/0/0,27561:1747647671433:,1747647683225
counter/6/0/0/0,26231:1747647672940:,1747647683225
counter/8/0/0/0,27562:1747647671433:,1747647683225
counter/6/0/0/0,26232:1747647672940:,1747647683225
counter/6/0/0/0,26233:1747647672940:,1747647683225
counter/6/0/0/0,26234:1747647672940:,1747647683225
counter/6/0/0/0,26235:1747647672940:,1747647683226
counter/6/0/0/0,26236:1747647672940:,1747647683226
counter/6/0/0/0,26237:1747647672940:,1747647683226
counter/6/0/0/0,26238:1747647672940:,1747647683226
counter/6/0/0/0,26239:1747647672940:,1747647683226
counter/6/0/0/0,26240:1747647672940:,1747647683226
counter/6/0/0/0,26241:1747647672940:,1747647683226
counter/6/0/0/0,26242:1747647672940:,1747647683226
counter/6/0/0/0,26243:1747647672940:,1747647683226
counter/6/0/0/0,26244:1747647672940:,1747647683226
counter/6/0/0/0,26245:1747647672940:,1747647683226
counter/6/0/0/0,26246:1747647672940:,1747647683226
counter/6/0/0/0,26247:1747647672940:,1747647683226
counter/2/0/0/0,29220:1747647673596:,1747647683226
counter/6/0/0/0,26248:1747647672940:,1747647683226
counter/2/0/0/0,29221:1747647673596:,1747647683226
counter/8/0/0/0,27563:1747647671433:,1747647683226
counter/6/0/0/0,26249:1747647672940:,1747647683226
counter/2/0/0/0,29222:1747647673596:,1747647683226
counter/6/0/0/0,26250:1747647672940:,1747647683226
counter/2/0/0/0,29223:1747647673596:,1747647683226
counter/6/0/0/0,26251:1747647672942:,1747647683226
counter/2/0/0/0,29224:1747647673596:,1747647683226
counter/6/0/0/0,26252:1747647672942:,1747647683226
counter/2/0/0/0,29225:1747647673596:,1747647683226
counter/6/0/0/0,26253:1747647672942:,1747647683226
counter/2/0/0/0,29226:1747647673604:,1747647683226
counter/6/0/0/0,26254:1747647672943:,1747647683226
counter/2/0/0/0,29227:1747647673620:,1747647683226
counter/6/0/0/0,26255:1747647672943:,1747647683226
counter/2/0/0/0,29228:1747647673620:,1747647683226
counter/6/0/0/0,26256:1747647672943:,1747647683226
counter/2/0/0/0,29229:1747647673620:,1747647683226
counter/2/0/0/0,29230:1747647673620:,1747647683226
counter/2/0/0/0,29231:1747647673620:,1747647683226
counter/2/0/0/0,29232:1747647673620:,1747647683226
counter/2/0/0/0,29233:1747647673620:,1747647683226
counter/2/0/0/0,29234:1747647673621:,1747647683226
counter/2/0/0/0,29235:1747647673621:,1747647683227
counter/2/0/0/0,29236:1747647673621:,1747647683227
counter/2/0/0/0,29237:1747647673621:,1747647683227
counter/2/0/0/0,29238:1747647673621:,1747647683227
counter/2/0/0/0,29239:1747647673621:,1747647683227
counter/2/0/0/0,29240:1747647673621:,1747647683227
counter/2/0/0/0,29241:1747647673621:,1747647683227
counter/2/0/0/0,29242:1747647673621:,1747647683227
counter/2/0/0/0,29243:1747647673622:,1747647683227
counter/2/0/0/0,29244:1747647673622:,1747647683227
counter/2/0/0/0,29245:1747647673622:,1747647683227
counter/2/0/0/0,29246:1747647673622:,1747647683227
counter/2/0/0/0,29247:1747647673622:,1747647683227
counter/2/0/0/0,29248:1747647673622:,1747647683227
counter/2/0/0/0,29249:1747647673622:,1747647683227
counter/2/0/0/0,29250:1747647673622:,1747647683227
counter/2/0/0/0,29251:1747647673622:,1747647683227
counter/2/0/0/0,29252:1747647673622:,1747647683227
counter/2/0/0/0,29253:1747647673627:,1747647683227
counter/2/0/0/0,29254:1747647673627:,1747647683227
counter/2/0/0/0,29255:1747647673627:,1747647683227
counter/2/0/0/0,29256:1747647673627:,1747647683227
counter/2/0/0/0,29257:1747647673627:,1747647683227
counter/2/0/0/0,29258:1747647673627:,1747647683227
counter/2/0/0/0,29259:1747647673627:,1747647683227
counter/2/0/0/0,29260:1747647673627:,1747647683227
counter/2/0/0/0,29261:1747647673627:,1747647683227
counter/2/0/0/0,29262:1747647673627:,1747647683227
counter/2/0/0/0,29263:1747647673627:,1747647683227
counter/2/0/0/0,29264:1747647673627:,1747647683227
counter/2/0/0/0,29265:1747647673627:,1747647683227
counter/2/0/0/0,29266:1747647673627:,1747647683227
counter/2/0/0/0,29267:1747647673627:,1747647683227
counter/2/0/0/0,29268:1747647673627:,1747647683227
counter/2/0/0/0,29269:1747647673627:,1747647683228
counter/2/0/0/0,29270:1747647673627:,1747647683228
counter/2/0/0/0,29271:1747647673627:,1747647683228
counter/2/0/0/0,29272:1747647673627:,1747647683228
counter/2/0/0/0,29273:1747647673627:,1747647683228
counter/2/0/0/0,29274:1747647673627:,1747647683228
counter/2/0/0/0,29275:1747647673627:,1747647683228
counter/2/0/0/0,29276:1747647673627:,1747647683228
counter/2/0/0/0,29277:1747647673627:,1747647683228
counter/2/0/0/0,29278:1747647673627:,1747647683228
counter/2/0/0/0,29279:1747647673627:,1747647683228
counter/2/0/0/0,29280:1747647673627:,1747647683228
counter/2/0/0/0,29281:1747647673627:,1747647683228
counter/2/0/0/0,29282:1747647673627:,1747647683228
counter/2/0/0/0,29283:1747647673627:,1747647683228
counter/2/0/0/0,29284:1747647673629:,1747647683228
counter/2/0/0/0,29285:1747647673629:,1747647683228
counter/2/0/0/0,29286:1747647673629:,1747647683228
counter/2/0/0/0,29287:1747647673629:,1747647683228
counter/2/0/0/0,29288:1747647673629:,1747647683228
counter/2/0/0/0,29289:1747647673630:,1747647683228
counter/2/0/0/0,29290:1747647673630:,1747647683228
counter/2/0/0/0,29291:1747647673630:,1747647683228
counter/2/0/0/0,29292:1747647673630:,1747647683228
counter/2/0/0/0,29293:1747647673630:,1747647683228
counter/2/0/0/0,29294:1747647673630:,1747647683228
counter/2/0/0/0,29295:1747647673630:,1747647683228
counter/2/0/0/0,29296:1747647673630:,1747647683228
counter/2/0/0/0,29297:1747647673630:,1747647683228
counter/2/0/0/0,29298:1747647673630:,1747647683228
counter/2/0/0/0,29299:1747647673639:,1747647683228
counter/2/0/0/0,29300:1747647673639:,1747647683228
counter/2/0/0/0,29301:1747647673639:,1747647683228
counter/2/0/0/0,29302:1747647673639:,1747647683228
counter/2/0/0/0,29303:1747647673643:,1747647683228
counter/2/0/0/0,29304:1747647673643:,1747647683228
counter/2/0/0/0,29305:1747647673643:,1747647683228
counter/2/0/0/0,29306:1747647673643:,1747647683228
counter/2/0/0/0,29307:1747647673643:,1747647683228
counter/2/0/0/0,29308:1747647673643:,1747647683229
counter/2/0/0/0,29309:1747647673643:,1747647683229
counter/2/0/0/0,29310:1747647673643:,1747647683229
counter/2/0/0/0,29311:1747647673643:,1747647683229
counter/2/0/0/0,29312:1747647673643:,1747647683229
counter/2/0/0/0,29313:1747647673643:,1747647683229
counter/2/0/0/0,29314:1747647673643:,1747647683229
counter/2/0/0/0,29315:1747647673643:,1747647683229
counter/2/0/0/0,29316:1747647673643:,1747647683229
counter/2/0/0/0,29317:1747647673643:,1747647683229
counter/2/0/0/0,29318:1747647673643:,1747647683229
counter/2/0/0/0,29319:1747647673643:,1747647683229
counter/2/0/0/0,29320:1747647673643:,1747647683229
counter/2/0/0/0,29321:1747647673643:,1747647683229
counter/2/0/0/0,29322:1747647673643:,1747647683229
counter/2/0/0/0,29323:1747647673643:,1747647683229
counter/2/0/0/0,29324:1747647673643:,1747647683229
counter/2/0/0/0,29325:1747647673643:,1747647683229
counter/2/0/0/0,29326:1747647673643:,1747647683229
counter/2/0/0/0,29327:1747647673643:,1747647683229
counter/2/0/0/0,29328:1747647673644:,1747647683229
counter/2/0/0/0,29329:1747647673644:,1747647683229
counter/2/0/0/0,29330:1747647673644:,1747647683229
counter/2/0/0/0,29331:1747647673644:,1747647683229
counter/2/0/0/0,29332:1747647673644:,1747647683229
counter/2/0/0/0,29333:1747647673644:,1747647683229
counter/2/0/0/0,29334:1747647673644:,1747647683229
counter/2/0/0/0,29335:1747647673644:,1747647683229
counter/2/0/0/0,29336:1747647673644:,1747647683229
counter/2/0/0/0,29337:1747647673644:,1747647683229
counter/2/0/0/0,29338:1747647673644:,1747647683229
counter/2/0/0/0,29339:1747647673644:,1747647683229
counter/2/0/0/0,29340:1747647673644:,1747647683229
counter/2/0/0/0,29341:1747647673644:,1747647683229
counter/2/0/0/0,29342:1747647673644:,1747647683229
counter/2/0/0/0,29343:1747647673644:,1747647683229
counter/2/0/0/0,29344:1747647673644:,1747647683229
counter/2/0/0/0,29345:1747647673644:,1747647683229
counter/2/0/0/0,29346:1747647673644:,1747647683229
counter/2/0/0/0,29347:1747647673644:,1747647683229
counter/2/0/0/0,29348:1747647673644:,1747647683230
counter/2/0/0/0,29349:1747647673644:,1747647683230
counter/2/0/0/0,29350:1747647673644:,1747647683230
counter/2/0/0/0,29351:1747647673644:,1747647683230
counter/2/0/0/0,29352:1747647673644:,1747647683230
counter/2/0/0/0,29353:1747647673644:,1747647683230
counter/2/0/0/0,29354:1747647673644:,1747647683230
counter/2/0/0/0,29355:1747647673644:,1747647683230
counter/2/0/0/0,29356:1747647673644:,1747647683230
counter/2/0/0/0,29357:1747647673644:,1747647683230
counter/2/0/0/0,29358:1747647673644:,1747647683230
counter/2/0/0/0,29359:1747647673644:,1747647683230
counter/2/0/0/0,29360:1747647673644:,1747647683230
counter/2/0/0/0,29361:1747647673656:,1747647683230
counter/2/0/0/0,29362:1747647673656:,1747647683230
counter/2/0/0/0,29363:1747647673656:,1747647683230
counter/2/0/0/0,29364:1747647673656:,1747647683230
counter/2/0/0/0,29365:1747647673656:,1747647683230
counter/2/0/0/0,29366:1747647673656:,1747647683230
counter/2/0/0/0,29367:1747647673656:,1747647683230
counter/2/0/0/0,29368:1747647673658:,1747647683230
counter/2/0/0/0,29369:1747647673658:,1747647683230
counter/2/0/0/0,29370:1747647673658:,1747647683230
counter/2/0/0/0,29371:1747647673658:,1747647683230
counter/2/0/0/0,29372:1747647673658:,1747647683230
counter/2/0/0/0,29373:1747647673658:,1747647683230
counter/2/0/0/0,29374:1747647673658:,1747647683230
counter/2/0/0/0,29375:1747647673658:,1747647683230
counter/2/0/0/0,29376:1747647673658:,1747647683230
counter/2/0/0/0,29377:1747647673658:,1747647683230
counter/2/0/0/0,29378:1747647673658:,1747647683230
counter/2/0/0/0,29379:1747647673658:,1747647683230
counter/2/0/0/0,29380:1747647673658:,1747647683230
counter/2/0/0/0,29381:1747647673658:,1747647683230
counter/2/0/0/0,29382:1747647673658:,1747647683230
counter/2/0/0/0,29383:1747647673658:,1747647683230
counter/2/0/0/0,29384:1747647673661:,1747647683231
counter/2/0/0/0,29385:1747647673666:,1747647683231
counter/2/0/0/0,29386:1747647673666:,1747647683231
counter/2/0/0/0,29387:1747647673666:,1747647683231
counter/2/0/0/0,29388:1747647673666:,1747647683231
counter/2/0/0/0,29389:1747647673666:,1747647683231
counter/2/0/0/0,29390:1747647673666:,1747647683231
counter/2/0/0/0,29391:1747647673682:,1747647683231
counter/2/0/0/0,29392:1747647673682:,1747647683231
counter/2/0/0/0,29393:1747647673682:,1747647683231
counter/2/0/0/0,29394:1747647673682:,1747647683231
counter/2/0/0/0,29395:1747647673682:,1747647683231
counter/2/0/0/0,29396:1747647673682:,1747647683231
counter/2/0/0/0,29397:1747647673682:,1747647683231
counter/2/0/0/0,29398:1747647673682:,1747647683231
counter/2/0/0/0,29399:1747647673682:,1747647683231
counter/2/0/0/0,29400:1747647673682:,1747647683231
counter/2/0/0/0,29401:1747647673682:,1747647683231
counter/2/0/0/0,29402:1747647673682:,1747647683231
counter/2/0/0/0,29403:1747647673682:,1747647683231
counter/2/0/0/0,29404:1747647673682:,1747647683231
counter/2/0/0/0,29405:1747647673682:,1747647683231
counter/2/0/0/0,29406:1747647673683:,1747647683231
counter/2/0/0/0,29407:1747647673684:,1747647683231
counter/2/0/0/0,29408:1747647673698:,1747647683231
counter/2/0/0/0,29409:1747647673698:,1747647683231
counter/2/0/0/0,29410:1747647673698:,1747647683231
counter/2/0/0/0,29411:1747647673698:,1747647683231
counter/2/0/0/0,29412:1747647673698:,1747647683231
counter/2/0/0/0,29413:1747647673698:,1747647683231
counter/2/0/0/0,29414:1747647673698:,1747647683231
counter/2/0/0/0,29415:1747647673698:,1747647683231
counter/2/0/0/0,29416:1747647673698:,1747647683231
counter/2/0/0/0,29417:1747647673698:,1747647683231
counter/2/0/0/0,29418:1747647673700:,1747647683231
counter/2/0/0/0,29419:1747647673700:,1747647683231
counter/2/0/0/0,29420:1747647673700:,1747647683231
counter/2/0/0/0,29421:1747647673700:,1747647683231
counter/2/0/0/0,29422:1747647673700:,1747647683231
counter/2/0/0/0,29423:1747647673700:,1747647683231
counter/2/0/0/0,29424:1747647673706:,1747647683231
counter/2/0/0/0,29425:1747647673706:,1747647683232
counter/2/0/0/0,29426:1747647673706:,1747647683232
counter/2/0/0/0,29427:1747647673706:,1747647683232
counter/2/0/0/0,29428:1747647673706:,1747647683232
counter/2/0/0/0,29429:1747647673706:,1747647683232
counter/2/0/0/0,29430:1747647673706:,1747647683232
counter/3/0/0/0,23295:1747647669750:,1747647683232
counter/1/0/0/0,23719:1747647670281:,1747647683232
counter/3/0/0/0,23296:1747647669751:,1747647683232
counter/3/0/0/0,23297:1747647669751:,1747647683232
counter/3/0/0/0,23298:1747647669751:,1747647683232
counter/3/0/0/0,23299:1747647669751:,1747647683232
counter/3/0/0/0,23300:1747647669751:,1747647683232
counter/3/0/0/0,23301:1747647669751:,1747647683232
counter/3/0/0/0,23302:1747647669751:,1747647683232
counter/3/0/0/0,23303:1747647669751:,1747647683232
counter/3/0/0/0,23304:1747647669751:,1747647683232
counter/3/0/0/0,23305:1747647669751:,1747647683232
counter/10/0/0/0,24415:1747647668214:,1747647683232
counter/3/0/0/0,23306:1747647669751:,1747647683232
counter/8/0/0/0,27564:1747647671433:,1747647683232
counter/3/0/0/0,23307:1747647669751:,1747647683232
counter/3/0/0/0,23308:1747647669751:,1747647683232
counter/8/0/0/0,27565:1747647671433:,1747647683232
counter/6/0/0/0,26257:1747647672943:,1747647683232
counter/1/0/0/0,23720:1747647670286:,1747647683232
counter/7/0/0/0,26172:1747647671244:,1747647683232
counter/4/0/0/0,22844:1747647669759:,1747647683232
counter/3/0/0/0,23309:1747647669751:,1747647683232
counter/5/0/0/0,27085:1747647671671:,1747647683232
counter/1/0/0/0,23721:1747647670289:,1747647683232
counter/7/0/0/0,26173:1747647671244:,1747647683232
counter/4/0/0/0,22845:1747647669759:,1747647683232
counter/3/0/0/0,23310:1747647669751:,1747647683232
counter/5/0/0/0,27086:1747647671671:,1747647683232
counter/6/0/0/0,26258:1747647672943:,1747647683232
counter/8/0/0/0,27566:1747647671433:,1747647683232
counter/7/0/0/0,26174:1747647671244:,1747647683232
counter/4/0/0/0,22846:1747647669759:,1747647683232
counter/3/0/0/0,23311:1747647669751:,1747647683233
counter/3/0/0/0,23312:1747647669751:,1747647683233
counter/3/0/0/0,23313:1747647669751:,1747647683233
counter/3/0/0/0,23314:1747647669751:,1747647683233
counter/3/0/0/0,23315:1747647669751:,1747647683233
counter/3/0/0/0,23316:1747647669751:,1747647683233
counter/3/0/0/0,23317:1747647669751:,1747647683233
counter/3/0/0/0,23318:1747647669751:,1747647683233
counter/3/0/0/0,23319:1747647669751:,1747647683233
counter/3/0/0/0,23320:1747647669755:,1747647683233
counter/3/0/0/0,23321:1747647669755:,1747647683233
counter/3/0/0/0,23322:1747647669755:,1747647683233
counter/3/0/0/0,23323:1747647669755:,1747647683233
counter/3/0/0/0,23324:1747647669755:,1747647683233
counter/3/0/0/0,23325:1747647669755:,1747647683233
counter/3/0/0/0,23326:1747647669755:,1747647683233
counter/3/0/0/0,23327:1747647669755:,1747647683233
counter/3/0/0/0,23328:1747647669755:,1747647683233
counter/3/0/0/0,23329:1747647669755:,1747647683233
counter/3/0/0/0,23330:1747647669755:,1747647683233
counter/3/0/0/0,23331:1747647669755:,1747647683233
counter/3/0/0/0,23332:1747647669755:,1747647683233
counter/3/0/0/0,23333:1747647669756:,1747647683233
counter/3/0/0/0,23334:1747647669757:,1747647683233
counter/3/0/0/0,23335:1747647669757:,1747647683233
counter/3/0/0/0,23336:1747647669757:,1747647683233
counter/3/0/0/0,23337:1747647669757:,1747647683233
counter/3/0/0/0,23338:1747647669757:,1747647683233
counter/3/0/0/0,23339:1747647669757:,1747647683233
counter/7/0/0/0,26175:1747647671244:,1747647683233
counter/3/0/0/0,23340:1747647669757:,1747647683233
counter/3/0/0/0,23341:1747647669760:,1747647683233
counter/3/0/0/0,23342:1747647669760:,1747647683233
counter/3/0/0/0,23343:1747647669760:,1747647683233
counter/3/0/0/0,23344:1747647669760:,1747647683233
counter/3/0/0/0,23345:1747647669760:,1747647683233
counter/3/0/0/0,23346:1747647669766:,1747647683233
counter/3/0/0/0,23347:1747647669766:,1747647683233
counter/3/0/0/0,23348:1747647669766:,1747647683233
counter/3/0/0/0,23349:1747647669766:,1747647683233
counter/3/0/0/0,23350:1747647669766:,1747647683234
counter/3/0/0/0,23351:1747647669766:,1747647683234
counter/3/0/0/0,23352:1747647669766:,1747647683234
counter/3/0/0/0,23353:1747647669766:,1747647683234
counter/7/0/0/0,26176:1747647671257:,1747647683234
counter/1/0/0/0,23722:1747647670289:,1747647683234
counter/5/0/0/0,27087:1747647671671:,1747647683234
counter/5/0/0/0,27088:1747647671671:,1747647683234
counter/6/0/0/0,26259:1747647672943:,1747647683234
counter/3/0/0/0,23354:1747647669775:,1747647683234
counter/5/0/0/0,27089:1747647671671:,1747647683234
counter/6/0/0/0,26260:1747647672943:,1747647683234
counter/3/0/0/0,23355:1747647669776:,1747647683234
counter/6/0/0/0,26261:1747647672943:,1747647683234
counter/6/0/0/0,26262:1747647672943:,1747647683234
counter/6/0/0/0,26263:1747647672943:,1747647683234
counter/6/0/0/0,26264:1747647672943:,1747647683234
counter/6/0/0/0,26265:1747647672943:,1747647683234
counter/6/0/0/0,26266:1747647672943:,1747647683234
counter/6/0/0/0,26267:1747647672960:,1747647683234
counter/6/0/0/0,26268:1747647672961:,1747647683234
counter/6/0/0/0,26269:1747647672961:,1747647683234
counter/6/0/0/0,26270:1747647672961:,1747647683234
counter/6/0/0/0,26271:1747647672961:,1747647683234
counter/6/0/0/0,26272:1747647672961:,1747647683234
counter/6/0/0/0,26273:1747647672961:,1747647683234
counter/6/0/0/0,26274:1747647672968:,1747647683234
counter/6/0/0/0,26275:1747647672968:,1747647683234
counter/6/0/0/0,26276:1747647672971:,1747647683234
counter/6/0/0/0,26277:1747647672971:,1747647683234
counter/6/0/0/0,26278:1747647672972:,1747647683234
counter/6/0/0/0,26279:1747647672972:,1747647683234
counter/6/0/0/0,26280:1747647672972:,1747647683234
counter/6/0/0/0,26281:1747647672972:,1747647683234
counter/6/0/0/0,26282:1747647672972:,1747647683234
counter/6/0/0/0,26283:1747647672972:,1747647683234
counter/6/0/0/0,26284:1747647672972:,1747647683234
counter/6/0/0/0,26285:1747647672972:,1747647683234
counter/6/0/0/0,26286:1747647672972:,1747647683235
counter/6/0/0/0,26287:1747647672972:,1747647683235
counter/4/0/0/0,22847:1747647669759:,1747647683235
counter/6/0/0/0,26288:1747647672972:,1747647683235
counter/3/0/0/0,23356:1747647669776:,1747647683235
counter/6/0/0/0,26289:1747647672972:,1747647683235
counter/5/0/0/0,27090:1747647671671:,1747647683235
counter/1/0/0/0,23723:1747647670289:,1747647683235
counter/6/0/0/0,26290:1747647672982:,1747647683235
counter/8/0/0/0,27567:1747647671433:,1747647683235
counter/6/0/0/0,26291:1747647672982:,1747647683235
counter/10/0/0/0,24416:1747647668214:,1747647683235
counter/6/0/0/0,26292:1747647672982:,1747647683235
counter/1/0/0/0,23724:1747647670289:,1747647683235
counter/8/0/0/0,27568:1747647671433:,1747647683235
counter/10/0/0/0,24417:1747647668214:,1747647683235
counter/6/0/0/0,26293:1747647672982:,1747647683235
counter/6/0/0/0,26294:1747647672982:,1747647683235
counter/6/0/0/0,26295:1747647672982:,1747647683235
counter/3/0/0/0,23357:1747647669776:,1747647683235
counter/6/0/0/0,26296:1747647672982:,1747647683235
counter/6/0/0/0,26297:1747647672982:,1747647683235
counter/6/0/0/0,26298:1747647672982:,1747647683235
counter/6/0/0/0,26299:1747647672984:,1747647683235
counter/6/0/0/0,26300:1747647672984:,1747647683235
counter/6/0/0/0,26301:1747647672984:,1747647683235
counter/6/0/0/0,26302:1747647672984:,1747647683235
counter/6/0/0/0,26303:1747647672984:,1747647683235
counter/7/0/0/0,26177:1747647671257:,1747647683235
counter/3/0/0/0,23358:1747647669776:,1747647683235
counter/5/0/0/0,27091:1747647671671:,1747647683235
counter/1/0/0/0,23725:1747647670289:,1747647683235
counter/8/0/0/0,27569:1747647671433:,1747647683235
counter/4/0/0/0,22848:1747647669759:,1747647683235
counter/6/0/0/0,26304:1747647672984:,1747647683235
counter/3/0/0/0,23359:1747647669776:,1747647683236
counter/5/0/0/0,27092:1747647671671:,1747647683236
counter/1/0/0/0,23726:1747647670289:,1747647683236
counter/8/0/0/0,27570:1747647671433:,1747647683236
counter/4/0/0/0,22849:1747647669759:,1747647683236
counter/6/0/0/0,26305:1747647672984:,1747647683236
counter/6/0/0/0,26306:1747647672985:,1747647683236
counter/6/0/0/0,26307:1747647672985:,1747647683236
counter/6/0/0/0,26308:1747647672985:,1747647683236
counter/6/0/0/0,26309:1747647672985:,1747647683236
counter/6/0/0/0,26310:1747647672985:,1747647683236
counter/6/0/0/0,26311:1747647672985:,1747647683236
counter/6/0/0/0,26312:1747647672985:,1747647683236
counter/6/0/0/0,26313:1747647672985:,1747647683236
counter/6/0/0/0,26314:1747647672985:,1747647683236
counter/6/0/0/0,26315:1747647672985:,1747647683236
counter/3/0/0/0,23360:1747647669776:,1747647683236
counter/10/0/0/0,24418:1747647668214:,1747647683236
counter/1/0/0/0,23727:1747647670289:,1747647683236
counter/5/0/0/0,27093:1747647671682:,1747647683236
counter/4/0/0/0,22850:1747647669761:,1747647683236
counter/8/0/0/0,27571:1747647671433:,1747647683236
counter/6/0/0/0,26316:1747647672985:,1747647683236
counter/3/0/0/0,23361:1747647669776:,1747647683236
counter/10/0/0/0,24419:1747647668214:,1747647683236
counter/1/0/0/0,23728:1747647670289:,1747647683236
counter/5/0/0/0,27094:1747647671682:,1747647683236
counter/4/0/0/0,22851:1747647669761:,1747647683236
counter/8/0/0/0,27572:1747647671433:,1747647683236
counter/6/0/0/0,26317:1747647672985:,1747647683236
counter/4/0/0/0,22852:1747647669761:,1747647683236
counter/8/0/0/0,27573:1747647671433:,1747647683236
counter/6/0/0/0,26318:1747647672985:,1747647683236
counter/6/0/0/0,26319:1747647672985:,1747647683236
counter/6/0/0/0,26320:1747647672985:,1747647683236
counter/6/0/0/0,26321:1747647672985:,1747647683236
counter/6/0/0/0,26322:1747647672985:,1747647683236
counter/6/0/0/0,26323:1747647672985:,1747647683236
counter/6/0/0/0,26324:1747647672985:,1747647683236
counter/6/0/0/0,26325:1747647672985:,1747647683236
counter/6/0/0/0,26326:1747647672986:,1747647683236
counter/6/0/0/0,26327:1747647672986:,1747647683237
counter/6/0/0/0,26328:1747647672986:,1747647683237
counter/6/0/0/0,26329:1747647672986:,1747647683237
counter/6/0/0/0,26330:1747647672986:,1747647683237
counter/6/0/0/0,26331:1747647672986:,1747647683237
counter/6/0/0/0,26332:1747647672986:,1747647683237
counter/6/0/0/0,26333:1747647672986:,1747647683237
counter/6/0/0/0,26334:1747647672986:,1747647683237
counter/6/0/0/0,26335:1747647672986:,1747647683237
counter/6/0/0/0,26336:1747647672986:,1747647683237
counter/6/0/0/0,26337:1747647672986:,1747647683237
counter/6/0/0/0,26338:1747647672986:,1747647683237
counter/6/0/0/0,26339:1747647672986:,1747647683237
counter/6/0/0/0,26340:1747647672986:,1747647683237
counter/6/0/0/0,26341:1747647672986:,1747647683237
counter/6/0/0/0,26342:1747647672986:,1747647683237
counter/6/0/0/0,26343:1747647672986:,1747647683237
counter/6/0/0/0,26344:1747647672998:,1747647683237
counter/6/0/0/0,26345:1747647672998:,1747647683237
counter/6/0/0/0,26346:1747647672998:,1747647683237
counter/6/0/0/0,26347:1747647672998:,1747647683237
counter/6/0/0/0,26348:1747647672998:,1747647683237
counter/6/0/0/0,26349:1747647672998:,1747647683237
counter/10/0/0/0,24420:1747647668214:,1747647683237
counter/4/0/0/0,22853:1747647669761:,1747647683237
counter/6/0/0/0,26350:1747647672998:,1747647683237
counter/3/0/0/0,23362:1747647669776:,1747647683237
counter/8/0/0/0,27574:1747647671433:,1747647683237
counter/6/0/0/0,26351:1747647672998:,1747647683237
counter/1/0/0/0,23729:1747647670289:,1747647683237
counter/5/0/0/0,27095:1747647671682:,1747647683237
counter/6/0/0/0,26352:1747647672998:,1747647683237
counter/6/0/0/0,26353:1747647672998:,1747647683237
counter/6/0/0/0,26354:1747647672998:,1747647683237
counter/6/0/0/0,26355:1747647672998:,1747647683237
counter/6/0/0/0,26356:1747647672998:,1747647683237
counter/1/0/0/0,23730:1747647670298:,1747647683237
counter/5/0/0/0,27096:1747647671682:,1747647683237
counter/6/0/0/0,26357:1747647672999:,1747647683237
counter/6/0/0/0,26358:1747647673011:,1747647683237
counter/6/0/0/0,26359:1747647673011:,1747647683237
counter/6/0/0/0,26360:1747647673011:,1747647683238
counter/6/0/0/0,26361:1747647673011:,1747647683238
counter/6/0/0/0,26362:1747647673011:,1747647683238
counter/6/0/0/0,26363:1747647673011:,1747647683238
counter/6/0/0/0,26364:1747647673021:,1747647683238
counter/1/0/0/0,23731:1747647670298:,1747647683238
counter/7/0/0/0,26178:1747647671257:,1747647683238
counter/7/0/0/0,26179:1747647671257:,1747647683238
counter/7/0/0/0,26180:1747647671257:,1747647683238
counter/7/0/0/0,26181:1747647671257:,1747647683238
counter/7/0/0/0,26182:1747647671257:,1747647683238
counter/7/0/0/0,26183:1747647671257:,1747647683238
counter/7/0/0/0,26184:1747647671257:,1747647683238
counter/7/0/0/0,26185:1747647671257:,1747647683238
counter/7/0/0/0,26186:1747647671258:,1747647683238
counter/7/0/0/0,26187:1747647671258:,1747647683238
counter/7/0/0/0,26188:1747647671258:,1747647683238
counter/8/0/0/0,27575:1747647671433:,1747647683238
counter/1/0/0/0,23732:1747647670298:,1747647683238
counter/6/0/0/0,26365:1747647673021:,1747647683238
counter/1/0/0/0,23733:1747647670298:,1747647683238
counter/7/0/0/0,26189:1747647671261:,1747647683238
counter/7/0/0/0,26190:1747647671261:,1747647683238
counter/5/0/0/0,27097:1747647671682:,1747647683238
counter/4/0/0/0,22854:1747647669761:,1747647683238
counter/7/0/0/0,26191:1747647671261:,1747647683238
counter/5/0/0/0,27098:1747647671682:,1747647683238
counter/4/0/0/0,22855:1747647669761:,1747647683238
counter/4/0/0/0,22856:1747647669761:,1747647683238
counter/4/0/0/0,22857:1747647669761:,1747647683238
counter/4/0/0/0,22858:1747647669761:,1747647683238
counter/4/0/0/0,22859:1747647669761:,1747647683238
counter/4/0/0/0,22860:1747647669762:,1747647683238
counter/4/0/0/0,22861:1747647669762:,1747647683238
counter/4/0/0/0,22862:1747647669762:,1747647683238
counter/4/0/0/0,22863:1747647669762:,1747647683238
counter/4/0/0/0,22864:1747647669762:,1747647683238
counter/4/0/0/0,22865:1747647669763:,1747647683239
counter/4/0/0/0,22866:1747647669763:,1747647683239
counter/4/0/0/0,22867:1747647669763:,1747647683239
counter/4/0/0/0,22868:1747647669763:,1747647683239
counter/4/0/0/0,22869:1747647669763:,1747647683239
counter/5/0/0/0,27099:1747647671682:,1747647683239
counter/4/0/0/0,22870:1747647669763:,1747647683239
counter/4/0/0/0,22871:1747647669764:,1747647683239
counter/10/0/0/0,24421:1747647668214:,1747647683239
counter/6/0/0/0,26366:1747647673036:,1747647683239
counter/10/0/0/0,24422:1747647668214:,1747647683239
counter/10/0/0/0,24423:1747647668214:,1747647683239
counter/10/0/0/0,24424:1747647668214:,1747647683239
counter/10/0/0/0,24425:1747647668215:,1747647683239
counter/10/0/0/0,24426:1747647668215:,1747647683239
counter/5/0/0/0,27100:1747647671682:,1747647683239
counter/10/0/0/0,24427:1747647668215:,1747647683239
counter/10/0/0/0,24428:1747647668215:,1747647683239
counter/7/0/0/0,26192:1747647671261:,1747647683239
counter/1/0/0/0,23734:1747647670298:,1747647683239
counter/5/0/0/0,27101:1747647671682:,1747647683239
counter/6/0/0/0,26367:1747647673036:,1747647683239
counter/3/0/0/0,23363:1747647669776:,1747647683239
counter/6/0/0/0,26368:1747647673036:,1747647683239
counter/3/0/0/0,23364:1747647669776:,1747647683239
counter/8/0/0/0,27576:1747647671433:,1747647683239
counter/4/0/0/0,22872:1747647669764:,1747647683239
counter/7/0/0/0,26193:1747647671261:,1747647683239
counter/10/0/0/0,24429:1747647668215:,1747647683239
counter/1/0/0/0,23735:1747647670298:,1747647683239
counter/10/0/0/0,24430:1747647668215:,1747647683239
counter/5/0/0/0,27102:1747647671682:,1747647683239
counter/6/0/0/0,26369:1747647673036:,1747647683239
counter/3/0/0/0,23365:1747647669776:,1747647683239
counter/8/0/0/0,27577:1747647671433:,1747647683239
counter/4/0/0/0,22873:1747647669764:,1747647683239
counter/4/0/0/0,22874:1747647669764:,1747647683239
counter/4/0/0/0,22875:1747647669764:,1747647683239
counter/4/0/0/0,22876:1747647669764:,1747647683240
counter/10/0/0/0,24431:1747647668215:,1747647683240
counter/5/0/0/0,27103:1747647671682:,1747647683240
counter/8/0/0/0,27578:1747647671433:,1747647683240
counter/10/0/0/0,24432:1747647668215:,1747647683240
counter/4/0/0/0,22877:1747647669764:,1747647683240
counter/7/0/0/0,26194:1747647671261:,1747647683240
counter/1/0/0/0,23736:1747647670298:,1747647683240
counter/10/0/0/0,24433:1747647668215:,1747647683240
counter/4/0/0/0,22878:1747647669764:,1747647683240
counter/5/0/0/0,27104:1747647671682:,1747647683240
counter/10/0/0/0,24434:1747647668215:,1747647683240
counter/10/0/0/0,24435:1747647668215:,1747647683240
counter/10/0/0/0,24436:1747647668215:,1747647683240
counter/10/0/0/0,24437:1747647668220:,1747647683240
counter/10/0/0/0,24438:1747647668220:,1747647683240
counter/10/0/0/0,24439:1747647668220:,1747647683240
counter/1/0/0/0,23737:1747647670298:,1747647683240
counter/7/0/0/0,26195:1747647671261:,1747647683240
counter/7/0/0/0,26196:1747647671261:,1747647683240
counter/3/0/0/0,23366:1747647669776:,1747647683240
counter/10/0/0/0,24440:1747647668220:,1747647683240
counter/7/0/0/0,26197:1747647671261:,1747647683240
counter/7/0/0/0,26198:1747647671261:,1747647683240
counter/4/0/0/0,22879:1747647669764:,1747647683240
counter/3/0/0/0,23367:1747647669776:,1747647683240
counter/7/0/0/0,26199:1747647671261:,1747647683240
counter/5/0/0/0,27105:1747647671682:,1747647683240
counter/6/0/0/0,26370:1747647673036:,1747647683240
counter/10/0/0/0,24441:1747647668220:,1747647683240
counter/1/0/0/0,23738:1747647670302:,1747647683240
counter/6/0/0/0,26371:1747647673036:,1747647683240
counter/10/0/0/0,24442:1747647668220:,1747647683240
counter/1/0/0/0,23739:1747647670302:,1747647683240
counter/5/0/0/0,27106:1747647671693:,1747647683240
counter/3/0/0/0,23368:1747647669776:,1747647683240
counter/1/0/0/0,23740:1747647670302:,1747647683240
counter/1/0/0/0,23741:1747647670302:,1747647683241
counter/3/0/0/0,23369:1747647669776:,1747647683241
counter/7/0/0/0,26200:1747647671261:,1747647683241
counter/5/0/0/0,27107:1747647671693:,1747647683241
counter/6/0/0/0,26372:1747647673036:,1747647683241
counter/8/0/0/0,27579:1747647671433:,1747647683241
counter/10/0/0/0,24443:1747647668220:,1747647683241
counter/1/0/0/0,23742:1747647670302:,1747647683241
counter/6/0/0/0,26373:1747647673036:,1747647683241
counter/8/0/0/0,27580:1747647671435:,1747647683241
counter/1/0/0/0,23743:1747647670302:,1747647683241
counter/6/0/0/0,26374:1747647673036:,1747647683241
counter/8/0/0/0,27581:1747647671443:,1747647683241
counter/1/0/0/0,23744:1747647670302:,1747647683241
counter/6/0/0/0,26375:1747647673036:,1747647683241
counter/8/0/0/0,27582:1747647671447:,1747647683241
counter/1/0/0/0,23745:1747647670302:,1747647683241
counter/4/0/0/0,22880:1747647669764:,1747647683241
counter/10/0/0/0,24444:1747647668220:,1747647683241
counter/3/0/0/0,23370:1747647669776:,1747647683241
counter/6/0/0/0,26376:1747647673043:,1747647683241
counter/1/0/0/0,23746:1747647670302:,1747647683241
counter/6/0/0/0,26377:1747647673043:,1747647683241
counter/1/0/0/0,23747:1747647670302:,1747647683241
counter/6/0/0/0,26378:1747647673043:,1747647683241
counter/1/0/0/0,23748:1747647670302:,1747647683241
counter/6/0/0/0,26379:1747647673043:,1747647683241
counter/1/0/0/0,23749:1747647670302:,1747647683241
counter/6/0/0/0,26380:1747647673043:,1747647683241
counter/6/0/0/0,26381:1747647673043:,1747647683241
counter/6/0/0/0,26382:1747647673043:,1747647683241
counter/6/0/0/0,26383:1747647673043:,1747647683241
counter/6/0/0/0,26384:1747647673043:,1747647683241
counter/6/0/0/0,26385:1747647673043:,1747647683241
counter/6/0/0/0,26386:1747647673052:,1747647683241
counter/6/0/0/0,26387:1747647673052:,1747647683241
counter/6/0/0/0,26388:1747647673058:,1747647683241
counter/6/0/0/0,26389:1747647673058:,1747647683241
counter/6/0/0/0,26390:1747647673058:,1747647683241
counter/6/0/0/0,26391:1747647673059:,1747647683241
counter/6/0/0/0,26392:1747647673059:,1747647683242
counter/8/0/0/0,27583:1747647671447:,1747647683242
counter/3/0/0/0,23371:1747647669776:,1747647683242
counter/6/0/0/0,26393:1747647673060:,1747647683242
counter/8/0/0/0,27584:1747647671449:,1747647683242
counter/1/0/0/0,23750:1747647670302:,1747647683242
counter/6/0/0/0,26394:1747647673060:,1747647683242
counter/6/0/0/0,26395:1747647673061:,1747647683242
counter/6/0/0/0,26396:1747647673061:,1747647683242
counter/6/0/0/0,26397:1747647673082:,1747647683242
counter/6/0/0/0,26398:1747647673082:,1747647683242
counter/6/0/0/0,26399:1747647673082:,1747647683242
counter/6/0/0/0,26400:1747647673082:,1747647683242
counter/6/0/0/0,26401:1747647673100:,1747647683242
counter/6/0/0/0,26402:1747647673100:,1747647683242
counter/6/0/0/0,26403:1747647673100:,1747647683242
counter/6/0/0/0,26404:1747647673100:,1747647683242
counter/6/0/0/0,26405:1747647673101:,1747647683242
counter/6/0/0/0,26406:1747647673101:,1747647683242
counter/6/0/0/0,26407:1747647673101:,1747647683242
counter/6/0/0/0,26408:1747647673101:,1747647683242
counter/6/0/0/0,26409:1747647673110:,1747647683242
counter/6/0/0/0,26410:1747647673110:,1747647683242
counter/4/0/0/0,22881:1747647669764:,1747647683242
counter/6/0/0/0,26411:1747647673110:,1747647683242
counter/6/0/0/0,26412:1747647673110:,1747647683242
counter/6/0/0/0,26413:1747647673110:,1747647683242
counter/6/0/0/0,26414:1747647673110:,1747647683242
counter/6/0/0/0,26415:1747647673110:,1747647683242
counter/6/0/0/0,26416:1747647673110:,1747647683242
counter/5/0/0/0,27108:1747647671693:,1747647683242
counter/6/0/0/0,26417:1747647673110:,1747647683242
counter/5/0/0/0,27109:1747647671693:,1747647683242
counter/6/0/0/0,26418:1747647673111:,1747647683242
counter/5/0/0/0,27110:1747647671693:,1747647683243
counter/6/0/0/0,26419:1747647673111:,1747647683243
counter/5/0/0/0,27111:1747647671693:,1747647683243
counter/6/0/0/0,26420:1747647673111:,1747647683243
counter/5/0/0/0,27112:1747647671693:,1747647683243
counter/6/0/0/0,26421:1747647673111:,1747647683243
counter/5/0/0/0,27113:1747647671693:,1747647683243
counter/6/0/0/0,26422:1747647673111:,1747647683243
counter/5/0/0/0,27114:1747647671710:,1747647683243
counter/10/0/0/0,24445:1747647668220:,1747647683243
counter/4/0/0/0,22882:1747647669764:,1747647683243
counter/6/0/0/0,26423:1747647673111:,1747647683243
counter/5/0/0/0,27115:1747647671710:,1747647683243
counter/10/0/0/0,24446:1747647668220:,1747647683243
counter/8/0/0/0,27585:1747647671449:,1747647683243
counter/4/0/0/0,22883:1747647669764:,1747647683243
counter/6/0/0/0,26424:1747647673114:,1747647683243
counter/5/0/0/0,27116:1747647671711:,1747647683243
counter/10/0/0/0,24447:1747647668220:,1747647683243
counter/3/0/0/0,23372:1747647669776:,1747647683243
counter/6/0/0/0,26425:1747647673114:,1747647683243
counter/5/0/0/0,27117:1747647671711:,1747647683243
counter/10/0/0/0,24448:1747647668220:,1747647683243
counter/3/0/0/0,23373:1747647669786:,1747647683243
counter/1/0/0/0,23751:1747647670302:,1747647683243
counter/7/0/0/0,26201:1747647671261:,1747647683243
counter/6/0/0/0,26426:1747647673114:,1747647683243
counter/5/0/0/0,27118:1747647671737:,1747647683243
counter/10/0/0/0,24449:1747647668220:,1747647683243
counter/3/0/0/0,23374:1747647669786:,1747647683243
counter/6/0/0/0,26427:1747647673114:,1747647683243
counter/5/0/0/0,27119:1747647671737:,1747647683243
counter/10/0/0/0,24450:1747647668220:,1747647683243
counter/3/0/0/0,23375:1747647669786:,1747647683243
counter/6/0/0/0,26428:1747647673114:,1747647683243
counter/5/0/0/0,27120:1747647671737:,1747647683243
counter/10/0/0/0,24451:1747647668220:,1747647683243
counter/3/0/0/0,23376:1747647669786:,1747647683244
counter/6/0/0/0,26429:1747647673114:,1747647683244
counter/5/0/0/0,27121:1747647671737:,1747647683244
counter/10/0/0/0,24452:1747647668228:,1747647683244
counter/3/0/0/0,23377:1747647669786:,1747647683244
counter/4/0/0/0,22884:1747647669764:,1747647683244
counter/6/0/0/0,26430:1747647673114:,1747647683244
counter/5/0/0/0,27122:1747647671737:,1747647683244
counter/10/0/0/0,24453:1747647668228:,1747647683244
counter/3/0/0/0,23378:1747647669786:,1747647683244
counter/6/0/0/0,26431:1747647673114:,1747647683244
counter/5/0/0/0,27123:1747647671737:,1747647683244
counter/10/0/0/0,24454:1747647668228:,1747647683244
counter/3/0/0/0,23379:1747647669786:,1747647683244
counter/6/0/0/0,26432:1747647673114:,1747647683244
counter/5/0/0/0,27124:1747647671737:,1747647683244
counter/10/0/0/0,24455:1747647668228:,1747647683244
counter/3/0/0/0,23380:1747647669786:,1747647683244
counter/6/0/0/0,26433:1747647673114:,1747647683244
counter/5/0/0/0,27125:1747647671737:,1747647683244
counter/10/0/0/0,24456:1747647668228:,1747647683244
counter/3/0/0/0,23381:1747647669787:,1747647683244
counter/6/0/0/0,26434:1747647673114:,1747647683244
counter/5/0/0/0,27126:1747647671749:,1747647683244
counter/10/0/0/0,24457:1747647668239:,1747647683244
counter/3/0/0/0,23382:1747647669787:,1747647683244
counter/6/0/0/0,26435:1747647673114:,1747647683244
counter/5/0/0/0,27127:1747647671749:,1747647683244
counter/10/0/0/0,24458:1747647668239:,1747647683244
counter/3/0/0/0,23383:1747647669787:,1747647683244
counter/6/0/0/0,26436:1747647673114:,1747647683244
counter/5/0/0/0,27128:1747647671749:,1747647683244
counter/10/0/0/0,24459:1747647668240:,1747647683244
counter/3/0/0/0,23384:1747647669787:,1747647683244
counter/6/0/0/0,26437:1747647673125:,1747647683244
counter/5/0/0/0,27129:1747647671749:,1747647683244
counter/10/0/0/0,24460:1747647668240:,1747647683244
counter/3/0/0/0,23385:1747647669787:,1747647683245
counter/6/0/0/0,26438:1747647673125:,1747647683245
counter/5/0/0/0,27130:1747647671749:,1747647683245
counter/10/0/0/0,24461:1747647668240:,1747647683245
counter/3/0/0/0,23386:1747647669787:,1747647683245
counter/6/0/0/0,26439:1747647673134:,1747647683245
counter/5/0/0/0,27131:1747647671749:,1747647683245
counter/10/0/0/0,24462:1747647668240:,1747647683245
counter/3/0/0/0,23387:1747647669789:,1747647683245
counter/6/0/0/0,26440:1747647673135:,1747647683245
counter/5/0/0/0,27132:1747647671749:,1747647683245
counter/10/0/0/0,24463:1747647668240:,1747647683245
counter/3/0/0/0,23388:1747647669789:,1747647683245
counter/4/0/0/0,22885:1747647669764:,1747647683245
counter/6/0/0/0,26441:1747647673135:,1747647683245
counter/5/0/0/0,27133:1747647671753:,1747647683245
counter/10/0/0/0,24464:1747647668240:,1747647683245
counter/3/0/0/0,23389:1747647669789:,1747647683245
counter/8/0/0/0,27586:1747647671449:,1747647683245
counter/7/0/0/0,26202:1747647671261:,1747647683245
counter/6/0/0/0,26442:1747647673135:,1747647683245
counter/5/0/0/0,27134:1747647671753:,1747647683245
counter/10/0/0/0,24465:1747647668251:,1747647683245
counter/3/0/0/0,23390:1747647669789:,1747647683245
counter/7/0/0/0,26203:1747647671261:,1747647683245
counter/4/0/0/0,22886:1747647669764:,1747647683245
counter/6/0/0/0,26443:1747647673135:,1747647683245
counter/5/0/0/0,27135:1747647671753:,1747647683245
counter/10/0/0/0,24466:1747647668258:,1747647683245
counter/3/0/0/0,23391:1747647669789:,1747647683245
counter/7/0/0/0,26204:1747647671269:,1747647683245
counter/4/0/0/0,22887:1747647669774:,1747647683245
counter/1/0/0/0,23752:1747647670303:,1747647683245
counter/6/0/0/0,26444:1747647673135:,1747647683245
counter/5/0/0/0,27136:1747647671758:,1747647683245
counter/10/0/0/0,24467:1747647668259:,1747647683245
counter/3/0/0/0,23392:1747647669789:,1747647683245
counter/4/0/0/0,22888:1747647669774:,1747647683245
counter/6/0/0/0,26445:1747647673135:,1747647683246
counter/5/0/0/0,27137:1747647671758:,1747647683246
counter/10/0/0/0,24468:1747647668259:,1747647683246
counter/3/0/0/0,23393:1747647669789:,1747647683246
counter/4/0/0/0,22889:1747647669774:,1747647683246
counter/6/0/0/0,26446:1747647673135:,1747647683246
counter/5/0/0/0,27138:1747647671758:,1747647683246
counter/10/0/0/0,24469:1747647668259:,1747647683246
counter/3/0/0/0,23394:1747647669789:,1747647683246
counter/4/0/0/0,22890:1747647669774:,1747647683246
counter/6/0/0/0,26447:1747647673135:,1747647683246
counter/5/0/0/0,27139:1747647671758:,1747647683246
counter/10/0/0/0,24470:1747647668259:,1747647683246
counter/3/0/0/0,23395:1747647669789:,1747647683246
counter/4/0/0/0,22891:1747647669774:,1747647683246
counter/6/0/0/0,26448:1747647673135:,1747647683246
counter/5/0/0/0,27140:1747647671758:,1747647683246
counter/10/0/0/0,24471:1747647668271:,1747647683246
counter/3/0/0/0,23396:1747647669789:,1747647683246
counter/4/0/0/0,22892:1747647669774:,1747647683246
counter/6/0/0/0,26449:1747647673135:,1747647683246
counter/5/0/0/0,27141:1747647671758:,1747647683246
counter/10/0/0/0,24472:1747647668271:,1747647683246
counter/3/0/0/0,23397:1747647669794:,1747647683246
counter/4/0/0/0,22893:1747647669774:,1747647683246
counter/6/0/0/0,26450:1747647673135:,1747647683246
counter/10/0/0/0,24473:1747647668272:,1747647683246
counter/3/0/0/0,23398:1747647669798:,1747647683246
counter/6/0/0/0,26451:1747647673135:,1747647683246
counter/10/0/0/0,24474:1747647668272:,1747647683246
counter/3/0/0/0,23399:1747647669804:,1747647683246
counter/6/0/0/0,26452:1747647673135:,1747647683246
counter/10/0/0/0,24475:1747647668272:,1747647683246
counter/3/0/0/0,23400:1747647669804:,1747647683246
counter/6/0/0/0,26453:1747647673135:,1747647683246
counter/10/0/0/0,24476:1747647668272:,1747647683246
counter/3/0/0/0,23401:1747647669804:,1747647683246
counter/6/0/0/0,26454:1747647673135:,1747647683246
counter/10/0/0/0,24477:1747647668272:,1747647683247
counter/3/0/0/0,23402:1747647669804:,1747647683247
counter/6/0/0/0,26455:1747647673135:,1747647683247
counter/10/0/0/0,24478:1747647668272:,1747647683247
counter/3/0/0/0,23403:1747647669804:,1747647683247
counter/6/0/0/0,26456:1747647673135:,1747647683247
counter/10/0/0/0,24479:1747647668272:,1747647683247
counter/3/0/0/0,23404:1747647669804:,1747647683247
counter/6/0/0/0,26457:1747647673135:,1747647683247
counter/10/0/0/0,24480:1747647668272:,1747647683247
counter/6/0/0/0,26458:1747647673135:,1747647683247
counter/10/0/0/0,24481:1747647668272:,1747647683247
counter/6/0/0/0,26459:1747647673141:,1747647683247
counter/10/0/0/0,24482:1747647668272:,1747647683247
counter/6/0/0/0,26460:1747647673141:,1747647683247
counter/10/0/0/0,24483:1747647668272:,1747647683247
counter/6/0/0/0,26461:1747647673141:,1747647683247
counter/10/0/0/0,24484:1747647668272:,1747647683247
counter/6/0/0/0,26462:1747647673141:,1747647683247
counter/10/0/0/0,24485:1747647668275:,1747647683247
counter/6/0/0/0,26463:1747647673141:,1747647683247
counter/10/0/0/0,24486:1747647668280:,1747647683247
counter/6/0/0/0,26464:1747647673141:,1747647683247
counter/10/0/0/0,24487:1747647668280:,1747647683247
counter/6/0/0/0,26465:1747647673141:,1747647683247
counter/10/0/0/0,24488:1747647668280:,1747647683247
counter/6/0/0/0,26466:1747647673141:,1747647683247
counter/10/0/0/0,24489:1747647668280:,1747647683247
counter/6/0/0/0,26467:1747647673141:,1747647683247
counter/10/0/0/0,24490:1747647668280:,1747647683247
counter/6/0/0/0,26468:1747647673141:,1747647683247
counter/10/0/0/0,24491:1747647668281:,1747647683247
counter/6/0/0/0,26469:1747647673141:,1747647683247
counter/10/0/0/0,24492:1747647668284:,1747647683247
counter/6/0/0/0,26470:1747647673141:,1747647683247
counter/10/0/0/0,24493:1747647668284:,1747647683247
counter/6/0/0/0,26471:1747647673141:,1747647683247
counter/10/0/0/0,24494:1747647668285:,1747647683247
counter/6/0/0/0,26472:1747647673141:,1747647683248
counter/10/0/0/0,24495:1747647668285:,1747647683248
counter/7/0/0/0,26205:1747647671269:,1747647683248
counter/6/0/0/0,26473:1747647673141:,1747647683248
counter/10/0/0/0,24496:1747647668285:,1747647683248
counter/3/0/0/0,23405:1747647669804:,1747647683248
counter/4/0/0/0,22894:1747647669774:,1747647683248
counter/5/0/0/0,27142:1747647671758:,1747647683248
counter/6/0/0/0,26474:1747647673141:,1747647683248
counter/10/0/0/0,24497:1747647668285:,1747647683248
counter/5/0/0/0,27143:1747647671758:,1747647683248
counter/6/0/0/0,26475:1747647673141:,1747647683248
counter/10/0/0/0,24498:1747647668285:,1747647683248
counter/5/0/0/0,27144:1747647671758:,1747647683248
counter/6/0/0/0,26476:1747647673141:,1747647683248
counter/10/0/0/0,24499:1747647668285:,1747647683248
counter/5/0/0/0,27145:1747647671758:,1747647683248
counter/6/0/0/0,26477:1747647673141:,1747647683248
counter/10/0/0/0,24500:1747647668285:,1747647683248
counter/5/0/0/0,27146:1747647671758:,1747647683248
counter/3/0/0/0,23406:1747647669804:,1747647683248
counter/6/0/0/0,26478:1747647673141:,1747647683248
counter/10/0/0/0,24501:1747647668285:,1747647683248
counter/5/0/0/0,27147:1747647671759:,1747647683248
counter/6/0/0/0,26479:1747647673141:,1747647683248
counter/10/0/0/0,24502:1747647668285:,1747647683248
counter/5/0/0/0,27148:1747647671759:,1747647683248
counter/6/0/0/0,26480:1747647673141:,1747647683248
counter/10/0/0/0,24503:1747647668285:,1747647683248
counter/5/0/0/0,27149:1747647671759:,1747647683248
counter/6/0/0/0,26481:1747647673141:,1747647683248
counter/10/0/0/0,24504:1747647668288:,1747647683248
counter/5/0/0/0,27150:1747647671759:,1747647683248
counter/6/0/0/0,26482:1747647673142:,1747647683248
counter/10/0/0/0,24505:1747647668288:,1747647683248
counter/5/0/0/0,27151:1747647671759:,1747647683249
counter/6/0/0/0,26483:1747647673142:,1747647683249
counter/10/0/0/0,24506:1747647668288:,1747647683249
counter/6/0/0/0,26484:1747647673142:,1747647683249
counter/10/0/0/0,24507:1747647668288:,1747647683249
counter/7/0/0/0,26206:1747647671269:,1747647683249
counter/6/0/0/0,26485:1747647673142:,1747647683249
counter/10/0/0/0,24508:1747647668288:,1747647683249
counter/8/0/0/0,27587:1747647671449:,1747647683249
counter/6/0/0/0,26486:1747647673142:,1747647683249
counter/10/0/0/0,24509:1747647668290:,1747647683249
counter/8/0/0/0,27588:1747647671449:,1747647683249
counter/6/0/0/0,26487:1747647673142:,1747647683249
counter/10/0/0/0,24510:1747647668290:,1747647683249
counter/8/0/0/0,27589:1747647671449:,1747647683249
counter/1/0/0/0,23753:1747647670303:,1747647683249
counter/6/0/0/0,26488:1747647673143:,1747647683249
counter/10/0/0/0,24511:1747647668290:,1747647683249
counter/8/0/0/0,27590:1747647671449:,1747647683249
counter/6/0/0/0,26489:1747647673143:,1747647683249
counter/10/0/0/0,24512:1747647668296:,1747647683249
counter/8/0/0/0,27591:1747647671449:,1747647683249
counter/6/0/0/0,26490:1747647673143:,1747647683249
counter/10/0/0/0,24513:1747647668296:,1747647683249
counter/6/0/0/0,26491:1747647673143:,1747647683249
counter/10/0/0/0,24514:1747647668296:,1747647683249
counter/6/0/0/0,26492:1747647673152:,1747647683249
counter/10/0/0/0,24515:1747647668296:,1747647683249
counter/6/0/0/0,26493:1747647673152:,1747647683249
counter/10/0/0/0,24516:1747647668296:,1747647683249
counter/6/0/0/0,26494:1747647673152:,1747647683249
counter/10/0/0/0,24517:1747647668296:,1747647683249
counter/6/0/0/0,26495:1747647673152:,1747647683249
counter/10/0/0/0,24518:1747647668296:,1747647683249
counter/6/0/0/0,26496:1747647673152:,1747647683249
counter/10/0/0/0,24519:1747647668296:,1747647683249
counter/6/0/0/0,26497:1747647673152:,1747647683249
counter/10/0/0/0,24520:1747647668296:,1747647683249
counter/6/0/0/0,26498:1747647673152:,1747647683249
counter/10/0/0/0,24521:1747647668318:,1747647683249
counter/6/0/0/0,26499:1747647673152:,1747647683250
counter/10/0/0/0,24522:1747647668318:,1747647683250
counter/6/0/0/0,26500:1747647673152:,1747647683250
counter/10/0/0/0,24523:1747647668318:,1747647683250
counter/6/0/0/0,26501:1747647673152:,1747647683250
counter/10/0/0/0,24524:1747647668318:,1747647683250
counter/6/0/0/0,26502:1747647673152:,1747647683250
counter/10/0/0/0,24525:1747647668318:,1747647683250
counter/6/0/0/0,26503:1747647673152:,1747647683250
counter/10/0/0/0,24526:1747647668318:,1747647683250
counter/6/0/0/0,26504:1747647673152:,1747647683250
counter/10/0/0/0,24527:1747647668318:,1747647683250
counter/6/0/0/0,26505:1747647673152:,1747647683250
counter/10/0/0/0,24528:1747647668318:,1747647683250
counter/6/0/0/0,26506:1747647673152:,1747647683250
counter/10/0/0/0,24529:1747647668318:,1747647683250
counter/6/0/0/0,26507:1747647673152:,1747647683250
counter/10/0/0/0,24530:1747647668318:,1747647683250
counter/6/0/0/0,26508:1747647673152:,1747647683250
counter/10/0/0/0,24531:1747647668318:,1747647683250
counter/6/0/0/0,26509:1747647673160:,1747647683250
counter/10/0/0/0,24532:1747647668320:,1747647683250
counter/6/0/0/0,26510:1747647673160:,1747647683250
counter/10/0/0/0,24533:1747647668320:,1747647683250
counter/6/0/0/0,26511:1747647673160:,1747647683250
counter/10/0/0/0,24534:1747647668320:,1747647683250
counter/6/0/0/0,26512:1747647673160:,1747647683250
counter/10/0/0/0,24535:1747647668320:,1747647683250
counter/6/0/0/0,26513:1747647673160:,1747647683250
counter/10/0/0/0,24536:1747647668320:,1747647683250
counter/6/0/0/0,26514:1747647673160:,1747647683250
counter/10/0/0/0,24537:1747647668334:,1747647683250
counter/6/0/0/0,26515:1747647673160:,1747647683250
counter/10/0/0/0,24538:1747647668334:,1747647683250
counter/6/0/0/0,26516:1747647673160:,1747647683250
counter/10/0/0/0,24539:1747647668334:,1747647683250
counter/3/0/0/0,23407:1747647669804:,1747647683250
counter/6/0/0/0,26517:1747647673160:,1747647683251
counter/10/0/0/0,24540:1747647668334:,1747647683251
counter/3/0/0/0,23408:1747647669804:,1747647683251
counter/6/0/0/0,26518:1747647673160:,1747647683251
counter/10/0/0/0,24541:1747647668334:,1747647683251
counter/3/0/0/0,23409:1747647669805:,1747647683251
counter/6/0/0/0,26519:1747647673161:,1747647683251
counter/10/0/0/0,24542:1747647668334:,1747647683251
counter/3/0/0/0,23410:1747647669810:,1747647683251
counter/6/0/0/0,26520:1747647673161:,1747647683251
counter/10/0/0/0,24543:1747647668334:,1747647683251
counter/3/0/0/0,23411:1747647669810:,1747647683251
counter/8/0/0/0,27592:1747647671454:,1747647683251
counter/6/0/0/0,26521:1747647673161:,1747647683251
counter/10/0/0/0,24544:1747647668341:,1747647683251
counter/3/0/0/0,23412:1747647669810:,1747647683251
counter/6/0/0/0,26522:1747647673161:,1747647683251
counter/10/0/0/0,24545:1747647668341:,1747647683251
counter/3/0/0/0,23413:1747647669810:,1747647683251
counter/6/0/0/0,26523:1747647673161:,1747647683251
counter/10/0/0/0,24546:1747647668341:,1747647683251
counter/3/0/0/0,23414:1747647669811:,1747647683251
counter/6/0/0/0,26524:1747647673161:,1747647683251
counter/10/0/0/0,24547:1747647668341:,1747647683251
counter/3/0/0/0,23415:1747647669811:,1747647683251
counter/8/0/0/0,27593:1747647671454:,1747647683251
counter/6/0/0/0,26525:1747647673161:,1747647683251
counter/10/0/0/0,24548:1747647668341:,1747647683251
counter/3/0/0/0,23416:1747647669811:,1747647683251
counter/8/0/0/0,27594:1747647671454:,1747647683251
counter/6/0/0/0,26526:1747647673162:,1747647683251
counter/10/0/0/0,24549:1747647668341:,1747647683251
counter/3/0/0/0,23417:1747647669811:,1747647683251
counter/8/0/0/0,27595:1747647671454:,1747647683251
counter/6/0/0/0,26527:1747647673162:,1747647683251
counter/10/0/0/0,24550:1747647668341:,1747647683251
counter/3/0/0/0,23418:1747647669811:,1747647683252
counter/8/0/0/0,27596:1747647671454:,1747647683252
counter/6/0/0/0,26528:1747647673162:,1747647683252
counter/10/0/0/0,24551:1747647668341:,1747647683252
counter/3/0/0/0,23419:1747647669811:,1747647683252
counter/8/0/0/0,27597:1747647671465:,1747647683252
counter/6/0/0/0,26529:1747647673162:,1747647683252
counter/10/0/0/0,24552:1747647668341:,1747647683252
counter/3/0/0/0,23420:1747647669811:,1747647683252
counter/8/0/0/0,27598:1747647671465:,1747647683252
counter/6/0/0/0,26530:1747647673162:,1747647683252
counter/10/0/0/0,24553:1747647668341:,1747647683252
counter/3/0/0/0,23421:1747647669811:,1747647683252
counter/6/0/0/0,26531:1747647673162:,1747647683252
counter/10/0/0/0,24554:1747647668342:,1747647683252
counter/3/0/0/0,23422:1747647669816:,1747647683252
counter/6/0/0/0,26532:1747647673162:,1747647683252
counter/10/0/0/0,24555:1747647668342:,1747647683252
counter/3/0/0/0,23423:1747647669816:,1747647683252
counter/6/0/0/0,26533:1747647673167:,1747647683252
counter/10/0/0/0,24556:1747647668342:,1747647683252
counter/3/0/0/0,23424:1747647669816:,1747647683252
counter/1/0/0/0,23754:1747647670303:,1747647683252
counter/6/0/0/0,26534:1747647673173:,1747647683252
counter/10/0/0/0,24557:1747647668342:,1747647683252
counter/3/0/0/0,23425:1747647669816:,1747647683252
counter/7/0/0/0,26207:1747647671269:,1747647683252
counter/4/0/0/0,22895:1747647669774:,1747647683252
counter/6/0/0/0,26535:1747647673173:,1747647683252
counter/10/0/0/0,24558:1747647668342:,1747647683252
counter/3/0/0/0,23426:1747647669838:,1747647683252
counter/6/0/0/0,26536:1747647673173:,1747647683252
counter/10/0/0/0,24559:1747647668342:,1747647683252
counter/6/0/0/0,26537:1747647673190:,1747647683252
counter/10/0/0/0,24560:1747647668346:,1747647683252
counter/3/0/0/0,23427:1747647669838:,1747647683252
counter/6/0/0/0,26538:1747647673190:,1747647683252
counter/10/0/0/0,24561:1747647668346:,1747647683252
counter/3/0/0/0,23428:1747647669838:,1747647683252
counter/5/0/0/0,27152:1747647671759:,1747647683252
counter/6/0/0/0,26539:1747647673190:,1747647683252
counter/10/0/0/0,24562:1747647668352:,1747647683252
counter/3/0/0/0,23429:1747647669838:,1747647683253
counter/6/0/0/0,26540:1747647673190:,1747647683253
counter/10/0/0/0,24563:1747647668352:,1747647683253
counter/3/0/0/0,23430:1747647669838:,1747647683253
counter/6/0/0/0,26541:1747647673190:,1747647683253
counter/10/0/0/0,24564:1747647668352:,1747647683253
counter/3/0/0/0,23431:1747647669838:,1747647683253
counter/7/0/0/0,26208:1747647671269:,1747647683253
counter/6/0/0/0,26542:1747647673190:,1747647683253
counter/10/0/0/0,24565:1747647668352:,1747647683253
counter/3/0/0/0,23432:1747647669838:,1747647683253
counter/4/0/0/0,22896:1747647669774:,1747647683253
counter/6/0/0/0,26543:1747647673190:,1747647683253
counter/10/0/0/0,24566:1747647668352:,1747647683253
counter/3/0/0/0,23433:1747647669838:,1747647683253
counter/4/0/0/0,22897:1747647669774:,1747647683253
counter/6/0/0/0,26544:1747647673198:,1747647683253
counter/10/0/0/0,24567:1747647668352:,1747647683253
counter/3/0/0/0,23434:1747647669838:,1747647683253
counter/4/0/0/0,22898:1747647669774:,1747647683253
counter/6/0/0/0,26545:1747647673198:,1747647683253
counter/10/0/0/0,24568:1747647668352:,1747647683253
counter/3/0/0/0,23435:1747647669838:,1747647683253
counter/4/0/0/0,22899:1747647669774:,1747647683253
counter/6/0/0/0,26546:1747647673198:,1747647683253
counter/10/0/0/0,24569:1747647668352:,1747647683253
counter/3/0/0/0,23436:1747647669838:,1747647683253
counter/4/0/0/0,22900:1747647669778:,1747647683253
counter/6/0/0/0,26547:1747647673198:,1747647683253
counter/10/0/0/0,24570:1747647668352:,1747647683253
counter/4/0/0/0,22901:1747647669779:,1747647683253
counter/6/0/0/0,26548:1747647673198:,1747647683253
counter/10/0/0/0,24571:1747647668352:,1747647683253
counter/4/0/0/0,22902:1747647669779:,1747647683253
counter/6/0/0/0,26549:1747647673206:,1747647683254
counter/10/0/0/0,24572:1747647668352:,1747647683254
counter/4/0/0/0,22903:1747647669779:,1747647683254
counter/6/0/0/0,26550:1747647673206:,1747647683254
counter/10/0/0/0,24573:1747647668352:,1747647683254
counter/4/0/0/0,22904:1747647669779:,1747647683254
counter/6/0/0/0,26551:1747647673206:,1747647683254
counter/10/0/0/0,24574:1747647668352:,1747647683254
counter/4/0/0/0,22905:1747647669779:,1747647683254
counter/6/0/0/0,26552:1747647673206:,1747647683254
counter/10/0/0/0,24575:1747647668352:,1747647683254
counter/4/0/0/0,22906:1747647669779:,1747647683254
counter/6/0/0/0,26553:1747647673206:,1747647683254
counter/10/0/0/0,24576:1747647668352:,1747647683254
counter/4/0/0/0,22907:1747647669779:,1747647683254
counter/6/0/0/0,26554:1747647673206:,1747647683254
counter/10/0/0/0,24577:1747647668353:,1747647683254
counter/4/0/0/0,22908:1747647669779:,1747647683254
counter/6/0/0/0,26555:1747647673206:,1747647683254
counter/10/0/0/0,24578:1747647668353:,1747647683254
counter/4/0/0/0,22909:1747647669779:,1747647683254
counter/6/0/0/0,26556:1747647673206:,1747647683254
counter/10/0/0/0,24579:1747647668354:,1747647683254
counter/4/0/0/0,22910:1747647669779:,1747647683254
counter/6/0/0/0,26557:1747647673206:,1747647683254
counter/10/0/0/0,24580:1747647668354:,1747647683254
counter/4/0/0/0,22911:1747647669779:,1747647683254
counter/6/0/0/0,26558:1747647673206:,1747647683254
counter/10/0/0/0,24581:1747647668354:,1747647683254
counter/4/0/0/0,22912:1747647669779:,1747647683254
counter/6/0/0/0,26559:1747647673206:,1747647683254
counter/10/0/0/0,24582:1747647668354:,1747647683254
counter/4/0/0/0,22913:1747647669779:,1747647683254
counter/8/0/0/0,27599:1747647671465:,1747647683254
counter/6/0/0/0,26560:1747647673206:,1747647683254
counter/10/0/0/0,24583:1747647668354:,1747647683254
counter/4/0/0/0,22914:1747647669780:,1747647683254
counter/3/0/0/0,23437:1747647669838:,1747647683254
counter/5/0/0/0,27153:1747647671759:,1747647683254
counter/6/0/0/0,26561:1747647673206:,1747647683254
counter/10/0/0/0,24584:1747647668354:,1747647683254
counter/4/0/0/0,22915:1747647669780:,1747647683254
counter/6/0/0/0,26562:1747647673206:,1747647683255
counter/10/0/0/0,24585:1747647668354:,1747647683255
counter/4/0/0/0,22916:1747647669786:,1747647683255
counter/6/0/0/0,26563:1747647673206:,1747647683255
counter/10/0/0/0,24586:1747647668354:,1747647683255
counter/4/0/0/0,22917:1747647669795:,1747647683255
counter/6/0/0/0,26564:1747647673206:,1747647683255
counter/10/0/0/0,24587:1747647668354:,1747647683255
counter/4/0/0/0,22918:1747647669795:,1747647683255
counter/6/0/0/0,26565:1747647673206:,1747647683255
counter/10/0/0/0,24588:1747647668367:,1747647683255
counter/4/0/0/0,22919:1747647669795:,1747647683255
counter/3/0/0/0,23438:1747647669838:,1747647683255
counter/5/0/0/0,27154:1747647671759:,1747647683255
counter/6/0/0/0,26566:1747647673206:,1747647683255
counter/10/0/0/0,24589:1747647668367:,1747647683255
counter/4/0/0/0,22920:1747647669795:,1747647683255
counter/6/0/0/0,26567:1747647673206:,1747647683255
counter/10/0/0/0,24590:1747647668369:,1747647683255
counter/4/0/0/0,22921:1747647669795:,1747647683255
counter/6/0/0/0,26568:1747647673207:,1747647683255
counter/10/0/0/0,24591:1747647668369:,1747647683255
counter/4/0/0/0,22922:1747647669795:,1747647683255
counter/6/0/0/0,26569:1747647673207:,1747647683255
counter/10/0/0/0,24592:1747647668369:,1747647683255
counter/4/0/0/0,22923:1747647669796:,1747647683255
counter/6/0/0/0,26570:1747647673207:,1747647683255
counter/10/0/0/0,24593:1747647668369:,1747647683255
counter/4/0/0/0,22924:1747647669796:,1747647683255
counter/6/0/0/0,26571:1747647673207:,1747647683255
counter/10/0/0/0,24594:1747647668370:,1747647683255
counter/4/0/0/0,22925:1747647669796:,1747647683255
counter/6/0/0/0,26572:1747647673207:,1747647683255
counter/10/0/0/0,24595:1747647668370:,1747647683255
counter/4/0/0/0,22926:1747647669796:,1747647683255
counter/6/0/0/0,26573:1747647673210:,1747647683255
counter/10/0/0/0,24596:1747647668370:,1747647683255
counter/4/0/0/0,22927:1747647669796:,1747647683255
counter/8/0/0/0,27600:1747647671465:,1747647683255
counter/6/0/0/0,26574:1747647673210:,1747647683255
counter/10/0/0/0,24597:1747647668370:,1747647683255
counter/4/0/0/0,22928:1747647669796:,1747647683255
counter/6/0/0/0,26575:1747647673210:,1747647683255
counter/10/0/0/0,24598:1747647668370:,1747647683255
counter/4/0/0/0,22929:1747647669796:,1747647683256
counter/6/0/0/0,26576:1747647673220:,1747647683256
counter/10/0/0/0,24599:1747647668370:,1747647683256
counter/4/0/0/0,22930:1747647669796:,1747647683256
counter/6/0/0/0,26577:1747647673220:,1747647683256
counter/10/0/0/0,24600:1747647668370:,1747647683256
counter/4/0/0/0,22931:1747647669797:,1747647683256
counter/6/0/0/0,26578:1747647673220:,1747647683256
counter/10/0/0/0,24601:1747647668370:,1747647683256
counter/4/0/0/0,22932:1747647669797:,1747647683256
counter/6/0/0/0,26579:1747647673220:,1747647683256
counter/10/0/0/0,24602:1747647668370:,1747647683256
counter/4/0/0/0,22933:1747647669797:,1747647683256
counter/6/0/0/0,26580:1747647673220:,1747647683256
counter/10/0/0/0,24603:1747647668370:,1747647683256
counter/4/0/0/0,22934:1747647669797:,1747647683256
counter/6/0/0/0,26581:1747647673220:,1747647683256
counter/10/0/0/0,24604:1747647668370:,1747647683256
counter/4/0/0/0,22935:1747647669797:,1747647683256
counter/6/0/0/0,26582:1747647673220:,1747647683256
counter/10/0/0/0,24605:1747647668370:,1747647683256
counter/4/0/0/0,22936:1747647669798:,1747647683256
counter/6/0/0/0,26583:1747647673220:,1747647683256
counter/10/0/0/0,24606:1747647668370:,1747647683256
counter/4/0/0/0,22937:1747647669798:,1747647683256
counter/6/0/0/0,26584:1747647673224:,1747647683256
counter/10/0/0/0,24607:1747647668377:,1747647683256
counter/4/0/0/0,22938:1747647669798:,1747647683256
counter/7/0/0/0,26209:1747647671269:,1747647683256
counter/8/0/0/0,27601:1747647671486:,1747647683256
counter/6/0/0/0,26585:1747647673225:,1747647683256
counter/10/0/0/0,24608:1747647668378:,1747647683256
counter/4/0/0/0,22939:1747647669798:,1747647683256
counter/8/0/0/0,27602:1747647671486:,1747647683256
counter/6/0/0/0,26586:1747647673225:,1747647683256
counter/10/0/0/0,24609:1747647668378:,1747647683256
counter/4/0/0/0,22940:1747647669798:,1747647683256
counter/8/0/0/0,27603:1747647671486:,1747647683256
counter/6/0/0/0,26587:1747647673225:,1747647683256
counter/10/0/0/0,24610:1747647668378:,1747647683256
counter/4/0/0/0,22941:1747647669798:,1747647683256
counter/8/0/0/0,27604:1747647671486:,1747647683256
counter/6/0/0/0,26588:1747647673225:,1747647683257
counter/10/0/0/0,24611:1747647668378:,1747647683257
counter/4/0/0/0,22942:1747647669798:,1747647683257
counter/8/0/0/0,27605:1747647671486:,1747647683257
counter/6/0/0/0,26589:1747647673225:,1747647683257
counter/10/0/0/0,24612:1747647668378:,1747647683257
counter/4/0/0/0,22943:1747647669798:,1747647683257
counter/8/0/0/0,27606:1747647671486:,1747647683257
counter/6/0/0/0,26590:1747647673225:,1747647683257
counter/10/0/0/0,24613:1747647668378:,1747647683257
counter/4/0/0/0,22944:1747647669798:,1747647683257
counter/8/0/0/0,27607:1747647671486:,1747647683257
counter/6/0/0/0,26591:1747647673225:,1747647683257
counter/10/0/0/0,24614:1747647668378:,1747647683257
counter/4/0/0/0,22945:1747647669798:,1747647683257
counter/8/0/0/0,27608:1747647671486:,1747647683257
counter/6/0/0/0,26592:1747647673242:,1747647683257
counter/10/0/0/0,24615:1747647668378:,1747647683257
counter/4/0/0/0,22946:1747647669798:,1747647683257
counter/8/0/0/0,27609:1747647671486:,1747647683257
counter/6/0/0/0,26593:1747647673242:,1747647683257
counter/10/0/0/0,24616:1747647668378:,1747647683257
counter/4/0/0/0,22947:1747647669798:,1747647683257
counter/8/0/0/0,27610:1747647671486:,1747647683257
counter/6/0/0/0,26594:1747647673242:,1747647683257
counter/10/0/0/0,24617:1747647668378:,1747647683257
counter/4/0/0/0,22948:1747647669798:,1747647683257
counter/8/0/0/0,27611:1747647671488:,1747647683257
counter/6/0/0/0,26595:1747647673242:,1747647683257
counter/10/0/0/0,24618:1747647668387:,1747647683257
counter/4/0/0/0,22949:1747647669799:,1747647683257
counter/8/0/0/0,27612:1747647671488:,1747647683257
counter/6/0/0/0,26596:1747647673242:,1747647683257
counter/10/0/0/0,24619:1747647668388:,1747647683257
counter/4/0/0/0,22950:1747647669799:,1747647683257
counter/8/0/0/0,27613:1747647671488:,1747647683257
counter/1/0/0/0,23755:1747647670303:,1747647683257
counter/6/0/0/0,26597:1747647673242:,1747647683258
counter/10/0/0/0,24620:1747647668388:,1747647683258
counter/4/0/0/0,22951:1747647669799:,1747647683258
counter/8/0/0/0,27614:1747647671488:,1747647683258
counter/6/0/0/0,26598:1747647673242:,1747647683258
counter/10/0/0/0,24621:1747647668388:,1747647683258
counter/4/0/0/0,22952:1747647669799:,1747647683258
counter/8/0/0/0,27615:1747647671488:,1747647683258
counter/6/0/0/0,26599:1747647673242:,1747647683258
counter/10/0/0/0,24622:1747647668388:,1747647683258
counter/4/0/0/0,22953:1747647669799:,1747647683258
counter/8/0/0/0,27616:1747647671488:,1747647683258
counter/3/0/0/0,23439:1747647669843:,1747647683258
counter/6/0/0/0,26600:1747647673242:,1747647683258
counter/10/0/0/0,24623:1747647668388:,1747647683258
counter/4/0/0/0,22954:1747647669799:,1747647683258
counter/8/0/0/0,27617:1747647671489:,1747647683258
counter/7/0/0/0,26210:1747647671269:,1747647683258
counter/6/0/0/0,26601:1747647673242:,1747647683258
counter/10/0/0/0,24624:1747647668388:,1747647683258
counter/4/0/0/0,22955:1747647669800:,1747647683258
counter/8/0/0/0,27618:1747647671489:,1747647683258
counter/7/0/0/0,26211:1747647671269:,1747647683258
counter/6/0/0/0,26602:1747647673242:,1747647683258
counter/10/0/0/0,24625:1747647668388:,1747647683258
counter/4/0/0/0,22956:1747647669800:,1747647683258
counter/8/0/0/0,27619:1747647671489:,1747647683258
counter/7/0/0/0,26212:1747647671269:,1747647683258
counter/6/0/0/0,26603:1747647673242:,1747647683258
counter/10/0/0/0,24626:1747647668388:,1747647683258
counter/4/0/0/0,22957:1747647669800:,1747647683258
counter/8/0/0/0,27620:1747647671489:,1747647683258
counter/7/0/0/0,26213:1747647671269:,1747647683258
counter/1/0/0/0,23756:1747647670304:,1747647683258
counter/6/0/0/0,26604:1747647673242:,1747647683258
counter/10/0/0/0,24627:1747647668388:,1747647683258
counter/4/0/0/0,22958:1747647669800:,1747647683258
counter/8/0/0/0,27621:1747647671489:,1747647683258
counter/1/0/0/0,23757:1747647670304:,1747647683258
counter/6/0/0/0,26605:1747647673242:,1747647683258
counter/10/0/0/0,24628:1747647668388:,1747647683259
counter/4/0/0/0,22959:1747647669800:,1747647683259
counter/8/0/0/0,27622:1747647671489:,1747647683259
counter/1/0/0/0,23758:1747647670304:,1747647683259
counter/6/0/0/0,26606:1747647673242:,1747647683259
counter/10/0/0/0,24629:1747647668388:,1747647683259
counter/4/0/0/0,22960:1747647669800:,1747647683259
counter/8/0/0/0,27623:1747647671489:,1747647683259
counter/1/0/0/0,23759:1747647670304:,1747647683259
counter/6/0/0/0,26607:1747647673242:,1747647683259
counter/10/0/0/0,24630:1747647668388:,1747647683259
counter/4/0/0/0,22961:1747647669800:,1747647683259
counter/8/0/0/0,27624:1747647671489:,1747647683259
counter/1/0/0/0,23760:1747647670304:,1747647683259
counter/6/0/0/0,26608:1747647673243:,1747647683259
counter/10/0/0/0,24631:1747647668388:,1747647683259
counter/4/0/0/0,22962:1747647669800:,1747647683259
counter/8/0/0/0,27625:1747647671489:,1747647683259
counter/1/0/0/0,23761:1747647670304:,1747647683259
counter/6/0/0/0,26609:1747647673243:,1747647683259
counter/10/0/0/0,24632:1747647668388:,1747647683259
counter/4/0/0/0,22963:1747647669800:,1747647683259
counter/8/0/0/0,27626:1747647671489:,1747647683259
counter/1/0/0/0,23762:1747647670304:,1747647683259
counter/6/0/0/0,26610:1747647673243:,1747647683259
counter/10/0/0/0,24633:1747647668389:,1747647683259
counter/4/0/0/0,22964:1747647669800:,1747647683259
counter/8/0/0/0,27627:1747647671489:,1747647683259
counter/1/0/0/0,23763:1747647670309:,1747647683259
counter/6/0/0/0,26611:1747647673243:,1747647683259
counter/10/0/0/0,24634:1747647668389:,1747647683259
counter/4/0/0/0,22965:1747647669800:,1747647683259
counter/8/0/0/0,27628:1747647671489:,1747647683259
counter/1/0/0/0,23764:1747647670309:,1747647683259
counter/6/0/0/0,26612:1747647673243:,1747647683259
counter/10/0/0/0,24635:1747647668389:,1747647683259
counter/4/0/0/0,22966:1747647669800:,1747647683259
counter/8/0/0/0,27629:1747647671489:,1747647683259
counter/1/0/0/0,23765:1747647670316:,1747647683259
counter/6/0/0/0,26613:1747647673243:,1747647683259
counter/10/0/0/0,24636:1747647668389:,1747647683259
counter/4/0/0/0,22967:1747647669800:,1747647683259
counter/8/0/0/0,27630:1747647671489:,1747647683260
counter/1/0/0/0,23766:1747647670316:,1747647683260
counter/6/0/0/0,26614:1747647673243:,1747647683260
counter/10/0/0/0,24637:1747647668389:,1747647683260
counter/4/0/0/0,22968:1747647669800:,1747647683260
counter/8/0/0/0,27631:1747647671489:,1747647683260
counter/1/0/0/0,23767:1747647670316:,1747647683260
counter/7/0/0/0,26214:1747647671269:,1747647683260
counter/6/0/0/0,26615:1747647673243:,1747647683260
counter/10/0/0/0,24638:1747647668389:,1747647683260
counter/4/0/0/0,22969:1747647669800:,1747647683260
counter/8/0/0/0,27632:1747647671489:,1747647683260
counter/1/0/0/0,23768:1747647670316:,1747647683260
counter/7/0/0/0,26215:1747647671269:,1747647683260
counter/6/0/0/0,26616:1747647673243:,1747647683260
counter/10/0/0/0,24639:1747647668389:,1747647683260
counter/4/0/0/0,22970:1747647669800:,1747647683260
counter/8/0/0/0,27633:1747647671489:,1747647683260
counter/1/0/0/0,23769:1747647670316:,1747647683260
counter/6/0/0/0,26617:1747647673243:,1747647683260
counter/10/0/0/0,24640:1747647668389:,1747647683260
counter/4/0/0/0,22971:1747647669800:,1747647683260
counter/8/0/0/0,27634:1747647671489:,1747647683260
counter/1/0/0/0,23770:1747647670316:,1747647683260
counter/6/0/0/0,26618:1747647673243:,1747647683260
counter/10/0/0/0,24641:1747647668389:,1747647683260
counter/4/0/0/0,22972:1747647669800:,1747647683260
counter/8/0/0/0,27635:1747647671489:,1747647683260
counter/1/0/0/0,23771:1747647670316:,1747647683260
counter/6/0/0/0,26619:1747647673243:,1747647683260
counter/10/0/0/0,24642:1747647668389:,1747647683260
counter/4/0/0/0,22973:1747647669800:,1747647683260
counter/8/0/0/0,27636:1747647671489:,1747647683260
counter/1/0/0/0,23772:1747647670317:,1747647683260
counter/6/0/0/0,26620:1747647673243:,1747647683260
counter/10/0/0/0,24643:1747647668389:,1747647683260
counter/4/0/0/0,22974:1747647669800:,1747647683260
counter/8/0/0/0,27637:1747647671489:,1747647683260
counter/1/0/0/0,23773:1747647670317:,1747647683260
counter/6/0/0/0,26621:1747647673243:,1747647683260
counter/10/0/0/0,24644:1747647668389:,1747647683260
counter/4/0/0/0,22975:1747647669800:,1747647683260
counter/8/0/0/0,27638:1747647671489:,1747647683260
counter/1/0/0/0,23774:1747647670317:,1747647683260
counter/6/0/0/0,26622:1747647673244:,1747647683260
counter/10/0/0/0,24645:1747647668389:,1747647683261
counter/4/0/0/0,22976:1747647669800:,1747647683261
counter/8/0/0/0,27639:1747647671489:,1747647683261
counter/1/0/0/0,23775:1747647670317:,1747647683261
counter/6/0/0/0,26623:1747647673244:,1747647683261
counter/10/0/0/0,24646:1747647668390:,1747647683261
counter/4/0/0/0,22977:1747647669800:,1747647683261
counter/8/0/0/0,27640:1747647671489:,1747647683261
counter/1/0/0/0,23776:1747647670317:,1747647683261
counter/6/0/0/0,26624:1747647673244:,1747647683261
counter/10/0/0/0,24647:1747647668390:,1747647683261
counter/4/0/0/0,22978:1747647669800:,1747647683261
counter/8/0/0/0,27641:1747647671489:,1747647683261
counter/1/0/0/0,23777:1747647670317:,1747647683261
counter/6/0/0/0,26625:1747647673244:,1747647683261
counter/10/0/0/0,24648:1747647668390:,1747647683261
counter/4/0/0/0,22979:1747647669801:,1747647683261
counter/8/0/0/0,27642:1747647671489:,1747647683261
counter/1/0/0/0,23778:1747647670317:,1747647683261
counter/6/0/0/0,26626:1747647673244:,1747647683261
counter/10/0/0/0,24649:1747647668411:,1747647683261
counter/4/0/0/0,22980:1747647669801:,1747647683261
counter/8/0/0/0,27643:1747647671490:,1747647683261
counter/1/0/0/0,23779:1747647670317:,1747647683261
counter/6/0/0/0,26627:1747647673244:,1747647683261
counter/10/0/0/0,24650:1747647668411:,1747647683261
counter/4/0/0/0,22981:1747647669801:,1747647683261
counter/8/0/0/0,27644:1747647671490:,1747647683261
counter/1/0/0/0,23780:1747647670318:,1747647683261
counter/6/0/0/0,26628:1747647673246:,1747647683261
counter/10/0/0/0,24651:1747647668411:,1747647683261
counter/4/0/0/0,22982:1747647669801:,1747647683261
counter/8/0/0/0,27645:1747647671492:,1747647683261
counter/1/0/0/0,23781:1747647670318:,1747647683261
counter/6/0/0/0,26629:1747647673246:,1747647683261
counter/10/0/0/0,24652:1747647668411:,1747647683261
counter/8/0/0/0,27646:1747647671492:,1747647683261
counter/1/0/0/0,23782:1747647670318:,1747647683261
counter/6/0/0/0,26630:1747647673246:,1747647683262
counter/10/0/0/0,24653:1747647668411:,1747647683262
counter/8/0/0/0,27647:1747647671492:,1747647683262
counter/1/0/0/0,23783:1747647670318:,1747647683262
counter/7/0/0/0,26216:1747647671269:,1747647683262
counter/6/0/0/0,26631:1747647673246:,1747647683262
counter/10/0/0/0,24654:1747647668411:,1747647683262
counter/8/0/0/0,27648:1747647671492:,1747647683262
counter/1/0/0/0,23784:1747647670318:,1747647683262
counter/6/0/0/0,26632:1747647673246:,1747647683262
counter/10/0/0/0,24655:1747647668411:,1747647683262
counter/8/0/0/0,27649:1747647671492:,1747647683262
counter/1/0/0/0,23785:1747647670318:,1747647683262
counter/6/0/0/0,26633:1747647673246:,1747647683262
counter/10/0/0/0,24656:1747647668411:,1747647683262
counter/8/0/0/0,27650:1747647671492:,1747647683262
counter/1/0/0/0,23786:1747647670318:,1747647683262
counter/3/0/0/0,23440:1747647669843:,1747647683262
counter/6/0/0/0,26634:1747647673246:,1747647683262
counter/10/0/0/0,24657:1747647668411:,1747647683262
counter/8/0/0/0,27651:1747647671492:,1747647683262
counter/1/0/0/0,23787:1747647670318:,1747647683262
counter/7/0/0/0,26217:1747647671269:,1747647683262
counter/6/0/0/0,26635:1747647673246:,1747647683262
counter/10/0/0/0,24658:1747647668411:,1747647683262
counter/8/0/0/0,27652:1747647671492:,1747647683262
counter/1/0/0/0,23788:1747647670318:,1747647683262
counter/7/0/0/0,26218:1747647671269:,1747647683262
counter/6/0/0/0,26636:1747647673246:,1747647683262
counter/10/0/0/0,24659:1747647668412:,1747647683262
counter/8/0/0/0,27653:1747647671492:,1747647683262
counter/1/0/0/0,23789:1747647670318:,1747647683262
counter/6/0/0/0,26637:1747647673246:,1747647683262
counter/10/0/0/0,24660:1747647668412:,1747647683262
counter/8/0/0/0,27654:1747647671492:,1747647683262
counter/1/0/0/0,23790:1747647670318:,1747647683262
counter/6/0/0/0,26638:1747647673246:,1747647683262
counter/10/0/0/0,24661:1747647668412:,1747647683262
counter/8/0/0/0,27655:1747647671492:,1747647683262
counter/1/0/0/0,23791:1747647670318:,1747647683262
counter/6/0/0/0,26639:1747647673247:,1747647683262
counter/10/0/0/0,24662:1747647668412:,1747647683262
counter/8/0/0/0,27656:1747647671492:,1747647683263
counter/1/0/0/0,23792:1747647670318:,1747647683263
counter/4/0/0/0,22983:1747647669801:,1747647683263
counter/6/0/0/0,26640:1747647673247:,1747647683263
counter/10/0/0/0,24663:1747647668414:,1747647683263
counter/8/0/0/0,27657:1747647671493:,1747647683263
counter/1/0/0/0,23793:1747647670318:,1747647683263
counter/5/0/0/0,27155:1747647671759:,1747647683263
counter/6/0/0/0,26641:1747647673247:,1747647683263
counter/10/0/0/0,24664:1747647668414:,1747647683263
counter/8/0/0/0,27658:1747647671493:,1747647683263
counter/1/0/0/0,23794:1747647670318:,1747647683263
counter/6/0/0/0,26642:1747647673255:,1747647683263
counter/10/0/0/0,24665:1747647668414:,1747647683263
counter/8/0/0/0,27659:1747647671493:,1747647683263
counter/1/0/0/0,23795:1747647670318:,1747647683263
counter/6/0/0/0,26643:1747647673255:,1747647683263
counter/10/0/0/0,24666:1747647668414:,1747647683263
counter/8/0/0/0,27660:1747647671493:,1747647683263
counter/1/0/0/0,23796:1747647670318:,1747647683263
counter/6/0/0/0,26644:1747647673255:,1747647683263
counter/10/0/0/0,24667:1747647668415:,1747647683263
counter/8/0/0/0,27661:1747647671493:,1747647683263
counter/1/0/0/0,23797:1747647670318:,1747647683263
counter/6/0/0/0,26645:1747647673255:,1747647683263
counter/10/0/0/0,24668:1747647668415:,1747647683263
counter/8/0/0/0,27662:1747647671493:,1747647683263
counter/1/0/0/0,23798:1747647670318:,1747647683263
counter/7/0/0/0,26219:1747647671269:,1747647683263
counter/4/0/0/0,22984:1747647669801:,1747647683263
counter/6/0/0/0,26646:1747647673255:,1747647683263
counter/10/0/0/0,24669:1747647668415:,1747647683263
counter/8/0/0/0,27663:1747647671493:,1747647683263
counter/1/0/0/0,23799:1747647670318:,1747647683263
counter/6/0/0/0,26647:1747647673255:,1747647683263
counter/10/0/0/0,24670:1747647668415:,1747647683264
counter/8/0/0/0,27664:1747647671493:,1747647683264
counter/1/0/0/0,23800:1747647670325:,1747647683264
counter/6/0/0/0,26648:1747647673256:,1747647683264
counter/10/0/0/0,24671:1747647668415:,1747647683264
counter/8/0/0/0,27665:1747647671493:,1747647683264
counter/1/0/0/0,23801:1747647670325:,1747647683264
counter/3/0/0/0,23441:1747647669843:,1747647683264
counter/6/0/0/0,26649:1747647673256:,1747647683264
counter/10/0/0/0,24672:1747647668415:,1747647683264
counter/8/0/0/0,27666:1747647671493:,1747647683264
counter/1/0/0/0,23802:1747647670325:,1747647683264
counter/6/0/0/0,26650:1747647673257:,1747647683264
counter/10/0/0/0,24673:1747647668415:,1747647683264
counter/8/0/0/0,27667:1747647671493:,1747647683264
counter/1/0/0/0,23803:1747647670325:,1747647683264
counter/6/0/0/0,26651:1747647673257:,1747647683264
counter/10/0/0/0,24674:1747647668415:,1747647683264
counter/8/0/0/0,27668:1747647671494:,1747647683264
counter/1/0/0/0,23804:1747647670325:,1747647683264
counter/6/0/0/0,26652:1747647673257:,1747647683264
counter/10/0/0/0,24675:1747647668415:,1747647683264
counter/8/0/0/0,27669:1747647671494:,1747647683264
counter/1/0/0/0,23805:1747647670325:,1747647683264
counter/7/0/0/0,26220:1747647671274:,1747647683264
counter/6/0/0/0,26653:1747647673257:,1747647683264
counter/10/0/0/0,24676:1747647668415:,1747647683264
counter/8/0/0/0,27670:1747647671494:,1747647683264
counter/1/0/0/0,23806:1747647670325:,1747647683264
counter/6/0/0/0,26654:1747647673257:,1747647683264
counter/10/0/0/0,24677:1747647668415:,1747647683264
counter/8/0/0/0,27671:1747647671494:,1747647683264
counter/1/0/0/0,23807:1747647670325:,1747647683264
counter/6/0/0/0,26655:1747647673265:,1747647683264
counter/10/0/0/0,24678:1747647668415:,1747647683264
counter/8/0/0/0,27672:1747647671499:,1747647683264
counter/1/0/0/0,23808:1747647670332:,1747647683264
counter/6/0/0/0,26656:1747647673265:,1747647683264
counter/10/0/0/0,24679:1747647668415:,1747647683264
counter/8/0/0/0,27673:1747647671499:,1747647683264
counter/1/0/0/0,23809:1747647670332:,1747647683264
counter/6/0/0/0,26657:1747647673265:,1747647683264
counter/10/0/0/0,24680:1747647668423:,1747647683265
counter/8/0/0/0,27674:1747647671499:,1747647683265
counter/1/0/0/0,23810:1747647670332:,1747647683265
counter/6/0/0/0,26658:1747647673265:,1747647683265
counter/10/0/0/0,24681:1747647668423:,1747647683265
counter/8/0/0/0,27675:1747647671499:,1747647683265
counter/1/0/0/0,23811:1747647670332:,1747647683265
counter/6/0/0/0,26659:1747647673265:,1747647683265
counter/10/0/0/0,24682:1747647668423:,1747647683265
counter/8/0/0/0,27676:1747647671499:,1747647683265
counter/1/0/0/0,23812:1747647670332:,1747647683265
counter/6/0/0/0,26660:1747647673265:,1747647683265
counter/10/0/0/0,24683:1747647668423:,1747647683265
counter/8/0/0/0,27677:1747647671499:,1747647683265
counter/1/0/0/0,23813:1747647670332:,1747647683265
counter/6/0/0/0,26661:1747647673265:,1747647683265
counter/10/0/0/0,24684:1747647668423:,1747647683265
counter/8/0/0/0,27678:1747647671499:,1747647683265
counter/1/0/0/0,23814:1747647670332:,1747647683265
counter/6/0/0/0,26662:1747647673265:,1747647683265
counter/10/0/0/0,24685:1747647668423:,1747647683265
counter/8/0/0/0,27679:1747647671499:,1747647683265
counter/1/0/0/0,23815:1747647670332:,1747647683265
counter/6/0/0/0,26663:1747647673295:,1747647683265
counter/10/0/0/0,24686:1747647668424:,1747647683265
counter/1/0/0/0,23816:1747647670332:,1747647683265
counter/6/0/0/0,26664:1747647673297:,1747647683265
counter/10/0/0/0,24687:1747647668424:,1747647683265
counter/1/0/0/0,23817:1747647670332:,1747647683265
counter/6/0/0/0,26665:1747647673297:,1747647683265
counter/10/0/0/0,24688:1747647668424:,1747647683265
counter/1/0/0/0,23818:1747647670332:,1747647683265
counter/6/0/0/0,26666:1747647673297:,1747647683265
counter/10/0/0/0,24689:1747647668424:,1747647683265
counter/1/0/0/0,23819:1747647670332:,1747647683265
counter/6/0/0/0,26667:1747647673297:,1747647683265
counter/10/0/0/0,24690:1747647668424:,1747647683265
counter/1/0/0/0,23820:1747647670363:,1747647683265
counter/6/0/0/0,26668:1747647673297:,1747647683265
counter/10/0/0/0,24691:1747647668424:,1747647683266
counter/1/0/0/0,23821:1747647670363:,1747647683266
counter/3/0/0/0,23442:1747647669843:,1747647683266
counter/6/0/0/0,26669:1747647673297:,1747647683266
counter/10/0/0/0,24692:1747647668424:,1747647683266
counter/1/0/0/0,23822:1747647670363:,1747647683266
counter/7/0/0/0,26221:1747647671274:,1747647683266
counter/6/0/0/0,26670:1747647673298:,1747647683266
counter/10/0/0/0,24693:1747647668433:,1747647683266
counter/1/0/0/0,23823:1747647670363:,1747647683266
counter/7/0/0/0,26222:1747647671274:,1747647683266
counter/6/0/0/0,26671:1747647673298:,1747647683266
counter/10/0/0/0,24694:1747647668433:,1747647683266
counter/1/0/0/0,23824:1747647670363:,1747647683266
counter/7/0/0/0,26223:1747647671274:,1747647683266
counter/6/0/0/0,26672:1747647673298:,1747647683266
counter/10/0/0/0,24695:1747647668433:,1747647683266
counter/1/0/0/0,23825:1747647670363:,1747647683266
counter/7/0/0/0,26224:1747647671274:,1747647683266
counter/6/0/0/0,26673:1747647673298:,1747647683266
counter/1/0/0/0,23826:1747647670363:,1747647683266
counter/7/0/0/0,26225:1747647671274:,1747647683266
counter/6/0/0/0,26674:1747647673298:,1747647683266
counter/1/0/0/0,23827:1747647670363:,1747647683266
counter/7/0/0/0,26226:1747647671274:,1747647683266
counter/6/0/0/0,26675:1747647673298:,1747647683266
counter/1/0/0/0,23828:1747647670363:,1747647683266
counter/7/0/0/0,26227:1747647671274:,1747647683266
counter/6/0/0/0,26676:1747647673298:,1747647683266
counter/1/0/0/0,23829:1747647670363:,1747647683266
counter/7/0/0/0,26228:1747647671274:,1747647683266
counter/6/0/0/0,26677:1747647673298:,1747647683266
counter/1/0/0/0,23830:1747647670363:,1747647683266
counter/7/0/0/0,26229:1747647671274:,1747647683266
counter/6/0/0/0,26678:1747647673298:,1747647683266
counter/1/0/0/0,23831:1747647670363:,1747647683266
counter/7/0/0/0,26230:1747647671279:,1747647683266
counter/6/0/0/0,26679:1747647673300:,1747647683267
counter/1/0/0/0,23832:1747647670363:,1747647683267
counter/7/0/0/0,26231:1747647671280:,1747647683267
counter/6/0/0/0,26680:1747647673300:,1747647683267
counter/1/0/0/0,23833:1747647670375:,1747647683267
counter/7/0/0/0,26232:1747647671280:,1747647683267
counter/6/0/0/0,26681:1747647673300:,1747647683267
counter/1/0/0/0,23834:1747647670380:,1747647683267
counter/7/0/0/0,26233:1747647671280:,1747647683267
counter/6/0/0/0,26682:1747647673300:,1747647683267
counter/1/0/0/0,23835:1747647670380:,1747647683267
counter/7/0/0/0,26234:1747647671280:,1747647683267
counter/6/0/0/0,26683:1747647673300:,1747647683267
counter/1/0/0/0,23836:1747647670380:,1747647683267
counter/7/0/0/0,26235:1747647671281:,1747647683267
counter/6/0/0/0,26684:1747647673300:,1747647683267
counter/1/0/0/0,23837:1747647670381:,1747647683267
counter/7/0/0/0,26236:1747647671281:,1747647683267
counter/6/0/0/0,26685:1747647673300:,1747647683267
counter/1/0/0/0,23838:1747647670381:,1747647683267
counter/7/0/0/0,26237:1747647671281:,1747647683267
counter/6/0/0/0,26686:1747647673300:,1747647683267
counter/1/0/0/0,23839:1747647670381:,1747647683267
counter/7/0/0/0,26238:1747647671281:,1747647683267
counter/6/0/0/0,26687:1747647673301:,1747647683267
counter/1/0/0/0,23840:1747647670381:,1747647683267
counter/7/0/0/0,26239:1747647671281:,1747647683267
counter/6/0/0/0,26688:1747647673301:,1747647683267
counter/1/0/0/0,23841:1747647670381:,1747647683267
counter/7/0/0/0,26240:1747647671282:,1747647683267
counter/1/0/0/0,23842:1747647670381:,1747647683267
counter/1/0/0/0,23843:1747647670381:,1747647683267
counter/1/0/0/0,23844:1747647670381:,1747647683267
counter/1/0/0/0,23845:1747647670381:,1747647683267
counter/1/0/0/0,23846:1747647670381:,1747647683267
counter/1/0/0/0,23847:1747647670381:,1747647683267
counter/1/0/0/0,23848:1747647670381:,1747647683267
counter/1/0/0/0,23849:1747647670381:,1747647683267
counter/1/0/0/0,23850:1747647670381:,1747647683267
counter/1/0/0/0,23851:1747647670381:,1747647683268
counter/1/0/0/0,23852:1747647670381:,1747647683268
counter/1/0/0/0,23853:1747647670381:,1747647683268
counter/1/0/0/0,23854:1747647670381:,1747647683268
counter/1/0/0/0,23855:1747647670381:,1747647683268
counter/1/0/0/0,23856:1747647670381:,1747647683268
counter/1/0/0/0,23857:1747647670381:,1747647683268
counter/1/0/0/0,23858:1747647670381:,1747647683268
counter/1/0/0/0,23859:1747647670381:,1747647683268
counter/1/0/0/0,23860:1747647670381:,1747647683268
counter/1/0/0/0,23861:1747647670382:,1747647683268
counter/1/0/0/0,23862:1747647670382:,1747647683268
counter/1/0/0/0,23863:1747647670382:,1747647683268
counter/1/0/0/0,23864:1747647670382:,1747647683268
counter/1/0/0/0,23865:1747647670382:,1747647683268
counter/8/0/0/0,27680:1747647671499:,1747647683268
counter/1/0/0/0,23866:1747647670382:,1747647683268
counter/3/0/0/0,23443:1747647669843:,1747647683268
counter/1/0/0/0,23867:1747647670382:,1747647683268
counter/4/0/0/0,22985:1747647669801:,1747647683268
counter/1/0/0/0,23868:1747647670393:,1747647683268
counter/8/0/0/0,27681:1747647671500:,1747647683268
counter/6/0/0/0,26689:1747647673301:,1747647683268
counter/8/0/0/0,27682:1747647671500:,1747647683268
counter/8/0/0/0,27683:1747647671500:,1747647683268
counter/8/0/0/0,27684:1747647671500:,1747647683268
counter/8/0/0/0,27685:1747647671500:,1747647683268
counter/8/0/0/0,27686:1747647671500:,1747647683268
counter/8/0/0/0,27687:1747647671500:,1747647683268
counter/8/0/0/0,27688:1747647671500:,1747647683268
counter/8/0/0/0,27689:1747647671500:,1747647683268
counter/8/0/0/0,27690:1747647671500:,1747647683268
counter/8/0/0/0,27691:1747647671500:,1747647683268
counter/8/0/0/0,27692:1747647671500:,1747647683268
counter/8/0/0/0,27693:1747647671501:,1747647683268
counter/8/0/0/0,27694:1747647671501:,1747647683269
counter/8/0/0/0,27695:1747647671501:,1747647683269
counter/8/0/0/0,27696:1747647671501:,1747647683269
counter/8/0/0/0,27697:1747647671513:,1747647683269
counter/8/0/0/0,27698:1747647671513:,1747647683269
counter/8/0/0/0,27699:1747647671513:,1747647683269
counter/8/0/0/0,27700:1747647671513:,1747647683269
counter/8/0/0/0,27701:1747647671513:,1747647683269
counter/8/0/0/0,27702:1747647671513:,1747647683269
counter/8/0/0/0,27703:1747647671513:,1747647683269
counter/8/0/0/0,27704:1747647671513:,1747647683269
counter/8/0/0/0,27705:1747647671513:,1747647683269
counter/8/0/0/0,27706:1747647671514:,1747647683269
counter/8/0/0/0,27707:1747647671514:,1747647683269
counter/8/0/0/0,27708:1747647671514:,1747647683269
counter/8/0/0/0,27709:1747647671514:,1747647683269
counter/8/0/0/0,27710:1747647671514:,1747647683269
counter/8/0/0/0,27711:1747647671515:,1747647683269
counter/8/0/0/0,27712:1747647671515:,1747647683269
counter/8/0/0/0,27713:1747647671515:,1747647683269
counter/8/0/0/0,27714:1747647671515:,1747647683269
counter/8/0/0/0,27715:1747647671515:,1747647683269
counter/8/0/0/0,27716:1747647671517:,1747647683269
counter/8/0/0/0,27717:1747647671517:,1747647683269
counter/8/0/0/0,27718:1747647671517:,1747647683269
counter/8/0/0/0,27719:1747647671517:,1747647683269
counter/8/0/0/0,27720:1747647671517:,1747647683269
counter/8/0/0/0,27721:1747647671517:,1747647683269
counter/8/0/0/0,27722:1747647671517:,1747647683269
counter/8/0/0/0,27723:1747647671517:,1747647683269
counter/8/0/0/0,27724:1747647671517:,1747647683269
counter/8/0/0/0,27725:1747647671517:,1747647683269
counter/8/0/0/0,27726:1747647671517:,1747647683269
counter/8/0/0/0,27727:1747647671517:,1747647683269
counter/8/0/0/0,27728:1747647671517:,1747647683269
counter/8/0/0/0,27729:1747647671517:,1747647683269
counter/8/0/0/0,27730:1747647671519:,1747647683269
counter/8/0/0/0,27731:1747647671519:,1747647683269
counter/8/0/0/0,27732:1747647671519:,1747647683269
counter/8/0/0/0,27733:1747647671519:,1747647683269
counter/8/0/0/0,27734:1747647671519:,1747647683269
counter/8/0/0/0,27735:1747647671519:,1747647683270
counter/8/0/0/0,27736:1747647671519:,1747647683270
counter/8/0/0/0,27737:1747647671520:,1747647683270
counter/8/0/0/0,27738:1747647671520:,1747647683270
counter/8/0/0/0,27739:1747647671520:,1747647683270
counter/8/0/0/0,27740:1747647671520:,1747647683270
counter/8/0/0/0,27741:1747647671520:,1747647683270
counter/8/0/0/0,27742:1747647671520:,1747647683270
counter/8/0/0/0,27743:1747647671520:,1747647683270
counter/8/0/0/0,27744:1747647671526:,1747647683270
counter/8/0/0/0,27745:1747647671526:,1747647683270
counter/8/0/0/0,27746:1747647671526:,1747647683270
counter/8/0/0/0,27747:1747647671526:,1747647683270
counter/8/0/0/0,27748:1747647671526:,1747647683270
counter/8/0/0/0,27749:1747647671526:,1747647683270
counter/8/0/0/0,27750:1747647671526:,1747647683270
counter/8/0/0/0,27751:1747647671526:,1747647683270
counter/8/0/0/0,27752:1747647671526:,1747647683270
counter/8/0/0/0,27753:1747647671526:,1747647683270
counter/8/0/0/0,27754:1747647671526:,1747647683270
counter/8/0/0/0,27755:1747647671526:,1747647683270
counter/8/0/0/0,27756:1747647671526:,1747647683270
counter/8/0/0/0,27757:1747647671526:,1747647683270
counter/8/0/0/0,27758:1747647671526:,1747647683270
counter/8/0/0/0,27759:1747647671526:,1747647683270
counter/8/0/0/0,27760:1747647671526:,1747647683270
counter/8/0/0/0,27761:1747647671526:,1747647683270
counter/8/0/0/0,27762:1747647671526:,1747647683270
counter/8/0/0/0,27763:1747647671526:,1747647683270
counter/8/0/0/0,27764:1747647671526:,1747647683270
counter/8/0/0/0,27765:1747647671526:,1747647683270
counter/8/0/0/0,27766:1747647671528:,1747647683270
counter/8/0/0/0,27767:1747647671530:,1747647683270
counter/8/0/0/0,27768:1747647671532:,1747647683270
counter/8/0/0/0,27769:1747647671535:,1747647683270
counter/8/0/0/0,27770:1747647671535:,1747647683270
counter/6/0/0/0,26690:1747647673301:,1747647683270
counter/8/0/0/0,27771:1747647671535:,1747647683270
counter/1/0/0/0,23869:1747647670393:,1747647683270
counter/8/0/0/0,27772:1747647671535:,1747647683271
counter/3/0/0/0,23444:1747647669843:,1747647683271
counter/4/0/0/0,22986:1747647669801:,1747647683271
counter/8/0/0/0,27773:1747647671535:,1747647683271
counter/8/0/0/0,27774:1747647671535:,1747647683271
counter/8/0/0/0,27775:1747647671535:,1747647683271
counter/8/0/0/0,27776:1747647671535:,1747647683271
counter/8/0/0/0,27777:1747647671535:,1747647683271
counter/8/0/0/0,27778:1747647671535:,1747647683271
counter/8/0/0/0,27779:1747647671535:,1747647683271
counter/8/0/0/0,27780:1747647671536:,1747647683271
counter/8/0/0/0,27781:1747647671537:,1747647683271
counter/8/0/0/0,27782:1747647671537:,1747647683271
counter/8/0/0/0,27783:1747647671537:,1747647683271
counter/8/0/0/0,27784:1747647671537:,1747647683271
counter/7/0/0/0,26241:1747647671291:,1747647683271
counter/8/0/0/0,27785:1747647671537:,1747647683271
counter/8/0/0/0,27786:1747647671537:,1747647683271
counter/8/0/0/0,27787:1747647671538:,1747647683271
counter/8/0/0/0,27788:1747647671538:,1747647683271
counter/8/0/0/0,27789:1747647671538:,1747647683271
counter/8/0/0/0,27790:1747647671538:,1747647683271
counter/8/0/0/0,27791:1747647671538:,1747647683271
counter/6/0/0/0,26691:1747647673309:,1747647683271
counter/8/0/0/0,27792:1747647671538:,1747647683271
counter/1/0/0/0,23870:1747647670393:,1747647683271
counter/3/0/0/0,23445:1747647669843:,1747647683271
counter/8/0/0/0,27793:1747647671538:,1747647683271
counter/4/0/0/0,22987:1747647669801:,1747647683271
counter/8/0/0/0,27794:1747647671538:,1747647683271
counter/8/0/0/0,27795:1747647671539:,1747647683271
counter/8/0/0/0,27796:1747647671545:,1747647683271
counter/8/0/0/0,27797:1747647671545:,1747647683271
counter/8/0/0/0,27798:1747647671545:,1747647683271
counter/8/0/0/0,27799:1747647671545:,1747647683271
counter/8/0/0/0,27800:1747647671545:,1747647683272
counter/8/0/0/0,27801:1747647671551:,1747647683272
counter/8/0/0/0,27802:1747647671559:,1747647683272
counter/5/0/0/0,27156:1747647671759:,1747647683272
counter/8/0/0/0,27803:1747647671559:,1747647683272
counter/6/0/0/0,26692:1747647673315:,1747647683272
counter/1/0/0/0,23871:1747647670393:,1747647683272
counter/8/0/0/0,27804:1747647671559:,1747647683272
counter/3/0/0/0,23446:1747647669843:,1747647683272
counter/4/0/0/0,22988:1747647669801:,1747647683272
counter/7/0/0/0,26242:1747647671291:,1747647683272
counter/8/0/0/0,27805:1747647671559:,1747647683272
counter/8/0/0/0,27806:1747647671559:,1747647683272
counter/8/0/0/0,27807:1747647671559:,1747647683272
counter/8/0/0/0,27808:1747647671559:,1747647683272
counter/8/0/0/0,27809:1747647671560:,1747647683272
counter/8/0/0/0,27810:1747647671560:,1747647683272
counter/8/0/0/0,27811:1747647671560:,1747647683272
counter/8/0/0/0,27812:1747647671560:,1747647683272
counter/8/0/0/0,27813:1747647671560:,1747647683272
counter/8/0/0/0,27814:1747647671560:,1747647683272
counter/8/0/0/0,27815:1747647671560:,1747647683272
counter/8/0/0/0,27816:1747647671560:,1747647683272
counter/8/0/0/0,27817:1747647671560:,1747647683272
counter/8/0/0/0,27818:1747647671560:,1747647683272
counter/8/0/0/0,27819:1747647671560:,1747647683272
counter/10/0/0/0,24696:1747647668433:,1747647683272
counter/4/0/0/0,22989:1747647669801:,1747647683272
counter/8/0/0/0,27820:1747647671560:,1747647683272
counter/7/0/0/0,26243:1747647671291:,1747647683272
counter/8/0/0/0,27821:1747647671560:,1747647683272
counter/8/0/0/0,27822:1747647671560:,1747647683272
counter/8/0/0/0,27823:1747647671560:,1747647683272
counter/8/0/0/0,27824:1747647671560:,1747647683272
counter/8/0/0/0,27825:1747647671560:,1747647683272
counter/8/0/0/0,27826:1747647671560:,1747647683272
counter/8/0/0/0,27827:1747647671560:,1747647683272
counter/8/0/0/0,27828:1747647671560:,1747647683272
counter/8/0/0/0,27829:1747647671560:,1747647683272
counter/5/0/0/0,27157:1747647671759:,1747647683272
counter/8/0/0/0,27830:1747647671560:,1747647683272
counter/4/0/0/0,22990:1747647669801:,1747647683272
counter/7/0/0/0,26244:1747647671291:,1747647683273
counter/8/0/0/0,27831:1747647671560:,1747647683273
counter/7/0/0/0,26245:1747647671291:,1747647683273
counter/8/0/0/0,27832:1747647671561:,1747647683273
counter/7/0/0/0,26246:1747647671291:,1747647683273
counter/8/0/0/0,27833:1747647671561:,1747647683273
counter/7/0/0/0,26247:1747647671292:,1747647683273
counter/8/0/0/0,27834:1747647671561:,1747647683273
counter/7/0/0/0,26248:1747647671292:,1747647683273
counter/8/0/0/0,27835:1747647671561:,1747647683273
counter/8/0/0/0,27836:1747647671561:,1747647683273
counter/8/0/0/0,27837:1747647671561:,1747647683273
counter/8/0/0/0,27838:1747647671561:,1747647683273
counter/8/0/0/0,27839:1747647671561:,1747647683273
counter/8/0/0/0,27840:1747647671561:,1747647683273
counter/8/0/0/0,27841:1747647671561:,1747647683273
counter/8/0/0/0,27842:1747647671575:,1747647683273
counter/5/0/0/0,27158:1747647671759:,1747647683273
counter/8/0/0/0,27843:1747647671575:,1747647683273
counter/4/0/0/0,22991:1747647669801:,1747647683273
counter/3/0/0/0,23447:1747647669843:,1747647683273
counter/8/0/0/0,27844:1747647671575:,1747647683273
counter/1/0/0/0,23872:1747647670393:,1747647683273
counter/8/0/0/0,27845:1747647671575:,1747647683273
counter/8/0/0/0,27846:1747647671575:,1747647683273
counter/8/0/0/0,27847:1747647671576:,1747647683273
counter/10/0/0/0,24697:1747647668433:,1747647683273
counter/8/0/0/0,27848:1747647671576:,1747647683273
counter/3/0/0/0,23448:1747647669843:,1747647683273
counter/1/0/0/0,23873:1747647670393:,1747647683273
counter/7/0/0/0,26249:1747647671292:,1747647683273
counter/8/0/0/0,27849:1747647671576:,1747647683273
counter/7/0/0/0,26250:1747647671292:,1747647683273
counter/8/0/0/0,27850:1747647671576:,1747647683273
counter/7/0/0/0,26251:1747647671292:,1747647683273
counter/8/0/0/0,27851:1747647671576:,1747647683273
counter/7/0/0/0,26252:1747647671292:,1747647683273
counter/8/0/0/0,27852:1747647671576:,1747647683273
counter/7/0/0/0,26253:1747647671292:,1747647683273
counter/8/0/0/0,27853:1747647671576:,1747647683274
counter/7/0/0/0,26254:1747647671293:,1747647683274
counter/8/0/0/0,27854:1747647671576:,1747647683274
counter/7/0/0/0,26255:1747647671293:,1747647683274
counter/8/0/0/0,27855:1747647671576:,1747647683274
counter/7/0/0/0,26256:1747647671293:,1747647683274
counter/7/0/0/0,26257:1747647671293:,1747647683274
counter/7/0/0/0,26258:1747647671293:,1747647683274
counter/7/0/0/0,26259:1747647671294:,1747647683274
counter/10/0/0/0,24698:1747647668433:,1747647683274
counter/7/0/0/0,26260:1747647671294:,1747647683274
counter/8/0/0/0,27856:1747647671576:,1747647683274
counter/4/0/0/0,22992:1747647669801:,1747647683274
counter/7/0/0/0,26261:1747647671294:,1747647683274
counter/8/0/0/0,27857:1747647671576:,1747647683274
counter/3/0/0/0,23449:1747647669843:,1747647683274
counter/1/0/0/0,23874:1747647670393:,1747647683274
counter/7/0/0/0,26262:1747647671295:,1747647683274
counter/7/0/0/0,26263:1747647671295:,1747647683274
counter/7/0/0/0,26264:1747647671295:,1747647683274
counter/7/0/0/0,26265:1747647671295:,1747647683274
counter/7/0/0/0,26266:1747647671304:,1747647683274
counter/7/0/0/0,26267:1747647671304:,1747647683274
counter/7/0/0/0,26268:1747647671304:,1747647683274
counter/7/0/0/0,26269:1747647671304:,1747647683274
counter/7/0/0/0,26270:1747647671304:,1747647683274
counter/7/0/0/0,26271:1747647671304:,1747647683274
counter/7/0/0/0,26272:1747647671304:,1747647683274
counter/7/0/0/0,26273:1747647671304:,1747647683274
counter/7/0/0/0,26274:1747647671304:,1747647683274
counter/7/0/0/0,26275:1747647671304:,1747647683274
counter/3/0/0/0,23450:1747647669844:,1747647683274
counter/1/0/0/0,23875:1747647670393:,1747647683274
counter/7/0/0/0,26276:1747647671304:,1747647683274
counter/7/0/0/0,26277:1747647671304:,1747647683274
counter/7/0/0/0,26278:1747647671305:,1747647683274
counter/7/0/0/0,26279:1747647671305:,1747647683274
counter/7/0/0/0,26280:1747647671305:,1747647683274
counter/7/0/0/0,26281:1747647671305:,1747647683274
counter/7/0/0/0,26282:1747647671305:,1747647683274
counter/7/0/0/0,26283:1747647671309:,1747647683274
counter/7/0/0/0,26284:1747647671321:,1747647683274
counter/7/0/0/0,26285:1747647671321:,1747647683275
counter/7/0/0/0,26286:1747647671321:,1747647683275
counter/7/0/0/0,26287:1747647671321:,1747647683275
counter/7/0/0/0,26288:1747647671324:,1747647683275
counter/1/0/0/0,23876:1747647670393:,1747647683275
counter/3/0/0/0,23451:1747647669844:,1747647683275
counter/4/0/0/0,22993:1747647669801:,1747647683275
counter/9/0/0/0,29410:1747647672884:,1747647683275
counter/8/0/0/0,27858:1747647671576:,1747647683275
counter/9/0/0/0,29411:1747647672884:,1747647683275
counter/1/0/0/0,23877:1747647670393:,1747647683275
counter/7/0/0/0,26289:1747647671324:,1747647683275
counter/9/0/0/0,29412:1747647672884:,1747647683275
counter/7/0/0/0,26290:1747647671324:,1747647683275
counter/9/0/0/0,29413:1747647672884:,1747647683275
counter/7/0/0/0,26291:1747647671324:,1747647683275
counter/9/0/0/0,29414:1747647672884:,1747647683275
counter/7/0/0/0,26292:1747647671324:,1747647683275
counter/9/0/0/0,29415:1747647672884:,1747647683275
counter/7/0/0/0,26293:1747647671324:,1747647683275
counter/9/0/0/0,29416:1747647672885:,1747647683275
counter/7/0/0/0,26294:1747647671326:,1747647683275
counter/9/0/0/0,29417:1747647672885:,1747647683275
counter/7/0/0/0,26295:1747647671358:,1747647683275
counter/9/0/0/0,29418:1747647672885:,1747647683275
counter/7/0/0/0,26296:1747647671358:,1747647683275
counter/9/0/0/0,29419:1747647672885:,1747647683275
counter/7/0/0/0,26297:1747647671360:,1747647683275
counter/5/0/0/0,27159:1747647671759:,1747647683275
counter/9/0/0/0,29420:1747647672885:,1747647683275
counter/7/0/0/0,26298:1747647671360:,1747647683275
counter/1/0/0/0,23878:1747647670393:,1747647683275
counter/9/0/0/0,29421:1747647672885:,1747647683275
counter/7/0/0/0,26299:1747647671360:,1747647683275
counter/9/0/0/0,29422:1747647672885:,1747647683275
counter/7/0/0/0,26300:1747647671360:,1747647683275
counter/9/0/0/0,29423:1747647672887:,1747647683275
counter/7/0/0/0,26301:1747647671360:,1747647683275
counter/9/0/0/0,29424:1747647672887:,1747647683275
counter/7/0/0/0,26302:1747647671360:,1747647683275
counter/9/0/0/0,29425:1747647672887:,1747647683276
counter/7/0/0/0,26303:1747647671360:,1747647683276
counter/9/0/0/0,29426:1747647672887:,1747647683276
counter/7/0/0/0,26304:1747647671361:,1747647683276
counter/9/0/0/0,29427:1747647672887:,1747647683276
counter/7/0/0/0,26305:1747647671361:,1747647683276
counter/9/0/0/0,29428:1747647672891:,1747647683276
counter/7/0/0/0,26306:1747647671361:,1747647683276
counter/9/0/0/0,29429:1747647672891:,1747647683276
counter/7/0/0/0,26307:1747647671361:,1747647683276
counter/9/0/0/0,29430:1747647672892:,1747647683276
counter/7/0/0/0,26308:1747647671361:,1747647683276
counter/9/0/0/0,29431:1747647672892:,1747647683276
counter/7/0/0/0,26309:1747647671362:,1747647683276
counter/9/0/0/0,29432:1747647672892:,1747647683276
counter/7/0/0/0,26310:1747647671362:,1747647683276
counter/9/0/0/0,29433:1747647672892:,1747647683276
counter/7/0/0/0,26311:1747647671362:,1747647683276
counter/9/0/0/0,29434:1747647672892:,1747647683276
counter/7/0/0/0,26312:1747647671362:,1747647683276
counter/9/0/0/0,29435:1747647672892:,1747647683276
counter/9/0/0/0,29436:1747647672892:,1747647683276
counter/9/0/0/0,29437:1747647672892:,1747647683276
counter/9/0/0/0,29438:1747647672892:,1747647683276
counter/9/0/0/0,29439:1747647672892:,1747647683276
counter/9/0/0/0,29440:1747647672892:,1747647683276
counter/9/0/0/0,29441:1747647672892:,1747647683276
counter/9/0/0/0,29442:1747647672892:,1747647683276
counter/9/0/0/0,29443:1747647672892:,1747647683276
counter/9/0/0/0,29444:1747647672892:,1747647683276
counter/9/0/0/0,29445:1747647672892:,1747647683276
counter/9/0/0/0,29446:1747647672892:,1747647683276
counter/9/0/0/0,29447:1747647672904:,1747647683276
counter/5/0/0/0,27160:1747647671759:,1747647683276
counter/9/0/0/0,29448:1747647672904:,1747647683276
counter/3/0/0/0,23452:1747647669844:,1747647683276
counter/4/0/0/0,22994:1747647669801:,1747647683277
counter/9/0/0/0,29449:1747647672904:,1747647683277
counter/8/0/0/0,27859:1747647671576:,1747647683277
counter/7/0/0/0,26313:1747647671362:,1747647683277
counter/9/0/0/0,29450:1747647672904:,1747647683277
counter/10/0/0/0,24699:1747647668433:,1747647683277
counter/6/0/0/0,26693:1747647673316:,1747647683277
counter/9/0/0/0,29451:1747647672921:,1747647683277
counter/9/0/0/0,29452:1747647672922:,1747647683277
counter/9/0/0/0,29453:1747647672922:,1747647683277
counter/9/0/0/0,29454:1747647672922:,1747647683277
counter/9/0/0/0,29455:1747647672922:,1747647683277
counter/9/0/0/0,29456:1747647672922:,1747647683277
counter/9/0/0/0,29457:1747647672922:,1747647683277
counter/9/0/0/0,29458:1747647672922:,1747647683277
counter/9/0/0/0,29459:1747647672922:,1747647683277
counter/9/0/0/0,29460:1747647672922:,1747647683277
counter/9/0/0/0,29461:1747647672922:,1747647683277
counter/9/0/0/0,29462:1747647672922:,1747647683277
counter/9/0/0/0,29463:1747647672922:,1747647683277
counter/9/0/0/0,29464:1747647672922:,1747647683277
counter/9/0/0/0,29465:1747647672922:,1747647683277
counter/9/0/0/0,29466:1747647672922:,1747647683277
counter/9/0/0/0,29467:1747647672922:,1747647683277
counter/9/0/0/0,29468:1747647672922:,1747647683277
counter/9/0/0/0,29469:1747647672922:,1747647683277
counter/9/0/0/0,29470:1747647672922:,1747647683277
counter/9/0/0/0,29471:1747647672928:,1747647683277
counter/9/0/0/0,29472:1747647672928:,1747647683277
counter/9/0/0/0,29473:1747647672928:,1747647683277
counter/9/0/0/0,29474:1747647672928:,1747647683277
counter/9/0/0/0,29475:1747647672928:,1747647683277
counter/9/0/0/0,29476:1747647672928:,1747647683277
counter/9/0/0/0,29477:1747647672928:,1747647683277
counter/9/0/0/0,29478:1747647672929:,1747647683277
counter/9/0/0/0,29479:1747647672929:,1747647683277
counter/9/0/0/0,29480:1747647672929:,1747647683277
counter/9/0/0/0,29481:1747647672929:,1747647683277
counter/9/0/0/0,29482:1747647672946:,1747647683277
counter/9/0/0/0,29483:1747647672949:,1747647683277
counter/9/0/0/0,29484:1747647672949:,1747647683277
counter/9/0/0/0,29485:1747647672949:,1747647683277
counter/9/0/0/0,29486:1747647672950:,1747647683278
counter/9/0/0/0,29487:1747647672950:,1747647683278
counter/2/0/0/0,29431:1747647673706:,1747647683278
counter/9/0/0/0,29488:1747647672950:,1747647683278
counter/2/0/0/0,29432:1747647673706:,1747647683278
counter/7/0/0/0,26314:1747647671362:,1747647683278
counter/9/0/0/0,29489:1747647672950:,1747647683278
counter/2/0/0/0,29433:1747647673706:,1747647683278
counter/7/0/0/0,26315:1747647671362:,1747647683278
counter/1/0/0/0,23879:1747647670393:,1747647683278
counter/9/0/0/0,29490:1747647672950:,1747647683278
counter/2/0/0/0,29434:1747647673706:,1747647683278
counter/5/0/0/0,27161:1747647671762:,1747647683278
counter/3/0/0/0,23453:1747647669844:,1747647683278
counter/4/0/0/0,22995:1747647669801:,1747647683278
counter/9/0/0/0,29491:1747647672950:,1747647683278
counter/2/0/0/0,29435:1747647673706:,1747647683278
counter/8/0/0/0,27860:1747647671576:,1747647683278
counter/7/0/0/0,26316:1747647671368:,1747647683278
counter/10/0/0/0,24700:1747647668433:,1747647683278
counter/6/0/0/0,26694:1747647673316:,1747647683278
counter/9/0/0/0,29492:1747647672950:,1747647683278
counter/2/0/0/0,29436:1747647673706:,1747647683278
counter/9/0/0/0,29493:1747647672950:,1747647683278
counter/2/0/0/0,29437:1747647673706:,1747647683278
counter/9/0/0/0,29494:1747647672950:,1747647683278
counter/2/0/0/0,29438:1747647673706:,1747647683278
counter/9/0/0/0,29495:1747647672950:,1747647683278
counter/2/0/0/0,29439:1747647673706:,1747647683278
counter/9/0/0/0,29496:1747647672950:,1747647683278
counter/2/0/0/0,29440:1747647673706:,1747647683278
counter/9/0/0/0,29497:1747647672950:,1747647683278
counter/2/0/0/0,29441:1747647673706:,1747647683278
counter/9/0/0/0,29498:1747647672950:,1747647683278
counter/2/0/0/0,29442:1747647673706:,1747647683278
counter/9/0/0/0,29499:1747647672951:,1747647683278
counter/2/0/0/0,29443:1747647673706:,1747647683278
counter/9/0/0/0,29500:1747647672951:,1747647683278
counter/2/0/0/0,29444:1747647673706:,1747647683278
counter/9/0/0/0,29501:1747647672956:,1747647683279
counter/2/0/0/0,29445:1747647673706:,1747647683279
counter/9/0/0/0,29502:1747647672956:,1747647683279
counter/2/0/0/0,29446:1747647673706:,1747647683279
counter/9/0/0/0,29503:1747647672956:,1747647683279
counter/2/0/0/0,29447:1747647673706:,1747647683279
counter/9/0/0/0,29504:1747647672956:,1747647683279
counter/2/0/0/0,29448:1747647673712:,1747647683279
counter/9/0/0/0,29505:1747647672957:,1747647683279
counter/2/0/0/0,29449:1747647673712:,1747647683279
counter/9/0/0/0,29506:1747647672957:,1747647683279
counter/2/0/0/0,29450:1747647673712:,1747647683279
counter/9/0/0/0,29507:1747647672957:,1747647683279
counter/2/0/0/0,29451:1747647673712:,1747647683279
counter/9/0/0/0,29508:1747647672957:,1747647683279
counter/2/0/0/0,29452:1747647673712:,1747647683279
counter/9/0/0/0,29509:1747647672957:,1747647683279
counter/2/0/0/0,29453:1747647673712:,1747647683279
counter/9/0/0/0,29510:1747647672957:,1747647683279
counter/2/0/0/0,29454:1747647673712:,1747647683279
counter/9/0/0/0,29511:1747647672957:,1747647683279
counter/2/0/0/0,29455:1747647673712:,1747647683279
counter/9/0/0/0,29512:1747647672957:,1747647683279
counter/2/0/0/0,29456:1747647673712:,1747647683279
counter/9/0/0/0,29513:1747647672957:,1747647683279
counter/2/0/0/0,29457:1747647673712:,1747647683279
counter/9/0/0/0,29514:1747647672957:,1747647683279
counter/2/0/0/0,29458:1747647673712:,1747647683279
counter/10/0/0/0,24701:1747647668433:,1747647683279
counter/9/0/0/0,29515:1747647672957:,1747647683279
counter/2/0/0/0,29459:1747647673712:,1747647683279
counter/6/0/0/0,26695:1747647673316:,1747647683279
counter/3/0/0/0,23454:1747647669844:,1747647683279
counter/9/0/0/0,29516:1747647672957:,1747647683279
counter/2/0/0/0,29460:1747647673713:,1747647683279
counter/4/0/0/0,22996:1747647669801:,1747647683279
counter/9/0/0/0,29517:1747647672957:,1747647683279
counter/2/0/0/0,29461:1747647673713:,1747647683279
counter/4/0/0/0,22997:1747647669813:,1747647683279
counter/9/0/0/0,29518:1747647672957:,1747647683279
counter/2/0/0/0,29462:1747647673713:,1747647683279
counter/4/0/0/0,22998:1747647669818:,1747647683279
counter/10/0/0/0,24702:1747647668433:,1747647683279
counter/9/0/0/0,29519:1747647672983:,1747647683279
counter/2/0/0/0,29463:1747647673713:,1747647683280
counter/4/0/0/0,22999:1747647669818:,1747647683280
counter/3/0/0/0,23455:1747647669849:,1747647683280
counter/9/0/0/0,29520:1747647672983:,1747647683280
counter/2/0/0/0,29464:1747647673713:,1747647683280
counter/4/0/0/0,23000:1747647669818:,1747647683280
counter/8/0/0/0,27861:1747647671576:,1747647683280
counter/9/0/0/0,29521:1747647672983:,1747647683280
counter/2/0/0/0,29465:1747647673713:,1747647683280
counter/4/0/0/0,23001:1747647669818:,1747647683280
counter/8/0/0/0,27862:1747647671576:,1747647683280
counter/7/0/0/0,26317:1747647671368:,1747647683280
counter/9/0/0/0,29522:1747647672983:,1747647683280
counter/2/0/0/0,29466:1747647673713:,1747647683280
counter/4/0/0/0,23002:1747647669818:,1747647683280
counter/5/0/0/0,27162:1747647671762:,1747647683280
counter/9/0/0/0,29523:1747647672983:,1747647683280
counter/2/0/0/0,29467:1747647673713:,1747647683280
counter/4/0/0/0,23003:1747647669818:,1747647683280
counter/9/0/0/0,29524:1747647672983:,1747647683280
counter/2/0/0/0,29468:1747647673713:,1747647683280
counter/9/0/0/0,29525:1747647672983:,1747647683280
counter/2/0/0/0,29469:1747647673713:,1747647683280
counter/9/0/0/0,29526:1747647672983:,1747647683280
counter/2/0/0/0,29470:1747647673713:,1747647683280
counter/3/0/0/0,23456:1747647669849:,1747647683280
counter/9/0/0/0,29527:1747647672983:,1747647683280
counter/2/0/0/0,29471:1747647673713:,1747647683280
counter/5/0/0/0,27163:1747647671762:,1747647683280
counter/7/0/0/0,26318:1747647671368:,1747647683280
counter/9/0/0/0,29528:1747647672984:,1747647683280
counter/2/0/0/0,29472:1747647673713:,1747647683280
counter/8/0/0/0,27863:1747647671576:,1747647683280
counter/6/0/0/0,26696:1747647673316:,1747647683280
counter/4/0/0/0,23004:1747647669822:,1747647683280
counter/9/0/0/0,29529:1747647672984:,1747647683280
counter/2/0/0/0,29473:1747647673716:,1747647683280
counter/4/0/0/0,23005:1747647669823:,1747647683280
counter/9/0/0/0,29530:1747647672984:,1747647683280
counter/2/0/0/0,29474:1747647673716:,1747647683280
counter/4/0/0/0,23006:1747647669823:,1747647683280
counter/8/0/0/0,27864:1747647671576:,1747647683280
counter/6/0/0/0,26697:1747647673316:,1747647683280
counter/9/0/0/0,29531:1747647672984:,1747647683280
counter/2/0/0/0,29475:1747647673716:,1747647683281
counter/4/0/0/0,23007:1747647669823:,1747647683281
counter/9/0/0/0,29532:1747647672991:,1747647683281
counter/2/0/0/0,29476:1747647673716:,1747647683281
counter/4/0/0/0,23008:1747647669860:,1747647683281
counter/9/0/0/0,29533:1747647672991:,1747647683281
counter/2/0/0/0,29477:1747647673716:,1747647683281
counter/4/0/0/0,23009:1747647669860:,1747647683281
counter/9/0/0/0,29534:1747647672991:,1747647683281
counter/2/0/0/0,29478:1747647673716:,1747647683281
counter/4/0/0/0,23010:1747647669860:,1747647683281
counter/9/0/0/0,29535:1747647672991:,1747647683281
counter/2/0/0/0,29479:1747647673716:,1747647683281
counter/4/0/0/0,23011:1747647669860:,1747647683281
counter/9/0/0/0,29536:1747647672991:,1747647683281
counter/2/0/0/0,29480:1747647673716:,1747647683281
counter/9/0/0/0,29537:1747647672991:,1747647683281
counter/2/0/0/0,29481:1747647673716:,1747647683281
counter/6/0/0/0,26698:1747647673316:,1747647683281
counter/9/0/0/0,29538:1747647672991:,1747647683281
counter/2/0/0/0,29482:1747647673716:,1747647683281
counter/10/0/0/0,24703:1747647668433:,1747647683281
counter/3/0/0/0,23457:1747647669849:,1747647683281
counter/9/0/0/0,29539:1747647672991:,1747647683281
counter/2/0/0/0,29483:1747647673716:,1747647683281
counter/3/0/0/0,23458:1747647669849:,1747647683281
counter/5/0/0/0,27164:1747647671762:,1747647683281
counter/9/0/0/0,29540:1747647672991:,1747647683281
counter/2/0/0/0,29484:1747647673716:,1747647683281
counter/3/0/0/0,23459:1747647669849:,1747647683281
counter/9/0/0/0,29541:1747647672991:,1747647683281
counter/2/0/0/0,29485:1747647673716:,1747647683281
counter/3/0/0/0,23460:1747647669849:,1747647683281
counter/5/0/0/0,27165:1747647671762:,1747647683281
counter/1/0/0/0,23880:1747647670393:,1747647683281
counter/9/0/0/0,29542:1747647672994:,1747647683281
counter/2/0/0/0,29486:1747647673716:,1747647683281
counter/3/0/0/0,23461:1747647669849:,1747647683281
counter/9/0/0/0,29543:1747647672994:,1747647683282
counter/2/0/0/0,29487:1747647673716:,1747647683282
counter/3/0/0/0,23462:1747647669849:,1747647683282
counter/9/0/0/0,29544:1747647672994:,1747647683282
counter/2/0/0/0,29488:1747647673716:,1747647683282
counter/3/0/0/0,23463:1747647669849:,1747647683282
counter/9/0/0/0,29545:1747647672994:,1747647683282
counter/2/0/0/0,29489:1747647673716:,1747647683282
counter/3/0/0/0,23464:1747647669849:,1747647683282
counter/9/0/0/0,29546:1747647672994:,1747647683282
counter/2/0/0/0,29490:1747647673716:,1747647683282
counter/3/0/0/0,23465:1747647669849:,1747647683282
counter/9/0/0/0,29547:1747647672994:,1747647683282
counter/2/0/0/0,29491:1747647673716:,1747647683282
counter/3/0/0/0,23466:1747647669849:,1747647683282
counter/5/0/0/0,27166:1747647671762:,1747647683282
counter/1/0/0/0,23881:1747647670393:,1747647683282
counter/9/0/0/0,29548:1747647672994:,1747647683282
counter/2/0/0/0,29492:1747647673716:,1747647683282
counter/3/0/0/0,23467:1747647669850:,1747647683282
counter/8/0/0/0,27865:1747647671576:,1747647683282
counter/6/0/0/0,26699:1747647673322:,1747647683282
counter/9/0/0/0,29549:1747647672995:,1747647683282
counter/2/0/0/0,29493:1747647673716:,1747647683282
counter/6/0/0/0,26700:1747647673322:,1747647683282
counter/9/0/0/0,29550:1747647672995:,1747647683282
counter/2/0/0/0,29494:1747647673716:,1747647683282
counter/6/0/0/0,26701:1747647673322:,1747647683282
counter/10/0/0/0,24704:1747647668434:,1747647683282
counter/1/0/0/0,23882:1747647670393:,1747647683282
counter/9/0/0/0,29551:1747647672995:,1747647683282
counter/2/0/0/0,29495:1747647673716:,1747647683282
counter/6/0/0/0,26702:1747647673322:,1747647683282
counter/8/0/0/0,27866:1747647671579:,1747647683282
counter/4/0/0/0,23012:1747647669860:,1747647683282
counter/9/0/0/0,29552:1747647672995:,1747647683282
counter/2/0/0/0,29496:1747647673717:,1747647683282
counter/6/0/0/0,26703:1747647673322:,1747647683282
counter/9/0/0/0,29553:1747647672995:,1747647683282
counter/2/0/0/0,29497:1747647673717:,1747647683283
counter/6/0/0/0,26704:1747647673322:,1747647683283
counter/9/0/0/0,29554:1747647672995:,1747647683283
counter/2/0/0/0,29498:1747647673717:,1747647683283
counter/6/0/0/0,26705:1747647673322:,1747647683283
counter/9/0/0/0,29555:1747647672995:,1747647683283
counter/2/0/0/0,29499:1747647673717:,1747647683283
counter/10/0/0/0,24705:1747647668434:,1747647683283
counter/3/0/0/0,23468:1747647669850:,1747647683283
counter/9/0/0/0,29556:1747647672995:,1747647683283
counter/2/0/0/0,29500:1747647673717:,1747647683283
counter/10/0/0/0,24706:1747647668434:,1747647683283
counter/7/0/0/0,26319:1747647671374:,1747647683283
counter/5/0/0/0,27167:1747647671775:,1747647683283
counter/9/0/0/0,29557:1747647672995:,1747647683283
counter/2/0/0/0,29501:1747647673717:,1747647683283
counter/1/0/0/0,23883:1747647670393:,1747647683283
counter/9/0/0/0,29558:1747647672995:,1747647683283
counter/2/0/0/0,29502:1747647673718:,1747647683283
counter/1/0/0/0,23884:1747647670398:,1747647683283
counter/9/0/0/0,29559:1747647672995:,1747647683283
counter/2/0/0/0,29503:1747647673721:,1747647683283
counter/1/0/0/0,23885:1747647670398:,1747647683283
counter/9/0/0/0,29560:1747647672995:,1747647683283
counter/2/0/0/0,29504:1747647673723:,1747647683283
counter/1/0/0/0,23886:1747647670398:,1747647683283
counter/9/0/0/0,29561:1747647672995:,1747647683283
counter/2/0/0/0,29505:1747647673723:,1747647683283
counter/1/0/0/0,23887:1747647670398:,1747647683283
counter/9/0/0/0,29562:1747647672995:,1747647683283
counter/2/0/0/0,29506:1747647673723:,1747647683283
counter/1/0/0/0,23888:1747647670398:,1747647683283
counter/9/0/0/0,29563:1747647672995:,1747647683283
counter/2/0/0/0,29507:1747647673723:,1747647683283
counter/1/0/0/0,23889:1747647670399:,1747647683283
counter/9/0/0/0,29564:1747647672995:,1747647683283
counter/2/0/0/0,29508:1747647673723:,1747647683283
counter/1/0/0/0,23890:1747647670399:,1747647683283
counter/9/0/0/0,29565:1747647672995:,1747647683284
counter/2/0/0/0,29509:1747647673723:,1747647683284
counter/1/0/0/0,23891:1747647670399:,1747647683284
counter/9/0/0/0,29566:1747647672995:,1747647683284
counter/2/0/0/0,29510:1747647673723:,1747647683284
counter/1/0/0/0,23892:1747647670399:,1747647683284
counter/9/0/0/0,29567:1747647672996:,1747647683284
counter/2/0/0/0,29511:1747647673723:,1747647683284
counter/1/0/0/0,23893:1747647670399:,1747647683284
counter/9/0/0/0,29568:1747647672996:,1747647683284
counter/2/0/0/0,29512:1747647673723:,1747647683284
counter/1/0/0/0,23894:1747647670399:,1747647683284
counter/9/0/0/0,29569:1747647672996:,1747647683284
counter/2/0/0/0,29513:1747647673723:,1747647683284
counter/1/0/0/0,23895:1747647670399:,1747647683284
counter/9/0/0/0,29570:1747647672996:,1747647683284
counter/2/0/0/0,29514:1747647673723:,1747647683284
counter/1/0/0/0,23896:1747647670399:,1747647683284
counter/9/0/0/0,29571:1747647672996:,1747647683284
counter/2/0/0/0,29515:1747647673723:,1747647683284
counter/1/0/0/0,23897:1747647670404:,1747647683284
counter/9/0/0/0,29572:1747647672997:,1747647683284
counter/2/0/0/0,29516:1747647673723:,1747647683284
counter/1/0/0/0,23898:1747647670405:,1747647683284
counter/9/0/0/0,29573:1747647672997:,1747647683284
counter/2/0/0/0,29517:1747647673723:,1747647683284
counter/1/0/0/0,23899:1747647670405:,1747647683284
counter/8/0/0/0,27867:1747647671579:,1747647683284
counter/9/0/0/0,29574:1747647672997:,1747647683284
counter/2/0/0/0,29518:1747647673723:,1747647683284
counter/1/0/0/0,23900:1747647670405:,1747647683284
counter/8/0/0/0,27868:1747647671581:,1747647683284
counter/9/0/0/0,29575:1747647672997:,1747647683284
counter/2/0/0/0,29519:1747647673723:,1747647683284
counter/1/0/0/0,23901:1747647670405:,1747647683284
counter/9/0/0/0,29576:1747647672997:,1747647683284
counter/2/0/0/0,29520:1747647673724:,1747647683284
counter/1/0/0/0,23902:1747647670405:,1747647683284
counter/9/0/0/0,29577:1747647673008:,1747647683284
counter/2/0/0/0,29521:1747647673724:,1747647683284
counter/1/0/0/0,23903:1747647670405:,1747647683284
counter/9/0/0/0,29578:1747647673009:,1747647683284
counter/2/0/0/0,29522:1747647673724:,1747647683284
counter/1/0/0/0,23904:1747647670405:,1747647683285
counter/9/0/0/0,29579:1747647673009:,1747647683285
counter/2/0/0/0,29523:1747647673724:,1747647683285
counter/1/0/0/0,23905:1747647670405:,1747647683285
counter/9/0/0/0,29580:1747647673009:,1747647683285
counter/2/0/0/0,29524:1747647673724:,1747647683285
counter/1/0/0/0,23906:1747647670405:,1747647683285
counter/9/0/0/0,29581:1747647673009:,1747647683285
counter/2/0/0/0,29525:1747647673724:,1747647683285
counter/1/0/0/0,23907:1747647670409:,1747647683285
counter/9/0/0/0,29582:1747647673009:,1747647683285
counter/2/0/0/0,29526:1747647673724:,1747647683285
counter/1/0/0/0,23908:1747647670409:,1747647683285
counter/9/0/0/0,29583:1747647673009:,1747647683285
counter/2/0/0/0,29527:1747647673724:,1747647683285
counter/1/0/0/0,23909:1747647670409:,1747647683285
counter/9/0/0/0,29584:1747647673009:,1747647683285
counter/2/0/0/0,29528:1747647673724:,1747647683285
counter/1/0/0/0,23910:1747647670409:,1747647683285
counter/9/0/0/0,29585:1747647673009:,1747647683285
counter/2/0/0/0,29529:1747647673724:,1747647683285
counter/1/0/0/0,23911:1747647670409:,1747647683285
counter/9/0/0/0,29586:1747647673009:,1747647683285
counter/2/0/0/0,29530:1747647673724:,1747647683285
counter/1/0/0/0,23912:1747647670409:,1747647683285
counter/9/0/0/0,29587:1747647673009:,1747647683285
counter/2/0/0/0,29531:1747647673724:,1747647683285
counter/1/0/0/0,23913:1747647670409:,1747647683285
counter/5/0/0/0,27168:1747647671775:,1747647683285
counter/6/0/0/0,26706:1747647673322:,1747647683285
counter/9/0/0/0,29588:1747647673009:,1747647683285
counter/2/0/0/0,29532:1747647673724:,1747647683285
counter/1/0/0/0,23914:1747647670409:,1747647683285
counter/3/0/0/0,23469:1747647669850:,1747647683285
counter/7/0/0/0,26320:1747647671374:,1747647683285
counter/9/0/0/0,29589:1747647673009:,1747647683285
counter/2/0/0/0,29533:1747647673724:,1747647683285
counter/1/0/0/0,23915:1747647670409:,1747647683285
counter/9/0/0/0,29590:1747647673009:,1747647683285
counter/2/0/0/0,29534:1747647673724:,1747647683285
counter/1/0/0/0,23916:1747647670410:,1747647683285
counter/9/0/0/0,29591:1747647673009:,1747647683285
counter/2/0/0/0,29535:1747647673724:,1747647683286
counter/1/0/0/0,23917:1747647670418:,1747647683286
counter/9/0/0/0,29592:1747647673009:,1747647683286
counter/2/0/0/0,29536:1747647673724:,1747647683286
counter/1/0/0/0,23918:1747647670418:,1747647683286
counter/9/0/0/0,29593:1747647673009:,1747647683286
counter/2/0/0/0,29537:1747647673724:,1747647683286
counter/1/0/0/0,23919:1747647670418:,1747647683286
counter/9/0/0/0,29594:1747647673009:,1747647683286
counter/2/0/0/0,29538:1747647673724:,1747647683286
counter/1/0/0/0,23920:1747647670418:,1747647683286
counter/9/0/0/0,29595:1747647673009:,1747647683286
counter/2/0/0/0,29539:1747647673724:,1747647683286
counter/1/0/0/0,23921:1747647670418:,1747647683286
counter/9/0/0/0,29596:1747647673014:,1747647683286
counter/2/0/0/0,29540:1747647673724:,1747647683286
counter/1/0/0/0,23922:1747647670418:,1747647683286
counter/9/0/0/0,29597:1747647673015:,1747647683286
counter/2/0/0/0,29541:1747647673724:,1747647683286
counter/1/0/0/0,23923:1747647670432:,1747647683286
counter/9/0/0/0,29598:1747647673016:,1747647683286
counter/2/0/0/0,29542:1747647673724:,1747647683286
counter/1/0/0/0,23924:1747647670432:,1747647683286
counter/9/0/0/0,29599:1747647673016:,1747647683286
counter/2/0/0/0,29543:1747647673724:,1747647683286
counter/1/0/0/0,23925:1747647670432:,1747647683286
counter/9/0/0/0,29600:1747647673016:,1747647683286
counter/2/0/0/0,29544:1747647673724:,1747647683286
counter/1/0/0/0,23926:1747647670432:,1747647683286
counter/9/0/0/0,29601:1747647673016:,1747647683286
counter/2/0/0/0,29545:1747647673737:,1747647683286
counter/1/0/0/0,23927:1747647670434:,1747647683286
counter/9/0/0/0,29602:1747647673016:,1747647683286
counter/2/0/0/0,29546:1747647673744:,1747647683287
counter/1/0/0/0,23928:1747647670434:,1747647683287
counter/9/0/0/0,29603:1747647673016:,1747647683287
counter/2/0/0/0,29547:1747647673744:,1747647683287
counter/1/0/0/0,23929:1747647670434:,1747647683287
counter/9/0/0/0,29604:1747647673016:,1747647683287
counter/2/0/0/0,29548:1747647673744:,1747647683287
counter/1/0/0/0,23930:1747647670434:,1747647683287
counter/9/0/0/0,29605:1747647673016:,1747647683287
counter/2/0/0/0,29549:1747647673744:,1747647683287
counter/1/0/0/0,23931:1747647670434:,1747647683287
counter/9/0/0/0,29606:1747647673016:,1747647683287
counter/2/0/0/0,29550:1747647673744:,1747647683287
counter/1/0/0/0,23932:1747647670434:,1747647683287
counter/9/0/0/0,29607:1747647673016:,1747647683287
counter/2/0/0/0,29551:1747647673744:,1747647683287
counter/1/0/0/0,23933:1747647670434:,1747647683287
counter/10/0/0/0,24707:1747647668434:,1747647683287
counter/6/0/0/0,26707:1747647673322:,1747647683287
counter/9/0/0/0,29608:1747647673016:,1747647683287
counter/2/0/0/0,29552:1747647673744:,1747647683287
counter/1/0/0/0,23934:1747647670434:,1747647683287
counter/10/0/0/0,24708:1747647668434:,1747647683287
counter/9/0/0/0,29609:1747647673016:,1747647683287
counter/2/0/0/0,29553:1747647673744:,1747647683287
counter/1/0/0/0,23935:1747647670434:,1747647683287
counter/10/0/0/0,24709:1747647668434:,1747647683287
counter/9/0/0/0,29610:1747647673016:,1747647683287
counter/2/0/0/0,29554:1747647673744:,1747647683287
counter/1/0/0/0,23936:1747647670434:,1747647683287
counter/10/0/0/0,24710:1747647668434:,1747647683287
counter/9/0/0/0,29611:1747647673016:,1747647683287
counter/2/0/0/0,29555:1747647673745:,1747647683287
counter/1/0/0/0,23937:1747647670442:,1747647683287
counter/10/0/0/0,24711:1747647668434:,1747647683287
counter/9/0/0/0,29612:1747647673016:,1747647683287
counter/2/0/0/0,29556:1747647673745:,1747647683288
counter/1/0/0/0,23938:1747647670442:,1747647683288
counter/10/0/0/0,24712:1747647668434:,1747647683288
counter/9/0/0/0,29613:1747647673021:,1747647683288
counter/2/0/0/0,29557:1747647673745:,1747647683288
counter/1/0/0/0,23939:1747647670445:,1747647683288
counter/10/0/0/0,24713:1747647668434:,1747647683288
counter/9/0/0/0,29614:1747647673022:,1747647683288
counter/2/0/0/0,29558:1747647673745:,1747647683288
counter/1/0/0/0,23940:1747647670445:,1747647683288
counter/10/0/0/0,24714:1747647668434:,1747647683288
counter/9/0/0/0,29615:1747647673022:,1747647683288
counter/2/0/0/0,29559:1747647673745:,1747647683288
counter/1/0/0/0,23941:1747647670445:,1747647683288
counter/10/0/0/0,24715:1747647668434:,1747647683288
counter/9/0/0/0,29616:1747647673022:,1747647683288
counter/2/0/0/0,29560:1747647673745:,1747647683288
counter/1/0/0/0,23942:1747647670445:,1747647683288
counter/10/0/0/0,24716:1747647668434:,1747647683288
counter/9/0/0/0,29617:1747647673022:,1747647683288
counter/2/0/0/0,29561:1747647673745:,1747647683288
counter/1/0/0/0,23943:1747647670445:,1747647683288
counter/10/0/0/0,24717:1747647668434:,1747647683288
counter/9/0/0/0,29618:1747647673022:,1747647683288
counter/2/0/0/0,29562:1747647673745:,1747647683288
counter/1/0/0/0,23944:1747647670445:,1747647683288
counter/10/0/0/0,24718:1747647668434:,1747647683288
counter/9/0/0/0,29619:1747647673025:,1747647683288
counter/2/0/0/0,29563:1747647673745:,1747647683288
counter/1/0/0/0,23945:1747647670445:,1747647683288
counter/10/0/0/0,24719:1747647668434:,1747647683288
counter/9/0/0/0,29620:1747647673025:,1747647683288
counter/2/0/0/0,29564:1747647673745:,1747647683288
counter/1/0/0/0,23946:1747647670472:,1747647683288
counter/10/0/0/0,24720:1747647668434:,1747647683288
counter/9/0/0/0,29621:1747647673025:,1747647683288
counter/2/0/0/0,29565:1747647673745:,1747647683288
counter/1/0/0/0,23947:1747647670472:,1747647683288
counter/10/0/0/0,24721:1747647668434:,1747647683288
counter/9/0/0/0,29622:1747647673025:,1747647683288
counter/2/0/0/0,29566:1747647673745:,1747647683289
counter/1/0/0/0,23948:1747647670472:,1747647683289
counter/10/0/0/0,24722:1747647668434:,1747647683289
counter/9/0/0/0,29623:1747647673025:,1747647683289
counter/2/0/0/0,29567:1747647673745:,1747647683289
counter/1/0/0/0,23949:1747647670473:,1747647683289
counter/10/0/0/0,24723:1747647668435:,1747647683289
counter/9/0/0/0,29624:1747647673025:,1747647683289
counter/2/0/0/0,29568:1747647673745:,1747647683289
counter/1/0/0/0,23950:1747647670473:,1747647683289
counter/10/0/0/0,24724:1747647668435:,1747647683289
counter/9/0/0/0,29625:1747647673025:,1747647683289
counter/2/0/0/0,29569:1747647673745:,1747647683289
counter/1/0/0/0,23951:1747647670473:,1747647683289
counter/10/0/0/0,24725:1747647668436:,1747647683289
counter/9/0/0/0,29626:1747647673025:,1747647683289
counter/2/0/0/0,29570:1747647673745:,1747647683289
counter/1/0/0/0,23952:1747647670473:,1747647683289
counter/10/0/0/0,24726:1747647668436:,1747647683289
counter/9/0/0/0,29627:1747647673025:,1747647683289
counter/2/0/0/0,29571:1747647673745:,1747647683289
counter/1/0/0/0,23953:1747647670473:,1747647683289
counter/10/0/0/0,24727:1747647668436:,1747647683289
counter/9/0/0/0,29628:1747647673025:,1747647683289
counter/2/0/0/0,29572:1747647673745:,1747647683289
counter/1/0/0/0,23954:1747647670473:,1747647683289
counter/10/0/0/0,24728:1747647668436:,1747647683289
counter/4/0/0/0,23013:1747647669860:,1747647683289
counter/9/0/0/0,29629:1747647673025:,1747647683289
counter/2/0/0/0,29573:1747647673745:,1747647683289
counter/1/0/0/0,23955:1747647670473:,1747647683289
counter/10/0/0/0,24729:1747647668436:,1747647683289
counter/9/0/0/0,29630:1747647673025:,1747647683289
counter/2/0/0/0,29574:1747647673745:,1747647683289
counter/1/0/0/0,23956:1747647670473:,1747647683289
counter/10/0/0/0,24730:1747647668436:,1747647683289
counter/9/0/0/0,29631:1747647673025:,1747647683289
counter/2/0/0/0,29575:1747647673746:,1747647683289
counter/1/0/0/0,23957:1747647670513:,1747647683289
counter/10/0/0/0,24731:1747647668436:,1747647683289
counter/9/0/0/0,29632:1747647673025:,1747647683289
counter/2/0/0/0,29576:1747647673746:,1747647683289
counter/1/0/0/0,23958:1747647670513:,1747647683289
counter/10/0/0/0,24732:1747647668436:,1747647683289
counter/9/0/0/0,29633:1747647673025:,1747647683290
counter/2/0/0/0,29577:1747647673758:,1747647683290
counter/1/0/0/0,23959:1747647670513:,1747647683290
counter/10/0/0/0,24733:1747647668436:,1747647683290
counter/9/0/0/0,29634:1747647673034:,1747647683290
counter/2/0/0/0,29578:1747647673758:,1747647683290
counter/1/0/0/0,23960:1747647670513:,1747647683290
counter/10/0/0/0,24734:1747647668436:,1747647683290
counter/3/0/0/0,23470:1747647669850:,1747647683290
counter/8/0/0/0,27869:1747647671581:,1747647683290
counter/9/0/0/0,29635:1747647673034:,1747647683290
counter/2/0/0/0,29579:1747647673758:,1747647683290
counter/1/0/0/0,23961:1747647670513:,1747647683290
counter/10/0/0/0,24735:1747647668436:,1747647683290
counter/3/0/0/0,23471:1747647669850:,1747647683290
counter/9/0/0/0,29636:1747647673034:,1747647683290
counter/2/0/0/0,29580:1747647673758:,1747647683290
counter/1/0/0/0,23962:1747647670513:,1747647683290
counter/10/0/0/0,24736:1747647668436:,1747647683290
counter/3/0/0/0,23472:1747647669850:,1747647683290
counter/9/0/0/0,29637:1747647673034:,1747647683290
counter/2/0/0/0,29581:1747647673758:,1747647683290
counter/1/0/0/0,23963:1747647670517:,1747647683290
counter/10/0/0/0,24737:1747647668437:,1747647683290
counter/3/0/0/0,23473:1747647669850:,1747647683290
counter/9/0/0/0,29638:1747647673034:,1747647683290
counter/2/0/0/0,29582:1747647673763:,1747647683290
counter/1/0/0/0,23964:1747647670517:,1747647683290
counter/10/0/0/0,24738:1747647668437:,1747647683290
counter/9/0/0/0,29639:1747647673034:,1747647683290
counter/2/0/0/0,29583:1747647673763:,1747647683290
counter/1/0/0/0,23965:1747647670517:,1747647683290
counter/10/0/0/0,24739:1747647668438:,1747647683290
counter/9/0/0/0,29640:1747647673034:,1747647683290
counter/2/0/0/0,29584:1747647673763:,1747647683290
counter/1/0/0/0,23966:1747647670517:,1747647683290
counter/10/0/0/0,24740:1747647668438:,1747647683290
counter/9/0/0/0,29641:1747647673034:,1747647683290
counter/2/0/0/0,29585:1747647673763:,1747647683290
counter/1/0/0/0,23967:1747647670517:,1747647683290
counter/10/0/0/0,24741:1747647668438:,1747647683290
counter/9/0/0/0,29642:1747647673034:,1747647683291
counter/2/0/0/0,29586:1747647673763:,1747647683291
counter/1/0/0/0,23968:1747647670517:,1747647683291
counter/10/0/0/0,24742:1747647668438:,1747647683291
counter/9/0/0/0,29643:1747647673034:,1747647683291
counter/2/0/0/0,29587:1747647673764:,1747647683291
counter/1/0/0/0,23969:1747647670517:,1747647683291
counter/10/0/0/0,24743:1747647668438:,1747647683291
counter/9/0/0/0,29644:1747647673034:,1747647683291
counter/2/0/0/0,29588:1747647673764:,1747647683291
counter/1/0/0/0,23970:1747647670517:,1747647683291
counter/10/0/0/0,24744:1747647668438:,1747647683291
counter/9/0/0/0,29645:1747647673034:,1747647683291
counter/2/0/0/0,29589:1747647673764:,1747647683291
counter/1/0/0/0,23971:1747647670517:,1747647683291
counter/10/0/0/0,24745:1747647668438:,1747647683291
counter/9/0/0/0,29646:1747647673034:,1747647683291
counter/2/0/0/0,29590:1747647673764:,1747647683291
counter/1/0/0/0,23972:1747647670517:,1747647683291
counter/10/0/0/0,24746:1747647668438:,1747647683291
counter/9/0/0/0,29647:1747647673034:,1747647683291
counter/2/0/0/0,29591:1747647673764:,1747647683291
counter/1/0/0/0,23973:1747647670517:,1747647683291
counter/10/0/0/0,24747:1747647668438:,1747647683291
counter/9/0/0/0,29648:1747647673034:,1747647683291
counter/2/0/0/0,29592:1747647673764:,1747647683291
counter/1/0/0/0,23974:1747647670517:,1747647683291
counter/10/0/0/0,24748:1747647668438:,1747647683291
counter/9/0/0/0,29649:1747647673034:,1747647683291
counter/2/0/0/0,29593:1747647673764:,1747647683291
counter/1/0/0/0,23975:1747647670517:,1747647683291
counter/10/0/0/0,24749:1747647668438:,1747647683291
counter/9/0/0/0,29650:1747647673035:,1747647683291
counter/2/0/0/0,29594:1747647673764:,1747647683291
counter/1/0/0/0,23976:1747647670517:,1747647683291
counter/10/0/0/0,24750:1747647668439:,1747647683291
counter/9/0/0/0,29651:1747647673035:,1747647683291
counter/2/0/0/0,29595:1747647673764:,1747647683291
counter/1/0/0/0,23977:1747647670517:,1747647683291
counter/10/0/0/0,24751:1747647668439:,1747647683292
counter/9/0/0/0,29652:1747647673035:,1747647683292
counter/2/0/0/0,29596:1747647673764:,1747647683292
counter/1/0/0/0,23978:1747647670517:,1747647683292
counter/10/0/0/0,24752:1747647668439:,1747647683292
counter/9/0/0/0,29653:1747647673035:,1747647683292
counter/2/0/0/0,29597:1747647673764:,1747647683292
counter/1/0/0/0,23979:1747647670517:,1747647683292
counter/10/0/0/0,24753:1747647668439:,1747647683292
counter/9/0/0/0,29654:1747647673035:,1747647683292
counter/2/0/0/0,29598:1747647673764:,1747647683292
counter/1/0/0/0,23980:1747647670517:,1747647683292
counter/9/0/0/0,29655:1747647673035:,1747647683292
counter/2/0/0/0,29599:1747647673764:,1747647683292
counter/1/0/0/0,23981:1747647670517:,1747647683292
counter/9/0/0/0,29656:1747647673035:,1747647683292
counter/2/0/0/0,29600:1747647673764:,1747647683292
counter/1/0/0/0,23982:1747647670517:,1747647683292
counter/9/0/0/0,29657:1747647673035:,1747647683292
counter/2/0/0/0,29601:1747647673764:,1747647683292
counter/1/0/0/0,23983:1747647670518:,1747647683292
counter/9/0/0/0,29658:1747647673035:,1747647683292
counter/2/0/0/0,29602:1747647673764:,1747647683292
counter/1/0/0/0,23984:1747647670518:,1747647683292
counter/5/0/0/0,27169:1747647671775:,1747647683292
counter/9/0/0/0,29659:1747647673035:,1747647683292
counter/2/0/0/0,29603:1747647673764:,1747647683292
counter/1/0/0/0,23985:1747647670518:,1747647683292
counter/7/0/0/0,26321:1747647671374:,1747647683292
counter/8/0/0/0,27870:1747647671581:,1747647683292
counter/6/0/0/0,26708:1747647673322:,1747647683292
counter/9/0/0/0,29660:1747647673035:,1747647683292
counter/2/0/0/0,29604:1747647673764:,1747647683292
counter/1/0/0/0,23986:1747647670518:,1747647683292
counter/3/0/0/0,23474:1747647669850:,1747647683292
counter/9/0/0/0,29661:1747647673035:,1747647683292
counter/2/0/0/0,29605:1747647673764:,1747647683292
counter/1/0/0/0,23987:1747647670523:,1747647683292
counter/9/0/0/0,29662:1747647673035:,1747647683292
counter/2/0/0/0,29606:1747647673764:,1747647683292
counter/1/0/0/0,23988:1747647670523:,1747647683293
counter/9/0/0/0,29663:1747647673035:,1747647683293
counter/2/0/0/0,29607:1747647673764:,1747647683293
counter/1/0/0/0,23989:1747647670524:,1747647683293
counter/9/0/0/0,29664:1747647673035:,1747647683293
counter/2/0/0/0,29608:1747647673764:,1747647683293
counter/1/0/0/0,23990:1747647670524:,1747647683293
counter/9/0/0/0,29665:1747647673042:,1747647683293
counter/2/0/0/0,29609:1747647673765:,1747647683293
counter/1/0/0/0,23991:1747647670524:,1747647683293
counter/9/0/0/0,29666:1747647673043:,1747647683293
counter/2/0/0/0,29610:1747647673765:,1747647683293
counter/1/0/0/0,23992:1747647670524:,1747647683293
counter/9/0/0/0,29667:1747647673043:,1747647683293
counter/2/0/0/0,29611:1747647673765:,1747647683293
counter/1/0/0/0,23993:1747647670524:,1747647683293
counter/9/0/0/0,29668:1747647673048:,1747647683293
counter/2/0/0/0,29612:1747647673765:,1747647683293
counter/1/0/0/0,23994:1747647670525:,1747647683293
counter/9/0/0/0,29669:1747647673050:,1747647683293
counter/2/0/0/0,29613:1747647673765:,1747647683293
counter/1/0/0/0,23995:1747647670525:,1747647683293
counter/9/0/0/0,29670:1747647673050:,1747647683293
counter/2/0/0/0,29614:1747647673765:,1747647683293
counter/1/0/0/0,23996:1747647670525:,1747647683293
counter/9/0/0/0,29671:1747647673050:,1747647683293
counter/2/0/0/0,29615:1747647673765:,1747647683293
counter/1/0/0/0,23997:1747647670525:,1747647683293
counter/9/0/0/0,29672:1747647673050:,1747647683293
counter/2/0/0/0,29616:1747647673770:,1747647683293
counter/1/0/0/0,23998:1747647670525:,1747647683293
counter/9/0/0/0,29673:1747647673050:,1747647683293
counter/2/0/0/0,29617:1747647673770:,1747647683293
counter/1/0/0/0,23999:1747647670525:,1747647683293
counter/9/0/0/0,29674:1747647673050:,1747647683293
counter/2/0/0/0,29618:1747647673770:,1747647683293
counter/1/0/0/0,24000:1747647670525:,1747647683293
counter/9/0/0/0,29675:1747647673050:,1747647683293
counter/2/0/0/0,29619:1747647673770:,1747647683293
counter/1/0/0/0,24001:1747647670525:,1747647683293
counter/9/0/0/0,29676:1747647673050:,1747647683293
counter/2/0/0/0,29620:1747647673770:,1747647683294
counter/1/0/0/0,24002:1747647670525:,1747647683294
counter/9/0/0/0,29677:1747647673050:,1747647683294
counter/2/0/0/0,29621:1747647673770:,1747647683294
counter/1/0/0/0,24003:1747647670526:,1747647683294
counter/9/0/0/0,29678:1747647673050:,1747647683294
counter/2/0/0/0,29622:1747647673770:,1747647683294
counter/1/0/0/0,24004:1747647670526:,1747647683294
counter/9/0/0/0,29679:1747647673050:,1747647683294
counter/2/0/0/0,29623:1747647673770:,1747647683294
counter/1/0/0/0,24005:1747647670526:,1747647683294
counter/9/0/0/0,29680:1747647673050:,1747647683294
counter/2/0/0/0,29624:1747647673770:,1747647683294
counter/1/0/0/0,24006:1747647670526:,1747647683294
counter/9/0/0/0,29681:1747647673052:,1747647683294
counter/2/0/0/0,29625:1747647673772:,1747647683294
counter/1/0/0/0,24007:1747647670526:,1747647683294
counter/9/0/0/0,29682:1747647673054:,1747647683294
counter/2/0/0/0,29626:1747647673772:,1747647683294
counter/1/0/0/0,24008:1747647670526:,1747647683294
counter/9/0/0/0,29683:1747647673054:,1747647683294
counter/2/0/0/0,29627:1747647673773:,1747647683294
counter/1/0/0/0,24009:1747647670526:,1747647683294
counter/9/0/0/0,29684:1747647673060:,1747647683294
counter/2/0/0/0,29628:1747647673773:,1747647683294
counter/1/0/0/0,24010:1747647670526:,1747647683294
counter/9/0/0/0,29685:1747647673060:,1747647683294
counter/2/0/0/0,29629:1747647673773:,1747647683294
counter/1/0/0/0,24011:1747647670526:,1747647683294
counter/9/0/0/0,29686:1747647673060:,1747647683294
counter/2/0/0/0,29630:1747647673773:,1747647683294
counter/1/0/0/0,24012:1747647670527:,1747647683294
counter/9/0/0/0,29687:1747647673060:,1747647683294
counter/2/0/0/0,29631:1747647673773:,1747647683294
counter/1/0/0/0,24013:1747647670527:,1747647683294
counter/9/0/0/0,29688:1747647673060:,1747647683294
counter/2/0/0/0,29632:1747647673773:,1747647683294
counter/1/0/0/0,24014:1747647670527:,1747647683294
counter/9/0/0/0,29689:1747647673060:,1747647683294
counter/2/0/0/0,29633:1747647673773:,1747647683294
counter/1/0/0/0,24015:1747647670527:,1747647683294
counter/9/0/0/0,29690:1747647673060:,1747647683295
counter/2/0/0/0,29634:1747647673773:,1747647683295
counter/1/0/0/0,24016:1747647670527:,1747647683295
counter/9/0/0/0,29691:1747647673060:,1747647683295
counter/2/0/0/0,29635:1747647673773:,1747647683295
counter/1/0/0/0,24017:1747647670527:,1747647683295
counter/9/0/0/0,29692:1747647673064:,1747647683295
counter/2/0/0/0,29636:1747647673773:,1747647683295
counter/1/0/0/0,24018:1747647670527:,1747647683295
counter/9/0/0/0,29693:1747647673064:,1747647683295
counter/2/0/0/0,29637:1747647673773:,1747647683295
counter/1/0/0/0,24019:1747647670527:,1747647683295
counter/10/0/0/0,24754:1747647668452:,1747647683295
counter/9/0/0/0,29694:1747647673064:,1747647683295
counter/2/0/0/0,29638:1747647673773:,1747647683295
counter/1/0/0/0,24020:1747647670527:,1747647683295
counter/7/0/0/0,26322:1747647671374:,1747647683295
counter/8/0/0/0,27871:1747647671581:,1747647683295
counter/6/0/0/0,26709:1747647673322:,1747647683295
counter/9/0/0/0,29695:1747647673064:,1747647683295
counter/2/0/0/0,29639:1747647673773:,1747647683295
counter/1/0/0/0,24021:1747647670527:,1747647683295
counter/9/0/0/0,29696:1747647673064:,1747647683295
counter/2/0/0/0,29640:1747647673773:,1747647683295
counter/1/0/0/0,24022:1747647670527:,1747647683295
counter/9/0/0/0,29697:1747647673064:,1747647683295
counter/2/0/0/0,29641:1747647673773:,1747647683295
counter/1/0/0/0,24023:1747647670528:,1747647683295
counter/9/0/0/0,29698:1747647673065:,1747647683295
counter/2/0/0/0,29642:1747647673773:,1747647683295
counter/1/0/0/0,24024:1747647670528:,1747647683295
counter/9/0/0/0,29699:1747647673065:,1747647683295
counter/2/0/0/0,29643:1747647673775:,1747647683295
counter/1/0/0/0,24025:1747647670528:,1747647683295
counter/9/0/0/0,29700:1747647673065:,1747647683295
counter/2/0/0/0,29644:1747647673775:,1747647683295
counter/1/0/0/0,24026:1747647670528:,1747647683295
counter/9/0/0/0,29701:1747647673065:,1747647683295
counter/2/0/0/0,29645:1747647673775:,1747647683295
counter/1/0/0/0,24027:1747647670528:,1747647683295
counter/9/0/0/0,29702:1747647673065:,1747647683296
counter/2/0/0/0,29646:1747647673775:,1747647683296
counter/1/0/0/0,24028:1747647670528:,1747647683296
counter/9/0/0/0,29703:1747647673065:,1747647683296
counter/2/0/0/0,29647:1747647673775:,1747647683296
counter/1/0/0/0,24029:1747647670528:,1747647683296
counter/9/0/0/0,29704:1747647673066:,1747647683296
counter/2/0/0/0,29648:1747647673783:,1747647683296
counter/1/0/0/0,24030:1747647670528:,1747647683296
counter/9/0/0/0,29705:1747647673066:,1747647683296
counter/2/0/0/0,29649:1747647673788:,1747647683296
counter/1/0/0/0,24031:1747647670528:,1747647683296
counter/9/0/0/0,29706:1747647673066:,1747647683296
counter/2/0/0/0,29650:1747647673788:,1747647683296
counter/1/0/0/0,24032:1747647670528:,1747647683296
counter/9/0/0/0,29707:1747647673066:,1747647683296
counter/2/0/0/0,29651:1747647673788:,1747647683296
counter/1/0/0/0,24033:1747647670528:,1747647683296
counter/9/0/0/0,29708:1747647673066:,1747647683296
counter/2/0/0/0,29652:1747647673788:,1747647683296
counter/1/0/0/0,24034:1747647670528:,1747647683296
counter/9/0/0/0,29709:1747647673066:,1747647683296
counter/2/0/0/0,29653:1747647673788:,1747647683296
counter/1/0/0/0,24035:1747647670528:,1747647683296
counter/9/0/0/0,29710:1747647673099:,1747647683296
counter/2/0/0/0,29654:1747647673792:,1747647683296
counter/1/0/0/0,24036:1747647670528:,1747647683296
counter/9/0/0/0,29711:1747647673099:,1747647683296
counter/2/0/0/0,29655:1747647673792:,1747647683296
counter/1/0/0/0,24037:1747647670528:,1747647683296
counter/9/0/0/0,29712:1747647673099:,1747647683296
counter/2/0/0/0,29656:1747647673792:,1747647683296
counter/1/0/0/0,24038:1747647670528:,1747647683296
counter/9/0/0/0,29713:1747647673099:,1747647683296
counter/2/0/0/0,29657:1747647673792:,1747647683296
counter/1/0/0/0,24039:1747647670528:,1747647683296
counter/9/0/0/0,29714:1747647673099:,1747647683296
counter/2/0/0/0,29658:1747647673792:,1747647683296
counter/1/0/0/0,24040:1747647670549:,1747647683296
counter/9/0/0/0,29715:1747647673099:,1747647683296
counter/2/0/0/0,29659:1747647673792:,1747647683296
counter/1/0/0/0,24041:1747647670549:,1747647683296
counter/9/0/0/0,29716:1747647673099:,1747647683297
counter/2/0/0/0,29660:1747647673792:,1747647683297
counter/1/0/0/0,24042:1747647670549:,1747647683297
counter/9/0/0/0,29717:1747647673102:,1747647683297
counter/2/0/0/0,29661:1747647673792:,1747647683297
counter/1/0/0/0,24043:1747647670549:,1747647683297
counter/9/0/0/0,29718:1747647673102:,1747647683297
counter/2/0/0/0,29662:1747647673792:,1747647683297
counter/1/0/0/0,24044:1747647670549:,1747647683297
counter/9/0/0/0,29719:1747647673102:,1747647683297
counter/2/0/0/0,29663:1747647673792:,1747647683297
counter/1/0/0/0,24045:1747647670549:,1747647683297
counter/9/0/0/0,29720:1747647673102:,1747647683297
counter/2/0/0/0,29664:1747647673792:,1747647683297
counter/1/0/0/0,24046:1747647670549:,1747647683297
counter/9/0/0/0,29721:1747647673102:,1747647683297
counter/2/0/0/0,29665:1747647673793:,1747647683297
counter/1/0/0/0,24047:1747647670549:,1747647683297
counter/9/0/0/0,29722:1747647673102:,1747647683297
counter/2/0/0/0,29666:1747647673793:,1747647683297
counter/1/0/0/0,24048:1747647670549:,1747647683297
counter/9/0/0/0,29723:1747647673114:,1747647683297
counter/2/0/0/0,29667:1747647673793:,1747647683297
counter/1/0/0/0,24049:1747647670549:,1747647683297
counter/9/0/0/0,29724:1747647673115:,1747647683297
counter/2/0/0/0,29668:1747647673793:,1747647683297
counter/1/0/0/0,24050:1747647670549:,1747647683297
counter/9/0/0/0,29725:1747647673115:,1747647683297
counter/2/0/0/0,29669:1747647673793:,1747647683297
counter/1/0/0/0,24051:1747647670550:,1747647683297
counter/9/0/0/0,29726:1747647673115:,1747647683297
counter/2/0/0/0,29670:1747647673797:,1747647683297
counter/1/0/0/0,24052:1747647670550:,1747647683297
counter/9/0/0/0,29727:1747647673115:,1747647683297
counter/2/0/0/0,29671:1747647673797:,1747647683297
counter/1/0/0/0,24053:1747647670550:,1747647683297
counter/9/0/0/0,29728:1747647673115:,1747647683297
counter/2/0/0/0,29672:1747647673797:,1747647683297
counter/1/0/0/0,24054:1747647670550:,1747647683297
counter/9/0/0/0,29729:1747647673115:,1747647683297
counter/2/0/0/0,29673:1747647673797:,1747647683297
counter/1/0/0/0,24055:1747647670550:,1747647683298
counter/9/0/0/0,29730:1747647673115:,1747647683298
counter/2/0/0/0,29674:1747647673797:,1747647683298
counter/1/0/0/0,24056:1747647670550:,1747647683298
counter/9/0/0/0,29731:1747647673115:,1747647683298
counter/2/0/0/0,29675:1747647673797:,1747647683298
counter/1/0/0/0,24057:1747647670550:,1747647683298
counter/9/0/0/0,29732:1747647673115:,1747647683298
counter/2/0/0/0,29676:1747647673809:,1747647683298
counter/1/0/0/0,24058:1747647670550:,1747647683298
counter/9/0/0/0,29733:1747647673115:,1747647683298
counter/2/0/0/0,29677:1747647673809:,1747647683298
counter/1/0/0/0,24059:1747647670550:,1747647683298
counter/9/0/0/0,29734:1747647673115:,1747647683298
counter/2/0/0/0,29678:1747647673810:,1747647683298
counter/1/0/0/0,24060:1747647670550:,1747647683298
counter/9/0/0/0,29735:1747647673115:,1747647683298
counter/2/0/0/0,29679:1747647673810:,1747647683298
counter/1/0/0/0,24061:1747647670550:,1747647683298
counter/9/0/0/0,29736:1747647673115:,1747647683298
counter/2/0/0/0,29680:1747647673810:,1747647683298
counter/1/0/0/0,24062:1747647670550:,1747647683298
counter/9/0/0/0,29737:1747647673117:,1747647683298
counter/2/0/0/0,29681:1747647673810:,1747647683298
counter/1/0/0/0,24063:1747647670550:,1747647683298
counter/9/0/0/0,29738:1747647673117:,1747647683298
counter/2/0/0/0,29682:1747647673810:,1747647683298
counter/1/0/0/0,24064:1747647670550:,1747647683298
counter/9/0/0/0,29739:1747647673117:,1747647683298
counter/2/0/0/0,29683:1747647673810:,1747647683298
counter/1/0/0/0,24065:1747647670550:,1747647683298
counter/9/0/0/0,29740:1747647673117:,1747647683298
counter/2/0/0/0,29684:1747647673814:,1747647683298
counter/1/0/0/0,24066:1747647670550:,1747647683298
counter/9/0/0/0,29741:1747647673117:,1747647683298
counter/2/0/0/0,29685:1747647673815:,1747647683298
counter/1/0/0/0,24067:1747647670550:,1747647683298
counter/6/0/0/0,26710:1747647673322:,1747647683298
counter/3/0/0/0,23475:1747647669850:,1747647683298
counter/9/0/0/0,29742:1747647673117:,1747647683298
counter/2/0/0/0,29686:1747647673815:,1747647683298
counter/1/0/0/0,24068:1747647670564:,1747647683299
counter/3/0/0/0,23476:1747647669850:,1747647683299
counter/10/0/0/0,24755:1747647668452:,1747647683299
counter/9/0/0/0,29743:1747647673117:,1747647683299
counter/2/0/0/0,29687:1747647673815:,1747647683299
counter/1/0/0/0,24069:1747647670564:,1747647683299
counter/3/0/0/0,23477:1747647669850:,1747647683299
counter/7/0/0/0,26323:1747647671374:,1747647683299
counter/9/0/0/0,29744:1747647673117:,1747647683299
counter/2/0/0/0,29688:1747647673815:,1747647683299
counter/1/0/0/0,24070:1747647670564:,1747647683299
counter/3/0/0/0,23478:1747647669850:,1747647683299
counter/9/0/0/0,29745:1747647673117:,1747647683299
counter/2/0/0/0,29689:1747647673815:,1747647683299
counter/1/0/0/0,24071:1747647670564:,1747647683299
counter/9/0/0/0,29746:1747647673120:,1747647683299
counter/2/0/0/0,29690:1747647673815:,1747647683299
counter/1/0/0/0,24072:1747647670564:,1747647683299
counter/9/0/0/0,29747:1747647673120:,1747647683299
counter/2/0/0/0,29691:1747647673815:,1747647683299
counter/1/0/0/0,24073:1747647670564:,1747647683299
counter/9/0/0/0,29748:1747647673120:,1747647683299
counter/2/0/0/0,29692:1747647673820:,1747647683299
counter/1/0/0/0,24074:1747647670564:,1747647683299
counter/9/0/0/0,29749:1747647673120:,1747647683299
counter/2/0/0/0,29693:1747647673830:,1747647683299
counter/1/0/0/0,24075:1747647670564:,1747647683299
counter/9/0/0/0,29750:1747647673120:,1747647683299
counter/2/0/0/0,29694:1747647673830:,1747647683299
counter/1/0/0/0,24076:1747647670574:,1747647683299
counter/9/0/0/0,29751:1747647673120:,1747647683299
counter/2/0/0/0,29695:1747647673830:,1747647683299
counter/1/0/0/0,24077:1747647670574:,1747647683299
counter/9/0/0/0,29752:1747647673120:,1747647683299
counter/2/0/0/0,29696:1747647673830:,1747647683299
counter/1/0/0/0,24078:1747647670574:,1747647683299
counter/9/0/0/0,29753:1747647673120:,1747647683299
counter/2/0/0/0,29697:1747647673830:,1747647683299
counter/1/0/0/0,24079:1747647670574:,1747647683299
counter/9/0/0/0,29754:1747647673120:,1747647683299
counter/2/0/0/0,29698:1747647673830:,1747647683299
counter/1/0/0/0,24080:1747647670574:,1747647683299
counter/9/0/0/0,29755:1747647673120:,1747647683299
counter/2/0/0/0,29699:1747647673830:,1747647683299
counter/1/0/0/0,24081:1747647670574:,1747647683299
counter/9/0/0/0,29756:1747647673121:,1747647683300
counter/2/0/0/0,29700:1747647673831:,1747647683300
counter/1/0/0/0,24082:1747647670574:,1747647683300
counter/9/0/0/0,29757:1747647673121:,1747647683300
counter/2/0/0/0,29701:1747647673835:,1747647683300
counter/1/0/0/0,24083:1747647670574:,1747647683300
counter/9/0/0/0,29758:1747647673121:,1747647683300
counter/2/0/0/0,29702:1747647673835:,1747647683300
counter/1/0/0/0,24084:1747647670574:,1747647683300
counter/9/0/0/0,29759:1747647673122:,1747647683300
counter/2/0/0/0,29703:1747647673835:,1747647683300
counter/1/0/0/0,24085:1747647670574:,1747647683300
counter/9/0/0/0,29760:1747647673122:,1747647683300
counter/2/0/0/0,29704:1747647673835:,1747647683300
counter/1/0/0/0,24086:1747647670574:,1747647683300
counter/9/0/0/0,29761:1747647673122:,1747647683300
counter/2/0/0/0,29705:1747647673835:,1747647683300
counter/1/0/0/0,24087:1747647670574:,1747647683300
counter/9/0/0/0,29762:1747647673122:,1747647683300
counter/2/0/0/0,29706:1747647673835:,1747647683300
counter/1/0/0/0,24088:1747647670574:,1747647683300
counter/8/0/0/0,27872:1747647671581:,1747647683300
counter/9/0/0/0,29763:1747647673122:,1747647683300
counter/2/0/0/0,29707:1747647673835:,1747647683300
counter/1/0/0/0,24089:1747647670575:,1747647683300
counter/3/0/0/0,23479:1747647669850:,1747647683300
counter/7/0/0/0,26324:1747647671374:,1747647683300
counter/4/0/0/0,23014:1747647669860:,1747647683300
counter/9/0/0/0,29764:1747647673122:,1747647683300
counter/2/0/0/0,29708:1747647673836:,1747647683300
counter/1/0/0/0,24090:1747647670575:,1747647683300
counter/6/0/0/0,26711:1747647673322:,1747647683300
counter/10/0/0/0,24756:1747647668452:,1747647683300
counter/9/0/0/0,29765:1747647673122:,1747647683300
counter/2/0/0/0,29709:1747647673836:,1747647683300
counter/1/0/0/0,24091:1747647670575:,1747647683300
counter/9/0/0/0,29766:1747647673122:,1747647683300
counter/2/0/0/0,29710:1747647673836:,1747647683300
counter/1/0/0/0,24092:1747647670575:,1747647683301
counter/9/0/0/0,29767:1747647673131:,1747647683301
counter/2/0/0/0,29711:1747647673836:,1747647683301
counter/1/0/0/0,24093:1747647670575:,1747647683301
counter/9/0/0/0,29768:1747647673131:,1747647683301
counter/2/0/0/0,29712:1747647673836:,1747647683301
counter/1/0/0/0,24094:1747647670575:,1747647683301
counter/9/0/0/0,29769:1747647673131:,1747647683301
counter/2/0/0/0,29713:1747647673837:,1747647683301
counter/1/0/0/0,24095:1747647670575:,1747647683301
counter/9/0/0/0,29770:1747647673131:,1747647683301
counter/2/0/0/0,29714:1747647673837:,1747647683301
counter/1/0/0/0,24096:1747647670575:,1747647683301
counter/9/0/0/0,29771:1747647673131:,1747647683301
counter/2/0/0/0,29715:1747647673837:,1747647683301
counter/1/0/0/0,24097:1747647670575:,1747647683301
counter/9/0/0/0,29772:1747647673131:,1747647683301
counter/2/0/0/0,29716:1747647673849:,1747647683301
counter/1/0/0/0,24098:1747647670575:,1747647683301
counter/9/0/0/0,29773:1747647673132:,1747647683301
counter/2/0/0/0,29717:1747647673851:,1747647683301
counter/1/0/0/0,24099:1747647670575:,1747647683301
counter/9/0/0/0,29774:1747647673132:,1747647683301
counter/2/0/0/0,29718:1747647673851:,1747647683301
counter/1/0/0/0,24100:1747647670575:,1747647683301
counter/9/0/0/0,29775:1747647673132:,1747647683301
counter/2/0/0/0,29719:1747647673852:,1747647683301
counter/1/0/0/0,24101:1747647670575:,1747647683301
counter/9/0/0/0,29776:1747647673132:,1747647683301
counter/2/0/0/0,29720:1747647673852:,1747647683301
counter/1/0/0/0,24102:1747647670575:,1747647683301
counter/9/0/0/0,29777:1747647673133:,1747647683301
counter/2/0/0/0,29721:1747647673855:,1747647683301
counter/1/0/0/0,24103:1747647670575:,1747647683301
counter/9/0/0/0,29778:1747647673135:,1747647683301
counter/2/0/0/0,29722:1747647673863:,1747647683301
counter/1/0/0/0,24104:1747647670575:,1747647683301
counter/9/0/0/0,29779:1747647673136:,1747647683301
counter/2/0/0/0,29723:1747647673867:,1747647683301
counter/1/0/0/0,24105:1747647670575:,1747647683301
counter/9/0/0/0,29780:1747647673136:,1747647683301
counter/2/0/0/0,29724:1747647673871:,1747647683301
counter/1/0/0/0,24106:1747647670575:,1747647683301
counter/9/0/0/0,29781:1747647673136:,1747647683302
counter/2/0/0/0,29725:1747647673872:,1747647683302
counter/1/0/0/0,24107:1747647670575:,1747647683302
counter/9/0/0/0,29782:1747647673136:,1747647683302
counter/2/0/0/0,29726:1747647673872:,1747647683302
counter/1/0/0/0,24108:1747647670578:,1747647683302
counter/9/0/0/0,29783:1747647673136:,1747647683302
counter/2/0/0/0,29727:1747647673872:,1747647683302
counter/1/0/0/0,24109:1747647670579:,1747647683302
counter/9/0/0/0,29784:1747647673136:,1747647683302
counter/2/0/0/0,29728:1747647673872:,1747647683302
counter/1/0/0/0,24110:1747647670579:,1747647683302
counter/9/0/0/0,29785:1747647673136:,1747647683302
counter/2/0/0/0,29729:1747647673872:,1747647683302
counter/1/0/0/0,24111:1747647670579:,1747647683302
counter/7/0/0/0,26325:1747647671374:,1747647683302
counter/9/0/0/0,29786:1747647673145:,1747647683302
counter/2/0/0/0,29730:1747647673872:,1747647683302
counter/1/0/0/0,24112:1747647670579:,1747647683302
counter/3/0/0/0,23480:1747647669850:,1747647683302
counter/6/0/0/0,26712:1747647673322:,1747647683302
counter/4/0/0/0,23015:1747647669860:,1747647683302
counter/9/0/0/0,29787:1747647673147:,1747647683302
counter/2/0/0/0,29731:1747647673885:,1747647683302
counter/1/0/0/0,24113:1747647670580:,1747647683302
counter/10/0/0/0,24757:1747647668452:,1747647683302
counter/9/0/0/0,29788:1747647673148:,1747647683302
counter/2/0/0/0,29732:1747647673885:,1747647683302
counter/1/0/0/0,24114:1747647670580:,1747647683302
counter/10/0/0/0,24758:1747647668459:,1747647683302
counter/4/0/0/0,23016:1747647669861:,1747647683302
counter/9/0/0/0,29789:1747647673148:,1747647683302
counter/2/0/0/0,29733:1747647673885:,1747647683302
counter/1/0/0/0,24115:1747647670580:,1747647683302
counter/10/0/0/0,24759:1747647668459:,1747647683302
counter/8/0/0/0,27873:1747647671582:,1747647683302
counter/9/0/0/0,29790:1747647673148:,1747647683302
counter/2/0/0/0,29734:1747647673885:,1747647683302
counter/1/0/0/0,24116:1747647670580:,1747647683302
counter/10/0/0/0,24760:1747647668459:,1747647683302
counter/9/0/0/0,29791:1747647673157:,1747647683302
counter/2/0/0/0,29735:1747647673885:,1747647683302
counter/1/0/0/0,24117:1747647670581:,1747647683302
counter/9/0/0/0,29792:1747647673162:,1747647683303
counter/2/0/0/0,29736:1747647673885:,1747647683303
counter/1/0/0/0,24118:1747647670581:,1747647683303
counter/9/0/0/0,29793:1747647673162:,1747647683303
counter/2/0/0/0,29737:1747647673885:,1747647683303
counter/1/0/0/0,24119:1747647670581:,1747647683303
counter/9/0/0/0,29794:1747647673162:,1747647683303
counter/2/0/0/0,29738:1747647673885:,1747647683303
counter/1/0/0/0,24120:1747647670581:,1747647683303
counter/9/0/0/0,29795:1747647673162:,1747647683303
counter/2/0/0/0,29739:1747647673885:,1747647683303
counter/1/0/0/0,24121:1747647670581:,1747647683303
counter/9/0/0/0,29796:1747647673162:,1747647683303
counter/2/0/0/0,29740:1747647673885:,1747647683303
counter/1/0/0/0,24122:1747647670582:,1747647683303
counter/9/0/0/0,29797:1747647673163:,1747647683303
counter/2/0/0/0,29741:1747647673885:,1747647683303
counter/1/0/0/0,24123:1747647670582:,1747647683303
counter/9/0/0/0,29798:1747647673163:,1747647683303
counter/2/0/0/0,29742:1747647673885:,1747647683303
counter/1/0/0/0,24124:1747647670582:,1747647683303
counter/9/0/0/0,29799:1747647673163:,1747647683303
counter/2/0/0/0,29743:1747647673885:,1747647683303
counter/1/0/0/0,24125:1747647670583:,1747647683303
counter/9/0/0/0,29800:1747647673163:,1747647683303
counter/2/0/0/0,29744:1747647673885:,1747647683303
counter/1/0/0/0,24126:1747647670583:,1747647683303
counter/9/0/0/0,29801:1747647673163:,1747647683303
counter/2/0/0/0,29745:1747647673885:,1747647683303
counter/1/0/0/0,24127:1747647670583:,1747647683303
counter/9/0/0/0,29802:1747647673163:,1747647683303
counter/2/0/0/0,29746:1747647673885:,1747647683303
counter/1/0/0/0,24128:1747647670583:,1747647683303
counter/9/0/0/0,29803:1747647673163:,1747647683303
counter/2/0/0/0,29747:1747647673886:,1747647683303
counter/1/0/0/0,24129:1747647670583:,1747647683303
counter/9/0/0/0,29804:1747647673163:,1747647683304
counter/2/0/0/0,29748:1747647673886:,1747647683304
counter/1/0/0/0,24130:1747647670583:,1747647683304
counter/9/0/0/0,29805:1747647673178:,1747647683304
counter/2/0/0/0,29749:1747647673886:,1747647683304
counter/1/0/0/0,24131:1747647670583:,1747647683304
counter/9/0/0/0,29806:1747647673178:,1747647683304
counter/2/0/0/0,29750:1747647673886:,1747647683304
counter/1/0/0/0,24132:1747647670583:,1747647683304
counter/9/0/0/0,29807:1747647673178:,1747647683304
counter/2/0/0/0,29751:1747647673886:,1747647683304
counter/1/0/0/0,24133:1747647670583:,1747647683304
counter/9/0/0/0,29808:1747647673178:,1747647683304
counter/2/0/0/0,29752:1747647673886:,1747647683304
counter/1/0/0/0,24134:1747647670593:,1747647683304
counter/9/0/0/0,29809:1747647673178:,1747647683304
counter/2/0/0/0,29753:1747647673886:,1747647683304
counter/1/0/0/0,24135:1747647670593:,1747647683304
counter/9/0/0/0,29810:1747647673178:,1747647683304
counter/2/0/0/0,29754:1747647673886:,1747647683304
counter/1/0/0/0,24136:1747647670605:,1747647683304
counter/9/0/0/0,29811:1747647673178:,1747647683304
counter/2/0/0/0,29755:1747647673889:,1747647683304
counter/1/0/0/0,24137:1747647670605:,1747647683304
counter/9/0/0/0,29812:1747647673186:,1747647683304
counter/2/0/0/0,29756:1747647673889:,1747647683304
counter/1/0/0/0,24138:1747647670605:,1747647683304
counter/9/0/0/0,29813:1747647673186:,1747647683304
counter/2/0/0/0,29757:1747647673889:,1747647683304
counter/1/0/0/0,24139:1747647670605:,1747647683304
counter/9/0/0/0,29814:1747647673186:,1747647683304
counter/2/0/0/0,29758:1747647673889:,1747647683304
counter/1/0/0/0,24140:1747647670605:,1747647683304
counter/9/0/0/0,29815:1747647673186:,1747647683304
counter/2/0/0/0,29759:1747647673889:,1747647683304
counter/1/0/0/0,24141:1747647670606:,1747647683304
counter/9/0/0/0,29816:1747647673186:,1747647683304
counter/2/0/0/0,29760:1747647673891:,1747647683304
counter/1/0/0/0,24142:1747647670606:,1747647683304
counter/9/0/0/0,29817:1747647673186:,1747647683304
counter/2/0/0/0,29761:1747647673891:,1747647683305
counter/1/0/0/0,24143:1747647670606:,1747647683305
counter/9/0/0/0,29818:1747647673186:,1747647683305
counter/2/0/0/0,29762:1747647673894:,1747647683305
counter/1/0/0/0,24144:1747647670606:,1747647683305
counter/9/0/0/0,29819:1747647673186:,1747647683305
counter/2/0/0/0,29763:1747647673895:,1747647683305
counter/1/0/0/0,24145:1747647670606:,1747647683305
counter/9/0/0/0,29820:1747647673186:,1747647683305
counter/2/0/0/0,29764:1747647673895:,1747647683305
counter/1/0/0/0,24146:1747647670606:,1747647683305
counter/9/0/0/0,29821:1747647673186:,1747647683305
counter/2/0/0/0,29765:1747647673896:,1747647683305
counter/1/0/0/0,24147:1747647670606:,1747647683305
counter/9/0/0/0,29822:1747647673186:,1747647683305
counter/2/0/0/0,29766:1747647673897:,1747647683305
counter/1/0/0/0,24148:1747647670606:,1747647683305
counter/9/0/0/0,29823:1747647673187:,1747647683305
counter/2/0/0/0,29767:1747647673897:,1747647683305
counter/1/0/0/0,24149:1747647670606:,1747647683305
counter/4/0/0/0,23017:1747647669861:,1747647683305
counter/9/0/0/0,29824:1747647673188:,1747647683305
counter/2/0/0/0,29768:1747647673897:,1747647683305
counter/1/0/0/0,24150:1747647670606:,1747647683305
counter/4/0/0/0,23018:1747647669861:,1747647683305
counter/9/0/0/0,29825:1747647673188:,1747647683305
counter/2/0/0/0,29769:1747647673897:,1747647683305
counter/1/0/0/0,24151:1747647670606:,1747647683305
counter/4/0/0/0,23019:1747647669861:,1747647683305
counter/9/0/0/0,29826:1747647673192:,1747647683305
counter/2/0/0/0,29770:1747647673897:,1747647683305
counter/1/0/0/0,24152:1747647670606:,1747647683305
counter/4/0/0/0,23020:1747647669863:,1747647683305
counter/9/0/0/0,29827:1747647673195:,1747647683306
counter/2/0/0/0,29771:1747647673897:,1747647683306
counter/1/0/0/0,24153:1747647670626:,1747647683306
counter/4/0/0/0,23021:1747647669863:,1747647683306
counter/9/0/0/0,29828:1747647673198:,1747647683306
counter/2/0/0/0,29772:1747647673897:,1747647683306
counter/1/0/0/0,24154:1747647670626:,1747647683306
counter/4/0/0/0,23022:1747647669863:,1747647683306
counter/9/0/0/0,29829:1747647673198:,1747647683306
counter/2/0/0/0,29773:1747647673897:,1747647683306
counter/1/0/0/0,24155:1747647670626:,1747647683306
counter/4/0/0/0,23023:1747647669868:,1747647683306
counter/9/0/0/0,29830:1747647673198:,1747647683306
counter/2/0/0/0,29774:1747647673897:,1747647683306
counter/1/0/0/0,24156:1747647670626:,1747647683306
counter/4/0/0/0,23024:1747647669868:,1747647683306
counter/9/0/0/0,29831:1747647673198:,1747647683306
counter/2/0/0/0,29775:1747647673897:,1747647683306
counter/1/0/0/0,24157:1747647670626:,1747647683306
counter/4/0/0/0,23025:1747647669877:,1747647683306
counter/9/0/0/0,29832:1747647673199:,1747647683306
counter/2/0/0/0,29776:1747647673897:,1747647683306
counter/1/0/0/0,24158:1747647670629:,1747647683306
counter/4/0/0/0,23026:1747647669878:,1747647683306
counter/9/0/0/0,29833:1747647673199:,1747647683306
counter/2/0/0/0,29777:1747647673897:,1747647683306
counter/1/0/0/0,24159:1747647670629:,1747647683306
counter/4/0/0/0,23027:1747647669878:,1747647683306
counter/9/0/0/0,29834:1747647673199:,1747647683306
counter/2/0/0/0,29778:1747647673897:,1747647683306
counter/1/0/0/0,24160:1747647670629:,1747647683306
counter/4/0/0/0,23028:1747647669878:,1747647683306
counter/9/0/0/0,29835:1747647673203:,1747647683306
counter/2/0/0/0,29779:1747647673897:,1747647683306
counter/1/0/0/0,24161:1747647670629:,1747647683306
counter/4/0/0/0,23029:1747647669878:,1747647683306
counter/9/0/0/0,29836:1747647673203:,1747647683306
counter/2/0/0/0,29780:1747647673897:,1747647683306
counter/1/0/0/0,24162:1747647670629:,1747647683306
counter/4/0/0/0,23030:1747647669878:,1747647683306
counter/9/0/0/0,29837:1747647673203:,1747647683306
counter/2/0/0/0,29781:1747647673897:,1747647683306
counter/1/0/0/0,24163:1747647670629:,1747647683307
counter/4/0/0/0,23031:1747647669878:,1747647683307
counter/6/0/0/0,26713:1747647673322:,1747647683307
counter/9/0/0/0,29838:1747647673203:,1747647683307
counter/2/0/0/0,29782:1747647673897:,1747647683307
counter/1/0/0/0,24164:1747647670635:,1747647683307
counter/9/0/0/0,29839:1747647673203:,1747647683307
counter/2/0/0/0,29783:1747647673897:,1747647683307
counter/1/0/0/0,24165:1747647670635:,1747647683307
counter/9/0/0/0,29840:1747647673203:,1747647683307
counter/2/0/0/0,29784:1747647673897:,1747647683307
counter/1/0/0/0,24166:1747647670635:,1747647683307
counter/4/0/0/0,23032:1747647669878:,1747647683307
counter/7/0/0/0,26326:1747647671374:,1747647683307
counter/9/0/0/0,29841:1747647673203:,1747647683307
counter/2/0/0/0,29785:1747647673897:,1747647683307
counter/1/0/0/0,24167:1747647670635:,1747647683307
counter/9/0/0/0,29842:1747647673203:,1747647683307
counter/2/0/0/0,29786:1747647673897:,1747647683307
counter/1/0/0/0,24168:1747647670635:,1747647683307
counter/9/0/0/0,29843:1747647673203:,1747647683307
counter/2/0/0/0,29787:1747647673897:,1747647683307
counter/1/0/0/0,24169:1747647670635:,1747647683307
counter/9/0/0/0,29844:1747647673203:,1747647683307
counter/2/0/0/0,29788:1747647673897:,1747647683307
counter/1/0/0/0,24170:1747647670635:,1747647683307
counter/9/0/0/0,29845:1747647673203:,1747647683307
counter/2/0/0/0,29789:1747647673897:,1747647683307
counter/1/0/0/0,24171:1747647670641:,1747647683307
counter/8/0/0/0,27874:1747647671582:,1747647683307
counter/9/0/0/0,29846:1747647673203:,1747647683307
counter/2/0/0/0,29790:1747647673897:,1747647683307
counter/1/0/0/0,24172:1747647670641:,1747647683307
counter/7/0/0/0,26327:1747647671374:,1747647683307
counter/9/0/0/0,29847:1747647673203:,1747647683307
counter/2/0/0/0,29791:1747647673897:,1747647683307
counter/1/0/0/0,24173:1747647670641:,1747647683307
counter/7/0/0/0,26328:1747647671374:,1747647683308
counter/9/0/0/0,29848:1747647673204:,1747647683308
counter/2/0/0/0,29792:1747647673897:,1747647683308
counter/1/0/0/0,24174:1747647670641:,1747647683308
counter/7/0/0/0,26329:1747647671378:,1747647683308
counter/9/0/0/0,29849:1747647673215:,1747647683308
counter/2/0/0/0,29793:1747647673898:,1747647683308
counter/1/0/0/0,24175:1747647670641:,1747647683308
counter/7/0/0/0,26330:1747647671378:,1747647683308
counter/9/0/0/0,29850:1747647673215:,1747647683308
counter/2/0/0/0,29794:1747647673898:,1747647683308
counter/1/0/0/0,24176:1747647670641:,1747647683308
counter/7/0/0/0,26331:1747647671378:,1747647683308
counter/9/0/0/0,29851:1747647673215:,1747647683308
counter/2/0/0/0,29795:1747647673898:,1747647683308
counter/1/0/0/0,24177:1747647670641:,1747647683308
counter/7/0/0/0,26332:1747647671378:,1747647683308
counter/9/0/0/0,29852:1747647673215:,1747647683308
counter/2/0/0/0,29796:1747647673898:,1747647683308
counter/1/0/0/0,24178:1747647670641:,1747647683308
counter/7/0/0/0,26333:1747647671378:,1747647683308
counter/9/0/0/0,29853:1747647673215:,1747647683308
counter/2/0/0/0,29797:1747647673898:,1747647683308
counter/1/0/0/0,24179:1747647670641:,1747647683308
counter/7/0/0/0,26334:1747647671381:,1747647683308
counter/9/0/0/0,29854:1747647673215:,1747647683308
counter/2/0/0/0,29798:1747647673898:,1747647683308
counter/1/0/0/0,24180:1747647670641:,1747647683308
counter/7/0/0/0,26335:1747647671381:,1747647683308
counter/9/0/0/0,29855:1747647673215:,1747647683308
counter/2/0/0/0,29799:1747647673898:,1747647683308
counter/1/0/0/0,24181:1747647670641:,1747647683308
counter/7/0/0/0,26336:1747647671381:,1747647683308
counter/9/0/0/0,29856:1747647673215:,1747647683308
counter/2/0/0/0,29800:1747647673898:,1747647683308
counter/1/0/0/0,24182:1747647670651:,1747647683308
counter/7/0/0/0,26337:1747647671381:,1747647683308
counter/4/0/0/0,23033:1747647669878:,1747647683308
counter/9/0/0/0,29857:1747647673215:,1747647683308
counter/2/0/0/0,29801:1747647673898:,1747647683309
counter/1/0/0/0,24183:1747647670651:,1747647683309
counter/7/0/0/0,26338:1747647671381:,1747647683309
counter/9/0/0/0,29858:1747647673215:,1747647683309
counter/2/0/0/0,29802:1747647673898:,1747647683309
counter/1/0/0/0,24184:1747647670651:,1747647683309
counter/7/0/0/0,26339:1747647671381:,1747647683309
counter/9/0/0/0,29859:1747647673215:,1747647683309
counter/2/0/0/0,29803:1747647673898:,1747647683309
counter/1/0/0/0,24185:1747647670651:,1747647683309
counter/7/0/0/0,26340:1747647671381:,1747647683309
counter/9/0/0/0,29860:1747647673215:,1747647683309
counter/2/0/0/0,29804:1747647673898:,1747647683309
counter/1/0/0/0,24186:1747647670651:,1747647683309
counter/7/0/0/0,26341:1747647671381:,1747647683309
counter/9/0/0/0,29861:1747647673215:,1747647683309
counter/2/0/0/0,29805:1747647673898:,1747647683309
counter/1/0/0/0,24187:1747647670651:,1747647683309
counter/7/0/0/0,26342:1747647671381:,1747647683309
counter/9/0/0/0,29862:1747647673223:,1747647683309
counter/2/0/0/0,29806:1747647673899:,1747647683309
counter/1/0/0/0,24188:1747647670651:,1747647683309
counter/7/0/0/0,26343:1747647671381:,1747647683309
counter/9/0/0/0,29863:1747647673223:,1747647683309
counter/2/0/0/0,29807:1747647673899:,1747647683309
counter/1/0/0/0,24189:1747647670651:,1747647683309
counter/7/0/0/0,26344:1747647671381:,1747647683309
counter/9/0/0/0,29864:1747647673223:,1747647683309
counter/2/0/0/0,29808:1747647673899:,1747647683309
counter/1/0/0/0,24190:1747647670651:,1747647683309
counter/7/0/0/0,26345:1747647671381:,1747647683309
counter/9/0/0/0,29865:1747647673223:,1747647683309
counter/2/0/0/0,29809:1747647673900:,1747647683309
counter/1/0/0/0,24191:1747647670651:,1747647683309
counter/7/0/0/0,26346:1747647671381:,1747647683309
counter/9/0/0/0,29866:1747647673223:,1747647683309
counter/2/0/0/0,29810:1747647673900:,1747647683309
counter/1/0/0/0,24192:1747647670651:,1747647683309
counter/7/0/0/0,26347:1747647671381:,1747647683309
counter/9/0/0/0,29867:1747647673223:,1747647683309
counter/2/0/0/0,29811:1747647673900:,1747647683309
counter/1/0/0/0,24193:1747647670651:,1747647683310
counter/7/0/0/0,26348:1747647671381:,1747647683310
counter/9/0/0/0,29868:1747647673223:,1747647683310
counter/2/0/0/0,29812:1747647673900:,1747647683310
counter/1/0/0/0,24194:1747647670651:,1747647683310
counter/7/0/0/0,26349:1747647671381:,1747647683310
counter/9/0/0/0,29869:1747647673223:,1747647683310
counter/2/0/0/0,29813:1747647673900:,1747647683310
counter/1/0/0/0,24195:1747647670651:,1747647683310
counter/7/0/0/0,26350:1747647671386:,1747647683310
counter/9/0/0/0,29870:1747647673223:,1747647683310
counter/2/0/0/0,29814:1747647673900:,1747647683310
counter/1/0/0/0,24196:1747647670652:,1747647683310
counter/7/0/0/0,26351:1747647671386:,1747647683310
counter/9/0/0/0,29871:1747647673223:,1747647683310
counter/2/0/0/0,29815:1747647673900:,1747647683310
counter/1/0/0/0,24197:1747647670652:,1747647683310
counter/7/0/0/0,26352:1747647671401:,1747647683310
counter/9/0/0/0,29872:1747647673223:,1747647683310
counter/2/0/0/0,29816:1747647673900:,1747647683310
counter/1/0/0/0,24198:1747647670652:,1747647683310
counter/7/0/0/0,26353:1747647671405:,1747647683310
counter/9/0/0/0,29873:1747647673223:,1747647683310
counter/2/0/0/0,29817:1747647673900:,1747647683310
counter/1/0/0/0,24199:1747647670652:,1747647683310
counter/7/0/0/0,26354:1747647671405:,1747647683310
counter/9/0/0/0,29874:1747647673223:,1747647683310
counter/2/0/0/0,29818:1747647673900:,1747647683310
counter/1/0/0/0,24200:1747647670652:,1747647683310
counter/7/0/0/0,26355:1747647671405:,1747647683310
counter/9/0/0/0,29875:1747647673223:,1747647683310
counter/2/0/0/0,29819:1747647673900:,1747647683310
counter/1/0/0/0,24201:1747647670652:,1747647683310
counter/7/0/0/0,26356:1747647671405:,1747647683310
counter/9/0/0/0,29876:1747647673223:,1747647683310
counter/2/0/0/0,29820:1747647673900:,1747647683310
counter/1/0/0/0,24202:1747647670652:,1747647683310
counter/7/0/0/0,26357:1747647671405:,1747647683310
counter/9/0/0/0,29877:1747647673227:,1747647683310
counter/2/0/0/0,29821:1747647673900:,1747647683310
counter/1/0/0/0,24203:1747647670652:,1747647683311
counter/7/0/0/0,26358:1747647671405:,1747647683311
counter/9/0/0/0,29878:1747647673227:,1747647683311
counter/2/0/0/0,29822:1747647673900:,1747647683311
counter/1/0/0/0,24204:1747647670652:,1747647683311
counter/7/0/0/0,26359:1747647671405:,1747647683311
counter/9/0/0/0,29879:1747647673227:,1747647683311
counter/2/0/0/0,29823:1747647673900:,1747647683311
counter/1/0/0/0,24205:1747647670652:,1747647683311
counter/7/0/0/0,26360:1747647671405:,1747647683311
counter/9/0/0/0,29880:1747647673227:,1747647683311
counter/2/0/0/0,29824:1747647673900:,1747647683311
counter/1/0/0/0,24206:1747647670652:,1747647683311
counter/7/0/0/0,26361:1747647671428:,1747647683311
counter/9/0/0/0,29881:1747647673227:,1747647683311
counter/2/0/0/0,29825:1747647673907:,1747647683311
counter/1/0/0/0,24207:1747647670652:,1747647683311
counter/7/0/0/0,26362:1747647671435:,1747647683311
counter/9/0/0/0,29882:1747647673227:,1747647683311
counter/2/0/0/0,29826:1747647673907:,1747647683311
counter/1/0/0/0,24208:1747647670652:,1747647683311
counter/7/0/0/0,26363:1747647671436:,1747647683311
counter/9/0/0/0,29883:1747647673227:,1747647683311
counter/2/0/0/0,29827:1747647673907:,1747647683311
counter/1/0/0/0,24209:1747647670652:,1747647683311
counter/7/0/0/0,26364:1747647671436:,1747647683311
counter/9/0/0/0,29884:1747647673231:,1747647683311
counter/2/0/0/0,29828:1747647673908:,1747647683311
counter/1/0/0/0,24210:1747647670654:,1747647683311
counter/7/0/0/0,26365:1747647671436:,1747647683311
counter/9/0/0/0,29885:1747647673231:,1747647683311
counter/2/0/0/0,29829:1747647673908:,1747647683311
counter/1/0/0/0,24211:1747647670654:,1747647683311
counter/7/0/0/0,26366:1747647671436:,1747647683311
counter/9/0/0/0,29886:1747647673231:,1747647683311
counter/2/0/0/0,29830:1747647673908:,1747647683311
counter/1/0/0/0,24212:1747647670655:,1747647683312
counter/7/0/0/0,26367:1747647671436:,1747647683312
counter/9/0/0/0,29887:1747647673231:,1747647683312
counter/2/0/0/0,29831:1747647673908:,1747647683312
counter/1/0/0/0,24213:1747647670655:,1747647683312
counter/7/0/0/0,26368:1747647671436:,1747647683312
counter/9/0/0/0,29888:1747647673231:,1747647683312
counter/2/0/0/0,29832:1747647673908:,1747647683312
counter/1/0/0/0,24214:1747647670655:,1747647683312
counter/7/0/0/0,26369:1747647671436:,1747647683312
counter/9/0/0/0,29889:1747647673231:,1747647683312
counter/2/0/0/0,29833:1747647673908:,1747647683312
counter/1/0/0/0,24215:1747647670655:,1747647683312
counter/7/0/0/0,26370:1747647671436:,1747647683312
counter/9/0/0/0,29890:1747647673237:,1747647683312
counter/2/0/0/0,29834:1747647673908:,1747647683312
counter/1/0/0/0,24216:1747647670656:,1747647683312
counter/7/0/0/0,26371:1747647671436:,1747647683312
counter/9/0/0/0,29891:1747647673237:,1747647683312
counter/2/0/0/0,29835:1747647673908:,1747647683312
counter/1/0/0/0,24217:1747647670656:,1747647683312
counter/7/0/0/0,26372:1747647671436:,1747647683312
counter/9/0/0/0,29892:1747647673237:,1747647683312
counter/2/0/0/0,29836:1747647673908:,1747647683312
counter/1/0/0/0,24218:1747647670656:,1747647683312
counter/7/0/0/0,26373:1747647671436:,1747647683312
counter/9/0/0/0,29893:1747647673237:,1747647683312
counter/2/0/0/0,29837:1747647673908:,1747647683312
counter/1/0/0/0,24219:1747647670666:,1747647683312
counter/7/0/0/0,26374:1747647671436:,1747647683312
counter/9/0/0/0,29894:1747647673238:,1747647683312
counter/2/0/0/0,29838:1747647673908:,1747647683312
counter/1/0/0/0,24220:1747647670666:,1747647683312
counter/7/0/0/0,26375:1747647671436:,1747647683312
counter/9/0/0/0,29895:1747647673238:,1747647683312
counter/2/0/0/0,29839:1747647673908:,1747647683312
counter/1/0/0/0,24221:1747647670666:,1747647683312
counter/7/0/0/0,26376:1747647671436:,1747647683312
counter/9/0/0/0,29896:1747647673238:,1747647683312
counter/2/0/0/0,29840:1747647673908:,1747647683312
counter/1/0/0/0,24222:1747647670666:,1747647683312
counter/7/0/0/0,26377:1747647671436:,1747647683312
counter/9/0/0/0,29897:1747647673238:,1747647683312
counter/2/0/0/0,29841:1747647673908:,1747647683312
counter/1/0/0/0,24223:1747647670666:,1747647683313
counter/7/0/0/0,26378:1747647671436:,1747647683313
counter/9/0/0/0,29898:1747647673238:,1747647683313
counter/2/0/0/0,29842:1747647673909:,1747647683313
counter/1/0/0/0,24224:1747647670666:,1747647683313
counter/7/0/0/0,26379:1747647671436:,1747647683313
counter/9/0/0/0,29899:1747647673238:,1747647683313
counter/2/0/0/0,29843:1747647673913:,1747647683313
counter/1/0/0/0,24225:1747647670666:,1747647683313
counter/7/0/0/0,26380:1747647671436:,1747647683313
counter/9/0/0/0,29900:1747647673238:,1747647683313
counter/2/0/0/0,29844:1747647673913:,1747647683313
counter/1/0/0/0,24226:1747647670666:,1747647683313
counter/7/0/0/0,26381:1747647671436:,1747647683313
counter/9/0/0/0,29901:1747647673240:,1747647683313
counter/2/0/0/0,29845:1747647673913:,1747647683313
counter/1/0/0/0,24227:1747647670666:,1747647683313
counter/7/0/0/0,26382:1747647671436:,1747647683313
counter/9/0/0/0,29902:1747647673240:,1747647683313
counter/2/0/0/0,29846:1747647673913:,1747647683313
counter/1/0/0/0,24228:1747647670666:,1747647683313
counter/7/0/0/0,26383:1747647671437:,1747647683313
counter/9/0/0/0,29903:1747647673241:,1747647683313
counter/2/0/0/0,29847:1747647673913:,1747647683313
counter/1/0/0/0,24229:1747647670670:,1747647683313
counter/7/0/0/0,26384:1747647671437:,1747647683313
counter/9/0/0/0,29904:1747647673241:,1747647683313
counter/2/0/0/0,29848:1747647673913:,1747647683313
counter/1/0/0/0,24230:1747647670670:,1747647683313
counter/7/0/0/0,26385:1747647671437:,1747647683313
counter/9/0/0/0,29905:1747647673241:,1747647683313
counter/2/0/0/0,29849:1747647673913:,1747647683313
counter/1/0/0/0,24231:1747647670670:,1747647683313
counter/7/0/0/0,26386:1747647671437:,1747647683313
counter/9/0/0/0,29906:1747647673241:,1747647683313
counter/2/0/0/0,29850:1747647673913:,1747647683313
counter/1/0/0/0,24232:1747647670670:,1747647683313
counter/7/0/0/0,26387:1747647671438:,1747647683313
counter/9/0/0/0,29907:1747647673241:,1747647683314
counter/2/0/0/0,29851:1747647673913:,1747647683314
counter/1/0/0/0,24233:1747647670670:,1747647683314
counter/7/0/0/0,26388:1747647671438:,1747647683314
counter/9/0/0/0,29908:1747647673241:,1747647683314
counter/2/0/0/0,29852:1747647673913:,1747647683314
counter/1/0/0/0,24234:1747647670670:,1747647683314
counter/7/0/0/0,26389:1747647671438:,1747647683314
counter/9/0/0/0,29909:1747647673241:,1747647683314
counter/2/0/0/0,29853:1747647673913:,1747647683314
counter/1/0/0/0,24235:1747647670670:,1747647683314
counter/7/0/0/0,26390:1747647671438:,1747647683314
counter/9/0/0/0,29910:1747647673241:,1747647683314
counter/2/0/0/0,29854:1747647673913:,1747647683314
counter/1/0/0/0,24236:1747647670670:,1747647683314
counter/7/0/0/0,26391:1747647671438:,1747647683314
counter/4/0/0/0,23034:1747647669878:,1747647683314
counter/9/0/0/0,29911:1747647673241:,1747647683314
counter/2/0/0/0,29855:1747647673913:,1747647683314
counter/1/0/0/0,24237:1747647670670:,1747647683314
counter/7/0/0/0,26392:1747647671439:,1747647683314
counter/9/0/0/0,29912:1747647673241:,1747647683314
counter/2/0/0/0,29856:1747647673913:,1747647683314
counter/1/0/0/0,24238:1747647670673:,1747647683314
counter/7/0/0/0,26393:1747647671439:,1747647683314
counter/5/0/0/0,27170:1747647671775:,1747647683314
counter/9/0/0/0,29913:1747647673241:,1747647683314
counter/2/0/0/0,29857:1747647673913:,1747647683314
counter/1/0/0/0,24239:1747647670673:,1747647683314
counter/7/0/0/0,26394:1747647671439:,1747647683314
counter/10/0/0/0,24761:1747647668459:,1747647683314
counter/3/0/0/0,23481:1747647669850:,1747647683314
counter/8/0/0/0,27875:1747647671582:,1747647683314
counter/9/0/0/0,29914:1747647673241:,1747647683314
counter/2/0/0/0,29858:1747647673913:,1747647683314
counter/1/0/0/0,24240:1747647670673:,1747647683314
counter/7/0/0/0,26395:1747647671439:,1747647683314
counter/4/0/0/0,23035:1747647669878:,1747647683314
counter/6/0/0/0,26714:1747647673322:,1747647683314
counter/9/0/0/0,29915:1747647673241:,1747647683314
counter/2/0/0/0,29859:1747647673913:,1747647683315
counter/1/0/0/0,24241:1747647670673:,1747647683315
counter/7/0/0/0,26396:1747647671439:,1747647683315
counter/9/0/0/0,29916:1747647673241:,1747647683315
counter/2/0/0/0,29860:1747647673913:,1747647683315
counter/1/0/0/0,24242:1747647670673:,1747647683315
counter/7/0/0/0,26397:1747647671439:,1747647683315
counter/9/0/0/0,29917:1747647673241:,1747647683315
counter/2/0/0/0,29861:1747647673913:,1747647683315
counter/1/0/0/0,24243:1747647670673:,1747647683315
counter/7/0/0/0,26398:1747647671439:,1747647683315
counter/9/0/0/0,29918:1747647673241:,1747647683315
counter/2/0/0/0,29862:1747647673914:,1747647683315
counter/1/0/0/0,24244:1747647670673:,1747647683315
counter/7/0/0/0,26399:1747647671441:,1747647683315
counter/9/0/0/0,29919:1747647673241:,1747647683315
counter/2/0/0/0,29863:1747647673914:,1747647683315
counter/1/0/0/0,24245:1747647670673:,1747647683315
counter/7/0/0/0,26400:1747647671441:,1747647683315
counter/9/0/0/0,29920:1747647673241:,1747647683315
counter/2/0/0/0,29864:1747647673914:,1747647683315
counter/1/0/0/0,24246:1747647670673:,1747647683315
counter/7/0/0/0,26401:1747647671441:,1747647683315
counter/9/0/0/0,29921:1747647673241:,1747647683315
counter/2/0/0/0,29865:1747647673914:,1747647683315
counter/1/0/0/0,24247:1747647670673:,1747647683315
counter/7/0/0/0,26402:1747647671441:,1747647683315
counter/9/0/0/0,29922:1747647673241:,1747647683315
counter/2/0/0/0,29866:1747647673914:,1747647683315
counter/1/0/0/0,24248:1747647670673:,1747647683315
counter/7/0/0/0,26403:1747647671441:,1747647683315
counter/9/0/0/0,29923:1747647673242:,1747647683315
counter/2/0/0/0,29867:1747647673914:,1747647683315
counter/1/0/0/0,24249:1747647670673:,1747647683315
counter/7/0/0/0,26404:1747647671441:,1747647683315
counter/9/0/0/0,29924:1747647673242:,1747647683315
counter/2/0/0/0,29868:1747647673914:,1747647683315
counter/1/0/0/0,24250:1747647670680:,1747647683315
counter/7/0/0/0,26405:1747647671446:,1747647683315
counter/9/0/0/0,29925:1747647673242:,1747647683315
counter/2/0/0/0,29869:1747647673914:,1747647683316
counter/1/0/0/0,24251:1747647670680:,1747647683316
counter/7/0/0/0,26406:1747647671446:,1747647683316
counter/9/0/0/0,29926:1747647673242:,1747647683316
counter/2/0/0/0,29870:1747647673914:,1747647683316
counter/1/0/0/0,24252:1747647670680:,1747647683316
counter/7/0/0/0,26407:1747647671446:,1747647683316
counter/9/0/0/0,29927:1747647673242:,1747647683316
counter/2/0/0/0,29871:1747647673921:,1747647683316
counter/1/0/0/0,24253:1747647670680:,1747647683316
counter/7/0/0/0,26408:1747647671447:,1747647683316
counter/9/0/0/0,29928:1747647673242:,1747647683316
counter/2/0/0/0,29872:1747647673921:,1747647683316
counter/1/0/0/0,24254:1747647670680:,1747647683316
counter/7/0/0/0,26409:1747647671447:,1747647683316
counter/9/0/0/0,29929:1747647673244:,1747647683316
counter/2/0/0/0,29873:1747647673922:,1747647683316
counter/1/0/0/0,24255:1747647670680:,1747647683316
counter/7/0/0/0,26410:1747647671447:,1747647683316
counter/9/0/0/0,29930:1747647673244:,1747647683316
counter/2/0/0/0,29874:1747647673922:,1747647683316
counter/1/0/0/0,24256:1747647670680:,1747647683316
counter/7/0/0/0,26411:1747647671447:,1747647683316
counter/9/0/0/0,29931:1747647673244:,1747647683316
counter/2/0/0/0,29875:1747647673922:,1747647683316
counter/1/0/0/0,24257:1747647670681:,1747647683316
counter/7/0/0/0,26412:1747647671447:,1747647683316
counter/9/0/0/0,29932:1747647673244:,1747647683316
counter/2/0/0/0,29876:1747647673922:,1747647683316
counter/1/0/0/0,24258:1747647670681:,1747647683316
counter/7/0/0/0,26413:1747647671453:,1747647683316
counter/9/0/0/0,29933:1747647673244:,1747647683316
counter/2/0/0/0,29877:1747647673922:,1747647683316
counter/1/0/0/0,24259:1747647670681:,1747647683316
counter/7/0/0/0,26414:1747647671453:,1747647683316
counter/9/0/0/0,29934:1747647673245:,1747647683316
counter/2/0/0/0,29878:1747647673922:,1747647683316
counter/1/0/0/0,24260:1747647670681:,1747647683316
counter/7/0/0/0,26415:1747647671453:,1747647683316
counter/9/0/0/0,29935:1747647673245:,1747647683316
counter/2/0/0/0,29879:1747647673922:,1747647683316
counter/1/0/0/0,24261:1747647670681:,1747647683316
counter/7/0/0/0,26416:1747647671453:,1747647683316
counter/9/0/0/0,29936:1747647673245:,1747647683316
counter/2/0/0/0,29880:1747647673922:,1747647683317
counter/1/0/0/0,24262:1747647670681:,1747647683317
counter/7/0/0/0,26417:1747647671460:,1747647683317
counter/9/0/0/0,29937:1747647673245:,1747647683317
counter/2/0/0/0,29881:1747647673922:,1747647683317
counter/1/0/0/0,24263:1747647670681:,1747647683317
counter/7/0/0/0,26418:1747647671461:,1747647683317
counter/9/0/0/0,29938:1747647673245:,1747647683317
counter/2/0/0/0,29882:1747647673922:,1747647683317
counter/1/0/0/0,24264:1747647670681:,1747647683317
counter/7/0/0/0,26419:1747647671461:,1747647683317
counter/9/0/0/0,29939:1747647673245:,1747647683317
counter/2/0/0/0,29883:1747647673922:,1747647683317
counter/1/0/0/0,24265:1747647670681:,1747647683317
counter/7/0/0/0,26420:1747647671461:,1747647683317
counter/9/0/0/0,29940:1747647673245:,1747647683317
counter/2/0/0/0,29884:1747647673923:,1747647683317
counter/1/0/0/0,24266:1747647670681:,1747647683317
counter/7/0/0/0,26421:1747647671461:,1747647683317
counter/9/0/0/0,29941:1747647673245:,1747647683317
counter/2/0/0/0,29885:1747647673923:,1747647683317
counter/1/0/0/0,24267:1747647670681:,1747647683317
counter/7/0/0/0,26422:1747647671461:,1747647683317
counter/9/0/0/0,29942:1747647673245:,1747647683317
counter/2/0/0/0,29886:1747647673923:,1747647683317
counter/1/0/0/0,24268:1747647670681:,1747647683317
counter/7/0/0/0,26423:1747647671461:,1747647683317
counter/9/0/0/0,29943:1747647673245:,1747647683317
counter/2/0/0/0,29887:1747647673923:,1747647683317
counter/1/0/0/0,24269:1747647670681:,1747647683317
counter/7/0/0/0,26424:1747647671461:,1747647683317
counter/9/0/0/0,29944:1747647673245:,1747647683317
counter/2/0/0/0,29888:1747647673923:,1747647683317
counter/1/0/0/0,24270:1747647670681:,1747647683317
counter/7/0/0/0,26425:1747647671461:,1747647683317
counter/4/0/0/0,23036:1747647669895:,1747647683317
counter/9/0/0/0,29945:1747647673245:,1747647683317
counter/2/0/0/0,29889:1747647673923:,1747647683317
counter/1/0/0/0,24271:1747647670681:,1747647683317
counter/7/0/0/0,26426:1747647671461:,1747647683317
counter/9/0/0/0,29946:1747647673250:,1747647683317
counter/2/0/0/0,29890:1747647673923:,1747647683317
counter/1/0/0/0,24272:1747647670681:,1747647683317
counter/7/0/0/0,26427:1747647671466:,1747647683318
counter/9/0/0/0,29947:1747647673250:,1747647683318
counter/2/0/0/0,29891:1747647673923:,1747647683318
counter/1/0/0/0,24273:1747647670683:,1747647683318
counter/7/0/0/0,26428:1747647671466:,1747647683318
counter/9/0/0/0,29948:1747647673250:,1747647683318
counter/2/0/0/0,29892:1747647673923:,1747647683318
counter/1/0/0/0,24274:1747647670683:,1747647683318
counter/7/0/0/0,26429:1747647671466:,1747647683318
counter/9/0/0/0,29949:1747647673250:,1747647683318
counter/2/0/0/0,29893:1747647673923:,1747647683318
counter/1/0/0/0,24275:1747647670683:,1747647683318
counter/7/0/0/0,26430:1747647671466:,1747647683318
counter/9/0/0/0,29950:1747647673250:,1747647683318
counter/2/0/0/0,29894:1747647673923:,1747647683318
counter/1/0/0/0,24276:1747647670683:,1747647683318
counter/7/0/0/0,26431:1747647671475:,1747647683318
counter/9/0/0/0,29951:1747647673252:,1747647683318
counter/2/0/0/0,29895:1747647673923:,1747647683318
counter/1/0/0/0,24277:1747647670683:,1747647683318
counter/7/0/0/0,26432:1747647671479:,1747647683318
counter/9/0/0/0,29952:1747647673252:,1747647683318
counter/2/0/0/0,29896:1747647673923:,1747647683318
counter/1/0/0/0,24278:1747647670683:,1747647683318
counter/7/0/0/0,26433:1747647671479:,1747647683318
counter/9/0/0/0,29953:1747647673252:,1747647683318
counter/2/0/0/0,29897:1747647673923:,1747647683318
counter/1/0/0/0,24279:1747647670683:,1747647683318
counter/7/0/0/0,26434:1747647671479:,1747647683318
counter/9/0/0/0,29954:1747647673252:,1747647683318
counter/2/0/0/0,29898:1747647673923:,1747647683318
counter/1/0/0/0,24280:1747647670683:,1747647683318
counter/7/0/0/0,26435:1747647671479:,1747647683318
counter/9/0/0/0,29955:1747647673252:,1747647683318
counter/2/0/0/0,29899:1747647673923:,1747647683318
counter/1/0/0/0,24281:1747647670683:,1747647683318
counter/7/0/0/0,26436:1747647671479:,1747647683318
counter/9/0/0/0,29956:1747647673252:,1747647683318
counter/2/0/0/0,29900:1747647673923:,1747647683318
counter/1/0/0/0,24282:1747647670683:,1747647683319
counter/7/0/0/0,26437:1747647671479:,1747647683319
counter/9/0/0/0,29957:1747647673252:,1747647683319
counter/2/0/0/0,29901:1747647673923:,1747647683319
counter/1/0/0/0,24283:1747647670683:,1747647683319
counter/7/0/0/0,26438:1747647671479:,1747647683319
counter/9/0/0/0,29958:1747647673252:,1747647683319
counter/2/0/0/0,29902:1747647673926:,1747647683319
counter/1/0/0/0,24284:1747647670683:,1747647683319
counter/7/0/0/0,26439:1747647671479:,1747647683319
counter/9/0/0/0,29959:1747647673253:,1747647683319
counter/2/0/0/0,29903:1747647673926:,1747647683319
counter/1/0/0/0,24285:1747647670683:,1747647683319
counter/7/0/0/0,26440:1747647671479:,1747647683319
counter/9/0/0/0,29960:1747647673253:,1747647683319
counter/2/0/0/0,29904:1747647673926:,1747647683319
counter/1/0/0/0,24286:1747647670691:,1747647683319
counter/7/0/0/0,26441:1747647671479:,1747647683319
counter/9/0/0/0,29961:1747647673253:,1747647683319
counter/2/0/0/0,29905:1747647673926:,1747647683319
counter/1/0/0/0,24287:1747647670691:,1747647683319
counter/7/0/0/0,26442:1747647671480:,1747647683319
counter/9/0/0/0,29962:1747647673253:,1747647683319
counter/2/0/0/0,29906:1747647673926:,1747647683319
counter/1/0/0/0,24288:1747647670693:,1747647683319
counter/7/0/0/0,26443:1747647671480:,1747647683319
counter/9/0/0/0,29963:1747647673253:,1747647683319
counter/2/0/0/0,29907:1747647673926:,1747647683319
counter/1/0/0/0,24289:1747647670693:,1747647683319
counter/7/0/0/0,26444:1747647671480:,1747647683319
counter/9/0/0/0,29964:1747647673253:,1747647683319
counter/2/0/0/0,29908:1747647673931:,1747647683319
counter/1/0/0/0,24290:1747647670693:,1747647683319
counter/7/0/0/0,26445:1747647671480:,1747647683319
counter/9/0/0/0,29965:1747647673253:,1747647683319
counter/2/0/0/0,29909:1747647673931:,1747647683319
counter/1/0/0/0,24291:1747647670693:,1747647683319
counter/7/0/0/0,26446:1747647671480:,1747647683319
counter/9/0/0/0,29966:1747647673253:,1747647683319
counter/2/0/0/0,29910:1747647673931:,1747647683319
counter/1/0/0/0,24292:1747647670693:,1747647683319
counter/7/0/0/0,26447:1747647671480:,1747647683319
counter/9/0/0/0,29967:1747647673253:,1747647683319
counter/2/0/0/0,29911:1747647673931:,1747647683319
counter/1/0/0/0,24293:1747647670693:,1747647683319
counter/7/0/0/0,26448:1747647671480:,1747647683319
counter/9/0/0/0,29968:1747647673254:,1747647683320
counter/2/0/0/0,29912:1747647673931:,1747647683320
counter/1/0/0/0,24294:1747647670693:,1747647683320
counter/7/0/0/0,26449:1747647671501:,1747647683320
counter/9/0/0/0,29969:1747647673254:,1747647683320
counter/2/0/0/0,29913:1747647673931:,1747647683320
counter/1/0/0/0,24295:1747647670693:,1747647683320
counter/7/0/0/0,26450:1747647671501:,1747647683320
counter/10/0/0/0,24762:1747647668459:,1747647683320
counter/9/0/0/0,29970:1747647673254:,1747647683320
counter/2/0/0/0,29914:1747647673931:,1747647683320
counter/1/0/0/0,24296:1747647670694:,1747647683320
counter/7/0/0/0,26451:1747647671501:,1747647683320
counter/8/0/0/0,27876:1747647671582:,1747647683320
counter/9/0/0/0,29971:1747647673254:,1747647683320
counter/2/0/0/0,29915:1747647673931:,1747647683320
counter/1/0/0/0,24297:1747647670715:,1747647683320
counter/7/0/0/0,26452:1747647671501:,1747647683320
counter/9/0/0/0,29972:1747647673254:,1747647683320
counter/2/0/0/0,29916:1747647673931:,1747647683320
counter/1/0/0/0,24298:1747647670734:,1747647683320
counter/7/0/0/0,26453:1747647671501:,1747647683320
counter/9/0/0/0,29973:1747647673254:,1747647683320
counter/2/0/0/0,29917:1747647673931:,1747647683320
counter/1/0/0/0,24299:1747647670734:,1747647683320
counter/7/0/0/0,26454:1747647671501:,1747647683320
counter/9/0/0/0,29974:1747647673254:,1747647683320
counter/2/0/0/0,29918:1747647673931:,1747647683320
counter/1/0/0/0,24300:1747647670734:,1747647683320
counter/7/0/0/0,26455:1747647671501:,1747647683320
counter/9/0/0/0,29975:1747647673256:,1747647683320
counter/2/0/0/0,29919:1747647673931:,1747647683320
counter/1/0/0/0,24301:1747647670734:,1747647683320
counter/7/0/0/0,26456:1747647671501:,1747647683320
counter/9/0/0/0,29976:1747647673256:,1747647683320
counter/2/0/0/0,29920:1747647673931:,1747647683320
counter/1/0/0/0,24302:1747647670734:,1747647683320
counter/7/0/0/0,26457:1747647671501:,1747647683320
counter/9/0/0/0,29977:1747647673256:,1747647683320
counter/2/0/0/0,29921:1747647673938:,1747647683320
counter/1/0/0/0,24303:1747647670734:,1747647683320
counter/7/0/0/0,26458:1747647671512:,1747647683321
counter/9/0/0/0,29978:1747647673256:,1747647683321
counter/2/0/0/0,29922:1747647673938:,1747647683321
counter/1/0/0/0,24304:1747647670734:,1747647683321
counter/7/0/0/0,26459:1747647671513:,1747647683321
counter/9/0/0/0,29979:1747647673256:,1747647683321
counter/2/0/0/0,29923:1747647673938:,1747647683321
counter/1/0/0/0,24305:1747647670735:,1747647683321
counter/7/0/0/0,26460:1747647671513:,1747647683321
counter/9/0/0/0,29980:1747647673256:,1747647683321
counter/2/0/0/0,29924:1747647673938:,1747647683321
counter/1/0/0/0,24306:1747647670735:,1747647683321
counter/7/0/0/0,26461:1747647671513:,1747647683321
counter/9/0/0/0,29981:1747647673256:,1747647683321
counter/2/0/0/0,29925:1747647673938:,1747647683321
counter/1/0/0/0,24307:1747647670735:,1747647683321
counter/7/0/0/0,26462:1747647671516:,1747647683321
counter/9/0/0/0,29982:1747647673256:,1747647683321
counter/2/0/0/0,29926:1747647673938:,1747647683321
counter/1/0/0/0,24308:1747647670735:,1747647683321
counter/7/0/0/0,26463:1747647671516:,1747647683321
counter/9/0/0/0,29983:1747647673263:,1747647683321
counter/2/0/0/0,29927:1747647673938:,1747647683321
counter/1/0/0/0,24309:1747647670735:,1747647683321
counter/7/0/0/0,26464:1747647671516:,1747647683321
counter/9/0/0/0,29984:1747647673263:,1747647683321
counter/2/0/0/0,29928:1747647673938:,1747647683321
counter/1/0/0/0,24310:1747647670736:,1747647683321
counter/7/0/0/0,26465:1747647671516:,1747647683321
counter/9/0/0/0,29985:1747647673264:,1747647683321
counter/2/0/0/0,29929:1747647673938:,1747647683321
counter/1/0/0/0,24311:1747647670736:,1747647683321
counter/7/0/0/0,26466:1747647671516:,1747647683321
counter/9/0/0/0,29986:1747647673264:,1747647683321
counter/2/0/0/0,29930:1747647673938:,1747647683321
counter/1/0/0/0,24312:1747647670738:,1747647683321
counter/7/0/0/0,26467:1747647671516:,1747647683321
counter/8/0/0/0,27877:1747647671582:,1747647683321
counter/9/0/0/0,29987:1747647673264:,1747647683321
counter/2/0/0/0,29931:1747647673938:,1747647683321
counter/1/0/0/0,24313:1747647670739:,1747647683322
counter/7/0/0/0,26468:1747647671516:,1747647683322
counter/4/0/0/0,23037:1747647669895:,1747647683322
counter/9/0/0/0,29988:1747647673264:,1747647683322
counter/2/0/0/0,29932:1747647673938:,1747647683322
counter/1/0/0/0,24314:1747647670739:,1747647683322
counter/7/0/0/0,26469:1747647671516:,1747647683322
counter/9/0/0/0,29989:1747647673264:,1747647683322
counter/2/0/0/0,29933:1747647673938:,1747647683322
counter/1/0/0/0,24315:1747647670742:,1747647683322
counter/7/0/0/0,26470:1747647671516:,1747647683322
counter/9/0/0/0,29990:1747647673264:,1747647683322
counter/2/0/0/0,29934:1747647673938:,1747647683322
counter/1/0/0/0,24316:1747647670745:,1747647683322
counter/7/0/0/0,26471:1747647671522:,1747647683322
counter/9/0/0/0,29991:1747647673264:,1747647683322
counter/2/0/0/0,29935:1747647673938:,1747647683322
counter/1/0/0/0,24317:1747647670747:,1747647683322
counter/7/0/0/0,26472:1747647671522:,1747647683322
counter/8/0/0/0,27878:1747647671582:,1747647683322
counter/4/0/0/0,23038:1747647669895:,1747647683322
counter/9/0/0/0,29992:1747647673264:,1747647683322
counter/2/0/0/0,29936:1747647673938:,1747647683322
counter/1/0/0/0,24318:1747647670753:,1747647683322
counter/7/0/0/0,26473:1747647671522:,1747647683322
counter/4/0/0/0,23039:1747647669895:,1747647683322
counter/5/0/0/0,27171:1747647671775:,1747647683322
counter/9/0/0/0,29993:1747647673264:,1747647683322
counter/2/0/0/0,29937:1747647673938:,1747647683322
counter/1/0/0/0,24319:1747647670753:,1747647683322
counter/7/0/0/0,26474:1747647671522:,1747647683322
counter/4/0/0/0,23040:1747647669895:,1747647683322
counter/9/0/0/0,29994:1747647673264:,1747647683322
counter/2/0/0/0,29938:1747647673938:,1747647683322
counter/1/0/0/0,24320:1747647670753:,1747647683322
counter/7/0/0/0,26475:1747647671522:,1747647683322
counter/4/0/0/0,23041:1747647669895:,1747647683322
counter/9/0/0/0,29995:1747647673264:,1747647683322
counter/2/0/0/0,29939:1747647673938:,1747647683322
counter/1/0/0/0,24321:1747647670757:,1747647683322
counter/7/0/0/0,26476:1747647671522:,1747647683323
counter/9/0/0/0,29996:1747647673264:,1747647683323
counter/2/0/0/0,29940:1747647673939:,1747647683323
counter/1/0/0/0,24322:1747647670759:,1747647683323
counter/7/0/0/0,26477:1747647671522:,1747647683323
counter/9/0/0/0,29997:1747647673264:,1747647683323
counter/2/0/0/0,29941:1747647673942:,1747647683323
counter/1/0/0/0,24323:1747647670761:,1747647683323
counter/7/0/0/0,26478:1747647671528:,1747647683323
counter/9/0/0/0,29998:1747647673264:,1747647683323
counter/2/0/0/0,29942:1747647673942:,1747647683323
counter/1/0/0/0,24324:1747647670761:,1747647683323
counter/7/0/0/0,26479:1747647671528:,1747647683323
counter/9/0/0/0,29999:1747647673264:,1747647683323
counter/2/0/0/0,29943:1747647673943:,1747647683323
counter/1/0/0/0,24325:1747647670762:,1747647683323
counter/7/0/0/0,26480:1747647671528:,1747647683323
counter/9/0/0/0,30000:1747647673265:,1747647683323
counter/2/0/0/0,29944:1747647673943:,1747647683323
counter/1/0/0/0,24326:1747647670762:,1747647683323
counter/7/0/0/0,26481:1747647671528:,1747647683323
counter/9/0/0/0,30001:1747647673266:,1747647683323
counter/2/0/0/0,29945:1747647673943:,1747647683323
counter/1/0/0/0,24327:1747647670762:,1747647683323
counter/7/0/0/0,26482:1747647671528:,1747647683323
counter/9/0/0/0,30002:1747647673266:,1747647683323
counter/2/0/0/0,29946:1747647673943:,1747647683323
counter/1/0/0/0,24328:1747647670762:,1747647683323
counter/7/0/0/0,26483:1747647671528:,1747647683323
counter/9/0/0/0,30003:1747647673266:,1747647683323
counter/2/0/0/0,29947:1747647673943:,1747647683323
counter/1/0/0/0,24329:1747647670762:,1747647683323
counter/7/0/0/0,26484:1747647671528:,1747647683323
counter/9/0/0/0,30004:1747647673266:,1747647683324
counter/2/0/0/0,29948:1747647673943:,1747647683324
counter/1/0/0/0,24330:1747647670762:,1747647683324
counter/7/0/0/0,26485:1747647671528:,1747647683324
counter/9/0/0/0,30005:1747647673266:,1747647683324
counter/2/0/0/0,29949:1747647673943:,1747647683324
counter/1/0/0/0,24331:1747647670762:,1747647683324
counter/7/0/0/0,26486:1747647671528:,1747647683324
counter/9/0/0/0,30006:1747647673266:,1747647683324
counter/2/0/0/0,29950:1747647673943:,1747647683324
counter/1/0/0/0,24332:1747647670762:,1747647683324
counter/7/0/0/0,26487:1747647671528:,1747647683324
counter/9/0/0/0,30007:1747647673266:,1747647683324
counter/2/0/0/0,29951:1747647673943:,1747647683324
counter/1/0/0/0,24333:1747647670762:,1747647683324
counter/7/0/0/0,26488:1747647671528:,1747647683324
counter/9/0/0/0,30008:1747647673266:,1747647683324
counter/2/0/0/0,29952:1747647673943:,1747647683324
counter/1/0/0/0,24334:1747647670762:,1747647683324
counter/7/0/0/0,26489:1747647671528:,1747647683324
counter/10/0/0/0,24763:1747647668459:,1747647683324
counter/4/0/0/0,23042:1747647669895:,1747647683324
counter/9/0/0/0,30009:1747647673266:,1747647683324
counter/2/0/0/0,29953:1747647673943:,1747647683324
counter/1/0/0/0,24335:1747647670762:,1747647683324
counter/7/0/0/0,26490:1747647671528:,1747647683324
counter/10/0/0/0,24764:1747647668459:,1747647683324
counter/9/0/0/0,30010:1747647673266:,1747647683324
counter/2/0/0/0,29954:1747647673943:,1747647683324
counter/1/0/0/0,24336:1747647670762:,1747647683324
counter/7/0/0/0,26491:1747647671533:,1747647683324
counter/4/0/0/0,23043:1747647669896:,1747647683324
counter/5/0/0/0,27172:1747647671775:,1747647683324
counter/9/0/0/0,30011:1747647673266:,1747647683324
counter/2/0/0/0,29955:1747647673943:,1747647683324
counter/1/0/0/0,24337:1747647670762:,1747647683324
counter/7/0/0/0,26492:1747647671533:,1747647683324
counter/3/0/0/0,23482:1747647669850:,1747647683324
counter/6/0/0/0,26715:1747647673322:,1747647683324
counter/8/0/0/0,27879:1747647671582:,1747647683324
counter/9/0/0/0,30012:1747647673266:,1747647683324
counter/2/0/0/0,29956:1747647673954:,1747647683324
counter/1/0/0/0,24338:1747647670762:,1747647683324
counter/7/0/0/0,26493:1747647671533:,1747647683324
counter/3/0/0/0,23483:1747647669850:,1747647683324
counter/6/0/0/0,26716:1747647673322:,1747647683324
counter/5/0/0/0,27173:1747647671775:,1747647683324
counter/9/0/0/0,30013:1747647673266:,1747647683325
counter/2/0/0/0,29957:1747647673954:,1747647683325
counter/1/0/0/0,24339:1747647670762:,1747647683325
counter/7/0/0/0,26494:1747647671533:,1747647683325
counter/9/0/0/0,30014:1747647673266:,1747647683325
counter/2/0/0/0,29958:1747647673954:,1747647683325
counter/1/0/0/0,24340:1747647670762:,1747647683325
counter/7/0/0/0,26495:1747647671534:,1747647683325
counter/9/0/0/0,30015:1747647673266:,1747647683325
counter/2/0/0/0,29959:1747647673954:,1747647683325
counter/1/0/0/0,24341:1747647670763:,1747647683325
counter/7/0/0/0,26496:1747647671534:,1747647683325
counter/9/0/0/0,30016:1747647673266:,1747647683325
counter/2/0/0/0,29960:1747647673954:,1747647683325
counter/1/0/0/0,24342:1747647670763:,1747647683325
counter/7/0/0/0,26497:1747647671534:,1747647683325
counter/9/0/0/0,30017:1747647673266:,1747647683325
counter/2/0/0/0,29961:1747647673960:,1747647683325
counter/1/0/0/0,24343:1747647670763:,1747647683325
counter/7/0/0/0,26498:1747647671534:,1747647683325
counter/9/0/0/0,30018:1747647673266:,1747647683325
counter/2/0/0/0,29962:1747647673960:,1747647683325
counter/1/0/0/0,24344:1747647670763:,1747647683325
counter/7/0/0/0,26499:1747647671534:,1747647683325
counter/9/0/0/0,30019:1747647673266:,1747647683325
counter/2/0/0/0,29963:1747647673960:,1747647683325
counter/1/0/0/0,24345:1747647670763:,1747647683325
counter/7/0/0/0,26500:1747647671539:,1747647683325
counter/9/0/0/0,30020:1747647673266:,1747647683325
counter/2/0/0/0,29964:1747647673960:,1747647683325
counter/1/0/0/0,24346:1747647670763:,1747647683325
counter/7/0/0/0,26501:1747647671540:,1747647683325
counter/9/0/0/0,30021:1747647673266:,1747647683325
counter/2/0/0/0,29965:1747647673960:,1747647683325
counter/1/0/0/0,24347:1747647670763:,1747647683325
counter/7/0/0/0,26502:1747647671540:,1747647683325
counter/9/0/0/0,30022:1747647673266:,1747647683325
counter/2/0/0/0,29966:1747647673962:,1747647683326
counter/1/0/0/0,24348:1747647670763:,1747647683326
counter/7/0/0/0,26503:1747647671540:,1747647683326
counter/9/0/0/0,30023:1747647673266:,1747647683326
counter/2/0/0/0,29967:1747647673962:,1747647683326
counter/1/0/0/0,24349:1747647670763:,1747647683326
counter/7/0/0/0,26504:1747647671540:,1747647683326
counter/9/0/0/0,30024:1747647673266:,1747647683326
counter/2/0/0/0,29968:1747647673962:,1747647683326
counter/1/0/0/0,24350:1747647670763:,1747647683326
counter/7/0/0/0,26505:1747647671540:,1747647683326
counter/9/0/0/0,30025:1747647673266:,1747647683326
counter/2/0/0/0,29969:1747647673962:,1747647683326
counter/1/0/0/0,24351:1747647670763:,1747647683326
counter/7/0/0/0,26506:1747647671540:,1747647683326
counter/9/0/0/0,30026:1747647673266:,1747647683326
counter/2/0/0/0,29970:1747647673962:,1747647683326
counter/1/0/0/0,24352:1747647670763:,1747647683326
counter/7/0/0/0,26507:1747647671540:,1747647683326
counter/9/0/0/0,30027:1747647673267:,1747647683326
counter/2/0/0/0,29971:1747647673962:,1747647683326
counter/1/0/0/0,24353:1747647670763:,1747647683326
counter/7/0/0/0,26508:1747647671540:,1747647683326
counter/9/0/0/0,30028:1747647673276:,1747647683326
counter/2/0/0/0,29972:1747647673962:,1747647683326
counter/1/0/0/0,24354:1747647670763:,1747647683326
counter/7/0/0/0,26509:1747647671548:,1747647683326
counter/9/0/0/0,30029:1747647673276:,1747647683326
counter/2/0/0/0,29973:1747647673962:,1747647683326
counter/1/0/0/0,24355:1747647670763:,1747647683326
counter/7/0/0/0,26510:1747647671548:,1747647683326
counter/9/0/0/0,30030:1747647673276:,1747647683326
counter/2/0/0/0,29974:1747647673962:,1747647683326
counter/1/0/0/0,24356:1747647670763:,1747647683326
counter/7/0/0/0,26511:1747647671548:,1747647683326
counter/9/0/0/0,30031:1747647673276:,1747647683326
counter/2/0/0/0,29975:1747647673970:,1747647683326
counter/1/0/0/0,24357:1747647670763:,1747647683326
counter/7/0/0/0,26512:1747647671548:,1747647683326
counter/9/0/0/0,30032:1747647673276:,1747647683326
counter/2/0/0/0,29976:1747647673987:,1747647683326
counter/1/0/0/0,24358:1747647670765:,1747647683326
counter/7/0/0/0,26513:1747647671548:,1747647683326
counter/9/0/0/0,30033:1747647673276:,1747647683327
counter/2/0/0/0,29977:1747647673987:,1747647683327
counter/1/0/0/0,24359:1747647670768:,1747647683327
counter/7/0/0/0,26514:1747647671554:,1747647683327
counter/9/0/0/0,30034:1747647673276:,1747647683327
counter/2/0/0/0,29978:1747647673987:,1747647683327
counter/1/0/0/0,24360:1747647670771:,1747647683327
counter/7/0/0/0,26515:1747647671554:,1747647683327
counter/9/0/0/0,30035:1747647673276:,1747647683327
counter/2/0/0/0,29979:1747647673987:,1747647683327
counter/1/0/0/0,24361:1747647670772:,1747647683327
counter/7/0/0/0,26516:1747647671554:,1747647683327
counter/9/0/0/0,30036:1747647673276:,1747647683327
counter/2/0/0/0,29980:1747647673994:,1747647683327
counter/1/0/0/0,24362:1747647670775:,1747647683327
counter/7/0/0/0,26517:1747647671554:,1747647683327
counter/9/0/0/0,30037:1747647673276:,1747647683327
counter/2/0/0/0,29981:1747647673994:,1747647683327
counter/1/0/0/0,24363:1747647670775:,1747647683327
counter/7/0/0/0,26518:1747647671554:,1747647683327
counter/9/0/0/0,30038:1747647673276:,1747647683327
counter/2/0/0/0,29982:1747647673994:,1747647683327
counter/1/0/0/0,24364:1747647670775:,1747647683327
counter/7/0/0/0,26519:1747647671554:,1747647683327
counter/9/0/0/0,30039:1747647673276:,1747647683327
counter/2/0/0/0,29983:1747647673994:,1747647683327
counter/1/0/0/0,24365:1747647670775:,1747647683327
counter/7/0/0/0,26520:1747647671554:,1747647683327
counter/9/0/0/0,30040:1747647673276:,1747647683327
counter/2/0/0/0,29984:1747647673994:,1747647683327
counter/1/0/0/0,24366:1747647670775:,1747647683327
counter/7/0/0/0,26521:1747647671554:,1747647683327
counter/9/0/0/0,30041:1747647673276:,1747647683327
counter/2/0/0/0,29985:1747647673994:,1747647683327
counter/1/0/0/0,24367:1747647670775:,1747647683327
counter/7/0/0/0,26522:1747647671554:,1747647683327
counter/9/0/0/0,30042:1747647673276:,1747647683327
counter/2/0/0/0,29986:1747647673994:,1747647683327
counter/1/0/0/0,24368:1747647670775:,1747647683327
counter/7/0/0/0,26523:1747647671563:,1747647683328
counter/9/0/0/0,30043:1747647673276:,1747647683328
counter/2/0/0/0,29987:1747647673994:,1747647683328
counter/1/0/0/0,24369:1747647670775:,1747647683328
counter/7/0/0/0,26524:1747647671563:,1747647683328
counter/9/0/0/0,30044:1747647673278:,1747647683328
counter/2/0/0/0,29988:1747647673995:,1747647683328
counter/7/0/0/0,26525:1747647671563:,1747647683328
counter/4/0/0/0,23044:1747647669896:,1747647683328
counter/9/0/0/0,30045:1747647673278:,1747647683328
counter/2/0/0/0,29989:1747647673995:,1747647683328
counter/7/0/0/0,26526:1747647671563:,1747647683328
counter/4/0/0/0,23045:1747647669896:,1747647683328
counter/9/0/0/0,30046:1747647673278:,1747647683328
counter/2/0/0/0,29990:1747647673995:,1747647683328
counter/7/0/0/0,26527:1747647671563:,1747647683328
counter/4/0/0/0,23046:1747647669896:,1747647683328
counter/9/0/0/0,30047:1747647673278:,1747647683328
counter/2/0/0/0,29991:1747647673995:,1747647683328
counter/7/0/0/0,26528:1747647671563:,1747647683328
counter/4/0/0/0,23047:1747647669896:,1747647683328
counter/9/0/0/0,30048:1747647673278:,1747647683328
counter/2/0/0/0,29992:1747647673997:,1747647683328
counter/7/0/0/0,26529:1747647671563:,1747647683328
counter/4/0/0/0,23048:1747647669897:,1747647683328
counter/10/0/0/0,24765:1747647668459:,1747647683328
counter/9/0/0/0,30049:1747647673278:,1747647683328
counter/2/0/0/0,29993:1747647673997:,1747647683328
counter/7/0/0/0,26530:1747647671563:,1747647683328
counter/4/0/0/0,23049:1747647669897:,1747647683328
counter/10/0/0/0,24766:1747647668459:,1747647683328
counter/5/0/0/0,27174:1747647671775:,1747647683328
counter/9/0/0/0,30050:1747647673278:,1747647683328
counter/2/0/0/0,29994:1747647673997:,1747647683328
counter/7/0/0/0,26531:1747647671563:,1747647683329
counter/4/0/0/0,23050:1747647669902:,1747647683329
counter/10/0/0/0,24767:1747647668459:,1747647683329
counter/9/0/0/0,30051:1747647673278:,1747647683329
counter/2/0/0/0,29995:1747647673997:,1747647683329
counter/7/0/0/0,26532:1747647671563:,1747647683329
counter/4/0/0/0,23051:1747647669902:,1747647683329
counter/10/0/0/0,24768:1747647668459:,1747647683329
counter/9/0/0/0,30052:1747647673280:,1747647683329
counter/2/0/0/0,29996:1747647673997:,1747647683329
counter/7/0/0/0,26533:1747647671563:,1747647683329
counter/4/0/0/0,23052:1747647669902:,1747647683329
counter/10/0/0/0,24769:1747647668460:,1747647683329
counter/9/0/0/0,30053:1747647673280:,1747647683329
counter/2/0/0/0,29997:1747647673997:,1747647683329
counter/7/0/0/0,26534:1747647671563:,1747647683329
counter/4/0/0/0,23053:1747647669902:,1747647683329
counter/9/0/0/0,30054:1747647673280:,1747647683329
counter/2/0/0/0,29998:1747647673997:,1747647683329
counter/7/0/0/0,26535:1747647671563:,1747647683329
counter/4/0/0/0,23054:1747647669932:,1747647683329
counter/9/0/0/0,30055:1747647673280:,1747647683329
counter/2/0/0/0,29999:1747647673997:,1747647683329
counter/7/0/0/0,26536:1747647671563:,1747647683329
counter/4/0/0/0,23055:1747647669932:,1747647683329
counter/9/0/0/0,30056:1747647673280:,1747647683329
counter/2/0/0/0,30000:1747647673997:,1747647683329
counter/7/0/0/0,26537:1747647671563:,1747647683329
counter/4/0/0/0,23056:1747647669932:,1747647683329
counter/9/0/0/0,30057:1747647673281:,1747647683329
counter/2/0/0/0,30001:1747647673997:,1747647683329
counter/7/0/0/0,26538:1747647671563:,1747647683329
counter/4/0/0/0,23057:1747647669932:,1747647683329
counter/9/0/0/0,30058:1747647673281:,1747647683329
counter/2/0/0/0,30002:1747647673997:,1747647683329
counter/7/0/0/0,26539:1747647671563:,1747647683329
counter/4/0/0/0,23058:1747647669932:,1747647683329
counter/9/0/0/0,30059:1747647673281:,1747647683329
counter/2/0/0/0,30003:1747647673997:,1747647683329
counter/7/0/0/0,26540:1747647671565:,1747647683329
counter/4/0/0/0,23059:1747647669932:,1747647683329
counter/9/0/0/0,30060:1747647673281:,1747647683330
counter/2/0/0/0,30004:1747647673997:,1747647683330
counter/7/0/0/0,26541:1747647671575:,1747647683330
counter/4/0/0/0,23060:1747647669933:,1747647683330
counter/9/0/0/0,30061:1747647673281:,1747647683330
counter/2/0/0/0,30005:1747647673997:,1747647683330
counter/7/0/0/0,26542:1747647671575:,1747647683330
counter/4/0/0/0,23061:1747647669933:,1747647683330
counter/9/0/0/0,30062:1747647673281:,1747647683330
counter/2/0/0/0,30006:1747647673997:,1747647683330
counter/7/0/0/0,26543:1747647671575:,1747647683330
counter/9/0/0/0,30063:1747647673281:,1747647683330
counter/2/0/0/0,30007:1747647673997:,1747647683330
counter/7/0/0/0,26544:1747647671575:,1747647683330
counter/9/0/0/0,30064:1747647673282:,1747647683330
counter/2/0/0/0,30008:1747647673997:,1747647683330
counter/7/0/0/0,26545:1747647671580:,1747647683330
counter/9/0/0/0,30065:1747647673282:,1747647683330
counter/2/0/0/0,30009:1747647673999:,1747647683330
counter/7/0/0/0,26546:1747647671580:,1747647683330
counter/9/0/0/0,30066:1747647673282:,1747647683330
counter/2/0/0/0,30010:1747647673999:,1747647683330
counter/7/0/0/0,26547:1747647671581:,1747647683330
counter/9/0/0/0,30067:1747647673282:,1747647683330
counter/2/0/0/0,30011:1747647673999:,1747647683330
counter/7/0/0/0,26548:1747647671581:,1747647683330
counter/9/0/0/0,30068:1747647673282:,1747647683330
counter/2/0/0/0,30012:1747647673999:,1747647683330
counter/7/0/0/0,26549:1747647671581:,1747647683330
counter/9/0/0/0,30069:1747647673282:,1747647683330
counter/2/0/0/0,30013:1747647673999:,1747647683330
counter/7/0/0/0,26550:1747647671581:,1747647683330
counter/9/0/0/0,30070:1747647673282:,1747647683330
counter/2/0/0/0,30014:1747647673999:,1747647683330
counter/7/0/0/0,26551:1747647671581:,1747647683330
counter/9/0/0/0,30071:1747647673282:,1747647683330
counter/2/0/0/0,30015:1747647673999:,1747647683330
counter/7/0/0/0,26552:1747647671581:,1747647683330
counter/9/0/0/0,30072:1747647673282:,1747647683330
counter/2/0/0/0,30016:1747647674022:,1747647683330
counter/7/0/0/0,26553:1747647671582:,1747647683330
counter/9/0/0/0,30073:1747647673282:,1747647683330
counter/2/0/0/0,30017:1747647674023:,1747647683331
counter/7/0/0/0,26554:1747647671582:,1747647683331
counter/9/0/0/0,30074:1747647673282:,1747647683331
counter/2/0/0/0,30018:1747647674023:,1747647683331
counter/7/0/0/0,26555:1747647671582:,1747647683331
counter/9/0/0/0,30075:1747647673283:,1747647683331
counter/2/0/0/0,30019:1747647674023:,1747647683331
counter/7/0/0/0,26556:1747647671589:,1747647683331
counter/9/0/0/0,30076:1747647673283:,1747647683331
counter/2/0/0/0,30020:1747647674023:,1747647683331
counter/7/0/0/0,26557:1747647671589:,1747647683331
counter/9/0/0/0,30077:1747647673284:,1747647683331
counter/2/0/0/0,30021:1747647674023:,1747647683331
counter/7/0/0/0,26558:1747647671589:,1747647683331
counter/9/0/0/0,30078:1747647673284:,1747647683331
counter/2/0/0/0,30022:1747647674023:,1747647683331
counter/7/0/0/0,26559:1747647671589:,1747647683331
counter/9/0/0/0,30079:1747647673286:,1747647683331
counter/2/0/0/0,30023:1747647674023:,1747647683331
counter/7/0/0/0,26560:1747647671589:,1747647683331
counter/9/0/0/0,30080:1747647673286:,1747647683331
counter/2/0/0/0,30024:1747647674023:,1747647683331
counter/7/0/0/0,26561:1747647671589:,1747647683331
counter/9/0/0/0,30081:1747647673286:,1747647683331
counter/2/0/0/0,30025:1747647674023:,1747647683331
counter/7/0/0/0,26562:1747647671589:,1747647683331
counter/9/0/0/0,30082:1747647673286:,1747647683331
counter/2/0/0/0,30026:1747647674023:,1747647683331
counter/7/0/0/0,26563:1747647671589:,1747647683331
counter/9/0/0/0,30083:1747647673286:,1747647683331
counter/2/0/0/0,30027:1747647674023:,1747647683331
counter/7/0/0/0,26564:1747647671589:,1747647683331
counter/9/0/0/0,30084:1747647673286:,1747647683331
counter/2/0/0/0,30028:1747647674023:,1747647683331
counter/7/0/0/0,26565:1747647671589:,1747647683331
counter/9/0/0/0,30085:1747647673286:,1747647683331
counter/2/0/0/0,30029:1747647674023:,1747647683331
counter/7/0/0/0,26566:1747647671589:,1747647683331
counter/9/0/0/0,30086:1747647673286:,1747647683331
counter/2/0/0/0,30030:1747647674023:,1747647683331
counter/7/0/0/0,26567:1747647671589:,1747647683331
counter/9/0/0/0,30087:1747647673287:,1747647683331
counter/2/0/0/0,30031:1747647674023:,1747647683331
counter/7/0/0/0,26568:1747647671589:,1747647683332
counter/9/0/0/0,30088:1747647673287:,1747647683332
counter/2/0/0/0,30032:1747647674023:,1747647683332
counter/7/0/0/0,26569:1747647671607:,1747647683332
counter/9/0/0/0,30089:1747647673287:,1747647683332
counter/2/0/0/0,30033:1747647674023:,1747647683332
counter/7/0/0/0,26570:1747647671607:,1747647683332
counter/9/0/0/0,30090:1747647673287:,1747647683332
counter/2/0/0/0,30034:1747647674023:,1747647683332
counter/7/0/0/0,26571:1747647671607:,1747647683332
counter/9/0/0/0,30091:1747647673287:,1747647683332
counter/2/0/0/0,30035:1747647674023:,1747647683332
counter/7/0/0/0,26572:1747647671607:,1747647683332
counter/9/0/0/0,30092:1747647673287:,1747647683332
counter/2/0/0/0,30036:1747647674024:,1747647683332
counter/7/0/0/0,26573:1747647671607:,1747647683332
counter/9/0/0/0,30093:1747647673287:,1747647683332
counter/2/0/0/0,30037:1747647674024:,1747647683332
counter/7/0/0/0,26574:1747647671607:,1747647683332
counter/9/0/0/0,30094:1747647673287:,1747647683332
counter/2/0/0/0,30038:1747647674024:,1747647683332
counter/7/0/0/0,26575:1747647671607:,1747647683332
counter/9/0/0/0,30095:1747647673287:,1747647683332
counter/2/0/0/0,30039:1747647674024:,1747647683332
counter/7/0/0/0,26576:1747647671607:,1747647683332
counter/9/0/0/0,30096:1747647673287:,1747647683332
counter/2/0/0/0,30040:1747647674024:,1747647683332
counter/7/0/0/0,26577:1747647671607:,1747647683332
counter/9/0/0/0,30097:1747647673290:,1747647683332
counter/2/0/0/0,30041:1747647674024:,1747647683332
counter/7/0/0/0,26578:1747647671607:,1747647683332
counter/9/0/0/0,30098:1747647673290:,1747647683332
counter/2/0/0/0,30042:1747647674032:,1747647683332
counter/7/0/0/0,26579:1747647671609:,1747647683332
counter/9/0/0/0,30099:1747647673290:,1747647683332
counter/2/0/0/0,30043:1747647674032:,1747647683332
counter/7/0/0/0,26580:1747647671612:,1747647683332
counter/9/0/0/0,30100:1747647673290:,1747647683332
counter/2/0/0/0,30044:1747647674032:,1747647683332
counter/7/0/0/0,26581:1747647671617:,1747647683332
counter/9/0/0/0,30101:1747647673290:,1747647683332
counter/2/0/0/0,30045:1747647674032:,1747647683332
counter/7/0/0/0,26582:1747647671617:,1747647683333
counter/9/0/0/0,30102:1747647673291:,1747647683333
counter/2/0/0/0,30046:1747647674032:,1747647683333
counter/7/0/0/0,26583:1747647671617:,1747647683333
counter/9/0/0/0,30103:1747647673292:,1747647683333
counter/2/0/0/0,30047:1747647674032:,1747647683333
counter/7/0/0/0,26584:1747647671618:,1747647683333
counter/9/0/0/0,30104:1747647673292:,1747647683333
counter/2/0/0/0,30048:1747647674032:,1747647683333
counter/7/0/0/0,26585:1747647671618:,1747647683333
counter/9/0/0/0,30105:1747647673292:,1747647683333
counter/2/0/0/0,30049:1747647674032:,1747647683333
counter/7/0/0/0,26586:1747647671618:,1747647683333
counter/9/0/0/0,30106:1747647673292:,1747647683333
counter/2/0/0/0,30050:1747647674032:,1747647683333
counter/7/0/0/0,26587:1747647671618:,1747647683333
counter/9/0/0/0,30107:1747647673292:,1747647683333
counter/2/0/0/0,30051:1747647674032:,1747647683333
counter/7/0/0/0,26588:1747647671618:,1747647683333
counter/9/0/0/0,30108:1747647673292:,1747647683333
counter/2/0/0/0,30052:1747647674032:,1747647683333
counter/7/0/0/0,26589:1747647671618:,1747647683333
counter/9/0/0/0,30109:1747647673292:,1747647683333
counter/2/0/0/0,30053:1747647674039:,1747647683333
counter/7/0/0/0,26590:1747647671618:,1747647683333
counter/9/0/0/0,30110:1747647673292:,1747647683333
counter/2/0/0/0,30054:1747647674039:,1747647683333
counter/7/0/0/0,26591:1747647671618:,1747647683333
counter/9/0/0/0,30111:1747647673292:,1747647683333
counter/2/0/0/0,30055:1747647674039:,1747647683333
counter/7/0/0/0,26592:1747647671618:,1747647683333
counter/9/0/0/0,30112:1747647673292:,1747647683333
counter/2/0/0/0,30056:1747647674039:,1747647683333
counter/7/0/0/0,26593:1747647671618:,1747647683333
counter/9/0/0/0,30113:1747647673294:,1747647683333
counter/2/0/0/0,30057:1747647674045:,1747647683333
counter/7/0/0/0,26594:1747647671618:,1747647683333
counter/9/0/0/0,30114:1747647673294:,1747647683333
counter/2/0/0/0,30058:1747647674045:,1747647683333
counter/7/0/0/0,26595:1747647671618:,1747647683334
counter/9/0/0/0,30115:1747647673294:,1747647683334
counter/2/0/0/0,30059:1747647674045:,1747647683334
counter/7/0/0/0,26596:1747647671633:,1747647683334
counter/9/0/0/0,30116:1747647673294:,1747647683334
counter/2/0/0/0,30060:1747647674045:,1747647683334
counter/7/0/0/0,26597:1747647671633:,1747647683334
counter/9/0/0/0,30117:1747647673299:,1747647683334
counter/2/0/0/0,30061:1747647674045:,1747647683334
counter/7/0/0/0,26598:1747647671633:,1747647683334
counter/9/0/0/0,30118:1747647673299:,1747647683334
counter/2/0/0/0,30062:1747647674045:,1747647683334
counter/7/0/0/0,26599:1747647671633:,1747647683334
counter/9/0/0/0,30119:1747647673299:,1747647683334
counter/2/0/0/0,30063:1747647674045:,1747647683334
counter/7/0/0/0,26600:1747647671633:,1747647683334
counter/9/0/0/0,30120:1747647673299:,1747647683334
counter/2/0/0/0,30064:1747647674045:,1747647683334
counter/7/0/0/0,26601:1747647671633:,1747647683334
counter/9/0/0/0,30121:1747647673300:,1747647683334
counter/2/0/0/0,30065:1747647674045:,1747647683334
counter/7/0/0/0,26602:1747647671633:,1747647683334
counter/9/0/0/0,30122:1747647673300:,1747647683334
counter/2/0/0/0,30066:1747647674045:,1747647683334
counter/7/0/0/0,26603:1747647671633:,1747647683334
counter/9/0/0/0,30123:1747647673300:,1747647683334
counter/2/0/0/0,30067:1747647674046:,1747647683334
counter/7/0/0/0,26604:1747647671633:,1747647683334
counter/9/0/0/0,30124:1747647673300:,1747647683334
counter/2/0/0/0,30068:1747647674046:,1747647683334
counter/7/0/0/0,26605:1747647671636:,1747647683334
counter/9/0/0/0,30125:1747647673302:,1747647683334
counter/2/0/0/0,30069:1747647674046:,1747647683334
counter/7/0/0/0,26606:1747647671636:,1747647683334
counter/9/0/0/0,30126:1747647673302:,1747647683334
counter/2/0/0/0,30070:1747647674046:,1747647683334
counter/7/0/0/0,26607:1747647671636:,1747647683334
counter/9/0/0/0,30127:1747647673302:,1747647683334
counter/2/0/0/0,30071:1747647674046:,1747647683334
counter/7/0/0/0,26608:1747647671636:,1747647683334
counter/9/0/0/0,30128:1747647673302:,1747647683334
counter/2/0/0/0,30072:1747647674046:,1747647683334
counter/7/0/0/0,26609:1747647671636:,1747647683334
counter/6/0/0/0,26717:1747647673323:,1747647683334
counter/9/0/0/0,30129:1747647673302:,1747647683334
counter/2/0/0/0,30073:1747647674046:,1747647683335
counter/7/0/0/0,26610:1747647671636:,1747647683335
counter/10/0/0/0,24770:1747647668460:,1747647683335
counter/5/0/0/0,27175:1747647671775:,1747647683335
counter/3/0/0/0,23484:1747647669850:,1747647683335
counter/9/0/0/0,30130:1747647673302:,1747647683335
counter/2/0/0/0,30074:1747647674053:,1747647683335
counter/7/0/0/0,26611:1747647671636:,1747647683335
counter/4/0/0/0,23062:1747647669933:,1747647683335
counter/9/0/0/0,30131:1747647673302:,1747647683335
counter/2/0/0/0,30075:1747647674053:,1747647683335
counter/7/0/0/0,26612:1747647671636:,1747647683335
counter/4/0/0/0,23063:1747647669933:,1747647683335
counter/9/0/0/0,30132:1747647673302:,1747647683335
counter/2/0/0/0,30076:1747647674053:,1747647683335
counter/7/0/0/0,26613:1747647671636:,1747647683335
counter/4/0/0/0,23064:1747647669933:,1747647683335
counter/9/0/0/0,30133:1747647673302:,1747647683335
counter/2/0/0/0,30077:1747647674053:,1747647683335
counter/7/0/0/0,26614:1747647671636:,1747647683335
counter/4/0/0/0,23065:1747647669933:,1747647683335
counter/9/0/0/0,30134:1747647673302:,1747647683335
counter/2/0/0/0,30078:1747647674053:,1747647683335
counter/7/0/0/0,26615:1747647671640:,1747647683335
counter/9/0/0/0,30135:1747647673302:,1747647683335
counter/2/0/0/0,30079:1747647674053:,1747647683335
counter/7/0/0/0,26616:1747647671640:,1747647683335
counter/9/0/0/0,30136:1747647673302:,1747647683335
counter/2/0/0/0,30080:1747647674056:,1747647683335
counter/7/0/0/0,26617:1747647671640:,1747647683335
counter/9/0/0/0,30137:1747647673302:,1747647683335
counter/2/0/0/0,30081:1747647674057:,1747647683335
counter/7/0/0/0,26618:1747647671640:,1747647683335
counter/5/0/0/0,27176:1747647671775:,1747647683335
counter/3/0/0/0,23485:1747647669850:,1747647683335
counter/9/0/0/0,30138:1747647673302:,1747647683335
counter/2/0/0/0,30082:1747647674057:,1747647683335
counter/7/0/0/0,26619:1747647671640:,1747647683335
counter/9/0/0/0,30139:1747647673303:,1747647683335
counter/2/0/0/0,30083:1747647674057:,1747647683335
counter/7/0/0/0,26620:1747647671640:,1747647683335
counter/9/0/0/0,30140:1747647673303:,1747647683335
counter/2/0/0/0,30084:1747647674057:,1747647683336
counter/7/0/0/0,26621:1747647671640:,1747647683336
counter/9/0/0/0,30141:1747647673304:,1747647683336
counter/2/0/0/0,30085:1747647674066:,1747647683336
counter/7/0/0/0,26622:1747647671640:,1747647683336
counter/9/0/0/0,30142:1747647673304:,1747647683336
counter/2/0/0/0,30086:1747647674066:,1747647683336
counter/7/0/0/0,26623:1747647671640:,1747647683336
counter/9/0/0/0,30143:1747647673304:,1747647683336
counter/2/0/0/0,30087:1747647674066:,1747647683336
counter/7/0/0/0,26624:1747647671640:,1747647683336
counter/9/0/0/0,30144:1747647673304:,1747647683336
counter/2/0/0/0,30088:1747647674067:,1747647683336
counter/7/0/0/0,26625:1747647671640:,1747647683336
counter/9/0/0/0,30145:1747647673304:,1747647683336
counter/2/0/0/0,30089:1747647674072:,1747647683336
counter/7/0/0/0,26626:1747647671640:,1747647683336
counter/9/0/0/0,30146:1747647673304:,1747647683336
counter/2/0/0/0,30090:1747647674072:,1747647683336
counter/7/0/0/0,26627:1747647671640:,1747647683336
counter/9/0/0/0,30147:1747647673304:,1747647683336
counter/2/0/0/0,30091:1747647674072:,1747647683336
counter/7/0/0/0,26628:1747647671640:,1747647683336
counter/9/0/0/0,30148:1747647673304:,1747647683336
counter/2/0/0/0,30092:1747647674072:,1747647683336
counter/7/0/0/0,26629:1747647671640:,1747647683336
counter/9/0/0/0,30149:1747647673304:,1747647683336
counter/2/0/0/0,30093:1747647674072:,1747647683336
counter/7/0/0/0,26630:1747647671640:,1747647683336
counter/9/0/0/0,30150:1747647673304:,1747647683336
counter/2/0/0/0,30094:1747647674072:,1747647683336
counter/7/0/0/0,26631:1747647671640:,1747647683336
counter/9/0/0/0,30151:1747647673304:,1747647683336
counter/2/0/0/0,30095:1747647674072:,1747647683336
counter/7/0/0/0,26632:1747647671640:,1747647683336
counter/9/0/0/0,30152:1747647673304:,1747647683336
counter/2/0/0/0,30096:1747647674074:,1747647683336
counter/7/0/0/0,26633:1747647671640:,1747647683336
counter/9/0/0/0,30153:1747647673304:,1747647683336
counter/2/0/0/0,30097:1747647674074:,1747647683336
counter/7/0/0/0,26634:1747647671640:,1747647683336
counter/5/0/0/0,27177:1747647671775:,1747647683336
counter/4/0/0/0,23066:1747647669933:,1747647683336
counter/9/0/0/0,30154:1747647673304:,1747647683336
counter/2/0/0/0,30098:1747647674074:,1747647683336
counter/7/0/0/0,26635:1747647671641:,1747647683337
counter/5/0/0/0,27178:1747647671775:,1747647683337
counter/9/0/0/0,30155:1747647673304:,1747647683337
counter/2/0/0/0,30099:1747647674076:,1747647683337
counter/7/0/0/0,26636:1747647671641:,1747647683337
counter/5/0/0/0,27179:1747647671775:,1747647683337
counter/9/0/0/0,30156:1747647673305:,1747647683337
counter/2/0/0/0,30100:1747647674088:,1747647683337
counter/7/0/0/0,26637:1747647671641:,1747647683337
counter/5/0/0/0,27180:1747647671775:,1747647683337
counter/9/0/0/0,30157:1747647673305:,1747647683337
counter/2/0/0/0,30101:1747647674088:,1747647683337
counter/7/0/0/0,26638:1747647671641:,1747647683337
counter/5/0/0/0,27181:1747647671775:,1747647683337
counter/4/0/0/0,23067:1747647669933:,1747647683337
counter/9/0/0/0,30158:1747647673308:,1747647683337
counter/2/0/0/0,30102:1747647674092:,1747647683337
counter/7/0/0/0,26639:1747647671641:,1747647683337
counter/5/0/0/0,27182:1747647671775:,1747647683337
counter/9/0/0/0,30159:1747647673308:,1747647683337
counter/2/0/0/0,30103:1747647674092:,1747647683337
counter/7/0/0/0,26640:1747647671641:,1747647683337
counter/5/0/0/0,27183:1747647671775:,1747647683337
counter/9/0/0/0,30160:1747647673308:,1747647683337
counter/2/0/0/0,30104:1747647674092:,1747647683337
counter/7/0/0/0,26641:1747647671641:,1747647683337
counter/5/0/0/0,27184:1747647671775:,1747647683337
counter/1/0/0/0,24370:1747647670775:,1747647683337
counter/9/0/0/0,30161:1747647673308:,1747647683337
counter/2/0/0/0,30105:1747647674092:,1747647683337
counter/7/0/0/0,26642:1747647671641:,1747647683338
counter/5/0/0/0,27185:1747647671775:,1747647683338
counter/6/0/0/0,26718:1747647673323:,1747647683338
counter/9/0/0/0,30162:1747647673308:,1747647683338
counter/2/0/0/0,30106:1747647674101:,1747647683338
counter/7/0/0/0,26643:1747647671641:,1747647683338
counter/5/0/0/0,27186:1747647671775:,1747647683338
counter/6/0/0/0,26719:1747647673323:,1747647683338
counter/9/0/0/0,30163:1747647673308:,1747647683338
counter/2/0/0/0,30107:1747647674101:,1747647683338
counter/7/0/0/0,26644:1747647671641:,1747647683338
counter/5/0/0/0,27187:1747647671776:,1747647683338
counter/6/0/0/0,26720:1747647673323:,1747647683338
counter/3/0/0/0,23486:1747647669850:,1747647683338
counter/9/0/0/0,30164:1747647673308:,1747647683338
counter/2/0/0/0,30108:1747647674101:,1747647683338
counter/7/0/0/0,26645:1747647671641:,1747647683338
counter/5/0/0/0,27188:1747647671776:,1747647683338
counter/6/0/0/0,26721:1747647673323:,1747647683338
counter/9/0/0/0,30165:1747647673308:,1747647683338
counter/2/0/0/0,30109:1747647674101:,1747647683338
counter/7/0/0/0,26646:1747647671641:,1747647683338
counter/5/0/0/0,27189:1747647671776:,1747647683338
counter/6/0/0/0,26722:1747647673323:,1747647683338
counter/9/0/0/0,30166:1747647673308:,1747647683338
counter/2/0/0/0,30110:1747647674104:,1747647683338
counter/7/0/0/0,26647:1747647671641:,1747647683338
counter/5/0/0/0,27190:1747647671785:,1747647683338
counter/6/0/0/0,26723:1747647673323:,1747647683338
counter/9/0/0/0,30167:1747647673308:,1747647683338
counter/2/0/0/0,30111:1747647674104:,1747647683338
counter/7/0/0/0,26648:1747647671641:,1747647683338
counter/5/0/0/0,27191:1747647671785:,1747647683338
counter/6/0/0/0,26724:1747647673323:,1747647683338
counter/8/0/0/0,27880:1747647671582:,1747647683338
counter/9/0/0/0,30168:1747647673308:,1747647683338
counter/2/0/0/0,30112:1747647674104:,1747647683338
counter/7/0/0/0,26649:1747647671641:,1747647683338
counter/5/0/0/0,27192:1747647671785:,1747647683338
counter/6/0/0/0,26725:1747647673323:,1747647683338
counter/1/0/0/0,24371:1747647670775:,1747647683338
counter/9/0/0/0,30169:1747647673308:,1747647683338
counter/2/0/0/0,30113:1747647674104:,1747647683338
counter/7/0/0/0,26650:1747647671645:,1747647683339
counter/5/0/0/0,27193:1747647671785:,1747647683339
counter/6/0/0/0,26726:1747647673323:,1747647683339
counter/9/0/0/0,30170:1747647673308:,1747647683339
counter/2/0/0/0,30114:1747647674104:,1747647683339
counter/7/0/0/0,26651:1747647671645:,1747647683339
counter/5/0/0/0,27194:1747647671785:,1747647683339
counter/6/0/0/0,26727:1747647673323:,1747647683339
counter/9/0/0/0,30171:1747647673308:,1747647683339
counter/2/0/0/0,30115:1747647674104:,1747647683339
counter/7/0/0/0,26652:1747647671645:,1747647683339
counter/5/0/0/0,27195:1747647671785:,1747647683339
counter/6/0/0/0,26728:1747647673323:,1747647683339
counter/9/0/0/0,30172:1747647673308:,1747647683339
counter/2/0/0/0,30116:1747647674104:,1747647683339
counter/7/0/0/0,26653:1747647671645:,1747647683339
counter/5/0/0/0,27196:1747647671785:,1747647683339
counter/9/0/0/0,30173:1747647673308:,1747647683339
counter/2/0/0/0,30117:1747647674104:,1747647683339
counter/7/0/0/0,26654:1747647671645:,1747647683339
counter/5/0/0/0,27197:1747647671785:,1747647683339
counter/9/0/0/0,30174:1747647673308:,1747647683339
counter/2/0/0/0,30118:1747647674112:,1747647683339
counter/7/0/0/0,26655:1747647671645:,1747647683339
counter/5/0/0/0,27198:1747647671785:,1747647683339
counter/9/0/0/0,30175:1747647673309:,1747647683339
counter/2/0/0/0,30119:1747647674112:,1747647683339
counter/7/0/0/0,26656:1747647671645:,1747647683339
counter/5/0/0/0,27199:1747647671785:,1747647683339
counter/9/0/0/0,30176:1747647673340:,1747647683339
counter/2/0/0/0,30120:1747647674112:,1747647683339
counter/7/0/0/0,26657:1747647671645:,1747647683339
counter/5/0/0/0,27200:1747647671785:,1747647683339
counter/9/0/0/0,30177:1747647673340:,1747647683339
counter/2/0/0/0,30121:1747647674112:,1747647683339
counter/7/0/0/0,26658:1747647671646:,1747647683339
counter/5/0/0/0,27201:1747647671785:,1747647683339
counter/9/0/0/0,30178:1747647673340:,1747647683339
counter/2/0/0/0,30122:1747647674112:,1747647683339
counter/7/0/0/0,26659:1747647671646:,1747647683339
counter/5/0/0/0,27202:1747647671786:,1747647683339
counter/9/0/0/0,30179:1747647673340:,1747647683339
counter/2/0/0/0,30123:1747647674112:,1747647683339
counter/7/0/0/0,26660:1747647671646:,1747647683339
counter/5/0/0/0,27203:1747647671786:,1747647683339
counter/9/0/0/0,30180:1747647673340:,1747647683339
counter/2/0/0/0,30124:1747647674112:,1747647683340
counter/7/0/0/0,26661:1747647671646:,1747647683340
counter/5/0/0/0,27204:1747647671786:,1747647683340
counter/9/0/0/0,30181:1747647673340:,1747647683340
counter/2/0/0/0,30125:1747647674112:,1747647683340
counter/7/0/0/0,26662:1747647671646:,1747647683340
counter/9/0/0/0,30182:1747647673345:,1747647683340
counter/2/0/0/0,30126:1747647674112:,1747647683340
counter/7/0/0/0,26663:1747647671646:,1747647683340
counter/9/0/0/0,30183:1747647673345:,1747647683340
counter/2/0/0/0,30127:1747647674112:,1747647683340
counter/7/0/0/0,26664:1747647671646:,1747647683340
counter/9/0/0/0,30184:1747647673345:,1747647683340
counter/2/0/0/0,30128:1747647674112:,1747647683340
counter/7/0/0/0,26665:1747647671646:,1747647683340
counter/9/0/0/0,30185:1747647673345:,1747647683340
counter/2/0/0/0,30129:1747647674112:,1747647683340
counter/7/0/0/0,26666:1747647671646:,1747647683340
counter/9/0/0/0,30186:1747647673345:,1747647683340
counter/2/0/0/0,30130:1747647674116:,1747647683340
counter/7/0/0/0,26667:1747647671647:,1747647683340
counter/9/0/0/0,30187:1747647673345:,1747647683340
counter/2/0/0/0,30131:1747647674116:,1747647683340
counter/7/0/0/0,26668:1747647671653:,1747647683340
counter/9/0/0/0,30188:1747647673345:,1747647683340
counter/2/0/0/0,30132:1747647674116:,1747647683340
counter/7/0/0/0,26669:1747647671653:,1747647683340
counter/9/0/0/0,30189:1747647673345:,1747647683340
counter/2/0/0/0,30133:1747647674116:,1747647683340
counter/7/0/0/0,26670:1747647671653:,1747647683340
counter/9/0/0/0,30190:1747647673345:,1747647683340
counter/2/0/0/0,30134:1747647674116:,1747647683340
counter/7/0/0/0,26671:1747647671653:,1747647683340
counter/9/0/0/0,30191:1747647673345:,1747647683340
counter/2/0/0/0,30135:1747647674116:,1747647683340
counter/7/0/0/0,26672:1747647671654:,1747647683340
counter/9/0/0/0,30192:1747647673345:,1747647683340
counter/2/0/0/0,30136:1747647674116:,1747647683340
counter/7/0/0/0,26673:1747647671654:,1747647683340
counter/9/0/0/0,30193:1747647673346:,1747647683340
counter/2/0/0/0,30137:1747647674116:,1747647683340
counter/7/0/0/0,26674:1747647671654:,1747647683340
counter/9/0/0/0,30194:1747647673346:,1747647683340
counter/2/0/0/0,30138:1747647674116:,1747647683340
counter/7/0/0/0,26675:1747647671654:,1747647683340
counter/9/0/0/0,30195:1747647673346:,1747647683341
counter/2/0/0/0,30139:1747647674116:,1747647683341
counter/7/0/0/0,26676:1747647671654:,1747647683341
counter/9/0/0/0,30196:1747647673346:,1747647683341
counter/2/0/0/0,30140:1747647674116:,1747647683341
counter/7/0/0/0,26677:1747647671654:,1747647683341
counter/9/0/0/0,30197:1747647673348:,1747647683341
counter/2/0/0/0,30141:1747647674116:,1747647683341
counter/7/0/0/0,26678:1747647671654:,1747647683341
counter/9/0/0/0,30198:1747647673348:,1747647683341
counter/2/0/0/0,30142:1747647674116:,1747647683341
counter/7/0/0/0,26679:1747647671655:,1747647683341
counter/9/0/0/0,30199:1747647673348:,1747647683341
counter/2/0/0/0,30143:1747647674121:,1747647683341
counter/7/0/0/0,26680:1747647671655:,1747647683341
counter/9/0/0/0,30200:1747647673348:,1747647683341
counter/2/0/0/0,30144:1747647674121:,1747647683341
counter/7/0/0/0,26681:1747647671655:,1747647683341
counter/9/0/0/0,30201:1747647673348:,1747647683341
counter/2/0/0/0,30145:1747647674121:,1747647683341
counter/7/0/0/0,26682:1747647671655:,1747647683341
counter/9/0/0/0,30202:1747647673353:,1747647683341
counter/2/0/0/0,30146:1747647674121:,1747647683341
counter/7/0/0/0,26683:1747647671655:,1747647683341
counter/1/0/0/0,24372:1747647670776:,1747647683341
counter/8/0/0/0,27881:1747647671583:,1747647683341
counter/9/0/0/0,30203:1747647673372:,1747647683341
counter/2/0/0/0,30147:1747647674121:,1747647683341
counter/7/0/0/0,26684:1747647671659:,1747647683341
counter/6/0/0/0,26729:1747647673341:,1747647683341
counter/3/0/0/0,23487:1747647669852:,1747647683341
counter/9/0/0/0,30204:1747647673372:,1747647683341
counter/2/0/0/0,30148:1747647674121:,1747647683341
counter/7/0/0/0,26685:1747647671660:,1747647683341
counter/9/0/0/0,30205:1747647673372:,1747647683341
counter/2/0/0/0,30149:1747647674121:,1747647683341
counter/7/0/0/0,26686:1747647671660:,1747647683341
counter/9/0/0/0,30206:1747647673379:,1747647683341
counter/2/0/0/0,30150:1747647674121:,1747647683341
counter/7/0/0/0,26687:1747647671660:,1747647683341
counter/9/0/0/0,30207:1747647673381:,1747647683341
counter/2/0/0/0,30151:1747647674121:,1747647683341
counter/7/0/0/0,26688:1747647671660:,1747647683341
counter/9/0/0/0,30208:1747647673385:,1747647683341
counter/2/0/0/0,30152:1747647674121:,1747647683341
counter/7/0/0/0,26689:1747647671660:,1747647683342
counter/8/0/0/0,27882:1747647671583:,1747647683342
counter/9/0/0/0,30209:1747647673389:,1747647683342
counter/2/0/0/0,30153:1747647674121:,1747647683342
counter/7/0/0/0,26690:1747647671660:,1747647683342
counter/3/0/0/0,23488:1747647669852:,1747647683342
counter/4/0/0/0,23068:1747647669933:,1747647683342
counter/9/0/0/0,30210:1747647673389:,1747647683342
counter/2/0/0/0,30154:1747647674121:,1747647683342
counter/7/0/0/0,26691:1747647671660:,1747647683342
counter/10/0/0/0,24771:1747647668460:,1747647683342
counter/5/0/0/0,27205:1747647671786:,1747647683342
counter/1/0/0/0,24373:1747647670776:,1747647683342
counter/9/0/0/0,30211:1747647673389:,1747647683342
counter/2/0/0/0,30155:1747647674121:,1747647683342
counter/7/0/0/0,26692:1747647671660:,1747647683342
counter/9/0/0/0,30212:1747647673389:,1747647683342
counter/2/0/0/0,30156:1747647674121:,1747647683342
counter/7/0/0/0,26693:1747647671663:,1747647683342
counter/9/0/0/0,30213:1747647673389:,1747647683342
counter/2/0/0/0,30157:1747647674123:,1747647683342
counter/7/0/0/0,26694:1747647671663:,1747647683342
counter/9/0/0/0,30214:1747647673389:,1747647683342
counter/2/0/0/0,30158:1747647674123:,1747647683342
counter/7/0/0/0,26695:1747647671663:,1747647683342
counter/9/0/0/0,30215:1747647673400:,1747647683342
counter/2/0/0/0,30159:1747647674142:,1747647683342
counter/7/0/0/0,26696:1747647671663:,1747647683342
counter/9/0/0/0,30216:1747647673400:,1747647683342
counter/2/0/0/0,30160:1747647674142:,1747647683342
counter/7/0/0/0,26697:1747647671663:,1747647683342
counter/9/0/0/0,30217:1747647673400:,1747647683342
counter/2/0/0/0,30161:1747647674142:,1747647683342
counter/7/0/0/0,26698:1747647671663:,1747647683342
counter/9/0/0/0,30218:1747647673400:,1747647683342
counter/2/0/0/0,30162:1747647674142:,1747647683342
counter/7/0/0/0,26699:1747647671663:,1747647683342
counter/9/0/0/0,30219:1747647673400:,1747647683342
counter/2/0/0/0,30163:1747647674142:,1747647683342
counter/7/0/0/0,26700:1747647671663:,1747647683342
counter/9/0/0/0,30220:1747647673400:,1747647683342
counter/2/0/0/0,30164:1747647674142:,1747647683342
counter/7/0/0/0,26701:1747647671663:,1747647683343
counter/9/0/0/0,30221:1747647673400:,1747647683343
counter/2/0/0/0,30165:1747647674142:,1747647683343
counter/7/0/0/0,26702:1747647671663:,1747647683343
counter/9/0/0/0,30222:1747647673400:,1747647683343
counter/2/0/0/0,30166:1747647674142:,1747647683343
counter/7/0/0/0,26703:1747647671663:,1747647683343
counter/9/0/0/0,30223:1747647673400:,1747647683343
counter/2/0/0/0,30167:1747647674142:,1747647683343
counter/7/0/0/0,26704:1747647671663:,1747647683343
counter/9/0/0/0,30224:1747647673400:,1747647683343
counter/2/0/0/0,30168:1747647674142:,1747647683343
counter/7/0/0/0,26705:1747647671663:,1747647683343
counter/9/0/0/0,30225:1747647673400:,1747647683343
counter/2/0/0/0,30169:1747647674142:,1747647683343
counter/7/0/0/0,26706:1747647671663:,1747647683343
counter/9/0/0/0,30226:1747647673400:,1747647683343
counter/2/0/0/0,30170:1747647674159:,1747647683343
counter/7/0/0/0,26707:1747647671663:,1747647683343
counter/9/0/0/0,30227:1747647673400:,1747647683343
counter/2/0/0/0,30171:1747647674159:,1747647683343
counter/7/0/0/0,26708:1747647671663:,1747647683343
counter/9/0/0/0,30228:1747647673400:,1747647683343
counter/2/0/0/0,30172:1747647674160:,1747647683343
counter/7/0/0/0,26709:1747647671663:,1747647683343
counter/9/0/0/0,30229:1747647673400:,1747647683343
counter/2/0/0/0,30173:1747647674160:,1747647683343
counter/7/0/0/0,26710:1747647671663:,1747647683343
counter/9/0/0/0,30230:1747647673400:,1747647683343
counter/2/0/0/0,30174:1747647674160:,1747647683343
counter/7/0/0/0,26711:1747647671663:,1747647683343
counter/9/0/0/0,30231:1747647673400:,1747647683343
counter/2/0/0/0,30175:1747647674160:,1747647683343
counter/7/0/0/0,26712:1747647671663:,1747647683343
counter/9/0/0/0,30232:1747647673404:,1747647683343
counter/2/0/0/0,30176:1747647674160:,1747647683343
counter/7/0/0/0,26713:1747647671663:,1747647683343
counter/9/0/0/0,30233:1747647673437:,1747647683343
counter/2/0/0/0,30177:1747647674160:,1747647683343
counter/7/0/0/0,26714:1747647671665:,1747647683343
counter/9/0/0/0,30234:1747647673437:,1747647683343
counter/2/0/0/0,30178:1747647674160:,1747647683344
counter/7/0/0/0,26715:1747647671665:,1747647683344
counter/9/0/0/0,30235:1747647673437:,1747647683344
counter/2/0/0/0,30179:1747647674160:,1747647683344
counter/7/0/0/0,26716:1747647671665:,1747647683344
counter/9/0/0/0,30236:1747647673437:,1747647683344
counter/2/0/0/0,30180:1747647674160:,1747647683344
counter/7/0/0/0,26717:1747647671665:,1747647683344
counter/9/0/0/0,30237:1747647673437:,1747647683344
counter/2/0/0/0,30181:1747647674183:,1747647683344
counter/7/0/0/0,26718:1747647671665:,1747647683344
counter/9/0/0/0,30238:1747647673437:,1747647683344
counter/2/0/0/0,30182:1747647674183:,1747647683344
counter/7/0/0/0,26719:1747647671665:,1747647683344
counter/9/0/0/0,30239:1747647673437:,1747647683344
counter/2/0/0/0,30183:1747647674183:,1747647683344
counter/7/0/0/0,26720:1747647671667:,1747647683344
counter/9/0/0/0,30240:1747647673437:,1747647683344
counter/2/0/0/0,30184:1747647674183:,1747647683344
counter/7/0/0/0,26721:1747647671672:,1747647683344
counter/9/0/0/0,30241:1747647673437:,1747647683344
counter/2/0/0/0,30185:1747647674183:,1747647683344
counter/7/0/0/0,26722:1747647671672:,1747647683344
counter/9/0/0/0,30242:1747647673437:,1747647683344
counter/2/0/0/0,30186:1747647674183:,1747647683344
counter/7/0/0/0,26723:1747647671672:,1747647683344
counter/9/0/0/0,30243:1747647673438:,1747647683344
counter/2/0/0/0,30187:1747647674183:,1747647683344
counter/7/0/0/0,26724:1747647671672:,1747647683344
counter/9/0/0/0,30244:1747647673438:,1747647683344
counter/2/0/0/0,30188:1747647674184:,1747647683344
counter/7/0/0/0,26725:1747647671672:,1747647683344
counter/9/0/0/0,30245:1747647673438:,1747647683344
counter/2/0/0/0,30189:1747647674184:,1747647683344
counter/7/0/0/0,26726:1747647671672:,1747647683344
counter/9/0/0/0,30246:1747647673438:,1747647683344
counter/2/0/0/0,30190:1747647674184:,1747647683344
counter/7/0/0/0,26727:1747647671672:,1747647683344
counter/9/0/0/0,30247:1747647673439:,1747647683345
counter/2/0/0/0,30191:1747647674184:,1747647683345
counter/7/0/0/0,26728:1747647671672:,1747647683345
counter/9/0/0/0,30248:1747647673439:,1747647683345
counter/2/0/0/0,30192:1747647674184:,1747647683345
counter/7/0/0/0,26729:1747647671672:,1747647683345
counter/9/0/0/0,30249:1747647673439:,1747647683345
counter/2/0/0/0,30193:1747647674184:,1747647683345
counter/7/0/0/0,26730:1747647671672:,1747647683345
counter/9/0/0/0,30250:1747647673439:,1747647683345
counter/2/0/0/0,30194:1747647674184:,1747647683345
counter/7/0/0/0,26731:1747647671672:,1747647683345
counter/9/0/0/0,30251:1747647673439:,1747647683345
counter/2/0/0/0,30195:1747647674191:,1747647683345
counter/7/0/0/0,26732:1747647671672:,1747647683345
counter/9/0/0/0,30252:1747647673439:,1747647683345
counter/2/0/0/0,30196:1747647674195:,1747647683345
counter/7/0/0/0,26733:1747647671672:,1747647683345
counter/9/0/0/0,30253:1747647673439:,1747647683345
counter/2/0/0/0,30197:1747647674195:,1747647683345
counter/7/0/0/0,26734:1747647671672:,1747647683345
counter/9/0/0/0,30254:1747647673439:,1747647683345
counter/2/0/0/0,30198:1747647674195:,1747647683345
counter/7/0/0/0,26735:1747647671673:,1747647683345
counter/9/0/0/0,30255:1747647673439:,1747647683345
counter/2/0/0/0,30199:1747647674195:,1747647683345
counter/7/0/0/0,26736:1747647671673:,1747647683345
counter/9/0/0/0,30256:1747647673439:,1747647683345
counter/2/0/0/0,30200:1747647674195:,1747647683345
counter/7/0/0/0,26737:1747647671673:,1747647683345
counter/9/0/0/0,30257:1747647673439:,1747647683345
counter/2/0/0/0,30201:1747647674196:,1747647683345
counter/7/0/0/0,26738:1747647671673:,1747647683345
counter/9/0/0/0,30258:1747647673439:,1747647683345
counter/2/0/0/0,30202:1747647674196:,1747647683345
counter/7/0/0/0,26739:1747647671673:,1747647683345
counter/9/0/0/0,30259:1747647673439:,1747647683345
counter/2/0/0/0,30203:1747647674196:,1747647683345
counter/7/0/0/0,26740:1747647671673:,1747647683345
counter/9/0/0/0,30260:1747647673439:,1747647683345
counter/2/0/0/0,30204:1747647674196:,1747647683345
counter/7/0/0/0,26741:1747647671675:,1747647683345
counter/9/0/0/0,30261:1747647673439:,1747647683346
counter/2/0/0/0,30205:1747647674196:,1747647683346
counter/7/0/0/0,26742:1747647671675:,1747647683346
counter/9/0/0/0,30262:1747647673439:,1747647683346
counter/2/0/0/0,30206:1747647674196:,1747647683346
counter/7/0/0/0,26743:1747647671676:,1747647683346
counter/9/0/0/0,30263:1747647673444:,1747647683346
counter/2/0/0/0,30207:1747647674196:,1747647683346
counter/7/0/0/0,26744:1747647671676:,1747647683346
counter/3/0/0/0,23489:1747647669852:,1747647683346
counter/4/0/0/0,23069:1747647669933:,1747647683346
counter/9/0/0/0,30264:1747647673444:,1747647683346
counter/2/0/0/0,30208:1747647674196:,1747647683346
counter/7/0/0/0,26745:1747647671676:,1747647683346
counter/9/0/0/0,30265:1747647673444:,1747647683346
counter/2/0/0/0,30209:1747647674210:,1747647683346
counter/7/0/0/0,26746:1747647671676:,1747647683346
counter/9/0/0/0,30266:1747647673444:,1747647683346
counter/2/0/0/0,30210:1747647674210:,1747647683346
counter/7/0/0/0,26747:1747647671676:,1747647683346
counter/8/0/0/0,27883:1747647671583:,1747647683346
counter/9/0/0/0,30267:1747647673444:,1747647683346
counter/2/0/0/0,30211:1747647674210:,1747647683346
counter/7/0/0/0,26748:1747647671676:,1747647683346
counter/8/0/0/0,27884:1747647671583:,1747647683346
counter/10/0/0/0,24772:1747647668460:,1747647683346
counter/1/0/0/0,24374:1747647670776:,1747647683346
counter/9/0/0/0,30268:1747647673444:,1747647683346
counter/2/0/0/0,30212:1747647674210:,1747647683346
counter/7/0/0/0,26749:1747647671676:,1747647683346
counter/9/0/0/0,30269:1747647673444:,1747647683346
counter/2/0/0/0,30213:1747647674210:,1747647683346
counter/7/0/0/0,26750:1747647671676:,1747647683346
counter/9/0/0/0,30270:1747647673444:,1747647683346
counter/2/0/0/0,30214:1747647674210:,1747647683346
counter/7/0/0/0,26751:1747647671676:,1747647683346
counter/9/0/0/0,30271:1747647673444:,1747647683346
counter/2/0/0/0,30215:1747647674210:,1747647683346
counter/7/0/0/0,26752:1747647671676:,1747647683347
counter/9/0/0/0,30272:1747647673444:,1747647683347
counter/2/0/0/0,30216:1747647674210:,1747647683347
counter/7/0/0/0,26753:1747647671676:,1747647683347
counter/9/0/0/0,30273:1747647673444:,1747647683347
counter/2/0/0/0,30217:1747647674210:,1747647683347
counter/7/0/0/0,26754:1747647671676:,1747647683347
counter/9/0/0/0,30274:1747647673444:,1747647683347
counter/2/0/0/0,30218:1747647674210:,1747647683347
counter/7/0/0/0,26755:1747647671676:,1747647683347
counter/9/0/0/0,30275:1747647673444:,1747647683347
counter/2/0/0/0,30219:1747647674210:,1747647683347
counter/7/0/0/0,26756:1747647671676:,1747647683347
counter/9/0/0/0,30276:1747647673444:,1747647683347
counter/2/0/0/0,30220:1747647674210:,1747647683347
counter/7/0/0/0,26757:1747647671676:,1747647683347
counter/9/0/0/0,30277:1747647673444:,1747647683347
counter/2/0/0/0,30221:1747647674219:,1747647683347
counter/7/0/0/0,26758:1747647671676:,1747647683347
counter/9/0/0/0,30278:1747647673446:,1747647683347
counter/2/0/0/0,30222:1747647674219:,1747647683347
counter/7/0/0/0,26759:1747647671680:,1747647683347
counter/9/0/0/0,30279:1747647673446:,1747647683347
counter/2/0/0/0,30223:1747647674219:,1747647683347
counter/7/0/0/0,26760:1747647671680:,1747647683347
counter/9/0/0/0,30280:1747647673446:,1747647683347
counter/2/0/0/0,30224:1747647674219:,1747647683347
counter/7/0/0/0,26761:1747647671680:,1747647683347
counter/9/0/0/0,30281:1747647673446:,1747647683347
counter/2/0/0/0,30225:1747647674219:,1747647683347
counter/7/0/0/0,26762:1747647671680:,1747647683347
counter/9/0/0/0,30282:1747647673446:,1747647683347
counter/2/0/0/0,30226:1747647674220:,1747647683347
counter/7/0/0/0,26763:1747647671680:,1747647683347
counter/9/0/0/0,30283:1747647673446:,1747647683347
counter/2/0/0/0,30227:1747647674220:,1747647683347
counter/7/0/0/0,26764:1747647671680:,1747647683348
counter/9/0/0/0,30284:1747647673446:,1747647683348
counter/2/0/0/0,30228:1747647674220:,1747647683348
counter/7/0/0/0,26765:1747647671680:,1747647683348
counter/9/0/0/0,30285:1747647673446:,1747647683348
counter/2/0/0/0,30229:1747647674226:,1747647683348
counter/7/0/0/0,26766:1747647671680:,1747647683348
counter/9/0/0/0,30286:1747647673446:,1747647683348
counter/2/0/0/0,30230:1747647674227:,1747647683348
counter/7/0/0/0,26767:1747647671680:,1747647683348
counter/9/0/0/0,30287:1747647673448:,1747647683348
counter/2/0/0/0,30231:1747647674227:,1747647683348
counter/7/0/0/0,26768:1747647671688:,1747647683348
counter/9/0/0/0,30288:1747647673448:,1747647683348
counter/2/0/0/0,30232:1747647674227:,1747647683348
counter/7/0/0/0,26769:1747647671696:,1747647683348
counter/9/0/0/0,30289:1747647673448:,1747647683348
counter/2/0/0/0,30233:1747647674227:,1747647683348
counter/7/0/0/0,26770:1747647671702:,1747647683348
counter/9/0/0/0,30290:1747647673448:,1747647683348
counter/2/0/0/0,30234:1747647674227:,1747647683348
counter/7/0/0/0,26771:1747647671702:,1747647683348
counter/9/0/0/0,30291:1747647673448:,1747647683348
counter/2/0/0/0,30235:1747647674227:,1747647683348
counter/7/0/0/0,26772:1747647671703:,1747647683348
counter/9/0/0/0,30292:1747647673448:,1747647683348
counter/2/0/0/0,30236:1747647674227:,1747647683348
counter/7/0/0/0,26773:1747647671703:,1747647683348
counter/9/0/0/0,30293:1747647673448:,1747647683348
counter/2/0/0/0,30237:1747647674227:,1747647683348
counter/7/0/0/0,26774:1747647671703:,1747647683348
counter/9/0/0/0,30294:1747647673448:,1747647683348
counter/2/0/0/0,30238:1747647674231:,1747647683348
counter/7/0/0/0,26775:1747647671703:,1747647683348
counter/9/0/0/0,30295:1747647673448:,1747647683348
counter/2/0/0/0,30239:1747647674231:,1747647683348
counter/7/0/0/0,26776:1747647671703:,1747647683348
counter/9/0/0/0,30296:1747647673448:,1747647683348
counter/2/0/0/0,30240:1747647674231:,1747647683348
counter/7/0/0/0,26777:1747647671703:,1747647683348
counter/9/0/0/0,30297:1747647673448:,1747647683348
counter/2/0/0/0,30241:1747647674231:,1747647683348
counter/7/0/0/0,26778:1747647671703:,1747647683349
counter/9/0/0/0,30298:1747647673448:,1747647683349
counter/2/0/0/0,30242:1747647674231:,1747647683349
counter/7/0/0/0,26779:1747647671703:,1747647683349
counter/9/0/0/0,30299:1747647673450:,1747647683349
counter/2/0/0/0,30243:1747647674231:,1747647683349
counter/7/0/0/0,26780:1747647671703:,1747647683349
counter/9/0/0/0,30300:1747647673450:,1747647683349
counter/2/0/0/0,30244:1747647674231:,1747647683349
counter/7/0/0/0,26781:1747647671703:,1747647683349
counter/9/0/0/0,30301:1747647673450:,1747647683349
counter/2/0/0/0,30245:1747647674236:,1747647683349
counter/7/0/0/0,26782:1747647671703:,1747647683349
counter/9/0/0/0,30302:1747647673450:,1747647683349
counter/2/0/0/0,30246:1747647674236:,1747647683349
counter/7/0/0/0,26783:1747647671703:,1747647683349
counter/9/0/0/0,30303:1747647673450:,1747647683349
counter/2/0/0/0,30247:1747647674236:,1747647683349
counter/7/0/0/0,26784:1747647671703:,1747647683349
counter/9/0/0/0,30304:1747647673450:,1747647683349
counter/2/0/0/0,30248:1747647674236:,1747647683349
counter/7/0/0/0,26785:1747647671703:,1747647683349
counter/9/0/0/0,30305:1747647673450:,1747647683349
counter/2/0/0/0,30249:1747647674236:,1747647683349
counter/7/0/0/0,26786:1747647671703:,1747647683349
counter/9/0/0/0,30306:1747647673450:,1747647683349
counter/2/0/0/0,30250:1747647674236:,1747647683349
counter/7/0/0/0,26787:1747647671703:,1747647683349
counter/9/0/0/0,30307:1747647673450:,1747647683349
counter/2/0/0/0,30251:1747647674250:,1747647683349
counter/7/0/0/0,26788:1747647671703:,1747647683349
counter/9/0/0/0,30308:1747647673450:,1747647683349
counter/2/0/0/0,30252:1747647674250:,1747647683349
counter/7/0/0/0,26789:1747647671703:,1747647683349
counter/9/0/0/0,30309:1747647673450:,1747647683349
counter/2/0/0/0,30253:1747647674251:,1747647683349
counter/7/0/0/0,26790:1747647671703:,1747647683350
counter/9/0/0/0,30310:1747647673450:,1747647683350
counter/2/0/0/0,30254:1747647674251:,1747647683350
counter/7/0/0/0,26791:1747647671703:,1747647683350
counter/9/0/0/0,30311:1747647673450:,1747647683350
counter/2/0/0/0,30255:1747647674251:,1747647683350
counter/7/0/0/0,26792:1747647671703:,1747647683350
counter/9/0/0/0,30312:1747647673451:,1747647683350
counter/2/0/0/0,30256:1747647674251:,1747647683350
counter/7/0/0/0,26793:1747647671703:,1747647683350
counter/9/0/0/0,30313:1747647673451:,1747647683350
counter/2/0/0/0,30257:1747647674251:,1747647683350
counter/7/0/0/0,26794:1747647671703:,1747647683350
counter/10/0/0/0,24773:1747647668460:,1747647683350
counter/5/0/0/0,27206:1747647671792:,1747647683350
counter/9/0/0/0,30314:1747647673451:,1747647683350
counter/2/0/0/0,30258:1747647674255:,1747647683350
counter/7/0/0/0,26795:1747647671703:,1747647683350
counter/4/0/0/0,23070:1747647669937:,1747647683350
counter/1/0/0/0,24375:1747647670778:,1747647683350
counter/6/0/0/0,26730:1747647673342:,1747647683350
counter/9/0/0/0,30315:1747647673451:,1747647683350
counter/2/0/0/0,30259:1747647674259:,1747647683350
counter/7/0/0/0,26796:1747647671704:,1747647683350
counter/1/0/0/0,24376:1747647670778:,1747647683350
counter/6/0/0/0,26731:1747647673342:,1747647683350
counter/9/0/0/0,30316:1747647673451:,1747647683350
counter/2/0/0/0,30260:1747647674259:,1747647683350
counter/7/0/0/0,26797:1747647671704:,1747647683350
counter/6/0/0/0,26732:1747647673342:,1747647683350
counter/9/0/0/0,30317:1747647673451:,1747647683350
counter/2/0/0/0,30261:1747647674259:,1747647683350
counter/7/0/0/0,26798:1747647671704:,1747647683350
counter/6/0/0/0,26733:1747647673342:,1747647683350
counter/9/0/0/0,30318:1747647673451:,1747647683350
counter/2/0/0/0,30262:1747647674259:,1747647683350
counter/7/0/0/0,26799:1747647671704:,1747647683350
counter/6/0/0/0,26734:1747647673342:,1747647683350
counter/9/0/0/0,30319:1747647673451:,1747647683351
counter/2/0/0/0,30263:1747647674259:,1747647683351
counter/7/0/0/0,26800:1747647671704:,1747647683351
counter/6/0/0/0,26735:1747647673342:,1747647683351
counter/9/0/0/0,30320:1747647673451:,1747647683351
counter/2/0/0/0,30264:1747647674259:,1747647683351
counter/7/0/0/0,26801:1747647671704:,1747647683351
counter/6/0/0/0,26736:1747647673342:,1747647683351
counter/9/0/0/0,30321:1747647673451:,1747647683351
counter/2/0/0/0,30265:1747647674259:,1747647683351
counter/7/0/0/0,26802:1747647671704:,1747647683351
counter/6/0/0/0,26737:1747647673342:,1747647683351
counter/9/0/0/0,30322:1747647673451:,1747647683351
counter/2/0/0/0,30266:1747647674259:,1747647683351
counter/7/0/0/0,26803:1747647671704:,1747647683351
counter/6/0/0/0,26738:1747647673342:,1747647683351
counter/9/0/0/0,30323:1747647673461:,1747647683351
counter/2/0/0/0,30267:1747647674259:,1747647683351
counter/7/0/0/0,26804:1747647671704:,1747647683351
counter/6/0/0/0,26739:1747647673342:,1747647683351
counter/9/0/0/0,30324:1747647673461:,1747647683351
counter/2/0/0/0,30268:1747647674259:,1747647683351
counter/7/0/0/0,26805:1747647671704:,1747647683351
counter/6/0/0/0,26740:1747647673354:,1747647683351
counter/9/0/0/0,30325:1747647673461:,1747647683351
counter/2/0/0/0,30269:1747647674259:,1747647683351
counter/7/0/0/0,26806:1747647671704:,1747647683351
counter/6/0/0/0,26741:1747647673354:,1747647683351
counter/9/0/0/0,30326:1747647673461:,1747647683351
counter/2/0/0/0,30270:1747647674263:,1747647683351
counter/7/0/0/0,26807:1747647671704:,1747647683351
counter/6/0/0/0,26742:1747647673354:,1747647683351
counter/9/0/0/0,30327:1747647673461:,1747647683351
counter/2/0/0/0,30271:1747647674263:,1747647683351
counter/7/0/0/0,26808:1747647671704:,1747647683351
counter/6/0/0/0,26743:1747647673354:,1747647683351
counter/9/0/0/0,30328:1747647673461:,1747647683351
counter/2/0/0/0,30272:1747647674263:,1747647683351
counter/7/0/0/0,26809:1747647671704:,1747647683351
counter/6/0/0/0,26744:1747647673354:,1747647683351
counter/9/0/0/0,30329:1747647673461:,1747647683351
counter/2/0/0/0,30273:1747647674263:,1747647683352
counter/7/0/0/0,26810:1747647671704:,1747647683352
counter/6/0/0/0,26745:1747647673354:,1747647683352
counter/9/0/0/0,30330:1747647673461:,1747647683352
counter/2/0/0/0,30274:1747647674263:,1747647683352
counter/7/0/0/0,26811:1747647671704:,1747647683352
counter/6/0/0/0,26746:1747647673354:,1747647683352
counter/9/0/0/0,30331:1747647673473:,1747647683352
counter/2/0/0/0,30275:1747647674263:,1747647683352
counter/7/0/0/0,26812:1747647671711:,1747647683352
counter/6/0/0/0,26747:1747647673354:,1747647683352
counter/9/0/0/0,30332:1747647673473:,1747647683352
counter/2/0/0/0,30276:1747647674263:,1747647683352
counter/7/0/0/0,26813:1747647671711:,1747647683352
counter/6/0/0/0,26748:1747647673354:,1747647683352
counter/9/0/0/0,30333:1747647673473:,1747647683352
counter/2/0/0/0,30277:1747647674268:,1747647683352
counter/7/0/0/0,26814:1747647671711:,1747647683352
counter/6/0/0/0,26749:1747647673354:,1747647683352
counter/9/0/0/0,30334:1747647673473:,1747647683352
counter/2/0/0/0,30278:1747647674268:,1747647683352
counter/7/0/0/0,26815:1747647671711:,1747647683352
counter/6/0/0/0,26750:1747647673354:,1747647683352
counter/9/0/0/0,30335:1747647673473:,1747647683352
counter/2/0/0/0,30279:1747647674268:,1747647683352
counter/7/0/0/0,26816:1747647671711:,1747647683352
counter/6/0/0/0,26751:1747647673357:,1747647683352
counter/9/0/0/0,30336:1747647673473:,1747647683352
counter/2/0/0/0,30280:1747647674268:,1747647683352
counter/7/0/0/0,26817:1747647671711:,1747647683352
counter/6/0/0/0,26752:1747647673357:,1747647683352
counter/9/0/0/0,30337:1747647673473:,1747647683352
counter/2/0/0/0,30281:1747647674268:,1747647683352
counter/7/0/0/0,26818:1747647671711:,1747647683352
counter/6/0/0/0,26753:1747647673357:,1747647683352
counter/9/0/0/0,30338:1747647673473:,1747647683352
counter/2/0/0/0,30282:1747647674268:,1747647683352
counter/7/0/0/0,26819:1747647671711:,1747647683353
counter/6/0/0/0,26754:1747647673360:,1747647683353
counter/9/0/0/0,30339:1747647673473:,1747647683353
counter/2/0/0/0,30283:1747647674268:,1747647683353
counter/7/0/0/0,26820:1747647671711:,1747647683353
counter/6/0/0/0,26755:1747647673360:,1747647683353
counter/9/0/0/0,30340:1747647673473:,1747647683353
counter/2/0/0/0,30284:1747647674268:,1747647683353
counter/7/0/0/0,26821:1747647671712:,1747647683353
counter/6/0/0/0,26756:1747647673360:,1747647683353
counter/9/0/0/0,30341:1747647673473:,1747647683353
counter/2/0/0/0,30285:1747647674268:,1747647683353
counter/7/0/0/0,26822:1747647671712:,1747647683353
counter/6/0/0/0,26757:1747647673360:,1747647683353
counter/9/0/0/0,30342:1747647673473:,1747647683353
counter/2/0/0/0,30286:1747647674268:,1747647683353
counter/7/0/0/0,26823:1747647671712:,1747647683353
counter/6/0/0/0,26758:1747647673360:,1747647683353
counter/9/0/0/0,30343:1747647673473:,1747647683353
counter/2/0/0/0,30287:1747647674268:,1747647683353
counter/7/0/0/0,26824:1747647671712:,1747647683353
counter/6/0/0/0,26759:1747647673360:,1747647683353
counter/9/0/0/0,30344:1747647673473:,1747647683353
counter/2/0/0/0,30288:1747647674269:,1747647683353
counter/7/0/0/0,26825:1747647671712:,1747647683353
counter/6/0/0/0,26760:1747647673360:,1747647683353
counter/9/0/0/0,30345:1747647673473:,1747647683353
counter/2/0/0/0,30289:1747647674269:,1747647683353
counter/7/0/0/0,26826:1747647671712:,1747647683353
counter/6/0/0/0,26761:1747647673360:,1747647683353
counter/9/0/0/0,30346:1747647673473:,1747647683353
counter/2/0/0/0,30290:1747647674269:,1747647683353
counter/7/0/0/0,26827:1747647671712:,1747647683353
counter/6/0/0/0,26762:1747647673360:,1747647683353
counter/4/0/0/0,23071:1747647669939:,1747647683353
counter/9/0/0/0,30347:1747647673473:,1747647683353
counter/2/0/0/0,30291:1747647674269:,1747647683353
counter/7/0/0/0,26828:1747647671712:,1747647683353
counter/6/0/0/0,26763:1747647673360:,1747647683354
counter/5/0/0/0,27207:1747647671792:,1747647683354
counter/1/0/0/0,24377:1747647670778:,1747647683354
counter/8/0/0/0,27885:1747647671583:,1747647683354
counter/9/0/0/0,30348:1747647673473:,1747647683354
counter/2/0/0/0,30292:1747647674269:,1747647683354
counter/7/0/0/0,26829:1747647671712:,1747647683354
counter/6/0/0/0,26764:1747647673360:,1747647683354
counter/8/0/0/0,27886:1747647671583:,1747647683354
counter/10/0/0/0,24774:1747647668460:,1747647683354
counter/9/0/0/0,30349:1747647673473:,1747647683354
counter/2/0/0/0,30293:1747647674269:,1747647683354
counter/7/0/0/0,26830:1747647671712:,1747647683354
counter/6/0/0/0,26765:1747647673360:,1747647683354
counter/8/0/0/0,27887:1747647671583:,1747647683354
counter/9/0/0/0,30350:1747647673473:,1747647683354
counter/2/0/0/0,30294:1747647674269:,1747647683354
counter/7/0/0/0,26831:1747647671712:,1747647683354
counter/6/0/0/0,26766:1747647673360:,1747647683354
counter/8/0/0/0,27888:1747647671583:,1747647683354
counter/9/0/0/0,30351:1747647673473:,1747647683354
counter/2/0/0/0,30295:1747647674269:,1747647683354
counter/7/0/0/0,26832:1747647671712:,1747647683354
counter/6/0/0/0,26767:1747647673360:,1747647683354
counter/8/0/0/0,27889:1747647671583:,1747647683354
counter/9/0/0/0,30352:1747647673473:,1747647683354
counter/2/0/0/0,30296:1747647674269:,1747647683354
counter/7/0/0/0,26833:1747647671712:,1747647683354
counter/6/0/0/0,26768:1747647673365:,1747647683354
counter/8/0/0/0,27890:1747647671583:,1747647683354
counter/9/0/0/0,30353:1747647673473:,1747647683354
counter/2/0/0/0,30297:1747647674275:,1747647683354
counter/7/0/0/0,26834:1747647671712:,1747647683354
counter/6/0/0/0,26769:1747647673365:,1747647683354
counter/8/0/0/0,27891:1747647671583:,1747647683354
counter/9/0/0/0,30354:1747647673474:,1747647683354
counter/2/0/0/0,30298:1747647674275:,1747647683354
counter/7/0/0/0,26835:1747647671712:,1747647683354
counter/6/0/0/0,26770:1747647673365:,1747647683354
counter/8/0/0/0,27892:1747647671583:,1747647683355
counter/10/0/0/0,24775:1747647668460:,1747647683355
counter/9/0/0/0,30355:1747647673474:,1747647683355
counter/2/0/0/0,30299:1747647674275:,1747647683355
counter/7/0/0/0,26836:1747647671713:,1747647683355
counter/6/0/0/0,26771:1747647673365:,1747647683355
counter/8/0/0/0,27893:1747647671583:,1747647683355
counter/3/0/0/0,23490:1747647669856:,1747647683355
counter/4/0/0/0,23072:1747647669939:,1747647683355
counter/9/0/0/0,30356:1747647673474:,1747647683355
counter/2/0/0/0,30300:1747647674276:,1747647683355
counter/7/0/0/0,26837:1747647671713:,1747647683355
counter/6/0/0/0,26772:1747647673365:,1747647683355
counter/8/0/0/0,27894:1747647671583:,1747647683355
counter/9/0/0/0,30357:1747647673474:,1747647683355
counter/2/0/0/0,30301:1747647674276:,1747647683355
counter/7/0/0/0,26838:1747647671713:,1747647683355
counter/6/0/0/0,26773:1747647673365:,1747647683355
counter/8/0/0/0,27895:1747647671583:,1747647683355
counter/9/0/0/0,30358:1747647673474:,1747647683355
counter/2/0/0/0,30302:1747647674276:,1747647683355
counter/7/0/0/0,26839:1747647671713:,1747647683355
counter/6/0/0/0,26774:1747647673365:,1747647683355
counter/8/0/0/0,27896:1747647671583:,1747647683355
counter/9/0/0/0,30359:1747647673474:,1747647683355
counter/2/0/0/0,30303:1747647674276:,1747647683355
counter/7/0/0/0,26840:1747647671713:,1747647683355
counter/6/0/0/0,26775:1747647673365:,1747647683355
counter/8/0/0/0,27897:1747647671583:,1747647683355
counter/9/0/0/0,30360:1747647673474:,1747647683355
counter/2/0/0/0,30304:1747647674279:,1747647683355
counter/7/0/0/0,26841:1747647671713:,1747647683355
counter/6/0/0/0,26776:1747647673365:,1747647683355
counter/8/0/0/0,27898:1747647671583:,1747647683355
counter/9/0/0/0,30361:1747647673474:,1747647683355
counter/2/0/0/0,30305:1747647674279:,1747647683355
counter/7/0/0/0,26842:1747647671713:,1747647683355
counter/6/0/0/0,26777:1747647673365:,1747647683355
counter/8/0/0/0,27899:1747647671583:,1747647683355
counter/9/0/0/0,30362:1747647673474:,1747647683355
counter/2/0/0/0,30306:1747647674279:,1747647683355
counter/7/0/0/0,26843:1747647671713:,1747647683356
counter/6/0/0/0,26778:1747647673365:,1747647683356
counter/8/0/0/0,27900:1747647671583:,1747647683356
counter/9/0/0/0,30363:1747647673474:,1747647683356
counter/2/0/0/0,30307:1747647674279:,1747647683356
counter/7/0/0/0,26844:1747647671713:,1747647683356
counter/6/0/0/0,26779:1747647673365:,1747647683356
counter/8/0/0/0,27901:1747647671583:,1747647683356
counter/9/0/0/0,30364:1747647673474:,1747647683356
counter/2/0/0/0,30308:1747647674279:,1747647683356
counter/7/0/0/0,26845:1747647671713:,1747647683356
counter/6/0/0/0,26780:1747647673365:,1747647683356
counter/8/0/0/0,27902:1747647671583:,1747647683356
counter/10/0/0/0,24776:1747647668460:,1747647683356
counter/9/0/0/0,30365:1747647673474:,1747647683356
counter/2/0/0/0,30309:1747647674302:,1747647683356
counter/7/0/0/0,26846:1747647671713:,1747647683356
counter/6/0/0/0,26781:1747647673366:,1747647683356
counter/8/0/0/0,27903:1747647671583:,1747647683356
counter/3/0/0/0,23491:1747647669856:,1747647683356
counter/9/0/0/0,30366:1747647673474:,1747647683356
counter/2/0/0/0,30310:1747647674302:,1747647683356
counter/7/0/0/0,26847:1747647671713:,1747647683356
counter/6/0/0/0,26782:1747647673366:,1747647683356
counter/8/0/0/0,27904:1747647671583:,1747647683356
counter/3/0/0/0,23492:1747647669856:,1747647683356
counter/9/0/0/0,30367:1747647673474:,1747647683356
counter/2/0/0/0,30311:1747647674302:,1747647683356
counter/7/0/0/0,26848:1747647671714:,1747647683356
counter/6/0/0/0,26783:1747647673366:,1747647683356
counter/8/0/0/0,27905:1747647671583:,1747647683356
counter/3/0/0/0,23493:1747647669856:,1747647683356
counter/9/0/0/0,30368:1747647673474:,1747647683356
counter/2/0/0/0,30312:1747647674302:,1747647683356
counter/7/0/0/0,26849:1747647671714:,1747647683356
counter/6/0/0/0,26784:1747647673366:,1747647683356
counter/8/0/0/0,27906:1747647671583:,1747647683356
counter/3/0/0/0,23494:1747647669856:,1747647683356
counter/9/0/0/0,30369:1747647673474:,1747647683356
counter/2/0/0/0,30313:1747647674302:,1747647683356
counter/7/0/0/0,26850:1747647671714:,1747647683356
counter/6/0/0/0,26785:1747647673366:,1747647683356
counter/8/0/0/0,27907:1747647671583:,1747647683356
counter/3/0/0/0,23495:1747647669856:,1747647683356
counter/9/0/0/0,30370:1747647673474:,1747647683356
counter/2/0/0/0,30314:1747647674302:,1747647683356
counter/7/0/0/0,26851:1747647671714:,1747647683357
counter/6/0/0/0,26786:1747647673367:,1747647683357
counter/3/0/0/0,23496:1747647669856:,1747647683357
counter/9/0/0/0,30371:1747647673474:,1747647683357
counter/2/0/0/0,30315:1747647674304:,1747647683357
counter/7/0/0/0,26852:1747647671715:,1747647683357
counter/6/0/0/0,26787:1747647673367:,1747647683357
counter/3/0/0/0,23497:1747647669857:,1747647683357
counter/9/0/0/0,30372:1747647673474:,1747647683357
counter/2/0/0/0,30316:1747647674304:,1747647683357
counter/7/0/0/0,26853:1747647671715:,1747647683357
counter/6/0/0/0,26788:1747647673367:,1747647683357
counter/3/0/0/0,23498:1747647669861:,1747647683357
counter/9/0/0/0,30373:1747647673474:,1747647683357
counter/2/0/0/0,30317:1747647674304:,1747647683357
counter/7/0/0/0,26854:1747647671715:,1747647683357
counter/6/0/0/0,26789:1747647673367:,1747647683357
counter/3/0/0/0,23499:1747647669861:,1747647683357
counter/9/0/0/0,30374:1747647673474:,1747647683357
counter/2/0/0/0,30318:1747647674304:,1747647683357
counter/7/0/0/0,26855:1747647671715:,1747647683357
counter/6/0/0/0,26790:1747647673367:,1747647683357
counter/3/0/0/0,23500:1747647669861:,1747647683357
counter/9/0/0/0,30375:1747647673474:,1747647683357
counter/2/0/0/0,30319:1747647674304:,1747647683357
counter/7/0/0/0,26856:1747647671715:,1747647683357
counter/6/0/0/0,26791:1747647673367:,1747647683357
counter/3/0/0/0,23501:1747647669861:,1747647683357
counter/4/0/0/0,23073:1747647669939:,1747647683357
counter/9/0/0/0,30376:1747647673474:,1747647683357
counter/2/0/0/0,30320:1747647674304:,1747647683357
counter/7/0/0/0,26857:1747647671715:,1747647683357
counter/6/0/0/0,26792:1747647673367:,1747647683357
counter/3/0/0/0,23502:1747647669861:,1747647683357
counter/9/0/0/0,30377:1747647673474:,1747647683357
counter/2/0/0/0,30321:1747647674304:,1747647683357
counter/7/0/0/0,26858:1747647671715:,1747647683357
counter/6/0/0/0,26793:1747647673367:,1747647683357
counter/3/0/0/0,23503:1747647669861:,1747647683357
counter/9/0/0/0,30378:1747647673474:,1747647683357
counter/2/0/0/0,30322:1747647674304:,1747647683357
counter/7/0/0/0,26859:1747647671715:,1747647683358
counter/6/0/0/0,26794:1747647673367:,1747647683358
counter/3/0/0/0,23504:1747647669861:,1747647683358
counter/9/0/0/0,30379:1747647673474:,1747647683358
counter/2/0/0/0,30323:1747647674314:,1747647683358
counter/7/0/0/0,26860:1747647671715:,1747647683358
counter/6/0/0/0,26795:1747647673367:,1747647683358
counter/3/0/0/0,23505:1747647669862:,1747647683358
counter/9/0/0/0,30380:1747647673475:,1747647683358
counter/2/0/0/0,30324:1747647674317:,1747647683358
counter/7/0/0/0,26861:1747647671715:,1747647683358
counter/6/0/0/0,26796:1747647673367:,1747647683358
counter/3/0/0/0,23506:1747647669862:,1747647683358
counter/9/0/0/0,30381:1747647673475:,1747647683358
counter/2/0/0/0,30325:1747647674326:,1747647683358
counter/7/0/0/0,26862:1747647671715:,1747647683358
counter/6/0/0/0,26797:1747647673373:,1747647683358
counter/3/0/0/0,23507:1747647669862:,1747647683358
counter/9/0/0/0,30382:1747647673475:,1747647683358
counter/2/0/0/0,30326:1747647674326:,1747647683358
counter/7/0/0/0,26863:1747647671715:,1747647683358
counter/6/0/0/0,26798:1747647673373:,1747647683358
counter/3/0/0/0,23508:1747647669862:,1747647683358
counter/9/0/0/0,30383:1747647673475:,1747647683358
counter/2/0/0/0,30327:1747647674326:,1747647683358
counter/7/0/0/0,26864:1747647671715:,1747647683358
counter/6/0/0/0,26799:1747647673373:,1747647683358
counter/3/0/0/0,23509:1747647669862:,1747647683358
counter/5/0/0/0,27208:1747647671792:,1747647683358
counter/9/0/0/0,30384:1747647673475:,1747647683358
counter/2/0/0/0,30328:1747647674326:,1747647683358
counter/7/0/0/0,26865:1747647671715:,1747647683358
counter/6/0/0/0,26800:1747647673373:,1747647683358
counter/3/0/0/0,23510:1747647669871:,1747647683358
counter/9/0/0/0,30385:1747647673476:,1747647683358
counter/2/0/0/0,30329:1747647674326:,1747647683358
counter/7/0/0/0,26866:1747647671715:,1747647683358
counter/6/0/0/0,26801:1747647673373:,1747647683358
counter/3/0/0/0,23511:1747647669871:,1747647683358
counter/9/0/0/0,30386:1747647673476:,1747647683358
counter/2/0/0/0,30330:1747647674326:,1747647683358
counter/7/0/0/0,26867:1747647671715:,1747647683358
counter/6/0/0/0,26802:1747647673373:,1747647683358
counter/3/0/0/0,23512:1747647669871:,1747647683358
counter/10/0/0/0,24777:1747647668460:,1747647683359
counter/8/0/0/0,27908:1747647671583:,1747647683359
counter/9/0/0/0,30387:1747647673476:,1747647683359
counter/2/0/0/0,30331:1747647674326:,1747647683359
counter/7/0/0/0,26868:1747647671715:,1747647683359
counter/6/0/0/0,26803:1747647673385:,1747647683359
counter/3/0/0/0,23513:1747647669871:,1747647683359
counter/9/0/0/0,30388:1747647673476:,1747647683359
counter/2/0/0/0,30332:1747647674327:,1747647683359
counter/7/0/0/0,26869:1747647671716:,1747647683359
counter/6/0/0/0,26804:1747647673385:,1747647683359
counter/3/0/0/0,23514:1747647669872:,1747647683359
counter/9/0/0/0,30389:1747647673476:,1747647683359
counter/2/0/0/0,30333:1747647674327:,1747647683359
counter/7/0/0/0,26870:1747647671716:,1747647683359
counter/6/0/0/0,26805:1747647673385:,1747647683359
counter/3/0/0/0,23515:1747647669872:,1747647683359
counter/9/0/0/0,30390:1747647673476:,1747647683359
counter/2/0/0/0,30334:1747647674327:,1747647683359
counter/7/0/0/0,26871:1747647671716:,1747647683359
counter/6/0/0/0,26806:1747647673385:,1747647683359
counter/3/0/0/0,23516:1747647669872:,1747647683359
counter/9/0/0/0,30391:1747647673476:,1747647683359
counter/2/0/0/0,30335:1747647674327:,1747647683359
counter/7/0/0/0,26872:1747647671716:,1747647683359
counter/6/0/0/0,26807:1747647673385:,1747647683359
counter/3/0/0/0,23517:1747647669872:,1747647683359
counter/9/0/0/0,30392:1747647673476:,1747647683359
counter/2/0/0/0,30336:1747647674327:,1747647683359
counter/7/0/0/0,26873:1747647671716:,1747647683359
counter/6/0/0/0,26808:1747647673385:,1747647683359
counter/3/0/0/0,23518:1747647669874:,1747647683359
counter/9/0/0/0,30393:1747647673476:,1747647683359
counter/2/0/0/0,30337:1747647674327:,1747647683359
counter/7/0/0/0,26874:1747647671716:,1747647683359
counter/6/0/0/0,26809:1747647673385:,1747647683359
counter/3/0/0/0,23519:1747647669874:,1747647683359
counter/9/0/0/0,30394:1747647673476:,1747647683359
counter/2/0/0/0,30338:1747647674327:,1747647683359
counter/7/0/0/0,26875:1747647671716:,1747647683359
counter/6/0/0/0,26810:1747647673385:,1747647683359
counter/3/0/0/0,23520:1747647669874:,1747647683360
counter/9/0/0/0,30395:1747647673476:,1747647683360
counter/2/0/0/0,30339:1747647674345:,1747647683360
counter/7/0/0/0,26876:1747647671716:,1747647683360
counter/6/0/0/0,26811:1747647673385:,1747647683360
counter/3/0/0/0,23521:1747647669874:,1747647683360
counter/9/0/0/0,30396:1747647673476:,1747647683360
counter/2/0/0/0,30340:1747647674355:,1747647683360
counter/7/0/0/0,26877:1747647671716:,1747647683360
counter/6/0/0/0,26812:1747647673386:,1747647683360
counter/3/0/0/0,23522:1747647669874:,1747647683360
counter/9/0/0/0,30397:1747647673476:,1747647683360
counter/2/0/0/0,30341:1747647674355:,1747647683360
counter/7/0/0/0,26878:1747647671716:,1747647683360
counter/6/0/0/0,26813:1747647673386:,1747647683360
counter/3/0/0/0,23523:1747647669874:,1747647683360
counter/9/0/0/0,30398:1747647673476:,1747647683360
counter/2/0/0/0,30342:1747647674355:,1747647683360
counter/7/0/0/0,26879:1747647671716:,1747647683360
counter/6/0/0/0,26814:1747647673386:,1747647683360
counter/3/0/0/0,23524:1747647669874:,1747647683360
counter/9/0/0/0,30399:1747647673476:,1747647683360
counter/2/0/0/0,30343:1747647674355:,1747647683360
counter/7/0/0/0,26880:1747647671716:,1747647683360
counter/6/0/0/0,26815:1747647673386:,1747647683360
counter/3/0/0/0,23525:1747647669874:,1747647683360
counter/4/0/0/0,23074:1747647669939:,1747647683360
counter/9/0/0/0,30400:1747647673476:,1747647683360
counter/2/0/0/0,30344:1747647674355:,1747647683360
counter/7/0/0/0,26881:1747647671716:,1747647683360
counter/6/0/0/0,26816:1747647673386:,1747647683360
counter/3/0/0/0,23526:1747647669874:,1747647683360
counter/9/0/0/0,30401:1747647673476:,1747647683360
counter/2/0/0/0,30345:1747647674355:,1747647683360
counter/7/0/0/0,26882:1747647671716:,1747647683360
counter/6/0/0/0,26817:1747647673386:,1747647683360
counter/3/0/0/0,23527:1747647669874:,1747647683360
counter/9/0/0/0,30402:1747647673476:,1747647683360
counter/2/0/0/0,30346:1747647674365:,1747647683360
counter/7/0/0/0,26883:1747647671716:,1747647683360
counter/6/0/0/0,26818:1747647673387:,1747647683360
counter/3/0/0/0,23528:1747647669874:,1747647683360
counter/9/0/0/0,30403:1747647673476:,1747647683360
counter/2/0/0/0,30347:1747647674365:,1747647683360
counter/7/0/0/0,26884:1747647671716:,1747647683361
counter/6/0/0/0,26819:1747647673388:,1747647683361
counter/3/0/0/0,23529:1747647669874:,1747647683361
counter/9/0/0/0,30404:1747647673476:,1747647683361
counter/2/0/0/0,30348:1747647674365:,1747647683361
counter/7/0/0/0,26885:1747647671717:,1747647683361
counter/6/0/0/0,26820:1747647673388:,1747647683361
counter/3/0/0/0,23530:1747647669875:,1747647683361
counter/9/0/0/0,30405:1747647673476:,1747647683361
counter/2/0/0/0,30349:1747647674365:,1747647683361
counter/7/0/0/0,26886:1747647671718:,1747647683361
counter/6/0/0/0,26821:1747647673388:,1747647683361
counter/3/0/0/0,23531:1747647669875:,1747647683361
counter/9/0/0/0,30406:1747647673476:,1747647683361
counter/2/0/0/0,30350:1747647674369:,1747647683361
counter/7/0/0/0,26887:1747647671718:,1747647683361
counter/6/0/0/0,26822:1747647673388:,1747647683361
counter/3/0/0/0,23532:1747647669875:,1747647683361
counter/9/0/0/0,30407:1747647673476:,1747647683361
counter/2/0/0/0,30351:1747647674380:,1747647683361
counter/7/0/0/0,26888:1747647671718:,1747647683361
counter/6/0/0/0,26823:1747647673388:,1747647683361
counter/3/0/0/0,23533:1747647669875:,1747647683361
counter/9/0/0/0,30408:1747647673476:,1747647683361
counter/2/0/0/0,30352:1747647674381:,1747647683361
counter/7/0/0/0,26889:1747647671718:,1747647683361
counter/6/0/0/0,26824:1747647673388:,1747647683361
counter/3/0/0/0,23534:1747647669875:,1747647683361
counter/1/0/0/0,24378:1747647670778:,1747647683361
counter/9/0/0/0,30409:1747647673476:,1747647683361
counter/2/0/0/0,30353:1747647674381:,1747647683361
counter/7/0/0/0,26890:1747647671718:,1747647683361
counter/6/0/0/0,26825:1747647673388:,1747647683361
counter/3/0/0/0,23535:1747647669875:,1747647683361
counter/8/0/0/0,27909:1747647671583:,1747647683361
counter/9/0/0/0,30410:1747647673476:,1747647683361
counter/2/0/0/0,30354:1747647674390:,1747647683361
counter/7/0/0/0,26891:1747647671718:,1747647683361
counter/6/0/0/0,26826:1747647673388:,1747647683361
counter/3/0/0/0,23536:1747647669875:,1747647683361
counter/9/0/0/0,30411:1747647673476:,1747647683361
counter/2/0/0/0,30355:1747647674390:,1747647683361
counter/7/0/0/0,26892:1747647671718:,1747647683362
counter/6/0/0/0,26827:1747647673388:,1747647683362
counter/3/0/0/0,23537:1747647669875:,1747647683362
counter/9/0/0/0,30412:1747647673476:,1747647683362
counter/2/0/0/0,30356:1747647674390:,1747647683362
counter/7/0/0/0,26893:1747647671718:,1747647683362
counter/6/0/0/0,26828:1747647673391:,1747647683362
counter/3/0/0/0,23538:1747647669875:,1747647683362
counter/9/0/0/0,30413:1747647673487:,1747647683362
counter/2/0/0/0,30357:1747647674390:,1747647683362
counter/7/0/0/0,26894:1747647671718:,1747647683362
counter/6/0/0/0,26829:1747647673391:,1747647683362
counter/3/0/0/0,23539:1747647669875:,1747647683362
counter/9/0/0/0,30414:1747647673487:,1747647683362
counter/2/0/0/0,30358:1747647674390:,1747647683362
counter/7/0/0/0,26895:1747647671718:,1747647683362
counter/6/0/0/0,26830:1747647673391:,1747647683362
counter/3/0/0/0,23540:1747647669875:,1747647683362
counter/9/0/0/0,30415:1747647673487:,1747647683362
counter/2/0/0/0,30359:1747647674390:,1747647683362
counter/7/0/0/0,26896:1747647671718:,1747647683362
counter/6/0/0/0,26831:1747647673392:,1747647683362
counter/3/0/0/0,23541:1747647669875:,1747647683362
counter/9/0/0/0,30416:1747647673487:,1747647683362
counter/2/0/0/0,30360:1747647674390:,1747647683362
counter/7/0/0/0,26897:1747647671718:,1747647683362
counter/6/0/0/0,26832:1747647673392:,1747647683362
counter/3/0/0/0,23542:1747647669880:,1747647683362
counter/9/0/0/0,30417:1747647673487:,1747647683362
counter/2/0/0/0,30361:1747647674394:,1747647683362
counter/7/0/0/0,26898:1747647671718:,1747647683362
counter/6/0/0/0,26833:1747647673392:,1747647683362
counter/3/0/0/0,23543:1747647669880:,1747647683362
counter/9/0/0/0,30418:1747647673487:,1747647683362
counter/2/0/0/0,30362:1747647674394:,1747647683362
counter/7/0/0/0,26899:1747647671718:,1747647683362
counter/6/0/0/0,26834:1747647673392:,1747647683362
counter/3/0/0/0,23544:1747647669880:,1747647683362
counter/9/0/0/0,30419:1747647673487:,1747647683362
counter/2/0/0/0,30363:1747647674394:,1747647683362
counter/7/0/0/0,26900:1747647671718:,1747647683362
counter/6/0/0/0,26835:1747647673392:,1747647683362
counter/3/0/0/0,23545:1747647669880:,1747647683362
counter/9/0/0/0,30420:1747647673487:,1747647683362
counter/2/0/0/0,30364:1747647674394:,1747647683362
counter/7/0/0/0,26901:1747647671718:,1747647683363
counter/6/0/0/0,26836:1747647673392:,1747647683363
counter/3/0/0/0,23546:1747647669880:,1747647683363
counter/9/0/0/0,30421:1747647673487:,1747647683363
counter/2/0/0/0,30365:1747647674394:,1747647683363
counter/7/0/0/0,26902:1747647671718:,1747647683363
counter/6/0/0/0,26837:1747647673392:,1747647683363
counter/3/0/0/0,23547:1747647669881:,1747647683363
counter/9/0/0/0,30422:1747647673488:,1747647683363
counter/2/0/0/0,30366:1747647674394:,1747647683363
counter/7/0/0/0,26903:1747647671718:,1747647683363
counter/6/0/0/0,26838:1747647673392:,1747647683363
counter/3/0/0/0,23548:1747647669881:,1747647683363
counter/9/0/0/0,30423:1747647673488:,1747647683363
counter/2/0/0/0,30367:1747647674394:,1747647683363
counter/7/0/0/0,26904:1747647671718:,1747647683363
counter/6/0/0/0,26839:1747647673392:,1747647683363
counter/3/0/0/0,23549:1747647669881:,1747647683363
counter/9/0/0/0,30424:1747647673488:,1747647683363
counter/2/0/0/0,30368:1747647674394:,1747647683363
counter/7/0/0/0,26905:1747647671718:,1747647683363
counter/6/0/0/0,26840:1747647673392:,1747647683363
counter/3/0/0/0,23550:1747647669881:,1747647683363
counter/9/0/0/0,30425:1747647673489:,1747647683363
counter/2/0/0/0,30369:1747647674395:,1747647683363
counter/7/0/0/0,26906:1747647671718:,1747647683363
counter/6/0/0/0,26841:1747647673392:,1747647683363
counter/3/0/0/0,23551:1747647669881:,1747647683363
counter/9/0/0/0,30426:1747647673489:,1747647683363
counter/2/0/0/0,30370:1747647674395:,1747647683363
counter/7/0/0/0,26907:1747647671718:,1747647683363
counter/6/0/0/0,26842:1747647673392:,1747647683363
counter/3/0/0/0,23552:1747647669881:,1747647683363
counter/9/0/0/0,30427:1747647673489:,1747647683363
counter/2/0/0/0,30371:1747647674395:,1747647683363
counter/7/0/0/0,26908:1747647671718:,1747647683363
counter/6/0/0/0,26843:1747647673392:,1747647683363
counter/3/0/0/0,23553:1747647669881:,1747647683363
counter/9/0/0/0,30428:1747647673489:,1747647683363
counter/2/0/0/0,30372:1747647674395:,1747647683363
counter/7/0/0/0,26909:1747647671718:,1747647683363
counter/6/0/0/0,26844:1747647673392:,1747647683363
counter/3/0/0/0,23554:1747647669881:,1747647683363
counter/9/0/0/0,30429:1747647673489:,1747647683363
counter/2/0/0/0,30373:1747647674395:,1747647683363
counter/7/0/0/0,26910:1747647671718:,1747647683363
counter/6/0/0/0,26845:1747647673392:,1747647683363
counter/3/0/0/0,23555:1747647669881:,1747647683364
counter/9/0/0/0,30430:1747647673489:,1747647683364
counter/2/0/0/0,30374:1747647674396:,1747647683364
counter/7/0/0/0,26911:1747647671718:,1747647683364
counter/6/0/0/0,26846:1747647673395:,1747647683364
counter/3/0/0/0,23556:1747647669884:,1747647683364
counter/9/0/0/0,30431:1747647673489:,1747647683364
counter/2/0/0/0,30375:1747647674396:,1747647683364
counter/7/0/0/0,26912:1747647671718:,1747647683364
counter/6/0/0/0,26847:1747647673395:,1747647683364
counter/3/0/0/0,23557:1747647669884:,1747647683364
counter/9/0/0/0,30432:1747647673489:,1747647683364
counter/2/0/0/0,30376:1747647674396:,1747647683364
counter/7/0/0/0,26913:1747647671718:,1747647683364
counter/6/0/0/0,26848:1747647673395:,1747647683364
counter/3/0/0/0,23558:1747647669884:,1747647683364
counter/9/0/0/0,30433:1747647673489:,1747647683364
counter/2/0/0/0,30377:1747647674396:,1747647683364
counter/7/0/0/0,26914:1747647671719:,1747647683364
counter/6/0/0/0,26849:1747647673395:,1747647683364
counter/3/0/0/0,23559:1747647669885:,1747647683364
counter/9/0/0/0,30434:1747647673489:,1747647683364
counter/2/0/0/0,30378:1747647674396:,1747647683364
counter/7/0/0/0,26915:1747647671719:,1747647683364
counter/6/0/0/0,26850:1747647673395:,1747647683364
counter/3/0/0/0,23560:1747647669885:,1747647683364
counter/9/0/0/0,30435:1747647673489:,1747647683364
counter/2/0/0/0,30379:1747647674396:,1747647683364
counter/7/0/0/0,26916:1747647671719:,1747647683364
counter/6/0/0/0,26851:1747647673395:,1747647683364
counter/3/0/0/0,23561:1747647669885:,1747647683364
counter/9/0/0/0,30436:1747647673489:,1747647683364
counter/2/0/0/0,30380:1747647674396:,1747647683364
counter/7/0/0/0,26917:1747647671719:,1747647683364
counter/6/0/0/0,26852:1747647673395:,1747647683364
counter/3/0/0/0,23562:1747647669885:,1747647683364
counter/9/0/0/0,30437:1747647673489:,1747647683364
counter/2/0/0/0,30381:1747647674396:,1747647683364
counter/7/0/0/0,26918:1747647671719:,1747647683364
counter/6/0/0/0,26853:1747647673395:,1747647683364
counter/3/0/0/0,23563:1747647669885:,1747647683364
counter/9/0/0/0,30438:1747647673489:,1747647683364
counter/2/0/0/0,30382:1747647674396:,1747647683364
counter/7/0/0/0,26919:1747647671719:,1747647683364
counter/6/0/0/0,26854:1747647673395:,1747647683365
counter/3/0/0/0,23564:1747647669885:,1747647683365
counter/9/0/0/0,30439:1747647673498:,1747647683365
counter/2/0/0/0,30383:1747647674397:,1747647683365
counter/7/0/0/0,26920:1747647671719:,1747647683365
counter/6/0/0/0,26855:1747647673395:,1747647683365
counter/3/0/0/0,23565:1747647669885:,1747647683365
counter/9/0/0/0,30440:1747647673498:,1747647683365
counter/2/0/0/0,30384:1747647674397:,1747647683365
counter/7/0/0/0,26921:1747647671719:,1747647683365
counter/6/0/0/0,26856:1747647673396:,1747647683365
counter/3/0/0/0,23566:1747647669885:,1747647683365
counter/9/0/0/0,30441:1747647673498:,1747647683365
counter/2/0/0/0,30385:1747647674397:,1747647683365
counter/7/0/0/0,26922:1747647671719:,1747647683365
counter/6/0/0/0,26857:1747647673396:,1747647683365
counter/3/0/0/0,23567:1747647669885:,1747647683365
counter/9/0/0/0,30442:1747647673498:,1747647683365
counter/2/0/0/0,30386:1747647674397:,1747647683365
counter/7/0/0/0,26923:1747647671719:,1747647683365
counter/6/0/0/0,26858:1747647673396:,1747647683365
counter/3/0/0/0,23568:1747647669885:,1747647683365
counter/9/0/0/0,30443:1747647673498:,1747647683365
counter/2/0/0/0,30387:1747647674402:,1747647683365
counter/7/0/0/0,26924:1747647671719:,1747647683365
counter/6/0/0/0,26859:1747647673396:,1747647683365
counter/3/0/0/0,23569:1747647669885:,1747647683365
counter/9/0/0/0,30444:1747647673506:,1747647683365
counter/2/0/0/0,30388:1747647674402:,1747647683365
counter/7/0/0/0,26925:1747647671719:,1747647683365
counter/6/0/0/0,26860:1747647673396:,1747647683365
counter/3/0/0/0,23570:1747647669885:,1747647683365
counter/9/0/0/0,30445:1747647673506:,1747647683365
counter/2/0/0/0,30389:1747647674402:,1747647683365
counter/7/0/0/0,26926:1747647671719:,1747647683365
counter/6/0/0/0,26861:1747647673396:,1747647683365
counter/3/0/0/0,23571:1747647669885:,1747647683365
counter/9/0/0/0,30446:1747647673507:,1747647683365
counter/2/0/0/0,30390:1747647674402:,1747647683365
counter/7/0/0/0,26927:1747647671719:,1747647683365
counter/6/0/0/0,26862:1747647673396:,1747647683365
counter/3/0/0/0,23572:1747647669885:,1747647683365
counter/9/0/0/0,30447:1747647673507:,1747647683365
counter/2/0/0/0,30391:1747647674402:,1747647683365
counter/7/0/0/0,26928:1747647671733:,1747647683366
counter/6/0/0/0,26863:1747647673396:,1747647683366
counter/3/0/0/0,23573:1747647669885:,1747647683366
counter/9/0/0/0,30448:1747647673507:,1747647683366
counter/2/0/0/0,30392:1747647674402:,1747647683366
counter/7/0/0/0,26929:1747647671733:,1747647683366
counter/6/0/0/0,26864:1747647673397:,1747647683366
counter/3/0/0/0,23574:1747647669885:,1747647683366
counter/9/0/0/0,30449:1747647673507:,1747647683366
counter/2/0/0/0,30393:1747647674402:,1747647683366
counter/7/0/0/0,26930:1747647671733:,1747647683366
counter/6/0/0/0,26865:1747647673397:,1747647683366
counter/3/0/0/0,23575:1747647669885:,1747647683366
counter/9/0/0/0,30450:1747647673507:,1747647683366
counter/2/0/0/0,30394:1747647674402:,1747647683366
counter/7/0/0/0,26931:1747647671734:,1747647683366
counter/6/0/0/0,26866:1747647673397:,1747647683366
counter/3/0/0/0,23576:1747647669885:,1747647683366
counter/9/0/0/0,30451:1747647673507:,1747647683366
counter/2/0/0/0,30395:1747647674402:,1747647683366
counter/7/0/0/0,26932:1747647671734:,1747647683366
counter/6/0/0/0,26867:1747647673397:,1747647683366
counter/3/0/0/0,23577:1747647669885:,1747647683366
counter/9/0/0/0,30452:1747647673507:,1747647683366
counter/2/0/0/0,30396:1747647674403:,1747647683366
counter/7/0/0/0,26933:1747647671734:,1747647683366
counter/6/0/0/0,26868:1747647673398:,1747647683366
counter/3/0/0/0,23578:1747647669886:,1747647683366
counter/9/0/0/0,30453:1747647673507:,1747647683366
counter/2/0/0/0,30397:1747647674403:,1747647683366
counter/7/0/0/0,26934:1747647671734:,1747647683366
counter/6/0/0/0,26869:1747647673398:,1747647683366
counter/3/0/0/0,23579:1747647669886:,1747647683366
counter/9/0/0/0,30454:1747647673507:,1747647683366
counter/2/0/0/0,30398:1747647674403:,1747647683366
counter/7/0/0/0,26935:1747647671734:,1747647683366
counter/6/0/0/0,26870:1747647673398:,1747647683366
counter/3/0/0/0,23580:1747647669886:,1747647683367
counter/9/0/0/0,30455:1747647673507:,1747647683367
counter/2/0/0/0,30399:1747647674420:,1747647683367
counter/7/0/0/0,26936:1747647671734:,1747647683367
counter/6/0/0/0,26871:1747647673398:,1747647683367
counter/3/0/0/0,23581:1747647669886:,1747647683367
counter/9/0/0/0,30456:1747647673507:,1747647683367
counter/2/0/0/0,30400:1747647674426:,1747647683367
counter/7/0/0/0,26937:1747647671734:,1747647683367
counter/6/0/0/0,26872:1747647673398:,1747647683367
counter/3/0/0/0,23582:1747647669886:,1747647683367
counter/9/0/0/0,30457:1747647673508:,1747647683367
counter/2/0/0/0,30401:1747647674426:,1747647683367
counter/7/0/0/0,26938:1747647671734:,1747647683367
counter/6/0/0/0,26873:1747647673398:,1747647683367
counter/3/0/0/0,23583:1747647669886:,1747647683367
counter/9/0/0/0,30458:1747647673508:,1747647683367
counter/2/0/0/0,30402:1747647674426:,1747647683367
counter/7/0/0/0,26939:1747647671734:,1747647683367
counter/6/0/0/0,26874:1747647673398:,1747647683367
counter/3/0/0/0,23584:1747647669886:,1747647683367
counter/9/0/0/0,30459:1747647673508:,1747647683367
counter/2/0/0/0,30403:1747647674427:,1747647683367
counter/7/0/0/0,26940:1747647671734:,1747647683367
counter/6/0/0/0,26875:1747647673398:,1747647683367
counter/3/0/0/0,23585:1747647669886:,1747647683367
counter/9/0/0/0,30460:1747647673508:,1747647683367
counter/2/0/0/0,30404:1747647674427:,1747647683367
counter/7/0/0/0,26941:1747647671734:,1747647683367
counter/6/0/0/0,26876:1747647673399:,1747647683367
counter/3/0/0/0,23586:1747647669886:,1747647683367
counter/9/0/0/0,30461:1747647673508:,1747647683367
counter/2/0/0/0,30405:1747647674427:,1747647683367
counter/7/0/0/0,26942:1747647671734:,1747647683367
counter/6/0/0/0,26877:1747647673399:,1747647683367
counter/3/0/0/0,23587:1747647669886:,1747647683367
counter/9/0/0/0,30462:1747647673508:,1747647683367
counter/2/0/0/0,30406:1747647674439:,1747647683367
counter/7/0/0/0,26943:1747647671734:,1747647683367
counter/6/0/0/0,26878:1747647673399:,1747647683367
counter/3/0/0/0,23588:1747647669887:,1747647683368
counter/9/0/0/0,30463:1747647673508:,1747647683368
counter/2/0/0/0,30407:1747647674439:,1747647683368
counter/7/0/0/0,26944:1747647671741:,1747647683368
counter/6/0/0/0,26879:1747647673399:,1747647683368
counter/3/0/0/0,23589:1747647669887:,1747647683368
counter/9/0/0/0,30464:1747647673508:,1747647683368
counter/2/0/0/0,30408:1747647674439:,1747647683368
counter/7/0/0/0,26945:1747647671742:,1747647683368
counter/6/0/0/0,26880:1747647673401:,1747647683368
counter/3/0/0/0,23590:1747647669887:,1747647683368
counter/9/0/0/0,30465:1747647673508:,1747647683368
counter/2/0/0/0,30409:1747647674439:,1747647683368
counter/7/0/0/0,26946:1747647671742:,1747647683368
counter/6/0/0/0,26881:1747647673402:,1747647683368
counter/3/0/0/0,23591:1747647669887:,1747647683368
counter/9/0/0/0,30466:1747647673508:,1747647683368
counter/2/0/0/0,30410:1747647674439:,1747647683368
counter/7/0/0/0,26947:1747647671742:,1747647683368
counter/6/0/0/0,26882:1747647673403:,1747647683368
counter/3/0/0/0,23592:1747647669887:,1747647683368
counter/9/0/0/0,30467:1747647673508:,1747647683368
counter/2/0/0/0,30411:1747647674439:,1747647683368
counter/7/0/0/0,26948:1747647671742:,1747647683368
counter/6/0/0/0,26883:1747647673403:,1747647683368
counter/3/0/0/0,23593:1747647669887:,1747647683368
counter/9/0/0/0,30468:1747647673508:,1747647683368
counter/2/0/0/0,30412:1747647674439:,1747647683368
counter/7/0/0/0,26949:1747647671742:,1747647683368
counter/6/0/0/0,26884:1747647673403:,1747647683368
counter/3/0/0/0,23594:1747647669887:,1747647683368
counter/9/0/0/0,30469:1747647673508:,1747647683368
counter/2/0/0/0,30413:1747647674439:,1747647683368
counter/7/0/0/0,26950:1747647671748:,1747647683368
counter/6/0/0/0,26885:1747647673403:,1747647683368
counter/3/0/0/0,23595:1747647669893:,1747647683368
counter/10/0/0/0,24778:1747647668460:,1747647683368
counter/9/0/0/0,30470:1747647673508:,1747647683368
counter/2/0/0/0,30414:1747647674439:,1747647683368
counter/7/0/0/0,26951:1747647671748:,1747647683368
counter/6/0/0/0,26886:1747647673403:,1747647683368
counter/3/0/0/0,23596:1747647669893:,1747647683369
counter/10/0/0/0,24779:1747647668460:,1747647683369
counter/1/0/0/0,24379:1747647670778:,1747647683369
counter/9/0/0/0,30471:1747647673508:,1747647683369
counter/2/0/0/0,30415:1747647674439:,1747647683369
counter/7/0/0/0,26952:1747647671748:,1747647683369
counter/6/0/0/0,26887:1747647673404:,1747647683369
counter/3/0/0/0,23597:1747647669893:,1747647683369
counter/10/0/0/0,24780:1747647668460:,1747647683369
counter/9/0/0/0,30472:1747647673508:,1747647683369
counter/2/0/0/0,30416:1747647674439:,1747647683369
counter/7/0/0/0,26953:1747647671748:,1747647683369
counter/6/0/0/0,26888:1747647673404:,1747647683369
counter/3/0/0/0,23598:1747647669893:,1747647683369
counter/10/0/0/0,24781:1747647668460:,1747647683369
counter/9/0/0/0,30473:1747647673509:,1747647683369
counter/2/0/0/0,30417:1747647674439:,1747647683369
counter/7/0/0/0,26954:1747647671749:,1747647683369
counter/6/0/0/0,26889:1747647673404:,1747647683369
counter/3/0/0/0,23599:1747647669893:,1747647683369
counter/10/0/0/0,24782:1747647668460:,1747647683369
counter/9/0/0/0,30474:1747647673509:,1747647683369
counter/2/0/0/0,30418:1747647674439:,1747647683369
counter/7/0/0/0,26955:1747647671749:,1747647683369
counter/6/0/0/0,26890:1747647673404:,1747647683369
counter/3/0/0/0,23600:1747647669893:,1747647683369
counter/10/0/0/0,24783:1747647668460:,1747647683369
counter/9/0/0/0,30475:1747647673509:,1747647683369
counter/2/0/0/0,30419:1747647674439:,1747647683369
counter/7/0/0/0,26956:1747647671749:,1747647683369
counter/6/0/0/0,26891:1747647673404:,1747647683369
counter/3/0/0/0,23601:1747647669893:,1747647683369
counter/10/0/0/0,24784:1747647668460:,1747647683369
counter/9/0/0/0,30476:1747647673509:,1747647683369
counter/2/0/0/0,30420:1747647674439:,1747647683369
counter/7/0/0/0,26957:1747647671754:,1747647683369
counter/6/0/0/0,26892:1747647673404:,1747647683369
counter/3/0/0/0,23602:1747647669893:,1747647683369
counter/9/0/0/0,30477:1747647673509:,1747647683369
counter/2/0/0/0,30421:1747647674439:,1747647683369
counter/7/0/0/0,26958:1747647671754:,1747647683369
counter/6/0/0/0,26893:1747647673404:,1747647683369
counter/3/0/0/0,23603:1747647669894:,1747647683369
counter/9/0/0/0,30478:1747647673509:,1747647683369
counter/2/0/0/0,30422:1747647674439:,1747647683369
counter/7/0/0/0,26959:1747647671754:,1747647683369
counter/6/0/0/0,26894:1747647673404:,1747647683369
counter/3/0/0/0,23604:1747647669894:,1747647683370
counter/9/0/0/0,30479:1747647673509:,1747647683370
counter/2/0/0/0,30423:1747647674439:,1747647683370
counter/7/0/0/0,26960:1747647671755:,1747647683370
counter/6/0/0/0,26895:1747647673404:,1747647683370
counter/3/0/0/0,23605:1747647669894:,1747647683370
counter/9/0/0/0,30480:1747647673509:,1747647683370
counter/2/0/0/0,30424:1747647674440:,1747647683370
counter/7/0/0/0,26961:1747647671755:,1747647683370
counter/6/0/0/0,26896:1747647673404:,1747647683370
counter/3/0/0/0,23606:1747647669903:,1747647683370
counter/9/0/0/0,30481:1747647673509:,1747647683370
counter/2/0/0/0,30425:1747647674440:,1747647683370
counter/7/0/0/0,26962:1747647671755:,1747647683370
counter/6/0/0/0,26897:1747647673404:,1747647683370
counter/3/0/0/0,23607:1747647669903:,1747647683370
counter/9/0/0/0,30482:1747647673509:,1747647683370
counter/2/0/0/0,30426:1747647674440:,1747647683370
counter/7/0/0/0,26963:1747647671755:,1747647683370
counter/6/0/0/0,26898:1747647673404:,1747647683370
counter/3/0/0/0,23608:1747647669903:,1747647683370
counter/9/0/0/0,30483:1747647673510:,1747647683370
counter/2/0/0/0,30427:1747647674446:,1747647683370
counter/7/0/0/0,26964:1747647671755:,1747647683370
counter/6/0/0/0,26899:1747647673404:,1747647683370
counter/3/0/0/0,23609:1747647669903:,1747647683370
counter/9/0/0/0,30484:1747647673510:,1747647683370
counter/2/0/0/0,30428:1747647674446:,1747647683370
counter/7/0/0/0,26965:1747647671755:,1747647683370
counter/6/0/0/0,26900:1747647673404:,1747647683370
counter/3/0/0/0,23610:1747647669903:,1747647683370
counter/9/0/0/0,30485:1747647673510:,1747647683370
counter/2/0/0/0,30429:1747647674446:,1747647683370
counter/7/0/0/0,26966:1747647671755:,1747647683370
counter/6/0/0/0,26901:1747647673405:,1747647683370
counter/3/0/0/0,23611:1747647669903:,1747647683370
counter/9/0/0/0,30486:1747647673510:,1747647683370
counter/2/0/0/0,30430:1747647674446:,1747647683370
counter/7/0/0/0,26967:1747647671755:,1747647683370
counter/6/0/0/0,26902:1747647673405:,1747647683370
counter/3/0/0/0,23612:1747647669903:,1747647683370
counter/9/0/0/0,30487:1747647673510:,1747647683370
counter/2/0/0/0,30431:1747647674446:,1747647683370
counter/7/0/0/0,26968:1747647671756:,1747647683371
counter/6/0/0/0,26903:1747647673405:,1747647683371
counter/3/0/0/0,23613:1747647669905:,1747647683371
counter/9/0/0/0,30488:1747647673510:,1747647683371
counter/2/0/0/0,30432:1747647674446:,1747647683371
counter/7/0/0/0,26969:1747647671756:,1747647683371
counter/6/0/0/0,26904:1747647673405:,1747647683371
counter/3/0/0/0,23614:1747647669905:,1747647683371
counter/9/0/0/0,30489:1747647673510:,1747647683371
counter/2/0/0/0,30433:1747647674446:,1747647683371
counter/7/0/0/0,26970:1747647671756:,1747647683371
counter/6/0/0/0,26905:1747647673405:,1747647683371
counter/3/0/0/0,23615:1747647669905:,1747647683371
counter/9/0/0/0,30490:1747647673510:,1747647683371
counter/2/0/0/0,30434:1747647674446:,1747647683371
counter/7/0/0/0,26971:1747647671756:,1747647683371
counter/6/0/0/0,26906:1747647673405:,1747647683371
counter/3/0/0/0,23616:1747647669905:,1747647683371
counter/9/0/0/0,30491:1747647673510:,1747647683371
counter/2/0/0/0,30435:1747647674446:,1747647683371
counter/7/0/0/0,26972:1747647671756:,1747647683371
counter/6/0/0/0,26907:1747647673405:,1747647683371
counter/3/0/0/0,23617:1747647669905:,1747647683371
counter/9/0/0/0,30492:1747647673510:,1747647683371
counter/2/0/0/0,30436:1747647674446:,1747647683371
counter/7/0/0/0,26973:1747647671756:,1747647683371
counter/6/0/0/0,26908:1747647673405:,1747647683371
counter/3/0/0/0,23618:1747647669905:,1747647683371
counter/9/0/0/0,30493:1747647673510:,1747647683371
counter/2/0/0/0,30437:1747647674446:,1747647683371
counter/7/0/0/0,26974:1747647671756:,1747647683371
counter/6/0/0/0,26909:1747647673405:,1747647683371
counter/3/0/0/0,23619:1747647669905:,1747647683371
counter/9/0/0/0,30494:1747647673510:,1747647683371
counter/2/0/0/0,30438:1747647674446:,1747647683371
counter/7/0/0/0,26975:1747647671756:,1747647683371
counter/6/0/0/0,26910:1747647673405:,1747647683372
counter/3/0/0/0,23620:1747647669905:,1747647683372
counter/9/0/0/0,30495:1747647673510:,1747647683372
counter/2/0/0/0,30439:1747647674446:,1747647683372
counter/7/0/0/0,26976:1747647671756:,1747647683372
counter/6/0/0/0,26911:1747647673405:,1747647683372
counter/3/0/0/0,23621:1747647669905:,1747647683372
counter/9/0/0/0,30496:1747647673531:,1747647683372
counter/2/0/0/0,30440:1747647674446:,1747647683372
counter/7/0/0/0,26977:1747647671756:,1747647683372
counter/6/0/0/0,26912:1747647673405:,1747647683372
counter/3/0/0/0,23622:1747647669905:,1747647683372
counter/9/0/0/0,30497:1747647673531:,1747647683372
counter/2/0/0/0,30441:1747647674446:,1747647683372
counter/7/0/0/0,26978:1747647671756:,1747647683372
counter/6/0/0/0,26913:1747647673405:,1747647683372
counter/3/0/0/0,23623:1747647669905:,1747647683372
counter/9/0/0/0,30498:1747647673531:,1747647683372
counter/2/0/0/0,30442:1747647674448:,1747647683372
counter/7/0/0/0,26979:1747647671756:,1747647683372
counter/6/0/0/0,26914:1747647673405:,1747647683372
counter/3/0/0/0,23624:1747647669905:,1747647683372
counter/9/0/0/0,30499:1747647673531:,1747647683372
counter/2/0/0/0,30443:1747647674448:,1747647683372
counter/7/0/0/0,26980:1747647671756:,1747647683372
counter/6/0/0/0,26915:1747647673408:,1747647683372
counter/3/0/0/0,23625:1747647669905:,1747647683372
counter/9/0/0/0,30500:1747647673532:,1747647683372
counter/2/0/0/0,30444:1747647674448:,1747647683372
counter/7/0/0/0,26981:1747647671756:,1747647683372
counter/6/0/0/0,26916:1747647673408:,1747647683372
counter/3/0/0/0,23626:1747647669905:,1747647683372
counter/9/0/0/0,30501:1747647673532:,1747647683372
counter/2/0/0/0,30445:1747647674448:,1747647683372
counter/7/0/0/0,26982:1747647671756:,1747647683372
counter/6/0/0/0,26917:1747647673408:,1747647683372
counter/3/0/0/0,23627:1747647669905:,1747647683372
counter/9/0/0/0,30502:1747647673532:,1747647683372
counter/2/0/0/0,30446:1747647674448:,1747647683372
counter/7/0/0/0,26983:1747647671756:,1747647683372
counter/6/0/0/0,26918:1747647673409:,1747647683372
counter/3/0/0/0,23628:1747647669911:,1747647683372
counter/9/0/0/0,30503:1747647673532:,1747647683372
counter/2/0/0/0,30447:1747647674449:,1747647683372
counter/7/0/0/0,26984:1747647671756:,1747647683372
counter/6/0/0/0,26919:1747647673409:,1747647683372
counter/3/0/0/0,23629:1747647669911:,1747647683372
counter/9/0/0/0,30504:1747647673532:,1747647683372
counter/2/0/0/0,30448:1747647674449:,1747647683373
counter/7/0/0/0,26985:1747647671756:,1747647683373
counter/6/0/0/0,26920:1747647673409:,1747647683373
counter/9/0/0/0,30505:1747647673532:,1747647683373
counter/2/0/0/0,30449:1747647674449:,1747647683373
counter/7/0/0/0,26986:1747647671758:,1747647683373
counter/6/0/0/0,26921:1747647673409:,1747647683373
counter/9/0/0/0,30506:1747647673532:,1747647683373
counter/2/0/0/0,30450:1747647674449:,1747647683373
counter/7/0/0/0,26987:1747647671762:,1747647683373
counter/6/0/0/0,26922:1747647673409:,1747647683373
counter/9/0/0/0,30507:1747647673532:,1747647683373
counter/2/0/0/0,30451:1747647674449:,1747647683373
counter/7/0/0/0,26988:1747647671764:,1747647683373
counter/6/0/0/0,26923:1747647673409:,1747647683373
counter/9/0/0/0,30508:1747647673532:,1747647683373
counter/2/0/0/0,30452:1747647674449:,1747647683373
counter/7/0/0/0,26989:1747647671764:,1747647683373
counter/6/0/0/0,26924:1747647673409:,1747647683373
counter/9/0/0/0,30509:1747647673532:,1747647683373
counter/2/0/0/0,30453:1747647674449:,1747647683373
counter/7/0/0/0,26990:1747647671764:,1747647683373
counter/6/0/0/0,26925:1747647673409:,1747647683373
counter/9/0/0/0,30510:1747647673532:,1747647683373
counter/2/0/0/0,30454:1747647674449:,1747647683373
counter/7/0/0/0,26991:1747647671764:,1747647683373
counter/6/0/0/0,26926:1747647673409:,1747647683373
counter/9/0/0/0,30511:1747647673535:,1747647683373
counter/2/0/0/0,30455:1747647674449:,1747647683373
counter/7/0/0/0,26992:1747647671764:,1747647683373
counter/6/0/0/0,26927:1747647673409:,1747647683373
counter/9/0/0/0,30512:1747647673535:,1747647683373
counter/2/0/0/0,30456:1747647674449:,1747647683373
counter/7/0/0/0,26993:1747647671764:,1747647683373
counter/6/0/0/0,26928:1747647673409:,1747647683373
counter/9/0/0/0,30513:1747647673535:,1747647683373
counter/2/0/0/0,30457:1747647674449:,1747647683373
counter/7/0/0/0,26994:1747647671764:,1747647683373
counter/9/0/0/0,30514:1747647673536:,1747647683373
counter/2/0/0/0,30458:1747647674449:,1747647683373
counter/7/0/0/0,26995:1747647671764:,1747647683374
counter/6/0/0/0,26929:1747647673409:,1747647683374
counter/4/0/0/0,23075:1747647669939:,1747647683374
counter/9/0/0/0,30515:1747647673543:,1747647683374
counter/2/0/0/0,30459:1747647674449:,1747647683374
counter/7/0/0/0,26996:1747647671764:,1747647683374
counter/6/0/0/0,26930:1747647673409:,1747647683374
counter/3/0/0/0,23630:1747647669911:,1747647683374
counter/5/0/0/0,27209:1747647671792:,1747647683374
counter/9/0/0/0,30516:1747647673543:,1747647683374
counter/2/0/0/0,30460:1747647674449:,1747647683374
counter/7/0/0/0,26997:1747647671764:,1747647683374
counter/6/0/0/0,26931:1747647673412:,1747647683374
counter/9/0/0/0,30517:1747647673543:,1747647683374
counter/2/0/0/0,30461:1747647674449:,1747647683374
counter/7/0/0/0,26998:1747647671764:,1747647683374
counter/6/0/0/0,26932:1747647673412:,1747647683374
counter/9/0/0/0,30518:1747647673543:,1747647683374
counter/2/0/0/0,30462:1747647674449:,1747647683374
counter/7/0/0/0,26999:1747647671764:,1747647683374
counter/6/0/0/0,26933:1747647673412:,1747647683374
counter/9/0/0/0,30519:1747647673543:,1747647683374
counter/2/0/0/0,30463:1747647674449:,1747647683374
counter/7/0/0/0,27000:1747647671764:,1747647683374
counter/6/0/0/0,26934:1747647673412:,1747647683374
counter/10/0/0/0,24785:1747647668461:,1747647683374
counter/4/0/0/0,23076:1747647669939:,1747647683374
counter/9/0/0/0,30520:1747647673543:,1747647683374
counter/2/0/0/0,30464:1747647674449:,1747647683374
counter/7/0/0/0,27001:1747647671764:,1747647683374
counter/6/0/0/0,26935:1747647673412:,1747647683374
counter/9/0/0/0,30521:1747647673543:,1747647683374
counter/2/0/0/0,30465:1747647674449:,1747647683374
counter/7/0/0/0,27002:1747647671764:,1747647683374
counter/6/0/0/0,26936:1747647673412:,1747647683374
counter/9/0/0/0,30522:1747647673543:,1747647683374
counter/2/0/0/0,30466:1747647674451:,1747647683374
counter/7/0/0/0,27003:1747647671764:,1747647683374
counter/6/0/0/0,26937:1747647673412:,1747647683374
counter/3/0/0/0,23631:1747647669911:,1747647683374
counter/9/0/0/0,30523:1747647673543:,1747647683374
counter/2/0/0/0,30467:1747647674451:,1747647683374
counter/7/0/0/0,27004:1747647671764:,1747647683374
counter/6/0/0/0,26938:1747647673412:,1747647683374
counter/3/0/0/0,23632:1747647669911:,1747647683375
counter/10/0/0/0,24786:1747647668461:,1747647683375
counter/9/0/0/0,30524:1747647673543:,1747647683375
counter/2/0/0/0,30468:1747647674451:,1747647683375
counter/7/0/0/0,27005:1747647671766:,1747647683375
counter/6/0/0/0,26939:1747647673412:,1747647683375
counter/4/0/0/0,23077:1747647669939:,1747647683375
counter/9/0/0/0,30525:1747647673543:,1747647683375
counter/2/0/0/0,30469:1747647674451:,1747647683375
counter/7/0/0/0,27006:1747647671766:,1747647683375
counter/6/0/0/0,26940:1747647673412:,1747647683375
counter/4/0/0/0,23078:1747647669939:,1747647683375
counter/9/0/0/0,30526:1747647673543:,1747647683375
counter/2/0/0/0,30470:1747647674451:,1747647683375
counter/6/0/0/0,26941:1747647673412:,1747647683375
counter/4/0/0/0,23079:1747647669939:,1747647683375
counter/9/0/0/0,30527:1747647673543:,1747647683375
counter/2/0/0/0,30471:1747647674452:,1747647683375
counter/6/0/0/0,26942:1747647673412:,1747647683375
counter/4/0/0/0,23080:1747647669939:,1747647683375
counter/9/0/0/0,30528:1747647673543:,1747647683375
counter/2/0/0/0,30472:1747647674452:,1747647683375
counter/6/0/0/0,26943:1747647673412:,1747647683375
counter/4/0/0/0,23081:1747647669939:,1747647683375
counter/5/0/0/0,27210:1747647671792:,1747647683375
counter/10/0/0/0,24787:1747647668461:,1747647683375
counter/7/0/0/0,27007:1747647671766:,1747647683375
counter/9/0/0/0,30529:1747647673543:,1747647683375
counter/2/0/0/0,30473:1747647674452:,1747647683375
counter/6/0/0/0,26944:1747647673412:,1747647683375
counter/4/0/0/0,23082:1747647669939:,1747647683375
counter/3/0/0/0,23633:1747647669911:,1747647683375
counter/9/0/0/0,30530:1747647673543:,1747647683375
counter/2/0/0/0,30474:1747647674452:,1747647683375
counter/6/0/0/0,26945:1747647673412:,1747647683375
counter/4/0/0/0,23083:1747647669939:,1747647683375
counter/9/0/0/0,30531:1747647673543:,1747647683375
counter/2/0/0/0,30475:1747647674452:,1747647683375
counter/6/0/0/0,26946:1747647673412:,1747647683375
counter/4/0/0/0,23084:1747647669939:,1747647683375
counter/9/0/0/0,30532:1747647673543:,1747647683375
counter/2/0/0/0,30476:1747647674452:,1747647683376
counter/6/0/0/0,26947:1747647673412:,1747647683376
counter/4/0/0/0,23085:1747647669939:,1747647683376
counter/9/0/0/0,30533:1747647673543:,1747647683376
counter/2/0/0/0,30477:1747647674452:,1747647683376
counter/6/0/0/0,26948:1747647673413:,1747647683376
counter/4/0/0/0,23086:1747647669945:,1747647683376
counter/9/0/0/0,30534:1747647673544:,1747647683376
counter/2/0/0/0,30478:1747647674452:,1747647683376
counter/6/0/0/0,26949:1747647673413:,1747647683376
counter/4/0/0/0,23087:1747647669945:,1747647683376
counter/9/0/0/0,30535:1747647673544:,1747647683376
counter/2/0/0/0,30479:1747647674452:,1747647683376
counter/6/0/0/0,26950:1747647673413:,1747647683376
counter/4/0/0/0,23088:1747647669945:,1747647683376
counter/9/0/0/0,30536:1747647673544:,1747647683376
counter/2/0/0/0,30480:1747647674452:,1747647683376
counter/6/0/0/0,26951:1747647673413:,1747647683376
counter/4/0/0/0,23089:1747647669945:,1747647683376
counter/9/0/0/0,30537:1747647673544:,1747647683376
counter/2/0/0/0,30481:1747647674452:,1747647683376
counter/6/0/0/0,26952:1747647673413:,1747647683376
counter/4/0/0/0,23090:1747647669945:,1747647683376
counter/9/0/0/0,30538:1747647673544:,1747647683376
counter/2/0/0/0,30482:1747647674452:,1747647683376
counter/6/0/0/0,26953:1747647673413:,1747647683376
counter/9/0/0/0,30539:1747647673544:,1747647683376
counter/2/0/0/0,30483:1747647674452:,1747647683376
counter/6/0/0/0,26954:1747647673413:,1747647683376
counter/9/0/0/0,30540:1747647673544:,1747647683376
counter/2/0/0/0,30484:1747647674452:,1747647683376
counter/6/0/0/0,26955:1747647673413:,1747647683376
counter/9/0/0/0,30541:1747647673544:,1747647683376
counter/2/0/0/0,30485:1747647674452:,1747647683376
counter/6/0/0/0,26956:1747647673413:,1747647683376
counter/9/0/0/0,30542:1747647673544:,1747647683376
counter/2/0/0/0,30486:1747647674452:,1747647683376
counter/6/0/0/0,26957:1747647673413:,1747647683376
counter/10/0/0/0,24788:1747647668461:,1747647683376
counter/8/0/0/0,27910:1747647671583:,1747647683376
counter/9/0/0/0,30543:1747647673544:,1747647683376
counter/2/0/0/0,30487:1747647674452:,1747647683376
counter/6/0/0/0,26958:1747647673413:,1747647683376
counter/3/0/0/0,23634:1747647669911:,1747647683376
counter/4/0/0/0,23091:1747647669945:,1747647683376
counter/9/0/0/0,30544:1747647673544:,1747647683376
counter/2/0/0/0,30488:1747647674452:,1747647683377
counter/6/0/0/0,26959:1747647673413:,1747647683377
counter/9/0/0/0,30545:1747647673544:,1747647683377
counter/2/0/0/0,30489:1747647674452:,1747647683377
counter/6/0/0/0,26960:1747647673413:,1747647683377
counter/9/0/0/0,30546:1747647673561:,1747647683377
counter/2/0/0/0,30490:1747647674452:,1747647683377
counter/6/0/0/0,26961:1747647673413:,1747647683377
counter/9/0/0/0,30547:1747647673561:,1747647683377
counter/2/0/0/0,30491:1747647674452:,1747647683377
counter/6/0/0/0,26962:1747647673413:,1747647683377
counter/9/0/0/0,30548:1747647673561:,1747647683377
counter/2/0/0/0,30492:1747647674452:,1747647683377
counter/6/0/0/0,26963:1747647673413:,1747647683377
counter/9/0/0/0,30549:1747647673561:,1747647683377
counter/2/0/0/0,30493:1747647674452:,1747647683377
counter/6/0/0/0,26964:1747647673413:,1747647683377
counter/9/0/0/0,30550:1747647673561:,1747647683377
counter/2/0/0/0,30494:1747647674452:,1747647683377
counter/6/0/0/0,26965:1747647673413:,1747647683377
counter/9/0/0/0,30551:1747647673561:,1747647683377
counter/2/0/0/0,30495:1747647674452:,1747647683377
counter/6/0/0/0,26966:1747647673413:,1747647683377
counter/9/0/0/0,30552:1747647673561:,1747647683377
counter/2/0/0/0,30496:1747647674452:,1747647683377
counter/6/0/0/0,26967:1747647673413:,1747647683377
counter/9/0/0/0,30553:1747647673561:,1747647683377
counter/2/0/0/0,30497:1747647674454:,1747647683377
counter/6/0/0/0,26968:1747647673413:,1747647683377
counter/9/0/0/0,30554:1747647673561:,1747647683377
counter/2/0/0/0,30498:1747647674460:,1747647683377
counter/6/0/0/0,26969:1747647673413:,1747647683377
counter/9/0/0/0,30555:1747647673561:,1747647683377
counter/2/0/0/0,30499:1747647674460:,1747647683377
counter/6/0/0/0,26970:1747647673413:,1747647683377
counter/9/0/0/0,30556:1747647673561:,1747647683377
counter/2/0/0/0,30500:1747647674460:,1747647683377
counter/6/0/0/0,26971:1747647673413:,1747647683377
counter/9/0/0/0,30557:1747647673561:,1747647683377
counter/2/0/0/0,30501:1747647674460:,1747647683377
counter/6/0/0/0,26972:1747647673413:,1747647683377
counter/9/0/0/0,30558:1747647673561:,1747647683378
counter/2/0/0/0,30502:1747647674460:,1747647683378
counter/6/0/0/0,26973:1747647673414:,1747647683378
counter/9/0/0/0,30559:1747647673561:,1747647683378
counter/2/0/0/0,30503:1747647674460:,1747647683378
counter/6/0/0/0,26974:1747647673414:,1747647683378
counter/9/0/0/0,30560:1747647673561:,1747647683378
counter/2/0/0/0,30504:1747647674460:,1747647683378
counter/6/0/0/0,26975:1747647673414:,1747647683378
counter/9/0/0/0,30561:1747647673561:,1747647683378
counter/2/0/0/0,30505:1747647674460:,1747647683378
counter/6/0/0/0,26976:1747647673414:,1747647683378
counter/9/0/0/0,30562:1747647673561:,1747647683378
counter/2/0/0/0,30506:1747647674468:,1747647683378
counter/6/0/0/0,26977:1747647673414:,1747647683378
counter/9/0/0/0,30563:1747647673561:,1747647683378
counter/2/0/0/0,30507:1747647674483:,1747647683378
counter/6/0/0/0,26978:1747647673414:,1747647683378
counter/9/0/0/0,30564:1747647673561:,1747647683378
counter/2/0/0/0,30508:1747647674483:,1747647683378
counter/6/0/0/0,26979:1747647673414:,1747647683378
counter/9/0/0/0,30565:1747647673561:,1747647683378
counter/2/0/0/0,30509:1747647674483:,1747647683378
counter/6/0/0/0,26980:1747647673414:,1747647683378
counter/9/0/0/0,30566:1747647673562:,1747647683378
counter/2/0/0/0,30510:1747647674483:,1747647683378
counter/6/0/0/0,26981:1747647673414:,1747647683378
counter/9/0/0/0,30567:1747647673562:,1747647683378
counter/2/0/0/0,30511:1747647674483:,1747647683378
counter/6/0/0/0,26982:1747647673414:,1747647683378
counter/9/0/0/0,30568:1747647673562:,1747647683378
counter/2/0/0/0,30512:1747647674483:,1747647683378
counter/6/0/0/0,26983:1747647673414:,1747647683378
counter/9/0/0/0,30569:1747647673562:,1747647683378
counter/2/0/0/0,30513:1747647674483:,1747647683378
counter/6/0/0/0,26984:1747647673414:,1747647683378
counter/9/0/0/0,30570:1747647673562:,1747647683378
counter/2/0/0/0,30514:1747647674483:,1747647683378
counter/6/0/0/0,26985:1747647673414:,1747647683378
counter/9/0/0/0,30571:1747647673563:,1747647683378
counter/2/0/0/0,30515:1747647674483:,1747647683378
counter/6/0/0/0,26986:1747647673414:,1747647683379
counter/5/0/0/0,27211:1747647671792:,1747647683379
counter/10/0/0/0,24789:1747647668461:,1747647683379
counter/9/0/0/0,30572:1747647673563:,1747647683379
counter/2/0/0/0,30516:1747647674483:,1747647683379
counter/6/0/0/0,26987:1747647673414:,1747647683379
counter/7/0/0/0,27008:1747647671767:,1747647683379
counter/8/0/0/0,27911:1747647671583:,1747647683379
counter/3/0/0/0,23635:1747647669911:,1747647683379
counter/4/0/0/0,23092:1747647669946:,1747647683379
counter/9/0/0/0,30573:1747647673563:,1747647683379
counter/2/0/0/0,30517:1747647674483:,1747647683379
counter/6/0/0/0,26988:1747647673414:,1747647683379
counter/1/0/0/0,24380:1747647670778:,1747647683379
counter/9/0/0/0,30574:1747647673563:,1747647683379
counter/2/0/0/0,30518:1747647674483:,1747647683379
counter/6/0/0/0,26989:1747647673414:,1747647683379
counter/9/0/0/0,30575:1747647673563:,1747647683379
counter/2/0/0/0,30519:1747647674483:,1747647683379
counter/6/0/0/0,26990:1747647673414:,1747647683379
counter/9/0/0/0,30576:1747647673563:,1747647683379
counter/2/0/0/0,30520:1747647674483:,1747647683379
counter/6/0/0/0,26991:1747647673414:,1747647683379
counter/9/0/0/0,30577:1747647673563:,1747647683379
counter/2/0/0/0,30521:1747647674483:,1747647683379
counter/6/0/0/0,26992:1747647673414:,1747647683379
counter/10/0/0/0,24790:1747647668461:,1747647683379
counter/8/0/0/0,27912:1747647671583:,1747647683379
counter/9/0/0/0,30578:1747647673563:,1747647683379
counter/2/0/0/0,30522:1747647674483:,1747647683379
counter/6/0/0/0,26993:1747647673414:,1747647683379
counter/9/0/0/0,30579:1747647673571:,1747647683379
counter/2/0/0/0,30523:1747647674484:,1747647683379
counter/6/0/0/0,26994:1747647673415:,1747647683379
counter/9/0/0/0,30580:1747647673571:,1747647683379
counter/2/0/0/0,30524:1747647674484:,1747647683379
counter/6/0/0/0,26995:1747647673415:,1747647683379
counter/9/0/0/0,30581:1747647673571:,1747647683379
counter/2/0/0/0,30525:1747647674484:,1747647683379
counter/6/0/0/0,26996:1747647673415:,1747647683379
counter/9/0/0/0,30582:1747647673571:,1747647683379
counter/2/0/0/0,30526:1747647674484:,1747647683379
counter/6/0/0/0,26997:1747647673415:,1747647683379
counter/9/0/0/0,30583:1747647673571:,1747647683379
counter/2/0/0/0,30527:1747647674484:,1747647683380
counter/6/0/0/0,26998:1747647673418:,1747647683380
counter/9/0/0/0,30584:1747647673571:,1747647683380
counter/2/0/0/0,30528:1747647674484:,1747647683380
counter/6/0/0/0,26999:1747647673421:,1747647683380
counter/9/0/0/0,30585:1747647673571:,1747647683380
counter/2/0/0/0,30529:1747647674484:,1747647683380
counter/6/0/0/0,27000:1747647673421:,1747647683380
counter/9/0/0/0,30586:1747647673574:,1747647683380
counter/2/0/0/0,30530:1747647674484:,1747647683380
counter/6/0/0/0,27001:1747647673421:,1747647683380
counter/9/0/0/0,30587:1747647673574:,1747647683380
counter/2/0/0/0,30531:1747647674485:,1747647683380
counter/6/0/0/0,27002:1747647673421:,1747647683380
counter/9/0/0/0,30588:1747647673574:,1747647683380
counter/2/0/0/0,30532:1747647674485:,1747647683380
counter/6/0/0/0,27003:1747647673421:,1747647683380
counter/9/0/0/0,30589:1747647673574:,1747647683380
counter/2/0/0/0,30533:1747647674485:,1747647683380
counter/6/0/0/0,27004:1747647673421:,1747647683380
counter/9/0/0/0,30590:1747647673574:,1747647683380
counter/2/0/0/0,30534:1747647674486:,1747647683380
counter/6/0/0/0,27005:1747647673421:,1747647683380
counter/9/0/0/0,30591:1747647673574:,1747647683380
counter/2/0/0/0,30535:1747647674486:,1747647683380
counter/6/0/0/0,27006:1747647673421:,1747647683380
counter/9/0/0/0,30592:1747647673574:,1747647683380
counter/2/0/0/0,30536:1747647674486:,1747647683380
counter/6/0/0/0,27007:1747647673421:,1747647683380
counter/9/0/0/0,30593:1747647673574:,1747647683380
counter/2/0/0/0,30537:1747647674486:,1747647683380
counter/6/0/0/0,27008:1747647673421:,1747647683380
counter/9/0/0/0,30594:1747647673574:,1747647683380
counter/2/0/0/0,30538:1747647674487:,1747647683380
counter/6/0/0/0,27009:1747647673421:,1747647683380
counter/9/0/0/0,30595:1747647673574:,1747647683380
counter/2/0/0/0,30539:1747647674487:,1747647683380
counter/6/0/0/0,27010:1747647673421:,1747647683380
counter/9/0/0/0,30596:1747647673574:,1747647683380
counter/2/0/0/0,30540:1747647674487:,1747647683380
counter/6/0/0/0,27011:1747647673422:,1747647683380
counter/9/0/0/0,30597:1747647673574:,1747647683380
counter/2/0/0/0,30541:1747647674487:,1747647683380
counter/6/0/0/0,27012:1747647673422:,1747647683380
counter/9/0/0/0,30598:1747647673575:,1747647683380
counter/2/0/0/0,30542:1747647674487:,1747647683381
counter/6/0/0/0,27013:1747647673422:,1747647683381
counter/9/0/0/0,30599:1747647673575:,1747647683381
counter/2/0/0/0,30543:1747647674487:,1747647683381
counter/6/0/0/0,27014:1747647673422:,1747647683381
counter/9/0/0/0,30600:1747647673575:,1747647683381
counter/2/0/0/0,30544:1747647674487:,1747647683381
counter/6/0/0/0,27015:1747647673422:,1747647683381
counter/9/0/0/0,30601:1747647673575:,1747647683381
counter/2/0/0/0,30545:1747647674487:,1747647683381
counter/6/0/0/0,27016:1747647673422:,1747647683381
counter/9/0/0/0,30602:1747647673575:,1747647683381
counter/2/0/0/0,30546:1747647674488:,1747647683381
counter/6/0/0/0,27017:1747647673422:,1747647683381
counter/9/0/0/0,30603:1747647673575:,1747647683381
counter/2/0/0/0,30547:1747647674489:,1747647683381
counter/6/0/0/0,27018:1747647673433:,1747647683381
counter/9/0/0/0,30604:1747647673575:,1747647683381
counter/2/0/0/0,30548:1747647674489:,1747647683381
counter/6/0/0/0,27019:1747647673433:,1747647683381
counter/9/0/0/0,30605:1747647673575:,1747647683381
counter/2/0/0/0,30549:1747647674489:,1747647683381
counter/6/0/0/0,27020:1747647673433:,1747647683381
counter/9/0/0/0,30606:1747647673575:,1747647683381
counter/2/0/0/0,30550:1747647674489:,1747647683381
counter/6/0/0/0,27021:1747647673433:,1747647683381
counter/9/0/0/0,30607:1747647673575:,1747647683381
counter/2/0/0/0,30551:1747647674489:,1747647683381
counter/6/0/0/0,27022:1747647673433:,1747647683381
counter/9/0/0/0,30608:1747647673575:,1747647683381
counter/2/0/0/0,30552:1747647674489:,1747647683381
counter/6/0/0/0,27023:1747647673433:,1747647683381
counter/9/0/0/0,30609:1747647673575:,1747647683381
counter/2/0/0/0,30553:1747647674489:,1747647683381
counter/6/0/0/0,27024:1747647673433:,1747647683381
counter/5/0/0/0,27212:1747647671792:,1747647683381
counter/4/0/0/0,23093:1747647669946:,1747647683381
counter/9/0/0/0,30610:1747647673575:,1747647683381
counter/2/0/0/0,30554:1747647674489:,1747647683381
counter/6/0/0/0,27025:1747647673433:,1747647683381
counter/8/0/0/0,27913:1747647671583:,1747647683381
counter/10/0/0/0,24791:1747647668461:,1747647683381
counter/3/0/0/0,23636:1747647669911:,1747647683381
counter/1/0/0/0,24381:1747647670778:,1747647683382
counter/9/0/0/0,30611:1747647673575:,1747647683382
counter/2/0/0/0,30555:1747647674489:,1747647683382
counter/6/0/0/0,27026:1747647673433:,1747647683382
counter/1/0/0/0,24382:1747647670778:,1747647683382
counter/9/0/0/0,30612:1747647673575:,1747647683382
counter/2/0/0/0,30556:1747647674489:,1747647683382
counter/6/0/0/0,27027:1747647673433:,1747647683382
counter/1/0/0/0,24383:1747647670778:,1747647683382
counter/7/0/0/0,27009:1747647671768:,1747647683382
counter/5/0/0/0,27213:1747647671792:,1747647683382
counter/4/0/0/0,23094:1747647669946:,1747647683382
counter/8/0/0/0,27914:1747647671583:,1747647683382
counter/9/0/0/0,30613:1747647673575:,1747647683382
counter/2/0/0/0,30557:1747647674489:,1747647683382
counter/6/0/0/0,27028:1747647673433:,1747647683382
counter/10/0/0/0,24792:1747647668461:,1747647683382
counter/9/0/0/0,30614:1747647673575:,1747647683382
counter/2/0/0/0,30558:1747647674491:,1747647683382
counter/6/0/0/0,27029:1747647673433:,1747647683382
counter/9/0/0/0,30615:1747647673575:,1747647683382
counter/2/0/0/0,30559:1747647674499:,1747647683382
counter/6/0/0/0,27030:1747647673433:,1747647683382
counter/9/0/0/0,30616:1747647673575:,1747647683382
counter/2/0/0/0,30560:1747647674499:,1747647683382
counter/6/0/0/0,27031:1747647673433:,1747647683382
counter/9/0/0/0,30617:1747647673575:,1747647683382
counter/2/0/0/0,30561:1747647674499:,1747647683382
counter/6/0/0/0,27032:1747647673433:,1747647683382
counter/9/0/0/0,30618:1747647673575:,1747647683382
counter/2/0/0/0,30562:1747647674499:,1747647683382
counter/6/0/0/0,27033:1747647673433:,1747647683382
counter/9/0/0/0,30619:1747647673575:,1747647683382
counter/2/0/0/0,30563:1747647674499:,1747647683382
counter/6/0/0/0,27034:1747647673434:,1747647683382
counter/9/0/0/0,30620:1747647673575:,1747647683382
counter/2/0/0/0,30564:1747647674499:,1747647683382
counter/6/0/0/0,27035:1747647673434:,1747647683382
counter/9/0/0/0,30621:1747647673575:,1747647683382
counter/2/0/0/0,30565:1747647674499:,1747647683382
counter/6/0/0/0,27036:1747647673434:,1747647683382
counter/9/0/0/0,30622:1747647673575:,1747647683382
counter/2/0/0/0,30566:1747647674499:,1747647683383
counter/6/0/0/0,27037:1747647673434:,1747647683383
counter/9/0/0/0,30623:1747647673575:,1747647683383
counter/2/0/0/0,30567:1747647674522:,1747647683383
counter/6/0/0/0,27038:1747647673434:,1747647683383
counter/9/0/0/0,30624:1747647673575:,1747647683383
counter/2/0/0/0,30568:1747647674527:,1747647683383
counter/6/0/0/0,27039:1747647673434:,1747647683383
counter/9/0/0/0,30625:1747647673575:,1747647683383
counter/2/0/0/0,30569:1747647674527:,1747647683383
counter/6/0/0/0,27040:1747647673434:,1747647683383
counter/9/0/0/0,30626:1747647673575:,1747647683383
counter/2/0/0/0,30570:1747647674527:,1747647683383
counter/6/0/0/0,27041:1747647673434:,1747647683383
counter/9/0/0/0,30627:1747647673575:,1747647683383
counter/2/0/0/0,30571:1747647674528:,1747647683383
counter/6/0/0/0,27042:1747647673434:,1747647683383
counter/7/0/0/0,27010:1747647671802:,1747647683383
counter/4/0/0/0,23095:1747647669946:,1747647683383
counter/9/0/0/0,30628:1747647673587:,1747647683383
counter/2/0/0/0,30572:1747647674528:,1747647683383
counter/6/0/0/0,27043:1747647673434:,1747647683383
counter/4/0/0/0,23096:1747647669946:,1747647683383
counter/5/0/0/0,27214:1747647671792:,1747647683383
counter/10/0/0/0,24793:1747647668461:,1747647683383
counter/3/0/0/0,23637:1747647669911:,1747647683383
counter/9/0/0/0,30629:1747647673587:,1747647683383
counter/2/0/0/0,30573:1747647674528:,1747647683383
counter/6/0/0/0,27044:1747647673434:,1747647683383
counter/9/0/0/0,30630:1747647673587:,1747647683383
counter/2/0/0/0,30574:1747647674529:,1747647683383
counter/6/0/0/0,27045:1747647673434:,1747647683383
counter/9/0/0/0,30631:1747647673588:,1747647683383
counter/2/0/0/0,30575:1747647674529:,1747647683383
counter/6/0/0/0,27046:1747647673434:,1747647683383
counter/8/0/0/0,27915:1747647671584:,1747647683383
counter/4/0/0/0,23097:1747647669946:,1747647683383
counter/9/0/0/0,30632:1747647673588:,1747647683383
counter/2/0/0/0,30576:1747647674529:,1747647683383
counter/6/0/0/0,27047:1747647673434:,1747647683383
counter/3/0/0/0,23638:1747647669911:,1747647683383
counter/10/0/0/0,24794:1747647668461:,1747647683383
counter/9/0/0/0,30633:1747647673588:,1747647683383
counter/2/0/0/0,30577:1747647674529:,1747647683383
counter/6/0/0/0,27048:1747647673434:,1747647683383
counter/9/0/0/0,30634:1747647673588:,1747647683383
counter/2/0/0/0,30578:1747647674529:,1747647683383
counter/6/0/0/0,27049:1747647673434:,1747647683383
counter/9/0/0/0,30635:1747647673588:,1747647683384
counter/2/0/0/0,30579:1747647674529:,1747647683384
counter/6/0/0/0,27050:1747647673434:,1747647683384
counter/9/0/0/0,30636:1747647673588:,1747647683384
counter/2/0/0/0,30580:1747647674529:,1747647683384
counter/6/0/0/0,27051:1747647673434:,1747647683384
counter/9/0/0/0,30637:1747647673588:,1747647683384
counter/2/0/0/0,30581:1747647674530:,1747647683384
counter/6/0/0/0,27052:1747647673435:,1747647683384
counter/9/0/0/0,30638:1747647673588:,1747647683384
counter/2/0/0/0,30582:1747647674531:,1747647683384
counter/6/0/0/0,27053:1747647673435:,1747647683384
counter/9/0/0/0,30639:1747647673588:,1747647683384
counter/2/0/0/0,30583:1747647674531:,1747647683384
counter/6/0/0/0,27054:1747647673435:,1747647683384
counter/8/0/0/0,27916:1747647671584:,1747647683384
counter/9/0/0/0,30640:1747647673588:,1747647683384
counter/2/0/0/0,30584:1747647674531:,1747647683384
counter/6/0/0/0,27055:1747647673435:,1747647683384
counter/4/0/0/0,23098:1747647669946:,1747647683384
counter/3/0/0/0,23639:1747647669911:,1747647683384
counter/10/0/0/0,24795:1747647668470:,1747647683384
counter/9/0/0/0,30641:1747647673588:,1747647683384
counter/2/0/0/0,30585:1747647674531:,1747647683384
counter/6/0/0/0,27056:1747647673435:,1747647683384
counter/1/0/0/0,24384:1747647670778:,1747647683384
counter/5/0/0/0,27215:1747647671792:,1747647683384
counter/9/0/0/0,30642:1747647673588:,1747647683384
counter/2/0/0/0,30586:1747647674531:,1747647683384
counter/6/0/0/0,27057:1747647673435:,1747647683384
counter/9/0/0/0,30643:1747647673588:,1747647683384
counter/2/0/0/0,30587:1747647674531:,1747647683384
counter/6/0/0/0,27058:1747647673435:,1747647683384
counter/9/0/0/0,30644:1747647673588:,1747647683384
counter/2/0/0/0,30588:1747647674531:,1747647683384
counter/6/0/0/0,27059:1747647673435:,1747647683384
counter/9/0/0/0,30645:1747647673593:,1747647683384
counter/2/0/0/0,30589:1747647674531:,1747647683384
counter/6/0/0/0,27060:1747647673435:,1747647683384
counter/9/0/0/0,30646:1747647673593:,1747647683384
counter/2/0/0/0,30590:1747647674531:,1747647683384
counter/6/0/0/0,27061:1747647673435:,1747647683384
counter/9/0/0/0,30647:1747647673593:,1747647683384
counter/2/0/0/0,30591:1747647674531:,1747647683384
counter/6/0/0/0,27062:1747647673435:,1747647683384
counter/9/0/0/0,30648:1747647673593:,1747647683384
counter/2/0/0/0,30592:1747647674531:,1747647683385
counter/6/0/0/0,27063:1747647673435:,1747647683385
counter/9/0/0/0,30649:1747647673593:,1747647683385
counter/2/0/0/0,30593:1747647674531:,1747647683385
counter/6/0/0/0,27064:1747647673435:,1747647683385
counter/9/0/0/0,30650:1747647673593:,1747647683385
counter/2/0/0/0,30594:1747647674531:,1747647683385
counter/6/0/0/0,27065:1747647673435:,1747647683385
counter/9/0/0/0,30651:1747647673593:,1747647683385
counter/2/0/0/0,30595:1747647674531:,1747647683385
counter/6/0/0/0,27066:1747647673435:,1747647683385
counter/9/0/0/0,30652:1747647673593:,1747647683385
counter/2/0/0/0,30596:1747647674531:,1747647683385
counter/6/0/0/0,27067:1747647673435:,1747647683385
counter/9/0/0/0,30653:1747647673594:,1747647683385
counter/2/0/0/0,30597:1747647674531:,1747647683385
counter/6/0/0/0,27068:1747647673435:,1747647683385
counter/9/0/0/0,30654:1747647673594:,1747647683385
counter/2/0/0/0,30598:1747647674531:,1747647683385
counter/6/0/0/0,27069:1747647673435:,1747647683385
counter/9/0/0/0,30655:1747647673594:,1747647683385
counter/2/0/0/0,30599:1747647674531:,1747647683385
counter/6/0/0/0,27070:1747647673437:,1747647683385
counter/9/0/0/0,30656:1747647673594:,1747647683385
counter/2/0/0/0,30600:1747647674531:,1747647683385
counter/6/0/0/0,27071:1747647673438:,1747647683385
counter/9/0/0/0,30657:1747647673594:,1747647683385
counter/2/0/0/0,30601:1747647674532:,1747647683385
counter/6/0/0/0,27072:1747647673438:,1747647683385
counter/9/0/0/0,30658:1747647673594:,1747647683385
counter/2/0/0/0,30602:1747647674532:,1747647683385
counter/6/0/0/0,27073:1747647673438:,1747647683385
counter/8/0/0/0,27917:1747647671584:,1747647683385
counter/1/0/0/0,24385:1747647670778:,1747647683385
counter/9/0/0/0,30659:1747647673594:,1747647683385
counter/2/0/0/0,30603:1747647674532:,1747647683385
counter/6/0/0/0,27074:1747647673438:,1747647683385
counter/3/0/0/0,23640:1747647669911:,1747647683385
counter/5/0/0/0,27216:1747647671801:,1747647683385
counter/9/0/0/0,30660:1747647673594:,1747647683385
counter/2/0/0/0,30604:1747647674532:,1747647683385
counter/6/0/0/0,27075:1747647673438:,1747647683385
counter/9/0/0/0,30661:1747647673594:,1747647683385
counter/2/0/0/0,30605:1747647674532:,1747647683385
counter/6/0/0/0,27076:1747647673438:,1747647683385
counter/4/0/0/0,23099:1747647669946:,1747647683385
counter/9/0/0/0,30662:1747647673601:,1747647683386
counter/2/0/0/0,30606:1747647674532:,1747647683386
counter/6/0/0/0,27077:1747647673438:,1747647683386
counter/9/0/0/0,30663:1747647673602:,1747647683386
counter/2/0/0/0,30607:1747647674532:,1747647683386
counter/6/0/0/0,27078:1747647673438:,1747647683386
counter/9/0/0/0,30664:1747647673602:,1747647683386
counter/2/0/0/0,30608:1747647674532:,1747647683386
counter/6/0/0/0,27079:1747647673438:,1747647683386
counter/9/0/0/0,30665:1747647673602:,1747647683386
counter/2/0/0/0,30609:1747647674532:,1747647683386
counter/6/0/0/0,27080:1747647673438:,1747647683386
counter/9/0/0/0,30666:1747647673602:,1747647683386
counter/2/0/0/0,30610:1747647674535:,1747647683386
counter/6/0/0/0,27081:1747647673438:,1747647683386
counter/9/0/0/0,30667:1747647673602:,1747647683386
counter/2/0/0/0,30611:1747647674535:,1747647683386
counter/6/0/0/0,27082:1747647673438:,1747647683386
counter/9/0/0/0,30668:1747647673602:,1747647683386
counter/2/0/0/0,30612:1747647674535:,1747647683386
counter/6/0/0/0,27083:1747647673438:,1747647683386
counter/9/0/0/0,30669:1747647673602:,1747647683386
counter/2/0/0/0,30613:1747647674535:,1747647683386
counter/6/0/0/0,27084:1747647673438:,1747647683386
counter/9/0/0/0,30670:1747647673602:,1747647683386
counter/2/0/0/0,30614:1747647674535:,1747647683386
counter/6/0/0/0,27085:1747647673439:,1747647683386
counter/9/0/0/0,30671:1747647673610:,1747647683386
counter/2/0/0/0,30615:1747647674535:,1747647683386
counter/6/0/0/0,27086:1747647673461:,1747647683386
counter/9/0/0/0,30672:1747647673610:,1747647683386
counter/2/0/0/0,30616:1747647674535:,1747647683386
counter/6/0/0/0,27087:1747647673461:,1747647683386
counter/9/0/0/0,30673:1747647673610:,1747647683386
counter/2/0/0/0,30617:1747647674535:,1747647683386
counter/6/0/0/0,27088:1747647673461:,1747647683386
counter/9/0/0/0,30674:1747647673610:,1747647683386
counter/2/0/0/0,30618:1747647674535:,1747647683386
counter/6/0/0/0,27089:1747647673461:,1747647683386
counter/9/0/0/0,30675:1747647673610:,1747647683386
counter/2/0/0/0,30619:1747647674535:,1747647683386
counter/6/0/0/0,27090:1747647673461:,1747647683386
counter/9/0/0/0,30676:1747647673610:,1747647683387
counter/2/0/0/0,30620:1747647674535:,1747647683387
counter/6/0/0/0,27091:1747647673462:,1747647683387
counter/9/0/0/0,30677:1747647673610:,1747647683387
counter/2/0/0/0,30621:1747647674538:,1747647683387
counter/6/0/0/0,27092:1747647673462:,1747647683387
counter/9/0/0/0,30678:1747647673610:,1747647683387
counter/2/0/0/0,30622:1747647674538:,1747647683387
counter/6/0/0/0,27093:1747647673462:,1747647683387
counter/9/0/0/0,30679:1747647673610:,1747647683387
counter/2/0/0/0,30623:1747647674538:,1747647683387
counter/6/0/0/0,27094:1747647673462:,1747647683387
counter/9/0/0/0,30680:1747647673610:,1747647683387
counter/2/0/0/0,30624:1747647674538:,1747647683387
counter/6/0/0/0,27095:1747647673462:,1747647683387
counter/9/0/0/0,30681:1747647673610:,1747647683387
counter/2/0/0/0,30625:1747647674538:,1747647683387
counter/6/0/0/0,27096:1747647673462:,1747647683387
counter/9/0/0/0,30682:1747647673610:,1747647683387
counter/2/0/0/0,30626:1747647674538:,1747647683387
counter/6/0/0/0,27097:1747647673462:,1747647683387
counter/9/0/0/0,30683:1747647673610:,1747647683387
counter/2/0/0/0,30627:1747647674547:,1747647683387
counter/6/0/0/0,27098:1747647673462:,1747647683387
counter/9/0/0/0,30684:1747647673610:,1747647683387
counter/2/0/0/0,30628:1747647674547:,1747647683387
counter/6/0/0/0,27099:1747647673462:,1747647683387
counter/9/0/0/0,30685:1747647673610:,1747647683387
counter/2/0/0/0,30629:1747647674547:,1747647683387
counter/6/0/0/0,27100:1747647673471:,1747647683387
counter/9/0/0/0,30686:1747647673610:,1747647683387
counter/2/0/0/0,30630:1747647674547:,1747647683387
counter/6/0/0/0,27101:1747647673472:,1747647683387
counter/9/0/0/0,30687:1747647673610:,1747647683387
counter/2/0/0/0,30631:1747647674547:,1747647683387
counter/6/0/0/0,27102:1747647673472:,1747647683387
counter/9/0/0/0,30688:1747647673615:,1747647683388
counter/2/0/0/0,30632:1747647674547:,1747647683388
counter/6/0/0/0,27103:1747647673472:,1747647683388
counter/4/0/0/0,23100:1747647669946:,1747647683388
counter/9/0/0/0,30689:1747647673615:,1747647683388
counter/2/0/0/0,30633:1747647674547:,1747647683388
counter/6/0/0/0,27104:1747647673472:,1747647683388
counter/8/0/0/0,27918:1747647671584:,1747647683388
counter/9/0/0/0,30690:1747647673615:,1747647683388
counter/2/0/0/0,30634:1747647674547:,1747647683388
counter/6/0/0/0,27105:1747647673480:,1747647683388
counter/9/0/0/0,30691:1747647673615:,1747647683388
counter/2/0/0/0,30635:1747647674547:,1747647683388
counter/6/0/0/0,27106:1747647673480:,1747647683388
counter/9/0/0/0,30692:1747647673615:,1747647683388
counter/2/0/0/0,30636:1747647674547:,1747647683388
counter/6/0/0/0,27107:1747647673480:,1747647683388
counter/9/0/0/0,30693:1747647673615:,1747647683388
counter/2/0/0/0,30637:1747647674547:,1747647683388
counter/6/0/0/0,27108:1747647673480:,1747647683388
counter/9/0/0/0,30694:1747647673615:,1747647683388
counter/2/0/0/0,30638:1747647674547:,1747647683388
counter/6/0/0/0,27109:1747647673483:,1747647683388
counter/9/0/0/0,30695:1747647673616:,1747647683388
counter/2/0/0/0,30639:1747647674554:,1747647683388
counter/6/0/0/0,27110:1747647673483:,1747647683388
counter/9/0/0/0,30696:1747647673621:,1747647683388
counter/2/0/0/0,30640:1747647674557:,1747647683388
counter/6/0/0/0,27111:1747647673483:,1747647683388
counter/9/0/0/0,30697:1747647673625:,1747647683388
counter/2/0/0/0,30641:1747647674558:,1747647683388
counter/6/0/0/0,27112:1747647673483:,1747647683388
counter/9/0/0/0,30698:1747647673625:,1747647683388
counter/2/0/0/0,30642:1747647674558:,1747647683388
counter/6/0/0/0,27113:1747647673483:,1747647683388
counter/9/0/0/0,30699:1747647673625:,1747647683388
counter/2/0/0/0,30643:1747647674558:,1747647683388
counter/6/0/0/0,27114:1747647673483:,1747647683388
counter/9/0/0/0,30700:1747647673625:,1747647683388
counter/2/0/0/0,30644:1747647674558:,1747647683388
counter/6/0/0/0,27115:1747647673488:,1747647683388
counter/9/0/0/0,30701:1747647673625:,1747647683388
counter/2/0/0/0,30645:1747647674558:,1747647683388
counter/6/0/0/0,27116:1747647673488:,1747647683389
counter/9/0/0/0,30702:1747647673625:,1747647683389
counter/2/0/0/0,30646:1747647674558:,1747647683389
counter/6/0/0/0,27117:1747647673488:,1747647683389
counter/9/0/0/0,30703:1747647673626:,1747647683389
counter/2/0/0/0,30647:1747647674558:,1747647683389
counter/6/0/0/0,27118:1747647673488:,1747647683389
counter/9/0/0/0,30704:1747647673626:,1747647683389
counter/2/0/0/0,30648:1747647674558:,1747647683389
counter/6/0/0/0,27119:1747647673489:,1747647683389
counter/9/0/0/0,30705:1747647673626:,1747647683389
counter/2/0/0/0,30649:1747647674558:,1747647683389
counter/6/0/0/0,27120:1747647673490:,1747647683389
counter/9/0/0/0,30706:1747647673626:,1747647683389
counter/2/0/0/0,30650:1747647674558:,1747647683389
counter/6/0/0/0,27121:1747647673490:,1747647683389
counter/9/0/0/0,30707:1747647673626:,1747647683389
counter/2/0/0/0,30651:1747647674558:,1747647683389
counter/6/0/0/0,27122:1747647673490:,1747647683389
counter/9/0/0/0,30708:1747647673626:,1747647683389
counter/2/0/0/0,30652:1747647674563:,1747647683389
counter/6/0/0/0,27123:1747647673490:,1747647683389
counter/1/0/0/0,24386:1747647670778:,1747647683389
counter/9/0/0/0,30709:1747647673626:,1747647683389
counter/2/0/0/0,30653:1747647674563:,1747647683389
counter/6/0/0/0,27124:1747647673490:,1747647683389
counter/5/0/0/0,27217:1747647671801:,1747647683389
counter/9/0/0/0,30710:1747647673626:,1747647683389
counter/2/0/0/0,30654:1747647674563:,1747647683389
counter/6/0/0/0,27125:1747647673490:,1747647683389
counter/9/0/0/0,30711:1747647673626:,1747647683389
counter/2/0/0/0,30655:1747647674563:,1747647683389
counter/6/0/0/0,27126:1747647673490:,1747647683390
counter/9/0/0/0,30712:1747647673627:,1747647683390
counter/2/0/0/0,30656:1747647674563:,1747647683390
counter/6/0/0/0,27127:1747647673496:,1747647683390
counter/9/0/0/0,30713:1747647673628:,1747647683390
counter/2/0/0/0,30657:1747647674563:,1747647683390
counter/6/0/0/0,27128:1747647673496:,1747647683390
counter/9/0/0/0,30714:1747647673628:,1747647683390
counter/2/0/0/0,30658:1747647674563:,1747647683390
counter/6/0/0/0,27129:1747647673496:,1747647683390
counter/9/0/0/0,30715:1747647673628:,1747647683390
counter/2/0/0/0,30659:1747647674563:,1747647683390
counter/6/0/0/0,27130:1747647673496:,1747647683390
counter/9/0/0/0,30716:1747647673628:,1747647683390
counter/2/0/0/0,30660:1747647674563:,1747647683390
counter/6/0/0/0,27131:1747647673503:,1747647683390
counter/9/0/0/0,30717:1747647673628:,1747647683390
counter/2/0/0/0,30661:1747647674563:,1747647683390
counter/6/0/0/0,27132:1747647673503:,1747647683390
counter/9/0/0/0,30718:1747647673628:,1747647683390
counter/2/0/0/0,30662:1747647674563:,1747647683390
counter/6/0/0/0,27133:1747647673503:,1747647683390
counter/9/0/0/0,30719:1747647673628:,1747647683390
counter/2/0/0/0,30663:1747647674563:,1747647683390
counter/6/0/0/0,27134:1747647673503:,1747647683390
counter/9/0/0/0,30720:1747647673628:,1747647683390
counter/2/0/0/0,30664:1747647674563:,1747647683390
counter/6/0/0/0,27135:1747647673503:,1747647683390
counter/7/0/0/0,27011:1747647671802:,1747647683390
counter/3/0/0/0,23641:1747647669911:,1747647683390
counter/9/0/0/0,30721:1747647673628:,1747647683390
counter/2/0/0/0,30665:1747647674563:,1747647683390
counter/6/0/0/0,27136:1747647673503:,1747647683390
counter/9/0/0/0,30722:1747647673628:,1747647683390
counter/2/0/0/0,30666:1747647674563:,1747647683390
counter/6/0/0/0,27137:1747647673503:,1747647683390
counter/9/0/0/0,30723:1747647673628:,1747647683391
counter/2/0/0/0,30667:1747647674563:,1747647683391
counter/6/0/0/0,27138:1747647673503:,1747647683391
counter/9/0/0/0,30724:1747647673628:,1747647683391
counter/2/0/0/0,30668:1747647674564:,1747647683391
counter/6/0/0/0,27139:1747647673503:,1747647683391
counter/9/0/0/0,30725:1747647673628:,1747647683391
counter/2/0/0/0,30669:1747647674564:,1747647683391
counter/6/0/0/0,27140:1747647673503:,1747647683391
counter/9/0/0/0,30726:1747647673628:,1747647683391
counter/2/0/0/0,30670:1747647674564:,1747647683391
counter/6/0/0/0,27141:1747647673503:,1747647683391
counter/9/0/0/0,30727:1747647673633:,1747647683391
counter/2/0/0/0,30671:1747647674564:,1747647683391
counter/6/0/0/0,27142:1747647673503:,1747647683391
counter/9/0/0/0,30728:1747647673633:,1747647683391
counter/2/0/0/0,30672:1747647674564:,1747647683391
counter/6/0/0/0,27143:1747647673503:,1747647683391
counter/9/0/0/0,30729:1747647673633:,1747647683391
counter/2/0/0/0,30673:1747647674564:,1747647683391
counter/6/0/0/0,27144:1747647673503:,1747647683391
counter/9/0/0/0,30730:1747647673633:,1747647683391
counter/2/0/0/0,30674:1747647674564:,1747647683391
counter/6/0/0/0,27145:1747647673504:,1747647683391
counter/9/0/0/0,30731:1747647673633:,1747647683391
counter/2/0/0/0,30675:1747647674564:,1747647683391
counter/6/0/0/0,27146:1747647673504:,1747647683391
counter/9/0/0/0,30732:1747647673633:,1747647683391
counter/2/0/0/0,30676:1747647674564:,1747647683391
counter/6/0/0/0,27147:1747647673504:,1747647683391
counter/9/0/0/0,30733:1747647673633:,1747647683391
counter/2/0/0/0,30677:1747647674565:,1747647683391
counter/6/0/0/0,27148:1747647673504:,1747647683391
counter/9/0/0/0,30734:1747647673634:,1747647683391
counter/2/0/0/0,30678:1747647674566:,1747647683391
counter/6/0/0/0,27149:1747647673504:,1747647683391
counter/9/0/0/0,30735:1747647673634:,1747647683391
counter/2/0/0/0,30679:1747647674566:,1747647683391
counter/6/0/0/0,27150:1747647673504:,1747647683391
counter/9/0/0/0,30736:1747647673634:,1747647683391
counter/2/0/0/0,30680:1747647674566:,1747647683391
counter/6/0/0/0,27151:1747647673504:,1747647683391
counter/9/0/0/0,30737:1747647673634:,1747647683391
counter/2/0/0/0,30681:1747647674566:,1747647683392
counter/6/0/0/0,27152:1747647673504:,1747647683392
counter/3/0/0/0,23642:1747647669911:,1747647683392
counter/1/0/0/0,24387:1747647670778:,1747647683392
counter/9/0/0/0,30738:1747647673634:,1747647683392
counter/2/0/0/0,30682:1747647674566:,1747647683392
counter/6/0/0/0,27153:1747647673504:,1747647683392
counter/7/0/0/0,27012:1747647671803:,1747647683392
counter/5/0/0/0,27218:1747647671801:,1747647683392
counter/9/0/0/0,30739:1747647673653:,1747647683392
counter/2/0/0/0,30683:1747647674566:,1747647683392
counter/6/0/0/0,27154:1747647673504:,1747647683392
counter/9/0/0/0,30740:1747647673653:,1747647683392
counter/2/0/0/0,30684:1747647674566:,1747647683392
counter/6/0/0/0,27155:1747647673504:,1747647683392
counter/9/0/0/0,30741:1747647673653:,1747647683392
counter/2/0/0/0,30685:1747647674566:,1747647683392
counter/6/0/0/0,27156:1747647673504:,1747647683392
counter/9/0/0/0,30742:1747647673653:,1747647683392
counter/2/0/0/0,30686:1747647674566:,1747647683392
counter/6/0/0/0,27157:1747647673504:,1747647683392
counter/9/0/0/0,30743:1747647673653:,1747647683392
counter/2/0/0/0,30687:1747647674566:,1747647683392
counter/6/0/0/0,27158:1747647673504:,1747647683392
counter/9/0/0/0,30744:1747647673653:,1747647683392
counter/2/0/0/0,30688:1747647674566:,1747647683392
counter/6/0/0/0,27159:1747647673504:,1747647683392
counter/9/0/0/0,30745:1747647673653:,1747647683392
counter/2/0/0/0,30689:1747647674570:,1747647683392
counter/6/0/0/0,27160:1747647673511:,1747647683392
counter/9/0/0/0,30746:1747647673653:,1747647683392
counter/2/0/0/0,30690:1747647674570:,1747647683392
counter/6/0/0/0,27161:1747647673511:,1747647683392
counter/9/0/0/0,30747:1747647673653:,1747647683392
counter/2/0/0/0,30691:1747647674570:,1747647683392
counter/6/0/0/0,27162:1747647673511:,1747647683392
counter/9/0/0/0,30748:1747647673653:,1747647683393
counter/2/0/0/0,30692:1747647674570:,1747647683393
counter/6/0/0/0,27163:1747647673511:,1747647683393
counter/9/0/0/0,30749:1747647673653:,1747647683393
counter/2/0/0/0,30693:1747647674570:,1747647683393
counter/6/0/0/0,27164:1747647673511:,1747647683393
counter/9/0/0/0,30750:1747647673653:,1747647683393
counter/2/0/0/0,30694:1747647674570:,1747647683393
counter/6/0/0/0,27165:1747647673511:,1747647683393
counter/9/0/0/0,30751:1747647673653:,1747647683393
counter/2/0/0/0,30695:1747647674570:,1747647683393
counter/6/0/0/0,27166:1747647673511:,1747647683393
counter/9/0/0/0,30752:1747647673653:,1747647683393
counter/2/0/0/0,30696:1747647674570:,1747647683393
counter/6/0/0/0,27167:1747647673511:,1747647683393
counter/9/0/0/0,30753:1747647673653:,1747647683393
counter/2/0/0/0,30697:1747647674570:,1747647683393
counter/6/0/0/0,27168:1747647673511:,1747647683393
counter/9/0/0/0,30754:1747647673655:,1747647683393
counter/2/0/0/0,30698:1747647674570:,1747647683393
counter/6/0/0/0,27169:1747647673512:,1747647683393
counter/9/0/0/0,30755:1747647673655:,1747647683393
counter/2/0/0/0,30699:1747647674574:,1747647683393
counter/6/0/0/0,27170:1747647673512:,1747647683393
counter/9/0/0/0,30756:1747647673655:,1747647683393
counter/2/0/0/0,30700:1747647674576:,1747647683393
counter/6/0/0/0,27171:1747647673514:,1747647683393
counter/9/0/0/0,30757:1747647673655:,1747647683393
counter/2/0/0/0,30701:1747647674576:,1747647683393
counter/6/0/0/0,27172:1747647673514:,1747647683393
counter/9/0/0/0,30758:1747647673655:,1747647683393
counter/2/0/0/0,30702:1747647674576:,1747647683393
counter/6/0/0/0,27173:1747647673514:,1747647683393
counter/9/0/0/0,30759:1747647673655:,1747647683393
counter/2/0/0/0,30703:1747647674576:,1747647683393
counter/6/0/0/0,27174:1747647673514:,1747647683393
counter/9/0/0/0,30760:1747647673655:,1747647683393
counter/2/0/0/0,30704:1747647674576:,1747647683393
counter/6/0/0/0,27175:1747647673514:,1747647683393
counter/9/0/0/0,30761:1747647673655:,1747647683394
counter/2/0/0/0,30705:1747647674576:,1747647683394
counter/6/0/0/0,27176:1747647673514:,1747647683394
counter/9/0/0/0,30762:1747647673655:,1747647683394
counter/2/0/0/0,30706:1747647674576:,1747647683394
counter/6/0/0/0,27177:1747647673514:,1747647683394
counter/9/0/0/0,30763:1747647673655:,1747647683394
counter/2/0/0/0,30707:1747647674576:,1747647683394
counter/6/0/0/0,27178:1747647673514:,1747647683394
counter/9/0/0/0,30764:1747647673655:,1747647683394
counter/2/0/0/0,30708:1747647674576:,1747647683394
counter/6/0/0/0,27179:1747647673514:,1747647683394
counter/9/0/0/0,30765:1747647673655:,1747647683394
counter/2/0/0/0,30709:1747647674576:,1747647683394
counter/6/0/0/0,27180:1747647673514:,1747647683394
counter/9/0/0/0,30766:1747647673669:,1747647683394
counter/2/0/0/0,30710:1747647674576:,1747647683394
counter/6/0/0/0,27181:1747647673514:,1747647683394
counter/9/0/0/0,30767:1747647673669:,1747647683394
counter/2/0/0/0,30711:1747647674576:,1747647683394
counter/6/0/0/0,27182:1747647673514:,1747647683394
counter/9/0/0/0,30768:1747647673669:,1747647683394
counter/2/0/0/0,30712:1747647674576:,1747647683394
counter/6/0/0/0,27183:1747647673514:,1747647683394
counter/9/0/0/0,30769:1747647673669:,1747647683394
counter/2/0/0/0,30713:1747647674576:,1747647683394
counter/6/0/0/0,27184:1747647673514:,1747647683394
counter/9/0/0/0,30770:1747647673669:,1747647683394
counter/2/0/0/0,30714:1747647674576:,1747647683394
counter/6/0/0/0,27185:1747647673515:,1747647683394
counter/9/0/0/0,30771:1747647673669:,1747647683394
counter/2/0/0/0,30715:1747647674576:,1747647683394
counter/6/0/0/0,27186:1747647673515:,1747647683394
counter/9/0/0/0,30772:1747647673669:,1747647683394
counter/2/0/0/0,30716:1747647674578:,1747647683394
counter/6/0/0/0,27187:1747647673515:,1747647683394
counter/9/0/0/0,30773:1747647673669:,1747647683394
counter/2/0/0/0,30717:1747647674585:,1747647683394
counter/6/0/0/0,27188:1747647673515:,1747647683394
counter/9/0/0/0,30774:1747647673669:,1747647683395
counter/2/0/0/0,30718:1747647674585:,1747647683395
counter/6/0/0/0,27189:1747647673515:,1747647683395
counter/9/0/0/0,30775:1747647673669:,1747647683395
counter/2/0/0/0,30719:1747647674585:,1747647683395
counter/6/0/0/0,27190:1747647673515:,1747647683395
counter/9/0/0/0,30776:1747647673669:,1747647683395
counter/2/0/0/0,30720:1747647674585:,1747647683395
counter/6/0/0/0,27191:1747647673515:,1747647683395
counter/9/0/0/0,30777:1747647673669:,1747647683395
counter/2/0/0/0,30721:1747647674585:,1747647683395
counter/6/0/0/0,27192:1747647673524:,1747647683395
counter/9/0/0/0,30778:1747647673669:,1747647683395
counter/2/0/0/0,30722:1747647674585:,1747647683395
counter/6/0/0/0,27193:1747647673524:,1747647683395
counter/9/0/0/0,30779:1747647673669:,1747647683395
counter/2/0/0/0,30723:1747647674585:,1747647683395
counter/6/0/0/0,27194:1747647673524:,1747647683395
counter/9/0/0/0,30780:1747647673674:,1747647683395
counter/2/0/0/0,30724:1747647674585:,1747647683395
counter/6/0/0/0,27195:1747647673524:,1747647683395
counter/9/0/0/0,30781:1747647673674:,1747647683395
counter/2/0/0/0,30725:1747647674585:,1747647683395
counter/6/0/0/0,27196:1747647673524:,1747647683395
counter/9/0/0/0,30782:1747647673674:,1747647683395
counter/2/0/0/0,30726:1747647674585:,1747647683395
counter/6/0/0/0,27197:1747647673524:,1747647683395
counter/9/0/0/0,30783:1747647673674:,1747647683395
counter/2/0/0/0,30727:1747647674585:,1747647683395
counter/6/0/0/0,27198:1747647673524:,1747647683395
counter/10/0/0/0,24796:1747647668471:,1747647683395
counter/9/0/0/0,30784:1747647673674:,1747647683395
counter/2/0/0/0,30728:1747647674585:,1747647683395
counter/6/0/0/0,27199:1747647673524:,1747647683395
counter/3/0/0/0,23643:1747647669911:,1747647683395
counter/7/0/0/0,27013:1747647671811:,1747647683395
counter/5/0/0/0,27219:1747647671801:,1747647683395
counter/9/0/0/0,30785:1747647673691:,1747647683396
counter/2/0/0/0,30729:1747647674585:,1747647683396
counter/6/0/0/0,27200:1747647673524:,1747647683396
counter/4/0/0/0,23101:1747647669946:,1747647683396
counter/9/0/0/0,30786:1747647673691:,1747647683396
counter/2/0/0/0,30730:1747647674585:,1747647683396
counter/6/0/0/0,27201:1747647673524:,1747647683396
counter/9/0/0/0,30787:1747647673694:,1747647683396
counter/2/0/0/0,30731:1747647674585:,1747647683396
counter/6/0/0/0,27202:1747647673524:,1747647683396
counter/9/0/0/0,30788:1747647673694:,1747647683396
counter/2/0/0/0,30732:1747647674585:,1747647683396
counter/6/0/0/0,27203:1747647673532:,1747647683396
counter/9/0/0/0,30789:1747647673694:,1747647683396
counter/2/0/0/0,30733:1747647674586:,1747647683396
counter/6/0/0/0,27204:1747647673532:,1747647683396
counter/9/0/0/0,30790:1747647673694:,1747647683396
counter/2/0/0/0,30734:1747647674586:,1747647683396
counter/6/0/0/0,27205:1747647673532:,1747647683396
counter/9/0/0/0,30791:1747647673694:,1747647683396
counter/2/0/0/0,30735:1747647674586:,1747647683396
counter/6/0/0/0,27206:1747647673532:,1747647683396
counter/9/0/0/0,30792:1747647673694:,1747647683396
counter/2/0/0/0,30736:1747647674586:,1747647683396
counter/6/0/0/0,27207:1747647673532:,1747647683396
counter/9/0/0/0,30793:1747647673694:,1747647683396
counter/2/0/0/0,30737:1747647674586:,1747647683396
counter/6/0/0/0,27208:1747647673532:,1747647683396
counter/9/0/0/0,30794:1747647673694:,1747647683396
counter/2/0/0/0,30738:1747647674586:,1747647683396
counter/6/0/0/0,27209:1747647673532:,1747647683396
counter/9/0/0/0,30795:1747647673694:,1747647683396
counter/2/0/0/0,30739:1747647674586:,1747647683396
counter/6/0/0/0,27210:1747647673532:,1747647683396
counter/9/0/0/0,30796:1747647673694:,1747647683396
counter/2/0/0/0,30740:1747647674586:,1747647683396
counter/6/0/0/0,27211:1747647673532:,1747647683396
counter/9/0/0/0,30797:1747647673694:,1747647683396
counter/2/0/0/0,30741:1747647674586:,1747647683396
counter/6/0/0/0,27212:1747647673533:,1747647683396
counter/9/0/0/0,30798:1747647673694:,1747647683396
counter/2/0/0/0,30742:1747647674586:,1747647683397
counter/6/0/0/0,27213:1747647673537:,1747647683397
counter/9/0/0/0,30799:1747647673694:,1747647683397
counter/2/0/0/0,30743:1747647674588:,1747647683397
counter/6/0/0/0,27214:1747647673537:,1747647683397
counter/9/0/0/0,30800:1747647673694:,1747647683397
counter/2/0/0/0,30744:1747647674588:,1747647683397
counter/6/0/0/0,27215:1747647673537:,1747647683397
counter/9/0/0/0,30801:1747647673694:,1747647683397
counter/2/0/0/0,30745:1747647674588:,1747647683397
counter/6/0/0/0,27216:1747647673537:,1747647683397
counter/9/0/0/0,30802:1747647673694:,1747647683397
counter/2/0/0/0,30746:1747647674588:,1747647683397
counter/6/0/0/0,27217:1747647673539:,1747647683397
counter/9/0/0/0,30803:1747647673694:,1747647683397
counter/2/0/0/0,30747:1747647674588:,1747647683397
counter/6/0/0/0,27218:1747647673544:,1747647683397
counter/9/0/0/0,30804:1747647673694:,1747647683397
counter/2/0/0/0,30748:1747647674588:,1747647683397
counter/6/0/0/0,27219:1747647673544:,1747647683397
counter/9/0/0/0,30805:1747647673694:,1747647683397
counter/2/0/0/0,30749:1747647674588:,1747647683397
counter/6/0/0/0,27220:1747647673544:,1747647683397
counter/9/0/0/0,30806:1747647673694:,1747647683397
counter/2/0/0/0,30750:1747647674588:,1747647683397
counter/6/0/0/0,27221:1747647673544:,1747647683397
counter/9/0/0/0,30807:1747647673694:,1747647683397
counter/2/0/0/0,30751:1747647674588:,1747647683397
counter/6/0/0/0,27222:1747647673544:,1747647683397
counter/9/0/0/0,30808:1747647673694:,1747647683397
counter/2/0/0/0,30752:1747647674588:,1747647683397
counter/6/0/0/0,27223:1747647673544:,1747647683397
counter/9/0/0/0,30809:1747647673699:,1747647683397
counter/2/0/0/0,30753:1747647674588:,1747647683397
counter/6/0/0/0,27224:1747647673544:,1747647683397
counter/9/0/0/0,30810:1747647673700:,1747647683397
counter/2/0/0/0,30754:1747647674615:,1747647683397
counter/6/0/0/0,27225:1747647673544:,1747647683397
counter/9/0/0/0,30811:1747647673700:,1747647683398
counter/2/0/0/0,30755:1747647674615:,1747647683398
counter/6/0/0/0,27226:1747647673544:,1747647683398
counter/9/0/0/0,30812:1747647673700:,1747647683398
counter/2/0/0/0,30756:1747647674615:,1747647683398
counter/6/0/0/0,27227:1747647673545:,1747647683398
counter/9/0/0/0,30813:1747647673700:,1747647683398
counter/2/0/0/0,30757:1747647674615:,1747647683398
counter/6/0/0/0,27228:1747647673545:,1747647683398
counter/9/0/0/0,30814:1747647673704:,1747647683398
counter/2/0/0/0,30758:1747647674615:,1747647683398
counter/6/0/0/0,27229:1747647673545:,1747647683398
counter/9/0/0/0,30815:1747647673704:,1747647683398
counter/2/0/0/0,30759:1747647674615:,1747647683398
counter/6/0/0/0,27230:1747647673545:,1747647683398
counter/9/0/0/0,30816:1747647673704:,1747647683398
counter/2/0/0/0,30760:1747647674615:,1747647683398
counter/6/0/0/0,27231:1747647673545:,1747647683398
counter/9/0/0/0,30817:1747647673704:,1747647683398
counter/2/0/0/0,30761:1747647674615:,1747647683398
counter/6/0/0/0,27232:1747647673545:,1747647683398
counter/9/0/0/0,30818:1747647673704:,1747647683398
counter/2/0/0/0,30762:1747647674615:,1747647683398
counter/6/0/0/0,27233:1747647673546:,1747647683398
counter/9/0/0/0,30819:1747647673704:,1747647683398
counter/2/0/0/0,30763:1747647674615:,1747647683398
counter/6/0/0/0,27234:1747647673546:,1747647683398
counter/9/0/0/0,30820:1747647673704:,1747647683398
counter/2/0/0/0,30764:1747647674615:,1747647683398
counter/6/0/0/0,27235:1747647673546:,1747647683398
counter/9/0/0/0,30821:1747647673705:,1747647683398
counter/2/0/0/0,30765:1747647674615:,1747647683398
counter/6/0/0/0,27236:1747647673546:,1747647683398
counter/9/0/0/0,30822:1747647673705:,1747647683398
counter/2/0/0/0,30766:1747647674620:,1747647683398
counter/6/0/0/0,27237:1747647673546:,1747647683398
counter/9/0/0/0,30823:1747647673705:,1747647683398
counter/2/0/0/0,30767:1747647674620:,1747647683398
counter/6/0/0/0,27238:1747647673546:,1747647683398
counter/9/0/0/0,30824:1747647673705:,1747647683398
counter/2/0/0/0,30768:1747647674620:,1747647683399
counter/6/0/0/0,27239:1747647673546:,1747647683399
counter/9/0/0/0,30825:1747647673708:,1747647683399
counter/2/0/0/0,30769:1747647674620:,1747647683399
counter/6/0/0/0,27240:1747647673546:,1747647683399
counter/9/0/0/0,30826:1747647673708:,1747647683399
counter/2/0/0/0,30770:1747647674620:,1747647683399
counter/6/0/0/0,27241:1747647673546:,1747647683399
counter/9/0/0/0,30827:1747647673708:,1747647683399
counter/2/0/0/0,30771:1747647674620:,1747647683399
counter/6/0/0/0,27242:1747647673546:,1747647683399
counter/9/0/0/0,30828:1747647673708:,1747647683399
counter/2/0/0/0,30772:1747647674620:,1747647683399
counter/6/0/0/0,27243:1747647673546:,1747647683399
counter/9/0/0/0,30829:1747647673708:,1747647683399
counter/2/0/0/0,30773:1747647674620:,1747647683399
counter/6/0/0/0,27244:1747647673546:,1747647683399
counter/9/0/0/0,30830:1747647673708:,1747647683399
counter/2/0/0/0,30774:1747647674621:,1747647683399
counter/6/0/0/0,27245:1747647673546:,1747647683399
counter/9/0/0/0,30831:1747647673708:,1747647683399
counter/2/0/0/0,30775:1747647674627:,1747647683399
counter/6/0/0/0,27246:1747647673546:,1747647683399
counter/9/0/0/0,30832:1747647673716:,1747647683399
counter/2/0/0/0,30776:1747647674627:,1747647683399
counter/6/0/0/0,27247:1747647673547:,1747647683399
counter/9/0/0/0,30833:1747647673716:,1747647683399
counter/2/0/0/0,30777:1747647674627:,1747647683399
counter/6/0/0/0,27248:1747647673551:,1747647683399
counter/5/0/0/0,27220:1747647671801:,1747647683399
counter/4/0/0/0,23102:1747647669948:,1747647683399
counter/9/0/0/0,30834:1747647673716:,1747647683399
counter/2/0/0/0,30778:1747647674627:,1747647683399
counter/6/0/0/0,27249:1747647673551:,1747647683399
counter/9/0/0/0,30835:1747647673716:,1747647683399
counter/2/0/0/0,30779:1747647674630:,1747647683399
counter/6/0/0/0,27250:1747647673551:,1747647683399
counter/9/0/0/0,30836:1747647673716:,1747647683399
counter/2/0/0/0,30780:1747647674630:,1747647683399
counter/6/0/0/0,27251:1747647673551:,1747647683399
counter/9/0/0/0,30837:1747647673716:,1747647683399
counter/2/0/0/0,30781:1747647674630:,1747647683400
counter/6/0/0/0,27252:1747647673551:,1747647683400
counter/3/0/0/0,23644:1747647669911:,1747647683400
counter/7/0/0/0,27014:1747647671821:,1747647683400
counter/9/0/0/0,30838:1747647673717:,1747647683400
counter/2/0/0/0,30782:1747647674630:,1747647683400
counter/6/0/0/0,27253:1747647673551:,1747647683400
counter/5/0/0/0,27221:1747647671801:,1747647683400
counter/4/0/0/0,23103:1747647669949:,1747647683400
counter/9/0/0/0,30839:1747647673717:,1747647683400
counter/2/0/0/0,30783:1747647674634:,1747647683400
counter/6/0/0/0,27254:1747647673551:,1747647683400
counter/4/0/0/0,23104:1747647669949:,1747647683400
counter/9/0/0/0,30840:1747647673717:,1747647683400
counter/2/0/0/0,30784:1747647674634:,1747647683400
counter/6/0/0/0,27255:1747647673551:,1747647683400
counter/4/0/0/0,23105:1747647669949:,1747647683400
counter/8/0/0/0,27919:1747647671584:,1747647683400
counter/9/0/0/0,30841:1747647673717:,1747647683400
counter/2/0/0/0,30785:1747647674634:,1747647683400
counter/6/0/0/0,27256:1747647673551:,1747647683400
counter/4/0/0/0,23106:1747647669949:,1747647683400
counter/3/0/0/0,23645:1747647669911:,1747647683400
counter/9/0/0/0,30842:1747647673717:,1747647683400
counter/2/0/0/0,30786:1747647674634:,1747647683400
counter/6/0/0/0,27257:1747647673551:,1747647683400
counter/4/0/0/0,23107:1747647669949:,1747647683400
counter/9/0/0/0,30843:1747647673717:,1747647683400
counter/2/0/0/0,30787:1747647674634:,1747647683400
counter/6/0/0/0,27258:1747647673552:,1747647683400
counter/4/0/0/0,23108:1747647669949:,1747647683400
counter/1/0/0/0,24388:1747647670778:,1747647683400
counter/3/0/0/0,23646:1747647669911:,1747647683400
counter/8/0/0/0,27920:1747647671584:,1747647683400
counter/9/0/0/0,30844:1747647673717:,1747647683400
counter/2/0/0/0,30788:1747647674634:,1747647683401
counter/6/0/0/0,27259:1747647673552:,1747647683401
counter/4/0/0/0,23109:1747647669949:,1747647683401
counter/9/0/0/0,30845:1747647673717:,1747647683401
counter/2/0/0/0,30789:1747647674634:,1747647683401
counter/6/0/0/0,27260:1747647673552:,1747647683401
counter/4/0/0/0,23110:1747647669949:,1747647683401
counter/9/0/0/0,30846:1747647673717:,1747647683401
counter/2/0/0/0,30790:1747647674634:,1747647683401
counter/6/0/0/0,27261:1747647673552:,1747647683401
counter/4/0/0/0,23111:1747647669949:,1747647683401
counter/9/0/0/0,30847:1747647673717:,1747647683401
counter/2/0/0/0,30791:1747647674634:,1747647683401
counter/6/0/0/0,27262:1747647673552:,1747647683401
counter/4/0/0/0,23112:1747647669949:,1747647683401
counter/9/0/0/0,30848:1747647673717:,1747647683401
counter/2/0/0/0,30792:1747647674634:,1747647683401
counter/6/0/0/0,27263:1747647673558:,1747647683401
counter/4/0/0/0,23113:1747647669949:,1747647683401
counter/9/0/0/0,30849:1747647673719:,1747647683401
counter/2/0/0/0,30793:1747647674634:,1747647683401
counter/6/0/0/0,27264:1747647673558:,1747647683401
counter/4/0/0/0,23114:1747647669950:,1747647683401
counter/9/0/0/0,30850:1747647673719:,1747647683401
counter/2/0/0/0,30794:1747647674634:,1747647683401
counter/6/0/0/0,27265:1747647673558:,1747647683401
counter/4/0/0/0,23115:1747647669950:,1747647683401
counter/9/0/0/0,30851:1747647673719:,1747647683401
counter/2/0/0/0,30795:1747647674634:,1747647683401
counter/6/0/0/0,27266:1747647673558:,1747647683401
counter/4/0/0/0,23116:1747647669950:,1747647683401
counter/9/0/0/0,30852:1747647673719:,1747647683401
counter/2/0/0/0,30796:1747647674634:,1747647683401
counter/6/0/0/0,27267:1747647673558:,1747647683401
counter/9/0/0/0,30853:1747647673719:,1747647683401
counter/2/0/0/0,30797:1747647674634:,1747647683401
counter/6/0/0/0,27268:1747647673558:,1747647683401
counter/9/0/0/0,30854:1747647673719:,1747647683401
counter/2/0/0/0,30798:1747647674634:,1747647683401
counter/6/0/0/0,27269:1747647673564:,1747647683401
counter/9/0/0/0,30855:1747647673719:,1747647683401
counter/2/0/0/0,30799:1747647674634:,1747647683402
counter/6/0/0/0,27270:1747647673564:,1747647683402
counter/9/0/0/0,30856:1747647673719:,1747647683402
counter/2/0/0/0,30800:1747647674645:,1747647683402
counter/6/0/0/0,27271:1747647673564:,1747647683402
counter/9/0/0/0,30857:1747647673719:,1747647683402
counter/2/0/0/0,30801:1747647674645:,1747647683402
counter/6/0/0/0,27272:1747647673564:,1747647683402
counter/9/0/0/0,30858:1747647673719:,1747647683402
counter/2/0/0/0,30802:1747647674645:,1747647683402
counter/6/0/0/0,27273:1747647673565:,1747647683402
counter/9/0/0/0,30859:1747647673719:,1747647683402
counter/2/0/0/0,30803:1747647674645:,1747647683402
counter/6/0/0/0,27274:1747647673565:,1747647683402
counter/9/0/0/0,30860:1747647673719:,1747647683402
counter/2/0/0/0,30804:1747647674645:,1747647683402
counter/6/0/0/0,27275:1747647673566:,1747647683402
counter/9/0/0/0,30861:1747647673719:,1747647683402
counter/2/0/0/0,30805:1747647674645:,1747647683402
counter/6/0/0/0,27276:1747647673566:,1747647683402
counter/9/0/0/0,30862:1747647673719:,1747647683402
counter/2/0/0/0,30806:1747647674645:,1747647683402
counter/6/0/0/0,27277:1747647673566:,1747647683402
counter/9/0/0/0,30863:1747647673719:,1747647683402
counter/2/0/0/0,30807:1747647674645:,1747647683402
counter/6/0/0/0,27278:1747647673566:,1747647683402
counter/9/0/0/0,30864:1747647673719:,1747647683402
counter/2/0/0/0,30808:1747647674645:,1747647683402
counter/6/0/0/0,27279:1747647673566:,1747647683402
counter/9/0/0/0,30865:1747647673719:,1747647683402
counter/2/0/0/0,30809:1747647674645:,1747647683402
counter/6/0/0/0,27280:1747647673566:,1747647683402
counter/9/0/0/0,30866:1747647673719:,1747647683402
counter/2/0/0/0,30810:1747647674646:,1747647683402
counter/6/0/0/0,27281:1747647673566:,1747647683403
counter/9/0/0/0,30867:1747647673719:,1747647683403
counter/2/0/0/0,30811:1747647674646:,1747647683403
counter/6/0/0/0,27282:1747647673567:,1747647683403
counter/9/0/0/0,30868:1747647673719:,1747647683403
counter/2/0/0/0,30812:1747647674646:,1747647683403
counter/6/0/0/0,27283:1747647673567:,1747647683403
counter/9/0/0/0,30869:1747647673719:,1747647683403
counter/2/0/0/0,30813:1747647674646:,1747647683403
counter/6/0/0/0,27284:1747647673567:,1747647683403
counter/10/0/0/0,24797:1747647668471:,1747647683403
counter/9/0/0/0,30870:1747647673719:,1747647683403
counter/2/0/0/0,30814:1747647674646:,1747647683403
counter/6/0/0/0,27285:1747647673570:,1747647683403
counter/4/0/0/0,23117:1747647669950:,1747647683403
counter/5/0/0/0,27222:1747647671801:,1747647683403
counter/9/0/0/0,30871:1747647673723:,1747647683403
counter/2/0/0/0,30815:1747647674649:,1747647683403
counter/6/0/0/0,27286:1747647673572:,1747647683403
counter/9/0/0/0,30872:1747647673723:,1747647683403
counter/2/0/0/0,30816:1747647674649:,1747647683403
counter/6/0/0/0,27287:1747647673573:,1747647683403
counter/9/0/0/0,30873:1747647673723:,1747647683403
counter/2/0/0/0,30817:1747647674649:,1747647683403
counter/6/0/0/0,27288:1747647673573:,1747647683403
counter/9/0/0/0,30874:1747647673723:,1747647683403
counter/2/0/0/0,30818:1747647674649:,1747647683403
counter/6/0/0/0,27289:1747647673573:,1747647683403
counter/9/0/0/0,30875:1747647673723:,1747647683403
counter/2/0/0/0,30819:1747647674649:,1747647683403
counter/6/0/0/0,27290:1747647673573:,1747647683403
counter/9/0/0/0,30876:1747647673723:,1747647683403
counter/2/0/0/0,30820:1747647674649:,1747647683403
counter/6/0/0/0,27291:1747647673573:,1747647683403
counter/9/0/0/0,30877:1747647673723:,1747647683403
counter/2/0/0/0,30821:1747647674649:,1747647683403
counter/6/0/0/0,27292:1747647673573:,1747647683403
counter/9/0/0/0,30878:1747647673726:,1747647683403
counter/2/0/0/0,30822:1747647674649:,1747647683403
counter/6/0/0/0,27293:1747647673573:,1747647683403
counter/9/0/0/0,30879:1747647673726:,1747647683403
counter/2/0/0/0,30823:1747647674654:,1747647683403
counter/6/0/0/0,27294:1747647673573:,1747647683404
counter/9/0/0/0,30880:1747647673726:,1747647683404
counter/2/0/0/0,30824:1747647674654:,1747647683404
counter/6/0/0/0,27295:1747647673573:,1747647683404
counter/9/0/0/0,30881:1747647673726:,1747647683404
counter/2/0/0/0,30825:1747647674654:,1747647683404
counter/6/0/0/0,27296:1747647673581:,1747647683404
counter/9/0/0/0,30882:1747647673726:,1747647683404
counter/2/0/0/0,30826:1747647674654:,1747647683404
counter/6/0/0/0,27297:1747647673582:,1747647683404
counter/9/0/0/0,30883:1747647673726:,1747647683404
counter/2/0/0/0,30827:1747647674654:,1747647683404
counter/6/0/0/0,27298:1747647673582:,1747647683404
counter/9/0/0/0,30884:1747647673726:,1747647683404
counter/2/0/0/0,30828:1747647674654:,1747647683404
counter/6/0/0/0,27299:1747647673582:,1747647683404
counter/9/0/0/0,30885:1747647673726:,1747647683404
counter/2/0/0/0,30829:1747647674654:,1747647683404
counter/6/0/0/0,27300:1747647673582:,1747647683404
counter/9/0/0/0,30886:1747647673726:,1747647683404
counter/2/0/0/0,30830:1747647674654:,1747647683404
counter/6/0/0/0,27301:1747647673582:,1747647683404
counter/9/0/0/0,30887:1747647673726:,1747647683404
counter/2/0/0/0,30831:1747647674654:,1747647683404
counter/6/0/0/0,27302:1747647673582:,1747647683404
counter/9/0/0/0,30888:1747647673726:,1747647683404
counter/2/0/0/0,30832:1747647674654:,1747647683404
counter/6/0/0/0,27303:1747647673582:,1747647683404
counter/9/0/0/0,30889:1747647673726:,1747647683404
counter/2/0/0/0,30833:1747647674654:,1747647683404
counter/6/0/0/0,27304:1747647673582:,1747647683404
counter/9/0/0/0,30890:1747647673726:,1747647683404
counter/2/0/0/0,30834:1747647674656:,1747647683404
counter/6/0/0/0,27305:1747647673582:,1747647683404
counter/9/0/0/0,30891:1747647673727:,1747647683404
counter/2/0/0/0,30835:1747647674656:,1747647683404
counter/6/0/0/0,27306:1747647673582:,1747647683404
counter/9/0/0/0,30892:1747647673727:,1747647683404
counter/2/0/0/0,30836:1747647674656:,1747647683405
counter/6/0/0/0,27307:1747647673582:,1747647683405
counter/9/0/0/0,30893:1747647673727:,1747647683405
counter/2/0/0/0,30837:1747647674656:,1747647683405
counter/6/0/0/0,27308:1747647673582:,1747647683405
counter/9/0/0/0,30894:1747647673727:,1747647683405
counter/2/0/0/0,30838:1747647674662:,1747647683405
counter/6/0/0/0,27309:1747647673582:,1747647683405
counter/9/0/0/0,30895:1747647673727:,1747647683405
counter/2/0/0/0,30839:1747647674663:,1747647683405
counter/6/0/0/0,27310:1747647673582:,1747647683405
counter/9/0/0/0,30896:1747647673727:,1747647683405
counter/2/0/0/0,30840:1747647674663:,1747647683405
counter/6/0/0/0,27311:1747647673582:,1747647683405
counter/9/0/0/0,30897:1747647673727:,1747647683405
counter/2/0/0/0,30841:1747647674676:,1747647683405
counter/6/0/0/0,27312:1747647673582:,1747647683405
counter/9/0/0/0,30898:1747647673727:,1747647683405
counter/2/0/0/0,30842:1747647674676:,1747647683405
counter/6/0/0/0,27313:1747647673582:,1747647683405
counter/9/0/0/0,30899:1747647673727:,1747647683405
counter/2/0/0/0,30843:1747647674676:,1747647683405
counter/6/0/0/0,27314:1747647673582:,1747647683405
counter/9/0/0/0,30900:1747647673727:,1747647683405
counter/2/0/0/0,30844:1747647674676:,1747647683405
counter/6/0/0/0,27315:1747647673582:,1747647683405
counter/9/0/0/0,30901:1747647673727:,1747647683405
counter/2/0/0/0,30845:1747647674676:,1747647683405
counter/6/0/0/0,27316:1747647673582:,1747647683405
counter/9/0/0/0,30902:1747647673727:,1747647683405
counter/2/0/0/0,30846:1747647674676:,1747647683405
counter/6/0/0/0,27317:1747647673582:,1747647683405
counter/9/0/0/0,30903:1747647673727:,1747647683405
counter/2/0/0/0,30847:1747647674676:,1747647683405
counter/6/0/0/0,27318:1747647673595:,1747647683405
counter/9/0/0/0,30904:1747647673727:,1747647683405
counter/2/0/0/0,30848:1747647674678:,1747647683405
counter/6/0/0/0,27319:1747647673595:,1747647683406
counter/9/0/0/0,30905:1747647673739:,1747647683406
counter/2/0/0/0,30849:1747647674678:,1747647683406
counter/6/0/0/0,27320:1747647673595:,1747647683406
counter/9/0/0/0,30906:1747647673740:,1747647683406
counter/2/0/0/0,30850:1747647674678:,1747647683406
counter/6/0/0/0,27321:1747647673595:,1747647683406
counter/9/0/0/0,30907:1747647673740:,1747647683406
counter/2/0/0/0,30851:1747647674678:,1747647683406
counter/6/0/0/0,27322:1747647673595:,1747647683406
counter/9/0/0/0,30908:1747647673740:,1747647683406
counter/2/0/0/0,30852:1747647674678:,1747647683406
counter/6/0/0/0,27323:1747647673595:,1747647683406
counter/9/0/0/0,30909:1747647673740:,1747647683406
counter/2/0/0/0,30853:1747647674704:,1747647683406
counter/6/0/0/0,27324:1747647673595:,1747647683406
counter/10/0/0/0,24798:1747647668471:,1747647683406
counter/5/0/0/0,27223:1747647671802:,1747647683406
counter/9/0/0/0,30910:1747647673740:,1747647683406
counter/2/0/0/0,30854:1747647674704:,1747647683406
counter/6/0/0/0,27325:1747647673595:,1747647683406
counter/10/0/0/0,24799:1747647668471:,1747647683406
counter/3/0/0/0,23647:1747647669912:,1747647683406
counter/7/0/0/0,27015:1747647671821:,1747647683406
counter/4/0/0/0,23118:1747647669950:,1747647683406
counter/9/0/0/0,30911:1747647673740:,1747647683406
counter/2/0/0/0,30855:1747647674704:,1747647683406
counter/6/0/0/0,27326:1747647673595:,1747647683406
counter/3/0/0/0,23648:1747647669912:,1747647683406
counter/7/0/0/0,27016:1747647671821:,1747647683406
counter/5/0/0/0,27224:1747647671802:,1747647683406
counter/9/0/0/0,30912:1747647673740:,1747647683406
counter/2/0/0/0,30856:1747647674704:,1747647683406
counter/6/0/0/0,27327:1747647673595:,1747647683406
counter/3/0/0/0,23649:1747647669912:,1747647683406
counter/7/0/0/0,27017:1747647671821:,1747647683406
counter/9/0/0/0,30913:1747647673740:,1747647683406
counter/2/0/0/0,30857:1747647674704:,1747647683406
counter/6/0/0/0,27328:1747647673595:,1747647683406
counter/3/0/0/0,23650:1747647669912:,1747647683406
counter/7/0/0/0,27018:1747647671821:,1747647683407
counter/4/0/0/0,23119:1747647669951:,1747647683407
counter/9/0/0/0,30914:1747647673740:,1747647683407
counter/2/0/0/0,30858:1747647674705:,1747647683407
counter/6/0/0/0,27329:1747647673595:,1747647683407
counter/7/0/0/0,27019:1747647671821:,1747647683407
counter/4/0/0/0,23120:1747647669952:,1747647683407
counter/9/0/0/0,30915:1747647673740:,1747647683407
counter/2/0/0/0,30859:1747647674705:,1747647683407
counter/6/0/0/0,27330:1747647673595:,1747647683407
counter/7/0/0/0,27020:1747647671821:,1747647683407
counter/4/0/0/0,23121:1747647669952:,1747647683407
counter/9/0/0/0,30916:1747647673740:,1747647683407
counter/2/0/0/0,30860:1747647674705:,1747647683407
counter/6/0/0/0,27331:1747647673595:,1747647683407
counter/7/0/0/0,27021:1747647671821:,1747647683407
counter/4/0/0/0,23122:1747647669952:,1747647683407
counter/9/0/0/0,30917:1747647673749:,1747647683407
counter/2/0/0/0,30861:1747647674705:,1747647683407
counter/6/0/0/0,27332:1747647673595:,1747647683407
counter/7/0/0/0,27022:1747647671821:,1747647683407
counter/4/0/0/0,23123:1747647669952:,1747647683407
counter/9/0/0/0,30918:1747647673749:,1747647683407
counter/2/0/0/0,30862:1747647674705:,1747647683407
counter/6/0/0/0,27333:1747647673595:,1747647683407
counter/7/0/0/0,27023:1747647671821:,1747647683407
counter/4/0/0/0,23124:1747647669952:,1747647683407
counter/9/0/0/0,30919:1747647673749:,1747647683407
counter/2/0/0/0,30863:1747647674705:,1747647683407
counter/6/0/0/0,27334:1747647673595:,1747647683407
counter/7/0/0/0,27024:1747647671821:,1747647683407
counter/4/0/0/0,23125:1747647669952:,1747647683407
counter/1/0/0/0,24389:1747647670778:,1747647683407
counter/3/0/0/0,23651:1747647669912:,1747647683407
counter/10/0/0/0,24800:1747647668471:,1747647683407
counter/9/0/0/0,30920:1747647673749:,1747647683407
counter/2/0/0/0,30864:1747647674705:,1747647683407
counter/6/0/0/0,27335:1747647673595:,1747647683408
counter/7/0/0/0,27025:1747647671821:,1747647683408
counter/4/0/0/0,23126:1747647669952:,1747647683408
counter/5/0/0/0,27225:1747647671802:,1747647683408
counter/9/0/0/0,30921:1747647673749:,1747647683408
counter/2/0/0/0,30865:1747647674707:,1747647683408
counter/6/0/0/0,27336:1747647673598:,1747647683408
counter/7/0/0/0,27026:1747647671821:,1747647683408
counter/4/0/0/0,23127:1747647669952:,1747647683408
counter/5/0/0/0,27226:1747647671802:,1747647683408
counter/9/0/0/0,30922:1747647673749:,1747647683408
counter/2/0/0/0,30866:1747647674707:,1747647683408
counter/6/0/0/0,27337:1747647673598:,1747647683408
counter/7/0/0/0,27027:1747647671821:,1747647683408
counter/4/0/0/0,23128:1747647669952:,1747647683408
counter/5/0/0/0,27227:1747647671805:,1747647683408
counter/9/0/0/0,30923:1747647673749:,1747647683408
counter/2/0/0/0,30867:1747647674707:,1747647683408
counter/6/0/0/0,27338:1747647673598:,1747647683408
counter/4/0/0/0,23129:1747647669952:,1747647683408
counter/9/0/0/0,30924:1747647673749:,1747647683408
counter/2/0/0/0,30868:1747647674707:,1747647683408
counter/6/0/0/0,27339:1747647673598:,1747647683408
counter/4/0/0/0,23130:1747647669953:,1747647683408
counter/9/0/0/0,30925:1747647673749:,1747647683408
counter/2/0/0/0,30869:1747647674707:,1747647683408
counter/6/0/0/0,27340:1747647673598:,1747647683408
counter/4/0/0/0,23131:1747647669953:,1747647683408
counter/9/0/0/0,30926:1747647673749:,1747647683408
counter/2/0/0/0,30870:1747647674707:,1747647683408
counter/6/0/0/0,27341:1747647673603:,1747647683408
counter/4/0/0/0,23132:1747647669953:,1747647683408
counter/9/0/0/0,30927:1747647673749:,1747647683408
counter/2/0/0/0,30871:1747647674707:,1747647683408
counter/6/0/0/0,27342:1747647673603:,1747647683408
counter/4/0/0/0,23133:1747647669953:,1747647683408
counter/9/0/0/0,30928:1747647673750:,1747647683408
counter/2/0/0/0,30872:1747647674707:,1747647683408
counter/6/0/0/0,27343:1747647673603:,1747647683408
counter/4/0/0/0,23134:1747647669958:,1747647683409
counter/9/0/0/0,30929:1747647673750:,1747647683409
counter/2/0/0/0,30873:1747647674707:,1747647683409
counter/6/0/0/0,27344:1747647673603:,1747647683409
counter/4/0/0/0,23135:1747647669958:,1747647683409
counter/9/0/0/0,30930:1747647673750:,1747647683409
counter/2/0/0/0,30874:1747647674707:,1747647683409
counter/6/0/0/0,27345:1747647673603:,1747647683409
counter/4/0/0/0,23136:1747647669958:,1747647683409
counter/9/0/0/0,30931:1747647673750:,1747647683409
counter/2/0/0/0,30875:1747647674707:,1747647683409
counter/6/0/0/0,27346:1747647673603:,1747647683409
counter/4/0/0/0,23137:1747647669958:,1747647683409
counter/9/0/0/0,30932:1747647673750:,1747647683409
counter/2/0/0/0,30876:1747647674707:,1747647683409
counter/6/0/0/0,27347:1747647673603:,1747647683409
counter/4/0/0/0,23138:1747647669959:,1747647683409
counter/9/0/0/0,30933:1747647673750:,1747647683409
counter/2/0/0/0,30877:1747647674707:,1747647683409
counter/6/0/0/0,27348:1747647673604:,1747647683409
counter/4/0/0/0,23139:1747647669959:,1747647683409
counter/9/0/0/0,30934:1747647673750:,1747647683409
counter/2/0/0/0,30878:1747647674707:,1747647683409
counter/6/0/0/0,27349:1747647673604:,1747647683409
counter/4/0/0/0,23140:1747647669960:,1747647683409
counter/9/0/0/0,30935:1747647673750:,1747647683409
counter/2/0/0/0,30879:1747647674707:,1747647683409
counter/6/0/0/0,27350:1747647673604:,1747647683409
counter/4/0/0/0,23141:1747647669960:,1747647683409
counter/9/0/0/0,30936:1747647673750:,1747647683409
counter/2/0/0/0,30880:1747647674707:,1747647683409
counter/6/0/0/0,27351:1747647673604:,1747647683409
counter/4/0/0/0,23142:1747647669960:,1747647683409
counter/9/0/0/0,30937:1747647673757:,1747647683409
counter/2/0/0/0,30881:1747647674707:,1747647683409
counter/6/0/0/0,27352:1747647673604:,1747647683409
counter/4/0/0/0,23143:1747647669960:,1747647683409
counter/9/0/0/0,30938:1747647673757:,1747647683409
counter/2/0/0/0,30882:1747647674709:,1747647683410
counter/6/0/0/0,27353:1747647673618:,1747647683410
counter/9/0/0/0,30939:1747647673757:,1747647683410
counter/2/0/0/0,30883:1747647674709:,1747647683410
counter/6/0/0/0,27354:1747647673618:,1747647683410
counter/9/0/0/0,30940:1747647673757:,1747647683410
counter/2/0/0/0,30884:1747647674709:,1747647683410
counter/6/0/0/0,27355:1747647673618:,1747647683410
counter/9/0/0/0,30941:1747647673757:,1747647683410
counter/2/0/0/0,30885:1747647674709:,1747647683410
counter/6/0/0/0,27356:1747647673618:,1747647683410
counter/9/0/0/0,30942:1747647673757:,1747647683410
counter/2/0/0/0,30886:1747647674721:,1747647683410
counter/6/0/0/0,27357:1747647673618:,1747647683410
counter/9/0/0/0,30943:1747647673758:,1747647683410
counter/2/0/0/0,30887:1747647674721:,1747647683410
counter/6/0/0/0,27358:1747647673618:,1747647683410
counter/9/0/0/0,30944:1747647673760:,1747647683410
counter/2/0/0/0,30888:1747647674721:,1747647683410
counter/6/0/0/0,27359:1747647673619:,1747647683410
counter/4/0/0/0,23144:1747647669961:,1747647683410
counter/9/0/0/0,30945:1747647673760:,1747647683410
counter/2/0/0/0,30889:1747647674721:,1747647683410
counter/6/0/0/0,27360:1747647673619:,1747647683410
counter/5/0/0/0,27228:1747647671805:,1747647683410
counter/7/0/0/0,27028:1747647671821:,1747647683410
counter/9/0/0/0,30946:1747647673760:,1747647683410
counter/2/0/0/0,30890:1747647674722:,1747647683410
counter/6/0/0/0,27361:1747647673619:,1747647683410
counter/5/0/0/0,27229:1747647671805:,1747647683410
counter/9/0/0/0,30947:1747647673760:,1747647683410
counter/2/0/0/0,30891:1747647674722:,1747647683410
counter/6/0/0/0,27362:1747647673622:,1747647683410
counter/5/0/0/0,27230:1747647671805:,1747647683410
counter/9/0/0/0,30948:1747647673760:,1747647683410
counter/2/0/0/0,30892:1747647674722:,1747647683410
counter/6/0/0/0,27363:1747647673628:,1747647683410
counter/5/0/0/0,27231:1747647671805:,1747647683410
counter/9/0/0/0,30949:1747647673760:,1747647683411
counter/2/0/0/0,30893:1747647674722:,1747647683411
counter/6/0/0/0,27364:1747647673628:,1747647683411
counter/5/0/0/0,27232:1747647671805:,1747647683411
counter/9/0/0/0,30950:1747647673760:,1747647683411
counter/2/0/0/0,30894:1747647674722:,1747647683411
counter/6/0/0/0,27365:1747647673628:,1747647683411
counter/5/0/0/0,27233:1747647671807:,1747647683411
counter/9/0/0/0,30951:1747647673760:,1747647683411
counter/2/0/0/0,30895:1747647674722:,1747647683411
counter/6/0/0/0,27366:1747647673628:,1747647683411
counter/5/0/0/0,27234:1747647671807:,1747647683411
counter/9/0/0/0,30952:1747647673760:,1747647683411
counter/2/0/0/0,30896:1747647674722:,1747647683411
counter/6/0/0/0,27367:1747647673628:,1747647683411
counter/5/0/0/0,27235:1747647671808:,1747647683411
counter/9/0/0/0,30953:1747647673760:,1747647683411
counter/2/0/0/0,30897:1747647674722:,1747647683411
counter/6/0/0/0,27368:1747647673628:,1747647683411
counter/5/0/0/0,27236:1747647671808:,1747647683411
counter/9/0/0/0,30954:1747647673760:,1747647683411
counter/2/0/0/0,30898:1747647674722:,1747647683411
counter/6/0/0/0,27369:1747647673628:,1747647683411
counter/5/0/0/0,27237:1747647671808:,1747647683411
counter/9/0/0/0,30955:1747647673765:,1747647683411
counter/2/0/0/0,30899:1747647674722:,1747647683411
counter/6/0/0/0,27370:1747647673628:,1747647683411
counter/5/0/0/0,27238:1747647671808:,1747647683411
counter/9/0/0/0,30956:1747647673766:,1747647683411
counter/2/0/0/0,30900:1747647674722:,1747647683411
counter/6/0/0/0,27371:1747647673628:,1747647683411
counter/5/0/0/0,27239:1747647671808:,1747647683411
counter/9/0/0/0,30957:1747647673766:,1747647683411
counter/2/0/0/0,30901:1747647674732:,1747647683411
counter/6/0/0/0,27372:1747647673628:,1747647683411
counter/5/0/0/0,27240:1747647671808:,1747647683411
counter/9/0/0/0,30958:1747647673766:,1747647683411
counter/2/0/0/0,30902:1747647674732:,1747647683411
counter/6/0/0/0,27373:1747647673629:,1747647683411
counter/5/0/0/0,27241:1747647671808:,1747647683411
counter/9/0/0/0,30959:1747647673766:,1747647683411
counter/2/0/0/0,30903:1747647674732:,1747647683411
counter/6/0/0/0,27374:1747647673629:,1747647683411
counter/5/0/0/0,27242:1747647671808:,1747647683412
counter/9/0/0/0,30960:1747647673766:,1747647683412
counter/2/0/0/0,30904:1747647674732:,1747647683412
counter/6/0/0/0,27375:1747647673630:,1747647683412
counter/5/0/0/0,27243:1747647671811:,1747647683412
counter/9/0/0/0,30961:1747647673766:,1747647683412
counter/2/0/0/0,30905:1747647674732:,1747647683412
counter/6/0/0/0,27376:1747647673630:,1747647683412
counter/5/0/0/0,27244:1747647671814:,1747647683412
counter/9/0/0/0,30962:1747647673766:,1747647683412
counter/2/0/0/0,30906:1747647674732:,1747647683412
counter/6/0/0/0,27377:1747647673630:,1747647683412
counter/5/0/0/0,27245:1747647671815:,1747647683412
counter/9/0/0/0,30963:1747647673766:,1747647683412
counter/2/0/0/0,30907:1747647674732:,1747647683412
counter/6/0/0/0,27378:1747647673630:,1747647683412
counter/5/0/0/0,27246:1747647671815:,1747647683412
counter/9/0/0/0,30964:1747647673766:,1747647683412
counter/2/0/0/0,30908:1747647674732:,1747647683412
counter/6/0/0/0,27379:1747647673630:,1747647683412
counter/5/0/0/0,27247:1747647671815:,1747647683412
counter/9/0/0/0,30965:1747647673766:,1747647683412
counter/2/0/0/0,30909:1747647674732:,1747647683412
counter/6/0/0/0,27380:1747647673647:,1747647683412
counter/5/0/0/0,27248:1747647671815:,1747647683412
counter/9/0/0/0,30966:1747647673766:,1747647683412
counter/2/0/0/0,30910:1747647674732:,1747647683412
counter/6/0/0/0,27381:1747647673647:,1747647683412
counter/5/0/0/0,27249:1747647671815:,1747647683412
counter/9/0/0/0,30967:1747647673768:,1747647683412
counter/2/0/0/0,30911:1747647674732:,1747647683412
counter/6/0/0/0,27382:1747647673647:,1747647683412
counter/5/0/0/0,27250:1747647671817:,1747647683412
counter/9/0/0/0,30968:1747647673768:,1747647683412
counter/2/0/0/0,30912:1747647674732:,1747647683412
counter/6/0/0/0,27383:1747647673647:,1747647683412
counter/5/0/0/0,27251:1747647671821:,1747647683412
counter/9/0/0/0,30969:1747647673768:,1747647683412
counter/2/0/0/0,30913:1747647674732:,1747647683412
counter/6/0/0/0,27384:1747647673647:,1747647683412
counter/5/0/0/0,27252:1747647671822:,1747647683412
counter/9/0/0/0,30970:1747647673768:,1747647683413
counter/2/0/0/0,30914:1747647674732:,1747647683413
counter/6/0/0/0,27385:1747647673647:,1747647683413
counter/5/0/0/0,27253:1747647671822:,1747647683413
counter/9/0/0/0,30971:1747647673768:,1747647683413
counter/2/0/0/0,30915:1747647674732:,1747647683413
counter/6/0/0/0,27386:1747647673647:,1747647683413
counter/5/0/0/0,27254:1747647671822:,1747647683413
counter/9/0/0/0,30972:1747647673768:,1747647683413
counter/2/0/0/0,30916:1747647674732:,1747647683413
counter/6/0/0/0,27387:1747647673647:,1747647683413
counter/5/0/0/0,27255:1747647671822:,1747647683413
counter/9/0/0/0,30973:1747647673768:,1747647683413
counter/2/0/0/0,30917:1747647674732:,1747647683413
counter/6/0/0/0,27388:1747647673647:,1747647683413
counter/5/0/0/0,27256:1747647671822:,1747647683413
counter/9/0/0/0,30974:1747647673768:,1747647683413
counter/2/0/0/0,30918:1747647674732:,1747647683413
counter/6/0/0/0,27389:1747647673647:,1747647683413
counter/5/0/0/0,27257:1747647671822:,1747647683413
counter/9/0/0/0,30975:1747647673768:,1747647683413
counter/2/0/0/0,30919:1747647674732:,1747647683413
counter/6/0/0/0,27390:1747647673647:,1747647683413
counter/5/0/0/0,27258:1747647671822:,1747647683413
counter/9/0/0/0,30976:1747647673768:,1747647683413
counter/2/0/0/0,30920:1747647674732:,1747647683413
counter/6/0/0/0,27391:1747647673647:,1747647683413
counter/5/0/0/0,27259:1747647671822:,1747647683413
counter/9/0/0/0,30977:1747647673768:,1747647683413
counter/2/0/0/0,30921:1747647674733:,1747647683413
counter/6/0/0/0,27392:1747647673647:,1747647683413
counter/5/0/0/0,27260:1747647671822:,1747647683413
counter/9/0/0/0,30978:1747647673768:,1747647683413
counter/2/0/0/0,30922:1747647674733:,1747647683413
counter/6/0/0/0,27393:1747647673651:,1747647683413
counter/5/0/0/0,27261:1747647671822:,1747647683413
counter/9/0/0/0,30979:1747647673768:,1747647683413
counter/2/0/0/0,30923:1747647674733:,1747647683413
counter/6/0/0/0,27394:1747647673652:,1747647683413
counter/5/0/0/0,27262:1747647671822:,1747647683413
counter/9/0/0/0,30980:1747647673778:,1747647683413
counter/2/0/0/0,30924:1747647674733:,1747647683413
counter/6/0/0/0,27395:1747647673652:,1747647683413
counter/5/0/0/0,27263:1747647671822:,1747647683413
counter/9/0/0/0,30981:1747647673778:,1747647683414
counter/2/0/0/0,30925:1747647674733:,1747647683414
counter/6/0/0/0,27396:1747647673652:,1747647683414
counter/5/0/0/0,27264:1747647671822:,1747647683414
counter/9/0/0/0,30982:1747647673778:,1747647683414
counter/2/0/0/0,30926:1747647674733:,1747647683414
counter/6/0/0/0,27397:1747647673652:,1747647683414
counter/5/0/0/0,27265:1747647671822:,1747647683414
counter/9/0/0/0,30983:1747647673778:,1747647683414
counter/2/0/0/0,30927:1747647674733:,1747647683414
counter/6/0/0/0,27398:1747647673652:,1747647683414
counter/5/0/0/0,27266:1747647671822:,1747647683414
counter/7/0/0/0,27029:1747647671829:,1747647683414
counter/10/0/0/0,24801:1747647668471:,1747647683414
counter/9/0/0/0,30984:1747647673778:,1747647683414
counter/2/0/0/0,30928:1747647674733:,1747647683414
counter/6/0/0/0,27399:1747647673652:,1747647683414
counter/5/0/0/0,27267:1747647671824:,1747647683414
counter/9/0/0/0,30985:1747647673778:,1747647683414
counter/2/0/0/0,30929:1747647674733:,1747647683414
counter/6/0/0/0,27400:1747647673662:,1747647683414
counter/5/0/0/0,27268:1747647671825:,1747647683414
counter/4/0/0/0,23145:1747647669961:,1747647683414
counter/9/0/0/0,30986:1747647673778:,1747647683414
counter/2/0/0/0,30930:1747647674733:,1747647683414
counter/6/0/0/0,27401:1747647673662:,1747647683414
counter/5/0/0/0,27269:1747647671825:,1747647683414
counter/9/0/0/0,30987:1747647673778:,1747647683414
counter/2/0/0/0,30931:1747647674733:,1747647683414
counter/6/0/0/0,27402:1747647673662:,1747647683414
counter/5/0/0/0,27270:1747647671825:,1747647683414
counter/9/0/0/0,30988:1747647673778:,1747647683414
counter/2/0/0/0,30932:1747647674733:,1747647683414
counter/6/0/0/0,27403:1747647673664:,1747647683414
counter/5/0/0/0,27271:1747647671825:,1747647683414
counter/9/0/0/0,30989:1747647673778:,1747647683414
counter/2/0/0/0,30933:1747647674733:,1747647683414
counter/6/0/0/0,27404:1747647673664:,1747647683414
counter/5/0/0/0,27272:1747647671825:,1747647683414
counter/10/0/0/0,24802:1747647668472:,1747647683414
counter/4/0/0/0,23146:1747647669961:,1747647683414
counter/9/0/0/0,30990:1747647673778:,1747647683414
counter/2/0/0/0,30934:1747647674733:,1747647683414
counter/6/0/0/0,27405:1747647673664:,1747647683414
counter/5/0/0/0,27273:1747647671825:,1747647683414
counter/7/0/0/0,27030:1747647671831:,1747647683415
counter/1/0/0/0,24390:1747647670778:,1747647683415
counter/9/0/0/0,30991:1747647673778:,1747647683415
counter/2/0/0/0,30935:1747647674733:,1747647683415
counter/6/0/0/0,27406:1747647673664:,1747647683415
counter/5/0/0/0,27274:1747647671825:,1747647683415
counter/9/0/0/0,30992:1747647673778:,1747647683415
counter/2/0/0/0,30936:1747647674733:,1747647683415
counter/6/0/0/0,27407:1747647673664:,1747647683415
counter/5/0/0/0,27275:1747647671825:,1747647683415
counter/9/0/0/0,30993:1747647673778:,1747647683415
counter/2/0/0/0,30937:1747647674733:,1747647683415
counter/6/0/0/0,27408:1747647673664:,1747647683415
counter/5/0/0/0,27276:1747647671825:,1747647683415
counter/9/0/0/0,30994:1747647673778:,1747647683415
counter/2/0/0/0,30938:1747647674733:,1747647683415
counter/6/0/0/0,27409:1747647673664:,1747647683415
counter/5/0/0/0,27277:1747647671825:,1747647683415
counter/9/0/0/0,30995:1747647673778:,1747647683415
counter/2/0/0/0,30939:1747647674733:,1747647683415
counter/6/0/0/0,27410:1747647673664:,1747647683415
counter/5/0/0/0,27278:1747647671825:,1747647683415
counter/9/0/0/0,30996:1747647673778:,1747647683415
counter/2/0/0/0,30940:1747647674737:,1747647683415
counter/6/0/0/0,27411:1747647673671:,1747647683415
counter/5/0/0/0,27279:1747647671825:,1747647683415
counter/9/0/0/0,30997:1747647673778:,1747647683415
counter/2/0/0/0,30941:1747647674737:,1747647683415
counter/6/0/0/0,27412:1747647673671:,1747647683415
counter/5/0/0/0,27280:1747647671825:,1747647683415
counter/9/0/0/0,30998:1747647673778:,1747647683415
counter/2/0/0/0,30942:1747647674738:,1747647683415
counter/6/0/0/0,27413:1747647673672:,1747647683415
counter/5/0/0/0,27281:1747647671825:,1747647683415
counter/9/0/0/0,30999:1747647673778:,1747647683415
counter/2/0/0/0,30943:1747647674738:,1747647683415
counter/6/0/0/0,27414:1747647673672:,1747647683415
counter/5/0/0/0,27282:1747647671825:,1747647683415
counter/9/0/0/0,31000:1747647673778:,1747647683415
counter/2/0/0/0,30944:1747647674738:,1747647683415
counter/6/0/0/0,27415:1747647673672:,1747647683415
counter/5/0/0/0,27283:1747647671825:,1747647683415
counter/9/0/0/0,31001:1747647673779:,1747647683415
counter/2/0/0/0,30945:1747647674738:,1747647683416
counter/6/0/0/0,27416:1747647673672:,1747647683416
counter/5/0/0/0,27284:1747647671825:,1747647683416
counter/9/0/0/0,31002:1747647673779:,1747647683416
counter/2/0/0/0,30946:1747647674738:,1747647683416
counter/6/0/0/0,27417:1747647673672:,1747647683416
counter/5/0/0/0,27285:1747647671825:,1747647683416
counter/9/0/0/0,31003:1747647673780:,1747647683416
counter/2/0/0/0,30947:1747647674738:,1747647683416
counter/6/0/0/0,27418:1747647673672:,1747647683416
counter/5/0/0/0,27286:1747647671825:,1747647683416
counter/9/0/0/0,31004:1747647673781:,1747647683416
counter/2/0/0/0,30948:1747647674739:,1747647683416
counter/6/0/0/0,27419:1747647673672:,1747647683416
counter/5/0/0/0,27287:1747647671836:,1747647683416
counter/9/0/0/0,31005:1747647673781:,1747647683416
counter/2/0/0/0,30949:1747647674739:,1747647683416
counter/6/0/0/0,27420:1747647673672:,1747647683416
counter/5/0/0/0,27288:1747647671836:,1747647683416
counter/9/0/0/0,31006:1747647673781:,1747647683416
counter/2/0/0/0,30950:1747647674739:,1747647683416
counter/6/0/0/0,27421:1747647673672:,1747647683416
counter/5/0/0/0,27289:1747647671836:,1747647683416
counter/9/0/0/0,31007:1747647673781:,1747647683416
counter/2/0/0/0,30951:1747647674739:,1747647683416
counter/6/0/0/0,27422:1747647673678:,1747647683416
counter/5/0/0/0,27290:1747647671841:,1747647683416
counter/9/0/0/0,31008:1747647673781:,1747647683416
counter/2/0/0/0,30952:1747647674739:,1747647683416
counter/6/0/0/0,27423:1747647673678:,1747647683416
counter/5/0/0/0,27291:1747647671845:,1747647683416
counter/9/0/0/0,31009:1747647673781:,1747647683416
counter/2/0/0/0,30953:1747647674739:,1747647683416
counter/6/0/0/0,27424:1747647673678:,1747647683416
counter/5/0/0/0,27292:1747647671845:,1747647683416
counter/9/0/0/0,31010:1747647673781:,1747647683416
counter/2/0/0/0,30954:1747647674739:,1747647683416
counter/6/0/0/0,27425:1747647673678:,1747647683416
counter/5/0/0/0,27293:1747647671845:,1747647683416
counter/9/0/0/0,31011:1747647673781:,1747647683416
counter/2/0/0/0,30955:1747647674739:,1747647683416
counter/6/0/0/0,27426:1747647673678:,1747647683416
counter/5/0/0/0,27294:1747647671845:,1747647683416
counter/9/0/0/0,31012:1747647673781:,1747647683416
counter/2/0/0/0,30956:1747647674739:,1747647683416
counter/6/0/0/0,27427:1747647673678:,1747647683416
counter/5/0/0/0,27295:1747647671845:,1747647683416
counter/9/0/0/0,31013:1747647673781:,1747647683416
counter/2/0/0/0,30957:1747647674739:,1747647683417
counter/6/0/0/0,27428:1747647673678:,1747647683417
counter/5/0/0/0,27296:1747647671845:,1747647683417
counter/9/0/0/0,31014:1747647673781:,1747647683417
counter/2/0/0/0,30958:1747647674740:,1747647683417
counter/6/0/0/0,27429:1747647673678:,1747647683417
counter/5/0/0/0,27297:1747647671845:,1747647683417
counter/9/0/0/0,31015:1747647673781:,1747647683417
counter/2/0/0/0,30959:1747647674740:,1747647683417
counter/6/0/0/0,27430:1747647673678:,1747647683417
counter/5/0/0/0,27298:1747647671845:,1747647683417
counter/9/0/0/0,31016:1747647673788:,1747647683417
counter/2/0/0/0,30960:1747647674740:,1747647683417
counter/6/0/0/0,27431:1747647673678:,1747647683417
counter/5/0/0/0,27299:1747647671845:,1747647683417
counter/9/0/0/0,31017:1747647673788:,1747647683417
counter/2/0/0/0,30961:1747647674740:,1747647683417
counter/6/0/0/0,27432:1747647673678:,1747647683417
counter/5/0/0/0,27300:1747647671845:,1747647683417
counter/9/0/0/0,31018:1747647673788:,1747647683417
counter/2/0/0/0,30962:1747647674740:,1747647683417
counter/6/0/0/0,27433:1747647673678:,1747647683417
counter/5/0/0/0,27301:1747647671845:,1747647683417
counter/9/0/0/0,31019:1747647673788:,1747647683417
counter/2/0/0/0,30963:1747647674740:,1747647683417
counter/6/0/0/0,27434:1747647673678:,1747647683417
counter/5/0/0/0,27302:1747647671845:,1747647683417
counter/9/0/0/0,31020:1747647673788:,1747647683417
counter/2/0/0/0,30964:1747647674744:,1747647683417
counter/6/0/0/0,27435:1747647673678:,1747647683417
counter/5/0/0/0,27303:1747647671846:,1747647683417
counter/9/0/0/0,31021:1747647673788:,1747647683417
counter/2/0/0/0,30965:1747647674744:,1747647683417
counter/6/0/0/0,27436:1747647673681:,1747647683417
counter/5/0/0/0,27304:1747647671846:,1747647683417
counter/9/0/0/0,31022:1747647673788:,1747647683417
counter/2/0/0/0,30966:1747647674744:,1747647683417
counter/6/0/0/0,27437:1747647673681:,1747647683417
counter/5/0/0/0,27305:1747647671846:,1747647683417
counter/9/0/0/0,31023:1747647673788:,1747647683417
counter/2/0/0/0,30967:1747647674744:,1747647683417
counter/6/0/0/0,27438:1747647673681:,1747647683418
counter/5/0/0/0,27306:1747647671846:,1747647683418
counter/9/0/0/0,31024:1747647673788:,1747647683418
counter/2/0/0/0,30968:1747647674744:,1747647683418
counter/6/0/0/0,27439:1747647673692:,1747647683418
counter/5/0/0/0,27307:1747647671846:,1747647683418
counter/9/0/0/0,31025:1747647673788:,1747647683418
counter/2/0/0/0,30969:1747647674744:,1747647683418
counter/6/0/0/0,27440:1747647673692:,1747647683418
counter/5/0/0/0,27308:1747647671846:,1747647683418
counter/9/0/0/0,31026:1747647673797:,1747647683418
counter/2/0/0/0,30970:1747647674744:,1747647683418
counter/6/0/0/0,27441:1747647673692:,1747647683418
counter/5/0/0/0,27309:1747647671846:,1747647683418
counter/9/0/0/0,31027:1747647673797:,1747647683418
counter/2/0/0/0,30971:1747647674744:,1747647683418
counter/6/0/0/0,27442:1747647673692:,1747647683418
counter/5/0/0/0,27310:1747647671846:,1747647683418
counter/9/0/0/0,31028:1747647673797:,1747647683418
counter/2/0/0/0,30972:1747647674744:,1747647683418
counter/6/0/0/0,27443:1747647673692:,1747647683418
counter/5/0/0/0,27311:1747647671846:,1747647683418
counter/9/0/0/0,31029:1747647673797:,1747647683418
counter/2/0/0/0,30973:1747647674744:,1747647683418
counter/6/0/0/0,27444:1747647673692:,1747647683418
counter/5/0/0/0,27312:1747647671846:,1747647683418
counter/9/0/0/0,31030:1747647673797:,1747647683418
counter/2/0/0/0,30974:1747647674744:,1747647683418
counter/6/0/0/0,27445:1747647673693:,1747647683418
counter/5/0/0/0,27313:1747647671846:,1747647683418
counter/9/0/0/0,31031:1747647673797:,1747647683418
counter/2/0/0/0,30975:1747647674744:,1747647683418
counter/6/0/0/0,27446:1747647673694:,1747647683418
counter/5/0/0/0,27314:1747647671846:,1747647683418
counter/8/0/0/0,27921:1747647671584:,1747647683418
counter/4/0/0/0,23147:1747647669961:,1747647683418
counter/9/0/0/0,31032:1747647673797:,1747647683418
counter/2/0/0/0,30976:1747647674745:,1747647683418
counter/6/0/0/0,27447:1747647673694:,1747647683418
counter/5/0/0/0,27315:1747647671846:,1747647683418
counter/7/0/0/0,27031:1747647671844:,1747647683418
counter/10/0/0/0,24803:1747647668472:,1747647683418
counter/9/0/0/0,31033:1747647673797:,1747647683418
counter/2/0/0/0,30977:1747647674745:,1747647683418
counter/6/0/0/0,27448:1747647673694:,1747647683419
counter/5/0/0/0,27316:1747647671846:,1747647683419
counter/7/0/0/0,27032:1747647671844:,1747647683419
counter/9/0/0/0,31034:1747647673797:,1747647683419
counter/2/0/0/0,30978:1747647674745:,1747647683419
counter/6/0/0/0,27449:1747647673694:,1747647683419
counter/5/0/0/0,27317:1747647671846:,1747647683419
counter/7/0/0/0,27033:1747647671844:,1747647683419
counter/9/0/0/0,31035:1747647673797:,1747647683419
counter/2/0/0/0,30979:1747647674745:,1747647683419
counter/6/0/0/0,27450:1747647673695:,1747647683419
counter/5/0/0/0,27318:1747647671846:,1747647683419
counter/7/0/0/0,27034:1747647671844:,1747647683419
counter/9/0/0/0,31036:1747647673797:,1747647683419
counter/2/0/0/0,30980:1747647674745:,1747647683419
counter/6/0/0/0,27451:1747647673698:,1747647683419
counter/5/0/0/0,27319:1747647671846:,1747647683419
counter/7/0/0/0,27035:1747647671850:,1747647683419
counter/9/0/0/0,31037:1747647673798:,1747647683419
counter/2/0/0/0,30981:1747647674764:,1747647683419
counter/6/0/0/0,27452:1747647673698:,1747647683419
counter/5/0/0/0,27320:1747647671847:,1747647683419
counter/7/0/0/0,27036:1747647671853:,1747647683419
counter/1/0/0/0,24391:1747647670778:,1747647683419
counter/9/0/0/0,31038:1747647673798:,1747647683419
counter/2/0/0/0,30982:1747647674764:,1747647683419
counter/6/0/0/0,27453:1747647673698:,1747647683419
counter/5/0/0/0,27321:1747647671847:,1747647683419
counter/7/0/0/0,27037:1747647671853:,1747647683419
counter/9/0/0/0,31039:1747647673798:,1747647683419
counter/2/0/0/0,30983:1747647674764:,1747647683419
counter/6/0/0/0,27454:1747647673698:,1747647683419
counter/5/0/0/0,27322:1747647671847:,1747647683419
counter/7/0/0/0,27038:1747647671853:,1747647683419
counter/9/0/0/0,31040:1747647673798:,1747647683419
counter/2/0/0/0,30984:1747647674764:,1747647683419
counter/6/0/0/0,27455:1747647673698:,1747647683419
counter/5/0/0/0,27323:1747647671847:,1747647683419
counter/7/0/0/0,27039:1747647671853:,1747647683419
counter/3/0/0/0,23652:1747647669912:,1747647683419
counter/4/0/0/0,23148:1747647669961:,1747647683419
counter/9/0/0/0,31041:1747647673798:,1747647683419
counter/2/0/0/0,30985:1747647674764:,1747647683419
counter/6/0/0/0,27456:1747647673698:,1747647683419
counter/5/0/0/0,27324:1747647671847:,1747647683419
counter/7/0/0/0,27040:1747647671853:,1747647683420
counter/3/0/0/0,23653:1747647669912:,1747647683420
counter/9/0/0/0,31042:1747647673798:,1747647683420
counter/2/0/0/0,30986:1747647674764:,1747647683420
counter/6/0/0/0,27457:1747647673698:,1747647683420
counter/5/0/0/0,27325:1747647671848:,1747647683420
counter/7/0/0/0,27041:1747647671853:,1747647683420
counter/9/0/0/0,31043:1747647673798:,1747647683420
counter/2/0/0/0,30987:1747647674764:,1747647683420
counter/6/0/0/0,27458:1747647673698:,1747647683420
counter/5/0/0/0,27326:1747647671855:,1747647683420
counter/7/0/0/0,27042:1747647671853:,1747647683420
counter/8/0/0/0,27922:1747647671584:,1747647683420
counter/9/0/0/0,31044:1747647673798:,1747647683420
counter/2/0/0/0,30988:1747647674764:,1747647683420
counter/6/0/0/0,27459:1747647673698:,1747647683420
counter/5/0/0/0,27327:1747647671855:,1747647683420
counter/7/0/0/0,27043:1747647671853:,1747647683420
counter/3/0/0/0,23654:1747647669912:,1747647683420
counter/9/0/0/0,31045:1747647673798:,1747647683420
counter/2/0/0/0,30989:1747647674764:,1747647683420
counter/6/0/0/0,27460:1747647673698:,1747647683420
counter/5/0/0/0,27328:1747647671855:,1747647683420
counter/7/0/0/0,27044:1747647671853:,1747647683420
counter/3/0/0/0,23655:1747647669912:,1747647683420
counter/9/0/0/0,31046:1747647673798:,1747647683420
counter/2/0/0/0,30990:1747647674764:,1747647683420
counter/6/0/0/0,27461:1747647673698:,1747647683420
counter/5/0/0/0,27329:1747647671855:,1747647683420
counter/7/0/0/0,27045:1747647671853:,1747647683420
counter/3/0/0/0,23656:1747647669912:,1747647683420
counter/1/0/0/0,24392:1747647670778:,1747647683420
counter/9/0/0/0,31047:1747647673798:,1747647683420
counter/2/0/0/0,30991:1747647674764:,1747647683420
counter/6/0/0/0,27462:1747647673698:,1747647683420
counter/5/0/0/0,27330:1747647671855:,1747647683420
counter/7/0/0/0,27046:1747647671853:,1747647683420
counter/3/0/0/0,23657:1747647669912:,1747647683420
counter/9/0/0/0,31048:1747647673798:,1747647683420
counter/2/0/0/0,30992:1747647674764:,1747647683420
counter/6/0/0/0,27463:1747647673699:,1747647683420
counter/5/0/0/0,27331:1747647671855:,1747647683420
counter/7/0/0/0,27047:1747647671853:,1747647683420
counter/3/0/0/0,23658:1747647669912:,1747647683420
counter/8/0/0/0,27923:1747647671584:,1747647683421
counter/10/0/0/0,24804:1747647668472:,1747647683421
counter/9/0/0/0,31049:1747647673798:,1747647683421
counter/2/0/0/0,30993:1747647674764:,1747647683421
counter/6/0/0/0,27464:1747647673699:,1747647683421
counter/5/0/0/0,27332:1747647671855:,1747647683421
counter/7/0/0/0,27048:1747647671853:,1747647683421
counter/3/0/0/0,23659:1747647669912:,1747647683421
counter/8/0/0/0,27924:1747647671584:,1747647683421
counter/10/0/0/0,24805:1747647668472:,1747647683421
counter/4/0/0/0,23149:1747647669961:,1747647683421
counter/9/0/0/0,31050:1747647673798:,1747647683421
counter/2/0/0/0,30994:1747647674764:,1747647683421
counter/6/0/0/0,27465:1747647673699:,1747647683421
counter/5/0/0/0,27333:1747647671855:,1747647683421
counter/7/0/0/0,27049:1747647671853:,1747647683421
counter/3/0/0/0,23660:1747647669912:,1747647683421
counter/8/0/0/0,27925:1747647671584:,1747647683421
counter/10/0/0/0,24806:1747647668472:,1747647683421
counter/9/0/0/0,31051:1747647673798:,1747647683421
counter/2/0/0/0,30995:1747647674764:,1747647683421
counter/6/0/0/0,27466:1747647673714:,1747647683421
counter/5/0/0/0,27334:1747647671855:,1747647683421
counter/7/0/0/0,27050:1747647671853:,1747647683421
counter/3/0/0/0,23661:1747647669912:,1747647683421
counter/8/0/0/0,27926:1747647671584:,1747647683421
counter/10/0/0/0,24807:1747647668472:,1747647683421
counter/9/0/0/0,31052:1747647673798:,1747647683421
counter/2/0/0/0,30996:1747647674776:,1747647683421
counter/6/0/0/0,27467:1747647673714:,1747647683421
counter/5/0/0/0,27335:1747647671855:,1747647683421
counter/7/0/0/0,27051:1747647671853:,1747647683421
counter/3/0/0/0,23662:1747647669912:,1747647683421
counter/8/0/0/0,27927:1747647671584:,1747647683421
counter/10/0/0/0,24808:1747647668472:,1747647683421
counter/9/0/0/0,31053:1747647673798:,1747647683421
counter/2/0/0/0,30997:1747647674777:,1747647683421
counter/6/0/0/0,27468:1747647673714:,1747647683421
counter/5/0/0/0,27336:1747647671855:,1747647683422
counter/7/0/0/0,27052:1747647671853:,1747647683422
counter/3/0/0/0,23663:1747647669912:,1747647683422
counter/8/0/0/0,27928:1747647671584:,1747647683422
counter/9/0/0/0,31054:1747647673800:,1747647683422
counter/2/0/0/0,30998:1747647674777:,1747647683422
counter/6/0/0/0,27469:1747647673714:,1747647683422
counter/5/0/0/0,27337:1747647671855:,1747647683422
counter/7/0/0/0,27053:1747647671853:,1747647683422
counter/3/0/0/0,23664:1747647669912:,1747647683422
counter/8/0/0/0,27929:1747647671584:,1747647683422
counter/9/0/0/0,31055:1747647673800:,1747647683422
counter/2/0/0/0,30999:1747647674777:,1747647683422
counter/6/0/0/0,27470:1747647673714:,1747647683422
counter/5/0/0/0,27338:1747647671863:,1747647683422
counter/7/0/0/0,27054:1747647671853:,1747647683422
counter/3/0/0/0,23665:1747647669912:,1747647683422
counter/8/0/0/0,27930:1747647671584:,1747647683422
counter/9/0/0/0,31056:1747647673800:,1747647683422
counter/2/0/0/0,31000:1747647674777:,1747647683422
counter/6/0/0/0,27471:1747647673714:,1747647683422
counter/5/0/0/0,27339:1747647671863:,1747647683422
counter/7/0/0/0,27055:1747647671853:,1747647683422
counter/3/0/0/0,23666:1747647669912:,1747647683422
counter/8/0/0/0,27931:1747647671584:,1747647683422
counter/9/0/0/0,31057:1747647673800:,1747647683422
counter/2/0/0/0,31001:1747647674777:,1747647683422
counter/6/0/0/0,27472:1747647673714:,1747647683422
counter/5/0/0/0,27340:1747647671863:,1747647683422
counter/7/0/0/0,27056:1747647671853:,1747647683422
counter/3/0/0/0,23667:1747647669912:,1747647683422
counter/8/0/0/0,27932:1747647671584:,1747647683422
counter/9/0/0/0,31058:1747647673800:,1747647683422
counter/2/0/0/0,31002:1747647674777:,1747647683422
counter/6/0/0/0,27473:1747647673714:,1747647683422
counter/5/0/0/0,27341:1747647671863:,1747647683422
counter/7/0/0/0,27057:1747647671853:,1747647683422
counter/3/0/0/0,23668:1747647669912:,1747647683422
counter/8/0/0/0,27933:1747647671584:,1747647683422
counter/9/0/0/0,31059:1747647673800:,1747647683422
counter/2/0/0/0,31003:1747647674777:,1747647683422
counter/6/0/0/0,27474:1747647673714:,1747647683422
counter/5/0/0/0,27342:1747647671863:,1747647683422
counter/7/0/0/0,27058:1747647671853:,1747647683422
counter/3/0/0/0,23669:1747647669917:,1747647683422
counter/8/0/0/0,27934:1747647671584:,1747647683423
counter/10/0/0/0,24809:1747647668472:,1747647683423
counter/9/0/0/0,31060:1747647673800:,1747647683423
counter/2/0/0/0,31004:1747647674777:,1747647683423
counter/6/0/0/0,27475:1747647673715:,1747647683423
counter/5/0/0/0,27343:1747647671863:,1747647683423
counter/7/0/0/0,27059:1747647671853:,1747647683423
counter/3/0/0/0,23670:1747647669917:,1747647683423
counter/8/0/0/0,27935:1747647671584:,1747647683423
counter/9/0/0/0,31061:1747647673800:,1747647683423
counter/2/0/0/0,31005:1747647674777:,1747647683423
counter/6/0/0/0,27476:1747647673715:,1747647683423
counter/5/0/0/0,27344:1747647671863:,1747647683423
counter/7/0/0/0,27060:1747647671857:,1747647683423
counter/8/0/0/0,27936:1747647671584:,1747647683423
counter/9/0/0/0,31062:1747647673800:,1747647683423
counter/2/0/0/0,31006:1747647674777:,1747647683423
counter/6/0/0/0,27477:1747647673715:,1747647683423
counter/5/0/0/0,27345:1747647671865:,1747647683423
counter/7/0/0/0,27061:1747647671857:,1747647683423
counter/8/0/0/0,27937:1747647671584:,1747647683423
counter/9/0/0/0,31063:1747647673802:,1747647683423
counter/2/0/0/0,31007:1747647674777:,1747647683423
counter/6/0/0/0,27478:1747647673715:,1747647683423
counter/5/0/0/0,27346:1747647671866:,1747647683423
counter/7/0/0/0,27062:1747647671857:,1747647683423
counter/9/0/0/0,31064:1747647673802:,1747647683423
counter/2/0/0/0,31008:1747647674789:,1747647683423
counter/6/0/0/0,27479:1747647673725:,1747647683423
counter/5/0/0/0,27347:1747647671866:,1747647683423
counter/7/0/0/0,27063:1747647671857:,1747647683423
counter/9/0/0/0,31065:1747647673802:,1747647683423
counter/2/0/0/0,31009:1747647674789:,1747647683423
counter/6/0/0/0,27480:1747647673725:,1747647683423
counter/5/0/0/0,27348:1747647671866:,1747647683423
counter/7/0/0/0,27064:1747647671857:,1747647683423
counter/9/0/0/0,31066:1747647673802:,1747647683423
counter/2/0/0/0,31010:1747647674789:,1747647683423
counter/6/0/0/0,27481:1747647673725:,1747647683423
counter/5/0/0/0,27349:1747647671866:,1747647683423
counter/7/0/0/0,27065:1747647671857:,1747647683423
counter/8/0/0/0,27938:1747647671584:,1747647683423
counter/9/0/0/0,31067:1747647673804:,1747647683423
counter/2/0/0/0,31011:1747647674789:,1747647683423
counter/6/0/0/0,27482:1747647673725:,1747647683423
counter/5/0/0/0,27350:1747647671866:,1747647683423
counter/7/0/0/0,27066:1747647671857:,1747647683423
counter/9/0/0/0,31068:1747647673804:,1747647683423
counter/2/0/0/0,31012:1747647674789:,1747647683424
counter/6/0/0/0,27483:1747647673725:,1747647683424
counter/5/0/0/0,27351:1747647671866:,1747647683424
counter/7/0/0/0,27067:1747647671857:,1747647683424
counter/9/0/0/0,31069:1747647673804:,1747647683424
counter/2/0/0/0,31013:1747647674789:,1747647683424
counter/6/0/0/0,27484:1747647673725:,1747647683424
counter/5/0/0/0,27352:1747647671866:,1747647683424
counter/7/0/0/0,27068:1747647671857:,1747647683424
counter/9/0/0/0,31070:1747647673804:,1747647683424
counter/2/0/0/0,31014:1747647674789:,1747647683424
counter/6/0/0/0,27485:1747647673725:,1747647683424
counter/5/0/0/0,27353:1747647671866:,1747647683424
counter/7/0/0/0,27069:1747647671857:,1747647683424
counter/3/0/0/0,23671:1747647669917:,1747647683424
counter/4/0/0/0,23150:1747647669961:,1747647683424
counter/9/0/0/0,31071:1747647673804:,1747647683424
counter/2/0/0/0,31015:1747647674789:,1747647683424
counter/6/0/0/0,27486:1747647673727:,1747647683424
counter/5/0/0/0,27354:1747647671866:,1747647683424
counter/7/0/0/0,27070:1747647671857:,1747647683424
counter/4/0/0/0,23151:1747647669961:,1747647683424
counter/9/0/0/0,31072:1747647673804:,1747647683424
counter/2/0/0/0,31016:1747647674789:,1747647683424
counter/6/0/0/0,27487:1747647673728:,1747647683424
counter/5/0/0/0,27355:1747647671866:,1747647683424
counter/7/0/0/0,27071:1747647671857:,1747647683424
counter/4/0/0/0,23152:1747647669961:,1747647683424
counter/9/0/0/0,31073:1747647673805:,1747647683424
counter/2/0/0/0,31017:1747647674789:,1747647683424
counter/6/0/0/0,27488:1747647673728:,1747647683424
counter/5/0/0/0,27356:1747647671866:,1747647683424
counter/7/0/0/0,27072:1747647671857:,1747647683424
counter/4/0/0/0,23153:1747647669961:,1747647683424
counter/9/0/0/0,31074:1747647673805:,1747647683424
counter/2/0/0/0,31018:1747647674793:,1747647683424
counter/6/0/0/0,27489:1747647673729:,1747647683424
counter/5/0/0/0,27357:1747647671866:,1747647683424
counter/7/0/0/0,27073:1747647671858:,1747647683424
counter/4/0/0/0,23154:1747647669961:,1747647683424
counter/9/0/0/0,31075:1747647673806:,1747647683424
counter/2/0/0/0,31019:1747647674793:,1747647683425
counter/6/0/0/0,27490:1747647673729:,1747647683425
counter/5/0/0/0,27358:1747647671866:,1747647683425
counter/7/0/0/0,27074:1747647671858:,1747647683425
counter/4/0/0/0,23155:1747647669961:,1747647683425
counter/9/0/0/0,31076:1747647673806:,1747647683425
counter/2/0/0/0,31020:1747647674793:,1747647683425
counter/6/0/0/0,27491:1747647673729:,1747647683425
counter/5/0/0/0,27359:1747647671866:,1747647683425
counter/7/0/0/0,27075:1747647671858:,1747647683425
counter/4/0/0/0,23156:1747647669961:,1747647683425
counter/10/0/0/0,24810:1747647668472:,1747647683425
counter/9/0/0/0,31077:1747647673806:,1747647683425
counter/2/0/0/0,31021:1747647674793:,1747647683425
counter/6/0/0/0,27492:1747647673734:,1747647683425
counter/5/0/0/0,27360:1747647671866:,1747647683425
counter/7/0/0/0,27076:1747647671858:,1747647683425
counter/4/0/0/0,23157:1747647669963:,1747647683425
counter/3/0/0/0,23672:1747647669917:,1747647683425
counter/9/0/0/0,31078:1747647673806:,1747647683425
counter/2/0/0/0,31022:1747647674793:,1747647683425
counter/6/0/0/0,27493:1747647673734:,1747647683425
counter/5/0/0/0,27361:1747647671866:,1747647683425
counter/7/0/0/0,27077:1747647671858:,1747647683425
counter/4/0/0/0,23158:1747647669964:,1747647683425
counter/9/0/0/0,31079:1747647673806:,1747647683425
counter/2/0/0/0,31023:1747647674793:,1747647683425
counter/6/0/0/0,27494:1747647673734:,1747647683425
counter/5/0/0/0,27362:1747647671866:,1747647683425
counter/7/0/0/0,27078:1747647671858:,1747647683425
counter/4/0/0/0,23159:1747647669965:,1747647683425
counter/9/0/0/0,31080:1747647673806:,1747647683425
counter/2/0/0/0,31024:1747647674794:,1747647683425
counter/6/0/0/0,27495:1747647673734:,1747647683425
counter/5/0/0/0,27363:1747647671866:,1747647683425
counter/7/0/0/0,27079:1747647671858:,1747647683425
counter/4/0/0/0,23160:1747647669965:,1747647683425
counter/9/0/0/0,31081:1747647673806:,1747647683425
counter/2/0/0/0,31025:1747647674796:,1747647683425
counter/6/0/0/0,27496:1747647673734:,1747647683425
counter/5/0/0/0,27364:1747647671866:,1747647683425
counter/7/0/0/0,27080:1747647671858:,1747647683425
counter/4/0/0/0,23161:1747647669965:,1747647683425
counter/9/0/0/0,31082:1747647673806:,1747647683426
counter/2/0/0/0,31026:1747647674796:,1747647683426
counter/6/0/0/0,27497:1747647673734:,1747647683426
counter/5/0/0/0,27365:1747647671866:,1747647683426
counter/7/0/0/0,27081:1747647671858:,1747647683426
counter/4/0/0/0,23162:1747647669965:,1747647683426
counter/9/0/0/0,31083:1747647673806:,1747647683426
counter/2/0/0/0,31027:1747647674796:,1747647683426
counter/6/0/0/0,27498:1747647673734:,1747647683426
counter/5/0/0/0,27366:1747647671866:,1747647683426
counter/7/0/0/0,27082:1747647671858:,1747647683426
counter/4/0/0/0,23163:1747647669979:,1747647683426
counter/9/0/0/0,31084:1747647673806:,1747647683426
counter/2/0/0/0,31028:1747647674796:,1747647683426
counter/6/0/0/0,27499:1747647673734:,1747647683426
counter/5/0/0/0,27367:1747647671866:,1747647683426
counter/7/0/0/0,27083:1747647671858:,1747647683426
counter/4/0/0/0,23164:1747647669980:,1747647683426
counter/3/0/0/0,23673:1747647669917:,1747647683426
counter/9/0/0/0,31085:1747647673808:,1747647683426
counter/2/0/0/0,31029:1747647674796:,1747647683426
counter/6/0/0/0,27500:1747647673734:,1747647683426
counter/5/0/0/0,27368:1747647671866:,1747647683426
counter/7/0/0/0,27084:1747647671860:,1747647683426
counter/4/0/0/0,23165:1747647669980:,1747647683426
counter/1/0/0/0,24393:1747647670778:,1747647683426
counter/10/0/0/0,24811:1747647668485:,1747647683426
counter/9/0/0/0,31086:1747647673808:,1747647683426
counter/2/0/0/0,31030:1747647674796:,1747647683426
counter/6/0/0/0,27501:1747647673734:,1747647683426
counter/5/0/0/0,27369:1747647671866:,1747647683426
counter/7/0/0/0,27085:1747647671860:,1747647683426
counter/4/0/0/0,23166:1747647669980:,1747647683426
counter/8/0/0/0,27939:1747647671585:,1747647683426
counter/9/0/0/0,31087:1747647673808:,1747647683426
counter/2/0/0/0,31031:1747647674799:,1747647683426
counter/6/0/0/0,27502:1747647673738:,1747647683426
counter/5/0/0/0,27370:1747647671866:,1747647683427
counter/7/0/0/0,27086:1747647671860:,1747647683427
counter/4/0/0/0,23167:1747647669982:,1747647683427
counter/3/0/0/0,23674:1747647669917:,1747647683427
counter/9/0/0/0,31088:1747647673808:,1747647683427
counter/2/0/0/0,31032:1747647674805:,1747647683427
counter/6/0/0/0,27503:1747647673738:,1747647683427
counter/5/0/0/0,27371:1747647671866:,1747647683427
counter/7/0/0/0,27087:1747647671860:,1747647683427
counter/4/0/0/0,23168:1747647669982:,1747647683427
counter/9/0/0/0,31089:1747647673808:,1747647683427
counter/2/0/0/0,31033:1747647674805:,1747647683427
counter/6/0/0/0,27504:1747647673761:,1747647683427
counter/5/0/0/0,27372:1747647671866:,1747647683427
counter/7/0/0/0,27088:1747647671860:,1747647683427
counter/9/0/0/0,31090:1747647673808:,1747647683427
counter/2/0/0/0,31034:1747647674845:,1747647683427
counter/6/0/0/0,27505:1747647673761:,1747647683427
counter/5/0/0/0,27373:1747647671872:,1747647683427
counter/7/0/0/0,27089:1747647671860:,1747647683427
counter/3/0/0/0,23675:1747647669917:,1747647683427
counter/9/0/0/0,31091:1747647673808:,1747647683427
counter/2/0/0/0,31035:1747647674845:,1747647683427
counter/6/0/0/0,27506:1747647673761:,1747647683427
counter/5/0/0/0,27374:1747647671872:,1747647683427
counter/7/0/0/0,27090:1747647671860:,1747647683427
counter/9/0/0/0,31092:1747647673808:,1747647683427
counter/2/0/0/0,31036:1747647674845:,1747647683427
counter/6/0/0/0,27507:1747647673772:,1747647683427
counter/5/0/0/0,27375:1747647671872:,1747647683427
counter/7/0/0/0,27091:1747647671860:,1747647683427
counter/9/0/0/0,31093:1747647673808:,1747647683427
counter/2/0/0/0,31037:1747647674845:,1747647683427
counter/6/0/0/0,27508:1747647673772:,1747647683427
counter/5/0/0/0,27376:1747647671872:,1747647683427
counter/7/0/0/0,27092:1747647671860:,1747647683427
counter/9/0/0/0,31094:1747647673808:,1747647683427
counter/2/0/0/0,31038:1747647674845:,1747647683427
counter/6/0/0/0,27509:1747647673772:,1747647683427
counter/5/0/0/0,27377:1747647671872:,1747647683427
counter/7/0/0/0,27093:1747647671860:,1747647683427
counter/3/0/0/0,23676:1747647669917:,1747647683427
counter/4/0/0/0,23169:1747647669982:,1747647683427
counter/9/0/0/0,31095:1747647673808:,1747647683427
counter/2/0/0/0,31039:1747647674846:,1747647683428
counter/6/0/0/0,27510:1747647673772:,1747647683428
counter/5/0/0/0,27378:1747647671872:,1747647683428
counter/7/0/0/0,27094:1747647671860:,1747647683428
counter/3/0/0/0,23677:1747647669917:,1747647683428
counter/8/0/0/0,27940:1747647671585:,1747647683428
counter/9/0/0/0,31096:1747647673808:,1747647683428
counter/2/0/0/0,31040:1747647674846:,1747647683428
counter/6/0/0/0,27511:1747647673772:,1747647683428
counter/5/0/0/0,27379:1747647671872:,1747647683428
counter/7/0/0/0,27095:1747647671860:,1747647683428
counter/3/0/0/0,23678:1747647669917:,1747647683428
counter/8/0/0/0,27941:1747647671585:,1747647683428
counter/4/0/0/0,23170:1747647669982:,1747647683428
counter/9/0/0/0,31097:1747647673808:,1747647683428
counter/2/0/0/0,31041:1747647674846:,1747647683428
counter/6/0/0/0,27512:1747647673772:,1747647683428
counter/5/0/0/0,27380:1747647671872:,1747647683428
counter/7/0/0/0,27096:1747647671860:,1747647683428
counter/3/0/0/0,23679:1747647669917:,1747647683428
counter/8/0/0/0,27942:1747647671585:,1747647683428
counter/9/0/0/0,31098:1747647673808:,1747647683428
counter/2/0/0/0,31042:1747647674846:,1747647683428
counter/6/0/0/0,27513:1747647673772:,1747647683428
counter/5/0/0/0,27381:1747647671872:,1747647683428
counter/7/0/0/0,27097:1747647671860:,1747647683428
counter/3/0/0/0,23680:1747647669919:,1747647683428
counter/8/0/0/0,27943:1747647671585:,1747647683428
counter/9/0/0/0,31099:1747647673808:,1747647683428
counter/2/0/0/0,31043:1747647674846:,1747647683428
counter/6/0/0/0,27514:1747647673772:,1747647683428
counter/5/0/0/0,27382:1747647671872:,1747647683428
counter/7/0/0/0,27098:1747647671860:,1747647683428
counter/3/0/0/0,23681:1747647669919:,1747647683428
counter/8/0/0/0,27944:1747647671585:,1747647683428
counter/9/0/0/0,31100:1747647673808:,1747647683428
counter/2/0/0/0,31044:1747647674846:,1747647683428
counter/6/0/0/0,27515:1747647673772:,1747647683428
counter/5/0/0/0,27383:1747647671872:,1747647683428
counter/7/0/0/0,27099:1747647671861:,1747647683428
counter/3/0/0/0,23682:1747647669919:,1747647683428
counter/8/0/0/0,27945:1747647671585:,1747647683428
counter/9/0/0/0,31101:1747647673808:,1747647683428
counter/2/0/0/0,31045:1747647674846:,1747647683428
counter/6/0/0/0,27516:1747647673772:,1747647683428
counter/5/0/0/0,27384:1747647671872:,1747647683429
counter/7/0/0/0,27100:1747647671873:,1747647683429
counter/3/0/0/0,23683:1747647669919:,1747647683429
counter/8/0/0/0,27946:1747647671585:,1747647683429
counter/9/0/0/0,31102:1747647673808:,1747647683429
counter/2/0/0/0,31046:1747647674846:,1747647683429
counter/6/0/0/0,27517:1747647673772:,1747647683429
counter/5/0/0/0,27385:1747647671872:,1747647683429
counter/7/0/0/0,27101:1747647671873:,1747647683429
counter/3/0/0/0,23684:1747647669919:,1747647683429
counter/8/0/0/0,27947:1747647671585:,1747647683429
counter/9/0/0/0,31103:1747647673808:,1747647683429
counter/2/0/0/0,31047:1747647674846:,1747647683429
counter/6/0/0/0,27518:1747647673772:,1747647683429
counter/5/0/0/0,27386:1747647671875:,1747647683429
counter/7/0/0/0,27102:1747647671873:,1747647683429
counter/3/0/0/0,23685:1747647669919:,1747647683429
counter/8/0/0/0,27948:1747647671585:,1747647683429
counter/9/0/0/0,31104:1747647673808:,1747647683429
counter/2/0/0/0,31048:1747647674846:,1747647683429
counter/6/0/0/0,27519:1747647673772:,1747647683429
counter/5/0/0/0,27387:1747647671875:,1747647683429
counter/7/0/0/0,27103:1747647671889:,1747647683429
counter/3/0/0/0,23686:1747647669919:,1747647683429
counter/8/0/0/0,27949:1747647671586:,1747647683429
counter/9/0/0/0,31105:1747647673808:,1747647683429
counter/2/0/0/0,31049:1747647674849:,1747647683429
counter/6/0/0/0,27520:1747647673772:,1747647683429
counter/5/0/0/0,27388:1747647671875:,1747647683429
counter/7/0/0/0,27104:1747647671889:,1747647683429
counter/3/0/0/0,23687:1747647669919:,1747647683429
counter/8/0/0/0,27950:1747647671586:,1747647683429
counter/1/0/0/0,24394:1747647670778:,1747647683429
counter/9/0/0/0,31106:1747647673808:,1747647683429
counter/2/0/0/0,31050:1747647674849:,1747647683429
counter/6/0/0/0,27521:1747647673775:,1747647683429
counter/5/0/0/0,27389:1747647671875:,1747647683429
counter/7/0/0/0,27105:1747647671889:,1747647683429
counter/3/0/0/0,23688:1747647669919:,1747647683429
counter/8/0/0/0,27951:1747647671586:,1747647683429
counter/9/0/0/0,31107:1747647673808:,1747647683429
counter/2/0/0/0,31051:1747647674849:,1747647683430
counter/6/0/0/0,27522:1747647673776:,1747647683430
counter/5/0/0/0,27390:1747647671875:,1747647683430
counter/7/0/0/0,27106:1747647671889:,1747647683430
counter/3/0/0/0,23689:1747647669919:,1747647683430
counter/8/0/0/0,27952:1747647671586:,1747647683430
counter/9/0/0/0,31108:1747647673808:,1747647683430
counter/2/0/0/0,31052:1747647674849:,1747647683430
counter/6/0/0/0,27523:1747647673776:,1747647683430
counter/5/0/0/0,27391:1747647671875:,1747647683430
counter/7/0/0/0,27107:1747647671889:,1747647683430
counter/3/0/0/0,23690:1747647669919:,1747647683430
counter/8/0/0/0,27953:1747647671586:,1747647683430
counter/9/0/0/0,31109:1747647673809:,1747647683430
counter/2/0/0/0,31053:1747647674849:,1747647683430
counter/6/0/0/0,27524:1747647673776:,1747647683430
counter/5/0/0/0,27392:1747647671875:,1747647683430
counter/7/0/0/0,27108:1747647671889:,1747647683430
counter/3/0/0/0,23691:1747647669919:,1747647683430
counter/9/0/0/0,31110:1747647673809:,1747647683430
counter/2/0/0/0,31054:1747647674849:,1747647683430
counter/6/0/0/0,27525:1747647673776:,1747647683430
counter/5/0/0/0,27393:1747647671875:,1747647683430
counter/7/0/0/0,27109:1747647671889:,1747647683430
counter/8/0/0/0,27954:1747647671586:,1747647683430
counter/9/0/0/0,31111:1747647673809:,1747647683430
counter/2/0/0/0,31055:1747647674849:,1747647683430
counter/6/0/0/0,27526:1747647673776:,1747647683430
counter/5/0/0/0,27394:1747647671875:,1747647683430
counter/7/0/0/0,27110:1747647671889:,1747647683430
counter/9/0/0/0,31112:1747647673809:,1747647683430
counter/2/0/0/0,31056:1747647674849:,1747647683430
counter/6/0/0/0,27527:1747647673776:,1747647683430
counter/5/0/0/0,27395:1747647671875:,1747647683430
counter/7/0/0/0,27111:1747647671890:,1747647683430
counter/9/0/0/0,31113:1747647673809:,1747647683430
counter/2/0/0/0,31057:1747647674849:,1747647683430
counter/6/0/0/0,27528:1747647673776:,1747647683430
counter/5/0/0/0,27396:1747647671875:,1747647683430
counter/7/0/0/0,27112:1747647671890:,1747647683431
counter/9/0/0/0,31114:1747647673809:,1747647683431
counter/2/0/0/0,31058:1747647674856:,1747647683431
counter/6/0/0/0,27529:1747647673776:,1747647683431
counter/5/0/0/0,27397:1747647671875:,1747647683431
counter/7/0/0/0,27113:1747647671890:,1747647683431
counter/9/0/0/0,31115:1747647673809:,1747647683431
counter/2/0/0/0,31059:1747647674859:,1747647683431
counter/6/0/0/0,27530:1747647673776:,1747647683431
counter/5/0/0/0,27398:1747647671875:,1747647683431
counter/7/0/0/0,27114:1747647671890:,1747647683431
counter/1/0/0/0,24395:1747647670778:,1747647683431
counter/3/0/0/0,23692:1747647669919:,1747647683431
counter/10/0/0/0,24812:1747647668498:,1747647683431
counter/9/0/0/0,31116:1747647673809:,1747647683431
counter/2/0/0/0,31060:1747647674859:,1747647683431
counter/6/0/0/0,27531:1747647673776:,1747647683431
counter/5/0/0/0,27399:1747647671875:,1747647683431
counter/7/0/0/0,27115:1747647671890:,1747647683431
counter/9/0/0/0,31117:1747647673809:,1747647683431
counter/2/0/0/0,31061:1747647674859:,1747647683431
counter/6/0/0/0,27532:1747647673776:,1747647683431
counter/5/0/0/0,27400:1747647671875:,1747647683431
counter/7/0/0/0,27116:1747647671890:,1747647683431
counter/9/0/0/0,31118:1747647673809:,1747647683431
counter/2/0/0/0,31062:1747647674859:,1747647683431
counter/6/0/0/0,27533:1747647673776:,1747647683431
counter/5/0/0/0,27401:1747647671889:,1747647683431
counter/7/0/0/0,27117:1747647671890:,1747647683431
counter/9/0/0/0,31119:1747647673809:,1747647683431
counter/2/0/0/0,31063:1747647674859:,1747647683431
counter/6/0/0/0,27534:1747647673776:,1747647683431
counter/5/0/0/0,27402:1747647671889:,1747647683431
counter/7/0/0/0,27118:1747647671890:,1747647683431
counter/9/0/0/0,31120:1747647673809:,1747647683431
counter/2/0/0/0,31064:1747647674874:,1747647683431
counter/6/0/0/0,27535:1747647673776:,1747647683431
counter/5/0/0/0,27403:1747647671889:,1747647683431
counter/7/0/0/0,27119:1747647671890:,1747647683431
counter/1/0/0/0,24396:1747647670778:,1747647683431
counter/3/0/0/0,23693:1747647669919:,1747647683431
counter/10/0/0/0,24813:1747647668501:,1747647683432
counter/9/0/0/0,31121:1747647673809:,1747647683432
counter/2/0/0/0,31065:1747647674874:,1747647683432
counter/6/0/0/0,27536:1747647673776:,1747647683432
counter/5/0/0/0,27404:1747647671889:,1747647683432
counter/7/0/0/0,27120:1747647671890:,1747647683432
counter/4/0/0/0,23171:1747647669982:,1747647683432
counter/8/0/0/0,27955:1747647671586:,1747647683432
counter/9/0/0/0,31122:1747647673809:,1747647683432
counter/2/0/0/0,31066:1747647674892:,1747647683432
counter/6/0/0/0,27537:1747647673776:,1747647683432
counter/5/0/0/0,27405:1747647671889:,1747647683432
counter/7/0/0/0,27121:1747647671890:,1747647683432
counter/9/0/0/0,31123:1747647673812:,1747647683432
counter/2/0/0/0,31067:1747647674892:,1747647683432
counter/6/0/0/0,27538:1747647673776:,1747647683432
counter/5/0/0/0,27406:1747647671890:,1747647683432
counter/7/0/0/0,27122:1747647671890:,1747647683432
counter/9/0/0/0,31124:1747647673812:,1747647683432
counter/2/0/0/0,31068:1747647674892:,1747647683432
counter/6/0/0/0,27539:1747647673776:,1747647683432
counter/5/0/0/0,27407:1747647671890:,1747647683432
counter/7/0/0/0,27123:1747647671890:,1747647683432
counter/9/0/0/0,31125:1747647673812:,1747647683432
counter/2/0/0/0,31069:1747647674892:,1747647683432
counter/6/0/0/0,27540:1747647673779:,1747647683432
counter/5/0/0/0,27408:1747647671890:,1747647683432
counter/7/0/0/0,27124:1747647671890:,1747647683432
counter/9/0/0/0,31126:1747647673812:,1747647683432
counter/2/0/0/0,31070:1747647674906:,1747647683432
counter/6/0/0/0,27541:1747647673779:,1747647683432
counter/5/0/0/0,27409:1747647671890:,1747647683432
counter/7/0/0/0,27125:1747647671891:,1747647683432
counter/9/0/0/0,31127:1747647673812:,1747647683432
counter/2/0/0/0,31071:1747647674907:,1747647683432
counter/6/0/0/0,27542:1747647673779:,1747647683432
counter/5/0/0/0,27410:1747647671890:,1747647683432
counter/7/0/0/0,27126:1747647671891:,1747647683432
counter/9/0/0/0,31128:1747647673812:,1747647683432
counter/2/0/0/0,31072:1747647674907:,1747647683432
counter/6/0/0/0,27543:1747647673779:,1747647683432
counter/5/0/0/0,27411:1747647671890:,1747647683432
counter/7/0/0/0,27127:1747647671891:,1747647683432
counter/9/0/0/0,31129:1747647673812:,1747647683432
counter/2/0/0/0,31073:1747647674907:,1747647683432
counter/6/0/0/0,27544:1747647673779:,1747647683433
counter/5/0/0/0,27412:1747647671890:,1747647683433
counter/7/0/0/0,27128:1747647671893:,1747647683433
counter/10/0/0/0,24814:1747647668501:,1747647683433
counter/4/0/0/0,23172:1747647669982:,1747647683433
counter/9/0/0/0,31130:1747647673812:,1747647683433
counter/2/0/0/0,31074:1747647674907:,1747647683433
counter/6/0/0/0,27545:1747647673779:,1747647683433
counter/5/0/0/0,27413:1747647671890:,1747647683433
counter/7/0/0/0,27129:1747647671893:,1747647683433
counter/9/0/0/0,31131:1747647673812:,1747647683433
counter/2/0/0/0,31075:1747647674907:,1747647683433
counter/6/0/0/0,27546:1747647673779:,1747647683433
counter/5/0/0/0,27414:1747647671890:,1747647683433
counter/7/0/0/0,27130:1747647671893:,1747647683433
counter/9/0/0/0,31132:1747647673812:,1747647683433
counter/2/0/0/0,31076:1747647674907:,1747647683433
counter/6/0/0/0,27547:1747647673779:,1747647683433
counter/5/0/0/0,27415:1747647671890:,1747647683433
counter/7/0/0/0,27131:1747647671906:,1747647683433
counter/10/0/0/0,24815:1747647668501:,1747647683433
counter/8/0/0/0,27956:1747647671586:,1747647683433
counter/4/0/0/0,23173:1747647669982:,1747647683433
counter/9/0/0/0,31133:1747647673812:,1747647683433
counter/2/0/0/0,31077:1747647674907:,1747647683433
counter/6/0/0/0,27548:1747647673780:,1747647683433
counter/5/0/0/0,27416:1747647671902:,1747647683433
counter/7/0/0/0,27132:1747647671907:,1747647683433
counter/8/0/0/0,27957:1747647671586:,1747647683433
counter/1/0/0/0,24397:1747647670778:,1747647683433
counter/9/0/0/0,31134:1747647673812:,1747647683433
counter/2/0/0/0,31078:1747647674907:,1747647683433
counter/6/0/0/0,27549:1747647673780:,1747647683433
counter/5/0/0/0,27417:1747647671902:,1747647683433
counter/7/0/0/0,27133:1747647671907:,1747647683433
counter/8/0/0/0,27958:1747647671586:,1747647683433
counter/3/0/0/0,23694:1747647669927:,1747647683433
counter/4/0/0/0,23174:1747647669982:,1747647683433
counter/9/0/0/0,31135:1747647673820:,1747647683433
counter/2/0/0/0,31079:1747647674909:,1747647683434
counter/6/0/0/0,27550:1747647673780:,1747647683434
counter/5/0/0/0,27418:1747647671902:,1747647683434
counter/7/0/0/0,27134:1747647671907:,1747647683434
counter/8/0/0/0,27959:1747647671586:,1747647683434
counter/9/0/0/0,31136:1747647673820:,1747647683434
counter/2/0/0/0,31080:1747647674909:,1747647683434
counter/6/0/0/0,27551:1747647673780:,1747647683434
counter/5/0/0/0,27419:1747647671902:,1747647683434
counter/7/0/0/0,27135:1747647671907:,1747647683434
counter/8/0/0/0,27960:1747647671586:,1747647683434
counter/4/0/0/0,23175:1747647669982:,1747647683434
counter/9/0/0/0,31137:1747647673820:,1747647683434
counter/2/0/0/0,31081:1747647674909:,1747647683434
counter/6/0/0/0,27552:1747647673780:,1747647683434
counter/5/0/0/0,27420:1747647671902:,1747647683434
counter/7/0/0/0,27136:1747647671907:,1747647683434
counter/4/0/0/0,23176:1747647669982:,1747647683434
counter/9/0/0/0,31138:1747647673821:,1747647683434
counter/2/0/0/0,31082:1747647674909:,1747647683434
counter/6/0/0/0,27553:1747647673782:,1747647683434
counter/5/0/0/0,27421:1747647671902:,1747647683434
counter/7/0/0/0,27137:1747647671907:,1747647683434
counter/4/0/0/0,23177:1747647669982:,1747647683434
counter/9/0/0/0,31139:1747647673821:,1747647683434
counter/2/0/0/0,31083:1747647674910:,1747647683434
counter/6/0/0/0,27554:1747647673782:,1747647683434
counter/5/0/0/0,27422:1747647671902:,1747647683434
counter/7/0/0/0,27138:1747647671907:,1747647683434
counter/4/0/0/0,23178:1747647669982:,1747647683434
counter/9/0/0/0,31140:1747647673821:,1747647683434
counter/2/0/0/0,31084:1747647674910:,1747647683434
counter/6/0/0/0,27555:1747647673782:,1747647683434
counter/5/0/0/0,27423:1747647671902:,1747647683434
counter/7/0/0/0,27139:1747647671907:,1747647683434
counter/4/0/0/0,23179:1747647669993:,1747647683434
counter/9/0/0/0,31141:1747647673821:,1747647683434
counter/2/0/0/0,31085:1747647674947:,1747647683434
counter/6/0/0/0,27556:1747647673782:,1747647683434
counter/5/0/0/0,27424:1747647671902:,1747647683434
counter/7/0/0/0,27140:1747647671907:,1747647683434
counter/4/0/0/0,23180:1747647669997:,1747647683434
counter/9/0/0/0,31142:1747647673821:,1747647683434
counter/2/0/0/0,31086:1747647674948:,1747647683435
counter/6/0/0/0,27557:1747647673782:,1747647683435
counter/5/0/0/0,27425:1747647671902:,1747647683435
counter/7/0/0/0,27141:1747647671907:,1747647683435
counter/4/0/0/0,23181:1747647669997:,1747647683435
counter/9/0/0/0,31143:1747647673821:,1747647683435
counter/2/0/0/0,31087:1747647674948:,1747647683435
counter/6/0/0/0,27558:1747647673782:,1747647683435
counter/5/0/0/0,27426:1747647671902:,1747647683435
counter/7/0/0/0,27142:1747647671907:,1747647683435
counter/4/0/0/0,23182:1747647669997:,1747647683435
counter/9/0/0/0,31144:1747647673821:,1747647683435
counter/2/0/0/0,31088:1747647674948:,1747647683435
counter/6/0/0/0,27559:1747647673782:,1747647683435
counter/5/0/0/0,27427:1747647671902:,1747647683435
counter/7/0/0/0,27143:1747647671907:,1747647683435
counter/4/0/0/0,23183:1747647669997:,1747647683435
counter/9/0/0/0,31145:1747647673821:,1747647683435
counter/2/0/0/0,31089:1747647674949:,1747647683435
counter/6/0/0/0,27560:1747647673782:,1747647683435
counter/5/0/0/0,27428:1747647671902:,1747647683435
counter/7/0/0/0,27144:1747647671907:,1747647683435
counter/4/0/0/0,23184:1747647669997:,1747647683435
counter/9/0/0/0,31146:1747647673821:,1747647683435
counter/2/0/0/0,31090:1747647674949:,1747647683435
counter/6/0/0/0,27561:1747647673782:,1747647683435
counter/5/0/0/0,27429:1747647671902:,1747647683435
counter/7/0/0/0,27145:1747647671907:,1747647683435
counter/4/0/0/0,23185:1747647669997:,1747647683435
counter/9/0/0/0,31147:1747647673821:,1747647683435
counter/2/0/0/0,31091:1747647674949:,1747647683435
counter/6/0/0/0,27562:1747647673782:,1747647683435
counter/5/0/0/0,27430:1747647671902:,1747647683435
counter/7/0/0/0,27146:1747647671907:,1747647683435
counter/4/0/0/0,23186:1747647669997:,1747647683435
counter/9/0/0/0,31148:1747647673821:,1747647683435
counter/2/0/0/0,31092:1747647674957:,1747647683435
counter/6/0/0/0,27563:1747647673782:,1747647683435
counter/5/0/0/0,27431:1747647671902:,1747647683435
counter/7/0/0/0,27147:1747647671907:,1747647683435
counter/4/0/0/0,23187:1747647669997:,1747647683435
counter/9/0/0/0,31149:1747647673821:,1747647683435
counter/2/0/0/0,31093:1747647674958:,1747647683435
counter/6/0/0/0,27564:1747647673787:,1747647683436
counter/5/0/0/0,27432:1747647671902:,1747647683436
counter/7/0/0/0,27148:1747647671907:,1747647683436
counter/4/0/0/0,23188:1747647669997:,1747647683436
counter/9/0/0/0,31150:1747647673821:,1747647683436
counter/2/0/0/0,31094:1747647674958:,1747647683436
counter/6/0/0/0,27565:1747647673787:,1747647683436
counter/5/0/0/0,27433:1747647671903:,1747647683436
counter/7/0/0/0,27149:1747647671907:,1747647683436
counter/4/0/0/0,23189:1747647669997:,1747647683436
counter/9/0/0/0,31151:1747647673822:,1747647683436
counter/2/0/0/0,31095:1747647674958:,1747647683436
counter/6/0/0/0,27566:1747647673787:,1747647683436
counter/5/0/0/0,27434:1747647671905:,1747647683436
counter/7/0/0/0,27150:1747647671907:,1747647683436
counter/4/0/0/0,23190:1747647669997:,1747647683436
counter/9/0/0/0,31152:1747647673822:,1747647683436
counter/2/0/0/0,31096:1747647674958:,1747647683436
counter/6/0/0/0,27567:1747647673789:,1747647683436
counter/5/0/0/0,27435:1747647671905:,1747647683436
counter/7/0/0/0,27151:1747647671907:,1747647683436
counter/4/0/0/0,23191:1747647669998:,1747647683436
counter/9/0/0/0,31153:1747647673822:,1747647683436
counter/2/0/0/0,31097:1747647674964:,1747647683436
counter/6/0/0/0,27568:1747647673792:,1747647683436
counter/5/0/0/0,27436:1747647671905:,1747647683436
counter/7/0/0/0,27152:1747647671907:,1747647683436
counter/4/0/0/0,23192:1747647669998:,1747647683436
counter/3/0/0/0,23695:1747647669927:,1747647683436
counter/9/0/0/0,31154:1747647673822:,1747647683436
counter/2/0/0/0,31098:1747647674964:,1747647683436
counter/6/0/0/0,27569:1747647673792:,1747647683436
counter/5/0/0/0,27437:1747647671905:,1747647683436
counter/7/0/0/0,27153:1747647671907:,1747647683436
counter/4/0/0/0,23193:1747647669998:,1747647683436
counter/8/0/0/0,27961:1747647671586:,1747647683436
counter/9/0/0/0,31155:1747647673822:,1747647683436
counter/2/0/0/0,31099:1747647674964:,1747647683436
counter/6/0/0/0,27570:1747647673792:,1747647683436
counter/5/0/0/0,27438:1747647671905:,1747647683436
counter/7/0/0/0,27154:1747647671908:,1747647683437
counter/4/0/0/0,23194:1747647669998:,1747647683437
counter/9/0/0/0,31156:1747647673822:,1747647683437
counter/2/0/0/0,31100:1747647674964:,1747647683437
counter/6/0/0/0,27571:1747647673792:,1747647683437
counter/5/0/0/0,27439:1747647671905:,1747647683437
counter/7/0/0/0,27155:1747647671908:,1747647683437
counter/4/0/0/0,23195:1747647669998:,1747647683437
counter/9/0/0/0,31157:1747647673822:,1747647683437
counter/2/0/0/0,31101:1747647674974:,1747647683437
counter/6/0/0/0,27572:1747647673792:,1747647683437
counter/5/0/0/0,27440:1747647671905:,1747647683437
counter/7/0/0/0,27156:1747647671908:,1747647683437
counter/4/0/0/0,23196:1747647669998:,1747647683437
counter/9/0/0/0,31158:1747647673822:,1747647683437
counter/2/0/0/0,31102:1747647674990:,1747647683437
counter/6/0/0/0,27573:1747647673792:,1747647683437
counter/5/0/0/0,27441:1747647671905:,1747647683437
counter/7/0/0/0,27157:1747647671908:,1747647683437
counter/4/0/0/0,23197:1747647669998:,1747647683437
counter/9/0/0/0,31159:1747647673822:,1747647683437
counter/2/0/0/0,31103:1747647674990:,1747647683437
counter/6/0/0/0,27574:1747647673793:,1747647683437
counter/5/0/0/0,27442:1747647671905:,1747647683437
counter/7/0/0/0,27158:1747647671908:,1747647683437
counter/4/0/0/0,23198:1747647669998:,1747647683437
counter/9/0/0/0,31160:1747647673822:,1747647683437
counter/2/0/0/0,31104:1747647674990:,1747647683437
counter/6/0/0/0,27575:1747647673793:,1747647683437
counter/5/0/0/0,27443:1747647671905:,1747647683437
counter/7/0/0/0,27159:1747647671908:,1747647683437
counter/4/0/0/0,23199:1747647669999:,1747647683437
counter/9/0/0/0,31161:1747647673822:,1747647683437
counter/2/0/0/0,31105:1747647674990:,1747647683437
counter/6/0/0/0,27576:1747647673793:,1747647683437
counter/5/0/0/0,27444:1747647671905:,1747647683437
counter/7/0/0/0,27160:1747647671908:,1747647683437
counter/4/0/0/0,23200:1747647669999:,1747647683437
counter/9/0/0/0,31162:1747647673822:,1747647683437
counter/2/0/0/0,31106:1747647674990:,1747647683437
counter/6/0/0/0,27577:1747647673793:,1747647683437
counter/5/0/0/0,27445:1747647671905:,1747647683437
counter/7/0/0/0,27161:1747647671908:,1747647683438
counter/4/0/0/0,23201:1747647670012:,1747647683438
counter/9/0/0/0,31163:1747647673822:,1747647683438
counter/2/0/0/0,31107:1747647674991:,1747647683438
counter/6/0/0/0,27578:1747647673793:,1747647683438
counter/5/0/0/0,27446:1747647671905:,1747647683438
counter/7/0/0/0,27162:1747647671908:,1747647683438
counter/4/0/0/0,23202:1747647670012:,1747647683438
counter/9/0/0/0,31164:1747647673822:,1747647683438
counter/2/0/0/0,31108:1747647674991:,1747647683438
counter/6/0/0/0,27579:1747647673793:,1747647683438
counter/5/0/0/0,27447:1747647671905:,1747647683438
counter/7/0/0/0,27163:1747647671908:,1747647683438
counter/4/0/0/0,23203:1747647670012:,1747647683438
counter/9/0/0/0,31165:1747647673822:,1747647683438
counter/2/0/0/0,31109:1747647674991:,1747647683438
counter/6/0/0/0,27580:1747647673793:,1747647683438
counter/5/0/0/0,27448:1747647671905:,1747647683438
counter/7/0/0/0,27164:1747647671908:,1747647683438
counter/4/0/0/0,23204:1747647670012:,1747647683438
counter/9/0/0/0,31166:1747647673822:,1747647683438
counter/2/0/0/0,31110:1747647674991:,1747647683438
counter/6/0/0/0,27581:1747647673793:,1747647683438
counter/7/0/0/0,27165:1747647671912:,1747647683438
counter/4/0/0/0,23205:1747647670012:,1747647683438
counter/9/0/0/0,31167:1747647673822:,1747647683438
counter/2/0/0/0,31111:1747647674991:,1747647683438
counter/6/0/0/0,27582:1747647673793:,1747647683438
counter/7/0/0/0,27166:1747647671912:,1747647683438
counter/4/0/0/0,23206:1747647670012:,1747647683438
counter/9/0/0/0,31168:1747647673822:,1747647683438
counter/2/0/0/0,31112:1747647674991:,1747647683438
counter/6/0/0/0,27583:1747647673793:,1747647683438
counter/7/0/0/0,27167:1747647671912:,1747647683438
counter/4/0/0/0,23207:1747647670012:,1747647683438
counter/9/0/0/0,31169:1747647673822:,1747647683438
counter/2/0/0/0,31113:1747647674991:,1747647683438
counter/6/0/0/0,27584:1747647673793:,1747647683438
counter/7/0/0/0,27168:1747647671912:,1747647683438
counter/4/0/0/0,23208:1747647670013:,1747647683438
counter/3/0/0/0,23696:1747647669927:,1747647683439
counter/8/0/0/0,27962:1747647671586:,1747647683439
counter/9/0/0/0,31170:1747647673822:,1747647683439
counter/2/0/0/0,31114:1747647674991:,1747647683439
counter/6/0/0/0,27585:1747647673793:,1747647683439
counter/7/0/0/0,27169:1747647671912:,1747647683439
counter/4/0/0/0,23209:1747647670013:,1747647683439
counter/1/0/0/0,24398:1747647670778:,1747647683439
counter/5/0/0/0,27449:1747647671905:,1747647683439
counter/9/0/0/0,31171:1747647673822:,1747647683439
counter/2/0/0/0,31115:1747647674991:,1747647683439
counter/6/0/0/0,27586:1747647673795:,1747647683439
counter/7/0/0/0,27170:1747647671912:,1747647683439
counter/4/0/0/0,23210:1747647670013:,1747647683439
counter/9/0/0/0,31172:1747647673824:,1747647683439
counter/2/0/0/0,31116:1747647674991:,1747647683439
counter/6/0/0/0,27587:1747647673795:,1747647683439
counter/7/0/0/0,27171:1747647671912:,1747647683439
counter/4/0/0/0,23211:1747647670018:,1747647683439
counter/9/0/0/0,31173:1747647673824:,1747647683439
counter/2/0/0/0,31117:1747647674993:,1747647683439
counter/6/0/0/0,27588:1747647673804:,1747647683439
counter/7/0/0/0,27172:1747647671912:,1747647683439
counter/4/0/0/0,23212:1747647670018:,1747647683439
counter/9/0/0/0,31174:1747647673824:,1747647683439
counter/2/0/0/0,31118:1747647674993:,1747647683439
counter/6/0/0/0,27589:1747647673804:,1747647683439
counter/7/0/0/0,27173:1747647671919:,1747647683439
counter/4/0/0/0,23213:1747647670018:,1747647683439
counter/9/0/0/0,31175:1747647673824:,1747647683439
counter/2/0/0/0,31119:1747647674993:,1747647683439
counter/6/0/0/0,27590:1747647673804:,1747647683439
counter/7/0/0/0,27174:1747647671926:,1747647683439
counter/4/0/0/0,23214:1747647670019:,1747647683439
counter/9/0/0/0,31176:1747647673825:,1747647683439
counter/2/0/0/0,31120:1747647674993:,1747647683439
counter/6/0/0/0,27591:1747647673804:,1747647683439
counter/7/0/0/0,27175:1747647671926:,1747647683439
counter/4/0/0/0,23215:1747647670027:,1747647683439
counter/9/0/0/0,31177:1747647673825:,1747647683439
counter/2/0/0/0,31121:1747647674993:,1747647683439
counter/6/0/0/0,27592:1747647673805:,1747647683439
counter/7/0/0/0,27176:1747647671926:,1747647683439
counter/4/0/0/0,23216:1747647670027:,1747647683439
counter/9/0/0/0,31178:1747647673825:,1747647683439
counter/2/0/0/0,31122:1747647674993:,1747647683439
counter/6/0/0/0,27593:1747647673806:,1747647683440
counter/7/0/0/0,27177:1747647671930:,1747647683440
counter/4/0/0/0,23217:1747647670028:,1747647683440
counter/9/0/0/0,31179:1747647673831:,1747647683440
counter/2/0/0/0,31123:1747647674993:,1747647683440
counter/6/0/0/0,27594:1747647673807:,1747647683440
counter/7/0/0/0,27178:1747647671931:,1747647683440
counter/4/0/0/0,23218:1747647670028:,1747647683440
counter/9/0/0/0,31180:1747647673831:,1747647683440
counter/2/0/0/0,31124:1747647674993:,1747647683440
counter/6/0/0/0,27595:1747647673807:,1747647683440
counter/7/0/0/0,27179:1747647671931:,1747647683440
counter/4/0/0/0,23219:1747647670028:,1747647683440
counter/9/0/0/0,31181:1747647673831:,1747647683440
counter/2/0/0/0,31125:1747647674993:,1747647683440
counter/6/0/0/0,27596:1747647673807:,1747647683440
counter/7/0/0/0,27180:1747647671931:,1747647683440
counter/4/0/0/0,23220:1747647670028:,1747647683440
counter/9/0/0/0,31182:1747647673834:,1747647683440
counter/2/0/0/0,31126:1747647674993:,1747647683440
counter/6/0/0/0,27597:1747647673807:,1747647683440
counter/7/0/0/0,27181:1747647671931:,1747647683440
counter/4/0/0/0,23221:1747647670028:,1747647683440
counter/9/0/0/0,31183:1747647673834:,1747647683440
counter/2/0/0/0,31127:1747647674993:,1747647683440
counter/6/0/0/0,27598:1747647673810:,1747647683440
counter/7/0/0/0,27182:1747647671931:,1747647683440
counter/4/0/0/0,23222:1747647670028:,1747647683440
counter/9/0/0/0,31184:1747647673834:,1747647683440
counter/2/0/0/0,31128:1747647674993:,1747647683440
counter/6/0/0/0,27599:1747647673810:,1747647683440
counter/7/0/0/0,27183:1747647671931:,1747647683440
counter/4/0/0/0,23223:1747647670028:,1747647683440
counter/9/0/0/0,31185:1747647673834:,1747647683440
counter/2/0/0/0,31129:1747647674993:,1747647683440
counter/6/0/0/0,27600:1747647673810:,1747647683440
counter/7/0/0/0,27184:1747647671931:,1747647683440
counter/4/0/0/0,23224:1747647670028:,1747647683440
counter/9/0/0/0,31186:1747647673834:,1747647683440
counter/2/0/0/0,31130:1747647674993:,1747647683440
counter/6/0/0/0,27601:1747647673810:,1747647683440
counter/7/0/0/0,27185:1747647671931:,1747647683441
counter/4/0/0/0,23225:1747647670037:,1747647683441
counter/9/0/0/0,31187:1747647673834:,1747647683441
counter/2/0/0/0,31131:1747647674993:,1747647683441
counter/6/0/0/0,27602:1747647673810:,1747647683441
counter/7/0/0/0,27186:1747647671931:,1747647683441
counter/4/0/0/0,23226:1747647670037:,1747647683441
counter/9/0/0/0,31188:1747647673834:,1747647683441
counter/2/0/0/0,31132:1747647674995:,1747647683441
counter/6/0/0/0,27603:1747647673810:,1747647683441
counter/7/0/0/0,27187:1747647671931:,1747647683441
counter/4/0/0/0,23227:1747647670037:,1747647683441
counter/9/0/0/0,31189:1747647673834:,1747647683441
counter/2/0/0/0,31133:1747647674995:,1747647683441
counter/6/0/0/0,27604:1747647673810:,1747647683441
counter/7/0/0/0,27188:1747647671931:,1747647683441
counter/4/0/0/0,23228:1747647670037:,1747647683441
counter/9/0/0/0,31190:1747647673834:,1747647683441
counter/2/0/0/0,31134:1747647674995:,1747647683441
counter/6/0/0/0,27605:1747647673810:,1747647683441
counter/7/0/0/0,27189:1747647671932:,1747647683441
counter/4/0/0/0,23229:1747647670037:,1747647683441
counter/9/0/0/0,31191:1747647673834:,1747647683441
counter/2/0/0/0,31135:1747647674996:,1747647683441
counter/6/0/0/0,27606:1747647673811:,1747647683441
counter/7/0/0/0,27190:1747647671932:,1747647683441
counter/4/0/0/0,23230:1747647670037:,1747647683441
counter/9/0/0/0,31192:1747647673834:,1747647683441
counter/2/0/0/0,31136:1747647674996:,1747647683441
counter/6/0/0/0,27607:1747647673811:,1747647683441
counter/7/0/0/0,27191:1747647671932:,1747647683441
counter/4/0/0/0,23231:1747647670037:,1747647683441
counter/1/0/0/0,24399:1747647670779:,1747647683441
counter/9/0/0/0,31193:1747647673834:,1747647683441
counter/2/0/0/0,31137:1747647674996:,1747647683441
counter/6/0/0/0,27608:1747647673811:,1747647683441
counter/7/0/0/0,27192:1747647671932:,1747647683441
counter/4/0/0/0,23232:1747647670037:,1747647683441
counter/3/0/0/0,23697:1747647669927:,1747647683441
counter/5/0/0/0,27450:1747647671905:,1747647683441
counter/9/0/0/0,31194:1747647673834:,1747647683441
counter/2/0/0/0,31138:1747647674996:,1747647683441
counter/6/0/0/0,27609:1747647673811:,1747647683441
counter/7/0/0/0,27193:1747647671932:,1747647683441
counter/4/0/0/0,23233:1747647670037:,1747647683441
counter/9/0/0/0,31195:1747647673835:,1747647683442
counter/2/0/0/0,31139:1747647674996:,1747647683442
counter/6/0/0/0,27610:1747647673811:,1747647683442
counter/7/0/0/0,27194:1747647671935:,1747647683442
counter/4/0/0/0,23234:1747647670037:,1747647683442
counter/9/0/0/0,31196:1747647673835:,1747647683442
counter/2/0/0/0,31140:1747647674996:,1747647683442
counter/6/0/0/0,27611:1747647673811:,1747647683442
counter/7/0/0/0,27195:1747647671935:,1747647683442
counter/4/0/0/0,23235:1747647670038:,1747647683442
counter/9/0/0/0,31197:1747647673835:,1747647683442
counter/2/0/0/0,31141:1747647674996:,1747647683442
counter/6/0/0/0,27612:1747647673811:,1747647683442
counter/7/0/0/0,27196:1747647671935:,1747647683442
counter/4/0/0/0,23236:1747647670039:,1747647683442
counter/9/0/0/0,31198:1747647673835:,1747647683442
counter/2/0/0/0,31142:1747647674996:,1747647683442
counter/6/0/0/0,27613:1747647673811:,1747647683442
counter/7/0/0/0,27197:1747647671935:,1747647683442
counter/4/0/0/0,23237:1747647670040:,1747647683442
counter/9/0/0/0,31199:1747647673835:,1747647683442
counter/2/0/0/0,31143:1747647674996:,1747647683442
counter/6/0/0/0,27614:1747647673811:,1747647683442
counter/7/0/0/0,27198:1747647671935:,1747647683442
counter/4/0/0/0,23238:1747647670040:,1747647683442
counter/9/0/0/0,31200:1747647673835:,1747647683442
counter/2/0/0/0,31144:1747647674996:,1747647683442
counter/6/0/0/0,27615:1747647673811:,1747647683442
counter/7/0/0/0,27199:1747647671935:,1747647683442
counter/4/0/0/0,23239:1747647670040:,1747647683442
counter/9/0/0/0,31201:1747647673835:,1747647683442
counter/2/0/0/0,31145:1747647674996:,1747647683442
counter/6/0/0/0,27616:1747647673811:,1747647683442
counter/7/0/0/0,27200:1747647671935:,1747647683442
counter/4/0/0/0,23240:1747647670040:,1747647683442
counter/9/0/0/0,31202:1747647673835:,1747647683442
counter/2/0/0/0,31146:1747647674996:,1747647683442
counter/6/0/0/0,27617:1747647673811:,1747647683442
counter/7/0/0/0,27201:1747647671935:,1747647683442
counter/4/0/0/0,23241:1747647670040:,1747647683442
counter/9/0/0/0,31203:1747647673835:,1747647683442
counter/2/0/0/0,31147:1747647674996:,1747647683442
counter/6/0/0/0,27618:1747647673811:,1747647683442
counter/7/0/0/0,27202:1747647671935:,1747647683443
counter/4/0/0/0,23242:1747647670040:,1747647683443
counter/9/0/0/0,31204:1747647673835:,1747647683443
counter/2/0/0/0,31148:1747647674996:,1747647683443
counter/6/0/0/0,27619:1747647673811:,1747647683443
counter/7/0/0/0,27203:1747647671935:,1747647683443
counter/4/0/0/0,23243:1747647670040:,1747647683443
counter/9/0/0/0,31205:1747647673835:,1747647683443
counter/2/0/0/0,31149:1747647675000:,1747647683443
counter/6/0/0/0,27620:1747647673811:,1747647683443
counter/7/0/0/0,27204:1747647671935:,1747647683443
counter/4/0/0/0,23244:1747647670040:,1747647683443
counter/9/0/0/0,31206:1747647673835:,1747647683443
counter/2/0/0/0,31150:1747647675001:,1747647683443
counter/6/0/0/0,27621:1747647673811:,1747647683443
counter/7/0/0/0,27205:1747647671935:,1747647683443
counter/4/0/0/0,23245:1747647670040:,1747647683443
counter/9/0/0/0,31207:1747647673835:,1747647683443
counter/2/0/0/0,31151:1747647675001:,1747647683443
counter/6/0/0/0,27622:1747647673811:,1747647683443
counter/7/0/0/0,27206:1747647671936:,1747647683443
counter/4/0/0/0,23246:1747647670040:,1747647683443
counter/9/0/0/0,31208:1747647673835:,1747647683443
counter/2/0/0/0,31152:1747647675001:,1747647683443
counter/6/0/0/0,27623:1747647673812:,1747647683443
counter/7/0/0/0,27207:1747647671936:,1747647683443
counter/4/0/0/0,23247:1747647670040:,1747647683443
counter/9/0/0/0,31209:1747647673835:,1747647683443
counter/2/0/0/0,31153:1747647675001:,1747647683443
counter/6/0/0/0,27624:1747647673812:,1747647683443
counter/7/0/0/0,27208:1747647671936:,1747647683443
counter/4/0/0/0,23248:1747647670040:,1747647683443
counter/9/0/0/0,31210:1747647673835:,1747647683443
counter/2/0/0/0,31154:1747647675001:,1747647683443
counter/6/0/0/0,27625:1747647673812:,1747647683443
counter/7/0/0/0,27209:1747647671936:,1747647683443
counter/4/0/0/0,23249:1747647670040:,1747647683443
counter/9/0/0/0,31211:1747647673835:,1747647683443
counter/2/0/0/0,31155:1747647675016:,1747647683443
counter/6/0/0/0,27626:1747647673812:,1747647683443
counter/7/0/0/0,27210:1747647671936:,1747647683443
counter/4/0/0/0,23250:1747647670049:,1747647683443
counter/9/0/0/0,31212:1747647673835:,1747647683443
counter/2/0/0/0,31156:1747647675016:,1747647683443
counter/7/0/0/0,27211:1747647671936:,1747647683443
counter/4/0/0/0,23251:1747647670049:,1747647683443
counter/9/0/0/0,31213:1747647673835:,1747647683443
counter/2/0/0/0,31157:1747647675016:,1747647683444
counter/7/0/0/0,27212:1747647671936:,1747647683444
counter/4/0/0/0,23252:1747647670049:,1747647683444
counter/9/0/0/0,31214:1747647673842:,1747647683444
counter/2/0/0/0,31158:1747647675016:,1747647683444
counter/7/0/0/0,27213:1747647671936:,1747647683444
counter/4/0/0/0,23253:1747647670049:,1747647683444
counter/9/0/0/0,31215:1747647673842:,1747647683444
counter/2/0/0/0,31159:1747647675027:,1747647683444
counter/7/0/0/0,27214:1747647671936:,1747647683444
counter/4/0/0/0,23254:1747647670063:,1747647683444
counter/9/0/0/0,31216:1747647673842:,1747647683444
counter/2/0/0/0,31160:1747647675027:,1747647683444
counter/7/0/0/0,27215:1747647671936:,1747647683444
counter/4/0/0/0,23255:1747647670063:,1747647683444
counter/9/0/0/0,31217:1747647673842:,1747647683444
counter/2/0/0/0,31161:1747647675027:,1747647683444
counter/7/0/0/0,27216:1747647671936:,1747647683444
counter/4/0/0/0,23256:1747647670070:,1747647683444
counter/9/0/0/0,31218:1747647673842:,1747647683444
counter/2/0/0/0,31162:1747647675027:,1747647683444
counter/7/0/0/0,27217:1747647671936:,1747647683444
counter/4/0/0/0,23257:1747647670070:,1747647683444
counter/9/0/0/0,31219:1747647673842:,1747647683444
counter/2/0/0/0,31163:1747647675027:,1747647683444
counter/7/0/0/0,27218:1747647671936:,1747647683444
counter/4/0/0/0,23258:1747647670070:,1747647683444
counter/9/0/0/0,31220:1747647673842:,1747647683444
counter/2/0/0/0,31164:1747647675027:,1747647683444
counter/7/0/0/0,27219:1747647671936:,1747647683444
counter/4/0/0/0,23259:1747647670070:,1747647683444
counter/9/0/0/0,31221:1747647673842:,1747647683444
counter/2/0/0/0,31165:1747647675027:,1747647683444
counter/7/0/0/0,27220:1747647671936:,1747647683444
counter/4/0/0/0,23260:1747647670070:,1747647683444
counter/9/0/0/0,31222:1747647673842:,1747647683444
counter/2/0/0/0,31166:1747647675027:,1747647683444
counter/7/0/0/0,27221:1747647671936:,1747647683444
counter/4/0/0/0,23261:1747647670070:,1747647683444
counter/9/0/0/0,31223:1747647673842:,1747647683444
counter/2/0/0/0,31167:1747647675027:,1747647683444
counter/7/0/0/0,27222:1747647671936:,1747647683444
counter/4/0/0/0,23262:1747647670070:,1747647683444
counter/9/0/0/0,31224:1747647673842:,1747647683445
counter/2/0/0/0,31168:1747647675027:,1747647683445
counter/7/0/0/0,27223:1747647671936:,1747647683445
counter/4/0/0/0,23263:1747647670070:,1747647683445
counter/9/0/0/0,31225:1747647673842:,1747647683445
counter/2/0/0/0,31169:1747647675027:,1747647683445
counter/7/0/0/0,27224:1747647671936:,1747647683445
counter/4/0/0/0,23264:1747647670070:,1747647683445
counter/9/0/0/0,31226:1747647673842:,1747647683445
counter/2/0/0/0,31170:1747647675027:,1747647683445
counter/7/0/0/0,27225:1747647671936:,1747647683445
counter/4/0/0/0,23265:1747647670070:,1747647683445
counter/9/0/0/0,31227:1747647673842:,1747647683445
counter/2/0/0/0,31171:1747647675032:,1747647683445
counter/7/0/0/0,27226:1747647671936:,1747647683445
counter/4/0/0/0,23266:1747647670070:,1747647683445
counter/9/0/0/0,31228:1747647673842:,1747647683445
counter/2/0/0/0,31172:1747647675032:,1747647683445
counter/7/0/0/0,27227:1747647671936:,1747647683445
counter/4/0/0/0,23267:1747647670070:,1747647683445
counter/9/0/0/0,31229:1747647673852:,1747647683445
counter/2/0/0/0,31173:1747647675048:,1747647683445
counter/7/0/0/0,27228:1747647671936:,1747647683445
counter/4/0/0/0,23268:1747647670070:,1747647683445
counter/9/0/0/0,31230:1747647673852:,1747647683445
counter/2/0/0/0,31174:1747647675049:,1747647683445
counter/7/0/0/0,27229:1747647671939:,1747647683445
counter/4/0/0/0,23269:1747647670070:,1747647683445
counter/9/0/0/0,31231:1747647673852:,1747647683445
counter/2/0/0/0,31175:1747647675049:,1747647683445
counter/7/0/0/0,27230:1747647671939:,1747647683445
counter/4/0/0/0,23270:1747647670070:,1747647683445
counter/9/0/0/0,31232:1747647673852:,1747647683445
counter/2/0/0/0,31176:1747647675049:,1747647683445
counter/7/0/0/0,27231:1747647671939:,1747647683445
counter/4/0/0/0,23271:1747647670070:,1747647683445
counter/9/0/0/0,31233:1747647673852:,1747647683445
counter/2/0/0/0,31177:1747647675049:,1747647683445
counter/7/0/0/0,27232:1747647671939:,1747647683445
counter/4/0/0/0,23272:1747647670072:,1747647683445
counter/9/0/0/0,31234:1747647673852:,1747647683446
counter/2/0/0/0,31178:1747647675049:,1747647683446
counter/7/0/0/0,27233:1747647671939:,1747647683446
counter/4/0/0/0,23273:1747647670072:,1747647683446
counter/9/0/0/0,31235:1747647673854:,1747647683446
counter/2/0/0/0,31179:1747647675049:,1747647683446
counter/7/0/0/0,27234:1747647671939:,1747647683446
counter/4/0/0/0,23274:1747647670092:,1747647683446
counter/9/0/0/0,31236:1747647673854:,1747647683446
counter/2/0/0/0,31180:1747647675049:,1747647683446
counter/7/0/0/0,27235:1747647671939:,1747647683446
counter/4/0/0/0,23275:1747647670092:,1747647683446
counter/9/0/0/0,31237:1747647673854:,1747647683446
counter/2/0/0/0,31181:1747647675049:,1747647683446
counter/7/0/0/0,27236:1747647671939:,1747647683446
counter/4/0/0/0,23276:1747647670092:,1747647683446
counter/9/0/0/0,31238:1747647673854:,1747647683446
counter/2/0/0/0,31182:1747647675049:,1747647683446
counter/7/0/0/0,27237:1747647671939:,1747647683446
counter/4/0/0/0,23277:1747647670092:,1747647683446
counter/9/0/0/0,31239:1747647673854:,1747647683446
counter/2/0/0/0,31183:1747647675049:,1747647683446
counter/7/0/0/0,27238:1747647671939:,1747647683446
counter/4/0/0/0,23278:1747647670092:,1747647683446
counter/9/0/0/0,31240:1747647673856:,1747647683446
counter/2/0/0/0,31184:1747647675049:,1747647683446
counter/7/0/0/0,27239:1747647671939:,1747647683446
counter/4/0/0/0,23279:1747647670092:,1747647683446
counter/9/0/0/0,31241:1747647673856:,1747647683446
counter/2/0/0/0,31185:1747647675049:,1747647683446
counter/7/0/0/0,27240:1747647671941:,1747647683446
counter/4/0/0/0,23280:1747647670098:,1747647683446
counter/9/0/0/0,31242:1747647673861:,1747647683446
counter/2/0/0/0,31186:1747647675049:,1747647683446
counter/7/0/0/0,27241:1747647671941:,1747647683446
counter/4/0/0/0,23281:1747647670098:,1747647683446
counter/9/0/0/0,31243:1747647673861:,1747647683446
counter/2/0/0/0,31187:1747647675049:,1747647683446
counter/7/0/0/0,27242:1747647671941:,1747647683446
counter/4/0/0/0,23282:1747647670098:,1747647683446
counter/9/0/0/0,31244:1747647673861:,1747647683446
counter/2/0/0/0,31188:1747647675050:,1747647683446
counter/7/0/0/0,27243:1747647671941:,1747647683446
counter/4/0/0/0,23283:1747647670098:,1747647683447
counter/9/0/0/0,31245:1747647673861:,1747647683447
counter/2/0/0/0,31189:1747647675050:,1747647683447
counter/7/0/0/0,27244:1747647671967:,1747647683447
counter/4/0/0/0,23284:1747647670098:,1747647683447
counter/9/0/0/0,31246:1747647673866:,1747647683447
counter/2/0/0/0,31190:1747647675050:,1747647683447
counter/7/0/0/0,27245:1747647671967:,1747647683447
counter/4/0/0/0,23285:1747647670098:,1747647683447
counter/9/0/0/0,31247:1747647673866:,1747647683447
counter/2/0/0/0,31191:1747647675050:,1747647683447
counter/7/0/0/0,27246:1747647671967:,1747647683447
counter/4/0/0/0,23286:1747647670098:,1747647683447
counter/9/0/0/0,31248:1747647673870:,1747647683447
counter/2/0/0/0,31192:1747647675050:,1747647683447
counter/7/0/0/0,27247:1747647671967:,1747647683447
counter/4/0/0/0,23287:1747647670098:,1747647683447
counter/9/0/0/0,31249:1747647673870:,1747647683447
counter/2/0/0/0,31193:1747647675050:,1747647683447
counter/7/0/0/0,27248:1747647671967:,1747647683447
counter/4/0/0/0,23288:1747647670098:,1747647683447
counter/9/0/0/0,31250:1747647673871:,1747647683447
counter/2/0/0/0,31194:1747647675050:,1747647683447
counter/7/0/0/0,27249:1747647671967:,1747647683447
counter/4/0/0/0,23289:1747647670098:,1747647683447
counter/9/0/0/0,31251:1747647673871:,1747647683447
counter/2/0/0/0,31195:1747647675050:,1747647683447
counter/7/0/0/0,27250:1747647671967:,1747647683447
counter/4/0/0/0,23290:1747647670114:,1747647683447
counter/9/0/0/0,31252:1747647673871:,1747647683447
counter/2/0/0/0,31196:1747647675050:,1747647683447
counter/7/0/0/0,27251:1747647671967:,1747647683447
counter/4/0/0/0,23291:1747647670114:,1747647683447
counter/9/0/0/0,31253:1747647673871:,1747647683447
counter/2/0/0/0,31197:1747647675050:,1747647683447
counter/7/0/0/0,27252:1747647671967:,1747647683447
counter/4/0/0/0,23292:1747647670114:,1747647683447
counter/9/0/0/0,31254:1747647673871:,1747647683447
counter/2/0/0/0,31198:1747647675050:,1747647683448
counter/7/0/0/0,27253:1747647671967:,1747647683448
counter/4/0/0/0,23293:1747647670114:,1747647683448
counter/9/0/0/0,31255:1747647673871:,1747647683448
counter/2/0/0/0,31199:1747647675050:,1747647683448
counter/7/0/0/0,27254:1747647671967:,1747647683448
counter/4/0/0/0,23294:1747647670115:,1747647683448
counter/9/0/0/0,31256:1747647673871:,1747647683448
counter/2/0/0/0,31200:1747647675050:,1747647683448
counter/7/0/0/0,27255:1747647671967:,1747647683448
counter/4/0/0/0,23295:1747647670115:,1747647683448
counter/9/0/0/0,31257:1747647673872:,1747647683448
counter/2/0/0/0,31201:1747647675050:,1747647683448
counter/7/0/0/0,27256:1747647671967:,1747647683448
counter/4/0/0/0,23296:1747647670115:,1747647683448
counter/9/0/0/0,31258:1747647673872:,1747647683448
counter/2/0/0/0,31202:1747647675053:,1747647683448
counter/7/0/0/0,27257:1747647671967:,1747647683448
counter/4/0/0/0,23297:1747647670115:,1747647683448
counter/9/0/0/0,31259:1747647673872:,1747647683448
counter/2/0/0/0,31203:1747647675053:,1747647683448
counter/7/0/0/0,27258:1747647671968:,1747647683448
counter/4/0/0/0,23298:1747647670115:,1747647683448
counter/3/0/0/0,23698:1747647669927:,1747647683448
counter/9/0/0/0,31260:1747647673872:,1747647683448
counter/2/0/0/0,31204:1747647675053:,1747647683448
counter/7/0/0/0,27259:1747647671968:,1747647683448
counter/4/0/0/0,23299:1747647670115:,1747647683448
counter/6/0/0/0,27627:1747647673812:,1747647683448
counter/10/0/0/0,24816:1747647668503:,1747647683448
counter/8/0/0/0,27963:1747647671586:,1747647683448
counter/9/0/0/0,31261:1747647673872:,1747647683448
counter/2/0/0/0,31205:1747647675055:,1747647683448
counter/7/0/0/0,27260:1747647671968:,1747647683448
counter/4/0/0/0,23300:1747647670115:,1747647683448
counter/1/0/0/0,24400:1747647670779:,1747647683448
counter/9/0/0/0,31262:1747647673872:,1747647683448
counter/2/0/0/0,31206:1747647675055:,1747647683448
counter/7/0/0/0,27261:1747647671968:,1747647683448
counter/4/0/0/0,23301:1747647670115:,1747647683448
counter/9/0/0/0,31263:1747647673872:,1747647683448
counter/2/0/0/0,31207:1747647675055:,1747647683448
counter/7/0/0/0,27262:1747647671968:,1747647683448
counter/4/0/0/0,23302:1747647670115:,1747647683448
counter/9/0/0/0,31264:1747647673872:,1747647683448
counter/2/0/0/0,31208:1747647675055:,1747647683448
counter/7/0/0/0,27263:1747647671968:,1747647683448
counter/4/0/0/0,23303:1747647670115:,1747647683448
counter/9/0/0/0,31265:1747647673872:,1747647683449
counter/2/0/0/0,31209:1747647675055:,1747647683449
counter/7/0/0/0,27264:1747647671968:,1747647683449
counter/4/0/0/0,23304:1747647670115:,1747647683449
counter/9/0/0/0,31266:1747647673872:,1747647683449
counter/2/0/0/0,31210:1747647675055:,1747647683449
counter/7/0/0/0,27265:1747647671968:,1747647683449
counter/4/0/0/0,23305:1747647670115:,1747647683449
counter/9/0/0/0,31267:1747647673872:,1747647683449
counter/2/0/0/0,31211:1747647675059:,1747647683449
counter/7/0/0/0,27266:1747647671968:,1747647683449
counter/4/0/0/0,23306:1747647670115:,1747647683449
counter/9/0/0/0,31268:1747647673872:,1747647683449
counter/2/0/0/0,31212:1747647675059:,1747647683449
counter/7/0/0/0,27267:1747647671968:,1747647683449
counter/4/0/0/0,23307:1747647670115:,1747647683449
counter/9/0/0/0,31269:1747647673872:,1747647683449
counter/2/0/0/0,31213:1747647675059:,1747647683449
counter/7/0/0/0,27268:1747647671968:,1747647683449
counter/4/0/0/0,23308:1747647670115:,1747647683449
counter/9/0/0/0,31270:1747647673887:,1747647683449
counter/2/0/0/0,31214:1747647675059:,1747647683449
counter/7/0/0/0,27269:1747647671968:,1747647683449
counter/4/0/0/0,23309:1747647670115:,1747647683449
counter/9/0/0/0,31271:1747647673887:,1747647683449
counter/2/0/0/0,31215:1747647675059:,1747647683449
counter/7/0/0/0,27270:1747647671968:,1747647683449
counter/4/0/0/0,23310:1747647670115:,1747647683449
counter/9/0/0/0,31272:1747647673887:,1747647683449
counter/2/0/0/0,31216:1747647675059:,1747647683449
counter/7/0/0/0,27271:1747647671968:,1747647683449
counter/4/0/0/0,23311:1747647670115:,1747647683449
counter/9/0/0/0,31273:1747647673887:,1747647683449
counter/2/0/0/0,31217:1747647675059:,1747647683449
counter/7/0/0/0,27272:1747647671968:,1747647683449
counter/4/0/0/0,23312:1747647670115:,1747647683449
counter/9/0/0/0,31274:1747647673887:,1747647683449
counter/2/0/0/0,31218:1747647675059:,1747647683449
counter/7/0/0/0,27273:1747647671968:,1747647683449
counter/4/0/0/0,23313:1747647670115:,1747647683450
counter/9/0/0/0,31275:1747647673887:,1747647683450
counter/2/0/0/0,31219:1747647675059:,1747647683450
counter/7/0/0/0,27274:1747647671968:,1747647683450
counter/4/0/0/0,23314:1747647670115:,1747647683450
counter/9/0/0/0,31276:1747647673896:,1747647683450
counter/2/0/0/0,31220:1747647675059:,1747647683450
counter/7/0/0/0,27275:1747647671968:,1747647683450
counter/4/0/0/0,23315:1747647670116:,1747647683450
counter/9/0/0/0,31277:1747647673896:,1747647683450
counter/2/0/0/0,31221:1747647675059:,1747647683450
counter/7/0/0/0,27276:1747647671968:,1747647683450
counter/4/0/0/0,23316:1747647670116:,1747647683450
counter/9/0/0/0,31278:1747647673896:,1747647683450
counter/2/0/0/0,31222:1747647675059:,1747647683450
counter/7/0/0/0,27277:1747647671968:,1747647683450
counter/4/0/0/0,23317:1747647670120:,1747647683450
counter/9/0/0/0,31279:1747647673903:,1747647683450
counter/2/0/0/0,31223:1747647675059:,1747647683450
counter/7/0/0/0,27278:1747647671968:,1747647683450
counter/4/0/0/0,23318:1747647670120:,1747647683450
counter/9/0/0/0,31280:1747647673911:,1747647683450
counter/2/0/0/0,31224:1747647675059:,1747647683450
counter/7/0/0/0,27279:1747647671985:,1747647683450
counter/4/0/0/0,23319:1747647670120:,1747647683450
counter/9/0/0/0,31281:1747647673911:,1747647683450
counter/2/0/0/0,31225:1747647675066:,1747647683450
counter/7/0/0/0,27280:1747647671985:,1747647683450
counter/4/0/0/0,23320:1747647670120:,1747647683450
counter/9/0/0/0,31282:1747647673911:,1747647683450
counter/2/0/0/0,31226:1747647675066:,1747647683450
counter/7/0/0/0,27281:1747647671985:,1747647683450
counter/4/0/0/0,23321:1747647670120:,1747647683450
counter/9/0/0/0,31283:1747647673911:,1747647683450
counter/2/0/0/0,31227:1747647675066:,1747647683450
counter/7/0/0/0,27282:1747647671985:,1747647683450
counter/4/0/0/0,23322:1747647670120:,1747647683450
counter/9/0/0/0,31284:1747647673911:,1747647683450
counter/2/0/0/0,31228:1747647675066:,1747647683451
counter/7/0/0/0,27283:1747647671991:,1747647683451
counter/4/0/0/0,23323:1747647670120:,1747647683451
counter/9/0/0/0,31285:1747647673911:,1747647683451
counter/2/0/0/0,31229:1747647675066:,1747647683451
counter/7/0/0/0,27284:1747647671991:,1747647683451
counter/4/0/0/0,23324:1747647670121:,1747647683451
counter/9/0/0/0,31286:1747647673911:,1747647683451
counter/2/0/0/0,31230:1747647675074:,1747647683451
counter/7/0/0/0,27285:1747647671991:,1747647683451
counter/4/0/0/0,23325:1747647670121:,1747647683451
counter/9/0/0/0,31287:1747647673911:,1747647683451
counter/2/0/0/0,31231:1747647675074:,1747647683451
counter/7/0/0/0,27286:1747647671991:,1747647683451
counter/4/0/0/0,23326:1747647670121:,1747647683451
counter/9/0/0/0,31288:1747647673911:,1747647683451
counter/2/0/0/0,31232:1747647675076:,1747647683451
counter/7/0/0/0,27287:1747647671991:,1747647683451
counter/4/0/0/0,23327:1747647670121:,1747647683451
counter/9/0/0/0,31289:1747647673911:,1747647683451
counter/2/0/0/0,31233:1747647675076:,1747647683451
counter/7/0/0/0,27288:1747647671991:,1747647683451
counter/4/0/0/0,23328:1747647670121:,1747647683451
counter/9/0/0/0,31290:1747647673911:,1747647683451
counter/2/0/0/0,31234:1747647675076:,1747647683451
counter/7/0/0/0,27289:1747647671991:,1747647683451
counter/4/0/0/0,23329:1747647670123:,1747647683451
counter/8/0/0/0,27964:1747647671586:,1747647683451
counter/9/0/0/0,31291:1747647673911:,1747647683451
counter/2/0/0/0,31235:1747647675076:,1747647683451
counter/7/0/0/0,27290:1747647671991:,1747647683451
counter/4/0/0/0,23330:1747647670123:,1747647683451
counter/8/0/0/0,27965:1747647671586:,1747647683451
counter/9/0/0/0,31292:1747647673911:,1747647683451
counter/2/0/0/0,31236:1747647675076:,1747647683451
counter/7/0/0/0,27291:1747647671991:,1747647683451
counter/4/0/0/0,23331:1747647670123:,1747647683451
counter/8/0/0/0,27966:1747647671586:,1747647683451
counter/9/0/0/0,31293:1747647673911:,1747647683451
counter/2/0/0/0,31237:1747647675076:,1747647683451
counter/7/0/0/0,27292:1747647671991:,1747647683451
counter/4/0/0/0,23332:1747647670123:,1747647683451
counter/8/0/0/0,27967:1747647671586:,1747647683451
counter/9/0/0/0,31294:1747647673911:,1747647683451
counter/2/0/0/0,31238:1747647675076:,1747647683451
counter/7/0/0/0,27293:1747647671991:,1747647683452
counter/4/0/0/0,23333:1747647670123:,1747647683452
counter/8/0/0/0,27968:1747647671586:,1747647683452
counter/9/0/0/0,31295:1747647673911:,1747647683452
counter/2/0/0/0,31239:1747647675077:,1747647683452
counter/7/0/0/0,27294:1747647671991:,1747647683452
counter/4/0/0/0,23334:1747647670123:,1747647683452
counter/8/0/0/0,27969:1747647671586:,1747647683452
counter/9/0/0/0,31296:1747647673911:,1747647683452
counter/2/0/0/0,31240:1747647675077:,1747647683452
counter/7/0/0/0,27295:1747647671993:,1747647683452
counter/4/0/0/0,23335:1747647670123:,1747647683452
counter/8/0/0/0,27970:1747647671586:,1747647683452
counter/9/0/0/0,31297:1747647673911:,1747647683452
counter/2/0/0/0,31241:1747647675077:,1747647683452
counter/7/0/0/0,27296:1747647671994:,1747647683452
counter/4/0/0/0,23336:1747647670123:,1747647683452
counter/8/0/0/0,27971:1747647671586:,1747647683452
counter/9/0/0/0,31298:1747647673911:,1747647683452
counter/2/0/0/0,31242:1747647675077:,1747647683452
counter/7/0/0/0,27297:1747647671994:,1747647683452
counter/4/0/0/0,23337:1747647670123:,1747647683452
counter/8/0/0/0,27972:1747647671586:,1747647683452
counter/9/0/0/0,31299:1747647673911:,1747647683452
counter/2/0/0/0,31243:1747647675077:,1747647683452
counter/7/0/0/0,27298:1747647671994:,1747647683452
counter/4/0/0/0,23338:1747647670123:,1747647683452
counter/8/0/0/0,27973:1747647671586:,1747647683452
counter/9/0/0/0,31300:1747647673911:,1747647683452
counter/2/0/0/0,31244:1747647675077:,1747647683452
counter/7/0/0/0,27299:1747647671994:,1747647683452
counter/4/0/0/0,23339:1747647670123:,1747647683452
counter/8/0/0/0,27974:1747647671586:,1747647683452
counter/9/0/0/0,31301:1747647673911:,1747647683452
counter/2/0/0/0,31245:1747647675078:,1747647683452
counter/7/0/0/0,27300:1747647671994:,1747647683452
counter/4/0/0/0,23340:1747647670123:,1747647683452
counter/8/0/0/0,27975:1747647671586:,1747647683452
counter/9/0/0/0,31302:1747647673911:,1747647683452
counter/2/0/0/0,31246:1747647675078:,1747647683452
counter/7/0/0/0,27301:1747647671994:,1747647683452
counter/4/0/0/0,23341:1747647670123:,1747647683452
counter/8/0/0/0,27976:1747647671586:,1747647683452
counter/9/0/0/0,31303:1747647673912:,1747647683452
counter/2/0/0/0,31247:1747647675078:,1747647683452
counter/7/0/0/0,27302:1747647671997:,1747647683452
counter/4/0/0/0,23342:1747647670123:,1747647683453
counter/8/0/0/0,27977:1747647671629:,1747647683453
counter/9/0/0/0,31304:1747647673912:,1747647683453
counter/2/0/0/0,31248:1747647675078:,1747647683453
counter/7/0/0/0,27303:1747647671997:,1747647683453
counter/4/0/0/0,23343:1747647670123:,1747647683453
counter/8/0/0/0,27978:1747647671629:,1747647683453
counter/9/0/0/0,31305:1747647673912:,1747647683453
counter/2/0/0/0,31249:1747647675080:,1747647683453
counter/7/0/0/0,27304:1747647671997:,1747647683453
counter/4/0/0/0,23344:1747647670123:,1747647683453
counter/8/0/0/0,27979:1747647671629:,1747647683453
counter/9/0/0/0,31306:1747647673913:,1747647683453
counter/2/0/0/0,31250:1747647675080:,1747647683453
counter/7/0/0/0,27305:1747647671997:,1747647683453
counter/4/0/0/0,23345:1747647670123:,1747647683453
counter/8/0/0/0,27980:1747647671629:,1747647683453
counter/9/0/0/0,31307:1747647673913:,1747647683453
counter/2/0/0/0,31251:1747647675080:,1747647683453
counter/7/0/0/0,27306:1747647671997:,1747647683453
counter/4/0/0/0,23346:1747647670123:,1747647683453
counter/8/0/0/0,27981:1747647671629:,1747647683453
counter/9/0/0/0,31308:1747647673913:,1747647683453
counter/2/0/0/0,31252:1747647675083:,1747647683453
counter/7/0/0/0,27307:1747647671997:,1747647683453
counter/4/0/0/0,23347:1747647670123:,1747647683453
counter/8/0/0/0,27982:1747647671629:,1747647683453
counter/9/0/0/0,31309:1747647673913:,1747647683453
counter/2/0/0/0,31253:1747647675083:,1747647683453
counter/7/0/0/0,27308:1747647671997:,1747647683453
counter/4/0/0/0,23348:1747647670123:,1747647683453
counter/8/0/0/0,27983:1747647671629:,1747647683453
counter/9/0/0/0,31310:1747647673915:,1747647683453
counter/2/0/0/0,31254:1747647675086:,1747647683453
counter/7/0/0/0,27309:1747647671997:,1747647683453
counter/4/0/0/0,23349:1747647670123:,1747647683453
counter/8/0/0/0,27984:1747647671629:,1747647683453
counter/9/0/0/0,31311:1747647673915:,1747647683453
counter/2/0/0/0,31255:1747647675086:,1747647683453
counter/7/0/0/0,27310:1747647671997:,1747647683453
counter/4/0/0/0,23350:1747647670123:,1747647683454
counter/8/0/0/0,27985:1747647671629:,1747647683454
counter/9/0/0/0,31312:1747647673921:,1747647683454
counter/2/0/0/0,31256:1747647675086:,1747647683454
counter/7/0/0/0,27311:1747647671997:,1747647683454
counter/8/0/0/0,27986:1747647671629:,1747647683454
counter/10/0/0/0,24817:1747647668503:,1747647683454
counter/9/0/0/0,31313:1747647673921:,1747647683454
counter/2/0/0/0,31257:1747647675086:,1747647683454
counter/7/0/0/0,27312:1747647671997:,1747647683454
counter/8/0/0/0,27987:1747647671629:,1747647683454
counter/5/0/0/0,27451:1747647671920:,1747647683454
counter/1/0/0/0,24401:1747647670779:,1747647683454
counter/3/0/0/0,23699:1747647669927:,1747647683454
counter/6/0/0/0,27628:1747647673816:,1747647683454
counter/9/0/0/0,31314:1747647673921:,1747647683454
counter/2/0/0/0,31258:1747647675086:,1747647683454
counter/7/0/0/0,27313:1747647671997:,1747647683454
counter/8/0/0/0,27988:1747647671635:,1747647683454
counter/1/0/0/0,24402:1747647670779:,1747647683454
counter/6/0/0/0,27629:1747647673816:,1747647683454
counter/9/0/0/0,31315:1747647673921:,1747647683454
counter/2/0/0/0,31259:1747647675086:,1747647683454
counter/7/0/0/0,27314:1747647671997:,1747647683454
counter/8/0/0/0,27989:1747647671635:,1747647683454
counter/1/0/0/0,24403:1747647670779:,1747647683454
counter/6/0/0/0,27630:1747647673816:,1747647683454
counter/9/0/0/0,31316:1747647673921:,1747647683454
counter/2/0/0/0,31260:1747647675086:,1747647683454
counter/7/0/0/0,27315:1747647671997:,1747647683454
counter/8/0/0/0,27990:1747647671635:,1747647683454
counter/1/0/0/0,24404:1747647670784:,1747647683454
counter/6/0/0/0,27631:1747647673816:,1747647683454
counter/9/0/0/0,31317:1747647673921:,1747647683454
counter/2/0/0/0,31261:1747647675086:,1747647683454
counter/7/0/0/0,27316:1747647671997:,1747647683454
counter/8/0/0/0,27991:1747647671635:,1747647683454
counter/1/0/0/0,24405:1747647670784:,1747647683454
counter/6/0/0/0,27632:1747647673816:,1747647683454
counter/9/0/0/0,31318:1747647673921:,1747647683454
counter/2/0/0/0,31262:1747647675086:,1747647683455
counter/7/0/0/0,27317:1747647671997:,1747647683455
counter/8/0/0/0,27992:1747647671635:,1747647683455
counter/1/0/0/0,24406:1747647670790:,1747647683455
counter/6/0/0/0,27633:1747647673816:,1747647683455
counter/9/0/0/0,31319:1747647673921:,1747647683455
counter/2/0/0/0,31263:1747647675086:,1747647683455
counter/7/0/0/0,27318:1747647671998:,1747647683455
counter/8/0/0/0,27993:1747647671635:,1747647683455
counter/1/0/0/0,24407:1747647670798:,1747647683455
counter/6/0/0/0,27634:1747647673817:,1747647683455
counter/9/0/0/0,31320:1747647673921:,1747647683455
counter/2/0/0/0,31264:1747647675086:,1747647683455
counter/7/0/0/0,27319:1747647671998:,1747647683455
counter/8/0/0/0,27994:1747647671635:,1747647683455
counter/1/0/0/0,24408:1747647670798:,1747647683455
counter/6/0/0/0,27635:1747647673817:,1747647683455
counter/3/0/0/0,23700:1747647669927:,1747647683455
counter/9/0/0/0,31321:1747647673921:,1747647683455
counter/2/0/0/0,31265:1747647675092:,1747647683455
counter/7/0/0/0,27320:1747647671998:,1747647683455
counter/8/0/0/0,27995:1747647671636:,1747647683455
counter/1/0/0/0,24409:1747647670798:,1747647683455
counter/6/0/0/0,27636:1747647673817:,1747647683455
counter/9/0/0/0,31322:1747647673921:,1747647683455
counter/2/0/0/0,31266:1747647675102:,1747647683455
counter/7/0/0/0,27321:1747647671998:,1747647683455
counter/8/0/0/0,27996:1747647671636:,1747647683455
counter/1/0/0/0,24410:1747647670798:,1747647683455
counter/6/0/0/0,27637:1747647673817:,1747647683455
counter/4/0/0/0,23351:1747647670123:,1747647683455
counter/9/0/0/0,31323:1747647673921:,1747647683455
counter/2/0/0/0,31267:1747647675102:,1747647683455
counter/7/0/0/0,27322:1747647671998:,1747647683455
counter/8/0/0/0,27997:1747647671636:,1747647683455
counter/1/0/0/0,24411:1747647670798:,1747647683455
counter/6/0/0/0,27638:1747647673817:,1747647683455
counter/3/0/0/0,23701:1747647669927:,1747647683455
counter/9/0/0/0,31324:1747647673921:,1747647683455
counter/2/0/0/0,31268:1747647675102:,1747647683456
counter/7/0/0/0,27323:1747647672010:,1747647683456
counter/8/0/0/0,27998:1747647671636:,1747647683456
counter/1/0/0/0,24412:1747647670798:,1747647683456
counter/6/0/0/0,27639:1747647673817:,1747647683456
counter/3/0/0/0,23702:1747647669927:,1747647683456
counter/4/0/0/0,23352:1747647670124:,1747647683456
counter/9/0/0/0,31325:1747647673921:,1747647683456
counter/2/0/0/0,31269:1747647675102:,1747647683456
counter/7/0/0/0,27324:1747647672010:,1747647683456
counter/8/0/0/0,27999:1747647671643:,1747647683456
counter/1/0/0/0,24413:1747647670798:,1747647683456
counter/6/0/0/0,27640:1747647673817:,1747647683456
counter/3/0/0/0,23703:1747647669927:,1747647683456
counter/9/0/0/0,31326:1747647673921:,1747647683456
counter/2/0/0/0,31270:1747647675102:,1747647683456
counter/7/0/0/0,27325:1747647672010:,1747647683456
counter/8/0/0/0,28000:1747647671643:,1747647683456
counter/1/0/0/0,24414:1747647670798:,1747647683456
counter/6/0/0/0,27641:1747647673817:,1747647683456
counter/3/0/0/0,23704:1747647669927:,1747647683456
counter/9/0/0/0,31327:1747647673922:,1747647683456
counter/2/0/0/0,31271:1747647675102:,1747647683456
counter/7/0/0/0,27326:1747647672010:,1747647683456
counter/8/0/0/0,28001:1747647671643:,1747647683456
counter/1/0/0/0,24415:1747647670798:,1747647683456
counter/6/0/0/0,27642:1747647673817:,1747647683456
counter/3/0/0/0,23705:1747647669927:,1747647683456
counter/9/0/0/0,31328:1747647673922:,1747647683456
counter/2/0/0/0,31272:1747647675102:,1747647683456
counter/7/0/0/0,27327:1747647672010:,1747647683456
counter/8/0/0/0,28002:1747647671643:,1747647683456
counter/1/0/0/0,24416:1747647670798:,1747647683456
counter/6/0/0/0,27643:1747647673817:,1747647683456
counter/3/0/0/0,23706:1747647669927:,1747647683456
counter/9/0/0/0,31329:1747647673922:,1747647683456
counter/2/0/0/0,31273:1747647675111:,1747647683456
counter/7/0/0/0,27328:1747647672010:,1747647683456
counter/8/0/0/0,28003:1747647671643:,1747647683456
counter/1/0/0/0,24417:1747647670798:,1747647683456
counter/6/0/0/0,27644:1747647673819:,1747647683456
counter/3/0/0/0,23707:1747647669927:,1747647683456
counter/9/0/0/0,31330:1747647673922:,1747647683456
counter/2/0/0/0,31274:1747647675112:,1747647683456
counter/7/0/0/0,27329:1747647672010:,1747647683456
counter/8/0/0/0,28004:1747647671643:,1747647683456
counter/1/0/0/0,24418:1747647670798:,1747647683457
counter/6/0/0/0,27645:1747647673819:,1747647683457
counter/3/0/0/0,23708:1747647669927:,1747647683457
counter/9/0/0/0,31331:1747647673922:,1747647683457
counter/2/0/0/0,31275:1747647675112:,1747647683457
counter/7/0/0/0,27330:1747647672010:,1747647683457
counter/8/0/0/0,28005:1747647671643:,1747647683457
counter/1/0/0/0,24419:1747647670798:,1747647683457
counter/6/0/0/0,27646:1747647673819:,1747647683457
counter/3/0/0/0,23709:1747647669928:,1747647683457
counter/4/0/0/0,23353:1747647670124:,1747647683457
counter/9/0/0/0,31332:1747647673922:,1747647683457
counter/2/0/0/0,31276:1747647675118:,1747647683457
counter/7/0/0/0,27331:1747647672010:,1747647683457
counter/8/0/0/0,28006:1747647671643:,1747647683457
counter/6/0/0/0,27647:1747647673819:,1747647683457
counter/3/0/0/0,23710:1747647669928:,1747647683457
counter/9/0/0/0,31333:1747647673922:,1747647683457
counter/2/0/0/0,31277:1747647675118:,1747647683457
counter/7/0/0/0,27332:1747647672010:,1747647683457
counter/8/0/0/0,28007:1747647671646:,1747647683457
counter/6/0/0/0,27648:1747647673819:,1747647683457
counter/3/0/0/0,23711:1747647669928:,1747647683457
counter/10/0/0/0,24818:1747647668503:,1747647683457
counter/1/0/0/0,24420:1747647670798:,1747647683457
counter/9/0/0/0,31334:1747647673922:,1747647683457
counter/2/0/0/0,31278:1747647675118:,1747647683457
counter/7/0/0/0,27333:1747647672010:,1747647683457
counter/8/0/0/0,28008:1747647671646:,1747647683457
counter/6/0/0/0,27649:1747647673819:,1747647683457
counter/3/0/0/0,23712:1747647669928:,1747647683457
counter/9/0/0/0,31335:1747647673922:,1747647683457
counter/2/0/0/0,31279:1747647675119:,1747647683457
counter/7/0/0/0,27334:1747647672011:,1747647683457
counter/8/0/0/0,28009:1747647671646:,1747647683457
counter/6/0/0/0,27650:1747647673819:,1747647683457
counter/3/0/0/0,23713:1747647669928:,1747647683457
counter/9/0/0/0,31336:1747647673922:,1747647683457
counter/2/0/0/0,31280:1747647675119:,1747647683458
counter/7/0/0/0,27335:1747647672011:,1747647683458
counter/8/0/0/0,28010:1747647671646:,1747647683458
counter/6/0/0/0,27651:1747647673819:,1747647683458
counter/3/0/0/0,23714:1747647669928:,1747647683458
counter/4/0/0/0,23354:1747647670124:,1747647683458
counter/9/0/0/0,31337:1747647673922:,1747647683458
counter/2/0/0/0,31281:1747647675120:,1747647683458
counter/7/0/0/0,27336:1747647672011:,1747647683458
counter/8/0/0/0,28011:1747647671671:,1747647683458
counter/6/0/0/0,27652:1747647673819:,1747647683458
counter/3/0/0/0,23715:1747647669928:,1747647683458
counter/9/0/0/0,31338:1747647673922:,1747647683458
counter/2/0/0/0,31282:1747647675120:,1747647683458
counter/7/0/0/0,27337:1747647672011:,1747647683458
counter/8/0/0/0,28012:1747647671671:,1747647683458
counter/6/0/0/0,27653:1747647673819:,1747647683458
counter/3/0/0/0,23716:1747647669928:,1747647683458
counter/9/0/0/0,31339:1747647673922:,1747647683458
counter/2/0/0/0,31283:1747647675120:,1747647683458
counter/7/0/0/0,27338:1747647672011:,1747647683458
counter/8/0/0/0,28013:1747647671672:,1747647683458
counter/3/0/0/0,23717:1747647669928:,1747647683458
counter/9/0/0/0,31340:1747647673922:,1747647683458
counter/2/0/0/0,31284:1747647675120:,1747647683458
counter/7/0/0/0,27339:1747647672019:,1747647683458
counter/8/0/0/0,28014:1747647671672:,1747647683458
counter/3/0/0/0,23718:1747647669928:,1747647683458
counter/9/0/0/0,31341:1747647673922:,1747647683458
counter/2/0/0/0,31285:1747647675120:,1747647683458
counter/7/0/0/0,27340:1747647672019:,1747647683458
counter/8/0/0/0,28015:1747647671672:,1747647683458
counter/3/0/0/0,23719:1747647669928:,1747647683458
counter/9/0/0/0,31342:1747647673922:,1747647683458
counter/2/0/0/0,31286:1747647675120:,1747647683458
counter/7/0/0/0,27341:1747647672019:,1747647683458
counter/8/0/0/0,28016:1747647671672:,1747647683458
counter/3/0/0/0,23720:1747647669928:,1747647683458
counter/9/0/0/0,31343:1747647673922:,1747647683458
counter/2/0/0/0,31287:1747647675120:,1747647683458
counter/7/0/0/0,27342:1747647672019:,1747647683459
counter/8/0/0/0,28017:1747647671672:,1747647683459
counter/3/0/0/0,23721:1747647669928:,1747647683459
counter/9/0/0/0,31344:1747647673935:,1747647683459
counter/2/0/0/0,31288:1747647675120:,1747647683459
counter/7/0/0/0,27343:1747647672019:,1747647683459
counter/8/0/0/0,28018:1747647671673:,1747647683459
counter/3/0/0/0,23722:1747647669928:,1747647683459
counter/9/0/0/0,31345:1747647673935:,1747647683459
counter/2/0/0/0,31289:1747647675125:,1747647683459
counter/7/0/0/0,27344:1747647672019:,1747647683459
counter/8/0/0/0,28019:1747647671673:,1747647683459
counter/3/0/0/0,23723:1747647669928:,1747647683459
counter/9/0/0/0,31346:1747647673935:,1747647683459
counter/2/0/0/0,31290:1747647675125:,1747647683459
counter/7/0/0/0,27345:1747647672019:,1747647683459
counter/8/0/0/0,28020:1747647671673:,1747647683459
counter/3/0/0/0,23724:1747647669960:,1747647683459
counter/9/0/0/0,31347:1747647673935:,1747647683459
counter/2/0/0/0,31291:1747647675125:,1747647683459
counter/7/0/0/0,27346:1747647672019:,1747647683459
counter/8/0/0/0,28021:1747647671674:,1747647683459
counter/3/0/0/0,23725:1747647669960:,1747647683459
counter/9/0/0/0,31348:1747647673935:,1747647683459
counter/2/0/0/0,31292:1747647675125:,1747647683459
counter/7/0/0/0,27347:1747647672019:,1747647683459
counter/8/0/0/0,28022:1747647671674:,1747647683459
counter/3/0/0/0,23726:1747647669960:,1747647683459
counter/9/0/0/0,31349:1747647673935:,1747647683459
counter/2/0/0/0,31293:1747647675125:,1747647683459
counter/7/0/0/0,27348:1747647672019:,1747647683459
counter/8/0/0/0,28023:1747647671674:,1747647683459
counter/3/0/0/0,23727:1747647669960:,1747647683459
counter/9/0/0/0,31350:1747647673935:,1747647683459
counter/2/0/0/0,31294:1747647675125:,1747647683459
counter/7/0/0/0,27349:1747647672019:,1747647683459
counter/8/0/0/0,28024:1747647671674:,1747647683459
counter/3/0/0/0,23728:1747647669960:,1747647683460
counter/9/0/0/0,31351:1747647673935:,1747647683460
counter/2/0/0/0,31295:1747647675125:,1747647683460
counter/7/0/0/0,27350:1747647672021:,1747647683460
counter/8/0/0/0,28025:1747647671674:,1747647683460
counter/3/0/0/0,23729:1747647669960:,1747647683460
counter/9/0/0/0,31352:1747647673935:,1747647683460
counter/2/0/0/0,31296:1747647675132:,1747647683460
counter/7/0/0/0,27351:1747647672021:,1747647683460
counter/8/0/0/0,28026:1747647671674:,1747647683460
counter/3/0/0/0,23730:1747647669960:,1747647683460
counter/9/0/0/0,31353:1747647673935:,1747647683460
counter/2/0/0/0,31297:1747647675132:,1747647683460
counter/7/0/0/0,27352:1747647672021:,1747647683460
counter/8/0/0/0,28027:1747647671674:,1747647683460
counter/3/0/0/0,23731:1747647669960:,1747647683460
counter/9/0/0/0,31354:1747647673935:,1747647683460
counter/2/0/0/0,31298:1747647675132:,1747647683460
counter/7/0/0/0,27353:1747647672021:,1747647683460
counter/8/0/0/0,28028:1747647671674:,1747647683460
counter/3/0/0/0,23732:1747647669960:,1747647683460
counter/9/0/0/0,31355:1747647673935:,1747647683460
counter/2/0/0/0,31299:1747647675132:,1747647683460
counter/7/0/0/0,27354:1747647672021:,1747647683460
counter/8/0/0/0,28029:1747647671674:,1747647683460
counter/3/0/0/0,23733:1747647669960:,1747647683460
counter/9/0/0/0,31356:1747647673935:,1747647683460
counter/2/0/0/0,31300:1747647675132:,1747647683460
counter/7/0/0/0,27355:1747647672031:,1747647683460
counter/8/0/0/0,28030:1747647671682:,1747647683460
counter/3/0/0/0,23734:1747647669960:,1747647683460
counter/9/0/0/0,31357:1747647673935:,1747647683460
counter/2/0/0/0,31301:1747647675132:,1747647683460
counter/7/0/0/0,27356:1747647672031:,1747647683460
counter/8/0/0/0,28031:1747647671682:,1747647683460
counter/3/0/0/0,23735:1747647669960:,1747647683460
counter/9/0/0/0,31358:1747647673936:,1747647683460
counter/2/0/0/0,31302:1747647675134:,1747647683460
counter/7/0/0/0,27357:1747647672031:,1747647683460
counter/8/0/0/0,28032:1747647671682:,1747647683460
counter/3/0/0/0,23736:1747647669960:,1747647683460
counter/9/0/0/0,31359:1747647673936:,1747647683461
counter/2/0/0/0,31303:1747647675134:,1747647683461
counter/7/0/0/0,27358:1747647672031:,1747647683461
counter/8/0/0/0,28033:1747647671682:,1747647683461
counter/3/0/0/0,23737:1747647669960:,1747647683461
counter/9/0/0/0,31360:1747647673937:,1747647683461
counter/2/0/0/0,31304:1747647675134:,1747647683461
counter/7/0/0/0,27359:1747647672031:,1747647683461
counter/8/0/0/0,28034:1747647671682:,1747647683461
counter/3/0/0/0,23738:1747647669960:,1747647683461
counter/9/0/0/0,31361:1747647673937:,1747647683461
counter/2/0/0/0,31305:1747647675134:,1747647683461
counter/7/0/0/0,27360:1747647672031:,1747647683461
counter/8/0/0/0,28035:1747647671683:,1747647683461
counter/3/0/0/0,23739:1747647669960:,1747647683461
counter/9/0/0/0,31362:1747647673937:,1747647683461
counter/2/0/0/0,31306:1747647675141:,1747647683461
counter/7/0/0/0,27361:1747647672692:,1747647683461
counter/8/0/0/0,28036:1747647671685:,1747647683461
counter/3/0/0/0,23740:1747647669960:,1747647683461
counter/9/0/0/0,31363:1747647673939:,1747647683461
counter/2/0/0/0,31307:1747647675142:,1747647683461
counter/7/0/0/0,27362:1747647672693:,1747647683461
counter/8/0/0/0,28037:1747647671685:,1747647683461
counter/3/0/0/0,23741:1747647669960:,1747647683461
counter/9/0/0/0,31364:1747647673939:,1747647683461
counter/2/0/0/0,31308:1747647675142:,1747647683461
counter/7/0/0/0,27363:1747647672693:,1747647683461
counter/8/0/0/0,28038:1747647671686:,1747647683461
counter/3/0/0/0,23742:1747647669960:,1747647683461
counter/9/0/0/0,31365:1747647673939:,1747647683461
counter/2/0/0/0,31309:1747647675142:,1747647683461
counter/7/0/0/0,27364:1747647672693:,1747647683461
counter/8/0/0/0,28039:1747647671686:,1747647683461
counter/3/0/0/0,23743:1747647669960:,1747647683461
counter/9/0/0/0,31366:1747647673939:,1747647683461
counter/2/0/0/0,31310:1747647675142:,1747647683461
counter/7/0/0/0,27365:1747647672693:,1747647683461
counter/8/0/0/0,28040:1747647671686:,1747647683461
counter/3/0/0/0,23744:1747647669962:,1747647683461
counter/9/0/0/0,31367:1747647673939:,1747647683461
counter/2/0/0/0,31311:1747647675142:,1747647683462
counter/7/0/0/0,27366:1747647672693:,1747647683462
counter/8/0/0/0,28041:1747647671686:,1747647683462
counter/3/0/0/0,23745:1747647669962:,1747647683462
counter/9/0/0/0,31368:1747647673939:,1747647683462
counter/2/0/0/0,31312:1747647675142:,1747647683462
counter/7/0/0/0,27367:1747647672693:,1747647683462
counter/8/0/0/0,28042:1747647671686:,1747647683462
counter/3/0/0/0,23746:1747647669962:,1747647683462
counter/9/0/0/0,31369:1747647673939:,1747647683462
counter/2/0/0/0,31313:1747647675142:,1747647683462
counter/8/0/0/0,28043:1747647671686:,1747647683462
counter/3/0/0/0,23747:1747647669962:,1747647683462
counter/9/0/0/0,31370:1747647673939:,1747647683462
counter/2/0/0/0,31314:1747647675142:,1747647683462
counter/8/0/0/0,28044:1747647671686:,1747647683462
counter/3/0/0/0,23748:1747647669962:,1747647683462
counter/9/0/0/0,31371:1747647673939:,1747647683462
counter/2/0/0/0,31315:1747647675142:,1747647683462
counter/8/0/0/0,28045:1747647671687:,1747647683462
counter/3/0/0/0,23749:1747647669965:,1747647683462
counter/9/0/0/0,31372:1747647673939:,1747647683462
counter/2/0/0/0,31316:1747647675142:,1747647683462
counter/8/0/0/0,28046:1747647671698:,1747647683462
counter/3/0/0/0,23750:1747647669965:,1747647683462
counter/9/0/0/0,31373:1747647673939:,1747647683462
counter/2/0/0/0,31317:1747647675142:,1747647683462
counter/8/0/0/0,28047:1747647671698:,1747647683462
counter/3/0/0/0,23751:1747647669965:,1747647683462
counter/9/0/0/0,31374:1747647673939:,1747647683462
counter/2/0/0/0,31318:1747647675143:,1747647683462
counter/8/0/0/0,28048:1747647671698:,1747647683462
counter/3/0/0/0,23752:1747647669966:,1747647683462
counter/9/0/0/0,31375:1747647673950:,1747647683462
counter/2/0/0/0,31319:1747647675144:,1747647683462
counter/8/0/0/0,28049:1747647671698:,1747647683462
counter/3/0/0/0,23753:1747647669966:,1747647683462
counter/9/0/0/0,31376:1747647673951:,1747647683463
counter/2/0/0/0,31320:1747647675144:,1747647683463
counter/8/0/0/0,28050:1747647671698:,1747647683463
counter/3/0/0/0,23754:1747647669966:,1747647683463
counter/9/0/0/0,31377:1747647673951:,1747647683463
counter/2/0/0/0,31321:1747647675144:,1747647683463
counter/8/0/0/0,28051:1747647671698:,1747647683463
counter/3/0/0/0,23755:1747647669966:,1747647683463
counter/9/0/0/0,31378:1747647673951:,1747647683463
counter/2/0/0/0,31322:1747647675144:,1747647683463
counter/8/0/0/0,28052:1747647671698:,1747647683463
counter/3/0/0/0,23756:1747647669966:,1747647683463
counter/9/0/0/0,31379:1747647673951:,1747647683463
counter/2/0/0/0,31323:1747647675144:,1747647683463
counter/8/0/0/0,28053:1747647671698:,1747647683463
counter/3/0/0/0,23757:1747647669966:,1747647683463
counter/9/0/0/0,31380:1747647673951:,1747647683463
counter/2/0/0/0,31324:1747647675144:,1747647683463
counter/8/0/0/0,28054:1747647671698:,1747647683463
counter/3/0/0/0,23758:1747647669966:,1747647683463
counter/9/0/0/0,31381:1747647673951:,1747647683463
counter/2/0/0/0,31325:1747647675144:,1747647683463
counter/8/0/0/0,28055:1747647671698:,1747647683463
counter/3/0/0/0,23759:1747647669966:,1747647683463
counter/9/0/0/0,31382:1747647673951:,1747647683463
counter/2/0/0/0,31326:1747647675144:,1747647683463
counter/8/0/0/0,28056:1747647671709:,1747647683463
counter/3/0/0/0,23760:1747647669966:,1747647683463
counter/9/0/0/0,31383:1747647673951:,1747647683463
counter/2/0/0/0,31327:1747647675144:,1747647683463
counter/8/0/0/0,28057:1747647671709:,1747647683463
counter/3/0/0/0,23761:1747647669966:,1747647683463
counter/9/0/0/0,31384:1747647673951:,1747647683463
counter/2/0/0/0,31328:1747647675144:,1747647683463
counter/8/0/0/0,28058:1747647671709:,1747647683463
counter/3/0/0/0,23762:1747647669966:,1747647683463
counter/9/0/0/0,31385:1747647673952:,1747647683463
counter/2/0/0/0,31329:1747647675144:,1747647683463
counter/8/0/0/0,28059:1747647671709:,1747647683463
counter/3/0/0/0,23763:1747647669966:,1747647683463
counter/9/0/0/0,31386:1747647673952:,1747647683463
counter/2/0/0/0,31330:1747647675144:,1747647683463
counter/8/0/0/0,28060:1747647671709:,1747647683463
counter/3/0/0/0,23764:1747647669968:,1747647683463
counter/9/0/0/0,31387:1747647673952:,1747647683464
counter/2/0/0/0,31331:1747647675144:,1747647683464
counter/8/0/0/0,28061:1747647671709:,1747647683464
counter/3/0/0/0,23765:1747647669968:,1747647683464
counter/9/0/0/0,31388:1747647673952:,1747647683464
counter/2/0/0/0,31332:1747647675144:,1747647683464
counter/8/0/0/0,28062:1747647671709:,1747647683464
counter/3/0/0/0,23766:1747647669968:,1747647683464
counter/9/0/0/0,31389:1747647673952:,1747647683464
counter/2/0/0/0,31333:1747647675144:,1747647683464
counter/8/0/0/0,28063:1747647671709:,1747647683464
counter/3/0/0/0,23767:1747647669968:,1747647683464
counter/9/0/0/0,31390:1747647673952:,1747647683464
counter/2/0/0/0,31334:1747647675144:,1747647683464
counter/8/0/0/0,28064:1747647671710:,1747647683464
counter/3/0/0/0,23768:1747647669968:,1747647683464
counter/9/0/0/0,31391:1747647673952:,1747647683464
counter/2/0/0/0,31335:1747647675144:,1747647683464
counter/8/0/0/0,28065:1747647671710:,1747647683464
counter/3/0/0/0,23769:1747647669968:,1747647683464
counter/9/0/0/0,31392:1747647673952:,1747647683464
counter/2/0/0/0,31336:1747647675144:,1747647683464
counter/8/0/0/0,28066:1747647671710:,1747647683464
counter/3/0/0/0,23770:1747647669968:,1747647683464
counter/9/0/0/0,31393:1747647673952:,1747647683464
counter/2/0/0/0,31337:1747647675144:,1747647683464
counter/8/0/0/0,28067:1747647671710:,1747647683464
counter/3/0/0/0,23771:1747647669968:,1747647683464
counter/9/0/0/0,31394:1747647673952:,1747647683464
counter/2/0/0/0,31338:1747647675144:,1747647683464
counter/8/0/0/0,28068:1747647671710:,1747647683464
counter/3/0/0/0,23772:1747647669971:,1747647683464
counter/9/0/0/0,31395:1747647673952:,1747647683464
counter/2/0/0/0,31339:1747647675144:,1747647683464
counter/8/0/0/0,28069:1747647671710:,1747647683464
counter/3/0/0/0,23773:1747647669971:,1747647683464
counter/9/0/0/0,31396:1747647673952:,1747647683464
counter/2/0/0/0,31340:1747647675144:,1747647683464
counter/8/0/0/0,28070:1747647671710:,1747647683464
counter/3/0/0/0,23774:1747647669971:,1747647683464
counter/9/0/0/0,31397:1747647673952:,1747647683465
counter/2/0/0/0,31341:1747647675144:,1747647683465
counter/8/0/0/0,28071:1747647671710:,1747647683465
counter/3/0/0/0,23775:1747647669971:,1747647683465
counter/9/0/0/0,31398:1747647673952:,1747647683465
counter/2/0/0/0,31342:1747647675144:,1747647683465
counter/8/0/0/0,28072:1747647671710:,1747647683465
counter/3/0/0/0,23776:1747647669971:,1747647683465
counter/9/0/0/0,31399:1747647673952:,1747647683465
counter/2/0/0/0,31343:1747647675144:,1747647683465
counter/8/0/0/0,28073:1747647671710:,1747647683465
counter/3/0/0/0,23777:1747647669971:,1747647683465
counter/9/0/0/0,31400:1747647673952:,1747647683465
counter/2/0/0/0,31344:1747647675144:,1747647683465
counter/8/0/0/0,28074:1747647671710:,1747647683465
counter/3/0/0/0,23778:1747647669971:,1747647683465
counter/9/0/0/0,31401:1747647673952:,1747647683465
counter/2/0/0/0,31345:1747647675145:,1747647683465
counter/8/0/0/0,28075:1747647671710:,1747647683465
counter/3/0/0/0,23779:1747647669971:,1747647683465
counter/9/0/0/0,31402:1747647673952:,1747647683465
counter/2/0/0/0,31346:1747647675145:,1747647683465
counter/8/0/0/0,28076:1747647671710:,1747647683465
counter/3/0/0/0,23780:1747647669971:,1747647683465
counter/9/0/0/0,31403:1747647673952:,1747647683465
counter/2/0/0/0,31347:1747647675150:,1747647683465
counter/8/0/0/0,28077:1747647671710:,1747647683465
counter/3/0/0/0,23781:1747647669971:,1747647683465
counter/9/0/0/0,31404:1747647673969:,1747647683465
counter/2/0/0/0,31348:1747647675150:,1747647683465
counter/8/0/0/0,28078:1747647671710:,1747647683465
counter/3/0/0/0,23782:1747647669971:,1747647683465
counter/9/0/0/0,31405:1747647673977:,1747647683465
counter/2/0/0/0,31349:1747647675150:,1747647683465
counter/8/0/0/0,28079:1747647671710:,1747647683465
counter/3/0/0/0,23783:1747647669973:,1747647683465
counter/9/0/0/0,31406:1747647673977:,1747647683465
counter/2/0/0/0,31350:1747647675150:,1747647683465
counter/8/0/0/0,28080:1747647671711:,1747647683465
counter/3/0/0/0,23784:1747647669973:,1747647683465
counter/9/0/0/0,31407:1747647673977:,1747647683465
counter/2/0/0/0,31351:1747647675150:,1747647683465
counter/8/0/0/0,28081:1747647671712:,1747647683465
counter/3/0/0/0,23785:1747647669973:,1747647683465
counter/9/0/0/0,31408:1747647673977:,1747647683465
counter/2/0/0/0,31352:1747647675150:,1747647683466
counter/8/0/0/0,28082:1747647671713:,1747647683466
counter/3/0/0/0,23786:1747647669973:,1747647683466
counter/9/0/0/0,31409:1747647673977:,1747647683466
counter/2/0/0/0,31353:1747647675150:,1747647683466
counter/8/0/0/0,28083:1747647671713:,1747647683466
counter/3/0/0/0,23787:1747647669973:,1747647683466
counter/9/0/0/0,31410:1747647673977:,1747647683466
counter/2/0/0/0,31354:1747647675150:,1747647683466
counter/8/0/0/0,28084:1747647671713:,1747647683466
counter/3/0/0/0,23788:1747647669973:,1747647683466
counter/9/0/0/0,31411:1747647673977:,1747647683466
counter/2/0/0/0,31355:1747647675150:,1747647683466
counter/8/0/0/0,28085:1747647671719:,1747647683466
counter/3/0/0/0,23789:1747647669973:,1747647683466
counter/9/0/0/0,31412:1747647673977:,1747647683466
counter/2/0/0/0,31356:1747647675150:,1747647683466
counter/8/0/0/0,28086:1747647671719:,1747647683466
counter/3/0/0/0,23790:1747647669973:,1747647683466
counter/9/0/0/0,31413:1747647673977:,1747647683466
counter/2/0/0/0,31357:1747647675150:,1747647683466
counter/8/0/0/0,28087:1747647671719:,1747647683466
counter/3/0/0/0,23791:1747647669974:,1747647683466
counter/9/0/0/0,31414:1747647673977:,1747647683466
counter/2/0/0/0,31358:1747647675151:,1747647683466
counter/8/0/0/0,28088:1747647671719:,1747647683466
counter/3/0/0/0,23792:1747647669977:,1747647683466
counter/9/0/0/0,31415:1747647673977:,1747647683466
counter/2/0/0/0,31359:1747647675151:,1747647683466
counter/8/0/0/0,28089:1747647671719:,1747647683466
counter/3/0/0/0,23793:1747647669977:,1747647683466
counter/9/0/0/0,31416:1747647673977:,1747647683466
counter/2/0/0/0,31360:1747647675151:,1747647683466
counter/8/0/0/0,28090:1747647671719:,1747647683466
counter/3/0/0/0,23794:1747647669977:,1747647683466
counter/9/0/0/0,31417:1747647673978:,1747647683466
counter/2/0/0/0,31361:1747647675151:,1747647683467
counter/8/0/0/0,28091:1747647671719:,1747647683467
counter/3/0/0/0,23795:1747647669977:,1747647683467
counter/9/0/0/0,31418:1747647673978:,1747647683467
counter/2/0/0/0,31362:1747647675151:,1747647683467
counter/8/0/0/0,28092:1747647671719:,1747647683467
counter/3/0/0/0,23796:1747647669977:,1747647683467
counter/9/0/0/0,31419:1747647673978:,1747647683467
counter/2/0/0/0,31363:1747647675151:,1747647683467
counter/8/0/0/0,28093:1747647671719:,1747647683467
counter/3/0/0/0,23797:1747647669977:,1747647683467
counter/9/0/0/0,31420:1747647673979:,1747647683467
counter/2/0/0/0,31364:1747647675151:,1747647683467
counter/8/0/0/0,28094:1747647671719:,1747647683467
counter/3/0/0/0,23798:1747647669977:,1747647683467
counter/9/0/0/0,31421:1747647673979:,1747647683467
counter/2/0/0/0,31365:1747647675155:,1747647683467
counter/8/0/0/0,28095:1747647671720:,1747647683467
counter/3/0/0/0,23799:1747647669978:,1747647683467
counter/9/0/0/0,31422:1747647673979:,1747647683467
counter/2/0/0/0,31366:1747647675155:,1747647683467
counter/8/0/0/0,28096:1747647671725:,1747647683467
counter/3/0/0/0,23800:1747647669978:,1747647683467
counter/7/0/0/0,27368:1747647672693:,1747647683467
counter/4/0/0/0,23355:1747647670124:,1747647683467
counter/9/0/0/0,31423:1747647673979:,1747647683467
counter/2/0/0/0,31367:1747647675155:,1747647683467
counter/8/0/0/0,28097:1747647671725:,1747647683467
counter/3/0/0/0,23801:1747647669978:,1747647683467
counter/7/0/0/0,27369:1747647672693:,1747647683467
counter/9/0/0/0,31424:1747647673979:,1747647683467
counter/2/0/0/0,31368:1747647675155:,1747647683467
counter/8/0/0/0,28098:1747647671725:,1747647683467
counter/3/0/0/0,23802:1747647669978:,1747647683467
counter/9/0/0/0,31425:1747647673979:,1747647683467
counter/2/0/0/0,31369:1747647675155:,1747647683467
counter/8/0/0/0,28099:1747647671725:,1747647683467
counter/3/0/0/0,23803:1747647669978:,1747647683468
counter/9/0/0/0,31426:1747647673979:,1747647683468
counter/2/0/0/0,31370:1747647675155:,1747647683468
counter/8/0/0/0,28100:1747647671726:,1747647683468
counter/3/0/0/0,23804:1747647669978:,1747647683468
counter/9/0/0/0,31427:1747647673979:,1747647683468
counter/2/0/0/0,31371:1747647675155:,1747647683468
counter/8/0/0/0,28101:1747647671726:,1747647683468
counter/3/0/0/0,23805:1747647669978:,1747647683468
counter/9/0/0/0,31428:1747647673979:,1747647683468
counter/2/0/0/0,31372:1747647675156:,1747647683468
counter/8/0/0/0,28102:1747647671726:,1747647683468
counter/3/0/0/0,23806:1747647669979:,1747647683468
counter/9/0/0/0,31429:1747647673979:,1747647683468
counter/2/0/0/0,31373:1747647675158:,1747647683468
counter/8/0/0/0,28103:1747647671726:,1747647683468
counter/3/0/0/0,23807:1747647669979:,1747647683468
counter/9/0/0/0,31430:1747647673979:,1747647683468
counter/2/0/0/0,31374:1747647675158:,1747647683468
counter/8/0/0/0,28104:1747647671726:,1747647683468
counter/3/0/0/0,23808:1747647669979:,1747647683468
counter/9/0/0/0,31431:1747647673979:,1747647683468
counter/2/0/0/0,31375:1747647675158:,1747647683468
counter/8/0/0/0,28105:1747647671726:,1747647683468
counter/3/0/0/0,23809:1747647669979:,1747647683468
counter/9/0/0/0,31432:1747647673979:,1747647683468
counter/2/0/0/0,31376:1747647675158:,1747647683468
counter/8/0/0/0,28106:1747647671726:,1747647683468
counter/3/0/0/0,23810:1747647669979:,1747647683468
counter/9/0/0/0,31433:1747647673979:,1747647683468
counter/2/0/0/0,31377:1747647675158:,1747647683468
counter/8/0/0/0,28107:1747647671726:,1747647683468
counter/3/0/0/0,23811:1747647669979:,1747647683468
counter/9/0/0/0,31434:1747647673979:,1747647683468
counter/2/0/0/0,31378:1747647675158:,1747647683468
counter/8/0/0/0,28108:1747647671726:,1747647683468
counter/3/0/0/0,23812:1747647669979:,1747647683468
counter/9/0/0/0,31435:1747647673979:,1747647683468
counter/2/0/0/0,31379:1747647675158:,1747647683468
counter/8/0/0/0,28109:1747647671726:,1747647683468
counter/3/0/0/0,23813:1747647669979:,1747647683468
counter/9/0/0/0,31436:1747647673979:,1747647683468
counter/2/0/0/0,31380:1747647675160:,1747647683468
counter/8/0/0/0,28110:1747647671726:,1747647683468
counter/3/0/0/0,23814:1747647669979:,1747647683469
counter/9/0/0/0,31437:1747647673979:,1747647683469
counter/2/0/0/0,31381:1747647675162:,1747647683469
counter/8/0/0/0,28111:1747647671730:,1747647683469
counter/3/0/0/0,23815:1747647669979:,1747647683469
counter/9/0/0/0,31438:1747647673980:,1747647683469
counter/2/0/0/0,31382:1747647675162:,1747647683469
counter/8/0/0/0,28112:1747647671730:,1747647683469
counter/3/0/0/0,23816:1747647669979:,1747647683469
counter/9/0/0/0,31439:1747647673980:,1747647683469
counter/2/0/0/0,31383:1747647675162:,1747647683469
counter/8/0/0/0,28113:1747647671730:,1747647683469
counter/3/0/0/0,23817:1747647669979:,1747647683469
counter/9/0/0/0,31440:1747647673980:,1747647683469
counter/2/0/0/0,31384:1747647675162:,1747647683469
counter/8/0/0/0,28114:1747647671730:,1747647683469
counter/3/0/0/0,23818:1747647669979:,1747647683469
counter/9/0/0/0,31441:1747647673980:,1747647683469
counter/2/0/0/0,31385:1747647675162:,1747647683469
counter/8/0/0/0,28115:1747647671730:,1747647683469
counter/3/0/0/0,23819:1747647669979:,1747647683469
counter/9/0/0/0,31442:1747647673980:,1747647683469
counter/2/0/0/0,31386:1747647675162:,1747647683469
counter/8/0/0/0,28116:1747647671730:,1747647683469
counter/3/0/0/0,23820:1747647669979:,1747647683469
counter/9/0/0/0,31443:1747647673982:,1747647683469
counter/2/0/0/0,31387:1747647675162:,1747647683469
counter/8/0/0/0,28117:1747647671730:,1747647683469
counter/3/0/0/0,23821:1747647669979:,1747647683469
counter/9/0/0/0,31444:1747647673982:,1747647683469
counter/2/0/0/0,31388:1747647675162:,1747647683469
counter/8/0/0/0,28118:1747647671730:,1747647683469
counter/3/0/0/0,23822:1747647669979:,1747647683469
counter/9/0/0/0,31445:1747647673985:,1747647683469
counter/2/0/0/0,31389:1747647675162:,1747647683469
counter/8/0/0/0,28119:1747647671731:,1747647683470
counter/3/0/0/0,23823:1747647669979:,1747647683470
counter/9/0/0/0,31446:1747647673985:,1747647683470
counter/2/0/0/0,31390:1747647675170:,1747647683470
counter/8/0/0/0,28120:1747647671749:,1747647683470
counter/3/0/0/0,23824:1747647669979:,1747647683470
counter/9/0/0/0,31447:1747647673986:,1747647683470
counter/2/0/0/0,31391:1747647675170:,1747647683470
counter/8/0/0/0,28121:1747647671749:,1747647683470
counter/3/0/0/0,23825:1747647669983:,1747647683470
counter/9/0/0/0,31448:1747647673986:,1747647683470
counter/2/0/0/0,31392:1747647675170:,1747647683470
counter/8/0/0/0,28122:1747647671749:,1747647683470
counter/3/0/0/0,23826:1747647669984:,1747647683470
counter/9/0/0/0,31449:1747647673986:,1747647683470
counter/2/0/0/0,31393:1747647675170:,1747647683470
counter/8/0/0/0,28123:1747647671749:,1747647683470
counter/3/0/0/0,23827:1747647669984:,1747647683470
counter/9/0/0/0,31450:1747647673986:,1747647683470
counter/2/0/0/0,31394:1747647675176:,1747647683470
counter/8/0/0/0,28124:1747647671749:,1747647683470
counter/3/0/0/0,23828:1747647670019:,1747647683470
counter/9/0/0/0,31451:1747647674006:,1747647683470
counter/2/0/0/0,31395:1747647675177:,1747647683470
counter/8/0/0/0,28125:1747647671749:,1747647683470
counter/3/0/0/0,23829:1747647670019:,1747647683470
counter/9/0/0/0,31452:1747647674006:,1747647683470
counter/2/0/0/0,31396:1747647675177:,1747647683470
counter/8/0/0/0,28126:1747647671749:,1747647683470
counter/3/0/0/0,23830:1747647670019:,1747647683470
counter/9/0/0/0,31453:1747647674006:,1747647683470
counter/2/0/0/0,31397:1747647675177:,1747647683470
counter/8/0/0/0,28127:1747647671749:,1747647683470
counter/3/0/0/0,23831:1747647670019:,1747647683470
counter/9/0/0/0,31454:1747647674006:,1747647683470
counter/2/0/0/0,31398:1747647675177:,1747647683470
counter/8/0/0/0,28128:1747647671749:,1747647683470
counter/3/0/0/0,23832:1747647670019:,1747647683471
counter/9/0/0/0,31455:1747647674006:,1747647683471
counter/2/0/0/0,31399:1747647675186:,1747647683471
counter/8/0/0/0,28129:1747647671750:,1747647683471
counter/3/0/0/0,23833:1747647670019:,1747647683471
counter/9/0/0/0,31456:1747647674006:,1747647683471
counter/2/0/0/0,31400:1747647675186:,1747647683471
counter/8/0/0/0,28130:1747647671750:,1747647683471
counter/3/0/0/0,23834:1747647670023:,1747647683471
counter/9/0/0/0,31457:1747647674006:,1747647683471
counter/2/0/0/0,31401:1747647675186:,1747647683471
counter/8/0/0/0,28131:1747647671750:,1747647683471
counter/3/0/0/0,23835:1747647670023:,1747647683471
counter/9/0/0/0,31458:1747647674007:,1747647683471
counter/2/0/0/0,31402:1747647675186:,1747647683471
counter/8/0/0/0,28132:1747647671750:,1747647683471
counter/3/0/0/0,23836:1747647670023:,1747647683471
counter/9/0/0/0,31459:1747647674007:,1747647683471
counter/2/0/0/0,31403:1747647675186:,1747647683471
counter/8/0/0/0,28133:1747647671750:,1747647683471
counter/3/0/0/0,23837:1747647670023:,1747647683471
counter/9/0/0/0,31460:1747647674007:,1747647683471
counter/2/0/0/0,31404:1747647675186:,1747647683471
counter/8/0/0/0,28134:1747647671750:,1747647683471
counter/3/0/0/0,23838:1747647670023:,1747647683471
counter/9/0/0/0,31461:1747647674008:,1747647683471
counter/2/0/0/0,31405:1747647675186:,1747647683471
counter/8/0/0/0,28135:1747647671750:,1747647683471
counter/3/0/0/0,23839:1747647670023:,1747647683471
counter/9/0/0/0,31462:1747647674008:,1747647683471
counter/2/0/0/0,31406:1747647675186:,1747647683471
counter/8/0/0/0,28136:1747647671750:,1747647683471
counter/3/0/0/0,23840:1747647670023:,1747647683471
counter/9/0/0/0,31463:1747647674008:,1747647683471
counter/2/0/0/0,31407:1747647675186:,1747647683471
counter/8/0/0/0,28137:1747647671751:,1747647683471
counter/3/0/0/0,23841:1747647670023:,1747647683471
counter/9/0/0/0,31464:1747647674008:,1747647683471
counter/2/0/0/0,31408:1747647675186:,1747647683471
counter/8/0/0/0,28138:1747647671751:,1747647683471
counter/3/0/0/0,23842:1747647670023:,1747647683471
counter/9/0/0/0,31465:1747647674008:,1747647683471
counter/2/0/0/0,31409:1747647675186:,1747647683472
counter/8/0/0/0,28139:1747647671751:,1747647683472
counter/3/0/0/0,23843:1747647670023:,1747647683472
counter/9/0/0/0,31466:1747647674008:,1747647683472
counter/2/0/0/0,31410:1747647675186:,1747647683472
counter/8/0/0/0,28140:1747647671751:,1747647683472
counter/9/0/0/0,31467:1747647674009:,1747647683472
counter/2/0/0/0,31411:1747647675187:,1747647683472
counter/8/0/0/0,28141:1747647671751:,1747647683472
counter/9/0/0/0,31468:1747647674009:,1747647683472
counter/2/0/0/0,31412:1747647675187:,1747647683472
counter/8/0/0/0,28142:1747647671751:,1747647683472
counter/9/0/0/0,31469:1747647674009:,1747647683472
counter/2/0/0/0,31413:1747647675187:,1747647683472
counter/8/0/0/0,28143:1747647671751:,1747647683472
counter/9/0/0/0,31470:1747647674009:,1747647683472
counter/2/0/0/0,31414:1747647675187:,1747647683472
counter/8/0/0/0,28144:1747647671751:,1747647683472
counter/9/0/0/0,31471:1747647674009:,1747647683472
counter/2/0/0/0,31415:1747647675187:,1747647683472
counter/8/0/0/0,28145:1747647671767:,1747647683472
counter/9/0/0/0,31472:1747647674009:,1747647683472
counter/2/0/0/0,31416:1747647675187:,1747647683472
counter/8/0/0/0,28146:1747647671767:,1747647683472
counter/9/0/0/0,31473:1747647674013:,1747647683472
counter/2/0/0/0,31417:1747647675187:,1747647683472
counter/8/0/0/0,28147:1747647671767:,1747647683472
counter/9/0/0/0,31474:1747647674013:,1747647683472
counter/2/0/0/0,31418:1747647675187:,1747647683472
counter/8/0/0/0,28148:1747647671767:,1747647683472
counter/9/0/0/0,31475:1747647674013:,1747647683472
counter/2/0/0/0,31419:1747647675187:,1747647683472
counter/8/0/0/0,28149:1747647671767:,1747647683472
counter/9/0/0/0,31476:1747647674013:,1747647683472
counter/2/0/0/0,31420:1747647675187:,1747647683472
counter/8/0/0/0,28150:1747647671767:,1747647683472
counter/9/0/0/0,31477:1747647674013:,1747647683472
counter/2/0/0/0,31421:1747647675187:,1747647683472
counter/8/0/0/0,28151:1747647671767:,1747647683472
counter/9/0/0/0,31478:1747647674013:,1747647683472
counter/2/0/0/0,31422:1747647675187:,1747647683472
counter/8/0/0/0,28152:1747647671767:,1747647683472
counter/9/0/0/0,31479:1747647674013:,1747647683472
counter/2/0/0/0,31423:1747647675187:,1747647683472
counter/8/0/0/0,28153:1747647671767:,1747647683472
counter/9/0/0/0,31480:1747647674013:,1747647683473
counter/2/0/0/0,31424:1747647675187:,1747647683473
counter/8/0/0/0,28154:1747647671767:,1747647683473
counter/9/0/0/0,31481:1747647674019:,1747647683473
counter/2/0/0/0,31425:1747647675187:,1747647683473
counter/8/0/0/0,28155:1747647671767:,1747647683473
counter/9/0/0/0,31482:1747647674019:,1747647683473
counter/2/0/0/0,31426:1747647675191:,1747647683473
counter/9/0/0/0,31483:1747647674019:,1747647683473
counter/2/0/0/0,31427:1747647675191:,1747647683473
counter/9/0/0/0,31484:1747647674019:,1747647683473
counter/2/0/0/0,31428:1747647675191:,1747647683473
counter/9/0/0/0,31485:1747647674019:,1747647683473
counter/2/0/0/0,31429:1747647675191:,1747647683473
counter/9/0/0/0,31486:1747647674019:,1747647683473
counter/2/0/0/0,31430:1747647675191:,1747647683473
counter/9/0/0/0,31487:1747647674019:,1747647683473
counter/2/0/0/0,31431:1747647675191:,1747647683473
counter/9/0/0/0,31488:1747647674019:,1747647683473
counter/2/0/0/0,31432:1747647675191:,1747647683473
counter/9/0/0/0,31489:1747647674019:,1747647683473
counter/2/0/0/0,31433:1747647675191:,1747647683473
counter/9/0/0/0,31490:1747647674019:,1747647683473
counter/2/0/0/0,31434:1747647675191:,1747647683473
counter/9/0/0/0,31491:1747647674019:,1747647683473
counter/2/0/0/0,31435:1747647675191:,1747647683473
counter/9/0/0/0,31492:1747647674019:,1747647683473
counter/2/0/0/0,31436:1747647675191:,1747647683473
counter/9/0/0/0,31493:1747647674019:,1747647683473
counter/2/0/0/0,31437:1747647675191:,1747647683473
counter/9/0/0/0,31494:1747647674019:,1747647683473
counter/2/0/0/0,31438:1747647675191:,1747647683473
counter/9/0/0/0,31495:1747647674019:,1747647683473
counter/2/0/0/0,31439:1747647675191:,1747647683473
counter/9/0/0/0,31496:1747647674020:,1747647683473
counter/2/0/0/0,31440:1747647675191:,1747647683473
counter/9/0/0/0,31497:1747647674020:,1747647683473
counter/2/0/0/0,31441:1747647675197:,1747647683473
counter/9/0/0/0,31498:1747647674020:,1747647683473
counter/2/0/0/0,31442:1747647675197:,1747647683473
counter/9/0/0/0,31499:1747647674020:,1747647683473
counter/2/0/0/0,31443:1747647675197:,1747647683474
counter/9/0/0/0,31500:1747647674020:,1747647683474
counter/2/0/0/0,31444:1747647675197:,1747647683474
counter/9/0/0/0,31501:1747647674020:,1747647683474
counter/2/0/0/0,31445:1747647675197:,1747647683474
counter/9/0/0/0,31502:1747647674020:,1747647683474
counter/2/0/0/0,31446:1747647675197:,1747647683474
counter/9/0/0/0,31503:1747647674020:,1747647683474
counter/2/0/0/0,31447:1747647675197:,1747647683474
counter/9/0/0/0,31504:1747647674024:,1747647683474
counter/2/0/0/0,31448:1747647675197:,1747647683474
counter/9/0/0/0,31505:1747647674025:,1747647683474
counter/2/0/0/0,31449:1747647675197:,1747647683474
counter/9/0/0/0,31506:1747647674027:,1747647683474
counter/2/0/0/0,31450:1747647675197:,1747647683474
counter/9/0/0/0,31507:1747647674027:,1747647683474
counter/2/0/0/0,31451:1747647675197:,1747647683474
counter/9/0/0/0,31508:1747647674027:,1747647683474
counter/2/0/0/0,31452:1747647675197:,1747647683474
counter/9/0/0/0,31509:1747647674027:,1747647683474
counter/2/0/0/0,31453:1747647675197:,1747647683474
counter/9/0/0/0,31510:1747647674027:,1747647683474
counter/2/0/0/0,31454:1747647675197:,1747647683474
counter/9/0/0/0,31511:1747647674027:,1747647683474
counter/2/0/0/0,31455:1747647675197:,1747647683474
counter/9/0/0/0,31512:1747647674027:,1747647683474
counter/2/0/0/0,31456:1747647675197:,1747647683474
counter/9/0/0/0,31513:1747647674027:,1747647683474
counter/2/0/0/0,31457:1747647675197:,1747647683474
counter/9/0/0/0,31514:1747647674027:,1747647683474
counter/2/0/0/0,31458:1747647675197:,1747647683474
counter/9/0/0/0,31515:1747647674027:,1747647683474
counter/2/0/0/0,31459:1747647675197:,1747647683474
counter/9/0/0/0,31516:1747647674027:,1747647683474
counter/2/0/0/0,31460:1747647675197:,1747647683474
counter/9/0/0/0,31517:1747647674027:,1747647683474
counter/2/0/0/0,31461:1747647675197:,1747647683474
counter/9/0/0/0,31518:1747647674027:,1747647683474
counter/2/0/0/0,31462:1747647675197:,1747647683474
counter/9/0/0/0,31519:1747647674028:,1747647683474
counter/2/0/0/0,31463:1747647675198:,1747647683475
counter/9/0/0/0,31520:1747647674028:,1747647683475
counter/2/0/0/0,31464:1747647675198:,1747647683475
counter/9/0/0/0,31521:1747647674028:,1747647683475
counter/2/0/0/0,31465:1747647675198:,1747647683475
counter/9/0/0/0,31522:1747647674029:,1747647683475
counter/2/0/0/0,31466:1747647675198:,1747647683475
counter/10/0/0/0,24819:1747647668503:,1747647683475
counter/9/0/0/0,31523:1747647674041:,1747647683475
counter/2/0/0/0,31467:1747647675198:,1747647683475
counter/7/0/0/0,27370:1747647672693:,1747647683475
counter/8/0/0/0,28156:1747647671767:,1747647683475
counter/9/0/0/0,31524:1747647674041:,1747647683475
counter/2/0/0/0,31468:1747647675198:,1747647683475
counter/3/0/0/0,23844:1747647670023:,1747647683475
counter/4/0/0/0,23356:1747647670124:,1747647683475
counter/9/0/0/0,31525:1747647674041:,1747647683475
counter/2/0/0/0,31469:1747647675198:,1747647683475
counter/10/0/0/0,24820:1747647668503:,1747647683475
counter/8/0/0/0,28157:1747647671767:,1747647683475
counter/9/0/0/0,31526:1747647674041:,1747647683475
counter/2/0/0/0,31470:1747647675198:,1747647683475
counter/3/0/0/0,23845:1747647670023:,1747647683475
counter/4/0/0/0,23357:1747647670124:,1747647683475
counter/6/0/0/0,27654:1747647673819:,1747647683475
counter/9/0/0/0,31527:1747647674041:,1747647683475
counter/2/0/0/0,31471:1747647675198:,1747647683475
counter/5/0/0/0,27452:1747647671920:,1747647683475
counter/1/0/0/0,24421:1747647670798:,1747647683475
counter/9/0/0/0,31528:1747647674041:,1747647683475
counter/2/0/0/0,31472:1747647675198:,1747647683475
counter/9/0/0/0,31529:1747647674042:,1747647683475
counter/2/0/0/0,31473:1747647675198:,1747647683475
counter/9/0/0/0,31530:1747647674042:,1747647683475
counter/2/0/0/0,31474:1747647675198:,1747647683475
counter/9/0/0/0,31531:1747647674042:,1747647683475
counter/2/0/0/0,31475:1747647675198:,1747647683475
counter/9/0/0/0,31532:1747647674042:,1747647683475
counter/2/0/0/0,31476:1747647675205:,1747647683475
counter/9/0/0/0,31533:1747647674042:,1747647683475
counter/2/0/0/0,31477:1747647675206:,1747647683475
counter/9/0/0/0,31534:1747647674042:,1747647683475
counter/2/0/0/0,31478:1747647675206:,1747647683475
counter/9/0/0/0,31535:1747647674042:,1747647683475
counter/2/0/0/0,31479:1747647675206:,1747647683475
counter/9/0/0/0,31536:1747647674042:,1747647683475
counter/2/0/0/0,31480:1747647675206:,1747647683476
counter/9/0/0/0,31537:1747647674042:,1747647683476
counter/2/0/0/0,31481:1747647675206:,1747647683476
counter/9/0/0/0,31538:1747647674042:,1747647683476
counter/2/0/0/0,31482:1747647675207:,1747647683476
counter/9/0/0/0,31539:1747647674044:,1747647683476
counter/2/0/0/0,31483:1747647675208:,1747647683476
counter/9/0/0/0,31540:1747647674044:,1747647683476
counter/2/0/0/0,31484:1747647675208:,1747647683476
counter/9/0/0/0,31541:1747647674044:,1747647683476
counter/2/0/0/0,31485:1747647675208:,1747647683476
counter/9/0/0/0,31542:1747647674044:,1747647683476
counter/2/0/0/0,31486:1747647675208:,1747647683476
counter/9/0/0/0,31543:1747647674044:,1747647683476
counter/2/0/0/0,31487:1747647675208:,1747647683476
counter/9/0/0/0,31544:1747647674044:,1747647683476
counter/2/0/0/0,31488:1747647675208:,1747647683476
counter/9/0/0/0,31545:1747647674044:,1747647683476
counter/2/0/0/0,31489:1747647675208:,1747647683476
counter/9/0/0/0,31546:1747647674044:,1747647683476
counter/2/0/0/0,31490:1747647675208:,1747647683476
counter/9/0/0/0,31547:1747647674045:,1747647683476
counter/2/0/0/0,31491:1747647675208:,1747647683476
counter/9/0/0/0,31548:1747647674045:,1747647683476
counter/2/0/0/0,31492:1747647675208:,1747647683476
counter/9/0/0/0,31549:1747647674045:,1747647683476
counter/2/0/0/0,31493:1747647675208:,1747647683476
counter/9/0/0/0,31550:1747647674045:,1747647683476
counter/2/0/0/0,31494:1747647675208:,1747647683476
counter/9/0/0/0,31551:1747647674048:,1747647683476
counter/2/0/0/0,31495:1747647675208:,1747647683476
counter/9/0/0/0,31552:1747647674048:,1747647683476
counter/2/0/0/0,31496:1747647675208:,1747647683476
counter/9/0/0/0,31553:1747647674048:,1747647683476
counter/2/0/0/0,31497:1747647675222:,1747647683476
counter/9/0/0/0,31554:1747647674048:,1747647683476
counter/2/0/0/0,31498:1747647675222:,1747647683476
counter/9/0/0/0,31555:1747647674048:,1747647683476
counter/2/0/0/0,31499:1747647675222:,1747647683476
counter/9/0/0/0,31556:1747647674056:,1747647683476
counter/2/0/0/0,31500:1747647675222:,1747647683476
counter/9/0/0/0,31557:1747647674056:,1747647683476
counter/2/0/0/0,31501:1747647675222:,1747647683477
counter/9/0/0/0,31558:1747647674056:,1747647683477
counter/2/0/0/0,31502:1747647675222:,1747647683477
counter/9/0/0/0,31559:1747647674058:,1747647683477
counter/2/0/0/0,31503:1747647675222:,1747647683477
counter/9/0/0/0,31560:1747647674058:,1747647683477
counter/2/0/0/0,31504:1747647675222:,1747647683477
counter/9/0/0/0,31561:1747647674058:,1747647683477
counter/2/0/0/0,31505:1747647675222:,1747647683477
counter/9/0/0/0,31562:1747647674058:,1747647683477
counter/2/0/0/0,31506:1747647675223:,1747647683477
counter/9/0/0/0,31563:1747647674058:,1747647683477
counter/2/0/0/0,31507:1747647675228:,1747647683477
counter/9/0/0/0,31564:1747647674058:,1747647683477
counter/2/0/0/0,31508:1747647675228:,1747647683477
counter/9/0/0/0,31565:1747647674058:,1747647683477
counter/2/0/0/0,31509:1747647675228:,1747647683477
counter/9/0/0/0,31566:1747647674058:,1747647683477
counter/2/0/0/0,31510:1747647675230:,1747647683477
counter/9/0/0/0,31567:1747647674058:,1747647683477
counter/2/0/0/0,31511:1747647675235:,1747647683477
counter/9/0/0/0,31568:1747647674073:,1747647683477
counter/2/0/0/0,31512:1747647675235:,1747647683477
counter/9/0/0/0,31569:1747647674073:,1747647683477
counter/2/0/0/0,31513:1747647675235:,1747647683477
counter/9/0/0/0,31570:1747647674073:,1747647683477
counter/2/0/0/0,31514:1747647675235:,1747647683477
counter/9/0/0/0,31571:1747647674073:,1747647683477
counter/2/0/0/0,31515:1747647675236:,1747647683477
counter/9/0/0/0,31572:1747647674073:,1747647683477
counter/2/0/0/0,31516:1747647675236:,1747647683477
counter/9/0/0/0,31573:1747647674073:,1747647683477
counter/2/0/0/0,31517:1747647675236:,1747647683477
counter/9/0/0/0,31574:1747647674073:,1747647683477
counter/2/0/0/0,31518:1747647675236:,1747647683477
counter/9/0/0/0,31575:1747647674073:,1747647683477
counter/2/0/0/0,31519:1747647675236:,1747647683477
counter/9/0/0/0,31576:1747647674073:,1747647683477
counter/2/0/0/0,31520:1747647675236:,1747647683477
counter/9/0/0/0,31577:1747647674073:,1747647683477
counter/2/0/0/0,31521:1747647675236:,1747647683477
counter/9/0/0/0,31578:1747647674073:,1747647683477
counter/2/0/0/0,31522:1747647675236:,1747647683477
counter/9/0/0/0,31579:1747647674073:,1747647683477
counter/2/0/0/0,31523:1747647675236:,1747647683477
counter/9/0/0/0,31580:1747647674073:,1747647683477
counter/2/0/0/0,31524:1747647675236:,1747647683477
counter/9/0/0/0,31581:1747647674073:,1747647683477
counter/2/0/0/0,31525:1747647675236:,1747647683478
counter/9/0/0/0,31582:1747647674073:,1747647683478
counter/2/0/0/0,31526:1747647675236:,1747647683478
counter/9/0/0/0,31583:1747647674075:,1747647683478
counter/2/0/0/0,31527:1747647675236:,1747647683478
counter/9/0/0/0,31584:1747647674075:,1747647683478
counter/2/0/0/0,31528:1747647675236:,1747647683478
counter/9/0/0/0,31585:1747647674075:,1747647683478
counter/2/0/0/0,31529:1747647675236:,1747647683478
counter/9/0/0/0,31586:1747647674075:,1747647683478
counter/2/0/0/0,31530:1747647675236:,1747647683478
counter/9/0/0/0,31587:1747647674075:,1747647683478
counter/2/0/0/0,31531:1747647675236:,1747647683478
counter/9/0/0/0,31588:1747647674075:,1747647683478
counter/2/0/0/0,31532:1747647675237:,1747647683478
counter/9/0/0/0,31589:1747647674075:,1747647683478
counter/2/0/0/0,31533:1747647675237:,1747647683478
counter/9/0/0/0,31590:1747647674075:,1747647683478
counter/2/0/0/0,31534:1747647675237:,1747647683478
counter/9/0/0/0,31591:1747647674075:,1747647683478
counter/2/0/0/0,31535:1747647675237:,1747647683478
counter/9/0/0/0,31592:1747647674075:,1747647683478
counter/2/0/0/0,31536:1747647675238:,1747647683478
counter/9/0/0/0,31593:1747647674075:,1747647683478
counter/2/0/0/0,31537:1747647675238:,1747647683478
counter/9/0/0/0,31594:1747647674075:,1747647683478
counter/2/0/0/0,31538:1747647675238:,1747647683478
counter/9/0/0/0,31595:1747647674075:,1747647683478
counter/2/0/0/0,31539:1747647675238:,1747647683478
counter/9/0/0/0,31596:1747647674075:,1747647683478
counter/2/0/0/0,31540:1747647675238:,1747647683478
counter/9/0/0/0,31597:1747647674075:,1747647683478
counter/2/0/0/0,31541:1747647675238:,1747647683478
counter/9/0/0/0,31598:1747647674077:,1747647683478
counter/2/0/0/0,31542:1747647675238:,1747647683478
counter/9/0/0/0,31599:1747647674077:,1747647683478
counter/2/0/0/0,31543:1747647675238:,1747647683478
counter/9/0/0/0,31600:1747647674077:,1747647683478
counter/2/0/0/0,31544:1747647675238:,1747647683478
counter/9/0/0/0,31601:1747647674077:,1747647683479
counter/2/0/0/0,31545:1747647675238:,1747647683479
counter/9/0/0/0,31602:1747647674077:,1747647683479
counter/2/0/0/0,31546:1747647675238:,1747647683479
counter/9/0/0/0,31603:1747647674077:,1747647683479
counter/2/0/0/0,31547:1747647675238:,1747647683479
counter/9/0/0/0,31604:1747647674077:,1747647683479
counter/2/0/0/0,31548:1747647675238:,1747647683479
counter/9/0/0/0,31605:1747647674093:,1747647683479
counter/2/0/0/0,31549:1747647675238:,1747647683479
counter/9/0/0/0,31606:1747647674095:,1747647683479
counter/2/0/0/0,31550:1747647675238:,1747647683479
counter/9/0/0/0,31607:1747647674095:,1747647683479
counter/2/0/0/0,31551:1747647675238:,1747647683479
counter/9/0/0/0,31608:1747647674095:,1747647683479
counter/2/0/0/0,31552:1747647675239:,1747647683479
counter/9/0/0/0,31609:1747647674095:,1747647683479
counter/2/0/0/0,31553:1747647675239:,1747647683479
counter/9/0/0/0,31610:1747647674096:,1747647683479
counter/2/0/0/0,31554:1747647675239:,1747647683479
counter/9/0/0/0,31611:1747647674096:,1747647683479
counter/2/0/0/0,31555:1747647675239:,1747647683479
counter/9/0/0/0,31612:1747647674096:,1747647683479
counter/2/0/0/0,31556:1747647675239:,1747647683479
counter/9/0/0/0,31613:1747647674096:,1747647683479
counter/2/0/0/0,31557:1747647675247:,1747647683479
counter/9/0/0/0,31614:1747647674096:,1747647683479
counter/2/0/0/0,31558:1747647675247:,1747647683479
counter/9/0/0/0,31615:1747647674096:,1747647683479
counter/2/0/0/0,31559:1747647675247:,1747647683479
counter/9/0/0/0,31616:1747647674096:,1747647683479
counter/2/0/0/0,31560:1747647675247:,1747647683479
counter/9/0/0/0,31617:1747647674096:,1747647683479
counter/2/0/0/0,31561:1747647675252:,1747647683479
counter/9/0/0/0,31618:1747647674096:,1747647683479
counter/2/0/0/0,31562:1747647675253:,1747647683479
counter/9/0/0/0,31619:1747647674096:,1747647683479
counter/2/0/0/0,31563:1747647675253:,1747647683479
counter/9/0/0/0,31620:1747647674096:,1747647683479
counter/2/0/0/0,31564:1747647675253:,1747647683479
counter/9/0/0/0,31621:1747647674096:,1747647683479
counter/2/0/0/0,31565:1747647675253:,1747647683479
counter/9/0/0/0,31622:1747647674096:,1747647683479
counter/2/0/0/0,31566:1747647675253:,1747647683480
counter/9/0/0/0,31623:1747647674096:,1747647683480
counter/2/0/0/0,31567:1747647675253:,1747647683480
counter/9/0/0/0,31624:1747647674096:,1747647683480
counter/2/0/0/0,31568:1747647675253:,1747647683480
counter/9/0/0/0,31625:1747647674096:,1747647683480
counter/2/0/0/0,31569:1747647675253:,1747647683480
counter/9/0/0/0,31626:1747647674096:,1747647683480
counter/2/0/0/0,31570:1747647675253:,1747647683480
counter/9/0/0/0,31627:1747647674103:,1747647683480
counter/2/0/0/0,31571:1747647675253:,1747647683480
counter/9/0/0/0,31628:1747647674103:,1747647683480
counter/2/0/0/0,31572:1747647675253:,1747647683480
counter/9/0/0/0,31629:1747647674103:,1747647683480
counter/2/0/0/0,31573:1747647675253:,1747647683480
counter/9/0/0/0,31630:1747647674103:,1747647683480
counter/2/0/0/0,31574:1747647675253:,1747647683480
counter/9/0/0/0,31631:1747647674103:,1747647683480
counter/2/0/0/0,31575:1747647675253:,1747647683480
counter/9/0/0/0,31632:1747647674103:,1747647683480
counter/2/0/0/0,31576:1747647675253:,1747647683480
counter/9/0/0/0,31633:1747647674103:,1747647683480
counter/2/0/0/0,31577:1747647675253:,1747647683480
counter/9/0/0/0,31634:1747647674103:,1747647683480
counter/2/0/0/0,31578:1747647675253:,1747647683480
counter/9/0/0/0,31635:1747647674103:,1747647683480
counter/2/0/0/0,31579:1747647675253:,1747647683480
counter/9/0/0/0,31636:1747647674103:,1747647683480
counter/2/0/0/0,31580:1747647675253:,1747647683480
counter/9/0/0/0,31637:1747647674103:,1747647683480
counter/2/0/0/0,31581:1747647675253:,1747647683480
counter/9/0/0/0,31638:1747647674103:,1747647683480
counter/2/0/0/0,31582:1747647675254:,1747647683480
counter/9/0/0/0,31639:1747647674103:,1747647683480
counter/2/0/0/0,31583:1747647675254:,1747647683480
counter/9/0/0/0,31640:1747647674103:,1747647683480
counter/2/0/0/0,31584:1747647675260:,1747647683480
counter/9/0/0/0,31641:1747647674103:,1747647683480
counter/2/0/0/0,31585:1747647675260:,1747647683480
counter/9/0/0/0,31642:1747647674103:,1747647683480
counter/2/0/0/0,31586:1747647675261:,1747647683480
counter/9/0/0/0,31643:1747647674105:,1747647683480
counter/2/0/0/0,31587:1747647675261:,1747647683480
counter/9/0/0/0,31644:1747647674105:,1747647683480
counter/2/0/0/0,31588:1747647675261:,1747647683480
counter/9/0/0/0,31645:1747647674105:,1747647683481
counter/2/0/0/0,31589:1747647675261:,1747647683481
counter/9/0/0/0,31646:1747647674105:,1747647683481
counter/2/0/0/0,31590:1747647675261:,1747647683481
counter/9/0/0/0,31647:1747647674105:,1747647683481
counter/2/0/0/0,31591:1747647675261:,1747647683481
counter/9/0/0/0,31648:1747647674105:,1747647683481
counter/2/0/0/0,31592:1747647675261:,1747647683481
counter/9/0/0/0,31649:1747647674106:,1747647683481
counter/2/0/0/0,31593:1747647675261:,1747647683481
counter/9/0/0/0,31650:1747647674106:,1747647683481
counter/2/0/0/0,31594:1747647675274:,1747647683481
counter/9/0/0/0,31651:1747647674106:,1747647683481
counter/2/0/0/0,31595:1747647675274:,1747647683481
counter/9/0/0/0,31652:1747647674106:,1747647683481
counter/2/0/0/0,31596:1747647675291:,1747647683481
counter/9/0/0/0,31653:1747647674106:,1747647683481
counter/2/0/0/0,31597:1747647675291:,1747647683481
counter/9/0/0/0,31654:1747647674106:,1747647683481
counter/2/0/0/0,31598:1747647675291:,1747647683481
counter/9/0/0/0,31655:1747647674106:,1747647683481
counter/2/0/0/0,31599:1747647675291:,1747647683481
counter/9/0/0/0,31656:1747647674106:,1747647683481
counter/2/0/0/0,31600:1747647675291:,1747647683481
counter/9/0/0/0,31657:1747647674106:,1747647683481
counter/2/0/0/0,31601:1747647675291:,1747647683481
counter/9/0/0/0,31658:1747647674106:,1747647683481
counter/2/0/0/0,31602:1747647675291:,1747647683481
counter/9/0/0/0,31659:1747647674108:,1747647683481
counter/2/0/0/0,31603:1747647675291:,1747647683481
counter/9/0/0/0,31660:1747647674109:,1747647683481
counter/2/0/0/0,31604:1747647675291:,1747647683481
counter/9/0/0/0,31661:1747647674109:,1747647683481
counter/2/0/0/0,31605:1747647675292:,1747647683481
counter/9/0/0/0,31662:1747647674109:,1747647683481
counter/2/0/0/0,31606:1747647675292:,1747647683481
counter/9/0/0/0,31663:1747647674109:,1747647683482
counter/2/0/0/0,31607:1747647675293:,1747647683482
counter/9/0/0/0,31664:1747647674109:,1747647683482
counter/2/0/0/0,31608:1747647675294:,1747647683482
counter/9/0/0/0,31665:1747647674109:,1747647683482
counter/2/0/0/0,31609:1747647675296:,1747647683482
counter/9/0/0/0,31666:1747647674109:,1747647683482
counter/2/0/0/0,31610:1747647675296:,1747647683482
counter/4/0/0/0,23358:1747647670124:,1747647683482
counter/9/0/0/0,31667:1747647674109:,1747647683482
counter/2/0/0/0,31611:1747647675296:,1747647683482
counter/5/0/0/0,27453:1747647671920:,1747647683482
counter/1/0/0/0,24422:1747647670801:,1747647683482
counter/7/0/0/0,27371:1747647672695:,1747647683482
counter/9/0/0/0,31668:1747647674109:,1747647683482
counter/2/0/0/0,31612:1747647675296:,1747647683482
counter/8/0/0/0,28158:1747647671767:,1747647683482
counter/10/0/0/0,24821:1747647668507:,1747647683482
counter/6/0/0/0,27655:1747647673819:,1747647683482
counter/9/0/0/0,31669:1747647674109:,1747647683482
counter/2/0/0/0,31613:1747647675296:,1747647683482
counter/8/0/0/0,28159:1747647671767:,1747647683482
counter/9/0/0/0,31670:1747647674117:,1747647683482
counter/2/0/0/0,31614:1747647675296:,1747647683482
counter/10/0/0/0,24822:1747647668507:,1747647683482
counter/6/0/0/0,27656:1747647673819:,1747647683482
counter/3/0/0/0,23846:1747647670023:,1747647683482
counter/9/0/0/0,31671:1747647674117:,1747647683482
counter/2/0/0/0,31615:1747647675297:,1747647683482
counter/4/0/0/0,23359:1747647670124:,1747647683482
counter/5/0/0/0,27454:1747647671920:,1747647683482
counter/1/0/0/0,24423:1747647670801:,1747647683482
counter/9/0/0/0,31672:1747647674117:,1747647683482
counter/2/0/0/0,31616:1747647675297:,1747647683482
counter/9/0/0/0,31673:1747647674117:,1747647683482
counter/2/0/0/0,31617:1747647675297:,1747647683482
counter/9/0/0/0,31674:1747647674119:,1747647683482
counter/2/0/0/0,31618:1747647675303:,1747647683483
counter/9/0/0/0,31675:1747647674128:,1747647683483
counter/2/0/0/0,31619:1747647675303:,1747647683483
counter/9/0/0/0,31676:1747647674128:,1747647683483
counter/2/0/0/0,31620:1747647675304:,1747647683483
counter/9/0/0/0,31677:1747647674128:,1747647683483
counter/2/0/0/0,31621:1747647675304:,1747647683483
counter/9/0/0/0,31678:1747647674128:,1747647683483
counter/2/0/0/0,31622:1747647675304:,1747647683483
counter/9/0/0/0,31679:1747647674129:,1747647683483
counter/2/0/0/0,31623:1747647675304:,1747647683483
counter/8/0/0/0,28160:1747647671767:,1747647683483
counter/9/0/0/0,31680:1747647674129:,1747647683483
counter/2/0/0/0,31624:1747647675304:,1747647683483
counter/3/0/0/0,23847:1747647670023:,1747647683483
counter/5/0/0/0,27455:1747647671920:,1747647683483
counter/9/0/0/0,31681:1747647674129:,1747647683483
counter/2/0/0/0,31625:1747647675305:,1747647683483
counter/4/0/0/0,23360:1747647670124:,1747647683483
counter/9/0/0/0,31682:1747647674129:,1747647683483
counter/2/0/0/0,31626:1747647675305:,1747647683483
counter/4/0/0/0,23361:1747647670124:,1747647683483
counter/9/0/0/0,31683:1747647674129:,1747647683483
counter/2/0/0/0,31627:1747647675305:,1747647683483
counter/4/0/0/0,23362:1747647670124:,1747647683483
counter/9/0/0/0,31684:1747647674129:,1747647683483
counter/2/0/0/0,31628:1747647675305:,1747647683483
counter/4/0/0/0,23363:1747647670124:,1747647683483
counter/9/0/0/0,31685:1747647674131:,1747647683483
counter/2/0/0/0,31629:1747647675305:,1747647683483
counter/4/0/0/0,23364:1747647670124:,1747647683483
counter/9/0/0/0,31686:1747647674131:,1747647683483
counter/2/0/0/0,31630:1747647675305:,1747647683483
counter/4/0/0/0,23365:1747647670124:,1747647683483
counter/9/0/0/0,31687:1747647674139:,1747647683483
counter/2/0/0/0,31631:1747647675305:,1747647683483
counter/4/0/0/0,23366:1747647670124:,1747647683483
counter/9/0/0/0,31688:1747647674139:,1747647683483
counter/2/0/0/0,31632:1747647675305:,1747647683483
counter/4/0/0/0,23367:1747647670124:,1747647683483
counter/9/0/0/0,31689:1747647674139:,1747647683483
counter/2/0/0/0,31633:1747647675305:,1747647683484
counter/4/0/0/0,23368:1747647670124:,1747647683484
counter/9/0/0/0,31690:1747647674139:,1747647683484
counter/2/0/0/0,31634:1747647675305:,1747647683484
counter/4/0/0/0,23369:1747647670124:,1747647683484
counter/9/0/0/0,31691:1747647674139:,1747647683484
counter/2/0/0/0,31635:1747647675305:,1747647683484
counter/4/0/0/0,23370:1747647670125:,1747647683484
counter/9/0/0/0,31692:1747647674139:,1747647683484
counter/2/0/0/0,31636:1747647675305:,1747647683484
counter/4/0/0/0,23371:1747647670125:,1747647683484
counter/9/0/0/0,31693:1747647674139:,1747647683484
counter/2/0/0/0,31637:1747647675305:,1747647683484
counter/4/0/0/0,23372:1747647670125:,1747647683484
counter/9/0/0/0,31694:1747647674140:,1747647683484
counter/2/0/0/0,31638:1747647675305:,1747647683484
counter/4/0/0/0,23373:1747647670125:,1747647683484
counter/9/0/0/0,31695:1747647674140:,1747647683484
counter/2/0/0/0,31639:1747647675305:,1747647683484
counter/4/0/0/0,23374:1747647670125:,1747647683484
counter/9/0/0/0,31696:1747647674140:,1747647683484
counter/2/0/0/0,31640:1747647675307:,1747647683484
counter/4/0/0/0,23375:1747647670125:,1747647683484
counter/9/0/0/0,31697:1747647674142:,1747647683484
counter/2/0/0/0,31641:1747647675307:,1747647683484
counter/4/0/0/0,23376:1747647670125:,1747647683484
counter/9/0/0/0,31698:1747647674154:,1747647683484
counter/2/0/0/0,31642:1747647675307:,1747647683484
counter/4/0/0/0,23377:1747647670125:,1747647683484
counter/9/0/0/0,31699:1747647674154:,1747647683484
counter/2/0/0/0,31643:1747647675307:,1747647683484
counter/4/0/0/0,23378:1747647670140:,1747647683484
counter/9/0/0/0,31700:1747647674154:,1747647683484
counter/2/0/0/0,31644:1747647675307:,1747647683484
counter/4/0/0/0,23379:1747647670140:,1747647683484
counter/9/0/0/0,31701:1747647674154:,1747647683484
counter/2/0/0/0,31645:1747647675307:,1747647683484
counter/4/0/0/0,23380:1747647670140:,1747647683484
counter/9/0/0/0,31702:1747647674154:,1747647683484
counter/2/0/0/0,31646:1747647675307:,1747647683484
counter/4/0/0/0,23381:1747647670140:,1747647683484
counter/9/0/0/0,31703:1747647674163:,1747647683484
counter/2/0/0/0,31647:1747647675307:,1747647683484
counter/4/0/0/0,23382:1747647670140:,1747647683484
counter/9/0/0/0,31704:1747647674163:,1747647683484
counter/2/0/0/0,31648:1747647675307:,1747647683484
counter/4/0/0/0,23383:1747647670140:,1747647683485
counter/9/0/0/0,31705:1747647674163:,1747647683485
counter/2/0/0/0,31649:1747647675307:,1747647683485
counter/4/0/0/0,23384:1747647670140:,1747647683485
counter/9/0/0/0,31706:1747647674163:,1747647683485
counter/2/0/0/0,31650:1747647675311:,1747647683485
counter/4/0/0/0,23385:1747647670140:,1747647683485
counter/9/0/0/0,31707:1747647674174:,1747647683485
counter/2/0/0/0,31651:1747647675311:,1747647683485
counter/4/0/0/0,23386:1747647670140:,1747647683485
counter/6/0/0/0,27657:1747647673819:,1747647683485
counter/3/0/0/0,23848:1747647670023:,1747647683485
counter/9/0/0/0,31708:1747647674174:,1747647683485
counter/2/0/0/0,31652:1747647675311:,1747647683485
counter/4/0/0/0,23387:1747647670140:,1747647683485
counter/5/0/0/0,27456:1747647671924:,1747647683485
counter/10/0/0/0,24823:1747647668507:,1747647683485
counter/9/0/0/0,31709:1747647674174:,1747647683485
counter/2/0/0/0,31653:1747647675317:,1747647683485
counter/4/0/0/0,23388:1747647670141:,1747647683485
counter/8/0/0/0,28161:1747647671767:,1747647683485
counter/6/0/0/0,27658:1747647673819:,1747647683485
counter/3/0/0/0,23849:1747647670026:,1747647683485
counter/9/0/0/0,31710:1747647674174:,1747647683485
counter/2/0/0/0,31654:1747647675317:,1747647683485
counter/4/0/0/0,23389:1747647670141:,1747647683485
counter/5/0/0/0,27457:1747647671924:,1747647683485
counter/10/0/0/0,24824:1747647668507:,1747647683485
counter/7/0/0/0,27372:1747647672695:,1747647683485
counter/9/0/0/0,31711:1747647674174:,1747647683485
counter/2/0/0/0,31655:1747647675317:,1747647683485
counter/4/0/0/0,23390:1747647670141:,1747647683485
counter/10/0/0/0,24825:1747647668510:,1747647683485
counter/9/0/0/0,31712:1747647674174:,1747647683485
counter/2/0/0/0,31656:1747647675317:,1747647683485
counter/4/0/0/0,23391:1747647670141:,1747647683485
counter/9/0/0/0,31713:1747647674175:,1747647683485
counter/2/0/0/0,31657:1747647675317:,1747647683485
counter/4/0/0/0,23392:1747647670141:,1747647683485
counter/9/0/0/0,31714:1747647674175:,1747647683485
counter/2/0/0/0,31658:1747647675317:,1747647683485
counter/4/0/0/0,23393:1747647670141:,1747647683485
counter/9/0/0/0,31715:1747647674175:,1747647683485
counter/2/0/0/0,31659:1747647675317:,1747647683485
counter/4/0/0/0,23394:1747647670141:,1747647683486
counter/9/0/0/0,31716:1747647674175:,1747647683486
counter/2/0/0/0,31660:1747647675317:,1747647683486
counter/4/0/0/0,23395:1747647670141:,1747647683486
counter/9/0/0/0,31717:1747647674175:,1747647683486
counter/2/0/0/0,31661:1747647675317:,1747647683486
counter/4/0/0/0,23396:1747647670141:,1747647683486
counter/9/0/0/0,31718:1747647674175:,1747647683486
counter/2/0/0/0,31662:1747647675317:,1747647683486
counter/4/0/0/0,23397:1747647670141:,1747647683486
counter/9/0/0/0,31719:1747647674175:,1747647683486
counter/2/0/0/0,31663:1747647675317:,1747647683486
counter/4/0/0/0,23398:1747647670141:,1747647683486
counter/9/0/0/0,31720:1747647674175:,1747647683486
counter/2/0/0/0,31664:1747647675317:,1747647683486
counter/4/0/0/0,23399:1747647670141:,1747647683486
counter/9/0/0/0,31721:1747647674175:,1747647683486
counter/2/0/0/0,31665:1747647675330:,1747647683486
counter/4/0/0/0,23400:1747647670141:,1747647683486
counter/9/0/0/0,31722:1747647674175:,1747647683486
counter/2/0/0/0,31666:1747647675330:,1747647683486
counter/4/0/0/0,23401:1747647670141:,1747647683486
counter/9/0/0/0,31723:1747647674175:,1747647683486
counter/2/0/0/0,31667:1747647675330:,1747647683486
counter/4/0/0/0,23402:1747647670141:,1747647683486
counter/9/0/0/0,31724:1747647674175:,1747647683486
counter/2/0/0/0,31668:1747647675330:,1747647683486
counter/4/0/0/0,23403:1747647670141:,1747647683486
counter/9/0/0/0,31725:1747647674176:,1747647683486
counter/2/0/0/0,31669:1747647675330:,1747647683486
counter/4/0/0/0,23404:1747647670141:,1747647683486
counter/9/0/0/0,31726:1747647674179:,1747647683486
counter/2/0/0/0,31670:1747647675330:,1747647683486
counter/4/0/0/0,23405:1747647670141:,1747647683486
counter/3/0/0/0,23850:1747647670026:,1747647683486
counter/1/0/0/0,24424:1747647670801:,1747647683486
counter/6/0/0/0,27659:1747647673820:,1747647683486
counter/9/0/0/0,31727:1747647674180:,1747647683486
counter/2/0/0/0,31671:1747647675330:,1747647683487
counter/4/0/0/0,23406:1747647670141:,1747647683487
counter/10/0/0/0,24826:1747647668510:,1747647683487
counter/8/0/0/0,28162:1747647671768:,1747647683487
counter/9/0/0/0,31728:1747647674180:,1747647683487
counter/2/0/0/0,31672:1747647675330:,1747647683487
counter/4/0/0/0,23407:1747647670141:,1747647683487
counter/8/0/0/0,28163:1747647671768:,1747647683487
counter/3/0/0/0,23851:1747647670026:,1747647683487
counter/9/0/0/0,31729:1747647674180:,1747647683487
counter/2/0/0/0,31673:1747647675330:,1747647683487
counter/4/0/0/0,23408:1747647670141:,1747647683487
counter/8/0/0/0,28164:1747647671768:,1747647683487
counter/3/0/0/0,23852:1747647670026:,1747647683487
counter/9/0/0/0,31730:1747647674180:,1747647683487
counter/2/0/0/0,31674:1747647675330:,1747647683487
counter/4/0/0/0,23409:1747647670141:,1747647683487
counter/8/0/0/0,28165:1747647671768:,1747647683487
counter/3/0/0/0,23853:1747647670027:,1747647683487
counter/9/0/0/0,31731:1747647674180:,1747647683487
counter/2/0/0/0,31675:1747647675330:,1747647683487
counter/4/0/0/0,23410:1747647670141:,1747647683487
counter/8/0/0/0,28166:1747647671776:,1747647683487
counter/9/0/0/0,31732:1747647674180:,1747647683487
counter/2/0/0/0,31676:1747647675330:,1747647683487
counter/4/0/0/0,23411:1747647670141:,1747647683487
counter/8/0/0/0,28167:1747647671776:,1747647683487
counter/7/0/0/0,27373:1747647672695:,1747647683487
counter/9/0/0/0,31733:1747647674180:,1747647683487
counter/2/0/0/0,31677:1747647675330:,1747647683487
counter/4/0/0/0,23412:1747647670141:,1747647683487
counter/8/0/0/0,28168:1747647671776:,1747647683487
counter/7/0/0/0,27374:1747647672695:,1747647683487
counter/9/0/0/0,31734:1747647674180:,1747647683487
counter/2/0/0/0,31678:1747647675330:,1747647683487
counter/4/0/0/0,23413:1747647670141:,1747647683487
counter/8/0/0/0,28169:1747647671776:,1747647683487
counter/7/0/0/0,27375:1747647672695:,1747647683487
counter/9/0/0/0,31735:1747647674180:,1747647683487
counter/2/0/0/0,31679:1747647675330:,1747647683487
counter/4/0/0/0,23414:1747647670141:,1747647683487
counter/8/0/0/0,28170:1747647671776:,1747647683488
counter/7/0/0/0,27376:1747647672700:,1747647683488
counter/9/0/0/0,31736:1747647674180:,1747647683488
counter/2/0/0/0,31680:1747647675330:,1747647683488
counter/4/0/0/0,23415:1747647670141:,1747647683488
counter/8/0/0/0,28171:1747647671778:,1747647683488
counter/7/0/0/0,27377:1747647672701:,1747647683488
counter/9/0/0/0,31737:1747647674180:,1747647683488
counter/2/0/0/0,31681:1747647675330:,1747647683488
counter/4/0/0/0,23416:1747647670141:,1747647683488
counter/8/0/0/0,28172:1747647671778:,1747647683488
counter/7/0/0/0,27378:1747647672701:,1747647683488
counter/9/0/0/0,31738:1747647674180:,1747647683488
counter/2/0/0/0,31682:1747647675330:,1747647683488
counter/4/0/0/0,23417:1747647670141:,1747647683488
counter/8/0/0/0,28173:1747647671778:,1747647683488
counter/7/0/0/0,27379:1747647672701:,1747647683488
counter/9/0/0/0,31739:1747647674180:,1747647683488
counter/2/0/0/0,31683:1747647675330:,1747647683488
counter/4/0/0/0,23418:1747647670141:,1747647683488
counter/8/0/0/0,28174:1747647671778:,1747647683488
counter/7/0/0/0,27380:1747647672701:,1747647683488
counter/9/0/0/0,31740:1747647674180:,1747647683488
counter/2/0/0/0,31684:1747647675330:,1747647683488
counter/4/0/0/0,23419:1747647670142:,1747647683488
counter/8/0/0/0,28175:1747647671805:,1747647683488
counter/9/0/0/0,31741:1747647674180:,1747647683488
counter/2/0/0/0,31685:1747647675331:,1747647683488
counter/4/0/0/0,23420:1747647670142:,1747647683488
counter/8/0/0/0,28176:1747647671805:,1747647683488
counter/9/0/0/0,31742:1747647674187:,1747647683488
counter/2/0/0/0,31686:1747647675331:,1747647683488
counter/4/0/0/0,23421:1747647670142:,1747647683488
counter/8/0/0/0,28177:1747647671805:,1747647683488
counter/9/0/0/0,31743:1747647674187:,1747647683488
counter/2/0/0/0,31687:1747647675331:,1747647683488
counter/4/0/0/0,23422:1747647670142:,1747647683488
counter/8/0/0/0,28178:1747647671805:,1747647683488
counter/3/0/0/0,23854:1747647670030:,1747647683488
counter/10/0/0/0,24827:1747647668510:,1747647683489
counter/9/0/0/0,31744:1747647674187:,1747647683489
counter/2/0/0/0,31688:1747647675331:,1747647683489
counter/4/0/0/0,23423:1747647670142:,1747647683489
counter/8/0/0/0,28179:1747647671805:,1747647683489
counter/9/0/0/0,31745:1747647674187:,1747647683489
counter/2/0/0/0,31689:1747647675331:,1747647683489
counter/4/0/0/0,23424:1747647670142:,1747647683489
counter/8/0/0/0,28180:1747647671810:,1747647683489
counter/9/0/0/0,31746:1747647674187:,1747647683489
counter/2/0/0/0,31690:1747647675331:,1747647683489
counter/4/0/0/0,23425:1747647670142:,1747647683489
counter/8/0/0/0,28181:1747647671810:,1747647683489
counter/9/0/0/0,31747:1747647674189:,1747647683489
counter/2/0/0/0,31691:1747647675333:,1747647683489
counter/4/0/0/0,23426:1747647670142:,1747647683489
counter/8/0/0/0,28182:1747647671810:,1747647683489
counter/9/0/0/0,31748:1747647674189:,1747647683489
counter/2/0/0/0,31692:1747647675333:,1747647683489
counter/4/0/0/0,23427:1747647670142:,1747647683489
counter/8/0/0/0,28183:1747647671810:,1747647683489
counter/9/0/0/0,31749:1747647674189:,1747647683489
counter/2/0/0/0,31693:1747647675333:,1747647683489
counter/4/0/0/0,23428:1747647670142:,1747647683489
counter/8/0/0/0,28184:1747647671810:,1747647683489
counter/9/0/0/0,31750:1747647674189:,1747647683489
counter/2/0/0/0,31694:1747647675333:,1747647683489
counter/4/0/0/0,23429:1747647670142:,1747647683489
counter/8/0/0/0,28185:1747647671810:,1747647683489
counter/9/0/0/0,31751:1747647674190:,1747647683489
counter/2/0/0/0,31695:1747647675333:,1747647683489
counter/4/0/0/0,23430:1747647670142:,1747647683489
counter/8/0/0/0,28186:1747647671810:,1747647683489
counter/9/0/0/0,31752:1747647674190:,1747647683489
counter/2/0/0/0,31696:1747647675333:,1747647683489
counter/4/0/0/0,23431:1747647670142:,1747647683489
counter/8/0/0/0,28187:1747647671810:,1747647683489
counter/9/0/0/0,31753:1747647674196:,1747647683489
counter/2/0/0/0,31697:1747647675334:,1747647683489
counter/4/0/0/0,23432:1747647670142:,1747647683489
counter/8/0/0/0,28188:1747647671810:,1747647683489
counter/9/0/0/0,31754:1747647674201:,1747647683489
counter/2/0/0/0,31698:1747647675334:,1747647683489
counter/4/0/0/0,23433:1747647670142:,1747647683489
counter/9/0/0/0,31755:1747647674202:,1747647683490
counter/2/0/0/0,31699:1747647675334:,1747647683490
counter/4/0/0/0,23434:1747647670142:,1747647683490
counter/9/0/0/0,31756:1747647674204:,1747647683490
counter/2/0/0/0,31700:1747647675334:,1747647683490
counter/4/0/0/0,23435:1747647670142:,1747647683490
counter/9/0/0/0,31757:1747647674209:,1747647683490
counter/2/0/0/0,31701:1747647675334:,1747647683490
counter/4/0/0/0,23436:1747647670142:,1747647683490
counter/7/0/0/0,27381:1747647672701:,1747647683490
counter/9/0/0/0,31758:1747647674209:,1747647683490
counter/2/0/0/0,31702:1747647675334:,1747647683490
counter/4/0/0/0,23437:1747647670142:,1747647683490
counter/1/0/0/0,24425:1747647670801:,1747647683490
counter/6/0/0/0,27660:1747647673820:,1747647683490
counter/9/0/0/0,31759:1747647674209:,1747647683490
counter/2/0/0/0,31703:1747647675334:,1747647683490
counter/4/0/0/0,23438:1747647670142:,1747647683490
counter/1/0/0/0,24426:1747647670801:,1747647683490
counter/9/0/0/0,31760:1747647674209:,1747647683490
counter/2/0/0/0,31704:1747647675334:,1747647683490
counter/4/0/0/0,23439:1747647670142:,1747647683490
counter/1/0/0/0,24427:1747647670801:,1747647683490
counter/9/0/0/0,31761:1747647674223:,1747647683490
counter/2/0/0/0,31705:1747647675334:,1747647683490
counter/4/0/0/0,23440:1747647670142:,1747647683490
counter/1/0/0/0,24428:1747647670801:,1747647683490
counter/7/0/0/0,27382:1747647672701:,1747647683490
counter/5/0/0/0,27458:1747647671924:,1747647683490
counter/9/0/0/0,31762:1747647674223:,1747647683490
counter/2/0/0/0,31706:1747647675335:,1747647683490
counter/4/0/0/0,23441:1747647670142:,1747647683490
counter/1/0/0/0,24429:1747647670801:,1747647683490
counter/6/0/0/0,27661:1747647673820:,1747647683490
counter/9/0/0/0,31763:1747647674223:,1747647683490
counter/2/0/0/0,31707:1747647675335:,1747647683490
counter/4/0/0/0,23442:1747647670142:,1747647683490
counter/1/0/0/0,24430:1747647670801:,1747647683491
counter/9/0/0/0,31764:1747647674223:,1747647683491
counter/2/0/0/0,31708:1747647675336:,1747647683491
counter/4/0/0/0,23443:1747647670142:,1747647683491
counter/1/0/0/0,24431:1747647670801:,1747647683491
counter/6/0/0/0,27662:1747647673820:,1747647683491
counter/9/0/0/0,31765:1747647674223:,1747647683491
counter/2/0/0/0,31709:1747647675336:,1747647683491
counter/4/0/0/0,23444:1747647670142:,1747647683491
counter/1/0/0/0,24432:1747647670801:,1747647683491
counter/3/0/0/0,23855:1747647670030:,1747647683491
counter/8/0/0/0,28189:1747647671810:,1747647683491
counter/9/0/0/0,31766:1747647674223:,1747647683491
counter/2/0/0/0,31710:1747647675336:,1747647683491
counter/4/0/0/0,23445:1747647670142:,1747647683491
counter/1/0/0/0,24433:1747647670807:,1747647683491
counter/10/0/0/0,24828:1747647668511:,1747647683491
counter/7/0/0/0,27383:1747647672701:,1747647683491
counter/5/0/0/0,27459:1747647671926:,1747647683491
counter/9/0/0/0,31767:1747647674223:,1747647683491
counter/2/0/0/0,31711:1747647675336:,1747647683491
counter/4/0/0/0,23446:1747647670142:,1747647683491
counter/9/0/0/0,31768:1747647674223:,1747647683491
counter/2/0/0/0,31712:1747647675336:,1747647683491
counter/4/0/0/0,23447:1747647670143:,1747647683491
counter/7/0/0/0,27384:1747647672701:,1747647683491
counter/9/0/0/0,31769:1747647674229:,1747647683491
counter/2/0/0/0,31713:1747647675336:,1747647683491
counter/4/0/0/0,23448:1747647670143:,1747647683491
counter/5/0/0/0,27460:1747647671926:,1747647683491
counter/6/0/0/0,27663:1747647673820:,1747647683491
counter/9/0/0/0,31770:1747647674229:,1747647683491
counter/2/0/0/0,31714:1747647675336:,1747647683491
counter/4/0/0/0,23449:1747647670143:,1747647683491
counter/3/0/0/0,23856:1747647670030:,1747647683491
counter/9/0/0/0,31771:1747647674229:,1747647683491
counter/2/0/0/0,31715:1747647675336:,1747647683491
counter/4/0/0/0,23450:1747647670144:,1747647683491
counter/3/0/0/0,23857:1747647670030:,1747647683491
counter/9/0/0/0,31772:1747647674229:,1747647683491
counter/2/0/0/0,31716:1747647675336:,1747647683491
counter/4/0/0/0,23451:1747647670144:,1747647683491
counter/9/0/0/0,31773:1747647674230:,1747647683491
counter/2/0/0/0,31717:1747647675336:,1747647683492
counter/4/0/0/0,23452:1747647670144:,1747647683492
counter/1/0/0/0,24434:1747647670814:,1747647683492
counter/9/0/0/0,31774:1747647674230:,1747647683492
counter/2/0/0/0,31718:1747647675336:,1747647683492
counter/4/0/0/0,23453:1747647670144:,1747647683492
counter/5/0/0/0,27461:1747647671926:,1747647683492
counter/6/0/0/0,27664:1747647673820:,1747647683492
counter/9/0/0/0,31775:1747647674230:,1747647683492
counter/2/0/0/0,31719:1747647675336:,1747647683492
counter/4/0/0/0,23454:1747647670144:,1747647683492
counter/6/0/0/0,27665:1747647673820:,1747647683492
counter/9/0/0/0,31776:1747647674230:,1747647683492
counter/2/0/0/0,31720:1747647675336:,1747647683492
counter/4/0/0/0,23455:1747647670144:,1747647683492
counter/6/0/0/0,27666:1747647673822:,1747647683492
counter/9/0/0/0,31777:1747647674230:,1747647683492
counter/2/0/0/0,31721:1747647675336:,1747647683492
counter/4/0/0/0,23456:1747647670144:,1747647683492
counter/6/0/0/0,27667:1747647673822:,1747647683492
counter/9/0/0/0,31778:1747647674230:,1747647683492
counter/2/0/0/0,31722:1747647675336:,1747647683492
counter/4/0/0/0,23457:1747647670150:,1747647683492
counter/6/0/0/0,27668:1747647673823:,1747647683492
counter/5/0/0/0,27462:1747647671926:,1747647683492
counter/9/0/0/0,31779:1747647674230:,1747647683492
counter/2/0/0/0,31723:1747647675336:,1747647683492
counter/4/0/0/0,23458:1747647670150:,1747647683492
counter/6/0/0/0,27669:1747647673827:,1747647683492
counter/3/0/0/0,23858:1747647670030:,1747647683492
counter/8/0/0/0,28190:1747647671810:,1747647683492
counter/9/0/0/0,31780:1747647674230:,1747647683492
counter/2/0/0/0,31724:1747647675336:,1747647683492
counter/4/0/0/0,23459:1747647670150:,1747647683492
counter/6/0/0/0,27670:1747647673827:,1747647683492
counter/10/0/0/0,24829:1747647668511:,1747647683492
counter/9/0/0/0,31781:1747647674230:,1747647683492
counter/2/0/0/0,31725:1747647675336:,1747647683492
counter/4/0/0/0,23460:1747647670150:,1747647683492
counter/6/0/0/0,27671:1747647673827:,1747647683492
counter/10/0/0/0,24830:1747647668511:,1747647683492
counter/9/0/0/0,31782:1747647674230:,1747647683492
counter/2/0/0/0,31726:1747647675336:,1747647683492
counter/4/0/0/0,23461:1747647670150:,1747647683492
counter/6/0/0/0,27672:1747647673833:,1747647683492
counter/10/0/0/0,24831:1747647668511:,1747647683492
counter/9/0/0/0,31783:1747647674230:,1747647683493
counter/2/0/0/0,31727:1747647675336:,1747647683493
counter/4/0/0/0,23462:1747647670150:,1747647683493
counter/6/0/0/0,27673:1747647673833:,1747647683493
counter/10/0/0/0,24832:1747647668511:,1747647683493
counter/9/0/0/0,31784:1747647674230:,1747647683493
counter/2/0/0/0,31728:1747647675336:,1747647683493
counter/4/0/0/0,23463:1747647670150:,1747647683493
counter/6/0/0/0,27674:1747647673833:,1747647683493
counter/10/0/0/0,24833:1747647668511:,1747647683493
counter/5/0/0/0,27463:1747647671926:,1747647683493
counter/1/0/0/0,24435:1747647670814:,1747647683493
counter/9/0/0/0,31785:1747647674230:,1747647683493
counter/2/0/0/0,31729:1747647675336:,1747647683493
counter/4/0/0/0,23464:1747647670150:,1747647683493
counter/6/0/0/0,27675:1747647673833:,1747647683493
counter/10/0/0/0,24834:1747647668511:,1747647683493
counter/5/0/0/0,27464:1747647671944:,1747647683493
counter/9/0/0/0,31786:1747647674235:,1747647683493
counter/2/0/0/0,31730:1747647675336:,1747647683493
counter/4/0/0/0,23465:1747647670150:,1747647683493
counter/6/0/0/0,27676:1747647673833:,1747647683493
counter/10/0/0/0,24835:1747647668511:,1747647683493
counter/9/0/0/0,31787:1747647674235:,1747647683493
counter/2/0/0/0,31731:1747647675336:,1747647683493
counter/4/0/0/0,23466:1747647670150:,1747647683493
counter/6/0/0/0,27677:1747647673833:,1747647683493
counter/10/0/0/0,24836:1747647668514:,1747647683493
counter/9/0/0/0,31788:1747647674235:,1747647683493
counter/2/0/0/0,31732:1747647675336:,1747647683493
counter/4/0/0/0,23467:1747647670150:,1747647683493
counter/6/0/0/0,27678:1747647673834:,1747647683493
counter/10/0/0/0,24837:1747647668514:,1747647683493
counter/9/0/0/0,31789:1747647674235:,1747647683493
counter/2/0/0/0,31733:1747647675336:,1747647683493
counter/4/0/0/0,23468:1747647670150:,1747647683493
counter/10/0/0/0,24838:1747647668514:,1747647683493
counter/9/0/0/0,31790:1747647674235:,1747647683494
counter/2/0/0/0,31734:1747647675336:,1747647683494
counter/4/0/0/0,23469:1747647670150:,1747647683494
counter/10/0/0/0,24839:1747647668514:,1747647683494
counter/9/0/0/0,31791:1747647674235:,1747647683494
counter/2/0/0/0,31735:1747647675336:,1747647683494
counter/4/0/0/0,23470:1747647670150:,1747647683494
counter/10/0/0/0,24840:1747647668514:,1747647683494
counter/5/0/0/0,27465:1747647671944:,1747647683494
counter/3/0/0/0,23859:1747647670030:,1747647683494
counter/9/0/0/0,31792:1747647674235:,1747647683494
counter/2/0/0/0,31736:1747647675336:,1747647683494
counter/4/0/0/0,23471:1747647670150:,1747647683494
counter/10/0/0/0,24841:1747647668514:,1747647683494
counter/8/0/0/0,28191:1747647671810:,1747647683494
counter/6/0/0/0,27679:1747647673834:,1747647683494
counter/9/0/0/0,31793:1747647674235:,1747647683494
counter/2/0/0/0,31737:1747647675336:,1747647683494
counter/4/0/0/0,23472:1747647670150:,1747647683494
counter/10/0/0/0,24842:1747647668514:,1747647683494
counter/3/0/0/0,23860:1747647670030:,1747647683494
counter/9/0/0/0,31794:1747647674235:,1747647683494
counter/2/0/0/0,31738:1747647675336:,1747647683494
counter/4/0/0/0,23473:1747647670150:,1747647683494
counter/10/0/0/0,24843:1747647668514:,1747647683494
counter/9/0/0/0,31795:1747647674235:,1747647683494
counter/2/0/0/0,31739:1747647675336:,1747647683494
counter/4/0/0/0,23474:1747647670152:,1747647683494
counter/10/0/0/0,24844:1747647668514:,1747647683494
counter/9/0/0/0,31796:1747647674235:,1747647683494
counter/2/0/0/0,31740:1747647675336:,1747647683494
counter/4/0/0/0,23475:1747647670152:,1747647683494
counter/10/0/0/0,24845:1747647668514:,1747647683494
counter/1/0/0/0,24436:1747647670814:,1747647683494
counter/3/0/0/0,23861:1747647670031:,1747647683494
counter/9/0/0/0,31797:1747647674235:,1747647683494
counter/2/0/0/0,31741:1747647675337:,1747647683494
counter/4/0/0/0,23476:1747647670152:,1747647683494
counter/10/0/0/0,24846:1747647668514:,1747647683494
counter/1/0/0/0,24437:1747647670814:,1747647683494
counter/5/0/0/0,27466:1747647671944:,1747647683495
counter/9/0/0/0,31798:1747647674245:,1747647683495
counter/2/0/0/0,31742:1747647675337:,1747647683495
counter/4/0/0/0,23477:1747647670152:,1747647683495
counter/10/0/0/0,24847:1747647668514:,1747647683495
counter/9/0/0/0,31799:1747647674245:,1747647683495
counter/2/0/0/0,31743:1747647675337:,1747647683495
counter/4/0/0/0,23478:1747647670152:,1747647683495
counter/10/0/0/0,24848:1747647668514:,1747647683495
counter/9/0/0/0,31800:1747647674245:,1747647683495
counter/2/0/0/0,31744:1747647675337:,1747647683495
counter/4/0/0/0,23479:1747647670152:,1747647683495
counter/10/0/0/0,24849:1747647668514:,1747647683495
counter/9/0/0/0,31801:1747647674245:,1747647683495
counter/2/0/0/0,31745:1747647675337:,1747647683495
counter/4/0/0/0,23480:1747647670152:,1747647683495
counter/10/0/0/0,24850:1747647668514:,1747647683495
counter/9/0/0/0,31802:1747647674246:,1747647683495
counter/2/0/0/0,31746:1747647675337:,1747647683495
counter/4/0/0/0,23481:1747647670152:,1747647683495
counter/10/0/0/0,24851:1747647668514:,1747647683495
counter/9/0/0/0,31803:1747647674246:,1747647683495
counter/2/0/0/0,31747:1747647675337:,1747647683495
counter/4/0/0/0,23482:1747647670152:,1747647683495
counter/10/0/0/0,24852:1747647668514:,1747647683495
counter/3/0/0/0,23862:1747647670031:,1747647683495
counter/9/0/0/0,31804:1747647674246:,1747647683495
counter/2/0/0/0,31748:1747647675337:,1747647683495
counter/4/0/0/0,23483:1747647670152:,1747647683495
counter/10/0/0/0,24853:1747647668514:,1747647683495
counter/5/0/0/0,27467:1747647671945:,1747647683495
counter/9/0/0/0,31805:1747647674246:,1747647683495
counter/2/0/0/0,31749:1747647675337:,1747647683495
counter/4/0/0/0,23484:1747647670152:,1747647683495
counter/10/0/0/0,24854:1747647668521:,1747647683495
counter/5/0/0/0,27468:1747647671945:,1747647683496
counter/7/0/0/0,27385:1747647672701:,1747647683496
counter/9/0/0/0,31806:1747647674246:,1747647683496
counter/2/0/0/0,31750:1747647675337:,1747647683496
counter/4/0/0/0,23485:1747647670152:,1747647683496
counter/10/0/0/0,24855:1747647668524:,1747647683496
counter/5/0/0/0,27469:1747647671945:,1747647683496
counter/3/0/0/0,23863:1747647670031:,1747647683496
counter/9/0/0/0,31807:1747647674253:,1747647683496
counter/2/0/0/0,31751:1747647675337:,1747647683496
counter/4/0/0/0,23486:1747647670152:,1747647683496
counter/10/0/0/0,24856:1747647668524:,1747647683496
counter/5/0/0/0,27470:1747647671945:,1747647683496
counter/9/0/0/0,31808:1747647674253:,1747647683496
counter/2/0/0/0,31752:1747647675337:,1747647683496
counter/4/0/0/0,23487:1747647670154:,1747647683496
counter/10/0/0/0,24857:1747647668524:,1747647683496
counter/5/0/0/0,27471:1747647671945:,1747647683496
counter/9/0/0/0,31809:1747647674253:,1747647683496
counter/2/0/0/0,31753:1747647675339:,1747647683496
counter/4/0/0/0,23488:1747647670154:,1747647683496
counter/10/0/0/0,24858:1747647668538:,1747647683496
counter/9/0/0/0,31810:1747647674253:,1747647683496
counter/2/0/0/0,31754:1747647675339:,1747647683496
counter/4/0/0/0,23489:1747647670154:,1747647683496
counter/10/0/0/0,24859:1747647668538:,1747647683496
counter/5/0/0/0,27472:1747647671945:,1747647683496
counter/7/0/0/0,27386:1747647672717:,1747647683496
counter/9/0/0/0,31811:1747647674253:,1747647683496
counter/2/0/0/0,31755:1747647675343:,1747647683496
counter/4/0/0/0,23490:1747647670154:,1747647683496
counter/10/0/0/0,24860:1747647668538:,1747647683496
counter/7/0/0/0,27387:1747647672717:,1747647683496
counter/9/0/0/0,31812:1747647674253:,1747647683496
counter/2/0/0/0,31756:1747647675343:,1747647683496
counter/4/0/0/0,23491:1747647670154:,1747647683496
counter/10/0/0/0,24861:1747647668543:,1747647683496
counter/7/0/0/0,27388:1747647672717:,1747647683496
counter/9/0/0/0,31813:1747647674253:,1747647683497
counter/2/0/0/0,31757:1747647675343:,1747647683497
counter/4/0/0/0,23492:1747647670154:,1747647683497
counter/10/0/0/0,24862:1747647668543:,1747647683497
counter/7/0/0/0,27389:1747647672717:,1747647683497
counter/9/0/0/0,31814:1747647674254:,1747647683497
counter/2/0/0/0,31758:1747647675343:,1747647683497
counter/4/0/0/0,23493:1747647670157:,1747647683497
counter/10/0/0/0,24863:1747647668543:,1747647683497
counter/7/0/0/0,27390:1747647672717:,1747647683497
counter/9/0/0/0,31815:1747647674254:,1747647683497
counter/2/0/0/0,31759:1747647675343:,1747647683497
counter/4/0/0/0,23494:1747647670157:,1747647683497
counter/10/0/0/0,24864:1747647668543:,1747647683497
counter/7/0/0/0,27391:1747647672717:,1747647683497
counter/9/0/0/0,31816:1747647674254:,1747647683497
counter/2/0/0/0,31760:1747647675346:,1747647683497
counter/4/0/0/0,23495:1747647670157:,1747647683497
counter/10/0/0/0,24865:1747647668543:,1747647683497
counter/7/0/0/0,27392:1747647672717:,1747647683497
counter/9/0/0/0,31817:1747647674254:,1747647683497
counter/2/0/0/0,31761:1747647675349:,1747647683497
counter/4/0/0/0,23496:1747647670157:,1747647683497
counter/10/0/0/0,24866:1747647668543:,1747647683497
counter/7/0/0/0,27393:1747647672717:,1747647683497
counter/3/0/0/0,23864:1747647670031:,1747647683497
counter/9/0/0/0,31818:1747647674254:,1747647683497
counter/2/0/0/0,31762:1747647675356:,1747647683497
counter/4/0/0/0,23497:1747647670158:,1747647683497
counter/10/0/0/0,24867:1747647668543:,1747647683497
counter/7/0/0/0,27394:1747647672717:,1747647683497
counter/9/0/0/0,31819:1747647674254:,1747647683497
counter/2/0/0/0,31763:1747647675356:,1747647683497
counter/4/0/0/0,23498:1747647670158:,1747647683497
counter/10/0/0/0,24868:1747647668543:,1747647683497
counter/7/0/0/0,27395:1747647672725:,1747647683497
counter/1/0/0/0,24438:1747647670814:,1747647683497
counter/9/0/0/0,31820:1747647674254:,1747647683497
counter/2/0/0/0,31764:1747647675356:,1747647683497
counter/4/0/0/0,23499:1747647670158:,1747647683498
counter/10/0/0/0,24869:1747647668543:,1747647683498
counter/7/0/0/0,27396:1747647672725:,1747647683498
counter/1/0/0/0,24439:1747647670814:,1747647683498
counter/8/0/0/0,28192:1747647671810:,1747647683498
counter/9/0/0/0,31821:1747647674254:,1747647683498
counter/2/0/0/0,31765:1747647675356:,1747647683498
counter/4/0/0/0,23500:1747647670158:,1747647683498
counter/7/0/0/0,27397:1747647672725:,1747647683498
counter/1/0/0/0,24440:1747647670814:,1747647683498
counter/9/0/0/0,31822:1747647674254:,1747647683498
counter/2/0/0/0,31766:1747647675356:,1747647683498
counter/4/0/0/0,23501:1747647670158:,1747647683498
counter/7/0/0/0,27398:1747647672725:,1747647683498
counter/1/0/0/0,24441:1747647670814:,1747647683498
counter/9/0/0/0,31823:1747647674254:,1747647683498
counter/2/0/0/0,31767:1747647675356:,1747647683498
counter/4/0/0/0,23502:1747647670159:,1747647683498
counter/7/0/0/0,27399:1747647672725:,1747647683498
counter/1/0/0/0,24442:1747647670814:,1747647683498
counter/9/0/0/0,31824:1747647674254:,1747647683498
counter/2/0/0/0,31768:1747647675356:,1747647683498
counter/4/0/0/0,23503:1747647670159:,1747647683498
counter/7/0/0/0,27400:1747647672725:,1747647683498
counter/1/0/0/0,24443:1747647670814:,1747647683498
counter/9/0/0/0,31825:1747647674254:,1747647683498
counter/2/0/0/0,31769:1747647675356:,1747647683498
counter/4/0/0/0,23504:1747647670162:,1747647683498
counter/7/0/0/0,27401:1747647672725:,1747647683498
counter/1/0/0/0,24444:1747647670814:,1747647683498
counter/9/0/0/0,31826:1747647674254:,1747647683498
counter/2/0/0/0,31770:1747647675356:,1747647683498
counter/4/0/0/0,23505:1747647670162:,1747647683498
counter/1/0/0/0,24445:1747647670814:,1747647683498
counter/9/0/0/0,31827:1747647674256:,1747647683498
counter/2/0/0/0,31771:1747647675356:,1747647683498
counter/4/0/0/0,23506:1747647670162:,1747647683498
counter/1/0/0/0,24446:1747647670814:,1747647683499
counter/8/0/0/0,28193:1747647671810:,1747647683499
counter/9/0/0/0,31828:1747647674257:,1747647683499
counter/2/0/0/0,31772:1747647675356:,1747647683499
counter/4/0/0/0,23507:1747647670162:,1747647683499
counter/1/0/0/0,24447:1747647670814:,1747647683499
counter/8/0/0/0,28194:1747647671815:,1747647683499
counter/9/0/0/0,31829:1747647674257:,1747647683499
counter/2/0/0/0,31773:1747647675356:,1747647683499
counter/4/0/0/0,23508:1747647670162:,1747647683499
counter/1/0/0/0,24448:1747647670815:,1747647683499
counter/8/0/0/0,28195:1747647671815:,1747647683499
counter/9/0/0/0,31830:1747647674257:,1747647683499
counter/2/0/0/0,31774:1747647675356:,1747647683499
counter/4/0/0/0,23509:1747647670162:,1747647683499
counter/1/0/0/0,24449:1747647670815:,1747647683499
counter/8/0/0/0,28196:1747647671815:,1747647683499
counter/7/0/0/0,27402:1747647672725:,1747647683499
counter/9/0/0/0,31831:1747647674257:,1747647683499
counter/2/0/0/0,31775:1747647675356:,1747647683499
counter/4/0/0/0,23510:1747647670162:,1747647683499
counter/1/0/0/0,24450:1747647670815:,1747647683499
counter/8/0/0/0,28197:1747647671823:,1747647683499
counter/7/0/0/0,27403:1747647672725:,1747647683499
counter/9/0/0/0,31832:1747647674257:,1747647683499
counter/2/0/0/0,31776:1747647675389:,1747647683499
counter/4/0/0/0,23511:1747647670163:,1747647683499
counter/1/0/0/0,24451:1747647670815:,1747647683499
counter/8/0/0/0,28198:1747647671824:,1747647683499
counter/7/0/0/0,27404:1747647672725:,1747647683499
counter/9/0/0/0,31833:1747647674257:,1747647683499
counter/2/0/0/0,31777:1747647675389:,1747647683499
counter/4/0/0/0,23512:1747647670166:,1747647683499
counter/1/0/0/0,24452:1747647670815:,1747647683499
counter/8/0/0/0,28199:1747647671824:,1747647683499
counter/7/0/0/0,27405:1747647672725:,1747647683499
counter/9/0/0/0,31834:1747647674257:,1747647683499
counter/2/0/0/0,31778:1747647675389:,1747647683499
counter/4/0/0/0,23513:1747647670167:,1747647683499
counter/8/0/0/0,28200:1747647671824:,1747647683499
counter/7/0/0/0,27406:1747647672725:,1747647683499
counter/9/0/0/0,31835:1747647674257:,1747647683499
counter/2/0/0/0,31779:1747647675415:,1747647683499
counter/4/0/0/0,23514:1747647670167:,1747647683500
counter/8/0/0/0,28201:1747647671824:,1747647683500
counter/7/0/0/0,27407:1747647672725:,1747647683500
counter/9/0/0/0,31836:1747647674257:,1747647683500
counter/2/0/0/0,31780:1747647675415:,1747647683500
counter/4/0/0/0,23515:1747647670167:,1747647683500
counter/8/0/0/0,28202:1747647671824:,1747647683500
counter/7/0/0/0,27408:1747647672728:,1747647683500
counter/1/0/0/0,24453:1747647670815:,1747647683500
counter/9/0/0/0,31837:1747647674257:,1747647683500
counter/2/0/0/0,31781:1747647675415:,1747647683500
counter/4/0/0/0,23516:1747647670167:,1747647683500
counter/8/0/0/0,28203:1747647671824:,1747647683500
counter/7/0/0/0,27409:1747647672728:,1747647683500
counter/1/0/0/0,24454:1747647670815:,1747647683500
counter/5/0/0/0,27473:1747647671945:,1747647683500
counter/9/0/0/0,31838:1747647674257:,1747647683500
counter/2/0/0/0,31782:1747647675415:,1747647683500
counter/4/0/0/0,23517:1747647670167:,1747647683500
counter/7/0/0/0,27410:1747647672728:,1747647683500
counter/5/0/0/0,27474:1747647671945:,1747647683500
counter/10/0/0/0,24870:1747647668543:,1747647683500
counter/9/0/0/0,31839:1747647674257:,1747647683500
counter/2/0/0/0,31783:1747647675415:,1747647683500
counter/4/0/0/0,23518:1747647670167:,1747647683500
counter/7/0/0/0,27411:1747647672728:,1747647683500
counter/5/0/0/0,27475:1747647671945:,1747647683500
counter/9/0/0/0,31840:1747647674257:,1747647683500
counter/2/0/0/0,31784:1747647675415:,1747647683500
counter/4/0/0/0,23519:1747647670167:,1747647683500
counter/5/0/0/0,27476:1747647671945:,1747647683500
counter/1/0/0/0,24455:1747647670815:,1747647683500
counter/3/0/0/0,23865:1747647670031:,1747647683500
counter/9/0/0/0,31841:1747647674257:,1747647683500
counter/2/0/0/0,31785:1747647675415:,1747647683500
counter/4/0/0/0,23520:1747647670167:,1747647683500
counter/5/0/0/0,27477:1747647671945:,1747647683500
counter/3/0/0/0,23866:1747647670031:,1747647683500
counter/9/0/0/0,31842:1747647674257:,1747647683500
counter/2/0/0/0,31786:1747647675415:,1747647683500
counter/4/0/0/0,23521:1747647670167:,1747647683500
counter/5/0/0/0,27478:1747647671945:,1747647683501
counter/3/0/0/0,23867:1747647670031:,1747647683501
counter/9/0/0/0,31843:1747647674257:,1747647683501
counter/2/0/0/0,31787:1747647675415:,1747647683501
counter/4/0/0/0,23522:1747647670167:,1747647683501
counter/3/0/0/0,23868:1747647670034:,1747647683501
counter/9/0/0/0,31844:1747647674258:,1747647683501
counter/2/0/0/0,31788:1747647675415:,1747647683501
counter/3/0/0/0,23869:1747647670034:,1747647683501
counter/9/0/0/0,31845:1747647674266:,1747647683501
counter/2/0/0/0,31789:1747647675415:,1747647683501
counter/3/0/0/0,23870:1747647670034:,1747647683501
counter/9/0/0/0,31846:1747647674266:,1747647683501
counter/2/0/0/0,31790:1747647675422:,1747647683501
counter/3/0/0/0,23871:1747647670035:,1747647683501
counter/9/0/0/0,31847:1747647674266:,1747647683501
counter/2/0/0/0,31791:1747647675422:,1747647683501
counter/3/0/0/0,23872:1747647670035:,1747647683501
counter/9/0/0/0,31848:1747647674266:,1747647683501
counter/2/0/0/0,31792:1747647675422:,1747647683501
counter/3/0/0/0,23873:1747647670035:,1747647683501
counter/9/0/0/0,31849:1747647674266:,1747647683501
counter/2/0/0/0,31793:1747647675422:,1747647683501
counter/3/0/0/0,23874:1747647670035:,1747647683501
counter/6/0/0/0,27680:1747647673834:,1747647683501
counter/9/0/0/0,31850:1747647674266:,1747647683501
counter/2/0/0/0,31794:1747647675422:,1747647683501
counter/3/0/0/0,23875:1747647670036:,1747647683501
counter/9/0/0/0,31851:1747647674266:,1747647683501
counter/2/0/0/0,31795:1747647675422:,1747647683501
counter/3/0/0/0,23876:1747647670036:,1747647683501
counter/1/0/0/0,24456:1747647670816:,1747647683501
counter/9/0/0/0,31852:1747647674266:,1747647683501
counter/2/0/0/0,31796:1747647675422:,1747647683501
counter/3/0/0/0,23877:1747647670036:,1747647683501
counter/7/0/0/0,27412:1747647672728:,1747647683501
counter/8/0/0/0,28204:1747647671824:,1747647683501
counter/9/0/0/0,31853:1747647674266:,1747647683501
counter/2/0/0/0,31797:1747647675422:,1747647683501
counter/3/0/0/0,23878:1747647670036:,1747647683501
counter/7/0/0/0,27413:1747647672728:,1747647683502
counter/9/0/0/0,31854:1747647674266:,1747647683502
counter/2/0/0/0,31798:1747647675422:,1747647683502
counter/3/0/0/0,23879:1747647670036:,1747647683502
counter/7/0/0/0,27414:1747647672728:,1747647683502
counter/10/0/0/0,24871:1747647668550:,1747647683502
counter/9/0/0/0,31855:1747647674266:,1747647683502
counter/2/0/0/0,31799:1747647675422:,1747647683502
counter/3/0/0/0,23880:1747647670036:,1747647683502
counter/7/0/0/0,27415:1747647672728:,1747647683502
counter/10/0/0/0,24872:1747647668550:,1747647683502
counter/9/0/0/0,31856:1747647674266:,1747647683502
counter/2/0/0/0,31800:1747647675422:,1747647683502
counter/3/0/0/0,23881:1747647670036:,1747647683502
counter/7/0/0/0,27416:1747647672728:,1747647683502
counter/10/0/0/0,24873:1747647668550:,1747647683502
counter/9/0/0/0,31857:1747647674266:,1747647683502
counter/2/0/0/0,31801:1747647675422:,1747647683502
counter/3/0/0/0,23882:1747647670036:,1747647683502
counter/7/0/0/0,27417:1747647672728:,1747647683502
counter/10/0/0/0,24874:1747647668554:,1747647683502
counter/5/0/0/0,27479:1747647671945:,1747647683502
counter/9/0/0/0,31858:1747647674266:,1747647683502
counter/2/0/0/0,31802:1747647675422:,1747647683502
counter/3/0/0/0,23883:1747647670040:,1747647683502
counter/7/0/0/0,27418:1747647672728:,1747647683502
counter/10/0/0/0,24875:1747647668554:,1747647683502
counter/9/0/0/0,31859:1747647674266:,1747647683502
counter/2/0/0/0,31803:1747647675422:,1747647683502
counter/3/0/0/0,23884:1747647670054:,1747647683502
counter/7/0/0/0,27419:1747647672728:,1747647683502
counter/10/0/0/0,24876:1747647668554:,1747647683502
counter/1/0/0/0,24457:1747647670816:,1747647683502
counter/9/0/0/0,31860:1747647674266:,1747647683502
counter/2/0/0/0,31804:1747647675422:,1747647683502
counter/3/0/0/0,23885:1747647670054:,1747647683502
counter/7/0/0/0,27420:1747647672728:,1747647683502
counter/10/0/0/0,24877:1747647668554:,1747647683502
counter/9/0/0/0,31861:1747647674269:,1747647683502
counter/2/0/0/0,31805:1747647675422:,1747647683502
counter/3/0/0/0,23886:1747647670054:,1747647683503
counter/7/0/0/0,27421:1747647672728:,1747647683503
counter/10/0/0/0,24878:1747647668554:,1747647683503
counter/9/0/0/0,31862:1747647674274:,1747647683503
counter/2/0/0/0,31806:1747647675422:,1747647683503
counter/3/0/0/0,23887:1747647670054:,1747647683503
counter/7/0/0/0,27422:1747647672728:,1747647683503
counter/10/0/0/0,24879:1747647668554:,1747647683503
counter/9/0/0/0,31863:1747647674274:,1747647683503
counter/2/0/0/0,31807:1747647675429:,1747647683503
counter/3/0/0/0,23888:1747647670054:,1747647683503
counter/7/0/0/0,27423:1747647672730:,1747647683503
counter/10/0/0/0,24880:1747647668555:,1747647683503
counter/9/0/0/0,31864:1747647674275:,1747647683503
counter/2/0/0/0,31808:1747647676129:,1747647683503
counter/3/0/0/0,23889:1747647670054:,1747647683503
counter/7/0/0/0,27424:1747647672731:,1747647683503
counter/10/0/0/0,24881:1747647668555:,1747647683503
counter/1/0/0/0,24458:1747647670816:,1747647683503
counter/9/0/0/0,31865:1747647674275:,1747647683503
counter/2/0/0/0,31809:1747647676129:,1747647683503
counter/3/0/0/0,23890:1747647670054:,1747647683503
counter/7/0/0/0,27425:1747647672732:,1747647683503
counter/10/0/0/0,24882:1747647668555:,1747647683503
counter/9/0/0/0,31866:1747647674275:,1747647683503
counter/2/0/0/0,31810:1747647676129:,1747647683503
counter/3/0/0/0,23891:1747647670054:,1747647683503
counter/7/0/0/0,27426:1747647672732:,1747647683503
counter/10/0/0/0,24883:1747647668555:,1747647683503
counter/4/0/0/0,23523:1747647670167:,1747647683503
counter/8/0/0/0,28205:1747647671826:,1747647683503
counter/9/0/0/0,31867:1747647674275:,1747647683503
counter/2/0/0/0,31811:1747647676134:,1747647683503
counter/3/0/0/0,23892:1747647670054:,1747647683503
counter/7/0/0/0,27427:1747647672735:,1747647683503
counter/10/0/0/0,24884:1747647668555:,1747647683503
counter/9/0/0/0,31868:1747647674275:,1747647683504
counter/2/0/0/0,31812:1747647676134:,1747647683504
counter/3/0/0/0,23893:1747647670054:,1747647683504
counter/7/0/0/0,27428:1747647672754:,1747647683504
counter/10/0/0/0,24885:1747647668555:,1747647683504
counter/9/0/0/0,31869:1747647674275:,1747647683504
counter/2/0/0/0,31813:1747647676136:,1747647683504
counter/3/0/0/0,23894:1747647670055:,1747647683504
counter/7/0/0/0,27429:1747647672755:,1747647683504
counter/10/0/0/0,24886:1747647668555:,1747647683504
counter/9/0/0/0,31870:1747647674275:,1747647683504
counter/2/0/0/0,31814:1747647676137:,1747647683504
counter/3/0/0/0,23895:1747647670055:,1747647683504
counter/7/0/0/0,27430:1747647672755:,1747647683504
counter/10/0/0/0,24887:1747647668555:,1747647683504
counter/9/0/0/0,31871:1747647674275:,1747647683504
counter/2/0/0/0,31815:1747647676138:,1747647683504
counter/3/0/0/0,23896:1747647670055:,1747647683504
counter/7/0/0/0,27431:1747647672755:,1747647683504
counter/10/0/0/0,24888:1747647668555:,1747647683504
counter/4/0/0/0,23524:1747647670167:,1747647683504
counter/9/0/0/0,31872:1747647674275:,1747647683504
counter/2/0/0/0,31816:1747647676138:,1747647683504
counter/3/0/0/0,23897:1747647670055:,1747647683504
counter/7/0/0/0,27432:1747647672755:,1747647683504
counter/10/0/0/0,24889:1747647668555:,1747647683504
counter/4/0/0/0,23525:1747647670167:,1747647683504
counter/8/0/0/0,28206:1747647671826:,1747647683504
counter/9/0/0/0,31873:1747647674275:,1747647683504
counter/2/0/0/0,31817:1747647676139:,1747647683504
counter/3/0/0/0,23898:1747647670055:,1747647683504
counter/7/0/0/0,27433:1747647672755:,1747647683504
counter/10/0/0/0,24890:1747647668555:,1747647683504
counter/8/0/0/0,28207:1747647671826:,1747647683504
counter/9/0/0/0,31874:1747647674275:,1747647683504
counter/2/0/0/0,31818:1747647676139:,1747647683504
counter/3/0/0/0,23899:1747647670055:,1747647683504
counter/7/0/0/0,27434:1747647672755:,1747647683504
counter/10/0/0/0,24891:1747647668555:,1747647683504
counter/8/0/0/0,28208:1747647671826:,1747647683504
counter/6/0/0/0,27681:1747647673834:,1747647683504
counter/9/0/0/0,31875:1747647674275:,1747647683505
counter/2/0/0/0,31819:1747647676139:,1747647683505
counter/3/0/0/0,23900:1747647670055:,1747647683505
counter/7/0/0/0,27435:1747647672755:,1747647683505
counter/10/0/0/0,24892:1747647668555:,1747647683505
counter/8/0/0/0,28209:1747647671831:,1747647683505
counter/6/0/0/0,27682:1747647673834:,1747647683505
counter/4/0/0/0,23526:1747647670167:,1747647683505
counter/9/0/0/0,31876:1747647674275:,1747647683505
counter/2/0/0/0,31820:1747647676146:,1747647683505
counter/3/0/0/0,23901:1747647670055:,1747647683505
counter/7/0/0/0,27436:1747647672755:,1747647683505
counter/8/0/0/0,28210:1747647671831:,1747647683505
counter/6/0/0/0,27683:1747647673834:,1747647683505
counter/5/0/0/0,27480:1747647671945:,1747647683505
counter/9/0/0/0,31877:1747647674281:,1747647683505
counter/2/0/0/0,31821:1747647676148:,1747647683505
counter/3/0/0/0,23902:1747647670055:,1747647683505
counter/7/0/0/0,27437:1747647672755:,1747647683505
counter/8/0/0/0,28211:1747647671831:,1747647683505
counter/6/0/0/0,27684:1747647673834:,1747647683505
counter/9/0/0/0,31878:1747647674281:,1747647683505
counter/2/0/0/0,31822:1747647676155:,1747647683505
counter/3/0/0/0,23903:1747647670055:,1747647683505
counter/7/0/0/0,27438:1747647672755:,1747647683505
counter/8/0/0/0,28212:1747647671831:,1747647683505
counter/6/0/0/0,27685:1747647673834:,1747647683505
counter/4/0/0/0,23527:1747647670172:,1747647683505
counter/9/0/0/0,31879:1747647674281:,1747647683505
counter/2/0/0/0,31823:1747647676155:,1747647683505
counter/3/0/0/0,23904:1747647670055:,1747647683505
counter/7/0/0/0,27439:1747647672755:,1747647683505
counter/8/0/0/0,28213:1747647671831:,1747647683505
counter/6/0/0/0,27686:1747647673839:,1747647683505
counter/9/0/0/0,31880:1747647674281:,1747647683505
counter/2/0/0/0,31824:1747647676156:,1747647683505
counter/3/0/0/0,23905:1747647670055:,1747647683505
counter/7/0/0/0,27440:1747647672755:,1747647683506
counter/8/0/0/0,28214:1747647671831:,1747647683506
counter/6/0/0/0,27687:1747647673839:,1747647683506
counter/9/0/0/0,31881:1747647674281:,1747647683506
counter/2/0/0/0,31825:1747647676163:,1747647683506
counter/3/0/0/0,23906:1747647670055:,1747647683506
counter/7/0/0/0,27441:1747647672755:,1747647683506
counter/8/0/0/0,28215:1747647671831:,1747647683506
counter/6/0/0/0,27688:1747647673839:,1747647683506
counter/9/0/0/0,31882:1747647674281:,1747647683506
counter/2/0/0/0,31826:1747647676163:,1747647683506
counter/3/0/0/0,23907:1747647670055:,1747647683506
counter/7/0/0/0,27442:1747647672755:,1747647683506
counter/8/0/0/0,28216:1747647671831:,1747647683506
counter/6/0/0/0,27689:1747647673839:,1747647683506
counter/9/0/0/0,31883:1747647674281:,1747647683506
counter/2/0/0/0,31827:1747647676163:,1747647683506
counter/7/0/0/0,27443:1747647672755:,1747647683506
counter/8/0/0/0,28217:1747647671838:,1747647683506
counter/6/0/0/0,27690:1747647673839:,1747647683506
counter/1/0/0/0,24459:1747647670816:,1747647683506
counter/4/0/0/0,23528:1747647670172:,1747647683506
counter/9/0/0/0,31884:1747647674281:,1747647683506
counter/2/0/0/0,31828:1747647676163:,1747647683506
counter/7/0/0/0,27444:1747647672755:,1747647683506
counter/8/0/0/0,28218:1747647671838:,1747647683506
counter/6/0/0/0,27691:1747647673839:,1747647683506
counter/4/0/0/0,23529:1747647670172:,1747647683506
counter/10/0/0/0,24893:1747647668555:,1747647683506
counter/9/0/0/0,31885:1747647674281:,1747647683506
counter/2/0/0/0,31829:1747647676163:,1747647683506
counter/7/0/0/0,27445:1747647672755:,1747647683506
counter/8/0/0/0,28219:1747647671838:,1747647683506
counter/6/0/0/0,27692:1747647673839:,1747647683506
counter/4/0/0/0,23530:1747647670172:,1747647683506
counter/9/0/0/0,31886:1747647674281:,1747647683506
counter/2/0/0/0,31830:1747647676163:,1747647683506
counter/7/0/0/0,27446:1747647672755:,1747647683506
counter/8/0/0/0,28220:1747647671838:,1747647683507
counter/4/0/0/0,23531:1747647670172:,1747647683507
counter/3/0/0/0,23908:1747647670055:,1747647683507
counter/10/0/0/0,24894:1747647668555:,1747647683507
counter/9/0/0/0,31887:1747647674281:,1747647683507
counter/2/0/0/0,31831:1747647676163:,1747647683507
counter/7/0/0/0,27447:1747647672755:,1747647683507
counter/8/0/0/0,28221:1747647671838:,1747647683507
counter/9/0/0/0,31888:1747647674282:,1747647683507
counter/2/0/0/0,31832:1747647676163:,1747647683507
counter/7/0/0/0,27448:1747647672756:,1747647683507
counter/8/0/0/0,28222:1747647671839:,1747647683507
counter/9/0/0/0,31889:1747647674282:,1747647683507
counter/2/0/0/0,31833:1747647676163:,1747647683507
counter/7/0/0/0,27449:1747647672756:,1747647683507
counter/8/0/0/0,28223:1747647671839:,1747647683507
counter/9/0/0/0,31890:1747647674282:,1747647683507
counter/2/0/0/0,31834:1747647676163:,1747647683507
counter/7/0/0/0,27450:1747647672756:,1747647683507
counter/8/0/0/0,28224:1747647671839:,1747647683507
counter/4/0/0/0,23532:1747647670181:,1747647683507
counter/6/0/0/0,27693:1747647673839:,1747647683507
counter/9/0/0/0,31891:1747647674282:,1747647683507
counter/2/0/0/0,31835:1747647676163:,1747647683507
counter/7/0/0/0,27451:1747647672756:,1747647683507
counter/8/0/0/0,28225:1747647671839:,1747647683507
counter/4/0/0/0,23533:1747647670181:,1747647683507
counter/3/0/0/0,23909:1747647670055:,1747647683507
counter/9/0/0/0,31892:1747647674283:,1747647683507
counter/2/0/0/0,31836:1747647676171:,1747647683507
counter/7/0/0/0,27452:1747647672756:,1747647683507
counter/8/0/0/0,28226:1747647671839:,1747647683507
counter/3/0/0/0,23910:1747647670055:,1747647683507
counter/9/0/0/0,31893:1747647674284:,1747647683507
counter/2/0/0/0,31837:1747647676180:,1747647683507
counter/7/0/0/0,27453:1747647672759:,1747647683507
counter/8/0/0/0,28227:1747647671839:,1747647683507
counter/3/0/0/0,23911:1747647670055:,1747647683507
counter/1/0/0/0,24460:1747647670817:,1747647683507
counter/9/0/0/0,31894:1747647674284:,1747647683507
counter/2/0/0/0,31838:1747647676180:,1747647683508
counter/7/0/0/0,27454:1747647672759:,1747647683508
counter/8/0/0/0,28228:1747647671839:,1747647683508
counter/3/0/0/0,23912:1747647670055:,1747647683508
counter/9/0/0/0,31895:1747647674284:,1747647683508
counter/2/0/0/0,31839:1747647676180:,1747647683508
counter/7/0/0/0,27455:1747647672759:,1747647683508
counter/8/0/0/0,28229:1747647671839:,1747647683508
counter/3/0/0/0,23913:1747647670055:,1747647683508
counter/4/0/0/0,23534:1747647670181:,1747647683508
counter/9/0/0/0,31896:1747647674285:,1747647683508
counter/2/0/0/0,31840:1747647676180:,1747647683508
counter/7/0/0/0,27456:1747647672759:,1747647683508
counter/8/0/0/0,28230:1747647671839:,1747647683508
counter/3/0/0/0,23914:1747647670065:,1747647683508
counter/4/0/0/0,23535:1747647670195:,1747647683508
counter/9/0/0/0,31897:1747647674285:,1747647683508
counter/2/0/0/0,31841:1747647676180:,1747647683508
counter/7/0/0/0,27457:1747647672759:,1747647683508
counter/8/0/0/0,28231:1747647671839:,1747647683508
counter/3/0/0/0,23915:1747647670066:,1747647683508
counter/9/0/0/0,31898:1747647674285:,1747647683508
counter/2/0/0/0,31842:1747647676180:,1747647683508
counter/7/0/0/0,27458:1747647672760:,1747647683508
counter/8/0/0/0,28232:1747647671846:,1747647683508
counter/3/0/0/0,23916:1747647670066:,1747647683508
counter/9/0/0/0,31899:1747647674285:,1747647683508
counter/2/0/0/0,31843:1747647676180:,1747647683508
counter/7/0/0/0,27459:1747647672760:,1747647683508
counter/8/0/0/0,28233:1747647671846:,1747647683508
counter/3/0/0/0,23917:1747647670066:,1747647683508
counter/6/0/0/0,27694:1747647673839:,1747647683508
counter/9/0/0/0,31900:1747647674285:,1747647683508
counter/2/0/0/0,31844:1747647676180:,1747647683508
counter/7/0/0/0,27460:1747647672760:,1747647683508
counter/8/0/0/0,28234:1747647671846:,1747647683508
counter/3/0/0/0,23918:1747647670066:,1747647683508
counter/4/0/0/0,23536:1747647670195:,1747647683508
counter/9/0/0/0,31901:1747647674285:,1747647683508
counter/2/0/0/0,31845:1747647676180:,1747647683509
counter/7/0/0/0,27461:1747647672760:,1747647683509
counter/8/0/0/0,28235:1747647671846:,1747647683509
counter/3/0/0/0,23919:1747647670066:,1747647683509
counter/4/0/0/0,23537:1747647670195:,1747647683509
counter/9/0/0/0,31902:1747647674285:,1747647683509
counter/2/0/0/0,31846:1747647676180:,1747647683509
counter/7/0/0/0,27462:1747647672760:,1747647683509
counter/8/0/0/0,28236:1747647671847:,1747647683509
counter/3/0/0/0,23920:1747647670067:,1747647683509
counter/9/0/0/0,31903:1747647674285:,1747647683509
counter/2/0/0/0,31847:1747647676180:,1747647683509
counter/7/0/0/0,27463:1747647672761:,1747647683509
counter/8/0/0/0,28237:1747647671847:,1747647683509
counter/3/0/0/0,23921:1747647670067:,1747647683509
counter/1/0/0/0,24461:1747647670817:,1747647683509
counter/9/0/0/0,31904:1747647674285:,1747647683509
counter/2/0/0/0,31848:1747647676180:,1747647683509
counter/7/0/0/0,27464:1747647672761:,1747647683509
counter/8/0/0/0,28238:1747647671847:,1747647683509
counter/3/0/0/0,23922:1747647670067:,1747647683509
counter/1/0/0/0,24462:1747647670817:,1747647683509
counter/5/0/0/0,27481:1747647671945:,1747647683509
counter/9/0/0/0,31905:1747647674286:,1747647683509
counter/2/0/0/0,31849:1747647676180:,1747647683509
counter/7/0/0/0,27465:1747647672761:,1747647683509
counter/8/0/0/0,28239:1747647671847:,1747647683509
counter/3/0/0/0,23923:1747647670067:,1747647683509
counter/9/0/0/0,31906:1747647674286:,1747647683509
counter/2/0/0/0,31850:1747647676180:,1747647683509
counter/7/0/0/0,27466:1747647672761:,1747647683509
counter/8/0/0/0,28240:1747647671847:,1747647683509
counter/9/0/0/0,31907:1747647674286:,1747647683509
counter/2/0/0/0,31851:1747647676181:,1747647683509
counter/7/0/0/0,27467:1747647672761:,1747647683509
counter/8/0/0/0,28241:1747647671847:,1747647683509
counter/9/0/0/0,31908:1747647674286:,1747647683509
counter/2/0/0/0,31852:1747647676181:,1747647683509
counter/7/0/0/0,27468:1747647672761:,1747647683509
counter/8/0/0/0,28242:1747647671847:,1747647683509
counter/9/0/0/0,31909:1747647674286:,1747647683509
counter/2/0/0/0,31853:1747647676181:,1747647683509
counter/7/0/0/0,27469:1747647672765:,1747647683509
counter/8/0/0/0,28243:1747647671847:,1747647683509
counter/9/0/0/0,31910:1747647674286:,1747647683510
counter/2/0/0/0,31854:1747647676181:,1747647683510
counter/7/0/0/0,27470:1747647672765:,1747647683510
counter/8/0/0/0,28244:1747647671847:,1747647683510
counter/4/0/0/0,23538:1747647670195:,1747647683510
counter/6/0/0/0,27695:1747647673839:,1747647683510
counter/9/0/0/0,31911:1747647674286:,1747647683510
counter/2/0/0/0,31855:1747647676184:,1747647683510
counter/7/0/0/0,27471:1747647672765:,1747647683510
counter/8/0/0/0,28245:1747647671847:,1747647683510
counter/4/0/0/0,23539:1747647670195:,1747647683510
counter/9/0/0/0,31912:1747647674286:,1747647683510
counter/2/0/0/0,31856:1747647676184:,1747647683510
counter/7/0/0/0,27472:1747647672765:,1747647683510
counter/8/0/0/0,28246:1747647671847:,1747647683510
counter/9/0/0/0,31913:1747647674286:,1747647683510
counter/2/0/0/0,31857:1747647676184:,1747647683510
counter/7/0/0/0,27473:1747647672765:,1747647683510
counter/8/0/0/0,28247:1747647671847:,1747647683510
counter/9/0/0/0,31914:1747647674286:,1747647683510
counter/2/0/0/0,31858:1747647676184:,1747647683510
counter/7/0/0/0,27474:1747647672765:,1747647683510
counter/8/0/0/0,28248:1747647671848:,1747647683510
counter/9/0/0/0,31915:1747647674286:,1747647683510
counter/2/0/0/0,31859:1747647676191:,1747647683510
counter/7/0/0/0,27475:1747647672765:,1747647683510
counter/8/0/0/0,28249:1747647671848:,1747647683510
counter/9/0/0/0,31916:1747647674286:,1747647683510
counter/2/0/0/0,31860:1747647676191:,1747647683510
counter/7/0/0/0,27476:1747647672765:,1747647683510
counter/8/0/0/0,28250:1747647671848:,1747647683510
counter/4/0/0/0,23540:1747647670195:,1747647683510
counter/9/0/0/0,31917:1747647674286:,1747647683510
counter/2/0/0/0,31861:1747647676191:,1747647683510
counter/7/0/0/0,27477:1747647672765:,1747647683510
counter/8/0/0/0,28251:1747647671849:,1747647683510
counter/10/0/0/0,24895:1747647668555:,1747647683510
counter/9/0/0/0,31918:1747647674286:,1747647683510
counter/2/0/0/0,31862:1747647676191:,1747647683510
counter/7/0/0/0,27478:1747647672765:,1747647683510
counter/8/0/0/0,28252:1747647671850:,1747647683510
counter/3/0/0/0,23924:1747647670067:,1747647683510
counter/9/0/0/0,31919:1747647674287:,1747647683511
counter/2/0/0/0,31863:1747647676191:,1747647683511
counter/7/0/0/0,27479:1747647672765:,1747647683511
counter/8/0/0/0,28253:1747647671850:,1747647683511
counter/9/0/0/0,31920:1747647674287:,1747647683511
counter/2/0/0/0,31864:1747647676191:,1747647683511
counter/7/0/0/0,27480:1747647672765:,1747647683511
counter/8/0/0/0,28254:1747647671850:,1747647683511
counter/9/0/0/0,31921:1747647674287:,1747647683511
counter/2/0/0/0,31865:1747647676191:,1747647683511
counter/7/0/0/0,27481:1747647672765:,1747647683511
counter/8/0/0/0,28255:1747647671850:,1747647683511
counter/9/0/0/0,31922:1747647674287:,1747647683511
counter/2/0/0/0,31866:1747647676191:,1747647683511
counter/7/0/0/0,27482:1747647672765:,1747647683511
counter/8/0/0/0,28256:1747647671850:,1747647683511
counter/4/0/0/0,23541:1747647670195:,1747647683511
counter/9/0/0/0,31923:1747647674296:,1747647683511
counter/2/0/0/0,31867:1747647676191:,1747647683511
counter/7/0/0/0,27483:1747647672777:,1747647683511
counter/8/0/0/0,28257:1747647671850:,1747647683511
counter/4/0/0/0,23542:1747647670195:,1747647683511
counter/9/0/0/0,31924:1747647674297:,1747647683511
counter/2/0/0/0,31868:1747647676191:,1747647683511
counter/7/0/0/0,27484:1747647672779:,1747647683511
counter/8/0/0/0,28258:1747647671851:,1747647683511
counter/4/0/0/0,23543:1747647670195:,1747647683511
counter/6/0/0/0,27696:1747647673839:,1747647683511
counter/9/0/0/0,31925:1747647674297:,1747647683511
counter/2/0/0/0,31869:1747647676191:,1747647683511
counter/7/0/0/0,27485:1747647672780:,1747647683511
counter/8/0/0/0,28259:1747647671851:,1747647683511
counter/4/0/0/0,23544:1747647670195:,1747647683511
counter/9/0/0/0,31926:1747647674297:,1747647683511
counter/2/0/0/0,31870:1747647676191:,1747647683511
counter/7/0/0/0,27486:1747647672780:,1747647683511
counter/8/0/0/0,28260:1747647671851:,1747647683511
counter/4/0/0/0,23545:1747647670196:,1747647683511
counter/9/0/0/0,31927:1747647674299:,1747647683512
counter/2/0/0/0,31871:1747647676191:,1747647683512
counter/7/0/0/0,27487:1747647672780:,1747647683512
counter/8/0/0/0,28261:1747647671851:,1747647683512
counter/1/0/0/0,24463:1747647670817:,1747647683512
counter/9/0/0/0,31928:1747647674299:,1747647683512
counter/2/0/0/0,31872:1747647676193:,1747647683512
counter/7/0/0/0,27488:1747647672780:,1747647683512
counter/8/0/0/0,28262:1747647671851:,1747647683512
counter/3/0/0/0,23925:1747647670067:,1747647683512
counter/9/0/0/0,31929:1747647674299:,1747647683512
counter/2/0/0/0,31873:1747647676193:,1747647683512
counter/7/0/0/0,27489:1747647672780:,1747647683512
counter/8/0/0/0,28263:1747647671851:,1747647683512
counter/9/0/0/0,31930:1747647674299:,1747647683512
counter/2/0/0/0,31874:1747647676193:,1747647683512
counter/7/0/0/0,27490:1747647672780:,1747647683512
counter/8/0/0/0,28264:1747647671851:,1747647683512
counter/6/0/0/0,27697:1747647673839:,1747647683512
counter/9/0/0/0,31931:1747647674299:,1747647683512
counter/2/0/0/0,31875:1747647676193:,1747647683512
counter/7/0/0/0,27491:1747647672780:,1747647683512
counter/8/0/0/0,28265:1747647671851:,1747647683512
counter/4/0/0/0,23546:1747647670196:,1747647683512
counter/9/0/0/0,31932:1747647674300:,1747647683512
counter/2/0/0/0,31876:1747647676193:,1747647683512
counter/7/0/0/0,27492:1747647672780:,1747647683512
counter/8/0/0/0,28266:1747647671855:,1747647683512
counter/9/0/0/0,31933:1747647674319:,1747647683512
counter/2/0/0/0,31877:1747647676193:,1747647683512
counter/7/0/0/0,27493:1747647672788:,1747647683512
counter/8/0/0/0,28267:1747647671855:,1747647683512
counter/9/0/0/0,31934:1747647674319:,1747647683512
counter/2/0/0/0,31878:1747647676193:,1747647683512
counter/7/0/0/0,27494:1747647672789:,1747647683512
counter/8/0/0/0,28268:1747647671855:,1747647683512
counter/9/0/0/0,31935:1747647674319:,1747647683512
counter/2/0/0/0,31879:1747647676193:,1747647683512
counter/7/0/0/0,27495:1747647672789:,1747647683512
counter/8/0/0/0,28269:1747647671855:,1747647683512
counter/6/0/0/0,27698:1747647673839:,1747647683512
counter/1/0/0/0,24464:1747647670826:,1747647683512
counter/9/0/0/0,31936:1747647674319:,1747647683512
counter/2/0/0/0,31880:1747647676204:,1747647683512
counter/7/0/0/0,27496:1747647672789:,1747647683512
counter/8/0/0/0,28270:1747647671855:,1747647683513
counter/9/0/0/0,31937:1747647674319:,1747647683513
counter/2/0/0/0,31881:1747647676204:,1747647683513
counter/7/0/0/0,27497:1747647672789:,1747647683513
counter/8/0/0/0,28271:1747647671855:,1747647683513
counter/9/0/0/0,31938:1747647674319:,1747647683513
counter/2/0/0/0,31882:1747647676204:,1747647683513
counter/7/0/0/0,27498:1747647672789:,1747647683513
counter/8/0/0/0,28272:1747647671855:,1747647683513
counter/9/0/0/0,31939:1747647674319:,1747647683513
counter/2/0/0/0,31883:1747647676204:,1747647683513
counter/7/0/0/0,27499:1747647672789:,1747647683513
counter/8/0/0/0,28273:1747647671855:,1747647683513
counter/9/0/0/0,31940:1747647674319:,1747647683513
counter/2/0/0/0,31884:1747647676204:,1747647683513
counter/7/0/0/0,27500:1747647672789:,1747647683513
counter/8/0/0/0,28274:1747647671855:,1747647683513
counter/9/0/0/0,31941:1747647674320:,1747647683513
counter/2/0/0/0,31885:1747647676205:,1747647683513
counter/7/0/0/0,27501:1747647672789:,1747647683513
counter/8/0/0/0,28275:1747647671855:,1747647683513
counter/9/0/0/0,31942:1747647674320:,1747647683513
counter/2/0/0/0,31886:1747647676205:,1747647683513
counter/7/0/0/0,27502:1747647672789:,1747647683513
counter/8/0/0/0,28276:1747647671856:,1747647683513
counter/9/0/0/0,31943:1747647674320:,1747647683513
counter/2/0/0/0,31887:1747647676205:,1747647683513
counter/7/0/0/0,27503:1747647672789:,1747647683513
counter/8/0/0/0,28277:1747647671856:,1747647683513
counter/9/0/0/0,31944:1747647674320:,1747647683513
counter/2/0/0/0,31888:1747647676205:,1747647683513
counter/7/0/0/0,27504:1747647672789:,1747647683513
counter/8/0/0/0,28278:1747647671856:,1747647683513
counter/9/0/0/0,31945:1747647674320:,1747647683513
counter/2/0/0/0,31889:1747647676206:,1747647683513
counter/7/0/0/0,27505:1747647672789:,1747647683513
counter/8/0/0/0,28279:1747647671856:,1747647683513
counter/1/0/0/0,24465:1747647670826:,1747647683513
counter/9/0/0/0,31946:1747647674320:,1747647683514
counter/2/0/0/0,31890:1747647676206:,1747647683514
counter/7/0/0/0,27506:1747647672789:,1747647683514
counter/8/0/0/0,28280:1747647671856:,1747647683514
counter/10/0/0/0,24896:1747647668555:,1747647683514
counter/9/0/0/0,31947:1747647674320:,1747647683514
counter/2/0/0/0,31891:1747647676206:,1747647683514
counter/7/0/0/0,27507:1747647672791:,1747647683514
counter/8/0/0/0,28281:1747647671856:,1747647683514
counter/9/0/0/0,31948:1747647674320:,1747647683514
counter/2/0/0/0,31892:1747647676206:,1747647683514
counter/7/0/0/0,27508:1747647672791:,1747647683514
counter/8/0/0/0,28282:1747647671863:,1747647683514
counter/9/0/0/0,31949:1747647674320:,1747647683514
counter/2/0/0/0,31893:1747647676206:,1747647683514
counter/7/0/0/0,27509:1747647672791:,1747647683514
counter/8/0/0/0,28283:1747647671863:,1747647683514
counter/9/0/0/0,31950:1747647674320:,1747647683514
counter/2/0/0/0,31894:1747647676208:,1747647683514
counter/7/0/0/0,27510:1747647672791:,1747647683514
counter/8/0/0/0,28284:1747647671863:,1747647683514
counter/1/0/0/0,24466:1747647670826:,1747647683514
counter/9/0/0/0,31951:1747647674320:,1747647683514
counter/2/0/0/0,31895:1747647676208:,1747647683514
counter/7/0/0/0,27511:1747647672791:,1747647683514
counter/8/0/0/0,28285:1747647671863:,1747647683514
counter/1/0/0/0,24467:1747647670826:,1747647683514
counter/9/0/0/0,31952:1747647674327:,1747647683514
counter/2/0/0/0,31896:1747647676208:,1747647683514
counter/7/0/0/0,27512:1747647672791:,1747647683514
counter/8/0/0/0,28286:1747647671863:,1747647683514
counter/1/0/0/0,24468:1747647670827:,1747647683514
counter/9/0/0/0,31953:1747647674327:,1747647683514
counter/2/0/0/0,31897:1747647676208:,1747647683514
counter/7/0/0/0,27513:1747647672791:,1747647683514
counter/8/0/0/0,28287:1747647671863:,1747647683514
counter/1/0/0/0,24469:1747647670827:,1747647683514
counter/9/0/0/0,31954:1747647674327:,1747647683514
counter/2/0/0/0,31898:1747647676208:,1747647683514
counter/7/0/0/0,27514:1747647672791:,1747647683514
counter/8/0/0/0,28288:1747647671863:,1747647683515
counter/1/0/0/0,24470:1747647670827:,1747647683515
counter/9/0/0/0,31955:1747647674327:,1747647683515
counter/2/0/0/0,31899:1747647676208:,1747647683515
counter/7/0/0/0,27515:1747647672793:,1747647683515
counter/8/0/0/0,28289:1747647671863:,1747647683515
counter/1/0/0/0,24471:1747647670827:,1747647683515
counter/9/0/0/0,31956:1747647674327:,1747647683515
counter/2/0/0/0,31900:1747647676210:,1747647683515
counter/7/0/0/0,27516:1747647672808:,1747647683515
counter/8/0/0/0,28290:1747647671863:,1747647683515
counter/1/0/0/0,24472:1747647670827:,1747647683515
counter/9/0/0/0,31957:1747647674327:,1747647683515
counter/2/0/0/0,31901:1747647676210:,1747647683515
counter/7/0/0/0,27517:1747647672808:,1747647683515
counter/8/0/0/0,28291:1747647671882:,1747647683515
counter/1/0/0/0,24473:1747647670846:,1747647683515
counter/9/0/0/0,31958:1747647674327:,1747647683515
counter/2/0/0/0,31902:1747647676210:,1747647683515
counter/7/0/0/0,27518:1747647672809:,1747647683515
counter/8/0/0/0,28292:1747647671882:,1747647683515
counter/1/0/0/0,24474:1747647670849:,1747647683515
counter/9/0/0/0,31959:1747647674327:,1747647683515
counter/2/0/0/0,31903:1747647676210:,1747647683515
counter/7/0/0/0,27519:1747647672809:,1747647683515
counter/8/0/0/0,28293:1747647671882:,1747647683515
counter/1/0/0/0,24475:1747647670849:,1747647683515
counter/9/0/0/0,31960:1747647674327:,1747647683515
counter/2/0/0/0,31904:1747647676216:,1747647683515
counter/7/0/0/0,27520:1747647672812:,1747647683515
counter/8/0/0/0,28294:1747647671882:,1747647683515
counter/1/0/0/0,24476:1747647670849:,1747647683515
counter/9/0/0/0,31961:1747647674327:,1747647683515
counter/2/0/0/0,31905:1747647676216:,1747647683515
counter/7/0/0/0,27521:1747647672812:,1747647683515
counter/8/0/0/0,28295:1747647671882:,1747647683515
counter/1/0/0/0,24477:1747647670849:,1747647683515
counter/9/0/0/0,31962:1747647674340:,1747647683515
counter/2/0/0/0,31906:1747647676216:,1747647683516
counter/7/0/0/0,27522:1747647672812:,1747647683516
counter/8/0/0/0,28296:1747647671882:,1747647683516
counter/1/0/0/0,24478:1747647670857:,1747647683516
counter/9/0/0/0,31963:1747647674340:,1747647683516
counter/2/0/0/0,31907:1747647676216:,1747647683516
counter/7/0/0/0,27523:1747647672813:,1747647683516
counter/8/0/0/0,28297:1747647671882:,1747647683516
counter/1/0/0/0,24479:1747647670857:,1747647683516
counter/9/0/0/0,31964:1747647674340:,1747647683516
counter/2/0/0/0,31908:1747647676216:,1747647683516
counter/7/0/0/0,27524:1747647672813:,1747647683516
counter/8/0/0/0,28298:1747647671882:,1747647683516
counter/1/0/0/0,24480:1747647670857:,1747647683516
counter/5/0/0/0,27482:1747647671945:,1747647683516
counter/9/0/0/0,31965:1747647674340:,1747647683516
counter/2/0/0/0,31909:1747647676216:,1747647683516
counter/7/0/0/0,27525:1747647672814:,1747647683516
counter/8/0/0/0,28299:1747647671882:,1747647683516
counter/1/0/0/0,24481:1747647670857:,1747647683516
counter/10/0/0/0,24897:1747647668555:,1747647683516
counter/9/0/0/0,31966:1747647674340:,1747647683516
counter/2/0/0/0,31910:1747647676216:,1747647683516
counter/7/0/0/0,27526:1747647672814:,1747647683516
counter/8/0/0/0,28300:1747647671882:,1747647683516
counter/1/0/0/0,24482:1747647670857:,1747647683516
counter/3/0/0/0,23926:1747647670073:,1747647683516
counter/4/0/0/0,23547:1747647670196:,1747647683516
counter/5/0/0/0,27483:1747647671945:,1747647683516
counter/9/0/0/0,31967:1747647674340:,1747647683516
counter/2/0/0/0,31911:1747647676216:,1747647683516
counter/7/0/0/0,27527:1747647672814:,1747647683516
counter/8/0/0/0,28301:1747647671882:,1747647683516
counter/1/0/0/0,24483:1747647670857:,1747647683516
counter/10/0/0/0,24898:1747647668555:,1747647683516
counter/9/0/0/0,31968:1747647674340:,1747647683516
counter/2/0/0/0,31912:1747647676217:,1747647683516
counter/7/0/0/0,27528:1747647672814:,1747647683516
counter/8/0/0/0,28302:1747647671882:,1747647683516
counter/1/0/0/0,24484:1747647670858:,1747647683516
counter/9/0/0/0,31969:1747647674341:,1747647683516
counter/2/0/0/0,31913:1747647676217:,1747647683516
counter/7/0/0/0,27529:1747647672814:,1747647683516
counter/8/0/0/0,28303:1747647671883:,1747647683517
counter/1/0/0/0,24485:1747647670858:,1747647683517
counter/9/0/0/0,31970:1747647674341:,1747647683517
counter/2/0/0/0,31914:1747647676217:,1747647683517
counter/7/0/0/0,27530:1747647672822:,1747647683517
counter/8/0/0/0,28304:1747647671883:,1747647683517
counter/1/0/0/0,24486:1747647670858:,1747647683517
counter/9/0/0/0,31971:1747647674341:,1747647683517
counter/2/0/0/0,31915:1747647676226:,1747647683517
counter/7/0/0/0,27531:1747647672830:,1747647683517
counter/8/0/0/0,28305:1747647671883:,1747647683517
counter/1/0/0/0,24487:1747647670858:,1747647683517
counter/9/0/0/0,31972:1747647674341:,1747647683517
counter/2/0/0/0,31916:1747647676226:,1747647683517
counter/7/0/0/0,27532:1747647672831:,1747647683517
counter/1/0/0/0,24488:1747647670865:,1747647683517
counter/10/0/0/0,24899:1747647668555:,1747647683517
counter/9/0/0/0,31973:1747647674341:,1747647683517
counter/2/0/0/0,31917:1747647676226:,1747647683517
counter/7/0/0/0,27533:1747647672831:,1747647683517
counter/1/0/0/0,24489:1747647670870:,1747647683517
counter/9/0/0/0,31974:1747647674341:,1747647683517
counter/2/0/0/0,31918:1747647676236:,1747647683517
counter/7/0/0/0,27534:1747647672831:,1747647683517
counter/1/0/0/0,24490:1747647670870:,1747647683517
counter/3/0/0/0,23927:1747647670073:,1747647683517
counter/5/0/0/0,27484:1747647671945:,1747647683517
counter/9/0/0/0,31975:1747647674341:,1747647683517
counter/2/0/0/0,31919:1747647676236:,1747647683517
counter/7/0/0/0,27535:1747647672831:,1747647683517
counter/1/0/0/0,24491:1747647670870:,1747647683517
counter/5/0/0/0,27485:1747647671945:,1747647683517
counter/9/0/0/0,31976:1747647674341:,1747647683517
counter/2/0/0/0,31920:1747647676236:,1747647683517
counter/7/0/0/0,27536:1747647672842:,1747647683517
counter/1/0/0/0,24492:1747647670870:,1747647683517
counter/5/0/0/0,27486:1747647671945:,1747647683517
counter/9/0/0/0,31977:1747647674341:,1747647683517
counter/2/0/0/0,31921:1747647676236:,1747647683517
counter/7/0/0/0,27537:1747647672842:,1747647683517
counter/1/0/0/0,24493:1747647670870:,1747647683518
counter/5/0/0/0,27487:1747647671945:,1747647683518
counter/9/0/0/0,31978:1747647674341:,1747647683518
counter/2/0/0/0,31922:1747647676237:,1747647683518
counter/7/0/0/0,27538:1747647672842:,1747647683518
counter/1/0/0/0,24494:1747647670870:,1747647683518
counter/5/0/0/0,27488:1747647671945:,1747647683518
counter/10/0/0/0,24900:1747647668567:,1747647683518
counter/8/0/0/0,28306:1747647671883:,1747647683518
counter/9/0/0/0,31979:1747647674341:,1747647683518
counter/2/0/0/0,31923:1747647676237:,1747647683518
counter/7/0/0/0,27539:1747647672842:,1747647683518
counter/1/0/0/0,24495:1747647670870:,1747647683518
counter/9/0/0/0,31980:1747647674341:,1747647683518
counter/2/0/0/0,31924:1747647676237:,1747647683518
counter/7/0/0/0,27540:1747647672853:,1747647683518
counter/1/0/0/0,24496:1747647670870:,1747647683518
counter/3/0/0/0,23928:1747647670073:,1747647683518
counter/8/0/0/0,28307:1747647671883:,1747647683518
counter/9/0/0/0,31981:1747647674341:,1747647683518
counter/2/0/0/0,31925:1747647676237:,1747647683518
counter/7/0/0/0,27541:1747647672853:,1747647683518
counter/1/0/0/0,24497:1747647670870:,1747647683518
counter/8/0/0/0,28308:1747647671903:,1747647683518
counter/9/0/0/0,31982:1747647674341:,1747647683518
counter/2/0/0/0,31926:1747647676237:,1747647683518
counter/7/0/0/0,27542:1747647672854:,1747647683518
counter/1/0/0/0,24498:1747647670877:,1747647683518
counter/8/0/0/0,28309:1747647671906:,1747647683518
counter/9/0/0/0,31983:1747647674341:,1747647683519
counter/2/0/0/0,31927:1747647676237:,1747647683519
counter/7/0/0/0,27543:1747647672858:,1747647683519
counter/1/0/0/0,24499:1747647670877:,1747647683519
counter/8/0/0/0,28310:1747647671906:,1747647683519
counter/9/0/0/0,31984:1747647674341:,1747647683519
counter/2/0/0/0,31928:1747647676237:,1747647683519
counter/7/0/0/0,27544:1747647672864:,1747647683519
counter/1/0/0/0,24500:1747647670877:,1747647683519
counter/8/0/0/0,28311:1747647671906:,1747647683519
counter/9/0/0/0,31985:1747647674341:,1747647683519
counter/2/0/0/0,31929:1747647676237:,1747647683519
counter/7/0/0/0,27545:1747647672864:,1747647683519
counter/1/0/0/0,24501:1747647670877:,1747647683519
counter/8/0/0/0,28312:1747647671906:,1747647683519
counter/9/0/0/0,31986:1747647674341:,1747647683519
counter/2/0/0/0,31930:1747647676237:,1747647683519
counter/7/0/0/0,27546:1747647672864:,1747647683519
counter/1/0/0/0,24502:1747647670877:,1747647683519
counter/8/0/0/0,28313:1747647671906:,1747647683519
counter/9/0/0/0,31987:1747647674341:,1747647683519
counter/2/0/0/0,31931:1747647676237:,1747647683519
counter/7/0/0/0,27547:1747647672864:,1747647683519
counter/1/0/0/0,24503:1747647670877:,1747647683519
counter/8/0/0/0,28314:1747647671913:,1747647683519
counter/9/0/0/0,31988:1747647674341:,1747647683519
counter/2/0/0/0,31932:1747647676240:,1747647683519
counter/7/0/0/0,27548:1747647672864:,1747647683519
counter/1/0/0/0,24504:1747647670877:,1747647683519
counter/8/0/0/0,28315:1747647671913:,1747647683519
counter/9/0/0/0,31989:1747647674341:,1747647683519
counter/2/0/0/0,31933:1747647676240:,1747647683519
counter/7/0/0/0,27549:1747647672864:,1747647683519
counter/1/0/0/0,24505:1747647670877:,1747647683519
counter/8/0/0/0,28316:1747647671913:,1747647683519
counter/9/0/0/0,31990:1747647674341:,1747647683519
counter/2/0/0/0,31934:1747647676240:,1747647683519
counter/7/0/0/0,27550:1747647672864:,1747647683519
counter/1/0/0/0,24506:1747647670877:,1747647683519
counter/8/0/0/0,28317:1747647671918:,1747647683519
counter/9/0/0/0,31991:1747647674345:,1747647683519
counter/2/0/0/0,31935:1747647676240:,1747647683519
counter/7/0/0/0,27551:1747647672864:,1747647683519
counter/1/0/0/0,24507:1747647670877:,1747647683520
counter/8/0/0/0,28318:1747647671918:,1747647683520
counter/9/0/0/0,31992:1747647674346:,1747647683520
counter/2/0/0/0,31936:1747647676240:,1747647683520
counter/7/0/0/0,27552:1747647672864:,1747647683520
counter/1/0/0/0,24508:1747647670877:,1747647683520
counter/8/0/0/0,28319:1747647671918:,1747647683520
counter/9/0/0/0,31993:1747647674346:,1747647683520
counter/2/0/0/0,31937:1747647676240:,1747647683520
counter/7/0/0/0,27553:1747647672864:,1747647683520
counter/1/0/0/0,24509:1747647670883:,1747647683520
counter/8/0/0/0,28320:1747647671918:,1747647683520
counter/9/0/0/0,31994:1747647674346:,1747647683520
counter/2/0/0/0,31938:1747647676240:,1747647683520
counter/7/0/0/0,27554:1747647672864:,1747647683520
counter/1/0/0/0,24510:1747647670886:,1747647683520
counter/8/0/0/0,28321:1747647671918:,1747647683520
counter/9/0/0/0,31995:1747647674346:,1747647683520
counter/2/0/0/0,31939:1747647676240:,1747647683520
counter/7/0/0/0,27555:1747647672870:,1747647683520
counter/1/0/0/0,24511:1747647670886:,1747647683520
counter/8/0/0/0,28322:1747647671918:,1747647683520
counter/9/0/0/0,31996:1747647674346:,1747647683520
counter/2/0/0/0,31940:1747647676240:,1747647683520
counter/7/0/0/0,27556:1747647672870:,1747647683520
counter/1/0/0/0,24512:1747647670886:,1747647683520
counter/8/0/0/0,28323:1747647671918:,1747647683520
counter/9/0/0/0,31997:1747647674346:,1747647683520
counter/2/0/0/0,31941:1747647676240:,1747647683520
counter/7/0/0/0,27557:1747647672870:,1747647683520
counter/1/0/0/0,24513:1747647670886:,1747647683520
counter/8/0/0/0,28324:1747647671918:,1747647683520
counter/5/0/0/0,27489:1747647671962:,1747647683520
counter/10/0/0/0,24901:1747647668582:,1747647683520
counter/9/0/0/0,31998:1747647674346:,1747647683520
counter/2/0/0/0,31942:1747647676240:,1747647683520
counter/7/0/0/0,27558:1747647672870:,1747647683520
counter/1/0/0/0,24514:1747647670886:,1747647683520
counter/8/0/0/0,28325:1747647671918:,1747647683520
counter/9/0/0/0,31999:1747647674346:,1747647683520
counter/2/0/0/0,31943:1747647676240:,1747647683520
counter/7/0/0/0,27559:1747647672870:,1747647683520
counter/1/0/0/0,24515:1747647670887:,1747647683520
counter/8/0/0/0,28326:1747647671918:,1747647683521
counter/9/0/0/0,32000:1747647674346:,1747647683521
counter/2/0/0/0,31944:1747647676240:,1747647683521
counter/7/0/0/0,27560:1747647672870:,1747647683521
counter/1/0/0/0,24516:1747647670887:,1747647683521
counter/8/0/0/0,28327:1747647671918:,1747647683521
counter/9/0/0/0,32001:1747647674346:,1747647683521
counter/2/0/0/0,31945:1747647676240:,1747647683521
counter/7/0/0/0,27561:1747647672870:,1747647683521
counter/1/0/0/0,24517:1747647670887:,1747647683521
counter/8/0/0/0,28328:1747647671918:,1747647683521
counter/9/0/0/0,32002:1747647674346:,1747647683521
counter/2/0/0/0,31946:1747647676240:,1747647683521
counter/7/0/0/0,27562:1747647672870:,1747647683521
counter/1/0/0/0,24518:1747647670890:,1747647683521
counter/8/0/0/0,28329:1747647671918:,1747647683521
counter/9/0/0/0,32003:1747647674361:,1747647683521
counter/2/0/0/0,31947:1747647676240:,1747647683521
counter/7/0/0/0,27563:1747647672870:,1747647683521
counter/1/0/0/0,24519:1747647670890:,1747647683521
counter/8/0/0/0,28330:1747647671918:,1747647683521
counter/9/0/0/0,32004:1747647674362:,1747647683521
counter/2/0/0/0,31948:1747647676240:,1747647683521
counter/7/0/0/0,27564:1747647672870:,1747647683521
counter/1/0/0/0,24520:1747647670890:,1747647683521
counter/8/0/0/0,28331:1747647671919:,1747647683521
counter/9/0/0/0,32005:1747647674362:,1747647683521
counter/2/0/0/0,31949:1747647676240:,1747647683521
counter/7/0/0/0,27565:1747647672870:,1747647683521
counter/1/0/0/0,24521:1747647670890:,1747647683521
counter/8/0/0/0,28332:1747647671919:,1747647683521
counter/9/0/0/0,32006:1747647674362:,1747647683521
counter/2/0/0/0,31950:1747647676242:,1747647683521
counter/7/0/0/0,27566:1747647672885:,1747647683521
counter/1/0/0/0,24522:1747647670890:,1747647683521
counter/8/0/0/0,28333:1747647671922:,1747647683521
counter/9/0/0/0,32007:1747647674362:,1747647683521
counter/2/0/0/0,31951:1747647676247:,1747647683521
counter/7/0/0/0,27567:1747647672888:,1747647683521
counter/1/0/0/0,24523:1747647670891:,1747647683521
counter/8/0/0/0,28334:1747647671925:,1747647683521
counter/9/0/0/0,32008:1747647674362:,1747647683522
counter/2/0/0/0,31952:1747647676247:,1747647683522
counter/7/0/0/0,27568:1747647672888:,1747647683522
counter/1/0/0/0,24524:1747647670891:,1747647683522
counter/8/0/0/0,28335:1747647671925:,1747647683522
counter/9/0/0/0,32009:1747647674362:,1747647683522
counter/2/0/0/0,31953:1747647676247:,1747647683522
counter/7/0/0/0,27569:1747647672888:,1747647683522
counter/1/0/0/0,24525:1747647670891:,1747647683522
counter/8/0/0/0,28336:1747647671925:,1747647683522
counter/9/0/0/0,32010:1747647674362:,1747647683522
counter/2/0/0/0,31954:1747647676247:,1747647683522
counter/7/0/0/0,27570:1747647672888:,1747647683522
counter/1/0/0/0,24526:1747647670891:,1747647683522
counter/8/0/0/0,28337:1747647671925:,1747647683522
counter/9/0/0/0,32011:1747647674362:,1747647683522
counter/2/0/0/0,31955:1747647676247:,1747647683522
counter/7/0/0/0,27571:1747647672888:,1747647683522
counter/1/0/0/0,24527:1747647670891:,1747647683522
counter/8/0/0/0,28338:1747647671925:,1747647683522
counter/9/0/0/0,32012:1747647674362:,1747647683522
counter/2/0/0/0,31956:1747647676247:,1747647683522
counter/7/0/0/0,27572:1747647672888:,1747647683522
counter/1/0/0/0,24528:1747647670891:,1747647683522
counter/8/0/0/0,28339:1747647671925:,1747647683522
counter/9/0/0/0,32013:1747647674362:,1747647683522
counter/2/0/0/0,31957:1747647676247:,1747647683522
counter/7/0/0/0,27573:1747647672888:,1747647683522
counter/1/0/0/0,24529:1747647670892:,1747647683522
counter/8/0/0/0,28340:1747647671925:,1747647683522
counter/9/0/0/0,32014:1747647674362:,1747647683522
counter/2/0/0/0,31958:1747647676247:,1747647683522
counter/7/0/0/0,27574:1747647672888:,1747647683522
counter/1/0/0/0,24530:1747647670894:,1747647683522
counter/8/0/0/0,28341:1747647671925:,1747647683522
counter/9/0/0/0,32015:1747647674362:,1747647683522
counter/2/0/0/0,31959:1747647676247:,1747647683522
counter/7/0/0/0,27575:1747647672888:,1747647683522
counter/1/0/0/0,24531:1747647670895:,1747647683522
counter/8/0/0/0,28342:1747647671925:,1747647683522
counter/9/0/0/0,32016:1747647674362:,1747647683522
counter/2/0/0/0,31960:1747647676247:,1747647683523
counter/7/0/0/0,27576:1747647672889:,1747647683523
counter/1/0/0/0,24532:1747647670895:,1747647683523
counter/8/0/0/0,28343:1747647671925:,1747647683523
counter/9/0/0/0,32017:1747647674362:,1747647683523
counter/2/0/0/0,31961:1747647676247:,1747647683523
counter/7/0/0/0,27577:1747647672889:,1747647683523
counter/1/0/0/0,24533:1747647670896:,1747647683523
counter/8/0/0/0,28344:1747647671926:,1747647683523
counter/9/0/0/0,32018:1747647674362:,1747647683523
counter/2/0/0/0,31962:1747647676247:,1747647683523
counter/7/0/0/0,27578:1747647672890:,1747647683523
counter/1/0/0/0,24534:1747647670896:,1747647683523
counter/8/0/0/0,28345:1747647671926:,1747647683523
counter/9/0/0/0,32019:1747647674362:,1747647683523
counter/2/0/0/0,31963:1747647676250:,1747647683523
counter/7/0/0/0,27579:1747647672891:,1747647683523
counter/1/0/0/0,24535:1747647670896:,1747647683523
counter/8/0/0/0,28346:1747647671926:,1747647683523
counter/9/0/0/0,32020:1747647674362:,1747647683523
counter/2/0/0/0,31964:1747647676250:,1747647683523
counter/7/0/0/0,27580:1747647672891:,1747647683523
counter/1/0/0/0,24536:1747647670896:,1747647683523
counter/8/0/0/0,28347:1747647671926:,1747647683523
counter/3/0/0/0,23929:1747647670073:,1747647683523
counter/10/0/0/0,24902:1747647668582:,1747647683523
counter/9/0/0/0,32021:1747647674371:,1747647683523
counter/2/0/0/0,31965:1747647676261:,1747647683523
counter/7/0/0/0,27581:1747647672891:,1747647683523
counter/1/0/0/0,24537:1747647670896:,1747647683523
counter/8/0/0/0,28348:1747647671926:,1747647683523
counter/3/0/0/0,23930:1747647670073:,1747647683523
counter/9/0/0/0,32022:1747647674371:,1747647683523
counter/2/0/0/0,31966:1747647676261:,1747647683523
counter/7/0/0/0,27582:1747647672900:,1747647683523
counter/1/0/0/0,24538:1747647670896:,1747647683523
counter/8/0/0/0,28349:1747647671926:,1747647683523
counter/9/0/0/0,32023:1747647674371:,1747647683523
counter/2/0/0/0,31967:1747647676261:,1747647683523
counter/7/0/0/0,27583:1747647672900:,1747647683523
counter/1/0/0/0,24539:1747647670896:,1747647683524
counter/8/0/0/0,28350:1747647671926:,1747647683524
counter/9/0/0/0,32024:1747647674371:,1747647683524
counter/2/0/0/0,31968:1747647676261:,1747647683524
counter/7/0/0/0,27584:1747647672900:,1747647683524
counter/1/0/0/0,24540:1747647670896:,1747647683524
counter/8/0/0/0,28351:1747647671926:,1747647683524
counter/9/0/0/0,32025:1747647674371:,1747647683524
counter/2/0/0/0,31969:1747647676261:,1747647683524
counter/7/0/0/0,27585:1747647672900:,1747647683524
counter/1/0/0/0,24541:1747647670897:,1747647683524
counter/8/0/0/0,28352:1747647671926:,1747647683524
counter/9/0/0/0,32026:1747647674371:,1747647683524
counter/2/0/0/0,31970:1747647676261:,1747647683524
counter/1/0/0/0,24542:1747647670907:,1747647683524
counter/8/0/0/0,28353:1747647671926:,1747647683524
counter/9/0/0/0,32027:1747647674371:,1747647683524
counter/2/0/0/0,31971:1747647676261:,1747647683524
counter/1/0/0/0,24543:1747647670907:,1747647683524
counter/8/0/0/0,28354:1747647671926:,1747647683524
counter/9/0/0/0,32028:1747647674371:,1747647683524
counter/2/0/0/0,31972:1747647676261:,1747647683524
counter/1/0/0/0,24544:1747647670907:,1747647683524
counter/8/0/0/0,28355:1747647671926:,1747647683524
counter/9/0/0/0,32029:1747647674371:,1747647683524
counter/2/0/0/0,31973:1747647676262:,1747647683524
counter/1/0/0/0,24545:1747647670907:,1747647683524
counter/8/0/0/0,28356:1747647671926:,1747647683524
counter/9/0/0/0,32030:1747647674371:,1747647683524
counter/2/0/0/0,31974:1747647676262:,1747647683524
counter/1/0/0/0,24546:1747647670907:,1747647683524
counter/8/0/0/0,28357:1747647671926:,1747647683524
counter/9/0/0/0,32031:1747647674371:,1747647683524
counter/2/0/0/0,31975:1747647676262:,1747647683524
counter/1/0/0/0,24547:1747647670907:,1747647683524
counter/8/0/0/0,28358:1747647671940:,1747647683524
counter/9/0/0/0,32032:1747647674372:,1747647683524
counter/2/0/0/0,31976:1747647676262:,1747647683524
counter/1/0/0/0,24548:1747647670907:,1747647683524
counter/8/0/0/0,28359:1747647671940:,1747647683524
counter/9/0/0/0,32033:1747647674372:,1747647683524
counter/2/0/0/0,31977:1747647676262:,1747647683524
counter/1/0/0/0,24549:1747647670908:,1747647683524
counter/8/0/0/0,28360:1747647671940:,1747647683524
counter/9/0/0/0,32034:1747647674375:,1747647683525
counter/2/0/0/0,31978:1747647676263:,1747647683525
counter/1/0/0/0,24550:1747647670908:,1747647683525
counter/8/0/0/0,28361:1747647671940:,1747647683525
counter/9/0/0/0,32035:1747647674375:,1747647683525
counter/2/0/0/0,31979:1747647676267:,1747647683525
counter/1/0/0/0,24551:1747647670908:,1747647683525
counter/8/0/0/0,28362:1747647671940:,1747647683525
counter/9/0/0/0,32036:1747647674375:,1747647683525
counter/2/0/0/0,31980:1747647676267:,1747647683525
counter/1/0/0/0,24552:1747647670908:,1747647683525
counter/8/0/0/0,28363:1747647671941:,1747647683525
counter/9/0/0/0,32037:1747647674375:,1747647683525
counter/2/0/0/0,31981:1747647676267:,1747647683525
counter/1/0/0/0,24553:1747647670908:,1747647683525
counter/8/0/0/0,28364:1747647671941:,1747647683525
counter/9/0/0/0,32038:1747647674375:,1747647683525
counter/2/0/0/0,31982:1747647676267:,1747647683525
counter/1/0/0/0,24554:1747647670908:,1747647683525
counter/8/0/0/0,28365:1747647671941:,1747647683525
counter/9/0/0/0,32039:1747647674375:,1747647683525
counter/2/0/0/0,31983:1747647676267:,1747647683525
counter/1/0/0/0,24555:1747647670908:,1747647683525
counter/8/0/0/0,28366:1747647671941:,1747647683525
counter/9/0/0/0,32040:1747647674375:,1747647683525
counter/2/0/0/0,31984:1747647676267:,1747647683525
counter/1/0/0/0,24556:1747647670908:,1747647683525
counter/8/0/0/0,28367:1747647671941:,1747647683525
counter/9/0/0/0,32041:1747647674375:,1747647683525
counter/2/0/0/0,31985:1747647676267:,1747647683525
counter/1/0/0/0,24557:1747647670908:,1747647683525
counter/8/0/0/0,28368:1747647671941:,1747647683525
counter/9/0/0/0,32042:1747647674375:,1747647683525
counter/2/0/0/0,31986:1747647676268:,1747647683525
counter/1/0/0/0,24558:1747647670908:,1747647683525
counter/8/0/0/0,28369:1747647671944:,1747647683525
counter/9/0/0/0,32043:1747647674375:,1747647683525
counter/2/0/0/0,31987:1747647676268:,1747647683526
counter/1/0/0/0,24559:1747647670908:,1747647683526
counter/8/0/0/0,28370:1747647671944:,1747647683526
counter/9/0/0/0,32044:1747647674375:,1747647683526
counter/2/0/0/0,31988:1747647676268:,1747647683526
counter/1/0/0/0,24560:1747647670908:,1747647683526
counter/8/0/0/0,28371:1747647671944:,1747647683526
counter/9/0/0/0,32045:1747647674375:,1747647683526
counter/2/0/0/0,31989:1747647676268:,1747647683526
counter/1/0/0/0,24561:1747647670923:,1747647683526
counter/8/0/0/0,28372:1747647671944:,1747647683526
counter/9/0/0/0,32046:1747647674375:,1747647683526
counter/2/0/0/0,31990:1747647676268:,1747647683526
counter/1/0/0/0,24562:1747647670923:,1747647683526
counter/8/0/0/0,28373:1747647671944:,1747647683526
counter/9/0/0/0,32047:1747647674375:,1747647683526
counter/2/0/0/0,31991:1747647676268:,1747647683526
counter/1/0/0/0,24563:1747647670923:,1747647683526
counter/8/0/0/0,28374:1747647671944:,1747647683526
counter/9/0/0/0,32048:1747647674375:,1747647683526
counter/2/0/0/0,31992:1747647676268:,1747647683526
counter/1/0/0/0,24564:1747647670923:,1747647683526
counter/8/0/0/0,28375:1747647671944:,1747647683526
counter/9/0/0/0,32049:1747647674375:,1747647683526
counter/2/0/0/0,31993:1747647676269:,1747647683526
counter/1/0/0/0,24565:1747647670923:,1747647683526
counter/8/0/0/0,28376:1747647671944:,1747647683526
counter/9/0/0/0,32050:1747647674375:,1747647683526
counter/2/0/0/0,31994:1747647676269:,1747647683526
counter/1/0/0/0,24566:1747647670923:,1747647683526
counter/8/0/0/0,28377:1747647671945:,1747647683526
counter/9/0/0/0,32051:1747647674376:,1747647683526
counter/2/0/0/0,31995:1747647676269:,1747647683526
counter/1/0/0/0,24567:1747647670923:,1747647683526
counter/8/0/0/0,28378:1747647671945:,1747647683526
counter/9/0/0/0,32052:1747647674376:,1747647683526
counter/2/0/0/0,31996:1747647676269:,1747647683526
counter/1/0/0/0,24568:1747647670923:,1747647683526
counter/8/0/0/0,28379:1747647671945:,1747647683526
counter/9/0/0/0,32053:1747647674376:,1747647683526
counter/2/0/0/0,31997:1747647676269:,1747647683526
counter/1/0/0/0,24569:1747647670923:,1747647683526
counter/8/0/0/0,28380:1747647671945:,1747647683526
counter/9/0/0/0,32054:1747647674376:,1747647683527
counter/2/0/0/0,31998:1747647676269:,1747647683527
counter/1/0/0/0,24570:1747647670942:,1747647683527
counter/8/0/0/0,28381:1747647671946:,1747647683527
counter/6/0/0/0,27699:1747647673839:,1747647683527
counter/9/0/0/0,32055:1747647674376:,1747647683527
counter/2/0/0/0,31999:1747647676269:,1747647683527
counter/1/0/0/0,24571:1747647670942:,1747647683527
counter/8/0/0/0,28382:1747647671946:,1747647683527
counter/5/0/0/0,27490:1747647671962:,1747647683527
counter/6/0/0/0,27700:1747647673839:,1747647683527
counter/9/0/0/0,32056:1747647674376:,1747647683527
counter/2/0/0/0,32000:1747647676269:,1747647683527
counter/1/0/0/0,24572:1747647670942:,1747647683527
counter/8/0/0/0,28383:1747647671946:,1747647683527
counter/5/0/0/0,27491:1747647671962:,1747647683527
counter/9/0/0/0,32057:1747647674376:,1747647683527
counter/2/0/0/0,32001:1747647676269:,1747647683527
counter/1/0/0/0,24573:1747647670942:,1747647683527
counter/8/0/0/0,28384:1747647671946:,1747647683527
counter/5/0/0/0,27492:1747647671963:,1747647683527
counter/4/0/0/0,23548:1747647670196:,1747647683527
counter/9/0/0/0,32058:1747647674376:,1747647683527
counter/2/0/0/0,32002:1747647676295:,1747647683527
counter/1/0/0/0,24574:1747647670942:,1747647683527
counter/8/0/0/0,28385:1747647671951:,1747647683527
counter/5/0/0/0,27493:1747647671965:,1747647683527
counter/4/0/0/0,23549:1747647670196:,1747647683527
counter/9/0/0/0,32059:1747647674376:,1747647683527
counter/2/0/0/0,32003:1747647676295:,1747647683527
counter/1/0/0/0,24575:1747647670942:,1747647683527
counter/8/0/0/0,28386:1747647671951:,1747647683527
counter/5/0/0/0,27494:1747647671965:,1747647683527
counter/4/0/0/0,23550:1747647670196:,1747647683527
counter/9/0/0/0,32060:1747647674376:,1747647683527
counter/2/0/0/0,32004:1747647676295:,1747647683527
counter/1/0/0/0,24576:1747647670942:,1747647683527
counter/8/0/0/0,28387:1747647671951:,1747647683527
counter/5/0/0/0,27495:1747647671965:,1747647683527
counter/4/0/0/0,23551:1747647670196:,1747647683527
counter/9/0/0/0,32061:1747647674376:,1747647683527
counter/2/0/0/0,32005:1747647676295:,1747647683528
counter/1/0/0/0,24577:1747647670951:,1747647683528
counter/8/0/0/0,28388:1747647671951:,1747647683528
counter/5/0/0/0,27496:1747647671965:,1747647683528
counter/4/0/0/0,23552:1747647670196:,1747647683528
counter/9/0/0/0,32062:1747647674376:,1747647683528
counter/2/0/0/0,32006:1747647676295:,1747647683528
counter/1/0/0/0,24578:1747647670951:,1747647683528
counter/8/0/0/0,28389:1747647671951:,1747647683528
counter/5/0/0/0,27497:1747647671965:,1747647683528
counter/4/0/0/0,23553:1747647670196:,1747647683528
counter/9/0/0/0,32063:1747647674376:,1747647683528
counter/2/0/0/0,32007:1747647676295:,1747647683528
counter/1/0/0/0,24579:1747647670951:,1747647683528
counter/8/0/0/0,28390:1747647671951:,1747647683528
counter/5/0/0/0,27498:1747647671965:,1747647683528
counter/7/0/0/0,27586:1747647672900:,1747647683528
counter/4/0/0/0,23554:1747647670204:,1747647683528
counter/9/0/0/0,32064:1747647674376:,1747647683528
counter/2/0/0/0,32008:1747647676295:,1747647683528
counter/1/0/0/0,24580:1747647670951:,1747647683528
counter/5/0/0/0,27499:1747647671965:,1747647683528
counter/6/0/0/0,27701:1747647673839:,1747647683528
counter/4/0/0/0,23555:1747647670204:,1747647683528
counter/9/0/0/0,32065:1747647674376:,1747647683528
counter/2/0/0/0,32009:1747647676301:,1747647683528
counter/1/0/0/0,24581:1747647670951:,1747647683528
counter/5/0/0/0,27500:1747647671965:,1747647683528
counter/10/0/0/0,24903:1747647668582:,1747647683528
counter/4/0/0/0,23556:1747647670205:,1747647683528
counter/9/0/0/0,32066:1747647674376:,1747647683528
counter/2/0/0/0,32010:1747647676301:,1747647683528
counter/1/0/0/0,24582:1747647670951:,1747647683528
counter/5/0/0/0,27501:1747647671965:,1747647683528
counter/3/0/0/0,23931:1747647670073:,1747647683528
counter/4/0/0/0,23557:1747647670205:,1747647683528
counter/9/0/0/0,32067:1747647674376:,1747647683528
counter/2/0/0/0,32011:1747647676301:,1747647683528
counter/1/0/0/0,24583:1747647670951:,1747647683528
counter/5/0/0/0,27502:1747647671978:,1747647683529
counter/4/0/0/0,23558:1747647670205:,1747647683529
counter/9/0/0/0,32068:1747647674376:,1747647683529
counter/2/0/0/0,32012:1747647676301:,1747647683529
counter/1/0/0/0,24584:1747647670951:,1747647683529
counter/5/0/0/0,27503:1747647671978:,1747647683529
counter/4/0/0/0,23559:1747647670205:,1747647683529
counter/9/0/0/0,32069:1747647674376:,1747647683529
counter/2/0/0/0,32013:1747647676301:,1747647683529
counter/1/0/0/0,24585:1747647670951:,1747647683529
counter/5/0/0/0,27504:1747647671978:,1747647683529
counter/4/0/0/0,23560:1747647670212:,1747647683529
counter/9/0/0/0,32070:1747647674378:,1747647683529
counter/2/0/0/0,32014:1747647676307:,1747647683529
counter/1/0/0/0,24586:1747647670965:,1747647683529
counter/5/0/0/0,27505:1747647671978:,1747647683529
counter/4/0/0/0,23561:1747647670212:,1747647683529
counter/9/0/0/0,32071:1747647674378:,1747647683529
counter/2/0/0/0,32015:1747647676307:,1747647683529
counter/1/0/0/0,24587:1747647670967:,1747647683529
counter/5/0/0/0,27506:1747647671978:,1747647683529
counter/4/0/0/0,23562:1747647670213:,1747647683529
counter/9/0/0/0,32072:1747647674378:,1747647683529
counter/2/0/0/0,32016:1747647676307:,1747647683529
counter/1/0/0/0,24588:1747647670967:,1747647683529
counter/5/0/0/0,27507:1747647671978:,1747647683529
counter/4/0/0/0,23563:1747647670213:,1747647683529
counter/9/0/0/0,32073:1747647674378:,1747647683529
counter/2/0/0/0,32017:1747647676307:,1747647683529
counter/1/0/0/0,24589:1747647670967:,1747647683529
counter/5/0/0/0,27508:1747647671978:,1747647683529
counter/4/0/0/0,23564:1747647670213:,1747647683529
counter/9/0/0/0,32074:1747647674378:,1747647683529
counter/2/0/0/0,32018:1747647676307:,1747647683529
counter/1/0/0/0,24590:1747647670967:,1747647683529
counter/4/0/0/0,23565:1747647670213:,1747647683529
counter/9/0/0/0,32075:1747647674378:,1747647683529
counter/2/0/0/0,32019:1747647676307:,1747647683529
counter/1/0/0/0,24591:1747647670967:,1747647683529
counter/4/0/0/0,23566:1747647670213:,1747647683529
counter/9/0/0/0,32076:1747647674378:,1747647683529
counter/2/0/0/0,32020:1747647676308:,1747647683529
counter/1/0/0/0,24592:1747647670967:,1747647683530
counter/4/0/0/0,23567:1747647670214:,1747647683530
counter/9/0/0/0,32077:1747647674378:,1747647683530
counter/2/0/0/0,32021:1747647676308:,1747647683530
counter/1/0/0/0,24593:1747647670967:,1747647683530
counter/4/0/0/0,23568:1747647670217:,1747647683530
counter/9/0/0/0,32078:1747647674378:,1747647683530
counter/2/0/0/0,32022:1747647676308:,1747647683530
counter/1/0/0/0,24594:1747647670967:,1747647683530
counter/3/0/0/0,23932:1747647670074:,1747647683530
counter/4/0/0/0,23569:1747647670217:,1747647683530
counter/9/0/0/0,32079:1747647674378:,1747647683530
counter/2/0/0/0,32023:1747647676308:,1747647683530
counter/1/0/0/0,24595:1747647670967:,1747647683530
counter/4/0/0/0,23570:1747647670217:,1747647683530
counter/9/0/0/0,32080:1747647674378:,1747647683530
counter/2/0/0/0,32024:1747647676308:,1747647683530
counter/1/0/0/0,24596:1747647670967:,1747647683530
counter/4/0/0/0,23571:1747647670217:,1747647683530
counter/9/0/0/0,32081:1747647674378:,1747647683530
counter/2/0/0/0,32025:1747647676309:,1747647683530
counter/1/0/0/0,24597:1747647670969:,1747647683530
counter/4/0/0/0,23572:1747647670217:,1747647683530
counter/9/0/0/0,32082:1747647674378:,1747647683530
counter/2/0/0/0,32026:1747647676309:,1747647683530
counter/1/0/0/0,24598:1747647670969:,1747647683530
counter/4/0/0/0,23573:1747647670217:,1747647683530
counter/9/0/0/0,32083:1747647674378:,1747647683530
counter/2/0/0/0,32027:1747647676309:,1747647683530
counter/1/0/0/0,24599:1747647670969:,1747647683530
counter/4/0/0/0,23574:1747647670218:,1747647683530
counter/9/0/0/0,32084:1747647674378:,1747647683530
counter/2/0/0/0,32028:1747647676309:,1747647683530
counter/1/0/0/0,24600:1747647670969:,1747647683530
counter/4/0/0/0,23575:1747647670225:,1747647683530
counter/9/0/0/0,32085:1747647674378:,1747647683530
counter/2/0/0/0,32029:1747647676310:,1747647683530
counter/1/0/0/0,24601:1747647670969:,1747647683530
counter/4/0/0/0,23576:1747647670225:,1747647683530
counter/9/0/0/0,32086:1747647674378:,1747647683530
counter/2/0/0/0,32030:1747647676313:,1747647683531
counter/1/0/0/0,24602:1747647670969:,1747647683531
counter/5/0/0/0,27509:1747647671978:,1747647683531
counter/4/0/0/0,23577:1747647670225:,1747647683531
counter/9/0/0/0,32087:1747647674378:,1747647683531
counter/2/0/0/0,32031:1747647676314:,1747647683531
counter/1/0/0/0,24603:1747647670970:,1747647683531
counter/4/0/0/0,23578:1747647670226:,1747647683531
counter/9/0/0/0,32088:1747647674378:,1747647683531
counter/2/0/0/0,32032:1747647676314:,1747647683531
counter/1/0/0/0,24604:1747647670970:,1747647683531
counter/4/0/0/0,23579:1747647670226:,1747647683531
counter/9/0/0/0,32089:1747647674378:,1747647683531
counter/2/0/0/0,32033:1747647676314:,1747647683531
counter/1/0/0/0,24605:1747647670970:,1747647683531
counter/3/0/0/0,23933:1747647670074:,1747647683531
counter/10/0/0/0,24904:1747647668582:,1747647683531
counter/4/0/0/0,23580:1747647670226:,1747647683531
counter/9/0/0/0,32090:1747647674378:,1747647683531
counter/2/0/0/0,32034:1747647676337:,1747647683531
counter/1/0/0/0,24606:1747647670974:,1747647683531
counter/3/0/0/0,23934:1747647670074:,1747647683531
counter/6/0/0/0,27702:1747647673839:,1747647683531
counter/4/0/0/0,23581:1747647670226:,1747647683531
counter/9/0/0/0,32091:1747647674378:,1747647683531
counter/2/0/0/0,32035:1747647676337:,1747647683531
counter/1/0/0/0,24607:1747647670974:,1747647683531
counter/4/0/0/0,23582:1747647670226:,1747647683531
counter/9/0/0/0,32092:1747647674378:,1747647683531
counter/2/0/0/0,32036:1747647676337:,1747647683531
counter/1/0/0/0,24608:1747647670974:,1747647683531
counter/4/0/0/0,23583:1747647670226:,1747647683531
counter/9/0/0/0,32093:1747647674378:,1747647683531
counter/2/0/0/0,32037:1747647676338:,1747647683531
counter/1/0/0/0,24609:1747647670974:,1747647683531
counter/7/0/0/0,27587:1747647672900:,1747647683531
counter/10/0/0/0,24905:1747647668582:,1747647683531
counter/4/0/0/0,23584:1747647670226:,1747647683531
counter/9/0/0/0,32094:1747647674398:,1747647683531
counter/2/0/0/0,32038:1747647676338:,1747647683531
counter/1/0/0/0,24610:1747647670974:,1747647683531
counter/6/0/0/0,27703:1747647673852:,1747647683531
counter/3/0/0/0,23935:1747647670074:,1747647683532
counter/5/0/0/0,27510:1747647671978:,1747647683532
counter/4/0/0/0,23585:1747647670226:,1747647683532
counter/9/0/0/0,32095:1747647674398:,1747647683532
counter/2/0/0/0,32039:1747647676338:,1747647683532
counter/1/0/0/0,24611:1747647670974:,1747647683532
counter/6/0/0/0,27704:1747647673852:,1747647683532
counter/5/0/0/0,27511:1747647671978:,1747647683532
counter/4/0/0/0,23586:1747647670226:,1747647683532
counter/9/0/0/0,32096:1747647674398:,1747647683532
counter/2/0/0/0,32040:1747647676338:,1747647683532
counter/1/0/0/0,24612:1747647670974:,1747647683532
counter/6/0/0/0,27705:1747647673852:,1747647683532
counter/5/0/0/0,27512:1747647671978:,1747647683532
counter/4/0/0/0,23587:1747647670226:,1747647683532
counter/9/0/0/0,32097:1747647674398:,1747647683532
counter/2/0/0/0,32041:1747647676338:,1747647683532
counter/1/0/0/0,24613:1747647670975:,1747647683532
counter/6/0/0/0,27706:1747647673852:,1747647683532
counter/5/0/0/0,27513:1747647671978:,1747647683532
counter/4/0/0/0,23588:1747647670227:,1747647683532
counter/9/0/0/0,32098:1747647674398:,1747647683532
counter/2/0/0/0,32042:1747647676338:,1747647683532
counter/1/0/0/0,24614:1747647670975:,1747647683532
counter/6/0/0/0,27707:1747647673852:,1747647683532
counter/5/0/0/0,27514:1747647671978:,1747647683532
counter/4/0/0/0,23589:1747647670227:,1747647683532
counter/9/0/0/0,32099:1747647674398:,1747647683532
counter/2/0/0/0,32043:1747647676338:,1747647683532
counter/1/0/0/0,24615:1747647670975:,1747647683532
counter/6/0/0/0,27708:1747647673852:,1747647683532
counter/5/0/0/0,27515:1747647671978:,1747647683532
counter/8/0/0/0,28391:1747647671951:,1747647683532
counter/4/0/0/0,23590:1747647670227:,1747647683532
counter/9/0/0/0,32100:1747647674398:,1747647683532
counter/2/0/0/0,32044:1747647676338:,1747647683532
counter/1/0/0/0,24616:1747647670991:,1747647683532
counter/6/0/0/0,27709:1747647673852:,1747647683532
counter/5/0/0/0,27516:1747647671979:,1747647683532
counter/4/0/0/0,23591:1747647670227:,1747647683532
counter/9/0/0/0,32101:1747647674398:,1747647683532
counter/2/0/0/0,32045:1747647676338:,1747647683532
counter/1/0/0/0,24617:1747647670991:,1747647683532
counter/6/0/0/0,27710:1747647673856:,1747647683532
counter/5/0/0/0,27517:1747647671980:,1747647683533
counter/4/0/0/0,23592:1747647670228:,1747647683533
counter/9/0/0/0,32102:1747647674399:,1747647683533
counter/2/0/0/0,32046:1747647676338:,1747647683533
counter/1/0/0/0,24618:1747647670991:,1747647683533
counter/6/0/0/0,27711:1747647673857:,1747647683533
counter/4/0/0/0,23593:1747647670241:,1747647683533
counter/9/0/0/0,32103:1747647674403:,1747647683533
counter/2/0/0/0,32047:1747647676338:,1747647683533
counter/1/0/0/0,24619:1747647670991:,1747647683533
counter/6/0/0/0,27712:1747647673857:,1747647683533
counter/4/0/0/0,23594:1747647670241:,1747647683533
counter/9/0/0/0,32104:1747647674403:,1747647683533
counter/2/0/0/0,32048:1747647676343:,1747647683533
counter/1/0/0/0,24620:1747647670991:,1747647683533
counter/6/0/0/0,27713:1747647673857:,1747647683533
counter/3/0/0/0,23936:1747647670074:,1747647683533
counter/10/0/0/0,24906:1747647668582:,1747647683533
counter/4/0/0/0,23595:1747647670241:,1747647683533
counter/9/0/0/0,32105:1747647674403:,1747647683533
counter/2/0/0/0,32049:1747647676343:,1747647683533
counter/1/0/0/0,24621:1747647670991:,1747647683533
counter/6/0/0/0,27714:1747647673857:,1747647683533
counter/5/0/0/0,27518:1747647671980:,1747647683533
counter/4/0/0/0,23596:1747647670242:,1747647683533
counter/9/0/0/0,32106:1747647674403:,1747647683533
counter/2/0/0/0,32050:1747647676343:,1747647683533
counter/1/0/0/0,24622:1747647670992:,1747647683533
counter/6/0/0/0,27715:1747647673857:,1747647683533
counter/4/0/0/0,23597:1747647670242:,1747647683533
counter/9/0/0/0,32107:1747647674403:,1747647683533
counter/2/0/0/0,32051:1747647676343:,1747647683533
counter/1/0/0/0,24623:1747647670992:,1747647683533
counter/6/0/0/0,27716:1747647673857:,1747647683533
counter/4/0/0/0,23598:1747647670242:,1747647683533
counter/9/0/0/0,32108:1747647674403:,1747647683533
counter/2/0/0/0,32052:1747647676343:,1747647683533
counter/1/0/0/0,24624:1747647670992:,1747647683533
counter/6/0/0/0,27717:1747647673857:,1747647683533
counter/4/0/0/0,23599:1747647670242:,1747647683534
counter/9/0/0/0,32109:1747647674403:,1747647683534
counter/2/0/0/0,32053:1747647676343:,1747647683534
counter/1/0/0/0,24625:1747647670992:,1747647683534
counter/6/0/0/0,27718:1747647673857:,1747647683534
counter/4/0/0/0,23600:1747647670242:,1747647683534
counter/9/0/0/0,32110:1747647674413:,1747647683534
counter/2/0/0/0,32054:1747647676343:,1747647683534
counter/1/0/0/0,24626:1747647670992:,1747647683534
counter/6/0/0/0,27719:1747647673857:,1747647683534
counter/4/0/0/0,23601:1747647670242:,1747647683534
counter/9/0/0/0,32111:1747647674413:,1747647683534
counter/2/0/0/0,32055:1747647676353:,1747647683534
counter/1/0/0/0,24627:1747647670992:,1747647683534
counter/6/0/0/0,27720:1747647673857:,1747647683534
counter/4/0/0/0,23602:1747647670242:,1747647683534
counter/9/0/0/0,32112:1747647674413:,1747647683534
counter/2/0/0/0,32056:1747647676353:,1747647683534
counter/1/0/0/0,24628:1747647670992:,1747647683534
counter/6/0/0/0,27721:1747647673857:,1747647683534
counter/4/0/0/0,23603:1747647670242:,1747647683534
counter/9/0/0/0,32113:1747647674413:,1747647683534
counter/2/0/0/0,32057:1747647676353:,1747647683534
counter/1/0/0/0,24629:1747647671004:,1747647683534
counter/6/0/0/0,27722:1747647673857:,1747647683534
counter/10/0/0/0,24907:1747647668582:,1747647683534
counter/4/0/0/0,23604:1747647670242:,1747647683534
counter/9/0/0/0,32114:1747647674413:,1747647683534
counter/2/0/0/0,32058:1747647676353:,1747647683534
counter/1/0/0/0,24630:1747647671004:,1747647683534
counter/6/0/0/0,27723:1747647673857:,1747647683534
counter/10/0/0/0,24908:1747647668582:,1747647683534
counter/4/0/0/0,23605:1747647670242:,1747647683534
counter/9/0/0/0,32115:1747647674413:,1747647683534
counter/2/0/0/0,32059:1747647676353:,1747647683534
counter/1/0/0/0,24631:1747647671035:,1747647683534
counter/6/0/0/0,27724:1747647673857:,1747647683534
counter/4/0/0/0,23606:1747647670242:,1747647683534
counter/9/0/0/0,32116:1747647674413:,1747647683534
counter/2/0/0/0,32060:1747647676353:,1747647683534
counter/1/0/0/0,24632:1747647671035:,1747647683534
counter/6/0/0/0,27725:1747647673857:,1747647683534
counter/4/0/0/0,23607:1747647670242:,1747647683534
counter/9/0/0/0,32117:1747647674413:,1747647683534
counter/2/0/0/0,32061:1747647676353:,1747647683534
counter/1/0/0/0,24633:1747647671035:,1747647683534
counter/6/0/0/0,27726:1747647673857:,1747647683535
counter/4/0/0/0,23608:1747647670242:,1747647683535
counter/9/0/0/0,32118:1747647674413:,1747647683535
counter/2/0/0/0,32062:1747647676353:,1747647683535
counter/1/0/0/0,24634:1747647671035:,1747647683535
counter/6/0/0/0,27727:1747647673857:,1747647683535
counter/4/0/0/0,23609:1747647670242:,1747647683535
counter/9/0/0/0,32119:1747647674413:,1747647683535
counter/2/0/0/0,32063:1747647676353:,1747647683535
counter/1/0/0/0,24635:1747647671035:,1747647683535
counter/6/0/0/0,27728:1747647673857:,1747647683535
counter/4/0/0/0,23610:1747647670246:,1747647683535
counter/9/0/0/0,32120:1747647674413:,1747647683535
counter/2/0/0/0,32064:1747647676353:,1747647683535
counter/1/0/0/0,24636:1747647671035:,1747647683535
counter/6/0/0/0,27729:1747647673857:,1747647683535
counter/4/0/0/0,23611:1747647670246:,1747647683535
counter/9/0/0/0,32121:1747647674413:,1747647683535
counter/2/0/0/0,32065:1747647676353:,1747647683535
counter/1/0/0/0,24637:1747647671035:,1747647683535
counter/6/0/0/0,27730:1747647673857:,1747647683535
counter/5/0/0/0,27519:1747647671980:,1747647683535
counter/4/0/0/0,23612:1747647670246:,1747647683535
counter/9/0/0/0,32122:1747647674413:,1747647683535
counter/2/0/0/0,32066:1747647676353:,1747647683535
counter/1/0/0/0,24638:1747647671035:,1747647683535
counter/6/0/0/0,27731:1747647673857:,1747647683535
counter/3/0/0/0,23937:1747647670074:,1747647683535
counter/8/0/0/0,28392:1747647671951:,1747647683535
counter/7/0/0/0,27588:1747647672900:,1747647683535
counter/4/0/0/0,23613:1747647670246:,1747647683535
counter/9/0/0/0,32123:1747647674413:,1747647683535
counter/2/0/0/0,32067:1747647676355:,1747647683535
counter/1/0/0/0,24639:1747647671036:,1747647683535
counter/6/0/0/0,27732:1747647673861:,1747647683535
counter/4/0/0/0,23614:1747647670246:,1747647683535
counter/9/0/0/0,32124:1747647674413:,1747647683535
counter/2/0/0/0,32068:1747647676355:,1747647683535
counter/1/0/0/0,24640:1747647671036:,1747647683535
counter/6/0/0/0,27733:1747647673864:,1747647683535
counter/4/0/0/0,23615:1747647670246:,1747647683535
counter/9/0/0/0,32125:1747647674413:,1747647683535
counter/2/0/0/0,32069:1747647676355:,1747647683535
counter/1/0/0/0,24641:1747647671036:,1747647683536
counter/6/0/0/0,27734:1747647673864:,1747647683536
counter/4/0/0/0,23616:1747647670246:,1747647683536
counter/9/0/0/0,32126:1747647674428:,1747647683536
counter/2/0/0/0,32070:1747647676355:,1747647683536
counter/1/0/0/0,24642:1747647671036:,1747647683536
counter/6/0/0/0,27735:1747647673864:,1747647683536
counter/4/0/0/0,23617:1747647670246:,1747647683536
counter/9/0/0/0,32127:1747647674428:,1747647683536
counter/2/0/0/0,32071:1747647676355:,1747647683536
counter/1/0/0/0,24643:1747647671036:,1747647683536
counter/6/0/0/0,27736:1747647673864:,1747647683536
counter/4/0/0/0,23618:1747647670246:,1747647683536
counter/9/0/0/0,32128:1747647674428:,1747647683536
counter/2/0/0/0,32072:1747647676355:,1747647683536
counter/1/0/0/0,24644:1747647671036:,1747647683536
counter/6/0/0/0,27737:1747647673865:,1747647683536
counter/4/0/0/0,23619:1747647670246:,1747647683536
counter/9/0/0/0,32129:1747647674432:,1747647683536
counter/2/0/0/0,32073:1747647676355:,1747647683536
counter/1/0/0/0,24645:1747647671036:,1747647683536
counter/6/0/0/0,27738:1747647673865:,1747647683536
counter/10/0/0/0,24909:1747647668582:,1747647683536
counter/4/0/0/0,23620:1747647670246:,1747647683536
counter/9/0/0/0,32130:1747647674436:,1747647683536
counter/2/0/0/0,32074:1747647676356:,1747647683536
counter/1/0/0/0,24646:1747647671036:,1747647683536
counter/6/0/0/0,27739:1747647673865:,1747647683536
counter/4/0/0/0,23621:1747647670246:,1747647683536
counter/9/0/0/0,32131:1747647674436:,1747647683536
counter/2/0/0/0,32075:1747647676356:,1747647683536
counter/1/0/0/0,24647:1747647671036:,1747647683536
counter/6/0/0/0,27740:1747647673865:,1747647683536
counter/4/0/0/0,23622:1747647670246:,1747647683536
counter/9/0/0/0,32132:1747647674437:,1747647683536
counter/2/0/0/0,32076:1747647676356:,1747647683536
counter/1/0/0/0,24648:1747647671036:,1747647683536
counter/6/0/0/0,27741:1747647673865:,1747647683536
counter/4/0/0/0,23623:1747647670246:,1747647683536
counter/9/0/0/0,32133:1747647674437:,1747647683536
counter/2/0/0/0,32077:1747647676356:,1747647683536
counter/1/0/0/0,24649:1747647671036:,1747647683536
counter/6/0/0/0,27742:1747647673865:,1747647683536
counter/4/0/0/0,23624:1747647670250:,1747647683536
counter/9/0/0/0,32134:1747647674437:,1747647683537
counter/2/0/0/0,32078:1747647676356:,1747647683537
counter/1/0/0/0,24650:1747647671036:,1747647683537
counter/6/0/0/0,27743:1747647673865:,1747647683537
counter/4/0/0/0,23625:1747647670250:,1747647683537
counter/9/0/0/0,32135:1747647674437:,1747647683537
counter/2/0/0/0,32079:1747647676356:,1747647683537
counter/1/0/0/0,24651:1747647671036:,1747647683537
counter/6/0/0/0,27744:1747647673865:,1747647683537
counter/8/0/0/0,28393:1747647671951:,1747647683537
counter/4/0/0/0,23626:1747647670250:,1747647683537
counter/9/0/0/0,32136:1747647674437:,1747647683537
counter/2/0/0/0,32080:1747647676356:,1747647683537
counter/1/0/0/0,24652:1747647671036:,1747647683537
counter/6/0/0/0,27745:1747647673865:,1747647683537
counter/7/0/0/0,27589:1747647672900:,1747647683537
counter/4/0/0/0,23627:1747647670250:,1747647683537
counter/9/0/0/0,32137:1747647674437:,1747647683537
counter/2/0/0/0,32081:1747647676356:,1747647683537
counter/1/0/0/0,24653:1747647671036:,1747647683537
counter/6/0/0/0,27746:1747647673865:,1747647683537
counter/4/0/0/0,23628:1747647670250:,1747647683537
counter/9/0/0/0,32138:1747647674437:,1747647683537
counter/2/0/0/0,32082:1747647676356:,1747647683537
counter/1/0/0/0,24654:1747647671036:,1747647683537
counter/6/0/0/0,27747:1747647673873:,1747647683537
counter/4/0/0/0,23629:1747647670250:,1747647683537
counter/9/0/0/0,32139:1747647674437:,1747647683537
counter/2/0/0/0,32083:1747647676356:,1747647683537
counter/1/0/0/0,24655:1747647671036:,1747647683537
counter/6/0/0/0,27748:1747647673874:,1747647683537
counter/4/0/0/0,23630:1747647670250:,1747647683537
counter/9/0/0/0,32140:1747647674437:,1747647683537
counter/2/0/0/0,32084:1747647676364:,1747647683537
counter/1/0/0/0,24656:1747647671036:,1747647683537
counter/6/0/0/0,27749:1747647673874:,1747647683537
counter/4/0/0/0,23631:1747647670250:,1747647683537
counter/9/0/0/0,32141:1747647674437:,1747647683537
counter/2/0/0/0,32085:1747647676365:,1747647683538
counter/1/0/0/0,24657:1747647671036:,1747647683538
counter/6/0/0/0,27750:1747647673874:,1747647683538
counter/4/0/0/0,23632:1747647670255:,1747647683538
counter/9/0/0/0,32142:1747647674437:,1747647683538
counter/2/0/0/0,32086:1747647676365:,1747647683538
counter/1/0/0/0,24658:1747647671036:,1747647683538
counter/6/0/0/0,27751:1747647673874:,1747647683538
counter/8/0/0/0,28394:1747647671951:,1747647683538
counter/4/0/0/0,23633:1747647670255:,1747647683538
counter/9/0/0/0,32143:1747647674437:,1747647683538
counter/2/0/0/0,32087:1747647676365:,1747647683538
counter/1/0/0/0,24659:1747647671036:,1747647683538
counter/6/0/0/0,27752:1747647673874:,1747647683538
counter/8/0/0/0,28395:1747647671953:,1747647683538
counter/4/0/0/0,23634:1747647670256:,1747647683538
counter/9/0/0/0,32144:1747647674437:,1747647683538
counter/2/0/0/0,32088:1747647676365:,1747647683538
counter/1/0/0/0,24660:1747647671036:,1747647683538
counter/6/0/0/0,27753:1747647673874:,1747647683538
counter/8/0/0/0,28396:1747647671956:,1747647683538
counter/4/0/0/0,23635:1747647670257:,1747647683538
counter/9/0/0/0,32145:1747647674450:,1747647683538
counter/2/0/0/0,32089:1747647676365:,1747647683538
counter/1/0/0/0,24661:1747647671037:,1747647683538
counter/6/0/0/0,27754:1747647673874:,1747647683538
counter/8/0/0/0,28397:1747647671956:,1747647683538
counter/4/0/0/0,23636:1747647670257:,1747647683538
counter/9/0/0/0,32146:1747647674450:,1747647683538
counter/2/0/0/0,32090:1747647676365:,1747647683538
counter/1/0/0/0,24662:1747647671037:,1747647683538
counter/6/0/0/0,27755:1747647673874:,1747647683538
counter/8/0/0/0,28398:1747647671956:,1747647683538
counter/4/0/0/0,23637:1747647670257:,1747647683538
counter/9/0/0/0,32147:1747647674450:,1747647683538
counter/2/0/0/0,32091:1747647676365:,1747647683538
counter/1/0/0/0,24663:1747647671037:,1747647683538
counter/6/0/0/0,27756:1747647673874:,1747647683538
counter/8/0/0/0,28399:1747647671956:,1747647683538
counter/4/0/0/0,23638:1747647670257:,1747647683538
counter/9/0/0/0,32148:1747647674450:,1747647683539
counter/2/0/0/0,32092:1747647676365:,1747647683539
counter/1/0/0/0,24664:1747647671037:,1747647683539
counter/6/0/0/0,27757:1747647673876:,1747647683539
counter/10/0/0/0,24910:1747647668586:,1747647683539
counter/8/0/0/0,28400:1747647671956:,1747647683539
counter/4/0/0/0,23639:1747647670257:,1747647683539
counter/9/0/0/0,32149:1747647674450:,1747647683539
counter/2/0/0/0,32093:1747647676365:,1747647683539
counter/1/0/0/0,24665:1747647671037:,1747647683539
counter/6/0/0/0,27758:1747647673876:,1747647683539
counter/8/0/0/0,28401:1747647671956:,1747647683539
counter/4/0/0/0,23640:1747647670257:,1747647683539
counter/9/0/0/0,32150:1747647674450:,1747647683539
counter/2/0/0/0,32094:1747647676365:,1747647683539
counter/1/0/0/0,24666:1747647671038:,1747647683539
counter/6/0/0/0,27759:1747647673876:,1747647683539
counter/3/0/0/0,23938:1747647670074:,1747647683539
counter/8/0/0/0,28402:1747647671956:,1747647683539
counter/4/0/0/0,23641:1747647670257:,1747647683539
counter/9/0/0/0,32151:1747647674450:,1747647683539
counter/2/0/0/0,32095:1747647676365:,1747647683539
counter/1/0/0/0,24667:1747647671038:,1747647683539
counter/6/0/0/0,27760:1747647673876:,1747647683539
counter/8/0/0/0,28403:1747647671956:,1747647683539
counter/4/0/0/0,23642:1747647670257:,1747647683539
counter/9/0/0/0,32152:1747647674450:,1747647683539
counter/2/0/0/0,32096:1747647676365:,1747647683539
counter/1/0/0/0,24668:1747647671038:,1747647683539
counter/6/0/0/0,27761:1747647673876:,1747647683539
counter/8/0/0/0,28404:1747647671956:,1747647683539
counter/4/0/0/0,23643:1747647670257:,1747647683539
counter/9/0/0/0,32153:1747647674450:,1747647683539
counter/2/0/0/0,32097:1747647676365:,1747647683539
counter/1/0/0/0,24669:1747647671038:,1747647683539
counter/6/0/0/0,27762:1747647673876:,1747647683539
counter/8/0/0/0,28405:1747647671956:,1747647683539
counter/4/0/0/0,23644:1747647670257:,1747647683539
counter/9/0/0/0,32154:1747647674451:,1747647683539
counter/2/0/0/0,32098:1747647676365:,1747647683540
counter/1/0/0/0,24670:1747647671038:,1747647683540
counter/6/0/0/0,27763:1747647673877:,1747647683540
counter/8/0/0/0,28406:1747647671956:,1747647683540
counter/4/0/0/0,23645:1747647670257:,1747647683540
counter/9/0/0/0,32155:1747647674455:,1747647683540
counter/2/0/0/0,32099:1747647676365:,1747647683540
counter/1/0/0/0,24671:1747647671043:,1747647683540
counter/6/0/0/0,27764:1747647673877:,1747647683540
counter/8/0/0/0,28407:1747647671956:,1747647683540
counter/4/0/0/0,23646:1747647670260:,1747647683540
counter/9/0/0/0,32156:1747647674455:,1747647683540
counter/2/0/0/0,32100:1747647676365:,1747647683540
counter/1/0/0/0,24672:1747647671043:,1747647683540
counter/6/0/0/0,27765:1747647673877:,1747647683540
counter/8/0/0/0,28408:1747647671956:,1747647683540
counter/4/0/0/0,23647:1747647670260:,1747647683540
counter/9/0/0/0,32157:1747647674455:,1747647683540
counter/2/0/0/0,32101:1747647676365:,1747647683540
counter/1/0/0/0,24673:1747647671043:,1747647683540
counter/6/0/0/0,27766:1747647673877:,1747647683540
counter/8/0/0/0,28409:1747647671956:,1747647683540
counter/4/0/0/0,23648:1747647670260:,1747647683540
counter/9/0/0/0,32158:1747647674455:,1747647683540
counter/2/0/0/0,32102:1747647676365:,1747647683540
counter/1/0/0/0,24674:1747647671043:,1747647683540
counter/6/0/0/0,27767:1747647673877:,1747647683540
counter/8/0/0/0,28410:1747647671956:,1747647683540
counter/4/0/0/0,23649:1747647670260:,1747647683540
counter/9/0/0/0,32159:1747647674455:,1747647683540
counter/2/0/0/0,32103:1747647676365:,1747647683540
counter/1/0/0/0,24675:1747647671043:,1747647683540
counter/6/0/0/0,27768:1747647673877:,1747647683540
counter/8/0/0/0,28411:1747647671956:,1747647683540
counter/4/0/0/0,23650:1747647670261:,1747647683540
counter/9/0/0/0,32160:1747647674455:,1747647683540
counter/2/0/0/0,32104:1747647676365:,1747647683540
counter/1/0/0/0,24676:1747647671043:,1747647683540
counter/6/0/0/0,27769:1747647673877:,1747647683540
counter/8/0/0/0,28412:1747647671956:,1747647683540
counter/4/0/0/0,23651:1747647670261:,1747647683540
counter/9/0/0/0,32161:1747647674455:,1747647683540
counter/2/0/0/0,32105:1747647676365:,1747647683540
counter/1/0/0/0,24677:1747647671043:,1747647683540
counter/6/0/0/0,27770:1747647673877:,1747647683540
counter/8/0/0/0,28413:1747647671956:,1747647683541
counter/4/0/0/0,23652:1747647670261:,1747647683541
counter/9/0/0/0,32162:1747647674455:,1747647683541
counter/2/0/0/0,32106:1747647676365:,1747647683541
counter/1/0/0/0,24678:1747647671043:,1747647683541
counter/6/0/0/0,27771:1747647673877:,1747647683541
counter/8/0/0/0,28414:1747647671956:,1747647683541
counter/4/0/0/0,23653:1747647670261:,1747647683541
counter/9/0/0/0,32163:1747647674455:,1747647683541
counter/2/0/0/0,32107:1747647676369:,1747647683541
counter/1/0/0/0,24679:1747647671043:,1747647683541
counter/6/0/0/0,27772:1747647673877:,1747647683541
counter/8/0/0/0,28415:1747647671956:,1747647683541
counter/4/0/0/0,23654:1747647670268:,1747647683541
counter/9/0/0/0,32164:1747647674455:,1747647683541
counter/2/0/0/0,32108:1747647676369:,1747647683541
counter/1/0/0/0,24680:1747647671043:,1747647683541
counter/6/0/0/0,27773:1747647673877:,1747647683541
counter/8/0/0/0,28416:1747647671956:,1747647683541
counter/4/0/0/0,23655:1747647670268:,1747647683541
counter/9/0/0/0,32165:1747647674455:,1747647683541
counter/2/0/0/0,32109:1747647676369:,1747647683541
counter/1/0/0/0,24681:1747647671043:,1747647683541
counter/6/0/0/0,27774:1747647673877:,1747647683541
counter/8/0/0/0,28417:1747647671956:,1747647683541
counter/4/0/0/0,23656:1747647670268:,1747647683541
counter/9/0/0/0,32166:1747647674455:,1747647683541
counter/2/0/0/0,32110:1747647676369:,1747647683541
counter/1/0/0/0,24682:1747647671043:,1747647683541
counter/6/0/0/0,27775:1747647673877:,1747647683541
counter/8/0/0/0,28418:1747647671956:,1747647683541
counter/9/0/0/0,32167:1747647674455:,1747647683541
counter/2/0/0/0,32111:1747647676369:,1747647683541
counter/1/0/0/0,24683:1747647671066:,1747647683541
counter/6/0/0/0,27776:1747647673877:,1747647683541
counter/8/0/0/0,28419:1747647671956:,1747647683541
counter/9/0/0/0,32168:1747647674455:,1747647683541
counter/2/0/0/0,32112:1747647676369:,1747647683541
counter/1/0/0/0,24684:1747647671074:,1747647683541
counter/6/0/0/0,27777:1747647673877:,1747647683541
counter/8/0/0/0,28420:1747647671956:,1747647683541
counter/9/0/0/0,32169:1747647674455:,1747647683541
counter/2/0/0/0,32113:1747647676369:,1747647683541
counter/1/0/0/0,24685:1747647671074:,1747647683541
counter/6/0/0/0,27778:1747647673878:,1747647683542
counter/8/0/0/0,28421:1747647671957:,1747647683542
counter/9/0/0/0,32170:1747647674455:,1747647683542
counter/2/0/0/0,32114:1747647676369:,1747647683542
counter/1/0/0/0,24686:1747647671075:,1747647683542
counter/6/0/0/0,27779:1747647673878:,1747647683542
counter/8/0/0/0,28422:1747647671957:,1747647683542
counter/9/0/0/0,32171:1747647674455:,1747647683542
counter/2/0/0/0,32115:1747647676369:,1747647683542
counter/1/0/0/0,24687:1747647671075:,1747647683542
counter/6/0/0/0,27780:1747647673878:,1747647683542
counter/8/0/0/0,28423:1747647671957:,1747647683542
counter/9/0/0/0,32172:1747647674456:,1747647683542
counter/2/0/0/0,32116:1747647676369:,1747647683542
counter/1/0/0/0,24688:1747647671075:,1747647683542
counter/6/0/0/0,27781:1747647673878:,1747647683542
counter/8/0/0/0,28424:1747647671957:,1747647683542
counter/9/0/0/0,32173:1747647674456:,1747647683542
counter/2/0/0/0,32117:1747647676369:,1747647683542
counter/1/0/0/0,24689:1747647671075:,1747647683542
counter/6/0/0/0,27782:1747647673878:,1747647683542
counter/8/0/0/0,28425:1747647671957:,1747647683542
counter/9/0/0/0,32174:1747647674456:,1747647683542
counter/2/0/0/0,32118:1747647676369:,1747647683542
counter/1/0/0/0,24690:1747647671075:,1747647683542
counter/6/0/0/0,27783:1747647673878:,1747647683542
counter/8/0/0/0,28426:1747647671957:,1747647683542
counter/9/0/0/0,32175:1747647674456:,1747647683542
counter/2/0/0/0,32119:1747647676370:,1747647683542
counter/1/0/0/0,24691:1747647671076:,1747647683542
counter/6/0/0/0,27784:1747647673878:,1747647683542
counter/8/0/0/0,28427:1747647671957:,1747647683542
counter/9/0/0/0,32176:1747647674456:,1747647683542
counter/2/0/0/0,32120:1747647676370:,1747647683542
counter/1/0/0/0,24692:1747647671076:,1747647683542
counter/6/0/0/0,27785:1747647673878:,1747647683542
counter/8/0/0/0,28428:1747647671957:,1747647683542
counter/9/0/0/0,32177:1747647674456:,1747647683543
counter/2/0/0/0,32121:1747647676370:,1747647683543
counter/1/0/0/0,24693:1747647671078:,1747647683543
counter/6/0/0/0,27786:1747647673878:,1747647683543
counter/8/0/0/0,28429:1747647671957:,1747647683543
counter/9/0/0/0,32178:1747647674456:,1747647683543
counter/2/0/0/0,32122:1747647676370:,1747647683543
counter/1/0/0/0,24694:1747647671078:,1747647683543
counter/6/0/0/0,27787:1747647673878:,1747647683543
counter/8/0/0/0,28430:1747647671957:,1747647683543
counter/9/0/0/0,32179:1747647674456:,1747647683543
counter/2/0/0/0,32123:1747647676371:,1747647683543
counter/1/0/0/0,24695:1747647671078:,1747647683543
counter/6/0/0/0,27788:1747647673878:,1747647683543
counter/8/0/0/0,28431:1747647671957:,1747647683543
counter/9/0/0/0,32180:1747647674456:,1747647683543
counter/2/0/0/0,32124:1747647676371:,1747647683543
counter/1/0/0/0,24696:1747647671078:,1747647683543
counter/6/0/0/0,27789:1747647673887:,1747647683543
counter/8/0/0/0,28432:1747647671960:,1747647683543
counter/9/0/0/0,32181:1747647674456:,1747647683543
counter/2/0/0/0,32125:1747647676371:,1747647683543
counter/1/0/0/0,24697:1747647671089:,1747647683543
counter/6/0/0/0,27790:1747647673890:,1747647683543
counter/8/0/0/0,28433:1747647671960:,1747647683543
counter/9/0/0/0,32182:1747647674456:,1747647683543
counter/2/0/0/0,32126:1747647676371:,1747647683543
counter/1/0/0/0,24698:1747647671099:,1747647683543
counter/6/0/0/0,27791:1747647673890:,1747647683543
counter/8/0/0/0,28434:1747647671960:,1747647683543
counter/9/0/0/0,32183:1747647674456:,1747647683543
counter/2/0/0/0,32127:1747647676371:,1747647683543
counter/1/0/0/0,24699:1747647671099:,1747647683543
counter/6/0/0/0,27792:1747647673890:,1747647683543
counter/8/0/0/0,28435:1747647671961:,1747647683543
counter/9/0/0/0,32184:1747647674456:,1747647683543
counter/2/0/0/0,32128:1747647676371:,1747647683543
counter/1/0/0/0,24700:1747647671099:,1747647683543
counter/6/0/0/0,27793:1747647673891:,1747647683543
counter/8/0/0/0,28436:1747647671961:,1747647683543
counter/9/0/0/0,32185:1747647674456:,1747647683543
counter/2/0/0/0,32129:1747647676371:,1747647683543
counter/1/0/0/0,24701:1747647671099:,1747647683543
counter/6/0/0/0,27794:1747647673891:,1747647683543
counter/8/0/0/0,28437:1747647671961:,1747647683544
counter/9/0/0/0,32186:1747647674456:,1747647683544
counter/2/0/0/0,32130:1747647676371:,1747647683544
counter/1/0/0/0,24702:1747647671099:,1747647683544
counter/6/0/0/0,27795:1747647673891:,1747647683544
counter/8/0/0/0,28438:1747647671961:,1747647683544
counter/9/0/0/0,32187:1747647674456:,1747647683544
counter/2/0/0/0,32131:1747647676371:,1747647683544
counter/1/0/0/0,24703:1747647671099:,1747647683544
counter/6/0/0/0,27796:1747647673891:,1747647683544
counter/8/0/0/0,28439:1747647671961:,1747647683544
counter/9/0/0/0,32188:1747647674456:,1747647683544
counter/2/0/0/0,32132:1747647676371:,1747647683544
counter/1/0/0/0,24704:1747647671099:,1747647683544
counter/6/0/0/0,27797:1747647673891:,1747647683544
counter/8/0/0/0,28440:1747647671961:,1747647683544
counter/9/0/0/0,32189:1747647674456:,1747647683544
counter/2/0/0/0,32133:1747647676371:,1747647683544
counter/1/0/0/0,24705:1747647671099:,1747647683544
counter/6/0/0/0,27798:1747647673891:,1747647683544
counter/8/0/0/0,28441:1747647671961:,1747647683544
counter/9/0/0/0,32190:1747647674456:,1747647683544
counter/2/0/0/0,32134:1747647676371:,1747647683544
counter/1/0/0/0,24706:1747647671099:,1747647683544
counter/6/0/0/0,27799:1747647673891:,1747647683544
counter/8/0/0/0,28442:1747647671961:,1747647683544
counter/9/0/0/0,32191:1747647674456:,1747647683544
counter/2/0/0/0,32135:1747647676371:,1747647683544
counter/1/0/0/0,24707:1747647671099:,1747647683544
counter/6/0/0/0,27800:1747647673891:,1747647683544
counter/8/0/0/0,28443:1747647671962:,1747647683544
counter/9/0/0/0,32192:1747647674456:,1747647683544
counter/2/0/0/0,32136:1747647676371:,1747647683544
counter/1/0/0/0,24708:1747647671099:,1747647683544
counter/6/0/0/0,27801:1747647673891:,1747647683544
counter/8/0/0/0,28444:1747647671962:,1747647683544
counter/9/0/0/0,32193:1747647674456:,1747647683544
counter/2/0/0/0,32137:1747647676372:,1747647683544
counter/1/0/0/0,24709:1747647671099:,1747647683544
counter/6/0/0/0,27802:1747647673891:,1747647683544
counter/8/0/0/0,28445:1747647671962:,1747647683544
counter/9/0/0/0,32194:1747647674456:,1747647683544
counter/2/0/0/0,32138:1747647676373:,1747647683544
counter/1/0/0/0,24710:1747647671099:,1747647683545
counter/6/0/0/0,27803:1747647673891:,1747647683545
counter/8/0/0/0,28446:1747647671965:,1747647683545
counter/9/0/0/0,32195:1747647674456:,1747647683545
counter/2/0/0/0,32139:1747647676373:,1747647683545
counter/1/0/0/0,24711:1747647671102:,1747647683545
counter/6/0/0/0,27804:1747647673892:,1747647683545
counter/8/0/0/0,28447:1747647671969:,1747647683545
counter/9/0/0/0,32196:1747647674457:,1747647683545
counter/2/0/0/0,32140:1747647676373:,1747647683545
counter/1/0/0/0,24712:1747647671102:,1747647683545
counter/6/0/0/0,27805:1747647673892:,1747647683545
counter/8/0/0/0,28448:1747647671969:,1747647683545
counter/9/0/0/0,32197:1747647674457:,1747647683545
counter/2/0/0/0,32141:1747647676374:,1747647683545
counter/1/0/0/0,24713:1747647671102:,1747647683545
counter/6/0/0/0,27806:1747647673892:,1747647683545
counter/8/0/0/0,28449:1747647671969:,1747647683545
counter/9/0/0/0,32198:1747647674457:,1747647683545
counter/2/0/0/0,32142:1747647676374:,1747647683545
counter/1/0/0/0,24714:1747647671102:,1747647683545
counter/6/0/0/0,27807:1747647673892:,1747647683545
counter/8/0/0/0,28450:1747647671969:,1747647683545
counter/9/0/0/0,32199:1747647674457:,1747647683545
counter/2/0/0/0,32143:1747647676374:,1747647683545
counter/1/0/0/0,24715:1747647671102:,1747647683545
counter/6/0/0/0,27808:1747647673892:,1747647683545
counter/8/0/0/0,28451:1747647671969:,1747647683545
counter/9/0/0/0,32200:1747647674457:,1747647683545
counter/2/0/0/0,32144:1747647676374:,1747647683545
counter/1/0/0/0,24716:1747647671102:,1747647683545
counter/6/0/0/0,27809:1747647673892:,1747647683545
counter/8/0/0/0,28452:1747647671969:,1747647683545
counter/9/0/0/0,32201:1747647674459:,1747647683545
counter/2/0/0/0,32145:1747647676374:,1747647683545
counter/1/0/0/0,24717:1747647671102:,1747647683545
counter/6/0/0/0,27810:1747647673892:,1747647683545
counter/8/0/0/0,28453:1747647671969:,1747647683545
counter/9/0/0/0,32202:1747647674459:,1747647683545
counter/2/0/0/0,32146:1747647676374:,1747647683546
counter/1/0/0/0,24718:1747647671102:,1747647683546
counter/6/0/0/0,27811:1747647673892:,1747647683546
counter/8/0/0/0,28454:1747647671969:,1747647683546
counter/9/0/0/0,32203:1747647674459:,1747647683546
counter/2/0/0/0,32147:1747647676374:,1747647683546
counter/1/0/0/0,24719:1747647671104:,1747647683546
counter/6/0/0/0,27812:1747647673892:,1747647683546
counter/8/0/0/0,28455:1747647671969:,1747647683546
counter/9/0/0/0,32204:1747647674459:,1747647683546
counter/2/0/0/0,32148:1747647676374:,1747647683546
counter/1/0/0/0,24720:1747647671104:,1747647683546
counter/6/0/0/0,27813:1747647673905:,1747647683546
counter/8/0/0/0,28456:1747647671970:,1747647683546
counter/9/0/0/0,32205:1747647674459:,1747647683546
counter/2/0/0/0,32149:1747647676374:,1747647683546
counter/1/0/0/0,24721:1747647671104:,1747647683546
counter/6/0/0/0,27814:1747647673905:,1747647683546
counter/8/0/0/0,28457:1747647671970:,1747647683546
counter/9/0/0/0,32206:1747647674459:,1747647683546
counter/2/0/0/0,32150:1747647676374:,1747647683546
counter/1/0/0/0,24722:1747647671104:,1747647683546
counter/6/0/0/0,27815:1747647673905:,1747647683546
counter/8/0/0/0,28458:1747647671970:,1747647683546
counter/9/0/0/0,32207:1747647674459:,1747647683546
counter/2/0/0/0,32151:1747647676375:,1747647683546
counter/1/0/0/0,24723:1747647671104:,1747647683546
counter/6/0/0/0,27816:1747647673905:,1747647683546
counter/8/0/0/0,28459:1747647671970:,1747647683546
counter/9/0/0/0,32208:1747647674460:,1747647683546
counter/2/0/0/0,32152:1747647676375:,1747647683546
counter/1/0/0/0,24724:1747647671104:,1747647683546
counter/6/0/0/0,27817:1747647673905:,1747647683546
counter/8/0/0/0,28460:1747647671971:,1747647683546
counter/9/0/0/0,32209:1747647674460:,1747647683546
counter/2/0/0/0,32153:1747647676375:,1747647683546
counter/1/0/0/0,24725:1747647671104:,1747647683546
counter/6/0/0/0,27818:1747647673905:,1747647683546
counter/8/0/0/0,28461:1747647671971:,1747647683546
counter/9/0/0/0,32210:1747647674468:,1747647683546
counter/2/0/0/0,32154:1747647676375:,1747647683546
counter/1/0/0/0,24726:1747647671104:,1747647683546
counter/6/0/0/0,27819:1747647673905:,1747647683546
counter/8/0/0/0,28462:1747647671971:,1747647683546
counter/9/0/0/0,32211:1747647674468:,1747647683547
counter/2/0/0/0,32155:1747647676375:,1747647683547
counter/1/0/0/0,24727:1747647671104:,1747647683547
counter/6/0/0/0,27820:1747647673905:,1747647683547
counter/8/0/0/0,28463:1747647671971:,1747647683547
counter/9/0/0/0,32212:1747647674468:,1747647683547
counter/2/0/0/0,32156:1747647676375:,1747647683547
counter/1/0/0/0,24728:1747647671104:,1747647683547
counter/8/0/0/0,28464:1747647671971:,1747647683547
counter/9/0/0/0,32213:1747647674468:,1747647683547
counter/2/0/0/0,32157:1747647676375:,1747647683547
counter/1/0/0/0,24729:1747647671104:,1747647683547
counter/8/0/0/0,28465:1747647671972:,1747647683547
counter/9/0/0/0,32214:1747647674471:,1747647683547
counter/2/0/0/0,32158:1747647676375:,1747647683547
counter/1/0/0/0,24730:1747647671108:,1747647683547
counter/8/0/0/0,28466:1747647671973:,1747647683547
counter/9/0/0/0,32215:1747647674471:,1747647683547
counter/2/0/0/0,32159:1747647676375:,1747647683547
counter/1/0/0/0,24731:1747647671120:,1747647683547
counter/9/0/0/0,32216:1747647674471:,1747647683547
counter/2/0/0/0,32160:1747647676375:,1747647683547
counter/1/0/0/0,24732:1747647671120:,1747647683547
counter/9/0/0/0,32217:1747647674471:,1747647683547
counter/2/0/0/0,32161:1747647676375:,1747647683547
counter/1/0/0/0,24733:1747647671120:,1747647683547
counter/9/0/0/0,32218:1747647674471:,1747647683547
counter/2/0/0/0,32162:1747647676375:,1747647683547
counter/1/0/0/0,24734:1747647671120:,1747647683547
counter/9/0/0/0,32219:1747647674471:,1747647683547
counter/2/0/0/0,32163:1747647676375:,1747647683547
counter/1/0/0/0,24735:1747647671120:,1747647683547
counter/9/0/0/0,32220:1747647674471:,1747647683547
counter/2/0/0/0,32164:1747647676375:,1747647683547
counter/1/0/0/0,24736:1747647671120:,1747647683547
counter/9/0/0/0,32221:1747647674471:,1747647683547
counter/2/0/0/0,32165:1747647676375:,1747647683547
counter/1/0/0/0,24737:1747647671120:,1747647683547
counter/9/0/0/0,32222:1747647674471:,1747647683547
counter/2/0/0/0,32166:1747647676375:,1747647683547
counter/1/0/0/0,24738:1747647671120:,1747647683547
counter/9/0/0/0,32223:1747647674471:,1747647683548
counter/2/0/0/0,32167:1747647676376:,1747647683548
counter/1/0/0/0,24739:1747647671120:,1747647683548
counter/9/0/0/0,32224:1747647674472:,1747647683548
counter/2/0/0/0,32168:1747647676376:,1747647683548
counter/1/0/0/0,24740:1747647671120:,1747647683548
counter/9/0/0/0,32225:1747647674472:,1747647683548
counter/2/0/0/0,32169:1747647676376:,1747647683548
counter/1/0/0/0,24741:1747647671120:,1747647683548
counter/9/0/0/0,32226:1747647674472:,1747647683548
counter/2/0/0/0,32170:1747647676376:,1747647683548
counter/1/0/0/0,24742:1747647671121:,1747647683548
counter/9/0/0/0,32227:1747647674472:,1747647683548
counter/2/0/0/0,32171:1747647676376:,1747647683548
counter/1/0/0/0,24743:1747647671121:,1747647683548
counter/9/0/0/0,32228:1747647674472:,1747647683548
counter/2/0/0/0,32172:1747647676376:,1747647683548
counter/1/0/0/0,24744:1747647671121:,1747647683548
counter/9/0/0/0,32229:1747647674472:,1747647683548
counter/2/0/0/0,32173:1747647676376:,1747647683548
counter/1/0/0/0,24745:1747647671121:,1747647683548
counter/9/0/0/0,32230:1747647674472:,1747647683548
counter/2/0/0/0,32174:1747647676376:,1747647683548
counter/1/0/0/0,24746:1747647671121:,1747647683548
counter/9/0/0/0,32231:1747647674472:,1747647683548
counter/2/0/0/0,32175:1747647676376:,1747647683548
counter/1/0/0/0,24747:1747647671126:,1747647683548
counter/9/0/0/0,32232:1747647674472:,1747647683548
counter/2/0/0/0,32176:1747647676376:,1747647683548
counter/1/0/0/0,24748:1747647671126:,1747647683548
counter/9/0/0/0,32233:1747647674472:,1747647683548
counter/2/0/0/0,32177:1747647676376:,1747647683548
counter/1/0/0/0,24749:1747647671126:,1747647683548
counter/9/0/0/0,32234:1747647674472:,1747647683548
counter/2/0/0/0,32178:1747647676376:,1747647683548
counter/1/0/0/0,24750:1747647671126:,1747647683548
counter/10/0/0/0,24911:1747647668586:,1747647683548
counter/9/0/0/0,32235:1747647674472:,1747647683548
counter/2/0/0/0,32179:1747647676376:,1747647683548
counter/1/0/0/0,24751:1747647671126:,1747647683548
counter/7/0/0/0,27590:1747647672900:,1747647683548
counter/3/0/0/0,23939:1747647670074:,1747647683548
counter/5/0/0/0,27520:1747647671980:,1747647683548
counter/9/0/0/0,32236:1747647674475:,1747647683548
counter/2/0/0/0,32180:1747647676376:,1747647683548
counter/1/0/0/0,24752:1747647671126:,1747647683549
counter/9/0/0/0,32237:1747647674475:,1747647683549
counter/2/0/0/0,32181:1747647676376:,1747647683549
counter/1/0/0/0,24753:1747647671127:,1747647683549
counter/9/0/0/0,32238:1747647674475:,1747647683549
counter/2/0/0/0,32182:1747647676376:,1747647683549
counter/1/0/0/0,24754:1747647671127:,1747647683549
counter/9/0/0/0,32239:1747647674486:,1747647683549
counter/2/0/0/0,32183:1747647676376:,1747647683549
counter/1/0/0/0,24755:1747647671127:,1747647683549
counter/9/0/0/0,32240:1747647674486:,1747647683549
counter/2/0/0/0,32184:1747647676376:,1747647683549
counter/1/0/0/0,24756:1747647671127:,1747647683549
counter/9/0/0/0,32241:1747647674486:,1747647683549
counter/2/0/0/0,32185:1747647676376:,1747647683549
counter/1/0/0/0,24757:1747647671127:,1747647683549
counter/9/0/0/0,32242:1747647674486:,1747647683549
counter/2/0/0/0,32186:1747647676376:,1747647683549
counter/1/0/0/0,24758:1747647671130:,1747647683549
counter/9/0/0/0,32243:1747647674486:,1747647683549
counter/2/0/0/0,32187:1747647676376:,1747647683549
counter/1/0/0/0,24759:1747647671131:,1747647683549
counter/7/0/0/0,27591:1747647672900:,1747647683549
counter/3/0/0/0,23940:1747647670074:,1747647683549
counter/9/0/0/0,32244:1747647674486:,1747647683549
counter/2/0/0/0,32188:1747647676379:,1747647683549
counter/1/0/0/0,24760:1747647671134:,1747647683549
counter/5/0/0/0,27521:1747647671980:,1747647683549
counter/6/0/0/0,27821:1747647673905:,1747647683549
counter/8/0/0/0,28467:1747647671973:,1747647683549
counter/10/0/0/0,24912:1747647668586:,1747647683549
counter/9/0/0/0,32245:1747647674494:,1747647683549
counter/2/0/0/0,32189:1747647676379:,1747647683549
counter/1/0/0/0,24761:1747647671134:,1747647683549
counter/4/0/0/0,23657:1747647670268:,1747647683549
counter/9/0/0/0,32246:1747647674494:,1747647683549
counter/2/0/0/0,32190:1747647676379:,1747647683549
counter/1/0/0/0,24762:1747647671134:,1747647683549
counter/5/0/0/0,27522:1747647671980:,1747647683549
counter/9/0/0/0,32247:1747647674494:,1747647683549
counter/2/0/0/0,32191:1747647676380:,1747647683549
counter/1/0/0/0,24763:1747647671135:,1747647683549
counter/5/0/0/0,27523:1747647671980:,1747647683549
counter/9/0/0/0,32248:1747647674494:,1747647683550
counter/2/0/0/0,32192:1747647676380:,1747647683550
counter/1/0/0/0,24764:1747647671135:,1747647683550
counter/5/0/0/0,27524:1747647671980:,1747647683550
counter/9/0/0/0,32249:1747647674494:,1747647683550
counter/2/0/0/0,32193:1747647676380:,1747647683550
counter/1/0/0/0,24765:1747647671135:,1747647683550
counter/5/0/0/0,27525:1747647671980:,1747647683550
counter/9/0/0/0,32250:1747647674494:,1747647683550
counter/2/0/0/0,32194:1747647676380:,1747647683550
counter/1/0/0/0,24766:1747647671135:,1747647683550
counter/5/0/0/0,27526:1747647671980:,1747647683550
counter/9/0/0/0,32251:1747647674494:,1747647683550
counter/2/0/0/0,32195:1747647676383:,1747647683550
counter/1/0/0/0,24767:1747647671136:,1747647683550
counter/5/0/0/0,27527:1747647671980:,1747647683550
counter/9/0/0/0,32252:1747647674494:,1747647683550
counter/2/0/0/0,32196:1747647676384:,1747647683550
counter/1/0/0/0,24768:1747647671136:,1747647683550
counter/5/0/0/0,27528:1747647671980:,1747647683550
counter/9/0/0/0,32253:1747647674494:,1747647683550
counter/2/0/0/0,32197:1747647676384:,1747647683550
counter/1/0/0/0,24769:1747647671136:,1747647683550
counter/5/0/0/0,27529:1747647671980:,1747647683550
counter/9/0/0/0,32254:1747647674494:,1747647683550
counter/2/0/0/0,32198:1747647676384:,1747647683550
counter/1/0/0/0,24770:1747647671136:,1747647683550
counter/5/0/0/0,27530:1747647671980:,1747647683550
counter/9/0/0/0,32255:1747647674494:,1747647683550
counter/2/0/0/0,32199:1747647676384:,1747647683550
counter/1/0/0/0,24771:1747647671136:,1747647683550
counter/5/0/0/0,27531:1747647671980:,1747647683550
counter/9/0/0/0,32256:1747647674494:,1747647683550
counter/2/0/0/0,32200:1747647676384:,1747647683550
counter/1/0/0/0,24772:1747647671136:,1747647683550
counter/5/0/0/0,27532:1747647671980:,1747647683550
counter/9/0/0/0,32257:1747647674494:,1747647683550
counter/2/0/0/0,32201:1747647676384:,1747647683550
counter/1/0/0/0,24773:1747647671136:,1747647683550
counter/5/0/0/0,27533:1747647671980:,1747647683550
counter/9/0/0/0,32258:1747647674494:,1747647683550
counter/2/0/0/0,32202:1747647676384:,1747647683550
counter/1/0/0/0,24774:1747647671136:,1747647683550
counter/5/0/0/0,27534:1747647671980:,1747647683550
counter/9/0/0/0,32259:1747647674494:,1747647683550
counter/2/0/0/0,32203:1747647676384:,1747647683551
counter/1/0/0/0,24775:1747647671136:,1747647683551
counter/5/0/0/0,27535:1747647671980:,1747647683551
counter/9/0/0/0,32260:1747647674497:,1747647683551
counter/2/0/0/0,32204:1747647676384:,1747647683551
counter/1/0/0/0,24776:1747647671141:,1747647683551
counter/5/0/0/0,27536:1747647671980:,1747647683551
counter/9/0/0/0,32261:1747647674497:,1747647683551
counter/2/0/0/0,32205:1747647676384:,1747647683551
counter/1/0/0/0,24777:1747647671141:,1747647683551
counter/5/0/0/0,27537:1747647671980:,1747647683551
counter/9/0/0/0,32262:1747647674497:,1747647683551
counter/2/0/0/0,32206:1747647676384:,1747647683551
counter/1/0/0/0,24778:1747647671141:,1747647683551
counter/5/0/0/0,27538:1747647671980:,1747647683551
counter/8/0/0/0,28468:1747647671973:,1747647683551
counter/6/0/0/0,27822:1747647673905:,1747647683551
counter/9/0/0/0,32263:1747647674497:,1747647683551
counter/2/0/0/0,32207:1747647676384:,1747647683551
counter/1/0/0/0,24779:1747647671141:,1747647683551
counter/5/0/0/0,27539:1747647671980:,1747647683551
counter/10/0/0/0,24913:1747647668586:,1747647683551
counter/9/0/0/0,32264:1747647674497:,1747647683551
counter/2/0/0/0,32208:1747647676384:,1747647683551
counter/1/0/0/0,24780:1747647671141:,1747647683551
counter/5/0/0/0,27540:1747647671980:,1747647683551
counter/4/0/0/0,23658:1747647670268:,1747647683551
counter/8/0/0/0,28469:1747647671973:,1747647683551
counter/9/0/0/0,32265:1747647674497:,1747647683551
counter/2/0/0/0,32209:1747647676384:,1747647683551
counter/1/0/0/0,24781:1747647671141:,1747647683551
counter/5/0/0/0,27541:1747647671980:,1747647683551
counter/3/0/0/0,23941:1747647670074:,1747647683551
counter/9/0/0/0,32266:1747647674497:,1747647683551
counter/2/0/0/0,32210:1747647676384:,1747647683551
counter/1/0/0/0,24782:1747647671141:,1747647683551
counter/5/0/0/0,27542:1747647671980:,1747647683551
counter/10/0/0/0,24914:1747647668586:,1747647683551
counter/9/0/0/0,32267:1747647674498:,1747647683551
counter/2/0/0/0,32211:1747647676387:,1747647683551
counter/1/0/0/0,24783:1747647671141:,1747647683551
counter/5/0/0/0,27543:1747647671981:,1747647683552
counter/9/0/0/0,32268:1747647674498:,1747647683552
counter/2/0/0/0,32212:1747647676387:,1747647683552
counter/1/0/0/0,24784:1747647671141:,1747647683552
counter/5/0/0/0,27544:1747647671981:,1747647683552
counter/9/0/0/0,32269:1747647674498:,1747647683552
counter/2/0/0/0,32213:1747647676387:,1747647683552
counter/1/0/0/0,24785:1747647671141:,1747647683552
counter/5/0/0/0,27545:1747647671981:,1747647683552
counter/9/0/0/0,32270:1747647674498:,1747647683552
counter/2/0/0/0,32214:1747647676387:,1747647683552
counter/1/0/0/0,24786:1747647671141:,1747647683552
counter/5/0/0/0,27546:1747647671981:,1747647683552
counter/9/0/0/0,32271:1747647674498:,1747647683552
counter/2/0/0/0,32215:1747647676387:,1747647683552
counter/1/0/0/0,24787:1747647671141:,1747647683552
counter/5/0/0/0,27547:1747647671983:,1747647683552
counter/9/0/0/0,32272:1747647674498:,1747647683552
counter/2/0/0/0,32216:1747647676387:,1747647683552
counter/1/0/0/0,24788:1747647671141:,1747647683552
counter/5/0/0/0,27548:1747647671984:,1747647683552
counter/4/0/0/0,23659:1747647670268:,1747647683552
counter/10/0/0/0,24915:1747647668586:,1747647683552
counter/9/0/0/0,32273:1747647674498:,1747647683552
counter/2/0/0/0,32217:1747647676387:,1747647683552
counter/1/0/0/0,24789:1747647671141:,1747647683552
counter/5/0/0/0,27549:1747647671984:,1747647683552
counter/7/0/0/0,27592:1747647672900:,1747647683552
counter/3/0/0/0,23942:1747647670074:,1747647683552
counter/9/0/0/0,32274:1747647674498:,1747647683552
counter/2/0/0/0,32218:1747647676387:,1747647683552
counter/1/0/0/0,24790:1747647671141:,1747647683552
counter/5/0/0/0,27550:1747647671984:,1747647683552
counter/9/0/0/0,32275:1747647674499:,1747647683552
counter/2/0/0/0,32219:1747647676387:,1747647683552
counter/1/0/0/0,24791:1747647671141:,1747647683552
counter/5/0/0/0,27551:1747647671984:,1747647683552
counter/9/0/0/0,32276:1747647674499:,1747647683552
counter/2/0/0/0,32220:1747647676387:,1747647683552
counter/1/0/0/0,24792:1747647671141:,1747647683552
counter/5/0/0/0,27552:1747647671984:,1747647683552
counter/9/0/0/0,32277:1747647674499:,1747647683552
counter/2/0/0/0,32221:1747647676387:,1747647683552
counter/1/0/0/0,24793:1747647671141:,1747647683552
counter/5/0/0/0,27553:1747647671984:,1747647683552
counter/9/0/0/0,32278:1747647674499:,1747647683552
counter/2/0/0/0,32222:1747647676387:,1747647683552
counter/1/0/0/0,24794:1747647671148:,1747647683552
counter/5/0/0/0,27554:1747647671984:,1747647683552
counter/4/0/0/0,23660:1747647670269:,1747647683552
counter/9/0/0/0,32279:1747647674499:,1747647683552
counter/2/0/0/0,32223:1747647676387:,1747647683553
counter/1/0/0/0,24795:1747647671148:,1747647683553
counter/5/0/0/0,27555:1747647671984:,1747647683553
counter/9/0/0/0,32280:1747647674499:,1747647683553
counter/2/0/0/0,32224:1747647676387:,1747647683553
counter/1/0/0/0,24796:1747647671148:,1747647683553
counter/5/0/0/0,27556:1747647671984:,1747647683553
counter/9/0/0/0,32281:1747647674505:,1747647683553
counter/2/0/0/0,32225:1747647676387:,1747647683553
counter/1/0/0/0,24797:1747647671148:,1747647683553
counter/5/0/0/0,27557:1747647671985:,1747647683553
counter/9/0/0/0,32282:1747647674506:,1747647683553
counter/2/0/0/0,32226:1747647676387:,1747647683553
counter/1/0/0/0,24798:1747647671148:,1747647683553
counter/5/0/0/0,27558:1747647671985:,1747647683553
counter/9/0/0/0,32283:1747647674507:,1747647683553
counter/2/0/0/0,32227:1747647676387:,1747647683553
counter/1/0/0/0,24799:1747647671148:,1747647683553
counter/5/0/0/0,27559:1747647671985:,1747647683553
counter/9/0/0/0,32284:1747647674507:,1747647683553
counter/2/0/0/0,32228:1747647676389:,1747647683553
counter/1/0/0/0,24800:1747647671148:,1747647683553
counter/5/0/0/0,27560:1747647671985:,1747647683553
counter/9/0/0/0,32285:1747647674507:,1747647683553
counter/2/0/0/0,32229:1747647676390:,1747647683553
counter/1/0/0/0,24801:1747647671148:,1747647683553
counter/5/0/0/0,27561:1747647671985:,1747647683553
counter/4/0/0/0,23661:1747647670269:,1747647683553
counter/9/0/0/0,32286:1747647674507:,1747647683553
counter/2/0/0/0,32230:1747647676390:,1747647683553
counter/1/0/0/0,24802:1747647671148:,1747647683553
counter/5/0/0/0,27562:1747647671985:,1747647683553
counter/10/0/0/0,24916:1747647668586:,1747647683553
counter/9/0/0/0,32287:1747647674507:,1747647683553
counter/2/0/0/0,32231:1747647676390:,1747647683553
counter/1/0/0/0,24803:1747647671148:,1747647683553
counter/5/0/0/0,27563:1747647671986:,1747647683553
counter/3/0/0/0,23943:1747647670074:,1747647683553
counter/9/0/0/0,32288:1747647674507:,1747647683553
counter/2/0/0/0,32232:1747647676390:,1747647683553
counter/1/0/0/0,24804:1747647671148:,1747647683553
counter/5/0/0/0,27564:1747647671986:,1747647683553
counter/7/0/0/0,27593:1747647672900:,1747647683554
counter/4/0/0/0,23662:1747647670269:,1747647683554
counter/9/0/0/0,32289:1747647674507:,1747647683554
counter/2/0/0/0,32233:1747647676392:,1747647683554
counter/1/0/0/0,24805:1747647671148:,1747647683554
counter/5/0/0/0,27565:1747647671986:,1747647683554
counter/4/0/0/0,23663:1747647670269:,1747647683554
counter/8/0/0/0,28470:1747647671973:,1747647683554
counter/9/0/0/0,32290:1747647674507:,1747647683554
counter/2/0/0/0,32234:1747647676392:,1747647683554
counter/1/0/0/0,24806:1747647671148:,1747647683554
counter/5/0/0/0,27566:1747647671986:,1747647683554
counter/4/0/0/0,23664:1747647670269:,1747647683554
counter/9/0/0/0,32291:1747647674507:,1747647683554
counter/2/0/0/0,32235:1747647676396:,1747647683554
counter/1/0/0/0,24807:1747647671148:,1747647683554
counter/5/0/0/0,27567:1747647671986:,1747647683554
counter/4/0/0/0,23665:1747647670269:,1747647683554
counter/9/0/0/0,32292:1747647674507:,1747647683554
counter/2/0/0/0,32236:1747647676396:,1747647683554
counter/1/0/0/0,24808:1747647671149:,1747647683554
counter/5/0/0/0,27568:1747647671986:,1747647683554
counter/4/0/0/0,23666:1747647670269:,1747647683554
counter/9/0/0/0,32293:1747647674507:,1747647683554
counter/2/0/0/0,32237:1747647676396:,1747647683554
counter/1/0/0/0,24809:1747647671149:,1747647683554
counter/5/0/0/0,27569:1747647671986:,1747647683554
counter/4/0/0/0,23667:1747647670270:,1747647683554
counter/9/0/0/0,32294:1747647674508:,1747647683554
counter/2/0/0/0,32238:1747647676396:,1747647683554
counter/1/0/0/0,24810:1747647671158:,1747647683554
counter/5/0/0/0,27570:1747647671986:,1747647683554
counter/4/0/0/0,23668:1747647670270:,1747647683554
counter/9/0/0/0,32295:1747647674508:,1747647683554
counter/2/0/0/0,32239:1747647676399:,1747647683554
counter/1/0/0/0,24811:1747647671158:,1747647683554
counter/5/0/0/0,27571:1747647671986:,1747647683554
counter/4/0/0/0,23669:1747647670270:,1747647683554
counter/9/0/0/0,32296:1747647674508:,1747647683554
counter/2/0/0/0,32240:1747647676408:,1747647683554
counter/1/0/0/0,24812:1747647671159:,1747647683554
counter/5/0/0/0,27572:1747647671986:,1747647683554
counter/4/0/0/0,23670:1747647670270:,1747647683554
counter/8/0/0/0,28471:1747647671973:,1747647683554
counter/9/0/0/0,32297:1747647674508:,1747647683554
counter/2/0/0/0,32241:1747647676408:,1747647683554
counter/1/0/0/0,24813:1747647671159:,1747647683555
counter/5/0/0/0,27573:1747647671986:,1747647683555
counter/4/0/0/0,23671:1747647670271:,1747647683555
counter/9/0/0/0,32298:1747647674508:,1747647683555
counter/2/0/0/0,32242:1747647676408:,1747647683555
counter/1/0/0/0,24814:1747647671159:,1747647683555
counter/5/0/0/0,27574:1747647671986:,1747647683555
counter/4/0/0/0,23672:1747647670271:,1747647683555
counter/9/0/0/0,32299:1747647674508:,1747647683555
counter/2/0/0/0,32243:1747647676408:,1747647683555
counter/1/0/0/0,24815:1747647671159:,1747647683555
counter/5/0/0/0,27575:1747647671986:,1747647683555
counter/4/0/0/0,23673:1747647670271:,1747647683555
counter/9/0/0/0,32300:1747647674508:,1747647683555
counter/2/0/0/0,32244:1747647676408:,1747647683555
counter/1/0/0/0,24816:1747647671159:,1747647683555
counter/5/0/0/0,27576:1747647671986:,1747647683555
counter/4/0/0/0,23674:1747647670271:,1747647683555
counter/9/0/0/0,32301:1747647674508:,1747647683555
counter/2/0/0/0,32245:1747647676408:,1747647683555
counter/1/0/0/0,24817:1747647671167:,1747647683555
counter/5/0/0/0,27577:1747647671986:,1747647683555
counter/4/0/0/0,23675:1747647670271:,1747647683555
counter/9/0/0/0,32302:1747647674508:,1747647683555
counter/2/0/0/0,32246:1747647676408:,1747647683555
counter/1/0/0/0,24818:1747647671167:,1747647683555
counter/5/0/0/0,27578:1747647671986:,1747647683555
counter/4/0/0/0,23676:1747647670271:,1747647683555
counter/10/0/0/0,24917:1747647668586:,1747647683555
counter/7/0/0/0,27594:1747647672932:,1747647683555
counter/9/0/0/0,32303:1747647674508:,1747647683555
counter/2/0/0/0,32247:1747647676408:,1747647683555
counter/1/0/0/0,24819:1747647671168:,1747647683555
counter/5/0/0/0,27579:1747647671986:,1747647683555
counter/4/0/0/0,23677:1747647670271:,1747647683555
counter/9/0/0/0,32304:1747647674512:,1747647683555
counter/2/0/0/0,32248:1747647676408:,1747647683555
counter/1/0/0/0,24820:1747647671168:,1747647683555
counter/5/0/0/0,27580:1747647671986:,1747647683555
counter/4/0/0/0,23678:1747647670271:,1747647683555
counter/9/0/0/0,32305:1747647674512:,1747647683555
counter/2/0/0/0,32249:1747647676408:,1747647683555
counter/1/0/0/0,24821:1747647671168:,1747647683556
counter/5/0/0/0,27581:1747647671986:,1747647683556
counter/4/0/0/0,23679:1747647670271:,1747647683556
counter/9/0/0/0,32306:1747647674512:,1747647683556
counter/2/0/0/0,32250:1747647676408:,1747647683556
counter/1/0/0/0,24822:1747647671168:,1747647683556
counter/5/0/0/0,27582:1747647671986:,1747647683556
counter/4/0/0/0,23680:1747647670271:,1747647683556
counter/9/0/0/0,32307:1747647674512:,1747647683556
counter/2/0/0/0,32251:1747647676415:,1747647683556
counter/1/0/0/0,24823:1747647671168:,1747647683556
counter/5/0/0/0,27583:1747647671986:,1747647683556
counter/4/0/0/0,23681:1747647670271:,1747647683556
counter/9/0/0/0,32308:1747647674513:,1747647683556
counter/2/0/0/0,32252:1747647676415:,1747647683556
counter/1/0/0/0,24824:1747647671173:,1747647683556
counter/5/0/0/0,27584:1747647671986:,1747647683556
counter/4/0/0/0,23682:1747647670271:,1747647683556
counter/3/0/0/0,23944:1747647670074:,1747647683556
counter/9/0/0/0,32309:1747647674513:,1747647683556
counter/2/0/0/0,32253:1747647676415:,1747647683556
counter/1/0/0/0,24825:1747647671173:,1747647683556
counter/5/0/0/0,27585:1747647671987:,1747647683556
counter/4/0/0/0,23683:1747647670273:,1747647683556
counter/9/0/0/0,32310:1747647674517:,1747647683556
counter/2/0/0/0,32254:1747647676415:,1747647683556
counter/1/0/0/0,24826:1747647671173:,1747647683556
counter/5/0/0/0,27586:1747647671987:,1747647683556
counter/4/0/0/0,23684:1747647670273:,1747647683556
counter/9/0/0/0,32311:1747647674517:,1747647683556
counter/2/0/0/0,32255:1747647676415:,1747647683556
counter/1/0/0/0,24827:1747647671173:,1747647683556
counter/5/0/0/0,27587:1747647671987:,1747647683556
counter/4/0/0/0,23685:1747647670274:,1747647683556
counter/9/0/0/0,32312:1747647674517:,1747647683556
counter/2/0/0/0,32256:1747647676415:,1747647683556
counter/1/0/0/0,24828:1747647671173:,1747647683556
counter/5/0/0/0,27588:1747647671987:,1747647683556
counter/4/0/0/0,23686:1747647670274:,1747647683556
counter/9/0/0/0,32313:1747647674517:,1747647683556
counter/2/0/0/0,32257:1747647676415:,1747647683556
counter/1/0/0/0,24829:1747647671173:,1747647683556
counter/5/0/0/0,27589:1747647671987:,1747647683557
counter/4/0/0/0,23687:1747647670274:,1747647683557
counter/9/0/0/0,32314:1747647674517:,1747647683557
counter/2/0/0/0,32258:1747647676441:,1747647683557
counter/1/0/0/0,24830:1747647671173:,1747647683557
counter/5/0/0/0,27590:1747647671987:,1747647683557
counter/4/0/0/0,23688:1747647670274:,1747647683557
counter/9/0/0/0,32315:1747647674517:,1747647683557
counter/2/0/0/0,32259:1747647676441:,1747647683557
counter/1/0/0/0,24831:1747647671173:,1747647683557
counter/5/0/0/0,27591:1747647671987:,1747647683557
counter/4/0/0/0,23689:1747647670274:,1747647683557
counter/9/0/0/0,32316:1747647674517:,1747647683557
counter/2/0/0/0,32260:1747647676441:,1747647683557
counter/1/0/0/0,24832:1747647671193:,1747647683557
counter/5/0/0/0,27592:1747647671987:,1747647683557
counter/4/0/0/0,23690:1747647670274:,1747647683557
counter/9/0/0/0,32317:1747647674517:,1747647683557
counter/2/0/0/0,32261:1747647676441:,1747647683557
counter/1/0/0/0,24833:1747647671193:,1747647683557
counter/5/0/0/0,27593:1747647671987:,1747647683557
counter/4/0/0/0,23691:1747647670274:,1747647683557
counter/9/0/0/0,32318:1747647674517:,1747647683557
counter/2/0/0/0,32262:1747647676441:,1747647683557
counter/1/0/0/0,24834:1747647671193:,1747647683557
counter/5/0/0/0,27594:1747647671988:,1747647683557
counter/4/0/0/0,23692:1747647670274:,1747647683557
counter/9/0/0/0,32319:1747647674517:,1747647683557
counter/2/0/0/0,32263:1747647676441:,1747647683557
counter/1/0/0/0,24835:1747647671193:,1747647683557
counter/5/0/0/0,27595:1747647671991:,1747647683557
counter/4/0/0/0,23693:1747647670274:,1747647683557
counter/9/0/0/0,32320:1747647674517:,1747647683557
counter/2/0/0/0,32264:1747647676441:,1747647683557
counter/1/0/0/0,24836:1747647671193:,1747647683557
counter/5/0/0/0,27596:1747647671991:,1747647683557
counter/4/0/0/0,23694:1747647670274:,1747647683557
counter/9/0/0/0,32321:1747647674517:,1747647683557
counter/2/0/0/0,32265:1747647676441:,1747647683557
counter/1/0/0/0,24837:1747647671193:,1747647683557
counter/5/0/0/0,27597:1747647671991:,1747647683557
counter/4/0/0/0,23695:1747647670274:,1747647683557
counter/9/0/0/0,32322:1747647674517:,1747647683558
counter/2/0/0/0,32266:1747647676441:,1747647683558
counter/1/0/0/0,24838:1747647671193:,1747647683558
counter/5/0/0/0,27598:1747647671991:,1747647683558
counter/4/0/0/0,23696:1747647670274:,1747647683558
counter/9/0/0/0,32323:1747647674518:,1747647683558
counter/2/0/0/0,32267:1747647676441:,1747647683558
counter/1/0/0/0,24839:1747647671199:,1747647683558
counter/5/0/0/0,27599:1747647671991:,1747647683558
counter/4/0/0/0,23697:1747647670285:,1747647683558
counter/9/0/0/0,32324:1747647674518:,1747647683558
counter/2/0/0/0,32268:1747647676441:,1747647683558
counter/1/0/0/0,24840:1747647671199:,1747647683558
counter/5/0/0/0,27600:1747647671991:,1747647683558
counter/4/0/0/0,23698:1747647670285:,1747647683558
counter/9/0/0/0,32325:1747647674518:,1747647683558
counter/2/0/0/0,32269:1747647676441:,1747647683558
counter/1/0/0/0,24841:1747647671200:,1747647683558
counter/5/0/0/0,27601:1747647671991:,1747647683558
counter/4/0/0/0,23699:1747647670285:,1747647683558
counter/9/0/0/0,32326:1747647674518:,1747647683558
counter/2/0/0/0,32270:1747647676442:,1747647683558
counter/1/0/0/0,24842:1747647671200:,1747647683558
counter/5/0/0/0,27602:1747647671991:,1747647683558
counter/4/0/0/0,23700:1747647670285:,1747647683558
counter/9/0/0/0,32327:1747647674525:,1747647683558
counter/2/0/0/0,32271:1747647676442:,1747647683558
counter/1/0/0/0,24843:1747647671200:,1747647683558
counter/5/0/0/0,27603:1747647671991:,1747647683558
counter/4/0/0/0,23701:1747647670285:,1747647683558
counter/9/0/0/0,32328:1747647674525:,1747647683558
counter/2/0/0/0,32272:1747647676442:,1747647683558
counter/1/0/0/0,24844:1747647671200:,1747647683558
counter/5/0/0/0,27604:1747647671991:,1747647683558
counter/4/0/0/0,23702:1747647670285:,1747647683558
counter/9/0/0/0,32329:1747647674525:,1747647683558
counter/2/0/0/0,32273:1747647676442:,1747647683558
counter/1/0/0/0,24845:1747647671200:,1747647683559
counter/5/0/0/0,27605:1747647671991:,1747647683559
counter/4/0/0/0,23703:1747647670285:,1747647683559
counter/9/0/0/0,32330:1747647674525:,1747647683559
counter/2/0/0/0,32274:1747647676442:,1747647683559
counter/1/0/0/0,24846:1747647671200:,1747647683559
counter/5/0/0/0,27606:1747647671991:,1747647683559
counter/4/0/0/0,23704:1747647670292:,1747647683559
counter/9/0/0/0,32331:1747647674525:,1747647683559
counter/2/0/0/0,32275:1747647676442:,1747647683559
counter/1/0/0/0,24847:1747647671200:,1747647683559
counter/5/0/0/0,27607:1747647671991:,1747647683559
counter/4/0/0/0,23705:1747647670292:,1747647683559
counter/9/0/0/0,32332:1747647674533:,1747647683559
counter/2/0/0/0,32276:1747647676442:,1747647683559
counter/1/0/0/0,24848:1747647671205:,1747647683559
counter/5/0/0/0,27608:1747647671991:,1747647683559
counter/4/0/0/0,23706:1747647670292:,1747647683559
counter/9/0/0/0,32333:1747647674533:,1747647683559
counter/2/0/0/0,32277:1747647676442:,1747647683559
counter/1/0/0/0,24849:1747647671205:,1747647683559
counter/5/0/0/0,27609:1747647671991:,1747647683559
counter/4/0/0/0,23707:1747647670292:,1747647683559
counter/9/0/0/0,32334:1747647674533:,1747647683559
counter/2/0/0/0,32278:1747647676442:,1747647683559
counter/1/0/0/0,24850:1747647671205:,1747647683559
counter/5/0/0/0,27610:1747647671991:,1747647683559
counter/4/0/0/0,23708:1747647670293:,1747647683559
counter/9/0/0/0,32335:1747647674533:,1747647683559
counter/2/0/0/0,32279:1747647676442:,1747647683559
counter/1/0/0/0,24851:1747647671205:,1747647683559
counter/5/0/0/0,27611:1747647671992:,1747647683559
counter/4/0/0/0,23709:1747647670293:,1747647683559
counter/9/0/0/0,32336:1747647674533:,1747647683559
counter/2/0/0/0,32280:1747647676442:,1747647683559
counter/1/0/0/0,24852:1747647671205:,1747647683559
counter/5/0/0/0,27612:1747647671992:,1747647683559
counter/4/0/0/0,23710:1747647670293:,1747647683559
counter/10/0/0/0,24918:1747647668586:,1747647683559
counter/9/0/0/0,32337:1747647674533:,1747647683559
counter/2/0/0/0,32281:1747647676442:,1747647683559
counter/1/0/0/0,24853:1747647671206:,1747647683559
counter/5/0/0/0,27613:1747647671992:,1747647683559
counter/4/0/0/0,23711:1747647670293:,1747647683559
counter/7/0/0/0,27595:1747647672932:,1747647683559
counter/9/0/0/0,32338:1747647674533:,1747647683560
counter/2/0/0/0,32282:1747647676442:,1747647683560
counter/1/0/0/0,24854:1747647671206:,1747647683560
counter/5/0/0/0,27614:1747647671992:,1747647683560
counter/4/0/0/0,23712:1747647670293:,1747647683560
counter/9/0/0/0,32339:1747647674533:,1747647683560
counter/2/0/0/0,32283:1747647676442:,1747647683560
counter/1/0/0/0,24855:1747647671206:,1747647683560
counter/5/0/0/0,27615:1747647671992:,1747647683560
counter/4/0/0/0,23713:1747647670296:,1747647683560
counter/3/0/0/0,23945:1747647670074:,1747647683560
counter/9/0/0/0,32340:1747647674533:,1747647683560
counter/2/0/0/0,32284:1747647676442:,1747647683560
counter/1/0/0/0,24856:1747647671206:,1747647683560
counter/5/0/0/0,27616:1747647671992:,1747647683560
counter/4/0/0/0,23714:1747647670296:,1747647683560
counter/9/0/0/0,32341:1747647674533:,1747647683560
counter/2/0/0/0,32285:1747647676442:,1747647683560
counter/1/0/0/0,24857:1747647671206:,1747647683560
counter/5/0/0/0,27617:1747647671992:,1747647683560
counter/4/0/0/0,23715:1747647670296:,1747647683560
counter/9/0/0/0,32342:1747647674533:,1747647683560
counter/2/0/0/0,32286:1747647676442:,1747647683560
counter/1/0/0/0,24858:1747647671206:,1747647683560
counter/5/0/0/0,27618:1747647671992:,1747647683560
counter/4/0/0/0,23716:1747647670296:,1747647683560
counter/9/0/0/0,32343:1747647674533:,1747647683560
counter/2/0/0/0,32287:1747647676442:,1747647683560
counter/1/0/0/0,24859:1747647671206:,1747647683560
counter/5/0/0/0,27619:1747647671992:,1747647683560
counter/4/0/0/0,23717:1747647670296:,1747647683560
counter/9/0/0/0,32344:1747647674533:,1747647683560
counter/2/0/0/0,32288:1747647676442:,1747647683560
counter/1/0/0/0,24860:1747647671206:,1747647683560
counter/5/0/0/0,27620:1747647671992:,1747647683560
counter/4/0/0/0,23718:1747647670296:,1747647683560
counter/9/0/0/0,32345:1747647674533:,1747647683560
counter/2/0/0/0,32289:1747647676452:,1747647683560
counter/1/0/0/0,24861:1747647671206:,1747647683560
counter/5/0/0/0,27621:1747647671992:,1747647683560
counter/4/0/0/0,23719:1747647670297:,1747647683560
counter/9/0/0/0,32346:1747647674533:,1747647683560
counter/2/0/0/0,32290:1747647676452:,1747647683560
counter/1/0/0/0,24862:1747647671206:,1747647683561
counter/5/0/0/0,27622:1747647671992:,1747647683561
counter/4/0/0/0,23720:1747647670297:,1747647683561
counter/9/0/0/0,32347:1747647674533:,1747647683561
counter/2/0/0/0,32291:1747647676452:,1747647683561
counter/1/0/0/0,24863:1747647671206:,1747647683561
counter/5/0/0/0,27623:1747647671992:,1747647683561
counter/4/0/0/0,23721:1747647670297:,1747647683561
counter/9/0/0/0,32348:1747647674533:,1747647683561
counter/2/0/0/0,32292:1747647676453:,1747647683561
counter/1/0/0/0,24864:1747647671208:,1747647683561
counter/5/0/0/0,27624:1747647671992:,1747647683561
counter/4/0/0/0,23722:1747647670297:,1747647683561
counter/9/0/0/0,32349:1747647674533:,1747647683561
counter/2/0/0/0,32293:1747647676453:,1747647683561
counter/1/0/0/0,24865:1747647671208:,1747647683561
counter/5/0/0/0,27625:1747647671992:,1747647683561
counter/4/0/0/0,23723:1747647670297:,1747647683561
counter/3/0/0/0,23946:1747647670075:,1747647683561
counter/9/0/0/0,32350:1747647674533:,1747647683561
counter/2/0/0/0,32294:1747647676453:,1747647683561
counter/1/0/0/0,24866:1747647671208:,1747647683561
counter/5/0/0/0,27626:1747647671992:,1747647683561
counter/4/0/0/0,23724:1747647670297:,1747647683561
counter/7/0/0/0,27596:1747647672932:,1747647683561
counter/9/0/0/0,32351:1747647674533:,1747647683561
counter/2/0/0/0,32295:1747647676453:,1747647683561
counter/1/0/0/0,24867:1747647671208:,1747647683561
counter/5/0/0/0,27627:1747647671992:,1747647683561
counter/4/0/0/0,23725:1747647670297:,1747647683561
counter/9/0/0/0,32352:1747647674533:,1747647683561
counter/2/0/0/0,32296:1747647676457:,1747647683561
counter/1/0/0/0,24868:1747647671208:,1747647683561
counter/5/0/0/0,27628:1747647671992:,1747647683561
counter/4/0/0/0,23726:1747647670297:,1747647683561
counter/9/0/0/0,32353:1747647674533:,1747647683561
counter/2/0/0/0,32297:1747647676457:,1747647683561
counter/1/0/0/0,24869:1747647671208:,1747647683561
counter/5/0/0/0,27629:1747647671994:,1747647683561
counter/4/0/0/0,23727:1747647670303:,1747647683561
counter/9/0/0/0,32354:1747647674533:,1747647683561
counter/2/0/0/0,32298:1747647676457:,1747647683562
counter/1/0/0/0,24870:1747647671209:,1747647683562
counter/5/0/0/0,27630:1747647671995:,1747647683562
counter/4/0/0/0,23728:1747647670303:,1747647683562
counter/9/0/0/0,32355:1747647674533:,1747647683562
counter/2/0/0/0,32299:1747647676457:,1747647683562
counter/1/0/0/0,24871:1747647671209:,1747647683562
counter/5/0/0/0,27631:1747647671995:,1747647683562
counter/4/0/0/0,23729:1747647670303:,1747647683562
counter/9/0/0/0,32356:1747647674533:,1747647683562
counter/2/0/0/0,32300:1747647676457:,1747647683562
counter/1/0/0/0,24872:1747647671210:,1747647683562
counter/5/0/0/0,27632:1747647671995:,1747647683562
counter/4/0/0/0,23730:1747647670303:,1747647683562
counter/9/0/0/0,32357:1747647674533:,1747647683562
counter/2/0/0/0,32301:1747647676459:,1747647683562
counter/1/0/0/0,24873:1747647671210:,1747647683562
counter/5/0/0/0,27633:1747647671995:,1747647683562
counter/4/0/0/0,23731:1747647670303:,1747647683562
counter/9/0/0/0,32358:1747647674533:,1747647683562
counter/2/0/0/0,32302:1747647676459:,1747647683562
counter/1/0/0/0,24874:1747647671210:,1747647683562
counter/5/0/0/0,27634:1747647671995:,1747647683562
counter/4/0/0/0,23732:1747647670303:,1747647683562
counter/9/0/0/0,32359:1747647674533:,1747647683562
counter/2/0/0/0,32303:1747647676459:,1747647683562
counter/1/0/0/0,24875:1747647671210:,1747647683562
counter/5/0/0/0,27635:1747647671996:,1747647683562
counter/4/0/0/0,23733:1747647670303:,1747647683562
counter/9/0/0/0,32360:1747647674533:,1747647683562
counter/2/0/0/0,32304:1747647676459:,1747647683562
counter/1/0/0/0,24876:1747647671210:,1747647683562
counter/5/0/0/0,27636:1747647671996:,1747647683562
counter/4/0/0/0,23734:1747647670303:,1747647683562
counter/6/0/0/0,27823:1747647673905:,1747647683562
counter/9/0/0/0,32361:1747647674534:,1747647683562
counter/2/0/0/0,32305:1747647676459:,1747647683562
counter/1/0/0/0,24877:1747647671210:,1747647683562
counter/5/0/0/0,27637:1747647671996:,1747647683562
counter/4/0/0/0,23735:1747647670303:,1747647683562
counter/9/0/0/0,32362:1747647674534:,1747647683562
counter/2/0/0/0,32306:1747647676459:,1747647683562
counter/1/0/0/0,24878:1747647671210:,1747647683563
counter/5/0/0/0,27638:1747647671996:,1747647683563
counter/4/0/0/0,23736:1747647670303:,1747647683563
counter/6/0/0/0,27824:1747647673905:,1747647683563
counter/9/0/0/0,32363:1747647674534:,1747647683563
counter/2/0/0/0,32307:1747647676461:,1747647683563
counter/1/0/0/0,24879:1747647671210:,1747647683563
counter/5/0/0/0,27639:1747647671996:,1747647683563
counter/4/0/0/0,23737:1747647670303:,1747647683563
counter/6/0/0/0,27825:1747647673905:,1747647683563
counter/9/0/0/0,32364:1747647674534:,1747647683563
counter/2/0/0/0,32308:1747647676461:,1747647683563
counter/1/0/0/0,24880:1747647671210:,1747647683563
counter/5/0/0/0,27640:1747647671996:,1747647683563
counter/4/0/0/0,23738:1747647670303:,1747647683563
counter/6/0/0/0,27826:1747647673905:,1747647683563
counter/9/0/0/0,32365:1747647674534:,1747647683563
counter/2/0/0/0,32309:1747647676461:,1747647683563
counter/1/0/0/0,24881:1747647671210:,1747647683563
counter/5/0/0/0,27641:1747647671996:,1747647683563
counter/4/0/0/0,23739:1747647670303:,1747647683563
counter/6/0/0/0,27827:1747647673905:,1747647683563
counter/7/0/0/0,27597:1747647672932:,1747647683563
counter/3/0/0/0,23947:1747647670075:,1747647683563
counter/9/0/0/0,32366:1747647674534:,1747647683563
counter/2/0/0/0,32310:1747647676461:,1747647683563
counter/1/0/0/0,24882:1747647671210:,1747647683563
counter/5/0/0/0,27642:1747647671996:,1747647683563
counter/4/0/0/0,23740:1747647670303:,1747647683563
counter/6/0/0/0,27828:1747647673905:,1747647683563
counter/9/0/0/0,32367:1747647674534:,1747647683563
counter/2/0/0/0,32311:1747647676461:,1747647683563
counter/1/0/0/0,24883:1747647671210:,1747647683563
counter/5/0/0/0,27643:1747647671996:,1747647683563
counter/4/0/0/0,23741:1747647670307:,1747647683563
counter/6/0/0/0,27829:1747647673905:,1747647683563
counter/9/0/0/0,32368:1747647674534:,1747647683563
counter/2/0/0/0,32312:1747647676461:,1747647683563
counter/1/0/0/0,24884:1747647671223:,1747647683563
counter/5/0/0/0,27644:1747647671996:,1747647683563
counter/4/0/0/0,23742:1747647670307:,1747647683563
counter/6/0/0/0,27830:1747647673905:,1747647683563
counter/9/0/0/0,32369:1747647674534:,1747647683563
counter/2/0/0/0,32313:1747647676461:,1747647683563
counter/1/0/0/0,24885:1747647671224:,1747647683564
counter/5/0/0/0,27645:1747647671996:,1747647683564
counter/4/0/0/0,23743:1747647670307:,1747647683564
counter/9/0/0/0,32370:1747647674534:,1747647683564
counter/2/0/0/0,32314:1747647676461:,1747647683564
counter/1/0/0/0,24886:1747647671230:,1747647683564
counter/5/0/0/0,27646:1747647671996:,1747647683564
counter/4/0/0/0,23744:1747647670307:,1747647683564
counter/9/0/0/0,32371:1747647674534:,1747647683564
counter/2/0/0/0,32315:1747647676461:,1747647683564
counter/1/0/0/0,24887:1747647671245:,1747647683564
counter/5/0/0/0,27647:1747647671996:,1747647683564
counter/4/0/0/0,23745:1747647670307:,1747647683564
counter/9/0/0/0,32372:1747647674534:,1747647683564
counter/2/0/0/0,32316:1747647676462:,1747647683564
counter/1/0/0/0,24888:1747647671245:,1747647683564
counter/5/0/0/0,27648:1747647671996:,1747647683564
counter/4/0/0/0,23746:1747647670307:,1747647683564
counter/9/0/0/0,32373:1747647674534:,1747647683564
counter/2/0/0/0,32317:1747647676462:,1747647683564
counter/1/0/0/0,24889:1747647671245:,1747647683564
counter/5/0/0/0,27649:1747647671996:,1747647683564
counter/4/0/0/0,23747:1747647670310:,1747647683564
counter/3/0/0/0,23948:1747647670075:,1747647683564
counter/9/0/0/0,32374:1747647674534:,1747647683564
counter/2/0/0/0,32318:1747647676462:,1747647683564
counter/1/0/0/0,24890:1747647671246:,1747647683564
counter/5/0/0/0,27650:1747647671996:,1747647683564
counter/4/0/0/0,23748:1747647670310:,1747647683564
counter/10/0/0/0,24919:1747647668586:,1747647683564
counter/6/0/0/0,27831:1747647673905:,1747647683564
counter/9/0/0/0,32375:1747647674534:,1747647683564
counter/2/0/0/0,32319:1747647676462:,1747647683564
counter/1/0/0/0,24891:1747647671246:,1747647683564
counter/5/0/0/0,27651:1747647671996:,1747647683564
counter/4/0/0/0,23749:1747647670310:,1747647683564
counter/10/0/0/0,24920:1747647668586:,1747647683564
counter/7/0/0/0,27598:1747647672932:,1747647683564
counter/8/0/0/0,28472:1747647671973:,1747647683564
counter/9/0/0/0,32376:1747647674534:,1747647683564
counter/2/0/0/0,32320:1747647676462:,1747647683564
counter/1/0/0/0,24892:1747647671246:,1747647683564
counter/5/0/0/0,27652:1747647671998:,1747647683564
counter/4/0/0/0,23750:1747647670310:,1747647683564
counter/9/0/0/0,32377:1747647674534:,1747647683564
counter/2/0/0/0,32321:1747647676462:,1747647683564
counter/1/0/0/0,24893:1747647671246:,1747647683565
counter/5/0/0/0,27653:1747647671998:,1747647683565
counter/4/0/0/0,23751:1747647670310:,1747647683565
counter/9/0/0/0,32378:1747647674534:,1747647683565
counter/2/0/0/0,32322:1747647676466:,1747647683565
counter/1/0/0/0,24894:1747647671246:,1747647683565
counter/5/0/0/0,27654:1747647671998:,1747647683565
counter/4/0/0/0,23752:1747647670310:,1747647683565
counter/9/0/0/0,32379:1747647674534:,1747647683565
counter/2/0/0/0,32323:1747647676466:,1747647683565
counter/1/0/0/0,24895:1747647671246:,1747647683565
counter/5/0/0/0,27655:1747647671998:,1747647683565
counter/4/0/0/0,23753:1747647670310:,1747647683565
counter/9/0/0/0,32380:1747647674534:,1747647683565
counter/2/0/0/0,32324:1747647676466:,1747647683565
counter/1/0/0/0,24896:1747647671246:,1747647683565
counter/5/0/0/0,27656:1747647671998:,1747647683565
counter/4/0/0/0,23754:1747647670311:,1747647683565
counter/9/0/0/0,32381:1747647674534:,1747647683565
counter/2/0/0/0,32325:1747647676466:,1747647683565
counter/1/0/0/0,24897:1747647671247:,1747647683565
counter/5/0/0/0,27657:1747647671998:,1747647683565
counter/4/0/0/0,23755:1747647670311:,1747647683565
counter/9/0/0/0,32382:1747647674534:,1747647683565
counter/2/0/0/0,32326:1747647676466:,1747647683565
counter/1/0/0/0,24898:1747647671247:,1747647683565
counter/5/0/0/0,27658:1747647671998:,1747647683565
counter/4/0/0/0,23756:1747647670311:,1747647683565
counter/9/0/0/0,32383:1747647674534:,1747647683565
counter/2/0/0/0,32327:1747647676466:,1747647683565
counter/1/0/0/0,24899:1747647671247:,1747647683565
counter/5/0/0/0,27659:1747647671998:,1747647683565
counter/4/0/0/0,23757:1747647670311:,1747647683565
counter/9/0/0/0,32384:1747647674534:,1747647683565
counter/2/0/0/0,32328:1747647676466:,1747647683565
counter/1/0/0/0,24900:1747647671247:,1747647683565
counter/5/0/0/0,27660:1747647671998:,1747647683565
counter/4/0/0/0,23758:1747647670311:,1747647683565
counter/9/0/0/0,32385:1747647674534:,1747647683565
counter/2/0/0/0,32329:1747647676466:,1747647683565
counter/1/0/0/0,24901:1747647671251:,1747647683565
counter/5/0/0/0,27661:1747647671998:,1747647683566
counter/4/0/0/0,23759:1747647670311:,1747647683566
counter/9/0/0/0,32386:1747647674534:,1747647683566
counter/2/0/0/0,32330:1747647676466:,1747647683566
counter/1/0/0/0,24902:1747647671251:,1747647683566
counter/5/0/0/0,27662:1747647671998:,1747647683566
counter/4/0/0/0,23760:1747647670311:,1747647683566
counter/9/0/0/0,32387:1747647674538:,1747647683566
counter/2/0/0/0,32331:1747647676469:,1747647683566
counter/1/0/0/0,24903:1747647671251:,1747647683566
counter/5/0/0/0,27663:1747647671998:,1747647683566
counter/4/0/0/0,23761:1747647670311:,1747647683566
counter/9/0/0/0,32388:1747647674538:,1747647683566
counter/2/0/0/0,32332:1747647676469:,1747647683566
counter/1/0/0/0,24904:1747647671251:,1747647683566
counter/5/0/0/0,27664:1747647671998:,1747647683566
counter/4/0/0/0,23762:1747647670311:,1747647683566
counter/9/0/0/0,32389:1747647674538:,1747647683566
counter/2/0/0/0,32333:1747647676469:,1747647683566
counter/1/0/0/0,24905:1747647671251:,1747647683566
counter/4/0/0/0,23763:1747647670311:,1747647683566
counter/9/0/0/0,32390:1747647674538:,1747647683566
counter/2/0/0/0,32334:1747647676469:,1747647683566
counter/1/0/0/0,24906:1747647671251:,1747647683566
counter/4/0/0/0,23764:1747647670311:,1747647683566
counter/9/0/0/0,32391:1747647674538:,1747647683566
counter/2/0/0/0,32335:1747647676469:,1747647683566
counter/1/0/0/0,24907:1747647671251:,1747647683566
counter/4/0/0/0,23765:1747647670311:,1747647683566
counter/9/0/0/0,32392:1747647674542:,1747647683566
counter/2/0/0/0,32336:1747647676469:,1747647683566
counter/1/0/0/0,24908:1747647671251:,1747647683566
counter/4/0/0/0,23766:1747647670311:,1747647683566
counter/9/0/0/0,32393:1747647674542:,1747647683566
counter/2/0/0/0,32337:1747647676469:,1747647683566
counter/1/0/0/0,24909:1747647671260:,1747647683566
counter/4/0/0/0,23767:1747647670311:,1747647683566
counter/9/0/0/0,32394:1747647674542:,1747647683566
counter/2/0/0/0,32338:1747647676469:,1747647683566
counter/1/0/0/0,24910:1747647671260:,1747647683566
counter/4/0/0/0,23768:1747647670311:,1747647683567
counter/10/0/0/0,24921:1747647668603:,1747647683567
counter/9/0/0/0,32395:1747647674542:,1747647683567
counter/2/0/0/0,32339:1747647676469:,1747647683567
counter/1/0/0/0,24911:1747647671260:,1747647683567
counter/4/0/0/0,23769:1747647670311:,1747647683567
counter/9/0/0/0,32396:1747647674542:,1747647683567
counter/2/0/0/0,32340:1747647676470:,1747647683567
counter/1/0/0/0,24912:1747647671260:,1747647683567
counter/4/0/0/0,23770:1747647670311:,1747647683567
counter/9/0/0/0,32397:1747647674542:,1747647683567
counter/2/0/0/0,32341:1747647676471:,1747647683567
counter/1/0/0/0,24913:1747647671260:,1747647683567
counter/4/0/0/0,23771:1747647670311:,1747647683567
counter/9/0/0/0,32398:1747647674542:,1747647683567
counter/2/0/0/0,32342:1747647676471:,1747647683567
counter/1/0/0/0,24914:1747647671260:,1747647683567
counter/4/0/0/0,23772:1747647670312:,1747647683567
counter/9/0/0/0,32399:1747647674542:,1747647683567
counter/2/0/0/0,32343:1747647676471:,1747647683567
counter/1/0/0/0,24915:1747647671260:,1747647683567
counter/4/0/0/0,23773:1747647670312:,1747647683567
counter/9/0/0/0,32400:1747647674546:,1747647683567
counter/2/0/0/0,32344:1747647676475:,1747647683567
counter/1/0/0/0,24916:1747647671267:,1747647683567
counter/4/0/0/0,23774:1747647670312:,1747647683567
counter/9/0/0/0,32401:1747647674546:,1747647683567
counter/2/0/0/0,32345:1747647676475:,1747647683567
counter/1/0/0/0,24917:1747647671267:,1747647683567
counter/4/0/0/0,23775:1747647670312:,1747647683567
counter/9/0/0/0,32402:1747647674546:,1747647683567
counter/2/0/0/0,32346:1747647676475:,1747647683567
counter/1/0/0/0,24918:1747647671267:,1747647683567
counter/4/0/0/0,23776:1747647670312:,1747647683567
counter/9/0/0/0,32403:1747647674546:,1747647683567
counter/2/0/0/0,32347:1747647676475:,1747647683567
counter/1/0/0/0,24919:1747647671267:,1747647683567
counter/4/0/0/0,23777:1747647670312:,1747647683567
counter/9/0/0/0,32404:1747647674546:,1747647683567
counter/2/0/0/0,32348:1747647676475:,1747647683567
counter/1/0/0/0,24920:1747647671267:,1747647683568
counter/4/0/0/0,23778:1747647670312:,1747647683568
counter/9/0/0/0,32405:1747647674546:,1747647683568
counter/2/0/0/0,32349:1747647676475:,1747647683568
counter/1/0/0/0,24921:1747647671267:,1747647683568
counter/4/0/0/0,23779:1747647670312:,1747647683568
counter/9/0/0/0,32406:1747647674546:,1747647683568
counter/2/0/0/0,32350:1747647676475:,1747647683568
counter/1/0/0/0,24922:1747647671267:,1747647683568
counter/4/0/0/0,23780:1747647670312:,1747647683568
counter/9/0/0/0,32407:1747647674567:,1747647683568
counter/2/0/0/0,32351:1747647676475:,1747647683568
counter/1/0/0/0,24923:1747647671267:,1747647683568
counter/4/0/0/0,23781:1747647670312:,1747647683568
counter/9/0/0/0,32408:1747647674568:,1747647683568
counter/2/0/0/0,32352:1747647676475:,1747647683568
counter/1/0/0/0,24924:1747647671268:,1747647683568
counter/4/0/0/0,23782:1747647670312:,1747647683568
counter/9/0/0/0,32409:1747647674568:,1747647683568
counter/2/0/0/0,32353:1747647676475:,1747647683568
counter/1/0/0/0,24925:1747647671272:,1747647683568
counter/4/0/0/0,23783:1747647670312:,1747647683568
counter/9/0/0/0,32410:1747647674568:,1747647683568
counter/2/0/0/0,32354:1747647676475:,1747647683568
counter/1/0/0/0,24926:1747647671272:,1747647683568
counter/4/0/0/0,23784:1747647670312:,1747647683568
counter/9/0/0/0,32411:1747647674568:,1747647683568
counter/2/0/0/0,32355:1747647676475:,1747647683568
counter/1/0/0/0,24927:1747647671272:,1747647683568
counter/4/0/0/0,23785:1747647670312:,1747647683568
counter/9/0/0/0,32412:1747647674568:,1747647683568
counter/2/0/0/0,32356:1747647676475:,1747647683568
counter/1/0/0/0,24928:1747647671272:,1747647683568
counter/4/0/0/0,23786:1747647670312:,1747647683568
counter/9/0/0/0,32413:1747647674568:,1747647683568
counter/2/0/0/0,32357:1747647676484:,1747647683568
counter/1/0/0/0,24929:1747647671272:,1747647683568
counter/4/0/0/0,23787:1747647670312:,1747647683568
counter/9/0/0/0,32414:1747647674568:,1747647683568
counter/2/0/0/0,32358:1747647676491:,1747647683568
counter/1/0/0/0,24930:1747647671272:,1747647683568
counter/4/0/0/0,23788:1747647670312:,1747647683568
counter/9/0/0/0,32415:1747647674568:,1747647683568
counter/2/0/0/0,32359:1747647676491:,1747647683569
counter/1/0/0/0,24931:1747647671272:,1747647683569
counter/4/0/0/0,23789:1747647670312:,1747647683569
counter/9/0/0/0,32416:1747647674568:,1747647683569
counter/2/0/0/0,32360:1747647676491:,1747647683569
counter/1/0/0/0,24932:1747647671276:,1747647683569
counter/4/0/0/0,23790:1747647670312:,1747647683569
counter/9/0/0/0,32417:1747647674568:,1747647683569
counter/2/0/0/0,32361:1747647676491:,1747647683569
counter/1/0/0/0,24933:1747647671276:,1747647683569
counter/4/0/0/0,23791:1747647670323:,1747647683569
counter/10/0/0/0,24922:1747647668603:,1747647683569
counter/3/0/0/0,23949:1747647670075:,1747647683569
counter/9/0/0/0,32418:1747647674591:,1747647683569
counter/2/0/0/0,32362:1747647676491:,1747647683569
counter/1/0/0/0,24934:1747647671276:,1747647683569
counter/4/0/0/0,23792:1747647670323:,1747647683569
counter/8/0/0/0,28473:1747647671973:,1747647683569
counter/6/0/0/0,27832:1747647673905:,1747647683569
counter/5/0/0/0,27665:1747647671998:,1747647683569
counter/9/0/0/0,32419:1747647674592:,1747647683569
counter/2/0/0/0,32363:1747647676492:,1747647683569
counter/1/0/0/0,24935:1747647671276:,1747647683569
counter/4/0/0/0,23793:1747647670323:,1747647683569
counter/5/0/0/0,27666:1747647671998:,1747647683569
counter/9/0/0/0,32420:1747647674592:,1747647683569
counter/2/0/0/0,32364:1747647676492:,1747647683569
counter/1/0/0/0,24936:1747647671276:,1747647683569
counter/4/0/0/0,23794:1747647670323:,1747647683569
counter/5/0/0/0,27667:1747647671998:,1747647683569
counter/7/0/0/0,27599:1747647672935:,1747647683569
counter/3/0/0/0,23950:1747647670075:,1747647683569
counter/9/0/0/0,32421:1747647674592:,1747647683569
counter/2/0/0/0,32365:1747647676492:,1747647683569
counter/1/0/0/0,24937:1747647671276:,1747647683569
counter/4/0/0/0,23795:1747647670323:,1747647683569
counter/5/0/0/0,27668:1747647671998:,1747647683569
counter/6/0/0/0,27833:1747647673905:,1747647683569
counter/9/0/0/0,32422:1747647674592:,1747647683569
counter/2/0/0/0,32366:1747647676492:,1747647683569
counter/1/0/0/0,24938:1747647671279:,1747647683569
counter/4/0/0/0,23796:1747647670323:,1747647683569
counter/5/0/0/0,27669:1747647671998:,1747647683570
counter/9/0/0/0,32423:1747647674592:,1747647683570
counter/2/0/0/0,32367:1747647676492:,1747647683570
counter/1/0/0/0,24939:1747647671279:,1747647683570
counter/4/0/0/0,23797:1747647670323:,1747647683570
counter/5/0/0/0,27670:1747647671998:,1747647683570
counter/9/0/0/0,32424:1747647674592:,1747647683570
counter/2/0/0/0,32368:1747647676492:,1747647683570
counter/1/0/0/0,24940:1747647671279:,1747647683570
counter/4/0/0/0,23798:1747647670330:,1747647683570
counter/5/0/0/0,27671:1747647671998:,1747647683570
counter/9/0/0/0,32425:1747647674592:,1747647683570
counter/2/0/0/0,32369:1747647676492:,1747647683570
counter/1/0/0/0,24941:1747647671279:,1747647683570
counter/4/0/0/0,23799:1747647670330:,1747647683570
counter/5/0/0/0,27672:1747647671998:,1747647683570
counter/9/0/0/0,32426:1747647674592:,1747647683570
counter/2/0/0/0,32370:1747647676492:,1747647683570
counter/1/0/0/0,24942:1747647671279:,1747647683570
counter/4/0/0/0,23800:1747647670330:,1747647683570
counter/5/0/0/0,27673:1747647671998:,1747647683570
counter/9/0/0/0,32427:1747647674592:,1747647683570
counter/2/0/0/0,32371:1747647676492:,1747647683570
counter/1/0/0/0,24943:1747647671279:,1747647683570
counter/4/0/0/0,23801:1747647670330:,1747647683570
counter/5/0/0/0,27674:1747647671999:,1747647683570
counter/9/0/0/0,32428:1747647674603:,1747647683570
counter/2/0/0/0,32372:1747647676492:,1747647683570
counter/1/0/0/0,24944:1747647671279:,1747647683570
counter/4/0/0/0,23802:1747647670330:,1747647683570
counter/9/0/0/0,32429:1747647674603:,1747647683570
counter/2/0/0/0,32373:1747647676492:,1747647683570
counter/1/0/0/0,24945:1747647671279:,1747647683570
counter/4/0/0/0,23803:1747647670330:,1747647683570
counter/9/0/0/0,32430:1747647674603:,1747647683570
counter/2/0/0/0,32374:1747647676492:,1747647683570
counter/1/0/0/0,24946:1747647671279:,1747647683571
counter/4/0/0/0,23804:1747647670330:,1747647683571
counter/9/0/0/0,32431:1747647674603:,1747647683571
counter/2/0/0/0,32375:1747647676492:,1747647683571
counter/1/0/0/0,24947:1747647671279:,1747647683571
counter/4/0/0/0,23805:1747647670331:,1747647683571
counter/9/0/0/0,32432:1747647674603:,1747647683571
counter/2/0/0/0,32376:1747647676496:,1747647683571
counter/1/0/0/0,24948:1747647671282:,1747647683571
counter/4/0/0/0,23806:1747647670331:,1747647683571
counter/9/0/0/0,32433:1747647674603:,1747647683571
counter/2/0/0/0,32377:1747647676496:,1747647683571
counter/1/0/0/0,24949:1747647671282:,1747647683571
counter/4/0/0/0,23807:1747647670331:,1747647683571
counter/9/0/0/0,32434:1747647674603:,1747647683571
counter/2/0/0/0,32378:1747647676496:,1747647683571
counter/1/0/0/0,24950:1747647671282:,1747647683571
counter/4/0/0/0,23808:1747647670331:,1747647683571
counter/9/0/0/0,32435:1747647674603:,1747647683571
counter/2/0/0/0,32379:1747647676496:,1747647683571
counter/1/0/0/0,24951:1747647671282:,1747647683571
counter/4/0/0/0,23809:1747647670331:,1747647683571
counter/9/0/0/0,32436:1747647674604:,1747647683571
counter/2/0/0/0,32380:1747647676496:,1747647683571
counter/1/0/0/0,24952:1747647671282:,1747647683571
counter/4/0/0/0,23810:1747647670331:,1747647683571
counter/9/0/0/0,32437:1747647674605:,1747647683571
counter/2/0/0/0,32381:1747647676497:,1747647683571
counter/1/0/0/0,24953:1747647671282:,1747647683571
counter/4/0/0/0,23811:1747647670331:,1747647683571
counter/9/0/0/0,32438:1747647674605:,1747647683571
counter/2/0/0/0,32382:1747647676497:,1747647683571
counter/1/0/0/0,24954:1747647671286:,1747647683571
counter/4/0/0/0,23812:1747647670331:,1747647683571
counter/9/0/0/0,32439:1747647674605:,1747647683571
counter/2/0/0/0,32383:1747647676507:,1747647683571
counter/1/0/0/0,24955:1747647671286:,1747647683571
counter/4/0/0/0,23813:1747647670331:,1747647683571
counter/9/0/0/0,32440:1747647674605:,1747647683571
counter/2/0/0/0,32384:1747647676507:,1747647683571
counter/1/0/0/0,24956:1747647671286:,1747647683572
counter/4/0/0/0,23814:1747647670331:,1747647683572
counter/9/0/0/0,32441:1747647674612:,1747647683572
counter/2/0/0/0,32385:1747647676507:,1747647683572
counter/1/0/0/0,24957:1747647671286:,1747647683572
counter/4/0/0/0,23815:1747647670331:,1747647683572
counter/9/0/0/0,32442:1747647674612:,1747647683572
counter/2/0/0/0,32386:1747647676507:,1747647683572
counter/1/0/0/0,24958:1747647671286:,1747647683572
counter/4/0/0/0,23816:1747647670331:,1747647683572
counter/9/0/0/0,32443:1747647674613:,1747647683572
counter/2/0/0/0,32387:1747647676507:,1747647683572
counter/1/0/0/0,24959:1747647671286:,1747647683572
counter/4/0/0/0,23817:1747647670331:,1747647683572
counter/9/0/0/0,32444:1747647674613:,1747647683572
counter/2/0/0/0,32388:1747647676507:,1747647683572
counter/1/0/0/0,24960:1747647671286:,1747647683572
counter/4/0/0/0,23818:1747647670331:,1747647683572
counter/9/0/0/0,32445:1747647674613:,1747647683572
counter/2/0/0/0,32389:1747647676507:,1747647683572
counter/1/0/0/0,24961:1747647671289:,1747647683572
counter/4/0/0/0,23819:1747647670331:,1747647683572
counter/9/0/0/0,32446:1747647674613:,1747647683572
counter/2/0/0/0,32390:1747647676550:,1747647683572
counter/1/0/0/0,24962:1747647671289:,1747647683572
counter/4/0/0/0,23820:1747647670331:,1747647683572
counter/9/0/0/0,32447:1747647674613:,1747647683572
counter/2/0/0/0,32391:1747647676556:,1747647683572
counter/1/0/0/0,24963:1747647671289:,1747647683572
counter/4/0/0/0,23821:1747647670331:,1747647683572
counter/9/0/0/0,32448:1747647674613:,1747647683572
counter/2/0/0/0,32392:1747647676556:,1747647683572
counter/1/0/0/0,24964:1747647671289:,1747647683572
counter/4/0/0/0,23822:1747647670331:,1747647683572
counter/9/0/0/0,32449:1747647674613:,1747647683572
counter/2/0/0/0,32393:1747647676556:,1747647683572
counter/1/0/0/0,24965:1747647671289:,1747647683572
counter/4/0/0/0,23823:1747647670331:,1747647683572
counter/9/0/0/0,32450:1747647674613:,1747647683572
counter/2/0/0/0,32394:1747647676568:,1747647683572
counter/1/0/0/0,24966:1747647671289:,1747647683573
counter/4/0/0/0,23824:1747647670332:,1747647683573
counter/9/0/0/0,32451:1747647674613:,1747647683573
counter/2/0/0/0,32395:1747647676568:,1747647683573
counter/1/0/0/0,24967:1747647671289:,1747647683573
counter/4/0/0/0,23825:1747647670332:,1747647683573
counter/9/0/0/0,32452:1747647674613:,1747647683573
counter/2/0/0/0,32396:1747647676568:,1747647683573
counter/1/0/0/0,24968:1747647671294:,1747647683573
counter/4/0/0/0,23826:1747647670332:,1747647683573
counter/9/0/0/0,32453:1747647674613:,1747647683573
counter/2/0/0/0,32397:1747647676568:,1747647683573
counter/1/0/0/0,24969:1747647671294:,1747647683573
counter/4/0/0/0,23827:1747647670332:,1747647683573
counter/9/0/0/0,32454:1747647674633:,1747647683573
counter/2/0/0/0,32398:1747647676568:,1747647683573
counter/1/0/0/0,24970:1747647671294:,1747647683573
counter/4/0/0/0,23828:1747647670332:,1747647683573
counter/9/0/0/0,32455:1747647674633:,1747647683573
counter/2/0/0/0,32399:1747647676568:,1747647683573
counter/1/0/0/0,24971:1747647671294:,1747647683573
counter/4/0/0/0,23829:1747647670333:,1747647683573
counter/9/0/0/0,32456:1747647674633:,1747647683573
counter/2/0/0/0,32400:1747647676571:,1747647683573
counter/1/0/0/0,24972:1747647671294:,1747647683573
counter/4/0/0/0,23830:1747647670333:,1747647683573
counter/7/0/0/0,27600:1747647672935:,1747647683573
counter/9/0/0/0,32457:1747647674633:,1747647683573
counter/2/0/0/0,32401:1747647676571:,1747647683573
counter/1/0/0/0,24973:1747647671294:,1747647683573
counter/4/0/0/0,23831:1747647670333:,1747647683573
counter/7/0/0/0,27601:1747647672935:,1747647683573
counter/9/0/0/0,32458:1747647674633:,1747647683573
counter/2/0/0/0,32402:1747647676571:,1747647683573
counter/1/0/0/0,24974:1747647671294:,1747647683573
counter/4/0/0/0,23832:1747647670333:,1747647683573
counter/7/0/0/0,27602:1747647672935:,1747647683573
counter/3/0/0/0,23951:1747647670075:,1747647683573
counter/10/0/0/0,24923:1747647668603:,1747647683573
counter/9/0/0/0,32459:1747647674633:,1747647683573
counter/2/0/0/0,32403:1747647676571:,1747647683574
counter/1/0/0/0,24975:1747647671294:,1747647683574
counter/4/0/0/0,23833:1747647670333:,1747647683574
counter/7/0/0/0,27603:1747647672935:,1747647683574
counter/9/0/0/0,32460:1747647674633:,1747647683574
counter/2/0/0/0,32404:1747647676571:,1747647683574
counter/1/0/0/0,24976:1747647671294:,1747647683574
counter/4/0/0/0,23834:1747647670333:,1747647683574
counter/7/0/0/0,27604:1747647672935:,1747647683574
counter/9/0/0/0,32461:1747647674633:,1747647683574
counter/2/0/0/0,32405:1747647676571:,1747647683574
counter/1/0/0/0,24977:1747647671298:,1747647683574
counter/4/0/0/0,23835:1747647670333:,1747647683574
counter/9/0/0/0,32462:1747647674633:,1747647683574
counter/2/0/0/0,32406:1747647676571:,1747647683574
counter/1/0/0/0,24978:1747647671299:,1747647683574
counter/4/0/0/0,23836:1747647670333:,1747647683574
counter/9/0/0/0,32463:1747647674634:,1747647683574
counter/2/0/0/0,32407:1747647676571:,1747647683574
counter/1/0/0/0,24979:1747647671299:,1747647683574
counter/4/0/0/0,23837:1747647670333:,1747647683574
counter/9/0/0/0,32464:1747647674644:,1747647683574
counter/2/0/0/0,32408:1747647676571:,1747647683574
counter/1/0/0/0,24980:1747647671305:,1747647683574
counter/4/0/0/0,23838:1747647670333:,1747647683574
counter/9/0/0/0,32465:1747647674644:,1747647683574
counter/2/0/0/0,32409:1747647676571:,1747647683574
counter/1/0/0/0,24981:1747647671305:,1747647683574
counter/4/0/0/0,23839:1747647670333:,1747647683574
counter/9/0/0/0,32466:1747647674645:,1747647683574
counter/2/0/0/0,32410:1747647676571:,1747647683574
counter/1/0/0/0,24982:1747647671305:,1747647683574
counter/4/0/0/0,23840:1747647670333:,1747647683574
counter/9/0/0/0,32467:1747647674645:,1747647683574
counter/2/0/0/0,32411:1747647676571:,1747647683574
counter/1/0/0/0,24983:1747647671305:,1747647683574
counter/4/0/0/0,23841:1747647670333:,1747647683574
counter/9/0/0/0,32468:1747647674650:,1747647683574
counter/2/0/0/0,32412:1747647676571:,1747647683575
counter/1/0/0/0,24984:1747647671310:,1747647683575
counter/4/0/0/0,23842:1747647670333:,1747647683575
counter/9/0/0/0,32469:1747647674650:,1747647683575
counter/2/0/0/0,32413:1747647676571:,1747647683575
counter/1/0/0/0,24985:1747647671311:,1747647683575
counter/4/0/0/0,23843:1747647670333:,1747647683575
counter/9/0/0/0,32470:1747647674650:,1747647683575
counter/2/0/0/0,32414:1747647676571:,1747647683575
counter/1/0/0/0,24986:1747647671316:,1747647683575
counter/4/0/0/0,23844:1747647670333:,1747647683575
counter/9/0/0/0,32471:1747647674650:,1747647683575
counter/2/0/0/0,32415:1747647676571:,1747647683575
counter/1/0/0/0,24987:1747647671322:,1747647683575
counter/4/0/0/0,23845:1747647670333:,1747647683575
counter/9/0/0/0,32472:1747647674650:,1747647683575
counter/2/0/0/0,32416:1747647676573:,1747647683575
counter/1/0/0/0,24988:1747647671322:,1747647683575
counter/4/0/0/0,23846:1747647670333:,1747647683575
counter/9/0/0/0,32473:1747647674650:,1747647683575
counter/2/0/0/0,32417:1747647676573:,1747647683575
counter/1/0/0/0,24989:1747647671322:,1747647683575
counter/4/0/0/0,23847:1747647670333:,1747647683575
counter/9/0/0/0,32474:1747647674650:,1747647683575
counter/2/0/0/0,32418:1747647676573:,1747647683575
counter/1/0/0/0,24990:1747647671322:,1747647683575
counter/4/0/0/0,23848:1747647670333:,1747647683575
counter/9/0/0/0,32475:1747647674650:,1747647683575
counter/2/0/0/0,32419:1747647676573:,1747647683575
counter/1/0/0/0,24991:1747647671327:,1747647683575
counter/4/0/0/0,23849:1747647670333:,1747647683575
counter/9/0/0/0,32476:1747647674651:,1747647683575
counter/2/0/0/0,32420:1747647676576:,1747647683575
counter/1/0/0/0,24992:1747647671327:,1747647683575
counter/4/0/0/0,23850:1747647670333:,1747647683575
counter/9/0/0/0,32477:1747647674651:,1747647683575
counter/2/0/0/0,32421:1747647676576:,1747647683575
counter/1/0/0/0,24993:1747647671327:,1747647683575
counter/4/0/0/0,23851:1747647670333:,1747647683575
counter/9/0/0/0,32478:1747647674651:,1747647683575
counter/2/0/0/0,32422:1747647676576:,1747647683575
counter/1/0/0/0,24994:1747647671327:,1747647683576
counter/4/0/0/0,23852:1747647670333:,1747647683576
counter/9/0/0/0,32479:1747647674651:,1747647683576
counter/2/0/0/0,32423:1747647676576:,1747647683576
counter/1/0/0/0,24995:1747647671327:,1747647683576
counter/4/0/0/0,23853:1747647670334:,1747647683576
counter/8/0/0/0,28474:1747647671973:,1747647683576
counter/9/0/0/0,32480:1747647674651:,1747647683576
counter/2/0/0/0,32424:1747647676576:,1747647683576
counter/1/0/0/0,24996:1747647671327:,1747647683576
counter/4/0/0/0,23854:1747647670334:,1747647683576
counter/7/0/0/0,27605:1747647672935:,1747647683576
counter/9/0/0/0,32481:1747647674651:,1747647683576
counter/2/0/0/0,32425:1747647676576:,1747647683576
counter/1/0/0/0,24997:1747647671328:,1747647683576
counter/4/0/0/0,23855:1747647670334:,1747647683576
counter/9/0/0/0,32482:1747647674651:,1747647683576
counter/2/0/0/0,32426:1747647676576:,1747647683576
counter/1/0/0/0,24998:1747647671328:,1747647683576
counter/4/0/0/0,23856:1747647670334:,1747647683576
counter/9/0/0/0,32483:1747647674655:,1747647683576
counter/2/0/0/0,32427:1747647676576:,1747647683576
counter/1/0/0/0,24999:1747647671328:,1747647683576
counter/4/0/0/0,23857:1747647670334:,1747647683576
counter/9/0/0/0,32484:1747647674655:,1747647683576
counter/2/0/0/0,32428:1747647676576:,1747647683576
counter/1/0/0/0,25000:1747647671328:,1747647683576
counter/4/0/0/0,23858:1747647670334:,1747647683576
counter/9/0/0/0,32485:1747647674655:,1747647683576
counter/2/0/0/0,32429:1747647676576:,1747647683576
counter/1/0/0/0,25001:1747647671328:,1747647683576
counter/4/0/0/0,23859:1747647670334:,1747647683576
counter/9/0/0/0,32486:1747647674655:,1747647683576
counter/2/0/0/0,32430:1747647676576:,1747647683576
counter/1/0/0/0,25002:1747647671328:,1747647683576
counter/4/0/0/0,23860:1747647670334:,1747647683576
counter/9/0/0/0,32487:1747647674655:,1747647683576
counter/2/0/0/0,32431:1747647676576:,1747647683576
counter/1/0/0/0,25003:1747647671328:,1747647683576
counter/4/0/0/0,23861:1747647670338:,1747647683576
counter/9/0/0/0,32488:1747647674655:,1747647683576
counter/2/0/0/0,32432:1747647676576:,1747647683576
counter/1/0/0/0,25004:1747647671328:,1747647683576
counter/4/0/0/0,23862:1747647670338:,1747647683576
counter/9/0/0/0,32489:1747647674655:,1747647683576
counter/2/0/0/0,32433:1747647676576:,1747647683577
counter/1/0/0/0,25005:1747647671328:,1747647683577
counter/4/0/0/0,23863:1747647670339:,1747647683577
counter/9/0/0/0,32490:1747647674655:,1747647683577
counter/2/0/0/0,32434:1747647676576:,1747647683577
counter/1/0/0/0,25006:1747647671328:,1747647683577
counter/4/0/0/0,23864:1747647670339:,1747647683577
counter/9/0/0/0,32491:1747647674655:,1747647683577
counter/2/0/0/0,32435:1747647676576:,1747647683577
counter/1/0/0/0,25007:1747647671328:,1747647683577
counter/4/0/0/0,23865:1747647670339:,1747647683577
counter/9/0/0/0,32492:1747647674655:,1747647683577
counter/2/0/0/0,32436:1747647676576:,1747647683577
counter/1/0/0/0,25008:1747647671328:,1747647683577
counter/4/0/0/0,23866:1747647670339:,1747647683577
counter/9/0/0/0,32493:1747647674659:,1747647683577
counter/2/0/0/0,32437:1747647676582:,1747647683577
counter/1/0/0/0,25009:1747647671328:,1747647683577
counter/4/0/0/0,23867:1747647670339:,1747647683577
counter/9/0/0/0,32494:1747647674659:,1747647683577
counter/2/0/0/0,32438:1747647676582:,1747647683577
counter/1/0/0/0,25010:1747647671334:,1747647683577
counter/4/0/0/0,23868:1747647670343:,1747647683577
counter/9/0/0/0,32495:1747647674659:,1747647683577
counter/2/0/0/0,32439:1747647676582:,1747647683577
counter/1/0/0/0,25011:1747647671334:,1747647683577
counter/4/0/0/0,23869:1747647670343:,1747647683577
counter/9/0/0/0,32496:1747647674659:,1747647683577
counter/2/0/0/0,32440:1747647676582:,1747647683577
counter/1/0/0/0,25012:1747647671334:,1747647683577
counter/4/0/0/0,23870:1747647670343:,1747647683577
counter/9/0/0/0,32497:1747647674659:,1747647683577
counter/2/0/0/0,32441:1747647676583:,1747647683577
counter/1/0/0/0,25013:1747647671334:,1747647683577
counter/4/0/0/0,23871:1747647670343:,1747647683577
counter/9/0/0/0,32498:1747647674659:,1747647683577
counter/2/0/0/0,32442:1747647676583:,1747647683577
counter/1/0/0/0,25014:1747647671334:,1747647683577
counter/4/0/0/0,23872:1747647670343:,1747647683578
counter/9/0/0/0,32499:1747647674659:,1747647683578
counter/2/0/0/0,32443:1747647676583:,1747647683578
counter/1/0/0/0,25015:1747647671334:,1747647683578
counter/4/0/0/0,23873:1747647670343:,1747647683578
counter/3/0/0/0,23952:1747647670075:,1747647683578
counter/10/0/0/0,24924:1747647668603:,1747647683578
counter/9/0/0/0,32500:1747647674659:,1747647683578
counter/2/0/0/0,32444:1747647676583:,1747647683578
counter/1/0/0/0,25016:1747647671334:,1747647683578
counter/4/0/0/0,23874:1747647670343:,1747647683578
counter/9/0/0/0,32501:1747647674659:,1747647683578
counter/2/0/0/0,32445:1747647676583:,1747647683578
counter/1/0/0/0,25017:1747647671334:,1747647683578
counter/4/0/0/0,23875:1747647670343:,1747647683578
counter/9/0/0/0,32502:1747647674666:,1747647683578
counter/2/0/0/0,32446:1747647676583:,1747647683578
counter/1/0/0/0,25018:1747647671335:,1747647683578
counter/4/0/0/0,23876:1747647670343:,1747647683578
counter/9/0/0/0,32503:1747647674666:,1747647683578
counter/2/0/0/0,32447:1747647676583:,1747647683578
counter/1/0/0/0,25019:1747647671335:,1747647683578
counter/4/0/0/0,23877:1747647670343:,1747647683578
counter/9/0/0/0,32504:1747647674666:,1747647683578
counter/2/0/0/0,32448:1747647676583:,1747647683578
counter/1/0/0/0,25020:1747647671338:,1747647683578
counter/4/0/0/0,23878:1747647670344:,1747647683578
counter/9/0/0/0,32505:1747647674666:,1747647683578
counter/2/0/0/0,32449:1747647676583:,1747647683578
counter/1/0/0/0,25021:1747647671339:,1747647683578
counter/4/0/0/0,23879:1747647670344:,1747647683578
counter/9/0/0/0,32506:1747647674666:,1747647683578
counter/2/0/0/0,32450:1747647676583:,1747647683578
counter/1/0/0/0,25022:1747647671339:,1747647683578
counter/4/0/0/0,23880:1747647670344:,1747647683578
counter/9/0/0/0,32507:1747647674666:,1747647683578
counter/2/0/0/0,32451:1747647676596:,1747647683578
counter/1/0/0/0,25023:1747647671339:,1747647683578
counter/4/0/0/0,23881:1747647670344:,1747647683578
counter/9/0/0/0,32508:1747647674666:,1747647683578
counter/2/0/0/0,32452:1747647676596:,1747647683578
counter/1/0/0/0,25024:1747647671339:,1747647683578
counter/4/0/0/0,23882:1747647670344:,1747647683578
counter/9/0/0/0,32509:1747647674666:,1747647683578
counter/2/0/0/0,32453:1747647676596:,1747647683579
counter/1/0/0/0,25025:1747647671351:,1747647683579
counter/4/0/0/0,23883:1747647670344:,1747647683579
counter/9/0/0/0,32510:1747647674666:,1747647683579
counter/2/0/0/0,32454:1747647676596:,1747647683579
counter/1/0/0/0,25026:1747647671351:,1747647683579
counter/4/0/0/0,23884:1747647670344:,1747647683579
counter/9/0/0/0,32511:1747647674666:,1747647683579
counter/2/0/0/0,32455:1747647676596:,1747647683579
counter/1/0/0/0,25027:1747647671351:,1747647683579
counter/4/0/0/0,23885:1747647670344:,1747647683579
counter/9/0/0/0,32512:1747647674666:,1747647683579
counter/2/0/0/0,32456:1747647676596:,1747647683579
counter/1/0/0/0,25028:1747647671351:,1747647683579
counter/4/0/0/0,23886:1747647670344:,1747647683579
counter/9/0/0/0,32513:1747647674666:,1747647683579
counter/2/0/0/0,32457:1747647676596:,1747647683579
counter/1/0/0/0,25029:1747647671351:,1747647683579
counter/4/0/0/0,23887:1747647670344:,1747647683579
counter/9/0/0/0,32514:1747647674666:,1747647683579
counter/2/0/0/0,32458:1747647676597:,1747647683579
counter/1/0/0/0,25030:1747647671351:,1747647683579
counter/4/0/0/0,23888:1747647670344:,1747647683579
counter/9/0/0/0,32515:1747647674666:,1747647683579
counter/2/0/0/0,32459:1747647676599:,1747647683579
counter/1/0/0/0,25031:1747647671351:,1747647683579
counter/4/0/0/0,23889:1747647670344:,1747647683579
counter/9/0/0/0,32516:1747647674667:,1747647683579
counter/2/0/0/0,32460:1747647676599:,1747647683579
counter/1/0/0/0,25032:1747647671351:,1747647683579
counter/4/0/0/0,23890:1747647670344:,1747647683579
counter/9/0/0/0,32517:1747647674683:,1747647683579
counter/2/0/0/0,32461:1747647676600:,1747647683579
counter/1/0/0/0,25033:1747647671351:,1747647683579
counter/4/0/0/0,23891:1747647670344:,1747647683579
counter/4/0/0/0,27001:1747647672903:,1747647683579
counter/8/0/0/0,32170:1747647675308:,1747647683579
counter/7/0/0/0,32457:1747647677069:,1747647683579
counter/10/0/0/0,27413:1747647671020:,1747647683579
counter/6/0/0/0,31924:1747647677619:,1747647683579
counter/5/0/0/0,31329:1747647674706:,1747647683580
counter/9/0/0/0,37756:1747647678871:,1747647683580
counter/3/0/0/0,26810:1747647672850:,1747647683580
counter/4/0/0/0,27002:1747647672903:,1747647683580
counter/8/0/0/0,32171:1747647675308:,1747647683580
counter/7/0/0/0,32458:1747647677069:,1747647683580
counter/10/0/0/0,27414:1747647671020:,1747647683580
counter/5/0/0/0,31330:1747647674709:,1747647683580
counter/4/0/0/0,27003:1747647672903:,1747647683580
counter/8/0/0/0,32172:1747647675308:,1747647683580
counter/7/0/0/0,32459:1747647677069:,1747647683580
counter/10/0/0/0,27415:1747647671020:,1747647683580
counter/5/0/0/0,31331:1747647674709:,1747647683580
counter/4/0/0/0,27004:1747647672903:,1747647683580
counter/8/0/0/0,32173:1747647675308:,1747647683580
counter/7/0/0/0,32460:1747647677069:,1747647683580
counter/10/0/0/0,27416:1747647671020:,1747647683580
counter/5/0/0/0,31332:1747647674709:,1747647683580
counter/4/0/0/0,27005:1747647672903:,1747647683580
counter/8/0/0/0,32174:1747647675308:,1747647683580
counter/7/0/0/0,32461:1747647677070:,1747647683580
counter/10/0/0/0,27417:1747647671043:,1747647683580
counter/5/0/0/0,31333:1747647674709:,1747647683580
counter/3/0/0/0,26811:1747647672850:,1747647683580
counter/4/0/0/0,27006:1747647672903:,1747647683580
counter/8/0/0/0,32175:1747647675308:,1747647683580
counter/7/0/0/0,32462:1747647677070:,1747647683580
counter/10/0/0/0,27418:1747647671043:,1747647683580
counter/5/0/0/0,31334:1747647674709:,1747647683580
counter/4/0/0/0,27007:1747647672903:,1747647683580
counter/8/0/0/0,32176:1747647675308:,1747647683580
counter/7/0/0/0,32463:1747647677070:,1747647683580
counter/10/0/0/0,27419:1747647671046:,1747647683580
counter/5/0/0/0,31335:1747647674709:,1747647683580
counter/4/0/0/0,27008:1747647672903:,1747647683580
counter/7/0/0/0,32464:1747647677070:,1747647683580
counter/10/0/0/0,27420:1747647671046:,1747647683580
counter/5/0/0/0,31336:1747647674709:,1747647683581
counter/4/0/0/0,27009:1747647672903:,1747647683581
counter/7/0/0/0,32465:1747647677070:,1747647683581
counter/10/0/0/0,27421:1747647671047:,1747647683581
counter/5/0/0/0,31337:1747647674709:,1747647683581
counter/4/0/0/0,27010:1747647672903:,1747647683581
counter/7/0/0/0,32466:1747647677070:,1747647683581
counter/10/0/0/0,27422:1747647671047:,1747647683581
counter/5/0/0/0,31338:1747647674709:,1747647683581
counter/4/0/0/0,27011:1747647672904:,1747647683581
counter/7/0/0/0,32467:1747647677070:,1747647683581
counter/10/0/0/0,27423:1747647671047:,1747647683581
counter/5/0/0/0,31339:1747647674709:,1747647683581
counter/4/0/0/0,27012:1747647672904:,1747647683581
counter/7/0/0/0,32468:1747647677070:,1747647683581
counter/10/0/0/0,27424:1747647671047:,1747647683581
counter/5/0/0/0,31340:1747647674709:,1747647683581
counter/4/0/0/0,27013:1747647672904:,1747647683581
counter/7/0/0/0,32469:1747647677070:,1747647683581
counter/10/0/0/0,27425:1747647671047:,1747647683581
counter/5/0/0/0,31341:1747647674709:,1747647683581
counter/4/0/0/0,27014:1747647672904:,1747647683581
counter/7/0/0/0,32470:1747647677070:,1747647683581
counter/5/0/0/0,31342:1747647674709:,1747647683581
counter/4/0/0/0,27015:1747647672904:,1747647683581
counter/7/0/0/0,32471:1747647677070:,1747647683581
counter/5/0/0/0,31343:1747647674709:,1747647683581
counter/4/0/0/0,27016:1747647672904:,1747647683581
counter/7/0/0/0,32472:1747647677070:,1747647683581
counter/5/0/0/0,31344:1747647674709:,1747647683581
counter/4/0/0/0,27017:1747647672904:,1747647683581
counter/7/0/0/0,32473:1747647677070:,1747647683581
counter/5/0/0/0,31345:1747647674709:,1747647683581
counter/4/0/0/0,27018:1747647672904:,1747647683581
counter/7/0/0/0,32474:1747647677070:,1747647683581
counter/5/0/0/0,31346:1747647674709:,1747647683581
counter/4/0/0/0,27019:1747647672911:,1747647683581
counter/7/0/0/0,32475:1747647677070:,1747647683581
counter/5/0/0/0,31347:1747647674709:,1747647683581
counter/4/0/0/0,27020:1747647672911:,1747647683581
counter/7/0/0/0,32476:1747647677070:,1747647683581
counter/5/0/0/0,31348:1747647674709:,1747647683581
counter/10/0/0/0,27426:1747647671047:,1747647683581
counter/4/0/0/0,27021:1747647672911:,1747647683581
counter/7/0/0/0,32477:1747647677070:,1747647683582
counter/5/0/0/0,31349:1747647674710:,1747647683582
counter/1/0/0/0,27994:1747647674213:,1747647683582
counter/4/0/0/0,27022:1747647672911:,1747647683582
counter/7/0/0/0,32478:1747647677070:,1747647683582
counter/5/0/0/0,31350:1747647674710:,1747647683582
counter/1/0/0/0,27995:1747647674213:,1747647683582
counter/4/0/0/0,27023:1747647672911:,1747647683582
counter/7/0/0/0,32479:1747647677071:,1747647683582
counter/5/0/0/0,31351:1747647674710:,1747647683582
counter/1/0/0/0,27996:1747647674213:,1747647683582
counter/3/0/0/0,26812:1747647672850:,1747647683582
counter/4/0/0/0,27024:1747647672911:,1747647683582
counter/7/0/0/0,32480:1747647677071:,1747647683582
counter/5/0/0/0,31352:1747647674710:,1747647683582
counter/1/0/0/0,27997:1747647674213:,1747647683582
counter/10/0/0/0,27427:1747647671047:,1747647683582
counter/9/0/0/0,37757:1747647678871:,1747647683582
counter/4/0/0/0,27025:1747647672911:,1747647683582
counter/7/0/0/0,32481:1747647677071:,1747647683582
counter/5/0/0/0,31353:1747647674710:,1747647683582
counter/1/0/0/0,27998:1747647674213:,1747647683582
counter/9/0/0/0,37758:1747647678871:,1747647683582
counter/6/0/0/0,31925:1747647677619:,1747647683582
counter/4/0/0/0,27026:1747647672911:,1747647683582
counter/7/0/0/0,32482:1747647677071:,1747647683582
counter/5/0/0/0,31354:1747647674710:,1747647683582
counter/1/0/0/0,27999:1747647674214:,1747647683582
counter/4/0/0/0,27027:1747647672911:,1747647683582
counter/7/0/0/0,32483:1747647677071:,1747647683582
counter/5/0/0/0,31355:1747647674710:,1747647683582
counter/1/0/0/0,28000:1747647674214:,1747647683582
counter/4/0/0/0,27028:1747647672911:,1747647683582
counter/7/0/0/0,32484:1747647677071:,1747647683582
counter/5/0/0/0,31356:1747647674710:,1747647683583
counter/7/0/0/0,32485:1747647677071:,1747647683583
counter/5/0/0/0,31357:1747647674710:,1747647683583
counter/7/0/0/0,32486:1747647677071:,1747647683583
counter/5/0/0/0,31358:1747647674710:,1747647683583
counter/7/0/0/0,32487:1747647677074:,1747647683583
counter/5/0/0/0,31359:1747647674710:,1747647683583
counter/7/0/0/0,32488:1747647677074:,1747647683583
counter/5/0/0/0,31360:1747647674710:,1747647683583
counter/5/0/0/0,31361:1747647674716:,1747647683583
counter/10/0/0/0,27428:1747647671047:,1747647683583
counter/6/0/0/0,31926:1747647677619:,1747647683583
counter/5/0/0/0,31362:1747647674716:,1747647683583
counter/3/0/0/0,26813:1747647672851:,1747647683583
counter/9/0/0/0,37759:1747647678871:,1747647683583
counter/5/0/0/0,31363:1747647674716:,1747647683583
counter/7/0/0/0,32489:1747647677074:,1747647683583
counter/5/0/0/0,31364:1747647674717:,1747647683583
counter/5/0/0/0,31365:1747647674719:,1747647683583
counter/5/0/0/0,31366:1747647674719:,1747647683583
counter/5/0/0/0,31367:1747647674719:,1747647683583
counter/5/0/0/0,31368:1747647674720:,1747647683583
counter/5/0/0/0,31369:1747647674720:,1747647683583
counter/5/0/0/0,31370:1747647674720:,1747647683583
counter/5/0/0/0,31371:1747647674720:,1747647683583
counter/5/0/0/0,31372:1747647674720:,1747647683583
counter/5/0/0/0,31373:1747647674720:,1747647683583
counter/5/0/0/0,31374:1747647674723:,1747647683583
counter/5/0/0/0,31375:1747647674723:,1747647683583
counter/5/0/0/0,31376:1747647674723:,1747647683583
counter/5/0/0/0,31377:1747647674723:,1747647683583
counter/5/0/0/0,31378:1747647674723:,1747647683583
counter/10/0/0/0,27429:1747647671047:,1747647683583
counter/5/0/0/0,31379:1747647674723:,1747647683583
counter/6/0/0/0,31927:1747647677619:,1747647683583
counter/5/0/0/0,31380:1747647674723:,1747647683583
counter/9/0/0/0,37760:1747647678871:,1747647683583
counter/1/0/0/0,28001:1747647674215:,1747647683583
counter/5/0/0/0,31381:1747647674723:,1747647683583
counter/7/0/0/0,32490:1747647677074:,1747647683583
counter/5/0/0/0,31382:1747647674723:,1747647683583
counter/4/0/0/0,27029:1747647672911:,1747647683583
counter/5/0/0/0,31383:1747647674723:,1747647683584
counter/5/0/0/0,31384:1747647674723:,1747647683584
counter/5/0/0/0,31385:1747647674723:,1747647683584
counter/5/0/0/0,31386:1747647674723:,1747647683584
counter/5/0/0/0,31387:1747647674723:,1747647683584
counter/7/0/0/0,32491:1747647677074:,1747647683584
counter/5/0/0/0,31388:1747647674723:,1747647683584
counter/4/0/0/0,27030:1747647672911:,1747647683584
counter/5/0/0/0,31389:1747647674723:,1747647683584
counter/3/0/0/0,26814:1747647672859:,1747647683584
counter/10/0/0/0,27430:1747647671047:,1747647683584
counter/5/0/0/0,31390:1747647674723:,1747647683584
counter/9/0/0/0,37761:1747647678891:,1747647683584
counter/6/0/0/0,31928:1747647677619:,1747647683584
counter/5/0/0/0,31391:1747647674727:,1747647683584
counter/5/0/0/0,31392:1747647674727:,1747647683584
counter/5/0/0/0,31393:1747647674727:,1747647683584
counter/5/0/0/0,31394:1747647674727:,1747647683584
counter/5/0/0/0,31395:1747647674727:,1747647683584
counter/5/0/0/0,31396:1747647674727:,1747647683584
counter/5/0/0/0,31397:1747647674727:,1747647683584
counter/5/0/0/0,31398:1747647674727:,1747647683584
counter/5/0/0/0,31399:1747647674727:,1747647683584
counter/5/0/0/0,31400:1747647674727:,1747647683584
counter/5/0/0/0,31401:1747647674727:,1747647683584
counter/5/0/0/0,31402:1747647674727:,1747647683584
counter/5/0/0/0,31403:1747647674727:,1747647683584
counter/5/0/0/0,31404:1747647674727:,1747647683584
counter/5/0/0/0,31405:1747647674727:,1747647683584
counter/5/0/0/0,31406:1747647674727:,1747647683584
counter/5/0/0/0,31407:1747647674727:,1747647683584
counter/5/0/0/0,31408:1747647674727:,1747647683584
counter/5/0/0/0,31409:1747647674727:,1747647683584
counter/5/0/0/0,31410:1747647674727:,1747647683584
counter/5/0/0/0,31411:1747647674727:,1747647683584
counter/5/0/0/0,31412:1747647674727:,1747647683584
counter/5/0/0/0,31413:1747647674727:,1747647683584
counter/5/0/0/0,31414:1747647674727:,1747647683584
counter/5/0/0/0,31415:1747647674727:,1747647683584
counter/5/0/0/0,31416:1747647674736:,1747647683584
counter/5/0/0/0,31417:1747647674736:,1747647683584
counter/5/0/0/0,31418:1747647674736:,1747647683585
counter/5/0/0/0,31419:1747647674736:,1747647683585
counter/5/0/0/0,31420:1747647674743:,1747647683585
counter/5/0/0/0,31421:1747647674752:,1747647683585
counter/5/0/0/0,31422:1747647674752:,1747647683585
counter/5/0/0/0,31423:1747647674752:,1747647683585
counter/5/0/0/0,31424:1747647674752:,1747647683585
counter/5/0/0/0,31425:1747647674753:,1747647683585
counter/5/0/0/0,31426:1747647674753:,1747647683585
counter/5/0/0/0,31427:1747647674753:,1747647683585
counter/5/0/0/0,31428:1747647674753:,1747647683585
counter/5/0/0/0,31429:1747647674753:,1747647683585
counter/5/0/0/0,31430:1747647674753:,1747647683585
counter/5/0/0/0,31431:1747647674753:,1747647683585
counter/5/0/0/0,31432:1747647674753:,1747647683585
counter/5/0/0/0,31433:1747647674753:,1747647683585
counter/5/0/0/0,31434:1747647674753:,1747647683585
counter/7/0/0/0,32492:1747647677074:,1747647683585
counter/5/0/0/0,31435:1747647674753:,1747647683585
counter/10/0/0/0,27431:1747647671047:,1747647683585
counter/5/0/0/0,31436:1747647674778:,1747647683585
counter/6/0/0/0,31929:1747647677619:,1747647683585
counter/5/0/0/0,31437:1747647674782:,1747647683585
counter/1/0/0/0,28002:1747647674215:,1747647683585
counter/9/0/0/0,37762:1747647678891:,1747647683585
counter/5/0/0/0,31438:1747647674782:,1747647683585
counter/4/0/0/0,27031:1747647672911:,1747647683585
counter/5/0/0/0,31439:1747647674783:,1747647683585
counter/5/0/0/0,31440:1747647674785:,1747647683585
counter/5/0/0/0,31441:1747647674786:,1747647683585
counter/5/0/0/0,31442:1747647674786:,1747647683585
counter/5/0/0/0,31443:1747647674786:,1747647683585
counter/5/0/0/0,31444:1747647674786:,1747647683585
counter/5/0/0/0,31445:1747647674786:,1747647683585
counter/5/0/0/0,31446:1747647674786:,1747647683585
counter/5/0/0/0,31447:1747647674786:,1747647683585
counter/5/0/0/0,31448:1747647674786:,1747647683585
counter/5/0/0/0,31449:1747647674786:,1747647683585
counter/5/0/0/0,31450:1747647674786:,1747647683586
counter/10/0/0/0,27432:1747647671048:,1747647683586
counter/5/0/0/0,31451:1747647674786:,1747647683586
counter/1/0/0/0,28003:1747647674215:,1747647683586
counter/5/0/0/0,31452:1747647674786:,1747647683586
counter/1/0/0/0,28004:1747647674215:,1747647683586
counter/5/0/0/0,31453:1747647674786:,1747647683586
counter/1/0/0/0,28005:1747647674215:,1747647683586
counter/5/0/0/0,31454:1747647674791:,1747647683586
counter/1/0/0/0,28006:1747647674215:,1747647683586
counter/3/0/0/0,26815:1747647672859:,1747647683586
counter/5/0/0/0,31455:1747647674791:,1747647683586
counter/5/0/0/0,31456:1747647674791:,1747647683586
counter/5/0/0/0,31457:1747647674792:,1747647683586
counter/5/0/0/0,31458:1747647674792:,1747647683586
counter/5/0/0/0,31459:1747647674792:,1747647683586
counter/5/0/0/0,31460:1747647674792:,1747647683586
counter/5/0/0/0,31461:1747647674792:,1747647683586
counter/5/0/0/0,31462:1747647674794:,1747647683586
counter/5/0/0/0,31463:1747647674794:,1747647683586
counter/5/0/0/0,31464:1747647674797:,1747647683586
counter/6/0/0/0,31930:1747647677619:,1747647683586
counter/5/0/0/0,31465:1747647674797:,1747647683586
counter/1/0/0/0,28007:1747647674215:,1747647683586
counter/1/0/0/0,28008:1747647674227:,1747647683586
counter/1/0/0/0,28009:1747647674228:,1747647683586
counter/1/0/0/0,28010:1747647674228:,1747647683586
counter/1/0/0/0,28011:1747647674228:,1747647683586
counter/6/0/0/0,31931:1747647677619:,1747647683586
counter/9/0/0/0,37763:1747647678891:,1747647683586
counter/10/0/0/0,27433:1747647671048:,1747647683586
counter/7/0/0/0,32493:1747647677074:,1747647683586
counter/1/0/0/0,28012:1747647674228:,1747647683586
counter/1/0/0/0,28013:1747647674228:,1747647683586
counter/1/0/0/0,28014:1747647674228:,1747647683586
counter/1/0/0/0,28015:1747647674228:,1747647683586
counter/1/0/0/0,28016:1747647674228:,1747647683586
counter/1/0/0/0,28017:1747647674228:,1747647683586
counter/10/0/0/0,27434:1747647671048:,1747647683587
counter/1/0/0/0,28018:1747647674228:,1747647683587
counter/7/0/0/0,32494:1747647677074:,1747647683587
counter/6/0/0/0,31932:1747647677619:,1747647683587
counter/4/0/0/0,27032:1747647672911:,1747647683587
counter/9/0/0/0,37764:1747647678891:,1747647683587
counter/10/0/0/0,27435:1747647671048:,1747647683587
counter/3/0/0/0,26816:1747647672859:,1747647683587
counter/7/0/0/0,32495:1747647677074:,1747647683587
counter/3/0/0/0,26817:1747647672859:,1747647683587
counter/1/0/0/0,28019:1747647674228:,1747647683587
counter/3/0/0/0,26818:1747647672859:,1747647683587
counter/9/0/0/0,37765:1747647678891:,1747647683587
counter/10/0/0/0,27436:1747647671066:,1747647683587
counter/7/0/0/0,32496:1747647677074:,1747647683587
counter/1/0/0/0,28020:1747647674228:,1747647683587
counter/3/0/0/0,26819:1747647672859:,1747647683587
counter/10/0/0/0,27437:1747647671066:,1747647683587
counter/7/0/0/0,32497:1747647677074:,1747647683587
counter/7/0/0/0,32498:1747647677074:,1747647683587
counter/7/0/0/0,32499:1747647677084:,1747647683587
counter/7/0/0/0,32500:1747647677084:,1747647683587
counter/8/0/0/0,32177:1747647675308:,1747647683587
counter/1/0/0/0,28021:1747647674228:,1747647683587
counter/1/0/0/0,28022:1747647674228:,1747647683587
counter/1/0/0/0,28023:1747647674228:,1747647683587
counter/1/0/0/0,28024:1747647674228:,1747647683587
counter/1/0/0/0,28025:1747647674228:,1747647683587
counter/1/0/0/0,28026:1747647674228:,1747647683587
counter/1/0/0/0,28027:1747647674228:,1747647683587
counter/10/0/0/0,27438:1747647671066:,1747647683587
counter/1/0/0/0,28028:1747647674228:,1747647683587
counter/1/0/0/0,28029:1747647674228:,1747647683587
counter/1/0/0/0,28030:1747647674228:,1747647683587
counter/7/0/0/0,32501:1747647677084:,1747647683588
counter/1/0/0/0,28031:1747647674228:,1747647683588
counter/6/0/0/0,31933:1747647677619:,1747647683588
counter/10/0/0/0,27439:1747647671066:,1747647683588
counter/9/0/0/0,37766:1747647678891:,1747647683588
counter/9/0/0/0,37767:1747647678891:,1747647683588
counter/10/0/0/0,27440:1747647671069:,1747647683588
counter/7/0/0/0,32502:1747647677084:,1747647683588
counter/4/0/0/0,27033:1747647672911:,1747647683588
counter/6/0/0/0,31934:1747647677619:,1747647683588
counter/1/0/0/0,28032:1747647674228:,1747647683588
counter/9/0/0/0,37768:1747647678891:,1747647683588
counter/9/0/0/0,37769:1747647678891:,1747647683588
counter/10/0/0/0,27441:1747647671069:,1747647683588
counter/9/0/0/0,37770:1747647678891:,1747647683588
counter/6/0/0/0,31935:1747647677619:,1747647683588
counter/6/0/0/0,31936:1747647677619:,1747647683588
counter/6/0/0/0,31937:1747647677619:,1747647683588
counter/6/0/0/0,31938:1747647677619:,1747647683588
counter/6/0/0/0,31939:1747647677619:,1747647683588
counter/6/0/0/0,31940:1747647677619:,1747647683588
counter/6/0/0/0,31941:1747647677619:,1747647683588
counter/6/0/0/0,31942:1747647677619:,1747647683588
counter/6/0/0/0,31943:1747647677619:,1747647683588
counter/1/0/0/0,28033:1747647674228:,1747647683588
counter/3/0/0/0,26820:1747647672859:,1747647683588
counter/4/0/0/0,27034:1747647672911:,1747647683588
counter/4/0/0/0,27035:1747647672911:,1747647683588
counter/4/0/0/0,27036:1747647672911:,1747647683588
counter/4/0/0/0,27037:1747647672911:,1747647683588
counter/6/0/0/0,31944:1747647677619:,1747647683588
counter/4/0/0/0,27038:1747647672912:,1747647683588
counter/7/0/0/0,32503:1747647677084:,1747647683588
counter/9/0/0/0,37771:1747647678891:,1747647683588
counter/3/0/0/0,26821:1747647672859:,1747647683588
counter/10/0/0/0,27442:1747647671069:,1747647683588
counter/10/0/0/0,27443:1747647671069:,1747647683588
counter/10/0/0/0,27444:1747647671069:,1747647683588
counter/6/0/0/0,31945:1747647677620:,1747647683588
counter/1/0/0/0,28034:1747647674228:,1747647683588
counter/7/0/0/0,32504:1747647677084:,1747647683589
counter/9/0/0/0,37772:1747647678891:,1747647683589
counter/3/0/0/0,26822:1747647672859:,1747647683589
counter/1/0/0/0,28035:1747647674228:,1747647683589
counter/7/0/0/0,32505:1747647677084:,1747647683589
counter/9/0/0/0,37773:1747647678891:,1747647683589
counter/3/0/0/0,26823:1747647672859:,1747647683589
counter/10/0/0/0,27445:1747647671069:,1747647683589
counter/4/0/0/0,27039:1747647672912:,1747647683589
counter/4/0/0/0,27040:1747647672912:,1747647683589
counter/4/0/0/0,27041:1747647672912:,1747647683589
counter/6/0/0/0,31946:1747647677620:,1747647683589
counter/1/0/0/0,28036:1747647674228:,1747647683589
counter/7/0/0/0,32506:1747647677084:,1747647683589
counter/9/0/0/0,37774:1747647678894:,1747647683589
counter/3/0/0/0,26824:1747647672859:,1747647683589
counter/10/0/0/0,27446:1747647671069:,1747647683589
counter/10/0/0/0,27447:1747647671069:,1747647683589
counter/10/0/0/0,27448:1747647671069:,1747647683589
counter/10/0/0/0,27449:1747647671069:,1747647683589
counter/6/0/0/0,31947:1747647677620:,1747647683589
counter/10/0/0/0,27450:1747647671069:,1747647683589
counter/6/0/0/0,31948:1747647677620:,1747647683589
counter/6/0/0/0,31949:1747647677620:,1747647683589
counter/9/0/0/0,37775:1747647678894:,1747647683589
counter/3/0/0/0,26825:1747647672860:,1747647683589
counter/1/0/0/0,28037:1747647674228:,1747647683589
counter/10/0/0/0,27451:1747647671069:,1747647683589
counter/6/0/0/0,31950:1747647677620:,1747647683589
counter/9/0/0/0,37776:1747647678894:,1747647683589
counter/7/0/0/0,32507:1747647677086:,1747647683589
counter/9/0/0/0,37777:1747647678894:,1747647683589
counter/4/0/0/0,27042:1747647672912:,1747647683589
counter/8/0/0/0,32178:1747647675308:,1747647683589
counter/3/0/0/0,26826:1747647672860:,1747647683589
counter/1/0/0/0,28038:1747647674228:,1747647683589
counter/10/0/0/0,27452:1747647671069:,1747647683589
counter/6/0/0/0,31951:1747647677620:,1747647683589
counter/6/0/0/0,31952:1747647677620:,1747647683589
counter/6/0/0/0,31953:1747647677620:,1747647683589
counter/6/0/0/0,31954:1747647677620:,1747647683589
counter/6/0/0/0,31955:1747647677620:,1747647683590
counter/6/0/0/0,31956:1747647677620:,1747647683590
counter/6/0/0/0,31957:1747647677620:,1747647683590
counter/6/0/0/0,31958:1747647677620:,1747647683590
counter/6/0/0/0,31959:1747647677620:,1747647683590
counter/6/0/0/0,31960:1747647677634:,1747647683590
counter/6/0/0/0,31961:1747647677634:,1747647683590
counter/6/0/0/0,31962:1747647677634:,1747647683590
counter/6/0/0/0,31963:1747647677634:,1747647683590
counter/6/0/0/0,31964:1747647677634:,1747647683590
counter/6/0/0/0,31965:1747647677634:,1747647683590
counter/6/0/0/0,31966:1747647677634:,1747647683590
counter/6/0/0/0,31967:1747647677634:,1747647683590
counter/6/0/0/0,31968:1747647677634:,1747647683590
counter/6/0/0/0,31969:1747647677634:,1747647683590
counter/6/0/0/0,31970:1747647677634:,1747647683590
counter/6/0/0/0,31971:1747647677634:,1747647683590
counter/6/0/0/0,31972:1747647677634:,1747647683590
counter/6/0/0/0,31973:1747647677634:,1747647683590
counter/4/0/0/0,27043:1747647672912:,1747647683590
counter/4/0/0/0,27044:1747647672912:,1747647683590
counter/4/0/0/0,27045:1747647672912:,1747647683590
counter/4/0/0/0,27046:1747647672912:,1747647683590
counter/4/0/0/0,27047:1747647672912:,1747647683590
counter/4/0/0/0,27048:1747647672912:,1747647683590
counter/7/0/0/0,32508:1747647677086:,1747647683590
counter/1/0/0/0,28039:1747647674228:,1747647683590
counter/3/0/0/0,26827:1747647672860:,1747647683590
counter/9/0/0/0,37778:1747647678894:,1747647683590
counter/10/0/0/0,27453:1747647671069:,1747647683590
counter/9/0/0/0,37779:1747647678899:,1747647683590
counter/4/0/0/0,27049:1747647672912:,1747647683590
counter/9/0/0/0,37780:1747647678899:,1747647683590
counter/7/0/0/0,32509:1747647677086:,1747647683590
counter/9/0/0/0,37781:1747647678899:,1747647683590
counter/1/0/0/0,28040:1747647674229:,1747647683590
counter/10/0/0/0,27454:1747647671069:,1747647683590
counter/4/0/0/0,27050:1747647672912:,1747647683590
counter/4/0/0/0,27051:1747647672912:,1747647683590
counter/7/0/0/0,32510:1747647677086:,1747647683590
counter/7/0/0/0,32511:1747647677086:,1747647683590
counter/7/0/0/0,32512:1747647677086:,1747647683590
counter/7/0/0/0,32513:1747647677087:,1747647683591
counter/7/0/0/0,32514:1747647677087:,1747647683591
counter/7/0/0/0,32515:1747647677087:,1747647683591
counter/7/0/0/0,32516:1747647677087:,1747647683591
counter/7/0/0/0,32517:1747647677087:,1747647683591
counter/7/0/0/0,32518:1747647677087:,1747647683591
counter/7/0/0/0,32519:1747647677087:,1747647683591
counter/7/0/0/0,32520:1747647677087:,1747647683591
counter/7/0/0/0,32521:1747647677087:,1747647683591
counter/9/0/0/0,37782:1747647678899:,1747647683591
counter/6/0/0/0,31974:1747647677634:,1747647683591
counter/4/0/0/0,27052:1747647672912:,1747647683591
counter/10/0/0/0,27455:1747647671069:,1747647683591
counter/7/0/0/0,32522:1747647677089:,1747647683591
counter/7/0/0/0,32523:1747647677089:,1747647683591
counter/7/0/0/0,32524:1747647677089:,1747647683591
counter/7/0/0/0,32525:1747647677089:,1747647683591
counter/3/0/0/0,26828:1747647672860:,1747647683591
counter/3/0/0/0,26829:1747647672860:,1747647683591
counter/4/0/0/0,27053:1747647672912:,1747647683591
counter/4/0/0/0,27054:1747647672912:,1747647683591
counter/10/0/0/0,27456:1747647671069:,1747647683591
counter/7/0/0/0,32526:1747647677089:,1747647683591
counter/8/0/0/0,32179:1747647675308:,1747647683591
counter/8/0/0/0,32180:1747647675308:,1747647683591
counter/8/0/0/0,32181:1747647675308:,1747647683591
counter/6/0/0/0,31975:1747647677634:,1747647683591
counter/10/0/0/0,27457:1747647671069:,1747647683591
counter/10/0/0/0,27458:1747647671069:,1747647683591
counter/1/0/0/0,28041:1747647674229:,1747647683591
counter/10/0/0/0,27459:1747647671069:,1747647683591
counter/6/0/0/0,31976:1747647677634:,1747647683591
counter/6/0/0/0,31977:1747647677639:,1747647683591
counter/6/0/0/0,31978:1747647677639:,1747647683591
counter/6/0/0/0,31979:1747647677639:,1747647683591
counter/6/0/0/0,31980:1747647677639:,1747647683591
counter/6/0/0/0,31981:1747647677639:,1747647683591
counter/6/0/0/0,31982:1747647677639:,1747647683591
counter/6/0/0/0,31983:1747647677639:,1747647683591
counter/6/0/0/0,31984:1747647677639:,1747647683591
counter/3/0/0/0,26830:1747647672860:,1747647683592
counter/6/0/0/0,31985:1747647677640:,1747647683592
counter/8/0/0/0,32182:1747647675313:,1747647683592
counter/4/0/0/0,27055:1747647672912:,1747647683592
counter/4/0/0/0,27056:1747647672912:,1747647683592
counter/10/0/0/0,27460:1747647671073:,1747647683592
counter/10/0/0/0,27461:1747647671073:,1747647683592
counter/10/0/0/0,27462:1747647671073:,1747647683592
counter/10/0/0/0,27463:1747647671073:,1747647683592
counter/10/0/0/0,27464:1747647671073:,1747647683592
counter/10/0/0/0,27465:1747647671073:,1747647683592
counter/10/0/0/0,27466:1747647671073:,1747647683592
counter/4/0/0/0,27057:1747647672912:,1747647683592
counter/4/0/0/0,27058:1747647672912:,1747647683592
counter/4/0/0/0,27059:1747647672919:,1747647683592
counter/4/0/0/0,27060:1747647672919:,1747647683592
counter/4/0/0/0,27061:1747647672919:,1747647683592
counter/4/0/0/0,27062:1747647672919:,1747647683592
counter/4/0/0/0,27063:1747647672919:,1747647683592
counter/10/0/0/0,27467:1747647671073:,1747647683592
counter/4/0/0/0,27064:1747647672919:,1747647683592
counter/9/0/0/0,37783:1747647678899:,1747647683592
counter/7/0/0/0,32527:1747647677089:,1747647683592
counter/3/0/0/0,26831:1747647672860:,1747647683592
counter/6/0/0/0,31986:1747647677640:,1747647683592
counter/8/0/0/0,32183:1747647675313:,1747647683592
counter/8/0/0/0,32184:1747647675313:,1747647683592
counter/4/0/0/0,27065:1747647672919:,1747647683592
counter/4/0/0/0,27066:1747647672919:,1747647683592
counter/4/0/0/0,27067:1747647672919:,1747647683592
counter/7/0/0/0,32528:1747647677089:,1747647683592
counter/4/0/0/0,27068:1747647672919:,1747647683592
counter/7/0/0/0,32529:1747647677093:,1747647683592
counter/4/0/0/0,27069:1747647672919:,1747647683592
counter/8/0/0/0,32185:1747647675313:,1747647683592
counter/8/0/0/0,32186:1747647675313:,1747647683592
counter/8/0/0/0,32187:1747647675313:,1747647683592
counter/8/0/0/0,32188:1747647675313:,1747647683592
counter/8/0/0/0,32189:1747647675319:,1747647683592
counter/8/0/0/0,32190:1747647675319:,1747647683592
counter/8/0/0/0,32191:1747647675319:,1747647683592
counter/8/0/0/0,32192:1747647675319:,1747647683593
counter/8/0/0/0,32193:1747647675319:,1747647683593
counter/8/0/0/0,32194:1747647675319:,1747647683593
counter/8/0/0/0,32195:1747647675319:,1747647683593
counter/8/0/0/0,32196:1747647675319:,1747647683593
counter/8/0/0/0,32197:1747647675319:,1747647683593
counter/8/0/0/0,32198:1747647675319:,1747647683593
counter/8/0/0/0,32199:1747647675319:,1747647683593
counter/8/0/0/0,32200:1747647675319:,1747647683593
counter/8/0/0/0,32201:1747647675319:,1747647683593
counter/8/0/0/0,32202:1747647675319:,1747647683593
counter/8/0/0/0,32203:1747647675319:,1747647683593
counter/8/0/0/0,32204:1747647675319:,1747647683593
counter/8/0/0/0,32205:1747647675319:,1747647683593
counter/8/0/0/0,32206:1747647675319:,1747647683593
counter/8/0/0/0,32207:1747647675323:,1747647683593
counter/8/0/0/0,32208:1747647675323:,1747647683593
counter/1/0/0/0,28042:1747647674229:,1747647683593
counter/8/0/0/0,32209:1747647675323:,1747647683593
counter/6/0/0/0,31987:1747647677640:,1747647683593
counter/8/0/0/0,32210:1747647675323:,1747647683593
counter/6/0/0/0,31988:1747647677640:,1747647683593
counter/8/0/0/0,32211:1747647675323:,1747647683593
counter/6/0/0/0,31989:1747647677640:,1747647683593
counter/8/0/0/0,32212:1747647675323:,1747647683593
counter/6/0/0/0,31990:1747647677640:,1747647683593
counter/8/0/0/0,32213:1747647675323:,1747647683593
counter/6/0/0/0,31991:1747647677640:,1747647683593
counter/1/0/0/0,28043:1747647674229:,1747647683593
counter/6/0/0/0,31992:1747647677640:,1747647683593
counter/6/0/0/0,31993:1747647677640:,1747647683593
counter/6/0/0/0,31994:1747647677640:,1747647683593
counter/1/0/0/0,28044:1747647674229:,1747647683593
counter/10/0/0/0,27468:1747647671073:,1747647683593
counter/7/0/0/0,32530:1747647677093:,1747647683593
counter/4/0/0/0,27070:1747647672919:,1747647683593
counter/3/0/0/0,26832:1747647672860:,1747647683593
counter/10/0/0/0,27469:1747647671073:,1747647683593
counter/1/0/0/0,28045:1747647674229:,1747647683593
counter/6/0/0/0,31995:1747647677640:,1747647683593
counter/6/0/0/0,31996:1747647677640:,1747647683593
counter/6/0/0/0,31997:1747647677640:,1747647683593
counter/8/0/0/0,32214:1747647675323:,1747647683593
counter/6/0/0/0,31998:1747647677640:,1747647683594
counter/6/0/0/0,31999:1747647677640:,1747647683594
counter/6/0/0/0,32000:1747647677640:,1747647683594
counter/6/0/0/0,32001:1747647677640:,1747647683594
counter/1/0/0/0,28046:1747647674229:,1747647683594
counter/10/0/0/0,27470:1747647671073:,1747647683594
counter/6/0/0/0,32002:1747647677640:,1747647683594
counter/1/0/0/0,28047:1747647674229:,1747647683594
counter/9/0/0/0,37784:1747647678899:,1747647683594
counter/9/0/0/0,37785:1747647678899:,1747647683594
counter/10/0/0/0,27471:1747647671073:,1747647683594
counter/3/0/0/0,26833:1747647672860:,1747647683594
counter/3/0/0/0,26834:1747647672860:,1747647683594
counter/6/0/0/0,32003:1747647677640:,1747647683594
counter/6/0/0/0,32004:1747647677640:,1747647683594
counter/6/0/0/0,32005:1747647677640:,1747647683594
counter/4/0/0/0,27071:1747647672920:,1747647683594
counter/10/0/0/0,27472:1747647671073:,1747647683594
counter/10/0/0/0,27473:1747647671073:,1747647683594
counter/10/0/0/0,27474:1747647671074:,1747647683594
counter/8/0/0/0,32215:1747647675323:,1747647683594
counter/3/0/0/0,26835:1747647672860:,1747647683594
counter/1/0/0/0,28048:1747647674229:,1747647683594
counter/3/0/0/0,26836:1747647672860:,1747647683594
counter/7/0/0/0,32531:1747647677093:,1747647683594
counter/4/0/0/0,27072:1747647672920:,1747647683594
counter/9/0/0/0,37786:1747647678899:,1747647683594
counter/4/0/0/0,27073:1747647672920:,1747647683594
counter/6/0/0/0,32006:1747647677640:,1747647683594
counter/9/0/0/0,37787:1747647678899:,1747647683594
counter/10/0/0/0,27475:1747647671074:,1747647683594
counter/1/0/0/0,28049:1747647674229:,1747647683594
counter/7/0/0/0,32532:1747647677093:,1747647683594
counter/7/0/0/0,32533:1747647677093:,1747647683594
counter/7/0/0/0,32534:1747647677093:,1747647683594
counter/7/0/0/0,32535:1747647677093:,1747647683594
counter/7/0/0/0,32536:1747647677093:,1747647683594
counter/7/0/0/0,32537:1747647677093:,1747647683594
counter/7/0/0/0,32538:1747647677093:,1747647683594
counter/7/0/0/0,32539:1747647677093:,1747647683594
counter/7/0/0/0,32540:1747647677093:,1747647683594
counter/7/0/0/0,32541:1747647677093:,1747647683594
counter/7/0/0/0,32542:1747647677093:,1747647683594
counter/10/0/0/0,27476:1747647671074:,1747647683594
counter/7/0/0/0,32543:1747647677093:,1747647683595
counter/1/0/0/0,28050:1747647674229:,1747647683595
counter/7/0/0/0,32544:1747647677093:,1747647683595
counter/7/0/0/0,32545:1747647677097:,1747647683595
counter/4/0/0/0,27074:1747647672921:,1747647683595
counter/9/0/0/0,37788:1747647678899:,1747647683595
counter/9/0/0/0,37789:1747647678899:,1747647683595
counter/9/0/0/0,37790:1747647678900:,1747647683595
counter/9/0/0/0,37791:1747647678900:,1747647683595
counter/9/0/0/0,37792:1747647678901:,1747647683595
counter/9/0/0/0,37793:1747647678901:,1747647683595
counter/9/0/0/0,37794:1747647678901:,1747647683595
counter/4/0/0/0,27075:1747647672921:,1747647683595
counter/9/0/0/0,37795:1747647678901:,1747647683595
counter/7/0/0/0,32546:1747647677097:,1747647683595
counter/7/0/0/0,32547:1747647677097:,1747647683595
counter/7/0/0/0,32548:1747647677097:,1747647683595
counter/7/0/0/0,32549:1747647677097:,1747647683595
counter/7/0/0/0,32550:1747647677097:,1747647683595
counter/7/0/0/0,32551:1747647677097:,1747647683595
counter/7/0/0/0,32552:1747647677097:,1747647683595
counter/10/0/0/0,27477:1747647671076:,1747647683595
counter/7/0/0/0,32553:1747647677100:,1747647683595
counter/1/0/0/0,28051:1747647674229:,1747647683595
counter/7/0/0/0,32554:1747647677100:,1747647683595
counter/3/0/0/0,26837:1747647672860:,1747647683595
counter/8/0/0/0,32216:1747647675323:,1747647683595
counter/8/0/0/0,32217:1747647675332:,1747647683595
counter/9/0/0/0,37796:1747647678901:,1747647683595
counter/8/0/0/0,32218:1747647675332:,1747647683595
counter/6/0/0/0,32007:1747647677640:,1747647683595
counter/8/0/0/0,32219:1747647675332:,1747647683595
counter/10/0/0/0,27478:1747647671076:,1747647683595
counter/1/0/0/0,28052:1747647674229:,1747647683595
counter/3/0/0/0,26838:1747647672860:,1747647683595
counter/9/0/0/0,37797:1747647678901:,1747647683596
counter/4/0/0/0,27076:1747647672921:,1747647683596
counter/7/0/0/0,32555:1747647677100:,1747647683596
counter/7/0/0/0,32556:1747647677100:,1747647683596
counter/7/0/0/0,32557:1747647677100:,1747647683596
counter/7/0/0/0,32558:1747647677100:,1747647683596
counter/7/0/0/0,32559:1747647677117:,1747647683596
counter/7/0/0/0,32560:1747647677119:,1747647683596
counter/7/0/0/0,32561:1747647677119:,1747647683596
counter/7/0/0/0,32562:1747647677119:,1747647683596
counter/7/0/0/0,32563:1747647677119:,1747647683596
counter/7/0/0/0,32564:1747647677119:,1747647683596
counter/7/0/0/0,32565:1747647677120:,1747647683596
counter/1/0/0/0,28053:1747647674229:,1747647683596
counter/7/0/0/0,32566:1747647677120:,1747647683596
counter/3/0/0/0,26839:1747647672860:,1747647683596
counter/9/0/0/0,37798:1747647678901:,1747647683596
counter/4/0/0/0,27077:1747647672921:,1747647683596
counter/8/0/0/0,32220:1747647675332:,1747647683596
counter/8/0/0/0,32221:1747647675332:,1747647683596
counter/8/0/0/0,32222:1747647675332:,1747647683596
counter/8/0/0/0,32223:1747647675332:,1747647683596
counter/8/0/0/0,32224:1747647675332:,1747647683596
counter/8/0/0/0,32225:1747647675332:,1747647683596
counter/8/0/0/0,32226:1747647675332:,1747647683596
counter/3/0/0/0,26840:1747647672860:,1747647683596
counter/4/0/0/0,27078:1747647672921:,1747647683596
counter/10/0/0/0,27479:1747647671076:,1747647683596
counter/7/0/0/0,32567:1747647677129:,1747647683596
counter/7/0/0/0,32568:1747647677129:,1747647683596
counter/7/0/0/0,32569:1747647677129:,1747647683596
counter/7/0/0/0,32570:1747647677129:,1747647683596
counter/7/0/0/0,32571:1747647677129:,1747647683596
counter/7/0/0/0,32572:1747647677129:,1747647683596
counter/7/0/0/0,32573:1747647677161:,1747647683596
counter/7/0/0/0,32574:1747647677161:,1747647683596
counter/7/0/0/0,32575:1747647677161:,1747647683596
counter/1/0/0/0,28054:1747647674233:,1747647683596
counter/8/0/0/0,32227:1747647675332:,1747647683596
counter/9/0/0/0,37799:1747647678901:,1747647683596
counter/9/0/0/0,37800:1747647678901:,1747647683596
counter/3/0/0/0,26841:1747647672860:,1747647683597
counter/10/0/0/0,27480:1747647671076:,1747647683597
counter/6/0/0/0,32008:1747647677640:,1747647683597
counter/6/0/0/0,32009:1747647677640:,1747647683597
counter/6/0/0/0,32010:1747647677640:,1747647683597
counter/6/0/0/0,32011:1747647677640:,1747647683597
counter/6/0/0/0,32012:1747647677640:,1747647683597
counter/4/0/0/0,27079:1747647672921:,1747647683597
counter/4/0/0/0,27080:1747647672921:,1747647683597
counter/4/0/0/0,27081:1747647672921:,1747647683597
counter/4/0/0/0,27082:1747647672921:,1747647683597
counter/4/0/0/0,27083:1747647672921:,1747647683597
counter/4/0/0/0,27084:1747647672921:,1747647683597
counter/4/0/0/0,27085:1747647672921:,1747647683597
counter/4/0/0/0,27086:1747647672921:,1747647683597
counter/4/0/0/0,27087:1747647672921:,1747647683597
counter/4/0/0/0,27088:1747647672932:,1747647683597
counter/4/0/0/0,27089:1747647672933:,1747647683597
counter/4/0/0/0,27090:1747647672933:,1747647683597
counter/6/0/0/0,32013:1747647677640:,1747647683597
counter/4/0/0/0,27091:1747647672933:,1747647683597
counter/9/0/0/0,37801:1747647678901:,1747647683597
counter/7/0/0/0,32576:1747647677161:,1747647683597
counter/4/0/0/0,27092:1747647672939:,1747647683597
counter/7/0/0/0,32577:1747647677161:,1747647683597
counter/3/0/0/0,26842:1747647672860:,1747647683597
counter/3/0/0/0,26843:1747647672860:,1747647683597
counter/3/0/0/0,26844:1747647672860:,1747647683597
counter/3/0/0/0,26845:1747647672860:,1747647683597
counter/6/0/0/0,32014:1747647677640:,1747647683597
counter/3/0/0/0,26846:1747647672860:,1747647683597
counter/10/0/0/0,27481:1747647671076:,1747647683597
counter/7/0/0/0,32578:1747647677161:,1747647683597
counter/4/0/0/0,27093:1747647672941:,1747647683597
counter/4/0/0/0,27094:1747647672941:,1747647683597
counter/4/0/0/0,27095:1747647672941:,1747647683597
counter/4/0/0/0,27096:1747647672941:,1747647683597
counter/4/0/0/0,27097:1747647672941:,1747647683597
counter/9/0/0/0,37802:1747647678902:,1747647683597
counter/3/0/0/0,26847:1747647672884:,1747647683598
counter/10/0/0/0,27482:1747647671076:,1747647683598
counter/10/0/0/0,27483:1747647671076:,1747647683598
counter/10/0/0/0,27484:1747647671077:,1747647683598
counter/4/0/0/0,27098:1747647672941:,1747647683598
counter/10/0/0/0,27485:1747647671077:,1747647683598
counter/10/0/0/0,27486:1747647671077:,1747647683598
counter/7/0/0/0,32579:1747647677161:,1747647683598
counter/10/0/0/0,27487:1747647671078:,1747647683598
counter/7/0/0/0,32580:1747647677171:,1747647683598
counter/7/0/0/0,32581:1747647677171:,1747647683598
counter/1/0/0/0,28055:1747647674233:,1747647683598
counter/7/0/0/0,32582:1747647677171:,1747647683598
counter/1/0/0/0,28056:1747647674233:,1747647683598
counter/1/0/0/0,28057:1747647674233:,1747647683598
counter/1/0/0/0,28058:1747647674233:,1747647683598
counter/1/0/0/0,28059:1747647674233:,1747647683598
counter/1/0/0/0,28060:1747647674233:,1747647683598
counter/1/0/0/0,28061:1747647674233:,1747647683598
counter/1/0/0/0,28062:1747647674233:,1747647683598
counter/1/0/0/0,28063:1747647674241:,1747647683598
counter/1/0/0/0,28064:1747647674241:,1747647683598
counter/1/0/0/0,28065:1747647674241:,1747647683598
counter/1/0/0/0,28066:1747647674241:,1747647683598
counter/1/0/0/0,28067:1747647674241:,1747647683598
counter/1/0/0/0,28068:1747647674241:,1747647683598
counter/1/0/0/0,28069:1747647674241:,1747647683598
counter/1/0/0/0,28070:1747647674241:,1747647683598
counter/1/0/0/0,28071:1747647674241:,1747647683598
counter/8/0/0/0,32228:1747647675332:,1747647683598
counter/1/0/0/0,28072:1747647674241:,1747647683598
counter/9/0/0/0,37803:1747647678902:,1747647683598
counter/4/0/0/0,27099:1747647672941:,1747647683598
counter/10/0/0/0,27488:1747647671078:,1747647683598
counter/4/0/0/0,27100:1747647672941:,1747647683598
counter/10/0/0/0,27489:1747647671079:,1747647683598
counter/3/0/0/0,26848:1747647672884:,1747647683598
counter/6/0/0/0,32015:1747647677640:,1747647683598
counter/9/0/0/0,37804:1747647678902:,1747647683598
counter/4/0/0/0,27101:1747647672941:,1747647683598
counter/4/0/0/0,27102:1747647672941:,1747647683598
counter/4/0/0/0,27103:1747647672941:,1747647683598
counter/4/0/0/0,27104:1747647672941:,1747647683598
counter/4/0/0/0,27105:1747647672941:,1747647683599
counter/4/0/0/0,27106:1747647672941:,1747647683599
counter/4/0/0/0,27107:1747647672941:,1747647683599
counter/4/0/0/0,27108:1747647672941:,1747647683599
counter/9/0/0/0,37805:1747647678902:,1747647683599
counter/7/0/0/0,32583:1747647677171:,1747647683599
counter/10/0/0/0,27490:1747647671079:,1747647683599
counter/3/0/0/0,26849:1747647672884:,1747647683599
counter/6/0/0/0,32016:1747647677640:,1747647683599
counter/4/0/0/0,27109:1747647672941:,1747647683599
counter/8/0/0/0,32229:1747647675333:,1747647683599
counter/1/0/0/0,28073:1747647674241:,1747647683599
counter/9/0/0/0,37806:1747647678902:,1747647683599
counter/10/0/0/0,27491:1747647671079:,1747647683599
counter/3/0/0/0,26850:1747647672884:,1747647683599
counter/6/0/0/0,32017:1747647677640:,1747647683599
counter/4/0/0/0,27110:1747647672952:,1747647683599
counter/8/0/0/0,32230:1747647675333:,1747647683599
counter/1/0/0/0,28074:1747647674241:,1747647683599
counter/9/0/0/0,37807:1747647678902:,1747647683599
counter/7/0/0/0,32584:1747647677171:,1747647683599
counter/3/0/0/0,26851:1747647672884:,1747647683599
counter/10/0/0/0,27492:1747647671079:,1747647683599
counter/6/0/0/0,32018:1747647677640:,1747647683599
counter/4/0/0/0,27111:1747647672952:,1747647683599
counter/9/0/0/0,37808:1747647678902:,1747647683599
counter/7/0/0/0,32585:1747647677171:,1747647683599
counter/10/0/0/0,27493:1747647671079:,1747647683599
counter/3/0/0/0,26852:1747647672884:,1747647683599
counter/4/0/0/0,27112:1747647672952:,1747647683599
counter/6/0/0/0,32019:1747647677640:,1747647683599
counter/4/0/0/0,27113:1747647672953:,1747647683599
counter/6/0/0/0,32020:1747647677640:,1747647683599
counter/1/0/0/0,28075:1747647674241:,1747647683599
counter/9/0/0/0,37809:1747647678903:,1747647683599
counter/10/0/0/0,27494:1747647671079:,1747647683599
counter/7/0/0/0,32586:1747647677171:,1747647683599
counter/1/0/0/0,28076:1747647674241:,1747647683599
counter/10/0/0/0,27495:1747647671079:,1747647683599
counter/7/0/0/0,32587:1747647677171:,1747647683599
counter/3/0/0/0,26853:1747647672884:,1747647683599
counter/6/0/0/0,32021:1747647677646:,1747647683599
counter/4/0/0/0,27114:1747647672953:,1747647683600
counter/10/0/0/0,27496:1747647671079:,1747647683600
counter/3/0/0/0,26854:1747647672884:,1747647683600
counter/7/0/0/0,32588:1747647677171:,1747647683600
counter/4/0/0/0,27115:1747647672953:,1747647683600
counter/6/0/0/0,32022:1747647677646:,1747647683600
counter/9/0/0/0,37810:1747647678903:,1747647683600
counter/1/0/0/0,28077:1747647674243:,1747647683600
counter/9/0/0/0,37811:1747647678903:,1747647683600
counter/3/0/0/0,26855:1747647672885:,1747647683600
counter/7/0/0/0,32589:1747647677181:,1747647683600
counter/4/0/0/0,27116:1747647672953:,1747647683600
counter/6/0/0/0,32023:1747647677646:,1747647683600
counter/1/0/0/0,28078:1747647674243:,1747647683600
counter/8/0/0/0,32231:1747647675339:,1747647683600
counter/10/0/0/0,27497:1747647671079:,1747647683600
counter/9/0/0/0,37812:1747647678903:,1747647683600
counter/3/0/0/0,26856:1747647672885:,1747647683600
counter/7/0/0/0,32590:1747647677181:,1747647683600
counter/4/0/0/0,27117:1747647672953:,1747647683600
counter/6/0/0/0,32024:1747647677646:,1747647683600
counter/1/0/0/0,28079:1747647674243:,1747647683600
counter/8/0/0/0,32232:1747647675344:,1747647683600
counter/8/0/0/0,32233:1747647675344:,1747647683600
counter/10/0/0/0,27498:1747647671079:,1747647683600
counter/9/0/0/0,37813:1747647678903:,1747647683600
counter/3/0/0/0,26857:1747647672885:,1747647683600
counter/7/0/0/0,32591:1747647677181:,1747647683600
counter/4/0/0/0,27118:1747647672953:,1747647683600
counter/6/0/0/0,32025:1747647677646:,1747647683600
counter/1/0/0/0,28080:1747647674243:,1747647683600
counter/8/0/0/0,32234:1747647675344:,1747647683600
counter/8/0/0/0,32235:1747647675344:,1747647683600
counter/8/0/0/0,32236:1747647675344:,1747647683600
counter/8/0/0/0,32237:1747647675344:,1747647683600
counter/8/0/0/0,32238:1747647675344:,1747647683600
counter/8/0/0/0,32239:1747647675344:,1747647683600
counter/8/0/0/0,32240:1747647675344:,1747647683600
counter/8/0/0/0,32241:1747647675344:,1747647683600
counter/10/0/0/0,27499:1747647671079:,1747647683600
counter/8/0/0/0,32242:1747647675345:,1747647683600
counter/9/0/0/0,37814:1747647678903:,1747647683601
counter/3/0/0/0,26858:1747647672885:,1747647683601
counter/7/0/0/0,32592:1747647677181:,1747647683601
counter/4/0/0/0,27119:1747647672953:,1747647683601
counter/6/0/0/0,32026:1747647677646:,1747647683601
counter/1/0/0/0,28081:1747647674243:,1747647683601
counter/8/0/0/0,32243:1747647675345:,1747647683601
counter/8/0/0/0,32244:1747647675345:,1747647683601
counter/8/0/0/0,32245:1747647675355:,1747647683601
counter/8/0/0/0,32246:1747647675355:,1747647683601
counter/8/0/0/0,32247:1747647675355:,1747647683601
counter/8/0/0/0,32248:1747647675355:,1747647683601
counter/4/0/0/0,27120:1747647672953:,1747647683601
counter/6/0/0/0,32027:1747647677646:,1747647683601
counter/1/0/0/0,28082:1747647674243:,1747647683601
counter/10/0/0/0,27500:1747647671079:,1747647683601
counter/9/0/0/0,37815:1747647678903:,1747647683601
counter/3/0/0/0,26859:1747647672885:,1747647683601
counter/7/0/0/0,32593:1747647677181:,1747647683601
counter/8/0/0/0,32249:1747647675355:,1747647683601
counter/8/0/0/0,32250:1747647675355:,1747647683601
counter/8/0/0/0,32251:1747647675363:,1747647683601
counter/8/0/0/0,32252:1747647675363:,1747647683601
counter/8/0/0/0,32253:1747647675363:,1747647683601
counter/8/0/0/0,32254:1747647675363:,1747647683601
counter/7/0/0/0,32594:1747647677185:,1747647683601
counter/8/0/0/0,32255:1747647675364:,1747647683601
counter/4/0/0/0,27121:1747647672959:,1747647683601
counter/8/0/0/0,32256:1747647675364:,1747647683601
counter/6/0/0/0,32028:1747647677647:,1747647683601
counter/1/0/0/0,28083:1747647674243:,1747647683601
counter/10/0/0/0,27501:1747647671079:,1747647683601
counter/9/0/0/0,37816:1747647678903:,1747647683601
counter/3/0/0/0,26860:1747647672885:,1747647683601
counter/8/0/0/0,32257:1747647675364:,1747647683601
counter/8/0/0/0,32258:1747647675364:,1747647683601
counter/6/0/0/0,32029:1747647677647:,1747647683601
counter/1/0/0/0,28084:1747647674243:,1747647683601
counter/8/0/0/0,32259:1747647675364:,1747647683601
counter/10/0/0/0,27502:1747647671079:,1747647683601
counter/9/0/0/0,37817:1747647678903:,1747647683601
counter/8/0/0/0,32260:1747647675364:,1747647683601
counter/3/0/0/0,26861:1747647672885:,1747647683601
counter/7/0/0/0,32595:1747647677185:,1747647683601
counter/8/0/0/0,32261:1747647675364:,1747647683601
counter/8/0/0/0,32262:1747647675364:,1747647683602
counter/8/0/0/0,32263:1747647675366:,1747647683602
counter/8/0/0/0,32264:1747647675366:,1747647683602
counter/7/0/0/0,32596:1747647677185:,1747647683602
counter/8/0/0/0,32265:1747647675367:,1747647683602
counter/4/0/0/0,27122:1747647672959:,1747647683602
counter/6/0/0/0,32030:1747647677647:,1747647683602
counter/8/0/0/0,32266:1747647675367:,1747647683602
counter/1/0/0/0,28085:1747647674243:,1747647683602
counter/10/0/0/0,27503:1747647671079:,1747647683602
counter/8/0/0/0,32267:1747647675367:,1747647683602
counter/9/0/0/0,37818:1747647678903:,1747647683602
counter/8/0/0/0,32268:1747647675367:,1747647683602
counter/8/0/0/0,32269:1747647675367:,1747647683602
counter/8/0/0/0,32270:1747647675367:,1747647683602
counter/8/0/0/0,32271:1747647675367:,1747647683602
counter/8/0/0/0,32272:1747647675367:,1747647683602
counter/8/0/0/0,32273:1747647675367:,1747647683602
counter/8/0/0/0,32274:1747647675370:,1747647683602
counter/8/0/0/0,32275:1747647675370:,1747647683602
counter/8/0/0/0,32276:1747647675370:,1747647683602
counter/8/0/0/0,32277:1747647675370:,1747647683602
counter/8/0/0/0,32278:1747647675373:,1747647683602
counter/8/0/0/0,32279:1747647675373:,1747647683602
counter/8/0/0/0,32280:1747647675373:,1747647683602
counter/8/0/0/0,32281:1747647675373:,1747647683602
counter/8/0/0/0,32282:1747647675374:,1747647683602
counter/6/0/0/0,32031:1747647677653:,1747647683602
counter/8/0/0/0,32283:1747647675374:,1747647683602
counter/1/0/0/0,28086:1747647674243:,1747647683602
counter/8/0/0/0,32284:1747647675374:,1747647683602
counter/10/0/0/0,27504:1747647671079:,1747647683602
counter/8/0/0/0,32285:1747647675374:,1747647683602
counter/9/0/0/0,37819:1747647678903:,1747647683602
counter/3/0/0/0,26862:1747647672894:,1747647683602
counter/8/0/0/0,32286:1747647675374:,1747647683602
counter/7/0/0/0,32597:1747647677185:,1747647683602
counter/4/0/0/0,27123:1747647672959:,1747647683602
counter/8/0/0/0,32287:1747647675374:,1747647683603
counter/8/0/0/0,32288:1747647675377:,1747647683603
counter/9/0/0/0,37820:1747647678903:,1747647683603
counter/8/0/0/0,32289:1747647675377:,1747647683603
counter/3/0/0/0,26863:1747647672894:,1747647683603
counter/7/0/0/0,32598:1747647677185:,1747647683603
counter/8/0/0/0,32290:1747647675377:,1747647683603
counter/4/0/0/0,27124:1747647672959:,1747647683603
counter/8/0/0/0,32291:1747647675377:,1747647683603
counter/4/0/0/0,27125:1747647672959:,1747647683603
counter/8/0/0/0,32292:1747647675377:,1747647683603
counter/4/0/0/0,27126:1747647672959:,1747647683603
counter/9/0/0/0,37821:1747647678910:,1747647683603
counter/8/0/0/0,32293:1747647675377:,1747647683603
counter/4/0/0/0,27127:1747647672959:,1747647683603
counter/3/0/0/0,26864:1747647672894:,1747647683603
counter/7/0/0/0,32599:1747647677185:,1747647683603
counter/4/0/0/0,27128:1747647672959:,1747647683603
counter/7/0/0/0,32600:1747647677185:,1747647683603
counter/4/0/0/0,27129:1747647672959:,1747647683603
counter/7/0/0/0,32601:1747647677193:,1747647683603
counter/7/0/0/0,32602:1747647677193:,1747647683603
counter/7/0/0/0,32603:1747647677193:,1747647683603
counter/7/0/0/0,32604:1747647677193:,1747647683603
counter/7/0/0/0,32605:1747647677193:,1747647683603
counter/7/0/0/0,32606:1747647677193:,1747647683603
counter/7/0/0/0,32607:1747647677193:,1747647683603
counter/9/0/0/0,37822:1747647678910:,1747647683603
counter/7/0/0/0,32608:1747647677193:,1747647683603
counter/3/0/0/0,26865:1747647672894:,1747647683603
counter/7/0/0/0,32609:1747647677193:,1747647683603
counter/8/0/0/0,32294:1747647675377:,1747647683603
counter/10/0/0/0,27505:1747647671079:,1747647683603
counter/7/0/0/0,32610:1747647677193:,1747647683603
counter/7/0/0/0,32611:1747647677193:,1747647683603
counter/7/0/0/0,32612:1747647677193:,1747647683603
counter/9/0/0/0,37823:1747647678910:,1747647683603
counter/3/0/0/0,26866:1747647672894:,1747647683603
counter/10/0/0/0,27506:1747647671079:,1747647683603
counter/4/0/0/0,27130:1747647672959:,1747647683603
counter/4/0/0/0,27131:1747647672959:,1747647683603
counter/4/0/0/0,27132:1747647672960:,1747647683603
counter/4/0/0/0,27133:1747647672960:,1747647683603
counter/4/0/0/0,27134:1747647672960:,1747647683603
counter/3/0/0/0,26867:1747647672894:,1747647683604
counter/4/0/0/0,27135:1747647672960:,1747647683604
counter/10/0/0/0,27507:1747647671079:,1747647683604
counter/4/0/0/0,27136:1747647672960:,1747647683604
counter/7/0/0/0,32613:1747647677194:,1747647683604
counter/6/0/0/0,32032:1747647677653:,1747647683604
counter/4/0/0/0,27137:1747647672960:,1747647683604
counter/9/0/0/0,37824:1747647678910:,1747647683604
counter/4/0/0/0,27138:1747647672960:,1747647683604
counter/4/0/0/0,27139:1747647672960:,1747647683604
counter/4/0/0/0,27140:1747647672961:,1747647683604
counter/4/0/0/0,27141:1747647672961:,1747647683604
counter/4/0/0/0,27142:1747647672961:,1747647683604
counter/8/0/0/0,32295:1747647675377:,1747647683604
counter/6/0/0/0,32033:1747647677653:,1747647683604
counter/9/0/0/0,37825:1747647678910:,1747647683604
counter/3/0/0/0,26868:1747647672894:,1747647683604
counter/10/0/0/0,27508:1747647671081:,1747647683604
counter/7/0/0/0,32614:1747647677202:,1747647683604
counter/4/0/0/0,27143:1747647672961:,1747647683604
counter/4/0/0/0,27144:1747647672961:,1747647683604
counter/4/0/0/0,27145:1747647672961:,1747647683604
counter/4/0/0/0,27146:1747647672961:,1747647683604
counter/6/0/0/0,32034:1747647677653:,1747647683604
counter/9/0/0/0,37826:1747647678910:,1747647683604
counter/3/0/0/0,26869:1747647672894:,1747647683604
counter/6/0/0/0,32035:1747647677653:,1747647683604
counter/7/0/0/0,32615:1747647677202:,1747647683604
counter/4/0/0/0,27147:1747647672961:,1747647683604
counter/8/0/0/0,32296:1747647675377:,1747647683604
counter/10/0/0/0,27509:1747647671081:,1747647683604
counter/6/0/0/0,32036:1747647677653:,1747647683604
counter/7/0/0/0,32616:1747647677202:,1747647683604
counter/4/0/0/0,27148:1747647672961:,1747647683604
counter/9/0/0/0,37827:1747647678910:,1747647683604
counter/3/0/0/0,26870:1747647672894:,1747647683604
counter/4/0/0/0,27149:1747647672961:,1747647683604
counter/9/0/0/0,37828:1747647678910:,1747647683604
counter/3/0/0/0,26871:1747647672894:,1747647683604
counter/4/0/0/0,27150:1747647672962:,1747647683604
counter/7/0/0/0,32617:1747647677202:,1747647683605
counter/8/0/0/0,32297:1747647675377:,1747647683605
counter/4/0/0/0,27151:1747647672966:,1747647683605
counter/8/0/0/0,32298:1747647675377:,1747647683605
counter/4/0/0/0,27152:1747647672966:,1747647683605
counter/8/0/0/0,32299:1747647675377:,1747647683605
counter/4/0/0/0,27153:1747647672966:,1747647683605
counter/8/0/0/0,32300:1747647675377:,1747647683605
counter/4/0/0/0,27154:1747647672966:,1747647683605
counter/8/0/0/0,32301:1747647675377:,1747647683605
counter/3/0/0/0,26872:1747647672894:,1747647683605
counter/8/0/0/0,32302:1747647675378:,1747647683605
counter/6/0/0/0,32037:1747647677655:,1747647683605
counter/1/0/0/0,28087:1747647674243:,1747647683605
counter/8/0/0/0,32303:1747647675378:,1747647683605
counter/9/0/0/0,37829:1747647678910:,1747647683605
counter/7/0/0/0,32618:1747647677202:,1747647683605
counter/8/0/0/0,32304:1747647675379:,1747647683605
counter/8/0/0/0,32305:1747647675379:,1747647683605
counter/8/0/0/0,32306:1747647675380:,1747647683605
counter/9/0/0/0,37830:1747647678910:,1747647683605
counter/8/0/0/0,32307:1747647675380:,1747647683605
counter/7/0/0/0,32619:1747647677202:,1747647683605
counter/8/0/0/0,32308:1747647675380:,1747647683605
counter/10/0/0/0,27510:1747647671081:,1747647683605
counter/8/0/0/0,32309:1747647675380:,1747647683605
counter/4/0/0/0,27155:1747647672966:,1747647683605
counter/6/0/0/0,32038:1747647677655:,1747647683605
counter/8/0/0/0,32310:1747647675380:,1747647683605
counter/3/0/0/0,26873:1747647672894:,1747647683605
counter/1/0/0/0,28088:1747647674243:,1747647683605
counter/8/0/0/0,32311:1747647675380:,1747647683605
counter/8/0/0/0,32312:1747647675380:,1747647683605
counter/8/0/0/0,32313:1747647675380:,1747647683605
counter/6/0/0/0,32039:1747647677655:,1747647683605
counter/8/0/0/0,32314:1747647675380:,1747647683605
counter/3/0/0/0,26874:1747647672894:,1747647683605
counter/8/0/0/0,32315:1747647675380:,1747647683605
counter/1/0/0/0,28089:1747647674243:,1747647683605
counter/9/0/0/0,37831:1747647678911:,1747647683606
counter/8/0/0/0,32316:1747647675380:,1747647683606
counter/10/0/0/0,27511:1747647671081:,1747647683606
counter/7/0/0/0,32620:1747647677202:,1747647683606
counter/8/0/0/0,32317:1747647675380:,1747647683606
counter/7/0/0/0,32621:1747647677202:,1747647683606
counter/8/0/0/0,32318:1747647675381:,1747647683606
counter/7/0/0/0,32622:1747647677202:,1747647683606
counter/1/0/0/0,28090:1747647674243:,1747647683606
counter/7/0/0/0,32623:1747647677202:,1747647683606
counter/9/0/0/0,37832:1747647678911:,1747647683606
counter/10/0/0/0,27512:1747647671081:,1747647683606
counter/7/0/0/0,32624:1747647677202:,1747647683606
counter/8/0/0/0,32319:1747647675381:,1747647683606
counter/4/0/0/0,27156:1747647672967:,1747647683606
counter/7/0/0/0,32625:1747647677202:,1747647683606
counter/6/0/0/0,32040:1747647677655:,1747647683606
counter/1/0/0/0,28091:1747647674247:,1747647683606
counter/9/0/0/0,37833:1747647678916:,1747647683606
counter/10/0/0/0,27513:1747647671081:,1747647683606
counter/10/0/0/0,27514:1747647671088:,1747647683606
counter/10/0/0/0,27515:1747647671088:,1747647683606
counter/10/0/0/0,27516:1747647671088:,1747647683606
counter/1/0/0/0,28092:1747647674247:,1747647683606
counter/1/0/0/0,28093:1747647674247:,1747647683606
counter/1/0/0/0,28094:1747647674247:,1747647683606
counter/9/0/0/0,37834:1747647678916:,1747647683606
counter/1/0/0/0,28095:1747647674247:,1747647683606
counter/8/0/0/0,32320:1747647675381:,1747647683606
counter/7/0/0/0,32626:1747647677202:,1747647683606
counter/1/0/0/0,28096:1747647674247:,1747647683606
counter/10/0/0/0,27517:1747647671088:,1747647683606
counter/3/0/0/0,26875:1747647672894:,1747647683606
counter/1/0/0/0,28097:1747647674247:,1747647683606
counter/1/0/0/0,28098:1747647674247:,1747647683606
counter/8/0/0/0,32321:1747647675381:,1747647683606
counter/7/0/0/0,32627:1747647677203:,1747647683606
counter/10/0/0/0,27518:1747647671088:,1747647683606
counter/3/0/0/0,26876:1747647672895:,1747647683606
counter/6/0/0/0,32041:1747647677655:,1747647683606
counter/1/0/0/0,28099:1747647674247:,1747647683606
counter/1/0/0/0,28100:1747647674247:,1747647683607
counter/1/0/0/0,28101:1747647674247:,1747647683607
counter/1/0/0/0,28102:1747647674263:,1747647683607
counter/1/0/0/0,28103:1747647674263:,1747647683607
counter/1/0/0/0,28104:1747647674263:,1747647683607
counter/1/0/0/0,28105:1747647674263:,1747647683607
counter/6/0/0/0,32042:1747647677655:,1747647683607
counter/1/0/0/0,28106:1747647674263:,1747647683607
counter/9/0/0/0,37835:1747647678916:,1747647683607
counter/8/0/0/0,32322:1747647675381:,1747647683607
counter/8/0/0/0,32323:1747647675382:,1747647683607
counter/8/0/0/0,32324:1747647675382:,1747647683607
counter/8/0/0/0,32325:1747647675382:,1747647683607
counter/4/0/0/0,27157:1747647672970:,1747647683607
counter/8/0/0/0,32326:1747647675382:,1747647683607
counter/6/0/0/0,32043:1747647677655:,1747647683607
counter/9/0/0/0,37836:1747647678916:,1747647683607
counter/8/0/0/0,32327:1747647675382:,1747647683607
counter/7/0/0/0,32628:1747647677203:,1747647683607
counter/3/0/0/0,26877:1747647672895:,1747647683607
counter/1/0/0/0,28107:1747647674263:,1747647683607
counter/8/0/0/0,32328:1747647675382:,1747647683607
counter/8/0/0/0,32329:1747647675382:,1747647683607
counter/8/0/0/0,32330:1747647675382:,1747647683607
counter/8/0/0/0,32331:1747647675382:,1747647683607
counter/8/0/0/0,32332:1747647675382:,1747647683607
counter/8/0/0/0,32333:1747647675382:,1747647683607
counter/8/0/0/0,32334:1747647675382:,1747647683607
counter/8/0/0/0,32335:1747647675382:,1747647683607
counter/8/0/0/0,32336:1747647675382:,1747647683607
counter/8/0/0/0,32337:1747647675382:,1747647683607
counter/8/0/0/0,32338:1747647675382:,1747647683607
counter/8/0/0/0,32339:1747647675392:,1747647683607
counter/8/0/0/0,32340:1747647675402:,1747647683607
counter/8/0/0/0,32341:1747647675402:,1747647683607
counter/8/0/0/0,32342:1747647675402:,1747647683607
counter/8/0/0/0,32343:1747647675402:,1747647683607
counter/8/0/0/0,32344:1747647675402:,1747647683607
counter/8/0/0/0,32345:1747647675402:,1747647683607
counter/8/0/0/0,32346:1747647675402:,1747647683607
counter/8/0/0/0,32347:1747647675402:,1747647683607
counter/8/0/0/0,32348:1747647675402:,1747647683607
counter/8/0/0/0,32349:1747647675402:,1747647683608
counter/8/0/0/0,32350:1747647675404:,1747647683608
counter/8/0/0/0,32351:1747647675404:,1747647683608
counter/1/0/0/0,28108:1747647674263:,1747647683608
counter/8/0/0/0,32352:1747647675404:,1747647683608
counter/10/0/0/0,27519:1747647671088:,1747647683608
counter/4/0/0/0,27158:1747647672970:,1747647683608
counter/8/0/0/0,32353:1747647675404:,1747647683608
counter/6/0/0/0,32044:1747647677658:,1747647683608
counter/9/0/0/0,37837:1747647678916:,1747647683608
counter/7/0/0/0,32629:1747647677204:,1747647683608
counter/8/0/0/0,32354:1747647675404:,1747647683608
counter/8/0/0/0,32355:1747647675404:,1747647683608
counter/4/0/0/0,27159:1747647672971:,1747647683608
counter/8/0/0/0,32356:1747647675404:,1747647683608
counter/6/0/0/0,32045:1747647677658:,1747647683608
counter/8/0/0/0,32357:1747647675404:,1747647683608
counter/9/0/0/0,37838:1747647678916:,1747647683608
counter/7/0/0/0,32630:1747647677204:,1747647683608
counter/8/0/0/0,32358:1747647675404:,1747647683608
counter/3/0/0/0,26878:1747647672895:,1747647683608
counter/1/0/0/0,28109:1747647674264:,1747647683608
counter/8/0/0/0,32359:1747647675404:,1747647683608
counter/8/0/0/0,32360:1747647675404:,1747647683608
counter/8/0/0/0,32361:1747647675404:,1747647683608
counter/8/0/0/0,32362:1747647675404:,1747647683608
counter/8/0/0/0,32363:1747647675404:,1747647683608
counter/8/0/0/0,32364:1747647675404:,1747647683608
counter/8/0/0/0,32365:1747647675404:,1747647683608
counter/8/0/0/0,32366:1747647675404:,1747647683608
counter/8/0/0/0,32367:1747647675404:,1747647683608
counter/8/0/0/0,32368:1747647675408:,1747647683608
counter/8/0/0/0,32369:1747647675408:,1747647683608
counter/8/0/0/0,32370:1747647675408:,1747647683608
counter/8/0/0/0,32371:1747647675408:,1747647683608
counter/8/0/0/0,32372:1747647675409:,1747647683608
counter/8/0/0/0,32373:1747647675409:,1747647683608
counter/8/0/0/0,32374:1747647675409:,1747647683608
counter/8/0/0/0,32375:1747647675409:,1747647683608
counter/8/0/0/0,32376:1747647675409:,1747647683608
counter/8/0/0/0,32377:1747647675409:,1747647683608
counter/8/0/0/0,32378:1747647675409:,1747647683608
counter/8/0/0/0,32379:1747647675409:,1747647683608
counter/8/0/0/0,32380:1747647675409:,1747647683609
counter/8/0/0/0,32381:1747647675410:,1747647683609
counter/8/0/0/0,32382:1747647675410:,1747647683609
counter/8/0/0/0,32383:1747647675410:,1747647683609
counter/8/0/0/0,32384:1747647675410:,1747647683609
counter/8/0/0/0,32385:1747647675410:,1747647683609
counter/8/0/0/0,32386:1747647675410:,1747647683609
counter/8/0/0/0,32387:1747647675410:,1747647683609
counter/8/0/0/0,32388:1747647675410:,1747647683609
counter/8/0/0/0,32389:1747647675410:,1747647683609
counter/8/0/0/0,32390:1747647675410:,1747647683609
counter/8/0/0/0,32391:1747647675411:,1747647683609
counter/8/0/0/0,32392:1747647675411:,1747647683609
counter/8/0/0/0,32393:1747647675411:,1747647683609
counter/8/0/0/0,32394:1747647675412:,1747647683609
counter/8/0/0/0,32395:1747647675412:,1747647683609
counter/8/0/0/0,32396:1747647675412:,1747647683609
counter/8/0/0/0,32397:1747647675412:,1747647683609
counter/8/0/0/0,32398:1747647675412:,1747647683609
counter/8/0/0/0,32399:1747647675412:,1747647683609
counter/8/0/0/0,32400:1747647675412:,1747647683609
counter/8/0/0/0,32401:1747647675412:,1747647683609
counter/8/0/0/0,32402:1747647675412:,1747647683609
counter/8/0/0/0,32403:1747647675412:,1747647683609
counter/8/0/0/0,32404:1747647675412:,1747647683609
counter/8/0/0/0,32405:1747647675412:,1747647683609
counter/8/0/0/0,32406:1747647675412:,1747647683609
counter/8/0/0/0,32407:1747647675412:,1747647683609
counter/8/0/0/0,32408:1747647675412:,1747647683609
counter/8/0/0/0,32409:1747647675412:,1747647683609
counter/8/0/0/0,32410:1747647675412:,1747647683609
counter/8/0/0/0,32411:1747647675412:,1747647683609
counter/8/0/0/0,32412:1747647675412:,1747647683609
counter/8/0/0/0,32413:1747647675412:,1747647683609
counter/8/0/0/0,32414:1747647675417:,1747647683609
counter/8/0/0/0,32415:1747647675417:,1747647683609
counter/8/0/0/0,32416:1747647675418:,1747647683609
counter/8/0/0/0,32417:1747647675418:,1747647683609
counter/8/0/0/0,32418:1747647675418:,1747647683609
counter/8/0/0/0,32419:1747647675418:,1747647683610
counter/8/0/0/0,32420:1747647675418:,1747647683610
counter/8/0/0/0,32421:1747647675418:,1747647683610
counter/8/0/0/0,32422:1747647675418:,1747647683610
counter/8/0/0/0,32423:1747647675418:,1747647683610
counter/8/0/0/0,32424:1747647675418:,1747647683610
counter/8/0/0/0,32425:1747647675418:,1747647683610
counter/8/0/0/0,32426:1747647675418:,1747647683610
counter/8/0/0/0,32427:1747647675418:,1747647683610
counter/8/0/0/0,32428:1747647675418:,1747647683610
counter/8/0/0/0,32429:1747647675418:,1747647683610
counter/8/0/0/0,32430:1747647675423:,1747647683610
counter/8/0/0/0,32431:1747647675423:,1747647683610
counter/1/0/0/0,28110:1747647674264:,1747647683610
counter/8/0/0/0,32432:1747647675423:,1747647683610
counter/10/0/0/0,27520:1747647671088:,1747647683610
counter/8/0/0/0,32433:1747647675423:,1747647683610
counter/6/0/0/0,32046:1747647677658:,1747647683610
counter/4/0/0/0,27160:1747647672971:,1747647683610
counter/8/0/0/0,32434:1747647675423:,1747647683610
counter/9/0/0/0,37839:1747647678916:,1747647683610
counter/7/0/0/0,32631:1747647677204:,1747647683610
counter/8/0/0/0,32435:1747647675424:,1747647683610
counter/8/0/0/0,32436:1747647675424:,1747647683610
counter/8/0/0/0,32437:1747647675424:,1747647683610
counter/8/0/0/0,32438:1747647675424:,1747647683610
counter/8/0/0/0,32439:1747647675424:,1747647683610
counter/8/0/0/0,32440:1747647675424:,1747647683610
counter/8/0/0/0,32441:1747647675424:,1747647683610
counter/8/0/0/0,32442:1747647675424:,1747647683610
counter/8/0/0/0,32443:1747647675424:,1747647683610
counter/8/0/0/0,32444:1747647675424:,1747647683610
counter/8/0/0/0,32445:1747647675424:,1747647683610
counter/8/0/0/0,32446:1747647675424:,1747647683610
counter/3/0/0/0,26879:1747647672895:,1747647683610
counter/8/0/0/0,32447:1747647675424:,1747647683610
counter/1/0/0/0,28111:1747647674264:,1747647683610
counter/10/0/0/0,27521:1747647671088:,1747647683610
counter/8/0/0/0,32448:1747647675424:,1747647683610
counter/6/0/0/0,32047:1747647677658:,1747647683610
counter/4/0/0/0,27161:1747647672971:,1747647683610
counter/8/0/0/0,32449:1747647675424:,1747647683610
counter/9/0/0/0,37840:1747647678916:,1747647683610
counter/7/0/0/0,32632:1747647677204:,1747647683610
counter/8/0/0/0,32450:1747647675424:,1747647683610
counter/8/0/0/0,32451:1747647675424:,1747647683611
counter/8/0/0/0,32452:1747647675424:,1747647683611
counter/8/0/0/0,32453:1747647675424:,1747647683611
counter/8/0/0/0,32454:1747647675425:,1747647683611
counter/8/0/0/0,32455:1747647675426:,1747647683611
counter/8/0/0/0,32456:1747647675426:,1747647683611
counter/8/0/0/0,32457:1747647675426:,1747647683611
counter/8/0/0/0,32458:1747647675426:,1747647683611
counter/8/0/0/0,32459:1747647675426:,1747647683611
counter/8/0/0/0,32460:1747647675426:,1747647683611
counter/8/0/0/0,32461:1747647675426:,1747647683611
counter/8/0/0/0,32462:1747647675426:,1747647683611
counter/8/0/0/0,32463:1747647675433:,1747647683611
counter/8/0/0/0,32464:1747647675433:,1747647683611
counter/8/0/0/0,32465:1747647675433:,1747647683611
counter/8/0/0/0,32466:1747647675433:,1747647683611
counter/8/0/0/0,32467:1747647675433:,1747647683611
counter/8/0/0/0,32468:1747647675433:,1747647683611
counter/8/0/0/0,32469:1747647675433:,1747647683611
counter/8/0/0/0,32470:1747647675433:,1747647683611
counter/8/0/0/0,32471:1747647675433:,1747647683611
counter/8/0/0/0,32472:1747647675433:,1747647683611
counter/8/0/0/0,32473:1747647675433:,1747647683611
counter/8/0/0/0,32474:1747647675433:,1747647683611
counter/8/0/0/0,32475:1747647675433:,1747647683611
counter/8/0/0/0,32476:1747647675433:,1747647683611
counter/8/0/0/0,32477:1747647675433:,1747647683611
counter/8/0/0/0,32478:1747647675433:,1747647683611
counter/8/0/0/0,32479:1747647675433:,1747647683611
counter/8/0/0/0,32480:1747647675433:,1747647683611
counter/8/0/0/0,32481:1747647675433:,1747647683611
counter/8/0/0/0,32482:1747647675433:,1747647683611
counter/8/0/0/0,32483:1747647675433:,1747647683611
counter/8/0/0/0,32484:1747647675433:,1747647683611
counter/8/0/0/0,32485:1747647675433:,1747647683611
counter/8/0/0/0,32486:1747647675433:,1747647683611
counter/8/0/0/0,32487:1747647675433:,1747647683611
counter/8/0/0/0,32488:1747647675434:,1747647683611
counter/8/0/0/0,32489:1747647675438:,1747647683611
counter/8/0/0/0,32490:1747647675438:,1747647683611
counter/8/0/0/0,32491:1747647675438:,1747647683611
counter/8/0/0/0,32492:1747647675438:,1747647683611
counter/8/0/0/0,32493:1747647675438:,1747647683611
counter/8/0/0/0,32494:1747647675438:,1747647683611
counter/8/0/0/0,32495:1747647675438:,1747647683612
counter/8/0/0/0,32496:1747647675438:,1747647683612
counter/8/0/0/0,32497:1747647675438:,1747647683612
counter/8/0/0/0,32498:1747647675438:,1747647683612
counter/8/0/0/0,32499:1747647675438:,1747647683612
counter/8/0/0/0,32500:1747647675438:,1747647683612
counter/7/0/0/0,32633:1747647677204:,1747647683612
counter/8/0/0/0,32501:1747647675438:,1747647683612
counter/1/0/0/0,28112:1747647674266:,1747647683612
counter/8/0/0/0,32502:1747647675438:,1747647683612
counter/6/0/0/0,32048:1747647677658:,1747647683612
counter/8/0/0/0,32503:1747647675438:,1747647683612
counter/10/0/0/0,27522:1747647671088:,1747647683612
counter/4/0/0/0,27162:1747647672971:,1747647683612
counter/8/0/0/0,32504:1747647675438:,1747647683612
counter/9/0/0/0,37841:1747647678916:,1747647683612
counter/3/0/0/0,26880:1747647672895:,1747647683612
counter/8/0/0/0,32505:1747647675438:,1747647683612
counter/8/0/0/0,32506:1747647675438:,1747647683612
counter/8/0/0/0,32507:1747647675438:,1747647683612
counter/4/0/0/0,27163:1747647672971:,1747647683612
counter/8/0/0/0,32508:1747647675438:,1747647683612
counter/9/0/0/0,37842:1747647678916:,1747647683612
counter/8/0/0/0,32509:1747647675438:,1747647683612
counter/3/0/0/0,26881:1747647672895:,1747647683612
counter/8/0/0/0,32510:1747647675438:,1747647683612
counter/7/0/0/0,32634:1747647677204:,1747647683612
counter/1/0/0/0,28113:1747647674267:,1747647683612
counter/8/0/0/0,32511:1747647675438:,1747647683612
counter/6/0/0/0,32049:1747647677658:,1747647683612
counter/8/0/0/0,32512:1747647676123:,1747647683612
counter/8/0/0/0,32513:1747647676123:,1747647683612
counter/8/0/0/0,32514:1747647676123:,1747647683612
counter/8/0/0/0,32515:1747647676123:,1747647683612
counter/8/0/0/0,32516:1747647676124:,1747647683612
counter/8/0/0/0,32517:1747647676124:,1747647683612
counter/8/0/0/0,32518:1747647676124:,1747647683612
counter/8/0/0/0,32519:1747647676124:,1747647683612
counter/8/0/0/0,32520:1747647676124:,1747647683612
counter/8/0/0/0,32521:1747647676124:,1747647683612
counter/8/0/0/0,32522:1747647676124:,1747647683612
counter/8/0/0/0,32523:1747647676124:,1747647683613
counter/8/0/0/0,32524:1747647676124:,1747647683613
counter/8/0/0/0,32525:1747647676124:,1747647683613
counter/8/0/0/0,32526:1747647676124:,1747647683613
counter/8/0/0/0,32527:1747647676124:,1747647683613
counter/8/0/0/0,32528:1747647676124:,1747647683613
counter/8/0/0/0,32529:1747647676124:,1747647683613
counter/8/0/0/0,32530:1747647676124:,1747647683613
counter/8/0/0/0,32531:1747647676124:,1747647683613
counter/8/0/0/0,32532:1747647676124:,1747647683613
counter/8/0/0/0,32533:1747647676124:,1747647683613
counter/8/0/0/0,32534:1747647676128:,1747647683613
counter/8/0/0/0,32535:1747647676128:,1747647683613
counter/8/0/0/0,32536:1747647676129:,1747647683613
counter/8/0/0/0,32537:1747647676129:,1747647683613
counter/8/0/0/0,32538:1747647676129:,1747647683613
counter/8/0/0/0,32539:1747647676129:,1747647683613
counter/8/0/0/0,32540:1747647676130:,1747647683613
counter/8/0/0/0,32541:1747647676130:,1747647683613
counter/8/0/0/0,32542:1747647676130:,1747647683613
counter/8/0/0/0,32543:1747647676133:,1747647683613
counter/8/0/0/0,32544:1747647676133:,1747647683613
counter/8/0/0/0,32545:1747647676133:,1747647683613
counter/8/0/0/0,32546:1747647676134:,1747647683613
counter/8/0/0/0,32547:1747647676134:,1747647683613
counter/8/0/0/0,32548:1747647676134:,1747647683613
counter/8/0/0/0,32549:1747647676134:,1747647683613
counter/8/0/0/0,32550:1747647676134:,1747647683613
counter/8/0/0/0,32551:1747647676134:,1747647683613
counter/8/0/0/0,32552:1747647676134:,1747647683613
counter/8/0/0/0,32553:1747647676138:,1747647683613
counter/8/0/0/0,32554:1747647676138:,1747647683613
counter/8/0/0/0,32555:1747647676138:,1747647683613
counter/8/0/0/0,32556:1747647676138:,1747647683613
counter/8/0/0/0,32557:1747647676138:,1747647683613
counter/8/0/0/0,32558:1747647676141:,1747647683613
counter/8/0/0/0,32559:1747647676142:,1747647683613
counter/8/0/0/0,32560:1747647676142:,1747647683613
counter/8/0/0/0,32561:1747647676142:,1747647683613
counter/8/0/0/0,32562:1747647676142:,1747647683613
counter/8/0/0/0,32563:1747647676142:,1747647683613
counter/8/0/0/0,32564:1747647676142:,1747647683613
counter/8/0/0/0,32565:1747647676142:,1747647683613
counter/8/0/0/0,32566:1747647676142:,1747647683613
counter/8/0/0/0,32567:1747647676142:,1747647683613
counter/8/0/0/0,32568:1747647676142:,1747647683614
counter/8/0/0/0,32569:1747647676142:,1747647683614
counter/8/0/0/0,32570:1747647676142:,1747647683614
counter/8/0/0/0,32571:1747647676142:,1747647683614
counter/8/0/0/0,32572:1747647676142:,1747647683614
counter/8/0/0/0,32573:1747647676142:,1747647683614
counter/8/0/0/0,32574:1747647676142:,1747647683614
counter/8/0/0/0,32575:1747647676142:,1747647683614
counter/8/0/0/0,32576:1747647676142:,1747647683614
counter/8/0/0/0,32577:1747647676142:,1747647683614
counter/8/0/0/0,32578:1747647676142:,1747647683614
counter/8/0/0/0,32579:1747647676142:,1747647683614
counter/8/0/0/0,32580:1747647676142:,1747647683614
counter/8/0/0/0,32581:1747647676144:,1747647683614
counter/8/0/0/0,32582:1747647676144:,1747647683614
counter/8/0/0/0,32583:1747647676144:,1747647683614
counter/8/0/0/0,32584:1747647676144:,1747647683614
counter/4/0/0/0,27164:1747647672975:,1747647683614
counter/8/0/0/0,32585:1747647676145:,1747647683614
counter/9/0/0/0,37843:1747647678917:,1747647683614
counter/7/0/0/0,32635:1747647677204:,1747647683614
counter/8/0/0/0,32586:1747647676145:,1747647683614
counter/3/0/0/0,26882:1747647672895:,1747647683614
counter/1/0/0/0,28114:1747647674267:,1747647683614
counter/8/0/0/0,32587:1747647676145:,1747647683614
counter/6/0/0/0,32050:1747647677658:,1747647683614
counter/8/0/0/0,32588:1747647676145:,1747647683614
counter/8/0/0/0,32589:1747647676145:,1747647683614
counter/8/0/0/0,32590:1747647676145:,1747647683614
counter/8/0/0/0,32591:1747647676145:,1747647683614
counter/8/0/0/0,32592:1747647676145:,1747647683614
counter/8/0/0/0,32593:1747647676145:,1747647683614
counter/8/0/0/0,32594:1747647676145:,1747647683614
counter/8/0/0/0,32595:1747647676145:,1747647683614
counter/8/0/0/0,32596:1747647676145:,1747647683614
counter/8/0/0/0,32597:1747647676145:,1747647683614
counter/8/0/0/0,32598:1747647676145:,1747647683614
counter/8/0/0/0,32599:1747647676145:,1747647683614
counter/8/0/0/0,32600:1747647676145:,1747647683614
counter/8/0/0/0,32601:1747647676145:,1747647683614
counter/8/0/0/0,32602:1747647676145:,1747647683614
counter/8/0/0/0,32603:1747647676145:,1747647683614
counter/8/0/0/0,32604:1747647676146:,1747647683614
counter/8/0/0/0,32605:1747647676149:,1747647683615
counter/8/0/0/0,32606:1747647676149:,1747647683615
counter/8/0/0/0,32607:1747647676149:,1747647683615
counter/8/0/0/0,32608:1747647676149:,1747647683615
counter/8/0/0/0,32609:1747647676149:,1747647683615
counter/8/0/0/0,32610:1747647676149:,1747647683615
counter/8/0/0/0,32611:1747647676149:,1747647683615
counter/8/0/0/0,32612:1747647676149:,1747647683615
counter/8/0/0/0,32613:1747647676150:,1747647683615
counter/8/0/0/0,32614:1747647676150:,1747647683615
counter/8/0/0/0,32615:1747647676150:,1747647683615
counter/9/0/0/0,37844:1747647678917:,1747647683615
counter/8/0/0/0,32616:1747647676152:,1747647683615
counter/7/0/0/0,32636:1747647677204:,1747647683615
counter/1/0/0/0,28115:1747647674267:,1747647683615
counter/6/0/0/0,32051:1747647677667:,1747647683615
counter/8/0/0/0,32617:1747647676152:,1747647683615
counter/4/0/0/0,27165:1747647672976:,1747647683615
counter/10/0/0/0,27523:1747647671088:,1747647683615
counter/8/0/0/0,32618:1747647676152:,1747647683615
counter/8/0/0/0,32619:1747647676152:,1747647683615
counter/8/0/0/0,32620:1747647676152:,1747647683615
counter/8/0/0/0,32621:1747647676152:,1747647683615
counter/8/0/0/0,32622:1747647676152:,1747647683615
counter/8/0/0/0,32623:1747647676152:,1747647683615
counter/8/0/0/0,32624:1747647676152:,1747647683615
counter/8/0/0/0,32625:1747647676152:,1747647683615
counter/8/0/0/0,32626:1747647676152:,1747647683615
counter/8/0/0/0,32627:1747647676152:,1747647683615
counter/8/0/0/0,32628:1747647676152:,1747647683615
counter/8/0/0/0,32629:1747647676152:,1747647683615
counter/8/0/0/0,32630:1747647676152:,1747647683615
counter/8/0/0/0,32631:1747647676153:,1747647683615
counter/8/0/0/0,32632:1747647676153:,1747647683615
counter/8/0/0/0,32633:1747647676153:,1747647683615
counter/8/0/0/0,32634:1747647676153:,1747647683615
counter/8/0/0/0,32635:1747647676153:,1747647683615
counter/8/0/0/0,32636:1747647676153:,1747647683615
counter/8/0/0/0,32637:1747647676153:,1747647683615
counter/8/0/0/0,32638:1747647676153:,1747647683615
counter/8/0/0/0,32639:1747647676157:,1747647683615
counter/8/0/0/0,32640:1747647676157:,1747647683615
counter/8/0/0/0,32641:1747647676158:,1747647683615
counter/8/0/0/0,32642:1747647676158:,1747647683615
counter/8/0/0/0,32643:1747647676158:,1747647683615
counter/8/0/0/0,32644:1747647676158:,1747647683615
counter/8/0/0/0,32645:1747647676158:,1747647683616
counter/8/0/0/0,32646:1747647676158:,1747647683616
counter/8/0/0/0,32647:1747647676158:,1747647683616
counter/8/0/0/0,32648:1747647676158:,1747647683616
counter/8/0/0/0,32649:1747647676158:,1747647683616
counter/8/0/0/0,32650:1747647676158:,1747647683616
counter/8/0/0/0,32651:1747647676158:,1747647683616
counter/8/0/0/0,32652:1747647676158:,1747647683616
counter/8/0/0/0,32653:1747647676158:,1747647683616
counter/8/0/0/0,32654:1747647676158:,1747647683616
counter/8/0/0/0,32655:1747647676158:,1747647683616
counter/8/0/0/0,32656:1747647676158:,1747647683616
counter/8/0/0/0,32657:1747647676166:,1747647683616
counter/8/0/0/0,32658:1747647676166:,1747647683616
counter/8/0/0/0,32659:1747647676166:,1747647683616
counter/8/0/0/0,32660:1747647676166:,1747647683616
counter/10/0/0/0,27524:1747647671088:,1747647683616
counter/8/0/0/0,32661:1747647676166:,1747647683616
counter/9/0/0/0,37845:1747647678917:,1747647683616
counter/7/0/0/0,32637:1747647677204:,1747647683616
counter/8/0/0/0,32662:1747647676166:,1747647683616
counter/1/0/0/0,28116:1747647674267:,1747647683616
counter/8/0/0/0,32663:1747647676167:,1747647683616
counter/8/0/0/0,32664:1747647676167:,1747647683616
counter/1/0/0/0,28117:1747647674267:,1747647683616
counter/8/0/0/0,32665:1747647676167:,1747647683616
counter/1/0/0/0,28118:1747647674273:,1747647683616
counter/8/0/0/0,32666:1747647676167:,1747647683616
counter/1/0/0/0,28119:1747647674273:,1747647683616
counter/10/0/0/0,27525:1747647671088:,1747647683616
counter/8/0/0/0,32667:1747647676167:,1747647683616
counter/1/0/0/0,28120:1747647674273:,1747647683616
counter/9/0/0/0,37846:1747647678918:,1747647683616
counter/7/0/0/0,32638:1747647677204:,1747647683616
counter/8/0/0/0,32668:1747647676167:,1747647683616
counter/7/0/0/0,32639:1747647677204:,1747647683616
counter/8/0/0/0,32669:1747647676167:,1747647683616
counter/7/0/0/0,32640:1747647677204:,1747647683616
counter/9/0/0/0,37847:1747647678919:,1747647683616
counter/8/0/0/0,32670:1747647676167:,1747647683617
counter/7/0/0/0,32641:1747647677204:,1747647683617
counter/8/0/0/0,32671:1747647676167:,1747647683617
counter/7/0/0/0,32642:1747647677221:,1747647683617
counter/8/0/0/0,32672:1747647676167:,1747647683617
counter/7/0/0/0,32643:1747647677221:,1747647683617
counter/8/0/0/0,32673:1747647676167:,1747647683617
counter/7/0/0/0,32644:1747647677221:,1747647683617
counter/8/0/0/0,32674:1747647676167:,1747647683617
counter/7/0/0/0,32645:1747647677221:,1747647683617
counter/8/0/0/0,32675:1747647676167:,1747647683617
counter/8/0/0/0,32676:1747647676167:,1747647683617
counter/8/0/0/0,32677:1747647676167:,1747647683617
counter/8/0/0/0,32678:1747647676167:,1747647683617
counter/8/0/0/0,32679:1747647676169:,1747647683617
counter/8/0/0/0,32680:1747647676172:,1747647683617
counter/8/0/0/0,32681:1747647676173:,1747647683617
counter/8/0/0/0,32682:1747647676174:,1747647683617
counter/8/0/0/0,32683:1747647676175:,1747647683617
counter/8/0/0/0,32684:1747647676175:,1747647683617
counter/8/0/0/0,32685:1747647676175:,1747647683617
counter/8/0/0/0,32686:1747647676175:,1747647683617
counter/8/0/0/0,32687:1747647676175:,1747647683617
counter/8/0/0/0,32688:1747647676175:,1747647683617
counter/8/0/0/0,32689:1747647676175:,1747647683617
counter/8/0/0/0,32690:1747647676175:,1747647683617
counter/8/0/0/0,32691:1747647676175:,1747647683617
counter/8/0/0/0,32692:1747647676175:,1747647683617
counter/9/0/0/0,37848:1747647678919:,1747647683617
counter/8/0/0/0,32693:1747647676175:,1747647683617
counter/10/0/0/0,27526:1747647671089:,1747647683617
counter/8/0/0/0,32694:1747647676175:,1747647683617
counter/6/0/0/0,32052:1747647677668:,1747647683617
counter/8/0/0/0,32695:1747647676175:,1747647683617
counter/3/0/0/0,26883:1747647672895:,1747647683617
counter/7/0/0/0,32646:1747647677221:,1747647683617
counter/8/0/0/0,32696:1747647676175:,1747647683617
counter/1/0/0/0,28121:1747647674273:,1747647683617
counter/8/0/0/0,32697:1747647676175:,1747647683617
counter/8/0/0/0,32698:1747647676176:,1747647683617
counter/9/0/0/0,37849:1747647678919:,1747647683617
counter/8/0/0/0,32699:1747647676176:,1747647683617
counter/8/0/0/0,32700:1747647676176:,1747647683618
counter/10/0/0/0,27527:1747647671089:,1747647683618
counter/8/0/0/0,32701:1747647676176:,1747647683618
counter/8/0/0/0,32702:1747647676176:,1747647683618
counter/6/0/0/0,32053:1747647677668:,1747647683618
counter/8/0/0/0,32703:1747647676176:,1747647683618
counter/3/0/0/0,26884:1747647672895:,1747647683618
counter/7/0/0/0,32647:1747647677221:,1747647683618
counter/8/0/0/0,32704:1747647676176:,1747647683618
counter/1/0/0/0,28122:1747647674282:,1747647683618
counter/8/0/0/0,32705:1747647676176:,1747647683618
counter/1/0/0/0,28123:1747647674282:,1747647683618
counter/8/0/0/0,32706:1747647676176:,1747647683618
counter/1/0/0/0,28124:1747647674282:,1747647683618
counter/8/0/0/0,32707:1747647676176:,1747647683618
counter/1/0/0/0,28125:1747647674282:,1747647683618
counter/8/0/0/0,32708:1747647676176:,1747647683618
counter/1/0/0/0,28126:1747647674282:,1747647683618
counter/8/0/0/0,32709:1747647676177:,1747647683618
counter/1/0/0/0,28127:1747647674282:,1747647683618
counter/9/0/0/0,37850:1747647678919:,1747647683618
counter/8/0/0/0,32710:1747647676177:,1747647683618
counter/1/0/0/0,28128:1747647674282:,1747647683618
counter/10/0/0/0,27528:1747647671089:,1747647683618
counter/6/0/0/0,32054:1747647677668:,1747647683618
counter/8/0/0/0,32711:1747647676177:,1747647683618
counter/1/0/0/0,28129:1747647674285:,1747647683618
counter/3/0/0/0,26885:1747647672895:,1747647683618
counter/7/0/0/0,32648:1747647677272:,1747647683618
counter/8/0/0/0,32712:1747647676177:,1747647683618
counter/1/0/0/0,28130:1747647674285:,1747647683618
counter/4/0/0/0,27166:1747647672976:,1747647683618
counter/9/0/0/0,37851:1747647678920:,1747647683618
counter/8/0/0/0,32713:1747647676177:,1747647683618
counter/1/0/0/0,28131:1747647674285:,1747647683618
counter/10/0/0/0,27529:1747647671089:,1747647683618
counter/6/0/0/0,32055:1747647677668:,1747647683618
counter/3/0/0/0,26886:1747647672895:,1747647683618
counter/8/0/0/0,32714:1747647676177:,1747647683618
counter/1/0/0/0,28132:1747647674285:,1747647683618
counter/7/0/0/0,32649:1747647677273:,1747647683618
counter/8/0/0/0,32715:1747647676177:,1747647683619
counter/1/0/0/0,28133:1747647674285:,1747647683619
counter/8/0/0/0,32716:1747647676177:,1747647683619
counter/1/0/0/0,28134:1747647674285:,1747647683619
counter/8/0/0/0,32717:1747647676177:,1747647683619
counter/1/0/0/0,28135:1747647674287:,1747647683619
counter/8/0/0/0,32718:1747647676177:,1747647683619
counter/1/0/0/0,28136:1747647674287:,1747647683619
counter/8/0/0/0,32719:1747647676177:,1747647683619
counter/1/0/0/0,28137:1747647674287:,1747647683619
counter/8/0/0/0,32720:1747647676181:,1747647683619
counter/1/0/0/0,28138:1747647674287:,1747647683619
counter/8/0/0/0,32721:1747647676181:,1747647683619
counter/1/0/0/0,28139:1747647674287:,1747647683619
counter/8/0/0/0,32722:1747647676186:,1747647683619
counter/1/0/0/0,28140:1747647674287:,1747647683619
counter/8/0/0/0,32723:1747647676186:,1747647683619
counter/1/0/0/0,28141:1747647674287:,1747647683619
counter/7/0/0/0,32650:1747647677273:,1747647683619
counter/8/0/0/0,32724:1747647676186:,1747647683619
counter/1/0/0/0,28142:1747647674287:,1747647683619
counter/9/0/0/0,37852:1747647678920:,1747647683619
counter/8/0/0/0,32725:1747647676186:,1747647683619
counter/1/0/0/0,28143:1747647674287:,1747647683619
counter/8/0/0/0,32726:1747647676186:,1747647683619
counter/1/0/0/0,28144:1747647674287:,1747647683619
counter/8/0/0/0,32727:1747647676186:,1747647683619
counter/1/0/0/0,28145:1747647674287:,1747647683619
counter/4/0/0/0,27167:1747647672976:,1747647683619
counter/8/0/0/0,32728:1747647676186:,1747647683619
counter/1/0/0/0,28146:1747647674287:,1747647683619
counter/9/0/0/0,37853:1747647678920:,1747647683619
counter/10/0/0/0,27530:1747647671089:,1747647683619
counter/8/0/0/0,32729:1747647676186:,1747647683619
counter/1/0/0/0,28147:1747647674287:,1747647683619
counter/3/0/0/0,26887:1747647672895:,1747647683619
counter/6/0/0/0,32056:1747647677668:,1747647683619
counter/8/0/0/0,32730:1747647676186:,1747647683619
counter/1/0/0/0,28148:1747647674288:,1747647683619
counter/8/0/0/0,32731:1747647676186:,1747647683619
counter/1/0/0/0,28149:1747647674296:,1747647683619
counter/8/0/0/0,32732:1747647676186:,1747647683619
counter/1/0/0/0,28150:1747647674296:,1747647683619
counter/8/0/0/0,32733:1747647676186:,1747647683619
counter/1/0/0/0,28151:1747647674296:,1747647683620
counter/8/0/0/0,32734:1747647676186:,1747647683620
counter/1/0/0/0,28152:1747647674296:,1747647683620
counter/8/0/0/0,32735:1747647676186:,1747647683620
counter/1/0/0/0,28153:1747647674296:,1747647683620
counter/8/0/0/0,32736:1747647676192:,1747647683620
counter/1/0/0/0,28154:1747647674296:,1747647683620
counter/8/0/0/0,32737:1747647676197:,1747647683620
counter/1/0/0/0,28155:1747647674296:,1747647683620
counter/8/0/0/0,32738:1747647676197:,1747647683620
counter/1/0/0/0,28156:1747647674296:,1747647683620
counter/8/0/0/0,32739:1747647676197:,1747647683620
counter/1/0/0/0,28157:1747647674296:,1747647683620
counter/8/0/0/0,32740:1747647676203:,1747647683620
counter/1/0/0/0,28158:1747647674296:,1747647683620
counter/8/0/0/0,32741:1747647676203:,1747647683620
counter/1/0/0/0,28159:1747647674296:,1747647683620
counter/8/0/0/0,32742:1747647676203:,1747647683620
counter/1/0/0/0,28160:1747647674296:,1747647683620
counter/8/0/0/0,32743:1747647676203:,1747647683620
counter/1/0/0/0,28161:1747647674296:,1747647683620
counter/8/0/0/0,32744:1747647676203:,1747647683620
counter/1/0/0/0,28162:1747647674296:,1747647683620
counter/8/0/0/0,32745:1747647676203:,1747647683620
counter/1/0/0/0,28163:1747647674304:,1747647683620
counter/8/0/0/0,32746:1747647676203:,1747647683620
counter/1/0/0/0,28164:1747647674304:,1747647683620
counter/8/0/0/0,32747:1747647676203:,1747647683620
counter/1/0/0/0,28165:1747647674317:,1747647683620
counter/10/0/0/0,27531:1747647671089:,1747647683620
counter/8/0/0/0,32748:1747647676203:,1747647683620
counter/1/0/0/0,28166:1747647674317:,1747647683620
counter/10/0/0/0,27532:1747647671089:,1747647683620
counter/8/0/0/0,32749:1747647676203:,1747647683620
counter/1/0/0/0,28167:1747647674317:,1747647683620
counter/10/0/0/0,27533:1747647671089:,1747647683620
counter/7/0/0/0,32651:1747647677277:,1747647683620
counter/8/0/0/0,32750:1747647676203:,1747647683620
counter/1/0/0/0,28168:1747647674322:,1747647683620
counter/10/0/0/0,27534:1747647671089:,1747647683620
counter/8/0/0/0,32751:1747647676203:,1747647683620
counter/1/0/0/0,28169:1747647674322:,1747647683620
counter/8/0/0/0,32752:1747647676203:,1747647683620
counter/1/0/0/0,28170:1747647674322:,1747647683620
counter/8/0/0/0,32753:1747647676203:,1747647683620
counter/1/0/0/0,28171:1747647674322:,1747647683620
counter/6/0/0/0,32057:1747647677668:,1747647683620
counter/8/0/0/0,32754:1747647676203:,1747647683620
counter/1/0/0/0,28172:1747647674322:,1747647683621
counter/3/0/0/0,26888:1747647672895:,1747647683621
counter/10/0/0/0,27535:1747647671089:,1747647683621
counter/8/0/0/0,32755:1747647676203:,1747647683621
counter/1/0/0/0,28173:1747647674322:,1747647683621
counter/3/0/0/0,26889:1747647672907:,1747647683621
counter/8/0/0/0,32756:1747647676204:,1747647683621
counter/1/0/0/0,28174:1747647674322:,1747647683621
counter/3/0/0/0,26890:1747647672907:,1747647683621
counter/10/0/0/0,27536:1747647671089:,1747647683621
counter/8/0/0/0,32757:1747647676204:,1747647683621
counter/1/0/0/0,28175:1747647674322:,1747647683621
counter/3/0/0/0,26891:1747647672907:,1747647683621
counter/9/0/0/0,37854:1747647678920:,1747647683621
counter/8/0/0/0,32758:1747647676204:,1747647683621
counter/1/0/0/0,28176:1747647674334:,1747647683621
counter/3/0/0/0,26892:1747647672907:,1747647683621
counter/8/0/0/0,32759:1747647676204:,1747647683621
counter/1/0/0/0,28177:1747647674335:,1747647683621
counter/3/0/0/0,26893:1747647672907:,1747647683621
counter/8/0/0/0,32760:1747647676204:,1747647683621
counter/1/0/0/0,28178:1747647674335:,1747647683621
counter/3/0/0/0,26894:1747647672907:,1747647683621
counter/8/0/0/0,32761:1747647676204:,1747647683621
counter/1/0/0/0,28179:1747647674335:,1747647683621
counter/3/0/0/0,26895:1747647672907:,1747647683621
counter/8/0/0/0,32762:1747647676204:,1747647683621
counter/1/0/0/0,28180:1747647674336:,1747647683621
counter/3/0/0/0,26896:1747647672907:,1747647683621
counter/1/0/0/0,28181:1747647674346:,1747647683621
counter/1/0/0/0,28182:1747647674347:,1747647683621
counter/1/0/0/0,28183:1747647674355:,1747647683621
counter/1/0/0/0,28184:1747647674356:,1747647683621
counter/1/0/0/0,28185:1747647674356:,1747647683621
counter/1/0/0/0,28186:1747647674359:,1747647683621
counter/1/0/0/0,28187:1747647674360:,1747647683621
counter/1/0/0/0,28188:1747647674360:,1747647683621
counter/1/0/0/0,28189:1747647674360:,1747647683621
counter/1/0/0/0,28190:1747647674360:,1747647683621
counter/1/0/0/0,28191:1747647674360:,1747647683621
counter/1/0/0/0,28192:1747647674360:,1747647683621
counter/1/0/0/0,28193:1747647674360:,1747647683622
counter/1/0/0/0,28194:1747647674360:,1747647683622
counter/1/0/0/0,28195:1747647674360:,1747647683622
counter/1/0/0/0,28196:1747647674386:,1747647683622
counter/1/0/0/0,28197:1747647674386:,1747647683622
counter/1/0/0/0,28198:1747647674386:,1747647683622
counter/1/0/0/0,28199:1747647674386:,1747647683622
counter/1/0/0/0,28200:1747647674386:,1747647683622
counter/1/0/0/0,28201:1747647674386:,1747647683622
counter/1/0/0/0,28202:1747647674386:,1747647683622
counter/1/0/0/0,28203:1747647674386:,1747647683622
counter/7/0/0/0,32652:1747647677277:,1747647683622
counter/1/0/0/0,28204:1747647674386:,1747647683622
counter/10/0/0/0,27537:1747647671089:,1747647683622
counter/1/0/0/0,28205:1747647674386:,1747647683622
counter/9/0/0/0,37855:1747647678920:,1747647683622
counter/1/0/0/0,28206:1747647674386:,1747647683622
counter/4/0/0/0,27168:1747647672976:,1747647683622
counter/1/0/0/0,28207:1747647674386:,1747647683622
counter/6/0/0/0,32058:1747647677668:,1747647683622
counter/3/0/0/0,26897:1747647672907:,1747647683622
counter/1/0/0/0,28208:1747647674386:,1747647683622
counter/8/0/0/0,32763:1747647676204:,1747647683622
counter/1/0/0/0,28209:1747647674386:,1747647683622
counter/8/0/0/0,32764:1747647676207:,1747647683622
counter/1/0/0/0,28210:1747647674386:,1747647683622
counter/8/0/0/0,32765:1747647676218:,1747647683622
counter/9/0/0/0,37856:1747647678920:,1747647683622
counter/1/0/0/0,28211:1747647674386:,1747647683622
counter/8/0/0/0,32766:1747647676218:,1747647683622
counter/4/0/0/0,27169:1747647672976:,1747647683622
counter/1/0/0/0,28212:1747647674386:,1747647683622
counter/4/0/0/0,27170:1747647672976:,1747647683622
counter/1/0/0/0,28213:1747647674386:,1747647683622
counter/4/0/0/0,27171:1747647672976:,1747647683622
counter/1/0/0/0,28214:1747647674387:,1747647683622
counter/4/0/0/0,27172:1747647672976:,1747647683622
counter/1/0/0/0,28215:1747647674387:,1747647683622
counter/4/0/0/0,27173:1747647672976:,1747647683622
counter/1/0/0/0,28216:1747647674387:,1747647683622
counter/4/0/0/0,27174:1747647672976:,1747647683622
counter/1/0/0/0,28217:1747647674394:,1747647683622
counter/4/0/0/0,27175:1747647672976:,1747647683622
counter/1/0/0/0,28218:1747647674395:,1747647683623
counter/10/0/0/0,27538:1747647671089:,1747647683623
counter/1/0/0/0,28219:1747647674399:,1747647683623
counter/3/0/0/0,26898:1747647672908:,1747647683623
counter/4/0/0/0,27176:1747647672976:,1747647683623
counter/1/0/0/0,28220:1747647674400:,1747647683623
counter/4/0/0/0,27177:1747647672976:,1747647683623
counter/1/0/0/0,28221:1747647674400:,1747647683623
counter/4/0/0/0,27178:1747647672976:,1747647683623
counter/1/0/0/0,28222:1747647674400:,1747647683623
counter/4/0/0/0,27179:1747647672976:,1747647683623
counter/1/0/0/0,28223:1747647674400:,1747647683623
counter/4/0/0/0,27180:1747647672976:,1747647683623
counter/1/0/0/0,28224:1747647674400:,1747647683623
counter/4/0/0/0,27181:1747647672976:,1747647683623
counter/1/0/0/0,28225:1747647674400:,1747647683623
counter/4/0/0/0,27182:1747647672976:,1747647683623
counter/10/0/0/0,27539:1747647671089:,1747647683623
counter/1/0/0/0,28226:1747647674400:,1747647683623
counter/4/0/0/0,27183:1747647672976:,1747647683623
counter/3/0/0/0,26899:1747647672908:,1747647683623
counter/9/0/0/0,37857:1747647678937:,1747647683623
counter/1/0/0/0,28227:1747647674400:,1747647683623
counter/4/0/0/0,27184:1747647672977:,1747647683623
counter/6/0/0/0,32059:1747647677668:,1747647683623
counter/8/0/0/0,32767:1747647676218:,1747647683623
counter/7/0/0/0,32653:1747647677277:,1747647683623
counter/1/0/0/0,28228:1747647674400:,1747647683623
counter/4/0/0/0,27185:1747647672977:,1747647683623
counter/4/0/0/0,27186:1747647672977:,1747647683623
counter/4/0/0/0,27187:1747647672977:,1747647683623
counter/4/0/0/0,27188:1747647672977:,1747647683623
counter/4/0/0/0,27189:1747647672977:,1747647683623
counter/4/0/0/0,27190:1747647672987:,1747647683623
counter/8/0/0/0,32768:1747647676218:,1747647683623
counter/4/0/0/0,27191:1747647672987:,1747647683623
counter/4/0/0/0,27192:1747647672987:,1747647683623
counter/8/0/0/0,32769:1747647676218:,1747647683623
counter/4/0/0/0,27193:1747647672987:,1747647683623
counter/8/0/0/0,32770:1747647676218:,1747647683623
counter/7/0/0/0,32654:1747647677277:,1747647683623
counter/4/0/0/0,27194:1747647672987:,1747647683623
counter/8/0/0/0,32771:1747647676219:,1747647683624
counter/1/0/0/0,28229:1747647674400:,1747647683624
counter/4/0/0/0,27195:1747647672987:,1747647683624
counter/8/0/0/0,32772:1747647676219:,1747647683624
counter/10/0/0/0,27540:1747647671090:,1747647683624
counter/7/0/0/0,32655:1747647677277:,1747647683624
counter/4/0/0/0,27196:1747647672987:,1747647683624
counter/8/0/0/0,32773:1747647676219:,1747647683624
counter/3/0/0/0,26900:1747647672908:,1747647683624
counter/9/0/0/0,37858:1747647678937:,1747647683624
counter/4/0/0/0,27197:1747647672987:,1747647683624
counter/8/0/0/0,32774:1747647676219:,1747647683624
counter/4/0/0/0,27198:1747647672987:,1747647683624
counter/4/0/0/0,27199:1747647672987:,1747647683624
counter/4/0/0/0,27200:1747647672987:,1747647683624
counter/4/0/0/0,27201:1747647672987:,1747647683624
counter/4/0/0/0,27202:1747647672987:,1747647683624
counter/4/0/0/0,27203:1747647672987:,1747647683624
counter/4/0/0/0,27204:1747647672987:,1747647683624
counter/4/0/0/0,27205:1747647672987:,1747647683624
counter/4/0/0/0,27206:1747647672987:,1747647683624
counter/4/0/0/0,27207:1747647672987:,1747647683624
counter/4/0/0/0,27208:1747647672987:,1747647683624
counter/4/0/0/0,27209:1747647672987:,1747647683624
counter/4/0/0/0,27210:1747647672987:,1747647683624
counter/4/0/0/0,27211:1747647672987:,1747647683624
counter/4/0/0/0,27212:1747647672987:,1747647683624
counter/4/0/0/0,27213:1747647672988:,1747647683624
counter/4/0/0/0,27214:1747647672988:,1747647683624
counter/4/0/0/0,27215:1747647672988:,1747647683624
counter/4/0/0/0,27216:1747647672988:,1747647683624
counter/4/0/0/0,27217:1747647672988:,1747647683624
counter/4/0/0/0,27218:1747647673000:,1747647683624
counter/4/0/0/0,27219:1747647673001:,1747647683624
counter/4/0/0/0,27220:1747647673001:,1747647683624
counter/4/0/0/0,27221:1747647673001:,1747647683624
counter/4/0/0/0,27222:1747647673001:,1747647683624
counter/4/0/0/0,27223:1747647673001:,1747647683624
counter/4/0/0/0,27224:1747647673001:,1747647683624
counter/4/0/0/0,27225:1747647673001:,1747647683624
counter/4/0/0/0,27226:1747647673001:,1747647683624
counter/4/0/0/0,27227:1747647673001:,1747647683624
counter/4/0/0/0,27228:1747647673001:,1747647683625
counter/4/0/0/0,27229:1747647673001:,1747647683625
counter/4/0/0/0,27230:1747647673001:,1747647683625
counter/4/0/0/0,27231:1747647673001:,1747647683625
counter/4/0/0/0,27232:1747647673001:,1747647683625
counter/4/0/0/0,27233:1747647673001:,1747647683625
counter/4/0/0/0,27234:1747647673006:,1747647683625
counter/10/0/0/0,27541:1747647671090:,1747647683625
counter/4/0/0/0,27235:1747647673006:,1747647683625
counter/3/0/0/0,26901:1747647672908:,1747647683625
counter/7/0/0/0,32656:1747647677277:,1747647683625
counter/9/0/0/0,37859:1747647678938:,1747647683625
counter/4/0/0/0,27236:1747647673006:,1747647683625
counter/6/0/0/0,32060:1747647677668:,1747647683625
counter/4/0/0/0,27237:1747647673006:,1747647683625
counter/4/0/0/0,27238:1747647673006:,1747647683625
counter/4/0/0/0,27239:1747647673006:,1747647683625
counter/4/0/0/0,27240:1747647673006:,1747647683625
counter/4/0/0/0,27241:1747647673006:,1747647683625
counter/4/0/0/0,27242:1747647673006:,1747647683625
counter/4/0/0/0,27243:1747647673006:,1747647683625
counter/10/0/0/0,27542:1747647671090:,1747647683625
counter/4/0/0/0,27244:1747647673006:,1747647683625
counter/3/0/0/0,26902:1747647672909:,1747647683625
counter/4/0/0/0,27245:1747647673007:,1747647683625
counter/9/0/0/0,37860:1747647678938:,1747647683625
counter/7/0/0/0,32657:1747647677277:,1747647683625
counter/4/0/0/0,27246:1747647673007:,1747647683625
counter/7/0/0/0,32658:1747647677277:,1747647683625
counter/4/0/0/0,27247:1747647673007:,1747647683625
counter/7/0/0/0,32659:1747647677277:,1747647683625
counter/8/0/0/0,32775:1747647676219:,1747647683625
counter/4/0/0/0,27248:1747647673007:,1747647683625
counter/7/0/0/0,32660:1747647677277:,1747647683625
counter/10/0/0/0,27543:1747647671090:,1747647683625
counter/3/0/0/0,26903:1747647672909:,1747647683625
counter/4/0/0/0,27249:1747647673007:,1747647683625
counter/7/0/0/0,32661:1747647677277:,1747647683625
counter/9/0/0/0,37861:1747647678964:,1747647683625
counter/4/0/0/0,27250:1747647673007:,1747647683625
counter/4/0/0/0,27251:1747647673007:,1747647683625
counter/4/0/0/0,27252:1747647673007:,1747647683626
counter/4/0/0/0,27253:1747647673007:,1747647683626
counter/7/0/0/0,32662:1747647677279:,1747647683626
counter/3/0/0/0,26904:1747647672909:,1747647683626
counter/3/0/0/0,26905:1747647672909:,1747647683626
counter/10/0/0/0,27544:1747647671090:,1747647683626
counter/9/0/0/0,37862:1747647678964:,1747647683626
counter/4/0/0/0,27254:1747647673007:,1747647683626
counter/4/0/0/0,27255:1747647673007:,1747647683626
counter/4/0/0/0,27256:1747647673007:,1747647683626
counter/4/0/0/0,27257:1747647673007:,1747647683626
counter/4/0/0/0,27258:1747647673017:,1747647683626
counter/4/0/0/0,27259:1747647673017:,1747647683626
counter/4/0/0/0,27260:1747647673017:,1747647683626
counter/4/0/0/0,27261:1747647673017:,1747647683626
counter/4/0/0/0,27262:1747647673017:,1747647683626
counter/4/0/0/0,27263:1747647673017:,1747647683626
counter/7/0/0/0,32663:1747647677279:,1747647683626
counter/7/0/0/0,32664:1747647677290:,1747647683626
counter/7/0/0/0,32665:1747647677291:,1747647683626
counter/7/0/0/0,32666:1747647677291:,1747647683626
counter/7/0/0/0,32667:1747647677291:,1747647683626
counter/7/0/0/0,32668:1747647677292:,1747647683626
counter/8/0/0/0,32776:1747647676219:,1747647683626
counter/7/0/0/0,32669:1747647677292:,1747647683626
counter/7/0/0/0,32670:1747647677292:,1747647683626
counter/3/0/0/0,26906:1747647672909:,1747647683626
counter/10/0/0/0,27545:1747647671090:,1747647683626
counter/9/0/0/0,37863:1747647678964:,1747647683626
counter/1/0/0/0,28230:1747647674400:,1747647683626
counter/1/0/0/0,28231:1747647674400:,1747647683626
counter/1/0/0/0,28232:1747647674400:,1747647683626
counter/1/0/0/0,28233:1747647674400:,1747647683626
counter/1/0/0/0,28234:1747647674400:,1747647683626
counter/1/0/0/0,28235:1747647674404:,1747647683626
counter/1/0/0/0,28236:1747647674404:,1747647683626
counter/1/0/0/0,28237:1747647674404:,1747647683626
counter/1/0/0/0,28238:1747647674404:,1747647683626
counter/1/0/0/0,28239:1747647674404:,1747647683626
counter/1/0/0/0,28240:1747647674404:,1747647683626
counter/1/0/0/0,28241:1747647674404:,1747647683626
counter/10/0/0/0,27546:1747647671090:,1747647683626
counter/1/0/0/0,28242:1747647674404:,1747647683626
counter/9/0/0/0,37864:1747647678971:,1747647683626
counter/1/0/0/0,28243:1747647674404:,1747647683626
counter/1/0/0/0,28244:1747647674404:,1747647683627
counter/1/0/0/0,28245:1747647674404:,1747647683627
counter/1/0/0/0,28246:1747647674404:,1747647683627
counter/1/0/0/0,28247:1747647674404:,1747647683627
counter/1/0/0/0,28248:1747647674404:,1747647683627
counter/1/0/0/0,28249:1747647674404:,1747647683627
counter/1/0/0/0,28250:1747647674404:,1747647683627
counter/1/0/0/0,28251:1747647674404:,1747647683627
counter/10/0/0/0,27547:1747647671090:,1747647683627
counter/3/0/0/0,26907:1747647672909:,1747647683627
counter/9/0/0/0,37865:1747647678971:,1747647683627
counter/6/0/0/0,32061:1747647677668:,1747647683627
counter/6/0/0/0,32062:1747647677668:,1747647683627
counter/6/0/0/0,32063:1747647677668:,1747647683627
counter/4/0/0/0,27264:1747647673017:,1747647683627
counter/6/0/0/0,32064:1747647677668:,1747647683627
counter/10/0/0/0,27548:1747647671090:,1747647683627
counter/6/0/0/0,32065:1747647677668:,1747647683627
counter/1/0/0/0,28252:1747647674404:,1747647683627
counter/9/0/0/0,37866:1747647678971:,1747647683627
counter/8/0/0/0,32777:1747647676219:,1747647683627
counter/8/0/0/0,32778:1747647676219:,1747647683627
counter/8/0/0/0,32779:1747647676219:,1747647683627
counter/8/0/0/0,32780:1747647676219:,1747647683627
counter/8/0/0/0,32781:1747647676220:,1747647683627
counter/8/0/0/0,32782:1747647676220:,1747647683627
counter/8/0/0/0,32783:1747647676220:,1747647683627
counter/8/0/0/0,32784:1747647676220:,1747647683627
counter/8/0/0/0,32785:1747647676221:,1747647683627
counter/8/0/0/0,32786:1747647676221:,1747647683627
counter/8/0/0/0,32787:1747647676221:,1747647683627
counter/8/0/0/0,32788:1747647676221:,1747647683627
counter/8/0/0/0,32789:1747647676221:,1747647683627
counter/8/0/0/0,32790:1747647676221:,1747647683627
counter/8/0/0/0,32791:1747647676221:,1747647683627
counter/8/0/0/0,32792:1747647676221:,1747647683627
counter/8/0/0/0,32793:1747647676221:,1747647683627
counter/8/0/0/0,32794:1747647676221:,1747647683627
counter/8/0/0/0,32795:1747647676221:,1747647683627
counter/8/0/0/0,32796:1747647676221:,1747647683627
counter/8/0/0/0,32797:1747647676221:,1747647683627
counter/8/0/0/0,32798:1747647676221:,1747647683627
counter/8/0/0/0,32799:1747647676225:,1747647683627
counter/8/0/0/0,32800:1747647676225:,1747647683627
counter/8/0/0/0,32801:1747647676225:,1747647683628
counter/8/0/0/0,32802:1747647676225:,1747647683628
counter/8/0/0/0,32803:1747647676225:,1747647683628
counter/8/0/0/0,32804:1747647676225:,1747647683628
counter/8/0/0/0,32805:1747647676225:,1747647683628
counter/8/0/0/0,32806:1747647676225:,1747647683628
counter/8/0/0/0,32807:1747647676225:,1747647683628
counter/8/0/0/0,32808:1747647676225:,1747647683628
counter/8/0/0/0,32809:1747647676225:,1747647683628
counter/8/0/0/0,32810:1747647676225:,1747647683628
counter/8/0/0/0,32811:1747647676226:,1747647683628
counter/10/0/0/0,27549:1747647671090:,1747647683628
counter/8/0/0/0,32812:1747647676226:,1747647683628
counter/3/0/0/0,26908:1747647672909:,1747647683628
counter/1/0/0/0,28253:1747647674405:,1747647683628
counter/8/0/0/0,32813:1747647676226:,1747647683628
counter/9/0/0/0,37867:1747647678971:,1747647683628
counter/6/0/0/0,32066:1747647677668:,1747647683628
counter/8/0/0/0,32814:1747647676226:,1747647683628
counter/4/0/0/0,27265:1747647673017:,1747647683628
counter/7/0/0/0,32671:1747647677292:,1747647683628
counter/8/0/0/0,32815:1747647676226:,1747647683628
counter/8/0/0/0,32816:1747647676226:,1747647683628
counter/8/0/0/0,32817:1747647676226:,1747647683628
counter/8/0/0/0,32818:1747647676226:,1747647683628
counter/8/0/0/0,32819:1747647676226:,1747647683628
counter/8/0/0/0,32820:1747647676226:,1747647683628
counter/8/0/0/0,32821:1747647676248:,1747647683628
counter/8/0/0/0,32822:1747647676248:,1747647683628
counter/8/0/0/0,32823:1747647676248:,1747647683628
counter/8/0/0/0,32824:1747647676248:,1747647683628
counter/8/0/0/0,32825:1747647676249:,1747647683628
counter/8/0/0/0,32826:1747647676249:,1747647683628
counter/8/0/0/0,32827:1747647676249:,1747647683628
counter/8/0/0/0,32828:1747647676249:,1747647683628
counter/8/0/0/0,32829:1747647676249:,1747647683628
counter/8/0/0/0,32830:1747647676249:,1747647683628
counter/8/0/0/0,32831:1747647676249:,1747647683628
counter/8/0/0/0,32832:1747647676249:,1747647683628
counter/8/0/0/0,32833:1747647676251:,1747647683628
counter/8/0/0/0,32834:1747647676251:,1747647683629
counter/8/0/0/0,32835:1747647676252:,1747647683629
counter/8/0/0/0,32836:1747647676252:,1747647683629
counter/8/0/0/0,32837:1747647676259:,1747647683629
counter/8/0/0/0,32838:1747647676260:,1747647683629
counter/8/0/0/0,32839:1747647676260:,1747647683629
counter/8/0/0/0,32840:1747647676260:,1747647683629
counter/8/0/0/0,32841:1747647676262:,1747647683629
counter/8/0/0/0,32842:1747647676262:,1747647683629
counter/8/0/0/0,32843:1747647676262:,1747647683629
counter/8/0/0/0,32844:1747647676266:,1747647683629
counter/8/0/0/0,32845:1747647676266:,1747647683629
counter/8/0/0/0,32846:1747647676266:,1747647683629
counter/8/0/0/0,32847:1747647676266:,1747647683629
counter/8/0/0/0,32848:1747647676266:,1747647683629
counter/8/0/0/0,32849:1747647676266:,1747647683629
counter/8/0/0/0,32850:1747647676266:,1747647683629
counter/8/0/0/0,32851:1747647676266:,1747647683629
counter/4/0/0/0,27266:1747647673017:,1747647683629
counter/8/0/0/0,32852:1747647676266:,1747647683629
counter/6/0/0/0,32067:1747647677668:,1747647683629
counter/10/0/0/0,27550:1747647671090:,1747647683629
counter/8/0/0/0,32853:1747647676266:,1747647683629
counter/7/0/0/0,32672:1747647677295:,1747647683629
counter/1/0/0/0,28254:1747647674405:,1747647683629
counter/3/0/0/0,26909:1747647672909:,1747647683629
counter/8/0/0/0,32854:1747647676266:,1747647683629
counter/8/0/0/0,32855:1747647676266:,1747647683629
counter/8/0/0/0,32856:1747647676266:,1747647683629
counter/8/0/0/0,32857:1747647676266:,1747647683629
counter/8/0/0/0,32858:1747647676266:,1747647683629
counter/8/0/0/0,32859:1747647676266:,1747647683629
counter/9/0/0/0,37868:1747647678982:,1747647683629
counter/8/0/0/0,32860:1747647676266:,1747647683629
counter/4/0/0/0,27267:1747647673017:,1747647683629
counter/6/0/0/0,32068:1747647677676:,1747647683629
counter/8/0/0/0,32861:1747647676266:,1747647683629
counter/10/0/0/0,27551:1747647671090:,1747647683629
counter/7/0/0/0,32673:1747647677295:,1747647683629
counter/8/0/0/0,32862:1747647676266:,1747647683629
counter/1/0/0/0,28255:1747647674405:,1747647683629
counter/8/0/0/0,32863:1747647676266:,1747647683629
counter/9/0/0/0,37869:1747647678982:,1747647683629
counter/8/0/0/0,32864:1747647676269:,1747647683630
counter/4/0/0/0,27268:1747647673018:,1747647683630
counter/8/0/0/0,32865:1747647676269:,1747647683630
counter/6/0/0/0,32069:1747647677676:,1747647683630
counter/10/0/0/0,27552:1747647671090:,1747647683630
counter/8/0/0/0,32866:1747647676269:,1747647683630
counter/7/0/0/0,32674:1747647677296:,1747647683630
counter/1/0/0/0,28256:1747647674405:,1747647683630
counter/8/0/0/0,32867:1747647676269:,1747647683630
counter/3/0/0/0,26910:1747647672909:,1747647683630
counter/8/0/0/0,32868:1747647676269:,1747647683630
counter/8/0/0/0,32869:1747647676269:,1747647683630
counter/8/0/0/0,32870:1747647676269:,1747647683630
counter/7/0/0/0,32675:1747647677296:,1747647683630
counter/8/0/0/0,32871:1747647676269:,1747647683630
counter/1/0/0/0,28257:1747647674405:,1747647683630
counter/3/0/0/0,26911:1747647672909:,1747647683630
counter/9/0/0/0,37870:1747647678982:,1747647683630
counter/4/0/0/0,27269:1747647673018:,1747647683630
counter/6/0/0/0,32070:1747647677676:,1747647683630
counter/10/0/0/0,27553:1747647671090:,1747647683630
counter/1/0/0/0,28258:1747647674405:,1747647683630
counter/10/0/0/0,27554:1747647671090:,1747647683630
counter/9/0/0/0,37871:1747647678982:,1747647683630
counter/4/0/0/0,27270:1747647673018:,1747647683630
counter/6/0/0/0,32071:1747647677676:,1747647683630
counter/3/0/0/0,26912:1747647672909:,1747647683630
counter/1/0/0/0,28259:1747647674405:,1747647683630
counter/3/0/0/0,26913:1747647672909:,1747647683630
counter/9/0/0/0,37872:1747647678982:,1747647683630
counter/4/0/0/0,27271:1747647673018:,1747647683630
counter/6/0/0/0,32072:1747647677676:,1747647683630
counter/6/0/0/0,32073:1747647677676:,1747647683630
counter/6/0/0/0,32074:1747647677676:,1747647683630
counter/6/0/0/0,32075:1747647677676:,1747647683630
counter/6/0/0/0,32076:1747647677676:,1747647683630
counter/9/0/0/0,37873:1747647678982:,1747647683630
counter/6/0/0/0,32077:1747647677676:,1747647683630
counter/4/0/0/0,27272:1747647673018:,1747647683630
counter/6/0/0/0,32078:1747647677676:,1747647683631
counter/6/0/0/0,32079:1747647677676:,1747647683631
counter/8/0/0/0,32872:1747647676269:,1747647683631
counter/9/0/0/0,37874:1747647678982:,1747647683631
counter/4/0/0/0,27273:1747647673020:,1747647683631
counter/10/0/0/0,27555:1747647671090:,1747647683631
counter/1/0/0/0,28260:1747647674405:,1747647683631
counter/3/0/0/0,26914:1747647672945:,1747647683631
counter/6/0/0/0,32080:1747647677681:,1747647683631
counter/6/0/0/0,32081:1747647677681:,1747647683631
counter/6/0/0/0,32082:1747647677681:,1747647683631
counter/6/0/0/0,32083:1747647677682:,1747647683631
counter/6/0/0/0,32084:1747647677682:,1747647683631
counter/6/0/0/0,32085:1747647677682:,1747647683631
counter/10/0/0/0,27556:1747647671090:,1747647683631
counter/6/0/0/0,32086:1747647677682:,1747647683631
counter/4/0/0/0,27274:1747647673020:,1747647683631
counter/7/0/0/0,32676:1747647677296:,1747647683631
counter/7/0/0/0,32677:1747647677296:,1747647683631
counter/7/0/0/0,32678:1747647677296:,1747647683631
counter/7/0/0/0,32679:1747647677296:,1747647683631
counter/7/0/0/0,32680:1747647677296:,1747647683631
counter/7/0/0/0,32681:1747647677296:,1747647683631
counter/7/0/0/0,32682:1747647677296:,1747647683631
counter/1/0/0/0,28261:1747647674405:,1747647683631
counter/7/0/0/0,32683:1747647677296:,1747647683631
counter/7/0/0/0,32684:1747647677299:,1747647683631
counter/7/0/0/0,32685:1747647677299:,1747647683631
counter/7/0/0/0,32686:1747647677299:,1747647683631
counter/7/0/0/0,32687:1747647677299:,1747647683631
counter/7/0/0/0,32688:1747647677299:,1747647683631
counter/7/0/0/0,32689:1747647677299:,1747647683631
counter/7/0/0/0,32690:1747647677299:,1747647683631
counter/7/0/0/0,32691:1747647677299:,1747647683631
counter/7/0/0/0,32692:1747647677299:,1747647683631
counter/5/0/0/0,31466:1747647674797:,1747647683631
counter/5/0/0/0,31467:1747647674797:,1747647683631
counter/9/0/0/0,37875:1747647678982:,1747647683631
counter/5/0/0/0,31468:1747647674804:,1747647683631
counter/4/0/0/0,27275:1747647673020:,1747647683631
counter/5/0/0/0,31469:1747647674804:,1747647683631
counter/10/0/0/0,27557:1747647671090:,1747647683631
counter/7/0/0/0,32693:1747647677299:,1747647683631
counter/5/0/0/0,31470:1747647674804:,1747647683631
counter/3/0/0/0,26915:1747647672945:,1747647683631
counter/5/0/0/0,31471:1747647674804:,1747647683631
counter/6/0/0/0,32087:1747647677682:,1747647683631
counter/1/0/0/0,28262:1747647674405:,1747647683632
counter/5/0/0/0,31472:1747647674804:,1747647683632
counter/5/0/0/0,31473:1747647674804:,1747647683632
counter/5/0/0/0,31474:1747647674804:,1747647683632
counter/5/0/0/0,31475:1747647674804:,1747647683632
counter/5/0/0/0,31476:1747647674804:,1747647683632
counter/5/0/0/0,31477:1747647674804:,1747647683632
counter/5/0/0/0,31478:1747647674804:,1747647683632
counter/5/0/0/0,31479:1747647674804:,1747647683632
counter/5/0/0/0,31480:1747647674804:,1747647683632
counter/5/0/0/0,31481:1747647674804:,1747647683632
counter/5/0/0/0,31482:1747647674804:,1747647683632
counter/5/0/0/0,31483:1747647674804:,1747647683632
counter/5/0/0/0,31484:1747647674825:,1747647683632
counter/5/0/0/0,31485:1747647674825:,1747647683632
counter/5/0/0/0,31486:1747647674825:,1747647683632
counter/5/0/0/0,31487:1747647674825:,1747647683632
counter/5/0/0/0,31488:1747647674826:,1747647683632
counter/5/0/0/0,31489:1747647674826:,1747647683632
counter/5/0/0/0,31490:1747647674826:,1747647683632
counter/5/0/0/0,31491:1747647674826:,1747647683632
counter/5/0/0/0,31492:1747647674826:,1747647683632
counter/5/0/0/0,31493:1747647674826:,1747647683632
counter/5/0/0/0,31494:1747647674826:,1747647683632
counter/5/0/0/0,31495:1747647674826:,1747647683632
counter/5/0/0/0,31496:1747647674826:,1747647683632
counter/5/0/0/0,31497:1747647674826:,1747647683632
counter/5/0/0/0,31498:1747647674826:,1747647683632
counter/5/0/0/0,31499:1747647674827:,1747647683632
counter/5/0/0/0,31500:1747647674829:,1747647683632
counter/5/0/0/0,31501:1747647674830:,1747647683632
counter/5/0/0/0,31502:1747647674830:,1747647683632
counter/5/0/0/0,31503:1747647674830:,1747647683632
counter/5/0/0/0,31504:1747647674830:,1747647683632
counter/5/0/0/0,31505:1747647674830:,1747647683632
counter/5/0/0/0,31506:1747647674830:,1747647683632
counter/5/0/0/0,31507:1747647674830:,1747647683632
counter/5/0/0/0,31508:1747647674830:,1747647683633
counter/5/0/0/0,31509:1747647674830:,1747647683633
counter/5/0/0/0,31510:1747647674830:,1747647683633
counter/5/0/0/0,31511:1747647674830:,1747647683633
counter/5/0/0/0,31512:1747647674830:,1747647683633
counter/5/0/0/0,31513:1747647674841:,1747647683633
counter/5/0/0/0,31514:1747647674841:,1747647683633
counter/5/0/0/0,31515:1747647674841:,1747647683633
counter/5/0/0/0,31516:1747647674841:,1747647683633
counter/5/0/0/0,31517:1747647674841:,1747647683633
counter/5/0/0/0,31518:1747647674841:,1747647683633
counter/5/0/0/0,31519:1747647674841:,1747647683633
counter/5/0/0/0,31520:1747647674841:,1747647683633
counter/5/0/0/0,31521:1747647674841:,1747647683633
counter/5/0/0/0,31522:1747647674845:,1747647683633
counter/5/0/0/0,31523:1747647674845:,1747647683633
counter/5/0/0/0,31524:1747647674850:,1747647683633
counter/5/0/0/0,31525:1747647674851:,1747647683633
counter/5/0/0/0,31526:1747647674851:,1747647683633
counter/5/0/0/0,31527:1747647674851:,1747647683633
counter/5/0/0/0,31528:1747647674851:,1747647683633
counter/5/0/0/0,31529:1747647674851:,1747647683633
counter/5/0/0/0,31530:1747647674851:,1747647683633
counter/5/0/0/0,31531:1747647674851:,1747647683633
counter/5/0/0/0,31532:1747647674851:,1747647683633
counter/5/0/0/0,31533:1747647674851:,1747647683633
counter/5/0/0/0,31534:1747647674851:,1747647683633
counter/5/0/0/0,31535:1747647674851:,1747647683633
counter/5/0/0/0,31536:1747647674851:,1747647683633
counter/5/0/0/0,31537:1747647674851:,1747647683633
counter/5/0/0/0,31538:1747647674851:,1747647683633
counter/5/0/0/0,31539:1747647674855:,1747647683633
counter/5/0/0/0,31540:1747647674860:,1747647683633
counter/5/0/0/0,31541:1747647674860:,1747647683633
counter/5/0/0/0,31542:1747647674860:,1747647683633
counter/5/0/0/0,31543:1747647674860:,1747647683633
counter/5/0/0/0,31544:1747647674860:,1747647683633
counter/5/0/0/0,31545:1747647674860:,1747647683633
counter/5/0/0/0,31546:1747647674860:,1747647683633
counter/5/0/0/0,31547:1747647674860:,1747647683633
counter/5/0/0/0,31548:1747647674860:,1747647683633
counter/5/0/0/0,31549:1747647674860:,1747647683633
counter/5/0/0/0,31550:1747647674860:,1747647683634
counter/5/0/0/0,31551:1747647674860:,1747647683634
counter/5/0/0/0,31552:1747647674862:,1747647683634
counter/5/0/0/0,31553:1747647674862:,1747647683634
counter/5/0/0/0,31554:1747647674863:,1747647683634
counter/5/0/0/0,31555:1747647674863:,1747647683634
counter/5/0/0/0,31556:1747647674872:,1747647683634
counter/5/0/0/0,31557:1747647674872:,1747647683634
counter/5/0/0/0,31558:1747647674872:,1747647683634
counter/5/0/0/0,31559:1747647674872:,1747647683634
counter/5/0/0/0,31560:1747647674872:,1747647683634
counter/5/0/0/0,31561:1747647674872:,1747647683634
counter/5/0/0/0,31562:1747647674872:,1747647683634
counter/5/0/0/0,31563:1747647674872:,1747647683634
counter/5/0/0/0,31564:1747647674872:,1747647683634
counter/5/0/0/0,31565:1747647674872:,1747647683634
counter/5/0/0/0,31566:1747647674872:,1747647683634
counter/5/0/0/0,31567:1747647674872:,1747647683634
counter/5/0/0/0,31568:1747647674872:,1747647683634
counter/5/0/0/0,31569:1747647674872:,1747647683634
counter/5/0/0/0,31570:1747647674872:,1747647683634
counter/5/0/0/0,31571:1747647674872:,1747647683634
counter/5/0/0/0,31572:1747647674872:,1747647683634
counter/5/0/0/0,31573:1747647674872:,1747647683634
counter/5/0/0/0,31574:1747647674881:,1747647683634
counter/5/0/0/0,31575:1747647674881:,1747647683634
counter/5/0/0/0,31576:1747647674881:,1747647683634
counter/5/0/0/0,31577:1747647674882:,1747647683634
counter/5/0/0/0,31578:1747647674882:,1747647683634
counter/5/0/0/0,31579:1747647674882:,1747647683634
counter/5/0/0/0,31580:1747647674882:,1747647683634
counter/5/0/0/0,31581:1747647674882:,1747647683634
counter/5/0/0/0,31582:1747647674882:,1747647683634
counter/5/0/0/0,31583:1747647674882:,1747647683634
counter/5/0/0/0,31584:1747647674882:,1747647683634
counter/5/0/0/0,31585:1747647674882:,1747647683634
counter/5/0/0/0,31586:1747647674882:,1747647683634
counter/5/0/0/0,31587:1747647674882:,1747647683634
counter/5/0/0/0,31588:1747647674882:,1747647683634
counter/5/0/0/0,31589:1747647674882:,1747647683635
counter/5/0/0/0,31590:1747647674882:,1747647683635
counter/5/0/0/0,31591:1747647674882:,1747647683635
counter/5/0/0/0,31592:1747647674882:,1747647683635
counter/5/0/0/0,31593:1747647674882:,1747647683635
counter/5/0/0/0,31594:1747647674882:,1747647683635
counter/5/0/0/0,31595:1747647674882:,1747647683635
counter/5/0/0/0,31596:1747647674884:,1747647683635
counter/5/0/0/0,31597:1747647674884:,1747647683635
counter/5/0/0/0,31598:1747647674884:,1747647683635
counter/5/0/0/0,31599:1747647674884:,1747647683635
counter/5/0/0/0,31600:1747647674884:,1747647683635
counter/5/0/0/0,31601:1747647674884:,1747647683635
counter/5/0/0/0,31602:1747647674895:,1747647683635
counter/5/0/0/0,31603:1747647674895:,1747647683635
counter/5/0/0/0,31604:1747647674895:,1747647683635
counter/5/0/0/0,31605:1747647674895:,1747647683635
counter/5/0/0/0,31606:1747647674895:,1747647683635
counter/5/0/0/0,31607:1747647674895:,1747647683635
counter/5/0/0/0,31608:1747647674895:,1747647683635
counter/5/0/0/0,31609:1747647674895:,1747647683635
counter/5/0/0/0,31610:1747647674895:,1747647683635
counter/5/0/0/0,31611:1747647674895:,1747647683635
counter/5/0/0/0,31612:1747647674895:,1747647683635
counter/5/0/0/0,31613:1747647674895:,1747647683635
counter/5/0/0/0,31614:1747647674895:,1747647683635
counter/5/0/0/0,31615:1747647674895:,1747647683635
counter/5/0/0/0,31616:1747647674895:,1747647683635
counter/5/0/0/0,31617:1747647674896:,1747647683635
counter/5/0/0/0,31618:1747647674898:,1747647683635
counter/10/0/0/0,27558:1747647671090:,1747647683635
counter/5/0/0/0,31619:1747647674899:,1747647683635
counter/7/0/0/0,32694:1747647677299:,1747647683635
counter/5/0/0/0,31620:1747647674899:,1747647683635
counter/1/0/0/0,28263:1747647674405:,1747647683635
counter/5/0/0/0,31621:1747647674899:,1747647683635
counter/6/0/0/0,32088:1747647677682:,1747647683635
counter/5/0/0/0,31622:1747647674899:,1747647683635
counter/3/0/0/0,26916:1747647672945:,1747647683636
counter/4/0/0/0,27276:1747647673020:,1747647683636
counter/5/0/0/0,31623:1747647674899:,1747647683636
counter/9/0/0/0,37876:1747647678982:,1747647683636
counter/5/0/0/0,31624:1747647674899:,1747647683636
counter/5/0/0/0,31625:1747647674899:,1747647683636
counter/5/0/0/0,31626:1747647674899:,1747647683636
counter/5/0/0/0,31627:1747647674899:,1747647683636
counter/5/0/0/0,31628:1747647674899:,1747647683636
counter/5/0/0/0,31629:1747647674899:,1747647683636
counter/5/0/0/0,31630:1747647674899:,1747647683636
counter/5/0/0/0,31631:1747647674899:,1747647683636
counter/5/0/0/0,31632:1747647674902:,1747647683636
counter/5/0/0/0,31633:1747647674902:,1747647683636
counter/5/0/0/0,31634:1747647674902:,1747647683636
counter/5/0/0/0,31635:1747647674902:,1747647683636
counter/5/0/0/0,31636:1747647674902:,1747647683636
counter/5/0/0/0,31637:1747647674902:,1747647683636
counter/5/0/0/0,31638:1747647674902:,1747647683636
counter/5/0/0/0,31639:1747647674902:,1747647683636
counter/5/0/0/0,31640:1747647674902:,1747647683636
counter/5/0/0/0,31641:1747647674902:,1747647683636
counter/5/0/0/0,31642:1747647674902:,1747647683636
counter/5/0/0/0,31643:1747647674902:,1747647683636
counter/5/0/0/0,31644:1747647674902:,1747647683636
counter/5/0/0/0,31645:1747647674902:,1747647683636
counter/5/0/0/0,31646:1747647674902:,1747647683636
counter/5/0/0/0,31647:1747647674902:,1747647683636
counter/5/0/0/0,31648:1747647674915:,1747647683636
counter/5/0/0/0,31649:1747647674915:,1747647683636
counter/5/0/0/0,31650:1747647674915:,1747647683636
counter/5/0/0/0,31651:1747647674915:,1747647683636
counter/5/0/0/0,31652:1747647674915:,1747647683636
counter/5/0/0/0,31653:1747647674916:,1747647683636
counter/5/0/0/0,31654:1747647674916:,1747647683636
counter/5/0/0/0,31655:1747647674916:,1747647683636
counter/5/0/0/0,31656:1747647674916:,1747647683636
counter/5/0/0/0,31657:1747647674916:,1747647683636
counter/5/0/0/0,31658:1747647674916:,1747647683636
counter/5/0/0/0,31659:1747647674916:,1747647683636
counter/5/0/0/0,31660:1747647674916:,1747647683636
counter/5/0/0/0,31661:1747647674916:,1747647683636
counter/5/0/0/0,31662:1747647674916:,1747647683636
counter/5/0/0/0,31663:1747647674916:,1747647683637
counter/1/0/0/0,28264:1747647674405:,1747647683637
counter/5/0/0/0,31664:1747647674916:,1747647683637
counter/3/0/0/0,26917:1747647672945:,1747647683637
counter/4/0/0/0,27277:1747647673020:,1747647683637
counter/5/0/0/0,31665:1747647674916:,1747647683637
counter/9/0/0/0,37877:1747647678982:,1747647683637
counter/5/0/0/0,31666:1747647674916:,1747647683637
counter/7/0/0/0,32695:1747647677299:,1747647683637
counter/10/0/0/0,27559:1747647671090:,1747647683637
counter/5/0/0/0,31667:1747647674916:,1747647683637
counter/5/0/0/0,31668:1747647674916:,1747647683637
counter/5/0/0/0,31669:1747647674916:,1747647683637
counter/5/0/0/0,31670:1747647674916:,1747647683637
counter/5/0/0/0,31671:1747647674916:,1747647683637
counter/5/0/0/0,31672:1747647674916:,1747647683637
counter/5/0/0/0,31673:1747647674916:,1747647683637
counter/5/0/0/0,31674:1747647674916:,1747647683637
counter/5/0/0/0,31675:1747647674916:,1747647683637
counter/5/0/0/0,31676:1747647674916:,1747647683637
counter/5/0/0/0,31677:1747647674916:,1747647683637
counter/5/0/0/0,31678:1747647674917:,1747647683637
counter/5/0/0/0,31679:1747647674917:,1747647683637
counter/5/0/0/0,31680:1747647674920:,1747647683637
counter/5/0/0/0,31681:1747647674920:,1747647683637
counter/5/0/0/0,31682:1747647674920:,1747647683637
counter/5/0/0/0,31683:1747647674923:,1747647683637
counter/5/0/0/0,31684:1747647674923:,1747647683637
counter/5/0/0/0,31685:1747647674923:,1747647683637
counter/5/0/0/0,31686:1747647674927:,1747647683637
counter/5/0/0/0,31687:1747647674927:,1747647683637
counter/5/0/0/0,31688:1747647674927:,1747647683637
counter/5/0/0/0,31689:1747647674927:,1747647683637
counter/5/0/0/0,31690:1747647674927:,1747647683637
counter/5/0/0/0,31691:1747647674927:,1747647683637
counter/5/0/0/0,31692:1747647674927:,1747647683637
counter/5/0/0/0,31693:1747647674927:,1747647683638
counter/5/0/0/0,31694:1747647674927:,1747647683638
counter/5/0/0/0,31695:1747647674927:,1747647683638
counter/5/0/0/0,31696:1747647674934:,1747647683638
counter/5/0/0/0,31697:1747647674934:,1747647683638
counter/5/0/0/0,31698:1747647674934:,1747647683638
counter/5/0/0/0,31699:1747647674934:,1747647683638
counter/5/0/0/0,31700:1747647674934:,1747647683638
counter/5/0/0/0,31701:1747647674934:,1747647683638
counter/5/0/0/0,31702:1747647674934:,1747647683638
counter/5/0/0/0,31703:1747647674934:,1747647683638
counter/5/0/0/0,31704:1747647674934:,1747647683638
counter/5/0/0/0,31705:1747647674934:,1747647683638
counter/5/0/0/0,31706:1747647674934:,1747647683638
counter/5/0/0/0,31707:1747647674934:,1747647683638
counter/5/0/0/0,31708:1747647674934:,1747647683638
counter/5/0/0/0,31709:1747647674934:,1747647683638
counter/5/0/0/0,31710:1747647674934:,1747647683638
counter/5/0/0/0,31711:1747647674934:,1747647683638
counter/5/0/0/0,31712:1747647674934:,1747647683638
counter/5/0/0/0,31713:1747647674935:,1747647683638
counter/5/0/0/0,31714:1747647674935:,1747647683638
counter/5/0/0/0,31715:1747647674935:,1747647683638
counter/5/0/0/0,31716:1747647674935:,1747647683638
counter/5/0/0/0,31717:1747647674935:,1747647683638
counter/5/0/0/0,31718:1747647674935:,1747647683638
counter/5/0/0/0,31719:1747647674935:,1747647683638
counter/5/0/0/0,31720:1747647674935:,1747647683638
counter/5/0/0/0,31721:1747647674935:,1747647683638
counter/5/0/0/0,31722:1747647674935:,1747647683638
counter/5/0/0/0,31723:1747647674948:,1747647683638
counter/5/0/0/0,31724:1747647674948:,1747647683638
counter/5/0/0/0,31725:1747647674948:,1747647683638
counter/5/0/0/0,31726:1747647674948:,1747647683638
counter/5/0/0/0,31727:1747647674948:,1747647683638
counter/5/0/0/0,31728:1747647674951:,1747647683638
counter/5/0/0/0,31729:1747647674951:,1747647683638
counter/5/0/0/0,31730:1747647674951:,1747647683638
counter/5/0/0/0,31731:1747647674951:,1747647683638
counter/5/0/0/0,31732:1747647674951:,1747647683638
counter/5/0/0/0,31733:1747647674951:,1747647683638
counter/5/0/0/0,31734:1747647674951:,1747647683638
counter/5/0/0/0,31735:1747647674951:,1747647683638
counter/5/0/0/0,31736:1747647674951:,1747647683639
counter/5/0/0/0,31737:1747647674951:,1747647683639
counter/5/0/0/0,31738:1747647674951:,1747647683639
counter/5/0/0/0,31739:1747647674951:,1747647683639
counter/5/0/0/0,31740:1747647674951:,1747647683639
counter/5/0/0/0,31741:1747647674951:,1747647683639
counter/5/0/0/0,31742:1747647674955:,1747647683639
counter/5/0/0/0,31743:1747647674955:,1747647683639
counter/5/0/0/0,31744:1747647674955:,1747647683639
counter/5/0/0/0,31745:1747647674960:,1747647683639
counter/5/0/0/0,31746:1747647674960:,1747647683639
counter/5/0/0/0,31747:1747647674960:,1747647683639
counter/8/0/0/0,32873:1747647676269:,1747647683639
counter/5/0/0/0,31748:1747647674960:,1747647683639
counter/3/0/0/0,26918:1747647672957:,1747647683639
counter/4/0/0/0,27278:1747647673020:,1747647683639
counter/5/0/0/0,31749:1747647674960:,1747647683639
counter/9/0/0/0,37878:1747647679022:,1747647683639
counter/5/0/0/0,31750:1747647674960:,1747647683639
counter/7/0/0/0,32696:1747647677299:,1747647683639
counter/10/0/0/0,27560:1747647671090:,1747647683639
counter/5/0/0/0,31751:1747647674960:,1747647683639
counter/6/0/0/0,32089:1747647677683:,1747647683639
counter/1/0/0/0,28265:1747647674405:,1747647683639
counter/5/0/0/0,31752:1747647674960:,1747647683639
counter/8/0/0/0,32874:1747647676269:,1747647683639
counter/5/0/0/0,31753:1747647674960:,1747647683639
counter/8/0/0/0,32875:1747647676269:,1747647683639
counter/5/0/0/0,31754:1747647674960:,1747647683639
counter/8/0/0/0,32876:1747647676269:,1747647683639
counter/5/0/0/0,31755:1747647674960:,1747647683639
counter/8/0/0/0,32877:1747647676269:,1747647683639
counter/5/0/0/0,31756:1747647674963:,1747647683639
counter/8/0/0/0,32878:1747647676269:,1747647683639
counter/5/0/0/0,31757:1747647674963:,1747647683639
counter/8/0/0/0,32879:1747647676273:,1747647683639
counter/5/0/0/0,31758:1747647674963:,1747647683639
counter/8/0/0/0,32880:1747647676274:,1747647683639
counter/5/0/0/0,31759:1747647674963:,1747647683639
counter/8/0/0/0,32881:1747647676274:,1747647683640
counter/5/0/0/0,31760:1747647674963:,1747647683640
counter/8/0/0/0,32882:1747647676274:,1747647683640
counter/5/0/0/0,31761:1747647674964:,1747647683640
counter/8/0/0/0,32883:1747647676274:,1747647683640
counter/5/0/0/0,31762:1747647674964:,1747647683640
counter/8/0/0/0,32884:1747647676274:,1747647683640
counter/5/0/0/0,31763:1747647674964:,1747647683640
counter/8/0/0/0,32885:1747647676274:,1747647683640
counter/5/0/0/0,31764:1747647674968:,1747647683640
counter/8/0/0/0,32886:1747647676274:,1747647683640
counter/5/0/0/0,31765:1747647674968:,1747647683640
counter/8/0/0/0,32887:1747647676274:,1747647683640
counter/5/0/0/0,31766:1747647674968:,1747647683640
counter/8/0/0/0,32888:1747647676274:,1747647683640
counter/1/0/0/0,28266:1747647674405:,1747647683640
counter/5/0/0/0,31767:1747647674969:,1747647683640
counter/8/0/0/0,32889:1747647676274:,1747647683640
counter/3/0/0/0,26919:1747647672957:,1747647683640
counter/4/0/0/0,27279:1747647673020:,1747647683640
counter/5/0/0/0,31768:1747647674969:,1747647683640
counter/8/0/0/0,32890:1747647676274:,1747647683640
counter/9/0/0/0,37879:1747647679023:,1747647683640
counter/10/0/0/0,27561:1747647671108:,1747647683640
counter/7/0/0/0,32697:1747647677299:,1747647683640
counter/5/0/0/0,31769:1747647674969:,1747647683640
counter/8/0/0/0,32891:1747647676275:,1747647683640
counter/4/0/0/0,27280:1747647673020:,1747647683640
counter/5/0/0/0,31770:1747647674969:,1747647683640
counter/8/0/0/0,32892:1747647676275:,1747647683640
counter/9/0/0/0,37880:1747647679023:,1747647683640
counter/10/0/0/0,27562:1747647671108:,1747647683640
counter/5/0/0/0,31771:1747647674969:,1747647683640
counter/8/0/0/0,32893:1747647676275:,1747647683640
counter/7/0/0/0,32698:1747647677299:,1747647683640
counter/5/0/0/0,31772:1747647674969:,1747647683640
counter/8/0/0/0,32894:1747647676275:,1747647683640
counter/7/0/0/0,32699:1747647677300:,1747647683640
counter/5/0/0/0,31773:1747647674969:,1747647683640
counter/8/0/0/0,32895:1747647676275:,1747647683640
counter/7/0/0/0,32700:1747647677300:,1747647683641
counter/9/0/0/0,37881:1747647679023:,1747647683641
counter/5/0/0/0,31774:1747647674969:,1747647683641
counter/8/0/0/0,32896:1747647676275:,1747647683641
counter/7/0/0/0,32701:1747647677300:,1747647683641
counter/10/0/0/0,27563:1747647671108:,1747647683641
counter/1/0/0/0,28267:1747647674405:,1747647683641
counter/5/0/0/0,31775:1747647674969:,1747647683641
counter/8/0/0/0,32897:1747647676275:,1747647683641
counter/7/0/0/0,32702:1747647677300:,1747647683641
counter/5/0/0/0,31776:1747647674969:,1747647683641
counter/8/0/0/0,32898:1747647676281:,1747647683641
counter/7/0/0/0,32703:1747647677300:,1747647683641
counter/5/0/0/0,31777:1747647674969:,1747647683641
counter/8/0/0/0,32899:1747647676281:,1747647683641
counter/7/0/0/0,32704:1747647677300:,1747647683641
counter/5/0/0/0,31778:1747647674973:,1747647683641
counter/8/0/0/0,32900:1747647676281:,1747647683641
counter/5/0/0/0,31779:1747647674973:,1747647683641
counter/8/0/0/0,32901:1747647676281:,1747647683641
counter/5/0/0/0,31780:1747647674973:,1747647683641
counter/8/0/0/0,32902:1747647676284:,1747647683641
counter/5/0/0/0,31781:1747647674973:,1747647683641
counter/8/0/0/0,32903:1747647676284:,1747647683641
counter/5/0/0/0,31782:1747647674973:,1747647683641
counter/8/0/0/0,32904:1747647676284:,1747647683641
counter/5/0/0/0,31783:1747647674973:,1747647683641
counter/8/0/0/0,32905:1747647676284:,1747647683641
counter/5/0/0/0,31784:1747647674973:,1747647683641
counter/8/0/0/0,32906:1747647676284:,1747647683641
counter/5/0/0/0,31785:1747647674973:,1747647683641
counter/8/0/0/0,32907:1747647676284:,1747647683641
counter/5/0/0/0,31786:1747647674973:,1747647683641
counter/8/0/0/0,32908:1747647676284:,1747647683641
counter/5/0/0/0,31787:1747647674973:,1747647683641
counter/8/0/0/0,32909:1747647676284:,1747647683641
counter/5/0/0/0,31788:1747647674973:,1747647683641
counter/8/0/0/0,32910:1747647676284:,1747647683641
counter/5/0/0/0,31789:1747647674973:,1747647683641
counter/8/0/0/0,32911:1747647676284:,1747647683641
counter/5/0/0/0,31790:1747647674973:,1747647683641
counter/8/0/0/0,32912:1747647676284:,1747647683642
counter/5/0/0/0,31791:1747647674973:,1747647683642
counter/8/0/0/0,32913:1747647676284:,1747647683642
counter/5/0/0/0,31792:1747647674973:,1747647683642
counter/8/0/0/0,32914:1747647676286:,1747647683642
counter/5/0/0/0,31793:1747647674976:,1747647683642
counter/8/0/0/0,32915:1747647676286:,1747647683642
counter/5/0/0/0,31794:1747647674976:,1747647683642
counter/8/0/0/0,32916:1747647676286:,1747647683642
counter/5/0/0/0,31795:1747647674976:,1747647683642
counter/8/0/0/0,32917:1747647676286:,1747647683642
counter/5/0/0/0,31796:1747647674982:,1747647683642
counter/8/0/0/0,32918:1747647676286:,1747647683642
counter/5/0/0/0,31797:1747647674982:,1747647683642
counter/8/0/0/0,32919:1747647676286:,1747647683642
counter/5/0/0/0,31798:1747647674982:,1747647683642
counter/8/0/0/0,32920:1747647676288:,1747647683642
counter/5/0/0/0,31799:1747647674982:,1747647683642
counter/8/0/0/0,32921:1747647676288:,1747647683642
counter/1/0/0/0,28268:1747647674405:,1747647683642
counter/5/0/0/0,31800:1747647674982:,1747647683642
counter/8/0/0/0,32922:1747647676288:,1747647683642
counter/7/0/0/0,32705:1747647677300:,1747647683642
counter/3/0/0/0,26920:1747647672957:,1747647683642
counter/5/0/0/0,31801:1747647674982:,1747647683642
counter/8/0/0/0,32923:1747647676288:,1747647683642
counter/4/0/0/0,27281:1747647673020:,1747647683642
counter/6/0/0/0,32090:1747647677683:,1747647683642
counter/9/0/0/0,37882:1747647679023:,1747647683642
counter/5/0/0/0,31802:1747647674982:,1747647683642
counter/8/0/0/0,32924:1747647676288:,1747647683642
counter/5/0/0/0,31803:1747647674982:,1747647683642
counter/8/0/0/0,32925:1747647676289:,1747647683642
counter/5/0/0/0,31804:1747647674982:,1747647683642
counter/8/0/0/0,32926:1747647676289:,1747647683642
counter/5/0/0/0,31805:1747647674982:,1747647683642
counter/8/0/0/0,32927:1747647676289:,1747647683642
counter/5/0/0/0,31806:1747647674982:,1747647683642
counter/8/0/0/0,32928:1747647676289:,1747647683642
counter/5/0/0/0,31807:1747647674982:,1747647683642
counter/8/0/0/0,32929:1747647676289:,1747647683642
counter/5/0/0/0,31808:1747647674983:,1747647683643
counter/8/0/0/0,32930:1747647676289:,1747647683643
counter/5/0/0/0,31809:1747647674984:,1747647683643
counter/8/0/0/0,32931:1747647676289:,1747647683643
counter/5/0/0/0,31810:1747647674984:,1747647683643
counter/8/0/0/0,32932:1747647676289:,1747647683643
counter/6/0/0/0,32091:1747647677683:,1747647683643
counter/5/0/0/0,31811:1747647674984:,1747647683643
counter/8/0/0/0,32933:1747647676289:,1747647683643
counter/9/0/0/0,37883:1747647679023:,1747647683643
counter/10/0/0/0,27564:1747647671108:,1747647683643
counter/5/0/0/0,31812:1747647674984:,1747647683643
counter/8/0/0/0,32934:1747647676308:,1747647683643
counter/1/0/0/0,28269:1747647674405:,1747647683643
counter/7/0/0/0,32706:1747647677300:,1747647683643
counter/4/0/0/0,27282:1747647673020:,1747647683643
counter/5/0/0/0,31813:1747647674984:,1747647683643
counter/8/0/0/0,32935:1747647676308:,1747647683643
counter/3/0/0/0,26921:1747647672957:,1747647683643
counter/5/0/0/0,31814:1747647674984:,1747647683643
counter/8/0/0/0,32936:1747647676308:,1747647683643
counter/5/0/0/0,31815:1747647674984:,1747647683643
counter/8/0/0/0,32937:1747647676309:,1747647683643
counter/6/0/0/0,32092:1747647677683:,1747647683643
counter/5/0/0/0,31816:1747647674984:,1747647683643
counter/8/0/0/0,32938:1747647676309:,1747647683643
counter/9/0/0/0,37884:1747647679023:,1747647683643
counter/5/0/0/0,31817:1747647674984:,1747647683643
counter/8/0/0/0,32939:1747647676309:,1747647683643
counter/10/0/0/0,27565:1747647671108:,1747647683643
counter/5/0/0/0,31818:1747647674985:,1747647683643
counter/8/0/0/0,32940:1747647676309:,1747647683643
counter/1/0/0/0,28270:1747647674405:,1747647683643
counter/7/0/0/0,32707:1747647677300:,1747647683643
counter/5/0/0/0,31819:1747647674985:,1747647683643
counter/8/0/0/0,32941:1747647676309:,1747647683643
counter/4/0/0/0,27283:1747647673020:,1747647683643
counter/5/0/0/0,31820:1747647674985:,1747647683643
counter/8/0/0/0,32942:1747647676309:,1747647683643
counter/1/0/0/0,28271:1747647674405:,1747647683643
counter/5/0/0/0,31821:1747647674985:,1747647683643
counter/8/0/0/0,32943:1747647676309:,1747647683643
counter/5/0/0/0,31822:1747647674985:,1747647683643
counter/8/0/0/0,32944:1747647676309:,1747647683643
counter/5/0/0/0,31823:1747647674985:,1747647683644
counter/8/0/0/0,32945:1747647676309:,1747647683644
counter/5/0/0/0,31824:1747647674985:,1747647683644
counter/8/0/0/0,32946:1747647676309:,1747647683644
counter/6/0/0/0,32093:1747647677683:,1747647683644
counter/5/0/0/0,31825:1747647674985:,1747647683644
counter/8/0/0/0,32947:1747647676309:,1747647683644
counter/10/0/0/0,27566:1747647671108:,1747647683644
counter/9/0/0/0,37885:1747647679023:,1747647683644
counter/5/0/0/0,31826:1747647674985:,1747647683644
counter/8/0/0/0,32948:1747647676309:,1747647683644
counter/7/0/0/0,32708:1747647677300:,1747647683644
counter/3/0/0/0,26922:1747647672957:,1747647683644
counter/4/0/0/0,27284:1747647673020:,1747647683644
counter/5/0/0/0,31827:1747647674985:,1747647683644
counter/8/0/0/0,32949:1747647676309:,1747647683644
counter/5/0/0/0,31828:1747647674985:,1747647683644
counter/8/0/0/0,32950:1747647676309:,1747647683644
counter/5/0/0/0,31829:1747647674988:,1747647683644
counter/8/0/0/0,32951:1747647676309:,1747647683644
counter/4/0/0/0,27285:1747647673020:,1747647683644
counter/5/0/0/0,31830:1747647674988:,1747647683644
counter/8/0/0/0,32952:1747647676309:,1747647683644
counter/4/0/0/0,27286:1747647673021:,1747647683644
counter/5/0/0/0,31831:1747647674988:,1747647683644
counter/8/0/0/0,32953:1747647676312:,1747647683644
counter/4/0/0/0,27287:1747647673023:,1747647683644
counter/10/0/0/0,27567:1747647671108:,1747647683644
counter/9/0/0/0,37886:1747647679023:,1747647683644
counter/7/0/0/0,32709:1747647677300:,1747647683644
counter/5/0/0/0,31832:1747647674988:,1747647683644
counter/8/0/0/0,32954:1747647676312:,1747647683644
counter/7/0/0/0,32710:1747647677300:,1747647683644
counter/5/0/0/0,31833:1747647674988:,1747647683644
counter/8/0/0/0,32955:1747647676312:,1747647683644
counter/9/0/0/0,37887:1747647679023:,1747647683644
counter/7/0/0/0,32711:1747647677302:,1747647683644
counter/5/0/0/0,31834:1747647674988:,1747647683644
counter/8/0/0/0,32956:1747647676312:,1747647683644
counter/7/0/0/0,32712:1747647677302:,1747647683644
counter/5/0/0/0,31835:1747647674988:,1747647683644
counter/8/0/0/0,32957:1747647676312:,1747647683644
counter/7/0/0/0,32713:1747647677302:,1747647683644
counter/5/0/0/0,31836:1747647674988:,1747647683644
counter/8/0/0/0,32958:1747647676312:,1747647683644
counter/7/0/0/0,32714:1747647677302:,1747647683644
counter/5/0/0/0,31837:1747647674988:,1747647683644
counter/8/0/0/0,32959:1747647676312:,1747647683645
counter/7/0/0/0,32715:1747647677302:,1747647683645
counter/5/0/0/0,31838:1747647674989:,1747647683645
counter/8/0/0/0,32960:1747647676312:,1747647683645
counter/7/0/0/0,32716:1747647677302:,1747647683645
counter/5/0/0/0,31839:1747647674989:,1747647683645
counter/8/0/0/0,32961:1747647676312:,1747647683645
counter/5/0/0/0,31840:1747647674989:,1747647683645
counter/8/0/0/0,32962:1747647676312:,1747647683645
counter/5/0/0/0,31841:1747647675000:,1747647683645
counter/8/0/0/0,32963:1747647676312:,1747647683645
counter/5/0/0/0,31842:1747647675000:,1747647683645
counter/8/0/0/0,32964:1747647676312:,1747647683645
counter/5/0/0/0,31843:1747647675000:,1747647683645
counter/8/0/0/0,32965:1747647676312:,1747647683645
counter/5/0/0/0,31844:1747647675000:,1747647683645
counter/8/0/0/0,32966:1747647676313:,1747647683645
counter/5/0/0/0,31845:1747647675000:,1747647683645
counter/8/0/0/0,32967:1747647676313:,1747647683645
counter/10/0/0/0,27568:1747647671108:,1747647683645
counter/5/0/0/0,31846:1747647675000:,1747647683645
counter/8/0/0/0,32968:1747647676313:,1747647683645
counter/6/0/0/0,32094:1747647677683:,1747647683645
counter/9/0/0/0,37888:1747647679023:,1747647683645
counter/5/0/0/0,31847:1747647675000:,1747647683645
counter/8/0/0/0,32969:1747647676313:,1747647683645
counter/7/0/0/0,32717:1747647677302:,1747647683645
counter/4/0/0/0,27288:1747647673023:,1747647683645
counter/3/0/0/0,26923:1747647672957:,1747647683645
counter/5/0/0/0,31848:1747647675008:,1747647683645
counter/8/0/0/0,32970:1747647676313:,1747647683645
counter/1/0/0/0,28272:1747647674406:,1747647683645
counter/5/0/0/0,31849:1747647675008:,1747647683645
counter/8/0/0/0,32971:1747647676315:,1747647683645
counter/5/0/0/0,31850:1747647675008:,1747647683645
counter/8/0/0/0,32972:1747647676316:,1747647683645
counter/1/0/0/0,28273:1747647674406:,1747647683645
counter/5/0/0/0,31851:1747647675008:,1747647683646
counter/8/0/0/0,32973:1747647676316:,1747647683646
counter/6/0/0/0,32095:1747647677683:,1747647683646
counter/10/0/0/0,27569:1747647671108:,1747647683646
counter/5/0/0/0,31852:1747647675008:,1747647683646
counter/8/0/0/0,32974:1747647676316:,1747647683646
counter/9/0/0/0,37889:1747647679023:,1747647683646
counter/7/0/0/0,32718:1747647677302:,1747647683646
counter/4/0/0/0,27289:1747647673023:,1747647683646
counter/5/0/0/0,31853:1747647675008:,1747647683646
counter/8/0/0/0,32975:1747647676316:,1747647683646
counter/5/0/0/0,31854:1747647675008:,1747647683646
counter/8/0/0/0,32976:1747647676316:,1747647683646
counter/5/0/0/0,31855:1747647675008:,1747647683646
counter/8/0/0/0,32977:1747647676316:,1747647683646
counter/5/0/0/0,31856:1747647675008:,1747647683646
counter/8/0/0/0,32978:1747647676316:,1747647683646
counter/5/0/0/0,31857:1747647675008:,1747647683646
counter/8/0/0/0,32979:1747647676316:,1747647683646
counter/5/0/0/0,31858:1747647675008:,1747647683646
counter/8/0/0/0,32980:1747647676316:,1747647683646
counter/5/0/0/0,31859:1747647675008:,1747647683646
counter/8/0/0/0,32981:1747647676316:,1747647683646
counter/4/0/0/0,27290:1747647673023:,1747647683646
counter/5/0/0/0,31860:1747647675008:,1747647683646
counter/8/0/0/0,32982:1747647676316:,1747647683646
counter/3/0/0/0,26924:1747647672960:,1747647683646
counter/1/0/0/0,28274:1747647674408:,1747647683646
counter/5/0/0/0,31861:1747647675008:,1747647683646
counter/8/0/0/0,32983:1747647676316:,1747647683646
counter/6/0/0/0,32096:1747647677693:,1747647683646
counter/10/0/0/0,27570:1747647671108:,1747647683646
counter/9/0/0/0,37890:1747647679023:,1747647683646
counter/5/0/0/0,31862:1747647675008:,1747647683646
counter/8/0/0/0,32984:1747647676316:,1747647683646
counter/7/0/0/0,32719:1747647677302:,1747647683646
counter/5/0/0/0,31863:1747647675008:,1747647683647
counter/8/0/0/0,32985:1747647676319:,1747647683647
counter/1/0/0/0,28275:1747647674408:,1747647683647
counter/6/0/0/0,32097:1747647677693:,1747647683647
counter/5/0/0/0,31864:1747647675018:,1747647683647
counter/8/0/0/0,32986:1747647676326:,1747647683647
counter/10/0/0/0,27571:1747647671108:,1747647683647
counter/9/0/0/0,37891:1747647679024:,1747647683647
counter/5/0/0/0,31865:1747647675018:,1747647683647
counter/8/0/0/0,32987:1747647676327:,1747647683647
counter/7/0/0/0,32720:1747647677302:,1747647683647
counter/4/0/0/0,27291:1747647673023:,1747647683647
counter/5/0/0/0,31866:1747647675018:,1747647683647
counter/8/0/0/0,32988:1747647676327:,1747647683647
counter/5/0/0/0,31867:1747647675026:,1747647683647
counter/8/0/0/0,32989:1747647676327:,1747647683647
counter/10/0/0/0,27572:1747647671108:,1747647683647
counter/9/0/0/0,37892:1747647679024:,1747647683647
counter/5/0/0/0,31868:1747647675026:,1747647683647
counter/8/0/0/0,32990:1747647676327:,1747647683647
counter/7/0/0/0,32721:1747647677302:,1747647683647
counter/4/0/0/0,27292:1747647673023:,1747647683647
counter/5/0/0/0,31869:1747647675026:,1747647683647
counter/8/0/0/0,32991:1747647676327:,1747647683647
counter/3/0/0/0,26925:1747647672960:,1747647683647
counter/1/0/0/0,28276:1747647674408:,1747647683647
counter/5/0/0/0,31870:1747647675026:,1747647683647
counter/8/0/0/0,32992:1747647676327:,1747647683647
counter/5/0/0/0,31871:1747647675026:,1747647683647
counter/8/0/0/0,32993:1747647676327:,1747647683647
counter/5/0/0/0,31872:1747647675026:,1747647683647
counter/8/0/0/0,32994:1747647676327:,1747647683647
counter/5/0/0/0,31873:1747647675026:,1747647683647
counter/8/0/0/0,32995:1747647676327:,1747647683647
counter/5/0/0/0,31874:1747647675026:,1747647683647
counter/8/0/0/0,32996:1747647676327:,1747647683647
counter/5/0/0/0,31875:1747647675026:,1747647683647
counter/8/0/0/0,32997:1747647676327:,1747647683647
counter/5/0/0/0,31876:1747647675027:,1747647683647
counter/8/0/0/0,32998:1747647676327:,1747647683647
counter/5/0/0/0,31877:1747647675029:,1747647683647
counter/8/0/0/0,32999:1747647676327:,1747647683648
counter/5/0/0/0,31878:1747647675029:,1747647683648
counter/8/0/0/0,33000:1747647676327:,1747647683648
counter/5/0/0/0,31879:1747647675041:,1747647683648
counter/8/0/0/0,33001:1747647676327:,1747647683648
counter/5/0/0/0,31880:1747647675041:,1747647683648
counter/8/0/0/0,33002:1747647676327:,1747647683648
counter/5/0/0/0,31881:1747647675042:,1747647683648
counter/8/0/0/0,33003:1747647676331:,1747647683648
counter/5/0/0/0,31882:1747647675042:,1747647683648
counter/8/0/0/0,33004:1747647676331:,1747647683648
counter/5/0/0/0,31883:1747647675046:,1747647683648
counter/8/0/0/0,33005:1747647676331:,1747647683648
counter/5/0/0/0,31884:1747647675046:,1747647683648
counter/8/0/0/0,33006:1747647676331:,1747647683648
counter/5/0/0/0,31885:1747647675046:,1747647683648
counter/8/0/0/0,33007:1747647676331:,1747647683648
counter/5/0/0/0,31886:1747647675046:,1747647683648
counter/8/0/0/0,33008:1747647676331:,1747647683648
counter/5/0/0/0,31887:1747647675047:,1747647683648
counter/8/0/0/0,33009:1747647676331:,1747647683648
counter/5/0/0/0,31888:1747647675048:,1747647683648
counter/8/0/0/0,33010:1747647676331:,1747647683648
counter/5/0/0/0,31889:1747647675064:,1747647683648
counter/8/0/0/0,33011:1747647676331:,1747647683648
counter/5/0/0/0,31890:1747647675064:,1747647683648
counter/8/0/0/0,33012:1747647676331:,1747647683648
counter/5/0/0/0,31891:1747647675064:,1747647683648
counter/8/0/0/0,33013:1747647676331:,1747647683648
counter/5/0/0/0,31892:1747647675064:,1747647683648
counter/8/0/0/0,33014:1747647676331:,1747647683648
counter/5/0/0/0,31893:1747647675065:,1747647683648
counter/8/0/0/0,33015:1747647676331:,1747647683648
counter/5/0/0/0,31894:1747647675065:,1747647683648
counter/8/0/0/0,33016:1747647676331:,1747647683648
counter/5/0/0/0,31895:1747647675065:,1747647683648
counter/8/0/0/0,33017:1747647676331:,1747647683648
counter/5/0/0/0,31896:1747647675065:,1747647683648
counter/8/0/0/0,33018:1747647676331:,1747647683649
counter/5/0/0/0,31897:1747647675065:,1747647683649
counter/8/0/0/0,33019:1747647676331:,1747647683649
counter/5/0/0/0,31898:1747647675065:,1747647683649
counter/8/0/0/0,33020:1747647676331:,1747647683649
counter/5/0/0/0,31899:1747647675065:,1747647683649
counter/8/0/0/0,33021:1747647676342:,1747647683649
counter/5/0/0/0,31900:1747647675065:,1747647683649
counter/8/0/0/0,33022:1747647676342:,1747647683649
counter/5/0/0/0,31901:1747647675065:,1747647683649
counter/8/0/0/0,33023:1747647676342:,1747647683649
counter/5/0/0/0,31902:1747647675065:,1747647683649
counter/8/0/0/0,33024:1747647676342:,1747647683649
counter/5/0/0/0,31903:1747647675065:,1747647683649
counter/8/0/0/0,33025:1747647676342:,1747647683649
counter/5/0/0/0,31904:1747647675065:,1747647683649
counter/8/0/0/0,33026:1747647676342:,1747647683649
counter/5/0/0/0,31905:1747647675065:,1747647683649
counter/8/0/0/0,33027:1747647676342:,1747647683649
counter/5/0/0/0,31906:1747647675077:,1747647683649
counter/8/0/0/0,33028:1747647676342:,1747647683649
counter/5/0/0/0,31907:1747647675077:,1747647683649
counter/8/0/0/0,33029:1747647676342:,1747647683649
counter/5/0/0/0,31908:1747647675077:,1747647683649
counter/8/0/0/0,33030:1747647676342:,1747647683649
counter/5/0/0/0,31909:1747647675077:,1747647683649
counter/8/0/0/0,33031:1747647676342:,1747647683649
counter/5/0/0/0,31910:1747647675078:,1747647683649
counter/8/0/0/0,33032:1747647676342:,1747647683649
counter/5/0/0/0,31911:1747647675078:,1747647683649
counter/8/0/0/0,33033:1747647676342:,1747647683649
counter/5/0/0/0,31912:1747647675078:,1747647683649
counter/8/0/0/0,33034:1747647676342:,1747647683649
counter/5/0/0/0,31913:1747647675078:,1747647683649
counter/8/0/0/0,33035:1747647676342:,1747647683649
counter/5/0/0/0,31914:1747647675078:,1747647683649
counter/8/0/0/0,33036:1747647676344:,1747647683649
counter/5/0/0/0,31915:1747647675086:,1747647683649
counter/8/0/0/0,33037:1747647676344:,1747647683649
counter/5/0/0/0,31916:1747647675087:,1747647683649
counter/8/0/0/0,33038:1747647676345:,1747647683649
counter/5/0/0/0,31917:1747647675091:,1747647683650
counter/8/0/0/0,33039:1747647676345:,1747647683650
counter/5/0/0/0,31918:1747647675091:,1747647683650
counter/8/0/0/0,33040:1747647676345:,1747647683650
counter/5/0/0/0,31919:1747647675091:,1747647683650
counter/8/0/0/0,33041:1747647676345:,1747647683650
counter/5/0/0/0,31920:1747647675091:,1747647683650
counter/8/0/0/0,33042:1747647676345:,1747647683650
counter/5/0/0/0,31921:1747647675091:,1747647683650
counter/8/0/0/0,33043:1747647676345:,1747647683650
counter/5/0/0/0,31922:1747647675091:,1747647683650
counter/8/0/0/0,33044:1747647676345:,1747647683650
counter/5/0/0/0,31923:1747647675091:,1747647683650
counter/8/0/0/0,33045:1747647676345:,1747647683650
counter/5/0/0/0,31924:1747647675091:,1747647683650
counter/8/0/0/0,33046:1747647676345:,1747647683650
counter/5/0/0/0,31925:1747647675091:,1747647683650
counter/8/0/0/0,33047:1747647676345:,1747647683650
counter/5/0/0/0,31926:1747647675091:,1747647683650
counter/8/0/0/0,33048:1747647676345:,1747647683650
counter/5/0/0/0,31927:1747647675091:,1747647683650
counter/8/0/0/0,33049:1747647676345:,1747647683650
counter/5/0/0/0,31928:1747647675091:,1747647683650
counter/8/0/0/0,33050:1747647676345:,1747647683650
counter/5/0/0/0,31929:1747647675091:,1747647683650
counter/8/0/0/0,33051:1747647676349:,1747647683650
counter/5/0/0/0,31930:1747647675096:,1747647683650
counter/8/0/0/0,33052:1747647676349:,1747647683650
counter/5/0/0/0,31931:1747647675096:,1747647683650
counter/8/0/0/0,33053:1747647676349:,1747647683650
counter/5/0/0/0,31932:1747647675096:,1747647683650
counter/8/0/0/0,33054:1747647676350:,1747647683650
counter/5/0/0/0,31933:1747647675096:,1747647683650
counter/8/0/0/0,33055:1747647676350:,1747647683650
counter/5/0/0/0,31934:1747647675096:,1747647683650
counter/8/0/0/0,33056:1747647676350:,1747647683650
counter/5/0/0/0,31935:1747647675096:,1747647683650
counter/8/0/0/0,33057:1747647676350:,1747647683650
counter/5/0/0/0,31936:1747647675096:,1747647683650
counter/8/0/0/0,33058:1747647676350:,1747647683651
counter/5/0/0/0,31937:1747647675096:,1747647683651
counter/8/0/0/0,33059:1747647676350:,1747647683651
counter/5/0/0/0,31938:1747647675096:,1747647683651
counter/8/0/0/0,33060:1747647676350:,1747647683651
counter/5/0/0/0,31939:1747647675096:,1747647683651
counter/8/0/0/0,33061:1747647676350:,1747647683651
counter/5/0/0/0,31940:1747647675096:,1747647683651
counter/8/0/0/0,33062:1747647676350:,1747647683651
counter/5/0/0/0,31941:1747647675096:,1747647683651
counter/8/0/0/0,33063:1747647676350:,1747647683651
counter/5/0/0/0,31942:1747647675097:,1747647683651
counter/8/0/0/0,33064:1747647676367:,1747647683651
counter/5/0/0/0,31943:1747647675097:,1747647683651
counter/8/0/0/0,33065:1747647676367:,1747647683651
counter/5/0/0/0,31944:1747647675100:,1747647683651
counter/8/0/0/0,33066:1747647676367:,1747647683651
counter/5/0/0/0,31945:1747647675100:,1747647683651
counter/8/0/0/0,33067:1747647676367:,1747647683651
counter/5/0/0/0,31946:1747647675100:,1747647683651
counter/8/0/0/0,33068:1747647676367:,1747647683651
counter/5/0/0/0,31947:1747647675100:,1747647683651
counter/8/0/0/0,33069:1747647676367:,1747647683651
counter/5/0/0/0,31948:1747647675100:,1747647683651
counter/8/0/0/0,33070:1747647676367:,1747647683651
counter/5/0/0/0,31949:1747647675100:,1747647683651
counter/8/0/0/0,33071:1747647676367:,1747647683651
counter/5/0/0/0,31950:1747647675100:,1747647683651
counter/8/0/0/0,33072:1747647676367:,1747647683651
counter/5/0/0/0,31951:1747647675100:,1747647683651
counter/8/0/0/0,33073:1747647676368:,1747647683651
counter/5/0/0/0,31952:1747647675100:,1747647683651
counter/8/0/0/0,33074:1747647676368:,1747647683651
counter/5/0/0/0,31953:1747647675100:,1747647683651
counter/8/0/0/0,33075:1747647676368:,1747647683651
counter/5/0/0/0,31954:1747647675100:,1747647683651
counter/8/0/0/0,33076:1747647676370:,1747647683651
counter/5/0/0/0,31955:1747647675100:,1747647683651
counter/8/0/0/0,33077:1747647676370:,1747647683651
counter/5/0/0/0,31956:1747647675100:,1747647683651
counter/8/0/0/0,33078:1747647676386:,1747647683651
counter/5/0/0/0,31957:1747647675100:,1747647683651
counter/8/0/0/0,33079:1747647676386:,1747647683651
counter/5/0/0/0,31958:1747647675100:,1747647683652
counter/8/0/0/0,33080:1747647676386:,1747647683652
counter/5/0/0/0,31959:1747647675100:,1747647683652
counter/8/0/0/0,33081:1747647676386:,1747647683652
counter/5/0/0/0,31960:1747647675105:,1747647683652
counter/8/0/0/0,33082:1747647676386:,1747647683652
counter/5/0/0/0,31961:1747647675106:,1747647683652
counter/8/0/0/0,33083:1747647676386:,1747647683652
counter/5/0/0/0,31962:1747647675106:,1747647683652
counter/8/0/0/0,33084:1747647676386:,1747647683652
counter/5/0/0/0,31963:1747647675106:,1747647683652
counter/8/0/0/0,33085:1747647676386:,1747647683652
counter/5/0/0/0,31964:1747647675106:,1747647683652
counter/8/0/0/0,33086:1747647676386:,1747647683652
counter/7/0/0/0,32722:1747647677302:,1747647683652
counter/5/0/0/0,31965:1747647675106:,1747647683652
counter/8/0/0/0,33087:1747647676386:,1747647683652
counter/3/0/0/0,26926:1747647672960:,1747647683652
counter/1/0/0/0,28277:1747647674408:,1747647683652
counter/5/0/0/0,31966:1747647675106:,1747647683652
counter/8/0/0/0,33088:1747647676393:,1747647683652
counter/1/0/0/0,28278:1747647674408:,1747647683652
counter/10/0/0/0,27573:1747647671108:,1747647683652
counter/5/0/0/0,31967:1747647675106:,1747647683652
counter/8/0/0/0,33089:1747647676393:,1747647683652
counter/1/0/0/0,28279:1747647674408:,1747647683652
counter/5/0/0/0,31968:1747647675106:,1747647683652
counter/8/0/0/0,33090:1747647676422:,1747647683652
counter/1/0/0/0,28280:1747647674408:,1747647683652
counter/6/0/0/0,32098:1747647677693:,1747647683652
counter/9/0/0/0,37893:1747647679024:,1747647683652
counter/5/0/0/0,31969:1747647675106:,1747647683652
counter/8/0/0/0,33091:1747647676422:,1747647683652
counter/1/0/0/0,28281:1747647674408:,1747647683652
counter/5/0/0/0,31970:1747647675106:,1747647683652
counter/8/0/0/0,33092:1747647676422:,1747647683652
counter/1/0/0/0,28282:1747647674408:,1747647683652
counter/5/0/0/0,31971:1747647675106:,1747647683652
counter/8/0/0/0,33093:1747647676422:,1747647683652
counter/1/0/0/0,28283:1747647674411:,1747647683653
counter/5/0/0/0,31972:1747647675106:,1747647683653
counter/8/0/0/0,33094:1747647676422:,1747647683653
counter/1/0/0/0,28284:1747647674411:,1747647683653
counter/7/0/0/0,32723:1747647677304:,1747647683653
counter/5/0/0/0,31973:1747647675106:,1747647683653
counter/8/0/0/0,33095:1747647676422:,1747647683653
counter/1/0/0/0,28285:1747647674411:,1747647683653
counter/5/0/0/0,31974:1747647675107:,1747647683653
counter/8/0/0/0,33096:1747647676422:,1747647683653
counter/1/0/0/0,28286:1747647674412:,1747647683653
counter/5/0/0/0,31975:1747647675110:,1747647683653
counter/8/0/0/0,33097:1747647676422:,1747647683653
counter/1/0/0/0,28287:1747647674412:,1747647683653
counter/10/0/0/0,27574:1747647671108:,1747647683653
counter/5/0/0/0,31976:1747647675116:,1747647683653
counter/8/0/0/0,33098:1747647676422:,1747647683653
counter/1/0/0/0,28288:1747647674412:,1747647683653
counter/5/0/0/0,31977:1747647675122:,1747647683653
counter/8/0/0/0,33099:1747647676423:,1747647683653
counter/1/0/0/0,28289:1747647674412:,1747647683653
counter/5/0/0/0,31978:1747647675122:,1747647683653
counter/8/0/0/0,33100:1747647676423:,1747647683653
counter/1/0/0/0,28290:1747647674412:,1747647683653
counter/5/0/0/0,31979:1747647675122:,1747647683653
counter/8/0/0/0,33101:1747647676423:,1747647683653
counter/1/0/0/0,28291:1747647674412:,1747647683653
counter/5/0/0/0,31980:1747647675122:,1747647683653
counter/8/0/0/0,33102:1747647676423:,1747647683653
counter/1/0/0/0,28292:1747647674412:,1747647683653
counter/5/0/0/0,31981:1747647675122:,1747647683653
counter/8/0/0/0,33103:1747647676423:,1747647683653
counter/4/0/0/0,27293:1747647673023:,1747647683653
counter/5/0/0/0,31982:1747647675126:,1747647683653
counter/8/0/0/0,33104:1747647676423:,1747647683653
counter/4/0/0/0,27294:1747647673023:,1747647683653
counter/10/0/0/0,27575:1747647671109:,1747647683653
counter/7/0/0/0,32724:1747647677304:,1747647683653
counter/5/0/0/0,31983:1747647675126:,1747647683653
counter/8/0/0/0,33105:1747647676425:,1747647683653
counter/9/0/0/0,37894:1747647679037:,1747647683653
counter/3/0/0/0,26927:1747647672960:,1747647683653
counter/5/0/0/0,31984:1747647675126:,1747647683653
counter/8/0/0/0,33106:1747647676429:,1747647683653
counter/7/0/0/0,32725:1747647677304:,1747647683653
counter/5/0/0/0,31985:1747647675126:,1747647683653
counter/8/0/0/0,33107:1747647676429:,1747647683654
counter/9/0/0/0,37895:1747647679037:,1747647683654
counter/3/0/0/0,26928:1747647672965:,1747647683654
counter/5/0/0/0,31986:1747647675126:,1747647683654
counter/8/0/0/0,33108:1747647676431:,1747647683654
counter/6/0/0/0,32099:1747647677693:,1747647683654
counter/4/0/0/0,27295:1747647673023:,1747647683654
counter/5/0/0/0,31987:1747647675137:,1747647683654
counter/8/0/0/0,33109:1747647676433:,1747647683654
counter/4/0/0/0,27296:1747647673023:,1747647683654
counter/5/0/0/0,31988:1747647675137:,1747647683654
counter/8/0/0/0,33110:1747647676433:,1747647683654
counter/4/0/0/0,27297:1747647673023:,1747647683654
counter/3/0/0/0,26929:1747647672965:,1747647683654
counter/5/0/0/0,31989:1747647675137:,1747647683654
counter/8/0/0/0,33111:1747647676433:,1747647683654
counter/4/0/0/0,27298:1747647673023:,1747647683654
counter/6/0/0/0,32100:1747647677693:,1747647683654
counter/5/0/0/0,31990:1747647675152:,1747647683654
counter/8/0/0/0,33112:1747647676433:,1747647683654
counter/4/0/0/0,27299:1747647673024:,1747647683654
counter/5/0/0/0,31991:1747647675152:,1747647683654
counter/8/0/0/0,33113:1747647676433:,1747647683654
counter/4/0/0/0,27300:1747647673024:,1747647683654
counter/5/0/0/0,31992:1747647675152:,1747647683654
counter/8/0/0/0,33114:1747647676433:,1747647683654
counter/4/0/0/0,27301:1747647673024:,1747647683654
counter/5/0/0/0,31993:1747647675152:,1747647683654
counter/8/0/0/0,33115:1747647676433:,1747647683654
counter/5/0/0/0,31994:1747647675152:,1747647683654
counter/8/0/0/0,33116:1747647676438:,1747647683654
counter/5/0/0/0,31995:1747647675152:,1747647683654
counter/8/0/0/0,33117:1747647676440:,1747647683654
counter/5/0/0/0,31996:1747647675152:,1747647683654
counter/8/0/0/0,33118:1747647676446:,1747647683654
counter/5/0/0/0,31997:1747647675153:,1747647683654
counter/8/0/0/0,33119:1747647676446:,1747647683654
counter/5/0/0/0,31998:1747647675154:,1747647683654
counter/8/0/0/0,33120:1747647676450:,1747647683654
counter/5/0/0/0,31999:1747647675154:,1747647683654
counter/8/0/0/0,33121:1747647676453:,1747647683655
counter/5/0/0/0,32000:1747647675154:,1747647683655
counter/8/0/0/0,33122:1747647676453:,1747647683655
counter/5/0/0/0,32001:1747647675154:,1747647683655
counter/8/0/0/0,33123:1747647676453:,1747647683655
counter/5/0/0/0,32002:1747647675154:,1747647683655
counter/8/0/0/0,33124:1747647676453:,1747647683655
counter/5/0/0/0,32003:1747647675154:,1747647683655
counter/8/0/0/0,33125:1747647676453:,1747647683655
counter/5/0/0/0,32004:1747647675154:,1747647683655
counter/8/0/0/0,33126:1747647676453:,1747647683655
counter/5/0/0/0,32005:1747647675154:,1747647683655
counter/8/0/0/0,33127:1747647676453:,1747647683655
counter/5/0/0/0,32006:1747647675154:,1747647683655
counter/8/0/0/0,33128:1747647676453:,1747647683655
counter/5/0/0/0,32007:1747647675154:,1747647683655
counter/8/0/0/0,33129:1747647676453:,1747647683655
counter/5/0/0/0,32008:1747647675154:,1747647683655
counter/8/0/0/0,33130:1747647676453:,1747647683655
counter/5/0/0/0,32009:1747647675154:,1747647683655
counter/8/0/0/0,33131:1747647676454:,1747647683655
counter/5/0/0/0,32010:1747647675154:,1747647683655
counter/8/0/0/0,33132:1747647676454:,1747647683655
counter/5/0/0/0,32011:1747647675154:,1747647683655
counter/8/0/0/0,33133:1747647676454:,1747647683655
counter/5/0/0/0,32012:1747647675154:,1747647683655
counter/8/0/0/0,33134:1747647676454:,1747647683655
counter/5/0/0/0,32013:1747647675154:,1747647683655
counter/8/0/0/0,33135:1747647676454:,1747647683655
counter/5/0/0/0,32014:1747647675154:,1747647683655
counter/8/0/0/0,33136:1747647676454:,1747647683655
counter/5/0/0/0,32015:1747647675154:,1747647683655
counter/8/0/0/0,33137:1747647676454:,1747647683655
counter/5/0/0/0,32016:1747647675154:,1747647683655
counter/8/0/0/0,33138:1747647676454:,1747647683655
counter/5/0/0/0,32017:1747647675154:,1747647683655
counter/8/0/0/0,33139:1747647676459:,1747647683655
counter/5/0/0/0,32018:1747647675154:,1747647683655
counter/8/0/0/0,33140:1747647676459:,1747647683655
counter/5/0/0/0,32019:1747647675154:,1747647683655
counter/8/0/0/0,33141:1747647676459:,1747647683655
counter/5/0/0/0,32020:1747647675154:,1747647683655
counter/8/0/0/0,33142:1747647676459:,1747647683655
counter/5/0/0/0,32021:1747647675155:,1747647683655
counter/8/0/0/0,33143:1747647676459:,1747647683655
counter/5/0/0/0,32022:1747647675155:,1747647683656
counter/8/0/0/0,33144:1747647676462:,1747647683656
counter/5/0/0/0,32023:1747647675155:,1747647683656
counter/8/0/0/0,33145:1747647676462:,1747647683656
counter/5/0/0/0,32024:1747647675155:,1747647683656
counter/8/0/0/0,33146:1747647676462:,1747647683656
counter/5/0/0/0,32025:1747647675155:,1747647683656
counter/8/0/0/0,33147:1747647676462:,1747647683656
counter/5/0/0/0,32026:1747647675155:,1747647683656
counter/8/0/0/0,33148:1747647676462:,1747647683656
counter/5/0/0/0,32027:1747647675155:,1747647683656
counter/8/0/0/0,33149:1747647676462:,1747647683656
counter/5/0/0/0,32028:1747647675155:,1747647683656
counter/8/0/0/0,33150:1747647676462:,1747647683656
counter/5/0/0/0,32029:1747647675155:,1747647683656
counter/8/0/0/0,33151:1747647676462:,1747647683656
counter/5/0/0/0,32030:1747647675155:,1747647683656
counter/8/0/0/0,33152:1747647676462:,1747647683656
counter/5/0/0/0,32031:1747647675155:,1747647683656
counter/8/0/0/0,33153:1747647676467:,1747647683656
counter/5/0/0/0,32032:1747647675155:,1747647683656
counter/8/0/0/0,33154:1747647676467:,1747647683656
counter/5/0/0/0,32033:1747647675155:,1747647683656
counter/8/0/0/0,33155:1747647676467:,1747647683656
counter/5/0/0/0,32034:1747647675155:,1747647683656
counter/8/0/0/0,33156:1747647676467:,1747647683656
counter/5/0/0/0,32035:1747647675162:,1747647683656
counter/8/0/0/0,33157:1747647676467:,1747647683656
counter/5/0/0/0,32036:1747647675162:,1747647683656
counter/8/0/0/0,33158:1747647676467:,1747647683656
counter/5/0/0/0,32037:1747647675162:,1747647683656
counter/8/0/0/0,33159:1747647676467:,1747647683656
counter/5/0/0/0,32038:1747647675162:,1747647683656
counter/8/0/0/0,33160:1747647676467:,1747647683656
counter/5/0/0/0,32039:1747647675162:,1747647683656
counter/8/0/0/0,33161:1747647676469:,1747647683656
counter/5/0/0/0,32040:1747647675162:,1747647683656
counter/8/0/0/0,33162:1747647676469:,1747647683656
counter/5/0/0/0,32041:1747647675162:,1747647683656
counter/8/0/0/0,33163:1747647676469:,1747647683656
counter/5/0/0/0,32042:1747647675162:,1747647683656
counter/8/0/0/0,33164:1747647676469:,1747647683656
counter/5/0/0/0,32043:1747647675162:,1747647683656
counter/8/0/0/0,33165:1747647676469:,1747647683656
counter/5/0/0/0,32044:1747647675162:,1747647683656
counter/8/0/0/0,33166:1747647676469:,1747647683656
counter/5/0/0/0,32045:1747647675166:,1747647683656
counter/8/0/0/0,33167:1747647676489:,1747647683656
counter/5/0/0/0,32046:1747647675166:,1747647683657
counter/8/0/0/0,33168:1747647676489:,1747647683657
counter/5/0/0/0,32047:1747647675166:,1747647683657
counter/8/0/0/0,33169:1747647676489:,1747647683657
counter/5/0/0/0,32048:1747647675166:,1747647683657
counter/8/0/0/0,33170:1747647676490:,1747647683657
counter/5/0/0/0,32049:1747647675166:,1747647683657
counter/8/0/0/0,33171:1747647676490:,1747647683657
counter/5/0/0/0,32050:1747647675166:,1747647683657
counter/8/0/0/0,33172:1747647676490:,1747647683657
counter/5/0/0/0,32051:1747647675166:,1747647683657
counter/8/0/0/0,33173:1747647676490:,1747647683657
counter/5/0/0/0,32052:1747647675166:,1747647683657
counter/8/0/0/0,33174:1747647676490:,1747647683657
counter/5/0/0/0,32053:1747647675166:,1747647683657
counter/8/0/0/0,33175:1747647676490:,1747647683657
counter/5/0/0/0,32054:1747647675166:,1747647683657
counter/8/0/0/0,33176:1747647676496:,1747647683657
counter/5/0/0/0,32055:1747647675167:,1747647683657
counter/8/0/0/0,33177:1747647676496:,1747647683657
counter/5/0/0/0,32056:1747647675167:,1747647683657
counter/8/0/0/0,33178:1747647676496:,1747647683657
counter/5/0/0/0,32057:1747647675167:,1747647683657
counter/8/0/0/0,33179:1747647676496:,1747647683657
counter/5/0/0/0,32058:1747647675167:,1747647683657
counter/8/0/0/0,33180:1747647676496:,1747647683657
counter/5/0/0/0,32059:1747647675167:,1747647683657
counter/8/0/0/0,33181:1747647676496:,1747647683657
counter/5/0/0/0,32060:1747647675167:,1747647683657
counter/8/0/0/0,33182:1747647676496:,1747647683657
counter/5/0/0/0,32061:1747647675167:,1747647683657
counter/8/0/0/0,33183:1747647676498:,1747647683657
counter/5/0/0/0,32062:1747647675169:,1747647683657
counter/8/0/0/0,33184:1747647676499:,1747647683657
counter/5/0/0/0,32063:1747647675170:,1747647683657
counter/8/0/0/0,33185:1747647676500:,1747647683657
counter/5/0/0/0,32064:1747647675170:,1747647683657
counter/8/0/0/0,33186:1747647676500:,1747647683657
counter/5/0/0/0,32065:1747647675170:,1747647683657
counter/8/0/0/0,33187:1747647676500:,1747647683658
counter/5/0/0/0,32066:1747647675170:,1747647683658
counter/8/0/0/0,33188:1747647676500:,1747647683658
counter/5/0/0/0,32067:1747647675176:,1747647683658
counter/8/0/0/0,33189:1747647676500:,1747647683658
counter/5/0/0/0,32068:1747647675176:,1747647683658
counter/8/0/0/0,33190:1747647676500:,1747647683658
counter/5/0/0/0,32069:1747647675176:,1747647683658
counter/8/0/0/0,33191:1747647676500:,1747647683658
counter/5/0/0/0,32070:1747647675176:,1747647683658
counter/8/0/0/0,33192:1747647676500:,1747647683658
counter/5/0/0/0,32071:1747647675176:,1747647683658
counter/8/0/0/0,33193:1747647676500:,1747647683658
counter/5/0/0/0,32072:1747647675176:,1747647683658
counter/8/0/0/0,33194:1747647676500:,1747647683658
counter/5/0/0/0,32073:1747647675177:,1747647683658
counter/8/0/0/0,33195:1747647676500:,1747647683658
counter/5/0/0/0,32074:1747647675177:,1747647683658
counter/8/0/0/0,33196:1747647676500:,1747647683658
counter/5/0/0/0,32075:1747647675177:,1747647683658
counter/8/0/0/0,33197:1747647676500:,1747647683658
counter/5/0/0/0,32076:1747647675177:,1747647683658
counter/8/0/0/0,33198:1747647676500:,1747647683658
counter/5/0/0/0,32077:1747647675177:,1747647683658
counter/8/0/0/0,33199:1747647676506:,1747647683658
counter/5/0/0/0,32078:1747647675177:,1747647683658
counter/8/0/0/0,33200:1747647676506:,1747647683658
counter/5/0/0/0,32079:1747647675177:,1747647683658
counter/8/0/0/0,33201:1747647676506:,1747647683658
counter/5/0/0/0,32080:1747647675178:,1747647683658
counter/8/0/0/0,33202:1747647676506:,1747647683658
counter/5/0/0/0,32081:1747647675178:,1747647683658
counter/8/0/0/0,33203:1747647676506:,1747647683658
counter/5/0/0/0,32082:1747647675178:,1747647683658
counter/8/0/0/0,33204:1747647676506:,1747647683658
counter/5/0/0/0,32083:1747647675185:,1747647683658
counter/8/0/0/0,33205:1747647676518:,1747647683658
counter/5/0/0/0,32084:1747647675185:,1747647683658
counter/8/0/0/0,33206:1747647676518:,1747647683658
counter/5/0/0/0,32085:1747647675185:,1747647683658
counter/8/0/0/0,33207:1747647676518:,1747647683659
counter/5/0/0/0,32086:1747647675185:,1747647683659
counter/8/0/0/0,33208:1747647676518:,1747647683659
counter/5/0/0/0,32087:1747647675185:,1747647683659
counter/8/0/0/0,33209:1747647676518:,1747647683659
counter/10/0/0/0,27576:1747647671109:,1747647683659
counter/5/0/0/0,32088:1747647675185:,1747647683659
counter/8/0/0/0,33210:1747647676518:,1747647683659
counter/6/0/0/0,32101:1747647677693:,1747647683659
counter/9/0/0/0,37896:1747647679037:,1747647683659
counter/5/0/0/0,32089:1747647675186:,1747647683659
counter/8/0/0/0,33211:1747647676518:,1747647683659
counter/3/0/0/0,26930:1747647672968:,1747647683659
counter/7/0/0/0,32726:1747647677304:,1747647683659
counter/5/0/0/0,32090:1747647675186:,1747647683659
counter/8/0/0/0,33212:1747647676518:,1747647683659
counter/4/0/0/0,27302:1747647673024:,1747647683659
counter/5/0/0/0,32091:1747647675192:,1747647683659
counter/8/0/0/0,33213:1747647676518:,1747647683659
counter/5/0/0/0,32092:1747647675192:,1747647683659
counter/8/0/0/0,33214:1747647676518:,1747647683659
counter/5/0/0/0,32093:1747647675192:,1747647683659
counter/8/0/0/0,33215:1747647676518:,1747647683659
counter/5/0/0/0,32094:1747647675192:,1747647683659
counter/8/0/0/0,33216:1747647676521:,1747647683659
counter/5/0/0/0,32095:1747647675192:,1747647683659
counter/8/0/0/0,33217:1747647676521:,1747647683659
counter/5/0/0/0,32096:1747647675192:,1747647683659
counter/8/0/0/0,33218:1747647676521:,1747647683659
counter/5/0/0/0,32097:1747647675192:,1747647683659
counter/8/0/0/0,33219:1747647676521:,1747647683659
counter/5/0/0/0,32098:1747647675192:,1747647683659
counter/8/0/0/0,33220:1747647676522:,1747647683659
counter/5/0/0/0,32099:1747647675192:,1747647683659
counter/8/0/0/0,33221:1747647676522:,1747647683659
counter/5/0/0/0,32100:1747647675192:,1747647683659
counter/8/0/0/0,33222:1747647676522:,1747647683660
counter/5/0/0/0,32101:1747647675192:,1747647683660
counter/8/0/0/0,33223:1747647676522:,1747647683660
counter/5/0/0/0,32102:1747647675202:,1747647683660
counter/8/0/0/0,33224:1747647676522:,1747647683660
counter/5/0/0/0,32103:1747647675202:,1747647683660
counter/8/0/0/0,33225:1747647676522:,1747647683660
counter/10/0/0/0,27577:1747647671109:,1747647683660
counter/5/0/0/0,32104:1747647675202:,1747647683660
counter/8/0/0/0,33226:1747647676522:,1747647683660
counter/3/0/0/0,26931:1747647672968:,1747647683660
counter/7/0/0/0,32727:1747647677305:,1747647683660
counter/5/0/0/0,32105:1747647675202:,1747647683660
counter/8/0/0/0,33227:1747647676522:,1747647683660
counter/4/0/0/0,27303:1747647673024:,1747647683660
counter/5/0/0/0,32106:1747647675206:,1747647683660
counter/8/0/0/0,33228:1747647676522:,1747647683660
counter/4/0/0/0,27304:1747647673030:,1747647683660
counter/5/0/0/0,32107:1747647675206:,1747647683660
counter/8/0/0/0,33229:1747647676522:,1747647683660
counter/4/0/0/0,27305:1747647673030:,1747647683660
counter/5/0/0/0,32108:1747647675206:,1747647683660
counter/8/0/0/0,33230:1747647676525:,1747647683660
counter/4/0/0/0,27306:1747647673030:,1747647683660
counter/5/0/0/0,32109:1747647675206:,1747647683660
counter/8/0/0/0,33231:1747647676525:,1747647683660
counter/4/0/0/0,27307:1747647673030:,1747647683660
counter/5/0/0/0,32110:1747647675206:,1747647683660
counter/8/0/0/0,33232:1747647676525:,1747647683660
counter/4/0/0/0,27308:1747647673030:,1747647683660
counter/5/0/0/0,32111:1747647675206:,1747647683660
counter/8/0/0/0,33233:1747647676525:,1747647683660
counter/4/0/0/0,27309:1747647673030:,1747647683660
counter/5/0/0/0,32112:1747647675206:,1747647683660
counter/8/0/0/0,33234:1747647676525:,1747647683660
counter/4/0/0/0,27310:1747647673030:,1747647683660
counter/5/0/0/0,32113:1747647675206:,1747647683660
counter/8/0/0/0,33235:1747647676525:,1747647683660
counter/4/0/0/0,27311:1747647673031:,1747647683660
counter/5/0/0/0,32114:1747647675206:,1747647683660
counter/8/0/0/0,33236:1747647676525:,1747647683660
counter/4/0/0/0,27312:1747647673031:,1747647683660
counter/9/0/0/0,37897:1747647679037:,1747647683660
counter/5/0/0/0,32115:1747647675206:,1747647683660
counter/8/0/0/0,33237:1747647676526:,1747647683660
counter/4/0/0/0,27313:1747647673031:,1747647683661
counter/10/0/0/0,27578:1747647671109:,1747647683661
counter/5/0/0/0,32116:1747647675217:,1747647683661
counter/8/0/0/0,33238:1747647676526:,1747647683661
counter/4/0/0/0,27314:1747647673031:,1747647683661
counter/5/0/0/0,32117:1747647675217:,1747647683661
counter/8/0/0/0,33239:1747647676526:,1747647683661
counter/4/0/0/0,27315:1747647673031:,1747647683661
counter/5/0/0/0,32118:1747647675217:,1747647683661
counter/8/0/0/0,33240:1747647676536:,1747647683661
counter/4/0/0/0,27316:1747647673033:,1747647683661
counter/5/0/0/0,32119:1747647675217:,1747647683661
counter/8/0/0/0,33241:1747647676542:,1747647683661
counter/4/0/0/0,27317:1747647673033:,1747647683661
counter/5/0/0/0,32120:1747647675217:,1747647683661
counter/8/0/0/0,33242:1747647676542:,1747647683661
counter/4/0/0/0,27318:1747647673033:,1747647683661
counter/5/0/0/0,32121:1747647675217:,1747647683661
counter/8/0/0/0,33243:1747647676542:,1747647683661
counter/4/0/0/0,27319:1747647673033:,1747647683661
counter/5/0/0/0,32122:1747647675217:,1747647683661
counter/8/0/0/0,33244:1747647676542:,1747647683661
counter/4/0/0/0,27320:1747647673033:,1747647683661
counter/5/0/0/0,32123:1747647675217:,1747647683661
counter/8/0/0/0,33245:1747647676542:,1747647683661
counter/4/0/0/0,27321:1747647673033:,1747647683661
counter/5/0/0/0,32124:1747647675217:,1747647683661
counter/8/0/0/0,33246:1747647676542:,1747647683661
counter/4/0/0/0,27322:1747647673033:,1747647683661
counter/5/0/0/0,32125:1747647675217:,1747647683661
counter/8/0/0/0,33247:1747647676542:,1747647683661
counter/4/0/0/0,27323:1747647673033:,1747647683661
counter/5/0/0/0,32126:1747647675217:,1747647683661
counter/8/0/0/0,33248:1747647676546:,1747647683661
counter/4/0/0/0,27324:1747647673033:,1747647683661
counter/5/0/0/0,32127:1747647675218:,1747647683661
counter/8/0/0/0,33249:1747647676547:,1747647683661
counter/4/0/0/0,27325:1747647673033:,1747647683661
counter/5/0/0/0,32128:1747647675218:,1747647683661
counter/8/0/0/0,33250:1747647676551:,1747647683661
counter/4/0/0/0,27326:1747647673033:,1747647683661
counter/5/0/0/0,32129:1747647675221:,1747647683662
counter/8/0/0/0,33251:1747647676551:,1747647683662
counter/4/0/0/0,27327:1747647673033:,1747647683662
counter/5/0/0/0,32130:1747647675221:,1747647683662
counter/8/0/0/0,33252:1747647676551:,1747647683662
counter/5/0/0/0,32131:1747647675221:,1747647683662
counter/8/0/0/0,33253:1747647676552:,1747647683662
counter/5/0/0/0,32132:1747647675221:,1747647683662
counter/8/0/0/0,33254:1747647676552:,1747647683662
counter/5/0/0/0,32133:1747647675221:,1747647683662
counter/8/0/0/0,33255:1747647676552:,1747647683662
counter/5/0/0/0,32134:1747647675221:,1747647683662
counter/8/0/0/0,33256:1747647676552:,1747647683662
counter/5/0/0/0,32135:1747647675223:,1747647683662
counter/8/0/0/0,33257:1747647676552:,1747647683662
counter/5/0/0/0,32136:1747647675223:,1747647683662
counter/8/0/0/0,33258:1747647676552:,1747647683662
counter/5/0/0/0,32137:1747647675223:,1747647683662
counter/8/0/0/0,33259:1747647676552:,1747647683662
counter/5/0/0/0,32138:1747647675223:,1747647683662
counter/8/0/0/0,33260:1747647676552:,1747647683662
counter/5/0/0/0,32139:1747647675223:,1747647683662
counter/8/0/0/0,33261:1747647676565:,1747647683662
counter/5/0/0/0,32140:1747647675224:,1747647683662
counter/8/0/0/0,33262:1747647676569:,1747647683662
counter/5/0/0/0,32141:1747647675224:,1747647683662
counter/8/0/0/0,33263:1747647676577:,1747647683662
counter/1/0/0/0,28293:1747647674412:,1747647683662
counter/5/0/0/0,32142:1747647675224:,1747647683662
counter/8/0/0/0,33264:1747647676577:,1747647683662
counter/9/0/0/0,37898:1747647679037:,1747647683662
counter/10/0/0/0,27579:1747647671109:,1747647683662
counter/3/0/0/0,26932:1747647672968:,1747647683662
counter/5/0/0/0,32143:1747647675224:,1747647683662
counter/8/0/0/0,33265:1747647676577:,1747647683662
counter/6/0/0/0,32102:1747647677693:,1747647683663
counter/4/0/0/0,27328:1747647673033:,1747647683663
counter/7/0/0/0,32728:1747647677305:,1747647683663
counter/5/0/0/0,32144:1747647675224:,1747647683663
counter/8/0/0/0,33266:1747647676578:,1747647683663
counter/5/0/0/0,32145:1747647675224:,1747647683663
counter/8/0/0/0,33267:1747647676578:,1747647683663
counter/5/0/0/0,32146:1747647675224:,1747647683663
counter/8/0/0/0,33268:1747647676578:,1747647683663
counter/5/0/0/0,32147:1747647675224:,1747647683663
counter/8/0/0/0,33269:1747647676578:,1747647683663
counter/5/0/0/0,32148:1747647675232:,1747647683663
counter/8/0/0/0,33270:1747647676578:,1747647683663
counter/5/0/0/0,32149:1747647675232:,1747647683663
counter/8/0/0/0,33271:1747647676578:,1747647683663
counter/5/0/0/0,32150:1747647675232:,1747647683663
counter/8/0/0/0,33272:1747647676578:,1747647683663
counter/5/0/0/0,32151:1747647675232:,1747647683663
counter/8/0/0/0,33273:1747647676578:,1747647683663
counter/5/0/0/0,32152:1747647675232:,1747647683663
counter/8/0/0/0,33274:1747647676578:,1747647683663
counter/5/0/0/0,32153:1747647675232:,1747647683663
counter/8/0/0/0,33275:1747647676578:,1747647683663
counter/5/0/0/0,32154:1747647675232:,1747647683663
counter/8/0/0/0,33276:1747647676578:,1747647683663
counter/4/0/0/0,27329:1747647673034:,1747647683663
counter/5/0/0/0,32155:1747647675233:,1747647683663
counter/8/0/0/0,33277:1747647676604:,1747647683663
counter/4/0/0/0,27330:1747647673034:,1747647683663
counter/5/0/0/0,32156:1747647675233:,1747647683663
counter/8/0/0/0,33278:1747647676604:,1747647683663
counter/4/0/0/0,27331:1747647673034:,1747647683663
counter/9/0/0/0,37899:1747647679037:,1747647683663
counter/3/0/0/0,26933:1747647672968:,1747647683663
counter/5/0/0/0,32157:1747647675252:,1747647683663
counter/8/0/0/0,33279:1747647676604:,1747647683663
counter/6/0/0/0,32103:1747647677693:,1747647683663
counter/5/0/0/0,32158:1747647675252:,1747647683663
counter/8/0/0/0,33280:1747647676604:,1747647683663
counter/5/0/0/0,32159:1747647675254:,1747647683664
counter/8/0/0/0,33281:1747647676604:,1747647683664
counter/5/0/0/0,32160:1747647675254:,1747647683664
counter/8/0/0/0,33282:1747647676604:,1747647683664
counter/5/0/0/0,32161:1747647675254:,1747647683664
counter/8/0/0/0,33283:1747647676604:,1747647683664
counter/5/0/0/0,32162:1747647675255:,1747647683664
counter/8/0/0/0,33284:1747647676604:,1747647683664
counter/5/0/0/0,32163:1747647675255:,1747647683664
counter/8/0/0/0,33285:1747647676604:,1747647683664
counter/5/0/0/0,32164:1747647675255:,1747647683664
counter/8/0/0/0,33286:1747647676604:,1747647683664
counter/5/0/0/0,32165:1747647675255:,1747647683664
counter/8/0/0/0,33287:1747647676604:,1747647683664
counter/5/0/0/0,32166:1747647675255:,1747647683664
counter/8/0/0/0,33288:1747647676604:,1747647683664
counter/5/0/0/0,32167:1747647675255:,1747647683664
counter/8/0/0/0,33289:1747647676604:,1747647683664
counter/5/0/0/0,32168:1747647675255:,1747647683664
counter/8/0/0/0,33290:1747647676606:,1747647683664
counter/5/0/0/0,32169:1747647675255:,1747647683664
counter/8/0/0/0,33291:1747647676606:,1747647683664
counter/5/0/0/0,32170:1747647675264:,1747647683664
counter/8/0/0/0,33292:1747647676606:,1747647683664
counter/5/0/0/0,32171:1747647675264:,1747647683664
counter/8/0/0/0,33293:1747647676609:,1747647683664
counter/5/0/0/0,32172:1747647675265:,1747647683664
counter/8/0/0/0,33294:1747647676609:,1747647683664
counter/5/0/0/0,32173:1747647675265:,1747647683664
counter/8/0/0/0,33295:1747647676609:,1747647683664
counter/5/0/0/0,32174:1747647675265:,1747647683664
counter/8/0/0/0,33296:1747647676609:,1747647683664
counter/5/0/0/0,32175:1747647675265:,1747647683664
counter/8/0/0/0,33297:1747647676609:,1747647683664
counter/5/0/0/0,32176:1747647675265:,1747647683664
counter/8/0/0/0,33298:1747647676611:,1747647683664
counter/5/0/0/0,32177:1747647675265:,1747647683664
counter/8/0/0/0,33299:1747647676613:,1747647683665
counter/5/0/0/0,32178:1747647675265:,1747647683665
counter/8/0/0/0,33300:1747647676613:,1747647683665
counter/5/0/0/0,32179:1747647675265:,1747647683665
counter/8/0/0/0,33301:1747647676613:,1747647683665
counter/5/0/0/0,32180:1747647675265:,1747647683665
counter/8/0/0/0,33302:1747647676613:,1747647683665
counter/5/0/0/0,32181:1747647675265:,1747647683665
counter/8/0/0/0,33303:1747647676613:,1747647683665
counter/5/0/0/0,32182:1747647675265:,1747647683665
counter/8/0/0/0,33304:1747647676613:,1747647683665
counter/5/0/0/0,32183:1747647675265:,1747647683665
counter/8/0/0/0,33305:1747647676613:,1747647683665
counter/5/0/0/0,32184:1747647675265:,1747647683665
counter/8/0/0/0,33306:1747647676613:,1747647683665
counter/5/0/0/0,32185:1747647675265:,1747647683665
counter/8/0/0/0,33307:1747647676613:,1747647683665
counter/5/0/0/0,32186:1747647675265:,1747647683665
counter/8/0/0/0,33308:1747647676613:,1747647683665
counter/5/0/0/0,32187:1747647675268:,1747647683665
counter/8/0/0/0,33309:1747647676613:,1747647683665
counter/5/0/0/0,32188:1747647675268:,1747647683665
counter/8/0/0/0,33310:1747647676613:,1747647683665
counter/5/0/0/0,32189:1747647675268:,1747647683665
counter/8/0/0/0,33311:1747647676613:,1747647683665
counter/5/0/0/0,32190:1747647675268:,1747647683665
counter/8/0/0/0,33312:1747647676617:,1747647683665
counter/5/0/0/0,32191:1747647675268:,1747647683665
counter/8/0/0/0,33313:1747647676617:,1747647683665
counter/5/0/0/0,32192:1747647675268:,1747647683665
counter/8/0/0/0,33314:1747647676617:,1747647683665
counter/5/0/0/0,32193:1747647675268:,1747647683665
counter/8/0/0/0,33315:1747647676617:,1747647683665
counter/5/0/0/0,32194:1747647675268:,1747647683665
counter/8/0/0/0,33316:1747647676617:,1747647683665
counter/5/0/0/0,32195:1747647675268:,1747647683665
counter/8/0/0/0,33317:1747647676617:,1747647683665
counter/5/0/0/0,32196:1747647675268:,1747647683665
counter/8/0/0/0,33318:1747647676617:,1747647683665
counter/5/0/0/0,32197:1747647675268:,1747647683665
counter/8/0/0/0,33319:1747647676617:,1747647683665
counter/5/0/0/0,32198:1747647675268:,1747647683665
counter/8/0/0/0,33320:1747647676617:,1747647683665
counter/5/0/0/0,32199:1747647675268:,1747647683665
counter/8/0/0/0,33321:1747647676617:,1747647683665
counter/5/0/0/0,32200:1747647675269:,1747647683666
counter/8/0/0/0,33322:1747647676617:,1747647683666
counter/5/0/0/0,32201:1747647675269:,1747647683666
counter/8/0/0/0,33323:1747647676617:,1747647683666
counter/5/0/0/0,32202:1747647675269:,1747647683666
counter/8/0/0/0,33324:1747647676617:,1747647683666
counter/5/0/0/0,32203:1747647675274:,1747647683666
counter/8/0/0/0,33325:1747647676617:,1747647683666
counter/5/0/0/0,32204:1747647675274:,1747647683666
counter/8/0/0/0,33326:1747647676617:,1747647683666
counter/5/0/0/0,32205:1747647675293:,1747647683666
counter/8/0/0/0,33327:1747647676617:,1747647683666
counter/5/0/0/0,32206:1747647675293:,1747647683666
counter/8/0/0/0,33328:1747647676617:,1747647683666
counter/5/0/0/0,32207:1747647675295:,1747647683666
counter/5/0/0/0,32208:1747647675295:,1747647683666
counter/5/0/0/0,32209:1747647675295:,1747647683666
counter/5/0/0/0,32210:1747647675295:,1747647683666
counter/5/0/0/0,32211:1747647675295:,1747647683666
counter/5/0/0/0,32212:1747647675295:,1747647683666
counter/5/0/0/0,32213:1747647675295:,1747647683666
counter/5/0/0/0,32214:1747647675295:,1747647683666
counter/5/0/0/0,32215:1747647675295:,1747647683666
counter/5/0/0/0,32216:1747647675295:,1747647683666
counter/5/0/0/0,32217:1747647675295:,1747647683666
counter/5/0/0/0,32218:1747647675295:,1747647683666
counter/6/0/0/0,32104:1747647677693:,1747647683666
counter/5/0/0/0,32219:1747647675295:,1747647683666
counter/4/0/0/0,27332:1747647673034:,1747647683666
counter/5/0/0/0,32220:1747647675296:,1747647683666
counter/7/0/0/0,32729:1747647677305:,1747647683666
counter/1/0/0/0,28294:1747647674412:,1747647683666
counter/5/0/0/0,32221:1747647675296:,1747647683666
counter/9/0/0/0,37900:1747647679037:,1747647683666
counter/3/0/0/0,26934:1747647672974:,1747647683666
counter/5/0/0/0,32222:1747647675303:,1747647683666
counter/10/0/0/0,27580:1747647671109:,1747647683666
counter/5/0/0/0,32223:1747647675303:,1747647683666
counter/5/0/0/0,32224:1747647675303:,1747647683666
counter/5/0/0/0,32225:1747647675303:,1747647683667
counter/5/0/0/0,32226:1747647675303:,1747647683667
counter/5/0/0/0,32227:1747647675303:,1747647683667
counter/5/0/0/0,32228:1747647675303:,1747647683667
counter/5/0/0/0,32229:1747647675303:,1747647683667
counter/5/0/0/0,32230:1747647675303:,1747647683667
counter/5/0/0/0,32231:1747647675303:,1747647683667
counter/5/0/0/0,32232:1747647675304:,1747647683667
counter/5/0/0/0,32233:1747647675304:,1747647683667
counter/5/0/0/0,32234:1747647675304:,1747647683667
counter/5/0/0/0,32235:1747647675304:,1747647683667
counter/5/0/0/0,32236:1747647675304:,1747647683667
counter/5/0/0/0,32237:1747647675305:,1747647683667
counter/5/0/0/0,32238:1747647675305:,1747647683667
counter/5/0/0/0,32239:1747647675305:,1747647683667
counter/5/0/0/0,32240:1747647675305:,1747647683667
counter/5/0/0/0,32241:1747647675305:,1747647683667
counter/5/0/0/0,32242:1747647675305:,1747647683667
counter/5/0/0/0,32243:1747647675305:,1747647683667
counter/5/0/0/0,32244:1747647675305:,1747647683667
counter/5/0/0/0,32245:1747647675306:,1747647683667
counter/5/0/0/0,32246:1747647675306:,1747647683667
counter/5/0/0/0,32247:1747647675306:,1747647683667
counter/5/0/0/0,32248:1747647675310:,1747647683667
counter/5/0/0/0,32249:1747647675310:,1747647683667
counter/5/0/0/0,32250:1747647675310:,1747647683667
counter/5/0/0/0,32251:1747647675310:,1747647683667
counter/5/0/0/0,32252:1747647675316:,1747647683667
counter/5/0/0/0,32253:1747647675316:,1747647683667
counter/5/0/0/0,32254:1747647675316:,1747647683667
counter/5/0/0/0,32255:1747647675316:,1747647683667
counter/5/0/0/0,32256:1747647675316:,1747647683667
counter/5/0/0/0,32257:1747647675316:,1747647683667
counter/5/0/0/0,32258:1747647675316:,1747647683667
counter/5/0/0/0,32259:1747647675316:,1747647683667
counter/5/0/0/0,32260:1747647675321:,1747647683667
counter/5/0/0/0,32261:1747647675321:,1747647683668
counter/5/0/0/0,32262:1747647675321:,1747647683668
counter/5/0/0/0,32263:1747647675321:,1747647683668
counter/5/0/0/0,32264:1747647675321:,1747647683668
counter/5/0/0/0,32265:1747647675321:,1747647683668
counter/5/0/0/0,32266:1747647675321:,1747647683668
counter/5/0/0/0,32267:1747647675322:,1747647683668
counter/5/0/0/0,32268:1747647675322:,1747647683668
counter/5/0/0/0,32269:1747647675322:,1747647683668
counter/5/0/0/0,32270:1747647675322:,1747647683668
counter/5/0/0/0,32271:1747647675322:,1747647683668
counter/5/0/0/0,32272:1747647675322:,1747647683668
counter/5/0/0/0,32273:1747647675329:,1747647683668
counter/5/0/0/0,32274:1747647675329:,1747647683668
counter/5/0/0/0,32275:1747647675329:,1747647683668
counter/5/0/0/0,32276:1747647675329:,1747647683668
counter/5/0/0/0,32277:1747647675329:,1747647683668
counter/5/0/0/0,32278:1747647675329:,1747647683668
counter/5/0/0/0,32279:1747647675329:,1747647683668
counter/5/0/0/0,32280:1747647675329:,1747647683668
counter/5/0/0/0,32281:1747647675329:,1747647683668
counter/5/0/0/0,32282:1747647675329:,1747647683668
counter/5/0/0/0,32283:1747647675329:,1747647683668
counter/5/0/0/0,32284:1747647675329:,1747647683668
counter/5/0/0/0,32285:1747647675332:,1747647683668
counter/5/0/0/0,32286:1747647675332:,1747647683668
counter/5/0/0/0,32287:1747647675332:,1747647683668
counter/5/0/0/0,32288:1747647675332:,1747647683668
counter/5/0/0/0,32289:1747647675332:,1747647683668
counter/5/0/0/0,32290:1747647675332:,1747647683668
counter/5/0/0/0,32291:1747647675332:,1747647683668
counter/5/0/0/0,32292:1747647675335:,1747647683668
counter/5/0/0/0,32293:1747647675335:,1747647683668
counter/5/0/0/0,32294:1747647675335:,1747647683668
counter/5/0/0/0,32295:1747647675335:,1747647683668
counter/5/0/0/0,32296:1747647675335:,1747647683668
counter/5/0/0/0,32297:1747647675335:,1747647683668
counter/5/0/0/0,32298:1747647675335:,1747647683668
counter/5/0/0/0,32299:1747647675335:,1747647683668
counter/5/0/0/0,32300:1747647675335:,1747647683669
counter/5/0/0/0,32301:1747647675335:,1747647683669
counter/5/0/0/0,32302:1747647675337:,1747647683669
counter/5/0/0/0,32303:1747647675337:,1747647683669
counter/5/0/0/0,32304:1747647675338:,1747647683669
counter/5/0/0/0,32305:1747647675342:,1747647683669
counter/5/0/0/0,32306:1747647675342:,1747647683669
counter/5/0/0/0,32307:1747647675342:,1747647683669
counter/5/0/0/0,32308:1747647675343:,1747647683669
counter/5/0/0/0,32309:1747647675343:,1747647683669
counter/5/0/0/0,32310:1747647675343:,1747647683669
counter/5/0/0/0,32311:1747647675343:,1747647683669
counter/5/0/0/0,32312:1747647675343:,1747647683669
counter/5/0/0/0,32313:1747647675343:,1747647683669
counter/5/0/0/0,32314:1747647675343:,1747647683669
counter/5/0/0/0,32315:1747647675343:,1747647683669
counter/5/0/0/0,32316:1747647675353:,1747647683669
counter/5/0/0/0,32317:1747647675353:,1747647683669
counter/5/0/0/0,32318:1747647675353:,1747647683669
counter/5/0/0/0,32319:1747647675353:,1747647683669
counter/5/0/0/0,32320:1747647675353:,1747647683669
counter/5/0/0/0,32321:1747647675353:,1747647683669
counter/5/0/0/0,32322:1747647675356:,1747647683669
counter/10/0/0/0,27581:1747647671109:,1747647683669
counter/5/0/0/0,32323:1747647675357:,1747647683669
counter/6/0/0/0,32105:1747647677693:,1747647683669
counter/5/0/0/0,32324:1747647675357:,1747647683669
counter/4/0/0/0,27333:1747647673036:,1747647683669
counter/7/0/0/0,32730:1747647677305:,1747647683669
counter/5/0/0/0,32325:1747647675357:,1747647683669
counter/1/0/0/0,28295:1747647674412:,1747647683669
counter/3/0/0/0,26935:1747647672975:,1747647683669
counter/5/0/0/0,32326:1747647675357:,1747647683669
counter/9/0/0/0,37901:1747647679037:,1747647683669
counter/5/0/0/0,32327:1747647675357:,1747647683669
counter/5/0/0/0,32328:1747647675357:,1747647683669
counter/5/0/0/0,32329:1747647675357:,1747647683669
counter/5/0/0/0,32330:1747647675357:,1747647683669
counter/5/0/0/0,32331:1747647675357:,1747647683669
counter/5/0/0/0,32332:1747647675357:,1747647683669
counter/5/0/0/0,32333:1747647675366:,1747647683670
counter/5/0/0/0,32334:1747647675366:,1747647683670
counter/5/0/0/0,32335:1747647675366:,1747647683670
counter/5/0/0/0,32336:1747647675366:,1747647683670
counter/5/0/0/0,32337:1747647675366:,1747647683670
counter/5/0/0/0,32338:1747647675366:,1747647683670
counter/5/0/0/0,32339:1747647675366:,1747647683670
counter/5/0/0/0,32340:1747647675366:,1747647683670
counter/5/0/0/0,32341:1747647675366:,1747647683670
counter/5/0/0/0,32342:1747647675366:,1747647683670
counter/5/0/0/0,32343:1747647675376:,1747647683670
counter/5/0/0/0,32344:1747647675376:,1747647683670
counter/5/0/0/0,32345:1747647675376:,1747647683670
counter/5/0/0/0,32346:1747647675376:,1747647683670
counter/5/0/0/0,32347:1747647675376:,1747647683670
counter/5/0/0/0,32348:1747647675376:,1747647683670
counter/5/0/0/0,32349:1747647675376:,1747647683670
counter/5/0/0/0,32350:1747647675376:,1747647683670
counter/5/0/0/0,32351:1747647675376:,1747647683670
counter/5/0/0/0,32352:1747647675376:,1747647683670
counter/5/0/0/0,32353:1747647675376:,1747647683670
counter/5/0/0/0,32354:1747647675376:,1747647683670
counter/5/0/0/0,32355:1747647675376:,1747647683670
counter/5/0/0/0,32356:1747647675376:,1747647683670
counter/5/0/0/0,32357:1747647675376:,1747647683670
counter/5/0/0/0,32358:1747647675377:,1747647683670
counter/5/0/0/0,32359:1747647675377:,1747647683670
counter/5/0/0/0,32360:1747647675377:,1747647683670
counter/5/0/0/0,32361:1747647675377:,1747647683670
counter/5/0/0/0,32362:1747647675377:,1747647683670
counter/5/0/0/0,32363:1747647675377:,1747647683670
counter/5/0/0/0,32364:1747647675377:,1747647683670
counter/5/0/0/0,32365:1747647675377:,1747647683670
counter/5/0/0/0,32366:1747647675377:,1747647683670
counter/5/0/0/0,32367:1747647675377:,1747647683670
counter/5/0/0/0,32368:1747647675377:,1747647683670
counter/5/0/0/0,32369:1747647675377:,1747647683670
counter/5/0/0/0,32370:1747647675377:,1747647683670
counter/5/0/0/0,32371:1747647675379:,1747647683670
counter/5/0/0/0,32372:1747647675379:,1747647683670
counter/5/0/0/0,32373:1747647675379:,1747647683670
counter/5/0/0/0,32374:1747647675379:,1747647683670
counter/5/0/0/0,32375:1747647675379:,1747647683670
counter/5/0/0/0,32376:1747647675379:,1747647683670
counter/5/0/0/0,32377:1747647675385:,1747647683671
counter/5/0/0/0,32378:1747647675385:,1747647683671
counter/5/0/0/0,32379:1747647675385:,1747647683671
counter/5/0/0/0,32380:1747647675385:,1747647683671
counter/5/0/0/0,32381:1747647675385:,1747647683671
counter/5/0/0/0,32382:1747647675385:,1747647683671
counter/5/0/0/0,32383:1747647675385:,1747647683671
counter/5/0/0/0,32384:1747647675385:,1747647683671
counter/5/0/0/0,32385:1747647675385:,1747647683671
counter/5/0/0/0,32386:1747647675385:,1747647683671
counter/5/0/0/0,32387:1747647675385:,1747647683671
counter/5/0/0/0,32388:1747647675388:,1747647683671
counter/5/0/0/0,32389:1747647675388:,1747647683671
counter/5/0/0/0,32390:1747647675388:,1747647683671
counter/5/0/0/0,32391:1747647675388:,1747647683671
counter/1/0/0/0,28296:1747647674412:,1747647683671
counter/5/0/0/0,32392:1747647675388:,1747647683671
counter/3/0/0/0,26936:1747647672975:,1747647683671
counter/9/0/0/0,37902:1747647679037:,1747647683671
counter/5/0/0/0,32393:1747647675388:,1747647683671
counter/6/0/0/0,32106:1747647677696:,1747647683671
counter/10/0/0/0,27582:1747647671109:,1747647683671
counter/5/0/0/0,32394:1747647675388:,1747647683671
counter/4/0/0/0,27334:1747647673042:,1747647683671
counter/7/0/0/0,32731:1747647677305:,1747647683671
counter/5/0/0/0,32395:1747647675388:,1747647683671
counter/5/0/0/0,32396:1747647675388:,1747647683671
counter/9/0/0/0,37903:1747647679037:,1747647683671
counter/5/0/0/0,32397:1747647675415:,1747647683671
counter/6/0/0/0,32107:1747647677696:,1747647683671
counter/5/0/0/0,32398:1747647675415:,1747647683671
counter/10/0/0/0,27583:1747647671109:,1747647683671
counter/4/0/0/0,27335:1747647673042:,1747647683671
counter/5/0/0/0,32399:1747647675415:,1747647683671
counter/7/0/0/0,32732:1747647677305:,1747647683671
counter/1/0/0/0,28297:1747647674412:,1747647683671
counter/5/0/0/0,32400:1747647675415:,1747647683671
counter/5/0/0/0,32401:1747647675416:,1747647683671
counter/5/0/0/0,32402:1747647675416:,1747647683671
counter/5/0/0/0,32403:1747647675416:,1747647683671
counter/5/0/0/0,32404:1747647675416:,1747647683671
counter/5/0/0/0,32405:1747647675416:,1747647683671
counter/5/0/0/0,32406:1747647675416:,1747647683671
counter/5/0/0/0,32407:1747647675416:,1747647683672
counter/5/0/0/0,32408:1747647675416:,1747647683672
counter/5/0/0/0,32409:1747647675416:,1747647683672
counter/5/0/0/0,32410:1747647675416:,1747647683672
counter/5/0/0/0,32411:1747647675416:,1747647683672
counter/5/0/0/0,32412:1747647675416:,1747647683672
counter/5/0/0/0,32413:1747647675416:,1747647683672
counter/5/0/0/0,32414:1747647675416:,1747647683672
counter/5/0/0/0,32415:1747647675417:,1747647683672
counter/5/0/0/0,32416:1747647675417:,1747647683672
counter/5/0/0/0,32417:1747647675417:,1747647683672
counter/5/0/0/0,32418:1747647675417:,1747647683672
counter/5/0/0/0,32419:1747647675417:,1747647683672
counter/5/0/0/0,32420:1747647675417:,1747647683672
counter/5/0/0/0,32421:1747647675417:,1747647683672
counter/5/0/0/0,32422:1747647675417:,1747647683672
counter/5/0/0/0,32423:1747647675417:,1747647683672
counter/5/0/0/0,32424:1747647675417:,1747647683672
counter/5/0/0/0,32425:1747647675417:,1747647683672
counter/5/0/0/0,32426:1747647675417:,1747647683672
counter/5/0/0/0,32427:1747647675417:,1747647683672
counter/5/0/0/0,32428:1747647675417:,1747647683672
counter/5/0/0/0,32429:1747647675417:,1747647683672
counter/5/0/0/0,32430:1747647675417:,1747647683672
counter/5/0/0/0,32431:1747647675417:,1747647683672
counter/5/0/0/0,32432:1747647675417:,1747647683672
counter/5/0/0/0,32433:1747647675417:,1747647683672
counter/5/0/0/0,32434:1747647675419:,1747647683672
counter/5/0/0/0,32435:1747647675419:,1747647683672
counter/5/0/0/0,32436:1747647675419:,1747647683672
counter/5/0/0/0,32437:1747647675419:,1747647683672
counter/5/0/0/0,32438:1747647675419:,1747647683672
counter/5/0/0/0,32439:1747647675419:,1747647683672
counter/5/0/0/0,32440:1747647675419:,1747647683672
counter/5/0/0/0,32441:1747647675419:,1747647683672
counter/5/0/0/0,32442:1747647675419:,1747647683672
counter/5/0/0/0,32443:1747647675419:,1747647683672
counter/5/0/0/0,32444:1747647675419:,1747647683672
counter/5/0/0/0,32445:1747647675419:,1747647683672
counter/5/0/0/0,32446:1747647675419:,1747647683673
counter/5/0/0/0,32447:1747647675419:,1747647683673
counter/5/0/0/0,32448:1747647675419:,1747647683673
counter/5/0/0/0,32449:1747647675419:,1747647683673
counter/5/0/0/0,32450:1747647675419:,1747647683673
counter/5/0/0/0,32451:1747647675419:,1747647683673
counter/5/0/0/0,32452:1747647675419:,1747647683673
counter/5/0/0/0,32453:1747647675421:,1747647683673
counter/5/0/0/0,32454:1747647675421:,1747647683673
counter/5/0/0/0,32455:1747647675421:,1747647683673
counter/5/0/0/0,32456:1747647675421:,1747647683673
counter/5/0/0/0,32457:1747647675421:,1747647683673
counter/5/0/0/0,32458:1747647675421:,1747647683673
counter/5/0/0/0,32459:1747647675421:,1747647683673
counter/5/0/0/0,32460:1747647675421:,1747647683673
counter/5/0/0/0,32461:1747647675421:,1747647683673
counter/5/0/0/0,32462:1747647675421:,1747647683673
counter/5/0/0/0,32463:1747647675421:,1747647683673
counter/5/0/0/0,32464:1747647675421:,1747647683673
counter/5/0/0/0,32465:1747647675421:,1747647683673
counter/5/0/0/0,32466:1747647675422:,1747647683673
counter/5/0/0/0,32467:1747647675422:,1747647683673
counter/5/0/0/0,32468:1747647675422:,1747647683673
counter/5/0/0/0,32469:1747647675422:,1747647683673
counter/5/0/0/0,32470:1747647675423:,1747647683673
counter/5/0/0/0,32471:1747647675423:,1747647683673
counter/5/0/0/0,32472:1747647675423:,1747647683673
counter/5/0/0/0,32473:1747647675423:,1747647683673
counter/5/0/0/0,32474:1747647675423:,1747647683673
counter/5/0/0/0,32475:1747647675423:,1747647683673
counter/5/0/0/0,32476:1747647675423:,1747647683673
counter/5/0/0/0,32477:1747647675423:,1747647683673
counter/5/0/0/0,32478:1747647675423:,1747647683673
counter/5/0/0/0,32479:1747647675423:,1747647683673
counter/5/0/0/0,32480:1747647675423:,1747647683673
counter/5/0/0/0,32481:1747647675423:,1747647683673
counter/5/0/0/0,32482:1747647675423:,1747647683673
counter/5/0/0/0,32483:1747647675426:,1747647683673
counter/5/0/0/0,32484:1747647675429:,1747647683673
counter/5/0/0/0,32485:1747647675430:,1747647683673
counter/5/0/0/0,32486:1747647675430:,1747647683674
counter/5/0/0/0,32487:1747647675430:,1747647683674
counter/10/0/0/0,27584:1747647671109:,1747647683674
counter/5/0/0/0,32488:1747647675430:,1747647683674
counter/4/0/0/0,27336:1747647673044:,1747647683674
counter/5/0/0/0,32489:1747647675430:,1747647683674
counter/7/0/0/0,32733:1747647677305:,1747647683674
counter/1/0/0/0,28298:1747647674412:,1747647683674
counter/5/0/0/0,32490:1747647675430:,1747647683674
counter/3/0/0/0,26937:1747647672975:,1747647683674
counter/9/0/0/0,37904:1747647679037:,1747647683674
counter/6/0/0/0,32108:1747647677696:,1747647683674
counter/5/0/0/0,32491:1747647675430:,1747647683674
counter/5/0/0/0,32492:1747647675430:,1747647683674
counter/5/0/0/0,32493:1747647675430:,1747647683674
counter/5/0/0/0,32494:1747647675430:,1747647683674
counter/1/0/0/0,28299:1747647674412:,1747647683674
counter/5/0/0/0,32495:1747647676123:,1747647683674
counter/3/0/0/0,26938:1747647672975:,1747647683674
counter/5/0/0/0,32496:1747647676123:,1747647683674
counter/9/0/0/0,37905:1747647679037:,1747647683674
counter/6/0/0/0,32109:1747647677696:,1747647683674
counter/5/0/0/0,32497:1747647676127:,1747647683674
counter/4/0/0/0,27337:1747647673046:,1747647683674
counter/10/0/0/0,27585:1747647671109:,1747647683674
counter/5/0/0/0,32498:1747647676132:,1747647683674
counter/5/0/0/0,32499:1747647676132:,1747647683674
counter/5/0/0/0,32500:1747647676132:,1747647683674
counter/5/0/0/0,32501:1747647676132:,1747647683674
counter/5/0/0/0,32502:1747647676132:,1747647683674
counter/5/0/0/0,32503:1747647676132:,1747647683674
counter/5/0/0/0,32504:1747647676132:,1747647683674
counter/5/0/0/0,32505:1747647676132:,1747647683674
counter/5/0/0/0,32506:1747647676132:,1747647683674
counter/5/0/0/0,32507:1747647676132:,1747647683674
counter/5/0/0/0,32508:1747647676132:,1747647683674
counter/5/0/0/0,32509:1747647676132:,1747647683674
counter/5/0/0/0,32510:1747647676132:,1747647683674
counter/5/0/0/0,32511:1747647676132:,1747647683674
counter/5/0/0/0,32512:1747647676132:,1747647683674
counter/5/0/0/0,32513:1747647676132:,1747647683674
counter/5/0/0/0,32514:1747647676132:,1747647683675
counter/5/0/0/0,32515:1747647676132:,1747647683675
counter/5/0/0/0,32516:1747647676133:,1747647683675
counter/5/0/0/0,32517:1747647676133:,1747647683675
counter/5/0/0/0,32518:1747647676133:,1747647683675
counter/5/0/0/0,32519:1747647676133:,1747647683675
counter/5/0/0/0,32520:1747647676133:,1747647683675
counter/5/0/0/0,32521:1747647676133:,1747647683675
counter/5/0/0/0,32522:1747647676133:,1747647683675
counter/5/0/0/0,32523:1747647676133:,1747647683675
counter/5/0/0/0,32524:1747647676133:,1747647683675
counter/5/0/0/0,32525:1747647676133:,1747647683675
counter/5/0/0/0,32526:1747647676133:,1747647683675
counter/5/0/0/0,32527:1747647676136:,1747647683675
counter/5/0/0/0,32528:1747647676136:,1747647683675
counter/5/0/0/0,32529:1747647676136:,1747647683675
counter/5/0/0/0,32530:1747647676136:,1747647683675
counter/5/0/0/0,32531:1747647676136:,1747647683675
counter/5/0/0/0,32532:1747647676136:,1747647683675
counter/5/0/0/0,32533:1747647676136:,1747647683675
counter/5/0/0/0,32534:1747647676138:,1747647683675
counter/5/0/0/0,32535:1747647676138:,1747647683675
counter/5/0/0/0,32536:1747647676138:,1747647683675
counter/5/0/0/0,32537:1747647676138:,1747647683675
counter/5/0/0/0,32538:1747647676138:,1747647683675
counter/5/0/0/0,32539:1747647676138:,1747647683675
counter/5/0/0/0,32540:1747647676138:,1747647683675
counter/5/0/0/0,32541:1747647676144:,1747647683675
counter/5/0/0/0,32542:1747647676144:,1747647683675
counter/5/0/0/0,32543:1747647676149:,1747647683675
counter/5/0/0/0,32544:1747647676149:,1747647683675
counter/5/0/0/0,32545:1747647676149:,1747647683675
counter/5/0/0/0,32546:1747647676149:,1747647683675
counter/5/0/0/0,32547:1747647676153:,1747647683675
counter/5/0/0/0,32548:1747647676153:,1747647683675
counter/5/0/0/0,32549:1747647676153:,1747647683675
counter/5/0/0/0,32550:1747647676153:,1747647683675
counter/5/0/0/0,32551:1747647676153:,1747647683675
counter/5/0/0/0,32552:1747647676153:,1747647683675
counter/5/0/0/0,32553:1747647676153:,1747647683675
counter/5/0/0/0,32554:1747647676153:,1747647683675
counter/5/0/0/0,32555:1747647676153:,1747647683675
counter/5/0/0/0,32556:1747647676153:,1747647683675
counter/5/0/0/0,32557:1747647676154:,1747647683675
counter/5/0/0/0,32558:1747647676154:,1747647683675
counter/5/0/0/0,32559:1747647676154:,1747647683675
counter/5/0/0/0,32560:1747647676154:,1747647683676
counter/5/0/0/0,32561:1747647676154:,1747647683676
counter/5/0/0/0,32562:1747647676154:,1747647683676
counter/5/0/0/0,32563:1747647676154:,1747647683676
counter/5/0/0/0,32564:1747647676154:,1747647683676
counter/5/0/0/0,32565:1747647676154:,1747647683676
counter/5/0/0/0,32566:1747647676154:,1747647683676
counter/5/0/0/0,32567:1747647676154:,1747647683676
counter/5/0/0/0,32568:1747647676154:,1747647683676
counter/5/0/0/0,32569:1747647676154:,1747647683676
counter/5/0/0/0,32570:1747647676154:,1747647683676
counter/5/0/0/0,32571:1747647676154:,1747647683676
counter/5/0/0/0,32572:1747647676154:,1747647683676
counter/5/0/0/0,32573:1747647676154:,1747647683676
counter/5/0/0/0,32574:1747647676154:,1747647683676
counter/5/0/0/0,32575:1747647676154:,1747647683676
counter/5/0/0/0,32576:1747647676154:,1747647683676
counter/5/0/0/0,32577:1747647676154:,1747647683676
counter/5/0/0/0,32578:1747647676154:,1747647683676
counter/5/0/0/0,32579:1747647676154:,1747647683676
counter/9/0/0/0,37906:1747647679037:,1747647683676
counter/5/0/0/0,32580:1747647676159:,1747647683676
counter/4/0/0/0,27338:1747647673056:,1747647683676
counter/6/0/0/0,32110:1747647677696:,1747647683676
counter/10/0/0/0,27586:1747647671110:,1747647683676
counter/5/0/0/0,32581:1747647676159:,1747647683676
counter/7/0/0/0,32734:1747647677305:,1747647683676
counter/1/0/0/0,28300:1747647674412:,1747647683676
counter/3/0/0/0,26939:1747647672975:,1747647683676
counter/5/0/0/0,32582:1747647676159:,1747647683676
counter/5/0/0/0,32583:1747647676159:,1747647683676
counter/5/0/0/0,32584:1747647676159:,1747647683676
counter/9/0/0/0,37907:1747647679037:,1747647683676
counter/5/0/0/0,32585:1747647676159:,1747647683676
counter/4/0/0/0,27339:1747647673056:,1747647683676
counter/5/0/0/0,32586:1747647676159:,1747647683676
counter/6/0/0/0,32111:1747647677696:,1747647683676
counter/5/0/0/0,32587:1747647676159:,1747647683676
counter/10/0/0/0,27587:1747647671110:,1747647683676
counter/7/0/0/0,32735:1747647677305:,1747647683676
counter/5/0/0/0,32588:1747647676159:,1747647683676
counter/1/0/0/0,28301:1747647674412:,1747647683676
counter/5/0/0/0,32589:1747647676159:,1747647683676
counter/9/0/0/0,37908:1747647679037:,1747647683677
counter/5/0/0/0,32590:1747647676160:,1747647683677
counter/4/0/0/0,27340:1747647673056:,1747647683677
counter/5/0/0/0,32591:1747647676160:,1747647683677
counter/6/0/0/0,32112:1747647677696:,1747647683677
counter/5/0/0/0,32592:1747647676160:,1747647683677
counter/10/0/0/0,27588:1747647671110:,1747647683677
counter/7/0/0/0,32736:1747647677305:,1747647683677
counter/5/0/0/0,32593:1747647676161:,1747647683677
counter/1/0/0/0,28302:1747647674412:,1747647683677
counter/5/0/0/0,32594:1747647676161:,1747647683677
counter/5/0/0/0,32595:1747647676161:,1747647683677
counter/5/0/0/0,32596:1747647676161:,1747647683677
counter/5/0/0/0,32597:1747647676161:,1747647683677
counter/5/0/0/0,32598:1747647676161:,1747647683677
counter/5/0/0/0,32599:1747647676162:,1747647683677
counter/5/0/0/0,32600:1747647676162:,1747647683677
counter/5/0/0/0,32601:1747647676162:,1747647683677
counter/5/0/0/0,32602:1747647676162:,1747647683677
counter/5/0/0/0,32603:1747647676162:,1747647683677
counter/5/0/0/0,32604:1747647676162:,1747647683677
counter/5/0/0/0,32605:1747647676162:,1747647683677
counter/5/0/0/0,32606:1747647676162:,1747647683677
counter/5/0/0/0,32607:1747647676162:,1747647683677
counter/5/0/0/0,32608:1747647676162:,1747647683677
counter/5/0/0/0,32609:1747647676162:,1747647683677
counter/5/0/0/0,32610:1747647676162:,1747647683677
counter/5/0/0/0,32611:1747647676162:,1747647683677
counter/5/0/0/0,32612:1747647676162:,1747647683677
counter/1/0/0/0,28303:1747647674412:,1747647683677
counter/5/0/0/0,32613:1747647676162:,1747647683677
counter/9/0/0/0,37909:1747647679037:,1747647683677
counter/4/0/0/0,27341:1747647673056:,1747647683677
counter/5/0/0/0,32614:1747647676162:,1747647683677
counter/6/0/0/0,32113:1747647677696:,1747647683677
counter/10/0/0/0,27589:1747647671110:,1747647683677
counter/5/0/0/0,32615:1747647676162:,1747647683677
counter/7/0/0/0,32737:1747647677305:,1747647683677
counter/5/0/0/0,32616:1747647676162:,1747647683677
counter/5/0/0/0,32617:1747647676162:,1747647683677
counter/5/0/0/0,32618:1747647676162:,1747647683677
counter/5/0/0/0,32619:1747647676162:,1747647683678
counter/5/0/0/0,32620:1747647676162:,1747647683678
counter/5/0/0/0,32621:1747647676167:,1747647683678
counter/5/0/0/0,32622:1747647676167:,1747647683678
counter/5/0/0/0,32623:1747647676167:,1747647683678
counter/1/0/0/0,28304:1747647674412:,1747647683678
counter/5/0/0/0,32624:1747647676167:,1747647683678
counter/9/0/0/0,37910:1747647679037:,1747647683678
counter/5/0/0/0,32625:1747647676167:,1747647683678
counter/4/0/0/0,27342:1747647673056:,1747647683678
counter/6/0/0/0,32114:1747647677696:,1747647683678
counter/5/0/0/0,32626:1747647676167:,1747647683678
counter/10/0/0/0,27590:1747647671110:,1747647683678
counter/7/0/0/0,32738:1747647677311:,1747647683678
counter/5/0/0/0,32627:1747647676167:,1747647683678
counter/9/0/0/0,37911:1747647679037:,1747647683678
counter/5/0/0/0,32628:1747647676167:,1747647683678
counter/4/0/0/0,27343:1747647673056:,1747647683678
counter/5/0/0/0,32629:1747647676170:,1747647683678
counter/6/0/0/0,32115:1747647677696:,1747647683678
counter/10/0/0/0,27591:1747647671110:,1747647683678
counter/5/0/0/0,32630:1747647676170:,1747647683678
counter/7/0/0/0,32739:1747647677311:,1747647683678
counter/5/0/0/0,32631:1747647676178:,1747647683678
counter/3/0/0/0,26940:1747647672975:,1747647683678
counter/5/0/0/0,32632:1747647676178:,1747647683678
counter/3/0/0/0,26941:1747647672975:,1747647683678
counter/5/0/0/0,32633:1747647676178:,1747647683678
counter/3/0/0/0,26942:1747647672975:,1747647683678
counter/6/0/0/0,32116:1747647677709:,1747647683678
counter/10/0/0/0,27592:1747647671124:,1747647683678
counter/5/0/0/0,32634:1747647676178:,1747647683678
counter/3/0/0/0,26943:1747647672975:,1747647683678
counter/7/0/0/0,32740:1747647677311:,1747647683678
counter/5/0/0/0,32635:1747647676178:,1747647683678
counter/3/0/0/0,26944:1747647672975:,1747647683678
counter/6/0/0/0,32117:1747647677710:,1747647683678
counter/5/0/0/0,32636:1747647676178:,1747647683678
counter/10/0/0/0,27593:1747647671124:,1747647683679
counter/7/0/0/0,32741:1747647677311:,1747647683679
counter/5/0/0/0,32637:1747647676178:,1747647683679
counter/1/0/0/0,28305:1747647674412:,1747647683679
counter/9/0/0/0,37912:1747647679037:,1747647683679
counter/4/0/0/0,27344:1747647673056:,1747647683679
counter/5/0/0/0,32638:1747647676178:,1747647683679
counter/5/0/0/0,32639:1747647676178:,1747647683679
counter/5/0/0/0,32640:1747647676179:,1747647683679
counter/5/0/0/0,32641:1747647676179:,1747647683679
counter/5/0/0/0,32642:1747647676179:,1747647683679
counter/5/0/0/0,32643:1747647676179:,1747647683679
counter/5/0/0/0,32644:1747647676179:,1747647683679
counter/5/0/0/0,32645:1747647676179:,1747647683679
counter/5/0/0/0,32646:1747647676179:,1747647683679
counter/5/0/0/0,32647:1747647676179:,1747647683679
counter/9/0/0/0,37913:1747647679037:,1747647683679
counter/5/0/0/0,32648:1747647676179:,1747647683679
counter/4/0/0/0,27345:1747647673056:,1747647683679
counter/5/0/0/0,32649:1747647676179:,1747647683679
counter/3/0/0/0,26945:1747647672978:,1747647683679
counter/10/0/0/0,27594:1747647671124:,1747647683679
counter/5/0/0/0,32650:1747647676179:,1747647683679
counter/1/0/0/0,28306:1747647674412:,1747647683679
counter/5/0/0/0,32651:1747647676179:,1747647683679
counter/5/0/0/0,32652:1747647676179:,1747647683679
counter/5/0/0/0,32653:1747647676179:,1747647683679
counter/5/0/0/0,32654:1747647676179:,1747647683679
counter/5/0/0/0,32655:1747647676179:,1747647683679
counter/1/0/0/0,28307:1747647674412:,1747647683679
counter/5/0/0/0,32656:1747647676181:,1747647683679
counter/6/0/0/0,32118:1747647677710:,1747647683679
counter/5/0/0/0,32657:1747647676181:,1747647683679
counter/6/0/0/0,32119:1747647677710:,1747647683679
counter/5/0/0/0,32658:1747647676181:,1747647683679
counter/6/0/0/0,32120:1747647677710:,1747647683679
counter/5/0/0/0,32659:1747647676181:,1747647683679
counter/6/0/0/0,32121:1747647677710:,1747647683679
counter/5/0/0/0,32660:1747647676181:,1747647683679
counter/6/0/0/0,32122:1747647677710:,1747647683680
counter/1/0/0/0,28308:1747647674438:,1747647683680
counter/5/0/0/0,32661:1747647676181:,1747647683680
counter/6/0/0/0,32123:1747647677710:,1747647683680
counter/9/0/0/0,37914:1747647679037:,1747647683680
counter/3/0/0/0,26946:1747647672978:,1747647683680
counter/5/0/0/0,32662:1747647676188:,1747647683680
counter/6/0/0/0,32124:1747647677726:,1747647683680
counter/4/0/0/0,27346:1747647673056:,1747647683680
counter/5/0/0/0,32663:1747647676188:,1747647683680
counter/6/0/0/0,32125:1747647677726:,1747647683680
counter/4/0/0/0,27347:1747647673056:,1747647683680
counter/5/0/0/0,32664:1747647676188:,1747647683680
counter/4/0/0/0,27348:1747647673056:,1747647683680
counter/5/0/0/0,32665:1747647676188:,1747647683680
counter/4/0/0/0,27349:1747647673056:,1747647683680
counter/5/0/0/0,32666:1747647676188:,1747647683680
counter/4/0/0/0,27350:1747647673057:,1747647683680
counter/5/0/0/0,32667:1747647676188:,1747647683680
counter/4/0/0/0,27351:1747647673057:,1747647683680
counter/5/0/0/0,32668:1747647676188:,1747647683680
counter/4/0/0/0,27352:1747647673057:,1747647683680
counter/5/0/0/0,32669:1747647676188:,1747647683680
counter/4/0/0/0,27353:1747647673062:,1747647683680
counter/5/0/0/0,32670:1747647676189:,1747647683680
counter/4/0/0/0,27354:1747647673069:,1747647683680
counter/5/0/0/0,32671:1747647676189:,1747647683680
counter/4/0/0/0,27355:1747647673084:,1747647683680
counter/5/0/0/0,32672:1747647676189:,1747647683680
counter/4/0/0/0,27356:1747647673085:,1747647683680
counter/5/0/0/0,32673:1747647676189:,1747647683680
counter/4/0/0/0,27357:1747647673085:,1747647683680
counter/5/0/0/0,32674:1747647676189:,1747647683680
counter/4/0/0/0,27358:1747647673085:,1747647683680
counter/5/0/0/0,32675:1747647676189:,1747647683680
counter/4/0/0/0,27359:1747647673085:,1747647683680
counter/5/0/0/0,32676:1747647676189:,1747647683680
counter/4/0/0/0,27360:1747647673085:,1747647683680
counter/5/0/0/0,32677:1747647676189:,1747647683680
counter/4/0/0/0,27361:1747647673085:,1747647683680
counter/5/0/0/0,32678:1747647676189:,1747647683680
counter/4/0/0/0,27362:1747647673087:,1747647683680
counter/5/0/0/0,32679:1747647676189:,1747647683681
counter/4/0/0/0,27363:1747647673087:,1747647683681
counter/5/0/0/0,32680:1747647676194:,1747647683681
counter/4/0/0/0,27364:1747647673087:,1747647683681
counter/5/0/0/0,32681:1747647676194:,1747647683681
counter/4/0/0/0,27365:1747647673087:,1747647683681
counter/5/0/0/0,32682:1747647676194:,1747647683681
counter/4/0/0/0,27366:1747647673087:,1747647683681
counter/5/0/0/0,32683:1747647676194:,1747647683681
counter/4/0/0/0,27367:1747647673087:,1747647683681
counter/5/0/0/0,32684:1747647676194:,1747647683681
counter/4/0/0/0,27368:1747647673088:,1747647683681
counter/5/0/0/0,32685:1747647676194:,1747647683681
counter/4/0/0/0,27369:1747647673088:,1747647683681
counter/5/0/0/0,32686:1747647676194:,1747647683681
counter/4/0/0/0,27370:1747647673088:,1747647683681
counter/5/0/0/0,32687:1747647676194:,1747647683681
counter/4/0/0/0,27371:1747647673088:,1747647683681
counter/5/0/0/0,32688:1747647676194:,1747647683681
counter/4/0/0/0,27372:1747647673088:,1747647683681
counter/5/0/0/0,32689:1747647676194:,1747647683681
counter/4/0/0/0,27373:1747647673088:,1747647683681
counter/5/0/0/0,32690:1747647676194:,1747647683681
counter/4/0/0/0,27374:1747647673088:,1747647683681
counter/5/0/0/0,32691:1747647676194:,1747647683681
counter/4/0/0/0,27375:1747647673088:,1747647683681
counter/5/0/0/0,32692:1747647676194:,1747647683681
counter/4/0/0/0,27376:1747647673088:,1747647683681
counter/5/0/0/0,32693:1747647676194:,1747647683681
counter/4/0/0/0,27377:1747647673088:,1747647683681
counter/5/0/0/0,32694:1747647676194:,1747647683681
counter/4/0/0/0,27378:1747647673088:,1747647683681
counter/5/0/0/0,32695:1747647676194:,1747647683681
counter/4/0/0/0,27379:1747647673088:,1747647683681
counter/5/0/0/0,32696:1747647676194:,1747647683681
counter/4/0/0/0,27380:1747647673088:,1747647683681
counter/5/0/0/0,32697:1747647676197:,1747647683681
counter/4/0/0/0,27381:1747647673088:,1747647683681
counter/5/0/0/0,32698:1747647676198:,1747647683681
counter/4/0/0/0,27382:1747647673088:,1747647683682
counter/5/0/0/0,32699:1747647676199:,1747647683682
counter/4/0/0/0,27383:1747647673088:,1747647683682
counter/5/0/0/0,32700:1747647676200:,1747647683682
counter/4/0/0/0,27384:1747647673088:,1747647683682
counter/5/0/0/0,32701:1747647676200:,1747647683682
counter/4/0/0/0,27385:1747647673088:,1747647683682
counter/5/0/0/0,32702:1747647676200:,1747647683682
counter/4/0/0/0,27386:1747647673088:,1747647683682
counter/5/0/0/0,32703:1747647676200:,1747647683682
counter/4/0/0/0,27387:1747647673088:,1747647683682
counter/5/0/0/0,32704:1747647676200:,1747647683682
counter/4/0/0/0,27388:1747647673088:,1747647683682
counter/5/0/0/0,32705:1747647676200:,1747647683682
counter/4/0/0/0,27389:1747647673088:,1747647683682
counter/5/0/0/0,32706:1747647676200:,1747647683682
counter/4/0/0/0,27390:1747647673095:,1747647683682
counter/5/0/0/0,32707:1747647676200:,1747647683682
counter/4/0/0/0,27391:1747647673096:,1747647683682
counter/5/0/0/0,32708:1747647676201:,1747647683682
counter/4/0/0/0,27392:1747647673096:,1747647683682
counter/5/0/0/0,32709:1747647676201:,1747647683682
counter/4/0/0/0,27393:1747647673096:,1747647683682
counter/5/0/0/0,32710:1747647676201:,1747647683682
counter/4/0/0/0,27394:1747647673096:,1747647683682
counter/5/0/0/0,32711:1747647676201:,1747647683682
counter/4/0/0/0,27395:1747647673097:,1747647683682
counter/5/0/0/0,32712:1747647676201:,1747647683682
counter/4/0/0/0,27396:1747647673097:,1747647683682
counter/5/0/0/0,32713:1747647676201:,1747647683682
counter/4/0/0/0,27397:1747647673097:,1747647683682
counter/5/0/0/0,32714:1747647676201:,1747647683682
counter/4/0/0/0,27398:1747647673097:,1747647683682
counter/5/0/0/0,32715:1747647676201:,1747647683682
counter/4/0/0/0,27399:1747647673097:,1747647683682
counter/5/0/0/0,32716:1747647676201:,1747647683682
counter/4/0/0/0,27400:1747647673097:,1747647683682
counter/5/0/0/0,32717:1747647676201:,1747647683682
counter/4/0/0/0,27401:1747647673097:,1747647683682
counter/5/0/0/0,32718:1747647676201:,1747647683683
counter/4/0/0/0,27402:1747647673101:,1747647683683
counter/10/0/0/0,27595:1747647671124:,1747647683683
counter/5/0/0/0,32719:1747647676202:,1747647683683
counter/4/0/0/0,27403:1747647673101:,1747647683683
counter/6/0/0/0,32126:1747647677726:,1747647683683
counter/5/0/0/0,32720:1747647676202:,1747647683683
counter/4/0/0/0,27404:1747647673101:,1747647683683
counter/5/0/0/0,32721:1747647676202:,1747647683683
counter/4/0/0/0,27405:1747647673101:,1747647683683
counter/5/0/0/0,32722:1747647676202:,1747647683683
counter/4/0/0/0,27406:1747647673101:,1747647683683
counter/5/0/0/0,32723:1747647676202:,1747647683683
counter/4/0/0/0,27407:1747647673101:,1747647683683
counter/5/0/0/0,32724:1747647676202:,1747647683683
counter/4/0/0/0,27408:1747647673101:,1747647683683
counter/5/0/0/0,32725:1747647676202:,1747647683683
counter/4/0/0/0,27409:1747647673101:,1747647683683
counter/5/0/0/0,32726:1747647676202:,1747647683683
counter/4/0/0/0,27410:1747647673101:,1747647683683
counter/5/0/0/0,32727:1747647676202:,1747647683683
counter/4/0/0/0,27411:1747647673101:,1747647683683
counter/5/0/0/0,32728:1747647676202:,1747647683683
counter/4/0/0/0,27412:1747647673105:,1747647683683
counter/5/0/0/0,32729:1747647676202:,1747647683683
counter/4/0/0/0,27413:1747647673105:,1747647683683
counter/5/0/0/0,32730:1747647676202:,1747647683683
counter/4/0/0/0,27414:1747647673105:,1747647683683
counter/5/0/0/0,32731:1747647676202:,1747647683683
counter/4/0/0/0,27415:1747647673105:,1747647683683
counter/5/0/0/0,32732:1747647676202:,1747647683683
counter/4/0/0/0,27416:1747647673105:,1747647683683
counter/5/0/0/0,32733:1747647676202:,1747647683683
counter/4/0/0/0,27417:1747647673105:,1747647683683
counter/5/0/0/0,32734:1747647676202:,1747647683683
counter/4/0/0/0,27418:1747647673105:,1747647683683
counter/5/0/0/0,32735:1747647676202:,1747647683683
counter/4/0/0/0,27419:1747647673105:,1747647683683
counter/5/0/0/0,32736:1747647676203:,1747647683683
counter/4/0/0/0,27420:1747647673105:,1747647683683
counter/5/0/0/0,32737:1747647676203:,1747647683684
counter/4/0/0/0,27421:1747647673105:,1747647683684
counter/5/0/0/0,32738:1747647676203:,1747647683684
counter/4/0/0/0,27422:1747647673105:,1747647683684
counter/5/0/0/0,32739:1747647676203:,1747647683684
counter/4/0/0/0,27423:1747647673106:,1747647683684
counter/5/0/0/0,32740:1747647676203:,1747647683684
counter/4/0/0/0,27424:1747647673119:,1747647683684
counter/5/0/0/0,32741:1747647676206:,1747647683684
counter/4/0/0/0,27425:1747647673119:,1747647683684
counter/5/0/0/0,32742:1747647676207:,1747647683684
counter/4/0/0/0,27426:1747647673119:,1747647683684
counter/5/0/0/0,32743:1747647676209:,1747647683684
counter/4/0/0/0,27427:1747647673119:,1747647683684
counter/5/0/0/0,32744:1747647676209:,1747647683684
counter/4/0/0/0,27428:1747647673119:,1747647683684
counter/5/0/0/0,32745:1747647676209:,1747647683684
counter/4/0/0/0,27429:1747647673119:,1747647683684
counter/5/0/0/0,32746:1747647676209:,1747647683684
counter/4/0/0/0,27430:1747647673119:,1747647683684
counter/5/0/0/0,32747:1747647676209:,1747647683684
counter/4/0/0/0,27431:1747647673119:,1747647683684
counter/5/0/0/0,32748:1747647676209:,1747647683684
counter/4/0/0/0,27432:1747647673119:,1747647683684
counter/5/0/0/0,32749:1747647676209:,1747647683684
counter/4/0/0/0,27433:1747647673119:,1747647683684
counter/5/0/0/0,32750:1747647676209:,1747647683684
counter/4/0/0/0,27434:1747647673119:,1747647683684
counter/5/0/0/0,32751:1747647676209:,1747647683684
counter/4/0/0/0,27435:1747647673119:,1747647683684
counter/5/0/0/0,32752:1747647676209:,1747647683684
counter/4/0/0/0,27436:1747647673119:,1747647683684
counter/5/0/0/0,32753:1747647676209:,1747647683684
counter/4/0/0/0,27437:1747647673119:,1747647683684
counter/5/0/0/0,32754:1747647676209:,1747647683684
counter/4/0/0/0,27438:1747647673119:,1747647683685
counter/5/0/0/0,32755:1747647676209:,1747647683685
counter/4/0/0/0,27439:1747647673121:,1747647683685
counter/5/0/0/0,32756:1747647676209:,1747647683685
counter/4/0/0/0,27440:1747647673124:,1747647683685
counter/5/0/0/0,32757:1747647676212:,1747647683685
counter/4/0/0/0,27441:1747647673124:,1747647683685
counter/5/0/0/0,32758:1747647676212:,1747647683685
counter/4/0/0/0,27442:1747647673124:,1747647683685
counter/5/0/0/0,32759:1747647676212:,1747647683685
counter/4/0/0/0,27443:1747647673124:,1747647683685
counter/5/0/0/0,32760:1747647676212:,1747647683685
counter/4/0/0/0,27444:1747647673124:,1747647683685
counter/5/0/0/0,32761:1747647676212:,1747647683685
counter/4/0/0/0,27445:1747647673125:,1747647683685
counter/5/0/0/0,32762:1747647676212:,1747647683685
counter/4/0/0/0,27446:1747647673125:,1747647683685
counter/5/0/0/0,32763:1747647676212:,1747647683685
counter/4/0/0/0,27447:1747647673125:,1747647683685
counter/5/0/0/0,32764:1747647676212:,1747647683685
counter/4/0/0/0,27448:1747647673125:,1747647683685
counter/5/0/0/0,32765:1747647676218:,1747647683685
counter/4/0/0/0,27449:1747647673127:,1747647683685
counter/5/0/0/0,32766:1747647676218:,1747647683685
counter/4/0/0/0,27450:1747647673127:,1747647683685
counter/5/0/0/0,32767:1747647676218:,1747647683685
counter/4/0/0/0,27451:1747647673127:,1747647683685
counter/9/0/0/0,37915:1747647679046:,1747647683685
counter/5/0/0/0,32768:1747647676226:,1747647683685
counter/4/0/0/0,27452:1747647673127:,1747647683685
counter/3/0/0/0,26947:1747647672978:,1747647683685
counter/10/0/0/0,27596:1747647671124:,1747647683685
counter/5/0/0/0,32769:1747647676227:,1747647683685
counter/4/0/0/0,27453:1747647673127:,1747647683685
counter/6/0/0/0,32127:1747647677729:,1747647683685
counter/5/0/0/0,32770:1747647676227:,1747647683685
counter/4/0/0/0,27454:1747647673127:,1747647683685
counter/5/0/0/0,32771:1747647676234:,1747647683685
counter/4/0/0/0,27455:1747647673129:,1747647683685
counter/5/0/0/0,32772:1747647676235:,1747647683685
counter/4/0/0/0,27456:1747647673129:,1747647683686
counter/6/0/0/0,32128:1747647677729:,1747647683686
counter/5/0/0/0,32773:1747647676235:,1747647683686
counter/4/0/0/0,27457:1747647673129:,1747647683686
counter/6/0/0/0,32129:1747647677729:,1747647683686
counter/5/0/0/0,32774:1747647676235:,1747647683686
counter/4/0/0/0,27458:1747647673129:,1747647683686
counter/6/0/0/0,32130:1747647677729:,1747647683686
counter/5/0/0/0,32775:1747647676235:,1747647683686
counter/4/0/0/0,27459:1747647673131:,1747647683686
counter/3/0/0/0,26948:1747647672978:,1747647683686
counter/5/0/0/0,32776:1747647676235:,1747647683686
counter/4/0/0/0,27460:1747647673131:,1747647683686
counter/5/0/0/0,32777:1747647676235:,1747647683686
counter/4/0/0/0,27461:1747647673131:,1747647683686
counter/5/0/0/0,32778:1747647676235:,1747647683686
counter/4/0/0/0,27462:1747647673131:,1747647683686
counter/5/0/0/0,32779:1747647676235:,1747647683686
counter/4/0/0/0,27463:1747647673131:,1747647683686
counter/5/0/0/0,32780:1747647676235:,1747647683686
counter/4/0/0/0,27464:1747647673131:,1747647683686
counter/5/0/0/0,32781:1747647676235:,1747647683686
counter/4/0/0/0,27465:1747647673131:,1747647683686
counter/5/0/0/0,32782:1747647676235:,1747647683686
counter/4/0/0/0,27466:1747647673131:,1747647683686
counter/5/0/0/0,32783:1747647676235:,1747647683686
counter/4/0/0/0,27467:1747647673136:,1747647683686
counter/5/0/0/0,32784:1747647676235:,1747647683686
counter/4/0/0/0,27468:1747647673136:,1747647683686
counter/5/0/0/0,32785:1747647676235:,1747647683686
counter/4/0/0/0,27469:1747647673136:,1747647683686
counter/5/0/0/0,32786:1747647676235:,1747647683686
counter/4/0/0/0,27470:1747647673136:,1747647683686
counter/5/0/0/0,32787:1747647676238:,1747647683687
counter/4/0/0/0,27471:1747647673136:,1747647683687
counter/5/0/0/0,32788:1747647676238:,1747647683687
counter/4/0/0/0,27472:1747647673136:,1747647683687
counter/5/0/0/0,32789:1747647676238:,1747647683687
counter/4/0/0/0,27473:1747647673142:,1747647683687
counter/9/0/0/0,37916:1747647679047:,1747647683687
counter/5/0/0/0,32790:1747647676238:,1747647683687
counter/4/0/0/0,27474:1747647673142:,1747647683687
counter/3/0/0/0,26949:1747647672978:,1747647683687
counter/10/0/0/0,27597:1747647671124:,1747647683687
counter/5/0/0/0,32791:1747647676238:,1747647683687
counter/4/0/0/0,27475:1747647673142:,1747647683687
counter/1/0/0/0,28309:1747647674438:,1747647683687
counter/6/0/0/0,32131:1747647677729:,1747647683687
counter/5/0/0/0,32792:1747647676239:,1747647683687
counter/4/0/0/0,27476:1747647673142:,1747647683687
counter/6/0/0/0,32132:1747647677729:,1747647683687
counter/5/0/0/0,32793:1747647676239:,1747647683687
counter/4/0/0/0,27477:1747647673142:,1747647683687
counter/6/0/0/0,32133:1747647677729:,1747647683687
counter/5/0/0/0,32794:1747647676239:,1747647683687
counter/4/0/0/0,27478:1747647673142:,1747647683687
counter/6/0/0/0,32134:1747647677730:,1747647683687
counter/5/0/0/0,32795:1747647676239:,1747647683687
counter/4/0/0/0,27479:1747647673143:,1747647683687
counter/6/0/0/0,32135:1747647677730:,1747647683687
counter/5/0/0/0,32796:1747647676239:,1747647683687
counter/4/0/0/0,27480:1747647673144:,1747647683687
counter/6/0/0/0,32136:1747647677730:,1747647683687
counter/5/0/0/0,32797:1747647676239:,1747647683687
counter/4/0/0/0,27481:1747647673144:,1747647683687
counter/6/0/0/0,32137:1747647677730:,1747647683687
counter/5/0/0/0,32798:1747647676239:,1747647683687
counter/4/0/0/0,27482:1747647673144:,1747647683687
counter/6/0/0/0,32138:1747647677747:,1747647683688
counter/5/0/0/0,32799:1747647676239:,1747647683688
counter/4/0/0/0,27483:1747647673144:,1747647683688
counter/6/0/0/0,32139:1747647677747:,1747647683688
counter/5/0/0/0,32800:1747647676239:,1747647683688
counter/4/0/0/0,27484:1747647673144:,1747647683688
counter/6/0/0/0,32140:1747647677747:,1747647683688
counter/5/0/0/0,32801:1747647676239:,1747647683688
counter/4/0/0/0,27485:1747647673144:,1747647683688
counter/6/0/0/0,32141:1747647677747:,1747647683688
counter/5/0/0/0,32802:1747647676244:,1747647683688
counter/4/0/0/0,27486:1747647673144:,1747647683688
counter/6/0/0/0,32142:1747647677747:,1747647683688
counter/5/0/0/0,32803:1747647676244:,1747647683688
counter/4/0/0/0,27487:1747647673144:,1747647683688
counter/6/0/0/0,32143:1747647677747:,1747647683688
counter/5/0/0/0,32804:1747647676244:,1747647683688
counter/4/0/0/0,27488:1747647673144:,1747647683688
counter/6/0/0/0,32144:1747647677747:,1747647683688
counter/5/0/0/0,32805:1747647676244:,1747647683688
counter/4/0/0/0,27489:1747647673145:,1747647683688
counter/6/0/0/0,32145:1747647677761:,1747647683688
counter/5/0/0/0,32806:1747647676244:,1747647683688
counter/4/0/0/0,27490:1747647673145:,1747647683688
counter/6/0/0/0,32146:1747647677761:,1747647683688
counter/5/0/0/0,32807:1747647676244:,1747647683688
counter/4/0/0/0,27491:1747647673146:,1747647683688
counter/6/0/0/0,32147:1747647677761:,1747647683688
counter/5/0/0/0,32808:1747647676244:,1747647683688
counter/4/0/0/0,27492:1747647673153:,1747647683688
counter/6/0/0/0,32148:1747647677761:,1747647683688
counter/5/0/0/0,32809:1747647676244:,1747647683688
counter/4/0/0/0,27493:1747647673153:,1747647683688
counter/6/0/0/0,32149:1747647677761:,1747647683688
counter/5/0/0/0,32810:1747647676248:,1747647683688
counter/4/0/0/0,27494:1747647673153:,1747647683688
counter/6/0/0/0,32150:1747647677761:,1747647683688
counter/5/0/0/0,32811:1747647676248:,1747647683688
counter/4/0/0/0,27495:1747647673153:,1747647683688
counter/6/0/0/0,32151:1747647677762:,1747647683689
counter/5/0/0/0,32812:1747647676248:,1747647683689
counter/4/0/0/0,27496:1747647673153:,1747647683689
counter/6/0/0/0,32152:1747647677762:,1747647683689
counter/5/0/0/0,32813:1747647676248:,1747647683689
counter/4/0/0/0,27497:1747647673153:,1747647683689
counter/6/0/0/0,32153:1747647677763:,1747647683689
counter/5/0/0/0,32814:1747647676248:,1747647683689
counter/4/0/0/0,27498:1747647673153:,1747647683689
counter/6/0/0/0,32154:1747647677763:,1747647683689
counter/5/0/0/0,32815:1747647676248:,1747647683689
counter/4/0/0/0,27499:1747647673153:,1747647683689
counter/6/0/0/0,32155:1747647677763:,1747647683689
counter/5/0/0/0,32816:1747647676248:,1747647683689
counter/4/0/0/0,27500:1747647673153:,1747647683689
counter/6/0/0/0,32156:1747647677763:,1747647683689
counter/5/0/0/0,32817:1747647676248:,1747647683689
counter/4/0/0/0,27501:1747647673153:,1747647683689
counter/6/0/0/0,32157:1747647677763:,1747647683689
counter/5/0/0/0,32818:1747647676249:,1747647683689
counter/4/0/0/0,27502:1747647673153:,1747647683689
counter/6/0/0/0,32158:1747647677763:,1747647683689
counter/5/0/0/0,32819:1747647676250:,1747647683689
counter/4/0/0/0,27503:1747647673153:,1747647683689
counter/6/0/0/0,32159:1747647677763:,1747647683689
counter/5/0/0/0,32820:1747647676250:,1747647683689
counter/4/0/0/0,27504:1747647673154:,1747647683689
counter/6/0/0/0,32160:1747647677764:,1747647683689
counter/5/0/0/0,32821:1747647676250:,1747647683689
counter/4/0/0/0,27505:1747647673154:,1747647683689
counter/6/0/0/0,32161:1747647677764:,1747647683689
counter/5/0/0/0,32822:1747647676251:,1747647683689
counter/4/0/0/0,27506:1747647673154:,1747647683689
counter/6/0/0/0,32162:1747647677764:,1747647683689
counter/5/0/0/0,32823:1747647676251:,1747647683689
counter/4/0/0/0,27507:1747647673154:,1747647683689
counter/6/0/0/0,32163:1747647677764:,1747647683689
counter/5/0/0/0,32824:1747647676251:,1747647683690
counter/4/0/0/0,27508:1747647673158:,1747647683690
counter/6/0/0/0,32164:1747647677764:,1747647683690
counter/5/0/0/0,32825:1747647676251:,1747647683690
counter/4/0/0/0,27509:1747647673158:,1747647683690
counter/6/0/0/0,32165:1747647677764:,1747647683690
counter/10/0/0/0,27598:1747647671125:,1747647683690
counter/5/0/0/0,32826:1747647676251:,1747647683690
counter/4/0/0/0,27510:1747647673158:,1747647683690
counter/6/0/0/0,32166:1747647677764:,1747647683690
counter/1/0/0/0,28310:1747647674438:,1747647683690
counter/9/0/0/0,37917:1747647679058:,1747647683690
counter/5/0/0/0,32827:1747647676275:,1747647683690
counter/4/0/0/0,27511:1747647673158:,1747647683690
counter/6/0/0/0,32167:1747647677764:,1747647683690
counter/5/0/0/0,32828:1747647676275:,1747647683690
counter/4/0/0/0,27512:1747647673158:,1747647683690
counter/6/0/0/0,32168:1747647677764:,1747647683690
counter/5/0/0/0,32829:1747647676275:,1747647683690
counter/4/0/0/0,27513:1747647673158:,1747647683690
counter/6/0/0/0,32169:1747647677764:,1747647683690
counter/5/0/0/0,32830:1747647676275:,1747647683690
counter/4/0/0/0,27514:1747647673158:,1747647683690
counter/6/0/0/0,32170:1747647677765:,1747647683690
counter/5/0/0/0,32831:1747647676279:,1747647683690
counter/4/0/0/0,27515:1747647673158:,1747647683690
counter/6/0/0/0,32171:1747647677765:,1747647683690
counter/5/0/0/0,32832:1747647676279:,1747647683690
counter/4/0/0/0,27516:1747647673158:,1747647683690
counter/6/0/0/0,32172:1747647677765:,1747647683690
counter/5/0/0/0,32833:1747647676279:,1747647683690
counter/4/0/0/0,27517:1747647673158:,1747647683690
counter/6/0/0/0,32173:1747647677765:,1747647683690
counter/5/0/0/0,32834:1747647676279:,1747647683690
counter/4/0/0/0,27518:1747647673158:,1747647683690
counter/6/0/0/0,32174:1747647677765:,1747647683690
counter/9/0/0/0,37918:1747647679058:,1747647683690
counter/5/0/0/0,32835:1747647676279:,1747647683690
counter/4/0/0/0,27519:1747647673158:,1747647683690
counter/6/0/0/0,32175:1747647677771:,1747647683690
counter/3/0/0/0,26950:1747647672978:,1747647683690
counter/5/0/0/0,32836:1747647676279:,1747647683690
counter/4/0/0/0,27520:1747647673158:,1747647683691
counter/6/0/0/0,32176:1747647677771:,1747647683691
counter/5/0/0/0,32837:1747647676279:,1747647683691
counter/4/0/0/0,27521:1747647673167:,1747647683691
counter/6/0/0/0,32177:1747647677772:,1747647683691
counter/5/0/0/0,32838:1747647676279:,1747647683691
counter/4/0/0/0,27522:1747647673167:,1747647683691
counter/6/0/0/0,32178:1747647677772:,1747647683691
counter/5/0/0/0,32839:1747647676279:,1747647683691
counter/4/0/0/0,27523:1747647673167:,1747647683691
counter/6/0/0/0,32179:1747647677772:,1747647683691
counter/5/0/0/0,32840:1747647676279:,1747647683691
counter/4/0/0/0,27524:1747647673167:,1747647683691
counter/6/0/0/0,32180:1747647677772:,1747647683691
counter/1/0/0/0,28311:1747647674438:,1747647683691
counter/5/0/0/0,32841:1747647676279:,1747647683691
counter/4/0/0/0,27525:1747647673167:,1747647683691
counter/6/0/0/0,32181:1747647677772:,1747647683691
counter/5/0/0/0,32842:1747647676279:,1747647683691
counter/4/0/0/0,27526:1747647673167:,1747647683691
counter/6/0/0/0,32182:1747647677772:,1747647683691
counter/5/0/0/0,32843:1747647676279:,1747647683691
counter/4/0/0/0,27527:1747647673167:,1747647683691
counter/6/0/0/0,32183:1747647677772:,1747647683691
counter/5/0/0/0,32844:1747647676279:,1747647683691
counter/6/0/0/0,32184:1747647677772:,1747647683691
counter/5/0/0/0,32845:1747647676285:,1747647683691
counter/6/0/0/0,32185:1747647677772:,1747647683691
counter/5/0/0/0,32846:1747647676285:,1747647683691
counter/6/0/0/0,32186:1747647677772:,1747647683691
counter/5/0/0/0,32847:1747647676285:,1747647683691
counter/6/0/0/0,32187:1747647677772:,1747647683691
counter/5/0/0/0,32848:1747647676285:,1747647683691
counter/6/0/0/0,32188:1747647677772:,1747647683691
counter/5/0/0/0,32849:1747647676285:,1747647683691
counter/6/0/0/0,32189:1747647677776:,1747647683691
counter/5/0/0/0,32850:1747647676285:,1747647683691
counter/6/0/0/0,32190:1747647677781:,1747647683691
counter/1/0/0/0,28312:1747647674438:,1747647683691
counter/5/0/0/0,32851:1747647676285:,1747647683691
counter/6/0/0/0,32191:1747647677781:,1747647683691
counter/1/0/0/0,28313:1747647674438:,1747647683692
counter/3/0/0/0,26951:1747647672978:,1747647683692
counter/5/0/0/0,32852:1747647676285:,1747647683692
counter/6/0/0/0,32192:1747647677782:,1747647683692
counter/10/0/0/0,27599:1747647671125:,1747647683692
counter/4/0/0/0,27528:1747647673171:,1747647683692
counter/7/0/0/0,32742:1747647677311:,1747647683692
counter/5/0/0/0,32853:1747647676285:,1747647683692
counter/6/0/0/0,32193:1747647677782:,1747647683692
counter/5/0/0/0,32854:1747647676291:,1747647683692
counter/6/0/0/0,32194:1747647677782:,1747647683692
counter/10/0/0/0,27600:1747647671125:,1747647683692
counter/5/0/0/0,32855:1747647676291:,1747647683692
counter/6/0/0/0,32195:1747647677782:,1747647683692
counter/4/0/0/0,27529:1747647673171:,1747647683692
counter/7/0/0/0,32743:1747647677311:,1747647683692
counter/5/0/0/0,32856:1747647676291:,1747647683692
counter/6/0/0/0,32196:1747647677782:,1747647683692
counter/9/0/0/0,37919:1747647679058:,1747647683692
counter/3/0/0/0,26952:1747647672978:,1747647683692
counter/5/0/0/0,32857:1747647676291:,1747647683692
counter/6/0/0/0,32197:1747647677782:,1747647683692
counter/5/0/0/0,32858:1747647676291:,1747647683692
counter/6/0/0/0,32198:1747647677782:,1747647683692
counter/5/0/0/0,32859:1747647676291:,1747647683692
counter/6/0/0/0,32199:1747647677782:,1747647683692
counter/5/0/0/0,32860:1747647676291:,1747647683692
counter/6/0/0/0,32200:1747647677782:,1747647683692
counter/5/0/0/0,32861:1747647676291:,1747647683692
counter/6/0/0/0,32201:1747647677782:,1747647683692
counter/5/0/0/0,32862:1747647676291:,1747647683692
counter/6/0/0/0,32202:1747647677782:,1747647683692
counter/10/0/0/0,27601:1747647671125:,1747647683692
counter/5/0/0/0,32863:1747647676291:,1747647683692
counter/6/0/0/0,32203:1747647677782:,1747647683692
counter/9/0/0/0,37920:1747647679058:,1747647683692
counter/3/0/0/0,26953:1747647672978:,1747647683692
counter/5/0/0/0,32864:1747647676294:,1747647683692
counter/6/0/0/0,32204:1747647677782:,1747647683692
counter/5/0/0/0,32865:1747647676294:,1747647683692
counter/6/0/0/0,32205:1747647677782:,1747647683692
counter/5/0/0/0,32866:1747647676295:,1747647683693
counter/6/0/0/0,32206:1747647677792:,1747647683693
counter/9/0/0/0,37921:1747647679058:,1747647683693
counter/5/0/0/0,32867:1747647676295:,1747647683693
counter/6/0/0/0,32207:1747647677792:,1747647683693
counter/3/0/0/0,26954:1747647672978:,1747647683693
counter/1/0/0/0,28314:1747647674438:,1747647683693
counter/5/0/0/0,32868:1747647676296:,1747647683693
counter/6/0/0/0,32208:1747647677792:,1747647683693
counter/5/0/0/0,32869:1747647676296:,1747647683693
counter/6/0/0/0,32209:1747647677792:,1747647683693
counter/5/0/0/0,32870:1747647676296:,1747647683693
counter/6/0/0/0,32210:1747647677792:,1747647683693
counter/5/0/0/0,32871:1747647676296:,1747647683693
counter/6/0/0/0,32211:1747647677792:,1747647683693
counter/5/0/0/0,32872:1747647676296:,1747647683693
counter/6/0/0/0,32212:1747647677792:,1747647683693
counter/5/0/0/0,32873:1747647676296:,1747647683693
counter/6/0/0/0,32213:1747647677792:,1747647683693
counter/10/0/0/0,27602:1747647671128:,1747647683693
counter/5/0/0/0,32874:1747647676297:,1747647683693
counter/6/0/0/0,32214:1747647677795:,1747647683693
counter/5/0/0/0,32875:1747647676297:,1747647683693
counter/6/0/0/0,32215:1747647677795:,1747647683693
counter/5/0/0/0,32876:1747647676297:,1747647683693
counter/6/0/0/0,32216:1747647677795:,1747647683693
counter/5/0/0/0,32877:1747647676297:,1747647683693
counter/6/0/0/0,32217:1747647677795:,1747647683693
counter/5/0/0/0,32878:1747647676297:,1747647683693
counter/6/0/0/0,32218:1747647677795:,1747647683693
counter/9/0/0/0,37922:1747647679058:,1747647683693
counter/5/0/0/0,32879:1747647676297:,1747647683693
counter/6/0/0/0,32219:1747647677795:,1747647683693
counter/3/0/0/0,26955:1747647672978:,1747647683693
counter/1/0/0/0,28315:1747647674438:,1747647683693
counter/5/0/0/0,32880:1747647676297:,1747647683693
counter/6/0/0/0,32220:1747647677796:,1747647683693
counter/1/0/0/0,28316:1747647674438:,1747647683693
counter/5/0/0/0,32881:1747647676304:,1747647683693
counter/6/0/0/0,32221:1747647677796:,1747647683693
counter/1/0/0/0,28317:1747647674438:,1747647683693
counter/5/0/0/0,32882:1747647676304:,1747647683694
counter/6/0/0/0,32222:1747647677796:,1747647683694
counter/1/0/0/0,28318:1747647674438:,1747647683694
counter/5/0/0/0,32883:1747647676304:,1747647683694
counter/6/0/0/0,32223:1747647677796:,1747647683694
counter/1/0/0/0,28319:1747647674438:,1747647683694
counter/5/0/0/0,32884:1747647676304:,1747647683694
counter/6/0/0/0,32224:1747647677796:,1747647683694
counter/1/0/0/0,28320:1747647674439:,1747647683694
counter/9/0/0/0,37923:1747647679058:,1747647683694
counter/5/0/0/0,32885:1747647676304:,1747647683694
counter/6/0/0/0,32225:1747647677796:,1747647683694
counter/5/0/0/0,32886:1747647676304:,1747647683694
counter/6/0/0/0,32226:1747647677796:,1747647683694
counter/5/0/0/0,32887:1747647676304:,1747647683694
counter/6/0/0/0,32227:1747647677796:,1747647683694
counter/5/0/0/0,32888:1747647676304:,1747647683694
counter/6/0/0/0,32228:1747647677796:,1747647683694
counter/5/0/0/0,32889:1747647676304:,1747647683694
counter/6/0/0/0,32229:1747647677796:,1747647683694
counter/5/0/0/0,32890:1747647676304:,1747647683694
counter/6/0/0/0,32230:1747647677805:,1747647683694
counter/5/0/0/0,32891:1747647676304:,1747647683694
counter/6/0/0/0,32231:1747647677805:,1747647683694
counter/5/0/0/0,32892:1747647676304:,1747647683694
counter/6/0/0/0,32232:1747647677805:,1747647683694
counter/5/0/0/0,32893:1747647676304:,1747647683694
counter/6/0/0/0,32233:1747647677805:,1747647683694
counter/5/0/0/0,32894:1747647676304:,1747647683694
counter/6/0/0/0,32234:1747647677806:,1747647683694
counter/5/0/0/0,32895:1747647676304:,1747647683694
counter/6/0/0/0,32235:1747647677806:,1747647683694
counter/5/0/0/0,32896:1747647676308:,1747647683694
counter/6/0/0/0,32236:1747647677806:,1747647683694
counter/5/0/0/0,32897:1747647676308:,1747647683694
counter/6/0/0/0,32237:1747647677806:,1747647683694
counter/7/0/0/0,32744:1747647677311:,1747647683694
counter/5/0/0/0,32898:1747647676308:,1747647683694
counter/6/0/0/0,32238:1747647677820:,1747647683694
counter/9/0/0/0,37924:1747647679058:,1747647683695
counter/3/0/0/0,26956:1747647672979:,1747647683695
counter/5/0/0/0,32899:1747647676308:,1747647683695
counter/6/0/0/0,32239:1747647677820:,1747647683695
counter/1/0/0/0,28321:1747647674439:,1747647683695
counter/10/0/0/0,27603:1747647671128:,1747647683695
counter/5/0/0/0,32900:1747647676308:,1747647683695
counter/6/0/0/0,32240:1747647677820:,1747647683695
counter/5/0/0/0,32901:1747647676310:,1747647683695
counter/6/0/0/0,32241:1747647677820:,1747647683695
counter/5/0/0/0,32902:1747647676310:,1747647683695
counter/6/0/0/0,32242:1747647677821:,1747647683695
counter/5/0/0/0,32903:1747647676310:,1747647683695
counter/6/0/0/0,32243:1747647677821:,1747647683695
counter/5/0/0/0,32904:1747647676310:,1747647683695
counter/6/0/0/0,32244:1747647677821:,1747647683695
counter/9/0/0/0,37925:1747647679058:,1747647683695
counter/5/0/0/0,32905:1747647676310:,1747647683695
counter/6/0/0/0,32245:1747647677821:,1747647683695
counter/3/0/0/0,26957:1747647672979:,1747647683695
counter/1/0/0/0,28322:1747647674439:,1747647683695
counter/5/0/0/0,32906:1747647676311:,1747647683695
counter/6/0/0/0,32246:1747647677825:,1747647683695
counter/10/0/0/0,27604:1747647671128:,1747647683695
counter/5/0/0/0,32907:1747647676311:,1747647683695
counter/6/0/0/0,32247:1747647677825:,1747647683695
counter/5/0/0/0,32908:1747647676311:,1747647683695
counter/6/0/0/0,32248:1747647677826:,1747647683695
counter/5/0/0/0,32909:1747647676311:,1747647683695
counter/6/0/0/0,32249:1747647677826:,1747647683695
counter/5/0/0/0,32910:1747647676311:,1747647683695
counter/6/0/0/0,32250:1747647677826:,1747647683695
counter/5/0/0/0,32911:1747647676311:,1747647683695
counter/6/0/0/0,32251:1747647677826:,1747647683695
counter/5/0/0/0,32912:1747647676311:,1747647683695
counter/6/0/0/0,32252:1747647677826:,1747647683695
counter/5/0/0/0,32913:1747647676311:,1747647683695
counter/6/0/0/0,32253:1747647677826:,1747647683695
counter/5/0/0/0,32914:1747647676311:,1747647683695
counter/6/0/0/0,32254:1747647677826:,1747647683695
counter/5/0/0/0,32915:1747647676323:,1747647683695
counter/6/0/0/0,32255:1747647677826:,1747647683695
counter/5/0/0/0,32916:1747647676323:,1747647683696
counter/6/0/0/0,32256:1747647677827:,1747647683696
counter/5/0/0/0,32917:1747647676323:,1747647683696
counter/6/0/0/0,32257:1747647677827:,1747647683696
counter/5/0/0/0,32918:1747647676324:,1747647683696
counter/6/0/0/0,32258:1747647677827:,1747647683696
counter/5/0/0/0,32919:1747647676324:,1747647683696
counter/6/0/0/0,32259:1747647677827:,1747647683696
counter/9/0/0/0,37926:1747647679058:,1747647683696
counter/5/0/0/0,32920:1747647676324:,1747647683696
counter/6/0/0/0,32260:1747647677827:,1747647683696
counter/3/0/0/0,26958:1747647672979:,1747647683696
counter/1/0/0/0,28323:1747647674439:,1747647683696
counter/10/0/0/0,27605:1747647671128:,1747647683696
counter/5/0/0/0,32921:1747647676324:,1747647683696
counter/6/0/0/0,32261:1747647677827:,1747647683696
counter/4/0/0/0,27530:1747647673171:,1747647683696
counter/5/0/0/0,32922:1747647676324:,1747647683696
counter/6/0/0/0,32262:1747647677834:,1747647683696
counter/5/0/0/0,32923:1747647676324:,1747647683696
counter/6/0/0/0,32263:1747647677834:,1747647683696
counter/5/0/0/0,32924:1747647676324:,1747647683696
counter/6/0/0/0,32264:1747647677835:,1747647683696
counter/5/0/0/0,32925:1747647676324:,1747647683696
counter/6/0/0/0,32265:1747647677836:,1747647683696
counter/5/0/0/0,32926:1747647676324:,1747647683696
counter/6/0/0/0,32266:1747647677837:,1747647683696
counter/5/0/0/0,32927:1747647676324:,1747647683696
counter/6/0/0/0,32267:1747647677837:,1747647683696
counter/5/0/0/0,32928:1747647676324:,1747647683696
counter/6/0/0/0,32268:1747647677837:,1747647683696
counter/9/0/0/0,37927:1747647679058:,1747647683696
counter/5/0/0/0,32929:1747647676324:,1747647683696
counter/6/0/0/0,32269:1747647677837:,1747647683696
counter/3/0/0/0,26959:1747647672979:,1747647683696
counter/10/0/0/0,27606:1747647671128:,1747647683696
counter/5/0/0/0,32930:1747647676324:,1747647683696
counter/6/0/0/0,32270:1747647677837:,1747647683696
counter/5/0/0/0,32931:1747647676324:,1747647683696
counter/6/0/0/0,32271:1747647677837:,1747647683697
counter/5/0/0/0,32932:1747647676324:,1747647683697
counter/6/0/0/0,32272:1747647677837:,1747647683697
counter/5/0/0/0,32933:1747647676324:,1747647683697
counter/6/0/0/0,32273:1747647677837:,1747647683697
counter/5/0/0/0,32934:1747647676324:,1747647683697
counter/6/0/0/0,32274:1747647677837:,1747647683697
counter/5/0/0/0,32935:1747647676324:,1747647683697
counter/6/0/0/0,32275:1747647677837:,1747647683697
counter/5/0/0/0,32936:1747647676324:,1747647683697
counter/6/0/0/0,32276:1747647677837:,1747647683697
counter/5/0/0/0,32937:1747647676324:,1747647683697
counter/6/0/0/0,32277:1747647677848:,1747647683697
counter/5/0/0/0,32938:1747647676324:,1747647683697
counter/6/0/0/0,32278:1747647677848:,1747647683697
counter/9/0/0/0,37928:1747647679059:,1747647683697
counter/5/0/0/0,32939:1747647676324:,1747647683697
counter/6/0/0/0,32279:1747647677848:,1747647683697
counter/1/0/0/0,28324:1747647674439:,1747647683697
counter/3/0/0/0,26960:1747647672979:,1747647683697
counter/5/0/0/0,32940:1747647676324:,1747647683697
counter/6/0/0/0,32280:1747647677848:,1747647683697
counter/10/0/0/0,27607:1747647671128:,1747647683697
counter/5/0/0/0,32941:1747647676324:,1747647683697
counter/6/0/0/0,32281:1747647677848:,1747647683697
counter/5/0/0/0,32942:1747647676324:,1747647683697
counter/6/0/0/0,32282:1747647677848:,1747647683697
counter/5/0/0/0,32943:1747647676325:,1747647683697
counter/6/0/0/0,32283:1747647677848:,1747647683697
counter/5/0/0/0,32944:1747647676325:,1747647683697
counter/6/0/0/0,32284:1747647677848:,1747647683697
counter/5/0/0/0,32945:1747647676325:,1747647683697
counter/6/0/0/0,32285:1747647677848:,1747647683697
counter/5/0/0/0,32946:1747647676325:,1747647683697
counter/6/0/0/0,32286:1747647677848:,1747647683697
counter/5/0/0/0,32947:1747647676325:,1747647683697
counter/6/0/0/0,32287:1747647677848:,1747647683697
counter/5/0/0/0,32948:1747647676329:,1747647683697
counter/6/0/0/0,32288:1747647677848:,1747647683697
counter/5/0/0/0,32949:1747647676329:,1747647683697
counter/6/0/0/0,32289:1747647677848:,1747647683697
counter/5/0/0/0,32950:1747647676329:,1747647683697
counter/6/0/0/0,32290:1747647677849:,1747647683698
counter/5/0/0/0,32951:1747647676329:,1747647683698
counter/6/0/0/0,32291:1747647677850:,1747647683698
counter/5/0/0/0,32952:1747647676329:,1747647683698
counter/6/0/0/0,32292:1747647677850:,1747647683698
counter/5/0/0/0,32953:1747647676330:,1747647683698
counter/6/0/0/0,32293:1747647677850:,1747647683698
counter/5/0/0/0,32954:1747647676330:,1747647683698
counter/6/0/0/0,32294:1747647677850:,1747647683698
counter/5/0/0/0,32955:1747647676330:,1747647683698
counter/6/0/0/0,32295:1747647677850:,1747647683698
counter/5/0/0/0,32956:1747647676330:,1747647683698
counter/6/0/0/0,32296:1747647677850:,1747647683698
counter/5/0/0/0,32957:1747647676330:,1747647683698
counter/6/0/0/0,32297:1747647677850:,1747647683698
counter/5/0/0/0,32958:1747647676330:,1747647683698
counter/6/0/0/0,32298:1747647677850:,1747647683698
counter/5/0/0/0,32959:1747647676330:,1747647683698
counter/5/0/0/0,32960:1747647676330:,1747647683698
counter/5/0/0/0,32961:1747647676330:,1747647683698
counter/3/0/0/0,26961:1747647672981:,1747647683698
counter/5/0/0/0,32962:1747647676330:,1747647683698
counter/5/0/0/0,32963:1747647676330:,1747647683698
counter/5/0/0/0,32964:1747647676334:,1747647683698
counter/5/0/0/0,32965:1747647676334:,1747647683698
counter/5/0/0/0,32966:1747647676334:,1747647683698
counter/5/0/0/0,32967:1747647676334:,1747647683698
counter/5/0/0/0,32968:1747647676334:,1747647683698
counter/5/0/0/0,32969:1747647676334:,1747647683698
counter/5/0/0/0,32970:1747647676335:,1747647683698
counter/5/0/0/0,32971:1747647676335:,1747647683698
counter/4/0/0/0,27531:1747647673171:,1747647683698
counter/5/0/0/0,32972:1747647676335:,1747647683698
counter/9/0/0/0,37929:1747647679059:,1747647683698
counter/5/0/0/0,32973:1747647676335:,1747647683698
counter/5/0/0/0,32974:1747647676335:,1747647683698
counter/5/0/0/0,32975:1747647676335:,1747647683698
counter/5/0/0/0,32976:1747647676335:,1747647683698
counter/5/0/0/0,32977:1747647676342:,1747647683698
counter/5/0/0/0,32978:1747647676356:,1747647683698
counter/5/0/0/0,32979:1747647676370:,1747647683698
counter/5/0/0/0,32980:1747647676370:,1747647683698
counter/5/0/0/0,32981:1747647676370:,1747647683699
counter/5/0/0/0,32982:1747647676370:,1747647683699
counter/5/0/0/0,32983:1747647676370:,1747647683699
counter/5/0/0/0,32984:1747647676370:,1747647683699
counter/5/0/0/0,32985:1747647676370:,1747647683699
counter/5/0/0/0,32986:1747647676370:,1747647683699
counter/9/0/0/0,37930:1747647679059:,1747647683699
counter/5/0/0/0,32987:1747647676370:,1747647683699
counter/10/0/0/0,27608:1747647671128:,1747647683699
counter/5/0/0/0,32988:1747647676370:,1747647683699
counter/5/0/0/0,32989:1747647676370:,1747647683699
counter/5/0/0/0,32990:1747647676371:,1747647683699
counter/5/0/0/0,32991:1747647676379:,1747647683699
counter/5/0/0/0,32992:1747647676379:,1747647683699
counter/5/0/0/0,32993:1747647676379:,1747647683699
counter/5/0/0/0,32994:1747647676379:,1747647683699
counter/5/0/0/0,32995:1747647676379:,1747647683699
counter/5/0/0/0,32996:1747647676388:,1747647683699
counter/5/0/0/0,32997:1747647676388:,1747647683699
counter/5/0/0/0,32998:1747647676388:,1747647683699
counter/5/0/0/0,32999:1747647676388:,1747647683699
counter/5/0/0/0,33000:1747647676388:,1747647683699
counter/5/0/0/0,33001:1747647676388:,1747647683699
counter/5/0/0/0,33002:1747647676388:,1747647683699
counter/5/0/0/0,33003:1747647676388:,1747647683699
counter/5/0/0/0,33004:1747647676388:,1747647683699
counter/5/0/0/0,33005:1747647676388:,1747647683699
counter/5/0/0/0,33006:1747647676388:,1747647683699
counter/5/0/0/0,33007:1747647676388:,1747647683699
counter/5/0/0/0,33008:1747647676390:,1747647683699
counter/5/0/0/0,33009:1747647676390:,1747647683699
counter/5/0/0/0,33010:1747647676390:,1747647683699
counter/5/0/0/0,33011:1747647676390:,1747647683699
counter/5/0/0/0,33012:1747647676390:,1747647683700
counter/5/0/0/0,33013:1747647676390:,1747647683700
counter/5/0/0/0,33014:1747647676390:,1747647683700
counter/1/0/0/0,28325:1747647674439:,1747647683700
counter/5/0/0/0,33015:1747647676390:,1747647683700
counter/9/0/0/0,37931:1747647679059:,1747647683700
counter/3/0/0/0,26962:1747647672982:,1747647683700
counter/5/0/0/0,33016:1747647676390:,1747647683700
counter/10/0/0/0,27609:1747647671129:,1747647683700
counter/7/0/0/0,32745:1747647677335:,1747647683700
counter/5/0/0/0,33017:1747647676392:,1747647683700
counter/4/0/0/0,27532:1747647673171:,1747647683700
counter/5/0/0/0,33018:1747647676392:,1747647683700
counter/5/0/0/0,33019:1747647676392:,1747647683700
counter/5/0/0/0,33020:1747647676392:,1747647683700
counter/5/0/0/0,33021:1747647676392:,1747647683700
counter/5/0/0/0,33022:1747647676392:,1747647683700
counter/5/0/0/0,33023:1747647676392:,1747647683700
counter/5/0/0/0,33024:1747647676392:,1747647683700
counter/4/0/0/0,27533:1747647673171:,1747647683700
counter/5/0/0/0,33025:1747647676394:,1747647683700
counter/5/0/0/0,33026:1747647676394:,1747647683700
counter/5/0/0/0,33027:1747647676394:,1747647683700
counter/5/0/0/0,33028:1747647676394:,1747647683700
counter/5/0/0/0,33029:1747647676394:,1747647683700
counter/5/0/0/0,33030:1747647676394:,1747647683700
counter/5/0/0/0,33031:1747647676394:,1747647683700
counter/5/0/0/0,33032:1747647676394:,1747647683700
counter/5/0/0/0,33033:1747647676416:,1747647683700
counter/5/0/0/0,33034:1747647676416:,1747647683700
counter/5/0/0/0,33035:1747647676416:,1747647683700
counter/5/0/0/0,33036:1747647676416:,1747647683700
counter/5/0/0/0,33037:1747647676416:,1747647683700
counter/5/0/0/0,33038:1747647676416:,1747647683700
counter/5/0/0/0,33039:1747647676416:,1747647683700
counter/10/0/0/0,27610:1747647671129:,1747647683700
counter/5/0/0/0,33040:1747647676416:,1747647683700
counter/9/0/0/0,37932:1747647679059:,1747647683700
counter/4/0/0/0,27534:1747647673171:,1747647683700
counter/5/0/0/0,33041:1747647676416:,1747647683700
counter/4/0/0/0,27535:1747647673172:,1747647683700
counter/5/0/0/0,33042:1747647676418:,1747647683701
counter/4/0/0/0,27536:1747647673172:,1747647683701
counter/5/0/0/0,33043:1747647676418:,1747647683701
counter/4/0/0/0,27537:1747647673172:,1747647683701
counter/5/0/0/0,33044:1747647676418:,1747647683701
counter/4/0/0/0,27538:1747647673172:,1747647683701
counter/5/0/0/0,33045:1747647676418:,1747647683701
counter/4/0/0/0,27539:1747647673172:,1747647683701
counter/5/0/0/0,33046:1747647676418:,1747647683701
counter/4/0/0/0,27540:1747647673176:,1747647683701
counter/5/0/0/0,33047:1747647676418:,1747647683701
counter/4/0/0/0,27541:1747647673176:,1747647683701
counter/5/0/0/0,33048:1747647676418:,1747647683701
counter/4/0/0/0,27542:1747647673176:,1747647683701
counter/5/0/0/0,33049:1747647676427:,1747647683701
counter/4/0/0/0,27543:1747647673176:,1747647683701
counter/3/0/0/0,26963:1747647672982:,1747647683701
counter/5/0/0/0,33050:1747647676427:,1747647683701
counter/4/0/0/0,27544:1747647673176:,1747647683701
counter/5/0/0/0,33051:1747647676438:,1747647683701
counter/4/0/0/0,27545:1747647673176:,1747647683701
counter/5/0/0/0,33052:1747647676438:,1747647683701
counter/4/0/0/0,27546:1747647673176:,1747647683701
counter/5/0/0/0,33053:1747647676438:,1747647683701
counter/4/0/0/0,27547:1747647673176:,1747647683701
counter/5/0/0/0,33054:1747647676438:,1747647683701
counter/4/0/0/0,27548:1747647673176:,1747647683701
counter/5/0/0/0,33055:1747647676438:,1747647683701
counter/4/0/0/0,27549:1747647673176:,1747647683701
counter/5/0/0/0,33056:1747647676443:,1747647683701
counter/5/0/0/0,33057:1747647676443:,1747647683701
counter/5/0/0/0,33058:1747647676443:,1747647683701
counter/5/0/0/0,33059:1747647676443:,1747647683701
counter/5/0/0/0,33060:1747647676443:,1747647683701
counter/5/0/0/0,33061:1747647676443:,1747647683701
counter/5/0/0/0,33062:1747647676443:,1747647683701
counter/5/0/0/0,33063:1747647676443:,1747647683701
counter/5/0/0/0,33064:1747647676444:,1747647683701
counter/7/0/0/0,32746:1747647677335:,1747647683701
counter/5/0/0/0,33065:1747647676444:,1747647683702
counter/3/0/0/0,26964:1747647672982:,1747647683702
counter/4/0/0/0,27550:1747647673176:,1747647683702
counter/5/0/0/0,33066:1747647676444:,1747647683702
counter/9/0/0/0,37933:1747647679059:,1747647683702
counter/1/0/0/0,28326:1747647674440:,1747647683702
counter/5/0/0/0,33067:1747647676444:,1747647683702
counter/5/0/0/0,33068:1747647676444:,1747647683702
counter/5/0/0/0,33069:1747647676445:,1747647683702
counter/5/0/0/0,33070:1747647676445:,1747647683702
counter/5/0/0/0,33071:1747647676445:,1747647683702
counter/5/0/0/0,33072:1747647676445:,1747647683702
counter/5/0/0/0,33073:1747647676445:,1747647683702
counter/5/0/0/0,33074:1747647676445:,1747647683702
counter/5/0/0/0,33075:1747647676445:,1747647683702
counter/5/0/0/0,33076:1747647676445:,1747647683702
counter/5/0/0/0,33077:1747647676445:,1747647683702
counter/5/0/0/0,33078:1747647676457:,1747647683702
counter/5/0/0/0,33079:1747647676457:,1747647683702
counter/5/0/0/0,33080:1747647676457:,1747647683702
counter/5/0/0/0,33081:1747647676457:,1747647683702
counter/5/0/0/0,33082:1747647676457:,1747647683702
counter/5/0/0/0,33083:1747647676457:,1747647683702
counter/5/0/0/0,33084:1747647676457:,1747647683702
counter/5/0/0/0,33085:1747647676457:,1747647683702
counter/5/0/0/0,33086:1747647676457:,1747647683702
counter/5/0/0/0,33087:1747647676457:,1747647683702
counter/5/0/0/0,33088:1747647676457:,1747647683702
counter/5/0/0/0,33089:1747647676457:,1747647683702
counter/5/0/0/0,33090:1747647676457:,1747647683702
counter/5/0/0/0,33091:1747647676457:,1747647683702
counter/5/0/0/0,33092:1747647676457:,1747647683702
counter/5/0/0/0,33093:1747647676457:,1747647683702
counter/5/0/0/0,33094:1747647676458:,1747647683702
counter/5/0/0/0,33095:1747647676458:,1747647683702
counter/5/0/0/0,33096:1747647676468:,1747647683702
counter/5/0/0/0,33097:1747647676468:,1747647683702
counter/5/0/0/0,33098:1747647676468:,1747647683702
counter/5/0/0/0,33099:1747647676468:,1747647683703
counter/5/0/0/0,33100:1747647676468:,1747647683703
counter/5/0/0/0,33101:1747647676468:,1747647683703
counter/5/0/0/0,33102:1747647676468:,1747647683703
counter/5/0/0/0,33103:1747647676468:,1747647683703
counter/5/0/0/0,33104:1747647676468:,1747647683703
counter/5/0/0/0,33105:1747647676468:,1747647683703
counter/5/0/0/0,33106:1747647676468:,1747647683703
counter/5/0/0/0,33107:1747647676468:,1747647683703
counter/5/0/0/0,33108:1747647676468:,1747647683703
counter/5/0/0/0,33109:1747647676468:,1747647683703
counter/5/0/0/0,33110:1747647676468:,1747647683703
counter/5/0/0/0,33111:1747647676468:,1747647683703
counter/5/0/0/0,33112:1747647676483:,1747647683703
counter/5/0/0/0,33113:1747647676488:,1747647683703
counter/5/0/0/0,33114:1747647676488:,1747647683703
counter/5/0/0/0,33115:1747647676488:,1747647683703
counter/5/0/0/0,33116:1747647676488:,1747647683703
counter/5/0/0/0,33117:1747647676488:,1747647683703
counter/5/0/0/0,33118:1747647676488:,1747647683703
counter/5/0/0/0,33119:1747647676494:,1747647683703
counter/5/0/0/0,33120:1747647676495:,1747647683703
counter/5/0/0/0,33121:1747647676495:,1747647683703
counter/5/0/0/0,33122:1747647676495:,1747647683703
counter/5/0/0/0,33123:1747647676495:,1747647683703
counter/5/0/0/0,33124:1747647676495:,1747647683703
counter/5/0/0/0,33125:1747647676497:,1747647683703
counter/5/0/0/0,33126:1747647676506:,1747647683703
counter/5/0/0/0,33127:1747647676506:,1747647683703
counter/5/0/0/0,33128:1747647676506:,1747647683703
counter/5/0/0/0,33129:1747647676506:,1747647683703
counter/4/0/0/0,27551:1747647673177:,1747647683703
counter/5/0/0/0,33130:1747647676507:,1747647683703
counter/3/0/0/0,26965:1747647672982:,1747647683703
counter/9/0/0/0,37934:1747647679059:,1747647683703
counter/5/0/0/0,33131:1747647676507:,1747647683703
counter/1/0/0/0,28327:1747647674461:,1747647683703
counter/5/0/0/0,33132:1747647676515:,1747647683703
counter/5/0/0/0,33133:1747647676515:,1747647683703
counter/5/0/0/0,33134:1747647676515:,1747647683703
counter/5/0/0/0,33135:1747647676515:,1747647683703
counter/5/0/0/0,33136:1747647676515:,1747647683703
counter/5/0/0/0,33137:1747647676515:,1747647683704
counter/5/0/0/0,33138:1747647676515:,1747647683704
counter/5/0/0/0,33139:1747647676515:,1747647683704
counter/5/0/0/0,33140:1747647676515:,1747647683704
counter/5/0/0/0,33141:1747647676515:,1747647683704
counter/5/0/0/0,33142:1747647676515:,1747647683704
counter/5/0/0/0,33143:1747647676515:,1747647683704
counter/5/0/0/0,33144:1747647676516:,1747647683704
counter/5/0/0/0,33145:1747647676516:,1747647683704
counter/5/0/0/0,33146:1747647676516:,1747647683704
counter/5/0/0/0,33147:1747647676516:,1747647683704
counter/5/0/0/0,33148:1747647676520:,1747647683704
counter/5/0/0/0,33149:1747647676520:,1747647683704
counter/5/0/0/0,33150:1747647676524:,1747647683704
counter/5/0/0/0,33151:1747647676526:,1747647683704
counter/4/0/0/0,27552:1747647673182:,1747647683704
counter/5/0/0/0,33152:1747647676526:,1747647683704
counter/3/0/0/0,26966:1747647672982:,1747647683704
counter/5/0/0/0,33153:1747647676526:,1747647683704
counter/9/0/0/0,37935:1747647679059:,1747647683704
counter/1/0/0/0,28328:1747647674461:,1747647683704
counter/5/0/0/0,33154:1747647676526:,1747647683704
counter/5/0/0/0,33155:1747647676526:,1747647683704
counter/5/0/0/0,33156:1747647676526:,1747647683704
counter/5/0/0/0,33157:1747647676527:,1747647683704
counter/5/0/0/0,33158:1747647676527:,1747647683704
counter/5/0/0/0,33159:1747647676527:,1747647683704
counter/5/0/0/0,33160:1747647676527:,1747647683704
counter/5/0/0/0,33161:1747647676527:,1747647683704
counter/5/0/0/0,33162:1747647676527:,1747647683704
counter/5/0/0/0,33163:1747647676527:,1747647683704
counter/5/0/0/0,33164:1747647676527:,1747647683704
counter/5/0/0/0,33165:1747647676527:,1747647683704
counter/9/0/0/0,37936:1747647679059:,1747647683704
counter/5/0/0/0,33166:1747647676535:,1747647683704
counter/1/0/0/0,28329:1747647674461:,1747647683704
counter/5/0/0/0,33167:1747647676535:,1747647683704
counter/5/0/0/0,33168:1747647676535:,1747647683704
counter/5/0/0/0,33169:1747647676535:,1747647683705
counter/5/0/0/0,33170:1747647676535:,1747647683705
counter/5/0/0/0,33171:1747647676535:,1747647683705
counter/5/0/0/0,33172:1747647676535:,1747647683705
counter/5/0/0/0,33173:1747647676535:,1747647683705
counter/5/0/0/0,33174:1747647676535:,1747647683705
counter/5/0/0/0,33175:1747647676536:,1747647683705
counter/5/0/0/0,33176:1747647676536:,1747647683705
counter/5/0/0/0,33177:1747647676536:,1747647683705
counter/5/0/0/0,33178:1747647676536:,1747647683705
counter/5/0/0/0,33179:1747647676536:,1747647683705
counter/5/0/0/0,33180:1747647676536:,1747647683705
counter/5/0/0/0,33181:1747647676536:,1747647683705
counter/5/0/0/0,33182:1747647676536:,1747647683705
counter/5/0/0/0,33183:1747647676536:,1747647683705
counter/5/0/0/0,33184:1747647676536:,1747647683705
counter/5/0/0/0,33185:1747647676536:,1747647683705
counter/5/0/0/0,33186:1747647676536:,1747647683705
counter/1/0/0/0,28330:1747647674461:,1747647683705
counter/5/0/0/0,33187:1747647676536:,1747647683705
counter/1/0/0/0,28331:1747647674461:,1747647683705
counter/5/0/0/0,33188:1747647676536:,1747647683705
counter/1/0/0/0,28332:1747647674461:,1747647683705
counter/5/0/0/0,33189:1747647676536:,1747647683705
counter/5/0/0/0,33190:1747647676536:,1747647683705
counter/5/0/0/0,33191:1747647676536:,1747647683705
counter/5/0/0/0,33192:1747647676539:,1747647683705
counter/5/0/0/0,33193:1747647676539:,1747647683705
counter/5/0/0/0,33194:1747647676539:,1747647683705
counter/5/0/0/0,33195:1747647676539:,1747647683705
counter/5/0/0/0,33196:1747647676539:,1747647683705
counter/5/0/0/0,33197:1747647676539:,1747647683705
counter/5/0/0/0,33198:1747647676540:,1747647683705
counter/5/0/0/0,33199:1747647676542:,1747647683705
counter/5/0/0/0,33200:1747647676542:,1747647683705
counter/5/0/0/0,33201:1747647676548:,1747647683705
counter/5/0/0/0,33202:1747647676548:,1747647683705
counter/5/0/0/0,33203:1747647676548:,1747647683705
counter/5/0/0/0,33204:1747647676548:,1747647683705
counter/5/0/0/0,33205:1747647676548:,1747647683705
counter/5/0/0/0,33206:1747647676548:,1747647683705
counter/5/0/0/0,33207:1747647676548:,1747647683705
counter/5/0/0/0,33208:1747647676548:,1747647683706
counter/5/0/0/0,33209:1747647676548:,1747647683706
counter/5/0/0/0,33210:1747647676548:,1747647683706
counter/5/0/0/0,33211:1747647676548:,1747647683706
counter/5/0/0/0,33212:1747647676548:,1747647683706
counter/5/0/0/0,33213:1747647676548:,1747647683706
counter/5/0/0/0,33214:1747647676548:,1747647683706
counter/5/0/0/0,33215:1747647676548:,1747647683706
counter/5/0/0/0,33216:1747647676549:,1747647683706
counter/5/0/0/0,33217:1747647676549:,1747647683706
counter/5/0/0/0,33218:1747647676549:,1747647683706
counter/5/0/0/0,33219:1747647676549:,1747647683706
counter/5/0/0/0,33220:1747647676549:,1747647683706
counter/5/0/0/0,33221:1747647676549:,1747647683706
counter/5/0/0/0,33222:1747647676549:,1747647683706
counter/5/0/0/0,33223:1747647676549:,1747647683706
counter/5/0/0/0,33224:1747647676549:,1747647683706
counter/5/0/0/0,33225:1747647676549:,1747647683706
counter/5/0/0/0,33226:1747647676549:,1747647683706
counter/5/0/0/0,33227:1747647676549:,1747647683706
counter/5/0/0/0,33228:1747647676549:,1747647683706
counter/5/0/0/0,33229:1747647676549:,1747647683706
counter/5/0/0/0,33230:1747647676569:,1747647683706
counter/5/0/0/0,33231:1747647676569:,1747647683706
counter/5/0/0/0,33232:1747647676569:,1747647683706
counter/5/0/0/0,33233:1747647676569:,1747647683706
counter/5/0/0/0,33234:1747647676569:,1747647683706
counter/5/0/0/0,33235:1747647676569:,1747647683706
counter/9/0/0/0,37937:1747647679059:,1747647683706
counter/5/0/0/0,33236:1747647676569:,1747647683706
counter/5/0/0/0,33237:1747647676569:,1747647683706
counter/5/0/0/0,33238:1747647676569:,1747647683706
counter/5/0/0/0,33239:1747647676569:,1747647683706
counter/5/0/0/0,33240:1747647676569:,1747647683706
counter/3/0/0/0,26967:1747647672982:,1747647683706
counter/5/0/0/0,33241:1747647676569:,1747647683706
counter/4/0/0/0,27553:1747647673183:,1747647683706
counter/5/0/0/0,33242:1747647676584:,1747647683706
counter/4/0/0/0,27554:1747647673183:,1747647683706
counter/5/0/0/0,33243:1747647676584:,1747647683707
counter/4/0/0/0,27555:1747647673183:,1747647683707
counter/5/0/0/0,33244:1747647676584:,1747647683707
counter/4/0/0/0,27556:1747647673183:,1747647683707
counter/5/0/0/0,33245:1747647676584:,1747647683707
counter/4/0/0/0,27557:1747647673183:,1747647683707
counter/5/0/0/0,33246:1747647676584:,1747647683707
counter/4/0/0/0,27558:1747647673183:,1747647683707
counter/5/0/0/0,33247:1747647676584:,1747647683707
counter/4/0/0/0,27559:1747647673183:,1747647683707
counter/5/0/0/0,33248:1747647676584:,1747647683707
counter/4/0/0/0,27560:1747647673183:,1747647683707
counter/5/0/0/0,33249:1747647676585:,1747647683707
counter/4/0/0/0,27561:1747647673183:,1747647683707
counter/5/0/0/0,33250:1747647676585:,1747647683707
counter/4/0/0/0,27562:1747647673183:,1747647683707
counter/5/0/0/0,33251:1747647676585:,1747647683707
counter/4/0/0/0,27563:1747647673183:,1747647683707
counter/5/0/0/0,33252:1747647676585:,1747647683707
counter/4/0/0/0,27564:1747647673183:,1747647683707
counter/5/0/0/0,33253:1747647676613:,1747647683707
counter/4/0/0/0,27565:1747647673192:,1747647683707
counter/5/0/0/0,33254:1747647676613:,1747647683707
counter/4/0/0/0,27566:1747647673196:,1747647683707
counter/5/0/0/0,33255:1747647676613:,1747647683707
counter/4/0/0/0,27567:1747647673197:,1747647683707
counter/5/0/0/0,33256:1747647676623:,1747647683707
counter/4/0/0/0,27568:1747647673209:,1747647683707
counter/5/0/0/0,33257:1747647676623:,1747647683707
counter/4/0/0/0,27569:1747647673209:,1747647683707
counter/5/0/0/0,33258:1747647676623:,1747647683707
counter/4/0/0/0,27570:1747647673209:,1747647683707
counter/5/0/0/0,33259:1747647676624:,1747647683707
counter/4/0/0/0,27571:1747647673209:,1747647683707
counter/5/0/0/0,33260:1747647676624:,1747647683708
counter/4/0/0/0,27572:1747647673209:,1747647683708
counter/5/0/0/0,33261:1747647676624:,1747647683708
counter/4/0/0/0,27573:1747647673209:,1747647683708
counter/5/0/0/0,33262:1747647676624:,1747647683708
counter/4/0/0/0,27574:1747647673209:,1747647683708
counter/5/0/0/0,33263:1747647676624:,1747647683708
counter/4/0/0/0,27575:1747647673209:,1747647683708
counter/5/0/0/0,33264:1747647676624:,1747647683708
counter/4/0/0/0,27576:1747647673209:,1747647683708
counter/5/0/0/0,33265:1747647676624:,1747647683708
counter/4/0/0/0,27577:1747647673209:,1747647683708
counter/5/0/0/0,33266:1747647676624:,1747647683708
counter/4/0/0/0,27578:1747647673213:,1747647683708
counter/3/0/0/0,26968:1747647672982:,1747647683708
counter/5/0/0/0,33267:1747647676624:,1747647683708
counter/4/0/0/0,27579:1747647673213:,1747647683708
counter/3/0/0/0,26969:1747647672982:,1747647683708
counter/5/0/0/0,33268:1747647676624:,1747647683708
counter/4/0/0/0,27580:1747647673213:,1747647683708
counter/3/0/0/0,26970:1747647672982:,1747647683708
counter/5/0/0/0,33269:1747647676624:,1747647683708
counter/4/0/0/0,27581:1747647673226:,1747647683708
counter/3/0/0/0,26971:1747647672982:,1747647683708
counter/5/0/0/0,33270:1747647676625:,1747647683708
counter/4/0/0/0,27582:1747647673226:,1747647683708
counter/3/0/0/0,26972:1747647672982:,1747647683708
counter/10/0/0/0,27611:1747647671129:,1747647683708
counter/5/0/0/0,33271:1747647676625:,1747647683708
counter/4/0/0/0,27583:1747647673226:,1747647683708
counter/3/0/0/0,26973:1747647672984:,1747647683708
counter/9/0/0/0,37938:1747647679059:,1747647683708
counter/5/0/0/0,33272:1747647676625:,1747647683708
counter/4/0/0/0,27584:1747647673226:,1747647683708
counter/3/0/0/0,26974:1747647672988:,1747647683708
counter/5/0/0/0,33273:1747647676625:,1747647683708
counter/4/0/0/0,27585:1747647673226:,1747647683708
counter/3/0/0/0,26975:1747647672988:,1747647683708
counter/5/0/0/0,33274:1747647676625:,1747647683708
counter/4/0/0/0,27586:1747647673226:,1747647683708
counter/3/0/0/0,26976:1747647672988:,1747647683709
counter/5/0/0/0,33275:1747647676625:,1747647683709
counter/4/0/0/0,27587:1747647673226:,1747647683709
counter/5/0/0/0,33276:1747647676625:,1747647683709
counter/4/0/0/0,27588:1747647673226:,1747647683709
counter/5/0/0/0,33277:1747647676625:,1747647683709
counter/4/0/0/0,27589:1747647673226:,1747647683709
counter/5/0/0/0,33278:1747647676626:,1747647683709
counter/4/0/0/0,27590:1747647673226:,1747647683709
counter/5/0/0/0,33279:1747647676626:,1747647683709
counter/4/0/0/0,27591:1747647673226:,1747647683709
counter/5/0/0/0,33280:1747647676626:,1747647683709
counter/4/0/0/0,27592:1747647673226:,1747647683709
counter/5/0/0/0,33281:1747647676640:,1747647683709
counter/4/0/0/0,27593:1747647673226:,1747647683709
counter/5/0/0/0,33282:1747647676640:,1747647683709
counter/4/0/0/0,27594:1747647673227:,1747647683709
counter/5/0/0/0,33283:1747647676640:,1747647683709
counter/4/0/0/0,27595:1747647673227:,1747647683709
counter/5/0/0/0,33284:1747647676644:,1747647683709
counter/4/0/0/0,27596:1747647673230:,1747647683709
counter/5/0/0/0,33285:1747647676673:,1747647683709
counter/5/0/0/0,33286:1747647676673:,1747647683709
counter/5/0/0/0,33287:1747647676674:,1747647683709
counter/10/0/0/0,27612:1747647671129:,1747647683709
counter/5/0/0/0,33288:1747647676674:,1747647683709
counter/10/0/0/0,27613:1747647671129:,1747647683709
counter/1/0/0/0,28333:1747647674461:,1747647683709
counter/5/0/0/0,33289:1747647676676:,1747647683709
counter/10/0/0/0,27614:1747647671129:,1747647683709
counter/3/0/0/0,26977:1747647672988:,1747647683709
counter/4/0/0/0,27597:1747647673230:,1747647683709
counter/5/0/0/0,33290:1747647676677:,1747647683709
counter/5/0/0/0,33291:1747647676678:,1747647683709
counter/5/0/0/0,33292:1747647676678:,1747647683709
counter/5/0/0/0,33293:1747647676678:,1747647683709
counter/5/0/0/0,33294:1747647676678:,1747647683709
counter/4/0/0/0,27598:1747647673230:,1747647683709
counter/5/0/0/0,33295:1747647676678:,1747647683710
counter/7/0/0/0,32747:1747647677336:,1747647683710
counter/5/0/0/0,33296:1747647676678:,1747647683710
counter/7/0/0/0,32748:1747647677336:,1747647683710
counter/5/0/0/0,33297:1747647676678:,1747647683710
counter/7/0/0/0,32749:1747647677336:,1747647683710
counter/5/0/0/0,33298:1747647676678:,1747647683710
counter/7/0/0/0,32750:1747647677336:,1747647683710
counter/3/0/0/0,26978:1747647672988:,1747647683710
counter/5/0/0/0,33299:1747647676678:,1747647683710
counter/7/0/0/0,32751:1747647677336:,1747647683710
counter/4/0/0/0,27599:1747647673230:,1747647683710
counter/5/0/0/0,33300:1747647676678:,1747647683710
counter/4/0/0/0,27600:1747647673230:,1747647683710
counter/5/0/0/0,33301:1747647676678:,1747647683710
counter/4/0/0/0,27601:1747647673230:,1747647683710
counter/5/0/0/0,33302:1747647676700:,1747647683710
counter/4/0/0/0,27602:1747647673230:,1747647683710
counter/5/0/0/0,33303:1747647676700:,1747647683710
counter/4/0/0/0,27603:1747647673230:,1747647683710
counter/5/0/0/0,33304:1747647676700:,1747647683710
counter/10/0/0/0,27615:1747647671129:,1747647683710
counter/5/0/0/0,33305:1747647676700:,1747647683710
counter/4/0/0/0,27604:1747647673231:,1747647683710
counter/5/0/0/0,33306:1747647676700:,1747647683710
counter/4/0/0/0,27605:1747647673231:,1747647683710
counter/5/0/0/0,33307:1747647676700:,1747647683710
counter/4/0/0/0,27606:1747647673231:,1747647683710
counter/7/0/0/0,32752:1747647677336:,1747647683710
counter/5/0/0/0,33308:1747647676700:,1747647683710
counter/4/0/0/0,27607:1747647673231:,1747647683710
counter/7/0/0/0,32753:1747647677343:,1747647683710
counter/5/0/0/0,33309:1747647676700:,1747647683710
counter/4/0/0/0,27608:1747647673231:,1747647683710
counter/7/0/0/0,32754:1747647677343:,1747647683710
counter/5/0/0/0,33310:1747647676700:,1747647683710
counter/7/0/0/0,32755:1747647677343:,1747647683710
counter/5/0/0/0,33311:1747647676701:,1747647683710
counter/7/0/0/0,32756:1747647677343:,1747647683710
counter/5/0/0/0,33312:1747647676701:,1747647683710
counter/7/0/0/0,32757:1747647677343:,1747647683710
counter/5/0/0/0,33313:1747647676701:,1747647683710
counter/7/0/0/0,32758:1747647677343:,1747647683711
counter/5/0/0/0,33314:1747647676701:,1747647683711
counter/7/0/0/0,32759:1747647677347:,1747647683711
counter/5/0/0/0,33315:1747647676701:,1747647683711
counter/7/0/0/0,32760:1747647677347:,1747647683711
counter/5/0/0/0,33316:1747647676701:,1747647683711
counter/7/0/0/0,32761:1747647677347:,1747647683711
counter/5/0/0/0,33317:1747647676701:,1747647683711
counter/7/0/0/0,32762:1747647677347:,1747647683711
counter/5/0/0/0,33318:1747647676701:,1747647683711
counter/7/0/0/0,32763:1747647677347:,1747647683711
counter/5/0/0/0,33319:1747647676711:,1747647683711
counter/7/0/0/0,32764:1747647677347:,1747647683711
counter/4/0/0/0,27609:1747647673232:,1747647683711
counter/5/0/0/0,33320:1747647676711:,1747647683711
counter/10/0/0/0,27616:1747647671129:,1747647683711
counter/5/0/0/0,33321:1747647676711:,1747647683711
counter/5/0/0/0,33322:1747647676711:,1747647683711
counter/5/0/0/0,33323:1747647676711:,1747647683711
counter/5/0/0/0,33324:1747647676711:,1747647683711
counter/5/0/0/0,33325:1747647676711:,1747647683711
counter/5/0/0/0,33326:1747647676711:,1747647683711
counter/5/0/0/0,33327:1747647676721:,1747647683711
counter/9/0/0/0,37939:1747647679059:,1747647683711
counter/5/0/0/0,33328:1747647676721:,1747647683711
counter/1/0/0/0,28334:1747647674461:,1747647683711
counter/5/0/0/0,33329:1747647676721:,1747647683711
counter/5/0/0/0,33330:1747647676722:,1747647683711
counter/5/0/0/0,33331:1747647676722:,1747647683711
counter/5/0/0/0,33332:1747647676722:,1747647683711
counter/5/0/0/0,33333:1747647676722:,1747647683711
counter/5/0/0/0,33334:1747647676722:,1747647683711
counter/5/0/0/0,33335:1747647676722:,1747647683711
counter/5/0/0/0,33336:1747647676722:,1747647683711
counter/5/0/0/0,33337:1747647676722:,1747647683711
counter/5/0/0/0,33338:1747647676722:,1747647683711
counter/5/0/0/0,33339:1747647676722:,1747647683711
counter/5/0/0/0,33340:1747647676722:,1747647683711
counter/5/0/0/0,33341:1747647676722:,1747647683711
counter/5/0/0/0,33342:1747647676736:,1747647683711
counter/5/0/0/0,33343:1747647676737:,1747647683711
counter/5/0/0/0,33344:1747647676737:,1747647683712
counter/5/0/0/0,33345:1747647676737:,1747647683712
counter/5/0/0/0,33346:1747647676737:,1747647683712
counter/5/0/0/0,33347:1747647676738:,1747647683712
counter/5/0/0/0,33348:1747647676738:,1747647683712
counter/5/0/0/0,33349:1747647676738:,1747647683712
counter/5/0/0/0,33350:1747647676738:,1747647683712
counter/5/0/0/0,33351:1747647676738:,1747647683712
counter/5/0/0/0,33352:1747647676738:,1747647683712
counter/5/0/0/0,33353:1747647676738:,1747647683712
counter/5/0/0/0,33354:1747647676738:,1747647683712
counter/5/0/0/0,33355:1747647676738:,1747647683712
counter/5/0/0/0,33356:1747647676738:,1747647683712
counter/5/0/0/0,33357:1747647676738:,1747647683712
counter/5/0/0/0,33358:1747647676738:,1747647683712
counter/5/0/0/0,33359:1747647676738:,1747647683712
counter/5/0/0/0,33360:1747647676738:,1747647683712
counter/5/0/0/0,33361:1747647676738:,1747647683712
counter/5/0/0/0,33362:1747647676744:,1747647683712
counter/5/0/0/0,33363:1747647676745:,1747647683712
counter/5/0/0/0,33364:1747647676745:,1747647683712
counter/5/0/0/0,33365:1747647676745:,1747647683712
counter/5/0/0/0,33366:1747647676745:,1747647683712
counter/5/0/0/0,33367:1747647676745:,1747647683712
counter/5/0/0/0,33368:1747647676745:,1747647683712
counter/5/0/0/0,33369:1747647676745:,1747647683712
counter/5/0/0/0,33370:1747647676745:,1747647683712
counter/5/0/0/0,33371:1747647676745:,1747647683712
counter/5/0/0/0,33372:1747647676745:,1747647683712
counter/5/0/0/0,33373:1747647676745:,1747647683712
counter/5/0/0/0,33374:1747647676745:,1747647683712
counter/5/0/0/0,33375:1747647676745:,1747647683712
counter/5/0/0/0,33376:1747647676745:,1747647683712
counter/5/0/0/0,33377:1747647676745:,1747647683712
counter/5/0/0/0,33378:1747647676762:,1747647683712
counter/5/0/0/0,33379:1747647676762:,1747647683712
counter/5/0/0/0,33380:1747647676762:,1747647683712
counter/5/0/0/0,33381:1747647676762:,1747647683712
counter/5/0/0/0,33382:1747647676768:,1747647683712
counter/5/0/0/0,33383:1747647676768:,1747647683713
counter/5/0/0/0,33384:1747647676768:,1747647683713
counter/5/0/0/0,33385:1747647676770:,1747647683713
counter/5/0/0/0,33386:1747647676771:,1747647683713
counter/5/0/0/0,33387:1747647676771:,1747647683713
counter/5/0/0/0,33388:1747647676771:,1747647683713
counter/5/0/0/0,33389:1747647676771:,1747647683713
counter/5/0/0/0,33390:1747647676771:,1747647683713
counter/5/0/0/0,33391:1747647676771:,1747647683713
counter/5/0/0/0,33392:1747647676771:,1747647683713
counter/5/0/0/0,33393:1747647676771:,1747647683713
counter/5/0/0/0,33394:1747647676771:,1747647683713
counter/5/0/0/0,33395:1747647676771:,1747647683713
counter/5/0/0/0,33396:1747647676771:,1747647683713
counter/5/0/0/0,33397:1747647676771:,1747647683713
counter/5/0/0/0,33398:1747647676771:,1747647683713
counter/5/0/0/0,33399:1747647676771:,1747647683713
counter/5/0/0/0,33400:1747647676771:,1747647683713
counter/5/0/0/0,33401:1747647676778:,1747647683713
counter/5/0/0/0,33402:1747647676778:,1747647683713
counter/5/0/0/0,33403:1747647676778:,1747647683713
counter/5/0/0/0,33404:1747647676778:,1747647683713
counter/5/0/0/0,33405:1747647676778:,1747647683713
counter/5/0/0/0,33406:1747647676778:,1747647683713
counter/5/0/0/0,33407:1747647676778:,1747647683713
counter/5/0/0/0,33408:1747647676778:,1747647683713
counter/5/0/0/0,33409:1747647676778:,1747647683713
counter/5/0/0/0,33410:1747647676778:,1747647683713
counter/5/0/0/0,33411:1747647676778:,1747647683713
counter/5/0/0/0,33412:1747647676778:,1747647683713
counter/5/0/0/0,33413:1747647676785:,1747647683713
counter/5/0/0/0,33414:1747647676801:,1747647683713
counter/5/0/0/0,33415:1747647676801:,1747647683713
counter/5/0/0/0,33416:1747647676801:,1747647683713
counter/5/0/0/0,33417:1747647676801:,1747647683713
counter/1/0/0/0,28335:1747647674461:,1747647683713
counter/5/0/0/0,33418:1747647676801:,1747647683713
counter/9/0/0/0,37940:1747647679059:,1747647683713
counter/5/0/0/0,33419:1747647676802:,1747647683713
counter/4/0/0/0,27610:1747647673232:,1747647683713
counter/5/0/0/0,33420:1747647676802:,1747647683713
counter/10/0/0/0,27617:1747647671129:,1747647683713
counter/5/0/0/0,33421:1747647676802:,1747647683714
counter/5/0/0/0,33422:1747647676802:,1747647683714
counter/5/0/0/0,33423:1747647676802:,1747647683714
counter/5/0/0/0,33424:1747647676802:,1747647683714
counter/4/0/0/0,27611:1747647673232:,1747647683714
counter/5/0/0/0,33425:1747647676802:,1747647683714
counter/10/0/0/0,27618:1747647671130:,1747647683714
counter/5/0/0/0,33426:1747647676803:,1747647683714
counter/5/0/0/0,33427:1747647676803:,1747647683714
counter/5/0/0/0,33428:1747647676803:,1747647683714
counter/5/0/0/0,33429:1747647676803:,1747647683714
counter/5/0/0/0,33430:1747647676810:,1747647683714
counter/5/0/0/0,33431:1747647676810:,1747647683714
counter/5/0/0/0,33432:1747647676814:,1747647683714
counter/5/0/0/0,33433:1747647676822:,1747647683714
counter/5/0/0/0,33434:1747647676822:,1747647683714
counter/5/0/0/0,33435:1747647676829:,1747647683714
counter/5/0/0/0,33436:1747647676829:,1747647683714
counter/5/0/0/0,33437:1747647676829:,1747647683714
counter/5/0/0/0,33438:1747647676829:,1747647683714
counter/5/0/0/0,33439:1747647676830:,1747647683714
counter/5/0/0/0,33440:1747647676830:,1747647683714
counter/5/0/0/0,33441:1747647676838:,1747647683714
counter/5/0/0/0,33442:1747647676838:,1747647683714
counter/5/0/0/0,33443:1747647676838:,1747647683714
counter/5/0/0/0,33444:1747647676838:,1747647683714
counter/5/0/0/0,33445:1747647676838:,1747647683714
counter/5/0/0/0,33446:1747647676838:,1747647683714
counter/5/0/0/0,33447:1747647676838:,1747647683714
counter/5/0/0/0,33448:1747647676838:,1747647683714
counter/5/0/0/0,33449:1747647676839:,1747647683714
counter/5/0/0/0,33450:1747647676839:,1747647683714
counter/9/0/0/0,37941:1747647679060:,1747647683714
counter/5/0/0/0,33451:1747647676839:,1747647683714
counter/7/0/0/0,32765:1747647677347:,1747647683714
counter/5/0/0/0,33452:1747647676839:,1747647683714
counter/4/0/0/0,27612:1747647673233:,1747647683714
counter/5/0/0/0,33453:1747647676839:,1747647683714
counter/4/0/0/0,27613:1747647673233:,1747647683714
counter/5/0/0/0,33454:1747647676839:,1747647683714
counter/4/0/0/0,27614:1747647673233:,1747647683714
counter/5/0/0/0,33455:1747647676839:,1747647683715
counter/4/0/0/0,27615:1747647673233:,1747647683715
counter/5/0/0/0,33456:1747647676842:,1747647683715
counter/4/0/0/0,27616:1747647673233:,1747647683715
counter/7/0/0/0,32766:1747647677347:,1747647683715
counter/5/0/0/0,33457:1747647676854:,1747647683715
counter/4/0/0/0,27617:1747647673234:,1747647683715
counter/10/0/0/0,27619:1747647671130:,1747647683715
counter/5/0/0/0,33458:1747647676854:,1747647683715
counter/4/0/0/0,27618:1747647673234:,1747647683715
counter/9/0/0/0,37942:1747647679060:,1747647683715
counter/5/0/0/0,33459:1747647676854:,1747647683715
counter/4/0/0/0,27619:1747647673234:,1747647683715
counter/5/0/0/0,33460:1747647676854:,1747647683715
counter/4/0/0/0,27620:1747647673236:,1747647683715
counter/5/0/0/0,33461:1747647676854:,1747647683715
counter/4/0/0/0,27621:1747647673236:,1747647683715
counter/5/0/0/0,33462:1747647676854:,1747647683715
counter/4/0/0/0,27622:1747647673236:,1747647683715
counter/5/0/0/0,33463:1747647676854:,1747647683715
counter/4/0/0/0,27623:1747647673236:,1747647683715
counter/5/0/0/0,33464:1747647676854:,1747647683715
counter/5/0/0/0,33465:1747647676854:,1747647683715
counter/5/0/0/0,33466:1747647676854:,1747647683715
counter/5/0/0/0,33467:1747647676855:,1747647683715
counter/5/0/0/0,33468:1747647676855:,1747647683715
counter/5/0/0/0,33469:1747647676855:,1747647683715
counter/5/0/0/0,33470:1747647676855:,1747647683715
counter/5/0/0/0,33471:1747647676855:,1747647683715
counter/5/0/0/0,33472:1747647676855:,1747647683715
counter/5/0/0/0,33473:1747647676855:,1747647683715
counter/5/0/0/0,33474:1747647676855:,1747647683715
counter/5/0/0/0,33475:1747647676855:,1747647683715
counter/5/0/0/0,33476:1747647676855:,1747647683715
counter/5/0/0/0,33477:1747647676855:,1747647683715
counter/5/0/0/0,33478:1747647676855:,1747647683715
counter/5/0/0/0,33479:1747647676855:,1747647683715
counter/5/0/0/0,33480:1747647676855:,1747647683715
counter/5/0/0/0,33481:1747647676855:,1747647683715
counter/5/0/0/0,33482:1747647676855:,1747647683715
counter/5/0/0/0,33483:1747647676857:,1747647683715
counter/5/0/0/0,33484:1747647676857:,1747647683715
counter/10/0/0/0,27620:1747647671130:,1747647683715
counter/5/0/0/0,33485:1747647676857:,1747647683715
counter/4/0/0/0,27624:1747647673236:,1747647683716
counter/5/0/0/0,33486:1747647676857:,1747647683716
counter/4/0/0/0,27625:1747647673236:,1747647683716
counter/5/0/0/0,33487:1747647676857:,1747647683716
counter/4/0/0/0,27626:1747647673236:,1747647683716
counter/5/0/0/0,33488:1747647676857:,1747647683716
counter/4/0/0/0,27627:1747647673236:,1747647683716
counter/5/0/0/0,33489:1747647676857:,1747647683716
counter/4/0/0/0,27628:1747647673236:,1747647683716
counter/5/0/0/0,33490:1747647676857:,1747647683716
counter/4/0/0/0,27629:1747647673236:,1747647683716
counter/5/0/0/0,33491:1747647676857:,1747647683716
counter/4/0/0/0,27630:1747647673237:,1747647683716
counter/3/0/0/0,26979:1747647672988:,1747647683716
counter/5/0/0/0,33492:1747647676858:,1747647683716
counter/4/0/0/0,27631:1747647673237:,1747647683716
counter/9/0/0/0,37943:1747647679060:,1747647683716
counter/5/0/0/0,33493:1747647676858:,1747647683716
counter/4/0/0/0,27632:1747647673237:,1747647683716
counter/5/0/0/0,33494:1747647676861:,1747647683716
counter/4/0/0/0,27633:1747647673237:,1747647683716
counter/5/0/0/0,33495:1747647676862:,1747647683716
counter/5/0/0/0,33496:1747647676862:,1747647683716
counter/5/0/0/0,33497:1747647676862:,1747647683716
counter/4/0/0/0,27634:1747647673237:,1747647683716
counter/5/0/0/0,33498:1747647676862:,1747647683716
counter/4/0/0/0,27635:1747647673238:,1747647683716
counter/5/0/0/0,33499:1747647676862:,1747647683716
counter/9/0/0/0,37944:1747647679060:,1747647683716
counter/7/0/0/0,32767:1747647677347:,1747647683716
counter/5/0/0/0,33500:1747647676862:,1747647683716
counter/7/0/0/0,32768:1747647677347:,1747647683716
counter/5/0/0/0,33501:1747647676862:,1747647683716
counter/7/0/0/0,32769:1747647677347:,1747647683716
counter/5/0/0/0,33502:1747647676862:,1747647683716
counter/10/0/0/0,27621:1747647671130:,1747647683716
counter/5/0/0/0,33503:1747647676862:,1747647683716
counter/3/0/0/0,26980:1747647672988:,1747647683716
counter/4/0/0/0,27636:1747647673238:,1747647683716
counter/5/0/0/0,33504:1747647676863:,1747647683716
counter/4/0/0/0,27637:1747647673238:,1747647683716
counter/5/0/0/0,33505:1747647676866:,1747647683717
counter/4/0/0/0,27638:1747647673238:,1747647683717
counter/5/0/0/0,33506:1747647676866:,1747647683717
counter/4/0/0/0,27639:1747647673238:,1747647683717
counter/5/0/0/0,33507:1747647676866:,1747647683717
counter/4/0/0/0,27640:1747647673239:,1747647683717
counter/5/0/0/0,33508:1747647676866:,1747647683717
counter/4/0/0/0,27641:1747647673239:,1747647683717
counter/5/0/0/0,33509:1747647676866:,1747647683717
counter/4/0/0/0,27642:1747647673239:,1747647683717
counter/5/0/0/0,33510:1747647676866:,1747647683717
counter/4/0/0/0,27643:1747647673240:,1747647683717
counter/5/0/0/0,33511:1747647676866:,1747647683717
counter/4/0/0/0,27644:1747647673240:,1747647683717
counter/5/0/0/0,33512:1747647676866:,1747647683717
counter/4/0/0/0,27645:1747647673240:,1747647683717
counter/5/0/0/0,33513:1747647676866:,1747647683717
counter/4/0/0/0,27646:1747647673240:,1747647683717
counter/5/0/0/0,33514:1747647676867:,1747647683717
counter/4/0/0/0,27647:1747647673240:,1747647683717
counter/5/0/0/0,33515:1747647676867:,1747647683717
counter/4/0/0/0,27648:1747647673240:,1747647683717
counter/5/0/0/0,33516:1747647676867:,1747647683717
counter/4/0/0/0,27649:1747647673240:,1747647683717
counter/5/0/0/0,33517:1747647676867:,1747647683717
counter/4/0/0/0,27650:1747647673240:,1747647683717
counter/5/0/0/0,33518:1747647676876:,1747647683717
counter/4/0/0/0,27651:1747647673240:,1747647683717
counter/5/0/0/0,33519:1747647676876:,1747647683717
counter/4/0/0/0,27652:1747647673257:,1747647683717
counter/5/0/0/0,33520:1747647676876:,1747647683717
counter/4/0/0/0,27653:1747647673257:,1747647683717
counter/5/0/0/0,33521:1747647676876:,1747647683717
counter/4/0/0/0,27654:1747647673257:,1747647683717
counter/5/0/0/0,33522:1747647676876:,1747647683717
counter/4/0/0/0,27655:1747647673258:,1747647683717
counter/4/0/0/0,27656:1747647673258:,1747647683717
counter/4/0/0/0,27657:1747647673258:,1747647683717
counter/4/0/0/0,27658:1747647673258:,1747647683717
counter/4/0/0/0,27659:1747647673258:,1747647683717
counter/4/0/0/0,27660:1747647673258:,1747647683717
counter/4/0/0/0,27661:1747647673258:,1747647683718
counter/4/0/0/0,27662:1747647673258:,1747647683718
counter/4/0/0/0,27663:1747647673259:,1747647683718
counter/4/0/0/0,27664:1747647673259:,1747647683718
counter/4/0/0/0,27665:1747647673259:,1747647683718
counter/4/0/0/0,27666:1747647673259:,1747647683718
counter/4/0/0/0,27667:1747647673259:,1747647683718
counter/4/0/0/0,27668:1747647673259:,1747647683718
counter/4/0/0/0,27669:1747647673259:,1747647683718
counter/4/0/0/0,27670:1747647673259:,1747647683718
counter/4/0/0/0,27671:1747647673259:,1747647683718
counter/4/0/0/0,27672:1747647673259:,1747647683718
counter/4/0/0/0,27673:1747647673259:,1747647683718
counter/4/0/0/0,27674:1747647673260:,1747647683718
counter/4/0/0/0,27675:1747647673261:,1747647683718
counter/4/0/0/0,27676:1747647673263:,1747647683718
counter/4/0/0/0,27677:1747647673263:,1747647683718
counter/4/0/0/0,27678:1747647673263:,1747647683718
counter/4/0/0/0,27679:1747647673263:,1747647683718
counter/4/0/0/0,27680:1747647673278:,1747647683718
counter/4/0/0/0,27681:1747647673278:,1747647683718
counter/9/0/0/0,37945:1747647679060:,1747647683718
counter/10/0/0/0,27622:1747647671130:,1747647683718
counter/4/0/0/0,27682:1747647673278:,1747647683718
counter/9/0/0/0,37946:1747647679060:,1747647683718
counter/3/0/0/0,26981:1747647672989:,1747647683718
counter/9/0/0/0,37947:1747647679060:,1747647683718
counter/7/0/0/0,32770:1747647677347:,1747647683718
counter/7/0/0/0,32771:1747647677347:,1747647683718
counter/7/0/0/0,32772:1747647677347:,1747647683718
counter/7/0/0/0,32773:1747647677347:,1747647683718
counter/7/0/0/0,32774:1747647677347:,1747647683718
counter/7/0/0/0,32775:1747647677347:,1747647683718
counter/7/0/0/0,32776:1747647677351:,1747647683718
counter/3/0/0/0,26982:1747647672989:,1747647683718
counter/1/0/0/0,28336:1747647674461:,1747647683718
counter/10/0/0/0,27623:1747647671130:,1747647683718
counter/7/0/0/0,32777:1747647677351:,1747647683718
counter/4/0/0/0,27683:1747647673278:,1747647683718
counter/9/0/0/0,37948:1747647679060:,1747647683718
counter/4/0/0/0,27684:1747647673285:,1747647683718
counter/9/0/0/0,37949:1747647679060:,1747647683719
counter/3/0/0/0,26983:1747647672989:,1747647683719
counter/1/0/0/0,28337:1747647674461:,1747647683719
counter/7/0/0/0,32778:1747647677351:,1747647683719
counter/10/0/0/0,27624:1747647671131:,1747647683719
counter/3/0/0/0,26984:1747647672989:,1747647683719
counter/10/0/0/0,27625:1747647671131:,1747647683719
counter/3/0/0/0,26985:1747647672989:,1747647683719
counter/3/0/0/0,26986:1747647672989:,1747647683719
counter/9/0/0/0,37950:1747647679060:,1747647683719
counter/9/0/0/0,37951:1747647679060:,1747647683719
counter/4/0/0/0,27685:1747647673285:,1747647683719
counter/1/0/0/0,28338:1747647674461:,1747647683719
counter/5/0/0/0,33523:1747647676876:,1747647683719
counter/1/0/0/0,28339:1747647674461:,1747647683719
counter/5/0/0/0,33524:1747647676876:,1747647683719
counter/5/0/0/0,33525:1747647676876:,1747647683719
counter/5/0/0/0,33526:1747647676876:,1747647683719
counter/5/0/0/0,33527:1747647676883:,1747647683719
counter/5/0/0/0,33528:1747647676883:,1747647683719
counter/5/0/0/0,33529:1747647676883:,1747647683719
counter/5/0/0/0,33530:1747647676883:,1747647683719
counter/5/0/0/0,33531:1747647676883:,1747647683719
counter/5/0/0/0,33532:1747647676883:,1747647683719
counter/5/0/0/0,33533:1747647676885:,1747647683719
counter/5/0/0/0,33534:1747647676885:,1747647683719
counter/5/0/0/0,33535:1747647676885:,1747647683719
counter/5/0/0/0,33536:1747647676885:,1747647683719
counter/5/0/0/0,33537:1747647676885:,1747647683719
counter/5/0/0/0,33538:1747647676885:,1747647683719
counter/5/0/0/0,33539:1747647676885:,1747647683719
counter/4/0/0/0,27686:1747647673285:,1747647683719
counter/5/0/0/0,33540:1747647676885:,1747647683719
counter/5/0/0/0,33541:1747647676889:,1747647683719
counter/1/0/0/0,28340:1747647674461:,1747647683719
counter/4/0/0/0,27687:1747647673285:,1747647683719
counter/9/0/0/0,37952:1747647679060:,1747647683719
counter/4/0/0/0,27688:1747647673285:,1747647683719
counter/3/0/0/0,26987:1747647672990:,1747647683719
counter/4/0/0/0,27689:1747647673285:,1747647683719
counter/5/0/0/0,33542:1747647676889:,1747647683719
counter/4/0/0/0,27690:1747647673285:,1747647683720
counter/4/0/0/0,27691:1747647673285:,1747647683720
counter/4/0/0/0,27692:1747647673285:,1747647683720
counter/9/0/0/0,37953:1747647679060:,1747647683720
counter/9/0/0/0,37954:1747647679088:,1747647683720
counter/7/0/0/0,32779:1747647677351:,1747647683720
counter/3/0/0/0,26988:1747647672990:,1747647683720
counter/10/0/0/0,27626:1747647671131:,1747647683720
counter/4/0/0/0,27693:1747647673285:,1747647683720
counter/9/0/0/0,37955:1747647679088:,1747647683720
counter/1/0/0/0,28341:1747647674461:,1747647683720
counter/5/0/0/0,33543:1747647676889:,1747647683720
counter/4/0/0/0,27694:1747647673285:,1747647683720
counter/9/0/0/0,37956:1747647679088:,1747647683720
counter/1/0/0/0,28342:1747647674461:,1747647683720
counter/5/0/0/0,33544:1747647676889:,1747647683720
counter/5/0/0/0,33545:1747647676889:,1747647683720
counter/5/0/0/0,33546:1747647676889:,1747647683720
counter/5/0/0/0,33547:1747647676889:,1747647683720
counter/5/0/0/0,33548:1747647676889:,1747647683720
counter/5/0/0/0,33549:1747647676889:,1747647683720
counter/5/0/0/0,33550:1747647676889:,1747647683720
counter/5/0/0/0,33551:1747647676889:,1747647683720
counter/5/0/0/0,33552:1747647676898:,1747647683720
counter/5/0/0/0,33553:1747647676905:,1747647683720
counter/5/0/0/0,33554:1747647676905:,1747647683720
counter/5/0/0/0,33555:1747647676905:,1747647683720
counter/5/0/0/0,33556:1747647676905:,1747647683720
counter/5/0/0/0,33557:1747647676905:,1747647683720
counter/5/0/0/0,33558:1747647676905:,1747647683720
counter/5/0/0/0,33559:1747647676905:,1747647683720
counter/5/0/0/0,33560:1747647676905:,1747647683720
counter/9/0/0/0,37957:1747647679089:,1747647683720
counter/1/0/0/0,28343:1747647674462:,1747647683720
counter/10/0/0/0,27627:1747647671131:,1747647683720
counter/5/0/0/0,33561:1747647676905:,1747647683720
counter/4/0/0/0,27695:1747647673285:,1747647683720
counter/5/0/0/0,33562:1747647676905:,1747647683720
counter/5/0/0/0,33563:1747647676905:,1747647683720
counter/4/0/0/0,27696:1747647673285:,1747647683720
counter/5/0/0/0,33564:1747647676905:,1747647683720
counter/9/0/0/0,37958:1747647679089:,1747647683720
counter/3/0/0/0,26989:1747647672991:,1747647683721
counter/9/0/0/0,37959:1747647679089:,1747647683721
counter/10/0/0/0,27628:1747647671131:,1747647683721
counter/4/0/0/0,27697:1747647673285:,1747647683721
counter/5/0/0/0,33565:1747647676906:,1747647683721
counter/4/0/0/0,27698:1747647673285:,1747647683721
counter/10/0/0/0,27629:1747647671131:,1747647683721
counter/3/0/0/0,26990:1747647672991:,1747647683721
counter/9/0/0/0,37960:1747647679106:,1747647683721
counter/4/0/0/0,27699:1747647673285:,1747647683721
counter/9/0/0/0,37961:1747647679106:,1747647683721
counter/1/0/0/0,28344:1747647674462:,1747647683721
counter/3/0/0/0,26991:1747647672991:,1747647683721
counter/1/0/0/0,28345:1747647674462:,1747647683721
counter/3/0/0/0,26992:1747647672991:,1747647683721
counter/3/0/0/0,26993:1747647672991:,1747647683721
counter/9/0/0/0,37962:1747647679106:,1747647683721
counter/10/0/0/0,27630:1747647671131:,1747647683721
counter/3/0/0/0,26994:1747647672991:,1747647683721
counter/7/0/0/0,32780:1747647677351:,1747647683721
counter/9/0/0/0,37963:1747647679106:,1747647683721
counter/7/0/0/0,32781:1747647677351:,1747647683721
counter/7/0/0/0,32782:1747647677351:,1747647683721
counter/7/0/0/0,32783:1747647677351:,1747647683721
counter/7/0/0/0,32784:1747647677351:,1747647683721
counter/4/0/0/0,27700:1747647673285:,1747647683721
counter/7/0/0/0,32785:1747647677351:,1747647683721
counter/3/0/0/0,26995:1747647672991:,1747647683721
counter/1/0/0/0,28346:1747647674462:,1747647683721
counter/7/0/0/0,32786:1747647677351:,1747647683721
counter/7/0/0/0,32787:1747647677351:,1747647683721
counter/7/0/0/0,32788:1747647677351:,1747647683721
counter/10/0/0/0,27631:1747647671131:,1747647683721
counter/9/0/0/0,37964:1747647679106:,1747647683721
counter/4/0/0/0,27701:1747647673285:,1747647683721
counter/3/0/0/0,26996:1747647672991:,1747647683722
counter/7/0/0/0,32789:1747647677351:,1747647683722
counter/7/0/0/0,32790:1747647677351:,1747647683722
counter/9/0/0/0,37965:1747647679106:,1747647683722
counter/9/0/0/0,37966:1747647679131:,1747647683722
counter/9/0/0/0,37967:1747647679131:,1747647683722
counter/9/0/0/0,37968:1747647679131:,1747647683722
counter/9/0/0/0,37969:1747647679131:,1747647683722
counter/9/0/0/0,37970:1747647679131:,1747647683722
counter/9/0/0/0,37971:1747647679131:,1747647683722
counter/9/0/0/0,37972:1747647679131:,1747647683722
counter/3/0/0/0,26997:1747647672991:,1747647683722
counter/9/0/0/0,37973:1747647679131:,1747647683722
counter/9/0/0/0,37974:1747647679132:,1747647683722
counter/3/0/0/0,26998:1747647672991:,1747647683722
counter/4/0/0/0,27702:1747647673285:,1747647683722
counter/9/0/0/0,37975:1747647679132:,1747647683722
counter/1/0/0/0,28347:1747647674462:,1747647683722
counter/10/0/0/0,27632:1747647671131:,1747647683722
counter/7/0/0/0,32791:1747647677351:,1747647683722
counter/7/0/0/0,32792:1747647677351:,1747647683722
counter/7/0/0/0,32793:1747647677351:,1747647683722
counter/7/0/0/0,32794:1747647677351:,1747647683722
counter/4/0/0/0,27703:1747647673286:,1747647683722
counter/9/0/0/0,37976:1747647679132:,1747647683722
counter/1/0/0/0,28348:1747647674472:,1747647683722
counter/3/0/0/0,26999:1747647672991:,1747647683722
counter/7/0/0/0,32795:1747647677351:,1747647683722
counter/7/0/0/0,32796:1747647677357:,1747647683722
counter/7/0/0/0,32797:1747647677357:,1747647683722
counter/7/0/0/0,32798:1747647677358:,1747647683722
counter/7/0/0/0,32799:1747647677358:,1747647683722
counter/9/0/0/0,37977:1747647679132:,1747647683722
counter/10/0/0/0,27633:1747647671131:,1747647683722
counter/5/0/0/0,33566:1747647676906:,1747647683722
counter/3/0/0/0,27000:1747647672991:,1747647683722
counter/1/0/0/0,28349:1747647674472:,1747647683722
counter/1/0/0/0,28350:1747647674473:,1747647683722
counter/1/0/0/0,28351:1747647674473:,1747647683722
counter/1/0/0/0,28352:1747647674473:,1747647683722
counter/1/0/0/0,28353:1747647674473:,1747647683722
counter/1/0/0/0,28354:1747647674473:,1747647683722
counter/1/0/0/0,28355:1747647674473:,1747647683723
counter/1/0/0/0,28356:1747647674473:,1747647683723
counter/1/0/0/0,28357:1747647674473:,1747647683723
counter/1/0/0/0,28358:1747647674473:,1747647683723
counter/1/0/0/0,28359:1747647674473:,1747647683723
counter/1/0/0/0,28360:1747647674488:,1747647683723
counter/1/0/0/0,28361:1747647674488:,1747647683723
counter/1/0/0/0,28362:1747647674490:,1747647683723
counter/9/0/0/0,37978:1747647679132:,1747647683723
counter/1/0/0/0,28363:1747647674490:,1747647683723
counter/10/0/0/0,27634:1747647671131:,1747647683723
counter/5/0/0/0,33567:1747647676906:,1747647683723
counter/1/0/0/0,28364:1747647674490:,1747647683723
counter/7/0/0/0,32800:1747647677358:,1747647683723
counter/3/0/0/0,27001:1747647672991:,1747647683723
counter/1/0/0/0,28365:1747647674491:,1747647683723
counter/4/0/0/0,27704:1747647673289:,1747647683723
counter/1/0/0/0,28366:1747647674491:,1747647683723
counter/4/0/0/0,27705:1747647673289:,1747647683723
counter/1/0/0/0,28367:1747647674491:,1747647683723
counter/3/0/0/0,27002:1747647672992:,1747647683723
counter/9/0/0/0,37979:1747647679132:,1747647683723
counter/10/0/0/0,27635:1747647671131:,1747647683723
counter/9/0/0/0,37980:1747647679155:,1747647683723
counter/4/0/0/0,27706:1747647673290:,1747647683723
counter/8/0/0/0,33329:1747647676617:,1747647683723
counter/3/0/0/0,27003:1747647672993:,1747647683723
counter/8/0/0/0,33330:1747647676617:,1747647683723
counter/9/0/0/0,37981:1747647679155:,1747647683723
counter/4/0/0/0,27707:1747647673290:,1747647683723
counter/8/0/0/0,33331:1747647676617:,1747647683723
counter/8/0/0/0,33332:1747647676617:,1747647683723
counter/8/0/0/0,33333:1747647676617:,1747647683723
counter/8/0/0/0,33334:1747647676617:,1747647683723
counter/8/0/0/0,33335:1747647676617:,1747647683723
counter/8/0/0/0,33336:1747647676619:,1747647683723
counter/7/0/0/0,32801:1747647677358:,1747647683723
counter/8/0/0/0,33337:1747647676619:,1747647683723
counter/1/0/0/0,28368:1747647674503:,1747647683723
counter/10/0/0/0,27636:1747647671131:,1747647683723
counter/8/0/0/0,33338:1747647676619:,1747647683723
counter/3/0/0/0,27004:1747647672993:,1747647683723
counter/5/0/0/0,33568:1747647676906:,1747647683723
counter/8/0/0/0,33339:1747647676619:,1747647683723
counter/5/0/0/0,33569:1747647676906:,1747647683723
counter/8/0/0/0,33340:1747647676619:,1747647683723
counter/5/0/0/0,33570:1747647676906:,1747647683724
counter/8/0/0/0,33341:1747647676619:,1747647683724
counter/5/0/0/0,33571:1747647676906:,1747647683724
counter/8/0/0/0,33342:1747647676621:,1747647683724
counter/5/0/0/0,33572:1747647676917:,1747647683724
counter/8/0/0/0,33343:1747647676621:,1747647683724
counter/5/0/0/0,33573:1747647676917:,1747647683724
counter/8/0/0/0,33344:1747647676621:,1747647683724
counter/5/0/0/0,33574:1747647676917:,1747647683724
counter/8/0/0/0,33345:1747647676621:,1747647683724
counter/5/0/0/0,33575:1747647676917:,1747647683724
counter/8/0/0/0,33346:1747647676621:,1747647683724
counter/5/0/0/0,33576:1747647676917:,1747647683724
counter/8/0/0/0,33347:1747647676621:,1747647683724
counter/5/0/0/0,33577:1747647676917:,1747647683724
counter/8/0/0/0,33348:1747647676621:,1747647683724
counter/5/0/0/0,33578:1747647676917:,1747647683724
counter/8/0/0/0,33349:1747647676621:,1747647683724
counter/5/0/0/0,33579:1747647676917:,1747647683724
counter/8/0/0/0,33350:1747647676621:,1747647683724
counter/5/0/0/0,33580:1747647676917:,1747647683724
counter/8/0/0/0,33351:1747647676630:,1747647683724
counter/5/0/0/0,33581:1747647676917:,1747647683724
counter/8/0/0/0,33352:1747647676630:,1747647683724
counter/5/0/0/0,33582:1747647676917:,1747647683724
counter/8/0/0/0,33353:1747647676630:,1747647683724
counter/5/0/0/0,33583:1747647676917:,1747647683724
counter/8/0/0/0,33354:1747647676630:,1747647683724
counter/5/0/0/0,33584:1747647676917:,1747647683724
counter/8/0/0/0,33355:1747647676630:,1747647683724
counter/5/0/0/0,33585:1747647676917:,1747647683724
counter/8/0/0/0,33356:1747647676630:,1747647683724
counter/5/0/0/0,33586:1747647676917:,1747647683724
counter/7/0/0/0,32802:1747647677358:,1747647683724
counter/8/0/0/0,33357:1747647676630:,1747647683724
counter/5/0/0/0,33587:1747647676917:,1747647683724
counter/8/0/0/0,33358:1747647676630:,1747647683724
counter/8/0/0/0,33359:1747647676630:,1747647683724
counter/8/0/0/0,33360:1747647676630:,1747647683724
counter/4/0/0/0,27708:1747647673290:,1747647683724
counter/8/0/0/0,33361:1747647676632:,1747647683725
counter/5/0/0/0,33588:1747647676917:,1747647683725
counter/8/0/0/0,33362:1747647676632:,1747647683725
counter/5/0/0/0,33589:1747647676917:,1747647683725
counter/3/0/0/0,27005:1747647672993:,1747647683725
counter/8/0/0/0,33363:1747647676632:,1747647683725
counter/5/0/0/0,33590:1747647676917:,1747647683725
counter/1/0/0/0,28369:1747647674503:,1747647683725
counter/10/0/0/0,27637:1747647671131:,1747647683725
counter/8/0/0/0,33364:1747647676632:,1747647683725
counter/10/0/0/0,27638:1747647671132:,1747647683725
counter/8/0/0/0,33365:1747647676632:,1747647683725
counter/10/0/0/0,27639:1747647671132:,1747647683725
counter/8/0/0/0,33366:1747647676632:,1747647683725
counter/10/0/0/0,27640:1747647671132:,1747647683725
counter/8/0/0/0,33367:1747647676632:,1747647683725
counter/10/0/0/0,27641:1747647671132:,1747647683725
counter/1/0/0/0,28370:1747647674503:,1747647683725
counter/8/0/0/0,33368:1747647676632:,1747647683725
counter/10/0/0/0,27642:1747647671132:,1747647683725
counter/1/0/0/0,28371:1747647674503:,1747647683725
counter/8/0/0/0,33369:1747647676632:,1747647683725
counter/10/0/0/0,27643:1747647671132:,1747647683725
counter/1/0/0/0,28372:1747647674503:,1747647683725
counter/8/0/0/0,33370:1747647676632:,1747647683725
counter/10/0/0/0,27644:1747647671132:,1747647683725
counter/1/0/0/0,28373:1747647674504:,1747647683725
counter/8/0/0/0,33371:1747647676632:,1747647683725
counter/1/0/0/0,28374:1747647674504:,1747647683725
counter/8/0/0/0,33372:1747647676632:,1747647683725
counter/1/0/0/0,28375:1747647674504:,1747647683725
counter/8/0/0/0,33373:1747647676632:,1747647683725
counter/1/0/0/0,28376:1747647674504:,1747647683725
counter/8/0/0/0,33374:1747647676632:,1747647683725
counter/1/0/0/0,28377:1747647674510:,1747647683725
counter/8/0/0/0,33375:1747647676638:,1747647683725
counter/1/0/0/0,28378:1747647674510:,1747647683725
counter/8/0/0/0,33376:1747647676638:,1747647683725
counter/1/0/0/0,28379:1747647674510:,1747647683725
counter/8/0/0/0,33377:1747647676638:,1747647683725
counter/1/0/0/0,28380:1747647674510:,1747647683725
counter/8/0/0/0,33378:1747647676638:,1747647683725
counter/1/0/0/0,28381:1747647674510:,1747647683725
counter/8/0/0/0,33379:1747647676638:,1747647683726
counter/1/0/0/0,28382:1747647674510:,1747647683726
counter/8/0/0/0,33380:1747647676638:,1747647683726
counter/1/0/0/0,28383:1747647674510:,1747647683726
counter/8/0/0/0,33381:1747647676638:,1747647683726
counter/1/0/0/0,28384:1747647674510:,1747647683726
counter/8/0/0/0,33382:1747647676638:,1747647683726
counter/1/0/0/0,28385:1747647674510:,1747647683726
counter/8/0/0/0,33383:1747647676638:,1747647683726
counter/1/0/0/0,28386:1747647674510:,1747647683726
counter/8/0/0/0,33384:1747647676638:,1747647683726
counter/1/0/0/0,28387:1747647674510:,1747647683726
counter/8/0/0/0,33385:1747647676638:,1747647683726
counter/1/0/0/0,28388:1747647674510:,1747647683726
counter/8/0/0/0,33386:1747647676638:,1747647683726
counter/1/0/0/0,28389:1747647674510:,1747647683726
counter/8/0/0/0,33387:1747647676638:,1747647683726
counter/1/0/0/0,28390:1747647674510:,1747647683726
counter/8/0/0/0,33388:1747647676638:,1747647683726
counter/1/0/0/0,28391:1747647674513:,1747647683726
counter/8/0/0/0,33389:1747647676638:,1747647683726
counter/1/0/0/0,28392:1747647674513:,1747647683726
counter/8/0/0/0,33390:1747647676644:,1747647683726
counter/1/0/0/0,28393:1747647674513:,1747647683726
counter/8/0/0/0,33391:1747647676644:,1747647683726
counter/1/0/0/0,28394:1747647674513:,1747647683726
counter/9/0/0/0,37982:1747647679155:,1747647683726
counter/5/0/0/0,33591:1747647676917:,1747647683726
counter/8/0/0/0,33392:1747647676644:,1747647683726
counter/1/0/0/0,28395:1747647674513:,1747647683726
counter/9/0/0/0,37983:1747647679155:,1747647683726
counter/8/0/0/0,33393:1747647676644:,1747647683726
counter/1/0/0/0,28396:1747647674513:,1747647683726
counter/9/0/0/0,37984:1747647679155:,1747647683726
counter/8/0/0/0,33394:1747647676644:,1747647683726
counter/1/0/0/0,28397:1747647674522:,1747647683726
counter/9/0/0/0,37985:1747647679155:,1747647683726
counter/8/0/0/0,33395:1747647676644:,1747647683726
counter/1/0/0/0,28398:1747647674522:,1747647683726
counter/9/0/0/0,37986:1747647679155:,1747647683726
counter/8/0/0/0,33396:1747647676644:,1747647683726
counter/1/0/0/0,28399:1747647674524:,1747647683726
counter/9/0/0/0,37987:1747647679155:,1747647683726
counter/8/0/0/0,33397:1747647676644:,1747647683726
counter/1/0/0/0,28400:1747647674524:,1747647683727
counter/9/0/0/0,37988:1747647679156:,1747647683727
counter/8/0/0/0,33398:1747647676644:,1747647683727
counter/1/0/0/0,28401:1747647674524:,1747647683727
counter/9/0/0/0,37989:1747647679156:,1747647683727
counter/8/0/0/0,33399:1747647676644:,1747647683727
counter/1/0/0/0,28402:1747647674524:,1747647683727
counter/9/0/0/0,37990:1747647679160:,1747647683727
counter/8/0/0/0,33400:1747647676655:,1747647683727
counter/1/0/0/0,28403:1747647674524:,1747647683727
counter/9/0/0/0,37991:1747647679160:,1747647683727
counter/3/0/0/0,27006:1747647672993:,1747647683727
counter/8/0/0/0,33401:1747647676655:,1747647683727
counter/1/0/0/0,28404:1747647674524:,1747647683727
counter/9/0/0/0,37992:1747647679160:,1747647683727
counter/8/0/0/0,33402:1747647676655:,1747647683727
counter/1/0/0/0,28405:1747647674528:,1747647683727
counter/9/0/0/0,37993:1747647679160:,1747647683727
counter/8/0/0/0,33403:1747647676655:,1747647683727
counter/1/0/0/0,28406:1747647674528:,1747647683727
counter/9/0/0/0,37994:1747647679160:,1747647683727
counter/4/0/0/0,27709:1747647673290:,1747647683727
counter/8/0/0/0,33404:1747647676655:,1747647683727
counter/1/0/0/0,28407:1747647674528:,1747647683727
counter/9/0/0/0,37995:1747647679160:,1747647683727
counter/8/0/0/0,33405:1747647676655:,1747647683727
counter/1/0/0/0,28408:1747647674528:,1747647683727
counter/9/0/0/0,37996:1747647679162:,1747647683727
counter/8/0/0/0,33406:1747647676655:,1747647683727
counter/1/0/0/0,28409:1747647674528:,1747647683727
counter/9/0/0/0,37997:1747647679162:,1747647683727
counter/7/0/0/0,32803:1747647677358:,1747647683727
counter/8/0/0/0,33407:1747647676655:,1747647683727
counter/1/0/0/0,28410:1747647674528:,1747647683727
counter/9/0/0/0,37998:1747647679162:,1747647683727
counter/7/0/0/0,32804:1747647677358:,1747647683727
counter/8/0/0/0,33408:1747647676655:,1747647683727
counter/9/0/0/0,37999:1747647679162:,1747647683727
counter/7/0/0/0,32805:1747647677358:,1747647683727
counter/4/0/0/0,27710:1747647673290:,1747647683727
counter/5/0/0/0,33592:1747647676921:,1747647683727
counter/8/0/0/0,33409:1747647676655:,1747647683727
counter/9/0/0/0,38000:1747647679162:,1747647683728
counter/7/0/0/0,32806:1747647677358:,1747647683728
counter/8/0/0/0,33410:1747647676655:,1747647683728
counter/9/0/0/0,38001:1747647679162:,1747647683728
counter/7/0/0/0,32807:1747647677358:,1747647683728
counter/8/0/0/0,33411:1747647676655:,1747647683728
counter/9/0/0/0,38002:1747647679162:,1747647683728
counter/5/0/0/0,33593:1747647676921:,1747647683728
counter/8/0/0/0,33412:1747647676655:,1747647683728
counter/9/0/0/0,38003:1747647679162:,1747647683728
counter/4/0/0/0,27711:1747647673290:,1747647683728
counter/8/0/0/0,33413:1747647676670:,1747647683728
counter/9/0/0/0,38004:1747647679169:,1747647683728
counter/4/0/0/0,27712:1747647673290:,1747647683728
counter/8/0/0/0,33414:1747647676670:,1747647683728
counter/9/0/0/0,38005:1747647679169:,1747647683728
counter/4/0/0/0,27713:1747647673290:,1747647683728
counter/8/0/0/0,33415:1747647676670:,1747647683728
counter/9/0/0/0,38006:1747647679170:,1747647683728
counter/4/0/0/0,27714:1747647673290:,1747647683728
counter/8/0/0/0,33416:1747647676670:,1747647683728
counter/9/0/0/0,38007:1747647679170:,1747647683728
counter/4/0/0/0,27715:1747647673290:,1747647683728
counter/8/0/0/0,33417:1747647676670:,1747647683728
counter/9/0/0/0,38008:1747647679170:,1747647683728
counter/4/0/0/0,27716:1747647673290:,1747647683728
counter/8/0/0/0,33418:1747647676670:,1747647683728
counter/9/0/0/0,38009:1747647679170:,1747647683728
counter/4/0/0/0,27717:1747647673290:,1747647683728
counter/8/0/0/0,33419:1747647676685:,1747647683728
counter/9/0/0/0,38010:1747647679170:,1747647683728
counter/4/0/0/0,27718:1747647673290:,1747647683728
counter/8/0/0/0,33420:1747647676685:,1747647683728
counter/9/0/0/0,38011:1747647679170:,1747647683728
counter/4/0/0/0,27719:1747647673290:,1747647683728
counter/8/0/0/0,33421:1747647676685:,1747647683728
counter/9/0/0/0,38012:1747647679170:,1747647683728
counter/4/0/0/0,27720:1747647673290:,1747647683728
counter/10/0/0/0,27645:1747647671132:,1747647683728
counter/5/0/0/0,33594:1747647676921:,1747647683729
counter/8/0/0/0,33422:1747647676685:,1747647683729
counter/9/0/0/0,38013:1747647679170:,1747647683729
counter/4/0/0/0,27721:1747647673290:,1747647683729
counter/7/0/0/0,32808:1747647677358:,1747647683729
counter/8/0/0/0,33423:1747647676685:,1747647683729
counter/9/0/0/0,38014:1747647679170:,1747647683729
counter/4/0/0/0,27722:1747647673290:,1747647683729
counter/8/0/0/0,33424:1747647676685:,1747647683729
counter/9/0/0/0,38015:1747647679170:,1747647683729
counter/4/0/0/0,27723:1747647673290:,1747647683729
counter/5/0/0/0,33595:1747647676921:,1747647683729
counter/7/0/0/0,32809:1747647677358:,1747647683729
counter/8/0/0/0,33425:1747647676685:,1747647683729
counter/9/0/0/0,38016:1747647679170:,1747647683729
counter/4/0/0/0,27724:1747647673292:,1747647683729
counter/1/0/0/0,28411:1747647674528:,1747647683729
counter/8/0/0/0,33426:1747647676685:,1747647683729
counter/9/0/0/0,38017:1747647679174:,1747647683729
counter/4/0/0/0,27725:1747647673301:,1747647683729
counter/7/0/0/0,32810:1747647677358:,1747647683729
counter/8/0/0/0,33427:1747647676685:,1747647683729
counter/9/0/0/0,38018:1747647679175:,1747647683729
counter/4/0/0/0,27726:1747647673301:,1747647683729
counter/8/0/0/0,33428:1747647676685:,1747647683729
counter/9/0/0/0,38019:1747647679175:,1747647683729
counter/4/0/0/0,27727:1747647673301:,1747647683729
counter/7/0/0/0,32811:1747647677358:,1747647683729
counter/8/0/0/0,33429:1747647676685:,1747647683729
counter/9/0/0/0,38020:1747647679175:,1747647683729
counter/4/0/0/0,27728:1747647673301:,1747647683729
counter/7/0/0/0,32812:1747647677358:,1747647683729
counter/8/0/0/0,33430:1747647676685:,1747647683729
counter/9/0/0/0,38021:1747647679175:,1747647683729
counter/4/0/0/0,27729:1747647673301:,1747647683729
counter/7/0/0/0,32813:1747647677358:,1747647683729
counter/8/0/0/0,33431:1747647676686:,1747647683729
counter/9/0/0/0,38022:1747647679175:,1747647683729
counter/4/0/0/0,27730:1747647673301:,1747647683729
counter/7/0/0/0,32814:1747647677358:,1747647683729
counter/8/0/0/0,33432:1747647676686:,1747647683729
counter/9/0/0/0,38023:1747647679175:,1747647683729
counter/7/0/0/0,32815:1747647677358:,1747647683729
counter/8/0/0/0,33433:1747647676686:,1747647683729
counter/9/0/0/0,38024:1747647679175:,1747647683729
counter/7/0/0/0,32816:1747647677358:,1747647683730
counter/8/0/0/0,33434:1747647676686:,1747647683730
counter/9/0/0/0,38025:1747647679175:,1747647683730
counter/7/0/0/0,32817:1747647677358:,1747647683730
counter/8/0/0/0,33435:1747647676686:,1747647683730
counter/9/0/0/0,38026:1747647679175:,1747647683730
counter/7/0/0/0,32818:1747647677358:,1747647683730
counter/8/0/0/0,33436:1747647676686:,1747647683730
counter/9/0/0/0,38027:1747647679175:,1747647683730
counter/7/0/0/0,32819:1747647677358:,1747647683730
counter/5/0/0/0,33596:1747647676921:,1747647683730
counter/8/0/0/0,33437:1747647676686:,1747647683730
counter/9/0/0/0,38028:1747647679175:,1747647683730
counter/7/0/0/0,32820:1747647677358:,1747647683730
counter/10/0/0/0,27646:1747647671132:,1747647683730
counter/4/0/0/0,27731:1747647673301:,1747647683730
counter/8/0/0/0,33438:1747647676686:,1747647683730
counter/9/0/0/0,38029:1747647679175:,1747647683730
counter/7/0/0/0,32821:1747647677358:,1747647683730
counter/8/0/0/0,33439:1747647676686:,1747647683730
counter/9/0/0/0,38030:1747647679175:,1747647683730
counter/7/0/0/0,32822:1747647677358:,1747647683730
counter/8/0/0/0,33440:1747647676686:,1747647683730
counter/9/0/0/0,38031:1747647679175:,1747647683730
counter/7/0/0/0,32823:1747647677358:,1747647683730
counter/8/0/0/0,33441:1747647676686:,1747647683730
counter/9/0/0/0,38032:1747647679175:,1747647683730
counter/7/0/0/0,32824:1747647677358:,1747647683730
counter/8/0/0/0,33442:1747647676686:,1747647683730
counter/9/0/0/0,38033:1747647679176:,1747647683730
counter/7/0/0/0,32825:1747647677358:,1747647683730
counter/8/0/0/0,33443:1747647676686:,1747647683730
counter/9/0/0/0,38034:1747647679176:,1747647683730
counter/7/0/0/0,32826:1747647677359:,1747647683730
counter/10/0/0/0,27647:1747647671132:,1747647683730
counter/8/0/0/0,33444:1747647676686:,1747647683730
counter/9/0/0/0,38035:1747647679176:,1747647683730
counter/7/0/0/0,32827:1747647677359:,1747647683730
counter/8/0/0/0,33445:1747647676687:,1747647683730
counter/9/0/0/0,38036:1747647679176:,1747647683730
counter/7/0/0/0,32828:1747647677359:,1747647683730
counter/1/0/0/0,28412:1747647674528:,1747647683730
counter/8/0/0/0,33446:1747647676687:,1747647683730
counter/9/0/0/0,38037:1747647679190:,1747647683730
counter/7/0/0/0,32829:1747647677359:,1747647683730
counter/3/0/0/0,27007:1747647673000:,1747647683730
counter/8/0/0/0,33447:1747647676687:,1747647683731
counter/9/0/0/0,38038:1747647679190:,1747647683731
counter/7/0/0/0,32830:1747647677359:,1747647683731
counter/8/0/0/0,33448:1747647676687:,1747647683731
counter/9/0/0/0,38039:1747647679190:,1747647683731
counter/7/0/0/0,32831:1747647677359:,1747647683731
counter/8/0/0/0,33449:1747647676687:,1747647683731
counter/9/0/0/0,38040:1747647679198:,1747647683731
counter/7/0/0/0,32832:1747647677366:,1747647683731
counter/8/0/0/0,33450:1747647676687:,1747647683731
counter/9/0/0/0,38041:1747647679198:,1747647683731
counter/7/0/0/0,32833:1747647677366:,1747647683731
counter/8/0/0/0,33451:1747647676695:,1747647683731
counter/9/0/0/0,38042:1747647679198:,1747647683731
counter/7/0/0/0,32834:1747647677366:,1747647683731
counter/10/0/0/0,27648:1747647671132:,1747647683731
counter/8/0/0/0,33452:1747647676695:,1747647683731
counter/9/0/0/0,38043:1747647679198:,1747647683731
counter/7/0/0/0,32835:1747647677366:,1747647683731
counter/1/0/0/0,28413:1747647674528:,1747647683731
counter/8/0/0/0,33453:1747647676695:,1747647683731
counter/9/0/0/0,38044:1747647679198:,1747647683731
counter/7/0/0/0,32836:1747647677366:,1747647683731
counter/8/0/0/0,33454:1747647676695:,1747647683731
counter/9/0/0/0,38045:1747647679198:,1747647683731
counter/7/0/0/0,32837:1747647677366:,1747647683731
counter/8/0/0/0,33455:1747647676695:,1747647683731
counter/9/0/0/0,38046:1747647679198:,1747647683731
counter/7/0/0/0,32838:1747647677366:,1747647683731
counter/8/0/0/0,33456:1747647676695:,1747647683731
counter/9/0/0/0,38047:1747647679198:,1747647683731
counter/7/0/0/0,32839:1747647677366:,1747647683731
counter/8/0/0/0,33457:1747647676695:,1747647683731
counter/9/0/0/0,38048:1747647679198:,1747647683731
counter/7/0/0/0,32840:1747647677366:,1747647683731
counter/10/0/0/0,27649:1747647671133:,1747647683731
counter/1/0/0/0,28414:1747647674528:,1747647683731
counter/8/0/0/0,33458:1747647676695:,1747647683731
counter/7/0/0/0,32841:1747647677366:,1747647683731
counter/1/0/0/0,28415:1747647674528:,1747647683731
counter/8/0/0/0,33459:1747647676695:,1747647683731
counter/7/0/0/0,32842:1747647677366:,1747647683731
counter/1/0/0/0,28416:1747647674528:,1747647683731
counter/8/0/0/0,33460:1747647676695:,1747647683732
counter/7/0/0/0,32843:1747647677373:,1747647683732
counter/1/0/0/0,28417:1747647674528:,1747647683732
counter/8/0/0/0,33461:1747647676695:,1747647683732
counter/7/0/0/0,32844:1747647677373:,1747647683732
counter/1/0/0/0,28418:1747647674528:,1747647683732
counter/8/0/0/0,33462:1747647676695:,1747647683732
counter/7/0/0/0,32845:1747647677373:,1747647683732
counter/1/0/0/0,28419:1747647674530:,1747647683732
counter/8/0/0/0,33463:1747647676695:,1747647683732
counter/7/0/0/0,32846:1747647677373:,1747647683732
counter/1/0/0/0,28420:1747647674530:,1747647683732
counter/8/0/0/0,33464:1747647676695:,1747647683732
counter/7/0/0/0,32847:1747647677373:,1747647683732
counter/1/0/0/0,28421:1747647674530:,1747647683732
counter/8/0/0/0,33465:1747647676702:,1747647683732
counter/7/0/0/0,32848:1747647677373:,1747647683732
counter/1/0/0/0,28422:1747647674530:,1747647683732
counter/8/0/0/0,33466:1747647676702:,1747647683732
counter/7/0/0/0,32849:1747647677373:,1747647683732
counter/1/0/0/0,28423:1747647674530:,1747647683732
counter/8/0/0/0,33467:1747647676702:,1747647683732
counter/7/0/0/0,32850:1747647677380:,1747647683732
counter/1/0/0/0,28424:1747647674530:,1747647683732
counter/8/0/0/0,33468:1747647676702:,1747647683732
counter/7/0/0/0,32851:1747647677380:,1747647683732
counter/1/0/0/0,28425:1747647674530:,1747647683732
counter/5/0/0/0,33597:1747647676921:,1747647683732
counter/8/0/0/0,33469:1747647676702:,1747647683732
counter/7/0/0/0,32852:1747647677380:,1747647683732
counter/1/0/0/0,28426:1747647674530:,1747647683732
counter/3/0/0/0,27008:1747647673000:,1747647683732
counter/9/0/0/0,38049:1747647679198:,1747647683732
counter/8/0/0/0,33470:1747647676702:,1747647683732
counter/7/0/0/0,32853:1747647677380:,1747647683732
counter/1/0/0/0,28427:1747647674530:,1747647683732
counter/8/0/0/0,33471:1747647676702:,1747647683732
counter/7/0/0/0,32854:1747647677380:,1747647683732
counter/1/0/0/0,28428:1747647674530:,1747647683732
counter/8/0/0/0,33472:1747647676719:,1747647683732
counter/1/0/0/0,28429:1747647674535:,1747647683732
counter/8/0/0/0,33473:1747647676740:,1747647683732
counter/1/0/0/0,28430:1747647674535:,1747647683732
counter/8/0/0/0,33474:1747647676740:,1747647683732
counter/1/0/0/0,28431:1747647674564:,1747647683733
counter/8/0/0/0,33475:1747647676740:,1747647683733
counter/1/0/0/0,28432:1747647674564:,1747647683733
counter/8/0/0/0,33476:1747647676740:,1747647683733
counter/1/0/0/0,28433:1747647674564:,1747647683733
counter/8/0/0/0,33477:1747647676741:,1747647683733
counter/1/0/0/0,28434:1747647674564:,1747647683733
counter/3/0/0/0,27009:1747647673000:,1747647683733
counter/9/0/0/0,38050:1747647679198:,1747647683733
counter/8/0/0/0,33478:1747647676741:,1747647683733
counter/1/0/0/0,28435:1747647674565:,1747647683733
counter/8/0/0/0,33479:1747647676741:,1747647683733
counter/1/0/0/0,28436:1747647674565:,1747647683733
counter/8/0/0/0,33480:1747647676741:,1747647683733
counter/1/0/0/0,28437:1747647674565:,1747647683733
counter/8/0/0/0,33481:1747647676741:,1747647683733
counter/1/0/0/0,28438:1747647674565:,1747647683733
counter/8/0/0/0,33482:1747647676741:,1747647683733
counter/1/0/0/0,28439:1747647674565:,1747647683733
counter/8/0/0/0,33483:1747647676742:,1747647683733
counter/1/0/0/0,28440:1747647674565:,1747647683733
counter/8/0/0/0,33484:1747647676744:,1747647683733
counter/1/0/0/0,28441:1747647674565:,1747647683733
counter/8/0/0/0,33485:1747647676744:,1747647683733
counter/1/0/0/0,28442:1747647674565:,1747647683733
counter/9/0/0/0,38051:1747647679198:,1747647683733
counter/8/0/0/0,33486:1747647676744:,1747647683733
counter/1/0/0/0,28443:1747647674565:,1747647683733
counter/7/0/0/0,32855:1747647677380:,1747647683733
counter/8/0/0/0,33487:1747647676753:,1747647683733
counter/1/0/0/0,28444:1747647674565:,1747647683733
counter/7/0/0/0,32856:1747647677380:,1747647683733
counter/8/0/0/0,33488:1747647676756:,1747647683733
counter/1/0/0/0,28445:1747647674565:,1747647683733
counter/7/0/0/0,32857:1747647677380:,1747647683733
counter/8/0/0/0,33489:1747647676756:,1747647683733
counter/1/0/0/0,28446:1747647674565:,1747647683733
counter/7/0/0/0,32858:1747647677380:,1747647683733
counter/8/0/0/0,33490:1747647676756:,1747647683733
counter/1/0/0/0,28447:1747647674565:,1747647683733
counter/7/0/0/0,32859:1747647677383:,1747647683733
counter/8/0/0/0,33491:1747647676758:,1747647683733
counter/1/0/0/0,28448:1747647674565:,1747647683733
counter/7/0/0/0,32860:1747647677383:,1747647683733
counter/8/0/0/0,33492:1747647676758:,1747647683734
counter/1/0/0/0,28449:1747647674565:,1747647683734
counter/7/0/0/0,32861:1747647677383:,1747647683734
counter/9/0/0/0,38052:1747647679198:,1747647683734
counter/8/0/0/0,33493:1747647676758:,1747647683734
counter/1/0/0/0,28450:1747647674565:,1747647683734
counter/7/0/0/0,32862:1747647677383:,1747647683734
counter/8/0/0/0,33494:1747647676758:,1747647683734
counter/1/0/0/0,28451:1747647674565:,1747647683734
counter/7/0/0/0,32863:1747647677383:,1747647683734
counter/8/0/0/0,33495:1747647676758:,1747647683734
counter/1/0/0/0,28452:1747647674565:,1747647683734
counter/7/0/0/0,32864:1747647677383:,1747647683734
counter/8/0/0/0,33496:1747647676758:,1747647683734
counter/1/0/0/0,28453:1747647674565:,1747647683734
counter/7/0/0/0,32865:1747647677385:,1747647683734
counter/8/0/0/0,33497:1747647676758:,1747647683734
counter/1/0/0/0,28454:1747647674565:,1747647683734
counter/7/0/0/0,32866:1747647677386:,1747647683734
counter/8/0/0/0,33498:1747647676758:,1747647683734
counter/1/0/0/0,28455:1747647674565:,1747647683734
counter/7/0/0/0,32867:1747647677386:,1747647683734
counter/8/0/0/0,33499:1747647676758:,1747647683734
counter/1/0/0/0,28456:1747647674565:,1747647683734
counter/7/0/0/0,32868:1747647677386:,1747647683734
counter/8/0/0/0,33500:1747647676759:,1747647683734
counter/1/0/0/0,28457:1747647674565:,1747647683734
counter/7/0/0/0,32869:1747647677386:,1747647683734
counter/8/0/0/0,33501:1747647676759:,1747647683734
counter/1/0/0/0,28458:1747647674572:,1747647683734
counter/7/0/0/0,32870:1747647677386:,1747647683734
counter/9/0/0/0,38053:1747647679198:,1747647683734
counter/8/0/0/0,33502:1747647676759:,1747647683734
counter/1/0/0/0,28459:1747647674572:,1747647683734
counter/7/0/0/0,32871:1747647677386:,1747647683734
counter/8/0/0/0,33503:1747647676759:,1747647683734
counter/1/0/0/0,28460:1747647674572:,1747647683734
counter/7/0/0/0,32872:1747647677386:,1747647683734
counter/8/0/0/0,33504:1747647676759:,1747647683734
counter/1/0/0/0,28461:1747647674572:,1747647683734
counter/7/0/0/0,32873:1747647677386:,1747647683734
counter/8/0/0/0,33505:1747647676759:,1747647683735
counter/1/0/0/0,28462:1747647674573:,1747647683735
counter/7/0/0/0,32874:1747647677386:,1747647683735
counter/8/0/0/0,33506:1747647676759:,1747647683735
counter/1/0/0/0,28463:1747647674573:,1747647683735
counter/7/0/0/0,32875:1747647677386:,1747647683735
counter/8/0/0/0,33507:1747647676759:,1747647683735
counter/1/0/0/0,28464:1747647674573:,1747647683735
counter/7/0/0/0,32876:1747647677386:,1747647683735
counter/8/0/0/0,33508:1747647676759:,1747647683735
counter/1/0/0/0,28465:1747647674573:,1747647683735
counter/10/0/0/0,27650:1747647671133:,1747647683735
counter/4/0/0/0,27732:1747647673301:,1747647683735
counter/8/0/0/0,33509:1747647676766:,1747647683735
counter/1/0/0/0,28466:1747647674573:,1747647683735
counter/7/0/0/0,32877:1747647677386:,1747647683735
counter/5/0/0/0,33598:1747647676921:,1747647683735
counter/8/0/0/0,33510:1747647676766:,1747647683735
counter/1/0/0/0,28467:1747647674573:,1747647683735
counter/8/0/0/0,33511:1747647676766:,1747647683735
counter/1/0/0/0,28468:1747647674573:,1747647683735
counter/8/0/0/0,33512:1747647676766:,1747647683735
counter/1/0/0/0,28469:1747647674573:,1747647683735
counter/8/0/0/0,33513:1747647676766:,1747647683735
counter/1/0/0/0,28470:1747647674578:,1747647683735
counter/9/0/0/0,38054:1747647679198:,1747647683735
counter/8/0/0/0,33514:1747647676766:,1747647683735
counter/1/0/0/0,28471:1747647674578:,1747647683735
counter/8/0/0/0,33515:1747647676766:,1747647683735
counter/1/0/0/0,28472:1747647674579:,1747647683735
counter/8/0/0/0,33516:1747647676766:,1747647683735
counter/1/0/0/0,28473:1747647674579:,1747647683735
counter/8/0/0/0,33517:1747647676766:,1747647683735
counter/1/0/0/0,28474:1747647674579:,1747647683735
counter/7/0/0/0,32878:1747647677386:,1747647683735
counter/9/0/0/0,38055:1747647679198:,1747647683735
counter/8/0/0/0,33518:1747647676766:,1747647683735
counter/1/0/0/0,28475:1747647674579:,1747647683735
counter/3/0/0/0,27010:1747647673000:,1747647683735
counter/4/0/0/0,27733:1747647673313:,1747647683735
counter/8/0/0/0,33519:1747647676766:,1747647683735
counter/1/0/0/0,28476:1747647674579:,1747647683735
counter/4/0/0/0,27734:1747647673313:,1747647683736
counter/7/0/0/0,32879:1747647677386:,1747647683736
counter/8/0/0/0,33520:1747647676766:,1747647683736
counter/1/0/0/0,28477:1747647674579:,1747647683736
counter/4/0/0/0,27735:1747647673313:,1747647683736
counter/8/0/0/0,33521:1747647676766:,1747647683736
counter/1/0/0/0,28478:1747647674579:,1747647683736
counter/4/0/0/0,27736:1747647673313:,1747647683736
counter/8/0/0/0,33522:1747647676767:,1747647683736
counter/1/0/0/0,28479:1747647674579:,1747647683736
counter/4/0/0/0,27737:1747647673313:,1747647683736
counter/8/0/0/0,33523:1747647676767:,1747647683736
counter/1/0/0/0,28480:1747647674607:,1747647683736
counter/4/0/0/0,27738:1747647673313:,1747647683736
counter/8/0/0/0,33524:1747647676767:,1747647683736
counter/1/0/0/0,28481:1747647674607:,1747647683736
counter/4/0/0/0,27739:1747647673313:,1747647683736
counter/7/0/0/0,32880:1747647677386:,1747647683736
counter/9/0/0/0,38056:1747647679204:,1747647683736
counter/8/0/0/0,33525:1747647676768:,1747647683736
counter/1/0/0/0,28482:1747647674607:,1747647683736
counter/4/0/0/0,27740:1747647673313:,1747647683736
counter/8/0/0/0,33526:1747647676768:,1747647683736
counter/1/0/0/0,28483:1747647674607:,1747647683736
counter/4/0/0/0,27741:1747647673313:,1747647683736
counter/8/0/0/0,33527:1747647676768:,1747647683736
counter/1/0/0/0,28484:1747647674607:,1747647683736
counter/4/0/0/0,27742:1747647673313:,1747647683736
counter/8/0/0/0,33528:1747647676768:,1747647683736
counter/1/0/0/0,28485:1747647674607:,1747647683736
counter/4/0/0/0,27743:1747647673314:,1747647683736
counter/8/0/0/0,33529:1747647676768:,1747647683736
counter/1/0/0/0,28486:1747647674607:,1747647683736
counter/8/0/0/0,33530:1747647676768:,1747647683736
counter/8/0/0/0,33531:1747647676768:,1747647683736
counter/9/0/0/0,38057:1747647679204:,1747647683736
counter/8/0/0/0,33532:1747647676768:,1747647683736
counter/3/0/0/0,27011:1747647673003:,1747647683736
counter/8/0/0/0,33533:1747647676771:,1747647683736
counter/4/0/0/0,27744:1747647673314:,1747647683736
counter/8/0/0/0,33534:1747647676772:,1747647683736
counter/8/0/0/0,33535:1747647676772:,1747647683736
counter/8/0/0/0,33536:1747647676772:,1747647683736
counter/8/0/0/0,33537:1747647676772:,1747647683736
counter/8/0/0/0,33538:1747647676772:,1747647683736
counter/8/0/0/0,33539:1747647676772:,1747647683736
counter/8/0/0/0,33540:1747647676775:,1747647683736
counter/8/0/0/0,33541:1747647676775:,1747647683737
counter/8/0/0/0,33542:1747647676775:,1747647683737
counter/8/0/0/0,33543:1747647676775:,1747647683737
counter/8/0/0/0,33544:1747647676776:,1747647683737
counter/3/0/0/0,27012:1747647673003:,1747647683737
counter/8/0/0/0,33545:1747647676776:,1747647683737
counter/8/0/0/0,33546:1747647676776:,1747647683737
counter/8/0/0/0,33547:1747647676777:,1747647683737
counter/8/0/0/0,33548:1747647676777:,1747647683737
counter/8/0/0/0,33549:1747647676777:,1747647683737
counter/8/0/0/0,33550:1747647676777:,1747647683737
counter/8/0/0/0,33551:1747647676777:,1747647683737
counter/8/0/0/0,33552:1747647676777:,1747647683737
counter/8/0/0/0,33553:1747647676777:,1747647683737
counter/8/0/0/0,33554:1747647676777:,1747647683737
counter/8/0/0/0,33555:1747647676777:,1747647683737
counter/8/0/0/0,33556:1747647676779:,1747647683737
counter/8/0/0/0,33557:1747647676779:,1747647683737
counter/8/0/0/0,33558:1747647676779:,1747647683737
counter/8/0/0/0,33559:1747647676779:,1747647683737
counter/8/0/0/0,33560:1747647676779:,1747647683737
counter/8/0/0/0,33561:1747647676779:,1747647683737
counter/8/0/0/0,33562:1747647676779:,1747647683737
counter/8/0/0/0,33563:1747647676779:,1747647683737
counter/8/0/0/0,33564:1747647676779:,1747647683737
counter/8/0/0/0,33565:1747647676779:,1747647683737
counter/8/0/0/0,33566:1747647676779:,1747647683737
counter/8/0/0/0,33567:1747647676779:,1747647683737
counter/8/0/0/0,33568:1747647676781:,1747647683737
counter/8/0/0/0,33569:1747647676781:,1747647683737
counter/8/0/0/0,33570:1747647676781:,1747647683737
counter/8/0/0/0,33571:1747647676781:,1747647683737
counter/8/0/0/0,33572:1747647676781:,1747647683737
counter/8/0/0/0,33573:1747647676781:,1747647683737
counter/3/0/0/0,27013:1747647673003:,1747647683737
counter/8/0/0/0,33574:1747647676781:,1747647683737
counter/10/0/0/0,27651:1747647671133:,1747647683737
counter/8/0/0/0,33575:1747647676781:,1747647683737
counter/9/0/0/0,38058:1747647679204:,1747647683737
counter/8/0/0/0,33576:1747647676781:,1747647683738
counter/8/0/0/0,33577:1747647676781:,1747647683738
counter/8/0/0/0,33578:1747647676781:,1747647683738
counter/8/0/0/0,33579:1747647676781:,1747647683738
counter/8/0/0/0,33580:1747647676781:,1747647683738
counter/8/0/0/0,33581:1747647676781:,1747647683738
counter/8/0/0/0,33582:1747647676781:,1747647683738
counter/8/0/0/0,33583:1747647676781:,1747647683738
counter/8/0/0/0,33584:1747647676781:,1747647683738
counter/8/0/0/0,33585:1747647676781:,1747647683738
counter/8/0/0/0,33586:1747647676781:,1747647683738
counter/8/0/0/0,33587:1747647676781:,1747647683738
counter/8/0/0/0,33588:1747647676782:,1747647683738
counter/8/0/0/0,33589:1747647676782:,1747647683738
counter/8/0/0/0,33590:1747647676782:,1747647683738
counter/8/0/0/0,33591:1747647676782:,1747647683738
counter/8/0/0/0,33592:1747647676782:,1747647683738
counter/8/0/0/0,33593:1747647676805:,1747647683738
counter/8/0/0/0,33594:1747647676805:,1747647683738
counter/8/0/0/0,33595:1747647676805:,1747647683738
counter/8/0/0/0,33596:1747647676805:,1747647683738
counter/8/0/0/0,33597:1747647676810:,1747647683738
counter/8/0/0/0,33598:1747647676810:,1747647683738
counter/8/0/0/0,33599:1747647676810:,1747647683738
counter/8/0/0/0,33600:1747647676810:,1747647683738
counter/8/0/0/0,33601:1747647676810:,1747647683738
counter/8/0/0/0,33602:1747647676810:,1747647683738
counter/8/0/0/0,33603:1747647676810:,1747647683738
counter/8/0/0/0,33604:1747647676810:,1747647683738
counter/8/0/0/0,33605:1747647676810:,1747647683738
counter/8/0/0/0,33606:1747647676810:,1747647683738
counter/8/0/0/0,33607:1747647676810:,1747647683738
counter/8/0/0/0,33608:1747647676813:,1747647683738
counter/8/0/0/0,33609:1747647676813:,1747647683738
counter/8/0/0/0,33610:1747647676813:,1747647683738
counter/8/0/0/0,33611:1747647676813:,1747647683739
counter/8/0/0/0,33612:1747647676813:,1747647683739
counter/8/0/0/0,33613:1747647676813:,1747647683739
counter/8/0/0/0,33614:1747647676813:,1747647683739
counter/8/0/0/0,33615:1747647676816:,1747647683739
counter/8/0/0/0,33616:1747647676816:,1747647683739
counter/8/0/0/0,33617:1747647676816:,1747647683739
counter/8/0/0/0,33618:1747647676816:,1747647683739
counter/8/0/0/0,33619:1747647676816:,1747647683739
counter/8/0/0/0,33620:1747647676816:,1747647683739
counter/8/0/0/0,33621:1747647676816:,1747647683739
counter/8/0/0/0,33622:1747647676816:,1747647683739
counter/8/0/0/0,33623:1747647676816:,1747647683739
counter/8/0/0/0,33624:1747647676816:,1747647683739
counter/8/0/0/0,33625:1747647676816:,1747647683739
counter/8/0/0/0,33626:1747647676816:,1747647683739
counter/8/0/0/0,33627:1747647676816:,1747647683739
counter/8/0/0/0,33628:1747647676816:,1747647683739
counter/8/0/0/0,33629:1747647676816:,1747647683739
counter/8/0/0/0,33630:1747647676816:,1747647683739
counter/3/0/0/0,27014:1747647673003:,1747647683739
counter/8/0/0/0,33631:1747647676817:,1747647683739
counter/9/0/0/0,38059:1747647679204:,1747647683739
counter/8/0/0/0,33632:1747647676817:,1747647683739
counter/10/0/0/0,27652:1747647671133:,1747647683739
counter/8/0/0/0,33633:1747647676817:,1747647683739
counter/8/0/0/0,33634:1747647676817:,1747647683739
counter/8/0/0/0,33635:1747647676817:,1747647683739
counter/8/0/0/0,33636:1747647676817:,1747647683739
counter/8/0/0/0,33637:1747647676817:,1747647683739
counter/7/0/0/0,32881:1747647677386:,1747647683739
counter/8/0/0/0,33638:1747647676817:,1747647683739
counter/10/0/0/0,27653:1747647671133:,1747647683739
counter/8/0/0/0,33639:1747647676817:,1747647683739
counter/8/0/0/0,33640:1747647676817:,1747647683739
counter/8/0/0/0,33641:1747647676817:,1747647683739
counter/8/0/0/0,33642:1747647676825:,1747647683739
counter/9/0/0/0,38060:1747647679204:,1747647683739
counter/8/0/0/0,33643:1747647676825:,1747647683739
counter/7/0/0/0,32882:1747647677386:,1747647683739
counter/8/0/0/0,33644:1747647676825:,1747647683739
counter/7/0/0/0,32883:1747647677387:,1747647683739
counter/8/0/0/0,33645:1747647676825:,1747647683739
counter/7/0/0/0,32884:1747647677391:,1747647683739
counter/8/0/0/0,33646:1747647676826:,1747647683740
counter/7/0/0/0,32885:1747647677391:,1747647683740
counter/9/0/0/0,38061:1747647679204:,1747647683740
counter/8/0/0/0,33647:1747647676826:,1747647683740
counter/7/0/0/0,32886:1747647677391:,1747647683740
counter/10/0/0/0,27654:1747647671133:,1747647683740
counter/4/0/0/0,27745:1747647673314:,1747647683740
counter/8/0/0/0,33648:1747647676826:,1747647683740
counter/4/0/0/0,27746:1747647673314:,1747647683740
counter/8/0/0/0,33649:1747647676826:,1747647683740
counter/4/0/0/0,27747:1747647673319:,1747647683740
counter/8/0/0/0,33650:1747647676826:,1747647683740
counter/4/0/0/0,27748:1747647673319:,1747647683740
counter/8/0/0/0,33651:1747647676826:,1747647683740
counter/4/0/0/0,27749:1747647673319:,1747647683740
counter/8/0/0/0,33652:1747647676826:,1747647683740
counter/4/0/0/0,27750:1747647673319:,1747647683740
counter/8/0/0/0,33653:1747647676826:,1747647683740
counter/4/0/0/0,27751:1747647673319:,1747647683740
counter/8/0/0/0,33654:1747647676826:,1747647683740
counter/4/0/0/0,27752:1747647673319:,1747647683740
counter/8/0/0/0,33655:1747647676826:,1747647683740
counter/4/0/0/0,27753:1747647673319:,1747647683740
counter/10/0/0/0,27655:1747647671133:,1747647683740
counter/8/0/0/0,33656:1747647676826:,1747647683740
counter/4/0/0/0,27754:1747647673319:,1747647683740
counter/8/0/0/0,33657:1747647676826:,1747647683740
counter/4/0/0/0,27755:1747647673320:,1747647683740
counter/8/0/0/0,33658:1747647676826:,1747647683740
counter/4/0/0/0,27756:1747647673320:,1747647683740
counter/7/0/0/0,32887:1747647677391:,1747647683740
counter/8/0/0/0,33659:1747647676831:,1747647683740
counter/4/0/0/0,27757:1747647673320:,1747647683740
counter/8/0/0/0,33660:1747647676831:,1747647683740
counter/4/0/0/0,27758:1747647673320:,1747647683740
counter/8/0/0/0,33661:1747647676831:,1747647683740
counter/4/0/0/0,27759:1747647673320:,1747647683740
counter/8/0/0/0,33662:1747647676831:,1747647683741
counter/4/0/0/0,27760:1747647673320:,1747647683741
counter/9/0/0/0,38062:1747647679204:,1747647683741
counter/10/0/0/0,27656:1747647671133:,1747647683741
counter/8/0/0/0,33663:1747647676831:,1747647683741
counter/4/0/0/0,27761:1747647673320:,1747647683741
counter/5/0/0/0,33599:1747647676921:,1747647683741
counter/3/0/0/0,27015:1747647673003:,1747647683741
counter/8/0/0/0,33664:1747647676831:,1747647683741
counter/4/0/0/0,27762:1747647673320:,1747647683741
counter/8/0/0/0,33665:1747647676831:,1747647683741
counter/4/0/0/0,27763:1747647673320:,1747647683741
counter/8/0/0/0,33666:1747647676831:,1747647683741
counter/4/0/0/0,27764:1747647673327:,1747647683741
counter/7/0/0/0,32888:1747647677391:,1747647683741
counter/8/0/0/0,33667:1747647676831:,1747647683741
counter/4/0/0/0,27765:1747647673334:,1747647683741
counter/7/0/0/0,32889:1747647677391:,1747647683741
counter/8/0/0/0,33668:1747647676831:,1747647683741
counter/4/0/0/0,27766:1747647673339:,1747647683741
counter/7/0/0/0,32890:1747647677391:,1747647683741
counter/8/0/0/0,33669:1747647676831:,1747647683741
counter/4/0/0/0,27767:1747647673339:,1747647683741
counter/7/0/0/0,32891:1747647677391:,1747647683741
counter/9/0/0/0,38063:1747647679204:,1747647683741
counter/8/0/0/0,33670:1747647676831:,1747647683741
counter/4/0/0/0,27768:1747647673339:,1747647683741
counter/7/0/0/0,32892:1747647677392:,1747647683741
counter/8/0/0/0,33671:1747647676831:,1747647683741
counter/4/0/0/0,27769:1747647673339:,1747647683741
counter/7/0/0/0,32893:1747647677392:,1747647683741
counter/9/0/0/0,38064:1747647679204:,1747647683741
counter/10/0/0/0,27657:1747647671133:,1747647683741
counter/8/0/0/0,33672:1747647676831:,1747647683741
counter/4/0/0/0,27770:1747647673339:,1747647683741
counter/7/0/0/0,32894:1747647677392:,1747647683741
counter/8/0/0/0,33673:1747647676831:,1747647683741
counter/4/0/0/0,27771:1747647673339:,1747647683741
counter/7/0/0/0,32895:1747647677392:,1747647683741
counter/8/0/0/0,33674:1747647676831:,1747647683741
counter/4/0/0/0,27772:1747647673339:,1747647683741
counter/7/0/0/0,32896:1747647677392:,1747647683741
counter/8/0/0/0,33675:1747647676831:,1747647683741
counter/4/0/0/0,27773:1747647673339:,1747647683742
counter/7/0/0/0,32897:1747647677392:,1747647683742
counter/8/0/0/0,33676:1747647676831:,1747647683742
counter/4/0/0/0,27774:1747647673339:,1747647683742
counter/7/0/0/0,32898:1747647677392:,1747647683742
counter/8/0/0/0,33677:1747647676831:,1747647683742
counter/4/0/0/0,27775:1747647673339:,1747647683742
counter/7/0/0/0,32899:1747647677392:,1747647683742
counter/8/0/0/0,33678:1747647676832:,1747647683742
counter/4/0/0/0,27776:1747647673339:,1747647683742
counter/7/0/0/0,32900:1747647677392:,1747647683742
counter/8/0/0/0,33679:1747647676832:,1747647683742
counter/4/0/0/0,27777:1747647673339:,1747647683742
counter/7/0/0/0,32901:1747647677392:,1747647683742
counter/8/0/0/0,33680:1747647676832:,1747647683742
counter/4/0/0/0,27778:1747647673339:,1747647683742
counter/7/0/0/0,32902:1747647677412:,1747647683742
counter/8/0/0/0,33681:1747647676833:,1747647683742
counter/4/0/0/0,27779:1747647673340:,1747647683742
counter/7/0/0/0,32903:1747647677412:,1747647683742
counter/8/0/0/0,33682:1747647676833:,1747647683742
counter/4/0/0/0,27780:1747647673340:,1747647683742
counter/7/0/0/0,32904:1747647677412:,1747647683742
counter/8/0/0/0,33683:1747647676833:,1747647683742
counter/4/0/0/0,27781:1747647673340:,1747647683742
counter/7/0/0/0,32905:1747647677412:,1747647683742
counter/8/0/0/0,33684:1747647676833:,1747647683742
counter/4/0/0/0,27782:1747647673347:,1747647683742
counter/7/0/0/0,32906:1747647677412:,1747647683742
counter/8/0/0/0,33685:1747647676833:,1747647683742
counter/4/0/0/0,27783:1747647673347:,1747647683742
counter/7/0/0/0,32907:1747647677412:,1747647683742
counter/8/0/0/0,33686:1747647676833:,1747647683742
counter/4/0/0/0,27784:1747647673347:,1747647683742
counter/8/0/0/0,33687:1747647676833:,1747647683742
counter/4/0/0/0,27785:1747647673347:,1747647683742
counter/8/0/0/0,33688:1747647676833:,1747647683742
counter/4/0/0/0,27786:1747647673347:,1747647683742
counter/8/0/0/0,33689:1747647676833:,1747647683743
counter/4/0/0/0,27787:1747647673347:,1747647683743
counter/3/0/0/0,27016:1747647673003:,1747647683743
counter/8/0/0/0,33690:1747647676833:,1747647683743
counter/4/0/0/0,27788:1747647673347:,1747647683743
counter/7/0/0/0,32908:1747647677412:,1747647683743
counter/8/0/0/0,33691:1747647676833:,1747647683743
counter/4/0/0/0,27789:1747647673349:,1747647683743
counter/5/0/0/0,33600:1747647676925:,1747647683743
counter/9/0/0/0,38065:1747647679204:,1747647683743
counter/8/0/0/0,33692:1747647676833:,1747647683743
counter/4/0/0/0,27790:1747647673349:,1747647683743
counter/8/0/0/0,33693:1747647676833:,1747647683743
counter/4/0/0/0,27791:1747647673350:,1747647683743
counter/8/0/0/0,33694:1747647676833:,1747647683743
counter/4/0/0/0,27792:1747647673350:,1747647683743
counter/8/0/0/0,33695:1747647676833:,1747647683743
counter/4/0/0/0,27793:1747647673350:,1747647683743
counter/8/0/0/0,33696:1747647676833:,1747647683743
counter/4/0/0/0,27794:1747647673350:,1747647683743
counter/8/0/0/0,33697:1747647676833:,1747647683743
counter/4/0/0/0,27795:1747647673350:,1747647683743
counter/8/0/0/0,33698:1747647676833:,1747647683743
counter/4/0/0/0,27796:1747647673350:,1747647683743
counter/8/0/0/0,33699:1747647676833:,1747647683743
counter/4/0/0/0,27797:1747647673350:,1747647683743
counter/8/0/0/0,33700:1747647676833:,1747647683743
counter/4/0/0/0,27798:1747647673350:,1747647683743
counter/8/0/0/0,33701:1747647676833:,1747647683743
counter/4/0/0/0,27799:1747647673350:,1747647683743
counter/9/0/0/0,38066:1747647679204:,1747647683743
counter/7/0/0/0,32909:1747647677418:,1747647683743
counter/5/0/0/0,33601:1747647676925:,1747647683743
counter/8/0/0/0,33702:1747647676833:,1747647683743
counter/4/0/0/0,27800:1747647673350:,1747647683743
counter/8/0/0/0,33703:1747647676833:,1747647683743
counter/4/0/0/0,27801:1747647673350:,1747647683743
counter/8/0/0/0,33704:1747647676833:,1747647683744
counter/4/0/0/0,27802:1747647673351:,1747647683744
counter/8/0/0/0,33705:1747647676833:,1747647683744
counter/4/0/0/0,27803:1747647673359:,1747647683744
counter/8/0/0/0,33706:1747647676833:,1747647683744
counter/4/0/0/0,27804:1747647673359:,1747647683744
counter/8/0/0/0,33707:1747647676836:,1747647683744
counter/4/0/0/0,27805:1747647673359:,1747647683744
counter/8/0/0/0,33708:1747647676837:,1747647683744
counter/4/0/0/0,27806:1747647673359:,1747647683744
counter/8/0/0/0,33709:1747647676837:,1747647683744
counter/4/0/0/0,27807:1747647673359:,1747647683744
counter/8/0/0/0,33710:1747647676837:,1747647683744
counter/4/0/0/0,27808:1747647673359:,1747647683744
counter/8/0/0/0,33711:1747647676837:,1747647683744
counter/4/0/0/0,27809:1747647673359:,1747647683744
counter/8/0/0/0,33712:1747647676837:,1747647683744
counter/4/0/0/0,27810:1747647673359:,1747647683744
counter/8/0/0/0,33713:1747647676839:,1747647683744
counter/4/0/0/0,27811:1747647673359:,1747647683744
counter/8/0/0/0,33714:1747647676839:,1747647683744
counter/4/0/0/0,27812:1747647673359:,1747647683744
counter/8/0/0/0,33715:1747647676839:,1747647683744
counter/4/0/0/0,27813:1747647673359:,1747647683745
counter/8/0/0/0,33716:1747647676839:,1747647683745
counter/4/0/0/0,27814:1747647673359:,1747647683745
counter/8/0/0/0,33717:1747647676839:,1747647683745
counter/4/0/0/0,27815:1747647673359:,1747647683745
counter/8/0/0/0,33718:1747647676845:,1747647683745
counter/4/0/0/0,27816:1747647673359:,1747647683745
counter/8/0/0/0,33719:1747647676845:,1747647683745
counter/4/0/0/0,27817:1747647673361:,1747647683745
counter/8/0/0/0,33720:1747647676845:,1747647683745
counter/4/0/0/0,27818:1747647673361:,1747647683745
counter/8/0/0/0,33721:1747647676845:,1747647683745
counter/4/0/0/0,27819:1747647673361:,1747647683745
counter/8/0/0/0,33722:1747647676845:,1747647683745
counter/4/0/0/0,27820:1747647673361:,1747647683745
counter/8/0/0/0,33723:1747647676845:,1747647683745
counter/4/0/0/0,27821:1747647673372:,1747647683745
counter/8/0/0/0,33724:1747647676845:,1747647683745
counter/4/0/0/0,27822:1747647673374:,1747647683745
counter/8/0/0/0,33725:1747647676845:,1747647683745
counter/4/0/0/0,27823:1747647673374:,1747647683745
counter/8/0/0/0,33726:1747647676845:,1747647683745
counter/4/0/0/0,27824:1747647673377:,1747647683745
counter/8/0/0/0,33727:1747647676845:,1747647683745
counter/4/0/0/0,27825:1747647673377:,1747647683745
counter/8/0/0/0,33728:1747647676845:,1747647683745
counter/4/0/0/0,27826:1747647673377:,1747647683745
counter/8/0/0/0,33729:1747647676865:,1747647683745
counter/4/0/0/0,27827:1747647673377:,1747647683745
counter/8/0/0/0,33730:1747647676865:,1747647683745
counter/4/0/0/0,27828:1747647673377:,1747647683745
counter/8/0/0/0,33731:1747647676865:,1747647683745
counter/4/0/0/0,27829:1747647673377:,1747647683745
counter/8/0/0/0,33732:1747647676865:,1747647683745
counter/4/0/0/0,27830:1747647673377:,1747647683745
counter/8/0/0/0,33733:1747647676865:,1747647683745
counter/4/0/0/0,27831:1747647673377:,1747647683746
counter/8/0/0/0,33734:1747647676865:,1747647683746
counter/4/0/0/0,27832:1747647673377:,1747647683746
counter/8/0/0/0,33735:1747647676865:,1747647683746
counter/4/0/0/0,27833:1747647673377:,1747647683746
counter/9/0/0/0,38067:1747647679204:,1747647683746
counter/8/0/0/0,33736:1747647676865:,1747647683746
counter/4/0/0/0,27834:1747647673377:,1747647683746
counter/8/0/0/0,33737:1747647676874:,1747647683746
counter/4/0/0/0,27835:1747647673379:,1747647683746
counter/8/0/0/0,33738:1747647676874:,1747647683746
counter/4/0/0/0,27836:1747647673380:,1747647683746
counter/8/0/0/0,33739:1747647676874:,1747647683746
counter/4/0/0/0,27837:1747647673380:,1747647683746
counter/8/0/0/0,33740:1747647676874:,1747647683746
counter/4/0/0/0,27838:1747647673380:,1747647683746
counter/9/0/0/0,38068:1747647679205:,1747647683746
counter/7/0/0/0,32910:1747647677418:,1747647683746
counter/8/0/0/0,33741:1747647676874:,1747647683746
counter/4/0/0/0,27839:1747647673380:,1747647683746
counter/10/0/0/0,27658:1747647671133:,1747647683746
counter/3/0/0/0,27017:1747647673004:,1747647683746
counter/8/0/0/0,33742:1747647676874:,1747647683746
counter/4/0/0/0,27840:1747647673380:,1747647683746
counter/8/0/0/0,33743:1747647676874:,1747647683746
counter/4/0/0/0,27841:1747647673380:,1747647683746
counter/8/0/0/0,33744:1747647676874:,1747647683746
counter/4/0/0/0,27842:1747647673380:,1747647683746
counter/8/0/0/0,33745:1747647676875:,1747647683746
counter/4/0/0/0,27843:1747647673380:,1747647683746
counter/8/0/0/0,33746:1747647676875:,1747647683746
counter/4/0/0/0,27844:1747647673380:,1747647683746
counter/8/0/0/0,33747:1747647676875:,1747647683746
counter/4/0/0/0,27845:1747647673380:,1747647683746
counter/3/0/0/0,27018:1747647673004:,1747647683746
counter/8/0/0/0,33748:1747647676875:,1747647683746
counter/4/0/0/0,27846:1747647673380:,1747647683746
counter/8/0/0/0,33749:1747647676876:,1747647683746
counter/4/0/0/0,27847:1747647673402:,1747647683747
counter/7/0/0/0,32911:1747647677418:,1747647683747
counter/8/0/0/0,33750:1747647676876:,1747647683747
counter/4/0/0/0,27848:1747647673402:,1747647683747
counter/8/0/0/0,33751:1747647676876:,1747647683747
counter/4/0/0/0,27849:1747647673402:,1747647683747
counter/8/0/0/0,33752:1747647676876:,1747647683747
counter/4/0/0/0,27850:1747647673405:,1747647683747
counter/8/0/0/0,33753:1747647676885:,1747647683747
counter/4/0/0/0,27851:1747647673405:,1747647683747
counter/8/0/0/0,33754:1747647676885:,1747647683747
counter/4/0/0/0,27852:1747647673405:,1747647683747
counter/8/0/0/0,33755:1747647676886:,1747647683747
counter/4/0/0/0,27853:1747647673406:,1747647683747
counter/8/0/0/0,33756:1747647676886:,1747647683747
counter/4/0/0/0,27854:1747647673406:,1747647683747
counter/8/0/0/0,33757:1747647676892:,1747647683747
counter/4/0/0/0,27855:1747647673406:,1747647683747
counter/8/0/0/0,33758:1747647676892:,1747647683747
counter/4/0/0/0,27856:1747647673406:,1747647683747
counter/8/0/0/0,33759:1747647676892:,1747647683747
counter/4/0/0/0,27857:1747647673406:,1747647683747
counter/8/0/0/0,33760:1747647676892:,1747647683747
counter/4/0/0/0,27858:1747647673406:,1747647683747
counter/8/0/0/0,33761:1747647676892:,1747647683747
counter/4/0/0/0,27859:1747647673406:,1747647683747
counter/8/0/0/0,33762:1747647676892:,1747647683747
counter/4/0/0/0,27860:1747647673406:,1747647683747
counter/8/0/0/0,33763:1747647676892:,1747647683747
counter/4/0/0/0,27861:1747647673406:,1747647683747
counter/8/0/0/0,33764:1747647676892:,1747647683747
counter/4/0/0/0,27862:1747647673406:,1747647683747
counter/8/0/0/0,33765:1747647676892:,1747647683747
counter/4/0/0/0,27863:1747647673406:,1747647683747
counter/8/0/0/0,33766:1747647676892:,1747647683747
counter/4/0/0/0,27864:1747647673406:,1747647683747
counter/8/0/0/0,33767:1747647676892:,1747647683747
counter/4/0/0/0,27865:1747647673406:,1747647683747
counter/8/0/0/0,33768:1747647676897:,1747647683747
counter/4/0/0/0,27866:1747647673406:,1747647683748
counter/8/0/0/0,33769:1747647676897:,1747647683748
counter/4/0/0/0,27867:1747647673406:,1747647683748
counter/8/0/0/0,33770:1747647676897:,1747647683748
counter/4/0/0/0,27868:1747647673406:,1747647683748
counter/8/0/0/0,33771:1747647676897:,1747647683748
counter/4/0/0/0,27869:1747647673406:,1747647683748
counter/8/0/0/0,33772:1747647676897:,1747647683748
counter/4/0/0/0,27870:1747647673407:,1747647683748
counter/8/0/0/0,33773:1747647676897:,1747647683748
counter/4/0/0/0,27871:1747647673407:,1747647683748
counter/8/0/0/0,33774:1747647676897:,1747647683748
counter/4/0/0/0,27872:1747647673407:,1747647683748
counter/8/0/0/0,33775:1747647676897:,1747647683748
counter/4/0/0/0,27873:1747647673407:,1747647683748
counter/8/0/0/0,33776:1747647676897:,1747647683748
counter/4/0/0/0,27874:1747647673407:,1747647683748
counter/8/0/0/0,33777:1747647676898:,1747647683748
counter/4/0/0/0,27875:1747647673407:,1747647683748
counter/8/0/0/0,33778:1747647676908:,1747647683748
counter/4/0/0/0,27876:1747647673407:,1747647683748
counter/8/0/0/0,33779:1747647676908:,1747647683748
counter/4/0/0/0,27877:1747647673407:,1747647683748
counter/8/0/0/0,33780:1747647676908:,1747647683748
counter/4/0/0/0,27878:1747647673407:,1747647683748
counter/8/0/0/0,33781:1747647676908:,1747647683748
counter/4/0/0/0,27879:1747647673407:,1747647683748
counter/8/0/0/0,33782:1747647676908:,1747647683748
counter/4/0/0/0,27880:1747647673407:,1747647683748
counter/8/0/0/0,33783:1747647676908:,1747647683748
counter/4/0/0/0,27881:1747647673407:,1747647683748
counter/8/0/0/0,33784:1747647676908:,1747647683748
counter/4/0/0/0,27882:1747647673407:,1747647683748
counter/8/0/0/0,33785:1747647676908:,1747647683748
counter/4/0/0/0,27883:1747647673407:,1747647683748
counter/8/0/0/0,33786:1747647676908:,1747647683748
counter/4/0/0/0,27884:1747647673407:,1747647683749
counter/8/0/0/0,33787:1747647676908:,1747647683749
counter/4/0/0/0,27885:1747647673408:,1747647683749
counter/8/0/0/0,33788:1747647676908:,1747647683749
counter/4/0/0/0,27886:1747647673408:,1747647683749
counter/8/0/0/0,33789:1747647676908:,1747647683749
counter/4/0/0/0,27887:1747647673431:,1747647683749
counter/8/0/0/0,33790:1747647676908:,1747647683749
counter/4/0/0/0,27888:1747647673431:,1747647683749
counter/8/0/0/0,33791:1747647676908:,1747647683749
counter/4/0/0/0,27889:1747647673431:,1747647683749
counter/8/0/0/0,33792:1747647676908:,1747647683749
counter/4/0/0/0,27890:1747647673431:,1747647683749
counter/8/0/0/0,33793:1747647676909:,1747647683749
counter/4/0/0/0,27891:1747647673436:,1747647683749
counter/5/0/0/0,33602:1747647676925:,1747647683749
counter/8/0/0/0,33794:1747647676909:,1747647683749
counter/4/0/0/0,27892:1747647673436:,1747647683749
counter/8/0/0/0,33795:1747647676910:,1747647683749
counter/4/0/0/0,27893:1747647673436:,1747647683749
counter/8/0/0/0,33796:1747647676910:,1747647683749
counter/4/0/0/0,27894:1747647673436:,1747647683749
counter/8/0/0/0,33797:1747647676910:,1747647683749
counter/7/0/0/0,32912:1747647677418:,1747647683749
counter/8/0/0/0,33798:1747647676910:,1747647683749
counter/8/0/0/0,33799:1747647676910:,1747647683749
counter/8/0/0/0,33800:1747647676912:,1747647683749
counter/8/0/0/0,33801:1747647676912:,1747647683749
counter/8/0/0/0,33802:1747647676912:,1747647683749
counter/8/0/0/0,33803:1747647676912:,1747647683749
counter/8/0/0/0,33804:1747647676912:,1747647683749
counter/8/0/0/0,33805:1747647676912:,1747647683749
counter/8/0/0/0,33806:1747647676912:,1747647683749
counter/8/0/0/0,33807:1747647676912:,1747647683749
counter/8/0/0/0,33808:1747647676912:,1747647683749
counter/8/0/0/0,33809:1747647676912:,1747647683749
counter/8/0/0/0,33810:1747647676912:,1747647683749
counter/8/0/0/0,33811:1747647676912:,1747647683749
counter/8/0/0/0,33812:1747647676912:,1747647683749
counter/8/0/0/0,33813:1747647676912:,1747647683750
counter/8/0/0/0,33814:1747647676912:,1747647683750
counter/8/0/0/0,33815:1747647676922:,1747647683750
counter/8/0/0/0,33816:1747647676922:,1747647683750
counter/8/0/0/0,33817:1747647676922:,1747647683750
counter/8/0/0/0,33818:1747647676922:,1747647683750
counter/8/0/0/0,33819:1747647676922:,1747647683750
counter/8/0/0/0,33820:1747647676922:,1747647683750
counter/8/0/0/0,33821:1747647676922:,1747647683750
counter/8/0/0/0,33822:1747647676922:,1747647683750
counter/8/0/0/0,33823:1747647676922:,1747647683750
counter/8/0/0/0,33824:1747647676922:,1747647683750
counter/8/0/0/0,33825:1747647676922:,1747647683750
counter/8/0/0/0,33826:1747647676922:,1747647683750
counter/7/0/0/0,32913:1747647677418:,1747647683750
counter/8/0/0/0,33827:1747647676922:,1747647683750
counter/4/0/0/0,27895:1747647673436:,1747647683750
counter/8/0/0/0,33828:1747647676922:,1747647683750
counter/3/0/0/0,27019:1747647673004:,1747647683750
counter/5/0/0/0,33603:1747647676927:,1747647683750
counter/8/0/0/0,33829:1747647676922:,1747647683750
counter/5/0/0/0,33604:1747647676927:,1747647683750
counter/8/0/0/0,33830:1747647676923:,1747647683750
counter/5/0/0/0,33605:1747647676927:,1747647683750
counter/8/0/0/0,33831:1747647676923:,1747647683750
counter/5/0/0/0,33606:1747647676927:,1747647683750
counter/8/0/0/0,33832:1747647676923:,1747647683750
counter/8/0/0/0,33833:1747647676926:,1747647683750
counter/8/0/0/0,33834:1747647676926:,1747647683750
counter/8/0/0/0,33835:1747647676926:,1747647683750
counter/8/0/0/0,33836:1747647676926:,1747647683750
counter/8/0/0/0,33837:1747647676926:,1747647683750
counter/8/0/0/0,33838:1747647676926:,1747647683750
counter/8/0/0/0,33839:1747647676929:,1747647683750
counter/8/0/0/0,33840:1747647676929:,1747647683750
counter/8/0/0/0,33841:1747647676929:,1747647683750
counter/8/0/0/0,33842:1747647676929:,1747647683750
counter/8/0/0/0,33843:1747647676929:,1747647683750
counter/8/0/0/0,33844:1747647676929:,1747647683750
counter/8/0/0/0,33845:1747647676929:,1747647683750
counter/8/0/0/0,33846:1747647676929:,1747647683751
counter/8/0/0/0,33847:1747647676935:,1747647683751
counter/8/0/0/0,33848:1747647676935:,1747647683751
counter/8/0/0/0,33849:1747647676935:,1747647683751
counter/8/0/0/0,33850:1747647676935:,1747647683751
counter/8/0/0/0,33851:1747647676935:,1747647683751
counter/8/0/0/0,33852:1747647676935:,1747647683751
counter/8/0/0/0,33853:1747647676935:,1747647683751
counter/8/0/0/0,33854:1747647676935:,1747647683751
counter/8/0/0/0,33855:1747647676935:,1747647683751
counter/8/0/0/0,33856:1747647676935:,1747647683751
counter/8/0/0/0,33857:1747647676935:,1747647683751
counter/8/0/0/0,33858:1747647676935:,1747647683751
counter/8/0/0/0,33859:1747647676937:,1747647683751
counter/8/0/0/0,33860:1747647676937:,1747647683751
counter/8/0/0/0,33861:1747647676940:,1747647683751
counter/8/0/0/0,33862:1747647676940:,1747647683751
counter/8/0/0/0,33863:1747647676940:,1747647683751
counter/8/0/0/0,33864:1747647676940:,1747647683751
counter/8/0/0/0,33865:1747647676940:,1747647683751
counter/8/0/0/0,33866:1747647676941:,1747647683751
counter/8/0/0/0,33867:1747647676941:,1747647683751
counter/8/0/0/0,33868:1747647676941:,1747647683751
counter/8/0/0/0,33869:1747647676941:,1747647683751
counter/8/0/0/0,33870:1747647676941:,1747647683751
counter/8/0/0/0,33871:1747647676941:,1747647683751
counter/8/0/0/0,33872:1747647676941:,1747647683751
counter/8/0/0/0,33873:1747647676941:,1747647683751
counter/8/0/0/0,33874:1747647676941:,1747647683751
counter/8/0/0/0,33875:1747647676941:,1747647683751
counter/8/0/0/0,33876:1747647676954:,1747647683751
counter/8/0/0/0,33877:1747647676954:,1747647683751
counter/8/0/0/0,33878:1747647676954:,1747647683751
counter/8/0/0/0,33879:1747647676954:,1747647683751
counter/8/0/0/0,33880:1747647676965:,1747647683751
counter/8/0/0/0,33881:1747647676966:,1747647683751
counter/8/0/0/0,33882:1747647676966:,1747647683751
counter/8/0/0/0,33883:1747647676966:,1747647683751
counter/8/0/0/0,33884:1747647676966:,1747647683752
counter/8/0/0/0,33885:1747647676966:,1747647683752
counter/8/0/0/0,33886:1747647676966:,1747647683752
counter/3/0/0/0,27020:1747647673004:,1747647683752
counter/8/0/0/0,33887:1747647676966:,1747647683752
counter/9/0/0/0,38069:1747647679205:,1747647683752
counter/8/0/0/0,33888:1747647676966:,1747647683752
counter/3/0/0/0,27021:1747647673008:,1747647683752
counter/8/0/0/0,33889:1747647676970:,1747647683752
counter/3/0/0/0,27022:1747647673008:,1747647683752
counter/5/0/0/0,33607:1747647676927:,1747647683752
counter/8/0/0/0,33890:1747647676970:,1747647683752
counter/8/0/0/0,33891:1747647676970:,1747647683752
counter/8/0/0/0,33892:1747647676970:,1747647683752
counter/7/0/0/0,32914:1747647677418:,1747647683752
counter/8/0/0/0,33893:1747647676970:,1747647683752
counter/9/0/0/0,38070:1747647679205:,1747647683752
counter/5/0/0/0,33608:1747647676927:,1747647683752
counter/8/0/0/0,33894:1747647676970:,1747647683752
counter/5/0/0/0,33609:1747647676927:,1747647683752
counter/8/0/0/0,33895:1747647676970:,1747647683752
counter/5/0/0/0,33610:1747647676927:,1747647683752
counter/8/0/0/0,33896:1747647676970:,1747647683752
counter/5/0/0/0,33611:1747647676927:,1747647683752
counter/8/0/0/0,33897:1747647676970:,1747647683752
counter/5/0/0/0,33612:1747647676932:,1747647683752
counter/8/0/0/0,33898:1747647676970:,1747647683752
counter/5/0/0/0,33613:1747647676932:,1747647683752
counter/4/0/0/0,27896:1747647673436:,1747647683752
counter/3/0/0/0,27023:1747647673008:,1747647683752
counter/8/0/0/0,33899:1747647676970:,1747647683752
counter/5/0/0/0,33614:1747647676932:,1747647683752
counter/7/0/0/0,32915:1747647677418:,1747647683752
counter/8/0/0/0,33900:1747647676970:,1747647683752
counter/5/0/0/0,33615:1747647676932:,1747647683752
counter/7/0/0/0,32916:1747647677418:,1747647683752
counter/8/0/0/0,33901:1747647676970:,1747647683752
counter/5/0/0/0,33616:1747647676932:,1747647683752
counter/7/0/0/0,32917:1747647677418:,1747647683752
counter/8/0/0/0,33902:1747647676970:,1747647683752
counter/5/0/0/0,33617:1747647676932:,1747647683752
counter/7/0/0/0,32918:1747647677418:,1747647683752
counter/8/0/0/0,33903:1747647676970:,1747647683752
counter/5/0/0/0,33618:1747647676933:,1747647683752
counter/7/0/0/0,32919:1747647677418:,1747647683752
counter/8/0/0/0,33904:1747647676971:,1747647683752
counter/7/0/0/0,32920:1747647677418:,1747647683753
counter/9/0/0/0,38071:1747647679206:,1747647683753
counter/8/0/0/0,33905:1747647676971:,1747647683753
counter/7/0/0/0,32921:1747647677418:,1747647683753
counter/8/0/0/0,33906:1747647676971:,1747647683753
counter/7/0/0/0,32922:1747647677418:,1747647683753
counter/8/0/0/0,33907:1747647676972:,1747647683753
counter/7/0/0/0,32923:1747647677418:,1747647683753
counter/8/0/0/0,33908:1747647676972:,1747647683753
counter/7/0/0/0,32924:1747647677418:,1747647683753
counter/8/0/0/0,33909:1747647676972:,1747647683753
counter/7/0/0/0,32925:1747647677418:,1747647683753
counter/3/0/0/0,27024:1747647673008:,1747647683753
counter/8/0/0/0,33910:1747647676972:,1747647683753
counter/7/0/0/0,32926:1747647677418:,1747647683753
counter/9/0/0/0,38072:1747647679206:,1747647683753
counter/5/0/0/0,33619:1747647676933:,1747647683753
counter/8/0/0/0,33911:1747647676972:,1747647683753
counter/7/0/0/0,32927:1747647677418:,1747647683753
counter/5/0/0/0,33620:1747647676942:,1747647683753
counter/8/0/0/0,33912:1747647676972:,1747647683753
counter/7/0/0/0,32928:1747647677418:,1747647683753
counter/5/0/0/0,33621:1747647676942:,1747647683753
counter/8/0/0/0,33913:1747647676972:,1747647683753
counter/7/0/0/0,32929:1747647677418:,1747647683753
counter/5/0/0/0,33622:1747647676942:,1747647683753
counter/8/0/0/0,33914:1747647676979:,1747647683753
counter/7/0/0/0,32930:1747647677418:,1747647683753
counter/5/0/0/0,33623:1747647676942:,1747647683753
counter/8/0/0/0,33915:1747647676979:,1747647683753
counter/7/0/0/0,32931:1747647677418:,1747647683753
counter/5/0/0/0,33624:1747647676942:,1747647683753
counter/8/0/0/0,33916:1747647676979:,1747647683753
counter/7/0/0/0,32932:1747647677418:,1747647683753
counter/5/0/0/0,33625:1747647676942:,1747647683753
counter/8/0/0/0,33917:1747647676979:,1747647683753
counter/7/0/0/0,32933:1747647677418:,1747647683753
counter/5/0/0/0,33626:1747647676942:,1747647683753
counter/8/0/0/0,33918:1747647676979:,1747647683753
counter/7/0/0/0,32934:1747647677419:,1747647683753
counter/5/0/0/0,33627:1747647676942:,1747647683753
counter/8/0/0/0,33919:1747647676979:,1747647683753
counter/7/0/0/0,32935:1747647677425:,1747647683754
counter/5/0/0/0,33628:1747647676942:,1747647683754
counter/8/0/0/0,33920:1747647676979:,1747647683754
counter/7/0/0/0,32936:1747647677425:,1747647683754
counter/5/0/0/0,33629:1747647676945:,1747647683754
counter/8/0/0/0,33921:1747647676979:,1747647683754
counter/5/0/0/0,33630:1747647676945:,1747647683754
counter/3/0/0/0,27025:1747647673008:,1747647683754
counter/9/0/0/0,38073:1747647679206:,1747647683754
counter/8/0/0/0,33922:1747647676979:,1747647683754
counter/5/0/0/0,33631:1747647676945:,1747647683754
counter/10/0/0/0,27659:1747647671133:,1747647683754
counter/7/0/0/0,32937:1747647677425:,1747647683754
counter/8/0/0/0,33923:1747647676979:,1747647683754
counter/7/0/0/0,32938:1747647677425:,1747647683754
counter/8/0/0/0,33924:1747647676979:,1747647683754
counter/7/0/0/0,32939:1747647677425:,1747647683754
counter/8/0/0/0,33925:1747647676979:,1747647683754
counter/7/0/0/0,32940:1747647677431:,1747647683754
counter/8/0/0/0,33926:1747647676979:,1747647683754
counter/7/0/0/0,32941:1747647677431:,1747647683754
counter/8/0/0/0,33927:1747647676979:,1747647683754
counter/7/0/0/0,32942:1747647677431:,1747647683754
counter/8/0/0/0,33928:1747647676979:,1747647683754
counter/7/0/0/0,32943:1747647677431:,1747647683754
counter/8/0/0/0,33929:1747647676979:,1747647683754
counter/7/0/0/0,32944:1747647677431:,1747647683754
counter/5/0/0/0,33632:1747647676945:,1747647683754
counter/8/0/0/0,33930:1747647676979:,1747647683754
counter/7/0/0/0,32945:1747647677431:,1747647683754
counter/5/0/0/0,33633:1747647676945:,1747647683754
counter/8/0/0/0,33931:1747647676983:,1747647683754
counter/7/0/0/0,32946:1747647677431:,1747647683754
counter/5/0/0/0,33634:1747647676945:,1747647683754
counter/8/0/0/0,33932:1747647676983:,1747647683754
counter/7/0/0/0,32947:1747647677431:,1747647683754
counter/5/0/0/0,33635:1747647676945:,1747647683754
counter/8/0/0/0,33933:1747647676983:,1747647683754
counter/7/0/0/0,32948:1747647677431:,1747647683754
counter/5/0/0/0,33636:1747647676945:,1747647683754
counter/8/0/0/0,33934:1747647676983:,1747647683754
counter/7/0/0/0,32949:1747647677431:,1747647683754
counter/5/0/0/0,33637:1747647676945:,1747647683754
counter/4/0/0/0,27897:1747647673436:,1747647683754
counter/3/0/0/0,27026:1747647673008:,1747647683754
counter/8/0/0/0,33935:1747647676983:,1747647683755
counter/7/0/0/0,32950:1747647677431:,1747647683755
counter/5/0/0/0,33638:1747647676945:,1747647683755
counter/10/0/0/0,27660:1747647671133:,1747647683755
counter/8/0/0/0,33936:1747647676984:,1747647683755
counter/7/0/0/0,32951:1747647677431:,1747647683755
counter/5/0/0/0,33639:1747647676945:,1747647683755
counter/9/0/0/0,38074:1747647679206:,1747647683755
counter/8/0/0/0,33937:1747647676984:,1747647683755
counter/7/0/0/0,32952:1747647677431:,1747647683755
counter/5/0/0/0,33640:1747647676945:,1747647683755
counter/8/0/0/0,33938:1747647676984:,1747647683755
counter/5/0/0/0,33641:1747647676945:,1747647683755
counter/8/0/0/0,33939:1747647676984:,1747647683755
counter/5/0/0/0,33642:1747647676945:,1747647683755
counter/8/0/0/0,33940:1747647676984:,1747647683755
counter/8/0/0/0,33941:1747647676984:,1747647683755
counter/8/0/0/0,33942:1747647676984:,1747647683755
counter/8/0/0/0,33943:1747647676984:,1747647683755
counter/8/0/0/0,33944:1747647676990:,1747647683755
counter/8/0/0/0,33945:1747647676990:,1747647683755
counter/8/0/0/0,33946:1747647676990:,1747647683755
counter/8/0/0/0,33947:1747647676992:,1747647683755
counter/8/0/0/0,33948:1747647676992:,1747647683755
counter/8/0/0/0,33949:1747647676992:,1747647683755
counter/8/0/0/0,33950:1747647676992:,1747647683755
counter/8/0/0/0,33951:1747647676992:,1747647683755
counter/9/0/0/0,38075:1747647679206:,1747647683755
counter/8/0/0/0,33952:1747647676992:,1747647683755
counter/4/0/0/0,27898:1747647673436:,1747647683755
counter/8/0/0/0,33953:1747647676992:,1747647683755
counter/4/0/0/0,27899:1747647673436:,1747647683755
counter/8/0/0/0,33954:1747647676992:,1747647683755
counter/4/0/0/0,27900:1747647673436:,1747647683755
counter/5/0/0/0,33643:1747647676945:,1747647683755
counter/8/0/0/0,33955:1747647676992:,1747647683755
counter/4/0/0/0,27901:1747647673436:,1747647683755
counter/8/0/0/0,33956:1747647676992:,1747647683755
counter/8/0/0/0,33957:1747647676992:,1747647683755
counter/7/0/0/0,32953:1747647677431:,1747647683755
counter/8/0/0/0,33958:1747647676999:,1747647683755
counter/10/0/0/0,27661:1747647671133:,1747647683756
counter/4/0/0/0,27902:1747647673436:,1747647683756
counter/8/0/0/0,33959:1747647677000:,1747647683756
counter/4/0/0/0,27903:1747647673436:,1747647683756
counter/8/0/0/0,33960:1747647677000:,1747647683756
counter/8/0/0/0,33961:1747647677000:,1747647683756
counter/8/0/0/0,33962:1747647677000:,1747647683756
counter/4/0/0/0,27904:1747647673436:,1747647683756
counter/8/0/0/0,33963:1747647677000:,1747647683756
counter/8/0/0/0,33964:1747647677000:,1747647683756
counter/8/0/0/0,33965:1747647677000:,1747647683756
counter/8/0/0/0,33966:1747647677000:,1747647683756
counter/8/0/0/0,33967:1747647677000:,1747647683756
counter/8/0/0/0,33968:1747647677004:,1747647683756
counter/8/0/0/0,33969:1747647677004:,1747647683756
counter/8/0/0/0,33970:1747647677004:,1747647683756
counter/8/0/0/0,33971:1747647677004:,1747647683756
counter/8/0/0/0,33972:1747647677004:,1747647683756
counter/8/0/0/0,33973:1747647677004:,1747647683756
counter/8/0/0/0,33974:1747647677019:,1747647683756
counter/9/0/0/0,38076:1747647679211:,1747647683756
counter/8/0/0/0,33975:1747647677019:,1747647683756
counter/5/0/0/0,33644:1747647676947:,1747647683756
counter/8/0/0/0,33976:1747647677019:,1747647683756
counter/3/0/0/0,27027:1747647673008:,1747647683756
counter/8/0/0/0,33977:1747647677019:,1747647683756
counter/7/0/0/0,32954:1747647677431:,1747647683756
counter/8/0/0/0,33978:1747647677019:,1747647683756
counter/4/0/0/0,27905:1747647673437:,1747647683756
counter/8/0/0/0,33979:1747647677019:,1747647683756
counter/4/0/0/0,27906:1747647673437:,1747647683756
counter/8/0/0/0,33980:1747647677019:,1747647683756
counter/4/0/0/0,27907:1747647673437:,1747647683756
counter/5/0/0/0,33645:1747647676947:,1747647683756
counter/8/0/0/0,33981:1747647677019:,1747647683756
counter/4/0/0/0,27908:1747647673437:,1747647683756
counter/3/0/0/0,27028:1747647673008:,1747647683756
counter/8/0/0/0,33982:1747647677019:,1747647683756
counter/4/0/0/0,27909:1747647673437:,1747647683756
counter/7/0/0/0,32955:1747647677431:,1747647683756
counter/8/0/0/0,33983:1747647677019:,1747647683757
counter/7/0/0/0,32956:1747647677431:,1747647683757
counter/9/0/0/0,38077:1747647679211:,1747647683757
counter/10/0/0/0,27662:1747647671133:,1747647683757
counter/8/0/0/0,33984:1747647677019:,1747647683757
counter/7/0/0/0,32957:1747647677431:,1747647683757
counter/8/0/0/0,33985:1747647677022:,1747647683757
counter/7/0/0/0,32958:1747647677432:,1747647683757
counter/8/0/0/0,33986:1747647677022:,1747647683757
counter/8/0/0/0,33987:1747647677022:,1747647683757
counter/8/0/0/0,33988:1747647677022:,1747647683757
counter/8/0/0/0,33989:1747647677022:,1747647683757
counter/8/0/0/0,33990:1747647677022:,1747647683757
counter/8/0/0/0,33991:1747647677022:,1747647683757
counter/8/0/0/0,33992:1747647677023:,1747647683757
counter/8/0/0/0,33993:1747647677023:,1747647683757
counter/8/0/0/0,33994:1747647677023:,1747647683757
counter/8/0/0/0,33995:1747647677024:,1747647683757
counter/8/0/0/0,33996:1747647677025:,1747647683757
counter/8/0/0/0,33997:1747647677026:,1747647683757
counter/8/0/0/0,33998:1747647677029:,1747647683757
counter/8/0/0/0,33999:1747647677029:,1747647683757
counter/9/0/0/0,38078:1747647679211:,1747647683757
counter/8/0/0/0,34000:1747647677029:,1747647683757
counter/10/0/0/0,27663:1747647671133:,1747647683757
counter/8/0/0/0,34001:1747647677029:,1747647683757
counter/5/0/0/0,33646:1747647676947:,1747647683757
counter/3/0/0/0,27029:1747647673008:,1747647683757
counter/8/0/0/0,34002:1747647677029:,1747647683757
counter/8/0/0/0,34003:1747647677029:,1747647683757
counter/8/0/0/0,34004:1747647677029:,1747647683757
counter/8/0/0/0,34005:1747647677029:,1747647683757
counter/8/0/0/0,34006:1747647677029:,1747647683757
counter/8/0/0/0,34007:1747647677029:,1747647683757
counter/8/0/0/0,34008:1747647677029:,1747647683757
counter/8/0/0/0,34009:1747647677032:,1747647683757
counter/8/0/0/0,34010:1747647677032:,1747647683757
counter/8/0/0/0,34011:1747647677039:,1747647683758
counter/8/0/0/0,34012:1747647677040:,1747647683758
counter/8/0/0/0,34013:1747647677040:,1747647683758
counter/8/0/0/0,34014:1747647677040:,1747647683758
counter/8/0/0/0,34015:1747647677040:,1747647683758
counter/9/0/0/0,38079:1747647679212:,1747647683758
counter/8/0/0/0,34016:1747647677040:,1747647683758
counter/10/0/0/0,27664:1747647671133:,1747647683758
counter/8/0/0/0,34017:1747647677040:,1747647683758
counter/8/0/0/0,34018:1747647677040:,1747647683758
counter/8/0/0/0,34019:1747647677040:,1747647683758
counter/8/0/0/0,34020:1747647677040:,1747647683758
counter/8/0/0/0,34021:1747647677040:,1747647683758
counter/8/0/0/0,34022:1747647677040:,1747647683758
counter/8/0/0/0,34023:1747647677040:,1747647683758
counter/8/0/0/0,34024:1747647677040:,1747647683758
counter/8/0/0/0,34025:1747647677040:,1747647683758
counter/8/0/0/0,34026:1747647677040:,1747647683758
counter/8/0/0/0,34027:1747647677040:,1747647683758
counter/8/0/0/0,34028:1747647677040:,1747647683758
counter/8/0/0/0,34029:1747647677041:,1747647683758
counter/8/0/0/0,34030:1747647677041:,1747647683758
counter/8/0/0/0,34031:1747647677041:,1747647683758
counter/8/0/0/0,34032:1747647677041:,1747647683758
counter/8/0/0/0,34033:1747647677041:,1747647683758
counter/8/0/0/0,34034:1747647677041:,1747647683758
counter/8/0/0/0,34035:1747647677041:,1747647683758
counter/8/0/0/0,34036:1747647677041:,1747647683758
counter/8/0/0/0,34037:1747647677041:,1747647683758
counter/8/0/0/0,34038:1747647677041:,1747647683758
counter/8/0/0/0,34039:1747647677041:,1747647683758
counter/8/0/0/0,34040:1747647677043:,1747647683758
counter/8/0/0/0,34041:1747647677043:,1747647683758
counter/8/0/0/0,34042:1747647677078:,1747647683758
counter/8/0/0/0,34043:1747647677078:,1747647683758
counter/8/0/0/0,34044:1747647677078:,1747647683758
counter/8/0/0/0,34045:1747647677078:,1747647683758
counter/8/0/0/0,34046:1747647677078:,1747647683758
counter/8/0/0/0,34047:1747647677078:,1747647683758
counter/8/0/0/0,34048:1747647677078:,1747647683758
counter/8/0/0/0,34049:1747647677078:,1747647683758
counter/8/0/0/0,34050:1747647677078:,1747647683759
counter/8/0/0/0,34051:1747647677078:,1747647683759
counter/8/0/0/0,34052:1747647677078:,1747647683759
counter/7/0/0/0,32959:1747647677432:,1747647683759
counter/8/0/0/0,34053:1747647677078:,1747647683759
counter/5/0/0/0,33647:1747647676947:,1747647683759
counter/9/0/0/0,38080:1747647679212:,1747647683759
counter/8/0/0/0,34054:1747647677078:,1747647683759
counter/5/0/0/0,33648:1747647676947:,1747647683759
counter/4/0/0/0,27910:1747647673437:,1747647683759
counter/8/0/0/0,34055:1747647677078:,1747647683759
counter/4/0/0/0,27911:1747647673437:,1747647683759
counter/8/0/0/0,34056:1747647677079:,1747647683759
counter/4/0/0/0,27912:1747647673437:,1747647683759
counter/8/0/0/0,34057:1747647677079:,1747647683759
counter/4/0/0/0,27913:1747647673445:,1747647683759
counter/8/0/0/0,34058:1747647677101:,1747647683759
counter/4/0/0/0,27914:1747647673445:,1747647683759
counter/8/0/0/0,34059:1747647677109:,1747647683759
counter/4/0/0/0,27915:1747647673445:,1747647683759
counter/8/0/0/0,34060:1747647677109:,1747647683759
counter/4/0/0/0,27916:1747647673445:,1747647683759
counter/8/0/0/0,34061:1747647677109:,1747647683759
counter/4/0/0/0,27917:1747647673445:,1747647683759
counter/7/0/0/0,32960:1747647677432:,1747647683759
counter/8/0/0/0,34062:1747647677109:,1747647683759
counter/4/0/0/0,27918:1747647673445:,1747647683759
counter/3/0/0/0,27030:1747647673008:,1747647683759
counter/9/0/0/0,38081:1747647679212:,1747647683759
counter/5/0/0/0,33649:1747647676947:,1747647683759
counter/8/0/0/0,34063:1747647677109:,1747647683759
counter/4/0/0/0,27919:1747647673445:,1747647683759
counter/8/0/0/0,34064:1747647677109:,1747647683759
counter/4/0/0/0,27920:1747647673445:,1747647683759
counter/8/0/0/0,34065:1747647677109:,1747647683759
counter/4/0/0/0,27921:1747647673445:,1747647683759
counter/8/0/0/0,34066:1747647677109:,1747647683759
counter/4/0/0/0,27922:1747647673445:,1747647683759
counter/8/0/0/0,34067:1747647677109:,1747647683759
counter/4/0/0/0,27923:1747647673445:,1747647683759
counter/8/0/0/0,34068:1747647677109:,1747647683759
counter/4/0/0/0,27924:1747647673445:,1747647683759
counter/8/0/0/0,34069:1747647677109:,1747647683759
counter/4/0/0/0,27925:1747647673445:,1747647683759
counter/8/0/0/0,34070:1747647677110:,1747647683760
counter/4/0/0/0,27926:1747647673445:,1747647683760
counter/8/0/0/0,34071:1747647677110:,1747647683760
counter/4/0/0/0,27927:1747647673445:,1747647683760
counter/9/0/0/0,38082:1747647679212:,1747647683760
counter/8/0/0/0,34072:1747647677110:,1747647683760
counter/4/0/0/0,27928:1747647673445:,1747647683760
counter/8/0/0/0,34073:1747647677145:,1747647683760
counter/4/0/0/0,27929:1747647673445:,1747647683760
counter/7/0/0/0,32961:1747647677432:,1747647683760
counter/8/0/0/0,34074:1747647677145:,1747647683760
counter/4/0/0/0,27930:1747647673445:,1747647683760
counter/10/0/0/0,27665:1747647671133:,1747647683760
counter/8/0/0/0,34075:1747647677145:,1747647683760
counter/4/0/0/0,27931:1747647673445:,1747647683760
counter/8/0/0/0,34076:1747647677145:,1747647683760
counter/4/0/0/0,27932:1747647673445:,1747647683760
counter/9/0/0/0,38083:1747647679212:,1747647683760
counter/8/0/0/0,34077:1747647677145:,1747647683760
counter/4/0/0/0,27933:1747647673446:,1747647683760
counter/8/0/0/0,34078:1747647677145:,1747647683760
counter/4/0/0/0,27934:1747647673446:,1747647683760
counter/8/0/0/0,34079:1747647677146:,1747647683760
counter/4/0/0/0,27935:1747647673446:,1747647683760
counter/8/0/0/0,34080:1747647677146:,1747647683760
counter/4/0/0/0,27936:1747647673446:,1747647683760
counter/8/0/0/0,34081:1747647677146:,1747647683760
counter/4/0/0/0,27937:1747647673446:,1747647683760
counter/8/0/0/0,34082:1747647677146:,1747647683760
counter/4/0/0/0,27938:1747647673446:,1747647683760
counter/8/0/0/0,34083:1747647677146:,1747647683760
counter/4/0/0/0,27939:1747647673446:,1747647683760
counter/8/0/0/0,34084:1747647677146:,1747647683760
counter/4/0/0/0,27940:1747647673446:,1747647683760
counter/8/0/0/0,34085:1747647677146:,1747647683760
counter/4/0/0/0,27941:1747647673454:,1747647683760
counter/3/0/0/0,27031:1747647673008:,1747647683760
counter/8/0/0/0,34086:1747647677146:,1747647683760
counter/4/0/0/0,27942:1747647673454:,1747647683760
counter/9/0/0/0,38084:1747647679212:,1747647683761
counter/8/0/0/0,34087:1747647677153:,1747647683761
counter/4/0/0/0,27943:1747647673454:,1747647683761
counter/10/0/0/0,27666:1747647671133:,1747647683761
counter/8/0/0/0,34088:1747647677153:,1747647683761
counter/4/0/0/0,27944:1747647673454:,1747647683761
counter/6/0/0/0,32299:1747647677850:,1747647683761
counter/8/0/0/0,34089:1747647677153:,1747647683761
counter/4/0/0/0,27945:1747647673454:,1747647683761
counter/6/0/0/0,32300:1747647677850:,1747647683761
counter/8/0/0/0,34090:1747647677153:,1747647683761
counter/4/0/0/0,27946:1747647673454:,1747647683761
counter/6/0/0/0,32301:1747647677850:,1747647683761
counter/8/0/0/0,34091:1747647677153:,1747647683761
counter/4/0/0/0,27947:1747647673455:,1747647683761
counter/6/0/0/0,32302:1747647677850:,1747647683761
counter/8/0/0/0,34092:1747647677153:,1747647683761
counter/4/0/0/0,27948:1747647673455:,1747647683761
counter/6/0/0/0,32303:1747647677850:,1747647683761
counter/8/0/0/0,34093:1747647677153:,1747647683761
counter/4/0/0/0,27949:1747647673464:,1747647683761
counter/6/0/0/0,32304:1747647677850:,1747647683761
counter/8/0/0/0,34094:1747647677153:,1747647683761
counter/4/0/0/0,27950:1747647673464:,1747647683761
counter/6/0/0/0,32305:1747647677851:,1747647683761
counter/8/0/0/0,34095:1747647677154:,1747647683761
counter/4/0/0/0,27951:1747647673464:,1747647683761
counter/6/0/0/0,32306:1747647677851:,1747647683761
counter/8/0/0/0,34096:1747647677154:,1747647683761
counter/4/0/0/0,27952:1747647673464:,1747647683761
counter/6/0/0/0,32307:1747647677851:,1747647683761
counter/8/0/0/0,34097:1747647677154:,1747647683761
counter/6/0/0/0,32308:1747647677851:,1747647683761
counter/8/0/0/0,34098:1747647677154:,1747647683761
counter/6/0/0/0,32309:1747647677851:,1747647683761
counter/8/0/0/0,34099:1747647677154:,1747647683761
counter/6/0/0/0,32310:1747647677851:,1747647683761
counter/8/0/0/0,34100:1747647677154:,1747647683761
counter/6/0/0/0,32311:1747647677851:,1747647683761
counter/8/0/0/0,34101:1747647677157:,1747647683761
counter/6/0/0/0,32312:1747647677851:,1747647683762
counter/8/0/0/0,34102:1747647677157:,1747647683762
counter/6/0/0/0,32313:1747647677851:,1747647683762
counter/8/0/0/0,34103:1747647677157:,1747647683762
counter/6/0/0/0,32314:1747647677851:,1747647683762
counter/8/0/0/0,34104:1747647677157:,1747647683762
counter/6/0/0/0,32315:1747647677851:,1747647683762
counter/8/0/0/0,34105:1747647677157:,1747647683762
counter/6/0/0/0,32316:1747647677851:,1747647683762
counter/8/0/0/0,34106:1747647677157:,1747647683762
counter/6/0/0/0,32317:1747647677878:,1747647683762
counter/8/0/0/0,34107:1747647677157:,1747647683762
counter/6/0/0/0,32318:1747647677878:,1747647683762
counter/8/0/0/0,34108:1747647677157:,1747647683762
counter/6/0/0/0,32319:1747647677878:,1747647683762
counter/8/0/0/0,34109:1747647677162:,1747647683762
counter/6/0/0/0,32320:1747647677878:,1747647683762
counter/8/0/0/0,34110:1747647677162:,1747647683762
counter/6/0/0/0,32321:1747647677878:,1747647683762
counter/8/0/0/0,34111:1747647677162:,1747647683762
counter/6/0/0/0,32322:1747647677878:,1747647683762
counter/8/0/0/0,34112:1747647677162:,1747647683762
counter/6/0/0/0,32323:1747647677878:,1747647683762
counter/8/0/0/0,34113:1747647677162:,1747647683762
counter/6/0/0/0,32324:1747647677878:,1747647683762
counter/8/0/0/0,34114:1747647677162:,1747647683762
counter/6/0/0/0,32325:1747647677878:,1747647683762
counter/8/0/0/0,34115:1747647677162:,1747647683762
counter/6/0/0/0,32326:1747647677878:,1747647683762
counter/8/0/0/0,34116:1747647677169:,1747647683762
counter/6/0/0/0,32327:1747647677878:,1747647683762
counter/8/0/0/0,34117:1747647677169:,1747647683762
counter/6/0/0/0,32328:1747647677878:,1747647683762
counter/8/0/0/0,34118:1747647677169:,1747647683762
counter/6/0/0/0,32329:1747647677878:,1747647683762
counter/8/0/0/0,34119:1747647677169:,1747647683762
counter/6/0/0/0,32330:1747647677878:,1747647683762
counter/8/0/0/0,34120:1747647677169:,1747647683762
counter/6/0/0/0,32331:1747647677878:,1747647683762
counter/8/0/0/0,34121:1747647677169:,1747647683762
counter/6/0/0/0,32332:1747647677880:,1747647683762
counter/8/0/0/0,34122:1747647677169:,1747647683762
counter/6/0/0/0,32333:1747647677880:,1747647683763
counter/8/0/0/0,34123:1747647677169:,1747647683763
counter/6/0/0/0,32334:1747647677880:,1747647683763
counter/8/0/0/0,34124:1747647677169:,1747647683763
counter/6/0/0/0,32335:1747647677880:,1747647683763
counter/8/0/0/0,34125:1747647677169:,1747647683763
counter/6/0/0/0,32336:1747647677895:,1747647683763
counter/8/0/0/0,34126:1747647677170:,1747647683763
counter/6/0/0/0,32337:1747647677896:,1747647683763
counter/8/0/0/0,34127:1747647677170:,1747647683763
counter/6/0/0/0,32338:1747647677898:,1747647683763
counter/8/0/0/0,34128:1747647677170:,1747647683763
counter/6/0/0/0,32339:1747647677898:,1747647683763
counter/8/0/0/0,34129:1747647677170:,1747647683763
counter/6/0/0/0,32340:1747647677898:,1747647683763
counter/7/0/0/0,32962:1747647677433:,1747647683763
counter/8/0/0/0,34130:1747647677170:,1747647683763
counter/6/0/0/0,32341:1747647677898:,1747647683763
counter/8/0/0/0,34131:1747647677170:,1747647683763
counter/6/0/0/0,32342:1747647677898:,1747647683763
counter/8/0/0/0,34132:1747647677170:,1747647683763
counter/6/0/0/0,32343:1747647677898:,1747647683763
counter/8/0/0/0,34133:1747647677170:,1747647683763
counter/6/0/0/0,32344:1747647677898:,1747647683763
counter/8/0/0/0,34134:1747647677192:,1747647683763
counter/6/0/0/0,32345:1747647677898:,1747647683763
counter/8/0/0/0,34135:1747647677192:,1747647683763
counter/6/0/0/0,32346:1747647677898:,1747647683763
counter/8/0/0/0,34136:1747647677192:,1747647683763
counter/6/0/0/0,32347:1747647677898:,1747647683763
counter/8/0/0/0,34137:1747647677192:,1747647683763
counter/6/0/0/0,32348:1747647677898:,1747647683763
counter/8/0/0/0,34138:1747647677192:,1747647683763
counter/6/0/0/0,32349:1747647677898:,1747647683763
counter/8/0/0/0,34139:1747647677195:,1747647683763
counter/6/0/0/0,32350:1747647677898:,1747647683763
counter/5/0/0/0,33650:1747647676947:,1747647683763
counter/8/0/0/0,34140:1747647677195:,1747647683763
counter/6/0/0/0,32351:1747647677908:,1747647683763
counter/5/0/0/0,33651:1747647676947:,1747647683763
counter/8/0/0/0,34141:1747647677195:,1747647683764
counter/6/0/0/0,32352:1747647677908:,1747647683764
counter/5/0/0/0,33652:1747647676947:,1747647683764
counter/4/0/0/0,27953:1747647673464:,1747647683764
counter/8/0/0/0,34142:1747647677195:,1747647683764
counter/6/0/0/0,32353:1747647677908:,1747647683764
counter/5/0/0/0,33653:1747647676947:,1747647683764
counter/9/0/0/0,38085:1747647679212:,1747647683764
counter/10/0/0/0,27667:1747647671133:,1747647683764
counter/8/0/0/0,34143:1747647677195:,1747647683764
counter/6/0/0/0,32354:1747647677908:,1747647683764
counter/5/0/0/0,33654:1747647676955:,1747647683764
counter/7/0/0/0,32963:1747647677433:,1747647683764
counter/3/0/0/0,27032:1747647673008:,1747647683764
counter/8/0/0/0,34144:1747647677195:,1747647683764
counter/6/0/0/0,32355:1747647677908:,1747647683764
counter/8/0/0/0,34145:1747647677195:,1747647683764
counter/6/0/0/0,32356:1747647677908:,1747647683764
counter/8/0/0/0,34146:1747647677195:,1747647683764
counter/6/0/0/0,32357:1747647677908:,1747647683764
counter/9/0/0/0,38086:1747647679212:,1747647683764
counter/8/0/0/0,34147:1747647677195:,1747647683764
counter/6/0/0/0,32358:1747647677908:,1747647683764
counter/4/0/0/0,27954:1747647673464:,1747647683764
counter/8/0/0/0,34148:1747647677195:,1747647683764
counter/6/0/0/0,32359:1747647677909:,1747647683764
counter/4/0/0/0,27955:1747647673464:,1747647683764
counter/8/0/0/0,34149:1747647677195:,1747647683764
counter/6/0/0/0,32360:1747647677909:,1747647683764
counter/4/0/0/0,27956:1747647673464:,1747647683764
counter/5/0/0/0,33655:1747647676955:,1747647683764
counter/8/0/0/0,34150:1747647677195:,1747647683764
counter/6/0/0/0,32361:1747647677909:,1747647683764
counter/4/0/0/0,27957:1747647673464:,1747647683764
counter/3/0/0/0,27033:1747647673016:,1747647683764
counter/9/0/0/0,38087:1747647679212:,1747647683764
counter/10/0/0/0,27668:1747647671133:,1747647683764
counter/8/0/0/0,34151:1747647677195:,1747647683764
counter/6/0/0/0,32362:1747647677909:,1747647683764
counter/4/0/0/0,27958:1747647673464:,1747647683764
counter/7/0/0/0,32964:1747647677433:,1747647683764
counter/8/0/0/0,34152:1747647677195:,1747647683764
counter/6/0/0/0,32363:1747647677909:,1747647683764
counter/4/0/0/0,27959:1747647673464:,1747647683764
counter/7/0/0/0,32965:1747647677433:,1747647683765
counter/5/0/0/0,33656:1747647676955:,1747647683765
counter/3/0/0/0,27034:1747647673016:,1747647683765
counter/9/0/0/0,38088:1747647679212:,1747647683765
counter/8/0/0/0,34153:1747647677196:,1747647683765
counter/6/0/0/0,32364:1747647677909:,1747647683765
counter/7/0/0/0,32966:1747647677433:,1747647683765
counter/10/0/0/0,27669:1747647671133:,1747647683765
counter/8/0/0/0,34154:1747647677200:,1747647683765
counter/6/0/0/0,32365:1747647677909:,1747647683765
counter/7/0/0/0,32967:1747647677433:,1747647683765
counter/8/0/0/0,34155:1747647677200:,1747647683765
counter/6/0/0/0,32366:1747647677915:,1747647683765
counter/7/0/0/0,32968:1747647677433:,1747647683765
counter/8/0/0/0,34156:1747647677200:,1747647683765
counter/6/0/0/0,32367:1747647677915:,1747647683765
counter/8/0/0/0,34157:1747647677200:,1747647683765
counter/6/0/0/0,32368:1747647677915:,1747647683765
counter/8/0/0/0,34158:1747647677200:,1747647683765
counter/6/0/0/0,32369:1747647677915:,1747647683765
counter/7/0/0/0,32969:1747647677433:,1747647683765
counter/8/0/0/0,34159:1747647677200:,1747647683765
counter/6/0/0/0,32370:1747647677927:,1747647683765
counter/8/0/0/0,34160:1747647677200:,1747647683765
counter/6/0/0/0,32371:1747647677927:,1747647683765
counter/8/0/0/0,34161:1747647677200:,1747647683765
counter/6/0/0/0,32372:1747647677927:,1747647683765
counter/8/0/0/0,34162:1747647677200:,1747647683765
counter/6/0/0/0,32373:1747647677927:,1747647683765
counter/8/0/0/0,34163:1747647677200:,1747647683765
counter/6/0/0/0,32374:1747647677927:,1747647683765
counter/8/0/0/0,34164:1747647677200:,1747647683765
counter/6/0/0/0,32375:1747647677927:,1747647683765
counter/8/0/0/0,34165:1747647677200:,1747647683765
counter/6/0/0/0,32376:1747647677927:,1747647683765
counter/8/0/0/0,34166:1747647677200:,1747647683765
counter/6/0/0/0,32377:1747647677928:,1747647683765
counter/8/0/0/0,34167:1747647677200:,1747647683765
counter/6/0/0/0,32378:1747647677928:,1747647683765
counter/8/0/0/0,34168:1747647677200:,1747647683765
counter/6/0/0/0,32379:1747647677928:,1747647683765
counter/8/0/0/0,34169:1747647677200:,1747647683765
counter/6/0/0/0,32380:1747647677928:,1747647683766
counter/8/0/0/0,34170:1747647677200:,1747647683766
counter/6/0/0/0,32381:1747647677928:,1747647683766
counter/3/0/0/0,27035:1747647673016:,1747647683766
counter/9/0/0/0,38089:1747647679212:,1747647683766
counter/8/0/0/0,34171:1747647677200:,1747647683766
counter/6/0/0/0,32382:1747647677928:,1747647683766
counter/10/0/0/0,27670:1747647671133:,1747647683766
counter/8/0/0/0,34172:1747647677201:,1747647683766
counter/6/0/0/0,32383:1747647677928:,1747647683766
counter/8/0/0/0,34173:1747647677201:,1747647683766
counter/6/0/0/0,32384:1747647677943:,1747647683766
counter/8/0/0/0,34174:1747647677201:,1747647683766
counter/6/0/0/0,32385:1747647677943:,1747647683766
counter/9/0/0/0,38090:1747647679212:,1747647683766
counter/8/0/0/0,34175:1747647677202:,1747647683766
counter/6/0/0/0,32386:1747647677943:,1747647683766
counter/10/0/0/0,27671:1747647671133:,1747647683766
counter/7/0/0/0,32970:1747647677433:,1747647683766
counter/8/0/0/0,34176:1747647677202:,1747647683766
counter/6/0/0/0,32387:1747647677943:,1747647683766
counter/7/0/0/0,32971:1747647677433:,1747647683766
counter/8/0/0/0,34177:1747647677203:,1747647683766
counter/6/0/0/0,32388:1747647677943:,1747647683766
counter/7/0/0/0,32972:1747647677433:,1747647683766
counter/8/0/0/0,34178:1747647677203:,1747647683766
counter/6/0/0/0,32389:1747647677943:,1747647683766
counter/7/0/0/0,32973:1747647677433:,1747647683766
counter/8/0/0/0,34179:1747647677203:,1747647683766
counter/6/0/0/0,32390:1747647677945:,1747647683766
counter/7/0/0/0,32974:1747647677433:,1747647683766
counter/8/0/0/0,34180:1747647677203:,1747647683766
counter/6/0/0/0,32391:1747647677945:,1747647683766
counter/7/0/0/0,32975:1747647677436:,1747647683766
counter/9/0/0/0,38091:1747647679222:,1747647683766
counter/8/0/0/0,34181:1747647677203:,1747647683766
counter/6/0/0/0,32392:1747647677946:,1747647683766
counter/7/0/0/0,32976:1747647677436:,1747647683766
counter/9/0/0/0,38092:1747647679222:,1747647683766
counter/8/0/0/0,34182:1747647677203:,1747647683767
counter/6/0/0/0,32393:1747647677946:,1747647683767
counter/7/0/0/0,32977:1747647677437:,1747647683767
counter/9/0/0/0,38093:1747647679222:,1747647683767
counter/10/0/0/0,27672:1747647671134:,1747647683767
counter/5/0/0/0,33657:1747647676955:,1747647683767
counter/8/0/0/0,34183:1747647677203:,1747647683767
counter/6/0/0/0,32394:1747647677946:,1747647683767
counter/7/0/0/0,32978:1747647677437:,1747647683767
counter/9/0/0/0,38094:1747647679222:,1747647683767
counter/8/0/0/0,34184:1747647677203:,1747647683767
counter/6/0/0/0,32395:1747647677946:,1747647683767
counter/7/0/0/0,32979:1747647677437:,1747647683767
counter/9/0/0/0,38095:1747647679222:,1747647683767
counter/8/0/0/0,34185:1747647677203:,1747647683767
counter/6/0/0/0,32396:1747647677946:,1747647683767
counter/7/0/0/0,32980:1747647677437:,1747647683767
counter/9/0/0/0,38096:1747647679222:,1747647683767
counter/8/0/0/0,34186:1747647677203:,1747647683767
counter/6/0/0/0,32397:1747647677946:,1747647683767
counter/7/0/0/0,32981:1747647677437:,1747647683767
counter/9/0/0/0,38097:1747647679222:,1747647683767
counter/8/0/0/0,34187:1747647677203:,1747647683767
counter/6/0/0/0,32398:1747647677946:,1747647683767
counter/7/0/0/0,32982:1747647677437:,1747647683767
counter/9/0/0/0,38098:1747647679236:,1747647683767
counter/8/0/0/0,34188:1747647677203:,1747647683767
counter/6/0/0/0,32399:1747647677946:,1747647683767
counter/7/0/0/0,32983:1747647677437:,1747647683767
counter/9/0/0/0,38099:1747647679236:,1747647683767
counter/8/0/0/0,34189:1747647677215:,1747647683767
counter/6/0/0/0,32400:1747647677946:,1747647683767
counter/7/0/0/0,32984:1747647677437:,1747647683767
counter/9/0/0/0,38100:1747647679237:,1747647683767
counter/8/0/0/0,34190:1747647677215:,1747647683767
counter/6/0/0/0,32401:1747647677946:,1747647683767
counter/7/0/0/0,32985:1747647677437:,1747647683767
counter/9/0/0/0,38101:1747647679237:,1747647683768
counter/8/0/0/0,34191:1747647677219:,1747647683768
counter/6/0/0/0,32402:1747647677946:,1747647683768
counter/7/0/0/0,32986:1747647677437:,1747647683768
counter/9/0/0/0,38102:1747647679241:,1747647683768
counter/8/0/0/0,34192:1747647677219:,1747647683768
counter/6/0/0/0,32403:1747647677946:,1747647683768
counter/7/0/0/0,32987:1747647677437:,1747647683768
counter/9/0/0/0,38103:1747647679241:,1747647683768
counter/8/0/0/0,34193:1747647677219:,1747647683768
counter/6/0/0/0,32404:1747647677946:,1747647683768
counter/7/0/0/0,32988:1747647677437:,1747647683768
counter/9/0/0/0,38104:1747647679241:,1747647683768
counter/8/0/0/0,34194:1747647677219:,1747647683768
counter/6/0/0/0,32405:1747647677946:,1747647683768
counter/7/0/0/0,32989:1747647677437:,1747647683768
counter/9/0/0/0,38105:1747647679241:,1747647683768
counter/8/0/0/0,34195:1747647677219:,1747647683768
counter/6/0/0/0,32406:1747647677950:,1747647683768
counter/7/0/0/0,32990:1747647677437:,1747647683768
counter/9/0/0/0,38106:1747647679241:,1747647683768
counter/8/0/0/0,34196:1747647677219:,1747647683768
counter/6/0/0/0,32407:1747647677951:,1747647683768
counter/7/0/0/0,32991:1747647677437:,1747647683768
counter/9/0/0/0,38107:1747647679242:,1747647683768
counter/8/0/0/0,34197:1747647677219:,1747647683768
counter/6/0/0/0,32408:1747647677951:,1747647683768
counter/7/0/0/0,32992:1747647677437:,1747647683768
counter/9/0/0/0,38108:1747647679242:,1747647683768
counter/5/0/0/0,33658:1747647676955:,1747647683768
counter/4/0/0/0,27960:1747647673464:,1747647683768
counter/8/0/0/0,34198:1747647677219:,1747647683768
counter/6/0/0/0,32409:1747647677951:,1747647683768
counter/7/0/0/0,32993:1747647677437:,1747647683768
counter/9/0/0/0,38109:1747647679242:,1747647683768
counter/8/0/0/0,34199:1747647677219:,1747647683768
counter/6/0/0/0,32410:1747647677955:,1747647683769
counter/7/0/0/0,32994:1747647677437:,1747647683769
counter/9/0/0/0,38110:1747647679242:,1747647683769
counter/8/0/0/0,34200:1747647677220:,1747647683769
counter/6/0/0/0,32411:1747647677955:,1747647683769
counter/7/0/0/0,32995:1747647677437:,1747647683769
counter/9/0/0/0,38111:1747647679251:,1747647683769
counter/3/0/0/0,27036:1747647673016:,1747647683769
counter/8/0/0/0,34201:1747647677220:,1747647683769
counter/6/0/0/0,32412:1747647677955:,1747647683769
counter/9/0/0/0,38112:1747647679251:,1747647683769
counter/8/0/0/0,34202:1747647677220:,1747647683769
counter/6/0/0/0,32413:1747647677955:,1747647683769
counter/9/0/0/0,38113:1747647679251:,1747647683769
counter/8/0/0/0,34203:1747647677220:,1747647683769
counter/6/0/0/0,32414:1747647677955:,1747647683769
counter/9/0/0/0,38114:1747647679251:,1747647683769
counter/8/0/0/0,34204:1747647677222:,1747647683769
counter/6/0/0/0,32415:1747647677955:,1747647683769
counter/9/0/0/0,38115:1747647679251:,1747647683769
counter/8/0/0/0,34205:1747647677222:,1747647683769
counter/6/0/0/0,32416:1747647677955:,1747647683769
counter/9/0/0/0,38116:1747647679251:,1747647683769
counter/8/0/0/0,34206:1747647677222:,1747647683769
counter/6/0/0/0,32417:1747647677955:,1747647683769
counter/9/0/0/0,38117:1747647679251:,1747647683769
counter/8/0/0/0,34207:1747647677222:,1747647683769
counter/6/0/0/0,32418:1747647677955:,1747647683769
counter/9/0/0/0,38118:1747647679251:,1747647683769
counter/8/0/0/0,34208:1747647677222:,1747647683769
counter/6/0/0/0,32419:1747647677955:,1747647683769
counter/9/0/0/0,38119:1747647679251:,1747647683769
counter/8/0/0/0,34209:1747647677231:,1747647683769
counter/6/0/0/0,32420:1747647677955:,1747647683769
counter/9/0/0/0,38120:1747647679251:,1747647683769
counter/8/0/0/0,34210:1747647677231:,1747647683769
counter/6/0/0/0,32421:1747647677956:,1747647683770
counter/9/0/0/0,38121:1747647679270:,1747647683770
counter/8/0/0/0,34211:1747647677231:,1747647683770
counter/6/0/0/0,32422:1747647677956:,1747647683770
counter/9/0/0/0,38122:1747647679270:,1747647683770
counter/3/0/0/0,27037:1747647673017:,1747647683770
counter/8/0/0/0,34212:1747647677231:,1747647683770
counter/6/0/0/0,32423:1747647677957:,1747647683770
counter/9/0/0/0,38123:1747647679270:,1747647683770
counter/8/0/0/0,34213:1747647677231:,1747647683770
counter/6/0/0/0,32424:1747647677957:,1747647683770
counter/9/0/0/0,38124:1747647679270:,1747647683770
counter/8/0/0/0,34214:1747647677231:,1747647683770
counter/6/0/0/0,32425:1747647677961:,1747647683770
counter/9/0/0/0,38125:1747647679270:,1747647683770
counter/8/0/0/0,34215:1747647677231:,1747647683770
counter/6/0/0/0,32426:1747647677961:,1747647683770
counter/9/0/0/0,38126:1747647679270:,1747647683770
counter/8/0/0/0,34216:1747647677231:,1747647683770
counter/6/0/0/0,32427:1747647677961:,1747647683770
counter/9/0/0/0,38127:1747647679270:,1747647683770
counter/8/0/0/0,34217:1747647677231:,1747647683770
counter/6/0/0/0,32428:1747647677961:,1747647683770
counter/9/0/0/0,38128:1747647679270:,1747647683770
counter/8/0/0/0,34218:1747647677231:,1747647683770
counter/6/0/0/0,32429:1747647677961:,1747647683770
counter/9/0/0/0,38129:1747647679278:,1747647683770
counter/8/0/0/0,34219:1747647677231:,1747647683770
counter/6/0/0/0,32430:1747647677961:,1747647683770
counter/9/0/0/0,38130:1747647679287:,1747647683770
counter/8/0/0/0,34220:1747647677231:,1747647683770
counter/6/0/0/0,32431:1747647677961:,1747647683770
counter/9/0/0/0,38131:1747647679288:,1747647683770
counter/5/0/0/0,33659:1747647676955:,1747647683770
counter/8/0/0/0,34221:1747647677231:,1747647683770
counter/6/0/0/0,32432:1747647677961:,1747647683770
counter/9/0/0/0,38132:1747647679288:,1747647683770
counter/4/0/0/0,27961:1747647673464:,1747647683771
counter/3/0/0/0,27038:1747647673017:,1747647683771
counter/10/0/0/0,27673:1747647671134:,1747647683771
counter/8/0/0/0,34222:1747647677232:,1747647683771
counter/6/0/0/0,32433:1747647677961:,1747647683771
counter/9/0/0/0,38133:1747647679288:,1747647683771
counter/7/0/0/0,32996:1747647677438:,1747647683771
counter/8/0/0/0,34223:1747647677232:,1747647683771
counter/6/0/0/0,32434:1747647677967:,1747647683771
counter/9/0/0/0,38134:1747647679288:,1747647683771
counter/8/0/0/0,34224:1747647677240:,1747647683771
counter/6/0/0/0,32435:1747647677974:,1747647683771
counter/9/0/0/0,38135:1747647679304:,1747647683771
counter/8/0/0/0,34225:1747647677240:,1747647683771
counter/6/0/0/0,32436:1747647677974:,1747647683771
counter/9/0/0/0,38136:1747647679304:,1747647683771
counter/8/0/0/0,34226:1747647677240:,1747647683771
counter/6/0/0/0,32437:1747647677974:,1747647683771
counter/9/0/0/0,38137:1747647679304:,1747647683771
counter/8/0/0/0,34227:1747647677240:,1747647683771
counter/6/0/0/0,32438:1747647677979:,1747647683771
counter/9/0/0/0,38138:1747647679304:,1747647683771
counter/8/0/0/0,34228:1747647677240:,1747647683771
counter/6/0/0/0,32439:1747647677979:,1747647683771
counter/9/0/0/0,38139:1747647679304:,1747647683771
counter/7/0/0/0,32997:1747647677438:,1747647683771
counter/8/0/0/0,34229:1747647677240:,1747647683771
counter/6/0/0/0,32440:1747647677980:,1747647683771
counter/9/0/0/0,38140:1747647679305:,1747647683771
counter/7/0/0/0,32998:1747647677438:,1747647683771
counter/8/0/0/0,34230:1747647677240:,1747647683771
counter/6/0/0/0,32441:1747647677980:,1747647683771
counter/9/0/0/0,38141:1747647679307:,1747647683771
counter/7/0/0/0,32999:1747647677438:,1747647683771
counter/8/0/0/0,34231:1747647677240:,1747647683771
counter/6/0/0/0,32442:1747647677980:,1747647683771
counter/9/0/0/0,38142:1747647679307:,1747647683771
counter/7/0/0/0,33000:1747647677438:,1747647683771
counter/3/0/0/0,27039:1747647673017:,1747647683771
counter/8/0/0/0,34232:1747647677240:,1747647683771
counter/6/0/0/0,32443:1747647677980:,1747647683772
counter/9/0/0/0,38143:1747647679307:,1747647683772
counter/7/0/0/0,33001:1747647677438:,1747647683772
counter/4/0/0/0,27962:1747647673464:,1747647683772
counter/8/0/0/0,34233:1747647677240:,1747647683772
counter/6/0/0/0,32444:1747647677980:,1747647683772
counter/9/0/0/0,38144:1747647679307:,1747647683772
counter/7/0/0/0,33002:1747647677438:,1747647683772
counter/4/0/0/0,27963:1747647673464:,1747647683772
counter/8/0/0/0,34234:1747647677240:,1747647683772
counter/6/0/0/0,32445:1747647677980:,1747647683772
counter/9/0/0/0,38145:1747647679307:,1747647683772
counter/7/0/0/0,33003:1747647677438:,1747647683772
counter/4/0/0/0,27964:1747647673478:,1747647683772
counter/8/0/0/0,34235:1747647677241:,1747647683772
counter/6/0/0/0,32446:1747647677980:,1747647683772
counter/9/0/0/0,38146:1747647679312:,1747647683772
counter/7/0/0/0,33004:1747647677438:,1747647683772
counter/4/0/0/0,27965:1747647673478:,1747647683772
counter/8/0/0/0,34236:1747647677241:,1747647683772
counter/6/0/0/0,32447:1747647677980:,1747647683772
counter/9/0/0/0,38147:1747647679313:,1747647683772
counter/7/0/0/0,33005:1747647677438:,1747647683772
counter/4/0/0/0,27966:1747647673478:,1747647683772
counter/8/0/0/0,34237:1747647677241:,1747647683772
counter/6/0/0/0,32448:1747647677980:,1747647683772
counter/9/0/0/0,38148:1747647679313:,1747647683772
counter/7/0/0/0,33006:1747647677443:,1747647683772
counter/4/0/0/0,27967:1747647673479:,1747647683772
counter/8/0/0/0,34238:1747647677241:,1747647683772
counter/6/0/0/0,32449:1747647677980:,1747647683772
counter/9/0/0/0,38149:1747647679313:,1747647683772
counter/4/0/0/0,27968:1747647673479:,1747647683772
counter/8/0/0/0,34239:1747647677244:,1747647683772
counter/6/0/0/0,32450:1747647677980:,1747647683772
counter/9/0/0/0,38150:1747647679313:,1747647683772
counter/4/0/0/0,27969:1747647673479:,1747647683772
counter/8/0/0/0,34240:1747647677244:,1747647683772
counter/6/0/0/0,32451:1747647677980:,1747647683773
counter/9/0/0/0,38151:1747647679313:,1747647683773
counter/4/0/0/0,27970:1747647673479:,1747647683773
counter/5/0/0/0,33660:1747647676955:,1747647683773
counter/8/0/0/0,34241:1747647677244:,1747647683773
counter/6/0/0/0,32452:1747647677980:,1747647683773
counter/9/0/0/0,38152:1747647679313:,1747647683773
counter/8/0/0/0,34242:1747647677244:,1747647683773
counter/6/0/0/0,32453:1747647677980:,1747647683773
counter/9/0/0/0,38153:1747647679320:,1747647683773
counter/8/0/0/0,34243:1747647677245:,1747647683773
counter/6/0/0/0,32454:1747647677980:,1747647683773
counter/9/0/0/0,38154:1747647679320:,1747647683773
counter/8/0/0/0,34244:1747647677245:,1747647683773
counter/6/0/0/0,32455:1747647677980:,1747647683773
counter/9/0/0/0,38155:1747647679320:,1747647683773
counter/8/0/0/0,34245:1747647677245:,1747647683773
counter/6/0/0/0,32456:1747647677980:,1747647683773
counter/9/0/0/0,38156:1747647679320:,1747647683773
counter/8/0/0/0,34246:1747647677245:,1747647683773
counter/6/0/0/0,32457:1747647677980:,1747647683773
counter/9/0/0/0,38157:1747647679320:,1747647683773
counter/8/0/0/0,34247:1747647677245:,1747647683773
counter/6/0/0/0,32458:1747647677986:,1747647683773
counter/9/0/0/0,38158:1747647679320:,1747647683773
counter/8/0/0/0,34248:1747647677245:,1747647683773
counter/6/0/0/0,32459:1747647677986:,1747647683773
counter/9/0/0/0,38159:1747647679320:,1747647683773
counter/8/0/0/0,34249:1747647677261:,1747647683773
counter/6/0/0/0,32460:1747647677986:,1747647683773
counter/9/0/0/0,38160:1747647679320:,1747647683773
counter/8/0/0/0,34250:1747647677261:,1747647683773
counter/6/0/0/0,32461:1747647677987:,1747647683773
counter/9/0/0/0,38161:1747647679320:,1747647683773
counter/8/0/0/0,34251:1747647677261:,1747647683773
counter/6/0/0/0,32462:1747647677987:,1747647683773
counter/9/0/0/0,38162:1747647679320:,1747647683773
counter/8/0/0/0,34252:1747647677261:,1747647683774
counter/6/0/0/0,32463:1747647677987:,1747647683774
counter/9/0/0/0,38163:1747647679320:,1747647683774
counter/4/0/0/0,27971:1747647673479:,1747647683774
counter/5/0/0/0,33661:1747647676955:,1747647683774
counter/8/0/0/0,34253:1747647677267:,1747647683774
counter/6/0/0/0,32464:1747647677987:,1747647683774
counter/9/0/0/0,38164:1747647679320:,1747647683774
counter/8/0/0/0,34254:1747647677268:,1747647683774
counter/6/0/0/0,32465:1747647677987:,1747647683774
counter/9/0/0/0,38165:1747647679320:,1747647683774
counter/8/0/0/0,34255:1747647677268:,1747647683774
counter/6/0/0/0,32466:1747647677987:,1747647683774
counter/9/0/0/0,38166:1747647679320:,1747647683774
counter/8/0/0/0,34256:1747647677268:,1747647683774
counter/6/0/0/0,32467:1747647677987:,1747647683774
counter/9/0/0/0,38167:1747647679320:,1747647683774
counter/8/0/0/0,34257:1747647677268:,1747647683774
counter/6/0/0/0,32468:1747647677987:,1747647683774
counter/9/0/0/0,38168:1747647679320:,1747647683774
counter/8/0/0/0,34258:1747647677268:,1747647683774
counter/6/0/0/0,32469:1747647677987:,1747647683774
counter/9/0/0/0,38169:1747647679320:,1747647683774
counter/8/0/0/0,34259:1747647677268:,1747647683774
counter/6/0/0/0,32470:1747647677987:,1747647683774
counter/9/0/0/0,38170:1747647679320:,1747647683774
counter/8/0/0/0,34260:1747647677268:,1747647683774
counter/6/0/0/0,32471:1747647677987:,1747647683774
counter/9/0/0/0,38171:1747647679320:,1747647683774
counter/8/0/0/0,34261:1747647677268:,1747647683774
counter/6/0/0/0,32472:1747647677987:,1747647683774
counter/9/0/0/0,38172:1747647679320:,1747647683774
counter/8/0/0/0,34262:1747647677268:,1747647683774
counter/6/0/0/0,32473:1747647677987:,1747647683774
counter/9/0/0/0,38173:1747647679320:,1747647683774
counter/8/0/0/0,34263:1747647677268:,1747647683774
counter/6/0/0/0,32474:1747647677987:,1747647683774
counter/9/0/0/0,38174:1747647679320:,1747647683774
counter/7/0/0/0,33007:1747647677443:,1747647683774
counter/4/0/0/0,27972:1747647673479:,1747647683774
counter/8/0/0/0,34264:1747647677268:,1747647683775
counter/6/0/0/0,32475:1747647677987:,1747647683775
counter/9/0/0/0,38175:1747647679321:,1747647683775
counter/10/0/0/0,27674:1747647671134:,1747647683775
counter/3/0/0/0,27040:1747647673017:,1747647683775
counter/8/0/0/0,34265:1747647677268:,1747647683775
counter/6/0/0/0,32476:1747647677987:,1747647683775
counter/9/0/0/0,38176:1747647679321:,1747647683775
counter/5/0/0/0,33662:1747647676955:,1747647683775
counter/8/0/0/0,34266:1747647677268:,1747647683775
counter/6/0/0/0,32477:1747647677987:,1747647683775
counter/9/0/0/0,38177:1747647679321:,1747647683775
counter/8/0/0/0,34267:1747647677268:,1747647683775
counter/6/0/0/0,32478:1747647677987:,1747647683775
counter/9/0/0/0,38178:1747647679321:,1747647683775
counter/8/0/0/0,34268:1747647677268:,1747647683775
counter/6/0/0/0,32479:1747647677992:,1747647683775
counter/9/0/0/0,38179:1747647679321:,1747647683775
counter/7/0/0/0,33008:1747647677443:,1747647683775
counter/8/0/0/0,34269:1747647677268:,1747647683775
counter/6/0/0/0,32480:1747647677992:,1747647683775
counter/9/0/0/0,38180:1747647679321:,1747647683775
counter/4/0/0/0,27973:1747647673479:,1747647683775
counter/8/0/0/0,34270:1747647677268:,1747647683775
counter/6/0/0/0,32481:1747647677992:,1747647683775
counter/9/0/0/0,38181:1747647679321:,1747647683775
counter/8/0/0/0,34271:1747647677270:,1747647683775
counter/6/0/0/0,32482:1747647677992:,1747647683775
counter/9/0/0/0,38182:1747647679321:,1747647683775
counter/8/0/0/0,34272:1747647677270:,1747647683775
counter/6/0/0/0,32483:1747647677992:,1747647683775
counter/9/0/0/0,38183:1747647679321:,1747647683775
counter/8/0/0/0,34273:1747647677270:,1747647683775
counter/6/0/0/0,32484:1747647677992:,1747647683775
counter/9/0/0/0,38184:1747647679321:,1747647683775
counter/8/0/0/0,34274:1747647677270:,1747647683775
counter/6/0/0/0,32485:1747647677993:,1747647683775
counter/9/0/0/0,38185:1747647679330:,1747647683775
counter/8/0/0/0,34275:1747647677272:,1747647683775
counter/6/0/0/0,32486:1747647677993:,1747647683775
counter/9/0/0/0,38186:1747647679332:,1747647683776
counter/8/0/0/0,34276:1747647677272:,1747647683776
counter/6/0/0/0,32487:1747647677993:,1747647683776
counter/9/0/0/0,38187:1747647679333:,1747647683776
counter/7/0/0/0,33009:1747647677443:,1747647683776
counter/8/0/0/0,34277:1747647677272:,1747647683776
counter/6/0/0/0,32488:1747647677993:,1747647683776
counter/9/0/0/0,38188:1747647679333:,1747647683776
counter/3/0/0/0,27041:1747647673017:,1747647683776
counter/8/0/0/0,34278:1747647677272:,1747647683776
counter/6/0/0/0,32489:1747647677993:,1747647683776
counter/9/0/0/0,38189:1747647679333:,1747647683776
counter/5/0/0/0,33663:1747647676955:,1747647683776
counter/10/0/0/0,27675:1747647671134:,1747647683776
counter/8/0/0/0,34279:1747647677272:,1747647683776
counter/6/0/0/0,32490:1747647677993:,1747647683776
counter/9/0/0/0,38190:1747647679333:,1747647683776
counter/8/0/0/0,34280:1747647677272:,1747647683776
counter/6/0/0/0,32491:1747647677993:,1747647683776
counter/9/0/0/0,38191:1747647679333:,1747647683776
counter/8/0/0/0,34281:1747647677272:,1747647683776
counter/6/0/0/0,32492:1747647677993:,1747647683776
counter/9/0/0/0,38192:1747647679333:,1747647683776
counter/8/0/0/0,34282:1747647677272:,1747647683776
counter/6/0/0/0,32493:1747647677993:,1747647683776
counter/9/0/0/0,38193:1747647679333:,1747647683776
counter/8/0/0/0,34283:1747647677272:,1747647683776
counter/6/0/0/0,32494:1747647677993:,1747647683776
counter/9/0/0/0,38194:1747647679333:,1747647683776
counter/8/0/0/0,34284:1747647677272:,1747647683776
counter/6/0/0/0,32495:1747647677993:,1747647683776
counter/9/0/0/0,38195:1747647679333:,1747647683776
counter/8/0/0/0,34285:1747647677272:,1747647683776
counter/6/0/0/0,32496:1747647677993:,1747647683776
counter/9/0/0/0,38196:1747647679333:,1747647683776
counter/8/0/0/0,34286:1747647677272:,1747647683776
counter/6/0/0/0,32497:1747647677993:,1747647683777
counter/9/0/0/0,38197:1747647679333:,1747647683777
counter/8/0/0/0,34287:1747647677273:,1747647683777
counter/6/0/0/0,32498:1747647677993:,1747647683777
counter/9/0/0/0,38198:1747647679333:,1747647683777
counter/7/0/0/0,33010:1747647677443:,1747647683777
counter/8/0/0/0,34288:1747647677273:,1747647683777
counter/6/0/0/0,32499:1747647677993:,1747647683777
counter/9/0/0/0,38199:1747647679333:,1747647683777
counter/8/0/0/0,34289:1747647677273:,1747647683777
counter/6/0/0/0,32500:1747647677993:,1747647683777
counter/9/0/0/0,38200:1747647679333:,1747647683777
counter/8/0/0/0,34290:1747647677283:,1747647683777
counter/6/0/0/0,32501:1747647677993:,1747647683777
counter/9/0/0/0,38201:1747647679333:,1747647683777
counter/8/0/0/0,34291:1747647677283:,1747647683777
counter/6/0/0/0,32502:1747647677993:,1747647683777
counter/9/0/0/0,38202:1747647679333:,1747647683777
counter/8/0/0/0,34292:1747647677283:,1747647683777
counter/6/0/0/0,32503:1747647677993:,1747647683777
counter/9/0/0/0,38203:1747647679333:,1747647683777
counter/8/0/0/0,34293:1747647677283:,1747647683777
counter/6/0/0/0,32504:1747647677993:,1747647683777
counter/9/0/0/0,38204:1747647679334:,1747647683777
counter/8/0/0/0,34294:1747647677283:,1747647683777
counter/6/0/0/0,32505:1747647677993:,1747647683777
counter/9/0/0/0,38205:1747647679334:,1747647683777
counter/8/0/0/0,34295:1747647677283:,1747647683777
counter/6/0/0/0,32506:1747647677993:,1747647683777
counter/9/0/0/0,38206:1747647679334:,1747647683777
counter/7/0/0/0,33011:1747647677443:,1747647683777
counter/8/0/0/0,34296:1747647677283:,1747647683777
counter/6/0/0/0,32507:1747647678005:,1747647683777
counter/9/0/0/0,38207:1747647679337:,1747647683777
counter/4/0/0/0,27974:1747647673479:,1747647683777
counter/8/0/0/0,34297:1747647677283:,1747647683777
counter/6/0/0/0,32508:1747647678006:,1747647683777
counter/9/0/0/0,38208:1747647679337:,1747647683777
counter/8/0/0/0,34298:1747647677283:,1747647683777
counter/6/0/0/0,32509:1747647678006:,1747647683777
counter/9/0/0/0,38209:1747647679337:,1747647683777
counter/8/0/0/0,34299:1747647677283:,1747647683778
counter/6/0/0/0,32510:1747647678007:,1747647683778
counter/9/0/0/0,38210:1747647679337:,1747647683778
counter/8/0/0/0,34300:1747647677283:,1747647683778
counter/6/0/0/0,32511:1747647678007:,1747647683778
counter/9/0/0/0,38211:1747647679337:,1747647683778
counter/8/0/0/0,34301:1747647677284:,1747647683778
counter/6/0/0/0,32512:1747647678007:,1747647683778
counter/9/0/0/0,38212:1747647679337:,1747647683778
counter/8/0/0/0,34302:1747647677284:,1747647683778
counter/6/0/0/0,32513:1747647678007:,1747647683778
counter/9/0/0/0,38213:1747647679338:,1747647683778
counter/8/0/0/0,34303:1747647677284:,1747647683778
counter/6/0/0/0,32514:1747647678007:,1747647683778
counter/9/0/0/0,38214:1747647679338:,1747647683778
counter/8/0/0/0,34304:1747647677284:,1747647683778
counter/6/0/0/0,32515:1747647678007:,1747647683778
counter/9/0/0/0,38215:1747647679338:,1747647683778
counter/8/0/0/0,34305:1747647677284:,1747647683778
counter/6/0/0/0,32516:1747647678018:,1747647683778
counter/9/0/0/0,38216:1747647679338:,1747647683778
counter/8/0/0/0,34306:1747647677284:,1747647683778
counter/6/0/0/0,32517:1747647678018:,1747647683778
counter/9/0/0/0,38217:1747647679338:,1747647683778
counter/8/0/0/0,34307:1747647677284:,1747647683778
counter/6/0/0/0,32518:1747647678018:,1747647683778
counter/9/0/0/0,38218:1747647679338:,1747647683778
counter/3/0/0/0,27042:1747647673017:,1747647683778
counter/8/0/0/0,34308:1747647677284:,1747647683778
counter/6/0/0/0,32519:1747647678018:,1747647683778
counter/9/0/0/0,38219:1747647679339:,1747647683778
counter/8/0/0/0,34309:1747647677284:,1747647683778
counter/6/0/0/0,32520:1747647678018:,1747647683778
counter/9/0/0/0,38220:1747647679339:,1747647683778
counter/7/0/0/0,33012:1747647677443:,1747647683778
counter/8/0/0/0,34310:1747647677284:,1747647683778
counter/6/0/0/0,32521:1747647678027:,1747647683778
counter/9/0/0/0,38221:1747647679339:,1747647683778
counter/5/0/0/0,33664:1747647676955:,1747647683779
counter/4/0/0/0,27975:1747647673479:,1747647683779
counter/8/0/0/0,34311:1747647677284:,1747647683779
counter/6/0/0/0,32522:1747647678027:,1747647683779
counter/9/0/0/0,38222:1747647679339:,1747647683779
counter/3/0/0/0,27043:1747647673017:,1747647683779
counter/8/0/0/0,34312:1747647677284:,1747647683779
counter/6/0/0/0,32523:1747647678027:,1747647683779
counter/9/0/0/0,38223:1747647679350:,1747647683779
counter/8/0/0/0,34313:1747647677284:,1747647683779
counter/6/0/0/0,32524:1747647678027:,1747647683779
counter/9/0/0/0,38224:1747647679350:,1747647683779
counter/8/0/0/0,34314:1747647677284:,1747647683779
counter/6/0/0/0,32525:1747647678027:,1747647683779
counter/9/0/0/0,38225:1747647679350:,1747647683779
counter/8/0/0/0,34315:1747647677284:,1747647683779
counter/6/0/0/0,32526:1747647678027:,1747647683779
counter/9/0/0/0,38226:1747647679350:,1747647683779
counter/8/0/0/0,34316:1747647677284:,1747647683779
counter/6/0/0/0,32527:1747647678027:,1747647683779
counter/9/0/0/0,38227:1747647679350:,1747647683779
counter/8/0/0/0,34317:1747647677284:,1747647683779
counter/6/0/0/0,32528:1747647678027:,1747647683779
counter/9/0/0/0,38228:1747647679350:,1747647683779
counter/8/0/0/0,34318:1747647677284:,1747647683779
counter/6/0/0/0,32529:1747647678028:,1747647683779
counter/9/0/0/0,38229:1747647679350:,1747647683779
counter/8/0/0/0,34319:1747647677284:,1747647683779
counter/6/0/0/0,32530:1747647678028:,1747647683779
counter/9/0/0/0,38230:1747647679350:,1747647683779
counter/8/0/0/0,34320:1747647677293:,1747647683779
counter/6/0/0/0,32531:1747647678028:,1747647683779
counter/9/0/0/0,38231:1747647679350:,1747647683779
counter/8/0/0/0,34321:1747647677293:,1747647683779
counter/6/0/0/0,32532:1747647678028:,1747647683779
counter/9/0/0/0,38232:1747647679350:,1747647683779
counter/8/0/0/0,34322:1747647677293:,1747647683779
counter/6/0/0/0,32533:1747647678028:,1747647683779
counter/9/0/0/0,38233:1747647679350:,1747647683779
counter/8/0/0/0,34323:1747647677293:,1747647683779
counter/6/0/0/0,32534:1747647678028:,1747647683779
counter/9/0/0/0,38234:1747647679352:,1747647683780
counter/8/0/0/0,34324:1747647677293:,1747647683780
counter/6/0/0/0,32535:1747647678028:,1747647683780
counter/9/0/0/0,38235:1747647679352:,1747647683780
counter/8/0/0/0,34325:1747647677293:,1747647683780
counter/6/0/0/0,32536:1747647678028:,1747647683780
counter/9/0/0/0,38236:1747647679352:,1747647683780
counter/8/0/0/0,34326:1747647677294:,1747647683780
counter/6/0/0/0,32537:1747647678028:,1747647683780
counter/9/0/0/0,38237:1747647679352:,1747647683780
counter/8/0/0/0,34327:1747647677294:,1747647683780
counter/6/0/0/0,32538:1747647678028:,1747647683780
counter/9/0/0/0,38238:1747647679352:,1747647683780
counter/8/0/0/0,34328:1747647677294:,1747647683780
counter/6/0/0/0,32539:1747647678028:,1747647683780
counter/9/0/0/0,38239:1747647679353:,1747647683780
counter/8/0/0/0,34329:1747647677294:,1747647683780
counter/6/0/0/0,32540:1747647678028:,1747647683780
counter/9/0/0/0,38240:1747647679353:,1747647683780
counter/8/0/0/0,34330:1747647677294:,1747647683780
counter/6/0/0/0,32541:1747647678028:,1747647683780
counter/9/0/0/0,38241:1747647679353:,1747647683780
counter/8/0/0/0,34331:1747647677294:,1747647683780
counter/6/0/0/0,32542:1747647678028:,1747647683780
counter/9/0/0/0,38242:1747647679353:,1747647683780
counter/8/0/0/0,34332:1747647677294:,1747647683780
counter/6/0/0/0,32543:1747647678028:,1747647683780
counter/9/0/0/0,38243:1747647679353:,1747647683780
counter/8/0/0/0,34333:1747647677294:,1747647683780
counter/6/0/0/0,32544:1747647678043:,1747647683780
counter/9/0/0/0,38244:1747647679353:,1747647683780
counter/8/0/0/0,34334:1747647677294:,1747647683780
counter/6/0/0/0,32545:1747647678043:,1747647683780
counter/9/0/0/0,38245:1747647679353:,1747647683780
counter/8/0/0/0,34335:1747647677294:,1747647683780
counter/6/0/0/0,32546:1747647678043:,1747647683780
counter/9/0/0/0,38246:1747647679353:,1747647683780
counter/8/0/0/0,34336:1747647677294:,1747647683780
counter/6/0/0/0,32547:1747647678046:,1747647683780
counter/9/0/0/0,38247:1747647679353:,1747647683780
counter/8/0/0/0,34337:1747647677294:,1747647683780
counter/6/0/0/0,32548:1747647678046:,1747647683780
counter/9/0/0/0,38248:1747647679353:,1747647683781
counter/8/0/0/0,34338:1747647677294:,1747647683781
counter/6/0/0/0,32549:1747647678046:,1747647683781
counter/9/0/0/0,38249:1747647679353:,1747647683781
counter/8/0/0/0,34339:1747647677311:,1747647683781
counter/6/0/0/0,32550:1747647678046:,1747647683781
counter/9/0/0/0,38250:1747647679353:,1747647683781
counter/8/0/0/0,34340:1747647677314:,1747647683781
counter/6/0/0/0,32551:1747647678046:,1747647683781
counter/9/0/0/0,38251:1747647679353:,1747647683781
counter/5/0/0/0,33665:1747647676955:,1747647683781
counter/8/0/0/0,34341:1747647677314:,1747647683781
counter/6/0/0/0,32552:1747647678046:,1747647683781
counter/9/0/0/0,38252:1747647679353:,1747647683781
counter/10/0/0/0,27676:1747647671134:,1747647683781
counter/8/0/0/0,34342:1747647677314:,1747647683781
counter/6/0/0/0,32553:1747647678046:,1747647683781
counter/9/0/0/0,38253:1747647679353:,1747647683781
counter/8/0/0/0,34343:1747647677314:,1747647683781
counter/6/0/0/0,32554:1747647678046:,1747647683781
counter/9/0/0/0,38254:1747647679353:,1747647683781
counter/4/0/0/0,27976:1747647673479:,1747647683781
counter/5/0/0/0,33666:1747647676955:,1747647683781
counter/8/0/0/0,34344:1747647677314:,1747647683781
counter/6/0/0/0,32555:1747647678046:,1747647683781
counter/9/0/0/0,38255:1747647679353:,1747647683781
counter/5/0/0/0,33667:1747647676957:,1747647683781
counter/8/0/0/0,34345:1747647677314:,1747647683781
counter/6/0/0/0,32556:1747647678046:,1747647683781
counter/9/0/0/0,38256:1747647679353:,1747647683781
counter/3/0/0/0,27044:1747647673017:,1747647683781
counter/5/0/0/0,33668:1747647676957:,1747647683781
counter/8/0/0/0,34346:1747647677314:,1747647683781
counter/6/0/0/0,32557:1747647678046:,1747647683781
counter/9/0/0/0,38257:1747647679353:,1747647683781
counter/5/0/0/0,33669:1747647676957:,1747647683781
counter/8/0/0/0,34347:1747647677314:,1747647683781
counter/6/0/0/0,32558:1747647678046:,1747647683781
counter/9/0/0/0,38258:1747647679353:,1747647683781
counter/8/0/0/0,34348:1747647677314:,1747647683781
counter/6/0/0/0,32559:1747647678051:,1747647683782
counter/9/0/0/0,38259:1747647679353:,1747647683782
counter/8/0/0/0,34349:1747647677314:,1747647683782
counter/6/0/0/0,32560:1747647678051:,1747647683782
counter/9/0/0/0,38260:1747647679353:,1747647683782
counter/8/0/0/0,34350:1747647677337:,1747647683782
counter/6/0/0/0,32561:1747647678051:,1747647683782
counter/9/0/0/0,38261:1747647679353:,1747647683782
counter/8/0/0/0,34351:1747647677337:,1747647683782
counter/6/0/0/0,32562:1747647678051:,1747647683782
counter/9/0/0/0,38262:1747647679353:,1747647683782
counter/8/0/0/0,34352:1747647677337:,1747647683782
counter/6/0/0/0,32563:1747647678051:,1747647683782
counter/9/0/0/0,38263:1747647679353:,1747647683782
counter/8/0/0/0,34353:1747647677337:,1747647683782
counter/6/0/0/0,32564:1747647678051:,1747647683782
counter/9/0/0/0,38264:1747647679353:,1747647683782
counter/8/0/0/0,34354:1747647677337:,1747647683782
counter/6/0/0/0,32565:1747647678051:,1747647683782
counter/9/0/0/0,38265:1747647679353:,1747647683782
counter/8/0/0/0,34355:1747647677337:,1747647683782
counter/6/0/0/0,32566:1747647678051:,1747647683782
counter/9/0/0/0,38266:1747647679354:,1747647683782
counter/8/0/0/0,34356:1747647677342:,1747647683782
counter/6/0/0/0,32567:1747647678051:,1747647683782
counter/9/0/0/0,38267:1747647679354:,1747647683782
counter/8/0/0/0,34357:1747647677342:,1747647683782
counter/6/0/0/0,32568:1747647678051:,1747647683782
counter/9/0/0/0,38268:1747647679354:,1747647683782
counter/8/0/0/0,34358:1747647677342:,1747647683782
counter/6/0/0/0,32569:1747647678053:,1747647683782
counter/9/0/0/0,38269:1747647679354:,1747647683782
counter/8/0/0/0,34359:1747647677342:,1747647683782
counter/6/0/0/0,32570:1747647678053:,1747647683782
counter/9/0/0/0,38270:1747647679354:,1747647683782
counter/5/0/0/0,33670:1747647676957:,1747647683782
counter/8/0/0/0,34360:1747647677342:,1747647683782
counter/6/0/0/0,32571:1747647678053:,1747647683782
counter/9/0/0/0,38271:1747647679354:,1747647683782
counter/3/0/0/0,27045:1747647673017:,1747647683782
counter/4/0/0/0,27977:1747647673479:,1747647683782
counter/7/0/0/0,33013:1747647677443:,1747647683782
counter/8/0/0/0,34361:1747647677342:,1747647683783
counter/6/0/0/0,32572:1747647678054:,1747647683783
counter/9/0/0/0,38272:1747647679357:,1747647683783
counter/8/0/0/0,34362:1747647677342:,1747647683783
counter/6/0/0/0,32573:1747647678054:,1747647683783
counter/9/0/0/0,38273:1747647679357:,1747647683783
counter/8/0/0/0,34363:1747647677342:,1747647683783
counter/6/0/0/0,32574:1747647678054:,1747647683783
counter/9/0/0/0,38274:1747647679357:,1747647683783
counter/8/0/0/0,34364:1747647677342:,1747647683783
counter/6/0/0/0,32575:1747647678054:,1747647683783
counter/9/0/0/0,38275:1747647679357:,1747647683783
counter/8/0/0/0,34365:1747647677342:,1747647683783
counter/6/0/0/0,32576:1747647678054:,1747647683783
counter/9/0/0/0,38276:1747647679357:,1747647683783
counter/8/0/0/0,34366:1747647677342:,1747647683783
counter/6/0/0/0,32577:1747647678066:,1747647683783
counter/9/0/0/0,38277:1747647679357:,1747647683783
counter/8/0/0/0,34367:1747647677342:,1747647683783
counter/6/0/0/0,32578:1747647678066:,1747647683783
counter/9/0/0/0,38278:1747647679357:,1747647683783
counter/8/0/0/0,34368:1747647677342:,1747647683783
counter/6/0/0/0,32579:1747647678066:,1747647683783
counter/9/0/0/0,38279:1747647679357:,1747647683783
counter/8/0/0/0,34369:1747647677342:,1747647683783
counter/6/0/0/0,32580:1747647678066:,1747647683783
counter/9/0/0/0,38280:1747647679357:,1747647683783
counter/5/0/0/0,33671:1747647676957:,1747647683783
counter/3/0/0/0,27046:1747647673017:,1747647683783
counter/8/0/0/0,34370:1747647677342:,1747647683783
counter/6/0/0/0,32581:1747647678066:,1747647683783
counter/9/0/0/0,38281:1747647679358:,1747647683783
counter/8/0/0/0,34371:1747647677342:,1747647683783
counter/6/0/0/0,32582:1747647678066:,1747647683783
counter/9/0/0/0,38282:1747647679358:,1747647683783
counter/8/0/0/0,34372:1747647677342:,1747647683783
counter/6/0/0/0,32583:1747647678066:,1747647683783
counter/9/0/0/0,38283:1747647679358:,1747647683783
counter/8/0/0/0,34373:1747647677343:,1747647683783
counter/6/0/0/0,32584:1747647678066:,1747647683783
counter/9/0/0/0,38284:1747647679358:,1747647683783
counter/8/0/0/0,34374:1747647677343:,1747647683784
counter/6/0/0/0,32585:1747647678066:,1747647683784
counter/9/0/0/0,38285:1747647679358:,1747647683784
counter/8/0/0/0,34375:1747647677343:,1747647683784
counter/6/0/0/0,32586:1747647678066:,1747647683784
counter/9/0/0/0,38286:1747647679358:,1747647683784
counter/4/0/0/0,27978:1747647673479:,1747647683784
counter/8/0/0/0,34376:1747647677343:,1747647683784
counter/6/0/0/0,32587:1747647678066:,1747647683784
counter/9/0/0/0,38287:1747647679358:,1747647683784
counter/7/0/0/0,33014:1747647677443:,1747647683784
counter/8/0/0/0,34377:1747647677343:,1747647683784
counter/6/0/0/0,32588:1747647678070:,1747647683784
counter/9/0/0/0,38288:1747647679358:,1747647683784
counter/8/0/0/0,34378:1747647677343:,1747647683784
counter/6/0/0/0,32589:1747647678070:,1747647683784
counter/9/0/0/0,38289:1747647679358:,1747647683784
counter/8/0/0/0,34379:1747647677343:,1747647683784
counter/6/0/0/0,32590:1747647678070:,1747647683784
counter/9/0/0/0,38290:1747647679358:,1747647683784
counter/8/0/0/0,34380:1747647677344:,1747647683784
counter/6/0/0/0,32591:1747647678070:,1747647683784
counter/9/0/0/0,38291:1747647679370:,1747647683784
counter/8/0/0/0,34381:1747647677345:,1747647683784
counter/6/0/0/0,32592:1747647678070:,1747647683784
counter/9/0/0/0,38292:1747647679370:,1747647683784
counter/8/0/0/0,34382:1747647677345:,1747647683784
counter/6/0/0/0,32593:1747647678070:,1747647683784
counter/9/0/0/0,38293:1747647679370:,1747647683784
counter/8/0/0/0,34383:1747647677345:,1747647683784
counter/6/0/0/0,32594:1747647678071:,1747647683784
counter/9/0/0/0,38294:1747647679370:,1747647683784
counter/8/0/0/0,34384:1747647677345:,1747647683784
counter/6/0/0/0,32595:1747647678071:,1747647683784
counter/9/0/0/0,38295:1747647679370:,1747647683784
counter/8/0/0/0,34385:1747647677345:,1747647683784
counter/6/0/0/0,32596:1747647678071:,1747647683784
counter/9/0/0/0,38296:1747647679370:,1747647683784
counter/8/0/0/0,34386:1747647677345:,1747647683784
counter/6/0/0/0,32597:1747647678071:,1747647683784
counter/9/0/0/0,38297:1747647679370:,1747647683784
counter/8/0/0/0,34387:1747647677345:,1747647683784
counter/6/0/0/0,32598:1747647678071:,1747647683784
counter/9/0/0/0,38298:1747647679370:,1747647683784
counter/8/0/0/0,34388:1747647677345:,1747647683784
counter/6/0/0/0,32599:1747647678071:,1747647683784
counter/9/0/0/0,38299:1747647679370:,1747647683785
counter/8/0/0/0,34389:1747647677345:,1747647683785
counter/6/0/0/0,32600:1747647678076:,1747647683785
counter/9/0/0/0,38300:1747647679374:,1747647683785
counter/8/0/0/0,34390:1747647677345:,1747647683785
counter/6/0/0/0,32601:1747647678076:,1747647683785
counter/9/0/0/0,38301:1747647679374:,1747647683785
counter/8/0/0/0,34391:1747647677345:,1747647683785
counter/6/0/0/0,32602:1747647678076:,1747647683785
counter/9/0/0/0,38302:1747647679374:,1747647683785
counter/8/0/0/0,34392:1747647677345:,1747647683785
counter/6/0/0/0,32603:1747647678076:,1747647683785
counter/9/0/0/0,38303:1747647679374:,1747647683785
counter/8/0/0/0,34393:1747647677345:,1747647683785
counter/6/0/0/0,32604:1747647678076:,1747647683785
counter/9/0/0/0,38304:1747647679374:,1747647683785
counter/8/0/0/0,34394:1747647677345:,1747647683785
counter/6/0/0/0,32605:1747647678076:,1747647683785
counter/9/0/0/0,38305:1747647679374:,1747647683785
counter/8/0/0/0,34395:1747647677345:,1747647683785
counter/6/0/0/0,32606:1747647678076:,1747647683785
counter/9/0/0/0,38306:1747647679374:,1747647683785
counter/10/0/0/0,27677:1747647671134:,1747647683785
counter/8/0/0/0,34396:1747647677345:,1747647683785
counter/6/0/0/0,32607:1747647678076:,1747647683785
counter/9/0/0/0,38307:1747647679374:,1747647683785
counter/7/0/0/0,33015:1747647677443:,1747647683785
counter/8/0/0/0,34397:1747647677355:,1747647683785
counter/6/0/0/0,32608:1747647678076:,1747647683785
counter/9/0/0/0,38308:1747647679374:,1747647683785
counter/4/0/0/0,27979:1747647673479:,1747647683785
counter/8/0/0/0,34398:1747647677355:,1747647683785
counter/6/0/0/0,32609:1747647678076:,1747647683785
counter/9/0/0/0,38309:1747647679374:,1747647683785
counter/3/0/0/0,27047:1747647673017:,1747647683785
counter/10/0/0/0,27678:1747647671134:,1747647683785
counter/8/0/0/0,34399:1747647677355:,1747647683785
counter/6/0/0/0,32610:1747647678076:,1747647683785
counter/9/0/0/0,38310:1747647679374:,1747647683785
counter/8/0/0/0,34400:1747647677355:,1747647683785
counter/6/0/0/0,32611:1747647678076:,1747647683785
counter/9/0/0/0,38311:1747647679375:,1747647683785
counter/8/0/0/0,34401:1747647677355:,1747647683786
counter/6/0/0/0,32612:1747647678077:,1747647683786
counter/9/0/0/0,38312:1747647679375:,1747647683786
counter/5/0/0/0,33672:1747647676957:,1747647683786
counter/8/0/0/0,34402:1747647677355:,1747647683786
counter/6/0/0/0,32613:1747647678077:,1747647683786
counter/9/0/0/0,38313:1747647679375:,1747647683786
counter/7/0/0/0,33016:1747647677443:,1747647683786
counter/8/0/0/0,34403:1747647677355:,1747647683786
counter/6/0/0/0,32614:1747647678078:,1747647683786
counter/9/0/0/0,38314:1747647679382:,1747647683786
counter/8/0/0/0,34404:1747647677355:,1747647683786
counter/6/0/0/0,32615:1747647678079:,1747647683786
counter/9/0/0/0,38315:1747647679386:,1747647683786
counter/8/0/0/0,34405:1747647677355:,1747647683786
counter/6/0/0/0,32616:1747647678091:,1747647683786
counter/9/0/0/0,38316:1747647679387:,1747647683786
counter/8/0/0/0,34406:1747647677355:,1747647683786
counter/6/0/0/0,32617:1747647678091:,1747647683786
counter/9/0/0/0,38317:1747647679387:,1747647683786
counter/8/0/0/0,34407:1747647677355:,1747647683786
counter/6/0/0/0,32618:1747647678091:,1747647683786
counter/9/0/0/0,38318:1747647679387:,1747647683786
counter/7/0/0/0,33017:1747647677443:,1747647683786
counter/8/0/0/0,34408:1747647677355:,1747647683786
counter/6/0/0/0,32619:1747647678091:,1747647683786
counter/9/0/0/0,38319:1747647679387:,1747647683786
counter/8/0/0/0,34409:1747647677355:,1747647683786
counter/6/0/0/0,32620:1747647678091:,1747647683786
counter/9/0/0/0,38320:1747647679387:,1747647683786
counter/8/0/0/0,34410:1747647677355:,1747647683786
counter/6/0/0/0,32621:1747647678091:,1747647683786
counter/9/0/0/0,38321:1747647679387:,1747647683786
counter/8/0/0/0,34411:1747647677355:,1747647683786
counter/6/0/0/0,32622:1747647678091:,1747647683786
counter/9/0/0/0,38322:1747647679387:,1747647683786
counter/8/0/0/0,34412:1747647677355:,1747647683786
counter/6/0/0/0,32623:1747647678091:,1747647683786
counter/9/0/0/0,38323:1747647679387:,1747647683786
counter/8/0/0/0,34413:1747647677355:,1747647683786
counter/6/0/0/0,32624:1747647678091:,1747647683786
counter/9/0/0/0,38324:1747647679387:,1747647683786
counter/7/0/0/0,33018:1747647677443:,1747647683787
counter/8/0/0/0,34414:1747647677355:,1747647683787
counter/6/0/0/0,32625:1747647678091:,1747647683787
counter/9/0/0/0,38325:1747647679387:,1747647683787
counter/8/0/0/0,34415:1747647677355:,1747647683787
counter/6/0/0/0,32626:1747647678091:,1747647683787
counter/9/0/0/0,38326:1747647679389:,1747647683787
counter/7/0/0/0,33019:1747647677443:,1747647683787
counter/8/0/0/0,34416:1747647677355:,1747647683787
counter/6/0/0/0,32627:1747647678091:,1747647683787
counter/9/0/0/0,38327:1747647679389:,1747647683787
counter/8/0/0/0,34417:1747647677355:,1747647683787
counter/6/0/0/0,32628:1747647678092:,1747647683787
counter/9/0/0/0,38328:1747647679389:,1747647683787
counter/8/0/0/0,34418:1747647677355:,1747647683787
counter/6/0/0/0,32629:1747647678092:,1747647683787
counter/9/0/0/0,38329:1747647679389:,1747647683787
counter/8/0/0/0,34419:1747647677355:,1747647683787
counter/6/0/0/0,32630:1747647678092:,1747647683787
counter/9/0/0/0,38330:1747647679389:,1747647683787
counter/8/0/0/0,34420:1747647677355:,1747647683787
counter/6/0/0/0,32631:1747647678092:,1747647683787
counter/9/0/0/0,38331:1747647679389:,1747647683787
counter/8/0/0/0,34421:1747647677355:,1747647683787
counter/6/0/0/0,32632:1747647678102:,1747647683787
counter/9/0/0/0,38332:1747647679389:,1747647683787
counter/8/0/0/0,34422:1747647677355:,1747647683787
counter/6/0/0/0,32633:1747647678102:,1747647683787
counter/9/0/0/0,38333:1747647679389:,1747647683787
counter/8/0/0/0,34423:1747647677355:,1747647683787
counter/6/0/0/0,32634:1747647678102:,1747647683787
counter/9/0/0/0,38334:1747647679390:,1747647683787
counter/8/0/0/0,34424:1747647677356:,1747647683787
counter/6/0/0/0,32635:1747647678102:,1747647683787
counter/9/0/0/0,38335:1747647679390:,1747647683787
counter/8/0/0/0,34425:1747647677356:,1747647683787
counter/6/0/0/0,32636:1747647678102:,1747647683788
counter/9/0/0/0,38336:1747647679390:,1747647683788
counter/4/0/0/0,27980:1747647673479:,1747647683788
counter/8/0/0/0,34426:1747647677356:,1747647683788
counter/6/0/0/0,32637:1747647678102:,1747647683788
counter/9/0/0/0,38337:1747647679390:,1747647683788
counter/10/0/0/0,27679:1747647671134:,1747647683788
counter/5/0/0/0,33673:1747647676957:,1747647683788
counter/8/0/0/0,34427:1747647677356:,1747647683788
counter/6/0/0/0,32638:1747647678102:,1747647683788
counter/9/0/0/0,38338:1747647679390:,1747647683788
counter/3/0/0/0,27048:1747647673018:,1747647683788
counter/7/0/0/0,33020:1747647677443:,1747647683788
counter/8/0/0/0,34428:1747647677357:,1747647683788
counter/6/0/0/0,32639:1747647678102:,1747647683788
counter/9/0/0/0,38339:1747647679390:,1747647683788
counter/7/0/0/0,33021:1747647677443:,1747647683788
counter/8/0/0/0,34429:1747647677357:,1747647683788
counter/6/0/0/0,32640:1747647678102:,1747647683788
counter/9/0/0/0,38340:1747647679390:,1747647683788
counter/7/0/0/0,33022:1747647677445:,1747647683788
counter/8/0/0/0,34430:1747647677357:,1747647683788
counter/6/0/0/0,32641:1747647678102:,1747647683788
counter/9/0/0/0,38341:1747647679390:,1747647683788
counter/7/0/0/0,33023:1747647677445:,1747647683788
counter/8/0/0/0,34431:1747647677357:,1747647683788
counter/6/0/0/0,32642:1747647678102:,1747647683788
counter/9/0/0/0,38342:1747647679391:,1747647683788
counter/7/0/0/0,33024:1747647677445:,1747647683788
counter/8/0/0/0,34432:1747647677357:,1747647683788
counter/6/0/0/0,32643:1747647678102:,1747647683788
counter/9/0/0/0,38343:1747647679413:,1747647683788
counter/7/0/0/0,33025:1747647677445:,1747647683788
counter/8/0/0/0,34433:1747647677357:,1747647683788
counter/6/0/0/0,32644:1747647678102:,1747647683788
counter/9/0/0/0,38344:1747647679413:,1747647683788
counter/7/0/0/0,33026:1747647677445:,1747647683788
counter/8/0/0/0,34434:1747647677357:,1747647683788
counter/6/0/0/0,32645:1747647678102:,1747647683789
counter/9/0/0/0,38345:1747647679413:,1747647683789
counter/7/0/0/0,33027:1747647677454:,1747647683789
counter/8/0/0/0,34435:1747647677357:,1747647683789
counter/6/0/0/0,32646:1747647678102:,1747647683789
counter/9/0/0/0,38346:1747647679413:,1747647683789
counter/7/0/0/0,33028:1747647677470:,1747647683789
counter/8/0/0/0,34436:1747647677357:,1747647683789
counter/6/0/0/0,32647:1747647678102:,1747647683789
counter/9/0/0/0,38347:1747647679413:,1747647683789
counter/7/0/0/0,33029:1747647677470:,1747647683789
counter/4/0/0/0,27981:1747647673479:,1747647683789
counter/8/0/0/0,34437:1747647677357:,1747647683789
counter/6/0/0/0,32648:1747647678102:,1747647683789
counter/9/0/0/0,38348:1747647679413:,1747647683789
counter/7/0/0/0,33030:1747647677470:,1747647683789
counter/8/0/0/0,34438:1747647677357:,1747647683789
counter/6/0/0/0,32649:1747647678102:,1747647683789
counter/9/0/0/0,38349:1747647679420:,1747647683789
counter/7/0/0/0,33031:1747647677470:,1747647683789
counter/8/0/0/0,34439:1747647677357:,1747647683789
counter/6/0/0/0,32650:1747647678103:,1747647683789
counter/9/0/0/0,38350:1747647679420:,1747647683789
counter/7/0/0/0,33032:1747647677470:,1747647683789
counter/8/0/0/0,34440:1747647677366:,1747647683789
counter/6/0/0/0,32651:1747647678106:,1747647683789
counter/9/0/0/0,38351:1747647679420:,1747647683789
counter/7/0/0/0,33033:1747647677470:,1747647683789
counter/8/0/0/0,34441:1747647677367:,1747647683789
counter/6/0/0/0,32652:1747647678107:,1747647683789
counter/9/0/0/0,38352:1747647679420:,1747647683789
counter/7/0/0/0,33034:1747647677470:,1747647683789
counter/8/0/0/0,34442:1747647677367:,1747647683789
counter/6/0/0/0,32653:1747647678122:,1747647683789
counter/9/0/0/0,38353:1747647679420:,1747647683789
counter/7/0/0/0,33035:1747647677470:,1747647683789
counter/8/0/0/0,34443:1747647677374:,1747647683789
counter/6/0/0/0,32654:1747647678122:,1747647683789
counter/9/0/0/0,38354:1747647679420:,1747647683790
counter/7/0/0/0,33036:1747647677470:,1747647683790
counter/4/0/0/0,27982:1747647673479:,1747647683790
counter/8/0/0/0,34444:1747647677374:,1747647683790
counter/6/0/0/0,32655:1747647678122:,1747647683790
counter/9/0/0/0,38355:1747647679426:,1747647683790
counter/7/0/0/0,33037:1747647677470:,1747647683790
counter/8/0/0/0,34445:1747647677374:,1747647683790
counter/6/0/0/0,32656:1747647678122:,1747647683790
counter/9/0/0/0,38356:1747647679426:,1747647683790
counter/7/0/0/0,33038:1747647677471:,1747647683790
counter/8/0/0/0,34446:1747647677374:,1747647683790
counter/6/0/0/0,32657:1747647678122:,1747647683790
counter/9/0/0/0,38357:1747647679426:,1747647683790
counter/7/0/0/0,33039:1747647677471:,1747647683790
counter/8/0/0/0,34447:1747647677374:,1747647683790
counter/6/0/0/0,32658:1747647678122:,1747647683790
counter/9/0/0/0,38358:1747647679426:,1747647683790
counter/7/0/0/0,33040:1747647677471:,1747647683790
counter/8/0/0/0,34448:1747647677374:,1747647683790
counter/6/0/0/0,32659:1747647678123:,1747647683790
counter/9/0/0/0,38359:1747647679427:,1747647683790
counter/7/0/0/0,33041:1747647677471:,1747647683790
counter/8/0/0/0,34449:1747647677374:,1747647683790
counter/6/0/0/0,32660:1747647678123:,1747647683790
counter/9/0/0/0,38360:1747647679427:,1747647683790
counter/7/0/0/0,33042:1747647677472:,1747647683790
counter/8/0/0/0,34450:1747647677374:,1747647683790
counter/6/0/0/0,32661:1747647678123:,1747647683790
counter/9/0/0/0,38361:1747647679427:,1747647683790
counter/7/0/0/0,33043:1747647677472:,1747647683790
counter/8/0/0/0,34451:1747647677374:,1747647683790
counter/6/0/0/0,32662:1747647678123:,1747647683790
counter/9/0/0/0,38362:1747647679427:,1747647683790
counter/7/0/0/0,33044:1747647677472:,1747647683790
counter/5/0/0/0,33674:1747647676957:,1747647683790
counter/8/0/0/0,34452:1747647677374:,1747647683790
counter/6/0/0/0,32663:1747647678123:,1747647683790
counter/9/0/0/0,38363:1747647679427:,1747647683791
counter/7/0/0/0,33045:1747647677472:,1747647683791
counter/5/0/0/0,33675:1747647676957:,1747647683791
counter/8/0/0/0,34453:1747647677374:,1747647683791
counter/6/0/0/0,32664:1747647678123:,1747647683791
counter/9/0/0/0,38364:1747647679427:,1747647683791
counter/7/0/0/0,33046:1747647677472:,1747647683791
counter/5/0/0/0,33676:1747647676957:,1747647683791
counter/8/0/0/0,34454:1747647677374:,1747647683791
counter/6/0/0/0,32665:1747647678123:,1747647683791
counter/9/0/0/0,38365:1747647679427:,1747647683791
counter/7/0/0/0,33047:1747647677472:,1747647683791
counter/5/0/0/0,33677:1747647676962:,1747647683791
counter/8/0/0/0,34455:1747647677374:,1747647683791
counter/6/0/0/0,32666:1747647678123:,1747647683791
counter/9/0/0/0,38366:1747647679427:,1747647683791
counter/7/0/0/0,33048:1747647677472:,1747647683791
counter/5/0/0/0,33678:1747647676962:,1747647683791
counter/8/0/0/0,34456:1747647677374:,1747647683791
counter/6/0/0/0,32667:1747647678123:,1747647683791
counter/9/0/0/0,38367:1747647679427:,1747647683791
counter/7/0/0/0,33049:1747647677472:,1747647683791
counter/5/0/0/0,33679:1747647676962:,1747647683791
counter/4/0/0/0,27983:1747647673479:,1747647683791
counter/8/0/0/0,34457:1747647677374:,1747647683791
counter/6/0/0/0,32668:1747647678123:,1747647683791
counter/9/0/0/0,38368:1747647679427:,1747647683791
counter/7/0/0/0,33050:1747647677472:,1747647683791
counter/5/0/0/0,33680:1747647676962:,1747647683791
counter/8/0/0/0,34458:1747647677374:,1747647683791
counter/6/0/0/0,32669:1747647678123:,1747647683791
counter/9/0/0/0,38369:1747647679427:,1747647683791
counter/7/0/0/0,33051:1747647677472:,1747647683791
counter/8/0/0/0,34459:1747647677374:,1747647683791
counter/6/0/0/0,32670:1747647678123:,1747647683791
counter/9/0/0/0,38370:1747647679427:,1747647683791
counter/7/0/0/0,33052:1747647677472:,1747647683791
counter/8/0/0/0,34460:1747647677374:,1747647683791
counter/6/0/0/0,32671:1747647678123:,1747647683791
counter/9/0/0/0,38371:1747647679427:,1747647683791
counter/7/0/0/0,33053:1747647677472:,1747647683791
counter/8/0/0/0,34461:1747647677374:,1747647683791
counter/6/0/0/0,32672:1747647678123:,1747647683792
counter/9/0/0/0,38372:1747647679427:,1747647683792
counter/7/0/0/0,33054:1747647677472:,1747647683792
counter/8/0/0/0,34462:1747647677374:,1747647683792
counter/6/0/0/0,32673:1747647678123:,1747647683792
counter/9/0/0/0,38373:1747647679427:,1747647683792
counter/7/0/0/0,33055:1747647677472:,1747647683792
counter/8/0/0/0,34463:1747647677374:,1747647683792
counter/6/0/0/0,32674:1747647678123:,1747647683792
counter/9/0/0/0,38374:1747647679427:,1747647683792
counter/7/0/0/0,33056:1747647677472:,1747647683792
counter/8/0/0/0,34464:1747647677375:,1747647683792
counter/6/0/0/0,32675:1747647678124:,1747647683792
counter/9/0/0/0,38375:1747647679427:,1747647683792
counter/7/0/0/0,33057:1747647677480:,1747647683792
counter/8/0/0/0,34465:1747647677375:,1747647683792
counter/6/0/0/0,32676:1747647678124:,1747647683792
counter/9/0/0/0,38376:1747647679427:,1747647683792
counter/7/0/0/0,33058:1747647677480:,1747647683792
counter/8/0/0/0,34466:1747647677375:,1747647683792
counter/6/0/0/0,32677:1747647678124:,1747647683792
counter/9/0/0/0,38377:1747647679427:,1747647683792
counter/7/0/0/0,33059:1747647677480:,1747647683792
counter/8/0/0/0,34467:1747647677375:,1747647683792
counter/6/0/0/0,32678:1747647678124:,1747647683792
counter/9/0/0/0,38378:1747647679427:,1747647683792
counter/7/0/0/0,33060:1747647677480:,1747647683792
counter/8/0/0/0,34468:1747647677375:,1747647683792
counter/6/0/0/0,32679:1747647678124:,1747647683792
counter/9/0/0/0,38379:1747647679427:,1747647683792
counter/7/0/0/0,33061:1747647677480:,1747647683792
counter/8/0/0/0,34469:1747647677375:,1747647683792
counter/6/0/0/0,32680:1747647678124:,1747647683792
counter/9/0/0/0,38380:1747647679427:,1747647683792
counter/7/0/0/0,33062:1747647677480:,1747647683792
counter/4/0/0/0,27984:1747647673479:,1747647683792
counter/3/0/0/0,27049:1747647673018:,1747647683792
counter/8/0/0/0,34470:1747647677375:,1747647683792
counter/6/0/0/0,32681:1747647678124:,1747647683792
counter/9/0/0/0,38381:1747647679427:,1747647683792
counter/7/0/0/0,33063:1747647677480:,1747647683792
counter/8/0/0/0,34471:1747647677375:,1747647683792
counter/6/0/0/0,32682:1747647678124:,1747647683792
counter/9/0/0/0,38382:1747647679427:,1747647683792
counter/7/0/0/0,33064:1747647677480:,1747647683792
counter/8/0/0/0,34472:1747647677375:,1747647683793
counter/6/0/0/0,32683:1747647678124:,1747647683793
counter/9/0/0/0,38383:1747647679427:,1747647683793
counter/7/0/0/0,33065:1747647677480:,1747647683793
counter/8/0/0/0,34473:1747647677375:,1747647683793
counter/6/0/0/0,32684:1747647678124:,1747647683793
counter/9/0/0/0,38384:1747647679429:,1747647683793
counter/7/0/0/0,33066:1747647677480:,1747647683793
counter/8/0/0/0,34474:1747647677391:,1747647683793
counter/6/0/0/0,32685:1747647678129:,1747647683793
counter/9/0/0/0,38385:1747647679429:,1747647683793
counter/7/0/0/0,33067:1747647677480:,1747647683793
counter/8/0/0/0,34475:1747647677391:,1747647683793
counter/6/0/0/0,32686:1747647678129:,1747647683793
counter/9/0/0/0,38386:1747647679429:,1747647683793
counter/7/0/0/0,33068:1747647677480:,1747647683793
counter/8/0/0/0,34476:1747647677391:,1747647683793
counter/6/0/0/0,32687:1747647678130:,1747647683793
counter/9/0/0/0,38387:1747647679429:,1747647683793
counter/7/0/0/0,33069:1747647677480:,1747647683793
counter/8/0/0/0,34477:1747647677391:,1747647683793
counter/6/0/0/0,32688:1747647678135:,1747647683793
counter/9/0/0/0,38388:1747647679429:,1747647683793
counter/7/0/0/0,33070:1747647677480:,1747647683793
counter/8/0/0/0,34478:1747647677391:,1747647683793
counter/6/0/0/0,32689:1747647678135:,1747647683793
counter/9/0/0/0,38389:1747647679429:,1747647683793
counter/7/0/0/0,33071:1747647677480:,1747647683793
counter/8/0/0/0,34479:1747647677391:,1747647683793
counter/6/0/0/0,32690:1747647678135:,1747647683793
counter/9/0/0/0,38390:1747647679429:,1747647683793
counter/7/0/0/0,33072:1747647677480:,1747647683793
counter/8/0/0/0,34480:1747647677391:,1747647683793
counter/6/0/0/0,32691:1747647678136:,1747647683793
counter/9/0/0/0,38391:1747647679429:,1747647683793
counter/7/0/0/0,33073:1747647677481:,1747647683793
counter/4/0/0/0,27985:1747647673479:,1747647683793
counter/8/0/0/0,34481:1747647677391:,1747647683793
counter/6/0/0/0,32692:1747647678136:,1747647683793
counter/9/0/0/0,38392:1747647679429:,1747647683793
counter/7/0/0/0,33074:1747647677481:,1747647683793
counter/8/0/0/0,34482:1747647677391:,1747647683794
counter/6/0/0/0,32693:1747647678136:,1747647683794
counter/9/0/0/0,38393:1747647679429:,1747647683794
counter/7/0/0/0,33075:1747647677481:,1747647683794
counter/8/0/0/0,34483:1747647677391:,1747647683794
counter/6/0/0/0,32694:1747647678136:,1747647683794
counter/9/0/0/0,38394:1747647679429:,1747647683794
counter/7/0/0/0,33076:1747647677481:,1747647683794
counter/8/0/0/0,34484:1747647677392:,1747647683794
counter/6/0/0/0,32695:1747647678136:,1747647683794
counter/9/0/0/0,38395:1747647679429:,1747647683794
counter/7/0/0/0,33077:1747647677481:,1747647683794
counter/8/0/0/0,34485:1747647677394:,1747647683794
counter/6/0/0/0,32696:1747647678136:,1747647683794
counter/9/0/0/0,38396:1747647679429:,1747647683794
counter/7/0/0/0,33078:1747647677481:,1747647683794
counter/8/0/0/0,34486:1747647677395:,1747647683794
counter/6/0/0/0,32697:1747647678136:,1747647683794
counter/9/0/0/0,38397:1747647679441:,1747647683794
counter/7/0/0/0,33079:1747647677481:,1747647683794
counter/8/0/0/0,34487:1747647677395:,1747647683794
counter/6/0/0/0,32698:1747647678140:,1747647683794
counter/9/0/0/0,38398:1747647679441:,1747647683794
counter/7/0/0/0,33080:1747647677491:,1747647683794
counter/8/0/0/0,34488:1747647677395:,1747647683794
counter/6/0/0/0,32699:1747647678140:,1747647683794
counter/9/0/0/0,38399:1747647679441:,1747647683794
counter/7/0/0/0,33081:1747647677492:,1747647683794
counter/8/0/0/0,34489:1747647677395:,1747647683794
counter/6/0/0/0,32700:1747647678141:,1747647683794
counter/9/0/0/0,38400:1747647679441:,1747647683794
counter/7/0/0/0,33082:1747647677493:,1747647683794
counter/8/0/0/0,34490:1747647677395:,1747647683794
counter/6/0/0/0,32701:1747647678141:,1747647683794
counter/9/0/0/0,38401:1747647679441:,1747647683794
counter/7/0/0/0,33083:1747647677493:,1747647683794
counter/8/0/0/0,34491:1747647677395:,1747647683794
counter/6/0/0/0,32702:1747647678141:,1747647683794
counter/9/0/0/0,38402:1747647679441:,1747647683794
counter/7/0/0/0,33084:1747647677493:,1747647683794
counter/8/0/0/0,34492:1747647677395:,1747647683794
counter/6/0/0/0,32703:1747647678141:,1747647683795
counter/9/0/0/0,38403:1747647679441:,1747647683795
counter/7/0/0/0,33085:1747647677493:,1747647683795
counter/8/0/0/0,34493:1747647677395:,1747647683795
counter/6/0/0/0,32704:1747647678141:,1747647683795
counter/9/0/0/0,38404:1747647679441:,1747647683795
counter/7/0/0/0,33086:1747647677493:,1747647683795
counter/8/0/0/0,34494:1747647677395:,1747647683795
counter/6/0/0/0,32705:1747647678141:,1747647683795
counter/9/0/0/0,38405:1747647679442:,1747647683795
counter/7/0/0/0,33087:1747647677493:,1747647683795
counter/5/0/0/0,33681:1747647676962:,1747647683795
counter/8/0/0/0,34495:1747647677395:,1747647683795
counter/6/0/0/0,32706:1747647678141:,1747647683795
counter/9/0/0/0,38406:1747647679442:,1747647683795
counter/7/0/0/0,33088:1747647677493:,1747647683795
counter/3/0/0/0,27050:1747647673018:,1747647683795
counter/4/0/0/0,27986:1747647673479:,1747647683795
counter/8/0/0/0,34496:1747647677395:,1747647683795
counter/6/0/0/0,32707:1747647678141:,1747647683795
counter/9/0/0/0,38407:1747647679442:,1747647683795
counter/7/0/0/0,33089:1747647677493:,1747647683795
counter/10/0/0/0,27680:1747647671134:,1747647683795
counter/8/0/0/0,34497:1747647677395:,1747647683795
counter/6/0/0/0,32708:1747647678141:,1747647683795
counter/9/0/0/0,38408:1747647679444:,1747647683795
counter/7/0/0/0,33090:1747647677497:,1747647683795
counter/5/0/0/0,33682:1747647676962:,1747647683795
counter/3/0/0/0,27051:1747647673019:,1747647683795
counter/4/0/0/0,27987:1747647673479:,1747647683795
counter/8/0/0/0,34498:1747647677395:,1747647683795
counter/6/0/0/0,32709:1747647678142:,1747647683795
counter/9/0/0/0,38409:1747647679444:,1747647683795
counter/7/0/0/0,33091:1747647677497:,1747647683795
counter/10/0/0/0,27681:1747647671134:,1747647683795
counter/8/0/0/0,34499:1747647677396:,1747647683795
counter/6/0/0/0,32710:1747647678142:,1747647683796
counter/9/0/0/0,38410:1747647679444:,1747647683796
counter/7/0/0/0,33092:1747647677497:,1747647683796
counter/8/0/0/0,34500:1747647677416:,1747647683796
counter/6/0/0/0,32711:1747647678145:,1747647683796
counter/9/0/0/0,38411:1747647679450:,1747647683796
counter/7/0/0/0,33093:1747647677497:,1747647683796
counter/8/0/0/0,34501:1747647677418:,1747647683796
counter/6/0/0/0,32712:1747647678145:,1747647683796
counter/9/0/0/0,38412:1747647679451:,1747647683796
counter/7/0/0/0,33094:1747647677497:,1747647683796
counter/8/0/0/0,34502:1747647677418:,1747647683796
counter/6/0/0/0,32713:1747647678145:,1747647683796
counter/9/0/0/0,38413:1747647679451:,1747647683796
counter/7/0/0/0,33095:1747647677497:,1747647683796
counter/8/0/0/0,34503:1747647677419:,1747647683796
counter/6/0/0/0,32714:1747647678145:,1747647683796
counter/9/0/0/0,38414:1747647679451:,1747647683796
counter/7/0/0/0,33096:1747647677497:,1747647683796
counter/8/0/0/0,34504:1747647677419:,1747647683796
counter/6/0/0/0,32715:1747647678145:,1747647683796
counter/9/0/0/0,38415:1747647679451:,1747647683796
counter/7/0/0/0,33097:1747647677497:,1747647683796
counter/5/0/0/0,33683:1747647676962:,1747647683796
counter/8/0/0/0,34505:1747647677419:,1747647683796
counter/6/0/0/0,32716:1747647678145:,1747647683796
counter/9/0/0/0,38416:1747647679451:,1747647683796
counter/7/0/0/0,33098:1747647677497:,1747647683796
counter/8/0/0/0,34506:1747647677419:,1747647683796
counter/6/0/0/0,32717:1747647678145:,1747647683796
counter/9/0/0/0,38417:1747647679451:,1747647683796
counter/7/0/0/0,33099:1747647677497:,1747647683796
counter/8/0/0/0,34507:1747647677419:,1747647683796
counter/6/0/0/0,32718:1747647678148:,1747647683796
counter/9/0/0/0,38418:1747647679451:,1747647683796
counter/7/0/0/0,33100:1747647677497:,1747647683796
counter/8/0/0/0,34508:1747647677419:,1747647683796
counter/6/0/0/0,32719:1747647678148:,1747647683797
counter/9/0/0/0,38419:1747647679451:,1747647683797
counter/7/0/0/0,33101:1747647677497:,1747647683797
counter/8/0/0/0,34509:1747647677419:,1747647683797
counter/6/0/0/0,32720:1747647678148:,1747647683797
counter/9/0/0/0,38420:1747647679451:,1747647683797
counter/7/0/0/0,33102:1747647677497:,1747647683797
counter/8/0/0/0,34510:1747647677419:,1747647683797
counter/6/0/0/0,32721:1747647678148:,1747647683797
counter/9/0/0/0,38421:1747647679451:,1747647683797
counter/7/0/0/0,33103:1747647677497:,1747647683797
counter/8/0/0/0,34511:1747647677423:,1747647683797
counter/6/0/0/0,32722:1747647678148:,1747647683797
counter/9/0/0/0,38422:1747647679452:,1747647683797
counter/7/0/0/0,33104:1747647677497:,1747647683797
counter/8/0/0/0,34512:1747647677423:,1747647683797
counter/6/0/0/0,32723:1747647678148:,1747647683797
counter/9/0/0/0,38423:1747647679452:,1747647683797
counter/7/0/0/0,33105:1747647677497:,1747647683797
counter/5/0/0/0,33684:1747647676963:,1747647683797
counter/8/0/0/0,34513:1747647677424:,1747647683797
counter/6/0/0/0,32724:1747647678148:,1747647683797
counter/9/0/0/0,38424:1747647679452:,1747647683797
counter/3/0/0/0,27052:1747647673019:,1747647683797
counter/8/0/0/0,34514:1747647677424:,1747647683797
counter/6/0/0/0,32725:1747647678148:,1747647683797
counter/9/0/0/0,38425:1747647679452:,1747647683797
counter/8/0/0/0,34515:1747647677424:,1747647683797
counter/6/0/0/0,32726:1747647678149:,1747647683797
counter/9/0/0/0,38426:1747647679452:,1747647683797
counter/8/0/0/0,34516:1747647677424:,1747647683797
counter/6/0/0/0,32727:1747647678149:,1747647683797
counter/9/0/0/0,38427:1747647679452:,1747647683797
counter/7/0/0/0,33106:1747647677497:,1747647683797
counter/8/0/0/0,34517:1747647677424:,1747647683797
counter/6/0/0/0,32728:1747647678149:,1747647683797
counter/9/0/0/0,38428:1747647679469:,1747647683797
counter/7/0/0/0,33107:1747647677497:,1747647683797
counter/8/0/0/0,34518:1747647677424:,1747647683797
counter/6/0/0/0,32729:1747647678149:,1747647683797
counter/9/0/0/0,38429:1747647679469:,1747647683797
counter/7/0/0/0,33108:1747647677497:,1747647683798
counter/4/0/0/0,27988:1747647673479:,1747647683798
counter/10/0/0/0,27682:1747647671134:,1747647683798
counter/8/0/0/0,34519:1747647677424:,1747647683798
counter/6/0/0/0,32730:1747647678149:,1747647683798
counter/9/0/0/0,38430:1747647679469:,1747647683798
counter/7/0/0/0,33109:1747647677498:,1747647683798
counter/5/0/0/0,33685:1747647676963:,1747647683798
counter/8/0/0/0,34520:1747647677424:,1747647683798
counter/6/0/0/0,32731:1747647678149:,1747647683798
counter/9/0/0/0,38431:1747647679469:,1747647683798
counter/7/0/0/0,33110:1747647677498:,1747647683798
counter/5/0/0/0,33686:1747647676963:,1747647683798
counter/8/0/0/0,34521:1747647677424:,1747647683798
counter/6/0/0/0,32732:1747647678149:,1747647683798
counter/9/0/0/0,38432:1747647679469:,1747647683798
counter/5/0/0/0,33687:1747647676963:,1747647683798
counter/8/0/0/0,34522:1747647677424:,1747647683798
counter/6/0/0/0,32733:1747647678149:,1747647683798
counter/9/0/0/0,38433:1747647679469:,1747647683798
counter/5/0/0/0,33688:1747647676963:,1747647683798
counter/8/0/0/0,34523:1747647677424:,1747647683798
counter/6/0/0/0,32734:1747647678149:,1747647683798
counter/9/0/0/0,38434:1747647679469:,1747647683798
counter/8/0/0/0,34524:1747647677424:,1747647683798
counter/6/0/0/0,32735:1747647678149:,1747647683798
counter/9/0/0/0,38435:1747647679469:,1747647683798
counter/8/0/0/0,34525:1747647677424:,1747647683798
counter/6/0/0/0,32736:1747647678149:,1747647683798
counter/9/0/0/0,38436:1747647679469:,1747647683798
counter/3/0/0/0,27053:1747647673019:,1747647683798
counter/8/0/0/0,34526:1747647677424:,1747647683798
counter/6/0/0/0,32737:1747647678149:,1747647683798
counter/9/0/0/0,38437:1747647679469:,1747647683798
counter/4/0/0/0,27989:1747647673479:,1747647683798
counter/8/0/0/0,34527:1747647677424:,1747647683798
counter/6/0/0/0,32738:1747647678149:,1747647683798
counter/9/0/0/0,38438:1747647679470:,1747647683798
counter/8/0/0/0,34528:1747647677424:,1747647683798
counter/6/0/0/0,32739:1747647678149:,1747647683798
counter/9/0/0/0,38439:1747647679470:,1747647683798
counter/8/0/0/0,34529:1747647677424:,1747647683798
counter/6/0/0/0,32740:1747647678149:,1747647683798
counter/9/0/0/0,38440:1747647679470:,1747647683799
counter/4/0/0/0,27990:1747647673479:,1747647683799
counter/8/0/0/0,34530:1747647677424:,1747647683799
counter/6/0/0/0,32741:1747647678149:,1747647683799
counter/9/0/0/0,38441:1747647679476:,1747647683799
counter/4/0/0/0,27991:1747647673479:,1747647683799
counter/8/0/0/0,34531:1747647677424:,1747647683799
counter/6/0/0/0,32742:1747647678149:,1747647683799
counter/9/0/0/0,38442:1747647679476:,1747647683799
counter/4/0/0/0,27992:1747647673479:,1747647683799
counter/10/0/0/0,27683:1747647671134:,1747647683799
counter/8/0/0/0,34532:1747647677424:,1747647683799
counter/6/0/0/0,32743:1747647678149:,1747647683799
counter/9/0/0/0,38443:1747647679476:,1747647683799
counter/4/0/0/0,27993:1747647673479:,1747647683799
counter/8/0/0/0,34533:1747647677424:,1747647683799
counter/6/0/0/0,32744:1747647678149:,1747647683799
counter/9/0/0/0,38444:1747647679476:,1747647683799
counter/4/0/0/0,27994:1747647673479:,1747647683799
counter/8/0/0/0,34534:1747647677435:,1747647683799
counter/6/0/0/0,32745:1747647678149:,1747647683799
counter/9/0/0/0,38445:1747647679476:,1747647683799
counter/4/0/0/0,27995:1747647673479:,1747647683799
counter/8/0/0/0,34535:1747647677435:,1747647683799
counter/6/0/0/0,32746:1747647678149:,1747647683799
counter/9/0/0/0,38446:1747647679476:,1747647683799
counter/4/0/0/0,27996:1747647673479:,1747647683799
counter/8/0/0/0,34536:1747647677435:,1747647683799
counter/6/0/0/0,32747:1747647678149:,1747647683799
counter/9/0/0/0,38447:1747647679476:,1747647683799
counter/4/0/0/0,27997:1747647673480:,1747647683799
counter/8/0/0/0,34537:1747647677435:,1747647683799
counter/6/0/0/0,32748:1747647678149:,1747647683799
counter/9/0/0/0,38448:1747647679476:,1747647683799
counter/4/0/0/0,27998:1747647673480:,1747647683799
counter/8/0/0/0,34538:1747647677435:,1747647683799
counter/6/0/0/0,32749:1747647678149:,1747647683799
counter/9/0/0/0,38449:1747647679476:,1747647683799
counter/4/0/0/0,27999:1747647673480:,1747647683799
counter/8/0/0/0,34539:1747647677435:,1747647683799
counter/6/0/0/0,32750:1747647678149:,1747647683799
counter/9/0/0/0,38450:1747647679476:,1747647683799
counter/4/0/0/0,28000:1747647673480:,1747647683800
counter/8/0/0/0,34540:1747647677435:,1747647683800
counter/6/0/0/0,32751:1747647678149:,1747647683800
counter/9/0/0/0,38451:1747647679476:,1747647683800
counter/4/0/0/0,28001:1747647673480:,1747647683800
counter/8/0/0/0,34541:1747647677435:,1747647683800
counter/6/0/0/0,32752:1747647678149:,1747647683800
counter/9/0/0/0,38452:1747647679479:,1747647683800
counter/4/0/0/0,28002:1747647673480:,1747647683800
counter/8/0/0/0,34542:1747647677435:,1747647683800
counter/6/0/0/0,32753:1747647678154:,1747647683800
counter/9/0/0/0,38453:1747647679484:,1747647683800
counter/4/0/0/0,28003:1747647673480:,1747647683800
counter/8/0/0/0,34543:1747647677435:,1747647683800
counter/6/0/0/0,32754:1747647678162:,1747647683800
counter/9/0/0/0,38454:1747647679484:,1747647683800
counter/4/0/0/0,28004:1747647673480:,1747647683800
counter/8/0/0/0,34544:1747647677435:,1747647683800
counter/6/0/0/0,32755:1747647678162:,1747647683800
counter/9/0/0/0,38455:1747647679484:,1747647683800
counter/4/0/0/0,28005:1747647673480:,1747647683800
counter/8/0/0/0,34545:1747647677435:,1747647683800
counter/6/0/0/0,32756:1747647678162:,1747647683800
counter/9/0/0/0,38456:1747647679484:,1747647683800
counter/4/0/0/0,28006:1747647673484:,1747647683800
counter/8/0/0/0,34546:1747647677435:,1747647683800
counter/6/0/0/0,32757:1747647678162:,1747647683800
counter/9/0/0/0,38457:1747647679484:,1747647683800
counter/4/0/0/0,28007:1747647673484:,1747647683800
counter/8/0/0/0,34547:1747647677438:,1747647683800
counter/6/0/0/0,32758:1747647678162:,1747647683800
counter/9/0/0/0,38458:1747647679484:,1747647683800
counter/4/0/0/0,28008:1747647673484:,1747647683800
counter/10/0/0/0,27684:1747647671139:,1747647683800
counter/8/0/0/0,34548:1747647677438:,1747647683800
counter/6/0/0/0,32759:1747647678162:,1747647683800
counter/9/0/0/0,38459:1747647679484:,1747647683801
counter/4/0/0/0,28009:1747647673484:,1747647683801
counter/7/0/0/0,33111:1747647677498:,1747647683801
counter/3/0/0/0,27054:1747647673021:,1747647683801
counter/8/0/0/0,34549:1747647677438:,1747647683801
counter/6/0/0/0,32760:1747647678162:,1747647683801
counter/9/0/0/0,38460:1747647679484:,1747647683801
counter/4/0/0/0,28010:1747647673484:,1747647683801
counter/8/0/0/0,34550:1747647677438:,1747647683801
counter/6/0/0/0,32761:1747647678162:,1747647683801
counter/9/0/0/0,38461:1747647679484:,1747647683801
counter/4/0/0/0,28011:1747647673484:,1747647683801
counter/8/0/0/0,34551:1747647677438:,1747647683801
counter/6/0/0/0,32762:1747647678162:,1747647683801
counter/9/0/0/0,38462:1747647679484:,1747647683801
counter/4/0/0/0,28012:1747647673484:,1747647683801
counter/8/0/0/0,34552:1747647677438:,1747647683801
counter/6/0/0/0,32763:1747647678162:,1747647683801
counter/9/0/0/0,38463:1747647679488:,1747647683801
counter/4/0/0/0,28013:1747647673484:,1747647683801
counter/7/0/0/0,33112:1747647677498:,1747647683801
counter/8/0/0/0,34553:1747647677438:,1747647683801
counter/6/0/0/0,32764:1747647678162:,1747647683801
counter/9/0/0/0,38464:1747647679488:,1747647683801
counter/4/0/0/0,28014:1747647673484:,1747647683801
counter/3/0/0/0,27055:1747647673026:,1747647683801
counter/8/0/0/0,34554:1747647677438:,1747647683801
counter/6/0/0/0,32765:1747647678162:,1747647683801
counter/9/0/0/0,38465:1747647679488:,1747647683801
counter/4/0/0/0,28015:1747647673484:,1747647683801
counter/8/0/0/0,34555:1747647677439:,1747647683801
counter/6/0/0/0,32766:1747647678162:,1747647683801
counter/9/0/0/0,38466:1747647679488:,1747647683801
counter/4/0/0/0,28016:1747647673484:,1747647683801
counter/8/0/0/0,34556:1747647677439:,1747647683801
counter/6/0/0/0,32767:1747647678163:,1747647683801
counter/9/0/0/0,38467:1747647679488:,1747647683801
counter/4/0/0/0,28017:1747647673484:,1747647683801
counter/8/0/0/0,34557:1747647677439:,1747647683801
counter/6/0/0/0,32768:1747647678163:,1747647683801
counter/9/0/0/0,38468:1747647679488:,1747647683801
counter/4/0/0/0,28018:1747647673484:,1747647683801
counter/8/0/0/0,34558:1747647677439:,1747647683801
counter/6/0/0/0,32769:1747647678163:,1747647683801
counter/4/0/0/0,28019:1747647673484:,1747647683801
counter/8/0/0/0,34559:1747647677439:,1747647683802
counter/6/0/0/0,32770:1747647678163:,1747647683802
counter/4/0/0/0,28020:1747647673488:,1747647683802
counter/7/0/0/0,33113:1747647677499:,1747647683802
counter/8/0/0/0,34560:1747647677439:,1747647683802
counter/6/0/0/0,32771:1747647678163:,1747647683802
counter/4/0/0/0,28021:1747647673488:,1747647683802
counter/3/0/0/0,27056:1747647673026:,1747647683802
counter/8/0/0/0,34561:1747647677439:,1747647683802
counter/6/0/0/0,32772:1747647678163:,1747647683802
counter/4/0/0/0,28022:1747647673488:,1747647683802
counter/8/0/0/0,34562:1747647677439:,1747647683802
counter/6/0/0/0,32773:1747647678165:,1747647683802
counter/4/0/0/0,28023:1747647673488:,1747647683802
counter/7/0/0/0,33114:1747647677499:,1747647683802
counter/8/0/0/0,34563:1747647677439:,1747647683802
counter/6/0/0/0,32774:1747647678165:,1747647683802
counter/4/0/0/0,28024:1747647673488:,1747647683802
counter/3/0/0/0,27057:1747647673026:,1747647683802
counter/8/0/0/0,34564:1747647677439:,1747647683802
counter/6/0/0/0,32775:1747647678165:,1747647683802
counter/4/0/0/0,28025:1747647673488:,1747647683802
counter/8/0/0/0,34565:1747647677442:,1747647683802
counter/6/0/0/0,32776:1747647678165:,1747647683802
counter/4/0/0/0,28026:1747647673491:,1747647683802
counter/8/0/0/0,34566:1747647677442:,1747647683802
counter/6/0/0/0,32777:1747647678165:,1747647683802
counter/4/0/0/0,28027:1747647673491:,1747647683802
counter/8/0/0/0,34567:1747647677442:,1747647683802
counter/6/0/0/0,32778:1747647678165:,1747647683802
counter/8/0/0/0,34568:1747647677442:,1747647683802
counter/6/0/0/0,32779:1747647678165:,1747647683802
counter/8/0/0/0,34569:1747647677442:,1747647683802
counter/6/0/0/0,32780:1747647678165:,1747647683802
counter/8/0/0/0,34570:1747647677442:,1747647683802
counter/6/0/0/0,32781:1747647678166:,1747647683802
counter/8/0/0/0,34571:1747647677442:,1747647683802
counter/6/0/0/0,32782:1747647678166:,1747647683802
counter/8/0/0/0,34572:1747647677442:,1747647683803
counter/6/0/0/0,32783:1747647678166:,1747647683803
counter/4/0/0/0,28028:1747647673491:,1747647683803
counter/8/0/0/0,34573:1747647677442:,1747647683803
counter/6/0/0/0,32784:1747647678168:,1747647683803
counter/8/0/0/0,34574:1747647677442:,1747647683803
counter/6/0/0/0,32785:1747647678168:,1747647683803
counter/10/0/0/0,27685:1747647671139:,1747647683803
counter/8/0/0/0,34575:1747647677442:,1747647683803
counter/6/0/0/0,32786:1747647678168:,1747647683803
counter/7/0/0/0,33115:1747647677499:,1747647683803
counter/8/0/0/0,34576:1747647677442:,1747647683803
counter/6/0/0/0,32787:1747647678168:,1747647683803
counter/3/0/0/0,27058:1747647673026:,1747647683803
counter/8/0/0/0,34577:1747647677442:,1747647683803
counter/6/0/0/0,32788:1747647678168:,1747647683803
counter/3/0/0/0,27059:1747647673026:,1747647683803
counter/8/0/0/0,34578:1747647677442:,1747647683803
counter/6/0/0/0,32789:1747647678168:,1747647683803
counter/3/0/0/0,27060:1747647673026:,1747647683803
counter/5/0/0/0,33689:1747647676963:,1747647683803
counter/8/0/0/0,34579:1747647677442:,1747647683803
counter/6/0/0/0,32790:1747647678168:,1747647683803
counter/3/0/0/0,27061:1747647673026:,1747647683803
counter/7/0/0/0,33116:1747647677499:,1747647683803
counter/8/0/0/0,34580:1747647677451:,1747647683803
counter/6/0/0/0,32791:1747647678168:,1747647683803
counter/3/0/0/0,27062:1747647673026:,1747647683803
counter/7/0/0/0,33117:1747647677499:,1747647683803
counter/8/0/0/0,34581:1747647677451:,1747647683803
counter/6/0/0/0,32792:1747647678168:,1747647683803
counter/7/0/0/0,33118:1747647677499:,1747647683803
counter/8/0/0/0,34582:1747647677451:,1747647683803
counter/6/0/0/0,32793:1747647678168:,1747647683803
counter/7/0/0/0,33119:1747647677499:,1747647683803
counter/8/0/0/0,34583:1747647677451:,1747647683803
counter/6/0/0/0,32794:1747647678168:,1747647683803
counter/7/0/0/0,33120:1747647677499:,1747647683803
counter/8/0/0/0,34584:1747647677451:,1747647683803
counter/6/0/0/0,32795:1747647678168:,1747647683803
counter/7/0/0/0,33121:1747647677499:,1747647683803
counter/8/0/0/0,34585:1747647677451:,1747647683804
counter/6/0/0/0,32796:1747647678168:,1747647683804
counter/7/0/0/0,33122:1747647677499:,1747647683804
counter/8/0/0/0,34586:1747647677451:,1747647683804
counter/6/0/0/0,32797:1747647678168:,1747647683804
counter/7/0/0/0,33123:1747647677499:,1747647683804
counter/8/0/0/0,34587:1747647677451:,1747647683804
counter/6/0/0/0,32798:1747647678168:,1747647683804
counter/7/0/0/0,33124:1747647677512:,1747647683804
counter/8/0/0/0,34588:1747647677451:,1747647683804
counter/6/0/0/0,32799:1747647678169:,1747647683804
counter/7/0/0/0,33125:1747647677512:,1747647683804
counter/8/0/0/0,34589:1747647677451:,1747647683804
counter/6/0/0/0,32800:1747647678204:,1747647683804
counter/7/0/0/0,33126:1747647677512:,1747647683804
counter/8/0/0/0,34590:1747647677451:,1747647683804
counter/6/0/0/0,32801:1747647678204:,1747647683804
counter/7/0/0/0,33127:1747647677512:,1747647683804
counter/8/0/0/0,34591:1747647677452:,1747647683804
counter/6/0/0/0,32802:1747647678204:,1747647683804
counter/7/0/0/0,33128:1747647677512:,1747647683804
counter/8/0/0/0,34592:1747647677452:,1747647683804
counter/6/0/0/0,32803:1747647678204:,1747647683804
counter/7/0/0/0,33129:1747647677512:,1747647683804
counter/8/0/0/0,34593:1747647677452:,1747647683804
counter/6/0/0/0,32804:1747647678204:,1747647683804
counter/7/0/0/0,33130:1747647677512:,1747647683804
counter/8/0/0/0,34594:1747647677452:,1747647683804
counter/6/0/0/0,32805:1747647678204:,1747647683804
counter/7/0/0/0,33131:1747647677512:,1747647683804
counter/3/0/0/0,27063:1747647673026:,1747647683804
counter/8/0/0/0,34595:1747647677452:,1747647683804
counter/6/0/0/0,32806:1747647678204:,1747647683804
counter/7/0/0/0,33132:1747647677512:,1747647683804
counter/4/0/0/0,28029:1747647673491:,1747647683804
counter/8/0/0/0,34596:1747647677452:,1747647683804
counter/6/0/0/0,32807:1747647678204:,1747647683804
counter/7/0/0/0,33133:1747647677512:,1747647683804
counter/4/0/0/0,28030:1747647673491:,1747647683804
counter/8/0/0/0,34597:1747647677452:,1747647683805
counter/6/0/0/0,32808:1747647678204:,1747647683805
counter/7/0/0/0,33134:1747647677513:,1747647683805
counter/4/0/0/0,28031:1747647673491:,1747647683805
counter/8/0/0/0,34598:1747647677452:,1747647683805
counter/6/0/0/0,32809:1747647678204:,1747647683805
counter/7/0/0/0,33135:1747647677513:,1747647683805
counter/4/0/0/0,28032:1747647673491:,1747647683805
counter/8/0/0/0,34599:1747647677452:,1747647683805
counter/6/0/0/0,32810:1747647678204:,1747647683805
counter/7/0/0/0,33136:1747647677513:,1747647683805
counter/4/0/0/0,28033:1747647673492:,1747647683805
counter/10/0/0/0,27686:1747647671143:,1747647683805
counter/5/0/0/0,33690:1747647676963:,1747647683805
counter/8/0/0/0,34600:1747647677452:,1747647683805
counter/6/0/0/0,32811:1747647678204:,1747647683805
counter/7/0/0/0,33137:1747647677513:,1747647683805
counter/4/0/0/0,28034:1747647673492:,1747647683805
counter/3/0/0/0,27064:1747647673026:,1747647683805
counter/8/0/0/0,34601:1747647677452:,1747647683805
counter/6/0/0/0,32812:1747647678204:,1747647683805
counter/7/0/0/0,33138:1747647677513:,1747647683805
counter/4/0/0/0,28035:1747647673492:,1747647683805
counter/8/0/0/0,34602:1747647677452:,1747647683805
counter/6/0/0/0,32813:1747647678204:,1747647683805
counter/7/0/0/0,33139:1747647677523:,1747647683805
counter/4/0/0/0,28036:1747647673492:,1747647683805
counter/8/0/0/0,34603:1747647677452:,1747647683805
counter/6/0/0/0,32814:1747647678204:,1747647683805
counter/7/0/0/0,33140:1747647677524:,1747647683805
counter/4/0/0/0,28037:1747647673492:,1747647683805
counter/8/0/0/0,34604:1747647677452:,1747647683805
counter/6/0/0/0,32815:1747647678204:,1747647683805
counter/7/0/0/0,33141:1747647677524:,1747647683805
counter/4/0/0/0,28038:1747647673492:,1747647683806
counter/5/0/0/0,33691:1747647676963:,1747647683806
counter/8/0/0/0,34605:1747647677452:,1747647683806
counter/6/0/0/0,32816:1747647678205:,1747647683806
counter/7/0/0/0,33142:1747647677524:,1747647683806
counter/4/0/0/0,28039:1747647673493:,1747647683806
counter/8/0/0/0,34606:1747647677452:,1747647683806
counter/6/0/0/0,32817:1747647678205:,1747647683806
counter/7/0/0/0,33143:1747647677524:,1747647683806
counter/4/0/0/0,28040:1747647673493:,1747647683806
counter/8/0/0/0,34607:1747647677452:,1747647683806
counter/6/0/0/0,32818:1747647678206:,1747647683806
counter/7/0/0/0,33144:1747647677524:,1747647683806
counter/4/0/0/0,28041:1747647673493:,1747647683806
counter/8/0/0/0,34608:1747647677452:,1747647683806
counter/6/0/0/0,32819:1747647678206:,1747647683806
counter/7/0/0/0,33145:1747647677524:,1747647683806
counter/4/0/0/0,28042:1747647673493:,1747647683806
counter/8/0/0/0,34609:1747647677452:,1747647683806
counter/6/0/0/0,32820:1747647678208:,1747647683806
counter/7/0/0/0,33146:1747647677524:,1747647683806
counter/4/0/0/0,28043:1747647673493:,1747647683806
counter/8/0/0/0,34610:1747647677452:,1747647683806
counter/6/0/0/0,32821:1747647678208:,1747647683806
counter/7/0/0/0,33147:1747647677524:,1747647683806
counter/3/0/0/0,27065:1747647673026:,1747647683806
counter/8/0/0/0,34611:1747647677452:,1747647683806
counter/6/0/0/0,32822:1747647678208:,1747647683806
counter/7/0/0/0,33148:1747647677524:,1747647683806
counter/8/0/0/0,34612:1747647677452:,1747647683806
counter/6/0/0/0,32823:1747647678208:,1747647683806
counter/7/0/0/0,33149:1747647677524:,1747647683806
counter/8/0/0/0,34613:1747647677452:,1747647683806
counter/6/0/0/0,32824:1747647678208:,1747647683806
counter/7/0/0/0,33150:1747647677524:,1747647683806
counter/8/0/0/0,34614:1747647677456:,1747647683806
counter/6/0/0/0,32825:1747647678208:,1747647683806
counter/7/0/0/0,33151:1747647677524:,1747647683806
counter/8/0/0/0,34615:1747647677456:,1747647683806
counter/6/0/0/0,32826:1747647678209:,1747647683807
counter/7/0/0/0,33152:1747647677524:,1747647683807
counter/8/0/0/0,34616:1747647677456:,1747647683807
counter/6/0/0/0,32827:1747647678209:,1747647683807
counter/7/0/0/0,33153:1747647677524:,1747647683807
counter/8/0/0/0,34617:1747647677456:,1747647683807
counter/6/0/0/0,32828:1747647678209:,1747647683807
counter/7/0/0/0,33154:1747647677524:,1747647683807
counter/8/0/0/0,34618:1747647677456:,1747647683807
counter/6/0/0/0,32829:1747647678209:,1747647683807
counter/7/0/0/0,33155:1747647677525:,1747647683807
counter/8/0/0/0,34619:1747647677456:,1747647683807
counter/6/0/0/0,32830:1747647678209:,1747647683807
counter/7/0/0/0,33156:1747647677525:,1747647683807
counter/8/0/0/0,34620:1747647677456:,1747647683807
counter/6/0/0/0,32831:1747647678209:,1747647683807
counter/7/0/0/0,33157:1747647677525:,1747647683807
counter/8/0/0/0,34621:1747647677456:,1747647683807
counter/6/0/0/0,32832:1747647678209:,1747647683807
counter/7/0/0/0,33158:1747647677525:,1747647683807
counter/10/0/0/0,27687:1747647671144:,1747647683807
counter/8/0/0/0,34622:1747647677456:,1747647683807
counter/6/0/0/0,32833:1747647678226:,1747647683807
counter/7/0/0/0,33159:1747647677526:,1747647683807
counter/4/0/0/0,28044:1747647673493:,1747647683807
counter/8/0/0/0,34623:1747647677456:,1747647683807
counter/6/0/0/0,32834:1747647678226:,1747647683807
counter/7/0/0/0,33160:1747647677526:,1747647683807
counter/8/0/0/0,34624:1747647677456:,1747647683807
counter/6/0/0/0,32835:1747647678226:,1747647683807
counter/7/0/0/0,33161:1747647677526:,1747647683807
counter/8/0/0/0,34625:1747647677456:,1747647683807
counter/6/0/0/0,32836:1747647678226:,1747647683807
counter/7/0/0/0,33162:1747647677526:,1747647683807
counter/8/0/0/0,34626:1747647677456:,1747647683807
counter/6/0/0/0,32837:1747647678226:,1747647683807
counter/7/0/0/0,33163:1747647677526:,1747647683807
counter/5/0/0/0,33692:1747647676963:,1747647683807
counter/8/0/0/0,34627:1747647677456:,1747647683807
counter/6/0/0/0,32838:1747647678226:,1747647683807
counter/7/0/0/0,33164:1747647677526:,1747647683808
counter/5/0/0/0,33693:1747647676963:,1747647683808
counter/8/0/0/0,34628:1747647677459:,1747647683808
counter/6/0/0/0,32839:1747647678256:,1747647683808
counter/7/0/0/0,33165:1747647677526:,1747647683808
counter/5/0/0/0,33694:1747647676963:,1747647683808
counter/8/0/0/0,34629:1747647677459:,1747647683808
counter/6/0/0/0,32840:1747647678256:,1747647683808
counter/7/0/0/0,33166:1747647677527:,1747647683808
counter/5/0/0/0,33695:1747647676967:,1747647683808
counter/8/0/0/0,34630:1747647677459:,1747647683808
counter/6/0/0/0,32841:1747647678256:,1747647683808
counter/7/0/0/0,33167:1747647677527:,1747647683808
counter/5/0/0/0,33696:1747647676967:,1747647683808
counter/8/0/0/0,34631:1747647677459:,1747647683808
counter/6/0/0/0,32842:1747647678260:,1747647683808
counter/7/0/0/0,33168:1747647677527:,1747647683808
counter/8/0/0/0,34632:1747647677459:,1747647683808
counter/6/0/0/0,32843:1747647678261:,1747647683808
counter/7/0/0/0,33169:1747647677527:,1747647683808
counter/8/0/0/0,34633:1747647677465:,1747647683808
counter/6/0/0/0,32844:1747647678261:,1747647683808
counter/7/0/0/0,33170:1747647677527:,1747647683808
counter/8/0/0/0,34634:1747647677465:,1747647683808
counter/6/0/0/0,32845:1747647678261:,1747647683808
counter/7/0/0/0,33171:1747647677527:,1747647683808
counter/8/0/0/0,34635:1747647677465:,1747647683808
counter/6/0/0/0,32846:1747647678261:,1747647683808
counter/7/0/0/0,33172:1747647677527:,1747647683808
counter/8/0/0/0,34636:1747647677465:,1747647683808
counter/6/0/0/0,32847:1747647678261:,1747647683808
counter/7/0/0/0,33173:1747647677527:,1747647683808
counter/8/0/0/0,34637:1747647677465:,1747647683808
counter/6/0/0/0,32848:1747647678261:,1747647683808
counter/7/0/0/0,33174:1747647677527:,1747647683808
counter/8/0/0/0,34638:1747647677465:,1747647683808
counter/6/0/0/0,32849:1747647678261:,1747647683808
counter/7/0/0/0,33175:1747647677528:,1747647683808
counter/8/0/0/0,34639:1747647677474:,1747647683808
counter/6/0/0/0,32850:1747647678261:,1747647683808
counter/7/0/0/0,33176:1747647677528:,1747647683808
counter/8/0/0/0,34640:1747647677474:,1747647683808
counter/6/0/0/0,32851:1747647678261:,1747647683808
counter/7/0/0/0,33177:1747647677528:,1747647683808
counter/8/0/0/0,34641:1747647677474:,1747647683809
counter/6/0/0/0,32852:1747647678261:,1747647683809
counter/7/0/0/0,33178:1747647677528:,1747647683809
counter/8/0/0/0,34642:1747647677474:,1747647683809
counter/6/0/0/0,32853:1747647678261:,1747647683809
counter/7/0/0/0,33179:1747647677528:,1747647683809
counter/8/0/0/0,34643:1747647677474:,1747647683809
counter/6/0/0/0,32854:1747647678261:,1747647683809
counter/7/0/0/0,33180:1747647677535:,1747647683809
counter/3/0/0/0,27066:1747647673036:,1747647683809
counter/8/0/0/0,34644:1747647677474:,1747647683809
counter/6/0/0/0,32855:1747647678264:,1747647683809
counter/7/0/0/0,33181:1747647677538:,1747647683809
counter/10/0/0/0,27688:1747647671144:,1747647683809
counter/8/0/0/0,34645:1747647677477:,1747647683809
counter/6/0/0/0,32856:1747647678279:,1747647683809
counter/7/0/0/0,33182:1747647677538:,1747647683809
counter/8/0/0/0,34646:1747647677477:,1747647683809
counter/6/0/0/0,32857:1747647678280:,1747647683809
counter/7/0/0/0,33183:1747647677538:,1747647683809
counter/8/0/0/0,34647:1747647677477:,1747647683809
counter/6/0/0/0,32858:1747647678280:,1747647683809
counter/7/0/0/0,33184:1747647677538:,1747647683809
counter/8/0/0/0,34648:1747647677477:,1747647683809
counter/6/0/0/0,32859:1747647678280:,1747647683809
counter/7/0/0/0,33185:1747647677538:,1747647683809
counter/8/0/0/0,34649:1747647677477:,1747647683809
counter/6/0/0/0,32860:1747647678280:,1747647683809
counter/7/0/0/0,33186:1747647677538:,1747647683809
counter/8/0/0/0,34650:1747647677477:,1747647683809
counter/6/0/0/0,32861:1747647678280:,1747647683809
counter/7/0/0/0,33187:1747647677538:,1747647683809
counter/8/0/0/0,34651:1747647677477:,1747647683809
counter/6/0/0/0,32862:1747647678280:,1747647683809
counter/7/0/0/0,33188:1747647677538:,1747647683809
counter/8/0/0/0,34652:1747647677477:,1747647683809
counter/6/0/0/0,32863:1747647678280:,1747647683809
counter/7/0/0/0,33189:1747647677538:,1747647683809
counter/8/0/0/0,34653:1747647677477:,1747647683809
counter/6/0/0/0,32864:1747647678280:,1747647683809
counter/7/0/0/0,33190:1747647677538:,1747647683809
counter/8/0/0/0,34654:1747647677477:,1747647683809
counter/6/0/0/0,32865:1747647678280:,1747647683809
counter/7/0/0/0,33191:1747647677538:,1747647683809
counter/8/0/0/0,34655:1747647677477:,1747647683809
counter/6/0/0/0,32866:1747647678280:,1747647683810
counter/7/0/0/0,33192:1747647677538:,1747647683810
counter/10/0/0/0,27689:1747647671144:,1747647683810
counter/8/0/0/0,34656:1747647677477:,1747647683810
counter/6/0/0/0,32867:1747647678280:,1747647683810
counter/7/0/0/0,33193:1747647677538:,1747647683810
counter/4/0/0/0,28045:1747647673499:,1747647683810
counter/8/0/0/0,34657:1747647677477:,1747647683810
counter/6/0/0/0,32868:1747647678280:,1747647683810
counter/7/0/0/0,33194:1747647677540:,1747647683810
counter/8/0/0/0,34658:1747647677477:,1747647683810
counter/6/0/0/0,32869:1747647678280:,1747647683810
counter/7/0/0/0,33195:1747647677541:,1747647683810
counter/8/0/0/0,34659:1747647677477:,1747647683810
counter/6/0/0/0,32870:1747647678280:,1747647683810
counter/7/0/0/0,33196:1747647677541:,1747647683810
counter/8/0/0/0,34660:1747647677477:,1747647683810
counter/6/0/0/0,32871:1747647678281:,1747647683810
counter/7/0/0/0,33197:1747647677541:,1747647683810
counter/8/0/0/0,34661:1747647677477:,1747647683810
counter/6/0/0/0,32872:1747647678284:,1747647683810
counter/7/0/0/0,33198:1747647677541:,1747647683810
counter/8/0/0/0,34662:1747647677477:,1747647683810
counter/6/0/0/0,32873:1747647678285:,1747647683810
counter/7/0/0/0,33199:1747647677542:,1747647683810
counter/8/0/0/0,34663:1747647677477:,1747647683810
counter/6/0/0/0,32874:1747647678287:,1747647683810
counter/7/0/0/0,33200:1747647677542:,1747647683810
counter/8/0/0/0,34664:1747647677477:,1747647683810
counter/6/0/0/0,32875:1747647678287:,1747647683810
counter/7/0/0/0,33201:1747647677542:,1747647683810
counter/8/0/0/0,34665:1747647677477:,1747647683810
counter/6/0/0/0,32876:1747647678288:,1747647683810
counter/7/0/0/0,33202:1747647677542:,1747647683810
counter/8/0/0/0,34666:1747647677477:,1747647683810
counter/6/0/0/0,32877:1747647678288:,1747647683810
counter/7/0/0/0,33203:1747647677542:,1747647683810
counter/8/0/0/0,34667:1747647677478:,1747647683810
counter/6/0/0/0,32878:1747647678288:,1747647683810
counter/7/0/0/0,33204:1747647677542:,1747647683810
counter/8/0/0/0,34668:1747647677483:,1747647683811
counter/6/0/0/0,32879:1747647678288:,1747647683811
counter/7/0/0/0,33205:1747647677546:,1747647683811
counter/8/0/0/0,34669:1747647677483:,1747647683811
counter/6/0/0/0,32880:1747647678288:,1747647683811
counter/7/0/0/0,33206:1747647677546:,1747647683811
counter/8/0/0/0,34670:1747647677483:,1747647683811
counter/6/0/0/0,32881:1747647678288:,1747647683811
counter/7/0/0/0,33207:1747647677546:,1747647683811
counter/8/0/0/0,34671:1747647677483:,1747647683811
counter/6/0/0/0,32882:1747647678288:,1747647683811
counter/7/0/0/0,33208:1747647677546:,1747647683811
counter/5/0/0/0,33697:1747647676967:,1747647683811
counter/8/0/0/0,34672:1747647677483:,1747647683811
counter/6/0/0/0,32883:1747647678288:,1747647683811
counter/7/0/0/0,33209:1747647677546:,1747647683811
counter/4/0/0/0,28046:1747647673499:,1747647683811
counter/8/0/0/0,34673:1747647677483:,1747647683811
counter/6/0/0/0,32884:1747647678288:,1747647683811
counter/7/0/0/0,33210:1747647677546:,1747647683811
counter/8/0/0/0,34674:1747647677483:,1747647683811
counter/6/0/0/0,32885:1747647678288:,1747647683811
counter/7/0/0/0,33211:1747647677546:,1747647683811
counter/8/0/0/0,34675:1747647677483:,1747647683811
counter/6/0/0/0,32886:1747647678288:,1747647683811
counter/7/0/0/0,33212:1747647677546:,1747647683811
counter/8/0/0/0,34676:1747647677483:,1747647683811
counter/6/0/0/0,32887:1747647678288:,1747647683811
counter/7/0/0/0,33213:1747647677546:,1747647683811
counter/8/0/0/0,34677:1747647677484:,1747647683811
counter/6/0/0/0,32888:1747647678288:,1747647683811
counter/7/0/0/0,33214:1747647677546:,1747647683811
counter/10/0/0/0,27690:1747647671144:,1747647683811
counter/8/0/0/0,34678:1747647677484:,1747647683811
counter/6/0/0/0,32889:1747647678288:,1747647683811
counter/7/0/0/0,33215:1747647677546:,1747647683811
counter/8/0/0/0,34679:1747647677484:,1747647683811
counter/6/0/0/0,32890:1747647678288:,1747647683811
counter/7/0/0/0,33216:1747647677546:,1747647683811
counter/8/0/0/0,34680:1747647677484:,1747647683811
counter/6/0/0/0,32891:1747647678293:,1747647683812
counter/7/0/0/0,33217:1747647677546:,1747647683812
counter/8/0/0/0,34681:1747647677484:,1747647683812
counter/6/0/0/0,32892:1747647678293:,1747647683812
counter/7/0/0/0,33218:1747647677547:,1747647683812
counter/8/0/0/0,34682:1747647677484:,1747647683812
counter/6/0/0/0,32893:1747647678294:,1747647683812
counter/7/0/0/0,33219:1747647677547:,1747647683812
counter/8/0/0/0,34683:1747647677484:,1747647683812
counter/6/0/0/0,32894:1747647678294:,1747647683812
counter/7/0/0/0,33220:1747647677547:,1747647683812
counter/8/0/0/0,34684:1747647677484:,1747647683812
counter/6/0/0/0,32895:1747647678294:,1747647683812
counter/7/0/0/0,33221:1747647677547:,1747647683812
counter/8/0/0/0,34685:1747647677492:,1747647683812
counter/6/0/0/0,32896:1747647678294:,1747647683812
counter/7/0/0/0,33222:1747647677547:,1747647683812
counter/8/0/0/0,34686:1747647677494:,1747647683812
counter/6/0/0/0,32897:1747647678294:,1747647683812
counter/7/0/0/0,33223:1747647677547:,1747647683812
counter/8/0/0/0,34687:1747647677494:,1747647683812
counter/6/0/0/0,32898:1747647678294:,1747647683812
counter/7/0/0/0,33224:1747647677547:,1747647683812
counter/8/0/0/0,34688:1747647677494:,1747647683812
counter/6/0/0/0,32899:1747647678294:,1747647683812
counter/7/0/0/0,33225:1747647677547:,1747647683812
counter/4/0/0/0,28047:1747647673499:,1747647683812
counter/8/0/0/0,34689:1747647677494:,1747647683812
counter/6/0/0/0,32900:1747647678294:,1747647683812
counter/7/0/0/0,33226:1747647677547:,1747647683812
counter/4/0/0/0,28048:1747647673499:,1747647683812
counter/8/0/0/0,34690:1747647677494:,1747647683812
counter/6/0/0/0,32901:1747647678294:,1747647683812
counter/7/0/0/0,33227:1747647677547:,1747647683812
counter/4/0/0/0,28049:1747647673499:,1747647683812
counter/8/0/0/0,34691:1747647677494:,1747647683812
counter/6/0/0/0,32902:1747647678294:,1747647683812
counter/7/0/0/0,33228:1747647677547:,1747647683812
counter/4/0/0/0,28050:1747647673499:,1747647683812
counter/8/0/0/0,34692:1747647677494:,1747647683812
counter/6/0/0/0,32903:1747647678294:,1747647683812
counter/7/0/0/0,33229:1747647677547:,1747647683812
counter/4/0/0/0,28051:1747647673499:,1747647683813
counter/8/0/0/0,34693:1747647677494:,1747647683813
counter/6/0/0/0,32904:1747647678294:,1747647683813
counter/7/0/0/0,33230:1747647677547:,1747647683813
counter/4/0/0/0,28052:1747647673499:,1747647683813
counter/8/0/0/0,34694:1747647677494:,1747647683813
counter/6/0/0/0,32905:1747647678294:,1747647683813
counter/7/0/0/0,33231:1747647677547:,1747647683813
counter/4/0/0/0,28053:1747647673500:,1747647683813
counter/10/0/0/0,27691:1747647671144:,1747647683813
counter/8/0/0/0,34695:1747647677496:,1747647683813
counter/6/0/0/0,32906:1747647678294:,1747647683813
counter/7/0/0/0,33232:1747647677547:,1747647683813
counter/3/0/0/0,27067:1747647673036:,1747647683813
counter/8/0/0/0,34696:1747647677496:,1747647683813
counter/6/0/0/0,32907:1747647678301:,1747647683813
counter/7/0/0/0,33233:1747647677547:,1747647683813
counter/8/0/0/0,34697:1747647677496:,1747647683813
counter/6/0/0/0,32908:1747647678304:,1747647683813
counter/7/0/0/0,33234:1747647677547:,1747647683813
counter/8/0/0/0,34698:1747647677496:,1747647683813
counter/6/0/0/0,32909:1747647678304:,1747647683813
counter/7/0/0/0,33235:1747647677547:,1747647683813
counter/8/0/0/0,34699:1747647677496:,1747647683813
counter/6/0/0/0,32910:1747647678304:,1747647683813
counter/7/0/0/0,33236:1747647677547:,1747647683813
counter/8/0/0/0,34700:1747647677496:,1747647683813
counter/6/0/0/0,32911:1747647678304:,1747647683813
counter/7/0/0/0,33237:1747647677548:,1747647683813
counter/8/0/0/0,34701:1747647677496:,1747647683813
counter/6/0/0/0,32912:1747647678304:,1747647683813
counter/7/0/0/0,33238:1747647677548:,1747647683813
counter/8/0/0/0,34702:1747647677496:,1747647683813
counter/6/0/0/0,32913:1747647678304:,1747647683813
counter/7/0/0/0,33239:1747647677548:,1747647683813
counter/8/0/0/0,34703:1747647677496:,1747647683813
counter/6/0/0/0,32914:1747647678305:,1747647683813
counter/7/0/0/0,33240:1747647677548:,1747647683813
counter/8/0/0/0,34704:1747647677496:,1747647683814
counter/6/0/0/0,32915:1747647678305:,1747647683814
counter/7/0/0/0,33241:1747647677548:,1747647683814
counter/8/0/0/0,34705:1747647677496:,1747647683814
counter/6/0/0/0,32916:1747647678305:,1747647683814
counter/7/0/0/0,33242:1747647677548:,1747647683814
counter/8/0/0/0,34706:1747647677496:,1747647683814
counter/6/0/0/0,32917:1747647678305:,1747647683814
counter/7/0/0/0,33243:1747647677548:,1747647683814
counter/8/0/0/0,34707:1747647677501:,1747647683814
counter/6/0/0/0,32918:1747647678305:,1747647683814
counter/7/0/0/0,33244:1747647677548:,1747647683814
counter/8/0/0/0,34708:1747647677501:,1747647683814
counter/6/0/0/0,32919:1747647678305:,1747647683814
counter/7/0/0/0,33245:1747647677548:,1747647683814
counter/8/0/0/0,34709:1747647677503:,1747647683814
counter/6/0/0/0,32920:1747647678305:,1747647683814
counter/7/0/0/0,33246:1747647677548:,1747647683814
counter/8/0/0/0,34710:1747647677504:,1747647683814
counter/6/0/0/0,32921:1747647678305:,1747647683814
counter/7/0/0/0,33247:1747647677548:,1747647683814
counter/8/0/0/0,34711:1747647677504:,1747647683814
counter/6/0/0/0,32922:1747647678305:,1747647683814
counter/7/0/0/0,33248:1747647677548:,1747647683814
counter/8/0/0/0,34712:1747647677504:,1747647683814
counter/6/0/0/0,32923:1747647678305:,1747647683814
counter/7/0/0/0,33249:1747647677562:,1747647683814
counter/8/0/0/0,34713:1747647677504:,1747647683814
counter/6/0/0/0,32924:1747647678305:,1747647683814
counter/7/0/0/0,33250:1747647677562:,1747647683814
counter/8/0/0/0,34714:1747647677504:,1747647683814
counter/6/0/0/0,32925:1747647678305:,1747647683814
counter/7/0/0/0,33251:1747647677562:,1747647683814
counter/8/0/0/0,34715:1747647677504:,1747647683814
counter/6/0/0/0,32926:1747647678305:,1747647683814
counter/7/0/0/0,33252:1747647677562:,1747647683815
counter/8/0/0/0,34716:1747647677504:,1747647683815
counter/6/0/0/0,32927:1747647678305:,1747647683815
counter/7/0/0/0,33253:1747647677562:,1747647683815
counter/8/0/0/0,34717:1747647677504:,1747647683815
counter/6/0/0/0,32928:1747647678305:,1747647683815
counter/7/0/0/0,33254:1747647677562:,1747647683815
counter/8/0/0/0,34718:1747647677504:,1747647683815
counter/6/0/0/0,32929:1747647678306:,1747647683815
counter/7/0/0/0,33255:1747647677562:,1747647683815
counter/8/0/0/0,34719:1747647677504:,1747647683815
counter/6/0/0/0,32930:1747647678306:,1747647683815
counter/7/0/0/0,33256:1747647677562:,1747647683815
counter/8/0/0/0,34720:1747647677504:,1747647683815
counter/6/0/0/0,32931:1747647678306:,1747647683815
counter/7/0/0/0,33257:1747647677562:,1747647683815
counter/5/0/0/0,33698:1747647676967:,1747647683815
counter/8/0/0/0,34721:1747647677504:,1747647683815
counter/6/0/0/0,32932:1747647678306:,1747647683815
counter/7/0/0/0,33258:1747647677562:,1747647683815
counter/4/0/0/0,28054:1747647673500:,1747647683815
counter/8/0/0/0,34722:1747647677506:,1747647683815
counter/6/0/0/0,32933:1747647678306:,1747647683815
counter/7/0/0/0,33259:1747647677562:,1747647683815
counter/3/0/0/0,27068:1747647673037:,1747647683815
counter/8/0/0/0,34723:1747647677506:,1747647683815
counter/6/0/0/0,32934:1747647678306:,1747647683815
counter/7/0/0/0,33260:1747647677562:,1747647683815
counter/8/0/0/0,34724:1747647677506:,1747647683815
counter/6/0/0/0,32935:1747647678306:,1747647683815
counter/7/0/0/0,33261:1747647677571:,1747647683815
counter/8/0/0/0,34725:1747647677506:,1747647683815
counter/6/0/0/0,32936:1747647678306:,1747647683815
counter/7/0/0/0,33262:1747647677571:,1747647683815
counter/8/0/0/0,34726:1747647677506:,1747647683815
counter/6/0/0/0,32937:1747647678306:,1747647683815
counter/7/0/0/0,33263:1747647677571:,1747647683815
counter/8/0/0/0,34727:1747647677506:,1747647683815
counter/6/0/0/0,32938:1747647678308:,1747647683815
counter/7/0/0/0,33264:1747647677571:,1747647683815
counter/8/0/0/0,34728:1747647677506:,1747647683815
counter/6/0/0/0,32939:1747647678316:,1747647683816
counter/7/0/0/0,33265:1747647677572:,1747647683816
counter/8/0/0/0,34729:1747647677506:,1747647683816
counter/6/0/0/0,32940:1747647678316:,1747647683816
counter/7/0/0/0,33266:1747647677572:,1747647683816
counter/8/0/0/0,34730:1747647677506:,1747647683816
counter/6/0/0/0,32941:1747647678316:,1747647683816
counter/7/0/0/0,33267:1747647677572:,1747647683816
counter/8/0/0/0,34731:1747647677506:,1747647683816
counter/6/0/0/0,32942:1747647678316:,1747647683816
counter/7/0/0/0,33268:1747647677573:,1747647683816
counter/8/0/0/0,34732:1747647677506:,1747647683816
counter/6/0/0/0,32943:1747647678316:,1747647683816
counter/7/0/0/0,33269:1747647677574:,1747647683816
counter/8/0/0/0,34733:1747647677506:,1747647683816
counter/6/0/0/0,32944:1747647678316:,1747647683816
counter/7/0/0/0,33270:1747647677574:,1747647683816
counter/8/0/0/0,34734:1747647677507:,1747647683816
counter/6/0/0/0,32945:1747647678316:,1747647683816
counter/7/0/0/0,33271:1747647677575:,1747647683816
counter/8/0/0/0,34735:1747647677507:,1747647683816
counter/6/0/0/0,32946:1747647678320:,1747647683816
counter/7/0/0/0,33272:1747647677575:,1747647683816
counter/8/0/0/0,34736:1747647677507:,1747647683816
counter/6/0/0/0,32947:1747647678320:,1747647683816
counter/7/0/0/0,33273:1747647677575:,1747647683816
counter/8/0/0/0,34737:1747647677507:,1747647683816
counter/6/0/0/0,32948:1747647678320:,1747647683816
counter/7/0/0/0,33274:1747647677575:,1747647683816
counter/8/0/0/0,34738:1747647677507:,1747647683816
counter/6/0/0/0,32949:1747647678320:,1747647683816
counter/7/0/0/0,33275:1747647677575:,1747647683816
counter/8/0/0/0,34739:1747647677507:,1747647683816
counter/6/0/0/0,32950:1747647678320:,1747647683816
counter/7/0/0/0,33276:1747647677575:,1747647683816
counter/8/0/0/0,34740:1747647677507:,1747647683816
counter/6/0/0/0,32951:1747647678320:,1747647683816
counter/7/0/0/0,33277:1747647677575:,1747647683816
counter/8/0/0/0,34741:1747647677507:,1747647683816
counter/6/0/0/0,32952:1747647678320:,1747647683816
counter/7/0/0/0,33278:1747647677575:,1747647683816
counter/8/0/0/0,34742:1747647677507:,1747647683816
counter/6/0/0/0,32953:1747647678321:,1747647683816
counter/7/0/0/0,33279:1747647677575:,1747647683816
counter/8/0/0/0,34743:1747647677507:,1747647683816
counter/6/0/0/0,32954:1747647678321:,1747647683816
counter/7/0/0/0,33280:1747647677603:,1747647683816
counter/8/0/0/0,34744:1747647677507:,1747647683816
counter/6/0/0/0,32955:1747647678321:,1747647683817
counter/7/0/0/0,33281:1747647677603:,1747647683817
counter/8/0/0/0,34745:1747647677507:,1747647683817
counter/6/0/0/0,32956:1747647678321:,1747647683817
counter/7/0/0/0,33282:1747647677603:,1747647683817
counter/8/0/0/0,34746:1747647677507:,1747647683817
counter/6/0/0/0,32957:1747647678321:,1747647683817
counter/7/0/0/0,33283:1747647677603:,1747647683817
counter/8/0/0/0,34747:1747647677507:,1747647683817
counter/6/0/0/0,32958:1747647678321:,1747647683817
counter/7/0/0/0,33284:1747647677603:,1747647683817
counter/8/0/0/0,34748:1747647677507:,1747647683817
counter/6/0/0/0,32959:1747647678321:,1747647683817
counter/7/0/0/0,33285:1747647677603:,1747647683817
counter/8/0/0/0,34749:1747647677507:,1747647683817
counter/6/0/0/0,32960:1747647678321:,1747647683817
counter/7/0/0/0,33286:1747647677603:,1747647683817
counter/8/0/0/0,34750:1747647677507:,1747647683817
counter/6/0/0/0,32961:1747647678355:,1747647683817
counter/7/0/0/0,33287:1747647677604:,1747647683817
counter/8/0/0/0,34751:1747647677507:,1747647683817
counter/6/0/0/0,32962:1747647678355:,1747647683817
counter/7/0/0/0,33288:1747647677604:,1747647683817
counter/8/0/0/0,34752:1747647677507:,1747647683817
counter/6/0/0/0,32963:1747647678355:,1747647683817
counter/7/0/0/0,33289:1747647677604:,1747647683817
counter/8/0/0/0,34753:1747647677507:,1747647683817
counter/6/0/0/0,32964:1747647678355:,1747647683817
counter/7/0/0/0,33290:1747647677604:,1747647683817
counter/8/0/0/0,34754:1747647677508:,1747647683817
counter/6/0/0/0,32965:1747647678355:,1747647683817
counter/7/0/0/0,33291:1747647677604:,1747647683817
counter/4/0/0/0,28055:1747647673500:,1747647683817
counter/3/0/0/0,27069:1747647673037:,1747647683817
counter/8/0/0/0,34755:1747647677508:,1747647683817
counter/6/0/0/0,32966:1747647678355:,1747647683817
counter/7/0/0/0,33292:1747647677609:,1747647683817
counter/4/0/0/0,28056:1747647673500:,1747647683817
counter/8/0/0/0,34756:1747647677508:,1747647683817
counter/6/0/0/0,32967:1747647678361:,1747647683817
counter/7/0/0/0,33293:1747647677609:,1747647683817
counter/4/0/0/0,28057:1747647673500:,1747647683817
counter/8/0/0/0,34757:1747647677508:,1747647683818
counter/6/0/0/0,32968:1747647678361:,1747647683818
counter/7/0/0/0,33294:1747647677609:,1747647683818
counter/4/0/0/0,28058:1747647673500:,1747647683818
counter/8/0/0/0,34758:1747647677508:,1747647683818
counter/6/0/0/0,32969:1747647678362:,1747647683818
counter/7/0/0/0,33295:1747647677609:,1747647683818
counter/4/0/0/0,28059:1747647673500:,1747647683818
counter/8/0/0/0,34759:1747647677508:,1747647683818
counter/6/0/0/0,32970:1747647678362:,1747647683818
counter/7/0/0/0,33296:1747647677609:,1747647683818
counter/4/0/0/0,28060:1747647673500:,1747647683818
counter/3/0/0/0,27070:1747647673037:,1747647683818
counter/8/0/0/0,34760:1747647677508:,1747647683818
counter/6/0/0/0,32971:1747647678362:,1747647683818
counter/7/0/0/0,33297:1747647677631:,1747647683818
counter/4/0/0/0,28061:1747647673500:,1747647683818
counter/8/0/0/0,34761:1747647677516:,1747647683818
counter/6/0/0/0,32972:1747647678369:,1747647683818
counter/7/0/0/0,33298:1747647677631:,1747647683818
counter/4/0/0/0,28062:1747647673500:,1747647683818
counter/8/0/0/0,34762:1747647677516:,1747647683818
counter/6/0/0/0,32973:1747647678369:,1747647683818
counter/7/0/0/0,33299:1747647677631:,1747647683818
counter/4/0/0/0,28063:1747647673516:,1747647683818
counter/8/0/0/0,34763:1747647677516:,1747647683818
counter/6/0/0/0,32974:1747647678369:,1747647683818
counter/7/0/0/0,33300:1747647677631:,1747647683818
counter/4/0/0/0,28064:1747647673516:,1747647683818
counter/8/0/0/0,34764:1747647677516:,1747647683818
counter/6/0/0/0,32975:1747647678369:,1747647683818
counter/7/0/0/0,33301:1747647677631:,1747647683818
counter/4/0/0/0,28065:1747647673516:,1747647683818
counter/8/0/0/0,34765:1747647677516:,1747647683818
counter/6/0/0/0,32976:1747647678369:,1747647683818
counter/7/0/0/0,33302:1747647677639:,1747647683818
counter/4/0/0/0,28066:1747647673516:,1747647683818
counter/8/0/0/0,34766:1747647677516:,1747647683818
counter/6/0/0/0,32977:1747647678380:,1747647683818
counter/7/0/0/0,33303:1747647677639:,1747647683818
counter/4/0/0/0,28067:1747647673516:,1747647683818
counter/8/0/0/0,34767:1747647677516:,1747647683818
counter/6/0/0/0,32978:1747647678380:,1747647683818
counter/7/0/0/0,33304:1747647677639:,1747647683818
counter/4/0/0/0,28068:1747647673516:,1747647683818
counter/10/0/0/0,27692:1747647671144:,1747647683819
counter/8/0/0/0,34768:1747647677527:,1747647683819
counter/6/0/0/0,32979:1747647678380:,1747647683819
counter/7/0/0/0,33305:1747647677639:,1747647683819
counter/4/0/0/0,28069:1747647673516:,1747647683819
counter/3/0/0/0,27071:1747647673037:,1747647683819
counter/8/0/0/0,34769:1747647677527:,1747647683819
counter/6/0/0/0,32980:1747647678380:,1747647683819
counter/7/0/0/0,33306:1747647677639:,1747647683819
counter/4/0/0/0,28070:1747647673516:,1747647683819
counter/8/0/0/0,34770:1747647677527:,1747647683819
counter/6/0/0/0,32981:1747647678380:,1747647683819
counter/7/0/0/0,33307:1747647677639:,1747647683819
counter/4/0/0/0,28071:1747647673516:,1747647683819
counter/8/0/0/0,34771:1747647677527:,1747647683819
counter/6/0/0/0,32982:1747647678380:,1747647683819
counter/7/0/0/0,33308:1747647677639:,1747647683819
counter/4/0/0/0,28072:1747647673516:,1747647683819
counter/8/0/0/0,34772:1747647677527:,1747647683819
counter/6/0/0/0,32983:1747647678380:,1747647683819
counter/7/0/0/0,33309:1747647677639:,1747647683819
counter/4/0/0/0,28073:1747647673516:,1747647683819
counter/8/0/0/0,34773:1747647677527:,1747647683819
counter/6/0/0/0,32984:1747647678380:,1747647683819
counter/7/0/0/0,33310:1747647677639:,1747647683819
counter/4/0/0/0,28074:1747647673516:,1747647683819
counter/8/0/0/0,34774:1747647677527:,1747647683819
counter/6/0/0/0,32985:1747647678380:,1747647683819
counter/7/0/0/0,33311:1747647677639:,1747647683819
counter/4/0/0/0,28075:1747647673516:,1747647683819
counter/8/0/0/0,34775:1747647677528:,1747647683819
counter/6/0/0/0,32986:1747647678380:,1747647683819
counter/7/0/0/0,33312:1747647677639:,1747647683819
counter/4/0/0/0,28076:1747647673520:,1747647683819
counter/8/0/0/0,34776:1747647677529:,1747647683819
counter/6/0/0/0,32987:1747647678380:,1747647683819
counter/7/0/0/0,33313:1747647677639:,1747647683819
counter/4/0/0/0,28077:1747647673520:,1747647683819
counter/8/0/0/0,34777:1747647677529:,1747647683819
counter/6/0/0/0,32988:1747647678380:,1747647683819
counter/7/0/0/0,33314:1747647677639:,1747647683819
counter/4/0/0/0,28078:1747647673520:,1747647683819
counter/8/0/0/0,34778:1747647677529:,1747647683819
counter/6/0/0/0,32989:1747647678380:,1747647683820
counter/7/0/0/0,33315:1747647677642:,1747647683820
counter/8/0/0/0,34779:1747647677529:,1747647683820
counter/6/0/0/0,32990:1747647678380:,1747647683820
counter/7/0/0/0,33316:1747647677642:,1747647683820
counter/4/0/0/0,28079:1747647673520:,1747647683820
counter/3/0/0/0,27072:1747647673037:,1747647683820
counter/8/0/0/0,34780:1747647677529:,1747647683820
counter/6/0/0/0,32991:1747647678380:,1747647683820
counter/7/0/0/0,33317:1747647677642:,1747647683820
counter/4/0/0/0,28080:1747647673520:,1747647683820
counter/8/0/0/0,34781:1747647677529:,1747647683820
counter/6/0/0/0,32992:1747647678387:,1747647683820
counter/7/0/0/0,33318:1747647677642:,1747647683820
counter/4/0/0/0,28081:1747647673520:,1747647683820
counter/8/0/0/0,34782:1747647677529:,1747647683820
counter/6/0/0/0,32993:1747647678387:,1747647683820
counter/7/0/0/0,33319:1747647677642:,1747647683820
counter/4/0/0/0,28082:1747647673520:,1747647683820
counter/8/0/0/0,34783:1747647677529:,1747647683820
counter/6/0/0/0,32994:1747647678387:,1747647683820
counter/7/0/0/0,33320:1747647677642:,1747647683820
counter/4/0/0/0,28083:1747647673520:,1747647683820
counter/8/0/0/0,34784:1747647677529:,1747647683820
counter/6/0/0/0,32995:1747647678387:,1747647683820
counter/7/0/0/0,33321:1747647677642:,1747647683820
counter/4/0/0/0,28084:1747647673520:,1747647683820
counter/8/0/0/0,34785:1747647677531:,1747647683820
counter/6/0/0/0,32996:1747647678387:,1747647683820
counter/7/0/0/0,33322:1747647677642:,1747647683820
counter/4/0/0/0,28085:1747647673520:,1747647683820
counter/8/0/0/0,34786:1747647677531:,1747647683820
counter/6/0/0/0,32997:1747647678387:,1747647683820
counter/7/0/0/0,33323:1747647677642:,1747647683820
counter/4/0/0/0,28086:1747647673520:,1747647683820
counter/8/0/0/0,34787:1747647677531:,1747647683820
counter/6/0/0/0,32998:1747647678387:,1747647683820
counter/7/0/0/0,33324:1747647677642:,1747647683820
counter/4/0/0/0,28087:1747647673520:,1747647683820
counter/8/0/0/0,34788:1747647677532:,1747647683820
counter/6/0/0/0,32999:1747647678387:,1747647683820
counter/7/0/0/0,33325:1747647677642:,1747647683820
counter/4/0/0/0,28088:1747647673520:,1747647683820
counter/8/0/0/0,34789:1747647677532:,1747647683820
counter/6/0/0/0,33000:1747647678392:,1747647683820
counter/7/0/0/0,33326:1747647677642:,1747647683820
counter/4/0/0/0,28089:1747647673520:,1747647683821
counter/8/0/0/0,34790:1747647677532:,1747647683821
counter/6/0/0/0,33001:1747647678392:,1747647683821
counter/7/0/0/0,33327:1747647677642:,1747647683821
counter/4/0/0/0,28090:1747647673520:,1747647683821
counter/3/0/0/0,27073:1747647673037:,1747647683821
counter/8/0/0/0,34791:1747647677532:,1747647683821
counter/6/0/0/0,33002:1747647678401:,1747647683821
counter/7/0/0/0,33328:1747647677642:,1747647683821
counter/4/0/0/0,28091:1747647673521:,1747647683821
counter/8/0/0/0,34792:1747647677533:,1747647683821
counter/6/0/0/0,33003:1747647678401:,1747647683821
counter/7/0/0/0,33329:1747647677642:,1747647683821
counter/4/0/0/0,28092:1747647673535:,1747647683821
counter/8/0/0/0,34793:1747647677533:,1747647683821
counter/6/0/0/0,33004:1747647678402:,1747647683821
counter/7/0/0/0,33330:1747647677642:,1747647683821
counter/4/0/0/0,28093:1747647673545:,1747647683821
counter/8/0/0/0,34794:1747647677533:,1747647683821
counter/6/0/0/0,33005:1747647678402:,1747647683821
counter/7/0/0/0,33331:1747647677642:,1747647683821
counter/4/0/0/0,28094:1747647673545:,1747647683821
counter/8/0/0/0,34795:1747647677533:,1747647683821
counter/6/0/0/0,33006:1747647678402:,1747647683821
counter/7/0/0/0,33332:1747647677642:,1747647683821
counter/4/0/0/0,28095:1747647673545:,1747647683821
counter/8/0/0/0,34796:1747647677533:,1747647683821
counter/6/0/0/0,33007:1747647678402:,1747647683821
counter/7/0/0/0,33333:1747647677642:,1747647683821
counter/4/0/0/0,28096:1747647673545:,1747647683821
counter/3/0/0/0,27074:1747647673037:,1747647683821
counter/8/0/0/0,34797:1747647677533:,1747647683821
counter/6/0/0/0,33008:1747647678402:,1747647683821
counter/7/0/0/0,33334:1747647677642:,1747647683821
counter/4/0/0/0,28097:1747647673547:,1747647683822
counter/8/0/0/0,34798:1747647677533:,1747647683822
counter/6/0/0/0,33009:1747647678402:,1747647683822
counter/7/0/0/0,33335:1747647677642:,1747647683822
counter/4/0/0/0,28098:1747647673547:,1747647683822
counter/8/0/0/0,34799:1747647677534:,1747647683822
counter/6/0/0/0,33010:1747647678402:,1747647683822
counter/7/0/0/0,33336:1747647677642:,1747647683822
counter/4/0/0/0,28099:1747647673547:,1747647683822
counter/8/0/0/0,34800:1747647677534:,1747647683822
counter/6/0/0/0,33011:1747647678402:,1747647683822
counter/7/0/0/0,33337:1747647677642:,1747647683822
counter/4/0/0/0,28100:1747647673547:,1747647683822
counter/8/0/0/0,34801:1747647677534:,1747647683822
counter/6/0/0/0,33012:1747647678402:,1747647683822
counter/7/0/0/0,33338:1747647677642:,1747647683822
counter/4/0/0/0,28101:1747647673547:,1747647683822
counter/8/0/0/0,34802:1747647677534:,1747647683822
counter/6/0/0/0,33013:1747647678402:,1747647683822
counter/7/0/0/0,33339:1747647677642:,1747647683822
counter/4/0/0/0,28102:1747647673547:,1747647683822
counter/8/0/0/0,34803:1747647677534:,1747647683822
counter/6/0/0/0,33014:1747647678402:,1747647683822
counter/7/0/0/0,33340:1747647677642:,1747647683822
counter/4/0/0/0,28103:1747647673547:,1747647683822
counter/8/0/0/0,34804:1747647677534:,1747647683822
counter/6/0/0/0,33015:1747647678402:,1747647683822
counter/7/0/0/0,33341:1747647677642:,1747647683822
counter/4/0/0/0,28104:1747647673547:,1747647683822
counter/8/0/0/0,34805:1747647677534:,1747647683822
counter/6/0/0/0,33016:1747647678405:,1747647683822
counter/7/0/0/0,33342:1747647677648:,1747647683822
counter/8/0/0/0,34806:1747647677534:,1747647683822
counter/6/0/0/0,33017:1747647678405:,1747647683822
counter/7/0/0/0,33343:1747647677651:,1747647683822
counter/8/0/0/0,34807:1747647677535:,1747647683822
counter/6/0/0/0,33018:1747647678405:,1747647683822
counter/7/0/0/0,33344:1747647677651:,1747647683822
counter/8/0/0/0,34808:1747647677542:,1747647683823
counter/6/0/0/0,33019:1747647678405:,1747647683823
counter/7/0/0/0,33345:1747647677651:,1747647683823
counter/8/0/0/0,34809:1747647677542:,1747647683823
counter/6/0/0/0,33020:1747647678405:,1747647683823
counter/7/0/0/0,33346:1747647677651:,1747647683823
counter/5/0/0/0,33699:1747647676967:,1747647683823
counter/8/0/0/0,34810:1747647677543:,1747647683823
counter/6/0/0/0,33021:1747647678405:,1747647683823
counter/7/0/0/0,33347:1747647677651:,1747647683823
counter/4/0/0/0,28105:1747647673547:,1747647683823
counter/10/0/0/0,27693:1747647671144:,1747647683823
counter/3/0/0/0,27075:1747647673037:,1747647683823
counter/8/0/0/0,34811:1747647677543:,1747647683823
counter/6/0/0/0,33022:1747647678405:,1747647683823
counter/7/0/0/0,33348:1747647677651:,1747647683823
counter/8/0/0/0,34812:1747647677543:,1747647683823
counter/6/0/0/0,33023:1747647678405:,1747647683823
counter/7/0/0/0,33349:1747647677651:,1747647683823
counter/8/0/0/0,34813:1747647677543:,1747647683823
counter/6/0/0/0,33024:1747647678405:,1747647683823
counter/7/0/0/0,33350:1747647677651:,1747647683823
counter/8/0/0/0,34814:1747647677543:,1747647683823
counter/6/0/0/0,33025:1747647678405:,1747647683823
counter/7/0/0/0,33351:1747647677651:,1747647683823
counter/8/0/0/0,34815:1747647677543:,1747647683823
counter/6/0/0/0,33026:1747647678405:,1747647683823
counter/7/0/0/0,33352:1747647677651:,1747647683823
counter/8/0/0/0,34816:1747647677543:,1747647683823
counter/6/0/0/0,33027:1747647678405:,1747647683823
counter/7/0/0/0,33353:1747647677651:,1747647683823
counter/8/0/0/0,34817:1747647677543:,1747647683823
counter/6/0/0/0,33028:1747647678405:,1747647683823
counter/7/0/0/0,33354:1747647677651:,1747647683823
counter/4/0/0/0,28106:1747647673547:,1747647683823
counter/8/0/0/0,34818:1747647677543:,1747647683823
counter/6/0/0/0,33029:1747647678405:,1747647683823
counter/7/0/0/0,33355:1747647677651:,1747647683823
counter/10/0/0/0,27694:1747647671144:,1747647683823
counter/8/0/0/0,34819:1747647677543:,1747647683823
counter/6/0/0/0,33030:1747647678405:,1747647683823
counter/7/0/0/0,33356:1747647677651:,1747647683823
counter/8/0/0/0,34820:1747647677543:,1747647683823
counter/6/0/0/0,33031:1747647678405:,1747647683823
counter/7/0/0/0,33357:1747647677651:,1747647683824
counter/8/0/0/0,34821:1747647677543:,1747647683824
counter/6/0/0/0,33032:1747647678426:,1747647683824
counter/7/0/0/0,33358:1747647677651:,1747647683824
counter/8/0/0/0,34822:1747647677543:,1747647683824
counter/6/0/0/0,33033:1747647678427:,1747647683824
counter/7/0/0/0,33359:1747647677651:,1747647683824
counter/8/0/0/0,34823:1747647677543:,1747647683824
counter/6/0/0/0,33034:1747647678427:,1747647683824
counter/7/0/0/0,33360:1747647677651:,1747647683824
counter/8/0/0/0,34824:1747647677543:,1747647683824
counter/6/0/0/0,33035:1747647678427:,1747647683824
counter/7/0/0/0,33361:1747647677651:,1747647683824
counter/8/0/0/0,34825:1747647677546:,1747647683824
counter/6/0/0/0,33036:1747647678427:,1747647683824
counter/7/0/0/0,33362:1747647677651:,1747647683824
counter/4/0/0/0,28107:1747647673548:,1747647683824
counter/8/0/0/0,34826:1747647677549:,1747647683824
counter/6/0/0/0,33037:1747647678427:,1747647683824
counter/7/0/0/0,33363:1747647677651:,1747647683824
counter/8/0/0/0,34827:1747647677553:,1747647683824
counter/6/0/0/0,33038:1747647678444:,1747647683824
counter/7/0/0/0,33364:1747647677651:,1747647683824
counter/8/0/0/0,34828:1747647677553:,1747647683824
counter/6/0/0/0,33039:1747647678444:,1747647683824
counter/7/0/0/0,33365:1747647677651:,1747647683824
counter/8/0/0/0,34829:1747647677553:,1747647683824
counter/6/0/0/0,33040:1747647678444:,1747647683824
counter/7/0/0/0,33366:1747647677651:,1747647683824
counter/8/0/0/0,34830:1747647677553:,1747647683824
counter/6/0/0/0,33041:1747647678444:,1747647683824
counter/7/0/0/0,33367:1747647677651:,1747647683824
counter/8/0/0/0,34831:1747647677553:,1747647683824
counter/6/0/0/0,33042:1747647678446:,1747647683824
counter/7/0/0/0,33368:1747647677651:,1747647683824
counter/8/0/0/0,34832:1747647677553:,1747647683824
counter/6/0/0/0,33043:1747647678448:,1747647683824
counter/7/0/0/0,33369:1747647677651:,1747647683825
counter/8/0/0/0,34833:1747647677553:,1747647683825
counter/6/0/0/0,33044:1747647678448:,1747647683825
counter/7/0/0/0,33370:1747647677652:,1747647683825
counter/8/0/0/0,34834:1747647677553:,1747647683825
counter/6/0/0/0,33045:1747647678448:,1747647683825
counter/7/0/0/0,33371:1747647677654:,1747647683825
counter/8/0/0/0,34835:1747647677553:,1747647683825
counter/6/0/0/0,33046:1747647678448:,1747647683825
counter/7/0/0/0,33372:1747647677654:,1747647683825
counter/8/0/0/0,34836:1747647677556:,1747647683825
counter/6/0/0/0,33047:1747647678448:,1747647683825
counter/7/0/0/0,33373:1747647677654:,1747647683825
counter/8/0/0/0,34837:1747647677556:,1747647683825
counter/6/0/0/0,33048:1747647678448:,1747647683825
counter/7/0/0/0,33374:1747647677654:,1747647683825
counter/8/0/0/0,34838:1747647677558:,1747647683825
counter/6/0/0/0,33049:1747647678448:,1747647683825
counter/7/0/0/0,33375:1747647677654:,1747647683825
counter/5/0/0/0,33700:1747647676967:,1747647683825
counter/8/0/0/0,34839:1747647677567:,1747647683825
counter/6/0/0/0,33050:1747647678448:,1747647683825
counter/4/0/0/0,28108:1747647673548:,1747647683825
counter/8/0/0/0,34840:1747647677571:,1747647683825
counter/6/0/0/0,33051:1747647678448:,1747647683825
counter/8/0/0/0,34841:1747647677571:,1747647683825
counter/6/0/0/0,33052:1747647678448:,1747647683825
counter/8/0/0/0,34842:1747647677571:,1747647683825
counter/6/0/0/0,33053:1747647678448:,1747647683825
counter/10/0/0/0,27695:1747647671144:,1747647683825
counter/8/0/0/0,34843:1747647677571:,1747647683825
counter/6/0/0/0,33054:1747647678449:,1747647683825
counter/4/0/0/0,28109:1747647673548:,1747647683825
counter/3/0/0/0,27076:1747647673037:,1747647683825
counter/8/0/0/0,34844:1747647677571:,1747647683825
counter/6/0/0/0,33055:1747647678449:,1747647683825
counter/8/0/0/0,34845:1747647677586:,1747647683825
counter/6/0/0/0,33056:1747647678449:,1747647683825
counter/8/0/0/0,34846:1747647677586:,1747647683825
counter/6/0/0/0,33057:1747647678449:,1747647683825
counter/8/0/0/0,34847:1747647677586:,1747647683825
counter/6/0/0/0,33058:1747647678449:,1747647683826
counter/8/0/0/0,34848:1747647677586:,1747647683826
counter/6/0/0/0,33059:1747647678449:,1747647683826
counter/8/0/0/0,34849:1747647677586:,1747647683826
counter/6/0/0/0,33060:1747647678449:,1747647683826
counter/8/0/0/0,34850:1747647677586:,1747647683826
counter/6/0/0/0,33061:1747647678449:,1747647683826
counter/8/0/0/0,34851:1747647677586:,1747647683826
counter/6/0/0/0,33062:1747647678449:,1747647683826
counter/8/0/0/0,34852:1747647677586:,1747647683826
counter/6/0/0/0,33063:1747647678449:,1747647683826
counter/8/0/0/0,34853:1747647677586:,1747647683826
counter/6/0/0/0,33064:1747647678449:,1747647683826
counter/4/0/0/0,28110:1747647673548:,1747647683826
counter/8/0/0/0,34854:1747647677586:,1747647683826
counter/6/0/0/0,33065:1747647678449:,1747647683826
counter/5/0/0/0,33701:1747647676967:,1747647683826
counter/10/0/0/0,27696:1747647671144:,1747647683826
counter/8/0/0/0,34855:1747647677586:,1747647683826
counter/6/0/0/0,33066:1747647678449:,1747647683826
counter/3/0/0/0,27077:1747647673037:,1747647683826
counter/8/0/0/0,34856:1747647677586:,1747647683826
counter/6/0/0/0,33067:1747647678449:,1747647683826
counter/8/0/0/0,34857:1747647677586:,1747647683826
counter/6/0/0/0,33068:1747647678449:,1747647683826
counter/8/0/0/0,34858:1747647677587:,1747647683826
counter/6/0/0/0,33069:1747647678449:,1747647683826
counter/4/0/0/0,28111:1747647673548:,1747647683826
counter/8/0/0/0,34859:1747647677587:,1747647683826
counter/6/0/0/0,33070:1747647678453:,1747647683826
counter/8/0/0/0,34860:1747647677587:,1747647683826
counter/6/0/0/0,33071:1747647678453:,1747647683826
counter/8/0/0/0,34861:1747647677590:,1747647683826
counter/6/0/0/0,33072:1747647678454:,1747647683826
counter/8/0/0/0,34862:1747647677590:,1747647683826
counter/6/0/0/0,33073:1747647678454:,1747647683826
counter/8/0/0/0,34863:1747647677590:,1747647683826
counter/6/0/0/0,33074:1747647678454:,1747647683826
counter/8/0/0/0,34864:1747647677590:,1747647683826
counter/6/0/0/0,33075:1747647678454:,1747647683826
counter/3/0/0/0,27078:1747647673037:,1747647683826
counter/8/0/0/0,34865:1747647677590:,1747647683827
counter/6/0/0/0,33076:1747647678454:,1747647683827
counter/8/0/0/0,34866:1747647677590:,1747647683827
counter/6/0/0/0,33077:1747647678454:,1747647683827
counter/8/0/0/0,34867:1747647677590:,1747647683827
counter/6/0/0/0,33078:1747647678454:,1747647683827
counter/8/0/0/0,34868:1747647677590:,1747647683827
counter/6/0/0/0,33079:1747647678461:,1747647683827
counter/8/0/0/0,34869:1747647677591:,1747647683827
counter/6/0/0/0,33080:1747647678461:,1747647683827
counter/8/0/0/0,34870:1747647677592:,1747647683827
counter/6/0/0/0,33081:1747647678461:,1747647683827
counter/8/0/0/0,34871:1747647677592:,1747647683827
counter/6/0/0/0,33082:1747647678461:,1747647683827
counter/10/0/0/0,27697:1747647671144:,1747647683827
counter/8/0/0/0,34872:1747647677592:,1747647683827
counter/6/0/0/0,33083:1747647678462:,1747647683827
counter/8/0/0/0,34873:1747647677592:,1747647683827
counter/6/0/0/0,33084:1747647678462:,1747647683827
counter/8/0/0/0,34874:1747647677592:,1747647683827
counter/6/0/0/0,33085:1747647678462:,1747647683827
counter/5/0/0/0,33702:1747647676967:,1747647683827
counter/10/0/0/0,27698:1747647671144:,1747647683827
counter/8/0/0/0,34875:1747647677592:,1747647683827
counter/6/0/0/0,33086:1747647678462:,1747647683827
counter/4/0/0/0,28112:1747647673548:,1747647683827
counter/7/0/0/0,33376:1747647677654:,1747647683827
counter/8/0/0/0,34876:1747647677592:,1747647683827
counter/6/0/0/0,33087:1747647678465:,1747647683827
counter/7/0/0/0,33377:1747647677655:,1747647683827
counter/8/0/0/0,34877:1747647677592:,1747647683827
counter/6/0/0/0,33088:1747647678465:,1747647683827
counter/7/0/0/0,33378:1747647677655:,1747647683827
counter/8/0/0/0,34878:1747647677592:,1747647683827
counter/6/0/0/0,33089:1747647678465:,1747647683827
counter/7/0/0/0,33379:1747647677663:,1747647683827
counter/8/0/0/0,34879:1747647677592:,1747647683827
counter/6/0/0/0,33090:1747647678465:,1747647683827
counter/7/0/0/0,33380:1747647677692:,1747647683828
counter/8/0/0/0,34880:1747647677592:,1747647683828
counter/6/0/0/0,33091:1747647678465:,1747647683828
counter/7/0/0/0,33381:1747647677692:,1747647683828
counter/6/0/0/0,33092:1747647678465:,1747647683828
counter/7/0/0/0,33382:1747647677693:,1747647683828
counter/4/0/0/0,28113:1747647673548:,1747647683828
counter/3/0/0/0,27079:1747647673037:,1747647683828
counter/6/0/0/0,33093:1747647678465:,1747647683828
counter/7/0/0/0,33383:1747647677693:,1747647683828
counter/6/0/0/0,33094:1747647678466:,1747647683828
counter/7/0/0/0,33384:1747647677693:,1747647683828
counter/6/0/0/0,33095:1747647678466:,1747647683828
counter/7/0/0/0,33385:1747647677693:,1747647683828
counter/6/0/0/0,33096:1747647678467:,1747647683828
counter/7/0/0/0,33386:1747647677693:,1747647683828
counter/4/0/0/0,28114:1747647673548:,1747647683828
counter/6/0/0/0,33097:1747647678467:,1747647683828
counter/7/0/0/0,33387:1747647677693:,1747647683828
counter/8/0/0/0,34881:1747647677592:,1747647683828
counter/6/0/0/0,33098:1747647678467:,1747647683828
counter/7/0/0/0,33388:1747647677693:,1747647683828
counter/3/0/0/0,27080:1747647673037:,1747647683828
counter/6/0/0/0,33099:1747647678467:,1747647683828
counter/7/0/0/0,33389:1747647677693:,1747647683828
counter/6/0/0/0,33100:1747647678470:,1747647683828
counter/7/0/0/0,33390:1747647677693:,1747647683828
counter/6/0/0/0,33101:1747647678470:,1747647683828
counter/7/0/0/0,33391:1747647677693:,1747647683828
counter/6/0/0/0,33102:1747647678470:,1747647683828
counter/7/0/0/0,33392:1747647677693:,1747647683828
counter/6/0/0/0,33103:1747647678470:,1747647683828
counter/7/0/0/0,33393:1747647677693:,1747647683828
counter/6/0/0/0,33104:1747647678470:,1747647683828
counter/7/0/0/0,33394:1747647677693:,1747647683828
counter/6/0/0/0,33105:1747647678470:,1747647683828
counter/7/0/0/0,33395:1747647677717:,1747647683828
counter/6/0/0/0,33106:1747647678470:,1747647683828
counter/7/0/0/0,33396:1747647677717:,1747647683828
counter/6/0/0/0,33107:1747647678470:,1747647683828
counter/7/0/0/0,33397:1747647677717:,1747647683828
counter/4/0/0/0,28115:1747647673548:,1747647683828
counter/6/0/0/0,33108:1747647678470:,1747647683828
counter/7/0/0/0,33398:1747647677717:,1747647683828
counter/5/0/0/0,33703:1747647676967:,1747647683828
counter/6/0/0/0,33109:1747647678470:,1747647683829
counter/7/0/0/0,33399:1747647677717:,1747647683829
counter/6/0/0/0,33110:1747647678470:,1747647683829
counter/6/0/0/0,33111:1747647678470:,1747647683829
counter/6/0/0/0,33112:1747647678470:,1747647683829
counter/6/0/0/0,33113:1747647678470:,1747647683829
counter/6/0/0/0,33114:1747647678470:,1747647683829
counter/3/0/0/0,27081:1747647673037:,1747647683829
counter/6/0/0/0,33115:1747647678470:,1747647683829
counter/5/0/0/0,33704:1747647676968:,1747647683829
counter/6/0/0/0,33116:1747647678471:,1747647683829
counter/6/0/0/0,33117:1747647678471:,1747647683829
counter/6/0/0/0,33118:1747647678471:,1747647683829
counter/6/0/0/0,33119:1747647678471:,1747647683829
counter/6/0/0/0,33120:1747647678471:,1747647683829
counter/6/0/0/0,33121:1747647678471:,1747647683829
counter/6/0/0/0,33122:1747647678471:,1747647683829
counter/6/0/0/0,33123:1747647678471:,1747647683829
counter/6/0/0/0,33124:1747647678471:,1747647683829
counter/6/0/0/0,33125:1747647678471:,1747647683829
counter/5/0/0/0,33705:1747647676968:,1747647683829
counter/6/0/0/0,33126:1747647678471:,1747647683829
counter/10/0/0/0,27699:1747647671144:,1747647683829
counter/6/0/0/0,33127:1747647678471:,1747647683829
counter/3/0/0/0,27082:1747647673037:,1747647683829
counter/6/0/0/0,33128:1747647678471:,1747647683829
counter/3/0/0/0,27083:1747647673037:,1747647683829
counter/6/0/0/0,33129:1747647678471:,1747647683829
counter/3/0/0/0,27084:1747647673037:,1747647683829
counter/6/0/0/0,33130:1747647678471:,1747647683829
counter/3/0/0/0,27085:1747647673037:,1747647683829
counter/6/0/0/0,33131:1747647678471:,1747647683829
counter/3/0/0/0,27086:1747647673037:,1747647683829
counter/6/0/0/0,33132:1747647678471:,1747647683829
counter/3/0/0/0,27087:1747647673037:,1747647683829
counter/6/0/0/0,33133:1747647678471:,1747647683829
counter/3/0/0/0,27088:1747647673037:,1747647683829
counter/6/0/0/0,33134:1747647678484:,1747647683829
counter/3/0/0/0,27089:1747647673038:,1747647683829
counter/6/0/0/0,33135:1747647678484:,1747647683829
counter/3/0/0/0,27090:1747647673038:,1747647683829
counter/6/0/0/0,33136:1747647678484:,1747647683829
counter/3/0/0/0,27091:1747647673042:,1747647683830
counter/6/0/0/0,33137:1747647678484:,1747647683830
counter/3/0/0/0,27092:1747647673043:,1747647683830
counter/6/0/0/0,33138:1747647678484:,1747647683830
counter/3/0/0/0,27093:1747647673043:,1747647683830
counter/6/0/0/0,33139:1747647678484:,1747647683830
counter/3/0/0/0,27094:1747647673044:,1747647683830
counter/6/0/0/0,33140:1747647678484:,1747647683830
counter/3/0/0/0,27095:1747647673044:,1747647683830
counter/6/0/0/0,33141:1747647678484:,1747647683830
counter/3/0/0/0,27096:1747647673047:,1747647683830
counter/6/0/0/0,33142:1747647678485:,1747647683830
counter/3/0/0/0,27097:1747647673047:,1747647683830
counter/6/0/0/0,33143:1747647678485:,1747647683830
counter/3/0/0/0,27098:1747647673047:,1747647683830
counter/6/0/0/0,33144:1747647678485:,1747647683830
counter/3/0/0/0,27099:1747647673047:,1747647683830
counter/4/0/0/0,28116:1747647673548:,1747647683830
counter/6/0/0/0,33145:1747647678485:,1747647683830
counter/3/0/0/0,27100:1747647673047:,1747647683830
counter/8/0/0/0,34882:1747647677592:,1747647683830
counter/6/0/0/0,33146:1747647678485:,1747647683830
counter/3/0/0/0,27101:1747647673047:,1747647683830
counter/6/0/0/0,33147:1747647678494:,1747647683830
counter/3/0/0/0,27102:1747647673047:,1747647683830
counter/6/0/0/0,33148:1747647678494:,1747647683830
counter/3/0/0/0,27103:1747647673051:,1747647683830
counter/6/0/0/0,33149:1747647678494:,1747647683830
counter/3/0/0/0,27104:1747647673052:,1747647683830
counter/8/0/0/0,34883:1747647677592:,1747647683830
counter/6/0/0/0,33150:1747647678494:,1747647683830
counter/3/0/0/0,27105:1747647673052:,1747647683830
counter/10/0/0/0,27700:1747647671144:,1747647683830
counter/6/0/0/0,33151:1747647678494:,1747647683830
counter/3/0/0/0,27106:1747647673052:,1747647683830
counter/6/0/0/0,33152:1747647678494:,1747647683830
counter/3/0/0/0,27107:1747647673052:,1747647683830
counter/6/0/0/0,33153:1747647678494:,1747647683830
counter/3/0/0/0,27108:1747647673052:,1747647683830
counter/6/0/0/0,33154:1747647678494:,1747647683830
counter/3/0/0/0,27109:1747647673053:,1747647683830
counter/6/0/0/0,33155:1747647678494:,1747647683830
counter/3/0/0/0,27110:1747647673053:,1747647683831
counter/6/0/0/0,33156:1747647678494:,1747647683831
counter/6/0/0/0,33157:1747647678494:,1747647683831
counter/6/0/0/0,33158:1747647678494:,1747647683831
counter/6/0/0/0,33159:1747647678494:,1747647683831
counter/6/0/0/0,33160:1747647678494:,1747647683831
counter/6/0/0/0,33161:1747647678494:,1747647683831
counter/6/0/0/0,33162:1747647678494:,1747647683831
counter/6/0/0/0,33163:1747647678494:,1747647683831
counter/6/0/0/0,33164:1747647678494:,1747647683831
counter/6/0/0/0,33165:1747647678495:,1747647683831
counter/6/0/0/0,33166:1747647678507:,1747647683831
counter/6/0/0/0,33167:1747647678508:,1747647683831
counter/8/0/0/0,34884:1747647677592:,1747647683831
counter/6/0/0/0,33168:1747647678511:,1747647683831
counter/6/0/0/0,33169:1747647678514:,1747647683831
counter/4/0/0/0,28117:1747647673549:,1747647683831
counter/6/0/0/0,33170:1747647678515:,1747647683831
counter/3/0/0/0,27111:1747647673053:,1747647683831
counter/6/0/0/0,33171:1747647678522:,1747647683831
counter/7/0/0/0,33400:1747647677719:,1747647683831
counter/10/0/0/0,27701:1747647671144:,1747647683831
counter/6/0/0/0,33172:1747647678522:,1747647683831
counter/10/0/0/0,27702:1747647671144:,1747647683831
counter/6/0/0/0,33173:1747647678522:,1747647683831
counter/10/0/0/0,27703:1747647671144:,1747647683831
counter/6/0/0/0,33174:1747647678522:,1747647683831
counter/10/0/0/0,27704:1747647671144:,1747647683831
counter/6/0/0/0,33175:1747647678522:,1747647683831
counter/10/0/0/0,27705:1747647671144:,1747647683831
counter/6/0/0/0,33176:1747647678522:,1747647683831
counter/10/0/0/0,27706:1747647671144:,1747647683831
counter/6/0/0/0,33177:1747647678531:,1747647683831
counter/10/0/0/0,27707:1747647671144:,1747647683831
counter/6/0/0/0,33178:1747647678531:,1747647683831
counter/10/0/0/0,27708:1747647671144:,1747647683831
counter/6/0/0/0,33179:1747647678532:,1747647683831
counter/10/0/0/0,27709:1747647671144:,1747647683831
counter/4/0/0/0,28118:1747647673549:,1747647683831
counter/6/0/0/0,33180:1747647678532:,1747647683831
counter/10/0/0/0,27710:1747647671145:,1747647683831
counter/7/0/0/0,33401:1747647677719:,1747647683831
counter/6/0/0/0,33181:1747647678532:,1747647683832
counter/10/0/0/0,27711:1747647671145:,1747647683832
counter/6/0/0/0,33182:1747647678532:,1747647683832
counter/10/0/0/0,27712:1747647671145:,1747647683832
counter/6/0/0/0,33183:1747647678532:,1747647683832
counter/10/0/0/0,27713:1747647671145:,1747647683832
counter/6/0/0/0,33184:1747647678532:,1747647683832
counter/10/0/0/0,27714:1747647671145:,1747647683832
counter/6/0/0/0,33185:1747647678532:,1747647683832
counter/10/0/0/0,27715:1747647671145:,1747647683832
counter/4/0/0/0,28119:1747647673549:,1747647683832
counter/6/0/0/0,33186:1747647678532:,1747647683832
counter/10/0/0/0,27716:1747647671145:,1747647683832
counter/6/0/0/0,33187:1747647678532:,1747647683832
counter/10/0/0/0,27717:1747647671145:,1747647683832
counter/3/0/0/0,27112:1747647673053:,1747647683832
counter/6/0/0/0,33188:1747647678532:,1747647683832
counter/10/0/0/0,27718:1747647671145:,1747647683832
counter/5/0/0/0,33706:1747647676968:,1747647683832
counter/6/0/0/0,33189:1747647678532:,1747647683832
counter/10/0/0/0,27719:1747647671145:,1747647683832
counter/6/0/0/0,33190:1747647678532:,1747647683832
counter/10/0/0/0,27720:1747647671145:,1747647683832
counter/6/0/0/0,33191:1747647678532:,1747647683832
counter/10/0/0/0,27721:1747647671145:,1747647683832
counter/6/0/0/0,33192:1747647678532:,1747647683832
counter/10/0/0/0,27722:1747647671147:,1747647683832
counter/6/0/0/0,33193:1747647678532:,1747647683832
counter/10/0/0/0,27723:1747647671147:,1747647683832
counter/6/0/0/0,33194:1747647678532:,1747647683832
counter/10/0/0/0,27724:1747647671147:,1747647683832
counter/3/0/0/0,27113:1747647673053:,1747647683832
counter/6/0/0/0,33195:1747647678532:,1747647683832
counter/10/0/0/0,27725:1747647671147:,1747647683832
counter/6/0/0/0,33196:1747647678532:,1747647683832
counter/10/0/0/0,27726:1747647671147:,1747647683832
counter/6/0/0/0,33197:1747647678532:,1747647683832
counter/10/0/0/0,27727:1747647671147:,1747647683832
counter/6/0/0/0,33198:1747647678532:,1747647683832
counter/10/0/0/0,27728:1747647671147:,1747647683832
counter/5/0/0/0,33707:1747647676968:,1747647683833
counter/6/0/0/0,33199:1747647678533:,1747647683833
counter/10/0/0/0,27729:1747647671147:,1747647683833
counter/4/0/0/0,28120:1747647673549:,1747647683833
counter/6/0/0/0,33200:1747647678533:,1747647683833
counter/10/0/0/0,27730:1747647671147:,1747647683833
counter/4/0/0/0,28121:1747647673549:,1747647683833
counter/6/0/0/0,33201:1747647678533:,1747647683833
counter/10/0/0/0,27731:1747647671148:,1747647683833
counter/4/0/0/0,28122:1747647673549:,1747647683833
counter/6/0/0/0,33202:1747647678533:,1747647683833
counter/4/0/0/0,28123:1747647673549:,1747647683833
counter/6/0/0/0,33203:1747647678545:,1747647683833
counter/4/0/0/0,28124:1747647673549:,1747647683833
counter/6/0/0/0,33204:1747647678546:,1747647683833
counter/4/0/0/0,28125:1747647673549:,1747647683833
counter/6/0/0/0,33205:1747647678546:,1747647683833
counter/4/0/0/0,28126:1747647673549:,1747647683833
counter/6/0/0/0,33206:1747647678546:,1747647683833
counter/4/0/0/0,28127:1747647673549:,1747647683833
counter/6/0/0/0,33207:1747647678546:,1747647683833
counter/4/0/0/0,28128:1747647673549:,1747647683833
counter/6/0/0/0,33208:1747647678546:,1747647683833
counter/4/0/0/0,28129:1747647673549:,1747647683833
counter/6/0/0/0,33209:1747647678546:,1747647683833
counter/4/0/0/0,28130:1747647673549:,1747647683833
counter/6/0/0/0,33210:1747647678546:,1747647683833
counter/4/0/0/0,28131:1747647673549:,1747647683833
counter/6/0/0/0,33211:1747647678546:,1747647683833
counter/6/0/0/0,33212:1747647678546:,1747647683833
counter/6/0/0/0,33213:1747647678546:,1747647683833
counter/6/0/0/0,33214:1747647678546:,1747647683833
counter/3/0/0/0,27114:1747647673053:,1747647683833
counter/1/0/0/0,28487:1747647674607:,1747647683833
counter/8/0/0/0,34885:1747647677610:,1747647683833
counter/6/0/0/0,33215:1747647678546:,1747647683833
counter/1/0/0/0,28488:1747647674607:,1747647683833
counter/4/0/0/0,28132:1747647673549:,1747647683833
counter/6/0/0/0,33216:1747647678546:,1747647683833
counter/1/0/0/0,28489:1747647674634:,1747647683833
counter/4/0/0/0,28133:1747647673549:,1747647683833
counter/6/0/0/0,33217:1747647678546:,1747647683834
counter/1/0/0/0,28490:1747647674635:,1747647683834
counter/4/0/0/0,28134:1747647673550:,1747647683834
counter/6/0/0/0,33218:1747647678546:,1747647683834
counter/1/0/0/0,28491:1747647674635:,1747647683834
counter/4/0/0/0,28135:1747647673553:,1747647683834
counter/7/0/0/0,33402:1747647677719:,1747647683834
counter/3/0/0/0,27115:1747647673053:,1747647683834
counter/6/0/0/0,33219:1747647678547:,1747647683834
counter/1/0/0/0,28492:1747647674635:,1747647683834
counter/4/0/0/0,28136:1747647673553:,1747647683834
counter/3/0/0/0,27116:1747647673053:,1747647683834
counter/6/0/0/0,33220:1747647678547:,1747647683834
counter/1/0/0/0,28493:1747647674635:,1747647683834
counter/4/0/0/0,28137:1747647673553:,1747647683834
counter/3/0/0/0,27117:1747647673066:,1747647683834
counter/6/0/0/0,33221:1747647678547:,1747647683834
counter/1/0/0/0,28494:1747647674635:,1747647683834
counter/4/0/0/0,28138:1747647673553:,1747647683834
counter/3/0/0/0,27118:1747647673066:,1747647683834
counter/6/0/0/0,33222:1747647678547:,1747647683834
counter/1/0/0/0,28495:1747647674635:,1747647683834
counter/4/0/0/0,28139:1747647673553:,1747647683834
counter/3/0/0/0,27119:1747647673066:,1747647683834
counter/6/0/0/0,33223:1747647678547:,1747647683834
counter/1/0/0/0,28496:1747647674635:,1747647683834
counter/4/0/0/0,28140:1747647673553:,1747647683834
counter/3/0/0/0,27120:1747647673066:,1747647683834
counter/6/0/0/0,33224:1747647678547:,1747647683834
counter/1/0/0/0,28497:1747647674635:,1747647683834
counter/4/0/0/0,28141:1747647673553:,1747647683834
counter/3/0/0/0,27121:1747647673066:,1747647683834
counter/6/0/0/0,33225:1747647678547:,1747647683834
counter/1/0/0/0,28498:1747647674635:,1747647683834
counter/4/0/0/0,28142:1747647673553:,1747647683834
counter/3/0/0/0,27122:1747647673066:,1747647683834
counter/6/0/0/0,33226:1747647678547:,1747647683834
counter/1/0/0/0,28499:1747647674635:,1747647683834
counter/3/0/0/0,27123:1747647673066:,1747647683835
counter/6/0/0/0,33227:1747647678547:,1747647683835
counter/1/0/0/0,28500:1747647674635:,1747647683835
counter/3/0/0/0,27124:1747647673066:,1747647683835
counter/6/0/0/0,33228:1747647678547:,1747647683835
counter/1/0/0/0,28501:1747647674635:,1747647683835
counter/3/0/0/0,27125:1747647673069:,1747647683835
counter/6/0/0/0,33229:1747647678547:,1747647683835
counter/1/0/0/0,28502:1747647674635:,1747647683835
counter/5/0/0/0,33708:1747647676968:,1747647683835
counter/3/0/0/0,27126:1747647673142:,1747647683835
counter/6/0/0/0,33230:1747647678547:,1747647683835
counter/1/0/0/0,28503:1747647674635:,1747647683835
counter/8/0/0/0,34886:1747647677610:,1747647683835
counter/4/0/0/0,28143:1747647673553:,1747647683835
counter/3/0/0/0,27127:1747647673142:,1747647683835
counter/6/0/0/0,33231:1747647678547:,1747647683835
counter/1/0/0/0,28504:1747647674635:,1747647683835
counter/8/0/0/0,34887:1747647677610:,1747647683835
counter/3/0/0/0,27128:1747647673142:,1747647683835
counter/6/0/0/0,33232:1747647678547:,1747647683835
counter/1/0/0/0,28505:1747647674635:,1747647683835
counter/8/0/0/0,34888:1747647677610:,1747647683835
counter/3/0/0/0,27129:1747647673142:,1747647683835
counter/6/0/0/0,33233:1747647678547:,1747647683835
counter/1/0/0/0,28506:1747647674636:,1747647683835
counter/8/0/0/0,34889:1747647677610:,1747647683835
counter/5/0/0/0,33709:1747647676968:,1747647683835
counter/10/0/0/0,27732:1747647671148:,1747647683835
counter/3/0/0/0,27130:1747647673143:,1747647683835
counter/6/0/0/0,33234:1747647678547:,1747647683835
counter/1/0/0/0,28507:1747647674636:,1747647683835
counter/8/0/0/0,34890:1747647677610:,1747647683835
counter/3/0/0/0,27131:1747647673143:,1747647683835
counter/6/0/0/0,33235:1747647678547:,1747647683835
counter/1/0/0/0,28508:1747647674636:,1747647683835
counter/8/0/0/0,34891:1747647677610:,1747647683835
counter/3/0/0/0,27132:1747647673143:,1747647683835
counter/6/0/0/0,33236:1747647678547:,1747647683835
counter/1/0/0/0,28509:1747647674636:,1747647683835
counter/8/0/0/0,34892:1747647677610:,1747647683835
counter/7/0/0/0,33403:1747647677719:,1747647683835
counter/3/0/0/0,27133:1747647673143:,1747647683835
counter/6/0/0/0,33237:1747647678554:,1747647683835
counter/1/0/0/0,28510:1747647674636:,1747647683835
counter/8/0/0/0,34893:1747647677611:,1747647683836
counter/3/0/0/0,27134:1747647673143:,1747647683836
counter/6/0/0/0,33238:1747647678554:,1747647683836
counter/1/0/0/0,28511:1747647674636:,1747647683836
counter/8/0/0/0,34894:1747647677611:,1747647683836
counter/3/0/0/0,27135:1747647673143:,1747647683836
counter/6/0/0/0,33239:1747647678554:,1747647683836
counter/1/0/0/0,28512:1747647674636:,1747647683836
counter/8/0/0/0,34895:1747647677611:,1747647683836
counter/5/0/0/0,33710:1747647676968:,1747647683836
counter/3/0/0/0,27136:1747647673143:,1747647683836
counter/6/0/0/0,33240:1747647678554:,1747647683836
counter/1/0/0/0,28513:1747647674639:,1747647683836
counter/8/0/0/0,34896:1747647677611:,1747647683836
counter/3/0/0/0,27137:1747647673143:,1747647683836
counter/6/0/0/0,33241:1747647678554:,1747647683836
counter/1/0/0/0,28514:1747647674639:,1747647683836
counter/8/0/0/0,34897:1747647677611:,1747647683836
counter/3/0/0/0,27138:1747647673144:,1747647683836
counter/6/0/0/0,33242:1747647678554:,1747647683836
counter/1/0/0/0,28515:1747647674639:,1747647683836
counter/8/0/0/0,34898:1747647677611:,1747647683836
counter/3/0/0/0,27139:1747647673144:,1747647683836
counter/6/0/0/0,33243:1747647678554:,1747647683836
counter/1/0/0/0,28516:1747647674639:,1747647683836
counter/8/0/0/0,34899:1747647677611:,1747647683836
counter/3/0/0/0,27140:1747647673144:,1747647683836
counter/6/0/0/0,33244:1747647678554:,1747647683836
counter/1/0/0/0,28517:1747647674639:,1747647683836
counter/8/0/0/0,34900:1747647677611:,1747647683836
counter/3/0/0/0,27141:1747647673144:,1747647683836
counter/6/0/0/0,33245:1747647678554:,1747647683836
counter/1/0/0/0,28518:1747647674639:,1747647683836
counter/8/0/0/0,34901:1747647677611:,1747647683836
counter/3/0/0/0,27142:1747647673144:,1747647683836
counter/6/0/0/0,33246:1747647678554:,1747647683836
counter/1/0/0/0,28519:1747647674639:,1747647683836
counter/8/0/0/0,34902:1747647677611:,1747647683836
counter/3/0/0/0,27143:1747647673144:,1747647683836
counter/6/0/0/0,33247:1747647678554:,1747647683837
counter/1/0/0/0,28520:1747647674639:,1747647683837
counter/3/0/0/0,27144:1747647673144:,1747647683837
counter/6/0/0/0,33248:1747647678554:,1747647683837
counter/1/0/0/0,28521:1747647674639:,1747647683837
counter/3/0/0/0,27145:1747647673144:,1747647683837
counter/6/0/0/0,33249:1747647678555:,1747647683837
counter/1/0/0/0,28522:1747647674639:,1747647683837
counter/3/0/0/0,27146:1747647673144:,1747647683837
counter/6/0/0/0,33250:1747647678555:,1747647683837
counter/1/0/0/0,28523:1747647674639:,1747647683837
counter/3/0/0/0,27147:1747647673144:,1747647683837
counter/6/0/0/0,33251:1747647678555:,1747647683837
counter/1/0/0/0,28524:1747647674639:,1747647683837
counter/3/0/0/0,27148:1747647673156:,1747647683837
counter/6/0/0/0,33252:1747647678567:,1747647683837
counter/1/0/0/0,28525:1747647674646:,1747647683837
counter/3/0/0/0,27149:1747647673157:,1747647683837
counter/6/0/0/0,33253:1747647678567:,1747647683837
counter/1/0/0/0,28526:1747647674657:,1747647683837
counter/3/0/0/0,27150:1747647673157:,1747647683837
counter/6/0/0/0,33254:1747647678567:,1747647683837
counter/1/0/0/0,28527:1747647674657:,1747647683837
counter/3/0/0/0,27151:1747647673157:,1747647683837
counter/6/0/0/0,33255:1747647678567:,1747647683837
counter/1/0/0/0,28528:1747647674657:,1747647683837
counter/3/0/0/0,27152:1747647673159:,1747647683837
counter/6/0/0/0,33256:1747647678567:,1747647683837
counter/1/0/0/0,28529:1747647674657:,1747647683837
counter/3/0/0/0,27153:1747647673159:,1747647683837
counter/6/0/0/0,33257:1747647678567:,1747647683837
counter/1/0/0/0,28530:1747647674669:,1747647683837
counter/3/0/0/0,27154:1747647673159:,1747647683837
counter/6/0/0/0,33258:1747647678567:,1747647683837
counter/1/0/0/0,28531:1747647674669:,1747647683837
counter/3/0/0/0,27155:1747647673159:,1747647683837
counter/6/0/0/0,33259:1747647678567:,1747647683837
counter/1/0/0/0,28532:1747647674669:,1747647683837
counter/3/0/0/0,27156:1747647673159:,1747647683838
counter/6/0/0/0,33260:1747647678567:,1747647683838
counter/1/0/0/0,28533:1747647674669:,1747647683838
counter/3/0/0/0,27157:1747647673159:,1747647683838
counter/6/0/0/0,33261:1747647678567:,1747647683838
counter/1/0/0/0,28534:1747647674669:,1747647683838
counter/3/0/0/0,27158:1747647673159:,1747647683838
counter/6/0/0/0,33262:1747647678567:,1747647683838
counter/1/0/0/0,28535:1747647674670:,1747647683838
counter/3/0/0/0,27159:1747647673159:,1747647683838
counter/6/0/0/0,33263:1747647678596:,1747647683838
counter/1/0/0/0,28536:1747647674670:,1747647683838
counter/10/0/0/0,27733:1747647671148:,1747647683838
counter/3/0/0/0,27160:1747647673166:,1747647683838
counter/6/0/0/0,33264:1747647678606:,1747647683838
counter/1/0/0/0,28537:1747647674670:,1747647683838
counter/4/0/0/0,28144:1747647673553:,1747647683838
counter/8/0/0/0,34903:1747647677616:,1747647683838
counter/7/0/0/0,33404:1747647677719:,1747647683838
counter/3/0/0/0,27161:1747647673166:,1747647683838
counter/6/0/0/0,33265:1747647678606:,1747647683838
counter/1/0/0/0,28538:1747647674670:,1747647683838
counter/3/0/0/0,27162:1747647673167:,1747647683838
counter/6/0/0/0,33266:1747647678606:,1747647683838
counter/1/0/0/0,28539:1747647674670:,1747647683838
counter/4/0/0/0,28145:1747647673553:,1747647683838
counter/3/0/0/0,27163:1747647673173:,1747647683838
counter/6/0/0/0,33267:1747647678606:,1747647683838
counter/1/0/0/0,28540:1747647674670:,1747647683838
counter/8/0/0/0,34904:1747647677616:,1747647683838
counter/7/0/0/0,33405:1747647677719:,1747647683838
counter/3/0/0/0,27164:1747647673177:,1747647683838
counter/6/0/0/0,33268:1747647678607:,1747647683838
counter/1/0/0/0,28541:1747647674670:,1747647683838
counter/7/0/0/0,33406:1747647677719:,1747647683838
counter/3/0/0/0,27165:1747647673177:,1747647683838
counter/6/0/0/0,33269:1747647678607:,1747647683839
counter/1/0/0/0,28542:1747647674671:,1747647683839
counter/7/0/0/0,33407:1747647677719:,1747647683839
counter/3/0/0/0,27166:1747647673177:,1747647683839
counter/6/0/0/0,33270:1747647678607:,1747647683839
counter/1/0/0/0,28543:1747647674671:,1747647683839
counter/7/0/0/0,33408:1747647677719:,1747647683839
counter/3/0/0/0,27167:1747647673188:,1747647683839
counter/6/0/0/0,33271:1747647678607:,1747647683839
counter/1/0/0/0,28544:1747647674671:,1747647683839
counter/7/0/0/0,33409:1747647677719:,1747647683839
counter/8/0/0/0,34905:1747647677616:,1747647683839
counter/3/0/0/0,27168:1747647673188:,1747647683839
counter/6/0/0/0,33272:1747647678607:,1747647683839
counter/1/0/0/0,28545:1747647674671:,1747647683839
counter/7/0/0/0,33410:1747647677720:,1747647683839
counter/3/0/0/0,27169:1747647673188:,1747647683839
counter/6/0/0/0,33273:1747647678607:,1747647683839
counter/1/0/0/0,28546:1747647674671:,1747647683839
counter/7/0/0/0,33411:1747647677720:,1747647683839
counter/3/0/0/0,27170:1747647673188:,1747647683839
counter/6/0/0/0,33274:1747647678607:,1747647683839
counter/1/0/0/0,28547:1747647674671:,1747647683839
counter/7/0/0/0,33412:1747647677720:,1747647683839
counter/3/0/0/0,27171:1747647673188:,1747647683839
counter/6/0/0/0,33275:1747647678607:,1747647683839
counter/1/0/0/0,28548:1747647674677:,1747647683839
counter/7/0/0/0,33413:1747647677720:,1747647683839
counter/3/0/0/0,27172:1747647673188:,1747647683839
counter/6/0/0/0,33276:1747647678607:,1747647683839
counter/1/0/0/0,28549:1747647674677:,1747647683839
counter/7/0/0/0,33414:1747647677720:,1747647683839
counter/3/0/0/0,27173:1747647673188:,1747647683839
counter/6/0/0/0,33277:1747647678607:,1747647683839
counter/1/0/0/0,28550:1747647674677:,1747647683839
counter/7/0/0/0,33415:1747647677720:,1747647683839
counter/3/0/0/0,27174:1747647673188:,1747647683840
counter/6/0/0/0,33278:1747647678607:,1747647683840
counter/1/0/0/0,28551:1747647674677:,1747647683840
counter/7/0/0/0,33416:1747647677720:,1747647683840
counter/3/0/0/0,27175:1747647673188:,1747647683840
counter/6/0/0/0,33279:1747647678607:,1747647683840
counter/1/0/0/0,28552:1747647674677:,1747647683840
counter/7/0/0/0,33417:1747647677720:,1747647683840
counter/3/0/0/0,27176:1747647673188:,1747647683840
counter/6/0/0/0,33280:1747647678607:,1747647683840
counter/1/0/0/0,28553:1747647674677:,1747647683840
counter/3/0/0/0,27177:1747647673188:,1747647683840
counter/6/0/0/0,33281:1747647678609:,1747647683840
counter/1/0/0/0,28554:1747647674677:,1747647683840
counter/3/0/0/0,27178:1747647673188:,1747647683840
counter/6/0/0/0,33282:1747647678609:,1747647683840
counter/1/0/0/0,28555:1747647674677:,1747647683840
counter/8/0/0/0,34906:1747647677616:,1747647683840
counter/3/0/0/0,27179:1747647673189:,1747647683840
counter/6/0/0/0,33283:1747647678609:,1747647683840
counter/1/0/0/0,28556:1747647674677:,1747647683840
counter/4/0/0/0,28146:1747647673553:,1747647683840
counter/3/0/0/0,27180:1747647673189:,1747647683840
counter/6/0/0/0,33284:1747647678609:,1747647683840
counter/1/0/0/0,28557:1747647674677:,1747647683840
counter/5/0/0/0,33711:1747647676978:,1747647683840
counter/3/0/0/0,27181:1747647673189:,1747647683840
counter/6/0/0/0,33285:1747647678610:,1747647683840
counter/1/0/0/0,28558:1747647674677:,1747647683840
counter/3/0/0/0,27182:1747647673189:,1747647683840
counter/6/0/0/0,33286:1747647678610:,1747647683840
counter/1/0/0/0,28559:1747647674677:,1747647683840
counter/4/0/0/0,28147:1747647673553:,1747647683840
counter/3/0/0/0,27183:1747647673189:,1747647683840
counter/6/0/0/0,33287:1747647678610:,1747647683840
counter/1/0/0/0,28560:1747647674677:,1747647683840
counter/4/0/0/0,28148:1747647673553:,1747647683840
counter/3/0/0/0,27184:1747647673189:,1747647683840
counter/6/0/0/0,33288:1747647678610:,1747647683840
counter/1/0/0/0,28561:1747647674678:,1747647683840
counter/4/0/0/0,28149:1747647673553:,1747647683841
counter/10/0/0/0,27734:1747647671148:,1747647683841
counter/3/0/0/0,27185:1747647673189:,1747647683841
counter/6/0/0/0,33289:1747647678610:,1747647683841
counter/1/0/0/0,28562:1747647674678:,1747647683841
counter/4/0/0/0,28150:1747647673553:,1747647683841
counter/3/0/0/0,27186:1747647673189:,1747647683841
counter/6/0/0/0,33290:1747647678610:,1747647683841
counter/1/0/0/0,28563:1747647674678:,1747647683841
counter/3/0/0/0,27187:1747647673189:,1747647683841
counter/6/0/0/0,33291:1747647678610:,1747647683841
counter/1/0/0/0,28564:1747647674689:,1747647683841
counter/3/0/0/0,27188:1747647673189:,1747647683841
counter/6/0/0/0,33292:1747647678610:,1747647683841
counter/1/0/0/0,28565:1747647674689:,1747647683841
counter/3/0/0/0,27189:1747647673189:,1747647683841
counter/6/0/0/0,33293:1747647678610:,1747647683841
counter/1/0/0/0,28566:1747647674689:,1747647683841
counter/3/0/0/0,27190:1747647673189:,1747647683841
counter/6/0/0/0,33294:1747647678610:,1747647683841
counter/1/0/0/0,28567:1747647674689:,1747647683841
counter/3/0/0/0,27191:1747647673189:,1747647683841
counter/6/0/0/0,33295:1747647678610:,1747647683841
counter/1/0/0/0,28568:1747647674689:,1747647683841
counter/3/0/0/0,27192:1747647673193:,1747647683841
counter/6/0/0/0,33296:1747647678610:,1747647683841
counter/1/0/0/0,28569:1747647674695:,1747647683841
counter/3/0/0/0,27193:1747647673193:,1747647683841
counter/6/0/0/0,33297:1747647678610:,1747647683841
counter/1/0/0/0,28570:1747647674695:,1747647683841
counter/3/0/0/0,27194:1747647673193:,1747647683841
counter/6/0/0/0,33298:1747647678610:,1747647683841
counter/1/0/0/0,28571:1747647674695:,1747647683841
counter/3/0/0/0,27195:1747647673193:,1747647683841
counter/6/0/0/0,33299:1747647678610:,1747647683841
counter/1/0/0/0,28572:1747647674696:,1747647683841
counter/3/0/0/0,27196:1747647673193:,1747647683841
counter/6/0/0/0,33300:1747647678614:,1747647683841
counter/1/0/0/0,28573:1747647674696:,1747647683841
counter/3/0/0/0,27197:1747647673193:,1747647683841
counter/6/0/0/0,33301:1747647678614:,1747647683841
counter/1/0/0/0,28574:1747647674696:,1747647683841
counter/3/0/0/0,27198:1747647673193:,1747647683841
counter/6/0/0/0,33302:1747647678614:,1747647683841
counter/1/0/0/0,28575:1747647674696:,1747647683842
counter/3/0/0/0,27199:1747647673193:,1747647683842
counter/6/0/0/0,33303:1747647678614:,1747647683842
counter/1/0/0/0,28576:1747647674696:,1747647683842
counter/3/0/0/0,27200:1747647673193:,1747647683842
counter/6/0/0/0,33304:1747647678614:,1747647683842
counter/1/0/0/0,28577:1747647674696:,1747647683842
counter/3/0/0/0,27201:1747647673193:,1747647683842
counter/6/0/0/0,33305:1747647678614:,1747647683842
counter/1/0/0/0,28578:1747647674696:,1747647683842
counter/3/0/0/0,27202:1747647673193:,1747647683842
counter/6/0/0/0,33306:1747647678614:,1747647683842
counter/1/0/0/0,28579:1747647674696:,1747647683842
counter/3/0/0/0,27203:1747647673193:,1747647683842
counter/6/0/0/0,33307:1747647678614:,1747647683842
counter/1/0/0/0,28580:1747647674696:,1747647683842
counter/3/0/0/0,27204:1747647673193:,1747647683842
counter/6/0/0/0,33308:1747647678614:,1747647683842
counter/1/0/0/0,28581:1747647674697:,1747647683842
counter/3/0/0/0,27205:1747647673193:,1747647683842
counter/6/0/0/0,33309:1747647678614:,1747647683842
counter/1/0/0/0,28582:1747647674697:,1747647683842
counter/3/0/0/0,27206:1747647673193:,1747647683842
counter/6/0/0/0,33310:1747647678614:,1747647683842
counter/1/0/0/0,28583:1747647674697:,1747647683842
counter/3/0/0/0,27207:1747647673193:,1747647683842
counter/6/0/0/0,33311:1747647678614:,1747647683842
counter/1/0/0/0,28584:1747647674697:,1747647683842
counter/3/0/0/0,27208:1747647673193:,1747647683842
counter/6/0/0/0,33312:1747647678616:,1747647683842
counter/1/0/0/0,28585:1747647674697:,1747647683842
counter/3/0/0/0,27209:1747647673193:,1747647683842
counter/6/0/0/0,33313:1747647678618:,1747647683842
counter/1/0/0/0,28586:1747647674697:,1747647683842
counter/3/0/0/0,27210:1747647673193:,1747647683842
counter/6/0/0/0,33314:1747647678618:,1747647683842
counter/1/0/0/0,28587:1747647674697:,1747647683842
counter/3/0/0/0,27211:1747647673193:,1747647683842
counter/6/0/0/0,33315:1747647678618:,1747647683843
counter/1/0/0/0,28588:1747647674697:,1747647683843
counter/3/0/0/0,27212:1747647673193:,1747647683843
counter/6/0/0/0,33316:1747647678618:,1747647683843
counter/1/0/0/0,28589:1747647674697:,1747647683843
counter/3/0/0/0,27213:1747647673193:,1747647683843
counter/6/0/0/0,33317:1747647678618:,1747647683843
counter/1/0/0/0,28590:1747647674697:,1747647683843
counter/3/0/0/0,27214:1747647673194:,1747647683843
counter/6/0/0/0,33318:1747647678630:,1747647683843
counter/1/0/0/0,28591:1747647674698:,1747647683843
counter/3/0/0/0,27215:1747647673195:,1747647683843
counter/6/0/0/0,33319:1747647678631:,1747647683843
counter/1/0/0/0,28592:1747647674698:,1747647683843
counter/3/0/0/0,27216:1747647673195:,1747647683843
counter/6/0/0/0,33320:1747647678631:,1747647683843
counter/1/0/0/0,28593:1747647674698:,1747647683843
counter/3/0/0/0,27217:1747647673195:,1747647683843
counter/6/0/0/0,33321:1747647678631:,1747647683843
counter/1/0/0/0,28594:1747647674702:,1747647683843
counter/3/0/0/0,27218:1747647673195:,1747647683843
counter/6/0/0/0,33322:1747647678631:,1747647683843
counter/1/0/0/0,28595:1747647674702:,1747647683843
counter/3/0/0/0,27219:1747647673195:,1747647683843
counter/6/0/0/0,33323:1747647678631:,1747647683843
counter/1/0/0/0,28596:1747647674702:,1747647683843
counter/3/0/0/0,27220:1747647673195:,1747647683843
counter/6/0/0/0,33324:1747647678631:,1747647683843
counter/1/0/0/0,28597:1747647674702:,1747647683843
counter/3/0/0/0,27221:1747647673195:,1747647683843
counter/6/0/0/0,33325:1747647678649:,1747647683843
counter/1/0/0/0,28598:1747647674702:,1747647683843
counter/3/0/0/0,27222:1747647673195:,1747647683843
counter/6/0/0/0,33326:1747647678649:,1747647683843
counter/1/0/0/0,28599:1747647674702:,1747647683843
counter/3/0/0/0,27223:1747647673195:,1747647683844
counter/6/0/0/0,33327:1747647678649:,1747647683844
counter/1/0/0/0,28600:1747647674702:,1747647683844
counter/5/0/0/0,33712:1747647676978:,1747647683844
counter/3/0/0/0,27224:1747647673196:,1747647683844
counter/6/0/0/0,33328:1747647678649:,1747647683844
counter/1/0/0/0,28601:1747647674703:,1747647683844
counter/10/0/0/0,27735:1747647671148:,1747647683844
counter/8/0/0/0,34907:1747647677616:,1747647683844
counter/4/0/0/0,28151:1747647673553:,1747647683844
counter/3/0/0/0,27225:1747647673196:,1747647683844
counter/6/0/0/0,33329:1747647678649:,1747647683844
counter/1/0/0/0,28602:1747647674703:,1747647683844
counter/10/0/0/0,27736:1747647671148:,1747647683844
counter/8/0/0/0,34908:1747647677616:,1747647683844
counter/4/0/0/0,28152:1747647673554:,1747647683844
counter/7/0/0/0,33418:1747647677720:,1747647683844
counter/5/0/0/0,33713:1747647676978:,1747647683844
counter/3/0/0/0,27226:1747647673199:,1747647683844
counter/6/0/0/0,33330:1747647678649:,1747647683844
counter/1/0/0/0,28603:1747647674703:,1747647683844
counter/10/0/0/0,27737:1747647671148:,1747647683844
counter/8/0/0/0,34909:1747647677622:,1747647683844
counter/5/0/0/0,33714:1747647676978:,1747647683844
counter/3/0/0/0,27227:1747647673199:,1747647683844
counter/6/0/0/0,33331:1747647678649:,1747647683844
counter/1/0/0/0,28604:1747647674703:,1747647683844
counter/8/0/0/0,34910:1747647677622:,1747647683844
counter/5/0/0/0,33715:1747647676978:,1747647683844
counter/3/0/0/0,27228:1747647673199:,1747647683844
counter/6/0/0/0,33332:1747647678649:,1747647683844
counter/1/0/0/0,28605:1747647674703:,1747647683844
counter/8/0/0/0,34911:1747647677622:,1747647683844
counter/5/0/0/0,33716:1747647676978:,1747647683844
counter/3/0/0/0,27229:1747647673199:,1747647683844
counter/6/0/0/0,33333:1747647678649:,1747647683844
counter/1/0/0/0,28606:1747647674703:,1747647683844
counter/8/0/0/0,34912:1747647677623:,1747647683844
counter/3/0/0/0,27230:1747647673199:,1747647683845
counter/6/0/0/0,33334:1747647678649:,1747647683845
counter/1/0/0/0,28607:1747647674703:,1747647683845
counter/8/0/0/0,34913:1747647677623:,1747647683845
counter/4/0/0/0,28153:1747647673554:,1747647683845
counter/3/0/0/0,27231:1747647673200:,1747647683845
counter/6/0/0/0,33335:1747647678649:,1747647683845
counter/1/0/0/0,28608:1747647674703:,1747647683845
counter/5/0/0/0,33717:1747647676978:,1747647683845
counter/3/0/0/0,27232:1747647673200:,1747647683845
counter/6/0/0/0,33336:1747647678649:,1747647683845
counter/1/0/0/0,28609:1747647674703:,1747647683845
counter/4/0/0/0,28154:1747647673554:,1747647683845
counter/3/0/0/0,27233:1747647673200:,1747647683845
counter/6/0/0/0,33337:1747647678649:,1747647683845
counter/1/0/0/0,28610:1747647674703:,1747647683845
counter/5/0/0/0,33718:1747647676978:,1747647683845
counter/3/0/0/0,27234:1747647673200:,1747647683845
counter/6/0/0/0,33338:1747647678649:,1747647683845
counter/1/0/0/0,28611:1747647674703:,1747647683845
counter/4/0/0/0,28155:1747647673554:,1747647683845
counter/3/0/0/0,27235:1747647673200:,1747647683845
counter/6/0/0/0,33339:1747647678649:,1747647683845
counter/1/0/0/0,28612:1747647674720:,1747647683845
counter/5/0/0/0,33719:1747647676978:,1747647683845
counter/3/0/0/0,27236:1747647673200:,1747647683845
counter/6/0/0/0,33340:1747647678649:,1747647683845
counter/1/0/0/0,28613:1747647674721:,1747647683845
counter/5/0/0/0,33720:1747647676978:,1747647683845
counter/3/0/0/0,27237:1747647673204:,1747647683845
counter/6/0/0/0,33341:1747647678649:,1747647683845
counter/1/0/0/0,28614:1747647674721:,1747647683845
counter/5/0/0/0,33721:1747647676979:,1747647683845
counter/3/0/0/0,27238:1747647673204:,1747647683845
counter/6/0/0/0,33342:1747647678649:,1747647683845
counter/1/0/0/0,28615:1747647674721:,1747647683845
counter/5/0/0/0,33722:1747647676979:,1747647683845
counter/3/0/0/0,27239:1747647673204:,1747647683845
counter/6/0/0/0,33343:1747647678649:,1747647683845
counter/1/0/0/0,28616:1747647674721:,1747647683845
counter/5/0/0/0,33723:1747647676979:,1747647683845
counter/4/0/0/0,28156:1747647673554:,1747647683845
counter/3/0/0/0,27240:1747647673204:,1747647683846
counter/6/0/0/0,33344:1747647678650:,1747647683846
counter/1/0/0/0,28617:1747647674730:,1747647683846
counter/5/0/0/0,33724:1747647676979:,1747647683846
counter/7/0/0/0,33419:1747647677720:,1747647683846
counter/3/0/0/0,27241:1747647673204:,1747647683846
counter/6/0/0/0,33345:1747647678650:,1747647683846
counter/1/0/0/0,28618:1747647674730:,1747647683846
counter/5/0/0/0,33725:1747647676979:,1747647683846
counter/7/0/0/0,33420:1747647677720:,1747647683846
counter/3/0/0/0,27242:1747647673204:,1747647683846
counter/6/0/0/0,33346:1747647678650:,1747647683846
counter/1/0/0/0,28619:1747647674730:,1747647683846
counter/5/0/0/0,33726:1747647676980:,1747647683846
counter/7/0/0/0,33421:1747647677720:,1747647683846
counter/8/0/0/0,34914:1747647677623:,1747647683846
counter/10/0/0/0,27738:1747647671148:,1747647683846
counter/3/0/0/0,27243:1747647673204:,1747647683846
counter/6/0/0/0,33347:1747647678650:,1747647683846
counter/1/0/0/0,28620:1747647674730:,1747647683846
counter/5/0/0/0,33727:1747647676980:,1747647683846
counter/7/0/0/0,33422:1747647677720:,1747647683846
counter/4/0/0/0,28157:1747647673554:,1747647683846
counter/3/0/0/0,27244:1747647673204:,1747647683846
counter/6/0/0/0,33348:1747647678650:,1747647683846
counter/1/0/0/0,28621:1747647674730:,1747647683846
counter/5/0/0/0,33728:1747647676980:,1747647683846
counter/7/0/0/0,33423:1747647677720:,1747647683846
counter/3/0/0/0,27245:1747647673204:,1747647683846
counter/6/0/0/0,33349:1747647678650:,1747647683846
counter/1/0/0/0,28622:1747647674730:,1747647683846
counter/5/0/0/0,33729:1747647676980:,1747647683846
counter/7/0/0/0,33424:1747647677720:,1747647683846
counter/4/0/0/0,28158:1747647673554:,1747647683846
counter/3/0/0/0,27246:1747647673208:,1747647683846
counter/6/0/0/0,33350:1747647678651:,1747647683846
counter/1/0/0/0,28623:1747647674730:,1747647683846
counter/3/0/0/0,27247:1747647673208:,1747647683846
counter/6/0/0/0,33351:1747647678651:,1747647683846
counter/1/0/0/0,28624:1747647674730:,1747647683846
counter/3/0/0/0,27248:1747647673208:,1747647683846
counter/6/0/0/0,33352:1747647678651:,1747647683847
counter/1/0/0/0,28625:1747647674730:,1747647683847
counter/3/0/0/0,27249:1747647673208:,1747647683847
counter/6/0/0/0,33353:1747647678651:,1747647683847
counter/1/0/0/0,28626:1747647674730:,1747647683847
counter/3/0/0/0,27250:1747647673208:,1747647683847
counter/6/0/0/0,33354:1747647678652:,1747647683847
counter/1/0/0/0,28627:1747647674730:,1747647683847
counter/3/0/0/0,27251:1747647673208:,1747647683847
counter/6/0/0/0,33355:1747647678665:,1747647683847
counter/1/0/0/0,28628:1747647674730:,1747647683847
counter/3/0/0/0,27252:1747647673208:,1747647683847
counter/6/0/0/0,33356:1747647678667:,1747647683847
counter/1/0/0/0,28629:1747647674743:,1747647683847
counter/3/0/0/0,27253:1747647673208:,1747647683847
counter/6/0/0/0,33357:1747647678668:,1747647683847
counter/1/0/0/0,28630:1747647674743:,1747647683847
counter/3/0/0/0,27254:1747647673208:,1747647683847
counter/6/0/0/0,33358:1747647678668:,1747647683847
counter/1/0/0/0,28631:1747647674744:,1747647683847
counter/3/0/0/0,27255:1747647673208:,1747647683847
counter/6/0/0/0,33359:1747647678668:,1747647683847
counter/1/0/0/0,28632:1747647674744:,1747647683847
counter/3/0/0/0,27256:1747647673208:,1747647683847
counter/6/0/0/0,33360:1747647678668:,1747647683847
counter/1/0/0/0,28633:1747647674748:,1747647683847
counter/3/0/0/0,27257:1747647673208:,1747647683847
counter/6/0/0/0,33361:1747647678669:,1747647683847
counter/1/0/0/0,28634:1747647674748:,1747647683847
counter/5/0/0/0,33730:1747647676980:,1747647683847
counter/3/0/0/0,27258:1747647673208:,1747647683847
counter/6/0/0/0,33362:1747647678669:,1747647683847
counter/1/0/0/0,28635:1747647674748:,1747647683847
counter/7/0/0/0,33425:1747647677720:,1747647683847
counter/10/0/0/0,27739:1747647671150:,1747647683847
counter/3/0/0/0,27259:1747647673208:,1747647683847
counter/6/0/0/0,33363:1747647678669:,1747647683847
counter/1/0/0/0,28636:1747647674749:,1747647683847
counter/4/0/0/0,28159:1747647673554:,1747647683847
counter/3/0/0/0,27260:1747647673208:,1747647683847
counter/6/0/0/0,33364:1747647678669:,1747647683848
counter/1/0/0/0,28637:1747647674749:,1747647683848
counter/3/0/0/0,27261:1747647673208:,1747647683848
counter/6/0/0/0,33365:1747647678669:,1747647683848
counter/1/0/0/0,28638:1747647674749:,1747647683848
counter/3/0/0/0,27262:1747647673209:,1747647683848
counter/6/0/0/0,33366:1747647678669:,1747647683848
counter/1/0/0/0,28639:1747647674749:,1747647683848
counter/7/0/0/0,33426:1747647677720:,1747647683848
counter/3/0/0/0,27263:1747647673223:,1747647683848
counter/6/0/0/0,33367:1747647678669:,1747647683848
counter/1/0/0/0,28640:1747647674749:,1747647683848
counter/10/0/0/0,27740:1747647671150:,1747647683848
counter/3/0/0/0,27264:1747647673223:,1747647683848
counter/6/0/0/0,33368:1747647678669:,1747647683848
counter/1/0/0/0,28641:1747647674749:,1747647683848
counter/3/0/0/0,27265:1747647673229:,1747647683848
counter/6/0/0/0,33369:1747647678669:,1747647683848
counter/1/0/0/0,28642:1747647674749:,1747647683848
counter/3/0/0/0,27266:1747647673229:,1747647683848
counter/6/0/0/0,33370:1747647678669:,1747647683848
counter/1/0/0/0,28643:1747647674749:,1747647683848
counter/7/0/0/0,33427:1747647677720:,1747647683848
counter/3/0/0/0,27267:1747647673230:,1747647683848
counter/6/0/0/0,33371:1747647678669:,1747647683848
counter/1/0/0/0,28644:1747647674749:,1747647683848
counter/4/0/0/0,28160:1747647673554:,1747647683848
counter/3/0/0/0,27268:1747647673230:,1747647683848
counter/6/0/0/0,33372:1747647678669:,1747647683848
counter/1/0/0/0,28645:1747647674749:,1747647683848
counter/4/0/0/0,28161:1747647673554:,1747647683848
counter/7/0/0/0,33428:1747647677720:,1747647683848
counter/3/0/0/0,27269:1747647673230:,1747647683848
counter/6/0/0/0,33373:1747647678672:,1747647683848
counter/1/0/0/0,28646:1747647674749:,1747647683848
counter/4/0/0/0,28162:1747647673554:,1747647683848
counter/7/0/0/0,33429:1747647677720:,1747647683848
counter/3/0/0/0,27270:1747647673230:,1747647683849
counter/6/0/0/0,33374:1747647678672:,1747647683849
counter/1/0/0/0,28647:1747647674749:,1747647683849
counter/4/0/0/0,28163:1747647673554:,1747647683849
counter/7/0/0/0,33430:1747647677720:,1747647683849
counter/3/0/0/0,27271:1747647673230:,1747647683849
counter/6/0/0/0,33375:1747647678672:,1747647683849
counter/1/0/0/0,28648:1747647674749:,1747647683849
counter/4/0/0/0,28164:1747647673554:,1747647683849
counter/7/0/0/0,33431:1747647677720:,1747647683849
counter/5/0/0/0,33731:1747647676980:,1747647683849
counter/3/0/0/0,27272:1747647673230:,1747647683849
counter/6/0/0/0,33376:1747647678672:,1747647683849
counter/1/0/0/0,28649:1747647674749:,1747647683849
counter/4/0/0/0,28165:1747647673554:,1747647683849
counter/7/0/0/0,33432:1747647677720:,1747647683849
counter/5/0/0/0,33732:1747647676980:,1747647683849
counter/3/0/0/0,27273:1747647673230:,1747647683849
counter/6/0/0/0,33377:1747647678674:,1747647683849
counter/1/0/0/0,28650:1747647674749:,1747647683849
counter/4/0/0/0,28166:1747647673554:,1747647683849
counter/7/0/0/0,33433:1747647677720:,1747647683849
counter/5/0/0/0,33733:1747647676980:,1747647683849
counter/3/0/0/0,27274:1747647673230:,1747647683849
counter/6/0/0/0,33378:1747647678676:,1747647683849
counter/1/0/0/0,28651:1747647674749:,1747647683849
counter/4/0/0/0,28167:1747647673554:,1747647683849
counter/7/0/0/0,33434:1747647677720:,1747647683849
counter/5/0/0/0,33734:1747647676980:,1747647683849
counter/3/0/0/0,27275:1747647673230:,1747647683849
counter/6/0/0/0,33379:1747647678681:,1747647683849
counter/1/0/0/0,28652:1747647674749:,1747647683849
counter/4/0/0/0,28168:1747647673556:,1747647683849
counter/7/0/0/0,33435:1747647677720:,1747647683849
counter/5/0/0/0,33735:1747647676980:,1747647683849
counter/3/0/0/0,27276:1747647673230:,1747647683850
counter/6/0/0/0,33380:1747647678681:,1747647683850
counter/1/0/0/0,28653:1747647674749:,1747647683850
counter/7/0/0/0,33436:1747647677730:,1747647683850
counter/5/0/0/0,33736:1747647676980:,1747647683850
counter/3/0/0/0,27277:1747647673230:,1747647683850
counter/6/0/0/0,33381:1747647678681:,1747647683850
counter/1/0/0/0,28654:1747647674749:,1747647683850
counter/7/0/0/0,33437:1747647677730:,1747647683850
counter/3/0/0/0,27278:1747647673230:,1747647683850
counter/6/0/0/0,33382:1747647678681:,1747647683850
counter/1/0/0/0,28655:1747647674749:,1747647683850
counter/7/0/0/0,33438:1747647677730:,1747647683850
counter/3/0/0/0,27279:1747647673230:,1747647683850
counter/6/0/0/0,33383:1747647678681:,1747647683850
counter/1/0/0/0,28656:1747647674749:,1747647683850
counter/7/0/0/0,33439:1747647677730:,1747647683850
counter/3/0/0/0,27280:1747647673230:,1747647683850
counter/6/0/0/0,33384:1747647678681:,1747647683850
counter/1/0/0/0,28657:1747647674750:,1747647683850
counter/7/0/0/0,33440:1747647677730:,1747647683850
counter/3/0/0/0,27281:1747647673230:,1747647683850
counter/6/0/0/0,33385:1747647678681:,1747647683850
counter/1/0/0/0,28658:1747647674750:,1747647683850
counter/7/0/0/0,33441:1747647677730:,1747647683850
counter/3/0/0/0,27282:1747647673239:,1747647683850
counter/6/0/0/0,33386:1747647678682:,1747647683850
counter/1/0/0/0,28659:1747647674750:,1747647683850
counter/7/0/0/0,33442:1747647677731:,1747647683850
counter/8/0/0/0,34915:1747647677623:,1747647683850
counter/3/0/0/0,27283:1747647673239:,1747647683850
counter/6/0/0/0,33387:1747647678682:,1747647683850
counter/1/0/0/0,28660:1747647674750:,1747647683850
counter/7/0/0/0,33443:1747647677731:,1747647683850
counter/8/0/0/0,34916:1747647677623:,1747647683850
counter/3/0/0/0,27284:1747647673244:,1747647683850
counter/6/0/0/0,33388:1747647678682:,1747647683851
counter/1/0/0/0,28661:1747647674750:,1747647683851
counter/7/0/0/0,33444:1747647677731:,1747647683851
counter/8/0/0/0,34917:1747647677623:,1747647683851
counter/3/0/0/0,27285:1747647673244:,1747647683851
counter/6/0/0/0,33389:1747647678682:,1747647683851
counter/1/0/0/0,28662:1747647674751:,1747647683851
counter/7/0/0/0,33445:1747647677731:,1747647683851
counter/8/0/0/0,34918:1747647677623:,1747647683851
counter/3/0/0/0,27286:1747647673244:,1747647683851
counter/6/0/0/0,33390:1747647678682:,1747647683851
counter/1/0/0/0,28663:1747647674751:,1747647683851
counter/7/0/0/0,33446:1747647677731:,1747647683851
counter/8/0/0/0,34919:1747647677623:,1747647683851
counter/3/0/0/0,27287:1747647673244:,1747647683851
counter/6/0/0/0,33391:1747647678682:,1747647683851
counter/1/0/0/0,28664:1747647674751:,1747647683851
counter/7/0/0/0,33447:1747647677731:,1747647683851
counter/8/0/0/0,34920:1747647677623:,1747647683851
counter/3/0/0/0,27288:1747647673244:,1747647683851
counter/6/0/0/0,33392:1747647678682:,1747647683851
counter/1/0/0/0,28665:1747647674751:,1747647683851
counter/7/0/0/0,33448:1747647677731:,1747647683851
counter/8/0/0/0,34921:1747647677623:,1747647683851
counter/5/0/0/0,33737:1747647676980:,1747647683851
counter/3/0/0/0,27289:1747647673244:,1747647683851
counter/6/0/0/0,33393:1747647678682:,1747647683851
counter/1/0/0/0,28666:1747647674751:,1747647683851
counter/7/0/0/0,33449:1747647677731:,1747647683851
counter/8/0/0/0,34922:1747647677623:,1747647683851
counter/3/0/0/0,27290:1747647673244:,1747647683851
counter/6/0/0/0,33394:1747647678682:,1747647683851
counter/1/0/0/0,28667:1747647674751:,1747647683851
counter/7/0/0/0,33450:1747647677732:,1747647683851
counter/4/0/0/0,28169:1747647673560:,1747647683851
counter/5/0/0/0,33738:1747647676980:,1747647683851
counter/3/0/0/0,27291:1747647673247:,1747647683852
counter/6/0/0/0,33395:1747647678683:,1747647683852
counter/1/0/0/0,28668:1747647674751:,1747647683852
counter/7/0/0/0,33451:1747647677737:,1747647683852
counter/4/0/0/0,28170:1747647673560:,1747647683852
counter/3/0/0/0,27292:1747647673247:,1747647683852
counter/6/0/0/0,33396:1747647678683:,1747647683852
counter/1/0/0/0,28669:1747647674751:,1747647683852
counter/7/0/0/0,33452:1747647677737:,1747647683852
counter/4/0/0/0,28171:1747647673560:,1747647683852
counter/3/0/0/0,27293:1747647673247:,1747647683852
counter/6/0/0/0,33397:1747647678683:,1747647683852
counter/1/0/0/0,28670:1747647674751:,1747647683852
counter/7/0/0/0,33453:1747647677737:,1747647683852
counter/4/0/0/0,28172:1747647673560:,1747647683852
counter/3/0/0/0,27294:1747647673247:,1747647683852
counter/6/0/0/0,33398:1747647678683:,1747647683852
counter/1/0/0/0,28671:1747647674751:,1747647683852
counter/7/0/0/0,33454:1747647677737:,1747647683852
counter/4/0/0/0,28173:1747647673560:,1747647683852
counter/3/0/0/0,27295:1747647673247:,1747647683852
counter/6/0/0/0,33399:1747647678683:,1747647683852
counter/1/0/0/0,28672:1747647674752:,1747647683852
counter/7/0/0/0,33455:1747647677737:,1747647683852
counter/4/0/0/0,28174:1747647673560:,1747647683852
counter/3/0/0/0,27296:1747647673247:,1747647683852
counter/6/0/0/0,33400:1747647678684:,1747647683852
counter/1/0/0/0,28673:1747647674752:,1747647683852
counter/7/0/0/0,33456:1747647677737:,1747647683852
counter/4/0/0/0,28175:1747647673560:,1747647683852
counter/3/0/0/0,27297:1747647673310:,1747647683852
counter/6/0/0/0,33401:1747647678684:,1747647683852
counter/1/0/0/0,28674:1747647674752:,1747647683852
counter/7/0/0/0,33457:1747647677737:,1747647683852
counter/4/0/0/0,28176:1747647673560:,1747647683852
counter/8/0/0/0,34923:1747647677623:,1747647683852
counter/3/0/0/0,27298:1747647673310:,1747647683853
counter/6/0/0/0,33402:1747647678684:,1747647683853
counter/1/0/0/0,28675:1747647674752:,1747647683853
counter/7/0/0/0,33458:1747647677737:,1747647683853
counter/4/0/0/0,28177:1747647673560:,1747647683853
counter/8/0/0/0,34924:1747647677623:,1747647683853
counter/3/0/0/0,27299:1747647673310:,1747647683853
counter/6/0/0/0,33403:1747647678684:,1747647683853
counter/1/0/0/0,28676:1747647674754:,1747647683853
counter/7/0/0/0,33459:1747647677737:,1747647683853
counter/4/0/0/0,28178:1747647673560:,1747647683853
counter/8/0/0/0,34925:1747647677623:,1747647683853
counter/3/0/0/0,27300:1747647673310:,1747647683853
counter/6/0/0/0,33404:1747647678684:,1747647683853
counter/1/0/0/0,28677:1747647674754:,1747647683853
counter/7/0/0/0,33460:1747647677737:,1747647683853
counter/4/0/0/0,28179:1747647673560:,1747647683853
counter/8/0/0/0,34926:1747647677628:,1747647683853
counter/3/0/0/0,27301:1747647673310:,1747647683853
counter/6/0/0/0,33405:1747647678684:,1747647683853
counter/1/0/0/0,28678:1747647674754:,1747647683853
counter/7/0/0/0,33461:1747647677737:,1747647683853
counter/8/0/0/0,34927:1747647677631:,1747647683853
counter/3/0/0/0,27302:1747647673310:,1747647683853
counter/6/0/0/0,33406:1747647678685:,1747647683853
counter/1/0/0/0,28679:1747647674754:,1747647683853
counter/7/0/0/0,33462:1747647677737:,1747647683853
counter/8/0/0/0,34928:1747647677631:,1747647683853
counter/3/0/0/0,27303:1747647673310:,1747647683853
counter/6/0/0/0,33407:1747647678690:,1747647683853
counter/1/0/0/0,28680:1747647674754:,1747647683853
counter/7/0/0/0,33463:1747647677746:,1747647683853
counter/8/0/0/0,34929:1747647677631:,1747647683853
counter/4/0/0/0,28180:1747647673560:,1747647683853
counter/3/0/0/0,27304:1747647673310:,1747647683853
counter/6/0/0/0,33408:1747647678690:,1747647683853
counter/1/0/0/0,28681:1747647674754:,1747647683853
counter/7/0/0/0,33464:1747647677746:,1747647683853
counter/8/0/0/0,34930:1747647677631:,1747647683853
counter/5/0/0/0,33739:1747647676980:,1747647683853
counter/10/0/0/0,27741:1747647671150:,1747647683854
counter/3/0/0/0,27305:1747647673310:,1747647683854
counter/6/0/0/0,33409:1747647678690:,1747647683854
counter/1/0/0/0,28682:1747647674756:,1747647683854
counter/7/0/0/0,33465:1747647677746:,1747647683854
counter/8/0/0/0,34931:1747647677631:,1747647683854
counter/3/0/0/0,27306:1747647673310:,1747647683854
counter/6/0/0/0,33410:1747647678690:,1747647683854
counter/1/0/0/0,28683:1747647674756:,1747647683854
counter/7/0/0/0,33466:1747647677746:,1747647683854
counter/8/0/0/0,34932:1747647677631:,1747647683854
counter/4/0/0/0,28181:1747647673560:,1747647683854
counter/3/0/0/0,27307:1747647673311:,1747647683854
counter/6/0/0/0,33411:1747647678690:,1747647683854
counter/1/0/0/0,28684:1747647674756:,1747647683854
counter/7/0/0/0,33467:1747647677746:,1747647683854
counter/8/0/0/0,34933:1747647677634:,1747647683854
counter/3/0/0/0,27308:1747647673311:,1747647683854
counter/6/0/0/0,33412:1747647678690:,1747647683854
counter/1/0/0/0,28685:1747647674756:,1747647683854
counter/7/0/0/0,33468:1747647677746:,1747647683854
counter/8/0/0/0,34934:1747647677635:,1747647683854
counter/3/0/0/0,27309:1747647673311:,1747647683854
counter/6/0/0/0,33413:1747647678690:,1747647683854
counter/1/0/0/0,28686:1747647674756:,1747647683854
counter/7/0/0/0,33469:1747647677746:,1747647683854
counter/8/0/0/0,34935:1747647677635:,1747647683854
counter/3/0/0/0,27310:1747647673328:,1747647683854
counter/6/0/0/0,33414:1747647678690:,1747647683854
counter/1/0/0/0,28687:1747647674756:,1747647683854
counter/7/0/0/0,33470:1747647677746:,1747647683854
counter/8/0/0/0,34936:1747647677665:,1747647683854
counter/3/0/0/0,27311:1747647673328:,1747647683854
counter/6/0/0/0,33415:1747647678690:,1747647683854
counter/1/0/0/0,28688:1747647674756:,1747647683854
counter/7/0/0/0,33471:1747647677746:,1747647683854
counter/8/0/0/0,34937:1747647677665:,1747647683854
counter/5/0/0/0,33740:1747647676980:,1747647683854
counter/3/0/0/0,27312:1747647673328:,1747647683855
counter/6/0/0/0,33416:1747647678690:,1747647683855
counter/1/0/0/0,28689:1747647674756:,1747647683855
counter/7/0/0/0,33472:1747647677746:,1747647683855
counter/8/0/0/0,34938:1747647677665:,1747647683855
counter/3/0/0/0,27313:1747647673328:,1747647683855
counter/6/0/0/0,33417:1747647678690:,1747647683855
counter/1/0/0/0,28690:1747647674757:,1747647683855
counter/7/0/0/0,33473:1747647677746:,1747647683855
counter/8/0/0/0,34939:1747647677665:,1747647683855
counter/3/0/0/0,27314:1747647673328:,1747647683855
counter/6/0/0/0,33418:1747647678690:,1747647683855
counter/1/0/0/0,28691:1747647674757:,1747647683855
counter/7/0/0/0,33474:1747647677746:,1747647683855
counter/8/0/0/0,34940:1747647677665:,1747647683855
counter/3/0/0/0,27315:1747647673328:,1747647683855
counter/6/0/0/0,33419:1747647678690:,1747647683855
counter/1/0/0/0,28692:1747647674757:,1747647683855
counter/7/0/0/0,33475:1747647677746:,1747647683855
counter/8/0/0/0,34941:1747647677666:,1747647683855
counter/3/0/0/0,27316:1747647673328:,1747647683855
counter/6/0/0/0,33420:1747647678690:,1747647683855
counter/1/0/0/0,28693:1747647674757:,1747647683855
counter/8/0/0/0,34942:1747647677666:,1747647683855
counter/3/0/0/0,27317:1747647673328:,1747647683855
counter/6/0/0/0,33421:1747647678690:,1747647683855
counter/1/0/0/0,28694:1747647674757:,1747647683855
counter/8/0/0/0,34943:1747647677666:,1747647683855
counter/3/0/0/0,27318:1747647673328:,1747647683855
counter/6/0/0/0,33422:1747647678690:,1747647683855
counter/1/0/0/0,28695:1747647674757:,1747647683855
counter/8/0/0/0,34944:1747647677666:,1747647683855
counter/3/0/0/0,27319:1747647673328:,1747647683855
counter/6/0/0/0,33423:1747647678690:,1747647683855
counter/1/0/0/0,28696:1747647674761:,1747647683855
counter/8/0/0/0,34945:1747647677666:,1747647683855
counter/3/0/0/0,27320:1747647673328:,1747647683855
counter/6/0/0/0,33424:1747647678690:,1747647683855
counter/1/0/0/0,28697:1747647674761:,1747647683856
counter/8/0/0/0,34946:1747647677666:,1747647683856
counter/3/0/0/0,27321:1747647673328:,1747647683856
counter/6/0/0/0,33425:1747647678690:,1747647683856
counter/1/0/0/0,28698:1747647674761:,1747647683856
counter/8/0/0/0,34947:1747647677666:,1747647683856
counter/3/0/0/0,27322:1747647673329:,1747647683856
counter/6/0/0/0,33426:1747647678690:,1747647683856
counter/1/0/0/0,28699:1747647674761:,1747647683856
counter/8/0/0/0,34948:1747647677666:,1747647683856
counter/3/0/0/0,27323:1747647673329:,1747647683856
counter/6/0/0/0,33427:1747647678690:,1747647683856
counter/1/0/0/0,28700:1747647674761:,1747647683856
counter/8/0/0/0,34949:1747647677666:,1747647683856
counter/3/0/0/0,27324:1747647673329:,1747647683856
counter/6/0/0/0,33428:1747647678691:,1747647683856
counter/1/0/0/0,28701:1747647674761:,1747647683856
counter/8/0/0/0,34950:1747647677666:,1747647683856
counter/3/0/0/0,27325:1747647673329:,1747647683856
counter/6/0/0/0,33429:1747647678691:,1747647683856
counter/1/0/0/0,28702:1747647674761:,1747647683856
counter/8/0/0/0,34951:1747647677666:,1747647683856
counter/3/0/0/0,27326:1747647673329:,1747647683856
counter/6/0/0/0,33430:1747647678691:,1747647683856
counter/1/0/0/0,28703:1747647674761:,1747647683856
counter/8/0/0/0,34952:1747647677666:,1747647683856
counter/3/0/0/0,27327:1747647673329:,1747647683856
counter/6/0/0/0,33431:1747647678691:,1747647683856
counter/1/0/0/0,28704:1747647674761:,1747647683856
counter/8/0/0/0,34953:1747647677666:,1747647683856
counter/4/0/0/0,28182:1747647673560:,1747647683856
counter/3/0/0/0,27328:1747647673329:,1747647683856
counter/6/0/0/0,33432:1747647678691:,1747647683856
counter/1/0/0/0,28705:1747647674761:,1747647683856
counter/8/0/0/0,34954:1747647677666:,1747647683856
counter/5/0/0/0,33741:1747647676980:,1747647683856
counter/3/0/0/0,27329:1747647673329:,1747647683856
counter/6/0/0/0,33433:1747647678692:,1747647683856
counter/1/0/0/0,28706:1747647674761:,1747647683856
counter/8/0/0/0,34955:1747647677666:,1747647683856
counter/3/0/0/0,27330:1747647673329:,1747647683856
counter/6/0/0/0,33434:1747647678692:,1747647683857
counter/1/0/0/0,28707:1747647674770:,1747647683857
counter/8/0/0/0,34956:1747647677666:,1747647683857
counter/3/0/0/0,27331:1747647673332:,1747647683857
counter/6/0/0/0,33435:1747647678692:,1747647683857
counter/1/0/0/0,28708:1747647674770:,1747647683857
counter/8/0/0/0,34957:1747647677666:,1747647683857
counter/3/0/0/0,27332:1747647673332:,1747647683857
counter/6/0/0/0,33436:1747647678692:,1747647683857
counter/1/0/0/0,28709:1747647674770:,1747647683857
counter/10/0/0/0,27742:1747647671150:,1747647683857
counter/7/0/0/0,33476:1747647677746:,1747647683857
counter/4/0/0/0,28183:1747647673560:,1747647683857
counter/3/0/0/0,27333:1747647673332:,1747647683857
counter/6/0/0/0,33437:1747647678692:,1747647683857
counter/1/0/0/0,28710:1747647674770:,1747647683857
counter/3/0/0/0,27334:1747647673332:,1747647683857
counter/6/0/0/0,33438:1747647678694:,1747647683857
counter/1/0/0/0,28711:1747647674770:,1747647683857
counter/7/0/0/0,33477:1747647677746:,1747647683857
counter/3/0/0/0,27335:1747647673332:,1747647683857
counter/6/0/0/0,33439:1747647678694:,1747647683857
counter/1/0/0/0,28712:1747647674770:,1747647683857
counter/4/0/0/0,28184:1747647673562:,1747647683857
counter/3/0/0/0,27336:1747647673332:,1747647683857
counter/6/0/0/0,33440:1747647678694:,1747647683857
counter/1/0/0/0,28713:1747647674770:,1747647683857
counter/10/0/0/0,27743:1747647671151:,1747647683857
counter/3/0/0/0,27337:1747647673332:,1747647683857
counter/6/0/0/0,33441:1747647678697:,1747647683857
counter/1/0/0/0,28714:1747647674770:,1747647683857
counter/7/0/0/0,33478:1747647677746:,1747647683857
counter/5/0/0/0,33742:1747647676983:,1747647683857
counter/3/0/0/0,27338:1747647673332:,1747647683857
counter/6/0/0/0,33442:1747647678697:,1747647683857
counter/1/0/0/0,28715:1747647674775:,1747647683857
counter/3/0/0/0,27339:1747647673332:,1747647683857
counter/6/0/0/0,33443:1747647678697:,1747647683857
counter/1/0/0/0,28716:1747647674775:,1747647683858
counter/5/0/0/0,33743:1747647676983:,1747647683858
counter/3/0/0/0,27340:1747647673332:,1747647683858
counter/6/0/0/0,33444:1747647678702:,1747647683858
counter/1/0/0/0,28717:1747647674775:,1747647683858
counter/5/0/0/0,33744:1747647676983:,1747647683858
counter/3/0/0/0,27341:1747647673332:,1747647683858
counter/6/0/0/0,33445:1747647678702:,1747647683858
counter/1/0/0/0,28718:1747647674775:,1747647683858
counter/5/0/0/0,33745:1747647676984:,1747647683858
counter/3/0/0/0,27342:1747647673332:,1747647683858
counter/6/0/0/0,33446:1747647678702:,1747647683858
counter/1/0/0/0,28719:1747647674775:,1747647683858
counter/5/0/0/0,33746:1747647676985:,1747647683858
counter/3/0/0/0,27343:1747647673332:,1747647683858
counter/6/0/0/0,33447:1747647678702:,1747647683858
counter/1/0/0/0,28720:1747647674775:,1747647683858
counter/5/0/0/0,33747:1747647676985:,1747647683858
counter/3/0/0/0,27344:1747647673332:,1747647683858
counter/6/0/0/0,33448:1747647678702:,1747647683858
counter/1/0/0/0,28721:1747647674778:,1747647683858
counter/5/0/0/0,33748:1747647676985:,1747647683858
counter/3/0/0/0,27345:1747647673332:,1747647683858
counter/6/0/0/0,33449:1747647678702:,1747647683858
counter/1/0/0/0,28722:1747647674795:,1747647683858
counter/5/0/0/0,33749:1747647676985:,1747647683858
counter/3/0/0/0,27346:1747647673335:,1747647683858
counter/6/0/0/0,33450:1747647678702:,1747647683858
counter/1/0/0/0,28723:1747647674795:,1747647683858
counter/5/0/0/0,33750:1747647676985:,1747647683858
counter/3/0/0/0,27347:1747647673338:,1747647683858
counter/6/0/0/0,33451:1747647678702:,1747647683858
counter/1/0/0/0,28724:1747647674795:,1747647683858
counter/5/0/0/0,33751:1747647676985:,1747647683858
counter/3/0/0/0,27348:1747647673338:,1747647683858
counter/6/0/0/0,33452:1747647678702:,1747647683858
counter/1/0/0/0,28725:1747647674795:,1747647683858
counter/5/0/0/0,33752:1747647676985:,1747647683858
counter/3/0/0/0,27349:1747647673338:,1747647683858
counter/6/0/0/0,33453:1747647678702:,1747647683858
counter/1/0/0/0,28726:1747647674795:,1747647683858
counter/5/0/0/0,33753:1747647676985:,1747647683858
counter/3/0/0/0,27350:1747647673338:,1747647683858
counter/6/0/0/0,33454:1747647678702:,1747647683859
counter/1/0/0/0,28727:1747647674795:,1747647683859
counter/5/0/0/0,33754:1747647676985:,1747647683859
counter/7/0/0/0,33479:1747647677746:,1747647683859
counter/3/0/0/0,27351:1747647673338:,1747647683859
counter/6/0/0/0,33455:1747647678702:,1747647683859
counter/1/0/0/0,28728:1747647674795:,1747647683859
counter/5/0/0/0,33755:1747647676986:,1747647683859
counter/3/0/0/0,27352:1747647673338:,1747647683859
counter/6/0/0/0,33456:1747647678702:,1747647683859
counter/1/0/0/0,28729:1747647674795:,1747647683859
counter/5/0/0/0,33756:1747647676986:,1747647683859
counter/7/0/0/0,33480:1747647677749:,1747647683859
counter/3/0/0/0,27353:1747647673338:,1747647683859
counter/6/0/0/0,33457:1747647678702:,1747647683859
counter/1/0/0/0,28730:1747647674795:,1747647683859
counter/5/0/0/0,33757:1747647676986:,1747647683859
counter/7/0/0/0,33481:1747647677749:,1747647683859
counter/3/0/0/0,27354:1747647673338:,1747647683859
counter/6/0/0/0,33458:1747647678702:,1747647683859
counter/1/0/0/0,28731:1747647674798:,1747647683859
counter/5/0/0/0,33758:1747647676986:,1747647683859
counter/7/0/0/0,33482:1747647677753:,1747647683859
counter/8/0/0/0,34958:1747647677666:,1747647683859
counter/4/0/0/0,28185:1747647673562:,1747647683859
counter/3/0/0/0,27355:1747647673338:,1747647683859
counter/6/0/0/0,33459:1747647678702:,1747647683859
counter/1/0/0/0,28732:1747647674798:,1747647683859
counter/5/0/0/0,33759:1747647676998:,1747647683859
counter/7/0/0/0,33483:1747647677753:,1747647683859
counter/10/0/0/0,27744:1747647671151:,1747647683859
counter/3/0/0/0,27356:1747647673338:,1747647683859
counter/6/0/0/0,33460:1747647678702:,1747647683859
counter/1/0/0/0,28733:1747647674798:,1747647683859
counter/5/0/0/0,33760:1747647676998:,1747647683859
counter/7/0/0/0,33484:1747647677753:,1747647683859
counter/10/0/0/0,27745:1747647671151:,1747647683859
counter/4/0/0/0,28186:1747647673562:,1747647683859
counter/3/0/0/0,27357:1747647673342:,1747647683859
counter/6/0/0/0,33461:1747647678702:,1747647683859
counter/1/0/0/0,28734:1747647674798:,1747647683859
counter/5/0/0/0,33761:1747647676998:,1747647683859
counter/7/0/0/0,33485:1747647677753:,1747647683860
counter/10/0/0/0,27746:1747647671151:,1747647683860
counter/3/0/0/0,27358:1747647673365:,1747647683860
counter/6/0/0/0,33462:1747647678703:,1747647683860
counter/1/0/0/0,28735:1747647674798:,1747647683860
counter/5/0/0/0,33762:1747647676998:,1747647683860
counter/7/0/0/0,33486:1747647677753:,1747647683860
counter/10/0/0/0,27747:1747647671151:,1747647683860
counter/3/0/0/0,27359:1747647673366:,1747647683860
counter/6/0/0/0,33463:1747647678703:,1747647683860
counter/1/0/0/0,28736:1747647674798:,1747647683860
counter/5/0/0/0,33763:1747647676998:,1747647683860
counter/7/0/0/0,33487:1747647677753:,1747647683860
counter/3/0/0/0,27360:1747647673366:,1747647683860
counter/6/0/0/0,33464:1747647678703:,1747647683860
counter/1/0/0/0,28737:1747647674798:,1747647683860
counter/5/0/0/0,33764:1747647676998:,1747647683860
counter/7/0/0/0,33488:1747647677753:,1747647683860
counter/3/0/0/0,27361:1747647673366:,1747647683860
counter/6/0/0/0,33465:1747647678722:,1747647683860
counter/1/0/0/0,28738:1747647674798:,1747647683860
counter/5/0/0/0,33765:1747647676998:,1747647683860
counter/7/0/0/0,33489:1747647677753:,1747647683860
counter/3/0/0/0,27362:1747647673366:,1747647683860
counter/6/0/0/0,33466:1747647678722:,1747647683860
counter/1/0/0/0,28739:1747647674813:,1747647683860
counter/5/0/0/0,33766:1747647676998:,1747647683860
counter/7/0/0/0,33490:1747647677753:,1747647683860
counter/3/0/0/0,27363:1747647673366:,1747647683860
counter/6/0/0/0,33467:1747647678722:,1747647683860
counter/1/0/0/0,28740:1747647674813:,1747647683860
counter/5/0/0/0,33767:1747647676998:,1747647683860
counter/7/0/0/0,33491:1747647677753:,1747647683860
counter/3/0/0/0,27364:1747647673366:,1747647683860
counter/6/0/0/0,33468:1747647678722:,1747647683860
counter/1/0/0/0,28741:1747647674813:,1747647683860
counter/5/0/0/0,33768:1747647676998:,1747647683860
counter/7/0/0/0,33492:1747647677753:,1747647683860
counter/3/0/0/0,27365:1747647673366:,1747647683860
counter/6/0/0/0,33469:1747647678722:,1747647683860
counter/1/0/0/0,28742:1747647674813:,1747647683860
counter/5/0/0/0,33769:1747647676998:,1747647683861
counter/7/0/0/0,33493:1747647677753:,1747647683861
counter/3/0/0/0,27366:1747647673366:,1747647683861
counter/6/0/0/0,33470:1747647678722:,1747647683861
counter/1/0/0/0,28743:1747647674818:,1747647683861
counter/5/0/0/0,33770:1747647676998:,1747647683861
counter/7/0/0/0,33494:1747647677753:,1747647683861
counter/3/0/0/0,27367:1747647673366:,1747647683861
counter/6/0/0/0,33471:1747647678722:,1747647683861
counter/1/0/0/0,28744:1747647674818:,1747647683861
counter/5/0/0/0,33771:1747647676998:,1747647683861
counter/7/0/0/0,33495:1747647677753:,1747647683861
counter/3/0/0/0,27368:1747647673366:,1747647683861
counter/6/0/0/0,33472:1747647678722:,1747647683861
counter/1/0/0/0,28745:1747647674818:,1747647683861
counter/5/0/0/0,33772:1747647676998:,1747647683861
counter/7/0/0/0,33496:1747647677753:,1747647683861
counter/3/0/0/0,27369:1747647673366:,1747647683861
counter/6/0/0/0,33473:1747647678724:,1747647683861
counter/1/0/0/0,28746:1747647674818:,1747647683861
counter/5/0/0/0,33773:1747647676998:,1747647683861
counter/7/0/0/0,33497:1747647677768:,1747647683861
counter/3/0/0/0,27370:1747647673366:,1747647683861
counter/6/0/0/0,33474:1747647678730:,1747647683861
counter/1/0/0/0,28747:1747647674818:,1747647683861
counter/5/0/0/0,33774:1747647676998:,1747647683861
counter/7/0/0/0,33498:1747647677768:,1747647683861
counter/10/0/0/0,27748:1747647671151:,1747647683861
counter/3/0/0/0,27371:1747647673366:,1747647683861
counter/6/0/0/0,33475:1747647678730:,1747647683861
counter/1/0/0/0,28748:1747647674818:,1747647683861
counter/5/0/0/0,33775:1747647676998:,1747647683861
counter/7/0/0/0,33499:1747647677768:,1747647683861
counter/3/0/0/0,27372:1747647673366:,1747647683861
counter/6/0/0/0,33476:1747647678730:,1747647683861
counter/1/0/0/0,28749:1747647674818:,1747647683861
counter/5/0/0/0,33776:1747647676998:,1747647683861
counter/7/0/0/0,33500:1747647677783:,1747647683861
counter/3/0/0/0,27373:1747647673368:,1747647683861
counter/6/0/0/0,33477:1747647678730:,1747647683861
counter/1/0/0/0,28750:1747647674822:,1747647683861
counter/5/0/0/0,33777:1747647676998:,1747647683861
counter/7/0/0/0,33501:1747647677783:,1747647683862
counter/3/0/0/0,27374:1747647673369:,1747647683862
counter/6/0/0/0,33478:1747647678730:,1747647683862
counter/1/0/0/0,28751:1747647674822:,1747647683862
counter/5/0/0/0,33778:1747647676998:,1747647683862
counter/7/0/0/0,33502:1747647677783:,1747647683862
counter/10/0/0/0,27749:1747647671151:,1747647683862
counter/3/0/0/0,27375:1747647673369:,1747647683862
counter/6/0/0/0,33479:1747647678730:,1747647683862
counter/1/0/0/0,28752:1747647674822:,1747647683862
counter/5/0/0/0,33779:1747647676998:,1747647683862
counter/7/0/0/0,33503:1747647677788:,1747647683862
counter/4/0/0/0,28187:1747647673563:,1747647683862
counter/3/0/0/0,27376:1747647673369:,1747647683862
counter/6/0/0/0,33480:1747647678730:,1747647683862
counter/1/0/0/0,28753:1747647674822:,1747647683862
counter/7/0/0/0,33504:1747647677788:,1747647683862
counter/8/0/0/0,34959:1747647677666:,1747647683862
counter/3/0/0/0,27377:1747647673369:,1747647683862
counter/6/0/0/0,33481:1747647678730:,1747647683862
counter/1/0/0/0,28754:1747647674822:,1747647683862
counter/7/0/0/0,33505:1747647677788:,1747647683862
counter/4/0/0/0,28188:1747647673563:,1747647683862
counter/3/0/0/0,27378:1747647673369:,1747647683862
counter/6/0/0/0,33482:1747647678730:,1747647683862
counter/1/0/0/0,28755:1747647674822:,1747647683862
counter/7/0/0/0,33506:1747647677788:,1747647683862
counter/3/0/0/0,27379:1747647673369:,1747647683862
counter/6/0/0/0,33483:1747647678730:,1747647683862
counter/1/0/0/0,28756:1747647674822:,1747647683862
counter/7/0/0/0,33507:1747647677788:,1747647683862
counter/3/0/0/0,27380:1747647673369:,1747647683862
counter/6/0/0/0,33484:1747647678732:,1747647683862
counter/1/0/0/0,28757:1747647674822:,1747647683862
counter/7/0/0/0,33508:1747647677788:,1747647683862
counter/3/0/0/0,27381:1747647673369:,1747647683862
counter/6/0/0/0,33485:1747647678732:,1747647683862
counter/1/0/0/0,28758:1747647674822:,1747647683862
counter/7/0/0/0,33509:1747647677788:,1747647683862
counter/3/0/0/0,27382:1747647673369:,1747647683862
counter/6/0/0/0,33486:1747647678732:,1747647683862
counter/1/0/0/0,28759:1747647674822:,1747647683863
counter/7/0/0/0,33510:1747647677789:,1747647683863
counter/3/0/0/0,27383:1747647673369:,1747647683863
counter/6/0/0/0,33487:1747647678732:,1747647683863
counter/1/0/0/0,28760:1747647674822:,1747647683863
counter/7/0/0/0,33511:1747647677789:,1747647683863
counter/10/0/0/0,27750:1747647671151:,1747647683863
counter/3/0/0/0,27384:1747647673369:,1747647683863
counter/6/0/0/0,33488:1747647678732:,1747647683863
counter/1/0/0/0,28761:1747647674822:,1747647683863
counter/7/0/0/0,33512:1747647677789:,1747647683863
counter/4/0/0/0,28189:1747647673563:,1747647683863
counter/3/0/0/0,27385:1747647673369:,1747647683863
counter/6/0/0/0,33489:1747647678732:,1747647683863
counter/1/0/0/0,28762:1747647674822:,1747647683863
counter/7/0/0/0,33513:1747647677789:,1747647683863
counter/5/0/0/0,33780:1747647676998:,1747647683863
counter/3/0/0/0,27386:1747647673369:,1747647683863
counter/6/0/0/0,33490:1747647678732:,1747647683863
counter/1/0/0/0,28763:1747647674822:,1747647683863
counter/7/0/0/0,33514:1747647677789:,1747647683863
counter/3/0/0/0,27387:1747647673369:,1747647683863
counter/6/0/0/0,33491:1747647678732:,1747647683863
counter/1/0/0/0,28764:1747647674822:,1747647683863
counter/7/0/0/0,33515:1747647677789:,1747647683863
counter/3/0/0/0,27388:1747647673369:,1747647683863
counter/6/0/0/0,33492:1747647678750:,1747647683863
counter/1/0/0/0,28765:1747647674822:,1747647683863
counter/7/0/0/0,33516:1747647677789:,1747647683863
counter/3/0/0/0,27389:1747647673369:,1747647683863
counter/6/0/0/0,33493:1747647678750:,1747647683863
counter/1/0/0/0,28766:1747647674822:,1747647683863
counter/7/0/0/0,33517:1747647677789:,1747647683863
counter/3/0/0/0,27390:1747647673369:,1747647683863
counter/6/0/0/0,33494:1747647678750:,1747647683863
counter/1/0/0/0,28767:1747647674822:,1747647683863
counter/7/0/0/0,33518:1747647677789:,1747647683863
counter/3/0/0/0,27391:1747647673369:,1747647683863
counter/6/0/0/0,33495:1747647678750:,1747647683863
counter/1/0/0/0,28768:1747647674822:,1747647683863
counter/7/0/0/0,33519:1747647677789:,1747647683863
counter/3/0/0/0,27392:1747647673369:,1747647683863
counter/6/0/0/0,33496:1747647678750:,1747647683863
counter/1/0/0/0,28769:1747647674824:,1747647683863
counter/7/0/0/0,33520:1747647677789:,1747647683864
counter/3/0/0/0,27393:1747647673369:,1747647683864
counter/6/0/0/0,33497:1747647678750:,1747647683864
counter/1/0/0/0,28770:1747647674824:,1747647683864
counter/7/0/0/0,33521:1747647677789:,1747647683864
counter/3/0/0/0,27394:1747647673370:,1747647683864
counter/6/0/0/0,33498:1747647678750:,1747647683864
counter/1/0/0/0,28771:1747647674824:,1747647683864
counter/7/0/0/0,33522:1747647677795:,1747647683864
counter/3/0/0/0,27395:1747647673370:,1747647683864
counter/6/0/0/0,33499:1747647678750:,1747647683864
counter/1/0/0/0,28772:1747647674825:,1747647683864
counter/7/0/0/0,33523:1747647677795:,1747647683864
counter/3/0/0/0,27396:1747647673370:,1747647683864
counter/6/0/0/0,33500:1747647678750:,1747647683864
counter/1/0/0/0,28773:1747647674825:,1747647683864
counter/7/0/0/0,33524:1747647677795:,1747647683864
counter/3/0/0/0,27397:1747647673370:,1747647683864
counter/6/0/0/0,33501:1747647678750:,1747647683864
counter/1/0/0/0,28774:1747647674825:,1747647683864
counter/7/0/0/0,33525:1747647677795:,1747647683864
counter/3/0/0/0,27398:1747647673370:,1747647683864
counter/6/0/0/0,33502:1747647678750:,1747647683864
counter/1/0/0/0,28775:1747647674825:,1747647683864
counter/7/0/0/0,33526:1747647677795:,1747647683864
counter/3/0/0/0,27399:1747647673370:,1747647683864
counter/6/0/0/0,33503:1747647678750:,1747647683864
counter/1/0/0/0,28776:1747647674825:,1747647683864
counter/7/0/0/0,33527:1747647677799:,1747647683864
counter/3/0/0/0,27400:1747647673370:,1747647683864
counter/6/0/0/0,33504:1747647678751:,1747647683864
counter/1/0/0/0,28777:1747647674825:,1747647683864
counter/7/0/0/0,33528:1747647677799:,1747647683864
counter/3/0/0/0,27401:1747647673370:,1747647683864
counter/6/0/0/0,33505:1747647678751:,1747647683864
counter/1/0/0/0,28778:1747647674825:,1747647683864
counter/7/0/0/0,33529:1747647677799:,1747647683864
counter/3/0/0/0,27402:1747647673370:,1747647683864
counter/6/0/0/0,33506:1747647678751:,1747647683864
counter/1/0/0/0,28779:1747647674825:,1747647683864
counter/7/0/0/0,33530:1747647677799:,1747647683864
counter/3/0/0/0,27403:1747647673370:,1747647683864
counter/6/0/0/0,33507:1747647678762:,1747647683865
counter/1/0/0/0,28780:1747647674845:,1747647683865
counter/7/0/0/0,33531:1747647677799:,1747647683865
counter/3/0/0/0,27404:1747647673370:,1747647683865
counter/6/0/0/0,33508:1747647678762:,1747647683865
counter/1/0/0/0,28781:1747647674845:,1747647683865
counter/7/0/0/0,33532:1747647677799:,1747647683865
counter/3/0/0/0,27405:1747647673370:,1747647683865
counter/6/0/0/0,33509:1747647678762:,1747647683865
counter/1/0/0/0,28782:1747647674845:,1747647683865
counter/7/0/0/0,33533:1747647677799:,1747647683865
counter/4/0/0/0,28190:1747647673563:,1747647683865
counter/3/0/0/0,27406:1747647673370:,1747647683865
counter/6/0/0/0,33510:1747647678762:,1747647683865
counter/1/0/0/0,28783:1747647674856:,1747647683865
counter/7/0/0/0,33534:1747647677799:,1747647683865
counter/5/0/0/0,33781:1747647676998:,1747647683865
counter/3/0/0/0,27407:1747647673370:,1747647683865
counter/6/0/0/0,33511:1747647678762:,1747647683865
counter/1/0/0/0,28784:1747647674857:,1747647683865
counter/7/0/0/0,33535:1747647677809:,1747647683865
counter/3/0/0/0,27408:1747647673370:,1747647683865
counter/6/0/0/0,33512:1747647678762:,1747647683865
counter/1/0/0/0,28785:1747647674857:,1747647683865
counter/7/0/0/0,33536:1747647677809:,1747647683865
counter/3/0/0/0,27409:1747647673370:,1747647683865
counter/6/0/0/0,33513:1747647678762:,1747647683865
counter/1/0/0/0,28786:1747647674875:,1747647683865
counter/7/0/0/0,33537:1747647677809:,1747647683865
counter/3/0/0/0,27410:1747647673370:,1747647683865
counter/6/0/0/0,33514:1747647678762:,1747647683865
counter/1/0/0/0,28787:1747647674875:,1747647683865
counter/7/0/0/0,33538:1747647677809:,1747647683865
counter/3/0/0/0,27411:1747647673370:,1747647683865
counter/6/0/0/0,33515:1747647678762:,1747647683865
counter/1/0/0/0,28788:1747647674875:,1747647683865
counter/7/0/0/0,33539:1747647677809:,1747647683865
counter/3/0/0/0,27412:1747647673370:,1747647683866
counter/6/0/0/0,33516:1747647678762:,1747647683866
counter/1/0/0/0,28789:1747647674875:,1747647683866
counter/7/0/0/0,33540:1747647677809:,1747647683866
counter/3/0/0/0,27413:1747647673373:,1747647683866
counter/6/0/0/0,33517:1747647678762:,1747647683866
counter/1/0/0/0,28790:1747647674875:,1747647683866
counter/7/0/0/0,33541:1747647677809:,1747647683866
counter/5/0/0/0,33782:1747647676998:,1747647683866
counter/3/0/0/0,27414:1747647673373:,1747647683866
counter/6/0/0/0,33518:1747647678762:,1747647683866
counter/1/0/0/0,28791:1747647674875:,1747647683866
counter/7/0/0/0,33542:1747647677809:,1747647683866
counter/3/0/0/0,27415:1747647673374:,1747647683866
counter/6/0/0/0,33519:1747647678762:,1747647683866
counter/1/0/0/0,28792:1747647674875:,1747647683866
counter/7/0/0/0,33543:1747647677809:,1747647683866
counter/3/0/0/0,27416:1747647673374:,1747647683866
counter/6/0/0/0,33520:1747647678762:,1747647683866
counter/1/0/0/0,28793:1747647674875:,1747647683866
counter/7/0/0/0,33544:1747647677809:,1747647683866
counter/3/0/0/0,27417:1747647673374:,1747647683866
counter/6/0/0/0,33521:1747647678766:,1747647683866
counter/1/0/0/0,28794:1747647674875:,1747647683866
counter/7/0/0/0,33545:1747647677809:,1747647683866
counter/8/0/0/0,34960:1747647677666:,1747647683866
counter/3/0/0/0,27418:1747647673374:,1747647683866
counter/6/0/0/0,33522:1747647678766:,1747647683866
counter/1/0/0/0,28795:1747647674875:,1747647683866
counter/7/0/0/0,33546:1747647677809:,1747647683866
counter/4/0/0/0,28191:1747647673563:,1747647683866
counter/3/0/0/0,27419:1747647673374:,1747647683866
counter/6/0/0/0,33523:1747647678767:,1747647683866
counter/1/0/0/0,28796:1747647674875:,1747647683866
counter/7/0/0/0,33547:1747647677809:,1747647683866
counter/4/0/0/0,28192:1747647673563:,1747647683866
counter/3/0/0/0,27420:1747647673374:,1747647683866
counter/6/0/0/0,33524:1747647678767:,1747647683866
counter/1/0/0/0,28797:1747647674875:,1747647683866
counter/7/0/0/0,33548:1747647677809:,1747647683866
counter/4/0/0/0,28193:1747647673569:,1747647683866
counter/10/0/0/0,27751:1747647671151:,1747647683867
counter/8/0/0/0,34961:1747647677666:,1747647683867
counter/3/0/0/0,27421:1747647673374:,1747647683867
counter/6/0/0/0,33525:1747647678767:,1747647683867
counter/1/0/0/0,28798:1747647674875:,1747647683867
counter/7/0/0/0,33549:1747647677809:,1747647683867
counter/4/0/0/0,28194:1747647673569:,1747647683867
counter/8/0/0/0,34962:1747647677666:,1747647683867
counter/3/0/0/0,27422:1747647673374:,1747647683867
counter/6/0/0/0,33526:1747647678767:,1747647683867
counter/1/0/0/0,28799:1747647674886:,1747647683867
counter/7/0/0/0,33550:1747647677809:,1747647683867
counter/4/0/0/0,28195:1747647673569:,1747647683867
counter/8/0/0/0,34963:1747647677666:,1747647683867
counter/3/0/0/0,27423:1747647673376:,1747647683867
counter/6/0/0/0,33527:1747647678767:,1747647683867
counter/1/0/0/0,28800:1747647674886:,1747647683867
counter/7/0/0/0,33551:1747647677809:,1747647683867
counter/4/0/0/0,28196:1747647673569:,1747647683867
counter/8/0/0/0,34964:1747647677667:,1747647683867
counter/3/0/0/0,27424:1747647673377:,1747647683867
counter/6/0/0/0,33528:1747647678767:,1747647683867
counter/1/0/0/0,28801:1747647674886:,1747647683867
counter/7/0/0/0,33552:1747647677810:,1747647683867
counter/8/0/0/0,34965:1747647677667:,1747647683867
counter/3/0/0/0,27425:1747647673377:,1747647683867
counter/6/0/0/0,33529:1747647678773:,1747647683867
counter/1/0/0/0,28802:1747647674886:,1747647683867
counter/7/0/0/0,33553:1747647677810:,1747647683867
counter/8/0/0/0,34966:1747647677667:,1747647683867
counter/3/0/0/0,27426:1747647673377:,1747647683867
counter/6/0/0/0,33530:1747647678773:,1747647683867
counter/1/0/0/0,28803:1747647674886:,1747647683867
counter/7/0/0/0,33554:1747647677810:,1747647683867
counter/8/0/0/0,34967:1747647677691:,1747647683867
counter/3/0/0/0,27427:1747647673377:,1747647683868
counter/6/0/0/0,33531:1747647678773:,1747647683868
counter/1/0/0/0,28804:1747647674886:,1747647683868
counter/7/0/0/0,33555:1747647677810:,1747647683868
counter/8/0/0/0,34968:1747647677692:,1747647683868
counter/3/0/0/0,27428:1747647673377:,1747647683868
counter/6/0/0/0,33532:1747647678773:,1747647683868
counter/1/0/0/0,28805:1747647674887:,1747647683868
counter/7/0/0/0,33556:1747647677810:,1747647683868
counter/8/0/0/0,34969:1747647677692:,1747647683868
counter/4/0/0/0,28197:1747647673569:,1747647683868
counter/3/0/0/0,27429:1747647673377:,1747647683868
counter/6/0/0/0,33533:1747647678773:,1747647683868
counter/1/0/0/0,28806:1747647674887:,1747647683868
counter/7/0/0/0,33557:1747647677810:,1747647683868
counter/8/0/0/0,34970:1747647677692:,1747647683868
counter/3/0/0/0,27430:1747647673377:,1747647683868
counter/6/0/0/0,33534:1747647678773:,1747647683868
counter/1/0/0/0,28807:1747647674888:,1747647683868
counter/7/0/0/0,33558:1747647677810:,1747647683868
counter/8/0/0/0,34971:1747647677692:,1747647683868
counter/3/0/0/0,27431:1747647673377:,1747647683868
counter/6/0/0/0,33535:1747647678773:,1747647683868
counter/1/0/0/0,28808:1747647674888:,1747647683868
counter/7/0/0/0,33559:1747647677810:,1747647683868
counter/8/0/0/0,34972:1747647677692:,1747647683868
counter/3/0/0/0,27432:1747647673384:,1747647683868
counter/6/0/0/0,33536:1747647678773:,1747647683868
counter/1/0/0/0,28809:1747647674888:,1747647683868
counter/7/0/0/0,33560:1747647677810:,1747647683868
counter/8/0/0/0,34973:1747647677692:,1747647683868
counter/5/0/0/0,33783:1747647677000:,1747647683868
counter/3/0/0/0,27433:1747647673384:,1747647683868
counter/6/0/0/0,33537:1747647678773:,1747647683868
counter/1/0/0/0,28810:1747647674901:,1747647683868
counter/7/0/0/0,33561:1747647677810:,1747647683868
counter/8/0/0/0,34974:1747647677692:,1747647683868
counter/3/0/0/0,27434:1747647673384:,1747647683868
counter/6/0/0/0,33538:1747647678773:,1747647683868
counter/1/0/0/0,28811:1747647674901:,1747647683868
counter/7/0/0/0,33562:1747647677810:,1747647683868
counter/8/0/0/0,34975:1747647677692:,1747647683868
counter/3/0/0/0,27435:1747647673384:,1747647683868
counter/6/0/0/0,33539:1747647678773:,1747647683869
counter/1/0/0/0,28812:1747647674901:,1747647683869
counter/7/0/0/0,33563:1747647677810:,1747647683869
counter/8/0/0/0,34976:1747647677692:,1747647683869
counter/3/0/0/0,27436:1747647673384:,1747647683869
counter/6/0/0/0,33540:1747647678773:,1747647683869
counter/1/0/0/0,28813:1747647674901:,1747647683869
counter/7/0/0/0,33564:1747647677810:,1747647683869
counter/8/0/0/0,34977:1747647677692:,1747647683869
counter/3/0/0/0,27437:1747647673384:,1747647683869
counter/6/0/0/0,33541:1747647678773:,1747647683869
counter/1/0/0/0,28814:1747647674901:,1747647683869
counter/7/0/0/0,33565:1747647677810:,1747647683869
counter/8/0/0/0,34978:1747647677692:,1747647683869
counter/3/0/0/0,27438:1747647673384:,1747647683869
counter/6/0/0/0,33542:1747647678778:,1747647683869
counter/1/0/0/0,28815:1747647674901:,1747647683869
counter/7/0/0/0,33566:1747647677810:,1747647683869
counter/8/0/0/0,34979:1747647677692:,1747647683869
counter/5/0/0/0,33784:1747647677000:,1747647683869
counter/4/0/0/0,28198:1747647673569:,1747647683869
counter/3/0/0/0,27439:1747647673384:,1747647683869
counter/6/0/0/0,33543:1747647678784:,1747647683869
counter/1/0/0/0,28816:1747647674901:,1747647683869
counter/7/0/0/0,33567:1747647677810:,1747647683869
counter/8/0/0/0,34980:1747647677692:,1747647683869
counter/3/0/0/0,27440:1747647673384:,1747647683869
counter/6/0/0/0,33544:1747647678784:,1747647683869
counter/1/0/0/0,28817:1747647674901:,1747647683869
counter/7/0/0/0,33568:1747647677810:,1747647683869
counter/8/0/0/0,34981:1747647677692:,1747647683869
counter/5/0/0/0,33785:1747647677000:,1747647683869
counter/3/0/0/0,27441:1747647673384:,1747647683869
counter/6/0/0/0,33545:1747647678784:,1747647683869
counter/1/0/0/0,28818:1747647674901:,1747647683869
counter/7/0/0/0,33569:1747647677810:,1747647683870
counter/8/0/0/0,34982:1747647677692:,1747647683870
counter/4/0/0/0,28199:1747647673569:,1747647683870
counter/10/0/0/0,27752:1747647671151:,1747647683870
counter/3/0/0/0,27442:1747647673384:,1747647683870
counter/6/0/0/0,33546:1747647678791:,1747647683870
counter/1/0/0/0,28819:1747647674901:,1747647683870
counter/7/0/0/0,33570:1747647677810:,1747647683870
counter/8/0/0/0,34983:1747647677695:,1747647683870
counter/5/0/0/0,33786:1747647677000:,1747647683870
counter/3/0/0/0,27443:1747647673384:,1747647683870
counter/6/0/0/0,33547:1747647678791:,1747647683870
counter/1/0/0/0,28820:1747647674901:,1747647683870
counter/7/0/0/0,33571:1747647677810:,1747647683870
counter/8/0/0/0,34984:1747647677695:,1747647683870
counter/3/0/0/0,27444:1747647673384:,1747647683870
counter/6/0/0/0,33548:1747647678791:,1747647683870
counter/1/0/0/0,28821:1747647674901:,1747647683870
counter/7/0/0/0,33572:1747647677810:,1747647683870
counter/8/0/0/0,34985:1747647677697:,1747647683870
counter/5/0/0/0,33787:1747647677000:,1747647683870
counter/3/0/0/0,27445:1747647673384:,1747647683870
counter/6/0/0/0,33549:1747647678791:,1747647683870
counter/1/0/0/0,28822:1747647674901:,1747647683870
counter/7/0/0/0,33573:1747647677810:,1747647683870
counter/8/0/0/0,34986:1747647677697:,1747647683870
counter/10/0/0/0,27753:1747647671151:,1747647683870
counter/3/0/0/0,27446:1747647673394:,1747647683870
counter/6/0/0/0,33550:1747647678791:,1747647683870
counter/1/0/0/0,28823:1747647674902:,1747647683870
counter/7/0/0/0,33574:1747647677810:,1747647683870
counter/8/0/0/0,34987:1747647677697:,1747647683870
counter/3/0/0/0,27447:1747647673394:,1747647683870
counter/6/0/0/0,33551:1747647678791:,1747647683870
counter/1/0/0/0,28824:1747647674902:,1747647683870
counter/7/0/0/0,33575:1747647677810:,1747647683870
counter/8/0/0/0,34988:1747647677697:,1747647683870
counter/3/0/0/0,27448:1747647673394:,1747647683870
counter/6/0/0/0,33552:1747647678791:,1747647683870
counter/1/0/0/0,28825:1747647674902:,1747647683870
counter/8/0/0/0,34989:1747647677697:,1747647683870
counter/3/0/0/0,27449:1747647673394:,1747647683870
counter/6/0/0/0,33553:1747647678792:,1747647683871
counter/1/0/0/0,28826:1747647674902:,1747647683871
counter/8/0/0/0,34990:1747647677697:,1747647683871
counter/3/0/0/0,27450:1747647673396:,1747647683871
counter/6/0/0/0,33554:1747647678792:,1747647683871
counter/1/0/0/0,28827:1747647674902:,1747647683871
counter/8/0/0/0,34991:1747647677697:,1747647683871
counter/3/0/0/0,27451:1747647673396:,1747647683871
counter/6/0/0/0,33555:1747647678792:,1747647683871
counter/1/0/0/0,28828:1747647674903:,1747647683871
counter/8/0/0/0,34992:1747647677697:,1747647683871
counter/3/0/0/0,27452:1747647673396:,1747647683871
counter/6/0/0/0,33556:1747647678792:,1747647683871
counter/1/0/0/0,28829:1747647674904:,1747647683871
counter/8/0/0/0,34993:1747647677697:,1747647683871
counter/3/0/0/0,27453:1747647673396:,1747647683871
counter/6/0/0/0,33557:1747647678792:,1747647683871
counter/1/0/0/0,28830:1747647674904:,1747647683871
counter/8/0/0/0,34994:1747647677697:,1747647683871
counter/3/0/0/0,27454:1747647673396:,1747647683871
counter/6/0/0/0,33558:1747647678792:,1747647683871
counter/1/0/0/0,28831:1747647674904:,1747647683871
counter/8/0/0/0,34995:1747647677697:,1747647683871
counter/3/0/0/0,27455:1747647673396:,1747647683871
counter/6/0/0/0,33559:1747647678792:,1747647683871
counter/1/0/0/0,28832:1747647674904:,1747647683871
counter/8/0/0/0,34996:1747647677698:,1747647683871
counter/4/0/0/0,28200:1747647673569:,1747647683871
counter/3/0/0/0,27456:1747647673396:,1747647683871
counter/6/0/0/0,33560:1747647678792:,1747647683871
counter/1/0/0/0,28833:1747647674904:,1747647683871
counter/8/0/0/0,34997:1747647677698:,1747647683871
counter/3/0/0/0,27457:1747647673409:,1747647683871
counter/6/0/0/0,33561:1747647678792:,1747647683871
counter/1/0/0/0,28834:1747647674904:,1747647683871
counter/3/0/0/0,27458:1747647673411:,1747647683871
counter/6/0/0/0,33562:1747647678792:,1747647683871
counter/1/0/0/0,28835:1747647674904:,1747647683871
counter/3/0/0/0,27459:1747647673411:,1747647683871
counter/6/0/0/0,33563:1747647678792:,1747647683871
counter/1/0/0/0,28836:1747647674904:,1747647683872
counter/3/0/0/0,27460:1747647673411:,1747647683872
counter/6/0/0/0,33564:1747647678793:,1747647683872
counter/1/0/0/0,28837:1747647674904:,1747647683872
counter/3/0/0/0,27461:1747647673411:,1747647683872
counter/6/0/0/0,33565:1747647678793:,1747647683872
counter/1/0/0/0,28838:1747647674904:,1747647683872
counter/3/0/0/0,27462:1747647673411:,1747647683872
counter/6/0/0/0,33566:1747647678793:,1747647683872
counter/1/0/0/0,28839:1747647674907:,1747647683872
counter/3/0/0/0,27463:1747647673412:,1747647683872
counter/6/0/0/0,33567:1747647678793:,1747647683872
counter/1/0/0/0,28840:1747647674907:,1747647683872
counter/3/0/0/0,27464:1747647673420:,1747647683872
counter/6/0/0/0,33568:1747647678793:,1747647683872
counter/1/0/0/0,28841:1747647674913:,1747647683872
counter/3/0/0/0,27465:1747647673420:,1747647683872
counter/6/0/0/0,33569:1747647678793:,1747647683872
counter/1/0/0/0,28842:1747647674913:,1747647683872
counter/3/0/0/0,27466:1747647673420:,1747647683872
counter/6/0/0/0,33570:1747647678795:,1747647683872
counter/1/0/0/0,28843:1747647674913:,1747647683872
counter/5/0/0/0,33788:1747647677000:,1747647683872
counter/3/0/0/0,27467:1747647673420:,1747647683872
counter/6/0/0/0,33571:1747647678795:,1747647683872
counter/1/0/0/0,28844:1747647674913:,1747647683872
counter/5/0/0/0,33789:1747647677001:,1747647683872
counter/3/0/0/0,27468:1747647673420:,1747647683872
counter/6/0/0/0,33572:1747647678798:,1747647683872
counter/1/0/0/0,28845:1747647674913:,1747647683872
counter/5/0/0/0,33790:1747647677001:,1747647683872
counter/3/0/0/0,27469:1747647673420:,1747647683872
counter/6/0/0/0,33573:1747647678798:,1747647683872
counter/1/0/0/0,28846:1747647674913:,1747647683872
counter/5/0/0/0,33791:1747647677001:,1747647683872
counter/3/0/0/0,27470:1747647673420:,1747647683872
counter/6/0/0/0,33574:1747647678798:,1747647683872
counter/1/0/0/0,28847:1747647674913:,1747647683872
counter/5/0/0/0,33792:1747647677001:,1747647683872
counter/3/0/0/0,27471:1747647673420:,1747647683872
counter/6/0/0/0,33575:1747647678798:,1747647683873
counter/1/0/0/0,28848:1747647674913:,1747647683873
counter/5/0/0/0,33793:1747647677001:,1747647683873
counter/7/0/0/0,33576:1747647677810:,1747647683873
counter/8/0/0/0,34998:1747647677698:,1747647683873
counter/3/0/0/0,27472:1747647673420:,1747647683873
counter/6/0/0/0,33576:1747647678798:,1747647683873
counter/1/0/0/0,28849:1747647674913:,1747647683873
counter/5/0/0/0,33794:1747647677001:,1747647683873
counter/4/0/0/0,28201:1747647673569:,1747647683873
counter/3/0/0/0,27473:1747647673420:,1747647683873
counter/6/0/0/0,33577:1747647678798:,1747647683873
counter/1/0/0/0,28850:1747647674913:,1747647683873
counter/5/0/0/0,33795:1747647677001:,1747647683873
counter/3/0/0/0,27474:1747647673420:,1747647683873
counter/6/0/0/0,33578:1747647678798:,1747647683873
counter/1/0/0/0,28851:1747647674913:,1747647683873
counter/5/0/0/0,33796:1747647677001:,1747647683873
counter/3/0/0/0,27475:1747647673420:,1747647683873
counter/6/0/0/0,33579:1747647678798:,1747647683873
counter/1/0/0/0,28852:1747647674913:,1747647683873
counter/5/0/0/0,33797:1747647677001:,1747647683873
counter/3/0/0/0,27476:1747647673420:,1747647683873
counter/6/0/0/0,33580:1747647678798:,1747647683873
counter/1/0/0/0,28853:1747647674913:,1747647683873
counter/5/0/0/0,33798:1747647677001:,1747647683873
counter/3/0/0/0,27477:1747647673421:,1747647683873
counter/6/0/0/0,33581:1747647678798:,1747647683873
counter/1/0/0/0,28854:1747647674913:,1747647683873
counter/5/0/0/0,33799:1747647677001:,1747647683873
counter/3/0/0/0,27478:1747647673421:,1747647683873
counter/6/0/0/0,33582:1747647678798:,1747647683873
counter/1/0/0/0,28855:1747647674913:,1747647683873
counter/5/0/0/0,33800:1747647677001:,1747647683873
counter/3/0/0/0,27479:1747647673421:,1747647683873
counter/6/0/0/0,33583:1747647678798:,1747647683873
counter/1/0/0/0,28856:1747647674926:,1747647683873
counter/5/0/0/0,33801:1747647677001:,1747647683873
counter/3/0/0/0,27480:1747647673421:,1747647683873
counter/6/0/0/0,33584:1747647678798:,1747647683873
counter/1/0/0/0,28857:1747647674926:,1747647683873
counter/5/0/0/0,33802:1747647677001:,1747647683874
counter/10/0/0/0,27754:1747647671151:,1747647683874
counter/3/0/0/0,27481:1747647673421:,1747647683874
counter/6/0/0/0,33585:1747647678798:,1747647683874
counter/1/0/0/0,28858:1747647674926:,1747647683874
counter/5/0/0/0,33803:1747647677003:,1747647683874
counter/4/0/0/0,28202:1747647673569:,1747647683874
counter/3/0/0/0,27482:1747647673421:,1747647683874
counter/6/0/0/0,33586:1747647678798:,1747647683874
counter/1/0/0/0,28859:1747647674926:,1747647683874
counter/5/0/0/0,33804:1747647677003:,1747647683874
counter/7/0/0/0,33577:1747647677810:,1747647683874
counter/3/0/0/0,27483:1747647673421:,1747647683874
counter/6/0/0/0,33587:1747647678801:,1747647683874
counter/1/0/0/0,28860:1747647674926:,1747647683874
counter/5/0/0/0,33805:1747647677003:,1747647683874
counter/7/0/0/0,33578:1747647677810:,1747647683874
counter/3/0/0/0,27484:1747647673421:,1747647683874
counter/6/0/0/0,33588:1747647678801:,1747647683874
counter/1/0/0/0,28861:1747647674926:,1747647683874
counter/5/0/0/0,33806:1747647677003:,1747647683874
counter/7/0/0/0,33579:1747647677810:,1747647683874
counter/3/0/0/0,27485:1747647673427:,1747647683874
counter/6/0/0/0,33589:1747647678801:,1747647683874
counter/1/0/0/0,28862:1747647674926:,1747647683874
counter/5/0/0/0,33807:1747647677003:,1747647683874
counter/7/0/0/0,33580:1747647677810:,1747647683874
counter/3/0/0/0,27486:1747647673427:,1747647683874
counter/6/0/0/0,33590:1747647678801:,1747647683874
counter/1/0/0/0,28863:1747647674927:,1747647683874
counter/5/0/0/0,33808:1747647677003:,1747647683874
counter/7/0/0/0,33581:1747647677810:,1747647683874
counter/3/0/0/0,27487:1747647673427:,1747647683874
counter/6/0/0/0,33591:1747647678801:,1747647683874
counter/1/0/0/0,28864:1747647674927:,1747647683874
counter/5/0/0/0,33809:1747647677003:,1747647683874
counter/7/0/0/0,33582:1747647677810:,1747647683874
counter/3/0/0/0,27488:1747647673427:,1747647683874
counter/6/0/0/0,33592:1747647678801:,1747647683874
counter/1/0/0/0,28865:1747647674927:,1747647683874
counter/5/0/0/0,33810:1747647677004:,1747647683874
counter/7/0/0/0,33583:1747647677810:,1747647683875
counter/3/0/0/0,27489:1747647673427:,1747647683875
counter/6/0/0/0,33593:1747647678817:,1747647683875
counter/1/0/0/0,28866:1747647674936:,1747647683875
counter/5/0/0/0,33811:1747647677004:,1747647683875
counter/7/0/0/0,33584:1747647677810:,1747647683875
counter/3/0/0/0,27490:1747647673427:,1747647683875
counter/6/0/0/0,33594:1747647678817:,1747647683875
counter/1/0/0/0,28867:1747647674937:,1747647683875
counter/5/0/0/0,33812:1747647677004:,1747647683875
counter/7/0/0/0,33585:1747647677810:,1747647683875
counter/4/0/0/0,28203:1747647673569:,1747647683875
counter/3/0/0/0,27491:1747647673427:,1747647683875
counter/6/0/0/0,33595:1747647678817:,1747647683875
counter/1/0/0/0,28868:1747647674937:,1747647683875
counter/5/0/0/0,33813:1747647677020:,1747647683875
counter/7/0/0/0,33586:1747647677811:,1747647683875
counter/10/0/0/0,27755:1747647671151:,1747647683875
counter/3/0/0/0,27492:1747647673427:,1747647683875
counter/6/0/0/0,33596:1747647678817:,1747647683875
counter/1/0/0/0,28869:1747647674939:,1747647683875
counter/5/0/0/0,33814:1747647677020:,1747647683875
counter/3/0/0/0,27493:1747647673427:,1747647683875
counter/6/0/0/0,33597:1747647678817:,1747647683875
counter/1/0/0/0,28870:1747647674939:,1747647683875
counter/5/0/0/0,33815:1747647677020:,1747647683875
counter/3/0/0/0,27494:1747647673427:,1747647683875
counter/6/0/0/0,33598:1747647678817:,1747647683875
counter/1/0/0/0,28871:1747647674939:,1747647683875
counter/5/0/0/0,33816:1747647677020:,1747647683875
counter/3/0/0/0,27495:1747647673427:,1747647683875
counter/6/0/0/0,33599:1747647678817:,1747647683875
counter/1/0/0/0,28872:1747647674939:,1747647683875
counter/5/0/0/0,33817:1747647677020:,1747647683875
counter/7/0/0/0,33587:1747647677811:,1747647683875
counter/4/0/0/0,28204:1747647673569:,1747647683875
counter/3/0/0/0,27496:1747647673427:,1747647683875
counter/6/0/0/0,33600:1747647678817:,1747647683875
counter/1/0/0/0,28873:1747647674939:,1747647683875
counter/5/0/0/0,33818:1747647677020:,1747647683875
counter/3/0/0/0,27497:1747647673427:,1747647683875
counter/6/0/0/0,33601:1747647678817:,1747647683875
counter/1/0/0/0,28874:1747647674939:,1747647683875
counter/5/0/0/0,33819:1747647677021:,1747647683875
counter/3/0/0/0,27498:1747647673427:,1747647683875
counter/6/0/0/0,33602:1747647678817:,1747647683876
counter/1/0/0/0,28875:1747647674939:,1747647683876
counter/5/0/0/0,33820:1747647677021:,1747647683876
counter/3/0/0/0,27499:1747647673427:,1747647683876
counter/6/0/0/0,33603:1747647678817:,1747647683876
counter/1/0/0/0,28876:1747647674939:,1747647683876
counter/5/0/0/0,33821:1747647677021:,1747647683876
counter/3/0/0/0,27500:1747647673427:,1747647683876
counter/6/0/0/0,33604:1747647678817:,1747647683876
counter/1/0/0/0,28877:1747647674939:,1747647683876
counter/5/0/0/0,33822:1747647677021:,1747647683876
counter/3/0/0/0,27501:1747647673427:,1747647683876
counter/6/0/0/0,33605:1747647678830:,1747647683876
counter/1/0/0/0,28878:1747647674952:,1747647683876
counter/5/0/0/0,33823:1747647677021:,1747647683876
counter/3/0/0/0,27502:1747647673427:,1747647683876
counter/6/0/0/0,33606:1747647678831:,1747647683876
counter/1/0/0/0,28879:1747647674952:,1747647683876
counter/5/0/0/0,33824:1747647677021:,1747647683876
counter/3/0/0/0,27503:1747647673427:,1747647683876
counter/6/0/0/0,33607:1747647678831:,1747647683876
counter/1/0/0/0,28880:1747647674952:,1747647683876
counter/5/0/0/0,33825:1747647677021:,1747647683876
counter/3/0/0/0,27504:1747647673427:,1747647683876
counter/6/0/0/0,33608:1747647678831:,1747647683876
counter/1/0/0/0,28881:1747647674952:,1747647683876
counter/5/0/0/0,33826:1747647677021:,1747647683876
counter/3/0/0/0,27505:1747647673428:,1747647683876
counter/6/0/0/0,33609:1747647678831:,1747647683876
counter/1/0/0/0,28882:1747647674952:,1747647683876
counter/5/0/0/0,33827:1747647677021:,1747647683876
counter/3/0/0/0,27506:1747647673428:,1747647683876
counter/6/0/0/0,33610:1747647678831:,1747647683876
counter/1/0/0/0,28883:1747647674952:,1747647683876
counter/5/0/0/0,33828:1747647677021:,1747647683876
counter/3/0/0/0,27507:1747647673428:,1747647683876
counter/6/0/0/0,33611:1747647678831:,1747647683876
counter/1/0/0/0,28884:1747647674952:,1747647683876
counter/5/0/0/0,33829:1747647677021:,1747647683876
counter/3/0/0/0,27508:1747647673428:,1747647683876
counter/6/0/0/0,33612:1747647678831:,1747647683876
counter/1/0/0/0,28885:1747647674953:,1747647683876
counter/5/0/0/0,33830:1747647677021:,1747647683876
counter/3/0/0/0,27509:1747647673428:,1747647683876
counter/6/0/0/0,33613:1747647678831:,1747647683877
counter/1/0/0/0,28886:1747647674953:,1747647683877
counter/5/0/0/0,33831:1747647677021:,1747647683877
counter/3/0/0/0,27510:1747647673428:,1747647683877
counter/6/0/0/0,33614:1747647678831:,1747647683877
counter/1/0/0/0,28887:1747647674953:,1747647683877
counter/5/0/0/0,33832:1747647677021:,1747647683877
counter/4/0/0/0,28205:1747647673574:,1747647683877
counter/3/0/0/0,27511:1747647673428:,1747647683877
counter/6/0/0/0,33615:1747647678857:,1747647683877
counter/1/0/0/0,28888:1747647674961:,1747647683877
counter/5/0/0/0,33833:1747647677021:,1747647683877
counter/10/0/0/0,27756:1747647671151:,1747647683877
counter/8/0/0/0,34999:1747647677698:,1747647683877
counter/3/0/0/0,27512:1747647673428:,1747647683877
counter/6/0/0/0,33616:1747647678858:,1747647683877
counter/1/0/0/0,28889:1747647674965:,1747647683877
counter/5/0/0/0,33834:1747647677021:,1747647683877
counter/4/0/0/0,28206:1747647673576:,1747647683877
counter/3/0/0/0,27513:1747647673428:,1747647683877
counter/6/0/0/0,33617:1747647678858:,1747647683877
counter/1/0/0/0,28890:1747647674965:,1747647683877
counter/5/0/0/0,33835:1747647677022:,1747647683877
counter/10/0/0/0,27757:1747647671151:,1747647683877
counter/8/0/0/0,35000:1747647677698:,1747647683877
counter/7/0/0/0,33588:1747647677811:,1747647683877
counter/3/0/0/0,27514:1747647673428:,1747647683877
counter/6/0/0/0,33618:1747647678858:,1747647683877
counter/1/0/0/0,28891:1747647674967:,1747647683877
counter/5/0/0/0,33836:1747647677022:,1747647683877
counter/3/0/0/0,27515:1747647673428:,1747647683877
counter/6/0/0/0,33619:1747647678858:,1747647683877
counter/1/0/0/0,28892:1747647674967:,1747647683877
counter/5/0/0/0,33837:1747647677022:,1747647683877
counter/3/0/0/0,27516:1747647673428:,1747647683877
counter/6/0/0/0,33620:1747647678858:,1747647683877
counter/1/0/0/0,28893:1747647674967:,1747647683877
counter/5/0/0/0,33838:1747647677022:,1747647683877
counter/3/0/0/0,27517:1747647673428:,1747647683877
counter/6/0/0/0,33621:1747647678862:,1747647683877
counter/1/0/0/0,28894:1747647674967:,1747647683878
counter/5/0/0/0,33839:1747647677022:,1747647683878
counter/4/0/0/0,28207:1747647673578:,1747647683878
counter/3/0/0/0,27518:1747647673428:,1747647683878
counter/6/0/0/0,33622:1747647678863:,1747647683878
counter/1/0/0/0,28895:1747647674967:,1747647683878
counter/5/0/0/0,33840:1747647677022:,1747647683878
counter/10/0/0/0,27758:1747647671151:,1747647683878
counter/7/0/0/0,33589:1747647677811:,1747647683878
counter/3/0/0/0,27519:1747647673451:,1747647683878
counter/6/0/0/0,33623:1747647678863:,1747647683878
counter/1/0/0/0,28896:1747647674967:,1747647683878
counter/5/0/0/0,33841:1747647677022:,1747647683878
counter/3/0/0/0,27520:1747647673452:,1747647683878
counter/6/0/0/0,33624:1747647678863:,1747647683878
counter/1/0/0/0,28897:1747647674967:,1747647683878
counter/5/0/0/0,33842:1747647677022:,1747647683878
counter/3/0/0/0,27521:1747647673452:,1747647683878
counter/6/0/0/0,33625:1747647678863:,1747647683878
counter/1/0/0/0,28898:1747647674967:,1747647683878
counter/5/0/0/0,33843:1747647677022:,1747647683878
counter/3/0/0/0,27522:1747647673452:,1747647683878
counter/6/0/0/0,33626:1747647678863:,1747647683878
counter/1/0/0/0,28899:1747647674967:,1747647683878
counter/5/0/0/0,33844:1747647677022:,1747647683878
counter/3/0/0/0,27523:1747647673452:,1747647683878
counter/6/0/0/0,33627:1747647678863:,1747647683878
counter/1/0/0/0,28900:1747647674970:,1747647683878
counter/5/0/0/0,33845:1747647677022:,1747647683878
counter/3/0/0/0,27524:1747647673452:,1747647683878
counter/6/0/0/0,33628:1747647678876:,1747647683878
counter/1/0/0/0,28901:1747647674970:,1747647683878
counter/5/0/0/0,33846:1747647677024:,1747647683878
counter/3/0/0/0,27525:1747647673452:,1747647683878
counter/6/0/0/0,33629:1747647678876:,1747647683878
counter/1/0/0/0,28902:1747647674970:,1747647683878
counter/5/0/0/0,33847:1747647677024:,1747647683878
counter/3/0/0/0,27526:1747647673452:,1747647683878
counter/6/0/0/0,33630:1747647678880:,1747647683878
counter/1/0/0/0,28903:1747647674970:,1747647683878
counter/5/0/0/0,33848:1747647677024:,1747647683878
counter/3/0/0/0,27527:1747647673452:,1747647683879
counter/6/0/0/0,33631:1747647678880:,1747647683879
counter/1/0/0/0,28904:1747647674970:,1747647683879
counter/5/0/0/0,33849:1747647677024:,1747647683879
counter/3/0/0/0,27528:1747647673452:,1747647683879
counter/6/0/0/0,33632:1747647678880:,1747647683879
counter/1/0/0/0,28905:1747647674970:,1747647683879
counter/5/0/0/0,33850:1747647677025:,1747647683879
counter/3/0/0/0,27529:1747647673452:,1747647683879
counter/6/0/0/0,33633:1747647678880:,1747647683879
counter/1/0/0/0,28906:1747647674970:,1747647683879
counter/5/0/0/0,33851:1747647677025:,1747647683879
counter/10/0/0/0,27759:1747647671151:,1747647683879
counter/3/0/0/0,27530:1747647673452:,1747647683879
counter/6/0/0/0,33634:1747647678880:,1747647683879
counter/1/0/0/0,28907:1747647674970:,1747647683879
counter/5/0/0/0,33852:1747647677025:,1747647683879
counter/4/0/0/0,28208:1747647673578:,1747647683879
counter/3/0/0/0,27531:1747647673452:,1747647683879
counter/6/0/0/0,33635:1747647678880:,1747647683879
counter/1/0/0/0,28908:1747647674971:,1747647683879
counter/5/0/0/0,33853:1747647677025:,1747647683879
counter/8/0/0/0,35001:1747647677698:,1747647683879
counter/3/0/0/0,27532:1747647673453:,1747647683879
counter/6/0/0/0,33636:1747647678880:,1747647683879
counter/1/0/0/0,28909:1747647674990:,1747647683879
counter/5/0/0/0,33854:1747647677029:,1747647683879
counter/3/0/0/0,27533:1747647673453:,1747647683879
counter/6/0/0/0,33637:1747647678880:,1747647683879
counter/1/0/0/0,28910:1747647674990:,1747647683879
counter/5/0/0/0,33855:1747647677029:,1747647683879
counter/3/0/0/0,27534:1747647673453:,1747647683879
counter/6/0/0/0,33638:1747647678880:,1747647683879
counter/1/0/0/0,28911:1747647674990:,1747647683879
counter/5/0/0/0,33856:1747647677029:,1747647683879
counter/3/0/0/0,27535:1747647673453:,1747647683880
counter/6/0/0/0,33639:1747647678880:,1747647683880
counter/1/0/0/0,28912:1747647674990:,1747647683880
counter/5/0/0/0,33857:1747647677029:,1747647683880
counter/3/0/0/0,27536:1747647673453:,1747647683880
counter/6/0/0/0,33640:1747647678880:,1747647683880
counter/1/0/0/0,28913:1747647674990:,1747647683880
counter/5/0/0/0,33858:1747647677030:,1747647683880
counter/3/0/0/0,27537:1747647673453:,1747647683880
counter/6/0/0/0,33641:1747647678880:,1747647683880
counter/1/0/0/0,28914:1747647674990:,1747647683880
counter/5/0/0/0,33859:1747647677030:,1747647683880
counter/3/0/0/0,27538:1747647673453:,1747647683880
counter/6/0/0/0,33642:1747647678880:,1747647683880
counter/1/0/0/0,28915:1747647674990:,1747647683880
counter/5/0/0/0,33860:1747647677030:,1747647683880
counter/3/0/0/0,27539:1747647673453:,1747647683880
counter/6/0/0/0,33643:1747647678880:,1747647683880
counter/1/0/0/0,28916:1747647674990:,1747647683880
counter/5/0/0/0,33861:1747647677030:,1747647683880
counter/3/0/0/0,27540:1747647673453:,1747647683880
counter/6/0/0/0,33644:1747647678880:,1747647683880
counter/1/0/0/0,28917:1747647675001:,1747647683880
counter/5/0/0/0,33862:1747647677030:,1747647683880
counter/3/0/0/0,27541:1747647673453:,1747647683880
counter/6/0/0/0,33645:1747647678880:,1747647683880
counter/1/0/0/0,28918:1747647675018:,1747647683880
counter/3/0/0/0,27542:1747647673454:,1747647683880
counter/6/0/0/0,33646:1747647678880:,1747647683880
counter/1/0/0/0,28919:1747647675018:,1747647683880
counter/5/0/0/0,33863:1747647677030:,1747647683880
counter/3/0/0/0,27543:1747647673454:,1747647683880
counter/6/0/0/0,33647:1747647678881:,1747647683880
counter/1/0/0/0,28920:1747647675019:,1747647683880
counter/5/0/0/0,33864:1747647677030:,1747647683880
counter/3/0/0/0,27544:1747647673454:,1747647683880
counter/6/0/0/0,33648:1747647678881:,1747647683880
counter/1/0/0/0,28921:1747647675019:,1747647683880
counter/5/0/0/0,33865:1747647677030:,1747647683880
counter/3/0/0/0,27545:1747647673454:,1747647683880
counter/6/0/0/0,33649:1747647678881:,1747647683880
counter/1/0/0/0,28922:1747647675019:,1747647683880
counter/5/0/0/0,33866:1747647677030:,1747647683881
counter/3/0/0/0,27546:1747647673454:,1747647683881
counter/6/0/0/0,33650:1747647678881:,1747647683881
counter/1/0/0/0,28923:1747647675019:,1747647683881
counter/5/0/0/0,33867:1747647677038:,1747647683881
counter/3/0/0/0,27547:1747647673454:,1747647683881
counter/6/0/0/0,33651:1747647678887:,1747647683881
counter/1/0/0/0,28924:1747647675019:,1747647683881
counter/5/0/0/0,33868:1747647677038:,1747647683881
counter/3/0/0/0,27548:1747647673454:,1747647683881
counter/6/0/0/0,33652:1747647678887:,1747647683881
counter/1/0/0/0,28925:1747647675019:,1747647683881
counter/5/0/0/0,33869:1747647677038:,1747647683881
counter/3/0/0/0,27549:1747647673454:,1747647683881
counter/6/0/0/0,33653:1747647678887:,1747647683881
counter/1/0/0/0,28926:1747647675019:,1747647683881
counter/5/0/0/0,33870:1747647677038:,1747647683881
counter/3/0/0/0,27550:1747647673454:,1747647683881
counter/6/0/0/0,33654:1747647678887:,1747647683881
counter/1/0/0/0,28927:1747647675019:,1747647683881
counter/5/0/0/0,33871:1747647677038:,1747647683881
counter/8/0/0/0,35002:1747647677699:,1747647683881
counter/3/0/0/0,27551:1747647673454:,1747647683881
counter/6/0/0/0,33655:1747647678892:,1747647683881
counter/1/0/0/0,28928:1747647675019:,1747647683881
counter/5/0/0/0,33872:1747647677038:,1747647683881
counter/3/0/0/0,27552:1747647673454:,1747647683881
counter/6/0/0/0,33656:1747647678892:,1747647683881
counter/1/0/0/0,28929:1747647675019:,1747647683881
counter/5/0/0/0,33873:1747647677039:,1747647683881
counter/3/0/0/0,27553:1747647673454:,1747647683881
counter/6/0/0/0,33657:1747647678892:,1747647683881
counter/1/0/0/0,28930:1747647675019:,1747647683881
counter/5/0/0/0,33874:1747647677043:,1747647683881
counter/10/0/0/0,27760:1747647671151:,1747647683881
counter/3/0/0/0,27554:1747647673462:,1747647683881
counter/6/0/0/0,33658:1747647678892:,1747647683881
counter/1/0/0/0,28931:1747647675019:,1747647683881
counter/5/0/0/0,33875:1747647677044:,1747647683881
counter/3/0/0/0,27555:1747647673462:,1747647683882
counter/6/0/0/0,33659:1747647678892:,1747647683882
counter/1/0/0/0,28932:1747647675019:,1747647683882
counter/5/0/0/0,33876:1747647677044:,1747647683882
counter/3/0/0/0,27556:1747647673462:,1747647683882
counter/6/0/0/0,33660:1747647678892:,1747647683882
counter/1/0/0/0,28933:1747647675019:,1747647683882
counter/5/0/0/0,33877:1747647677049:,1747647683882
counter/3/0/0/0,27557:1747647673462:,1747647683882
counter/6/0/0/0,33661:1747647678892:,1747647683882
counter/1/0/0/0,28934:1747647675019:,1747647683882
counter/5/0/0/0,33878:1747647677049:,1747647683882
counter/3/0/0/0,27558:1747647673463:,1747647683882
counter/6/0/0/0,33662:1747647678892:,1747647683882
counter/1/0/0/0,28935:1747647675019:,1747647683882
counter/5/0/0/0,33879:1747647677049:,1747647683882
counter/3/0/0/0,27559:1747647673463:,1747647683882
counter/6/0/0/0,33663:1747647678892:,1747647683882
counter/1/0/0/0,28936:1747647675019:,1747647683882
counter/5/0/0/0,33880:1747647677049:,1747647683882
counter/3/0/0/0,27560:1747647673463:,1747647683882
counter/6/0/0/0,33664:1747647678892:,1747647683882
counter/1/0/0/0,28937:1747647675019:,1747647683882
counter/5/0/0/0,33881:1747647677049:,1747647683882
counter/3/0/0/0,27561:1747647673463:,1747647683882
counter/6/0/0/0,33665:1747647678892:,1747647683882
counter/1/0/0/0,28938:1747647675019:,1747647683882
counter/5/0/0/0,33882:1747647677049:,1747647683882
counter/7/0/0/0,33590:1747647677811:,1747647683882
counter/3/0/0/0,27562:1747647673463:,1747647683882
counter/6/0/0/0,33666:1747647678892:,1747647683882
counter/1/0/0/0,28939:1747647675019:,1747647683882
counter/5/0/0/0,33883:1747647677049:,1747647683882
counter/3/0/0/0,27563:1747647673463:,1747647683882
counter/6/0/0/0,33667:1747647678892:,1747647683883
counter/1/0/0/0,28940:1747647675019:,1747647683883
counter/5/0/0/0,33884:1747647677049:,1747647683883
counter/8/0/0/0,35003:1747647677699:,1747647683883
counter/10/0/0/0,27761:1747647671151:,1747647683883
counter/4/0/0/0,28209:1747647673578:,1747647683883
counter/3/0/0/0,27564:1747647673463:,1747647683883
counter/6/0/0/0,33668:1747647678892:,1747647683883
counter/1/0/0/0,28941:1747647675019:,1747647683883
counter/5/0/0/0,33885:1747647677050:,1747647683883
counter/8/0/0/0,35004:1747647677699:,1747647683883
counter/7/0/0/0,33591:1747647677811:,1747647683883
counter/3/0/0/0,27565:1747647673463:,1747647683883
counter/6/0/0/0,33669:1747647678892:,1747647683883
counter/1/0/0/0,28942:1747647675019:,1747647683883
counter/5/0/0/0,33886:1747647677050:,1747647683883
counter/7/0/0/0,33592:1747647677811:,1747647683883
counter/10/0/0/0,27762:1747647671151:,1747647683883
counter/4/0/0/0,28210:1747647673578:,1747647683883
counter/3/0/0/0,27566:1747647673463:,1747647683883
counter/6/0/0/0,33670:1747647678892:,1747647683883
counter/1/0/0/0,28943:1747647675019:,1747647683883
counter/5/0/0/0,33887:1747647677050:,1747647683883
counter/7/0/0/0,33593:1747647677811:,1747647683883
counter/3/0/0/0,27567:1747647673463:,1747647683883
counter/6/0/0/0,33671:1747647678892:,1747647683883
counter/1/0/0/0,28944:1747647675021:,1747647683883
counter/5/0/0/0,33888:1747647677050:,1747647683883
counter/7/0/0/0,33594:1747647677811:,1747647683883
counter/3/0/0/0,27568:1747647673463:,1747647683883
counter/6/0/0/0,33672:1747647678892:,1747647683883
counter/1/0/0/0,28945:1747647675021:,1747647683883
counter/5/0/0/0,33889:1747647677050:,1747647683883
counter/7/0/0/0,33595:1747647677811:,1747647683883
counter/3/0/0/0,27569:1747647673463:,1747647683883
counter/6/0/0/0,33673:1747647678892:,1747647683883
counter/1/0/0/0,28946:1747647675021:,1747647683883
counter/5/0/0/0,33890:1747647677050:,1747647683883
counter/3/0/0/0,27570:1747647673463:,1747647683883
counter/6/0/0/0,33674:1747647678892:,1747647683883
counter/1/0/0/0,28947:1747647675021:,1747647683883
counter/5/0/0/0,33891:1747647677050:,1747647683884
counter/3/0/0/0,27571:1747647673463:,1747647683884
counter/6/0/0/0,33675:1747647678892:,1747647683884
counter/1/0/0/0,28948:1747647675021:,1747647683884
counter/5/0/0/0,33892:1747647677050:,1747647683884
counter/3/0/0/0,27572:1747647673463:,1747647683884
counter/6/0/0/0,33676:1747647678892:,1747647683884
counter/1/0/0/0,28949:1747647675021:,1747647683884
counter/5/0/0/0,33893:1747647677050:,1747647683884
counter/4/0/0/0,28211:1747647673578:,1747647683884
counter/3/0/0/0,27573:1747647673463:,1747647683884
counter/6/0/0/0,33677:1747647678892:,1747647683884
counter/1/0/0/0,28950:1747647675021:,1747647683884
counter/5/0/0/0,33894:1747647677050:,1747647683884
counter/7/0/0/0,33596:1747647677811:,1747647683884
counter/3/0/0/0,27574:1747647673463:,1747647683884
counter/6/0/0/0,33678:1747647678892:,1747647683884
counter/1/0/0/0,28951:1747647675021:,1747647683884
counter/5/0/0/0,33895:1747647677050:,1747647683884
counter/3/0/0/0,27575:1747647673463:,1747647683884
counter/6/0/0/0,33679:1747647678892:,1747647683884
counter/1/0/0/0,28952:1747647675021:,1747647683884
counter/5/0/0/0,33896:1747647677052:,1747647683884
counter/3/0/0/0,27576:1747647673463:,1747647683884
counter/6/0/0/0,33680:1747647678892:,1747647683884
counter/1/0/0/0,28953:1747647675021:,1747647683884
counter/5/0/0/0,33897:1747647677052:,1747647683884
counter/3/0/0/0,27577:1747647673463:,1747647683884
counter/6/0/0/0,33681:1747647678892:,1747647683884
counter/1/0/0/0,28954:1747647675021:,1747647683884
counter/5/0/0/0,33898:1747647677053:,1747647683884
counter/3/0/0/0,27578:1747647673463:,1747647683884
counter/6/0/0/0,33682:1747647678892:,1747647683884
counter/1/0/0/0,28955:1747647675022:,1747647683884
counter/5/0/0/0,33899:1747647677053:,1747647683884
counter/3/0/0/0,27579:1747647673463:,1747647683884
counter/6/0/0/0,33683:1747647678892:,1747647683884
counter/1/0/0/0,28956:1747647675022:,1747647683884
counter/5/0/0/0,33900:1747647677053:,1747647683884
counter/7/0/0/0,33597:1747647677811:,1747647683884
counter/3/0/0/0,27580:1747647673472:,1747647683884
counter/6/0/0/0,33684:1747647678892:,1747647683884
counter/1/0/0/0,28957:1747647675022:,1747647683884
counter/5/0/0/0,33901:1747647677053:,1747647683885
counter/8/0/0/0,35005:1747647677699:,1747647683885
counter/3/0/0/0,27581:1747647673472:,1747647683885
counter/6/0/0/0,33685:1747647678892:,1747647683885
counter/1/0/0/0,28958:1747647675022:,1747647683885
counter/5/0/0/0,33902:1747647677054:,1747647683885
counter/3/0/0/0,27582:1747647673472:,1747647683885
counter/6/0/0/0,33686:1747647678895:,1747647683885
counter/1/0/0/0,28959:1747647675022:,1747647683885
counter/5/0/0/0,33903:1747647677054:,1747647683885
counter/3/0/0/0,27583:1747647673472:,1747647683885
counter/6/0/0/0,33687:1747647678895:,1747647683885
counter/1/0/0/0,28960:1747647675022:,1747647683885
counter/5/0/0/0,33904:1747647677054:,1747647683885
counter/7/0/0/0,33598:1747647677811:,1747647683885
counter/3/0/0/0,27584:1747647673472:,1747647683885
counter/6/0/0/0,33688:1747647678896:,1747647683885
counter/1/0/0/0,28961:1747647675022:,1747647683885
counter/5/0/0/0,33905:1747647677054:,1747647683885
counter/3/0/0/0,27585:1747647673472:,1747647683885
counter/6/0/0/0,33689:1747647678896:,1747647683885
counter/1/0/0/0,28962:1747647675022:,1747647683885
counter/5/0/0/0,33906:1747647677054:,1747647683885
counter/3/0/0/0,27586:1747647673472:,1747647683885
counter/6/0/0/0,33690:1747647678896:,1747647683885
counter/1/0/0/0,28963:1747647675022:,1747647683885
counter/5/0/0/0,33907:1747647677054:,1747647683885
counter/3/0/0/0,27587:1747647673472:,1747647683885
counter/6/0/0/0,33691:1747647678896:,1747647683885
counter/1/0/0/0,28964:1747647675022:,1747647683885
counter/5/0/0/0,33908:1747647677069:,1747647683885
counter/3/0/0/0,27588:1747647673472:,1747647683885
counter/6/0/0/0,33692:1747647678896:,1747647683885
counter/1/0/0/0,28965:1747647675025:,1747647683885
counter/5/0/0/0,33909:1747647677071:,1747647683885
counter/3/0/0/0,27589:1747647673472:,1747647683885
counter/6/0/0/0,33693:1747647678896:,1747647683885
counter/1/0/0/0,28966:1747647675025:,1747647683885
counter/5/0/0/0,33910:1747647677071:,1747647683885
counter/3/0/0/0,27590:1747647673472:,1747647683885
counter/6/0/0/0,33694:1747647678896:,1747647683885
counter/1/0/0/0,28967:1747647675025:,1747647683885
counter/5/0/0/0,33911:1747647677071:,1747647683885
counter/3/0/0/0,27591:1747647673472:,1747647683885
counter/6/0/0/0,33695:1747647678896:,1747647683885
counter/1/0/0/0,28968:1747647675025:,1747647683886
counter/5/0/0/0,33912:1747647677071:,1747647683886
counter/3/0/0/0,27592:1747647673472:,1747647683886
counter/6/0/0/0,33696:1747647678896:,1747647683886
counter/1/0/0/0,28969:1747647675025:,1747647683886
counter/5/0/0/0,33913:1747647677071:,1747647683886
counter/4/0/0/0,28212:1747647673578:,1747647683886
counter/3/0/0/0,27593:1747647673473:,1747647683886
counter/6/0/0/0,33697:1747647678899:,1747647683886
counter/1/0/0/0,28970:1747647675025:,1747647683886
counter/5/0/0/0,33914:1747647677074:,1747647683886
counter/10/0/0/0,27763:1747647671151:,1747647683886
counter/8/0/0/0,35006:1747647677699:,1747647683886
counter/7/0/0/0,33599:1747647677811:,1747647683886
counter/3/0/0/0,27594:1747647673473:,1747647683886
counter/6/0/0/0,33698:1747647678904:,1747647683886
counter/1/0/0/0,28971:1747647675025:,1747647683886
counter/5/0/0/0,33915:1747647677074:,1747647683886
counter/7/0/0/0,33600:1747647677811:,1747647683886
counter/3/0/0/0,27595:1747647673473:,1747647683886
counter/6/0/0/0,33699:1747647678906:,1747647683886
counter/1/0/0/0,28972:1747647675025:,1747647683886
counter/5/0/0/0,33916:1747647677075:,1747647683886
counter/7/0/0/0,33601:1747647677811:,1747647683886
counter/3/0/0/0,27596:1747647673473:,1747647683886
counter/6/0/0/0,33700:1747647678906:,1747647683886
counter/1/0/0/0,28973:1747647675025:,1747647683886
counter/5/0/0/0,33917:1747647677076:,1747647683886
counter/7/0/0/0,33602:1747647677817:,1747647683886
counter/3/0/0/0,27597:1747647673473:,1747647683886
counter/6/0/0/0,33701:1747647678906:,1747647683886
counter/1/0/0/0,28974:1747647675025:,1747647683886
counter/5/0/0/0,33918:1747647677076:,1747647683886
counter/7/0/0/0,33603:1747647677818:,1747647683886
counter/3/0/0/0,27598:1747647673473:,1747647683886
counter/6/0/0/0,33702:1747647678906:,1747647683887
counter/1/0/0/0,28975:1747647675025:,1747647683887
counter/5/0/0/0,33919:1747647677076:,1747647683887
counter/7/0/0/0,33604:1747647677818:,1747647683887
counter/3/0/0/0,27599:1747647673473:,1747647683887
counter/6/0/0/0,33703:1747647678906:,1747647683887
counter/1/0/0/0,28976:1747647675025:,1747647683887
counter/5/0/0/0,33920:1747647677076:,1747647683887
counter/7/0/0/0,33605:1747647677818:,1747647683887
counter/3/0/0/0,27600:1747647673484:,1747647683887
counter/6/0/0/0,33704:1747647678906:,1747647683887
counter/1/0/0/0,28977:1747647675026:,1747647683887
counter/5/0/0/0,33921:1747647677076:,1747647683887
counter/7/0/0/0,33606:1747647677824:,1747647683887
counter/3/0/0/0,27601:1747647673484:,1747647683887
counter/6/0/0/0,33705:1747647678906:,1747647683887
counter/1/0/0/0,28978:1747647675026:,1747647683887
counter/5/0/0/0,33922:1747647677076:,1747647683887
counter/7/0/0/0,33607:1747647677854:,1747647683887
counter/4/0/0/0,28213:1747647673578:,1747647683887
counter/3/0/0/0,27602:1747647673484:,1747647683887
counter/6/0/0/0,33706:1747647678906:,1747647683887
counter/1/0/0/0,28979:1747647675026:,1747647683887
counter/5/0/0/0,33923:1747647677076:,1747647683887
counter/7/0/0/0,33608:1747647677855:,1747647683887
counter/8/0/0/0,35007:1747647677699:,1747647683887
counter/3/0/0/0,27603:1747647673485:,1747647683887
counter/6/0/0/0,33707:1747647678906:,1747647683887
counter/1/0/0/0,28980:1747647675026:,1747647683887
counter/5/0/0/0,33924:1747647677076:,1747647683887
counter/7/0/0/0,33609:1747647677855:,1747647683887
counter/3/0/0/0,27604:1747647673485:,1747647683887
counter/6/0/0/0,33708:1747647678906:,1747647683887
counter/1/0/0/0,28981:1747647675026:,1747647683887
counter/5/0/0/0,33925:1747647677076:,1747647683888
counter/7/0/0/0,33610:1747647677855:,1747647683888
counter/3/0/0/0,27605:1747647673485:,1747647683888
counter/6/0/0/0,33709:1747647678906:,1747647683888
counter/1/0/0/0,28982:1747647675026:,1747647683888
counter/5/0/0/0,33926:1747647677082:,1747647683888
counter/7/0/0/0,33611:1747647677855:,1747647683888
counter/3/0/0/0,27606:1747647673485:,1747647683888
counter/6/0/0/0,33710:1747647678906:,1747647683888
counter/1/0/0/0,28983:1747647675026:,1747647683888
counter/5/0/0/0,33927:1747647677082:,1747647683888
counter/7/0/0/0,33612:1747647677855:,1747647683888
counter/3/0/0/0,27607:1747647673485:,1747647683888
counter/6/0/0/0,33711:1747647678906:,1747647683888
counter/1/0/0/0,28984:1747647675026:,1747647683888
counter/5/0/0/0,33928:1747647677082:,1747647683888
counter/7/0/0/0,33613:1747647677855:,1747647683888
counter/3/0/0/0,27608:1747647673485:,1747647683888
counter/6/0/0/0,33712:1747647678906:,1747647683888
counter/1/0/0/0,28985:1747647675026:,1747647683888
counter/5/0/0/0,33929:1747647677082:,1747647683888
counter/7/0/0/0,33614:1747647677855:,1747647683888
counter/3/0/0/0,27609:1747647673485:,1747647683888
counter/6/0/0/0,33713:1747647678906:,1747647683888
counter/1/0/0/0,28986:1747647675026:,1747647683888
counter/5/0/0/0,33930:1747647677082:,1747647683888
counter/3/0/0/0,27610:1747647673485:,1747647683888
counter/6/0/0/0,33714:1747647678906:,1747647683888
counter/1/0/0/0,28987:1747647675026:,1747647683888
counter/5/0/0/0,33931:1747647677082:,1747647683888
counter/7/0/0/0,33615:1747647677855:,1747647683888
counter/3/0/0/0,27611:1747647673485:,1747647683888
counter/6/0/0/0,33715:1747647678906:,1747647683888
counter/1/0/0/0,28988:1747647675030:,1747647683888
counter/5/0/0/0,33932:1747647677082:,1747647683888
counter/7/0/0/0,33616:1747647677855:,1747647683888
counter/3/0/0/0,27612:1747647673485:,1747647683888
counter/6/0/0/0,33716:1747647678911:,1747647683889
counter/1/0/0/0,28989:1747647675030:,1747647683889
counter/5/0/0/0,33933:1747647677082:,1747647683889
counter/7/0/0/0,33617:1747647677855:,1747647683889
counter/3/0/0/0,27613:1747647673485:,1747647683889
counter/6/0/0/0,33717:1747647678911:,1747647683889
counter/1/0/0/0,28990:1747647675031:,1747647683889
counter/5/0/0/0,33934:1747647677082:,1747647683889
counter/7/0/0/0,33618:1747647677855:,1747647683889
counter/3/0/0/0,27614:1747647673485:,1747647683889
counter/6/0/0/0,33718:1747647678911:,1747647683889
counter/1/0/0/0,28991:1747647675031:,1747647683889
counter/5/0/0/0,33935:1747647677088:,1747647683889
counter/7/0/0/0,33619:1747647677861:,1747647683889
counter/3/0/0/0,27615:1747647673485:,1747647683889
counter/6/0/0/0,33719:1747647678911:,1747647683889
counter/1/0/0/0,28992:1747647675031:,1747647683889
counter/5/0/0/0,33936:1747647677089:,1747647683889
counter/7/0/0/0,33620:1747647677861:,1747647683889
counter/3/0/0/0,27616:1747647673485:,1747647683889
counter/6/0/0/0,33720:1747647678911:,1747647683889
counter/1/0/0/0,28993:1747647675031:,1747647683889
counter/5/0/0/0,33937:1747647677089:,1747647683889
counter/7/0/0/0,33621:1747647677861:,1747647683889
counter/3/0/0/0,27617:1747647673485:,1747647683889
counter/6/0/0/0,33721:1747647678911:,1747647683889
counter/1/0/0/0,28994:1747647675031:,1747647683889
counter/5/0/0/0,33938:1747647677089:,1747647683889
counter/7/0/0/0,33622:1747647677861:,1747647683889
counter/8/0/0/0,35008:1747647677707:,1747647683889
counter/3/0/0/0,27618:1747647673485:,1747647683889
counter/6/0/0/0,33722:1747647678921:,1747647683889
counter/1/0/0/0,28995:1747647675031:,1747647683889
counter/5/0/0/0,33939:1747647677092:,1747647683889
counter/7/0/0/0,33623:1747647677861:,1747647683889
counter/3/0/0/0,27619:1747647673485:,1747647683889
counter/6/0/0/0,33723:1747647678921:,1747647683889
counter/1/0/0/0,28996:1747647675031:,1747647683890
counter/5/0/0/0,33940:1747647677092:,1747647683890
counter/7/0/0/0,33624:1747647677861:,1747647683890
counter/4/0/0/0,28214:1747647673578:,1747647683890
counter/3/0/0/0,27620:1747647673485:,1747647683890
counter/6/0/0/0,33724:1747647678921:,1747647683890
counter/1/0/0/0,28997:1747647675031:,1747647683890
counter/5/0/0/0,33941:1747647677113:,1747647683890
counter/7/0/0/0,33625:1747647677861:,1747647683890
counter/3/0/0/0,27621:1747647673486:,1747647683890
counter/6/0/0/0,33725:1747647678921:,1747647683890
counter/1/0/0/0,28998:1747647675031:,1747647683890
counter/5/0/0/0,33942:1747647677114:,1747647683890
counter/7/0/0/0,33626:1747647677861:,1747647683890
counter/3/0/0/0,27622:1747647673486:,1747647683890
counter/6/0/0/0,33726:1747647678921:,1747647683890
counter/1/0/0/0,28999:1747647675056:,1747647683890
counter/5/0/0/0,33943:1747647677114:,1747647683890
counter/7/0/0/0,33627:1747647677861:,1747647683890
counter/10/0/0/0,27764:1747647671151:,1747647683890
counter/3/0/0/0,27623:1747647673486:,1747647683890
counter/6/0/0/0,33727:1747647678921:,1747647683890
counter/1/0/0/0,29000:1747647675057:,1747647683890
counter/5/0/0/0,33944:1747647677114:,1747647683890
counter/7/0/0/0,33628:1747647677861:,1747647683890
counter/3/0/0/0,27624:1747647673486:,1747647683890
counter/6/0/0/0,33728:1747647678925:,1747647683890
counter/1/0/0/0,29001:1747647675057:,1747647683890
counter/5/0/0/0,33945:1747647677114:,1747647683890
counter/7/0/0/0,33629:1747647677861:,1747647683890
counter/3/0/0/0,27625:1747647673486:,1747647683890
counter/6/0/0/0,33729:1747647678925:,1747647683890
counter/1/0/0/0,29002:1747647675057:,1747647683890
counter/5/0/0/0,33946:1747647677114:,1747647683890
counter/7/0/0/0,33630:1747647677861:,1747647683890
counter/3/0/0/0,27626:1747647673487:,1747647683890
counter/6/0/0/0,33730:1747647678930:,1747647683890
counter/1/0/0/0,29003:1747647675057:,1747647683890
counter/5/0/0/0,33947:1747647677114:,1747647683890
counter/7/0/0/0,33631:1747647677861:,1747647683890
counter/4/0/0/0,28215:1747647673578:,1747647683891
counter/3/0/0/0,27627:1747647673487:,1747647683891
counter/6/0/0/0,33731:1747647678930:,1747647683891
counter/1/0/0/0,29004:1747647675058:,1747647683891
counter/5/0/0/0,33948:1747647677114:,1747647683891
counter/7/0/0/0,33632:1747647677862:,1747647683891
counter/3/0/0/0,27628:1747647673492:,1747647683891
counter/6/0/0/0,33732:1747647678930:,1747647683891
counter/1/0/0/0,29005:1747647675058:,1747647683891
counter/5/0/0/0,33949:1747647677114:,1747647683891
counter/7/0/0/0,33633:1747647677862:,1747647683891
counter/3/0/0/0,27629:1747647673492:,1747647683891
counter/6/0/0/0,33733:1747647678930:,1747647683891
counter/1/0/0/0,29006:1747647675058:,1747647683891
counter/5/0/0/0,33950:1747647677114:,1747647683891
counter/7/0/0/0,33634:1747647677868:,1747647683891
counter/3/0/0/0,27630:1747647673492:,1747647683891
counter/6/0/0/0,33734:1747647678930:,1747647683891
counter/1/0/0/0,29007:1747647675058:,1747647683891
counter/5/0/0/0,33951:1747647677114:,1747647683891
counter/7/0/0/0,33635:1747647677868:,1747647683891
counter/3/0/0/0,27631:1747647673492:,1747647683891
counter/6/0/0/0,33735:1747647678930:,1747647683891
counter/1/0/0/0,29008:1747647675058:,1747647683891
counter/5/0/0/0,33952:1747647677114:,1747647683891
counter/7/0/0/0,33636:1747647677868:,1747647683891
counter/3/0/0/0,27632:1747647673492:,1747647683891
counter/6/0/0/0,33736:1747647678930:,1747647683891
counter/1/0/0/0,29009:1747647675058:,1747647683891
counter/5/0/0/0,33953:1747647677114:,1747647683891
counter/7/0/0/0,33637:1747647677868:,1747647683891
counter/3/0/0/0,27633:1747647673492:,1747647683891
counter/6/0/0/0,33737:1747647678930:,1747647683891
counter/1/0/0/0,29010:1747647675058:,1747647683891
counter/5/0/0/0,33954:1747647677114:,1747647683891
counter/7/0/0/0,33638:1747647677868:,1747647683891
counter/3/0/0/0,27634:1747647673492:,1747647683891
counter/6/0/0/0,33738:1747647678930:,1747647683891
counter/1/0/0/0,29011:1747647675058:,1747647683891
counter/5/0/0/0,33955:1747647677114:,1747647683891
counter/7/0/0/0,33639:1747647677868:,1747647683891
counter/8/0/0/0,35009:1747647677707:,1747647683891
counter/3/0/0/0,27635:1747647673492:,1747647683891
counter/6/0/0/0,33739:1747647678930:,1747647683892
counter/1/0/0/0,29012:1747647675058:,1747647683892
counter/5/0/0/0,33956:1747647677114:,1747647683892
counter/7/0/0/0,33640:1747647677868:,1747647683892
counter/4/0/0/0,28216:1747647673579:,1747647683892
counter/3/0/0/0,27636:1747647673492:,1747647683892
counter/6/0/0/0,33740:1747647678930:,1747647683892
counter/1/0/0/0,29013:1747647675061:,1747647683892
counter/5/0/0/0,33957:1747647677114:,1747647683892
counter/7/0/0/0,33641:1747647677868:,1747647683892
counter/3/0/0/0,27637:1747647673492:,1747647683892
counter/6/0/0/0,33741:1747647678931:,1747647683892
counter/1/0/0/0,29014:1747647675061:,1747647683892
counter/5/0/0/0,33958:1747647677115:,1747647683892
counter/7/0/0/0,33642:1747647677868:,1747647683892
counter/3/0/0/0,27638:1747647673492:,1747647683892
counter/6/0/0/0,33742:1747647678931:,1747647683892
counter/1/0/0/0,29015:1747647675061:,1747647683892
counter/5/0/0/0,33959:1747647677115:,1747647683892
counter/7/0/0/0,33643:1747647677868:,1747647683892
counter/3/0/0/0,27639:1747647673492:,1747647683892
counter/6/0/0/0,33743:1747647678931:,1747647683892
counter/1/0/0/0,29016:1747647675068:,1747647683892
counter/5/0/0/0,33960:1747647677115:,1747647683892
counter/7/0/0/0,33644:1747647677868:,1747647683892
counter/3/0/0/0,27640:1747647673492:,1747647683892
counter/6/0/0/0,33744:1747647678931:,1747647683892
counter/1/0/0/0,29017:1747647675068:,1747647683892
counter/5/0/0/0,33961:1747647677115:,1747647683892
counter/7/0/0/0,33645:1747647677868:,1747647683892
counter/3/0/0/0,27641:1747647673492:,1747647683892
counter/6/0/0/0,33745:1747647678931:,1747647683892
counter/1/0/0/0,29018:1747647675068:,1747647683892
counter/5/0/0/0,33962:1747647677127:,1747647683892
counter/7/0/0/0,33646:1747647677868:,1747647683892
counter/3/0/0/0,27642:1747647673492:,1747647683892
counter/6/0/0/0,33746:1747647678931:,1747647683892
counter/1/0/0/0,29019:1747647675076:,1747647683892
counter/5/0/0/0,33963:1747647677127:,1747647683892
counter/7/0/0/0,33647:1747647677868:,1747647683892
counter/3/0/0/0,27643:1747647673492:,1747647683892
counter/6/0/0/0,33747:1747647678931:,1747647683893
counter/1/0/0/0,29020:1747647675076:,1747647683893
counter/5/0/0/0,33964:1747647677127:,1747647683893
counter/7/0/0/0,33648:1747647677868:,1747647683893
counter/3/0/0/0,27644:1747647673492:,1747647683893
counter/6/0/0/0,33748:1747647678931:,1747647683893
counter/1/0/0/0,29021:1747647675076:,1747647683893
counter/5/0/0/0,33965:1747647677128:,1747647683893
counter/7/0/0/0,33649:1747647677868:,1747647683893
counter/3/0/0/0,27645:1747647673492:,1747647683893
counter/6/0/0/0,33749:1747647678931:,1747647683893
counter/1/0/0/0,29022:1747647675076:,1747647683893
counter/5/0/0/0,33966:1747647677128:,1747647683893
counter/7/0/0/0,33650:1747647677868:,1747647683893
counter/3/0/0/0,27646:1747647673493:,1747647683893
counter/6/0/0/0,33750:1747647678931:,1747647683893
counter/1/0/0/0,29023:1747647675076:,1747647683893
counter/5/0/0/0,33967:1747647677128:,1747647683893
counter/7/0/0/0,33651:1747647677868:,1747647683893
counter/3/0/0/0,27647:1747647673493:,1747647683893
counter/6/0/0/0,33751:1747647678931:,1747647683893
counter/1/0/0/0,29024:1747647675081:,1747647683893
counter/5/0/0/0,33968:1747647677128:,1747647683893
counter/7/0/0/0,33652:1747647677868:,1747647683893
counter/3/0/0/0,27648:1747647673493:,1747647683893
counter/6/0/0/0,33752:1747647678931:,1747647683893
counter/1/0/0/0,29025:1747647675082:,1747647683893
counter/5/0/0/0,33969:1747647677135:,1747647683893
counter/7/0/0/0,33653:1747647677868:,1747647683893
counter/3/0/0/0,27649:1747647673506:,1747647683893
counter/6/0/0/0,33753:1747647678931:,1747647683893
counter/1/0/0/0,29026:1747647675082:,1747647683893
counter/5/0/0/0,33970:1747647677135:,1747647683893
counter/7/0/0/0,33654:1747647677874:,1747647683893
counter/3/0/0/0,27650:1747647673511:,1747647683893
counter/6/0/0/0,33754:1747647678931:,1747647683893
counter/1/0/0/0,29027:1747647675089:,1747647683893
counter/5/0/0/0,33971:1747647677135:,1747647683893
counter/7/0/0/0,33655:1747647677874:,1747647683893
counter/3/0/0/0,27651:1747647673526:,1747647683893
counter/6/0/0/0,33755:1747647678931:,1747647683893
counter/1/0/0/0,29028:1747647675089:,1747647683893
counter/5/0/0/0,33972:1747647677135:,1747647683894
counter/7/0/0/0,33656:1747647677874:,1747647683894
counter/3/0/0/0,27652:1747647673526:,1747647683894
counter/6/0/0/0,33756:1747647678931:,1747647683894
counter/1/0/0/0,29029:1747647675089:,1747647683894
counter/5/0/0/0,33973:1747647677135:,1747647683894
counter/7/0/0/0,33657:1747647677874:,1747647683894
counter/3/0/0/0,27653:1747647673526:,1747647683894
counter/6/0/0/0,33757:1747647678931:,1747647683894
counter/1/0/0/0,29030:1747647675089:,1747647683894
counter/5/0/0/0,33974:1747647677135:,1747647683894
counter/7/0/0/0,33658:1747647677874:,1747647683894
counter/3/0/0/0,27654:1747647673526:,1747647683894
counter/6/0/0/0,33758:1747647678931:,1747647683894
counter/1/0/0/0,29031:1747647675089:,1747647683894
counter/5/0/0/0,33975:1747647677135:,1747647683894
counter/7/0/0/0,33659:1747647677874:,1747647683894
counter/3/0/0/0,27655:1747647673526:,1747647683894
counter/6/0/0/0,33759:1747647678931:,1747647683894
counter/1/0/0/0,29032:1747647675089:,1747647683894
counter/5/0/0/0,33976:1747647677135:,1747647683894
counter/7/0/0/0,33660:1747647677874:,1747647683894
counter/3/0/0/0,27656:1747647673526:,1747647683894
counter/6/0/0/0,33760:1747647678931:,1747647683894
counter/1/0/0/0,29033:1747647675089:,1747647683894
counter/5/0/0/0,33977:1747647677135:,1747647683894
counter/7/0/0/0,33661:1747647677874:,1747647683894
counter/3/0/0/0,27657:1747647673526:,1747647683894
counter/6/0/0/0,33761:1747647678931:,1747647683894
counter/1/0/0/0,29034:1747647675089:,1747647683894
counter/5/0/0/0,33978:1747647677135:,1747647683894
counter/7/0/0/0,33662:1747647677874:,1747647683894
counter/4/0/0/0,28217:1747647673579:,1747647683894
counter/3/0/0/0,27658:1747647673526:,1747647683894
counter/6/0/0/0,33762:1747647678931:,1747647683894
counter/1/0/0/0,29035:1747647675090:,1747647683894
counter/5/0/0/0,33979:1747647677135:,1747647683895
counter/7/0/0/0,33663:1747647677884:,1747647683895
counter/3/0/0/0,27659:1747647673526:,1747647683895
counter/6/0/0/0,33763:1747647678931:,1747647683895
counter/1/0/0/0,29036:1747647675092:,1747647683895
counter/5/0/0/0,33980:1747647677135:,1747647683895
counter/7/0/0/0,33664:1747647677884:,1747647683895
counter/3/0/0/0,27660:1747647673526:,1747647683895
counter/6/0/0/0,33764:1747647678939:,1747647683895
counter/1/0/0/0,29037:1747647675098:,1747647683895
counter/5/0/0/0,33981:1747647677135:,1747647683895
counter/7/0/0/0,33665:1747647677884:,1747647683895
counter/3/0/0/0,27661:1747647673530:,1747647683895
counter/6/0/0/0,33765:1747647678939:,1747647683895
counter/1/0/0/0,29038:1747647675098:,1747647683895
counter/5/0/0/0,33982:1747647677135:,1747647683895
counter/7/0/0/0,33666:1747647677884:,1747647683895
counter/3/0/0/0,27662:1747647673530:,1747647683895
counter/6/0/0/0,33766:1747647678939:,1747647683895
counter/1/0/0/0,29039:1747647675098:,1747647683895
counter/5/0/0/0,33983:1747647677135:,1747647683895
counter/7/0/0/0,33667:1747647677885:,1747647683895
counter/3/0/0/0,27663:1747647673530:,1747647683895
counter/6/0/0/0,33767:1747647678939:,1747647683895
counter/1/0/0/0,29040:1747647675098:,1747647683895
counter/5/0/0/0,33984:1747647677135:,1747647683895
counter/7/0/0/0,33668:1747647677885:,1747647683895
counter/3/0/0/0,27664:1747647673531:,1747647683895
counter/6/0/0/0,33768:1747647678939:,1747647683895
counter/1/0/0/0,29041:1747647675098:,1747647683895
counter/5/0/0/0,33985:1747647677135:,1747647683895
counter/7/0/0/0,33669:1747647677885:,1747647683895
counter/3/0/0/0,27665:1747647673531:,1747647683895
counter/6/0/0/0,33769:1747647678939:,1747647683895
counter/1/0/0/0,29042:1747647675098:,1747647683895
counter/5/0/0/0,33986:1747647677137:,1747647683895
counter/7/0/0/0,33670:1747647677885:,1747647683895
counter/3/0/0/0,27666:1747647673531:,1747647683895
counter/6/0/0/0,33770:1747647678939:,1747647683895
counter/1/0/0/0,29043:1747647675098:,1747647683895
counter/5/0/0/0,33987:1747647677137:,1747647683896
counter/7/0/0/0,33671:1747647677885:,1747647683896
counter/3/0/0/0,27667:1747647673531:,1747647683896
counter/6/0/0/0,33771:1747647678939:,1747647683896
counter/1/0/0/0,29044:1747647675110:,1747647683896
counter/5/0/0/0,33988:1747647677137:,1747647683896
counter/7/0/0/0,33672:1747647677885:,1747647683896
counter/3/0/0/0,27668:1747647673531:,1747647683896
counter/6/0/0/0,33772:1747647678939:,1747647683896
counter/1/0/0/0,29045:1747647675110:,1747647683896
counter/5/0/0/0,33989:1747647677137:,1747647683896
counter/7/0/0/0,33673:1747647677885:,1747647683896
counter/3/0/0/0,27669:1747647673531:,1747647683896
counter/6/0/0/0,33773:1747647678939:,1747647683896
counter/1/0/0/0,29046:1747647675110:,1747647683896
counter/5/0/0/0,33990:1747647677137:,1747647683896
counter/7/0/0/0,33674:1747647677885:,1747647683896
counter/3/0/0/0,27670:1747647673531:,1747647683896
counter/6/0/0/0,33774:1747647678944:,1747647683896
counter/1/0/0/0,29047:1747647675110:,1747647683896
counter/5/0/0/0,33991:1747647677137:,1747647683896
counter/7/0/0/0,33675:1747647677885:,1747647683896
counter/3/0/0/0,27671:1747647673531:,1747647683896
counter/6/0/0/0,33775:1747647678944:,1747647683896
counter/1/0/0/0,29048:1747647675110:,1747647683896
counter/5/0/0/0,33992:1747647677137:,1747647683896
counter/7/0/0/0,33676:1747647677885:,1747647683896
counter/3/0/0/0,27672:1747647673541:,1747647683896
counter/6/0/0/0,33776:1747647678944:,1747647683896
counter/1/0/0/0,29049:1747647675110:,1747647683896
counter/5/0/0/0,33993:1747647677137:,1747647683896
counter/7/0/0/0,33677:1747647677885:,1747647683896
counter/3/0/0/0,27673:1747647673541:,1747647683896
counter/6/0/0/0,33777:1747647678944:,1747647683896
counter/1/0/0/0,29050:1747647675110:,1747647683896
counter/5/0/0/0,33994:1747647677141:,1747647683896
counter/7/0/0/0,33678:1747647677885:,1747647683897
counter/3/0/0/0,27674:1747647673541:,1747647683897
counter/6/0/0/0,33778:1747647678944:,1747647683897
counter/1/0/0/0,29051:1747647675110:,1747647683897
counter/5/0/0/0,33995:1747647677141:,1747647683897
counter/7/0/0/0,33679:1747647677887:,1747647683897
counter/3/0/0/0,27675:1747647673541:,1747647683897
counter/6/0/0/0,33779:1747647678946:,1747647683897
counter/1/0/0/0,29052:1747647675110:,1747647683897
counter/5/0/0/0,33996:1747647677141:,1747647683897
counter/7/0/0/0,33680:1747647677888:,1747647683897
counter/3/0/0/0,27676:1747647673541:,1747647683897
counter/6/0/0/0,33780:1747647678947:,1747647683897
counter/1/0/0/0,29053:1747647675110:,1747647683897
counter/5/0/0/0,33997:1747647677141:,1747647683897
counter/7/0/0/0,33681:1747647677888:,1747647683897
counter/3/0/0/0,27677:1747647673541:,1747647683897
counter/6/0/0/0,33781:1747647678947:,1747647683897
counter/1/0/0/0,29054:1747647675112:,1747647683897
counter/5/0/0/0,33998:1747647677142:,1747647683897
counter/7/0/0/0,33682:1747647677888:,1747647683897
counter/4/0/0/0,28218:1747647673579:,1747647683897
counter/3/0/0/0,27678:1747647673541:,1747647683897
counter/6/0/0/0,33782:1747647678952:,1747647683897
counter/1/0/0/0,29055:1747647675112:,1747647683897
counter/5/0/0/0,33999:1747647677142:,1747647683897
counter/7/0/0/0,33683:1747647677888:,1747647683897
counter/8/0/0/0,35010:1747647677707:,1747647683897
counter/10/0/0/0,27765:1747647671151:,1747647683897
counter/3/0/0/0,27679:1747647673541:,1747647683897
counter/6/0/0/0,33783:1747647678952:,1747647683897
counter/1/0/0/0,29056:1747647675112:,1747647683897
counter/5/0/0/0,34000:1747647677142:,1747647683897
counter/7/0/0/0,33684:1747647677888:,1747647683897
counter/3/0/0/0,27680:1747647673541:,1747647683897
counter/6/0/0/0,33784:1747647678952:,1747647683897
counter/1/0/0/0,29057:1747647675112:,1747647683897
counter/5/0/0/0,34001:1747647677142:,1747647683897
counter/7/0/0/0,33685:1747647677888:,1747647683897
counter/3/0/0/0,27681:1747647673541:,1747647683898
counter/6/0/0/0,33785:1747647678952:,1747647683898
counter/1/0/0/0,29058:1747647675116:,1747647683898
counter/5/0/0/0,34002:1747647677142:,1747647683898
counter/7/0/0/0,33686:1747647677888:,1747647683898
counter/3/0/0/0,27682:1747647673541:,1747647683898
counter/6/0/0/0,33786:1747647678952:,1747647683898
counter/1/0/0/0,29059:1747647675116:,1747647683898
counter/5/0/0/0,34003:1747647677142:,1747647683898
counter/7/0/0/0,33687:1747647677888:,1747647683898
counter/3/0/0/0,27683:1747647673541:,1747647683898
counter/6/0/0/0,33787:1747647678952:,1747647683898
counter/1/0/0/0,29060:1747647675116:,1747647683898
counter/5/0/0/0,34004:1747647677142:,1747647683898
counter/7/0/0/0,33688:1747647677888:,1747647683898
counter/8/0/0/0,35011:1747647677707:,1747647683898
counter/3/0/0/0,27684:1747647673541:,1747647683898
counter/6/0/0/0,33788:1747647678960:,1747647683898
counter/1/0/0/0,29061:1747647675116:,1747647683898
counter/5/0/0/0,34005:1747647677142:,1747647683898
counter/7/0/0/0,33689:1747647677888:,1747647683898
counter/8/0/0/0,35012:1747647677707:,1747647683898
counter/3/0/0/0,27685:1747647673548:,1747647683898
counter/6/0/0/0,33789:1747647678964:,1747647683898
counter/1/0/0/0,29062:1747647675116:,1747647683898
counter/5/0/0/0,34006:1747647677142:,1747647683898
counter/7/0/0/0,33690:1747647677888:,1747647683898
counter/8/0/0/0,35013:1747647677707:,1747647683898
counter/3/0/0/0,27686:1747647673548:,1747647683898
counter/6/0/0/0,33790:1747647678964:,1747647683898
counter/1/0/0/0,29063:1747647675116:,1747647683898
counter/5/0/0/0,34007:1747647677142:,1747647683898
counter/7/0/0/0,33691:1747647677888:,1747647683898
counter/8/0/0/0,35014:1747647677707:,1747647683898
counter/3/0/0/0,27687:1747647673548:,1747647683898
counter/6/0/0/0,33791:1747647678964:,1747647683898
counter/1/0/0/0,29064:1747647675116:,1747647683898
counter/5/0/0/0,34008:1747647677142:,1747647683898
counter/7/0/0/0,33692:1747647677888:,1747647683898
counter/8/0/0/0,35015:1747647677707:,1747647683898
counter/3/0/0/0,27688:1747647673548:,1747647683899
counter/6/0/0/0,33792:1747647678964:,1747647683899
counter/1/0/0/0,29065:1747647675116:,1747647683899
counter/5/0/0/0,34009:1747647677142:,1747647683899
counter/7/0/0/0,33693:1747647677888:,1747647683899
counter/8/0/0/0,35016:1747647677718:,1747647683899
counter/3/0/0/0,27689:1747647673548:,1747647683899
counter/6/0/0/0,33793:1747647678964:,1747647683899
counter/1/0/0/0,29066:1747647675116:,1747647683899
counter/5/0/0/0,34010:1747647677142:,1747647683899
counter/7/0/0/0,33694:1747647677888:,1747647683899
counter/8/0/0/0,35017:1747647677718:,1747647683899
counter/3/0/0/0,27690:1747647673548:,1747647683899
counter/6/0/0/0,33794:1747647678964:,1747647683899
counter/1/0/0/0,29067:1747647675117:,1747647683899
counter/5/0/0/0,34011:1747647677142:,1747647683899
counter/7/0/0/0,33695:1747647677888:,1747647683899
counter/8/0/0/0,35018:1747647677718:,1747647683899
counter/3/0/0/0,27691:1747647673548:,1747647683899
counter/6/0/0/0,33795:1747647678964:,1747647683899
counter/1/0/0/0,29068:1747647675117:,1747647683899
counter/5/0/0/0,34012:1747647677145:,1747647683899
counter/7/0/0/0,33696:1747647677895:,1747647683899
counter/8/0/0/0,35019:1747647677718:,1747647683899
counter/3/0/0/0,27692:1747647673548:,1747647683899
counter/6/0/0/0,33796:1747647678964:,1747647683899
counter/1/0/0/0,29069:1747647675117:,1747647683899
counter/5/0/0/0,34013:1747647677145:,1747647683899
counter/7/0/0/0,33697:1747647677895:,1747647683899
counter/8/0/0/0,35020:1747647677718:,1747647683899
counter/10/0/0/0,27766:1747647671151:,1747647683899
counter/4/0/0/0,28219:1747647673579:,1747647683899
counter/3/0/0/0,27693:1747647673548:,1747647683899
counter/6/0/0/0,33797:1747647678964:,1747647683899
counter/1/0/0/0,29070:1747647675117:,1747647683899
counter/5/0/0/0,34014:1747647677145:,1747647683900
counter/7/0/0/0,33698:1747647677895:,1747647683900
counter/8/0/0/0,35021:1747647677718:,1747647683900
counter/10/0/0/0,27767:1747647671151:,1747647683900
counter/3/0/0/0,27694:1747647673548:,1747647683900
counter/6/0/0/0,33798:1747647678964:,1747647683900
counter/1/0/0/0,29071:1747647675117:,1747647683900
counter/5/0/0/0,34015:1747647677145:,1747647683900
counter/7/0/0/0,33699:1747647677895:,1747647683900
counter/8/0/0/0,35022:1747647677718:,1747647683900
counter/10/0/0/0,27768:1747647671151:,1747647683900
counter/3/0/0/0,27695:1747647673548:,1747647683900
counter/6/0/0/0,33799:1747647678964:,1747647683900
counter/1/0/0/0,29072:1747647675117:,1747647683900
counter/5/0/0/0,34016:1747647677145:,1747647683900
counter/7/0/0/0,33700:1747647677895:,1747647683900
counter/8/0/0/0,35023:1747647677718:,1747647683900
counter/10/0/0/0,27769:1747647671151:,1747647683900
counter/3/0/0/0,27696:1747647673548:,1747647683900
counter/6/0/0/0,33800:1747647678964:,1747647683900
counter/1/0/0/0,29073:1747647675117:,1747647683900
counter/5/0/0/0,34017:1747647677148:,1747647683900
counter/7/0/0/0,33701:1747647677895:,1747647683900
counter/8/0/0/0,35024:1747647677718:,1747647683900
counter/10/0/0/0,27770:1747647671152:,1747647683900
counter/3/0/0/0,27697:1747647673548:,1747647683900
counter/6/0/0/0,33801:1747647678965:,1747647683900
counter/1/0/0/0,29074:1747647675117:,1747647683900
counter/5/0/0/0,34018:1747647677148:,1747647683900
counter/7/0/0/0,33702:1747647677895:,1747647683900
counter/8/0/0/0,35025:1747647677724:,1747647683900
counter/10/0/0/0,27771:1747647671152:,1747647683900
counter/3/0/0/0,27698:1747647673548:,1747647683900
counter/6/0/0/0,33802:1747647678965:,1747647683900
counter/1/0/0/0,29075:1747647675117:,1747647683900
counter/5/0/0/0,34019:1747647677148:,1747647683900
counter/7/0/0/0,33703:1747647677895:,1747647683900
counter/8/0/0/0,35026:1747647677724:,1747647683900
counter/10/0/0/0,27772:1747647671152:,1747647683900
counter/4/0/0/0,28220:1747647673580:,1747647683900
counter/3/0/0/0,27699:1747647673548:,1747647683900
counter/6/0/0/0,33803:1747647678965:,1747647683900
counter/1/0/0/0,29076:1747647675117:,1747647683901
counter/5/0/0/0,34020:1747647677148:,1747647683901
counter/7/0/0/0,33704:1747647677908:,1747647683901
counter/8/0/0/0,35027:1747647677724:,1747647683901
counter/10/0/0/0,27773:1747647671155:,1747647683901
counter/4/0/0/0,28221:1747647673583:,1747647683901
counter/3/0/0/0,27700:1747647673548:,1747647683901
counter/6/0/0/0,33804:1747647678965:,1747647683901
counter/1/0/0/0,29077:1747647675118:,1747647683901
counter/5/0/0/0,34021:1747647677172:,1747647683901
counter/7/0/0/0,33705:1747647677908:,1747647683901
counter/8/0/0/0,35028:1747647677724:,1747647683901
counter/10/0/0/0,27774:1747647671155:,1747647683901
counter/4/0/0/0,28222:1747647673583:,1747647683901
counter/3/0/0/0,27701:1747647673551:,1747647683901
counter/6/0/0/0,33805:1747647678965:,1747647683901
counter/1/0/0/0,29078:1747647675118:,1747647683901
counter/5/0/0/0,34022:1747647677172:,1747647683901
counter/7/0/0/0,33706:1747647677908:,1747647683901
counter/8/0/0/0,35029:1747647677724:,1747647683901
counter/10/0/0/0,27775:1747647671155:,1747647683901
counter/4/0/0/0,28223:1747647673583:,1747647683901
counter/3/0/0/0,27702:1747647673552:,1747647683901
counter/6/0/0/0,33806:1747647678965:,1747647683901
counter/1/0/0/0,29079:1747647675133:,1747647683901
counter/5/0/0/0,34023:1747647677172:,1747647683901
counter/7/0/0/0,33707:1747647677908:,1747647683901
counter/8/0/0/0,35030:1747647677724:,1747647683901
counter/10/0/0/0,27776:1747647671155:,1747647683901
counter/4/0/0/0,28224:1747647673583:,1747647683901
counter/3/0/0/0,27703:1747647673552:,1747647683901
counter/6/0/0/0,33807:1747647678970:,1747647683901
counter/1/0/0/0,29080:1747647675133:,1747647683901
counter/5/0/0/0,34024:1747647677172:,1747647683901
counter/7/0/0/0,33708:1747647677908:,1747647683901
counter/8/0/0/0,35031:1747647677724:,1747647683901
counter/10/0/0/0,27777:1747647671155:,1747647683901
counter/4/0/0/0,28225:1747647673583:,1747647683901
counter/3/0/0/0,27704:1747647673552:,1747647683901
counter/6/0/0/0,33808:1747647678970:,1747647683901
counter/1/0/0/0,29081:1747647675133:,1747647683901
counter/5/0/0/0,34025:1747647677172:,1747647683901
counter/7/0/0/0,33709:1747647677908:,1747647683901
counter/8/0/0/0,35032:1747647677724:,1747647683902
counter/10/0/0/0,27778:1747647671155:,1747647683902
counter/4/0/0/0,28226:1747647673583:,1747647683902
counter/3/0/0/0,27705:1747647673552:,1747647683902
counter/6/0/0/0,33809:1747647678970:,1747647683902
counter/1/0/0/0,29082:1747647675133:,1747647683902
counter/5/0/0/0,34026:1747647677172:,1747647683902
counter/7/0/0/0,33710:1747647677908:,1747647683902
counter/8/0/0/0,35033:1747647677724:,1747647683902
counter/10/0/0/0,27779:1747647671155:,1747647683902
counter/4/0/0/0,28227:1747647673583:,1747647683902
counter/3/0/0/0,27706:1747647673552:,1747647683902
counter/6/0/0/0,33810:1747647678970:,1747647683902
counter/1/0/0/0,29083:1747647675133:,1747647683902
counter/5/0/0/0,34027:1747647677172:,1747647683902
counter/7/0/0/0,33711:1747647677910:,1747647683902
counter/8/0/0/0,35034:1747647677724:,1747647683902
counter/10/0/0/0,27780:1747647671155:,1747647683902
counter/4/0/0/0,28228:1747647673583:,1747647683902
counter/3/0/0/0,27707:1747647673552:,1747647683902
counter/6/0/0/0,33811:1747647678970:,1747647683902
counter/1/0/0/0,29084:1747647675133:,1747647683902
counter/5/0/0/0,34028:1747647677172:,1747647683902
counter/7/0/0/0,33712:1747647677910:,1747647683902
counter/8/0/0/0,35035:1747647677724:,1747647683902
counter/10/0/0/0,27781:1747647671155:,1747647683902
counter/4/0/0/0,28229:1747647673583:,1747647683902
counter/3/0/0/0,27708:1747647673552:,1747647683902
counter/6/0/0/0,33812:1747647678970:,1747647683902
counter/1/0/0/0,29085:1747647675133:,1747647683902
counter/5/0/0/0,34029:1747647677172:,1747647683902
counter/7/0/0/0,33713:1747647677911:,1747647683902
counter/8/0/0/0,35036:1747647677724:,1747647683902
counter/10/0/0/0,27782:1747647671155:,1747647683902
counter/4/0/0/0,28230:1747647673583:,1747647683902
counter/3/0/0/0,27709:1747647673552:,1747647683902
counter/6/0/0/0,33813:1747647678979:,1747647683902
counter/1/0/0/0,29086:1747647675133:,1747647683902
counter/5/0/0/0,34030:1747647677172:,1747647683902
counter/7/0/0/0,33714:1747647677911:,1747647683903
counter/8/0/0/0,35037:1747647677726:,1747647683903
counter/10/0/0/0,27783:1747647671155:,1747647683903
counter/4/0/0/0,28231:1747647673583:,1747647683903
counter/3/0/0/0,27710:1747647673552:,1747647683903
counter/6/0/0/0,33814:1747647678979:,1747647683903
counter/1/0/0/0,29087:1747647675133:,1747647683903
counter/5/0/0/0,34031:1747647677172:,1747647683903
counter/7/0/0/0,33715:1747647677911:,1747647683903
counter/8/0/0/0,35038:1747647677726:,1747647683903
counter/10/0/0/0,27784:1747647671155:,1747647683903
counter/4/0/0/0,28232:1747647673583:,1747647683903
counter/3/0/0/0,27711:1747647673552:,1747647683903
counter/6/0/0/0,33815:1747647678979:,1747647683903
counter/1/0/0/0,29088:1747647675133:,1747647683903
counter/5/0/0/0,34032:1747647677172:,1747647683903
counter/7/0/0/0,33716:1747647677911:,1747647683903
counter/8/0/0/0,35039:1747647677726:,1747647683903
counter/10/0/0/0,27785:1747647671155:,1747647683903
counter/4/0/0/0,28233:1747647673604:,1747647683903
counter/3/0/0/0,27712:1747647673552:,1747647683903
counter/6/0/0/0,33816:1747647678979:,1747647683903
counter/1/0/0/0,29089:1747647675133:,1747647683903
counter/5/0/0/0,34033:1747647677173:,1747647683903
counter/7/0/0/0,33717:1747647677911:,1747647683903
counter/8/0/0/0,35040:1747647677726:,1747647683903
counter/10/0/0/0,27786:1747647671155:,1747647683903
counter/4/0/0/0,28234:1747647673604:,1747647683903
counter/3/0/0/0,27713:1747647673552:,1747647683903
counter/6/0/0/0,33817:1747647678979:,1747647683903
counter/1/0/0/0,29090:1747647675157:,1747647683903
counter/5/0/0/0,34034:1747647677173:,1747647683903
counter/7/0/0/0,33718:1747647677914:,1747647683903
counter/8/0/0/0,35041:1747647677726:,1747647683903
counter/10/0/0/0,27787:1747647671155:,1747647683903
counter/4/0/0/0,28235:1747647673604:,1747647683903
counter/3/0/0/0,27714:1747647673552:,1747647683903
counter/6/0/0/0,33818:1747647678979:,1747647683903
counter/1/0/0/0,29091:1747647675157:,1747647683903
counter/5/0/0/0,34035:1747647677173:,1747647683903
counter/7/0/0/0,33719:1747647677914:,1747647683903
counter/8/0/0/0,35042:1747647677726:,1747647683904
counter/10/0/0/0,27788:1747647671155:,1747647683904
counter/4/0/0/0,28236:1747647673605:,1747647683904
counter/3/0/0/0,27715:1747647673558:,1747647683904
counter/6/0/0/0,33819:1747647678979:,1747647683904
counter/1/0/0/0,29092:1747647675157:,1747647683904
counter/5/0/0/0,34036:1747647677173:,1747647683904
counter/7/0/0/0,33720:1747647677914:,1747647683904
counter/8/0/0/0,35043:1747647677726:,1747647683904
counter/10/0/0/0,27789:1747647671155:,1747647683904
counter/4/0/0/0,28237:1747647673605:,1747647683904
counter/3/0/0/0,27716:1747647673558:,1747647683904
counter/6/0/0/0,33820:1747647678979:,1747647683904
counter/1/0/0/0,29093:1747647675157:,1747647683904
counter/5/0/0/0,34037:1747647677174:,1747647683904
counter/7/0/0/0,33721:1747647677914:,1747647683904
counter/8/0/0/0,35044:1747647677726:,1747647683904
counter/10/0/0/0,27790:1747647671155:,1747647683904
counter/4/0/0/0,28238:1747647673605:,1747647683904
counter/3/0/0/0,27717:1747647673558:,1747647683904
counter/6/0/0/0,33821:1747647678979:,1747647683904
counter/1/0/0/0,29094:1747647675157:,1747647683904
counter/5/0/0/0,34038:1747647677174:,1747647683904
counter/7/0/0/0,33722:1747647677914:,1747647683904
counter/8/0/0/0,35045:1747647677726:,1747647683904
counter/10/0/0/0,27791:1747647671155:,1747647683904
counter/4/0/0/0,28239:1747647673605:,1747647683904
counter/3/0/0/0,27718:1747647673558:,1747647683904
counter/6/0/0/0,33822:1747647678979:,1747647683904
counter/1/0/0/0,29095:1747647675159:,1747647683904
counter/5/0/0/0,34039:1747647677174:,1747647683904
counter/7/0/0/0,33723:1747647677914:,1747647683904
counter/8/0/0/0,35046:1747647677726:,1747647683904
counter/10/0/0/0,27792:1747647671155:,1747647683904
counter/4/0/0/0,28240:1747647673605:,1747647683904
counter/3/0/0/0,27719:1747647673558:,1747647683905
counter/6/0/0/0,33823:1747647678979:,1747647683905
counter/1/0/0/0,29096:1747647675159:,1747647683905
counter/5/0/0/0,34040:1747647677174:,1747647683905
counter/7/0/0/0,33724:1747647677914:,1747647683905
counter/8/0/0/0,35047:1747647677726:,1747647683905
counter/10/0/0/0,27793:1747647671155:,1747647683905
counter/4/0/0/0,28241:1747647673605:,1747647683905
counter/3/0/0/0,27720:1747647673558:,1747647683905
counter/6/0/0/0,33824:1747647678988:,1747647683905
counter/1/0/0/0,29097:1747647675159:,1747647683905
counter/5/0/0/0,34041:1747647677174:,1747647683905
counter/7/0/0/0,33725:1747647677915:,1747647683905
counter/8/0/0/0,35048:1747647677726:,1747647683905
counter/10/0/0/0,27794:1747647671155:,1747647683905
counter/4/0/0/0,28242:1747647673605:,1747647683905
counter/3/0/0/0,27721:1747647673558:,1747647683905
counter/6/0/0/0,33825:1747647678994:,1747647683905
counter/1/0/0/0,29098:1747647675159:,1747647683905
counter/5/0/0/0,34042:1747647677174:,1747647683905
counter/7/0/0/0,33726:1747647677915:,1747647683905
counter/8/0/0/0,35049:1747647677733:,1747647683905
counter/10/0/0/0,27795:1747647671156:,1747647683905
counter/4/0/0/0,28243:1747647673605:,1747647683905
counter/3/0/0/0,27722:1747647673558:,1747647683905
counter/6/0/0/0,33826:1747647678994:,1747647683905
counter/1/0/0/0,29099:1747647675159:,1747647683905
counter/5/0/0/0,34043:1747647677174:,1747647683905
counter/7/0/0/0,33727:1747647677915:,1747647683905
counter/8/0/0/0,35050:1747647677733:,1747647683905
counter/10/0/0/0,27796:1747647671156:,1747647683905
counter/4/0/0/0,28244:1747647673610:,1747647683905
counter/3/0/0/0,27723:1747647673558:,1747647683905
counter/6/0/0/0,33827:1747647678994:,1747647683905
counter/1/0/0/0,29100:1747647675164:,1747647683905
counter/5/0/0/0,34044:1747647677174:,1747647683905
counter/7/0/0/0,33728:1747647677915:,1747647683905
counter/8/0/0/0,35051:1747647677733:,1747647683905
counter/10/0/0/0,27797:1747647671156:,1747647683905
counter/4/0/0/0,28245:1747647673610:,1747647683905
counter/3/0/0/0,27724:1747647673568:,1747647683906
counter/6/0/0/0,33828:1747647678994:,1747647683906
counter/1/0/0/0,29101:1747647675164:,1747647683906
counter/5/0/0/0,34045:1747647677174:,1747647683906
counter/7/0/0/0,33729:1747647677915:,1747647683906
counter/8/0/0/0,35052:1747647677733:,1747647683906
counter/10/0/0/0,27798:1747647671156:,1747647683906
counter/4/0/0/0,28246:1747647673610:,1747647683906
counter/3/0/0/0,27725:1747647673568:,1747647683906
counter/6/0/0/0,33829:1747647678994:,1747647683906
counter/1/0/0/0,29102:1747647675164:,1747647683906
counter/5/0/0/0,34046:1747647677174:,1747647683906
counter/7/0/0/0,33730:1747647677915:,1747647683906
counter/8/0/0/0,35053:1747647677733:,1747647683906
counter/10/0/0/0,27799:1747647671156:,1747647683906
counter/4/0/0/0,28247:1747647673611:,1747647683906
counter/3/0/0/0,27726:1747647673568:,1747647683906
counter/6/0/0/0,33830:1747647678994:,1747647683906
counter/1/0/0/0,29103:1747647675164:,1747647683906
counter/5/0/0/0,34047:1747647677176:,1747647683906
counter/7/0/0/0,33731:1747647677915:,1747647683906
counter/8/0/0/0,35054:1747647677733:,1747647683906
counter/10/0/0/0,27800:1747647671156:,1747647683906
counter/4/0/0/0,28248:1747647673611:,1747647683906
counter/3/0/0/0,27727:1747647673568:,1747647683906
counter/6/0/0/0,33831:1747647678994:,1747647683906
counter/1/0/0/0,29104:1747647675164:,1747647683906
counter/5/0/0/0,34048:1747647677176:,1747647683906
counter/7/0/0/0,33732:1747647677916:,1747647683906
counter/8/0/0/0,35055:1747647677735:,1747647683906
counter/10/0/0/0,27801:1747647671156:,1747647683906
counter/4/0/0/0,28249:1747647673611:,1747647683906
counter/3/0/0/0,27728:1747647673568:,1747647683906
counter/6/0/0/0,33832:1747647678994:,1747647683906
counter/1/0/0/0,29105:1747647675164:,1747647683906
counter/5/0/0/0,34049:1747647677176:,1747647683906
counter/8/0/0/0,35056:1747647677738:,1747647683906
counter/10/0/0/0,27802:1747647671156:,1747647683906
counter/4/0/0/0,28250:1747647673611:,1747647683906
counter/3/0/0/0,27729:1747647673568:,1747647683906
counter/6/0/0/0,33833:1747647678994:,1747647683906
counter/1/0/0/0,29106:1747647675165:,1747647683906
counter/5/0/0/0,34050:1747647677176:,1747647683907
counter/8/0/0/0,35057:1747647677738:,1747647683907
counter/10/0/0/0,27803:1747647671156:,1747647683907
counter/4/0/0/0,28251:1747647673611:,1747647683907
counter/3/0/0/0,27730:1747647673568:,1747647683907
counter/6/0/0/0,33834:1747647678994:,1747647683907
counter/1/0/0/0,29107:1747647675165:,1747647683907
counter/5/0/0/0,34051:1747647677176:,1747647683907
counter/8/0/0/0,35058:1747647677738:,1747647683907
counter/10/0/0/0,27804:1747647671161:,1747647683907
counter/4/0/0/0,28252:1747647673611:,1747647683907
counter/3/0/0/0,27731:1747647673568:,1747647683907
counter/6/0/0/0,33835:1747647678994:,1747647683907
counter/1/0/0/0,29108:1747647675165:,1747647683907
counter/5/0/0/0,34052:1747647677179:,1747647683907
counter/8/0/0/0,35059:1747647677738:,1747647683907
counter/10/0/0/0,27805:1747647671161:,1747647683907
counter/4/0/0/0,28253:1747647673611:,1747647683907
counter/3/0/0/0,27732:1747647673568:,1747647683907
counter/6/0/0/0,33836:1747647678994:,1747647683907
counter/1/0/0/0,29109:1747647675165:,1747647683907
counter/5/0/0/0,34053:1747647677179:,1747647683907
counter/8/0/0/0,35060:1747647677738:,1747647683907
counter/10/0/0/0,27806:1747647671161:,1747647683907
counter/4/0/0/0,28254:1747647673611:,1747647683907
counter/3/0/0/0,27733:1747647673568:,1747647683907
counter/6/0/0/0,33837:1747647678994:,1747647683907
counter/1/0/0/0,29110:1747647675165:,1747647683907
counter/5/0/0/0,34054:1747647677179:,1747647683907
counter/8/0/0/0,35061:1747647677738:,1747647683907
counter/10/0/0/0,27807:1747647671161:,1747647683907
counter/4/0/0/0,28255:1747647673612:,1747647683907
counter/3/0/0/0,27734:1747647673568:,1747647683907
counter/6/0/0/0,33838:1747647678994:,1747647683907
counter/1/0/0/0,29111:1747647675165:,1747647683907
counter/5/0/0/0,34055:1747647677179:,1747647683908
counter/8/0/0/0,35062:1747647677738:,1747647683908
counter/10/0/0/0,27808:1747647671161:,1747647683908
counter/4/0/0/0,28256:1747647673612:,1747647683908
counter/3/0/0/0,27735:1747647673568:,1747647683908
counter/6/0/0/0,33839:1747647678994:,1747647683908
counter/1/0/0/0,29112:1747647675165:,1747647683908
counter/5/0/0/0,34056:1747647677180:,1747647683908
counter/8/0/0/0,35063:1747647677738:,1747647683908
counter/10/0/0/0,27809:1747647671162:,1747647683908
counter/4/0/0/0,28257:1747647673612:,1747647683908
counter/7/0/0/0,33733:1747647677922:,1747647683908
counter/3/0/0/0,27736:1747647673569:,1747647683908
counter/6/0/0/0,33840:1747647678994:,1747647683908
counter/1/0/0/0,29113:1747647675165:,1747647683908
counter/5/0/0/0,34057:1747647677180:,1747647683908
counter/8/0/0/0,35064:1747647677738:,1747647683908
counter/10/0/0/0,27810:1747647671162:,1747647683908
counter/4/0/0/0,28258:1747647673612:,1747647683908
counter/3/0/0/0,27737:1747647673569:,1747647683908
counter/6/0/0/0,33841:1747647678994:,1747647683908
counter/1/0/0/0,29114:1747647675168:,1747647683908
counter/5/0/0/0,34058:1747647677180:,1747647683908
counter/8/0/0/0,35065:1747647677739:,1747647683908
counter/10/0/0/0,27811:1747647671162:,1747647683908
counter/4/0/0/0,28259:1747647673612:,1747647683908
counter/3/0/0/0,27738:1747647673569:,1747647683908
counter/6/0/0/0,33842:1747647678994:,1747647683908
counter/1/0/0/0,29115:1747647675169:,1747647683908
counter/5/0/0/0,34059:1747647677180:,1747647683908
counter/8/0/0/0,35066:1747647677739:,1747647683908
counter/10/0/0/0,27812:1747647671163:,1747647683908
counter/4/0/0/0,28260:1747647673612:,1747647683908
counter/3/0/0/0,27739:1747647673569:,1747647683908
counter/6/0/0/0,33843:1747647679000:,1747647683908
counter/1/0/0/0,29116:1747647675169:,1747647683908
counter/5/0/0/0,34060:1747647677180:,1747647683908
counter/8/0/0/0,35067:1747647677739:,1747647683909
counter/10/0/0/0,27813:1747647671163:,1747647683909
counter/4/0/0/0,28261:1747647673612:,1747647683909
counter/3/0/0/0,27740:1747647673569:,1747647683909
counter/6/0/0/0,33844:1747647679000:,1747647683909
counter/1/0/0/0,29117:1747647675169:,1747647683909
counter/5/0/0/0,34061:1747647677180:,1747647683909
counter/8/0/0/0,35068:1747647677739:,1747647683909
counter/10/0/0/0,27814:1747647671163:,1747647683909
counter/4/0/0/0,28262:1747647673612:,1747647683909
counter/3/0/0/0,27741:1747647673569:,1747647683909
counter/6/0/0/0,33845:1747647679000:,1747647683909
counter/1/0/0/0,29118:1747647675169:,1747647683909
counter/5/0/0/0,34062:1747647677180:,1747647683909
counter/8/0/0/0,35069:1747647677739:,1747647683909
counter/10/0/0/0,27815:1747647671163:,1747647683909
counter/4/0/0/0,28263:1747647673612:,1747647683909
counter/3/0/0/0,27742:1747647673569:,1747647683909
counter/6/0/0/0,33846:1747647679000:,1747647683909
counter/1/0/0/0,29119:1747647675169:,1747647683909
counter/5/0/0/0,34063:1747647677185:,1747647683909
counter/8/0/0/0,35070:1747647677739:,1747647683909
counter/4/0/0/0,28264:1747647673612:,1747647683909
counter/3/0/0/0,27743:1747647673569:,1747647683909
counter/6/0/0/0,33847:1747647679000:,1747647683909
counter/1/0/0/0,29120:1747647675169:,1747647683909
counter/5/0/0/0,34064:1747647677185:,1747647683909
counter/8/0/0/0,35071:1747647677739:,1747647683909
counter/4/0/0/0,28265:1747647673612:,1747647683909
counter/10/0/0/0,27816:1747647671163:,1747647683909
counter/3/0/0/0,27744:1747647673569:,1747647683909
counter/6/0/0/0,33848:1747647679000:,1747647683909
counter/1/0/0/0,29121:1747647675169:,1747647683909
counter/5/0/0/0,34065:1747647677185:,1747647683909
counter/4/0/0/0,28266:1747647673612:,1747647683909
counter/7/0/0/0,33734:1747647677922:,1747647683909
counter/3/0/0/0,27745:1747647673570:,1747647683909
counter/6/0/0/0,33849:1747647679000:,1747647683909
counter/1/0/0/0,29122:1747647675169:,1747647683909
counter/5/0/0/0,34066:1747647677185:,1747647683910
counter/4/0/0/0,28267:1747647673612:,1747647683910
counter/3/0/0/0,27746:1747647673572:,1747647683910
counter/6/0/0/0,33850:1747647679000:,1747647683910
counter/1/0/0/0,29123:1747647675169:,1747647683910
counter/5/0/0/0,34067:1747647677185:,1747647683910
counter/4/0/0/0,28268:1747647673612:,1747647683910
counter/3/0/0/0,27747:1747647673572:,1747647683910
counter/6/0/0/0,33851:1747647679000:,1747647683910
counter/1/0/0/0,29124:1747647675169:,1747647683910
counter/5/0/0/0,34068:1747647677197:,1747647683910
counter/4/0/0/0,28269:1747647673612:,1747647683910
counter/8/0/0/0,35072:1747647677739:,1747647683910
counter/3/0/0/0,27748:1747647673572:,1747647683910
counter/6/0/0/0,33852:1747647679001:,1747647683910
counter/1/0/0/0,29125:1747647675169:,1747647683910
counter/5/0/0/0,34069:1747647677197:,1747647683910
counter/4/0/0/0,28270:1747647673612:,1747647683910
counter/3/0/0/0,27749:1747647673572:,1747647683910
counter/6/0/0/0,33853:1747647679001:,1747647683910
counter/1/0/0/0,29126:1747647675178:,1747647683910
counter/5/0/0/0,34070:1747647677197:,1747647683910
counter/4/0/0/0,28271:1747647673612:,1747647683910
counter/3/0/0/0,27750:1747647673572:,1747647683910
counter/6/0/0/0,33854:1747647679001:,1747647683910
counter/1/0/0/0,29127:1747647675178:,1747647683910
counter/5/0/0/0,34071:1747647677197:,1747647683910
counter/4/0/0/0,28272:1747647673612:,1747647683910
counter/3/0/0/0,27751:1747647673572:,1747647683910
counter/6/0/0/0,33855:1747647679001:,1747647683910
counter/1/0/0/0,29128:1747647675178:,1747647683910
counter/5/0/0/0,34072:1747647677197:,1747647683910
counter/4/0/0/0,28273:1747647673612:,1747647683910
counter/3/0/0/0,27752:1747647673572:,1747647683910
counter/6/0/0/0,33856:1747647679001:,1747647683910
counter/1/0/0/0,29129:1747647675178:,1747647683910
counter/5/0/0/0,34073:1747647677197:,1747647683910
counter/3/0/0/0,27753:1747647673572:,1747647683910
counter/6/0/0/0,33857:1747647679001:,1747647683910
counter/1/0/0/0,29130:1747647675178:,1747647683911
counter/5/0/0/0,34074:1747647677197:,1747647683911
counter/3/0/0/0,27754:1747647673572:,1747647683911
counter/6/0/0/0,33858:1747647679001:,1747647683911
counter/1/0/0/0,29131:1747647675201:,1747647683911
counter/5/0/0/0,34075:1747647677197:,1747647683911
counter/3/0/0/0,27755:1747647673572:,1747647683911
counter/6/0/0/0,33859:1747647679001:,1747647683911
counter/1/0/0/0,29132:1747647675201:,1747647683911
counter/5/0/0/0,34076:1747647677197:,1747647683911
counter/3/0/0/0,27756:1747647673572:,1747647683911
counter/6/0/0/0,33860:1747647679001:,1747647683911
counter/1/0/0/0,29133:1747647675201:,1747647683911
counter/5/0/0/0,34077:1747647677197:,1747647683911
counter/3/0/0/0,27757:1747647673572:,1747647683911
counter/6/0/0/0,33861:1747647679001:,1747647683911
counter/1/0/0/0,29134:1747647675201:,1747647683911
counter/5/0/0/0,34078:1747647677197:,1747647683911
counter/3/0/0/0,27758:1747647673572:,1747647683911
counter/6/0/0/0,33862:1747647679001:,1747647683911
counter/1/0/0/0,29135:1747647675201:,1747647683911
counter/5/0/0/0,34079:1747647677197:,1747647683911
counter/8/0/0/0,35073:1747647677739:,1747647683911
counter/3/0/0/0,27759:1747647673572:,1747647683911
counter/6/0/0/0,33863:1747647679001:,1747647683911
counter/1/0/0/0,29136:1747647675201:,1747647683911
counter/5/0/0/0,34080:1747647677197:,1747647683911
counter/10/0/0/0,27817:1747647671163:,1747647683911
counter/3/0/0/0,27760:1747647673572:,1747647683911
counter/6/0/0/0,33864:1747647679001:,1747647683911
counter/1/0/0/0,29137:1747647675201:,1747647683911
counter/5/0/0/0,34081:1747647677197:,1747647683911
counter/3/0/0/0,27761:1747647673572:,1747647683911
counter/6/0/0/0,33865:1747647679001:,1747647683911
counter/1/0/0/0,29138:1747647675201:,1747647683911
counter/5/0/0/0,34082:1747647677197:,1747647683911
counter/3/0/0/0,27762:1747647673572:,1747647683911
counter/6/0/0/0,33866:1747647679001:,1747647683911
counter/1/0/0/0,29139:1747647675201:,1747647683911
counter/5/0/0/0,34083:1747647677197:,1747647683911
counter/3/0/0/0,27763:1747647673572:,1747647683912
counter/6/0/0/0,33867:1747647679001:,1747647683912
counter/1/0/0/0,29140:1747647675201:,1747647683912
counter/5/0/0/0,34084:1747647677197:,1747647683912
counter/3/0/0/0,27764:1747647673572:,1747647683912
counter/6/0/0/0,33868:1747647679001:,1747647683912
counter/1/0/0/0,29141:1747647675201:,1747647683912
counter/5/0/0/0,34085:1747647677197:,1747647683912
counter/3/0/0/0,27765:1747647673572:,1747647683912
counter/1/0/0/0,29142:1747647675201:,1747647683912
counter/5/0/0/0,34086:1747647677215:,1747647683912
counter/3/0/0/0,27766:1747647673572:,1747647683912
counter/1/0/0/0,29143:1747647675201:,1747647683912
counter/5/0/0/0,34087:1747647677215:,1747647683912
counter/3/0/0/0,27767:1747647673584:,1747647683912
counter/1/0/0/0,29144:1747647675201:,1747647683912
counter/5/0/0/0,34088:1747647677215:,1747647683912
counter/3/0/0/0,27768:1747647673584:,1747647683912
counter/1/0/0/0,29145:1747647675201:,1747647683912
counter/5/0/0/0,34089:1747647677215:,1747647683912
counter/3/0/0/0,27769:1747647673584:,1747647683912
counter/1/0/0/0,29146:1747647675203:,1747647683912
counter/5/0/0/0,34090:1747647677215:,1747647683912
counter/3/0/0/0,27770:1747647673584:,1747647683912
counter/1/0/0/0,29147:1747647675203:,1747647683912
counter/5/0/0/0,34091:1747647677215:,1747647683912
counter/3/0/0/0,27771:1747647673584:,1747647683912
counter/1/0/0/0,29148:1747647675203:,1747647683912
counter/5/0/0/0,34092:1747647677215:,1747647683912
counter/3/0/0/0,27772:1747647673584:,1747647683912
counter/1/0/0/0,29149:1747647675203:,1747647683912
counter/5/0/0/0,34093:1747647677215:,1747647683912
counter/3/0/0/0,27773:1747647673584:,1747647683912
counter/1/0/0/0,29150:1747647675203:,1747647683912
counter/5/0/0/0,34094:1747647677215:,1747647683912
counter/3/0/0/0,27774:1747647673584:,1747647683912
counter/1/0/0/0,29151:1747647675203:,1747647683912
counter/5/0/0/0,34095:1747647677217:,1747647683912
counter/3/0/0/0,27775:1747647673584:,1747647683912
counter/1/0/0/0,29152:1747647675203:,1747647683912
counter/5/0/0/0,34096:1747647677217:,1747647683912
counter/3/0/0/0,27776:1747647673584:,1747647683913
counter/1/0/0/0,29153:1747647675203:,1747647683913
counter/5/0/0/0,34097:1747647677217:,1747647683913
counter/3/0/0/0,27777:1747647673584:,1747647683913
counter/1/0/0/0,29154:1747647675203:,1747647683913
counter/5/0/0/0,34098:1747647677217:,1747647683913
counter/10/0/0/0,27818:1747647671163:,1747647683913
counter/3/0/0/0,27778:1747647673584:,1747647683913
counter/1/0/0/0,29155:1747647675203:,1747647683913
counter/5/0/0/0,34099:1747647677217:,1747647683913
counter/8/0/0/0,35074:1747647677739:,1747647683913
counter/6/0/0/0,33869:1747647679001:,1747647683913
counter/3/0/0/0,27779:1747647673584:,1747647683913
counter/1/0/0/0,29156:1747647675203:,1747647683913
counter/5/0/0/0,34100:1747647677217:,1747647683913
counter/6/0/0/0,33870:1747647679001:,1747647683913
counter/3/0/0/0,27780:1747647673584:,1747647683913
counter/1/0/0/0,29157:1747647675203:,1747647683913
counter/5/0/0/0,34101:1747647677217:,1747647683913
counter/6/0/0/0,33871:1747647679001:,1747647683913
counter/3/0/0/0,27781:1747647673584:,1747647683913
counter/1/0/0/0,29158:1747647675203:,1747647683913
counter/5/0/0/0,34102:1747647677217:,1747647683913
counter/6/0/0/0,33872:1747647679001:,1747647683913
counter/3/0/0/0,27782:1747647673584:,1747647683913
counter/1/0/0/0,29159:1747647675203:,1747647683913
counter/5/0/0/0,34103:1747647677217:,1747647683913
counter/6/0/0/0,33873:1747647679001:,1747647683913
counter/3/0/0/0,27783:1747647673584:,1747647683913
counter/1/0/0/0,29160:1747647675204:,1747647683913
counter/5/0/0/0,34104:1747647677217:,1747647683913
counter/6/0/0/0,33874:1747647679008:,1747647683913
counter/3/0/0/0,27784:1747647673585:,1747647683913
counter/1/0/0/0,29161:1747647675204:,1747647683913
counter/5/0/0/0,34105:1747647677217:,1747647683913
counter/6/0/0/0,33875:1747647679008:,1747647683913
counter/3/0/0/0,27785:1747647673585:,1747647683913
counter/1/0/0/0,29162:1747647675204:,1747647683913
counter/5/0/0/0,34106:1747647677217:,1747647683913
counter/6/0/0/0,33876:1747647679008:,1747647683913
counter/3/0/0/0,27786:1747647673585:,1747647683913
counter/1/0/0/0,29163:1747647675204:,1747647683913
counter/5/0/0/0,34107:1747647677217:,1747647683913
counter/6/0/0/0,33877:1747647679008:,1747647683913
counter/3/0/0/0,27787:1747647673585:,1747647683913
counter/1/0/0/0,29164:1747647675204:,1747647683913
counter/5/0/0/0,34108:1747647677217:,1747647683914
counter/6/0/0/0,33878:1747647679008:,1747647683914
counter/3/0/0/0,27788:1747647673585:,1747647683914
counter/1/0/0/0,29165:1747647675204:,1747647683914
counter/5/0/0/0,34109:1747647677217:,1747647683914
counter/6/0/0/0,33879:1747647679008:,1747647683914
counter/3/0/0/0,27789:1747647673585:,1747647683914
counter/1/0/0/0,29166:1747647675204:,1747647683914
counter/5/0/0/0,34110:1747647677229:,1747647683914
counter/6/0/0/0,33880:1747647679008:,1747647683914
counter/3/0/0/0,27790:1747647673585:,1747647683914
counter/1/0/0/0,29167:1747647675204:,1747647683914
counter/5/0/0/0,34111:1747647677229:,1747647683914
counter/6/0/0/0,33881:1747647679008:,1747647683914
counter/3/0/0/0,27791:1747647673585:,1747647683914
counter/1/0/0/0,29168:1747647675204:,1747647683914
counter/5/0/0/0,34112:1747647677237:,1747647683914
counter/6/0/0/0,33882:1747647679008:,1747647683914
counter/3/0/0/0,27792:1747647673585:,1747647683914
counter/1/0/0/0,29169:1747647675204:,1747647683914
counter/5/0/0/0,34113:1747647677237:,1747647683914
counter/6/0/0/0,33883:1747647679008:,1747647683914
counter/3/0/0/0,27793:1747647673585:,1747647683914
counter/1/0/0/0,29170:1747647675204:,1747647683914
counter/5/0/0/0,34114:1747647677237:,1747647683914
counter/6/0/0/0,33884:1747647679008:,1747647683914
counter/8/0/0/0,35075:1747647677739:,1747647683914
counter/3/0/0/0,27794:1747647673585:,1747647683914
counter/1/0/0/0,29171:1747647675204:,1747647683914
counter/5/0/0/0,34115:1747647677237:,1747647683914
counter/6/0/0/0,33885:1747647679008:,1747647683914
counter/8/0/0/0,35076:1747647677739:,1747647683914
counter/3/0/0/0,27795:1747647673585:,1747647683914
counter/1/0/0/0,29172:1747647675204:,1747647683914
counter/5/0/0/0,34116:1747647677237:,1747647683914
counter/6/0/0/0,33886:1747647679008:,1747647683914
counter/8/0/0/0,35077:1747647677739:,1747647683914
counter/3/0/0/0,27796:1747647673585:,1747647683914
counter/1/0/0/0,29173:1747647675221:,1747647683914
counter/5/0/0/0,34117:1747647677237:,1747647683915
counter/6/0/0/0,33887:1747647679008:,1747647683915
counter/8/0/0/0,35078:1747647677739:,1747647683915
counter/3/0/0/0,27797:1747647673585:,1747647683915
counter/1/0/0/0,29174:1747647675221:,1747647683915
counter/5/0/0/0,34118:1747647677237:,1747647683915
counter/6/0/0/0,33888:1747647679008:,1747647683915
counter/8/0/0/0,35079:1747647677739:,1747647683915
counter/3/0/0/0,27798:1747647673585:,1747647683915
counter/1/0/0/0,29175:1747647675221:,1747647683915
counter/5/0/0/0,34119:1747647677237:,1747647683915
counter/6/0/0/0,33889:1747647679008:,1747647683915
counter/8/0/0/0,35080:1747647677739:,1747647683915
counter/3/0/0/0,27799:1747647673585:,1747647683915
counter/1/0/0/0,29176:1747647675221:,1747647683915
counter/5/0/0/0,34120:1747647677237:,1747647683915
counter/6/0/0/0,33890:1747647679008:,1747647683915
counter/8/0/0/0,35081:1747647677739:,1747647683915
counter/3/0/0/0,27800:1747647673585:,1747647683915
counter/1/0/0/0,29177:1747647675221:,1747647683915
counter/5/0/0/0,34121:1747647677237:,1747647683915
counter/6/0/0/0,33891:1747647679008:,1747647683915
counter/8/0/0/0,35082:1747647677739:,1747647683915
counter/3/0/0/0,27801:1747647673585:,1747647683915
counter/1/0/0/0,29178:1747647675226:,1747647683915
counter/5/0/0/0,34122:1747647677248:,1747647683915
counter/6/0/0/0,33892:1747647679008:,1747647683915
counter/8/0/0/0,35083:1747647677741:,1747647683915
counter/3/0/0/0,27802:1747647673590:,1747647683915
counter/1/0/0/0,29179:1747647675226:,1747647683915
counter/5/0/0/0,34123:1747647677248:,1747647683915
counter/6/0/0/0,33893:1747647679008:,1747647683915
counter/8/0/0/0,35084:1747647677741:,1747647683915
counter/3/0/0/0,27803:1747647673590:,1747647683915
counter/1/0/0/0,29180:1747647675226:,1747647683915
counter/5/0/0/0,34124:1747647677248:,1747647683915
counter/6/0/0/0,33894:1747647679009:,1747647683915
counter/8/0/0/0,35085:1747647677741:,1747647683915
counter/3/0/0/0,27804:1747647673590:,1747647683915
counter/1/0/0/0,29181:1747647675226:,1747647683915
counter/5/0/0/0,34125:1747647677248:,1747647683915
counter/6/0/0/0,33895:1747647679009:,1747647683915
counter/8/0/0/0,35086:1747647677741:,1747647683916
counter/3/0/0/0,27805:1747647673590:,1747647683916
counter/1/0/0/0,29182:1747647675226:,1747647683916
counter/5/0/0/0,34126:1747647677248:,1747647683916
counter/6/0/0/0,33896:1747647679009:,1747647683916
counter/3/0/0/0,27806:1747647673590:,1747647683916
counter/1/0/0/0,29183:1747647675226:,1747647683916
counter/5/0/0/0,34127:1747647677248:,1747647683916
counter/6/0/0/0,33897:1747647679009:,1747647683916
counter/3/0/0/0,27807:1747647673592:,1747647683916
counter/1/0/0/0,29184:1747647675226:,1747647683916
counter/5/0/0/0,34128:1747647677248:,1747647683916
counter/6/0/0/0,33898:1747647679009:,1747647683916
counter/3/0/0/0,27808:1747647673593:,1747647683916
counter/1/0/0/0,29185:1747647675226:,1747647683916
counter/5/0/0/0,34129:1747647677248:,1747647683916
counter/6/0/0/0,33899:1747647679009:,1747647683916
counter/3/0/0/0,27809:1747647673593:,1747647683916
counter/1/0/0/0,29186:1747647675226:,1747647683916
counter/5/0/0/0,34130:1747647677248:,1747647683916
counter/6/0/0/0,33900:1747647679009:,1747647683916
counter/3/0/0/0,27810:1747647673593:,1747647683916
counter/1/0/0/0,29187:1747647675227:,1747647683916
counter/5/0/0/0,34131:1747647677248:,1747647683916
counter/6/0/0/0,33901:1747647679009:,1747647683916
counter/3/0/0/0,27811:1747647673597:,1747647683916
counter/1/0/0/0,29188:1747647675227:,1747647683916
counter/5/0/0/0,34132:1747647677248:,1747647683916
counter/6/0/0/0,33902:1747647679009:,1747647683916
counter/3/0/0/0,27812:1747647673597:,1747647683916
counter/1/0/0/0,29189:1747647675228:,1747647683916
counter/5/0/0/0,34133:1747647677248:,1747647683916
counter/6/0/0/0,33903:1747647679009:,1747647683916
counter/3/0/0/0,27813:1747647673597:,1747647683916
counter/1/0/0/0,29190:1747647675228:,1747647683916
counter/5/0/0/0,34134:1747647677248:,1747647683916
counter/3/0/0/0,27814:1747647673597:,1747647683916
counter/1/0/0/0,29191:1747647675228:,1747647683916
counter/5/0/0/0,34135:1747647677248:,1747647683916
counter/3/0/0/0,27815:1747647673597:,1747647683916
counter/1/0/0/0,29192:1747647675228:,1747647683916
counter/5/0/0/0,34136:1747647677248:,1747647683916
counter/3/0/0/0,27816:1747647673605:,1747647683916
counter/1/0/0/0,29193:1747647675228:,1747647683916
counter/5/0/0/0,34137:1747647677248:,1747647683917
counter/3/0/0/0,27817:1747647673606:,1747647683917
counter/1/0/0/0,29194:1747647675229:,1747647683917
counter/5/0/0/0,34138:1747647677248:,1747647683917
counter/3/0/0/0,27818:1747647673606:,1747647683917
counter/1/0/0/0,29195:1747647675229:,1747647683917
counter/5/0/0/0,34139:1747647677248:,1747647683917
counter/3/0/0/0,27819:1747647673606:,1747647683917
counter/1/0/0/0,29196:1747647675229:,1747647683917
counter/5/0/0/0,34140:1747647677253:,1747647683917
counter/3/0/0/0,27820:1747647673606:,1747647683917
counter/1/0/0/0,29197:1747647675229:,1747647683917
counter/5/0/0/0,34141:1747647677253:,1747647683917
counter/3/0/0/0,27821:1747647673606:,1747647683917
counter/1/0/0/0,29198:1747647675229:,1747647683917
counter/5/0/0/0,34142:1747647677255:,1747647683917
counter/3/0/0/0,27822:1747647673606:,1747647683917
counter/1/0/0/0,29199:1747647675229:,1747647683917
counter/5/0/0/0,34143:1747647677255:,1747647683917
counter/3/0/0/0,27823:1747647673606:,1747647683917
counter/1/0/0/0,29200:1747647675232:,1747647683917
counter/5/0/0/0,34144:1747647677255:,1747647683917
counter/3/0/0/0,27824:1747647673606:,1747647683917
counter/1/0/0/0,29201:1747647675232:,1747647683917
counter/5/0/0/0,34145:1747647677255:,1747647683917
counter/7/0/0/0,33735:1747647677922:,1747647683917
counter/3/0/0/0,27825:1747647673606:,1747647683917
counter/1/0/0/0,29202:1747647675232:,1747647683917
counter/5/0/0/0,34146:1747647677255:,1747647683917
counter/3/0/0/0,27826:1747647673606:,1747647683917
counter/1/0/0/0,29203:1747647675232:,1747647683917
counter/5/0/0/0,34147:1747647677255:,1747647683917
counter/3/0/0/0,27827:1747647673606:,1747647683917
counter/1/0/0/0,29204:1747647675232:,1747647683917
counter/5/0/0/0,34148:1747647677255:,1747647683917
counter/3/0/0/0,27828:1747647673606:,1747647683917
counter/1/0/0/0,29205:1747647675232:,1747647683917
counter/5/0/0/0,34149:1747647677255:,1747647683918
counter/3/0/0/0,27829:1747647673606:,1747647683918
counter/1/0/0/0,29206:1747647675232:,1747647683918
counter/5/0/0/0,34150:1747647677255:,1747647683918
counter/3/0/0/0,27830:1747647673613:,1747647683918
counter/1/0/0/0,29207:1747647675232:,1747647683918
counter/5/0/0/0,34151:1747647677255:,1747647683918
counter/3/0/0/0,27831:1747647673613:,1747647683918
counter/1/0/0/0,29208:1747647675232:,1747647683918
counter/5/0/0/0,34152:1747647677256:,1747647683918
counter/3/0/0/0,27832:1747647673613:,1747647683918
counter/1/0/0/0,29209:1747647675234:,1747647683918
counter/5/0/0/0,34153:1747647677256:,1747647683918
counter/3/0/0/0,27833:1747647673613:,1747647683918
counter/1/0/0/0,29210:1747647675236:,1747647683918
counter/5/0/0/0,34154:1747647677256:,1747647683918
counter/3/0/0/0,27834:1747647673613:,1747647683918
counter/1/0/0/0,29211:1747647675236:,1747647683918
counter/5/0/0/0,34155:1747647677256:,1747647683918
counter/3/0/0/0,27835:1747647673613:,1747647683918
counter/1/0/0/0,29212:1747647675236:,1747647683918
counter/5/0/0/0,34156:1747647677256:,1747647683918
counter/3/0/0/0,27836:1747647673613:,1747647683918
counter/1/0/0/0,29213:1747647675237:,1747647683918
counter/5/0/0/0,34157:1747647677256:,1747647683918
counter/3/0/0/0,27837:1747647673613:,1747647683918
counter/1/0/0/0,29214:1747647675246:,1747647683918
counter/5/0/0/0,34158:1747647677257:,1747647683918
counter/3/0/0/0,27838:1747647673613:,1747647683918
counter/1/0/0/0,29215:1747647675246:,1747647683918
counter/5/0/0/0,34159:1747647677257:,1747647683918
counter/3/0/0/0,27839:1747647673613:,1747647683918
counter/1/0/0/0,29216:1747647675246:,1747647683918
counter/5/0/0/0,34160:1747647677257:,1747647683918
counter/3/0/0/0,27840:1747647673613:,1747647683918
counter/1/0/0/0,29217:1747647675246:,1747647683918
counter/5/0/0/0,34161:1747647677257:,1747647683918
counter/3/0/0/0,27841:1747647673613:,1747647683918
counter/1/0/0/0,29218:1747647675246:,1747647683918
counter/5/0/0/0,34162:1747647677266:,1747647683918
counter/3/0/0/0,27842:1747647673613:,1747647683918
counter/1/0/0/0,29219:1747647675254:,1747647683918
counter/5/0/0/0,34163:1747647677266:,1747647683918
counter/3/0/0/0,27843:1747647673613:,1747647683918
counter/1/0/0/0,29220:1747647675254:,1747647683919
counter/5/0/0/0,34164:1747647677266:,1747647683919
counter/3/0/0/0,27844:1747647673613:,1747647683919
counter/1/0/0/0,29221:1747647675254:,1747647683919
counter/5/0/0/0,34165:1747647677266:,1747647683919
counter/3/0/0/0,27845:1747647673613:,1747647683919
counter/1/0/0/0,29222:1747647675254:,1747647683919
counter/5/0/0/0,34166:1747647677266:,1747647683919
counter/3/0/0/0,27846:1747647673613:,1747647683919
counter/1/0/0/0,29223:1747647675254:,1747647683919
counter/5/0/0/0,34167:1747647677266:,1747647683919
counter/3/0/0/0,27847:1747647673614:,1747647683919
counter/1/0/0/0,29224:1747647675262:,1747647683919
counter/5/0/0/0,34168:1747647677266:,1747647683919
counter/3/0/0/0,27848:1747647673614:,1747647683919
counter/1/0/0/0,29225:1747647675274:,1747647683919
counter/5/0/0/0,34169:1747647677266:,1747647683919
counter/3/0/0/0,27849:1747647673614:,1747647683919
counter/1/0/0/0,29226:1747647675274:,1747647683919
counter/5/0/0/0,34170:1747647677269:,1747647683919
counter/3/0/0/0,27850:1747647673614:,1747647683919
counter/1/0/0/0,29227:1747647675286:,1747647683919
counter/5/0/0/0,34171:1747647677269:,1747647683919
counter/3/0/0/0,27851:1747647673614:,1747647683919
counter/1/0/0/0,29228:1747647675294:,1747647683919
counter/5/0/0/0,34172:1747647677269:,1747647683919
counter/3/0/0/0,27852:1747647673614:,1747647683919
counter/1/0/0/0,29229:1747647675294:,1747647683919
counter/5/0/0/0,34173:1747647677269:,1747647683919
counter/3/0/0/0,27853:1747647673614:,1747647683919
counter/1/0/0/0,29230:1747647675294:,1747647683919
counter/5/0/0/0,34174:1747647677269:,1747647683919
counter/3/0/0/0,27854:1747647673614:,1747647683919
counter/1/0/0/0,29231:1747647675294:,1747647683919
counter/5/0/0/0,34175:1747647677269:,1747647683919
counter/3/0/0/0,27855:1747647673614:,1747647683919
counter/1/0/0/0,29232:1747647675294:,1747647683919
counter/5/0/0/0,34176:1747647677269:,1747647683919
counter/3/0/0/0,27856:1747647673614:,1747647683919
counter/1/0/0/0,29233:1747647675294:,1747647683919
counter/5/0/0/0,34177:1747647677269:,1747647683919
counter/3/0/0/0,27857:1747647673614:,1747647683919
counter/1/0/0/0,29234:1747647675294:,1747647683919
counter/5/0/0/0,34178:1747647677269:,1747647683919
counter/3/0/0/0,27858:1747647673614:,1747647683919
counter/1/0/0/0,29235:1747647675294:,1747647683920
counter/5/0/0/0,34179:1747647677269:,1747647683920
counter/3/0/0/0,27859:1747647673614:,1747647683920
counter/1/0/0/0,29236:1747647675294:,1747647683920
counter/5/0/0/0,34180:1747647677269:,1747647683920
counter/3/0/0/0,27860:1747647673614:,1747647683920
counter/1/0/0/0,29237:1747647675294:,1747647683920
counter/5/0/0/0,34181:1747647677269:,1747647683920
counter/3/0/0/0,27861:1747647673614:,1747647683920
counter/1/0/0/0,29238:1747647675294:,1747647683920
counter/5/0/0/0,34182:1747647677269:,1747647683920
counter/3/0/0/0,27862:1747647673614:,1747647683920
counter/1/0/0/0,29239:1747647675294:,1747647683920
counter/5/0/0/0,34183:1747647677269:,1747647683920
counter/3/0/0/0,27863:1747647673614:,1747647683920
counter/1/0/0/0,29240:1747647675294:,1747647683920
counter/5/0/0/0,34184:1747647677269:,1747647683920
counter/3/0/0/0,27864:1747647673616:,1747647683920
counter/1/0/0/0,29241:1747647675294:,1747647683920
counter/5/0/0/0,34185:1747647677269:,1747647683920
counter/3/0/0/0,27865:1747647673616:,1747647683920
counter/1/0/0/0,29242:1747647675294:,1747647683920
counter/5/0/0/0,34186:1747647677270:,1747647683920
counter/3/0/0/0,27866:1747647673616:,1747647683920
counter/1/0/0/0,29243:1747647675299:,1747647683920
counter/5/0/0/0,34187:1747647677270:,1747647683920
counter/3/0/0/0,27867:1747647673616:,1747647683920
counter/1/0/0/0,29244:1747647675299:,1747647683920
counter/5/0/0/0,34188:1747647677270:,1747647683920
counter/3/0/0/0,27868:1747647673616:,1747647683920
counter/1/0/0/0,29245:1747647675299:,1747647683920
counter/5/0/0/0,34189:1747647677270:,1747647683920
counter/3/0/0/0,27869:1747647673616:,1747647683920
counter/1/0/0/0,29246:1747647675299:,1747647683920
counter/5/0/0/0,34190:1747647677270:,1747647683920
counter/3/0/0/0,27870:1747647673616:,1747647683920
counter/1/0/0/0,29247:1747647675299:,1747647683920
counter/5/0/0/0,34191:1747647677270:,1747647683920
counter/6/0/0/0,33904:1747647679024:,1747647683920
counter/3/0/0/0,27871:1747647673616:,1747647683920
counter/1/0/0/0,29248:1747647675299:,1747647683920
counter/5/0/0/0,34192:1747647677270:,1747647683920
counter/10/0/0/0,27819:1747647671163:,1747647683920
counter/3/0/0/0,27872:1747647673616:,1747647683921
counter/1/0/0/0,29249:1747647675299:,1747647683921
counter/5/0/0/0,34193:1747647677270:,1747647683921
counter/3/0/0/0,27873:1747647673616:,1747647683921
counter/1/0/0/0,29250:1747647675299:,1747647683921
counter/5/0/0/0,34194:1747647677273:,1747647683921
counter/3/0/0/0,27874:1747647673616:,1747647683921
counter/1/0/0/0,29251:1747647675299:,1747647683921
counter/5/0/0/0,34195:1747647677273:,1747647683921
counter/3/0/0/0,27875:1747647673616:,1747647683921
counter/1/0/0/0,29252:1747647675300:,1747647683921
counter/5/0/0/0,34196:1747647677273:,1747647683921
counter/3/0/0/0,27876:1747647673617:,1747647683921
counter/1/0/0/0,29253:1747647675300:,1747647683921
counter/5/0/0/0,34197:1747647677274:,1747647683921
counter/3/0/0/0,27877:1747647673617:,1747647683921
counter/1/0/0/0,29254:1747647675300:,1747647683921
counter/5/0/0/0,34198:1747647677274:,1747647683921
counter/3/0/0/0,27878:1747647673617:,1747647683921
counter/1/0/0/0,29255:1747647675300:,1747647683921
counter/5/0/0/0,34199:1747647677274:,1747647683921
counter/3/0/0/0,27879:1747647673617:,1747647683921
counter/1/0/0/0,29256:1747647675300:,1747647683921
counter/5/0/0/0,34200:1747647677286:,1747647683921
counter/3/0/0/0,27880:1747647673617:,1747647683921
counter/1/0/0/0,29257:1747647675300:,1747647683921
counter/5/0/0/0,34201:1747647677286:,1747647683921
counter/3/0/0/0,27881:1747647673617:,1747647683921
counter/1/0/0/0,29258:1747647675300:,1747647683921
counter/5/0/0/0,34202:1747647677286:,1747647683921
counter/6/0/0/0,33905:1747647679024:,1747647683921
counter/3/0/0/0,27882:1747647673617:,1747647683921
counter/1/0/0/0,29259:1747647675300:,1747647683921
counter/5/0/0/0,34203:1747647677286:,1747647683921
counter/10/0/0/0,27820:1747647671163:,1747647683921
counter/7/0/0/0,33736:1747647677922:,1747647683921
counter/3/0/0/0,27883:1747647673617:,1747647683921
counter/1/0/0/0,29260:1747647675300:,1747647683921
counter/5/0/0/0,34204:1747647677301:,1747647683921
counter/3/0/0/0,27884:1747647673617:,1747647683921
counter/1/0/0/0,29261:1747647675300:,1747647683921
counter/5/0/0/0,34205:1747647677301:,1747647683922
counter/3/0/0/0,27885:1747647673617:,1747647683922
counter/1/0/0/0,29262:1747647675302:,1747647683922
counter/5/0/0/0,34206:1747647677301:,1747647683922
counter/3/0/0/0,27886:1747647673617:,1747647683922
counter/1/0/0/0,29263:1747647675302:,1747647683922
counter/5/0/0/0,34207:1747647677302:,1747647683922
counter/3/0/0/0,27887:1747647673617:,1747647683922
counter/1/0/0/0,29264:1747647675302:,1747647683922
counter/5/0/0/0,34208:1747647677302:,1747647683922
counter/3/0/0/0,27888:1747647673617:,1747647683922
counter/1/0/0/0,29265:1747647675302:,1747647683922
counter/5/0/0/0,34209:1747647677302:,1747647683922
counter/3/0/0/0,27889:1747647673617:,1747647683922
counter/1/0/0/0,29266:1747647675302:,1747647683922
counter/5/0/0/0,34210:1747647677302:,1747647683922
counter/3/0/0/0,27890:1747647673617:,1747647683922
counter/1/0/0/0,29267:1747647675302:,1747647683922
counter/5/0/0/0,34211:1747647677302:,1747647683922
counter/3/0/0/0,27891:1747647673622:,1747647683922
counter/1/0/0/0,29268:1747647675303:,1747647683922
counter/5/0/0/0,34212:1747647677302:,1747647683922
counter/3/0/0/0,27892:1747647673622:,1747647683922
counter/1/0/0/0,29269:1747647675304:,1747647683922
counter/5/0/0/0,34213:1747647677302:,1747647683922
counter/3/0/0/0,27893:1747647673622:,1747647683922
counter/1/0/0/0,29270:1747647675304:,1747647683922
counter/5/0/0/0,34214:1747647677302:,1747647683922
counter/3/0/0/0,27894:1747647673622:,1747647683922
counter/1/0/0/0,29271:1747647675304:,1747647683922
counter/5/0/0/0,34215:1747647677303:,1747647683922
counter/3/0/0/0,27895:1747647673623:,1747647683922
counter/1/0/0/0,29272:1747647675304:,1747647683922
counter/5/0/0/0,34216:1747647677303:,1747647683922
counter/3/0/0/0,27896:1747647673623:,1747647683922
counter/1/0/0/0,29273:1747647675314:,1747647683922
counter/5/0/0/0,34217:1747647677303:,1747647683922
counter/3/0/0/0,27897:1747647673623:,1747647683922
counter/1/0/0/0,29274:1747647675314:,1747647683922
counter/5/0/0/0,34218:1747647677303:,1747647683923
counter/3/0/0/0,27898:1747647673623:,1747647683923
counter/1/0/0/0,29275:1747647675315:,1747647683923
counter/5/0/0/0,34219:1747647677303:,1747647683923
counter/3/0/0/0,27899:1747647673623:,1747647683923
counter/1/0/0/0,29276:1747647675315:,1747647683923
counter/5/0/0/0,34220:1747647677305:,1747647683923
counter/3/0/0/0,27900:1747647673623:,1747647683923
counter/1/0/0/0,29277:1747647675315:,1747647683923
counter/5/0/0/0,34221:1747647677305:,1747647683923
counter/3/0/0/0,27901:1747647673623:,1747647683923
counter/1/0/0/0,29278:1747647675315:,1747647683923
counter/5/0/0/0,34222:1747647677305:,1747647683923
counter/3/0/0/0,27902:1747647673623:,1747647683923
counter/1/0/0/0,29279:1747647675315:,1747647683923
counter/5/0/0/0,34223:1747647677305:,1747647683923
counter/3/0/0/0,27903:1747647673623:,1747647683923
counter/1/0/0/0,29280:1747647675315:,1747647683923
counter/5/0/0/0,34224:1747647677305:,1747647683923
counter/3/0/0/0,27904:1747647673623:,1747647683923
counter/1/0/0/0,29281:1747647675315:,1747647683923
counter/5/0/0/0,34225:1747647677306:,1747647683923
counter/6/0/0/0,33906:1747647679024:,1747647683923
counter/3/0/0/0,27905:1747647673623:,1747647683923
counter/1/0/0/0,29282:1747647675315:,1747647683923
counter/5/0/0/0,34226:1747647677306:,1747647683923
counter/3/0/0/0,27906:1747647673623:,1747647683923
counter/1/0/0/0,29283:1747647675315:,1747647683923
counter/5/0/0/0,34227:1747647677306:,1747647683923
counter/3/0/0/0,27907:1747647673623:,1747647683923
counter/1/0/0/0,29284:1747647675315:,1747647683923
counter/5/0/0/0,34228:1747647677306:,1747647683923
counter/3/0/0/0,27908:1747647673623:,1747647683923
counter/1/0/0/0,29285:1747647675315:,1747647683923
counter/5/0/0/0,34229:1747647677306:,1747647683923
counter/3/0/0/0,27909:1747647673623:,1747647683923
counter/1/0/0/0,29286:1747647675315:,1747647683923
counter/5/0/0/0,34230:1747647677308:,1747647683923
counter/3/0/0/0,27910:1747647673623:,1747647683923
counter/1/0/0/0,29287:1747647675323:,1747647683923
counter/5/0/0/0,34231:1747647677308:,1747647683923
counter/3/0/0/0,27911:1747647673624:,1747647683923
counter/1/0/0/0,29288:1747647675323:,1747647683924
counter/5/0/0/0,34232:1747647677308:,1747647683924
counter/3/0/0/0,27912:1747647673624:,1747647683924
counter/1/0/0/0,29289:1747647675323:,1747647683924
counter/5/0/0/0,34233:1747647677308:,1747647683924
counter/3/0/0/0,27913:1747647673624:,1747647683924
counter/1/0/0/0,29290:1747647675323:,1747647683924
counter/5/0/0/0,34234:1747647677310:,1747647683924
counter/3/0/0/0,27914:1747647673624:,1747647683924
counter/1/0/0/0,29291:1747647675324:,1747647683924
counter/5/0/0/0,34235:1747647677310:,1747647683924
counter/3/0/0/0,27915:1747647673624:,1747647683924
counter/1/0/0/0,29292:1747647675324:,1747647683924
counter/5/0/0/0,34236:1747647677310:,1747647683924
counter/3/0/0/0,27916:1747647673624:,1747647683924
counter/1/0/0/0,29293:1747647675324:,1747647683924
counter/5/0/0/0,34237:1747647677310:,1747647683924
counter/3/0/0/0,27917:1747647673624:,1747647683924
counter/1/0/0/0,29294:1747647675324:,1747647683924
counter/5/0/0/0,34238:1747647677310:,1747647683924
counter/3/0/0/0,27918:1747647673624:,1747647683924
counter/1/0/0/0,29295:1747647675324:,1747647683924
counter/5/0/0/0,34239:1747647677310:,1747647683924
counter/3/0/0/0,27919:1747647673624:,1747647683924
counter/1/0/0/0,29296:1747647675324:,1747647683924
counter/5/0/0/0,34240:1747647677310:,1747647683924
counter/3/0/0/0,27920:1747647673624:,1747647683924
counter/1/0/0/0,29297:1747647675324:,1747647683924
counter/5/0/0/0,34241:1747647677310:,1747647683924
counter/3/0/0/0,27921:1747647673630:,1747647683924
counter/1/0/0/0,29298:1747647675324:,1747647683924
counter/5/0/0/0,34242:1747647677310:,1747647683924
counter/3/0/0/0,27922:1747647673630:,1747647683924
counter/1/0/0/0,29299:1747647675324:,1747647683924
counter/5/0/0/0,34243:1747647677325:,1747647683924
counter/3/0/0/0,27923:1747647673630:,1747647683924
counter/1/0/0/0,29300:1747647675324:,1747647683924
counter/5/0/0/0,34244:1747647677325:,1747647683924
counter/3/0/0/0,27924:1747647673630:,1747647683924
counter/1/0/0/0,29301:1747647675354:,1747647683924
counter/5/0/0/0,34245:1747647677325:,1747647683924
counter/3/0/0/0,27925:1747647673633:,1747647683924
counter/1/0/0/0,29302:1747647675354:,1747647683925
counter/5/0/0/0,34246:1747647677325:,1747647683925
counter/6/0/0/0,33907:1747647679025:,1747647683925
counter/3/0/0/0,27926:1747647673633:,1747647683925
counter/1/0/0/0,29303:1747647675357:,1747647683925
counter/5/0/0/0,34247:1747647677325:,1747647683925
counter/8/0/0/0,35087:1747647677741:,1747647683925
counter/3/0/0/0,27927:1747647673633:,1747647683925
counter/1/0/0/0,29304:1747647675357:,1747647683925
counter/5/0/0/0,34248:1747647677328:,1747647683925
counter/3/0/0/0,27928:1747647673633:,1747647683925
counter/1/0/0/0,29305:1747647675357:,1747647683925
counter/5/0/0/0,34249:1747647677331:,1747647683925
counter/3/0/0/0,27929:1747647673633:,1747647683925
counter/1/0/0/0,29306:1747647675357:,1747647683925
counter/5/0/0/0,34250:1747647677331:,1747647683925
counter/3/0/0/0,27930:1747647673633:,1747647683925
counter/1/0/0/0,29307:1747647675357:,1747647683925
counter/5/0/0/0,34251:1747647677331:,1747647683925
counter/3/0/0/0,27931:1747647673633:,1747647683925
counter/1/0/0/0,29308:1747647675357:,1747647683925
counter/5/0/0/0,34252:1747647677331:,1747647683925
counter/10/0/0/0,27821:1747647671163:,1747647683925
counter/3/0/0/0,27932:1747647673633:,1747647683925
counter/1/0/0/0,29309:1747647675357:,1747647683925
counter/5/0/0/0,34253:1747647677331:,1747647683925
counter/3/0/0/0,27933:1747647673633:,1747647683925
counter/1/0/0/0,29310:1747647675392:,1747647683925
counter/5/0/0/0,34254:1747647677331:,1747647683925
counter/3/0/0/0,27934:1747647673633:,1747647683925
counter/1/0/0/0,29311:1747647675392:,1747647683925
counter/5/0/0/0,34255:1747647677331:,1747647683925
counter/7/0/0/0,33737:1747647677922:,1747647683925
counter/3/0/0/0,27935:1747647673633:,1747647683925
counter/1/0/0/0,29312:1747647675392:,1747647683925
counter/5/0/0/0,34256:1747647677331:,1747647683925
counter/10/0/0/0,27822:1747647671163:,1747647683925
counter/3/0/0/0,27936:1747647673633:,1747647683925
counter/1/0/0/0,29313:1747647675393:,1747647683925
counter/5/0/0/0,34257:1747647677331:,1747647683926
counter/3/0/0/0,27937:1747647673633:,1747647683926
counter/1/0/0/0,29314:1747647675393:,1747647683926
counter/5/0/0/0,34258:1747647677331:,1747647683926
counter/3/0/0/0,27938:1747647673636:,1747647683926
counter/1/0/0/0,29315:1747647675393:,1747647683926
counter/5/0/0/0,34259:1747647677331:,1747647683926
counter/3/0/0/0,27939:1747647673636:,1747647683926
counter/1/0/0/0,29316:1747647675393:,1747647683926
counter/5/0/0/0,34260:1747647677331:,1747647683926
counter/3/0/0/0,27940:1747647673636:,1747647683926
counter/1/0/0/0,29317:1747647675393:,1747647683926
counter/5/0/0/0,34261:1747647677331:,1747647683926
counter/3/0/0/0,27941:1747647673636:,1747647683926
counter/1/0/0/0,29318:1747647675393:,1747647683926
counter/5/0/0/0,34262:1747647677331:,1747647683926
counter/3/0/0/0,27942:1747647673636:,1747647683926
counter/1/0/0/0,29319:1747647675396:,1747647683926
counter/5/0/0/0,34263:1747647677331:,1747647683926
counter/3/0/0/0,27943:1747647673637:,1747647683926
counter/1/0/0/0,29320:1747647675396:,1747647683926
counter/5/0/0/0,34264:1747647677331:,1747647683926
counter/8/0/0/0,35088:1747647677745:,1747647683926
counter/3/0/0/0,27944:1747647673637:,1747647683926
counter/1/0/0/0,29321:1747647675396:,1747647683926
counter/5/0/0/0,34265:1747647677332:,1747647683926
counter/7/0/0/0,33738:1747647677925:,1747647683926
counter/10/0/0/0,27823:1747647671163:,1747647683926
counter/3/0/0/0,27945:1747647673637:,1747647683926
counter/1/0/0/0,29322:1747647675396:,1747647683926
counter/5/0/0/0,34266:1747647677332:,1747647683926
counter/3/0/0/0,27946:1747647673637:,1747647683926
counter/1/0/0/0,29323:1747647675396:,1747647683926
counter/5/0/0/0,34267:1747647677332:,1747647683926
counter/7/0/0/0,33739:1747647677925:,1747647683926
counter/3/0/0/0,27947:1747647673637:,1747647683926
counter/1/0/0/0,29324:1747647675396:,1747647683926
counter/5/0/0/0,34268:1747647677332:,1747647683926
counter/10/0/0/0,27824:1747647671163:,1747647683926
counter/3/0/0/0,27948:1747647673637:,1747647683926
counter/1/0/0/0,29325:1747647675396:,1747647683926
counter/5/0/0/0,34269:1747647677332:,1747647683927
counter/3/0/0/0,27949:1747647673637:,1747647683927
counter/1/0/0/0,29326:1747647675396:,1747647683927
counter/5/0/0/0,34270:1747647677332:,1747647683927
counter/3/0/0/0,27950:1747647673637:,1747647683927
counter/1/0/0/0,29327:1747647675396:,1747647683927
counter/5/0/0/0,34271:1747647677332:,1747647683927
counter/3/0/0/0,27951:1747647673637:,1747647683927
counter/1/0/0/0,29328:1747647675396:,1747647683927
counter/5/0/0/0,34272:1747647677332:,1747647683927
counter/3/0/0/0,27952:1747647673637:,1747647683927
counter/1/0/0/0,29329:1747647675396:,1747647683927
counter/5/0/0/0,34273:1747647677332:,1747647683927
counter/3/0/0/0,27953:1747647673637:,1747647683927
counter/1/0/0/0,29330:1747647675396:,1747647683927
counter/5/0/0/0,34274:1747647677332:,1747647683927
counter/3/0/0/0,27954:1747647673637:,1747647683927
counter/1/0/0/0,29331:1747647675396:,1747647683927
counter/5/0/0/0,34275:1747647677332:,1747647683927
counter/3/0/0/0,27955:1747647673637:,1747647683927
counter/1/0/0/0,29332:1747647675399:,1747647683927
counter/5/0/0/0,34276:1747647677332:,1747647683927
counter/3/0/0/0,27956:1747647673638:,1747647683927
counter/1/0/0/0,29333:1747647675399:,1747647683927
counter/5/0/0/0,34277:1747647677332:,1747647683927
counter/3/0/0/0,27957:1747647673638:,1747647683927
counter/1/0/0/0,29334:1747647675399:,1747647683927
counter/5/0/0/0,34278:1747647677332:,1747647683927
counter/3/0/0/0,27958:1747647673638:,1747647683927
counter/1/0/0/0,29335:1747647675399:,1747647683927
counter/5/0/0/0,34279:1747647677334:,1747647683927
counter/3/0/0/0,27959:1747647673638:,1747647683927
counter/1/0/0/0,29336:1747647675399:,1747647683927
counter/5/0/0/0,34280:1747647677334:,1747647683927
counter/3/0/0/0,27960:1747647673638:,1747647683927
counter/1/0/0/0,29337:1747647675400:,1747647683927
counter/5/0/0/0,34281:1747647677334:,1747647683927
counter/3/0/0/0,27961:1747647673638:,1747647683927
counter/1/0/0/0,29338:1747647675400:,1747647683927
counter/5/0/0/0,34282:1747647677335:,1747647683927
counter/3/0/0/0,27962:1747647673638:,1747647683927
counter/1/0/0/0,29339:1747647675400:,1747647683928
counter/3/0/0/0,27963:1747647673638:,1747647683928
counter/1/0/0/0,29340:1747647675400:,1747647683928
counter/3/0/0/0,27964:1747647673638:,1747647683928
counter/1/0/0/0,29341:1747647675400:,1747647683928
counter/3/0/0/0,27965:1747647673638:,1747647683928
counter/1/0/0/0,29342:1747647675400:,1747647683928
counter/3/0/0/0,27966:1747647673638:,1747647683928
counter/1/0/0/0,29343:1747647675400:,1747647683928
counter/3/0/0/0,27967:1747647673638:,1747647683928
counter/1/0/0/0,29344:1747647675400:,1747647683928
counter/3/0/0/0,27968:1747647673638:,1747647683928
counter/1/0/0/0,29345:1747647675400:,1747647683928
counter/3/0/0/0,27969:1747647673638:,1747647683928
counter/1/0/0/0,29346:1747647675400:,1747647683928
counter/3/0/0/0,27970:1747647673638:,1747647683928
counter/1/0/0/0,29347:1747647675400:,1747647683928
counter/3/0/0/0,27971:1747647673638:,1747647683928
counter/1/0/0/0,29348:1747647675400:,1747647683928
counter/3/0/0/0,27972:1747647673638:,1747647683928
counter/1/0/0/0,29349:1747647675400:,1747647683928
counter/8/0/0/0,35089:1747647677747:,1747647683928
counter/3/0/0/0,27973:1747647673638:,1747647683928
counter/1/0/0/0,29350:1747647675412:,1747647683928
counter/3/0/0/0,27974:1747647673638:,1747647683928
counter/1/0/0/0,29351:1747647675413:,1747647683928
counter/3/0/0/0,27975:1747647673638:,1747647683928
counter/1/0/0/0,29352:1747647675413:,1747647683928
counter/3/0/0/0,27976:1747647673640:,1747647683928
counter/1/0/0/0,29353:1747647675413:,1747647683928
counter/3/0/0/0,27977:1747647673640:,1747647683928
counter/1/0/0/0,29354:1747647675413:,1747647683928
counter/3/0/0/0,27978:1747647673640:,1747647683928
counter/1/0/0/0,29355:1747647675413:,1747647683928
counter/3/0/0/0,27979:1747647673640:,1747647683928
counter/1/0/0/0,29356:1747647675413:,1747647683928
counter/3/0/0/0,27980:1747647673640:,1747647683928
counter/1/0/0/0,29357:1747647675413:,1747647683928
counter/3/0/0/0,27981:1747647673640:,1747647683929
counter/1/0/0/0,29358:1747647675413:,1747647683929
counter/3/0/0/0,27982:1747647673640:,1747647683929
counter/1/0/0/0,29359:1747647675413:,1747647683929
counter/3/0/0/0,27983:1747647673640:,1747647683929
counter/1/0/0/0,29360:1747647675413:,1747647683929
counter/3/0/0/0,27984:1747647673640:,1747647683929
counter/1/0/0/0,29361:1747647675413:,1747647683929
counter/3/0/0/0,27985:1747647673640:,1747647683929
counter/1/0/0/0,29362:1747647675413:,1747647683929
counter/3/0/0/0,27986:1747647673642:,1747647683929
counter/1/0/0/0,29363:1747647675413:,1747647683929
counter/3/0/0/0,27987:1747647673642:,1747647683929
counter/1/0/0/0,29364:1747647675413:,1747647683929
counter/3/0/0/0,27988:1747647673642:,1747647683929
counter/1/0/0/0,29365:1747647675414:,1747647683929
counter/3/0/0/0,27989:1747647673642:,1747647683929
counter/1/0/0/0,29366:1747647675414:,1747647683929
counter/3/0/0/0,27990:1747647673645:,1747647683929
counter/1/0/0/0,29367:1747647675414:,1747647683929
counter/3/0/0/0,27991:1747647673645:,1747647683929
counter/1/0/0/0,29368:1747647675414:,1747647683929
counter/3/0/0/0,27992:1747647673645:,1747647683929
counter/1/0/0/0,29369:1747647675414:,1747647683929
counter/3/0/0/0,27993:1747647673645:,1747647683929
counter/1/0/0/0,29370:1747647675414:,1747647683929
counter/3/0/0/0,27994:1747647673645:,1747647683929
counter/1/0/0/0,29371:1747647675414:,1747647683929
counter/3/0/0/0,27995:1747647673645:,1747647683929
counter/1/0/0/0,29372:1747647675414:,1747647683929
counter/3/0/0/0,27996:1747647673645:,1747647683929
counter/1/0/0/0,29373:1747647675414:,1747647683929
counter/3/0/0/0,27997:1747647673645:,1747647683929
counter/1/0/0/0,29374:1747647675414:,1747647683929
counter/3/0/0/0,27998:1747647673646:,1747647683929
counter/1/0/0/0,29375:1747647675414:,1747647683929
counter/3/0/0/0,27999:1747647673646:,1747647683929
counter/1/0/0/0,29376:1747647675414:,1747647683929
counter/3/0/0/0,28000:1747647673646:,1747647683929
counter/1/0/0/0,29377:1747647675414:,1747647683930
counter/3/0/0/0,28001:1747647673646:,1747647683930
counter/1/0/0/0,29378:1747647675414:,1747647683930
counter/3/0/0/0,28002:1747647673646:,1747647683930
counter/1/0/0/0,29379:1747647675414:,1747647683930
counter/7/0/0/0,33740:1747647677925:,1747647683930
counter/3/0/0/0,28003:1747647673646:,1747647683930
counter/1/0/0/0,29380:1747647675414:,1747647683930
counter/8/0/0/0,35090:1747647677747:,1747647683930
counter/6/0/0/0,33908:1747647679025:,1747647683930
counter/3/0/0/0,28004:1747647673646:,1747647683930
counter/1/0/0/0,29381:1747647675414:,1747647683930
counter/8/0/0/0,35091:1747647677747:,1747647683930
counter/3/0/0/0,28005:1747647673647:,1747647683930
counter/1/0/0/0,29382:1747647675414:,1747647683930
counter/8/0/0/0,35092:1747647677747:,1747647683930
counter/3/0/0/0,28006:1747647673647:,1747647683930
counter/1/0/0/0,29383:1747647675414:,1747647683930
counter/8/0/0/0,35093:1747647677748:,1747647683930
counter/3/0/0/0,28007:1747647673647:,1747647683930
counter/1/0/0/0,29384:1747647675414:,1747647683930
counter/8/0/0/0,35094:1747647677748:,1747647683930
counter/6/0/0/0,33909:1747647679025:,1747647683930
counter/3/0/0/0,28008:1747647673647:,1747647683930
counter/1/0/0/0,29385:1747647675414:,1747647683930
counter/8/0/0/0,35095:1747647677748:,1747647683930
counter/5/0/0/0,34283:1747647677335:,1747647683930
counter/3/0/0/0,28009:1747647673647:,1747647683930
counter/1/0/0/0,29386:1747647675416:,1747647683930
counter/8/0/0/0,35096:1747647677748:,1747647683930
counter/3/0/0/0,28010:1747647673649:,1747647683930
counter/1/0/0/0,29387:1747647675416:,1747647683930
counter/8/0/0/0,35097:1747647677748:,1747647683930
counter/3/0/0/0,28011:1747647673649:,1747647683930
counter/1/0/0/0,29388:1747647675416:,1747647683930
counter/8/0/0/0,35098:1747647677748:,1747647683930
counter/3/0/0/0,28012:1747647673649:,1747647683930
counter/1/0/0/0,29389:1747647675416:,1747647683930
counter/8/0/0/0,35099:1747647677748:,1747647683930
counter/6/0/0/0,33910:1747647679025:,1747647683931
counter/3/0/0/0,28013:1747647673650:,1747647683931
counter/1/0/0/0,29390:1747647675416:,1747647683931
counter/8/0/0/0,35100:1747647677748:,1747647683931
counter/10/0/0/0,27825:1747647671163:,1747647683931
counter/7/0/0/0,33741:1747647677925:,1747647683931
counter/5/0/0/0,34284:1747647677335:,1747647683931
counter/3/0/0/0,28014:1747647673650:,1747647683931
counter/1/0/0/0,29391:1747647675416:,1747647683931
counter/3/0/0/0,28015:1747647673650:,1747647683931
counter/1/0/0/0,29392:1747647675416:,1747647683931
counter/3/0/0/0,28016:1747647673650:,1747647683931
counter/1/0/0/0,29393:1747647675416:,1747647683931
counter/3/0/0/0,28017:1747647673650:,1747647683931
counter/1/0/0/0,29394:1747647675417:,1747647683931
counter/3/0/0/0,28018:1747647673650:,1747647683931
counter/1/0/0/0,29395:1747647675417:,1747647683931
counter/3/0/0/0,28019:1747647673650:,1747647683931
counter/1/0/0/0,29396:1747647675417:,1747647683931
counter/3/0/0/0,28020:1747647673650:,1747647683931
counter/1/0/0/0,29397:1747647675417:,1747647683931
counter/3/0/0/0,28021:1747647673650:,1747647683931
counter/1/0/0/0,29398:1747647675417:,1747647683931
counter/3/0/0/0,28022:1747647673650:,1747647683931
counter/1/0/0/0,29399:1747647675417:,1747647683931
counter/3/0/0/0,28023:1747647673650:,1747647683931
counter/1/0/0/0,29400:1747647675418:,1747647683931
counter/3/0/0/0,28024:1747647673650:,1747647683931
counter/1/0/0/0,29401:1747647675418:,1747647683931
counter/3/0/0/0,28025:1747647673650:,1747647683931
counter/1/0/0/0,29402:1747647675418:,1747647683931
counter/3/0/0/0,28026:1747647673650:,1747647683931
counter/1/0/0/0,29403:1747647675418:,1747647683931
counter/3/0/0/0,28027:1747647673650:,1747647683931
counter/1/0/0/0,29404:1747647675418:,1747647683931
counter/3/0/0/0,28028:1747647673650:,1747647683931
counter/1/0/0/0,29405:1747647675418:,1747647683931
counter/3/0/0/0,28029:1747647673650:,1747647683931
counter/1/0/0/0,29406:1747647675418:,1747647683931
counter/3/0/0/0,28030:1747647673650:,1747647683932
counter/1/0/0/0,29407:1747647675418:,1747647683932
counter/3/0/0/0,28031:1747647673650:,1747647683932
counter/1/0/0/0,29408:1747647675418:,1747647683932
counter/3/0/0/0,28032:1747647673650:,1747647683932
counter/1/0/0/0,29409:1747647675418:,1747647683932
counter/3/0/0/0,28033:1747647673650:,1747647683932
counter/1/0/0/0,29410:1747647675418:,1747647683932
counter/3/0/0/0,28034:1747647673650:,1747647683932
counter/1/0/0/0,29411:1747647675418:,1747647683932
counter/3/0/0/0,28035:1747647673650:,1747647683932
counter/1/0/0/0,29412:1747647675419:,1747647683932
counter/3/0/0/0,28036:1747647673650:,1747647683932
counter/1/0/0/0,29413:1747647675419:,1747647683932
counter/3/0/0/0,28037:1747647673658:,1747647683932
counter/1/0/0/0,29414:1747647675419:,1747647683932
counter/3/0/0/0,28038:1747647673658:,1747647683932
counter/1/0/0/0,29415:1747647675419:,1747647683932
counter/3/0/0/0,28039:1747647673658:,1747647683932
counter/1/0/0/0,29416:1747647675419:,1747647683932
counter/3/0/0/0,28040:1747647673658:,1747647683932
counter/1/0/0/0,29417:1747647675419:,1747647683932
counter/3/0/0/0,28041:1747647673659:,1747647683932
counter/1/0/0/0,29418:1747647675419:,1747647683932
counter/3/0/0/0,28042:1747647673659:,1747647683932
counter/1/0/0/0,29419:1747647675419:,1747647683932
counter/3/0/0/0,28043:1747647673659:,1747647683932
counter/1/0/0/0,29420:1747647675419:,1747647683932
counter/3/0/0/0,28044:1747647673659:,1747647683932
counter/1/0/0/0,29421:1747647675419:,1747647683932
counter/3/0/0/0,28045:1747647673659:,1747647683932
counter/1/0/0/0,29422:1747647675421:,1747647683932
counter/3/0/0/0,28046:1747647673659:,1747647683932
counter/1/0/0/0,29423:1747647675427:,1747647683932
counter/3/0/0/0,28047:1747647673659:,1747647683932
counter/1/0/0/0,29424:1747647675427:,1747647683932
counter/3/0/0/0,28048:1747647673662:,1747647683932
counter/1/0/0/0,29425:1747647675427:,1747647683932
counter/3/0/0/0,28049:1747647673663:,1747647683932
counter/1/0/0/0,29426:1747647675427:,1747647683933
counter/3/0/0/0,28050:1747647673663:,1747647683933
counter/1/0/0/0,29427:1747647675427:,1747647683933
counter/3/0/0/0,28051:1747647673663:,1747647683933
counter/1/0/0/0,29428:1747647675427:,1747647683933
counter/3/0/0/0,28052:1747647673663:,1747647683933
counter/1/0/0/0,29429:1747647675427:,1747647683933
counter/3/0/0/0,28053:1747647673663:,1747647683933
counter/1/0/0/0,29430:1747647675427:,1747647683933
counter/3/0/0/0,28054:1747647673663:,1747647683933
counter/1/0/0/0,29431:1747647676131:,1747647683933
counter/3/0/0/0,28055:1747647673663:,1747647683933
counter/1/0/0/0,29432:1747647676135:,1747647683933
counter/3/0/0/0,28056:1747647673663:,1747647683933
counter/1/0/0/0,29433:1747647676135:,1747647683933
counter/3/0/0/0,28057:1747647673663:,1747647683933
counter/1/0/0/0,29434:1747647676135:,1747647683933
counter/3/0/0/0,28058:1747647673663:,1747647683933
counter/1/0/0/0,29435:1747647676135:,1747647683933
counter/3/0/0/0,28059:1747647673663:,1747647683933
counter/1/0/0/0,29436:1747647676137:,1747647683933
counter/3/0/0/0,28060:1747647673663:,1747647683933
counter/1/0/0/0,29437:1747647676140:,1747647683933
counter/3/0/0/0,28061:1747647673663:,1747647683933
counter/1/0/0/0,29438:1747647676142:,1747647683933
counter/3/0/0/0,28062:1747647673663:,1747647683933
counter/1/0/0/0,29439:1747647676146:,1747647683933
counter/3/0/0/0,28063:1747647673663:,1747647683933
counter/1/0/0/0,29440:1747647676160:,1747647683933
counter/3/0/0/0,28064:1747647673663:,1747647683933
counter/1/0/0/0,29441:1747647676160:,1747647683933
counter/3/0/0/0,28065:1747647673663:,1747647683933
counter/1/0/0/0,29442:1747647676168:,1747647683933
counter/3/0/0/0,28066:1747647673663:,1747647683933
counter/1/0/0/0,29443:1747647676168:,1747647683933
counter/3/0/0/0,28067:1747647673663:,1747647683933
counter/1/0/0/0,29444:1747647676169:,1747647683933
counter/10/0/0/0,27826:1747647671171:,1747647683933
counter/3/0/0/0,28068:1747647673663:,1747647683934
counter/1/0/0/0,29445:1747647676169:,1747647683934
counter/7/0/0/0,33742:1747647677925:,1747647683934
counter/3/0/0/0,28069:1747647673664:,1747647683934
counter/1/0/0/0,29446:1747647676170:,1747647683934
counter/7/0/0/0,33743:1747647677925:,1747647683934
counter/3/0/0/0,28070:1747647673664:,1747647683934
counter/1/0/0/0,29447:1747647676172:,1747647683934
counter/7/0/0/0,33744:1747647677925:,1747647683934
counter/8/0/0/0,35101:1747647677748:,1747647683934
counter/3/0/0/0,28071:1747647673664:,1747647683934
counter/1/0/0/0,29448:1747647676172:,1747647683934
counter/7/0/0/0,33745:1747647677925:,1747647683934
counter/3/0/0/0,28072:1747647673664:,1747647683934
counter/1/0/0/0,29449:1747647676172:,1747647683934
counter/7/0/0/0,33746:1747647677925:,1747647683934
counter/5/0/0/0,34285:1747647677335:,1747647683934
counter/3/0/0/0,28073:1747647673664:,1747647683934
counter/1/0/0/0,29450:1747647676172:,1747647683934
counter/3/0/0/0,28074:1747647673664:,1747647683934
counter/1/0/0/0,29451:1747647676172:,1747647683934
counter/3/0/0/0,28075:1747647673678:,1747647683934
counter/1/0/0/0,29452:1747647676172:,1747647683934
counter/3/0/0/0,28076:1747647673678:,1747647683934
counter/1/0/0/0,29453:1747647676172:,1747647683934
counter/3/0/0/0,28077:1747647673678:,1747647683934
counter/1/0/0/0,29454:1747647676172:,1747647683934
counter/3/0/0/0,28078:1747647673678:,1747647683934
counter/1/0/0/0,29455:1747647676172:,1747647683934
counter/3/0/0/0,28079:1747647673678:,1747647683934
counter/1/0/0/0,29456:1747647676172:,1747647683934
counter/3/0/0/0,28080:1747647673679:,1747647683934
counter/1/0/0/0,29457:1747647676172:,1747647683934
counter/3/0/0/0,28081:1747647673679:,1747647683934
counter/1/0/0/0,29458:1747647676172:,1747647683934
counter/3/0/0/0,28082:1747647673679:,1747647683934
counter/1/0/0/0,29459:1747647676172:,1747647683934
counter/3/0/0/0,28083:1747647673679:,1747647683934
counter/1/0/0/0,29460:1747647676172:,1747647683935
counter/3/0/0/0,28084:1747647673679:,1747647683935
counter/1/0/0/0,29461:1747647676172:,1747647683935
counter/3/0/0/0,28085:1747647673679:,1747647683935
counter/1/0/0/0,29462:1747647676173:,1747647683935
counter/3/0/0/0,28086:1747647673680:,1747647683935
counter/1/0/0/0,29463:1747647676173:,1747647683935
counter/3/0/0/0,28087:1747647673680:,1747647683935
counter/1/0/0/0,29464:1747647676173:,1747647683935
counter/3/0/0/0,28088:1747647673680:,1747647683935
counter/1/0/0/0,29465:1747647676201:,1747647683935
counter/3/0/0/0,28089:1747647673680:,1747647683935
counter/1/0/0/0,29466:1747647676201:,1747647683935
counter/3/0/0/0,28090:1747647673680:,1747647683935
counter/1/0/0/0,29467:1747647676201:,1747647683935
counter/3/0/0/0,28091:1747647673680:,1747647683935
counter/1/0/0/0,29468:1747647676201:,1747647683935
counter/3/0/0/0,28092:1747647673680:,1747647683935
counter/1/0/0/0,29469:1747647676202:,1747647683935
counter/3/0/0/0,28093:1747647673680:,1747647683935
counter/1/0/0/0,29470:1747647676202:,1747647683935
counter/3/0/0/0,28094:1747647673680:,1747647683935
counter/1/0/0/0,29471:1747647676202:,1747647683935
counter/3/0/0/0,28095:1747647673682:,1747647683935
counter/1/0/0/0,29472:1747647676207:,1747647683935
counter/3/0/0/0,28096:1747647673682:,1747647683935
counter/1/0/0/0,29473:1747647676207:,1747647683935
counter/3/0/0/0,28097:1747647673682:,1747647683935
counter/1/0/0/0,29474:1747647676207:,1747647683935
counter/3/0/0/0,28098:1747647673683:,1747647683935
counter/1/0/0/0,29475:1747647676211:,1747647683935
counter/3/0/0/0,28099:1747647673683:,1747647683935
counter/1/0/0/0,29476:1747647676211:,1747647683935
counter/3/0/0/0,28100:1747647673683:,1747647683935
counter/1/0/0/0,29477:1747647676224:,1747647683935
counter/3/0/0/0,28101:1747647673683:,1747647683935
counter/1/0/0/0,29478:1747647676224:,1747647683935
counter/3/0/0/0,28102:1747647673686:,1747647683935
counter/1/0/0/0,29479:1747647676224:,1747647683935
counter/6/0/0/0,33911:1747647679025:,1747647683935
counter/3/0/0/0,28103:1747647673686:,1747647683936
counter/1/0/0/0,29480:1747647676233:,1747647683936
counter/3/0/0/0,28104:1747647673686:,1747647683936
counter/1/0/0/0,29481:1747647676233:,1747647683936
counter/10/0/0/0,27827:1747647671171:,1747647683936
counter/3/0/0/0,28105:1747647673686:,1747647683936
counter/1/0/0/0,29482:1747647676233:,1747647683936
counter/8/0/0/0,35102:1747647677749:,1747647683936
counter/3/0/0/0,28106:1747647673687:,1747647683936
counter/1/0/0/0,29483:1747647676233:,1747647683936
counter/3/0/0/0,28107:1747647673687:,1747647683936
counter/1/0/0/0,29484:1747647676233:,1747647683936
counter/3/0/0/0,28108:1747647673687:,1747647683936
counter/1/0/0/0,29485:1747647676233:,1747647683936
counter/3/0/0/0,28109:1747647673687:,1747647683936
counter/1/0/0/0,29486:1747647676233:,1747647683936
counter/3/0/0/0,28110:1747647673688:,1747647683936
counter/1/0/0/0,29487:1747647676244:,1747647683936
counter/3/0/0/0,28111:1747647673688:,1747647683936
counter/1/0/0/0,29488:1747647676245:,1747647683936
counter/3/0/0/0,28112:1747647673688:,1747647683936
counter/1/0/0/0,29489:1747647676245:,1747647683936
counter/3/0/0/0,28113:1747647673688:,1747647683936
counter/1/0/0/0,29490:1747647676245:,1747647683936
counter/3/0/0/0,28114:1747647673688:,1747647683936
counter/1/0/0/0,29491:1747647676245:,1747647683936
counter/3/0/0/0,28115:1747647673688:,1747647683936
counter/1/0/0/0,29492:1747647676250:,1747647683936
counter/3/0/0/0,28116:1747647673688:,1747647683936
counter/1/0/0/0,29493:1747647676250:,1747647683936
counter/3/0/0/0,28117:1747647673688:,1747647683936
counter/1/0/0/0,29494:1747647676250:,1747647683936
counter/3/0/0/0,28118:1747647673688:,1747647683936
counter/1/0/0/0,29495:1747647676250:,1747647683936
counter/3/0/0/0,28119:1747647673688:,1747647683936
counter/1/0/0/0,29496:1747647676253:,1747647683936
counter/3/0/0/0,28120:1747647673688:,1747647683936
counter/1/0/0/0,29497:1747647676253:,1747647683936
counter/3/0/0/0,28121:1747647673688:,1747647683936
counter/1/0/0/0,29498:1747647676253:,1747647683936
counter/3/0/0/0,28122:1747647673688:,1747647683936
counter/1/0/0/0,29499:1747647676253:,1747647683936
counter/3/0/0/0,28123:1747647673688:,1747647683937
counter/1/0/0/0,29500:1747647676253:,1747647683937
counter/3/0/0/0,28124:1747647673688:,1747647683937
counter/1/0/0/0,29501:1747647676253:,1747647683937
counter/3/0/0/0,28125:1747647673688:,1747647683937
counter/1/0/0/0,29502:1747647676253:,1747647683937
counter/3/0/0/0,28126:1747647673688:,1747647683937
counter/1/0/0/0,29503:1747647676253:,1747647683937
counter/3/0/0/0,28127:1747647673688:,1747647683937
counter/1/0/0/0,29504:1747647676253:,1747647683937
counter/3/0/0/0,28128:1747647673688:,1747647683937
counter/1/0/0/0,29505:1747647676253:,1747647683937
counter/3/0/0/0,28129:1747647673688:,1747647683937
counter/1/0/0/0,29506:1747647676253:,1747647683937
counter/3/0/0/0,28130:1747647673688:,1747647683937
counter/1/0/0/0,29507:1747647676253:,1747647683937
counter/1/0/0/0,29508:1747647676261:,1747647683937
counter/5/0/0/0,34286:1747647677335:,1747647683937
counter/10/0/0/0,27828:1747647671171:,1747647683937
counter/1/0/0/0,29509:1747647676261:,1747647683937
counter/6/0/0/0,33912:1747647679026:,1747647683937
counter/8/0/0/0,35103:1747647677749:,1747647683937
counter/1/0/0/0,29510:1747647676262:,1747647683937
counter/3/0/0/0,28131:1747647673688:,1747647683937
counter/1/0/0/0,29511:1747647676262:,1747647683937
counter/10/0/0/0,27829:1747647671171:,1747647683937
counter/6/0/0/0,33913:1747647679026:,1747647683937
counter/1/0/0/0,29512:1747647676262:,1747647683937
counter/8/0/0/0,35104:1747647677749:,1747647683937
counter/3/0/0/0,28132:1747647673688:,1747647683937
counter/1/0/0/0,29513:1747647676262:,1747647683937
counter/5/0/0/0,34287:1747647677335:,1747647683937
counter/7/0/0/0,33747:1747647677925:,1747647683937
counter/1/0/0/0,29514:1747647676262:,1747647683937
counter/1/0/0/0,29515:1747647676263:,1747647683937
counter/1/0/0/0,29516:1747647676263:,1747647683937
counter/1/0/0/0,29517:1747647676263:,1747647683937
counter/1/0/0/0,29518:1747647676263:,1747647683937
counter/1/0/0/0,29519:1747647676263:,1747647683937
counter/1/0/0/0,29520:1747647676263:,1747647683937
counter/1/0/0/0,29521:1747647676263:,1747647683937
counter/1/0/0/0,29522:1747647676263:,1747647683937
counter/1/0/0/0,29523:1747647676271:,1747647683938
counter/10/0/0/0,27830:1747647671171:,1747647683938
counter/1/0/0/0,29524:1747647676271:,1747647683938
counter/6/0/0/0,33914:1747647679026:,1747647683938
counter/1/0/0/0,29525:1747647676271:,1747647683938
counter/8/0/0/0,35105:1747647677749:,1747647683938
counter/1/0/0/0,29526:1747647676271:,1747647683938
counter/3/0/0/0,28133:1747647673688:,1747647683938
counter/1/0/0/0,29527:1747647676271:,1747647683938
counter/5/0/0/0,34288:1747647677335:,1747647683938
counter/7/0/0/0,33748:1747647677926:,1747647683938
counter/1/0/0/0,29528:1747647676271:,1747647683938
counter/1/0/0/0,29529:1747647676271:,1747647683938
counter/1/0/0/0,29530:1747647676271:,1747647683938
counter/1/0/0/0,29531:1747647676271:,1747647683938
counter/1/0/0/0,29532:1747647676274:,1747647683938
counter/1/0/0/0,29533:1747647676274:,1747647683938
counter/1/0/0/0,29534:1747647676274:,1747647683938
counter/1/0/0/0,29535:1747647676274:,1747647683938
counter/1/0/0/0,29536:1747647676274:,1747647683938
counter/1/0/0/0,29537:1747647676276:,1747647683938
counter/1/0/0/0,29538:1747647676276:,1747647683938
counter/1/0/0/0,29539:1747647676281:,1747647683938
counter/1/0/0/0,29540:1747647676289:,1747647683938
counter/1/0/0/0,29541:1747647676289:,1747647683938
counter/1/0/0/0,29542:1747647676289:,1747647683938
counter/1/0/0/0,29543:1747647676289:,1747647683938
counter/1/0/0/0,29544:1747647676289:,1747647683938
counter/1/0/0/0,29545:1747647676289:,1747647683938
counter/1/0/0/0,29546:1747647676289:,1747647683938
counter/1/0/0/0,29547:1747647676289:,1747647683938
counter/1/0/0/0,29548:1747647676290:,1747647683938
counter/1/0/0/0,29549:1747647676290:,1747647683938
counter/1/0/0/0,29550:1747647676290:,1747647683938
counter/1/0/0/0,29551:1747647676290:,1747647683938
counter/1/0/0/0,29552:1747647676290:,1747647683938
counter/1/0/0/0,29553:1747647676290:,1747647683938
counter/1/0/0/0,29554:1747647676290:,1747647683938
counter/1/0/0/0,29555:1747647676290:,1747647683938
counter/1/0/0/0,29556:1747647676304:,1747647683938
counter/1/0/0/0,29557:1747647676314:,1747647683938
counter/1/0/0/0,29558:1747647676316:,1747647683938
counter/1/0/0/0,29559:1747647676316:,1747647683938
counter/1/0/0/0,29560:1747647676316:,1747647683938
counter/1/0/0/0,29561:1747647676316:,1747647683939
counter/1/0/0/0,29562:1747647676316:,1747647683939
counter/1/0/0/0,29563:1747647676316:,1747647683939
counter/1/0/0/0,29564:1747647676316:,1747647683939
counter/1/0/0/0,29565:1747647676316:,1747647683939
counter/1/0/0/0,29566:1747647676316:,1747647683939
counter/1/0/0/0,29567:1747647676316:,1747647683939
counter/1/0/0/0,29568:1747647676316:,1747647683939
counter/1/0/0/0,29569:1747647676316:,1747647683939
counter/1/0/0/0,29570:1747647676317:,1747647683939
counter/1/0/0/0,29571:1747647676317:,1747647683939
counter/1/0/0/0,29572:1747647676317:,1747647683939
counter/1/0/0/0,29573:1747647676317:,1747647683939
counter/1/0/0/0,29574:1747647676317:,1747647683939
counter/1/0/0/0,29575:1747647676317:,1747647683939
counter/1/0/0/0,29576:1747647676317:,1747647683939
counter/1/0/0/0,29577:1747647676317:,1747647683939
counter/1/0/0/0,29578:1747647676317:,1747647683939
counter/1/0/0/0,29579:1747647676320:,1747647683939
counter/1/0/0/0,29580:1747647676320:,1747647683939
counter/1/0/0/0,29581:1747647676320:,1747647683939
counter/1/0/0/0,29582:1747647676320:,1747647683939
counter/1/0/0/0,29583:1747647676320:,1747647683939
counter/5/0/0/0,34289:1747647677335:,1747647683939
counter/1/0/0/0,29584:1747647676320:,1747647683939
counter/3/0/0/0,28134:1747647673688:,1747647683939
counter/8/0/0/0,35106:1747647677749:,1747647683939
counter/1/0/0/0,29585:1747647676320:,1747647683939
counter/7/0/0/0,33749:1747647677926:,1747647683939
counter/10/0/0/0,27831:1747647671171:,1747647683939
counter/1/0/0/0,29586:1747647676320:,1747647683939
counter/1/0/0/0,29587:1747647676320:,1747647683939
counter/1/0/0/0,29588:1747647676320:,1747647683939
counter/1/0/0/0,29589:1747647676320:,1747647683939
counter/1/0/0/0,29590:1747647676320:,1747647683940
counter/1/0/0/0,29591:1747647676320:,1747647683940
counter/1/0/0/0,29592:1747647676320:,1747647683940
counter/1/0/0/0,29593:1747647676320:,1747647683940
counter/1/0/0/0,29594:1747647676320:,1747647683940
counter/1/0/0/0,29595:1747647676320:,1747647683940
counter/1/0/0/0,29596:1747647676325:,1747647683940
counter/1/0/0/0,29597:1747647676325:,1747647683940
counter/1/0/0/0,29598:1747647676325:,1747647683940
counter/1/0/0/0,29599:1747647676325:,1747647683940
counter/1/0/0/0,29600:1747647676325:,1747647683940
counter/1/0/0/0,29601:1747647676326:,1747647683940
counter/1/0/0/0,29602:1747647676326:,1747647683940
counter/1/0/0/0,29603:1747647676326:,1747647683940
counter/1/0/0/0,29604:1747647676326:,1747647683940
counter/1/0/0/0,29605:1747647676326:,1747647683940
counter/1/0/0/0,29606:1747647676326:,1747647683940
counter/1/0/0/0,29607:1747647676326:,1747647683940
counter/1/0/0/0,29608:1747647676326:,1747647683940
counter/1/0/0/0,29609:1747647676326:,1747647683940
counter/1/0/0/0,29610:1747647676326:,1747647683940
counter/1/0/0/0,29611:1747647676326:,1747647683940
counter/10/0/0/0,27832:1747647671171:,1747647683940
counter/1/0/0/0,29612:1747647676326:,1747647683940
counter/6/0/0/0,33915:1747647679027:,1747647683940
counter/3/0/0/0,28135:1747647673688:,1747647683940
counter/1/0/0/0,29613:1747647676326:,1747647683940
counter/5/0/0/0,34290:1747647677335:,1747647683940
counter/1/0/0/0,29614:1747647676326:,1747647683940
counter/5/0/0/0,34291:1747647677335:,1747647683940
counter/1/0/0/0,29615:1747647676326:,1747647683940
counter/5/0/0/0,34292:1747647677335:,1747647683940
counter/1/0/0/0,29616:1747647676351:,1747647683940
counter/5/0/0/0,34293:1747647677335:,1747647683940
counter/1/0/0/0,29617:1747647676351:,1747647683940
counter/5/0/0/0,34294:1747647677335:,1747647683940
counter/1/0/0/0,29618:1747647676351:,1747647683940
counter/5/0/0/0,34295:1747647677335:,1747647683940
counter/1/0/0/0,29619:1747647676351:,1747647683940
counter/5/0/0/0,34296:1747647677335:,1747647683940
counter/1/0/0/0,29620:1747647676351:,1747647683940
counter/5/0/0/0,34297:1747647677335:,1747647683940
counter/1/0/0/0,29621:1747647676351:,1747647683940
counter/5/0/0/0,34298:1747647677335:,1747647683940
counter/1/0/0/0,29622:1747647676351:,1747647683941
counter/5/0/0/0,34299:1747647677335:,1747647683941
counter/1/0/0/0,29623:1747647676351:,1747647683941
counter/5/0/0/0,34300:1747647677335:,1747647683941
counter/1/0/0/0,29624:1747647676351:,1747647683941
counter/1/0/0/0,29625:1747647676351:,1747647683941
counter/1/0/0/0,29626:1747647676351:,1747647683941
counter/1/0/0/0,29627:1747647676351:,1747647683941
counter/1/0/0/0,29628:1747647676351:,1747647683941
counter/1/0/0/0,29629:1747647676351:,1747647683941
counter/1/0/0/0,29630:1747647676351:,1747647683941
counter/1/0/0/0,29631:1747647676358:,1747647683941
counter/1/0/0/0,29632:1747647676358:,1747647683941
counter/1/0/0/0,29633:1747647676358:,1747647683941
counter/1/0/0/0,29634:1747647676358:,1747647683941
counter/1/0/0/0,29635:1747647676358:,1747647683941
counter/1/0/0/0,29636:1747647676358:,1747647683941
counter/1/0/0/0,29637:1747647676358:,1747647683941
counter/1/0/0/0,29638:1747647676358:,1747647683941
counter/1/0/0/0,29639:1747647676358:,1747647683941
counter/1/0/0/0,29640:1747647676358:,1747647683941
counter/1/0/0/0,29641:1747647676362:,1747647683941
counter/1/0/0/0,29642:1747647676362:,1747647683941
counter/1/0/0/0,29643:1747647676362:,1747647683941
counter/1/0/0/0,29644:1747647676362:,1747647683941
counter/1/0/0/0,29645:1747647676362:,1747647683941
counter/1/0/0/0,29646:1747647676362:,1747647683941
counter/1/0/0/0,29647:1747647676362:,1747647683941
counter/1/0/0/0,29648:1747647676363:,1747647683941
counter/1/0/0/0,29649:1747647676363:,1747647683941
counter/1/0/0/0,29650:1747647676363:,1747647683941
counter/1/0/0/0,29651:1747647676363:,1747647683941
counter/1/0/0/0,29652:1747647676363:,1747647683941
counter/1/0/0/0,29653:1747647676363:,1747647683941
counter/1/0/0/0,29654:1747647676363:,1747647683941
counter/1/0/0/0,29655:1747647676363:,1747647683941
counter/1/0/0/0,29656:1747647676363:,1747647683942
counter/1/0/0/0,29657:1747647676363:,1747647683942
counter/1/0/0/0,29658:1747647676363:,1747647683942
counter/1/0/0/0,29659:1747647676378:,1747647683942
counter/1/0/0/0,29660:1747647676379:,1747647683942
counter/1/0/0/0,29661:1747647676379:,1747647683942
counter/1/0/0/0,29662:1747647676379:,1747647683942
counter/1/0/0/0,29663:1747647676379:,1747647683942
counter/3/0/0/0,28136:1747647673688:,1747647683942
counter/1/0/0/0,29664:1747647676379:,1747647683942
counter/7/0/0/0,33750:1747647677926:,1747647683942
counter/1/0/0/0,29665:1747647676379:,1747647683942
counter/10/0/0/0,27833:1747647671171:,1747647683942
counter/5/0/0/0,34301:1747647677335:,1747647683942
counter/1/0/0/0,29666:1747647676382:,1747647683942
counter/5/0/0/0,34302:1747647677335:,1747647683942
counter/1/0/0/0,29667:1747647676382:,1747647683942
counter/5/0/0/0,34303:1747647677335:,1747647683942
counter/6/0/0/0,33916:1747647679027:,1747647683942
counter/1/0/0/0,29668:1747647676382:,1747647683942
counter/5/0/0/0,34304:1747647677335:,1747647683942
counter/3/0/0/0,28137:1747647673689:,1747647683942
counter/1/0/0/0,29669:1747647676382:,1747647683942
counter/7/0/0/0,33751:1747647677926:,1747647683942
counter/10/0/0/0,27834:1747647671171:,1747647683942
counter/1/0/0/0,29670:1747647676382:,1747647683942
counter/1/0/0/0,29671:1747647676392:,1747647683942
counter/1/0/0/0,29672:1747647676392:,1747647683942
counter/1/0/0/0,29673:1747647676392:,1747647683942
counter/1/0/0/0,29674:1747647676393:,1747647683942
counter/1/0/0/0,29675:1747647676393:,1747647683942
counter/1/0/0/0,29676:1747647676393:,1747647683942
counter/1/0/0/0,29677:1747647676399:,1747647683942
counter/1/0/0/0,29678:1747647676399:,1747647683942
counter/1/0/0/0,29679:1747647676399:,1747647683942
counter/1/0/0/0,29680:1747647676399:,1747647683942
counter/1/0/0/0,29681:1747647676399:,1747647683943
counter/1/0/0/0,29682:1747647676399:,1747647683943
counter/1/0/0/0,29683:1747647676400:,1747647683943
counter/1/0/0/0,29684:1747647676400:,1747647683943
counter/1/0/0/0,29685:1747647676400:,1747647683943
counter/1/0/0/0,29686:1747647676400:,1747647683943
counter/1/0/0/0,29687:1747647676400:,1747647683943
counter/1/0/0/0,29688:1747647676400:,1747647683943
counter/1/0/0/0,29689:1747647676400:,1747647683943
counter/6/0/0/0,33917:1747647679027:,1747647683943
counter/1/0/0/0,29690:1747647676400:,1747647683943
counter/3/0/0/0,28138:1747647673689:,1747647683943
counter/1/0/0/0,29691:1747647676400:,1747647683943
counter/7/0/0/0,33752:1747647677939:,1747647683943
counter/10/0/0/0,27835:1747647671171:,1747647683943
counter/1/0/0/0,29692:1747647676400:,1747647683943
counter/5/0/0/0,34305:1747647677335:,1747647683943
counter/1/0/0/0,29693:1747647676400:,1747647683943
counter/1/0/0/0,29694:1747647676417:,1747647683943
counter/1/0/0/0,29695:1747647676417:,1747647683943
counter/1/0/0/0,29696:1747647676417:,1747647683943
counter/1/0/0/0,29697:1747647676417:,1747647683943
counter/1/0/0/0,29698:1747647676417:,1747647683943
counter/5/0/0/0,34306:1747647677335:,1747647683943
counter/1/0/0/0,29699:1747647676417:,1747647683943
counter/5/0/0/0,34307:1747647677335:,1747647683943
counter/1/0/0/0,29700:1747647676417:,1747647683943
counter/5/0/0/0,34308:1747647677359:,1747647683943
counter/1/0/0/0,29701:1747647676417:,1747647683943
counter/5/0/0/0,34309:1747647677359:,1747647683943
counter/1/0/0/0,29702:1747647676417:,1747647683943
counter/5/0/0/0,34310:1747647677359:,1747647683943
counter/1/0/0/0,29703:1747647676418:,1747647683943
counter/5/0/0/0,34311:1747647677360:,1747647683943
counter/1/0/0/0,29704:1747647676418:,1747647683943
counter/5/0/0/0,34312:1747647677360:,1747647683943
counter/10/0/0/0,27836:1747647671171:,1747647683943
counter/1/0/0/0,29705:1747647676418:,1747647683943
counter/5/0/0/0,34313:1747647677360:,1747647683943
counter/1/0/0/0,29706:1747647676418:,1747647683943
counter/5/0/0/0,34314:1747647677360:,1747647683943
counter/1/0/0/0,29707:1747647676418:,1747647683943
counter/5/0/0/0,34315:1747647677360:,1747647683944
counter/1/0/0/0,29708:1747647676418:,1747647683944
counter/5/0/0/0,34316:1747647677360:,1747647683944
counter/1/0/0/0,29709:1747647676418:,1747647683944
counter/1/0/0/0,29710:1747647676418:,1747647683944
counter/1/0/0/0,29711:1747647676418:,1747647683944
counter/1/0/0/0,29712:1747647676421:,1747647683944
counter/1/0/0/0,29713:1747647676421:,1747647683944
counter/1/0/0/0,29714:1747647676421:,1747647683944
counter/1/0/0/0,29715:1747647676421:,1747647683944
counter/1/0/0/0,29716:1747647676421:,1747647683944
counter/1/0/0/0,29717:1747647676421:,1747647683944
counter/1/0/0/0,29718:1747647676421:,1747647683944
counter/1/0/0/0,29719:1747647676421:,1747647683944
counter/1/0/0/0,29720:1747647676421:,1747647683944
counter/1/0/0/0,29721:1747647676421:,1747647683944
counter/1/0/0/0,29722:1747647676421:,1747647683944
counter/1/0/0/0,29723:1747647676422:,1747647683944
counter/1/0/0/0,29724:1747647676422:,1747647683944
counter/1/0/0/0,29725:1747647676426:,1747647683944
counter/1/0/0/0,29726:1747647676426:,1747647683944
counter/1/0/0/0,29727:1747647676426:,1747647683944
counter/1/0/0/0,29728:1747647676426:,1747647683944
counter/1/0/0/0,29729:1747647676426:,1747647683944
counter/1/0/0/0,29730:1747647676426:,1747647683944
counter/1/0/0/0,29731:1747647676426:,1747647683944
counter/1/0/0/0,29732:1747647676426:,1747647683944
counter/1/0/0/0,29733:1747647676426:,1747647683944
counter/1/0/0/0,29734:1747647676426:,1747647683944
counter/5/0/0/0,34317:1747647677360:,1747647683944
counter/1/0/0/0,29735:1747647676426:,1747647683944
counter/6/0/0/0,33918:1747647679027:,1747647683944
counter/1/0/0/0,29736:1747647676427:,1747647683944
counter/10/0/0/0,27837:1747647671171:,1747647683944
counter/1/0/0/0,29737:1747647676429:,1747647683944
counter/8/0/0/0,35107:1747647677749:,1747647683944
counter/3/0/0/0,28139:1747647673689:,1747647683944
counter/1/0/0/0,29738:1747647676429:,1747647683944
counter/7/0/0/0,33753:1747647677939:,1747647683944
counter/1/0/0/0,29739:1747647676429:,1747647683944
counter/1/0/0/0,29740:1747647676429:,1747647683944
counter/1/0/0/0,29741:1747647676429:,1747647683944
counter/1/0/0/0,29742:1747647676429:,1747647683944
counter/1/0/0/0,29743:1747647676429:,1747647683944
counter/1/0/0/0,29744:1747647676429:,1747647683944
counter/1/0/0/0,29745:1747647676429:,1747647683944
counter/1/0/0/0,29746:1747647676429:,1747647683945
counter/1/0/0/0,29747:1747647676429:,1747647683945
counter/1/0/0/0,29748:1747647676430:,1747647683945
counter/1/0/0/0,29749:1747647676430:,1747647683945
counter/1/0/0/0,29750:1747647676430:,1747647683945
counter/1/0/0/0,29751:1747647676430:,1747647683945
counter/1/0/0/0,29752:1747647676430:,1747647683945
counter/1/0/0/0,29753:1747647676430:,1747647683945
counter/1/0/0/0,29754:1747647676430:,1747647683945
counter/1/0/0/0,29755:1747647676430:,1747647683945
counter/1/0/0/0,29756:1747647676438:,1747647683945
counter/1/0/0/0,29757:1747647676438:,1747647683945
counter/1/0/0/0,29758:1747647676438:,1747647683945
counter/1/0/0/0,29759:1747647676438:,1747647683945
counter/1/0/0/0,29760:1747647676438:,1747647683945
counter/1/0/0/0,29761:1747647676438:,1747647683945
counter/1/0/0/0,29762:1747647676438:,1747647683945
counter/1/0/0/0,29763:1747647676439:,1747647683945
counter/1/0/0/0,29764:1747647676439:,1747647683945
counter/1/0/0/0,29765:1747647676439:,1747647683945
counter/1/0/0/0,29766:1747647676439:,1747647683945
counter/1/0/0/0,29767:1747647676439:,1747647683945
counter/1/0/0/0,29768:1747647676439:,1747647683945
counter/1/0/0/0,29769:1747647676439:,1747647683945
counter/1/0/0/0,29770:1747647676439:,1747647683945
counter/1/0/0/0,29771:1747647676439:,1747647683945
counter/1/0/0/0,29772:1747647676439:,1747647683945
counter/1/0/0/0,29773:1747647676439:,1747647683945
counter/1/0/0/0,29774:1747647676439:,1747647683945
counter/1/0/0/0,29775:1747647676439:,1747647683945
counter/1/0/0/0,29776:1747647676445:,1747647683945
counter/1/0/0/0,29777:1747647676445:,1747647683945
counter/1/0/0/0,29778:1747647676445:,1747647683945
counter/1/0/0/0,29779:1747647676445:,1747647683945
counter/1/0/0/0,29780:1747647676445:,1747647683945
counter/1/0/0/0,29781:1747647676445:,1747647683945
counter/1/0/0/0,29782:1747647676445:,1747647683945
counter/1/0/0/0,29783:1747647676445:,1747647683945
counter/1/0/0/0,29784:1747647676445:,1747647683945
counter/1/0/0/0,29785:1747647676446:,1747647683945
counter/10/0/0/0,27838:1747647671171:,1747647683945
counter/8/0/0/0,35108:1747647677749:,1747647683945
counter/3/0/0/0,28140:1747647673689:,1747647683946
counter/8/0/0/0,35109:1747647677749:,1747647683946
counter/7/0/0/0,33754:1747647677939:,1747647683946
counter/8/0/0/0,35110:1747647677749:,1747647683946
counter/1/0/0/0,29786:1747647676449:,1747647683946
counter/6/0/0/0,33919:1747647679027:,1747647683946
counter/8/0/0/0,35111:1747647677749:,1747647683946
counter/10/0/0/0,27839:1747647671172:,1747647683946
counter/3/0/0/0,28141:1747647673689:,1747647683946
counter/10/0/0/0,27840:1747647671172:,1747647683946
counter/3/0/0/0,28142:1747647673689:,1747647683946
counter/5/0/0/0,34318:1747647677360:,1747647683946
counter/7/0/0/0,33755:1747647677939:,1747647683946
counter/7/0/0/0,33756:1747647677939:,1747647683946
counter/7/0/0/0,33757:1747647677939:,1747647683946
counter/7/0/0/0,33758:1747647677942:,1747647683946
counter/7/0/0/0,33759:1747647677942:,1747647683946
counter/7/0/0/0,33760:1747647677942:,1747647683946
counter/7/0/0/0,33761:1747647677942:,1747647683946
counter/7/0/0/0,33762:1747647677942:,1747647683946
counter/10/0/0/0,27841:1747647671172:,1747647683946
counter/7/0/0/0,33763:1747647677942:,1747647683946
counter/3/0/0/0,28143:1747647673689:,1747647683946
counter/5/0/0/0,34319:1747647677360:,1747647683946
counter/7/0/0/0,33764:1747647677942:,1747647683946
counter/7/0/0/0,33765:1747647677942:,1747647683946
counter/5/0/0/0,34320:1747647677369:,1747647683946
counter/6/0/0/0,33920:1747647679027:,1747647683946
counter/3/0/0/0,28144:1747647673689:,1747647683946
counter/10/0/0/0,27842:1747647671172:,1747647683946
counter/8/0/0/0,35112:1747647677749:,1747647683946
counter/3/0/0/0,28145:1747647673689:,1747647683946
counter/5/0/0/0,34321:1747647677369:,1747647683946
counter/10/0/0/0,27843:1747647671172:,1747647683946
counter/10/0/0/0,27844:1747647671172:,1747647683946
counter/7/0/0/0,33766:1747647677942:,1747647683946
counter/7/0/0/0,33767:1747647677943:,1747647683946
counter/7/0/0/0,33768:1747647677943:,1747647683946
counter/7/0/0/0,33769:1747647677953:,1747647683946
counter/7/0/0/0,33770:1747647677953:,1747647683946
counter/7/0/0/0,33771:1747647677953:,1747647683947
counter/7/0/0/0,33772:1747647677953:,1747647683947
counter/7/0/0/0,33773:1747647677953:,1747647683947
counter/7/0/0/0,33774:1747647677953:,1747647683947
counter/7/0/0/0,33775:1747647677953:,1747647683947
counter/7/0/0/0,33776:1747647677953:,1747647683947
counter/1/0/0/0,29787:1747647676460:,1747647683947
counter/3/0/0/0,28146:1747647673689:,1747647683947
counter/7/0/0/0,33777:1747647677953:,1747647683947
counter/7/0/0/0,33778:1747647677953:,1747647683947
counter/3/0/0/0,28147:1747647673689:,1747647683947
counter/10/0/0/0,27845:1747647671172:,1747647683947
counter/3/0/0/0,28148:1747647673689:,1747647683947
counter/6/0/0/0,33921:1747647679027:,1747647683947
counter/3/0/0/0,28149:1747647673689:,1747647683947
counter/6/0/0/0,33922:1747647679027:,1747647683947
counter/6/0/0/0,33923:1747647679027:,1747647683947
counter/6/0/0/0,33924:1747647679027:,1747647683947
counter/6/0/0/0,33925:1747647679027:,1747647683947
counter/6/0/0/0,33926:1747647679027:,1747647683947
counter/6/0/0/0,33927:1747647679027:,1747647683947
counter/6/0/0/0,33928:1747647679027:,1747647683947
counter/6/0/0/0,33929:1747647679027:,1747647683947
counter/6/0/0/0,33930:1747647679027:,1747647683947
counter/6/0/0/0,33931:1747647679027:,1747647683947
counter/6/0/0/0,33932:1747647679027:,1747647683947
counter/8/0/0/0,35113:1747647677749:,1747647683947
counter/6/0/0/0,33933:1747647679027:,1747647683947
counter/3/0/0/0,28150:1747647673689:,1747647683947
counter/6/0/0/0,33934:1747647679027:,1747647683947
counter/10/0/0/0,27846:1747647671172:,1747647683947
counter/6/0/0/0,33935:1747647679028:,1747647683947
counter/6/0/0/0,33936:1747647679028:,1747647683947
counter/6/0/0/0,33937:1747647679028:,1747647683947
counter/6/0/0/0,33938:1747647679028:,1747647683947
counter/6/0/0/0,33939:1747647679028:,1747647683947
counter/8/0/0/0,35114:1747647677750:,1747647683947
counter/6/0/0/0,33940:1747647679028:,1747647683947
counter/10/0/0/0,27847:1747647671172:,1747647683947
counter/6/0/0/0,33941:1747647679028:,1747647683947
counter/1/0/0/0,29788:1747647676461:,1747647683947
counter/6/0/0/0,33942:1747647679028:,1747647683947
counter/6/0/0/0,33943:1747647679028:,1747647683947
counter/6/0/0/0,33944:1747647679028:,1747647683947
counter/6/0/0/0,33945:1747647679028:,1747647683947
counter/5/0/0/0,34322:1747647677369:,1747647683947
counter/3/0/0/0,28151:1747647673689:,1747647683947
counter/8/0/0/0,35115:1747647677750:,1747647683947
counter/6/0/0/0,33946:1747647679028:,1747647683948
counter/8/0/0/0,35116:1747647677750:,1747647683948
counter/10/0/0/0,27848:1747647671172:,1747647683948
counter/5/0/0/0,34323:1747647677369:,1747647683948
counter/7/0/0/0,33779:1747647677953:,1747647683948
counter/3/0/0/0,28152:1747647673689:,1747647683948
counter/3/0/0/0,28153:1747647673689:,1747647683948
counter/10/0/0/0,27849:1747647671172:,1747647683948
counter/5/0/0/0,34324:1747647677369:,1747647683948
counter/10/0/0/0,27850:1747647671172:,1747647683948
counter/6/0/0/0,33947:1747647679028:,1747647683948
counter/6/0/0/0,33948:1747647679028:,1747647683948
counter/8/0/0/0,35117:1747647677750:,1747647683948
counter/3/0/0/0,28154:1747647673689:,1747647683948
counter/10/0/0/0,27851:1747647671172:,1747647683948
counter/7/0/0/0,33780:1747647677954:,1747647683948
counter/3/0/0/0,28155:1747647673689:,1747647683948
counter/10/0/0/0,27852:1747647671172:,1747647683948
counter/5/0/0/0,34325:1747647677369:,1747647683948
counter/6/0/0/0,33949:1747647679028:,1747647683948
counter/7/0/0/0,33781:1747647677954:,1747647683948
counter/8/0/0/0,35118:1747647677750:,1747647683948
counter/3/0/0/0,28156:1747647673689:,1747647683948
counter/10/0/0/0,27853:1747647671172:,1747647683948
counter/10/0/0/0,27854:1747647671172:,1747647683948
counter/8/0/0/0,35119:1747647677750:,1747647683948
counter/10/0/0/0,27855:1747647671172:,1747647683948
counter/3/0/0/0,28157:1747647673689:,1747647683948
counter/10/0/0/0,27856:1747647671172:,1747647683948
counter/5/0/0/0,34326:1747647677369:,1747647683948
counter/6/0/0/0,33950:1747647679029:,1747647683948
counter/10/0/0/0,27857:1747647671172:,1747647683948
counter/10/0/0/0,27858:1747647671172:,1747647683948
counter/3/0/0/0,28158:1747647673689:,1747647683948
counter/7/0/0/0,33782:1747647677954:,1747647683948
counter/8/0/0/0,35120:1747647677750:,1747647683948
counter/8/0/0/0,35121:1747647677750:,1747647683948
counter/8/0/0/0,35122:1747647677750:,1747647683948
counter/10/0/0/0,27859:1747647671172:,1747647683948
counter/8/0/0/0,35123:1747647677751:,1747647683948
counter/1/0/0/0,29789:1747647676461:,1747647683949
counter/3/0/0/0,28159:1747647673690:,1747647683949
counter/7/0/0/0,33783:1747647677955:,1747647683949
counter/7/0/0/0,33784:1747647677955:,1747647683949
counter/5/0/0/0,34327:1747647677369:,1747647683949
counter/7/0/0/0,33785:1747647677955:,1747647683949
counter/10/0/0/0,27860:1747647671173:,1747647683949
counter/1/0/0/0,29790:1747647676461:,1747647683949
counter/7/0/0/0,33786:1747647677955:,1747647683949
counter/3/0/0/0,28160:1747647673690:,1747647683949
counter/7/0/0/0,33787:1747647677955:,1747647683949
counter/7/0/0/0,33788:1747647677955:,1747647683949
counter/7/0/0/0,33789:1747647677955:,1747647683949
counter/7/0/0/0,33790:1747647677956:,1747647683949
counter/7/0/0/0,33791:1747647677965:,1747647683949
counter/5/0/0/0,34328:1747647677369:,1747647683949
counter/7/0/0/0,33792:1747647677965:,1747647683949
counter/7/0/0/0,33793:1747647677965:,1747647683949
counter/5/0/0/0,34329:1747647677369:,1747647683949
counter/7/0/0/0,33794:1747647677965:,1747647683949
counter/10/0/0/0,27861:1747647671173:,1747647683949
counter/7/0/0/0,33795:1747647677966:,1747647683949
counter/1/0/0/0,29791:1747647676461:,1747647683949
counter/1/0/0/0,29792:1747647676461:,1747647683949
counter/1/0/0/0,29793:1747647676461:,1747647683949
counter/1/0/0/0,29794:1747647676461:,1747647683949
counter/1/0/0/0,29795:1747647676461:,1747647683949
counter/1/0/0/0,29796:1747647676461:,1747647683949
counter/6/0/0/0,33951:1747647679029:,1747647683949
counter/1/0/0/0,29797:1747647676461:,1747647683949
counter/1/0/0/0,29798:1747647676461:,1747647683949
counter/1/0/0/0,29799:1747647676461:,1747647683949
counter/8/0/0/0,35124:1747647677751:,1747647683949
counter/10/0/0/0,27862:1747647671173:,1747647683949
counter/7/0/0/0,33796:1747647677966:,1747647683949
counter/3/0/0/0,28161:1747647673690:,1747647683949
counter/6/0/0/0,33952:1747647679029:,1747647683949
counter/5/0/0/0,34330:1747647677369:,1747647683949
counter/10/0/0/0,27863:1747647671185:,1747647683949
counter/8/0/0/0,35125:1747647677751:,1747647683949
counter/3/0/0/0,28162:1747647673690:,1747647683949
counter/7/0/0/0,33797:1747647677966:,1747647683949
counter/7/0/0/0,33798:1747647677966:,1747647683949
counter/1/0/0/0,29800:1747647676472:,1747647683949
counter/7/0/0/0,33799:1747647677966:,1747647683949
counter/10/0/0/0,27864:1747647671185:,1747647683950
counter/7/0/0/0,33800:1747647677966:,1747647683950
counter/8/0/0/0,35126:1747647677751:,1747647683950
counter/3/0/0/0,28163:1747647673690:,1747647683950
counter/8/0/0/0,35127:1747647677751:,1747647683950
counter/8/0/0/0,35128:1747647677751:,1747647683950
counter/8/0/0/0,35129:1747647677751:,1747647683950
counter/8/0/0/0,35130:1747647677751:,1747647683950
counter/8/0/0/0,35131:1747647677751:,1747647683950
counter/8/0/0/0,35132:1747647677757:,1747647683950
counter/8/0/0/0,35133:1747647677757:,1747647683950
counter/8/0/0/0,35134:1747647677757:,1747647683950
counter/6/0/0/0,33953:1747647679030:,1747647683950
counter/5/0/0/0,34331:1747647677369:,1747647683950
counter/10/0/0/0,27865:1747647671185:,1747647683950
counter/1/0/0/0,29801:1747647676472:,1747647683950
counter/1/0/0/0,29802:1747647676472:,1747647683950
counter/1/0/0/0,29803:1747647676473:,1747647683950
counter/1/0/0/0,29804:1747647676473:,1747647683950
counter/3/0/0/0,28164:1747647673690:,1747647683950
counter/3/0/0/0,28165:1747647673690:,1747647683950
counter/5/0/0/0,34332:1747647677369:,1747647683950
counter/10/0/0/0,27866:1747647671185:,1747647683950
counter/7/0/0/0,33801:1747647677966:,1747647683950
counter/1/0/0/0,29805:1747647676473:,1747647683950
counter/7/0/0/0,33802:1747647677966:,1747647683950
counter/7/0/0/0,33803:1747647677966:,1747647683950
counter/5/0/0/0,34333:1747647677369:,1747647683950
counter/5/0/0/0,34334:1747647677369:,1747647683950
counter/5/0/0/0,34335:1747647677369:,1747647683950
counter/4/0/0/0,28274:1747647673612:,1747647683950
counter/4/0/0/0,28275:1747647673612:,1747647683950
counter/7/0/0/0,33804:1747647677966:,1747647683950
counter/4/0/0/0,28276:1747647673612:,1747647683950
counter/10/0/0/0,27867:1747647671185:,1747647683950
counter/1/0/0/0,29806:1747647676473:,1747647683950
counter/4/0/0/0,28277:1747647673612:,1747647683950
counter/3/0/0/0,28166:1747647673690:,1747647683950
counter/8/0/0/0,35135:1747647677757:,1747647683951
counter/4/0/0/0,28278:1747647673612:,1747647683951
counter/7/0/0/0,33805:1747647677966:,1747647683951
counter/4/0/0/0,28279:1747647673612:,1747647683951
counter/7/0/0/0,33806:1747647677966:,1747647683951
counter/4/0/0/0,28280:1747647673612:,1747647683951
counter/7/0/0/0,33807:1747647677966:,1747647683951
counter/1/0/0/0,29807:1747647676473:,1747647683951
counter/4/0/0/0,28281:1747647673631:,1747647683951
counter/7/0/0/0,33808:1747647677966:,1747647683951
counter/3/0/0/0,28167:1747647673690:,1747647683951
counter/8/0/0/0,35136:1747647677758:,1747647683951
counter/4/0/0/0,28282:1747647673631:,1747647683951
counter/7/0/0/0,33809:1747647677966:,1747647683951
counter/4/0/0/0,28283:1747647673631:,1747647683951
counter/4/0/0/0,28284:1747647673631:,1747647683951
counter/4/0/0/0,28285:1747647673631:,1747647683951
counter/4/0/0/0,28286:1747647673632:,1747647683951
counter/4/0/0/0,28287:1747647673634:,1747647683951
counter/4/0/0/0,28288:1747647673634:,1747647683951
counter/4/0/0/0,28289:1747647673634:,1747647683951
counter/4/0/0/0,28290:1747647673634:,1747647683951
counter/4/0/0/0,28291:1747647673636:,1747647683951
counter/4/0/0/0,28292:1747647673636:,1747647683951
counter/4/0/0/0,28293:1747647673636:,1747647683951
counter/4/0/0/0,28294:1747647673636:,1747647683951
counter/4/0/0/0,28295:1747647673636:,1747647683951
counter/4/0/0/0,28296:1747647673636:,1747647683951
counter/4/0/0/0,28297:1747647673636:,1747647683951
counter/4/0/0/0,28298:1747647673636:,1747647683951
counter/4/0/0/0,28299:1747647673636:,1747647683951
counter/4/0/0/0,28300:1747647673636:,1747647683951
counter/4/0/0/0,28301:1747647673636:,1747647683951
counter/10/0/0/0,27868:1747647671185:,1747647683951
counter/4/0/0/0,28302:1747647673636:,1747647683951
counter/8/0/0/0,35137:1747647677758:,1747647683951
counter/4/0/0/0,28303:1747647673636:,1747647683951
counter/10/0/0/0,27869:1747647671185:,1747647683951
counter/7/0/0/0,33810:1747647677966:,1747647683951
counter/4/0/0/0,28304:1747647673639:,1747647683951
counter/3/0/0/0,28168:1747647673690:,1747647683951
counter/1/0/0/0,29808:1747647676473:,1747647683951
counter/4/0/0/0,28305:1747647673639:,1747647683952
counter/1/0/0/0,29809:1747647676473:,1747647683952
counter/4/0/0/0,28306:1747647673639:,1747647683952
counter/1/0/0/0,29810:1747647676473:,1747647683952
counter/4/0/0/0,28307:1747647673639:,1747647683952
counter/1/0/0/0,29811:1747647676476:,1747647683952
counter/4/0/0/0,28308:1747647673639:,1747647683952
counter/1/0/0/0,29812:1747647676476:,1747647683952
counter/4/0/0/0,28309:1747647673639:,1747647683952
counter/1/0/0/0,29813:1747647676476:,1747647683952
counter/4/0/0/0,28310:1747647673639:,1747647683952
counter/1/0/0/0,29814:1747647676477:,1747647683952
counter/4/0/0/0,28311:1747647673639:,1747647683952
counter/1/0/0/0,29815:1747647676477:,1747647683952
counter/3/0/0/0,28169:1747647673690:,1747647683952
counter/4/0/0/0,28312:1747647673640:,1747647683952
counter/1/0/0/0,29816:1747647676479:,1747647683952
counter/6/0/0/0,33954:1747647679030:,1747647683952
counter/8/0/0/0,35138:1747647677758:,1747647683952
counter/4/0/0/0,28313:1747647673640:,1747647683952
counter/1/0/0/0,29817:1747647676479:,1747647683952
counter/10/0/0/0,27870:1747647671185:,1747647683952
counter/5/0/0/0,34336:1747647677369:,1747647683952
counter/7/0/0/0,33811:1747647677966:,1747647683952
counter/4/0/0/0,28314:1747647673640:,1747647683952
counter/1/0/0/0,29818:1747647676480:,1747647683952
counter/4/0/0/0,28315:1747647673640:,1747647683952
counter/1/0/0/0,29819:1747647676480:,1747647683952
counter/4/0/0/0,28316:1747647673640:,1747647683952
counter/1/0/0/0,29820:1747647676480:,1747647683952
counter/4/0/0/0,28317:1747647673640:,1747647683952
counter/1/0/0/0,29821:1747647676480:,1747647683952
counter/3/0/0/0,28170:1747647673690:,1747647683952
counter/4/0/0/0,28318:1747647673640:,1747647683952
counter/1/0/0/0,29822:1747647676480:,1747647683952
counter/8/0/0/0,35139:1747647677758:,1747647683952
counter/6/0/0/0,33955:1747647679030:,1747647683952
counter/4/0/0/0,28319:1747647673640:,1747647683952
counter/1/0/0/0,29823:1747647676480:,1747647683952
counter/10/0/0/0,27871:1747647671185:,1747647683952
counter/5/0/0/0,34337:1747647677369:,1747647683952
counter/7/0/0/0,33812:1747647677967:,1747647683952
counter/4/0/0/0,28320:1747647673642:,1747647683952
counter/1/0/0/0,29824:1747647676488:,1747647683952
counter/4/0/0/0,28321:1747647673642:,1747647683952
counter/1/0/0/0,29825:1747647676489:,1747647683952
counter/4/0/0/0,28322:1747647673642:,1747647683952
counter/1/0/0/0,29826:1747647676489:,1747647683952
counter/4/0/0/0,28323:1747647673642:,1747647683953
counter/1/0/0/0,29827:1747647676489:,1747647683953
counter/3/0/0/0,28171:1747647673690:,1747647683953
counter/4/0/0/0,28324:1747647673642:,1747647683953
counter/1/0/0/0,29828:1747647676489:,1747647683953
counter/6/0/0/0,33956:1747647679030:,1747647683953
counter/8/0/0/0,35140:1747647677758:,1747647683953
counter/10/0/0/0,27872:1747647671185:,1747647683953
counter/4/0/0/0,28325:1747647673642:,1747647683953
counter/1/0/0/0,29829:1747647676498:,1747647683953
counter/5/0/0/0,34338:1747647677369:,1747647683953
counter/4/0/0/0,28326:1747647673642:,1747647683953
counter/1/0/0/0,29830:1747647676498:,1747647683953
counter/4/0/0/0,28327:1747647673642:,1747647683953
counter/1/0/0/0,29831:1747647676498:,1747647683953
counter/4/0/0/0,28328:1747647673642:,1747647683953
counter/1/0/0/0,29832:1747647676498:,1747647683953
counter/4/0/0/0,28329:1747647673642:,1747647683953
counter/1/0/0/0,29833:1747647676498:,1747647683953
counter/4/0/0/0,28330:1747647673646:,1747647683953
counter/1/0/0/0,29834:1747647676498:,1747647683953
counter/4/0/0/0,28331:1747647673646:,1747647683953
counter/1/0/0/0,29835:1747647676498:,1747647683953
counter/4/0/0/0,28332:1747647673646:,1747647683953
counter/1/0/0/0,29836:1747647676498:,1747647683953
counter/4/0/0/0,28333:1747647673646:,1747647683953
counter/1/0/0/0,29837:1747647676498:,1747647683953
counter/4/0/0/0,28334:1747647673646:,1747647683953
counter/1/0/0/0,29838:1747647676498:,1747647683953
counter/4/0/0/0,28335:1747647673646:,1747647683953
counter/1/0/0/0,29839:1747647676498:,1747647683953
counter/4/0/0/0,28336:1747647673646:,1747647683953
counter/1/0/0/0,29840:1747647676498:,1747647683953
counter/4/0/0/0,28337:1747647673646:,1747647683953
counter/1/0/0/0,29841:1747647676498:,1747647683953
counter/4/0/0/0,28338:1747647673646:,1747647683953
counter/1/0/0/0,29842:1747647676498:,1747647683953
counter/4/0/0/0,28339:1747647673646:,1747647683953
counter/1/0/0/0,29843:1747647676498:,1747647683953
counter/4/0/0/0,28340:1747647673651:,1747647683953
counter/1/0/0/0,29844:1747647676499:,1747647683953
counter/4/0/0/0,28341:1747647673656:,1747647683953
counter/1/0/0/0,29845:1747647676499:,1747647683953
counter/4/0/0/0,28342:1747647673656:,1747647683954
counter/1/0/0/0,29846:1747647676499:,1747647683954
counter/4/0/0/0,28343:1747647673657:,1747647683954
counter/1/0/0/0,29847:1747647676500:,1747647683954
counter/10/0/0/0,27873:1747647671185:,1747647683954
counter/4/0/0/0,28344:1747647673657:,1747647683954
counter/1/0/0/0,29848:1747647676500:,1747647683954
counter/5/0/0/0,34339:1747647677369:,1747647683954
counter/3/0/0/0,28172:1747647673690:,1747647683954
counter/4/0/0/0,28345:1747647673657:,1747647683954
counter/1/0/0/0,29849:1747647676500:,1747647683954
counter/8/0/0/0,35141:1747647677758:,1747647683954
counter/7/0/0/0,33813:1747647677967:,1747647683954
counter/4/0/0/0,28346:1747647673657:,1747647683954
counter/1/0/0/0,29850:1747647676512:,1747647683954
counter/4/0/0/0,28347:1747647673657:,1747647683954
counter/1/0/0/0,29851:1747647676516:,1747647683954
counter/4/0/0/0,28348:1747647673657:,1747647683954
counter/1/0/0/0,29852:1747647676516:,1747647683954
counter/4/0/0/0,28349:1747647673657:,1747647683954
counter/1/0/0/0,29853:1747647676516:,1747647683954
counter/6/0/0/0,33957:1747647679030:,1747647683954
counter/4/0/0/0,28350:1747647673657:,1747647683954
counter/1/0/0/0,29854:1747647676516:,1747647683954
counter/3/0/0/0,28173:1747647673690:,1747647683954
counter/5/0/0/0,34340:1747647677369:,1747647683954
counter/4/0/0/0,28351:1747647673661:,1747647683954
counter/1/0/0/0,29855:1747647676517:,1747647683954
counter/5/0/0/0,34341:1747647677371:,1747647683954
counter/4/0/0/0,28352:1747647673661:,1747647683954
counter/1/0/0/0,29856:1747647676517:,1747647683954
counter/5/0/0/0,34342:1747647677371:,1747647683954
counter/4/0/0/0,28353:1747647673661:,1747647683954
counter/1/0/0/0,29857:1747647676517:,1747647683954
counter/5/0/0/0,34343:1747647677371:,1747647683954
counter/4/0/0/0,28354:1747647673661:,1747647683954
counter/1/0/0/0,29858:1747647676517:,1747647683954
counter/5/0/0/0,34344:1747647677371:,1747647683954
counter/4/0/0/0,28355:1747647673661:,1747647683954
counter/1/0/0/0,29859:1747647676517:,1747647683954
counter/5/0/0/0,34345:1747647677371:,1747647683955
counter/4/0/0/0,28356:1747647673661:,1747647683955
counter/1/0/0/0,29860:1747647676521:,1747647683955
counter/6/0/0/0,33958:1747647679030:,1747647683955
counter/5/0/0/0,34346:1747647677371:,1747647683955
counter/4/0/0/0,28357:1747647673661:,1747647683955
counter/1/0/0/0,29861:1747647676521:,1747647683955
counter/3/0/0/0,28174:1747647673690:,1747647683955
counter/7/0/0/0,33814:1747647677968:,1747647683955
counter/5/0/0/0,34347:1747647677371:,1747647683955
counter/4/0/0/0,28358:1747647673661:,1747647683955
counter/1/0/0/0,29862:1747647676521:,1747647683955
counter/5/0/0/0,34348:1747647677371:,1747647683955
counter/4/0/0/0,28359:1747647673661:,1747647683955
counter/1/0/0/0,29863:1747647676521:,1747647683955
counter/5/0/0/0,34349:1747647677371:,1747647683955
counter/4/0/0/0,28360:1747647673661:,1747647683955
counter/1/0/0/0,29864:1747647676521:,1747647683955
counter/5/0/0/0,34350:1747647677371:,1747647683955
counter/4/0/0/0,28361:1747647673673:,1747647683955
counter/1/0/0/0,29865:1747647676521:,1747647683955
counter/5/0/0/0,34351:1747647677382:,1747647683955
counter/4/0/0/0,28362:1747647673684:,1747647683955
counter/1/0/0/0,29866:1747647676521:,1747647683955
counter/5/0/0/0,34352:1747647677387:,1747647683955
counter/4/0/0/0,28363:1747647673684:,1747647683955
counter/1/0/0/0,29867:1747647676526:,1747647683955
counter/5/0/0/0,34353:1747647677387:,1747647683955
counter/4/0/0/0,28364:1747647673684:,1747647683955
counter/1/0/0/0,29868:1747647676526:,1747647683955
counter/5/0/0/0,34354:1747647677387:,1747647683955
counter/4/0/0/0,28365:1747647673684:,1747647683955
counter/1/0/0/0,29869:1747647676526:,1747647683955
counter/5/0/0/0,34355:1747647677387:,1747647683955
counter/4/0/0/0,28366:1747647673684:,1747647683955
counter/1/0/0/0,29870:1747647676527:,1747647683955
counter/5/0/0/0,34356:1747647677387:,1747647683955
counter/4/0/0/0,28367:1747647673684:,1747647683955
counter/1/0/0/0,29871:1747647676527:,1747647683955
counter/4/0/0/0,28368:1747647673687:,1747647683956
counter/1/0/0/0,29872:1747647676527:,1747647683956
counter/4/0/0/0,28369:1747647673687:,1747647683956
counter/1/0/0/0,29873:1747647676527:,1747647683956
counter/4/0/0/0,28370:1747647673687:,1747647683956
counter/1/0/0/0,29874:1747647676527:,1747647683956
counter/4/0/0/0,28371:1747647673687:,1747647683956
counter/1/0/0/0,29875:1747647676527:,1747647683956
counter/4/0/0/0,28372:1747647673687:,1747647683956
counter/1/0/0/0,29876:1747647676527:,1747647683956
counter/4/0/0/0,28373:1747647673687:,1747647683956
counter/1/0/0/0,29877:1747647676527:,1747647683956
counter/4/0/0/0,28374:1747647673687:,1747647683956
counter/1/0/0/0,29878:1747647676527:,1747647683956
counter/4/0/0/0,28375:1747647673687:,1747647683956
counter/1/0/0/0,29879:1747647676527:,1747647683956
counter/4/0/0/0,28376:1747647673687:,1747647683956
counter/1/0/0/0,29880:1747647676527:,1747647683956
counter/4/0/0/0,28377:1747647673687:,1747647683956
counter/1/0/0/0,29881:1747647676527:,1747647683956
counter/4/0/0/0,28378:1747647673687:,1747647683956
counter/1/0/0/0,29882:1747647676529:,1747647683956
counter/4/0/0/0,28379:1747647673693:,1747647683956
counter/1/0/0/0,29883:1747647676529:,1747647683956
counter/4/0/0/0,28380:1747647673693:,1747647683956
counter/1/0/0/0,29884:1747647676529:,1747647683956
counter/4/0/0/0,28381:1747647673693:,1747647683956
counter/1/0/0/0,29885:1747647676529:,1747647683956
counter/4/0/0/0,28382:1747647673693:,1747647683956
counter/1/0/0/0,29886:1747647676529:,1747647683956
counter/4/0/0/0,28383:1747647673693:,1747647683956
counter/1/0/0/0,29887:1747647676529:,1747647683956
counter/4/0/0/0,28384:1747647673705:,1747647683956
counter/1/0/0/0,29888:1747647676529:,1747647683956
counter/4/0/0/0,28385:1747647673705:,1747647683956
counter/1/0/0/0,29889:1747647676529:,1747647683956
counter/4/0/0/0,28386:1747647673705:,1747647683956
counter/1/0/0/0,29890:1747647676529:,1747647683956
counter/4/0/0/0,28387:1747647673705:,1747647683956
counter/1/0/0/0,29891:1747647676529:,1747647683956
counter/4/0/0/0,28388:1747647673705:,1747647683956
counter/1/0/0/0,29892:1747647676529:,1747647683956
counter/4/0/0/0,28389:1747647673705:,1747647683956
counter/1/0/0/0,29893:1747647676529:,1747647683956
counter/4/0/0/0,28390:1747647673705:,1747647683956
counter/1/0/0/0,29894:1747647676529:,1747647683956
counter/4/0/0/0,28391:1747647673705:,1747647683957
counter/1/0/0/0,29895:1747647676529:,1747647683957
counter/6/0/0/0,33959:1747647679030:,1747647683957
counter/3/0/0/0,28175:1747647673691:,1747647683957
counter/4/0/0/0,28392:1747647673705:,1747647683957
counter/1/0/0/0,29896:1747647676529:,1747647683957
counter/5/0/0/0,34357:1747647677387:,1747647683957
counter/7/0/0/0,33815:1747647677968:,1747647683957
counter/10/0/0/0,27874:1747647671185:,1747647683957
counter/4/0/0/0,28393:1747647673705:,1747647683957
counter/1/0/0/0,29897:1747647676529:,1747647683957
counter/8/0/0/0,35142:1747647677758:,1747647683957
counter/4/0/0/0,28394:1747647673705:,1747647683957
counter/1/0/0/0,29898:1747647676529:,1747647683957
counter/4/0/0/0,28395:1747647673705:,1747647683957
counter/1/0/0/0,29899:1747647676529:,1747647683957
counter/4/0/0/0,28396:1747647673706:,1747647683957
counter/1/0/0/0,29900:1747647676529:,1747647683957
counter/4/0/0/0,28397:1747647673706:,1747647683957
counter/1/0/0/0,29901:1747647676529:,1747647683957
counter/4/0/0/0,28398:1747647673706:,1747647683957
counter/1/0/0/0,29902:1747647676529:,1747647683957
counter/4/0/0/0,28399:1747647673706:,1747647683957
counter/1/0/0/0,29903:1747647676529:,1747647683957
counter/4/0/0/0,28400:1747647673706:,1747647683957
counter/1/0/0/0,29904:1747647676529:,1747647683957
counter/4/0/0/0,28401:1747647673706:,1747647683957
counter/1/0/0/0,29905:1747647676529:,1747647683957
counter/4/0/0/0,28402:1747647673706:,1747647683957
counter/1/0/0/0,29906:1747647676529:,1747647683957
counter/4/0/0/0,28403:1747647673710:,1747647683957
counter/1/0/0/0,29907:1747647676529:,1747647683957
counter/4/0/0/0,28404:1747647673710:,1747647683957
counter/1/0/0/0,29908:1747647676529:,1747647683957
counter/4/0/0/0,28405:1747647673710:,1747647683957
counter/1/0/0/0,29909:1747647676542:,1747647683957
counter/4/0/0/0,28406:1747647673710:,1747647683957
counter/1/0/0/0,29910:1747647676542:,1747647683957
counter/4/0/0/0,28407:1747647673710:,1747647683957
counter/1/0/0/0,29911:1747647676542:,1747647683957
counter/4/0/0/0,28408:1747647673710:,1747647683957
counter/1/0/0/0,29912:1747647676542:,1747647683957
counter/4/0/0/0,28409:1747647673711:,1747647683958
counter/1/0/0/0,29913:1747647676543:,1747647683958
counter/4/0/0/0,28410:1747647673711:,1747647683958
counter/1/0/0/0,29914:1747647676543:,1747647683958
counter/3/0/0/0,28176:1747647673691:,1747647683958
counter/4/0/0/0,28411:1747647673711:,1747647683958
counter/1/0/0/0,29915:1747647676543:,1747647683958
counter/6/0/0/0,33960:1747647679030:,1747647683958
counter/5/0/0/0,34358:1747647677387:,1747647683958
counter/7/0/0/0,33816:1747647677968:,1747647683958
counter/4/0/0/0,28412:1747647673711:,1747647683958
counter/1/0/0/0,29916:1747647676543:,1747647683958
counter/10/0/0/0,27875:1747647671185:,1747647683958
counter/8/0/0/0,35143:1747647677758:,1747647683958
counter/4/0/0/0,28413:1747647673711:,1747647683958
counter/1/0/0/0,29917:1747647676543:,1747647683958
counter/4/0/0/0,28414:1747647673711:,1747647683958
counter/1/0/0/0,29918:1747647676543:,1747647683958
counter/4/0/0/0,28415:1747647673711:,1747647683958
counter/1/0/0/0,29919:1747647676543:,1747647683958
counter/4/0/0/0,28416:1747647673711:,1747647683958
counter/1/0/0/0,29920:1747647676543:,1747647683958
counter/4/0/0/0,28417:1747647673717:,1747647683958
counter/1/0/0/0,29921:1747647676543:,1747647683958
counter/4/0/0/0,28418:1747647673717:,1747647683958
counter/1/0/0/0,29922:1747647676543:,1747647683958
counter/4/0/0/0,28419:1747647673717:,1747647683958
counter/1/0/0/0,29923:1747647676543:,1747647683958
counter/4/0/0/0,28420:1747647673717:,1747647683958
counter/1/0/0/0,29924:1747647676547:,1747647683958
counter/4/0/0/0,28421:1747647673717:,1747647683958
counter/1/0/0/0,29925:1747647676547:,1747647683958
counter/4/0/0/0,28422:1747647673717:,1747647683958
counter/1/0/0/0,29926:1747647676547:,1747647683958
counter/4/0/0/0,28423:1747647673717:,1747647683958
counter/1/0/0/0,29927:1747647676547:,1747647683958
counter/4/0/0/0,28424:1747647673728:,1747647683958
counter/1/0/0/0,29928:1747647676547:,1747647683958
counter/4/0/0/0,28425:1747647673728:,1747647683959
counter/1/0/0/0,29929:1747647676547:,1747647683959
counter/4/0/0/0,28426:1747647673728:,1747647683959
counter/1/0/0/0,29930:1747647676547:,1747647683959
counter/4/0/0/0,28427:1747647673728:,1747647683959
counter/1/0/0/0,29931:1747647676547:,1747647683959
counter/4/0/0/0,28428:1747647673728:,1747647683959
counter/4/0/0/0,28429:1747647673728:,1747647683959
counter/1/0/0/0,29932:1747647676547:,1747647683959
counter/4/0/0/0,28430:1747647673728:,1747647683959
counter/1/0/0/0,29933:1747647676547:,1747647683959
counter/8/0/0/0,35144:1747647677758:,1747647683959
counter/3/0/0/0,28177:1747647673691:,1747647683959
counter/4/0/0/0,28431:1747647673728:,1747647683959
counter/1/0/0/0,29934:1747647676547:,1747647683959
counter/5/0/0/0,34359:1747647677388:,1747647683959
counter/7/0/0/0,33817:1747647677968:,1747647683959
counter/4/0/0/0,28432:1747647673728:,1747647683959
counter/1/0/0/0,29935:1747647676547:,1747647683959
counter/10/0/0/0,27876:1747647671186:,1747647683959
counter/6/0/0/0,33961:1747647679030:,1747647683959
counter/4/0/0/0,28433:1747647673729:,1747647683959
counter/1/0/0/0,29936:1747647676547:,1747647683959
counter/4/0/0/0,28434:1747647673729:,1747647683959
counter/1/0/0/0,29937:1747647676547:,1747647683959
counter/4/0/0/0,28435:1747647673729:,1747647683959
counter/1/0/0/0,29938:1747647676547:,1747647683959
counter/4/0/0/0,28436:1747647673729:,1747647683959
counter/1/0/0/0,29939:1747647676547:,1747647683959
counter/4/0/0/0,28437:1747647673729:,1747647683959
counter/1/0/0/0,29940:1747647676547:,1747647683959
counter/4/0/0/0,28438:1747647673729:,1747647683959
counter/1/0/0/0,29941:1747647676547:,1747647683959
counter/4/0/0/0,28439:1747647673729:,1747647683959
counter/1/0/0/0,29942:1747647676548:,1747647683959
counter/4/0/0/0,28440:1747647673729:,1747647683959
counter/1/0/0/0,29943:1747647676548:,1747647683959
counter/4/0/0/0,28441:1747647673729:,1747647683959
counter/1/0/0/0,29944:1747647676549:,1747647683959
counter/4/0/0/0,28442:1747647673729:,1747647683959
counter/1/0/0/0,29945:1747647676549:,1747647683959
counter/4/0/0/0,28443:1747647673729:,1747647683959
counter/1/0/0/0,29946:1747647676550:,1747647683959
counter/5/0/0/0,34360:1747647677388:,1747647683959
counter/4/0/0/0,28444:1747647673729:,1747647683959
counter/1/0/0/0,29947:1747647676550:,1747647683959
counter/5/0/0/0,34361:1747647677388:,1747647683959
counter/4/0/0/0,28445:1747647673729:,1747647683960
counter/1/0/0/0,29948:1747647676550:,1747647683960
counter/5/0/0/0,34362:1747647677388:,1747647683960
counter/6/0/0/0,33962:1747647679041:,1747647683960
counter/4/0/0/0,28446:1747647673729:,1747647683960
counter/1/0/0/0,29949:1747647676550:,1747647683960
counter/3/0/0/0,28178:1747647673691:,1747647683960
counter/10/0/0/0,27877:1747647671188:,1747647683960
counter/4/0/0/0,28447:1747647673729:,1747647683960
counter/1/0/0/0,29950:1747647676550:,1747647683960
counter/4/0/0/0,28448:1747647673732:,1747647683960
counter/1/0/0/0,29951:1747647676550:,1747647683960
counter/4/0/0/0,28449:1747647673732:,1747647683960
counter/1/0/0/0,29952:1747647676550:,1747647683960
counter/4/0/0/0,28450:1747647673732:,1747647683960
counter/1/0/0/0,29953:1747647676550:,1747647683960
counter/4/0/0/0,28451:1747647673732:,1747647683960
counter/1/0/0/0,29954:1747647676552:,1747647683960
counter/4/0/0/0,28452:1747647673732:,1747647683960
counter/1/0/0/0,29955:1747647676552:,1747647683960
counter/4/0/0/0,28453:1747647673732:,1747647683960
counter/1/0/0/0,29956:1747647676552:,1747647683960
counter/4/0/0/0,28454:1747647673732:,1747647683960
counter/1/0/0/0,29957:1747647676552:,1747647683960
counter/4/0/0/0,28455:1747647673732:,1747647683960
counter/1/0/0/0,29958:1747647676552:,1747647683960
counter/4/0/0/0,28456:1747647673732:,1747647683960
counter/1/0/0/0,29959:1747647676552:,1747647683960
counter/4/0/0/0,28457:1747647673732:,1747647683960
counter/1/0/0/0,29960:1747647676552:,1747647683960
counter/4/0/0/0,28458:1747647673732:,1747647683960
counter/1/0/0/0,29961:1747647676552:,1747647683960
counter/4/0/0/0,28459:1747647673732:,1747647683960
counter/1/0/0/0,29962:1747647676552:,1747647683960
counter/4/0/0/0,28460:1747647673732:,1747647683960
counter/1/0/0/0,29963:1747647676554:,1747647683960
counter/4/0/0/0,28461:1747647673732:,1747647683960
counter/1/0/0/0,29964:1747647676554:,1747647683960
counter/4/0/0/0,28462:1747647673738:,1747647683960
counter/1/0/0/0,29965:1747647676554:,1747647683960
counter/4/0/0/0,28463:1747647673738:,1747647683960
counter/1/0/0/0,29966:1747647676554:,1747647683960
counter/4/0/0/0,28464:1747647673738:,1747647683960
counter/1/0/0/0,29967:1747647676554:,1747647683960
counter/4/0/0/0,28465:1747647673738:,1747647683960
counter/1/0/0/0,29968:1747647676554:,1747647683961
counter/6/0/0/0,33963:1747647679041:,1747647683961
counter/8/0/0/0,35145:1747647677758:,1747647683961
counter/4/0/0/0,28466:1747647673738:,1747647683961
counter/1/0/0/0,29969:1747647676554:,1747647683961
counter/10/0/0/0,27878:1747647671188:,1747647683961
counter/4/0/0/0,28467:1747647673738:,1747647683961
counter/1/0/0/0,29970:1747647676554:,1747647683961
counter/5/0/0/0,34363:1747647677388:,1747647683961
counter/7/0/0/0,33818:1747647677968:,1747647683961
counter/3/0/0/0,28179:1747647673691:,1747647683961
counter/4/0/0/0,28468:1747647673738:,1747647683961
counter/1/0/0/0,29971:1747647676554:,1747647683961
counter/4/0/0/0,28469:1747647673738:,1747647683961
counter/1/0/0/0,29972:1747647676554:,1747647683961
counter/4/0/0/0,28470:1747647673738:,1747647683961
counter/1/0/0/0,29973:1747647676554:,1747647683961
counter/4/0/0/0,28471:1747647673738:,1747647683961
counter/1/0/0/0,29974:1747647676554:,1747647683961
counter/4/0/0/0,28472:1747647673738:,1747647683961
counter/1/0/0/0,29975:1747647676554:,1747647683961
counter/10/0/0/0,27879:1747647671188:,1747647683961
counter/4/0/0/0,28473:1747647673738:,1747647683961
counter/1/0/0/0,29976:1747647676554:,1747647683961
counter/5/0/0/0,34364:1747647677389:,1747647683961
counter/7/0/0/0,33819:1747647677968:,1747647683961
counter/4/0/0/0,28474:1747647673738:,1747647683961
counter/1/0/0/0,29977:1747647676554:,1747647683961
counter/3/0/0/0,28180:1747647673691:,1747647683961
counter/6/0/0/0,33964:1747647679052:,1747647683961
counter/4/0/0/0,28475:1747647673739:,1747647683961
counter/1/0/0/0,29978:1747647676555:,1747647683961
counter/4/0/0/0,28476:1747647673742:,1747647683961
counter/1/0/0/0,29979:1747647676555:,1747647683961
counter/4/0/0/0,28477:1747647673743:,1747647683961
counter/1/0/0/0,29980:1747647676555:,1747647683961
counter/4/0/0/0,28478:1747647673749:,1747647683961
counter/1/0/0/0,29981:1747647676555:,1747647683961
counter/4/0/0/0,28479:1747647673750:,1747647683961
counter/1/0/0/0,29982:1747647676555:,1747647683961
counter/4/0/0/0,28480:1747647673750:,1747647683961
counter/1/0/0/0,29983:1747647676555:,1747647683961
counter/4/0/0/0,28481:1747647673750:,1747647683961
counter/1/0/0/0,29984:1747647676555:,1747647683961
counter/4/0/0/0,28482:1747647673750:,1747647683961
counter/1/0/0/0,29985:1747647676555:,1747647683961
counter/4/0/0/0,28483:1747647673750:,1747647683961
counter/1/0/0/0,29986:1747647676557:,1747647683962
counter/4/0/0/0,28484:1747647673750:,1747647683962
counter/1/0/0/0,29987:1747647676557:,1747647683962
counter/6/0/0/0,33965:1747647679052:,1747647683962
counter/4/0/0/0,28485:1747647673750:,1747647683962
counter/1/0/0/0,29988:1747647676557:,1747647683962
counter/3/0/0/0,28181:1747647673691:,1747647683962
counter/8/0/0/0,35146:1747647677764:,1747647683962
counter/4/0/0/0,28486:1747647673750:,1747647683962
counter/1/0/0/0,29989:1747647676557:,1747647683962
counter/10/0/0/0,27880:1747647671188:,1747647683962
counter/7/0/0/0,33820:1747647677968:,1747647683962
counter/4/0/0/0,28487:1747647673750:,1747647683962
counter/1/0/0/0,29990:1747647676557:,1747647683962
counter/5/0/0/0,34365:1747647677389:,1747647683962
counter/4/0/0/0,28488:1747647673750:,1747647683962
counter/1/0/0/0,29991:1747647676557:,1747647683962
counter/4/0/0/0,28489:1747647673752:,1747647683962
counter/1/0/0/0,29992:1747647676557:,1747647683962
counter/4/0/0/0,28490:1747647673753:,1747647683962
counter/1/0/0/0,29993:1747647676557:,1747647683962
counter/4/0/0/0,28491:1747647673753:,1747647683962
counter/1/0/0/0,29994:1747647676557:,1747647683962
counter/4/0/0/0,28492:1747647673753:,1747647683962
counter/1/0/0/0,29995:1747647676558:,1747647683962
counter/4/0/0/0,28493:1747647673753:,1747647683962
counter/1/0/0/0,29996:1747647676558:,1747647683962
counter/6/0/0/0,33966:1747647679052:,1747647683962
counter/4/0/0/0,28494:1747647673753:,1747647683962
counter/1/0/0/0,29997:1747647676558:,1747647683962
counter/3/0/0/0,28182:1747647673691:,1747647683962
counter/8/0/0/0,35147:1747647677764:,1747647683962
counter/4/0/0/0,28495:1747647673753:,1747647683962
counter/1/0/0/0,29998:1747647676558:,1747647683962
counter/10/0/0/0,27881:1747647671188:,1747647683962
counter/4/0/0/0,28496:1747647673753:,1747647683962
counter/1/0/0/0,29999:1747647676558:,1747647683962
counter/4/0/0/0,28497:1747647673753:,1747647683962
counter/1/0/0/0,30000:1747647676558:,1747647683962
counter/4/0/0/0,28498:1747647673753:,1747647683963
counter/1/0/0/0,30001:1747647676558:,1747647683963
counter/8/0/0/0,35148:1747647677764:,1747647683963
counter/4/0/0/0,28499:1747647673753:,1747647683963
counter/1/0/0/0,30002:1747647676558:,1747647683963
counter/8/0/0/0,35149:1747647677764:,1747647683963
counter/4/0/0/0,28500:1747647673753:,1747647683963
counter/1/0/0/0,30003:1747647676558:,1747647683963
counter/8/0/0/0,35150:1747647677764:,1747647683963
counter/4/0/0/0,28501:1747647673753:,1747647683963
counter/1/0/0/0,30004:1747647676558:,1747647683963
counter/8/0/0/0,35151:1747647677764:,1747647683963
counter/4/0/0/0,28502:1747647673753:,1747647683963
counter/1/0/0/0,30005:1747647676558:,1747647683963
counter/8/0/0/0,35152:1747647677764:,1747647683963
counter/4/0/0/0,28503:1747647673753:,1747647683963
counter/1/0/0/0,30006:1747647676558:,1747647683963
counter/8/0/0/0,35153:1747647677764:,1747647683963
counter/4/0/0/0,28504:1747647673753:,1747647683963
counter/1/0/0/0,30007:1747647676558:,1747647683963
counter/8/0/0/0,35154:1747647677764:,1747647683963
counter/4/0/0/0,28505:1747647673753:,1747647683963
counter/1/0/0/0,30008:1747647676558:,1747647683963
counter/5/0/0/0,34366:1747647677389:,1747647683963
counter/4/0/0/0,28506:1747647673753:,1747647683963
counter/1/0/0/0,30009:1747647676558:,1747647683963
counter/5/0/0/0,34367:1747647677389:,1747647683963
counter/3/0/0/0,28183:1747647673691:,1747647683963
counter/4/0/0/0,28507:1747647673753:,1747647683963
counter/1/0/0/0,30010:1747647676558:,1747647683963
counter/7/0/0/0,33821:1747647677968:,1747647683963
counter/4/0/0/0,28508:1747647673753:,1747647683963
counter/1/0/0/0,30011:1747647676558:,1747647683963
counter/7/0/0/0,33822:1747647677968:,1747647683963
counter/4/0/0/0,28509:1747647673759:,1747647683963
counter/1/0/0/0,30012:1747647676558:,1747647683963
counter/7/0/0/0,33823:1747647677968:,1747647683963
counter/4/0/0/0,28510:1747647673759:,1747647683963
counter/1/0/0/0,30013:1747647676560:,1747647683963
counter/7/0/0/0,33824:1747647677968:,1747647683963
counter/4/0/0/0,28511:1747647673759:,1747647683963
counter/1/0/0/0,30014:1747647676565:,1747647683963
counter/7/0/0/0,33825:1747647677968:,1747647683963
counter/4/0/0/0,28512:1747647673759:,1747647683963
counter/7/0/0/0,33826:1747647677968:,1747647683963
counter/4/0/0/0,28513:1747647673760:,1747647683963
counter/7/0/0/0,33827:1747647677968:,1747647683963
counter/5/0/0/0,34368:1747647677389:,1747647683964
counter/4/0/0/0,28514:1747647673760:,1747647683964
counter/7/0/0/0,33828:1747647677968:,1747647683964
counter/5/0/0/0,34369:1747647677390:,1747647683964
counter/4/0/0/0,28515:1747647673760:,1747647683964
counter/7/0/0/0,33829:1747647677968:,1747647683964
counter/5/0/0/0,34370:1747647677390:,1747647683964
counter/1/0/0/0,30015:1747647676565:,1747647683964
counter/4/0/0/0,28516:1747647673761:,1747647683964
counter/7/0/0/0,33830:1747647677971:,1747647683964
counter/5/0/0/0,34371:1747647677390:,1747647683964
counter/6/0/0/0,33967:1747647679052:,1747647683964
counter/4/0/0/0,28517:1747647673761:,1747647683964
counter/7/0/0/0,33831:1747647677971:,1747647683964
counter/5/0/0/0,34372:1747647677393:,1747647683964
counter/6/0/0/0,33968:1747647679052:,1747647683964
counter/4/0/0/0,28518:1747647673761:,1747647683964
counter/7/0/0/0,33832:1747647677971:,1747647683964
counter/6/0/0/0,33969:1747647679052:,1747647683964
counter/4/0/0/0,28519:1747647673761:,1747647683964
counter/7/0/0/0,33833:1747647677971:,1747647683964
counter/6/0/0/0,33970:1747647679052:,1747647683964
counter/4/0/0/0,28520:1747647673761:,1747647683964
counter/7/0/0/0,33834:1747647677971:,1747647683964
counter/6/0/0/0,33971:1747647679052:,1747647683964
counter/8/0/0/0,35155:1747647677764:,1747647683964
counter/1/0/0/0,30016:1747647676565:,1747647683964
counter/4/0/0/0,28521:1747647673761:,1747647683964
counter/7/0/0/0,33835:1747647677971:,1747647683964
counter/6/0/0/0,33972:1747647679052:,1747647683964
counter/10/0/0/0,27882:1747647671188:,1747647683964
counter/3/0/0/0,28184:1747647673691:,1747647683964
counter/5/0/0/0,34373:1747647677393:,1747647683964
counter/4/0/0/0,28522:1747647673761:,1747647683964
counter/7/0/0/0,33836:1747647677971:,1747647683964
counter/6/0/0/0,33973:1747647679052:,1747647683964
counter/3/0/0/0,28185:1747647673691:,1747647683964
counter/8/0/0/0,35156:1747647677765:,1747647683964
counter/4/0/0/0,28523:1747647673761:,1747647683964
counter/7/0/0/0,33837:1747647677971:,1747647683964
counter/6/0/0/0,33974:1747647679052:,1747647683964
counter/5/0/0/0,34374:1747647677394:,1747647683964
counter/4/0/0/0,28524:1747647673761:,1747647683964
counter/6/0/0/0,33975:1747647679064:,1747647683964
counter/4/0/0/0,28525:1747647673761:,1747647683964
counter/6/0/0/0,33976:1747647679064:,1747647683965
counter/4/0/0/0,28526:1747647673761:,1747647683965
counter/6/0/0/0,33977:1747647679064:,1747647683965
counter/5/0/0/0,34375:1747647677394:,1747647683965
counter/4/0/0/0,28527:1747647673761:,1747647683965
counter/6/0/0/0,33978:1747647679064:,1747647683965
counter/4/0/0/0,28528:1747647673762:,1747647683965
counter/6/0/0/0,33979:1747647679064:,1747647683965
counter/4/0/0/0,28529:1747647673763:,1747647683965
counter/6/0/0/0,33980:1747647679064:,1747647683965
counter/4/0/0/0,28530:1747647673763:,1747647683965
counter/6/0/0/0,33981:1747647679065:,1747647683965
counter/8/0/0/0,35157:1747647677765:,1747647683965
counter/4/0/0/0,28531:1747647673763:,1747647683965
counter/6/0/0/0,33982:1747647679065:,1747647683965
counter/4/0/0/0,28532:1747647673763:,1747647683965
counter/6/0/0/0,33983:1747647679065:,1747647683965
counter/4/0/0/0,28533:1747647673763:,1747647683965
counter/6/0/0/0,33984:1747647679090:,1747647683965
counter/4/0/0/0,28534:1747647673763:,1747647683965
counter/6/0/0/0,33985:1747647679090:,1747647683965
counter/4/0/0/0,28535:1747647673763:,1747647683965
counter/6/0/0/0,33986:1747647679090:,1747647683965
counter/4/0/0/0,28536:1747647673763:,1747647683965
counter/6/0/0/0,33987:1747647679090:,1747647683965
counter/4/0/0/0,28537:1747647673763:,1747647683965
counter/6/0/0/0,33988:1747647679091:,1747647683965
counter/4/0/0/0,28538:1747647673763:,1747647683965
counter/6/0/0/0,33989:1747647679091:,1747647683965
counter/4/0/0/0,28539:1747647673763:,1747647683965
counter/6/0/0/0,33990:1747647679091:,1747647683965
counter/4/0/0/0,28540:1747647673763:,1747647683965
counter/6/0/0/0,33991:1747647679091:,1747647683965
counter/4/0/0/0,28541:1747647673763:,1747647683965
counter/6/0/0/0,33992:1747647679091:,1747647683965
counter/4/0/0/0,28542:1747647673763:,1747647683965
counter/6/0/0/0,33993:1747647679091:,1747647683965
counter/4/0/0/0,28543:1747647673763:,1747647683965
counter/6/0/0/0,33994:1747647679091:,1747647683965
counter/4/0/0/0,28544:1747647673763:,1747647683965
counter/6/0/0/0,33995:1747647679091:,1747647683966
counter/4/0/0/0,28545:1747647673763:,1747647683966
counter/6/0/0/0,33996:1747647679091:,1747647683966
counter/4/0/0/0,28546:1747647673763:,1747647683966
counter/6/0/0/0,33997:1747647679091:,1747647683966
counter/4/0/0/0,28547:1747647673763:,1747647683966
counter/6/0/0/0,33998:1747647679093:,1747647683966
counter/4/0/0/0,28548:1747647673763:,1747647683966
counter/6/0/0/0,33999:1747647679093:,1747647683966
counter/8/0/0/0,35158:1747647677765:,1747647683966
counter/4/0/0/0,28549:1747647673766:,1747647683966
counter/6/0/0/0,34000:1747647679093:,1747647683966
counter/1/0/0/0,30017:1747647676565:,1747647683966
counter/3/0/0/0,28186:1747647673692:,1747647683966
counter/4/0/0/0,28550:1747647673766:,1747647683966
counter/6/0/0/0,34001:1747647679093:,1747647683966
counter/10/0/0/0,27883:1747647671188:,1747647683966
counter/5/0/0/0,34376:1747647677394:,1747647683966
counter/4/0/0/0,28551:1747647673766:,1747647683966
counter/6/0/0/0,34002:1747647679093:,1747647683966
counter/4/0/0/0,28552:1747647673766:,1747647683966
counter/6/0/0/0,34003:1747647679093:,1747647683966
counter/4/0/0/0,28553:1747647673766:,1747647683966
counter/6/0/0/0,34004:1747647679093:,1747647683966
counter/5/0/0/0,34377:1747647677394:,1747647683966
counter/4/0/0/0,28554:1747647673767:,1747647683966
counter/6/0/0/0,34005:1747647679093:,1747647683966
counter/4/0/0/0,28555:1747647673767:,1747647683966
counter/6/0/0/0,34006:1747647679093:,1747647683966
counter/4/0/0/0,28556:1747647673767:,1747647683966
counter/6/0/0/0,34007:1747647679093:,1747647683966
counter/4/0/0/0,28557:1747647673767:,1747647683966
counter/6/0/0/0,34008:1747647679093:,1747647683966
counter/4/0/0/0,28558:1747647673767:,1747647683966
counter/6/0/0/0,34009:1747647679093:,1747647683966
counter/4/0/0/0,28559:1747647673767:,1747647683966
counter/6/0/0/0,34010:1747647679093:,1747647683966
counter/4/0/0/0,28560:1747647673769:,1747647683966
counter/6/0/0/0,34011:1747647679093:,1747647683966
counter/4/0/0/0,28561:1747647673769:,1747647683966
counter/6/0/0/0,34012:1747647679093:,1747647683966
counter/4/0/0/0,28562:1747647673769:,1747647683966
counter/6/0/0/0,34013:1747647679093:,1747647683967
counter/4/0/0/0,28563:1747647673769:,1747647683967
counter/6/0/0/0,34014:1747647679093:,1747647683967
counter/4/0/0/0,28564:1747647673769:,1747647683967
counter/6/0/0/0,34015:1747647679093:,1747647683967
counter/3/0/0/0,28187:1747647673692:,1747647683967
counter/4/0/0/0,28565:1747647673769:,1747647683967
counter/6/0/0/0,34016:1747647679093:,1747647683967
counter/7/0/0/0,33838:1747647677975:,1747647683967
counter/8/0/0/0,35159:1747647677766:,1747647683967
counter/4/0/0/0,28566:1747647673769:,1747647683967
counter/6/0/0/0,34017:1747647679093:,1747647683967
counter/8/0/0/0,35160:1747647677766:,1747647683967
counter/4/0/0/0,28567:1747647673769:,1747647683967
counter/6/0/0/0,34018:1747647679093:,1747647683967
counter/8/0/0/0,35161:1747647677766:,1747647683967
counter/4/0/0/0,28568:1747647673769:,1747647683967
counter/6/0/0/0,34019:1747647679095:,1747647683967
counter/8/0/0/0,35162:1747647677783:,1747647683967
counter/4/0/0/0,28569:1747647673769:,1747647683967
counter/6/0/0/0,34020:1747647679095:,1747647683967
counter/8/0/0/0,35163:1747647677788:,1747647683967
counter/4/0/0/0,28570:1747647673769:,1747647683967
counter/6/0/0/0,34021:1747647679095:,1747647683967
counter/8/0/0/0,35164:1747647677788:,1747647683967
counter/4/0/0/0,28571:1747647673769:,1747647683967
counter/6/0/0/0,34022:1747647679095:,1747647683967
counter/8/0/0/0,35165:1747647677788:,1747647683967
counter/4/0/0/0,28572:1747647673769:,1747647683967
counter/6/0/0/0,34023:1747647679095:,1747647683967
counter/8/0/0/0,35166:1747647677788:,1747647683967
counter/4/0/0/0,28573:1747647673779:,1747647683967
counter/6/0/0/0,34024:1747647679096:,1747647683967
counter/8/0/0/0,35167:1747647677788:,1747647683967
counter/4/0/0/0,28574:1747647673785:,1747647683967
counter/6/0/0/0,34025:1747647679096:,1747647683967
counter/8/0/0/0,35168:1747647677791:,1747647683967
counter/7/0/0/0,33839:1747647677975:,1747647683967
counter/4/0/0/0,28575:1747647673785:,1747647683968
counter/6/0/0/0,34026:1747647679096:,1747647683968
counter/8/0/0/0,35169:1747647677791:,1747647683968
counter/10/0/0/0,27884:1747647671188:,1747647683968
counter/4/0/0/0,28576:1747647673785:,1747647683968
counter/6/0/0/0,34027:1747647679097:,1747647683968
counter/8/0/0/0,35170:1747647677791:,1747647683968
counter/4/0/0/0,28577:1747647673785:,1747647683968
counter/6/0/0/0,34028:1747647679123:,1747647683968
counter/8/0/0/0,35171:1747647677791:,1747647683968
counter/4/0/0/0,28578:1747647673785:,1747647683968
counter/6/0/0/0,34029:1747647679123:,1747647683968
counter/8/0/0/0,35172:1747647677791:,1747647683968
counter/4/0/0/0,28579:1747647673785:,1747647683968
counter/6/0/0/0,34030:1747647679123:,1747647683968
counter/8/0/0/0,35173:1747647677792:,1747647683968
counter/4/0/0/0,28580:1747647673785:,1747647683968
counter/6/0/0/0,34031:1747647679123:,1747647683968
counter/8/0/0/0,35174:1747647677792:,1747647683968
counter/3/0/0/0,28188:1747647673692:,1747647683968
counter/4/0/0/0,28581:1747647673786:,1747647683968
counter/6/0/0/0,34032:1747647679123:,1747647683968
counter/8/0/0/0,35175:1747647677792:,1747647683968
counter/3/0/0/0,28189:1747647673695:,1747647683968
counter/1/0/0/0,30018:1747647676565:,1747647683968
counter/4/0/0/0,28582:1747647673786:,1747647683968
counter/6/0/0/0,34033:1747647679123:,1747647683968
counter/8/0/0/0,35176:1747647677792:,1747647683968
counter/10/0/0/0,27885:1747647671188:,1747647683968
counter/5/0/0/0,34378:1747647677396:,1747647683968
counter/7/0/0/0,33840:1747647677975:,1747647683968
counter/4/0/0/0,28583:1747647673786:,1747647683968
counter/6/0/0/0,34034:1747647679123:,1747647683968
counter/8/0/0/0,35177:1747647677792:,1747647683968
counter/7/0/0/0,33841:1747647677975:,1747647683968
counter/4/0/0/0,28584:1747647673786:,1747647683968
counter/6/0/0/0,34035:1747647679123:,1747647683968
counter/8/0/0/0,35178:1747647677798:,1747647683968
counter/7/0/0/0,33842:1747647677975:,1747647683968
counter/5/0/0/0,34379:1747647677411:,1747647683968
counter/4/0/0/0,28585:1747647673786:,1747647683968
counter/6/0/0/0,34036:1747647679123:,1747647683969
counter/8/0/0/0,35179:1747647677818:,1747647683969
counter/7/0/0/0,33843:1747647677975:,1747647683969
counter/4/0/0/0,28586:1747647673794:,1747647683969
counter/6/0/0/0,34037:1747647679123:,1747647683969
counter/8/0/0/0,35180:1747647677832:,1747647683969
counter/7/0/0/0,33844:1747647677975:,1747647683969
counter/4/0/0/0,28587:1747647673795:,1747647683969
counter/6/0/0/0,34038:1747647679123:,1747647683969
counter/8/0/0/0,35181:1747647677832:,1747647683969
counter/7/0/0/0,33845:1747647677975:,1747647683969
counter/5/0/0/0,34380:1747647677411:,1747647683969
counter/4/0/0/0,28588:1747647673795:,1747647683969
counter/6/0/0/0,34039:1747647679123:,1747647683969
counter/8/0/0/0,35182:1747647677832:,1747647683969
counter/7/0/0/0,33846:1747647677975:,1747647683969
counter/5/0/0/0,34381:1747647677411:,1747647683969
counter/4/0/0/0,28589:1747647673796:,1747647683969
counter/6/0/0/0,34040:1747647679123:,1747647683969
counter/8/0/0/0,35183:1747647677832:,1747647683969
counter/5/0/0/0,34382:1747647677412:,1747647683969
counter/4/0/0/0,28590:1747647673796:,1747647683969
counter/5/0/0/0,34383:1747647677412:,1747647683969
counter/4/0/0/0,28591:1747647673796:,1747647683969
counter/5/0/0/0,34384:1747647677412:,1747647683969
counter/4/0/0/0,28592:1747647673796:,1747647683969
counter/5/0/0/0,34385:1747647677415:,1747647683969
counter/4/0/0/0,28593:1747647673796:,1747647683969
counter/5/0/0/0,34386:1747647677415:,1747647683969
counter/4/0/0/0,28594:1747647673796:,1747647683969
counter/5/0/0/0,34387:1747647677415:,1747647683969
counter/4/0/0/0,28595:1747647673797:,1747647683969
counter/5/0/0/0,34388:1747647677415:,1747647683969
counter/4/0/0/0,28596:1747647673797:,1747647683969
counter/5/0/0/0,34389:1747647677425:,1747647683969
counter/4/0/0/0,28597:1747647673797:,1747647683969
counter/5/0/0/0,34390:1747647677426:,1747647683970
counter/4/0/0/0,28598:1747647673797:,1747647683970
counter/5/0/0/0,34391:1747647677426:,1747647683970
counter/4/0/0/0,28599:1747647673797:,1747647683970
counter/5/0/0/0,34392:1747647677426:,1747647683970
counter/4/0/0/0,28600:1747647673797:,1747647683970
counter/5/0/0/0,34393:1747647677426:,1747647683970
counter/4/0/0/0,28601:1747647673798:,1747647683970
counter/5/0/0/0,34394:1747647677426:,1747647683970
counter/4/0/0/0,28602:1747647673803:,1747647683970
counter/5/0/0/0,34395:1747647677427:,1747647683970
counter/4/0/0/0,28603:1747647673803:,1747647683970
counter/5/0/0/0,34396:1747647677427:,1747647683970
counter/6/0/0/0,34041:1747647679127:,1747647683970
counter/4/0/0/0,28604:1747647673803:,1747647683970
counter/5/0/0/0,34397:1747647677427:,1747647683970
counter/3/0/0/0,28190:1747647673695:,1747647683970
counter/4/0/0/0,28605:1747647673803:,1747647683970
counter/5/0/0/0,34398:1747647677427:,1747647683970
counter/4/0/0/0,28606:1747647673803:,1747647683970
counter/5/0/0/0,34399:1747647677427:,1747647683970
counter/4/0/0/0,28607:1747647673803:,1747647683970
counter/5/0/0/0,34400:1747647677427:,1747647683970
counter/4/0/0/0,28608:1747647673803:,1747647683970
counter/5/0/0/0,34401:1747647677427:,1747647683970
counter/4/0/0/0,28609:1747647673803:,1747647683970
counter/5/0/0/0,34402:1747647677427:,1747647683970
counter/4/0/0/0,28610:1747647673803:,1747647683970
counter/5/0/0/0,34403:1747647677429:,1747647683970
counter/4/0/0/0,28611:1747647673803:,1747647683970
counter/5/0/0/0,34404:1747647677429:,1747647683970
counter/4/0/0/0,28612:1747647673830:,1747647683970
counter/5/0/0/0,34405:1747647677429:,1747647683970
counter/4/0/0/0,28613:1747647673830:,1747647683970
counter/5/0/0/0,34406:1747647677453:,1747647683970
counter/4/0/0/0,28614:1747647673830:,1747647683971
counter/5/0/0/0,34407:1747647677453:,1747647683971
counter/4/0/0/0,28615:1747647673830:,1747647683971
counter/5/0/0/0,34408:1747647677457:,1747647683971
counter/4/0/0/0,28616:1747647673830:,1747647683971
counter/5/0/0/0,34409:1747647677457:,1747647683971
counter/4/0/0/0,28617:1747647673848:,1747647683971
counter/5/0/0/0,34410:1747647677457:,1747647683971
counter/4/0/0/0,28618:1747647673849:,1747647683971
counter/5/0/0/0,34411:1747647677457:,1747647683971
counter/4/0/0/0,28619:1747647673849:,1747647683971
counter/5/0/0/0,34412:1747647677457:,1747647683971
counter/4/0/0/0,28620:1747647673849:,1747647683971
counter/5/0/0/0,34413:1747647677457:,1747647683971
counter/4/0/0/0,28621:1747647673852:,1747647683971
counter/5/0/0/0,34414:1747647677458:,1747647683971
counter/4/0/0/0,28622:1747647673852:,1747647683971
counter/5/0/0/0,34415:1747647677458:,1747647683971
counter/4/0/0/0,28623:1747647673852:,1747647683971
counter/5/0/0/0,34416:1747647677458:,1747647683971
counter/4/0/0/0,28624:1747647673853:,1747647683971
counter/5/0/0/0,34417:1747647677458:,1747647683971
counter/7/0/0/0,33847:1747647677975:,1747647683971
counter/4/0/0/0,28625:1747647673853:,1747647683971
counter/5/0/0/0,34418:1747647677458:,1747647683971
counter/8/0/0/0,35184:1747647677832:,1747647683971
counter/6/0/0/0,34042:1747647679156:,1747647683971
counter/10/0/0/0,27886:1747647671188:,1747647683971
counter/4/0/0/0,28626:1747647673853:,1747647683971
counter/3/0/0/0,28191:1747647673695:,1747647683971
counter/4/0/0/0,28627:1747647673853:,1747647683971
counter/4/0/0/0,28628:1747647673853:,1747647683971
counter/4/0/0/0,28629:1747647673853:,1747647683971
counter/4/0/0/0,28630:1747647673853:,1747647683971
counter/4/0/0/0,28631:1747647673853:,1747647683971
counter/4/0/0/0,28632:1747647673853:,1747647683971
counter/4/0/0/0,28633:1747647673853:,1747647683971
counter/4/0/0/0,28634:1747647673853:,1747647683971
counter/4/0/0/0,28635:1747647673864:,1747647683971
counter/4/0/0/0,28636:1747647673864:,1747647683971
counter/4/0/0/0,28637:1747647673864:,1747647683972
counter/4/0/0/0,28638:1747647673864:,1747647683972
counter/4/0/0/0,28639:1747647673864:,1747647683972
counter/4/0/0/0,28640:1747647673864:,1747647683972
counter/4/0/0/0,28641:1747647673864:,1747647683972
counter/4/0/0/0,28642:1747647673864:,1747647683972
counter/4/0/0/0,28643:1747647673864:,1747647683972
counter/4/0/0/0,28644:1747647673864:,1747647683972
counter/4/0/0/0,28645:1747647673865:,1747647683972
counter/4/0/0/0,28646:1747647673865:,1747647683972
counter/4/0/0/0,28647:1747647673865:,1747647683972
counter/4/0/0/0,28648:1747647673865:,1747647683972
counter/4/0/0/0,28649:1747647673865:,1747647683972
counter/4/0/0/0,28650:1747647673865:,1747647683972
counter/4/0/0/0,28651:1747647673865:,1747647683972
counter/4/0/0/0,28652:1747647673865:,1747647683972
counter/4/0/0/0,28653:1747647673865:,1747647683972
counter/4/0/0/0,28654:1747647673865:,1747647683972
counter/4/0/0/0,28655:1747647673865:,1747647683972
counter/4/0/0/0,28656:1747647673866:,1747647683972
counter/4/0/0/0,28657:1747647673866:,1747647683972
counter/4/0/0/0,28658:1747647673866:,1747647683972
counter/4/0/0/0,28659:1747647673866:,1747647683972
counter/4/0/0/0,28660:1747647673866:,1747647683972
counter/4/0/0/0,28661:1747647673866:,1747647683972
counter/4/0/0/0,28662:1747647673866:,1747647683972
counter/4/0/0/0,28663:1747647673866:,1747647683972
counter/4/0/0/0,28664:1747647673866:,1747647683972
counter/4/0/0/0,28665:1747647673875:,1747647683972
counter/4/0/0/0,28666:1747647673881:,1747647683972
counter/4/0/0/0,28667:1747647673881:,1747647683972
counter/4/0/0/0,28668:1747647673881:,1747647683972
counter/4/0/0/0,28669:1747647673881:,1747647683972
counter/4/0/0/0,28670:1747647673881:,1747647683972
counter/4/0/0/0,28671:1747647673881:,1747647683972
counter/4/0/0/0,28672:1747647673881:,1747647683972
counter/4/0/0/0,28673:1747647673881:,1747647683972
counter/3/0/0/0,28192:1747647673695:,1747647683972
counter/4/0/0/0,28674:1747647673881:,1747647683972
counter/10/0/0/0,27887:1747647671188:,1747647683972
counter/4/0/0/0,28675:1747647673881:,1747647683972
counter/4/0/0/0,28676:1747647673881:,1747647683973
counter/4/0/0/0,28677:1747647673882:,1747647683973
counter/4/0/0/0,28678:1747647673882:,1747647683973
counter/4/0/0/0,28679:1747647673882:,1747647683973
counter/4/0/0/0,28680:1747647673882:,1747647683973
counter/4/0/0/0,28681:1747647673882:,1747647683973
counter/4/0/0/0,28682:1747647673882:,1747647683973
counter/4/0/0/0,28683:1747647673882:,1747647683973
counter/3/0/0/0,28193:1747647673695:,1747647683973
counter/4/0/0/0,28684:1747647673882:,1747647683973
counter/10/0/0/0,27888:1747647671189:,1747647683973
counter/4/0/0/0,28685:1747647673882:,1747647683973
counter/7/0/0/0,33848:1747647677975:,1747647683973
counter/4/0/0/0,28686:1747647673882:,1747647683973
counter/4/0/0/0,28687:1747647673882:,1747647683973
counter/4/0/0/0,28688:1747647673882:,1747647683973
counter/4/0/0/0,28689:1747647673882:,1747647683973
counter/4/0/0/0,28690:1747647673882:,1747647683973
counter/4/0/0/0,28691:1747647673882:,1747647683973
counter/4/0/0/0,28692:1747647673882:,1747647683973
counter/4/0/0/0,28693:1747647673882:,1747647683973
counter/4/0/0/0,28694:1747647673882:,1747647683973
counter/4/0/0/0,28695:1747647673882:,1747647683973
counter/4/0/0/0,28696:1747647673882:,1747647683973
counter/4/0/0/0,28697:1747647673882:,1747647683973
counter/4/0/0/0,28698:1747647673882:,1747647683973
counter/4/0/0/0,28699:1747647673882:,1747647683973
counter/4/0/0/0,28700:1747647673882:,1747647683973
counter/4/0/0/0,28701:1747647673882:,1747647683973
counter/6/0/0/0,34043:1747647679156:,1747647683973
counter/4/0/0/0,28702:1747647673882:,1747647683973
counter/3/0/0/0,28194:1747647673695:,1747647683973
counter/10/0/0/0,27889:1747647671189:,1747647683973
counter/4/0/0/0,28703:1747647673882:,1747647683973
counter/7/0/0/0,33849:1747647677975:,1747647683973
counter/4/0/0/0,28704:1747647673882:,1747647683973
counter/4/0/0/0,28705:1747647673882:,1747647683973
counter/4/0/0/0,28706:1747647673882:,1747647683973
counter/4/0/0/0,28707:1747647673882:,1747647683973
counter/4/0/0/0,28708:1747647673882:,1747647683974
counter/4/0/0/0,28709:1747647673882:,1747647683974
counter/7/0/0/0,33850:1747647677975:,1747647683974
counter/4/0/0/0,28710:1747647673883:,1747647683974
counter/4/0/0/0,28711:1747647673883:,1747647683974
counter/4/0/0/0,28712:1747647673883:,1747647683974
counter/4/0/0/0,28713:1747647673883:,1747647683974
counter/4/0/0/0,28714:1747647673883:,1747647683974
counter/4/0/0/0,28715:1747647673883:,1747647683974
counter/4/0/0/0,28716:1747647673883:,1747647683974
counter/4/0/0/0,28717:1747647673883:,1747647683974
counter/4/0/0/0,28718:1747647673883:,1747647683974
counter/4/0/0/0,28719:1747647673883:,1747647683974
counter/4/0/0/0,28720:1747647673883:,1747647683974
counter/4/0/0/0,28721:1747647673883:,1747647683974
counter/4/0/0/0,28722:1747647673883:,1747647683974
counter/4/0/0/0,28723:1747647673883:,1747647683974
counter/4/0/0/0,28724:1747647673883:,1747647683974
counter/4/0/0/0,28725:1747647673883:,1747647683974
counter/4/0/0/0,28726:1747647673883:,1747647683974
counter/4/0/0/0,28727:1747647673883:,1747647683974
counter/4/0/0/0,28728:1747647673883:,1747647683974
counter/4/0/0/0,28729:1747647673883:,1747647683974
counter/4/0/0/0,28730:1747647673883:,1747647683974
counter/4/0/0/0,28731:1747647673883:,1747647683974
counter/4/0/0/0,28732:1747647673883:,1747647683974
counter/4/0/0/0,28733:1747647673884:,1747647683974
counter/4/0/0/0,28734:1747647673884:,1747647683974
counter/4/0/0/0,28735:1747647673884:,1747647683974
counter/4/0/0/0,28736:1747647673884:,1747647683974
counter/4/0/0/0,28737:1747647673884:,1747647683974
counter/4/0/0/0,28738:1747647673884:,1747647683974
counter/4/0/0/0,28739:1747647673889:,1747647683974
counter/4/0/0/0,28740:1747647673893:,1747647683974
counter/4/0/0/0,28741:1747647673894:,1747647683974
counter/7/0/0/0,33851:1747647677975:,1747647683974
counter/4/0/0/0,28742:1747647673894:,1747647683974
counter/7/0/0/0,33852:1747647677975:,1747647683974
counter/4/0/0/0,28743:1747647673894:,1747647683975
counter/7/0/0/0,33853:1747647677975:,1747647683975
counter/4/0/0/0,28744:1747647673894:,1747647683975
counter/7/0/0/0,33854:1747647677979:,1747647683975
counter/8/0/0/0,35185:1747647677832:,1747647683975
counter/4/0/0/0,28745:1747647673894:,1747647683975
counter/7/0/0/0,33855:1747647677979:,1747647683975
counter/3/0/0/0,28195:1747647673696:,1747647683975
counter/4/0/0/0,28746:1747647673894:,1747647683975
counter/7/0/0/0,33856:1747647677979:,1747647683975
counter/4/0/0/0,28747:1747647673894:,1747647683975
counter/4/0/0/0,28748:1747647673894:,1747647683975
counter/4/0/0/0,28749:1747647673894:,1747647683975
counter/4/0/0/0,28750:1747647673894:,1747647683975
counter/4/0/0/0,28751:1747647673895:,1747647683975
counter/4/0/0/0,28752:1747647673895:,1747647683975
counter/4/0/0/0,28753:1747647673895:,1747647683975
counter/4/0/0/0,28754:1747647673899:,1747647683975
counter/4/0/0/0,28755:1747647673900:,1747647683975
counter/4/0/0/0,28756:1747647673900:,1747647683975
counter/4/0/0/0,28757:1747647673900:,1747647683975
counter/4/0/0/0,28758:1747647673900:,1747647683975
counter/4/0/0/0,28759:1747647673900:,1747647683975
counter/4/0/0/0,28760:1747647673900:,1747647683975
counter/7/0/0/0,33857:1747647677979:,1747647683975
counter/4/0/0/0,28761:1747647673900:,1747647683975
counter/4/0/0/0,28762:1747647673900:,1747647683975
counter/4/0/0/0,28763:1747647673900:,1747647683975
counter/4/0/0/0,28764:1747647673900:,1747647683975
counter/4/0/0/0,28765:1747647673900:,1747647683975
counter/4/0/0/0,28766:1747647673901:,1747647683975
counter/4/0/0/0,28767:1747647673901:,1747647683975
counter/4/0/0/0,28768:1747647673901:,1747647683975
counter/4/0/0/0,28769:1747647673901:,1747647683975
counter/4/0/0/0,28770:1747647673901:,1747647683975
counter/6/0/0/0,34044:1747647679156:,1747647683975
counter/4/0/0/0,28771:1747647673909:,1747647683975
counter/10/0/0/0,27890:1747647671191:,1747647683975
counter/4/0/0/0,28772:1747647673909:,1747647683975
counter/4/0/0/0,28773:1747647673909:,1747647683975
counter/4/0/0/0,28774:1747647673912:,1747647683976
counter/4/0/0/0,28775:1747647673912:,1747647683976
counter/4/0/0/0,28776:1747647673912:,1747647683976
counter/3/0/0/0,28196:1747647673696:,1747647683976
counter/4/0/0/0,28777:1747647673912:,1747647683976
counter/6/0/0/0,34045:1747647679156:,1747647683976
counter/4/0/0/0,28778:1747647673912:,1747647683976
counter/10/0/0/0,27891:1747647671191:,1747647683976
counter/7/0/0/0,33858:1747647677979:,1747647683976
counter/4/0/0/0,28779:1747647673912:,1747647683976
counter/4/0/0/0,28780:1747647673912:,1747647683976
counter/4/0/0/0,28781:1747647673912:,1747647683976
counter/4/0/0/0,28782:1747647673912:,1747647683976
counter/4/0/0/0,28783:1747647673912:,1747647683976
counter/4/0/0/0,28784:1747647673912:,1747647683976
counter/4/0/0/0,28785:1747647673912:,1747647683976
counter/4/0/0/0,28786:1747647673912:,1747647683976
counter/4/0/0/0,28787:1747647673912:,1747647683976
counter/4/0/0/0,28788:1747647673912:,1747647683976
counter/4/0/0/0,28789:1747647673912:,1747647683976
counter/4/0/0/0,28790:1747647673912:,1747647683976
counter/7/0/0/0,33859:1747647677979:,1747647683976
counter/4/0/0/0,28791:1747647673912:,1747647683976
counter/1/0/0/0,30019:1747647676565:,1747647683976
counter/4/0/0/0,28792:1747647673913:,1747647683976
counter/1/0/0/0,30020:1747647676565:,1747647683976
counter/4/0/0/0,28793:1747647673913:,1747647683976
counter/1/0/0/0,30021:1747647676565:,1747647683976
counter/3/0/0/0,28197:1747647673696:,1747647683976
counter/4/0/0/0,28794:1747647673913:,1747647683976
counter/7/0/0/0,33860:1747647677979:,1747647683976
counter/4/0/0/0,28795:1747647673913:,1747647683976
counter/7/0/0/0,33861:1747647677979:,1747647683976
counter/4/0/0/0,28796:1747647673913:,1747647683976
counter/7/0/0/0,33862:1747647677984:,1747647683976
counter/4/0/0/0,28797:1747647673913:,1747647683976
counter/4/0/0/0,28798:1747647673913:,1747647683976
counter/4/0/0/0,28799:1747647673913:,1747647683977
counter/4/0/0/0,28800:1747647673915:,1747647683977
counter/4/0/0/0,28801:1747647673915:,1747647683977
counter/4/0/0/0,28802:1747647673915:,1747647683977
counter/4/0/0/0,28803:1747647673915:,1747647683977
counter/4/0/0/0,28804:1747647673915:,1747647683977
counter/4/0/0/0,28805:1747647673915:,1747647683977
counter/4/0/0/0,28806:1747647673915:,1747647683977
counter/4/0/0/0,28807:1747647673915:,1747647683977
counter/4/0/0/0,28808:1747647673915:,1747647683977
counter/4/0/0/0,28809:1747647673915:,1747647683977
counter/4/0/0/0,28810:1747647673915:,1747647683977
counter/10/0/0/0,27892:1747647671191:,1747647683977
counter/4/0/0/0,28811:1747647673915:,1747647683977
counter/4/0/0/0,28812:1747647673915:,1747647683977
counter/4/0/0/0,28813:1747647673915:,1747647683977
counter/4/0/0/0,28814:1747647673915:,1747647683977
counter/4/0/0/0,28815:1747647673915:,1747647683977
counter/4/0/0/0,28816:1747647673915:,1747647683977
counter/4/0/0/0,28817:1747647673915:,1747647683977
counter/4/0/0/0,28818:1747647673915:,1747647683977
counter/4/0/0/0,28819:1747647673915:,1747647683977
counter/4/0/0/0,28820:1747647673915:,1747647683977
counter/7/0/0/0,33863:1747647677984:,1747647683977
counter/4/0/0/0,28821:1747647673915:,1747647683977
counter/1/0/0/0,30022:1747647676565:,1747647683977
counter/10/0/0/0,27893:1747647671191:,1747647683977
counter/4/0/0/0,28822:1747647673915:,1747647683977
counter/6/0/0/0,34046:1747647679174:,1747647683977
counter/4/0/0/0,28823:1747647673915:,1747647683977
counter/4/0/0/0,28824:1747647673915:,1747647683977
counter/4/0/0/0,28825:1747647673915:,1747647683977
counter/4/0/0/0,28826:1747647673917:,1747647683977
counter/4/0/0/0,28827:1747647673917:,1747647683977
counter/4/0/0/0,28828:1747647673917:,1747647683977
counter/4/0/0/0,28829:1747647673917:,1747647683977
counter/4/0/0/0,28830:1747647673917:,1747647683977
counter/4/0/0/0,28831:1747647673917:,1747647683977
counter/4/0/0/0,28832:1747647673918:,1747647683977
counter/4/0/0/0,28833:1747647673918:,1747647683977
counter/4/0/0/0,28834:1747647673918:,1747647683978
counter/4/0/0/0,28835:1747647673918:,1747647683978
counter/4/0/0/0,28836:1747647673918:,1747647683978
counter/4/0/0/0,28837:1747647673918:,1747647683978
counter/4/0/0/0,28838:1747647673918:,1747647683978
counter/4/0/0/0,28839:1747647673918:,1747647683978
counter/4/0/0/0,28840:1747647673918:,1747647683978
counter/4/0/0/0,28841:1747647673918:,1747647683978
counter/3/0/0/0,28198:1747647673696:,1747647683978
counter/4/0/0/0,28842:1747647673918:,1747647683978
counter/8/0/0/0,35186:1747647677832:,1747647683978
counter/4/0/0/0,28843:1747647673918:,1747647683978
counter/10/0/0/0,27894:1747647671191:,1747647683978
counter/4/0/0/0,28844:1747647673918:,1747647683978
counter/7/0/0/0,33864:1747647677984:,1747647683978
counter/4/0/0/0,28845:1747647673919:,1747647683978
counter/7/0/0/0,33865:1747647677984:,1747647683978
counter/4/0/0/0,28846:1747647673919:,1747647683978
counter/7/0/0/0,33866:1747647677984:,1747647683978
counter/4/0/0/0,28847:1747647673919:,1747647683978
counter/7/0/0/0,33867:1747647677984:,1747647683978
counter/4/0/0/0,28848:1747647673919:,1747647683978
counter/7/0/0/0,33868:1747647677984:,1747647683978
counter/4/0/0/0,28849:1747647673919:,1747647683978
counter/7/0/0/0,33869:1747647677984:,1747647683978
counter/4/0/0/0,28850:1747647673919:,1747647683978
counter/7/0/0/0,33870:1747647677984:,1747647683978
counter/4/0/0/0,28851:1747647673919:,1747647683978
counter/7/0/0/0,33871:1747647677988:,1747647683978
counter/4/0/0/0,28852:1747647673919:,1747647683978
counter/7/0/0/0,33872:1747647677988:,1747647683978
counter/4/0/0/0,28853:1747647673919:,1747647683978
counter/7/0/0/0,33873:1747647677988:,1747647683978
counter/4/0/0/0,28854:1747647673919:,1747647683978
counter/7/0/0/0,33874:1747647677988:,1747647683978
counter/4/0/0/0,28855:1747647673919:,1747647683978
counter/7/0/0/0,33875:1747647677988:,1747647683978
counter/4/0/0/0,28856:1747647673919:,1747647683978
counter/7/0/0/0,33876:1747647677988:,1747647683978
counter/4/0/0/0,28857:1747647673926:,1747647683978
counter/7/0/0/0,33877:1747647677988:,1747647683978
counter/4/0/0/0,28858:1747647673927:,1747647683978
counter/7/0/0/0,33878:1747647677988:,1747647683978
counter/4/0/0/0,28859:1747647673927:,1747647683979
counter/7/0/0/0,33879:1747647677988:,1747647683979
counter/4/0/0/0,28860:1747647673927:,1747647683979
counter/7/0/0/0,33880:1747647677988:,1747647683979
counter/4/0/0/0,28861:1747647673927:,1747647683979
counter/7/0/0/0,33881:1747647677988:,1747647683979
counter/4/0/0/0,28862:1747647673927:,1747647683979
counter/7/0/0/0,33882:1747647677988:,1747647683979
counter/4/0/0/0,28863:1747647673927:,1747647683979
counter/7/0/0/0,33883:1747647677988:,1747647683979
counter/4/0/0/0,28864:1747647673927:,1747647683979
counter/7/0/0/0,33884:1747647677988:,1747647683979
counter/4/0/0/0,28865:1747647673927:,1747647683979
counter/7/0/0/0,33885:1747647677988:,1747647683979
counter/10/0/0/0,27895:1747647671191:,1747647683979
counter/4/0/0/0,28866:1747647673927:,1747647683979
counter/7/0/0/0,33886:1747647677988:,1747647683979
counter/4/0/0/0,28867:1747647673927:,1747647683979
counter/7/0/0/0,33887:1747647677988:,1747647683979
counter/4/0/0/0,28868:1747647673927:,1747647683979
counter/7/0/0/0,33888:1747647677988:,1747647683979
counter/4/0/0/0,28869:1747647673927:,1747647683979
counter/7/0/0/0,33889:1747647677988:,1747647683979
counter/4/0/0/0,28870:1747647673927:,1747647683979
counter/7/0/0/0,33890:1747647677988:,1747647683979
counter/4/0/0/0,28871:1747647673927:,1747647683979
counter/7/0/0/0,33891:1747647677991:,1747647683979
counter/4/0/0/0,28872:1747647673927:,1747647683979
counter/7/0/0/0,33892:1747647677991:,1747647683979
counter/4/0/0/0,28873:1747647673929:,1747647683979
counter/7/0/0/0,33893:1747647677991:,1747647683979
counter/4/0/0/0,28874:1747647673929:,1747647683979
counter/7/0/0/0,33894:1747647677991:,1747647683979
counter/4/0/0/0,28875:1747647673929:,1747647683979
counter/7/0/0/0,33895:1747647677991:,1747647683979
counter/4/0/0/0,28876:1747647673930:,1747647683979
counter/7/0/0/0,33896:1747647677991:,1747647683979
counter/4/0/0/0,28877:1747647673930:,1747647683979
counter/4/0/0/0,28878:1747647673930:,1747647683979
counter/7/0/0/0,33897:1747647677991:,1747647683979
counter/4/0/0/0,28879:1747647673930:,1747647683979
counter/7/0/0/0,33898:1747647677992:,1747647683979
counter/10/0/0/0,27896:1747647671191:,1747647683980
counter/4/0/0/0,28880:1747647673930:,1747647683980
counter/7/0/0/0,33899:1747647677992:,1747647683980
counter/6/0/0/0,34047:1747647679174:,1747647683980
counter/4/0/0/0,28881:1747647673930:,1747647683980
counter/7/0/0/0,33900:1747647677992:,1747647683980
counter/4/0/0/0,28882:1747647673930:,1747647683980
counter/7/0/0/0,33901:1747647677992:,1747647683980
counter/3/0/0/0,28199:1747647673696:,1747647683980
counter/4/0/0/0,28883:1747647673930:,1747647683980
counter/7/0/0/0,33902:1747647677992:,1747647683980
counter/10/0/0/0,27897:1747647671191:,1747647683980
counter/6/0/0/0,34048:1747647679174:,1747647683980
counter/4/0/0/0,28884:1747647673930:,1747647683980
counter/7/0/0/0,33903:1747647677992:,1747647683980
counter/6/0/0/0,34049:1747647679174:,1747647683980
counter/8/0/0/0,35187:1747647677832:,1747647683980
counter/4/0/0/0,28885:1747647673930:,1747647683980
counter/7/0/0/0,33904:1747647677992:,1747647683980
counter/6/0/0/0,34050:1747647679174:,1747647683980
counter/3/0/0/0,28200:1747647673696:,1747647683980
counter/4/0/0/0,28886:1747647673930:,1747647683980
counter/7/0/0/0,33905:1747647677992:,1747647683980
counter/6/0/0/0,34051:1747647679174:,1747647683980
counter/10/0/0/0,27898:1747647671191:,1747647683980
counter/4/0/0/0,28887:1747647673930:,1747647683980
counter/7/0/0/0,33906:1747647677992:,1747647683980
counter/6/0/0/0,34052:1747647679174:,1747647683980
counter/4/0/0/0,28888:1747647673930:,1747647683980
counter/7/0/0/0,33907:1747647677992:,1747647683980
counter/4/0/0/0,28889:1747647673930:,1747647683980
counter/7/0/0/0,33908:1747647677992:,1747647683980
counter/4/0/0/0,28890:1747647673930:,1747647683980
counter/7/0/0/0,33909:1747647677992:,1747647683980
counter/4/0/0/0,28891:1747647673930:,1747647683980
counter/6/0/0/0,34053:1747647679174:,1747647683980
counter/4/0/0/0,28892:1747647673930:,1747647683980
counter/4/0/0/0,28893:1747647673930:,1747647683980
counter/4/0/0/0,28894:1747647673930:,1747647683980
counter/4/0/0/0,28895:1747647673930:,1747647683980
counter/4/0/0/0,28896:1747647673930:,1747647683980
counter/4/0/0/0,28897:1747647673930:,1747647683980
counter/4/0/0/0,28898:1747647673930:,1747647683980
counter/4/0/0/0,28899:1747647673936:,1747647683980
counter/4/0/0/0,28900:1747647673936:,1747647683980
counter/6/0/0/0,34054:1747647679200:,1747647683981
counter/4/0/0/0,28901:1747647673936:,1747647683981
counter/8/0/0/0,35188:1747647677832:,1747647683981
counter/4/0/0/0,28902:1747647673936:,1747647683981
counter/3/0/0/0,28201:1747647673696:,1747647683981
counter/4/0/0/0,28903:1747647673936:,1747647683981
counter/4/0/0/0,28904:1747647673936:,1747647683981
counter/4/0/0/0,28905:1747647673936:,1747647683981
counter/4/0/0/0,28906:1747647673936:,1747647683981
counter/4/0/0/0,28907:1747647673936:,1747647683981
counter/4/0/0/0,28908:1747647673936:,1747647683981
counter/4/0/0/0,28909:1747647673937:,1747647683981
counter/4/0/0/0,28910:1747647673937:,1747647683981
counter/4/0/0/0,28911:1747647673937:,1747647683981
counter/4/0/0/0,28912:1747647673937:,1747647683981
counter/4/0/0/0,28913:1747647673940:,1747647683981
counter/4/0/0/0,28914:1747647673940:,1747647683981
counter/4/0/0/0,28915:1747647673940:,1747647683981
counter/4/0/0/0,28916:1747647673941:,1747647683981
counter/4/0/0/0,28917:1747647673941:,1747647683981
counter/4/0/0/0,28918:1747647673941:,1747647683981
counter/4/0/0/0,28919:1747647673941:,1747647683981
counter/4/0/0/0,28920:1747647673941:,1747647683981
counter/6/0/0/0,34055:1747647679200:,1747647683981
counter/4/0/0/0,28921:1747647673941:,1747647683981
counter/6/0/0/0,34056:1747647679200:,1747647683981
counter/4/0/0/0,28922:1747647673941:,1747647683981
counter/6/0/0/0,34057:1747647679200:,1747647683981
counter/4/0/0/0,28923:1747647673941:,1747647683981
counter/6/0/0/0,34058:1747647679200:,1747647683981
counter/1/0/0/0,30023:1747647676565:,1747647683981
counter/4/0/0/0,28924:1747647673941:,1747647683981
counter/6/0/0/0,34059:1747647679200:,1747647683981
counter/8/0/0/0,35189:1747647677832:,1747647683981
counter/4/0/0/0,28925:1747647673941:,1747647683981
counter/8/0/0/0,35190:1747647677832:,1747647683981
counter/4/0/0/0,28926:1747647673941:,1747647683981
counter/8/0/0/0,35191:1747647677832:,1747647683981
counter/4/0/0/0,28927:1747647673941:,1747647683981
counter/8/0/0/0,35192:1747647677836:,1747647683981
counter/4/0/0/0,28928:1747647673941:,1747647683981
counter/8/0/0/0,35193:1747647677836:,1747647683981
counter/4/0/0/0,28929:1747647673941:,1747647683982
counter/8/0/0/0,35194:1747647677836:,1747647683982
counter/4/0/0/0,28930:1747647673944:,1747647683982
counter/8/0/0/0,35195:1747647677836:,1747647683982
counter/4/0/0/0,28931:1747647673944:,1747647683982
counter/8/0/0/0,35196:1747647677836:,1747647683982
counter/4/0/0/0,28932:1747647673944:,1747647683982
counter/8/0/0/0,35197:1747647677836:,1747647683982
counter/7/0/0/0,33910:1747647677992:,1747647683982
counter/4/0/0/0,28933:1747647673944:,1747647683982
counter/8/0/0/0,35198:1747647677836:,1747647683982
counter/1/0/0/0,30024:1747647676565:,1747647683982
counter/3/0/0/0,28202:1747647673696:,1747647683982
counter/4/0/0/0,28934:1747647673944:,1747647683982
counter/8/0/0/0,35199:1747647677836:,1747647683982
counter/10/0/0/0,27899:1747647671191:,1747647683982
counter/4/0/0/0,28935:1747647673944:,1747647683982
counter/8/0/0/0,35200:1747647677836:,1747647683982
counter/4/0/0/0,28936:1747647673944:,1747647683982
counter/8/0/0/0,35201:1747647677836:,1747647683982
counter/4/0/0/0,28937:1747647673944:,1747647683982
counter/8/0/0/0,35202:1747647677836:,1747647683982
counter/6/0/0/0,34060:1747647679200:,1747647683982
counter/4/0/0/0,28938:1747647673944:,1747647683982
counter/8/0/0/0,35203:1747647677836:,1747647683982
counter/4/0/0/0,28939:1747647673944:,1747647683982
counter/8/0/0/0,35204:1747647677840:,1747647683982
counter/4/0/0/0,28940:1747647673944:,1747647683982
counter/8/0/0/0,35205:1747647677840:,1747647683982
counter/7/0/0/0,33911:1747647677992:,1747647683982
counter/4/0/0/0,28941:1747647673944:,1747647683982
counter/8/0/0/0,35206:1747647677840:,1747647683982
counter/3/0/0/0,28203:1747647673696:,1747647683982
counter/4/0/0/0,28942:1747647673944:,1747647683982
counter/4/0/0/0,28943:1747647673946:,1747647683982
counter/4/0/0/0,28944:1747647673946:,1747647683982
counter/4/0/0/0,28945:1747647673946:,1747647683982
counter/4/0/0/0,28946:1747647673946:,1747647683982
counter/4/0/0/0,28947:1747647673946:,1747647683983
counter/4/0/0/0,28948:1747647673946:,1747647683983
counter/4/0/0/0,28949:1747647673955:,1747647683983
counter/4/0/0/0,28950:1747647673955:,1747647683983
counter/4/0/0/0,28951:1747647673955:,1747647683983
counter/4/0/0/0,28952:1747647673955:,1747647683983
counter/4/0/0/0,28953:1747647673955:,1747647683983
counter/4/0/0/0,28954:1747647673955:,1747647683983
counter/4/0/0/0,28955:1747647673957:,1747647683983
counter/4/0/0/0,28956:1747647673957:,1747647683983
counter/4/0/0/0,28957:1747647673957:,1747647683983
counter/4/0/0/0,28958:1747647673957:,1747647683983
counter/4/0/0/0,28959:1747647673957:,1747647683983
counter/4/0/0/0,28960:1747647673957:,1747647683983
counter/4/0/0/0,28961:1747647673957:,1747647683983
counter/4/0/0/0,28962:1747647673974:,1747647683983
counter/4/0/0/0,28963:1747647673975:,1747647683983
counter/4/0/0/0,28964:1747647673975:,1747647683983
counter/4/0/0/0,28965:1747647673975:,1747647683983
counter/4/0/0/0,28966:1747647673975:,1747647683983
counter/4/0/0/0,28967:1747647673975:,1747647683983
counter/4/0/0/0,28968:1747647673975:,1747647683983
counter/4/0/0/0,28969:1747647673975:,1747647683983
counter/4/0/0/0,28970:1747647673975:,1747647683983
counter/4/0/0/0,28971:1747647673975:,1747647683983
counter/4/0/0/0,28972:1747647673975:,1747647683983
counter/4/0/0/0,28973:1747647673975:,1747647683983
counter/4/0/0/0,28974:1747647673975:,1747647683983
counter/4/0/0/0,28975:1747647673975:,1747647683983
counter/4/0/0/0,28976:1747647673975:,1747647683983
counter/4/0/0/0,28977:1747647673975:,1747647683983
counter/4/0/0/0,28978:1747647673975:,1747647683983
counter/4/0/0/0,28979:1747647673982:,1747647683983
counter/4/0/0/0,28980:1747647673982:,1747647683983
counter/4/0/0/0,28981:1747647673983:,1747647683983
counter/4/0/0/0,28982:1747647673983:,1747647683983
counter/4/0/0/0,28983:1747647673983:,1747647683983
counter/4/0/0/0,28984:1747647673983:,1747647683983
counter/4/0/0/0,28985:1747647673983:,1747647683983
counter/4/0/0/0,28986:1747647673983:,1747647683984
counter/4/0/0/0,28987:1747647673983:,1747647683984
counter/4/0/0/0,28988:1747647673988:,1747647683984
counter/4/0/0/0,28989:1747647673988:,1747647683984
counter/4/0/0/0,28990:1747647673988:,1747647683984
counter/4/0/0/0,28991:1747647673988:,1747647683984
counter/4/0/0/0,28992:1747647673988:,1747647683984
counter/4/0/0/0,28993:1747647673988:,1747647683984
counter/4/0/0/0,28994:1747647673988:,1747647683984
counter/6/0/0/0,34061:1747647679200:,1747647683984
counter/4/0/0/0,28995:1747647673988:,1747647683984
counter/6/0/0/0,34062:1747647679200:,1747647683984
counter/4/0/0/0,28996:1747647673988:,1747647683984
counter/6/0/0/0,34063:1747647679200:,1747647683984
counter/4/0/0/0,28997:1747647673988:,1747647683984
counter/4/0/0/0,28998:1747647673988:,1747647683984
counter/4/0/0/0,28999:1747647673988:,1747647683984
counter/4/0/0/0,29000:1747647673988:,1747647683984
counter/4/0/0/0,29001:1747647673988:,1747647683984
counter/4/0/0/0,29002:1747647673989:,1747647683984
counter/4/0/0/0,29003:1747647673990:,1747647683984
counter/4/0/0/0,29004:1747647673990:,1747647683984
counter/4/0/0/0,29005:1747647673990:,1747647683984
counter/4/0/0/0,29006:1747647673990:,1747647683984
counter/4/0/0/0,29007:1747647673990:,1747647683984
counter/4/0/0/0,29008:1747647673990:,1747647683984
counter/4/0/0/0,29009:1747647673990:,1747647683984
counter/4/0/0/0,29010:1747647673990:,1747647683984
counter/4/0/0/0,29011:1747647673990:,1747647683984
counter/10/0/0/0,27900:1747647671191:,1747647683984
counter/4/0/0/0,29012:1747647673991:,1747647683984
counter/6/0/0/0,34064:1747647679200:,1747647683984
counter/4/0/0/0,29013:1747647673991:,1747647683984
counter/6/0/0/0,34065:1747647679200:,1747647683984
counter/4/0/0/0,29014:1747647673991:,1747647683984
counter/6/0/0/0,34066:1747647679200:,1747647683984
counter/4/0/0/0,29015:1747647673991:,1747647683984
counter/6/0/0/0,34067:1747647679200:,1747647683984
counter/4/0/0/0,29016:1747647673991:,1747647683984
counter/6/0/0/0,34068:1747647679200:,1747647683984
counter/4/0/0/0,29017:1747647673991:,1747647683984
counter/6/0/0/0,34069:1747647679200:,1747647683984
counter/4/0/0/0,29018:1747647673991:,1747647683984
counter/6/0/0/0,34070:1747647679216:,1747647683985
counter/4/0/0/0,29019:1747647673991:,1747647683985
counter/6/0/0/0,34071:1747647679216:,1747647683985
counter/4/0/0/0,29020:1747647673991:,1747647683985
counter/6/0/0/0,34072:1747647679216:,1747647683985
counter/4/0/0/0,29021:1747647673991:,1747647683985
counter/6/0/0/0,34073:1747647679216:,1747647683985
counter/4/0/0/0,29022:1747647673991:,1747647683985
counter/6/0/0/0,34074:1747647679227:,1747647683985
counter/4/0/0/0,29023:1747647673991:,1747647683985
counter/6/0/0/0,34075:1747647679227:,1747647683985
counter/4/0/0/0,29024:1747647673991:,1747647683985
counter/6/0/0/0,34076:1747647679227:,1747647683985
counter/4/0/0/0,29025:1747647673991:,1747647683985
counter/6/0/0/0,34077:1747647679227:,1747647683985
counter/4/0/0/0,29026:1747647673994:,1747647683985
counter/6/0/0/0,34078:1747647679227:,1747647683985
counter/4/0/0/0,29027:1747647673995:,1747647683985
counter/6/0/0/0,34079:1747647679227:,1747647683985
counter/4/0/0/0,29028:1747647673995:,1747647683985
counter/6/0/0/0,34080:1747647679227:,1747647683985
counter/4/0/0/0,29029:1747647673995:,1747647683985
counter/6/0/0/0,34081:1747647679227:,1747647683985
counter/4/0/0/0,29030:1747647673995:,1747647683985
counter/6/0/0/0,34082:1747647679230:,1747647683985
counter/4/0/0/0,29031:1747647673995:,1747647683985
counter/6/0/0/0,34083:1747647679230:,1747647683985
counter/4/0/0/0,29032:1747647673995:,1747647683985
counter/6/0/0/0,34084:1747647679230:,1747647683985
counter/4/0/0/0,29033:1747647673998:,1747647683985
counter/4/0/0/0,29034:1747647674000:,1747647683985
counter/4/0/0/0,29035:1747647674000:,1747647683985
counter/4/0/0/0,29036:1747647674000:,1747647683985
counter/4/0/0/0,29037:1747647674000:,1747647683985
counter/4/0/0/0,29038:1747647674000:,1747647683985
counter/4/0/0/0,29039:1747647674000:,1747647683985
counter/6/0/0/0,34085:1747647679230:,1747647683985
counter/4/0/0/0,29040:1747647674000:,1747647683985
counter/3/0/0/0,28204:1747647673696:,1747647683985
counter/4/0/0/0,29041:1747647674000:,1747647683985
counter/10/0/0/0,27901:1747647671191:,1747647683985
counter/7/0/0/0,33912:1747647677992:,1747647683985
counter/4/0/0/0,29042:1747647674002:,1747647683985
counter/4/0/0/0,29043:1747647674002:,1747647683986
counter/4/0/0/0,29044:1747647674002:,1747647683986
counter/4/0/0/0,29045:1747647674003:,1747647683986
counter/4/0/0/0,29046:1747647674003:,1747647683986
counter/4/0/0/0,29047:1747647674003:,1747647683986
counter/4/0/0/0,29048:1747647674003:,1747647683986
counter/4/0/0/0,29049:1747647674003:,1747647683986
counter/4/0/0/0,29050:1747647674003:,1747647683986
counter/4/0/0/0,29051:1747647674003:,1747647683986
counter/4/0/0/0,29052:1747647674003:,1747647683986
counter/4/0/0/0,29053:1747647674003:,1747647683986
counter/4/0/0/0,29054:1747647674003:,1747647683986
counter/4/0/0/0,29055:1747647674005:,1747647683986
counter/4/0/0/0,29056:1747647674007:,1747647683986
counter/4/0/0/0,29057:1747647674008:,1747647683986
counter/4/0/0/0,29058:1747647674008:,1747647683986
counter/4/0/0/0,29059:1747647674008:,1747647683986
counter/4/0/0/0,29060:1747647674008:,1747647683986
counter/4/0/0/0,29061:1747647674008:,1747647683986
counter/4/0/0/0,29062:1747647674008:,1747647683986
counter/4/0/0/0,29063:1747647674008:,1747647683986
counter/4/0/0/0,29064:1747647674008:,1747647683986
counter/4/0/0/0,29065:1747647674008:,1747647683986
counter/4/0/0/0,29066:1747647674011:,1747647683986
counter/4/0/0/0,29067:1747647674011:,1747647683986
counter/4/0/0/0,29068:1747647674011:,1747647683986
counter/7/0/0/0,33913:1747647677992:,1747647683986
counter/4/0/0/0,29069:1747647674020:,1747647683986
counter/3/0/0/0,28205:1747647673696:,1747647683986
counter/4/0/0/0,29070:1747647674024:,1747647683986
counter/8/0/0/0,35207:1747647677840:,1747647683986
counter/6/0/0/0,34086:1747647679230:,1747647683986
counter/4/0/0/0,29071:1747647674027:,1747647683986
counter/8/0/0/0,35208:1747647677840:,1747647683986
counter/4/0/0/0,29072:1747647674027:,1747647683986
counter/4/0/0/0,29073:1747647674027:,1747647683986
counter/4/0/0/0,29074:1747647674027:,1747647683986
counter/4/0/0/0,29075:1747647674027:,1747647683986
counter/7/0/0/0,33914:1747647677992:,1747647683986
counter/4/0/0/0,29076:1747647674027:,1747647683986
counter/10/0/0/0,27902:1747647671203:,1747647683986
counter/4/0/0/0,29077:1747647674027:,1747647683987
counter/6/0/0/0,34087:1747647679230:,1747647683987
counter/8/0/0/0,35209:1747647677840:,1747647683987
counter/4/0/0/0,29078:1747647674027:,1747647683987
counter/7/0/0/0,33915:1747647677992:,1747647683987
counter/1/0/0/0,30025:1747647676565:,1747647683987
counter/4/0/0/0,29079:1747647674027:,1747647683987
counter/3/0/0/0,28206:1747647673696:,1747647683987
counter/4/0/0/0,29080:1747647674027:,1747647683987
counter/4/0/0/0,29081:1747647674028:,1747647683987
counter/4/0/0/0,29082:1747647674028:,1747647683987
counter/4/0/0/0,29083:1747647674028:,1747647683987
counter/4/0/0/0,29084:1747647674028:,1747647683987
counter/4/0/0/0,29085:1747647674028:,1747647683987
counter/4/0/0/0,29086:1747647674028:,1747647683987
counter/4/0/0/0,29087:1747647674028:,1747647683987
counter/4/0/0/0,29088:1747647674028:,1747647683987
counter/4/0/0/0,29089:1747647674028:,1747647683987
counter/4/0/0/0,29090:1747647674028:,1747647683987
counter/4/0/0/0,29091:1747647674029:,1747647683987
counter/4/0/0/0,29092:1747647674029:,1747647683987
counter/4/0/0/0,29093:1747647674029:,1747647683987
counter/4/0/0/0,29094:1747647674029:,1747647683987
counter/4/0/0/0,29095:1747647674029:,1747647683987
counter/4/0/0/0,29096:1747647674029:,1747647683987
counter/4/0/0/0,29097:1747647674029:,1747647683987
counter/4/0/0/0,29098:1747647674029:,1747647683987
counter/4/0/0/0,29099:1747647674029:,1747647683987
counter/4/0/0/0,29100:1747647674029:,1747647683987
counter/4/0/0/0,29101:1747647674029:,1747647683987
counter/4/0/0/0,29102:1747647674030:,1747647683987
counter/4/0/0/0,29103:1747647674030:,1747647683987
counter/4/0/0/0,29104:1747647674030:,1747647683987
counter/4/0/0/0,29105:1747647674031:,1747647683987
counter/4/0/0/0,29106:1747647674031:,1747647683988
counter/4/0/0/0,29107:1747647674031:,1747647683988
counter/4/0/0/0,29108:1747647674031:,1747647683988
counter/4/0/0/0,29109:1747647674031:,1747647683988
counter/4/0/0/0,29110:1747647674031:,1747647683988
counter/4/0/0/0,29111:1747647674031:,1747647683988
counter/4/0/0/0,29112:1747647674031:,1747647683988
counter/4/0/0/0,29113:1747647674031:,1747647683988
counter/4/0/0/0,29114:1747647674031:,1747647683988
counter/6/0/0/0,34088:1747647679230:,1747647683988
counter/4/0/0/0,29115:1747647674031:,1747647683988
counter/3/0/0/0,28207:1747647673696:,1747647683988
counter/4/0/0/0,29116:1747647674031:,1747647683988
counter/10/0/0/0,27903:1747647671203:,1747647683988
counter/4/0/0/0,29117:1747647674031:,1747647683988
counter/4/0/0/0,29118:1747647674031:,1747647683988
counter/4/0/0/0,29119:1747647674031:,1747647683988
counter/4/0/0/0,29120:1747647674031:,1747647683988
counter/4/0/0/0,29121:1747647674032:,1747647683988
counter/4/0/0/0,29122:1747647674033:,1747647683988
counter/4/0/0/0,29123:1747647674033:,1747647683988
counter/4/0/0/0,29124:1747647674033:,1747647683988
counter/4/0/0/0,29125:1747647674033:,1747647683988
counter/4/0/0/0,29126:1747647674033:,1747647683988
counter/4/0/0/0,29127:1747647674033:,1747647683988
counter/4/0/0/0,29128:1747647674033:,1747647683988
counter/4/0/0/0,29129:1747647674033:,1747647683988
counter/4/0/0/0,29130:1747647674033:,1747647683988
counter/4/0/0/0,29131:1747647674033:,1747647683988
counter/4/0/0/0,29132:1747647674033:,1747647683988
counter/4/0/0/0,29133:1747647674033:,1747647683988
counter/4/0/0/0,29134:1747647674033:,1747647683988
counter/4/0/0/0,29135:1747647674033:,1747647683988
counter/4/0/0/0,29136:1747647674033:,1747647683988
counter/4/0/0/0,29137:1747647674033:,1747647683988
counter/4/0/0/0,29138:1747647674033:,1747647683988
counter/4/0/0/0,29139:1747647674033:,1747647683988
counter/4/0/0/0,29140:1747647674033:,1747647683988
counter/4/0/0/0,29141:1747647674033:,1747647683988
counter/6/0/0/0,34089:1747647679230:,1747647683988
counter/4/0/0/0,29142:1747647674033:,1747647683988
counter/1/0/0/0,30026:1747647676565:,1747647683988
counter/4/0/0/0,29143:1747647674033:,1747647683988
counter/7/0/0/0,33916:1747647677994:,1747647683988
counter/4/0/0/0,29144:1747647674034:,1747647683988
counter/4/0/0/0,29145:1747647674034:,1747647683988
counter/4/0/0/0,29146:1747647674034:,1747647683989
counter/4/0/0/0,29147:1747647674034:,1747647683989
counter/4/0/0/0,29148:1747647674034:,1747647683989
counter/4/0/0/0,29149:1747647674034:,1747647683989
counter/4/0/0/0,29150:1747647674034:,1747647683989
counter/4/0/0/0,29151:1747647674034:,1747647683989
counter/4/0/0/0,29152:1747647674034:,1747647683989
counter/4/0/0/0,29153:1747647674034:,1747647683989
counter/4/0/0/0,29154:1747647674034:,1747647683989
counter/4/0/0/0,29155:1747647674034:,1747647683989
counter/4/0/0/0,29156:1747647674034:,1747647683989
counter/4/0/0/0,29157:1747647674034:,1747647683989
counter/4/0/0/0,29158:1747647674051:,1747647683989
counter/4/0/0/0,29159:1747647674051:,1747647683989
counter/4/0/0/0,29160:1747647674051:,1747647683989
counter/4/0/0/0,29161:1747647674051:,1747647683989
counter/4/0/0/0,29162:1747647674051:,1747647683989
counter/4/0/0/0,29163:1747647674051:,1747647683989
counter/4/0/0/0,29164:1747647674051:,1747647683989
counter/4/0/0/0,29165:1747647674051:,1747647683989
counter/4/0/0/0,29166:1747647674051:,1747647683989
counter/4/0/0/0,29167:1747647674051:,1747647683989
counter/10/0/0/0,27904:1747647671203:,1747647683989
counter/4/0/0/0,29168:1747647674051:,1747647683989
counter/6/0/0/0,34090:1747647679230:,1747647683989
counter/4/0/0/0,29169:1747647674051:,1747647683989
counter/4/0/0/0,29170:1747647674051:,1747647683989
counter/4/0/0/0,29171:1747647674056:,1747647683989
counter/4/0/0/0,29172:1747647674056:,1747647683989
counter/4/0/0/0,29173:1747647674079:,1747647683989
counter/4/0/0/0,29174:1747647674079:,1747647683989
counter/4/0/0/0,29175:1747647674079:,1747647683989
counter/4/0/0/0,29176:1747647674080:,1747647683989
counter/4/0/0/0,29177:1747647674080:,1747647683989
counter/4/0/0/0,29178:1747647674080:,1747647683989
counter/4/0/0/0,29179:1747647674080:,1747647683989
counter/4/0/0/0,29180:1747647674084:,1747647683989
counter/4/0/0/0,29181:1747647674084:,1747647683989
counter/4/0/0/0,29182:1747647674084:,1747647683989
counter/7/0/0/0,33917:1747647677994:,1747647683989
counter/4/0/0/0,29183:1747647674084:,1747647683990
counter/10/0/0/0,27905:1747647671203:,1747647683990
counter/4/0/0/0,29184:1747647674084:,1747647683990
counter/3/0/0/0,28208:1747647673696:,1747647683990
counter/1/0/0/0,30027:1747647676565:,1747647683990
counter/4/0/0/0,29185:1747647674084:,1747647683990
counter/6/0/0/0,34091:1747647679230:,1747647683990
counter/4/0/0/0,29186:1747647674084:,1747647683990
counter/4/0/0/0,29187:1747647674084:,1747647683990
counter/4/0/0/0,29188:1747647674084:,1747647683990
counter/4/0/0/0,29189:1747647674084:,1747647683990
counter/4/0/0/0,29190:1747647674099:,1747647683990
counter/4/0/0/0,29191:1747647674099:,1747647683990
counter/4/0/0/0,29192:1747647674099:,1747647683990
counter/4/0/0/0,29193:1747647674099:,1747647683990
counter/4/0/0/0,29194:1747647674099:,1747647683990
counter/4/0/0/0,29195:1747647674099:,1747647683990
counter/4/0/0/0,29196:1747647674099:,1747647683990
counter/4/0/0/0,29197:1747647674099:,1747647683990
counter/4/0/0/0,29198:1747647674112:,1747647683990
counter/4/0/0/0,29199:1747647674116:,1747647683990
counter/4/0/0/0,29200:1747647674120:,1747647683990
counter/4/0/0/0,29201:1747647674124:,1747647683990
counter/4/0/0/0,29202:1747647674124:,1747647683990
counter/4/0/0/0,29203:1747647674124:,1747647683990
counter/4/0/0/0,29204:1747647674124:,1747647683990
counter/4/0/0/0,29205:1747647674135:,1747647683990
counter/4/0/0/0,29206:1747647674157:,1747647683990
counter/4/0/0/0,29207:1747647674157:,1747647683990
counter/4/0/0/0,29208:1747647674157:,1747647683990
counter/4/0/0/0,29209:1747647674157:,1747647683990
counter/4/0/0/0,29210:1747647674157:,1747647683990
counter/4/0/0/0,29211:1747647674157:,1747647683990
counter/4/0/0/0,29212:1747647674157:,1747647683990
counter/4/0/0/0,29213:1747647674157:,1747647683990
counter/4/0/0/0,29214:1747647674157:,1747647683990
counter/4/0/0/0,29215:1747647674157:,1747647683990
counter/4/0/0/0,29216:1747647674158:,1747647683990
counter/4/0/0/0,29217:1747647674158:,1747647683990
counter/4/0/0/0,29218:1747647674158:,1747647683990
counter/4/0/0/0,29219:1747647674158:,1747647683990
counter/4/0/0/0,29220:1747647674158:,1747647683990
counter/4/0/0/0,29221:1747647674160:,1747647683990
counter/4/0/0/0,29222:1747647674160:,1747647683991
counter/4/0/0/0,29223:1747647674160:,1747647683991
counter/4/0/0/0,29224:1747647674165:,1747647683991
counter/4/0/0/0,29225:1747647674165:,1747647683991
counter/4/0/0/0,29226:1747647674165:,1747647683991
counter/4/0/0/0,29227:1747647674165:,1747647683991
counter/1/0/0/0,30028:1747647676565:,1747647683991
counter/4/0/0/0,29228:1747647674165:,1747647683991
counter/1/0/0/0,30029:1747647676565:,1747647683991
counter/4/0/0/0,29229:1747647674165:,1747647683991
counter/1/0/0/0,30030:1747647676565:,1747647683991
counter/4/0/0/0,29230:1747647674165:,1747647683991
counter/1/0/0/0,30031:1747647676565:,1747647683991
counter/4/0/0/0,29231:1747647674165:,1747647683991
counter/1/0/0/0,30032:1747647676565:,1747647683991
counter/10/0/0/0,27906:1747647671203:,1747647683991
counter/4/0/0/0,29232:1747647674165:,1747647683991
counter/1/0/0/0,30033:1747647676565:,1747647683991
counter/3/0/0/0,28209:1747647673696:,1747647683991
counter/6/0/0/0,34092:1747647679230:,1747647683991
counter/4/0/0/0,29233:1747647674165:,1747647683991
counter/1/0/0/0,30034:1747647676566:,1747647683991
counter/6/0/0/0,34093:1747647679230:,1747647683991
counter/4/0/0/0,29234:1747647674165:,1747647683991
counter/1/0/0/0,30035:1747647676566:,1747647683991
counter/6/0/0/0,34094:1747647679230:,1747647683991
counter/4/0/0/0,29235:1747647674165:,1747647683991
counter/6/0/0/0,34095:1747647679230:,1747647683991
counter/4/0/0/0,29236:1747647674165:,1747647683991
counter/6/0/0/0,34096:1747647679230:,1747647683991
counter/4/0/0/0,29237:1747647674165:,1747647683991
counter/6/0/0/0,34097:1747647679230:,1747647683991
counter/4/0/0/0,29238:1747647674166:,1747647683991
counter/6/0/0/0,34098:1747647679230:,1747647683991
counter/4/0/0/0,29239:1747647674166:,1747647683991
counter/6/0/0/0,34099:1747647679230:,1747647683991
counter/4/0/0/0,29240:1747647674166:,1747647683991
counter/6/0/0/0,34100:1747647679233:,1747647683991
counter/4/0/0/0,29241:1747647674166:,1747647683992
counter/6/0/0/0,34101:1747647679234:,1747647683992
counter/4/0/0/0,29242:1747647674166:,1747647683992
counter/6/0/0/0,34102:1747647679234:,1747647683992
counter/4/0/0/0,29243:1747647674166:,1747647683992
counter/6/0/0/0,34103:1747647679234:,1747647683992
counter/4/0/0/0,29244:1747647674166:,1747647683992
counter/6/0/0/0,34104:1747647679239:,1747647683992
counter/4/0/0/0,29245:1747647674166:,1747647683992
counter/6/0/0/0,34105:1747647679239:,1747647683992
counter/4/0/0/0,29246:1747647674166:,1747647683992
counter/6/0/0/0,34106:1747647679239:,1747647683992
counter/4/0/0/0,29247:1747647674166:,1747647683992
counter/6/0/0/0,34107:1747647679239:,1747647683992
counter/4/0/0/0,29248:1747647674166:,1747647683992
counter/6/0/0/0,34108:1747647679240:,1747647683992
counter/4/0/0/0,29249:1747647674166:,1747647683992
counter/6/0/0/0,34109:1747647679240:,1747647683992
counter/4/0/0/0,29250:1747647674166:,1747647683992
counter/6/0/0/0,34110:1747647679240:,1747647683992
counter/4/0/0/0,29251:1747647674167:,1747647683992
counter/6/0/0/0,34111:1747647679240:,1747647683992
counter/4/0/0/0,29252:1747647674167:,1747647683992
counter/6/0/0/0,34112:1747647679240:,1747647683992
counter/4/0/0/0,29253:1747647674167:,1747647683992
counter/6/0/0/0,34113:1747647679244:,1747647683992
counter/4/0/0/0,29254:1747647674167:,1747647683992
counter/6/0/0/0,34114:1747647679253:,1747647683992
counter/4/0/0/0,29255:1747647674167:,1747647683992
counter/6/0/0/0,34115:1747647679253:,1747647683992
counter/4/0/0/0,29256:1747647674167:,1747647683992
counter/6/0/0/0,34116:1747647679253:,1747647683992
counter/4/0/0/0,29257:1747647674167:,1747647683992
counter/6/0/0/0,34117:1747647679253:,1747647683992
counter/4/0/0/0,29258:1747647674167:,1747647683992
counter/6/0/0/0,34118:1747647679253:,1747647683992
counter/4/0/0/0,29259:1747647674167:,1747647683992
counter/6/0/0/0,34119:1747647679253:,1747647683993
counter/4/0/0/0,29260:1747647674167:,1747647683993
counter/6/0/0/0,34120:1747647679253:,1747647683993
counter/4/0/0/0,29261:1747647674167:,1747647683993
counter/6/0/0/0,34121:1747647679253:,1747647683993
counter/4/0/0/0,29262:1747647674167:,1747647683993
counter/6/0/0/0,34122:1747647679253:,1747647683993
counter/4/0/0/0,29263:1747647674167:,1747647683993
counter/6/0/0/0,34123:1747647679253:,1747647683993
counter/4/0/0/0,29264:1747647674167:,1747647683993
counter/6/0/0/0,34124:1747647679253:,1747647683993
counter/4/0/0/0,29265:1747647674167:,1747647683993
counter/6/0/0/0,34125:1747647679263:,1747647683993
counter/4/0/0/0,29266:1747647674167:,1747647683993
counter/6/0/0/0,34126:1747647679263:,1747647683993
counter/4/0/0/0,29267:1747647674167:,1747647683993
counter/6/0/0/0,34127:1747647679263:,1747647683993
counter/8/0/0/0,35210:1747647677840:,1747647683993
counter/4/0/0/0,29268:1747647674168:,1747647683993
counter/6/0/0/0,34128:1747647679263:,1747647683993
counter/1/0/0/0,30036:1747647676566:,1747647683993
counter/3/0/0/0,28210:1747647673703:,1747647683993
counter/4/0/0/0,29269:1747647674168:,1747647683993
counter/6/0/0/0,34129:1747647679263:,1747647683993
counter/4/0/0/0,29270:1747647674177:,1747647683993
counter/6/0/0/0,34130:1747647679263:,1747647683993
counter/4/0/0/0,29271:1747647674177:,1747647683993
counter/6/0/0/0,34131:1747647679268:,1747647683993
counter/4/0/0/0,29272:1747647674177:,1747647683993
counter/6/0/0/0,34132:1747647679294:,1747647683993
counter/4/0/0/0,29273:1747647674177:,1747647683993
counter/6/0/0/0,34133:1747647679318:,1747647683993
counter/4/0/0/0,29274:1747647674177:,1747647683993
counter/6/0/0/0,34134:1747647679318:,1747647683993
counter/4/0/0/0,29275:1747647674178:,1747647683993
counter/6/0/0/0,34135:1747647679318:,1747647683993
counter/4/0/0/0,29276:1747647674178:,1747647683993
counter/6/0/0/0,34136:1747647679318:,1747647683993
counter/4/0/0/0,29277:1747647674186:,1747647683993
counter/6/0/0/0,34137:1747647679318:,1747647683993
counter/4/0/0/0,29278:1747647674186:,1747647683994
counter/6/0/0/0,34138:1747647679322:,1747647683994
counter/4/0/0/0,29279:1747647674186:,1747647683994
counter/6/0/0/0,34139:1747647679322:,1747647683994
counter/4/0/0/0,29280:1747647674186:,1747647683994
counter/6/0/0/0,34140:1747647679322:,1747647683994
counter/4/0/0/0,29281:1747647674186:,1747647683994
counter/6/0/0/0,34141:1747647679323:,1747647683994
counter/4/0/0/0,29282:1747647674186:,1747647683994
counter/6/0/0/0,34142:1747647679323:,1747647683994
counter/3/0/0/0,28211:1747647673703:,1747647683994
counter/4/0/0/0,29283:1747647674186:,1747647683994
counter/6/0/0/0,34143:1747647679323:,1747647683994
counter/4/0/0/0,29284:1747647674186:,1747647683994
counter/6/0/0/0,34144:1747647679323:,1747647683994
counter/4/0/0/0,29285:1747647674186:,1747647683994
counter/6/0/0/0,34145:1747647679323:,1747647683994
counter/4/0/0/0,29286:1747647674186:,1747647683994
counter/6/0/0/0,34146:1747647679323:,1747647683994
counter/4/0/0/0,29287:1747647674186:,1747647683994
counter/6/0/0/0,34147:1747647679323:,1747647683994
counter/4/0/0/0,29288:1747647674186:,1747647683994
counter/6/0/0/0,34148:1747647679327:,1747647683994
counter/4/0/0/0,29289:1747647674186:,1747647683994
counter/6/0/0/0,34149:1747647679327:,1747647683994
counter/4/0/0/0,29290:1747647674186:,1747647683994
counter/6/0/0/0,34150:1747647679327:,1747647683994
counter/4/0/0/0,29291:1747647674186:,1747647683994
counter/6/0/0/0,34151:1747647679327:,1747647683994
counter/4/0/0/0,29292:1747647674186:,1747647683994
counter/6/0/0/0,34152:1747647679327:,1747647683994
counter/4/0/0/0,29293:1747647674186:,1747647683994
counter/6/0/0/0,34153:1747647679327:,1747647683994
counter/4/0/0/0,29294:1747647674186:,1747647683994
counter/6/0/0/0,34154:1747647679327:,1747647683994
counter/4/0/0/0,29295:1747647674186:,1747647683995
counter/6/0/0/0,34155:1747647679327:,1747647683995
counter/4/0/0/0,29296:1747647674186:,1747647683995
counter/6/0/0/0,34156:1747647679327:,1747647683995
counter/4/0/0/0,29297:1747647674186:,1747647683995
counter/6/0/0/0,34157:1747647679327:,1747647683995
counter/4/0/0/0,29298:1747647674186:,1747647683995
counter/6/0/0/0,34158:1747647679328:,1747647683995
counter/4/0/0/0,29299:1747647674187:,1747647683995
counter/6/0/0/0,34159:1747647679328:,1747647683995
counter/4/0/0/0,29300:1747647674187:,1747647683995
counter/6/0/0/0,34160:1747647679328:,1747647683995
counter/4/0/0/0,29301:1747647674187:,1747647683995
counter/6/0/0/0,34161:1747647679328:,1747647683995
counter/4/0/0/0,29302:1747647674187:,1747647683995
counter/6/0/0/0,34162:1747647679328:,1747647683995
counter/4/0/0/0,29303:1747647674187:,1747647683995
counter/6/0/0/0,34163:1747647679328:,1747647683995
counter/4/0/0/0,29304:1747647674187:,1747647683995
counter/6/0/0/0,34164:1747647679328:,1747647683995
counter/4/0/0/0,29305:1747647674187:,1747647683995
counter/6/0/0/0,34165:1747647679328:,1747647683995
counter/4/0/0/0,29306:1747647674192:,1747647683995
counter/6/0/0/0,34166:1747647679328:,1747647683995
counter/4/0/0/0,29307:1747647674192:,1747647683995
counter/6/0/0/0,34167:1747647679328:,1747647683995
counter/4/0/0/0,29308:1747647674192:,1747647683995
counter/6/0/0/0,34168:1747647679328:,1747647683995
counter/4/0/0/0,29309:1747647674192:,1747647683995
counter/6/0/0/0,34169:1747647679328:,1747647683995
counter/4/0/0/0,29310:1747647674192:,1747647683995
counter/4/0/0/0,29311:1747647674192:,1747647683995
counter/4/0/0/0,29312:1747647674192:,1747647683995
counter/4/0/0/0,29313:1747647674193:,1747647683995
counter/4/0/0/0,29314:1747647674193:,1747647683995
counter/4/0/0/0,29315:1747647674193:,1747647683995
counter/4/0/0/0,29316:1747647674193:,1747647683995
counter/4/0/0/0,29317:1747647674194:,1747647683995
counter/4/0/0/0,29318:1747647674194:,1747647683995
counter/4/0/0/0,29319:1747647674194:,1747647683996
counter/4/0/0/0,29320:1747647674194:,1747647683996
counter/4/0/0/0,29321:1747647674194:,1747647683996
counter/4/0/0/0,29322:1747647674194:,1747647683996
counter/4/0/0/0,29323:1747647674194:,1747647683996
counter/4/0/0/0,29324:1747647674194:,1747647683996
counter/4/0/0/0,29325:1747647674194:,1747647683996
counter/4/0/0/0,29326:1747647674194:,1747647683996
counter/4/0/0/0,29327:1747647674194:,1747647683996
counter/4/0/0/0,29328:1747647674194:,1747647683996
counter/4/0/0/0,29329:1747647674194:,1747647683996
counter/4/0/0/0,29330:1747647674196:,1747647683996
counter/4/0/0/0,29331:1747647674197:,1747647683996
counter/4/0/0/0,29332:1747647674197:,1747647683996
counter/4/0/0/0,29333:1747647674197:,1747647683996
counter/4/0/0/0,29334:1747647674197:,1747647683996
counter/4/0/0/0,29335:1747647674197:,1747647683996
counter/4/0/0/0,29336:1747647674197:,1747647683996
counter/4/0/0/0,29337:1747647674197:,1747647683996
counter/4/0/0/0,29338:1747647674197:,1747647683996
counter/4/0/0/0,29339:1747647674197:,1747647683996
counter/4/0/0/0,29340:1747647674197:,1747647683996
counter/4/0/0/0,29341:1747647674197:,1747647683996
counter/4/0/0/0,29342:1747647674197:,1747647683996
counter/4/0/0/0,29343:1747647674197:,1747647683996
counter/4/0/0/0,29344:1747647674197:,1747647683996
counter/4/0/0/0,29345:1747647674197:,1747647683996
counter/4/0/0/0,29346:1747647674197:,1747647683996
counter/4/0/0/0,29347:1747647674197:,1747647683996
counter/4/0/0/0,29348:1747647674197:,1747647683996
counter/4/0/0/0,29349:1747647674197:,1747647683996
counter/4/0/0/0,29350:1747647674198:,1747647683996
counter/4/0/0/0,29351:1747647674198:,1747647683996
counter/4/0/0/0,29352:1747647674198:,1747647683996
counter/4/0/0/0,29353:1747647674198:,1747647683996
counter/4/0/0/0,29354:1747647674198:,1747647683996
counter/4/0/0/0,29355:1747647674198:,1747647683996
counter/4/0/0/0,29356:1747647674198:,1747647683996
counter/3/0/0/0,28212:1747647673703:,1747647683996
counter/4/0/0/0,29357:1747647674198:,1747647683996
counter/6/0/0/0,34170:1747647679328:,1747647683997
counter/4/0/0/0,29358:1747647674198:,1747647683997
counter/10/0/0/0,27907:1747647671204:,1747647683997
counter/8/0/0/0,35211:1747647677840:,1747647683997
counter/4/0/0/0,29359:1747647674198:,1747647683997
counter/8/0/0/0,35212:1747647677840:,1747647683997
counter/4/0/0/0,29360:1747647674198:,1747647683997
counter/8/0/0/0,35213:1747647677840:,1747647683997
counter/4/0/0/0,29361:1747647674198:,1747647683997
counter/8/0/0/0,35214:1747647677841:,1747647683997
counter/4/0/0/0,29362:1747647674198:,1747647683997
counter/8/0/0/0,35215:1747647677841:,1747647683997
counter/4/0/0/0,29363:1747647674198:,1747647683997
counter/8/0/0/0,35216:1747647677841:,1747647683997
counter/6/0/0/0,34171:1747647679328:,1747647683997
counter/4/0/0/0,29364:1747647674200:,1747647683997
counter/8/0/0/0,35217:1747647677841:,1747647683997
counter/4/0/0/0,29365:1747647674200:,1747647683997
counter/8/0/0/0,35218:1747647677841:,1747647683997
counter/4/0/0/0,29366:1747647674200:,1747647683997
counter/8/0/0/0,35219:1747647677841:,1747647683997
counter/4/0/0/0,29367:1747647674200:,1747647683997
counter/8/0/0/0,35220:1747647677849:,1747647683997
counter/4/0/0/0,29368:1747647674200:,1747647683997
counter/8/0/0/0,35221:1747647677849:,1747647683997
counter/1/0/0/0,30037:1747647676566:,1747647683997
counter/4/0/0/0,29369:1747647674200:,1747647683997
counter/8/0/0/0,35222:1747647677849:,1747647683997
counter/3/0/0/0,28213:1747647673703:,1747647683997
counter/4/0/0/0,29370:1747647674200:,1747647683997
counter/4/0/0/0,29371:1747647674200:,1747647683997
counter/4/0/0/0,29372:1747647674200:,1747647683997
counter/4/0/0/0,29373:1747647674200:,1747647683997
counter/1/0/0/0,30038:1747647676566:,1747647683997
counter/4/0/0/0,29374:1747647674200:,1747647683997
counter/10/0/0/0,27908:1747647671204:,1747647683997
counter/4/0/0/0,29375:1747647674200:,1747647683997
counter/10/0/0/0,27909:1747647671207:,1747647683997
counter/3/0/0/0,28214:1747647673703:,1747647683998
counter/4/0/0/0,29376:1747647674201:,1747647683998
counter/8/0/0/0,35223:1747647677849:,1747647683998
counter/4/0/0/0,29377:1747647674201:,1747647683998
counter/8/0/0/0,35224:1747647677849:,1747647683998
counter/4/0/0/0,29378:1747647674208:,1747647683998
counter/8/0/0/0,35225:1747647677849:,1747647683998
counter/4/0/0/0,29379:1747647674208:,1747647683998
counter/8/0/0/0,35226:1747647677849:,1747647683998
counter/4/0/0/0,29380:1747647674208:,1747647683998
counter/8/0/0/0,35227:1747647677850:,1747647683998
counter/6/0/0/0,34172:1747647679328:,1747647683998
counter/1/0/0/0,30039:1747647676566:,1747647683998
counter/4/0/0/0,29381:1747647674208:,1747647683998
counter/8/0/0/0,35228:1747647677850:,1747647683998
counter/1/0/0/0,30040:1747647676566:,1747647683998
counter/4/0/0/0,29382:1747647674208:,1747647683998
counter/8/0/0/0,35229:1747647677850:,1747647683998
counter/1/0/0/0,30041:1747647676566:,1747647683998
counter/4/0/0/0,29383:1747647674208:,1747647683998
counter/8/0/0/0,35230:1747647677850:,1747647683998
counter/1/0/0/0,30042:1747647676566:,1747647683998
counter/4/0/0/0,29384:1747647674208:,1747647683998
counter/1/0/0/0,30043:1747647676566:,1747647683998
counter/4/0/0/0,29385:1747647674208:,1747647683998
counter/4/0/0/0,29386:1747647674208:,1747647683998
counter/4/0/0/0,29387:1747647674208:,1747647683998
counter/4/0/0/0,29388:1747647674208:,1747647683998
counter/4/0/0/0,29389:1747647674208:,1747647683998
counter/4/0/0/0,29390:1747647674208:,1747647683998
counter/4/0/0/0,29391:1747647674208:,1747647683998
counter/4/0/0/0,29392:1747647674208:,1747647683998
counter/4/0/0/0,29393:1747647674220:,1747647683998
counter/4/0/0/0,29394:1747647674220:,1747647683998
counter/4/0/0/0,29395:1747647674220:,1747647683998
counter/3/0/0/0,28215:1747647673703:,1747647683998
counter/4/0/0/0,29396:1747647674223:,1747647683998
counter/1/0/0/0,30044:1747647676566:,1747647683998
counter/4/0/0/0,29397:1747647674223:,1747647683998
counter/1/0/0/0,30045:1747647676566:,1747647683998
counter/4/0/0/0,29398:1747647674223:,1747647683998
counter/1/0/0/0,30046:1747647676566:,1747647683998
counter/4/0/0/0,29399:1747647674224:,1747647683998
counter/1/0/0/0,30047:1747647676566:,1747647683999
counter/7/0/0/0,33918:1747647677994:,1747647683999
counter/4/0/0/0,29400:1747647674224:,1747647683999
counter/4/0/0/0,29401:1747647674224:,1747647683999
counter/4/0/0/0,29402:1747647674224:,1747647683999
counter/4/0/0/0,29403:1747647674224:,1747647683999
counter/4/0/0/0,29404:1747647674224:,1747647683999
counter/4/0/0/0,29405:1747647674224:,1747647683999
counter/4/0/0/0,29406:1747647674224:,1747647683999
counter/4/0/0/0,29407:1747647674224:,1747647683999
counter/4/0/0/0,29408:1747647674224:,1747647683999
counter/4/0/0/0,29409:1747647674226:,1747647683999
counter/7/0/0/0,33919:1747647677995:,1747647683999
counter/4/0/0/0,29410:1747647674226:,1747647683999
counter/7/0/0/0,33920:1747647677995:,1747647683999
counter/4/0/0/0,29411:1747647674226:,1747647683999
counter/7/0/0/0,33921:1747647677995:,1747647683999
counter/4/0/0/0,29412:1747647674226:,1747647683999
counter/7/0/0/0,33922:1747647677995:,1747647683999
counter/4/0/0/0,29413:1747647674238:,1747647683999
counter/7/0/0/0,33923:1747647677995:,1747647683999
counter/4/0/0/0,29414:1747647674238:,1747647683999
counter/7/0/0/0,33924:1747647677995:,1747647683999
counter/4/0/0/0,29415:1747647674238:,1747647683999
counter/7/0/0/0,33925:1747647677995:,1747647683999
counter/4/0/0/0,29416:1747647674238:,1747647683999
counter/7/0/0/0,33926:1747647677996:,1747647683999
counter/4/0/0/0,29417:1747647674238:,1747647683999
counter/7/0/0/0,33927:1747647677996:,1747647683999
counter/1/0/0/0,30048:1747647676566:,1747647683999
counter/4/0/0/0,29418:1747647674238:,1747647683999
counter/7/0/0/0,33928:1747647677996:,1747647683999
counter/1/0/0/0,30049:1747647676566:,1747647683999
counter/4/0/0/0,29419:1747647674238:,1747647683999
counter/7/0/0/0,33929:1747647677996:,1747647683999
counter/1/0/0/0,30050:1747647676566:,1747647684000
counter/4/0/0/0,29420:1747647674239:,1747647684000
counter/7/0/0/0,33930:1747647677996:,1747647684000
counter/1/0/0/0,30051:1747647676566:,1747647684000
counter/4/0/0/0,29421:1747647674239:,1747647684000
counter/7/0/0/0,33931:1747647677996:,1747647684000
counter/1/0/0/0,30052:1747647676568:,1747647684000
counter/4/0/0/0,29422:1747647674239:,1747647684000
counter/7/0/0/0,33932:1747647677996:,1747647684000
counter/1/0/0/0,30053:1747647676568:,1747647684000
counter/4/0/0/0,29423:1747647674239:,1747647684000
counter/7/0/0/0,33933:1747647677996:,1747647684000
counter/1/0/0/0,30054:1747647676568:,1747647684000
counter/4/0/0/0,29424:1747647674239:,1747647684000
counter/1/0/0/0,30055:1747647676568:,1747647684000
counter/4/0/0/0,29425:1747647674239:,1747647684000
counter/1/0/0/0,30056:1747647676569:,1747647684000
counter/4/0/0/0,29426:1747647674239:,1747647684000
counter/1/0/0/0,30057:1747647676569:,1747647684000
counter/4/0/0/0,29427:1747647674239:,1747647684000
counter/1/0/0/0,30058:1747647676572:,1747647684000
counter/4/0/0/0,29428:1747647674239:,1747647684000
counter/1/0/0/0,30059:1747647676573:,1747647684000
counter/4/0/0/0,29429:1747647674239:,1747647684000
counter/1/0/0/0,30060:1747647676574:,1747647684000
counter/4/0/0/0,29430:1747647674239:,1747647684000
counter/1/0/0/0,30061:1747647676574:,1747647684000
counter/6/0/0/0,34173:1747647679328:,1747647684000
counter/4/0/0/0,29431:1747647674239:,1747647684000
counter/1/0/0/0,30062:1747647676574:,1747647684000
counter/10/0/0/0,27910:1747647671207:,1747647684000
counter/4/0/0/0,29432:1747647674239:,1747647684000
counter/1/0/0/0,30063:1747647676575:,1747647684000
counter/4/0/0/0,29433:1747647674239:,1747647684000
counter/1/0/0/0,30064:1747647676575:,1747647684000
counter/4/0/0/0,29434:1747647674239:,1747647684000
counter/1/0/0/0,30065:1747647676575:,1747647684000
counter/4/0/0/0,29435:1747647674239:,1747647684000
counter/1/0/0/0,30066:1747647676575:,1747647684000
counter/4/0/0/0,29436:1747647674239:,1747647684001
counter/1/0/0/0,30067:1747647676575:,1747647684001
counter/4/0/0/0,29437:1747647674239:,1747647684001
counter/1/0/0/0,30068:1747647676575:,1747647684001
counter/4/0/0/0,29438:1747647674239:,1747647684001
counter/1/0/0/0,30069:1747647676578:,1747647684001
counter/4/0/0/0,29439:1747647674239:,1747647684001
counter/1/0/0/0,30070:1747647676578:,1747647684001
counter/4/0/0/0,29440:1747647674239:,1747647684001
counter/1/0/0/0,30071:1747647676578:,1747647684001
counter/4/0/0/0,29441:1747647674244:,1747647684001
counter/1/0/0/0,30072:1747647676578:,1747647684001
counter/4/0/0/0,29442:1747647674244:,1747647684001
counter/1/0/0/0,30073:1747647676578:,1747647684001
counter/10/0/0/0,27911:1747647671207:,1747647684001
counter/4/0/0/0,29443:1747647674244:,1747647684001
counter/1/0/0/0,30074:1747647676578:,1747647684001
counter/3/0/0/0,28216:1747647673703:,1747647684001
counter/4/0/0/0,29444:1747647674244:,1747647684001
counter/1/0/0/0,30075:1747647676578:,1747647684001
counter/7/0/0/0,33934:1747647677996:,1747647684001
counter/4/0/0/0,29445:1747647674244:,1747647684001
counter/1/0/0/0,30076:1747647676578:,1747647684001
counter/7/0/0/0,33935:1747647677996:,1747647684001
counter/4/0/0/0,29446:1747647674244:,1747647684001
counter/1/0/0/0,30077:1747647676578:,1747647684001
counter/7/0/0/0,33936:1747647677997:,1747647684001
counter/4/0/0/0,29447:1747647674244:,1747647684001
counter/1/0/0/0,30078:1747647676578:,1747647684001
counter/7/0/0/0,33937:1747647677997:,1747647684001
counter/4/0/0/0,29448:1747647674244:,1747647684001
counter/1/0/0/0,30079:1747647676578:,1747647684001
counter/7/0/0/0,33938:1747647677997:,1747647684001
counter/3/0/0/0,28217:1747647673703:,1747647684001
counter/4/0/0/0,29449:1747647674244:,1747647684001
counter/1/0/0/0,30080:1747647676578:,1747647684001
counter/7/0/0/0,33939:1747647677997:,1747647684001
counter/4/0/0/0,29450:1747647674244:,1747647684001
counter/1/0/0/0,30081:1747647676579:,1747647684001
counter/7/0/0/0,33940:1747647678007:,1747647684001
counter/4/0/0/0,29451:1747647674244:,1747647684001
counter/7/0/0/0,33941:1747647678007:,1747647684001
counter/4/0/0/0,29452:1747647674244:,1747647684002
counter/7/0/0/0,33942:1747647678007:,1747647684002
counter/4/0/0/0,29453:1747647674244:,1747647684002
counter/7/0/0/0,33943:1747647678007:,1747647684002
counter/4/0/0/0,29454:1747647674244:,1747647684002
counter/7/0/0/0,33944:1747647678007:,1747647684002
counter/4/0/0/0,29455:1747647674244:,1747647684002
counter/7/0/0/0,33945:1747647678007:,1747647684002
counter/4/0/0/0,29456:1747647674244:,1747647684002
counter/7/0/0/0,33946:1747647678007:,1747647684002
counter/4/0/0/0,29457:1747647674244:,1747647684002
counter/7/0/0/0,33947:1747647678007:,1747647684002
counter/4/0/0/0,29458:1747647674244:,1747647684002
counter/7/0/0/0,33948:1747647678008:,1747647684002
counter/4/0/0/0,29459:1747647674245:,1747647684002
counter/4/0/0/0,29460:1747647674245:,1747647684002
counter/4/0/0/0,29461:1747647674245:,1747647684002
counter/4/0/0/0,29462:1747647674245:,1747647684002
counter/4/0/0/0,29463:1747647674245:,1747647684002
counter/4/0/0/0,29464:1747647674245:,1747647684002
counter/4/0/0/0,29465:1747647674245:,1747647684002
counter/4/0/0/0,29466:1747647674245:,1747647684002
counter/6/0/0/0,34174:1747647679328:,1747647684002
counter/4/0/0/0,29467:1747647674245:,1747647684002
counter/3/0/0/0,28218:1747647673703:,1747647684002
counter/4/0/0/0,29468:1747647674245:,1747647684002
counter/10/0/0/0,27912:1747647671207:,1747647684002
counter/7/0/0/0,33949:1747647678008:,1747647684002
counter/4/0/0/0,29469:1747647674245:,1747647684002
counter/4/0/0/0,29470:1747647674245:,1747647684002
counter/4/0/0/0,29471:1747647674245:,1747647684002
counter/4/0/0/0,29472:1747647674245:,1747647684002
counter/4/0/0/0,29473:1747647674245:,1747647684002
counter/4/0/0/0,29474:1747647674245:,1747647684002
counter/4/0/0/0,29475:1747647674245:,1747647684002
counter/7/0/0/0,33950:1747647678008:,1747647684002
counter/4/0/0/0,29476:1747647674245:,1747647684002
counter/4/0/0/0,29477:1747647674245:,1747647684003
counter/4/0/0/0,29478:1747647674245:,1747647684003
counter/4/0/0/0,29479:1747647674245:,1747647684003
counter/3/0/0/0,28219:1747647673703:,1747647684003
counter/4/0/0/0,29480:1747647674245:,1747647684003
counter/4/0/0/0,29481:1747647674245:,1747647684003
counter/4/0/0/0,29482:1747647674245:,1747647684003
counter/7/0/0/0,33951:1747647678008:,1747647684003
counter/4/0/0/0,29483:1747647674245:,1747647684003
counter/4/0/0/0,29484:1747647674250:,1747647684003
counter/4/0/0/0,29485:1747647674250:,1747647684003
counter/4/0/0/0,29486:1747647674250:,1747647684003
counter/4/0/0/0,29487:1747647674250:,1747647684003
counter/4/0/0/0,29488:1747647674251:,1747647684003
counter/4/0/0/0,29489:1747647674251:,1747647684003
counter/4/0/0/0,29490:1747647674251:,1747647684003
counter/1/0/0/0,30082:1747647676579:,1747647684003
counter/4/0/0/0,29491:1747647674251:,1747647684003
counter/6/0/0/0,34175:1747647679328:,1747647684003
counter/4/0/0/0,29492:1747647674251:,1747647684003
counter/3/0/0/0,28220:1747647673703:,1747647684003
counter/4/0/0/0,29493:1747647674251:,1747647684003
counter/3/0/0/0,28221:1747647673703:,1747647684003
counter/4/0/0/0,29494:1747647674252:,1747647684003
counter/3/0/0/0,28222:1747647673703:,1747647684003
counter/8/0/0/0,35231:1747647677850:,1747647684003
counter/7/0/0/0,33952:1747647678008:,1747647684003
counter/4/0/0/0,29495:1747647674252:,1747647684003
counter/8/0/0/0,35232:1747647677850:,1747647684003
counter/4/0/0/0,29496:1747647674252:,1747647684003
counter/8/0/0/0,35233:1747647677857:,1747647684003
counter/4/0/0/0,29497:1747647674252:,1747647684003
counter/8/0/0/0,35234:1747647677857:,1747647684003
counter/4/0/0/0,29498:1747647674252:,1747647684003
counter/8/0/0/0,35235:1747647677857:,1747647684003
counter/4/0/0/0,29499:1747647674252:,1747647684003
counter/8/0/0/0,35236:1747647677857:,1747647684003
counter/4/0/0/0,29500:1747647674252:,1747647684003
counter/8/0/0/0,35237:1747647677857:,1747647684003
counter/4/0/0/0,29501:1747647674253:,1747647684003
counter/8/0/0/0,35238:1747647677857:,1747647684003
counter/4/0/0/0,29502:1747647674253:,1747647684004
counter/8/0/0/0,35239:1747647677858:,1747647684004
counter/4/0/0/0,29503:1747647674253:,1747647684004
counter/8/0/0/0,35240:1747647677858:,1747647684004
counter/4/0/0/0,29504:1747647674253:,1747647684004
counter/8/0/0/0,35241:1747647677858:,1747647684004
counter/4/0/0/0,29505:1747647674253:,1747647684004
counter/8/0/0/0,35242:1747647677858:,1747647684004
counter/4/0/0/0,29506:1747647674253:,1747647684004
counter/8/0/0/0,35243:1747647677861:,1747647684004
counter/4/0/0/0,29507:1747647674253:,1747647684004
counter/8/0/0/0,35244:1747647677861:,1747647684004
counter/4/0/0/0,29508:1747647674253:,1747647684004
counter/8/0/0/0,35245:1747647677861:,1747647684004
counter/4/0/0/0,29509:1747647674253:,1747647684004
counter/8/0/0/0,35246:1747647677861:,1747647684004
counter/4/0/0/0,29510:1747647674253:,1747647684004
counter/8/0/0/0,35247:1747647677861:,1747647684004
counter/4/0/0/0,29511:1747647674253:,1747647684004
counter/8/0/0/0,35248:1747647677861:,1747647684004
counter/4/0/0/0,29512:1747647674253:,1747647684004
counter/8/0/0/0,35249:1747647677861:,1747647684004
counter/4/0/0/0,29513:1747647674253:,1747647684004
counter/8/0/0/0,35250:1747647677861:,1747647684004
counter/4/0/0/0,29514:1747647674253:,1747647684004
counter/8/0/0/0,35251:1747647677861:,1747647684004
counter/4/0/0/0,29515:1747647674253:,1747647684004
counter/8/0/0/0,35252:1747647677864:,1747647684004
counter/4/0/0/0,29516:1747647674253:,1747647684004
counter/8/0/0/0,35253:1747647677864:,1747647684004
counter/4/0/0/0,29517:1747647674253:,1747647684004
counter/8/0/0/0,35254:1747647677864:,1747647684004
counter/4/0/0/0,29518:1747647674253:,1747647684004
counter/8/0/0/0,35255:1747647677864:,1747647684004
counter/4/0/0/0,29519:1747647674253:,1747647684004
counter/8/0/0/0,35256:1747647677864:,1747647684004
counter/4/0/0/0,29520:1747647674253:,1747647684004
counter/8/0/0/0,35257:1747647677864:,1747647684004
counter/4/0/0/0,29521:1747647674253:,1747647684005
counter/8/0/0/0,35258:1747647677865:,1747647684005
counter/4/0/0/0,29522:1747647674253:,1747647684005
counter/8/0/0/0,35259:1747647677866:,1747647684005
counter/4/0/0/0,29523:1747647674253:,1747647684005
counter/8/0/0/0,35260:1747647677866:,1747647684005
counter/4/0/0/0,29524:1747647674253:,1747647684005
counter/8/0/0/0,35261:1747647677866:,1747647684005
counter/4/0/0/0,29525:1747647674253:,1747647684005
counter/8/0/0/0,35262:1747647677875:,1747647684005
counter/3/0/0/0,28223:1747647673704:,1747647684005
counter/4/0/0/0,29526:1747647674253:,1747647684005
counter/8/0/0/0,35263:1747647677876:,1747647684005
counter/7/0/0/0,33953:1747647678008:,1747647684005
counter/4/0/0/0,29527:1747647674253:,1747647684005
counter/8/0/0/0,35264:1747647677876:,1747647684005
counter/1/0/0/0,30083:1747647676579:,1747647684005
counter/4/0/0/0,29528:1747647674253:,1747647684005
counter/8/0/0/0,35265:1747647677876:,1747647684005
counter/6/0/0/0,34176:1747647679328:,1747647684005
counter/10/0/0/0,27913:1747647671207:,1747647684005
counter/4/0/0/0,29529:1747647674281:,1747647684005
counter/8/0/0/0,35266:1747647677876:,1747647684005
counter/4/0/0/0,29530:1747647674281:,1747647684005
counter/8/0/0/0,35267:1747647677876:,1747647684005
counter/10/0/0/0,27914:1747647671207:,1747647684005
counter/1/0/0/0,30084:1747647676579:,1747647684005
counter/4/0/0/0,29531:1747647674281:,1747647684005
counter/8/0/0/0,35268:1747647677876:,1747647684005
counter/10/0/0/0,27915:1747647671207:,1747647684005
counter/4/0/0/0,29532:1747647674281:,1747647684005
counter/8/0/0/0,35269:1747647677877:,1747647684005
counter/10/0/0/0,27916:1747647671207:,1747647684005
counter/4/0/0/0,29533:1747647674281:,1747647684005
counter/8/0/0/0,35270:1747647677879:,1747647684005
counter/10/0/0/0,27917:1747647671207:,1747647684005
counter/4/0/0/0,29534:1747647674281:,1747647684005
counter/8/0/0/0,35271:1747647677879:,1747647684005
counter/10/0/0/0,27918:1747647671207:,1747647684005
counter/4/0/0/0,29535:1747647674281:,1747647684005
counter/8/0/0/0,35272:1747647677879:,1747647684005
counter/10/0/0/0,27919:1747647671207:,1747647684006
counter/4/0/0/0,29536:1747647674281:,1747647684006
counter/8/0/0/0,35273:1747647677879:,1747647684006
counter/4/0/0/0,29537:1747647674281:,1747647684006
counter/8/0/0/0,35274:1747647677879:,1747647684006
counter/1/0/0/0,30085:1747647676579:,1747647684006
counter/4/0/0/0,29538:1747647674281:,1747647684006
counter/8/0/0/0,35275:1747647677879:,1747647684006
counter/1/0/0/0,30086:1747647676579:,1747647684006
counter/4/0/0/0,29539:1747647674282:,1747647684006
counter/8/0/0/0,35276:1747647677879:,1747647684006
counter/1/0/0/0,30087:1747647676579:,1747647684006
counter/4/0/0/0,29540:1747647674282:,1747647684006
counter/8/0/0/0,35277:1747647677879:,1747647684006
counter/1/0/0/0,30088:1747647676579:,1747647684006
counter/4/0/0/0,29541:1747647674282:,1747647684006
counter/8/0/0/0,35278:1747647677884:,1747647684006
counter/1/0/0/0,30089:1747647676583:,1747647684006
counter/4/0/0/0,29542:1747647674289:,1747647684006
counter/8/0/0/0,35279:1747647677884:,1747647684006
counter/1/0/0/0,30090:1747647676583:,1747647684006
counter/4/0/0/0,29543:1747647674289:,1747647684006
counter/8/0/0/0,35280:1747647677884:,1747647684006
counter/1/0/0/0,30091:1747647676583:,1747647684006
counter/4/0/0/0,29544:1747647674289:,1747647684006
counter/8/0/0/0,35281:1747647677893:,1747647684006
counter/1/0/0/0,30092:1747647676597:,1747647684006
counter/4/0/0/0,29545:1747647674289:,1747647684006
counter/8/0/0/0,35282:1747647677893:,1747647684006
counter/1/0/0/0,30093:1747647676598:,1747647684006
counter/4/0/0/0,29546:1747647674289:,1747647684006
counter/8/0/0/0,35283:1747647677893:,1747647684006
counter/1/0/0/0,30094:1747647676598:,1747647684006
counter/4/0/0/0,29547:1747647674289:,1747647684006
counter/8/0/0/0,35284:1747647677893:,1747647684006
counter/1/0/0/0,30095:1747647676598:,1747647684006
counter/4/0/0/0,29548:1747647674289:,1747647684006
counter/8/0/0/0,35285:1747647677894:,1747647684006
counter/1/0/0/0,30096:1747647676598:,1747647684006
counter/4/0/0/0,29549:1747647674289:,1747647684006
counter/8/0/0/0,35286:1747647677894:,1747647684006
counter/1/0/0/0,30097:1747647676598:,1747647684006
counter/4/0/0/0,29550:1747647674289:,1747647684006
counter/8/0/0/0,35287:1747647677894:,1747647684006
counter/1/0/0/0,30098:1747647676598:,1747647684007
counter/4/0/0/0,29551:1747647674289:,1747647684007
counter/8/0/0/0,35288:1747647677894:,1747647684007
counter/1/0/0/0,30099:1747647676598:,1747647684007
counter/4/0/0/0,29552:1747647674289:,1747647684007
counter/8/0/0/0,35289:1747647677902:,1747647684007
counter/1/0/0/0,30100:1747647676598:,1747647684007
counter/4/0/0/0,29553:1747647674290:,1747647684007
counter/8/0/0/0,35290:1747647677902:,1747647684007
counter/1/0/0/0,30101:1747647676598:,1747647684007
counter/4/0/0/0,29554:1747647674290:,1747647684007
counter/8/0/0/0,35291:1747647677902:,1747647684007
counter/1/0/0/0,30102:1747647676598:,1747647684007
counter/4/0/0/0,29555:1747647674291:,1747647684007
counter/8/0/0/0,35292:1747647677902:,1747647684007
counter/1/0/0/0,30103:1747647676600:,1747647684007
counter/4/0/0/0,29556:1747647674291:,1747647684007
counter/8/0/0/0,35293:1747647677902:,1747647684007
counter/1/0/0/0,30104:1747647676600:,1747647684007
counter/4/0/0/0,29557:1747647674291:,1747647684007
counter/8/0/0/0,35294:1747647677902:,1747647684007
counter/1/0/0/0,30105:1747647676600:,1747647684007
counter/4/0/0/0,29558:1747647674291:,1747647684007
counter/8/0/0/0,35295:1747647677902:,1747647684007
counter/1/0/0/0,30106:1747647676600:,1747647684007
counter/4/0/0/0,29559:1747647674291:,1747647684007
counter/8/0/0/0,35296:1747647677902:,1747647684007
counter/1/0/0/0,30107:1747647676600:,1747647684007
counter/4/0/0/0,29560:1747647674291:,1747647684007
counter/8/0/0/0,35297:1747647677912:,1747647684007
counter/1/0/0/0,30108:1747647676600:,1747647684007
counter/4/0/0/0,29561:1747647674291:,1747647684007
counter/8/0/0/0,35298:1747647677912:,1747647684007
counter/1/0/0/0,30109:1747647676600:,1747647684007
counter/4/0/0/0,29562:1747647674291:,1747647684007
counter/8/0/0/0,35299:1747647677912:,1747647684007
counter/1/0/0/0,30110:1747647676600:,1747647684007
counter/4/0/0/0,29563:1747647674291:,1747647684007
counter/8/0/0/0,35300:1747647677912:,1747647684007
counter/1/0/0/0,30111:1747647676600:,1747647684007
counter/4/0/0/0,29564:1747647674291:,1747647684008
counter/8/0/0/0,35301:1747647677912:,1747647684008
counter/1/0/0/0,30112:1747647676600:,1747647684008
counter/4/0/0/0,29565:1747647674291:,1747647684008
counter/1/0/0/0,30113:1747647676600:,1747647684008
counter/4/0/0/0,29566:1747647674291:,1747647684008
counter/1/0/0/0,30114:1747647676600:,1747647684008
counter/4/0/0/0,29567:1747647674291:,1747647684008
counter/1/0/0/0,30115:1747647676600:,1747647684008
counter/4/0/0/0,29568:1747647674291:,1747647684008
counter/1/0/0/0,30116:1747647676600:,1747647684008
counter/4/0/0/0,29569:1747647674291:,1747647684008
counter/1/0/0/0,30117:1747647676600:,1747647684008
counter/4/0/0/0,29570:1747647674291:,1747647684008
counter/1/0/0/0,30118:1747647676615:,1747647684008
counter/4/0/0/0,29571:1747647674291:,1747647684008
counter/1/0/0/0,30119:1747647676615:,1747647684008
counter/4/0/0/0,29572:1747647674291:,1747647684008
counter/1/0/0/0,30120:1747647676630:,1747647684008
counter/4/0/0/0,29573:1747647674292:,1747647684008
counter/1/0/0/0,30121:1747647676630:,1747647684008
counter/4/0/0/0,29574:1747647674292:,1747647684008
counter/1/0/0/0,30122:1747647676630:,1747647684008
counter/4/0/0/0,29575:1747647674292:,1747647684008
counter/1/0/0/0,30123:1747647676630:,1747647684008
counter/4/0/0/0,29576:1747647674292:,1747647684008
counter/1/0/0/0,30124:1747647676630:,1747647684008
counter/4/0/0/0,29577:1747647674292:,1747647684008
counter/1/0/0/0,30125:1747647676649:,1747647684008
counter/4/0/0/0,29578:1747647674292:,1747647684008
counter/1/0/0/0,30126:1747647676654:,1747647684008
counter/4/0/0/0,29579:1747647674292:,1747647684008
counter/1/0/0/0,30127:1747647676655:,1747647684008
counter/8/0/0/0,35302:1747647677912:,1747647684008
counter/3/0/0/0,28224:1747647673721:,1747647684008
counter/4/0/0/0,29580:1747647674292:,1747647684008
counter/1/0/0/0,30128:1747647676661:,1747647684008
counter/8/0/0/0,35303:1747647677912:,1747647684008
counter/4/0/0/0,29581:1747647674298:,1747647684008
counter/1/0/0/0,30129:1747647676661:,1747647684008
counter/8/0/0/0,35304:1747647677912:,1747647684008
counter/4/0/0/0,29582:1747647674301:,1747647684008
counter/1/0/0/0,30130:1747647676661:,1747647684008
counter/8/0/0/0,35305:1747647677912:,1747647684008
counter/6/0/0/0,34177:1747647679328:,1747647684009
counter/10/0/0/0,27920:1747647671207:,1747647684009
counter/4/0/0/0,29583:1747647674301:,1747647684009
counter/1/0/0/0,30131:1747647676661:,1747647684009
counter/8/0/0/0,35306:1747647677912:,1747647684009
counter/4/0/0/0,29584:1747647674301:,1747647684009
counter/1/0/0/0,30132:1747647676661:,1747647684009
counter/8/0/0/0,35307:1747647677912:,1747647684009
counter/4/0/0/0,29585:1747647674302:,1747647684009
counter/1/0/0/0,30133:1747647676661:,1747647684009
counter/8/0/0/0,35308:1747647677912:,1747647684009
counter/4/0/0/0,29586:1747647674302:,1747647684009
counter/1/0/0/0,30134:1747647676661:,1747647684009
counter/8/0/0/0,35309:1747647677912:,1747647684009
counter/4/0/0/0,29587:1747647674303:,1747647684009
counter/1/0/0/0,30135:1747647676661:,1747647684009
counter/4/0/0/0,29588:1747647674303:,1747647684009
counter/1/0/0/0,30136:1747647676661:,1747647684009
counter/4/0/0/0,29589:1747647674303:,1747647684009
counter/1/0/0/0,30137:1747647676661:,1747647684009
counter/4/0/0/0,29590:1747647674303:,1747647684009
counter/1/0/0/0,30138:1747647676661:,1747647684009
counter/4/0/0/0,29591:1747647674303:,1747647684009
counter/1/0/0/0,30139:1747647676661:,1747647684009
counter/4/0/0/0,29592:1747647674303:,1747647684009
counter/1/0/0/0,30140:1747647676662:,1747647684009
counter/4/0/0/0,29593:1747647674303:,1747647684009
counter/1/0/0/0,30141:1747647676665:,1747647684009
counter/4/0/0/0,29594:1747647674303:,1747647684009
counter/1/0/0/0,30142:1747647676665:,1747647684009
counter/4/0/0/0,29595:1747647674304:,1747647684009
counter/1/0/0/0,30143:1747647676665:,1747647684009
counter/4/0/0/0,29596:1747647674304:,1747647684009
counter/1/0/0/0,30144:1747647676665:,1747647684009
counter/4/0/0/0,29597:1747647674305:,1747647684009
counter/1/0/0/0,30145:1747647676665:,1747647684009
counter/4/0/0/0,29598:1747647674305:,1747647684009
counter/1/0/0/0,30146:1747647676666:,1747647684009
counter/4/0/0/0,29599:1747647674306:,1747647684009
counter/1/0/0/0,30147:1747647676666:,1747647684010
counter/4/0/0/0,29600:1747647674306:,1747647684010
counter/1/0/0/0,30148:1747647676666:,1747647684010
counter/4/0/0/0,29601:1747647674306:,1747647684010
counter/1/0/0/0,30149:1747647676666:,1747647684010
counter/10/0/0/0,27921:1747647671207:,1747647684010
counter/4/0/0/0,29602:1747647674306:,1747647684010
counter/1/0/0/0,30150:1747647676666:,1747647684010
counter/3/0/0/0,28225:1747647673721:,1747647684010
counter/7/0/0/0,33954:1747647678008:,1747647684010
counter/4/0/0/0,29603:1747647674306:,1747647684010
counter/1/0/0/0,30151:1747647676666:,1747647684010
counter/8/0/0/0,35310:1747647677912:,1747647684010
counter/6/0/0/0,34178:1747647679328:,1747647684010
counter/4/0/0/0,29604:1747647674306:,1747647684010
counter/1/0/0/0,30152:1747647676666:,1747647684010
counter/4/0/0/0,29605:1747647674306:,1747647684010
counter/1/0/0/0,30153:1747647676666:,1747647684010
counter/4/0/0/0,29606:1747647674306:,1747647684010
counter/1/0/0/0,30154:1747647676666:,1747647684010
counter/4/0/0/0,29607:1747647674306:,1747647684010
counter/1/0/0/0,30155:1747647676666:,1747647684010
counter/4/0/0/0,29608:1747647674306:,1747647684010
counter/1/0/0/0,30156:1747647676666:,1747647684010
counter/4/0/0/0,29609:1747647674306:,1747647684010
counter/1/0/0/0,30157:1747647676666:,1747647684010
counter/4/0/0/0,29610:1747647674306:,1747647684010
counter/1/0/0/0,30158:1747647676666:,1747647684010
counter/4/0/0/0,29611:1747647674306:,1747647684010
counter/1/0/0/0,30159:1747647676666:,1747647684010
counter/4/0/0/0,29612:1747647674306:,1747647684010
counter/1/0/0/0,30160:1747647676666:,1747647684010
counter/4/0/0/0,29613:1747647674306:,1747647684010
counter/1/0/0/0,30161:1747647676666:,1747647684010
counter/4/0/0/0,29614:1747647674306:,1747647684010
counter/1/0/0/0,30162:1747647676666:,1747647684010
counter/4/0/0/0,29615:1747647674306:,1747647684010
counter/1/0/0/0,30163:1747647676666:,1747647684010
counter/10/0/0/0,27922:1747647671208:,1747647684010
counter/4/0/0/0,29616:1747647674306:,1747647684010
counter/1/0/0/0,30164:1747647676666:,1747647684010
counter/7/0/0/0,33955:1747647678010:,1747647684011
counter/4/0/0/0,29617:1747647674306:,1747647684011
counter/1/0/0/0,30165:1747647676666:,1747647684011
counter/4/0/0/0,29618:1747647674306:,1747647684011
counter/1/0/0/0,30166:1747647676666:,1747647684011
counter/4/0/0/0,29619:1747647674306:,1747647684011
counter/1/0/0/0,30167:1747647676666:,1747647684011
counter/4/0/0/0,29620:1747647674307:,1747647684011
counter/1/0/0/0,30168:1747647676666:,1747647684011
counter/4/0/0/0,29621:1747647674307:,1747647684011
counter/1/0/0/0,30169:1747647676666:,1747647684011
counter/4/0/0/0,29622:1747647674307:,1747647684011
counter/1/0/0/0,30170:1747647676669:,1747647684011
counter/4/0/0/0,29623:1747647674307:,1747647684011
counter/1/0/0/0,30171:1747647676669:,1747647684011
counter/4/0/0/0,29624:1747647674307:,1747647684011
counter/1/0/0/0,30172:1747647676669:,1747647684011
counter/4/0/0/0,29625:1747647674307:,1747647684011
counter/1/0/0/0,30173:1747647676669:,1747647684011
counter/4/0/0/0,29626:1747647674307:,1747647684011
counter/1/0/0/0,30174:1747647676669:,1747647684011
counter/4/0/0/0,29627:1747647674307:,1747647684011
counter/1/0/0/0,30175:1747647676669:,1747647684011
counter/4/0/0/0,29628:1747647674307:,1747647684011
counter/1/0/0/0,30176:1747647676669:,1747647684011
counter/4/0/0/0,29629:1747647674307:,1747647684011
counter/1/0/0/0,30177:1747647676669:,1747647684011
counter/4/0/0/0,29630:1747647674307:,1747647684011
counter/1/0/0/0,30178:1747647676669:,1747647684011
counter/4/0/0/0,29631:1747647674307:,1747647684011
counter/1/0/0/0,30179:1747647676669:,1747647684011
counter/4/0/0/0,29632:1747647674307:,1747647684011
counter/1/0/0/0,30180:1747647676669:,1747647684011
counter/4/0/0/0,29633:1747647674307:,1747647684011
counter/1/0/0/0,30181:1747647676669:,1747647684011
counter/6/0/0/0,34179:1747647679329:,1747647684011
counter/4/0/0/0,29634:1747647674307:,1747647684011
counter/1/0/0/0,30182:1747647676669:,1747647684011
counter/4/0/0/0,29635:1747647674307:,1747647684012
counter/1/0/0/0,30183:1747647676669:,1747647684012
counter/4/0/0/0,29636:1747647674307:,1747647684012
counter/1/0/0/0,30184:1747647676674:,1747647684012
counter/4/0/0/0,29637:1747647674307:,1747647684012
counter/1/0/0/0,30185:1747647676674:,1747647684012
counter/4/0/0/0,29638:1747647674307:,1747647684012
counter/1/0/0/0,30186:1747647676674:,1747647684012
counter/4/0/0/0,29639:1747647674307:,1747647684012
counter/1/0/0/0,30187:1747647676674:,1747647684012
counter/4/0/0/0,29640:1747647674307:,1747647684012
counter/1/0/0/0,30188:1747647676674:,1747647684012
counter/4/0/0/0,29641:1747647674307:,1747647684012
counter/1/0/0/0,30189:1747647676679:,1747647684012
counter/4/0/0/0,29642:1747647674307:,1747647684012
counter/1/0/0/0,30190:1747647676679:,1747647684012
counter/4/0/0/0,29643:1747647674307:,1747647684012
counter/1/0/0/0,30191:1747647676679:,1747647684012
counter/4/0/0/0,29644:1747647674308:,1747647684012
counter/1/0/0/0,30192:1747647676679:,1747647684012
counter/4/0/0/0,29645:1747647674308:,1747647684012
counter/1/0/0/0,30193:1747647676679:,1747647684012
counter/4/0/0/0,29646:1747647674308:,1747647684012
counter/1/0/0/0,30194:1747647676679:,1747647684012
counter/4/0/0/0,29647:1747647674308:,1747647684012
counter/1/0/0/0,30195:1747647676679:,1747647684012
counter/4/0/0/0,29648:1747647674308:,1747647684012
counter/1/0/0/0,30196:1747647676691:,1747647684012
counter/4/0/0/0,29649:1747647674308:,1747647684012
counter/1/0/0/0,30197:1747647676691:,1747647684012
counter/4/0/0/0,29650:1747647674309:,1747647684012
counter/1/0/0/0,30198:1747647676691:,1747647684012
counter/4/0/0/0,29651:1747647674309:,1747647684012
counter/1/0/0/0,30199:1747647676691:,1747647684012
counter/4/0/0/0,29652:1747647674309:,1747647684012
counter/1/0/0/0,30200:1747647676691:,1747647684012
counter/4/0/0/0,29653:1747647674309:,1747647684012
counter/1/0/0/0,30201:1747647676691:,1747647684012
counter/4/0/0/0,29654:1747647674309:,1747647684013
counter/1/0/0/0,30202:1747647676691:,1747647684013
counter/4/0/0/0,29655:1747647674309:,1747647684013
counter/1/0/0/0,30203:1747647676691:,1747647684013
counter/4/0/0/0,29656:1747647674309:,1747647684013
counter/1/0/0/0,30204:1747647676691:,1747647684013
counter/4/0/0/0,29657:1747647674309:,1747647684013
counter/1/0/0/0,30205:1747647676691:,1747647684013
counter/4/0/0/0,29658:1747647674309:,1747647684013
counter/1/0/0/0,30206:1747647676691:,1747647684013
counter/4/0/0/0,29659:1747647674309:,1747647684013
counter/1/0/0/0,30207:1747647676691:,1747647684013
counter/4/0/0/0,29660:1747647674309:,1747647684013
counter/1/0/0/0,30208:1747647676691:,1747647684013
counter/4/0/0/0,29661:1747647674309:,1747647684013
counter/1/0/0/0,30209:1747647676692:,1747647684013
counter/4/0/0/0,29662:1747647674309:,1747647684013
counter/1/0/0/0,30210:1747647676692:,1747647684013
counter/4/0/0/0,29663:1747647674309:,1747647684013
counter/1/0/0/0,30211:1747647676692:,1747647684013
counter/4/0/0/0,29664:1747647674309:,1747647684013
counter/1/0/0/0,30212:1747647676692:,1747647684013
counter/4/0/0/0,29665:1747647674309:,1747647684013
counter/1/0/0/0,30213:1747647676692:,1747647684013
counter/4/0/0/0,29666:1747647674309:,1747647684013
counter/1/0/0/0,30214:1747647676692:,1747647684013
counter/4/0/0/0,29667:1747647674309:,1747647684013
counter/1/0/0/0,30215:1747647676692:,1747647684013
counter/4/0/0/0,29668:1747647674309:,1747647684013
counter/1/0/0/0,30216:1747647676692:,1747647684013
counter/4/0/0/0,29669:1747647674309:,1747647684013
counter/1/0/0/0,30217:1747647676692:,1747647684013
counter/4/0/0/0,29670:1747647674309:,1747647684013
counter/1/0/0/0,30218:1747647676692:,1747647684013
counter/4/0/0/0,29671:1747647674309:,1747647684013
counter/1/0/0/0,30219:1747647676692:,1747647684013
counter/4/0/0/0,29672:1747647674309:,1747647684013
counter/1/0/0/0,30220:1747647676692:,1747647684013
counter/4/0/0/0,29673:1747647674309:,1747647684013
counter/1/0/0/0,30221:1747647676692:,1747647684014
counter/4/0/0/0,29674:1747647674311:,1747647684014
counter/1/0/0/0,30222:1747647676692:,1747647684014
counter/4/0/0/0,29675:1747647674311:,1747647684014
counter/1/0/0/0,30223:1747647676692:,1747647684014
counter/6/0/0/0,34180:1747647679329:,1747647684014
counter/4/0/0/0,29676:1747647674311:,1747647684014
counter/1/0/0/0,30224:1747647676692:,1747647684014
counter/8/0/0/0,35311:1747647677912:,1747647684014
counter/10/0/0/0,27923:1747647671208:,1747647684014
counter/4/0/0/0,29677:1747647674311:,1747647684014
counter/1/0/0/0,30225:1747647676692:,1747647684014
counter/10/0/0/0,27924:1747647671208:,1747647684014
counter/3/0/0/0,28226:1747647673721:,1747647684014
counter/4/0/0/0,29678:1747647674311:,1747647684014
counter/1/0/0/0,30226:1747647676692:,1747647684014
counter/10/0/0/0,27925:1747647671249:,1747647684014
counter/4/0/0/0,29679:1747647674318:,1747647684014
counter/1/0/0/0,30227:1747647676692:,1747647684014
counter/10/0/0/0,27926:1747647671249:,1747647684014
counter/4/0/0/0,29680:1747647674318:,1747647684014
counter/1/0/0/0,30228:1747647676692:,1747647684014
counter/4/0/0/0,29681:1747647674320:,1747647684014
counter/1/0/0/0,30229:1747647676692:,1747647684014
counter/4/0/0/0,29682:1747647674320:,1747647684014
counter/1/0/0/0,30230:1747647676692:,1747647684014
counter/4/0/0/0,29683:1747647674320:,1747647684014
counter/1/0/0/0,30231:1747647676692:,1747647684014
counter/4/0/0/0,29684:1747647674326:,1747647684014
counter/1/0/0/0,30232:1747647676693:,1747647684014
counter/4/0/0/0,29685:1747647674326:,1747647684014
counter/1/0/0/0,30233:1747647676695:,1747647684014
counter/4/0/0/0,29686:1747647674326:,1747647684014
counter/1/0/0/0,30234:1747647676695:,1747647684014
counter/4/0/0/0,29687:1747647674326:,1747647684014
counter/1/0/0/0,30235:1747647676696:,1747647684014
counter/4/0/0/0,29688:1747647674326:,1747647684014
counter/1/0/0/0,30236:1747647676696:,1747647684014
counter/4/0/0/0,29689:1747647674326:,1747647684015
counter/1/0/0/0,30237:1747647676696:,1747647684015
counter/4/0/0/0,29690:1747647674326:,1747647684015
counter/1/0/0/0,30238:1747647676696:,1747647684015
counter/4/0/0/0,29691:1747647674326:,1747647684015
counter/1/0/0/0,30239:1747647676696:,1747647684015
counter/4/0/0/0,29692:1747647674329:,1747647684015
counter/1/0/0/0,30240:1747647676696:,1747647684015
counter/4/0/0/0,29693:1747647674329:,1747647684015
counter/1/0/0/0,30241:1747647676696:,1747647684015
counter/4/0/0/0,29694:1747647674329:,1747647684015
counter/1/0/0/0,30242:1747647676696:,1747647684015
counter/4/0/0/0,29695:1747647674329:,1747647684015
counter/1/0/0/0,30243:1747647676696:,1747647684015
counter/4/0/0/0,29696:1747647674329:,1747647684015
counter/1/0/0/0,30244:1747647676696:,1747647684015
counter/4/0/0/0,29697:1747647674329:,1747647684015
counter/1/0/0/0,30245:1747647676696:,1747647684015
counter/4/0/0/0,29698:1747647674329:,1747647684015
counter/1/0/0/0,30246:1747647676696:,1747647684015
counter/4/0/0/0,29699:1747647674329:,1747647684015
counter/1/0/0/0,30247:1747647676702:,1747647684015
counter/6/0/0/0,34181:1747647679329:,1747647684015
counter/4/0/0/0,29700:1747647674329:,1747647684015
counter/1/0/0/0,30248:1747647676702:,1747647684015
counter/8/0/0/0,35312:1747647677912:,1747647684015
counter/4/0/0/0,29701:1747647674329:,1747647684015
counter/1/0/0/0,30249:1747647676703:,1747647684015
counter/8/0/0/0,35313:1747647677914:,1747647684015
counter/4/0/0/0,29702:1747647674329:,1747647684015
counter/1/0/0/0,30250:1747647676703:,1747647684015
counter/8/0/0/0,35314:1747647677914:,1747647684015
counter/4/0/0/0,29703:1747647674329:,1747647684015
counter/1/0/0/0,30251:1747647676703:,1747647684015
counter/8/0/0/0,35315:1747647677914:,1747647684015
counter/4/0/0/0,29704:1747647674329:,1747647684015
counter/1/0/0/0,30252:1747647676703:,1747647684015
counter/8/0/0/0,35316:1747647677914:,1747647684015
counter/6/0/0/0,34182:1747647679329:,1747647684015
counter/4/0/0/0,29705:1747647674329:,1747647684015
counter/1/0/0/0,30253:1747647676703:,1747647684015
counter/8/0/0/0,35317:1747647677914:,1747647684015
counter/6/0/0/0,34183:1747647679329:,1747647684016
counter/4/0/0/0,29706:1747647674329:,1747647684016
counter/1/0/0/0,30254:1747647676705:,1747647684016
counter/8/0/0/0,35318:1747647677914:,1747647684016
counter/6/0/0/0,34184:1747647679329:,1747647684016
counter/4/0/0/0,29707:1747647674329:,1747647684016
counter/1/0/0/0,30255:1747647676705:,1747647684016
counter/8/0/0/0,35319:1747647677914:,1747647684016
counter/6/0/0/0,34185:1747647679329:,1747647684016
counter/4/0/0/0,29708:1747647674329:,1747647684016
counter/1/0/0/0,30256:1747647676705:,1747647684016
counter/8/0/0/0,35320:1747647677914:,1747647684016
counter/6/0/0/0,34186:1747647679329:,1747647684016
counter/4/0/0/0,29709:1747647674329:,1747647684016
counter/1/0/0/0,30257:1747647676706:,1747647684016
counter/8/0/0/0,35321:1747647677914:,1747647684016
counter/4/0/0/0,29710:1747647674329:,1747647684016
counter/1/0/0/0,30258:1747647676706:,1747647684016
counter/8/0/0/0,35322:1747647677914:,1747647684016
counter/4/0/0/0,29711:1747647674329:,1747647684016
counter/1/0/0/0,30259:1747647676706:,1747647684016
counter/8/0/0/0,35323:1747647677914:,1747647684016
counter/4/0/0/0,29712:1747647674330:,1747647684016
counter/1/0/0/0,30260:1747647676706:,1747647684016
counter/8/0/0/0,35324:1747647677914:,1747647684016
counter/7/0/0/0,33956:1747647678010:,1747647684016
counter/4/0/0/0,29713:1747647674330:,1747647684016
counter/1/0/0/0,30261:1747647676706:,1747647684016
counter/8/0/0/0,35325:1747647677915:,1747647684016
counter/4/0/0/0,29714:1747647674330:,1747647684016
counter/1/0/0/0,30262:1747647676706:,1747647684016
counter/8/0/0/0,35326:1747647677915:,1747647684016
counter/4/0/0/0,29715:1747647674330:,1747647684016
counter/1/0/0/0,30263:1747647676706:,1747647684016
counter/8/0/0/0,35327:1747647677915:,1747647684016
counter/4/0/0/0,29716:1747647674330:,1747647684016
counter/1/0/0/0,30264:1747647676706:,1747647684016
counter/8/0/0/0,35328:1747647677919:,1747647684016
counter/4/0/0/0,29717:1747647674330:,1747647684016
counter/1/0/0/0,30265:1747647676706:,1747647684016
counter/8/0/0/0,35329:1747647677919:,1747647684016
counter/4/0/0/0,29718:1747647674330:,1747647684017
counter/1/0/0/0,30266:1747647676706:,1747647684017
counter/8/0/0/0,35330:1747647677919:,1747647684017
counter/4/0/0/0,29719:1747647674330:,1747647684017
counter/1/0/0/0,30267:1747647676706:,1747647684017
counter/8/0/0/0,35331:1747647677919:,1747647684017
counter/4/0/0/0,29720:1747647674330:,1747647684017
counter/1/0/0/0,30268:1747647676706:,1747647684017
counter/8/0/0/0,35332:1747647677919:,1747647684017
counter/4/0/0/0,29721:1747647674330:,1747647684017
counter/1/0/0/0,30269:1747647676706:,1747647684017
counter/8/0/0/0,35333:1747647677919:,1747647684017
counter/4/0/0/0,29722:1747647674330:,1747647684017
counter/1/0/0/0,30270:1747647676706:,1747647684017
counter/8/0/0/0,35334:1747647677919:,1747647684017
counter/4/0/0/0,29723:1747647674331:,1747647684017
counter/1/0/0/0,30271:1747647676706:,1747647684017
counter/8/0/0/0,35335:1747647677920:,1747647684017
counter/4/0/0/0,29724:1747647674331:,1747647684017
counter/1/0/0/0,30272:1747647676706:,1747647684017
counter/8/0/0/0,35336:1747647677922:,1747647684017
counter/4/0/0/0,29725:1747647674331:,1747647684017
counter/1/0/0/0,30273:1747647676710:,1747647684017
counter/8/0/0/0,35337:1747647677923:,1747647684017
counter/4/0/0/0,29726:1747647674331:,1747647684017
counter/1/0/0/0,30274:1747647676729:,1747647684017
counter/8/0/0/0,35338:1747647677923:,1747647684017
counter/4/0/0/0,29727:1747647674331:,1747647684017
counter/1/0/0/0,30275:1747647676729:,1747647684017
counter/8/0/0/0,35339:1747647677923:,1747647684017
counter/4/0/0/0,29728:1747647674331:,1747647684017
counter/1/0/0/0,30276:1747647676729:,1747647684017
counter/8/0/0/0,35340:1747647677923:,1747647684017
counter/7/0/0/0,33957:1747647678010:,1747647684017
counter/4/0/0/0,29729:1747647674331:,1747647684017
counter/1/0/0/0,30277:1747647676729:,1747647684017
counter/8/0/0/0,35341:1747647677923:,1747647684017
counter/4/0/0/0,29730:1747647674331:,1747647684018
counter/1/0/0/0,30278:1747647676729:,1747647684018
counter/8/0/0/0,35342:1747647677923:,1747647684018
counter/4/0/0/0,29731:1747647674331:,1747647684018
counter/1/0/0/0,30279:1747647676729:,1747647684018
counter/4/0/0/0,29732:1747647674331:,1747647684018
counter/1/0/0/0,30280:1747647676729:,1747647684018
counter/4/0/0/0,29733:1747647674331:,1747647684018
counter/1/0/0/0,30281:1747647676729:,1747647684018
counter/4/0/0/0,29734:1747647674331:,1747647684018
counter/1/0/0/0,30282:1747647676733:,1747647684018
counter/10/0/0/0,27927:1747647671249:,1747647684018
counter/4/0/0/0,29735:1747647674331:,1747647684018
counter/1/0/0/0,30283:1747647676733:,1747647684018
counter/8/0/0/0,35343:1747647677923:,1747647684018
counter/4/0/0/0,29736:1747647674331:,1747647684018
counter/1/0/0/0,30284:1747647676733:,1747647684018
counter/6/0/0/0,34187:1747647679329:,1747647684018
counter/4/0/0/0,29737:1747647674331:,1747647684018
counter/1/0/0/0,30285:1747647676733:,1747647684018
counter/4/0/0/0,29738:1747647674331:,1747647684018
counter/1/0/0/0,30286:1747647676733:,1747647684018
counter/4/0/0/0,29739:1747647674331:,1747647684018
counter/1/0/0/0,30287:1747647676734:,1747647684018
counter/4/0/0/0,29740:1747647674331:,1747647684018
counter/1/0/0/0,30288:1747647676734:,1747647684018
counter/3/0/0/0,28227:1747647673721:,1747647684018
counter/4/0/0/0,29741:1747647674331:,1747647684018
counter/1/0/0/0,30289:1747647676734:,1747647684018
counter/10/0/0/0,27928:1747647671250:,1747647684018
counter/8/0/0/0,35344:1747647677923:,1747647684018
counter/4/0/0/0,29742:1747647674333:,1747647684018
counter/1/0/0/0,30290:1747647676734:,1747647684018
counter/6/0/0/0,34188:1747647679329:,1747647684018
counter/4/0/0/0,29743:1747647674333:,1747647684018
counter/1/0/0/0,30291:1747647676734:,1747647684018
counter/6/0/0/0,34189:1747647679329:,1747647684018
counter/4/0/0/0,29744:1747647674333:,1747647684018
counter/1/0/0/0,30292:1747647676734:,1747647684018
counter/6/0/0/0,34190:1747647679329:,1747647684019
counter/4/0/0/0,29745:1747647674333:,1747647684019
counter/1/0/0/0,30293:1747647676736:,1747647684019
counter/6/0/0/0,34191:1747647679329:,1747647684019
counter/4/0/0/0,29746:1747647674333:,1747647684019
counter/1/0/0/0,30294:1747647676742:,1747647684019
counter/4/0/0/0,29747:1747647674333:,1747647684019
counter/1/0/0/0,30295:1747647676742:,1747647684019
counter/4/0/0/0,29748:1747647674333:,1747647684019
counter/1/0/0/0,30296:1747647676742:,1747647684019
counter/4/0/0/0,29749:1747647674333:,1747647684019
counter/1/0/0/0,30297:1747647676742:,1747647684019
counter/4/0/0/0,29750:1747647674333:,1747647684019
counter/1/0/0/0,30298:1747647676743:,1747647684019
counter/4/0/0/0,29751:1747647674333:,1747647684019
counter/1/0/0/0,30299:1747647676743:,1747647684019
counter/4/0/0/0,29752:1747647674333:,1747647684019
counter/1/0/0/0,30300:1747647676743:,1747647684019
counter/4/0/0/0,29753:1747647674333:,1747647684019
counter/1/0/0/0,30301:1747647676743:,1747647684019
counter/4/0/0/0,29754:1747647674333:,1747647684019
counter/1/0/0/0,30302:1747647676743:,1747647684019
counter/4/0/0/0,29755:1747647674333:,1747647684019
counter/1/0/0/0,30303:1747647676755:,1747647684019
counter/4/0/0/0,29756:1747647674333:,1747647684019
counter/1/0/0/0,30304:1747647676756:,1747647684019
counter/4/0/0/0,29757:1747647674336:,1747647684019
counter/1/0/0/0,30305:1747647676756:,1747647684019
counter/4/0/0/0,29758:1747647674336:,1747647684019
counter/1/0/0/0,30306:1747647676756:,1747647684019
counter/4/0/0/0,29759:1747647674336:,1747647684019
counter/1/0/0/0,30307:1747647676756:,1747647684019
counter/4/0/0/0,29760:1747647674336:,1747647684019
counter/1/0/0/0,30308:1747647676756:,1747647684019
counter/4/0/0/0,29761:1747647674336:,1747647684019
counter/1/0/0/0,30309:1747647676756:,1747647684020
counter/4/0/0/0,29762:1747647674336:,1747647684020
counter/1/0/0/0,30310:1747647676756:,1747647684020
counter/4/0/0/0,29763:1747647674336:,1747647684020
counter/1/0/0/0,30311:1747647676761:,1747647684020
counter/4/0/0/0,29764:1747647674337:,1747647684020
counter/1/0/0/0,30312:1747647676761:,1747647684020
counter/4/0/0/0,29765:1747647674337:,1747647684020
counter/1/0/0/0,30313:1747647676761:,1747647684020
counter/4/0/0/0,29766:1747647674337:,1747647684020
counter/1/0/0/0,30314:1747647676761:,1747647684020
counter/4/0/0/0,29767:1747647674337:,1747647684020
counter/1/0/0/0,30315:1747647676761:,1747647684020
counter/4/0/0/0,29768:1747647674337:,1747647684020
counter/1/0/0/0,30316:1747647676762:,1747647684020
counter/7/0/0/0,33958:1747647678010:,1747647684020
counter/4/0/0/0,29769:1747647674337:,1747647684020
counter/1/0/0/0,30317:1747647676762:,1747647684020
counter/7/0/0/0,33959:1747647678010:,1747647684020
counter/4/0/0/0,29770:1747647674337:,1747647684020
counter/1/0/0/0,30318:1747647676762:,1747647684020
counter/7/0/0/0,33960:1747647678010:,1747647684020
counter/4/0/0/0,29771:1747647674337:,1747647684020
counter/1/0/0/0,30319:1747647676762:,1747647684020
counter/4/0/0/0,29772:1747647674337:,1747647684020
counter/1/0/0/0,30320:1747647676762:,1747647684020
counter/4/0/0/0,29773:1747647674337:,1747647684020
counter/1/0/0/0,30321:1747647676764:,1747647684020
counter/4/0/0/0,29774:1747647674346:,1747647684020
counter/1/0/0/0,30322:1747647676764:,1747647684020
counter/7/0/0/0,33961:1747647678010:,1747647684020
counter/4/0/0/0,29775:1747647674353:,1747647684020
counter/1/0/0/0,30323:1747647676770:,1747647684020
counter/4/0/0/0,29776:1747647674353:,1747647684020
counter/1/0/0/0,30324:1747647676770:,1747647684020
counter/4/0/0/0,29777:1747647674353:,1747647684020
counter/1/0/0/0,30325:1747647676770:,1747647684020
counter/4/0/0/0,29778:1747647674353:,1747647684020
counter/1/0/0/0,30326:1747647676770:,1747647684020
counter/4/0/0/0,29779:1747647674353:,1747647684020
counter/1/0/0/0,30327:1747647676770:,1747647684020
counter/4/0/0/0,29780:1747647674353:,1747647684021
counter/1/0/0/0,30328:1747647676774:,1747647684021
counter/7/0/0/0,33962:1747647678011:,1747647684021
counter/4/0/0/0,29781:1747647674353:,1747647684021
counter/1/0/0/0,30329:1747647676774:,1747647684021
counter/3/0/0/0,28228:1747647673721:,1747647684021
counter/4/0/0/0,29782:1747647674353:,1747647684021
counter/1/0/0/0,30330:1747647676774:,1747647684021
counter/6/0/0/0,34192:1747647679329:,1747647684021
counter/4/0/0/0,29783:1747647674353:,1747647684021
counter/1/0/0/0,30331:1747647676774:,1747647684021
counter/4/0/0/0,29784:1747647674353:,1747647684021
counter/1/0/0/0,30332:1747647676778:,1747647684021
counter/4/0/0/0,29785:1747647674353:,1747647684021
counter/1/0/0/0,30333:1747647676778:,1747647684021
counter/4/0/0/0,29786:1747647674354:,1747647684021
counter/1/0/0/0,30334:1747647676778:,1747647684021
counter/4/0/0/0,29787:1747647674354:,1747647684021
counter/1/0/0/0,30335:1747647676778:,1747647684021
counter/4/0/0/0,29788:1747647674354:,1747647684021
counter/1/0/0/0,30336:1747647676778:,1747647684021
counter/4/0/0/0,29789:1747647674354:,1747647684021
counter/4/0/0/0,29790:1747647674354:,1747647684021
counter/4/0/0/0,29791:1747647674354:,1747647684021
counter/4/0/0/0,29792:1747647674356:,1747647684021
counter/4/0/0/0,29793:1747647674356:,1747647684021
counter/10/0/0/0,27929:1747647671250:,1747647684021
counter/4/0/0/0,29794:1747647674356:,1747647684021
counter/3/0/0/0,28229:1747647673722:,1747647684021
counter/4/0/0/0,29795:1747647674357:,1747647684021
counter/7/0/0/0,33963:1747647678013:,1747647684021
counter/4/0/0/0,29796:1747647674357:,1747647684021
counter/4/0/0/0,29797:1747647674357:,1747647684022
counter/4/0/0/0,29798:1747647674357:,1747647684022
counter/4/0/0/0,29799:1747647674357:,1747647684022
counter/4/0/0/0,29800:1747647674357:,1747647684022
counter/4/0/0/0,29801:1747647674360:,1747647684022
counter/4/0/0/0,29802:1747647674360:,1747647684022
counter/4/0/0/0,29803:1747647674360:,1747647684022
counter/4/0/0/0,29804:1747647674361:,1747647684022
counter/4/0/0/0,29805:1747647674361:,1747647684022
counter/4/0/0/0,29806:1747647674361:,1747647684022
counter/4/0/0/0,29807:1747647674361:,1747647684022
counter/4/0/0/0,29808:1747647674361:,1747647684022
counter/4/0/0/0,29809:1747647674361:,1747647684022
counter/4/0/0/0,29810:1747647674361:,1747647684022
counter/4/0/0/0,29811:1747647674361:,1747647684022
counter/4/0/0/0,29812:1747647674361:,1747647684022
counter/4/0/0/0,29813:1747647674361:,1747647684022
counter/4/0/0/0,29814:1747647674361:,1747647684022
counter/4/0/0/0,29815:1747647674361:,1747647684022
counter/4/0/0/0,29816:1747647674361:,1747647684022
counter/4/0/0/0,29817:1747647674381:,1747647684022
counter/8/0/0/0,35345:1747647677923:,1747647684022
counter/4/0/0/0,29818:1747647674381:,1747647684022
counter/7/0/0/0,33964:1747647678014:,1747647684022
counter/4/0/0/0,29819:1747647674381:,1747647684022
counter/10/0/0/0,27930:1747647671250:,1747647684022
counter/4/0/0/0,29820:1747647674382:,1747647684022
counter/4/0/0/0,29821:1747647674382:,1747647684022
counter/4/0/0/0,29822:1747647674382:,1747647684022
counter/4/0/0/0,29823:1747647674382:,1747647684022
counter/4/0/0/0,29824:1747647674382:,1747647684022
counter/4/0/0/0,29825:1747647674382:,1747647684022
counter/4/0/0/0,29826:1747647674382:,1747647684022
counter/4/0/0/0,29827:1747647674382:,1747647684022
counter/4/0/0/0,29828:1747647674382:,1747647684022
counter/4/0/0/0,29829:1747647674382:,1747647684022
counter/4/0/0/0,29830:1747647674382:,1747647684022
counter/4/0/0/0,29831:1747647674382:,1747647684022
counter/6/0/0/0,34193:1747647679329:,1747647684023
counter/4/0/0/0,29832:1747647674382:,1747647684023
counter/8/0/0/0,35346:1747647677923:,1747647684023
counter/4/0/0/0,29833:1747647674382:,1747647684023
counter/8/0/0/0,35347:1747647677923:,1747647684023
counter/4/0/0/0,29834:1747647674382:,1747647684023
counter/8/0/0/0,35348:1747647677923:,1747647684023
counter/4/0/0/0,29835:1747647674385:,1747647684023
counter/8/0/0/0,35349:1747647677923:,1747647684023
counter/4/0/0/0,29836:1747647674385:,1747647684023
counter/8/0/0/0,35350:1747647677923:,1747647684023
counter/4/0/0/0,29837:1747647674386:,1747647684023
counter/8/0/0/0,35351:1747647677929:,1747647684023
counter/4/0/0/0,29838:1747647674386:,1747647684023
counter/8/0/0/0,35352:1747647677932:,1747647684023
counter/4/0/0/0,29839:1747647674386:,1747647684023
counter/8/0/0/0,35353:1747647677932:,1747647684023
counter/4/0/0/0,29840:1747647674387:,1747647684023
counter/8/0/0/0,35354:1747647677932:,1747647684023
counter/4/0/0/0,29841:1747647674387:,1747647684023
counter/8/0/0/0,35355:1747647677932:,1747647684023
counter/4/0/0/0,29842:1747647674388:,1747647684023
counter/4/0/0/0,29843:1747647674388:,1747647684023
counter/4/0/0/0,29844:1747647674388:,1747647684023
counter/4/0/0/0,29845:1747647674388:,1747647684023
counter/4/0/0/0,29846:1747647674388:,1747647684023
counter/4/0/0/0,29847:1747647674388:,1747647684023
counter/4/0/0/0,29848:1747647674388:,1747647684023
counter/4/0/0/0,29849:1747647674388:,1747647684023
counter/4/0/0/0,29850:1747647674389:,1747647684023
counter/4/0/0/0,29851:1747647674389:,1747647684023
counter/4/0/0/0,29852:1747647674389:,1747647684023
counter/4/0/0/0,29853:1747647674389:,1747647684023
counter/4/0/0/0,29854:1747647674389:,1747647684023
counter/4/0/0/0,29855:1747647674389:,1747647684023
counter/4/0/0/0,29856:1747647674389:,1747647684023
counter/4/0/0/0,29857:1747647674389:,1747647684023
counter/4/0/0/0,29858:1747647674390:,1747647684023
counter/4/0/0/0,29859:1747647674390:,1747647684023
counter/4/0/0/0,29860:1747647674390:,1747647684023
counter/4/0/0/0,29861:1747647674390:,1747647684024
counter/4/0/0/0,29862:1747647674390:,1747647684024
counter/4/0/0/0,29863:1747647674390:,1747647684024
counter/4/0/0/0,29864:1747647674390:,1747647684024
counter/4/0/0/0,29865:1747647674390:,1747647684024
counter/4/0/0/0,29866:1747647674390:,1747647684024
counter/4/0/0/0,29867:1747647674391:,1747647684024
counter/4/0/0/0,29868:1747647674391:,1747647684024
counter/4/0/0/0,29869:1747647674391:,1747647684024
counter/4/0/0/0,29870:1747647674391:,1747647684024
counter/4/0/0/0,29871:1747647674391:,1747647684024
counter/4/0/0/0,29872:1747647674391:,1747647684024
counter/4/0/0/0,29873:1747647674391:,1747647684024
counter/4/0/0/0,29874:1747647674391:,1747647684024
counter/3/0/0/0,28230:1747647673722:,1747647684024
counter/4/0/0/0,29875:1747647674391:,1747647684024
counter/4/0/0/0,29876:1747647674391:,1747647684024
counter/7/0/0/0,33965:1747647678014:,1747647684024
counter/4/0/0/0,29877:1747647674391:,1747647684024
counter/4/0/0/0,29878:1747647674392:,1747647684024
counter/4/0/0/0,29879:1747647674392:,1747647684024
counter/4/0/0/0,29880:1747647674392:,1747647684024
counter/4/0/0/0,29881:1747647674392:,1747647684024
counter/4/0/0/0,29882:1747647674392:,1747647684024
counter/4/0/0/0,29883:1747647674392:,1747647684024
counter/4/0/0/0,29884:1747647674397:,1747647684024
counter/4/0/0/0,29885:1747647674398:,1747647684024
counter/4/0/0/0,29886:1747647674398:,1747647684024
counter/4/0/0/0,29887:1747647674398:,1747647684024
counter/4/0/0/0,29888:1747647674398:,1747647684024
counter/4/0/0/0,29889:1747647674398:,1747647684024
counter/4/0/0/0,29890:1747647674398:,1747647684024
counter/4/0/0/0,29891:1747647674424:,1747647684024
counter/4/0/0/0,29892:1747647674424:,1747647684024
counter/4/0/0/0,29893:1747647674424:,1747647684024
counter/4/0/0/0,29894:1747647674426:,1747647684024
counter/4/0/0/0,29895:1747647674426:,1747647684024
counter/4/0/0/0,29896:1747647674426:,1747647684024
counter/4/0/0/0,29897:1747647674426:,1747647684024
counter/4/0/0/0,29898:1747647674426:,1747647684024
counter/4/0/0/0,29899:1747647674426:,1747647684024
counter/4/0/0/0,29900:1747647674426:,1747647684024
counter/4/0/0/0,29901:1747647674426:,1747647684025
counter/6/0/0/0,34194:1747647679329:,1747647684025
counter/4/0/0/0,29902:1747647674426:,1747647684025
counter/1/0/0/0,30337:1747647676778:,1747647684025
counter/4/0/0/0,29903:1747647674426:,1747647684025
counter/7/0/0/0,33966:1747647678014:,1747647684025
counter/3/0/0/0,28231:1747647673722:,1747647684025
counter/4/0/0/0,29904:1747647674426:,1747647684025
counter/4/0/0/0,29905:1747647674426:,1747647684025
counter/4/0/0/0,29906:1747647674434:,1747647684025
counter/4/0/0/0,29907:1747647674434:,1747647684025
counter/4/0/0/0,29908:1747647674434:,1747647684025
counter/4/0/0/0,29909:1747647674434:,1747647684025
counter/4/0/0/0,29910:1747647674434:,1747647684025
counter/4/0/0/0,29911:1747647674435:,1747647684025
counter/4/0/0/0,29912:1747647674440:,1747647684025
counter/4/0/0/0,29913:1747647674440:,1747647684025
counter/4/0/0/0,29914:1747647674440:,1747647684025
counter/4/0/0/0,29915:1747647674440:,1747647684025
counter/4/0/0/0,29916:1747647674440:,1747647684025
counter/4/0/0/0,29917:1747647674440:,1747647684025
counter/4/0/0/0,29918:1747647674440:,1747647684025
counter/4/0/0/0,29919:1747647674440:,1747647684025
counter/4/0/0/0,29920:1747647674440:,1747647684025
counter/4/0/0/0,29921:1747647674440:,1747647684025
counter/3/0/0/0,28232:1747647673722:,1747647684025
counter/4/0/0/0,29922:1747647674440:,1747647684025
counter/4/0/0/0,29923:1747647674440:,1747647684025
counter/4/0/0/0,29924:1747647674441:,1747647684025
counter/4/0/0/0,29925:1747647674441:,1747647684025
counter/4/0/0/0,29926:1747647674441:,1747647684025
counter/4/0/0/0,29927:1747647674441:,1747647684025
counter/4/0/0/0,29928:1747647674441:,1747647684025
counter/4/0/0/0,29929:1747647674441:,1747647684025
counter/4/0/0/0,29930:1747647674441:,1747647684025
counter/4/0/0/0,29931:1747647674441:,1747647684025
counter/3/0/0/0,28233:1747647673722:,1747647684025
counter/4/0/0/0,29932:1747647674441:,1747647684025
counter/1/0/0/0,30338:1747647676778:,1747647684025
counter/6/0/0/0,34195:1747647679329:,1747647684025
counter/4/0/0/0,29933:1747647674441:,1747647684026
counter/4/0/0/0,29934:1747647674441:,1747647684026
counter/4/0/0/0,29935:1747647674441:,1747647684026
counter/4/0/0/0,29936:1747647674441:,1747647684026
counter/4/0/0/0,29937:1747647674441:,1747647684026
counter/4/0/0/0,29938:1747647674441:,1747647684026
counter/4/0/0/0,29939:1747647674441:,1747647684026
counter/4/0/0/0,29940:1747647674441:,1747647684026
counter/4/0/0/0,29941:1747647674443:,1747647684026
counter/4/0/0/0,29942:1747647674443:,1747647684026
counter/4/0/0/0,29943:1747647674443:,1747647684026
counter/4/0/0/0,29944:1747647674443:,1747647684026
counter/4/0/0/0,29945:1747647674443:,1747647684026
counter/4/0/0/0,29946:1747647674443:,1747647684026
counter/4/0/0/0,29947:1747647674443:,1747647684026
counter/4/0/0/0,29948:1747647674443:,1747647684026
counter/4/0/0/0,29949:1747647674443:,1747647684026
counter/3/0/0/0,28234:1747647673722:,1747647684026
counter/4/0/0/0,29950:1747647674445:,1747647684026
counter/6/0/0/0,34196:1747647679329:,1747647684026
counter/4/0/0/0,29951:1747647674445:,1747647684026
counter/6/0/0/0,34197:1747647679329:,1747647684026
counter/4/0/0/0,29952:1747647674458:,1747647684026
counter/6/0/0/0,34198:1747647679329:,1747647684026
counter/4/0/0/0,29953:1747647674458:,1747647684026
counter/6/0/0/0,34199:1747647679329:,1747647684026
counter/4/0/0/0,29954:1747647674458:,1747647684026
counter/6/0/0/0,34200:1747647679329:,1747647684026
counter/4/0/0/0,29955:1747647674458:,1747647684026
counter/6/0/0/0,34201:1747647679329:,1747647684026
counter/4/0/0/0,29956:1747647674458:,1747647684026
counter/6/0/0/0,34202:1747647679329:,1747647684026
counter/4/0/0/0,29957:1747647674458:,1747647684026
counter/6/0/0/0,34203:1747647679330:,1747647684026
counter/4/0/0/0,29958:1747647674458:,1747647684026
counter/4/0/0/0,29959:1747647674458:,1747647684026
counter/4/0/0/0,29960:1747647674458:,1747647684026
counter/4/0/0/0,29961:1747647674458:,1747647684026
counter/3/0/0/0,28235:1747647673733:,1747647684026
counter/4/0/0/0,29962:1747647674458:,1747647684026
counter/1/0/0/0,30339:1747647676785:,1747647684027
counter/4/0/0/0,29963:1747647674459:,1747647684027
counter/6/0/0/0,34204:1747647679330:,1747647684027
counter/4/0/0/0,29964:1747647674459:,1747647684027
counter/6/0/0/0,34205:1747647679331:,1747647684027
counter/4/0/0/0,29965:1747647674459:,1747647684027
counter/6/0/0/0,34206:1747647679331:,1747647684027
counter/4/0/0/0,29966:1747647674460:,1747647684027
counter/6/0/0/0,34207:1747647679331:,1747647684027
counter/8/0/0/0,35356:1747647677932:,1747647684027
counter/3/0/0/0,28236:1747647673733:,1747647684027
counter/4/0/0/0,29967:1747647674460:,1747647684027
counter/6/0/0/0,34208:1747647679331:,1747647684027
counter/1/0/0/0,30340:1747647676785:,1747647684027
counter/4/0/0/0,29968:1747647674473:,1747647684027
counter/10/0/0/0,27931:1747647671250:,1747647684027
counter/4/0/0/0,29969:1747647674473:,1747647684027
counter/4/0/0/0,29970:1747647674473:,1747647684027
counter/4/0/0/0,29971:1747647674482:,1747647684027
counter/4/0/0/0,29972:1747647674482:,1747647684027
counter/4/0/0/0,29973:1747647674482:,1747647684027
counter/4/0/0/0,29974:1747647674482:,1747647684027
counter/4/0/0/0,29975:1747647674482:,1747647684027
counter/10/0/0/0,27932:1747647671250:,1747647684027
counter/4/0/0/0,29976:1747647674482:,1747647684027
counter/1/0/0/0,30341:1747647676785:,1747647684027
counter/7/0/0/0,33967:1747647678014:,1747647684027
counter/4/0/0/0,29977:1747647674482:,1747647684027
counter/3/0/0/0,28237:1747647673734:,1747647684027
counter/4/0/0/0,29978:1747647674482:,1747647684027
counter/4/0/0/0,29979:1747647674482:,1747647684027
counter/4/0/0/0,29980:1747647674482:,1747647684027
counter/4/0/0/0,29981:1747647674522:,1747647684027
counter/4/0/0/0,29982:1747647674522:,1747647684027
counter/4/0/0/0,29983:1747647674522:,1747647684027
counter/4/0/0/0,29984:1747647674522:,1747647684027
counter/4/0/0/0,29985:1747647674531:,1747647684027
counter/8/0/0/0,35357:1747647677932:,1747647684027
counter/4/0/0/0,29986:1747647674531:,1747647684028
counter/10/0/0/0,27933:1747647671250:,1747647684028
counter/7/0/0/0,33968:1747647678014:,1747647684028
counter/3/0/0/0,28238:1747647673734:,1747647684028
counter/6/0/0/0,34209:1747647679331:,1747647684028
counter/4/0/0/0,29987:1747647674531:,1747647684028
counter/7/0/0/0,33969:1747647678014:,1747647684028
counter/10/0/0/0,27934:1747647671250:,1747647684028
counter/6/0/0/0,34210:1747647679331:,1747647684028
counter/1/0/0/0,30342:1747647676785:,1747647684028
counter/1/0/0/0,30343:1747647676785:,1747647684028
counter/1/0/0/0,30344:1747647676785:,1747647684028
counter/1/0/0/0,30345:1747647676785:,1747647684028
counter/6/0/0/0,34211:1747647679331:,1747647684028
counter/1/0/0/0,30346:1747647676785:,1747647684028
counter/4/0/0/0,29988:1747647674531:,1747647684028
counter/7/0/0/0,33970:1747647678014:,1747647684028
counter/10/0/0/0,27935:1747647671250:,1747647684028
counter/3/0/0/0,28239:1747647673734:,1747647684028
counter/7/0/0/0,33971:1747647678015:,1747647684028
counter/10/0/0/0,27936:1747647671250:,1747647684028
counter/6/0/0/0,34212:1747647679331:,1747647684028
counter/3/0/0/0,28240:1747647673734:,1747647684028
counter/4/0/0/0,29989:1747647674532:,1747647684028
counter/4/0/0/0,29990:1747647674532:,1747647684028
counter/3/0/0/0,28241:1747647673735:,1747647684028
counter/7/0/0/0,33972:1747647678015:,1747647684028
counter/10/0/0/0,27937:1747647671250:,1747647684028
counter/8/0/0/0,35358:1747647677933:,1747647684028
counter/6/0/0/0,34213:1747647679331:,1747647684028
counter/4/0/0/0,29991:1747647674540:,1747647684028
counter/3/0/0/0,28242:1747647673736:,1747647684028
counter/6/0/0/0,34214:1747647679331:,1747647684028
counter/6/0/0/0,34215:1747647679331:,1747647684028
counter/6/0/0/0,34216:1747647679331:,1747647684028
counter/8/0/0/0,35359:1747647677933:,1747647684028
counter/6/0/0/0,34217:1747647679331:,1747647684028
counter/4/0/0/0,29992:1747647674540:,1747647684028
counter/3/0/0/0,28243:1747647673736:,1747647684028
counter/1/0/0/0,30347:1747647676785:,1747647684028
counter/6/0/0/0,34218:1747647679331:,1747647684029
counter/6/0/0/0,34219:1747647679331:,1747647684029
counter/6/0/0/0,34220:1747647679331:,1747647684029
counter/6/0/0/0,34221:1747647679331:,1747647684029
counter/6/0/0/0,34222:1747647679332:,1747647684029
counter/6/0/0/0,34223:1747647679332:,1747647684029
counter/6/0/0/0,34224:1747647679332:,1747647684029
counter/6/0/0/0,34225:1747647679332:,1747647684029
counter/4/0/0/0,29993:1747647674540:,1747647684029
counter/6/0/0/0,34226:1747647679332:,1747647684029
counter/6/0/0/0,34227:1747647679332:,1747647684029
counter/8/0/0/0,35360:1747647677933:,1747647684029
counter/6/0/0/0,34228:1747647679332:,1747647684029
counter/6/0/0/0,34229:1747647679332:,1747647684029
counter/10/0/0/0,27938:1747647671250:,1747647684029
counter/4/0/0/0,29994:1747647674540:,1747647684029
counter/8/0/0/0,35361:1747647677933:,1747647684029
counter/1/0/0/0,30348:1747647676788:,1747647684029
counter/8/0/0/0,35362:1747647677933:,1747647684029
counter/3/0/0/0,28244:1747647673736:,1747647684029
counter/8/0/0/0,35363:1747647677933:,1747647684029
counter/4/0/0/0,29995:1747647674540:,1747647684029
counter/8/0/0/0,35364:1747647677933:,1747647684029
counter/4/0/0/0,29996:1747647674540:,1747647684029
counter/4/0/0/0,29997:1747647674540:,1747647684029
counter/7/0/0/0,33973:1747647678015:,1747647684029
counter/4/0/0/0,29998:1747647674540:,1747647684029
counter/8/0/0/0,35365:1747647677933:,1747647684029
counter/4/0/0/0,29999:1747647674540:,1747647684029
counter/8/0/0/0,35366:1747647677933:,1747647684029
counter/8/0/0/0,35367:1747647677933:,1747647684029
counter/8/0/0/0,35368:1747647677933:,1747647684029
counter/7/0/0/0,33974:1747647678015:,1747647684029
counter/8/0/0/0,35369:1747647677933:,1747647684029
counter/10/0/0/0,27939:1747647671250:,1747647684029
counter/8/0/0/0,35370:1747647677933:,1747647684029
counter/3/0/0/0,28245:1747647673736:,1747647684029
counter/6/0/0/0,34230:1747647679332:,1747647684029
counter/8/0/0/0,35371:1747647677933:,1747647684029
counter/1/0/0/0,30349:1747647676788:,1747647684029
counter/8/0/0/0,35372:1747647677941:,1747647684029
counter/8/0/0/0,35373:1747647677941:,1747647684030
counter/6/0/0/0,34231:1747647679332:,1747647684030
counter/8/0/0/0,35374:1747647677941:,1747647684030
counter/6/0/0/0,34232:1747647679332:,1747647684030
counter/8/0/0/0,35375:1747647677941:,1747647684030
counter/4/0/0/0,30000:1747647674540:,1747647684030
counter/8/0/0/0,35376:1747647677941:,1747647684030
counter/10/0/0/0,27940:1747647671250:,1747647684030
counter/7/0/0/0,33975:1747647678015:,1747647684030
counter/8/0/0/0,35377:1747647677942:,1747647684030
counter/8/0/0/0,35378:1747647677942:,1747647684030
counter/8/0/0/0,35379:1747647677942:,1747647684030
counter/8/0/0/0,35380:1747647677942:,1747647684030
counter/7/0/0/0,33976:1747647678016:,1747647684030
counter/8/0/0/0,35381:1747647677947:,1747647684030
counter/7/0/0/0,33977:1747647678016:,1747647684030
counter/8/0/0/0,35382:1747647677947:,1747647684030
counter/7/0/0/0,33978:1747647678017:,1747647684030
counter/8/0/0/0,35383:1747647677947:,1747647684030
counter/7/0/0/0,33979:1747647678017:,1747647684030
counter/8/0/0/0,35384:1747647677947:,1747647684030
counter/7/0/0/0,33980:1747647678017:,1747647684030
counter/7/0/0/0,33981:1747647678017:,1747647684030
counter/7/0/0/0,33982:1747647678017:,1747647684030
counter/7/0/0/0,33983:1747647678017:,1747647684030
counter/7/0/0/0,33984:1747647678017:,1747647684030
counter/7/0/0/0,33985:1747647678022:,1747647684030
counter/7/0/0/0,33986:1747647678022:,1747647684030
counter/7/0/0/0,33987:1747647678022:,1747647684030
counter/7/0/0/0,33988:1747647678022:,1747647684030
counter/7/0/0/0,33989:1747647678023:,1747647684030
counter/10/0/0/0,27941:1747647671250:,1747647684030
counter/7/0/0/0,33990:1747647678023:,1747647684030
counter/4/0/0/0,30001:1747647674540:,1747647684030
counter/3/0/0/0,28246:1747647673736:,1747647684030
counter/7/0/0/0,33991:1747647678023:,1747647684030
counter/1/0/0/0,30350:1747647676788:,1747647684030
counter/7/0/0/0,33992:1747647678023:,1747647684030
counter/8/0/0/0,35385:1747647677948:,1747647684031
counter/7/0/0/0,33993:1747647678023:,1747647684031
counter/8/0/0/0,35386:1747647677949:,1747647684031
counter/7/0/0/0,33994:1747647678023:,1747647684031
counter/8/0/0/0,35387:1747647677949:,1747647684031
counter/8/0/0/0,35388:1747647677949:,1747647684031
counter/8/0/0/0,35389:1747647677949:,1747647684031
counter/8/0/0/0,35390:1747647677949:,1747647684031
counter/8/0/0/0,35391:1747647677949:,1747647684031
counter/8/0/0/0,35392:1747647677949:,1747647684031
counter/8/0/0/0,35393:1747647677949:,1747647684031
counter/6/0/0/0,34233:1747647679372:,1747647684031
counter/8/0/0/0,35394:1747647677949:,1747647684031
counter/10/0/0/0,27942:1747647671250:,1747647684031
counter/8/0/0/0,35395:1747647677949:,1747647684031
counter/1/0/0/0,30351:1747647676788:,1747647684031
counter/7/0/0/0,33995:1747647678023:,1747647684031
counter/8/0/0/0,35396:1747647677949:,1747647684031
counter/3/0/0/0,28247:1747647673736:,1747647684031
counter/8/0/0/0,35397:1747647677949:,1747647684031
counter/4/0/0/0,30002:1747647674540:,1747647684031
counter/8/0/0/0,35398:1747647677949:,1747647684031
counter/4/0/0/0,30003:1747647674540:,1747647684031
counter/8/0/0/0,35399:1747647677949:,1747647684031
counter/4/0/0/0,30004:1747647674540:,1747647684031
counter/8/0/0/0,35400:1747647677951:,1747647684031
counter/4/0/0/0,30005:1747647674540:,1747647684031
counter/8/0/0/0,35401:1747647677951:,1747647684031
counter/4/0/0/0,30006:1747647674541:,1747647684031
counter/4/0/0/0,30007:1747647674541:,1747647684031
counter/4/0/0/0,30008:1747647674541:,1747647684031
counter/4/0/0/0,30009:1747647674541:,1747647684031
counter/4/0/0/0,30010:1747647674543:,1747647684031
counter/4/0/0/0,30011:1747647674543:,1747647684031
counter/4/0/0/0,30012:1747647674543:,1747647684031
counter/4/0/0/0,30013:1747647674543:,1747647684031
counter/4/0/0/0,30014:1747647674543:,1747647684031
counter/4/0/0/0,30015:1747647674543:,1747647684031
counter/7/0/0/0,33996:1747647678031:,1747647684031
counter/7/0/0/0,33997:1747647678031:,1747647684032
counter/4/0/0/0,30016:1747647674543:,1747647684032
counter/10/0/0/0,27943:1747647671250:,1747647684032
counter/3/0/0/0,28248:1747647673736:,1747647684032
counter/4/0/0/0,30017:1747647674551:,1747647684032
counter/7/0/0/0,33998:1747647678031:,1747647684032
counter/1/0/0/0,30352:1747647676788:,1747647684032
counter/6/0/0/0,34234:1747647679372:,1747647684032
counter/3/0/0/0,28249:1747647673736:,1747647684032
counter/7/0/0/0,33999:1747647678031:,1747647684032
counter/1/0/0/0,30353:1747647676788:,1747647684032
counter/6/0/0/0,34235:1747647679372:,1747647684032
counter/3/0/0/0,28250:1747647673736:,1747647684032
counter/10/0/0/0,27944:1747647671250:,1747647684032
counter/10/0/0/0,27945:1747647671250:,1747647684032
counter/7/0/0/0,34000:1747647678031:,1747647684032
counter/4/0/0/0,30018:1747647674551:,1747647684032
counter/6/0/0/0,34236:1747647679372:,1747647684032
counter/8/0/0/0,35402:1747647677951:,1747647684032
counter/3/0/0/0,28251:1747647673736:,1747647684032
counter/8/0/0/0,35403:1747647677951:,1747647684032
counter/8/0/0/0,35404:1747647677951:,1747647684032
counter/8/0/0/0,35405:1747647677951:,1747647684032
counter/6/0/0/0,34237:1747647679372:,1747647684032
counter/8/0/0/0,35406:1747647677951:,1747647684032
counter/3/0/0/0,28252:1747647673736:,1747647684032
counter/8/0/0/0,35407:1747647677951:,1747647684032
counter/1/0/0/0,30354:1747647676788:,1747647684032
counter/7/0/0/0,34001:1747647678031:,1747647684032
counter/8/0/0/0,35408:1747647677951:,1747647684032
counter/4/0/0/0,30019:1747647674551:,1747647684032
counter/8/0/0/0,35409:1747647677951:,1747647684032
counter/3/0/0/0,28253:1747647673736:,1747647684032
counter/8/0/0/0,35410:1747647677951:,1747647684032
counter/1/0/0/0,30355:1747647676788:,1747647684032
counter/7/0/0/0,34002:1747647678031:,1747647684032
counter/8/0/0/0,35411:1747647677952:,1747647684032
counter/4/0/0/0,30020:1747647674551:,1747647684032
counter/10/0/0/0,27946:1747647671251:,1747647684032
counter/8/0/0/0,35412:1747647677952:,1747647684033
counter/8/0/0/0,35413:1747647677952:,1747647684033
counter/8/0/0/0,35414:1747647677963:,1747647684033
counter/8/0/0/0,35415:1747647677963:,1747647684033
counter/8/0/0/0,35416:1747647677963:,1747647684033
counter/8/0/0/0,35417:1747647677963:,1747647684033
counter/8/0/0/0,35418:1747647677963:,1747647684033
counter/8/0/0/0,35419:1747647677963:,1747647684033
counter/8/0/0/0,35420:1747647677963:,1747647684033
counter/8/0/0/0,35421:1747647677963:,1747647684033
counter/8/0/0/0,35422:1747647677964:,1747647684033
counter/8/0/0/0,35423:1747647677964:,1747647684033
counter/8/0/0/0,35424:1747647677972:,1747647684033
counter/8/0/0/0,35425:1747647677972:,1747647684033
counter/8/0/0/0,35426:1747647677972:,1747647684033
counter/8/0/0/0,35427:1747647677995:,1747647684033
counter/8/0/0/0,35428:1747647677995:,1747647684033
counter/8/0/0/0,35429:1747647677999:,1747647684033
counter/6/0/0/0,34238:1747647679372:,1747647684033
counter/8/0/0/0,35430:1747647677999:,1747647684033
counter/1/0/0/0,30356:1747647676788:,1747647684033
counter/8/0/0/0,35431:1747647678008:,1747647684033
counter/7/0/0/0,34003:1747647678031:,1747647684033
counter/4/0/0/0,30021:1747647674551:,1747647684033
counter/8/0/0/0,35432:1747647678008:,1747647684033
counter/10/0/0/0,27947:1747647671251:,1747647684033
counter/8/0/0/0,35433:1747647678008:,1747647684033
counter/8/0/0/0,35434:1747647678008:,1747647684033
counter/8/0/0/0,35435:1747647678008:,1747647684033
counter/8/0/0/0,35436:1747647678008:,1747647684033
counter/8/0/0/0,35437:1747647678008:,1747647684033
counter/8/0/0/0,35438:1747647678010:,1747647684033
counter/8/0/0/0,35439:1747647678015:,1747647684033
counter/8/0/0/0,35440:1747647678020:,1747647684033
counter/8/0/0/0,35441:1747647678020:,1747647684033
counter/8/0/0/0,35442:1747647678020:,1747647684033
counter/8/0/0/0,35443:1747647678020:,1747647684033
counter/8/0/0/0,35444:1747647678021:,1747647684033
counter/7/0/0/0,34004:1747647678031:,1747647684033
counter/8/0/0/0,35445:1747647678021:,1747647684034
counter/4/0/0/0,30022:1747647674551:,1747647684034
counter/10/0/0/0,27948:1747647671251:,1747647684034
counter/8/0/0/0,35446:1747647678021:,1747647684034
counter/3/0/0/0,28254:1747647673736:,1747647684034
counter/6/0/0/0,34239:1747647679372:,1747647684034
counter/8/0/0/0,35447:1747647678023:,1747647684034
counter/8/0/0/0,35448:1747647678023:,1747647684034
counter/8/0/0/0,35449:1747647678023:,1747647684034
counter/8/0/0/0,35450:1747647678024:,1747647684034
counter/10/0/0/0,27949:1747647671251:,1747647684034
counter/3/0/0/0,28255:1747647673736:,1747647684034
counter/8/0/0/0,35451:1747647678024:,1747647684034
counter/6/0/0/0,34240:1747647679372:,1747647684034
counter/8/0/0/0,35452:1747647678024:,1747647684034
counter/6/0/0/0,34241:1747647679372:,1747647684034
counter/8/0/0/0,35453:1747647678024:,1747647684034
counter/6/0/0/0,34242:1747647679372:,1747647684034
counter/8/0/0/0,35454:1747647678024:,1747647684034
counter/6/0/0/0,34243:1747647679372:,1747647684034
counter/6/0/0/0,34244:1747647679372:,1747647684034
counter/3/0/0/0,28256:1747647673741:,1747647684034
counter/6/0/0/0,34245:1747647679372:,1747647684034
counter/6/0/0/0,34246:1747647679372:,1747647684034
counter/6/0/0/0,34247:1747647679372:,1747647684034
counter/6/0/0/0,34248:1747647679372:,1747647684034
counter/6/0/0/0,34249:1747647679372:,1747647684034
counter/6/0/0/0,34250:1747647679372:,1747647684034
counter/6/0/0/0,34251:1747647679376:,1747647684034
counter/4/0/0/0,30023:1747647674551:,1747647684034
counter/6/0/0/0,34252:1747647679376:,1747647684034
counter/4/0/0/0,30024:1747647674551:,1747647684034
counter/10/0/0/0,27950:1747647671251:,1747647684034
counter/6/0/0/0,34253:1747647679376:,1747647684034
counter/3/0/0/0,28257:1747647673741:,1747647684034
counter/7/0/0/0,34005:1747647678031:,1747647684034
counter/4/0/0/0,30025:1747647674551:,1747647684034
counter/4/0/0/0,30026:1747647674551:,1747647684035
counter/4/0/0/0,30027:1747647674551:,1747647684035
counter/10/0/0/0,27951:1747647671251:,1747647684035
counter/4/0/0/0,30028:1747647674551:,1747647684035
counter/6/0/0/0,34254:1747647679376:,1747647684035
counter/6/0/0/0,34255:1747647679377:,1747647684035
counter/6/0/0/0,34256:1747647679377:,1747647684035
counter/6/0/0/0,34257:1747647679378:,1747647684035
counter/6/0/0/0,34258:1747647679378:,1747647684035
counter/6/0/0/0,34259:1747647679378:,1747647684035
counter/6/0/0/0,34260:1747647679378:,1747647684035
counter/6/0/0/0,34261:1747647679378:,1747647684035
counter/6/0/0/0,34262:1747647679378:,1747647684035
counter/7/0/0/0,34006:1747647678034:,1747647684035
counter/4/0/0/0,30029:1747647674552:,1747647684035
counter/4/0/0/0,30030:1747647674552:,1747647684035
counter/4/0/0/0,30031:1747647674562:,1747647684035
counter/4/0/0/0,30032:1747647674562:,1747647684035
counter/4/0/0/0,30033:1747647674562:,1747647684035
counter/4/0/0/0,30034:1747647674562:,1747647684035
counter/4/0/0/0,30035:1747647674562:,1747647684035
counter/4/0/0/0,30036:1747647674567:,1747647684035
counter/4/0/0/0,30037:1747647674567:,1747647684035
counter/4/0/0/0,30038:1747647674567:,1747647684035
counter/4/0/0/0,30039:1747647674567:,1747647684035
counter/4/0/0/0,30040:1747647674567:,1747647684035
counter/6/0/0/0,34263:1747647679378:,1747647684035
counter/8/0/0/0,35455:1747647678024:,1747647684035
counter/10/0/0/0,27952:1747647671252:,1747647684035
counter/10/0/0/0,27953:1747647671252:,1747647684035
counter/10/0/0/0,27954:1747647671252:,1747647684035
counter/10/0/0/0,27955:1747647671252:,1747647684035
counter/10/0/0/0,27956:1747647671254:,1747647684036
counter/10/0/0/0,27957:1747647671254:,1747647684036
counter/10/0/0/0,27958:1747647671254:,1747647684036
counter/10/0/0/0,27959:1747647671254:,1747647684036
counter/10/0/0/0,27960:1747647671254:,1747647684036
counter/10/0/0/0,27961:1747647671254:,1747647684036
counter/10/0/0/0,27962:1747647671254:,1747647684036
counter/6/0/0/0,34264:1747647679378:,1747647684036
counter/4/0/0/0,30041:1747647674567:,1747647684036
counter/4/0/0/0,30042:1747647674567:,1747647684036
counter/7/0/0/0,34007:1747647678034:,1747647684036
counter/3/0/0/0,28258:1747647673741:,1747647684036
counter/6/0/0/0,34265:1747647679378:,1747647684036
counter/4/0/0/0,30043:1747647674567:,1747647684036
counter/1/0/0/0,30357:1747647676788:,1747647684036
counter/4/0/0/0,30044:1747647674567:,1747647684036
counter/10/0/0/0,27963:1747647671254:,1747647684036
counter/4/0/0/0,30045:1747647674567:,1747647684036
counter/8/0/0/0,35456:1747647678040:,1747647684036
counter/3/0/0/0,28259:1747647673741:,1747647684036
counter/6/0/0/0,34266:1747647679378:,1747647684036
counter/6/0/0/0,34267:1747647679383:,1747647684036
counter/6/0/0/0,34268:1747647679383:,1747647684036
counter/6/0/0/0,34269:1747647679383:,1747647684036
counter/6/0/0/0,34270:1747647679383:,1747647684036
counter/6/0/0/0,34271:1747647679383:,1747647684036
counter/6/0/0/0,34272:1747647679383:,1747647684036
counter/6/0/0/0,34273:1747647679383:,1747647684036
counter/6/0/0/0,34274:1747647679383:,1747647684036
counter/6/0/0/0,34275:1747647679383:,1747647684036
counter/6/0/0/0,34276:1747647679383:,1747647684036
counter/6/0/0/0,34277:1747647679383:,1747647684036
counter/6/0/0/0,34278:1747647679383:,1747647684036
counter/6/0/0/0,34279:1747647679383:,1747647684036
counter/6/0/0/0,34280:1747647679383:,1747647684036
counter/8/0/0/0,35457:1747647678040:,1747647684036
counter/6/0/0/0,34281:1747647679383:,1747647684037
counter/1/0/0/0,30358:1747647676789:,1747647684037
counter/6/0/0/0,34282:1747647679383:,1747647684037
counter/3/0/0/0,28260:1747647673741:,1747647684037
counter/6/0/0/0,34283:1747647679383:,1747647684037
counter/8/0/0/0,35458:1747647678040:,1747647684037
counter/1/0/0/0,30359:1747647676789:,1747647684037
counter/3/0/0/0,28261:1747647673741:,1747647684037
counter/4/0/0/0,30046:1747647674567:,1747647684037
counter/7/0/0/0,34008:1747647678035:,1747647684037
counter/6/0/0/0,34284:1747647679394:,1747647684037
counter/10/0/0/0,27964:1747647671254:,1747647684037
counter/6/0/0/0,34285:1747647679394:,1747647684037
counter/8/0/0/0,35459:1747647678040:,1747647684037
counter/6/0/0/0,34286:1747647679394:,1747647684037
counter/1/0/0/0,30360:1747647676789:,1747647684037
counter/1/0/0/0,30361:1747647676789:,1747647684037
counter/1/0/0/0,30362:1747647676789:,1747647684037
counter/3/0/0/0,28262:1747647673741:,1747647684037
counter/10/0/0/0,27965:1747647671254:,1747647684037
counter/8/0/0/0,35460:1747647678041:,1747647684037
counter/6/0/0/0,34287:1747647679404:,1747647684037
counter/8/0/0/0,35461:1747647678041:,1747647684037
counter/1/0/0/0,30363:1747647676789:,1747647684037
counter/8/0/0/0,35462:1747647678041:,1747647684037
counter/4/0/0/0,30047:1747647674567:,1747647684037
counter/7/0/0/0,34009:1747647678039:,1747647684037
counter/6/0/0/0,34288:1747647679404:,1747647684037
counter/1/0/0/0,30364:1747647676789:,1747647684037
counter/1/0/0/0,30365:1747647676789:,1747647684037
counter/3/0/0/0,28263:1747647673741:,1747647684037
counter/10/0/0/0,27966:1747647671254:,1747647684037
counter/8/0/0/0,35463:1747647678041:,1747647684037
counter/1/0/0/0,30366:1747647676789:,1747647684037
counter/1/0/0/0,30367:1747647676789:,1747647684037
counter/3/0/0/0,28264:1747647673741:,1747647684037
counter/8/0/0/0,35464:1747647678041:,1747647684037
counter/10/0/0/0,27967:1747647671254:,1747647684037
counter/7/0/0/0,34010:1747647678039:,1747647684037
counter/8/0/0/0,35465:1747647678041:,1747647684037
counter/10/0/0/0,27968:1747647671254:,1747647684038
counter/7/0/0/0,34011:1747647678046:,1747647684038
counter/7/0/0/0,34012:1747647678047:,1747647684038
counter/7/0/0/0,34013:1747647678047:,1747647684038
counter/3/0/0/0,28265:1747647673741:,1747647684038
counter/1/0/0/0,30368:1747647676789:,1747647684038
counter/8/0/0/0,35466:1747647678041:,1747647684038
counter/8/0/0/0,35467:1747647678041:,1747647684038
counter/8/0/0/0,35468:1747647678041:,1747647684038
counter/8/0/0/0,35469:1747647678041:,1747647684038
counter/7/0/0/0,34014:1747647678047:,1747647684038
counter/7/0/0/0,34015:1747647678047:,1747647684038
counter/7/0/0/0,34016:1747647678047:,1747647684038
counter/7/0/0/0,34017:1747647678047:,1747647684038
counter/10/0/0/0,27969:1747647671254:,1747647684038
counter/4/0/0/0,30048:1747647674567:,1747647684038
counter/8/0/0/0,35470:1747647678041:,1747647684038
counter/8/0/0/0,35471:1747647678041:,1747647684038
counter/8/0/0/0,35472:1747647678041:,1747647684038
counter/8/0/0/0,35473:1747647678041:,1747647684038
counter/8/0/0/0,35474:1747647678041:,1747647684038
counter/8/0/0/0,35475:1747647678041:,1747647684038
counter/8/0/0/0,35476:1747647678041:,1747647684038
counter/8/0/0/0,35477:1747647678041:,1747647684038
counter/8/0/0/0,35478:1747647678041:,1747647684038
counter/8/0/0/0,35479:1747647678041:,1747647684038
counter/8/0/0/0,35480:1747647678041:,1747647684038
counter/4/0/0/0,30049:1747647674567:,1747647684038
counter/8/0/0/0,35481:1747647678041:,1747647684038
counter/7/0/0/0,34018:1747647678047:,1747647684038
counter/3/0/0/0,28266:1747647673741:,1747647684038
counter/8/0/0/0,35482:1747647678041:,1747647684038
counter/6/0/0/0,34289:1747647679404:,1747647684038
counter/10/0/0/0,27970:1747647671268:,1747647684038
counter/8/0/0/0,35483:1747647678042:,1747647684038
counter/8/0/0/0,35484:1747647678042:,1747647684038
counter/8/0/0/0,35485:1747647678042:,1747647684038
counter/6/0/0/0,34290:1747647679404:,1747647684038
counter/8/0/0/0,35486:1747647678042:,1747647684038
counter/10/0/0/0,27971:1747647671272:,1747647684038
counter/4/0/0/0,30050:1747647674567:,1747647684038
counter/8/0/0/0,35487:1747647678047:,1747647684038
counter/4/0/0/0,30051:1747647674567:,1747647684038
counter/8/0/0/0,35488:1747647678047:,1747647684038
counter/4/0/0/0,30052:1747647674568:,1747647684039
counter/3/0/0/0,28267:1747647673742:,1747647684039
counter/8/0/0/0,35489:1747647678048:,1747647684039
counter/4/0/0/0,30053:1747647674572:,1747647684039
counter/6/0/0/0,34291:1747647679404:,1747647684039
counter/8/0/0/0,35490:1747647678048:,1747647684039
counter/4/0/0/0,30054:1747647674582:,1747647684039
counter/6/0/0/0,34292:1747647679405:,1747647684039
counter/7/0/0/0,34019:1747647678047:,1747647684039
counter/4/0/0/0,30055:1747647674582:,1747647684039
counter/4/0/0/0,30056:1747647674582:,1747647684039
counter/4/0/0/0,30057:1747647674582:,1747647684039
counter/4/0/0/0,30058:1747647674582:,1747647684039
counter/4/0/0/0,30059:1747647674583:,1747647684039
counter/1/0/0/0,30369:1747647676789:,1747647684039
counter/10/0/0/0,27972:1747647671272:,1747647684039
counter/4/0/0/0,30060:1747647674583:,1747647684039
counter/7/0/0/0,34020:1747647678047:,1747647684039
counter/4/0/0/0,30061:1747647674584:,1747647684039
counter/7/0/0/0,34021:1747647678048:,1747647684039
counter/4/0/0/0,30062:1747647674584:,1747647684039
counter/7/0/0/0,34022:1747647678049:,1747647684039
counter/4/0/0/0,30063:1747647674584:,1747647684039
counter/7/0/0/0,34023:1747647678049:,1747647684039
counter/4/0/0/0,30064:1747647674584:,1747647684039
counter/7/0/0/0,34024:1747647678049:,1747647684039
counter/3/0/0/0,28268:1747647673746:,1747647684039
counter/4/0/0/0,30065:1747647674584:,1747647684039
counter/7/0/0/0,34025:1747647678072:,1747647684039
counter/1/0/0/0,30370:1747647676789:,1747647684039
counter/4/0/0/0,30066:1747647674584:,1747647684039
counter/7/0/0/0,34026:1747647678072:,1747647684039
counter/4/0/0/0,30067:1747647674584:,1747647684039
counter/7/0/0/0,34027:1747647678072:,1747647684039
counter/7/0/0/0,34028:1747647678072:,1747647684039
counter/7/0/0/0,34029:1747647678072:,1747647684039
counter/7/0/0/0,34030:1747647678072:,1747647684039
counter/7/0/0/0,34031:1747647678072:,1747647684039
counter/7/0/0/0,34032:1747647678073:,1747647684039
counter/7/0/0/0,34033:1747647678073:,1747647684039
counter/7/0/0/0,34034:1747647678073:,1747647684040
counter/7/0/0/0,34035:1747647678073:,1747647684040
counter/3/0/0/0,28269:1747647673747:,1747647684040
counter/7/0/0/0,34036:1747647678073:,1747647684040
counter/10/0/0/0,27973:1747647671272:,1747647684040
counter/1/0/0/0,30371:1747647676789:,1747647684040
counter/7/0/0/0,34037:1747647678073:,1747647684040
counter/8/0/0/0,35491:1747647678048:,1747647684040
counter/4/0/0/0,30068:1747647674584:,1747647684040
counter/7/0/0/0,34038:1747647678080:,1747647684040
counter/7/0/0/0,34039:1747647678081:,1747647684040
counter/7/0/0/0,34040:1747647678086:,1747647684040
counter/7/0/0/0,34041:1747647678086:,1747647684040
counter/4/0/0/0,30069:1747647674584:,1747647684040
counter/7/0/0/0,34042:1747647678096:,1747647684040
counter/7/0/0/0,34043:1747647678096:,1747647684040
counter/7/0/0/0,34044:1747647678096:,1747647684040
counter/7/0/0/0,34045:1747647678096:,1747647684040
counter/10/0/0/0,27974:1747647671272:,1747647684040
counter/7/0/0/0,34046:1747647678096:,1747647684040
counter/8/0/0/0,35492:1747647678048:,1747647684040
counter/4/0/0/0,30070:1747647674584:,1747647684040
counter/3/0/0/0,28270:1747647673747:,1747647684040
counter/7/0/0/0,34047:1747647678096:,1747647684040
counter/1/0/0/0,30372:1747647676789:,1747647684040
counter/6/0/0/0,34293:1747647679405:,1747647684040
counter/10/0/0/0,27975:1747647671272:,1747647684040
counter/8/0/0/0,35493:1747647678048:,1747647684040
counter/8/0/0/0,35494:1747647678048:,1747647684040
counter/8/0/0/0,35495:1747647678048:,1747647684040
counter/8/0/0/0,35496:1747647678048:,1747647684040
counter/8/0/0/0,35497:1747647678048:,1747647684040
counter/8/0/0/0,35498:1747647678048:,1747647684040
counter/6/0/0/0,34294:1747647679405:,1747647684040
counter/8/0/0/0,35499:1747647678048:,1747647684040
counter/3/0/0/0,28271:1747647673747:,1747647684040
counter/6/0/0/0,34295:1747647679405:,1747647684040
counter/6/0/0/0,34296:1747647679406:,1747647684040
counter/6/0/0/0,34297:1747647679406:,1747647684040
counter/6/0/0/0,34298:1747647679406:,1747647684040
counter/6/0/0/0,34299:1747647679406:,1747647684041
counter/6/0/0/0,34300:1747647679406:,1747647684041
counter/6/0/0/0,34301:1747647679406:,1747647684041
counter/6/0/0/0,34302:1747647679412:,1747647684041
counter/6/0/0/0,34303:1747647679412:,1747647684041
counter/7/0/0/0,34048:1747647678097:,1747647684041
counter/6/0/0/0,34304:1747647679417:,1747647684041
counter/8/0/0/0,35500:1747647678048:,1747647684041
counter/6/0/0/0,34305:1747647679423:,1747647684041
counter/4/0/0/0,30071:1747647674584:,1747647684041
counter/6/0/0/0,34306:1747647679424:,1747647684041
counter/10/0/0/0,27976:1747647671272:,1747647684041
counter/1/0/0/0,30373:1747647676789:,1747647684041
counter/7/0/0/0,34049:1747647678097:,1747647684041
counter/8/0/0/0,35501:1747647678048:,1747647684041
counter/8/0/0/0,35502:1747647678048:,1747647684041
counter/8/0/0/0,35503:1747647678050:,1747647684041
counter/8/0/0/0,35504:1747647678061:,1747647684041
counter/8/0/0/0,35505:1747647678077:,1747647684041
counter/10/0/0/0,27977:1747647671272:,1747647684041
counter/8/0/0/0,35506:1747647678077:,1747647684041
counter/7/0/0/0,34050:1747647678097:,1747647684041
counter/7/0/0/0,34051:1747647678097:,1747647684041
counter/7/0/0/0,34052:1747647678097:,1747647684041
counter/7/0/0/0,34053:1747647678097:,1747647684041
counter/7/0/0/0,34054:1747647678097:,1747647684041
counter/7/0/0/0,34055:1747647678097:,1747647684041
counter/1/0/0/0,30374:1747647676789:,1747647684041
counter/10/0/0/0,27978:1747647671272:,1747647684041
counter/8/0/0/0,35507:1747647678077:,1747647684041
counter/4/0/0/0,30072:1747647674590:,1747647684041
counter/7/0/0/0,34056:1747647678097:,1747647684041
counter/7/0/0/0,34057:1747647678097:,1747647684041
counter/7/0/0/0,34058:1747647678097:,1747647684041
counter/7/0/0/0,34059:1747647678097:,1747647684041
counter/7/0/0/0,34060:1747647678097:,1747647684041
counter/7/0/0/0,34061:1747647678097:,1747647684041
counter/8/0/0/0,35508:1747647678077:,1747647684041
counter/8/0/0/0,35509:1747647678077:,1747647684041
counter/8/0/0/0,35510:1747647678077:,1747647684041
counter/8/0/0/0,35511:1747647678077:,1747647684041
counter/8/0/0/0,35512:1747647678077:,1747647684041
counter/8/0/0/0,35513:1747647678077:,1747647684041
counter/8/0/0/0,35514:1747647678077:,1747647684042
counter/8/0/0/0,35515:1747647678077:,1747647684042
counter/8/0/0/0,35516:1747647678078:,1747647684042
counter/4/0/0/0,30073:1747647674590:,1747647684042
counter/3/0/0/0,28272:1747647673747:,1747647684042
counter/10/0/0/0,27979:1747647671272:,1747647684042
counter/7/0/0/0,34062:1747647678097:,1747647684042
counter/7/0/0/0,34063:1747647678097:,1747647684042
counter/7/0/0/0,34064:1747647678097:,1747647684042
counter/7/0/0/0,34065:1747647678097:,1747647684042
counter/7/0/0/0,34066:1747647678097:,1747647684042
counter/7/0/0/0,34067:1747647678097:,1747647684042
counter/7/0/0/0,34068:1747647678097:,1747647684042
counter/7/0/0/0,34069:1747647678097:,1747647684042
counter/7/0/0/0,34070:1747647678098:,1747647684042
counter/7/0/0/0,34071:1747647678098:,1747647684042
counter/7/0/0/0,34072:1747647678098:,1747647684042
counter/4/0/0/0,30074:1747647674590:,1747647684042
counter/7/0/0/0,34073:1747647678098:,1747647684042
counter/7/0/0/0,34074:1747647678099:,1747647684042
counter/7/0/0/0,34075:1747647678099:,1747647684042
counter/3/0/0/0,28273:1747647673747:,1747647684042
counter/6/0/0/0,34307:1747647679424:,1747647684042
counter/6/0/0/0,34308:1747647679424:,1747647684042
counter/6/0/0/0,34309:1747647679424:,1747647684042
counter/6/0/0/0,34310:1747647679424:,1747647684042
counter/6/0/0/0,34311:1747647679424:,1747647684042
counter/6/0/0/0,34312:1747647679424:,1747647684042
counter/6/0/0/0,34313:1747647679424:,1747647684042
counter/6/0/0/0,34314:1747647679424:,1747647684042
counter/6/0/0/0,34315:1747647679425:,1747647684042
counter/6/0/0/0,34316:1747647679425:,1747647684042
counter/6/0/0/0,34317:1747647679425:,1747647684042
counter/6/0/0/0,34318:1747647679425:,1747647684042
counter/6/0/0/0,34319:1747647679425:,1747647684042
counter/6/0/0/0,34320:1747647679425:,1747647684042
counter/6/0/0/0,34321:1747647679427:,1747647684042
counter/6/0/0/0,34322:1747647679428:,1747647684042
counter/6/0/0/0,34323:1747647679428:,1747647684042
counter/3/0/0/0,28274:1747647673747:,1747647684042
counter/6/0/0/0,34324:1747647679428:,1747647684042
counter/4/0/0/0,30075:1747647674590:,1747647684043
counter/6/0/0/0,34325:1747647679428:,1747647684043
counter/8/0/0/0,35517:1747647678078:,1747647684043
counter/1/0/0/0,30375:1747647676789:,1747647684043
counter/6/0/0/0,34326:1747647679428:,1747647684043
counter/7/0/0/0,34076:1747647678099:,1747647684043
counter/6/0/0/0,34327:1747647679428:,1747647684043
counter/3/0/0/0,28275:1747647673747:,1747647684043
counter/4/0/0/0,30076:1747647674590:,1747647684043
counter/8/0/0/0,35518:1747647678078:,1747647684043
counter/1/0/0/0,30376:1747647676790:,1747647684043
counter/6/0/0/0,34328:1747647679428:,1747647684043
counter/6/0/0/0,34329:1747647679428:,1747647684043
counter/10/0/0/0,27980:1747647671272:,1747647684043
counter/3/0/0/0,28276:1747647673747:,1747647684043
counter/7/0/0/0,34077:1747647678099:,1747647684043
counter/1/0/0/0,30377:1747647676790:,1747647684043
counter/4/0/0/0,30077:1747647674590:,1747647684043
counter/8/0/0/0,35519:1747647678078:,1747647684043
counter/4/0/0/0,30078:1747647674590:,1747647684043
counter/6/0/0/0,34330:1747647679428:,1747647684043
counter/10/0/0/0,27981:1747647671272:,1747647684043
counter/3/0/0/0,28277:1747647673747:,1747647684043
counter/7/0/0/0,34078:1747647678099:,1747647684043
counter/1/0/0/0,30378:1747647676790:,1747647684043
counter/8/0/0/0,35520:1747647678087:,1747647684043
counter/4/0/0/0,30079:1747647674590:,1747647684043
counter/3/0/0/0,28278:1747647673747:,1747647684043
counter/1/0/0/0,30379:1747647676794:,1747647684043
counter/8/0/0/0,35521:1747647678087:,1747647684043
counter/4/0/0/0,30080:1747647674590:,1747647684043
counter/6/0/0/0,34331:1747647679433:,1747647684043
counter/7/0/0/0,34079:1747647678099:,1747647684043
counter/3/0/0/0,28279:1747647673747:,1747647684043
counter/1/0/0/0,30380:1747647676794:,1747647684043
counter/8/0/0/0,35522:1747647678087:,1747647684043
counter/4/0/0/0,30081:1747647674590:,1747647684043
counter/6/0/0/0,34332:1747647679433:,1747647684043
counter/10/0/0/0,27982:1747647671272:,1747647684043
counter/8/0/0/0,35523:1747647678087:,1747647684043
counter/6/0/0/0,34333:1747647679433:,1747647684043
counter/8/0/0/0,35524:1747647678087:,1747647684043
counter/8/0/0/0,35525:1747647678087:,1747647684043
counter/8/0/0/0,35526:1747647678087:,1747647684044
counter/8/0/0/0,35527:1747647678087:,1747647684044
counter/8/0/0/0,35528:1747647678087:,1747647684044
counter/8/0/0/0,35529:1747647678087:,1747647684044
counter/8/0/0/0,35530:1747647678087:,1747647684044
counter/6/0/0/0,34334:1747647679433:,1747647684044
counter/8/0/0/0,35531:1747647678087:,1747647684044
counter/10/0/0/0,27983:1747647671274:,1747647684044
counter/8/0/0/0,35532:1747647678087:,1747647684044
counter/7/0/0/0,34080:1747647678099:,1747647684044
counter/8/0/0/0,35533:1747647678087:,1747647684044
counter/3/0/0/0,28280:1747647673747:,1747647684044
counter/4/0/0/0,30082:1747647674590:,1747647684044
counter/8/0/0/0,35534:1747647678087:,1747647684044
counter/8/0/0/0,35535:1747647678087:,1747647684044
counter/8/0/0/0,35536:1747647678087:,1747647684044
counter/8/0/0/0,35537:1747647678087:,1747647684044
counter/4/0/0/0,30083:1747647674590:,1747647684044
counter/8/0/0/0,35538:1747647678087:,1747647684044
counter/8/0/0/0,35539:1747647678088:,1747647684044
counter/8/0/0/0,35540:1747647678088:,1747647684044
counter/8/0/0/0,35541:1747647678088:,1747647684044
counter/8/0/0/0,35542:1747647678088:,1747647684044
counter/8/0/0/0,35543:1747647678088:,1747647684044
counter/8/0/0/0,35544:1747647678088:,1747647684044
counter/6/0/0/0,34335:1747647679433:,1747647684044
counter/8/0/0/0,35545:1747647678088:,1747647684044
counter/10/0/0/0,27984:1747647671274:,1747647684044
counter/8/0/0/0,35546:1747647678088:,1747647684044
counter/7/0/0/0,34081:1747647678099:,1747647684044
counter/3/0/0/0,28281:1747647673747:,1747647684044
counter/8/0/0/0,35547:1747647678088:,1747647684044
counter/1/0/0/0,30381:1747647676794:,1747647684044
counter/8/0/0/0,35548:1747647678088:,1747647684044
counter/8/0/0/0,35549:1747647678088:,1747647684044
counter/8/0/0/0,35550:1747647678088:,1747647684044
counter/8/0/0/0,35551:1747647678088:,1747647684044
counter/8/0/0/0,35552:1747647678088:,1747647684044
counter/8/0/0/0,35553:1747647678088:,1747647684044
counter/8/0/0/0,35554:1747647678088:,1747647684044
counter/8/0/0/0,35555:1747647678088:,1747647684044
counter/8/0/0/0,35556:1747647678088:,1747647684044
counter/8/0/0/0,35557:1747647678088:,1747647684044
counter/8/0/0/0,35558:1747647678088:,1747647684044
counter/8/0/0/0,35559:1747647678088:,1747647684045
counter/8/0/0/0,35560:1747647678105:,1747647684045
counter/8/0/0/0,35561:1747647678109:,1747647684045
counter/8/0/0/0,35562:1747647678109:,1747647684045
counter/8/0/0/0,35563:1747647678109:,1747647684045
counter/8/0/0/0,35564:1747647678109:,1747647684045
counter/7/0/0/0,34082:1747647678107:,1747647684045
counter/8/0/0/0,35565:1747647678109:,1747647684045
counter/10/0/0/0,27985:1747647671274:,1747647684045
counter/8/0/0/0,35566:1747647678109:,1747647684045
counter/1/0/0/0,30382:1747647676794:,1747647684045
counter/3/0/0/0,28282:1747647673747:,1747647684045
counter/8/0/0/0,35567:1747647678109:,1747647684045
counter/6/0/0/0,34336:1747647679434:,1747647684045
counter/8/0/0/0,35568:1747647678109:,1747647684045
counter/8/0/0/0,35569:1747647678109:,1747647684045
counter/8/0/0/0,35570:1747647678109:,1747647684045
counter/8/0/0/0,35571:1747647678109:,1747647684045
counter/8/0/0/0,35572:1747647678109:,1747647684045
counter/8/0/0/0,35573:1747647678110:,1747647684045
counter/8/0/0/0,35574:1747647678110:,1747647684045
counter/8/0/0/0,35575:1747647678110:,1747647684045
counter/8/0/0/0,35576:1747647678110:,1747647684045
counter/8/0/0/0,35577:1747647678110:,1747647684045
counter/8/0/0/0,35578:1747647678110:,1747647684045
counter/8/0/0/0,35579:1747647678110:,1747647684045
counter/8/0/0/0,35580:1747647678110:,1747647684045
counter/7/0/0/0,34083:1747647678121:,1747647684045
counter/8/0/0/0,35581:1747647678110:,1747647684045
counter/6/0/0/0,34337:1747647679434:,1747647684045
counter/1/0/0/0,30383:1747647676794:,1747647684045
counter/8/0/0/0,35582:1747647678110:,1747647684045
counter/10/0/0/0,27986:1747647671285:,1747647684045
counter/4/0/0/0,30084:1747647674590:,1747647684045
counter/8/0/0/0,35583:1747647678110:,1747647684045
counter/8/0/0/0,35584:1747647678110:,1747647684045
counter/8/0/0/0,35585:1747647678110:,1747647684045
counter/8/0/0/0,35586:1747647678110:,1747647684045
counter/8/0/0/0,35587:1747647678110:,1747647684045
counter/8/0/0/0,35588:1747647678110:,1747647684045
counter/8/0/0/0,35589:1747647678110:,1747647684045
counter/8/0/0/0,35590:1747647678110:,1747647684045
counter/8/0/0/0,35591:1747647678110:,1747647684046
counter/8/0/0/0,35592:1747647678112:,1747647684046
counter/8/0/0/0,35593:1747647678112:,1747647684046
counter/4/0/0/0,30085:1747647674590:,1747647684046
counter/8/0/0/0,35594:1747647678112:,1747647684046
counter/6/0/0/0,34338:1747647679434:,1747647684046
counter/10/0/0/0,27987:1747647671291:,1747647684046
counter/8/0/0/0,35595:1747647678112:,1747647684046
counter/1/0/0/0,30384:1747647676794:,1747647684046
counter/7/0/0/0,34084:1747647678121:,1747647684046
counter/8/0/0/0,35596:1747647678112:,1747647684046
counter/8/0/0/0,35597:1747647678112:,1747647684046
counter/8/0/0/0,35598:1747647678114:,1747647684046
counter/8/0/0/0,35599:1747647678114:,1747647684046
counter/8/0/0/0,35600:1747647678114:,1747647684046
counter/8/0/0/0,35601:1747647678114:,1747647684046
counter/6/0/0/0,34339:1747647679434:,1747647684046
counter/8/0/0/0,35602:1747647678114:,1747647684046
counter/8/0/0/0,35603:1747647678114:,1747647684046
counter/1/0/0/0,30385:1747647676794:,1747647684046
counter/8/0/0/0,35604:1747647678114:,1747647684046
counter/4/0/0/0,30086:1747647674590:,1747647684046
counter/10/0/0/0,27988:1747647671291:,1747647684046
counter/8/0/0/0,35605:1747647678114:,1747647684046
counter/4/0/0/0,30087:1747647674591:,1747647684046
counter/8/0/0/0,35606:1747647678114:,1747647684046
counter/8/0/0/0,35607:1747647678114:,1747647684046
counter/8/0/0/0,35608:1747647678120:,1747647684046
counter/8/0/0/0,35609:1747647678120:,1747647684046
counter/8/0/0/0,35610:1747647678120:,1747647684046
counter/8/0/0/0,35611:1747647678120:,1747647684046
counter/8/0/0/0,35612:1747647678120:,1747647684046
counter/8/0/0/0,35613:1747647678131:,1747647684046
counter/8/0/0/0,35614:1747647678131:,1747647684046
counter/8/0/0/0,35615:1747647678131:,1747647684046
counter/8/0/0/0,35616:1747647678131:,1747647684046
counter/8/0/0/0,35617:1747647678131:,1747647684046
counter/8/0/0/0,35618:1747647678131:,1747647684046
counter/8/0/0/0,35619:1747647678131:,1747647684046
counter/6/0/0/0,34340:1747647679434:,1747647684046
counter/8/0/0/0,35620:1747647678133:,1747647684046
counter/1/0/0/0,30386:1747647676794:,1747647684046
counter/8/0/0/0,35621:1747647678133:,1747647684047
counter/7/0/0/0,34085:1747647678121:,1747647684047
counter/4/0/0/0,30088:1747647674591:,1747647684047
counter/8/0/0/0,35622:1747647678133:,1747647684047
counter/3/0/0/0,28283:1747647673747:,1747647684047
counter/8/0/0/0,35623:1747647678133:,1747647684047
counter/8/0/0/0,35624:1747647678133:,1747647684047
counter/8/0/0/0,35625:1747647678133:,1747647684047
counter/7/0/0/0,34086:1747647678121:,1747647684047
counter/8/0/0/0,35626:1747647678133:,1747647684047
counter/8/0/0/0,35627:1747647678133:,1747647684047
counter/4/0/0/0,30089:1747647674591:,1747647684047
counter/3/0/0/0,28284:1747647673747:,1747647684047
counter/8/0/0/0,35628:1747647678133:,1747647684047
counter/3/0/0/0,28285:1747647673748:,1747647684047
counter/8/0/0/0,35629:1747647678133:,1747647684047
counter/3/0/0/0,28286:1747647673748:,1747647684047
counter/8/0/0/0,35630:1747647678133:,1747647684047
counter/3/0/0/0,28287:1747647673748:,1747647684047
counter/4/0/0/0,30090:1747647674591:,1747647684047
counter/8/0/0/0,35631:1747647678133:,1747647684047
counter/3/0/0/0,28288:1747647673748:,1747647684047
counter/6/0/0/0,34341:1747647679434:,1747647684047
counter/10/0/0/0,27989:1747647671291:,1747647684047
counter/8/0/0/0,35632:1747647678133:,1747647684047
counter/3/0/0/0,28289:1747647673748:,1747647684047
counter/8/0/0/0,35633:1747647678133:,1747647684047
counter/3/0/0/0,28290:1747647673748:,1747647684047
counter/6/0/0/0,34342:1747647679434:,1747647684047
counter/3/0/0/0,28291:1747647673748:,1747647684047
counter/10/0/0/0,27990:1747647671291:,1747647684047
counter/8/0/0/0,35634:1747647678133:,1747647684047
counter/8/0/0/0,35635:1747647678133:,1747647684047
counter/8/0/0/0,35636:1747647678133:,1747647684047
counter/8/0/0/0,35637:1747647678134:,1747647684047
counter/8/0/0/0,35638:1747647678137:,1747647684047
counter/8/0/0/0,35639:1747647678137:,1747647684047
counter/7/0/0/0,34087:1747647678124:,1747647684048
counter/8/0/0/0,35640:1747647678137:,1747647684048
counter/7/0/0/0,34088:1747647678125:,1747647684048
counter/8/0/0/0,35641:1747647678137:,1747647684048
counter/7/0/0/0,34089:1747647678125:,1747647684048
counter/8/0/0/0,35642:1747647678137:,1747647684048
counter/7/0/0/0,34090:1747647678125:,1747647684048
counter/7/0/0/0,34091:1747647678125:,1747647684048
counter/7/0/0/0,34092:1747647678125:,1747647684048
counter/7/0/0/0,34093:1747647678125:,1747647684048
counter/8/0/0/0,35643:1747647678137:,1747647684048
counter/7/0/0/0,34094:1747647678125:,1747647684048
counter/8/0/0/0,35644:1747647678156:,1747647684048
counter/7/0/0/0,34095:1747647678125:,1747647684048
counter/7/0/0/0,34096:1747647678125:,1747647684048
counter/4/0/0/0,30091:1747647674594:,1747647684048
counter/7/0/0/0,34097:1747647678125:,1747647684048
counter/10/0/0/0,27991:1747647671291:,1747647684048
counter/1/0/0/0,30387:1747647676794:,1747647684048
counter/7/0/0/0,34098:1747647678125:,1747647684048
counter/8/0/0/0,35645:1747647678156:,1747647684048
counter/7/0/0/0,34099:1747647678125:,1747647684048
counter/8/0/0/0,35646:1747647678156:,1747647684048
counter/7/0/0/0,34100:1747647678125:,1747647684048
counter/8/0/0/0,35647:1747647678156:,1747647684048
counter/7/0/0/0,34101:1747647678125:,1747647684048
counter/8/0/0/0,35648:1747647678156:,1747647684048
counter/8/0/0/0,35649:1747647678156:,1747647684048
counter/6/0/0/0,34343:1747647679434:,1747647684048
counter/6/0/0/0,34344:1747647679435:,1747647684048
counter/1/0/0/0,30388:1747647676794:,1747647684048
counter/1/0/0/0,30389:1747647676794:,1747647684048
counter/1/0/0/0,30390:1747647676794:,1747647684048
counter/1/0/0/0,30391:1747647676794:,1747647684048
counter/3/0/0/0,28292:1747647673749:,1747647684048
counter/1/0/0/0,30392:1747647676794:,1747647684048
counter/6/0/0/0,34345:1747647679438:,1747647684048
counter/6/0/0/0,34346:1747647679438:,1747647684048
counter/6/0/0/0,34347:1747647679438:,1747647684048
counter/6/0/0/0,34348:1747647679438:,1747647684048
counter/6/0/0/0,34349:1747647679438:,1747647684048
counter/6/0/0/0,34350:1747647679438:,1747647684048
counter/6/0/0/0,34351:1747647679438:,1747647684049
counter/6/0/0/0,34352:1747647679438:,1747647684049
counter/6/0/0/0,34353:1747647679438:,1747647684049
counter/8/0/0/0,35650:1747647678161:,1747647684049
counter/6/0/0/0,34354:1747647679439:,1747647684049
counter/1/0/0/0,30393:1747647676794:,1747647684049
counter/1/0/0/0,30394:1747647676794:,1747647684049
counter/1/0/0/0,30395:1747647676797:,1747647684049
counter/1/0/0/0,30396:1747647676797:,1747647684049
counter/1/0/0/0,30397:1747647676797:,1747647684049
counter/1/0/0/0,30398:1747647676797:,1747647684049
counter/1/0/0/0,30399:1747647676797:,1747647684049
counter/1/0/0/0,30400:1747647676797:,1747647684049
counter/1/0/0/0,30401:1747647676797:,1747647684049
counter/1/0/0/0,30402:1747647676797:,1747647684049
counter/1/0/0/0,30403:1747647676797:,1747647684049
counter/1/0/0/0,30404:1747647676797:,1747647684049
counter/1/0/0/0,30405:1747647676797:,1747647684049
counter/1/0/0/0,30406:1747647676807:,1747647684049
counter/1/0/0/0,30407:1747647676807:,1747647684049
counter/1/0/0/0,30408:1747647676807:,1747647684049
counter/1/0/0/0,30409:1747647676807:,1747647684049
counter/1/0/0/0,30410:1747647676807:,1747647684049
counter/1/0/0/0,30411:1747647676807:,1747647684049
counter/1/0/0/0,30412:1747647676807:,1747647684049
counter/1/0/0/0,30413:1747647676807:,1747647684049
counter/1/0/0/0,30414:1747647676807:,1747647684049
counter/1/0/0/0,30415:1747647676807:,1747647684049
counter/5/0/0/0,34419:1747647677458:,1747647684049
counter/1/0/0/0,30416:1747647676809:,1747647684049
counter/5/0/0/0,34420:1747647677458:,1747647684049
counter/1/0/0/0,30417:1747647676809:,1747647684049
counter/5/0/0/0,34421:1747647677467:,1747647684049
counter/1/0/0/0,30418:1747647676809:,1747647684049
counter/5/0/0/0,34422:1747647677467:,1747647684049
counter/1/0/0/0,30419:1747647676809:,1747647684049
counter/5/0/0/0,34423:1747647677468:,1747647684049
counter/1/0/0/0,30420:1747647676809:,1747647684049
counter/5/0/0/0,34424:1747647677468:,1747647684050
counter/10/0/0/0,27992:1747647671291:,1747647684050
counter/5/0/0/0,34425:1747647677468:,1747647684050
counter/7/0/0/0,34102:1747647678125:,1747647684050
counter/6/0/0/0,34355:1747647679439:,1747647684050
counter/3/0/0/0,28293:1747647673749:,1747647684050
counter/5/0/0/0,34426:1747647677468:,1747647684050
counter/6/0/0/0,34356:1747647679439:,1747647684050
counter/5/0/0/0,34427:1747647677468:,1747647684050
counter/6/0/0/0,34357:1747647679439:,1747647684050
counter/5/0/0/0,34428:1747647677468:,1747647684050
counter/6/0/0/0,34358:1747647679439:,1747647684050
counter/7/0/0/0,34103:1747647678126:,1747647684050
counter/5/0/0/0,34429:1747647677468:,1747647684050
counter/6/0/0/0,34359:1747647679439:,1747647684050
counter/3/0/0/0,28294:1747647673749:,1747647684050
counter/5/0/0/0,34430:1747647677468:,1747647684050
counter/6/0/0/0,34360:1747647679439:,1747647684050
counter/8/0/0/0,35651:1747647678161:,1747647684050
counter/5/0/0/0,34431:1747647677468:,1747647684050
counter/6/0/0/0,34361:1747647679443:,1747647684050
counter/8/0/0/0,35652:1747647678161:,1747647684050
counter/5/0/0/0,34432:1747647677468:,1747647684050
counter/6/0/0/0,34362:1747647679443:,1747647684050
counter/8/0/0/0,35653:1747647678161:,1747647684050
counter/5/0/0/0,34433:1747647677468:,1747647684050
counter/8/0/0/0,35654:1747647678161:,1747647684050
counter/5/0/0/0,34434:1747647677468:,1747647684050
counter/8/0/0/0,35655:1747647678161:,1747647684050
counter/5/0/0/0,34435:1747647677468:,1747647684050
counter/8/0/0/0,35656:1747647678161:,1747647684050
counter/5/0/0/0,34436:1747647677471:,1747647684050
counter/8/0/0/0,35657:1747647678161:,1747647684050
counter/5/0/0/0,34437:1747647677471:,1747647684050
counter/8/0/0/0,35658:1747647678163:,1747647684050
counter/5/0/0/0,34438:1747647677471:,1747647684050
counter/8/0/0/0,35659:1747647678163:,1747647684050
counter/5/0/0/0,34439:1747647677471:,1747647684050
counter/8/0/0/0,35660:1747647678163:,1747647684050
counter/5/0/0/0,34440:1747647677471:,1747647684050
counter/8/0/0/0,35661:1747647678181:,1747647684051
counter/5/0/0/0,34441:1747647677471:,1747647684051
counter/8/0/0/0,35662:1747647678184:,1747647684051
counter/5/0/0/0,34442:1747647677471:,1747647684051
counter/8/0/0/0,35663:1747647678184:,1747647684051
counter/5/0/0/0,34443:1747647677471:,1747647684051
counter/8/0/0/0,35664:1747647678184:,1747647684051
counter/5/0/0/0,34444:1747647677471:,1747647684051
counter/8/0/0/0,35665:1747647678184:,1747647684051
counter/5/0/0/0,34445:1747647677478:,1747647684051
counter/8/0/0/0,35666:1747647678184:,1747647684051
counter/5/0/0/0,34446:1747647677478:,1747647684051
counter/8/0/0/0,35667:1747647678184:,1747647684051
counter/5/0/0/0,34447:1747647677478:,1747647684051
counter/8/0/0/0,35668:1747647678184:,1747647684051
counter/1/0/0/0,30421:1747647676809:,1747647684051
counter/5/0/0/0,34448:1747647677478:,1747647684051
counter/8/0/0/0,35669:1747647678185:,1747647684051
counter/1/0/0/0,30422:1747647676809:,1747647684051
counter/5/0/0/0,34449:1747647677478:,1747647684051
counter/8/0/0/0,35670:1747647678185:,1747647684051
counter/1/0/0/0,30423:1747647676809:,1747647684051
counter/5/0/0/0,34450:1747647677478:,1747647684051
counter/8/0/0/0,35671:1747647678185:,1747647684051
counter/1/0/0/0,30424:1747647676809:,1747647684051
counter/10/0/0/0,27993:1747647671291:,1747647684051
counter/5/0/0/0,34451:1747647677478:,1747647684051
counter/8/0/0/0,35672:1747647678185:,1747647684051
counter/1/0/0/0,30425:1747647676809:,1747647684051
counter/5/0/0/0,34452:1747647677478:,1747647684051
counter/8/0/0/0,35673:1747647678185:,1747647684051
counter/1/0/0/0,30426:1747647676811:,1747647684051
counter/5/0/0/0,34453:1747647677478:,1747647684051
counter/8/0/0/0,35674:1747647678185:,1747647684051
counter/5/0/0/0,34454:1747647677478:,1747647684051
counter/8/0/0/0,35675:1747647678185:,1747647684051
counter/5/0/0/0,34455:1747647677478:,1747647684051
counter/8/0/0/0,35676:1747647678185:,1747647684051
counter/5/0/0/0,34456:1747647677481:,1747647684051
counter/8/0/0/0,35677:1747647678185:,1747647684051
counter/5/0/0/0,34457:1747647677481:,1747647684052
counter/8/0/0/0,35678:1747647678185:,1747647684052
counter/6/0/0/0,34363:1747647679443:,1747647684052
counter/5/0/0/0,34458:1747647677481:,1747647684052
counter/8/0/0/0,35679:1747647678185:,1747647684052
counter/4/0/0/0,30092:1747647674594:,1747647684052
counter/7/0/0/0,34104:1747647678127:,1747647684052
counter/5/0/0/0,34459:1747647677481:,1747647684052
counter/8/0/0/0,35680:1747647678185:,1747647684052
counter/1/0/0/0,30427:1747647676811:,1747647684052
counter/3/0/0/0,28295:1747647673749:,1747647684052
counter/5/0/0/0,34460:1747647677481:,1747647684052
counter/8/0/0/0,35681:1747647678185:,1747647684052
counter/7/0/0/0,34105:1747647678127:,1747647684052
counter/5/0/0/0,34461:1747647677481:,1747647684052
counter/8/0/0/0,35682:1747647678186:,1747647684052
counter/1/0/0/0,30428:1747647676811:,1747647684052
counter/3/0/0/0,28296:1747647673749:,1747647684052
counter/5/0/0/0,34462:1747647677482:,1747647684052
counter/8/0/0/0,35683:1747647678186:,1747647684052
counter/6/0/0/0,34364:1747647679443:,1747647684052
counter/4/0/0/0,30093:1747647674594:,1747647684052
counter/5/0/0/0,34463:1747647677482:,1747647684052
counter/8/0/0/0,35684:1747647678186:,1747647684052
counter/5/0/0/0,34464:1747647677482:,1747647684052
counter/8/0/0/0,35685:1747647678186:,1747647684052
counter/6/0/0/0,34365:1747647679443:,1747647684052
counter/5/0/0/0,34465:1747647677482:,1747647684052
counter/3/0/0/0,28297:1747647673749:,1747647684052
counter/5/0/0/0,34466:1747647677482:,1747647684053
counter/10/0/0/0,27994:1747647671291:,1747647684053
counter/5/0/0/0,34467:1747647677482:,1747647684053
counter/7/0/0/0,34106:1747647678127:,1747647684053
counter/1/0/0/0,30429:1747647676811:,1747647684053
counter/5/0/0/0,34468:1747647677482:,1747647684053
counter/1/0/0/0,30430:1747647676811:,1747647684053
counter/5/0/0/0,34469:1747647677482:,1747647684053
counter/1/0/0/0,30431:1747647676811:,1747647684053
counter/5/0/0/0,34470:1747647677482:,1747647684053
counter/1/0/0/0,30432:1747647676815:,1747647684053
counter/5/0/0/0,34471:1747647677482:,1747647684053
counter/1/0/0/0,30433:1747647676815:,1747647684053
counter/5/0/0/0,34472:1747647677482:,1747647684053
counter/1/0/0/0,30434:1747647676815:,1747647684053
counter/5/0/0/0,34473:1747647677482:,1747647684053
counter/1/0/0/0,30435:1747647676815:,1747647684053
counter/5/0/0/0,34474:1747647677482:,1747647684053
counter/1/0/0/0,30436:1747647676815:,1747647684053
counter/5/0/0/0,34475:1747647677482:,1747647684053
counter/1/0/0/0,30437:1747647676815:,1747647684053
counter/5/0/0/0,34476:1747647677482:,1747647684053
counter/1/0/0/0,30438:1747647676815:,1747647684053
counter/5/0/0/0,34477:1747647677482:,1747647684053
counter/1/0/0/0,30439:1747647676815:,1747647684053
counter/5/0/0/0,34478:1747647677482:,1747647684053
counter/1/0/0/0,30440:1747647676815:,1747647684053
counter/5/0/0/0,34479:1747647677482:,1747647684053
counter/1/0/0/0,30441:1747647676815:,1747647684053
counter/5/0/0/0,34480:1747647677485:,1747647684053
counter/1/0/0/0,30442:1747647676815:,1747647684053
counter/5/0/0/0,34481:1747647677485:,1747647684053
counter/1/0/0/0,30443:1747647676815:,1747647684053
counter/5/0/0/0,34482:1747647677485:,1747647684053
counter/1/0/0/0,30444:1747647676815:,1747647684053
counter/5/0/0/0,34483:1747647677485:,1747647684053
counter/1/0/0/0,30445:1747647676815:,1747647684053
counter/5/0/0/0,34484:1747647677485:,1747647684053
counter/1/0/0/0,30446:1747647676815:,1747647684053
counter/3/0/0/0,28298:1747647673749:,1747647684053
counter/5/0/0/0,34485:1747647677485:,1747647684053
counter/1/0/0/0,30447:1747647676815:,1747647684054
counter/10/0/0/0,27995:1747647671291:,1747647684054
counter/7/0/0/0,34107:1747647678127:,1747647684054
counter/5/0/0/0,34486:1747647677485:,1747647684054
counter/1/0/0/0,30448:1747647676815:,1747647684054
counter/7/0/0/0,34108:1747647678127:,1747647684054
counter/5/0/0/0,34487:1747647677485:,1747647684054
counter/1/0/0/0,30449:1747647676815:,1747647684054
counter/7/0/0/0,34109:1747647678127:,1747647684054
counter/5/0/0/0,34488:1747647677485:,1747647684054
counter/1/0/0/0,30450:1747647676815:,1747647684054
counter/7/0/0/0,34110:1747647678127:,1747647684054
counter/5/0/0/0,34489:1747647677485:,1747647684054
counter/1/0/0/0,30451:1747647676815:,1747647684054
counter/7/0/0/0,34111:1747647678138:,1747647684054
counter/5/0/0/0,34490:1747647677485:,1747647684054
counter/1/0/0/0,30452:1747647676815:,1747647684054
counter/7/0/0/0,34112:1747647678138:,1747647684054
counter/5/0/0/0,34491:1747647677485:,1747647684054
counter/1/0/0/0,30453:1747647676817:,1747647684054
counter/7/0/0/0,34113:1747647678138:,1747647684054
counter/5/0/0/0,34492:1747647677485:,1747647684054
counter/1/0/0/0,30454:1747647676817:,1747647684054
counter/7/0/0/0,34114:1747647678138:,1747647684054
counter/5/0/0/0,34493:1747647677485:,1747647684054
counter/1/0/0/0,30455:1747647676817:,1747647684054
counter/5/0/0/0,34494:1747647677485:,1747647684054
counter/1/0/0/0,30456:1747647676817:,1747647684054
counter/5/0/0/0,34495:1747647677486:,1747647684054
counter/1/0/0/0,30457:1747647676817:,1747647684054
counter/5/0/0/0,34496:1747647677486:,1747647684054
counter/1/0/0/0,30458:1747647676817:,1747647684054
counter/5/0/0/0,34497:1747647677486:,1747647684054
counter/1/0/0/0,30459:1747647676817:,1747647684054
counter/5/0/0/0,34498:1747647677486:,1747647684054
counter/1/0/0/0,30460:1747647676817:,1747647684054
counter/5/0/0/0,34499:1747647677488:,1747647684054
counter/1/0/0/0,30461:1747647676817:,1747647684055
counter/5/0/0/0,34500:1747647677488:,1747647684055
counter/1/0/0/0,30462:1747647676818:,1747647684055
counter/5/0/0/0,34501:1747647677488:,1747647684055
counter/1/0/0/0,30463:1747647676818:,1747647684055
counter/7/0/0/0,34115:1747647678138:,1747647684055
counter/5/0/0/0,34502:1747647677488:,1747647684055
counter/7/0/0/0,34116:1747647678138:,1747647684055
counter/5/0/0/0,34503:1747647677489:,1747647684055
counter/7/0/0/0,34117:1747647678138:,1747647684055
counter/5/0/0/0,34504:1747647677489:,1747647684055
counter/7/0/0/0,34118:1747647678138:,1747647684055
counter/8/0/0/0,35686:1747647678186:,1747647684055
counter/5/0/0/0,34505:1747647677489:,1747647684055
counter/7/0/0/0,34119:1747647678146:,1747647684055
counter/10/0/0/0,27996:1747647671291:,1747647684055
counter/4/0/0/0,30094:1747647674594:,1747647684055
counter/5/0/0/0,34506:1747647677489:,1747647684055
counter/7/0/0/0,34120:1747647678146:,1747647684055
counter/4/0/0/0,30095:1747647674594:,1747647684055
counter/6/0/0/0,34366:1747647679443:,1747647684055
counter/5/0/0/0,34507:1747647677489:,1747647684055
counter/7/0/0/0,34121:1747647678146:,1747647684055
counter/4/0/0/0,30096:1747647674594:,1747647684055
counter/8/0/0/0,35687:1747647678186:,1747647684055
counter/10/0/0/0,27997:1747647671291:,1747647684055
counter/5/0/0/0,34508:1747647677490:,1747647684055
counter/4/0/0/0,30097:1747647674594:,1747647684055
counter/5/0/0/0,34509:1747647677490:,1747647684055
counter/4/0/0/0,30098:1747647674594:,1747647684055
counter/5/0/0/0,34510:1747647677490:,1747647684055
counter/5/0/0/0,34511:1747647677490:,1747647684055
counter/5/0/0/0,34512:1747647677490:,1747647684055
counter/5/0/0/0,34513:1747647677490:,1747647684055
counter/5/0/0/0,34514:1747647677490:,1747647684055
counter/5/0/0/0,34515:1747647677490:,1747647684055
counter/5/0/0/0,34516:1747647677491:,1747647684055
counter/5/0/0/0,34517:1747647677492:,1747647684055
counter/5/0/0/0,34518:1747647677498:,1747647684055
counter/5/0/0/0,34519:1747647677498:,1747647684056
counter/5/0/0/0,34520:1747647677498:,1747647684056
counter/5/0/0/0,34521:1747647677498:,1747647684056
counter/5/0/0/0,34522:1747647677498:,1747647684056
counter/7/0/0/0,34122:1747647678146:,1747647684056
counter/5/0/0/0,34523:1747647677500:,1747647684056
counter/3/0/0/0,28299:1747647673749:,1747647684056
counter/5/0/0/0,34524:1747647677500:,1747647684056
counter/10/0/0/0,27998:1747647671291:,1747647684056
counter/6/0/0/0,34367:1747647679443:,1747647684056
counter/5/0/0/0,34525:1747647677500:,1747647684056
counter/1/0/0/0,30464:1747647676818:,1747647684056
counter/5/0/0/0,34526:1747647677500:,1747647684056
counter/5/0/0/0,34527:1747647677500:,1747647684056
counter/5/0/0/0,34528:1747647677500:,1747647684056
counter/5/0/0/0,34529:1747647677500:,1747647684056
counter/5/0/0/0,34530:1747647677500:,1747647684056
counter/5/0/0/0,34531:1747647677500:,1747647684056
counter/5/0/0/0,34532:1747647677500:,1747647684056
counter/5/0/0/0,34533:1747647677500:,1747647684056
counter/5/0/0/0,34534:1747647677500:,1747647684056
counter/5/0/0/0,34535:1747647677500:,1747647684056
counter/5/0/0/0,34536:1747647677500:,1747647684056
counter/5/0/0/0,34537:1747647677500:,1747647684056
counter/5/0/0/0,34538:1747647677500:,1747647684056
counter/7/0/0/0,34123:1747647678154:,1747647684056
counter/5/0/0/0,34539:1747647677505:,1747647684056
counter/3/0/0/0,28300:1747647673751:,1747647684056
counter/5/0/0/0,34540:1747647677505:,1747647684056
counter/6/0/0/0,34368:1747647679443:,1747647684056
counter/1/0/0/0,30465:1747647676818:,1747647684056
counter/5/0/0/0,34541:1747647677505:,1747647684056
counter/1/0/0/0,30466:1747647676820:,1747647684056
counter/5/0/0/0,34542:1747647677505:,1747647684056
counter/1/0/0/0,30467:1747647676820:,1747647684056
counter/5/0/0/0,34543:1747647677505:,1747647684056
counter/1/0/0/0,30468:1747647676820:,1747647684056
counter/5/0/0/0,34544:1747647677505:,1747647684056
counter/1/0/0/0,30469:1747647676820:,1747647684056
counter/5/0/0/0,34545:1747647677505:,1747647684056
counter/1/0/0/0,30470:1747647676820:,1747647684056
counter/5/0/0/0,34546:1747647677505:,1747647684056
counter/1/0/0/0,30471:1747647676820:,1747647684056
counter/10/0/0/0,27999:1747647671291:,1747647684056
counter/5/0/0/0,34547:1747647677505:,1747647684057
counter/1/0/0/0,30472:1747647676820:,1747647684057
counter/7/0/0/0,34124:1747647678154:,1747647684057
counter/3/0/0/0,28301:1747647673751:,1747647684057
counter/5/0/0/0,34548:1747647677505:,1747647684057
counter/1/0/0/0,30473:1747647676820:,1747647684057
counter/6/0/0/0,34369:1747647679446:,1747647684057
counter/5/0/0/0,34549:1747647677505:,1747647684057
counter/1/0/0/0,30474:1747647676823:,1747647684057
counter/5/0/0/0,34550:1747647677505:,1747647684057
counter/6/0/0/0,34370:1747647679446:,1747647684057
counter/4/0/0/0,30099:1747647674594:,1747647684057
counter/5/0/0/0,34551:1747647677505:,1747647684057
counter/4/0/0/0,30100:1747647674596:,1747647684057
counter/5/0/0/0,34552:1747647677505:,1747647684057
counter/4/0/0/0,30101:1747647674596:,1747647684057
counter/5/0/0/0,34553:1747647677505:,1747647684057
counter/4/0/0/0,30102:1747647674596:,1747647684057
counter/5/0/0/0,34554:1747647677505:,1747647684057
counter/4/0/0/0,30103:1747647674596:,1747647684057
counter/7/0/0/0,34125:1747647678154:,1747647684057
counter/5/0/0/0,34555:1747647677505:,1747647684057
counter/4/0/0/0,30104:1747647674596:,1747647684057
counter/3/0/0/0,28302:1747647673751:,1747647684057
counter/8/0/0/0,35688:1747647678186:,1747647684057
counter/5/0/0/0,34556:1747647677505:,1747647684057
counter/4/0/0/0,30105:1747647674596:,1747647684057
counter/8/0/0/0,35689:1747647678186:,1747647684057
counter/5/0/0/0,34557:1747647677505:,1747647684057
counter/4/0/0/0,30106:1747647674596:,1747647684057
counter/8/0/0/0,35690:1747647678186:,1747647684058
counter/7/0/0/0,34126:1747647678155:,1747647684058
counter/5/0/0/0,34558:1747647677505:,1747647684058
counter/8/0/0/0,35691:1747647678186:,1747647684058
counter/7/0/0/0,34127:1747647678155:,1747647684058
counter/5/0/0/0,34559:1747647677505:,1747647684058
counter/8/0/0/0,35692:1747647678186:,1747647684058
counter/7/0/0/0,34128:1747647678155:,1747647684058
counter/5/0/0/0,34560:1747647677506:,1747647684058
counter/7/0/0/0,34129:1747647678155:,1747647684058
counter/5/0/0/0,34561:1747647677506:,1747647684058
counter/7/0/0/0,34130:1747647678155:,1747647684058
counter/5/0/0/0,34562:1747647677506:,1747647684058
counter/7/0/0/0,34131:1747647678155:,1747647684058
counter/5/0/0/0,34563:1747647677506:,1747647684058
counter/7/0/0/0,34132:1747647678155:,1747647684058
counter/5/0/0/0,34564:1747647677506:,1747647684058
counter/7/0/0/0,34133:1747647678155:,1747647684058
counter/5/0/0/0,34565:1747647677506:,1747647684058
counter/7/0/0/0,34134:1747647678155:,1747647684058
counter/5/0/0/0,34566:1747647677506:,1747647684058
counter/7/0/0/0,34135:1747647678166:,1747647684058
counter/4/0/0/0,30107:1747647674597:,1747647684058
counter/5/0/0/0,34567:1747647677514:,1747647684058
counter/7/0/0/0,34136:1747647678166:,1747647684058
counter/10/0/0/0,28000:1747647671291:,1747647684058
counter/1/0/0/0,30475:1747647676823:,1747647684058
counter/5/0/0/0,34568:1747647677514:,1747647684058
counter/7/0/0/0,34137:1747647678166:,1747647684058
counter/8/0/0/0,35693:1747647678186:,1747647684058
counter/5/0/0/0,34569:1747647677514:,1747647684058
counter/7/0/0/0,34138:1747647678166:,1747647684058
counter/5/0/0/0,34570:1747647677514:,1747647684058
counter/7/0/0/0,34139:1747647678166:,1747647684058
counter/5/0/0/0,34571:1747647677517:,1747647684058
counter/7/0/0/0,34140:1747647678168:,1747647684058
counter/5/0/0/0,34572:1747647677517:,1747647684058
counter/7/0/0/0,34141:1747647678168:,1747647684058
counter/5/0/0/0,34573:1747647677517:,1747647684058
counter/7/0/0/0,34142:1747647678168:,1747647684058
counter/5/0/0/0,34574:1747647677517:,1747647684058
counter/7/0/0/0,34143:1747647678171:,1747647684058
counter/4/0/0/0,30108:1747647674598:,1747647684059
counter/5/0/0/0,34575:1747647677517:,1747647684059
counter/7/0/0/0,34144:1747647678171:,1747647684059
counter/3/0/0/0,28303:1747647673752:,1747647684059
counter/5/0/0/0,34576:1747647677517:,1747647684059
counter/7/0/0/0,34145:1747647678171:,1747647684059
counter/5/0/0/0,34577:1747647677518:,1747647684059
counter/7/0/0/0,34146:1747647678171:,1747647684059
counter/5/0/0/0,34578:1747647677518:,1747647684059
counter/7/0/0/0,34147:1747647678171:,1747647684059
counter/5/0/0/0,34579:1747647677518:,1747647684059
counter/7/0/0/0,34148:1747647678183:,1747647684059
counter/5/0/0/0,34580:1747647677518:,1747647684059
counter/7/0/0/0,34149:1747647678183:,1747647684059
counter/5/0/0/0,34581:1747647677518:,1747647684059
counter/7/0/0/0,34150:1747647678184:,1747647684059
counter/5/0/0/0,34582:1747647677518:,1747647684059
counter/7/0/0/0,34151:1747647678184:,1747647684059
counter/5/0/0/0,34583:1747647677518:,1747647684059
counter/7/0/0/0,34152:1747647678184:,1747647684059
counter/5/0/0/0,34584:1747647677518:,1747647684059
counter/7/0/0/0,34153:1747647678184:,1747647684059
counter/5/0/0/0,34585:1747647677518:,1747647684059
counter/7/0/0/0,34154:1747647678184:,1747647684059
counter/5/0/0/0,34586:1747647677518:,1747647684059
counter/7/0/0/0,34155:1747647678184:,1747647684059
counter/5/0/0/0,34587:1747647677521:,1747647684059
counter/7/0/0/0,34156:1747647678184:,1747647684059
counter/5/0/0/0,34588:1747647677521:,1747647684059
counter/7/0/0/0,34157:1747647678184:,1747647684059
counter/5/0/0/0,34589:1747647677521:,1747647684059
counter/5/0/0/0,34590:1747647677521:,1747647684059
counter/7/0/0/0,34158:1747647678184:,1747647684059
counter/5/0/0/0,34591:1747647677521:,1747647684059
counter/7/0/0/0,34159:1747647678185:,1747647684059
counter/10/0/0/0,28001:1747647671291:,1747647684059
counter/5/0/0/0,34592:1747647677521:,1747647684059
counter/7/0/0/0,34160:1747647678185:,1747647684059
counter/3/0/0/0,28304:1747647673752:,1747647684060
counter/4/0/0/0,30109:1747647674598:,1747647684060
counter/5/0/0/0,34593:1747647677521:,1747647684060
counter/7/0/0/0,34161:1747647678185:,1747647684060
counter/5/0/0/0,34594:1747647677521:,1747647684060
counter/7/0/0/0,34162:1747647678185:,1747647684060
counter/5/0/0/0,34595:1747647677521:,1747647684060
counter/7/0/0/0,34163:1747647678185:,1747647684060
counter/5/0/0/0,34596:1747647677521:,1747647684060
counter/7/0/0/0,34164:1747647678185:,1747647684060
counter/5/0/0/0,34597:1747647677521:,1747647684060
counter/7/0/0/0,34165:1747647678185:,1747647684060
counter/5/0/0/0,34598:1747647677521:,1747647684060
counter/7/0/0/0,34166:1747647678187:,1747647684060
counter/5/0/0/0,34599:1747647677521:,1747647684060
counter/7/0/0/0,34167:1747647678187:,1747647684060
counter/5/0/0/0,34600:1747647677521:,1747647684060
counter/7/0/0/0,34168:1747647678187:,1747647684060
counter/5/0/0/0,34601:1747647677521:,1747647684060
counter/7/0/0/0,34169:1747647678187:,1747647684060
counter/5/0/0/0,34602:1747647677521:,1747647684060
counter/7/0/0/0,34170:1747647678187:,1747647684060
counter/5/0/0/0,34603:1747647677522:,1747647684060
counter/7/0/0/0,34171:1747647678187:,1747647684060
counter/5/0/0/0,34604:1747647677523:,1747647684060
counter/7/0/0/0,34172:1747647678187:,1747647684060
counter/5/0/0/0,34605:1747647677523:,1747647684060
counter/7/0/0/0,34173:1747647678189:,1747647684060
counter/5/0/0/0,34606:1747647677523:,1747647684060
counter/7/0/0/0,34174:1747647678189:,1747647684060
counter/5/0/0/0,34607:1747647677523:,1747647684060
counter/7/0/0/0,34175:1747647678189:,1747647684060
counter/5/0/0/0,34608:1747647677523:,1747647684060
counter/7/0/0/0,34176:1747647678189:,1747647684060
counter/5/0/0/0,34609:1747647677523:,1747647684060
counter/7/0/0/0,34177:1747647678189:,1747647684060
counter/8/0/0/0,35694:1747647678186:,1747647684061
counter/5/0/0/0,34610:1747647677523:,1747647684061
counter/6/0/0/0,34371:1747647679446:,1747647684061
counter/3/0/0/0,28305:1747647673752:,1747647684061
counter/5/0/0/0,34611:1747647677532:,1747647684061
counter/3/0/0/0,28306:1747647673752:,1747647684061
counter/5/0/0/0,34612:1747647677539:,1747647684061
counter/3/0/0/0,28307:1747647673752:,1747647684061
counter/8/0/0/0,35695:1747647678186:,1747647684061
counter/5/0/0/0,34613:1747647677539:,1747647684061
counter/3/0/0/0,28308:1747647673752:,1747647684061
counter/6/0/0/0,34372:1747647679447:,1747647684061
counter/5/0/0/0,34614:1747647677539:,1747647684061
counter/3/0/0/0,28309:1747647673752:,1747647684061
counter/6/0/0/0,34373:1747647679447:,1747647684061
counter/5/0/0/0,34615:1747647677539:,1747647684061
counter/3/0/0/0,28310:1747647673752:,1747647684061
counter/6/0/0/0,34374:1747647679454:,1747647684061
counter/5/0/0/0,34616:1747647677539:,1747647684061
counter/6/0/0/0,34375:1747647679454:,1747647684061
counter/5/0/0/0,34617:1747647677539:,1747647684061
counter/6/0/0/0,34376:1747647679454:,1747647684061
counter/5/0/0/0,34618:1747647677539:,1747647684061
counter/6/0/0/0,34377:1747647679454:,1747647684061
counter/5/0/0/0,34619:1747647677539:,1747647684061
counter/6/0/0/0,34378:1747647679454:,1747647684061
counter/5/0/0/0,34620:1747647677544:,1747647684061
counter/6/0/0/0,34379:1747647679454:,1747647684061
counter/8/0/0/0,35696:1747647678186:,1747647684061
counter/5/0/0/0,34621:1747647677545:,1747647684061
counter/6/0/0/0,34380:1747647679454:,1747647684061
counter/8/0/0/0,35697:1747647678186:,1747647684061
counter/5/0/0/0,34622:1747647677545:,1747647684061
counter/6/0/0/0,34381:1747647679454:,1747647684061
counter/8/0/0/0,35698:1747647678186:,1747647684061
counter/5/0/0/0,34623:1747647677545:,1747647684061
counter/6/0/0/0,34382:1747647679454:,1747647684061
counter/8/0/0/0,35699:1747647678186:,1747647684061
counter/5/0/0/0,34624:1747647677545:,1747647684061
counter/6/0/0/0,34383:1747647679454:,1747647684061
counter/8/0/0/0,35700:1747647678193:,1747647684062
counter/5/0/0/0,34625:1747647677545:,1747647684062
counter/6/0/0/0,34384:1747647679455:,1747647684062
counter/8/0/0/0,35701:1747647678193:,1747647684062
counter/5/0/0/0,34626:1747647677545:,1747647684062
counter/6/0/0/0,34385:1747647679455:,1747647684062
counter/8/0/0/0,35702:1747647678193:,1747647684062
counter/4/0/0/0,30110:1747647674598:,1747647684062
counter/5/0/0/0,34627:1747647677545:,1747647684062
counter/6/0/0/0,34386:1747647679455:,1747647684062
counter/8/0/0/0,35703:1747647678193:,1747647684062
counter/5/0/0/0,34628:1747647677545:,1747647684062
counter/6/0/0/0,34387:1747647679455:,1747647684062
counter/8/0/0/0,35704:1747647678207:,1747647684062
counter/5/0/0/0,34629:1747647677545:,1747647684062
counter/6/0/0/0,34388:1747647679455:,1747647684062
counter/8/0/0/0,35705:1747647678207:,1747647684062
counter/5/0/0/0,34630:1747647677545:,1747647684062
counter/6/0/0/0,34389:1747647679455:,1747647684062
counter/8/0/0/0,35706:1747647678207:,1747647684062
counter/5/0/0/0,34631:1747647677545:,1747647684062
counter/6/0/0/0,34390:1747647679455:,1747647684062
counter/8/0/0/0,35707:1747647678211:,1747647684062
counter/5/0/0/0,34632:1747647677545:,1747647684062
counter/6/0/0/0,34391:1747647679455:,1747647684062
counter/8/0/0/0,35708:1747647678211:,1747647684062
counter/10/0/0/0,28002:1747647671291:,1747647684062
counter/5/0/0/0,34633:1747647677545:,1747647684062
counter/6/0/0/0,34392:1747647679455:,1747647684062
counter/8/0/0/0,35709:1747647678211:,1747647684062
counter/1/0/0/0,30476:1747647676823:,1747647684062
counter/5/0/0/0,34634:1747647677549:,1747647684062
counter/6/0/0/0,34393:1747647679455:,1747647684062
counter/8/0/0/0,35710:1747647678211:,1747647684062
counter/5/0/0/0,34635:1747647677550:,1747647684062
counter/6/0/0/0,34394:1747647679455:,1747647684062
counter/8/0/0/0,35711:1747647678211:,1747647684062
counter/5/0/0/0,34636:1747647677550:,1747647684062
counter/6/0/0/0,34395:1747647679455:,1747647684063
counter/8/0/0/0,35712:1747647678211:,1747647684063
counter/5/0/0/0,34637:1747647677550:,1747647684063
counter/6/0/0/0,34396:1747647679455:,1747647684063
counter/5/0/0/0,34638:1747647677550:,1747647684063
counter/6/0/0/0,34397:1747647679455:,1747647684063
counter/5/0/0/0,34639:1747647677555:,1747647684063
counter/6/0/0/0,34398:1747647679455:,1747647684063
counter/4/0/0/0,30111:1747647674598:,1747647684063
counter/5/0/0/0,34640:1747647677555:,1747647684063
counter/6/0/0/0,34399:1747647679455:,1747647684063
counter/5/0/0/0,34641:1747647677555:,1747647684063
counter/6/0/0/0,34400:1747647679455:,1747647684063
counter/5/0/0/0,34642:1747647677556:,1747647684063
counter/6/0/0/0,34401:1747647679465:,1747647684063
counter/5/0/0/0,34643:1747647677556:,1747647684063
counter/6/0/0/0,34402:1747647679465:,1747647684063
counter/5/0/0/0,34644:1747647677556:,1747647684063
counter/6/0/0/0,34403:1747647679465:,1747647684063
counter/5/0/0/0,34645:1747647677557:,1747647684063
counter/6/0/0/0,34404:1747647679466:,1747647684063
counter/5/0/0/0,34646:1747647677557:,1747647684063
counter/6/0/0/0,34405:1747647679466:,1747647684063
counter/5/0/0/0,34647:1747647677557:,1747647684063
counter/6/0/0/0,34406:1747647679466:,1747647684063
counter/4/0/0/0,30112:1747647674598:,1747647684063
counter/5/0/0/0,34648:1747647677557:,1747647684063
counter/6/0/0/0,34407:1747647679466:,1747647684063
counter/3/0/0/0,28311:1747647673752:,1747647684063
counter/1/0/0/0,30477:1747647676823:,1747647684063
counter/5/0/0/0,34649:1747647677557:,1747647684063
counter/6/0/0/0,34408:1747647679466:,1747647684063
counter/8/0/0/0,35713:1747647678211:,1747647684063
counter/5/0/0/0,34650:1747647677557:,1747647684063
counter/6/0/0/0,34409:1747647679475:,1747647684063
counter/5/0/0/0,34651:1747647677557:,1747647684063
counter/6/0/0/0,34410:1747647679476:,1747647684063
counter/5/0/0/0,34652:1747647677557:,1747647684063
counter/6/0/0/0,34411:1747647679476:,1747647684063
counter/5/0/0/0,34653:1747647677557:,1747647684063
counter/6/0/0/0,34412:1747647679476:,1747647684063
counter/5/0/0/0,34654:1747647677557:,1747647684064
counter/6/0/0/0,34413:1747647679476:,1747647684064
counter/5/0/0/0,34655:1747647677557:,1747647684064
counter/6/0/0/0,34414:1747647679476:,1747647684064
counter/5/0/0/0,34656:1747647677557:,1747647684064
counter/6/0/0/0,34415:1747647679476:,1747647684064
counter/5/0/0/0,34657:1747647677557:,1747647684064
counter/6/0/0/0,34416:1747647679476:,1747647684064
counter/5/0/0/0,34658:1747647677557:,1747647684064
counter/6/0/0/0,34417:1747647679476:,1747647684064
counter/5/0/0/0,34659:1747647677557:,1747647684064
counter/6/0/0/0,34418:1747647679476:,1747647684064
counter/5/0/0/0,34660:1747647677557:,1747647684064
counter/6/0/0/0,34419:1747647679476:,1747647684064
counter/5/0/0/0,34661:1747647677557:,1747647684064
counter/6/0/0/0,34420:1747647679476:,1747647684064
counter/5/0/0/0,34662:1747647677557:,1747647684064
counter/6/0/0/0,34421:1747647679479:,1747647684064
counter/5/0/0/0,34663:1747647677557:,1747647684064
counter/6/0/0/0,34422:1747647679479:,1747647684064
counter/5/0/0/0,34664:1747647677557:,1747647684064
counter/6/0/0/0,34423:1747647679479:,1747647684064
counter/5/0/0/0,34665:1747647677557:,1747647684064
counter/6/0/0/0,34424:1747647679479:,1747647684064
counter/5/0/0/0,34666:1747647677557:,1747647684064
counter/6/0/0/0,34425:1747647679479:,1747647684064
counter/5/0/0/0,34667:1747647677557:,1747647684064
counter/6/0/0/0,34426:1747647679479:,1747647684064
counter/5/0/0/0,34668:1747647677557:,1747647684064
counter/6/0/0/0,34427:1747647679479:,1747647684064
counter/4/0/0/0,30113:1747647674598:,1747647684064
counter/5/0/0/0,34669:1747647677558:,1747647684064
counter/6/0/0/0,34428:1747647679483:,1747647684064
counter/5/0/0/0,34670:1747647677558:,1747647684064
counter/6/0/0/0,34429:1747647679483:,1747647684064
counter/5/0/0/0,34671:1747647677559:,1747647684064
counter/6/0/0/0,34430:1747647679483:,1747647684064
counter/5/0/0/0,34672:1747647677567:,1747647684064
counter/6/0/0/0,34431:1747647679483:,1747647684064
counter/5/0/0/0,34673:1747647677567:,1747647684064
counter/6/0/0/0,34432:1747647679483:,1747647684064
counter/8/0/0/0,35714:1747647678211:,1747647684064
counter/5/0/0/0,34674:1747647677567:,1747647684065
counter/6/0/0/0,34433:1747647679485:,1747647684065
counter/10/0/0/0,28003:1747647671292:,1747647684065
counter/4/0/0/0,30114:1747647674598:,1747647684065
counter/5/0/0/0,34675:1747647677567:,1747647684065
counter/6/0/0/0,34434:1747647679485:,1747647684065
counter/3/0/0/0,28312:1747647673752:,1747647684065
counter/1/0/0/0,30478:1747647676823:,1747647684065
counter/5/0/0/0,34676:1747647677567:,1747647684065
counter/6/0/0/0,34435:1747647679485:,1747647684065
counter/8/0/0/0,35715:1747647678211:,1747647684065
counter/5/0/0/0,34677:1747647677567:,1747647684065
counter/6/0/0/0,34436:1747647679485:,1747647684065
counter/8/0/0/0,35716:1747647678211:,1747647684065
counter/5/0/0/0,34678:1747647677567:,1747647684065
counter/6/0/0/0,34437:1747647679485:,1747647684065
counter/3/0/0/0,28313:1747647673752:,1747647684065
counter/1/0/0/0,30479:1747647676823:,1747647684065
counter/5/0/0/0,34679:1747647677567:,1747647684065
counter/6/0/0/0,34438:1747647679485:,1747647684065
counter/8/0/0/0,35717:1747647678211:,1747647684065
counter/7/0/0/0,34178:1747647678190:,1747647684065
counter/10/0/0/0,28004:1747647671292:,1747647684065
counter/5/0/0/0,34680:1747647677567:,1747647684065
counter/6/0/0/0,34439:1747647679485:,1747647684065
counter/5/0/0/0,34681:1747647677567:,1747647684065
counter/6/0/0/0,34440:1747647679485:,1747647684065
counter/8/0/0/0,35718:1747647678221:,1747647684065
counter/5/0/0/0,34682:1747647677567:,1747647684065
counter/6/0/0/0,34441:1747647679486:,1747647684065
counter/7/0/0/0,34179:1747647678190:,1747647684065
counter/5/0/0/0,34683:1747647677567:,1747647684065
counter/6/0/0/0,34442:1747647679486:,1747647684065
counter/8/0/0/0,35719:1747647678222:,1747647684065
counter/5/0/0/0,34684:1747647677588:,1747647684065
counter/10/0/0/0,28005:1747647671292:,1747647684065
counter/7/0/0/0,34180:1747647678190:,1747647684065
counter/5/0/0/0,34685:1747647677589:,1747647684065
counter/4/0/0/0,30115:1747647674598:,1747647684065
counter/5/0/0/0,34686:1747647677589:,1747647684066
counter/1/0/0/0,30480:1747647676823:,1747647684066
counter/5/0/0/0,34687:1747647677589:,1747647684066
counter/5/0/0/0,34688:1747647677589:,1747647684066
counter/5/0/0/0,34689:1747647677589:,1747647684066
counter/5/0/0/0,34690:1747647677589:,1747647684066
counter/5/0/0/0,34691:1747647677589:,1747647684066
counter/5/0/0/0,34692:1747647677589:,1747647684066
counter/5/0/0/0,34693:1747647677589:,1747647684066
counter/5/0/0/0,34694:1747647677589:,1747647684066
counter/5/0/0/0,34695:1747647677589:,1747647684066
counter/5/0/0/0,34696:1747647677589:,1747647684066
counter/8/0/0/0,35720:1747647678222:,1747647684066
counter/5/0/0/0,34697:1747647677589:,1747647684066
counter/1/0/0/0,30481:1747647676823:,1747647684066
counter/5/0/0/0,34698:1747647677589:,1747647684066
counter/7/0/0/0,34181:1747647678190:,1747647684066
counter/10/0/0/0,28006:1747647671292:,1747647684066
counter/5/0/0/0,34699:1747647677589:,1747647684066
counter/4/0/0/0,30116:1747647674605:,1747647684066
counter/3/0/0/0,28314:1747647673752:,1747647684066
counter/5/0/0/0,34700:1747647677589:,1747647684066
counter/8/0/0/0,35721:1747647678222:,1747647684066
counter/5/0/0/0,34701:1747647677599:,1747647684066
counter/8/0/0/0,35722:1747647678222:,1747647684066
counter/5/0/0/0,34702:1747647677599:,1747647684066
counter/8/0/0/0,35723:1747647678222:,1747647684066
counter/5/0/0/0,34703:1747647677599:,1747647684066
counter/8/0/0/0,35724:1747647678222:,1747647684066
counter/1/0/0/0,30482:1747647676823:,1747647684066
counter/5/0/0/0,34704:1747647677599:,1747647684066
counter/8/0/0/0,35725:1747647678222:,1747647684066
counter/7/0/0/0,34182:1747647678190:,1747647684066
counter/10/0/0/0,28007:1747647671292:,1747647684066
counter/5/0/0/0,34705:1747647677599:,1747647684066
counter/8/0/0/0,35726:1747647678222:,1747647684066
counter/4/0/0/0,30117:1747647674608:,1747647684066
counter/5/0/0/0,34706:1747647677599:,1747647684066
counter/8/0/0/0,35727:1747647678222:,1747647684066
counter/5/0/0/0,34707:1747647677599:,1747647684066
counter/8/0/0/0,35728:1747647678222:,1747647684067
counter/5/0/0/0,34708:1747647677599:,1747647684067
counter/8/0/0/0,35729:1747647678222:,1747647684067
counter/5/0/0/0,34709:1747647677599:,1747647684067
counter/8/0/0/0,35730:1747647678222:,1747647684067
counter/5/0/0/0,34710:1747647677602:,1747647684067
counter/8/0/0/0,35731:1747647678222:,1747647684067
counter/5/0/0/0,34711:1747647677602:,1747647684067
counter/8/0/0/0,35732:1747647678228:,1747647684067
counter/5/0/0/0,34712:1747647677603:,1747647684067
counter/8/0/0/0,35733:1747647678228:,1747647684067
counter/5/0/0/0,34713:1747647677603:,1747647684067
counter/8/0/0/0,35734:1747647678229:,1747647684067
counter/5/0/0/0,34714:1747647677603:,1747647684067
counter/8/0/0/0,35735:1747647678229:,1747647684067
counter/5/0/0/0,34715:1747647677615:,1747647684067
counter/8/0/0/0,35736:1747647678229:,1747647684067
counter/5/0/0/0,34716:1747647677615:,1747647684067
counter/8/0/0/0,35737:1747647678230:,1747647684067
counter/5/0/0/0,34717:1747647677615:,1747647684067
counter/8/0/0/0,35738:1747647678230:,1747647684067
counter/5/0/0/0,34718:1747647677615:,1747647684067
counter/8/0/0/0,35739:1747647678230:,1747647684067
counter/5/0/0/0,34719:1747647677621:,1747647684067
counter/8/0/0/0,35740:1747647678230:,1747647684067
counter/5/0/0/0,34720:1747647677621:,1747647684067
counter/8/0/0/0,35741:1747647678230:,1747647684067
counter/5/0/0/0,34721:1747647677622:,1747647684067
counter/8/0/0/0,35742:1747647678230:,1747647684067
counter/5/0/0/0,34722:1747647677622:,1747647684067
counter/8/0/0/0,35743:1747647678230:,1747647684067
counter/5/0/0/0,34723:1747647677622:,1747647684067
counter/8/0/0/0,35744:1747647678230:,1747647684067
counter/5/0/0/0,34724:1747647677624:,1747647684067
counter/8/0/0/0,35745:1747647678257:,1747647684067
counter/5/0/0/0,34725:1747647677627:,1747647684068
counter/8/0/0/0,35746:1747647678257:,1747647684068
counter/5/0/0/0,34726:1747647677627:,1747647684068
counter/8/0/0/0,35747:1747647678258:,1747647684068
counter/5/0/0/0,34727:1747647677630:,1747647684068
counter/8/0/0/0,35748:1747647678258:,1747647684068
counter/5/0/0/0,34728:1747647677630:,1747647684068
counter/8/0/0/0,35749:1747647678258:,1747647684068
counter/5/0/0/0,34729:1747647677630:,1747647684068
counter/8/0/0/0,35750:1747647678258:,1747647684068
counter/5/0/0/0,34730:1747647677630:,1747647684068
counter/8/0/0/0,35751:1747647678258:,1747647684068
counter/5/0/0/0,34731:1747647677630:,1747647684068
counter/8/0/0/0,35752:1747647678258:,1747647684068
counter/5/0/0/0,34732:1747647677630:,1747647684068
counter/8/0/0/0,35753:1747647678258:,1747647684068
counter/5/0/0/0,34733:1747647677630:,1747647684068
counter/8/0/0/0,35754:1747647678258:,1747647684068
counter/5/0/0/0,34734:1747647677630:,1747647684068
counter/8/0/0/0,35755:1747647678258:,1747647684068
counter/10/0/0/0,28008:1747647671292:,1747647684068
counter/5/0/0/0,34735:1747647677630:,1747647684068
counter/8/0/0/0,35756:1747647678258:,1747647684068
counter/1/0/0/0,30483:1747647676823:,1747647684068
counter/5/0/0/0,34736:1747647677630:,1747647684068
counter/8/0/0/0,35757:1747647678258:,1747647684068
counter/1/0/0/0,30484:1747647676823:,1747647684068
counter/3/0/0/0,28315:1747647673752:,1747647684068
counter/5/0/0/0,34737:1747647677630:,1747647684068
counter/8/0/0/0,35758:1747647678258:,1747647684068
counter/1/0/0/0,30485:1747647676823:,1747647684068
counter/5/0/0/0,34738:1747647677630:,1747647684068
counter/8/0/0/0,35759:1747647678258:,1747647684068
counter/1/0/0/0,30486:1747647676824:,1747647684068
counter/5/0/0/0,34739:1747647677633:,1747647684068
counter/8/0/0/0,35760:1747647678258:,1747647684068
counter/1/0/0/0,30487:1747647676824:,1747647684068
counter/7/0/0/0,34183:1747647678190:,1747647684068
counter/5/0/0/0,34740:1747647677633:,1747647684068
counter/8/0/0/0,35761:1747647678258:,1747647684068
counter/1/0/0/0,30488:1747647676824:,1747647684068
counter/5/0/0/0,34741:1747647677633:,1747647684069
counter/8/0/0/0,35762:1747647678267:,1747647684069
counter/1/0/0/0,30489:1747647676824:,1747647684069
counter/5/0/0/0,34742:1747647677633:,1747647684069
counter/8/0/0/0,35763:1747647678267:,1747647684069
counter/1/0/0/0,30490:1747647676824:,1747647684069
counter/5/0/0/0,34743:1747647677633:,1747647684069
counter/8/0/0/0,35764:1747647678267:,1747647684069
counter/1/0/0/0,30491:1747647676824:,1747647684069
counter/3/0/0/0,28316:1747647673752:,1747647684069
counter/5/0/0/0,34744:1747647677635:,1747647684069
counter/8/0/0/0,35765:1747647678267:,1747647684069
counter/1/0/0/0,30492:1747647676824:,1747647684069
counter/5/0/0/0,34745:1747647677635:,1747647684069
counter/8/0/0/0,35766:1747647678267:,1747647684069
counter/1/0/0/0,30493:1747647676824:,1747647684069
counter/5/0/0/0,34746:1747647677635:,1747647684069
counter/8/0/0/0,35767:1747647678268:,1747647684069
counter/1/0/0/0,30494:1747647676824:,1747647684069
counter/4/0/0/0,30118:1747647674608:,1747647684069
counter/10/0/0/0,28009:1747647671292:,1747647684069
counter/5/0/0/0,34747:1747647677635:,1747647684069
counter/8/0/0/0,35768:1747647678268:,1747647684069
counter/1/0/0/0,30495:1747647676824:,1747647684069
counter/3/0/0/0,28317:1747647673752:,1747647684069
counter/5/0/0/0,34748:1747647677635:,1747647684069
counter/8/0/0/0,35769:1747647678268:,1747647684069
counter/1/0/0/0,30496:1747647676824:,1747647684069
counter/5/0/0/0,34749:1747647677635:,1747647684069
counter/8/0/0/0,35770:1747647678268:,1747647684069
counter/1/0/0/0,30497:1747647676824:,1747647684069
counter/5/0/0/0,34750:1747647677635:,1747647684069
counter/8/0/0/0,35771:1747647678268:,1747647684069
counter/1/0/0/0,30498:1747647676824:,1747647684069
counter/5/0/0/0,34751:1747647677635:,1747647684069
counter/8/0/0/0,35772:1747647678268:,1747647684069
counter/1/0/0/0,30499:1747647676824:,1747647684069
counter/5/0/0/0,34752:1747647677635:,1747647684069
counter/8/0/0/0,35773:1747647678268:,1747647684069
counter/1/0/0/0,30500:1747647676824:,1747647684069
counter/5/0/0/0,34753:1747647677635:,1747647684069
counter/8/0/0/0,35774:1747647678268:,1747647684070
counter/5/0/0/0,34754:1747647677635:,1747647684070
counter/8/0/0/0,35775:1747647678268:,1747647684070
counter/7/0/0/0,34184:1747647678190:,1747647684070
counter/3/0/0/0,28318:1747647673752:,1747647684070
counter/5/0/0/0,34755:1747647677635:,1747647684070
counter/8/0/0/0,35776:1747647678268:,1747647684070
counter/1/0/0/0,30501:1747647676824:,1747647684070
counter/5/0/0/0,34756:1747647677635:,1747647684070
counter/8/0/0/0,35777:1747647678268:,1747647684070
counter/1/0/0/0,30502:1747647676824:,1747647684070
counter/5/0/0/0,34757:1747647677635:,1747647684070
counter/8/0/0/0,35778:1747647678276:,1747647684070
counter/1/0/0/0,30503:1747647676824:,1747647684070
counter/5/0/0/0,34758:1747647677635:,1747647684070
counter/8/0/0/0,35779:1747647678276:,1747647684070
counter/1/0/0/0,30504:1747647676825:,1747647684070
counter/5/0/0/0,34759:1747647677635:,1747647684070
counter/1/0/0/0,30505:1747647676825:,1747647684070
counter/5/0/0/0,34760:1747647677635:,1747647684070
counter/1/0/0/0,30506:1747647676825:,1747647684070
counter/5/0/0/0,34761:1747647677635:,1747647684070
counter/1/0/0/0,30507:1747647676825:,1747647684070
counter/7/0/0/0,34185:1747647678190:,1747647684070
counter/5/0/0/0,34762:1747647677636:,1747647684070
counter/10/0/0/0,28010:1747647671292:,1747647684070
counter/4/0/0/0,30119:1747647674608:,1747647684070
counter/5/0/0/0,34763:1747647677636:,1747647684070
counter/4/0/0/0,30120:1747647674608:,1747647684070
counter/5/0/0/0,34764:1747647677636:,1747647684070
counter/4/0/0/0,30121:1747647674608:,1747647684070
counter/3/0/0/0,28319:1747647673768:,1747647684070
counter/5/0/0/0,34765:1747647677636:,1747647684070
counter/4/0/0/0,30122:1747647674608:,1747647684070
counter/7/0/0/0,34186:1747647678190:,1747647684070
counter/10/0/0/0,28011:1747647671292:,1747647684070
counter/5/0/0/0,34766:1747647677636:,1747647684070
counter/5/0/0/0,34767:1747647677636:,1747647684071
counter/5/0/0/0,34768:1747647677636:,1747647684071
counter/5/0/0/0,34769:1747647677636:,1747647684071
counter/5/0/0/0,34770:1747647677636:,1747647684071
counter/5/0/0/0,34771:1747647677636:,1747647684071
counter/5/0/0/0,34772:1747647677636:,1747647684071
counter/5/0/0/0,34773:1747647677636:,1747647684071
counter/5/0/0/0,34774:1747647677636:,1747647684071
counter/5/0/0/0,34775:1747647677636:,1747647684071
counter/5/0/0/0,34776:1747647677636:,1747647684071
counter/5/0/0/0,34777:1747647677636:,1747647684071
counter/5/0/0/0,34778:1747647677636:,1747647684071
counter/5/0/0/0,34779:1747647677643:,1747647684071
counter/5/0/0/0,34780:1747647677643:,1747647684071
counter/5/0/0/0,34781:1747647677647:,1747647684071
counter/5/0/0/0,34782:1747647677647:,1747647684071
counter/5/0/0/0,34783:1747647677647:,1747647684071
counter/5/0/0/0,34784:1747647677647:,1747647684071
counter/5/0/0/0,34785:1747647677647:,1747647684071
counter/5/0/0/0,34786:1747647677647:,1747647684071
counter/5/0/0/0,34787:1747647677648:,1747647684071
counter/5/0/0/0,34788:1747647677648:,1747647684071
counter/7/0/0/0,34187:1747647678190:,1747647684071
counter/5/0/0/0,34789:1747647677648:,1747647684071
counter/10/0/0/0,28012:1747647671292:,1747647684071
counter/1/0/0/0,30508:1747647676825:,1747647684071
counter/5/0/0/0,34790:1747647677660:,1747647684071
counter/1/0/0/0,30509:1747647676832:,1747647684071
counter/5/0/0/0,34791:1747647677660:,1747647684071
counter/1/0/0/0,30510:1747647676832:,1747647684071
counter/5/0/0/0,34792:1747647677660:,1747647684071
counter/10/0/0/0,28013:1747647671292:,1747647684071
counter/1/0/0/0,30511:1747647676832:,1747647684071
counter/5/0/0/0,34793:1747647677660:,1747647684071
counter/1/0/0/0,30512:1747647676832:,1747647684071
counter/5/0/0/0,34794:1747647677660:,1747647684071
counter/1/0/0/0,30513:1747647676832:,1747647684071
counter/5/0/0/0,34795:1747647677661:,1747647684071
counter/5/0/0/0,34796:1747647677673:,1747647684071
counter/5/0/0/0,34797:1747647677699:,1747647684071
counter/7/0/0/0,34188:1747647678190:,1747647684071
counter/5/0/0/0,34798:1747647677699:,1747647684072
counter/4/0/0/0,30123:1747647674608:,1747647684072
counter/5/0/0/0,34799:1747647677700:,1747647684072
counter/3/0/0/0,28320:1747647673768:,1747647684072
counter/1/0/0/0,30514:1747647676832:,1747647684072
counter/5/0/0/0,34800:1747647677700:,1747647684072
counter/5/0/0/0,34801:1747647677700:,1747647684072
counter/10/0/0/0,28014:1747647671293:,1747647684072
counter/5/0/0/0,34802:1747647677700:,1747647684072
counter/3/0/0/0,28321:1747647673768:,1747647684072
counter/5/0/0/0,34803:1747647677700:,1747647684072
counter/1/0/0/0,30515:1747647676832:,1747647684072
counter/7/0/0/0,34189:1747647678190:,1747647684072
counter/5/0/0/0,34804:1747647677706:,1747647684072
counter/5/0/0/0,34805:1747647677706:,1747647684072
counter/5/0/0/0,34806:1747647677706:,1747647684072
counter/5/0/0/0,34807:1747647677706:,1747647684072
counter/5/0/0/0,34808:1747647677706:,1747647684072
counter/5/0/0/0,34809:1747647677706:,1747647684072
counter/5/0/0/0,34810:1747647677714:,1747647684072
counter/5/0/0/0,34811:1747647677714:,1747647684072
counter/5/0/0/0,34812:1747647677714:,1747647684072
counter/5/0/0/0,34813:1747647677714:,1747647684072
counter/5/0/0/0,34814:1747647677714:,1747647684072
counter/5/0/0/0,34815:1747647677714:,1747647684072
counter/5/0/0/0,34816:1747647677714:,1747647684072
counter/5/0/0/0,34817:1747647677714:,1747647684072
counter/5/0/0/0,34818:1747647677714:,1747647684072
counter/5/0/0/0,34819:1747647677714:,1747647684072
counter/5/0/0/0,34820:1747647677714:,1747647684072
counter/5/0/0/0,34821:1747647677714:,1747647684072
counter/5/0/0/0,34822:1747647677714:,1747647684072
counter/5/0/0/0,34823:1747647677715:,1747647684072
counter/5/0/0/0,34824:1747647677715:,1747647684072
counter/5/0/0/0,34825:1747647677715:,1747647684072
counter/5/0/0/0,34826:1747647677715:,1747647684072
counter/5/0/0/0,34827:1747647677715:,1747647684072
counter/5/0/0/0,34828:1747647677716:,1747647684072
counter/5/0/0/0,34829:1747647677716:,1747647684073
counter/5/0/0/0,34830:1747647677716:,1747647684073
counter/3/0/0/0,28322:1747647673768:,1747647684073
counter/5/0/0/0,34831:1747647677716:,1747647684073
counter/1/0/0/0,30516:1747647676832:,1747647684073
counter/5/0/0/0,34832:1747647677716:,1747647684073
counter/1/0/0/0,30517:1747647676832:,1747647684073
counter/5/0/0/0,34833:1747647677716:,1747647684073
counter/1/0/0/0,30518:1747647676834:,1747647684073
counter/10/0/0/0,28015:1747647671293:,1747647684073
counter/5/0/0/0,34834:1747647677717:,1747647684073
counter/1/0/0/0,30519:1747647676834:,1747647684073
counter/5/0/0/0,34835:1747647677717:,1747647684073
counter/5/0/0/0,34836:1747647677717:,1747647684073
counter/5/0/0/0,34837:1747647677717:,1747647684073
counter/5/0/0/0,34838:1747647677717:,1747647684073
counter/5/0/0/0,34839:1747647677722:,1747647684073
counter/5/0/0/0,34840:1747647677722:,1747647684073
counter/5/0/0/0,34841:1747647677722:,1747647684073
counter/5/0/0/0,34842:1747647677722:,1747647684073
counter/5/0/0/0,34843:1747647677722:,1747647684073
counter/5/0/0/0,34844:1747647677722:,1747647684073
counter/5/0/0/0,34845:1747647677722:,1747647684073
counter/5/0/0/0,34846:1747647677722:,1747647684073
counter/5/0/0/0,34847:1747647677724:,1747647684073
counter/5/0/0/0,34848:1747647677736:,1747647684073
counter/5/0/0/0,34849:1747647677736:,1747647684073
counter/5/0/0/0,34850:1747647677736:,1747647684073
counter/5/0/0/0,34851:1747647677736:,1747647684073
counter/5/0/0/0,34852:1747647677736:,1747647684073
counter/4/0/0/0,30124:1747647674608:,1747647684073
counter/5/0/0/0,34853:1747647677736:,1747647684073
counter/10/0/0/0,28016:1747647671293:,1747647684073
counter/1/0/0/0,30520:1747647676834:,1747647684073
counter/5/0/0/0,34854:1747647677736:,1747647684073
counter/7/0/0/0,34190:1747647678190:,1747647684073
counter/3/0/0/0,28323:1747647673768:,1747647684074
counter/5/0/0/0,34855:1747647677736:,1747647684074
counter/5/0/0/0,34856:1747647677736:,1747647684074
counter/5/0/0/0,34857:1747647677736:,1747647684074
counter/5/0/0/0,34858:1747647677736:,1747647684074
counter/5/0/0/0,34859:1747647677736:,1747647684074
counter/5/0/0/0,34860:1747647677736:,1747647684074
counter/5/0/0/0,34861:1747647677736:,1747647684074
counter/5/0/0/0,34862:1747647677736:,1747647684074
counter/5/0/0/0,34863:1747647677736:,1747647684074
counter/5/0/0/0,34864:1747647677736:,1747647684074
counter/5/0/0/0,34865:1747647677736:,1747647684074
counter/5/0/0/0,34866:1747647677736:,1747647684074
counter/5/0/0/0,34867:1747647677737:,1747647684074
counter/5/0/0/0,34868:1747647677743:,1747647684074
counter/5/0/0/0,34869:1747647677743:,1747647684074
counter/5/0/0/0,34870:1747647677743:,1747647684074
counter/5/0/0/0,34871:1747647677743:,1747647684074
counter/5/0/0/0,34872:1747647677743:,1747647684074
counter/5/0/0/0,34873:1747647677743:,1747647684074
counter/5/0/0/0,34874:1747647677743:,1747647684074
counter/5/0/0/0,34875:1747647677743:,1747647684074
counter/5/0/0/0,34876:1747647677743:,1747647684074
counter/5/0/0/0,34877:1747647677746:,1747647684074
counter/5/0/0/0,34878:1747647677746:,1747647684074
counter/5/0/0/0,34879:1747647677746:,1747647684074
counter/5/0/0/0,34880:1747647677746:,1747647684074
counter/5/0/0/0,34881:1747647677759:,1747647684074
counter/5/0/0/0,34882:1747647677759:,1747647684074
counter/5/0/0/0,34883:1747647677759:,1747647684074
counter/5/0/0/0,34884:1747647677760:,1747647684074
counter/5/0/0/0,34885:1747647677760:,1747647684074
counter/5/0/0/0,34886:1747647677760:,1747647684074
counter/5/0/0/0,34887:1747647677760:,1747647684074
counter/4/0/0/0,30125:1747647674611:,1747647684074
counter/5/0/0/0,34888:1747647677776:,1747647684074
counter/4/0/0/0,30126:1747647674611:,1747647684074
counter/5/0/0/0,34889:1747647677776:,1747647684075
counter/4/0/0/0,30127:1747647674611:,1747647684075
counter/5/0/0/0,34890:1747647677776:,1747647684075
counter/5/0/0/0,34891:1747647677776:,1747647684075
counter/5/0/0/0,34892:1747647677776:,1747647684075
counter/5/0/0/0,34893:1747647677776:,1747647684075
counter/5/0/0/0,34894:1747647677776:,1747647684075
counter/5/0/0/0,34895:1747647677776:,1747647684075
counter/5/0/0/0,34896:1747647677777:,1747647684075
counter/5/0/0/0,34897:1747647677777:,1747647684075
counter/5/0/0/0,34898:1747647677777:,1747647684075
counter/5/0/0/0,34899:1747647677777:,1747647684075
counter/5/0/0/0,34900:1747647677777:,1747647684075
counter/5/0/0/0,34901:1747647677777:,1747647684075
counter/5/0/0/0,34902:1747647677777:,1747647684075
counter/5/0/0/0,34903:1747647677786:,1747647684075
counter/5/0/0/0,34904:1747647677786:,1747647684075
counter/5/0/0/0,34905:1747647677786:,1747647684075
counter/5/0/0/0,34906:1747647677786:,1747647684075
counter/5/0/0/0,34907:1747647677786:,1747647684075
counter/5/0/0/0,34908:1747647677786:,1747647684075
counter/5/0/0/0,34909:1747647677786:,1747647684075
counter/5/0/0/0,34910:1747647677786:,1747647684075
counter/5/0/0/0,34911:1747647677793:,1747647684075
counter/5/0/0/0,34912:1747647677793:,1747647684075
counter/5/0/0/0,34913:1747647677793:,1747647684075
counter/5/0/0/0,34914:1747647677793:,1747647684075
counter/5/0/0/0,34915:1747647677793:,1747647684075
counter/5/0/0/0,34916:1747647677793:,1747647684075
counter/7/0/0/0,34191:1747647678190:,1747647684075
counter/5/0/0/0,34917:1747647677793:,1747647684075
counter/10/0/0/0,28017:1747647671293:,1747647684075
counter/5/0/0/0,34918:1747647677793:,1747647684075
counter/4/0/0/0,30128:1747647674611:,1747647684076
counter/5/0/0/0,34919:1747647677793:,1747647684076
counter/4/0/0/0,30129:1747647674611:,1747647684076
counter/5/0/0/0,34920:1747647677793:,1747647684076
counter/4/0/0/0,30130:1747647674611:,1747647684076
counter/5/0/0/0,34921:1747647677793:,1747647684076
counter/4/0/0/0,30131:1747647674611:,1747647684076
counter/5/0/0/0,34922:1747647677793:,1747647684076
counter/4/0/0/0,30132:1747647674611:,1747647684076
counter/5/0/0/0,34923:1747647677793:,1747647684076
counter/4/0/0/0,30133:1747647674611:,1747647684076
counter/10/0/0/0,28018:1747647671296:,1747647684076
counter/5/0/0/0,34924:1747647677799:,1747647684076
counter/4/0/0/0,30134:1747647674640:,1747647684076
counter/5/0/0/0,34925:1747647677806:,1747647684076
counter/4/0/0/0,30135:1747647674640:,1747647684076
counter/5/0/0/0,34926:1747647677806:,1747647684076
counter/4/0/0/0,30136:1747647674640:,1747647684076
counter/5/0/0/0,34927:1747647677806:,1747647684076
counter/4/0/0/0,30137:1747647674640:,1747647684076
counter/5/0/0/0,34928:1747647677806:,1747647684076
counter/4/0/0/0,30138:1747647674640:,1747647684076
counter/5/0/0/0,34929:1747647677806:,1747647684076
counter/5/0/0/0,34930:1747647677806:,1747647684076
counter/5/0/0/0,34931:1747647677806:,1747647684076
counter/5/0/0/0,34932:1747647677806:,1747647684076
counter/5/0/0/0,34933:1747647677807:,1747647684076
counter/5/0/0/0,34934:1747647677807:,1747647684076
counter/5/0/0/0,34935:1747647677807:,1747647684076
counter/5/0/0/0,34936:1747647677807:,1747647684076
counter/5/0/0/0,34937:1747647677807:,1747647684076
counter/1/0/0/0,30521:1747647676834:,1747647684076
counter/5/0/0/0,34938:1747647677807:,1747647684076
counter/10/0/0/0,28019:1747647671296:,1747647684076
counter/5/0/0/0,34939:1747647677807:,1747647684076
counter/3/0/0/0,28324:1747647673768:,1747647684076
counter/5/0/0/0,34940:1747647677807:,1747647684076
counter/5/0/0/0,34941:1747647677816:,1747647684076
counter/5/0/0/0,34942:1747647677816:,1747647684076
counter/5/0/0/0,34943:1747647677816:,1747647684077
counter/5/0/0/0,34944:1747647677816:,1747647684077
counter/5/0/0/0,34945:1747647677816:,1747647684077
counter/5/0/0/0,34946:1747647677816:,1747647684077
counter/5/0/0/0,34947:1747647677816:,1747647684077
counter/5/0/0/0,34948:1747647677816:,1747647684077
counter/5/0/0/0,34949:1747647677816:,1747647684077
counter/5/0/0/0,34950:1747647677816:,1747647684077
counter/7/0/0/0,34192:1747647678190:,1747647684077
counter/5/0/0/0,34951:1747647677816:,1747647684077
counter/1/0/0/0,30522:1747647676834:,1747647684077
counter/5/0/0/0,34952:1747647677816:,1747647684077
counter/10/0/0/0,28020:1747647671296:,1747647684077
counter/5/0/0/0,34953:1747647677816:,1747647684077
counter/4/0/0/0,30139:1747647674640:,1747647684077
counter/5/0/0/0,34954:1747647677816:,1747647684077
counter/5/0/0/0,34955:1747647677816:,1747647684077
counter/5/0/0/0,34956:1747647677816:,1747647684077
counter/5/0/0/0,34957:1747647677816:,1747647684077
counter/5/0/0/0,34958:1747647677817:,1747647684077
counter/5/0/0/0,34959:1747647677817:,1747647684077
counter/7/0/0/0,34193:1747647678190:,1747647684077
counter/5/0/0/0,34960:1747647677817:,1747647684077
counter/3/0/0/0,28325:1747647673768:,1747647684077
counter/5/0/0/0,34961:1747647677817:,1747647684077
counter/1/0/0/0,30523:1747647676834:,1747647684077
counter/5/0/0/0,34962:1747647677817:,1747647684077
counter/1/0/0/0,30524:1747647676834:,1747647684077
counter/5/0/0/0,34963:1747647677821:,1747647684077
counter/1/0/0/0,30525:1747647676834:,1747647684077
counter/5/0/0/0,34964:1747647677821:,1747647684077
counter/1/0/0/0,30526:1747647676834:,1747647684077
counter/5/0/0/0,34965:1747647677821:,1747647684077
counter/1/0/0/0,30527:1747647676834:,1747647684077
counter/5/0/0/0,34966:1747647677821:,1747647684077
counter/1/0/0/0,30528:1747647676834:,1747647684077
counter/3/0/0/0,28326:1747647673768:,1747647684077
counter/5/0/0/0,34967:1747647677821:,1747647684078
counter/1/0/0/0,30529:1747647676834:,1747647684078
counter/5/0/0/0,34968:1747647677821:,1747647684078
counter/1/0/0/0,30530:1747647676834:,1747647684078
counter/5/0/0/0,34969:1747647677821:,1747647684078
counter/1/0/0/0,30531:1747647676834:,1747647684078
counter/5/0/0/0,34970:1747647677822:,1747647684078
counter/1/0/0/0,30532:1747647676834:,1747647684078
counter/5/0/0/0,34971:1747647677822:,1747647684078
counter/1/0/0/0,30533:1747647676834:,1747647684078
counter/5/0/0/0,34972:1747647677822:,1747647684078
counter/5/0/0/0,34973:1747647677822:,1747647684078
counter/5/0/0/0,34974:1747647677822:,1747647684078
counter/5/0/0/0,34975:1747647677822:,1747647684078
counter/7/0/0/0,34194:1747647678192:,1747647684078
counter/5/0/0/0,34976:1747647677822:,1747647684078
counter/1/0/0/0,30534:1747647676835:,1747647684078
counter/3/0/0/0,28327:1747647673768:,1747647684078
counter/5/0/0/0,34977:1747647677822:,1747647684078
counter/10/0/0/0,28021:1747647671296:,1747647684078
counter/5/0/0/0,34978:1747647677822:,1747647684078
counter/5/0/0/0,34979:1747647677822:,1747647684078
counter/5/0/0/0,34980:1747647677822:,1747647684078
counter/5/0/0/0,34981:1747647677822:,1747647684078
counter/5/0/0/0,34982:1747647677822:,1747647684078
counter/5/0/0/0,34983:1747647677822:,1747647684078
counter/5/0/0/0,34984:1747647677822:,1747647684078
counter/5/0/0/0,34985:1747647677822:,1747647684078
counter/5/0/0/0,34986:1747647677822:,1747647684078
counter/5/0/0/0,34987:1747647677822:,1747647684078
counter/5/0/0/0,34988:1747647677822:,1747647684078
counter/5/0/0/0,34989:1747647677822:,1747647684078
counter/3/0/0/0,28328:1747647673769:,1747647684078
counter/5/0/0/0,34990:1747647677822:,1747647684078
counter/10/0/0/0,28022:1747647671296:,1747647684078
counter/5/0/0/0,34991:1747647677822:,1747647684078
counter/7/0/0/0,34195:1747647678192:,1747647684078
counter/5/0/0/0,34992:1747647677822:,1747647684079
counter/4/0/0/0,30140:1747647674640:,1747647684079
counter/5/0/0/0,34993:1747647677822:,1747647684079
counter/5/0/0/0,34994:1747647677822:,1747647684079
counter/5/0/0/0,34995:1747647677822:,1747647684079
counter/5/0/0/0,34996:1747647677822:,1747647684079
counter/5/0/0/0,34997:1747647677822:,1747647684079
counter/5/0/0/0,34998:1747647677822:,1747647684079
counter/5/0/0/0,34999:1747647677822:,1747647684079
counter/5/0/0/0,35000:1747647677822:,1747647684079
counter/5/0/0/0,35001:1747647677822:,1747647684079
counter/5/0/0/0,35002:1747647677822:,1747647684079
counter/5/0/0/0,35003:1747647677822:,1747647684079
counter/1/0/0/0,30535:1747647676835:,1747647684079
counter/5/0/0/0,35004:1747647677822:,1747647684079
counter/3/0/0/0,28329:1747647673769:,1747647684079
counter/4/0/0/0,30141:1747647674640:,1747647684079
counter/5/0/0/0,35005:1747647677823:,1747647684079
counter/7/0/0/0,34196:1747647678192:,1747647684079
counter/5/0/0/0,35006:1747647677823:,1747647684079
counter/5/0/0/0,35007:1747647677823:,1747647684079
counter/5/0/0/0,35008:1747647677823:,1747647684079
counter/5/0/0/0,35009:1747647677823:,1747647684079
counter/5/0/0/0,35010:1747647677823:,1747647684079
counter/5/0/0/0,35011:1747647677823:,1747647684079
counter/5/0/0/0,35012:1747647677823:,1747647684079
counter/5/0/0/0,35013:1747647677823:,1747647684079
counter/5/0/0/0,35014:1747647677823:,1747647684079
counter/5/0/0/0,35015:1747647677823:,1747647684079
counter/5/0/0/0,35016:1747647677823:,1747647684079
counter/5/0/0/0,35017:1747647677823:,1747647684079
counter/5/0/0/0,35018:1747647677823:,1747647684079
counter/5/0/0/0,35019:1747647677823:,1747647684079
counter/5/0/0/0,35020:1747647677833:,1747647684079
counter/5/0/0/0,35021:1747647677833:,1747647684079
counter/5/0/0/0,35022:1747647677833:,1747647684079
counter/7/0/0/0,34197:1747647678201:,1747647684079
counter/5/0/0/0,35023:1747647677833:,1747647684079
counter/4/0/0/0,30142:1747647674640:,1747647684079
counter/5/0/0/0,35024:1747647677833:,1747647684079
counter/3/0/0/0,28330:1747647673769:,1747647684080
counter/10/0/0/0,28023:1747647671296:,1747647684080
counter/5/0/0/0,35025:1747647677833:,1747647684080
counter/10/0/0/0,28024:1747647671296:,1747647684080
counter/5/0/0/0,35026:1747647677833:,1747647684080
counter/10/0/0/0,28025:1747647671296:,1747647684080
counter/7/0/0/0,34198:1747647678201:,1747647684080
counter/5/0/0/0,35027:1747647677834:,1747647684080
counter/10/0/0/0,28026:1747647671296:,1747647684080
counter/3/0/0/0,28331:1747647673769:,1747647684080
counter/5/0/0/0,35028:1747647677834:,1747647684080
counter/10/0/0/0,28027:1747647671296:,1747647684080
counter/5/0/0/0,35029:1747647677834:,1747647684080
counter/5/0/0/0,35030:1747647677834:,1747647684080
counter/5/0/0/0,35031:1747647677834:,1747647684080
counter/5/0/0/0,35032:1747647677834:,1747647684080
counter/5/0/0/0,35033:1747647677834:,1747647684080
counter/5/0/0/0,35034:1747647677834:,1747647684080
counter/5/0/0/0,35035:1747647677834:,1747647684080
counter/7/0/0/0,34199:1747647678201:,1747647684080
counter/5/0/0/0,35036:1747647677834:,1747647684080
counter/1/0/0/0,30536:1747647676835:,1747647684080
counter/5/0/0/0,35037:1747647677834:,1747647684080
counter/3/0/0/0,28332:1747647673775:,1747647684080
counter/4/0/0/0,30143:1747647674641:,1747647684080
counter/5/0/0/0,35038:1747647677834:,1747647684080
counter/5/0/0/0,35039:1747647677834:,1747647684080
counter/5/0/0/0,35040:1747647677834:,1747647684080
counter/5/0/0/0,35041:1747647677834:,1747647684080
counter/5/0/0/0,35042:1747647677834:,1747647684080
counter/4/0/0/0,30144:1747647674641:,1747647684080
counter/5/0/0/0,35043:1747647677834:,1747647684080
counter/7/0/0/0,34200:1747647678201:,1747647684080
counter/5/0/0/0,35044:1747647677834:,1747647684080
counter/1/0/0/0,30537:1747647676835:,1747647684080
counter/5/0/0/0,35045:1747647677834:,1747647684080
counter/3/0/0/0,28333:1747647673775:,1747647684080
counter/10/0/0/0,28028:1747647671296:,1747647684080
counter/5/0/0/0,35046:1747647677834:,1747647684081
counter/5/0/0/0,35047:1747647677834:,1747647684081
counter/5/0/0/0,35048:1747647677834:,1747647684081
counter/4/0/0/0,30145:1747647674641:,1747647684081
counter/5/0/0/0,35049:1747647677834:,1747647684081
counter/10/0/0/0,28029:1747647671296:,1747647684081
counter/7/0/0/0,34201:1747647678202:,1747647684081
counter/5/0/0/0,35050:1747647677834:,1747647684081
counter/5/0/0/0,35051:1747647677834:,1747647684081
counter/5/0/0/0,35052:1747647677834:,1747647684081
counter/5/0/0/0,35053:1747647677834:,1747647684081
counter/5/0/0/0,35054:1747647677846:,1747647684081
counter/5/0/0/0,35055:1747647677846:,1747647684081
counter/5/0/0/0,35056:1747647677846:,1747647684081
counter/5/0/0/0,35057:1747647677846:,1747647684081
counter/5/0/0/0,35058:1747647677846:,1747647684081
counter/5/0/0/0,35059:1747647677846:,1747647684081
counter/7/0/0/0,34202:1747647678202:,1747647684081
counter/5/0/0/0,35060:1747647677846:,1747647684081
counter/1/0/0/0,30538:1747647676835:,1747647684081
counter/5/0/0/0,35061:1747647677859:,1747647684081
counter/10/0/0/0,28030:1747647671296:,1747647684081
counter/5/0/0/0,35062:1747647677863:,1747647684081
counter/4/0/0/0,30146:1747647674641:,1747647684081
counter/5/0/0/0,35063:1747647677863:,1747647684081
counter/5/0/0/0,35064:1747647677863:,1747647684081
counter/5/0/0/0,35065:1747647677863:,1747647684081
counter/5/0/0/0,35066:1747647677863:,1747647684081
counter/5/0/0/0,35067:1747647677863:,1747647684081
counter/5/0/0/0,35068:1747647677863:,1747647684081
counter/5/0/0/0,35069:1747647677863:,1747647684081
counter/5/0/0/0,35070:1747647677863:,1747647684081
counter/5/0/0/0,35071:1747647677863:,1747647684081
counter/5/0/0/0,35072:1747647677863:,1747647684081
counter/5/0/0/0,35073:1747647677863:,1747647684081
counter/5/0/0/0,35074:1747647677863:,1747647684081
counter/5/0/0/0,35075:1747647677863:,1747647684081
counter/5/0/0/0,35076:1747647677865:,1747647684081
counter/5/0/0/0,35077:1747647677865:,1747647684081
counter/4/0/0/0,30147:1747647674642:,1747647684081
counter/5/0/0/0,35078:1747647677865:,1747647684081
counter/4/0/0/0,30148:1747647674652:,1747647684082
counter/5/0/0/0,35079:1747647677869:,1747647684082
counter/4/0/0/0,30149:1747647674652:,1747647684082
counter/5/0/0/0,35080:1747647677869:,1747647684082
counter/4/0/0/0,30150:1747647674652:,1747647684082
counter/5/0/0/0,35081:1747647677869:,1747647684082
counter/4/0/0/0,30151:1747647674652:,1747647684082
counter/5/0/0/0,35082:1747647677869:,1747647684082
counter/4/0/0/0,30152:1747647674652:,1747647684082
counter/5/0/0/0,35083:1747647677869:,1747647684082
counter/4/0/0/0,30153:1747647674656:,1747647684082
counter/5/0/0/0,35084:1747647677869:,1747647684082
counter/4/0/0/0,30154:1747647674656:,1747647684082
counter/5/0/0/0,35085:1747647677869:,1747647684082
counter/4/0/0/0,30155:1747647674656:,1747647684082
counter/5/0/0/0,35086:1747647677869:,1747647684082
counter/4/0/0/0,30156:1747647674656:,1747647684082
counter/5/0/0/0,35087:1747647677869:,1747647684082
counter/4/0/0/0,30157:1747647674656:,1747647684082
counter/5/0/0/0,35088:1747647677869:,1747647684082
counter/4/0/0/0,30158:1747647674656:,1747647684082
counter/5/0/0/0,35089:1747647677869:,1747647684082
counter/4/0/0/0,30159:1747647674656:,1747647684082
counter/5/0/0/0,35090:1747647677869:,1747647684082
counter/4/0/0/0,30160:1747647674656:,1747647684082
counter/5/0/0/0,35091:1747647677869:,1747647684082
counter/4/0/0/0,30161:1747647674656:,1747647684082
counter/5/0/0/0,35092:1747647677896:,1747647684082
counter/4/0/0/0,30162:1747647674656:,1747647684082
counter/5/0/0/0,35093:1747647677896:,1747647684082
counter/4/0/0/0,30163:1747647674656:,1747647684082
counter/5/0/0/0,35094:1747647677896:,1747647684082
counter/4/0/0/0,30164:1747647674656:,1747647684082
counter/5/0/0/0,35095:1747647677896:,1747647684082
counter/4/0/0/0,30165:1747647674656:,1747647684082
counter/5/0/0/0,35096:1747647677896:,1747647684082
counter/4/0/0/0,30166:1747647674657:,1747647684082
counter/5/0/0/0,35097:1747647677896:,1747647684082
counter/5/0/0/0,35098:1747647677896:,1747647684082
counter/5/0/0/0,35099:1747647677896:,1747647684082
counter/5/0/0/0,35100:1747647677896:,1747647684082
counter/5/0/0/0,35101:1747647677897:,1747647684083
counter/5/0/0/0,35102:1747647677897:,1747647684083
counter/5/0/0/0,35103:1747647677897:,1747647684083
counter/5/0/0/0,35104:1747647677897:,1747647684083
counter/3/0/0/0,28334:1747647673775:,1747647684083
counter/5/0/0/0,35105:1747647677897:,1747647684083
counter/4/0/0/0,30167:1747647674657:,1747647684083
counter/10/0/0/0,28031:1747647671296:,1747647684083
counter/5/0/0/0,35106:1747647677897:,1747647684083
counter/7/0/0/0,34203:1747647678202:,1747647684083
counter/5/0/0/0,35107:1747647677897:,1747647684083
counter/5/0/0/0,35108:1747647677897:,1747647684083
counter/5/0/0/0,35109:1747647677897:,1747647684083
counter/5/0/0/0,35110:1747647677897:,1747647684083
counter/5/0/0/0,35111:1747647677897:,1747647684083
counter/5/0/0/0,35112:1747647677897:,1747647684083
counter/5/0/0/0,35113:1747647677898:,1747647684083
counter/5/0/0/0,35114:1747647677898:,1747647684083
counter/3/0/0/0,28335:1747647673775:,1747647684083
counter/5/0/0/0,35115:1747647677907:,1747647684083
counter/7/0/0/0,34204:1747647678202:,1747647684083
counter/5/0/0/0,35116:1747647677907:,1747647684083
counter/4/0/0/0,30168:1747647674657:,1747647684083
counter/5/0/0/0,35117:1747647677907:,1747647684083
counter/4/0/0/0,30169:1747647674660:,1747647684083
counter/5/0/0/0,35118:1747647677907:,1747647684083
counter/4/0/0/0,30170:1747647674660:,1747647684083
counter/3/0/0/0,28336:1747647673775:,1747647684083
counter/5/0/0/0,35119:1747647677917:,1747647684083
counter/4/0/0/0,30171:1747647674660:,1747647684083
counter/7/0/0/0,34205:1747647678202:,1747647684083
counter/5/0/0/0,35120:1747647677917:,1747647684083
counter/4/0/0/0,30172:1747647674660:,1747647684084
counter/5/0/0/0,35121:1747647677917:,1747647684084
counter/5/0/0/0,35122:1747647677917:,1747647684084
counter/5/0/0/0,35123:1747647677917:,1747647684084
counter/5/0/0/0,35124:1747647677917:,1747647684084
counter/5/0/0/0,35125:1747647677917:,1747647684084
counter/5/0/0/0,35126:1747647677917:,1747647684084
counter/5/0/0/0,35127:1747647677917:,1747647684084
counter/5/0/0/0,35128:1747647677918:,1747647684084
counter/5/0/0/0,35129:1747647677918:,1747647684084
counter/5/0/0/0,35130:1747647677918:,1747647684084
counter/5/0/0/0,35131:1747647677918:,1747647684084
counter/5/0/0/0,35132:1747647677918:,1747647684084
counter/5/0/0/0,35133:1747647677918:,1747647684084
counter/5/0/0/0,35134:1747647677926:,1747647684084
counter/5/0/0/0,35135:1747647677926:,1747647684084
counter/5/0/0/0,35136:1747647677926:,1747647684084
counter/5/0/0/0,35137:1747647677926:,1747647684084
counter/5/0/0/0,35138:1747647677926:,1747647684084
counter/5/0/0/0,35139:1747647677926:,1747647684084
counter/5/0/0/0,35140:1747647677926:,1747647684084
counter/5/0/0/0,35141:1747647677939:,1747647684084
counter/5/0/0/0,35142:1747647677940:,1747647684084
counter/5/0/0/0,35143:1747647677940:,1747647684084
counter/5/0/0/0,35144:1747647677940:,1747647684084
counter/5/0/0/0,35145:1747647677940:,1747647684084
counter/5/0/0/0,35146:1747647677940:,1747647684084
counter/5/0/0/0,35147:1747647677940:,1747647684084
counter/5/0/0/0,35148:1747647677940:,1747647684084
counter/5/0/0/0,35149:1747647677940:,1747647684084
counter/5/0/0/0,35150:1747647677940:,1747647684084
counter/5/0/0/0,35151:1747647677940:,1747647684084
counter/5/0/0/0,35152:1747647677940:,1747647684084
counter/5/0/0/0,35153:1747647677940:,1747647684084
counter/5/0/0/0,35154:1747647677940:,1747647684084
counter/5/0/0/0,35155:1747647677940:,1747647684084
counter/5/0/0/0,35156:1747647677940:,1747647684084
counter/5/0/0/0,35157:1747647677944:,1747647684084
counter/5/0/0/0,35158:1747647677945:,1747647684084
counter/10/0/0/0,28032:1747647671297:,1747647684085
counter/5/0/0/0,35159:1747647677945:,1747647684085
counter/7/0/0/0,34206:1747647678202:,1747647684085
counter/5/0/0/0,35160:1747647677945:,1747647684085
counter/4/0/0/0,30173:1747647674660:,1747647684085
counter/5/0/0/0,35161:1747647677945:,1747647684085
counter/5/0/0/0,35162:1747647677945:,1747647684085
counter/5/0/0/0,35163:1747647677945:,1747647684085
counter/5/0/0/0,35164:1747647677945:,1747647684085
counter/5/0/0/0,35165:1747647677945:,1747647684085
counter/5/0/0/0,35166:1747647677945:,1747647684085
counter/5/0/0/0,35167:1747647677945:,1747647684085
counter/5/0/0/0,35168:1747647677945:,1747647684085
counter/5/0/0/0,35169:1747647677945:,1747647684085
counter/5/0/0/0,35170:1747647677945:,1747647684085
counter/3/0/0/0,28337:1747647673787:,1747647684085
counter/5/0/0/0,35171:1747647677945:,1747647684085
counter/7/0/0/0,34207:1747647678202:,1747647684085
counter/5/0/0/0,35172:1747647677949:,1747647684085
counter/10/0/0/0,28033:1747647671297:,1747647684085
counter/4/0/0/0,30174:1747647674660:,1747647684085
counter/5/0/0/0,35173:1747647677949:,1747647684085
counter/5/0/0/0,35174:1747647677950:,1747647684085
counter/5/0/0/0,35175:1747647677950:,1747647684085
counter/5/0/0/0,35176:1747647677950:,1747647684085
counter/5/0/0/0,35177:1747647677950:,1747647684085
counter/5/0/0/0,35178:1747647677950:,1747647684085
counter/5/0/0/0,35179:1747647677950:,1747647684085
counter/5/0/0/0,35180:1747647677950:,1747647684085
counter/5/0/0/0,35181:1747647677950:,1747647684085
counter/5/0/0/0,35182:1747647677950:,1747647684085
counter/5/0/0/0,35183:1747647677950:,1747647684085
counter/5/0/0/0,35184:1747647677957:,1747647684085
counter/5/0/0/0,35185:1747647677958:,1747647684085
counter/5/0/0/0,35186:1747647677958:,1747647684085
counter/5/0/0/0,35187:1747647677969:,1747647684085
counter/5/0/0/0,35188:1747647677969:,1747647684085
counter/5/0/0/0,35189:1747647677969:,1747647684085
counter/5/0/0/0,35190:1747647677969:,1747647684085
counter/5/0/0/0,35191:1747647677969:,1747647684085
counter/5/0/0/0,35192:1747647677969:,1747647684085
counter/5/0/0/0,35193:1747647677969:,1747647684086
counter/5/0/0/0,35194:1747647677970:,1747647684086
counter/5/0/0/0,35195:1747647677972:,1747647684086
counter/5/0/0/0,35196:1747647677972:,1747647684086
counter/5/0/0/0,35197:1747647677972:,1747647684086
counter/5/0/0/0,35198:1747647677972:,1747647684086
counter/5/0/0/0,35199:1747647677972:,1747647684086
counter/5/0/0/0,35200:1747647677972:,1747647684086
counter/5/0/0/0,35201:1747647677972:,1747647684086
counter/5/0/0/0,35202:1747647677982:,1747647684086
counter/5/0/0/0,35203:1747647677982:,1747647684086
counter/5/0/0/0,35204:1747647677982:,1747647684086
counter/5/0/0/0,35205:1747647677982:,1747647684086
counter/5/0/0/0,35206:1747647677982:,1747647684086
counter/5/0/0/0,35207:1747647677982:,1747647684086
counter/5/0/0/0,35208:1747647677982:,1747647684086
counter/5/0/0/0,35209:1747647677983:,1747647684086
counter/5/0/0/0,35210:1747647677983:,1747647684086
counter/5/0/0/0,35211:1747647677983:,1747647684086
counter/5/0/0/0,35212:1747647677983:,1747647684086
counter/5/0/0/0,35213:1747647677983:,1747647684086
counter/5/0/0/0,35214:1747647677983:,1747647684086
counter/5/0/0/0,35215:1747647677983:,1747647684086
counter/5/0/0/0,35216:1747647677983:,1747647684086
counter/5/0/0/0,35217:1747647677983:,1747647684086
counter/5/0/0/0,35218:1747647677983:,1747647684086
counter/5/0/0/0,35219:1747647677983:,1747647684086
counter/7/0/0/0,34208:1747647678202:,1747647684086
counter/5/0/0/0,35220:1747647677983:,1747647684086
counter/4/0/0/0,30175:1747647674660:,1747647684086
counter/5/0/0/0,35221:1747647677983:,1747647684086
counter/10/0/0/0,28034:1747647671297:,1747647684086
counter/3/0/0/0,28338:1747647673787:,1747647684086
counter/5/0/0/0,35222:1747647677983:,1747647684086
counter/1/0/0/0,30539:1747647676835:,1747647684086
counter/5/0/0/0,35223:1747647677983:,1747647684086
counter/7/0/0/0,34209:1747647678202:,1747647684086
counter/4/0/0/0,30176:1747647674660:,1747647684086
counter/5/0/0/0,35224:1747647677983:,1747647684086
counter/10/0/0/0,28035:1747647671297:,1747647684087
counter/3/0/0/0,28339:1747647673787:,1747647684087
counter/5/0/0/0,35225:1747647677983:,1747647684087
counter/5/0/0/0,35226:1747647677984:,1747647684087
counter/5/0/0/0,35227:1747647677984:,1747647684087
counter/5/0/0/0,35228:1747647677984:,1747647684087
counter/5/0/0/0,35229:1747647677991:,1747647684087
counter/5/0/0/0,35230:1747647677991:,1747647684087
counter/5/0/0/0,35231:1747647677991:,1747647684087
counter/5/0/0/0,35232:1747647677991:,1747647684087
counter/5/0/0/0,35233:1747647677991:,1747647684087
counter/5/0/0/0,35234:1747647677991:,1747647684087
counter/5/0/0/0,35235:1747647677991:,1747647684087
counter/5/0/0/0,35236:1747647677994:,1747647684087
counter/5/0/0/0,35237:1747647677994:,1747647684087
counter/5/0/0/0,35238:1747647677994:,1747647684087
counter/5/0/0/0,35239:1747647677994:,1747647684087
counter/5/0/0/0,35240:1747647677994:,1747647684087
counter/5/0/0/0,35241:1747647677994:,1747647684087
counter/5/0/0/0,35242:1747647677994:,1747647684087
counter/5/0/0/0,35243:1747647677994:,1747647684087
counter/5/0/0/0,35244:1747647677994:,1747647684087
counter/5/0/0/0,35245:1747647677994:,1747647684087
counter/5/0/0/0,35246:1747647678000:,1747647684087
counter/5/0/0/0,35247:1747647678000:,1747647684087
counter/7/0/0/0,34210:1747647678202:,1747647684087
counter/5/0/0/0,35248:1747647678000:,1747647684087
counter/1/0/0/0,30540:1747647676835:,1747647684087
counter/5/0/0/0,35249:1747647678000:,1747647684087
counter/1/0/0/0,30541:1747647676835:,1747647684087
counter/5/0/0/0,35250:1747647678000:,1747647684087
counter/1/0/0/0,30542:1747647676835:,1747647684087
counter/3/0/0/0,28340:1747647673787:,1747647684087
counter/5/0/0/0,35251:1747647678000:,1747647684087
counter/1/0/0/0,30543:1747647676835:,1747647684087
counter/5/0/0/0,35252:1747647678000:,1747647684087
counter/5/0/0/0,35253:1747647678000:,1747647684087
counter/5/0/0/0,35254:1747647678000:,1747647684087
counter/5/0/0/0,35255:1747647678000:,1747647684087
counter/5/0/0/0,35256:1747647678000:,1747647684087
counter/5/0/0/0,35257:1747647678000:,1747647684087
counter/4/0/0/0,30177:1747647674660:,1747647684088
counter/5/0/0/0,35258:1747647678000:,1747647684088
counter/5/0/0/0,35259:1747647678000:,1747647684088
counter/4/0/0/0,30178:1747647674660:,1747647684088
counter/5/0/0/0,35260:1747647678000:,1747647684088
counter/7/0/0/0,34211:1747647678202:,1747647684088
counter/3/0/0/0,28341:1747647673790:,1747647684088
counter/5/0/0/0,35261:1747647678000:,1747647684088
counter/5/0/0/0,35262:1747647678000:,1747647684088
counter/5/0/0/0,35263:1747647678000:,1747647684088
counter/5/0/0/0,35264:1747647678000:,1747647684088
counter/5/0/0/0,35265:1747647678000:,1747647684088
counter/5/0/0/0,35266:1747647678001:,1747647684088
counter/5/0/0/0,35267:1747647678001:,1747647684088
counter/5/0/0/0,35268:1747647678001:,1747647684088
counter/5/0/0/0,35269:1747647678001:,1747647684088
counter/5/0/0/0,35270:1747647678001:,1747647684088
counter/5/0/0/0,35271:1747647678001:,1747647684088
counter/5/0/0/0,35272:1747647678022:,1747647684088
counter/3/0/0/0,28342:1747647673790:,1747647684088
counter/5/0/0/0,35273:1747647678022:,1747647684088
counter/7/0/0/0,34212:1747647678224:,1747647684088
counter/5/0/0/0,35274:1747647678022:,1747647684088
counter/10/0/0/0,28036:1747647671297:,1747647684088
counter/5/0/0/0,35275:1747647678022:,1747647684088
counter/5/0/0/0,35276:1747647678022:,1747647684088
counter/5/0/0/0,35277:1747647678022:,1747647684088
counter/5/0/0/0,35278:1747647678023:,1747647684088
counter/5/0/0/0,35279:1747647678023:,1747647684088
counter/5/0/0/0,35280:1747647678023:,1747647684088
counter/5/0/0/0,35281:1747647678023:,1747647684088
counter/5/0/0/0,35282:1747647678023:,1747647684088
counter/5/0/0/0,35283:1747647678025:,1747647684088
counter/5/0/0/0,35284:1747647678025:,1747647684088
counter/5/0/0/0,35285:1747647678025:,1747647684088
counter/5/0/0/0,35286:1747647678025:,1747647684088
counter/5/0/0/0,35287:1747647678030:,1747647684088
counter/5/0/0/0,35288:1747647678030:,1747647684089
counter/7/0/0/0,34213:1747647678224:,1747647684089
counter/5/0/0/0,35289:1747647678030:,1747647684089
counter/4/0/0/0,30179:1747647674660:,1747647684089
counter/3/0/0/0,28343:1747647673790:,1747647684089
counter/5/0/0/0,35290:1747647678030:,1747647684089
counter/1/0/0/0,30544:1747647676835:,1747647684089
counter/5/0/0/0,35291:1747647678030:,1747647684089
counter/5/0/0/0,35292:1747647678030:,1747647684089
counter/5/0/0/0,35293:1747647678030:,1747647684089
counter/3/0/0/0,28344:1747647673790:,1747647684089
counter/5/0/0/0,35294:1747647678030:,1747647684089
counter/1/0/0/0,30545:1747647676835:,1747647684089
counter/5/0/0/0,35295:1747647678030:,1747647684089
counter/7/0/0/0,34214:1747647678224:,1747647684089
counter/4/0/0/0,30180:1747647674661:,1747647684089
counter/5/0/0/0,35296:1747647678030:,1747647684089
counter/5/0/0/0,35297:1747647678030:,1747647684089
counter/5/0/0/0,35298:1747647678030:,1747647684089
counter/5/0/0/0,35299:1747647678030:,1747647684089
counter/5/0/0/0,35300:1747647678031:,1747647684089
counter/5/0/0/0,35301:1747647678031:,1747647684089
counter/5/0/0/0,35302:1747647678031:,1747647684089
counter/5/0/0/0,35303:1747647678031:,1747647684089
counter/5/0/0/0,35304:1747647678035:,1747647684089
counter/5/0/0/0,35305:1747647678035:,1747647684089
counter/5/0/0/0,35306:1747647678035:,1747647684089
counter/5/0/0/0,35307:1747647678035:,1747647684089
counter/5/0/0/0,35308:1747647678035:,1747647684089
counter/5/0/0/0,35309:1747647678035:,1747647684089
counter/5/0/0/0,35310:1747647678035:,1747647684089
counter/5/0/0/0,35311:1747647678036:,1747647684089
counter/5/0/0/0,35312:1747647678036:,1747647684089
counter/5/0/0/0,35313:1747647678036:,1747647684089
counter/5/0/0/0,35314:1747647678036:,1747647684089
counter/5/0/0/0,35315:1747647678036:,1747647684089
counter/5/0/0/0,35316:1747647678036:,1747647684089
counter/5/0/0/0,35317:1747647678036:,1747647684089
counter/5/0/0/0,35318:1747647678036:,1747647684089
counter/5/0/0/0,35319:1747647678036:,1747647684089
counter/5/0/0/0,35320:1747647678036:,1747647684089
counter/5/0/0/0,35321:1747647678036:,1747647684090
counter/5/0/0/0,35322:1747647678036:,1747647684090
counter/7/0/0/0,34215:1747647678224:,1747647684090
counter/5/0/0/0,35323:1747647678036:,1747647684090
counter/10/0/0/0,28037:1747647671297:,1747647684090
counter/3/0/0/0,28345:1747647673790:,1747647684090
counter/5/0/0/0,35324:1747647678052:,1747647684090
counter/1/0/0/0,30546:1747647676835:,1747647684090
counter/5/0/0/0,35325:1747647678056:,1747647684090
counter/5/0/0/0,35326:1747647678056:,1747647684090
counter/5/0/0/0,35327:1747647678056:,1747647684090
counter/5/0/0/0,35328:1747647678057:,1747647684090
counter/5/0/0/0,35329:1747647678057:,1747647684090
counter/5/0/0/0,35330:1747647678057:,1747647684090
counter/5/0/0/0,35331:1747647678057:,1747647684090
counter/5/0/0/0,35332:1747647678057:,1747647684090
counter/5/0/0/0,35333:1747647678057:,1747647684090
counter/5/0/0/0,35334:1747647678057:,1747647684090
counter/5/0/0/0,35335:1747647678057:,1747647684090
counter/5/0/0/0,35336:1747647678057:,1747647684090
counter/5/0/0/0,35337:1747647678057:,1747647684090
counter/5/0/0/0,35338:1747647678057:,1747647684090
counter/5/0/0/0,35339:1747647678063:,1747647684090
counter/5/0/0/0,35340:1747647678063:,1747647684090
counter/5/0/0/0,35341:1747647678063:,1747647684090
counter/5/0/0/0,35342:1747647678063:,1747647684090
counter/5/0/0/0,35343:1747647678063:,1747647684090
counter/5/0/0/0,35344:1747647678063:,1747647684090
counter/5/0/0/0,35345:1747647678063:,1747647684090
counter/5/0/0/0,35346:1747647678064:,1747647684090
counter/5/0/0/0,35347:1747647678064:,1747647684090
counter/5/0/0/0,35348:1747647678064:,1747647684090
counter/5/0/0/0,35349:1747647678064:,1747647684090
counter/5/0/0/0,35350:1747647678064:,1747647684090
counter/5/0/0/0,35351:1747647678064:,1747647684090
counter/5/0/0/0,35352:1747647678064:,1747647684090
counter/5/0/0/0,35353:1747647678064:,1747647684090
counter/5/0/0/0,35354:1747647678089:,1747647684090
counter/5/0/0/0,35355:1747647678094:,1747647684090
counter/7/0/0/0,34216:1747647678224:,1747647684090
counter/5/0/0/0,35356:1747647678094:,1747647684090
counter/5/0/0/0,35357:1747647678094:,1747647684091
counter/4/0/0/0,30181:1747647674662:,1747647684091
counter/5/0/0/0,35358:1747647678094:,1747647684091
counter/10/0/0/0,28038:1747647671297:,1747647684091
counter/1/0/0/0,30547:1747647676835:,1747647684091
counter/5/0/0/0,35359:1747647678094:,1747647684091
counter/5/0/0/0,35360:1747647678099:,1747647684091
counter/5/0/0/0,35361:1747647678099:,1747647684091
counter/5/0/0/0,35362:1747647678099:,1747647684091
counter/5/0/0/0,35363:1747647678099:,1747647684091
counter/5/0/0/0,35364:1747647678099:,1747647684091
counter/5/0/0/0,35365:1747647678099:,1747647684091
counter/5/0/0/0,35366:1747647678099:,1747647684091
counter/5/0/0/0,35367:1747647678099:,1747647684091
counter/5/0/0/0,35368:1747647678100:,1747647684091
counter/5/0/0/0,35369:1747647678100:,1747647684091
counter/5/0/0/0,35370:1747647678100:,1747647684091
counter/5/0/0/0,35371:1747647678100:,1747647684091
counter/7/0/0/0,34217:1747647678224:,1747647684091
counter/5/0/0/0,35372:1747647678100:,1747647684091
counter/4/0/0/0,30182:1747647674662:,1747647684091
counter/5/0/0/0,35373:1747647678100:,1747647684091
counter/4/0/0/0,30183:1747647674662:,1747647684091
counter/5/0/0/0,35374:1747647678105:,1747647684091
counter/4/0/0/0,30184:1747647674662:,1747647684091
counter/5/0/0/0,35375:1747647678106:,1747647684091
counter/4/0/0/0,30185:1747647674662:,1747647684091
counter/5/0/0/0,35376:1747647678106:,1747647684091
counter/4/0/0/0,30186:1747647674672:,1747647684091
counter/5/0/0/0,35377:1747647678106:,1747647684091
counter/4/0/0/0,30187:1747647674672:,1747647684091
counter/5/0/0/0,35378:1747647678106:,1747647684091
counter/4/0/0/0,30188:1747647674672:,1747647684091
counter/5/0/0/0,35379:1747647678106:,1747647684091
counter/4/0/0/0,30189:1747647674672:,1747647684091
counter/5/0/0/0,35380:1747647678106:,1747647684091
counter/4/0/0/0,30190:1747647674672:,1747647684091
counter/5/0/0/0,35381:1747647678106:,1747647684091
counter/4/0/0/0,30191:1747647674672:,1747647684091
counter/5/0/0/0,35382:1747647678106:,1747647684091
counter/4/0/0/0,30192:1747647674672:,1747647684092
counter/5/0/0/0,35383:1747647678106:,1747647684092
counter/4/0/0/0,30193:1747647674672:,1747647684092
counter/5/0/0/0,35384:1747647678106:,1747647684092
counter/4/0/0/0,30194:1747647674672:,1747647684092
counter/5/0/0/0,35385:1747647678106:,1747647684092
counter/4/0/0/0,30195:1747647674672:,1747647684092
counter/5/0/0/0,35386:1747647678106:,1747647684092
counter/4/0/0/0,30196:1747647674672:,1747647684092
counter/5/0/0/0,35387:1747647678106:,1747647684092
counter/4/0/0/0,30197:1747647674672:,1747647684092
counter/5/0/0/0,35388:1747647678106:,1747647684092
counter/4/0/0/0,30198:1747647674672:,1747647684092
counter/5/0/0/0,35389:1747647678116:,1747647684092
counter/4/0/0/0,30199:1747647674672:,1747647684092
counter/5/0/0/0,35390:1747647678116:,1747647684092
counter/4/0/0/0,30200:1747647674672:,1747647684092
counter/5/0/0/0,35391:1747647678116:,1747647684092
counter/4/0/0/0,30201:1747647674686:,1747647684092
counter/5/0/0/0,35392:1747647678117:,1747647684092
counter/4/0/0/0,30202:1747647674686:,1747647684092
counter/5/0/0/0,35393:1747647678117:,1747647684092
counter/4/0/0/0,30203:1747647674686:,1747647684092
counter/5/0/0/0,35394:1747647678118:,1747647684092
counter/5/0/0/0,35395:1747647678118:,1747647684092
counter/5/0/0/0,35396:1747647678118:,1747647684092
counter/5/0/0/0,35397:1747647678118:,1747647684092
counter/5/0/0/0,35398:1747647678118:,1747647684092
counter/5/0/0/0,35399:1747647678118:,1747647684092
counter/5/0/0/0,35400:1747647678118:,1747647684092
counter/5/0/0/0,35401:1747647678118:,1747647684092
counter/7/0/0/0,34218:1747647678224:,1747647684092
counter/5/0/0/0,35402:1747647678118:,1747647684092
counter/4/0/0/0,30204:1747647674686:,1747647684092
counter/5/0/0/0,35403:1747647678122:,1747647684092
counter/10/0/0/0,28039:1747647671297:,1747647684092
counter/5/0/0/0,35404:1747647678122:,1747647684092
counter/1/0/0/0,30548:1747647676835:,1747647684092
counter/5/0/0/0,35405:1747647678122:,1747647684092
counter/5/0/0/0,35406:1747647678122:,1747647684092
counter/5/0/0/0,35407:1747647678122:,1747647684092
counter/5/0/0/0,35408:1747647678122:,1747647684092
counter/5/0/0/0,35409:1747647678122:,1747647684092
counter/5/0/0/0,35410:1747647678122:,1747647684092
counter/7/0/0/0,34219:1747647678226:,1747647684093
counter/5/0/0/0,35411:1747647678122:,1747647684093
counter/4/0/0/0,30205:1747647674686:,1747647684093
counter/5/0/0/0,35412:1747647678122:,1747647684093
counter/10/0/0/0,28040:1747647671297:,1747647684093
counter/1/0/0/0,30549:1747647676835:,1747647684093
counter/5/0/0/0,35413:1747647678122:,1747647684093
counter/5/0/0/0,35414:1747647678122:,1747647684093
counter/5/0/0/0,35415:1747647678122:,1747647684093
counter/5/0/0/0,35416:1747647678127:,1747647684093
counter/5/0/0/0,35417:1747647678127:,1747647684093
counter/1/0/0/0,30550:1747647676835:,1747647684093
counter/5/0/0/0,35418:1747647678127:,1747647684093
counter/7/0/0/0,34220:1747647678226:,1747647684093
counter/5/0/0/0,35419:1747647678128:,1747647684093
counter/4/0/0/0,30206:1747647674686:,1747647684093
counter/10/0/0/0,28041:1747647671297:,1747647684093
counter/5/0/0/0,35420:1747647678128:,1747647684093
counter/3/0/0/0,28346:1747647673793:,1747647684093
counter/5/0/0/0,35421:1747647678128:,1747647684093
counter/5/0/0/0,35422:1747647678128:,1747647684093
counter/5/0/0/0,35423:1747647678128:,1747647684093
counter/5/0/0/0,35424:1747647678128:,1747647684093
counter/5/0/0/0,35425:1747647678128:,1747647684093
counter/5/0/0/0,35426:1747647678128:,1747647684093
counter/5/0/0/0,35427:1747647678144:,1747647684093
counter/5/0/0/0,35428:1747647678144:,1747647684093
counter/7/0/0/0,34221:1747647678226:,1747647684093
counter/5/0/0/0,35429:1747647678144:,1747647684093
counter/4/0/0/0,30207:1747647674686:,1747647684093
counter/5/0/0/0,35430:1747647678144:,1747647684093
counter/10/0/0/0,28042:1747647671297:,1747647684093
counter/3/0/0/0,28347:1747647673805:,1747647684093
counter/5/0/0/0,35431:1747647678144:,1747647684093
counter/5/0/0/0,35432:1747647678144:,1747647684093
counter/5/0/0/0,35433:1747647678144:,1747647684093
counter/5/0/0/0,35434:1747647678144:,1747647684093
counter/5/0/0/0,35435:1747647678146:,1747647684094
counter/5/0/0/0,35436:1747647678146:,1747647684094
counter/5/0/0/0,35437:1747647678146:,1747647684094
counter/5/0/0/0,35438:1747647678146:,1747647684094
counter/5/0/0/0,35439:1747647678149:,1747647684094
counter/5/0/0/0,35440:1747647678150:,1747647684094
counter/5/0/0/0,35441:1747647678150:,1747647684094
counter/5/0/0/0,35442:1747647678150:,1747647684094
counter/5/0/0/0,35443:1747647678150:,1747647684094
counter/5/0/0/0,35444:1747647678150:,1747647684094
counter/5/0/0/0,35445:1747647678150:,1747647684094
counter/5/0/0/0,35446:1747647678150:,1747647684094
counter/5/0/0/0,35447:1747647678150:,1747647684094
counter/5/0/0/0,35448:1747647678150:,1747647684094
counter/5/0/0/0,35449:1747647678150:,1747647684094
counter/5/0/0/0,35450:1747647678150:,1747647684094
counter/1/0/0/0,30551:1747647676835:,1747647684094
counter/5/0/0/0,35451:1747647678150:,1747647684094
counter/7/0/0/0,34222:1747647678226:,1747647684094
counter/5/0/0/0,35452:1747647678150:,1747647684094
counter/3/0/0/0,28348:1747647673805:,1747647684094
counter/4/0/0/0,30208:1747647674686:,1747647684094
counter/5/0/0/0,35453:1747647678150:,1747647684094
counter/5/0/0/0,35454:1747647678150:,1747647684094
counter/5/0/0/0,35455:1747647678153:,1747647684094
counter/5/0/0/0,35456:1747647678153:,1747647684094
counter/5/0/0/0,35457:1747647678153:,1747647684094
counter/5/0/0/0,35458:1747647678153:,1747647684094
counter/5/0/0/0,35459:1747647678153:,1747647684094
counter/5/0/0/0,35460:1747647678153:,1747647684094
counter/5/0/0/0,35461:1747647678153:,1747647684094
counter/5/0/0/0,35462:1747647678157:,1747647684094
counter/10/0/0/0,28043:1747647671297:,1747647684094
counter/5/0/0/0,35463:1747647678157:,1747647684094
counter/3/0/0/0,28349:1747647673805:,1747647684094
counter/1/0/0/0,30552:1747647676835:,1747647684094
counter/5/0/0/0,35464:1747647678157:,1747647684094
counter/1/0/0/0,30553:1747647676835:,1747647684094
counter/5/0/0/0,35465:1747647678157:,1747647684094
counter/1/0/0/0,30554:1747647676835:,1747647684094
counter/5/0/0/0,35466:1747647678157:,1747647684094
counter/1/0/0/0,30555:1747647676836:,1747647684094
counter/5/0/0/0,35467:1747647678157:,1747647684094
counter/1/0/0/0,30556:1747647676836:,1747647684094
counter/5/0/0/0,35468:1747647678158:,1747647684095
counter/1/0/0/0,30557:1747647676836:,1747647684095
counter/5/0/0/0,35469:1747647678158:,1747647684095
counter/1/0/0/0,30558:1747647676836:,1747647684095
counter/5/0/0/0,35470:1747647678158:,1747647684095
counter/1/0/0/0,30559:1747647676836:,1747647684095
counter/5/0/0/0,35471:1747647678158:,1747647684095
counter/1/0/0/0,30560:1747647676836:,1747647684095
counter/5/0/0/0,35472:1747647678158:,1747647684095
counter/1/0/0/0,30561:1747647676844:,1747647684095
counter/5/0/0/0,35473:1747647678167:,1747647684095
counter/1/0/0/0,30562:1747647676844:,1747647684095
counter/5/0/0/0,35474:1747647678167:,1747647684095
counter/1/0/0/0,30563:1747647676844:,1747647684095
counter/7/0/0/0,34223:1747647678226:,1747647684095
counter/5/0/0/0,35475:1747647678167:,1747647684095
counter/1/0/0/0,30564:1747647676844:,1747647684095
counter/10/0/0/0,28044:1747647671297:,1747647684095
counter/3/0/0/0,28350:1747647673805:,1747647684095
counter/5/0/0/0,35476:1747647678167:,1747647684095
counter/1/0/0/0,30565:1747647676844:,1747647684095
counter/4/0/0/0,30209:1747647674687:,1747647684095
counter/5/0/0/0,35477:1747647678167:,1747647684095
counter/5/0/0/0,35478:1747647678167:,1747647684095
counter/5/0/0/0,35479:1747647678167:,1747647684095
counter/5/0/0/0,35480:1747647678167:,1747647684095
counter/5/0/0/0,35481:1747647678167:,1747647684095
counter/5/0/0/0,35482:1747647678167:,1747647684095
counter/5/0/0/0,35483:1747647678167:,1747647684095
counter/5/0/0/0,35484:1747647678169:,1747647684095
counter/5/0/0/0,35485:1747647678170:,1747647684095
counter/5/0/0/0,35486:1747647678170:,1747647684095
counter/5/0/0/0,35487:1747647678170:,1747647684095
counter/5/0/0/0,35488:1747647678170:,1747647684095
counter/5/0/0/0,35489:1747647678176:,1747647684095
counter/7/0/0/0,34224:1747647678226:,1747647684095
counter/5/0/0/0,35490:1747647678177:,1747647684095
counter/10/0/0/0,28045:1747647671297:,1747647684096
counter/3/0/0/0,28351:1747647673805:,1747647684096
counter/5/0/0/0,35491:1747647678177:,1747647684096
counter/4/0/0/0,30210:1747647674687:,1747647684096
counter/5/0/0/0,35492:1747647678177:,1747647684096
counter/5/0/0/0,35493:1747647678177:,1747647684096
counter/5/0/0/0,35494:1747647678177:,1747647684096
counter/5/0/0/0,35495:1747647678177:,1747647684096
counter/5/0/0/0,35496:1747647678177:,1747647684096
counter/10/0/0/0,28046:1747647671297:,1747647684096
counter/5/0/0/0,35497:1747647678177:,1747647684096
counter/7/0/0/0,34225:1747647678231:,1747647684096
counter/5/0/0/0,35498:1747647678177:,1747647684096
counter/4/0/0/0,30211:1747647674687:,1747647684096
counter/5/0/0/0,35499:1747647678177:,1747647684096
counter/4/0/0/0,30212:1747647674687:,1747647684096
counter/5/0/0/0,35500:1747647678177:,1747647684096
counter/4/0/0/0,30213:1747647674687:,1747647684096
counter/3/0/0/0,28352:1747647673805:,1747647684096
counter/5/0/0/0,35501:1747647678177:,1747647684096
counter/4/0/0/0,30214:1747647674687:,1747647684096
counter/3/0/0/0,28353:1747647673805:,1747647684096
counter/10/0/0/0,28047:1747647671299:,1747647684096
counter/5/0/0/0,35502:1747647678178:,1747647684096
counter/3/0/0/0,28354:1747647673805:,1747647684096
counter/7/0/0/0,34226:1747647678231:,1747647684096
counter/5/0/0/0,35503:1747647678178:,1747647684096
counter/10/0/0/0,28048:1747647671308:,1747647684096
counter/5/0/0/0,35504:1747647678178:,1747647684096
counter/5/0/0/0,35505:1747647678178:,1747647684096
counter/5/0/0/0,35506:1747647678179:,1747647684096
counter/5/0/0/0,35507:1747647678179:,1747647684096
counter/4/0/0/0,30215:1747647674687:,1747647684096
counter/5/0/0/0,35508:1747647678179:,1747647684096
counter/3/0/0/0,28355:1747647673805:,1747647684097
counter/1/0/0/0,30566:1747647676844:,1747647684097
counter/5/0/0/0,35509:1747647678179:,1747647684097
counter/7/0/0/0,34227:1747647678231:,1747647684097
counter/5/0/0/0,35510:1747647678179:,1747647684097
counter/5/0/0/0,35511:1747647678179:,1747647684097
counter/5/0/0/0,35512:1747647678180:,1747647684097
counter/5/0/0/0,35513:1747647678180:,1747647684097
counter/5/0/0/0,35514:1747647678180:,1747647684097
counter/5/0/0/0,35515:1747647678180:,1747647684097
counter/5/0/0/0,35516:1747647678180:,1747647684097
counter/5/0/0/0,35517:1747647678180:,1747647684097
counter/5/0/0/0,35518:1747647678180:,1747647684097
counter/5/0/0/0,35519:1747647678180:,1747647684097
counter/5/0/0/0,35520:1747647678180:,1747647684097
counter/5/0/0/0,35521:1747647678180:,1747647684097
counter/5/0/0/0,35522:1747647678180:,1747647684097
counter/5/0/0/0,35523:1747647678180:,1747647684097
counter/5/0/0/0,35524:1747647678180:,1747647684097
counter/5/0/0/0,35525:1747647678180:,1747647684097
counter/5/0/0/0,35526:1747647678180:,1747647684097
counter/5/0/0/0,35527:1747647678180:,1747647684097
counter/5/0/0/0,35528:1747647678180:,1747647684097
counter/5/0/0/0,35529:1747647678180:,1747647684097
counter/5/0/0/0,35530:1747647678180:,1747647684097
counter/5/0/0/0,35531:1747647678180:,1747647684097
counter/5/0/0/0,35532:1747647678181:,1747647684097
counter/5/0/0/0,35533:1747647678181:,1747647684097
counter/5/0/0/0,35534:1747647678181:,1747647684097
counter/5/0/0/0,35535:1747647678181:,1747647684097
counter/5/0/0/0,35536:1747647678181:,1747647684097
counter/5/0/0/0,35537:1747647678181:,1747647684097
counter/5/0/0/0,35538:1747647678181:,1747647684097
counter/5/0/0/0,35539:1747647678181:,1747647684097
counter/5/0/0/0,35540:1747647678181:,1747647684098
counter/5/0/0/0,35541:1747647678181:,1747647684098
counter/5/0/0/0,35542:1747647678181:,1747647684098
counter/5/0/0/0,35543:1747647678199:,1747647684098
counter/5/0/0/0,35544:1747647678200:,1747647684098
counter/5/0/0/0,35545:1747647678200:,1747647684098
counter/5/0/0/0,35546:1747647678200:,1747647684098
counter/5/0/0/0,35547:1747647678201:,1747647684098
counter/5/0/0/0,35548:1747647678201:,1747647684098
counter/4/0/0/0,30216:1747647674691:,1747647684098
counter/5/0/0/0,35549:1747647678201:,1747647684098
counter/10/0/0/0,28049:1747647671308:,1747647684098
counter/5/0/0/0,35550:1747647678201:,1747647684099
counter/7/0/0/0,34228:1747647678233:,1747647684099
counter/5/0/0/0,35551:1747647678201:,1747647684099
counter/5/0/0/0,35552:1747647678201:,1747647684099
counter/5/0/0/0,35553:1747647678201:,1747647684099
counter/5/0/0/0,35554:1747647678201:,1747647684099
counter/5/0/0/0,35555:1747647678201:,1747647684099
counter/5/0/0/0,35556:1747647678201:,1747647684099
counter/5/0/0/0,35557:1747647678201:,1747647684099
counter/5/0/0/0,35558:1747647678201:,1747647684099
counter/5/0/0/0,35559:1747647678201:,1747647684099
counter/5/0/0/0,35560:1747647678201:,1747647684099
counter/5/0/0/0,35561:1747647678201:,1747647684099
counter/5/0/0/0,35562:1747647678201:,1747647684099
counter/5/0/0/0,35563:1747647678201:,1747647684099
counter/5/0/0/0,35564:1747647678209:,1747647684099
counter/5/0/0/0,35565:1747647678209:,1747647684099
counter/7/0/0/0,34229:1747647678233:,1747647684100
counter/5/0/0/0,35566:1747647678209:,1747647684100
counter/1/0/0/0,30567:1747647676844:,1747647684100
counter/5/0/0/0,35567:1747647678209:,1747647684100
counter/1/0/0/0,30568:1747647676844:,1747647684100
counter/5/0/0/0,35568:1747647678209:,1747647684100
counter/1/0/0/0,30569:1747647676844:,1747647684100
counter/5/0/0/0,35569:1747647678209:,1747647684100
counter/1/0/0/0,30570:1747647676844:,1747647684100
counter/5/0/0/0,35570:1747647678209:,1747647684100
counter/5/0/0/0,35571:1747647678210:,1747647684100
counter/5/0/0/0,35572:1747647678210:,1747647684100
counter/5/0/0/0,35573:1747647678210:,1747647684101
counter/5/0/0/0,35574:1747647678210:,1747647684101
counter/5/0/0/0,35575:1747647678210:,1747647684101
counter/5/0/0/0,35576:1747647678210:,1747647684101
counter/5/0/0/0,35577:1747647678216:,1747647684101
counter/5/0/0/0,35578:1747647678216:,1747647684101
counter/5/0/0/0,35579:1747647678216:,1747647684101
counter/5/0/0/0,35580:1747647678216:,1747647684101
counter/5/0/0/0,35581:1747647678216:,1747647684101
counter/5/0/0/0,35582:1747647678241:,1747647684101
counter/5/0/0/0,35583:1747647678241:,1747647684101
counter/5/0/0/0,35584:1747647678241:,1747647684101
counter/5/0/0/0,35585:1747647678241:,1747647684101
counter/7/0/0/0,34230:1747647678233:,1747647684101
counter/5/0/0/0,35586:1747647678241:,1747647684101
counter/4/0/0/0,30217:1747647674691:,1747647684101
counter/3/0/0/0,28356:1747647673805:,1747647684102
counter/5/0/0/0,35587:1747647678241:,1747647684102
counter/1/0/0/0,30571:1747647676844:,1747647684102
counter/5/0/0/0,35588:1747647678242:,1747647684102
counter/5/0/0/0,35589:1747647678242:,1747647684102
counter/5/0/0/0,35590:1747647678242:,1747647684102
counter/5/0/0/0,35591:1747647678242:,1747647684102
counter/5/0/0/0,35592:1747647678242:,1747647684102
counter/5/0/0/0,35593:1747647678242:,1747647684102
counter/5/0/0/0,35594:1747647678246:,1747647684102
counter/5/0/0/0,35595:1747647678246:,1747647684102
counter/5/0/0/0,35596:1747647678246:,1747647684102
counter/5/0/0/0,35597:1747647678246:,1747647684102
counter/5/0/0/0,35598:1747647678246:,1747647684102
counter/5/0/0/0,35599:1747647678246:,1747647684102
counter/5/0/0/0,35600:1747647678246:,1747647684102
counter/5/0/0/0,35601:1747647678246:,1747647684102
counter/5/0/0/0,35602:1747647678246:,1747647684102
counter/5/0/0/0,35603:1747647678246:,1747647684103
counter/5/0/0/0,35604:1747647678246:,1747647684103
counter/5/0/0/0,35605:1747647678246:,1747647684103
counter/5/0/0/0,35606:1747647678250:,1747647684103
counter/5/0/0/0,35607:1747647678250:,1747647684103
counter/5/0/0/0,35608:1747647678250:,1747647684103
counter/5/0/0/0,35609:1747647678250:,1747647684103
counter/5/0/0/0,35610:1747647678250:,1747647684103
counter/5/0/0/0,35611:1747647678250:,1747647684103
counter/5/0/0/0,35612:1747647678251:,1747647684103
counter/5/0/0/0,35613:1747647678262:,1747647684103
counter/5/0/0/0,35614:1747647678262:,1747647684103
counter/5/0/0/0,35615:1747647678262:,1747647684103
counter/5/0/0/0,35616:1747647678262:,1747647684103
counter/5/0/0/0,35617:1747647678262:,1747647684103
counter/5/0/0/0,35618:1747647678262:,1747647684103
counter/10/0/0/0,28050:1747647671308:,1747647684103
counter/5/0/0/0,35619:1747647678262:,1747647684104
counter/1/0/0/0,30572:1747647676844:,1747647684104
counter/3/0/0/0,28357:1747647673805:,1747647684104
counter/5/0/0/0,35620:1747647678262:,1747647684104
counter/7/0/0/0,34231:1747647678233:,1747647684104
counter/5/0/0/0,35621:1747647678262:,1747647684104
counter/5/0/0/0,35622:1747647678263:,1747647684104
counter/5/0/0/0,35623:1747647678263:,1747647684104
counter/5/0/0/0,35624:1747647678263:,1747647684104
counter/5/0/0/0,35625:1747647678263:,1747647684104
counter/5/0/0/0,35626:1747647678263:,1747647684104
counter/5/0/0/0,35627:1747647678263:,1747647684104
counter/5/0/0/0,35628:1747647678263:,1747647684104
counter/5/0/0/0,35629:1747647678263:,1747647684104
counter/5/0/0/0,35630:1747647678275:,1747647684104
counter/4/0/0/0,30218:1747647674692:,1747647684104
counter/5/0/0/0,35631:1747647678275:,1747647684104
counter/7/0/0/0,34232:1747647678233:,1747647684105
counter/5/0/0/0,35632:1747647678275:,1747647684105
counter/3/0/0/0,28358:1747647673805:,1747647684105
counter/5/0/0/0,35633:1747647678275:,1747647684105
counter/5/0/0/0,35634:1747647678275:,1747647684105
counter/5/0/0/0,35635:1747647678275:,1747647684105
counter/5/0/0/0,35636:1747647678277:,1747647684105
counter/5/0/0/0,35637:1747647678277:,1747647684105
counter/5/0/0/0,35638:1747647678277:,1747647684105
counter/5/0/0/0,35639:1747647678277:,1747647684105
counter/5/0/0/0,35640:1747647678277:,1747647684105
counter/5/0/0/0,35641:1747647678277:,1747647684105
counter/5/0/0/0,35642:1747647678279:,1747647684105
counter/5/0/0/0,35643:1747647678279:,1747647684105
counter/5/0/0/0,35644:1747647678279:,1747647684105
counter/5/0/0/0,35645:1747647678279:,1747647684105
counter/5/0/0/0,35646:1747647678279:,1747647684105
counter/5/0/0/0,35647:1747647678279:,1747647684106
counter/5/0/0/0,35648:1747647678279:,1747647684106
counter/5/0/0/0,35649:1747647678283:,1747647684106
counter/5/0/0/0,35650:1747647678283:,1747647684106
counter/5/0/0/0,35651:1747647678283:,1747647684106
counter/5/0/0/0,35652:1747647678283:,1747647684106
counter/5/0/0/0,35653:1747647678284:,1747647684106
counter/5/0/0/0,35654:1747647678284:,1747647684106
counter/5/0/0/0,35655:1747647678284:,1747647684106
counter/5/0/0/0,35656:1747647678284:,1747647684106
counter/5/0/0/0,35657:1747647678284:,1747647684106
counter/5/0/0/0,35658:1747647678284:,1747647684106
counter/5/0/0/0,35659:1747647678284:,1747647684106
counter/10/0/0/0,28051:1747647671309:,1747647684106
counter/5/0/0/0,35660:1747647678284:,1747647684106
counter/7/0/0/0,34233:1747647678233:,1747647684106
counter/5/0/0/0,35661:1747647678284:,1747647684106
counter/7/0/0/0,34234:1747647678233:,1747647684106
counter/5/0/0/0,35662:1747647678284:,1747647684106
counter/7/0/0/0,34235:1747647678233:,1747647684106
counter/5/0/0/0,35663:1747647678284:,1747647684106
counter/7/0/0/0,34236:1747647678233:,1747647684106
counter/5/0/0/0,35664:1747647678315:,1747647684106
counter/7/0/0/0,34237:1747647678233:,1747647684106
counter/5/0/0/0,35665:1747647678315:,1747647684106
counter/7/0/0/0,34238:1747647678239:,1747647684106
counter/5/0/0/0,35666:1747647678315:,1747647684106
counter/7/0/0/0,34239:1747647678239:,1747647684106
counter/5/0/0/0,35667:1747647678315:,1747647684107
counter/7/0/0/0,34240:1747647678240:,1747647684107
counter/5/0/0/0,35668:1747647678315:,1747647684107
counter/7/0/0/0,34241:1747647678240:,1747647684107
counter/5/0/0/0,35669:1747647678315:,1747647684107
counter/7/0/0/0,34242:1747647678240:,1747647684107
counter/5/0/0/0,35670:1747647678315:,1747647684107
counter/7/0/0/0,34243:1747647678240:,1747647684107
counter/5/0/0/0,35671:1747647678315:,1747647684107
counter/7/0/0/0,34244:1747647678240:,1747647684107
counter/5/0/0/0,35672:1747647678326:,1747647684107
counter/7/0/0/0,34245:1747647678240:,1747647684107
counter/5/0/0/0,35673:1747647678326:,1747647684107
counter/7/0/0/0,34246:1747647678240:,1747647684107
counter/5/0/0/0,35674:1747647678326:,1747647684107
counter/7/0/0/0,34247:1747647678240:,1747647684107
counter/5/0/0/0,35675:1747647678326:,1747647684107
counter/7/0/0/0,34248:1747647678240:,1747647684107
counter/5/0/0/0,35676:1747647678326:,1747647684107
counter/7/0/0/0,34249:1747647678240:,1747647684107
counter/5/0/0/0,35677:1747647678326:,1747647684107
counter/7/0/0/0,34250:1747647678240:,1747647684107
counter/5/0/0/0,35678:1747647678329:,1747647684107
counter/7/0/0/0,34251:1747647678240:,1747647684107
counter/5/0/0/0,35679:1747647678329:,1747647684107
counter/7/0/0/0,34252:1747647678248:,1747647684107
counter/5/0/0/0,35680:1747647678329:,1747647684107
counter/7/0/0/0,34253:1747647678248:,1747647684107
counter/5/0/0/0,35681:1747647678329:,1747647684107
counter/7/0/0/0,34254:1747647678248:,1747647684107
counter/5/0/0/0,35682:1747647678329:,1747647684107
counter/7/0/0/0,34255:1747647678248:,1747647684107
counter/5/0/0/0,35683:1747647678329:,1747647684107
counter/5/0/0/0,35684:1747647678329:,1747647684107
counter/5/0/0/0,35685:1747647678329:,1747647684107
counter/5/0/0/0,35686:1747647678329:,1747647684108
counter/5/0/0/0,35687:1747647678329:,1747647684108
counter/7/0/0/0,34256:1747647678248:,1747647684108
counter/5/0/0/0,35688:1747647678340:,1747647684108
counter/3/0/0/0,28359:1747647673805:,1747647684108
counter/5/0/0/0,35689:1747647678340:,1747647684108
counter/10/0/0/0,28052:1747647671309:,1747647684108
counter/1/0/0/0,30573:1747647676848:,1747647684108
counter/5/0/0/0,35690:1747647678340:,1747647684108
counter/5/0/0/0,35691:1747647678340:,1747647684108
counter/5/0/0/0,35692:1747647678340:,1747647684108
counter/5/0/0/0,35693:1747647678340:,1747647684108
counter/5/0/0/0,35694:1747647678341:,1747647684108
counter/5/0/0/0,35695:1747647678341:,1747647684108
counter/5/0/0/0,35696:1747647678341:,1747647684108
counter/5/0/0/0,35697:1747647678341:,1747647684108
counter/5/0/0/0,35698:1747647678341:,1747647684108
counter/5/0/0/0,35699:1747647678341:,1747647684108
counter/5/0/0/0,35700:1747647678341:,1747647684108
counter/5/0/0/0,35701:1747647678341:,1747647684108
counter/5/0/0/0,35702:1747647678341:,1747647684108
counter/5/0/0/0,35703:1747647678341:,1747647684108
counter/5/0/0/0,35704:1747647678341:,1747647684108
counter/5/0/0/0,35705:1747647678354:,1747647684108
counter/5/0/0/0,35706:1747647678354:,1747647684108
counter/7/0/0/0,34257:1747647678248:,1747647684108
counter/5/0/0/0,35707:1747647678354:,1747647684108
counter/3/0/0/0,28360:1747647673805:,1747647684108
counter/5/0/0/0,35708:1747647678354:,1747647684108
counter/1/0/0/0,30574:1747647676848:,1747647684108
counter/5/0/0/0,35709:1747647678354:,1747647684108
counter/1/0/0/0,30575:1747647676848:,1747647684108
counter/5/0/0/0,35710:1747647678361:,1747647684108
counter/1/0/0/0,30576:1747647676848:,1747647684108
counter/5/0/0/0,35711:1747647678361:,1747647684108
counter/1/0/0/0,30577:1747647676848:,1747647684108
counter/5/0/0/0,35712:1747647678361:,1747647684109
counter/1/0/0/0,30578:1747647676849:,1747647684109
counter/5/0/0/0,35713:1747647678361:,1747647684109
counter/1/0/0/0,30579:1747647676849:,1747647684109
counter/5/0/0/0,35714:1747647678366:,1747647684109
counter/1/0/0/0,30580:1747647676850:,1747647684109
counter/5/0/0/0,35715:1747647678366:,1747647684109
counter/1/0/0/0,30581:1747647676850:,1747647684109
counter/5/0/0/0,35716:1747647678366:,1747647684109
counter/1/0/0/0,30582:1747647676850:,1747647684109
counter/5/0/0/0,35717:1747647678366:,1747647684109
counter/1/0/0/0,30583:1747647676850:,1747647684109
counter/5/0/0/0,35718:1747647678366:,1747647684109
counter/1/0/0/0,30584:1747647676850:,1747647684109
counter/10/0/0/0,28053:1747647671309:,1747647684109
counter/7/0/0/0,34258:1747647678248:,1747647684109
counter/5/0/0/0,35719:1747647678366:,1747647684109
counter/1/0/0/0,30585:1747647676850:,1747647684109
counter/5/0/0/0,35720:1747647678366:,1747647684109
counter/1/0/0/0,30586:1747647676850:,1747647684109
counter/5/0/0/0,35721:1747647678385:,1747647684109
counter/1/0/0/0,30587:1747647676850:,1747647684109
counter/5/0/0/0,35722:1747647678385:,1747647684109
counter/1/0/0/0,30588:1747647676850:,1747647684109
counter/5/0/0/0,35723:1747647678385:,1747647684109
counter/1/0/0/0,30589:1747647676850:,1747647684109
counter/5/0/0/0,35724:1747647678385:,1747647684109
counter/1/0/0/0,30590:1747647676850:,1747647684109
counter/5/0/0/0,35725:1747647678385:,1747647684109
counter/1/0/0/0,30591:1747647676850:,1747647684109
counter/5/0/0/0,35726:1747647678385:,1747647684109
counter/1/0/0/0,30592:1747647676850:,1747647684109
counter/10/0/0/0,28054:1747647671309:,1747647684109
counter/5/0/0/0,35727:1747647678385:,1747647684110
counter/7/0/0/0,34259:1747647678248:,1747647684110
counter/5/0/0/0,35728:1747647678385:,1747647684110
counter/5/0/0/0,35729:1747647678385:,1747647684110
counter/5/0/0/0,35730:1747647678385:,1747647684110
counter/5/0/0/0,35731:1747647678385:,1747647684110
counter/5/0/0/0,35732:1747647678385:,1747647684110
counter/5/0/0/0,35733:1747647678387:,1747647684110
counter/5/0/0/0,35734:1747647678387:,1747647684110
counter/5/0/0/0,35735:1747647678387:,1747647684110
counter/5/0/0/0,35736:1747647678387:,1747647684110
counter/5/0/0/0,35737:1747647678387:,1747647684110
counter/5/0/0/0,35738:1747647678387:,1747647684110
counter/5/0/0/0,35739:1747647678387:,1747647684110
counter/5/0/0/0,35740:1747647678396:,1747647684110
counter/5/0/0/0,35741:1747647678396:,1747647684110
counter/5/0/0/0,35742:1747647678396:,1747647684110
counter/5/0/0/0,35743:1747647678396:,1747647684110
counter/7/0/0/0,34260:1747647678248:,1747647684110
counter/5/0/0/0,35744:1747647678396:,1747647684110
counter/3/0/0/0,28361:1747647673809:,1747647684110
counter/5/0/0/0,35745:1747647678396:,1747647684110
counter/1/0/0/0,30593:1747647676850:,1747647684110
counter/5/0/0/0,35746:1747647678396:,1747647684110
counter/1/0/0/0,30594:1747647676850:,1747647684110
counter/5/0/0/0,35747:1747647678396:,1747647684110
counter/1/0/0/0,30595:1747647676850:,1747647684110
counter/5/0/0/0,35748:1747647678396:,1747647684110
counter/1/0/0/0,30596:1747647676850:,1747647684110
counter/5/0/0/0,35749:1747647678396:,1747647684110
counter/1/0/0/0,30597:1747647676850:,1747647684111
counter/5/0/0/0,35750:1747647678396:,1747647684111
counter/1/0/0/0,30598:1747647676865:,1747647684111
counter/3/0/0/0,28362:1747647673809:,1747647684111
counter/5/0/0/0,35751:1747647678396:,1747647684111
counter/1/0/0/0,30599:1747647676866:,1747647684111
counter/5/0/0/0,35752:1747647678396:,1747647684111
counter/1/0/0/0,30600:1747647676866:,1747647684111
counter/5/0/0/0,35753:1747647678396:,1747647684111
counter/1/0/0/0,30601:1747647676866:,1747647684111
counter/5/0/0/0,35754:1747647678397:,1747647684111
counter/1/0/0/0,30602:1747647676866:,1747647684111
counter/7/0/0/0,34261:1747647678248:,1747647684111
counter/3/0/0/0,28363:1747647673809:,1747647684111
counter/5/0/0/0,35755:1747647678403:,1747647684111
counter/1/0/0/0,30603:1747647676866:,1747647684111
counter/10/0/0/0,28055:1747647671309:,1747647684111
counter/5/0/0/0,35756:1747647678403:,1747647684111
counter/1/0/0/0,30604:1747647676866:,1747647684111
counter/5/0/0/0,35757:1747647678403:,1747647684111
counter/1/0/0/0,30605:1747647676866:,1747647684111
counter/5/0/0/0,35758:1747647678403:,1747647684111
counter/1/0/0/0,30606:1747647676866:,1747647684111
counter/5/0/0/0,35759:1747647678403:,1747647684111
counter/1/0/0/0,30607:1747647676866:,1747647684111
counter/5/0/0/0,35760:1747647678403:,1747647684111
counter/1/0/0/0,30608:1747647676866:,1747647684111
counter/5/0/0/0,35761:1747647678403:,1747647684111
counter/1/0/0/0,30609:1747647676866:,1747647684112
counter/7/0/0/0,34262:1747647678248:,1747647684112
counter/5/0/0/0,35762:1747647678403:,1747647684112
counter/1/0/0/0,30610:1747647676866:,1747647684112
counter/5/0/0/0,35763:1747647678403:,1747647684112
counter/1/0/0/0,30611:1747647676867:,1747647684112
counter/5/0/0/0,35764:1747647678403:,1747647684112
counter/1/0/0/0,30612:1747647676867:,1747647684112
counter/5/0/0/0,35765:1747647678409:,1747647684112
counter/1/0/0/0,30613:1747647676867:,1747647684112
counter/5/0/0/0,35766:1747647678410:,1747647684112
counter/1/0/0/0,30614:1747647676867:,1747647684112
counter/7/0/0/0,34263:1747647678248:,1747647684112
counter/5/0/0/0,35767:1747647678410:,1747647684112
counter/1/0/0/0,30615:1747647676867:,1747647684112
counter/4/0/0/0,30219:1747647674730:,1747647684112
counter/5/0/0/0,35768:1747647678410:,1747647684112
counter/7/0/0/0,34264:1747647678248:,1747647684112
counter/3/0/0/0,28364:1747647673809:,1747647684112
counter/5/0/0/0,35769:1747647678410:,1747647684112
counter/5/0/0/0,35770:1747647678410:,1747647684112
counter/5/0/0/0,35771:1747647678410:,1747647684112
counter/5/0/0/0,35772:1747647678410:,1747647684112
counter/5/0/0/0,35773:1747647678410:,1747647684112
counter/5/0/0/0,35774:1747647678410:,1747647684112
counter/5/0/0/0,35775:1747647678410:,1747647684112
counter/5/0/0/0,35776:1747647678410:,1747647684112
counter/5/0/0/0,35777:1747647678410:,1747647684112
counter/5/0/0/0,35778:1747647678410:,1747647684112
counter/5/0/0/0,35779:1747647678413:,1747647684112
counter/5/0/0/0,35780:1747647678413:,1747647684112
counter/5/0/0/0,35781:1747647678413:,1747647684112
counter/5/0/0/0,35782:1747647678413:,1747647684112
counter/7/0/0/0,34265:1747647678248:,1747647684113
counter/5/0/0/0,35783:1747647678413:,1747647684113
counter/10/0/0/0,28056:1747647671309:,1747647684113
counter/5/0/0/0,35784:1747647678413:,1747647684113
counter/4/0/0/0,30220:1747647674742:,1747647684113
counter/3/0/0/0,28365:1747647673809:,1747647684113
counter/5/0/0/0,35785:1747647678416:,1747647684113
counter/5/0/0/0,35786:1747647678420:,1747647684113
counter/5/0/0/0,35787:1747647678420:,1747647684113
counter/5/0/0/0,35788:1747647678421:,1747647684113
counter/5/0/0/0,35789:1747647678421:,1747647684113
counter/5/0/0/0,35790:1747647678421:,1747647684113
counter/5/0/0/0,35791:1747647678421:,1747647684113
counter/5/0/0/0,35792:1747647678421:,1747647684113
counter/5/0/0/0,35793:1747647678425:,1747647684113
counter/5/0/0/0,35794:1747647678425:,1747647684113
counter/5/0/0/0,35795:1747647678425:,1747647684113
counter/5/0/0/0,35796:1747647678425:,1747647684113
counter/5/0/0/0,35797:1747647678425:,1747647684113
counter/5/0/0/0,35798:1747647678425:,1747647684113
counter/5/0/0/0,35799:1747647678425:,1747647684113
counter/5/0/0/0,35800:1747647678425:,1747647684113
counter/5/0/0/0,35801:1747647678425:,1747647684113
counter/5/0/0/0,35802:1747647678425:,1747647684113
counter/5/0/0/0,35803:1747647678425:,1747647684113
counter/5/0/0/0,35804:1747647678425:,1747647684113
counter/5/0/0/0,35805:1747647678425:,1747647684113
counter/5/0/0/0,35806:1747647678426:,1747647684113
counter/5/0/0/0,35807:1747647678426:,1747647684113
counter/5/0/0/0,35808:1747647678426:,1747647684113
counter/5/0/0/0,35809:1747647678426:,1747647684113
counter/5/0/0/0,35810:1747647678426:,1747647684113
counter/5/0/0/0,35811:1747647678426:,1747647684113
counter/5/0/0/0,35812:1747647678426:,1747647684113
counter/5/0/0/0,35813:1747647678426:,1747647684113
counter/5/0/0/0,35814:1747647678426:,1747647684114
counter/5/0/0/0,35815:1747647678426:,1747647684114
counter/5/0/0/0,35816:1747647678426:,1747647684114
counter/5/0/0/0,35817:1747647678426:,1747647684114
counter/5/0/0/0,35818:1747647678426:,1747647684114
counter/5/0/0/0,35819:1747647678426:,1747647684114
counter/5/0/0/0,35820:1747647678426:,1747647684114
counter/5/0/0/0,35821:1747647678426:,1747647684114
counter/5/0/0/0,35822:1747647678426:,1747647684114
counter/5/0/0/0,35823:1747647678426:,1747647684114
counter/7/0/0/0,34266:1747647678260:,1747647684114
counter/4/0/0/0,30221:1747647674745:,1747647684114
counter/7/0/0/0,34267:1747647678260:,1747647684114
counter/3/0/0/0,28366:1747647673830:,1747647684114
counter/7/0/0/0,34268:1747647678260:,1747647684114
counter/10/0/0/0,28057:1747647671309:,1747647684114
counter/7/0/0/0,34269:1747647678260:,1747647684114
counter/1/0/0/0,30616:1747647676867:,1747647684114
counter/7/0/0/0,34270:1747647678260:,1747647684114
counter/3/0/0/0,28367:1747647673830:,1747647684114
counter/7/0/0/0,34271:1747647678260:,1747647684114
counter/3/0/0/0,28368:1747647673830:,1747647684114
counter/4/0/0/0,30222:1747647674745:,1747647684114
counter/4/0/0/0,30223:1747647674745:,1747647684114
counter/4/0/0/0,30224:1747647674745:,1747647684114
counter/4/0/0/0,30225:1747647674745:,1747647684114
counter/4/0/0/0,30226:1747647674745:,1747647684114
counter/4/0/0/0,30227:1747647674745:,1747647684114
counter/7/0/0/0,34272:1747647678260:,1747647684114
counter/10/0/0/0,28058:1747647671309:,1747647684114
counter/4/0/0/0,30228:1747647674745:,1747647684115
counter/10/0/0/0,28059:1747647671309:,1747647684115
counter/10/0/0/0,28060:1747647671309:,1747647684115
counter/10/0/0/0,28061:1747647671309:,1747647684115
counter/7/0/0/0,34273:1747647678260:,1747647684115
counter/10/0/0/0,28062:1747647671309:,1747647684115
counter/4/0/0/0,30229:1747647674747:,1747647684115
counter/10/0/0/0,28063:1747647671310:,1747647684115
counter/4/0/0/0,30230:1747647674747:,1747647684115
counter/10/0/0/0,28064:1747647671310:,1747647684115
counter/4/0/0/0,30231:1747647674747:,1747647684115
counter/10/0/0/0,28065:1747647671310:,1747647684115
counter/4/0/0/0,30232:1747647674747:,1747647684115
counter/10/0/0/0,28066:1747647671316:,1747647684115
counter/10/0/0/0,28067:1747647671316:,1747647684115
counter/10/0/0/0,28068:1747647671316:,1747647684115
counter/4/0/0/0,30233:1747647674747:,1747647684115
counter/4/0/0/0,30234:1747647674747:,1747647684115
counter/3/0/0/0,28369:1747647673830:,1747647684115
counter/7/0/0/0,34274:1747647678260:,1747647684115
counter/1/0/0/0,30617:1747647676867:,1747647684115
counter/3/0/0/0,28370:1747647673830:,1747647684115
counter/4/0/0/0,30235:1747647674747:,1747647684115
counter/4/0/0/0,30236:1747647674747:,1747647684116
counter/4/0/0/0,30237:1747647674747:,1747647684116
counter/4/0/0/0,30238:1747647674761:,1747647684116
counter/4/0/0/0,30239:1747647674761:,1747647684116
counter/4/0/0/0,30240:1747647674761:,1747647684116
counter/4/0/0/0,30241:1747647674761:,1747647684116
counter/4/0/0/0,30242:1747647674761:,1747647684116
counter/10/0/0/0,28069:1747647671316:,1747647684116
counter/5/0/0/0,35824:1747647678426:,1747647684116
counter/7/0/0/0,34275:1747647678260:,1747647684116
counter/3/0/0/0,28371:1747647673830:,1747647684116
counter/4/0/0/0,30243:1747647674762:,1747647684116
counter/7/0/0/0,34276:1747647678260:,1747647684116
counter/4/0/0/0,30244:1747647674762:,1747647684116
counter/10/0/0/0,28070:1747647671316:,1747647684116
counter/1/0/0/0,30618:1747647676877:,1747647684116
counter/1/0/0/0,30619:1747647676877:,1747647684116
counter/1/0/0/0,30620:1747647676877:,1747647684116
counter/1/0/0/0,30621:1747647676877:,1747647684116
counter/1/0/0/0,30622:1747647676877:,1747647684116
counter/1/0/0/0,30623:1747647676877:,1747647684116
counter/1/0/0/0,30624:1747647676878:,1747647684116
counter/1/0/0/0,30625:1747647676878:,1747647684116
counter/1/0/0/0,30626:1747647676878:,1747647684116
counter/1/0/0/0,30627:1747647676880:,1747647684116
counter/1/0/0/0,30628:1747647676880:,1747647684116
counter/1/0/0/0,30629:1747647676880:,1747647684116
counter/1/0/0/0,30630:1747647676880:,1747647684116
counter/1/0/0/0,30631:1747647676880:,1747647684117
counter/10/0/0/0,28071:1747647671316:,1747647684117
counter/1/0/0/0,30632:1747647676880:,1747647684117
counter/1/0/0/0,30633:1747647676880:,1747647684117
counter/1/0/0/0,30634:1747647676880:,1747647684117
counter/7/0/0/0,34277:1747647678266:,1747647684117
counter/3/0/0/0,28372:1747647673830:,1747647684117
counter/1/0/0/0,30635:1747647676880:,1747647684117
counter/1/0/0/0,30636:1747647676880:,1747647684117
counter/1/0/0/0,30637:1747647676884:,1747647684117
counter/1/0/0/0,30638:1747647676884:,1747647684117
counter/1/0/0/0,30639:1747647676884:,1747647684117
counter/3/0/0/0,28373:1747647673855:,1747647684117
counter/1/0/0/0,30640:1747647676884:,1747647684117
counter/7/0/0/0,34278:1747647678266:,1747647684117
counter/1/0/0/0,30641:1747647676884:,1747647684117
counter/10/0/0/0,28072:1747647671317:,1747647684117
counter/4/0/0/0,30245:1747647674762:,1747647684117
counter/10/0/0/0,28073:1747647671317:,1747647684117
counter/4/0/0/0,30246:1747647674776:,1747647684117
counter/3/0/0/0,28374:1747647673855:,1747647684117
counter/7/0/0/0,34279:1747647678266:,1747647684117
counter/7/0/0/0,34280:1747647678266:,1747647684117
counter/1/0/0/0,30642:1747647676884:,1747647684117
counter/1/0/0/0,30643:1747647676884:,1747647684117
counter/3/0/0/0,28375:1747647673855:,1747647684117
counter/7/0/0/0,34281:1747647678266:,1747647684117
counter/10/0/0/0,28074:1747647671318:,1747647684117
counter/3/0/0/0,28376:1747647673855:,1747647684118
counter/4/0/0/0,30247:1747647674840:,1747647684118
counter/7/0/0/0,34282:1747647678266:,1747647684118
counter/4/0/0/0,30248:1747647674840:,1747647684118
counter/4/0/0/0,30249:1747647674840:,1747647684118
counter/4/0/0/0,30250:1747647674840:,1747647684118
counter/4/0/0/0,30251:1747647674846:,1747647684118
counter/4/0/0/0,30252:1747647674846:,1747647684118
counter/4/0/0/0,30253:1747647674846:,1747647684118
counter/10/0/0/0,28075:1747647671318:,1747647684118
counter/4/0/0/0,30254:1747647674846:,1747647684118
counter/7/0/0/0,34283:1747647678266:,1747647684118
counter/10/0/0/0,28076:1747647671318:,1747647684118
counter/3/0/0/0,28377:1747647673856:,1747647684118
counter/4/0/0/0,30255:1747647674846:,1747647684118
counter/4/0/0/0,30256:1747647674846:,1747647684118
counter/7/0/0/0,34284:1747647678266:,1747647684118
counter/4/0/0/0,30257:1747647674846:,1747647684118
counter/4/0/0/0,30258:1747647674847:,1747647684118
counter/4/0/0/0,30259:1747647674847:,1747647684118
counter/4/0/0/0,30260:1747647674847:,1747647684118
counter/7/0/0/0,34285:1747647678266:,1747647684118
counter/4/0/0/0,30261:1747647674847:,1747647684118
counter/3/0/0/0,28378:1747647673860:,1747647684118
counter/3/0/0/0,28379:1747647673860:,1747647684118
counter/3/0/0/0,28380:1747647673860:,1747647684118
counter/3/0/0/0,28381:1747647673860:,1747647684118
counter/3/0/0/0,28382:1747647673874:,1747647684118
counter/3/0/0/0,28383:1747647673874:,1747647684118
counter/3/0/0/0,28384:1747647673874:,1747647684118
counter/3/0/0/0,28385:1747647673874:,1747647684118
counter/3/0/0/0,28386:1747647673874:,1747647684118
counter/3/0/0/0,28387:1747647673874:,1747647684118
counter/3/0/0/0,28388:1747647673877:,1747647684119
counter/3/0/0/0,28389:1747647673877:,1747647684119
counter/3/0/0/0,28390:1747647673877:,1747647684119
counter/3/0/0/0,28391:1747647673880:,1747647684119
counter/3/0/0/0,28392:1747647673880:,1747647684119
counter/1/0/0/0,30644:1747647676884:,1747647684119
counter/3/0/0/0,28393:1747647673881:,1747647684119
counter/7/0/0/0,34286:1747647678299:,1747647684119
counter/3/0/0/0,28394:1747647673881:,1747647684119
counter/3/0/0/0,28395:1747647673881:,1747647684119
counter/3/0/0/0,28396:1747647673881:,1747647684119
counter/3/0/0/0,28397:1747647673881:,1747647684119
counter/3/0/0/0,28398:1747647673881:,1747647684119
counter/3/0/0/0,28399:1747647673881:,1747647684119
counter/3/0/0/0,28400:1747647673881:,1747647684119
counter/3/0/0/0,28401:1747647673881:,1747647684119
counter/10/0/0/0,28077:1747647671318:,1747647684119
counter/7/0/0/0,34287:1747647678299:,1747647684119
counter/1/0/0/0,30645:1747647676884:,1747647684119
counter/1/0/0/0,30646:1747647676884:,1747647684119
counter/10/0/0/0,28078:1747647671318:,1747647684119
counter/1/0/0/0,30647:1747647676884:,1747647684119
counter/3/0/0/0,28402:1747647673881:,1747647684119
counter/1/0/0/0,30648:1747647676884:,1747647684119
counter/10/0/0/0,28079:1747647671328:,1747647684119
counter/4/0/0/0,30262:1747647674847:,1747647684119
counter/4/0/0/0,30263:1747647674848:,1747647684119
counter/4/0/0/0,30264:1747647674848:,1747647684119
counter/4/0/0/0,30265:1747647674848:,1747647684119
counter/4/0/0/0,30266:1747647674848:,1747647684119
counter/4/0/0/0,30267:1747647674848:,1747647684119
counter/4/0/0/0,30268:1747647674848:,1747647684119
counter/4/0/0/0,30269:1747647674848:,1747647684119
counter/4/0/0/0,30270:1747647674848:,1747647684119
counter/4/0/0/0,30271:1747647674848:,1747647684119
counter/4/0/0/0,30272:1747647674848:,1747647684120
counter/10/0/0/0,28080:1747647671328:,1747647684120
counter/4/0/0/0,30273:1747647674848:,1747647684120
counter/5/0/0/0,35825:1747647678426:,1747647684120
counter/3/0/0/0,28403:1747647673881:,1747647684120
counter/4/0/0/0,30274:1747647674848:,1747647684120
counter/3/0/0/0,28404:1747647673883:,1747647684120
counter/4/0/0/0,30275:1747647674848:,1747647684120
counter/3/0/0/0,28405:1747647673886:,1747647684120
counter/4/0/0/0,30276:1747647674848:,1747647684120
counter/3/0/0/0,28406:1747647673891:,1747647684120
counter/3/0/0/0,28407:1747647673891:,1747647684120
counter/3/0/0/0,28408:1747647673891:,1747647684120
counter/3/0/0/0,28409:1747647673891:,1747647684120
counter/3/0/0/0,28410:1747647673891:,1747647684120
counter/3/0/0/0,28411:1747647673894:,1747647684120
counter/3/0/0/0,28412:1747647673896:,1747647684120
counter/3/0/0/0,28413:1747647673896:,1747647684120
counter/3/0/0/0,28414:1747647673896:,1747647684120
counter/3/0/0/0,28415:1747647673896:,1747647684120
counter/3/0/0/0,28416:1747647673896:,1747647684120
counter/3/0/0/0,28417:1747647673896:,1747647684120
counter/3/0/0/0,28418:1747647673896:,1747647684120
counter/3/0/0/0,28419:1747647673896:,1747647684120
counter/3/0/0/0,28420:1747647673896:,1747647684120
counter/3/0/0/0,28421:1747647673896:,1747647684120
counter/3/0/0/0,28422:1747647673896:,1747647684120
counter/3/0/0/0,28423:1747647673896:,1747647684120
counter/1/0/0/0,30649:1747647676884:,1747647684120
counter/3/0/0/0,28424:1747647673896:,1747647684120
counter/1/0/0/0,30650:1747647676884:,1747647684120
counter/3/0/0/0,28425:1747647673896:,1747647684120
counter/1/0/0/0,30651:1747647676884:,1747647684120
counter/3/0/0/0,28426:1747647673896:,1747647684120
counter/1/0/0/0,30652:1747647676886:,1747647684120
counter/3/0/0/0,28427:1747647673896:,1747647684121
counter/1/0/0/0,30653:1747647676886:,1747647684121
counter/3/0/0/0,28428:1747647673896:,1747647684121
counter/1/0/0/0,30654:1747647676886:,1747647684121
counter/3/0/0/0,28429:1747647673901:,1747647684121
counter/1/0/0/0,30655:1747647676886:,1747647684121
counter/3/0/0/0,28430:1747647673901:,1747647684121
counter/1/0/0/0,30656:1747647676886:,1747647684121
counter/3/0/0/0,28431:1747647673901:,1747647684121
counter/1/0/0/0,30657:1747647676886:,1747647684121
counter/3/0/0/0,28432:1747647673901:,1747647684121
counter/1/0/0/0,30658:1747647676886:,1747647684121
counter/3/0/0/0,28433:1747647673901:,1747647684121
counter/1/0/0/0,30659:1747647676889:,1747647684121
counter/3/0/0/0,28434:1747647673901:,1747647684121
counter/3/0/0/0,28435:1747647673901:,1747647684121
counter/3/0/0/0,28436:1747647673901:,1747647684121
counter/3/0/0/0,28437:1747647673901:,1747647684121
counter/3/0/0/0,28438:1747647673901:,1747647684121
counter/7/0/0/0,34288:1747647678299:,1747647684121
counter/3/0/0/0,28439:1747647673901:,1747647684121
counter/3/0/0/0,28440:1747647673901:,1747647684121
counter/3/0/0/0,28441:1747647673901:,1747647684121
counter/3/0/0/0,28442:1747647673901:,1747647684121
counter/3/0/0/0,28443:1747647673901:,1747647684121
counter/3/0/0/0,28444:1747647673901:,1747647684121
counter/3/0/0/0,28445:1747647673901:,1747647684121
counter/3/0/0/0,28446:1747647673903:,1747647684121
counter/1/0/0/0,30660:1747647676889:,1747647684121
counter/7/0/0/0,34289:1747647678299:,1747647684121
counter/4/0/0/0,30277:1747647674848:,1747647684121
counter/10/0/0/0,28081:1747647671328:,1747647684121
counter/4/0/0/0,30278:1747647674848:,1747647684122
counter/4/0/0/0,30279:1747647674848:,1747647684122
counter/4/0/0/0,30280:1747647674848:,1747647684122
counter/4/0/0/0,30281:1747647674848:,1747647684122
counter/4/0/0/0,30282:1747647674848:,1747647684122
counter/4/0/0/0,30283:1747647674848:,1747647684122
counter/4/0/0/0,30284:1747647674848:,1747647684122
counter/4/0/0/0,30285:1747647674848:,1747647684122
counter/4/0/0/0,30286:1747647674849:,1747647684122
counter/4/0/0/0,30287:1747647674849:,1747647684122
counter/4/0/0/0,30288:1747647674849:,1747647684122
counter/4/0/0/0,30289:1747647674850:,1747647684122
counter/4/0/0/0,30290:1747647674850:,1747647684122
counter/4/0/0/0,30291:1747647674850:,1747647684122
counter/4/0/0/0,30292:1747647674850:,1747647684122
counter/4/0/0/0,30293:1747647674850:,1747647684122
counter/4/0/0/0,30294:1747647674850:,1747647684122
counter/4/0/0/0,30295:1747647674850:,1747647684122
counter/4/0/0/0,30296:1747647674853:,1747647684122
counter/4/0/0/0,30297:1747647674853:,1747647684122
counter/5/0/0/0,35826:1747647678426:,1747647684122
counter/4/0/0/0,30298:1747647674854:,1747647684122
counter/10/0/0/0,28082:1747647671328:,1747647684122
counter/4/0/0/0,30299:1747647674854:,1747647684122
counter/5/0/0/0,35827:1747647678438:,1747647684122
counter/4/0/0/0,30300:1747647674854:,1747647684122
counter/7/0/0/0,34290:1747647678299:,1747647684122
counter/3/0/0/0,28447:1747647673906:,1747647684122
counter/4/0/0/0,30301:1747647674854:,1747647684122
counter/1/0/0/0,30661:1747647676889:,1747647684122
counter/4/0/0/0,30302:1747647674854:,1747647684122
counter/1/0/0/0,30662:1747647676889:,1747647684122
counter/1/0/0/0,30663:1747647676890:,1747647684122
counter/7/0/0/0,34291:1747647678299:,1747647684122
counter/1/0/0/0,30664:1747647676890:,1747647684122
counter/3/0/0/0,28448:1747647673906:,1747647684122
counter/10/0/0/0,28083:1747647671328:,1747647684123
counter/1/0/0/0,30665:1747647676890:,1747647684123
counter/5/0/0/0,35828:1747647678438:,1747647684123
counter/5/0/0/0,35829:1747647678439:,1747647684123
counter/4/0/0/0,30303:1747647674854:,1747647684123
counter/3/0/0/0,28449:1747647673906:,1747647684123
counter/5/0/0/0,35830:1747647678439:,1747647684123
counter/1/0/0/0,30666:1747647676890:,1747647684123
counter/5/0/0/0,35831:1747647678439:,1747647684123
counter/7/0/0/0,34292:1747647678299:,1747647684123
counter/1/0/0/0,30667:1747647676890:,1747647684123
counter/10/0/0/0,28084:1747647671328:,1747647684123
counter/4/0/0/0,30304:1747647674854:,1747647684123
counter/8/0/0/0,35780:1747647678276:,1747647684123
counter/4/0/0/0,30305:1747647674854:,1747647684123
counter/8/0/0/0,35781:1747647678276:,1747647684123
counter/8/0/0/0,35782:1747647678276:,1747647684123
counter/8/0/0/0,35783:1747647678276:,1747647684123
counter/7/0/0/0,34293:1747647678299:,1747647684123
counter/8/0/0/0,35784:1747647678276:,1747647684123
counter/4/0/0/0,30306:1747647674854:,1747647684123
counter/8/0/0/0,35785:1747647678276:,1747647684123
counter/3/0/0/0,28450:1747647673907:,1747647684123
counter/10/0/0/0,28085:1747647671328:,1747647684123
counter/8/0/0/0,35786:1747647678276:,1747647684123
counter/10/0/0/0,28086:1747647671329:,1747647684123
counter/8/0/0/0,35787:1747647678276:,1747647684123
counter/10/0/0/0,28087:1747647671329:,1747647684123
counter/3/0/0/0,28451:1747647673907:,1747647684123
counter/8/0/0/0,35788:1747647678276:,1747647684123
counter/10/0/0/0,28088:1747647671329:,1747647684123
counter/8/0/0/0,35789:1747647678276:,1747647684123
counter/10/0/0/0,28089:1747647671329:,1747647684123
counter/8/0/0/0,35790:1747647678277:,1747647684123
counter/10/0/0/0,28090:1747647671330:,1747647684123
counter/8/0/0/0,35791:1747647678277:,1747647684124
counter/10/0/0/0,28091:1747647671330:,1747647684124
counter/8/0/0/0,35792:1747647678277:,1747647684124
counter/10/0/0/0,28092:1747647671330:,1747647684124
counter/8/0/0/0,35793:1747647678279:,1747647684124
counter/10/0/0/0,28093:1747647671330:,1747647684124
counter/8/0/0/0,35794:1747647678279:,1747647684124
counter/10/0/0/0,28094:1747647671330:,1747647684124
counter/8/0/0/0,35795:1747647678279:,1747647684124
counter/10/0/0/0,28095:1747647671330:,1747647684124
counter/8/0/0/0,35796:1747647678279:,1747647684124
counter/10/0/0/0,28096:1747647671330:,1747647684124
counter/8/0/0/0,35797:1747647678279:,1747647684124
counter/10/0/0/0,28097:1747647671330:,1747647684124
counter/8/0/0/0,35798:1747647678279:,1747647684124
counter/10/0/0/0,28098:1747647671335:,1747647684124
counter/8/0/0/0,35799:1747647678281:,1747647684124
counter/10/0/0/0,28099:1747647671335:,1747647684124
counter/8/0/0/0,35800:1747647678281:,1747647684124
counter/10/0/0/0,28100:1747647671335:,1747647684124
counter/8/0/0/0,35801:1747647678281:,1747647684124
counter/10/0/0/0,28101:1747647671335:,1747647684124
counter/4/0/0/0,30307:1747647674854:,1747647684124
counter/8/0/0/0,35802:1747647678281:,1747647684124
counter/10/0/0/0,28102:1747647671336:,1747647684124
counter/8/0/0/0,35803:1747647678285:,1747647684124
counter/10/0/0/0,28103:1747647671336:,1747647684124
counter/8/0/0/0,35804:1747647678285:,1747647684124
counter/10/0/0/0,28104:1747647671336:,1747647684124
counter/8/0/0/0,35805:1747647678285:,1747647684124
counter/10/0/0/0,28105:1747647671336:,1747647684124
counter/8/0/0/0,35806:1747647678295:,1747647684124
counter/10/0/0/0,28106:1747647671336:,1747647684124
counter/7/0/0/0,34294:1747647678299:,1747647684125
counter/8/0/0/0,35807:1747647678316:,1747647684125
counter/10/0/0/0,28107:1747647671337:,1747647684125
counter/4/0/0/0,30308:1747647674854:,1747647684125
counter/8/0/0/0,35808:1747647678316:,1747647684125
counter/10/0/0/0,28108:1747647671337:,1747647684125
counter/8/0/0/0,35809:1747647678317:,1747647684125
counter/10/0/0/0,28109:1747647671337:,1747647684125
counter/4/0/0/0,30309:1747647674854:,1747647684125
counter/8/0/0/0,35810:1747647678327:,1747647684125
counter/10/0/0/0,28110:1747647671337:,1747647684125
counter/3/0/0/0,28452:1747647673907:,1747647684125
counter/8/0/0/0,35811:1747647678327:,1747647684125
counter/10/0/0/0,28111:1747647671337:,1747647684125
counter/8/0/0/0,35812:1747647678327:,1747647684125
counter/10/0/0/0,28112:1747647671337:,1747647684125
counter/8/0/0/0,35813:1747647678327:,1747647684125
counter/10/0/0/0,28113:1747647671337:,1747647684125
counter/8/0/0/0,35814:1747647678327:,1747647684125
counter/10/0/0/0,28114:1747647671337:,1747647684125
counter/8/0/0/0,35815:1747647678327:,1747647684125
counter/10/0/0/0,28115:1747647671337:,1747647684125
counter/8/0/0/0,35816:1747647678327:,1747647684125
counter/10/0/0/0,28116:1747647671337:,1747647684125
counter/8/0/0/0,35817:1747647678338:,1747647684125
counter/10/0/0/0,28117:1747647671337:,1747647684125
counter/8/0/0/0,35818:1747647678338:,1747647684125
counter/10/0/0/0,28118:1747647671337:,1747647684125
counter/8/0/0/0,35819:1747647678340:,1747647684125
counter/10/0/0/0,28119:1747647671354:,1747647684125
counter/8/0/0/0,35820:1747647678360:,1747647684125
counter/10/0/0/0,28120:1747647671354:,1747647684125
counter/8/0/0/0,35821:1747647678360:,1747647684125
counter/10/0/0/0,28121:1747647671354:,1747647684125
counter/7/0/0/0,34295:1747647678299:,1747647684125
counter/8/0/0/0,35822:1747647678360:,1747647684126
counter/10/0/0/0,28122:1747647671354:,1747647684126
counter/3/0/0/0,28453:1747647673907:,1747647684126
counter/4/0/0/0,30310:1747647674854:,1747647684126
counter/8/0/0/0,35823:1747647678360:,1747647684126
counter/10/0/0/0,28123:1747647671354:,1747647684126
counter/4/0/0/0,30311:1747647674859:,1747647684126
counter/8/0/0/0,35824:1747647678360:,1747647684126
counter/10/0/0/0,28124:1747647671354:,1747647684126
counter/4/0/0/0,30312:1747647674863:,1747647684126
counter/8/0/0/0,35825:1747647678360:,1747647684126
counter/10/0/0/0,28125:1747647671354:,1747647684126
counter/4/0/0/0,30313:1747647674863:,1747647684126
counter/1/0/0/0,30668:1747647676897:,1747647684126
counter/3/0/0/0,28454:1747647673907:,1747647684126
counter/8/0/0/0,35826:1747647678360:,1747647684126
counter/10/0/0/0,28126:1747647671354:,1747647684126
counter/7/0/0/0,34296:1747647678299:,1747647684126
counter/8/0/0/0,35827:1747647678360:,1747647684126
counter/1/0/0/0,30669:1747647676897:,1747647684126
counter/3/0/0/0,28455:1747647673907:,1747647684126
counter/8/0/0/0,35828:1747647678360:,1747647684126
counter/1/0/0/0,30670:1747647676897:,1747647684126
counter/8/0/0/0,35829:1747647678360:,1747647684126
counter/1/0/0/0,30671:1747647676897:,1747647684126
counter/7/0/0/0,34297:1747647678301:,1747647684126
counter/8/0/0/0,35830:1747647678360:,1747647684126
counter/1/0/0/0,30672:1747647676897:,1747647684126
counter/10/0/0/0,28127:1747647671354:,1747647684126
counter/8/0/0/0,35831:1747647678364:,1747647684126
counter/8/0/0/0,35832:1747647678364:,1747647684126
counter/8/0/0/0,35833:1747647678364:,1747647684126
counter/8/0/0/0,35834:1747647678364:,1747647684126
counter/8/0/0/0,35835:1747647678364:,1747647684126
counter/8/0/0/0,35836:1747647678364:,1747647684126
counter/8/0/0/0,35837:1747647678364:,1747647684126
counter/8/0/0/0,35838:1747647678364:,1747647684127
counter/8/0/0/0,35839:1747647678364:,1747647684127
counter/8/0/0/0,35840:1747647678364:,1747647684127
counter/8/0/0/0,35841:1747647678364:,1747647684127
counter/8/0/0/0,35842:1747647678364:,1747647684127
counter/8/0/0/0,35843:1747647678364:,1747647684127
counter/8/0/0/0,35844:1747647678371:,1747647684127
counter/8/0/0/0,35845:1747647678371:,1747647684127
counter/8/0/0/0,35846:1747647678371:,1747647684127
counter/8/0/0/0,35847:1747647678371:,1747647684127
counter/8/0/0/0,35848:1747647678371:,1747647684127
counter/8/0/0/0,35849:1747647678371:,1747647684127
counter/8/0/0/0,35850:1747647678371:,1747647684127
counter/7/0/0/0,34298:1747647678301:,1747647684127
counter/8/0/0/0,35851:1747647678371:,1747647684127
counter/10/0/0/0,28128:1747647671354:,1747647684127
counter/8/0/0/0,35852:1747647678371:,1747647684127
counter/4/0/0/0,30314:1747647674863:,1747647684127
counter/8/0/0/0,35853:1747647678371:,1747647684127
counter/4/0/0/0,30315:1747647674863:,1747647684127
counter/8/0/0/0,35854:1747647678371:,1747647684127
counter/4/0/0/0,30316:1747647674863:,1747647684127
counter/3/0/0/0,28456:1747647673907:,1747647684127
counter/8/0/0/0,35855:1747647678371:,1747647684127
counter/4/0/0/0,30317:1747647674864:,1747647684127
counter/7/0/0/0,34299:1747647678301:,1747647684127
counter/10/0/0/0,28129:1747647671354:,1747647684127
counter/8/0/0/0,35856:1747647678371:,1747647684127
counter/8/0/0/0,35857:1747647678371:,1747647684127
counter/8/0/0/0,35858:1747647678371:,1747647684127
counter/8/0/0/0,35859:1747647678371:,1747647684127
counter/8/0/0/0,35860:1747647678393:,1747647684127
counter/8/0/0/0,35861:1747647678393:,1747647684128
counter/8/0/0/0,35862:1747647678393:,1747647684128
counter/1/0/0/0,30673:1747647676897:,1747647684128
counter/8/0/0/0,35863:1747647678393:,1747647684128
counter/10/0/0/0,28130:1747647671354:,1747647684128
counter/7/0/0/0,34300:1747647678301:,1747647684128
counter/8/0/0/0,35864:1747647678393:,1747647684128
counter/8/0/0/0,35865:1747647678393:,1747647684128
counter/8/0/0/0,35866:1747647678393:,1747647684128
counter/8/0/0/0,35867:1747647678393:,1747647684128
counter/8/0/0/0,35868:1747647678393:,1747647684128
counter/8/0/0/0,35869:1747647678393:,1747647684128
counter/8/0/0/0,35870:1747647678393:,1747647684128
counter/8/0/0/0,35871:1747647678393:,1747647684128
counter/8/0/0/0,35872:1747647678394:,1747647684128
counter/8/0/0/0,35873:1747647678394:,1747647684128
counter/8/0/0/0,35874:1747647678394:,1747647684128
counter/8/0/0/0,35875:1747647678394:,1747647684128
counter/8/0/0/0,35876:1747647678394:,1747647684128
counter/8/0/0/0,35877:1747647678394:,1747647684128
counter/8/0/0/0,35878:1747647678394:,1747647684128
counter/8/0/0/0,35879:1747647678394:,1747647684128
counter/8/0/0/0,35880:1747647678394:,1747647684128
counter/8/0/0/0,35881:1747647678394:,1747647684128
counter/8/0/0/0,35882:1747647678394:,1747647684128
counter/8/0/0/0,35883:1747647678430:,1747647684128
counter/8/0/0/0,35884:1747647678430:,1747647684128
counter/8/0/0/0,35885:1747647678430:,1747647684128
counter/8/0/0/0,35886:1747647678430:,1747647684128
counter/8/0/0/0,35887:1747647678430:,1747647684128
counter/4/0/0/0,30318:1747647674864:,1747647684128
counter/8/0/0/0,35888:1747647678430:,1747647684128
counter/7/0/0/0,34301:1747647678301:,1747647684128
counter/3/0/0/0,28457:1747647673907:,1747647684128
counter/8/0/0/0,35889:1747647678430:,1747647684128
counter/10/0/0/0,28131:1747647671354:,1747647684128
counter/8/0/0/0,35890:1747647678430:,1747647684129
counter/8/0/0/0,35891:1747647678430:,1747647684129
counter/8/0/0/0,35892:1747647678430:,1747647684129
counter/8/0/0/0,35893:1747647678430:,1747647684129
counter/8/0/0/0,35894:1747647678430:,1747647684129
counter/8/0/0/0,35895:1747647678430:,1747647684129
counter/8/0/0/0,35896:1747647678431:,1747647684129
counter/4/0/0/0,30319:1747647674864:,1747647684129
counter/8/0/0/0,35897:1747647678438:,1747647684129
counter/3/0/0/0,28458:1747647673907:,1747647684129
counter/8/0/0/0,35898:1747647678438:,1747647684129
counter/10/0/0/0,28132:1747647671354:,1747647684129
counter/1/0/0/0,30674:1747647676897:,1747647684129
counter/8/0/0/0,35899:1747647678438:,1747647684129
counter/8/0/0/0,35900:1747647678438:,1747647684129
counter/8/0/0/0,35901:1747647678438:,1747647684129
counter/8/0/0/0,35902:1747647678438:,1747647684129
counter/8/0/0/0,35903:1747647678438:,1747647684129
counter/8/0/0/0,35904:1747647678438:,1747647684129
counter/7/0/0/0,34302:1747647678301:,1747647684129
counter/8/0/0/0,35905:1747647678438:,1747647684129
counter/8/0/0/0,35906:1747647678440:,1747647684129
counter/4/0/0/0,30320:1747647674864:,1747647684129
counter/3/0/0/0,28459:1747647673907:,1747647684129
counter/8/0/0/0,35907:1747647678441:,1747647684129
counter/1/0/0/0,30675:1747647676897:,1747647684129
counter/8/0/0/0,35908:1747647678441:,1747647684129
counter/8/0/0/0,35909:1747647678441:,1747647684129
counter/8/0/0/0,35910:1747647678450:,1747647684129
counter/8/0/0/0,35911:1747647678450:,1747647684129
counter/8/0/0/0,35912:1747647678450:,1747647684129
counter/8/0/0/0,35913:1747647678450:,1747647684129
counter/8/0/0/0,35914:1747647678450:,1747647684129
counter/8/0/0/0,35915:1747647678450:,1747647684129
counter/8/0/0/0,35916:1747647678450:,1747647684129
counter/8/0/0/0,35917:1747647678450:,1747647684130
counter/8/0/0/0,35918:1747647678450:,1747647684130
counter/8/0/0/0,35919:1747647678450:,1747647684130
counter/7/0/0/0,34303:1747647678301:,1747647684130
counter/8/0/0/0,35920:1747647678450:,1747647684130
counter/4/0/0/0,30321:1747647674864:,1747647684130
counter/8/0/0/0,35921:1747647678450:,1747647684130
counter/3/0/0/0,28460:1747647673907:,1747647684130
counter/8/0/0/0,35922:1747647678450:,1747647684130
counter/1/0/0/0,30676:1747647676897:,1747647684130
counter/8/0/0/0,35923:1747647678450:,1747647684130
counter/3/0/0/0,28461:1747647673907:,1747647684130
counter/8/0/0/0,35924:1747647678450:,1747647684130
counter/1/0/0/0,30677:1747647676897:,1747647684130
counter/10/0/0/0,28133:1747647671354:,1747647684130
counter/8/0/0/0,35925:1747647678450:,1747647684130
counter/7/0/0/0,34304:1747647678301:,1747647684130
counter/8/0/0/0,35926:1747647678475:,1747647684130
counter/8/0/0/0,35927:1747647678475:,1747647684130
counter/8/0/0/0,35928:1747647678475:,1747647684130
counter/8/0/0/0,35929:1747647678475:,1747647684130
counter/8/0/0/0,35930:1747647678475:,1747647684130
counter/8/0/0/0,35931:1747647678475:,1747647684130
counter/8/0/0/0,35932:1747647678475:,1747647684130
counter/8/0/0/0,35933:1747647678475:,1747647684130
counter/8/0/0/0,35934:1747647678475:,1747647684130
counter/8/0/0/0,35935:1747647678475:,1747647684130
counter/8/0/0/0,35936:1747647678475:,1747647684130
counter/3/0/0/0,28462:1747647673934:,1747647684130
counter/8/0/0/0,35937:1747647678475:,1747647684130
counter/8/0/0/0,35938:1747647678475:,1747647684130
counter/1/0/0/0,30678:1747647676897:,1747647684130
counter/7/0/0/0,34305:1747647678301:,1747647684130
counter/8/0/0/0,35939:1747647678475:,1747647684131
counter/4/0/0/0,30322:1747647674864:,1747647684131
counter/8/0/0/0,35940:1747647678476:,1747647684131
counter/4/0/0/0,30323:1747647674864:,1747647684131
counter/8/0/0/0,35941:1747647678476:,1747647684131
counter/4/0/0/0,30324:1747647674864:,1747647684131
counter/8/0/0/0,35942:1747647678477:,1747647684131
counter/4/0/0/0,30325:1747647674864:,1747647684131
counter/8/0/0/0,35943:1747647678477:,1747647684131
counter/4/0/0/0,30326:1747647674864:,1747647684131
counter/8/0/0/0,35944:1747647678477:,1747647684131
counter/4/0/0/0,30327:1747647674864:,1747647684131
counter/8/0/0/0,35945:1747647678477:,1747647684131
counter/4/0/0/0,30328:1747647674864:,1747647684131
counter/10/0/0/0,28134:1747647671354:,1747647684131
counter/8/0/0/0,35946:1747647678477:,1747647684131
counter/4/0/0/0,30329:1747647674864:,1747647684131
counter/5/0/0/0,35832:1747647678439:,1747647684131
counter/3/0/0/0,28463:1747647673934:,1747647684131
counter/8/0/0/0,35947:1747647678477:,1747647684131
counter/4/0/0/0,30330:1747647674864:,1747647684131
counter/5/0/0/0,35833:1747647678439:,1747647684131
counter/8/0/0/0,35948:1747647678477:,1747647684131
counter/4/0/0/0,30331:1747647674864:,1747647684131
counter/5/0/0/0,35834:1747647678439:,1747647684131
counter/8/0/0/0,35949:1747647678477:,1747647684131
counter/4/0/0/0,30332:1747647674864:,1747647684131
counter/5/0/0/0,35835:1747647678439:,1747647684131
counter/8/0/0/0,35950:1747647678478:,1747647684131
counter/4/0/0/0,30333:1747647674864:,1747647684131
counter/5/0/0/0,35836:1747647678439:,1747647684131
counter/8/0/0/0,35951:1747647678478:,1747647684131
counter/4/0/0/0,30334:1747647674864:,1747647684131
counter/5/0/0/0,35837:1747647678439:,1747647684131
counter/8/0/0/0,35952:1747647678481:,1747647684131
counter/5/0/0/0,35838:1747647678445:,1747647684131
counter/8/0/0/0,35953:1747647678481:,1747647684132
counter/5/0/0/0,35839:1747647678445:,1747647684132
counter/8/0/0/0,35954:1747647678481:,1747647684132
counter/5/0/0/0,35840:1747647678445:,1747647684132
counter/8/0/0/0,35955:1747647678481:,1747647684132
counter/5/0/0/0,35841:1747647678461:,1747647684132
counter/7/0/0/0,34306:1747647678312:,1747647684132
counter/8/0/0/0,35956:1747647678481:,1747647684132
counter/5/0/0/0,35842:1747647678461:,1747647684132
counter/3/0/0/0,28464:1747647673935:,1747647684132
counter/1/0/0/0,30679:1747647676897:,1747647684132
counter/8/0/0/0,35957:1747647678481:,1747647684132
counter/5/0/0/0,35843:1747647678461:,1747647684132
counter/1/0/0/0,30680:1747647676897:,1747647684132
counter/8/0/0/0,35958:1747647678481:,1747647684132
counter/5/0/0/0,35844:1747647678461:,1747647684132
counter/1/0/0/0,30681:1747647676897:,1747647684132
counter/8/0/0/0,35959:1747647678481:,1747647684132
counter/5/0/0/0,35845:1747647678461:,1747647684132
counter/1/0/0/0,30682:1747647676897:,1747647684132
counter/8/0/0/0,35960:1747647678481:,1747647684132
counter/5/0/0/0,35846:1747647678461:,1747647684132
counter/1/0/0/0,30683:1747647676909:,1747647684132
counter/8/0/0/0,35961:1747647678481:,1747647684132
counter/5/0/0/0,35847:1747647678461:,1747647684132
counter/1/0/0/0,30684:1747647676909:,1747647684132
counter/8/0/0/0,35962:1747647678481:,1747647684132
counter/5/0/0/0,35848:1747647678461:,1747647684132
counter/1/0/0/0,30685:1747647676909:,1747647684132
counter/8/0/0/0,35963:1747647678481:,1747647684132
counter/5/0/0/0,35849:1747647678471:,1747647684132
counter/1/0/0/0,30686:1747647676909:,1747647684132
counter/8/0/0/0,35964:1747647678481:,1747647684132
counter/5/0/0/0,35850:1747647678471:,1747647684132
counter/1/0/0/0,30687:1747647676909:,1747647684132
counter/8/0/0/0,35965:1747647678482:,1747647684133
counter/5/0/0/0,35851:1747647678471:,1747647684133
counter/1/0/0/0,30688:1747647676910:,1747647684133
counter/8/0/0/0,35966:1747647678482:,1747647684133
counter/5/0/0/0,35852:1747647678472:,1747647684133
counter/1/0/0/0,30689:1747647676910:,1747647684133
counter/8/0/0/0,35967:1747647678482:,1747647684133
counter/5/0/0/0,35853:1747647678472:,1747647684133
counter/1/0/0/0,30690:1747647676910:,1747647684133
counter/8/0/0/0,35968:1747647678483:,1747647684133
counter/5/0/0/0,35854:1747647678472:,1747647684133
counter/1/0/0/0,30691:1747647676910:,1747647684133
counter/8/0/0/0,35969:1747647678483:,1747647684133
counter/1/0/0/0,30692:1747647676911:,1747647684133
counter/8/0/0/0,35970:1747647678483:,1747647684133
counter/1/0/0/0,30693:1747647676911:,1747647684133
counter/8/0/0/0,35971:1747647678483:,1747647684133
counter/1/0/0/0,30694:1747647676911:,1747647684133
counter/8/0/0/0,35972:1747647678483:,1747647684133
counter/1/0/0/0,30695:1747647676919:,1747647684133
counter/8/0/0/0,35973:1747647678483:,1747647684133
counter/1/0/0/0,30696:1747647676919:,1747647684133
counter/8/0/0/0,35974:1747647678483:,1747647684133
counter/1/0/0/0,30697:1747647676919:,1747647684133
counter/8/0/0/0,35975:1747647678483:,1747647684133
counter/1/0/0/0,30698:1747647676919:,1747647684133
counter/8/0/0/0,35976:1747647678483:,1747647684133
counter/1/0/0/0,30699:1747647676919:,1747647684133
counter/8/0/0/0,35977:1747647678483:,1747647684133
counter/1/0/0/0,30700:1747647676919:,1747647684133
counter/7/0/0/0,34307:1747647678312:,1747647684133
counter/8/0/0/0,35978:1747647678483:,1747647684133
counter/1/0/0/0,30701:1747647676919:,1747647684134
counter/8/0/0/0,35979:1747647678483:,1747647684134
counter/1/0/0/0,30702:1747647676921:,1747647684134
counter/8/0/0/0,35980:1747647678483:,1747647684134
counter/1/0/0/0,30703:1747647676928:,1747647684134
counter/8/0/0/0,35981:1747647678483:,1747647684134
counter/1/0/0/0,30704:1747647676928:,1747647684134
counter/8/0/0/0,35982:1747647678483:,1747647684134
counter/1/0/0/0,30705:1747647676928:,1747647684134
counter/8/0/0/0,35983:1747647678483:,1747647684134
counter/1/0/0/0,30706:1747647676928:,1747647684134
counter/8/0/0/0,35984:1747647678484:,1747647684134
counter/1/0/0/0,30707:1747647676928:,1747647684134
counter/8/0/0/0,35985:1747647678489:,1747647684134
counter/1/0/0/0,30708:1747647676928:,1747647684134
counter/8/0/0/0,35986:1747647678489:,1747647684134
counter/1/0/0/0,30709:1747647676928:,1747647684134
counter/10/0/0/0,28135:1747647671374:,1747647684134
counter/8/0/0/0,35987:1747647678489:,1747647684134
counter/1/0/0/0,30710:1747647676928:,1747647684134
counter/10/0/0/0,28136:1747647671385:,1747647684134
counter/3/0/0/0,28465:1747647673935:,1747647684134
counter/8/0/0/0,35988:1747647678489:,1747647684134
counter/1/0/0/0,30711:1747647676928:,1747647684134
counter/8/0/0/0,35989:1747647678503:,1747647684134
counter/1/0/0/0,30712:1747647676928:,1747647684134
counter/8/0/0/0,35990:1747647678503:,1747647684134
counter/1/0/0/0,30713:1747647676931:,1747647684134
counter/8/0/0/0,35991:1747647678503:,1747647684134
counter/1/0/0/0,30714:1747647676931:,1747647684134
counter/8/0/0/0,35992:1747647678503:,1747647684134
counter/1/0/0/0,30715:1747647676931:,1747647684134
counter/10/0/0/0,28137:1747647671386:,1747647684134
counter/8/0/0/0,35993:1747647678506:,1747647684134
counter/1/0/0/0,30716:1747647676931:,1747647684134
counter/7/0/0/0,34308:1747647678312:,1747647684134
counter/8/0/0/0,35994:1747647678506:,1747647684135
counter/1/0/0/0,30717:1747647676931:,1747647684135
counter/8/0/0/0,35995:1747647678506:,1747647684135
counter/1/0/0/0,30718:1747647676931:,1747647684135
counter/8/0/0/0,35996:1747647678506:,1747647684135
counter/1/0/0/0,30719:1747647676932:,1747647684135
counter/8/0/0/0,35997:1747647678506:,1747647684135
counter/1/0/0/0,30720:1747647676932:,1747647684135
counter/8/0/0/0,35998:1747647678506:,1747647684135
counter/1/0/0/0,30721:1747647676932:,1747647684135
counter/8/0/0/0,35999:1747647678506:,1747647684135
counter/1/0/0/0,30722:1747647676949:,1747647684135
counter/8/0/0/0,36000:1747647678506:,1747647684135
counter/1/0/0/0,30723:1747647676954:,1747647684135
counter/8/0/0/0,36001:1747647678518:,1747647684135
counter/1/0/0/0,30724:1747647676956:,1747647684135
counter/8/0/0/0,36002:1747647678519:,1747647684135
counter/1/0/0/0,30725:1747647676957:,1747647684135
counter/8/0/0/0,36003:1747647678527:,1747647684135
counter/1/0/0/0,30726:1747647676957:,1747647684135
counter/8/0/0/0,36004:1747647678527:,1747647684135
counter/1/0/0/0,30727:1747647676957:,1747647684135
counter/8/0/0/0,36005:1747647678527:,1747647684135
counter/1/0/0/0,30728:1747647676957:,1747647684135
counter/8/0/0/0,36006:1747647678527:,1747647684135
counter/1/0/0/0,30729:1747647676957:,1747647684135
counter/8/0/0/0,36007:1747647678527:,1747647684135
counter/1/0/0/0,30730:1747647676957:,1747647684135
counter/8/0/0/0,36008:1747647678527:,1747647684135
counter/1/0/0/0,30731:1747647676957:,1747647684135
counter/8/0/0/0,36009:1747647678527:,1747647684135
counter/1/0/0/0,30732:1747647676957:,1747647684135
counter/8/0/0/0,36010:1747647678527:,1747647684135
counter/1/0/0/0,30733:1747647676957:,1747647684135
counter/8/0/0/0,36011:1747647678527:,1747647684136
counter/1/0/0/0,30734:1747647676960:,1747647684136
counter/8/0/0/0,36012:1747647678527:,1747647684136
counter/1/0/0/0,30735:1747647676960:,1747647684136
counter/8/0/0/0,36013:1747647678527:,1747647684136
counter/1/0/0/0,30736:1747647676960:,1747647684136
counter/8/0/0/0,36014:1747647678527:,1747647684136
counter/1/0/0/0,30737:1747647676960:,1747647684136
counter/8/0/0/0,36015:1747647678527:,1747647684136
counter/1/0/0/0,30738:1747647676960:,1747647684136
counter/8/0/0/0,36016:1747647678527:,1747647684136
counter/1/0/0/0,30739:1747647676960:,1747647684136
counter/8/0/0/0,36017:1747647678527:,1747647684136
counter/1/0/0/0,30740:1747647676960:,1747647684136
counter/8/0/0/0,36018:1747647678527:,1747647684136
counter/1/0/0/0,30741:1747647676960:,1747647684136
counter/8/0/0/0,36019:1747647678527:,1747647684136
counter/1/0/0/0,30742:1747647676960:,1747647684136
counter/8/0/0/0,36020:1747647678527:,1747647684136
counter/1/0/0/0,30743:1747647676961:,1747647684136
counter/8/0/0/0,36021:1747647678527:,1747647684136
counter/1/0/0/0,30744:1747647676961:,1747647684136
counter/8/0/0/0,36022:1747647678527:,1747647684136
counter/1/0/0/0,30745:1747647676961:,1747647684136
counter/8/0/0/0,36023:1747647678528:,1747647684136
counter/1/0/0/0,30746:1747647676961:,1747647684136
counter/8/0/0/0,36024:1747647678528:,1747647684136
counter/1/0/0/0,30747:1747647676961:,1747647684136
counter/8/0/0/0,36025:1747647678528:,1747647684136
counter/1/0/0/0,30748:1747647676961:,1747647684136
counter/10/0/0/0,28138:1747647671386:,1747647684136
counter/8/0/0/0,36026:1747647678528:,1747647684136
counter/1/0/0/0,30749:1747647676961:,1747647684136
counter/3/0/0/0,28466:1747647673935:,1747647684137
counter/7/0/0/0,34309:1747647678312:,1747647684137
counter/8/0/0/0,36027:1747647678528:,1747647684137
counter/1/0/0/0,30750:1747647676961:,1747647684137
counter/5/0/0/0,35855:1747647678472:,1747647684137
counter/8/0/0/0,36028:1747647678528:,1747647684137
counter/1/0/0/0,30751:1747647676961:,1747647684137
counter/8/0/0/0,36029:1747647678528:,1747647684137
counter/1/0/0/0,30752:1747647676961:,1747647684137
counter/8/0/0/0,36030:1747647678528:,1747647684137
counter/1/0/0/0,30753:1747647676961:,1747647684137
counter/8/0/0/0,36031:1747647678528:,1747647684137
counter/1/0/0/0,30754:1747647676963:,1747647684137
counter/8/0/0/0,36032:1747647678528:,1747647684137
counter/1/0/0/0,30755:1747647676963:,1747647684137
counter/8/0/0/0,36033:1747647678528:,1747647684137
counter/1/0/0/0,30756:1747647676963:,1747647684137
counter/8/0/0/0,36034:1747647678528:,1747647684137
counter/1/0/0/0,30757:1747647676963:,1747647684137
counter/8/0/0/0,36035:1747647678528:,1747647684137
counter/1/0/0/0,30758:1747647676964:,1747647684137
counter/8/0/0/0,36036:1747647678528:,1747647684137
counter/1/0/0/0,30759:1747647676964:,1747647684137
counter/8/0/0/0,36037:1747647678528:,1747647684137
counter/1/0/0/0,30760:1747647676964:,1747647684137
counter/8/0/0/0,36038:1747647678528:,1747647684137
counter/1/0/0/0,30761:1747647676964:,1747647684137
counter/8/0/0/0,36039:1747647678528:,1747647684137
counter/1/0/0/0,30762:1747647676964:,1747647684137
counter/8/0/0/0,36040:1747647678552:,1747647684137
counter/1/0/0/0,30763:1747647676964:,1747647684137
counter/8/0/0/0,36041:1747647678552:,1747647684137
counter/1/0/0/0,30764:1747647676964:,1747647684137
counter/8/0/0/0,36042:1747647678552:,1747647684137
counter/1/0/0/0,30765:1747647676964:,1747647684137
counter/8/0/0/0,36043:1747647678552:,1747647684138
counter/1/0/0/0,30766:1747647676964:,1747647684138
counter/5/0/0/0,35856:1747647678472:,1747647684138
counter/8/0/0/0,36044:1747647678552:,1747647684138
counter/1/0/0/0,30767:1747647676964:,1747647684138
counter/10/0/0/0,28139:1747647671386:,1747647684138
counter/7/0/0/0,34310:1747647678312:,1747647684138
counter/8/0/0/0,36045:1747647678552:,1747647684138
counter/1/0/0/0,30768:1747647676964:,1747647684138
counter/4/0/0/0,30335:1747647674864:,1747647684138
counter/8/0/0/0,36046:1747647678557:,1747647684138
counter/1/0/0/0,30769:1747647676965:,1747647684138
counter/8/0/0/0,36047:1747647678557:,1747647684138
counter/1/0/0/0,30770:1747647676965:,1747647684138
counter/8/0/0/0,36048:1747647678557:,1747647684138
counter/1/0/0/0,30771:1747647676965:,1747647684138
counter/8/0/0/0,36049:1747647678557:,1747647684138
counter/1/0/0/0,30772:1747647676965:,1747647684138
counter/8/0/0/0,36050:1747647678557:,1747647684138
counter/1/0/0/0,30773:1747647676965:,1747647684138
counter/8/0/0/0,36051:1747647678557:,1747647684138
counter/1/0/0/0,30774:1747647676966:,1747647684138
counter/8/0/0/0,36052:1747647678557:,1747647684138
counter/1/0/0/0,30775:1747647676966:,1747647684138
counter/8/0/0/0,36053:1747647678557:,1747647684138
counter/1/0/0/0,30776:1747647676966:,1747647684138
counter/7/0/0/0,34311:1747647678312:,1747647684138
counter/8/0/0/0,36054:1747647678557:,1747647684138
counter/1/0/0/0,30777:1747647676966:,1747647684138
counter/4/0/0/0,30336:1747647674864:,1747647684138
counter/8/0/0/0,36055:1747647678557:,1747647684138
counter/1/0/0/0,30778:1747647676967:,1747647684138
counter/4/0/0/0,30337:1747647674864:,1747647684138
counter/8/0/0/0,36056:1747647678557:,1747647684138
counter/1/0/0/0,30779:1747647676967:,1747647684138
counter/4/0/0/0,30338:1747647674864:,1747647684139
counter/3/0/0/0,28467:1747647673935:,1747647684139
counter/7/0/0/0,34312:1747647678313:,1747647684139
counter/8/0/0/0,36057:1747647678557:,1747647684139
counter/1/0/0/0,30780:1747647676967:,1747647684139
counter/4/0/0/0,30339:1747647674865:,1747647684139
counter/10/0/0/0,28140:1747647671387:,1747647684139
counter/5/0/0/0,35857:1747647678472:,1747647684139
counter/8/0/0/0,36058:1747647678557:,1747647684139
counter/1/0/0/0,30781:1747647676967:,1747647684139
counter/4/0/0/0,30340:1747647674865:,1747647684139
counter/8/0/0/0,36059:1747647678557:,1747647684139
counter/1/0/0/0,30782:1747647676967:,1747647684139
counter/4/0/0/0,30341:1747647674865:,1747647684139
counter/8/0/0/0,36060:1747647678558:,1747647684139
counter/1/0/0/0,30783:1747647676967:,1747647684139
counter/4/0/0/0,30342:1747647674871:,1747647684139
counter/8/0/0/0,36061:1747647678558:,1747647684139
counter/1/0/0/0,30784:1747647676967:,1747647684139
counter/8/0/0/0,36062:1747647678558:,1747647684139
counter/1/0/0/0,30785:1747647676967:,1747647684139
counter/3/0/0/0,28468:1747647673947:,1747647684139
counter/8/0/0/0,36063:1747647678558:,1747647684139
counter/1/0/0/0,30786:1747647676967:,1747647684139
counter/10/0/0/0,28141:1747647671387:,1747647684139
counter/7/0/0/0,34313:1747647678313:,1747647684139
counter/8/0/0/0,36064:1747647678558:,1747647684139
counter/1/0/0/0,30787:1747647676967:,1747647684139
counter/4/0/0/0,30343:1747647674871:,1747647684139
counter/8/0/0/0,36065:1747647678558:,1747647684139
counter/1/0/0/0,30788:1747647676967:,1747647684139
counter/8/0/0/0,36066:1747647678558:,1747647684139
counter/1/0/0/0,30789:1747647676967:,1747647684139
counter/4/0/0/0,30344:1747647674871:,1747647684140
counter/8/0/0/0,36067:1747647678558:,1747647684140
counter/1/0/0/0,30790:1747647676967:,1747647684140
counter/4/0/0/0,30345:1747647674871:,1747647684140
counter/10/0/0/0,28142:1747647671387:,1747647684140
counter/8/0/0/0,36068:1747647678558:,1747647684140
counter/1/0/0/0,30791:1747647676969:,1747647684140
counter/7/0/0/0,34314:1747647678313:,1747647684140
counter/8/0/0/0,36069:1747647678558:,1747647684140
counter/1/0/0/0,30792:1747647676975:,1747647684140
counter/8/0/0/0,36070:1747647678558:,1747647684140
counter/1/0/0/0,30793:1747647676975:,1747647684140
counter/8/0/0/0,36071:1747647678558:,1747647684140
counter/1/0/0/0,30794:1747647676975:,1747647684140
counter/8/0/0/0,36072:1747647678558:,1747647684140
counter/1/0/0/0,30795:1747647676975:,1747647684140
counter/8/0/0/0,36073:1747647678558:,1747647684140
counter/1/0/0/0,30796:1747647676976:,1747647684140
counter/8/0/0/0,36074:1747647678558:,1747647684140
counter/1/0/0/0,30797:1747647676977:,1747647684140
counter/8/0/0/0,36075:1747647678558:,1747647684140
counter/1/0/0/0,30798:1747647676978:,1747647684140
counter/8/0/0/0,36076:1747647678558:,1747647684140
counter/1/0/0/0,30799:1747647676978:,1747647684140
counter/8/0/0/0,36077:1747647678563:,1747647684140
counter/1/0/0/0,30800:1747647676978:,1747647684140
counter/8/0/0/0,36078:1747647678568:,1747647684140
counter/1/0/0/0,30801:1747647676978:,1747647684140
counter/8/0/0/0,36079:1747647678568:,1747647684140
counter/1/0/0/0,30802:1747647676978:,1747647684140
counter/8/0/0/0,36080:1747647678568:,1747647684140
counter/1/0/0/0,30803:1747647676978:,1747647684140
counter/8/0/0/0,36081:1747647678568:,1747647684140
counter/1/0/0/0,30804:1747647676978:,1747647684140
counter/8/0/0/0,36082:1747647678568:,1747647684140
counter/1/0/0/0,30805:1747647676978:,1747647684140
counter/8/0/0/0,36083:1747647678568:,1747647684141
counter/1/0/0/0,30806:1747647676978:,1747647684141
counter/8/0/0/0,36084:1747647678568:,1747647684141
counter/1/0/0/0,30807:1747647676978:,1747647684141
counter/8/0/0/0,36085:1747647678569:,1747647684141
counter/1/0/0/0,30808:1747647676978:,1747647684141
counter/8/0/0/0,36086:1747647678569:,1747647684141
counter/1/0/0/0,30809:1747647676978:,1747647684141
counter/8/0/0/0,36087:1747647678569:,1747647684141
counter/1/0/0/0,30810:1747647676990:,1747647684141
counter/8/0/0/0,36088:1747647678569:,1747647684141
counter/1/0/0/0,30811:1747647676992:,1747647684141
counter/8/0/0/0,36089:1747647678569:,1747647684141
counter/1/0/0/0,30812:1747647676993:,1747647684141
counter/8/0/0/0,36090:1747647678570:,1747647684141
counter/1/0/0/0,30813:1747647676993:,1747647684141
counter/8/0/0/0,36091:1747647678574:,1747647684141
counter/1/0/0/0,30814:1747647676993:,1747647684141
counter/8/0/0/0,36092:1747647678574:,1747647684141
counter/1/0/0/0,30815:1747647676994:,1747647684141
counter/10/0/0/0,28143:1747647671387:,1747647684141
counter/8/0/0/0,36093:1747647678574:,1747647684141
counter/1/0/0/0,30816:1747647676994:,1747647684141
counter/5/0/0/0,35858:1747647678472:,1747647684141
counter/7/0/0/0,34315:1747647678313:,1747647684141
counter/8/0/0/0,36094:1747647678574:,1747647684141
counter/1/0/0/0,30817:1747647676994:,1747647684141
counter/3/0/0/0,28469:1747647673947:,1747647684141
counter/8/0/0/0,36095:1747647678574:,1747647684141
counter/1/0/0/0,30818:1747647676994:,1747647684141
counter/8/0/0/0,36096:1747647678574:,1747647684141
counter/1/0/0/0,30819:1747647676994:,1747647684141
counter/8/0/0/0,36097:1747647678586:,1747647684141
counter/1/0/0/0,30820:1747647676994:,1747647684141
counter/8/0/0/0,36098:1747647678586:,1747647684141
counter/1/0/0/0,30821:1747647676994:,1747647684142
counter/8/0/0/0,36099:1747647678588:,1747647684142
counter/1/0/0/0,30822:1747647676994:,1747647684142
counter/8/0/0/0,36100:1747647678588:,1747647684142
counter/1/0/0/0,30823:1747647676997:,1747647684142
counter/8/0/0/0,36101:1747647678588:,1747647684142
counter/1/0/0/0,30824:1747647676999:,1747647684142
counter/8/0/0/0,36102:1747647678588:,1747647684142
counter/1/0/0/0,30825:1747647676999:,1747647684142
counter/8/0/0/0,36103:1747647678588:,1747647684142
counter/1/0/0/0,30826:1747647676999:,1747647684142
counter/8/0/0/0,36104:1747647678588:,1747647684142
counter/1/0/0/0,30827:1747647676999:,1747647684142
counter/8/0/0/0,36105:1747647678588:,1747647684142
counter/1/0/0/0,30828:1747647676999:,1747647684142
counter/7/0/0/0,34316:1747647678313:,1747647684142
counter/8/0/0/0,36106:1747647678588:,1747647684142
counter/1/0/0/0,30829:1747647677002:,1747647684142
counter/8/0/0/0,36107:1747647678588:,1747647684142
counter/1/0/0/0,30830:1747647677005:,1747647684142
counter/8/0/0/0,36108:1747647678590:,1747647684142
counter/1/0/0/0,30831:1747647677010:,1747647684142
counter/8/0/0/0,36109:1747647678590:,1747647684142
counter/1/0/0/0,30832:1747647677010:,1747647684142
counter/8/0/0/0,36110:1747647678590:,1747647684142
counter/1/0/0/0,30833:1747647677010:,1747647684142
counter/8/0/0/0,36111:1747647678595:,1747647684142
counter/1/0/0/0,30834:1747647677010:,1747647684142
counter/8/0/0/0,36112:1747647678595:,1747647684142
counter/1/0/0/0,30835:1747647677010:,1747647684142
counter/8/0/0/0,36113:1747647678595:,1747647684142
counter/1/0/0/0,30836:1747647677010:,1747647684142
counter/8/0/0/0,36114:1747647678595:,1747647684142
counter/1/0/0/0,30837:1747647677011:,1747647684143
counter/8/0/0/0,36115:1747647678596:,1747647684143
counter/1/0/0/0,30838:1747647677011:,1747647684143
counter/8/0/0/0,36116:1747647678596:,1747647684143
counter/1/0/0/0,30839:1747647677011:,1747647684143
counter/8/0/0/0,36117:1747647678597:,1747647684143
counter/1/0/0/0,30840:1747647677011:,1747647684143
counter/10/0/0/0,28144:1747647671397:,1747647684143
counter/8/0/0/0,36118:1747647678597:,1747647684143
counter/1/0/0/0,30841:1747647677011:,1747647684143
counter/3/0/0/0,28470:1747647673947:,1747647684143
counter/7/0/0/0,34317:1747647678313:,1747647684143
counter/8/0/0/0,36119:1747647678599:,1747647684143
counter/1/0/0/0,30842:1747647677011:,1747647684143
counter/8/0/0/0,36120:1747647678600:,1747647684143
counter/1/0/0/0,30843:1747647677011:,1747647684143
counter/5/0/0/0,35859:1747647678472:,1747647684143
counter/8/0/0/0,36121:1747647678600:,1747647684143
counter/1/0/0/0,30844:1747647677011:,1747647684143
counter/8/0/0/0,36122:1747647678600:,1747647684143
counter/1/0/0/0,30845:1747647677011:,1747647684143
counter/8/0/0/0,36123:1747647678600:,1747647684143
counter/1/0/0/0,30846:1747647677011:,1747647684143
counter/8/0/0/0,36124:1747647678600:,1747647684143
counter/1/0/0/0,30847:1747647677011:,1747647684143
counter/5/0/0/0,35860:1747647678472:,1747647684143
counter/8/0/0/0,36125:1747647678600:,1747647684143
counter/1/0/0/0,30848:1747647677011:,1747647684143
counter/4/0/0/0,30346:1747647674871:,1747647684143
counter/10/0/0/0,28145:1747647671397:,1747647684143
counter/8/0/0/0,36126:1747647678600:,1747647684143
counter/1/0/0/0,30849:1747647677011:,1747647684143
counter/3/0/0/0,28471:1747647673948:,1747647684144
counter/8/0/0/0,36127:1747647678605:,1747647684144
counter/1/0/0/0,30850:1747647677011:,1747647684144
counter/8/0/0/0,36128:1747647678605:,1747647684144
counter/1/0/0/0,30851:1747647677011:,1747647684144
counter/8/0/0/0,36129:1747647678605:,1747647684144
counter/1/0/0/0,30852:1747647677011:,1747647684144
counter/8/0/0/0,36130:1747647678605:,1747647684144
counter/1/0/0/0,30853:1747647677011:,1747647684144
counter/8/0/0/0,36131:1747647678612:,1747647684144
counter/1/0/0/0,30854:1747647677019:,1747647684144
counter/8/0/0/0,36132:1747647678612:,1747647684144
counter/1/0/0/0,30855:1747647677020:,1747647684144
counter/8/0/0/0,36133:1747647678612:,1747647684144
counter/1/0/0/0,30856:1747647677023:,1747647684144
counter/8/0/0/0,36134:1747647678612:,1747647684144
counter/1/0/0/0,30857:1747647677023:,1747647684144
counter/8/0/0/0,36135:1747647678612:,1747647684144
counter/1/0/0/0,30858:1747647677023:,1747647684144
counter/8/0/0/0,36136:1747647678612:,1747647684144
counter/1/0/0/0,30859:1747647677023:,1747647684144
counter/8/0/0/0,36137:1747647678612:,1747647684144
counter/1/0/0/0,30860:1747647677023:,1747647684144
counter/8/0/0/0,36138:1747647678612:,1747647684144
counter/1/0/0/0,30861:1747647677028:,1747647684144
counter/8/0/0/0,36139:1747647678612:,1747647684144
counter/1/0/0/0,30862:1747647677028:,1747647684144
counter/8/0/0/0,36140:1747647678612:,1747647684144
counter/1/0/0/0,30863:1747647677028:,1747647684144
counter/8/0/0/0,36141:1747647678612:,1747647684144
counter/1/0/0/0,30864:1747647677028:,1747647684144
counter/8/0/0/0,36142:1747647678614:,1747647684144
counter/1/0/0/0,30865:1747647677028:,1747647684144
counter/8/0/0/0,36143:1747647678616:,1747647684144
counter/1/0/0/0,30866:1747647677028:,1747647684145
counter/8/0/0/0,36144:1747647678625:,1747647684145
counter/1/0/0/0,30867:1747647677028:,1747647684145
counter/8/0/0/0,36145:1747647678625:,1747647684145
counter/1/0/0/0,30868:1747647677030:,1747647684145
counter/8/0/0/0,36146:1747647678625:,1747647684145
counter/1/0/0/0,30869:1747647677042:,1747647684145
counter/10/0/0/0,28146:1747647671397:,1747647684145
counter/8/0/0/0,36147:1747647678625:,1747647684145
counter/1/0/0/0,30870:1747647677042:,1747647684145
counter/3/0/0/0,28472:1747647673959:,1747647684145
counter/7/0/0/0,34318:1747647678313:,1747647684145
counter/8/0/0/0,36148:1747647678625:,1747647684145
counter/1/0/0/0,30871:1747647677042:,1747647684145
counter/5/0/0/0,35861:1747647678479:,1747647684145
counter/8/0/0/0,36149:1747647678625:,1747647684145
counter/1/0/0/0,30872:1747647677042:,1747647684145
counter/8/0/0/0,36150:1747647678625:,1747647684145
counter/1/0/0/0,30873:1747647677042:,1747647684145
counter/8/0/0/0,36151:1747647678625:,1747647684145
counter/1/0/0/0,30874:1747647677042:,1747647684145
counter/8/0/0/0,36152:1747647678633:,1747647684145
counter/1/0/0/0,30875:1747647677042:,1747647684145
counter/8/0/0/0,36153:1747647678633:,1747647684145
counter/1/0/0/0,30876:1747647677042:,1747647684145
counter/8/0/0/0,36154:1747647678633:,1747647684145
counter/1/0/0/0,30877:1747647677042:,1747647684145
counter/8/0/0/0,36155:1747647678633:,1747647684145
counter/1/0/0/0,30878:1747647677042:,1747647684145
counter/8/0/0/0,36156:1747647678633:,1747647684145
counter/1/0/0/0,30879:1747647677044:,1747647684145
counter/8/0/0/0,36157:1747647678633:,1747647684145
counter/1/0/0/0,30880:1747647677044:,1747647684145
counter/8/0/0/0,36158:1747647678633:,1747647684145
counter/1/0/0/0,30881:1747647677044:,1747647684145
counter/8/0/0/0,36159:1747647678633:,1747647684146
counter/1/0/0/0,30882:1747647677044:,1747647684146
counter/8/0/0/0,36160:1747647678633:,1747647684146
counter/1/0/0/0,30883:1747647677045:,1747647684146
counter/8/0/0/0,36161:1747647678633:,1747647684146
counter/1/0/0/0,30884:1747647677045:,1747647684146
counter/8/0/0/0,36162:1747647678633:,1747647684146
counter/1/0/0/0,30885:1747647677046:,1747647684146
counter/8/0/0/0,36163:1747647678633:,1747647684146
counter/1/0/0/0,30886:1747647677046:,1747647684146
counter/8/0/0/0,36164:1747647678633:,1747647684146
counter/1/0/0/0,30887:1747647677046:,1747647684146
counter/8/0/0/0,36165:1747647678634:,1747647684146
counter/1/0/0/0,30888:1747647677046:,1747647684146
counter/8/0/0/0,36166:1747647678634:,1747647684146
counter/1/0/0/0,30889:1747647677046:,1747647684146
counter/8/0/0/0,36167:1747647678634:,1747647684146
counter/1/0/0/0,30890:1747647677046:,1747647684146
counter/8/0/0/0,36168:1747647678634:,1747647684146
counter/1/0/0/0,30891:1747647677046:,1747647684146
counter/8/0/0/0,36169:1747647678634:,1747647684146
counter/1/0/0/0,30892:1747647677046:,1747647684146
counter/8/0/0/0,36170:1747647678634:,1747647684146
counter/1/0/0/0,30893:1747647677059:,1747647684146
counter/8/0/0/0,36171:1747647678634:,1747647684146
counter/1/0/0/0,30894:1747647677059:,1747647684146
counter/8/0/0/0,36172:1747647678634:,1747647684146
counter/1/0/0/0,30895:1747647677059:,1747647684146
counter/8/0/0/0,36173:1747647678634:,1747647684146
counter/1/0/0/0,30896:1747647677059:,1747647684146
counter/8/0/0/0,36174:1747647678634:,1747647684146
counter/1/0/0/0,30897:1747647677059:,1747647684146
counter/8/0/0/0,36175:1747647678634:,1747647684146
counter/1/0/0/0,30898:1747647677062:,1747647684146
counter/8/0/0/0,36176:1747647678634:,1747647684146
counter/1/0/0/0,30899:1747647677063:,1747647684146
counter/8/0/0/0,36177:1747647678634:,1747647684147
counter/1/0/0/0,30900:1747647677063:,1747647684147
counter/8/0/0/0,36178:1747647678642:,1747647684147
counter/1/0/0/0,30901:1747647677063:,1747647684147
counter/8/0/0/0,36179:1747647678642:,1747647684147
counter/1/0/0/0,30902:1747647677063:,1747647684147
counter/8/0/0/0,36180:1747647678642:,1747647684147
counter/1/0/0/0,30903:1747647677063:,1747647684147
counter/8/0/0/0,36181:1747647678642:,1747647684147
counter/1/0/0/0,30904:1747647677063:,1747647684147
counter/8/0/0/0,36182:1747647678642:,1747647684147
counter/1/0/0/0,30905:1747647677063:,1747647684147
counter/8/0/0/0,36183:1747647678642:,1747647684147
counter/1/0/0/0,30906:1747647677063:,1747647684147
counter/8/0/0/0,36184:1747647678642:,1747647684147
counter/1/0/0/0,30907:1747647677063:,1747647684147
counter/8/0/0/0,36185:1747647678642:,1747647684147
counter/1/0/0/0,30908:1747647677063:,1747647684147
counter/8/0/0/0,36186:1747647678642:,1747647684147
counter/1/0/0/0,30909:1747647677063:,1747647684147
counter/8/0/0/0,36187:1747647678642:,1747647684147
counter/1/0/0/0,30910:1747647677065:,1747647684147
counter/8/0/0/0,36188:1747647678646:,1747647684147
counter/1/0/0/0,30911:1747647677065:,1747647684147
counter/8/0/0/0,36189:1747647678646:,1747647684147
counter/1/0/0/0,30912:1747647677073:,1747647684147
counter/8/0/0/0,36190:1747647678646:,1747647684147
counter/1/0/0/0,30913:1747647677073:,1747647684147
counter/8/0/0/0,36191:1747647678646:,1747647684147
counter/1/0/0/0,30914:1747647677073:,1747647684147
counter/8/0/0/0,36192:1747647678646:,1747647684147
counter/1/0/0/0,30915:1747647677073:,1747647684148
counter/8/0/0/0,36193:1747647678646:,1747647684148
counter/1/0/0/0,30916:1747647677073:,1747647684148
counter/8/0/0/0,36194:1747647678646:,1747647684148
counter/1/0/0/0,30917:1747647677073:,1747647684148
counter/8/0/0/0,36195:1747647678646:,1747647684148
counter/1/0/0/0,30918:1747647677073:,1747647684148
counter/8/0/0/0,36196:1747647678646:,1747647684148
counter/1/0/0/0,30919:1747647677073:,1747647684148
counter/8/0/0/0,36197:1747647678646:,1747647684148
counter/1/0/0/0,30920:1747647677073:,1747647684148
counter/8/0/0/0,36198:1747647678647:,1747647684148
counter/1/0/0/0,30921:1747647677074:,1747647684148
counter/8/0/0/0,36199:1747647678647:,1747647684148
counter/1/0/0/0,30922:1747647677074:,1747647684148
counter/8/0/0/0,36200:1747647678647:,1747647684148
counter/1/0/0/0,30923:1747647677074:,1747647684148
counter/8/0/0/0,36201:1747647678652:,1747647684148
counter/1/0/0/0,30924:1747647677075:,1747647684148
counter/8/0/0/0,36202:1747647678660:,1747647684148
counter/1/0/0/0,30925:1747647677076:,1747647684148
counter/8/0/0/0,36203:1747647678660:,1747647684148
counter/1/0/0/0,30926:1747647677076:,1747647684148
counter/8/0/0/0,36204:1747647678663:,1747647684148
counter/1/0/0/0,30927:1747647677076:,1747647684148
counter/8/0/0/0,36205:1747647678663:,1747647684148
counter/1/0/0/0,30928:1747647677076:,1747647684148
counter/8/0/0/0,36206:1747647678663:,1747647684148
counter/1/0/0/0,30929:1747647677076:,1747647684148
counter/8/0/0/0,36207:1747647678663:,1747647684148
counter/1/0/0/0,30930:1747647677076:,1747647684148
counter/8/0/0/0,36208:1747647678663:,1747647684148
counter/1/0/0/0,30931:1747647677076:,1747647684148
counter/8/0/0/0,36209:1747647678663:,1747647684148
counter/1/0/0/0,30932:1747647677076:,1747647684148
counter/8/0/0/0,36210:1747647678663:,1747647684148
counter/1/0/0/0,30933:1747647677076:,1747647684148
counter/8/0/0/0,36211:1747647678663:,1747647684149
counter/1/0/0/0,30934:1747647677096:,1747647684149
counter/8/0/0/0,36212:1747647678663:,1747647684149
counter/1/0/0/0,30935:1747647677096:,1747647684149
counter/8/0/0/0,36213:1747647678663:,1747647684149
counter/1/0/0/0,30936:1747647677096:,1747647684149
counter/8/0/0/0,36214:1747647678663:,1747647684149
counter/1/0/0/0,30937:1747647677096:,1747647684149
counter/8/0/0/0,36215:1747647678663:,1747647684149
counter/1/0/0/0,30938:1747647677096:,1747647684149
counter/8/0/0/0,36216:1747647678663:,1747647684149
counter/1/0/0/0,30939:1747647677096:,1747647684149
counter/8/0/0/0,36217:1747647678671:,1747647684149
counter/1/0/0/0,30940:1747647677096:,1747647684149
counter/8/0/0/0,36218:1747647678671:,1747647684149
counter/1/0/0/0,30941:1747647677096:,1747647684149
counter/8/0/0/0,36219:1747647678671:,1747647684149
counter/1/0/0/0,30942:1747647677096:,1747647684149
counter/8/0/0/0,36220:1747647678672:,1747647684149
counter/1/0/0/0,30943:1747647677096:,1747647684149
counter/8/0/0/0,36221:1747647678672:,1747647684149
counter/1/0/0/0,30944:1747647677096:,1747647684149
counter/8/0/0/0,36222:1747647678672:,1747647684149
counter/1/0/0/0,30945:1747647677096:,1747647684149
counter/8/0/0/0,36223:1747647678672:,1747647684149
counter/1/0/0/0,30946:1747647677099:,1747647684149
counter/7/0/0/0,34319:1747647678313:,1747647684149
counter/8/0/0/0,36224:1747647678672:,1747647684149
counter/1/0/0/0,30947:1747647677099:,1747647684149
counter/3/0/0/0,28473:1747647673964:,1747647684149
counter/8/0/0/0,36225:1747647678672:,1747647684149
counter/1/0/0/0,30948:1747647677099:,1747647684149
counter/8/0/0/0,36226:1747647678672:,1747647684149
counter/1/0/0/0,30949:1747647677099:,1747647684149
counter/8/0/0/0,36227:1747647678672:,1747647684149
counter/1/0/0/0,30950:1747647677099:,1747647684150
counter/8/0/0/0,36228:1747647678672:,1747647684150
counter/1/0/0/0,30951:1747647677099:,1747647684150
counter/8/0/0/0,36229:1747647678672:,1747647684150
counter/1/0/0/0,30952:1747647677107:,1747647684150
counter/8/0/0/0,36230:1747647678672:,1747647684150
counter/1/0/0/0,30953:1747647677111:,1747647684150
counter/8/0/0/0,36231:1747647678672:,1747647684150
counter/1/0/0/0,30954:1747647677111:,1747647684150
counter/8/0/0/0,36232:1747647678672:,1747647684150
counter/1/0/0/0,30955:1747647677111:,1747647684150
counter/10/0/0/0,28147:1747647671397:,1747647684150
counter/8/0/0/0,36233:1747647678672:,1747647684150
counter/1/0/0/0,30956:1747647677111:,1747647684150
counter/3/0/0/0,28474:1747647673964:,1747647684150
counter/7/0/0/0,34320:1747647678314:,1747647684150
counter/8/0/0/0,36234:1747647678673:,1747647684150
counter/1/0/0/0,30957:1747647677111:,1747647684150
counter/5/0/0/0,35862:1747647678479:,1747647684150
counter/8/0/0/0,36235:1747647678673:,1747647684150
counter/1/0/0/0,30958:1747647677111:,1747647684150
counter/4/0/0/0,30347:1747647674871:,1747647684150
counter/8/0/0/0,36236:1747647678673:,1747647684150
counter/1/0/0/0,30959:1747647677111:,1747647684150
counter/10/0/0/0,28148:1747647671397:,1747647684150
counter/8/0/0/0,36237:1747647678673:,1747647684150
counter/1/0/0/0,30960:1747647677111:,1747647684150
counter/10/0/0/0,28149:1747647671397:,1747647684150
counter/8/0/0/0,36238:1747647678673:,1747647684150
counter/1/0/0/0,30961:1747647677111:,1747647684150
counter/10/0/0/0,28150:1747647671397:,1747647684150
counter/8/0/0/0,36239:1747647678673:,1747647684150
counter/1/0/0/0,30962:1747647677111:,1747647684150
counter/10/0/0/0,28151:1747647671397:,1747647684151
counter/8/0/0/0,36240:1747647678673:,1747647684151
counter/1/0/0/0,30963:1747647677111:,1747647684151
counter/10/0/0/0,28152:1747647671397:,1747647684151
counter/8/0/0/0,36241:1747647678673:,1747647684151
counter/1/0/0/0,30964:1747647677111:,1747647684151
counter/8/0/0/0,36242:1747647678673:,1747647684151
counter/1/0/0/0,30965:1747647677111:,1747647684151
counter/8/0/0/0,36243:1747647678673:,1747647684151
counter/1/0/0/0,30966:1747647677118:,1747647684151
counter/8/0/0/0,36244:1747647678673:,1747647684151
counter/1/0/0/0,30967:1747647677118:,1747647684151
counter/8/0/0/0,36245:1747647678673:,1747647684151
counter/1/0/0/0,30968:1747647677118:,1747647684151
counter/8/0/0/0,36246:1747647678673:,1747647684151
counter/1/0/0/0,30969:1747647677118:,1747647684151
counter/8/0/0/0,36247:1747647678673:,1747647684151
counter/1/0/0/0,30970:1747647677119:,1747647684151
counter/8/0/0/0,36248:1747647678673:,1747647684151
counter/1/0/0/0,30971:1747647677119:,1747647684151
counter/8/0/0/0,36249:1747647678673:,1747647684151
counter/1/0/0/0,30972:1747647677120:,1747647684151
counter/8/0/0/0,36250:1747647678673:,1747647684151
counter/1/0/0/0,30973:1747647677120:,1747647684151
counter/8/0/0/0,36251:1747647678673:,1747647684151
counter/1/0/0/0,30974:1747647677120:,1747647684151
counter/8/0/0/0,36252:1747647678675:,1747647684151
counter/1/0/0/0,30975:1747647677120:,1747647684151
counter/8/0/0/0,36253:1747647678675:,1747647684151
counter/1/0/0/0,30976:1747647677120:,1747647684151
counter/8/0/0/0,36254:1747647678675:,1747647684151
counter/1/0/0/0,30977:1747647677120:,1747647684151
counter/8/0/0/0,36255:1747647678678:,1747647684151
counter/1/0/0/0,30978:1747647677120:,1747647684151
counter/8/0/0/0,36256:1747647678679:,1747647684151
counter/1/0/0/0,30979:1747647677120:,1747647684152
counter/8/0/0/0,36257:1747647678679:,1747647684152
counter/1/0/0/0,30980:1747647677120:,1747647684152
counter/8/0/0/0,36258:1747647678679:,1747647684152
counter/1/0/0/0,30981:1747647677120:,1747647684152
counter/8/0/0/0,36259:1747647678679:,1747647684152
counter/1/0/0/0,30982:1747647677139:,1747647684152
counter/8/0/0/0,36260:1747647678681:,1747647684152
counter/1/0/0/0,30983:1747647677139:,1747647684152
counter/8/0/0/0,36261:1747647678681:,1747647684152
counter/1/0/0/0,30984:1747647677139:,1747647684152
counter/8/0/0/0,36262:1747647678681:,1747647684152
counter/1/0/0/0,30985:1747647677139:,1747647684152
counter/8/0/0/0,36263:1747647678681:,1747647684152
counter/1/0/0/0,30986:1747647677139:,1747647684152
counter/8/0/0/0,36264:1747647678681:,1747647684152
counter/1/0/0/0,30987:1747647677139:,1747647684152
counter/8/0/0/0,36265:1747647678681:,1747647684152
counter/1/0/0/0,30988:1747647677139:,1747647684152
counter/8/0/0/0,36266:1747647678681:,1747647684152
counter/1/0/0/0,30989:1747647677147:,1747647684152
counter/8/0/0/0,36267:1747647678681:,1747647684152
counter/1/0/0/0,30990:1747647677147:,1747647684152
counter/8/0/0/0,36268:1747647678681:,1747647684152
counter/1/0/0/0,30991:1747647677147:,1747647684152
counter/8/0/0/0,36269:1747647678681:,1747647684152
counter/1/0/0/0,30992:1747647677147:,1747647684152
counter/8/0/0/0,36270:1747647678681:,1747647684152
counter/1/0/0/0,30993:1747647677147:,1747647684152
counter/8/0/0/0,36271:1747647678682:,1747647684152
counter/1/0/0/0,30994:1747647677147:,1747647684152
counter/8/0/0/0,36272:1747647678682:,1747647684152
counter/1/0/0/0,30995:1747647677148:,1747647684152
counter/8/0/0/0,36273:1747647678682:,1747647684152
counter/1/0/0/0,30996:1747647677164:,1747647684152
counter/8/0/0/0,36274:1747647678682:,1747647684152
counter/1/0/0/0,30997:1747647677164:,1747647684152
counter/8/0/0/0,36275:1747647678704:,1747647684153
counter/1/0/0/0,30998:1747647677165:,1747647684153
counter/8/0/0/0,36276:1747647678704:,1747647684153
counter/1/0/0/0,30999:1747647677165:,1747647684153
counter/8/0/0/0,36277:1747647678704:,1747647684153
counter/1/0/0/0,31000:1747647677165:,1747647684153
counter/8/0/0/0,36278:1747647678704:,1747647684153
counter/1/0/0/0,31001:1747647677165:,1747647684153
counter/8/0/0/0,36279:1747647678704:,1747647684153
counter/1/0/0/0,31002:1747647677165:,1747647684153
counter/8/0/0/0,36280:1747647678704:,1747647684153
counter/1/0/0/0,31003:1747647677168:,1747647684153
counter/8/0/0/0,36281:1747647678704:,1747647684153
counter/1/0/0/0,31004:1747647677168:,1747647684153
counter/8/0/0/0,36282:1747647678704:,1747647684153
counter/1/0/0/0,31005:1747647677168:,1747647684153
counter/8/0/0/0,36283:1747647678704:,1747647684153
counter/1/0/0/0,31006:1747647677168:,1747647684153
counter/8/0/0/0,36284:1747647678704:,1747647684153
counter/1/0/0/0,31007:1747647677168:,1747647684153
counter/8/0/0/0,36285:1747647678704:,1747647684153
counter/1/0/0/0,31008:1747647677172:,1747647684153
counter/8/0/0/0,36286:1747647678704:,1747647684153
counter/1/0/0/0,31009:1747647677172:,1747647684153
counter/8/0/0/0,36287:1747647678704:,1747647684153
counter/1/0/0/0,31010:1747647677172:,1747647684153
counter/8/0/0/0,36288:1747647678719:,1747647684153
counter/1/0/0/0,31011:1747647677172:,1747647684153
counter/8/0/0/0,36289:1747647678720:,1747647684153
counter/1/0/0/0,31012:1747647677172:,1747647684153
counter/8/0/0/0,36290:1747647678720:,1747647684154
counter/1/0/0/0,31013:1747647677172:,1747647684154
counter/8/0/0/0,36291:1747647678733:,1747647684154
counter/1/0/0/0,31014:1747647677172:,1747647684154
counter/8/0/0/0,36292:1747647678733:,1747647684154
counter/1/0/0/0,31015:1747647677172:,1747647684154
counter/8/0/0/0,36293:1747647678733:,1747647684154
counter/1/0/0/0,31016:1747647677172:,1747647684154
counter/8/0/0/0,36294:1747647678733:,1747647684154
counter/1/0/0/0,31017:1747647677172:,1747647684154
counter/8/0/0/0,36295:1747647678733:,1747647684154
counter/1/0/0/0,31018:1747647677173:,1747647684154
counter/7/0/0/0,34321:1747647678315:,1747647684154
counter/8/0/0/0,36296:1747647678733:,1747647684154
counter/1/0/0/0,31019:1747647677178:,1747647684154
counter/7/0/0/0,34322:1747647678315:,1747647684154
counter/10/0/0/0,28153:1747647671397:,1747647684154
counter/8/0/0/0,36297:1747647678733:,1747647684154
counter/1/0/0/0,31020:1747647677178:,1747647684154
counter/7/0/0/0,34323:1747647678315:,1747647684154
counter/8/0/0/0,36298:1747647678733:,1747647684154
counter/1/0/0/0,31021:1747647677178:,1747647684154
counter/7/0/0/0,34324:1747647678315:,1747647684154
counter/5/0/0/0,35863:1747647678479:,1747647684154
counter/8/0/0/0,36299:1747647678740:,1747647684154
counter/1/0/0/0,31022:1747647677178:,1747647684154
counter/7/0/0/0,34325:1747647678315:,1747647684154
counter/5/0/0/0,35864:1747647678479:,1747647684154
counter/8/0/0/0,36300:1747647678744:,1747647684154
counter/1/0/0/0,31023:1747647677178:,1747647684154
counter/7/0/0/0,34326:1747647678324:,1747647684154
counter/5/0/0/0,35865:1747647678479:,1747647684154
counter/3/0/0/0,28475:1747647673964:,1747647684154
counter/8/0/0/0,36301:1747647678744:,1747647684154
counter/1/0/0/0,31024:1747647677178:,1747647684154
counter/7/0/0/0,34327:1747647678325:,1747647684154
counter/5/0/0/0,35866:1747647678479:,1747647684154
counter/8/0/0/0,36302:1747647678744:,1747647684155
counter/1/0/0/0,31025:1747647677178:,1747647684155
counter/7/0/0/0,34328:1747647678325:,1747647684155
counter/8/0/0/0,36303:1747647678745:,1747647684155
counter/1/0/0/0,31026:1747647677178:,1747647684155
counter/7/0/0/0,34329:1747647678325:,1747647684155
counter/8/0/0/0,36304:1747647678752:,1747647684155
counter/1/0/0/0,31027:1747647677178:,1747647684155
counter/7/0/0/0,34330:1747647678325:,1747647684155
counter/8/0/0/0,36305:1747647678753:,1747647684155
counter/1/0/0/0,31028:1747647677184:,1747647684155
counter/7/0/0/0,34331:1747647678325:,1747647684155
counter/8/0/0/0,36306:1747647678753:,1747647684155
counter/1/0/0/0,31029:1747647677184:,1747647684155
counter/7/0/0/0,34332:1747647678325:,1747647684155
counter/8/0/0/0,36307:1747647678753:,1747647684155
counter/1/0/0/0,31030:1747647677184:,1747647684155
counter/7/0/0/0,34333:1747647678325:,1747647684155
counter/8/0/0/0,36308:1747647678753:,1747647684155
counter/1/0/0/0,31031:1747647677184:,1747647684155
counter/8/0/0/0,36309:1747647678753:,1747647684155
counter/1/0/0/0,31032:1747647677184:,1747647684155
counter/8/0/0/0,36310:1747647678753:,1747647684155
counter/1/0/0/0,31033:1747647677184:,1747647684155
counter/8/0/0/0,36311:1747647678753:,1747647684155
counter/1/0/0/0,31034:1747647677184:,1747647684155
counter/8/0/0/0,36312:1747647678753:,1747647684155
counter/1/0/0/0,31035:1747647677191:,1747647684155
counter/8/0/0/0,36313:1747647678753:,1747647684155
counter/1/0/0/0,31036:1747647677191:,1747647684155
counter/8/0/0/0,36314:1747647678753:,1747647684155
counter/1/0/0/0,31037:1747647677191:,1747647684155
counter/8/0/0/0,36315:1747647678753:,1747647684155
counter/1/0/0/0,31038:1747647677192:,1747647684155
counter/8/0/0/0,36316:1747647678753:,1747647684155
counter/1/0/0/0,31039:1747647677192:,1747647684155
counter/8/0/0/0,36317:1747647678753:,1747647684156
counter/1/0/0/0,31040:1747647677192:,1747647684156
counter/8/0/0/0,36318:1747647678753:,1747647684156
counter/1/0/0/0,31041:1747647677192:,1747647684156
counter/8/0/0/0,36319:1747647678754:,1747647684156
counter/1/0/0/0,31042:1747647677195:,1747647684156
counter/8/0/0/0,36320:1747647678755:,1747647684156
counter/1/0/0/0,31043:1747647677195:,1747647684156
counter/8/0/0/0,36321:1747647678764:,1747647684156
counter/1/0/0/0,31044:1747647677195:,1747647684156
counter/8/0/0/0,36322:1747647678764:,1747647684156
counter/1/0/0/0,31045:1747647677198:,1747647684156
counter/8/0/0/0,36323:1747647678764:,1747647684156
counter/1/0/0/0,31046:1747647677210:,1747647684156
counter/8/0/0/0,36324:1747647678764:,1747647684156
counter/1/0/0/0,31047:1747647677210:,1747647684156
counter/10/0/0/0,28154:1747647671397:,1747647684156
counter/8/0/0/0,36325:1747647678765:,1747647684156
counter/1/0/0/0,31048:1747647677210:,1747647684156
counter/3/0/0/0,28476:1747647673964:,1747647684156
counter/7/0/0/0,34334:1747647678325:,1747647684156
counter/5/0/0/0,35867:1747647678479:,1747647684156
counter/8/0/0/0,36326:1747647678765:,1747647684156
counter/1/0/0/0,31049:1747647677210:,1747647684156
counter/8/0/0/0,36327:1747647678765:,1747647684156
counter/1/0/0/0,31050:1747647677210:,1747647684156
counter/8/0/0/0,36328:1747647678767:,1747647684156
counter/1/0/0/0,31051:1747647677210:,1747647684156
counter/5/0/0/0,35868:1747647678479:,1747647684156
counter/8/0/0/0,36329:1747647678767:,1747647684156
counter/1/0/0/0,31052:1747647677210:,1747647684156
counter/5/0/0/0,35869:1747647678479:,1747647684156
counter/8/0/0/0,36330:1747647678768:,1747647684156
counter/1/0/0/0,31053:1747647677210:,1747647684157
counter/5/0/0/0,35870:1747647678479:,1747647684157
counter/7/0/0/0,34335:1747647678327:,1747647684157
counter/8/0/0/0,36331:1747647678768:,1747647684157
counter/1/0/0/0,31054:1747647677210:,1747647684157
counter/5/0/0/0,35871:1747647678479:,1747647684157
counter/8/0/0/0,36332:1747647678768:,1747647684157
counter/1/0/0/0,31055:1747647677210:,1747647684157
counter/8/0/0/0,36333:1747647678768:,1747647684157
counter/1/0/0/0,31056:1747647677213:,1747647684157
counter/8/0/0/0,36334:1747647678768:,1747647684157
counter/1/0/0/0,31057:1747647677214:,1747647684157
counter/5/0/0/0,35872:1747647678479:,1747647684157
counter/8/0/0/0,36335:1747647678768:,1747647684157
counter/1/0/0/0,31058:1747647677214:,1747647684157
counter/3/0/0/0,28477:1747647673964:,1747647684157
counter/8/0/0/0,36336:1747647678770:,1747647684157
counter/1/0/0/0,31059:1747647677214:,1747647684157
counter/7/0/0/0,34336:1747647678328:,1747647684157
counter/10/0/0/0,28155:1747647671397:,1747647684157
counter/8/0/0/0,36337:1747647678770:,1747647684157
counter/1/0/0/0,31060:1747647677231:,1747647684157
counter/5/0/0/0,35873:1747647678479:,1747647684157
counter/8/0/0/0,36338:1747647678771:,1747647684157
counter/1/0/0/0,31061:1747647677231:,1747647684157
counter/8/0/0/0,36339:1747647678782:,1747647684157
counter/1/0/0/0,31062:1747647677231:,1747647684157
counter/8/0/0/0,36340:1747647678782:,1747647684157
counter/1/0/0/0,31063:1747647677231:,1747647684157
counter/8/0/0/0,36341:1747647678782:,1747647684157
counter/1/0/0/0,31064:1747647677231:,1747647684157
counter/8/0/0/0,36342:1747647678782:,1747647684157
counter/1/0/0/0,31065:1747647677231:,1747647684157
counter/8/0/0/0,36343:1747647678782:,1747647684157
counter/1/0/0/0,31066:1747647677233:,1747647684157
counter/8/0/0/0,36344:1747647678782:,1747647684157
counter/1/0/0/0,31067:1747647677233:,1747647684158
counter/8/0/0/0,36345:1747647678785:,1747647684158
counter/1/0/0/0,31068:1747647677233:,1747647684158
counter/8/0/0/0,36346:1747647678786:,1747647684158
counter/1/0/0/0,31069:1747647677233:,1747647684158
counter/8/0/0/0,36347:1747647678786:,1747647684158
counter/1/0/0/0,31070:1747647677233:,1747647684158
counter/8/0/0/0,36348:1747647678786:,1747647684158
counter/1/0/0/0,31071:1747647677233:,1747647684158
counter/8/0/0/0,36349:1747647678786:,1747647684158
counter/1/0/0/0,31072:1747647677233:,1747647684158
counter/8/0/0/0,36350:1747647678786:,1747647684158
counter/1/0/0/0,31073:1747647677234:,1747647684158
counter/8/0/0/0,36351:1747647678786:,1747647684158
counter/1/0/0/0,31074:1747647677234:,1747647684158
counter/3/0/0/0,28478:1747647673964:,1747647684158
counter/8/0/0/0,36352:1747647678786:,1747647684158
counter/1/0/0/0,31075:1747647677234:,1747647684158
counter/8/0/0/0,36353:1747647678786:,1747647684158
counter/1/0/0/0,31076:1747647677234:,1747647684158
counter/8/0/0/0,36354:1747647678786:,1747647684158
counter/1/0/0/0,31077:1747647677234:,1747647684158
counter/8/0/0/0,36355:1747647678786:,1747647684158
counter/1/0/0/0,31078:1747647677236:,1747647684158
counter/8/0/0/0,36356:1747647678786:,1747647684158
counter/1/0/0/0,31079:1747647677236:,1747647684158
counter/8/0/0/0,36357:1747647678786:,1747647684158
counter/1/0/0/0,31080:1747647677236:,1747647684158
counter/10/0/0/0,28156:1747647671397:,1747647684158
counter/8/0/0/0,36358:1747647678786:,1747647684158
counter/1/0/0/0,31081:1747647677236:,1747647684158
counter/3/0/0/0,28479:1747647673964:,1747647684158
counter/7/0/0/0,34337:1747647678328:,1747647684158
counter/8/0/0/0,36359:1747647678786:,1747647684158
counter/1/0/0/0,31082:1747647677236:,1747647684158
counter/8/0/0/0,36360:1747647678786:,1747647684158
counter/1/0/0/0,31083:1747647677236:,1747647684159
counter/8/0/0/0,36361:1747647678788:,1747647684159
counter/1/0/0/0,31084:1747647677237:,1747647684159
counter/8/0/0/0,36362:1747647678789:,1747647684159
counter/1/0/0/0,31085:1747647677237:,1747647684159
counter/8/0/0/0,36363:1747647678789:,1747647684159
counter/1/0/0/0,31086:1747647677237:,1747647684159
counter/8/0/0/0,36364:1747647678789:,1747647684159
counter/1/0/0/0,31087:1747647677237:,1747647684159
counter/8/0/0/0,36365:1747647678789:,1747647684159
counter/1/0/0/0,31088:1747647677237:,1747647684159
counter/8/0/0/0,36366:1747647678789:,1747647684159
counter/1/0/0/0,31089:1747647677237:,1747647684159
counter/8/0/0/0,36367:1747647678789:,1747647684159
counter/1/0/0/0,31090:1747647677237:,1747647684159
counter/8/0/0/0,36368:1747647678789:,1747647684159
counter/1/0/0/0,31091:1747647677246:,1747647684159
counter/8/0/0/0,36369:1747647678789:,1747647684159
counter/1/0/0/0,31092:1747647677246:,1747647684159
counter/8/0/0/0,36370:1747647678789:,1747647684159
counter/1/0/0/0,31093:1747647677246:,1747647684159
counter/8/0/0/0,36371:1747647678789:,1747647684159
counter/1/0/0/0,31094:1747647677246:,1747647684159
counter/8/0/0/0,36372:1747647678792:,1747647684159
counter/1/0/0/0,31095:1747647677246:,1747647684159
counter/8/0/0/0,36373:1747647678792:,1747647684160
counter/1/0/0/0,31096:1747647677246:,1747647684160
counter/8/0/0/0,36374:1747647678797:,1747647684160
counter/1/0/0/0,31097:1747647677246:,1747647684160
counter/8/0/0/0,36375:1747647678802:,1747647684160
counter/1/0/0/0,31098:1747647677246:,1747647684160
counter/8/0/0/0,36376:1747647678802:,1747647684160
counter/1/0/0/0,31099:1747647677246:,1747647684160
counter/8/0/0/0,36377:1747647678802:,1747647684160
counter/1/0/0/0,31100:1747647677246:,1747647684160
counter/8/0/0/0,36378:1747647678802:,1747647684160
counter/1/0/0/0,31101:1747647677251:,1747647684160
counter/8/0/0/0,36379:1747647678802:,1747647684160
counter/1/0/0/0,31102:1747647677251:,1747647684160
counter/8/0/0/0,36380:1747647678802:,1747647684160
counter/1/0/0/0,31103:1747647677252:,1747647684160
counter/8/0/0/0,36381:1747647678802:,1747647684160
counter/1/0/0/0,31104:1747647677252:,1747647684160
counter/8/0/0/0,36382:1747647678802:,1747647684160
counter/1/0/0/0,31105:1747647677252:,1747647684160
counter/8/0/0/0,36383:1747647678802:,1747647684160
counter/1/0/0/0,31106:1747647677252:,1747647684160
counter/8/0/0/0,36384:1747647678802:,1747647684160
counter/1/0/0/0,31107:1747647677252:,1747647684160
counter/8/0/0/0,36385:1747647678802:,1747647684160
counter/1/0/0/0,31108:1747647677252:,1747647684160
counter/8/0/0/0,36386:1747647678802:,1747647684160
counter/1/0/0/0,31109:1747647677252:,1747647684160
counter/8/0/0/0,36387:1747647678802:,1747647684160
counter/1/0/0/0,31110:1747647677252:,1747647684160
counter/8/0/0/0,36388:1747647678802:,1747647684160
counter/1/0/0/0,31111:1747647677252:,1747647684160
counter/8/0/0/0,36389:1747647678802:,1747647684160
counter/1/0/0/0,31112:1747647677252:,1747647684160
counter/3/0/0/0,28480:1747647673964:,1747647684160
counter/8/0/0/0,36390:1747647678802:,1747647684160
counter/1/0/0/0,31113:1747647677252:,1747647684161
counter/7/0/0/0,34338:1747647678328:,1747647684161
counter/5/0/0/0,35874:1747647678479:,1747647684161
counter/8/0/0/0,36391:1747647678802:,1747647684161
counter/1/0/0/0,31114:1747647677252:,1747647684161
counter/10/0/0/0,28157:1747647671397:,1747647684161
counter/8/0/0/0,36392:1747647678802:,1747647684161
counter/1/0/0/0,31115:1747647677252:,1747647684161
counter/8/0/0/0,36393:1747647678802:,1747647684161
counter/1/0/0/0,31116:1747647677252:,1747647684161
counter/8/0/0/0,36394:1747647678802:,1747647684161
counter/1/0/0/0,31117:1747647677252:,1747647684161
counter/8/0/0/0,36395:1747647678802:,1747647684161
counter/1/0/0/0,31118:1747647677252:,1747647684161
counter/3/0/0/0,28481:1747647673964:,1747647684161
counter/8/0/0/0,36396:1747647678802:,1747647684161
counter/1/0/0/0,31119:1747647677252:,1747647684161
counter/7/0/0/0,34339:1747647678328:,1747647684161
counter/8/0/0/0,36397:1747647678802:,1747647684161
counter/1/0/0/0,31120:1747647677252:,1747647684161
counter/5/0/0/0,35875:1747647678479:,1747647684161
counter/8/0/0/0,36398:1747647678802:,1747647684161
counter/1/0/0/0,31121:1747647677252:,1747647684161
counter/10/0/0/0,28158:1747647671401:,1747647684161
counter/8/0/0/0,36399:1747647678802:,1747647684161
counter/1/0/0/0,31122:1747647677252:,1747647684161
counter/8/0/0/0,36400:1747647678802:,1747647684161
counter/1/0/0/0,31123:1747647677252:,1747647684161
counter/8/0/0/0,36401:1747647678802:,1747647684161
counter/1/0/0/0,31124:1747647677252:,1747647684161
counter/8/0/0/0,36402:1747647678802:,1747647684161
counter/1/0/0/0,31125:1747647677252:,1747647684161
counter/8/0/0/0,36403:1747647678802:,1747647684161
counter/1/0/0/0,31126:1747647677252:,1747647684161
counter/8/0/0/0,36404:1747647678803:,1747647684161
counter/1/0/0/0,31127:1747647677252:,1747647684162
counter/8/0/0/0,36405:1747647678803:,1747647684162
counter/1/0/0/0,31128:1747647677252:,1747647684162
counter/8/0/0/0,36406:1747647678803:,1747647684162
counter/1/0/0/0,31129:1747647677252:,1747647684162
counter/8/0/0/0,36407:1747647678803:,1747647684162
counter/1/0/0/0,31130:1747647677252:,1747647684162
counter/8/0/0/0,36408:1747647678803:,1747647684162
counter/1/0/0/0,31131:1747647677252:,1747647684162
counter/8/0/0/0,36409:1747647678803:,1747647684162
counter/1/0/0/0,31132:1747647677252:,1747647684162
counter/8/0/0/0,36410:1747647678813:,1747647684162
counter/1/0/0/0,31133:1747647677256:,1747647684162
counter/8/0/0/0,36411:1747647678815:,1747647684162
counter/1/0/0/0,31134:1747647677256:,1747647684162
counter/8/0/0/0,36412:1747647678815:,1747647684162
counter/1/0/0/0,31135:1747647677256:,1747647684162
counter/8/0/0/0,36413:1747647678815:,1747647684162
counter/1/0/0/0,31136:1747647677256:,1747647684162
counter/8/0/0/0,36414:1747647678815:,1747647684162
counter/1/0/0/0,31137:1747647677256:,1747647684162
counter/8/0/0/0,36415:1747647678815:,1747647684162
counter/1/0/0/0,31138:1747647677256:,1747647684162
counter/8/0/0/0,36416:1747647678815:,1747647684162
counter/1/0/0/0,31139:1747647677257:,1747647684162
counter/8/0/0/0,36417:1747647678815:,1747647684162
counter/1/0/0/0,31140:1747647677257:,1747647684162
counter/8/0/0/0,36418:1747647678815:,1747647684162
counter/1/0/0/0,31141:1747647677257:,1747647684162
counter/8/0/0/0,36419:1747647678815:,1747647684162
counter/1/0/0/0,31142:1747647677257:,1747647684162
counter/8/0/0/0,36420:1747647678815:,1747647684162
counter/1/0/0/0,31143:1747647677257:,1747647684162
counter/8/0/0/0,36421:1747647678815:,1747647684163
counter/1/0/0/0,31144:1747647677257:,1747647684163
counter/8/0/0/0,36422:1747647678815:,1747647684163
counter/1/0/0/0,31145:1747647677262:,1747647684163
counter/8/0/0/0,36423:1747647678815:,1747647684163
counter/1/0/0/0,31146:1747647677262:,1747647684163
counter/8/0/0/0,36424:1747647678815:,1747647684163
counter/1/0/0/0,31147:1747647677262:,1747647684163
counter/8/0/0/0,36425:1747647678816:,1747647684163
counter/1/0/0/0,31148:1747647677262:,1747647684163
counter/8/0/0/0,36426:1747647678820:,1747647684163
counter/1/0/0/0,31149:1747647677263:,1747647684163
counter/8/0/0/0,36427:1747647678820:,1747647684163
counter/1/0/0/0,31150:1747647677263:,1747647684163
counter/8/0/0/0,36428:1747647678821:,1747647684163
counter/1/0/0/0,31151:1747647677263:,1747647684163
counter/8/0/0/0,36429:1747647678821:,1747647684163
counter/1/0/0/0,31152:1747647677263:,1747647684163
counter/8/0/0/0,36430:1747647678821:,1747647684163
counter/1/0/0/0,31153:1747647677263:,1747647684163
counter/8/0/0/0,36431:1747647678821:,1747647684163
counter/1/0/0/0,31154:1747647677263:,1747647684163
counter/3/0/0/0,28482:1747647673964:,1747647684163
counter/8/0/0/0,36432:1747647678822:,1747647684163
counter/1/0/0/0,31155:1747647677263:,1747647684163
counter/8/0/0/0,36433:1747647678822:,1747647684163
counter/1/0/0/0,31156:1747647677263:,1747647684163
counter/8/0/0/0,36434:1747647678822:,1747647684163
counter/1/0/0/0,31157:1747647677263:,1747647684163
counter/8/0/0/0,36435:1747647678822:,1747647684163
counter/1/0/0/0,31158:1747647677263:,1747647684163
counter/8/0/0/0,36436:1747647678822:,1747647684163
counter/1/0/0/0,31159:1747647677264:,1747647684163
counter/8/0/0/0,36437:1747647678822:,1747647684163
counter/1/0/0/0,31160:1747647677264:,1747647684163
counter/8/0/0/0,36438:1747647678822:,1747647684164
counter/1/0/0/0,31161:1747647677264:,1747647684164
counter/10/0/0/0,28159:1747647671401:,1747647684164
counter/8/0/0/0,36439:1747647678822:,1747647684164
counter/1/0/0/0,31162:1747647677264:,1747647684164
counter/7/0/0/0,34340:1747647678328:,1747647684164
counter/8/0/0/0,36440:1747647678822:,1747647684164
counter/1/0/0/0,31163:1747647677264:,1747647684164
counter/8/0/0/0,36441:1747647678822:,1747647684164
counter/1/0/0/0,31164:1747647677264:,1747647684164
counter/8/0/0/0,36442:1747647678822:,1747647684164
counter/1/0/0/0,31165:1747647677264:,1747647684164
counter/8/0/0/0,36443:1747647678822:,1747647684164
counter/1/0/0/0,31166:1747647677264:,1747647684164
counter/8/0/0/0,36444:1747647678822:,1747647684164
counter/1/0/0/0,31167:1747647677264:,1747647684164
counter/8/0/0/0,36445:1747647678822:,1747647684164
counter/1/0/0/0,31168:1747647677264:,1747647684164
counter/8/0/0/0,36446:1747647678822:,1747647684164
counter/1/0/0/0,31169:1747647677264:,1747647684164
counter/8/0/0/0,36447:1747647678822:,1747647684164
counter/1/0/0/0,31170:1747647677264:,1747647684164
counter/8/0/0/0,36448:1747647678822:,1747647684164
counter/1/0/0/0,31171:1747647677264:,1747647684164
counter/8/0/0/0,36449:1747647678822:,1747647684164
counter/1/0/0/0,31172:1747647677264:,1747647684164
counter/3/0/0/0,28483:1747647673964:,1747647684164
counter/8/0/0/0,36450:1747647678826:,1747647684164
counter/1/0/0/0,31173:1747647677265:,1747647684164
counter/5/0/0/0,35876:1747647678479:,1747647684164
counter/10/0/0/0,28160:1747647671402:,1747647684164
counter/8/0/0/0,36451:1747647678826:,1747647684164
counter/1/0/0/0,31174:1747647677266:,1747647684164
counter/8/0/0/0,36452:1747647678826:,1747647684164
counter/1/0/0/0,31175:1747647677266:,1747647684164
counter/8/0/0/0,36453:1747647678826:,1747647684164
counter/1/0/0/0,31176:1747647677266:,1747647684165
counter/8/0/0/0,36454:1747647678826:,1747647684165
counter/1/0/0/0,31177:1747647677266:,1747647684165
counter/8/0/0/0,36455:1747647678826:,1747647684165
counter/1/0/0/0,31178:1747647677270:,1747647684165
counter/8/0/0/0,36456:1747647678826:,1747647684165
counter/1/0/0/0,31179:1747647677271:,1747647684165
counter/8/0/0/0,36457:1747647678826:,1747647684165
counter/1/0/0/0,31180:1747647677271:,1747647684165
counter/8/0/0/0,36458:1747647678826:,1747647684165
counter/1/0/0/0,31181:1747647677271:,1747647684165
counter/8/0/0/0,36459:1747647678826:,1747647684165
counter/1/0/0/0,31182:1747647677271:,1747647684165
counter/8/0/0/0,36460:1747647678828:,1747647684165
counter/1/0/0/0,31183:1747647677271:,1747647684165
counter/8/0/0/0,36461:1747647678828:,1747647684165
counter/1/0/0/0,31184:1747647677271:,1747647684165
counter/8/0/0/0,36462:1747647678828:,1747647684165
counter/1/0/0/0,31185:1747647677272:,1747647684165
counter/8/0/0/0,36463:1747647678828:,1747647684165
counter/1/0/0/0,31186:1747647677272:,1747647684165
counter/8/0/0/0,36464:1747647678828:,1747647684165
counter/1/0/0/0,31187:1747647677272:,1747647684165
counter/8/0/0/0,36465:1747647678829:,1747647684165
counter/1/0/0/0,31188:1747647677272:,1747647684165
counter/8/0/0/0,36466:1747647678829:,1747647684165
counter/1/0/0/0,31189:1747647677272:,1747647684165
counter/8/0/0/0,36467:1747647678829:,1747647684165
counter/1/0/0/0,31190:1747647677272:,1747647684165
counter/8/0/0/0,36468:1747647678829:,1747647684165
counter/1/0/0/0,31191:1747647677272:,1747647684165
counter/8/0/0/0,36469:1747647678829:,1747647684165
counter/1/0/0/0,31192:1747647677272:,1747647684165
counter/8/0/0/0,36470:1747647678829:,1747647684166
counter/1/0/0/0,31193:1747647677273:,1747647684166
counter/8/0/0/0,36471:1747647678829:,1747647684166
counter/1/0/0/0,31194:1747647677273:,1747647684166
counter/8/0/0/0,36472:1747647678829:,1747647684166
counter/1/0/0/0,31195:1747647677273:,1747647684166
counter/3/0/0/0,28484:1747647673964:,1747647684166
counter/8/0/0/0,36473:1747647678829:,1747647684166
counter/1/0/0/0,31196:1747647677285:,1747647684166
counter/7/0/0/0,34341:1747647678328:,1747647684166
counter/8/0/0/0,36474:1747647678829:,1747647684166
counter/1/0/0/0,31197:1747647677285:,1747647684166
counter/5/0/0/0,35877:1747647678479:,1747647684166
counter/10/0/0/0,28161:1747647671402:,1747647684166
counter/8/0/0/0,36475:1747647678829:,1747647684166
counter/1/0/0/0,31198:1747647677285:,1747647684166
counter/8/0/0/0,36476:1747647678829:,1747647684166
counter/1/0/0/0,31199:1747647677285:,1747647684166
counter/8/0/0/0,36477:1747647678829:,1747647684166
counter/1/0/0/0,31200:1747647677285:,1747647684166
counter/8/0/0/0,36478:1747647678829:,1747647684166
counter/1/0/0/0,31201:1747647677285:,1747647684166
counter/8/0/0/0,36479:1747647678829:,1747647684166
counter/1/0/0/0,31202:1747647677285:,1747647684166
counter/8/0/0/0,36480:1747647678829:,1747647684166
counter/1/0/0/0,31203:1747647677285:,1747647684166
counter/8/0/0/0,36481:1747647678829:,1747647684166
counter/1/0/0/0,31204:1747647677285:,1747647684166
counter/7/0/0/0,34342:1747647678328:,1747647684166
counter/8/0/0/0,36482:1747647678829:,1747647684166
counter/1/0/0/0,31205:1747647677285:,1747647684166
counter/5/0/0/0,35878:1747647678479:,1747647684166
counter/8/0/0/0,36483:1747647678829:,1747647684166
counter/1/0/0/0,31206:1747647677285:,1747647684166
counter/3/0/0/0,28485:1747647673964:,1747647684166
counter/8/0/0/0,36484:1747647678830:,1747647684166
counter/1/0/0/0,31207:1747647677285:,1747647684167
counter/8/0/0/0,36485:1747647678830:,1747647684167
counter/1/0/0/0,31208:1747647677285:,1747647684167
counter/8/0/0/0,36486:1747647678830:,1747647684167
counter/1/0/0/0,31209:1747647677285:,1747647684167
counter/5/0/0/0,35879:1747647678493:,1747647684167
counter/8/0/0/0,36487:1747647678830:,1747647684167
counter/1/0/0/0,31210:1747647677285:,1747647684167
counter/8/0/0/0,36488:1747647678839:,1747647684167
counter/1/0/0/0,31211:1747647677285:,1747647684167
counter/8/0/0/0,36489:1747647678839:,1747647684167
counter/1/0/0/0,31212:1747647677285:,1747647684167
counter/8/0/0/0,36490:1747647678839:,1747647684167
counter/1/0/0/0,31213:1747647677287:,1747647684167
counter/8/0/0/0,36491:1747647678839:,1747647684167
counter/1/0/0/0,31214:1747647677287:,1747647684167
counter/8/0/0/0,36492:1747647678839:,1747647684167
counter/1/0/0/0,31215:1747647677288:,1747647684167
counter/8/0/0/0,36493:1747647678839:,1747647684167
counter/1/0/0/0,31216:1747647677288:,1747647684167
counter/8/0/0/0,36494:1747647678839:,1747647684167
counter/1/0/0/0,31217:1747647677288:,1747647684167
counter/8/0/0/0,36495:1747647678840:,1747647684167
counter/1/0/0/0,31218:1747647677288:,1747647684167
counter/10/0/0/0,28162:1747647671402:,1747647684167
counter/8/0/0/0,36496:1747647678840:,1747647684167
counter/1/0/0/0,31219:1747647677288:,1747647684167
counter/7/0/0/0,34343:1747647678328:,1747647684167
counter/8/0/0/0,36497:1747647678840:,1747647684167
counter/1/0/0/0,31220:1747647677288:,1747647684167
counter/8/0/0/0,36498:1747647678840:,1747647684167
counter/1/0/0/0,31221:1747647677288:,1747647684167
counter/8/0/0/0,36499:1747647678840:,1747647684167
counter/1/0/0/0,31222:1747647677288:,1747647684167
counter/8/0/0/0,36500:1747647678840:,1747647684167
counter/1/0/0/0,31223:1747647677288:,1747647684167
counter/8/0/0/0,36501:1747647678840:,1747647684168
counter/1/0/0/0,31224:1747647677288:,1747647684168
counter/8/0/0/0,36502:1747647678840:,1747647684168
counter/1/0/0/0,31225:1747647677288:,1747647684168
counter/8/0/0/0,36503:1747647678840:,1747647684168
counter/1/0/0/0,31226:1747647677288:,1747647684168
counter/8/0/0/0,36504:1747647678840:,1747647684168
counter/1/0/0/0,31227:1747647677288:,1747647684168
counter/8/0/0/0,36505:1747647678840:,1747647684168
counter/1/0/0/0,31228:1747647677289:,1747647684168
counter/8/0/0/0,36506:1747647678840:,1747647684168
counter/1/0/0/0,31229:1747647677289:,1747647684168
counter/8/0/0/0,36507:1747647678853:,1747647684168
counter/1/0/0/0,31230:1747647677289:,1747647684168
counter/5/0/0/0,35880:1747647678502:,1747647684168
counter/8/0/0/0,36508:1747647678863:,1747647684168
counter/1/0/0/0,31231:1747647677289:,1747647684168
counter/4/0/0/0,30348:1747647674871:,1747647684168
counter/8/0/0/0,36509:1747647678863:,1747647684168
counter/1/0/0/0,31232:1747647677289:,1747647684168
counter/4/0/0/0,30349:1747647674871:,1747647684168
counter/8/0/0/0,36510:1747647678863:,1747647684168
counter/1/0/0/0,31233:1747647677289:,1747647684168
counter/4/0/0/0,30350:1747647674871:,1747647684168
counter/8/0/0/0,36511:1747647678863:,1747647684168
counter/1/0/0/0,31234:1747647677289:,1747647684168
counter/4/0/0/0,30351:1747647674871:,1747647684168
counter/8/0/0/0,36512:1747647678863:,1747647684168
counter/1/0/0/0,31235:1747647677289:,1747647684168
counter/4/0/0/0,30352:1747647674871:,1747647684168
counter/8/0/0/0,36513:1747647678863:,1747647684168
counter/1/0/0/0,31236:1747647677289:,1747647684168
counter/4/0/0/0,30353:1747647674879:,1747647684168
counter/8/0/0/0,36514:1747647678863:,1747647684169
counter/1/0/0/0,31237:1747647677289:,1747647684169
counter/4/0/0/0,30354:1747647674879:,1747647684169
counter/8/0/0/0,36515:1747647678863:,1747647684169
counter/1/0/0/0,31238:1747647677289:,1747647684169
counter/4/0/0/0,30355:1747647674879:,1747647684169
counter/8/0/0/0,36516:1747647678863:,1747647684169
counter/1/0/0/0,31239:1747647677289:,1747647684169
counter/4/0/0/0,30356:1747647674879:,1747647684169
counter/8/0/0/0,36517:1747647678863:,1747647684169
counter/1/0/0/0,31240:1747647677290:,1747647684169
counter/4/0/0/0,30357:1747647674879:,1747647684169
counter/8/0/0/0,36518:1747647678863:,1747647684169
counter/1/0/0/0,31241:1747647677290:,1747647684169
counter/4/0/0/0,30358:1747647674879:,1747647684169
counter/8/0/0/0,36519:1747647678863:,1747647684169
counter/1/0/0/0,31242:1747647677292:,1747647684169
counter/4/0/0/0,30359:1747647674879:,1747647684169
counter/8/0/0/0,36520:1747647678863:,1747647684169
counter/1/0/0/0,31243:1747647677292:,1747647684169
counter/4/0/0/0,30360:1747647674879:,1747647684169
counter/8/0/0/0,36521:1747647678863:,1747647684169
counter/1/0/0/0,31244:1747647677293:,1747647684169
counter/4/0/0/0,30361:1747647674879:,1747647684169
counter/8/0/0/0,36522:1747647678878:,1747647684169
counter/1/0/0/0,31245:1747647677293:,1747647684169
counter/4/0/0/0,30362:1747647674879:,1747647684169
counter/8/0/0/0,36523:1747647678878:,1747647684169
counter/1/0/0/0,31246:1747647677293:,1747647684169
counter/4/0/0/0,30363:1747647674879:,1747647684169
counter/8/0/0/0,36524:1747647678879:,1747647684169
counter/1/0/0/0,31247:1747647677293:,1747647684169
counter/4/0/0/0,30364:1747647674884:,1747647684169
counter/8/0/0/0,36525:1747647678879:,1747647684169
counter/1/0/0/0,31248:1747647677293:,1747647684169
counter/4/0/0/0,30365:1747647674885:,1747647684170
counter/3/0/0/0,28486:1747647673972:,1747647684170
counter/8/0/0/0,36526:1747647678879:,1747647684170
counter/1/0/0/0,31249:1747647677293:,1747647684170
counter/4/0/0/0,30366:1747647674885:,1747647684170
counter/5/0/0/0,35881:1747647678508:,1747647684170
counter/8/0/0/0,36527:1747647678879:,1747647684170
counter/1/0/0/0,31250:1747647677293:,1747647684170
counter/4/0/0/0,30367:1747647674885:,1747647684170
counter/5/0/0/0,35882:1747647678508:,1747647684170
counter/8/0/0/0,36528:1747647678879:,1747647684170
counter/1/0/0/0,31251:1747647677293:,1747647684170
counter/4/0/0/0,30368:1747647674885:,1747647684170
counter/5/0/0/0,35883:1747647678508:,1747647684170
counter/8/0/0/0,36529:1747647678884:,1747647684170
counter/1/0/0/0,31252:1747647677301:,1747647684170
counter/4/0/0/0,30369:1747647674885:,1747647684170
counter/5/0/0/0,35884:1747647678508:,1747647684170
counter/8/0/0/0,36530:1747647678884:,1747647684170
counter/1/0/0/0,31253:1747647677301:,1747647684170
counter/4/0/0/0,30370:1747647674885:,1747647684170
counter/5/0/0/0,35885:1747647678508:,1747647684170
counter/8/0/0/0,36531:1747647678884:,1747647684170
counter/1/0/0/0,31254:1747647677301:,1747647684170
counter/4/0/0/0,30371:1747647674900:,1747647684170
counter/5/0/0/0,35886:1747647678508:,1747647684170
counter/8/0/0/0,36532:1747647678884:,1747647684170
counter/1/0/0/0,31255:1747647677301:,1747647684170
counter/4/0/0/0,30372:1747647674900:,1747647684170
counter/5/0/0/0,35887:1747647678508:,1747647684170
counter/8/0/0/0,36533:1747647678885:,1747647684170
counter/1/0/0/0,31256:1747647677301:,1747647684170
counter/4/0/0/0,30373:1747647674900:,1747647684170
counter/5/0/0/0,35888:1747647678508:,1747647684171
counter/10/0/0/0,28163:1747647671402:,1747647684171
counter/8/0/0/0,36534:1747647678885:,1747647684171
counter/1/0/0/0,31257:1747647677301:,1747647684171
counter/4/0/0/0,30374:1747647674900:,1747647684171
counter/5/0/0/0,35889:1747647678508:,1747647684171
counter/8/0/0/0,36535:1747647678885:,1747647684171
counter/1/0/0/0,31258:1747647677301:,1747647684171
counter/4/0/0/0,30375:1747647674900:,1747647684171
counter/5/0/0/0,35890:1747647678508:,1747647684171
counter/8/0/0/0,36536:1747647678885:,1747647684171
counter/1/0/0/0,31259:1747647677301:,1747647684171
counter/4/0/0/0,30376:1747647674900:,1747647684171
counter/5/0/0/0,35891:1747647678508:,1747647684171
counter/8/0/0/0,36537:1747647678885:,1747647684171
counter/1/0/0/0,31260:1747647677301:,1747647684171
counter/4/0/0/0,30377:1747647674900:,1747647684171
counter/5/0/0/0,35892:1747647678508:,1747647684171
counter/8/0/0/0,36538:1747647678885:,1747647684171
counter/1/0/0/0,31261:1747647677301:,1747647684171
counter/4/0/0/0,30378:1747647674900:,1747647684171
counter/5/0/0/0,35893:1747647678508:,1747647684171
counter/8/0/0/0,36539:1747647678885:,1747647684171
counter/1/0/0/0,31262:1747647677301:,1747647684171
counter/4/0/0/0,30379:1747647674900:,1747647684171
counter/5/0/0/0,35894:1747647678509:,1747647684171
counter/8/0/0/0,36540:1747647678885:,1747647684171
counter/1/0/0/0,31263:1747647677301:,1747647684171
counter/4/0/0/0,30380:1747647674900:,1747647684171
counter/5/0/0/0,35895:1747647678509:,1747647684171
counter/8/0/0/0,36541:1747647678885:,1747647684171
counter/1/0/0/0,31264:1747647677301:,1747647684171
counter/4/0/0/0,30381:1747647674900:,1747647684171
counter/5/0/0/0,35896:1747647678509:,1747647684171
counter/8/0/0/0,36542:1747647678885:,1747647684171
counter/1/0/0/0,31265:1747647677301:,1747647684171
counter/4/0/0/0,30382:1747647674900:,1747647684172
counter/5/0/0/0,35897:1747647678509:,1747647684172
counter/8/0/0/0,36543:1747647678885:,1747647684172
counter/1/0/0/0,31266:1747647677301:,1747647684172
counter/4/0/0/0,30383:1747647674905:,1747647684172
counter/8/0/0/0,36544:1747647678885:,1747647684172
counter/1/0/0/0,31267:1747647677306:,1747647684172
counter/4/0/0/0,30384:1747647674905:,1747647684172
counter/8/0/0/0,36545:1747647678885:,1747647684172
counter/1/0/0/0,31268:1747647677306:,1747647684172
counter/4/0/0/0,30385:1747647674905:,1747647684172
counter/8/0/0/0,36546:1747647678892:,1747647684172
counter/1/0/0/0,31269:1747647677306:,1747647684172
counter/4/0/0/0,30386:1747647674905:,1747647684172
counter/8/0/0/0,36547:1747647678893:,1747647684172
counter/1/0/0/0,31270:1747647677306:,1747647684172
counter/4/0/0/0,30387:1747647674906:,1747647684172
counter/8/0/0/0,36548:1747647678893:,1747647684172
counter/1/0/0/0,31271:1747647677306:,1747647684172
counter/4/0/0/0,30388:1747647674908:,1747647684172
counter/8/0/0/0,36549:1747647678893:,1747647684172
counter/1/0/0/0,31272:1747647677306:,1747647684172
counter/4/0/0/0,30389:1747647674908:,1747647684172
counter/8/0/0/0,36550:1747647678893:,1747647684172
counter/1/0/0/0,31273:1747647677306:,1747647684172
counter/4/0/0/0,30390:1747647674908:,1747647684172
counter/8/0/0/0,36551:1747647678893:,1747647684172
counter/1/0/0/0,31274:1747647677306:,1747647684172
counter/4/0/0/0,30391:1747647674908:,1747647684172
counter/8/0/0/0,36552:1747647678893:,1747647684172
counter/1/0/0/0,31275:1747647677306:,1747647684172
counter/4/0/0/0,30392:1747647674909:,1747647684172
counter/8/0/0/0,36553:1747647678900:,1747647684172
counter/1/0/0/0,31276:1747647677306:,1747647684172
counter/4/0/0/0,30393:1747647674909:,1747647684172
counter/8/0/0/0,36554:1747647678900:,1747647684172
counter/1/0/0/0,31277:1747647677307:,1747647684173
counter/4/0/0/0,30394:1747647674909:,1747647684173
counter/8/0/0/0,36555:1747647678900:,1747647684173
counter/1/0/0/0,31278:1747647677307:,1747647684173
counter/4/0/0/0,30395:1747647674909:,1747647684173
counter/8/0/0/0,36556:1747647678900:,1747647684173
counter/1/0/0/0,31279:1747647677307:,1747647684173
counter/4/0/0/0,30396:1747647674909:,1747647684173
counter/8/0/0/0,36557:1747647678900:,1747647684173
counter/1/0/0/0,31280:1747647677307:,1747647684173
counter/4/0/0/0,30397:1747647674909:,1747647684173
counter/10/0/0/0,28164:1747647671402:,1747647684173
counter/8/0/0/0,36558:1747647678900:,1747647684173
counter/1/0/0/0,31281:1747647677307:,1747647684173
counter/5/0/0/0,35898:1747647678509:,1747647684173
counter/3/0/0/0,28487:1747647673972:,1747647684173
counter/8/0/0/0,36559:1747647678900:,1747647684173
counter/1/0/0/0,31282:1747647677307:,1747647684173
counter/8/0/0/0,36560:1747647678900:,1747647684173
counter/1/0/0/0,31283:1747647677315:,1747647684173
counter/8/0/0/0,36561:1747647678900:,1747647684173
counter/1/0/0/0,31284:1747647677315:,1747647684173
counter/8/0/0/0,36562:1747647678901:,1747647684173
counter/1/0/0/0,31285:1747647677321:,1747647684173
counter/5/0/0/0,35899:1747647678509:,1747647684173
counter/8/0/0/0,36563:1747647678901:,1747647684173
counter/1/0/0/0,31286:1747647677321:,1747647684173
counter/8/0/0/0,36564:1747647678901:,1747647684173
counter/1/0/0/0,31287:1747647677321:,1747647684173
counter/8/0/0/0,36565:1747647678901:,1747647684173
counter/1/0/0/0,31288:1747647677321:,1747647684173
counter/8/0/0/0,36566:1747647678901:,1747647684173
counter/1/0/0/0,31289:1747647677327:,1747647684174
counter/8/0/0/0,36567:1747647678901:,1747647684174
counter/1/0/0/0,31290:1747647677327:,1747647684174
counter/8/0/0/0,36568:1747647678901:,1747647684174
counter/1/0/0/0,31291:1747647677327:,1747647684174
counter/8/0/0/0,36569:1747647678901:,1747647684174
counter/1/0/0/0,31292:1747647677327:,1747647684174
counter/8/0/0/0,36570:1747647678903:,1747647684174
counter/1/0/0/0,31293:1747647677327:,1747647684174
counter/8/0/0/0,36571:1747647678903:,1747647684174
counter/1/0/0/0,31294:1747647677327:,1747647684174
counter/8/0/0/0,36572:1747647678905:,1747647684174
counter/1/0/0/0,31295:1747647677327:,1747647684174
counter/8/0/0/0,36573:1747647678906:,1747647684174
counter/1/0/0/0,31296:1747647677327:,1747647684174
counter/8/0/0/0,36574:1747647678906:,1747647684174
counter/1/0/0/0,31297:1747647677327:,1747647684174
counter/8/0/0/0,36575:1747647678906:,1747647684174
counter/1/0/0/0,31298:1747647677327:,1747647684174
counter/5/0/0/0,35900:1747647678509:,1747647684174
counter/8/0/0/0,36576:1747647678906:,1747647684174
counter/1/0/0/0,31299:1747647677327:,1747647684174
counter/4/0/0/0,30398:1747647674911:,1747647684174
counter/8/0/0/0,36577:1747647678906:,1747647684174
counter/1/0/0/0,31300:1747647677327:,1747647684174
counter/7/0/0/0,34344:1747647678328:,1747647684174
counter/10/0/0/0,28165:1747647671402:,1747647684174
counter/8/0/0/0,36578:1747647678906:,1747647684174
counter/1/0/0/0,31301:1747647677327:,1747647684174
counter/3/0/0/0,28488:1747647673972:,1747647684174
counter/8/0/0/0,36579:1747647678906:,1747647684174
counter/1/0/0/0,31302:1747647677327:,1747647684174
counter/4/0/0/0,30399:1747647674911:,1747647684174
counter/7/0/0/0,34345:1747647678328:,1747647684174
counter/8/0/0/0,36580:1747647678906:,1747647684174
counter/1/0/0/0,31303:1747647677327:,1747647684174
counter/10/0/0/0,28166:1747647671403:,1747647684174
counter/3/0/0/0,28489:1747647673972:,1747647684175
counter/8/0/0/0,36581:1747647678908:,1747647684175
counter/1/0/0/0,31304:1747647677328:,1747647684175
counter/3/0/0/0,28490:1747647673972:,1747647684175
counter/8/0/0/0,36582:1747647678908:,1747647684175
counter/1/0/0/0,31305:1747647677336:,1747647684175
counter/3/0/0/0,28491:1747647673972:,1747647684175
counter/8/0/0/0,36583:1747647678908:,1747647684175
counter/1/0/0/0,31306:1747647677336:,1747647684175
counter/3/0/0/0,28492:1747647673972:,1747647684175
counter/4/0/0/0,30400:1747647674912:,1747647684175
counter/8/0/0/0,36584:1747647678908:,1747647684175
counter/1/0/0/0,31307:1747647677336:,1747647684175
counter/3/0/0/0,28493:1747647673972:,1747647684175
counter/4/0/0/0,30401:1747647674912:,1747647684175
counter/8/0/0/0,36585:1747647678918:,1747647684175
counter/1/0/0/0,31308:1747647677336:,1747647684175
counter/3/0/0/0,28494:1747647673973:,1747647684175
counter/4/0/0/0,30402:1747647674912:,1747647684175
counter/8/0/0/0,36586:1747647678918:,1747647684175
counter/1/0/0/0,31309:1747647677336:,1747647684175
counter/3/0/0/0,28495:1747647673973:,1747647684175
counter/4/0/0/0,30403:1747647674912:,1747647684175
counter/8/0/0/0,36587:1747647678918:,1747647684175
counter/1/0/0/0,31310:1747647677337:,1747647684175
counter/3/0/0/0,28496:1747647673973:,1747647684175
counter/4/0/0/0,30404:1747647674912:,1747647684175
counter/8/0/0/0,36588:1747647678918:,1747647684175
counter/1/0/0/0,31311:1747647677337:,1747647684175
counter/3/0/0/0,28497:1747647673974:,1747647684175
counter/4/0/0/0,30405:1747647674912:,1747647684175
counter/10/0/0/0,28167:1747647671407:,1747647684175
counter/8/0/0/0,36589:1747647678918:,1747647684175
counter/1/0/0/0,31312:1747647677337:,1747647684175
counter/3/0/0/0,28498:1747647673974:,1747647684175
counter/4/0/0/0,30406:1747647674912:,1747647684176
counter/10/0/0/0,28168:1747647671407:,1747647684176
counter/8/0/0/0,36590:1747647678918:,1747647684176
counter/1/0/0/0,31313:1747647677337:,1747647684176
counter/3/0/0/0,28499:1747647673974:,1747647684176
counter/4/0/0/0,30407:1747647674912:,1747647684176
counter/10/0/0/0,28169:1747647671407:,1747647684176
counter/8/0/0/0,36591:1747647678921:,1747647684176
counter/1/0/0/0,31314:1747647677337:,1747647684176
counter/3/0/0/0,28500:1747647673974:,1747647684176
counter/4/0/0/0,30408:1747647674912:,1747647684176
counter/10/0/0/0,28170:1747647671407:,1747647684176
counter/8/0/0/0,36592:1747647678921:,1747647684176
counter/1/0/0/0,31315:1747647677339:,1747647684176
counter/3/0/0/0,28501:1747647673974:,1747647684176
counter/4/0/0/0,30409:1747647674919:,1747647684176
counter/8/0/0/0,36593:1747647678921:,1747647684176
counter/1/0/0/0,31316:1747647677341:,1747647684176
counter/3/0/0/0,28502:1747647673974:,1747647684176
counter/4/0/0/0,30410:1747647674919:,1747647684176
counter/10/0/0/0,28171:1747647671407:,1747647684176
counter/7/0/0/0,34346:1747647678328:,1747647684176
counter/8/0/0/0,36594:1747647678921:,1747647684176
counter/1/0/0/0,31317:1747647677341:,1747647684176
counter/3/0/0/0,28503:1747647673974:,1747647684176
counter/4/0/0/0,30411:1747647674919:,1747647684176
counter/8/0/0/0,36595:1747647678921:,1747647684176
counter/1/0/0/0,31318:1747647677341:,1747647684176
counter/3/0/0/0,28504:1747647673974:,1747647684176
counter/4/0/0/0,30412:1747647674919:,1747647684176
counter/8/0/0/0,36596:1747647678921:,1747647684176
counter/1/0/0/0,31319:1747647677341:,1747647684176
counter/3/0/0/0,28505:1747647673982:,1747647684176
counter/4/0/0/0,30413:1747647674919:,1747647684176
counter/8/0/0/0,36597:1747647678921:,1747647684177
counter/1/0/0/0,31320:1747647677341:,1747647684177
counter/3/0/0/0,28506:1747647673982:,1747647684177
counter/4/0/0/0,30414:1747647674919:,1747647684177
counter/8/0/0/0,36598:1747647678926:,1747647684177
counter/1/0/0/0,31321:1747647677341:,1747647684177
counter/3/0/0/0,28507:1747647673982:,1747647684177
counter/4/0/0/0,30415:1747647674919:,1747647684177
counter/8/0/0/0,36599:1747647678926:,1747647684177
counter/1/0/0/0,31322:1747647677341:,1747647684177
counter/3/0/0/0,28508:1747647673982:,1747647684177
counter/4/0/0/0,30416:1747647674919:,1747647684177
counter/5/0/0/0,35901:1747647678509:,1747647684177
counter/7/0/0/0,34347:1747647678328:,1747647684177
counter/8/0/0/0,36600:1747647678926:,1747647684177
counter/1/0/0/0,31323:1747647677349:,1747647684177
counter/3/0/0/0,28509:1747647673982:,1747647684177
counter/4/0/0/0,30417:1747647674919:,1747647684177
counter/8/0/0/0,36601:1747647678926:,1747647684177
counter/1/0/0/0,31324:1747647677350:,1747647684177
counter/3/0/0/0,28510:1747647673982:,1747647684177
counter/4/0/0/0,30418:1747647674919:,1747647684177
counter/8/0/0/0,36602:1747647678926:,1747647684177
counter/1/0/0/0,31325:1747647677350:,1747647684177
counter/3/0/0/0,28511:1747647673982:,1747647684177
counter/4/0/0/0,30419:1747647674919:,1747647684177
counter/8/0/0/0,36603:1747647678927:,1747647684177
counter/1/0/0/0,31326:1747647677350:,1747647684177
counter/3/0/0/0,28512:1747647673982:,1747647684177
counter/4/0/0/0,30420:1747647674923:,1747647684177
counter/8/0/0/0,36604:1747647678935:,1747647684177
counter/1/0/0/0,31327:1747647677350:,1747647684177
counter/3/0/0/0,28513:1747647673982:,1747647684177
counter/4/0/0/0,30421:1747647674923:,1747647684177
counter/7/0/0/0,34348:1747647678336:,1747647684178
counter/5/0/0/0,35902:1747647678511:,1747647684178
counter/8/0/0/0,36605:1747647678935:,1747647684178
counter/1/0/0/0,31328:1747647677350:,1747647684178
counter/4/0/0/0,30422:1747647674923:,1747647684178
counter/8/0/0/0,36606:1747647678936:,1747647684178
counter/1/0/0/0,31329:1747647677350:,1747647684178
counter/4/0/0/0,30423:1747647674923:,1747647684178
counter/8/0/0/0,36607:1747647678936:,1747647684178
counter/1/0/0/0,31330:1747647677350:,1747647684178
counter/4/0/0/0,30424:1747647674923:,1747647684178
counter/8/0/0/0,36608:1747647678936:,1747647684178
counter/1/0/0/0,31331:1747647677350:,1747647684178
counter/4/0/0/0,30425:1747647674923:,1747647684178
counter/8/0/0/0,36609:1747647678936:,1747647684178
counter/1/0/0/0,31332:1747647677350:,1747647684178
counter/4/0/0/0,30426:1747647674923:,1747647684178
counter/8/0/0/0,36610:1747647678936:,1747647684178
counter/1/0/0/0,31333:1747647677350:,1747647684178
counter/4/0/0/0,30427:1747647674923:,1747647684178
counter/8/0/0/0,36611:1747647678936:,1747647684178
counter/1/0/0/0,31334:1747647677350:,1747647684178
counter/4/0/0/0,30428:1747647674925:,1747647684178
counter/8/0/0/0,36612:1747647678936:,1747647684178
counter/1/0/0/0,31335:1747647677364:,1747647684178
counter/4/0/0/0,30429:1747647674925:,1747647684178
counter/8/0/0/0,36613:1747647678936:,1747647684178
counter/1/0/0/0,31336:1747647677365:,1747647684178
counter/4/0/0/0,30430:1747647674925:,1747647684178
counter/8/0/0/0,36614:1747647678936:,1747647684178
counter/1/0/0/0,31337:1747647677365:,1747647684178
counter/4/0/0/0,30431:1747647674925:,1747647684178
counter/8/0/0/0,36615:1747647678936:,1747647684178
counter/1/0/0/0,31338:1747647677365:,1747647684178
counter/4/0/0/0,30432:1747647674925:,1747647684178
counter/8/0/0/0,36616:1747647678936:,1747647684179
counter/1/0/0/0,31339:1747647677365:,1747647684179
counter/4/0/0/0,30433:1747647674925:,1747647684179
counter/8/0/0/0,36617:1747647678936:,1747647684179
counter/1/0/0/0,31340:1747647677365:,1747647684179
counter/4/0/0/0,30434:1747647674925:,1747647684179
counter/8/0/0/0,36618:1747647678937:,1747647684179
counter/1/0/0/0,31341:1747647677365:,1747647684179
counter/4/0/0/0,30435:1747647674925:,1747647684179
counter/8/0/0/0,36619:1747647678937:,1747647684179
counter/1/0/0/0,31342:1747647677365:,1747647684179
counter/4/0/0/0,30436:1747647674926:,1747647684179
counter/8/0/0/0,36620:1747647678947:,1747647684179
counter/1/0/0/0,31343:1747647677365:,1747647684179
counter/4/0/0/0,30437:1747647674926:,1747647684179
counter/8/0/0/0,36621:1747647678947:,1747647684179
counter/1/0/0/0,31344:1747647677365:,1747647684179
counter/4/0/0/0,30438:1747647674926:,1747647684179
counter/8/0/0/0,36622:1747647678947:,1747647684179
counter/1/0/0/0,31345:1747647677365:,1747647684179
counter/4/0/0/0,30439:1747647674931:,1747647684179
counter/8/0/0/0,36623:1747647678947:,1747647684179
counter/1/0/0/0,31346:1747647677365:,1747647684179
counter/4/0/0/0,30440:1747647674932:,1747647684179
counter/5/0/0/0,35903:1747647678511:,1747647684179
counter/3/0/0/0,28514:1747647673982:,1747647684179
counter/8/0/0/0,36624:1747647678947:,1747647684179
counter/1/0/0/0,31347:1747647677365:,1747647684179
counter/4/0/0/0,30441:1747647674932:,1747647684179
counter/10/0/0/0,28172:1747647671407:,1747647684179
counter/8/0/0/0,36625:1747647678947:,1747647684179
counter/1/0/0/0,31348:1747647677365:,1747647684179
counter/4/0/0/0,30442:1747647674932:,1747647684180
counter/10/0/0/0,28173:1747647671407:,1747647684180
counter/7/0/0/0,34349:1747647678336:,1747647684180
counter/5/0/0/0,35904:1747647678511:,1747647684180
counter/3/0/0/0,28515:1747647673982:,1747647684180
counter/8/0/0/0,36626:1747647678947:,1747647684180
counter/1/0/0/0,31349:1747647677365:,1747647684180
counter/4/0/0/0,30443:1747647674932:,1747647684180
counter/8/0/0/0,36627:1747647678947:,1747647684180
counter/1/0/0/0,31350:1747647677368:,1747647684180
counter/4/0/0/0,30444:1747647674932:,1747647684180
counter/8/0/0/0,36628:1747647678947:,1747647684180
counter/1/0/0/0,31351:1747647677368:,1747647684180
counter/4/0/0/0,30445:1747647674932:,1747647684180
counter/8/0/0/0,36629:1747647678947:,1747647684180
counter/1/0/0/0,31352:1747647677368:,1747647684180
counter/4/0/0/0,30446:1747647674932:,1747647684180
counter/8/0/0/0,36630:1747647678947:,1747647684180
counter/1/0/0/0,31353:1747647677368:,1747647684180
counter/4/0/0/0,30447:1747647674936:,1747647684180
counter/8/0/0/0,36631:1747647678948:,1747647684180
counter/1/0/0/0,31354:1747647677368:,1747647684180
counter/4/0/0/0,30448:1747647674936:,1747647684180
counter/8/0/0/0,36632:1747647678948:,1747647684180
counter/1/0/0/0,31355:1747647677368:,1747647684180
counter/4/0/0/0,30449:1747647674936:,1747647684180
counter/8/0/0/0,36633:1747647678948:,1747647684180
counter/1/0/0/0,31356:1747647677368:,1747647684180
counter/4/0/0/0,30450:1747647674936:,1747647684180
counter/5/0/0/0,35905:1747647678512:,1747647684180
counter/8/0/0/0,36634:1747647678948:,1747647684180
counter/1/0/0/0,31357:1747647677368:,1747647684180
counter/4/0/0/0,30451:1747647674936:,1747647684180
counter/3/0/0/0,28516:1747647673982:,1747647684180
counter/8/0/0/0,36635:1747647678948:,1747647684180
counter/1/0/0/0,31358:1747647677368:,1747647684180
counter/4/0/0/0,30452:1747647674944:,1747647684180
counter/8/0/0/0,36636:1747647678949:,1747647684181
counter/1/0/0/0,31359:1747647677368:,1747647684181
counter/4/0/0/0,30453:1747647674944:,1747647684181
counter/8/0/0/0,36637:1747647678956:,1747647684181
counter/1/0/0/0,31360:1747647677368:,1747647684181
counter/4/0/0/0,30454:1747647674944:,1747647684181
counter/8/0/0/0,36638:1747647678956:,1747647684181
counter/1/0/0/0,31361:1747647677368:,1747647684181
counter/4/0/0/0,30455:1747647674944:,1747647684181
counter/8/0/0/0,36639:1747647678959:,1747647684181
counter/1/0/0/0,31362:1747647677369:,1747647684181
counter/4/0/0/0,30456:1747647674945:,1747647684181
counter/8/0/0/0,36640:1747647678960:,1747647684181
counter/1/0/0/0,31363:1747647677369:,1747647684181
counter/4/0/0/0,30457:1747647674945:,1747647684181
counter/8/0/0/0,36641:1747647678960:,1747647684181
counter/1/0/0/0,31364:1747647677369:,1747647684181
counter/4/0/0/0,30458:1747647674945:,1747647684181
counter/10/0/0/0,28174:1747647671407:,1747647684181
counter/8/0/0/0,36642:1747647678960:,1747647684181
counter/1/0/0/0,31365:1747647677369:,1747647684181
counter/4/0/0/0,30459:1747647674945:,1747647684181
counter/5/0/0/0,35906:1747647678512:,1747647684181
counter/8/0/0/0,36643:1747647678960:,1747647684181
counter/1/0/0/0,31366:1747647677369:,1747647684181
counter/4/0/0/0,30460:1747647674945:,1747647684181
counter/5/0/0/0,35907:1747647678514:,1747647684181
counter/7/0/0/0,34350:1747647678336:,1747647684181
counter/8/0/0/0,36644:1747647678961:,1747647684181
counter/1/0/0/0,31367:1747647677369:,1747647684181
counter/4/0/0/0,30461:1747647674948:,1747647684181
counter/5/0/0/0,35908:1747647678514:,1747647684181
counter/10/0/0/0,28175:1747647671407:,1747647684181
counter/3/0/0/0,28517:1747647673982:,1747647684181
counter/8/0/0/0,36645:1747647678961:,1747647684181
counter/1/0/0/0,31368:1747647677369:,1747647684182
counter/4/0/0/0,30462:1747647674948:,1747647684182
counter/5/0/0/0,35909:1747647678514:,1747647684182
counter/8/0/0/0,36646:1747647678961:,1747647684182
counter/1/0/0/0,31369:1747647677370:,1747647684182
counter/4/0/0/0,30463:1747647674948:,1747647684182
counter/5/0/0/0,35910:1747647678514:,1747647684182
counter/8/0/0/0,36647:1747647678961:,1747647684182
counter/1/0/0/0,31370:1747647677370:,1747647684182
counter/4/0/0/0,30464:1747647674948:,1747647684182
counter/8/0/0/0,36648:1747647678961:,1747647684182
counter/1/0/0/0,31371:1747647677370:,1747647684182
counter/4/0/0/0,30465:1747647674952:,1747647684182
counter/5/0/0/0,35911:1747647678514:,1747647684182
counter/3/0/0/0,28518:1747647673982:,1747647684182
counter/8/0/0/0,36649:1747647678961:,1747647684182
counter/1/0/0/0,31372:1747647677370:,1747647684182
counter/4/0/0/0,30466:1747647674952:,1747647684182
counter/5/0/0/0,35912:1747647678514:,1747647684182
counter/7/0/0/0,34351:1747647678336:,1747647684182
counter/10/0/0/0,28176:1747647671408:,1747647684182
counter/8/0/0/0,36650:1747647678961:,1747647684182
counter/1/0/0/0,31373:1747647677370:,1747647684182
counter/4/0/0/0,30467:1747647674952:,1747647684182
counter/5/0/0/0,35913:1747647678514:,1747647684182
counter/8/0/0/0,36651:1747647678961:,1747647684182
counter/1/0/0/0,31374:1747647677370:,1747647684182
counter/4/0/0/0,30468:1747647674952:,1747647684182
counter/5/0/0/0,35914:1747647678514:,1747647684182
counter/8/0/0/0,36652:1747647678961:,1747647684182
counter/1/0/0/0,31375:1747647677370:,1747647684182
counter/4/0/0/0,30469:1747647674952:,1747647684182
counter/5/0/0/0,35915:1747647678514:,1747647684182
counter/8/0/0/0,36653:1747647678961:,1747647684183
counter/1/0/0/0,31376:1747647677370:,1747647684183
counter/4/0/0/0,30470:1747647674952:,1747647684183
counter/5/0/0/0,35916:1747647678514:,1747647684183
counter/8/0/0/0,36654:1747647678961:,1747647684183
counter/1/0/0/0,31377:1747647677370:,1747647684183
counter/4/0/0/0,30471:1747647674952:,1747647684183
counter/5/0/0/0,35917:1747647678514:,1747647684183
counter/8/0/0/0,36655:1747647678961:,1747647684183
counter/1/0/0/0,31378:1747647677370:,1747647684183
counter/4/0/0/0,30472:1747647674952:,1747647684183
counter/5/0/0/0,35918:1747647678514:,1747647684183
counter/10/0/0/0,28177:1747647671408:,1747647684183
counter/8/0/0/0,36656:1747647678974:,1747647684183
counter/1/0/0/0,31379:1747647677375:,1747647684183
counter/4/0/0/0,30473:1747647674952:,1747647684183
counter/5/0/0/0,35919:1747647678519:,1747647684183
counter/10/0/0/0,28178:1747647671408:,1747647684183
counter/8/0/0/0,36657:1747647678974:,1747647684183
counter/1/0/0/0,31380:1747647677376:,1747647684183
counter/4/0/0/0,30474:1747647674952:,1747647684183
counter/5/0/0/0,35920:1747647678519:,1747647684183
counter/10/0/0/0,28179:1747647671408:,1747647684183
counter/8/0/0/0,36658:1747647678974:,1747647684183
counter/1/0/0/0,31381:1747647677376:,1747647684183
counter/4/0/0/0,30475:1747647674952:,1747647684183
counter/5/0/0/0,35921:1747647678519:,1747647684183
counter/10/0/0/0,28180:1747647671408:,1747647684183
counter/8/0/0/0,36659:1747647678974:,1747647684183
counter/1/0/0/0,31382:1747647677376:,1747647684183
counter/4/0/0/0,30476:1747647674952:,1747647684183
counter/5/0/0/0,35922:1747647678519:,1747647684183
counter/10/0/0/0,28181:1747647671408:,1747647684183
counter/8/0/0/0,36660:1747647678974:,1747647684183
counter/1/0/0/0,31383:1747647677376:,1747647684184
counter/4/0/0/0,30477:1747647674952:,1747647684184
counter/5/0/0/0,35923:1747647678519:,1747647684184
counter/10/0/0/0,28182:1747647671408:,1747647684184
counter/8/0/0/0,36661:1747647678974:,1747647684184
counter/1/0/0/0,31384:1747647677376:,1747647684184
counter/4/0/0/0,30478:1747647674959:,1747647684184
counter/5/0/0/0,35924:1747647678519:,1747647684184
counter/8/0/0/0,36662:1747647678974:,1747647684184
counter/1/0/0/0,31385:1747647677376:,1747647684184
counter/4/0/0/0,30479:1747647674960:,1747647684184
counter/5/0/0/0,35925:1747647678519:,1747647684184
counter/8/0/0/0,36663:1747647678974:,1747647684184
counter/1/0/0/0,31386:1747647677376:,1747647684184
counter/4/0/0/0,30480:1747647674960:,1747647684184
counter/5/0/0/0,35926:1747647678519:,1747647684184
counter/8/0/0/0,36664:1747647678974:,1747647684184
counter/1/0/0/0,31387:1747647677376:,1747647684184
counter/4/0/0/0,30481:1747647674960:,1747647684184
counter/5/0/0/0,35927:1747647678519:,1747647684184
counter/8/0/0/0,36665:1747647678974:,1747647684184
counter/1/0/0/0,31388:1747647677376:,1747647684184
counter/4/0/0/0,30482:1747647674960:,1747647684184
counter/8/0/0/0,36666:1747647678974:,1747647684184
counter/1/0/0/0,31389:1747647677380:,1747647684184
counter/4/0/0/0,30483:1747647674960:,1747647684184
counter/8/0/0/0,36667:1747647678974:,1747647684184
counter/1/0/0/0,31390:1747647677380:,1747647684184
counter/4/0/0/0,30484:1747647674960:,1747647684184
counter/8/0/0/0,36668:1747647678978:,1747647684184
counter/1/0/0/0,31391:1747647677380:,1747647684184
counter/4/0/0/0,30485:1747647674960:,1747647684184
counter/8/0/0/0,36669:1747647678978:,1747647684184
counter/1/0/0/0,31392:1747647677380:,1747647684184
counter/4/0/0/0,30486:1747647674960:,1747647684184
counter/8/0/0/0,36670:1747647678978:,1747647684185
counter/1/0/0/0,31393:1747647677380:,1747647684185
counter/4/0/0/0,30487:1747647674960:,1747647684185
counter/10/0/0/0,28183:1747647671409:,1747647684185
counter/8/0/0/0,36671:1747647678978:,1747647684185
counter/1/0/0/0,31394:1747647677380:,1747647684185
counter/4/0/0/0,30488:1747647674965:,1747647684185
counter/8/0/0/0,36672:1747647678980:,1747647684185
counter/1/0/0/0,31395:1747647677380:,1747647684185
counter/4/0/0/0,30489:1747647674965:,1747647684185
counter/8/0/0/0,36673:1747647678980:,1747647684185
counter/1/0/0/0,31396:1747647677381:,1747647684185
counter/4/0/0/0,30490:1747647674965:,1747647684185
counter/8/0/0/0,36674:1747647678980:,1747647684185
counter/1/0/0/0,31397:1747647677381:,1747647684185
counter/4/0/0/0,30491:1747647674965:,1747647684185
counter/10/0/0/0,28184:1747647671419:,1747647684185
counter/8/0/0/0,36675:1747647678980:,1747647684185
counter/1/0/0/0,31398:1747647677381:,1747647684185
counter/4/0/0/0,30492:1747647674965:,1747647684185
counter/8/0/0/0,36676:1747647678980:,1747647684185
counter/1/0/0/0,31399:1747647677381:,1747647684185
counter/4/0/0/0,30493:1747647674965:,1747647684185
counter/8/0/0/0,36677:1747647678980:,1747647684185
counter/1/0/0/0,31400:1747647677381:,1747647684185
counter/4/0/0/0,30494:1747647674965:,1747647684185
counter/8/0/0/0,36678:1747647678980:,1747647684185
counter/1/0/0/0,31401:1747647677381:,1747647684185
counter/4/0/0/0,30495:1747647674965:,1747647684185
counter/8/0/0/0,36679:1747647678980:,1747647684185
counter/1/0/0/0,31402:1747647677381:,1747647684185
counter/4/0/0/0,30496:1747647674965:,1747647684185
counter/8/0/0/0,36680:1747647678980:,1747647684185
counter/1/0/0/0,31403:1747647677388:,1747647684186
counter/4/0/0/0,30497:1747647674965:,1747647684186
counter/8/0/0/0,36681:1747647678980:,1747647684186
counter/1/0/0/0,31404:1747647677388:,1747647684186
counter/4/0/0/0,30498:1747647674965:,1747647684186
counter/8/0/0/0,36682:1747647678980:,1747647684186
counter/1/0/0/0,31405:1747647677388:,1747647684186
counter/4/0/0/0,30499:1747647674965:,1747647684186
counter/8/0/0/0,36683:1747647678980:,1747647684186
counter/1/0/0/0,31406:1747647677388:,1747647684186
counter/4/0/0/0,30500:1747647674965:,1747647684186
counter/8/0/0/0,36684:1747647678980:,1747647684186
counter/1/0/0/0,31407:1747647677399:,1747647684186
counter/4/0/0/0,30501:1747647674965:,1747647684186
counter/8/0/0/0,36685:1747647678980:,1747647684186
counter/1/0/0/0,31408:1747647677399:,1747647684186
counter/4/0/0/0,30502:1747647674965:,1747647684186
counter/8/0/0/0,36686:1747647678986:,1747647684186
counter/1/0/0/0,31409:1747647677400:,1747647684186
counter/4/0/0/0,30503:1747647674965:,1747647684186
counter/8/0/0/0,36687:1747647678986:,1747647684186
counter/1/0/0/0,31410:1747647677400:,1747647684186
counter/4/0/0/0,30504:1747647674965:,1747647684186
counter/8/0/0/0,36688:1747647678986:,1747647684186
counter/1/0/0/0,31411:1747647677400:,1747647684186
counter/4/0/0/0,30505:1747647674968:,1747647684186
counter/7/0/0/0,34352:1747647678336:,1747647684186
counter/8/0/0/0,36689:1747647678986:,1747647684186
counter/1/0/0/0,31412:1747647677400:,1747647684186
counter/4/0/0/0,30506:1747647674968:,1747647684186
counter/8/0/0/0,36690:1747647678986:,1747647684186
counter/1/0/0/0,31413:1747647677400:,1747647684186
counter/4/0/0/0,30507:1747647674968:,1747647684186
counter/8/0/0/0,36691:1747647678986:,1747647684186
counter/1/0/0/0,31414:1747647677400:,1747647684186
counter/4/0/0/0,30508:1747647674968:,1747647684186
counter/8/0/0/0,36692:1747647678986:,1747647684187
counter/1/0/0/0,31415:1747647677400:,1747647684187
counter/4/0/0/0,30509:1747647674968:,1747647684187
counter/3/0/0/0,28519:1747647673982:,1747647684187
counter/8/0/0/0,36693:1747647678986:,1747647684187
counter/1/0/0/0,31416:1747647677400:,1747647684187
counter/4/0/0/0,30510:1747647674968:,1747647684187
counter/10/0/0/0,28185:1747647671444:,1747647684187
counter/5/0/0/0,35928:1747647678521:,1747647684187
counter/8/0/0/0,36694:1747647678986:,1747647684187
counter/1/0/0/0,31417:1747647677400:,1747647684187
counter/4/0/0/0,30511:1747647674968:,1747647684187
counter/8/0/0/0,36695:1747647678986:,1747647684187
counter/1/0/0/0,31418:1747647677400:,1747647684187
counter/4/0/0/0,30512:1747647674968:,1747647684187
counter/8/0/0/0,36696:1747647678987:,1747647684187
counter/1/0/0/0,31419:1747647677400:,1747647684187
counter/4/0/0/0,30513:1747647674968:,1747647684187
counter/5/0/0/0,35929:1747647678521:,1747647684187
counter/8/0/0/0,36697:1747647678987:,1747647684187
counter/1/0/0/0,31420:1747647677400:,1747647684187
counter/4/0/0/0,30514:1747647674968:,1747647684187
counter/8/0/0/0,36698:1747647679006:,1747647684187
counter/1/0/0/0,31421:1747647677400:,1747647684187
counter/4/0/0/0,30515:1747647674968:,1747647684187
counter/8/0/0/0,36699:1747647679006:,1747647684187
counter/1/0/0/0,31422:1747647677400:,1747647684187
counter/4/0/0/0,30516:1747647674968:,1747647684187
counter/8/0/0/0,36700:1747647679006:,1747647684187
counter/1/0/0/0,31423:1747647677400:,1747647684187
counter/4/0/0/0,30517:1747647674969:,1747647684187
counter/8/0/0/0,36701:1747647679006:,1747647684187
counter/1/0/0/0,31424:1747647677400:,1747647684187
counter/4/0/0/0,30518:1747647674970:,1747647684187
counter/8/0/0/0,36702:1747647679006:,1747647684188
counter/1/0/0/0,31425:1747647677400:,1747647684188
counter/4/0/0/0,30519:1747647674970:,1747647684188
counter/8/0/0/0,36703:1747647679006:,1747647684188
counter/1/0/0/0,31426:1747647677404:,1747647684188
counter/4/0/0/0,30520:1747647674970:,1747647684188
counter/8/0/0/0,36704:1747647679006:,1747647684188
counter/1/0/0/0,31427:1747647677404:,1747647684188
counter/4/0/0/0,30521:1747647674970:,1747647684188
counter/10/0/0/0,28186:1747647671445:,1747647684188
counter/8/0/0/0,36705:1747647679006:,1747647684188
counter/1/0/0/0,31428:1747647677404:,1747647684188
counter/4/0/0/0,30522:1747647674970:,1747647684188
counter/8/0/0/0,36706:1747647679006:,1747647684188
counter/1/0/0/0,31429:1747647677404:,1747647684188
counter/4/0/0/0,30523:1747647674970:,1747647684188
counter/8/0/0/0,36707:1747647679006:,1747647684188
counter/1/0/0/0,31430:1747647677404:,1747647684188
counter/4/0/0/0,30524:1747647674975:,1747647684188
counter/8/0/0/0,36708:1747647679006:,1747647684188
counter/1/0/0/0,31431:1747647677404:,1747647684188
counter/4/0/0/0,30525:1747647674975:,1747647684188
counter/5/0/0/0,35930:1747647678521:,1747647684188
counter/8/0/0/0,36709:1747647679006:,1747647684188
counter/1/0/0/0,31432:1747647677404:,1747647684188
counter/4/0/0/0,30526:1747647674975:,1747647684188
counter/7/0/0/0,34353:1747647678336:,1747647684188
counter/8/0/0/0,36710:1747647679006:,1747647684188
counter/1/0/0/0,31433:1747647677404:,1747647684188
counter/4/0/0/0,30527:1747647674976:,1747647684188
counter/3/0/0/0,28520:1747647673982:,1747647684188
counter/8/0/0/0,36711:1747647679006:,1747647684188
counter/1/0/0/0,31434:1747647677405:,1747647684188
counter/4/0/0/0,30528:1747647674976:,1747647684189
counter/8/0/0/0,36712:1747647679006:,1747647684189
counter/1/0/0/0,31435:1747647677405:,1747647684189
counter/4/0/0/0,30529:1747647674976:,1747647684189
counter/8/0/0/0,36713:1747647679006:,1747647684189
counter/1/0/0/0,31436:1747647677405:,1747647684189
counter/4/0/0/0,30530:1747647674976:,1747647684189
counter/8/0/0/0,36714:1747647679006:,1747647684189
counter/1/0/0/0,31437:1747647677405:,1747647684189
counter/4/0/0/0,30531:1747647674979:,1747647684189
counter/8/0/0/0,36715:1747647679006:,1747647684189
counter/1/0/0/0,31438:1747647677405:,1747647684189
counter/4/0/0/0,30532:1747647674979:,1747647684189
counter/8/0/0/0,36716:1747647679006:,1747647684189
counter/1/0/0/0,31439:1747647677405:,1747647684189
counter/4/0/0/0,30533:1747647674979:,1747647684189
counter/7/0/0/0,34354:1747647678336:,1747647684189
counter/8/0/0/0,36717:1747647679007:,1747647684189
counter/1/0/0/0,31440:1747647677405:,1747647684189
counter/4/0/0/0,30534:1747647674979:,1747647684189
counter/7/0/0/0,34355:1747647678336:,1747647684189
counter/8/0/0/0,36718:1747647679015:,1747647684189
counter/1/0/0/0,31441:1747647677405:,1747647684189
counter/4/0/0/0,30535:1747647674980:,1747647684189
counter/7/0/0/0,34356:1747647678336:,1747647684189
counter/8/0/0/0,36719:1747647679015:,1747647684189
counter/1/0/0/0,31442:1747647677405:,1747647684189
counter/4/0/0/0,30536:1747647674980:,1747647684189
counter/7/0/0/0,34357:1747647678336:,1747647684189
counter/8/0/0/0,36720:1747647679031:,1747647684189
counter/1/0/0/0,31443:1747647677431:,1747647684189
counter/4/0/0/0,30537:1747647674980:,1747647684189
counter/8/0/0/0,36721:1747647679031:,1747647684189
counter/1/0/0/0,31444:1747647677444:,1747647684189
counter/4/0/0/0,30538:1747647674980:,1747647684190
counter/7/0/0/0,34358:1747647678336:,1747647684190
counter/8/0/0/0,36722:1747647679031:,1747647684190
counter/1/0/0/0,31445:1747647677444:,1747647684190
counter/4/0/0/0,30539:1747647674980:,1747647684190
counter/8/0/0/0,36723:1747647679031:,1747647684190
counter/1/0/0/0,31446:1747647677444:,1747647684190
counter/4/0/0/0,30540:1747647674980:,1747647684190
counter/8/0/0/0,36724:1747647679031:,1747647684190
counter/1/0/0/0,31447:1747647677444:,1747647684190
counter/4/0/0/0,30541:1747647674980:,1747647684190
counter/8/0/0/0,36725:1747647679031:,1747647684190
counter/1/0/0/0,31448:1747647677444:,1747647684190
counter/4/0/0/0,30542:1747647674980:,1747647684190
counter/5/0/0/0,35931:1747647678521:,1747647684190
counter/8/0/0/0,36726:1747647679031:,1747647684190
counter/1/0/0/0,31449:1747647677444:,1747647684190
counter/4/0/0/0,30543:1747647674980:,1747647684190
counter/3/0/0/0,28521:1747647673983:,1747647684190
counter/8/0/0/0,36727:1747647679031:,1747647684190
counter/1/0/0/0,31450:1747647677444:,1747647684190
counter/4/0/0/0,30544:1747647674980:,1747647684190
counter/8/0/0/0,36728:1747647679031:,1747647684190
counter/1/0/0/0,31451:1747647677450:,1747647684190
counter/4/0/0/0,30545:1747647674981:,1747647684190
counter/5/0/0/0,35932:1747647678521:,1747647684190
counter/8/0/0/0,36729:1747647679031:,1747647684190
counter/1/0/0/0,31452:1747647677455:,1747647684190
counter/4/0/0/0,30546:1747647674981:,1747647684190
counter/3/0/0/0,28522:1747647673983:,1747647684190
counter/7/0/0/0,34359:1747647678336:,1747647684190
counter/8/0/0/0,36730:1747647679031:,1747647684190
counter/1/0/0/0,31453:1747647677456:,1747647684190
counter/4/0/0/0,30547:1747647674981:,1747647684190
counter/10/0/0/0,28187:1747647671445:,1747647684190
counter/8/0/0/0,36731:1747647679037:,1747647684191
counter/1/0/0/0,31454:1747647677456:,1747647684191
counter/4/0/0/0,30548:1747647674981:,1747647684191
counter/8/0/0/0,36732:1747647679038:,1747647684191
counter/1/0/0/0,31455:1747647677456:,1747647684191
counter/4/0/0/0,30549:1747647674981:,1747647684191
counter/8/0/0/0,36733:1747647679038:,1747647684191
counter/1/0/0/0,31456:1747647677456:,1747647684191
counter/4/0/0/0,30550:1747647674981:,1747647684191
counter/5/0/0/0,35933:1747647678522:,1747647684191
counter/8/0/0/0,36734:1747647679063:,1747647684191
counter/1/0/0/0,31457:1747647677456:,1747647684191
counter/4/0/0/0,30551:1747647674981:,1747647684191
counter/8/0/0/0,36735:1747647679063:,1747647684191
counter/1/0/0/0,31458:1747647677456:,1747647684191
counter/4/0/0/0,30552:1747647674981:,1747647684191
counter/5/0/0/0,35934:1747647678522:,1747647684191
counter/8/0/0/0,36736:1747647679063:,1747647684191
counter/1/0/0/0,31459:1747647677456:,1747647684191
counter/4/0/0/0,30553:1747647674981:,1747647684191
counter/3/0/0/0,28523:1747647673983:,1747647684191
counter/7/0/0/0,34360:1747647678336:,1747647684191
counter/8/0/0/0,36737:1747647679063:,1747647684191
counter/1/0/0/0,31460:1747647677456:,1747647684191
counter/4/0/0/0,30554:1747647674981:,1747647684191
counter/10/0/0/0,28188:1747647671445:,1747647684191
counter/8/0/0/0,36738:1747647679063:,1747647684191
counter/1/0/0/0,31461:1747647677458:,1747647684191
counter/4/0/0/0,30555:1747647674981:,1747647684191
counter/8/0/0/0,36739:1747647679063:,1747647684191
counter/1/0/0/0,31462:1747647677458:,1747647684191
counter/4/0/0/0,30556:1747647674981:,1747647684191
counter/8/0/0/0,36740:1747647679063:,1747647684191
counter/1/0/0/0,31463:1747647677458:,1747647684192
counter/4/0/0/0,30557:1747647674981:,1747647684192
counter/8/0/0/0,36741:1747647679063:,1747647684192
counter/1/0/0/0,31464:1747647677467:,1747647684192
counter/4/0/0/0,30558:1747647674981:,1747647684192
counter/8/0/0/0,36742:1747647679063:,1747647684192
counter/1/0/0/0,31465:1747647677467:,1747647684192
counter/4/0/0/0,30559:1747647674981:,1747647684192
counter/8/0/0/0,36743:1747647679063:,1747647684192
counter/1/0/0/0,31466:1747647677467:,1747647684192
counter/4/0/0/0,30560:1747647674981:,1747647684192
counter/8/0/0/0,36744:1747647679063:,1747647684192
counter/1/0/0/0,31467:1747647677467:,1747647684192
counter/4/0/0/0,30561:1747647674981:,1747647684192
counter/8/0/0/0,36745:1747647679063:,1747647684192
counter/1/0/0/0,31468:1747647677467:,1747647684192
counter/4/0/0/0,30562:1747647674982:,1747647684192
counter/8/0/0/0,36746:1747647679063:,1747647684192
counter/1/0/0/0,31469:1747647677467:,1747647684192
counter/4/0/0/0,30563:1747647674982:,1747647684192
counter/5/0/0/0,35935:1747647678523:,1747647684192
counter/8/0/0/0,36747:1747647679063:,1747647684192
counter/1/0/0/0,31470:1747647677467:,1747647684192
counter/4/0/0/0,30564:1747647674982:,1747647684192
counter/8/0/0/0,36748:1747647679063:,1747647684192
counter/1/0/0/0,31471:1747647677474:,1747647684192
counter/4/0/0/0,30565:1747647674982:,1747647684192
counter/8/0/0/0,36749:1747647679063:,1747647684192
counter/1/0/0/0,31472:1747647677474:,1747647684192
counter/4/0/0/0,30566:1747647674982:,1747647684192
counter/8/0/0/0,36750:1747647679063:,1747647684192
counter/1/0/0/0,31473:1747647677474:,1747647684192
counter/4/0/0/0,30567:1747647674982:,1747647684192
counter/8/0/0/0,36751:1747647679063:,1747647684192
counter/1/0/0/0,31474:1747647677474:,1747647684192
counter/4/0/0/0,30568:1747647674982:,1747647684193
counter/10/0/0/0,28189:1747647671445:,1747647684193
counter/8/0/0/0,36752:1747647679067:,1747647684193
counter/1/0/0/0,31475:1747647677474:,1747647684193
counter/4/0/0/0,30569:1747647674982:,1747647684193
counter/3/0/0/0,28524:1747647673985:,1747647684193
counter/7/0/0/0,34361:1747647678336:,1747647684193
counter/8/0/0/0,36753:1747647679067:,1747647684193
counter/1/0/0/0,31476:1747647677474:,1747647684193
counter/4/0/0/0,30570:1747647674982:,1747647684193
counter/5/0/0/0,35936:1747647678523:,1747647684193
counter/8/0/0/0,36754:1747647679067:,1747647684193
counter/1/0/0/0,31477:1747647677474:,1747647684193
counter/4/0/0/0,30571:1747647674985:,1747647684193
counter/8/0/0/0,36755:1747647679067:,1747647684193
counter/1/0/0/0,31478:1747647677474:,1747647684193
counter/4/0/0/0,30572:1747647674985:,1747647684193
counter/10/0/0/0,28190:1747647671445:,1747647684193
counter/8/0/0/0,36756:1747647679067:,1747647684193
counter/1/0/0/0,31479:1747647677474:,1747647684193
counter/4/0/0/0,30573:1747647674985:,1747647684193
counter/8/0/0/0,36757:1747647679067:,1747647684193
counter/1/0/0/0,31480:1747647677475:,1747647684193
counter/4/0/0/0,30574:1747647674985:,1747647684193
counter/5/0/0/0,35937:1747647678538:,1747647684193
counter/8/0/0/0,36758:1747647679067:,1747647684193
counter/1/0/0/0,31481:1747647677475:,1747647684193
counter/4/0/0/0,30575:1747647674985:,1747647684193
counter/5/0/0/0,35938:1747647678538:,1747647684193
counter/8/0/0/0,36759:1747647679076:,1747647684193
counter/1/0/0/0,31482:1747647677475:,1747647684193
counter/4/0/0/0,30576:1747647674985:,1747647684193
counter/5/0/0/0,35939:1747647678538:,1747647684193
counter/8/0/0/0,36760:1747647679076:,1747647684194
counter/1/0/0/0,31483:1747647677475:,1747647684194
counter/4/0/0/0,30577:1747647674986:,1747647684194
counter/5/0/0/0,35940:1747647678538:,1747647684194
counter/8/0/0/0,36761:1747647679076:,1747647684194
counter/1/0/0/0,31484:1747647677475:,1747647684194
counter/4/0/0/0,30578:1747647674986:,1747647684194
counter/5/0/0/0,35941:1747647678538:,1747647684194
counter/8/0/0/0,36762:1747647679076:,1747647684194
counter/1/0/0/0,31485:1747647677475:,1747647684194
counter/4/0/0/0,30579:1747647674986:,1747647684194
counter/5/0/0/0,35942:1747647678538:,1747647684194
counter/7/0/0/0,34362:1747647678336:,1747647684194
counter/3/0/0/0,28525:1747647673985:,1747647684194
counter/8/0/0/0,36763:1747647679076:,1747647684194
counter/1/0/0/0,31486:1747647677475:,1747647684194
counter/4/0/0/0,30580:1747647674986:,1747647684194
counter/5/0/0/0,35943:1747647678538:,1747647684194
counter/8/0/0/0,36764:1747647679076:,1747647684194
counter/1/0/0/0,31487:1747647677475:,1747647684194
counter/4/0/0/0,30581:1747647674986:,1747647684194
counter/5/0/0/0,35944:1747647678538:,1747647684194
counter/8/0/0/0,36765:1747647679076:,1747647684194
counter/1/0/0/0,31488:1747647677475:,1747647684194
counter/4/0/0/0,30582:1747647674991:,1747647684194
counter/5/0/0/0,35945:1747647678538:,1747647684194
counter/8/0/0/0,36766:1747647679076:,1747647684194
counter/1/0/0/0,31489:1747647677475:,1747647684194
counter/4/0/0/0,30583:1747647674991:,1747647684194
counter/5/0/0/0,35946:1747647678538:,1747647684194
counter/10/0/0/0,28191:1747647671446:,1747647684194
counter/8/0/0/0,36767:1747647679076:,1747647684194
counter/1/0/0/0,31490:1747647677475:,1747647684194
counter/4/0/0/0,30584:1747647674991:,1747647684194
counter/5/0/0/0,35947:1747647678538:,1747647684195
counter/8/0/0/0,36768:1747647679078:,1747647684195
counter/1/0/0/0,31491:1747647677475:,1747647684195
counter/4/0/0/0,30585:1747647674991:,1747647684195
counter/5/0/0/0,35948:1747647678538:,1747647684195
counter/8/0/0/0,36769:1747647679078:,1747647684195
counter/1/0/0/0,31492:1747647677475:,1747647684195
counter/4/0/0/0,30586:1747647674991:,1747647684195
counter/5/0/0/0,35949:1747647678539:,1747647684195
counter/8/0/0/0,36770:1747647679078:,1747647684195
counter/1/0/0/0,31493:1747647677475:,1747647684195
counter/4/0/0/0,30587:1747647674991:,1747647684195
counter/5/0/0/0,35950:1747647678539:,1747647684195
counter/8/0/0/0,36771:1747647679079:,1747647684195
counter/1/0/0/0,31494:1747647677475:,1747647684195
counter/4/0/0/0,30588:1747647674992:,1747647684195
counter/5/0/0/0,35951:1747647678539:,1747647684195
counter/8/0/0/0,36772:1747647679079:,1747647684195
counter/1/0/0/0,31495:1747647677475:,1747647684195
counter/4/0/0/0,30589:1747647674992:,1747647684195
counter/5/0/0/0,35952:1747647678539:,1747647684195
counter/8/0/0/0,36773:1747647679079:,1747647684195
counter/1/0/0/0,31496:1747647677475:,1747647684195
counter/4/0/0/0,30590:1747647674992:,1747647684195
counter/5/0/0/0,35953:1747647678539:,1747647684195
counter/8/0/0/0,36774:1747647679079:,1747647684195
counter/1/0/0/0,31497:1747647677475:,1747647684195
counter/4/0/0/0,30591:1747647674992:,1747647684195
counter/5/0/0/0,35954:1747647678539:,1747647684195
counter/8/0/0/0,36775:1747647679079:,1747647684195
counter/1/0/0/0,31498:1747647677475:,1747647684195
counter/4/0/0/0,30592:1747647674992:,1747647684195
counter/5/0/0/0,35955:1747647678539:,1747647684195
counter/8/0/0/0,36776:1747647679079:,1747647684195
counter/1/0/0/0,31499:1747647677476:,1747647684195
counter/4/0/0/0,30593:1747647674992:,1747647684196
counter/5/0/0/0,35956:1747647678539:,1747647684196
counter/8/0/0/0,36777:1747647679079:,1747647684196
counter/1/0/0/0,31500:1747647677476:,1747647684196
counter/4/0/0/0,30594:1747647674992:,1747647684196
counter/5/0/0/0,35957:1747647678545:,1747647684196
counter/8/0/0/0,36778:1747647679081:,1747647684196
counter/1/0/0/0,31501:1747647677476:,1747647684196
counter/4/0/0/0,30595:1747647675003:,1747647684196
counter/5/0/0/0,35958:1747647678545:,1747647684196
counter/8/0/0/0,36779:1747647679081:,1747647684196
counter/1/0/0/0,31502:1747647677476:,1747647684196
counter/4/0/0/0,30596:1747647675003:,1747647684196
counter/5/0/0/0,35959:1747647678545:,1747647684196
counter/8/0/0/0,36780:1747647679081:,1747647684196
counter/1/0/0/0,31503:1747647677481:,1747647684196
counter/4/0/0/0,30597:1747647675003:,1747647684196
counter/5/0/0/0,35960:1747647678545:,1747647684196
counter/8/0/0/0,36781:1747647679081:,1747647684196
counter/1/0/0/0,31504:1747647677488:,1747647684196
counter/4/0/0/0,30598:1747647675003:,1747647684196
counter/5/0/0/0,35961:1747647678545:,1747647684196
counter/8/0/0/0,36782:1747647679081:,1747647684196
counter/1/0/0/0,31505:1747647677488:,1747647684196
counter/4/0/0/0,30599:1747647675003:,1747647684196
counter/5/0/0/0,35962:1747647678545:,1747647684196
counter/8/0/0/0,36783:1747647679081:,1747647684196
counter/1/0/0/0,31506:1747647677488:,1747647684196
counter/4/0/0/0,30600:1747647675003:,1747647684196
counter/5/0/0/0,35963:1747647678546:,1747647684196
counter/8/0/0/0,36784:1747647679081:,1747647684196
counter/1/0/0/0,31507:1747647677488:,1747647684196
counter/4/0/0/0,30601:1747647675005:,1747647684197
counter/5/0/0/0,35964:1747647678546:,1747647684197
counter/8/0/0/0,36785:1747647679081:,1747647684197
counter/1/0/0/0,31508:1747647677488:,1747647684197
counter/4/0/0/0,30602:1747647675005:,1747647684197
counter/5/0/0/0,35965:1747647678546:,1747647684197
counter/7/0/0/0,34363:1747647678336:,1747647684197
counter/8/0/0/0,36786:1747647679081:,1747647684197
counter/1/0/0/0,31509:1747647677488:,1747647684197
counter/4/0/0/0,30603:1747647675005:,1747647684197
counter/5/0/0/0,35966:1747647678546:,1747647684197
counter/8/0/0/0,36787:1747647679081:,1747647684197
counter/1/0/0/0,31510:1747647677488:,1747647684197
counter/4/0/0/0,30604:1747647675005:,1747647684197
counter/5/0/0/0,35967:1747647678546:,1747647684197
counter/8/0/0/0,36788:1747647679081:,1747647684197
counter/1/0/0/0,31511:1747647677488:,1747647684197
counter/4/0/0/0,30605:1747647675005:,1747647684197
counter/5/0/0/0,35968:1747647678546:,1747647684197
counter/8/0/0/0,36789:1747647679081:,1747647684197
counter/1/0/0/0,31512:1747647677488:,1747647684197
counter/4/0/0/0,30606:1747647675005:,1747647684197
counter/5/0/0/0,35969:1747647678546:,1747647684197
counter/8/0/0/0,36790:1747647679081:,1747647684197
counter/1/0/0/0,31513:1747647677488:,1747647684197
counter/4/0/0/0,30607:1747647675005:,1747647684197
counter/5/0/0/0,35970:1747647678555:,1747647684197
counter/7/0/0/0,34364:1747647678336:,1747647684197
counter/8/0/0/0,36791:1747647679081:,1747647684197
counter/1/0/0/0,31514:1747647677488:,1747647684197
counter/4/0/0/0,30608:1747647675005:,1747647684197
counter/5/0/0/0,35971:1747647678560:,1747647684197
counter/8/0/0/0,36792:1747647679084:,1747647684197
counter/1/0/0/0,31515:1747647677488:,1747647684197
counter/4/0/0/0,30609:1747647675005:,1747647684197
counter/5/0/0/0,35972:1747647678560:,1747647684197
counter/8/0/0/0,36793:1747647679084:,1747647684198
counter/1/0/0/0,31516:1747647677488:,1747647684198
counter/4/0/0/0,30610:1747647675005:,1747647684198
counter/5/0/0/0,35973:1747647678560:,1747647684198
counter/8/0/0/0,36794:1747647679084:,1747647684198
counter/1/0/0/0,31517:1747647677499:,1747647684198
counter/4/0/0/0,30611:1747647675005:,1747647684198
counter/5/0/0/0,35974:1747647678560:,1747647684198
counter/8/0/0/0,36795:1747647679085:,1747647684198
counter/1/0/0/0,31518:1747647677500:,1747647684198
counter/4/0/0/0,30612:1747647675005:,1747647684198
counter/5/0/0/0,35975:1747647678560:,1747647684198
counter/8/0/0/0,36796:1747647679085:,1747647684198
counter/1/0/0/0,31519:1747647677500:,1747647684198
counter/4/0/0/0,30613:1747647675005:,1747647684198
counter/5/0/0/0,35976:1747647678560:,1747647684198
counter/8/0/0/0,36797:1747647679085:,1747647684198
counter/1/0/0/0,31520:1747647677500:,1747647684198
counter/4/0/0/0,30614:1747647675005:,1747647684198
counter/5/0/0/0,35977:1747647678560:,1747647684198
counter/8/0/0/0,36798:1747647679085:,1747647684198
counter/1/0/0/0,31521:1747647677500:,1747647684198
counter/4/0/0/0,30615:1747647675005:,1747647684198
counter/5/0/0/0,35978:1747647678561:,1747647684198
counter/10/0/0/0,28192:1747647671454:,1747647684198
counter/8/0/0/0,36799:1747647679085:,1747647684198
counter/1/0/0/0,31522:1747647677500:,1747647684198
counter/4/0/0/0,30616:1747647675005:,1747647684198
counter/5/0/0/0,35979:1747647678561:,1747647684198
counter/8/0/0/0,36800:1747647679085:,1747647684198
counter/1/0/0/0,31523:1747647677500:,1747647684198
counter/4/0/0/0,30617:1747647675005:,1747647684198
counter/5/0/0/0,35980:1747647678561:,1747647684198
counter/8/0/0/0,36801:1747647679085:,1747647684198
counter/1/0/0/0,31524:1747647677500:,1747647684198
counter/4/0/0/0,30618:1747647675005:,1747647684199
counter/5/0/0/0,35981:1747647678561:,1747647684199
counter/8/0/0/0,36802:1747647679085:,1747647684199
counter/1/0/0/0,31525:1747647677515:,1747647684199
counter/4/0/0/0,30619:1747647675005:,1747647684199
counter/5/0/0/0,35982:1747647678561:,1747647684199
counter/8/0/0/0,36803:1747647679085:,1747647684199
counter/1/0/0/0,31526:1747647677515:,1747647684199
counter/4/0/0/0,30620:1747647675010:,1747647684199
counter/5/0/0/0,35983:1747647678561:,1747647684199
counter/7/0/0/0,34365:1747647678336:,1747647684199
counter/8/0/0/0,36804:1747647679085:,1747647684199
counter/1/0/0/0,31527:1747647677529:,1747647684199
counter/4/0/0/0,30621:1747647675010:,1747647684199
counter/5/0/0/0,35984:1747647678561:,1747647684199
counter/8/0/0/0,36805:1747647679085:,1747647684199
counter/1/0/0/0,31528:1747647677530:,1747647684199
counter/4/0/0/0,30622:1747647675010:,1747647684199
counter/5/0/0/0,35985:1747647678561:,1747647684199
counter/10/0/0/0,28193:1747647671454:,1747647684199
counter/8/0/0/0,36806:1747647679085:,1747647684199
counter/1/0/0/0,31529:1747647677558:,1747647684199
counter/4/0/0/0,30623:1747647675010:,1747647684199
counter/5/0/0/0,35986:1747647678575:,1747647684199
counter/8/0/0/0,36807:1747647679085:,1747647684199
counter/1/0/0/0,31530:1747647677558:,1747647684199
counter/4/0/0/0,30624:1747647675010:,1747647684199
counter/5/0/0/0,35987:1747647678575:,1747647684199
counter/8/0/0/0,36808:1747647679085:,1747647684199
counter/1/0/0/0,31531:1747647677558:,1747647684199
counter/4/0/0/0,30625:1747647675010:,1747647684199
counter/5/0/0/0,35988:1747647678575:,1747647684199
counter/8/0/0/0,36809:1747647679085:,1747647684200
counter/1/0/0/0,31532:1747647677558:,1747647684200
counter/4/0/0/0,30626:1747647675010:,1747647684200
counter/5/0/0/0,35989:1747647678575:,1747647684200
counter/8/0/0/0,36810:1747647679085:,1747647684200
counter/1/0/0/0,31533:1747647677558:,1747647684200
counter/4/0/0/0,30627:1747647675010:,1747647684200
counter/5/0/0/0,35990:1747647678575:,1747647684200
counter/8/0/0/0,36811:1747647679085:,1747647684200
counter/1/0/0/0,31534:1747647677558:,1747647684200
counter/4/0/0/0,30628:1747647675010:,1747647684200
counter/5/0/0/0,35991:1747647678575:,1747647684200
counter/8/0/0/0,36812:1747647679085:,1747647684200
counter/1/0/0/0,31535:1747647677558:,1747647684200
counter/4/0/0/0,30629:1747647675010:,1747647684200
counter/5/0/0/0,35992:1747647678575:,1747647684200
counter/8/0/0/0,36813:1747647679085:,1747647684200
counter/1/0/0/0,31536:1747647677558:,1747647684200
counter/4/0/0/0,30630:1747647675010:,1747647684200
counter/5/0/0/0,35993:1747647678575:,1747647684200
counter/8/0/0/0,36814:1747647679085:,1747647684200
counter/1/0/0/0,31537:1747647677558:,1747647684200
counter/4/0/0/0,30631:1747647675010:,1747647684200
counter/5/0/0/0,35994:1747647678575:,1747647684200
counter/3/0/0/0,28526:1747647673985:,1747647684200
counter/8/0/0/0,36815:1747647679085:,1747647684200
counter/1/0/0/0,31538:1747647677558:,1747647684200
counter/4/0/0/0,30632:1747647675010:,1747647684200
counter/5/0/0/0,35995:1747647678575:,1747647684200
counter/10/0/0/0,28194:1747647671454:,1747647684200
counter/8/0/0/0,36816:1747647679085:,1747647684200
counter/1/0/0/0,31539:1747647677558:,1747647684200
counter/4/0/0/0,30633:1747647675010:,1747647684200
counter/5/0/0/0,35996:1747647678575:,1747647684200
counter/8/0/0/0,36817:1747647679085:,1747647684200
counter/1/0/0/0,31540:1747647677558:,1747647684200
counter/4/0/0/0,30634:1747647675010:,1747647684201
counter/5/0/0/0,35997:1747647678575:,1747647684201
counter/8/0/0/0,36818:1747647679085:,1747647684201
counter/1/0/0/0,31541:1747647677558:,1747647684201
counter/4/0/0/0,30635:1747647675010:,1747647684201
counter/5/0/0/0,35998:1747647678575:,1747647684201
counter/8/0/0/0,36819:1747647679085:,1747647684201
counter/1/0/0/0,31542:1747647677558:,1747647684201
counter/4/0/0/0,30636:1747647675011:,1747647684201
counter/5/0/0/0,35999:1747647678575:,1747647684201
counter/8/0/0/0,36820:1747647679085:,1747647684201
counter/1/0/0/0,31543:1747647677583:,1747647684201
counter/4/0/0/0,30637:1747647675011:,1747647684201
counter/5/0/0/0,36000:1747647678576:,1747647684201
counter/8/0/0/0,36821:1747647679085:,1747647684201
counter/1/0/0/0,31544:1747647677583:,1747647684201
counter/4/0/0/0,30638:1747647675011:,1747647684201
counter/5/0/0/0,36001:1747647678576:,1747647684201
counter/8/0/0/0,36822:1747647679085:,1747647684201
counter/1/0/0/0,31545:1747647677583:,1747647684201
counter/4/0/0/0,30639:1747647675011:,1747647684201
counter/5/0/0/0,36002:1747647678576:,1747647684201
counter/3/0/0/0,28527:1747647673985:,1747647684201
counter/8/0/0/0,36823:1747647679086:,1747647684201
counter/1/0/0/0,31546:1747647677583:,1747647684201
counter/4/0/0/0,30640:1747647675011:,1747647684201
counter/5/0/0/0,36003:1747647678576:,1747647684201
counter/8/0/0/0,36824:1747647679086:,1747647684201
counter/1/0/0/0,31547:1747647677583:,1747647684201
counter/4/0/0/0,30641:1747647675011:,1747647684201
counter/5/0/0/0,36004:1747647678576:,1747647684201
counter/7/0/0/0,34366:1747647678336:,1747647684201
counter/3/0/0/0,28528:1747647674002:,1747647684201
counter/8/0/0/0,36825:1747647679087:,1747647684202
counter/1/0/0/0,31548:1747647677583:,1747647684202
counter/4/0/0/0,30642:1747647675011:,1747647684202
counter/5/0/0/0,36005:1747647678576:,1747647684202
counter/10/0/0/0,28195:1747647671454:,1747647684202
counter/8/0/0/0,36826:1747647679087:,1747647684202
counter/1/0/0/0,31549:1747647677583:,1747647684202
counter/4/0/0/0,30643:1747647675011:,1747647684202
counter/5/0/0/0,36006:1747647678576:,1747647684202
counter/8/0/0/0,36827:1747647679087:,1747647684202
counter/1/0/0/0,31550:1747647677583:,1747647684202
counter/4/0/0/0,30644:1747647675011:,1747647684202
counter/5/0/0/0,36007:1747647678576:,1747647684202
counter/8/0/0/0,36828:1747647679087:,1747647684202
counter/1/0/0/0,31551:1747647677583:,1747647684202
counter/4/0/0/0,30645:1747647675011:,1747647684202
counter/5/0/0/0,36008:1747647678576:,1747647684202
counter/8/0/0/0,36829:1747647679087:,1747647684202
counter/1/0/0/0,31552:1747647677583:,1747647684202
counter/4/0/0/0,30646:1747647675011:,1747647684202
counter/5/0/0/0,36009:1747647678582:,1747647684202
counter/8/0/0/0,36830:1747647679087:,1747647684202
counter/1/0/0/0,31553:1747647677583:,1747647684202
counter/4/0/0/0,30647:1747647675011:,1747647684202
counter/5/0/0/0,36010:1747647678582:,1747647684202
counter/8/0/0/0,36831:1747647679087:,1747647684202
counter/1/0/0/0,31554:1747647677583:,1747647684202
counter/4/0/0/0,30648:1747647675011:,1747647684202
counter/5/0/0/0,36011:1747647678582:,1747647684202
counter/8/0/0/0,36832:1747647679087:,1747647684202
counter/1/0/0/0,31555:1747647677583:,1747647684202
counter/4/0/0/0,30649:1747647675011:,1747647684203
counter/5/0/0/0,36012:1747647678582:,1747647684203
counter/8/0/0/0,36833:1747647679087:,1747647684203
counter/1/0/0/0,31556:1747647677583:,1747647684203
counter/4/0/0/0,30650:1747647675011:,1747647684203
counter/5/0/0/0,36013:1747647678582:,1747647684203
counter/8/0/0/0,36834:1747647679087:,1747647684203
counter/1/0/0/0,31557:1747647677583:,1747647684203
counter/4/0/0/0,30651:1747647675011:,1747647684203
counter/5/0/0/0,36014:1747647678582:,1747647684203
counter/8/0/0/0,36835:1747647679087:,1747647684203
counter/1/0/0/0,31558:1747647677583:,1747647684203
counter/4/0/0/0,30652:1747647675011:,1747647684203
counter/5/0/0/0,36015:1747647678582:,1747647684203
counter/8/0/0/0,36836:1747647679087:,1747647684203
counter/1/0/0/0,31559:1747647677583:,1747647684203
counter/4/0/0/0,30653:1747647675011:,1747647684203
counter/5/0/0/0,36016:1747647678582:,1747647684203
counter/8/0/0/0,36837:1747647679087:,1747647684203
counter/1/0/0/0,31560:1747647677583:,1747647684203
counter/4/0/0/0,30654:1747647675011:,1747647684203
counter/5/0/0/0,36017:1747647678582:,1747647684203
counter/8/0/0/0,36838:1747647679087:,1747647684203
counter/1/0/0/0,31561:1747647677583:,1747647684203
counter/4/0/0/0,30655:1747647675011:,1747647684203
counter/5/0/0/0,36018:1747647678582:,1747647684203
counter/10/0/0/0,28196:1747647671454:,1747647684203
counter/8/0/0/0,36839:1747647679103:,1747647684203
counter/1/0/0/0,31562:1747647677583:,1747647684203
counter/4/0/0/0,30656:1747647675011:,1747647684203
counter/5/0/0/0,36019:1747647678582:,1747647684203
counter/8/0/0/0,36840:1747647679104:,1747647684203
counter/1/0/0/0,31563:1747647677585:,1747647684203
counter/4/0/0/0,30657:1747647675012:,1747647684204
counter/5/0/0/0,36020:1747647678583:,1747647684204
counter/7/0/0/0,34367:1747647678337:,1747647684204
counter/8/0/0/0,36841:1747647679104:,1747647684204
counter/1/0/0/0,31564:1747647677585:,1747647684204
counter/4/0/0/0,30658:1747647675012:,1747647684204
counter/5/0/0/0,36021:1747647678583:,1747647684204
counter/8/0/0/0,36842:1747647679104:,1747647684204
counter/1/0/0/0,31565:1747647677585:,1747647684204
counter/4/0/0/0,30659:1747647675012:,1747647684204
counter/5/0/0/0,36022:1747647678583:,1747647684204
counter/8/0/0/0,36843:1747647679104:,1747647684204
counter/1/0/0/0,31566:1747647677585:,1747647684204
counter/4/0/0/0,30660:1747647675012:,1747647684204
counter/5/0/0/0,36023:1747647678583:,1747647684204
counter/8/0/0/0,36844:1747647679104:,1747647684204
counter/1/0/0/0,31567:1747647677585:,1747647684204
counter/4/0/0/0,30661:1747647675012:,1747647684204
counter/5/0/0/0,36024:1747647678588:,1747647684204
counter/8/0/0/0,36845:1747647679104:,1747647684204
counter/1/0/0/0,31568:1747647677585:,1747647684204
counter/4/0/0/0,30662:1747647675012:,1747647684204
counter/5/0/0/0,36025:1747647678588:,1747647684204
counter/8/0/0/0,36846:1747647679104:,1747647684204
counter/1/0/0/0,31569:1747647677585:,1747647684204
counter/4/0/0/0,30663:1747647675012:,1747647684204
counter/5/0/0/0,36026:1747647678588:,1747647684204
counter/8/0/0/0,36847:1747647679104:,1747647684204
counter/1/0/0/0,31570:1747647677585:,1747647684204
counter/4/0/0/0,30664:1747647675012:,1747647684204
counter/5/0/0/0,36027:1747647678589:,1747647684204
counter/8/0/0/0,36848:1747647679104:,1747647684204
counter/1/0/0/0,31571:1747647677585:,1747647684204
counter/4/0/0/0,30665:1747647675012:,1747647684204
counter/5/0/0/0,36028:1747647678589:,1747647684204
counter/3/0/0/0,28529:1747647674002:,1747647684204
counter/8/0/0/0,36849:1747647679104:,1747647684205
counter/1/0/0/0,31572:1747647677588:,1747647684205
counter/4/0/0/0,30666:1747647675012:,1747647684205
counter/5/0/0/0,36029:1747647678589:,1747647684205
counter/7/0/0/0,34368:1747647678337:,1747647684205
counter/10/0/0/0,28197:1747647671460:,1747647684205
counter/8/0/0/0,36850:1747647679104:,1747647684205
counter/1/0/0/0,31573:1747647677588:,1747647684205
counter/4/0/0/0,30667:1747647675012:,1747647684205
counter/7/0/0/0,34369:1747647678337:,1747647684205
counter/3/0/0/0,28530:1747647674002:,1747647684205
counter/8/0/0/0,36851:1747647679120:,1747647684205
counter/1/0/0/0,31574:1747647677588:,1747647684205
counter/4/0/0/0,30668:1747647675012:,1747647684205
counter/8/0/0/0,36852:1747647679120:,1747647684205
counter/1/0/0/0,31575:1747647677588:,1747647684205
counter/4/0/0/0,30669:1747647675012:,1747647684205
counter/3/0/0/0,28531:1747647674002:,1747647684205
counter/8/0/0/0,36853:1747647679120:,1747647684205
counter/1/0/0/0,31576:1747647677588:,1747647684205
counter/4/0/0/0,30670:1747647675012:,1747647684205
counter/10/0/0/0,28198:1747647671460:,1747647684205
counter/8/0/0/0,36854:1747647679121:,1747647684205
counter/1/0/0/0,31577:1747647677588:,1747647684205
counter/4/0/0/0,30671:1747647675012:,1747647684205
counter/8/0/0/0,36855:1747647679121:,1747647684205
counter/1/0/0/0,31578:1747647677588:,1747647684205
counter/4/0/0/0,30672:1747647675012:,1747647684205
counter/8/0/0/0,36856:1747647679121:,1747647684205
counter/1/0/0/0,31579:1747647677589:,1747647684205
counter/4/0/0/0,30673:1747647675012:,1747647684205
counter/8/0/0/0,36857:1747647679121:,1747647684206
counter/1/0/0/0,31580:1747647677589:,1747647684206
counter/4/0/0/0,30674:1747647675014:,1747647684206
counter/8/0/0/0,36858:1747647679121:,1747647684206
counter/1/0/0/0,31581:1747647677589:,1747647684206
counter/4/0/0/0,30675:1747647675014:,1747647684206
counter/8/0/0/0,36859:1747647679121:,1747647684206
counter/1/0/0/0,31582:1747647677589:,1747647684206
counter/4/0/0/0,30676:1747647675028:,1747647684206
counter/8/0/0/0,36860:1747647679121:,1747647684206
counter/1/0/0/0,31583:1747647677589:,1747647684206
counter/4/0/0/0,30677:1747647675028:,1747647684206
counter/8/0/0/0,36861:1747647679121:,1747647684206
counter/1/0/0/0,31584:1747647677589:,1747647684206
counter/4/0/0/0,30678:1747647675028:,1747647684206
counter/8/0/0/0,36862:1747647679121:,1747647684206
counter/1/0/0/0,31585:1747647677591:,1747647684206
counter/4/0/0/0,30679:1747647675028:,1747647684206
counter/3/0/0/0,28532:1747647674015:,1747647684206
counter/10/0/0/0,28199:1747647671460:,1747647684206
counter/8/0/0/0,36863:1747647679121:,1747647684206
counter/1/0/0/0,31586:1747647677591:,1747647684206
counter/4/0/0/0,30680:1747647675028:,1747647684206
counter/7/0/0/0,34370:1747647678337:,1747647684206
counter/8/0/0/0,36864:1747647679121:,1747647684206
counter/1/0/0/0,31587:1747647677591:,1747647684206
counter/4/0/0/0,30681:1747647675028:,1747647684206
counter/8/0/0/0,36865:1747647679121:,1747647684206
counter/1/0/0/0,31588:1747647677591:,1747647684206
counter/4/0/0/0,30682:1747647675028:,1747647684206
counter/8/0/0/0,36866:1747647679121:,1747647684206
counter/1/0/0/0,31589:1747647677591:,1747647684206
counter/4/0/0/0,30683:1747647675028:,1747647684206
counter/8/0/0/0,36867:1747647679121:,1747647684206
counter/1/0/0/0,31590:1747647677591:,1747647684206
counter/4/0/0/0,30684:1747647675028:,1747647684207
counter/3/0/0/0,28533:1747647674015:,1747647684207
counter/8/0/0/0,36868:1747647679121:,1747647684207
counter/1/0/0/0,31591:1747647677592:,1747647684207
counter/4/0/0/0,30685:1747647675028:,1747647684207
counter/10/0/0/0,28200:1747647671460:,1747647684207
counter/8/0/0/0,36869:1747647679121:,1747647684207
counter/1/0/0/0,31592:1747647677592:,1747647684207
counter/4/0/0/0,30686:1747647675031:,1747647684207
counter/5/0/0/0,36030:1747647678600:,1747647684207
counter/8/0/0/0,36870:1747647679121:,1747647684207
counter/1/0/0/0,31593:1747647677592:,1747647684207
counter/4/0/0/0,30687:1747647675031:,1747647684207
counter/8/0/0/0,36871:1747647679121:,1747647684207
counter/1/0/0/0,31594:1747647677592:,1747647684207
counter/4/0/0/0,30688:1747647675031:,1747647684207
counter/8/0/0/0,36872:1747647679121:,1747647684207
counter/1/0/0/0,31595:1747647677593:,1747647684207
counter/4/0/0/0,30689:1747647675031:,1747647684207
counter/8/0/0/0,36873:1747647679121:,1747647684207
counter/1/0/0/0,31596:1747647677593:,1747647684207
counter/4/0/0/0,30690:1747647675031:,1747647684207
counter/8/0/0/0,36874:1747647679122:,1747647684207
counter/1/0/0/0,31597:1747647677593:,1747647684207
counter/4/0/0/0,30691:1747647675031:,1747647684207
counter/8/0/0/0,36875:1747647679127:,1747647684207
counter/1/0/0/0,31598:1747647677593:,1747647684207
counter/4/0/0/0,30692:1747647675031:,1747647684207
counter/8/0/0/0,36876:1747647679128:,1747647684207
counter/1/0/0/0,31599:1747647677593:,1747647684207
counter/4/0/0/0,30693:1747647675033:,1747647684207
counter/8/0/0/0,36877:1747647679128:,1747647684207
counter/1/0/0/0,31600:1747647677593:,1747647684207
counter/4/0/0/0,30694:1747647675033:,1747647684207
counter/5/0/0/0,36031:1747647678600:,1747647684207
counter/8/0/0/0,36878:1747647679128:,1747647684208
counter/1/0/0/0,31601:1747647677593:,1747647684208
counter/4/0/0/0,30695:1747647675033:,1747647684208
counter/5/0/0/0,36032:1747647678600:,1747647684208
counter/8/0/0/0,36879:1747647679128:,1747647684208
counter/1/0/0/0,31602:1747647677595:,1747647684208
counter/4/0/0/0,30696:1747647675033:,1747647684208
counter/5/0/0/0,36033:1747647678600:,1747647684208
counter/8/0/0/0,36880:1747647679128:,1747647684208
counter/1/0/0/0,31603:1747647677595:,1747647684208
counter/4/0/0/0,30697:1747647675033:,1747647684208
counter/5/0/0/0,36034:1747647678600:,1747647684208
counter/8/0/0/0,36881:1747647679128:,1747647684208
counter/1/0/0/0,31604:1747647677595:,1747647684208
counter/4/0/0/0,30698:1747647675033:,1747647684208
counter/5/0/0/0,36035:1747647678601:,1747647684208
counter/8/0/0/0,36882:1747647679128:,1747647684208
counter/1/0/0/0,31605:1747647677595:,1747647684208
counter/4/0/0/0,30699:1747647675033:,1747647684208
counter/5/0/0/0,36036:1747647678601:,1747647684208
counter/8/0/0/0,36883:1747647679128:,1747647684208
counter/1/0/0/0,31606:1747647677595:,1747647684208
counter/4/0/0/0,30700:1747647675033:,1747647684208
counter/5/0/0/0,36037:1747647678601:,1747647684208
counter/7/0/0/0,34371:1747647678337:,1747647684208
counter/8/0/0/0,36884:1747647679128:,1747647684208
counter/1/0/0/0,31607:1747647677595:,1747647684208
counter/4/0/0/0,30701:1747647675033:,1747647684208
counter/5/0/0/0,36038:1747647678601:,1747647684208
counter/3/0/0/0,28534:1747647674017:,1747647684208
counter/8/0/0/0,36885:1747647679142:,1747647684208
counter/1/0/0/0,31608:1747647677595:,1747647684208
counter/4/0/0/0,30702:1747647675037:,1747647684209
counter/5/0/0/0,36039:1747647678601:,1747647684209
counter/3/0/0/0,28535:1747647674017:,1747647684209
counter/10/0/0/0,28201:1747647671460:,1747647684209
counter/7/0/0/0,34372:1747647678337:,1747647684209
counter/8/0/0/0,36886:1747647679142:,1747647684209
counter/1/0/0/0,31609:1747647677595:,1747647684209
counter/4/0/0/0,30703:1747647675037:,1747647684209
counter/5/0/0/0,36040:1747647678601:,1747647684209
counter/8/0/0/0,36887:1747647679148:,1747647684209
counter/1/0/0/0,31610:1747647677595:,1747647684209
counter/4/0/0/0,30704:1747647675037:,1747647684209
counter/5/0/0/0,36041:1747647678601:,1747647684209
counter/8/0/0/0,36888:1747647679149:,1747647684209
counter/1/0/0/0,31611:1747647677595:,1747647684209
counter/4/0/0/0,30705:1747647675037:,1747647684209
counter/5/0/0/0,36042:1747647678601:,1747647684209
counter/8/0/0/0,36889:1747647679149:,1747647684209
counter/1/0/0/0,31612:1747647677595:,1747647684209
counter/4/0/0/0,30706:1747647675037:,1747647684209
counter/5/0/0/0,36043:1747647678601:,1747647684209
counter/8/0/0/0,36890:1747647679149:,1747647684209
counter/1/0/0/0,31613:1747647677595:,1747647684209
counter/4/0/0/0,30707:1747647675037:,1747647684209
counter/5/0/0/0,36044:1747647678601:,1747647684209
counter/8/0/0/0,36891:1747647679149:,1747647684209
counter/1/0/0/0,31614:1747647677595:,1747647684209
counter/4/0/0/0,30708:1747647675037:,1747647684209
counter/5/0/0/0,36045:1747647678601:,1747647684209
counter/8/0/0/0,36892:1747647679149:,1747647684209
counter/1/0/0/0,31615:1747647677595:,1747647684209
counter/4/0/0/0,30709:1747647675037:,1747647684209
counter/5/0/0/0,36046:1747647678606:,1747647684209
counter/8/0/0/0,36893:1747647679149:,1747647684209
counter/1/0/0/0,31616:1747647677595:,1747647684209
counter/4/0/0/0,30710:1747647675042:,1747647684210
counter/5/0/0/0,36047:1747647678621:,1747647684210
counter/8/0/0/0,36894:1747647679149:,1747647684210
counter/1/0/0/0,31617:1747647677595:,1747647684210
counter/4/0/0/0,30711:1747647675047:,1747647684210
counter/5/0/0/0,36048:1747647678621:,1747647684210
counter/8/0/0/0,36895:1747647679149:,1747647684210
counter/1/0/0/0,31618:1747647677595:,1747647684210
counter/4/0/0/0,30712:1747647675047:,1747647684210
counter/5/0/0/0,36049:1747647678621:,1747647684210
counter/8/0/0/0,36896:1747647679150:,1747647684210
counter/1/0/0/0,31619:1747647677595:,1747647684210
counter/4/0/0/0,30713:1747647675047:,1747647684210
counter/5/0/0/0,36050:1747647678621:,1747647684210
counter/8/0/0/0,36897:1747647679150:,1747647684210
counter/1/0/0/0,31620:1747647677595:,1747647684210
counter/4/0/0/0,30714:1747647675055:,1747647684210
counter/5/0/0/0,36051:1747647678621:,1747647684210
counter/8/0/0/0,36898:1747647679151:,1747647684210
counter/1/0/0/0,31621:1747647677595:,1747647684210
counter/4/0/0/0,30715:1747647675056:,1747647684210
counter/7/0/0/0,34373:1747647678337:,1747647684210
counter/10/0/0/0,28202:1747647671460:,1747647684210
counter/8/0/0/0,36899:1747647679151:,1747647684210
counter/1/0/0/0,31622:1747647677595:,1747647684210
counter/4/0/0/0,30716:1747647675056:,1747647684210
counter/8/0/0/0,36900:1747647679151:,1747647684210
counter/1/0/0/0,31623:1747647677595:,1747647684210
counter/4/0/0/0,30717:1747647675056:,1747647684210
counter/8/0/0/0,36901:1747647679151:,1747647684210
counter/1/0/0/0,31624:1747647677595:,1747647684210
counter/4/0/0/0,30718:1747647675056:,1747647684210
counter/8/0/0/0,36902:1747647679166:,1747647684210
counter/1/0/0/0,31625:1747647677597:,1747647684210
counter/4/0/0/0,30719:1747647675056:,1747647684211
counter/5/0/0/0,36052:1747647678621:,1747647684211
counter/8/0/0/0,36903:1747647679166:,1747647684211
counter/1/0/0/0,31626:1747647677598:,1747647684211
counter/4/0/0/0,30720:1747647675056:,1747647684211
counter/3/0/0/0,28536:1747647674017:,1747647684211
counter/8/0/0/0,36904:1747647679166:,1747647684211
counter/1/0/0/0,31627:1747647677598:,1747647684211
counter/4/0/0/0,30721:1747647675058:,1747647684211
counter/8/0/0/0,36905:1747647679166:,1747647684211
counter/1/0/0/0,31628:1747647677598:,1747647684211
counter/4/0/0/0,30722:1747647675064:,1747647684211
counter/8/0/0/0,36906:1747647679166:,1747647684211
counter/1/0/0/0,31629:1747647677598:,1747647684211
counter/4/0/0/0,30723:1747647675064:,1747647684211
counter/8/0/0/0,36907:1747647679166:,1747647684211
counter/1/0/0/0,31630:1747647677598:,1747647684211
counter/4/0/0/0,30724:1747647675064:,1747647684211
counter/8/0/0/0,36908:1747647679166:,1747647684211
counter/1/0/0/0,31631:1747647677598:,1747647684211
counter/4/0/0/0,30725:1747647675064:,1747647684211
counter/8/0/0/0,36909:1747647679166:,1747647684211
counter/1/0/0/0,31632:1747647677598:,1747647684211
counter/4/0/0/0,30726:1747647675064:,1747647684211
counter/8/0/0/0,36910:1747647679166:,1747647684211
counter/1/0/0/0,31633:1747647677598:,1747647684211
counter/4/0/0/0,30727:1747647675064:,1747647684211
counter/8/0/0/0,36911:1747647679166:,1747647684211
counter/1/0/0/0,31634:1747647677598:,1747647684211
counter/4/0/0/0,30728:1747647675064:,1747647684211
counter/3/0/0/0,28537:1747647674017:,1747647684211
counter/5/0/0/0,36053:1747647678621:,1747647684211
counter/8/0/0/0,36912:1747647679171:,1747647684212
counter/1/0/0/0,31635:1747647677598:,1747647684212
counter/4/0/0/0,30729:1747647675064:,1747647684212
counter/5/0/0/0,36054:1747647678621:,1747647684212
counter/8/0/0/0,36913:1747647679171:,1747647684212
counter/1/0/0/0,31636:1747647677598:,1747647684212
counter/4/0/0/0,30730:1747647675064:,1747647684212
counter/5/0/0/0,36055:1747647678621:,1747647684212
counter/8/0/0/0,36914:1747647679171:,1747647684212
counter/1/0/0/0,31637:1747647677598:,1747647684212
counter/4/0/0/0,30731:1747647675064:,1747647684212
counter/5/0/0/0,36056:1747647678621:,1747647684212
counter/7/0/0/0,34374:1747647678337:,1747647684212
counter/8/0/0/0,36915:1747647679171:,1747647684212
counter/1/0/0/0,31638:1747647677598:,1747647684212
counter/4/0/0/0,30732:1747647675068:,1747647684212
counter/5/0/0/0,36057:1747647678621:,1747647684212
counter/3/0/0/0,28538:1747647674017:,1747647684212
counter/8/0/0/0,36916:1747647679171:,1747647684212
counter/1/0/0/0,31639:1747647677598:,1747647684212
counter/4/0/0/0,30733:1747647675068:,1747647684212
counter/5/0/0/0,36058:1747647678622:,1747647684212
counter/8/0/0/0,36917:1747647679171:,1747647684212
counter/1/0/0/0,31640:1747647677598:,1747647684212
counter/4/0/0/0,30734:1747647675068:,1747647684212
counter/5/0/0/0,36059:1747647678622:,1747647684212
counter/7/0/0/0,34375:1747647678337:,1747647684212
counter/10/0/0/0,28203:1747647671460:,1747647684212
counter/8/0/0/0,36918:1747647679171:,1747647684212
counter/1/0/0/0,31641:1747647677598:,1747647684212
counter/4/0/0/0,30735:1747647675069:,1747647684212
counter/5/0/0/0,36060:1747647678622:,1747647684212
counter/7/0/0/0,34376:1747647678337:,1747647684212
counter/8/0/0/0,36919:1747647679171:,1747647684212
counter/1/0/0/0,31642:1747647677598:,1747647684212
counter/4/0/0/0,30736:1747647675069:,1747647684213
counter/5/0/0/0,36061:1747647678622:,1747647684213
counter/8/0/0/0,36920:1747647679171:,1747647684213
counter/1/0/0/0,31643:1747647677598:,1747647684213
counter/4/0/0/0,30737:1747647675069:,1747647684213
counter/5/0/0/0,36062:1747647678622:,1747647684213
counter/8/0/0/0,36921:1747647679171:,1747647684213
counter/1/0/0/0,31644:1747647677598:,1747647684213
counter/4/0/0/0,30738:1747647675069:,1747647684213
counter/5/0/0/0,36063:1747647678622:,1747647684213
counter/8/0/0/0,36922:1747647679172:,1747647684213
counter/1/0/0/0,31645:1747647677607:,1747647684213
counter/4/0/0/0,30739:1747647675069:,1747647684213
counter/5/0/0/0,36064:1747647678622:,1747647684213
counter/8/0/0/0,36923:1747647679172:,1747647684213
counter/1/0/0/0,31646:1747647677607:,1747647684213
counter/4/0/0/0,30740:1747647675069:,1747647684213
counter/5/0/0/0,36065:1747647678622:,1747647684213
counter/8/0/0/0,36924:1747647679181:,1747647684213
counter/1/0/0/0,31647:1747647677607:,1747647684213
counter/4/0/0/0,30741:1747647675069:,1747647684213
counter/5/0/0/0,36066:1747647678622:,1747647684213
counter/8/0/0/0,36925:1747647679182:,1747647684213
counter/1/0/0/0,31648:1747647677607:,1747647684213
counter/4/0/0/0,30742:1747647675069:,1747647684213
counter/5/0/0/0,36067:1747647678622:,1747647684213
counter/8/0/0/0,36926:1747647679182:,1747647684213
counter/1/0/0/0,31649:1747647677607:,1747647684213
counter/4/0/0/0,30743:1747647675069:,1747647684213
counter/5/0/0/0,36068:1747647678622:,1747647684213
counter/8/0/0/0,36927:1747647679182:,1747647684213
counter/1/0/0/0,31650:1747647677607:,1747647684213
counter/4/0/0/0,30744:1747647675069:,1747647684213
counter/8/0/0/0,36928:1747647679182:,1747647684213
counter/1/0/0/0,31651:1747647677607:,1747647684214
counter/4/0/0/0,30745:1747647675069:,1747647684214
counter/10/0/0/0,28204:1747647671460:,1747647684214
counter/8/0/0/0,36929:1747647679183:,1747647684214
counter/1/0/0/0,31652:1747647677607:,1747647684214
counter/4/0/0/0,30746:1747647675069:,1747647684214
counter/10/0/0/0,28205:1747647671460:,1747647684214
counter/3/0/0/0,28539:1747647674017:,1747647684214
counter/8/0/0/0,36930:1747647679183:,1747647684214
counter/1/0/0/0,31653:1747647677607:,1747647684214
counter/4/0/0/0,30747:1747647675069:,1747647684214
counter/10/0/0/0,28206:1747647671460:,1747647684214
counter/8/0/0/0,36931:1747647679183:,1747647684214
counter/1/0/0/0,31654:1747647677608:,1747647684214
counter/4/0/0/0,30748:1747647675069:,1747647684214
counter/10/0/0/0,28207:1747647671471:,1747647684214
counter/8/0/0/0,36932:1747647679183:,1747647684214
counter/1/0/0/0,31655:1747647677608:,1747647684214
counter/4/0/0/0,30749:1747647675069:,1747647684214
counter/10/0/0/0,28208:1747647671471:,1747647684214
counter/8/0/0/0,36933:1747647679183:,1747647684214
counter/1/0/0/0,31656:1747647677608:,1747647684214
counter/4/0/0/0,30750:1747647675074:,1747647684214
counter/10/0/0/0,28209:1747647671471:,1747647684214
counter/8/0/0/0,36934:1747647679188:,1747647684214
counter/1/0/0/0,31657:1747647677608:,1747647684214
counter/4/0/0/0,30751:1747647675074:,1747647684214
counter/10/0/0/0,28210:1747647671471:,1747647684214
counter/8/0/0/0,36935:1747647679188:,1747647684214
counter/1/0/0/0,31658:1747647677608:,1747647684214
counter/4/0/0/0,30752:1747647675074:,1747647684214
counter/10/0/0/0,28211:1747647671471:,1747647684215
counter/8/0/0/0,36936:1747647679188:,1747647684215
counter/1/0/0/0,31659:1747647677608:,1747647684215
counter/4/0/0/0,30753:1747647675074:,1747647684215
counter/10/0/0/0,28212:1747647671477:,1747647684215
counter/8/0/0/0,36937:1747647679188:,1747647684215
counter/1/0/0/0,31660:1747647677624:,1747647684215
counter/4/0/0/0,30754:1747647675074:,1747647684215
counter/10/0/0/0,28213:1747647671477:,1747647684215
counter/8/0/0/0,36938:1747647679188:,1747647684215
counter/1/0/0/0,31661:1747647677624:,1747647684215
counter/4/0/0/0,30755:1747647675074:,1747647684215
counter/10/0/0/0,28214:1747647671477:,1747647684215
counter/8/0/0/0,36939:1747647679188:,1747647684215
counter/1/0/0/0,31662:1747647677627:,1747647684215
counter/4/0/0/0,30756:1747647675074:,1747647684215
counter/10/0/0/0,28215:1747647671477:,1747647684215
counter/8/0/0/0,36940:1747647679188:,1747647684215
counter/1/0/0/0,31663:1747647677627:,1747647684215
counter/4/0/0/0,30757:1747647675074:,1747647684215
counter/10/0/0/0,28216:1747647671477:,1747647684215
counter/8/0/0/0,36941:1747647679188:,1747647684215
counter/1/0/0/0,31664:1747647677638:,1747647684215
counter/4/0/0/0,30758:1747647675074:,1747647684215
counter/10/0/0/0,28217:1747647671477:,1747647684215
counter/8/0/0/0,36942:1747647679188:,1747647684215
counter/1/0/0/0,31665:1747647677641:,1747647684215
counter/4/0/0/0,30759:1747647675074:,1747647684215
counter/10/0/0/0,28218:1747647671477:,1747647684215
counter/8/0/0/0,36943:1747647679188:,1747647684215
counter/1/0/0/0,31666:1747647677641:,1747647684215
counter/4/0/0/0,30760:1747647675078:,1747647684215
counter/10/0/0/0,28219:1747647671477:,1747647684215
counter/8/0/0/0,36944:1747647679188:,1747647684215
counter/1/0/0/0,31667:1747647677641:,1747647684216
counter/4/0/0/0,30761:1747647675078:,1747647684216
counter/10/0/0/0,28220:1747647671477:,1747647684216
counter/8/0/0/0,36945:1747647679188:,1747647684216
counter/1/0/0/0,31668:1747647677641:,1747647684216
counter/4/0/0/0,30762:1747647675078:,1747647684216
counter/10/0/0/0,28221:1747647671477:,1747647684216
counter/8/0/0/0,36946:1747647679188:,1747647684216
counter/1/0/0/0,31669:1747647677641:,1747647684216
counter/4/0/0/0,30763:1747647675078:,1747647684216
counter/10/0/0/0,28222:1747647671477:,1747647684216
counter/8/0/0/0,36947:1747647679188:,1747647684216
counter/1/0/0/0,31670:1747647677641:,1747647684216
counter/4/0/0/0,30764:1747647675079:,1747647684216
counter/10/0/0/0,28223:1747647671478:,1747647684216
counter/8/0/0/0,36948:1747647679188:,1747647684216
counter/1/0/0/0,31671:1747647677641:,1747647684216
counter/4/0/0/0,30765:1747647675079:,1747647684216
counter/10/0/0/0,28224:1747647671478:,1747647684216
counter/8/0/0/0,36949:1747647679192:,1747647684216
counter/1/0/0/0,31672:1747647677641:,1747647684216
counter/4/0/0/0,30766:1747647675079:,1747647684216
counter/10/0/0/0,28225:1747647671478:,1747647684216
counter/8/0/0/0,36950:1747647679192:,1747647684216
counter/1/0/0/0,31673:1747647677641:,1747647684216
counter/4/0/0/0,30767:1747647675079:,1747647684216
counter/10/0/0/0,28226:1747647671478:,1747647684216
counter/8/0/0/0,36951:1747647679192:,1747647684216
counter/1/0/0/0,31674:1747647677641:,1747647684216
counter/4/0/0/0,30768:1747647675079:,1747647684216
counter/10/0/0/0,28227:1747647671478:,1747647684216
counter/8/0/0/0,36952:1747647679192:,1747647684216
counter/1/0/0/0,31675:1747647677641:,1747647684216
counter/4/0/0/0,30769:1747647675083:,1747647684216
counter/10/0/0/0,28228:1747647671478:,1747647684216
counter/8/0/0/0,36953:1747647679192:,1747647684217
counter/1/0/0/0,31676:1747647677641:,1747647684217
counter/4/0/0/0,30770:1747647675083:,1747647684217
counter/10/0/0/0,28229:1747647671479:,1747647684217
counter/8/0/0/0,36954:1747647679192:,1747647684217
counter/1/0/0/0,31677:1747647677643:,1747647684217
counter/4/0/0/0,30771:1747647675083:,1747647684217
counter/10/0/0/0,28230:1747647671479:,1747647684217
counter/7/0/0/0,34377:1747647678337:,1747647684217
counter/3/0/0/0,28540:1747647674017:,1747647684217
counter/8/0/0/0,36955:1747647679207:,1747647684217
counter/1/0/0/0,31678:1747647677657:,1747647684217
counter/4/0/0/0,30772:1747647675083:,1747647684217
counter/10/0/0/0,28231:1747647671479:,1747647684217
counter/5/0/0/0,36069:1747647678622:,1747647684217
counter/8/0/0/0,36956:1747647679207:,1747647684217
counter/1/0/0/0,31679:1747647677657:,1747647684217
counter/4/0/0/0,30773:1747647675083:,1747647684217
counter/10/0/0/0,28232:1747647671479:,1747647684217
counter/8/0/0/0,36957:1747647679207:,1747647684217
counter/1/0/0/0,31680:1747647677657:,1747647684217
counter/4/0/0/0,30774:1747647675083:,1747647684217
counter/10/0/0/0,28233:1747647671479:,1747647684217
counter/8/0/0/0,36958:1747647679207:,1747647684217
counter/1/0/0/0,31681:1747647677657:,1747647684217
counter/4/0/0/0,30775:1747647675083:,1747647684217
counter/10/0/0/0,28234:1747647671487:,1747647684217
counter/8/0/0/0,36959:1747647679207:,1747647684217
counter/1/0/0/0,31682:1747647677658:,1747647684217
counter/4/0/0/0,30776:1747647675088:,1747647684217
counter/10/0/0/0,28235:1747647671487:,1747647684218
counter/8/0/0/0,36960:1747647679207:,1747647684218
counter/1/0/0/0,31683:1747647677658:,1747647684218
counter/4/0/0/0,30777:1747647675102:,1747647684218
counter/10/0/0/0,28236:1747647671487:,1747647684218
counter/8/0/0/0,36961:1747647679207:,1747647684218
counter/1/0/0/0,31684:1747647677658:,1747647684218
counter/4/0/0/0,30778:1747647675102:,1747647684218
counter/10/0/0/0,28237:1747647671487:,1747647684218
counter/8/0/0/0,36962:1747647679207:,1747647684218
counter/1/0/0/0,31685:1747647677658:,1747647684218
counter/4/0/0/0,30779:1747647675102:,1747647684218
counter/10/0/0/0,28238:1747647671487:,1747647684218
counter/8/0/0/0,36963:1747647679222:,1747647684218
counter/1/0/0/0,31686:1747647677669:,1747647684218
counter/4/0/0/0,30780:1747647675102:,1747647684218
counter/10/0/0/0,28239:1747647671487:,1747647684218
counter/8/0/0/0,36964:1747647679222:,1747647684218
counter/1/0/0/0,31687:1747647677672:,1747647684218
counter/4/0/0/0,30781:1747647675103:,1747647684218
counter/10/0/0/0,28240:1747647671487:,1747647684218
counter/8/0/0/0,36965:1747647679222:,1747647684218
counter/1/0/0/0,31688:1747647677672:,1747647684218
counter/4/0/0/0,30782:1747647675103:,1747647684218
counter/10/0/0/0,28241:1747647671487:,1747647684218
counter/8/0/0/0,36966:1747647679240:,1747647684218
counter/1/0/0/0,31689:1747647677672:,1747647684218
counter/4/0/0/0,30783:1747647675103:,1747647684218
counter/10/0/0/0,28242:1747647671487:,1747647684218
counter/8/0/0/0,36967:1747647679240:,1747647684218
counter/1/0/0/0,31690:1747647677704:,1747647684218
counter/4/0/0/0,30784:1747647675103:,1747647684218
counter/10/0/0/0,28243:1747647671487:,1747647684218
counter/8/0/0/0,36968:1747647679240:,1747647684218
counter/1/0/0/0,31691:1747647677704:,1747647684218
counter/4/0/0/0,30785:1747647675103:,1747647684219
counter/10/0/0/0,28244:1747647671487:,1747647684219
counter/8/0/0/0,36969:1747647679243:,1747647684219
counter/1/0/0/0,31692:1747647677704:,1747647684219
counter/4/0/0/0,30786:1747647675103:,1747647684219
counter/10/0/0/0,28245:1747647671487:,1747647684219
counter/8/0/0/0,36970:1747647679243:,1747647684219
counter/1/0/0/0,31693:1747647677704:,1747647684219
counter/4/0/0/0,30787:1747647675103:,1747647684219
counter/10/0/0/0,28246:1747647671500:,1747647684219
counter/8/0/0/0,36971:1747647679250:,1747647684219
counter/1/0/0/0,31694:1747647677704:,1747647684219
counter/4/0/0/0,30788:1747647675103:,1747647684219
counter/10/0/0/0,28247:1747647671500:,1747647684219
counter/8/0/0/0,36972:1747647679250:,1747647684219
counter/1/0/0/0,31695:1747647677704:,1747647684219
counter/4/0/0/0,30789:1747647675103:,1747647684219
counter/10/0/0/0,28248:1747647671500:,1747647684219
counter/8/0/0/0,36973:1747647679250:,1747647684219
counter/1/0/0/0,31696:1747647677704:,1747647684219
counter/4/0/0/0,30790:1747647675103:,1747647684219
counter/7/0/0/0,34378:1747647678337:,1747647684219
counter/8/0/0/0,36974:1747647679250:,1747647684219
counter/1/0/0/0,31697:1747647677704:,1747647684219
counter/4/0/0/0,30791:1747647675103:,1747647684219
counter/10/0/0/0,28249:1747647671500:,1747647684219
counter/3/0/0/0,28541:1747647674017:,1747647684219
counter/8/0/0/0,36975:1747647679254:,1747647684219
counter/1/0/0/0,31698:1747647677704:,1747647684219
counter/4/0/0/0,30792:1747647675104:,1747647684219
counter/8/0/0/0,36976:1747647679254:,1747647684219
counter/1/0/0/0,31699:1747647677704:,1747647684219
counter/4/0/0/0,30793:1747647675104:,1747647684220
counter/8/0/0/0,36977:1747647679254:,1747647684220
counter/1/0/0/0,31700:1747647677704:,1747647684220
counter/4/0/0/0,30794:1747647675104:,1747647684220
counter/8/0/0/0,36978:1747647679254:,1747647684220
counter/1/0/0/0,31701:1747647677704:,1747647684220
counter/4/0/0/0,30795:1747647675106:,1747647684220
counter/8/0/0/0,36979:1747647679264:,1747647684220
counter/1/0/0/0,31702:1747647677704:,1747647684220
counter/4/0/0/0,30796:1747647675106:,1747647684220
counter/8/0/0/0,36980:1747647679264:,1747647684220
counter/1/0/0/0,31703:1747647677704:,1747647684220
counter/4/0/0/0,30797:1747647675106:,1747647684220
counter/8/0/0/0,36981:1747647679264:,1747647684220
counter/1/0/0/0,31704:1747647677704:,1747647684220
counter/4/0/0/0,30798:1747647675106:,1747647684220
counter/8/0/0/0,36982:1747647679264:,1747647684220
counter/1/0/0/0,31705:1747647677704:,1747647684220
counter/4/0/0/0,30799:1747647675106:,1747647684220
counter/8/0/0/0,36983:1747647679264:,1747647684220
counter/1/0/0/0,31706:1747647677704:,1747647684220
counter/4/0/0/0,30800:1747647675106:,1747647684220
counter/8/0/0/0,36984:1747647679264:,1747647684220
counter/1/0/0/0,31707:1747647677704:,1747647684220
counter/4/0/0/0,30801:1747647675106:,1747647684220
counter/8/0/0/0,36985:1747647679264:,1747647684220
counter/1/0/0/0,31708:1747647677704:,1747647684220
counter/4/0/0/0,30802:1747647675106:,1747647684220
counter/8/0/0/0,36986:1747647679264:,1747647684220
counter/1/0/0/0,31709:1747647677704:,1747647684220
counter/4/0/0/0,30803:1747647675107:,1747647684220
counter/8/0/0/0,36987:1747647679264:,1747647684220
counter/1/0/0/0,31710:1747647677704:,1747647684220
counter/4/0/0/0,30804:1747647675107:,1747647684221
counter/8/0/0/0,36988:1747647679285:,1747647684221
counter/1/0/0/0,31711:1747647677706:,1747647684221
counter/4/0/0/0,30805:1747647675107:,1747647684221
counter/8/0/0/0,36989:1747647679285:,1747647684221
counter/1/0/0/0,31712:1747647677706:,1747647684221
counter/4/0/0/0,30806:1747647675107:,1747647684221
counter/8/0/0/0,36990:1747647679285:,1747647684221
counter/1/0/0/0,31713:1747647677706:,1747647684221
counter/4/0/0/0,30807:1747647675107:,1747647684221
counter/8/0/0/0,36991:1747647679285:,1747647684221
counter/1/0/0/0,31714:1747647677706:,1747647684221
counter/4/0/0/0,30808:1747647675113:,1747647684221
counter/8/0/0/0,36992:1747647679285:,1747647684221
counter/1/0/0/0,31715:1747647677707:,1747647684221
counter/4/0/0/0,30809:1747647675113:,1747647684221
counter/10/0/0/0,28250:1747647671500:,1747647684221
counter/3/0/0/0,28542:1747647674017:,1747647684221
counter/8/0/0/0,36993:1747647679285:,1747647684221
counter/1/0/0/0,31716:1747647677738:,1747647684221
counter/4/0/0/0,30810:1747647675113:,1747647684221
counter/5/0/0/0,36070:1747647678622:,1747647684221
counter/8/0/0/0,36994:1747647679285:,1747647684221
counter/1/0/0/0,31717:1747647677738:,1747647684221
counter/4/0/0/0,30811:1747647675113:,1747647684221
counter/8/0/0/0,36995:1747647679285:,1747647684221
counter/1/0/0/0,31718:1747647677738:,1747647684221
counter/4/0/0/0,30812:1747647675113:,1747647684221
counter/8/0/0/0,36996:1747647679285:,1747647684221
counter/1/0/0/0,31719:1747647677738:,1747647684221
counter/4/0/0/0,30813:1747647675114:,1747647684221
counter/8/0/0/0,36997:1747647679285:,1747647684221
counter/1/0/0/0,31720:1747647677738:,1747647684221
counter/4/0/0/0,30814:1747647675114:,1747647684221
counter/8/0/0/0,36998:1747647679285:,1747647684221
counter/1/0/0/0,31721:1747647677742:,1747647684222
counter/4/0/0/0,30815:1747647675114:,1747647684222
counter/8/0/0/0,36999:1747647679285:,1747647684222
counter/1/0/0/0,31722:1747647677742:,1747647684222
counter/4/0/0/0,30816:1747647675114:,1747647684222
counter/8/0/0/0,37000:1747647679285:,1747647684222
counter/1/0/0/0,31723:1747647677742:,1747647684222
counter/4/0/0/0,30817:1747647675114:,1747647684222
counter/8/0/0/0,37001:1747647679285:,1747647684222
counter/1/0/0/0,31724:1747647677742:,1747647684222
counter/4/0/0/0,30818:1747647675114:,1747647684222
counter/8/0/0/0,37002:1747647679305:,1747647684222
counter/1/0/0/0,31725:1747647677742:,1747647684222
counter/4/0/0/0,30819:1747647675114:,1747647684222
counter/8/0/0/0,37003:1747647679305:,1747647684222
counter/1/0/0/0,31726:1747647677742:,1747647684222
counter/4/0/0/0,30820:1747647675114:,1747647684222
counter/8/0/0/0,37004:1747647679305:,1747647684222
counter/1/0/0/0,31727:1747647677742:,1747647684222
counter/4/0/0/0,30821:1747647675114:,1747647684222
counter/8/0/0/0,37005:1747647679308:,1747647684222
counter/1/0/0/0,31728:1747647677742:,1747647684222
counter/4/0/0/0,30822:1747647675114:,1747647684222
counter/10/0/0/0,28251:1747647671504:,1747647684222
counter/8/0/0/0,37006:1747647679308:,1747647684222
counter/1/0/0/0,31729:1747647677751:,1747647684222
counter/4/0/0/0,30823:1747647675135:,1747647684222
counter/3/0/0/0,28543:1747647674018:,1747647684222
counter/7/0/0/0,34379:1747647678337:,1747647684222
counter/8/0/0/0,37007:1747647679308:,1747647684222
counter/1/0/0/0,31730:1747647677751:,1747647684222
counter/4/0/0/0,30824:1747647675135:,1747647684222
counter/5/0/0/0,36071:1747647678622:,1747647684222
counter/8/0/0/0,37008:1747647679308:,1747647684223
counter/1/0/0/0,31731:1747647677751:,1747647684223
counter/4/0/0/0,30825:1747647675135:,1747647684223
counter/5/0/0/0,36072:1747647678622:,1747647684223
counter/8/0/0/0,37009:1747647679308:,1747647684223
counter/1/0/0/0,31732:1747647677751:,1747647684223
counter/4/0/0/0,30826:1747647675135:,1747647684223
counter/5/0/0/0,36073:1747647678622:,1747647684223
counter/8/0/0/0,37010:1747647679308:,1747647684223
counter/1/0/0/0,31733:1747647677751:,1747647684223
counter/4/0/0/0,30827:1747647675135:,1747647684223
counter/5/0/0/0,36074:1747647678622:,1747647684223
counter/7/0/0/0,34380:1747647678337:,1747647684223
counter/8/0/0/0,37011:1747647679308:,1747647684223
counter/1/0/0/0,31734:1747647677751:,1747647684223
counter/4/0/0/0,30828:1747647675135:,1747647684223
counter/5/0/0/0,36075:1747647678622:,1747647684223
counter/3/0/0/0,28544:1747647674018:,1747647684223
counter/8/0/0/0,37012:1747647679308:,1747647684223
counter/1/0/0/0,31735:1747647677751:,1747647684223
counter/4/0/0/0,30829:1747647675135:,1747647684223
counter/5/0/0/0,36076:1747647678622:,1747647684223
counter/8/0/0/0,37013:1747647679308:,1747647684223
counter/1/0/0/0,31736:1747647677755:,1747647684223
counter/4/0/0/0,30830:1747647675135:,1747647684223
counter/5/0/0/0,36077:1747647678626:,1747647684223
counter/8/0/0/0,37014:1747647679308:,1747647684223
counter/1/0/0/0,31737:1747647677756:,1747647684223
counter/4/0/0/0,30831:1747647675135:,1747647684223
counter/5/0/0/0,36078:1747647678627:,1747647684223
counter/8/0/0/0,37015:1747647679308:,1747647684224
counter/1/0/0/0,31738:1747647677756:,1747647684224
counter/4/0/0/0,30832:1747647675135:,1747647684224
counter/5/0/0/0,36079:1747647678627:,1747647684224
counter/8/0/0/0,37016:1747647679308:,1747647684224
counter/1/0/0/0,31739:1747647677756:,1747647684224
counter/4/0/0/0,30833:1747647675135:,1747647684224
counter/5/0/0/0,36080:1747647678627:,1747647684224
counter/8/0/0/0,37017:1747647679309:,1747647684224
counter/1/0/0/0,31740:1747647677756:,1747647684224
counter/4/0/0/0,30834:1747647675135:,1747647684224
counter/5/0/0/0,36081:1747647678628:,1747647684224
counter/8/0/0/0,37018:1747647679309:,1747647684224
counter/1/0/0/0,31741:1747647677757:,1747647684224
counter/4/0/0/0,30835:1747647675135:,1747647684224
counter/5/0/0/0,36082:1747647678628:,1747647684224
counter/8/0/0/0,37019:1747647679309:,1747647684224
counter/1/0/0/0,31742:1747647677757:,1747647684224
counter/4/0/0/0,30836:1747647675135:,1747647684224
counter/5/0/0/0,36083:1747647678628:,1747647684224
counter/8/0/0/0,37020:1747647679309:,1747647684224
counter/1/0/0/0,31743:1747647677757:,1747647684224
counter/4/0/0/0,30837:1747647675135:,1747647684224
counter/8/0/0/0,37021:1747647679309:,1747647684224
counter/1/0/0/0,31744:1747647677757:,1747647684224
counter/4/0/0/0,30838:1747647675135:,1747647684224
counter/8/0/0/0,37022:1747647679309:,1747647684224
counter/1/0/0/0,31745:1747647677757:,1747647684224
counter/4/0/0/0,30839:1747647675135:,1747647684224
counter/8/0/0/0,37023:1747647679309:,1747647684224
counter/1/0/0/0,31746:1747647677757:,1747647684224
counter/4/0/0/0,30840:1747647675135:,1747647684224
counter/8/0/0/0,37024:1747647679309:,1747647684224
counter/1/0/0/0,31747:1747647677757:,1747647684224
counter/4/0/0/0,30841:1747647675135:,1747647684224
counter/8/0/0/0,37025:1747647679309:,1747647684225
counter/1/0/0/0,31748:1747647677757:,1747647684225
counter/4/0/0/0,30842:1747647675135:,1747647684225
counter/5/0/0/0,36084:1747647678628:,1747647684225
counter/8/0/0/0,37026:1747647679309:,1747647684225
counter/1/0/0/0,31749:1747647677757:,1747647684225
counter/4/0/0/0,30843:1747647675139:,1747647684225
counter/3/0/0/0,28545:1747647674018:,1747647684225
counter/10/0/0/0,28252:1747647671504:,1747647684225
counter/8/0/0/0,37027:1747647679309:,1747647684225
counter/1/0/0/0,31750:1747647677757:,1747647684225
counter/4/0/0/0,30844:1747647675139:,1747647684225
counter/8/0/0/0,37028:1747647679309:,1747647684225
counter/1/0/0/0,31751:1747647677757:,1747647684225
counter/4/0/0/0,30845:1747647675139:,1747647684225
counter/8/0/0/0,37029:1747647679309:,1747647684225
counter/1/0/0/0,31752:1747647677757:,1747647684225
counter/4/0/0/0,30846:1747647675139:,1747647684225
counter/8/0/0/0,37030:1747647679309:,1747647684225
counter/1/0/0/0,31753:1747647677757:,1747647684225
counter/4/0/0/0,30847:1747647675139:,1747647684225
counter/3/0/0/0,28546:1747647674018:,1747647684225
counter/10/0/0/0,28253:1747647671504:,1747647684225
counter/8/0/0/0,37031:1747647679309:,1747647684225
counter/1/0/0/0,31754:1747647677757:,1747647684225
counter/4/0/0/0,30848:1747647675139:,1747647684225
counter/7/0/0/0,34381:1747647678337:,1747647684225
counter/8/0/0/0,37032:1747647679309:,1747647684225
counter/1/0/0/0,31755:1747647677757:,1747647684225
counter/4/0/0/0,30849:1747647675139:,1747647684225
counter/8/0/0/0,37033:1747647679309:,1747647684225
counter/1/0/0/0,31756:1747647677757:,1747647684225
counter/4/0/0/0,30850:1747647675152:,1747647684225
counter/8/0/0/0,37034:1747647679309:,1747647684226
counter/1/0/0/0,31757:1747647677770:,1747647684226
counter/4/0/0/0,30851:1747647675171:,1747647684226
counter/8/0/0/0,37035:1747647679309:,1747647684226
counter/1/0/0/0,31758:1747647677770:,1747647684226
counter/4/0/0/0,30852:1747647675171:,1747647684226
counter/8/0/0/0,37036:1747647679313:,1747647684226
counter/1/0/0/0,31759:1747647677770:,1747647684226
counter/4/0/0/0,30853:1747647675171:,1747647684226
counter/8/0/0/0,37037:1747647679313:,1747647684226
counter/1/0/0/0,31760:1747647677770:,1747647684226
counter/4/0/0/0,30854:1747647675171:,1747647684226
counter/8/0/0/0,37038:1747647679313:,1747647684226
counter/1/0/0/0,31761:1747647677770:,1747647684226
counter/4/0/0/0,30855:1747647675171:,1747647684226
counter/8/0/0/0,37039:1747647679313:,1747647684226
counter/1/0/0/0,31762:1747647677770:,1747647684226
counter/4/0/0/0,30856:1747647675171:,1747647684226
counter/8/0/0/0,37040:1747647679313:,1747647684226
counter/1/0/0/0,31763:1747647677770:,1747647684226
counter/4/0/0/0,30857:1747647675171:,1747647684226
counter/8/0/0/0,37041:1747647679313:,1747647684226
counter/1/0/0/0,31764:1747647677770:,1747647684226
counter/4/0/0/0,30858:1747647675171:,1747647684226
counter/8/0/0/0,37042:1747647679313:,1747647684226
counter/1/0/0/0,31765:1747647677770:,1747647684226
counter/4/0/0/0,30859:1747647675171:,1747647684226
counter/8/0/0/0,37043:1747647679313:,1747647684226
counter/1/0/0/0,31766:1747647677770:,1747647684226
counter/4/0/0/0,30860:1747647675171:,1747647684226
counter/8/0/0/0,37044:1747647679314:,1747647684226
counter/1/0/0/0,31767:1747647677770:,1747647684226
counter/4/0/0/0,30861:1747647675171:,1747647684227
counter/10/0/0/0,28254:1747647671504:,1747647684227
counter/8/0/0/0,37045:1747647679314:,1747647684227
counter/1/0/0/0,31768:1747647677771:,1747647684227
counter/4/0/0/0,30862:1747647675171:,1747647684227
counter/8/0/0/0,37046:1747647679315:,1747647684227
counter/1/0/0/0,31769:1747647677771:,1747647684227
counter/4/0/0/0,30863:1747647675171:,1747647684227
counter/8/0/0/0,37047:1747647679315:,1747647684227
counter/4/0/0/0,30864:1747647675171:,1747647684227
counter/10/0/0/0,28255:1747647671504:,1747647684227
counter/7/0/0/0,34382:1747647678337:,1747647684227
counter/8/0/0/0,37048:1747647679315:,1747647684227
counter/4/0/0/0,30865:1747647675171:,1747647684227
counter/3/0/0/0,28547:1747647674018:,1747647684227
counter/8/0/0/0,37049:1747647679315:,1747647684227
counter/4/0/0/0,30866:1747647675171:,1747647684227
counter/8/0/0/0,37050:1747647679315:,1747647684227
counter/4/0/0/0,30867:1747647675172:,1747647684227
counter/8/0/0/0,37051:1747647679315:,1747647684227
counter/4/0/0/0,30868:1747647675172:,1747647684227
counter/8/0/0/0,37052:1747647679315:,1747647684227
counter/4/0/0/0,30869:1747647675172:,1747647684227
counter/8/0/0/0,37053:1747647679315:,1747647684227
counter/4/0/0/0,30870:1747647675172:,1747647684227
counter/3/0/0/0,28548:1747647674025:,1747647684227
counter/8/0/0/0,37054:1747647679315:,1747647684227
counter/4/0/0/0,30871:1747647675172:,1747647684227
counter/5/0/0/0,36085:1747647678628:,1747647684227
counter/10/0/0/0,28256:1747647671505:,1747647684227
counter/8/0/0/0,37055:1747647679315:,1747647684227
counter/4/0/0/0,30872:1747647675172:,1747647684227
counter/8/0/0/0,37056:1747647679315:,1747647684227
counter/4/0/0/0,30873:1747647675172:,1747647684228
counter/8/0/0/0,37057:1747647679315:,1747647684228
counter/4/0/0/0,30874:1747647675172:,1747647684228
counter/10/0/0/0,28257:1747647671505:,1747647684228
counter/8/0/0/0,37058:1747647679315:,1747647684228
counter/4/0/0/0,30875:1747647675172:,1747647684228
counter/8/0/0/0,37059:1747647679315:,1747647684228
counter/4/0/0/0,30876:1747647675172:,1747647684228
counter/8/0/0/0,37060:1747647679315:,1747647684228
counter/4/0/0/0,30877:1747647675172:,1747647684228
counter/8/0/0/0,37061:1747647679316:,1747647684228
counter/4/0/0/0,30878:1747647675172:,1747647684228
counter/8/0/0/0,37062:1747647679316:,1747647684228
counter/4/0/0/0,30879:1747647675172:,1747647684228
counter/3/0/0/0,28549:1747647674025:,1747647684228
counter/8/0/0/0,37063:1747647679318:,1747647684228
counter/4/0/0/0,30880:1747647675172:,1747647684228
counter/5/0/0/0,36086:1747647678628:,1747647684228
counter/8/0/0/0,37064:1747647679318:,1747647684228
counter/4/0/0/0,30881:1747647675172:,1747647684228
counter/5/0/0/0,36087:1747647678628:,1747647684228
counter/8/0/0/0,37065:1747647679318:,1747647684228
counter/4/0/0/0,30882:1747647675172:,1747647684228
counter/5/0/0/0,36088:1747647678628:,1747647684228
counter/7/0/0/0,34383:1747647678337:,1747647684228
counter/3/0/0/0,28550:1747647674025:,1747647684228
counter/8/0/0/0,37066:1747647679318:,1747647684228
counter/4/0/0/0,30883:1747647675172:,1747647684228
counter/5/0/0/0,36089:1747647678628:,1747647684228
counter/10/0/0/0,28258:1747647671505:,1747647684228
counter/8/0/0/0,37067:1747647679318:,1747647684228
counter/4/0/0/0,30884:1747647675172:,1747647684228
counter/5/0/0/0,36090:1747647678628:,1747647684228
counter/8/0/0/0,37068:1747647679318:,1747647684228
counter/4/0/0/0,30885:1747647675172:,1747647684229
counter/8/0/0/0,37069:1747647679321:,1747647684229
counter/4/0/0/0,30886:1747647675173:,1747647684229
counter/8/0/0/0,37070:1747647679321:,1747647684229
counter/4/0/0/0,30887:1747647675173:,1747647684229
counter/8/0/0/0,37071:1747647679321:,1747647684229
counter/4/0/0/0,30888:1747647675173:,1747647684229
counter/8/0/0/0,37072:1747647679321:,1747647684229
counter/4/0/0/0,30889:1747647675174:,1747647684229
counter/8/0/0/0,37073:1747647679321:,1747647684229
counter/4/0/0/0,30890:1747647675174:,1747647684229
counter/3/0/0/0,28551:1747647674025:,1747647684229
counter/8/0/0/0,37074:1747647679321:,1747647684229
counter/4/0/0/0,30891:1747647675174:,1747647684229
counter/10/0/0/0,28259:1747647671505:,1747647684229
counter/5/0/0/0,36091:1747647678628:,1747647684229
counter/8/0/0/0,37075:1747647679321:,1747647684229
counter/4/0/0/0,30892:1747647675174:,1747647684229
counter/5/0/0/0,36092:1747647678628:,1747647684229
counter/8/0/0/0,37076:1747647679321:,1747647684229
counter/4/0/0/0,30893:1747647675174:,1747647684229
counter/5/0/0/0,36093:1747647678628:,1747647684229
counter/8/0/0/0,37077:1747647679321:,1747647684229
counter/4/0/0/0,30894:1747647675174:,1747647684229
counter/5/0/0/0,36094:1747647678628:,1747647684229
counter/7/0/0/0,34384:1747647678340:,1747647684229
counter/8/0/0/0,37078:1747647679327:,1747647684229
counter/4/0/0/0,30895:1747647675174:,1747647684229
counter/5/0/0/0,36095:1747647678628:,1747647684229
counter/3/0/0/0,28552:1747647674025:,1747647684229
counter/10/0/0/0,28260:1747647671505:,1747647684229
counter/8/0/0/0,37079:1747647679327:,1747647684230
counter/4/0/0/0,30896:1747647675174:,1747647684230
counter/5/0/0/0,36096:1747647678628:,1747647684230
counter/8/0/0/0,37080:1747647679327:,1747647684230
counter/4/0/0/0,30897:1747647675174:,1747647684230
counter/5/0/0/0,36097:1747647678629:,1747647684230
counter/8/0/0/0,37081:1747647679327:,1747647684230
counter/4/0/0/0,30898:1747647675174:,1747647684230
counter/5/0/0/0,36098:1747647678629:,1747647684230
counter/8/0/0/0,37082:1747647679327:,1747647684230
counter/4/0/0/0,30899:1747647675174:,1747647684230
counter/5/0/0/0,36099:1747647678629:,1747647684230
counter/8/0/0/0,37083:1747647679327:,1747647684230
counter/4/0/0/0,30900:1747647675174:,1747647684230
counter/8/0/0/0,37084:1747647679327:,1747647684230
counter/4/0/0/0,30901:1747647675174:,1747647684230
counter/8/0/0/0,37085:1747647679334:,1747647684230
counter/4/0/0/0,30902:1747647675174:,1747647684230
counter/8/0/0/0,37086:1747647679336:,1747647684230
counter/4/0/0/0,30903:1747647675174:,1747647684230
counter/8/0/0/0,37087:1747647679336:,1747647684230
counter/4/0/0/0,30904:1747647675174:,1747647684230
counter/8/0/0/0,37088:1747647679336:,1747647684230
counter/4/0/0/0,30905:1747647675194:,1747647684230
counter/8/0/0/0,37089:1747647679368:,1747647684230
counter/4/0/0/0,30906:1747647675198:,1747647684230
counter/3/0/0/0,28553:1747647674025:,1747647684230
counter/8/0/0/0,37090:1747647679368:,1747647684230
counter/4/0/0/0,30907:1747647675200:,1747647684230
counter/10/0/0/0,28261:1747647671505:,1747647684230
counter/7/0/0/0,34385:1747647678340:,1747647684230
counter/8/0/0/0,37091:1747647679368:,1747647684230
counter/4/0/0/0,30908:1747647675200:,1747647684230
counter/8/0/0/0,37092:1747647679368:,1747647684230
counter/4/0/0/0,30909:1747647675200:,1747647684230
counter/8/0/0/0,37093:1747647679368:,1747647684231
counter/4/0/0/0,30910:1747647675213:,1747647684231
counter/8/0/0/0,37094:1747647679368:,1747647684231
counter/4/0/0/0,30911:1747647675213:,1747647684231
counter/8/0/0/0,37095:1747647679368:,1747647684231
counter/4/0/0/0,30912:1747647675213:,1747647684231
counter/8/0/0/0,37096:1747647679368:,1747647684231
counter/4/0/0/0,30913:1747647675213:,1747647684231
counter/5/0/0/0,36100:1747647678629:,1747647684231
counter/7/0/0/0,34386:1747647678340:,1747647684231
counter/8/0/0/0,37097:1747647679368:,1747647684231
counter/4/0/0/0,30914:1747647675213:,1747647684231
counter/8/0/0/0,37098:1747647679368:,1747647684231
counter/4/0/0/0,30915:1747647675213:,1747647684231
counter/5/0/0/0,36101:1747647678629:,1747647684231
counter/8/0/0/0,37099:1747647679368:,1747647684231
counter/4/0/0/0,30916:1747647675213:,1747647684231
counter/7/0/0/0,34387:1747647678341:,1747647684231
counter/3/0/0/0,28554:1747647674025:,1747647684231
counter/8/0/0/0,37100:1747647679368:,1747647684231
counter/4/0/0/0,30917:1747647675213:,1747647684231
counter/10/0/0/0,28262:1747647671505:,1747647684231
counter/8/0/0/0,37101:1747647679368:,1747647684231
counter/4/0/0/0,30918:1747647675214:,1747647684231
counter/8/0/0/0,37102:1747647679368:,1747647684231
counter/4/0/0/0,30919:1747647675214:,1747647684231
counter/8/0/0/0,37103:1747647679368:,1747647684231
counter/4/0/0/0,30920:1747647675220:,1747647684231
counter/8/0/0/0,37104:1747647679368:,1747647684231
counter/4/0/0/0,30921:1747647675220:,1747647684231
counter/8/0/0/0,37105:1747647679368:,1747647684231
counter/4/0/0/0,30922:1747647675220:,1747647684231
counter/8/0/0/0,37106:1747647679373:,1747647684231
counter/4/0/0/0,30923:1747647675220:,1747647684232
counter/8/0/0/0,37107:1747647679373:,1747647684232
counter/4/0/0/0,30924:1747647675220:,1747647684232
counter/5/0/0/0,36102:1747647678629:,1747647684232
counter/8/0/0/0,37108:1747647679373:,1747647684232
counter/4/0/0/0,30925:1747647675220:,1747647684232
counter/7/0/0/0,34388:1747647678341:,1747647684232
counter/8/0/0/0,37109:1747647679373:,1747647684232
counter/4/0/0/0,30926:1747647675225:,1747647684232
counter/8/0/0/0,37110:1747647679373:,1747647684232
counter/4/0/0/0,30927:1747647675233:,1747647684232
counter/8/0/0/0,37111:1747647679373:,1747647684232
counter/4/0/0/0,30928:1747647675233:,1747647684232
counter/8/0/0/0,37112:1747647679373:,1747647684232
counter/4/0/0/0,30929:1747647675233:,1747647684232
counter/8/0/0/0,37113:1747647679373:,1747647684232
counter/4/0/0/0,30930:1747647675233:,1747647684232
counter/8/0/0/0,37114:1747647679373:,1747647684232
counter/4/0/0/0,30931:1747647675233:,1747647684232
counter/8/0/0/0,37115:1747647679379:,1747647684232
counter/4/0/0/0,30932:1747647675233:,1747647684232
counter/8/0/0/0,37116:1747647679379:,1747647684232
counter/4/0/0/0,30933:1747647675233:,1747647684232
counter/8/0/0/0,37117:1747647679379:,1747647684232
counter/4/0/0/0,30934:1747647675233:,1747647684232
counter/8/0/0/0,37118:1747647679379:,1747647684232
counter/4/0/0/0,30935:1747647675233:,1747647684232
counter/8/0/0/0,37119:1747647679379:,1747647684232
counter/4/0/0/0,30936:1747647675233:,1747647684232
counter/8/0/0/0,37120:1747647679379:,1747647684232
counter/4/0/0/0,30937:1747647675233:,1747647684232
counter/5/0/0/0,36103:1747647678629:,1747647684232
counter/8/0/0/0,37121:1747647679379:,1747647684233
counter/4/0/0/0,30938:1747647675233:,1747647684233
counter/7/0/0/0,34389:1747647678341:,1747647684233
counter/8/0/0/0,37122:1747647679379:,1747647684233
counter/4/0/0/0,30939:1747647675233:,1747647684233
counter/8/0/0/0,37123:1747647679379:,1747647684233
counter/4/0/0/0,30940:1747647675235:,1747647684233
counter/5/0/0/0,36104:1747647678629:,1747647684233
counter/8/0/0/0,37124:1747647679384:,1747647684233
counter/4/0/0/0,30941:1747647675235:,1747647684233
counter/7/0/0/0,34390:1747647678342:,1747647684233
counter/3/0/0/0,28555:1747647674025:,1747647684233
counter/8/0/0/0,37125:1747647679384:,1747647684233
counter/4/0/0/0,30942:1747647675235:,1747647684233
counter/10/0/0/0,28263:1747647671505:,1747647684233
counter/8/0/0/0,37126:1747647679384:,1747647684233
counter/4/0/0/0,30943:1747647675235:,1747647684233
counter/8/0/0/0,37127:1747647679384:,1747647684233
counter/4/0/0/0,30944:1747647675235:,1747647684233
counter/8/0/0/0,37128:1747647679384:,1747647684233
counter/4/0/0/0,30945:1747647675235:,1747647684233
counter/8/0/0/0,37129:1747647679384:,1747647684233
counter/4/0/0/0,30946:1747647675235:,1747647684233
counter/8/0/0/0,37130:1747647679384:,1747647684233
counter/4/0/0/0,30947:1747647675235:,1747647684233
counter/8/0/0/0,37131:1747647679384:,1747647684233
counter/4/0/0/0,30948:1747647675235:,1747647684233
counter/8/0/0/0,37132:1747647679384:,1747647684233
counter/4/0/0/0,30949:1747647675235:,1747647684233
counter/8/0/0/0,37133:1747647679384:,1747647684233
counter/4/0/0/0,30950:1747647675235:,1747647684233
counter/8/0/0/0,37134:1747647679384:,1747647684233
counter/4/0/0/0,30951:1747647675235:,1747647684233
counter/8/0/0/0,37135:1747647679385:,1747647684233
counter/4/0/0/0,30952:1747647675235:,1747647684234
counter/8/0/0/0,37136:1747647679385:,1747647684234
counter/4/0/0/0,30953:1747647675235:,1747647684234
counter/10/0/0/0,28264:1747647671505:,1747647684234
counter/8/0/0/0,37137:1747647679385:,1747647684234
counter/4/0/0/0,30954:1747647675244:,1747647684234
counter/5/0/0/0,36105:1747647678629:,1747647684234
counter/3/0/0/0,28556:1747647674025:,1747647684234
counter/8/0/0/0,37138:1747647679385:,1747647684234
counter/4/0/0/0,30955:1747647675244:,1747647684234
counter/8/0/0/0,37139:1747647679385:,1747647684234
counter/4/0/0/0,30956:1747647675244:,1747647684234
counter/8/0/0/0,37140:1747647679385:,1747647684234
counter/4/0/0/0,30957:1747647675247:,1747647684234
counter/5/0/0/0,36106:1747647678629:,1747647684234
counter/8/0/0/0,37141:1747647679385:,1747647684234
counter/4/0/0/0,30958:1747647675247:,1747647684234
counter/3/0/0/0,28557:1747647674025:,1747647684234
counter/8/0/0/0,37142:1747647679385:,1747647684234
counter/4/0/0/0,30959:1747647675247:,1747647684234
counter/8/0/0/0,37143:1747647679386:,1747647684234
counter/4/0/0/0,30960:1747647675247:,1747647684234
counter/8/0/0/0,37144:1747647679386:,1747647684234
counter/4/0/0/0,30961:1747647675247:,1747647684234
counter/8/0/0/0,37145:1747647679386:,1747647684234
counter/4/0/0/0,30962:1747647675248:,1747647684234
counter/3/0/0/0,28558:1747647674025:,1747647684234
counter/8/0/0/0,37146:1747647679386:,1747647684234
counter/4/0/0/0,30963:1747647675248:,1747647684234
counter/8/0/0/0,37147:1747647679386:,1747647684234
counter/4/0/0/0,30964:1747647675248:,1747647684234
counter/8/0/0/0,37148:1747647679386:,1747647684234
counter/4/0/0/0,30965:1747647675248:,1747647684234
counter/8/0/0/0,37149:1747647679394:,1747647684234
counter/4/0/0/0,30966:1747647675248:,1747647684234
counter/4/0/0/0,30967:1747647675248:,1747647684235
counter/4/0/0/0,30968:1747647675248:,1747647684235
counter/4/0/0/0,30969:1747647675248:,1747647684235
counter/5/0/0/0,36107:1747647678640:,1747647684235
counter/4/0/0/0,30970:1747647675248:,1747647684235
counter/5/0/0/0,36108:1747647678640:,1747647684235
counter/4/0/0/0,30971:1747647675248:,1747647684235
counter/5/0/0/0,36109:1747647678640:,1747647684235
counter/4/0/0/0,30972:1747647675248:,1747647684235
counter/5/0/0/0,36110:1747647678640:,1747647684235
counter/4/0/0/0,30973:1747647675248:,1747647684235
counter/5/0/0/0,36111:1747647678640:,1747647684235
counter/4/0/0/0,30974:1747647675248:,1747647684235
counter/4/0/0/0,30975:1747647675248:,1747647684235
counter/7/0/0/0,34391:1747647678342:,1747647684235
counter/4/0/0/0,30976:1747647675248:,1747647684235
counter/5/0/0/0,36112:1747647678640:,1747647684235
counter/4/0/0/0,30977:1747647675248:,1747647684235
counter/5/0/0/0,36113:1747647678642:,1747647684235
counter/4/0/0/0,30978:1747647675248:,1747647684235
counter/5/0/0/0,36114:1747647678642:,1747647684235
counter/4/0/0/0,30979:1747647675248:,1747647684235
counter/5/0/0/0,36115:1747647678642:,1747647684235
counter/4/0/0/0,30980:1747647675248:,1747647684235
counter/5/0/0/0,36116:1747647678642:,1747647684235
counter/4/0/0/0,30981:1747647675248:,1747647684235
counter/5/0/0/0,36117:1747647678642:,1747647684235
counter/4/0/0/0,30982:1747647675248:,1747647684235
counter/5/0/0/0,36118:1747647678643:,1747647684235
counter/4/0/0/0,30983:1747647675248:,1747647684235
counter/5/0/0/0,36119:1747647678643:,1747647684236
counter/4/0/0/0,30984:1747647675249:,1747647684236
counter/4/0/0/0,30985:1747647675249:,1747647684236
counter/4/0/0/0,30986:1747647675249:,1747647684236
counter/4/0/0/0,30987:1747647675249:,1747647684236
counter/4/0/0/0,30988:1747647675252:,1747647684236
counter/4/0/0/0,30989:1747647675252:,1747647684236
counter/4/0/0/0,30990:1747647675252:,1747647684236
counter/4/0/0/0,30991:1747647675252:,1747647684236
counter/4/0/0/0,30992:1747647675252:,1747647684236
counter/4/0/0/0,30993:1747647675255:,1747647684236
counter/4/0/0/0,30994:1747647675255:,1747647684236
counter/4/0/0/0,30995:1747647675255:,1747647684236
counter/4/0/0/0,30996:1747647675255:,1747647684236
counter/4/0/0/0,30997:1747647675255:,1747647684236
counter/4/0/0/0,30998:1747647675255:,1747647684236
counter/4/0/0/0,30999:1747647675255:,1747647684236
counter/4/0/0/0,31000:1747647675255:,1747647684236
counter/4/0/0/0,31001:1747647675255:,1747647684236
counter/4/0/0/0,31002:1747647675255:,1747647684236
counter/4/0/0/0,31003:1747647675255:,1747647684236
counter/4/0/0/0,31004:1747647675255:,1747647684236
counter/4/0/0/0,31005:1747647675255:,1747647684236
counter/4/0/0/0,31006:1747647675256:,1747647684236
counter/4/0/0/0,31007:1747647675256:,1747647684236
counter/4/0/0/0,31008:1747647675256:,1747647684236
counter/4/0/0/0,31009:1747647675256:,1747647684236
counter/4/0/0/0,31010:1747647675256:,1747647684236
counter/4/0/0/0,31011:1747647675256:,1747647684236
counter/4/0/0/0,31012:1747647675256:,1747647684236
counter/4/0/0/0,31013:1747647675256:,1747647684236
counter/4/0/0/0,31014:1747647675256:,1747647684236
counter/4/0/0/0,31015:1747647675256:,1747647684236
counter/4/0/0/0,31016:1747647675256:,1747647684236
counter/4/0/0/0,31017:1747647675256:,1747647684236
counter/4/0/0/0,31018:1747647675256:,1747647684236
counter/4/0/0/0,31019:1747647675256:,1747647684237
counter/4/0/0/0,31020:1747647675256:,1747647684237
counter/4/0/0/0,31021:1747647675256:,1747647684237
counter/4/0/0/0,31022:1747647675256:,1747647684237
counter/4/0/0/0,31023:1747647675256:,1747647684237
counter/4/0/0/0,31024:1747647675256:,1747647684237
counter/4/0/0/0,31025:1747647675256:,1747647684237
counter/4/0/0/0,31026:1747647675256:,1747647684237
counter/4/0/0/0,31027:1747647675256:,1747647684237
counter/4/0/0/0,31028:1747647675256:,1747647684237
counter/4/0/0/0,31029:1747647675256:,1747647684237
counter/4/0/0/0,31030:1747647675256:,1747647684237
counter/4/0/0/0,31031:1747647675256:,1747647684237
counter/4/0/0/0,31032:1747647675256:,1747647684237
counter/4/0/0/0,31033:1747647675259:,1747647684237
counter/4/0/0/0,31034:1747647675259:,1747647684237
counter/4/0/0/0,31035:1747647675259:,1747647684237
counter/4/0/0/0,31036:1747647675259:,1747647684237
counter/4/0/0/0,31037:1747647675260:,1747647684237
counter/4/0/0/0,31038:1747647675260:,1747647684237
counter/4/0/0/0,31039:1747647675260:,1747647684237
counter/4/0/0/0,31040:1747647675260:,1747647684237
counter/4/0/0/0,31041:1747647675260:,1747647684237
counter/5/0/0/0,36120:1747647678643:,1747647684237
counter/4/0/0/0,31042:1747647675260:,1747647684237
counter/10/0/0/0,28265:1747647671505:,1747647684237
counter/3/0/0/0,28559:1747647674025:,1747647684237
counter/4/0/0/0,31043:1747647675260:,1747647684237
counter/8/0/0/0,37150:1747647679395:,1747647684237
counter/7/0/0/0,34392:1747647678342:,1747647684237
counter/4/0/0/0,31044:1747647675260:,1747647684237
counter/4/0/0/0,31045:1747647675260:,1747647684237
counter/4/0/0/0,31046:1747647675264:,1747647684237
counter/4/0/0/0,31047:1747647675264:,1747647684237
counter/4/0/0/0,31048:1747647675264:,1747647684238
counter/4/0/0/0,31049:1747647675264:,1747647684238
counter/4/0/0/0,31050:1747647675264:,1747647684238
counter/4/0/0/0,31051:1747647675264:,1747647684238
counter/4/0/0/0,31052:1747647675264:,1747647684238
counter/4/0/0/0,31053:1747647675264:,1747647684238
counter/4/0/0/0,31054:1747647675264:,1747647684238
counter/4/0/0/0,31055:1747647675264:,1747647684238
counter/4/0/0/0,31056:1747647675264:,1747647684238
counter/4/0/0/0,31057:1747647675265:,1747647684238
counter/4/0/0/0,31058:1747647675265:,1747647684238
counter/4/0/0/0,31059:1747647675265:,1747647684238
counter/4/0/0/0,31060:1747647675265:,1747647684238
counter/4/0/0/0,31061:1747647675272:,1747647684238
counter/4/0/0/0,31062:1747647675272:,1747647684238
counter/4/0/0/0,31063:1747647675278:,1747647684238
counter/4/0/0/0,31064:1747647675278:,1747647684238
counter/4/0/0/0,31065:1747647675278:,1747647684238
counter/4/0/0/0,31066:1747647675278:,1747647684238
counter/4/0/0/0,31067:1747647675278:,1747647684238
counter/4/0/0/0,31068:1747647675278:,1747647684238
counter/4/0/0/0,31069:1747647675278:,1747647684238
counter/4/0/0/0,31070:1747647675278:,1747647684238
counter/4/0/0/0,31071:1747647675278:,1747647684238
counter/4/0/0/0,31072:1747647675278:,1747647684238
counter/4/0/0/0,31073:1747647675278:,1747647684238
counter/4/0/0/0,31074:1747647675278:,1747647684238
counter/4/0/0/0,31075:1747647675278:,1747647684238
counter/4/0/0/0,31076:1747647675278:,1747647684238
counter/4/0/0/0,31077:1747647675278:,1747647684238
counter/4/0/0/0,31078:1747647675278:,1747647684238
counter/4/0/0/0,31079:1747647675278:,1747647684239
counter/4/0/0/0,31080:1747647675278:,1747647684239
counter/4/0/0/0,31081:1747647675278:,1747647684239
counter/4/0/0/0,31082:1747647675278:,1747647684239
counter/4/0/0/0,31083:1747647675279:,1747647684239
counter/4/0/0/0,31084:1747647675279:,1747647684239
counter/4/0/0/0,31085:1747647675283:,1747647684239
counter/4/0/0/0,31086:1747647675283:,1747647684239
counter/4/0/0/0,31087:1747647675283:,1747647684239
counter/4/0/0/0,31088:1747647675283:,1747647684239
counter/4/0/0/0,31089:1747647675283:,1747647684239
counter/3/0/0/0,28560:1747647674025:,1747647684239
counter/4/0/0/0,31090:1747647675283:,1747647684239
counter/8/0/0/0,37151:1747647679395:,1747647684239
counter/4/0/0/0,31091:1747647675283:,1747647684239
counter/7/0/0/0,34393:1747647678342:,1747647684239
counter/4/0/0/0,31092:1747647675283:,1747647684239
counter/10/0/0/0,28266:1747647671505:,1747647684239
counter/4/0/0/0,31093:1747647675283:,1747647684239
counter/4/0/0/0,31094:1747647675283:,1747647684239
counter/4/0/0/0,31095:1747647675283:,1747647684239
counter/4/0/0/0,31096:1747647675283:,1747647684239
counter/4/0/0/0,31097:1747647675285:,1747647684239
counter/4/0/0/0,31098:1747647675285:,1747647684239
counter/4/0/0/0,31099:1747647675285:,1747647684239
counter/4/0/0/0,31100:1747647675285:,1747647684239
counter/4/0/0/0,31101:1747647675285:,1747647684239
counter/4/0/0/0,31102:1747647675285:,1747647684239
counter/4/0/0/0,31103:1747647675285:,1747647684239
counter/4/0/0/0,31104:1747647675285:,1747647684239
counter/4/0/0/0,31105:1747647675285:,1747647684239
counter/4/0/0/0,31106:1747647675285:,1747647684239
counter/3/0/0/0,28561:1747647674025:,1747647684239
counter/4/0/0/0,31107:1747647675285:,1747647684239
counter/4/0/0/0,31108:1747647675285:,1747647684240
counter/4/0/0/0,31109:1747647675285:,1747647684240
counter/4/0/0/0,31110:1747647675286:,1747647684240
counter/4/0/0/0,31111:1747647675286:,1747647684240
counter/4/0/0/0,31112:1747647675286:,1747647684240
counter/4/0/0/0,31113:1747647675286:,1747647684240
counter/4/0/0/0,31114:1747647675286:,1747647684240
counter/4/0/0/0,31115:1747647675286:,1747647684240
counter/4/0/0/0,31116:1747647675286:,1747647684240
counter/8/0/0/0,37152:1747647679395:,1747647684240
counter/4/0/0/0,31117:1747647675289:,1747647684240
counter/3/0/0/0,28562:1747647674025:,1747647684240
counter/7/0/0/0,34394:1747647678348:,1747647684240
counter/4/0/0/0,31118:1747647675289:,1747647684240
counter/5/0/0/0,36121:1747647678643:,1747647684240
counter/4/0/0/0,31119:1747647675289:,1747647684240
counter/4/0/0/0,31120:1747647675289:,1747647684240
counter/4/0/0/0,31121:1747647675289:,1747647684240
counter/4/0/0/0,31122:1747647675289:,1747647684240
counter/4/0/0/0,31123:1747647675293:,1747647684240
counter/4/0/0/0,31124:1747647675293:,1747647684240
counter/10/0/0/0,28267:1747647671505:,1747647684240
counter/4/0/0/0,31125:1747647675293:,1747647684240
counter/8/0/0/0,37153:1747647679395:,1747647684240
counter/4/0/0/0,31126:1747647675293:,1747647684240
counter/3/0/0/0,28563:1747647674032:,1747647684240
counter/5/0/0/0,36122:1747647678643:,1747647684240
counter/4/0/0/0,31127:1747647675293:,1747647684240
counter/4/0/0/0,31128:1747647675293:,1747647684240
counter/4/0/0/0,31129:1747647675301:,1747647684240
counter/4/0/0/0,31130:1747647675301:,1747647684240
counter/4/0/0/0,31131:1747647675301:,1747647684240
counter/4/0/0/0,31132:1747647675301:,1747647684240
counter/4/0/0/0,31133:1747647675302:,1747647684240
counter/4/0/0/0,31134:1747647675303:,1747647684241
counter/4/0/0/0,31135:1747647675303:,1747647684241
counter/4/0/0/0,31136:1747647675303:,1747647684241
counter/4/0/0/0,31137:1747647675303:,1747647684241
counter/4/0/0/0,31138:1747647675311:,1747647684241
counter/4/0/0/0,31139:1747647675312:,1747647684241
counter/4/0/0/0,31140:1747647675312:,1747647684241
counter/4/0/0/0,31141:1747647675312:,1747647684241
counter/4/0/0/0,31142:1747647675317:,1747647684241
counter/4/0/0/0,31143:1747647675317:,1747647684241
counter/4/0/0/0,31144:1747647675317:,1747647684241
counter/4/0/0/0,31145:1747647675317:,1747647684241
counter/4/0/0/0,31146:1747647675317:,1747647684241
counter/4/0/0/0,31147:1747647675317:,1747647684241
counter/4/0/0/0,31148:1747647675317:,1747647684241
counter/4/0/0/0,31149:1747647675318:,1747647684241
counter/4/0/0/0,31150:1747647675318:,1747647684241
counter/4/0/0/0,31151:1747647675318:,1747647684241
counter/4/0/0/0,31152:1747647675320:,1747647684241
counter/4/0/0/0,31153:1747647675320:,1747647684241
counter/4/0/0/0,31154:1747647675320:,1747647684241
counter/4/0/0/0,31155:1747647675320:,1747647684241
counter/3/0/0/0,28564:1747647674032:,1747647684241
counter/4/0/0/0,31156:1747647675320:,1747647684241
counter/5/0/0/0,36123:1747647678643:,1747647684241
counter/4/0/0/0,31157:1747647675320:,1747647684241
counter/10/0/0/0,28268:1747647671505:,1747647684241
counter/8/0/0/0,37154:1747647679395:,1747647684241
counter/4/0/0/0,31158:1747647675320:,1747647684241
counter/4/0/0/0,31159:1747647675320:,1747647684241
counter/4/0/0/0,31160:1747647675320:,1747647684241
counter/4/0/0/0,31161:1747647675320:,1747647684242
counter/4/0/0/0,31162:1747647675320:,1747647684242
counter/4/0/0/0,31163:1747647675320:,1747647684242
counter/4/0/0/0,31164:1747647675320:,1747647684242
counter/4/0/0/0,31165:1747647675320:,1747647684242
counter/4/0/0/0,31166:1747647675321:,1747647684242
counter/4/0/0/0,31167:1747647675321:,1747647684242
counter/4/0/0/0,31168:1747647675321:,1747647684242
counter/4/0/0/0,31169:1747647675321:,1747647684242
counter/4/0/0/0,31170:1747647675321:,1747647684242
counter/4/0/0/0,31171:1747647675321:,1747647684242
counter/4/0/0/0,31172:1747647675321:,1747647684242
counter/4/0/0/0,31173:1747647675321:,1747647684242
counter/4/0/0/0,31174:1747647675322:,1747647684242
counter/4/0/0/0,31175:1747647675322:,1747647684242
counter/4/0/0/0,31176:1747647675322:,1747647684242
counter/4/0/0/0,31177:1747647675326:,1747647684242
counter/4/0/0/0,31178:1747647675326:,1747647684242
counter/4/0/0/0,31179:1747647675326:,1747647684242
counter/4/0/0/0,31180:1747647675326:,1747647684242
counter/4/0/0/0,31181:1747647675326:,1747647684242
counter/4/0/0/0,31182:1747647675326:,1747647684242
counter/4/0/0/0,31183:1747647675326:,1747647684242
counter/4/0/0/0,31184:1747647675334:,1747647684242
counter/4/0/0/0,31185:1747647675334:,1747647684242
counter/4/0/0/0,31186:1747647675334:,1747647684242
counter/4/0/0/0,31187:1747647675334:,1747647684242
counter/4/0/0/0,31188:1747647675334:,1747647684242
counter/4/0/0/0,31189:1747647675334:,1747647684242
counter/4/0/0/0,31190:1747647675334:,1747647684242
counter/4/0/0/0,31191:1747647675337:,1747647684242
counter/4/0/0/0,31192:1747647675337:,1747647684242
counter/4/0/0/0,31193:1747647675337:,1747647684242
counter/4/0/0/0,31194:1747647675337:,1747647684242
counter/4/0/0/0,31195:1747647675337:,1747647684242
counter/4/0/0/0,31196:1747647675337:,1747647684243
counter/4/0/0/0,31197:1747647675337:,1747647684243
counter/4/0/0/0,31198:1747647675341:,1747647684243
counter/4/0/0/0,31199:1747647675341:,1747647684243
counter/4/0/0/0,31200:1747647675341:,1747647684243
counter/4/0/0/0,31201:1747647675341:,1747647684243
counter/4/0/0/0,31202:1747647675341:,1747647684243
counter/4/0/0/0,31203:1747647675341:,1747647684243
counter/4/0/0/0,31204:1747647675341:,1747647684243
counter/4/0/0/0,31205:1747647675341:,1747647684243
counter/4/0/0/0,31206:1747647675341:,1747647684243
counter/4/0/0/0,31207:1747647675341:,1747647684243
counter/4/0/0/0,31208:1747647675351:,1747647684243
counter/4/0/0/0,31209:1747647675352:,1747647684243
counter/4/0/0/0,31210:1747647675352:,1747647684243
counter/4/0/0/0,31211:1747647675352:,1747647684243
counter/4/0/0/0,31212:1747647675352:,1747647684243
counter/4/0/0/0,31213:1747647675352:,1747647684243
counter/4/0/0/0,31214:1747647675352:,1747647684243
counter/4/0/0/0,31215:1747647675352:,1747647684243
counter/4/0/0/0,31216:1747647675352:,1747647684243
counter/4/0/0/0,31217:1747647675352:,1747647684243
counter/4/0/0/0,31218:1747647675352:,1747647684243
counter/4/0/0/0,31219:1747647675352:,1747647684243
counter/4/0/0/0,31220:1747647675352:,1747647684243
counter/4/0/0/0,31221:1747647675352:,1747647684243
counter/4/0/0/0,31222:1747647675352:,1747647684243
counter/4/0/0/0,31223:1747647675352:,1747647684243
counter/4/0/0/0,31224:1747647675352:,1747647684243
counter/4/0/0/0,31225:1747647675352:,1747647684243
counter/4/0/0/0,31226:1747647675352:,1747647684243
counter/4/0/0/0,31227:1747647675352:,1747647684243
counter/4/0/0/0,31228:1747647675352:,1747647684243
counter/4/0/0/0,31229:1747647675355:,1747647684244
counter/4/0/0/0,31230:1747647675357:,1747647684244
counter/4/0/0/0,31231:1747647675358:,1747647684244
counter/4/0/0/0,31232:1747647675358:,1747647684244
counter/4/0/0/0,31233:1747647675358:,1747647684244
counter/4/0/0/0,31234:1747647675358:,1747647684244
counter/4/0/0/0,31235:1747647675358:,1747647684244
counter/4/0/0/0,31236:1747647675358:,1747647684244
counter/4/0/0/0,31237:1747647675358:,1747647684244
counter/4/0/0/0,31238:1747647675358:,1747647684244
counter/4/0/0/0,31239:1747647675358:,1747647684244
counter/4/0/0/0,31240:1747647675358:,1747647684244
counter/4/0/0/0,31241:1747647675358:,1747647684244
counter/4/0/0/0,31242:1747647675358:,1747647684244
counter/4/0/0/0,31243:1747647675358:,1747647684244
counter/4/0/0/0,31244:1747647675359:,1747647684244
counter/4/0/0/0,31245:1747647675359:,1747647684244
counter/4/0/0/0,31246:1747647675359:,1747647684244
counter/3/0/0/0,28565:1747647674032:,1747647684244
counter/4/0/0/0,31247:1747647675359:,1747647684244
counter/10/0/0/0,28269:1747647671505:,1747647684244
counter/8/0/0/0,37155:1747647679395:,1747647684244
counter/4/0/0/0,31248:1747647675359:,1747647684244
counter/8/0/0/0,37156:1747647679395:,1747647684244
counter/4/0/0/0,31249:1747647675359:,1747647684244
counter/8/0/0/0,37157:1747647679395:,1747647684244
counter/4/0/0/0,31250:1747647675364:,1747647684244
counter/8/0/0/0,37158:1747647679412:,1747647684244
counter/4/0/0/0,31251:1747647675364:,1747647684244
counter/4/0/0/0,31252:1747647675364:,1747647684244
counter/4/0/0/0,31253:1747647675364:,1747647684244
counter/4/0/0/0,31254:1747647675364:,1747647684245
counter/4/0/0/0,31255:1747647675364:,1747647684245
counter/4/0/0/0,31256:1747647675366:,1747647684245
counter/4/0/0/0,31257:1747647675366:,1747647684245
counter/4/0/0/0,31258:1747647675368:,1747647684245
counter/8/0/0/0,37159:1747647679415:,1747647684245
counter/4/0/0/0,31259:1747647675368:,1747647684245
counter/3/0/0/0,28566:1747647674045:,1747647684245
counter/4/0/0/0,31260:1747647675368:,1747647684245
counter/10/0/0/0,28270:1747647671505:,1747647684245
counter/7/0/0/0,34395:1747647678348:,1747647684245
counter/4/0/0/0,31261:1747647675368:,1747647684245
counter/4/0/0/0,31262:1747647675368:,1747647684245
counter/4/0/0/0,31263:1747647675368:,1747647684245
counter/4/0/0/0,31264:1747647675369:,1747647684245
counter/4/0/0/0,31265:1747647675369:,1747647684245
counter/4/0/0/0,31266:1747647675369:,1747647684245
counter/4/0/0/0,31267:1747647675369:,1747647684245
counter/10/0/0/0,28271:1747647671505:,1747647684245
counter/4/0/0/0,31268:1747647675369:,1747647684245
counter/5/0/0/0,36124:1747647678643:,1747647684245
counter/4/0/0/0,31269:1747647675369:,1747647684245
counter/5/0/0/0,36125:1747647678643:,1747647684245
counter/4/0/0/0,31270:1747647675369:,1747647684245
counter/5/0/0/0,36126:1747647678644:,1747647684245
counter/4/0/0/0,31271:1747647675369:,1747647684245
counter/5/0/0/0,36127:1747647678650:,1747647684245
counter/4/0/0/0,31272:1747647675369:,1747647684245
counter/5/0/0/0,36128:1747647678650:,1747647684245
counter/4/0/0/0,31273:1747647675369:,1747647684245
counter/5/0/0/0,36129:1747647678655:,1747647684245
counter/4/0/0/0,31274:1747647675369:,1747647684245
counter/5/0/0/0,36130:1747647678655:,1747647684245
counter/4/0/0/0,31275:1747647675369:,1747647684245
counter/5/0/0/0,36131:1747647678655:,1747647684246
counter/5/0/0/0,36132:1747647678655:,1747647684246
counter/5/0/0/0,36133:1747647678655:,1747647684246
counter/3/0/0/0,28567:1747647674045:,1747647684246
counter/5/0/0/0,36134:1747647678655:,1747647684246
counter/4/0/0/0,31276:1747647675369:,1747647684246
counter/5/0/0/0,36135:1747647678655:,1747647684246
counter/7/0/0/0,34396:1747647678348:,1747647684246
counter/5/0/0/0,36136:1747647678658:,1747647684246
counter/5/0/0/0,36137:1747647678659:,1747647684246
counter/5/0/0/0,36138:1747647678659:,1747647684246
counter/5/0/0/0,36139:1747647678659:,1747647684246
counter/8/0/0/0,37160:1747647679415:,1747647684246
counter/10/0/0/0,28272:1747647671505:,1747647684246
counter/3/0/0/0,28568:1747647674045:,1747647684246
counter/7/0/0/0,34397:1747647678348:,1747647684246
counter/5/0/0/0,36140:1747647678659:,1747647684246
counter/4/0/0/0,31277:1747647675372:,1747647684246
counter/4/0/0/0,31278:1747647675372:,1747647684246
counter/4/0/0/0,31279:1747647675374:,1747647684246
counter/4/0/0/0,31280:1747647675378:,1747647684246
counter/4/0/0/0,31281:1747647675378:,1747647684246
counter/4/0/0/0,31282:1747647675378:,1747647684246
counter/4/0/0/0,31283:1747647675378:,1747647684246
counter/10/0/0/0,28273:1747647671505:,1747647684246
counter/4/0/0/0,31284:1747647675378:,1747647684246
counter/7/0/0/0,34398:1747647678348:,1747647684246
counter/4/0/0/0,31285:1747647675378:,1747647684246
counter/8/0/0/0,37161:1747647679415:,1747647684246
counter/4/0/0/0,31286:1747647675378:,1747647684246
counter/4/0/0/0,31287:1747647675378:,1747647684246
counter/3/0/0/0,28569:1747647674045:,1747647684246
counter/7/0/0/0,34399:1747647678348:,1747647684246
counter/10/0/0/0,28274:1747647671505:,1747647684246
counter/8/0/0/0,37162:1747647679415:,1747647684246
counter/10/0/0/0,28275:1747647671506:,1747647684247
counter/10/0/0/0,28276:1747647671506:,1747647684247
counter/10/0/0/0,28277:1747647671508:,1747647684247
counter/10/0/0/0,28278:1747647671508:,1747647684247
counter/5/0/0/0,36141:1747647678659:,1747647684247
counter/10/0/0/0,28279:1747647671508:,1747647684247
counter/4/0/0/0,31288:1747647675378:,1747647684247
counter/10/0/0/0,28280:1747647671508:,1747647684247
counter/3/0/0/0,28570:1747647674045:,1747647684247
counter/10/0/0/0,28281:1747647671508:,1747647684247
counter/3/0/0/0,28571:1747647674047:,1747647684247
counter/3/0/0/0,28572:1747647674047:,1747647684247
counter/3/0/0/0,28573:1747647674047:,1747647684247
counter/3/0/0/0,28574:1747647674047:,1747647684247
counter/3/0/0/0,28575:1747647674047:,1747647684247
counter/3/0/0/0,28576:1747647674047:,1747647684247
counter/3/0/0/0,28577:1747647674047:,1747647684247
counter/7/0/0/0,34400:1747647678348:,1747647684247
counter/3/0/0/0,28578:1747647674047:,1747647684247
counter/8/0/0/0,37163:1747647679416:,1747647684247
counter/3/0/0/0,28579:1747647674047:,1747647684247
counter/10/0/0/0,28282:1747647671508:,1747647684247
counter/5/0/0/0,36142:1747647678659:,1747647684247
counter/3/0/0/0,28580:1747647674047:,1747647684247
counter/4/0/0/0,31289:1747647675378:,1747647684247
counter/3/0/0/0,28581:1747647674047:,1747647684247
counter/4/0/0/0,31290:1747647675378:,1747647684247
counter/3/0/0/0,28582:1747647674047:,1747647684247
counter/4/0/0/0,31291:1747647675378:,1747647684247
counter/10/0/0/0,28283:1747647671508:,1747647684247
counter/3/0/0/0,28583:1747647674047:,1747647684248
counter/4/0/0/0,31292:1747647675378:,1747647684248
counter/4/0/0/0,31293:1747647675378:,1747647684248
counter/5/0/0/0,36143:1747647678659:,1747647684248
counter/5/0/0/0,36144:1747647678659:,1747647684248
counter/5/0/0/0,36145:1747647678660:,1747647684248
counter/7/0/0/0,34401:1747647678348:,1747647684248
counter/5/0/0/0,36146:1747647678661:,1747647684248
counter/4/0/0/0,31294:1747647675378:,1747647684248
counter/5/0/0/0,36147:1747647678661:,1747647684248
counter/10/0/0/0,28284:1747647671508:,1747647684248
counter/10/0/0/0,28285:1747647671508:,1747647684248
counter/3/0/0/0,28584:1747647674051:,1747647684248
counter/5/0/0/0,36148:1747647678661:,1747647684248
counter/5/0/0/0,36149:1747647678661:,1747647684248
counter/5/0/0/0,36150:1747647678661:,1747647684248
counter/5/0/0/0,36151:1747647678661:,1747647684248
counter/3/0/0/0,28585:1747647674052:,1747647684248
counter/5/0/0/0,36152:1747647678661:,1747647684248
counter/10/0/0/0,28286:1747647671508:,1747647684248
counter/10/0/0/0,28287:1747647671508:,1747647684248
counter/7/0/0/0,34402:1747647678348:,1747647684248
counter/3/0/0/0,28586:1747647674052:,1747647684248
counter/5/0/0/0,36153:1747647678661:,1747647684248
counter/8/0/0/0,37164:1747647679416:,1747647684248
counter/8/0/0/0,37165:1747647679416:,1747647684248
counter/8/0/0/0,37166:1747647679416:,1747647684248
counter/8/0/0/0,37167:1747647679459:,1747647684248
counter/10/0/0/0,28288:1747647671508:,1747647684248
counter/8/0/0/0,37168:1747647679460:,1747647684248
counter/8/0/0/0,37169:1747647679460:,1747647684248
counter/8/0/0/0,37170:1747647679460:,1747647684248
counter/3/0/0/0,28587:1747647674052:,1747647684248
counter/8/0/0/0,37171:1747647679460:,1747647684248
counter/8/0/0/0,37172:1747647679460:,1747647684248
counter/8/0/0/0,37173:1747647679460:,1747647684249
counter/8/0/0/0,37174:1747647679460:,1747647684249
counter/8/0/0/0,37175:1747647679460:,1747647684249
counter/8/0/0/0,37176:1747647679460:,1747647684249
counter/8/0/0/0,37177:1747647679460:,1747647684249
counter/8/0/0/0,37178:1747647679460:,1747647684249
counter/8/0/0/0,37179:1747647679460:,1747647684249
counter/8/0/0/0,37180:1747647679460:,1747647684249
counter/8/0/0/0,37181:1747647679461:,1747647684249
counter/8/0/0/0,37182:1747647679461:,1747647684249
counter/4/0/0/0,31295:1747647675378:,1747647684249
counter/8/0/0/0,37183:1747647679461:,1747647684249
counter/5/0/0/0,36154:1747647678661:,1747647684249
counter/8/0/0/0,37184:1747647679461:,1747647684249
counter/7/0/0/0,34403:1747647678348:,1747647684249
counter/8/0/0/0,37185:1747647679462:,1747647684249
counter/3/0/0/0,28588:1747647674057:,1747647684249
counter/8/0/0/0,37186:1747647679462:,1747647684249
counter/10/0/0/0,28289:1747647671508:,1747647684249
counter/8/0/0/0,37187:1747647679462:,1747647684249
counter/7/0/0/0,34404:1747647678348:,1747647684249
counter/8/0/0/0,37188:1747647679465:,1747647684249
counter/4/0/0/0,31296:1747647675379:,1747647684249
counter/8/0/0/0,37189:1747647679465:,1747647684249
counter/8/0/0/0,37190:1747647679484:,1747647684249
counter/8/0/0/0,37191:1747647679484:,1747647684249
counter/8/0/0/0,37192:1747647679484:,1747647684249
counter/8/0/0/0,37193:1747647679487:,1747647684249
counter/10/0/0/0,28290:1747647671508:,1747647684249
counter/3/0/0/0,28589:1747647674057:,1747647684249
counter/5/0/0/0,36155:1747647678667:,1747647684249
counter/10/0/0/0,28291:1747647671508:,1747647684249
counter/5/0/0/0,36156:1747647678667:,1747647684249
counter/3/0/0/0,28590:1747647674057:,1747647684249
counter/5/0/0/0,36157:1747647678667:,1747647684250
counter/5/0/0/0,36158:1747647678667:,1747647684250
counter/10/0/0/0,28292:1747647671508:,1747647684250
counter/5/0/0/0,36159:1747647678668:,1747647684250
counter/5/0/0/0,36160:1747647678668:,1747647684250
counter/5/0/0/0,36161:1747647678668:,1747647684250
counter/5/0/0/0,36162:1747647678668:,1747647684250
counter/5/0/0/0,36163:1747647678668:,1747647684250
counter/5/0/0/0,36164:1747647678668:,1747647684250
counter/5/0/0/0,36165:1747647678668:,1747647684250
counter/5/0/0/0,36166:1747647678669:,1747647684250
counter/5/0/0/0,36167:1747647678683:,1747647684250
counter/5/0/0/0,36168:1747647678683:,1747647684250
counter/5/0/0/0,36169:1747647678683:,1747647684250
counter/5/0/0/0,36170:1747647678683:,1747647684250
counter/4/0/0/0,31297:1747647675386:,1747647684250
counter/5/0/0/0,36171:1747647678683:,1747647684250
counter/7/0/0/0,34405:1747647678348:,1747647684250
counter/5/0/0/0,36172:1747647678683:,1747647684250
counter/5/0/0/0,36173:1747647678683:,1747647684250
counter/5/0/0/0,36174:1747647678683:,1747647684250
counter/5/0/0/0,36175:1747647678685:,1747647684250
counter/3/0/0/0,28591:1747647674057:,1747647684250
counter/10/0/0/0,28293:1747647671508:,1747647684250
counter/5/0/0/0,36176:1747647678685:,1747647684250
counter/7/0/0/0,34406:1747647678348:,1747647684250
counter/5/0/0/0,36177:1747647678685:,1747647684250
counter/5/0/0/0,36178:1747647678685:,1747647684250
counter/4/0/0/0,31298:1747647675387:,1747647684250
counter/5/0/0/0,36179:1747647678685:,1747647684250
counter/7/0/0/0,34407:1747647678348:,1747647684250
counter/3/0/0/0,28592:1747647674057:,1747647684250
counter/5/0/0/0,36180:1747647678685:,1747647684251
counter/7/0/0/0,34408:1747647678348:,1747647684251
counter/5/0/0/0,36181:1747647678685:,1747647684251
counter/4/0/0/0,31299:1747647675387:,1747647684251
counter/10/0/0/0,28294:1747647671508:,1747647684251
counter/3/0/0/0,28593:1747647674057:,1747647684251
counter/3/0/0/0,28594:1747647674057:,1747647684251
counter/10/0/0/0,28295:1747647671518:,1747647684251
counter/7/0/0/0,34409:1747647678348:,1747647684251
counter/10/0/0/0,28296:1747647671518:,1747647684251
counter/3/0/0/0,28595:1747647674063:,1747647684251
counter/7/0/0/0,34410:1747647678348:,1747647684251
counter/5/0/0/0,36182:1747647678685:,1747647684251
counter/4/0/0/0,31300:1747647675387:,1747647684251
counter/3/0/0/0,28596:1747647674063:,1747647684251
counter/4/0/0/0,31301:1747647675387:,1747647684251
counter/7/0/0/0,34411:1747647678348:,1747647684251
counter/4/0/0/0,31302:1747647675387:,1747647684251
counter/5/0/0/0,36183:1747647678714:,1747647684251
counter/5/0/0/0,36184:1747647678714:,1747647684251
counter/5/0/0/0,36185:1747647678714:,1747647684251
counter/5/0/0/0,36186:1747647678714:,1747647684251
counter/5/0/0/0,36187:1747647678714:,1747647684251
counter/5/0/0/0,36188:1747647678726:,1747647684251
counter/5/0/0/0,36189:1747647678726:,1747647684251
counter/5/0/0/0,36190:1747647678726:,1747647684251
counter/5/0/0/0,36191:1747647678726:,1747647684251
counter/5/0/0/0,36192:1747647678726:,1747647684251
counter/5/0/0/0,36193:1747647678726:,1747647684251
counter/5/0/0/0,36194:1747647678726:,1747647684251
counter/7/0/0/0,34412:1747647678348:,1747647684251
counter/5/0/0/0,36195:1747647678726:,1747647684251
counter/4/0/0/0,31303:1747647675387:,1747647684251
counter/5/0/0/0,36196:1747647678726:,1747647684252
counter/4/0/0/0,31304:1747647675396:,1747647684252
counter/5/0/0/0,36197:1747647678726:,1747647684252
counter/4/0/0/0,31305:1747647675396:,1747647684252
counter/4/0/0/0,31306:1747647675396:,1747647684252
counter/4/0/0/0,31307:1747647675396:,1747647684252
counter/4/0/0/0,31308:1747647675396:,1747647684252
counter/4/0/0/0,31309:1747647675396:,1747647684252
counter/5/0/0/0,36198:1747647678726:,1747647684252
counter/4/0/0/0,31310:1747647675396:,1747647684252
counter/10/0/0/0,28297:1747647671518:,1747647684252
counter/4/0/0/0,31311:1747647675396:,1747647684252
counter/3/0/0/0,28597:1747647674063:,1747647684252
counter/4/0/0/0,31312:1747647675396:,1747647684252
counter/4/0/0/0,31313:1747647675397:,1747647684252
counter/10/0/0/0,28298:1747647671518:,1747647684252
counter/4/0/0/0,31314:1747647675397:,1747647684252
counter/3/0/0/0,28598:1747647674063:,1747647684252
counter/7/0/0/0,34413:1747647678348:,1747647684252
counter/4/0/0/0,31315:1747647675397:,1747647684252
counter/4/0/0/0,31316:1747647675397:,1747647684252
counter/4/0/0/0,31317:1747647675397:,1747647684252
counter/4/0/0/0,31318:1747647675397:,1747647684252
counter/4/0/0/0,31319:1747647675397:,1747647684252
counter/4/0/0/0,31320:1747647675397:,1747647684252
counter/4/0/0/0,31321:1747647675397:,1747647684252
counter/4/0/0/0,31322:1747647675397:,1747647684252
counter/4/0/0/0,31323:1747647675397:,1747647684252
counter/4/0/0/0,31324:1747647675397:,1747647684252
counter/5/0/0/0,36199:1747647678726:,1747647684252
counter/4/0/0/0,31325:1747647675397:,1747647684252
counter/10/0/0/0,28299:1747647671518:,1747647684252
counter/4/0/0/0,31326:1747647675403:,1747647684252
counter/3/0/0/0,28599:1747647674063:,1747647684253
counter/4/0/0/0,31327:1747647675403:,1747647684253
counter/7/0/0/0,34414:1747647678348:,1747647684253
counter/4/0/0/0,31328:1747647675403:,1747647684253
counter/5/0/0/0,36200:1747647678726:,1747647684253
counter/10/0/0/0,28300:1747647671518:,1747647684253
counter/4/0/0/0,31329:1747647675403:,1747647684253
counter/3/0/0/0,28600:1747647674063:,1747647684253
counter/4/0/0/0,31330:1747647675403:,1747647684253
counter/7/0/0/0,34415:1747647678348:,1747647684253
counter/4/0/0/0,31331:1747647675403:,1747647684253
counter/5/0/0/0,36201:1747647678726:,1747647684253
counter/10/0/0/0,28301:1747647671518:,1747647684253
counter/4/0/0/0,31332:1747647675403:,1747647684253
counter/3/0/0/0,28601:1747647674064:,1747647684253
counter/4/0/0/0,31333:1747647675403:,1747647684253
counter/4/0/0/0,31334:1747647675403:,1747647684253
counter/4/0/0/0,31335:1747647675405:,1747647684253
counter/5/0/0/0,36202:1747647678726:,1747647684253
counter/4/0/0/0,31336:1747647675405:,1747647684253
counter/3/0/0/0,28602:1747647674064:,1747647684253
counter/4/0/0/0,31337:1747647675405:,1747647684253
counter/5/0/0/0,36203:1747647678726:,1747647684253
counter/7/0/0/0,34416:1747647678348:,1747647684253
counter/4/0/0/0,31338:1747647675405:,1747647684253
counter/10/0/0/0,28302:1747647671518:,1747647684253
counter/4/0/0/0,31339:1747647675405:,1747647684253
counter/4/0/0/0,31340:1747647675405:,1747647684253
counter/4/0/0/0,31341:1747647675405:,1747647684253
counter/4/0/0/0,31342:1747647675405:,1747647684253
counter/7/0/0/0,34417:1747647678348:,1747647684254
counter/10/0/0/0,28303:1747647671519:,1747647684254
counter/10/0/0/0,28304:1747647671519:,1747647684254
counter/10/0/0/0,28305:1747647671519:,1747647684254
counter/10/0/0/0,28306:1747647671520:,1747647684254
counter/10/0/0/0,28307:1747647671520:,1747647684254
counter/10/0/0/0,28308:1747647671520:,1747647684254
counter/10/0/0/0,28309:1747647671520:,1747647684254
counter/10/0/0/0,28310:1747647671520:,1747647684254
counter/10/0/0/0,28311:1747647671520:,1747647684254
counter/10/0/0/0,28312:1747647671520:,1747647684254
counter/10/0/0/0,28313:1747647671520:,1747647684254
counter/10/0/0/0,28314:1747647671524:,1747647684254
counter/10/0/0/0,28315:1747647671524:,1747647684254
counter/10/0/0/0,28316:1747647671527:,1747647684254
counter/4/0/0/0,31343:1747647675405:,1747647684254
counter/4/0/0/0,31344:1747647675405:,1747647684254
counter/4/0/0/0,31345:1747647675405:,1747647684254
counter/4/0/0/0,31346:1747647675405:,1747647684254
counter/4/0/0/0,31347:1747647675405:,1747647684254
counter/10/0/0/0,28317:1747647671527:,1747647684254
counter/7/0/0/0,34418:1747647678348:,1747647684254
counter/3/0/0/0,28603:1747647674064:,1747647684254
counter/5/0/0/0,36204:1747647678726:,1747647684254
counter/3/0/0/0,28604:1747647674064:,1747647684254
counter/5/0/0/0,36205:1747647678726:,1747647684254
counter/7/0/0/0,34419:1747647678349:,1747647684254
counter/10/0/0/0,28318:1747647671527:,1747647684254
counter/10/0/0/0,28319:1747647671527:,1747647684254
counter/10/0/0/0,28320:1747647671527:,1747647684254
counter/3/0/0/0,28605:1747647674064:,1747647684254
counter/10/0/0/0,28321:1747647671527:,1747647684254
counter/4/0/0/0,31348:1747647675406:,1747647684254
counter/10/0/0/0,28322:1747647671528:,1747647684254
counter/4/0/0/0,31349:1747647675406:,1747647684254
counter/4/0/0/0,31350:1747647675407:,1747647684255
counter/4/0/0/0,31351:1747647675434:,1747647684255
counter/4/0/0/0,31352:1747647675434:,1747647684255
counter/3/0/0/0,28606:1747647674064:,1747647684255
counter/4/0/0/0,31353:1747647675434:,1747647684255
counter/10/0/0/0,28323:1747647671528:,1747647684255
counter/4/0/0/0,31354:1747647675434:,1747647684255
counter/7/0/0/0,34420:1747647678349:,1747647684255
counter/4/0/0/0,31355:1747647675434:,1747647684255
counter/7/0/0/0,34421:1747647678349:,1747647684255
counter/7/0/0/0,34422:1747647678349:,1747647684255
counter/7/0/0/0,34423:1747647678351:,1747647684255
counter/7/0/0/0,34424:1747647678351:,1747647684255
counter/7/0/0/0,34425:1747647678351:,1747647684255
counter/7/0/0/0,34426:1747647678351:,1747647684255
counter/7/0/0/0,34427:1747647678351:,1747647684255
counter/7/0/0/0,34428:1747647678351:,1747647684255
counter/7/0/0/0,34429:1747647678351:,1747647684255
counter/7/0/0/0,34430:1747647678351:,1747647684255
counter/7/0/0/0,34431:1747647678351:,1747647684255
counter/7/0/0/0,34432:1747647678351:,1747647684255
counter/7/0/0/0,34433:1747647678357:,1747647684255
counter/7/0/0/0,34434:1747647678357:,1747647684255
counter/7/0/0/0,34435:1747647678357:,1747647684255
counter/7/0/0/0,34436:1747647678357:,1747647684255
counter/7/0/0/0,34437:1747647678357:,1747647684255
counter/7/0/0/0,34438:1747647678357:,1747647684255
counter/7/0/0/0,34439:1747647678357:,1747647684255
counter/7/0/0/0,34440:1747647678357:,1747647684255
counter/7/0/0/0,34441:1747647678357:,1747647684255
counter/7/0/0/0,34442:1747647678358:,1747647684255
counter/3/0/0/0,28607:1747647674064:,1747647684255
counter/7/0/0/0,34443:1747647678358:,1747647684255
counter/10/0/0/0,28324:1747647671528:,1747647684256
counter/7/0/0/0,34444:1747647678358:,1747647684256
counter/5/0/0/0,36206:1747647678726:,1747647684256
counter/4/0/0/0,31356:1747647675434:,1747647684256
counter/7/0/0/0,34445:1747647678358:,1747647684256
counter/7/0/0/0,34446:1747647678358:,1747647684256
counter/7/0/0/0,34447:1747647678358:,1747647684256
counter/7/0/0/0,34448:1747647678358:,1747647684256
counter/7/0/0/0,34449:1747647678358:,1747647684256
counter/7/0/0/0,34450:1747647678358:,1747647684256
counter/7/0/0/0,34451:1747647678358:,1747647684256
counter/7/0/0/0,34452:1747647678358:,1747647684256
counter/7/0/0/0,34453:1747647678358:,1747647684256
counter/7/0/0/0,34454:1747647678362:,1747647684256
counter/7/0/0/0,34455:1747647678363:,1747647684256
counter/7/0/0/0,34456:1747647678363:,1747647684256
counter/7/0/0/0,34457:1747647678363:,1747647684256
counter/7/0/0/0,34458:1747647678363:,1747647684256
counter/7/0/0/0,34459:1747647678363:,1747647684256
counter/7/0/0/0,34460:1747647678363:,1747647684256
counter/5/0/0/0,36207:1747647678726:,1747647684256
counter/7/0/0/0,34461:1747647678363:,1747647684256
counter/10/0/0/0,28325:1747647671528:,1747647684256
counter/7/0/0/0,34462:1747647678363:,1747647684256
counter/3/0/0/0,28608:1747647674064:,1747647684256
counter/4/0/0/0,31357:1747647675434:,1747647684256
counter/7/0/0/0,34463:1747647678363:,1747647684256
counter/7/0/0/0,34464:1747647678363:,1747647684256
counter/7/0/0/0,34465:1747647678363:,1747647684256
counter/7/0/0/0,34466:1747647678374:,1747647684256
counter/7/0/0/0,34467:1747647678374:,1747647684256
counter/7/0/0/0,34468:1747647678374:,1747647684257
counter/7/0/0/0,34469:1747647678374:,1747647684257
counter/7/0/0/0,34470:1747647678374:,1747647684257
counter/7/0/0/0,34471:1747647678375:,1747647684257
counter/7/0/0/0,34472:1747647678375:,1747647684257
counter/7/0/0/0,34473:1747647678375:,1747647684257
counter/7/0/0/0,34474:1747647678375:,1747647684257
counter/7/0/0/0,34475:1747647678381:,1747647684257
counter/7/0/0/0,34476:1747647678381:,1747647684257
counter/7/0/0/0,34477:1747647678381:,1747647684257
counter/7/0/0/0,34478:1747647678381:,1747647684257
counter/7/0/0/0,34479:1747647678381:,1747647684257
counter/7/0/0/0,34480:1747647678381:,1747647684257
counter/7/0/0/0,34481:1747647678381:,1747647684257
counter/7/0/0/0,34482:1747647678381:,1747647684257
counter/7/0/0/0,34483:1747647678383:,1747647684257
counter/7/0/0/0,34484:1747647678383:,1747647684257
counter/7/0/0/0,34485:1747647678383:,1747647684257
counter/7/0/0/0,34486:1747647678383:,1747647684257
counter/7/0/0/0,34487:1747647678383:,1747647684257
counter/7/0/0/0,34488:1747647678383:,1747647684257
counter/7/0/0/0,34489:1747647678386:,1747647684257
counter/7/0/0/0,34490:1747647678386:,1747647684257
counter/7/0/0/0,34491:1747647678386:,1747647684257
counter/7/0/0/0,34492:1747647678386:,1747647684257
counter/7/0/0/0,34493:1747647678386:,1747647684257
counter/7/0/0/0,34494:1747647678386:,1747647684257
counter/7/0/0/0,34495:1747647678386:,1747647684257
counter/7/0/0/0,34496:1747647678386:,1747647684257
counter/7/0/0/0,34497:1747647678386:,1747647684257
counter/7/0/0/0,34498:1747647678386:,1747647684257
counter/7/0/0/0,34499:1747647678386:,1747647684257
counter/7/0/0/0,34500:1747647678386:,1747647684257
counter/7/0/0/0,34501:1747647678386:,1747647684257
counter/7/0/0/0,34502:1747647678386:,1747647684258
counter/7/0/0/0,34503:1747647678386:,1747647684258
counter/7/0/0/0,34504:1747647678395:,1747647684258
counter/7/0/0/0,34505:1747647678395:,1747647684258
counter/7/0/0/0,34506:1747647678395:,1747647684258
counter/7/0/0/0,34507:1747647678395:,1747647684258
counter/7/0/0/0,34508:1747647678395:,1747647684258
counter/3/0/0/0,28609:1747647674064:,1747647684258
counter/7/0/0/0,34509:1747647678395:,1747647684258
counter/4/0/0/0,31358:1747647675434:,1747647684258
counter/7/0/0/0,34510:1747647678395:,1747647684258
counter/5/0/0/0,36208:1747647678727:,1747647684258
counter/7/0/0/0,34511:1747647678395:,1747647684258
counter/10/0/0/0,28326:1747647671531:,1747647684258
counter/7/0/0/0,34512:1747647678395:,1747647684258
counter/3/0/0/0,28610:1747647674064:,1747647684258
counter/4/0/0/0,31359:1747647675434:,1747647684258
counter/7/0/0/0,34513:1747647678395:,1747647684258
counter/5/0/0/0,36209:1747647678727:,1747647684258
counter/7/0/0/0,34514:1747647678395:,1747647684258
counter/7/0/0/0,34515:1747647678395:,1747647684258
counter/7/0/0/0,34516:1747647678396:,1747647684258
counter/10/0/0/0,28327:1747647671538:,1747647684258
counter/3/0/0/0,28611:1747647674064:,1747647684258
counter/5/0/0/0,36210:1747647678727:,1747647684258
counter/3/0/0/0,28612:1747647674064:,1747647684258
counter/10/0/0/0,28328:1747647671538:,1747647684258
counter/5/0/0/0,36211:1747647678727:,1747647684258
counter/3/0/0/0,28613:1747647674064:,1747647684258
counter/10/0/0/0,28329:1747647671538:,1747647684258
counter/5/0/0/0,36212:1747647678727:,1747647684258
counter/10/0/0/0,28330:1747647671538:,1747647684258
counter/5/0/0/0,36213:1747647678727:,1747647684258
counter/3/0/0/0,28614:1747647674064:,1747647684258
counter/5/0/0/0,36214:1747647678727:,1747647684258
counter/10/0/0/0,28331:1747647671542:,1747647684259
counter/3/0/0/0,28615:1747647674064:,1747647684259
counter/7/0/0/0,34517:1747647678396:,1747647684259
counter/4/0/0/0,31360:1747647675434:,1747647684259
counter/5/0/0/0,36215:1747647678727:,1747647684259
counter/10/0/0/0,28332:1747647671542:,1747647684259
counter/3/0/0/0,28616:1747647674064:,1747647684259
counter/7/0/0/0,34518:1747647678396:,1747647684259
counter/4/0/0/0,31361:1747647675434:,1747647684259
counter/4/0/0/0,31362:1747647675434:,1747647684259
counter/4/0/0/0,31363:1747647675434:,1747647684259
counter/4/0/0/0,31364:1747647675439:,1747647684259
counter/4/0/0/0,31365:1747647675439:,1747647684259
counter/4/0/0/0,31366:1747647675439:,1747647684259
counter/4/0/0/0,31367:1747647675439:,1747647684259
counter/4/0/0/0,31368:1747647675439:,1747647684259
counter/4/0/0/0,31369:1747647676123:,1747647684259
counter/4/0/0/0,31370:1747647676123:,1747647684259
counter/4/0/0/0,31371:1747647676127:,1747647684259
counter/4/0/0/0,31372:1747647676128:,1747647684259
counter/4/0/0/0,31373:1747647676128:,1747647684259
counter/4/0/0/0,31374:1747647676128:,1747647684259
counter/4/0/0/0,31375:1747647676128:,1747647684259
counter/3/0/0/0,28617:1747647674064:,1747647684259
counter/4/0/0/0,31376:1747647676129:,1747647684259
counter/7/0/0/0,34519:1747647678396:,1747647684259
counter/4/0/0/0,31377:1747647676139:,1747647684259
counter/5/0/0/0,36216:1747647678727:,1747647684259
counter/10/0/0/0,28333:1747647671542:,1747647684259
counter/4/0/0/0,31378:1747647676140:,1747647684259
counter/4/0/0/0,31379:1747647676140:,1747647684259
counter/4/0/0/0,31380:1747647676140:,1747647684260
counter/4/0/0/0,31381:1747647676141:,1747647684260
counter/4/0/0/0,31382:1747647676143:,1747647684260
counter/4/0/0/0,31383:1747647676151:,1747647684260
counter/4/0/0/0,31384:1747647676151:,1747647684260
counter/4/0/0/0,31385:1747647676152:,1747647684260
counter/4/0/0/0,31386:1747647676152:,1747647684260
counter/4/0/0/0,31387:1747647676152:,1747647684260
counter/7/0/0/0,34520:1747647678396:,1747647684260
counter/4/0/0/0,31388:1747647676152:,1747647684260
counter/5/0/0/0,36217:1747647678727:,1747647684260
counter/4/0/0/0,31389:1747647676160:,1747647684260
counter/10/0/0/0,28334:1747647671542:,1747647684260
counter/3/0/0/0,28618:1747647674064:,1747647684260
counter/4/0/0/0,31390:1747647676160:,1747647684260
counter/4/0/0/0,31391:1747647676160:,1747647684260
counter/4/0/0/0,31392:1747647676160:,1747647684260
counter/3/0/0/0,28619:1747647674064:,1747647684260
counter/4/0/0/0,31393:1747647676160:,1747647684260
counter/4/0/0/0,31394:1747647676160:,1747647684260
counter/4/0/0/0,31395:1747647676160:,1747647684260
counter/4/0/0/0,31396:1747647676160:,1747647684260
counter/4/0/0/0,31397:1747647676160:,1747647684260
counter/4/0/0/0,31398:1747647676160:,1747647684260
counter/4/0/0/0,31399:1747647676160:,1747647684260
counter/10/0/0/0,28335:1747647671546:,1747647684260
counter/4/0/0/0,31400:1747647676160:,1747647684260
counter/5/0/0/0,36218:1747647678727:,1747647684260
counter/3/0/0/0,28620:1747647674064:,1747647684260
counter/4/0/0/0,31401:1747647676160:,1747647684260
counter/7/0/0/0,34521:1747647678409:,1747647684260
counter/4/0/0/0,31402:1747647676160:,1747647684260
counter/4/0/0/0,31403:1747647676160:,1747647684260
counter/4/0/0/0,31404:1747647676161:,1747647684260
counter/4/0/0/0,31405:1747647676161:,1747647684260
counter/4/0/0/0,31406:1747647676161:,1747647684261
counter/3/0/0/0,28621:1747647674064:,1747647684261
counter/4/0/0/0,31407:1747647676161:,1747647684261
counter/10/0/0/0,28336:1747647671546:,1747647684261
counter/5/0/0/0,36219:1747647678727:,1747647684261
counter/4/0/0/0,31408:1747647676162:,1747647684261
counter/7/0/0/0,34522:1747647678409:,1747647684261
counter/4/0/0/0,31409:1747647676162:,1747647684261
counter/4/0/0/0,31410:1747647676162:,1747647684261
counter/4/0/0/0,31411:1747647676162:,1747647684261
counter/4/0/0/0,31412:1747647676162:,1747647684261
counter/4/0/0/0,31413:1747647676162:,1747647684261
counter/4/0/0/0,31414:1747647676162:,1747647684261
counter/3/0/0/0,28622:1747647674064:,1747647684261
counter/4/0/0/0,31415:1747647676162:,1747647684261
counter/4/0/0/0,31416:1747647676162:,1747647684261
counter/4/0/0/0,31417:1747647676162:,1747647684261
counter/4/0/0/0,31418:1747647676162:,1747647684261
counter/4/0/0/0,31419:1747647676162:,1747647684261
counter/4/0/0/0,31420:1747647676162:,1747647684261
counter/4/0/0/0,31421:1747647676163:,1747647684261
counter/4/0/0/0,31422:1747647676163:,1747647684261
counter/5/0/0/0,36220:1747647678727:,1747647684261
counter/3/0/0/0,28623:1747647674064:,1747647684261
counter/5/0/0/0,36221:1747647678727:,1747647684261
counter/4/0/0/0,31423:1747647676163:,1747647684261
counter/3/0/0/0,28624:1747647674064:,1747647684261
counter/7/0/0/0,34523:1747647678409:,1747647684261
counter/10/0/0/0,28337:1747647671546:,1747647684261
counter/4/0/0/0,31424:1747647676163:,1747647684261
counter/4/0/0/0,31425:1747647676163:,1747647684261
counter/4/0/0/0,31426:1747647676163:,1747647684261
counter/4/0/0/0,31427:1747647676163:,1747647684261
counter/10/0/0/0,28338:1747647671546:,1747647684262
counter/4/0/0/0,31428:1747647676163:,1747647684262
counter/5/0/0/0,36222:1747647678727:,1747647684262
counter/3/0/0/0,28625:1747647674064:,1747647684262
counter/4/0/0/0,31429:1747647676169:,1747647684262
counter/4/0/0/0,31430:1747647676169:,1747647684262
counter/4/0/0/0,31431:1747647676169:,1747647684262
counter/4/0/0/0,31432:1747647676169:,1747647684262
counter/4/0/0/0,31433:1747647676169:,1747647684262
counter/4/0/0/0,31434:1747647676169:,1747647684262
counter/4/0/0/0,31435:1747647676169:,1747647684262
counter/4/0/0/0,31436:1747647676173:,1747647684262
counter/4/0/0/0,31437:1747647676173:,1747647684262
counter/4/0/0/0,31438:1747647676173:,1747647684262
counter/10/0/0/0,28339:1747647671546:,1747647684262
counter/3/0/0/0,28626:1747647674064:,1747647684262
counter/4/0/0/0,31439:1747647676173:,1747647684262
counter/5/0/0/0,36223:1747647678727:,1747647684262
counter/4/0/0/0,31440:1747647676173:,1747647684262
counter/4/0/0/0,31441:1747647676173:,1747647684262
counter/4/0/0/0,31442:1747647676173:,1747647684262
counter/4/0/0/0,31443:1747647676173:,1747647684262
counter/4/0/0/0,31444:1747647676173:,1747647684262
counter/4/0/0/0,31445:1747647676173:,1747647684262
counter/3/0/0/0,28627:1747647674064:,1747647684262
counter/4/0/0/0,31446:1747647676173:,1747647684262
counter/5/0/0/0,36224:1747647678727:,1747647684262
counter/4/0/0/0,31447:1747647676173:,1747647684262
counter/10/0/0/0,28340:1747647671546:,1747647684262
counter/7/0/0/0,34524:1747647678413:,1747647684262
counter/4/0/0/0,31448:1747647676173:,1747647684262
counter/4/0/0/0,31449:1747647676174:,1747647684262
counter/4/0/0/0,31450:1747647676174:,1747647684263
counter/4/0/0/0,31451:1747647676174:,1747647684263
counter/3/0/0/0,28628:1747647674070:,1747647684263
counter/4/0/0/0,31452:1747647676174:,1747647684263
counter/10/0/0/0,28341:1747647671546:,1747647684263
counter/4/0/0/0,31453:1747647676174:,1747647684263
counter/7/0/0/0,34525:1747647678413:,1747647684263
counter/5/0/0/0,36225:1747647678727:,1747647684263
counter/4/0/0/0,31454:1747647676174:,1747647684263
counter/4/0/0/0,31455:1747647676174:,1747647684263
counter/4/0/0/0,31456:1747647676182:,1747647684263
counter/4/0/0/0,31457:1747647676182:,1747647684263
counter/3/0/0/0,28629:1747647674075:,1747647684263
counter/4/0/0/0,31458:1747647676182:,1747647684263
counter/10/0/0/0,28342:1747647671546:,1747647684263
counter/4/0/0/0,31459:1747647676182:,1747647684263
counter/5/0/0/0,36226:1747647678727:,1747647684263
counter/4/0/0/0,31460:1747647676182:,1747647684263
counter/4/0/0/0,31461:1747647676182:,1747647684263
counter/4/0/0/0,31462:1747647676182:,1747647684263
counter/5/0/0/0,36227:1747647678727:,1747647684263
counter/7/0/0/0,34526:1747647678413:,1747647684263
counter/4/0/0/0,31463:1747647676182:,1747647684263
counter/3/0/0/0,28630:1747647674079:,1747647684263
counter/10/0/0/0,28343:1747647671546:,1747647684263
counter/4/0/0/0,31464:1747647676186:,1747647684263
counter/4/0/0/0,31465:1747647676186:,1747647684263
counter/4/0/0/0,31466:1747647676186:,1747647684263
counter/4/0/0/0,31467:1747647676186:,1747647684263
counter/4/0/0/0,31468:1747647676186:,1747647684263
counter/4/0/0/0,31469:1747647676186:,1747647684263
counter/4/0/0/0,31470:1747647676187:,1747647684263
counter/4/0/0/0,31471:1747647676187:,1747647684263
counter/4/0/0/0,31472:1747647676187:,1747647684263
counter/4/0/0/0,31473:1747647676187:,1747647684264
counter/4/0/0/0,31474:1747647676187:,1747647684264
counter/4/0/0/0,31475:1747647676187:,1747647684264
counter/4/0/0/0,31476:1747647676187:,1747647684264
counter/4/0/0/0,31477:1747647676187:,1747647684264
counter/4/0/0/0,31478:1747647676187:,1747647684264
counter/4/0/0/0,31479:1747647676187:,1747647684264
counter/4/0/0/0,31480:1747647676187:,1747647684264
counter/4/0/0/0,31481:1747647676187:,1747647684264
counter/4/0/0/0,31482:1747647676187:,1747647684264
counter/4/0/0/0,31483:1747647676187:,1747647684264
counter/4/0/0/0,31484:1747647676187:,1747647684264
counter/4/0/0/0,31485:1747647676187:,1747647684264
counter/4/0/0/0,31486:1747647676187:,1747647684264
counter/4/0/0/0,31487:1747647676187:,1747647684264
counter/4/0/0/0,31488:1747647676193:,1747647684264
counter/4/0/0/0,31489:1747647676193:,1747647684264
counter/4/0/0/0,31490:1747647676193:,1747647684264
counter/4/0/0/0,31491:1747647676193:,1747647684264
counter/10/0/0/0,28344:1747647671546:,1747647684264
counter/4/0/0/0,31492:1747647676195:,1747647684264
counter/3/0/0/0,28631:1747647674079:,1747647684264
counter/4/0/0/0,31493:1747647676195:,1747647684264
counter/7/0/0/0,34527:1747647678413:,1747647684264
counter/4/0/0/0,31494:1747647676195:,1747647684264
counter/4/0/0/0,31495:1747647676195:,1747647684264
counter/4/0/0/0,31496:1747647676195:,1747647684264
counter/4/0/0/0,31497:1747647676195:,1747647684264
counter/4/0/0/0,31498:1747647676195:,1747647684264
counter/4/0/0/0,31499:1747647676195:,1747647684264
counter/4/0/0/0,31500:1747647676195:,1747647684264
counter/4/0/0/0,31501:1747647676195:,1747647684264
counter/10/0/0/0,28345:1747647671547:,1747647684264
counter/4/0/0/0,31502:1747647676195:,1747647684264
counter/5/0/0/0,36228:1747647678727:,1747647684264
counter/4/0/0/0,31503:1747647676195:,1747647684265
counter/3/0/0/0,28632:1747647674079:,1747647684265
counter/7/0/0/0,34528:1747647678414:,1747647684265
counter/4/0/0/0,31504:1747647676195:,1747647684265
counter/4/0/0/0,31505:1747647676195:,1747647684265
counter/4/0/0/0,31506:1747647676195:,1747647684265
counter/4/0/0/0,31507:1747647676195:,1747647684265
counter/4/0/0/0,31508:1747647676195:,1747647684265
counter/4/0/0/0,31509:1747647676196:,1747647684265
counter/4/0/0/0,31510:1747647676196:,1747647684265
counter/4/0/0/0,31511:1747647676196:,1747647684265
counter/4/0/0/0,31512:1747647676199:,1747647684265
counter/4/0/0/0,31513:1747647676199:,1747647684265
counter/4/0/0/0,31514:1747647676200:,1747647684265
counter/4/0/0/0,31515:1747647676200:,1747647684265
counter/4/0/0/0,31516:1747647676200:,1747647684265
counter/4/0/0/0,31517:1747647676200:,1747647684265
counter/4/0/0/0,31518:1747647676200:,1747647684265
counter/4/0/0/0,31519:1747647676200:,1747647684265
counter/4/0/0/0,31520:1747647676200:,1747647684265
counter/4/0/0/0,31521:1747647676200:,1747647684265
counter/4/0/0/0,31522:1747647676200:,1747647684265
counter/4/0/0/0,31523:1747647676207:,1747647684265
counter/4/0/0/0,31524:1747647676207:,1747647684265
counter/4/0/0/0,31525:1747647676207:,1747647684265
counter/5/0/0/0,36229:1747647678728:,1747647684265
counter/4/0/0/0,31526:1747647676207:,1747647684265
counter/3/0/0/0,28633:1747647674079:,1747647684265
counter/10/0/0/0,28346:1747647671547:,1747647684265
counter/4/0/0/0,31527:1747647676207:,1747647684265
counter/4/0/0/0,31528:1747647676207:,1747647684265
counter/4/0/0/0,31529:1747647676207:,1747647684266
counter/4/0/0/0,31530:1747647676207:,1747647684266
counter/4/0/0/0,31531:1747647676207:,1747647684266
counter/4/0/0/0,31532:1747647676207:,1747647684266
counter/4/0/0/0,31533:1747647676212:,1747647684266
counter/4/0/0/0,31534:1747647676212:,1747647684266
counter/4/0/0/0,31535:1747647676212:,1747647684266
counter/4/0/0/0,31536:1747647676212:,1747647684266
counter/4/0/0/0,31537:1747647676212:,1747647684266
counter/5/0/0/0,36230:1747647678728:,1747647684266
counter/4/0/0/0,31538:1747647676212:,1747647684266
counter/10/0/0/0,28347:1747647671547:,1747647684266
counter/4/0/0/0,31539:1747647676214:,1747647684266
counter/3/0/0/0,28634:1747647674079:,1747647684266
counter/4/0/0/0,31540:1747647676214:,1747647684266
counter/4/0/0/0,31541:1747647676214:,1747647684266
counter/4/0/0/0,31542:1747647676214:,1747647684266
counter/4/0/0/0,31543:1747647676214:,1747647684266
counter/4/0/0/0,31544:1747647676214:,1747647684266
counter/4/0/0/0,31545:1747647676214:,1747647684266
counter/4/0/0/0,31546:1747647676214:,1747647684266
counter/4/0/0/0,31547:1747647676214:,1747647684266
counter/4/0/0/0,31548:1747647676214:,1747647684266
counter/4/0/0/0,31549:1747647676214:,1747647684266
counter/4/0/0/0,31550:1747647676214:,1747647684266
counter/4/0/0/0,31551:1747647676215:,1747647684266
counter/5/0/0/0,36231:1747647678728:,1747647684266
counter/4/0/0/0,31552:1747647676215:,1747647684266
counter/7/0/0/0,34529:1747647678428:,1747647684266
counter/4/0/0/0,31553:1747647676215:,1747647684266
counter/10/0/0/0,28348:1747647671547:,1747647684266
counter/3/0/0/0,28635:1747647674080:,1747647684266
counter/4/0/0/0,31554:1747647676215:,1747647684266
counter/4/0/0/0,31555:1747647676215:,1747647684266
counter/4/0/0/0,31556:1747647676215:,1747647684266
counter/4/0/0/0,31557:1747647676224:,1747647684267
counter/4/0/0/0,31558:1747647676224:,1747647684267
counter/4/0/0/0,31559:1747647676226:,1747647684267
counter/4/0/0/0,31560:1747647676226:,1747647684267
counter/4/0/0/0,31561:1747647676226:,1747647684267
counter/4/0/0/0,31562:1747647676233:,1747647684267
counter/4/0/0/0,31563:1747647676233:,1747647684267
counter/4/0/0/0,31564:1747647676235:,1747647684267
counter/4/0/0/0,31565:1747647676235:,1747647684267
counter/4/0/0/0,31566:1747647676235:,1747647684267
counter/4/0/0/0,31567:1747647676236:,1747647684267
counter/4/0/0/0,31568:1747647676236:,1747647684267
counter/4/0/0/0,31569:1747647676236:,1747647684267
counter/4/0/0/0,31570:1747647676236:,1747647684267
counter/4/0/0/0,31571:1747647676236:,1747647684267
counter/4/0/0/0,31572:1747647676236:,1747647684267
counter/4/0/0/0,31573:1747647676236:,1747647684267
counter/4/0/0/0,31574:1747647676236:,1747647684267
counter/4/0/0/0,31575:1747647676236:,1747647684267
counter/5/0/0/0,36232:1747647678728:,1747647684267
counter/4/0/0/0,31576:1747647676236:,1747647684267
counter/10/0/0/0,28349:1747647671547:,1747647684267
counter/3/0/0/0,28636:1747647674080:,1747647684267
counter/4/0/0/0,31577:1747647676236:,1747647684267
counter/4/0/0/0,31578:1747647676236:,1747647684267
counter/4/0/0/0,31579:1747647676236:,1747647684267
counter/4/0/0/0,31580:1747647676236:,1747647684267
counter/4/0/0/0,31581:1747647676236:,1747647684267
counter/4/0/0/0,31582:1747647676236:,1747647684267
counter/4/0/0/0,31583:1747647676236:,1747647684267
counter/4/0/0/0,31584:1747647676236:,1747647684267
counter/4/0/0/0,31585:1747647676236:,1747647684267
counter/4/0/0/0,31586:1747647676236:,1747647684267
counter/4/0/0/0,31587:1747647676237:,1747647684267
counter/4/0/0/0,31588:1747647676237:,1747647684268
counter/4/0/0/0,31589:1747647676237:,1747647684268
counter/10/0/0/0,28350:1747647671547:,1747647684268
counter/4/0/0/0,31590:1747647676237:,1747647684268
counter/3/0/0/0,28637:1747647674080:,1747647684268
counter/5/0/0/0,36233:1747647678728:,1747647684268
counter/4/0/0/0,31591:1747647676237:,1747647684268
counter/4/0/0/0,31592:1747647676237:,1747647684268
counter/4/0/0/0,31593:1747647676237:,1747647684268
counter/4/0/0/0,31594:1747647676237:,1747647684268
counter/4/0/0/0,31595:1747647676237:,1747647684268
counter/4/0/0/0,31596:1747647676237:,1747647684268
counter/4/0/0/0,31597:1747647676237:,1747647684268
counter/4/0/0/0,31598:1747647676237:,1747647684268
counter/4/0/0/0,31599:1747647676237:,1747647684268
counter/4/0/0/0,31600:1747647676237:,1747647684268
counter/4/0/0/0,31601:1747647676237:,1747647684268
counter/4/0/0/0,31602:1747647676238:,1747647684268
counter/4/0/0/0,31603:1747647676238:,1747647684268
counter/4/0/0/0,31604:1747647676238:,1747647684268
counter/4/0/0/0,31605:1747647676238:,1747647684268
counter/4/0/0/0,31606:1747647676238:,1747647684268
counter/4/0/0/0,31607:1747647676240:,1747647684268
counter/4/0/0/0,31608:1747647676241:,1747647684268
counter/4/0/0/0,31609:1747647676241:,1747647684268
counter/4/0/0/0,31610:1747647676241:,1747647684268
counter/4/0/0/0,31611:1747647676241:,1747647684268
counter/4/0/0/0,31612:1747647676241:,1747647684268
counter/4/0/0/0,31613:1747647676241:,1747647684268
counter/4/0/0/0,31614:1747647676241:,1747647684268
counter/4/0/0/0,31615:1747647676241:,1747647684268
counter/4/0/0/0,31616:1747647676241:,1747647684268
counter/4/0/0/0,31617:1747647676241:,1747647684269
counter/4/0/0/0,31618:1747647676241:,1747647684269
counter/4/0/0/0,31619:1747647676241:,1747647684269
counter/4/0/0/0,31620:1747647676241:,1747647684269
counter/4/0/0/0,31621:1747647676241:,1747647684269
counter/4/0/0/0,31622:1747647676241:,1747647684269
counter/4/0/0/0,31623:1747647676241:,1747647684269
counter/4/0/0/0,31624:1747647676241:,1747647684269
counter/4/0/0/0,31625:1747647676241:,1747647684269
counter/4/0/0/0,31626:1747647676241:,1747647684269
counter/4/0/0/0,31627:1747647676241:,1747647684269
counter/4/0/0/0,31628:1747647676241:,1747647684269
counter/3/0/0/0,28638:1747647674080:,1747647684269
counter/4/0/0/0,31629:1747647676241:,1747647684269
counter/7/0/0/0,34530:1747647678428:,1747647684269
counter/10/0/0/0,28351:1747647671547:,1747647684269
counter/4/0/0/0,31630:1747647676241:,1747647684269
counter/4/0/0/0,31631:1747647676241:,1747647684269
counter/4/0/0/0,31632:1747647676241:,1747647684269
counter/4/0/0/0,31633:1747647676241:,1747647684269
counter/4/0/0/0,31634:1747647676241:,1747647684269
counter/4/0/0/0,31635:1747647676242:,1747647684269
counter/4/0/0/0,31636:1747647676242:,1747647684269
counter/4/0/0/0,31637:1747647676242:,1747647684269
counter/4/0/0/0,31638:1747647676242:,1747647684269
counter/4/0/0/0,31639:1747647676242:,1747647684269
counter/4/0/0/0,31640:1747647676242:,1747647684269
counter/4/0/0/0,31641:1747647676242:,1747647684269
counter/4/0/0/0,31642:1747647676242:,1747647684269
counter/4/0/0/0,31643:1747647676242:,1747647684269
counter/4/0/0/0,31644:1747647676242:,1747647684269
counter/5/0/0/0,36234:1747647678728:,1747647684269
counter/4/0/0/0,31645:1747647676242:,1747647684269
counter/3/0/0/0,28639:1747647674081:,1747647684269
counter/4/0/0/0,31646:1747647676242:,1747647684269
counter/10/0/0/0,28352:1747647671547:,1747647684270
counter/4/0/0/0,31647:1747647676242:,1747647684270
counter/4/0/0/0,31648:1747647676242:,1747647684270
counter/4/0/0/0,31649:1747647676242:,1747647684270
counter/4/0/0/0,31650:1747647676242:,1747647684270
counter/4/0/0/0,31651:1747647676242:,1747647684270
counter/4/0/0/0,31652:1747647676242:,1747647684270
counter/4/0/0/0,31653:1747647676242:,1747647684270
counter/4/0/0/0,31654:1747647676242:,1747647684270
counter/4/0/0/0,31655:1747647676242:,1747647684270
counter/4/0/0/0,31656:1747647676242:,1747647684270
counter/4/0/0/0,31657:1747647676242:,1747647684270
counter/4/0/0/0,31658:1747647676242:,1747647684270
counter/4/0/0/0,31659:1747647676242:,1747647684270
counter/7/0/0/0,34531:1747647678434:,1747647684270
counter/4/0/0/0,31660:1747647676242:,1747647684270
counter/10/0/0/0,28353:1747647671547:,1747647684270
counter/4/0/0/0,31661:1747647676242:,1747647684270
counter/3/0/0/0,28640:1747647674081:,1747647684270
counter/5/0/0/0,36235:1747647678728:,1747647684270
counter/4/0/0/0,31662:1747647676242:,1747647684270
counter/4/0/0/0,31663:1747647676242:,1747647684270
counter/4/0/0/0,31664:1747647676242:,1747647684270
counter/4/0/0/0,31665:1747647676242:,1747647684270
counter/4/0/0/0,31666:1747647676244:,1747647684270
counter/4/0/0/0,31667:1747647676244:,1747647684270
counter/3/0/0/0,28641:1747647674081:,1747647684270
counter/4/0/0/0,31668:1747647676244:,1747647684270
counter/10/0/0/0,28354:1747647671548:,1747647684270
counter/5/0/0/0,36236:1747647678728:,1747647684270
counter/4/0/0/0,31669:1747647676244:,1747647684270
counter/4/0/0/0,31670:1747647676244:,1747647684270
counter/4/0/0/0,31671:1747647676244:,1747647684270
counter/4/0/0/0,31672:1747647676244:,1747647684270
counter/4/0/0/0,31673:1747647676245:,1747647684270
counter/4/0/0/0,31674:1747647676245:,1747647684271
counter/4/0/0/0,31675:1747647676245:,1747647684271
counter/4/0/0/0,31676:1747647676245:,1747647684271
counter/4/0/0/0,31677:1747647676245:,1747647684271
counter/10/0/0/0,28355:1747647671549:,1747647684271
counter/4/0/0/0,31678:1747647676245:,1747647684271
counter/7/0/0/0,34532:1747647678434:,1747647684271
counter/5/0/0/0,36237:1747647678728:,1747647684271
counter/4/0/0/0,31679:1747647676245:,1747647684271
counter/3/0/0/0,28642:1747647674081:,1747647684271
counter/4/0/0/0,31680:1747647676245:,1747647684271
counter/4/0/0/0,31681:1747647676245:,1747647684271
counter/4/0/0/0,31682:1747647676245:,1747647684271
counter/4/0/0/0,31683:1747647676245:,1747647684271
counter/4/0/0/0,31684:1747647676245:,1747647684271
counter/4/0/0/0,31685:1747647676246:,1747647684271
counter/4/0/0/0,31686:1747647676246:,1747647684271
counter/4/0/0/0,31687:1747647676246:,1747647684271
counter/10/0/0/0,28356:1747647671549:,1747647684271
counter/4/0/0/0,31688:1747647676246:,1747647684271
counter/5/0/0/0,36238:1747647678728:,1747647684271
counter/4/0/0/0,31689:1747647676246:,1747647684271
counter/3/0/0/0,28643:1747647674081:,1747647684271
counter/4/0/0/0,31690:1747647676246:,1747647684271
counter/4/0/0/0,31691:1747647676246:,1747647684271
counter/4/0/0/0,31692:1747647676246:,1747647684271
counter/4/0/0/0,31693:1747647676246:,1747647684271
counter/4/0/0/0,31694:1747647676246:,1747647684271
counter/4/0/0/0,31695:1747647676246:,1747647684271
counter/4/0/0/0,31696:1747647676246:,1747647684271
counter/4/0/0/0,31697:1747647676246:,1747647684271
counter/4/0/0/0,31698:1747647676246:,1747647684271
counter/4/0/0/0,31699:1747647676246:,1747647684272
counter/4/0/0/0,31700:1747647676246:,1747647684272
counter/4/0/0/0,31701:1747647676246:,1747647684272
counter/4/0/0/0,31702:1747647676246:,1747647684272
counter/4/0/0/0,31703:1747647676246:,1747647684272
counter/4/0/0/0,31704:1747647676246:,1747647684272
counter/4/0/0/0,31705:1747647676247:,1747647684272
counter/4/0/0/0,31706:1747647676249:,1747647684272
counter/4/0/0/0,31707:1747647676249:,1747647684272
counter/4/0/0/0,31708:1747647676249:,1747647684272
counter/4/0/0/0,31709:1747647676249:,1747647684272
counter/4/0/0/0,31710:1747647676249:,1747647684272
counter/4/0/0/0,31711:1747647676249:,1747647684272
counter/4/0/0/0,31712:1747647676249:,1747647684272
counter/4/0/0/0,31713:1747647676249:,1747647684272
counter/4/0/0/0,31714:1747647676255:,1747647684272
counter/4/0/0/0,31715:1747647676255:,1747647684272
counter/4/0/0/0,31716:1747647676255:,1747647684272
counter/4/0/0/0,31717:1747647676255:,1747647684272
counter/3/0/0/0,28644:1747647674081:,1747647684272
counter/4/0/0/0,31718:1747647676255:,1747647684272
counter/10/0/0/0,28357:1747647671549:,1747647684272
counter/4/0/0/0,31719:1747647676255:,1747647684272
counter/7/0/0/0,34533:1747647678434:,1747647684272
counter/5/0/0/0,36239:1747647678728:,1747647684272
counter/4/0/0/0,31720:1747647676255:,1747647684272
counter/4/0/0/0,31721:1747647676255:,1747647684272
counter/4/0/0/0,31722:1747647676255:,1747647684272
counter/4/0/0/0,31723:1747647676255:,1747647684272
counter/1/0/0/0,31770:1747647677771:,1747647684272
counter/3/0/0/0,28645:1747647674081:,1747647684272
counter/1/0/0/0,31771:1747647677771:,1747647684272
counter/10/0/0/0,28358:1747647671549:,1747647684272
counter/1/0/0/0,31772:1747647677771:,1747647684272
counter/1/0/0/0,31773:1747647677771:,1747647684272
counter/1/0/0/0,31774:1747647677771:,1747647684273
counter/1/0/0/0,31775:1747647677771:,1747647684273
counter/1/0/0/0,31776:1747647677771:,1747647684273
counter/1/0/0/0,31777:1747647677771:,1747647684273
counter/1/0/0/0,31778:1747647677777:,1747647684273
counter/1/0/0/0,31779:1747647677777:,1747647684273
counter/1/0/0/0,31780:1747647677777:,1747647684273
counter/1/0/0/0,31781:1747647677777:,1747647684273
counter/1/0/0/0,31782:1747647677777:,1747647684273
counter/1/0/0/0,31783:1747647677777:,1747647684273
counter/10/0/0/0,28359:1747647671549:,1747647684273
counter/1/0/0/0,31784:1747647677777:,1747647684273
counter/5/0/0/0,36240:1747647678728:,1747647684273
counter/3/0/0/0,28646:1747647674081:,1747647684273
counter/1/0/0/0,31785:1747647677778:,1747647684273
counter/1/0/0/0,31786:1747647677778:,1747647684273
counter/1/0/0/0,31787:1747647677778:,1747647684273
counter/1/0/0/0,31788:1747647677778:,1747647684273
counter/1/0/0/0,31789:1747647677778:,1747647684273
counter/1/0/0/0,31790:1747647677779:,1747647684273
counter/1/0/0/0,31791:1747647677779:,1747647684273
counter/1/0/0/0,31792:1747647677779:,1747647684273
counter/3/0/0/0,28647:1747647674081:,1747647684273
counter/1/0/0/0,31793:1747647677779:,1747647684273
counter/7/0/0/0,34534:1747647678434:,1747647684273
counter/5/0/0/0,36241:1747647678728:,1747647684273
counter/1/0/0/0,31794:1747647677779:,1747647684273
counter/1/0/0/0,31795:1747647677779:,1747647684273
counter/1/0/0/0,31796:1747647677779:,1747647684273
counter/1/0/0/0,31797:1747647677779:,1747647684273
counter/1/0/0/0,31798:1747647677779:,1747647684273
counter/1/0/0/0,31799:1747647677779:,1747647684273
counter/1/0/0/0,31800:1747647677779:,1747647684273
counter/1/0/0/0,31801:1747647677779:,1747647684273
counter/1/0/0/0,31802:1747647677779:,1747647684274
counter/1/0/0/0,31803:1747647677779:,1747647684274
counter/1/0/0/0,31804:1747647677779:,1747647684274
counter/1/0/0/0,31805:1747647677779:,1747647684274
counter/1/0/0/0,31806:1747647677779:,1747647684274
counter/1/0/0/0,31807:1747647677779:,1747647684274
counter/1/0/0/0,31808:1747647677779:,1747647684274
counter/1/0/0/0,31809:1747647677785:,1747647684274
counter/3/0/0/0,28648:1747647674081:,1747647684274
counter/1/0/0/0,31810:1747647677785:,1747647684274
counter/7/0/0/0,34535:1747647678434:,1747647684274
counter/1/0/0/0,31811:1747647677785:,1747647684274
counter/10/0/0/0,28360:1747647671549:,1747647684274
counter/1/0/0/0,31812:1747647677785:,1747647684274
counter/1/0/0/0,31813:1747647677785:,1747647684274
counter/1/0/0/0,31814:1747647677792:,1747647684274
counter/1/0/0/0,31815:1747647677792:,1747647684274
counter/1/0/0/0,31816:1747647677792:,1747647684274
counter/1/0/0/0,31817:1747647677792:,1747647684274
counter/1/0/0/0,31818:1747647677792:,1747647684274
counter/1/0/0/0,31819:1747647677801:,1747647684274
counter/1/0/0/0,31820:1747647677801:,1747647684274
counter/1/0/0/0,31821:1747647677801:,1747647684274
counter/1/0/0/0,31822:1747647677801:,1747647684274
counter/3/0/0/0,28649:1747647674081:,1747647684274
counter/1/0/0/0,31823:1747647677801:,1747647684274
counter/5/0/0/0,36242:1747647678728:,1747647684274
counter/1/0/0/0,31824:1747647677801:,1747647684274
counter/10/0/0/0,28361:1747647671550:,1747647684274
counter/1/0/0/0,31825:1747647677801:,1747647684274
counter/1/0/0/0,31826:1747647677801:,1747647684274
counter/1/0/0/0,31827:1747647677801:,1747647684275
counter/1/0/0/0,31828:1747647677801:,1747647684275
counter/1/0/0/0,31829:1747647677801:,1747647684275
counter/1/0/0/0,31830:1747647677801:,1747647684275
counter/3/0/0/0,28650:1747647674081:,1747647684275
counter/1/0/0/0,31831:1747647677801:,1747647684275
counter/1/0/0/0,31832:1747647677801:,1747647684275
counter/1/0/0/0,31833:1747647677801:,1747647684275
counter/1/0/0/0,31834:1747647677801:,1747647684275
counter/1/0/0/0,31835:1747647677801:,1747647684275
counter/1/0/0/0,31836:1747647677801:,1747647684275
counter/1/0/0/0,31837:1747647677801:,1747647684275
counter/1/0/0/0,31838:1747647677801:,1747647684275
counter/1/0/0/0,31839:1747647677801:,1747647684275
counter/1/0/0/0,31840:1747647677801:,1747647684275
counter/1/0/0/0,31841:1747647677802:,1747647684275
counter/1/0/0/0,31842:1747647677802:,1747647684275
counter/1/0/0/0,31843:1747647677802:,1747647684275
counter/7/0/0/0,34536:1747647678434:,1747647684275
counter/1/0/0/0,31844:1747647677802:,1747647684275
counter/5/0/0/0,36243:1747647678728:,1747647684275
counter/1/0/0/0,31845:1747647677802:,1747647684275
counter/3/0/0/0,28651:1747647674081:,1747647684275
counter/1/0/0/0,31846:1747647677806:,1747647684275
counter/1/0/0/0,31847:1747647677806:,1747647684275
counter/1/0/0/0,31848:1747647677806:,1747647684275
counter/1/0/0/0,31849:1747647677806:,1747647684275
counter/1/0/0/0,31850:1747647677806:,1747647684275
counter/1/0/0/0,31851:1747647677812:,1747647684275
counter/1/0/0/0,31852:1747647677812:,1747647684275
counter/1/0/0/0,31853:1747647677812:,1747647684275
counter/1/0/0/0,31854:1747647677812:,1747647684275
counter/1/0/0/0,31855:1747647677812:,1747647684275
counter/1/0/0/0,31856:1747647677812:,1747647684275
counter/1/0/0/0,31857:1747647677812:,1747647684275
counter/1/0/0/0,31858:1747647677812:,1747647684276
counter/1/0/0/0,31859:1747647677812:,1747647684276
counter/1/0/0/0,31860:1747647677812:,1747647684276
counter/1/0/0/0,31861:1747647677813:,1747647684276
counter/1/0/0/0,31862:1747647677813:,1747647684276
counter/1/0/0/0,31863:1747647677813:,1747647684276
counter/1/0/0/0,31864:1747647677813:,1747647684276
counter/1/0/0/0,31865:1747647677813:,1747647684276
counter/1/0/0/0,31866:1747647677813:,1747647684276
counter/1/0/0/0,31867:1747647677813:,1747647684276
counter/1/0/0/0,31868:1747647677813:,1747647684276
counter/1/0/0/0,31869:1747647677813:,1747647684276
counter/1/0/0/0,31870:1747647677813:,1747647684276
counter/1/0/0/0,31871:1747647677813:,1747647684276
counter/1/0/0/0,31872:1747647677813:,1747647684276
counter/1/0/0/0,31873:1747647677814:,1747647684276
counter/1/0/0/0,31874:1747647677814:,1747647684276
counter/1/0/0/0,31875:1747647677814:,1747647684276
counter/1/0/0/0,31876:1747647677814:,1747647684276
counter/1/0/0/0,31877:1747647677814:,1747647684276
counter/1/0/0/0,31878:1747647677814:,1747647684276
counter/1/0/0/0,31879:1747647677814:,1747647684276
counter/1/0/0/0,31880:1747647677814:,1747647684276
counter/1/0/0/0,31881:1747647677814:,1747647684276
counter/3/0/0/0,28652:1747647674081:,1747647684276
counter/1/0/0/0,31882:1747647677814:,1747647684276
counter/10/0/0/0,28362:1747647671550:,1747647684276
counter/1/0/0/0,31883:1747647677814:,1747647684276
counter/7/0/0/0,34537:1747647678434:,1747647684276
counter/1/0/0/0,31884:1747647677814:,1747647684276
counter/1/0/0/0,31885:1747647677814:,1747647684276
counter/1/0/0/0,31886:1747647677814:,1747647684276
counter/1/0/0/0,31887:1747647677814:,1747647684276
counter/1/0/0/0,31888:1747647677814:,1747647684276
counter/1/0/0/0,31889:1747647677835:,1747647684276
counter/1/0/0/0,31890:1747647677835:,1747647684277
counter/1/0/0/0,31891:1747647677835:,1747647684277
counter/1/0/0/0,31892:1747647677835:,1747647684277
counter/1/0/0/0,31893:1747647677835:,1747647684277
counter/1/0/0/0,31894:1747647677844:,1747647684277
counter/1/0/0/0,31895:1747647677845:,1747647684277
counter/1/0/0/0,31896:1747647677845:,1747647684277
counter/1/0/0/0,31897:1747647677845:,1747647684277
counter/1/0/0/0,31898:1747647677845:,1747647684277
counter/1/0/0/0,31899:1747647677845:,1747647684277
counter/1/0/0/0,31900:1747647677845:,1747647684277
counter/1/0/0/0,31901:1747647677845:,1747647684277
counter/1/0/0/0,31902:1747647677845:,1747647684277
counter/1/0/0/0,31903:1747647677845:,1747647684277
counter/1/0/0/0,31904:1747647677845:,1747647684277
counter/1/0/0/0,31905:1747647677845:,1747647684277
counter/1/0/0/0,31906:1747647677845:,1747647684277
counter/1/0/0/0,31907:1747647677852:,1747647684277
counter/1/0/0/0,31908:1747647677865:,1747647684277
counter/1/0/0/0,31909:1747647677865:,1747647684277
counter/1/0/0/0,31910:1747647677865:,1747647684277
counter/1/0/0/0,31911:1747647677865:,1747647684277
counter/1/0/0/0,31912:1747647677865:,1747647684277
counter/1/0/0/0,31913:1747647677865:,1747647684277
counter/1/0/0/0,31914:1747647677866:,1747647684277
counter/1/0/0/0,31915:1747647677866:,1747647684277
counter/1/0/0/0,31916:1747647677866:,1747647684277
counter/1/0/0/0,31917:1747647677866:,1747647684277
counter/1/0/0/0,31918:1747647677866:,1747647684277
counter/1/0/0/0,31919:1747647677871:,1747647684277
counter/1/0/0/0,31920:1747647677877:,1747647684277
counter/1/0/0/0,31921:1747647677877:,1747647684278
counter/1/0/0/0,31922:1747647677877:,1747647684278
counter/1/0/0/0,31923:1747647677877:,1747647684278
counter/1/0/0/0,31924:1747647677877:,1747647684278
counter/1/0/0/0,31925:1747647677879:,1747647684278
counter/1/0/0/0,31926:1747647677879:,1747647684278
counter/1/0/0/0,31927:1747647677880:,1747647684278
counter/1/0/0/0,31928:1747647677880:,1747647684278
counter/1/0/0/0,31929:1747647677880:,1747647684278
counter/10/0/0/0,28363:1747647671550:,1747647684278
counter/1/0/0/0,31930:1747647677880:,1747647684278
counter/7/0/0/0,34538:1747647678434:,1747647684278
counter/3/0/0/0,28653:1747647674081:,1747647684278
counter/1/0/0/0,31931:1747647677882:,1747647684278
counter/1/0/0/0,31932:1747647677882:,1747647684278
counter/1/0/0/0,31933:1747647677882:,1747647684278
counter/1/0/0/0,31934:1747647677882:,1747647684278
counter/1/0/0/0,31935:1747647677882:,1747647684278
counter/1/0/0/0,31936:1747647677882:,1747647684278
counter/1/0/0/0,31937:1747647677882:,1747647684278
counter/1/0/0/0,31938:1747647677882:,1747647684278
counter/1/0/0/0,31939:1747647677882:,1747647684278
counter/1/0/0/0,31940:1747647677882:,1747647684278
counter/10/0/0/0,28364:1747647671550:,1747647684278
counter/1/0/0/0,31941:1747647677882:,1747647684278
counter/3/0/0/0,28654:1747647674081:,1747647684278
counter/5/0/0/0,36244:1747647678728:,1747647684278
counter/1/0/0/0,31942:1747647677886:,1747647684278
counter/1/0/0/0,31943:1747647677886:,1747647684278
counter/1/0/0/0,31944:1747647677886:,1747647684278
counter/1/0/0/0,31945:1747647677886:,1747647684278
counter/1/0/0/0,31946:1747647677890:,1747647684278
counter/1/0/0/0,31947:1747647677890:,1747647684278
counter/1/0/0/0,31948:1747647677890:,1747647684278
counter/1/0/0/0,31949:1747647677890:,1747647684278
counter/1/0/0/0,31950:1747647677891:,1747647684279
counter/1/0/0/0,31951:1747647677891:,1747647684279
counter/1/0/0/0,31952:1747647677891:,1747647684279
counter/1/0/0/0,31953:1747647677891:,1747647684279
counter/1/0/0/0,31954:1747647677891:,1747647684279
counter/1/0/0/0,31955:1747647677891:,1747647684279
counter/1/0/0/0,31956:1747647677891:,1747647684279
counter/1/0/0/0,31957:1747647677891:,1747647684279
counter/1/0/0/0,31958:1747647677891:,1747647684279
counter/1/0/0/0,31959:1747647677892:,1747647684279
counter/1/0/0/0,31960:1747647677892:,1747647684279
counter/1/0/0/0,31961:1747647677892:,1747647684279
counter/1/0/0/0,31962:1747647677892:,1747647684279
counter/1/0/0/0,31963:1747647677892:,1747647684279
counter/1/0/0/0,31964:1747647677892:,1747647684279
counter/1/0/0/0,31965:1747647677892:,1747647684279
counter/1/0/0/0,31966:1747647677893:,1747647684279
counter/1/0/0/0,31967:1747647677893:,1747647684279
counter/10/0/0/0,28365:1747647671551:,1747647684279
counter/1/0/0/0,31968:1747647677893:,1747647684279
counter/7/0/0/0,34539:1747647678434:,1747647684279
counter/3/0/0/0,28655:1747647674086:,1747647684279
counter/1/0/0/0,31969:1747647677893:,1747647684279
counter/5/0/0/0,36245:1747647678728:,1747647684279
counter/1/0/0/0,31970:1747647677893:,1747647684279
counter/1/0/0/0,31971:1747647677893:,1747647684279
counter/1/0/0/0,31972:1747647677893:,1747647684279
counter/1/0/0/0,31973:1747647677893:,1747647684279
counter/1/0/0/0,31974:1747647677898:,1747647684279
counter/1/0/0/0,31975:1747647677898:,1747647684279
counter/1/0/0/0,31976:1747647677899:,1747647684279
counter/1/0/0/0,31977:1747647677899:,1747647684279
counter/1/0/0/0,31978:1747647677899:,1747647684279
counter/1/0/0/0,31979:1747647677899:,1747647684280
counter/1/0/0/0,31980:1747647677899:,1747647684280
counter/1/0/0/0,31981:1747647677900:,1747647684280
counter/1/0/0/0,31982:1747647677900:,1747647684280
counter/1/0/0/0,31983:1747647677900:,1747647684280
counter/1/0/0/0,31984:1747647677900:,1747647684280
counter/1/0/0/0,31985:1747647677900:,1747647684280
counter/1/0/0/0,31986:1747647677900:,1747647684280
counter/1/0/0/0,31987:1747647677900:,1747647684280
counter/1/0/0/0,31988:1747647677900:,1747647684280
counter/1/0/0/0,31989:1747647677900:,1747647684280
counter/1/0/0/0,31990:1747647677900:,1747647684280
counter/1/0/0/0,31991:1747647677901:,1747647684280
counter/1/0/0/0,31992:1747647677901:,1747647684280
counter/1/0/0/0,31993:1747647677901:,1747647684280
counter/1/0/0/0,31994:1747647677901:,1747647684280
counter/1/0/0/0,31995:1747647677901:,1747647684280
counter/1/0/0/0,31996:1747647677901:,1747647684280
counter/1/0/0/0,31997:1747647677908:,1747647684280
counter/1/0/0/0,31998:1747647677908:,1747647684280
counter/1/0/0/0,31999:1747647677908:,1747647684280
counter/1/0/0/0,32000:1747647677908:,1747647684280
counter/1/0/0/0,32001:1747647677908:,1747647684280
counter/1/0/0/0,32002:1747647677908:,1747647684280
counter/1/0/0/0,32003:1747647677908:,1747647684280
counter/1/0/0/0,32004:1747647677908:,1747647684280
counter/1/0/0/0,32005:1747647677908:,1747647684280
counter/1/0/0/0,32006:1747647677911:,1747647684280
counter/1/0/0/0,32007:1747647677911:,1747647684280
counter/1/0/0/0,32008:1747647677913:,1747647684280
counter/1/0/0/0,32009:1747647677913:,1747647684280
counter/1/0/0/0,32010:1747647677913:,1747647684280
counter/1/0/0/0,32011:1747647677913:,1747647684280
counter/1/0/0/0,32012:1747647677913:,1747647684280
counter/1/0/0/0,32013:1747647677913:,1747647684281
counter/1/0/0/0,32014:1747647677916:,1747647684281
counter/1/0/0/0,32015:1747647677916:,1747647684281
counter/1/0/0/0,32016:1747647677916:,1747647684281
counter/1/0/0/0,32017:1747647677916:,1747647684281
counter/1/0/0/0,32018:1747647677916:,1747647684281
counter/1/0/0/0,32019:1747647677916:,1747647684281
counter/1/0/0/0,32020:1747647677916:,1747647684281
counter/1/0/0/0,32021:1747647677916:,1747647684281
counter/1/0/0/0,32022:1747647677917:,1747647684281
counter/1/0/0/0,32023:1747647677917:,1747647684281
counter/1/0/0/0,32024:1747647677917:,1747647684281
counter/1/0/0/0,32025:1747647677917:,1747647684281
counter/1/0/0/0,32026:1747647677917:,1747647684281
counter/1/0/0/0,32027:1747647677917:,1747647684281
counter/1/0/0/0,32028:1747647677917:,1747647684281
counter/1/0/0/0,32029:1747647677918:,1747647684281
counter/1/0/0/0,32030:1747647677919:,1747647684281
counter/1/0/0/0,32031:1747647677919:,1747647684281
counter/1/0/0/0,32032:1747647677919:,1747647684281
counter/1/0/0/0,32033:1747647677919:,1747647684281
counter/5/0/0/0,36246:1747647678728:,1747647684281
counter/1/0/0/0,32034:1747647677919:,1747647684281
counter/7/0/0/0,34540:1747647678435:,1747647684281
counter/1/0/0/0,32035:1747647677919:,1747647684281
counter/3/0/0/0,28656:1747647674086:,1747647684281
counter/1/0/0/0,32036:1747647677919:,1747647684281
counter/1/0/0/0,32037:1747647677919:,1747647684281
counter/1/0/0/0,32038:1747647677919:,1747647684281
counter/1/0/0/0,32039:1747647677919:,1747647684281
counter/1/0/0/0,32040:1747647677919:,1747647684281
counter/1/0/0/0,32041:1747647677919:,1747647684281
counter/1/0/0/0,32042:1747647677931:,1747647684281
counter/1/0/0/0,32043:1747647677931:,1747647684281
counter/1/0/0/0,32044:1747647677931:,1747647684281
counter/1/0/0/0,32045:1747647677931:,1747647684282
counter/1/0/0/0,32046:1747647677931:,1747647684282
counter/1/0/0/0,32047:1747647677932:,1747647684282
counter/1/0/0/0,32048:1747647677932:,1747647684282
counter/1/0/0/0,32049:1747647677932:,1747647684282
counter/1/0/0/0,32050:1747647677932:,1747647684282
counter/1/0/0/0,32051:1747647677932:,1747647684282
counter/1/0/0/0,32052:1747647677932:,1747647684282
counter/1/0/0/0,32053:1747647677932:,1747647684282
counter/3/0/0/0,28657:1747647674086:,1747647684282
counter/1/0/0/0,32054:1747647677932:,1747647684282
counter/10/0/0/0,28366:1747647671551:,1747647684282
counter/1/0/0/0,32055:1747647677952:,1747647684282
counter/5/0/0/0,36247:1747647678728:,1747647684282
counter/1/0/0/0,32056:1747647677952:,1747647684282
counter/1/0/0/0,32057:1747647677952:,1747647684282
counter/1/0/0/0,32058:1747647677956:,1747647684282
counter/1/0/0/0,32059:1747647677956:,1747647684282
counter/1/0/0/0,32060:1747647677956:,1747647684282
counter/1/0/0/0,32061:1747647677956:,1747647684282
counter/1/0/0/0,32062:1747647677956:,1747647684282
counter/1/0/0/0,32063:1747647677956:,1747647684282
counter/1/0/0/0,32064:1747647677956:,1747647684282
counter/1/0/0/0,32065:1747647677956:,1747647684282
counter/1/0/0/0,32066:1747647677956:,1747647684282
counter/1/0/0/0,32067:1747647677959:,1747647684282
counter/1/0/0/0,32068:1747647677960:,1747647684282
counter/1/0/0/0,32069:1747647677960:,1747647684282
counter/1/0/0/0,32070:1747647677960:,1747647684282
counter/1/0/0/0,32071:1747647677960:,1747647684282
counter/1/0/0/0,32072:1747647677960:,1747647684282
counter/1/0/0/0,32073:1747647677960:,1747647684282
counter/1/0/0/0,32074:1747647677972:,1747647684282
counter/1/0/0/0,32075:1747647677972:,1747647684282
counter/1/0/0/0,32076:1747647677973:,1747647684283
counter/1/0/0/0,32077:1747647677973:,1747647684283
counter/1/0/0/0,32078:1747647677973:,1747647684283
counter/1/0/0/0,32079:1747647677973:,1747647684283
counter/1/0/0/0,32080:1747647677973:,1747647684283
counter/1/0/0/0,32081:1747647677973:,1747647684283
counter/1/0/0/0,32082:1747647677987:,1747647684283
counter/1/0/0/0,32083:1747647677987:,1747647684283
counter/1/0/0/0,32084:1747647677987:,1747647684283
counter/1/0/0/0,32085:1747647677989:,1747647684283
counter/1/0/0/0,32086:1747647677989:,1747647684283
counter/1/0/0/0,32087:1747647677989:,1747647684283
counter/1/0/0/0,32088:1747647677989:,1747647684283
counter/1/0/0/0,32089:1747647677989:,1747647684283
counter/1/0/0/0,32090:1747647677989:,1747647684283
counter/1/0/0/0,32091:1747647677989:,1747647684283
counter/1/0/0/0,32092:1747647678001:,1747647684283
counter/1/0/0/0,32093:1747647678001:,1747647684283
counter/1/0/0/0,32094:1747647678001:,1747647684283
counter/1/0/0/0,32095:1747647678001:,1747647684283
counter/1/0/0/0,32096:1747647678001:,1747647684283
counter/1/0/0/0,32097:1747647678001:,1747647684283
counter/1/0/0/0,32098:1747647678001:,1747647684283
counter/1/0/0/0,32099:1747647678001:,1747647684283
counter/1/0/0/0,32100:1747647678001:,1747647684283
counter/1/0/0/0,32101:1747647678001:,1747647684283
counter/1/0/0/0,32102:1747647678001:,1747647684283
counter/1/0/0/0,32103:1747647678001:,1747647684283
counter/1/0/0/0,32104:1747647678001:,1747647684283
counter/1/0/0/0,32105:1747647678001:,1747647684283
counter/1/0/0/0,32106:1747647678001:,1747647684283
counter/1/0/0/0,32107:1747647678001:,1747647684283
counter/1/0/0/0,32108:1747647678001:,1747647684283
counter/1/0/0/0,32109:1747647678001:,1747647684283
counter/1/0/0/0,32110:1747647678001:,1747647684284
counter/1/0/0/0,32111:1747647678001:,1747647684284
counter/1/0/0/0,32112:1747647678002:,1747647684284
counter/1/0/0/0,32113:1747647678005:,1747647684284
counter/1/0/0/0,32114:1747647678005:,1747647684284
counter/1/0/0/0,32115:1747647678005:,1747647684284
counter/1/0/0/0,32116:1747647678005:,1747647684284
counter/1/0/0/0,32117:1747647678005:,1747647684284
counter/1/0/0/0,32118:1747647678021:,1747647684284
counter/1/0/0/0,32119:1747647678021:,1747647684284
counter/1/0/0/0,32120:1747647678021:,1747647684284
counter/1/0/0/0,32121:1747647678021:,1747647684284
counter/1/0/0/0,32122:1747647678021:,1747647684284
counter/1/0/0/0,32123:1747647678021:,1747647684284
counter/1/0/0/0,32124:1747647678021:,1747647684284
counter/1/0/0/0,32125:1747647678021:,1747647684284
counter/1/0/0/0,32126:1747647678021:,1747647684284
counter/1/0/0/0,32127:1747647678028:,1747647684284
counter/1/0/0/0,32128:1747647678028:,1747647684284
counter/1/0/0/0,32129:1747647678028:,1747647684284
counter/1/0/0/0,32130:1747647678028:,1747647684284
counter/1/0/0/0,32131:1747647678029:,1747647684284
counter/1/0/0/0,32132:1747647678029:,1747647684284
counter/1/0/0/0,32133:1747647678029:,1747647684284
counter/1/0/0/0,32134:1747647678029:,1747647684284
counter/1/0/0/0,32135:1747647678029:,1747647684284
counter/1/0/0/0,32136:1747647678029:,1747647684284
counter/1/0/0/0,32137:1747647678029:,1747647684284
counter/1/0/0/0,32138:1747647678029:,1747647684284
counter/1/0/0/0,32139:1747647678032:,1747647684284
counter/1/0/0/0,32140:1747647678032:,1747647684284
counter/1/0/0/0,32141:1747647678032:,1747647684284
counter/1/0/0/0,32142:1747647678042:,1747647684284
counter/1/0/0/0,32143:1747647678042:,1747647684284
counter/1/0/0/0,32144:1747647678042:,1747647684284
counter/1/0/0/0,32145:1747647678042:,1747647684285
counter/1/0/0/0,32146:1747647678042:,1747647684285
counter/1/0/0/0,32147:1747647678042:,1747647684285
counter/1/0/0/0,32148:1747647678042:,1747647684285
counter/1/0/0/0,32149:1747647678042:,1747647684285
counter/1/0/0/0,32150:1747647678062:,1747647684285
counter/1/0/0/0,32151:1747647678062:,1747647684285
counter/1/0/0/0,32152:1747647678062:,1747647684285
counter/1/0/0/0,32153:1747647678062:,1747647684285
counter/1/0/0/0,32154:1747647678062:,1747647684285
counter/1/0/0/0,32155:1747647678062:,1747647684285
counter/1/0/0/0,32156:1747647678062:,1747647684285
counter/1/0/0/0,32157:1747647678062:,1747647684285
counter/1/0/0/0,32158:1747647678062:,1747647684285
counter/1/0/0/0,32159:1747647678062:,1747647684285
counter/1/0/0/0,32160:1747647678066:,1747647684285
counter/1/0/0/0,32161:1747647678066:,1747647684285
counter/1/0/0/0,32162:1747647678069:,1747647684285
counter/1/0/0/0,32163:1747647678069:,1747647684285
counter/1/0/0/0,32164:1747647678069:,1747647684285
counter/1/0/0/0,32165:1747647678069:,1747647684285
counter/1/0/0/0,32166:1747647678069:,1747647684285
counter/1/0/0/0,32167:1747647678069:,1747647684285
counter/1/0/0/0,32168:1747647678069:,1747647684285
counter/1/0/0/0,32169:1747647678069:,1747647684285
counter/1/0/0/0,32170:1747647678069:,1747647684285
counter/1/0/0/0,32171:1747647678069:,1747647684285
counter/1/0/0/0,32172:1747647678069:,1747647684285
counter/1/0/0/0,32173:1747647678069:,1747647684285
counter/1/0/0/0,32174:1747647678069:,1747647684285
counter/1/0/0/0,32175:1747647678069:,1747647684285
counter/1/0/0/0,32176:1747647678069:,1747647684285
counter/1/0/0/0,32177:1747647678069:,1747647684285
counter/1/0/0/0,32178:1747647678069:,1747647684286
counter/1/0/0/0,32179:1747647678069:,1747647684286
counter/1/0/0/0,32180:1747647678082:,1747647684286
counter/1/0/0/0,32181:1747647678082:,1747647684286
counter/1/0/0/0,32182:1747647678082:,1747647684286
counter/7/0/0/0,34541:1747647678435:,1747647684286
counter/1/0/0/0,32183:1747647678082:,1747647684286
counter/5/0/0/0,36248:1747647678728:,1747647684286
counter/10/0/0/0,28367:1747647671551:,1747647684286
counter/1/0/0/0,32184:1747647678082:,1747647684286
counter/3/0/0/0,28658:1747647674086:,1747647684286
counter/1/0/0/0,32185:1747647678082:,1747647684286
counter/1/0/0/0,32186:1747647678082:,1747647684286
counter/1/0/0/0,32187:1747647678082:,1747647684286
counter/1/0/0/0,32188:1747647678082:,1747647684286
counter/1/0/0/0,32189:1747647678082:,1747647684286
counter/1/0/0/0,32190:1747647678082:,1747647684286
counter/1/0/0/0,32191:1747647678082:,1747647684286
counter/1/0/0/0,32192:1747647678082:,1747647684286
counter/1/0/0/0,32193:1747647678082:,1747647684286
counter/1/0/0/0,32194:1747647678082:,1747647684286
counter/1/0/0/0,32195:1747647678092:,1747647684286
counter/1/0/0/0,32196:1747647678092:,1747647684286
counter/1/0/0/0,32197:1747647678092:,1747647684286
counter/1/0/0/0,32198:1747647678092:,1747647684286
counter/1/0/0/0,32199:1747647678092:,1747647684286
counter/1/0/0/0,32200:1747647678092:,1747647684286
counter/1/0/0/0,32201:1747647678092:,1747647684286
counter/1/0/0/0,32202:1747647678092:,1747647684286
counter/1/0/0/0,32203:1747647678092:,1747647684286
counter/1/0/0/0,32204:1747647678092:,1747647684286
counter/1/0/0/0,32205:1747647678092:,1747647684286
counter/1/0/0/0,32206:1747647678092:,1747647684286
counter/1/0/0/0,32207:1747647678092:,1747647684286
counter/1/0/0/0,32208:1747647678093:,1747647684286
counter/1/0/0/0,32209:1747647678093:,1747647684286
counter/1/0/0/0,32210:1747647678100:,1747647684287
counter/1/0/0/0,32211:1747647678100:,1747647684287
counter/3/0/0/0,28659:1747647674086:,1747647684287
counter/1/0/0/0,32212:1747647678100:,1747647684287
counter/5/0/0/0,36249:1747647678728:,1747647684287
counter/1/0/0/0,32213:1747647678100:,1747647684287
counter/10/0/0/0,28368:1747647671551:,1747647684287
counter/1/0/0/0,32214:1747647678103:,1747647684287
counter/7/0/0/0,34542:1747647678435:,1747647684287
counter/1/0/0/0,32215:1747647678104:,1747647684287
counter/1/0/0/0,32216:1747647678104:,1747647684287
counter/1/0/0/0,32217:1747647678104:,1747647684287
counter/1/0/0/0,32218:1747647678104:,1747647684287
counter/1/0/0/0,32219:1747647678104:,1747647684287
counter/1/0/0/0,32220:1747647678104:,1747647684287
counter/1/0/0/0,32221:1747647678104:,1747647684287
counter/1/0/0/0,32222:1747647678104:,1747647684287
counter/1/0/0/0,32223:1747647678104:,1747647684287
counter/1/0/0/0,32224:1747647678104:,1747647684287
counter/1/0/0/0,32225:1747647678104:,1747647684287
counter/1/0/0/0,32226:1747647678104:,1747647684287
counter/1/0/0/0,32227:1747647678104:,1747647684287
counter/1/0/0/0,32228:1747647678104:,1747647684287
counter/1/0/0/0,32229:1747647678105:,1747647684287
counter/1/0/0/0,32230:1747647678105:,1747647684287
counter/1/0/0/0,32231:1747647678106:,1747647684287
counter/1/0/0/0,32232:1747647678106:,1747647684287
counter/1/0/0/0,32233:1747647678106:,1747647684287
counter/1/0/0/0,32234:1747647678106:,1747647684287
counter/1/0/0/0,32235:1747647678106:,1747647684287
counter/1/0/0/0,32236:1747647678106:,1747647684287
counter/1/0/0/0,32237:1747647678106:,1747647684287
counter/1/0/0/0,32238:1747647678112:,1747647684287
counter/1/0/0/0,32239:1747647678113:,1747647684287
counter/1/0/0/0,32240:1747647678113:,1747647684287
counter/1/0/0/0,32241:1747647678113:,1747647684287
counter/1/0/0/0,32242:1747647678113:,1747647684287
counter/1/0/0/0,32243:1747647678114:,1747647684287
counter/1/0/0/0,32244:1747647678114:,1747647684287
counter/1/0/0/0,32245:1747647678114:,1747647684288
counter/1/0/0/0,32246:1747647678118:,1747647684288
counter/1/0/0/0,32247:1747647678119:,1747647684288
counter/1/0/0/0,32248:1747647678124:,1747647684288
counter/1/0/0/0,32249:1747647678124:,1747647684288
counter/1/0/0/0,32250:1747647678124:,1747647684288
counter/1/0/0/0,32251:1747647678124:,1747647684288
counter/1/0/0/0,32252:1747647678124:,1747647684288
counter/1/0/0/0,32253:1747647678124:,1747647684288
counter/1/0/0/0,32254:1747647678124:,1747647684288
counter/1/0/0/0,32255:1747647678124:,1747647684288
counter/1/0/0/0,32256:1747647678124:,1747647684288
counter/1/0/0/0,32257:1747647678125:,1747647684288
counter/1/0/0/0,32258:1747647678125:,1747647684288
counter/1/0/0/0,32259:1747647678125:,1747647684288
counter/1/0/0/0,32260:1747647678125:,1747647684288
counter/1/0/0/0,32261:1747647678125:,1747647684288
counter/1/0/0/0,32262:1747647678125:,1747647684288
counter/1/0/0/0,32263:1747647678126:,1747647684288
counter/1/0/0/0,32264:1747647678126:,1747647684288
counter/1/0/0/0,32265:1747647678142:,1747647684288
counter/1/0/0/0,32266:1747647678142:,1747647684288
counter/1/0/0/0,32267:1747647678142:,1747647684288
counter/1/0/0/0,32268:1747647678142:,1747647684288
counter/1/0/0/0,32269:1747647678142:,1747647684288
counter/1/0/0/0,32270:1747647678142:,1747647684288
counter/1/0/0/0,32271:1747647678142:,1747647684288
counter/1/0/0/0,32272:1747647678142:,1747647684288
counter/1/0/0/0,32273:1747647678171:,1747647684288
counter/1/0/0/0,32274:1747647678171:,1747647684288
counter/1/0/0/0,32275:1747647678171:,1747647684288
counter/1/0/0/0,32276:1747647678171:,1747647684288
counter/1/0/0/0,32277:1747647678171:,1747647684288
counter/1/0/0/0,32278:1747647678172:,1747647684288
counter/1/0/0/0,32279:1747647678174:,1747647684288
counter/1/0/0/0,32280:1747647678174:,1747647684288
counter/1/0/0/0,32281:1747647678174:,1747647684288
counter/5/0/0/0,36250:1747647678728:,1747647684289
counter/1/0/0/0,32282:1747647678174:,1747647684289
counter/10/0/0/0,28369:1747647671551:,1747647684289
counter/1/0/0/0,32283:1747647678175:,1747647684289
counter/3/0/0/0,28660:1747647674086:,1747647684289
counter/7/0/0/0,34543:1747647678435:,1747647684289
counter/1/0/0/0,32284:1747647678175:,1747647684289
counter/1/0/0/0,32285:1747647678175:,1747647684289
counter/1/0/0/0,32286:1747647678175:,1747647684289
counter/1/0/0/0,32287:1747647678175:,1747647684289
counter/1/0/0/0,32288:1747647678175:,1747647684289
counter/1/0/0/0,32289:1747647678175:,1747647684289
counter/1/0/0/0,32290:1747647678175:,1747647684289
counter/1/0/0/0,32291:1747647678175:,1747647684289
counter/1/0/0/0,32292:1747647678175:,1747647684289
counter/1/0/0/0,32293:1747647678175:,1747647684289
counter/1/0/0/0,32294:1747647678175:,1747647684289
counter/1/0/0/0,32295:1747647678175:,1747647684289
counter/1/0/0/0,32296:1747647678175:,1747647684289
counter/1/0/0/0,32297:1747647678175:,1747647684289
counter/1/0/0/0,32298:1747647678175:,1747647684289
counter/1/0/0/0,32299:1747647678176:,1747647684289
counter/1/0/0/0,32300:1747647678176:,1747647684289
counter/1/0/0/0,32301:1747647678176:,1747647684289
counter/1/0/0/0,32302:1747647678176:,1747647684289
counter/10/0/0/0,28370:1747647671552:,1747647684289
counter/1/0/0/0,32303:1747647678176:,1747647684289
counter/7/0/0/0,34544:1747647678435:,1747647684289
counter/1/0/0/0,32304:1747647678176:,1747647684289
counter/3/0/0/0,28661:1747647674086:,1747647684289
counter/5/0/0/0,36251:1747647678728:,1747647684289
counter/1/0/0/0,32305:1747647678176:,1747647684289
counter/1/0/0/0,32306:1747647678176:,1747647684289
counter/1/0/0/0,32307:1747647678176:,1747647684289
counter/1/0/0/0,32308:1747647678176:,1747647684289
counter/1/0/0/0,32309:1747647678176:,1747647684289
counter/1/0/0/0,32310:1747647678176:,1747647684289
counter/1/0/0/0,32311:1747647678176:,1747647684289
counter/10/0/0/0,28371:1747647671552:,1747647684289
counter/1/0/0/0,32312:1747647678176:,1747647684290
counter/7/0/0/0,34545:1747647678435:,1747647684290
counter/3/0/0/0,28662:1747647674086:,1747647684290
counter/1/0/0/0,32313:1747647678176:,1747647684290
counter/1/0/0/0,32314:1747647678176:,1747647684290
counter/1/0/0/0,32315:1747647678176:,1747647684290
counter/1/0/0/0,32316:1747647678176:,1747647684290
counter/1/0/0/0,32317:1747647678177:,1747647684290
counter/1/0/0/0,32318:1747647678189:,1747647684290
counter/1/0/0/0,32319:1747647678189:,1747647684290
counter/1/0/0/0,32320:1747647678197:,1747647684290
counter/1/0/0/0,32321:1747647678197:,1747647684290
counter/1/0/0/0,32322:1747647678197:,1747647684290
counter/1/0/0/0,32323:1747647678197:,1747647684290
counter/1/0/0/0,32324:1747647678197:,1747647684290
counter/1/0/0/0,32325:1747647678197:,1747647684290
counter/1/0/0/0,32326:1747647678197:,1747647684290
counter/1/0/0/0,32327:1747647678197:,1747647684290
counter/1/0/0/0,32328:1747647678205:,1747647684290
counter/1/0/0/0,32329:1747647678205:,1747647684290
counter/1/0/0/0,32330:1747647678205:,1747647684290
counter/1/0/0/0,32331:1747647678205:,1747647684290
counter/1/0/0/0,32332:1747647678205:,1747647684290
counter/1/0/0/0,32333:1747647678205:,1747647684290
counter/1/0/0/0,32334:1747647678205:,1747647684290
counter/1/0/0/0,32335:1747647678215:,1747647684290
counter/1/0/0/0,32336:1747647678216:,1747647684290
counter/1/0/0/0,32337:1747647678216:,1747647684290
counter/1/0/0/0,32338:1747647678216:,1747647684290
counter/1/0/0/0,32339:1747647678216:,1747647684290
counter/1/0/0/0,32340:1747647678229:,1747647684290
counter/1/0/0/0,32341:1747647678229:,1747647684290
counter/1/0/0/0,32342:1747647678230:,1747647684290
counter/1/0/0/0,32343:1747647678230:,1747647684290
counter/1/0/0/0,32344:1747647678230:,1747647684290
counter/1/0/0/0,32345:1747647678230:,1747647684290
counter/1/0/0/0,32346:1747647678235:,1747647684290
counter/1/0/0/0,32347:1747647678235:,1747647684290
counter/1/0/0/0,32348:1747647678235:,1747647684290
counter/1/0/0/0,32349:1747647678235:,1747647684291
counter/1/0/0/0,32350:1747647678235:,1747647684291
counter/1/0/0/0,32351:1747647678235:,1747647684291
counter/1/0/0/0,32352:1747647678235:,1747647684291
counter/1/0/0/0,32353:1747647678235:,1747647684291
counter/1/0/0/0,32354:1747647678235:,1747647684291
counter/1/0/0/0,32355:1747647678235:,1747647684291
counter/1/0/0/0,32356:1747647678235:,1747647684291
counter/1/0/0/0,32357:1747647678235:,1747647684291
counter/1/0/0/0,32358:1747647678235:,1747647684291
counter/1/0/0/0,32359:1747647678235:,1747647684291
counter/1/0/0/0,32360:1747647678235:,1747647684291
counter/1/0/0/0,32361:1747647678235:,1747647684291
counter/1/0/0/0,32362:1747647678235:,1747647684291
counter/1/0/0/0,32363:1747647678235:,1747647684291
counter/1/0/0/0,32364:1747647678235:,1747647684291
counter/1/0/0/0,32365:1747647678235:,1747647684291
counter/1/0/0/0,32366:1747647678236:,1747647684291
counter/1/0/0/0,32367:1747647678236:,1747647684291
counter/1/0/0/0,32368:1747647678236:,1747647684291
counter/1/0/0/0,32369:1747647678236:,1747647684291
counter/1/0/0/0,32370:1747647678236:,1747647684291
counter/1/0/0/0,32371:1747647678236:,1747647684291
counter/1/0/0/0,32372:1747647678236:,1747647684291
counter/1/0/0/0,32373:1747647678265:,1747647684291
counter/3/0/0/0,28663:1747647674086:,1747647684291
counter/1/0/0/0,32374:1747647678266:,1747647684291
counter/10/0/0/0,28372:1747647671553:,1747647684291
counter/7/0/0/0,34546:1747647678449:,1747647684291
counter/1/0/0/0,32375:1747647678266:,1747647684291
counter/1/0/0/0,32376:1747647678266:,1747647684291
counter/1/0/0/0,32377:1747647678266:,1747647684291
counter/1/0/0/0,32378:1747647678266:,1747647684291
counter/1/0/0/0,32379:1747647678266:,1747647684291
counter/1/0/0/0,32380:1747647678267:,1747647684292
counter/1/0/0/0,32381:1747647678267:,1747647684292
counter/1/0/0/0,32382:1747647678275:,1747647684292
counter/1/0/0/0,32383:1747647678275:,1747647684292
counter/1/0/0/0,32384:1747647678286:,1747647684292
counter/5/0/0/0,36252:1747647678728:,1747647684292
counter/1/0/0/0,32385:1747647678286:,1747647684292
counter/3/0/0/0,28664:1747647674088:,1747647684292
counter/10/0/0/0,28373:1747647671553:,1747647684292
counter/1/0/0/0,32386:1747647678286:,1747647684292
counter/1/0/0/0,32387:1747647678286:,1747647684292
counter/1/0/0/0,32388:1747647678286:,1747647684292
counter/1/0/0/0,32389:1747647678286:,1747647684292
counter/1/0/0/0,32390:1747647678286:,1747647684292
counter/1/0/0/0,32391:1747647678286:,1747647684292
counter/1/0/0/0,32392:1747647678286:,1747647684292
counter/1/0/0/0,32393:1747647678286:,1747647684292
counter/1/0/0/0,32394:1747647678286:,1747647684292
counter/1/0/0/0,32395:1747647678286:,1747647684292
counter/1/0/0/0,32396:1747647678286:,1747647684292
counter/1/0/0/0,32397:1747647678286:,1747647684292
counter/1/0/0/0,32398:1747647678286:,1747647684292
counter/1/0/0/0,32399:1747647678286:,1747647684292
counter/1/0/0/0,32400:1747647678286:,1747647684292
counter/1/0/0/0,32401:1747647678287:,1747647684292
counter/1/0/0/0,32402:1747647678287:,1747647684292
counter/1/0/0/0,32403:1747647678287:,1747647684292
counter/1/0/0/0,32404:1747647678287:,1747647684292
counter/1/0/0/0,32405:1747647678287:,1747647684292
counter/1/0/0/0,32406:1747647678287:,1747647684292
counter/1/0/0/0,32407:1747647678287:,1747647684292
counter/1/0/0/0,32408:1747647678287:,1747647684292
counter/1/0/0/0,32409:1747647678287:,1747647684292
counter/5/0/0/0,36253:1747647678728:,1747647684292
counter/1/0/0/0,32410:1747647678287:,1747647684292
counter/7/0/0/0,34547:1747647678449:,1747647684292
counter/1/0/0/0,32411:1747647678287:,1747647684292
counter/10/0/0/0,28374:1747647671553:,1747647684292
counter/1/0/0/0,32412:1747647678287:,1747647684293
counter/1/0/0/0,32413:1747647678287:,1747647684293
counter/1/0/0/0,32414:1747647678287:,1747647684293
counter/1/0/0/0,32415:1747647678287:,1747647684293
counter/1/0/0/0,32416:1747647678287:,1747647684293
counter/1/0/0/0,32417:1747647678287:,1747647684293
counter/1/0/0/0,32418:1747647678287:,1747647684293
counter/1/0/0/0,32419:1747647678287:,1747647684293
counter/1/0/0/0,32420:1747647678287:,1747647684293
counter/1/0/0/0,32421:1747647678287:,1747647684293
counter/1/0/0/0,32422:1747647678287:,1747647684293
counter/1/0/0/0,32423:1747647678292:,1747647684293
counter/1/0/0/0,32424:1747647678292:,1747647684293
counter/1/0/0/0,32425:1747647678292:,1747647684293
counter/1/0/0/0,32426:1747647678292:,1747647684293
counter/1/0/0/0,32427:1747647678292:,1747647684293
counter/1/0/0/0,32428:1747647678292:,1747647684293
counter/1/0/0/0,32429:1747647678292:,1747647684293
counter/1/0/0/0,32430:1747647678293:,1747647684293
counter/1/0/0/0,32431:1747647678293:,1747647684293
counter/1/0/0/0,32432:1747647678293:,1747647684293
counter/1/0/0/0,32433:1747647678293:,1747647684293
counter/1/0/0/0,32434:1747647678293:,1747647684293
counter/1/0/0/0,32435:1747647678293:,1747647684293
counter/1/0/0/0,32436:1747647678293:,1747647684293
counter/1/0/0/0,32437:1747647678293:,1747647684293
counter/1/0/0/0,32438:1747647678293:,1747647684293
counter/1/0/0/0,32439:1747647678293:,1747647684293
counter/1/0/0/0,32440:1747647678293:,1747647684293
counter/1/0/0/0,32441:1747647678293:,1747647684293
counter/1/0/0/0,32442:1747647678293:,1747647684293
counter/1/0/0/0,32443:1747647678293:,1747647684293
counter/1/0/0/0,32444:1747647678293:,1747647684293
counter/1/0/0/0,32445:1747647678293:,1747647684294
counter/1/0/0/0,32446:1747647678293:,1747647684294
counter/1/0/0/0,32447:1747647678293:,1747647684294
counter/1/0/0/0,32448:1747647678293:,1747647684294
counter/1/0/0/0,32449:1747647678293:,1747647684294
counter/1/0/0/0,32450:1747647678293:,1747647684294
counter/1/0/0/0,32451:1747647678293:,1747647684294
counter/1/0/0/0,32452:1747647678293:,1747647684294
counter/1/0/0/0,32453:1747647678293:,1747647684294
counter/1/0/0/0,32454:1747647678293:,1747647684294
counter/1/0/0/0,32455:1747647678307:,1747647684294
counter/1/0/0/0,32456:1747647678307:,1747647684294
counter/1/0/0/0,32457:1747647678307:,1747647684294
counter/1/0/0/0,32458:1747647678307:,1747647684294
counter/1/0/0/0,32459:1747647678307:,1747647684294
counter/1/0/0/0,32460:1747647678307:,1747647684294
counter/1/0/0/0,32461:1747647678307:,1747647684294
counter/1/0/0/0,32462:1747647678307:,1747647684294
counter/1/0/0/0,32463:1747647678307:,1747647684294
counter/1/0/0/0,32464:1747647678307:,1747647684294
counter/1/0/0/0,32465:1747647678307:,1747647684294
counter/1/0/0/0,32466:1747647678307:,1747647684294
counter/1/0/0/0,32467:1747647678308:,1747647684294
counter/1/0/0/0,32468:1747647678308:,1747647684294
counter/1/0/0/0,32469:1747647678308:,1747647684294
counter/1/0/0/0,32470:1747647678311:,1747647684294
counter/1/0/0/0,32471:1747647678311:,1747647684294
counter/1/0/0/0,32472:1747647678311:,1747647684294
counter/1/0/0/0,32473:1747647678311:,1747647684294
counter/1/0/0/0,32474:1747647678311:,1747647684294
counter/1/0/0/0,32475:1747647678311:,1747647684294
counter/1/0/0/0,32476:1747647678311:,1747647684294
counter/1/0/0/0,32477:1747647678311:,1747647684294
counter/1/0/0/0,32478:1747647678311:,1747647684294
counter/1/0/0/0,32479:1747647678311:,1747647684294
counter/1/0/0/0,32480:1747647678311:,1747647684294
counter/1/0/0/0,32481:1747647678311:,1747647684295
counter/1/0/0/0,32482:1747647678318:,1747647684295
counter/1/0/0/0,32483:1747647678318:,1747647684295
counter/1/0/0/0,32484:1747647678318:,1747647684295
counter/1/0/0/0,32485:1747647678318:,1747647684295
counter/1/0/0/0,32486:1747647678318:,1747647684295
counter/10/0/0/0,28375:1747647671553:,1747647684295
counter/1/0/0/0,32487:1747647678318:,1747647684295
counter/3/0/0/0,28665:1747647674088:,1747647684295
counter/1/0/0/0,32488:1747647678318:,1747647684295
counter/5/0/0/0,36254:1747647678728:,1747647684295
counter/1/0/0/0,32489:1747647678318:,1747647684295
counter/1/0/0/0,32490:1747647678318:,1747647684295
counter/1/0/0/0,32491:1747647678318:,1747647684295
counter/1/0/0/0,32492:1747647678318:,1747647684295
counter/1/0/0/0,32493:1747647678324:,1747647684295
counter/1/0/0/0,32494:1747647678324:,1747647684295
counter/1/0/0/0,32495:1747647678324:,1747647684295
counter/1/0/0/0,32496:1747647678324:,1747647684295
counter/1/0/0/0,32497:1747647678350:,1747647684295
counter/1/0/0/0,32498:1747647678350:,1747647684295
counter/1/0/0/0,32499:1747647678350:,1747647684295
counter/1/0/0/0,32500:1747647678350:,1747647684295
counter/1/0/0/0,32501:1747647678350:,1747647684295
counter/1/0/0/0,32502:1747647678350:,1747647684295
counter/1/0/0/0,32503:1747647678350:,1747647684295
counter/1/0/0/0,32504:1747647678350:,1747647684295
counter/1/0/0/0,32505:1747647678350:,1747647684295
counter/1/0/0/0,32506:1747647678350:,1747647684295
counter/1/0/0/0,32507:1747647678350:,1747647684295
counter/1/0/0/0,32508:1747647678350:,1747647684295
counter/1/0/0/0,32509:1747647678350:,1747647684295
counter/1/0/0/0,32510:1747647678350:,1747647684295
counter/1/0/0/0,32511:1747647678350:,1747647684296
counter/1/0/0/0,32512:1747647678350:,1747647684296
counter/1/0/0/0,32513:1747647678365:,1747647684296
counter/1/0/0/0,32514:1747647678367:,1747647684296
counter/1/0/0/0,32515:1747647678368:,1747647684296
counter/1/0/0/0,32516:1747647678368:,1747647684296
counter/1/0/0/0,32517:1747647678368:,1747647684296
counter/1/0/0/0,32518:1747647678368:,1747647684296
counter/1/0/0/0,32519:1747647678368:,1747647684296
counter/1/0/0/0,32520:1747647678368:,1747647684296
counter/1/0/0/0,32521:1747647678368:,1747647684296
counter/1/0/0/0,32522:1747647678368:,1747647684296
counter/1/0/0/0,32523:1747647678368:,1747647684296
counter/1/0/0/0,32524:1747647678368:,1747647684296
counter/1/0/0/0,32525:1747647678368:,1747647684296
counter/1/0/0/0,32526:1747647678368:,1747647684296
counter/1/0/0/0,32527:1747647678368:,1747647684296
counter/1/0/0/0,32528:1747647678401:,1747647684296
counter/1/0/0/0,32529:1747647678401:,1747647684296
counter/1/0/0/0,32530:1747647678401:,1747647684296
counter/1/0/0/0,32531:1747647678401:,1747647684296
counter/1/0/0/0,32532:1747647678401:,1747647684296
counter/1/0/0/0,32533:1747647678401:,1747647684296
counter/1/0/0/0,32534:1747647678401:,1747647684296
counter/1/0/0/0,32535:1747647678406:,1747647684296
counter/1/0/0/0,32536:1747647678406:,1747647684296
counter/1/0/0/0,32537:1747647678406:,1747647684296
counter/1/0/0/0,32538:1747647678406:,1747647684296
counter/1/0/0/0,32539:1747647678406:,1747647684296
counter/1/0/0/0,32540:1747647678406:,1747647684296
counter/1/0/0/0,32541:1747647678406:,1747647684296
counter/1/0/0/0,32542:1747647678406:,1747647684296
counter/1/0/0/0,32543:1747647678406:,1747647684296
counter/1/0/0/0,32544:1747647678406:,1747647684296
counter/1/0/0/0,32545:1747647678406:,1747647684296
counter/1/0/0/0,32546:1747647678406:,1747647684296
counter/1/0/0/0,32547:1747647678406:,1747647684297
counter/1/0/0/0,32548:1747647678406:,1747647684297
counter/1/0/0/0,32549:1747647678406:,1747647684297
counter/1/0/0/0,32550:1747647678406:,1747647684297
counter/1/0/0/0,32551:1747647678406:,1747647684297
counter/1/0/0/0,32552:1747647678407:,1747647684297
counter/1/0/0/0,32553:1747647678411:,1747647684297
counter/1/0/0/0,32554:1747647678411:,1747647684297
counter/1/0/0/0,32555:1747647678411:,1747647684297
counter/1/0/0/0,32556:1747647678411:,1747647684297
counter/1/0/0/0,32557:1747647678411:,1747647684297
counter/1/0/0/0,32558:1747647678411:,1747647684297
counter/1/0/0/0,32559:1747647678411:,1747647684297
counter/1/0/0/0,32560:1747647678411:,1747647684297
counter/1/0/0/0,32561:1747647678419:,1747647684297
counter/1/0/0/0,32562:1747647678419:,1747647684297
counter/1/0/0/0,32563:1747647678419:,1747647684297
counter/1/0/0/0,32564:1747647678419:,1747647684297
counter/1/0/0/0,32565:1747647678419:,1747647684297
counter/1/0/0/0,32566:1747647678419:,1747647684297
counter/3/0/0/0,28666:1747647674088:,1747647684297
counter/1/0/0/0,32567:1747647678423:,1747647684297
counter/5/0/0/0,36255:1747647678728:,1747647684297
counter/7/0/0/0,34548:1747647678449:,1747647684297
counter/1/0/0/0,32568:1747647678424:,1747647684297
counter/1/0/0/0,32569:1747647678424:,1747647684297
counter/1/0/0/0,32570:1747647678424:,1747647684297
counter/1/0/0/0,32571:1747647678424:,1747647684297
counter/1/0/0/0,32572:1747647678424:,1747647684297
counter/1/0/0/0,32573:1747647678424:,1747647684297
counter/1/0/0/0,32574:1747647678424:,1747647684297
counter/1/0/0/0,32575:1747647678424:,1747647684297
counter/1/0/0/0,32576:1747647678424:,1747647684297
counter/1/0/0/0,32577:1747647678424:,1747647684297
counter/1/0/0/0,32578:1747647678424:,1747647684297
counter/1/0/0/0,32579:1747647678424:,1747647684297
counter/1/0/0/0,32580:1747647678424:,1747647684297
counter/1/0/0/0,32581:1747647678424:,1747647684297
counter/1/0/0/0,32582:1747647678424:,1747647684298
counter/1/0/0/0,32583:1747647678424:,1747647684298
counter/1/0/0/0,32584:1747647678424:,1747647684298
counter/10/0/0/0,28376:1747647671553:,1747647684298
counter/3/0/0/0,28667:1747647674088:,1747647684298
counter/1/0/0/0,32585:1747647678424:,1747647684298
counter/7/0/0/0,34549:1747647678450:,1747647684298
counter/5/0/0/0,36256:1747647678729:,1747647684298
counter/1/0/0/0,32586:1747647678424:,1747647684298
counter/1/0/0/0,32587:1747647678424:,1747647684298
counter/1/0/0/0,32588:1747647678425:,1747647684298
counter/1/0/0/0,32589:1747647678428:,1747647684298
counter/1/0/0/0,32590:1747647678429:,1747647684298
counter/1/0/0/0,32591:1747647678429:,1747647684298
counter/1/0/0/0,32592:1747647678429:,1747647684298
counter/1/0/0/0,32593:1747647678429:,1747647684298
counter/1/0/0/0,32594:1747647678429:,1747647684298
counter/1/0/0/0,32595:1747647678429:,1747647684298
counter/1/0/0/0,32596:1747647678429:,1747647684298
counter/1/0/0/0,32597:1747647678447:,1747647684298
counter/1/0/0/0,32598:1747647678447:,1747647684298
counter/1/0/0/0,32599:1747647678447:,1747647684298
counter/1/0/0/0,32600:1747647678447:,1747647684298
counter/10/0/0/0,28377:1747647671553:,1747647684298
counter/7/0/0/0,34550:1747647678450:,1747647684298
counter/1/0/0/0,32601:1747647678447:,1747647684298
counter/10/0/0/0,28378:1747647671553:,1747647684298
counter/1/0/0/0,32602:1747647678447:,1747647684298
counter/10/0/0/0,28379:1747647671553:,1747647684298
counter/1/0/0/0,32603:1747647678447:,1747647684298
counter/10/0/0/0,28380:1747647671553:,1747647684298
counter/1/0/0/0,32604:1747647678447:,1747647684298
counter/10/0/0/0,28381:1747647671553:,1747647684298
counter/1/0/0/0,32605:1747647678454:,1747647684298
counter/10/0/0/0,28382:1747647671553:,1747647684298
counter/1/0/0/0,32606:1747647678454:,1747647684298
counter/10/0/0/0,28383:1747647671553:,1747647684298
counter/1/0/0/0,32607:1747647678455:,1747647684299
counter/1/0/0/0,32608:1747647678455:,1747647684299
counter/1/0/0/0,32609:1747647678485:,1747647684299
counter/1/0/0/0,32610:1747647678485:,1747647684299
counter/1/0/0/0,32611:1747647678485:,1747647684299
counter/1/0/0/0,32612:1747647678485:,1747647684299
counter/1/0/0/0,32613:1747647678485:,1747647684299
counter/5/0/0/0,36257:1747647678729:,1747647684299
counter/1/0/0/0,32614:1747647678485:,1747647684299
counter/10/0/0/0,28384:1747647671553:,1747647684299
counter/1/0/0/0,32615:1747647678485:,1747647684299
counter/7/0/0/0,34551:1747647678453:,1747647684299
counter/3/0/0/0,28668:1747647674088:,1747647684299
counter/1/0/0/0,32616:1747647678485:,1747647684299
counter/1/0/0/0,32617:1747647678485:,1747647684299
counter/1/0/0/0,32618:1747647678485:,1747647684299
counter/1/0/0/0,32619:1747647678485:,1747647684299
counter/1/0/0/0,32620:1747647678485:,1747647684299
counter/1/0/0/0,32621:1747647678485:,1747647684299
counter/1/0/0/0,32622:1747647678485:,1747647684299
counter/1/0/0/0,32623:1747647678485:,1747647684299
counter/1/0/0/0,32624:1747647678486:,1747647684299
counter/1/0/0/0,32625:1747647678486:,1747647684299
counter/1/0/0/0,32626:1747647678486:,1747647684299
counter/1/0/0/0,32627:1747647678486:,1747647684299
counter/1/0/0/0,32628:1747647678486:,1747647684299
counter/1/0/0/0,32629:1747647678486:,1747647684299
counter/1/0/0/0,32630:1747647678486:,1747647684299
counter/1/0/0/0,32631:1747647678486:,1747647684299
counter/1/0/0/0,32632:1747647678486:,1747647684299
counter/1/0/0/0,32633:1747647678486:,1747647684299
counter/1/0/0/0,32634:1747647678486:,1747647684299
counter/1/0/0/0,32635:1747647678486:,1747647684299
counter/3/0/0/0,28669:1747647674088:,1747647684299
counter/1/0/0/0,32636:1747647678486:,1747647684299
counter/7/0/0/0,34552:1747647678453:,1747647684299
counter/10/0/0/0,28385:1747647671553:,1747647684300
counter/1/0/0/0,32637:1747647678486:,1747647684300
counter/1/0/0/0,32638:1747647678486:,1747647684300
counter/1/0/0/0,32639:1747647678493:,1747647684300
counter/1/0/0/0,32640:1747647678497:,1747647684300
counter/1/0/0/0,32641:1747647678497:,1747647684300
counter/1/0/0/0,32642:1747647678497:,1747647684300
counter/1/0/0/0,32643:1747647678499:,1747647684300
counter/1/0/0/0,32644:1747647678499:,1747647684300
counter/1/0/0/0,32645:1747647678499:,1747647684300
counter/1/0/0/0,32646:1747647678499:,1747647684300
counter/1/0/0/0,32647:1747647678499:,1747647684300
counter/1/0/0/0,32648:1747647678499:,1747647684300
counter/1/0/0/0,32649:1747647678499:,1747647684300
counter/1/0/0/0,32650:1747647678499:,1747647684300
counter/1/0/0/0,32651:1747647678499:,1747647684300
counter/1/0/0/0,32652:1747647678499:,1747647684300
counter/1/0/0/0,32653:1747647678499:,1747647684300
counter/1/0/0/0,32654:1747647678499:,1747647684300
counter/1/0/0/0,32655:1747647678504:,1747647684300
counter/1/0/0/0,32656:1747647678504:,1747647684300
counter/1/0/0/0,32657:1747647678504:,1747647684300
counter/1/0/0/0,32658:1747647678504:,1747647684300
counter/1/0/0/0,32659:1747647678504:,1747647684300
counter/1/0/0/0,32660:1747647678504:,1747647684300
counter/1/0/0/0,32661:1747647678504:,1747647684300
counter/1/0/0/0,32662:1747647678505:,1747647684300
counter/1/0/0/0,32663:1747647678505:,1747647684300
counter/1/0/0/0,32664:1747647678505:,1747647684300
counter/1/0/0/0,32665:1747647678505:,1747647684300
counter/1/0/0/0,32666:1747647678505:,1747647684300
counter/1/0/0/0,32667:1747647678508:,1747647684300
counter/1/0/0/0,32668:1747647678524:,1747647684300
counter/1/0/0/0,32669:1747647678524:,1747647684301
counter/1/0/0/0,32670:1747647678524:,1747647684301
counter/1/0/0/0,32671:1747647678524:,1747647684301
counter/1/0/0/0,32672:1747647678524:,1747647684301
counter/1/0/0/0,32673:1747647678524:,1747647684301
counter/1/0/0/0,32674:1747647678524:,1747647684301
counter/1/0/0/0,32675:1747647678524:,1747647684301
counter/10/0/0/0,28386:1747647671553:,1747647684301
counter/1/0/0/0,32676:1747647678524:,1747647684301
counter/3/0/0/0,28670:1747647674088:,1747647684301
counter/5/0/0/0,36258:1747647678729:,1747647684301
counter/1/0/0/0,32677:1747647678529:,1747647684301
counter/1/0/0/0,32678:1747647678529:,1747647684301
counter/1/0/0/0,32679:1747647678535:,1747647684301
counter/1/0/0/0,32680:1747647678536:,1747647684301
counter/1/0/0/0,32681:1747647678536:,1747647684301
counter/1/0/0/0,32682:1747647678537:,1747647684301
counter/1/0/0/0,32683:1747647678537:,1747647684301
counter/1/0/0/0,32684:1747647678537:,1747647684301
counter/1/0/0/0,32685:1747647678537:,1747647684301
counter/1/0/0/0,32686:1747647678537:,1747647684301
counter/1/0/0/0,32687:1747647678538:,1747647684301
counter/1/0/0/0,32688:1747647678538:,1747647684301
counter/1/0/0/0,32689:1747647678538:,1747647684301
counter/1/0/0/0,32690:1747647678538:,1747647684301
counter/1/0/0/0,32691:1747647678538:,1747647684301
counter/1/0/0/0,32692:1747647678538:,1747647684301
counter/1/0/0/0,32693:1747647678538:,1747647684301
counter/1/0/0/0,32694:1747647678538:,1747647684301
counter/1/0/0/0,32695:1747647678538:,1747647684301
counter/1/0/0/0,32696:1747647678538:,1747647684301
counter/1/0/0/0,32697:1747647678538:,1747647684301
counter/1/0/0/0,32698:1747647678543:,1747647684301
counter/1/0/0/0,32699:1747647678543:,1747647684301
counter/1/0/0/0,32700:1747647678543:,1747647684301
counter/1/0/0/0,32701:1747647678543:,1747647684301
counter/1/0/0/0,32702:1747647678543:,1747647684302
counter/1/0/0/0,32703:1747647678543:,1747647684302
counter/1/0/0/0,32704:1747647678543:,1747647684302
counter/1/0/0/0,32705:1747647678543:,1747647684302
counter/1/0/0/0,32706:1747647678543:,1747647684302
counter/1/0/0/0,32707:1747647678543:,1747647684302
counter/1/0/0/0,32708:1747647678543:,1747647684302
counter/1/0/0/0,32709:1747647678543:,1747647684302
counter/1/0/0/0,32710:1747647678562:,1747647684302
counter/1/0/0/0,32711:1747647678562:,1747647684302
counter/1/0/0/0,32712:1747647678562:,1747647684302
counter/1/0/0/0,32713:1747647678562:,1747647684302
counter/1/0/0/0,32714:1747647678562:,1747647684302
counter/1/0/0/0,32715:1747647678562:,1747647684302
counter/1/0/0/0,32716:1747647678562:,1747647684302
counter/1/0/0/0,32717:1747647678562:,1747647684302
counter/1/0/0/0,32718:1747647678562:,1747647684302
counter/1/0/0/0,32719:1747647678562:,1747647684302
counter/1/0/0/0,32720:1747647678562:,1747647684302
counter/1/0/0/0,32721:1747647678562:,1747647684302
counter/3/0/0/0,28671:1747647674088:,1747647684302
counter/1/0/0/0,32722:1747647678562:,1747647684302
counter/7/0/0/0,34553:1747647678453:,1747647684302
counter/10/0/0/0,28387:1747647671553:,1747647684302
counter/1/0/0/0,32723:1747647678566:,1747647684302
counter/1/0/0/0,32724:1747647678566:,1747647684302
counter/1/0/0/0,32725:1747647678566:,1747647684302
counter/1/0/0/0,32726:1747647678566:,1747647684302
counter/1/0/0/0,32727:1747647678566:,1747647684302
counter/1/0/0/0,32728:1747647678566:,1747647684302
counter/1/0/0/0,32729:1747647678572:,1747647684302
counter/1/0/0/0,32730:1747647678573:,1747647684302
counter/1/0/0/0,32731:1747647678573:,1747647684302
counter/1/0/0/0,32732:1747647678573:,1747647684303
counter/1/0/0/0,32733:1747647678573:,1747647684303
counter/1/0/0/0,32734:1747647678573:,1747647684303
counter/1/0/0/0,32735:1747647678573:,1747647684303
counter/1/0/0/0,32736:1747647678573:,1747647684303
counter/1/0/0/0,32737:1747647678573:,1747647684303
counter/1/0/0/0,32738:1747647678573:,1747647684303
counter/1/0/0/0,32739:1747647678573:,1747647684303
counter/1/0/0/0,32740:1747647678573:,1747647684303
counter/10/0/0/0,28388:1747647671553:,1747647684303
counter/1/0/0/0,32741:1747647678573:,1747647684303
counter/5/0/0/0,36259:1747647678729:,1747647684303
counter/1/0/0/0,32742:1747647678573:,1747647684303
counter/3/0/0/0,28672:1747647674088:,1747647684303
counter/1/0/0/0,32743:1747647678573:,1747647684303
counter/1/0/0/0,32744:1747647678573:,1747647684303
counter/1/0/0/0,32745:1747647678579:,1747647684303
counter/1/0/0/0,32746:1747647678579:,1747647684303
counter/1/0/0/0,32747:1747647678579:,1747647684303
counter/1/0/0/0,32748:1747647678579:,1747647684303
counter/1/0/0/0,32749:1747647678579:,1747647684303
counter/1/0/0/0,32750:1747647678579:,1747647684303
counter/1/0/0/0,32751:1747647678587:,1747647684303
counter/1/0/0/0,32752:1747647678587:,1747647684303
counter/1/0/0/0,32753:1747647678587:,1747647684303
counter/1/0/0/0,32754:1747647678587:,1747647684303
counter/1/0/0/0,32755:1747647678590:,1747647684303
counter/1/0/0/0,32756:1747647678590:,1747647684303
counter/1/0/0/0,32757:1747647678590:,1747647684303
counter/1/0/0/0,32758:1747647678590:,1747647684303
counter/1/0/0/0,32759:1747647678590:,1747647684303
counter/1/0/0/0,32760:1747647678596:,1747647684303
counter/1/0/0/0,32761:1747647678596:,1747647684303
counter/1/0/0/0,32762:1747647678598:,1747647684303
counter/1/0/0/0,32763:1747647678598:,1747647684303
counter/1/0/0/0,32764:1747647678598:,1747647684303
counter/1/0/0/0,32765:1747647678598:,1747647684303
counter/1/0/0/0,32766:1747647678598:,1747647684304
counter/1/0/0/0,32767:1747647678598:,1747647684304
counter/1/0/0/0,32768:1747647678598:,1747647684304
counter/1/0/0/0,32769:1747647678599:,1747647684304
counter/1/0/0/0,32770:1747647678604:,1747647684304
counter/1/0/0/0,32771:1747647678604:,1747647684304
counter/7/0/0/0,34554:1747647678456:,1747647684304
counter/1/0/0/0,32772:1747647678605:,1747647684304
counter/3/0/0/0,28673:1747647674088:,1747647684304
counter/10/0/0/0,28389:1747647671553:,1747647684304
counter/1/0/0/0,32773:1747647678605:,1747647684304
counter/1/0/0/0,32774:1747647678605:,1747647684304
counter/1/0/0/0,32775:1747647678605:,1747647684304
counter/1/0/0/0,32776:1747647678605:,1747647684304
counter/1/0/0/0,32777:1747647678605:,1747647684304
counter/1/0/0/0,32778:1747647678605:,1747647684304
counter/1/0/0/0,32779:1747647678605:,1747647684304
counter/1/0/0/0,32780:1747647678605:,1747647684304
counter/1/0/0/0,32781:1747647678618:,1747647684304
counter/1/0/0/0,32782:1747647678618:,1747647684304
counter/1/0/0/0,32783:1747647678619:,1747647684304
counter/1/0/0/0,32784:1747647678619:,1747647684304
counter/1/0/0/0,32785:1747647678619:,1747647684304
counter/1/0/0/0,32786:1747647678619:,1747647684304
counter/1/0/0/0,32787:1747647678619:,1747647684304
counter/1/0/0/0,32788:1747647678619:,1747647684304
counter/7/0/0/0,34555:1747647678456:,1747647684304
counter/1/0/0/0,32789:1747647678619:,1747647684304
counter/3/0/0/0,28674:1747647674088:,1747647684304
counter/10/0/0/0,28390:1747647671553:,1747647684304
counter/1/0/0/0,32790:1747647678628:,1747647684304
counter/1/0/0/0,32791:1747647678628:,1747647684304
counter/1/0/0/0,32792:1747647678628:,1747647684304
counter/1/0/0/0,32793:1747647678632:,1747647684304
counter/1/0/0/0,32794:1747647678632:,1747647684304
counter/1/0/0/0,32795:1747647678632:,1747647684304
counter/1/0/0/0,32796:1747647678632:,1747647684304
counter/1/0/0/0,32797:1747647678632:,1747647684304
counter/1/0/0/0,32798:1747647678637:,1747647684304
counter/1/0/0/0,32799:1747647678637:,1747647684304
counter/1/0/0/0,32800:1747647678637:,1747647684304
counter/1/0/0/0,32801:1747647678637:,1747647684305
counter/1/0/0/0,32802:1747647678637:,1747647684305
counter/1/0/0/0,32803:1747647678637:,1747647684305
counter/1/0/0/0,32804:1747647678637:,1747647684305
counter/1/0/0/0,32805:1747647678637:,1747647684305
counter/1/0/0/0,32806:1747647678637:,1747647684305
counter/1/0/0/0,32807:1747647678637:,1747647684305
counter/1/0/0/0,32808:1747647678637:,1747647684305
counter/1/0/0/0,32809:1747647678637:,1747647684305
counter/1/0/0/0,32810:1747647678637:,1747647684305
counter/1/0/0/0,32811:1747647678638:,1747647684305
counter/1/0/0/0,32812:1747647678638:,1747647684305
counter/1/0/0/0,32813:1747647678638:,1747647684305
counter/1/0/0/0,32814:1747647678638:,1747647684305
counter/1/0/0/0,32815:1747647678638:,1747647684305
counter/1/0/0/0,32816:1747647678638:,1747647684305
counter/1/0/0/0,32817:1747647678638:,1747647684305
counter/1/0/0/0,32818:1747647678640:,1747647684305
counter/1/0/0/0,32819:1747647678640:,1747647684305
counter/1/0/0/0,32820:1747647678640:,1747647684305
counter/1/0/0/0,32821:1747647678640:,1747647684305
counter/1/0/0/0,32822:1747647678640:,1747647684305
counter/1/0/0/0,32823:1747647678640:,1747647684305
counter/1/0/0/0,32824:1747647678641:,1747647684305
counter/1/0/0/0,32825:1747647678641:,1747647684305
counter/1/0/0/0,32826:1747647678641:,1747647684305
counter/1/0/0/0,32827:1747647678643:,1747647684305
counter/1/0/0/0,32828:1747647678643:,1747647684305
counter/1/0/0/0,32829:1747647678643:,1747647684305
counter/1/0/0/0,32830:1747647678643:,1747647684305
counter/1/0/0/0,32831:1747647678643:,1747647684305
counter/1/0/0/0,32832:1747647678643:,1747647684305
counter/1/0/0/0,32833:1747647678643:,1747647684305
counter/1/0/0/0,32834:1747647678643:,1747647684305
counter/1/0/0/0,32835:1747647678643:,1747647684305
counter/1/0/0/0,32836:1747647678644:,1747647684306
counter/1/0/0/0,32837:1747647678644:,1747647684306
counter/1/0/0/0,32838:1747647678644:,1747647684306
counter/1/0/0/0,32839:1747647678644:,1747647684306
counter/1/0/0/0,32840:1747647678644:,1747647684306
counter/1/0/0/0,32841:1747647678644:,1747647684306
counter/1/0/0/0,32842:1747647678644:,1747647684306
counter/1/0/0/0,32843:1747647678644:,1747647684306
counter/1/0/0/0,32844:1747647678644:,1747647684306
counter/1/0/0/0,32845:1747647678644:,1747647684306
counter/1/0/0/0,32846:1747647678644:,1747647684306
counter/5/0/0/0,36260:1747647678729:,1747647684306
counter/1/0/0/0,32847:1747647678644:,1747647684306
counter/10/0/0/0,28391:1747647671553:,1747647684306
counter/1/0/0/0,32848:1747647678644:,1747647684306
counter/7/0/0/0,34556:1747647678456:,1747647684306
counter/3/0/0/0,28675:1747647674097:,1747647684306
counter/1/0/0/0,32849:1747647678645:,1747647684306
counter/1/0/0/0,32850:1747647678669:,1747647684306
counter/1/0/0/0,32851:1747647678669:,1747647684306
counter/3/0/0/0,28676:1747647674098:,1747647684306
counter/1/0/0/0,32852:1747647678677:,1747647684306
counter/10/0/0/0,28392:1747647671553:,1747647684306
counter/1/0/0/0,32853:1747647678683:,1747647684306
counter/5/0/0/0,36261:1747647678729:,1747647684306
counter/7/0/0/0,34557:1747647678456:,1747647684306
counter/1/0/0/0,32854:1747647678683:,1747647684306
counter/1/0/0/0,32855:1747647678683:,1747647684306
counter/1/0/0/0,32856:1747647678683:,1747647684306
counter/1/0/0/0,32857:1747647678683:,1747647684306
counter/1/0/0/0,32858:1747647678688:,1747647684306
counter/1/0/0/0,32859:1747647678688:,1747647684306
counter/1/0/0/0,32860:1747647678688:,1747647684306
counter/1/0/0/0,32861:1747647678691:,1747647684306
counter/1/0/0/0,32862:1747647678692:,1747647684306
counter/1/0/0/0,32863:1747647678692:,1747647684306
counter/1/0/0/0,32864:1747647678692:,1747647684306
counter/1/0/0/0,32865:1747647678692:,1747647684306
counter/1/0/0/0,32866:1747647678692:,1747647684307
counter/1/0/0/0,32867:1747647678692:,1747647684307
counter/1/0/0/0,32868:1747647678692:,1747647684307
counter/1/0/0/0,32869:1747647678692:,1747647684307
counter/1/0/0/0,32870:1747647678692:,1747647684307
counter/1/0/0/0,32871:1747647678695:,1747647684307
counter/1/0/0/0,32872:1747647678695:,1747647684307
counter/1/0/0/0,32873:1747647678695:,1747647684307
counter/1/0/0/0,32874:1747647678701:,1747647684307
counter/1/0/0/0,32875:1747647678701:,1747647684307
counter/1/0/0/0,32876:1747647678701:,1747647684307
counter/1/0/0/0,32877:1747647678701:,1747647684307
counter/1/0/0/0,32878:1747647678701:,1747647684307
counter/1/0/0/0,32879:1747647678701:,1747647684307
counter/1/0/0/0,32880:1747647678701:,1747647684307
counter/1/0/0/0,32881:1747647678701:,1747647684307
counter/1/0/0/0,32882:1747647678701:,1747647684307
counter/1/0/0/0,32883:1747647678703:,1747647684307
counter/1/0/0/0,32884:1747647678703:,1747647684307
counter/1/0/0/0,32885:1747647678703:,1747647684307
counter/1/0/0/0,32886:1747647678703:,1747647684307
counter/1/0/0/0,32887:1747647678703:,1747647684307
counter/1/0/0/0,32888:1747647678703:,1747647684307
counter/1/0/0/0,32889:1747647678703:,1747647684307
counter/1/0/0/0,32890:1747647678705:,1747647684307
counter/1/0/0/0,32891:1747647678705:,1747647684307
counter/1/0/0/0,32892:1747647678705:,1747647684307
counter/1/0/0/0,32893:1747647678705:,1747647684307
counter/1/0/0/0,32894:1747647678705:,1747647684307
counter/1/0/0/0,32895:1747647678705:,1747647684307
counter/1/0/0/0,32896:1747647678705:,1747647684307
counter/1/0/0/0,32897:1747647678707:,1747647684307
counter/1/0/0/0,32898:1747647678707:,1747647684307
counter/1/0/0/0,32899:1747647678707:,1747647684307
counter/1/0/0/0,32900:1747647678707:,1747647684308
counter/1/0/0/0,32901:1747647678723:,1747647684308
counter/1/0/0/0,32902:1747647678724:,1747647684308
counter/1/0/0/0,32903:1747647678724:,1747647684308
counter/1/0/0/0,32904:1747647678724:,1747647684308
counter/1/0/0/0,32905:1747647678724:,1747647684308
counter/1/0/0/0,32906:1747647678724:,1747647684308
counter/1/0/0/0,32907:1747647678724:,1747647684308
counter/1/0/0/0,32908:1747647678724:,1747647684308
counter/1/0/0/0,32909:1747647678724:,1747647684308
counter/1/0/0/0,32910:1747647678724:,1747647684308
counter/1/0/0/0,32911:1747647678724:,1747647684308
counter/1/0/0/0,32912:1747647678724:,1747647684308
counter/1/0/0/0,32913:1747647678724:,1747647684308
counter/1/0/0/0,32914:1747647678731:,1747647684308
counter/1/0/0/0,32915:1747647678731:,1747647684308
counter/1/0/0/0,32916:1747647678736:,1747647684308
counter/1/0/0/0,32917:1747647678737:,1747647684308
counter/1/0/0/0,32918:1747647678737:,1747647684308
counter/5/0/0/0,36262:1747647678729:,1747647684308
counter/1/0/0/0,32919:1747647678737:,1747647684308
counter/3/0/0/0,28677:1747647674098:,1747647684308
counter/1/0/0/0,32920:1747647678737:,1747647684308
counter/7/0/0/0,34558:1747647678456:,1747647684308
counter/1/0/0/0,32921:1747647678737:,1747647684308
counter/1/0/0/0,32922:1747647678744:,1747647684308
counter/1/0/0/0,32923:1747647678744:,1747647684308
counter/5/0/0/0,36263:1747647678729:,1747647684308
counter/1/0/0/0,32924:1747647678744:,1747647684308
counter/3/0/0/0,28678:1747647674098:,1747647684308
counter/7/0/0/0,34559:1747647678456:,1747647684308
counter/1/0/0/0,32925:1747647678744:,1747647684308
counter/10/0/0/0,28393:1747647671553:,1747647684308
counter/1/0/0/0,32926:1747647678744:,1747647684309
counter/1/0/0/0,32927:1747647678744:,1747647684309
counter/1/0/0/0,32928:1747647678744:,1747647684309
counter/1/0/0/0,32929:1747647678744:,1747647684309
counter/3/0/0/0,28679:1747647674098:,1747647684309
counter/1/0/0/0,32930:1747647678744:,1747647684309
counter/5/0/0/0,36264:1747647678729:,1747647684309
counter/1/0/0/0,32931:1747647678744:,1747647684309
counter/10/0/0/0,28394:1747647671556:,1747647684309
counter/1/0/0/0,32932:1747647678744:,1747647684309
counter/1/0/0/0,32933:1747647678744:,1747647684309
counter/1/0/0/0,32934:1747647678744:,1747647684309
counter/1/0/0/0,32935:1747647678744:,1747647684309
counter/1/0/0/0,32936:1747647678744:,1747647684309
counter/1/0/0/0,32937:1747647678745:,1747647684309
counter/1/0/0/0,32938:1747647678745:,1747647684309
counter/1/0/0/0,32939:1747647678745:,1747647684309
counter/1/0/0/0,32940:1747647678745:,1747647684309
counter/1/0/0/0,32941:1747647678745:,1747647684309
counter/1/0/0/0,32942:1747647678745:,1747647684309
counter/1/0/0/0,32943:1747647678746:,1747647684309
counter/1/0/0/0,32944:1747647678746:,1747647684309
counter/1/0/0/0,32945:1747647678746:,1747647684309
counter/1/0/0/0,32946:1747647678758:,1747647684309
counter/1/0/0/0,32947:1747647678758:,1747647684309
counter/1/0/0/0,32948:1747647678758:,1747647684309
counter/1/0/0/0,32949:1747647678758:,1747647684309
counter/1/0/0/0,32950:1747647678758:,1747647684309
counter/1/0/0/0,32951:1747647678758:,1747647684309
counter/1/0/0/0,32952:1747647678758:,1747647684309
counter/1/0/0/0,32953:1747647678758:,1747647684309
counter/1/0/0/0,32954:1747647678758:,1747647684309
counter/1/0/0/0,32955:1747647678761:,1747647684309
counter/1/0/0/0,32956:1747647678761:,1747647684309
counter/1/0/0/0,32957:1747647678761:,1747647684309
counter/1/0/0/0,32958:1747647678761:,1747647684309
counter/1/0/0/0,32959:1747647678761:,1747647684309
counter/5/0/0/0,36265:1747647678729:,1747647684310
counter/1/0/0/0,32960:1747647678761:,1747647684310
counter/1/0/0/0,32961:1747647678762:,1747647684310
counter/7/0/0/0,34560:1747647678457:,1747647684310
counter/1/0/0/0,32962:1747647678762:,1747647684310
counter/5/0/0/0,36266:1747647678729:,1747647684310
counter/3/0/0/0,28680:1747647674098:,1747647684310
counter/1/0/0/0,32963:1747647678762:,1747647684310
counter/1/0/0/0,32964:1747647678762:,1747647684310
counter/1/0/0/0,32965:1747647678763:,1747647684310
counter/1/0/0/0,32966:1747647678763:,1747647684310
counter/1/0/0/0,32967:1747647678763:,1747647684310
counter/1/0/0/0,32968:1747647678763:,1747647684310
counter/1/0/0/0,32969:1747647678763:,1747647684310
counter/1/0/0/0,32970:1747647678763:,1747647684310
counter/1/0/0/0,32971:1747647678763:,1747647684310
counter/1/0/0/0,32972:1747647678763:,1747647684310
counter/1/0/0/0,32973:1747647678763:,1747647684310
counter/1/0/0/0,32974:1747647678763:,1747647684310
counter/1/0/0/0,32975:1747647678763:,1747647684310
counter/1/0/0/0,32976:1747647678765:,1747647684310
counter/1/0/0/0,32977:1747647678765:,1747647684310
counter/1/0/0/0,32978:1747647678765:,1747647684310
counter/1/0/0/0,32979:1747647678765:,1747647684310
counter/1/0/0/0,32980:1747647678765:,1747647684310
counter/1/0/0/0,32981:1747647678765:,1747647684310
counter/1/0/0/0,32982:1747647678765:,1747647684310
counter/1/0/0/0,32983:1747647678765:,1747647684310
counter/1/0/0/0,32984:1747647678765:,1747647684310
counter/1/0/0/0,32985:1747647678765:,1747647684310
counter/1/0/0/0,32986:1747647678765:,1747647684310
counter/1/0/0/0,32987:1747647678765:,1747647684310
counter/1/0/0/0,32988:1747647678765:,1747647684310
counter/1/0/0/0,32989:1747647678765:,1747647684310
counter/1/0/0/0,32990:1747647678765:,1747647684310
counter/1/0/0/0,32991:1747647678765:,1747647684311
counter/1/0/0/0,32992:1747647678766:,1747647684311
counter/1/0/0/0,32993:1747647678766:,1747647684311
counter/1/0/0/0,32994:1747647678766:,1747647684311
counter/1/0/0/0,32995:1747647678766:,1747647684311
counter/1/0/0/0,32996:1747647678767:,1747647684311
counter/1/0/0/0,32997:1747647678767:,1747647684311
counter/1/0/0/0,32998:1747647678767:,1747647684311
counter/1/0/0/0,32999:1747647678767:,1747647684311
counter/1/0/0/0,33000:1747647678767:,1747647684311
counter/1/0/0/0,33001:1747647678767:,1747647684311
counter/1/0/0/0,33002:1747647678767:,1747647684311
counter/1/0/0/0,33003:1747647678767:,1747647684311
counter/1/0/0/0,33004:1747647678767:,1747647684311
counter/1/0/0/0,33005:1747647678767:,1747647684311
counter/1/0/0/0,33006:1747647678767:,1747647684311
counter/1/0/0/0,33007:1747647678776:,1747647684311
counter/1/0/0/0,33008:1747647678776:,1747647684311
counter/1/0/0/0,33009:1747647678776:,1747647684311
counter/1/0/0/0,33010:1747647678776:,1747647684311
counter/1/0/0/0,33011:1747647678776:,1747647684311
counter/1/0/0/0,33012:1747647678776:,1747647684311
counter/1/0/0/0,33013:1747647678780:,1747647684311
counter/1/0/0/0,33014:1747647678780:,1747647684311
counter/1/0/0/0,33015:1747647678780:,1747647684311
counter/1/0/0/0,33016:1747647678780:,1747647684311
counter/1/0/0/0,33017:1747647678780:,1747647684311
counter/1/0/0/0,33018:1747647678791:,1747647684311
counter/1/0/0/0,33019:1747647678791:,1747647684311
counter/1/0/0/0,33020:1747647678791:,1747647684311
counter/1/0/0/0,33021:1747647678791:,1747647684311
counter/1/0/0/0,33022:1747647678791:,1747647684311
counter/1/0/0/0,33023:1747647678792:,1747647684311
counter/1/0/0/0,33024:1747647678793:,1747647684311
counter/1/0/0/0,33025:1747647678794:,1747647684311
counter/1/0/0/0,33026:1747647678794:,1747647684311
counter/1/0/0/0,33027:1747647678794:,1747647684311
counter/1/0/0/0,33028:1747647678794:,1747647684311
counter/1/0/0/0,33029:1747647678794:,1747647684312
counter/1/0/0/0,33030:1747647678794:,1747647684312
counter/1/0/0/0,33031:1747647678794:,1747647684312
counter/1/0/0/0,33032:1747647678807:,1747647684312
counter/1/0/0/0,33033:1747647678807:,1747647684312
counter/1/0/0/0,33034:1747647678807:,1747647684312
counter/1/0/0/0,33035:1747647678807:,1747647684312
counter/1/0/0/0,33036:1747647678807:,1747647684312
counter/1/0/0/0,33037:1747647678807:,1747647684312
counter/1/0/0/0,33038:1747647678807:,1747647684312
counter/1/0/0/0,33039:1747647678807:,1747647684312
counter/1/0/0/0,33040:1747647678807:,1747647684312
counter/1/0/0/0,33041:1747647678808:,1747647684312
counter/1/0/0/0,33042:1747647678808:,1747647684312
counter/1/0/0/0,33043:1747647678809:,1747647684312
counter/1/0/0/0,33044:1747647678809:,1747647684312
counter/1/0/0/0,33045:1747647678809:,1747647684312
counter/1/0/0/0,33046:1747647678809:,1747647684312
counter/1/0/0/0,33047:1747647678809:,1747647684312
counter/1/0/0/0,33048:1747647678809:,1747647684312
counter/1/0/0/0,33049:1747647678809:,1747647684312
counter/1/0/0/0,33050:1747647678810:,1747647684312
counter/1/0/0/0,33051:1747647678810:,1747647684312
counter/1/0/0/0,33052:1747647678810:,1747647684312
counter/1/0/0/0,33053:1747647678810:,1747647684312
counter/1/0/0/0,33054:1747647678810:,1747647684312
counter/1/0/0/0,33055:1747647678810:,1747647684312
counter/1/0/0/0,33056:1747647678810:,1747647684312
counter/1/0/0/0,33057:1747647678810:,1747647684312
counter/1/0/0/0,33058:1747647678810:,1747647684312
counter/1/0/0/0,33059:1747647678810:,1747647684312
counter/1/0/0/0,33060:1747647678814:,1747647684312
counter/1/0/0/0,33061:1747647678814:,1747647684312
counter/1/0/0/0,33062:1747647678814:,1747647684312
counter/1/0/0/0,33063:1747647678814:,1747647684312
counter/1/0/0/0,33064:1747647678814:,1747647684313
counter/1/0/0/0,33065:1747647678814:,1747647684313
counter/1/0/0/0,33066:1747647678814:,1747647684313
counter/1/0/0/0,33067:1747647678814:,1747647684313
counter/1/0/0/0,33068:1747647678814:,1747647684313
counter/1/0/0/0,33069:1747647678814:,1747647684313
counter/1/0/0/0,33070:1747647678814:,1747647684313
counter/1/0/0/0,33071:1747647678814:,1747647684313
counter/1/0/0/0,33072:1747647678814:,1747647684313
counter/1/0/0/0,33073:1747647678814:,1747647684313
counter/1/0/0/0,33074:1747647678814:,1747647684313
counter/1/0/0/0,33075:1747647678820:,1747647684313
counter/1/0/0/0,33076:1747647678820:,1747647684313
counter/1/0/0/0,33077:1747647678820:,1747647684313
counter/1/0/0/0,33078:1747647678820:,1747647684313
counter/1/0/0/0,33079:1747647678820:,1747647684313
counter/1/0/0/0,33080:1747647678820:,1747647684313
counter/1/0/0/0,33081:1747647678820:,1747647684313
counter/1/0/0/0,33082:1747647678820:,1747647684313
counter/1/0/0/0,33083:1747647678820:,1747647684313
counter/1/0/0/0,33084:1747647678820:,1747647684313
counter/1/0/0/0,33085:1747647678824:,1747647684313
counter/1/0/0/0,33086:1747647678824:,1747647684313
counter/1/0/0/0,33087:1747647678824:,1747647684313
counter/1/0/0/0,33088:1747647678824:,1747647684313
counter/1/0/0/0,33089:1747647678824:,1747647684313
counter/1/0/0/0,33090:1747647678824:,1747647684313
counter/1/0/0/0,33091:1747647678824:,1747647684313
counter/1/0/0/0,33092:1747647678824:,1747647684313
counter/1/0/0/0,33093:1747647678824:,1747647684313
counter/1/0/0/0,33094:1747647678824:,1747647684313
counter/1/0/0/0,33095:1747647678824:,1747647684313
counter/1/0/0/0,33096:1747647678824:,1747647684313
counter/1/0/0/0,33097:1747647678824:,1747647684313
counter/1/0/0/0,33098:1747647678824:,1747647684313
counter/1/0/0/0,33099:1747647678824:,1747647684314
counter/1/0/0/0,33100:1747647678824:,1747647684314
counter/1/0/0/0,33101:1747647678824:,1747647684314
counter/1/0/0/0,33102:1747647678824:,1747647684314
counter/1/0/0/0,33103:1747647678824:,1747647684314
counter/1/0/0/0,33104:1747647678824:,1747647684314
counter/1/0/0/0,33105:1747647678825:,1747647684314
counter/1/0/0/0,33106:1747647678825:,1747647684314
counter/1/0/0/0,33107:1747647678825:,1747647684314
counter/1/0/0/0,33108:1747647678825:,1747647684314
counter/1/0/0/0,33109:1747647678825:,1747647684314
counter/1/0/0/0,33110:1747647678825:,1747647684314
counter/1/0/0/0,33111:1747647678825:,1747647684314
counter/1/0/0/0,33112:1747647678825:,1747647684314
counter/1/0/0/0,33113:1747647678835:,1747647684314
counter/1/0/0/0,33114:1747647678844:,1747647684314
counter/1/0/0/0,33115:1747647678844:,1747647684314
counter/1/0/0/0,33116:1747647678844:,1747647684314
counter/1/0/0/0,33117:1747647678845:,1747647684314
counter/1/0/0/0,33118:1747647678845:,1747647684314
counter/1/0/0/0,33119:1747647678845:,1747647684314
counter/1/0/0/0,33120:1747647678845:,1747647684314
counter/1/0/0/0,33121:1747647678845:,1747647684314
counter/1/0/0/0,33122:1747647678845:,1747647684314
counter/1/0/0/0,33123:1747647678845:,1747647684314
counter/1/0/0/0,33124:1747647678845:,1747647684314
counter/1/0/0/0,33125:1747647678845:,1747647684314
counter/1/0/0/0,33126:1747647678845:,1747647684314
counter/1/0/0/0,33127:1747647678861:,1747647684314
counter/1/0/0/0,33128:1747647678861:,1747647684314
counter/1/0/0/0,33129:1747647678861:,1747647684314
counter/1/0/0/0,33130:1747647678861:,1747647684314
counter/1/0/0/0,33131:1747647678861:,1747647684314
counter/1/0/0/0,33132:1747647678861:,1747647684314
counter/1/0/0/0,33133:1747647678861:,1747647684314
counter/1/0/0/0,33134:1747647678861:,1747647684314
counter/1/0/0/0,33135:1747647678861:,1747647684314
counter/1/0/0/0,33136:1747647678861:,1747647684315
counter/1/0/0/0,33137:1747647678876:,1747647684315
counter/1/0/0/0,33138:1747647678876:,1747647684315
counter/5/0/0/0,36267:1747647678729:,1747647684315
counter/1/0/0/0,33139:1747647678876:,1747647684315
counter/3/0/0/0,28681:1747647674098:,1747647684315
counter/1/0/0/0,33140:1747647678876:,1747647684315
counter/10/0/0/0,28395:1747647671556:,1747647684315
counter/1/0/0/0,33141:1747647678876:,1747647684315
counter/1/0/0/0,33142:1747647678876:,1747647684315
counter/1/0/0/0,33143:1747647678876:,1747647684315
counter/1/0/0/0,33144:1747647678877:,1747647684315
counter/1/0/0/0,33145:1747647678877:,1747647684315
counter/1/0/0/0,33146:1747647678877:,1747647684315
counter/1/0/0/0,33147:1747647678877:,1747647684315
counter/1/0/0/0,33148:1747647678877:,1747647684315
counter/1/0/0/0,33149:1747647678877:,1747647684315
counter/1/0/0/0,33150:1747647678896:,1747647684315
counter/3/0/0/0,28682:1747647674098:,1747647684315
counter/1/0/0/0,33151:1747647678896:,1747647684315
counter/1/0/0/0,33152:1747647678913:,1747647684315
counter/10/0/0/0,28396:1747647671556:,1747647684315
counter/1/0/0/0,33153:1747647678913:,1747647684315
counter/7/0/0/0,34561:1747647678457:,1747647684315
counter/1/0/0/0,33154:1747647678913:,1747647684315
counter/1/0/0/0,33155:1747647678913:,1747647684315
counter/1/0/0/0,33156:1747647678913:,1747647684315
counter/1/0/0/0,33157:1747647678913:,1747647684315
counter/1/0/0/0,33158:1747647678913:,1747647684315
counter/1/0/0/0,33159:1747647678913:,1747647684315
counter/1/0/0/0,33160:1747647678913:,1747647684315
counter/1/0/0/0,33161:1747647678913:,1747647684315
counter/1/0/0/0,33162:1747647678913:,1747647684315
counter/1/0/0/0,33163:1747647678913:,1747647684315
counter/1/0/0/0,33164:1747647678924:,1747647684315
counter/1/0/0/0,33165:1747647678924:,1747647684315
counter/1/0/0/0,33166:1747647678924:,1747647684315
counter/1/0/0/0,33167:1747647678924:,1747647684315
counter/1/0/0/0,33168:1747647678924:,1747647684316
counter/5/0/0/0,36268:1747647678729:,1747647684316
counter/1/0/0/0,33169:1747647678926:,1747647684316
counter/3/0/0/0,28683:1747647674098:,1747647684316
counter/1/0/0/0,33170:1747647678934:,1747647684316
counter/10/0/0/0,28397:1747647671556:,1747647684316
counter/7/0/0/0,34562:1747647678457:,1747647684316
counter/1/0/0/0,33171:1747647678934:,1747647684316
counter/1/0/0/0,33172:1747647678935:,1747647684316
counter/1/0/0/0,33173:1747647678935:,1747647684316
counter/1/0/0/0,33174:1747647678935:,1747647684316
counter/1/0/0/0,33175:1747647678938:,1747647684316
counter/1/0/0/0,33176:1747647678940:,1747647684316
counter/1/0/0/0,33177:1747647678949:,1747647684316
counter/1/0/0/0,33178:1747647678949:,1747647684316
counter/1/0/0/0,33179:1747647678949:,1747647684316
counter/1/0/0/0,33180:1747647678949:,1747647684316
counter/1/0/0/0,33181:1747647678949:,1747647684316
counter/1/0/0/0,33182:1747647678949:,1747647684316
counter/1/0/0/0,33183:1747647678949:,1747647684316
counter/3/0/0/0,28684:1747647674098:,1747647684316
counter/1/0/0/0,33184:1747647678949:,1747647684316
counter/5/0/0/0,36269:1747647678729:,1747647684316
counter/1/0/0/0,33185:1747647678951:,1747647684316
counter/10/0/0/0,28398:1747647671556:,1747647684316
counter/1/0/0/0,33186:1747647678951:,1747647684316
counter/1/0/0/0,33187:1747647678951:,1747647684316
counter/1/0/0/0,33188:1747647678951:,1747647684316
counter/1/0/0/0,33189:1747647678951:,1747647684316
counter/1/0/0/0,33190:1747647678951:,1747647684316
counter/1/0/0/0,33191:1747647678954:,1747647684316
counter/1/0/0/0,33192:1747647678954:,1747647684316
counter/1/0/0/0,33193:1747647678954:,1747647684316
counter/1/0/0/0,33194:1747647678954:,1747647684316
counter/1/0/0/0,33195:1747647678954:,1747647684316
counter/1/0/0/0,33196:1747647678954:,1747647684317
counter/1/0/0/0,33197:1747647678954:,1747647684317
counter/1/0/0/0,33198:1747647678954:,1747647684317
counter/1/0/0/0,33199:1747647678954:,1747647684317
counter/1/0/0/0,33200:1747647678954:,1747647684317
counter/1/0/0/0,33201:1747647678954:,1747647684317
counter/1/0/0/0,33202:1747647678954:,1747647684317
counter/1/0/0/0,33203:1747647678954:,1747647684317
counter/1/0/0/0,33204:1747647678954:,1747647684317
counter/1/0/0/0,33205:1747647678954:,1747647684317
counter/1/0/0/0,33206:1747647678955:,1747647684317
counter/1/0/0/0,33207:1747647678955:,1747647684317
counter/1/0/0/0,33208:1747647678955:,1747647684317
counter/3/0/0/0,28685:1747647674098:,1747647684317
counter/1/0/0/0,33209:1747647678957:,1747647684317
counter/7/0/0/0,34563:1747647678457:,1747647684317
counter/10/0/0/0,28399:1747647671556:,1747647684317
counter/1/0/0/0,33210:1747647678957:,1747647684317
counter/1/0/0/0,33211:1747647678957:,1747647684317
counter/10/0/0/0,28400:1747647671556:,1747647684317
counter/1/0/0/0,33212:1747647678957:,1747647684317
counter/5/0/0/0,36270:1747647678729:,1747647684317
counter/1/0/0/0,33213:1747647678957:,1747647684317
counter/3/0/0/0,28686:1747647674098:,1747647684317
counter/7/0/0/0,34564:1747647678457:,1747647684317
counter/1/0/0/0,33214:1747647678957:,1747647684317
counter/1/0/0/0,33215:1747647678957:,1747647684317
counter/1/0/0/0,33216:1747647678968:,1747647684317
counter/1/0/0/0,33217:1747647678968:,1747647684317
counter/1/0/0/0,33218:1747647678968:,1747647684317
counter/1/0/0/0,33219:1747647678968:,1747647684317
counter/1/0/0/0,33220:1747647678968:,1747647684317
counter/1/0/0/0,33221:1747647678968:,1747647684317
counter/1/0/0/0,33222:1747647678968:,1747647684317
counter/1/0/0/0,33223:1747647678968:,1747647684317
counter/1/0/0/0,33224:1747647678968:,1747647684317
counter/1/0/0/0,33225:1747647678968:,1747647684317
counter/1/0/0/0,33226:1747647678968:,1747647684318
counter/1/0/0/0,33227:1747647678968:,1747647684318
counter/1/0/0/0,33228:1747647678968:,1747647684318
counter/1/0/0/0,33229:1747647678968:,1747647684318
counter/1/0/0/0,33230:1747647678969:,1747647684318
counter/10/0/0/0,28401:1747647671556:,1747647684318
counter/1/0/0/0,33231:1747647678969:,1747647684318
counter/5/0/0/0,36271:1747647678729:,1747647684318
counter/1/0/0/0,33232:1747647678969:,1747647684318
counter/3/0/0/0,28687:1747647674099:,1747647684318
counter/1/0/0/0,33233:1747647678976:,1747647684318
counter/1/0/0/0,33234:1747647678976:,1747647684318
counter/1/0/0/0,33235:1747647678976:,1747647684318
counter/1/0/0/0,33236:1747647678976:,1747647684318
counter/1/0/0/0,33237:1747647678976:,1747647684318
counter/1/0/0/0,33238:1747647678976:,1747647684318
counter/1/0/0/0,33239:1747647678979:,1747647684318
counter/1/0/0/0,33240:1747647678979:,1747647684318
counter/1/0/0/0,33241:1747647678981:,1747647684318
counter/1/0/0/0,33242:1747647678981:,1747647684318
counter/1/0/0/0,33243:1747647678981:,1747647684318
counter/1/0/0/0,33244:1747647678981:,1747647684318
counter/1/0/0/0,33245:1747647678981:,1747647684318
counter/1/0/0/0,33246:1747647678981:,1747647684318
counter/1/0/0/0,33247:1747647678981:,1747647684318
counter/1/0/0/0,33248:1747647678981:,1747647684318
counter/1/0/0/0,33249:1747647678981:,1747647684318
counter/1/0/0/0,33250:1747647678981:,1747647684318
counter/1/0/0/0,33251:1747647678990:,1747647684318
counter/1/0/0/0,33252:1747647678990:,1747647684318
counter/3/0/0/0,28688:1747647674099:,1747647684318
counter/1/0/0/0,33253:1747647678990:,1747647684318
counter/10/0/0/0,28402:1747647671557:,1747647684318
counter/7/0/0/0,34565:1747647678459:,1747647684319
counter/1/0/0/0,33254:1747647678990:,1747647684319
counter/1/0/0/0,33255:1747647678990:,1747647684319
counter/1/0/0/0,33256:1747647678990:,1747647684319
counter/1/0/0/0,33257:1747647679014:,1747647684319
counter/1/0/0/0,33258:1747647679014:,1747647684319
counter/1/0/0/0,33259:1747647679014:,1747647684319
counter/10/0/0/0,28403:1747647671557:,1747647684319
counter/1/0/0/0,33260:1747647679014:,1747647684319
counter/3/0/0/0,28689:1747647674099:,1747647684319
counter/7/0/0/0,34566:1747647678459:,1747647684319
counter/1/0/0/0,33261:1747647679014:,1747647684319
counter/5/0/0/0,36272:1747647678729:,1747647684319
counter/1/0/0/0,33262:1747647679014:,1747647684319
counter/1/0/0/0,33263:1747647679014:,1747647684319
counter/1/0/0/0,33264:1747647679014:,1747647684319
counter/1/0/0/0,33265:1747647679014:,1747647684319
counter/1/0/0/0,33266:1747647679014:,1747647684319
counter/1/0/0/0,33267:1747647679022:,1747647684319
counter/1/0/0/0,33268:1747647679033:,1747647684319
counter/1/0/0/0,33269:1747647679033:,1747647684319
counter/1/0/0/0,33270:1747647679033:,1747647684319
counter/1/0/0/0,33271:1747647679034:,1747647684319
counter/1/0/0/0,33272:1747647679034:,1747647684319
counter/1/0/0/0,33273:1747647679034:,1747647684319
counter/1/0/0/0,33274:1747647679034:,1747647684319
counter/10/0/0/0,28404:1747647671557:,1747647684319
counter/1/0/0/0,33275:1747647679034:,1747647684319
counter/5/0/0/0,36273:1747647678729:,1747647684319
counter/3/0/0/0,28690:1747647674125:,1747647684319
counter/1/0/0/0,33276:1747647679034:,1747647684319
counter/1/0/0/0,33277:1747647679034:,1747647684319
counter/1/0/0/0,33278:1747647679034:,1747647684319
counter/1/0/0/0,33279:1747647679034:,1747647684319
counter/1/0/0/0,33280:1747647679040:,1747647684319
counter/1/0/0/0,33281:1747647679041:,1747647684319
counter/1/0/0/0,33282:1747647679041:,1747647684320
counter/1/0/0/0,33283:1747647679041:,1747647684320
counter/1/0/0/0,33284:1747647679047:,1747647684320
counter/1/0/0/0,33285:1747647679047:,1747647684320
counter/1/0/0/0,33286:1747647679047:,1747647684320
counter/1/0/0/0,33287:1747647679047:,1747647684320
counter/1/0/0/0,33288:1747647679047:,1747647684320
counter/1/0/0/0,33289:1747647679047:,1747647684320
counter/1/0/0/0,33290:1747647679047:,1747647684320
counter/1/0/0/0,33291:1747647679047:,1747647684320
counter/1/0/0/0,33292:1747647679047:,1747647684320
counter/1/0/0/0,33293:1747647679047:,1747647684320
counter/1/0/0/0,33294:1747647679047:,1747647684320
counter/1/0/0/0,33295:1747647679047:,1747647684320
counter/1/0/0/0,33296:1747647679049:,1747647684320
counter/1/0/0/0,33297:1747647679049:,1747647684320
counter/1/0/0/0,33298:1747647679049:,1747647684320
counter/1/0/0/0,33299:1747647679049:,1747647684320
counter/1/0/0/0,33300:1747647679049:,1747647684320
counter/1/0/0/0,33301:1747647679049:,1747647684320
counter/1/0/0/0,33302:1747647679049:,1747647684320
counter/1/0/0/0,33303:1747647679049:,1747647684320
counter/3/0/0/0,28691:1747647674125:,1747647684320
counter/1/0/0/0,33304:1747647679049:,1747647684320
counter/5/0/0/0,36274:1747647678729:,1747647684320
counter/10/0/0/0,28405:1747647671557:,1747647684320
counter/1/0/0/0,33305:1747647679049:,1747647684320
counter/1/0/0/0,33306:1747647679049:,1747647684320
counter/1/0/0/0,33307:1747647679049:,1747647684320
counter/1/0/0/0,33308:1747647679060:,1747647684320
counter/1/0/0/0,33309:1747647679061:,1747647684320
counter/1/0/0/0,33310:1747647679062:,1747647684320
counter/1/0/0/0,33311:1747647679062:,1747647684320
counter/1/0/0/0,33312:1747647679062:,1747647684320
counter/1/0/0/0,33313:1747647679062:,1747647684320
counter/1/0/0/0,33314:1747647679062:,1747647684320
counter/1/0/0/0,33315:1747647679062:,1747647684320
counter/1/0/0/0,33316:1747647679062:,1747647684320
counter/1/0/0/0,33317:1747647679062:,1747647684320
counter/1/0/0/0,33318:1747647679062:,1747647684320
counter/1/0/0/0,33319:1747647679062:,1747647684320
counter/1/0/0/0,33320:1747647679062:,1747647684321
counter/1/0/0/0,33321:1747647679062:,1747647684321
counter/1/0/0/0,33322:1747647679062:,1747647684321
counter/1/0/0/0,33323:1747647679062:,1747647684321
counter/1/0/0/0,33324:1747647679062:,1747647684321
counter/1/0/0/0,33325:1747647679062:,1747647684321
counter/1/0/0/0,33326:1747647679062:,1747647684321
counter/1/0/0/0,33327:1747647679062:,1747647684321
counter/1/0/0/0,33328:1747647679062:,1747647684321
counter/1/0/0/0,33329:1747647679062:,1747647684321
counter/1/0/0/0,33330:1747647679062:,1747647684321
counter/1/0/0/0,33331:1747647679062:,1747647684321
counter/1/0/0/0,33332:1747647679062:,1747647684321
counter/1/0/0/0,33333:1747647679062:,1747647684321
counter/1/0/0/0,33334:1747647679062:,1747647684321
counter/1/0/0/0,33335:1747647679063:,1747647684321
counter/1/0/0/0,33336:1747647679063:,1747647684321
counter/1/0/0/0,33337:1747647679067:,1747647684321
counter/1/0/0/0,33338:1747647679067:,1747647684321
counter/1/0/0/0,33339:1747647679067:,1747647684321
counter/1/0/0/0,33340:1747647679067:,1747647684321
counter/1/0/0/0,33341:1747647679067:,1747647684321
counter/1/0/0/0,33342:1747647679067:,1747647684321
counter/1/0/0/0,33343:1747647679068:,1747647684321
counter/1/0/0/0,33344:1747647679068:,1747647684321
counter/1/0/0/0,33345:1747647679068:,1747647684321
counter/1/0/0/0,33346:1747647679068:,1747647684321
counter/1/0/0/0,33347:1747647679068:,1747647684321
counter/1/0/0/0,33348:1747647679068:,1747647684321
counter/1/0/0/0,33349:1747647679068:,1747647684321
counter/1/0/0/0,33350:1747647679068:,1747647684321
counter/1/0/0/0,33351:1747647679068:,1747647684321
counter/1/0/0/0,33352:1747647679082:,1747647684321
counter/10/0/0/0,28406:1747647671557:,1747647684321
counter/1/0/0/0,33353:1747647679082:,1747647684322
counter/3/0/0/0,28692:1747647674125:,1747647684322
counter/1/0/0/0,33354:1747647679082:,1747647684322
counter/7/0/0/0,34567:1747647678459:,1747647684322
counter/1/0/0/0,33355:1747647679082:,1747647684322
counter/1/0/0/0,33356:1747647679082:,1747647684322
counter/1/0/0/0,33357:1747647679082:,1747647684322
counter/1/0/0/0,33358:1747647679082:,1747647684322
counter/1/0/0/0,33359:1747647679082:,1747647684322
counter/1/0/0/0,33360:1747647679082:,1747647684322
counter/1/0/0/0,33361:1747647679082:,1747647684322
counter/1/0/0/0,33362:1747647679082:,1747647684322
counter/1/0/0/0,33363:1747647679082:,1747647684322
counter/3/0/0/0,28693:1747647674125:,1747647684322
counter/1/0/0/0,33364:1747647679082:,1747647684322
counter/7/0/0/0,34568:1747647678459:,1747647684322
counter/1/0/0/0,33365:1747647679082:,1747647684322
counter/10/0/0/0,28407:1747647671557:,1747647684322
counter/1/0/0/0,33366:1747647679082:,1747647684322
counter/1/0/0/0,33367:1747647679082:,1747647684322
counter/1/0/0/0,33368:1747647679082:,1747647684322
counter/1/0/0/0,33369:1747647679082:,1747647684322
counter/1/0/0/0,33370:1747647679106:,1747647684322
counter/1/0/0/0,33371:1747647679106:,1747647684322
counter/1/0/0/0,33372:1747647679107:,1747647684322
counter/1/0/0/0,33373:1747647679108:,1747647684322
counter/1/0/0/0,33374:1747647679108:,1747647684322
counter/1/0/0/0,33375:1747647679108:,1747647684322
counter/1/0/0/0,33376:1747647679108:,1747647684322
counter/1/0/0/0,33377:1747647679108:,1747647684322
counter/1/0/0/0,33378:1747647679108:,1747647684322
counter/1/0/0/0,33379:1747647679108:,1747647684322
counter/1/0/0/0,33380:1747647679108:,1747647684322
counter/1/0/0/0,33381:1747647679108:,1747647684322
counter/1/0/0/0,33382:1747647679108:,1747647684322
counter/1/0/0/0,33383:1747647679108:,1747647684322
counter/1/0/0/0,33384:1747647679108:,1747647684322
counter/1/0/0/0,33385:1747647679110:,1747647684322
counter/1/0/0/0,33386:1747647679111:,1747647684322
counter/1/0/0/0,33387:1747647679111:,1747647684322
counter/1/0/0/0,33388:1747647679111:,1747647684322
counter/1/0/0/0,33389:1747647679111:,1747647684323
counter/1/0/0/0,33390:1747647679111:,1747647684323
counter/1/0/0/0,33391:1747647679111:,1747647684323
counter/1/0/0/0,33392:1747647679111:,1747647684323
counter/1/0/0/0,33393:1747647679112:,1747647684323
counter/1/0/0/0,33394:1747647679112:,1747647684323
counter/1/0/0/0,33395:1747647679112:,1747647684323
counter/1/0/0/0,33396:1747647679112:,1747647684323
counter/1/0/0/0,33397:1747647679112:,1747647684323
counter/1/0/0/0,33398:1747647679112:,1747647684323
counter/1/0/0/0,33399:1747647679114:,1747647684323
counter/1/0/0/0,33400:1747647679114:,1747647684323
counter/1/0/0/0,33401:1747647679115:,1747647684323
counter/1/0/0/0,33402:1747647679115:,1747647684323
counter/1/0/0/0,33403:1747647679115:,1747647684323
counter/1/0/0/0,33404:1747647679115:,1747647684323
counter/1/0/0/0,33405:1747647679115:,1747647684323
counter/1/0/0/0,33406:1747647679115:,1747647684323
counter/1/0/0/0,33407:1747647679115:,1747647684323
counter/1/0/0/0,33408:1747647679115:,1747647684323
counter/1/0/0/0,33409:1747647679115:,1747647684323
counter/1/0/0/0,33410:1747647679115:,1747647684323
counter/1/0/0/0,33411:1747647679115:,1747647684323
counter/1/0/0/0,33412:1747647679115:,1747647684323
counter/1/0/0/0,33413:1747647679115:,1747647684323
counter/1/0/0/0,33414:1747647679115:,1747647684323
counter/1/0/0/0,33415:1747647679115:,1747647684323
counter/1/0/0/0,33416:1747647679115:,1747647684323
counter/1/0/0/0,33417:1747647679115:,1747647684323
counter/1/0/0/0,33418:1747647679115:,1747647684323
counter/1/0/0/0,33419:1747647679115:,1747647684323
counter/5/0/0/0,36275:1747647678729:,1747647684323
counter/10/0/0/0,28408:1747647671557:,1747647684323
counter/7/0/0/0,34569:1747647678459:,1747647684323
counter/3/0/0/0,28694:1747647674125:,1747647684323
counter/5/0/0/0,36276:1747647678729:,1747647684323
counter/3/0/0/0,28695:1747647674125:,1747647684323
counter/7/0/0/0,34570:1747647678459:,1747647684324
counter/5/0/0/0,36277:1747647678729:,1747647684324
counter/3/0/0/0,28696:1747647674125:,1747647684324
counter/10/0/0/0,28409:1747647671557:,1747647684324
counter/4/0/0/0,31724:1747647676255:,1747647684324
counter/3/0/0/0,28697:1747647674125:,1747647684324
counter/4/0/0/0,31725:1747647676255:,1747647684324
counter/7/0/0/0,34571:1747647678459:,1747647684324
counter/5/0/0/0,36278:1747647678729:,1747647684324
counter/10/0/0/0,28410:1747647671573:,1747647684324
counter/4/0/0/0,31726:1747647676255:,1747647684324
counter/4/0/0/0,31727:1747647676256:,1747647684324
counter/4/0/0/0,31728:1747647676256:,1747647684324
counter/4/0/0/0,31729:1747647676256:,1747647684324
counter/4/0/0/0,31730:1747647676256:,1747647684324
counter/4/0/0/0,31731:1747647676256:,1747647684324
counter/4/0/0/0,31732:1747647676256:,1747647684324
counter/4/0/0/0,31733:1747647676256:,1747647684324
counter/4/0/0/0,31734:1747647676256:,1747647684324
counter/4/0/0/0,31735:1747647676256:,1747647684324
counter/4/0/0/0,31736:1747647676256:,1747647684324
counter/4/0/0/0,31737:1747647676256:,1747647684324
counter/4/0/0/0,31738:1747647676256:,1747647684324
counter/4/0/0/0,31739:1747647676256:,1747647684324
counter/4/0/0/0,31740:1747647676256:,1747647684324
counter/4/0/0/0,31741:1747647676256:,1747647684324
counter/4/0/0/0,31742:1747647676256:,1747647684324
counter/10/0/0/0,28411:1747647671573:,1747647684324
counter/4/0/0/0,31743:1747647676256:,1747647684324
counter/3/0/0/0,28698:1747647674125:,1747647684324
counter/5/0/0/0,36279:1747647678729:,1747647684324
counter/4/0/0/0,31744:1747647676256:,1747647684324
counter/4/0/0/0,31745:1747647676256:,1747647684324
counter/4/0/0/0,31746:1747647676256:,1747647684324
counter/4/0/0/0,31747:1747647676256:,1747647684324
counter/4/0/0/0,31748:1747647676256:,1747647684324
counter/4/0/0/0,31749:1747647676256:,1747647684324
counter/4/0/0/0,31750:1747647676256:,1747647684325
counter/4/0/0/0,31751:1747647676256:,1747647684325
counter/4/0/0/0,31752:1747647676257:,1747647684325
counter/4/0/0/0,31753:1747647676257:,1747647684325
counter/10/0/0/0,28412:1747647671573:,1747647684325
counter/4/0/0/0,31754:1747647676257:,1747647684325
counter/3/0/0/0,28699:1747647674125:,1747647684325
counter/5/0/0/0,36280:1747647678729:,1747647684325
counter/4/0/0/0,31755:1747647676257:,1747647684325
counter/1/0/0/0,33420:1747647679115:,1747647684325
counter/4/0/0/0,31756:1747647676257:,1747647684325
counter/1/0/0/0,33421:1747647679115:,1747647684325
counter/4/0/0/0,31757:1747647676257:,1747647684325
counter/1/0/0/0,33422:1747647679115:,1747647684325
counter/4/0/0/0,31758:1747647676257:,1747647684325
counter/1/0/0/0,33423:1747647679116:,1747647684325
counter/4/0/0/0,31759:1747647676257:,1747647684325
counter/1/0/0/0,33424:1747647679129:,1747647684325
counter/4/0/0/0,31760:1747647676257:,1747647684325
counter/1/0/0/0,33425:1747647679129:,1747647684325
counter/10/0/0/0,28413:1747647671573:,1747647684325
counter/4/0/0/0,31761:1747647676257:,1747647684325
counter/1/0/0/0,33426:1747647679129:,1747647684325
counter/3/0/0/0,28700:1747647674125:,1747647684325
counter/5/0/0/0,36281:1747647678729:,1747647684325
counter/4/0/0/0,31762:1747647676257:,1747647684325
counter/1/0/0/0,33427:1747647679129:,1747647684325
counter/7/0/0/0,34572:1747647678459:,1747647684325
counter/4/0/0/0,31763:1747647676257:,1747647684325
counter/1/0/0/0,33428:1747647679129:,1747647684325
counter/4/0/0/0,31764:1747647676257:,1747647684325
counter/1/0/0/0,33429:1747647679129:,1747647684325
counter/4/0/0/0,31765:1747647676257:,1747647684325
counter/1/0/0/0,33430:1747647679129:,1747647684325
counter/4/0/0/0,31766:1747647676257:,1747647684326
counter/1/0/0/0,33431:1747647679129:,1747647684326
counter/4/0/0/0,31767:1747647676257:,1747647684326
counter/1/0/0/0,33432:1747647679129:,1747647684326
counter/4/0/0/0,31768:1747647676257:,1747647684326
counter/1/0/0/0,33433:1747647679129:,1747647684326
counter/7/0/0/0,34573:1747647678459:,1747647684326
counter/5/0/0/0,36282:1747647678730:,1747647684326
counter/4/0/0/0,31769:1747647676257:,1747647684326
counter/1/0/0/0,33434:1747647679129:,1747647684326
counter/10/0/0/0,28414:1747647671573:,1747647684326
counter/3/0/0/0,28701:1747647674125:,1747647684326
counter/4/0/0/0,31770:1747647676257:,1747647684326
counter/1/0/0/0,33435:1747647679129:,1747647684326
counter/4/0/0/0,31771:1747647676257:,1747647684326
counter/1/0/0/0,33436:1747647679129:,1747647684326
counter/4/0/0/0,31772:1747647676257:,1747647684326
counter/1/0/0/0,33437:1747647679130:,1747647684326
counter/4/0/0/0,31773:1747647676257:,1747647684326
counter/1/0/0/0,33438:1747647679130:,1747647684326
counter/4/0/0/0,31774:1747647676257:,1747647684326
counter/1/0/0/0,33439:1747647679131:,1747647684326
counter/7/0/0/0,34574:1747647678460:,1747647684326
counter/4/0/0/0,31775:1747647676257:,1747647684326
counter/1/0/0/0,33440:1747647679131:,1747647684326
counter/5/0/0/0,36283:1747647678730:,1747647684326
counter/10/0/0/0,28415:1747647671573:,1747647684326
counter/4/0/0/0,31776:1747647676257:,1747647684326
counter/1/0/0/0,33441:1747647679131:,1747647684326
counter/4/0/0/0,31777:1747647676258:,1747647684326
counter/1/0/0/0,33442:1747647679131:,1747647684326
counter/4/0/0/0,31778:1747647676258:,1747647684326
counter/1/0/0/0,33443:1747647679131:,1747647684326
counter/4/0/0/0,31779:1747647676258:,1747647684326
counter/1/0/0/0,33444:1747647679131:,1747647684326
counter/4/0/0/0,31780:1747647676258:,1747647684326
counter/1/0/0/0,33445:1747647679131:,1747647684326
counter/4/0/0/0,31781:1747647676258:,1747647684327
counter/1/0/0/0,33446:1747647679131:,1747647684327
counter/4/0/0/0,31782:1747647676258:,1747647684327
counter/1/0/0/0,33447:1747647679131:,1747647684327
counter/4/0/0/0,31783:1747647676258:,1747647684327
counter/1/0/0/0,33448:1747647679131:,1747647684327
counter/4/0/0/0,31784:1747647676258:,1747647684327
counter/1/0/0/0,33449:1747647679131:,1747647684327
counter/4/0/0/0,31785:1747647676258:,1747647684327
counter/1/0/0/0,33450:1747647679132:,1747647684327
counter/4/0/0/0,31786:1747647676258:,1747647684327
counter/1/0/0/0,33451:1747647679132:,1747647684327
counter/4/0/0/0,31787:1747647676258:,1747647684327
counter/1/0/0/0,33452:1747647679132:,1747647684327
counter/4/0/0/0,31788:1747647676258:,1747647684327
counter/1/0/0/0,33453:1747647679132:,1747647684327
counter/4/0/0/0,31789:1747647676258:,1747647684327
counter/1/0/0/0,33454:1747647679132:,1747647684327
counter/4/0/0/0,31790:1747647676258:,1747647684327
counter/1/0/0/0,33455:1747647679132:,1747647684327
counter/4/0/0/0,31791:1747647676263:,1747647684327
counter/1/0/0/0,33456:1747647679132:,1747647684327
counter/4/0/0/0,31792:1747647676263:,1747647684327
counter/1/0/0/0,33457:1747647679132:,1747647684327
counter/4/0/0/0,31793:1747647676263:,1747647684327
counter/1/0/0/0,33458:1747647679133:,1747647684327
counter/5/0/0/0,36284:1747647678730:,1747647684327
counter/4/0/0/0,31794:1747647676263:,1747647684327
counter/1/0/0/0,33459:1747647679133:,1747647684327
counter/10/0/0/0,28416:1747647671573:,1747647684327
counter/3/0/0/0,28702:1747647674125:,1747647684327
counter/4/0/0/0,31795:1747647676263:,1747647684327
counter/1/0/0/0,33460:1747647679133:,1747647684327
counter/7/0/0/0,34575:1747647678460:,1747647684327
counter/4/0/0/0,31796:1747647676263:,1747647684327
counter/1/0/0/0,33461:1747647679133:,1747647684327
counter/4/0/0/0,31797:1747647676263:,1747647684327
counter/1/0/0/0,33462:1747647679133:,1747647684327
counter/4/0/0/0,31798:1747647676263:,1747647684327
counter/1/0/0/0,33463:1747647679133:,1747647684328
counter/4/0/0/0,31799:1747647676263:,1747647684328
counter/1/0/0/0,33464:1747647679133:,1747647684328
counter/4/0/0/0,31800:1747647676263:,1747647684328
counter/1/0/0/0,33465:1747647679133:,1747647684328
counter/4/0/0/0,31801:1747647676263:,1747647684328
counter/1/0/0/0,33466:1747647679133:,1747647684328
counter/4/0/0/0,31802:1747647676263:,1747647684328
counter/1/0/0/0,33467:1747647679133:,1747647684328
counter/4/0/0/0,31803:1747647676263:,1747647684328
counter/1/0/0/0,33468:1747647679133:,1747647684328
counter/4/0/0/0,31804:1747647676263:,1747647684328
counter/1/0/0/0,33469:1747647679133:,1747647684328
counter/4/0/0/0,31805:1747647676263:,1747647684328
counter/1/0/0/0,33470:1747647679133:,1747647684328
counter/4/0/0/0,31806:1747647676264:,1747647684328
counter/1/0/0/0,33471:1747647679133:,1747647684328
counter/4/0/0/0,31807:1747647676264:,1747647684328
counter/1/0/0/0,33472:1747647679133:,1747647684328
counter/4/0/0/0,31808:1747647676264:,1747647684328
counter/1/0/0/0,33473:1747647679133:,1747647684328
counter/4/0/0/0,31809:1747647676264:,1747647684328
counter/1/0/0/0,33474:1747647679133:,1747647684328
counter/4/0/0/0,31810:1747647676264:,1747647684328
counter/1/0/0/0,33475:1747647679133:,1747647684328
counter/4/0/0/0,31811:1747647676267:,1747647684328
counter/1/0/0/0,33476:1747647679134:,1747647684328
counter/4/0/0/0,31812:1747647676267:,1747647684328
counter/1/0/0/0,33477:1747647679134:,1747647684328
counter/4/0/0/0,31813:1747647676268:,1747647684328
counter/1/0/0/0,33478:1747647679134:,1747647684328
counter/4/0/0/0,31814:1747647676268:,1747647684328
counter/1/0/0/0,33479:1747647679134:,1747647684328
counter/4/0/0/0,31815:1747647676268:,1747647684328
counter/1/0/0/0,33480:1747647679134:,1747647684328
counter/4/0/0/0,31816:1747647676268:,1747647684328
counter/1/0/0/0,33481:1747647679134:,1747647684328
counter/4/0/0/0,31817:1747647676268:,1747647684328
counter/1/0/0/0,33482:1747647679134:,1747647684329
counter/4/0/0/0,31818:1747647676268:,1747647684329
counter/1/0/0/0,33483:1747647679134:,1747647684329
counter/4/0/0/0,31819:1747647676268:,1747647684329
counter/1/0/0/0,33484:1747647679134:,1747647684329
counter/4/0/0/0,31820:1747647676268:,1747647684329
counter/1/0/0/0,33485:1747647679134:,1747647684329
counter/4/0/0/0,31821:1747647676268:,1747647684329
counter/1/0/0/0,33486:1747647679134:,1747647684329
counter/4/0/0/0,31822:1747647676268:,1747647684329
counter/1/0/0/0,33487:1747647679134:,1747647684329
counter/4/0/0/0,31823:1747647676268:,1747647684329
counter/1/0/0/0,33488:1747647679134:,1747647684329
counter/4/0/0/0,31824:1747647676268:,1747647684329
counter/1/0/0/0,33489:1747647679134:,1747647684329
counter/4/0/0/0,31825:1747647676268:,1747647684329
counter/1/0/0/0,33490:1747647679134:,1747647684329
counter/4/0/0/0,31826:1747647676268:,1747647684329
counter/1/0/0/0,33491:1747647679134:,1747647684329
counter/4/0/0/0,31827:1747647676268:,1747647684329
counter/1/0/0/0,33492:1747647679134:,1747647684329
counter/4/0/0/0,31828:1747647676268:,1747647684329
counter/1/0/0/0,33493:1747647679134:,1747647684329
counter/4/0/0/0,31829:1747647676268:,1747647684329
counter/1/0/0/0,33494:1747647679134:,1747647684329
counter/4/0/0/0,31830:1747647676268:,1747647684329
counter/1/0/0/0,33495:1747647679134:,1747647684329
counter/4/0/0/0,31831:1747647676268:,1747647684329
counter/1/0/0/0,33496:1747647679144:,1747647684329
counter/4/0/0/0,31832:1747647676290:,1747647684329
counter/1/0/0/0,33497:1747647679144:,1747647684329
counter/4/0/0/0,31833:1747647676290:,1747647684329
counter/1/0/0/0,33498:1747647679144:,1747647684330
counter/4/0/0/0,31834:1747647676291:,1747647684330
counter/1/0/0/0,33499:1747647679144:,1747647684330
counter/4/0/0/0,31835:1747647676291:,1747647684330
counter/1/0/0/0,33500:1747647679144:,1747647684330
counter/4/0/0/0,31836:1747647676297:,1747647684330
counter/1/0/0/0,33501:1747647679144:,1747647684330
counter/4/0/0/0,31837:1747647676297:,1747647684330
counter/1/0/0/0,33502:1747647679144:,1747647684330
counter/4/0/0/0,31838:1747647676297:,1747647684330
counter/1/0/0/0,33503:1747647679145:,1747647684330
counter/4/0/0/0,31839:1747647676297:,1747647684330
counter/1/0/0/0,33504:1747647679145:,1747647684330
counter/4/0/0/0,31840:1747647676297:,1747647684330
counter/1/0/0/0,33505:1747647679146:,1747647684330
counter/3/0/0/0,28703:1747647674125:,1747647684330
counter/4/0/0/0,31841:1747647676297:,1747647684330
counter/1/0/0/0,33506:1747647679146:,1747647684330
counter/7/0/0/0,34576:1747647678460:,1747647684330
counter/4/0/0/0,31842:1747647676297:,1747647684330
counter/1/0/0/0,33507:1747647679146:,1747647684330
counter/7/0/0/0,34577:1747647678462:,1747647684330
counter/4/0/0/0,31843:1747647676297:,1747647684330
counter/1/0/0/0,33508:1747647679146:,1747647684330
counter/7/0/0/0,34578:1747647678462:,1747647684330
counter/4/0/0/0,31844:1747647676298:,1747647684330
counter/1/0/0/0,33509:1747647679146:,1747647684330
counter/7/0/0/0,34579:1747647678462:,1747647684330
counter/4/0/0/0,31845:1747647676298:,1747647684330
counter/1/0/0/0,33510:1747647679146:,1747647684330
counter/7/0/0/0,34580:1747647678462:,1747647684330
counter/4/0/0/0,31846:1747647676298:,1747647684330
counter/1/0/0/0,33511:1747647679146:,1747647684330
counter/7/0/0/0,34581:1747647678462:,1747647684330
counter/5/0/0/0,36285:1747647678730:,1747647684330
counter/4/0/0/0,31847:1747647676298:,1747647684330
counter/1/0/0/0,33512:1747647679146:,1747647684330
counter/7/0/0/0,34582:1747647678462:,1747647684330
counter/3/0/0/0,28704:1747647674125:,1747647684330
counter/4/0/0/0,31848:1747647676298:,1747647684331
counter/1/0/0/0,33513:1747647679149:,1747647684331
counter/7/0/0/0,34583:1747647678462:,1747647684331
counter/3/0/0/0,28705:1747647674125:,1747647684331
counter/4/0/0/0,31849:1747647676298:,1747647684331
counter/1/0/0/0,33514:1747647679149:,1747647684331
counter/7/0/0/0,34584:1747647678462:,1747647684331
counter/3/0/0/0,28706:1747647674125:,1747647684331
counter/5/0/0/0,36286:1747647678730:,1747647684331
counter/4/0/0/0,31850:1747647676302:,1747647684331
counter/1/0/0/0,33515:1747647679149:,1747647684331
counter/7/0/0/0,34585:1747647678464:,1747647684331
counter/3/0/0/0,28707:1747647674125:,1747647684331
counter/4/0/0/0,31851:1747647676312:,1747647684331
counter/1/0/0/0,33516:1747647679149:,1747647684331
counter/7/0/0/0,34586:1747647678464:,1747647684331
counter/3/0/0/0,28708:1747647674125:,1747647684331
counter/4/0/0/0,31852:1747647676315:,1747647684331
counter/1/0/0/0,33517:1747647679149:,1747647684331
counter/7/0/0/0,34587:1747647678464:,1747647684331
counter/3/0/0/0,28709:1747647674126:,1747647684331
counter/4/0/0/0,31853:1747647676315:,1747647684331
counter/1/0/0/0,33518:1747647679149:,1747647684331
counter/7/0/0/0,34588:1747647678464:,1747647684331
counter/4/0/0/0,31854:1747647676315:,1747647684331
counter/1/0/0/0,33519:1747647679149:,1747647684331
counter/7/0/0/0,34589:1747647678465:,1747647684331
counter/10/0/0/0,28417:1747647671574:,1747647684331
counter/4/0/0/0,31855:1747647676315:,1747647684331
counter/1/0/0/0,33520:1747647679149:,1747647684331
counter/7/0/0/0,34590:1747647678466:,1747647684331
counter/4/0/0/0,31856:1747647676315:,1747647684331
counter/1/0/0/0,33521:1747647679150:,1747647684331
counter/7/0/0/0,34591:1747647678466:,1747647684331
counter/4/0/0/0,31857:1747647676315:,1747647684331
counter/1/0/0/0,33522:1747647679150:,1747647684331
counter/7/0/0/0,34592:1747647678466:,1747647684331
counter/4/0/0/0,31858:1747647676315:,1747647684331
counter/1/0/0/0,33523:1747647679150:,1747647684331
counter/7/0/0/0,34593:1747647678489:,1747647684331
counter/3/0/0/0,28710:1747647674126:,1747647684331
counter/4/0/0/0,31859:1747647676315:,1747647684332
counter/1/0/0/0,33524:1747647679150:,1747647684332
counter/7/0/0/0,34594:1747647678489:,1747647684332
counter/10/0/0/0,28418:1747647671574:,1747647684332
counter/4/0/0/0,31860:1747647676315:,1747647684332
counter/1/0/0/0,33525:1747647679150:,1747647684332
counter/7/0/0/0,34595:1747647678489:,1747647684332
counter/4/0/0/0,31861:1747647676315:,1747647684332
counter/1/0/0/0,33526:1747647679150:,1747647684332
counter/7/0/0/0,34596:1747647678489:,1747647684332
counter/4/0/0/0,31862:1747647676315:,1747647684332
counter/1/0/0/0,33527:1747647679150:,1747647684332
counter/7/0/0/0,34597:1747647678489:,1747647684332
counter/4/0/0/0,31863:1747647676322:,1747647684332
counter/1/0/0/0,33528:1747647679150:,1747647684332
counter/7/0/0/0,34598:1747647678490:,1747647684332
counter/5/0/0/0,36287:1747647678730:,1747647684332
counter/3/0/0/0,28711:1747647674126:,1747647684332
counter/4/0/0/0,31864:1747647676322:,1747647684332
counter/1/0/0/0,33529:1747647679150:,1747647684332
counter/7/0/0/0,34599:1747647678490:,1747647684332
counter/5/0/0/0,36288:1747647678732:,1747647684332
counter/4/0/0/0,31865:1747647676332:,1747647684332
counter/1/0/0/0,33530:1747647679150:,1747647684332
counter/7/0/0/0,34600:1747647678490:,1747647684332
counter/5/0/0/0,36289:1747647678732:,1747647684332
counter/4/0/0/0,31866:1747647676332:,1747647684332
counter/1/0/0/0,33531:1747647679150:,1747647684332
counter/7/0/0/0,34601:1747647678490:,1747647684332
counter/5/0/0/0,36290:1747647678732:,1747647684332
counter/4/0/0/0,31867:1747647676332:,1747647684332
counter/1/0/0/0,33532:1747647679150:,1747647684332
counter/7/0/0/0,34602:1747647678490:,1747647684332
counter/4/0/0/0,31868:1747647676332:,1747647684332
counter/1/0/0/0,33533:1747647679150:,1747647684332
counter/7/0/0/0,34603:1747647678490:,1747647684332
counter/4/0/0/0,31869:1747647676332:,1747647684332
counter/1/0/0/0,33534:1747647679150:,1747647684332
counter/7/0/0/0,34604:1747647678490:,1747647684332
counter/4/0/0/0,31870:1747647676332:,1747647684332
counter/1/0/0/0,33535:1747647679150:,1747647684333
counter/7/0/0/0,34605:1747647678490:,1747647684333
counter/4/0/0/0,31871:1747647676332:,1747647684333
counter/1/0/0/0,33536:1747647679150:,1747647684333
counter/7/0/0/0,34606:1747647678490:,1747647684333
counter/4/0/0/0,31872:1747647676332:,1747647684333
counter/1/0/0/0,33537:1747647679151:,1747647684333
counter/7/0/0/0,34607:1747647678490:,1747647684333
counter/4/0/0/0,31873:1747647676332:,1747647684333
counter/1/0/0/0,33538:1747647679151:,1747647684333
counter/7/0/0/0,34608:1747647678490:,1747647684333
counter/4/0/0/0,31874:1747647676333:,1747647684333
counter/1/0/0/0,33539:1747647679151:,1747647684333
counter/7/0/0/0,34609:1747647678490:,1747647684333
counter/10/0/0/0,28419:1747647671574:,1747647684333
counter/4/0/0/0,31875:1747647676333:,1747647684333
counter/1/0/0/0,33540:1747647679151:,1747647684333
counter/7/0/0/0,34610:1747647678496:,1747647684333
counter/4/0/0/0,31876:1747647676333:,1747647684333
counter/1/0/0/0,33541:1747647679151:,1747647684333
counter/7/0/0/0,34611:1747647678496:,1747647684333
counter/10/0/0/0,28420:1747647671574:,1747647684333
counter/4/0/0/0,31877:1747647676333:,1747647684333
counter/1/0/0/0,33542:1747647679151:,1747647684333
counter/7/0/0/0,34612:1747647678497:,1747647684333
counter/10/0/0/0,28421:1747647671574:,1747647684333
counter/4/0/0/0,31878:1747647676334:,1747647684333
counter/1/0/0/0,33543:1747647679151:,1747647684333
counter/7/0/0/0,34613:1747647678497:,1747647684333
counter/4/0/0/0,31879:1747647676334:,1747647684333
counter/1/0/0/0,33544:1747647679151:,1747647684333
counter/7/0/0/0,34614:1747647678498:,1747647684333
counter/3/0/0/0,28712:1747647674126:,1747647684333
counter/4/0/0/0,31880:1747647676334:,1747647684333
counter/1/0/0/0,33545:1747647679151:,1747647684333
counter/7/0/0/0,34615:1747647678498:,1747647684333
counter/5/0/0/0,36291:1747647678732:,1747647684333
counter/10/0/0/0,28422:1747647671580:,1747647684333
counter/4/0/0/0,31881:1747647676334:,1747647684333
counter/1/0/0/0,33546:1747647679185:,1747647684334
counter/4/0/0/0,31882:1747647676334:,1747647684334
counter/1/0/0/0,33547:1747647679185:,1747647684334
counter/4/0/0/0,31883:1747647676334:,1747647684334
counter/1/0/0/0,33548:1747647679185:,1747647684334
counter/4/0/0/0,31884:1747647676334:,1747647684334
counter/1/0/0/0,33549:1747647679185:,1747647684334
counter/4/0/0/0,31885:1747647676334:,1747647684334
counter/1/0/0/0,33550:1747647679185:,1747647684334
counter/4/0/0/0,31886:1747647676334:,1747647684334
counter/1/0/0/0,33551:1747647679185:,1747647684334
counter/4/0/0/0,31887:1747647676334:,1747647684334
counter/1/0/0/0,33552:1747647679185:,1747647684334
counter/4/0/0/0,31888:1747647676339:,1747647684334
counter/1/0/0/0,33553:1747647679185:,1747647684334
counter/4/0/0/0,31889:1747647676339:,1747647684334
counter/1/0/0/0,33554:1747647679185:,1747647684334
counter/4/0/0/0,31890:1747647676339:,1747647684334
counter/1/0/0/0,33555:1747647679190:,1747647684334
counter/4/0/0/0,31891:1747647676339:,1747647684334
counter/1/0/0/0,33556:1747647679190:,1747647684334
counter/4/0/0/0,31892:1747647676339:,1747647684334
counter/1/0/0/0,33557:1747647679190:,1747647684334
counter/4/0/0/0,31893:1747647676339:,1747647684334
counter/1/0/0/0,33558:1747647679190:,1747647684334
counter/4/0/0/0,31894:1747647676339:,1747647684334
counter/1/0/0/0,33559:1747647679190:,1747647684334
counter/4/0/0/0,31895:1747647676339:,1747647684334
counter/1/0/0/0,33560:1747647679191:,1747647684334
counter/4/0/0/0,31896:1747647676339:,1747647684334
counter/1/0/0/0,33561:1747647679191:,1747647684334
counter/4/0/0/0,31897:1747647676339:,1747647684334
counter/1/0/0/0,33562:1747647679191:,1747647684334
counter/4/0/0/0,31898:1747647676339:,1747647684334
counter/1/0/0/0,33563:1747647679191:,1747647684335
counter/4/0/0/0,31899:1747647676339:,1747647684335
counter/1/0/0/0,33564:1747647679193:,1747647684335
counter/4/0/0/0,31900:1747647676339:,1747647684335
counter/1/0/0/0,33565:1747647679193:,1747647684335
counter/4/0/0/0,31901:1747647676339:,1747647684335
counter/1/0/0/0,33566:1747647679193:,1747647684335
counter/4/0/0/0,31902:1747647676343:,1747647684335
counter/1/0/0/0,33567:1747647679193:,1747647684335
counter/4/0/0/0,31903:1747647676344:,1747647684335
counter/1/0/0/0,33568:1747647679193:,1747647684335
counter/4/0/0/0,31904:1747647676344:,1747647684335
counter/1/0/0/0,33569:1747647679193:,1747647684335
counter/5/0/0/0,36292:1747647678732:,1747647684335
counter/4/0/0/0,31905:1747647676344:,1747647684335
counter/1/0/0/0,33570:1747647679194:,1747647684335
counter/7/0/0/0,34616:1747647678504:,1747647684335
counter/3/0/0/0,28713:1747647674126:,1747647684335
counter/4/0/0/0,31906:1747647676345:,1747647684335
counter/1/0/0/0,33571:1747647679194:,1747647684335
counter/4/0/0/0,31907:1747647676345:,1747647684335
counter/1/0/0/0,33572:1747647679194:,1747647684335
counter/4/0/0/0,31908:1747647676345:,1747647684335
counter/1/0/0/0,33573:1747647679194:,1747647684335
counter/4/0/0/0,31909:1747647676345:,1747647684335
counter/1/0/0/0,33574:1747647679194:,1747647684335
counter/4/0/0/0,31910:1747647676345:,1747647684335
counter/1/0/0/0,33575:1747647679194:,1747647684335
counter/4/0/0/0,31911:1747647676345:,1747647684335
counter/1/0/0/0,33576:1747647679194:,1747647684335
counter/10/0/0/0,28423:1747647671580:,1747647684335
counter/4/0/0/0,31912:1747647676345:,1747647684335
counter/1/0/0/0,33577:1747647679194:,1747647684335
counter/5/0/0/0,36293:1747647678732:,1747647684335
counter/4/0/0/0,31913:1747647676345:,1747647684335
counter/1/0/0/0,33578:1747647679194:,1747647684336
counter/10/0/0/0,28424:1747647671580:,1747647684336
counter/3/0/0/0,28714:1747647674126:,1747647684336
counter/4/0/0/0,31914:1747647676345:,1747647684336
counter/1/0/0/0,33579:1747647679196:,1747647684336
counter/10/0/0/0,28425:1747647671593:,1747647684336
counter/7/0/0/0,34617:1747647678504:,1747647684336
counter/4/0/0/0,31915:1747647676346:,1747647684336
counter/1/0/0/0,33580:1747647679197:,1747647684336
counter/4/0/0/0,31916:1747647676346:,1747647684336
counter/1/0/0/0,33581:1747647679197:,1747647684336
counter/4/0/0/0,31917:1747647676346:,1747647684336
counter/1/0/0/0,33582:1747647679197:,1747647684336
counter/4/0/0/0,31918:1747647676346:,1747647684336
counter/1/0/0/0,33583:1747647679197:,1747647684336
counter/10/0/0/0,28426:1747647671595:,1747647684336
counter/3/0/0/0,28715:1747647674126:,1747647684336
counter/4/0/0/0,31919:1747647676346:,1747647684336
counter/1/0/0/0,33584:1747647679197:,1747647684336
counter/4/0/0/0,31920:1747647676346:,1747647684336
counter/1/0/0/0,33585:1747647679197:,1747647684336
counter/4/0/0/0,31921:1747647676346:,1747647684336
counter/1/0/0/0,33586:1747647679197:,1747647684336
counter/4/0/0/0,31922:1747647676346:,1747647684336
counter/1/0/0/0,33587:1747647679197:,1747647684336
counter/4/0/0/0,31923:1747647676346:,1747647684336
counter/1/0/0/0,33588:1747647679197:,1747647684336
counter/4/0/0/0,31924:1747647676346:,1747647684336
counter/1/0/0/0,33589:1747647679197:,1747647684336
counter/4/0/0/0,31925:1747647676346:,1747647684336
counter/1/0/0/0,33590:1747647679197:,1747647684336
counter/4/0/0/0,31926:1747647676346:,1747647684336
counter/1/0/0/0,33591:1747647679197:,1747647684336
counter/4/0/0/0,31927:1747647676346:,1747647684336
counter/1/0/0/0,33592:1747647679205:,1747647684336
counter/4/0/0/0,31928:1747647676346:,1747647684336
counter/1/0/0/0,33593:1747647679205:,1747647684337
counter/4/0/0/0,31929:1747647676346:,1747647684337
counter/1/0/0/0,33594:1747647679205:,1747647684337
counter/4/0/0/0,31930:1747647676347:,1747647684337
counter/1/0/0/0,33595:1747647679205:,1747647684337
counter/4/0/0/0,31931:1747647676347:,1747647684337
counter/1/0/0/0,33596:1747647679205:,1747647684337
counter/10/0/0/0,28427:1747647671595:,1747647684337
counter/4/0/0/0,31932:1747647676347:,1747647684337
counter/1/0/0/0,33597:1747647679205:,1747647684337
counter/4/0/0/0,31933:1747647676347:,1747647684337
counter/10/0/0/0,28428:1747647671595:,1747647684337
counter/4/0/0/0,31934:1747647676353:,1747647684337
counter/7/0/0/0,34618:1747647678504:,1747647684337
counter/4/0/0/0,31935:1747647676353:,1747647684337
counter/4/0/0/0,31936:1747647676353:,1747647684337
counter/5/0/0/0,36294:1747647678732:,1747647684337
counter/4/0/0/0,31937:1747647676353:,1747647684337
counter/5/0/0/0,36295:1747647678732:,1747647684337
counter/4/0/0/0,31938:1747647676353:,1747647684337
counter/5/0/0/0,36296:1747647678732:,1747647684337
counter/4/0/0/0,31939:1747647676353:,1747647684337
counter/5/0/0/0,36297:1747647678732:,1747647684337
counter/4/0/0/0,31940:1747647676353:,1747647684337
counter/5/0/0/0,36298:1747647678732:,1747647684337
counter/4/0/0/0,31941:1747647676353:,1747647684337
counter/5/0/0/0,36299:1747647678732:,1747647684337
counter/4/0/0/0,31942:1747647676353:,1747647684337
counter/4/0/0/0,31943:1747647676353:,1747647684337
counter/5/0/0/0,36300:1747647678732:,1747647684337
counter/4/0/0/0,31944:1747647676394:,1747647684337
counter/5/0/0/0,36301:1747647678732:,1747647684337
counter/4/0/0/0,31945:1747647676394:,1747647684337
counter/5/0/0/0,36302:1747647678737:,1747647684337
counter/4/0/0/0,31946:1747647676394:,1747647684338
counter/5/0/0/0,36303:1747647678737:,1747647684338
counter/7/0/0/0,34619:1747647678504:,1747647684338
counter/4/0/0/0,31947:1747647676394:,1747647684338
counter/5/0/0/0,36304:1747647678737:,1747647684338
counter/7/0/0/0,34620:1747647678504:,1747647684338
counter/4/0/0/0,31948:1747647676394:,1747647684338
counter/7/0/0/0,34621:1747647678504:,1747647684338
counter/4/0/0/0,31949:1747647676394:,1747647684338
counter/7/0/0/0,34622:1747647678504:,1747647684338
counter/4/0/0/0,31950:1747647676394:,1747647684338
counter/7/0/0/0,34623:1747647678504:,1747647684338
counter/4/0/0/0,31951:1747647676394:,1747647684338
counter/7/0/0/0,34624:1747647678504:,1747647684338
counter/4/0/0/0,31952:1747647676394:,1747647684338
counter/7/0/0/0,34625:1747647678504:,1747647684338
counter/10/0/0/0,28429:1747647671595:,1747647684338
counter/4/0/0/0,31953:1747647676394:,1747647684338
counter/7/0/0/0,34626:1747647678504:,1747647684338
counter/5/0/0/0,36305:1747647678737:,1747647684338
counter/4/0/0/0,31954:1747647676394:,1747647684338
counter/7/0/0/0,34627:1747647678504:,1747647684338
counter/4/0/0/0,31955:1747647676394:,1747647684338
counter/7/0/0/0,34628:1747647678507:,1747647684338
counter/4/0/0/0,31956:1747647676398:,1747647684338
counter/7/0/0/0,34629:1747647678507:,1747647684338
counter/3/0/0/0,28716:1747647674126:,1747647684338
counter/4/0/0/0,31957:1747647676398:,1747647684338
counter/3/0/0/0,28717:1747647674126:,1747647684338
counter/4/0/0/0,31958:1747647676398:,1747647684338
counter/10/0/0/0,28430:1747647671595:,1747647684338
counter/4/0/0/0,31959:1747647676398:,1747647684338
counter/4/0/0/0,31960:1747647676398:,1747647684338
counter/4/0/0/0,31961:1747647676398:,1747647684338
counter/4/0/0/0,31962:1747647676398:,1747647684338
counter/4/0/0/0,31963:1747647676398:,1747647684338
counter/4/0/0/0,31964:1747647676398:,1747647684339
counter/7/0/0/0,34630:1747647678507:,1747647684339
counter/4/0/0/0,31965:1747647676398:,1747647684339
counter/5/0/0/0,36306:1747647678737:,1747647684339
counter/3/0/0/0,28718:1747647674126:,1747647684339
counter/4/0/0/0,31966:1747647676398:,1747647684339
counter/4/0/0/0,31967:1747647676398:,1747647684339
counter/4/0/0/0,31968:1747647676398:,1747647684339
counter/4/0/0/0,31969:1747647676398:,1747647684339
counter/4/0/0/0,31970:1747647676398:,1747647684339
counter/4/0/0/0,31971:1747647676398:,1747647684339
counter/4/0/0/0,31972:1747647676398:,1747647684339
counter/4/0/0/0,31973:1747647676398:,1747647684339
counter/4/0/0/0,31974:1747647676398:,1747647684339
counter/10/0/0/0,28431:1747647671595:,1747647684339
counter/4/0/0/0,31975:1747647676398:,1747647684339
counter/5/0/0/0,36307:1747647678737:,1747647684339
counter/4/0/0/0,31976:1747647676399:,1747647684339
counter/10/0/0/0,28432:1747647671595:,1747647684339
counter/1/0/0/0,33598:1747647679205:,1747647684339
counter/4/0/0/0,31977:1747647676405:,1747647684339
counter/1/0/0/0,33599:1747647679205:,1747647684339
counter/7/0/0/0,34631:1747647678507:,1747647684339
counter/3/0/0/0,28719:1747647674126:,1747647684339
counter/4/0/0/0,31978:1747647676405:,1747647684339
counter/5/0/0/0,36308:1747647678737:,1747647684339
counter/4/0/0/0,31979:1747647676405:,1747647684339
counter/5/0/0/0,36309:1747647678737:,1747647684339
counter/4/0/0/0,31980:1747647676405:,1747647684339
counter/5/0/0/0,36310:1747647678737:,1747647684339
counter/4/0/0/0,31981:1747647676405:,1747647684339
counter/5/0/0/0,36311:1747647678737:,1747647684339
counter/10/0/0/0,28433:1747647671595:,1747647684339
counter/4/0/0/0,31982:1747647676405:,1747647684339
counter/5/0/0/0,36312:1747647678737:,1747647684339
counter/4/0/0/0,31983:1747647676405:,1747647684339
counter/5/0/0/0,36313:1747647678737:,1747647684339
counter/4/0/0/0,31984:1747647676405:,1747647684339
counter/5/0/0/0,36314:1747647678737:,1747647684340
counter/4/0/0/0,31985:1747647676405:,1747647684340
counter/4/0/0/0,31986:1747647676405:,1747647684340
counter/4/0/0/0,31987:1747647676405:,1747647684340
counter/4/0/0/0,31988:1747647676405:,1747647684340
counter/4/0/0/0,31989:1747647676405:,1747647684340
counter/4/0/0/0,31990:1747647676406:,1747647684340
counter/4/0/0/0,31991:1747647676406:,1747647684340
counter/4/0/0/0,31992:1747647676406:,1747647684340
counter/4/0/0/0,31993:1747647676406:,1747647684340
counter/4/0/0/0,31994:1747647676406:,1747647684340
counter/4/0/0/0,31995:1747647676406:,1747647684340
counter/4/0/0/0,31996:1747647676410:,1747647684340
counter/4/0/0/0,31997:1747647676410:,1747647684340
counter/4/0/0/0,31998:1747647676410:,1747647684340
counter/4/0/0/0,31999:1747647676410:,1747647684340
counter/4/0/0/0,32000:1747647676414:,1747647684340
counter/4/0/0/0,32001:1747647676414:,1747647684340
counter/4/0/0/0,32002:1747647676414:,1747647684340
counter/4/0/0/0,32003:1747647676414:,1747647684340
counter/4/0/0/0,32004:1747647676414:,1747647684340
counter/4/0/0/0,32005:1747647676414:,1747647684340
counter/4/0/0/0,32006:1747647676414:,1747647684340
counter/10/0/0/0,28434:1747647671595:,1747647684340
counter/4/0/0/0,32007:1747647676414:,1747647684340
counter/7/0/0/0,34632:1747647678507:,1747647684340
counter/4/0/0/0,32008:1747647676414:,1747647684340
counter/5/0/0/0,36315:1747647678737:,1747647684340
counter/4/0/0/0,32009:1747647676414:,1747647684340
counter/4/0/0/0,32010:1747647676414:,1747647684340
counter/4/0/0/0,32011:1747647676415:,1747647684340
counter/4/0/0/0,32012:1747647676415:,1747647684340
counter/4/0/0/0,32013:1747647676416:,1747647684341
counter/4/0/0/0,32014:1747647676416:,1747647684341
counter/4/0/0/0,32015:1747647676428:,1747647684341
counter/4/0/0/0,32016:1747647676428:,1747647684341
counter/4/0/0/0,32017:1747647676428:,1747647684341
counter/4/0/0/0,32018:1747647676428:,1747647684341
counter/4/0/0/0,32019:1747647676428:,1747647684341
counter/4/0/0/0,32020:1747647676428:,1747647684341
counter/3/0/0/0,28720:1747647674126:,1747647684341
counter/4/0/0/0,32021:1747647676428:,1747647684341
counter/10/0/0/0,28435:1747647671595:,1747647684341
counter/4/0/0/0,32022:1747647676428:,1747647684341
counter/5/0/0/0,36316:1747647678738:,1747647684341
counter/4/0/0/0,32023:1747647676428:,1747647684341
counter/10/0/0/0,28436:1747647671595:,1747647684341
counter/1/0/0/0,33600:1747647679205:,1747647684341
counter/4/0/0/0,32024:1747647676428:,1747647684341
counter/10/0/0/0,28437:1747647671595:,1747647684341
counter/3/0/0/0,28721:1747647674126:,1747647684341
counter/4/0/0/0,32025:1747647676428:,1747647684341
counter/4/0/0/0,32026:1747647676428:,1747647684341
counter/4/0/0/0,32027:1747647676428:,1747647684341
counter/4/0/0/0,32028:1747647676428:,1747647684341
counter/4/0/0/0,32029:1747647676436:,1747647684341
counter/4/0/0/0,32030:1747647676436:,1747647684341
counter/4/0/0/0,32031:1747647676436:,1747647684341
counter/4/0/0/0,32032:1747647676436:,1747647684341
counter/4/0/0/0,32033:1747647676436:,1747647684341
counter/4/0/0/0,32034:1747647676436:,1747647684341
counter/4/0/0/0,32035:1747647676436:,1747647684341
counter/4/0/0/0,32036:1747647676436:,1747647684341
counter/10/0/0/0,28438:1747647671595:,1747647684341
counter/4/0/0/0,32037:1747647676436:,1747647684341
counter/7/0/0/0,34633:1747647678507:,1747647684341
counter/4/0/0/0,32038:1747647676436:,1747647684341
counter/10/0/0/0,28439:1747647671595:,1747647684341
counter/4/0/0/0,32039:1747647676436:,1747647684341
counter/10/0/0/0,28440:1747647671595:,1747647684341
counter/1/0/0/0,33601:1747647679205:,1747647684341
counter/4/0/0/0,32040:1747647676436:,1747647684341
counter/5/0/0/0,36317:1747647678738:,1747647684342
counter/7/0/0/0,34634:1747647678507:,1747647684342
counter/4/0/0/0,32041:1747647676436:,1747647684342
counter/4/0/0/0,32042:1747647676436:,1747647684342
counter/4/0/0/0,32043:1747647676437:,1747647684342
counter/4/0/0/0,32044:1747647676437:,1747647684342
counter/4/0/0/0,32045:1747647676438:,1747647684342
counter/4/0/0/0,32046:1747647676438:,1747647684342
counter/4/0/0/0,32047:1747647676438:,1747647684342
counter/4/0/0/0,32048:1747647676438:,1747647684342
counter/4/0/0/0,32049:1747647676438:,1747647684342
counter/4/0/0/0,32050:1747647676439:,1747647684342
counter/4/0/0/0,32051:1747647676439:,1747647684342
counter/4/0/0/0,32052:1747647676441:,1747647684342
counter/4/0/0/0,32053:1747647676441:,1747647684342
counter/4/0/0/0,32054:1747647676441:,1747647684342
counter/4/0/0/0,32055:1747647676441:,1747647684342
counter/4/0/0/0,32056:1747647676441:,1747647684342
counter/4/0/0/0,32057:1747647676441:,1747647684342
counter/4/0/0/0,32058:1747647676441:,1747647684342
counter/10/0/0/0,28441:1747647671595:,1747647684342
counter/4/0/0/0,32059:1747647676443:,1747647684342
counter/3/0/0/0,28722:1747647674126:,1747647684342
counter/4/0/0/0,32060:1747647676443:,1747647684342
counter/10/0/0/0,28442:1747647671595:,1747647684342
counter/5/0/0/0,36318:1747647678738:,1747647684342
counter/4/0/0/0,32061:1747647676474:,1747647684342
counter/10/0/0/0,28443:1747647671595:,1747647684342
counter/7/0/0/0,34635:1747647678507:,1747647684342
counter/4/0/0/0,32062:1747647676474:,1747647684342
counter/4/0/0/0,32063:1747647676474:,1747647684342
counter/4/0/0/0,32064:1747647676474:,1747647684342
counter/4/0/0/0,32065:1747647676474:,1747647684342
counter/4/0/0/0,32066:1747647676474:,1747647684342
counter/4/0/0/0,32067:1747647676474:,1747647684342
counter/4/0/0/0,32068:1747647676474:,1747647684342
counter/4/0/0/0,32069:1747647676474:,1747647684342
counter/4/0/0/0,32070:1747647676474:,1747647684342
counter/4/0/0/0,32071:1747647676474:,1747647684343
counter/4/0/0/0,32072:1747647676474:,1747647684343
counter/4/0/0/0,32073:1747647676474:,1747647684343
counter/5/0/0/0,36319:1747647678738:,1747647684343
counter/4/0/0/0,32074:1747647676474:,1747647684343
counter/5/0/0/0,36320:1747647678738:,1747647684343
counter/4/0/0/0,32075:1747647676474:,1747647684343
counter/5/0/0/0,36321:1747647678738:,1747647684343
counter/4/0/0/0,32076:1747647676474:,1747647684343
counter/5/0/0/0,36322:1747647678738:,1747647684343
counter/7/0/0/0,34636:1747647678507:,1747647684343
counter/4/0/0/0,32077:1747647676474:,1747647684343
counter/5/0/0/0,36323:1747647678738:,1747647684343
counter/3/0/0/0,28723:1747647674126:,1747647684343
counter/4/0/0/0,32078:1747647676476:,1747647684343
counter/5/0/0/0,36324:1747647678738:,1747647684343
counter/4/0/0/0,32079:1747647676476:,1747647684343
counter/4/0/0/0,32080:1747647676476:,1747647684343
counter/10/0/0/0,28444:1747647671595:,1747647684343
counter/5/0/0/0,36325:1747647678738:,1747647684343
counter/4/0/0/0,32081:1747647676476:,1747647684343
counter/10/0/0/0,28445:1747647671595:,1747647684343
counter/3/0/0/0,28724:1747647674126:,1747647684343
counter/4/0/0/0,32082:1747647676476:,1747647684343
counter/1/0/0/0,33602:1747647679205:,1747647684343
counter/7/0/0/0,34637:1747647678508:,1747647684343
counter/4/0/0/0,32083:1747647676476:,1747647684343
counter/4/0/0/0,32084:1747647676476:,1747647684343
counter/4/0/0/0,32085:1747647676476:,1747647684343
counter/4/0/0/0,32086:1747647676476:,1747647684343
counter/4/0/0/0,32087:1747647676476:,1747647684343
counter/4/0/0/0,32088:1747647676476:,1747647684343
counter/4/0/0/0,32089:1747647676476:,1747647684343
counter/4/0/0/0,32090:1747647676476:,1747647684343
counter/4/0/0/0,32091:1747647676476:,1747647684344
counter/4/0/0/0,32092:1747647676478:,1747647684344
counter/4/0/0/0,32093:1747647676478:,1747647684344
counter/4/0/0/0,32094:1747647676478:,1747647684344
counter/4/0/0/0,32095:1747647676478:,1747647684344
counter/4/0/0/0,32096:1747647676478:,1747647684344
counter/4/0/0/0,32097:1747647676478:,1747647684344
counter/4/0/0/0,32098:1747647676478:,1747647684344
counter/4/0/0/0,32099:1747647676483:,1747647684344
counter/4/0/0/0,32100:1747647676483:,1747647684344
counter/4/0/0/0,32101:1747647676483:,1747647684344
counter/4/0/0/0,32102:1747647676483:,1747647684344
counter/4/0/0/0,32103:1747647676483:,1747647684344
counter/4/0/0/0,32104:1747647676483:,1747647684344
counter/4/0/0/0,32105:1747647676483:,1747647684344
counter/4/0/0/0,32106:1747647676483:,1747647684344
counter/3/0/0/0,28725:1747647674126:,1747647684344
counter/4/0/0/0,32107:1747647676483:,1747647684344
counter/10/0/0/0,28446:1747647671595:,1747647684344
counter/4/0/0/0,32108:1747647676484:,1747647684344
counter/10/0/0/0,28447:1747647671603:,1747647684344
counter/5/0/0/0,36326:1747647678739:,1747647684344
counter/4/0/0/0,32109:1747647676484:,1747647684344
counter/10/0/0/0,28448:1747647671603:,1747647684344
counter/1/0/0/0,33603:1747647679205:,1747647684344
counter/4/0/0/0,32110:1747647676484:,1747647684344
counter/3/0/0/0,28726:1747647674127:,1747647684344
counter/4/0/0/0,32111:1747647676484:,1747647684344
counter/4/0/0/0,32112:1747647676484:,1747647684344
counter/4/0/0/0,32113:1747647676484:,1747647684344
counter/4/0/0/0,32114:1747647676484:,1747647684344
counter/4/0/0/0,32115:1747647676484:,1747647684344
counter/4/0/0/0,32116:1747647676484:,1747647684344
counter/4/0/0/0,32117:1747647676484:,1747647684344
counter/3/0/0/0,28727:1747647674127:,1747647684344
counter/4/0/0/0,32118:1747647676484:,1747647684344
counter/3/0/0/0,28728:1747647674127:,1747647684344
counter/4/0/0/0,32119:1747647676487:,1747647684344
counter/3/0/0/0,28729:1747647674127:,1747647684344
counter/4/0/0/0,32120:1747647676487:,1747647684344
counter/3/0/0/0,28730:1747647674127:,1747647684345
counter/4/0/0/0,32121:1747647676487:,1747647684345
counter/3/0/0/0,28731:1747647674127:,1747647684345
counter/5/0/0/0,36327:1747647678739:,1747647684345
counter/4/0/0/0,32122:1747647676487:,1747647684345
counter/3/0/0/0,28732:1747647674127:,1747647684345
counter/4/0/0/0,32123:1747647676487:,1747647684345
counter/3/0/0/0,28733:1747647674127:,1747647684345
counter/4/0/0/0,32124:1747647676487:,1747647684345
counter/10/0/0/0,28449:1747647671603:,1747647684345
counter/4/0/0/0,32125:1747647676487:,1747647684345
counter/7/0/0/0,34638:1747647678508:,1747647684345
counter/4/0/0/0,32126:1747647676487:,1747647684345
counter/10/0/0/0,28450:1747647671603:,1747647684345
counter/4/0/0/0,32127:1747647676487:,1747647684345
counter/3/0/0/0,28734:1747647674127:,1747647684345
counter/4/0/0/0,32128:1747647676487:,1747647684345
counter/7/0/0/0,34639:1747647678508:,1747647684345
counter/4/0/0/0,32129:1747647676487:,1747647684345
counter/7/0/0/0,34640:1747647678508:,1747647684345
counter/5/0/0/0,36328:1747647678739:,1747647684345
counter/4/0/0/0,32130:1747647676487:,1747647684345
counter/4/0/0/0,32131:1747647676487:,1747647684345
counter/4/0/0/0,32132:1747647676487:,1747647684345
counter/4/0/0/0,32133:1747647676487:,1747647684345
counter/4/0/0/0,32134:1747647676488:,1747647684345
counter/4/0/0/0,32135:1747647676488:,1747647684345
counter/4/0/0/0,32136:1747647676488:,1747647684345
counter/4/0/0/0,32137:1747647676488:,1747647684345
counter/4/0/0/0,32138:1747647676488:,1747647684345
counter/4/0/0/0,32139:1747647676488:,1747647684345
counter/4/0/0/0,32140:1747647676488:,1747647684345
counter/4/0/0/0,32141:1747647676488:,1747647684345
counter/4/0/0/0,32142:1747647676488:,1747647684345
counter/4/0/0/0,32143:1747647676491:,1747647684345
counter/4/0/0/0,32144:1747647676491:,1747647684345
counter/4/0/0/0,32145:1747647676491:,1747647684346
counter/4/0/0/0,32146:1747647676491:,1747647684346
counter/4/0/0/0,32147:1747647676491:,1747647684346
counter/4/0/0/0,32148:1747647676491:,1747647684346
counter/4/0/0/0,32149:1747647676492:,1747647684346
counter/4/0/0/0,32150:1747647676492:,1747647684346
counter/4/0/0/0,32151:1747647676492:,1747647684346
counter/4/0/0/0,32152:1747647676492:,1747647684346
counter/4/0/0/0,32153:1747647676492:,1747647684346
counter/4/0/0/0,32154:1747647676492:,1747647684346
counter/4/0/0/0,32155:1747647676492:,1747647684346
counter/4/0/0/0,32156:1747647676492:,1747647684346
counter/4/0/0/0,32157:1747647676492:,1747647684346
counter/4/0/0/0,32158:1747647676492:,1747647684346
counter/4/0/0/0,32159:1747647676492:,1747647684346
counter/4/0/0/0,32160:1747647676494:,1747647684346
counter/4/0/0/0,32161:1747647676494:,1747647684346
counter/4/0/0/0,32162:1747647676494:,1747647684346
counter/4/0/0/0,32163:1747647676494:,1747647684346
counter/4/0/0/0,32164:1747647676494:,1747647684346
counter/4/0/0/0,32165:1747647676494:,1747647684346
counter/4/0/0/0,32166:1747647676494:,1747647684346
counter/4/0/0/0,32167:1747647676494:,1747647684346
counter/4/0/0/0,32168:1747647676494:,1747647684346
counter/4/0/0/0,32169:1747647676494:,1747647684346
counter/4/0/0/0,32170:1747647676494:,1747647684346
counter/10/0/0/0,28451:1747647671603:,1747647684346
counter/4/0/0/0,32171:1747647676494:,1747647684346
counter/7/0/0/0,34641:1747647678508:,1747647684346
counter/4/0/0/0,32172:1747647676494:,1747647684346
counter/10/0/0/0,28452:1747647671609:,1747647684346
counter/4/0/0/0,32173:1747647676497:,1747647684346
counter/4/0/0/0,32174:1747647676497:,1747647684346
counter/10/0/0/0,28453:1747647671609:,1747647684346
counter/1/0/0/0,33604:1747647679206:,1747647684346
counter/4/0/0/0,32175:1747647676497:,1747647684346
counter/1/0/0/0,33605:1747647679215:,1747647684346
counter/3/0/0/0,28735:1747647674127:,1747647684347
counter/4/0/0/0,32176:1747647676497:,1747647684347
counter/1/0/0/0,33606:1747647679215:,1747647684347
counter/4/0/0/0,32177:1747647676497:,1747647684347
counter/1/0/0/0,33607:1747647679215:,1747647684347
counter/10/0/0/0,28454:1747647671609:,1747647684347
counter/7/0/0/0,34642:1747647678509:,1747647684347
counter/4/0/0/0,32178:1747647676497:,1747647684347
counter/1/0/0/0,33608:1747647679215:,1747647684347
counter/10/0/0/0,28455:1747647671609:,1747647684347
counter/4/0/0/0,32179:1747647676511:,1747647684347
counter/1/0/0/0,33609:1747647679215:,1747647684347
counter/4/0/0/0,32180:1747647676512:,1747647684347
counter/1/0/0/0,33610:1747647679215:,1747647684347
counter/3/0/0/0,28736:1747647674127:,1747647684347
counter/4/0/0/0,32181:1747647676512:,1747647684347
counter/1/0/0/0,33611:1747647679215:,1747647684347
counter/5/0/0/0,36329:1747647678739:,1747647684347
counter/7/0/0/0,34643:1747647678509:,1747647684347
counter/4/0/0/0,32182:1747647676512:,1747647684347
counter/1/0/0/0,33612:1747647679216:,1747647684347
counter/4/0/0/0,32183:1747647676512:,1747647684347
counter/1/0/0/0,33613:1747647679218:,1747647684347
counter/4/0/0/0,32184:1747647676512:,1747647684347
counter/1/0/0/0,33614:1747647679218:,1747647684347
counter/4/0/0/0,32185:1747647676512:,1747647684347
counter/1/0/0/0,33615:1747647679218:,1747647684347
counter/4/0/0/0,32186:1747647676512:,1747647684347
counter/1/0/0/0,33616:1747647679218:,1747647684347
counter/4/0/0/0,32187:1747647676513:,1747647684347
counter/1/0/0/0,33617:1747647679218:,1747647684347
counter/4/0/0/0,32188:1747647676513:,1747647684347
counter/1/0/0/0,33618:1747647679218:,1747647684347
counter/4/0/0/0,32189:1747647676513:,1747647684347
counter/1/0/0/0,33619:1747647679218:,1747647684347
counter/10/0/0/0,28456:1747647671609:,1747647684347
counter/5/0/0/0,36330:1747647678739:,1747647684348
counter/4/0/0/0,32190:1747647676513:,1747647684348
counter/1/0/0/0,33620:1747647679218:,1747647684348
counter/10/0/0/0,28457:1747647671609:,1747647684348
counter/4/0/0/0,32191:1747647676513:,1747647684348
counter/1/0/0/0,33621:1747647679218:,1747647684348
counter/4/0/0/0,32192:1747647676513:,1747647684348
counter/1/0/0/0,33622:1747647679218:,1747647684348
counter/4/0/0/0,32193:1747647676513:,1747647684348
counter/1/0/0/0,33623:1747647679218:,1747647684348
counter/4/0/0/0,32194:1747647676513:,1747647684348
counter/1/0/0/0,33624:1747647679219:,1747647684348
counter/4/0/0/0,32195:1747647676513:,1747647684348
counter/1/0/0/0,33625:1747647679219:,1747647684348
counter/4/0/0/0,32196:1747647676513:,1747647684348
counter/1/0/0/0,33626:1747647679219:,1747647684348
counter/4/0/0/0,32197:1747647676514:,1747647684348
counter/1/0/0/0,33627:1747647679219:,1747647684348
counter/10/0/0/0,28458:1747647671626:,1747647684348
counter/7/0/0/0,34644:1747647678509:,1747647684348
counter/4/0/0/0,32198:1747647676514:,1747647684348
counter/1/0/0/0,33628:1747647679219:,1747647684348
counter/10/0/0/0,28459:1747647671626:,1747647684348
counter/4/0/0/0,32199:1747647676514:,1747647684348
counter/1/0/0/0,33629:1747647679219:,1747647684348
counter/4/0/0/0,32200:1747647676514:,1747647684348
counter/1/0/0/0,33630:1747647679234:,1747647684348
counter/4/0/0/0,32201:1747647676514:,1747647684348
counter/1/0/0/0,33631:1747647679234:,1747647684348
counter/4/0/0/0,32202:1747647676514:,1747647684348
counter/1/0/0/0,33632:1747647679234:,1747647684348
counter/4/0/0/0,32203:1747647676514:,1747647684348
counter/1/0/0/0,33633:1747647679234:,1747647684348
counter/4/0/0/0,32204:1747647676514:,1747647684348
counter/1/0/0/0,33634:1747647679235:,1747647684348
counter/4/0/0/0,32205:1747647676514:,1747647684348
counter/1/0/0/0,33635:1747647679235:,1747647684349
counter/4/0/0/0,32206:1747647676514:,1747647684349
counter/1/0/0/0,33636:1747647679235:,1747647684349
counter/3/0/0/0,28737:1747647674127:,1747647684349
counter/4/0/0/0,32207:1747647676514:,1747647684349
counter/1/0/0/0,33637:1747647679235:,1747647684349
counter/10/0/0/0,28460:1747647671626:,1747647684349
counter/7/0/0/0,34645:1747647678509:,1747647684349
counter/4/0/0/0,32208:1747647676518:,1747647684349
counter/1/0/0/0,33638:1747647679235:,1747647684349
counter/10/0/0/0,28461:1747647671626:,1747647684349
counter/4/0/0/0,32209:1747647676518:,1747647684349
counter/1/0/0/0,33639:1747647679235:,1747647684349
counter/4/0/0/0,32210:1747647676518:,1747647684349
counter/1/0/0/0,33640:1747647679235:,1747647684349
counter/10/0/0/0,28462:1747647671626:,1747647684349
counter/3/0/0/0,28738:1747647674127:,1747647684349
counter/4/0/0/0,32211:1747647676518:,1747647684349
counter/1/0/0/0,33641:1747647679235:,1747647684349
counter/10/0/0/0,28463:1747647671626:,1747647684349
counter/4/0/0/0,32212:1747647676518:,1747647684349
counter/1/0/0/0,33642:1747647679235:,1747647684349
counter/4/0/0/0,32213:1747647676518:,1747647684349
counter/1/0/0/0,33643:1747647679235:,1747647684349
counter/4/0/0/0,32214:1747647676518:,1747647684349
counter/1/0/0/0,33644:1747647679235:,1747647684349
counter/4/0/0/0,32215:1747647676522:,1747647684349
counter/1/0/0/0,33645:1747647679235:,1747647684349
counter/4/0/0/0,32216:1747647676522:,1747647684349
counter/1/0/0/0,33646:1747647679236:,1747647684349
counter/4/0/0/0,32217:1747647676522:,1747647684349
counter/1/0/0/0,33647:1747647679236:,1747647684349
counter/4/0/0/0,32218:1747647676524:,1747647684349
counter/1/0/0/0,33648:1747647679236:,1747647684349
counter/4/0/0/0,32219:1747647676524:,1747647684349
counter/1/0/0/0,33649:1747647679236:,1747647684349
counter/4/0/0/0,32220:1747647676524:,1747647684349
counter/1/0/0/0,33650:1747647679236:,1747647684349
counter/4/0/0/0,32221:1747647676524:,1747647684349
counter/1/0/0/0,33651:1747647679236:,1747647684349
counter/4/0/0/0,32222:1747647676524:,1747647684349
counter/1/0/0/0,33652:1747647679236:,1747647684350
counter/4/0/0/0,32223:1747647676524:,1747647684350
counter/1/0/0/0,33653:1747647679236:,1747647684350
counter/4/0/0/0,32224:1747647676524:,1747647684350
counter/1/0/0/0,33654:1747647679236:,1747647684350
counter/4/0/0/0,32225:1747647676524:,1747647684350
counter/1/0/0/0,33655:1747647679236:,1747647684350
counter/4/0/0/0,32226:1747647676524:,1747647684350
counter/4/0/0/0,32227:1747647676524:,1747647684350
counter/4/0/0/0,32228:1747647676524:,1747647684350
counter/4/0/0/0,32229:1747647676524:,1747647684350
counter/4/0/0/0,32230:1747647676525:,1747647684350
counter/4/0/0/0,32231:1747647676525:,1747647684350
counter/4/0/0/0,32232:1747647676525:,1747647684350
counter/4/0/0/0,32233:1747647676525:,1747647684350
counter/4/0/0/0,32234:1747647676525:,1747647684350
counter/4/0/0/0,32235:1747647676537:,1747647684350
counter/4/0/0/0,32236:1747647676537:,1747647684350
counter/4/0/0/0,32237:1747647676537:,1747647684350
counter/4/0/0/0,32238:1747647676537:,1747647684350
counter/4/0/0/0,32239:1747647676537:,1747647684350
counter/4/0/0/0,32240:1747647676537:,1747647684350
counter/4/0/0/0,32241:1747647676537:,1747647684350
counter/4/0/0/0,32242:1747647676537:,1747647684350
counter/4/0/0/0,32243:1747647676537:,1747647684350
counter/4/0/0/0,32244:1747647676537:,1747647684350
counter/4/0/0/0,32245:1747647676537:,1747647684350
counter/4/0/0/0,32246:1747647676537:,1747647684350
counter/4/0/0/0,32247:1747647676537:,1747647684350
counter/4/0/0/0,32248:1747647676537:,1747647684350
counter/10/0/0/0,28464:1747647671626:,1747647684350
counter/4/0/0/0,32249:1747647676537:,1747647684350
counter/3/0/0/0,28739:1747647674128:,1747647684350
counter/4/0/0/0,32250:1747647676538:,1747647684350
counter/10/0/0/0,28465:1747647671626:,1747647684350
counter/5/0/0/0,36331:1747647678739:,1747647684350
counter/4/0/0/0,32251:1747647676538:,1747647684350
counter/1/0/0/0,33656:1747647679255:,1747647684350
counter/4/0/0/0,32252:1747647676538:,1747647684350
counter/10/0/0/0,28466:1747647671626:,1747647684351
counter/7/0/0/0,34646:1747647678509:,1747647684351
counter/4/0/0/0,32253:1747647676538:,1747647684351
counter/10/0/0/0,28467:1747647671626:,1747647684351
counter/1/0/0/0,33657:1747647679255:,1747647684351
counter/4/0/0/0,32254:1747647676538:,1747647684351
counter/10/0/0/0,28468:1747647671626:,1747647684351
counter/1/0/0/0,33658:1747647679256:,1747647684351
counter/4/0/0/0,32255:1747647676538:,1747647684351
counter/1/0/0/0,33659:1747647679260:,1747647684351
counter/4/0/0/0,32256:1747647676538:,1747647684351
counter/1/0/0/0,33660:1747647679260:,1747647684351
counter/4/0/0/0,32257:1747647676538:,1747647684351
counter/1/0/0/0,33661:1747647679260:,1747647684351
counter/4/0/0/0,32258:1747647676538:,1747647684351
counter/1/0/0/0,33662:1747647679260:,1747647684351
counter/4/0/0/0,32259:1747647676538:,1747647684351
counter/1/0/0/0,33663:1747647679260:,1747647684351
counter/4/0/0/0,32260:1747647676538:,1747647684351
counter/1/0/0/0,33664:1747647679260:,1747647684351
counter/4/0/0/0,32261:1747647676538:,1747647684351
counter/1/0/0/0,33665:1747647679260:,1747647684351
counter/7/0/0/0,34647:1747647678509:,1747647684351
counter/10/0/0/0,28469:1747647671626:,1747647684351
counter/4/0/0/0,32262:1747647676538:,1747647684351
counter/1/0/0/0,33666:1747647679260:,1747647684351
counter/5/0/0/0,36332:1747647678739:,1747647684351
counter/4/0/0/0,32263:1747647676538:,1747647684351
counter/1/0/0/0,33667:1747647679260:,1747647684351
counter/5/0/0/0,36333:1747647678739:,1747647684351
counter/4/0/0/0,32264:1747647676538:,1747647684351
counter/1/0/0/0,33668:1747647679260:,1747647684351
counter/3/0/0/0,28740:1747647674128:,1747647684351
counter/10/0/0/0,28470:1747647671628:,1747647684351
counter/4/0/0/0,32265:1747647676538:,1747647684351
counter/1/0/0/0,33669:1747647679260:,1747647684351
counter/4/0/0/0,32266:1747647676538:,1747647684351
counter/1/0/0/0,33670:1747647679260:,1747647684352
counter/4/0/0/0,32267:1747647676545:,1747647684352
counter/1/0/0/0,33671:1747647679260:,1747647684352
counter/4/0/0/0,32268:1747647676545:,1747647684352
counter/1/0/0/0,33672:1747647679260:,1747647684352
counter/4/0/0/0,32269:1747647676545:,1747647684352
counter/1/0/0/0,33673:1747647679260:,1747647684352
counter/4/0/0/0,32270:1747647676545:,1747647684352
counter/1/0/0/0,33674:1747647679260:,1747647684352
counter/10/0/0/0,28471:1747647671633:,1747647684352
counter/4/0/0/0,32271:1747647676545:,1747647684352
counter/1/0/0/0,33675:1747647679260:,1747647684352
counter/10/0/0/0,28472:1747647671633:,1747647684352
counter/5/0/0/0,36334:1747647678739:,1747647684352
counter/4/0/0/0,32272:1747647676546:,1747647684352
counter/1/0/0/0,33676:1747647679260:,1747647684352
counter/3/0/0/0,28741:1747647674128:,1747647684352
counter/4/0/0/0,32273:1747647676546:,1747647684352
counter/1/0/0/0,33677:1747647679261:,1747647684352
counter/3/0/0/0,28742:1747647674128:,1747647684352
counter/4/0/0/0,32274:1747647676556:,1747647684352
counter/1/0/0/0,33678:1747647679261:,1747647684352
counter/7/0/0/0,34648:1747647678509:,1747647684352
counter/5/0/0/0,36335:1747647678739:,1747647684352
counter/4/0/0/0,32275:1747647676556:,1747647684352
counter/1/0/0/0,33679:1747647679261:,1747647684352
counter/4/0/0/0,32276:1747647676556:,1747647684352
counter/1/0/0/0,33680:1747647679261:,1747647684352
counter/4/0/0/0,32277:1747647676557:,1747647684352
counter/1/0/0/0,33681:1747647679261:,1747647684352
counter/4/0/0/0,32278:1747647676557:,1747647684352
counter/1/0/0/0,33682:1747647679261:,1747647684352
counter/4/0/0/0,32279:1747647676557:,1747647684352
counter/1/0/0/0,33683:1747647679261:,1747647684352
counter/10/0/0/0,28473:1747647671633:,1747647684352
counter/4/0/0/0,32280:1747647676557:,1747647684352
counter/1/0/0/0,33684:1747647679261:,1747647684353
counter/10/0/0/0,28474:1747647671634:,1747647684353
counter/7/0/0/0,34649:1747647678515:,1747647684353
counter/4/0/0/0,32281:1747647676557:,1747647684353
counter/1/0/0/0,33685:1747647679261:,1747647684353
counter/7/0/0/0,34650:1747647678516:,1747647684353
counter/5/0/0/0,36336:1747647678741:,1747647684353
counter/4/0/0/0,32282:1747647676560:,1747647684353
counter/1/0/0/0,33686:1747647679261:,1747647684353
counter/7/0/0/0,34651:1747647678516:,1747647684353
counter/4/0/0/0,32283:1747647676560:,1747647684353
counter/1/0/0/0,33687:1747647679261:,1747647684353
counter/7/0/0/0,34652:1747647678516:,1747647684353
counter/4/0/0/0,32284:1747647676570:,1747647684353
counter/1/0/0/0,33688:1747647679261:,1747647684353
counter/7/0/0/0,34653:1747647678516:,1747647684353
counter/4/0/0/0,32285:1747647676570:,1747647684353
counter/1/0/0/0,33689:1747647679261:,1747647684353
counter/7/0/0/0,34654:1747647678516:,1747647684353
counter/5/0/0/0,36337:1747647678741:,1747647684353
counter/4/0/0/0,32286:1747647676570:,1747647684353
counter/1/0/0/0,33690:1747647679267:,1747647684353
counter/7/0/0/0,34655:1747647678516:,1747647684353
counter/5/0/0/0,36338:1747647678742:,1747647684353
counter/4/0/0/0,32287:1747647676570:,1747647684353
counter/1/0/0/0,33691:1747647679267:,1747647684353
counter/7/0/0/0,34656:1747647678516:,1747647684353
counter/5/0/0/0,36339:1747647678742:,1747647684353
counter/4/0/0/0,32288:1747647676570:,1747647684353
counter/1/0/0/0,33692:1747647679267:,1747647684353
counter/7/0/0/0,34657:1747647678516:,1747647684353
counter/5/0/0/0,36340:1747647678742:,1747647684353
counter/4/0/0/0,32289:1747647676570:,1747647684353
counter/1/0/0/0,33693:1747647679267:,1747647684353
counter/7/0/0/0,34658:1747647678516:,1747647684353
counter/5/0/0/0,36341:1747647678742:,1747647684353
counter/10/0/0/0,28475:1747647671634:,1747647684353
counter/4/0/0/0,32290:1747647676570:,1747647684353
counter/1/0/0/0,33694:1747647679272:,1747647684354
counter/7/0/0/0,34659:1747647678516:,1747647684354
counter/5/0/0/0,36342:1747647678742:,1747647684354
counter/10/0/0/0,28476:1747647671634:,1747647684354
counter/4/0/0/0,32291:1747647676570:,1747647684354
counter/1/0/0/0,33695:1747647679272:,1747647684354
counter/7/0/0/0,34660:1747647678516:,1747647684354
counter/5/0/0/0,36343:1747647678742:,1747647684354
counter/4/0/0/0,32292:1747647676570:,1747647684354
counter/1/0/0/0,33696:1747647679272:,1747647684354
counter/5/0/0/0,36344:1747647678742:,1747647684354
counter/3/0/0/0,28743:1747647674128:,1747647684354
counter/4/0/0/0,32293:1747647676570:,1747647684354
counter/1/0/0/0,33697:1747647679272:,1747647684354
counter/5/0/0/0,36345:1747647678742:,1747647684354
counter/7/0/0/0,34661:1747647678516:,1747647684354
counter/4/0/0/0,32294:1747647676573:,1747647684354
counter/1/0/0/0,33698:1747647679272:,1747647684354
counter/5/0/0/0,36346:1747647678742:,1747647684354
counter/4/0/0/0,32295:1747647676581:,1747647684354
counter/1/0/0/0,33699:1747647679272:,1747647684354
counter/5/0/0/0,36347:1747647678742:,1747647684354
counter/4/0/0/0,32296:1747647676581:,1747647684354
counter/5/0/0/0,36348:1747647678742:,1747647684354
counter/4/0/0/0,32297:1747647676581:,1747647684354
counter/5/0/0/0,36349:1747647678742:,1747647684354
counter/10/0/0/0,28477:1747647671634:,1747647684354
counter/4/0/0/0,32298:1747647676581:,1747647684354
counter/5/0/0/0,36350:1747647678742:,1747647684354
counter/4/0/0/0,32299:1747647676581:,1747647684354
counter/5/0/0/0,36351:1747647678742:,1747647684354
counter/4/0/0/0,32300:1747647676581:,1747647684354
counter/5/0/0/0,36352:1747647678742:,1747647684354
counter/4/0/0/0,32301:1747647676581:,1747647684354
counter/5/0/0/0,36353:1747647678742:,1747647684354
counter/4/0/0/0,32302:1747647676581:,1747647684355
counter/5/0/0/0,36354:1747647678744:,1747647684355
counter/4/0/0/0,32303:1747647676581:,1747647684355
counter/5/0/0/0,36355:1747647678745:,1747647684355
counter/10/0/0/0,28478:1747647671634:,1747647684355
counter/3/0/0/0,28744:1747647674128:,1747647684355
counter/4/0/0/0,32304:1747647676582:,1747647684355
counter/5/0/0/0,36356:1747647678746:,1747647684355
counter/10/0/0/0,28479:1747647671634:,1747647684355
counter/4/0/0/0,32305:1747647676582:,1747647684355
counter/5/0/0/0,36357:1747647678746:,1747647684355
counter/4/0/0/0,32306:1747647676582:,1747647684355
counter/5/0/0/0,36358:1747647678746:,1747647684355
counter/4/0/0/0,32307:1747647676582:,1747647684355
counter/5/0/0/0,36359:1747647678746:,1747647684355
counter/4/0/0/0,32308:1747647676582:,1747647684355
counter/5/0/0/0,36360:1747647678746:,1747647684355
counter/4/0/0/0,32309:1747647676582:,1747647684355
counter/7/0/0/0,34662:1747647678516:,1747647684355
counter/3/0/0/0,28745:1747647674128:,1747647684355
counter/4/0/0/0,32310:1747647676582:,1747647684355
counter/5/0/0/0,36361:1747647678746:,1747647684355
counter/4/0/0/0,32311:1747647676582:,1747647684355
counter/5/0/0/0,36362:1747647678749:,1747647684355
counter/4/0/0/0,32312:1747647676582:,1747647684355
counter/5/0/0/0,36363:1747647678749:,1747647684355
counter/10/0/0/0,28480:1747647671634:,1747647684355
counter/3/0/0/0,28746:1747647674128:,1747647684355
counter/4/0/0/0,32313:1747647676582:,1747647684355
counter/5/0/0/0,36364:1747647678756:,1747647684355
counter/10/0/0/0,28481:1747647671634:,1747647684355
counter/1/0/0/0,33700:1747647679272:,1747647684355
counter/7/0/0/0,34663:1747647678525:,1747647684355
counter/4/0/0/0,32314:1747647676582:,1747647684355
counter/4/0/0/0,32315:1747647676582:,1747647684355
counter/4/0/0/0,32316:1747647676582:,1747647684355
counter/4/0/0/0,32317:1747647676582:,1747647684355
counter/4/0/0/0,32318:1747647676582:,1747647684355
counter/4/0/0/0,32319:1747647676582:,1747647684356
counter/4/0/0/0,32320:1747647676582:,1747647684356
counter/4/0/0/0,32321:1747647676582:,1747647684356
counter/4/0/0/0,32322:1747647676583:,1747647684356
counter/4/0/0/0,32323:1747647676583:,1747647684356
counter/4/0/0/0,32324:1747647676583:,1747647684356
counter/4/0/0/0,32325:1747647676583:,1747647684356
counter/4/0/0/0,32326:1747647676583:,1747647684356
counter/5/0/0/0,36365:1747647678756:,1747647684356
counter/4/0/0/0,32327:1747647676583:,1747647684356
counter/4/0/0/0,32328:1747647676584:,1747647684356
counter/10/0/0/0,28482:1747647671634:,1747647684356
counter/4/0/0/0,32329:1747647676592:,1747647684356
counter/7/0/0/0,34664:1747647678525:,1747647684356
counter/4/0/0/0,32330:1747647676592:,1747647684356
counter/4/0/0/0,32331:1747647676592:,1747647684356
counter/4/0/0/0,32332:1747647676592:,1747647684356
counter/4/0/0/0,32333:1747647676592:,1747647684356
counter/4/0/0/0,32334:1747647676592:,1747647684356
counter/4/0/0/0,32335:1747647676592:,1747647684356
counter/4/0/0/0,32336:1747647676592:,1747647684356
counter/4/0/0/0,32337:1747647676595:,1747647684356
counter/4/0/0/0,32338:1747647676595:,1747647684356
counter/4/0/0/0,32339:1747647676595:,1747647684356
counter/3/0/0/0,28747:1747647674131:,1747647684356
counter/4/0/0/0,32340:1747647676595:,1747647684356
counter/4/0/0/0,32341:1747647676595:,1747647684356
counter/10/0/0/0,28483:1747647671643:,1747647684356
counter/4/0/0/0,32342:1747647676595:,1747647684356
counter/7/0/0/0,34665:1747647678525:,1747647684356
counter/4/0/0/0,32343:1747647676597:,1747647684356
counter/4/0/0/0,32344:1747647676597:,1747647684356
counter/4/0/0/0,32345:1747647676597:,1747647684356
counter/4/0/0/0,32346:1747647676597:,1747647684356
counter/4/0/0/0,32347:1747647676597:,1747647684356
counter/4/0/0/0,32348:1747647676597:,1747647684357
counter/4/0/0/0,32349:1747647676597:,1747647684357
counter/4/0/0/0,32350:1747647676605:,1747647684357
counter/4/0/0/0,32351:1747647676605:,1747647684357
counter/4/0/0/0,32352:1747647676605:,1747647684357
counter/4/0/0/0,32353:1747647676605:,1747647684357
counter/4/0/0/0,32354:1747647676605:,1747647684357
counter/10/0/0/0,28484:1747647671644:,1747647684357
counter/4/0/0/0,32355:1747647676605:,1747647684357
counter/5/0/0/0,36366:1747647678756:,1747647684357
counter/4/0/0/0,32356:1747647676605:,1747647684357
counter/10/0/0/0,28485:1747647671644:,1747647684357
counter/1/0/0/0,33701:1747647679273:,1747647684357
counter/4/0/0/0,32357:1747647676605:,1747647684357
counter/10/0/0/0,28486:1747647671644:,1747647684357
counter/4/0/0/0,32358:1747647676605:,1747647684357
counter/4/0/0/0,32359:1747647676605:,1747647684357
counter/4/0/0/0,32360:1747647676605:,1747647684357
counter/4/0/0/0,32361:1747647676605:,1747647684357
counter/4/0/0/0,32362:1747647676605:,1747647684357
counter/4/0/0/0,32363:1747647676605:,1747647684357
counter/4/0/0/0,32364:1747647676605:,1747647684357
counter/4/0/0/0,32365:1747647676605:,1747647684357
counter/4/0/0/0,32366:1747647676608:,1747647684357
counter/4/0/0/0,32367:1747647676608:,1747647684357
counter/4/0/0/0,32368:1747647676608:,1747647684357
counter/4/0/0/0,32369:1747647676608:,1747647684357
counter/4/0/0/0,32370:1747647676609:,1747647684357
counter/4/0/0/0,32371:1747647676609:,1747647684357
counter/4/0/0/0,32372:1747647676609:,1747647684357
counter/4/0/0/0,32373:1747647676609:,1747647684357
counter/4/0/0/0,32374:1747647676609:,1747647684357
counter/4/0/0/0,32375:1747647676609:,1747647684357
counter/4/0/0/0,32376:1747647676610:,1747647684357
counter/4/0/0/0,32377:1747647676610:,1747647684357
counter/4/0/0/0,32378:1747647676610:,1747647684357
counter/4/0/0/0,32379:1747647676610:,1747647684357
counter/4/0/0/0,32380:1747647676610:,1747647684357
counter/4/0/0/0,32381:1747647676610:,1747647684358
counter/4/0/0/0,32382:1747647676610:,1747647684358
counter/4/0/0/0,32383:1747647676610:,1747647684358
counter/4/0/0/0,32384:1747647676610:,1747647684358
counter/4/0/0/0,32385:1747647676610:,1747647684358
counter/4/0/0/0,32386:1747647676610:,1747647684358
counter/4/0/0/0,32387:1747647676614:,1747647684358
counter/10/0/0/0,28487:1747647671644:,1747647684358
counter/4/0/0/0,32388:1747647676614:,1747647684358
counter/10/0/0/0,28488:1747647671644:,1747647684358
counter/3/0/0/0,28748:1747647674131:,1747647684358
counter/4/0/0/0,32389:1747647676616:,1747647684358
counter/4/0/0/0,32390:1747647676616:,1747647684358
counter/4/0/0/0,32391:1747647676616:,1747647684358
counter/4/0/0/0,32392:1747647676616:,1747647684358
counter/4/0/0/0,32393:1747647676616:,1747647684358
counter/4/0/0/0,32394:1747647676616:,1747647684358
counter/4/0/0/0,32395:1747647676616:,1747647684358
counter/4/0/0/0,32396:1747647676616:,1747647684358
counter/4/0/0/0,32397:1747647676616:,1747647684358
counter/4/0/0/0,32398:1747647676616:,1747647684358
counter/4/0/0/0,32399:1747647676616:,1747647684358
counter/4/0/0/0,32400:1747647676616:,1747647684358
counter/4/0/0/0,32401:1747647676616:,1747647684358
counter/4/0/0/0,32402:1747647676616:,1747647684358
counter/10/0/0/0,28489:1747647671644:,1747647684358
counter/4/0/0/0,32403:1747647676619:,1747647684358
counter/7/0/0/0,34666:1747647678528:,1747647684358
counter/4/0/0/0,32404:1747647676619:,1747647684358
counter/4/0/0/0,32405:1747647676619:,1747647684358
counter/4/0/0/0,32406:1747647676619:,1747647684358
counter/4/0/0/0,32407:1747647676619:,1747647684358
counter/4/0/0/0,32408:1747647676619:,1747647684358
counter/4/0/0/0,32409:1747647676619:,1747647684358
counter/4/0/0/0,32410:1747647676619:,1747647684358
counter/4/0/0/0,32411:1747647676620:,1747647684358
counter/4/0/0/0,32412:1747647676620:,1747647684359
counter/4/0/0/0,32413:1747647676620:,1747647684359
counter/4/0/0/0,32414:1747647676620:,1747647684359
counter/4/0/0/0,32415:1747647676620:,1747647684359
counter/10/0/0/0,28490:1747647671644:,1747647684359
counter/4/0/0/0,32416:1747647676620:,1747647684359
counter/7/0/0/0,34667:1747647678528:,1747647684359
counter/4/0/0/0,32417:1747647676628:,1747647684359
counter/3/0/0/0,28749:1747647674131:,1747647684359
counter/4/0/0/0,32418:1747647676628:,1747647684359
counter/4/0/0/0,32419:1747647676628:,1747647684359
counter/4/0/0/0,32420:1747647676628:,1747647684359
counter/4/0/0/0,32421:1747647676628:,1747647684359
counter/4/0/0/0,32422:1747647676628:,1747647684359
counter/4/0/0/0,32423:1747647676628:,1747647684359
counter/4/0/0/0,32424:1747647676628:,1747647684359
counter/4/0/0/0,32425:1747647676629:,1747647684359
counter/4/0/0/0,32426:1747647676629:,1747647684359
counter/4/0/0/0,32427:1747647676629:,1747647684359
counter/4/0/0/0,32428:1747647676630:,1747647684359
counter/4/0/0/0,32429:1747647676630:,1747647684359
counter/4/0/0/0,32430:1747647676639:,1747647684359
counter/4/0/0/0,32431:1747647676639:,1747647684359
counter/4/0/0/0,32432:1747647676639:,1747647684359
counter/4/0/0/0,32433:1747647676639:,1747647684359
counter/4/0/0/0,32434:1747647676639:,1747647684359
counter/4/0/0/0,32435:1747647676640:,1747647684359
counter/4/0/0/0,32436:1747647676640:,1747647684359
counter/4/0/0/0,32437:1747647676640:,1747647684359
counter/4/0/0/0,32438:1747647676640:,1747647684359
counter/10/0/0/0,28491:1747647671644:,1747647684359
counter/4/0/0/0,32439:1747647676640:,1747647684359
counter/3/0/0/0,28750:1747647674131:,1747647684359
counter/4/0/0/0,32440:1747647676640:,1747647684359
counter/5/0/0/0,36367:1747647678756:,1747647684359
counter/4/0/0/0,32441:1747647676640:,1747647684359
counter/3/0/0/0,28751:1747647674139:,1747647684359
counter/7/0/0/0,34668:1747647678551:,1747647684360
counter/4/0/0/0,32442:1747647676640:,1747647684360
counter/4/0/0/0,32443:1747647676640:,1747647684360
counter/4/0/0/0,32444:1747647676640:,1747647684360
counter/4/0/0/0,32445:1747647676640:,1747647684360
counter/4/0/0/0,32446:1747647676640:,1747647684360
counter/4/0/0/0,32447:1747647676641:,1747647684360
counter/10/0/0/0,28492:1747647671644:,1747647684360
counter/4/0/0/0,32448:1747647676641:,1747647684360
counter/3/0/0/0,28752:1747647674139:,1747647684360
counter/4/0/0/0,32449:1747647676641:,1747647684360
counter/7/0/0/0,34669:1747647678553:,1747647684360
counter/4/0/0/0,32450:1747647676641:,1747647684360
counter/3/0/0/0,28753:1747647674139:,1747647684360
counter/4/0/0/0,32451:1747647676641:,1747647684360
counter/3/0/0/0,28754:1747647674139:,1747647684360
counter/1/0/0/0,33702:1747647679273:,1747647684360
counter/4/0/0/0,32452:1747647676641:,1747647684360
counter/3/0/0/0,28755:1747647674139:,1747647684360
counter/7/0/0/0,34670:1747647678555:,1747647684360
counter/4/0/0/0,32453:1747647676641:,1747647684360
counter/3/0/0/0,28756:1747647674139:,1747647684360
counter/5/0/0/0,36368:1747647678756:,1747647684360
counter/1/0/0/0,33703:1747647679274:,1747647684360
counter/4/0/0/0,32454:1747647676641:,1747647684360
counter/1/0/0/0,33704:1747647679276:,1747647684360
counter/4/0/0/0,32455:1747647676641:,1747647684360
counter/1/0/0/0,33705:1747647679276:,1747647684360
counter/4/0/0/0,32456:1747647676641:,1747647684360
counter/1/0/0/0,33706:1747647679276:,1747647684360
counter/4/0/0/0,32457:1747647676641:,1747647684360
counter/1/0/0/0,33707:1747647679276:,1747647684360
counter/4/0/0/0,32458:1747647676642:,1747647684360
counter/1/0/0/0,33708:1747647679276:,1747647684360
counter/4/0/0/0,32459:1747647676642:,1747647684360
counter/1/0/0/0,33709:1747647679276:,1747647684360
counter/5/0/0/0,36369:1747647678756:,1747647684360
counter/4/0/0/0,32460:1747647676642:,1747647684360
counter/1/0/0/0,33710:1747647679277:,1747647684360
counter/7/0/0/0,34671:1747647678555:,1747647684360
counter/4/0/0/0,32461:1747647676644:,1747647684361
counter/1/0/0/0,33711:1747647679277:,1747647684361
counter/7/0/0/0,34672:1747647678555:,1747647684361
counter/4/0/0/0,32462:1747647676645:,1747647684361
counter/1/0/0/0,33712:1747647679277:,1747647684361
counter/7/0/0/0,34673:1747647678559:,1747647684361
counter/4/0/0/0,32463:1747647676645:,1747647684361
counter/1/0/0/0,33713:1747647679277:,1747647684361
counter/7/0/0/0,34674:1747647678560:,1747647684361
counter/5/0/0/0,36370:1747647678756:,1747647684361
counter/4/0/0/0,32464:1747647676645:,1747647684361
counter/1/0/0/0,33714:1747647679277:,1747647684361
counter/7/0/0/0,34675:1747647678571:,1747647684361
counter/4/0/0/0,32465:1747647676645:,1747647684361
counter/1/0/0/0,33715:1747647679277:,1747647684361
counter/7/0/0/0,34676:1747647678571:,1747647684361
counter/10/0/0/0,28493:1747647671644:,1747647684361
counter/4/0/0/0,32466:1747647676645:,1747647684361
counter/1/0/0/0,33716:1747647679277:,1747647684361
counter/7/0/0/0,34677:1747647678571:,1747647684361
counter/4/0/0/0,32467:1747647676645:,1747647684361
counter/1/0/0/0,33717:1747647679277:,1747647684361
counter/7/0/0/0,34678:1747647678571:,1747647684361
counter/10/0/0/0,28494:1747647671644:,1747647684361
counter/4/0/0/0,32468:1747647676645:,1747647684361
counter/1/0/0/0,33718:1747647679277:,1747647684361
counter/7/0/0/0,34679:1747647678571:,1747647684361
counter/3/0/0/0,28757:1747647674139:,1747647684361
counter/4/0/0/0,32469:1747647676645:,1747647684361
counter/7/0/0/0,34680:1747647678571:,1747647684361
counter/3/0/0/0,28758:1747647674139:,1747647684361
counter/5/0/0/0,36371:1747647678756:,1747647684361
counter/4/0/0/0,32470:1747647676645:,1747647684361
counter/7/0/0/0,34681:1747647678574:,1747647684361
counter/5/0/0/0,36372:1747647678756:,1747647684362
counter/4/0/0/0,32471:1747647676645:,1747647684362
counter/5/0/0/0,36373:1747647678756:,1747647684362
counter/4/0/0/0,32472:1747647676645:,1747647684362
counter/5/0/0/0,36374:1747647678756:,1747647684362
counter/4/0/0/0,32473:1747647676645:,1747647684362
counter/5/0/0/0,36375:1747647678756:,1747647684362
counter/4/0/0/0,32474:1747647676645:,1747647684362
counter/5/0/0/0,36376:1747647678756:,1747647684362
counter/4/0/0/0,32475:1747647676645:,1747647684362
counter/5/0/0/0,36377:1747647678759:,1747647684362
counter/4/0/0/0,32476:1747647676645:,1747647684362
counter/3/0/0/0,28759:1747647674139:,1747647684362
counter/4/0/0/0,32477:1747647676645:,1747647684362
counter/5/0/0/0,36378:1747647678773:,1747647684362
counter/4/0/0/0,32478:1747647676666:,1747647684362
counter/4/0/0/0,32479:1747647676666:,1747647684362
counter/4/0/0/0,32480:1747647676675:,1747647684362
counter/4/0/0/0,32481:1747647676677:,1747647684362
counter/4/0/0/0,32482:1747647676677:,1747647684362
counter/4/0/0/0,32483:1747647676677:,1747647684362
counter/4/0/0/0,32484:1747647676677:,1747647684362
counter/7/0/0/0,34682:1747647678574:,1747647684362
counter/4/0/0/0,32485:1747647676677:,1747647684362
counter/4/0/0/0,32486:1747647676677:,1747647684362
counter/4/0/0/0,32487:1747647676677:,1747647684362
counter/3/0/0/0,28760:1747647674139:,1747647684362
counter/4/0/0/0,32488:1747647676678:,1747647684362
counter/3/0/0/0,28761:1747647674139:,1747647684362
counter/4/0/0/0,32489:1747647676678:,1747647684362
counter/4/0/0/0,32490:1747647676683:,1747647684362
counter/10/0/0/0,28495:1747647671644:,1747647684362
counter/4/0/0/0,32491:1747647676683:,1747647684362
counter/7/0/0/0,34683:1747647678575:,1747647684362
counter/4/0/0/0,32492:1747647676683:,1747647684362
counter/10/0/0/0,28496:1747647671649:,1747647684362
counter/5/0/0/0,36379:1747647678773:,1747647684362
counter/4/0/0/0,32493:1747647676683:,1747647684362
counter/10/0/0/0,28497:1747647671649:,1747647684363
counter/1/0/0/0,33719:1747647679277:,1747647684363
counter/4/0/0/0,32494:1747647676683:,1747647684363
counter/5/0/0/0,36380:1747647678774:,1747647684363
counter/4/0/0/0,32495:1747647676683:,1747647684363
counter/7/0/0/0,34684:1747647678575:,1747647684363
counter/4/0/0/0,32496:1747647676683:,1747647684363
counter/4/0/0/0,32497:1747647676683:,1747647684363
counter/4/0/0/0,32498:1747647676683:,1747647684363
counter/4/0/0/0,32499:1747647676683:,1747647684363
counter/4/0/0/0,32500:1747647676683:,1747647684363
counter/4/0/0/0,32501:1747647676683:,1747647684363
counter/4/0/0/0,32502:1747647676683:,1747647684363
counter/4/0/0/0,32503:1747647676684:,1747647684363
counter/4/0/0/0,32504:1747647676684:,1747647684363
counter/4/0/0/0,32505:1747647676684:,1747647684363
counter/4/0/0/0,32506:1747647676684:,1747647684363
counter/4/0/0/0,32507:1747647676684:,1747647684363
counter/4/0/0/0,32508:1747647676684:,1747647684363
counter/4/0/0/0,32509:1747647676684:,1747647684363
counter/4/0/0/0,32510:1747647676684:,1747647684363
counter/4/0/0/0,32511:1747647676685:,1747647684363
counter/4/0/0/0,32512:1747647676685:,1747647684363
counter/4/0/0/0,32513:1747647676689:,1747647684363
counter/4/0/0/0,32514:1747647676689:,1747647684363
counter/3/0/0/0,28762:1747647674139:,1747647684363
counter/4/0/0/0,32515:1747647676689:,1747647684363
counter/5/0/0/0,36381:1747647678774:,1747647684363
counter/4/0/0/0,32516:1747647676699:,1747647684363
counter/5/0/0/0,36382:1747647678774:,1747647684363
counter/7/0/0/0,34685:1747647678575:,1747647684363
counter/4/0/0/0,32517:1747647676700:,1747647684363
counter/5/0/0/0,36383:1747647678774:,1747647684363
counter/1/0/0/0,33720:1747647679277:,1747647684363
counter/4/0/0/0,32518:1747647676700:,1747647684363
counter/4/0/0/0,32519:1747647676700:,1747647684363
counter/4/0/0/0,32520:1747647676700:,1747647684363
counter/4/0/0/0,32521:1747647676700:,1747647684363
counter/4/0/0/0,32522:1747647676700:,1747647684363
counter/4/0/0/0,32523:1747647676700:,1747647684363
counter/10/0/0/0,28498:1747647671649:,1747647684364
counter/4/0/0/0,32524:1747647676700:,1747647684364
counter/4/0/0/0,32525:1747647676712:,1747647684364
counter/4/0/0/0,32526:1747647676712:,1747647684364
counter/4/0/0/0,32527:1747647676712:,1747647684364
counter/4/0/0/0,32528:1747647676712:,1747647684364
counter/4/0/0/0,32529:1747647676718:,1747647684364
counter/5/0/0/0,36384:1747647678784:,1747647684364
counter/10/0/0/0,28499:1747647671649:,1747647684364
counter/4/0/0/0,32530:1747647676718:,1747647684364
counter/7/0/0/0,34686:1747647678576:,1747647684364
counter/3/0/0/0,28763:1747647674139:,1747647684364
counter/4/0/0/0,32531:1747647676718:,1747647684364
counter/3/0/0/0,28764:1747647674139:,1747647684364
counter/4/0/0/0,32532:1747647676718:,1747647684364
counter/3/0/0/0,28765:1747647674139:,1747647684364
counter/4/0/0/0,32533:1747647676718:,1747647684364
counter/3/0/0/0,28766:1747647674148:,1747647684364
counter/4/0/0/0,32534:1747647676718:,1747647684364
counter/3/0/0/0,28767:1747647674148:,1747647684364
counter/4/0/0/0,32535:1747647676718:,1747647684364
counter/3/0/0/0,28768:1747647674148:,1747647684364
counter/5/0/0/0,36385:1747647678784:,1747647684364
counter/4/0/0/0,32536:1747647676718:,1747647684364
counter/3/0/0/0,28769:1747647674148:,1747647684364
counter/7/0/0/0,34687:1747647678576:,1747647684364
counter/4/0/0/0,32537:1747647676718:,1747647684364
counter/3/0/0/0,28770:1747647674148:,1747647684364
counter/4/0/0/0,32538:1747647676718:,1747647684364
counter/3/0/0/0,28771:1747647674148:,1747647684364
counter/4/0/0/0,32539:1747647676720:,1747647684364
counter/3/0/0/0,28772:1747647674148:,1747647684364
counter/4/0/0/0,32540:1747647676720:,1747647684364
counter/3/0/0/0,28773:1747647674148:,1747647684364
counter/4/0/0/0,32541:1747647676720:,1747647684364
counter/3/0/0/0,28774:1747647674148:,1747647684364
counter/4/0/0/0,32542:1747647676720:,1747647684365
counter/4/0/0/0,32543:1747647676720:,1747647684365
counter/4/0/0/0,32544:1747647676720:,1747647684365
counter/7/0/0/0,34688:1747647678576:,1747647684365
counter/4/0/0/0,32545:1747647676720:,1747647684365
counter/5/0/0/0,36386:1747647678784:,1747647684365
counter/4/0/0/0,32546:1747647676726:,1747647684365
counter/5/0/0/0,36387:1747647678784:,1747647684365
counter/3/0/0/0,28775:1747647674152:,1747647684365
counter/4/0/0/0,32547:1747647676729:,1747647684365
counter/4/0/0/0,32548:1747647676729:,1747647684365
counter/4/0/0/0,32549:1747647676729:,1747647684365
counter/4/0/0/0,32550:1747647676730:,1747647684365
counter/4/0/0/0,32551:1747647676747:,1747647684365
counter/4/0/0/0,32552:1747647676747:,1747647684365
counter/4/0/0/0,32553:1747647676747:,1747647684365
counter/4/0/0/0,32554:1747647676747:,1747647684365
counter/4/0/0/0,32555:1747647676747:,1747647684365
counter/4/0/0/0,32556:1747647676747:,1747647684365
counter/7/0/0/0,34689:1747647678576:,1747647684365
counter/4/0/0/0,32557:1747647676747:,1747647684365
counter/7/0/0/0,34690:1747647678576:,1747647684365
counter/4/0/0/0,32558:1747647676747:,1747647684365
counter/4/0/0/0,32559:1747647676747:,1747647684365
counter/5/0/0/0,36388:1747647678786:,1747647684365
counter/4/0/0/0,32560:1747647676747:,1747647684365
counter/3/0/0/0,28776:1747647674174:,1747647684365
counter/4/0/0/0,32561:1747647676748:,1747647684365
counter/4/0/0/0,32562:1747647676748:,1747647684365
counter/5/0/0/0,36389:1747647678786:,1747647684365
counter/4/0/0/0,32563:1747647676748:,1747647684365
counter/5/0/0/0,36390:1747647678786:,1747647684365
counter/4/0/0/0,32564:1747647676748:,1747647684365
counter/5/0/0/0,36391:1747647678786:,1747647684365
counter/4/0/0/0,32565:1747647676748:,1747647684365
counter/5/0/0/0,36392:1747647678786:,1747647684365
counter/4/0/0/0,32566:1747647676748:,1747647684365
counter/5/0/0/0,36393:1747647678786:,1747647684365
counter/7/0/0/0,34691:1747647678576:,1747647684365
counter/4/0/0/0,32567:1747647676752:,1747647684366
counter/5/0/0/0,36394:1747647678786:,1747647684366
counter/4/0/0/0,32568:1747647676752:,1747647684366
counter/5/0/0/0,36395:1747647678786:,1747647684366
counter/4/0/0/0,32569:1747647676753:,1747647684366
counter/5/0/0/0,36396:1747647678786:,1747647684366
counter/4/0/0/0,32570:1747647676753:,1747647684366
counter/4/0/0/0,32571:1747647676753:,1747647684366
counter/4/0/0/0,32572:1747647676753:,1747647684366
counter/4/0/0/0,32573:1747647676753:,1747647684366
counter/4/0/0/0,32574:1747647676753:,1747647684366
counter/4/0/0/0,32575:1747647676753:,1747647684366
counter/4/0/0/0,32576:1747647676753:,1747647684366
counter/4/0/0/0,32577:1747647676760:,1747647684366
counter/3/0/0/0,28777:1747647674174:,1747647684366
counter/4/0/0/0,32578:1747647676760:,1747647684366
counter/3/0/0/0,28778:1747647674174:,1747647684366
counter/4/0/0/0,32579:1747647676776:,1747647684366
counter/3/0/0/0,28779:1747647674174:,1747647684366
counter/4/0/0/0,32580:1747647676776:,1747647684366
counter/3/0/0/0,28780:1747647674174:,1747647684366
counter/4/0/0/0,32581:1747647676776:,1747647684366
counter/3/0/0/0,28781:1747647674174:,1747647684366
counter/4/0/0/0,32582:1747647676776:,1747647684366
counter/3/0/0/0,28782:1747647674174:,1747647684366
counter/4/0/0/0,32583:1747647676776:,1747647684366
counter/3/0/0/0,28783:1747647674174:,1747647684366
counter/4/0/0/0,32584:1747647676776:,1747647684366
counter/3/0/0/0,28784:1747647674175:,1747647684366
counter/4/0/0/0,32585:1747647676776:,1747647684366
counter/3/0/0/0,28785:1747647674175:,1747647684366
counter/4/0/0/0,32586:1747647676776:,1747647684366
counter/3/0/0/0,28786:1747647674175:,1747647684366
counter/4/0/0/0,32587:1747647676776:,1747647684366
counter/3/0/0/0,28787:1747647674175:,1747647684366
counter/4/0/0/0,32588:1747647676776:,1747647684366
counter/3/0/0/0,28788:1747647674175:,1747647684366
counter/4/0/0/0,32589:1747647676776:,1747647684367
counter/3/0/0/0,28789:1747647674175:,1747647684367
counter/4/0/0/0,32590:1747647676776:,1747647684367
counter/3/0/0/0,28790:1747647674175:,1747647684367
counter/5/0/0/0,36397:1747647678786:,1747647684367
counter/4/0/0/0,32591:1747647676776:,1747647684367
counter/3/0/0/0,28791:1747647674175:,1747647684367
counter/1/0/0/0,33721:1747647679277:,1747647684367
counter/4/0/0/0,32592:1747647676776:,1747647684367
counter/3/0/0/0,28792:1747647674195:,1747647684367
counter/1/0/0/0,33722:1747647679277:,1747647684367
counter/7/0/0/0,34692:1747647678576:,1747647684367
counter/4/0/0/0,32593:1747647676776:,1747647684367
counter/3/0/0/0,28793:1747647674195:,1747647684367
counter/7/0/0/0,34693:1747647678576:,1747647684367
counter/10/0/0/0,28500:1747647671649:,1747647684367
counter/4/0/0/0,32594:1747647676776:,1747647684367
counter/3/0/0/0,28794:1747647674195:,1747647684367
counter/1/0/0/0,33723:1747647679277:,1747647684367
counter/4/0/0/0,32595:1747647676776:,1747647684367
counter/3/0/0/0,28795:1747647674195:,1747647684367
counter/1/0/0/0,33724:1747647679277:,1747647684367
counter/4/0/0/0,32596:1747647676784:,1747647684367
counter/3/0/0/0,28796:1747647674195:,1747647684367
counter/1/0/0/0,33725:1747647679277:,1747647684367
counter/4/0/0/0,32597:1747647676784:,1747647684367
counter/3/0/0/0,28797:1747647674195:,1747647684367
counter/1/0/0/0,33726:1747647679277:,1747647684367
counter/4/0/0/0,32598:1747647676784:,1747647684367
counter/3/0/0/0,28798:1747647674195:,1747647684367
counter/1/0/0/0,33727:1747647679277:,1747647684367
counter/4/0/0/0,32599:1747647676784:,1747647684367
counter/3/0/0/0,28799:1747647674195:,1747647684367
counter/1/0/0/0,33728:1747647679278:,1747647684368
counter/4/0/0/0,32600:1747647676784:,1747647684368
counter/3/0/0/0,28800:1747647674195:,1747647684368
counter/4/0/0/0,32601:1747647676784:,1747647684368
counter/3/0/0/0,28801:1747647674195:,1747647684368
counter/4/0/0/0,32602:1747647676784:,1747647684368
counter/3/0/0/0,28802:1747647674195:,1747647684368
counter/4/0/0/0,32603:1747647676784:,1747647684368
counter/1/0/0/0,33729:1747647679278:,1747647684368
counter/4/0/0/0,32604:1747647676784:,1747647684368
counter/1/0/0/0,33730:1747647679278:,1747647684368
counter/4/0/0/0,32605:1747647676784:,1747647684368
counter/1/0/0/0,33731:1747647679278:,1747647684368
counter/4/0/0/0,32606:1747647676784:,1747647684368
counter/1/0/0/0,33732:1747647679278:,1747647684368
counter/4/0/0/0,32607:1747647676784:,1747647684368
counter/1/0/0/0,33733:1747647679280:,1747647684368
counter/4/0/0/0,32608:1747647676784:,1747647684368
counter/1/0/0/0,33734:1747647679280:,1747647684368
counter/4/0/0/0,32609:1747647676798:,1747647684368
counter/1/0/0/0,33735:1747647679280:,1747647684368
counter/4/0/0/0,32610:1747647676798:,1747647684368
counter/1/0/0/0,33736:1747647679280:,1747647684368
counter/4/0/0/0,32611:1747647676799:,1747647684368
counter/1/0/0/0,33737:1747647679280:,1747647684368
counter/4/0/0/0,32612:1747647676799:,1747647684368
counter/1/0/0/0,33738:1747647679280:,1747647684368
counter/4/0/0/0,32613:1747647676799:,1747647684368
counter/1/0/0/0,33739:1747647679280:,1747647684368
counter/4/0/0/0,32614:1747647676799:,1747647684368
counter/1/0/0/0,33740:1747647679291:,1747647684368
counter/4/0/0/0,32615:1747647676799:,1747647684368
counter/1/0/0/0,33741:1747647679291:,1747647684368
counter/4/0/0/0,32616:1747647676799:,1747647684369
counter/1/0/0/0,33742:1747647679291:,1747647684369
counter/4/0/0/0,32617:1747647676811:,1747647684369
counter/1/0/0/0,33743:1747647679291:,1747647684369
counter/4/0/0/0,32618:1747647676811:,1747647684369
counter/1/0/0/0,33744:1747647679291:,1747647684369
counter/4/0/0/0,32619:1747647676819:,1747647684369
counter/1/0/0/0,33745:1747647679291:,1747647684369
counter/4/0/0/0,32620:1747647676819:,1747647684369
counter/1/0/0/0,33746:1747647679291:,1747647684369
counter/4/0/0/0,32621:1747647676819:,1747647684369
counter/1/0/0/0,33747:1747647679293:,1747647684369
counter/5/0/0/0,36398:1747647678786:,1747647684369
counter/3/0/0/0,28803:1747647674195:,1747647684369
counter/4/0/0/0,32622:1747647676819:,1747647684369
counter/1/0/0/0,33748:1747647679294:,1747647684369
counter/7/0/0/0,34694:1747647678576:,1747647684369
counter/4/0/0/0,32623:1747647676823:,1747647684369
counter/1/0/0/0,33749:1747647679296:,1747647684369
counter/7/0/0/0,34695:1747647678578:,1747647684369
counter/4/0/0/0,32624:1747647676823:,1747647684369
counter/1/0/0/0,33750:1747647679296:,1747647684369
counter/7/0/0/0,34696:1747647678578:,1747647684369
counter/5/0/0/0,36399:1747647678786:,1747647684369
counter/4/0/0/0,32625:1747647676824:,1747647684369
counter/1/0/0/0,33751:1747647679296:,1747647684369
counter/5/0/0/0,36400:1747647678787:,1747647684369
counter/4/0/0/0,32626:1747647676824:,1747647684369
counter/1/0/0/0,33752:1747647679296:,1747647684369
counter/5/0/0/0,36401:1747647678787:,1747647684369
counter/4/0/0/0,32627:1747647676824:,1747647684369
counter/1/0/0/0,33753:1747647679296:,1747647684369
counter/5/0/0/0,36402:1747647678787:,1747647684369
counter/4/0/0/0,32628:1747647676824:,1747647684369
counter/1/0/0/0,33754:1747647679296:,1747647684370
counter/5/0/0/0,36403:1747647678787:,1747647684370
counter/4/0/0/0,32629:1747647676824:,1747647684370
counter/1/0/0/0,33755:1747647679296:,1747647684370
counter/5/0/0/0,36404:1747647678788:,1747647684370
counter/4/0/0/0,32630:1747647676824:,1747647684370
counter/1/0/0/0,33756:1747647679296:,1747647684370
counter/5/0/0/0,36405:1747647678788:,1747647684370
counter/4/0/0/0,32631:1747647676824:,1747647684370
counter/1/0/0/0,33757:1747647679296:,1747647684370
counter/5/0/0/0,36406:1747647678806:,1747647684370
counter/4/0/0/0,32632:1747647676824:,1747647684370
counter/1/0/0/0,33758:1747647679298:,1747647684370
counter/5/0/0/0,36407:1747647678806:,1747647684370
counter/4/0/0/0,32633:1747647676830:,1747647684370
counter/1/0/0/0,33759:1747647679298:,1747647684370
counter/5/0/0/0,36408:1747647678806:,1747647684370
counter/4/0/0/0,32634:1747647676830:,1747647684370
counter/1/0/0/0,33760:1747647679298:,1747647684370
counter/5/0/0/0,36409:1747647678806:,1747647684370
counter/4/0/0/0,32635:1747647676830:,1747647684370
counter/5/0/0/0,36410:1747647678806:,1747647684370
counter/4/0/0/0,32636:1747647676830:,1747647684370
counter/5/0/0/0,36411:1747647678806:,1747647684370
counter/4/0/0/0,32637:1747647676842:,1747647684370
counter/5/0/0/0,36412:1747647678806:,1747647684370
counter/4/0/0/0,32638:1747647676842:,1747647684370
counter/5/0/0/0,36413:1747647678806:,1747647684370
counter/4/0/0/0,32639:1747647676842:,1747647684370
counter/5/0/0/0,36414:1747647678806:,1747647684370
counter/4/0/0/0,32640:1747647676842:,1747647684370
counter/4/0/0/0,32641:1747647676842:,1747647684370
counter/7/0/0/0,34697:1747647678578:,1747647684370
counter/4/0/0/0,32642:1747647676842:,1747647684370
counter/4/0/0/0,32643:1747647676842:,1747647684370
counter/4/0/0/0,32644:1747647676842:,1747647684370
counter/4/0/0/0,32645:1747647676842:,1747647684371
counter/4/0/0/0,32646:1747647676842:,1747647684371
counter/10/0/0/0,28501:1747647671649:,1747647684371
counter/4/0/0/0,32647:1747647676842:,1747647684371
counter/5/0/0/0,36415:1747647678806:,1747647684371
counter/4/0/0/0,32648:1747647676842:,1747647684371
counter/10/0/0/0,28502:1747647671649:,1747647684371
counter/4/0/0/0,32649:1747647676842:,1747647684371
counter/4/0/0/0,32650:1747647676842:,1747647684371
counter/4/0/0/0,32651:1747647676842:,1747647684371
counter/4/0/0/0,32652:1747647676842:,1747647684371
counter/4/0/0/0,32653:1747647676843:,1747647684371
counter/4/0/0/0,32654:1747647676843:,1747647684371
counter/4/0/0/0,32655:1747647676843:,1747647684371
counter/4/0/0/0,32656:1747647676843:,1747647684371
counter/4/0/0/0,32657:1747647676843:,1747647684371
counter/4/0/0/0,32658:1747647676843:,1747647684371
counter/4/0/0/0,32659:1747647676843:,1747647684371
counter/4/0/0/0,32660:1747647676843:,1747647684371
counter/4/0/0/0,32661:1747647676843:,1747647684371
counter/3/0/0/0,28804:1747647674195:,1747647684371
counter/4/0/0/0,32662:1747647676843:,1747647684371
counter/7/0/0/0,34698:1747647678578:,1747647684371
counter/4/0/0/0,32663:1747647676843:,1747647684371
counter/4/0/0/0,32664:1747647676843:,1747647684371
counter/10/0/0/0,28503:1747647671649:,1747647684371
counter/5/0/0/0,36416:1747647678806:,1747647684371
counter/4/0/0/0,32665:1747647676843:,1747647684371
counter/10/0/0/0,28504:1747647671649:,1747647684371
counter/1/0/0/0,33761:1747647679298:,1747647684371
counter/4/0/0/0,32666:1747647676843:,1747647684371
counter/10/0/0/0,28505:1747647671649:,1747647684371
counter/7/0/0/0,34699:1747647678578:,1747647684371
counter/4/0/0/0,32667:1747647676843:,1747647684371
counter/10/0/0/0,28506:1747647671650:,1747647684371
counter/5/0/0/0,36417:1747647678806:,1747647684371
counter/4/0/0/0,32668:1747647676843:,1747647684371
counter/10/0/0/0,28507:1747647671650:,1747647684372
counter/4/0/0/0,32669:1747647676843:,1747647684372
counter/1/0/0/0,33762:1747647679301:,1747647684372
counter/4/0/0/0,32670:1747647676843:,1747647684372
counter/1/0/0/0,33763:1747647679309:,1747647684372
counter/4/0/0/0,32671:1747647676845:,1747647684372
counter/1/0/0/0,33764:1747647679309:,1747647684372
counter/4/0/0/0,32672:1747647676845:,1747647684372
counter/1/0/0/0,33765:1747647679310:,1747647684372
counter/4/0/0/0,32673:1747647676845:,1747647684372
counter/1/0/0/0,33766:1747647679310:,1747647684372
counter/5/0/0/0,36418:1747647678807:,1747647684372
counter/4/0/0/0,32674:1747647676846:,1747647684372
counter/1/0/0/0,33767:1747647679310:,1747647684372
counter/7/0/0/0,34700:1747647678578:,1747647684372
counter/3/0/0/0,28805:1747647674200:,1747647684372
counter/4/0/0/0,32675:1747647676846:,1747647684372
counter/1/0/0/0,33768:1747647679310:,1747647684372
counter/4/0/0/0,32676:1747647676851:,1747647684372
counter/1/0/0/0,33769:1747647679310:,1747647684372
counter/4/0/0/0,32677:1747647676851:,1747647684372
counter/1/0/0/0,33770:1747647679310:,1747647684372
counter/4/0/0/0,32678:1747647676852:,1747647684372
counter/1/0/0/0,33771:1747647679310:,1747647684372
counter/4/0/0/0,32679:1747647676852:,1747647684372
counter/1/0/0/0,33772:1747647679310:,1747647684372
counter/4/0/0/0,32680:1747647676852:,1747647684372
counter/1/0/0/0,33773:1747647679310:,1747647684372
counter/4/0/0/0,32681:1747647676864:,1747647684372
counter/1/0/0/0,33774:1747647679317:,1747647684372
counter/4/0/0/0,32682:1747647676864:,1747647684372
counter/1/0/0/0,33775:1747647679317:,1747647684372
counter/4/0/0/0,32683:1747647676864:,1747647684372
counter/1/0/0/0,33776:1747647679317:,1747647684373
counter/4/0/0/0,32684:1747647676864:,1747647684373
counter/1/0/0/0,33777:1747647679319:,1747647684373
counter/3/0/0/0,28806:1747647674200:,1747647684373
counter/4/0/0/0,32685:1747647676864:,1747647684373
counter/1/0/0/0,33778:1747647679322:,1747647684373
counter/5/0/0/0,36419:1747647678809:,1747647684373
counter/7/0/0/0,34701:1747647678578:,1747647684373
counter/4/0/0/0,32686:1747647676864:,1747647684373
counter/1/0/0/0,33779:1747647679322:,1747647684373
counter/4/0/0/0,32687:1747647676864:,1747647684373
counter/1/0/0/0,33780:1747647679322:,1747647684373
counter/4/0/0/0,32688:1747647676864:,1747647684373
counter/1/0/0/0,33781:1747647679322:,1747647684373
counter/3/0/0/0,28807:1747647674200:,1747647684373
counter/4/0/0/0,32689:1747647676865:,1747647684373
counter/1/0/0/0,33782:1747647679322:,1747647684373
counter/4/0/0/0,32690:1747647676865:,1747647684373
counter/1/0/0/0,33783:1747647679322:,1747647684373
counter/4/0/0/0,32691:1747647676865:,1747647684373
counter/1/0/0/0,33784:1747647679322:,1747647684373
counter/4/0/0/0,32692:1747647676865:,1747647684373
counter/1/0/0/0,33785:1747647679322:,1747647684373
counter/4/0/0/0,32693:1747647676865:,1747647684373
counter/1/0/0/0,33786:1747647679322:,1747647684373
counter/4/0/0/0,32694:1747647676865:,1747647684373
counter/1/0/0/0,33787:1747647679322:,1747647684373
counter/4/0/0/0,32695:1747647676865:,1747647684373
counter/1/0/0/0,33788:1747647679322:,1747647684373
counter/4/0/0/0,32696:1747647676875:,1747647684373
counter/1/0/0/0,33789:1747647679323:,1747647684373
counter/4/0/0/0,32697:1747647676875:,1747647684373
counter/1/0/0/0,33790:1747647679324:,1747647684373
counter/4/0/0/0,32698:1747647676875:,1747647684373
counter/1/0/0/0,33791:1747647679324:,1747647684373
counter/4/0/0/0,32699:1747647676875:,1747647684373
counter/1/0/0/0,33792:1747647679324:,1747647684373
counter/4/0/0/0,32700:1747647676875:,1747647684373
counter/1/0/0/0,33793:1747647679325:,1747647684373
counter/4/0/0/0,32701:1747647676877:,1747647684373
counter/4/0/0/0,32702:1747647676877:,1747647684373
counter/4/0/0/0,32703:1747647676877:,1747647684374
counter/4/0/0/0,32704:1747647676878:,1747647684374
counter/4/0/0/0,32705:1747647676878:,1747647684374
counter/4/0/0/0,32706:1747647676878:,1747647684374
counter/4/0/0/0,32707:1747647676879:,1747647684374
counter/4/0/0/0,32708:1747647676879:,1747647684374
counter/4/0/0/0,32709:1747647676879:,1747647684374
counter/4/0/0/0,32710:1747647676879:,1747647684374
counter/4/0/0/0,32711:1747647676879:,1747647684374
counter/4/0/0/0,32712:1747647676879:,1747647684374
counter/4/0/0/0,32713:1747647676879:,1747647684374
counter/4/0/0/0,32714:1747647676879:,1747647684374
counter/4/0/0/0,32715:1747647676879:,1747647684374
counter/4/0/0/0,32716:1747647676879:,1747647684374
counter/4/0/0/0,32717:1747647676879:,1747647684374
counter/5/0/0/0,36420:1747647678809:,1747647684374
counter/4/0/0/0,32718:1747647676880:,1747647684374
counter/7/0/0/0,34702:1747647678578:,1747647684374
counter/4/0/0/0,32719:1747647676886:,1747647684374
counter/7/0/0/0,34703:1747647678578:,1747647684374
counter/4/0/0/0,32720:1747647676886:,1747647684374
counter/7/0/0/0,34704:1747647678580:,1747647684374
counter/4/0/0/0,32721:1747647676886:,1747647684374
counter/7/0/0/0,34705:1747647678580:,1747647684374
counter/4/0/0/0,32722:1747647676886:,1747647684374
counter/3/0/0/0,28808:1747647674200:,1747647684374
counter/4/0/0/0,32723:1747647676886:,1747647684374
counter/4/0/0/0,32724:1747647676886:,1747647684374
counter/4/0/0/0,32725:1747647676886:,1747647684374
counter/4/0/0/0,32726:1747647676886:,1747647684374
counter/4/0/0/0,32727:1747647676890:,1747647684374
counter/4/0/0/0,32728:1747647676890:,1747647684374
counter/10/0/0/0,28508:1747647671650:,1747647684374
counter/1/0/0/0,33794:1747647679325:,1747647684374
counter/4/0/0/0,32729:1747647676894:,1747647684374
counter/1/0/0/0,33795:1747647679325:,1747647684374
counter/4/0/0/0,32730:1747647676894:,1747647684374
counter/1/0/0/0,33796:1747647679325:,1747647684374
counter/4/0/0/0,32731:1747647676894:,1747647684374
counter/1/0/0/0,33797:1747647679325:,1747647684375
counter/4/0/0/0,32732:1747647676894:,1747647684375
counter/1/0/0/0,33798:1747647679325:,1747647684375
counter/4/0/0/0,32733:1747647676894:,1747647684375
counter/1/0/0/0,33799:1747647679325:,1747647684375
counter/4/0/0/0,32734:1747647676894:,1747647684375
counter/1/0/0/0,33800:1747647679325:,1747647684375
counter/5/0/0/0,36421:1747647678809:,1747647684375
counter/4/0/0/0,32735:1747647676894:,1747647684375
counter/1/0/0/0,33801:1747647679325:,1747647684375
counter/7/0/0/0,34706:1747647678580:,1747647684375
counter/4/0/0/0,32736:1747647676894:,1747647684375
counter/1/0/0/0,33802:1747647679325:,1747647684375
counter/10/0/0/0,28509:1747647671650:,1747647684375
counter/4/0/0/0,32737:1747647676894:,1747647684375
counter/1/0/0/0,33803:1747647679325:,1747647684375
counter/10/0/0/0,28510:1747647671650:,1747647684375
counter/4/0/0/0,32738:1747647676894:,1747647684375
counter/4/0/0/0,32739:1747647676894:,1747647684375
counter/4/0/0/0,32740:1747647676894:,1747647684375
counter/4/0/0/0,32741:1747647676894:,1747647684375
counter/4/0/0/0,32742:1747647676894:,1747647684375
counter/4/0/0/0,32743:1747647676894:,1747647684375
counter/4/0/0/0,32744:1747647676894:,1747647684375
counter/4/0/0/0,32745:1747647676894:,1747647684375
counter/4/0/0/0,32746:1747647676894:,1747647684375
counter/4/0/0/0,32747:1747647676894:,1747647684375
counter/4/0/0/0,32748:1747647676895:,1747647684375
counter/4/0/0/0,32749:1747647676895:,1747647684375
counter/5/0/0/0,36422:1747647678809:,1747647684375
counter/4/0/0/0,32750:1747647676896:,1747647684375
counter/3/0/0/0,28809:1747647674200:,1747647684375
counter/4/0/0/0,32751:1747647676896:,1747647684375
counter/7/0/0/0,34707:1747647678580:,1747647684375
counter/4/0/0/0,32752:1747647676896:,1747647684375
counter/7/0/0/0,34708:1747647678580:,1747647684376
counter/4/0/0/0,32753:1747647676896:,1747647684376
counter/7/0/0/0,34709:1747647678580:,1747647684376
counter/4/0/0/0,32754:1747647676896:,1747647684376
counter/7/0/0/0,34710:1747647678580:,1747647684376
counter/10/0/0/0,28511:1747647671650:,1747647684376
counter/3/0/0/0,28810:1747647674200:,1747647684376
counter/4/0/0/0,32755:1747647676896:,1747647684376
counter/4/0/0/0,32756:1747647676896:,1747647684376
counter/4/0/0/0,32757:1747647676896:,1747647684376
counter/4/0/0/0,32758:1747647676896:,1747647684376
counter/4/0/0/0,32759:1747647676896:,1747647684376
counter/4/0/0/0,32760:1747647676896:,1747647684376
counter/4/0/0/0,32761:1747647676896:,1747647684376
counter/4/0/0/0,32762:1747647676896:,1747647684376
counter/4/0/0/0,32763:1747647676896:,1747647684376
counter/4/0/0/0,32764:1747647676896:,1747647684376
counter/4/0/0/0,32765:1747647676896:,1747647684376
counter/4/0/0/0,32766:1747647676896:,1747647684376
counter/4/0/0/0,32767:1747647676896:,1747647684376
counter/4/0/0/0,32768:1747647676896:,1747647684376
counter/4/0/0/0,32769:1747647676896:,1747647684376
counter/4/0/0/0,32770:1747647676896:,1747647684376
counter/4/0/0/0,32771:1747647676898:,1747647684376
counter/4/0/0/0,32772:1747647676898:,1747647684376
counter/4/0/0/0,32773:1747647676898:,1747647684376
counter/4/0/0/0,32774:1747647676898:,1747647684376
counter/4/0/0/0,32775:1747647676898:,1747647684376
counter/4/0/0/0,32776:1747647676898:,1747647684376
counter/4/0/0/0,32777:1747647676898:,1747647684376
counter/4/0/0/0,32778:1747647676898:,1747647684376
counter/4/0/0/0,32779:1747647676898:,1747647684376
counter/4/0/0/0,32780:1747647676898:,1747647684376
counter/4/0/0/0,32781:1747647676915:,1747647684376
counter/4/0/0/0,32782:1747647676921:,1747647684376
counter/4/0/0/0,32783:1747647676922:,1747647684376
counter/4/0/0/0,32784:1747647676922:,1747647684376
counter/4/0/0/0,32785:1747647676922:,1747647684376
counter/4/0/0/0,32786:1747647676922:,1747647684376
counter/4/0/0/0,32787:1747647676922:,1747647684376
counter/4/0/0/0,32788:1747647676922:,1747647684377
counter/4/0/0/0,32789:1747647676922:,1747647684377
counter/4/0/0/0,32790:1747647676929:,1747647684377
counter/4/0/0/0,32791:1747647676929:,1747647684377
counter/4/0/0/0,32792:1747647676930:,1747647684377
counter/4/0/0/0,32793:1747647676930:,1747647684377
counter/4/0/0/0,32794:1747647676930:,1747647684377
counter/4/0/0/0,32795:1747647676930:,1747647684377
counter/4/0/0/0,32796:1747647676930:,1747647684377
counter/4/0/0/0,32797:1747647676944:,1747647684377
counter/3/0/0/0,28811:1747647674200:,1747647684377
counter/4/0/0/0,32798:1747647676944:,1747647684377
counter/4/0/0/0,32799:1747647676944:,1747647684377
counter/4/0/0/0,32800:1747647676944:,1747647684377
counter/10/0/0/0,28512:1747647671650:,1747647684377
counter/4/0/0/0,32801:1747647676944:,1747647684377
counter/7/0/0/0,34711:1747647678580:,1747647684377
counter/4/0/0/0,32802:1747647676944:,1747647684377
counter/10/0/0/0,28513:1747647671651:,1747647684377
counter/1/0/0/0,33804:1747647679325:,1747647684377
counter/4/0/0/0,32803:1747647676944:,1747647684377
counter/10/0/0/0,28514:1747647671651:,1747647684377
counter/3/0/0/0,28812:1747647674200:,1747647684377
counter/4/0/0/0,32804:1747647676944:,1747647684377
counter/5/0/0/0,36423:1747647678809:,1747647684377
counter/4/0/0/0,32805:1747647676944:,1747647684377
counter/7/0/0/0,34712:1747647678580:,1747647684377
counter/1/0/0/0,33805:1747647679325:,1747647684377
counter/4/0/0/0,32806:1747647676944:,1747647684377
counter/1/0/0/0,33806:1747647679326:,1747647684377
counter/4/0/0/0,32807:1747647676945:,1747647684377
counter/1/0/0/0,33807:1747647679326:,1747647684377
counter/4/0/0/0,32808:1747647676945:,1747647684377
counter/1/0/0/0,33808:1747647679338:,1747647684377
counter/4/0/0/0,32809:1747647676950:,1747647684377
counter/1/0/0/0,33809:1747647679338:,1747647684377
counter/4/0/0/0,32810:1747647676950:,1747647684378
counter/1/0/0/0,33810:1747647679338:,1747647684378
counter/5/0/0/0,36424:1747647678809:,1747647684378
counter/4/0/0/0,32811:1747647676950:,1747647684378
counter/1/0/0/0,33811:1747647679338:,1747647684378
counter/3/0/0/0,28813:1747647674200:,1747647684378
counter/7/0/0/0,34713:1747647678580:,1747647684378
counter/4/0/0/0,32812:1747647676950:,1747647684378
counter/1/0/0/0,33812:1747647679338:,1747647684378
counter/10/0/0/0,28515:1747647671651:,1747647684378
counter/4/0/0/0,32813:1747647676950:,1747647684378
counter/1/0/0/0,33813:1747647679338:,1747647684378
counter/4/0/0/0,32814:1747647676950:,1747647684378
counter/1/0/0/0,33814:1747647679338:,1747647684378
counter/4/0/0/0,32815:1747647676950:,1747647684378
counter/1/0/0/0,33815:1747647679338:,1747647684378
counter/4/0/0/0,32816:1747647676950:,1747647684378
counter/1/0/0/0,33816:1747647679338:,1747647684378
counter/10/0/0/0,28516:1747647671651:,1747647684378
counter/4/0/0/0,32817:1747647676950:,1747647684378
counter/1/0/0/0,33817:1747647679338:,1747647684378
counter/3/0/0/0,28814:1747647674203:,1747647684378
counter/4/0/0/0,32818:1747647676951:,1747647684378
counter/1/0/0/0,33818:1747647679338:,1747647684378
counter/7/0/0/0,34714:1747647678580:,1747647684378
counter/4/0/0/0,32819:1747647676951:,1747647684378
counter/1/0/0/0,33819:1747647679338:,1747647684378
counter/4/0/0/0,32820:1747647676952:,1747647684378
counter/1/0/0/0,33820:1747647679338:,1747647684378
counter/10/0/0/0,28517:1747647671651:,1747647684378
counter/7/0/0/0,34715:1747647678585:,1747647684378
counter/4/0/0/0,32821:1747647676952:,1747647684378
counter/1/0/0/0,33821:1747647679338:,1747647684378
counter/5/0/0/0,36425:1747647678809:,1747647684378
counter/4/0/0/0,32822:1747647676952:,1747647684378
counter/1/0/0/0,33822:1747647679338:,1747647684378
counter/4/0/0/0,32823:1747647676952:,1747647684379
counter/1/0/0/0,33823:1747647679338:,1747647684379
counter/4/0/0/0,32824:1747647676963:,1747647684379
counter/1/0/0/0,33824:1747647679338:,1747647684379
counter/4/0/0/0,32825:1747647676963:,1747647684379
counter/1/0/0/0,33825:1747647679338:,1747647684379
counter/3/0/0/0,28815:1747647674203:,1747647684379
counter/4/0/0/0,32826:1747647676963:,1747647684379
counter/1/0/0/0,33826:1747647679338:,1747647684379
counter/10/0/0/0,28518:1747647671651:,1747647684379
counter/4/0/0/0,32827:1747647676963:,1747647684379
counter/1/0/0/0,33827:1747647679341:,1747647684379
counter/10/0/0/0,28519:1747647671652:,1747647684379
counter/7/0/0/0,34716:1747647678585:,1747647684379
counter/4/0/0/0,32828:1747647676963:,1747647684379
counter/1/0/0/0,33828:1747647679341:,1747647684379
counter/4/0/0/0,32829:1747647676963:,1747647684379
counter/1/0/0/0,33829:1747647679341:,1747647684379
counter/5/0/0/0,36426:1747647678809:,1747647684379
counter/4/0/0/0,32830:1747647676963:,1747647684379
counter/1/0/0/0,33830:1747647679341:,1747647684379
counter/10/0/0/0,28520:1747647671652:,1747647684379
counter/4/0/0/0,32831:1747647676963:,1747647684379
counter/1/0/0/0,33831:1747647679341:,1747647684379
counter/3/0/0/0,28816:1747647674203:,1747647684379
counter/4/0/0/0,32832:1747647676963:,1747647684379
counter/1/0/0/0,33832:1747647679343:,1747647684379
counter/10/0/0/0,28521:1747647671652:,1747647684379
counter/4/0/0/0,32833:1747647676963:,1747647684379
counter/1/0/0/0,33833:1747647679343:,1747647684379
counter/10/0/0/0,28522:1747647671652:,1747647684379
counter/7/0/0/0,34717:1747647678585:,1747647684379
counter/4/0/0/0,32834:1747647676963:,1747647684379
counter/1/0/0/0,33834:1747647679348:,1747647684379
counter/4/0/0/0,32835:1747647676963:,1747647684380
counter/1/0/0/0,33835:1747647679348:,1747647684380
counter/4/0/0/0,32836:1747647676963:,1747647684380
counter/1/0/0/0,33836:1747647679348:,1747647684380
counter/4/0/0/0,32837:1747647676964:,1747647684380
counter/1/0/0/0,33837:1747647679348:,1747647684380
counter/3/0/0/0,28817:1747647674203:,1747647684380
counter/4/0/0/0,32838:1747647676964:,1747647684380
counter/1/0/0/0,33838:1747647679348:,1747647684380
counter/10/0/0/0,28523:1747647671652:,1747647684380
counter/4/0/0/0,32839:1747647676964:,1747647684380
counter/1/0/0/0,33839:1747647679348:,1747647684380
counter/5/0/0/0,36427:1747647678809:,1747647684380
counter/4/0/0/0,32840:1747647676965:,1747647684380
counter/7/0/0/0,34718:1747647678585:,1747647684380
counter/3/0/0/0,28818:1747647674203:,1747647684380
counter/4/0/0/0,32841:1747647676965:,1747647684380
counter/3/0/0/0,28819:1747647674214:,1747647684380
counter/4/0/0/0,32842:1747647676971:,1747647684380
counter/3/0/0/0,28820:1747647674215:,1747647684380
counter/4/0/0/0,32843:1747647676971:,1747647684380
counter/3/0/0/0,28821:1747647674215:,1747647684380
counter/4/0/0/0,32844:1747647676971:,1747647684380
counter/3/0/0/0,28822:1747647674215:,1747647684380
counter/4/0/0/0,32845:1747647676971:,1747647684380
counter/3/0/0/0,28823:1747647674217:,1747647684380
counter/4/0/0/0,32846:1747647676971:,1747647684380
counter/3/0/0/0,28824:1747647674221:,1747647684380
counter/4/0/0/0,32847:1747647676972:,1747647684380
counter/3/0/0/0,28825:1747647674221:,1747647684380
counter/4/0/0/0,32848:1747647676972:,1747647684380
counter/3/0/0/0,28826:1747647674222:,1747647684380
counter/4/0/0/0,32849:1747647676972:,1747647684380
counter/3/0/0/0,28827:1747647674222:,1747647684380
counter/4/0/0/0,32850:1747647676972:,1747647684381
counter/3/0/0/0,28828:1747647674222:,1747647684381
counter/4/0/0/0,32851:1747647676976:,1747647684381
counter/3/0/0/0,28829:1747647674222:,1747647684381
counter/4/0/0/0,32852:1747647676976:,1747647684381
counter/3/0/0/0,28830:1747647674222:,1747647684381
counter/4/0/0/0,32853:1747647676976:,1747647684381
counter/3/0/0/0,28831:1747647674222:,1747647684381
counter/4/0/0/0,32854:1747647676976:,1747647684381
counter/3/0/0/0,28832:1747647674222:,1747647684381
counter/4/0/0/0,32855:1747647676976:,1747647684381
counter/3/0/0/0,28833:1747647674232:,1747647684381
counter/4/0/0/0,32856:1747647676985:,1747647684381
counter/3/0/0/0,28834:1747647674243:,1747647684381
counter/4/0/0/0,32857:1747647676985:,1747647684381
counter/3/0/0/0,28835:1747647674243:,1747647684381
counter/4/0/0/0,32858:1747647676985:,1747647684381
counter/3/0/0/0,28836:1747647674243:,1747647684381
counter/4/0/0/0,32859:1747647676985:,1747647684381
counter/3/0/0/0,28837:1747647674243:,1747647684381
counter/4/0/0/0,32860:1747647676996:,1747647684381
counter/3/0/0/0,28838:1747647674244:,1747647684381
counter/4/0/0/0,32861:1747647676996:,1747647684381
counter/3/0/0/0,28839:1747647674244:,1747647684381
counter/4/0/0/0,32862:1747647676996:,1747647684381
counter/3/0/0/0,28840:1747647674244:,1747647684381
counter/4/0/0/0,32863:1747647676996:,1747647684381
counter/3/0/0/0,28841:1747647674261:,1747647684381
counter/4/0/0/0,32864:1747647676996:,1747647684381
counter/3/0/0/0,28842:1747647674261:,1747647684381
counter/4/0/0/0,32865:1747647676996:,1747647684381
counter/3/0/0/0,28843:1747647674261:,1747647684381
counter/4/0/0/0,32866:1747647676996:,1747647684381
counter/3/0/0/0,28844:1747647674261:,1747647684381
counter/4/0/0/0,32867:1747647676996:,1747647684381
counter/3/0/0/0,28845:1747647674264:,1747647684381
counter/4/0/0/0,32868:1747647676996:,1747647684381
counter/3/0/0/0,28846:1747647674265:,1747647684381
counter/4/0/0/0,32869:1747647676996:,1747647684381
counter/3/0/0/0,28847:1747647674265:,1747647684381
counter/4/0/0/0,32870:1747647676996:,1747647684381
counter/3/0/0/0,28848:1747647674265:,1747647684381
counter/1/0/0/0,33840:1747647679348:,1747647684382
counter/4/0/0/0,32871:1747647676996:,1747647684382
counter/3/0/0/0,28849:1747647674265:,1747647684382
counter/4/0/0/0,32872:1747647677002:,1747647684382
counter/3/0/0/0,28850:1747647674265:,1747647684382
counter/10/0/0/0,28524:1747647671652:,1747647684382
counter/4/0/0/0,32873:1747647677002:,1747647684382
counter/3/0/0/0,28851:1747647674265:,1747647684382
counter/4/0/0/0,32874:1747647677002:,1747647684382
counter/3/0/0/0,28852:1747647674265:,1747647684382
counter/4/0/0/0,32875:1747647677002:,1747647684382
counter/3/0/0/0,28853:1747647674265:,1747647684382
counter/4/0/0/0,32876:1747647677002:,1747647684382
counter/3/0/0/0,28854:1747647674265:,1747647684382
counter/10/0/0/0,28525:1747647671654:,1747647684382
counter/7/0/0/0,34719:1747647678585:,1747647684382
counter/4/0/0/0,32877:1747647677014:,1747647684382
counter/5/0/0/0,36428:1747647678833:,1747647684382
counter/4/0/0/0,32878:1747647677014:,1747647684382
counter/4/0/0/0,32879:1747647677014:,1747647684382
counter/4/0/0/0,32880:1747647677014:,1747647684382
counter/4/0/0/0,32881:1747647677014:,1747647684382
counter/4/0/0/0,32882:1747647677014:,1747647684382
counter/4/0/0/0,32883:1747647677031:,1747647684382
counter/4/0/0/0,32884:1747647677031:,1747647684382
counter/4/0/0/0,32885:1747647677031:,1747647684382
counter/10/0/0/0,28526:1747647671654:,1747647684382
counter/4/0/0/0,32886:1747647677031:,1747647684382
counter/3/0/0/0,28855:1747647674265:,1747647684382
counter/7/0/0/0,34720:1747647678585:,1747647684382
counter/4/0/0/0,32887:1747647677031:,1747647684382
counter/4/0/0/0,32888:1747647677031:,1747647684382
counter/4/0/0/0,32889:1747647677031:,1747647684382
counter/10/0/0/0,28527:1747647671654:,1747647684382
counter/4/0/0/0,32890:1747647677031:,1747647684382
counter/7/0/0/0,34721:1747647678585:,1747647684382
counter/4/0/0/0,32891:1747647677031:,1747647684383
counter/10/0/0/0,28528:1747647671654:,1747647684383
counter/4/0/0/0,32892:1747647677031:,1747647684383
counter/4/0/0/0,32893:1747647677031:,1747647684383
counter/4/0/0/0,32894:1747647677044:,1747647684383
counter/4/0/0/0,32895:1747647677047:,1747647684383
counter/4/0/0/0,32896:1747647677047:,1747647684383
counter/4/0/0/0,32897:1747647677047:,1747647684383
counter/10/0/0/0,28529:1747647671654:,1747647684383
counter/4/0/0/0,32898:1747647677047:,1747647684383
counter/5/0/0/0,36429:1747647678833:,1747647684383
counter/10/0/0/0,28530:1747647671654:,1747647684383
counter/4/0/0/0,32899:1747647677047:,1747647684383
counter/3/0/0/0,28856:1747647674279:,1747647684383
counter/4/0/0/0,32900:1747647677047:,1747647684383
counter/1/0/0/0,33841:1747647679348:,1747647684383
counter/7/0/0/0,34722:1747647678586:,1747647684383
counter/4/0/0/0,32901:1747647677047:,1747647684383
counter/4/0/0/0,32902:1747647677047:,1747647684383
counter/4/0/0/0,32903:1747647677048:,1747647684383
counter/4/0/0/0,32904:1747647677048:,1747647684383
counter/4/0/0/0,32905:1747647677048:,1747647684383
counter/4/0/0/0,32906:1747647677048:,1747647684383
counter/4/0/0/0,32907:1747647677048:,1747647684383
counter/4/0/0/0,32908:1747647677048:,1747647684383
counter/4/0/0/0,32909:1747647677048:,1747647684383
counter/4/0/0/0,32910:1747647677048:,1747647684383
counter/4/0/0/0,32911:1747647677064:,1747647684383
counter/4/0/0/0,32912:1747647677064:,1747647684383
counter/4/0/0/0,32913:1747647677064:,1747647684383
counter/4/0/0/0,32914:1747647677065:,1747647684383
counter/4/0/0/0,32915:1747647677065:,1747647684383
counter/4/0/0/0,32916:1747647677065:,1747647684383
counter/4/0/0/0,32917:1747647677065:,1747647684384
counter/4/0/0/0,32918:1747647677065:,1747647684384
counter/4/0/0/0,32919:1747647677065:,1747647684384
counter/4/0/0/0,32920:1747647677065:,1747647684384
counter/4/0/0/0,32921:1747647677065:,1747647684384
counter/4/0/0/0,32922:1747647677065:,1747647684384
counter/4/0/0/0,32923:1747647677065:,1747647684384
counter/4/0/0/0,32924:1747647677065:,1747647684384
counter/4/0/0/0,32925:1747647677065:,1747647684384
counter/4/0/0/0,32926:1747647677065:,1747647684384
counter/4/0/0/0,32927:1747647677066:,1747647684384
counter/4/0/0/0,32928:1747647677066:,1747647684384
counter/4/0/0/0,32929:1747647677066:,1747647684384
counter/4/0/0/0,32930:1747647677066:,1747647684384
counter/4/0/0/0,32931:1747647677073:,1747647684384
counter/5/0/0/0,36430:1747647678833:,1747647684384
counter/4/0/0/0,32932:1747647677073:,1747647684384
counter/7/0/0/0,34723:1747647678596:,1747647684384
counter/4/0/0/0,32933:1747647677073:,1747647684384
counter/4/0/0/0,32934:1747647677073:,1747647684384
counter/4/0/0/0,32935:1747647677073:,1747647684384
counter/4/0/0/0,32936:1747647677073:,1747647684384
counter/4/0/0/0,32937:1747647677073:,1747647684384
counter/4/0/0/0,32938:1747647677073:,1747647684384
counter/4/0/0/0,32939:1747647677073:,1747647684384
counter/4/0/0/0,32940:1747647677075:,1747647684384
counter/4/0/0/0,32941:1747647677075:,1747647684384
counter/4/0/0/0,32942:1747647677075:,1747647684384
counter/4/0/0/0,32943:1747647677075:,1747647684384
counter/4/0/0/0,32944:1747647677075:,1747647684384
counter/4/0/0/0,32945:1747647677075:,1747647684384
counter/4/0/0/0,32946:1747647677075:,1747647684384
counter/4/0/0/0,32947:1747647677075:,1747647684384
counter/4/0/0/0,32948:1747647677088:,1747647684384
counter/4/0/0/0,32949:1747647677088:,1747647684384
counter/4/0/0/0,32950:1747647677088:,1747647684384
counter/4/0/0/0,32951:1747647677088:,1747647684384
counter/4/0/0/0,32952:1747647677088:,1747647684384
counter/4/0/0/0,32953:1747647677088:,1747647684385
counter/4/0/0/0,32954:1747647677088:,1747647684385
counter/4/0/0/0,32955:1747647677088:,1747647684385
counter/4/0/0/0,32956:1747647677088:,1747647684385
counter/4/0/0/0,32957:1747647677089:,1747647684385
counter/4/0/0/0,32958:1747647677089:,1747647684385
counter/3/0/0/0,28857:1747647674279:,1747647684385
counter/4/0/0/0,32959:1747647677089:,1747647684385
counter/5/0/0/0,36431:1747647678833:,1747647684385
counter/7/0/0/0,34724:1747647678596:,1747647684385
counter/4/0/0/0,32960:1747647677089:,1747647684385
counter/1/0/0/0,33842:1747647679348:,1747647684385
counter/4/0/0/0,32961:1747647677089:,1747647684385
counter/1/0/0/0,33843:1747647679348:,1747647684385
counter/4/0/0/0,32962:1747647677089:,1747647684385
counter/1/0/0/0,33844:1747647679348:,1747647684385
counter/4/0/0/0,32963:1747647677098:,1747647684385
counter/1/0/0/0,33845:1747647679349:,1747647684385
counter/4/0/0/0,32964:1747647677098:,1747647684385
counter/1/0/0/0,33846:1747647679349:,1747647684385
counter/3/0/0/0,28858:1747647674279:,1747647684385
counter/7/0/0/0,34725:1747647678597:,1747647684385
counter/4/0/0/0,32965:1747647677098:,1747647684385
counter/1/0/0/0,33847:1747647679349:,1747647684385
counter/4/0/0/0,32966:1747647677098:,1747647684385
counter/4/0/0/0,32967:1747647677099:,1747647684385
counter/4/0/0/0,32968:1747647677099:,1747647684385
counter/4/0/0/0,32969:1747647677099:,1747647684385
counter/4/0/0/0,32970:1747647677099:,1747647684385
counter/4/0/0/0,32971:1747647677099:,1747647684385
counter/4/0/0/0,32972:1747647677099:,1747647684385
counter/4/0/0/0,32973:1747647677100:,1747647684385
counter/4/0/0/0,32974:1747647677100:,1747647684385
counter/4/0/0/0,32975:1747647677100:,1747647684385
counter/4/0/0/0,32976:1747647677100:,1747647684385
counter/4/0/0/0,32977:1747647677100:,1747647684385
counter/3/0/0/0,28859:1747647674279:,1747647684385
counter/4/0/0/0,32978:1747647677100:,1747647684385
counter/4/0/0/0,32979:1747647677100:,1747647684385
counter/4/0/0/0,32980:1747647677115:,1747647684386
counter/10/0/0/0,28531:1747647671654:,1747647684386
counter/4/0/0/0,32981:1747647677115:,1747647684386
counter/5/0/0/0,36432:1747647678833:,1747647684386
counter/4/0/0/0,32982:1747647677115:,1747647684386
counter/4/0/0/0,32983:1747647677115:,1747647684386
counter/4/0/0/0,32984:1747647677116:,1747647684386
counter/4/0/0/0,32985:1747647677116:,1747647684386
counter/4/0/0/0,32986:1747647677116:,1747647684386
counter/4/0/0/0,32987:1747647677116:,1747647684386
counter/4/0/0/0,32988:1747647677116:,1747647684386
counter/4/0/0/0,32989:1747647677116:,1747647684386
counter/4/0/0/0,32990:1747647677116:,1747647684386
counter/4/0/0/0,32991:1747647677116:,1747647684386
counter/4/0/0/0,32992:1747647677116:,1747647684386
counter/4/0/0/0,32993:1747647677121:,1747647684386
counter/4/0/0/0,32994:1747647677121:,1747647684386
counter/4/0/0/0,32995:1747647677121:,1747647684386
counter/4/0/0/0,32996:1747647677121:,1747647684386
counter/4/0/0/0,32997:1747647677121:,1747647684386
counter/4/0/0/0,32998:1747647677121:,1747647684386
counter/4/0/0/0,32999:1747647677121:,1747647684386
counter/4/0/0/0,33000:1747647677121:,1747647684386
counter/4/0/0/0,33001:1747647677121:,1747647684386
counter/4/0/0/0,33002:1747647677125:,1747647684386
counter/3/0/0/0,28860:1747647674279:,1747647684386
counter/4/0/0/0,33003:1747647677125:,1747647684386
counter/1/0/0/0,33848:1747647679349:,1747647684386
counter/4/0/0/0,33004:1747647677125:,1747647684386
counter/4/0/0/0,33005:1747647677128:,1747647684386
counter/4/0/0/0,33006:1747647677128:,1747647684386
counter/7/0/0/0,34726:1747647678598:,1747647684386
counter/10/0/0/0,28532:1747647671654:,1747647684386
counter/4/0/0/0,33007:1747647677128:,1747647684386
counter/4/0/0/0,33008:1747647677128:,1747647684386
counter/4/0/0/0,33009:1747647677129:,1747647684386
counter/4/0/0/0,33010:1747647677129:,1747647684386
counter/4/0/0/0,33011:1747647677129:,1747647684386
counter/4/0/0/0,33012:1747647677131:,1747647684386
counter/4/0/0/0,33013:1747647677131:,1747647684387
counter/4/0/0/0,33014:1747647677131:,1747647684387
counter/4/0/0/0,33015:1747647677131:,1747647684387
counter/4/0/0/0,33016:1747647677131:,1747647684387
counter/4/0/0/0,33017:1747647677131:,1747647684387
counter/4/0/0/0,33018:1747647677131:,1747647684387
counter/4/0/0/0,33019:1747647677131:,1747647684387
counter/4/0/0/0,33020:1747647677131:,1747647684387
counter/4/0/0/0,33021:1747647677131:,1747647684387
counter/4/0/0/0,33022:1747647677131:,1747647684387
counter/4/0/0/0,33023:1747647677131:,1747647684387
counter/4/0/0/0,33024:1747647677132:,1747647684387
counter/4/0/0/0,33025:1747647677132:,1747647684387
counter/4/0/0/0,33026:1747647677132:,1747647684387
counter/4/0/0/0,33027:1747647677132:,1747647684387
counter/4/0/0/0,33028:1747647677140:,1747647684387
counter/4/0/0/0,33029:1747647677141:,1747647684387
counter/4/0/0/0,33030:1747647677141:,1747647684387
counter/4/0/0/0,33031:1747647677141:,1747647684387
counter/4/0/0/0,33032:1747647677141:,1747647684387
counter/4/0/0/0,33033:1747647677141:,1747647684387
counter/4/0/0/0,33034:1747647677141:,1747647684387
counter/4/0/0/0,33035:1747647677158:,1747647684387
counter/4/0/0/0,33036:1747647677159:,1747647684387
counter/4/0/0/0,33037:1747647677159:,1747647684387
counter/4/0/0/0,33038:1747647677159:,1747647684387
counter/3/0/0/0,28861:1747647674279:,1747647684387
counter/4/0/0/0,33039:1747647677159:,1747647684387
counter/1/0/0/0,33849:1747647679352:,1747647684387
counter/4/0/0/0,33040:1747647677159:,1747647684387
counter/5/0/0/0,36433:1747647678836:,1747647684387
counter/4/0/0/0,33041:1747647677159:,1747647684387
counter/4/0/0/0,33042:1747647677162:,1747647684387
counter/4/0/0/0,33043:1747647677162:,1747647684387
counter/4/0/0/0,33044:1747647677163:,1747647684387
counter/4/0/0/0,33045:1747647677163:,1747647684387
counter/4/0/0/0,33046:1747647677163:,1747647684387
counter/4/0/0/0,33047:1747647677167:,1747647684387
counter/4/0/0/0,33048:1747647677167:,1747647684387
counter/4/0/0/0,33049:1747647677167:,1747647684387
counter/4/0/0/0,33050:1747647677167:,1747647684387
counter/3/0/0/0,28862:1747647674279:,1747647684388
counter/4/0/0/0,33051:1747647677167:,1747647684388
counter/7/0/0/0,34727:1747647678598:,1747647684388
counter/4/0/0/0,33052:1747647677167:,1747647684388
counter/5/0/0/0,36434:1747647678836:,1747647684388
counter/4/0/0/0,33053:1747647677167:,1747647684388
counter/4/0/0/0,33054:1747647677167:,1747647684388
counter/4/0/0/0,33055:1747647677167:,1747647684388
counter/4/0/0/0,33056:1747647677167:,1747647684388
counter/4/0/0/0,33057:1747647677167:,1747647684388
counter/4/0/0/0,33058:1747647677167:,1747647684388
counter/4/0/0/0,33059:1747647677167:,1747647684388
counter/4/0/0/0,33060:1747647677167:,1747647684388
counter/4/0/0/0,33061:1747647677167:,1747647684388
counter/4/0/0/0,33062:1747647677168:,1747647684388
counter/4/0/0/0,33063:1747647677183:,1747647684388
counter/4/0/0/0,33064:1747647677183:,1747647684388
counter/4/0/0/0,33065:1747647677183:,1747647684388
counter/4/0/0/0,33066:1747647677183:,1747647684388
counter/4/0/0/0,33067:1747647677183:,1747647684388
counter/4/0/0/0,33068:1747647677183:,1747647684388
counter/4/0/0/0,33069:1747647677183:,1747647684388
counter/4/0/0/0,33070:1747647677183:,1747647684388
counter/4/0/0/0,33071:1747647677183:,1747647684388
counter/4/0/0/0,33072:1747647677183:,1747647684388
counter/4/0/0/0,33073:1747647677183:,1747647684388
counter/4/0/0/0,33074:1747647677183:,1747647684388
counter/4/0/0/0,33075:1747647677183:,1747647684388
counter/3/0/0/0,28863:1747647674279:,1747647684388
counter/4/0/0/0,33076:1747647677183:,1747647684388
counter/7/0/0/0,34728:1747647678598:,1747647684388
counter/4/0/0/0,33077:1747647677183:,1747647684388
counter/4/0/0/0,33078:1747647677183:,1747647684388
counter/4/0/0/0,33079:1747647677183:,1747647684388
counter/10/0/0/0,28533:1747647671654:,1747647684388
counter/4/0/0/0,33080:1747647677183:,1747647684388
counter/4/0/0/0,33081:1747647677183:,1747647684389
counter/4/0/0/0,33082:1747647677183:,1747647684389
counter/4/0/0/0,33083:1747647677183:,1747647684389
counter/4/0/0/0,33084:1747647677183:,1747647684389
counter/4/0/0/0,33085:1747647677184:,1747647684389
counter/4/0/0/0,33086:1747647677184:,1747647684389
counter/4/0/0/0,33087:1747647677184:,1747647684389
counter/4/0/0/0,33088:1747647677184:,1747647684389
counter/4/0/0/0,33089:1747647677184:,1747647684389
counter/4/0/0/0,33090:1747647677190:,1747647684389
counter/4/0/0/0,33091:1747647677201:,1747647684389
counter/4/0/0/0,33092:1747647677201:,1747647684389
counter/4/0/0/0,33093:1747647677201:,1747647684389
counter/4/0/0/0,33094:1747647677201:,1747647684389
counter/4/0/0/0,33095:1747647677201:,1747647684389
counter/4/0/0/0,33096:1747647677201:,1747647684389
counter/4/0/0/0,33097:1747647677201:,1747647684389
counter/4/0/0/0,33098:1747647677201:,1747647684389
counter/4/0/0/0,33099:1747647677201:,1747647684389
counter/4/0/0/0,33100:1747647677201:,1747647684389
counter/4/0/0/0,33101:1747647677201:,1747647684389
counter/4/0/0/0,33102:1747647677202:,1747647684389
counter/4/0/0/0,33103:1747647677202:,1747647684389
counter/4/0/0/0,33104:1747647677209:,1747647684389
counter/4/0/0/0,33105:1747647677209:,1747647684389
counter/4/0/0/0,33106:1747647677209:,1747647684389
counter/4/0/0/0,33107:1747647677209:,1747647684389
counter/4/0/0/0,33108:1747647677209:,1747647684389
counter/4/0/0/0,33109:1747647677209:,1747647684389
counter/4/0/0/0,33110:1747647677209:,1747647684389
counter/4/0/0/0,33111:1747647677228:,1747647684389
counter/4/0/0/0,33112:1747647677228:,1747647684389
counter/4/0/0/0,33113:1747647677228:,1747647684389
counter/4/0/0/0,33114:1747647677228:,1747647684389
counter/4/0/0/0,33115:1747647677228:,1747647684389
counter/4/0/0/0,33116:1747647677228:,1747647684389
counter/4/0/0/0,33117:1747647677229:,1747647684389
counter/4/0/0/0,33118:1747647677229:,1747647684389
counter/4/0/0/0,33119:1747647677229:,1747647684390
counter/4/0/0/0,33120:1747647677229:,1747647684390
counter/4/0/0/0,33121:1747647677229:,1747647684390
counter/4/0/0/0,33122:1747647677229:,1747647684390
counter/4/0/0/0,33123:1747647677229:,1747647684390
counter/3/0/0/0,28864:1747647674279:,1747647684390
counter/4/0/0/0,33124:1747647677230:,1747647684390
counter/7/0/0/0,34729:1747647678613:,1747647684390
counter/4/0/0/0,33125:1747647677230:,1747647684390
counter/5/0/0/0,36435:1747647678836:,1747647684390
counter/4/0/0/0,33126:1747647677230:,1747647684390
counter/4/0/0/0,33127:1747647677233:,1747647684390
counter/4/0/0/0,33128:1747647677233:,1747647684390
counter/4/0/0/0,33129:1747647677233:,1747647684390
counter/10/0/0/0,28534:1747647671654:,1747647684390
counter/3/0/0/0,28865:1747647674279:,1747647684390
counter/4/0/0/0,33130:1747647677235:,1747647684390
counter/7/0/0/0,34730:1747647678613:,1747647684390
counter/5/0/0/0,36436:1747647678836:,1747647684390
counter/4/0/0/0,33131:1747647677235:,1747647684390
counter/3/0/0/0,28866:1747647674279:,1747647684390
counter/4/0/0/0,33132:1747647677235:,1747647684390
counter/10/0/0/0,28535:1747647671656:,1747647684390
counter/7/0/0/0,34731:1747647678613:,1747647684390
counter/4/0/0/0,33133:1747647677235:,1747647684390
counter/10/0/0/0,28536:1747647671656:,1747647684390
counter/4/0/0/0,33134:1747647677239:,1747647684390
counter/4/0/0/0,33135:1747647677247:,1747647684390
counter/4/0/0/0,33136:1747647677247:,1747647684390
counter/4/0/0/0,33137:1747647677247:,1747647684390
counter/4/0/0/0,33138:1747647677247:,1747647684390
counter/4/0/0/0,33139:1747647677247:,1747647684390
counter/4/0/0/0,33140:1747647677249:,1747647684390
counter/4/0/0/0,33141:1747647677249:,1747647684390
counter/4/0/0/0,33142:1747647677249:,1747647684390
counter/4/0/0/0,33143:1747647677249:,1747647684391
counter/10/0/0/0,28537:1747647671656:,1747647684391
counter/5/0/0/0,36437:1747647678836:,1747647684391
counter/4/0/0/0,33144:1747647677249:,1747647684391
counter/7/0/0/0,34732:1747647678613:,1747647684391
counter/4/0/0/0,33145:1747647677249:,1747647684391
counter/4/0/0/0,33146:1747647677249:,1747647684391
counter/4/0/0/0,33147:1747647677249:,1747647684391
counter/4/0/0/0,33148:1747647677249:,1747647684391
counter/4/0/0/0,33149:1747647677249:,1747647684391
counter/4/0/0/0,33150:1747647677249:,1747647684391
counter/4/0/0/0,33151:1747647677265:,1747647684391
counter/4/0/0/0,33152:1747647677265:,1747647684391
counter/4/0/0/0,33153:1747647677265:,1747647684391
counter/4/0/0/0,33154:1747647677265:,1747647684391
counter/4/0/0/0,33155:1747647677265:,1747647684391
counter/4/0/0/0,33156:1747647677265:,1747647684391
counter/4/0/0/0,33157:1747647677286:,1747647684391
counter/3/0/0/0,28867:1747647674280:,1747647684391
counter/4/0/0/0,33158:1747647677286:,1747647684391
counter/7/0/0/0,34733:1747647678613:,1747647684391
counter/4/0/0/0,33159:1747647677286:,1747647684391
counter/5/0/0/0,36438:1747647678836:,1747647684391
counter/4/0/0/0,33160:1747647677315:,1747647684391
counter/4/0/0/0,33161:1747647677316:,1747647684391
counter/4/0/0/0,33162:1747647677316:,1747647684391
counter/4/0/0/0,33163:1747647677316:,1747647684391
counter/10/0/0/0,28538:1747647671656:,1747647684391
counter/3/0/0/0,28868:1747647674280:,1747647684391
counter/4/0/0/0,33164:1747647677316:,1747647684391
counter/7/0/0/0,34734:1747647678613:,1747647684391
counter/5/0/0/0,36439:1747647678836:,1747647684392
counter/4/0/0/0,33165:1747647677316:,1747647684392
counter/1/0/0/0,33850:1747647679352:,1747647684392
counter/4/0/0/0,33166:1747647677316:,1747647684392
counter/4/0/0/0,33167:1747647677316:,1747647684392
counter/1/0/0/0,33851:1747647679352:,1747647684392
counter/4/0/0/0,33168:1747647677316:,1747647684392
counter/1/0/0/0,33852:1747647679352:,1747647684392
counter/3/0/0/0,28869:1747647674280:,1747647684392
counter/4/0/0/0,33169:1747647677316:,1747647684392
counter/7/0/0/0,34735:1747647678613:,1747647684392
counter/5/0/0/0,36440:1747647678836:,1747647684392
counter/4/0/0/0,33170:1747647677316:,1747647684392
counter/4/0/0/0,33171:1747647677316:,1747647684392
counter/10/0/0/0,28539:1747647671656:,1747647684392
counter/4/0/0/0,33172:1747647677316:,1747647684392
counter/3/0/0/0,28870:1747647674280:,1747647684392
counter/4/0/0/0,33173:1747647677316:,1747647684392
counter/10/0/0/0,28540:1747647671656:,1747647684392
counter/5/0/0/0,36441:1747647678836:,1747647684392
counter/4/0/0/0,33174:1747647677319:,1747647684392
counter/10/0/0/0,28541:1747647671656:,1747647684392
counter/1/0/0/0,33853:1747647679352:,1747647684392
counter/4/0/0/0,33175:1747647677319:,1747647684392
counter/7/0/0/0,34736:1747647678615:,1747647684392
counter/3/0/0/0,28871:1747647674280:,1747647684392
counter/4/0/0/0,33176:1747647677320:,1747647684392
counter/4/0/0/0,33177:1747647677320:,1747647684392
counter/4/0/0/0,33178:1747647677320:,1747647684392
counter/4/0/0/0,33179:1747647677320:,1747647684392
counter/4/0/0/0,33180:1747647677320:,1747647684392
counter/4/0/0/0,33181:1747647677320:,1747647684392
counter/4/0/0/0,33182:1747647677320:,1747647684392
counter/4/0/0/0,33183:1747647677320:,1747647684392
counter/4/0/0/0,33184:1747647677320:,1747647684392
counter/4/0/0/0,33185:1747647677320:,1747647684392
counter/4/0/0/0,33186:1747647677320:,1747647684392
counter/4/0/0/0,33187:1747647677320:,1747647684392
counter/4/0/0/0,33188:1747647677320:,1747647684393
counter/4/0/0/0,33189:1747647677329:,1747647684393
counter/4/0/0/0,33190:1747647677329:,1747647684393
counter/4/0/0/0,33191:1747647677329:,1747647684393
counter/4/0/0/0,33192:1747647677329:,1747647684393
counter/4/0/0/0,33193:1747647677329:,1747647684393
counter/4/0/0/0,33194:1747647677329:,1747647684393
counter/4/0/0/0,33195:1747647677329:,1747647684393
counter/4/0/0/0,33196:1747647677329:,1747647684393
counter/4/0/0/0,33197:1747647677329:,1747647684393
counter/4/0/0/0,33198:1747647677329:,1747647684393
counter/4/0/0/0,33199:1747647677329:,1747647684393
counter/3/0/0/0,28872:1747647674280:,1747647684393
counter/4/0/0/0,33200:1747647677329:,1747647684393
counter/7/0/0/0,34737:1747647678615:,1747647684393
counter/4/0/0/0,33201:1747647677329:,1747647684393
counter/4/0/0/0,33202:1747647677330:,1747647684393
counter/4/0/0/0,33203:1747647677330:,1747647684393
counter/10/0/0/0,28542:1747647671656:,1747647684393
counter/4/0/0/0,33204:1747647677343:,1747647684393
counter/4/0/0/0,33205:1747647677343:,1747647684393
counter/4/0/0/0,33206:1747647677343:,1747647684393
counter/4/0/0/0,33207:1747647677344:,1747647684393
counter/4/0/0/0,33208:1747647677344:,1747647684393
counter/4/0/0/0,33209:1747647677346:,1747647684393
counter/4/0/0/0,33210:1747647677346:,1747647684393
counter/4/0/0/0,33211:1747647677346:,1747647684393
counter/4/0/0/0,33212:1747647677346:,1747647684393
counter/4/0/0/0,33213:1747647677346:,1747647684393
counter/4/0/0/0,33214:1747647677346:,1747647684393
counter/4/0/0/0,33215:1747647677346:,1747647684393
counter/4/0/0/0,33216:1747647677346:,1747647684393
counter/5/0/0/0,36442:1747647678836:,1747647684393
counter/4/0/0/0,33217:1747647677346:,1747647684393
counter/3/0/0/0,28873:1747647674280:,1747647684394
counter/4/0/0/0,33218:1747647677346:,1747647684394
counter/5/0/0/0,36443:1747647678836:,1747647684394
counter/4/0/0/0,33219:1747647677347:,1747647684394
counter/4/0/0/0,33220:1747647677347:,1747647684394
counter/4/0/0/0,33221:1747647677348:,1747647684394
counter/4/0/0/0,33222:1747647677348:,1747647684394
counter/4/0/0/0,33223:1747647677348:,1747647684394
counter/4/0/0/0,33224:1747647677348:,1747647684394
counter/4/0/0/0,33225:1747647677351:,1747647684394
counter/4/0/0/0,33226:1747647677351:,1747647684394
counter/4/0/0/0,33227:1747647677351:,1747647684394
counter/4/0/0/0,33228:1747647677351:,1747647684394
counter/4/0/0/0,33229:1747647677352:,1747647684394
counter/4/0/0/0,33230:1747647677352:,1747647684394
counter/4/0/0/0,33231:1747647677352:,1747647684394
counter/4/0/0/0,33232:1747647677352:,1747647684394
counter/4/0/0/0,33233:1747647677352:,1747647684394
counter/4/0/0/0,33234:1747647677352:,1747647684394
counter/4/0/0/0,33235:1747647677352:,1747647684394
counter/4/0/0/0,33236:1747647677352:,1747647684394
counter/4/0/0/0,33237:1747647677352:,1747647684394
counter/4/0/0/0,33238:1747647677352:,1747647684394
counter/4/0/0/0,33239:1747647677352:,1747647684394
counter/4/0/0/0,33240:1747647677352:,1747647684394
counter/4/0/0/0,33241:1747647677352:,1747647684394
counter/4/0/0/0,33242:1747647677352:,1747647684394
counter/4/0/0/0,33243:1747647677352:,1747647684394
counter/4/0/0/0,33244:1747647677352:,1747647684394
counter/4/0/0/0,33245:1747647677352:,1747647684394
counter/4/0/0/0,33246:1747647677352:,1747647684394
counter/4/0/0/0,33247:1747647677352:,1747647684394
counter/4/0/0/0,33248:1747647677352:,1747647684395
counter/10/0/0/0,28543:1747647671656:,1747647684395
counter/4/0/0/0,33249:1747647677352:,1747647684395
counter/5/0/0/0,36444:1747647678836:,1747647684395
counter/4/0/0/0,33250:1747647677352:,1747647684395
counter/10/0/0/0,28544:1747647671656:,1747647684395
counter/4/0/0/0,33251:1747647677352:,1747647684395
counter/4/0/0/0,33252:1747647677353:,1747647684395
counter/4/0/0/0,33253:1747647677353:,1747647684395
counter/4/0/0/0,33254:1747647677353:,1747647684395
counter/4/0/0/0,33255:1747647677354:,1747647684395
counter/7/0/0/0,34738:1747647678615:,1747647684395
counter/4/0/0/0,33256:1747647677354:,1747647684395
counter/3/0/0/0,28874:1747647674280:,1747647684395
counter/4/0/0/0,33257:1747647677354:,1747647684395
counter/5/0/0/0,36445:1747647678836:,1747647684395
counter/4/0/0/0,33258:1747647677354:,1747647684395
counter/4/0/0/0,33259:1747647677354:,1747647684395
counter/4/0/0/0,33260:1747647677364:,1747647684395
counter/4/0/0/0,33261:1747647677364:,1747647684395
counter/4/0/0/0,33262:1747647677364:,1747647684395
counter/4/0/0/0,33263:1747647677364:,1747647684395
counter/4/0/0/0,33264:1747647677364:,1747647684395
counter/4/0/0/0,33265:1747647677364:,1747647684395
counter/4/0/0/0,33266:1747647677365:,1747647684395
counter/4/0/0/0,33267:1747647677365:,1747647684395
counter/4/0/0/0,33268:1747647677365:,1747647684395
counter/4/0/0/0,33269:1747647677365:,1747647684395
counter/4/0/0/0,33270:1747647677365:,1747647684395
counter/4/0/0/0,33271:1747647677365:,1747647684395
counter/4/0/0/0,33272:1747647677365:,1747647684395
counter/4/0/0/0,33273:1747647677365:,1747647684395
counter/4/0/0/0,33274:1747647677365:,1747647684395
counter/4/0/0/0,33275:1747647677365:,1747647684395
counter/4/0/0/0,33276:1747647677365:,1747647684395
counter/4/0/0/0,33277:1747647677365:,1747647684395
counter/4/0/0/0,33278:1747647677365:,1747647684395
counter/4/0/0/0,33279:1747647677365:,1747647684395
counter/4/0/0/0,33280:1747647677365:,1747647684396
counter/4/0/0/0,33281:1747647677365:,1747647684396
counter/4/0/0/0,33282:1747647677366:,1747647684396
counter/4/0/0/0,33283:1747647677366:,1747647684396
counter/4/0/0/0,33284:1747647677366:,1747647684396
counter/4/0/0/0,33285:1747647677366:,1747647684396
counter/4/0/0/0,33286:1747647677366:,1747647684396
counter/4/0/0/0,33287:1747647677366:,1747647684396
counter/4/0/0/0,33288:1747647677366:,1747647684396
counter/4/0/0/0,33289:1747647677366:,1747647684396
counter/4/0/0/0,33290:1747647677366:,1747647684396
counter/4/0/0/0,33291:1747647677367:,1747647684396
counter/4/0/0/0,33292:1747647677367:,1747647684396
counter/4/0/0/0,33293:1747647677367:,1747647684396
counter/4/0/0/0,33294:1747647677368:,1747647684396
counter/4/0/0/0,33295:1747647677368:,1747647684396
counter/4/0/0/0,33296:1747647677368:,1747647684396
counter/4/0/0/0,33297:1747647677368:,1747647684396
counter/4/0/0/0,33298:1747647677370:,1747647684396
counter/4/0/0/0,33299:1747647677373:,1747647684396
counter/4/0/0/0,33300:1747647677373:,1747647684396
counter/4/0/0/0,33301:1747647677377:,1747647684396
counter/4/0/0/0,33302:1747647677377:,1747647684396
counter/4/0/0/0,33303:1747647677377:,1747647684396
counter/3/0/0/0,28875:1747647674280:,1747647684396
counter/4/0/0/0,33304:1747647677384:,1747647684396
counter/5/0/0/0,36446:1747647678836:,1747647684396
counter/7/0/0/0,34739:1747647678615:,1747647684396
counter/4/0/0/0,33305:1747647677384:,1747647684396
counter/1/0/0/0,33854:1747647679352:,1747647684396
counter/4/0/0/0,33306:1747647677384:,1747647684396
counter/4/0/0/0,33307:1747647677384:,1747647684396
counter/4/0/0/0,33308:1747647677384:,1747647684396
counter/10/0/0/0,28545:1747647671657:,1747647684396
counter/3/0/0/0,28876:1747647674280:,1747647684396
counter/4/0/0/0,33309:1747647677384:,1747647684396
counter/5/0/0/0,36447:1747647678836:,1747647684396
counter/7/0/0/0,34740:1747647678615:,1747647684396
counter/4/0/0/0,33310:1747647677385:,1747647684397
counter/1/0/0/0,33855:1747647679362:,1747647684397
counter/4/0/0/0,33311:1747647677385:,1747647684397
counter/1/0/0/0,33856:1747647679362:,1747647684397
counter/3/0/0/0,28877:1747647674280:,1747647684397
counter/4/0/0/0,33312:1747647677385:,1747647684397
counter/3/0/0/0,28878:1747647674280:,1747647684397
counter/4/0/0/0,33313:1747647677385:,1747647684397
counter/3/0/0/0,28879:1747647674280:,1747647684397
counter/1/0/0/0,33857:1747647679362:,1747647684397
counter/4/0/0/0,33314:1747647677385:,1747647684397
counter/3/0/0/0,28880:1747647674280:,1747647684397
counter/1/0/0/0,33858:1747647679362:,1747647684397
counter/4/0/0/0,33315:1747647677385:,1747647684397
counter/1/0/0/0,33859:1747647679362:,1747647684397
counter/4/0/0/0,33316:1747647677385:,1747647684397
counter/1/0/0/0,33860:1747647679363:,1747647684397
counter/4/0/0/0,33317:1747647677385:,1747647684397
counter/1/0/0/0,33861:1747647679365:,1747647684397
counter/7/0/0/0,34741:1747647678615:,1747647684397
counter/4/0/0/0,33318:1747647677385:,1747647684397
counter/1/0/0/0,33862:1747647679366:,1747647684397
counter/4/0/0/0,33319:1747647677385:,1747647684397
counter/1/0/0/0,33863:1747647679366:,1747647684397
counter/4/0/0/0,33320:1747647677385:,1747647684397
counter/1/0/0/0,33864:1747647679366:,1747647684397
counter/10/0/0/0,28546:1747647671657:,1747647684397
counter/5/0/0/0,36448:1747647678838:,1747647684397
counter/4/0/0/0,33321:1747647677385:,1747647684397
counter/1/0/0/0,33865:1747647679366:,1747647684397
counter/3/0/0/0,28881:1747647674280:,1747647684397
counter/4/0/0/0,33322:1747647677385:,1747647684397
counter/1/0/0/0,33866:1747647679366:,1747647684397
counter/4/0/0/0,33323:1747647677385:,1747647684397
counter/1/0/0/0,33867:1747647679366:,1747647684397
counter/4/0/0/0,33324:1747647677385:,1747647684397
counter/1/0/0/0,33868:1747647679367:,1747647684397
counter/4/0/0/0,33325:1747647677385:,1747647684398
counter/1/0/0/0,33869:1747647679367:,1747647684398
counter/4/0/0/0,33326:1747647677385:,1747647684398
counter/1/0/0/0,33870:1747647679367:,1747647684398
counter/10/0/0/0,28547:1747647671657:,1747647684398
counter/7/0/0/0,34742:1747647678615:,1747647684398
counter/4/0/0/0,33327:1747647677385:,1747647684398
counter/1/0/0/0,33871:1747647679375:,1747647684398
counter/10/0/0/0,28548:1747647671657:,1747647684398
counter/4/0/0/0,33328:1747647677385:,1747647684398
counter/1/0/0/0,33872:1747647679375:,1747647684398
counter/4/0/0/0,33329:1747647677385:,1747647684398
counter/1/0/0/0,33873:1747647679375:,1747647684398
counter/4/0/0/0,33330:1747647677385:,1747647684398
counter/1/0/0/0,33874:1747647679376:,1747647684398
counter/10/0/0/0,28549:1747647671657:,1747647684398
counter/5/0/0/0,36449:1747647678838:,1747647684398
counter/4/0/0/0,33331:1747647677385:,1747647684398
counter/1/0/0/0,33875:1747647679376:,1747647684398
counter/10/0/0/0,28550:1747647671657:,1747647684398
counter/3/0/0/0,28882:1747647674280:,1747647684398
counter/4/0/0/0,33332:1747647677385:,1747647684398
counter/1/0/0/0,33876:1747647679376:,1747647684398
counter/4/0/0/0,33333:1747647677385:,1747647684398
counter/1/0/0/0,33877:1747647679376:,1747647684398
counter/4/0/0/0,33334:1747647677410:,1747647684398
counter/1/0/0/0,33878:1747647679376:,1747647684398
counter/4/0/0/0,33335:1747647677410:,1747647684398
counter/1/0/0/0,33879:1747647679376:,1747647684398
counter/4/0/0/0,33336:1747647677410:,1747647684398
counter/1/0/0/0,33880:1747647679376:,1747647684398
counter/4/0/0/0,33337:1747647677410:,1747647684398
counter/4/0/0/0,33338:1747647677410:,1747647684398
counter/4/0/0/0,33339:1747647677410:,1747647684398
counter/4/0/0/0,33340:1747647677410:,1747647684398
counter/4/0/0/0,33341:1747647677410:,1747647684398
counter/4/0/0/0,33342:1747647677410:,1747647684398
counter/3/0/0/0,28883:1747647674280:,1747647684398
counter/4/0/0/0,33343:1747647677410:,1747647684398
counter/7/0/0/0,34743:1747647678615:,1747647684398
counter/4/0/0/0,33344:1747647677411:,1747647684398
counter/4/0/0/0,33345:1747647677411:,1747647684398
counter/10/0/0/0,28551:1747647671668:,1747647684399
counter/4/0/0/0,33346:1747647677411:,1747647684399
counter/5/0/0/0,36450:1747647678838:,1747647684399
counter/4/0/0/0,33347:1747647677411:,1747647684399
counter/10/0/0/0,28552:1747647671670:,1747647684399
counter/1/0/0/0,33881:1747647679376:,1747647684399
counter/4/0/0/0,33348:1747647677411:,1747647684399
counter/10/0/0/0,28553:1747647671670:,1747647684399
counter/7/0/0/0,34744:1747647678615:,1747647684399
counter/4/0/0/0,33349:1747647677411:,1747647684399
counter/4/0/0/0,33350:1747647677411:,1747647684399
counter/4/0/0/0,33351:1747647677411:,1747647684399
counter/4/0/0/0,33352:1747647677411:,1747647684399
counter/4/0/0/0,33353:1747647677411:,1747647684399
counter/4/0/0/0,33354:1747647677411:,1747647684399
counter/4/0/0/0,33355:1747647677411:,1747647684399
counter/4/0/0/0,33356:1747647677411:,1747647684399
counter/4/0/0/0,33357:1747647677411:,1747647684399
counter/4/0/0/0,33358:1747647677411:,1747647684399
counter/4/0/0/0,33359:1747647677411:,1747647684399
counter/4/0/0/0,33360:1747647677411:,1747647684399
counter/5/0/0/0,36451:1747647678838:,1747647684399
counter/4/0/0/0,33361:1747647677411:,1747647684399
counter/3/0/0/0,28884:1747647674280:,1747647684399
counter/4/0/0/0,33362:1747647677413:,1747647684399
counter/7/0/0/0,34745:1747647678615:,1747647684399
counter/4/0/0/0,33363:1747647677413:,1747647684399
counter/4/0/0/0,33364:1747647677413:,1747647684399
counter/4/0/0/0,33365:1747647677413:,1747647684399
counter/4/0/0/0,33366:1747647677413:,1747647684399
counter/4/0/0/0,33367:1747647677413:,1747647684399
counter/4/0/0/0,33368:1747647677413:,1747647684399
counter/4/0/0/0,33369:1747647677414:,1747647684399
counter/3/0/0/0,28885:1747647674280:,1747647684399
counter/4/0/0/0,33370:1747647677414:,1747647684399
counter/4/0/0/0,33371:1747647677414:,1747647684400
counter/10/0/0/0,28554:1747647671670:,1747647684400
counter/4/0/0/0,33372:1747647677414:,1747647684400
counter/5/0/0/0,36452:1747647678838:,1747647684400
counter/4/0/0/0,33373:1747647677414:,1747647684400
counter/1/0/0/0,33882:1747647679376:,1747647684400
counter/7/0/0/0,34746:1747647678616:,1747647684400
counter/4/0/0/0,33374:1747647677415:,1747647684400
counter/3/0/0/0,28886:1747647674280:,1747647684400
counter/4/0/0/0,33375:1747647677416:,1747647684400
counter/3/0/0/0,28887:1747647674280:,1747647684400
counter/4/0/0/0,33376:1747647677416:,1747647684400
counter/3/0/0/0,28888:1747647674280:,1747647684400
counter/4/0/0/0,33377:1747647677416:,1747647684400
counter/3/0/0/0,28889:1747647674280:,1747647684400
counter/4/0/0/0,33378:1747647677416:,1747647684400
counter/3/0/0/0,28890:1747647674280:,1747647684400
counter/4/0/0/0,33379:1747647677416:,1747647684400
counter/3/0/0/0,28891:1747647674280:,1747647684400
counter/4/0/0/0,33380:1747647677416:,1747647684400
counter/3/0/0/0,28892:1747647674280:,1747647684400
counter/4/0/0/0,33381:1747647677416:,1747647684400
counter/3/0/0/0,28893:1747647674280:,1747647684400
counter/4/0/0/0,33382:1747647677416:,1747647684400
counter/3/0/0/0,28894:1747647674280:,1747647684400
counter/4/0/0/0,33383:1747647677416:,1747647684400
counter/3/0/0/0,28895:1747647674280:,1747647684400
counter/4/0/0/0,33384:1747647677416:,1747647684400
counter/3/0/0/0,28896:1747647674280:,1747647684400
counter/4/0/0/0,33385:1747647677416:,1747647684400
counter/3/0/0/0,28897:1747647674280:,1747647684400
counter/4/0/0/0,33386:1747647677416:,1747647684400
counter/3/0/0/0,28898:1747647674280:,1747647684400
counter/4/0/0/0,33387:1747647677416:,1747647684400
counter/3/0/0/0,28899:1747647674280:,1747647684400
counter/4/0/0/0,33388:1747647677416:,1747647684400
counter/3/0/0/0,28900:1747647674281:,1747647684400
counter/4/0/0/0,33389:1747647677416:,1747647684400
counter/3/0/0/0,28901:1747647674288:,1747647684401
counter/4/0/0/0,33390:1747647677416:,1747647684401
counter/3/0/0/0,28902:1747647674288:,1747647684401
counter/4/0/0/0,33391:1747647677416:,1747647684401
counter/3/0/0/0,28903:1747647674289:,1747647684401
counter/4/0/0/0,33392:1747647677416:,1747647684401
counter/3/0/0/0,28904:1747647674289:,1747647684401
counter/4/0/0/0,33393:1747647677417:,1747647684401
counter/3/0/0/0,28905:1747647674289:,1747647684401
counter/4/0/0/0,33394:1747647677417:,1747647684401
counter/3/0/0/0,28906:1747647674289:,1747647684401
counter/4/0/0/0,33395:1747647677417:,1747647684401
counter/3/0/0/0,28907:1747647674289:,1747647684401
counter/4/0/0/0,33396:1747647677417:,1747647684401
counter/3/0/0/0,28908:1747647674289:,1747647684401
counter/4/0/0/0,33397:1747647677417:,1747647684401
counter/3/0/0/0,28909:1747647674289:,1747647684401
counter/4/0/0/0,33398:1747647677417:,1747647684401
counter/3/0/0/0,28910:1747647674289:,1747647684401
counter/4/0/0/0,33399:1747647677417:,1747647684401
counter/3/0/0/0,28911:1747647674300:,1747647684401
counter/4/0/0/0,33400:1747647677418:,1747647684401
counter/3/0/0/0,28912:1747647674301:,1747647684401
counter/4/0/0/0,33401:1747647677422:,1747647684401
counter/3/0/0/0,28913:1747647674301:,1747647684401
counter/4/0/0/0,33402:1747647677422:,1747647684401
counter/3/0/0/0,28914:1747647674301:,1747647684401
counter/4/0/0/0,33403:1747647677422:,1747647684401
counter/3/0/0/0,28915:1747647674301:,1747647684401
counter/4/0/0/0,33404:1747647677422:,1747647684401
counter/3/0/0/0,28916:1747647674301:,1747647684401
counter/4/0/0/0,33405:1747647677422:,1747647684401
counter/3/0/0/0,28917:1747647674301:,1747647684401
counter/1/0/0/0,33883:1747647679389:,1747647684401
counter/4/0/0/0,33406:1747647677422:,1747647684401
counter/3/0/0/0,28918:1747647674301:,1747647684401
counter/7/0/0/0,34747:1747647678617:,1747647684402
counter/4/0/0/0,33407:1747647677422:,1747647684402
counter/3/0/0/0,28919:1747647674301:,1747647684402
counter/4/0/0/0,33408:1747647677423:,1747647684402
counter/3/0/0/0,28920:1747647674301:,1747647684402
counter/4/0/0/0,33409:1747647677423:,1747647684402
counter/3/0/0/0,28921:1747647674301:,1747647684402
counter/1/0/0/0,33884:1747647679389:,1747647684402
counter/4/0/0/0,33410:1747647677423:,1747647684402
counter/3/0/0/0,28922:1747647674301:,1747647684402
counter/4/0/0/0,33411:1747647677423:,1747647684402
counter/3/0/0/0,28923:1747647674303:,1747647684402
counter/1/0/0/0,33885:1747647679406:,1747647684402
counter/4/0/0/0,33412:1747647677423:,1747647684402
counter/3/0/0/0,28924:1747647674303:,1747647684402
counter/1/0/0/0,33886:1747647679406:,1747647684402
counter/4/0/0/0,33413:1747647677423:,1747647684402
counter/3/0/0/0,28925:1747647674305:,1747647684402
counter/1/0/0/0,33887:1747647679406:,1747647684402
counter/4/0/0/0,33414:1747647677423:,1747647684402
counter/3/0/0/0,28926:1747647674305:,1747647684402
counter/1/0/0/0,33888:1747647679406:,1747647684402
counter/7/0/0/0,34748:1747647678617:,1747647684402
counter/4/0/0/0,33415:1747647677423:,1747647684402
counter/3/0/0/0,28927:1747647674308:,1747647684402
counter/1/0/0/0,33889:1747647679407:,1747647684402
counter/4/0/0/0,33416:1747647677423:,1747647684402
counter/3/0/0/0,28928:1747647674321:,1747647684402
counter/1/0/0/0,33890:1747647679407:,1747647684402
counter/10/0/0/0,28555:1747647671670:,1747647684402
counter/4/0/0/0,33417:1747647677441:,1747647684403
counter/3/0/0/0,28929:1747647674321:,1747647684403
counter/4/0/0/0,33418:1747647677465:,1747647684403
counter/3/0/0/0,28930:1747647674321:,1747647684403
counter/4/0/0/0,33419:1747647677465:,1747647684403
counter/3/0/0/0,28931:1747647674321:,1747647684403
counter/10/0/0/0,28556:1747647671670:,1747647684403
counter/4/0/0/0,33420:1747647677490:,1747647684403
counter/3/0/0/0,28932:1747647674325:,1747647684403
counter/4/0/0/0,33421:1747647677490:,1747647684403
counter/3/0/0/0,28933:1747647674325:,1747647684403
counter/1/0/0/0,33891:1747647679407:,1747647684403
counter/4/0/0/0,33422:1747647677490:,1747647684403
counter/3/0/0/0,28934:1747647674326:,1747647684403
counter/4/0/0/0,33423:1747647677490:,1747647684403
counter/3/0/0/0,28935:1747647674326:,1747647684403
counter/7/0/0/0,34749:1747647678618:,1747647684403
counter/4/0/0/0,33424:1747647677490:,1747647684403
counter/3/0/0/0,28936:1747647674326:,1747647684403
counter/4/0/0/0,33425:1747647677490:,1747647684403
counter/3/0/0/0,28937:1747647674326:,1747647684403
counter/4/0/0/0,33426:1747647677490:,1747647684403
counter/3/0/0/0,28938:1747647674326:,1747647684403
counter/4/0/0/0,33427:1747647677490:,1747647684403
counter/3/0/0/0,28939:1747647674326:,1747647684403
counter/4/0/0/0,33428:1747647677490:,1747647684403
counter/3/0/0/0,28940:1747647674326:,1747647684403
counter/4/0/0/0,33429:1747647677490:,1747647684403
counter/3/0/0/0,28941:1747647674330:,1747647684403
counter/4/0/0/0,33430:1747647677503:,1747647684403
counter/3/0/0/0,28942:1747647674330:,1747647684403
counter/4/0/0/0,33431:1747647677503:,1747647684403
counter/3/0/0/0,28943:1747647674330:,1747647684403
counter/4/0/0/0,33432:1747647677503:,1747647684403
counter/3/0/0/0,28944:1747647674330:,1747647684403
counter/4/0/0/0,33433:1747647677503:,1747647684403
counter/3/0/0/0,28945:1747647674330:,1747647684403
counter/4/0/0/0,33434:1747647677503:,1747647684403
counter/3/0/0/0,28946:1747647674330:,1747647684403
counter/4/0/0/0,33435:1747647677503:,1747647684404
counter/3/0/0/0,28947:1747647674338:,1747647684404
counter/1/0/0/0,33892:1747647679414:,1747647684404
counter/4/0/0/0,33436:1747647677503:,1747647684404
counter/3/0/0/0,28948:1747647674338:,1747647684404
counter/10/0/0/0,28557:1747647671670:,1747647684404
counter/7/0/0/0,34750:1747647678618:,1747647684404
counter/4/0/0/0,33437:1747647677503:,1747647684404
counter/3/0/0/0,28949:1747647674338:,1747647684404
counter/4/0/0/0,33438:1747647677503:,1747647684404
counter/3/0/0/0,28950:1747647674338:,1747647684404
counter/4/0/0/0,33439:1747647677503:,1747647684404
counter/3/0/0/0,28951:1747647674338:,1747647684404
counter/4/0/0/0,33440:1747647677503:,1747647684404
counter/3/0/0/0,28952:1747647674338:,1747647684404
counter/1/0/0/0,33893:1747647679414:,1747647684404
counter/4/0/0/0,33441:1747647677503:,1747647684404
counter/3/0/0/0,28953:1747647674338:,1747647684404
counter/4/0/0/0,33442:1747647677503:,1747647684404
counter/3/0/0/0,28954:1747647674338:,1747647684404
counter/4/0/0/0,33443:1747647677503:,1747647684404
counter/3/0/0/0,28955:1747647674338:,1747647684404
counter/4/0/0/0,33444:1747647677503:,1747647684404
counter/3/0/0/0,28956:1747647674338:,1747647684404
counter/10/0/0/0,28558:1747647671677:,1747647684404
counter/4/0/0/0,33445:1747647677503:,1747647684404
counter/3/0/0/0,28957:1747647674338:,1747647684404
counter/7/0/0/0,34751:1747647678618:,1747647684404
counter/4/0/0/0,33446:1747647677504:,1747647684404
counter/3/0/0/0,28958:1747647674338:,1747647684404
counter/4/0/0/0,33447:1747647677505:,1747647684404
counter/3/0/0/0,28959:1747647674338:,1747647684404
counter/4/0/0/0,33448:1747647677508:,1747647684404
counter/3/0/0/0,28960:1747647674338:,1747647684404
counter/4/0/0/0,33449:1747647677522:,1747647684404
counter/3/0/0/0,28961:1747647674338:,1747647684404
counter/4/0/0/0,33450:1747647677522:,1747647684404
counter/3/0/0/0,28962:1747647674338:,1747647684404
counter/4/0/0/0,33451:1747647677522:,1747647684404
counter/3/0/0/0,28963:1747647674338:,1747647684404
counter/4/0/0/0,33452:1747647677522:,1747647684405
counter/3/0/0/0,28964:1747647674340:,1747647684405
counter/10/0/0/0,28559:1747647671677:,1747647684405
counter/4/0/0/0,33453:1747647677529:,1747647684405
counter/3/0/0/0,28965:1747647674340:,1747647684405
counter/5/0/0/0,36453:1747647678838:,1747647684405
counter/4/0/0/0,33454:1747647677530:,1747647684405
counter/3/0/0/0,28966:1747647674340:,1747647684405
counter/10/0/0/0,28560:1747647671677:,1747647684405
counter/7/0/0/0,34752:1747647678619:,1747647684405
counter/4/0/0/0,33455:1747647677530:,1747647684405
counter/3/0/0/0,28967:1747647674340:,1747647684405
counter/4/0/0/0,33456:1747647677530:,1747647684405
counter/3/0/0/0,28968:1747647674366:,1747647684405
counter/4/0/0/0,33457:1747647677530:,1747647684405
counter/3/0/0/0,28969:1747647674366:,1747647684405
counter/4/0/0/0,33458:1747647677530:,1747647684405
counter/3/0/0/0,28970:1747647674366:,1747647684405
counter/4/0/0/0,33459:1747647677530:,1747647684405
counter/3/0/0/0,28971:1747647674366:,1747647684405
counter/4/0/0/0,33460:1747647677530:,1747647684405
counter/3/0/0/0,28972:1747647674366:,1747647684405
counter/4/0/0/0,33461:1747647677530:,1747647684405
counter/3/0/0/0,28973:1747647674366:,1747647684405
counter/4/0/0/0,33462:1747647677530:,1747647684405
counter/3/0/0/0,28974:1747647674366:,1747647684405
counter/4/0/0/0,33463:1747647677530:,1747647684405
counter/3/0/0/0,28975:1747647674366:,1747647684405
counter/4/0/0/0,33464:1747647677530:,1747647684405
counter/3/0/0/0,28976:1747647674366:,1747647684405
counter/4/0/0/0,33465:1747647677530:,1747647684405
counter/3/0/0/0,28977:1747647674366:,1747647684405
counter/4/0/0/0,33466:1747647677530:,1747647684405
counter/3/0/0/0,28978:1747647674366:,1747647684405
counter/1/0/0/0,33894:1747647679414:,1747647684405
counter/4/0/0/0,33467:1747647677530:,1747647684406
counter/3/0/0/0,28979:1747647674366:,1747647684406
counter/1/0/0/0,33895:1747647679414:,1747647684406
counter/4/0/0/0,33468:1747647677530:,1747647684406
counter/3/0/0/0,28980:1747647674372:,1747647684406
counter/1/0/0/0,33896:1747647679417:,1747647684406
counter/4/0/0/0,33469:1747647677530:,1747647684406
counter/3/0/0/0,28981:1747647674372:,1747647684406
counter/1/0/0/0,33897:1747647679417:,1747647684406
counter/4/0/0/0,33470:1747647677530:,1747647684406
counter/3/0/0/0,28982:1747647674372:,1747647684406
counter/7/0/0/0,34753:1747647678624:,1747647684406
counter/4/0/0/0,33471:1747647677530:,1747647684406
counter/3/0/0/0,28983:1747647674372:,1747647684406
counter/5/0/0/0,36454:1747647678838:,1747647684406
counter/1/0/0/0,33898:1747647679418:,1747647684406
counter/4/0/0/0,33472:1747647677530:,1747647684406
counter/3/0/0/0,28984:1747647674375:,1747647684406
counter/5/0/0/0,36455:1747647678848:,1747647684406
counter/4/0/0/0,33473:1747647677530:,1747647684406
counter/3/0/0/0,28985:1747647674375:,1747647684406
counter/5/0/0/0,36456:1747647678848:,1747647684406
counter/4/0/0/0,33474:1747647677535:,1747647684406
counter/3/0/0/0,28986:1747647674375:,1747647684406
counter/5/0/0/0,36457:1747647678848:,1747647684406
counter/4/0/0/0,33475:1747647677535:,1747647684406
counter/3/0/0/0,28987:1747647674375:,1747647684406
counter/5/0/0/0,36458:1747647678848:,1747647684406
counter/4/0/0/0,33476:1747647677535:,1747647684406
counter/3/0/0/0,28988:1747647674382:,1747647684406
counter/5/0/0/0,36459:1747647678848:,1747647684406
counter/1/0/0/0,33899:1747647679418:,1747647684406
counter/4/0/0/0,33477:1747647677535:,1747647684406
counter/3/0/0/0,28989:1747647674396:,1747647684406
counter/5/0/0/0,36460:1747647678848:,1747647684406
counter/1/0/0/0,33900:1747647679418:,1747647684406
counter/4/0/0/0,33478:1747647677536:,1747647684406
counter/3/0/0/0,28990:1747647674396:,1747647684406
counter/5/0/0/0,36461:1747647678848:,1747647684407
counter/1/0/0/0,33901:1747647679418:,1747647684407
counter/4/0/0/0,33479:1747647677536:,1747647684407
counter/3/0/0/0,28991:1747647674396:,1747647684407
counter/5/0/0/0,36462:1747647678849:,1747647684407
counter/1/0/0/0,33902:1747647679418:,1747647684407
counter/4/0/0/0,33480:1747647677536:,1747647684407
counter/3/0/0/0,28992:1747647674396:,1747647684407
counter/5/0/0/0,36463:1747647678849:,1747647684407
counter/1/0/0/0,33903:1747647679418:,1747647684407
counter/4/0/0/0,33481:1747647677536:,1747647684407
counter/3/0/0/0,28993:1747647674396:,1747647684407
counter/1/0/0/0,33904:1747647679418:,1747647684407
counter/4/0/0/0,33482:1747647677536:,1747647684407
counter/3/0/0/0,28994:1747647674396:,1747647684407
counter/1/0/0/0,33905:1747647679418:,1747647684407
counter/4/0/0/0,33483:1747647677536:,1747647684407
counter/3/0/0/0,28995:1747647674397:,1747647684407
counter/1/0/0/0,33906:1747647679418:,1747647684407
counter/10/0/0/0,28561:1747647671677:,1747647684407
counter/5/0/0/0,36464:1747647678849:,1747647684407
counter/7/0/0/0,34754:1747647678624:,1747647684407
counter/4/0/0/0,33484:1747647677536:,1747647684407
counter/3/0/0/0,28996:1747647674399:,1747647684407
counter/1/0/0/0,33907:1747647679418:,1747647684407
counter/4/0/0/0,33485:1747647677536:,1747647684407
counter/3/0/0/0,28997:1747647674399:,1747647684407
counter/1/0/0/0,33908:1747647679418:,1747647684407
counter/4/0/0/0,33486:1747647677536:,1747647684407
counter/3/0/0/0,28998:1747647674399:,1747647684407
counter/1/0/0/0,33909:1747647679418:,1747647684407
counter/4/0/0/0,33487:1747647677536:,1747647684407
counter/3/0/0/0,28999:1747647674399:,1747647684407
counter/1/0/0/0,33910:1747647679419:,1747647684408
counter/4/0/0/0,33488:1747647677536:,1747647684408
counter/3/0/0/0,29000:1747647674399:,1747647684408
counter/4/0/0/0,33489:1747647677536:,1747647684408
counter/3/0/0/0,29001:1747647674399:,1747647684408
counter/4/0/0/0,33490:1747647677536:,1747647684408
counter/3/0/0/0,29002:1747647674399:,1747647684408
counter/4/0/0/0,33491:1747647677536:,1747647684408
counter/3/0/0/0,29003:1747647674399:,1747647684408
counter/10/0/0/0,28562:1747647671678:,1747647684408
counter/7/0/0/0,34755:1747647678624:,1747647684408
counter/4/0/0/0,33492:1747647677536:,1747647684408
counter/3/0/0/0,29004:1747647674399:,1747647684408
counter/4/0/0/0,33493:1747647677559:,1747647684408
counter/3/0/0/0,29005:1747647674399:,1747647684408
counter/4/0/0/0,33494:1747647677559:,1747647684408
counter/3/0/0/0,29006:1747647674399:,1747647684408
counter/4/0/0/0,33495:1747647677559:,1747647684408
counter/3/0/0/0,29007:1747647674399:,1747647684408
counter/4/0/0/0,33496:1747647677559:,1747647684408
counter/3/0/0/0,29008:1747647674399:,1747647684408
counter/4/0/0/0,33497:1747647677560:,1747647684408
counter/3/0/0/0,29009:1747647674399:,1747647684408
counter/5/0/0/0,36465:1747647678849:,1747647684408
counter/4/0/0/0,33498:1747647677560:,1747647684408
counter/3/0/0/0,29010:1747647674400:,1747647684408
counter/1/0/0/0,33911:1747647679439:,1747647684408
counter/4/0/0/0,33499:1747647677560:,1747647684408
counter/3/0/0/0,29011:1747647674400:,1747647684408
counter/1/0/0/0,33912:1747647679439:,1747647684408
counter/4/0/0/0,33500:1747647677560:,1747647684408
counter/3/0/0/0,29012:1747647674400:,1747647684408
counter/1/0/0/0,33913:1747647679439:,1747647684408
counter/4/0/0/0,33501:1747647677560:,1747647684408
counter/3/0/0/0,29013:1747647674400:,1747647684409
counter/1/0/0/0,33914:1747647679439:,1747647684409
counter/4/0/0/0,33502:1747647677560:,1747647684409
counter/3/0/0/0,29014:1747647674400:,1747647684409
counter/1/0/0/0,33915:1747647679439:,1747647684409
counter/4/0/0/0,33503:1747647677560:,1747647684409
counter/3/0/0/0,29015:1747647674400:,1747647684409
counter/1/0/0/0,33916:1747647679458:,1747647684409
counter/4/0/0/0,33504:1747647677560:,1747647684409
counter/3/0/0/0,29016:1747647674400:,1747647684409
counter/1/0/0/0,33917:1747647679458:,1747647684409
counter/10/0/0/0,28563:1747647671678:,1747647684409
counter/4/0/0/0,33505:1747647677560:,1747647684409
counter/3/0/0/0,29017:1747647674401:,1747647684409
counter/1/0/0/0,33918:1747647679458:,1747647684409
counter/10/0/0/0,28564:1747647671678:,1747647684409
counter/7/0/0/0,34756:1747647678624:,1747647684409
counter/4/0/0/0,33506:1747647677560:,1747647684409
counter/3/0/0/0,29018:1747647674401:,1747647684409
counter/1/0/0/0,33919:1747647679458:,1747647684409
counter/4/0/0/0,33507:1747647677560:,1747647684409
counter/3/0/0/0,29019:1747647674401:,1747647684409
counter/1/0/0/0,33920:1747647679458:,1747647684409
counter/4/0/0/0,33508:1747647677560:,1747647684409
counter/3/0/0/0,29020:1747647674401:,1747647684409
counter/1/0/0/0,33921:1747647679458:,1747647684409
counter/4/0/0/0,33509:1747647677560:,1747647684409
counter/3/0/0/0,29021:1747647674401:,1747647684409
counter/1/0/0/0,33922:1747647679458:,1747647684409
counter/4/0/0/0,33510:1747647677560:,1747647684409
counter/3/0/0/0,29022:1747647674401:,1747647684409
counter/1/0/0/0,33923:1747647679458:,1747647684409
counter/4/0/0/0,33511:1747647677560:,1747647684409
counter/3/0/0/0,29023:1747647674401:,1747647684409
counter/1/0/0/0,33924:1747647679458:,1747647684409
counter/4/0/0/0,33512:1747647677560:,1747647684410
counter/3/0/0/0,29024:1747647674401:,1747647684410
counter/1/0/0/0,33925:1747647679458:,1747647684410
counter/4/0/0/0,33513:1747647677560:,1747647684410
counter/3/0/0/0,29025:1747647674401:,1747647684410
counter/1/0/0/0,33926:1747647679458:,1747647684410
counter/4/0/0/0,33514:1747647677560:,1747647684410
counter/3/0/0/0,29026:1747647674401:,1747647684410
counter/1/0/0/0,33927:1747647679458:,1747647684410
counter/4/0/0/0,33515:1747647677560:,1747647684410
counter/3/0/0/0,29027:1747647674401:,1747647684410
counter/1/0/0/0,33928:1747647679458:,1747647684410
counter/4/0/0/0,33516:1747647677561:,1747647684410
counter/3/0/0/0,29028:1747647674401:,1747647684410
counter/1/0/0/0,33929:1747647679458:,1747647684410
counter/4/0/0/0,33517:1747647677561:,1747647684410
counter/3/0/0/0,29029:1747647674401:,1747647684410
counter/1/0/0/0,33930:1747647679478:,1747647684410
counter/4/0/0/0,33518:1747647677561:,1747647684410
counter/3/0/0/0,29030:1747647674401:,1747647684410
counter/1/0/0/0,33931:1747647679478:,1747647684410
counter/4/0/0/0,33519:1747647677561:,1747647684410
counter/3/0/0/0,29031:1747647674401:,1747647684410
counter/1/0/0/0,33932:1747647679478:,1747647684410
counter/4/0/0/0,33520:1747647677561:,1747647684410
counter/3/0/0/0,29032:1747647674401:,1747647684410
counter/1/0/0/0,33933:1747647679478:,1747647684410
counter/4/0/0/0,33521:1747647677561:,1747647684410
counter/3/0/0/0,29033:1747647674401:,1747647684410
counter/1/0/0/0,33934:1747647679478:,1747647684410
counter/4/0/0/0,33522:1747647677561:,1747647684410
counter/3/0/0/0,29034:1747647674401:,1747647684410
counter/1/0/0/0,33935:1747647679478:,1747647684410
counter/4/0/0/0,33523:1747647677561:,1747647684411
counter/3/0/0/0,29035:1747647674401:,1747647684411
counter/1/0/0/0,33936:1747647679478:,1747647684411
counter/10/0/0/0,28565:1747647671678:,1747647684411
counter/5/0/0/0,36466:1747647678849:,1747647684411
counter/4/0/0/0,33524:1747647677561:,1747647684411
counter/3/0/0/0,29036:1747647674401:,1747647684411
counter/1/0/0/0,33937:1747647679478:,1747647684411
counter/10/0/0/0,28566:1747647671678:,1747647684411
counter/4/0/0/0,33525:1747647677561:,1747647684411
counter/3/0/0/0,29037:1747647674401:,1747647684411
counter/1/0/0/0,33938:1747647679478:,1747647684411
counter/10/0/0/0,28567:1747647671678:,1747647684411
counter/4/0/0/0,33526:1747647677567:,1747647684411
counter/3/0/0/0,29038:1747647674401:,1747647684411
counter/1/0/0/0,33939:1747647679478:,1747647684411
counter/4/0/0/0,33527:1747647677567:,1747647684411
counter/3/0/0/0,29039:1747647674401:,1747647684411
counter/1/0/0/0,33940:1747647679478:,1747647684411
counter/4/0/0/0,33528:1747647677567:,1747647684411
counter/3/0/0/0,29040:1747647674401:,1747647684411
counter/1/0/0/0,33941:1747647679478:,1747647684411
counter/7/0/0/0,34757:1747647678624:,1747647684411
counter/4/0/0/0,33529:1747647677567:,1747647684411
counter/3/0/0/0,29041:1747647674402:,1747647684411
counter/1/0/0/0,33942:1747647679478:,1747647684411
counter/10/0/0/0,28568:1747647671679:,1747647684411
counter/4/0/0/0,33530:1747647677567:,1747647684411
counter/3/0/0/0,29042:1747647674402:,1747647684411
counter/1/0/0/0,33943:1747647679484:,1747647684411
counter/10/0/0/0,28569:1747647671679:,1747647684411
counter/4/0/0/0,33531:1747647677568:,1747647684411
counter/3/0/0/0,29043:1747647674402:,1747647684411
counter/1/0/0/0,33944:1747647679485:,1747647684411
counter/4/0/0/0,33532:1747647677568:,1747647684411
counter/3/0/0/0,29044:1747647674402:,1747647684411
counter/1/0/0/0,33945:1747647679485:,1747647684411
counter/4/0/0/0,33533:1747647677568:,1747647684412
counter/3/0/0/0,29045:1747647674402:,1747647684412
counter/1/0/0/0,33946:1747647679487:,1747647684412
counter/4/0/0/0,33534:1747647677568:,1747647684412
counter/3/0/0/0,29046:1747647674402:,1747647684412
counter/1/0/0/0,33947:1747647679487:,1747647684412
counter/4/0/0/0,33535:1747647677568:,1747647684412
counter/3/0/0/0,29047:1747647674402:,1747647684412
counter/1/0/0/0,33948:1747647679487:,1747647684412
counter/4/0/0/0,33536:1747647677569:,1747647684412
counter/3/0/0/0,29048:1747647674402:,1747647684412
counter/1/0/0/0,33949:1747647679487:,1747647684412
counter/4/0/0/0,33537:1747647677569:,1747647684412
counter/3/0/0/0,29049:1747647674402:,1747647684412
counter/1/0/0/0,33950:1747647679487:,1747647684412
counter/10/0/0/0,28570:1747647671679:,1747647684412
counter/4/0/0/0,33538:1747647677569:,1747647684412
counter/3/0/0/0,29050:1747647674402:,1747647684412
counter/1/0/0/0,33951:1747647679488:,1747647684412
counter/7/0/0/0,34758:1747647678624:,1747647684412
counter/4/0/0/0,33539:1747647677569:,1747647684412
counter/3/0/0/0,29051:1747647674402:,1747647684412
counter/1/0/0/0,33952:1747647679489:,1747647684412
counter/4/0/0/0,33540:1747647677570:,1747647684412
counter/3/0/0/0,29052:1747647674406:,1747647684412
counter/1/0/0/0,33953:1747647679489:,1747647684412
counter/4/0/0/0,33541:1747647677570:,1747647684412
counter/3/0/0/0,29053:1747647674406:,1747647684412
counter/1/0/0/0,33954:1747647679489:,1747647684412
counter/10/0/0/0,28571:1747647671679:,1747647684412
counter/4/0/0/0,33542:1747647677570:,1747647684412
counter/3/0/0/0,29054:1747647674406:,1747647684412
counter/1/0/0/0,33955:1747647679489:,1747647684412
counter/4/0/0/0,33543:1747647677570:,1747647684412
counter/3/0/0/0,29055:1747647674406:,1747647684412
counter/1/0/0/0,33956:1747647679489:,1747647684412
counter/10/0/0/0,28572:1747647671679:,1747647684412
counter/4/0/0/0,33544:1747647677581:,1747647684412
counter/3/0/0/0,29056:1747647674406:,1747647684413
counter/1/0/0/0,33957:1747647679489:,1747647684413
counter/10/0/0/0,28573:1747647671679:,1747647684413
counter/7/0/0/0,34759:1747647678624:,1747647684413
counter/4/0/0/0,33545:1747647677582:,1747647684413
counter/3/0/0/0,29057:1747647674406:,1747647684413
counter/1/0/0/0,33958:1747647679489:,1747647684413
counter/4/0/0/0,33546:1747647677582:,1747647684413
counter/3/0/0/0,29058:1747647674406:,1747647684413
counter/1/0/0/0,33959:1747647679489:,1747647684413
counter/4/0/0/0,33547:1747647677582:,1747647684413
counter/3/0/0/0,29059:1747647674406:,1747647684413
counter/1/0/0/0,33960:1747647679489:,1747647684413
counter/10/0/0/0,28574:1747647671684:,1747647684413
counter/5/0/0/0,36467:1747647678849:,1747647684413
counter/4/0/0/0,33548:1747647677582:,1747647684413
counter/3/0/0/0,29060:1747647674407:,1747647684413
counter/1/0/0/0,33961:1747647679489:,1747647684413
counter/10/0/0/0,28575:1747647671684:,1747647684413
counter/7/0/0/0,34760:1747647678624:,1747647684413
counter/4/0/0/0,33549:1747647677582:,1747647684413
counter/3/0/0/0,29061:1747647674407:,1747647684413
counter/4/0/0/0,33550:1747647677582:,1747647684413
counter/3/0/0/0,29062:1747647674407:,1747647684413
counter/4/0/0/0,33551:1747647677582:,1747647684413
counter/3/0/0/0,29063:1747647674407:,1747647684413
counter/4/0/0/0,33552:1747647677582:,1747647684413
counter/3/0/0/0,29064:1747647674407:,1747647684413
counter/4/0/0/0,33553:1747647677582:,1747647684413
counter/3/0/0/0,29065:1747647674407:,1747647684413
counter/4/0/0/0,33554:1747647677582:,1747647684413
counter/3/0/0/0,29066:1747647674407:,1747647684413
counter/4/0/0/0,33555:1747647677584:,1747647684413
counter/3/0/0/0,29067:1747647674407:,1747647684413
counter/4/0/0/0,33556:1747647677584:,1747647684413
counter/3/0/0/0,29068:1747647674407:,1747647684414
counter/10/0/0/0,28576:1747647671684:,1747647684414
counter/4/0/0/0,33557:1747647677584:,1747647684414
counter/3/0/0/0,29069:1747647674407:,1747647684414
counter/7/0/0/0,34761:1747647678624:,1747647684414
counter/10/0/0/0,28577:1747647671684:,1747647684414
counter/4/0/0/0,33558:1747647677584:,1747647684414
counter/3/0/0/0,29070:1747647674407:,1747647684414
counter/4/0/0/0,33559:1747647677584:,1747647684414
counter/3/0/0/0,29071:1747647674407:,1747647684414
counter/4/0/0/0,33560:1747647677584:,1747647684414
counter/3/0/0/0,29072:1747647674407:,1747647684414
counter/4/0/0/0,33561:1747647677584:,1747647684414
counter/3/0/0/0,29073:1747647674407:,1747647684414
counter/4/0/0/0,33562:1747647677584:,1747647684414
counter/3/0/0/0,29074:1747647674407:,1747647684414
counter/4/0/0/0,33563:1747647677585:,1747647684414
counter/3/0/0/0,29075:1747647674407:,1747647684414
counter/4/0/0/0,33564:1747647677585:,1747647684414
counter/3/0/0/0,29076:1747647674407:,1747647684414
counter/4/0/0/0,33565:1747647677587:,1747647684414
counter/3/0/0/0,29077:1747647674407:,1747647684414
counter/4/0/0/0,33566:1747647677587:,1747647684414
counter/3/0/0/0,29078:1747647674407:,1747647684414
counter/4/0/0/0,33567:1747647677587:,1747647684414
counter/3/0/0/0,29079:1747647674407:,1747647684414
counter/4/0/0/0,33568:1747647677587:,1747647684414
counter/3/0/0/0,29080:1747647674407:,1747647684414
counter/4/0/0/0,33569:1747647677587:,1747647684414
counter/3/0/0/0,29081:1747647674407:,1747647684414
counter/4/0/0/0,33570:1747647677587:,1747647684414
counter/3/0/0/0,29082:1747647674407:,1747647684414
counter/4/0/0/0,33571:1747647677587:,1747647684414
counter/3/0/0/0,29083:1747647674407:,1747647684414
counter/5/0/0/0,36468:1747647678849:,1747647684414
counter/4/0/0/0,33572:1747647677587:,1747647684414
counter/3/0/0/0,29084:1747647674407:,1747647684414
counter/5/0/0/0,36469:1747647678849:,1747647684414
counter/4/0/0/0,33573:1747647677587:,1747647684415
counter/3/0/0/0,29085:1747647674408:,1747647684415
counter/5/0/0/0,36470:1747647678849:,1747647684415
counter/4/0/0/0,33574:1747647677587:,1747647684415
counter/3/0/0/0,29086:1747647674408:,1747647684415
counter/5/0/0/0,36471:1747647678849:,1747647684415
counter/4/0/0/0,33575:1747647677587:,1747647684415
counter/3/0/0/0,29087:1747647674408:,1747647684415
counter/4/0/0/0,33576:1747647677587:,1747647684415
counter/3/0/0/0,29088:1747647674408:,1747647684415
counter/4/0/0/0,33577:1747647677587:,1747647684415
counter/3/0/0/0,29089:1747647674408:,1747647684415
counter/4/0/0/0,33578:1747647677587:,1747647684415
counter/3/0/0/0,29090:1747647674408:,1747647684415
counter/4/0/0/0,33579:1747647677587:,1747647684415
counter/3/0/0/0,29091:1747647674408:,1747647684415
counter/4/0/0/0,33580:1747647677599:,1747647684415
counter/3/0/0/0,29092:1747647674408:,1747647684415
counter/4/0/0/0,33581:1747647677599:,1747647684415
counter/3/0/0/0,29093:1747647674408:,1747647684415
counter/10/0/0/0,28578:1747647671684:,1747647684415
counter/5/0/0/0,36472:1747647678849:,1747647684415
counter/4/0/0/0,33582:1747647677599:,1747647684415
counter/3/0/0/0,29094:1747647674408:,1747647684415
counter/10/0/0/0,28579:1747647671684:,1747647684415
counter/7/0/0/0,34762:1747647678624:,1747647684415
counter/4/0/0/0,33583:1747647677599:,1747647684415
counter/3/0/0/0,29095:1747647674408:,1747647684415
counter/4/0/0/0,33584:1747647677599:,1747647684415
counter/3/0/0/0,29096:1747647674408:,1747647684415
counter/10/0/0/0,28580:1747647671684:,1747647684415
counter/4/0/0/0,33585:1747647677599:,1747647684415
counter/3/0/0/0,29097:1747647674413:,1747647684415
counter/10/0/0/0,28581:1747647671684:,1747647684415
counter/4/0/0/0,33586:1747647677599:,1747647684415
counter/3/0/0/0,29098:1747647674415:,1747647684415
counter/4/0/0/0,33587:1747647677599:,1747647684415
counter/3/0/0/0,29099:1747647674415:,1747647684415
counter/4/0/0/0,33588:1747647677599:,1747647684415
counter/3/0/0/0,29100:1747647674415:,1747647684416
counter/4/0/0/0,33589:1747647677599:,1747647684416
counter/3/0/0/0,29101:1747647674415:,1747647684416
counter/4/0/0/0,33590:1747647677602:,1747647684416
counter/3/0/0/0,29102:1747647674415:,1747647684416
counter/4/0/0/0,33591:1747647677602:,1747647684416
counter/3/0/0/0,29103:1747647674415:,1747647684416
counter/4/0/0/0,33592:1747647677602:,1747647684416
counter/3/0/0/0,29104:1747647674415:,1747647684416
counter/4/0/0/0,33593:1747647677611:,1747647684416
counter/3/0/0/0,29105:1747647674415:,1747647684416
counter/4/0/0/0,33594:1747647677612:,1747647684416
counter/3/0/0/0,29106:1747647674415:,1747647684416
counter/4/0/0/0,33595:1747647677612:,1747647684416
counter/3/0/0/0,29107:1747647674415:,1747647684416
counter/4/0/0/0,33596:1747647677612:,1747647684416
counter/3/0/0/0,29108:1747647674415:,1747647684416
counter/10/0/0/0,28582:1747647671684:,1747647684416
counter/4/0/0/0,33597:1747647677612:,1747647684416
counter/3/0/0/0,29109:1747647674415:,1747647684416
counter/10/0/0/0,28583:1747647671684:,1747647684416
counter/5/0/0/0,36473:1747647678849:,1747647684416
counter/4/0/0/0,33598:1747647677612:,1747647684416
counter/3/0/0/0,29110:1747647674415:,1747647684416
counter/7/0/0/0,34763:1747647678624:,1747647684416
counter/4/0/0/0,33599:1747647677612:,1747647684416
counter/3/0/0/0,29111:1747647674415:,1747647684416
counter/4/0/0/0,33600:1747647677612:,1747647684416
counter/3/0/0/0,29112:1747647674415:,1747647684416
counter/4/0/0/0,33601:1747647677612:,1747647684416
counter/3/0/0/0,29113:1747647674415:,1747647684416
counter/10/0/0/0,28584:1747647671684:,1747647684416
counter/4/0/0/0,33602:1747647677612:,1747647684416
counter/3/0/0/0,29114:1747647674415:,1747647684417
counter/10/0/0/0,28585:1747647671690:,1747647684417
counter/4/0/0/0,33603:1747647677612:,1747647684417
counter/3/0/0/0,29115:1747647674416:,1747647684417
counter/4/0/0/0,33604:1747647677612:,1747647684417
counter/3/0/0/0,29116:1747647674416:,1747647684417
counter/4/0/0/0,33605:1747647677612:,1747647684417
counter/3/0/0/0,29117:1747647674416:,1747647684417
counter/4/0/0/0,33606:1747647677612:,1747647684417
counter/3/0/0/0,29118:1747647674416:,1747647684417
counter/4/0/0/0,33607:1747647677612:,1747647684417
counter/3/0/0/0,29119:1747647674416:,1747647684417
counter/5/0/0/0,36474:1747647678849:,1747647684417
counter/4/0/0/0,33608:1747647677612:,1747647684417
counter/3/0/0/0,29120:1747647674416:,1747647684417
counter/5/0/0/0,36475:1747647678879:,1747647684417
counter/4/0/0/0,33609:1747647677616:,1747647684417
counter/3/0/0/0,29121:1747647674416:,1747647684417
counter/5/0/0/0,36476:1747647678879:,1747647684417
counter/4/0/0/0,33610:1747647677616:,1747647684417
counter/3/0/0/0,29122:1747647674416:,1747647684417
counter/5/0/0/0,36477:1747647678879:,1747647684417
counter/4/0/0/0,33611:1747647677616:,1747647684417
counter/3/0/0/0,29123:1747647674416:,1747647684417
counter/5/0/0/0,36478:1747647678879:,1747647684417
counter/4/0/0/0,33612:1747647677616:,1747647684417
counter/3/0/0/0,29124:1747647674416:,1747647684417
counter/5/0/0/0,36479:1747647678879:,1747647684417
counter/4/0/0/0,33613:1747647677616:,1747647684417
counter/3/0/0/0,29125:1747647674416:,1747647684417
counter/4/0/0/0,33614:1747647677616:,1747647684417
counter/3/0/0/0,29126:1747647674416:,1747647684417
counter/4/0/0/0,33615:1747647677616:,1747647684417
counter/3/0/0/0,29127:1747647674416:,1747647684417
counter/4/0/0/0,33616:1747647677626:,1747647684417
counter/3/0/0/0,29128:1747647674416:,1747647684417
counter/4/0/0/0,33617:1747647677626:,1747647684418
counter/3/0/0/0,29129:1747647674416:,1747647684418
counter/10/0/0/0,28586:1747647671690:,1747647684418
counter/4/0/0/0,33618:1747647677626:,1747647684418
counter/3/0/0/0,29130:1747647674416:,1747647684418
counter/10/0/0/0,28587:1747647671690:,1747647684418
counter/4/0/0/0,33619:1747647677626:,1747647684418
counter/3/0/0/0,29131:1747647674416:,1747647684418
counter/5/0/0/0,36480:1747647678879:,1747647684418
counter/7/0/0/0,34764:1747647678624:,1747647684418
counter/4/0/0/0,33620:1747647677626:,1747647684418
counter/3/0/0/0,29132:1747647674416:,1747647684418
counter/7/0/0/0,34765:1747647678624:,1747647684418
counter/4/0/0/0,33621:1747647677626:,1747647684418
counter/3/0/0/0,29133:1747647674416:,1747647684418
counter/7/0/0/0,34766:1747647678624:,1747647684418
counter/4/0/0/0,33622:1747647677626:,1747647684418
counter/3/0/0/0,29134:1747647674416:,1747647684418
counter/7/0/0/0,34767:1747647678634:,1747647684418
counter/10/0/0/0,28588:1747647671690:,1747647684418
counter/4/0/0/0,33623:1747647677626:,1747647684418
counter/3/0/0/0,29135:1747647674416:,1747647684418
counter/7/0/0/0,34768:1747647678634:,1747647684418
counter/10/0/0/0,28589:1747647671690:,1747647684418
counter/4/0/0/0,33624:1747647677626:,1747647684418
counter/7/0/0/0,34769:1747647678634:,1747647684418
counter/4/0/0/0,33625:1747647677626:,1747647684418
counter/7/0/0/0,34770:1747647678634:,1747647684418
counter/4/0/0/0,33626:1747647677626:,1747647684418
counter/7/0/0/0,34771:1747647678635:,1747647684418
counter/4/0/0/0,33627:1747647677626:,1747647684418
counter/7/0/0/0,34772:1747647678635:,1747647684418
counter/4/0/0/0,33628:1747647677629:,1747647684418
counter/7/0/0/0,34773:1747647678635:,1747647684419
counter/10/0/0/0,28590:1747647671690:,1747647684419
counter/4/0/0/0,33629:1747647677629:,1747647684419
counter/7/0/0/0,34774:1747647678635:,1747647684419
counter/10/0/0/0,28591:1747647671690:,1747647684419
counter/5/0/0/0,36481:1747647678879:,1747647684419
counter/4/0/0/0,33630:1747647677638:,1747647684419
counter/7/0/0/0,34775:1747647678641:,1747647684419
counter/4/0/0/0,33631:1747647677638:,1747647684419
counter/7/0/0/0,34776:1747647678641:,1747647684419
counter/4/0/0/0,33632:1747647677638:,1747647684419
counter/7/0/0/0,34777:1747647678641:,1747647684419
counter/4/0/0/0,33633:1747647677638:,1747647684419
counter/7/0/0/0,34778:1747647678641:,1747647684419
counter/10/0/0/0,28592:1747647671690:,1747647684419
counter/4/0/0/0,33634:1747647677638:,1747647684419
counter/7/0/0/0,34779:1747647678641:,1747647684419
counter/3/0/0/0,29136:1747647674416:,1747647684419
counter/5/0/0/0,36482:1747647678879:,1747647684419
counter/4/0/0/0,33635:1747647677638:,1747647684419
counter/7/0/0/0,34780:1747647678641:,1747647684419
counter/4/0/0/0,33636:1747647677638:,1747647684419
counter/7/0/0/0,34781:1747647678641:,1747647684419
counter/4/0/0/0,33637:1747647677638:,1747647684419
counter/7/0/0/0,34782:1747647678642:,1747647684419
counter/4/0/0/0,33638:1747647677650:,1747647684419
counter/7/0/0/0,34783:1747647678656:,1747647684419
counter/4/0/0/0,33639:1747647677650:,1747647684419
counter/7/0/0/0,34784:1747647678656:,1747647684419
counter/4/0/0/0,33640:1747647677650:,1747647684419
counter/7/0/0/0,34785:1747647678656:,1747647684419
counter/4/0/0/0,33641:1747647677650:,1747647684419
counter/7/0/0/0,34786:1747647678656:,1747647684419
counter/4/0/0/0,33642:1747647677650:,1747647684419
counter/7/0/0/0,34787:1747647678656:,1747647684419
counter/4/0/0/0,33643:1747647677650:,1747647684420
counter/7/0/0/0,34788:1747647678656:,1747647684420
counter/4/0/0/0,33644:1747647677650:,1747647684420
counter/7/0/0/0,34789:1747647678656:,1747647684420
counter/3/0/0/0,29137:1747647674416:,1747647684420
counter/4/0/0/0,33645:1747647677650:,1747647684420
counter/7/0/0/0,34790:1747647678656:,1747647684420
counter/10/0/0/0,28593:1747647671690:,1747647684420
counter/4/0/0/0,33646:1747647677650:,1747647684420
counter/7/0/0/0,34791:1747647678659:,1747647684420
counter/4/0/0/0,33647:1747647677650:,1747647684420
counter/7/0/0/0,34792:1747647678661:,1747647684420
counter/4/0/0/0,33648:1747647677651:,1747647684420
counter/7/0/0/0,34793:1747647678661:,1747647684420
counter/10/0/0/0,28594:1747647671690:,1747647684420
counter/4/0/0/0,33649:1747647677655:,1747647684420
counter/7/0/0/0,34794:1747647678661:,1747647684420
counter/5/0/0/0,36483:1747647678879:,1747647684420
counter/4/0/0/0,33650:1747647677655:,1747647684420
counter/7/0/0/0,34795:1747647678661:,1747647684420
counter/5/0/0/0,36484:1747647678881:,1747647684420
counter/10/0/0/0,28595:1747647671690:,1747647684420
counter/4/0/0/0,33651:1747647677655:,1747647684420
counter/7/0/0/0,34796:1747647678662:,1747647684420
counter/5/0/0/0,36485:1747647678881:,1747647684420
counter/4/0/0/0,33652:1747647677655:,1747647684420
counter/7/0/0/0,34797:1747647678662:,1747647684420
counter/5/0/0/0,36486:1747647678881:,1747647684420
counter/4/0/0/0,33653:1747647677660:,1747647684420
counter/7/0/0/0,34798:1747647678662:,1747647684420
counter/5/0/0/0,36487:1747647678881:,1747647684420
counter/4/0/0/0,33654:1747647677660:,1747647684420
counter/7/0/0/0,34799:1747647678662:,1747647684420
counter/5/0/0/0,36488:1747647678881:,1747647684420
counter/4/0/0/0,33655:1747647677660:,1747647684420
counter/7/0/0/0,34800:1747647678663:,1747647684420
counter/5/0/0/0,36489:1747647678881:,1747647684420
counter/4/0/0/0,33656:1747647677661:,1747647684421
counter/7/0/0/0,34801:1747647678663:,1747647684421
counter/4/0/0/0,33657:1747647677661:,1747647684421
counter/7/0/0/0,34802:1747647678663:,1747647684421
counter/4/0/0/0,33658:1747647677661:,1747647684421
counter/7/0/0/0,34803:1747647678663:,1747647684421
counter/4/0/0/0,33659:1747647677661:,1747647684421
counter/7/0/0/0,34804:1747647678663:,1747647684421
counter/10/0/0/0,28596:1747647671692:,1747647684421
counter/4/0/0/0,33660:1747647677661:,1747647684421
counter/7/0/0/0,34805:1747647678663:,1747647684421
counter/10/0/0/0,28597:1747647671692:,1747647684421
counter/5/0/0/0,36490:1747647678885:,1747647684421
counter/4/0/0/0,33661:1747647677661:,1747647684421
counter/7/0/0/0,34806:1747647678666:,1747647684421
counter/4/0/0/0,33662:1747647677661:,1747647684421
counter/7/0/0/0,34807:1747647678666:,1747647684421
counter/4/0/0/0,33663:1747647677661:,1747647684421
counter/7/0/0/0,34808:1747647678666:,1747647684421
counter/4/0/0/0,33664:1747647677661:,1747647684421
counter/7/0/0/0,34809:1747647678666:,1747647684421
counter/4/0/0/0,33665:1747647677661:,1747647684421
counter/7/0/0/0,34810:1747647678666:,1747647684421
counter/4/0/0/0,33666:1747647677661:,1747647684421
counter/7/0/0/0,34811:1747647678666:,1747647684421
counter/4/0/0/0,33667:1747647677661:,1747647684421
counter/7/0/0/0,34812:1747647678666:,1747647684421
counter/4/0/0/0,33668:1747647677661:,1747647684421
counter/7/0/0/0,34813:1747647678666:,1747647684421
counter/4/0/0/0,33669:1747647677669:,1747647684421
counter/7/0/0/0,34814:1747647678666:,1747647684421
counter/4/0/0/0,33670:1747647677669:,1747647684421
counter/7/0/0/0,34815:1747647678668:,1747647684421
counter/5/0/0/0,36491:1747647678885:,1747647684421
counter/4/0/0/0,33671:1747647677669:,1747647684421
counter/7/0/0/0,34816:1747647678668:,1747647684421
counter/3/0/0/0,29138:1747647674416:,1747647684422
counter/4/0/0/0,33672:1747647677669:,1747647684422
counter/7/0/0/0,34817:1747647678668:,1747647684422
counter/4/0/0/0,33673:1747647677669:,1747647684422
counter/7/0/0/0,34818:1747647678668:,1747647684422
counter/4/0/0/0,33674:1747647677669:,1747647684422
counter/7/0/0/0,34819:1747647678671:,1747647684422
counter/4/0/0/0,33675:1747647677670:,1747647684422
counter/7/0/0/0,34820:1747647678671:,1747647684422
counter/4/0/0/0,33676:1747647677670:,1747647684422
counter/7/0/0/0,34821:1747647678671:,1747647684422
counter/4/0/0/0,33677:1747647677670:,1747647684422
counter/7/0/0/0,34822:1747647678671:,1747647684422
counter/3/0/0/0,29139:1747647674416:,1747647684422
counter/4/0/0/0,33678:1747647677670:,1747647684422
counter/7/0/0/0,34823:1747647678671:,1747647684422
counter/10/0/0/0,28598:1747647671692:,1747647684422
counter/4/0/0/0,33679:1747647677670:,1747647684422
counter/7/0/0/0,34824:1747647678671:,1747647684422
counter/10/0/0/0,28599:1747647671692:,1747647684422
counter/4/0/0/0,33680:1747647677670:,1747647684422
counter/7/0/0/0,34825:1747647678671:,1747647684422
counter/10/0/0/0,28600:1747647671692:,1747647684422
counter/4/0/0/0,33681:1747647677670:,1747647684422
counter/7/0/0/0,34826:1747647678671:,1747647684422
counter/10/0/0/0,28601:1747647671692:,1747647684422
counter/4/0/0/0,33682:1747647677670:,1747647684422
counter/7/0/0/0,34827:1747647678671:,1747647684422
counter/4/0/0/0,33683:1747647677675:,1747647684422
counter/7/0/0/0,34828:1747647678671:,1747647684422
counter/4/0/0/0,33684:1747647677675:,1747647684422
counter/7/0/0/0,34829:1747647678671:,1747647684422
counter/4/0/0/0,33685:1747647677675:,1747647684422
counter/7/0/0/0,34830:1747647678674:,1747647684422
counter/5/0/0/0,36492:1747647678885:,1747647684422
counter/3/0/0/0,29140:1747647674416:,1747647684422
counter/4/0/0/0,33686:1747647677675:,1747647684423
counter/7/0/0/0,34831:1747647678674:,1747647684423
counter/5/0/0/0,36493:1747647678886:,1747647684423
counter/4/0/0/0,33687:1747647677675:,1747647684423
counter/7/0/0/0,34832:1747647678674:,1747647684423
counter/5/0/0/0,36494:1747647678886:,1747647684423
counter/4/0/0/0,33688:1747647677675:,1747647684423
counter/7/0/0/0,34833:1747647678683:,1747647684423
counter/5/0/0/0,36495:1747647678886:,1747647684423
counter/10/0/0/0,28602:1747647671692:,1747647684423
counter/4/0/0/0,33689:1747647677675:,1747647684423
counter/7/0/0/0,34834:1747647678683:,1747647684423
counter/5/0/0/0,36496:1747647678886:,1747647684423
counter/10/0/0/0,28603:1747647671692:,1747647684423
counter/4/0/0/0,33690:1747647677675:,1747647684423
counter/7/0/0/0,34835:1747647678683:,1747647684423
counter/5/0/0/0,36497:1747647678886:,1747647684423
counter/4/0/0/0,33691:1747647677675:,1747647684423
counter/7/0/0/0,34836:1747647678688:,1747647684423
counter/5/0/0/0,36498:1747647678886:,1747647684423
counter/4/0/0/0,33692:1747647677675:,1747647684423
counter/7/0/0/0,34837:1747647678688:,1747647684423
counter/5/0/0/0,36499:1747647678886:,1747647684423
counter/10/0/0/0,28604:1747647671692:,1747647684423
counter/4/0/0/0,33693:1747647677675:,1747647684423
counter/7/0/0/0,34838:1747647678688:,1747647684423
counter/4/0/0/0,33694:1747647677675:,1747647684423
counter/7/0/0/0,34839:1747647678689:,1747647684423
counter/4/0/0/0,33695:1747647677675:,1747647684423
counter/7/0/0/0,34840:1747647678689:,1747647684423
counter/4/0/0/0,33696:1747647677675:,1747647684423
counter/7/0/0/0,34841:1747647678710:,1747647684423
counter/4/0/0/0,33697:1747647677675:,1747647684423
counter/7/0/0/0,34842:1747647678710:,1747647684423
counter/4/0/0/0,33698:1747647677675:,1747647684423
counter/7/0/0/0,34843:1747647678710:,1747647684423
counter/4/0/0/0,33699:1747647677691:,1747647684423
counter/7/0/0/0,34844:1747647678710:,1747647684424
counter/4/0/0/0,33700:1747647677691:,1747647684424
counter/7/0/0/0,34845:1747647678710:,1747647684424
counter/4/0/0/0,33701:1747647677696:,1747647684424
counter/7/0/0/0,34846:1747647678710:,1747647684424
counter/4/0/0/0,33702:1747647677696:,1747647684424
counter/7/0/0/0,34847:1747647678710:,1747647684424
counter/4/0/0/0,33703:1747647677696:,1747647684424
counter/7/0/0/0,34848:1747647678710:,1747647684424
counter/4/0/0/0,33704:1747647677696:,1747647684424
counter/7/0/0/0,34849:1747647678711:,1747647684424
counter/4/0/0/0,33705:1747647677696:,1747647684424
counter/7/0/0/0,34850:1747647678712:,1747647684424
counter/4/0/0/0,33706:1747647677716:,1747647684424
counter/7/0/0/0,34851:1747647678712:,1747647684424
counter/4/0/0/0,33707:1747647677716:,1747647684424
counter/7/0/0/0,34852:1747647678712:,1747647684424
counter/10/0/0/0,28605:1747647671693:,1747647684424
counter/5/0/0/0,36500:1747647678886:,1747647684424
counter/4/0/0/0,33708:1747647677716:,1747647684424
counter/7/0/0/0,34853:1747647678712:,1747647684424
counter/10/0/0/0,28606:1747647671694:,1747647684424
counter/4/0/0/0,33709:1747647677716:,1747647684424
counter/7/0/0/0,34854:1747647678712:,1747647684424
counter/4/0/0/0,33710:1747647677716:,1747647684424
counter/7/0/0/0,34855:1747647678712:,1747647684424
counter/4/0/0/0,33711:1747647677716:,1747647684424
counter/7/0/0/0,34856:1747647678712:,1747647684424
counter/4/0/0/0,33712:1747647677716:,1747647684424
counter/4/0/0/0,33713:1747647677716:,1747647684424
counter/4/0/0/0,33714:1747647677716:,1747647684424
counter/4/0/0/0,33715:1747647677716:,1747647684424
counter/4/0/0/0,33716:1747647677716:,1747647684424
counter/4/0/0/0,33717:1747647677716:,1747647684424
counter/4/0/0/0,33718:1747647677716:,1747647684424
counter/10/0/0/0,28607:1747647671700:,1747647684425
counter/4/0/0/0,33719:1747647677716:,1747647684425
counter/3/0/0/0,29141:1747647674416:,1747647684425
counter/4/0/0/0,33720:1747647677716:,1747647684425
counter/5/0/0/0,36501:1747647678886:,1747647684425
counter/4/0/0/0,33721:1747647677716:,1747647684425
counter/3/0/0/0,29142:1747647674416:,1747647684425
counter/4/0/0/0,33722:1747647677725:,1747647684425
counter/3/0/0/0,29143:1747647674416:,1747647684425
counter/4/0/0/0,33723:1747647677725:,1747647684425
counter/3/0/0/0,29144:1747647674416:,1747647684425
counter/4/0/0/0,33724:1747647677725:,1747647684425
counter/3/0/0/0,29145:1747647674416:,1747647684425
counter/4/0/0/0,33725:1747647677725:,1747647684425
counter/3/0/0/0,29146:1747647674416:,1747647684425
counter/4/0/0/0,33726:1747647677725:,1747647684425
counter/3/0/0/0,29147:1747647674416:,1747647684425
counter/4/0/0/0,33727:1747647677725:,1747647684425
counter/3/0/0/0,29148:1747647674416:,1747647684425
counter/4/0/0/0,33728:1747647677727:,1747647684425
counter/3/0/0/0,29149:1747647674416:,1747647684425
counter/4/0/0/0,33729:1747647677727:,1747647684425
counter/3/0/0/0,29150:1747647674418:,1747647684425
counter/4/0/0/0,33730:1747647677745:,1747647684425
counter/3/0/0/0,29151:1747647674418:,1747647684425
counter/4/0/0/0,33731:1747647677745:,1747647684425
counter/3/0/0/0,29152:1747647674418:,1747647684425
counter/4/0/0/0,33732:1747647677758:,1747647684425
counter/3/0/0/0,29153:1747647674418:,1747647684425
counter/7/0/0/0,34857:1747647678713:,1747647684425
counter/4/0/0/0,33733:1747647677758:,1747647684425
counter/3/0/0/0,29154:1747647674418:,1747647684425
counter/5/0/0/0,36502:1747647678886:,1747647684425
counter/4/0/0/0,33734:1747647677758:,1747647684425
counter/3/0/0/0,29155:1747647674418:,1747647684425
counter/7/0/0/0,34858:1747647678740:,1747647684425
counter/4/0/0/0,33735:1747647677758:,1747647684425
counter/3/0/0/0,29156:1747647674418:,1747647684425
counter/5/0/0/0,36503:1747647678887:,1747647684426
counter/4/0/0/0,33736:1747647677758:,1747647684426
counter/3/0/0/0,29157:1747647674418:,1747647684426
counter/4/0/0/0,33737:1747647677758:,1747647684426
counter/3/0/0/0,29158:1747647674418:,1747647684426
counter/4/0/0/0,33738:1747647677759:,1747647684426
counter/3/0/0/0,29159:1747647674418:,1747647684426
counter/5/0/0/0,36504:1747647678887:,1747647684426
counter/4/0/0/0,33739:1747647677759:,1747647684426
counter/3/0/0/0,29160:1747647674418:,1747647684426
counter/7/0/0/0,34859:1747647678740:,1747647684426
counter/4/0/0/0,33740:1747647677759:,1747647684426
counter/7/0/0/0,34860:1747647678740:,1747647684426
counter/4/0/0/0,33741:1747647677759:,1747647684426
counter/7/0/0/0,34861:1747647678740:,1747647684426
counter/4/0/0/0,33742:1747647677759:,1747647684426
counter/7/0/0/0,34862:1747647678740:,1747647684426
counter/4/0/0/0,33743:1747647677759:,1747647684426
counter/7/0/0/0,34863:1747647678740:,1747647684426
counter/4/0/0/0,33744:1747647677759:,1747647684426
counter/7/0/0/0,34864:1747647678740:,1747647684426
counter/5/0/0/0,36505:1747647678887:,1747647684426
counter/4/0/0/0,33745:1747647677759:,1747647684426
counter/7/0/0/0,34865:1747647678740:,1747647684426
counter/10/0/0/0,28608:1747647671700:,1747647684426
counter/3/0/0/0,29161:1747647674418:,1747647684426
counter/4/0/0/0,33746:1747647677759:,1747647684426
counter/7/0/0/0,34866:1747647678740:,1747647684426
counter/10/0/0/0,28609:1747647671702:,1747647684426
counter/4/0/0/0,33747:1747647677759:,1747647684426
counter/7/0/0/0,34867:1747647678740:,1747647684426
counter/4/0/0/0,33748:1747647677759:,1747647684426
counter/7/0/0/0,34868:1747647678740:,1747647684426
counter/4/0/0/0,33749:1747647677759:,1747647684426
counter/4/0/0/0,33750:1747647677759:,1747647684426
counter/4/0/0/0,33751:1747647677759:,1747647684427
counter/4/0/0/0,33752:1747647677759:,1747647684427
counter/4/0/0/0,33753:1747647677759:,1747647684427
counter/4/0/0/0,33754:1747647677759:,1747647684427
counter/4/0/0/0,33755:1747647677759:,1747647684427
counter/4/0/0/0,33756:1747647677759:,1747647684427
counter/4/0/0/0,33757:1747647677760:,1747647684427
counter/10/0/0/0,28610:1747647671702:,1747647684427
counter/5/0/0/0,36506:1747647678887:,1747647684427
counter/4/0/0/0,33758:1747647677760:,1747647684427
counter/10/0/0/0,28611:1747647671702:,1747647684427
counter/4/0/0/0,33759:1747647677760:,1747647684427
counter/4/0/0/0,33760:1747647677760:,1747647684427
counter/4/0/0/0,33761:1747647677760:,1747647684427
counter/4/0/0/0,33762:1747647677760:,1747647684427
counter/4/0/0/0,33763:1747647677760:,1747647684427
counter/4/0/0/0,33764:1747647677760:,1747647684427
counter/10/0/0/0,28612:1747647671702:,1747647684427
counter/4/0/0/0,33765:1747647677760:,1747647684427
counter/3/0/0/0,29162:1747647674418:,1747647684427
counter/4/0/0/0,33766:1747647677760:,1747647684427
counter/10/0/0/0,28613:1747647671702:,1747647684427
counter/5/0/0/0,36507:1747647678889:,1747647684427
counter/4/0/0/0,33767:1747647677760:,1747647684427
counter/5/0/0/0,36508:1747647678889:,1747647684427
counter/4/0/0/0,33768:1747647677760:,1747647684427
counter/5/0/0/0,36509:1747647678889:,1747647684427
counter/4/0/0/0,33769:1747647677760:,1747647684427
counter/5/0/0/0,36510:1747647678889:,1747647684427
counter/10/0/0/0,28614:1747647671714:,1747647684427
counter/7/0/0/0,34869:1747647678740:,1747647684427
counter/4/0/0/0,33770:1747647677760:,1747647684427
counter/5/0/0/0,36511:1747647678889:,1747647684427
counter/10/0/0/0,28615:1747647671714:,1747647684427
counter/4/0/0/0,33771:1747647677764:,1747647684427
counter/5/0/0/0,36512:1747647678889:,1747647684427
counter/4/0/0/0,33772:1747647677768:,1747647684428
counter/5/0/0/0,36513:1747647678889:,1747647684428
counter/4/0/0/0,33773:1747647677768:,1747647684428
counter/5/0/0/0,36514:1747647678889:,1747647684428
counter/10/0/0/0,28616:1747647671714:,1747647684428
counter/4/0/0/0,33774:1747647677768:,1747647684428
counter/5/0/0/0,36515:1747647678889:,1747647684428
counter/10/0/0/0,28617:1747647671714:,1747647684428
counter/7/0/0/0,34870:1747647678740:,1747647684428
counter/4/0/0/0,33775:1747647677768:,1747647684428
counter/5/0/0/0,36516:1747647678897:,1747647684428
counter/4/0/0/0,33776:1747647677769:,1747647684428
counter/5/0/0/0,36517:1747647678897:,1747647684428
counter/4/0/0/0,33777:1747647677769:,1747647684428
counter/5/0/0/0,36518:1747647678897:,1747647684428
counter/4/0/0/0,33778:1747647677769:,1747647684428
counter/5/0/0/0,36519:1747647678897:,1747647684428
counter/4/0/0/0,33779:1747647677769:,1747647684428
counter/5/0/0/0,36520:1747647678925:,1747647684428
counter/4/0/0/0,33780:1747647677769:,1747647684428
counter/5/0/0/0,36521:1747647678925:,1747647684428
counter/4/0/0/0,33781:1747647677769:,1747647684428
counter/5/0/0/0,36522:1747647678925:,1747647684428
counter/4/0/0/0,33782:1747647677769:,1747647684428
counter/5/0/0/0,36523:1747647678926:,1747647684428
counter/4/0/0/0,33783:1747647677769:,1747647684428
counter/5/0/0/0,36524:1747647678926:,1747647684428
counter/7/0/0/0,34871:1747647678740:,1747647684428
counter/4/0/0/0,33784:1747647677769:,1747647684428
counter/5/0/0/0,36525:1747647678926:,1747647684428
counter/3/0/0/0,29163:1747647674418:,1747647684428
counter/4/0/0/0,33785:1747647677769:,1747647684428
counter/5/0/0/0,36526:1747647678926:,1747647684428
counter/3/0/0/0,29164:1747647674418:,1747647684428
counter/4/0/0/0,33786:1747647677769:,1747647684428
counter/5/0/0/0,36527:1747647678926:,1747647684428
counter/3/0/0/0,29165:1747647674418:,1747647684428
counter/4/0/0/0,33787:1747647677770:,1747647684428
counter/5/0/0/0,36528:1747647678926:,1747647684429
counter/3/0/0/0,29166:1747647674418:,1747647684429
counter/7/0/0/0,34872:1747647678741:,1747647684429
counter/4/0/0/0,33788:1747647677770:,1747647684429
counter/5/0/0/0,36529:1747647678926:,1747647684429
counter/7/0/0/0,34873:1747647678741:,1747647684429
counter/4/0/0/0,33789:1747647677770:,1747647684429
counter/5/0/0/0,36530:1747647678926:,1747647684429
counter/7/0/0/0,34874:1747647678741:,1747647684429
counter/4/0/0/0,33790:1747647677770:,1747647684429
counter/5/0/0/0,36531:1747647678927:,1747647684429
counter/7/0/0/0,34875:1747647678741:,1747647684429
counter/4/0/0/0,33791:1747647677770:,1747647684429
counter/5/0/0/0,36532:1747647678927:,1747647684429
counter/7/0/0/0,34876:1747647678741:,1747647684429
counter/4/0/0/0,33792:1747647677770:,1747647684429
counter/5/0/0/0,36533:1747647678927:,1747647684429
counter/7/0/0/0,34877:1747647678741:,1747647684429
counter/4/0/0/0,33793:1747647677770:,1747647684429
counter/5/0/0/0,36534:1747647678927:,1747647684429
counter/7/0/0/0,34878:1747647678751:,1747647684429
counter/4/0/0/0,33794:1747647677770:,1747647684429
counter/5/0/0/0,36535:1747647678927:,1747647684429
counter/7/0/0/0,34879:1747647678751:,1747647684429
counter/4/0/0/0,33795:1747647677770:,1747647684429
counter/5/0/0/0,36536:1747647678949:,1747647684429
counter/7/0/0/0,34880:1747647678751:,1747647684429
counter/4/0/0/0,33796:1747647677770:,1747647684429
counter/5/0/0/0,36537:1747647678949:,1747647684429
counter/7/0/0/0,34881:1747647678751:,1747647684429
counter/4/0/0/0,33797:1747647677770:,1747647684429
counter/5/0/0/0,36538:1747647678949:,1747647684429
counter/7/0/0/0,34882:1747647678751:,1747647684429
counter/5/0/0/0,36539:1747647678949:,1747647684429
counter/7/0/0/0,34883:1747647678751:,1747647684429
counter/10/0/0/0,28618:1747647671714:,1747647684430
counter/5/0/0/0,36540:1747647678949:,1747647684430
counter/7/0/0/0,34884:1747647678751:,1747647684430
counter/5/0/0/0,36541:1747647678949:,1747647684430
counter/7/0/0/0,34885:1747647678751:,1747647684430
counter/5/0/0/0,36542:1747647678949:,1747647684430
counter/7/0/0/0,34886:1747647678752:,1747647684430
counter/5/0/0/0,36543:1747647678950:,1747647684430
counter/7/0/0/0,34887:1747647678752:,1747647684430
counter/4/0/0/0,33798:1747647677770:,1747647684430
counter/5/0/0/0,36544:1747647678950:,1747647684430
counter/7/0/0/0,34888:1747647678752:,1747647684430
counter/5/0/0/0,36545:1747647678950:,1747647684430
counter/7/0/0/0,34889:1747647678752:,1747647684430
counter/5/0/0/0,36546:1747647678950:,1747647684430
counter/7/0/0/0,34890:1747647678752:,1747647684430
counter/5/0/0/0,36547:1747647678950:,1747647684430
counter/7/0/0/0,34891:1747647678752:,1747647684430
counter/5/0/0/0,36548:1747647678950:,1747647684430
counter/7/0/0/0,34892:1747647678761:,1747647684430
counter/5/0/0/0,36549:1747647678964:,1747647684430
counter/7/0/0/0,34893:1747647678761:,1747647684430
counter/7/0/0/0,34894:1747647678761:,1747647684430
counter/10/0/0/0,28619:1747647671714:,1747647684430
counter/4/0/0/0,33799:1747647677770:,1747647684430
counter/7/0/0/0,34895:1747647678761:,1747647684430
counter/3/0/0/0,29167:1747647674418:,1747647684430
counter/7/0/0/0,34896:1747647678761:,1747647684430
counter/7/0/0/0,34897:1747647678764:,1747647684430
counter/7/0/0/0,34898:1747647678764:,1747647684430
counter/7/0/0/0,34899:1747647678764:,1747647684430
counter/10/0/0/0,28620:1747647671714:,1747647684430
counter/7/0/0/0,34900:1747647678764:,1747647684430
counter/4/0/0/0,33800:1747647677770:,1747647684430
counter/3/0/0/0,29168:1747647674418:,1747647684430
counter/7/0/0/0,34901:1747647678764:,1747647684430
counter/4/0/0/0,33801:1747647677770:,1747647684430
counter/7/0/0/0,34902:1747647678766:,1747647684430
counter/4/0/0/0,33802:1747647677770:,1747647684430
counter/7/0/0/0,34903:1747647678777:,1747647684431
counter/7/0/0/0,34904:1747647678777:,1747647684431
counter/4/0/0/0,33803:1747647677770:,1747647684431
counter/7/0/0/0,34905:1747647678777:,1747647684431
counter/4/0/0/0,33804:1747647677770:,1747647684431
counter/7/0/0/0,34906:1747647678777:,1747647684431
counter/4/0/0/0,33805:1747647677789:,1747647684431
counter/5/0/0/0,36550:1747647678983:,1747647684431
counter/7/0/0/0,34907:1747647678777:,1747647684431
counter/4/0/0/0,33806:1747647677789:,1747647684431
counter/10/0/0/0,28621:1747647671714:,1747647684431
counter/7/0/0/0,34908:1747647678777:,1747647684431
counter/4/0/0/0,33807:1747647677789:,1747647684431
counter/10/0/0/0,28622:1747647671714:,1747647684431
counter/3/0/0/0,29169:1747647674418:,1747647684431
counter/7/0/0/0,34909:1747647678777:,1747647684431
counter/4/0/0/0,33808:1747647677790:,1747647684431
counter/10/0/0/0,28623:1747647671714:,1747647684431
counter/7/0/0/0,34910:1747647678777:,1747647684431
counter/4/0/0/0,33809:1747647677790:,1747647684431
counter/10/0/0/0,28624:1747647671714:,1747647684431
counter/5/0/0/0,36551:1747647678984:,1747647684431
counter/7/0/0/0,34911:1747647678778:,1747647684431
counter/5/0/0/0,36552:1747647678984:,1747647684431
counter/7/0/0/0,34912:1747647678778:,1747647684431
counter/5/0/0/0,36553:1747647678984:,1747647684431
counter/7/0/0/0,34913:1747647678778:,1747647684431
counter/5/0/0/0,36554:1747647678984:,1747647684431
counter/3/0/0/0,29170:1747647674418:,1747647684431
counter/7/0/0/0,34914:1747647678778:,1747647684431
counter/5/0/0/0,36555:1747647678984:,1747647684431
counter/7/0/0/0,34915:1747647678778:,1747647684431
counter/5/0/0/0,36556:1747647678984:,1747647684431
counter/7/0/0/0,34916:1747647678778:,1747647684431
counter/10/0/0/0,28625:1747647671714:,1747647684432
counter/3/0/0/0,29171:1747647674418:,1747647684432
counter/7/0/0/0,34917:1747647678788:,1747647684432
counter/10/0/0/0,28626:1747647671714:,1747647684432
counter/7/0/0/0,34918:1747647678791:,1747647684432
counter/7/0/0/0,34919:1747647678793:,1747647684432
counter/7/0/0/0,34920:1747647678793:,1747647684432
counter/10/0/0/0,28627:1747647671715:,1747647684432
counter/7/0/0/0,34921:1747647678793:,1747647684432
counter/7/0/0/0,34922:1747647678793:,1747647684432
counter/4/0/0/0,33810:1747647677790:,1747647684432
counter/7/0/0/0,34923:1747647678793:,1747647684432
counter/3/0/0/0,29172:1747647674418:,1747647684432
counter/7/0/0/0,34924:1747647678793:,1747647684432
counter/7/0/0/0,34925:1747647678793:,1747647684432
counter/7/0/0/0,34926:1747647678793:,1747647684432
counter/7/0/0/0,34927:1747647678793:,1747647684432
counter/7/0/0/0,34928:1747647678793:,1747647684432
counter/7/0/0/0,34929:1747647678793:,1747647684432
counter/7/0/0/0,34930:1747647678793:,1747647684432
counter/7/0/0/0,34931:1747647678794:,1747647684432
counter/7/0/0/0,34932:1747647678794:,1747647684432
counter/7/0/0/0,34933:1747647678794:,1747647684432
counter/7/0/0/0,34934:1747647678794:,1747647684432
counter/5/0/0/0,36557:1747647678984:,1747647684432
counter/7/0/0/0,34935:1747647678794:,1747647684432
counter/5/0/0/0,36558:1747647678984:,1747647684432
counter/7/0/0/0,34936:1747647678794:,1747647684432
counter/5/0/0/0,36559:1747647678984:,1747647684432
counter/7/0/0/0,34937:1747647678794:,1747647684432
counter/5/0/0/0,36560:1747647678984:,1747647684432
counter/5/0/0/0,36561:1747647678984:,1747647684432
counter/3/0/0/0,29173:1747647674418:,1747647684432
counter/5/0/0/0,36562:1747647678984:,1747647684432
counter/3/0/0/0,29174:1747647674418:,1747647684433
counter/5/0/0/0,36563:1747647678984:,1747647684433
counter/3/0/0/0,29175:1747647674418:,1747647684433
counter/3/0/0/0,29176:1747647674418:,1747647684433
counter/3/0/0/0,29177:1747647674418:,1747647684433
counter/10/0/0/0,28628:1747647671715:,1747647684433
counter/5/0/0/0,36564:1747647678984:,1747647684433
counter/3/0/0/0,29178:1747647674419:,1747647684433
counter/10/0/0/0,28629:1747647671715:,1747647684433
counter/3/0/0/0,29179:1747647674425:,1747647684433
counter/3/0/0/0,29180:1747647674426:,1747647684433
counter/10/0/0/0,28630:1747647671716:,1747647684433
counter/3/0/0/0,29181:1747647674426:,1747647684433
counter/10/0/0/0,28631:1747647671720:,1747647684433
counter/4/0/0/0,33811:1747647677790:,1747647684433
counter/3/0/0/0,29182:1747647674430:,1747647684433
counter/3/0/0/0,29183:1747647674432:,1747647684433
counter/3/0/0/0,29184:1747647674432:,1747647684433
counter/3/0/0/0,29185:1747647674432:,1747647684433
counter/3/0/0/0,29186:1747647674432:,1747647684433
counter/5/0/0/0,36565:1747647678984:,1747647684433
counter/10/0/0/0,28632:1747647671720:,1747647684433
counter/4/0/0/0,33812:1747647677790:,1747647684433
counter/10/0/0/0,28633:1747647671720:,1747647684433
counter/7/0/0/0,34938:1747647678794:,1747647684433
counter/5/0/0/0,36566:1747647678984:,1747647684433
counter/7/0/0/0,34939:1747647678794:,1747647684433
counter/10/0/0/0,28634:1747647671720:,1747647684433
counter/3/0/0/0,29187:1747647674432:,1747647684433
counter/10/0/0/0,28635:1747647671720:,1747647684433
counter/4/0/0/0,33813:1747647677790:,1747647684433
counter/7/0/0/0,34940:1747647678800:,1747647684433
counter/10/0/0/0,28636:1747647671731:,1747647684433
counter/3/0/0/0,29188:1747647674432:,1747647684433
counter/4/0/0/0,33814:1747647677790:,1747647684433
counter/5/0/0/0,36567:1747647678984:,1747647684433
counter/7/0/0/0,34941:1747647678801:,1747647684433
counter/7/0/0/0,34942:1747647678801:,1747647684433
counter/7/0/0/0,34943:1747647678801:,1747647684433
counter/7/0/0/0,34944:1747647678801:,1747647684433
counter/7/0/0/0,34945:1747647678801:,1747647684433
counter/7/0/0/0,34946:1747647678801:,1747647684433
counter/7/0/0/0,34947:1747647678801:,1747647684433
counter/7/0/0/0,34948:1747647678801:,1747647684434
counter/10/0/0/0,28637:1747647671731:,1747647684434
counter/3/0/0/0,29189:1747647674432:,1747647684434
counter/10/0/0/0,28638:1747647671731:,1747647684434
counter/5/0/0/0,36568:1747647679003:,1747647684434
counter/10/0/0/0,28639:1747647671731:,1747647684434
counter/7/0/0/0,34949:1747647678801:,1747647684434
counter/10/0/0/0,28640:1747647671731:,1747647684434
counter/4/0/0/0,33815:1747647677790:,1747647684434
counter/5/0/0/0,36569:1747647679003:,1747647684434
counter/3/0/0/0,29190:1747647674432:,1747647684434
counter/7/0/0/0,34950:1747647678801:,1747647684434
counter/7/0/0/0,34951:1747647678801:,1747647684434
counter/7/0/0/0,34952:1747647678801:,1747647684434
counter/7/0/0/0,34953:1747647678801:,1747647684434
counter/7/0/0/0,34954:1747647678801:,1747647684434
counter/7/0/0/0,34955:1747647678801:,1747647684434
counter/7/0/0/0,34956:1747647678801:,1747647684434
counter/7/0/0/0,34957:1747647678801:,1747647684434
counter/7/0/0/0,34958:1747647678801:,1747647684434
counter/7/0/0/0,34959:1747647678807:,1747647684434
counter/7/0/0/0,34960:1747647678807:,1747647684434
counter/7/0/0/0,34961:1747647678807:,1747647684434
counter/7/0/0/0,34962:1747647678807:,1747647684434
counter/7/0/0/0,34963:1747647678807:,1747647684434
counter/7/0/0/0,34964:1747647678807:,1747647684434
counter/7/0/0/0,34965:1747647678807:,1747647684434
counter/7/0/0/0,34966:1747647678807:,1747647684434
counter/7/0/0/0,34967:1747647678807:,1747647684434
counter/7/0/0/0,34968:1747647678807:,1747647684434
counter/7/0/0/0,34969:1747647678811:,1747647684434
counter/7/0/0/0,34970:1747647678812:,1747647684434
counter/7/0/0/0,34971:1747647678812:,1747647684434
counter/7/0/0/0,34972:1747647678812:,1747647684434
counter/7/0/0/0,34973:1747647678812:,1747647684434
counter/7/0/0/0,34974:1747647678812:,1747647684434
counter/7/0/0/0,34975:1747647678812:,1747647684434
counter/7/0/0/0,34976:1747647678812:,1747647684434
counter/7/0/0/0,34977:1747647678812:,1747647684434
counter/7/0/0/0,34978:1747647678819:,1747647684435
counter/7/0/0/0,34979:1747647678819:,1747647684435
counter/7/0/0/0,34980:1747647678819:,1747647684435
counter/7/0/0/0,34981:1747647678820:,1747647684435
counter/7/0/0/0,34982:1747647678820:,1747647684435
counter/7/0/0/0,34983:1747647678820:,1747647684435
counter/7/0/0/0,34984:1747647678820:,1747647684435
counter/7/0/0/0,34985:1747647678820:,1747647684435
counter/7/0/0/0,34986:1747647678820:,1747647684435
counter/7/0/0/0,34987:1747647678820:,1747647684435
counter/7/0/0/0,34988:1747647678820:,1747647684435
counter/7/0/0/0,34989:1747647678823:,1747647684435
counter/7/0/0/0,34990:1747647678823:,1747647684435
counter/7/0/0/0,34991:1747647678823:,1747647684435
counter/7/0/0/0,34992:1747647678823:,1747647684435
counter/7/0/0/0,34993:1747647678823:,1747647684435
counter/5/0/0/0,36570:1747647679003:,1747647684435
counter/7/0/0/0,34994:1747647678823:,1747647684435
counter/4/0/0/0,33816:1747647677790:,1747647684435
counter/10/0/0/0,28641:1747647671731:,1747647684435
counter/7/0/0/0,34995:1747647678823:,1747647684435
counter/7/0/0/0,34996:1747647678823:,1747647684435
counter/7/0/0/0,34997:1747647678823:,1747647684435
counter/7/0/0/0,34998:1747647678823:,1747647684435
counter/7/0/0/0,34999:1747647678823:,1747647684435
counter/7/0/0/0,35000:1747647678823:,1747647684435
counter/7/0/0/0,35001:1747647678823:,1747647684435
counter/7/0/0/0,35002:1747647678823:,1747647684435
counter/10/0/0/0,28642:1747647671731:,1747647684435
counter/7/0/0/0,35003:1747647678823:,1747647684435
counter/4/0/0/0,33817:1747647677790:,1747647684435
counter/7/0/0/0,35004:1747647678823:,1747647684435
counter/5/0/0/0,36571:1747647679003:,1747647684435
counter/7/0/0/0,35005:1747647678823:,1747647684435
counter/7/0/0/0,35006:1747647678823:,1747647684435
counter/7/0/0/0,35007:1747647678827:,1747647684435
counter/7/0/0/0,35008:1747647678827:,1747647684435
counter/7/0/0/0,35009:1747647678827:,1747647684435
counter/7/0/0/0,35010:1747647678827:,1747647684435
counter/7/0/0/0,35011:1747647678827:,1747647684435
counter/7/0/0/0,35012:1747647678827:,1747647684436
counter/10/0/0/0,28643:1747647671731:,1747647684436
counter/7/0/0/0,35013:1747647678827:,1747647684436
counter/5/0/0/0,36572:1747647679003:,1747647684436
counter/3/0/0/0,29191:1747647674432:,1747647684436
counter/7/0/0/0,35014:1747647678827:,1747647684436
counter/7/0/0/0,35015:1747647678827:,1747647684436
counter/7/0/0/0,35016:1747647678827:,1747647684436
counter/7/0/0/0,35017:1747647678827:,1747647684436
counter/7/0/0/0,35018:1747647678827:,1747647684436
counter/7/0/0/0,35019:1747647678828:,1747647684436
counter/7/0/0/0,35020:1747647678828:,1747647684436
counter/7/0/0/0,35021:1747647678830:,1747647684436
counter/7/0/0/0,35022:1747647678831:,1747647684436
counter/7/0/0/0,35023:1747647678831:,1747647684436
counter/7/0/0/0,35024:1747647678831:,1747647684436
counter/7/0/0/0,35025:1747647678831:,1747647684436
counter/7/0/0/0,35026:1747647678831:,1747647684436
counter/7/0/0/0,35027:1747647678831:,1747647684436
counter/7/0/0/0,35028:1747647678832:,1747647684436
counter/7/0/0/0,35029:1747647678832:,1747647684436
counter/7/0/0/0,35030:1747647678832:,1747647684436
counter/7/0/0/0,35031:1747647678834:,1747647684436
counter/7/0/0/0,35032:1747647678834:,1747647684436
counter/7/0/0/0,35033:1747647678834:,1747647684436
counter/7/0/0/0,35034:1747647678834:,1747647684436
counter/5/0/0/0,36573:1747647679003:,1747647684436
counter/7/0/0/0,35035:1747647678834:,1747647684436
counter/4/0/0/0,33818:1747647677790:,1747647684436
counter/10/0/0/0,28644:1747647671732:,1747647684436
counter/7/0/0/0,35036:1747647678834:,1747647684436
counter/7/0/0/0,35037:1747647678834:,1747647684436
counter/7/0/0/0,35038:1747647678835:,1747647684436
counter/7/0/0/0,35039:1747647678835:,1747647684436
counter/7/0/0/0,35040:1747647678835:,1747647684436
counter/7/0/0/0,35041:1747647678835:,1747647684436
counter/7/0/0/0,35042:1747647678835:,1747647684436
counter/3/0/0/0,29192:1747647674432:,1747647684436
counter/7/0/0/0,35043:1747647678835:,1747647684436
counter/5/0/0/0,36574:1747647679003:,1747647684437
counter/7/0/0/0,35044:1747647678835:,1747647684437
counter/5/0/0/0,36575:1747647679003:,1747647684437
counter/7/0/0/0,35045:1747647678835:,1747647684437
counter/5/0/0/0,36576:1747647679003:,1747647684437
counter/7/0/0/0,35046:1747647678835:,1747647684437
counter/5/0/0/0,36577:1747647679003:,1747647684437
counter/7/0/0/0,35047:1747647678836:,1747647684437
counter/5/0/0/0,36578:1747647679003:,1747647684437
counter/7/0/0/0,35048:1747647678836:,1747647684437
counter/5/0/0/0,36579:1747647679003:,1747647684437
counter/7/0/0/0,35049:1747647678836:,1747647684437
counter/5/0/0/0,36580:1747647679003:,1747647684437
counter/7/0/0/0,35050:1747647678836:,1747647684437
counter/5/0/0/0,36581:1747647679004:,1747647684437
counter/7/0/0/0,35051:1747647678836:,1747647684437
counter/5/0/0/0,36582:1747647679005:,1747647684437
counter/7/0/0/0,35052:1747647678836:,1747647684437
counter/5/0/0/0,36583:1747647679005:,1747647684437
counter/7/0/0/0,35053:1747647678836:,1747647684437
counter/5/0/0/0,36584:1747647679005:,1747647684437
counter/7/0/0/0,35054:1747647678836:,1747647684437
counter/5/0/0/0,36585:1747647679005:,1747647684437
counter/5/0/0/0,36586:1747647679005:,1747647684437
counter/5/0/0/0,36587:1747647679005:,1747647684437
counter/5/0/0/0,36588:1747647679005:,1747647684437
counter/5/0/0/0,36589:1747647679005:,1747647684437
counter/5/0/0/0,36590:1747647679005:,1747647684437
counter/5/0/0/0,36591:1747647679005:,1747647684437
counter/5/0/0/0,36592:1747647679005:,1747647684437
counter/5/0/0/0,36593:1747647679005:,1747647684437
counter/5/0/0/0,36594:1747647679005:,1747647684437
counter/5/0/0/0,36595:1747647679005:,1747647684437
counter/5/0/0/0,36596:1747647679005:,1747647684437
counter/5/0/0/0,36597:1747647679006:,1747647684438
counter/5/0/0/0,36598:1747647679006:,1747647684438
counter/5/0/0/0,36599:1747647679006:,1747647684438
counter/5/0/0/0,36600:1747647679006:,1747647684438
counter/5/0/0/0,36601:1747647679006:,1747647684438
counter/5/0/0/0,36602:1747647679006:,1747647684438
counter/5/0/0/0,36603:1747647679006:,1747647684438
counter/5/0/0/0,36604:1747647679019:,1747647684438
counter/5/0/0/0,36605:1747647679020:,1747647684438
counter/5/0/0/0,36606:1747647679020:,1747647684438
counter/5/0/0/0,36607:1747647679020:,1747647684438
counter/5/0/0/0,36608:1747647679020:,1747647684438
counter/7/0/0/0,35055:1747647678836:,1747647684438
counter/5/0/0/0,36609:1747647679020:,1747647684438
counter/4/0/0/0,33819:1747647677790:,1747647684438
counter/5/0/0/0,36610:1747647679020:,1747647684438
counter/10/0/0/0,28645:1747647671732:,1747647684438
counter/3/0/0/0,29193:1747647674432:,1747647684438
counter/5/0/0/0,36611:1747647679020:,1747647684438
counter/5/0/0/0,36612:1747647679020:,1747647684438
counter/5/0/0/0,36613:1747647679020:,1747647684438
counter/5/0/0/0,36614:1747647679020:,1747647684438
counter/5/0/0/0,36615:1747647679020:,1747647684438
counter/5/0/0/0,36616:1747647679020:,1747647684438
counter/10/0/0/0,28646:1747647671732:,1747647684438
counter/5/0/0/0,36617:1747647679020:,1747647684438
counter/7/0/0/0,35056:1747647678836:,1747647684438
counter/4/0/0/0,33820:1747647677790:,1747647684438
counter/5/0/0/0,36618:1747647679020:,1747647684438
counter/4/0/0/0,33821:1747647677797:,1747647684438
counter/5/0/0/0,36619:1747647679020:,1747647684438
counter/4/0/0/0,33822:1747647677797:,1747647684438
counter/4/0/0/0,33823:1747647677797:,1747647684438
counter/4/0/0/0,33824:1747647677797:,1747647684438
counter/4/0/0/0,33825:1747647677797:,1747647684438
counter/4/0/0/0,33826:1747647677797:,1747647684438
counter/4/0/0/0,33827:1747647677797:,1747647684439
counter/4/0/0/0,33828:1747647677797:,1747647684439
counter/4/0/0/0,33829:1747647677797:,1747647684439
counter/4/0/0/0,33830:1747647677797:,1747647684439
counter/4/0/0/0,33831:1747647677797:,1747647684439
counter/4/0/0/0,33832:1747647677802:,1747647684439
counter/7/0/0/0,35057:1747647678836:,1747647684439
counter/3/0/0/0,29194:1747647674432:,1747647684439
counter/10/0/0/0,28647:1747647671732:,1747647684439
counter/7/0/0/0,35058:1747647678850:,1747647684439
counter/3/0/0/0,29195:1747647674432:,1747647684439
counter/10/0/0/0,28648:1747647671732:,1747647684439
counter/4/0/0/0,33833:1747647677802:,1747647684439
counter/4/0/0/0,33834:1747647677802:,1747647684439
counter/7/0/0/0,35059:1747647678851:,1747647684439
counter/10/0/0/0,28649:1747647671732:,1747647684439
counter/3/0/0/0,29196:1747647674432:,1747647684439
counter/10/0/0/0,28650:1747647671732:,1747647684439
counter/7/0/0/0,35060:1747647678851:,1747647684439
counter/4/0/0/0,33835:1747647677802:,1747647684439
counter/4/0/0/0,33836:1747647677802:,1747647684439
counter/7/0/0/0,35061:1747647678851:,1747647684439
counter/10/0/0/0,28651:1747647671732:,1747647684439
counter/3/0/0/0,29197:1747647674432:,1747647684439
counter/7/0/0/0,35062:1747647678851:,1747647684439
counter/7/0/0/0,35063:1747647678851:,1747647684439
counter/7/0/0/0,35064:1747647678851:,1747647684439
counter/7/0/0/0,35065:1747647678852:,1747647684439
counter/7/0/0/0,35066:1747647678852:,1747647684439
counter/7/0/0/0,35067:1747647678852:,1747647684439
counter/10/0/0/0,28652:1747647671732:,1747647684439
counter/3/0/0/0,29198:1747647674433:,1747647684439
counter/7/0/0/0,35068:1747647678852:,1747647684439
counter/10/0/0/0,28653:1747647671732:,1747647684439
counter/3/0/0/0,29199:1747647674433:,1747647684439
counter/10/0/0/0,28654:1747647671732:,1747647684439
counter/7/0/0/0,35069:1747647678852:,1747647684440
counter/3/0/0/0,29200:1747647674434:,1747647684440
counter/10/0/0/0,28655:1747647671732:,1747647684440
counter/7/0/0/0,35070:1747647678854:,1747647684440
counter/4/0/0/0,33837:1747647677802:,1747647684440
counter/4/0/0/0,33838:1747647677802:,1747647684440
counter/7/0/0/0,35071:1747647678854:,1747647684440
counter/10/0/0/0,28656:1747647671732:,1747647684440
counter/3/0/0/0,29201:1747647674434:,1747647684440
counter/4/0/0/0,33839:1747647677802:,1747647684440
counter/3/0/0/0,29202:1747647674434:,1747647684440
counter/10/0/0/0,28657:1747647671732:,1747647684440
counter/7/0/0/0,35072:1747647678854:,1747647684440
counter/4/0/0/0,33840:1747647677802:,1747647684440
counter/10/0/0/0,28658:1747647671733:,1747647684440
counter/7/0/0/0,35073:1747647678854:,1747647684440
counter/10/0/0/0,28659:1747647671733:,1747647684440
counter/4/0/0/0,33841:1747647677802:,1747647684440
counter/7/0/0/0,35074:1747647678856:,1747647684440
counter/10/0/0/0,28660:1747647671733:,1747647684440
counter/4/0/0/0,33842:1747647677802:,1747647684440
counter/7/0/0/0,35075:1747647678856:,1747647684440
counter/7/0/0/0,35076:1747647678856:,1747647684440
counter/7/0/0/0,35077:1747647678856:,1747647684440
counter/7/0/0/0,35078:1747647678856:,1747647684440
counter/7/0/0/0,35079:1747647678856:,1747647684440
counter/7/0/0/0,35080:1747647678856:,1747647684440
counter/7/0/0/0,35081:1747647678856:,1747647684440
counter/7/0/0/0,35082:1747647678856:,1747647684440
counter/4/0/0/0,33843:1747647677802:,1747647684440
counter/10/0/0/0,28661:1747647671733:,1747647684440
counter/7/0/0/0,35083:1747647678856:,1747647684440
counter/3/0/0/0,29203:1747647674434:,1747647684441
counter/10/0/0/0,28662:1747647671733:,1747647684441
counter/4/0/0/0,33844:1747647677802:,1747647684441
counter/10/0/0/0,28663:1747647671733:,1747647684441
counter/4/0/0/0,33845:1747647677802:,1747647684441
counter/3/0/0/0,29204:1747647674434:,1747647684441
counter/7/0/0/0,35084:1747647678856:,1747647684441
counter/7/0/0/0,35085:1747647678856:,1747647684441
counter/10/0/0/0,28664:1747647671733:,1747647684441
counter/4/0/0/0,33846:1747647677802:,1747647684441
counter/4/0/0/0,33847:1747647677802:,1747647684441
counter/4/0/0/0,33848:1747647677802:,1747647684441
counter/10/0/0/0,28665:1747647671733:,1747647684441
counter/4/0/0/0,33849:1747647677802:,1747647684441
counter/7/0/0/0,35086:1747647678856:,1747647684441
counter/4/0/0/0,33850:1747647677802:,1747647684441
counter/10/0/0/0,28666:1747647671733:,1747647684441
counter/4/0/0/0,33851:1747647677803:,1747647684441
counter/3/0/0/0,29205:1747647674434:,1747647684441
counter/10/0/0/0,28667:1747647671733:,1747647684441
counter/7/0/0/0,35087:1747647678856:,1747647684441
counter/10/0/0/0,28668:1747647671733:,1747647684441
counter/7/0/0/0,35088:1747647678864:,1747647684441
counter/4/0/0/0,33852:1747647677803:,1747647684441
counter/7/0/0/0,35089:1747647678864:,1747647684441
counter/10/0/0/0,28669:1747647671733:,1747647684441
counter/3/0/0/0,29206:1747647674434:,1747647684441
counter/7/0/0/0,35090:1747647678865:,1747647684441
counter/4/0/0/0,33853:1747647677803:,1747647684441
counter/10/0/0/0,28670:1747647671733:,1747647684441
counter/10/0/0/0,28671:1747647671733:,1747647684441
counter/3/0/0/0,29207:1747647674434:,1747647684441
counter/7/0/0/0,35091:1747647678865:,1747647684441
counter/10/0/0/0,28672:1747647671733:,1747647684441
counter/7/0/0/0,35092:1747647678865:,1747647684441
counter/3/0/0/0,29208:1747647674434:,1747647684441
counter/7/0/0/0,35093:1747647678865:,1747647684441
counter/4/0/0/0,33854:1747647677803:,1747647684441
counter/10/0/0/0,28673:1747647671733:,1747647684442
counter/10/0/0/0,28674:1747647671733:,1747647684442
counter/7/0/0/0,35094:1747647678865:,1747647684442
counter/10/0/0/0,28675:1747647671733:,1747647684442
counter/3/0/0/0,29209:1747647674434:,1747647684442
counter/7/0/0/0,35095:1747647678865:,1747647684442
counter/7/0/0/0,35096:1747647678865:,1747647684442
counter/10/0/0/0,28676:1747647671733:,1747647684442
counter/4/0/0/0,33855:1747647677803:,1747647684442
counter/10/0/0/0,28677:1747647671733:,1747647684442
counter/4/0/0/0,33856:1747647677803:,1747647684442
counter/7/0/0/0,35097:1747647678865:,1747647684442
counter/10/0/0/0,28678:1747647671733:,1747647684442
counter/4/0/0/0,33857:1747647677803:,1747647684442
counter/7/0/0/0,35098:1747647678865:,1747647684442
counter/10/0/0/0,28679:1747647671733:,1747647684442
counter/7/0/0/0,35099:1747647678868:,1747647684442
counter/4/0/0/0,33858:1747647677803:,1747647684442
counter/7/0/0/0,35100:1747647678868:,1747647684442
counter/10/0/0/0,28680:1747647671745:,1747647684442
counter/10/0/0/0,28681:1747647671745:,1747647684442
counter/10/0/0/0,28682:1747647671745:,1747647684442
counter/10/0/0/0,28683:1747647671745:,1747647684442
counter/10/0/0/0,28684:1747647671745:,1747647684442
counter/10/0/0/0,28685:1747647671746:,1747647684442
counter/10/0/0/0,28686:1747647671769:,1747647684442
counter/10/0/0/0,28687:1747647671777:,1747647684442
counter/10/0/0/0,28688:1747647671778:,1747647684442
counter/10/0/0/0,28689:1747647671778:,1747647684442
counter/10/0/0/0,28690:1747647671778:,1747647684442
counter/10/0/0/0,28691:1747647671778:,1747647684442
counter/10/0/0/0,28692:1747647671779:,1747647684442
counter/10/0/0/0,28693:1747647671779:,1747647684442
counter/10/0/0/0,28694:1747647671779:,1747647684442
counter/10/0/0/0,28695:1747647671779:,1747647684442
counter/10/0/0/0,28696:1747647671780:,1747647684442
counter/10/0/0/0,28697:1747647671780:,1747647684443
counter/10/0/0/0,28698:1747647671780:,1747647684443
counter/10/0/0/0,28699:1747647671780:,1747647684443
counter/10/0/0/0,28700:1747647671783:,1747647684443
counter/10/0/0/0,28701:1747647671783:,1747647684443
counter/10/0/0/0,28702:1747647671783:,1747647684443
counter/10/0/0/0,28703:1747647671783:,1747647684443
counter/10/0/0/0,28704:1747647671783:,1747647684443
counter/4/0/0/0,33859:1747647677803:,1747647684443
counter/7/0/0/0,35101:1747647678868:,1747647684443
counter/7/0/0/0,35102:1747647678868:,1747647684443
counter/10/0/0/0,28705:1747647671783:,1747647684443
counter/4/0/0/0,33860:1747647677803:,1747647684443
counter/7/0/0/0,35103:1747647678868:,1747647684443
counter/4/0/0/0,33861:1747647677823:,1747647684443
counter/3/0/0/0,29210:1747647674434:,1747647684443
counter/10/0/0/0,28706:1747647671783:,1747647684443
counter/7/0/0/0,35104:1747647678868:,1747647684443
counter/3/0/0/0,29211:1747647674434:,1747647684443
counter/10/0/0/0,28707:1747647671786:,1747647684443
counter/7/0/0/0,35105:1747647678868:,1747647684443
counter/3/0/0/0,29212:1747647674434:,1747647684443
counter/4/0/0/0,33862:1747647677823:,1747647684443
counter/10/0/0/0,28708:1747647671787:,1747647684443
counter/3/0/0/0,29213:1747647674434:,1747647684443
counter/7/0/0/0,35106:1747647678868:,1747647684443
counter/4/0/0/0,33863:1747647677823:,1747647684443
counter/7/0/0/0,35107:1747647678868:,1747647684443
counter/3/0/0/0,29214:1747647674434:,1747647684443
counter/4/0/0/0,33864:1747647677823:,1747647684443
counter/7/0/0/0,35108:1747647678871:,1747647684443
counter/3/0/0/0,29215:1747647674434:,1747647684443
counter/3/0/0/0,29216:1747647674434:,1747647684443
counter/10/0/0/0,28709:1747647671787:,1747647684443
counter/4/0/0/0,33865:1747647677823:,1747647684443
counter/7/0/0/0,35109:1747647678871:,1747647684444
counter/10/0/0/0,28710:1747647671787:,1747647684444
counter/4/0/0/0,33866:1747647677823:,1747647684444
counter/7/0/0/0,35110:1747647678871:,1747647684444
counter/7/0/0/0,35111:1747647678872:,1747647684444
counter/7/0/0/0,35112:1747647678872:,1747647684444
counter/7/0/0/0,35113:1747647678872:,1747647684444
counter/7/0/0/0,35114:1747647678872:,1747647684444
counter/3/0/0/0,29217:1747647674434:,1747647684444
counter/10/0/0/0,28711:1747647671787:,1747647684444
counter/4/0/0/0,33867:1747647677823:,1747647684444
counter/3/0/0/0,29218:1747647674434:,1747647684444
counter/4/0/0/0,33868:1747647677823:,1747647684444
counter/3/0/0/0,29219:1747647674434:,1747647684444
counter/7/0/0/0,35115:1747647678872:,1747647684444
counter/10/0/0/0,28712:1747647671787:,1747647684444
counter/4/0/0/0,33869:1747647677824:,1747647684444
counter/3/0/0/0,29220:1747647674434:,1747647684444
counter/7/0/0/0,35116:1747647678872:,1747647684444
counter/10/0/0/0,28713:1747647671787:,1747647684444
counter/4/0/0/0,33870:1747647677824:,1747647684444
counter/3/0/0/0,29221:1747647674434:,1747647684444
counter/7/0/0/0,35117:1747647678872:,1747647684444
counter/10/0/0/0,28714:1747647671787:,1747647684444
counter/4/0/0/0,33871:1747647677824:,1747647684444
counter/3/0/0/0,29222:1747647674436:,1747647684444
counter/7/0/0/0,35118:1747647678874:,1747647684444
counter/10/0/0/0,28715:1747647671791:,1747647684444
counter/4/0/0/0,33872:1747647677824:,1747647684444
counter/3/0/0/0,29223:1747647674436:,1747647684444
counter/7/0/0/0,35119:1747647678874:,1747647684444
counter/10/0/0/0,28716:1747647671791:,1747647684444
counter/4/0/0/0,33873:1747647677824:,1747647684444
counter/3/0/0/0,29224:1747647674436:,1747647684444
counter/7/0/0/0,35120:1747647678874:,1747647684444
counter/10/0/0/0,28717:1747647671791:,1747647684444
counter/4/0/0/0,33874:1747647677824:,1747647684444
counter/3/0/0/0,29225:1747647674436:,1747647684444
counter/7/0/0/0,35121:1747647678874:,1747647684445
counter/10/0/0/0,28718:1747647671791:,1747647684445
counter/4/0/0/0,33875:1747647677824:,1747647684445
counter/3/0/0/0,29226:1747647674436:,1747647684445
counter/7/0/0/0,35122:1747647678874:,1747647684445
counter/10/0/0/0,28719:1747647671791:,1747647684445
counter/4/0/0/0,33876:1747647677825:,1747647684445
counter/3/0/0/0,29227:1747647674436:,1747647684445
counter/7/0/0/0,35123:1747647678874:,1747647684445
counter/10/0/0/0,28720:1747647671791:,1747647684445
counter/4/0/0/0,33877:1747647677825:,1747647684445
counter/3/0/0/0,29228:1747647674436:,1747647684445
counter/7/0/0/0,35124:1747647678874:,1747647684445
counter/10/0/0/0,28721:1747647671791:,1747647684445
counter/4/0/0/0,33878:1747647677825:,1747647684445
counter/3/0/0/0,29229:1747647674436:,1747647684445
counter/7/0/0/0,35125:1747647678874:,1747647684445
counter/10/0/0/0,28722:1747647671791:,1747647684445
counter/4/0/0/0,33879:1747647677825:,1747647684445
counter/3/0/0/0,29230:1747647674436:,1747647684445
counter/7/0/0/0,35126:1747647678874:,1747647684445
counter/10/0/0/0,28723:1747647671791:,1747647684445
counter/4/0/0/0,33880:1747647677826:,1747647684445
counter/3/0/0/0,29231:1747647674442:,1747647684445
counter/7/0/0/0,35127:1747647678874:,1747647684445
counter/10/0/0/0,28724:1747647671791:,1747647684445
counter/10/0/0/0,28725:1747647671791:,1747647684445
counter/10/0/0/0,28726:1747647671791:,1747647684445
counter/10/0/0/0,28727:1747647671809:,1747647684445
counter/10/0/0/0,28728:1747647671809:,1747647684445
counter/10/0/0/0,28729:1747647671809:,1747647684445
counter/7/0/0/0,35128:1747647678874:,1747647684445
counter/4/0/0/0,33881:1747647677826:,1747647684445
counter/3/0/0/0,29232:1747647674442:,1747647684445
counter/10/0/0/0,28730:1747647671809:,1747647684445
counter/7/0/0/0,35129:1747647678874:,1747647684445
counter/7/0/0/0,35130:1747647678878:,1747647684446
counter/7/0/0/0,35131:1747647678878:,1747647684446
counter/10/0/0/0,28731:1747647671809:,1747647684446
counter/10/0/0/0,28732:1747647671809:,1747647684446
counter/10/0/0/0,28733:1747647671809:,1747647684446
counter/7/0/0/0,35132:1747647678878:,1747647684446
counter/7/0/0/0,35133:1747647678878:,1747647684446
counter/7/0/0/0,35134:1747647678878:,1747647684446
counter/10/0/0/0,28734:1747647671809:,1747647684446
counter/4/0/0/0,33882:1747647677826:,1747647684446
counter/3/0/0/0,29233:1747647674442:,1747647684446
counter/7/0/0/0,35135:1747647678878:,1747647684446
counter/10/0/0/0,28735:1747647671809:,1747647684446
counter/4/0/0/0,33883:1747647677826:,1747647684446
counter/3/0/0/0,29234:1747647674442:,1747647684446
counter/7/0/0/0,35136:1747647678878:,1747647684446
counter/10/0/0/0,28736:1747647671809:,1747647684446
counter/4/0/0/0,33884:1747647677826:,1747647684446
counter/3/0/0/0,29235:1747647674442:,1747647684446
counter/7/0/0/0,35137:1747647678878:,1747647684446
counter/10/0/0/0,28737:1747647671809:,1747647684446
counter/4/0/0/0,33885:1747647677826:,1747647684446
counter/3/0/0/0,29236:1747647674442:,1747647684446
counter/7/0/0/0,35138:1747647678878:,1747647684446
counter/10/0/0/0,28738:1747647671809:,1747647684446
counter/10/0/0/0,28739:1747647671809:,1747647684446
counter/10/0/0/0,28740:1747647671809:,1747647684446
counter/7/0/0/0,35139:1747647678878:,1747647684447
counter/4/0/0/0,33886:1747647677826:,1747647684447
counter/3/0/0/0,29237:1747647674442:,1747647684447
counter/10/0/0/0,28741:1747647671815:,1747647684447
counter/7/0/0/0,35140:1747647678878:,1747647684447
counter/4/0/0/0,33887:1747647677826:,1747647684447
counter/3/0/0/0,29238:1747647674442:,1747647684447
counter/10/0/0/0,28742:1747647671815:,1747647684447
counter/7/0/0/0,35141:1747647678878:,1747647684447
counter/4/0/0/0,33888:1747647677826:,1747647684447
counter/3/0/0/0,29239:1747647674442:,1747647684447
counter/10/0/0/0,28743:1747647671816:,1747647684447
counter/7/0/0/0,35142:1747647678883:,1747647684447
counter/4/0/0/0,33889:1747647677826:,1747647684447
counter/3/0/0/0,29240:1747647674442:,1747647684447
counter/10/0/0/0,28744:1747647671816:,1747647684447
counter/7/0/0/0,35143:1747647678883:,1747647684447
counter/4/0/0/0,33890:1747647677853:,1747647684447
counter/3/0/0/0,29241:1747647674442:,1747647684447
counter/10/0/0/0,28745:1747647671830:,1747647684447
counter/7/0/0/0,35144:1747647678883:,1747647684447
counter/4/0/0/0,33891:1747647677853:,1747647684447
counter/3/0/0/0,29242:1747647674442:,1747647684447
counter/10/0/0/0,28746:1747647671830:,1747647684447
counter/7/0/0/0,35145:1747647678883:,1747647684447
counter/4/0/0/0,33892:1747647677854:,1747647684447
counter/3/0/0/0,29243:1747647674442:,1747647684447
counter/10/0/0/0,28747:1747647671830:,1747647684447
counter/10/0/0/0,28748:1747647671830:,1747647684447
counter/10/0/0/0,28749:1747647671830:,1747647684447
counter/10/0/0/0,28750:1747647671830:,1747647684447
counter/10/0/0/0,28751:1747647671831:,1747647684447
counter/10/0/0/0,28752:1747647671831:,1747647684447
counter/7/0/0/0,35146:1747647678883:,1747647684447
counter/3/0/0/0,29244:1747647674442:,1747647684447
counter/10/0/0/0,28753:1747647671831:,1747647684447
counter/4/0/0/0,33893:1747647677854:,1747647684448
counter/7/0/0/0,35147:1747647678888:,1747647684448
counter/3/0/0/0,29245:1747647674442:,1747647684448
counter/4/0/0/0,33894:1747647677854:,1747647684448
counter/10/0/0/0,28754:1747647671831:,1747647684448
counter/7/0/0/0,35148:1747647678888:,1747647684448
counter/3/0/0/0,29246:1747647674446:,1747647684448
counter/4/0/0/0,33895:1747647677854:,1747647684448
counter/10/0/0/0,28755:1747647671831:,1747647684448
counter/7/0/0/0,35149:1747647678888:,1747647684448
counter/3/0/0/0,29247:1747647674446:,1747647684448
counter/4/0/0/0,33896:1747647677854:,1747647684448
counter/10/0/0/0,28756:1747647671831:,1747647684448
counter/7/0/0/0,35150:1747647678888:,1747647684448
counter/3/0/0/0,29248:1747647674446:,1747647684448
counter/4/0/0/0,33897:1747647677862:,1747647684448
counter/10/0/0/0,28757:1747647671831:,1747647684448
counter/7/0/0/0,35151:1747647678888:,1747647684448
counter/3/0/0/0,29249:1747647674446:,1747647684448
counter/4/0/0/0,33898:1747647677862:,1747647684448
counter/10/0/0/0,28758:1747647671831:,1747647684448
counter/7/0/0/0,35152:1747647678888:,1747647684448
counter/3/0/0/0,29250:1747647674446:,1747647684448
counter/4/0/0/0,33899:1747647677875:,1747647684448
counter/10/0/0/0,28759:1747647671831:,1747647684448
counter/7/0/0/0,35153:1747647678890:,1747647684448
counter/3/0/0/0,29251:1747647674446:,1747647684448
counter/4/0/0/0,33900:1747647677875:,1747647684448
counter/10/0/0/0,28760:1747647671831:,1747647684448
counter/7/0/0/0,35154:1747647678890:,1747647684448
counter/3/0/0/0,29252:1747647674446:,1747647684448
counter/4/0/0/0,33901:1747647677875:,1747647684448
counter/10/0/0/0,28761:1747647671833:,1747647684448
counter/7/0/0/0,35155:1747647678890:,1747647684448
counter/3/0/0/0,29253:1747647674446:,1747647684448
counter/4/0/0/0,33902:1747647677875:,1747647684449
counter/10/0/0/0,28762:1747647671833:,1747647684449
counter/7/0/0/0,35156:1747647678890:,1747647684449
counter/3/0/0/0,29254:1747647674446:,1747647684449
counter/4/0/0/0,33903:1747647677875:,1747647684449
counter/10/0/0/0,28763:1747647671833:,1747647684449
counter/7/0/0/0,35157:1747647678890:,1747647684449
counter/3/0/0/0,29255:1747647674446:,1747647684449
counter/4/0/0/0,33904:1747647677877:,1747647684449
counter/10/0/0/0,28764:1747647671833:,1747647684449
counter/7/0/0/0,35158:1747647678890:,1747647684449
counter/3/0/0/0,29256:1747647674446:,1747647684449
counter/4/0/0/0,33905:1747647677877:,1747647684449
counter/10/0/0/0,28765:1747647671833:,1747647684449
counter/7/0/0/0,35159:1747647678890:,1747647684449
counter/3/0/0/0,29257:1747647674447:,1747647684449
counter/4/0/0/0,33906:1747647677877:,1747647684449
counter/10/0/0/0,28766:1747647671833:,1747647684449
counter/7/0/0/0,35160:1747647678895:,1747647684449
counter/3/0/0/0,29258:1747647674447:,1747647684449
counter/4/0/0/0,33907:1747647677878:,1747647684449
counter/10/0/0/0,28767:1747647671833:,1747647684449
counter/7/0/0/0,35161:1747647678895:,1747647684449
counter/3/0/0/0,29259:1747647674447:,1747647684449
counter/4/0/0/0,33908:1747647677878:,1747647684449
counter/10/0/0/0,28768:1747647671833:,1747647684449
counter/7/0/0/0,35162:1747647678897:,1747647684449
counter/3/0/0/0,29260:1747647674447:,1747647684449
counter/4/0/0/0,33909:1747647677878:,1747647684449
counter/10/0/0/0,28769:1747647671833:,1747647684449
counter/7/0/0/0,35163:1747647678897:,1747647684449
counter/3/0/0/0,29261:1747647674447:,1747647684449
counter/4/0/0/0,33910:1747647677878:,1747647684449
counter/10/0/0/0,28770:1747647671833:,1747647684449
counter/7/0/0/0,35164:1747647678897:,1747647684449
counter/3/0/0/0,29262:1747647674447:,1747647684450
counter/4/0/0/0,33911:1747647677878:,1747647684450
counter/10/0/0/0,28771:1747647671833:,1747647684450
counter/7/0/0/0,35165:1747647678897:,1747647684450
counter/3/0/0/0,29263:1747647674447:,1747647684450
counter/4/0/0/0,33912:1747647677878:,1747647684450
counter/10/0/0/0,28772:1747647671834:,1747647684450
counter/7/0/0/0,35166:1747647678897:,1747647684450
counter/3/0/0/0,29264:1747647674448:,1747647684450
counter/4/0/0/0,33913:1747647677878:,1747647684450
counter/4/0/0/0,33914:1747647677878:,1747647684450
counter/4/0/0/0,33915:1747647677878:,1747647684450
counter/4/0/0/0,33916:1747647677878:,1747647684450
counter/4/0/0/0,33917:1747647677878:,1747647684450
counter/4/0/0/0,33918:1747647677878:,1747647684450
counter/4/0/0/0,33919:1747647677883:,1747647684450
counter/3/0/0/0,29265:1747647674448:,1747647684450
counter/10/0/0/0,28773:1747647671834:,1747647684450
counter/7/0/0/0,35167:1747647678897:,1747647684450
counter/4/0/0/0,33920:1747647677884:,1747647684450
counter/3/0/0/0,29266:1747647674448:,1747647684450
counter/7/0/0/0,35168:1747647678897:,1747647684450
counter/10/0/0/0,28774:1747647671834:,1747647684450
counter/4/0/0/0,33921:1747647677884:,1747647684450
counter/3/0/0/0,29267:1747647674448:,1747647684450
counter/7/0/0/0,35169:1747647678898:,1747647684450
counter/10/0/0/0,28775:1747647671854:,1747647684450
counter/4/0/0/0,33922:1747647677889:,1747647684450
counter/3/0/0/0,29268:1747647674448:,1747647684450
counter/7/0/0/0,35170:1747647678898:,1747647684450
counter/10/0/0/0,28776:1747647671854:,1747647684450
counter/4/0/0/0,33923:1747647677889:,1747647684450
counter/3/0/0/0,29269:1747647674448:,1747647684450
counter/7/0/0/0,35171:1747647678898:,1747647684450
counter/10/0/0/0,28777:1747647671854:,1747647684450
counter/4/0/0/0,33924:1747647677889:,1747647684450
counter/3/0/0/0,29270:1747647674448:,1747647684451
counter/7/0/0/0,35172:1747647678898:,1747647684451
counter/10/0/0/0,28778:1747647671854:,1747647684451
counter/4/0/0/0,33925:1747647677889:,1747647684451
counter/3/0/0/0,29271:1747647674448:,1747647684451
counter/7/0/0/0,35173:1747647678898:,1747647684451
counter/10/0/0/0,28779:1747647671854:,1747647684451
counter/4/0/0/0,33926:1747647677889:,1747647684451
counter/3/0/0/0,29272:1747647674448:,1747647684451
counter/7/0/0/0,35174:1747647678898:,1747647684451
counter/10/0/0/0,28780:1747647671854:,1747647684451
counter/10/0/0/0,28781:1747647671854:,1747647684451
counter/4/0/0/0,33927:1747647677889:,1747647684451
counter/10/0/0/0,28782:1747647671854:,1747647684451
counter/7/0/0/0,35175:1747647678898:,1747647684451
counter/3/0/0/0,29273:1747647674448:,1747647684451
counter/4/0/0/0,33928:1747647677889:,1747647684451
counter/4/0/0/0,33929:1747647677889:,1747647684451
counter/4/0/0/0,33930:1747647677889:,1747647684451
counter/4/0/0/0,33931:1747647677889:,1747647684451
counter/7/0/0/0,35176:1747647678902:,1747647684451
counter/4/0/0/0,33932:1747647677889:,1747647684451
counter/3/0/0/0,29274:1747647674448:,1747647684451
counter/10/0/0/0,28783:1747647671854:,1747647684451
counter/4/0/0/0,33933:1747647677889:,1747647684451
counter/7/0/0/0,35177:1747647678905:,1747647684451
counter/3/0/0/0,29275:1747647674448:,1747647684451
counter/10/0/0/0,28784:1747647671864:,1747647684451
counter/4/0/0/0,33934:1747647677889:,1747647684451
counter/7/0/0/0,35178:1747647678905:,1747647684451
counter/3/0/0/0,29276:1747647674448:,1747647684451
counter/10/0/0/0,28785:1747647671864:,1747647684451
counter/4/0/0/0,33935:1747647677889:,1747647684451
counter/7/0/0/0,35179:1747647678905:,1747647684452
counter/3/0/0/0,29277:1747647674448:,1747647684452
counter/10/0/0/0,28786:1747647671864:,1747647684452
counter/10/0/0/0,28787:1747647671864:,1747647684452
counter/7/0/0/0,35180:1747647678905:,1747647684452
counter/3/0/0/0,29278:1747647674448:,1747647684452
counter/4/0/0/0,33936:1747647677889:,1747647684452
counter/10/0/0/0,28788:1747647671864:,1747647684452
counter/7/0/0/0,35181:1747647678905:,1747647684452
counter/3/0/0/0,29279:1747647674449:,1747647684452
counter/4/0/0/0,33937:1747647677893:,1747647684452
counter/10/0/0/0,28789:1747647671864:,1747647684452
counter/7/0/0/0,35182:1747647678905:,1747647684452
counter/3/0/0/0,29280:1747647674449:,1747647684452
counter/4/0/0/0,33938:1747647677893:,1747647684452
counter/10/0/0/0,28790:1747647671864:,1747647684452
counter/7/0/0/0,35183:1747647678905:,1747647684452
counter/3/0/0/0,29281:1747647674449:,1747647684452
counter/4/0/0/0,33939:1747647677893:,1747647684452
counter/10/0/0/0,28791:1747647671865:,1747647684452
counter/7/0/0/0,35184:1747647678905:,1747647684452
counter/3/0/0/0,29282:1747647674450:,1747647684452
counter/4/0/0/0,33940:1747647677893:,1747647684452
counter/10/0/0/0,28792:1747647671865:,1747647684452
counter/7/0/0/0,35185:1747647678905:,1747647684452
counter/3/0/0/0,29283:1747647674450:,1747647684452
counter/4/0/0/0,33941:1747647677893:,1747647684452
counter/10/0/0/0,28793:1747647671865:,1747647684452
counter/7/0/0/0,35186:1747647678905:,1747647684452
counter/3/0/0/0,29284:1747647674450:,1747647684452
counter/4/0/0/0,33942:1747647677893:,1747647684452
counter/10/0/0/0,28794:1747647671865:,1747647684452
counter/7/0/0/0,35187:1747647678907:,1747647684452
counter/3/0/0/0,29285:1747647674450:,1747647684452
counter/4/0/0/0,33943:1747647677893:,1747647684452
counter/10/0/0/0,28795:1747647671865:,1747647684452
counter/7/0/0/0,35188:1747647678907:,1747647684453
counter/3/0/0/0,29286:1747647674450:,1747647684453
counter/4/0/0/0,33944:1747647677899:,1747647684453
counter/10/0/0/0,28796:1747647671865:,1747647684453
counter/7/0/0/0,35189:1747647678907:,1747647684453
counter/3/0/0/0,29287:1747647674474:,1747647684453
counter/4/0/0/0,33945:1747647677901:,1747647684453
counter/10/0/0/0,28797:1747647671865:,1747647684453
counter/7/0/0/0,35190:1747647678907:,1747647684453
counter/3/0/0/0,29288:1747647674474:,1747647684453
counter/4/0/0/0,33946:1747647677901:,1747647684453
counter/10/0/0/0,28798:1747647671865:,1747647684453
counter/7/0/0/0,35191:1747647678907:,1747647684453
counter/3/0/0/0,29289:1747647674474:,1747647684453
counter/4/0/0/0,33947:1747647677901:,1747647684453
counter/10/0/0/0,28799:1747647671865:,1747647684453
counter/7/0/0/0,35192:1747647678907:,1747647684453
counter/3/0/0/0,29290:1747647674474:,1747647684453
counter/4/0/0/0,33948:1747647677901:,1747647684453
counter/10/0/0/0,28800:1747647671865:,1747647684453
counter/7/0/0/0,35193:1747647678907:,1747647684453
counter/3/0/0/0,29291:1747647674474:,1747647684453
counter/4/0/0/0,33949:1747647677904:,1747647684453
counter/10/0/0/0,28801:1747647671865:,1747647684453
counter/7/0/0/0,35194:1747647678907:,1747647684453
counter/3/0/0/0,29292:1747647674474:,1747647684453
counter/4/0/0/0,33950:1747647677926:,1747647684453
counter/4/0/0/0,33951:1747647677927:,1747647684453
counter/4/0/0/0,33952:1747647677927:,1747647684453
counter/4/0/0/0,33953:1747647677927:,1747647684453
counter/4/0/0/0,33954:1747647677927:,1747647684453
counter/4/0/0/0,33955:1747647677927:,1747647684453
counter/4/0/0/0,33956:1747647677927:,1747647684453
counter/10/0/0/0,28802:1747647671877:,1747647684453
counter/4/0/0/0,33957:1747647677927:,1747647684453
counter/3/0/0/0,29293:1747647674474:,1747647684453
counter/7/0/0/0,35195:1747647678907:,1747647684453
counter/10/0/0/0,28803:1747647671877:,1747647684453
counter/3/0/0/0,29294:1747647674474:,1747647684453
counter/4/0/0/0,33958:1747647677927:,1747647684454
counter/7/0/0/0,35196:1747647678907:,1747647684454
counter/10/0/0/0,28804:1747647671877:,1747647684454
counter/3/0/0/0,29295:1747647674474:,1747647684454
counter/4/0/0/0,33959:1747647677927:,1747647684454
counter/7/0/0/0,35197:1747647678908:,1747647684454
counter/10/0/0/0,28805:1747647671877:,1747647684454
counter/3/0/0/0,29296:1747647674474:,1747647684454
counter/4/0/0/0,33960:1747647677927:,1747647684454
counter/7/0/0/0,35198:1747647678908:,1747647684454
counter/10/0/0/0,28806:1747647671877:,1747647684454
counter/3/0/0/0,29297:1747647674474:,1747647684454
counter/4/0/0/0,33961:1747647677927:,1747647684454
counter/4/0/0/0,33962:1747647677927:,1747647684454
counter/4/0/0/0,33963:1747647677927:,1747647684454
counter/4/0/0/0,33964:1747647677927:,1747647684454
counter/4/0/0/0,33965:1747647677927:,1747647684454
counter/4/0/0/0,33966:1747647677933:,1747647684454
counter/4/0/0/0,33967:1747647677934:,1747647684454
counter/7/0/0/0,35199:1747647678908:,1747647684454
counter/4/0/0/0,33968:1747647677934:,1747647684454
counter/3/0/0/0,29298:1747647674474:,1747647684454
counter/10/0/0/0,28807:1747647671877:,1747647684454
counter/4/0/0/0,33969:1747647677934:,1747647684454
counter/3/0/0/0,29299:1747647674474:,1747647684454
counter/7/0/0/0,35200:1747647678908:,1747647684454
counter/7/0/0/0,35201:1747647678908:,1747647684454
counter/10/0/0/0,28808:1747647671877:,1747647684454
counter/7/0/0/0,35202:1747647678910:,1747647684454
counter/7/0/0/0,35203:1747647678919:,1747647684454
counter/7/0/0/0,35204:1747647678920:,1747647684454
counter/7/0/0/0,35205:1747647678920:,1747647684454
counter/7/0/0/0,35206:1747647678920:,1747647684454
counter/10/0/0/0,28809:1747647671877:,1747647684454
counter/7/0/0/0,35207:1747647678920:,1747647684454
counter/3/0/0/0,29300:1747647674474:,1747647684454
counter/7/0/0/0,35208:1747647678920:,1747647684454
counter/7/0/0/0,35209:1747647678920:,1747647684455
counter/7/0/0/0,35210:1747647678920:,1747647684455
counter/10/0/0/0,28810:1747647671877:,1747647684455
counter/7/0/0/0,35211:1747647678920:,1747647684455
counter/3/0/0/0,29301:1747647674474:,1747647684455
counter/7/0/0/0,35212:1747647678920:,1747647684455
counter/7/0/0/0,35213:1747647678920:,1747647684455
counter/7/0/0/0,35214:1747647678920:,1747647684455
counter/7/0/0/0,35215:1747647678920:,1747647684455
counter/7/0/0/0,35216:1747647678920:,1747647684455
counter/4/0/0/0,33970:1747647677934:,1747647684455
counter/7/0/0/0,35217:1747647678920:,1747647684455
counter/10/0/0/0,28811:1747647671877:,1747647684455
counter/7/0/0/0,35218:1747647678920:,1747647684455
counter/7/0/0/0,35219:1747647678920:,1747647684455
counter/7/0/0/0,35220:1747647678923:,1747647684455
counter/7/0/0/0,35221:1747647678923:,1747647684455
counter/7/0/0/0,35222:1747647678923:,1747647684455
counter/3/0/0/0,29302:1747647674474:,1747647684455
counter/7/0/0/0,35223:1747647678923:,1747647684455
counter/4/0/0/0,33971:1747647677934:,1747647684455
counter/7/0/0/0,35224:1747647678923:,1747647684455
counter/4/0/0/0,33972:1747647677934:,1747647684455
counter/10/0/0/0,28812:1747647671877:,1747647684455
counter/3/0/0/0,29303:1747647674474:,1747647684455
counter/7/0/0/0,35225:1747647678923:,1747647684455
counter/10/0/0/0,28813:1747647671877:,1747647684455
counter/10/0/0/0,28814:1747647671877:,1747647684455
counter/10/0/0/0,28815:1747647671877:,1747647684455
counter/10/0/0/0,28816:1747647671877:,1747647684455
counter/7/0/0/0,35226:1747647678923:,1747647684455
counter/10/0/0/0,28817:1747647671878:,1747647684455
counter/4/0/0/0,33973:1747647677934:,1747647684455
counter/10/0/0/0,28818:1747647671878:,1747647684455
counter/10/0/0/0,28819:1747647671878:,1747647684455
counter/10/0/0/0,28820:1747647671878:,1747647684455
counter/10/0/0/0,28821:1747647671878:,1747647684455
counter/10/0/0/0,28822:1747647671878:,1747647684455
counter/7/0/0/0,35227:1747647678923:,1747647684455
counter/10/0/0/0,28823:1747647671878:,1747647684456
counter/4/0/0/0,33974:1747647677934:,1747647684456
counter/10/0/0/0,28824:1747647671878:,1747647684456
counter/10/0/0/0,28825:1747647671878:,1747647684456
counter/4/0/0/0,33975:1747647677934:,1747647684456
counter/10/0/0/0,28826:1747647671878:,1747647684456
counter/3/0/0/0,29304:1747647674474:,1747647684456
counter/10/0/0/0,28827:1747647671878:,1747647684456
counter/7/0/0/0,35228:1747647678923:,1747647684456
counter/10/0/0/0,28828:1747647671878:,1747647684456
counter/4/0/0/0,33976:1747647677934:,1747647684456
counter/10/0/0/0,28829:1747647671878:,1747647684456
counter/10/0/0/0,28830:1747647671878:,1747647684456
counter/10/0/0/0,28831:1747647671878:,1747647684456
counter/10/0/0/0,28832:1747647671878:,1747647684456
counter/10/0/0/0,28833:1747647671878:,1747647684456
counter/10/0/0/0,28834:1747647671878:,1747647684456
counter/10/0/0/0,28835:1747647671878:,1747647684456
counter/10/0/0/0,28836:1747647671879:,1747647684456
counter/10/0/0/0,28837:1747647671883:,1747647684456
counter/10/0/0/0,28838:1747647671883:,1747647684456
counter/10/0/0/0,28839:1747647671885:,1747647684456
counter/10/0/0/0,28840:1747647671885:,1747647684456
counter/10/0/0/0,28841:1747647671885:,1747647684456
counter/10/0/0/0,28842:1747647671886:,1747647684456
counter/10/0/0/0,28843:1747647671886:,1747647684456
counter/10/0/0/0,28844:1747647671886:,1747647684456
counter/10/0/0/0,28845:1747647671886:,1747647684456
counter/10/0/0/0,28846:1747647671886:,1747647684456
counter/10/0/0/0,28847:1747647671891:,1747647684456
counter/10/0/0/0,28848:1747647671892:,1747647684456
counter/10/0/0/0,28849:1747647671892:,1747647684456
counter/10/0/0/0,28850:1747647671893:,1747647684456
counter/10/0/0/0,28851:1747647671893:,1747647684456
counter/10/0/0/0,28852:1747647671893:,1747647684456
counter/10/0/0/0,28853:1747647671893:,1747647684456
counter/10/0/0/0,28854:1747647671893:,1747647684457
counter/7/0/0/0,35229:1747647678923:,1747647684457
counter/10/0/0/0,28855:1747647671898:,1747647684457
counter/4/0/0/0,33977:1747647677934:,1747647684457
counter/10/0/0/0,28856:1747647671899:,1747647684457
counter/10/0/0/0,28857:1747647671899:,1747647684457
counter/10/0/0/0,28858:1747647671899:,1747647684457
counter/10/0/0/0,28859:1747647671899:,1747647684457
counter/10/0/0/0,28860:1747647671899:,1747647684457
counter/10/0/0/0,28861:1747647671899:,1747647684457
counter/10/0/0/0,28862:1747647671899:,1747647684457
counter/10/0/0/0,28863:1747647671899:,1747647684457
counter/10/0/0/0,28864:1747647671899:,1747647684457
counter/10/0/0/0,28865:1747647671899:,1747647684457
counter/10/0/0/0,28866:1747647671899:,1747647684457
counter/10/0/0/0,28867:1747647671899:,1747647684457
counter/10/0/0/0,28868:1747647671899:,1747647684457
counter/10/0/0/0,28869:1747647671899:,1747647684457
counter/10/0/0/0,28870:1747647671899:,1747647684457
counter/7/0/0/0,35230:1747647678923:,1747647684457
counter/10/0/0/0,28871:1747647671899:,1747647684457
counter/4/0/0/0,33978:1747647677934:,1747647684457
counter/10/0/0/0,28872:1747647671906:,1747647684457
counter/10/0/0/0,28873:1747647671906:,1747647684457
counter/10/0/0/0,28874:1747647671906:,1747647684457
counter/7/0/0/0,35231:1747647678923:,1747647684457
counter/10/0/0/0,28875:1747647671906:,1747647684457
counter/3/0/0/0,29305:1747647674475:,1747647684457
counter/10/0/0/0,28876:1747647671906:,1747647684457
counter/10/0/0/0,28877:1747647671906:,1747647684457
counter/10/0/0/0,28878:1747647671906:,1747647684457
counter/10/0/0/0,28879:1747647671909:,1747647684457
counter/7/0/0/0,35232:1747647678924:,1747647684457
counter/10/0/0/0,28880:1747647671909:,1747647684457
counter/4/0/0/0,33979:1747647677934:,1747647684457
counter/10/0/0/0,28881:1747647671909:,1747647684458
counter/10/0/0/0,28882:1747647671909:,1747647684458
counter/10/0/0/0,28883:1747647671909:,1747647684458
counter/10/0/0/0,28884:1747647671909:,1747647684458
counter/10/0/0/0,28885:1747647671909:,1747647684458
counter/10/0/0/0,28886:1747647671909:,1747647684458
counter/10/0/0/0,28887:1747647671909:,1747647684458
counter/10/0/0/0,28888:1747647671909:,1747647684458
counter/3/0/0/0,29306:1747647674475:,1747647684458
counter/10/0/0/0,28889:1747647671909:,1747647684458
counter/7/0/0/0,35233:1747647678925:,1747647684458
counter/10/0/0/0,28890:1747647671911:,1747647684458
counter/10/0/0/0,28891:1747647671911:,1747647684458
counter/10/0/0/0,28892:1747647671911:,1747647684458
counter/10/0/0/0,28893:1747647671911:,1747647684458
counter/10/0/0/0,28894:1747647671911:,1747647684458
counter/10/0/0/0,28895:1747647671911:,1747647684458
counter/10/0/0/0,28896:1747647671911:,1747647684458
counter/10/0/0/0,28897:1747647671911:,1747647684458
counter/10/0/0/0,28898:1747647671911:,1747647684458
counter/10/0/0/0,28899:1747647671911:,1747647684458
counter/10/0/0/0,28900:1747647671912:,1747647684458
counter/10/0/0/0,28901:1747647671912:,1747647684458
counter/10/0/0/0,28902:1747647671912:,1747647684458
counter/10/0/0/0,28903:1747647671920:,1747647684458
counter/10/0/0/0,28904:1747647671920:,1747647684458
counter/10/0/0/0,28905:1747647671922:,1747647684458
counter/10/0/0/0,28906:1747647671923:,1747647684458
counter/10/0/0/0,28907:1747647671923:,1747647684458
counter/7/0/0/0,35234:1747647678926:,1747647684458
counter/3/0/0/0,29307:1747647674475:,1747647684458
counter/4/0/0/0,33980:1747647677934:,1747647684458
counter/10/0/0/0,28908:1747647671923:,1747647684458
counter/7/0/0/0,35235:1747647678937:,1747647684458
counter/7/0/0/0,35236:1747647678937:,1747647684458
counter/7/0/0/0,35237:1747647678937:,1747647684458
counter/7/0/0/0,35238:1747647678937:,1747647684458
counter/10/0/0/0,28909:1747647671924:,1747647684458
counter/7/0/0/0,35239:1747647678937:,1747647684458
counter/7/0/0/0,35240:1747647678937:,1747647684458
counter/7/0/0/0,35241:1747647678950:,1747647684459
counter/7/0/0/0,35242:1747647678950:,1747647684459
counter/4/0/0/0,33981:1747647677934:,1747647684459
counter/4/0/0/0,33982:1747647677934:,1747647684459
counter/10/0/0/0,28910:1747647671924:,1747647684459
counter/4/0/0/0,33983:1747647677934:,1747647684459
counter/7/0/0/0,35243:1747647678950:,1747647684459
counter/4/0/0/0,33984:1747647677942:,1747647684459
counter/7/0/0/0,35244:1747647678950:,1747647684459
counter/7/0/0/0,35245:1747647678950:,1747647684459
counter/3/0/0/0,29308:1747647674475:,1747647684459
counter/7/0/0/0,35246:1747647678950:,1747647684459
counter/3/0/0/0,29309:1747647674475:,1747647684459
counter/10/0/0/0,28911:1747647671924:,1747647684459
counter/7/0/0/0,35247:1747647678953:,1747647684459
counter/7/0/0/0,35248:1747647678953:,1747647684459
counter/7/0/0/0,35249:1747647678953:,1747647684459
counter/7/0/0/0,35250:1747647678953:,1747647684459
counter/7/0/0/0,35251:1747647678953:,1747647684459
counter/10/0/0/0,28912:1747647671927:,1747647684459
counter/4/0/0/0,33985:1747647677942:,1747647684459
counter/4/0/0/0,33986:1747647677942:,1747647684459
counter/4/0/0/0,33987:1747647677942:,1747647684459
counter/4/0/0/0,33988:1747647677942:,1747647684459
counter/4/0/0/0,33989:1747647677942:,1747647684459
counter/7/0/0/0,35252:1747647678953:,1747647684459
counter/3/0/0/0,29310:1747647674475:,1747647684459
counter/4/0/0/0,33990:1747647677942:,1747647684459
counter/10/0/0/0,28913:1747647671927:,1747647684459
counter/7/0/0/0,35253:1747647678953:,1747647684459
counter/4/0/0/0,33991:1747647677942:,1747647684459
counter/4/0/0/0,33992:1747647677942:,1747647684459
counter/4/0/0/0,33993:1747647677942:,1747647684459
counter/10/0/0/0,28914:1747647671927:,1747647684459
counter/7/0/0/0,35254:1747647678953:,1747647684459
counter/4/0/0/0,33994:1747647677943:,1747647684459
counter/4/0/0/0,33995:1747647677943:,1747647684459
counter/3/0/0/0,29311:1747647674475:,1747647684460
counter/7/0/0/0,35255:1747647678953:,1747647684460
counter/4/0/0/0,33996:1747647677943:,1747647684460
counter/10/0/0/0,28915:1747647671927:,1747647684460
counter/4/0/0/0,33997:1747647677943:,1747647684460
counter/4/0/0/0,33998:1747647677944:,1747647684460
counter/4/0/0/0,33999:1747647677944:,1747647684460
counter/4/0/0/0,34000:1747647677944:,1747647684460
counter/4/0/0/0,34001:1747647677944:,1747647684460
counter/4/0/0/0,34002:1747647677944:,1747647684460
counter/4/0/0/0,34003:1747647677957:,1747647684460
counter/4/0/0/0,34004:1747647677957:,1747647684460
counter/4/0/0/0,34005:1747647677957:,1747647684460
counter/4/0/0/0,34006:1747647677957:,1747647684460
counter/4/0/0/0,34007:1747647677957:,1747647684460
counter/4/0/0/0,34008:1747647677957:,1747647684460
counter/4/0/0/0,34009:1747647677957:,1747647684460
counter/4/0/0/0,34010:1747647677969:,1747647684460
counter/4/0/0/0,34011:1747647677969:,1747647684460
counter/4/0/0/0,34012:1747647677969:,1747647684460
counter/4/0/0/0,34013:1747647677969:,1747647684460
counter/10/0/0/0,28916:1747647671927:,1747647684460
counter/4/0/0/0,34014:1747647677969:,1747647684460
counter/10/0/0/0,28917:1747647671927:,1747647684460
counter/7/0/0/0,35256:1747647678953:,1747647684460
counter/4/0/0/0,34015:1747647677969:,1747647684460
counter/10/0/0/0,28918:1747647671928:,1747647684460
counter/10/0/0/0,28919:1747647671928:,1747647684460
counter/10/0/0/0,28920:1747647671928:,1747647684460
counter/7/0/0/0,35257:1747647678958:,1747647684460
counter/10/0/0/0,28921:1747647671928:,1747647684460
counter/7/0/0/0,35258:1747647678958:,1747647684460
counter/10/0/0/0,28922:1747647671928:,1747647684460
counter/7/0/0/0,35259:1747647678958:,1747647684460
counter/10/0/0/0,28923:1747647671928:,1747647684460
counter/7/0/0/0,35260:1747647678958:,1747647684460
counter/10/0/0/0,28924:1747647671928:,1747647684460
counter/7/0/0/0,35261:1747647678958:,1747647684460
counter/7/0/0/0,35262:1747647678958:,1747647684461
counter/10/0/0/0,28925:1747647671930:,1747647684461
counter/3/0/0/0,29312:1747647674475:,1747647684461
counter/4/0/0/0,34016:1747647677969:,1747647684461
counter/7/0/0/0,35263:1747647678958:,1747647684461
counter/4/0/0/0,34017:1747647677969:,1747647684461
counter/3/0/0/0,29313:1747647674475:,1747647684461
counter/3/0/0/0,29314:1747647674475:,1747647684461
counter/7/0/0/0,35264:1747647678958:,1747647684461
counter/10/0/0/0,28926:1747647671930:,1747647684461
counter/4/0/0/0,34018:1747647677969:,1747647684461
counter/4/0/0/0,34019:1747647677970:,1747647684461
counter/4/0/0/0,34020:1747647677976:,1747647684461
counter/4/0/0/0,34021:1747647677976:,1747647684461
counter/4/0/0/0,34022:1747647677976:,1747647684461
counter/3/0/0/0,29315:1747647674475:,1747647684461
counter/10/0/0/0,28927:1747647671930:,1747647684461
counter/3/0/0/0,29316:1747647674475:,1747647684461
counter/7/0/0/0,35265:1747647678958:,1747647684461
counter/4/0/0/0,34023:1747647677977:,1747647684461
counter/10/0/0/0,28928:1747647671930:,1747647684461
counter/10/0/0/0,28929:1747647671930:,1747647684461
counter/10/0/0/0,28930:1747647671930:,1747647684461
counter/10/0/0/0,28931:1747647671930:,1747647684461
counter/10/0/0/0,28932:1747647671930:,1747647684461
counter/3/0/0/0,29317:1747647674476:,1747647684461
counter/10/0/0/0,28933:1747647671930:,1747647684461
counter/10/0/0/0,28934:1747647671930:,1747647684461
counter/10/0/0/0,28935:1747647671930:,1747647684461
counter/10/0/0/0,28936:1747647671930:,1747647684461
counter/3/0/0/0,29318:1747647674476:,1747647684461
counter/10/0/0/0,28937:1747647671930:,1747647684461
counter/10/0/0/0,28938:1747647671930:,1747647684461
counter/10/0/0/0,28939:1747647671930:,1747647684461
counter/10/0/0/0,28940:1747647671930:,1747647684461
counter/10/0/0/0,28941:1747647671930:,1747647684461
counter/10/0/0/0,28942:1747647671930:,1747647684461
counter/3/0/0/0,29319:1747647674476:,1747647684461
counter/10/0/0/0,28943:1747647671930:,1747647684461
counter/10/0/0/0,28944:1747647671930:,1747647684461
counter/10/0/0/0,28945:1747647671930:,1747647684462
counter/10/0/0/0,28946:1747647671930:,1747647684462
counter/3/0/0/0,29320:1747647674476:,1747647684462
counter/10/0/0/0,28947:1747647671930:,1747647684462
counter/4/0/0/0,34024:1747647677977:,1747647684462
counter/10/0/0/0,28948:1747647671930:,1747647684462
counter/3/0/0/0,29321:1747647674476:,1747647684462
counter/7/0/0/0,35266:1747647678958:,1747647684462
counter/4/0/0/0,34025:1747647677977:,1747647684462
counter/10/0/0/0,28949:1747647671930:,1747647684462
counter/10/0/0/0,28950:1747647671930:,1747647684462
counter/7/0/0/0,35267:1747647678959:,1747647684462
counter/4/0/0/0,34026:1747647677977:,1747647684462
counter/10/0/0/0,28951:1747647671930:,1747647684462
counter/10/0/0/0,28952:1747647671930:,1747647684462
counter/7/0/0/0,35268:1747647678959:,1747647684462
counter/4/0/0/0,34027:1747647677977:,1747647684462
counter/10/0/0/0,28953:1747647671932:,1747647684462
counter/3/0/0/0,29322:1747647674477:,1747647684462
counter/7/0/0/0,35269:1747647678959:,1747647684462
counter/4/0/0/0,34028:1747647677977:,1747647684462
counter/10/0/0/0,28954:1747647671932:,1747647684462
counter/7/0/0/0,35270:1747647678959:,1747647684462
counter/7/0/0/0,35271:1747647678959:,1747647684462
counter/7/0/0/0,35272:1747647678959:,1747647684462
counter/7/0/0/0,35273:1747647678959:,1747647684462
counter/7/0/0/0,35274:1747647678959:,1747647684462
counter/7/0/0/0,35275:1747647678959:,1747647684462
counter/7/0/0/0,35276:1747647678959:,1747647684462
counter/7/0/0/0,35277:1747647678959:,1747647684462
counter/7/0/0/0,35278:1747647678959:,1747647684462
counter/7/0/0/0,35279:1747647678966:,1747647684462
counter/7/0/0/0,35280:1747647678967:,1747647684462
counter/7/0/0/0,35281:1747647678970:,1747647684462
counter/7/0/0/0,35282:1747647678970:,1747647684462
counter/3/0/0/0,29323:1747647674478:,1747647684462
counter/10/0/0/0,28955:1747647671932:,1747647684463
counter/3/0/0/0,29324:1747647674478:,1747647684463
counter/4/0/0/0,34029:1747647677977:,1747647684463
counter/7/0/0/0,35283:1747647678970:,1747647684463
counter/10/0/0/0,28956:1747647671932:,1747647684463
counter/4/0/0/0,34030:1747647677977:,1747647684463
counter/3/0/0/0,29325:1747647674478:,1747647684463
counter/10/0/0/0,28957:1747647671932:,1747647684463
counter/3/0/0/0,29326:1747647674478:,1747647684463
counter/4/0/0/0,34031:1747647677977:,1747647684463
counter/7/0/0/0,35284:1747647678970:,1747647684463
counter/10/0/0/0,28958:1747647671932:,1747647684463
counter/10/0/0/0,28959:1747647671932:,1747647684463
counter/10/0/0/0,28960:1747647671932:,1747647684463
counter/3/0/0/0,29327:1747647674478:,1747647684463
counter/4/0/0/0,34032:1747647677977:,1747647684463
counter/3/0/0/0,29328:1747647674478:,1747647684463
counter/7/0/0/0,35285:1747647678970:,1747647684463
counter/10/0/0/0,28961:1747647671932:,1747647684463
counter/4/0/0/0,34033:1747647677977:,1747647684463
counter/3/0/0/0,29329:1747647674478:,1747647684463
counter/10/0/0/0,28962:1747647671932:,1747647684463
counter/3/0/0/0,29330:1747647674478:,1747647684463
counter/4/0/0/0,34034:1747647677977:,1747647684463
counter/7/0/0/0,35286:1747647678971:,1747647684463
counter/10/0/0/0,28963:1747647671932:,1747647684463
counter/7/0/0/0,35287:1747647678978:,1747647684463
counter/3/0/0/0,29331:1747647674478:,1747647684463
counter/3/0/0/0,29332:1747647674478:,1747647684463
counter/10/0/0/0,28964:1747647671933:,1747647684463
counter/4/0/0/0,34035:1747647677977:,1747647684463
counter/7/0/0/0,35288:1747647678987:,1747647684463
counter/7/0/0/0,35289:1747647678987:,1747647684463
counter/7/0/0/0,35290:1747647678987:,1747647684463
counter/7/0/0/0,35291:1747647678987:,1747647684463
counter/7/0/0/0,35292:1747647678987:,1747647684463
counter/7/0/0/0,35293:1747647678988:,1747647684463
counter/7/0/0/0,35294:1747647678988:,1747647684464
counter/7/0/0/0,35295:1747647678988:,1747647684464
counter/7/0/0/0,35296:1747647678988:,1747647684464
counter/7/0/0/0,35297:1747647678988:,1747647684464
counter/7/0/0/0,35298:1747647678988:,1747647684464
counter/7/0/0/0,35299:1747647678988:,1747647684464
counter/7/0/0/0,35300:1747647678988:,1747647684464
counter/10/0/0/0,28965:1747647671933:,1747647684464
counter/3/0/0/0,29333:1747647674478:,1747647684464
counter/7/0/0/0,35301:1747647678988:,1747647684464
counter/3/0/0/0,29334:1747647674478:,1747647684464
counter/10/0/0/0,28966:1747647671933:,1747647684464
counter/4/0/0/0,34036:1747647677977:,1747647684464
counter/4/0/0/0,34037:1747647677977:,1747647684464
counter/4/0/0/0,34038:1747647677977:,1747647684464
counter/4/0/0/0,34039:1747647677977:,1747647684464
counter/4/0/0/0,34040:1747647677977:,1747647684464
counter/10/0/0/0,28967:1747647671933:,1747647684464
counter/10/0/0/0,28968:1747647671933:,1747647684464
counter/7/0/0/0,35302:1747647678988:,1747647684464
counter/10/0/0/0,28969:1747647671938:,1747647684464
counter/4/0/0/0,34041:1747647677978:,1747647684464
counter/7/0/0/0,35303:1747647678988:,1747647684464
counter/7/0/0/0,35304:1747647678988:,1747647684464
counter/7/0/0/0,35305:1747647678993:,1747647684464
counter/7/0/0/0,35306:1747647678993:,1747647684464
counter/7/0/0/0,35307:1747647678993:,1747647684464
counter/7/0/0/0,35308:1747647678993:,1747647684464
counter/7/0/0/0,35309:1747647678993:,1747647684464
counter/7/0/0/0,35310:1747647678993:,1747647684464
counter/7/0/0/0,35311:1747647678993:,1747647684464
counter/4/0/0/0,34042:1747647677978:,1747647684464
counter/3/0/0/0,29335:1747647674478:,1747647684464
counter/10/0/0/0,28970:1747647671939:,1747647684464
counter/7/0/0/0,35312:1747647678993:,1747647684464
counter/4/0/0/0,34043:1747647677978:,1747647684464
counter/4/0/0/0,34044:1747647677978:,1747647684464
counter/4/0/0/0,34045:1747647677978:,1747647684465
counter/4/0/0/0,34046:1747647677978:,1747647684465
counter/4/0/0/0,34047:1747647677978:,1747647684465
counter/3/0/0/0,29336:1747647674478:,1747647684465
counter/10/0/0/0,28971:1747647671939:,1747647684465
counter/4/0/0/0,34048:1747647677978:,1747647684465
counter/3/0/0/0,29337:1747647674478:,1747647684465
counter/7/0/0/0,35313:1747647678993:,1747647684465
counter/10/0/0/0,28972:1747647671939:,1747647684465
counter/10/0/0/0,28973:1747647671939:,1747647684465
counter/10/0/0/0,28974:1747647671939:,1747647684465
counter/10/0/0/0,28975:1747647671939:,1747647684465
counter/10/0/0/0,28976:1747647671939:,1747647684465
counter/10/0/0/0,28977:1747647671939:,1747647684465
counter/10/0/0/0,28978:1747647671940:,1747647684465
counter/3/0/0/0,29338:1747647674478:,1747647684465
counter/4/0/0/0,34049:1747647677978:,1747647684465
counter/10/0/0/0,28979:1747647671940:,1747647684465
counter/7/0/0/0,35314:1747647678993:,1747647684465
counter/4/0/0/0,34050:1747647677978:,1747647684465
counter/4/0/0/0,34051:1747647677978:,1747647684465
counter/3/0/0/0,29339:1747647674478:,1747647684465
counter/7/0/0/0,35315:1747647678993:,1747647684465
counter/3/0/0/0,29340:1747647674478:,1747647684465
counter/10/0/0/0,28980:1747647671940:,1747647684465
counter/3/0/0/0,29341:1747647674478:,1747647684465
counter/7/0/0/0,35316:1747647678993:,1747647684465
counter/4/0/0/0,34052:1747647677978:,1747647684465
counter/10/0/0/0,28981:1747647671940:,1747647684465
counter/7/0/0/0,35317:1747647678993:,1747647684465
counter/7/0/0/0,35318:1747647678993:,1747647684465
counter/7/0/0/0,35319:1747647678993:,1747647684465
counter/7/0/0/0,35320:1747647678993:,1747647684465
counter/7/0/0/0,35321:1747647678993:,1747647684465
counter/7/0/0/0,35322:1747647678993:,1747647684466
counter/7/0/0/0,35323:1747647678997:,1747647684466
counter/3/0/0/0,29342:1747647674478:,1747647684466
counter/7/0/0/0,35324:1747647678997:,1747647684466
counter/10/0/0/0,28982:1747647671940:,1747647684466
counter/3/0/0/0,29343:1747647674478:,1747647684466
counter/4/0/0/0,34053:1747647677978:,1747647684466
counter/7/0/0/0,35325:1747647678997:,1747647684466
counter/10/0/0/0,28983:1747647671940:,1747647684466
counter/4/0/0/0,34054:1747647677978:,1747647684466
counter/4/0/0/0,34055:1747647677978:,1747647684466
counter/4/0/0/0,34056:1747647677978:,1747647684466
counter/4/0/0/0,34057:1747647677979:,1747647684466
counter/4/0/0/0,34058:1747647677979:,1747647684466
counter/7/0/0/0,35326:1747647678997:,1747647684466
counter/4/0/0/0,34059:1747647677979:,1747647684466
counter/10/0/0/0,28984:1747647671940:,1747647684466
counter/7/0/0/0,35327:1747647678997:,1747647684466
counter/7/0/0/0,35328:1747647678997:,1747647684466
counter/7/0/0/0,35329:1747647678997:,1747647684466
counter/7/0/0/0,35330:1747647678997:,1747647684466
counter/7/0/0/0,35331:1747647678997:,1747647684466
counter/10/0/0/0,28985:1747647671940:,1747647684466
counter/7/0/0/0,35332:1747647678997:,1747647684466
counter/4/0/0/0,34060:1747647677979:,1747647684466
counter/7/0/0/0,35333:1747647678997:,1747647684466
counter/7/0/0/0,35334:1747647678997:,1747647684466
counter/7/0/0/0,35335:1747647678997:,1747647684466
counter/7/0/0/0,35336:1747647678997:,1747647684466
counter/7/0/0/0,35337:1747647678997:,1747647684466
counter/7/0/0/0,35338:1747647678997:,1747647684466
counter/7/0/0/0,35339:1747647678997:,1747647684466
counter/7/0/0/0,35340:1747647678998:,1747647684466
counter/7/0/0/0,35341:1747647678998:,1747647684466
counter/7/0/0/0,35342:1747647678998:,1747647684466
counter/7/0/0/0,35343:1747647678998:,1747647684466
counter/10/0/0/0,28986:1747647671940:,1747647684466
counter/7/0/0/0,35344:1747647678998:,1747647684467
counter/10/0/0/0,28987:1747647671940:,1747647684467
counter/7/0/0/0,35345:1747647678998:,1747647684467
counter/10/0/0/0,28988:1747647671940:,1747647684467
counter/7/0/0/0,35346:1747647678998:,1747647684467
counter/10/0/0/0,28989:1747647671958:,1747647684467
counter/7/0/0/0,35347:1747647678998:,1747647684467
counter/10/0/0/0,28990:1747647671959:,1747647684467
counter/3/0/0/0,29344:1747647674478:,1747647684467
counter/7/0/0/0,35348:1747647678998:,1747647684467
counter/10/0/0/0,28991:1747647671959:,1747647684467
counter/7/0/0/0,35349:1747647678998:,1747647684467
counter/10/0/0/0,28992:1747647671959:,1747647684467
counter/7/0/0/0,35350:1747647678998:,1747647684467
counter/3/0/0/0,29345:1747647674478:,1747647684467
counter/7/0/0/0,35351:1747647678998:,1747647684467
counter/10/0/0/0,28993:1747647671959:,1747647684467
counter/7/0/0/0,35352:1747647678998:,1747647684467
counter/10/0/0/0,28994:1747647671959:,1747647684467
counter/10/0/0/0,28995:1747647671959:,1747647684467
counter/10/0/0/0,28996:1747647671959:,1747647684467
counter/7/0/0/0,35353:1747647678998:,1747647684467
counter/10/0/0/0,28997:1747647671959:,1747647684467
counter/3/0/0/0,29346:1747647674478:,1747647684467
counter/4/0/0/0,34061:1747647677979:,1747647684467
counter/7/0/0/0,35354:1747647678998:,1747647684467
counter/7/0/0/0,35355:1747647678998:,1747647684467
counter/7/0/0/0,35356:1747647678998:,1747647684467
counter/7/0/0/0,35357:1747647678998:,1747647684467
counter/7/0/0/0,35358:1747647678998:,1747647684467
counter/10/0/0/0,28998:1747647671959:,1747647684467
counter/7/0/0/0,35359:1747647678998:,1747647684467
counter/4/0/0/0,34062:1747647677979:,1747647684467
counter/10/0/0/0,28999:1747647671959:,1747647684468
counter/10/0/0/0,29000:1747647671959:,1747647684468
counter/10/0/0/0,29001:1747647671961:,1747647684468
counter/10/0/0/0,29002:1747647671961:,1747647684468
counter/10/0/0/0,29003:1747647671961:,1747647684468
counter/10/0/0/0,29004:1747647671961:,1747647684468
counter/10/0/0/0,29005:1747647671961:,1747647684468
counter/10/0/0/0,29006:1747647671962:,1747647684468
counter/3/0/0/0,29347:1747647674478:,1747647684468
counter/4/0/0/0,34063:1747647677979:,1747647684468
counter/10/0/0/0,29007:1747647671962:,1747647684468
counter/3/0/0/0,29348:1747647674478:,1747647684468
counter/7/0/0/0,35360:1747647678999:,1747647684468
counter/4/0/0/0,34064:1747647677979:,1747647684468
counter/4/0/0/0,34065:1747647677984:,1747647684468
counter/4/0/0/0,34066:1747647677985:,1747647684468
counter/3/0/0/0,29349:1747647674478:,1747647684468
counter/7/0/0/0,35361:1747647678999:,1747647684468
counter/3/0/0/0,29350:1747647674479:,1747647684468
counter/4/0/0/0,34067:1747647677989:,1747647684468
counter/10/0/0/0,29008:1747647671962:,1747647684468
counter/7/0/0/0,35362:1747647678999:,1747647684468
counter/7/0/0/0,35363:1747647678999:,1747647684468
counter/7/0/0/0,35364:1747647678999:,1747647684468
counter/7/0/0/0,35365:1747647678999:,1747647684468
counter/7/0/0/0,35366:1747647678999:,1747647684468
counter/7/0/0/0,35367:1747647678999:,1747647684468
counter/3/0/0/0,29351:1747647674479:,1747647684468
counter/3/0/0/0,29352:1747647674479:,1747647684468
counter/7/0/0/0,35368:1747647678999:,1747647684468
counter/10/0/0/0,29009:1747647671962:,1747647684468
counter/4/0/0/0,34068:1747647677989:,1747647684468
counter/4/0/0/0,34069:1747647677989:,1747647684468
counter/4/0/0/0,34070:1747647677989:,1747647684468
counter/4/0/0/0,34071:1747647677989:,1747647684468
counter/4/0/0/0,34072:1747647677989:,1747647684468
counter/3/0/0/0,29353:1747647674479:,1747647684468
counter/10/0/0/0,29010:1747647671962:,1747647684469
counter/3/0/0/0,29354:1747647674479:,1747647684469
counter/7/0/0/0,35369:1747647678999:,1747647684469
counter/3/0/0/0,29355:1747647674479:,1747647684469
counter/4/0/0/0,34073:1747647677990:,1747647684469
counter/3/0/0/0,29356:1747647674479:,1747647684469
counter/7/0/0/0,35370:1747647678999:,1747647684469
counter/10/0/0/0,29011:1747647671962:,1747647684469
counter/4/0/0/0,34074:1747647677990:,1747647684469
counter/7/0/0/0,35371:1747647678999:,1747647684469
counter/7/0/0/0,35372:1747647678999:,1747647684469
counter/7/0/0/0,35373:1747647678999:,1747647684469
counter/7/0/0/0,35374:1747647678999:,1747647684469
counter/10/0/0/0,29012:1747647671962:,1747647684469
counter/3/0/0/0,29357:1747647674479:,1747647684469
counter/7/0/0/0,35375:1747647678999:,1747647684469
counter/4/0/0/0,34075:1747647677990:,1747647684469
counter/10/0/0/0,29013:1747647671962:,1747647684469
counter/10/0/0/0,29014:1747647671979:,1747647684469
counter/10/0/0/0,29015:1747647671982:,1747647684469
counter/10/0/0/0,29016:1747647671982:,1747647684469
counter/10/0/0/0,29017:1747647671982:,1747647684469
counter/10/0/0/0,29018:1747647671983:,1747647684469
counter/10/0/0/0,29019:1747647671983:,1747647684469
counter/4/0/0/0,34076:1747647677990:,1747647684469
counter/7/0/0/0,35376:1747647678999:,1747647684469
counter/10/0/0/0,29020:1747647671987:,1747647684469
counter/3/0/0/0,29358:1747647674479:,1747647684469
counter/4/0/0/0,34077:1747647677990:,1747647684469
counter/4/0/0/0,34078:1747647677990:,1747647684469
counter/4/0/0/0,34079:1747647677990:,1747647684469
counter/4/0/0/0,34080:1747647677997:,1747647684469
counter/3/0/0/0,29359:1747647674481:,1747647684469
counter/10/0/0/0,29021:1747647671987:,1747647684469
counter/3/0/0/0,29360:1747647674481:,1747647684469
counter/7/0/0/0,35377:1747647678999:,1747647684469
counter/10/0/0/0,29022:1747647671988:,1747647684469
counter/4/0/0/0,34081:1747647677997:,1747647684470
counter/3/0/0/0,29361:1747647674481:,1747647684470
counter/7/0/0/0,35378:1747647678999:,1747647684470
counter/7/0/0/0,35379:1747647678999:,1747647684470
counter/10/0/0/0,29023:1747647671988:,1747647684470
counter/7/0/0/0,35380:1747647678999:,1747647684470
counter/7/0/0/0,35381:1747647678999:,1747647684470
counter/7/0/0/0,35382:1747647678999:,1747647684470
counter/10/0/0/0,29024:1747647671988:,1747647684470
counter/7/0/0/0,35383:1747647679000:,1747647684470
counter/7/0/0/0,35384:1747647679000:,1747647684470
counter/3/0/0/0,29362:1747647674481:,1747647684470
counter/7/0/0/0,35385:1747647679000:,1747647684470
counter/7/0/0/0,35386:1747647679000:,1747647684470
counter/7/0/0/0,35387:1747647679000:,1747647684470
counter/7/0/0/0,35388:1747647679000:,1747647684470
counter/7/0/0/0,35389:1747647679000:,1747647684470
counter/7/0/0/0,35390:1747647679000:,1747647684470
counter/7/0/0/0,35391:1747647679000:,1747647684470
counter/7/0/0/0,35392:1747647679000:,1747647684470
counter/7/0/0/0,35393:1747647679000:,1747647684470
counter/7/0/0/0,35394:1747647679000:,1747647684470
counter/7/0/0/0,35395:1747647679000:,1747647684470
counter/7/0/0/0,35396:1747647679000:,1747647684470
counter/10/0/0/0,29025:1747647671988:,1747647684470
counter/7/0/0/0,35397:1747647679009:,1747647684470
counter/3/0/0/0,29363:1747647674481:,1747647684470
counter/3/0/0/0,29364:1747647674481:,1747647684470
counter/4/0/0/0,34082:1747647677997:,1747647684470
counter/10/0/0/0,29026:1747647671988:,1747647684470
counter/7/0/0/0,35398:1747647679010:,1747647684470
counter/7/0/0/0,35399:1747647679011:,1747647684470
counter/7/0/0/0,35400:1747647679011:,1747647684470
counter/7/0/0/0,35401:1747647679011:,1747647684470
counter/7/0/0/0,35402:1747647679011:,1747647684470
counter/7/0/0/0,35403:1747647679011:,1747647684471
counter/7/0/0/0,35404:1747647679011:,1747647684471
counter/3/0/0/0,29365:1747647674481:,1747647684471
counter/3/0/0/0,29366:1747647674481:,1747647684471
counter/10/0/0/0,29027:1747647671988:,1747647684471
counter/4/0/0/0,34083:1747647678004:,1747647684471
counter/7/0/0/0,35405:1747647679011:,1747647684471
counter/10/0/0/0,29028:1747647671988:,1747647684471
counter/10/0/0/0,29029:1747647671997:,1747647684471
counter/10/0/0/0,29030:1747647672006:,1747647684471
counter/10/0/0/0,29031:1747647672006:,1747647684471
counter/10/0/0/0,29032:1747647672006:,1747647684471
counter/10/0/0/0,29033:1747647672006:,1747647684471
counter/10/0/0/0,29034:1747647672006:,1747647684471
counter/10/0/0/0,29035:1747647672006:,1747647684471
counter/7/0/0/0,35406:1747647679011:,1747647684471
counter/3/0/0/0,29367:1747647674481:,1747647684471
counter/10/0/0/0,29036:1747647672006:,1747647684471
counter/4/0/0/0,34084:1747647678004:,1747647684471
counter/7/0/0/0,35407:1747647679011:,1747647684471
counter/7/0/0/0,35408:1747647679011:,1747647684471
counter/7/0/0/0,35409:1747647679011:,1747647684471
counter/7/0/0/0,35410:1747647679011:,1747647684471
counter/7/0/0/0,35411:1747647679026:,1747647684471
counter/3/0/0/0,29368:1747647674481:,1747647684471
counter/4/0/0/0,34085:1747647678004:,1747647684471
counter/10/0/0/0,29037:1747647672006:,1747647684471
counter/3/0/0/0,29369:1747647674481:,1747647684471
counter/7/0/0/0,35412:1747647679026:,1747647684471
counter/4/0/0/0,34086:1747647678004:,1747647684471
counter/10/0/0/0,29038:1747647672006:,1747647684471
counter/10/0/0/0,29039:1747647672006:,1747647684471
counter/7/0/0/0,35413:1747647679026:,1747647684471
counter/4/0/0/0,34087:1747647678004:,1747647684471
counter/10/0/0/0,29040:1747647672006:,1747647684471
counter/4/0/0/0,34088:1747647678004:,1747647684471
counter/10/0/0/0,29041:1747647672006:,1747647684471
counter/10/0/0/0,29042:1747647672006:,1747647684471
counter/10/0/0/0,29043:1747647672006:,1747647684471
counter/10/0/0/0,29044:1747647672006:,1747647684471
counter/10/0/0/0,29045:1747647672006:,1747647684471
counter/10/0/0/0,29046:1747647672006:,1747647684471
counter/10/0/0/0,29047:1747647672007:,1747647684471
counter/10/0/0/0,29048:1747647672007:,1747647684472
counter/10/0/0/0,29049:1747647672007:,1747647684472
counter/10/0/0/0,29050:1747647672007:,1747647684472
counter/10/0/0/0,29051:1747647672007:,1747647684472
counter/10/0/0/0,29052:1747647672007:,1747647684472
counter/10/0/0/0,29053:1747647672009:,1747647684472
counter/10/0/0/0,29054:1747647672009:,1747647684472
counter/10/0/0/0,29055:1747647672009:,1747647684472
counter/10/0/0/0,29056:1747647672009:,1747647684472
counter/10/0/0/0,29057:1747647672009:,1747647684472
counter/4/0/0/0,34089:1747647678004:,1747647684472
counter/10/0/0/0,29058:1747647672009:,1747647684472
counter/10/0/0/0,29059:1747647672009:,1747647684472
counter/10/0/0/0,29060:1747647672009:,1747647684472
counter/10/0/0/0,29061:1747647672009:,1747647684472
counter/10/0/0/0,29062:1747647672010:,1747647684472
counter/10/0/0/0,29063:1747647672015:,1747647684472
counter/3/0/0/0,29370:1747647674481:,1747647684472
counter/10/0/0/0,29064:1747647672015:,1747647684472
counter/4/0/0/0,34090:1747647678004:,1747647684472
counter/3/0/0/0,29371:1747647674481:,1747647684472
counter/7/0/0/0,35414:1747647679026:,1747647684472
counter/3/0/0/0,29372:1747647674481:,1747647684472
counter/4/0/0/0,34091:1747647678004:,1747647684472
counter/10/0/0/0,29065:1747647672015:,1747647684472
counter/7/0/0/0,35415:1747647679026:,1747647684472
counter/7/0/0/0,35416:1747647679030:,1747647684472
counter/7/0/0/0,35417:1747647679032:,1747647684472
counter/7/0/0/0,35418:1747647679032:,1747647684472
counter/7/0/0/0,35419:1747647679032:,1747647684472
counter/4/0/0/0,34092:1747647678004:,1747647684472
counter/10/0/0/0,29066:1747647672015:,1747647684472
counter/7/0/0/0,35420:1747647679032:,1747647684472
counter/10/0/0/0,29067:1747647672015:,1747647684472
counter/4/0/0/0,34093:1747647678005:,1747647684472
counter/7/0/0/0,35421:1747647679032:,1747647684472
counter/10/0/0/0,29068:1747647672015:,1747647684472
counter/4/0/0/0,34094:1747647678005:,1747647684472
counter/3/0/0/0,29373:1747647674481:,1747647684473
counter/7/0/0/0,35422:1747647679042:,1747647684473
counter/10/0/0/0,29069:1747647672015:,1747647684473
counter/4/0/0/0,34095:1747647678005:,1747647684473
counter/4/0/0/0,34096:1747647678005:,1747647684473
counter/4/0/0/0,34097:1747647678005:,1747647684473
counter/4/0/0/0,34098:1747647678005:,1747647684473
counter/4/0/0/0,34099:1747647678005:,1747647684473
counter/7/0/0/0,35423:1747647679042:,1747647684473
counter/4/0/0/0,34100:1747647678005:,1747647684473
counter/10/0/0/0,29070:1747647672015:,1747647684473
counter/7/0/0/0,35424:1747647679053:,1747647684473
counter/7/0/0/0,35425:1747647679053:,1747647684473
counter/7/0/0/0,35426:1747647679053:,1747647684473
counter/7/0/0/0,35427:1747647679053:,1747647684473
counter/7/0/0/0,35428:1747647679053:,1747647684473
counter/4/0/0/0,34101:1747647678006:,1747647684473
counter/7/0/0/0,35429:1747647679089:,1747647684473
counter/4/0/0/0,34102:1747647678010:,1747647684473
counter/4/0/0/0,34103:1747647678010:,1747647684473
counter/4/0/0/0,34104:1747647678010:,1747647684473
counter/4/0/0/0,34105:1747647678010:,1747647684473
counter/4/0/0/0,34106:1747647678010:,1747647684473
counter/4/0/0/0,34107:1747647678010:,1747647684473
counter/3/0/0/0,29374:1747647674481:,1747647684473
counter/7/0/0/0,35430:1747647679090:,1747647684473
counter/4/0/0/0,34108:1747647678018:,1747647684473
counter/3/0/0/0,29375:1747647674488:,1747647684473
counter/10/0/0/0,29071:1747647672015:,1747647684473
counter/7/0/0/0,35431:1747647679090:,1747647684473
counter/7/0/0/0,35432:1747647679090:,1747647684473
counter/7/0/0/0,35433:1747647679090:,1747647684473
counter/7/0/0/0,35434:1747647679090:,1747647684473
counter/7/0/0/0,35435:1747647679090:,1747647684474
counter/10/0/0/0,29072:1747647672015:,1747647684474
counter/3/0/0/0,29376:1747647674488:,1747647684474
counter/7/0/0/0,35436:1747647679094:,1747647684474
counter/3/0/0/0,29377:1747647674488:,1747647684474
counter/4/0/0/0,34109:1747647678018:,1747647684474
counter/10/0/0/0,29073:1747647672015:,1747647684474
counter/4/0/0/0,34110:1747647678018:,1747647684474
counter/7/0/0/0,35437:1747647679097:,1747647684474
counter/4/0/0/0,34111:1747647678018:,1747647684474
counter/4/0/0/0,34112:1747647678018:,1747647684474
counter/4/0/0/0,34113:1747647678020:,1747647684474
counter/4/0/0/0,34114:1747647678020:,1747647684474
counter/7/0/0/0,35438:1747647679097:,1747647684474
counter/3/0/0/0,29378:1747647674488:,1747647684474
counter/4/0/0/0,34115:1747647678020:,1747647684474
counter/10/0/0/0,29074:1747647672015:,1747647684474
counter/10/0/0/0,29075:1747647672017:,1747647684474
counter/10/0/0/0,29076:1747647672017:,1747647684474
counter/10/0/0/0,29077:1747647672017:,1747647684474
counter/10/0/0/0,29078:1747647672017:,1747647684474
counter/10/0/0/0,29079:1747647672017:,1747647684474
counter/10/0/0/0,29080:1747647672017:,1747647684474
counter/10/0/0/0,29081:1747647672017:,1747647684474
counter/10/0/0/0,29082:1747647672017:,1747647684474
counter/10/0/0/0,29083:1747647672018:,1747647684474
counter/3/0/0/0,29379:1747647674488:,1747647684474
counter/7/0/0/0,35439:1747647679097:,1747647684474
counter/3/0/0/0,29380:1747647674488:,1747647684474
counter/10/0/0/0,29084:1747647672019:,1747647684474
counter/4/0/0/0,34116:1747647678020:,1747647684474
counter/7/0/0/0,35440:1747647679099:,1747647684474
counter/7/0/0/0,35441:1747647679099:,1747647684474
counter/10/0/0/0,29085:1747647672019:,1747647684474
counter/4/0/0/0,34117:1747647678020:,1747647684474
counter/4/0/0/0,34118:1747647678020:,1747647684474
counter/10/0/0/0,29086:1747647672019:,1747647684474
counter/7/0/0/0,35442:1747647679099:,1747647684474
counter/7/0/0/0,35443:1747647679120:,1747647684475
counter/7/0/0/0,35444:1747647679120:,1747647684475
counter/7/0/0/0,35445:1747647679128:,1747647684475
counter/7/0/0/0,35446:1747647679128:,1747647684475
counter/7/0/0/0,35447:1747647679128:,1747647684475
counter/7/0/0/0,35448:1747647679128:,1747647684475
counter/7/0/0/0,35449:1747647679128:,1747647684475
counter/7/0/0/0,35450:1747647679128:,1747647684475
counter/7/0/0/0,35451:1747647679129:,1747647684475
counter/7/0/0/0,35452:1747647679129:,1747647684475
counter/7/0/0/0,35453:1747647679129:,1747647684475
counter/7/0/0/0,35454:1747647679129:,1747647684475
counter/7/0/0/0,35455:1747647679135:,1747647684475
counter/7/0/0/0,35456:1747647679136:,1747647684475
counter/7/0/0/0,35457:1747647679136:,1747647684475
counter/7/0/0/0,35458:1747647679143:,1747647684475
counter/7/0/0/0,35459:1747647679144:,1747647684475
counter/7/0/0/0,35460:1747647679144:,1747647684475
counter/7/0/0/0,35461:1747647679144:,1747647684475
counter/7/0/0/0,35462:1747647679144:,1747647684475
counter/10/0/0/0,29087:1747647672019:,1747647684475
counter/7/0/0/0,35463:1747647679144:,1747647684475
counter/7/0/0/0,35464:1747647679144:,1747647684475
counter/3/0/0/0,29381:1747647674488:,1747647684475
counter/7/0/0/0,35465:1747647679144:,1747647684475
counter/10/0/0/0,29088:1747647672023:,1747647684475
counter/4/0/0/0,34119:1747647678037:,1747647684475
counter/4/0/0/0,34120:1747647678037:,1747647684475
counter/3/0/0/0,29382:1747647674488:,1747647684475
counter/7/0/0/0,35466:1747647679144:,1747647684475
counter/3/0/0/0,29383:1747647674488:,1747647684475
counter/10/0/0/0,29089:1747647672023:,1747647684475
counter/3/0/0/0,29384:1747647674488:,1747647684475
counter/7/0/0/0,35467:1747647679144:,1747647684475
counter/4/0/0/0,34121:1747647678037:,1747647684475
counter/10/0/0/0,29090:1747647672023:,1747647684475
counter/7/0/0/0,35468:1747647679144:,1747647684475
counter/7/0/0/0,35469:1747647679144:,1747647684476
counter/7/0/0/0,35470:1747647679144:,1747647684476
counter/7/0/0/0,35471:1747647679144:,1747647684476
counter/7/0/0/0,35472:1747647679144:,1747647684476
counter/3/0/0/0,29385:1747647674488:,1747647684476
counter/10/0/0/0,29091:1747647672023:,1747647684476
counter/3/0/0/0,29386:1747647674488:,1747647684476
counter/4/0/0/0,34122:1747647678037:,1747647684476
counter/3/0/0/0,29387:1747647674488:,1747647684476
counter/10/0/0/0,29092:1747647672023:,1747647684476
counter/3/0/0/0,29388:1747647674488:,1747647684476
counter/4/0/0/0,34123:1747647678037:,1747647684476
counter/10/0/0/0,29093:1747647672023:,1747647684476
counter/4/0/0/0,34124:1747647678037:,1747647684476
counter/7/0/0/0,35473:1747647679144:,1747647684476
counter/4/0/0/0,34125:1747647678037:,1747647684476
counter/10/0/0/0,29094:1747647672023:,1747647684476
counter/7/0/0/0,35474:1747647679147:,1747647684476
counter/7/0/0/0,35475:1747647679147:,1747647684476
counter/7/0/0/0,35476:1747647679147:,1747647684476
counter/7/0/0/0,35477:1747647679147:,1747647684476
counter/7/0/0/0,35478:1747647679147:,1747647684476
counter/3/0/0/0,29389:1747647674488:,1747647684476
counter/10/0/0/0,29095:1747647672023:,1747647684476
counter/3/0/0/0,29390:1747647674488:,1747647684476
counter/7/0/0/0,35479:1747647679147:,1747647684476
counter/3/0/0/0,29391:1747647674488:,1747647684476
counter/4/0/0/0,34126:1747647678037:,1747647684476
counter/3/0/0/0,29392:1747647674488:,1747647684476
counter/7/0/0/0,35480:1747647679147:,1747647684476
counter/10/0/0/0,29096:1747647672024:,1747647684476
counter/4/0/0/0,34127:1747647678037:,1747647684476
counter/7/0/0/0,35481:1747647679147:,1747647684476
counter/7/0/0/0,35482:1747647679147:,1747647684476
counter/7/0/0/0,35483:1747647679147:,1747647684477
counter/7/0/0/0,35484:1747647679147:,1747647684477
counter/7/0/0/0,35485:1747647679147:,1747647684477
counter/7/0/0/0,35486:1747647679147:,1747647684477
counter/7/0/0/0,35487:1747647679147:,1747647684477
counter/7/0/0/0,35488:1747647679162:,1747647684477
counter/7/0/0/0,35489:1747647679162:,1747647684477
counter/7/0/0/0,35490:1747647679162:,1747647684477
counter/10/0/0/0,29097:1747647672024:,1747647684477
counter/7/0/0/0,35491:1747647679162:,1747647684477
counter/7/0/0/0,35492:1747647679163:,1747647684477
counter/7/0/0/0,35493:1747647679163:,1747647684477
counter/7/0/0/0,35494:1747647679170:,1747647684477
counter/7/0/0/0,35495:1747647679170:,1747647684477
counter/7/0/0/0,35496:1747647679170:,1747647684477
counter/3/0/0/0,29393:1747647674488:,1747647684477
counter/10/0/0/0,29098:1747647672024:,1747647684477
counter/3/0/0/0,29394:1747647674488:,1747647684477
counter/4/0/0/0,34128:1747647678037:,1747647684477
counter/3/0/0/0,29395:1747647674496:,1747647684477
counter/10/0/0/0,29099:1747647672024:,1747647684477
counter/7/0/0/0,35497:1747647679179:,1747647684477
counter/4/0/0/0,34129:1747647678037:,1747647684477
counter/4/0/0/0,34130:1747647678037:,1747647684477
counter/4/0/0/0,34131:1747647678037:,1747647684477
counter/7/0/0/0,35498:1747647679180:,1747647684477
counter/7/0/0/0,35499:1747647679180:,1747647684477
counter/7/0/0/0,35500:1747647679180:,1747647684477
counter/7/0/0/0,35501:1747647679180:,1747647684477
counter/7/0/0/0,35502:1747647679180:,1747647684477
counter/7/0/0/0,35503:1747647679219:,1747647684477
counter/7/0/0/0,35504:1747647679219:,1747647684477
counter/7/0/0/0,35505:1747647679219:,1747647684477
counter/7/0/0/0,35506:1747647679219:,1747647684477
counter/7/0/0/0,35507:1747647679219:,1747647684477
counter/7/0/0/0,35508:1747647679219:,1747647684477
counter/7/0/0/0,35509:1747647679219:,1747647684477
counter/7/0/0/0,35510:1747647679219:,1747647684477
counter/7/0/0/0,35511:1747647679224:,1747647684478
counter/7/0/0/0,35512:1747647679224:,1747647684478
counter/7/0/0/0,35513:1747647679224:,1747647684478
counter/7/0/0/0,35514:1747647679224:,1747647684478
counter/7/0/0/0,35515:1747647679224:,1747647684478
counter/7/0/0/0,35516:1747647679224:,1747647684478
counter/7/0/0/0,35517:1747647679224:,1747647684478
counter/7/0/0/0,35518:1747647679224:,1747647684478
counter/7/0/0/0,35519:1747647679224:,1747647684478
counter/7/0/0/0,35520:1747647679224:,1747647684478
counter/7/0/0/0,35521:1747647679224:,1747647684478
counter/10/0/0/0,29100:1747647672024:,1747647684478
counter/7/0/0/0,35522:1747647679224:,1747647684478
counter/7/0/0/0,35523:1747647679225:,1747647684478
counter/7/0/0/0,35524:1747647679225:,1747647684478
counter/3/0/0/0,29396:1747647674496:,1747647684478
counter/7/0/0/0,35525:1747647679225:,1747647684478
counter/7/0/0/0,35526:1747647679225:,1747647684478
counter/3/0/0/0,29397:1747647674497:,1747647684478
counter/10/0/0/0,29101:1747647672024:,1747647684478
counter/3/0/0/0,29398:1747647674497:,1747647684478
counter/7/0/0/0,35527:1747647679225:,1747647684478
counter/3/0/0/0,29399:1747647674497:,1747647684478
counter/10/0/0/0,29102:1747647672025:,1747647684478
counter/4/0/0/0,34132:1747647678037:,1747647684478
counter/7/0/0/0,35528:1747647679225:,1747647684478
counter/7/0/0/0,35529:1747647679225:,1747647684478
counter/7/0/0/0,35530:1747647679225:,1747647684478
counter/3/0/0/0,29400:1747647674497:,1747647684478
counter/10/0/0/0,29103:1747647672025:,1747647684478
counter/3/0/0/0,29401:1747647674497:,1747647684478
counter/4/0/0/0,34133:1747647678037:,1747647684478
counter/3/0/0/0,29402:1747647674497:,1747647684479
counter/10/0/0/0,29104:1747647672025:,1747647684479
counter/3/0/0/0,29403:1747647674497:,1747647684479
counter/4/0/0/0,34134:1747647678038:,1747647684479
counter/7/0/0/0,35531:1747647679225:,1747647684479
counter/10/0/0/0,29105:1747647672025:,1747647684479
counter/10/0/0/0,29106:1747647672025:,1747647684479
counter/10/0/0/0,29107:1747647672025:,1747647684479
counter/7/0/0/0,35532:1747647679225:,1747647684479
counter/10/0/0/0,29108:1747647672026:,1747647684479
counter/4/0/0/0,34135:1747647678038:,1747647684479
counter/7/0/0/0,35533:1747647679225:,1747647684479
counter/7/0/0/0,35534:1747647679225:,1747647684479
counter/7/0/0/0,35535:1747647679225:,1747647684479
counter/7/0/0/0,35536:1747647679225:,1747647684479
counter/7/0/0/0,35537:1747647679225:,1747647684479
counter/7/0/0/0,35538:1747647679225:,1747647684479
counter/10/0/0/0,29109:1747647672026:,1747647684479
counter/3/0/0/0,29404:1747647674497:,1747647684479
counter/4/0/0/0,34136:1747647678065:,1747647684479
counter/7/0/0/0,35539:1747647679225:,1747647684479
counter/10/0/0/0,29110:1747647672026:,1747647684479
counter/3/0/0/0,29405:1747647674500:,1747647684479
counter/4/0/0/0,34137:1747647678066:,1747647684479
counter/7/0/0/0,35540:1747647679225:,1747647684479
counter/10/0/0/0,29111:1747647672026:,1747647684479
counter/3/0/0/0,29406:1747647674500:,1747647684479
counter/4/0/0/0,34138:1747647678066:,1747647684479
counter/7/0/0/0,35541:1747647679225:,1747647684479
counter/10/0/0/0,29112:1747647672026:,1747647684479
counter/3/0/0/0,29407:1747647674500:,1747647684479
counter/4/0/0/0,34139:1747647678066:,1747647684479
counter/7/0/0/0,35542:1747647679225:,1747647684479
counter/10/0/0/0,29113:1747647672026:,1747647684479
counter/3/0/0/0,29408:1747647674500:,1747647684479
counter/4/0/0/0,34140:1747647678067:,1747647684479
counter/7/0/0/0,35543:1747647679225:,1747647684479
counter/10/0/0/0,29114:1747647672026:,1747647684480
counter/3/0/0/0,29409:1747647674500:,1747647684480
counter/4/0/0/0,34141:1747647678067:,1747647684480
counter/7/0/0/0,35544:1747647679225:,1747647684480
counter/10/0/0/0,29115:1747647672026:,1747647684480
counter/3/0/0/0,29410:1747647674500:,1747647684480
counter/3/0/0/0,29411:1747647674500:,1747647684480
counter/4/0/0/0,34142:1747647678067:,1747647684480
counter/10/0/0/0,29116:1747647672026:,1747647684480
counter/3/0/0/0,29412:1747647674500:,1747647684480
counter/7/0/0/0,35545:1747647679229:,1747647684480
counter/4/0/0/0,34143:1747647678067:,1747647684480
counter/10/0/0/0,29117:1747647672026:,1747647684480
counter/3/0/0/0,29413:1747647674500:,1747647684480
counter/7/0/0/0,35546:1747647679229:,1747647684480
counter/4/0/0/0,34144:1747647678067:,1747647684480
counter/10/0/0/0,29118:1747647672026:,1747647684480
counter/3/0/0/0,29414:1747647674500:,1747647684480
counter/7/0/0/0,35547:1747647679229:,1747647684480
counter/4/0/0/0,34145:1747647678067:,1747647684480
counter/10/0/0/0,29119:1747647672026:,1747647684480
counter/3/0/0/0,29415:1747647674500:,1747647684480
counter/7/0/0/0,35548:1747647679229:,1747647684480
counter/4/0/0/0,34146:1747647678067:,1747647684480
counter/10/0/0/0,29120:1747647672026:,1747647684480
counter/10/0/0/0,29121:1747647672026:,1747647684480
counter/10/0/0/0,29122:1747647672026:,1747647684480
counter/10/0/0/0,29123:1747647672026:,1747647684480
counter/10/0/0/0,29124:1747647672028:,1747647684480
counter/10/0/0/0,29125:1747647672028:,1747647684480
counter/10/0/0/0,29126:1747647672028:,1747647684480
counter/10/0/0/0,29127:1747647672028:,1747647684480
counter/10/0/0/0,29128:1747647672028:,1747647684480
counter/10/0/0/0,29129:1747647672035:,1747647684480
counter/10/0/0/0,29130:1747647672035:,1747647684480
counter/10/0/0/0,29131:1747647672035:,1747647684480
counter/10/0/0/0,29132:1747647672036:,1747647684480
counter/7/0/0/0,35549:1747647679229:,1747647684481
counter/10/0/0/0,29133:1747647672036:,1747647684481
counter/4/0/0/0,34147:1747647678067:,1747647684481
counter/10/0/0/0,29134:1747647672036:,1747647684481
counter/3/0/0/0,29416:1747647674500:,1747647684481
counter/10/0/0/0,29135:1747647672036:,1747647684481
counter/10/0/0/0,29136:1747647672036:,1747647684481
counter/10/0/0/0,29137:1747647672036:,1747647684481
counter/10/0/0/0,29138:1747647672036:,1747647684481
counter/7/0/0/0,35550:1747647679243:,1747647684481
counter/10/0/0/0,29139:1747647672036:,1747647684481
counter/3/0/0/0,29417:1747647674500:,1747647684481
counter/10/0/0/0,29140:1747647672036:,1747647684481
counter/10/0/0/0,29141:1747647672036:,1747647684481
counter/4/0/0/0,34148:1747647678067:,1747647684481
counter/10/0/0/0,29142:1747647672036:,1747647684481
counter/3/0/0/0,29418:1747647674500:,1747647684481
counter/7/0/0/0,35551:1747647679243:,1747647684481
counter/4/0/0/0,34149:1747647678067:,1747647684481
counter/4/0/0/0,34150:1747647678067:,1747647684481
counter/4/0/0/0,34151:1747647678067:,1747647684481
counter/4/0/0/0,34152:1747647678068:,1747647684481
counter/4/0/0/0,34153:1747647678068:,1747647684481
counter/4/0/0/0,34154:1747647678068:,1747647684481
counter/4/0/0/0,34155:1747647678068:,1747647684481
counter/4/0/0/0,34156:1747647678068:,1747647684481
counter/4/0/0/0,34157:1747647678068:,1747647684481
counter/10/0/0/0,29143:1747647672036:,1747647684481
counter/4/0/0/0,34158:1747647678068:,1747647684481
counter/7/0/0/0,35552:1747647679243:,1747647684481
counter/4/0/0/0,34159:1747647678068:,1747647684481
counter/3/0/0/0,29419:1747647674500:,1747647684481
counter/10/0/0/0,29144:1747647672036:,1747647684481
counter/7/0/0/0,35553:1747647679243:,1747647684481
counter/3/0/0/0,29420:1747647674500:,1747647684481
counter/4/0/0/0,34160:1747647678068:,1747647684481
counter/10/0/0/0,29145:1747647672038:,1747647684482
counter/7/0/0/0,35554:1747647679243:,1747647684482
counter/3/0/0/0,29421:1747647674500:,1747647684482
counter/4/0/0/0,34161:1747647678068:,1747647684482
counter/10/0/0/0,29146:1747647672038:,1747647684482
counter/7/0/0/0,35555:1747647679243:,1747647684482
counter/3/0/0/0,29422:1747647674500:,1747647684482
counter/4/0/0/0,34162:1747647678068:,1747647684482
counter/10/0/0/0,29147:1747647672038:,1747647684482
counter/7/0/0/0,35556:1747647679243:,1747647684482
counter/3/0/0/0,29423:1747647674500:,1747647684482
counter/4/0/0/0,34163:1747647678068:,1747647684482
counter/10/0/0/0,29148:1747647672039:,1747647684482
counter/7/0/0/0,35557:1747647679244:,1747647684482
counter/7/0/0/0,35558:1747647679244:,1747647684482
counter/7/0/0/0,35559:1747647679244:,1747647684482
counter/10/0/0/0,29149:1747647672039:,1747647684482
counter/3/0/0/0,29424:1747647674500:,1747647684482
counter/4/0/0/0,34164:1747647678068:,1747647684482
counter/3/0/0/0,29425:1747647674500:,1747647684482
counter/3/0/0/0,29426:1747647674501:,1747647684482
counter/3/0/0/0,29427:1747647674501:,1747647684482
counter/3/0/0/0,29428:1747647674501:,1747647684482
counter/3/0/0/0,29429:1747647674501:,1747647684482
counter/3/0/0/0,29430:1747647674501:,1747647684482
counter/3/0/0/0,29431:1747647674501:,1747647684482
counter/3/0/0/0,29432:1747647674501:,1747647684482
counter/4/0/0/0,34165:1747647678068:,1747647684482
counter/3/0/0/0,29433:1747647674501:,1747647684482
counter/10/0/0/0,29150:1747647672039:,1747647684482
counter/7/0/0/0,35560:1747647679244:,1747647684482
counter/3/0/0/0,29434:1747647674501:,1747647684482
counter/3/0/0/0,29435:1747647674501:,1747647684482
counter/3/0/0/0,29436:1747647674501:,1747647684482
counter/3/0/0/0,29437:1747647674501:,1747647684482
counter/4/0/0/0,34166:1747647678074:,1747647684482
counter/3/0/0/0,29438:1747647674501:,1747647684482
counter/10/0/0/0,29151:1747647672039:,1747647684482
counter/3/0/0/0,29439:1747647674501:,1747647684482
counter/3/0/0/0,29440:1747647674501:,1747647684482
counter/3/0/0/0,29441:1747647674501:,1747647684483
counter/3/0/0/0,29442:1747647674501:,1747647684483
counter/4/0/0/0,34167:1747647678074:,1747647684483
counter/3/0/0/0,29443:1747647674501:,1747647684483
counter/10/0/0/0,29152:1747647672039:,1747647684483
counter/4/0/0/0,34168:1747647678074:,1747647684483
counter/10/0/0/0,29153:1747647672039:,1747647684483
counter/3/0/0/0,29444:1747647674501:,1747647684483
counter/7/0/0/0,35561:1747647679244:,1747647684483
counter/4/0/0/0,34169:1747647678074:,1747647684483
counter/10/0/0/0,29154:1747647672039:,1747647684483
counter/3/0/0/0,29445:1747647674501:,1747647684483
counter/7/0/0/0,35562:1747647679244:,1747647684483
counter/4/0/0/0,34170:1747647678074:,1747647684483
counter/10/0/0/0,29155:1747647672039:,1747647684483
counter/3/0/0/0,29446:1747647674501:,1747647684483
counter/7/0/0/0,35563:1747647679262:,1747647684483
counter/4/0/0/0,34171:1747647678074:,1747647684483
counter/10/0/0/0,29156:1747647672039:,1747647684483
counter/3/0/0/0,29447:1747647674501:,1747647684483
counter/7/0/0/0,35564:1747647679262:,1747647684483
counter/4/0/0/0,34172:1747647678074:,1747647684483
counter/4/0/0/0,34173:1747647678074:,1747647684483
counter/4/0/0/0,34174:1747647678074:,1747647684483
counter/4/0/0/0,34175:1747647678074:,1747647684483
counter/10/0/0/0,29157:1747647672039:,1747647684483
counter/4/0/0/0,34176:1747647678074:,1747647684483
counter/3/0/0/0,29448:1747647674501:,1747647684483
counter/3/0/0/0,29449:1747647674502:,1747647684483
counter/3/0/0/0,29450:1747647674502:,1747647684483
counter/3/0/0/0,29451:1747647674502:,1747647684483
counter/10/0/0/0,29158:1747647672039:,1747647684483
counter/3/0/0/0,29452:1747647674502:,1747647684483
counter/7/0/0/0,35565:1747647679262:,1747647684483
counter/3/0/0/0,29453:1747647674502:,1747647684483
counter/3/0/0/0,29454:1747647674502:,1747647684483
counter/3/0/0/0,29455:1747647674502:,1747647684483
counter/3/0/0/0,29456:1747647674502:,1747647684483
counter/3/0/0/0,29457:1747647674502:,1747647684484
counter/3/0/0/0,29458:1747647674502:,1747647684484
counter/3/0/0/0,29459:1747647674506:,1747647684484
counter/3/0/0/0,29460:1747647674506:,1747647684484
counter/3/0/0/0,29461:1747647674506:,1747647684484
counter/7/0/0/0,35566:1747647679268:,1747647684484
counter/3/0/0/0,29462:1747647674506:,1747647684484
counter/10/0/0/0,29159:1747647672704:,1747647684484
counter/3/0/0/0,29463:1747647674506:,1747647684484
counter/4/0/0/0,34177:1747647678080:,1747647684484
counter/3/0/0/0,29464:1747647674506:,1747647684484
counter/3/0/0/0,29465:1747647674506:,1747647684484
counter/3/0/0/0,29466:1747647674509:,1747647684484
counter/7/0/0/0,35567:1747647679268:,1747647684484
counter/3/0/0/0,29467:1747647674525:,1747647684484
counter/7/0/0/0,35568:1747647679268:,1747647684484
counter/7/0/0/0,35569:1747647679268:,1747647684484
counter/7/0/0/0,35570:1747647679268:,1747647684484
counter/7/0/0/0,35571:1747647679268:,1747647684484
counter/7/0/0/0,35572:1747647679268:,1747647684484
counter/7/0/0/0,35573:1747647679273:,1747647684484
counter/7/0/0/0,35574:1747647679273:,1747647684484
counter/7/0/0/0,35575:1747647679273:,1747647684484
counter/7/0/0/0,35576:1747647679281:,1747647684484
counter/3/0/0/0,29468:1747647674538:,1747647684484
counter/7/0/0/0,35577:1747647679281:,1747647684484
counter/4/0/0/0,34178:1747647678080:,1747647684484
counter/7/0/0/0,35578:1747647679281:,1747647684484
counter/10/0/0/0,29160:1747647672705:,1747647684484
counter/7/0/0/0,35579:1747647679281:,1747647684484
counter/7/0/0/0,35580:1747647679281:,1747647684484
counter/7/0/0/0,35581:1747647679281:,1747647684484
counter/10/0/0/0,29161:1747647672705:,1747647684484
counter/7/0/0/0,35582:1747647679281:,1747647684485
counter/3/0/0/0,29469:1747647674538:,1747647684485
counter/7/0/0/0,35583:1747647679281:,1747647684485
counter/4/0/0/0,34179:1747647678080:,1747647684485
counter/7/0/0/0,35584:1747647679281:,1747647684485
counter/10/0/0/0,29162:1747647672705:,1747647684485
counter/7/0/0/0,35585:1747647679291:,1747647684485
counter/3/0/0/0,29470:1747647674538:,1747647684485
counter/7/0/0/0,35586:1747647679297:,1747647684485
counter/7/0/0/0,35587:1747647679297:,1747647684485
counter/7/0/0/0,35588:1747647679297:,1747647684485
counter/7/0/0/0,35589:1747647679297:,1747647684485
counter/7/0/0/0,35590:1747647679297:,1747647684485
counter/7/0/0/0,35591:1747647679297:,1747647684485
counter/7/0/0/0,35592:1747647679297:,1747647684485
counter/7/0/0/0,35593:1747647679297:,1747647684485
counter/7/0/0/0,35594:1747647679297:,1747647684485
counter/7/0/0/0,35595:1747647679297:,1747647684485
counter/7/0/0/0,35596:1747647679297:,1747647684485
counter/7/0/0/0,35597:1747647679297:,1747647684485
counter/7/0/0/0,35598:1747647679297:,1747647684485
counter/7/0/0/0,35599:1747647679297:,1747647684485
counter/7/0/0/0,35600:1747647679297:,1747647684485
counter/7/0/0/0,35601:1747647679297:,1747647684485
counter/7/0/0/0,35602:1747647679298:,1747647684485
counter/3/0/0/0,29471:1747647674538:,1747647684485
counter/7/0/0/0,35603:1747647679298:,1747647684485
counter/10/0/0/0,29163:1747647672705:,1747647684485
counter/7/0/0/0,35604:1747647679298:,1747647684485
counter/7/0/0/0,35605:1747647679302:,1747647684485
counter/7/0/0/0,35606:1747647679302:,1747647684485
counter/7/0/0/0,35607:1747647679302:,1747647684485
counter/7/0/0/0,35608:1747647679302:,1747647684485
counter/7/0/0/0,35609:1747647679302:,1747647684485
counter/7/0/0/0,35610:1747647679302:,1747647684485
counter/7/0/0/0,35611:1747647679302:,1747647684485
counter/10/0/0/0,29164:1747647672705:,1747647684485
counter/7/0/0/0,35612:1747647679302:,1747647684485
counter/10/0/0/0,29165:1747647672705:,1747647684485
counter/7/0/0/0,35613:1747647679302:,1747647684486
counter/10/0/0/0,29166:1747647672705:,1747647684486
counter/10/0/0/0,29167:1747647672705:,1747647684486
counter/10/0/0/0,29168:1747647672705:,1747647684486
counter/7/0/0/0,35614:1747647679302:,1747647684486
counter/10/0/0/0,29169:1747647672705:,1747647684486
counter/3/0/0/0,29472:1747647674538:,1747647684486
counter/10/0/0/0,29170:1747647672705:,1747647684486
counter/10/0/0/0,29171:1747647672705:,1747647684486
counter/10/0/0/0,29172:1747647672705:,1747647684486
counter/10/0/0/0,29173:1747647672705:,1747647684486
counter/10/0/0/0,29174:1747647672705:,1747647684486
counter/10/0/0/0,29175:1747647672705:,1747647684486
counter/10/0/0/0,29176:1747647672707:,1747647684486
counter/10/0/0/0,29177:1747647672707:,1747647684486
counter/10/0/0/0,29178:1747647672707:,1747647684486
counter/10/0/0/0,29179:1747647672707:,1747647684486
counter/10/0/0/0,29180:1747647672707:,1747647684486
counter/10/0/0/0,29181:1747647672707:,1747647684486
counter/4/0/0/0,34180:1747647678080:,1747647684486
counter/10/0/0/0,29182:1747647672707:,1747647684486
counter/7/0/0/0,35615:1747647679303:,1747647684486
counter/10/0/0/0,29183:1747647672707:,1747647684486
counter/10/0/0/0,29184:1747647672707:,1747647684486
counter/10/0/0/0,29185:1747647672707:,1747647684486
counter/10/0/0/0,29186:1747647672707:,1747647684486
counter/10/0/0/0,29187:1747647672707:,1747647684486
counter/10/0/0/0,29188:1747647672718:,1747647684486
counter/10/0/0/0,29189:1747647672719:,1747647684486
counter/10/0/0/0,29190:1747647672719:,1747647684486
counter/10/0/0/0,29191:1747647672719:,1747647684486
counter/10/0/0/0,29192:1747647672719:,1747647684486
counter/10/0/0/0,29193:1747647672719:,1747647684486
counter/10/0/0/0,29194:1747647672719:,1747647684486
counter/10/0/0/0,29195:1747647672719:,1747647684487
counter/10/0/0/0,29196:1747647672719:,1747647684487
counter/10/0/0/0,29197:1747647672719:,1747647684487
counter/10/0/0/0,29198:1747647672719:,1747647684487
counter/10/0/0/0,29199:1747647672719:,1747647684487
counter/10/0/0/0,29200:1747647672722:,1747647684487
counter/10/0/0/0,29201:1747647672722:,1747647684487
counter/10/0/0/0,29202:1747647672722:,1747647684487
counter/10/0/0/0,29203:1747647672722:,1747647684487
counter/7/0/0/0,35616:1747647679303:,1747647684487
counter/10/0/0/0,29204:1747647672722:,1747647684487
counter/4/0/0/0,34181:1747647678086:,1747647684487
counter/10/0/0/0,29205:1747647672722:,1747647684487
counter/3/0/0/0,29473:1747647674541:,1747647684487
counter/10/0/0/0,29206:1747647672722:,1747647684487
counter/10/0/0/0,29207:1747647672745:,1747647684487
counter/10/0/0/0,29208:1747647672745:,1747647684487
counter/10/0/0/0,29209:1747647672745:,1747647684487
counter/7/0/0/0,35617:1747647679303:,1747647684487
counter/10/0/0/0,29210:1747647672745:,1747647684487
counter/3/0/0/0,29474:1747647674541:,1747647684487
counter/10/0/0/0,29211:1747647672745:,1747647684487
counter/10/0/0/0,29212:1747647672745:,1747647684487
counter/10/0/0/0,29213:1747647672745:,1747647684487
counter/10/0/0/0,29214:1747647672745:,1747647684487
counter/10/0/0/0,29215:1747647672745:,1747647684487
counter/10/0/0/0,29216:1747647672745:,1747647684487
counter/10/0/0/0,29217:1747647672746:,1747647684487
counter/10/0/0/0,29218:1747647672746:,1747647684487
counter/10/0/0/0,29219:1747647672746:,1747647684487
counter/10/0/0/0,29220:1747647672746:,1747647684487
counter/10/0/0/0,29221:1747647672746:,1747647684487
counter/10/0/0/0,29222:1747647672746:,1747647684488
counter/10/0/0/0,29223:1747647672762:,1747647684488
counter/3/0/0/0,29475:1747647674541:,1747647684488
counter/10/0/0/0,29224:1747647672766:,1747647684488
counter/4/0/0/0,34182:1747647678090:,1747647684488
counter/10/0/0/0,29225:1747647672770:,1747647684488
counter/10/0/0/0,29226:1747647672770:,1747647684488
counter/10/0/0/0,29227:1747647672770:,1747647684488
counter/10/0/0/0,29228:1747647672770:,1747647684488
counter/10/0/0/0,29229:1747647672770:,1747647684488
counter/10/0/0/0,29230:1747647672770:,1747647684488
counter/7/0/0/0,35618:1747647679305:,1747647684488
counter/10/0/0/0,29231:1747647672770:,1747647684488
counter/4/0/0/0,34183:1747647678090:,1747647684488
counter/10/0/0/0,29232:1747647672770:,1747647684488
counter/3/0/0/0,29476:1747647674544:,1747647684488
counter/10/0/0/0,29233:1747647672770:,1747647684488
counter/10/0/0/0,29234:1747647672770:,1747647684488
counter/10/0/0/0,29235:1747647672770:,1747647684488
counter/10/0/0/0,29236:1747647672770:,1747647684488
counter/7/0/0/0,35619:1747647679305:,1747647684488
counter/10/0/0/0,29237:1747647672770:,1747647684488
counter/10/0/0/0,29238:1747647672770:,1747647684488
counter/10/0/0/0,29239:1747647672770:,1747647684488
counter/10/0/0/0,29240:1747647672770:,1747647684488
counter/10/0/0/0,29241:1747647672775:,1747647684488
counter/10/0/0/0,29242:1747647672775:,1747647684488
counter/10/0/0/0,29243:1747647672775:,1747647684488
counter/10/0/0/0,29244:1747647672775:,1747647684488
counter/10/0/0/0,29245:1747647672775:,1747647684488
counter/10/0/0/0,29246:1747647672795:,1747647684488
counter/10/0/0/0,29247:1747647672795:,1747647684488
counter/10/0/0/0,29248:1747647672795:,1747647684488
counter/4/0/0/0,34184:1747647678090:,1747647684488
counter/4/0/0/0,34185:1747647678090:,1747647684488
counter/4/0/0/0,34186:1747647678090:,1747647684488
counter/10/0/0/0,29249:1747647672795:,1747647684488
counter/10/0/0/0,29250:1747647672800:,1747647684488
counter/7/0/0/0,35620:1747647679305:,1747647684489
counter/4/0/0/0,34187:1747647678090:,1747647684489
counter/4/0/0/0,34188:1747647678090:,1747647684489
counter/4/0/0/0,34189:1747647678090:,1747647684489
counter/4/0/0/0,34190:1747647678090:,1747647684489
counter/7/0/0/0,35621:1747647679314:,1747647684489
counter/10/0/0/0,29251:1747647672801:,1747647684489
counter/10/0/0/0,29252:1747647672801:,1747647684489
counter/10/0/0/0,29253:1747647672804:,1747647684489
counter/10/0/0/0,29254:1747647672805:,1747647684489
counter/10/0/0/0,29255:1747647672805:,1747647684489
counter/3/0/0/0,29477:1747647674544:,1747647684489
counter/7/0/0/0,35622:1747647679348:,1747647684489
counter/3/0/0/0,29478:1747647674544:,1747647684489
counter/3/0/0/0,29479:1747647674544:,1747647684489
counter/3/0/0/0,29480:1747647674544:,1747647684489
counter/3/0/0/0,29481:1747647674544:,1747647684489
counter/7/0/0/0,35623:1747647679348:,1747647684489
counter/3/0/0/0,29482:1747647674544:,1747647684489
counter/10/0/0/0,29256:1747647672805:,1747647684489
counter/4/0/0/0,34191:1747647678090:,1747647684489
counter/3/0/0/0,29483:1747647674544:,1747647684489
counter/3/0/0/0,29484:1747647674545:,1747647684489
counter/3/0/0/0,29485:1747647674545:,1747647684489
counter/3/0/0/0,29486:1747647674545:,1747647684489
counter/3/0/0/0,29487:1747647674547:,1747647684489
counter/3/0/0/0,29488:1747647674547:,1747647684489
counter/3/0/0/0,29489:1747647674548:,1747647684489
counter/3/0/0/0,29490:1747647674548:,1747647684489
counter/3/0/0/0,29491:1747647674548:,1747647684489
counter/3/0/0/0,29492:1747647674548:,1747647684489
counter/3/0/0/0,29493:1747647674548:,1747647684489
counter/3/0/0/0,29494:1747647674548:,1747647684489
counter/3/0/0/0,29495:1747647674548:,1747647684489
counter/3/0/0/0,29496:1747647674554:,1747647684489
counter/3/0/0/0,29497:1747647674554:,1747647684490
counter/3/0/0/0,29498:1747647674554:,1747647684490
counter/3/0/0/0,29499:1747647674554:,1747647684490
counter/3/0/0/0,29500:1747647674554:,1747647684490
counter/3/0/0/0,29501:1747647674554:,1747647684490
counter/3/0/0/0,29502:1747647674554:,1747647684490
counter/3/0/0/0,29503:1747647674554:,1747647684490
counter/3/0/0/0,29504:1747647674554:,1747647684490
counter/3/0/0/0,29505:1747647674554:,1747647684490
counter/3/0/0/0,29506:1747647674556:,1747647684490
counter/3/0/0/0,29507:1747647674557:,1747647684490
counter/3/0/0/0,29508:1747647674557:,1747647684490
counter/3/0/0/0,29509:1747647674557:,1747647684490
counter/3/0/0/0,29510:1747647674557:,1747647684490
counter/3/0/0/0,29511:1747647674557:,1747647684490
counter/3/0/0/0,29512:1747647674557:,1747647684490
counter/3/0/0/0,29513:1747647674557:,1747647684490
counter/3/0/0/0,29514:1747647674557:,1747647684490
counter/3/0/0/0,29515:1747647674557:,1747647684490
counter/7/0/0/0,35624:1747647679348:,1747647684490
counter/3/0/0/0,29516:1747647674557:,1747647684490
counter/4/0/0/0,34192:1747647678090:,1747647684490
counter/3/0/0/0,29517:1747647674557:,1747647684490
counter/10/0/0/0,29257:1747647672805:,1747647684490
counter/3/0/0/0,29518:1747647674558:,1747647684490
counter/3/0/0/0,29519:1747647674558:,1747647684490
counter/3/0/0/0,29520:1747647674558:,1747647684490
counter/3/0/0/0,29521:1747647674558:,1747647684490
counter/10/0/0/0,29258:1747647672805:,1747647684490
counter/3/0/0/0,29522:1747647674558:,1747647684490
counter/4/0/0/0,34193:1747647678090:,1747647684490
counter/3/0/0/0,29523:1747647674558:,1747647684490
counter/3/0/0/0,29524:1747647674558:,1747647684490
counter/3/0/0/0,29525:1747647674558:,1747647684490
counter/3/0/0/0,29526:1747647674558:,1747647684490
counter/3/0/0/0,29527:1747647674558:,1747647684490
counter/3/0/0/0,29528:1747647674558:,1747647684490
counter/3/0/0/0,29529:1747647674558:,1747647684490
counter/3/0/0/0,29530:1747647674558:,1747647684490
counter/4/0/0/0,34194:1747647678090:,1747647684491
counter/3/0/0/0,29531:1747647674558:,1747647684491
counter/10/0/0/0,29259:1747647672805:,1747647684491
counter/3/0/0/0,29532:1747647674559:,1747647684491
counter/7/0/0/0,35625:1747647679348:,1747647684491
counter/3/0/0/0,29533:1747647674559:,1747647684491
counter/3/0/0/0,29534:1747647674559:,1747647684491
counter/3/0/0/0,29535:1747647674559:,1747647684491
counter/3/0/0/0,29536:1747647674559:,1747647684491
counter/3/0/0/0,29537:1747647674559:,1747647684491
counter/3/0/0/0,29538:1747647674559:,1747647684491
counter/3/0/0/0,29539:1747647674559:,1747647684491
counter/3/0/0/0,29540:1747647674559:,1747647684491
counter/3/0/0/0,29541:1747647674559:,1747647684491
counter/3/0/0/0,29542:1747647674559:,1747647684491
counter/3/0/0/0,29543:1747647674559:,1747647684491
counter/3/0/0/0,29544:1747647674559:,1747647684491
counter/3/0/0/0,29545:1747647674559:,1747647684491
counter/3/0/0/0,29546:1747647674559:,1747647684491
counter/3/0/0/0,29547:1747647674559:,1747647684491
counter/3/0/0/0,29548:1747647674560:,1747647684491
counter/3/0/0/0,29549:1747647674560:,1747647684491
counter/3/0/0/0,29550:1747647674560:,1747647684491
counter/3/0/0/0,29551:1747647674560:,1747647684491
counter/3/0/0/0,29552:1747647674587:,1747647684491
counter/3/0/0/0,29553:1747647674588:,1747647684491
counter/3/0/0/0,29554:1747647674588:,1747647684491
counter/3/0/0/0,29555:1747647674588:,1747647684491
counter/4/0/0/0,34195:1747647678090:,1747647684491
counter/3/0/0/0,29556:1747647674588:,1747647684491
counter/7/0/0/0,35626:1747647679348:,1747647684491
counter/10/0/0/0,29260:1747647672817:,1747647684491
counter/3/0/0/0,29557:1747647674588:,1747647684491
counter/3/0/0/0,29558:1747647674588:,1747647684491
counter/3/0/0/0,29559:1747647674588:,1747647684491
counter/3/0/0/0,29560:1747647674588:,1747647684491
counter/3/0/0/0,29561:1747647674588:,1747647684491
counter/7/0/0/0,35627:1747647679348:,1747647684491
counter/3/0/0/0,29562:1747647674588:,1747647684492
counter/10/0/0/0,29261:1747647672817:,1747647684492
counter/3/0/0/0,29563:1747647674588:,1747647684492
counter/3/0/0/0,29564:1747647674588:,1747647684492
counter/3/0/0/0,29565:1747647674588:,1747647684492
counter/3/0/0/0,29566:1747647674588:,1747647684492
counter/7/0/0/0,35628:1747647679348:,1747647684492
counter/3/0/0/0,29567:1747647674588:,1747647684492
counter/10/0/0/0,29262:1747647672817:,1747647684492
counter/3/0/0/0,29568:1747647674589:,1747647684492
counter/4/0/0/0,34196:1747647678091:,1747647684492
counter/3/0/0/0,29569:1747647674589:,1747647684492
counter/3/0/0/0,29570:1747647674589:,1747647684492
counter/7/0/0/0,35629:1747647679359:,1747647684492
counter/3/0/0/0,29571:1747647674589:,1747647684492
counter/10/0/0/0,29263:1747647672817:,1747647684492
counter/4/0/0/0,34197:1747647678091:,1747647684492
counter/3/0/0/0,29572:1747647674589:,1747647684492
counter/7/0/0/0,35630:1747647679359:,1747647684492
counter/10/0/0/0,29264:1747647672817:,1747647684492
counter/4/0/0/0,34198:1747647678091:,1747647684492
counter/3/0/0/0,29573:1747647674589:,1747647684492
counter/7/0/0/0,35631:1747647679359:,1747647684492
counter/10/0/0/0,29265:1747647672817:,1747647684492
counter/4/0/0/0,34199:1747647678108:,1747647684492
counter/3/0/0/0,29574:1747647674589:,1747647684492
counter/7/0/0/0,35632:1747647679359:,1747647684492
counter/10/0/0/0,29266:1747647672822:,1747647684492
counter/4/0/0/0,34200:1747647678108:,1747647684492
counter/3/0/0/0,29575:1747647674589:,1747647684492
counter/7/0/0/0,35633:1747647679359:,1747647684492
counter/10/0/0/0,29267:1747647672824:,1747647684492
counter/4/0/0/0,34201:1747647678108:,1747647684492
counter/3/0/0/0,29576:1747647674589:,1747647684492
counter/7/0/0/0,35634:1747647679359:,1747647684492
counter/10/0/0/0,29268:1747647672824:,1747647684492
counter/4/0/0/0,34202:1747647678108:,1747647684493
counter/3/0/0/0,29577:1747647674589:,1747647684493
counter/7/0/0/0,35635:1747647679359:,1747647684493
counter/10/0/0/0,29269:1747647672824:,1747647684493
counter/4/0/0/0,34203:1747647678108:,1747647684493
counter/3/0/0/0,29578:1747647674589:,1747647684493
counter/7/0/0/0,35636:1747647679359:,1747647684493
counter/10/0/0/0,29270:1747647672825:,1747647684493
counter/4/0/0/0,34204:1747647678108:,1747647684493
counter/4/0/0/0,34205:1747647678108:,1747647684493
counter/4/0/0/0,34206:1747647678109:,1747647684493
counter/4/0/0/0,34207:1747647678109:,1747647684493
counter/4/0/0/0,34208:1747647678109:,1747647684493
counter/4/0/0/0,34209:1747647678109:,1747647684493
counter/10/0/0/0,29271:1747647672843:,1747647684493
counter/4/0/0/0,34210:1747647678109:,1747647684493
counter/7/0/0/0,35637:1747647679359:,1747647684493
counter/4/0/0/0,34211:1747647678109:,1747647684493
counter/3/0/0/0,29579:1747647674589:,1747647684493
counter/10/0/0/0,29272:1747647672843:,1747647684493
counter/7/0/0/0,35638:1747647679360:,1747647684493
counter/3/0/0/0,29580:1747647674589:,1747647684493
counter/4/0/0/0,34212:1747647678109:,1747647684493
counter/10/0/0/0,29273:1747647672843:,1747647684493
counter/7/0/0/0,35639:1747647679360:,1747647684493
counter/3/0/0/0,29581:1747647674589:,1747647684493
counter/4/0/0/0,34213:1747647678111:,1747647684493
counter/10/0/0/0,29274:1747647672843:,1747647684493
counter/7/0/0/0,35640:1747647679360:,1747647684493
counter/3/0/0/0,29582:1747647674589:,1747647684493
counter/4/0/0/0,34214:1747647678111:,1747647684493
counter/10/0/0/0,29275:1747647672843:,1747647684493
counter/7/0/0/0,35641:1747647679366:,1747647684493
counter/3/0/0/0,29583:1747647674593:,1747647684493
counter/4/0/0/0,34215:1747647678111:,1747647684493
counter/10/0/0/0,29276:1747647672843:,1747647684493
counter/7/0/0/0,35642:1747647679366:,1747647684493
counter/3/0/0/0,29584:1747647674593:,1747647684493
counter/4/0/0/0,34216:1747647678111:,1747647684493
counter/10/0/0/0,29277:1747647672843:,1747647684494
counter/7/0/0/0,35643:1747647679366:,1747647684494
counter/3/0/0/0,29585:1747647674593:,1747647684494
counter/4/0/0/0,34217:1747647678111:,1747647684494
counter/10/0/0/0,29278:1747647672843:,1747647684494
counter/7/0/0/0,35644:1747647679378:,1747647684494
counter/3/0/0/0,29586:1747647674593:,1747647684494
counter/4/0/0/0,34218:1747647678111:,1747647684494
counter/10/0/0/0,29279:1747647672843:,1747647684494
counter/7/0/0/0,35645:1747647679378:,1747647684494
counter/7/0/0/0,35646:1747647679378:,1747647684494
counter/7/0/0/0,35647:1747647679378:,1747647684494
counter/7/0/0/0,35648:1747647679378:,1747647684494
counter/5/0/0/0,36620:1747647679020:,1747647684494
counter/7/0/0/0,35649:1747647679379:,1747647684494
counter/5/0/0/0,36621:1747647679020:,1747647684494
counter/7/0/0/0,35650:1747647679379:,1747647684494
counter/5/0/0/0,36622:1747647679020:,1747647684494
counter/10/0/0/0,29280:1747647672843:,1747647684494
counter/7/0/0/0,35651:1747647679379:,1747647684494
counter/5/0/0/0,36623:1747647679020:,1747647684494
counter/4/0/0/0,34219:1747647678111:,1747647684494
counter/7/0/0/0,35652:1747647679379:,1747647684494
counter/5/0/0/0,36624:1747647679020:,1747647684494
counter/10/0/0/0,29281:1747647672857:,1747647684494
counter/7/0/0/0,35653:1747647679379:,1747647684494
counter/5/0/0/0,36625:1747647679020:,1747647684494
counter/4/0/0/0,34220:1747647678111:,1747647684494
counter/3/0/0/0,29587:1747647674593:,1747647684494
counter/7/0/0/0,35654:1747647679379:,1747647684494
counter/5/0/0/0,36626:1747647679020:,1747647684494
counter/7/0/0/0,35655:1747647679379:,1747647684494
counter/5/0/0/0,36627:1747647679020:,1747647684495
counter/7/0/0/0,35656:1747647679381:,1747647684495
counter/5/0/0/0,36628:1747647679020:,1747647684495
counter/7/0/0/0,35657:1747647679387:,1747647684495
counter/5/0/0/0,36629:1747647679020:,1747647684495
counter/7/0/0/0,35658:1747647679387:,1747647684495
counter/5/0/0/0,36630:1747647679020:,1747647684495
counter/10/0/0/0,29282:1747647672857:,1747647684495
counter/7/0/0/0,35659:1747647679388:,1747647684495
counter/5/0/0/0,36631:1747647679020:,1747647684495
counter/3/0/0/0,29588:1747647674593:,1747647684495
counter/7/0/0/0,35660:1747647679388:,1747647684495
counter/5/0/0/0,36632:1747647679020:,1747647684495
counter/3/0/0/0,29589:1747647674593:,1747647684495
counter/7/0/0/0,35661:1747647679388:,1747647684495
counter/5/0/0/0,36633:1747647679020:,1747647684495
counter/3/0/0/0,29590:1747647674593:,1747647684495
counter/4/0/0/0,34221:1747647678112:,1747647684495
counter/7/0/0/0,35662:1747647679388:,1747647684495
counter/5/0/0/0,36634:1747647679021:,1747647684495
counter/3/0/0/0,29591:1747647674593:,1747647684495
counter/7/0/0/0,35663:1747647679388:,1747647684495
counter/5/0/0/0,36635:1747647679021:,1747647684495
counter/7/0/0/0,35664:1747647679388:,1747647684495
counter/5/0/0/0,36636:1747647679024:,1747647684495
counter/7/0/0/0,35665:1747647679388:,1747647684495
counter/5/0/0/0,36637:1747647679024:,1747647684495
counter/10/0/0/0,29283:1747647672857:,1747647684495
counter/3/0/0/0,29592:1747647674593:,1747647684495
counter/7/0/0/0,35666:1747647679388:,1747647684496
counter/5/0/0/0,36638:1747647679024:,1747647684496
counter/7/0/0/0,35667:1747647679388:,1747647684496
counter/5/0/0/0,36639:1747647679024:,1747647684496
counter/7/0/0/0,35668:1747647679388:,1747647684496
counter/5/0/0/0,36640:1747647679024:,1747647684496
counter/7/0/0/0,35669:1747647679388:,1747647684496
counter/5/0/0/0,36641:1747647679024:,1747647684496
counter/7/0/0/0,35670:1747647679388:,1747647684496
counter/5/0/0/0,36642:1747647679024:,1747647684496
counter/7/0/0/0,35671:1747647679388:,1747647684496
counter/5/0/0/0,36643:1747647679024:,1747647684496
counter/7/0/0/0,35672:1747647679388:,1747647684496
counter/5/0/0/0,36644:1747647679034:,1747647684496
counter/7/0/0/0,35673:1747647679388:,1747647684496
counter/5/0/0/0,36645:1747647679034:,1747647684496
counter/7/0/0/0,35674:1747647679391:,1747647684496
counter/5/0/0/0,36646:1747647679034:,1747647684496
counter/7/0/0/0,35675:1747647679391:,1747647684496
counter/5/0/0/0,36647:1747647679034:,1747647684496
counter/7/0/0/0,35676:1747647679391:,1747647684496
counter/5/0/0/0,36648:1747647679034:,1747647684496
counter/7/0/0/0,35677:1747647679391:,1747647684496
counter/5/0/0/0,36649:1747647679035:,1747647684496
counter/7/0/0/0,35678:1747647679391:,1747647684496
counter/5/0/0/0,36650:1747647679042:,1747647684496
counter/7/0/0/0,35679:1747647679391:,1747647684496
counter/5/0/0/0,36651:1747647679042:,1747647684496
counter/10/0/0/0,29284:1747647672857:,1747647684496
counter/7/0/0/0,35680:1747647679391:,1747647684496
counter/5/0/0/0,36652:1747647679042:,1747647684496
counter/3/0/0/0,29593:1747647674593:,1747647684496
counter/7/0/0/0,35681:1747647679391:,1747647684496
counter/5/0/0/0,36653:1747647679042:,1747647684496
counter/7/0/0/0,35682:1747647679391:,1747647684496
counter/5/0/0/0,36654:1747647679042:,1747647684496
counter/7/0/0/0,35683:1747647679391:,1747647684496
counter/5/0/0/0,36655:1747647679042:,1747647684496
counter/7/0/0/0,35684:1747647679391:,1747647684497
counter/5/0/0/0,36656:1747647679043:,1747647684497
counter/7/0/0/0,35685:1747647679391:,1747647684497
counter/5/0/0/0,36657:1747647679043:,1747647684497
counter/7/0/0/0,35686:1747647679391:,1747647684497
counter/5/0/0/0,36658:1747647679044:,1747647684497
counter/7/0/0/0,35687:1747647679391:,1747647684497
counter/5/0/0/0,36659:1747647679044:,1747647684497
counter/7/0/0/0,35688:1747647679391:,1747647684497
counter/5/0/0/0,36660:1747647679044:,1747647684497
counter/7/0/0/0,35689:1747647679393:,1747647684497
counter/5/0/0/0,36661:1747647679044:,1747647684497
counter/7/0/0/0,35690:1747647679393:,1747647684497
counter/5/0/0/0,36662:1747647679050:,1747647684497
counter/7/0/0/0,35691:1747647679393:,1747647684497
counter/5/0/0/0,36663:1747647679050:,1747647684497
counter/7/0/0/0,35692:1747647679393:,1747647684497
counter/5/0/0/0,36664:1747647679050:,1747647684497
counter/7/0/0/0,35693:1747647679393:,1747647684497
counter/5/0/0/0,36665:1747647679050:,1747647684497
counter/7/0/0/0,35694:1747647679393:,1747647684497
counter/5/0/0/0,36666:1747647679050:,1747647684497
counter/7/0/0/0,35695:1747647679393:,1747647684497
counter/5/0/0/0,36667:1747647679054:,1747647684497
counter/7/0/0/0,35696:1747647679393:,1747647684497
counter/5/0/0/0,36668:1747647679054:,1747647684497
counter/7/0/0/0,35697:1747647679394:,1747647684497
counter/5/0/0/0,36669:1747647679054:,1747647684497
counter/7/0/0/0,35698:1747647679394:,1747647684497
counter/5/0/0/0,36670:1747647679054:,1747647684497
counter/7/0/0/0,35699:1747647679394:,1747647684497
counter/5/0/0/0,36671:1747647679054:,1747647684497
counter/3/0/0/0,29594:1747647674593:,1747647684497
counter/7/0/0/0,35700:1747647679394:,1747647684497
counter/5/0/0/0,36672:1747647679054:,1747647684497
counter/7/0/0/0,35701:1747647679394:,1747647684497
counter/5/0/0/0,36673:1747647679054:,1747647684497
counter/7/0/0/0,35702:1747647679396:,1747647684498
counter/5/0/0/0,36674:1747647679054:,1747647684498
counter/7/0/0/0,35703:1747647679396:,1747647684498
counter/5/0/0/0,36675:1747647679054:,1747647684498
counter/10/0/0/0,29285:1747647672857:,1747647684498
counter/7/0/0/0,35704:1747647679396:,1747647684498
counter/5/0/0/0,36676:1747647679054:,1747647684498
counter/4/0/0/0,34222:1747647678112:,1747647684498
counter/3/0/0/0,29595:1747647674593:,1747647684498
counter/7/0/0/0,35705:1747647679396:,1747647684498
counter/5/0/0/0,36677:1747647679055:,1747647684498
counter/7/0/0/0,35706:1747647679396:,1747647684498
counter/5/0/0/0,36678:1747647679065:,1747647684498
counter/7/0/0/0,35707:1747647679396:,1747647684498
counter/5/0/0/0,36679:1747647679065:,1747647684498
counter/7/0/0/0,35708:1747647679433:,1747647684498
counter/5/0/0/0,36680:1747647679065:,1747647684498
counter/7/0/0/0,35709:1747647679433:,1747647684498
counter/5/0/0/0,36681:1747647679065:,1747647684498
counter/7/0/0/0,35710:1747647679433:,1747647684498
counter/5/0/0/0,36682:1747647679065:,1747647684498
counter/10/0/0/0,29286:1747647672857:,1747647684498
counter/7/0/0/0,35711:1747647679433:,1747647684498
counter/5/0/0/0,36683:1747647679065:,1747647684498
counter/4/0/0/0,34223:1747647678112:,1747647684498
counter/3/0/0/0,29596:1747647674593:,1747647684498
counter/7/0/0/0,35712:1747647679433:,1747647684498
counter/5/0/0/0,36684:1747647679065:,1747647684498
counter/7/0/0/0,35713:1747647679433:,1747647684498
counter/5/0/0/0,36685:1747647679065:,1747647684498
counter/7/0/0/0,35714:1747647679433:,1747647684498
counter/5/0/0/0,36686:1747647679065:,1747647684498
counter/7/0/0/0,35715:1747647679433:,1747647684498
counter/5/0/0/0,36687:1747647679065:,1747647684499
counter/7/0/0/0,35716:1747647679434:,1747647684499
counter/5/0/0/0,36688:1747647679065:,1747647684499
counter/10/0/0/0,29287:1747647672858:,1747647684499
counter/7/0/0/0,35717:1747647679434:,1747647684499
counter/5/0/0/0,36689:1747647679065:,1747647684499
counter/3/0/0/0,29597:1747647674593:,1747647684499
counter/7/0/0/0,35718:1747647679434:,1747647684499
counter/5/0/0/0,36690:1747647679065:,1747647684499
counter/3/0/0/0,29598:1747647674593:,1747647684499
counter/4/0/0/0,34224:1747647678112:,1747647684499
counter/10/0/0/0,29288:1747647672858:,1747647684499
counter/7/0/0/0,35719:1747647679434:,1747647684499
counter/5/0/0/0,36691:1747647679066:,1747647684499
counter/7/0/0/0,35720:1747647679434:,1747647684499
counter/5/0/0/0,36692:1747647679066:,1747647684499
counter/4/0/0/0,34225:1747647678112:,1747647684499
counter/7/0/0/0,35721:1747647679443:,1747647684499
counter/5/0/0/0,36693:1747647679066:,1747647684499
counter/3/0/0/0,29599:1747647674597:,1747647684499
counter/7/0/0/0,35722:1747647679443:,1747647684499
counter/5/0/0/0,36694:1747647679066:,1747647684499
counter/7/0/0/0,35723:1747647679443:,1747647684499
counter/5/0/0/0,36695:1747647679069:,1747647684499
counter/10/0/0/0,29289:1747647672858:,1747647684499
counter/7/0/0/0,35724:1747647679443:,1747647684499
counter/5/0/0/0,36696:1747647679069:,1747647684499
counter/3/0/0/0,29600:1747647674597:,1747647684499
counter/7/0/0/0,35725:1747647679443:,1747647684499
counter/5/0/0/0,36697:1747647679069:,1747647684499
counter/7/0/0/0,35726:1747647679443:,1747647684499
counter/5/0/0/0,36698:1747647679069:,1747647684499
counter/10/0/0/0,29290:1747647672858:,1747647684499
counter/7/0/0/0,35727:1747647679443:,1747647684499
counter/5/0/0/0,36699:1747647679069:,1747647684499
counter/4/0/0/0,34226:1747647678112:,1747647684499
counter/7/0/0/0,35728:1747647679448:,1747647684499
counter/5/0/0/0,36700:1747647679069:,1747647684500
counter/7/0/0/0,35729:1747647679448:,1747647684500
counter/5/0/0/0,36701:1747647679069:,1747647684500
counter/7/0/0/0,35730:1747647679448:,1747647684500
counter/5/0/0/0,36702:1747647679070:,1747647684500
counter/10/0/0/0,29291:1747647672858:,1747647684500
counter/7/0/0/0,35731:1747647679448:,1747647684500
counter/5/0/0/0,36703:1747647679070:,1747647684500
counter/3/0/0/0,29601:1747647674597:,1747647684500
counter/7/0/0/0,35732:1747647679448:,1747647684500
counter/5/0/0/0,36704:1747647679070:,1747647684500
counter/3/0/0/0,29602:1747647674597:,1747647684500
counter/7/0/0/0,35733:1747647679448:,1747647684500
counter/5/0/0/0,36705:1747647679070:,1747647684500
counter/3/0/0/0,29603:1747647674597:,1747647684500
counter/7/0/0/0,35734:1747647679448:,1747647684500
counter/5/0/0/0,36706:1747647679070:,1747647684500
counter/3/0/0/0,29604:1747647674597:,1747647684500
counter/7/0/0/0,35735:1747647679448:,1747647684500
counter/5/0/0/0,36707:1747647679070:,1747647684500
counter/3/0/0/0,29605:1747647674597:,1747647684500
counter/7/0/0/0,35736:1747647679448:,1747647684500
counter/5/0/0/0,36708:1747647679070:,1747647684500
counter/3/0/0/0,29606:1747647674597:,1747647684500
counter/7/0/0/0,35737:1747647679448:,1747647684500
counter/5/0/0/0,36709:1747647679070:,1747647684500
counter/3/0/0/0,29607:1747647674597:,1747647684500
counter/7/0/0/0,35738:1747647679448:,1747647684500
counter/5/0/0/0,36710:1747647679070:,1747647684500
counter/3/0/0/0,29608:1747647674597:,1747647684500
counter/7/0/0/0,35739:1747647679448:,1747647684500
counter/5/0/0/0,36711:1747647679070:,1747647684500
counter/3/0/0/0,29609:1747647674597:,1747647684500
counter/7/0/0/0,35740:1747647679448:,1747647684500
counter/5/0/0/0,36712:1747647679070:,1747647684500
counter/3/0/0/0,29610:1747647674597:,1747647684500
counter/7/0/0/0,35741:1747647679448:,1747647684500
counter/5/0/0/0,36713:1747647679075:,1747647684500
counter/3/0/0/0,29611:1747647674597:,1747647684501
counter/7/0/0/0,35742:1747647679448:,1747647684501
counter/5/0/0/0,36714:1747647679075:,1747647684501
counter/3/0/0/0,29612:1747647674597:,1747647684501
counter/7/0/0/0,35743:1747647679448:,1747647684501
counter/5/0/0/0,36715:1747647679075:,1747647684501
counter/3/0/0/0,29613:1747647674597:,1747647684501
counter/7/0/0/0,35744:1747647679448:,1747647684501
counter/5/0/0/0,36716:1747647679075:,1747647684501
counter/3/0/0/0,29614:1747647674597:,1747647684501
counter/7/0/0/0,35745:1747647679448:,1747647684501
counter/5/0/0/0,36717:1747647679075:,1747647684501
counter/3/0/0/0,29615:1747647674597:,1747647684501
counter/7/0/0/0,35746:1747647679448:,1747647684501
counter/5/0/0/0,36718:1747647679075:,1747647684501
counter/3/0/0/0,29616:1747647674597:,1747647684501
counter/7/0/0/0,35747:1747647679448:,1747647684501
counter/5/0/0/0,36719:1747647679075:,1747647684501
counter/3/0/0/0,29617:1747647674597:,1747647684501
counter/7/0/0/0,35748:1747647679448:,1747647684501
counter/5/0/0/0,36720:1747647679075:,1747647684501
counter/3/0/0/0,29618:1747647674597:,1747647684501
counter/7/0/0/0,35749:1747647679448:,1747647684501
counter/5/0/0/0,36721:1747647679075:,1747647684501
counter/3/0/0/0,29619:1747647674597:,1747647684501
counter/7/0/0/0,35750:1747647679448:,1747647684501
counter/5/0/0/0,36722:1747647679075:,1747647684501
counter/3/0/0/0,29620:1747647674597:,1747647684501
counter/7/0/0/0,35751:1747647679456:,1747647684501
counter/5/0/0/0,36723:1747647679075:,1747647684501
counter/3/0/0/0,29621:1747647674600:,1747647684501
counter/7/0/0/0,35752:1747647679456:,1747647684501
counter/5/0/0/0,36724:1747647679075:,1747647684501
counter/3/0/0/0,29622:1747647674600:,1747647684501
counter/7/0/0/0,35753:1747647679456:,1747647684501
counter/5/0/0/0,36725:1747647679075:,1747647684501
counter/3/0/0/0,29623:1747647674600:,1747647684501
counter/7/0/0/0,35754:1747647679456:,1747647684502
counter/5/0/0/0,36726:1747647679075:,1747647684502
counter/3/0/0/0,29624:1747647674600:,1747647684502
counter/7/0/0/0,35755:1747647679457:,1747647684502
counter/5/0/0/0,36727:1747647679076:,1747647684502
counter/3/0/0/0,29625:1747647674600:,1747647684502
counter/7/0/0/0,35756:1747647679457:,1747647684502
counter/5/0/0/0,36728:1747647679076:,1747647684502
counter/3/0/0/0,29626:1747647674600:,1747647684502
counter/7/0/0/0,35757:1747647679457:,1747647684502
counter/5/0/0/0,36729:1747647679079:,1747647684502
counter/3/0/0/0,29627:1747647674600:,1747647684502
counter/7/0/0/0,35758:1747647679458:,1747647684502
counter/5/0/0/0,36730:1747647679079:,1747647684502
counter/3/0/0/0,29628:1747647674600:,1747647684502
counter/7/0/0/0,35759:1747647679458:,1747647684502
counter/5/0/0/0,36731:1747647679079:,1747647684502
counter/3/0/0/0,29629:1747647674600:,1747647684502
counter/7/0/0/0,35760:1747647679458:,1747647684502
counter/5/0/0/0,36732:1747647679079:,1747647684502
counter/3/0/0/0,29630:1747647674600:,1747647684502
counter/7/0/0/0,35761:1747647679458:,1747647684502
counter/5/0/0/0,36733:1747647679079:,1747647684502
counter/3/0/0/0,29631:1747647674600:,1747647684502
counter/7/0/0/0,35762:1747647679458:,1747647684502
counter/5/0/0/0,36734:1747647679079:,1747647684502
counter/3/0/0/0,29632:1747647674600:,1747647684502
counter/7/0/0/0,35763:1747647679458:,1747647684502
counter/5/0/0/0,36735:1747647679079:,1747647684502
counter/3/0/0/0,29633:1747647674600:,1747647684502
counter/7/0/0/0,35764:1747647679458:,1747647684502
counter/5/0/0/0,36736:1747647679088:,1747647684502
counter/3/0/0/0,29634:1747647674600:,1747647684502
counter/7/0/0/0,35765:1747647679458:,1747647684502
counter/5/0/0/0,36737:1747647679092:,1747647684502
counter/3/0/0/0,29635:1747647674609:,1747647684502
counter/7/0/0/0,35766:1747647679458:,1747647684502
counter/5/0/0/0,36738:1747647679092:,1747647684502
counter/3/0/0/0,29636:1747647674609:,1747647684503
counter/7/0/0/0,35767:1747647679461:,1747647684503
counter/5/0/0/0,36739:1747647679092:,1747647684503
counter/3/0/0/0,29637:1747647674609:,1747647684503
counter/7/0/0/0,35768:1747647679461:,1747647684503
counter/5/0/0/0,36740:1747647679092:,1747647684503
counter/3/0/0/0,29638:1747647674609:,1747647684503
counter/7/0/0/0,35769:1747647679461:,1747647684503
counter/5/0/0/0,36741:1747647679096:,1747647684503
counter/3/0/0/0,29639:1747647674609:,1747647684503
counter/7/0/0/0,35770:1747647679461:,1747647684503
counter/5/0/0/0,36742:1747647679096:,1747647684503
counter/3/0/0/0,29640:1747647674617:,1747647684503
counter/7/0/0/0,35771:1747647679461:,1747647684503
counter/5/0/0/0,36743:1747647679096:,1747647684503
counter/3/0/0/0,29641:1747647674617:,1747647684503
counter/7/0/0/0,35772:1747647679461:,1747647684503
counter/5/0/0/0,36744:1747647679096:,1747647684503
counter/3/0/0/0,29642:1747647674617:,1747647684503
counter/7/0/0/0,35773:1747647679461:,1747647684503
counter/5/0/0/0,36745:1747647679096:,1747647684503
counter/3/0/0/0,29643:1747647674617:,1747647684503
counter/7/0/0/0,35774:1747647679461:,1747647684503
counter/5/0/0/0,36746:1747647679096:,1747647684503
counter/7/0/0/0,35775:1747647679468:,1747647684503
counter/5/0/0/0,36747:1747647679096:,1747647684503
counter/7/0/0/0,35776:1747647679470:,1747647684503
counter/5/0/0/0,36748:1747647679096:,1747647684503
counter/7/0/0/0,35777:1747647679471:,1747647684503
counter/5/0/0/0,36749:1747647679096:,1747647684503
counter/7/0/0/0,35778:1747647679471:,1747647684503
counter/5/0/0/0,36750:1747647679096:,1747647684503
counter/7/0/0/0,35779:1747647679471:,1747647684503
counter/5/0/0/0,36751:1747647679096:,1747647684504
counter/7/0/0/0,35780:1747647679471:,1747647684504
counter/5/0/0/0,36752:1747647679096:,1747647684504
counter/7/0/0/0,35781:1747647679474:,1747647684504
counter/5/0/0/0,36753:1747647679096:,1747647684504
counter/7/0/0/0,35782:1747647679474:,1747647684504
counter/5/0/0/0,36754:1747647679096:,1747647684504
counter/7/0/0/0,35783:1747647679474:,1747647684504
counter/5/0/0/0,36755:1747647679096:,1747647684504
counter/7/0/0/0,35784:1747647679474:,1747647684504
counter/5/0/0/0,36756:1747647679096:,1747647684504
counter/7/0/0/0,35785:1747647679474:,1747647684504
counter/5/0/0/0,36757:1747647679096:,1747647684504
counter/7/0/0/0,35786:1747647679475:,1747647684504
counter/5/0/0/0,36758:1747647679098:,1747647684504
counter/7/0/0/0,35787:1747647679475:,1747647684504
counter/5/0/0/0,36759:1747647679098:,1747647684504
counter/7/0/0/0,35788:1747647679475:,1747647684504
counter/5/0/0/0,36760:1747647679098:,1747647684504
counter/7/0/0/0,35789:1747647679475:,1747647684504
counter/5/0/0/0,36761:1747647679098:,1747647684504
counter/7/0/0/0,35790:1747647679475:,1747647684504
counter/5/0/0/0,36762:1747647679098:,1747647684504
counter/7/0/0/0,35791:1747647679475:,1747647684504
counter/5/0/0/0,36763:1747647679098:,1747647684504
counter/7/0/0/0,35792:1747647679475:,1747647684504
counter/5/0/0/0,36764:1747647679101:,1747647684504
counter/5/0/0/0,36765:1747647679102:,1747647684504
counter/5/0/0/0,36766:1747647679102:,1747647684504
counter/5/0/0/0,36767:1747647679102:,1747647684504
counter/5/0/0/0,36768:1747647679102:,1747647684504
counter/5/0/0/0,36769:1747647679102:,1747647684504
counter/5/0/0/0,36770:1747647679102:,1747647684504
counter/5/0/0/0,36771:1747647679102:,1747647684504
counter/5/0/0/0,36772:1747647679102:,1747647684504
counter/5/0/0/0,36773:1747647679102:,1747647684504
counter/5/0/0/0,36774:1747647679102:,1747647684504
counter/5/0/0/0,36775:1747647679102:,1747647684505
counter/5/0/0/0,36776:1747647679102:,1747647684505
counter/5/0/0/0,36777:1747647679102:,1747647684505
counter/5/0/0/0,36778:1747647679102:,1747647684505
counter/5/0/0/0,36779:1747647679102:,1747647684505
counter/5/0/0/0,36780:1747647679102:,1747647684505
counter/5/0/0/0,36781:1747647679102:,1747647684505
counter/5/0/0/0,36782:1747647679102:,1747647684505
counter/5/0/0/0,36783:1747647679102:,1747647684505
counter/5/0/0/0,36784:1747647679102:,1747647684505
counter/5/0/0/0,36785:1747647679102:,1747647684505
counter/5/0/0/0,36786:1747647679102:,1747647684505
counter/5/0/0/0,36787:1747647679103:,1747647684505
counter/5/0/0/0,36788:1747647679103:,1747647684505
counter/5/0/0/0,36789:1747647679103:,1747647684505
counter/5/0/0/0,36790:1747647679109:,1747647684505
counter/5/0/0/0,36791:1747647679109:,1747647684505
counter/5/0/0/0,36792:1747647679109:,1747647684505
counter/5/0/0/0,36793:1747647679109:,1747647684505
counter/5/0/0/0,36794:1747647679109:,1747647684505
counter/5/0/0/0,36795:1747647679109:,1747647684505
counter/5/0/0/0,36796:1747647679109:,1747647684505
counter/5/0/0/0,36797:1747647679109:,1747647684505
counter/5/0/0/0,36798:1747647679109:,1747647684505
counter/5/0/0/0,36799:1747647679109:,1747647684505
counter/5/0/0/0,36800:1747647679109:,1747647684505
counter/5/0/0/0,36801:1747647679114:,1747647684505
counter/5/0/0/0,36802:1747647679122:,1747647684505
counter/5/0/0/0,36803:1747647679122:,1747647684505
counter/5/0/0/0,36804:1747647679122:,1747647684505
counter/5/0/0/0,36805:1747647679122:,1747647684505
counter/5/0/0/0,36806:1747647679122:,1747647684505
counter/5/0/0/0,36807:1747647679122:,1747647684505
counter/5/0/0/0,36808:1747647679122:,1747647684505
counter/5/0/0/0,36809:1747647679122:,1747647684505
counter/5/0/0/0,36810:1747647679122:,1747647684505
counter/5/0/0/0,36811:1747647679122:,1747647684505
counter/5/0/0/0,36812:1747647679122:,1747647684506
counter/5/0/0/0,36813:1747647679122:,1747647684506
counter/5/0/0/0,36814:1747647679136:,1747647684506
counter/5/0/0/0,36815:1747647679136:,1747647684506
counter/5/0/0/0,36816:1747647679136:,1747647684506
counter/5/0/0/0,36817:1747647679136:,1747647684506
counter/5/0/0/0,36818:1747647679136:,1747647684506
counter/5/0/0/0,36819:1747647679136:,1747647684506
counter/5/0/0/0,36820:1747647679136:,1747647684506
counter/5/0/0/0,36821:1747647679136:,1747647684506
counter/5/0/0/0,36822:1747647679137:,1747647684506
counter/5/0/0/0,36823:1747647679138:,1747647684506
counter/5/0/0/0,36824:1747647679138:,1747647684506
counter/5/0/0/0,36825:1747647679138:,1747647684506
counter/5/0/0/0,36826:1747647679138:,1747647684506
counter/5/0/0/0,36827:1747647679138:,1747647684506
counter/5/0/0/0,36828:1747647679138:,1747647684506
counter/5/0/0/0,36829:1747647679138:,1747647684506
counter/5/0/0/0,36830:1747647679138:,1747647684506
counter/5/0/0/0,36831:1747647679138:,1747647684506
counter/5/0/0/0,36832:1747647679138:,1747647684506
counter/5/0/0/0,36833:1747647679139:,1747647684506
counter/5/0/0/0,36834:1747647679139:,1747647684506
counter/5/0/0/0,36835:1747647679139:,1747647684506
counter/5/0/0/0,36836:1747647679139:,1747647684506
counter/5/0/0/0,36837:1747647679139:,1747647684506
counter/5/0/0/0,36838:1747647679139:,1747647684506
counter/5/0/0/0,36839:1747647679140:,1747647684506
counter/5/0/0/0,36840:1747647679140:,1747647684506
counter/5/0/0/0,36841:1747647679140:,1747647684506
counter/5/0/0/0,36842:1747647679140:,1747647684506
counter/5/0/0/0,36843:1747647679140:,1747647684506
counter/5/0/0/0,36844:1747647679140:,1747647684506
counter/5/0/0/0,36845:1747647679140:,1747647684506
counter/3/0/0/0,29644:1747647674617:,1747647684506
counter/5/0/0/0,36846:1747647679140:,1747647684507
counter/5/0/0/0,36847:1747647679140:,1747647684507
counter/5/0/0/0,36848:1747647679140:,1747647684507
counter/5/0/0/0,36849:1747647679145:,1747647684507
counter/5/0/0/0,36850:1747647679145:,1747647684507
counter/4/0/0/0,34227:1747647678112:,1747647684507
counter/5/0/0/0,36851:1747647679145:,1747647684507
counter/3/0/0/0,29645:1747647674617:,1747647684507
counter/5/0/0/0,36852:1747647679145:,1747647684507
counter/4/0/0/0,34228:1747647678129:,1747647684507
counter/5/0/0/0,36853:1747647679145:,1747647684507
counter/5/0/0/0,36854:1747647679145:,1747647684507
counter/5/0/0/0,36855:1747647679145:,1747647684507
counter/10/0/0/0,29292:1747647672858:,1747647684507
counter/5/0/0/0,36856:1747647679145:,1747647684507
counter/5/0/0/0,36857:1747647679145:,1747647684507
counter/5/0/0/0,36858:1747647679145:,1747647684507
counter/10/0/0/0,29293:1747647672858:,1747647684507
counter/5/0/0/0,36859:1747647679145:,1747647684507
counter/3/0/0/0,29646:1747647674617:,1747647684507
counter/5/0/0/0,36860:1747647679145:,1747647684507
counter/3/0/0/0,29647:1747647674617:,1747647684507
counter/5/0/0/0,36861:1747647679145:,1747647684507
counter/3/0/0/0,29648:1747647674618:,1747647684507
counter/5/0/0/0,36862:1747647679146:,1747647684507
counter/3/0/0/0,29649:1747647674618:,1747647684507
counter/5/0/0/0,36863:1747647679146:,1747647684507
counter/5/0/0/0,36864:1747647679146:,1747647684507
counter/5/0/0/0,36865:1747647679170:,1747647684507
counter/5/0/0/0,36866:1747647679171:,1747647684507
counter/5/0/0/0,36867:1747647679178:,1747647684507
counter/4/0/0/0,34229:1747647678129:,1747647684507
counter/5/0/0/0,36868:1747647679178:,1747647684507
counter/5/0/0/0,36869:1747647679178:,1747647684507
counter/3/0/0/0,29650:1747647674618:,1747647684507
counter/5/0/0/0,36870:1747647679178:,1747647684507
counter/3/0/0/0,29651:1747647674619:,1747647684507
counter/5/0/0/0,36871:1747647679178:,1747647684507
counter/5/0/0/0,36872:1747647679178:,1747647684508
counter/5/0/0/0,36873:1747647679178:,1747647684508
counter/10/0/0/0,29294:1747647672858:,1747647684508
counter/5/0/0/0,36874:1747647679178:,1747647684508
counter/3/0/0/0,29652:1747647674619:,1747647684508
counter/5/0/0/0,36875:1747647679178:,1747647684508
counter/4/0/0/0,34230:1747647678129:,1747647684508
counter/10/0/0/0,29295:1747647672858:,1747647684508
counter/5/0/0/0,36876:1747647679178:,1747647684508
counter/4/0/0/0,34231:1747647678129:,1747647684508
counter/3/0/0/0,29653:1747647674619:,1747647684508
counter/5/0/0/0,36877:1747647679178:,1747647684508
counter/3/0/0/0,29654:1747647674619:,1747647684508
counter/10/0/0/0,29296:1747647672862:,1747647684508
counter/5/0/0/0,36878:1747647679178:,1747647684508
counter/3/0/0/0,29655:1747647674619:,1747647684508
counter/5/0/0/0,36879:1747647679182:,1747647684508
counter/3/0/0/0,29656:1747647674619:,1747647684508
counter/5/0/0/0,36880:1747647679182:,1747647684508
counter/3/0/0/0,29657:1747647674620:,1747647684508
counter/5/0/0/0,36881:1747647679182:,1747647684508
counter/3/0/0/0,29658:1747647674620:,1747647684508
counter/5/0/0/0,36882:1747647679182:,1747647684508
counter/3/0/0/0,29659:1747647674620:,1747647684508
counter/5/0/0/0,36883:1747647679182:,1747647684508
counter/3/0/0/0,29660:1747647674620:,1747647684508
counter/10/0/0/0,29297:1747647672862:,1747647684508
counter/5/0/0/0,36884:1747647679182:,1747647684508
counter/3/0/0/0,29661:1747647674620:,1747647684508
counter/5/0/0/0,36885:1747647679182:,1747647684508
counter/3/0/0/0,29662:1747647674620:,1747647684508
counter/5/0/0/0,36886:1747647679182:,1747647684508
counter/3/0/0/0,29663:1747647674620:,1747647684508
counter/5/0/0/0,36887:1747647679182:,1747647684508
counter/3/0/0/0,29664:1747647674620:,1747647684508
counter/5/0/0/0,36888:1747647679182:,1747647684509
counter/3/0/0/0,29665:1747647674620:,1747647684509
counter/5/0/0/0,36889:1747647679182:,1747647684509
counter/3/0/0/0,29666:1747647674621:,1747647684509
counter/5/0/0/0,36890:1747647679182:,1747647684509
counter/3/0/0/0,29667:1747647674621:,1747647684509
counter/5/0/0/0,36891:1747647679191:,1747647684509
counter/3/0/0/0,29668:1747647674621:,1747647684509
counter/5/0/0/0,36892:1747647679191:,1747647684509
counter/3/0/0/0,29669:1747647674621:,1747647684509
counter/5/0/0/0,36893:1747647679191:,1747647684509
counter/3/0/0/0,29670:1747647674621:,1747647684509
counter/5/0/0/0,36894:1747647679191:,1747647684509
counter/3/0/0/0,29671:1747647674621:,1747647684509
counter/5/0/0/0,36895:1747647679191:,1747647684509
counter/3/0/0/0,29672:1747647674621:,1747647684509
counter/5/0/0/0,36896:1747647679191:,1747647684509
counter/3/0/0/0,29673:1747647674621:,1747647684509
counter/5/0/0/0,36897:1747647679191:,1747647684509
counter/3/0/0/0,29674:1747647674621:,1747647684509
counter/5/0/0/0,36898:1747647679191:,1747647684509
counter/3/0/0/0,29675:1747647674622:,1747647684509
counter/5/0/0/0,36899:1747647679191:,1747647684509
counter/3/0/0/0,29676:1747647674622:,1747647684509
counter/5/0/0/0,36900:1747647679191:,1747647684509
counter/3/0/0/0,29677:1747647674622:,1747647684509
counter/5/0/0/0,36901:1747647679191:,1747647684509
counter/3/0/0/0,29678:1747647674622:,1747647684509
counter/5/0/0/0,36902:1747647679191:,1747647684509
counter/3/0/0/0,29679:1747647674622:,1747647684509
counter/5/0/0/0,36903:1747647679194:,1747647684509
counter/3/0/0/0,29680:1747647674626:,1747647684509
counter/5/0/0/0,36904:1747647679194:,1747647684509
counter/3/0/0/0,29681:1747647674626:,1747647684509
counter/5/0/0/0,36905:1747647679194:,1747647684509
counter/3/0/0/0,29682:1747647674626:,1747647684510
counter/5/0/0/0,36906:1747647679203:,1747647684510
counter/3/0/0/0,29683:1747647674626:,1747647684510
counter/5/0/0/0,36907:1747647679203:,1747647684510
counter/3/0/0/0,29684:1747647674626:,1747647684510
counter/5/0/0/0,36908:1747647679203:,1747647684510
counter/3/0/0/0,29685:1747647674626:,1747647684510
counter/5/0/0/0,36909:1747647679203:,1747647684510
counter/3/0/0/0,29686:1747647674626:,1747647684510
counter/5/0/0/0,36910:1747647679203:,1747647684510
counter/3/0/0/0,29687:1747647674626:,1747647684510
counter/5/0/0/0,36911:1747647679203:,1747647684510
counter/3/0/0/0,29688:1747647674626:,1747647684510
counter/10/0/0/0,29298:1747647672867:,1747647684510
counter/5/0/0/0,36912:1747647679203:,1747647684510
counter/3/0/0/0,29689:1747647674645:,1747647684510
counter/10/0/0/0,29299:1747647672867:,1747647684510
counter/5/0/0/0,36913:1747647679203:,1747647684510
counter/3/0/0/0,29690:1747647674645:,1747647684510
counter/5/0/0/0,36914:1747647679203:,1747647684510
counter/3/0/0/0,29691:1747647674645:,1747647684510
counter/5/0/0/0,36915:1747647679203:,1747647684510
counter/3/0/0/0,29692:1747647674645:,1747647684510
counter/5/0/0/0,36916:1747647679203:,1747647684510
counter/3/0/0/0,29693:1747647674646:,1747647684510
counter/5/0/0/0,36917:1747647679203:,1747647684510
counter/3/0/0/0,29694:1747647674658:,1747647684510
counter/5/0/0/0,36918:1747647679203:,1747647684510
counter/3/0/0/0,29695:1747647674658:,1747647684510
counter/5/0/0/0,36919:1747647679203:,1747647684510
counter/3/0/0/0,29696:1747647674658:,1747647684510
counter/5/0/0/0,36920:1747647679203:,1747647684510
counter/3/0/0/0,29697:1747647674658:,1747647684510
counter/10/0/0/0,29300:1747647672867:,1747647684510
counter/5/0/0/0,36921:1747647679203:,1747647684510
counter/3/0/0/0,29698:1747647674658:,1747647684510
counter/4/0/0/0,34232:1747647678129:,1747647684511
counter/5/0/0/0,36922:1747647679203:,1747647684511
counter/3/0/0/0,29699:1747647674658:,1747647684511
counter/10/0/0/0,29301:1747647672867:,1747647684511
counter/5/0/0/0,36923:1747647679203:,1747647684511
counter/3/0/0/0,29700:1747647674658:,1747647684511
counter/5/0/0/0,36924:1747647679203:,1747647684511
counter/3/0/0/0,29701:1747647674658:,1747647684511
counter/5/0/0/0,36925:1747647679203:,1747647684511
counter/3/0/0/0,29702:1747647674658:,1747647684511
counter/5/0/0/0,36926:1747647679204:,1747647684511
counter/3/0/0/0,29703:1747647674658:,1747647684511
counter/5/0/0/0,36927:1747647679204:,1747647684511
counter/3/0/0/0,29704:1747647674658:,1747647684511
counter/5/0/0/0,36928:1747647679204:,1747647684511
counter/3/0/0/0,29705:1747647674658:,1747647684511
counter/5/0/0/0,36929:1747647679204:,1747647684511
counter/3/0/0/0,29706:1747647674658:,1747647684511
counter/5/0/0/0,36930:1747647679208:,1747647684511
counter/3/0/0/0,29707:1747647674658:,1747647684511
counter/5/0/0/0,36931:1747647679208:,1747647684511
counter/3/0/0/0,29708:1747647674658:,1747647684511
counter/5/0/0/0,36932:1747647679208:,1747647684511
counter/3/0/0/0,29709:1747647674658:,1747647684511
counter/10/0/0/0,29302:1747647672867:,1747647684511
counter/5/0/0/0,36933:1747647679208:,1747647684511
counter/3/0/0/0,29710:1747647674658:,1747647684511
counter/5/0/0/0,36934:1747647679210:,1747647684511
counter/3/0/0/0,29711:1747647674658:,1747647684511
counter/5/0/0/0,36935:1747647679210:,1747647684511
counter/3/0/0/0,29712:1747647674658:,1747647684511
counter/10/0/0/0,29303:1747647672867:,1747647684511
counter/5/0/0/0,36936:1747647679210:,1747647684511
counter/3/0/0/0,29713:1747647674658:,1747647684512
counter/5/0/0/0,36937:1747647679210:,1747647684512
counter/3/0/0/0,29714:1747647674658:,1747647684512
counter/5/0/0/0,36938:1747647679210:,1747647684512
counter/3/0/0/0,29715:1747647674659:,1747647684512
counter/5/0/0/0,36939:1747647679211:,1747647684512
counter/3/0/0/0,29716:1747647674661:,1747647684512
counter/5/0/0/0,36940:1747647679211:,1747647684512
counter/3/0/0/0,29717:1747647674664:,1747647684512
counter/5/0/0/0,36941:1747647679211:,1747647684512
counter/3/0/0/0,29718:1747647674664:,1747647684512
counter/5/0/0/0,36942:1747647679211:,1747647684512
counter/3/0/0/0,29719:1747647674664:,1747647684512
counter/5/0/0/0,36943:1747647679211:,1747647684512
counter/3/0/0/0,29720:1747647674664:,1747647684512
counter/5/0/0/0,36944:1747647679211:,1747647684512
counter/3/0/0/0,29721:1747647674664:,1747647684512
counter/5/0/0/0,36945:1747647679211:,1747647684512
counter/3/0/0/0,29722:1747647674673:,1747647684512
counter/5/0/0/0,36946:1747647679211:,1747647684512
counter/3/0/0/0,29723:1747647674673:,1747647684512
counter/5/0/0/0,36947:1747647679211:,1747647684512
counter/3/0/0/0,29724:1747647674673:,1747647684512
counter/5/0/0/0,36948:1747647679211:,1747647684512
counter/3/0/0/0,29725:1747647674673:,1747647684512
counter/5/0/0/0,36949:1747647679211:,1747647684512
counter/3/0/0/0,29726:1747647674673:,1747647684512
counter/5/0/0/0,36950:1747647679211:,1747647684512
counter/3/0/0/0,29727:1747647674673:,1747647684512
counter/5/0/0/0,36951:1747647679211:,1747647684512
counter/3/0/0/0,29728:1747647674673:,1747647684512
counter/5/0/0/0,36952:1747647679217:,1747647684512
counter/3/0/0/0,29729:1747647674673:,1747647684512
counter/5/0/0/0,36953:1747647679217:,1747647684512
counter/3/0/0/0,29730:1747647674674:,1747647684512
counter/5/0/0/0,36954:1747647679217:,1747647684512
counter/5/0/0/0,36955:1747647679217:,1747647684512
counter/3/0/0/0,29731:1747647674674:,1747647684512
counter/5/0/0/0,36956:1747647679217:,1747647684513
counter/3/0/0/0,29732:1747647674674:,1747647684513
counter/4/0/0/0,34233:1747647678129:,1747647684513
counter/5/0/0/0,36957:1747647679217:,1747647684513
counter/3/0/0/0,29733:1747647674674:,1747647684513
counter/10/0/0/0,29304:1747647672867:,1747647684513
counter/5/0/0/0,36958:1747647679217:,1747647684513
counter/3/0/0/0,29734:1747647674674:,1747647684513
counter/4/0/0/0,34234:1747647678129:,1747647684513
counter/5/0/0/0,36959:1747647679217:,1747647684513
counter/3/0/0/0,29735:1747647674674:,1747647684513
counter/4/0/0/0,34235:1747647678129:,1747647684513
counter/10/0/0/0,29305:1747647672867:,1747647684513
counter/5/0/0/0,36960:1747647679217:,1747647684513
counter/3/0/0/0,29736:1747647674674:,1747647684513
counter/4/0/0/0,34236:1747647678129:,1747647684513
counter/5/0/0/0,36961:1747647679217:,1747647684513
counter/3/0/0/0,29737:1747647674674:,1747647684513
counter/4/0/0/0,34237:1747647678129:,1747647684513
counter/5/0/0/0,36962:1747647679217:,1747647684513
counter/3/0/0/0,29738:1747647674674:,1747647684513
counter/4/0/0/0,34238:1747647678131:,1747647684513
counter/5/0/0/0,36963:1747647679217:,1747647684513
counter/3/0/0/0,29739:1747647674674:,1747647684513
counter/4/0/0/0,34239:1747647678136:,1747647684513
counter/10/0/0/0,29306:1747647672867:,1747647684513
counter/5/0/0/0,36964:1747647679217:,1747647684513
counter/3/0/0/0,29740:1747647674674:,1747647684513
counter/4/0/0/0,34240:1747647678136:,1747647684513
counter/5/0/0/0,36965:1747647679217:,1747647684513
counter/3/0/0/0,29741:1747647674674:,1747647684513
counter/4/0/0/0,34241:1747647678138:,1747647684513
counter/5/0/0/0,36966:1747647679217:,1747647684513
counter/3/0/0/0,29742:1747647674674:,1747647684513
counter/4/0/0/0,34242:1747647678139:,1747647684513
counter/5/0/0/0,36967:1747647679217:,1747647684513
counter/3/0/0/0,29743:1747647674674:,1747647684513
counter/4/0/0/0,34243:1747647678139:,1747647684513
counter/5/0/0/0,36968:1747647679217:,1747647684513
counter/3/0/0/0,29744:1747647674674:,1747647684513
counter/4/0/0/0,34244:1747647678139:,1747647684514
counter/5/0/0/0,36969:1747647679241:,1747647684514
counter/3/0/0/0,29745:1747647674674:,1747647684514
counter/4/0/0/0,34245:1747647678139:,1747647684514
counter/5/0/0/0,36970:1747647679241:,1747647684514
counter/3/0/0/0,29746:1747647674674:,1747647684514
counter/4/0/0/0,34246:1747647678139:,1747647684514
counter/5/0/0/0,36971:1747647679241:,1747647684514
counter/3/0/0/0,29747:1747647674674:,1747647684514
counter/4/0/0/0,34247:1747647678139:,1747647684514
counter/5/0/0/0,36972:1747647679241:,1747647684514
counter/3/0/0/0,29748:1747647674674:,1747647684514
counter/4/0/0/0,34248:1747647678139:,1747647684514
counter/5/0/0/0,36973:1747647679241:,1747647684514
counter/3/0/0/0,29749:1747647674674:,1747647684514
counter/4/0/0/0,34249:1747647678139:,1747647684514
counter/5/0/0/0,36974:1747647679241:,1747647684514
counter/3/0/0/0,29750:1747647674675:,1747647684514
counter/4/0/0/0,34250:1747647678139:,1747647684514
counter/5/0/0/0,36975:1747647679241:,1747647684514
counter/3/0/0/0,29751:1747647674675:,1747647684514
counter/4/0/0/0,34251:1747647678139:,1747647684514
counter/5/0/0/0,36976:1747647679241:,1747647684514
counter/3/0/0/0,29752:1747647674675:,1747647684514
counter/4/0/0/0,34252:1747647678139:,1747647684514
counter/5/0/0/0,36977:1747647679241:,1747647684514
counter/3/0/0/0,29753:1747647674675:,1747647684514
counter/4/0/0/0,34253:1747647678139:,1747647684514
counter/5/0/0/0,36978:1747647679241:,1747647684514
counter/3/0/0/0,29754:1747647674678:,1747647684514
counter/4/0/0/0,34254:1747647678139:,1747647684514
counter/5/0/0/0,36979:1747647679251:,1747647684514
counter/3/0/0/0,29755:1747647674678:,1747647684514
counter/4/0/0/0,34255:1747647678139:,1747647684514
counter/5/0/0/0,36980:1747647679252:,1747647684514
counter/3/0/0/0,29756:1747647674678:,1747647684514
counter/4/0/0/0,34256:1747647678139:,1747647684514
counter/5/0/0/0,36981:1747647679252:,1747647684515
counter/3/0/0/0,29757:1747647674678:,1747647684515
counter/4/0/0/0,34257:1747647678139:,1747647684515
counter/5/0/0/0,36982:1747647679252:,1747647684515
counter/3/0/0/0,29758:1747647674678:,1747647684515
counter/4/0/0/0,34258:1747647678154:,1747647684515
counter/5/0/0/0,36983:1747647679252:,1747647684515
counter/3/0/0/0,29759:1747647674679:,1747647684515
counter/4/0/0/0,34259:1747647678154:,1747647684515
counter/5/0/0/0,36984:1747647679252:,1747647684515
counter/3/0/0/0,29760:1747647674679:,1747647684515
counter/4/0/0/0,34260:1747647678155:,1747647684515
counter/5/0/0/0,36985:1747647679252:,1747647684515
counter/3/0/0/0,29761:1747647674679:,1747647684515
counter/4/0/0/0,34261:1747647678155:,1747647684515
counter/5/0/0/0,36986:1747647679252:,1747647684515
counter/3/0/0/0,29762:1747647674679:,1747647684515
counter/4/0/0/0,34262:1747647678155:,1747647684515
counter/5/0/0/0,36987:1747647679252:,1747647684515
counter/3/0/0/0,29763:1747647674679:,1747647684515
counter/4/0/0/0,34263:1747647678155:,1747647684515
counter/10/0/0/0,29307:1747647672867:,1747647684515
counter/5/0/0/0,36988:1747647679252:,1747647684515
counter/3/0/0/0,29764:1747647674679:,1747647684515
counter/4/0/0/0,34264:1747647678155:,1747647684515
counter/5/0/0/0,36989:1747647679252:,1747647684515
counter/3/0/0/0,29765:1747647674679:,1747647684515
counter/4/0/0/0,34265:1747647678155:,1747647684515
counter/5/0/0/0,36990:1747647679252:,1747647684515
counter/3/0/0/0,29766:1747647674679:,1747647684515
counter/4/0/0/0,34266:1747647678155:,1747647684515
counter/10/0/0/0,29308:1747647672867:,1747647684515
counter/5/0/0/0,36991:1747647679252:,1747647684515
counter/3/0/0/0,29767:1747647674680:,1747647684515
counter/4/0/0/0,34267:1747647678155:,1747647684515
counter/5/0/0/0,36992:1747647679252:,1747647684515
counter/3/0/0/0,29768:1747647674680:,1747647684515
counter/4/0/0/0,34268:1747647678156:,1747647684515
counter/5/0/0/0,36993:1747647679257:,1747647684516
counter/3/0/0/0,29769:1747647674680:,1747647684516
counter/4/0/0/0,34269:1747647678156:,1747647684516
counter/5/0/0/0,36994:1747647679257:,1747647684516
counter/3/0/0/0,29770:1747647674680:,1747647684516
counter/4/0/0/0,34270:1747647678156:,1747647684516
counter/5/0/0/0,36995:1747647679257:,1747647684516
counter/3/0/0/0,29771:1747647674680:,1747647684516
counter/4/0/0/0,34271:1747647678156:,1747647684516
counter/5/0/0/0,36996:1747647679257:,1747647684516
counter/3/0/0/0,29772:1747647674680:,1747647684516
counter/4/0/0/0,34272:1747647678156:,1747647684516
counter/5/0/0/0,36997:1747647679257:,1747647684516
counter/3/0/0/0,29773:1747647674680:,1747647684516
counter/4/0/0/0,34273:1747647678156:,1747647684516
counter/10/0/0/0,29309:1747647672867:,1747647684516
counter/5/0/0/0,36998:1747647679257:,1747647684516
counter/3/0/0/0,29774:1747647674680:,1747647684516
counter/4/0/0/0,34274:1747647678156:,1747647684516
counter/5/0/0/0,36999:1747647679257:,1747647684516
counter/3/0/0/0,29775:1747647674680:,1747647684516
counter/4/0/0/0,34275:1747647678156:,1747647684516
counter/5/0/0/0,37000:1747647679257:,1747647684516
counter/3/0/0/0,29776:1747647674680:,1747647684516
counter/4/0/0/0,34276:1747647678156:,1747647684516
counter/5/0/0/0,37001:1747647679257:,1747647684516
counter/3/0/0/0,29777:1747647674680:,1747647684516
counter/4/0/0/0,34277:1747647678158:,1747647684516
counter/5/0/0/0,37002:1747647679257:,1747647684516
counter/3/0/0/0,29778:1747647674684:,1747647684516
counter/4/0/0/0,34278:1747647678158:,1747647684516
counter/5/0/0/0,37003:1747647679257:,1747647684516
counter/3/0/0/0,29779:1747647674684:,1747647684516
counter/4/0/0/0,34279:1747647678166:,1747647684516
counter/5/0/0/0,37004:1747647679257:,1747647684516
counter/3/0/0/0,29780:1747647674684:,1747647684516
counter/4/0/0/0,34280:1747647678166:,1747647684516
counter/5/0/0/0,37005:1747647679257:,1747647684517
counter/3/0/0/0,29781:1747647674684:,1747647684517
counter/4/0/0/0,34281:1747647678166:,1747647684517
counter/5/0/0/0,37006:1747647679257:,1747647684517
counter/3/0/0/0,29782:1747647674684:,1747647684517
counter/4/0/0/0,34282:1747647678179:,1747647684517
counter/5/0/0/0,37007:1747647679257:,1747647684517
counter/3/0/0/0,29783:1747647674688:,1747647684517
counter/4/0/0/0,34283:1747647678179:,1747647684517
counter/5/0/0/0,37008:1747647679257:,1747647684517
counter/3/0/0/0,29784:1747647674688:,1747647684517
counter/4/0/0/0,34284:1747647678179:,1747647684517
counter/5/0/0/0,37009:1747647679258:,1747647684517
counter/3/0/0/0,29785:1747647674688:,1747647684517
counter/4/0/0/0,34285:1747647678179:,1747647684517
counter/5/0/0/0,37010:1747647679258:,1747647684517
counter/3/0/0/0,29786:1747647674688:,1747647684517
counter/4/0/0/0,34286:1747647678179:,1747647684517
counter/5/0/0/0,37011:1747647679258:,1747647684517
counter/3/0/0/0,29787:1747647674688:,1747647684517
counter/4/0/0/0,34287:1747647678179:,1747647684517
counter/10/0/0/0,29310:1747647672867:,1747647684517
counter/5/0/0/0,37012:1747647679258:,1747647684517
counter/3/0/0/0,29788:1747647674688:,1747647684517
counter/4/0/0/0,34288:1747647678179:,1747647684517
counter/5/0/0/0,37013:1747647679258:,1747647684517
counter/3/0/0/0,29789:1747647674688:,1747647684517
counter/4/0/0/0,34289:1747647678179:,1747647684517
counter/5/0/0/0,37014:1747647679258:,1747647684517
counter/3/0/0/0,29790:1747647674688:,1747647684517
counter/4/0/0/0,34290:1747647678179:,1747647684517
counter/5/0/0/0,37015:1747647679258:,1747647684518
counter/3/0/0/0,29791:1747647674688:,1747647684518
counter/4/0/0/0,34291:1747647678179:,1747647684518
counter/5/0/0/0,37016:1747647679258:,1747647684518
counter/3/0/0/0,29792:1747647674688:,1747647684518
counter/4/0/0/0,34292:1747647678179:,1747647684518
counter/5/0/0/0,37017:1747647679258:,1747647684518
counter/3/0/0/0,29793:1747647674689:,1747647684518
counter/4/0/0/0,34293:1747647678179:,1747647684518
counter/5/0/0/0,37018:1747647679258:,1747647684518
counter/3/0/0/0,29794:1747647674689:,1747647684518
counter/4/0/0/0,34294:1747647678179:,1747647684518
counter/5/0/0/0,37019:1747647679259:,1747647684518
counter/3/0/0/0,29795:1747647674689:,1747647684518
counter/5/0/0/0,37020:1747647679259:,1747647684518
counter/3/0/0/0,29796:1747647674689:,1747647684518
counter/5/0/0/0,37021:1747647679259:,1747647684518
counter/3/0/0/0,29797:1747647674689:,1747647684518
counter/5/0/0/0,37022:1747647679259:,1747647684518
counter/3/0/0/0,29798:1747647674689:,1747647684518
counter/5/0/0/0,37023:1747647679259:,1747647684518
counter/3/0/0/0,29799:1747647674689:,1747647684518
counter/5/0/0/0,37024:1747647679259:,1747647684518
counter/3/0/0/0,29800:1747647674689:,1747647684518
counter/5/0/0/0,37025:1747647679259:,1747647684518
counter/3/0/0/0,29801:1747647674691:,1747647684518
counter/10/0/0/0,29311:1747647672867:,1747647684518
counter/5/0/0/0,37026:1747647679259:,1747647684518
counter/3/0/0/0,29802:1747647674691:,1747647684518
counter/10/0/0/0,29312:1747647672867:,1747647684518
counter/5/0/0/0,37027:1747647679259:,1747647684518
counter/3/0/0/0,29803:1747647674691:,1747647684518
counter/10/0/0/0,29313:1747647672868:,1747647684518
counter/5/0/0/0,37028:1747647679259:,1747647684518
counter/3/0/0/0,29804:1747647674691:,1747647684518
counter/5/0/0/0,37029:1747647679269:,1747647684518
counter/3/0/0/0,29805:1747647674691:,1747647684518
counter/5/0/0/0,37030:1747647679269:,1747647684519
counter/3/0/0/0,29806:1747647674691:,1747647684519
counter/5/0/0/0,37031:1747647679269:,1747647684519
counter/3/0/0/0,29807:1747647674691:,1747647684519
counter/5/0/0/0,37032:1747647679275:,1747647684519
counter/3/0/0/0,29808:1747647674691:,1747647684519
counter/5/0/0/0,37033:1747647679275:,1747647684519
counter/3/0/0/0,29809:1747647674691:,1747647684519
counter/5/0/0/0,37034:1747647679275:,1747647684519
counter/3/0/0/0,29810:1747647674700:,1747647684519
counter/10/0/0/0,29314:1747647672868:,1747647684519
counter/5/0/0/0,37035:1747647679275:,1747647684519
counter/3/0/0/0,29811:1747647674700:,1747647684519
counter/4/0/0/0,34295:1747647678179:,1747647684519
counter/5/0/0/0,37036:1747647679275:,1747647684519
counter/3/0/0/0,29812:1747647674700:,1747647684519
counter/10/0/0/0,29315:1747647672868:,1747647684519
counter/5/0/0/0,37037:1747647679275:,1747647684519
counter/3/0/0/0,29813:1747647674701:,1747647684519
counter/5/0/0/0,37038:1747647679275:,1747647684519
counter/3/0/0/0,29814:1747647674701:,1747647684519
counter/5/0/0/0,37039:1747647679275:,1747647684519
counter/3/0/0/0,29815:1747647674701:,1747647684519
counter/5/0/0/0,37040:1747647679275:,1747647684519
counter/3/0/0/0,29816:1747647674701:,1747647684519
counter/5/0/0/0,37041:1747647679275:,1747647684519
counter/3/0/0/0,29817:1747647674701:,1747647684519
counter/5/0/0/0,37042:1747647679279:,1747647684519
counter/3/0/0/0,29818:1747647674701:,1747647684519
counter/5/0/0/0,37043:1747647679279:,1747647684519
counter/3/0/0/0,29819:1747647674701:,1747647684519
counter/5/0/0/0,37044:1747647679279:,1747647684519
counter/3/0/0/0,29820:1747647674703:,1747647684519
counter/5/0/0/0,37045:1747647679279:,1747647684520
counter/3/0/0/0,29821:1747647674703:,1747647684520
counter/5/0/0/0,37046:1747647679279:,1747647684520
counter/3/0/0/0,29822:1747647674703:,1747647684520
counter/5/0/0/0,37047:1747647679279:,1747647684520
counter/3/0/0/0,29823:1747647674703:,1747647684520
counter/5/0/0/0,37048:1747647679279:,1747647684520
counter/3/0/0/0,29824:1747647674703:,1747647684520
counter/5/0/0/0,37049:1747647679281:,1747647684520
counter/3/0/0/0,29825:1747647674703:,1747647684520
counter/5/0/0/0,37050:1747647679286:,1747647684520
counter/3/0/0/0,29826:1747647674703:,1747647684520
counter/5/0/0/0,37051:1747647679286:,1747647684520
counter/3/0/0/0,29827:1747647674703:,1747647684520
counter/5/0/0/0,37052:1747647679286:,1747647684520
counter/3/0/0/0,29828:1747647674703:,1747647684520
counter/5/0/0/0,37053:1747647679286:,1747647684520
counter/3/0/0/0,29829:1747647674703:,1747647684520
counter/5/0/0/0,37054:1747647679286:,1747647684520
counter/3/0/0/0,29830:1747647674704:,1747647684520
counter/5/0/0/0,37055:1747647679286:,1747647684520
counter/3/0/0/0,29831:1747647674704:,1747647684520
counter/5/0/0/0,37056:1747647679286:,1747647684520
counter/3/0/0/0,29832:1747647674704:,1747647684520
counter/10/0/0/0,29316:1747647672868:,1747647684520
counter/5/0/0/0,37057:1747647679286:,1747647684520
counter/3/0/0/0,29833:1747647674704:,1747647684520
counter/5/0/0/0,37058:1747647679286:,1747647684520
counter/3/0/0/0,29834:1747647674708:,1747647684520
counter/5/0/0/0,37059:1747647679286:,1747647684520
counter/3/0/0/0,29835:1747647674710:,1747647684520
counter/5/0/0/0,37060:1747647679286:,1747647684520
counter/3/0/0/0,29836:1747647674711:,1747647684520
counter/5/0/0/0,37061:1747647679286:,1747647684520
counter/3/0/0/0,29837:1747647674711:,1747647684520
counter/5/0/0/0,37062:1747647679287:,1747647684520
counter/3/0/0/0,29838:1747647674711:,1747647684520
counter/5/0/0/0,37063:1747647679293:,1747647684521
counter/3/0/0/0,29839:1747647674711:,1747647684521
counter/5/0/0/0,37064:1747647679293:,1747647684521
counter/3/0/0/0,29840:1747647674711:,1747647684521
counter/5/0/0/0,37065:1747647679293:,1747647684521
counter/3/0/0/0,29841:1747647674711:,1747647684521
counter/5/0/0/0,37066:1747647679293:,1747647684521
counter/3/0/0/0,29842:1747647674711:,1747647684521
counter/5/0/0/0,37067:1747647679293:,1747647684521
counter/3/0/0/0,29843:1747647674711:,1747647684521
counter/5/0/0/0,37068:1747647679293:,1747647684521
counter/3/0/0/0,29844:1747647674711:,1747647684521
counter/5/0/0/0,37069:1747647679293:,1747647684521
counter/3/0/0/0,29845:1747647674711:,1747647684521
counter/5/0/0/0,37070:1747647679294:,1747647684521
counter/3/0/0/0,29846:1747647674711:,1747647684521
counter/5/0/0/0,37071:1747647679294:,1747647684521
counter/3/0/0/0,29847:1747647674711:,1747647684521
counter/5/0/0/0,37072:1747647679294:,1747647684521
counter/3/0/0/0,29848:1747647674711:,1747647684521
counter/5/0/0/0,37073:1747647679294:,1747647684521
counter/3/0/0/0,29849:1747647674711:,1747647684521
counter/5/0/0/0,37074:1747647679294:,1747647684521
counter/3/0/0/0,29850:1747647674711:,1747647684521
counter/5/0/0/0,37075:1747647679294:,1747647684521
counter/3/0/0/0,29851:1747647674711:,1747647684521
counter/5/0/0/0,37076:1747647679295:,1747647684521
counter/3/0/0/0,29852:1747647674711:,1747647684521
counter/10/0/0/0,29317:1747647672868:,1747647684521
counter/5/0/0/0,37077:1747647679295:,1747647684521
counter/3/0/0/0,29853:1747647674712:,1747647684521
counter/5/0/0/0,37078:1747647679295:,1747647684521
counter/3/0/0/0,29854:1747647674717:,1747647684521
counter/5/0/0/0,37079:1747647679295:,1747647684521
counter/3/0/0/0,29855:1747647674732:,1747647684521
counter/5/0/0/0,37080:1747647679296:,1747647684521
counter/3/0/0/0,29856:1747647674734:,1747647684521
counter/5/0/0/0,37081:1747647679296:,1747647684521
counter/3/0/0/0,29857:1747647674734:,1747647684522
counter/5/0/0/0,37082:1747647679296:,1747647684522
counter/3/0/0/0,29858:1747647674734:,1747647684522
counter/5/0/0/0,37083:1747647679298:,1747647684522
counter/3/0/0/0,29859:1747647674734:,1747647684522
counter/5/0/0/0,37084:1747647679298:,1747647684522
counter/3/0/0/0,29860:1747647674734:,1747647684522
counter/5/0/0/0,37085:1747647679298:,1747647684522
counter/3/0/0/0,29861:1747647674735:,1747647684522
counter/5/0/0/0,37086:1747647679298:,1747647684522
counter/3/0/0/0,29862:1747647674735:,1747647684522
counter/5/0/0/0,37087:1747647679298:,1747647684522
counter/3/0/0/0,29863:1747647674735:,1747647684522
counter/5/0/0/0,37088:1747647679298:,1747647684522
counter/3/0/0/0,29864:1747647674735:,1747647684522
counter/5/0/0/0,37089:1747647679308:,1747647684522
counter/3/0/0/0,29865:1747647674735:,1747647684522
counter/5/0/0/0,37090:1747647679308:,1747647684522
counter/3/0/0/0,29866:1747647674735:,1747647684522
counter/5/0/0/0,37091:1747647679308:,1747647684522
counter/3/0/0/0,29867:1747647674735:,1747647684522
counter/5/0/0/0,37092:1747647679308:,1747647684522
counter/3/0/0/0,29868:1747647674735:,1747647684522
counter/5/0/0/0,37093:1747647679308:,1747647684522
counter/3/0/0/0,29869:1747647674735:,1747647684522
counter/5/0/0/0,37094:1747647679308:,1747647684522
counter/3/0/0/0,29870:1747647674735:,1747647684522
counter/5/0/0/0,37095:1747647679316:,1747647684522
counter/3/0/0/0,29871:1747647674735:,1747647684522
counter/5/0/0/0,37096:1747647679316:,1747647684522
counter/3/0/0/0,29872:1747647674735:,1747647684522
counter/5/0/0/0,37097:1747647679316:,1747647684522
counter/3/0/0/0,29873:1747647674735:,1747647684523
counter/5/0/0/0,37098:1747647679316:,1747647684523
counter/3/0/0/0,29874:1747647674735:,1747647684523
counter/5/0/0/0,37099:1747647679316:,1747647684523
counter/3/0/0/0,29875:1747647674735:,1747647684523
counter/5/0/0/0,37100:1747647679317:,1747647684523
counter/3/0/0/0,29876:1747647674735:,1747647684523
counter/5/0/0/0,37101:1747647679317:,1747647684523
counter/3/0/0/0,29877:1747647674735:,1747647684523
counter/5/0/0/0,37102:1747647679317:,1747647684523
counter/3/0/0/0,29878:1747647674735:,1747647684523
counter/5/0/0/0,37103:1747647679317:,1747647684523
counter/3/0/0/0,29879:1747647674735:,1747647684523
counter/5/0/0/0,37104:1747647679317:,1747647684523
counter/3/0/0/0,29880:1747647674735:,1747647684523
counter/5/0/0/0,37105:1747647679318:,1747647684523
counter/3/0/0/0,29881:1747647674735:,1747647684523
counter/5/0/0/0,37106:1747647679318:,1747647684523
counter/3/0/0/0,29882:1747647674735:,1747647684523
counter/5/0/0/0,37107:1747647679332:,1747647684523
counter/3/0/0/0,29883:1747647674738:,1747647684523
counter/5/0/0/0,37108:1747647679332:,1747647684523
counter/3/0/0/0,29884:1747647674738:,1747647684523
counter/5/0/0/0,37109:1747647679332:,1747647684523
counter/3/0/0/0,29885:1747647674738:,1747647684523
counter/5/0/0/0,37110:1747647679332:,1747647684523
counter/3/0/0/0,29886:1747647674738:,1747647684523
counter/5/0/0/0,37111:1747647679334:,1747647684523
counter/3/0/0/0,29887:1747647674738:,1747647684523
counter/10/0/0/0,29318:1747647672868:,1747647684523
counter/5/0/0/0,37112:1747647679377:,1747647684523
counter/3/0/0/0,29888:1747647674738:,1747647684523
counter/5/0/0/0,37113:1747647679377:,1747647684523
counter/3/0/0/0,29889:1747647674738:,1747647684523
counter/5/0/0/0,37114:1747647679390:,1747647684523
counter/3/0/0/0,29890:1747647674738:,1747647684523
counter/10/0/0/0,29319:1747647672868:,1747647684523
counter/5/0/0/0,37115:1747647679390:,1747647684524
counter/3/0/0/0,29891:1747647674747:,1747647684524
counter/10/0/0/0,29320:1747647672868:,1747647684524
counter/5/0/0/0,37116:1747647679390:,1747647684524
counter/3/0/0/0,29892:1747647674748:,1747647684524
counter/10/0/0/0,29321:1747647672868:,1747647684524
counter/4/0/0/0,34296:1747647678179:,1747647684524
counter/5/0/0/0,37117:1747647679390:,1747647684524
counter/3/0/0/0,29893:1747647674748:,1747647684524
counter/10/0/0/0,29322:1747647672868:,1747647684524
counter/5/0/0/0,37118:1747647679390:,1747647684524
counter/3/0/0/0,29894:1747647674748:,1747647684524
counter/10/0/0/0,29323:1747647672868:,1747647684524
counter/5/0/0/0,37119:1747647679390:,1747647684524
counter/3/0/0/0,29895:1747647674748:,1747647684524
counter/10/0/0/0,29324:1747647672868:,1747647684524
counter/5/0/0/0,37120:1747647679390:,1747647684524
counter/3/0/0/0,29896:1747647674748:,1747647684524
counter/10/0/0/0,29325:1747647672868:,1747647684524
counter/5/0/0/0,37121:1747647679390:,1747647684524
counter/3/0/0/0,29897:1747647674748:,1747647684524
counter/10/0/0/0,29326:1747647672868:,1747647684524
counter/5/0/0/0,37122:1747647679390:,1747647684524
counter/3/0/0/0,29898:1747647674748:,1747647684524
counter/10/0/0/0,29327:1747647672872:,1747647684524
counter/5/0/0/0,37123:1747647679390:,1747647684524
counter/3/0/0/0,29899:1747647674748:,1747647684524
counter/10/0/0/0,29328:1747647672872:,1747647684524
counter/5/0/0/0,37124:1747647679396:,1747647684524
counter/3/0/0/0,29900:1747647674748:,1747647684524
counter/10/0/0/0,29329:1747647672873:,1747647684524
counter/5/0/0/0,37125:1747647679396:,1747647684524
counter/3/0/0/0,29901:1747647674767:,1747647684524
counter/10/0/0/0,29330:1747647672873:,1747647684524
counter/5/0/0/0,37126:1747647679396:,1747647684524
counter/3/0/0/0,29902:1747647674767:,1747647684524
counter/10/0/0/0,29331:1747647672873:,1747647684524
counter/5/0/0/0,37127:1747647679397:,1747647684525
counter/3/0/0/0,29903:1747647674767:,1747647684525
counter/10/0/0/0,29332:1747647672873:,1747647684525
counter/4/0/0/0,34297:1747647678182:,1747647684525
counter/5/0/0/0,37128:1747647679397:,1747647684525
counter/3/0/0/0,29904:1747647674767:,1747647684525
counter/10/0/0/0,29333:1747647672873:,1747647684525
counter/5/0/0/0,37129:1747647679397:,1747647684525
counter/3/0/0/0,29905:1747647674767:,1747647684525
counter/10/0/0/0,29334:1747647672873:,1747647684525
counter/5/0/0/0,37130:1747647679397:,1747647684525
counter/3/0/0/0,29906:1747647674767:,1747647684525
counter/10/0/0/0,29335:1747647672873:,1747647684525
counter/5/0/0/0,37131:1747647679397:,1747647684525
counter/3/0/0/0,29907:1747647674768:,1747647684525
counter/5/0/0/0,37132:1747647679397:,1747647684525
counter/3/0/0/0,29908:1747647674768:,1747647684525
counter/5/0/0/0,37133:1747647679397:,1747647684525
counter/3/0/0/0,29909:1747647674768:,1747647684525
counter/5/0/0/0,37134:1747647679397:,1747647684525
counter/3/0/0/0,29910:1747647674768:,1747647684525
counter/5/0/0/0,37135:1747647679397:,1747647684525
counter/3/0/0/0,29911:1747647674768:,1747647684525
counter/5/0/0/0,37136:1747647679397:,1747647684525
counter/3/0/0/0,29912:1747647674768:,1747647684525
counter/5/0/0/0,37137:1747647679397:,1747647684525
counter/3/0/0/0,29913:1747647674768:,1747647684525
counter/5/0/0/0,37138:1747647679397:,1747647684525
counter/3/0/0/0,29914:1747647674768:,1747647684525
counter/5/0/0/0,37139:1747647679397:,1747647684525
counter/3/0/0/0,29915:1747647674768:,1747647684525
counter/5/0/0/0,37140:1747647679408:,1747647684525
counter/3/0/0/0,29916:1747647674768:,1747647684525
counter/5/0/0/0,37141:1747647679426:,1747647684525
counter/3/0/0/0,29917:1747647674768:,1747647684525
counter/5/0/0/0,37142:1747647679426:,1747647684525
counter/3/0/0/0,29918:1747647674768:,1747647684525
counter/5/0/0/0,37143:1747647679426:,1747647684526
counter/3/0/0/0,29919:1747647674768:,1747647684526
counter/4/0/0/0,34298:1747647678182:,1747647684526
counter/5/0/0/0,37144:1747647679426:,1747647684526
counter/3/0/0/0,29920:1747647674768:,1747647684526
counter/10/0/0/0,29336:1747647672873:,1747647684526
counter/5/0/0/0,37145:1747647679426:,1747647684526
counter/3/0/0/0,29921:1747647674768:,1747647684526
counter/10/0/0/0,29337:1747647672893:,1747647684526
counter/5/0/0/0,37146:1747647679426:,1747647684526
counter/3/0/0/0,29922:1747647674768:,1747647684526
counter/10/0/0/0,29338:1747647672893:,1747647684526
counter/4/0/0/0,34299:1747647678182:,1747647684526
counter/5/0/0/0,37147:1747647679426:,1747647684526
counter/3/0/0/0,29923:1747647674768:,1747647684526
counter/5/0/0/0,37148:1747647679426:,1747647684526
counter/3/0/0/0,29924:1747647674774:,1747647684526
counter/5/0/0/0,37149:1747647679430:,1747647684526
counter/3/0/0/0,29925:1747647674774:,1747647684526
counter/5/0/0/0,37150:1747647679430:,1747647684526
counter/3/0/0/0,29926:1747647674774:,1747647684526
counter/5/0/0/0,37151:1747647679430:,1747647684526
counter/3/0/0/0,29927:1747647674774:,1747647684526
counter/5/0/0/0,37152:1747647679430:,1747647684526
counter/3/0/0/0,29928:1747647674774:,1747647684526
counter/5/0/0/0,37153:1747647679430:,1747647684526
counter/3/0/0/0,29929:1747647674774:,1747647684526
counter/5/0/0/0,37154:1747647679430:,1747647684526
counter/3/0/0/0,29930:1747647674774:,1747647684526
counter/5/0/0/0,37155:1747647679431:,1747647684526
counter/3/0/0/0,29931:1747647674774:,1747647684526
counter/5/0/0/0,37156:1747647679431:,1747647684526
counter/3/0/0/0,29932:1747647674774:,1747647684526
counter/5/0/0/0,37157:1747647679436:,1747647684526
counter/3/0/0/0,29933:1747647674774:,1747647684526
counter/5/0/0/0,37158:1747647679436:,1747647684526
counter/3/0/0/0,29934:1747647674774:,1747647684526
counter/5/0/0/0,37159:1747647679436:,1747647684526
counter/3/0/0/0,29935:1747647674774:,1747647684527
counter/5/0/0/0,37160:1747647679436:,1747647684527
counter/3/0/0/0,29936:1747647674783:,1747647684527
counter/5/0/0/0,37161:1747647679436:,1747647684527
counter/3/0/0/0,29937:1747647674783:,1747647684527
counter/5/0/0/0,37162:1747647679436:,1747647684527
counter/3/0/0/0,29938:1747647674783:,1747647684527
counter/5/0/0/0,37163:1747647679436:,1747647684527
counter/3/0/0/0,29939:1747647674783:,1747647684527
counter/5/0/0/0,37164:1747647679437:,1747647684527
counter/3/0/0/0,29940:1747647674783:,1747647684527
counter/5/0/0/0,37165:1747647679437:,1747647684527
counter/3/0/0/0,29941:1747647674783:,1747647684527
counter/5/0/0/0,37166:1747647679437:,1747647684527
counter/3/0/0/0,29942:1747647674783:,1747647684527
counter/5/0/0/0,37167:1747647679437:,1747647684527
counter/3/0/0/0,29943:1747647674783:,1747647684527
counter/5/0/0/0,37168:1747647679449:,1747647684527
counter/3/0/0/0,29944:1747647674783:,1747647684527
counter/5/0/0/0,37169:1747647679449:,1747647684527
counter/3/0/0/0,29945:1747647674783:,1747647684527
counter/5/0/0/0,37170:1747647679449:,1747647684527
counter/3/0/0/0,29946:1747647674783:,1747647684527
counter/5/0/0/0,37171:1747647679449:,1747647684527
counter/3/0/0/0,29947:1747647674783:,1747647684527
counter/5/0/0/0,37172:1747647679449:,1747647684527
counter/3/0/0/0,29948:1747647674783:,1747647684527
counter/5/0/0/0,37173:1747647679450:,1747647684527
counter/3/0/0/0,29949:1747647674783:,1747647684527
counter/5/0/0/0,37174:1747647679450:,1747647684527
counter/3/0/0/0,29950:1747647674783:,1747647684527
counter/5/0/0/0,37175:1747647679450:,1747647684527
counter/3/0/0/0,29951:1747647674783:,1747647684527
counter/5/0/0/0,37176:1747647679450:,1747647684527
counter/3/0/0/0,29952:1747647674783:,1747647684527
counter/5/0/0/0,37177:1747647679450:,1747647684527
counter/3/0/0/0,29953:1747647674783:,1747647684527
counter/5/0/0/0,37178:1747647679450:,1747647684528
counter/3/0/0/0,29954:1747647674783:,1747647684528
counter/5/0/0/0,37179:1747647679450:,1747647684528
counter/3/0/0/0,29955:1747647674783:,1747647684528
counter/5/0/0/0,37180:1747647679450:,1747647684528
counter/3/0/0/0,29956:1747647674784:,1747647684528
counter/5/0/0/0,37181:1747647679450:,1747647684528
counter/3/0/0/0,29957:1747647674784:,1747647684528
counter/5/0/0/0,37182:1747647679450:,1747647684528
counter/3/0/0/0,29958:1747647674784:,1747647684528
counter/5/0/0/0,37183:1747647679451:,1747647684528
counter/3/0/0/0,29959:1747647674784:,1747647684528
counter/5/0/0/0,37184:1747647679451:,1747647684528
counter/3/0/0/0,29960:1747647674784:,1747647684528
counter/5/0/0/0,37185:1747647679451:,1747647684528
counter/3/0/0/0,29961:1747647674784:,1747647684528
counter/5/0/0/0,37186:1747647679451:,1747647684528
counter/3/0/0/0,29962:1747647674784:,1747647684528
counter/5/0/0/0,37187:1747647679451:,1747647684528
counter/3/0/0/0,29963:1747647674784:,1747647684528
counter/10/0/0/0,29339:1747647672893:,1747647684528
counter/5/0/0/0,37188:1747647679451:,1747647684528
counter/3/0/0/0,29964:1747647674784:,1747647684528
counter/5/0/0/0,37189:1747647679452:,1747647684528
counter/3/0/0/0,29965:1747647674784:,1747647684528
counter/5/0/0/0,37190:1747647679452:,1747647684528
counter/3/0/0/0,29966:1747647674784:,1747647684528
counter/5/0/0/0,37191:1747647679452:,1747647684528
counter/3/0/0/0,29967:1747647674784:,1747647684528
counter/5/0/0/0,37192:1747647679452:,1747647684528
counter/3/0/0/0,29968:1747647674784:,1747647684528
counter/5/0/0/0,37193:1747647679452:,1747647684528
counter/3/0/0/0,29969:1747647674784:,1747647684528
counter/5/0/0/0,37194:1747647679452:,1747647684528
counter/3/0/0/0,29970:1747647674784:,1747647684529
counter/10/0/0/0,29340:1747647672893:,1747647684529
counter/5/0/0/0,37195:1747647679453:,1747647684529
counter/3/0/0/0,29971:1747647674784:,1747647684529
counter/10/0/0/0,29341:1747647672893:,1747647684529
counter/5/0/0/0,37196:1747647679453:,1747647684529
counter/3/0/0/0,29972:1747647674784:,1747647684529
counter/10/0/0/0,29342:1747647672893:,1747647684529
counter/5/0/0/0,37197:1747647679453:,1747647684529
counter/3/0/0/0,29973:1747647674784:,1747647684529
counter/10/0/0/0,29343:1747647672894:,1747647684529
counter/5/0/0/0,37198:1747647679453:,1747647684529
counter/3/0/0/0,29974:1747647674784:,1747647684529
counter/10/0/0/0,29344:1747647672909:,1747647684529
counter/5/0/0/0,37199:1747647679453:,1747647684529
counter/3/0/0/0,29975:1747647674784:,1747647684529
counter/10/0/0/0,29345:1747647672909:,1747647684529
counter/5/0/0/0,37200:1747647679453:,1747647684529
counter/3/0/0/0,29976:1747647674784:,1747647684529
counter/10/0/0/0,29346:1747647672910:,1747647684529
counter/5/0/0/0,37201:1747647679453:,1747647684529
counter/3/0/0/0,29977:1747647674784:,1747647684529
counter/10/0/0/0,29347:1747647672912:,1747647684529
counter/5/0/0/0,37202:1747647679453:,1747647684529
counter/3/0/0/0,29978:1747647674784:,1747647684529
counter/10/0/0/0,29348:1747647672912:,1747647684529
counter/5/0/0/0,37203:1747647679453:,1747647684529
counter/3/0/0/0,29979:1747647674784:,1747647684529
counter/10/0/0/0,29349:1747647672912:,1747647684529
counter/5/0/0/0,37204:1747647679453:,1747647684529
counter/3/0/0/0,29980:1747647674784:,1747647684529
counter/5/0/0/0,37205:1747647679453:,1747647684529
counter/3/0/0/0,29981:1747647674784:,1747647684529
counter/5/0/0/0,37206:1747647679453:,1747647684529
counter/3/0/0/0,29982:1747647674784:,1747647684529
counter/5/0/0/0,37207:1747647679453:,1747647684529
counter/3/0/0/0,29983:1747647674785:,1747647684529
counter/5/0/0/0,37208:1747647679453:,1747647684529
counter/3/0/0/0,29984:1747647674785:,1747647684529
counter/5/0/0/0,37209:1747647679453:,1747647684529
counter/3/0/0/0,29985:1747647674785:,1747647684529
counter/5/0/0/0,37210:1747647679453:,1747647684530
counter/3/0/0/0,29986:1747647674785:,1747647684530
counter/5/0/0/0,37211:1747647679453:,1747647684530
counter/3/0/0/0,29987:1747647674786:,1747647684530
counter/5/0/0/0,37212:1747647679457:,1747647684530
counter/3/0/0/0,29988:1747647674786:,1747647684530
counter/5/0/0/0,37213:1747647679457:,1747647684530
counter/3/0/0/0,29989:1747647674786:,1747647684530
counter/5/0/0/0,37214:1747647679457:,1747647684530
counter/3/0/0/0,29990:1747647674786:,1747647684530
counter/5/0/0/0,37215:1747647679457:,1747647684530
counter/3/0/0/0,29991:1747647674786:,1747647684530
counter/5/0/0/0,37216:1747647679457:,1747647684530
counter/3/0/0/0,29992:1747647674786:,1747647684530
counter/5/0/0/0,37217:1747647679457:,1747647684530
counter/3/0/0/0,29993:1747647674786:,1747647684530
counter/5/0/0/0,37218:1747647679457:,1747647684530
counter/3/0/0/0,29994:1747647674786:,1747647684530
counter/5/0/0/0,37219:1747647679459:,1747647684530
counter/3/0/0/0,29995:1747647674789:,1747647684530
counter/5/0/0/0,37220:1747647679459:,1747647684530
counter/3/0/0/0,29996:1747647674790:,1747647684530
counter/5/0/0/0,37221:1747647679459:,1747647684530
counter/3/0/0/0,29997:1747647674790:,1747647684530
counter/5/0/0/0,37222:1747647679459:,1747647684530
counter/3/0/0/0,29998:1747647674790:,1747647684530
counter/10/0/0/0,29350:1747647672913:,1747647684530
counter/5/0/0/0,37223:1747647679459:,1747647684530
counter/3/0/0/0,29999:1747647674790:,1747647684530
counter/5/0/0/0,37224:1747647679459:,1747647684530
counter/3/0/0/0,30000:1747647674790:,1747647684530
counter/5/0/0/0,37225:1747647679459:,1747647684530
counter/3/0/0/0,30001:1747647674790:,1747647684530
counter/5/0/0/0,37226:1747647679459:,1747647684530
counter/3/0/0/0,30002:1747647674790:,1747647684530
counter/5/0/0/0,37227:1747647679462:,1747647684530
counter/3/0/0/0,30003:1747647674790:,1747647684530
counter/5/0/0/0,37228:1747647679462:,1747647684530
counter/3/0/0/0,30004:1747647674790:,1747647684530
counter/4/0/0/0,34300:1747647678182:,1747647684531
counter/5/0/0/0,37229:1747647679462:,1747647684531
counter/3/0/0/0,30005:1747647674790:,1747647684531
counter/5/0/0/0,37230:1747647679462:,1747647684531
counter/3/0/0/0,30006:1747647674790:,1747647684531
counter/5/0/0/0,37231:1747647679462:,1747647684531
counter/3/0/0/0,30007:1747647674790:,1747647684531
counter/5/0/0/0,37232:1747647679462:,1747647684531
counter/3/0/0/0,30008:1747647674790:,1747647684531
counter/5/0/0/0,37233:1747647679462:,1747647684531
counter/3/0/0/0,30009:1747647674790:,1747647684531
counter/5/0/0/0,37234:1747647679467:,1747647684531
counter/3/0/0/0,30010:1747647674790:,1747647684531
counter/5/0/0/0,37235:1747647679467:,1747647684531
counter/3/0/0/0,30011:1747647674790:,1747647684531
counter/5/0/0/0,37236:1747647679467:,1747647684531
counter/3/0/0/0,30012:1747647674790:,1747647684531
counter/5/0/0/0,37237:1747647679467:,1747647684531
counter/3/0/0/0,30013:1747647674790:,1747647684531
counter/5/0/0/0,37238:1747647679467:,1747647684531
counter/3/0/0/0,30014:1747647674790:,1747647684531
counter/5/0/0/0,37239:1747647679467:,1747647684531
counter/3/0/0/0,30015:1747647674790:,1747647684531
counter/5/0/0/0,37240:1747647679467:,1747647684531
counter/3/0/0/0,30016:1747647674790:,1747647684531
counter/5/0/0/0,37241:1747647679467:,1747647684531
counter/3/0/0/0,30017:1747647674790:,1747647684531
counter/5/0/0/0,37242:1747647679468:,1747647684531
counter/3/0/0/0,30018:1747647674790:,1747647684531
counter/5/0/0/0,37243:1747647679468:,1747647684531
counter/3/0/0/0,30019:1747647674790:,1747647684531
counter/10/0/0/0,29351:1747647672913:,1747647684531
counter/5/0/0/0,37244:1747647679468:,1747647684531
counter/3/0/0/0,30020:1747647674790:,1747647684531
counter/5/0/0/0,37245:1747647679468:,1747647684531
counter/3/0/0/0,30021:1747647674790:,1747647684531
counter/5/0/0/0,37246:1747647679468:,1747647684531
counter/3/0/0/0,30022:1747647674790:,1747647684531
counter/5/0/0/0,37247:1747647679468:,1747647684531
counter/3/0/0/0,30023:1747647674791:,1747647684531
counter/5/0/0/0,37248:1747647679468:,1747647684531
counter/3/0/0/0,30024:1747647674791:,1747647684532
counter/5/0/0/0,37249:1747647679468:,1747647684532
counter/3/0/0/0,30025:1747647674792:,1747647684532
counter/5/0/0/0,37250:1747647679469:,1747647684532
counter/3/0/0/0,30026:1747647674792:,1747647684532
counter/5/0/0/0,37251:1747647679469:,1747647684532
counter/3/0/0/0,30027:1747647674792:,1747647684532
counter/10/0/0/0,29352:1747647672913:,1747647684532
counter/5/0/0/0,37252:1747647679469:,1747647684532
counter/3/0/0/0,30028:1747647674792:,1747647684532
counter/5/0/0/0,37253:1747647679469:,1747647684532
counter/3/0/0/0,30029:1747647674792:,1747647684532
counter/5/0/0/0,37254:1747647679469:,1747647684532
counter/3/0/0/0,30030:1747647674792:,1747647684532
counter/5/0/0/0,37255:1747647679469:,1747647684532
counter/3/0/0/0,30031:1747647674792:,1747647684532
counter/5/0/0/0,37256:1747647679470:,1747647684532
counter/3/0/0/0,30032:1747647674792:,1747647684532
counter/5/0/0/0,37257:1747647679471:,1747647684532
counter/3/0/0/0,30033:1747647674792:,1747647684532
counter/5/0/0/0,37258:1747647679471:,1747647684532
counter/3/0/0/0,30034:1747647674792:,1747647684532
counter/5/0/0/0,37259:1747647679471:,1747647684532
counter/3/0/0/0,30035:1747647674792:,1747647684532
counter/5/0/0/0,37260:1747647679471:,1747647684532
counter/3/0/0/0,30036:1747647674792:,1747647684532
counter/5/0/0/0,37261:1747647679471:,1747647684532
counter/3/0/0/0,30037:1747647674792:,1747647684532
counter/5/0/0/0,37262:1747647679471:,1747647684532
counter/3/0/0/0,30038:1747647674792:,1747647684532
counter/10/0/0/0,29353:1747647672913:,1747647684532
counter/5/0/0/0,37263:1747647679471:,1747647684532
counter/3/0/0/0,30039:1747647674792:,1747647684532
counter/5/0/0/0,37264:1747647679471:,1747647684532
counter/3/0/0/0,30040:1747647674792:,1747647684532
counter/10/0/0/0,29354:1747647672913:,1747647684532
counter/5/0/0/0,37265:1747647679471:,1747647684532
counter/3/0/0/0,30041:1747647674792:,1747647684532
counter/5/0/0/0,37266:1747647679484:,1747647684532
counter/3/0/0/0,30042:1747647674792:,1747647684533
counter/5/0/0/0,37267:1747647679486:,1747647684533
counter/3/0/0/0,30043:1747647674795:,1747647684533
counter/5/0/0/0,37268:1747647679486:,1747647684533
counter/3/0/0/0,30044:1747647674795:,1747647684533
counter/5/0/0/0,37269:1747647679486:,1747647684533
counter/3/0/0/0,30045:1747647674795:,1747647684533
counter/5/0/0/0,37270:1747647679486:,1747647684533
counter/3/0/0/0,30046:1747647674795:,1747647684533
counter/5/0/0/0,37271:1747647679487:,1747647684533
counter/3/0/0/0,30047:1747647674795:,1747647684533
counter/5/0/0/0,37272:1747647679487:,1747647684533
counter/3/0/0/0,30048:1747647674795:,1747647684533
counter/5/0/0/0,37273:1747647679487:,1747647684533
counter/3/0/0/0,30049:1747647674796:,1747647684533
counter/5/0/0/0,37274:1747647679487:,1747647684533
counter/3/0/0/0,30050:1747647674796:,1747647684533
counter/5/0/0/0,37275:1747647679487:,1747647684533
counter/3/0/0/0,30051:1747647674796:,1747647684533
counter/3/0/0/0,30052:1747647674796:,1747647684533
counter/3/0/0/0,30053:1747647674796:,1747647684533
counter/3/0/0/0,30054:1747647674800:,1747647684533
counter/3/0/0/0,30055:1747647674800:,1747647684533
counter/3/0/0/0,30056:1747647674800:,1747647684533
counter/3/0/0/0,30057:1747647674800:,1747647684533
counter/3/0/0/0,30058:1747647674800:,1747647684533
counter/3/0/0/0,30059:1747647674801:,1747647684533
counter/3/0/0/0,30060:1747647674801:,1747647684533
counter/3/0/0/0,30061:1747647674801:,1747647684533
counter/3/0/0/0,30062:1747647674801:,1747647684533
counter/3/0/0/0,30063:1747647674801:,1747647684533
counter/3/0/0/0,30064:1747647674801:,1747647684533
counter/3/0/0/0,30065:1747647674801:,1747647684533
counter/3/0/0/0,30066:1747647674802:,1747647684533
counter/3/0/0/0,30067:1747647674802:,1747647684534
counter/3/0/0/0,30068:1747647674802:,1747647684534
counter/3/0/0/0,30069:1747647674802:,1747647684534
counter/3/0/0/0,30070:1747647674802:,1747647684534
counter/3/0/0/0,30071:1747647674802:,1747647684534
counter/3/0/0/0,30072:1747647674802:,1747647684534
counter/3/0/0/0,30073:1747647674804:,1747647684534
counter/3/0/0/0,30074:1747647674805:,1747647684534
counter/3/0/0/0,30075:1747647674805:,1747647684534
counter/3/0/0/0,30076:1747647674805:,1747647684534
counter/3/0/0/0,30077:1747647674807:,1747647684534
counter/3/0/0/0,30078:1747647674807:,1747647684534
counter/3/0/0/0,30079:1747647674807:,1747647684534
counter/3/0/0/0,30080:1747647674807:,1747647684534
counter/3/0/0/0,30081:1747647674807:,1747647684534
counter/3/0/0/0,30082:1747647674807:,1747647684534
counter/3/0/0/0,30083:1747647674807:,1747647684534
counter/3/0/0/0,30084:1747647674807:,1747647684534
counter/3/0/0/0,30085:1747647674807:,1747647684534
counter/3/0/0/0,30086:1747647674807:,1747647684534
counter/3/0/0/0,30087:1747647674807:,1747647684534
counter/3/0/0/0,30088:1747647674807:,1747647684534
counter/3/0/0/0,30089:1747647674807:,1747647684534
counter/3/0/0/0,30090:1747647674807:,1747647684534
counter/3/0/0/0,30091:1747647674807:,1747647684534
counter/3/0/0/0,30092:1747647674808:,1747647684534
counter/3/0/0/0,30093:1747647674808:,1747647684534
counter/3/0/0/0,30094:1747647674808:,1747647684534
counter/3/0/0/0,30095:1747647674811:,1747647684534
counter/3/0/0/0,30096:1747647674812:,1747647684534
counter/3/0/0/0,30097:1747647674812:,1747647684534
counter/3/0/0/0,30098:1747647674812:,1747647684534
counter/3/0/0/0,30099:1747647674812:,1747647684534
counter/3/0/0/0,30100:1747647674812:,1747647684534
counter/3/0/0/0,30101:1747647674812:,1747647684534
counter/3/0/0/0,30102:1747647674812:,1747647684534
counter/3/0/0/0,30103:1747647674812:,1747647684534
counter/3/0/0/0,30104:1747647674812:,1747647684535
counter/3/0/0/0,30105:1747647674812:,1747647684535
counter/3/0/0/0,30106:1747647674812:,1747647684535
counter/3/0/0/0,30107:1747647674812:,1747647684535
counter/10/0/0/0,29355:1747647672913:,1747647684535
counter/3/0/0/0,30108:1747647674828:,1747647684535
counter/3/0/0/0,30109:1747647674828:,1747647684535
counter/3/0/0/0,30110:1747647674828:,1747647684535
counter/10/0/0/0,29356:1747647672913:,1747647684535
counter/3/0/0/0,30111:1747647674828:,1747647684535
counter/3/0/0/0,30112:1747647674828:,1747647684535
counter/3/0/0/0,30113:1747647674828:,1747647684535
counter/3/0/0/0,30114:1747647674828:,1747647684535
counter/3/0/0/0,30115:1747647674828:,1747647684535
counter/3/0/0/0,30116:1747647674828:,1747647684535
counter/3/0/0/0,30117:1747647674828:,1747647684535
counter/3/0/0/0,30118:1747647674828:,1747647684535
counter/3/0/0/0,30119:1747647674828:,1747647684535
counter/3/0/0/0,30120:1747647674828:,1747647684535
counter/3/0/0/0,30121:1747647674828:,1747647684535
counter/3/0/0/0,30122:1747647674828:,1747647684535
counter/3/0/0/0,30123:1747647674832:,1747647684535
counter/10/0/0/0,29357:1747647672913:,1747647684535
counter/3/0/0/0,30124:1747647674832:,1747647684535
counter/3/0/0/0,30125:1747647674832:,1747647684535
counter/4/0/0/0,34301:1747647678182:,1747647684535
counter/3/0/0/0,30126:1747647674832:,1747647684535
counter/3/0/0/0,30127:1747647674832:,1747647684535
counter/3/0/0/0,30128:1747647674832:,1747647684535
counter/3/0/0/0,30129:1747647674832:,1747647684535
counter/10/0/0/0,29358:1747647672913:,1747647684535
counter/3/0/0/0,30130:1747647674832:,1747647684535
counter/3/0/0/0,30131:1747647674832:,1747647684535
counter/3/0/0/0,30132:1747647674832:,1747647684535
counter/3/0/0/0,30133:1747647674832:,1747647684536
counter/3/0/0/0,30134:1747647674832:,1747647684536
counter/3/0/0/0,30135:1747647674832:,1747647684536
counter/3/0/0/0,30136:1747647674832:,1747647684536
counter/3/0/0/0,30137:1747647674832:,1747647684536
counter/3/0/0/0,30138:1747647674832:,1747647684536
counter/3/0/0/0,30139:1747647674834:,1747647684536
counter/3/0/0/0,30140:1747647674834:,1747647684536
counter/3/0/0/0,30141:1747647674834:,1747647684536
counter/3/0/0/0,30142:1747647674834:,1747647684536
counter/3/0/0/0,30143:1747647674838:,1747647684536
counter/3/0/0/0,30144:1747647674838:,1747647684536
counter/3/0/0/0,30145:1747647674838:,1747647684536
counter/10/0/0/0,29359:1747647672913:,1747647684536
counter/3/0/0/0,30146:1747647674838:,1747647684536
counter/4/0/0/0,34302:1747647678182:,1747647684536
counter/3/0/0/0,30147:1747647674838:,1747647684536
counter/3/0/0/0,30148:1747647674838:,1747647684536
counter/10/0/0/0,29360:1747647672913:,1747647684536
counter/3/0/0/0,30149:1747647674838:,1747647684536
counter/4/0/0/0,34303:1747647678182:,1747647684536
counter/3/0/0/0,30150:1747647674839:,1747647684536
counter/3/0/0/0,30151:1747647674839:,1747647684536
counter/3/0/0/0,30152:1747647674839:,1747647684536
counter/3/0/0/0,30153:1747647674842:,1747647684536
counter/10/0/0/0,29361:1747647672913:,1747647684536
counter/3/0/0/0,30154:1747647674842:,1747647684536
counter/3/0/0/0,30155:1747647674842:,1747647684536
counter/3/0/0/0,30156:1747647674842:,1747647684536
counter/3/0/0/0,30157:1747647674842:,1747647684536
counter/3/0/0/0,30158:1747647674842:,1747647684536
counter/3/0/0/0,30159:1747647674842:,1747647684536
counter/3/0/0/0,30160:1747647674842:,1747647684536
counter/3/0/0/0,30161:1747647674842:,1747647684536
counter/3/0/0/0,30162:1747647674842:,1747647684537
counter/3/0/0/0,30163:1747647674842:,1747647684537
counter/3/0/0/0,30164:1747647674842:,1747647684537
counter/3/0/0/0,30165:1747647674842:,1747647684537
counter/3/0/0/0,30166:1747647674842:,1747647684537
counter/3/0/0/0,30167:1747647674842:,1747647684537
counter/3/0/0/0,30168:1747647674842:,1747647684537
counter/3/0/0/0,30169:1747647674842:,1747647684537
counter/3/0/0/0,30170:1747647674843:,1747647684537
counter/3/0/0/0,30171:1747647674843:,1747647684537
counter/3/0/0/0,30172:1747647674843:,1747647684537
counter/3/0/0/0,30173:1747647674843:,1747647684537
counter/3/0/0/0,30174:1747647674843:,1747647684537
counter/3/0/0/0,30175:1747647674843:,1747647684537
counter/3/0/0/0,30176:1747647674843:,1747647684537
counter/3/0/0/0,30177:1747647674843:,1747647684537
counter/3/0/0/0,30178:1747647674843:,1747647684537
counter/3/0/0/0,30179:1747647674843:,1747647684537
counter/3/0/0/0,30180:1747647674843:,1747647684537
counter/3/0/0/0,30181:1747647674866:,1747647684537
counter/3/0/0/0,30182:1747647674866:,1747647684537
counter/3/0/0/0,30183:1747647674866:,1747647684537
counter/3/0/0/0,30184:1747647674866:,1747647684537
counter/3/0/0/0,30185:1747647674869:,1747647684537
counter/3/0/0/0,30186:1747647674869:,1747647684537
counter/3/0/0/0,30187:1747647674869:,1747647684537
counter/3/0/0/0,30188:1747647674869:,1747647684537
counter/3/0/0/0,30189:1747647674869:,1747647684537
counter/3/0/0/0,30190:1747647674869:,1747647684537
counter/3/0/0/0,30191:1747647674869:,1747647684537
counter/3/0/0/0,30192:1747647674871:,1747647684537
counter/3/0/0/0,30193:1747647674871:,1747647684537
counter/3/0/0/0,30194:1747647674871:,1747647684537
counter/3/0/0/0,30195:1747647674873:,1747647684537
counter/3/0/0/0,30196:1747647674873:,1747647684537
counter/3/0/0/0,30197:1747647674873:,1747647684537
counter/3/0/0/0,30198:1747647674873:,1747647684537
counter/3/0/0/0,30199:1747647674873:,1747647684538
counter/3/0/0/0,30200:1747647674873:,1747647684538
counter/3/0/0/0,30201:1747647674873:,1747647684538
counter/3/0/0/0,30202:1747647674873:,1747647684538
counter/3/0/0/0,30203:1747647674873:,1747647684538
counter/3/0/0/0,30204:1747647674887:,1747647684538
counter/3/0/0/0,30205:1747647674887:,1747647684538
counter/3/0/0/0,30206:1747647674887:,1747647684538
counter/3/0/0/0,30207:1747647674887:,1747647684538
counter/3/0/0/0,30208:1747647674887:,1747647684538
counter/10/0/0/0,29362:1747647672913:,1747647684538
counter/3/0/0/0,30209:1747647674887:,1747647684538
counter/3/0/0/0,30210:1747647674887:,1747647684538
counter/3/0/0/0,30211:1747647674887:,1747647684538
counter/3/0/0/0,30212:1747647674887:,1747647684538
counter/3/0/0/0,30213:1747647674887:,1747647684538
counter/3/0/0/0,30214:1747647674898:,1747647684538
counter/3/0/0/0,30215:1747647674898:,1747647684538
counter/3/0/0/0,30216:1747647674904:,1747647684538
counter/3/0/0/0,30217:1747647674904:,1747647684538
counter/3/0/0/0,30218:1747647674904:,1747647684538
counter/3/0/0/0,30219:1747647674904:,1747647684538
counter/3/0/0/0,30220:1747647674904:,1747647684538
counter/3/0/0/0,30221:1747647674904:,1747647684538
counter/3/0/0/0,30222:1747647674904:,1747647684538
counter/3/0/0/0,30223:1747647674904:,1747647684538
counter/3/0/0/0,30224:1747647674904:,1747647684538
counter/3/0/0/0,30225:1747647674904:,1747647684538
counter/3/0/0/0,30226:1747647674904:,1747647684538
counter/3/0/0/0,30227:1747647674904:,1747647684538
counter/3/0/0/0,30228:1747647674907:,1747647684538
counter/3/0/0/0,30229:1747647674911:,1747647684538
counter/3/0/0/0,30230:1747647674911:,1747647684538
counter/3/0/0/0,30231:1747647674911:,1747647684538
counter/3/0/0/0,30232:1747647674911:,1747647684538
counter/3/0/0/0,30233:1747647674911:,1747647684539
counter/3/0/0/0,30234:1747647674911:,1747647684539
counter/3/0/0/0,30235:1747647674912:,1747647684539
counter/3/0/0/0,30236:1747647674912:,1747647684539
counter/3/0/0/0,30237:1747647674912:,1747647684539
counter/3/0/0/0,30238:1747647674912:,1747647684539
counter/3/0/0/0,30239:1747647674912:,1747647684539
counter/3/0/0/0,30240:1747647674912:,1747647684539
counter/3/0/0/0,30241:1747647674912:,1747647684539
counter/3/0/0/0,30242:1747647674912:,1747647684539
counter/3/0/0/0,30243:1747647674912:,1747647684539
counter/3/0/0/0,30244:1747647674912:,1747647684539
counter/3/0/0/0,30245:1747647674920:,1747647684539
counter/3/0/0/0,30246:1747647674920:,1747647684539
counter/3/0/0/0,30247:1747647674921:,1747647684539
counter/3/0/0/0,30248:1747647674921:,1747647684539
counter/3/0/0/0,30249:1747647674921:,1747647684539
counter/3/0/0/0,30250:1747647674921:,1747647684539
counter/3/0/0/0,30251:1747647674921:,1747647684539
counter/3/0/0/0,30252:1747647674935:,1747647684539
counter/3/0/0/0,30253:1747647674935:,1747647684539
counter/3/0/0/0,30254:1747647674943:,1747647684539
counter/3/0/0/0,30255:1747647674943:,1747647684539
counter/3/0/0/0,30256:1747647674943:,1747647684539
counter/3/0/0/0,30257:1747647674945:,1747647684539
counter/3/0/0/0,30258:1747647674945:,1747647684539
counter/3/0/0/0,30259:1747647674945:,1747647684539
counter/3/0/0/0,30260:1747647674945:,1747647684539
counter/3/0/0/0,30261:1747647674945:,1747647684539
counter/3/0/0/0,30262:1747647674945:,1747647684539
counter/10/0/0/0,29363:1747647672913:,1747647684539
counter/3/0/0/0,30263:1747647674945:,1747647684539
counter/3/0/0/0,30264:1747647674945:,1747647684540
counter/3/0/0/0,30265:1747647674945:,1747647684540
counter/3/0/0/0,30266:1747647674946:,1747647684540
counter/3/0/0/0,30267:1747647674946:,1747647684540
counter/3/0/0/0,30268:1747647674946:,1747647684540
counter/3/0/0/0,30269:1747647674946:,1747647684540
counter/3/0/0/0,30270:1747647674946:,1747647684540
counter/3/0/0/0,30271:1747647674946:,1747647684540
counter/3/0/0/0,30272:1747647674946:,1747647684540
counter/3/0/0/0,30273:1747647674946:,1747647684540
counter/3/0/0/0,30274:1747647674946:,1747647684540
counter/3/0/0/0,30275:1747647674954:,1747647684540
counter/3/0/0/0,30276:1747647674954:,1747647684540
counter/3/0/0/0,30277:1747647674954:,1747647684540
counter/3/0/0/0,30278:1747647674954:,1747647684540
counter/3/0/0/0,30279:1747647674954:,1747647684540
counter/3/0/0/0,30280:1747647674954:,1747647684540
counter/3/0/0/0,30281:1747647674954:,1747647684540
counter/3/0/0/0,30282:1747647674954:,1747647684540
counter/3/0/0/0,30283:1747647674955:,1747647684540
counter/10/0/0/0,29364:1747647672924:,1747647684540
counter/3/0/0/0,30284:1747647674955:,1747647684540
counter/3/0/0/0,30285:1747647674955:,1747647684540
counter/3/0/0/0,30286:1747647674955:,1747647684540
counter/3/0/0/0,30287:1747647674955:,1747647684540
counter/3/0/0/0,30288:1747647674955:,1747647684540
counter/3/0/0/0,30289:1747647674955:,1747647684540
counter/3/0/0/0,30290:1747647674955:,1747647684540
counter/3/0/0/0,30291:1747647674955:,1747647684540
counter/3/0/0/0,30292:1747647674955:,1747647684540
counter/3/0/0/0,30293:1747647674955:,1747647684540
counter/3/0/0/0,30294:1747647674955:,1747647684540
counter/3/0/0/0,30295:1747647674955:,1747647684540
counter/3/0/0/0,30296:1747647674955:,1747647684540
counter/3/0/0/0,30297:1747647674956:,1747647684540
counter/3/0/0/0,30298:1747647674957:,1747647684540
counter/3/0/0/0,30299:1747647674957:,1747647684540
counter/3/0/0/0,30300:1747647674957:,1747647684541
counter/3/0/0/0,30301:1747647674957:,1747647684541
counter/3/0/0/0,30302:1747647674958:,1747647684541
counter/3/0/0/0,30303:1747647674958:,1747647684541
counter/3/0/0/0,30304:1747647674958:,1747647684541
counter/3/0/0/0,30305:1747647674958:,1747647684541
counter/3/0/0/0,30306:1747647674958:,1747647684541
counter/3/0/0/0,30307:1747647674962:,1747647684541
counter/10/0/0/0,29365:1747647672934:,1747647684541
counter/3/0/0/0,30308:1747647674962:,1747647684541
counter/3/0/0/0,30309:1747647674962:,1747647684541
counter/4/0/0/0,34304:1747647678182:,1747647684541
counter/3/0/0/0,30310:1747647674962:,1747647684541
counter/3/0/0/0,30311:1747647674964:,1747647684541
counter/3/0/0/0,30312:1747647674964:,1747647684541
counter/3/0/0/0,30313:1747647674964:,1747647684541
counter/3/0/0/0,30314:1747647674964:,1747647684541
counter/3/0/0/0,30315:1747647674964:,1747647684541
counter/3/0/0/0,30316:1747647674964:,1747647684541
counter/3/0/0/0,30317:1747647674964:,1747647684541
counter/3/0/0/0,30318:1747647674965:,1747647684541
counter/3/0/0/0,30319:1747647674974:,1747647684541
counter/3/0/0/0,30320:1747647674974:,1747647684541
counter/3/0/0/0,30321:1747647674974:,1747647684541
counter/3/0/0/0,30322:1747647674974:,1747647684541
counter/3/0/0/0,30323:1747647674974:,1747647684541
counter/3/0/0/0,30324:1747647674974:,1747647684541
counter/3/0/0/0,30325:1747647674974:,1747647684541
counter/3/0/0/0,30326:1747647674974:,1747647684541
counter/3/0/0/0,30327:1747647674975:,1747647684541
counter/3/0/0/0,30328:1747647674983:,1747647684541
counter/3/0/0/0,30329:1747647674983:,1747647684541
counter/3/0/0/0,30330:1747647674983:,1747647684541
counter/3/0/0/0,30331:1747647674983:,1747647684541
counter/3/0/0/0,30332:1747647674983:,1747647684541
counter/3/0/0/0,30333:1747647674983:,1747647684542
counter/3/0/0/0,30334:1747647674984:,1747647684542
counter/3/0/0/0,30335:1747647674984:,1747647684542
counter/3/0/0/0,30336:1747647674984:,1747647684542
counter/3/0/0/0,30337:1747647674984:,1747647684542
counter/3/0/0/0,30338:1747647674984:,1747647684542
counter/3/0/0/0,30339:1747647674997:,1747647684542
counter/3/0/0/0,30340:1747647674997:,1747647684542
counter/3/0/0/0,30341:1747647674997:,1747647684542
counter/3/0/0/0,30342:1747647674997:,1747647684542
counter/3/0/0/0,30343:1747647674998:,1747647684542
counter/3/0/0/0,30344:1747647674998:,1747647684542
counter/3/0/0/0,30345:1747647674998:,1747647684542
counter/3/0/0/0,30346:1747647674998:,1747647684542
counter/3/0/0/0,30347:1747647674998:,1747647684542
counter/3/0/0/0,30348:1747647674998:,1747647684542
counter/3/0/0/0,30349:1747647674998:,1747647684542
counter/3/0/0/0,30350:1747647674998:,1747647684542
counter/3/0/0/0,30351:1747647674998:,1747647684542
counter/10/0/0/0,29366:1747647672934:,1747647684542
counter/3/0/0/0,30352:1747647674998:,1747647684542
counter/10/0/0/0,29367:1747647672934:,1747647684542
counter/3/0/0/0,30353:1747647674998:,1747647684542
counter/10/0/0/0,29368:1747647672934:,1747647684542
counter/3/0/0/0,30354:1747647675018:,1747647684542
counter/10/0/0/0,29369:1747647672938:,1747647684542
counter/3/0/0/0,30355:1747647675018:,1747647684542
counter/10/0/0/0,29370:1747647672965:,1747647684542
counter/3/0/0/0,30356:1747647675018:,1747647684542
counter/10/0/0/0,29371:1747647672969:,1747647684542
counter/3/0/0/0,30357:1747647675018:,1747647684542
counter/10/0/0/0,29372:1747647672969:,1747647684542
counter/3/0/0/0,30358:1747647675018:,1747647684542
counter/10/0/0/0,29373:1747647672970:,1747647684542
counter/3/0/0/0,30359:1747647675018:,1747647684542
counter/10/0/0/0,29374:1747647672970:,1747647684543
counter/3/0/0/0,30360:1747647675018:,1747647684543
counter/10/0/0/0,29375:1747647672970:,1747647684543
counter/3/0/0/0,30361:1747647675018:,1747647684543
counter/10/0/0/0,29376:1747647672970:,1747647684543
counter/3/0/0/0,30362:1747647675018:,1747647684543
counter/10/0/0/0,29377:1747647672970:,1747647684543
counter/3/0/0/0,30363:1747647675018:,1747647684543
counter/10/0/0/0,29378:1747647672970:,1747647684543
counter/3/0/0/0,30364:1747647675018:,1747647684543
counter/10/0/0/0,29379:1747647672970:,1747647684543
counter/3/0/0/0,30365:1747647675020:,1747647684543
counter/10/0/0/0,29380:1747647672970:,1747647684543
counter/3/0/0/0,30366:1747647675027:,1747647684543
counter/10/0/0/0,29381:1747647672970:,1747647684543
counter/3/0/0/0,30367:1747647675028:,1747647684543
counter/10/0/0/0,29382:1747647672970:,1747647684543
counter/3/0/0/0,30368:1747647675028:,1747647684543
counter/10/0/0/0,29383:1747647672970:,1747647684543
counter/3/0/0/0,30369:1747647675028:,1747647684543
counter/10/0/0/0,29384:1747647672973:,1747647684543
counter/3/0/0/0,30370:1747647675028:,1747647684543
counter/10/0/0/0,29385:1747647672973:,1747647684543
counter/3/0/0/0,30371:1747647675029:,1747647684543
counter/10/0/0/0,29386:1747647672973:,1747647684543
counter/3/0/0/0,30372:1747647675030:,1747647684543
counter/10/0/0/0,29387:1747647672973:,1747647684543
counter/3/0/0/0,30373:1747647675030:,1747647684543
counter/10/0/0/0,29388:1747647672973:,1747647684543
counter/3/0/0/0,30374:1747647675030:,1747647684543
counter/10/0/0/0,29389:1747647672973:,1747647684543
counter/3/0/0/0,30375:1747647675030:,1747647684543
counter/10/0/0/0,29390:1747647672973:,1747647684543
counter/3/0/0/0,30376:1747647675030:,1747647684543
counter/10/0/0/0,29391:1747647672973:,1747647684543
counter/3/0/0/0,30377:1747647675030:,1747647684543
counter/10/0/0/0,29392:1747647672973:,1747647684544
counter/3/0/0/0,30378:1747647675030:,1747647684544
counter/10/0/0/0,29393:1747647672973:,1747647684544
counter/3/0/0/0,30379:1747647675030:,1747647684544
counter/10/0/0/0,29394:1747647672973:,1747647684544
counter/3/0/0/0,30380:1747647675030:,1747647684544
counter/4/0/0/0,34305:1747647678182:,1747647684544
counter/3/0/0/0,30381:1747647675030:,1747647684544
counter/4/0/0/0,34306:1747647678182:,1747647684544
counter/10/0/0/0,29395:1747647672974:,1747647684544
counter/3/0/0/0,30382:1747647675043:,1747647684544
counter/4/0/0/0,34307:1747647678182:,1747647684544
counter/3/0/0/0,30383:1747647675044:,1747647684544
counter/3/0/0/0,30384:1747647675044:,1747647684544
counter/3/0/0/0,30385:1747647675044:,1747647684544
counter/3/0/0/0,30386:1747647675044:,1747647684544
counter/3/0/0/0,30387:1747647675044:,1747647684544
counter/3/0/0/0,30388:1747647675044:,1747647684544
counter/3/0/0/0,30389:1747647675044:,1747647684544
counter/3/0/0/0,30390:1747647675044:,1747647684544
counter/3/0/0/0,30391:1747647675044:,1747647684544
counter/3/0/0/0,30392:1747647675044:,1747647684544
counter/3/0/0/0,30393:1747647675044:,1747647684544
counter/3/0/0/0,30394:1747647675044:,1747647684544
counter/3/0/0/0,30395:1747647675045:,1747647684544
counter/3/0/0/0,30396:1747647675045:,1747647684544
counter/3/0/0/0,30397:1747647675045:,1747647684544
counter/3/0/0/0,30398:1747647675045:,1747647684544
counter/3/0/0/0,30399:1747647675045:,1747647684544
counter/3/0/0/0,30400:1747647675046:,1747647684544
counter/3/0/0/0,30401:1747647675046:,1747647684544
counter/3/0/0/0,30402:1747647675046:,1747647684544
counter/3/0/0/0,30403:1747647675046:,1747647684544
counter/3/0/0/0,30404:1747647675046:,1747647684544
counter/3/0/0/0,30405:1747647675046:,1747647684544
counter/3/0/0/0,30406:1747647675046:,1747647684544
counter/3/0/0/0,30407:1747647675046:,1747647684544
counter/3/0/0/0,30408:1747647675046:,1747647684545
counter/3/0/0/0,30409:1747647675046:,1747647684545
counter/10/0/0/0,29396:1747647672974:,1747647684545
counter/3/0/0/0,30410:1747647675046:,1747647684545
counter/4/0/0/0,34308:1747647678182:,1747647684545
counter/3/0/0/0,30411:1747647675060:,1747647684545
counter/3/0/0/0,30412:1747647675060:,1747647684545
counter/3/0/0/0,30413:1747647675060:,1747647684545
counter/3/0/0/0,30414:1747647675060:,1747647684545
counter/3/0/0/0,30415:1747647675060:,1747647684545
counter/3/0/0/0,30416:1747647675060:,1747647684545
counter/3/0/0/0,30417:1747647675060:,1747647684545
counter/3/0/0/0,30418:1747647675075:,1747647684545
counter/3/0/0/0,30419:1747647675075:,1747647684545
counter/3/0/0/0,30420:1747647675075:,1747647684545
counter/3/0/0/0,30421:1747647675075:,1747647684545
counter/3/0/0/0,30422:1747647675075:,1747647684545
counter/3/0/0/0,30423:1747647675075:,1747647684545
counter/3/0/0/0,30424:1747647675075:,1747647684545
counter/3/0/0/0,30425:1747647675075:,1747647684545
counter/10/0/0/0,29397:1747647672974:,1747647684545
counter/3/0/0/0,30426:1747647675075:,1747647684545
counter/4/0/0/0,34309:1747647678184:,1747647684545
counter/3/0/0/0,30427:1747647675075:,1747647684545
counter/3/0/0/0,30428:1747647675075:,1747647684545
counter/3/0/0/0,30429:1747647675075:,1747647684545
counter/3/0/0/0,30430:1747647675075:,1747647684545
counter/10/0/0/0,29398:1747647672974:,1747647684545
counter/3/0/0/0,30431:1747647675075:,1747647684545
counter/3/0/0/0,30432:1747647675075:,1747647684545
counter/3/0/0/0,30433:1747647675077:,1747647684545
counter/3/0/0/0,30434:1747647675077:,1747647684545
counter/3/0/0/0,30435:1747647675090:,1747647684545
counter/3/0/0/0,30436:1747647675090:,1747647684545
counter/3/0/0/0,30437:1747647675090:,1747647684545
counter/3/0/0/0,30438:1747647675090:,1747647684545
counter/3/0/0/0,30439:1747647675090:,1747647684545
counter/3/0/0/0,30440:1747647675090:,1747647684545
counter/3/0/0/0,30441:1747647675090:,1747647684546
counter/3/0/0/0,30442:1747647675090:,1747647684546
counter/10/0/0/0,29399:1747647672974:,1747647684546
counter/3/0/0/0,30443:1747647675090:,1747647684546
counter/3/0/0/0,30444:1747647675094:,1747647684546
counter/3/0/0/0,30445:1747647675094:,1747647684546
counter/3/0/0/0,30446:1747647675094:,1747647684546
counter/3/0/0/0,30447:1747647675094:,1747647684546
counter/3/0/0/0,30448:1747647675095:,1747647684546
counter/3/0/0/0,30449:1747647675095:,1747647684546
counter/3/0/0/0,30450:1747647675095:,1747647684546
counter/3/0/0/0,30451:1747647675095:,1747647684546
counter/3/0/0/0,30452:1747647675095:,1747647684546
counter/3/0/0/0,30453:1747647675095:,1747647684546
counter/3/0/0/0,30454:1747647675095:,1747647684546
counter/3/0/0/0,30455:1747647675108:,1747647684546
counter/3/0/0/0,30456:1747647675108:,1747647684546
counter/3/0/0/0,30457:1747647675108:,1747647684546
counter/3/0/0/0,30458:1747647675108:,1747647684546
counter/3/0/0/0,30459:1747647675108:,1747647684546
counter/3/0/0/0,30460:1747647675110:,1747647684546
counter/3/0/0/0,30461:1747647675110:,1747647684546
counter/3/0/0/0,30462:1747647675110:,1747647684546
counter/3/0/0/0,30463:1747647675110:,1747647684546
counter/3/0/0/0,30464:1747647675110:,1747647684546
counter/3/0/0/0,30465:1747647675110:,1747647684546
counter/3/0/0/0,30466:1747647675110:,1747647684546
counter/3/0/0/0,30467:1747647675110:,1747647684546
counter/3/0/0/0,30468:1747647675112:,1747647684546
counter/3/0/0/0,30469:1747647675112:,1747647684546
counter/3/0/0/0,30470:1747647675112:,1747647684546
counter/10/0/0/0,29400:1747647672974:,1747647684546
counter/3/0/0/0,30471:1747647675112:,1747647684546
counter/3/0/0/0,30472:1747647675112:,1747647684546
counter/3/0/0/0,30473:1747647675112:,1747647684546
counter/3/0/0/0,30474:1747647675112:,1747647684546
counter/3/0/0/0,30475:1747647675112:,1747647684546
counter/3/0/0/0,30476:1747647675112:,1747647684547
counter/3/0/0/0,30477:1747647675112:,1747647684547
counter/3/0/0/0,30478:1747647675112:,1747647684547
counter/3/0/0/0,30479:1747647675112:,1747647684547
counter/10/0/0/0,29401:1747647672974:,1747647684547
counter/3/0/0/0,30480:1747647675112:,1747647684547
counter/3/0/0/0,30481:1747647675112:,1747647684547
counter/3/0/0/0,30482:1747647675112:,1747647684547
counter/3/0/0/0,30483:1747647675112:,1747647684547
counter/3/0/0/0,30484:1747647675112:,1747647684547
counter/3/0/0/0,30485:1747647675112:,1747647684547
counter/3/0/0/0,30486:1747647675113:,1747647684547
counter/3/0/0/0,30487:1747647675113:,1747647684547
counter/3/0/0/0,30488:1747647675113:,1747647684547
counter/3/0/0/0,30489:1747647675114:,1747647684547
counter/3/0/0/0,30490:1747647675114:,1747647684547
counter/3/0/0/0,30491:1747647675119:,1747647684547
counter/3/0/0/0,30492:1747647675119:,1747647684547
counter/3/0/0/0,30493:1747647675119:,1747647684547
counter/3/0/0/0,30494:1747647675119:,1747647684547
counter/3/0/0/0,30495:1747647675119:,1747647684547
counter/3/0/0/0,30496:1747647675122:,1747647684547
counter/3/0/0/0,30497:1747647675122:,1747647684547
counter/3/0/0/0,30498:1747647675122:,1747647684547
counter/3/0/0/0,30499:1747647675132:,1747647684547
counter/3/0/0/0,30500:1747647675137:,1747647684547
counter/3/0/0/0,30501:1747647675137:,1747647684547
counter/3/0/0/0,30502:1747647675137:,1747647684547
counter/3/0/0/0,30503:1747647675137:,1747647684547
counter/3/0/0/0,30504:1747647675137:,1747647684547
counter/3/0/0/0,30505:1747647675137:,1747647684547
counter/3/0/0/0,30506:1747647675137:,1747647684547
counter/3/0/0/0,30507:1747647675138:,1747647684547
counter/3/0/0/0,30508:1747647675138:,1747647684548
counter/3/0/0/0,30509:1747647675138:,1747647684548
counter/3/0/0/0,30510:1747647675138:,1747647684548
counter/3/0/0/0,30511:1747647675138:,1747647684548
counter/3/0/0/0,30512:1747647675138:,1747647684548
counter/3/0/0/0,30513:1747647675138:,1747647684548
counter/3/0/0/0,30514:1747647675138:,1747647684548
counter/3/0/0/0,30515:1747647675138:,1747647684548
counter/3/0/0/0,30516:1747647675138:,1747647684548
counter/3/0/0/0,30517:1747647675138:,1747647684548
counter/3/0/0/0,30518:1747647675138:,1747647684548
counter/3/0/0/0,30519:1747647675138:,1747647684548
counter/3/0/0/0,30520:1747647675145:,1747647684548
counter/3/0/0/0,30521:1747647675145:,1747647684548
counter/3/0/0/0,30522:1747647675145:,1747647684548
counter/3/0/0/0,30523:1747647675145:,1747647684548
counter/3/0/0/0,30524:1747647675145:,1747647684548
counter/10/0/0/0,29402:1747647672974:,1747647684548
counter/3/0/0/0,30525:1747647675145:,1747647684548
counter/3/0/0/0,30526:1747647675145:,1747647684548
counter/3/0/0/0,30527:1747647675145:,1747647684548
counter/3/0/0/0,30528:1747647675145:,1747647684548
counter/3/0/0/0,30529:1747647675147:,1747647684548
counter/3/0/0/0,30530:1747647675147:,1747647684548
counter/3/0/0/0,30531:1747647675147:,1747647684548
counter/3/0/0/0,30532:1747647675147:,1747647684548
counter/3/0/0/0,30533:1747647675147:,1747647684548
counter/3/0/0/0,30534:1747647675147:,1747647684548
counter/3/0/0/0,30535:1747647675147:,1747647684548
counter/3/0/0/0,30536:1747647675147:,1747647684548
counter/3/0/0/0,30537:1747647675147:,1747647684548
counter/3/0/0/0,30538:1747647675157:,1747647684548
counter/3/0/0/0,30539:1747647675157:,1747647684548
counter/3/0/0/0,30540:1747647675158:,1747647684548
counter/3/0/0/0,30541:1747647675158:,1747647684548
counter/3/0/0/0,30542:1747647675158:,1747647684548
counter/3/0/0/0,30543:1747647675158:,1747647684548
counter/3/0/0/0,30544:1747647675158:,1747647684548
counter/3/0/0/0,30545:1747647675158:,1747647684549
counter/3/0/0/0,30546:1747647675158:,1747647684549
counter/3/0/0/0,30547:1747647675158:,1747647684549
counter/3/0/0/0,30548:1747647675158:,1747647684549
counter/3/0/0/0,30549:1747647675159:,1747647684549
counter/3/0/0/0,30550:1747647675159:,1747647684549
counter/3/0/0/0,30551:1747647675159:,1747647684549
counter/3/0/0/0,30552:1747647675159:,1747647684549
counter/3/0/0/0,30553:1747647675159:,1747647684549
counter/3/0/0/0,30554:1747647675161:,1747647684549
counter/3/0/0/0,30555:1747647675161:,1747647684549
counter/3/0/0/0,30556:1747647675161:,1747647684549
counter/3/0/0/0,30557:1747647675161:,1747647684549
counter/3/0/0/0,30558:1747647675161:,1747647684549
counter/3/0/0/0,30559:1747647675161:,1747647684549
counter/3/0/0/0,30560:1747647675161:,1747647684549
counter/10/0/0/0,29403:1747647672974:,1747647684549
counter/3/0/0/0,30561:1747647675161:,1747647684549
counter/4/0/0/0,34310:1747647678190:,1747647684549
counter/3/0/0/0,30562:1747647675161:,1747647684549
counter/3/0/0/0,30563:1747647675161:,1747647684549
counter/3/0/0/0,30564:1747647675162:,1747647684549
counter/3/0/0/0,30565:1747647675165:,1747647684549
counter/3/0/0/0,30566:1747647675165:,1747647684549
counter/3/0/0/0,30567:1747647675165:,1747647684549
counter/3/0/0/0,30568:1747647675166:,1747647684549
counter/4/0/0/0,34311:1747647678191:,1747647684549
counter/3/0/0/0,30569:1747647675179:,1747647684549
counter/10/0/0/0,29404:1747647672974:,1747647684549
counter/3/0/0/0,30570:1747647675179:,1747647684549
counter/4/0/0/0,34312:1747647678191:,1747647684549
counter/3/0/0/0,30571:1747647675180:,1747647684549
counter/3/0/0/0,30572:1747647675180:,1747647684549
counter/3/0/0/0,30573:1747647675180:,1747647684549
counter/3/0/0/0,30574:1747647675180:,1747647684549
counter/3/0/0/0,30575:1747647675180:,1747647684549
counter/10/0/0/0,29405:1747647672974:,1747647684549
counter/3/0/0/0,30576:1747647675180:,1747647684550
counter/10/0/0/0,29406:1747647672977:,1747647684550
counter/3/0/0/0,30577:1747647675180:,1747647684550
counter/10/0/0/0,29407:1747647672977:,1747647684550
counter/4/0/0/0,34313:1747647678191:,1747647684550
counter/3/0/0/0,30578:1747647675180:,1747647684550
counter/10/0/0/0,29408:1747647672977:,1747647684550
counter/4/0/0/0,34314:1747647678191:,1747647684550
counter/3/0/0/0,30579:1747647675180:,1747647684550
counter/10/0/0/0,29409:1747647672977:,1747647684550
counter/4/0/0/0,34315:1747647678191:,1747647684550
counter/3/0/0/0,30580:1747647675180:,1747647684550
counter/10/0/0/0,29410:1747647672977:,1747647684550
counter/3/0/0/0,30581:1747647675180:,1747647684550
counter/10/0/0/0,29411:1747647672977:,1747647684550
counter/3/0/0/0,30582:1747647675180:,1747647684550
counter/10/0/0/0,29412:1747647672977:,1747647684550
counter/4/0/0/0,34316:1747647678191:,1747647684550
counter/3/0/0/0,30583:1747647675180:,1747647684550
counter/10/0/0/0,29413:1747647672977:,1747647684550
counter/3/0/0/0,30584:1747647675180:,1747647684550
counter/10/0/0/0,29414:1747647672977:,1747647684550
counter/3/0/0/0,30585:1747647675193:,1747647684550
counter/10/0/0/0,29415:1747647672977:,1747647684550
counter/3/0/0/0,30586:1747647675193:,1747647684550
counter/10/0/0/0,29416:1747647672977:,1747647684550
counter/3/0/0/0,30587:1747647675193:,1747647684550
counter/10/0/0/0,29417:1747647672977:,1747647684550
counter/3/0/0/0,30588:1747647675193:,1747647684550
counter/10/0/0/0,29418:1747647672986:,1747647684550
counter/3/0/0/0,30589:1747647675193:,1747647684550
counter/10/0/0/0,29419:1747647672986:,1747647684550
counter/4/0/0/0,34317:1747647678191:,1747647684550
counter/3/0/0/0,30590:1747647675194:,1747647684550
counter/10/0/0/0,29420:1747647672987:,1747647684551
counter/3/0/0/0,30591:1747647675196:,1747647684551
counter/10/0/0/0,29421:1747647672987:,1747647684551
counter/3/0/0/0,30592:1747647675196:,1747647684551
counter/10/0/0/0,29422:1747647672987:,1747647684551
counter/3/0/0/0,30593:1747647675196:,1747647684551
counter/10/0/0/0,29423:1747647672987:,1747647684551
counter/3/0/0/0,30594:1747647675196:,1747647684551
counter/3/0/0/0,30595:1747647675196:,1747647684551
counter/3/0/0/0,30596:1747647675196:,1747647684551
counter/3/0/0/0,30597:1747647675200:,1747647684551
counter/3/0/0/0,30598:1747647675200:,1747647684551
counter/3/0/0/0,30599:1747647675200:,1747647684551
counter/3/0/0/0,30600:1747647675200:,1747647684551
counter/3/0/0/0,30601:1747647675200:,1747647684551
counter/3/0/0/0,30602:1747647675200:,1747647684551
counter/3/0/0/0,30603:1747647675200:,1747647684551
counter/3/0/0/0,30604:1747647675200:,1747647684551
counter/3/0/0/0,30605:1747647675202:,1747647684551
counter/3/0/0/0,30606:1747647675203:,1747647684551
counter/3/0/0/0,30607:1747647675203:,1747647684551
counter/3/0/0/0,30608:1747647675203:,1747647684551
counter/3/0/0/0,30609:1747647675205:,1747647684551
counter/3/0/0/0,30610:1747647675205:,1747647684551
counter/3/0/0/0,30611:1747647675205:,1747647684551
counter/3/0/0/0,30612:1747647675205:,1747647684551
counter/3/0/0/0,30613:1747647675205:,1747647684551
counter/3/0/0/0,30614:1747647675205:,1747647684551
counter/3/0/0/0,30615:1747647675205:,1747647684551
counter/3/0/0/0,30616:1747647675205:,1747647684551
counter/10/0/0/0,29424:1747647672987:,1747647684551
counter/3/0/0/0,30617:1747647675205:,1747647684551
counter/4/0/0/0,34318:1747647678191:,1747647684551
counter/3/0/0/0,30618:1747647675205:,1747647684551
counter/3/0/0/0,30619:1747647675205:,1747647684551
counter/3/0/0/0,30620:1747647675212:,1747647684551
counter/3/0/0/0,30621:1747647675212:,1747647684551
counter/3/0/0/0,30622:1747647675214:,1747647684551
counter/3/0/0/0,30623:1747647675214:,1747647684552
counter/3/0/0/0,30624:1747647675214:,1747647684552
counter/3/0/0/0,30625:1747647675214:,1747647684552
counter/3/0/0/0,30626:1747647675214:,1747647684552
counter/10/0/0/0,29425:1747647672987:,1747647684552
counter/3/0/0/0,30627:1747647675214:,1747647684552
counter/4/0/0/0,34319:1747647678191:,1747647684552
counter/3/0/0/0,30628:1747647675214:,1747647684552
counter/3/0/0/0,30629:1747647675214:,1747647684552
counter/3/0/0/0,30630:1747647675214:,1747647684552
counter/4/0/0/0,34320:1747647678191:,1747647684552
counter/3/0/0/0,30631:1747647675214:,1747647684552
counter/4/0/0/0,34321:1747647678191:,1747647684552
counter/3/0/0/0,30632:1747647675214:,1747647684552
counter/3/0/0/0,30633:1747647675214:,1747647684552
counter/3/0/0/0,30634:1747647675214:,1747647684552
counter/3/0/0/0,30635:1747647675214:,1747647684552
counter/3/0/0/0,30636:1747647675214:,1747647684552
counter/3/0/0/0,30637:1747647675214:,1747647684552
counter/3/0/0/0,30638:1747647675214:,1747647684552
counter/3/0/0/0,30639:1747647675214:,1747647684552
counter/3/0/0/0,30640:1747647675214:,1747647684552
counter/3/0/0/0,30641:1747647675214:,1747647684552
counter/3/0/0/0,30642:1747647675214:,1747647684552
counter/3/0/0/0,30643:1747647675214:,1747647684552
counter/3/0/0/0,30644:1747647675214:,1747647684552
counter/3/0/0/0,30645:1747647675215:,1747647684552
counter/3/0/0/0,30646:1747647675215:,1747647684552
counter/3/0/0/0,30647:1747647675219:,1747647684552
counter/3/0/0/0,30648:1747647675219:,1747647684552
counter/3/0/0/0,30649:1747647675220:,1747647684552
counter/3/0/0/0,30650:1747647675220:,1747647684552
counter/3/0/0/0,30651:1747647675220:,1747647684552
counter/3/0/0/0,30652:1747647675220:,1747647684552
counter/3/0/0/0,30653:1747647675220:,1747647684553
counter/3/0/0/0,30654:1747647675225:,1747647684553
counter/3/0/0/0,30655:1747647675233:,1747647684553
counter/3/0/0/0,30656:1747647675234:,1747647684553
counter/3/0/0/0,30657:1747647675234:,1747647684553
counter/3/0/0/0,30658:1747647675237:,1747647684553
counter/3/0/0/0,30659:1747647675237:,1747647684553
counter/3/0/0/0,30660:1747647675237:,1747647684553
counter/3/0/0/0,30661:1747647675237:,1747647684553
counter/3/0/0/0,30662:1747647675237:,1747647684553
counter/3/0/0/0,30663:1747647675237:,1747647684553
counter/3/0/0/0,30664:1747647675237:,1747647684553
counter/3/0/0/0,30665:1747647675237:,1747647684553
counter/3/0/0/0,30666:1747647675237:,1747647684553
counter/3/0/0/0,30667:1747647675237:,1747647684553
counter/3/0/0/0,30668:1747647675237:,1747647684553
counter/3/0/0/0,30669:1747647675237:,1747647684553
counter/3/0/0/0,30670:1747647675237:,1747647684553
counter/3/0/0/0,30671:1747647675240:,1747647684553
counter/3/0/0/0,30672:1747647675240:,1747647684553
counter/3/0/0/0,30673:1747647675240:,1747647684553
counter/3/0/0/0,30674:1747647675240:,1747647684553
counter/3/0/0/0,30675:1747647675240:,1747647684553
counter/3/0/0/0,30676:1747647675241:,1747647684553
counter/3/0/0/0,30677:1747647675241:,1747647684553
counter/3/0/0/0,30678:1747647675241:,1747647684553
counter/3/0/0/0,30679:1747647675241:,1747647684553
counter/3/0/0/0,30680:1747647675241:,1747647684553
counter/3/0/0/0,30681:1747647675241:,1747647684553
counter/3/0/0/0,30682:1747647675241:,1747647684553
counter/3/0/0/0,30683:1747647675241:,1747647684553
counter/3/0/0/0,30684:1747647675241:,1747647684553
counter/3/0/0/0,30685:1747647675241:,1747647684553
counter/3/0/0/0,30686:1747647675241:,1747647684553
counter/3/0/0/0,30687:1747647675241:,1747647684553
counter/3/0/0/0,30688:1747647675241:,1747647684553
counter/3/0/0/0,30689:1747647675241:,1747647684553
counter/3/0/0/0,30690:1747647675241:,1747647684553
counter/3/0/0/0,30691:1747647675241:,1747647684554
counter/3/0/0/0,30692:1747647675241:,1747647684554
counter/3/0/0/0,30693:1747647675267:,1747647684554
counter/3/0/0/0,30694:1747647675268:,1747647684554
counter/10/0/0/0,29426:1747647672987:,1747647684554
counter/3/0/0/0,30695:1747647675268:,1747647684554
counter/3/0/0/0,30696:1747647675268:,1747647684554
counter/3/0/0/0,30697:1747647675268:,1747647684554
counter/3/0/0/0,30698:1747647675268:,1747647684554
counter/3/0/0/0,30699:1747647675268:,1747647684554
counter/3/0/0/0,30700:1747647675268:,1747647684554
counter/3/0/0/0,30701:1747647675269:,1747647684554
counter/3/0/0/0,30702:1747647675269:,1747647684554
counter/3/0/0/0,30703:1747647675269:,1747647684554
counter/3/0/0/0,30704:1747647675269:,1747647684554
counter/10/0/0/0,29427:1747647672987:,1747647684554
counter/3/0/0/0,30705:1747647675269:,1747647684554
counter/3/0/0/0,30706:1747647675269:,1747647684554
counter/4/0/0/0,34322:1747647678191:,1747647684554
counter/3/0/0/0,30707:1747647675269:,1747647684554
counter/4/0/0/0,34323:1747647678197:,1747647684554
counter/10/0/0/0,29428:1747647672990:,1747647684554
counter/3/0/0/0,30708:1747647675271:,1747647684554
counter/3/0/0/0,30709:1747647675271:,1747647684554
counter/3/0/0/0,30710:1747647675271:,1747647684554
counter/3/0/0/0,30711:1747647675271:,1747647684554
counter/3/0/0/0,30712:1747647675271:,1747647684554
counter/3/0/0/0,30713:1747647675272:,1747647684554
counter/3/0/0/0,30714:1747647675272:,1747647684554
counter/3/0/0/0,30715:1747647675273:,1747647684554
counter/3/0/0/0,30716:1747647675273:,1747647684554
counter/3/0/0/0,30717:1747647675273:,1747647684554
counter/3/0/0/0,30718:1747647675273:,1747647684554
counter/3/0/0/0,30719:1747647675273:,1747647684554
counter/3/0/0/0,30720:1747647675273:,1747647684554
counter/3/0/0/0,30721:1747647675273:,1747647684554
counter/3/0/0/0,30722:1747647675273:,1747647684554
counter/3/0/0/0,30723:1747647675273:,1747647684554
counter/3/0/0/0,30724:1747647675273:,1747647684554
counter/3/0/0/0,30725:1747647675279:,1747647684555
counter/3/0/0/0,30726:1747647675279:,1747647684555
counter/3/0/0/0,30727:1747647675279:,1747647684555
counter/3/0/0/0,30728:1747647675279:,1747647684555
counter/3/0/0/0,30729:1747647675279:,1747647684555
counter/3/0/0/0,30730:1747647675279:,1747647684555
counter/3/0/0/0,30731:1747647675279:,1747647684555
counter/3/0/0/0,30732:1747647675279:,1747647684555
counter/3/0/0/0,30733:1747647675279:,1747647684555
counter/3/0/0/0,30734:1747647675279:,1747647684555
counter/3/0/0/0,30735:1747647675279:,1747647684555
counter/3/0/0/0,30736:1747647675279:,1747647684555
counter/10/0/0/0,29429:1747647672993:,1747647684555
counter/3/0/0/0,30737:1747647675279:,1747647684555
counter/3/0/0/0,30738:1747647675279:,1747647684555
counter/3/0/0/0,30739:1747647675279:,1747647684555
counter/3/0/0/0,30740:1747647675279:,1747647684555
counter/3/0/0/0,30741:1747647675279:,1747647684555
counter/3/0/0/0,30742:1747647675279:,1747647684555
counter/3/0/0/0,30743:1747647675279:,1747647684555
counter/3/0/0/0,30744:1747647675279:,1747647684555
counter/3/0/0/0,30745:1747647675280:,1747647684555
counter/4/0/0/0,34324:1747647678197:,1747647684555
counter/3/0/0/0,30746:1747647675280:,1747647684555
counter/10/0/0/0,29430:1747647672993:,1747647684555
counter/3/0/0/0,30747:1747647675280:,1747647684555
counter/3/0/0/0,30748:1747647675280:,1747647684555
counter/3/0/0/0,30749:1747647675280:,1747647684555
counter/3/0/0/0,30750:1747647675280:,1747647684555
counter/3/0/0/0,30751:1747647675280:,1747647684555
counter/3/0/0/0,30752:1747647675280:,1747647684555
counter/3/0/0/0,30753:1747647675280:,1747647684555
counter/3/0/0/0,30754:1747647675280:,1747647684556
counter/3/0/0/0,30755:1747647675280:,1747647684556
counter/3/0/0/0,30756:1747647675280:,1747647684556
counter/3/0/0/0,30757:1747647675280:,1747647684556
counter/3/0/0/0,30758:1747647675280:,1747647684556
counter/3/0/0/0,30759:1747647675280:,1747647684556
counter/3/0/0/0,30760:1747647675280:,1747647684556
counter/3/0/0/0,30761:1747647675280:,1747647684556
counter/3/0/0/0,30762:1747647675280:,1747647684556
counter/3/0/0/0,30763:1747647675280:,1747647684556
counter/3/0/0/0,30764:1747647675284:,1747647684556
counter/3/0/0/0,30765:1747647675284:,1747647684556
counter/3/0/0/0,30766:1747647675284:,1747647684556
counter/3/0/0/0,30767:1747647675284:,1747647684556
counter/3/0/0/0,30768:1747647675284:,1747647684556
counter/3/0/0/0,30769:1747647675284:,1747647684556
counter/3/0/0/0,30770:1747647675284:,1747647684556
counter/3/0/0/0,30771:1747647675291:,1747647684556
counter/3/0/0/0,30772:1747647675292:,1747647684556
counter/3/0/0/0,30773:1747647675292:,1747647684556
counter/3/0/0/0,30774:1747647675292:,1747647684556
counter/3/0/0/0,30775:1747647675292:,1747647684556
counter/3/0/0/0,30776:1747647675292:,1747647684556
counter/3/0/0/0,30777:1747647675292:,1747647684556
counter/3/0/0/0,30778:1747647675292:,1747647684556
counter/10/0/0/0,29431:1747647672993:,1747647684556
counter/3/0/0/0,30779:1747647675306:,1747647684556
counter/10/0/0/0,29432:1747647672993:,1747647684556
counter/4/0/0/0,34325:1747647678198:,1747647684556
counter/10/0/0/0,29433:1747647672993:,1747647684556
counter/10/0/0/0,29434:1747647672993:,1747647684556
counter/10/0/0/0,29435:1747647672993:,1747647684556
counter/10/0/0/0,29436:1747647672993:,1747647684556
counter/10/0/0/0,29437:1747647672993:,1747647684556
counter/10/0/0/0,29438:1747647672993:,1747647684557
counter/4/0/0/0,34326:1747647678200:,1747647684557
counter/10/0/0/0,29439:1747647672993:,1747647684557
counter/10/0/0/0,29440:1747647672993:,1747647684557
counter/4/0/0/0,34327:1747647678200:,1747647684557
counter/10/0/0/0,29441:1747647672993:,1747647684557
counter/4/0/0/0,34328:1747647678200:,1747647684557
counter/10/0/0/0,29442:1747647672993:,1747647684557
counter/4/0/0/0,34329:1747647678200:,1747647684557
counter/10/0/0/0,29443:1747647672993:,1747647684557
counter/4/0/0/0,34330:1747647678200:,1747647684557
counter/4/0/0/0,34331:1747647678200:,1747647684557
counter/10/0/0/0,29444:1747647672993:,1747647684557
counter/4/0/0/0,34332:1747647678200:,1747647684557
counter/4/0/0/0,34333:1747647678200:,1747647684557
counter/4/0/0/0,34334:1747647678200:,1747647684557
counter/10/0/0/0,29445:1747647673002:,1747647684557
counter/4/0/0/0,34335:1747647678200:,1747647684557
counter/4/0/0/0,34336:1747647678200:,1747647684557
counter/10/0/0/0,29446:1747647673002:,1747647684557
counter/10/0/0/0,29447:1747647673002:,1747647684557
counter/10/0/0/0,29448:1747647673002:,1747647684557
counter/4/0/0/0,34337:1747647678200:,1747647684557
counter/4/0/0/0,34338:1747647678200:,1747647684557
counter/4/0/0/0,34339:1747647678200:,1747647684557
counter/10/0/0/0,29449:1747647673002:,1747647684557
counter/10/0/0/0,29450:1747647673002:,1747647684557
counter/4/0/0/0,34340:1747647678200:,1747647684557
counter/4/0/0/0,34341:1747647678200:,1747647684557
counter/10/0/0/0,29451:1747647673002:,1747647684557
counter/10/0/0/0,29452:1747647673003:,1747647684557
counter/4/0/0/0,34342:1747647678202:,1747647684557
counter/4/0/0/0,34343:1747647678202:,1747647684557
counter/4/0/0/0,34344:1747647678202:,1747647684557
counter/4/0/0/0,34345:1747647678202:,1747647684558
counter/4/0/0/0,34346:1747647678202:,1747647684558
counter/4/0/0/0,34347:1747647678202:,1747647684558
counter/4/0/0/0,34348:1747647678203:,1747647684558
counter/4/0/0/0,34349:1747647678203:,1747647684558
counter/4/0/0/0,34350:1747647678203:,1747647684558
counter/4/0/0/0,34351:1747647678203:,1747647684558
counter/4/0/0/0,34352:1747647678203:,1747647684558
counter/4/0/0/0,34353:1747647678203:,1747647684558
counter/10/0/0/0,29453:1747647673003:,1747647684558
counter/4/0/0/0,34354:1747647678203:,1747647684558
counter/4/0/0/0,34355:1747647678203:,1747647684558
counter/4/0/0/0,34356:1747647678203:,1747647684558
counter/10/0/0/0,29454:1747647673003:,1747647684558
counter/10/0/0/0,29455:1747647673003:,1747647684558
counter/4/0/0/0,34357:1747647678203:,1747647684558
counter/4/0/0/0,34358:1747647678203:,1747647684558
counter/4/0/0/0,34359:1747647678203:,1747647684558
counter/10/0/0/0,29456:1747647673003:,1747647684558
counter/10/0/0/0,29457:1747647673039:,1747647684558
counter/4/0/0/0,34360:1747647678203:,1747647684558
counter/4/0/0/0,34361:1747647678215:,1747647684558
counter/4/0/0/0,34362:1747647678215:,1747647684558
counter/4/0/0/0,34363:1747647678216:,1747647684558
counter/10/0/0/0,29458:1747647673039:,1747647684558
counter/4/0/0/0,34364:1747647678216:,1747647684558
counter/4/0/0/0,34365:1747647678217:,1747647684558
counter/10/0/0/0,29459:1747647673039:,1747647684558
counter/10/0/0/0,29460:1747647673039:,1747647684558
counter/4/0/0/0,34366:1747647678217:,1747647684558
counter/4/0/0/0,34367:1747647678217:,1747647684558
counter/10/0/0/0,29461:1747647673039:,1747647684558
counter/10/0/0/0,29462:1747647673039:,1747647684558
counter/10/0/0/0,29463:1747647673040:,1747647684558
counter/10/0/0/0,29464:1747647673040:,1747647684559
counter/10/0/0/0,29465:1747647673040:,1747647684559
counter/10/0/0/0,29466:1747647673040:,1747647684559
counter/10/0/0/0,29467:1747647673040:,1747647684559
counter/10/0/0/0,29468:1747647673040:,1747647684559
counter/4/0/0/0,34368:1747647678217:,1747647684559
counter/10/0/0/0,29469:1747647673040:,1747647684559
counter/10/0/0/0,29470:1747647673040:,1747647684559
counter/4/0/0/0,34369:1747647678220:,1747647684559
counter/4/0/0/0,34370:1747647678220:,1747647684559
counter/4/0/0/0,34371:1747647678220:,1747647684559
counter/4/0/0/0,34372:1747647678220:,1747647684559
counter/4/0/0/0,34373:1747647678220:,1747647684559
counter/4/0/0/0,34374:1747647678223:,1747647684559
counter/4/0/0/0,34375:1747647678223:,1747647684559
counter/4/0/0/0,34376:1747647678223:,1747647684559
counter/4/0/0/0,34377:1747647678223:,1747647684559
counter/4/0/0/0,34378:1747647678223:,1747647684559
counter/10/0/0/0,29471:1747647673041:,1747647684559
counter/4/0/0/0,34379:1747647678224:,1747647684559
counter/4/0/0/0,34380:1747647678224:,1747647684559
counter/10/0/0/0,29472:1747647673041:,1747647684559
counter/4/0/0/0,34381:1747647678236:,1747647684559
counter/4/0/0/0,34382:1747647678236:,1747647684559
counter/4/0/0/0,34383:1747647678237:,1747647684559
counter/4/0/0/0,34384:1747647678237:,1747647684559
counter/4/0/0/0,34385:1747647678237:,1747647684559
counter/4/0/0/0,34386:1747647678237:,1747647684559
counter/4/0/0/0,34387:1747647678237:,1747647684559
counter/4/0/0/0,34388:1747647678237:,1747647684559
counter/4/0/0/0,34389:1747647678237:,1747647684559
counter/4/0/0/0,34390:1747647678237:,1747647684559
counter/4/0/0/0,34391:1747647678237:,1747647684559
counter/4/0/0/0,34392:1747647678241:,1747647684559
counter/4/0/0/0,34393:1747647678241:,1747647684559
counter/4/0/0/0,34394:1747647678241:,1747647684559
counter/4/0/0/0,34395:1747647678243:,1747647684559
counter/4/0/0/0,34396:1747647678243:,1747647684559
counter/4/0/0/0,34397:1747647678243:,1747647684560
counter/4/0/0/0,34398:1747647678243:,1747647684560
counter/4/0/0/0,34399:1747647678243:,1747647684560
counter/4/0/0/0,34400:1747647678243:,1747647684560
counter/4/0/0/0,34401:1747647678245:,1747647684560
counter/4/0/0/0,34402:1747647678245:,1747647684560
counter/4/0/0/0,34403:1747647678245:,1747647684560
counter/4/0/0/0,34404:1747647678245:,1747647684560
counter/4/0/0/0,34405:1747647678245:,1747647684560
counter/4/0/0/0,34406:1747647678245:,1747647684560
counter/4/0/0/0,34407:1747647678252:,1747647684560
counter/4/0/0/0,34408:1747647678252:,1747647684560
counter/4/0/0/0,34409:1747647678252:,1747647684560
counter/4/0/0/0,34410:1747647678253:,1747647684560
counter/4/0/0/0,34411:1747647678253:,1747647684560
counter/4/0/0/0,34412:1747647678253:,1747647684560
counter/4/0/0/0,34413:1747647678253:,1747647684560
counter/4/0/0/0,34414:1747647678253:,1747647684560
counter/4/0/0/0,34415:1747647678253:,1747647684560
counter/10/0/0/0,29473:1747647673055:,1747647684560
counter/10/0/0/0,29474:1747647673055:,1747647684560
counter/10/0/0/0,29475:1747647673055:,1747647684560
counter/10/0/0/0,29476:1747647673055:,1747647684560
counter/10/0/0/0,29477:1747647673055:,1747647684560
counter/10/0/0/0,29478:1747647673055:,1747647684560
counter/10/0/0/0,29479:1747647673055:,1747647684560
counter/4/0/0/0,34416:1747647678253:,1747647684560
counter/4/0/0/0,34417:1747647678253:,1747647684560
counter/10/0/0/0,29480:1747647673055:,1747647684560
counter/4/0/0/0,34418:1747647678253:,1747647684560
counter/10/0/0/0,29481:1747647673055:,1747647684560
counter/10/0/0/0,29482:1747647673055:,1747647684560
counter/10/0/0/0,29483:1747647673056:,1747647684560
counter/10/0/0/0,29484:1747647673056:,1747647684560
counter/10/0/0/0,29485:1747647673056:,1747647684560
counter/10/0/0/0,29486:1747647673056:,1747647684560
counter/10/0/0/0,29487:1747647673056:,1747647684560
counter/10/0/0/0,29488:1747647673056:,1747647684560
counter/10/0/0/0,29489:1747647673056:,1747647684560
counter/4/0/0/0,34419:1747647678253:,1747647684561
counter/10/0/0/0,29490:1747647673062:,1747647684561
counter/4/0/0/0,34420:1747647678253:,1747647684561
counter/4/0/0/0,34421:1747647678253:,1747647684561
counter/4/0/0/0,34422:1747647678253:,1747647684561
counter/4/0/0/0,34423:1747647678253:,1747647684561
counter/4/0/0/0,34424:1747647678253:,1747647684561
counter/10/0/0/0,29491:1747647673063:,1747647684561
counter/10/0/0/0,29492:1747647673069:,1747647684561
counter/10/0/0/0,29493:1747647673069:,1747647684561
counter/10/0/0/0,29494:1747647673069:,1747647684561
counter/4/0/0/0,34425:1747647678253:,1747647684561
counter/10/0/0/0,29495:1747647673069:,1747647684561
counter/4/0/0/0,34426:1747647678253:,1747647684561
counter/10/0/0/0,29496:1747647673069:,1747647684561
counter/10/0/0/0,29497:1747647673069:,1747647684561
counter/4/0/0/0,34427:1747647678254:,1747647684561
counter/10/0/0/0,29498:1747647673069:,1747647684561
counter/10/0/0/0,29499:1747647673071:,1747647684561
counter/4/0/0/0,34428:1747647678254:,1747647684561
counter/10/0/0/0,29500:1747647673071:,1747647684561
counter/4/0/0/0,34429:1747647678254:,1747647684561
counter/10/0/0/0,29501:1747647673071:,1747647684561
counter/4/0/0/0,34430:1747647678254:,1747647684561
counter/10/0/0/0,29502:1747647673071:,1747647684561
counter/10/0/0/0,29503:1747647673071:,1747647684561
counter/10/0/0/0,29504:1747647673071:,1747647684561
counter/10/0/0/0,29505:1747647673071:,1747647684561
counter/10/0/0/0,29506:1747647673071:,1747647684561
counter/10/0/0/0,29507:1747647673071:,1747647684561
counter/10/0/0/0,29508:1747647673071:,1747647684561
counter/4/0/0/0,34431:1747647678254:,1747647684561
counter/10/0/0/0,29509:1747647673071:,1747647684561
counter/10/0/0/0,29510:1747647673071:,1747647684561
counter/10/0/0/0,29511:1747647673071:,1747647684561
counter/10/0/0/0,29512:1747647673076:,1747647684561
counter/10/0/0/0,29513:1747647673076:,1747647684562
counter/10/0/0/0,29514:1747647673076:,1747647684562
counter/10/0/0/0,29515:1747647673080:,1747647684562
counter/4/0/0/0,34432:1747647678254:,1747647684562
counter/4/0/0/0,34433:1747647678254:,1747647684562
counter/4/0/0/0,34434:1747647678254:,1747647684562
counter/4/0/0/0,34435:1747647678254:,1747647684562
counter/4/0/0/0,34436:1747647678254:,1747647684562
counter/10/0/0/0,29516:1747647673080:,1747647684562
counter/10/0/0/0,29517:1747647673080:,1747647684562
counter/10/0/0/0,29518:1747647673080:,1747647684562
counter/10/0/0/0,29519:1747647673080:,1747647684562
counter/10/0/0/0,29520:1747647673080:,1747647684562
counter/4/0/0/0,34437:1747647678254:,1747647684562
counter/10/0/0/0,29521:1747647673080:,1747647684562
counter/4/0/0/0,34438:1747647678254:,1747647684562
counter/10/0/0/0,29522:1747647673080:,1747647684562
counter/4/0/0/0,34439:1747647678254:,1747647684562
counter/10/0/0/0,29523:1747647673080:,1747647684562
counter/4/0/0/0,34440:1747647678254:,1747647684562
counter/10/0/0/0,29524:1747647673080:,1747647684562
counter/4/0/0/0,34441:1747647678254:,1747647684562
counter/4/0/0/0,34442:1747647678254:,1747647684562
counter/10/0/0/0,29525:1747647673080:,1747647684562
counter/4/0/0/0,34443:1747647678254:,1747647684562
counter/4/0/0/0,34444:1747647678278:,1747647684562
counter/4/0/0/0,34445:1747647678278:,1747647684562
counter/4/0/0/0,34446:1747647678278:,1747647684562
counter/4/0/0/0,34447:1747647678278:,1747647684562
counter/4/0/0/0,34448:1747647678278:,1747647684562
counter/10/0/0/0,29526:1747647673080:,1747647684562
counter/10/0/0/0,29527:1747647673080:,1747647684562
counter/4/0/0/0,34449:1747647678278:,1747647684562
counter/4/0/0/0,34450:1747647678278:,1747647684562
counter/10/0/0/0,29528:1747647673080:,1747647684562
counter/4/0/0/0,34451:1747647678278:,1747647684562
counter/10/0/0/0,29529:1747647673080:,1747647684562
counter/4/0/0/0,34452:1747647678278:,1747647684562
counter/4/0/0/0,34453:1747647678278:,1747647684563
counter/10/0/0/0,29530:1747647673082:,1747647684563
counter/10/0/0/0,29531:1747647673082:,1747647684563
counter/4/0/0/0,34454:1747647678278:,1747647684563
counter/4/0/0/0,34455:1747647678278:,1747647684563
counter/4/0/0/0,34456:1747647678278:,1747647684563
counter/10/0/0/0,29532:1747647673083:,1747647684563
counter/10/0/0/0,29533:1747647673083:,1747647684563
counter/4/0/0/0,34457:1747647678291:,1747647684563
counter/10/0/0/0,29534:1747647673083:,1747647684563
counter/10/0/0/0,29535:1747647673083:,1747647684563
counter/10/0/0/0,29536:1747647673084:,1747647684563
counter/4/0/0/0,34458:1747647678291:,1747647684563
counter/10/0/0/0,29537:1747647673084:,1747647684563
counter/10/0/0/0,29538:1747647673084:,1747647684563
counter/10/0/0/0,29539:1747647673084:,1747647684563
counter/4/0/0/0,34459:1747647678291:,1747647684563
counter/3/0/0/0,30780:1747647675306:,1747647684563
counter/3/0/0/0,30781:1747647675306:,1747647684563
counter/10/0/0/0,29540:1747647673084:,1747647684563
counter/3/0/0/0,30782:1747647675306:,1747647684563
counter/10/0/0/0,29541:1747647673084:,1747647684563
counter/3/0/0/0,30783:1747647675306:,1747647684563
counter/10/0/0/0,29542:1747647673084:,1747647684563
counter/3/0/0/0,30784:1747647675306:,1747647684563
counter/10/0/0/0,29543:1747647673084:,1747647684563
counter/4/0/0/0,34460:1747647678291:,1747647684563
counter/3/0/0/0,30785:1747647675306:,1747647684563
counter/10/0/0/0,29544:1747647673084:,1747647684563
counter/4/0/0/0,34461:1747647678291:,1747647684563
counter/3/0/0/0,30786:1747647675311:,1747647684563
counter/10/0/0/0,29545:1747647673084:,1747647684563
counter/4/0/0/0,34462:1747647678291:,1747647684563
counter/3/0/0/0,30787:1747647675317:,1747647684564
counter/4/0/0/0,34463:1747647678291:,1747647684564
counter/3/0/0/0,30788:1747647675318:,1747647684564
counter/4/0/0/0,34464:1747647678291:,1747647684564
counter/3/0/0/0,30789:1747647675318:,1747647684564
counter/4/0/0/0,34465:1747647678291:,1747647684564
counter/3/0/0/0,30790:1747647675318:,1747647684564
counter/4/0/0/0,34466:1747647678292:,1747647684564
counter/3/0/0/0,30791:1747647675318:,1747647684564
counter/4/0/0/0,34467:1747647678292:,1747647684564
counter/10/0/0/0,29546:1747647673084:,1747647684564
counter/3/0/0/0,30792:1747647675318:,1747647684564
counter/4/0/0/0,34468:1747647678292:,1747647684564
counter/3/0/0/0,30793:1747647675318:,1747647684564
counter/4/0/0/0,34469:1747647678292:,1747647684564
counter/10/0/0/0,29547:1747647673084:,1747647684564
counter/3/0/0/0,30794:1747647675318:,1747647684564
counter/4/0/0/0,34470:1747647678292:,1747647684564
counter/3/0/0/0,30795:1747647675318:,1747647684564
counter/10/0/0/0,29548:1747647673084:,1747647684564
counter/3/0/0/0,30796:1747647675318:,1747647684564
counter/4/0/0/0,34471:1747647678292:,1747647684564
counter/3/0/0/0,30797:1747647675318:,1747647684564
counter/3/0/0/0,30798:1747647675318:,1747647684564
counter/3/0/0/0,30799:1747647675318:,1747647684564
counter/10/0/0/0,29549:1747647673084:,1747647684564
counter/3/0/0/0,30800:1747647675318:,1747647684564
counter/4/0/0/0,34472:1747647678292:,1747647684564
counter/3/0/0/0,30801:1747647675324:,1747647684564
counter/10/0/0/0,29550:1747647673084:,1747647684564
counter/3/0/0/0,30802:1747647675324:,1747647684564
counter/4/0/0/0,34473:1747647678292:,1747647684564
counter/3/0/0/0,30803:1747647675324:,1747647684564
counter/3/0/0/0,30804:1747647675324:,1747647684564
counter/3/0/0/0,30805:1747647675324:,1747647684564
counter/10/0/0/0,29551:1747647673084:,1747647684564
counter/3/0/0/0,30806:1747647675325:,1747647684564
counter/10/0/0/0,29552:1747647673084:,1747647684564
counter/3/0/0/0,30807:1747647675325:,1747647684564
counter/4/0/0/0,34474:1747647678302:,1747647684564
counter/3/0/0/0,30808:1747647675325:,1747647684564
counter/3/0/0/0,30809:1747647675325:,1747647684564
counter/3/0/0/0,30810:1747647675325:,1747647684565
counter/3/0/0/0,30811:1747647675325:,1747647684565
counter/3/0/0/0,30812:1747647675326:,1747647684565
counter/3/0/0/0,30813:1747647675326:,1747647684565
counter/10/0/0/0,29553:1747647673084:,1747647684565
counter/3/0/0/0,30814:1747647675327:,1747647684565
counter/4/0/0/0,34475:1747647678302:,1747647684565
counter/3/0/0/0,30815:1747647675327:,1747647684565
counter/3/0/0/0,30816:1747647675333:,1747647684565
counter/3/0/0/0,30817:1747647675333:,1747647684565
counter/3/0/0/0,30818:1747647675339:,1747647684565
counter/3/0/0/0,30819:1747647675339:,1747647684565
counter/3/0/0/0,30820:1747647675339:,1747647684565
counter/10/0/0/0,29554:1747647673084:,1747647684565
counter/3/0/0/0,30821:1747647675339:,1747647684565
counter/3/0/0/0,30822:1747647675339:,1747647684565
counter/3/0/0/0,30823:1747647675339:,1747647684565
counter/4/0/0/0,34476:1747647678302:,1747647684565
counter/3/0/0/0,30824:1747647675339:,1747647684565
counter/4/0/0/0,34477:1747647678302:,1747647684565
counter/3/0/0/0,30825:1747647675339:,1747647684565
counter/4/0/0/0,34478:1747647678302:,1747647684565
counter/10/0/0/0,29555:1747647673084:,1747647684565
counter/3/0/0/0,30826:1747647675339:,1747647684565
counter/10/0/0/0,29556:1747647673084:,1747647684565
counter/3/0/0/0,30827:1747647675342:,1747647684565
counter/3/0/0/0,30828:1747647675342:,1747647684565
counter/3/0/0/0,30829:1747647675342:,1747647684565
counter/3/0/0/0,30830:1747647675342:,1747647684565
counter/3/0/0/0,30831:1747647675342:,1747647684565
counter/10/0/0/0,29557:1747647673084:,1747647684565
counter/3/0/0/0,30832:1747647675342:,1747647684565
counter/3/0/0/0,30833:1747647675342:,1747647684565
counter/3/0/0/0,30834:1747647675343:,1747647684565
counter/3/0/0/0,30835:1747647675343:,1747647684565
counter/3/0/0/0,30836:1747647675343:,1747647684566
counter/10/0/0/0,29558:1747647673087:,1747647684566
counter/3/0/0/0,30837:1747647675343:,1747647684566
counter/3/0/0/0,30838:1747647675343:,1747647684566
counter/3/0/0/0,30839:1747647675343:,1747647684566
counter/10/0/0/0,29559:1747647673087:,1747647684566
counter/3/0/0/0,30840:1747647675343:,1747647684566
counter/10/0/0/0,29560:1747647673087:,1747647684566
counter/3/0/0/0,30841:1747647675343:,1747647684566
counter/10/0/0/0,29561:1747647673087:,1747647684566
counter/3/0/0/0,30842:1747647675343:,1747647684566
counter/10/0/0/0,29562:1747647673093:,1747647684566
counter/3/0/0/0,30843:1747647675345:,1747647684566
counter/10/0/0/0,29563:1747647673093:,1747647684566
counter/3/0/0/0,30844:1747647675345:,1747647684566
counter/10/0/0/0,29564:1747647673093:,1747647684566
counter/3/0/0/0,30845:1747647675345:,1747647684566
counter/10/0/0/0,29565:1747647673093:,1747647684566
counter/4/0/0/0,34479:1747647678302:,1747647684566
counter/3/0/0/0,30846:1747647675345:,1747647684566
counter/10/0/0/0,29566:1747647673093:,1747647684566
counter/3/0/0/0,30847:1747647675345:,1747647684566
counter/10/0/0/0,29567:1747647673094:,1747647684566
counter/3/0/0/0,30848:1747647675345:,1747647684566
counter/10/0/0/0,29568:1747647673094:,1747647684566
counter/3/0/0/0,30849:1747647675345:,1747647684566
counter/10/0/0/0,29569:1747647673094:,1747647684566
counter/4/0/0/0,34480:1747647678302:,1747647684566
counter/3/0/0/0,30850:1747647675345:,1747647684566
counter/10/0/0/0,29570:1747647673094:,1747647684566
counter/3/0/0/0,30851:1747647675345:,1747647684566
counter/10/0/0/0,29571:1747647673094:,1747647684566
counter/3/0/0/0,30852:1747647675346:,1747647684566
counter/10/0/0/0,29572:1747647673094:,1747647684567
counter/4/0/0/0,34481:1747647678302:,1747647684567
counter/3/0/0/0,30853:1747647675346:,1747647684567
counter/10/0/0/0,29573:1747647673094:,1747647684567
counter/4/0/0/0,34482:1747647678302:,1747647684567
counter/3/0/0/0,30854:1747647675346:,1747647684567
counter/10/0/0/0,29574:1747647673094:,1747647684567
counter/4/0/0/0,34483:1747647678302:,1747647684567
counter/3/0/0/0,30855:1747647675346:,1747647684567
counter/10/0/0/0,29575:1747647673094:,1747647684567
counter/3/0/0/0,30856:1747647675346:,1747647684567
counter/10/0/0/0,29576:1747647673094:,1747647684567
counter/3/0/0/0,30857:1747647675346:,1747647684567
counter/10/0/0/0,29577:1747647673094:,1747647684567
counter/4/0/0/0,34484:1747647678302:,1747647684567
counter/3/0/0/0,30858:1747647675346:,1747647684567
counter/10/0/0/0,29578:1747647673094:,1747647684567
counter/3/0/0/0,30859:1747647675359:,1747647684567
counter/10/0/0/0,29579:1747647673094:,1747647684567
counter/3/0/0/0,30860:1747647675359:,1747647684567
counter/10/0/0/0,29580:1747647673094:,1747647684567
counter/3/0/0/0,30861:1747647675359:,1747647684567
counter/10/0/0/0,29581:1747647673094:,1747647684567
counter/3/0/0/0,30862:1747647675359:,1747647684567
counter/10/0/0/0,29582:1747647673094:,1747647684567
counter/3/0/0/0,30863:1747647675359:,1747647684567
counter/10/0/0/0,29583:1747647673094:,1747647684567
counter/3/0/0/0,30864:1747647675359:,1747647684567
counter/10/0/0/0,29584:1747647673094:,1747647684567
counter/3/0/0/0,30865:1747647675359:,1747647684567
counter/10/0/0/0,29585:1747647673094:,1747647684567
counter/3/0/0/0,30866:1747647675359:,1747647684567
counter/10/0/0/0,29586:1747647673094:,1747647684567
counter/3/0/0/0,30867:1747647675359:,1747647684567
counter/10/0/0/0,29587:1747647673094:,1747647684567
counter/3/0/0/0,30868:1747647675359:,1747647684567
counter/10/0/0/0,29588:1747647673094:,1747647684568
counter/3/0/0/0,30869:1747647675359:,1747647684568
counter/10/0/0/0,29589:1747647673094:,1747647684568
counter/3/0/0/0,30870:1747647675359:,1747647684568
counter/10/0/0/0,29590:1747647673094:,1747647684568
counter/3/0/0/0,30871:1747647675359:,1747647684568
counter/10/0/0/0,29591:1747647673094:,1747647684568
counter/3/0/0/0,30872:1747647675359:,1747647684568
counter/10/0/0/0,29592:1747647673094:,1747647684568
counter/3/0/0/0,30873:1747647675359:,1747647684568
counter/10/0/0/0,29593:1747647673094:,1747647684568
counter/3/0/0/0,30874:1747647675363:,1747647684568
counter/10/0/0/0,29594:1747647673094:,1747647684568
counter/3/0/0/0,30875:1747647675363:,1747647684568
counter/10/0/0/0,29595:1747647673094:,1747647684568
counter/4/0/0/0,34485:1747647678302:,1747647684568
counter/3/0/0/0,30876:1747647675363:,1747647684568
counter/10/0/0/0,29596:1747647673094:,1747647684568
counter/3/0/0/0,30877:1747647675363:,1747647684568
counter/10/0/0/0,29597:1747647673094:,1747647684568
counter/3/0/0/0,30878:1747647675363:,1747647684568
counter/10/0/0/0,29598:1747647673095:,1747647684568
counter/3/0/0/0,30879:1747647675363:,1747647684568
counter/10/0/0/0,29599:1747647673095:,1747647684568
counter/3/0/0/0,30880:1747647675363:,1747647684568
counter/10/0/0/0,29600:1747647673095:,1747647684568
counter/3/0/0/0,30881:1747647675363:,1747647684568
counter/10/0/0/0,29601:1747647673095:,1747647684568
counter/3/0/0/0,30882:1747647675363:,1747647684568
counter/10/0/0/0,29602:1747647673095:,1747647684568
counter/3/0/0/0,30883:1747647675363:,1747647684568
counter/10/0/0/0,29603:1747647673095:,1747647684568
counter/3/0/0/0,30884:1747647675363:,1747647684568
counter/10/0/0/0,29604:1747647673097:,1747647684568
counter/4/0/0/0,34486:1747647678302:,1747647684568
counter/3/0/0/0,30885:1747647675363:,1747647684568
counter/10/0/0/0,29605:1747647673097:,1747647684568
counter/4/0/0/0,34487:1747647678302:,1747647684569
counter/3/0/0/0,30886:1747647675363:,1747647684569
counter/10/0/0/0,29606:1747647673098:,1747647684569
counter/3/0/0/0,30887:1747647675371:,1747647684569
counter/10/0/0/0,29607:1747647673098:,1747647684569
counter/3/0/0/0,30888:1747647675372:,1747647684569
counter/10/0/0/0,29608:1747647673098:,1747647684569
counter/3/0/0/0,30889:1747647675372:,1747647684569
counter/10/0/0/0,29609:1747647673098:,1747647684569
counter/3/0/0/0,30890:1747647675372:,1747647684569
counter/10/0/0/0,29610:1747647673098:,1747647684569
counter/3/0/0/0,30891:1747647675372:,1747647684569
counter/10/0/0/0,29611:1747647673098:,1747647684569
counter/3/0/0/0,30892:1747647675372:,1747647684569
counter/10/0/0/0,29612:1747647673098:,1747647684569
counter/3/0/0/0,30893:1747647675372:,1747647684569
counter/10/0/0/0,29613:1747647673098:,1747647684569
counter/4/0/0/0,34488:1747647678303:,1747647684569
counter/3/0/0/0,30894:1747647675372:,1747647684569
counter/10/0/0/0,29614:1747647673098:,1747647684569
counter/4/0/0/0,34489:1747647678303:,1747647684569
counter/3/0/0/0,30895:1747647675372:,1747647684569
counter/4/0/0/0,34490:1747647678303:,1747647684569
counter/3/0/0/0,30896:1747647675372:,1747647684569
counter/4/0/0/0,34491:1747647678303:,1747647684569
counter/3/0/0/0,30897:1747647675372:,1747647684569
counter/4/0/0/0,34492:1747647678303:,1747647684569
counter/10/0/0/0,29615:1747647673098:,1747647684569
counter/3/0/0/0,30898:1747647675372:,1747647684569
counter/4/0/0/0,34493:1747647678303:,1747647684569
counter/3/0/0/0,30899:1747647675379:,1747647684569
counter/4/0/0/0,34494:1747647678303:,1747647684570
counter/10/0/0/0,29616:1747647673098:,1747647684570
counter/3/0/0/0,30900:1747647675379:,1747647684570
counter/4/0/0/0,34495:1747647678317:,1747647684570
counter/3/0/0/0,30901:1747647675380:,1747647684570
counter/4/0/0/0,34496:1747647678317:,1747647684570
counter/3/0/0/0,30902:1747647675380:,1747647684570
counter/4/0/0/0,34497:1747647678317:,1747647684570
counter/3/0/0/0,30903:1747647675380:,1747647684570
counter/4/0/0/0,34498:1747647678317:,1747647684570
counter/3/0/0/0,30904:1747647675380:,1747647684570
counter/4/0/0/0,34499:1747647678317:,1747647684570
counter/3/0/0/0,30905:1747647675380:,1747647684570
counter/4/0/0/0,34500:1747647678317:,1747647684570
counter/3/0/0/0,30906:1747647675380:,1747647684570
counter/4/0/0/0,34501:1747647678317:,1747647684570
counter/3/0/0/0,30907:1747647675381:,1747647684570
counter/4/0/0/0,34502:1747647678321:,1747647684570
counter/3/0/0/0,30908:1747647675381:,1747647684570
counter/4/0/0/0,34503:1747647678321:,1747647684570
counter/3/0/0/0,30909:1747647675381:,1747647684570
counter/4/0/0/0,34504:1747647678321:,1747647684570
counter/3/0/0/0,30910:1747647675381:,1747647684570
counter/4/0/0/0,34505:1747647678321:,1747647684570
counter/3/0/0/0,30911:1747647675381:,1747647684570
counter/4/0/0/0,34506:1747647678321:,1747647684570
counter/3/0/0/0,30912:1747647675381:,1747647684570
counter/4/0/0/0,34507:1747647678321:,1747647684570
counter/3/0/0/0,30913:1747647675382:,1747647684570
counter/4/0/0/0,34508:1747647678321:,1747647684570
counter/3/0/0/0,30914:1747647675383:,1747647684570
counter/4/0/0/0,34509:1747647678321:,1747647684570
counter/3/0/0/0,30915:1747647675383:,1747647684570
counter/4/0/0/0,34510:1747647678321:,1747647684570
counter/3/0/0/0,30916:1747647675383:,1747647684570
counter/4/0/0/0,34511:1747647678321:,1747647684570
counter/3/0/0/0,30917:1747647675383:,1747647684570
counter/4/0/0/0,34512:1747647678322:,1747647684570
counter/3/0/0/0,30918:1747647675383:,1747647684570
counter/4/0/0/0,34513:1747647678329:,1747647684571
counter/3/0/0/0,30919:1747647675383:,1747647684571
counter/4/0/0/0,34514:1747647678329:,1747647684571
counter/3/0/0/0,30920:1747647675386:,1747647684571
counter/4/0/0/0,34515:1747647678330:,1747647684571
counter/3/0/0/0,30921:1747647675386:,1747647684571
counter/4/0/0/0,34516:1747647678330:,1747647684571
counter/3/0/0/0,30922:1747647675386:,1747647684571
counter/4/0/0/0,34517:1747647678330:,1747647684571
counter/3/0/0/0,30923:1747647675386:,1747647684571
counter/4/0/0/0,34518:1747647678330:,1747647684571
counter/3/0/0/0,30924:1747647675386:,1747647684571
counter/4/0/0/0,34519:1747647678330:,1747647684571
counter/3/0/0/0,30925:1747647675386:,1747647684571
counter/4/0/0/0,34520:1747647678330:,1747647684571
counter/3/0/0/0,30926:1747647675386:,1747647684571
counter/4/0/0/0,34521:1747647678330:,1747647684571
counter/10/0/0/0,29617:1747647673098:,1747647684571
counter/3/0/0/0,30927:1747647675386:,1747647684571
counter/4/0/0/0,34522:1747647678330:,1747647684571
counter/3/0/0/0,30928:1747647675386:,1747647684571
counter/4/0/0/0,34523:1747647678330:,1747647684571
counter/3/0/0/0,30929:1747647675386:,1747647684571
counter/4/0/0/0,34524:1747647678330:,1747647684571
counter/10/0/0/0,29618:1747647673098:,1747647684571
counter/3/0/0/0,30930:1747647675386:,1747647684571
counter/4/0/0/0,34525:1747647678330:,1747647684571
counter/3/0/0/0,30931:1747647675386:,1747647684571
counter/4/0/0/0,34526:1747647678330:,1747647684571
counter/3/0/0/0,30932:1747647675386:,1747647684571
counter/4/0/0/0,34527:1747647678330:,1747647684571
counter/3/0/0/0,30933:1747647675386:,1747647684571
counter/4/0/0/0,34528:1747647678333:,1747647684571
counter/3/0/0/0,30934:1747647675386:,1747647684571
counter/4/0/0/0,34529:1747647678333:,1747647684571
counter/3/0/0/0,30935:1747647675386:,1747647684571
counter/4/0/0/0,34530:1747647678333:,1747647684571
counter/3/0/0/0,30936:1747647675386:,1747647684571
counter/4/0/0/0,34531:1747647678333:,1747647684571
counter/3/0/0/0,30937:1747647675386:,1747647684572
counter/4/0/0/0,34532:1747647678339:,1747647684572
counter/10/0/0/0,29619:1747647673098:,1747647684572
counter/3/0/0/0,30938:1747647675410:,1747647684572
counter/4/0/0/0,34533:1747647678339:,1747647684572
counter/3/0/0/0,30939:1747647675410:,1747647684572
counter/4/0/0/0,34534:1747647678339:,1747647684572
counter/10/0/0/0,29620:1747647673098:,1747647684572
counter/3/0/0/0,30940:1747647675410:,1747647684572
counter/4/0/0/0,34535:1747647678339:,1747647684572
counter/3/0/0/0,30941:1747647675410:,1747647684572
counter/4/0/0/0,34536:1747647678339:,1747647684572
counter/10/0/0/0,29621:1747647673098:,1747647684572
counter/3/0/0/0,30942:1747647675410:,1747647684572
counter/4/0/0/0,34537:1747647678339:,1747647684572
counter/3/0/0/0,30943:1747647675410:,1747647684572
counter/10/0/0/0,29622:1747647673098:,1747647684572
counter/3/0/0/0,30944:1747647675410:,1747647684572
counter/10/0/0/0,29623:1747647673098:,1747647684572
counter/3/0/0/0,30945:1747647675410:,1747647684572
counter/10/0/0/0,29624:1747647673098:,1747647684572
counter/3/0/0/0,30946:1747647675410:,1747647684572
counter/10/0/0/0,29625:1747647673098:,1747647684572
counter/3/0/0/0,30947:1747647675410:,1747647684572
counter/10/0/0/0,29626:1747647673098:,1747647684572
counter/4/0/0/0,34538:1747647678339:,1747647684572
counter/3/0/0/0,30948:1747647675410:,1747647684572
counter/10/0/0/0,29627:1747647673098:,1747647684572
counter/4/0/0/0,34539:1747647678339:,1747647684572
counter/3/0/0/0,30949:1747647675410:,1747647684572
counter/4/0/0/0,34540:1747647678341:,1747647684572
counter/3/0/0/0,30950:1747647675410:,1747647684572
counter/4/0/0/0,34541:1747647678341:,1747647684572
counter/3/0/0/0,30951:1747647675410:,1747647684572
counter/4/0/0/0,34542:1747647678341:,1747647684572
counter/3/0/0/0,30952:1747647675410:,1747647684572
counter/4/0/0/0,34543:1747647678341:,1747647684572
counter/3/0/0/0,30953:1747647675410:,1747647684572
counter/4/0/0/0,34544:1747647678341:,1747647684573
counter/3/0/0/0,30954:1747647675410:,1747647684573
counter/4/0/0/0,34545:1747647678342:,1747647684573
counter/3/0/0/0,30955:1747647675425:,1747647684573
counter/4/0/0/0,34546:1747647678342:,1747647684573
counter/3/0/0/0,30956:1747647675425:,1747647684573
counter/4/0/0/0,34547:1747647678342:,1747647684573
counter/10/0/0/0,29628:1747647673098:,1747647684573
counter/3/0/0/0,30957:1747647675425:,1747647684573
counter/4/0/0/0,34548:1747647678347:,1747647684573
counter/3/0/0/0,30958:1747647675426:,1747647684573
counter/4/0/0/0,34549:1747647678347:,1747647684573
counter/3/0/0/0,30959:1747647675426:,1747647684573
counter/4/0/0/0,34550:1747647678347:,1747647684573
counter/3/0/0/0,30960:1747647675427:,1747647684573
counter/4/0/0/0,34551:1747647678347:,1747647684573
counter/10/0/0/0,29629:1747647673098:,1747647684573
counter/3/0/0/0,30961:1747647675427:,1747647684573
counter/4/0/0/0,34552:1747647678347:,1747647684573
counter/3/0/0/0,30962:1747647675427:,1747647684573
counter/4/0/0/0,34553:1747647678347:,1747647684573
counter/3/0/0/0,30963:1747647675427:,1747647684573
counter/4/0/0/0,34554:1747647678347:,1747647684573
counter/3/0/0/0,30964:1747647675427:,1747647684573
counter/3/0/0/0,30965:1747647675428:,1747647684573
counter/3/0/0/0,30966:1747647675428:,1747647684573
counter/4/0/0/0,34555:1747647678347:,1747647684573
counter/3/0/0/0,30967:1747647675428:,1747647684573
counter/3/0/0/0,30968:1747647675428:,1747647684573
counter/3/0/0/0,30969:1747647675428:,1747647684573
counter/3/0/0/0,30970:1747647675428:,1747647684573
counter/3/0/0/0,30971:1747647675428:,1747647684573
counter/3/0/0/0,30972:1747647675428:,1747647684573
counter/10/0/0/0,29630:1747647673099:,1747647684573
counter/3/0/0/0,30973:1747647675428:,1747647684573
counter/10/0/0/0,29631:1747647673100:,1747647684573
counter/3/0/0/0,30974:1747647675428:,1747647684573
counter/3/0/0/0,30975:1747647675428:,1747647684573
counter/3/0/0/0,30976:1747647675428:,1747647684574
counter/3/0/0/0,30977:1747647675428:,1747647684574
counter/10/0/0/0,29632:1747647673101:,1747647684574
counter/3/0/0/0,30978:1747647675428:,1747647684574
counter/3/0/0/0,30979:1747647675428:,1747647684574
counter/3/0/0/0,30980:1747647675428:,1747647684574
counter/3/0/0/0,30981:1747647675428:,1747647684574
counter/3/0/0/0,30982:1747647675428:,1747647684574
counter/10/0/0/0,29633:1747647673106:,1747647684574
counter/3/0/0/0,30983:1747647675428:,1747647684574
counter/3/0/0/0,30984:1747647675434:,1747647684574
counter/3/0/0/0,30985:1747647675434:,1747647684574
counter/3/0/0/0,30986:1747647675434:,1747647684574
counter/3/0/0/0,30987:1747647675434:,1747647684574
counter/10/0/0/0,29634:1747647673106:,1747647684574
counter/3/0/0/0,30988:1747647675434:,1747647684574
counter/3/0/0/0,30989:1747647675434:,1747647684574
counter/3/0/0/0,30990:1747647675434:,1747647684574
counter/10/0/0/0,29635:1747647673106:,1747647684574
counter/3/0/0/0,30991:1747647675436:,1747647684574
counter/10/0/0/0,29636:1747647673106:,1747647684574
counter/3/0/0/0,30992:1747647675436:,1747647684574
counter/10/0/0/0,29637:1747647673106:,1747647684574
counter/3/0/0/0,30993:1747647675436:,1747647684574
counter/10/0/0/0,29638:1747647673106:,1747647684574
counter/3/0/0/0,30994:1747647675436:,1747647684574
counter/4/0/0/0,34556:1747647678347:,1747647684574
counter/3/0/0/0,30995:1747647675436:,1747647684574
counter/3/0/0/0,30996:1747647675436:,1747647684574
counter/3/0/0/0,30997:1747647675436:,1747647684574
counter/3/0/0/0,30998:1747647675436:,1747647684574
counter/3/0/0/0,30999:1747647675439:,1747647684574
counter/10/0/0/0,29639:1747647673106:,1747647684574
counter/3/0/0/0,31000:1747647676133:,1747647684575
counter/3/0/0/0,31001:1747647676135:,1747647684575
counter/3/0/0/0,31002:1747647676135:,1747647684575
counter/3/0/0/0,31003:1747647676135:,1747647684575
counter/3/0/0/0,31004:1747647676141:,1747647684575
counter/3/0/0/0,31005:1747647676141:,1747647684575
counter/3/0/0/0,31006:1747647676141:,1747647684575
counter/3/0/0/0,31007:1747647676144:,1747647684575
counter/4/0/0/0,34557:1747647678347:,1747647684575
counter/3/0/0/0,31008:1747647676144:,1747647684575
counter/3/0/0/0,31009:1747647676144:,1747647684575
counter/3/0/0/0,31010:1747647676144:,1747647684575
counter/3/0/0/0,31011:1747647676144:,1747647684575
counter/3/0/0/0,31012:1747647676155:,1747647684575
counter/3/0/0/0,31013:1747647676157:,1747647684575
counter/3/0/0/0,31014:1747647676157:,1747647684575
counter/3/0/0/0,31015:1747647676171:,1747647684575
counter/3/0/0/0,31016:1747647676171:,1747647684575
counter/10/0/0/0,29640:1747647673106:,1747647684575
counter/3/0/0/0,31017:1747647676172:,1747647684575
counter/3/0/0/0,31018:1747647676172:,1747647684575
counter/3/0/0/0,31019:1747647676172:,1747647684575
counter/3/0/0/0,31020:1747647676172:,1747647684575
counter/3/0/0/0,31021:1747647676172:,1747647684575
counter/3/0/0/0,31022:1747647676172:,1747647684575
counter/10/0/0/0,29641:1747647673106:,1747647684575
counter/3/0/0/0,31023:1747647676172:,1747647684575
counter/3/0/0/0,31024:1747647676172:,1747647684575
counter/3/0/0/0,31025:1747647676172:,1747647684575
counter/10/0/0/0,29642:1747647673106:,1747647684575
counter/3/0/0/0,31026:1747647676172:,1747647684575
counter/3/0/0/0,31027:1747647676182:,1747647684575
counter/3/0/0/0,31028:1747647676183:,1747647684575
counter/3/0/0/0,31029:1747647676183:,1747647684575
counter/3/0/0/0,31030:1747647676183:,1747647684575
counter/10/0/0/0,29643:1747647673106:,1747647684575
counter/3/0/0/0,31031:1747647676183:,1747647684575
counter/3/0/0/0,31032:1747647676183:,1747647684576
counter/3/0/0/0,31033:1747647676183:,1747647684576
counter/4/0/0/0,34558:1747647678347:,1747647684576
counter/3/0/0/0,31034:1747647676200:,1747647684576
counter/3/0/0/0,31035:1747647676227:,1747647684576
counter/3/0/0/0,31036:1747647676227:,1747647684576
counter/3/0/0/0,31037:1747647676227:,1747647684576
counter/3/0/0/0,31038:1747647676227:,1747647684576
counter/3/0/0/0,31039:1747647676227:,1747647684576
counter/3/0/0/0,31040:1747647676227:,1747647684576
counter/3/0/0/0,31041:1747647676227:,1747647684576
counter/3/0/0/0,31042:1747647676227:,1747647684576
counter/10/0/0/0,29644:1747647673107:,1747647684576
counter/3/0/0/0,31043:1747647676227:,1747647684576
counter/3/0/0/0,31044:1747647676227:,1747647684576
counter/4/0/0/0,34559:1747647678347:,1747647684576
counter/3/0/0/0,31045:1747647676228:,1747647684576
counter/3/0/0/0,31046:1747647676228:,1747647684576
counter/3/0/0/0,31047:1747647676228:,1747647684576
counter/3/0/0/0,31048:1747647676228:,1747647684576
counter/3/0/0/0,31049:1747647676228:,1747647684576
counter/3/0/0/0,31050:1747647676228:,1747647684576
counter/3/0/0/0,31051:1747647676228:,1747647684576
counter/3/0/0/0,31052:1747647676228:,1747647684576
counter/3/0/0/0,31053:1747647676228:,1747647684576
counter/3/0/0/0,31054:1747647676228:,1747647684576
counter/3/0/0/0,31055:1747647676228:,1747647684576
counter/3/0/0/0,31056:1747647676228:,1747647684576
counter/3/0/0/0,31057:1747647676228:,1747647684576
counter/3/0/0/0,31058:1747647676228:,1747647684576
counter/3/0/0/0,31059:1747647676228:,1747647684576
counter/3/0/0/0,31060:1747647676228:,1747647684576
counter/3/0/0/0,31061:1747647676229:,1747647684576
counter/10/0/0/0,29645:1747647673107:,1747647684576
counter/3/0/0/0,31062:1747647676229:,1747647684576
counter/3/0/0/0,31063:1747647676229:,1747647684576
counter/3/0/0/0,31064:1747647676229:,1747647684576
counter/3/0/0/0,31065:1747647676229:,1747647684576
counter/3/0/0/0,31066:1747647676230:,1747647684576
counter/3/0/0/0,31067:1747647676230:,1747647684577
counter/3/0/0/0,31068:1747647676230:,1747647684577
counter/3/0/0/0,31069:1747647676230:,1747647684577
counter/3/0/0/0,31070:1747647676230:,1747647684577
counter/3/0/0/0,31071:1747647676230:,1747647684577
counter/10/0/0/0,29646:1747647673107:,1747647684577
counter/3/0/0/0,31072:1747647676230:,1747647684577
counter/3/0/0/0,31073:1747647676230:,1747647684577
counter/3/0/0/0,31074:1747647676230:,1747647684577
counter/3/0/0/0,31075:1747647676230:,1747647684577
counter/3/0/0/0,31076:1747647676230:,1747647684577
counter/3/0/0/0,31077:1747647676230:,1747647684577
counter/3/0/0/0,31078:1747647676230:,1747647684577
counter/3/0/0/0,31079:1747647676230:,1747647684577
counter/3/0/0/0,31080:1747647676230:,1747647684577
counter/3/0/0/0,31081:1747647676230:,1747647684577
counter/3/0/0/0,31082:1747647676230:,1747647684577
counter/3/0/0/0,31083:1747647676230:,1747647684577
counter/10/0/0/0,29647:1747647673107:,1747647684577
counter/3/0/0/0,31084:1747647676231:,1747647684577
counter/4/0/0/0,34560:1747647678347:,1747647684577
counter/3/0/0/0,31085:1747647676231:,1747647684577
counter/4/0/0/0,34561:1747647678347:,1747647684577
counter/3/0/0/0,31086:1747647676231:,1747647684577
counter/3/0/0/0,31087:1747647676231:,1747647684577
counter/3/0/0/0,31088:1747647676231:,1747647684577
counter/3/0/0/0,31089:1747647676231:,1747647684577
counter/3/0/0/0,31090:1747647676231:,1747647684577
counter/3/0/0/0,31091:1747647676231:,1747647684577
counter/3/0/0/0,31092:1747647676231:,1747647684577
counter/10/0/0/0,29648:1747647673107:,1747647684577
counter/3/0/0/0,31093:1747647676231:,1747647684577
counter/3/0/0/0,31094:1747647676231:,1747647684577
counter/3/0/0/0,31095:1747647676231:,1747647684577
counter/4/0/0/0,34562:1747647678351:,1747647684578
counter/3/0/0/0,31096:1747647676232:,1747647684578
counter/3/0/0/0,31097:1747647676232:,1747647684578
counter/3/0/0/0,31098:1747647676232:,1747647684578
counter/3/0/0/0,31099:1747647676232:,1747647684578
counter/3/0/0/0,31100:1747647676232:,1747647684578
counter/3/0/0/0,31101:1747647676232:,1747647684578
counter/3/0/0/0,31102:1747647676232:,1747647684578
counter/3/0/0/0,31103:1747647676232:,1747647684578
counter/3/0/0/0,31104:1747647676232:,1747647684578
counter/3/0/0/0,31105:1747647676232:,1747647684578
counter/3/0/0/0,31106:1747647676254:,1747647684578
counter/10/0/0/0,29649:1747647673107:,1747647684578
counter/3/0/0/0,31107:1747647676254:,1747647684578
counter/3/0/0/0,31108:1747647676254:,1747647684578
counter/3/0/0/0,31109:1747647676254:,1747647684578
counter/3/0/0/0,31110:1747647676254:,1747647684578
counter/3/0/0/0,31111:1747647676260:,1747647684578
counter/3/0/0/0,31112:1747647676272:,1747647684578
counter/3/0/0/0,31113:1747647676272:,1747647684578
counter/3/0/0/0,31114:1747647676272:,1747647684578
counter/3/0/0/0,31115:1747647676272:,1747647684578
counter/3/0/0/0,31116:1747647676273:,1747647684578
counter/3/0/0/0,31117:1747647676273:,1747647684578
counter/10/0/0/0,29650:1747647673107:,1747647684578
counter/3/0/0/0,31118:1747647676273:,1747647684578
counter/3/0/0/0,31119:1747647676273:,1747647684578
counter/3/0/0/0,31120:1747647676273:,1747647684578
counter/3/0/0/0,31121:1747647676273:,1747647684578
counter/4/0/0/0,34563:1747647678352:,1747647684578
counter/10/0/0/0,29651:1747647673107:,1747647684578
counter/3/0/0/0,31122:1747647676273:,1747647684578
counter/4/0/0/0,34564:1747647678352:,1747647684578
counter/3/0/0/0,31123:1747647676273:,1747647684578
counter/3/0/0/0,31124:1747647676273:,1747647684578
counter/4/0/0/0,34565:1747647678352:,1747647684578
counter/3/0/0/0,31125:1747647676273:,1747647684578
counter/10/0/0/0,29652:1747647673107:,1747647684579
counter/3/0/0/0,31126:1747647676273:,1747647684579
counter/3/0/0/0,31127:1747647676275:,1747647684579
counter/3/0/0/0,31128:1747647676275:,1747647684579
counter/3/0/0/0,31129:1747647676275:,1747647684579
counter/10/0/0/0,29653:1747647673107:,1747647684579
counter/3/0/0/0,31130:1747647676276:,1747647684579
counter/3/0/0/0,31131:1747647676276:,1747647684579
counter/3/0/0/0,31132:1747647676278:,1747647684579
counter/3/0/0/0,31133:1747647676278:,1747647684579
counter/3/0/0/0,31134:1747647676278:,1747647684579
counter/3/0/0/0,31135:1747647676278:,1747647684579
counter/10/0/0/0,29654:1747647673107:,1747647684579
counter/3/0/0/0,31136:1747647676278:,1747647684579
counter/3/0/0/0,31137:1747647676278:,1747647684579
counter/3/0/0/0,31138:1747647676278:,1747647684579
counter/3/0/0/0,31139:1747647676278:,1747647684579
counter/4/0/0/0,34566:1747647678364:,1747647684579
counter/3/0/0/0,31140:1747647676278:,1747647684579
counter/10/0/0/0,29655:1747647673107:,1747647684579
counter/3/0/0/0,31141:1747647676284:,1747647684579
counter/4/0/0/0,34567:1747647678364:,1747647684579
counter/3/0/0/0,31142:1747647676284:,1747647684579
counter/10/0/0/0,29656:1747647673107:,1747647684579
counter/3/0/0/0,31143:1747647676284:,1747647684579
counter/3/0/0/0,31144:1747647676284:,1747647684579
counter/4/0/0/0,34568:1747647678364:,1747647684579
counter/3/0/0/0,31145:1747647676284:,1747647684579
counter/10/0/0/0,29657:1747647673107:,1747647684579
counter/3/0/0/0,31146:1747647676284:,1747647684579
counter/3/0/0/0,31147:1747647676284:,1747647684579
counter/3/0/0/0,31148:1747647676284:,1747647684579
counter/3/0/0/0,31149:1747647676285:,1747647684580
counter/3/0/0/0,31150:1747647676285:,1747647684580
counter/10/0/0/0,29658:1747647673107:,1747647684580
counter/3/0/0/0,31151:1747647676285:,1747647684580
counter/3/0/0/0,31152:1747647676285:,1747647684580
counter/3/0/0/0,31153:1747647676286:,1747647684580
counter/3/0/0/0,31154:1747647676286:,1747647684580
counter/3/0/0/0,31155:1747647676286:,1747647684580
counter/3/0/0/0,31156:1747647676286:,1747647684580
counter/3/0/0/0,31157:1747647676286:,1747647684580
counter/10/0/0/0,29659:1747647673107:,1747647684580
counter/3/0/0/0,31158:1747647676287:,1747647684580
counter/3/0/0/0,31159:1747647676287:,1747647684580
counter/3/0/0/0,31160:1747647676287:,1747647684580
counter/3/0/0/0,31161:1747647676287:,1747647684580
counter/10/0/0/0,29660:1747647673112:,1747647684580
counter/3/0/0/0,31162:1747647676287:,1747647684580
counter/3/0/0/0,31163:1747647676287:,1747647684580
counter/3/0/0/0,31164:1747647676287:,1747647684580
counter/4/0/0/0,34569:1747647678364:,1747647684580
counter/3/0/0/0,31165:1747647676302:,1747647684580
counter/3/0/0/0,31166:1747647676303:,1747647684580
counter/3/0/0/0,31167:1747647676303:,1747647684580
counter/3/0/0/0,31168:1747647676303:,1747647684580
counter/3/0/0/0,31169:1747647676303:,1747647684580
counter/3/0/0/0,31170:1747647676304:,1747647684580
counter/3/0/0/0,31171:1747647676304:,1747647684580
counter/3/0/0/0,31172:1747647676304:,1747647684580
counter/3/0/0/0,31173:1747647676304:,1747647684580
counter/3/0/0/0,31174:1747647676304:,1747647684580
counter/3/0/0/0,31175:1747647676304:,1747647684580
counter/3/0/0/0,31176:1747647676311:,1747647684580
counter/3/0/0/0,31177:1747647676318:,1747647684580
counter/3/0/0/0,31178:1747647676318:,1747647684580
counter/3/0/0/0,31179:1747647676318:,1747647684580
counter/3/0/0/0,31180:1747647676319:,1747647684580
counter/4/0/0/0,34570:1747647678364:,1747647684581
counter/3/0/0/0,31181:1747647676319:,1747647684581
counter/10/0/0/0,29661:1747647673112:,1747647684581
counter/3/0/0/0,31182:1747647676319:,1747647684581
counter/4/0/0/0,34571:1747647678365:,1747647684581
counter/3/0/0/0,31183:1747647676319:,1747647684581
counter/10/0/0/0,29662:1747647673112:,1747647684581
counter/3/0/0/0,31184:1747647676321:,1747647684581
counter/3/0/0/0,31185:1747647676322:,1747647684581
counter/3/0/0/0,31186:1747647676322:,1747647684581
counter/3/0/0/0,31187:1747647676322:,1747647684581
counter/10/0/0/0,29663:1747647673112:,1747647684581
counter/3/0/0/0,31188:1747647676322:,1747647684581
counter/3/0/0/0,31189:1747647676322:,1747647684581
counter/3/0/0/0,31190:1747647676322:,1747647684581
counter/3/0/0/0,31191:1747647676322:,1747647684581
counter/3/0/0/0,31192:1747647676322:,1747647684581
counter/3/0/0/0,31193:1747647676322:,1747647684581
counter/10/0/0/0,29664:1747647673112:,1747647684581
counter/3/0/0/0,31194:1747647676322:,1747647684581
counter/3/0/0/0,31195:1747647676322:,1747647684581
counter/3/0/0/0,31196:1747647676328:,1747647684581
counter/3/0/0/0,31197:1747647676328:,1747647684581
counter/3/0/0/0,31198:1747647676328:,1747647684581
counter/4/0/0/0,34572:1747647678365:,1747647684581
counter/10/0/0/0,29665:1747647673112:,1747647684581
counter/3/0/0/0,31199:1747647676328:,1747647684581
counter/4/0/0/0,34573:1747647678365:,1747647684581
counter/3/0/0/0,31200:1747647676328:,1747647684581
counter/4/0/0/0,34574:1747647678366:,1747647684581
counter/3/0/0/0,31201:1747647676328:,1747647684581
counter/4/0/0/0,34575:1747647678366:,1747647684581
counter/3/0/0/0,31202:1747647676328:,1747647684581
counter/4/0/0/0,34576:1747647678366:,1747647684581
counter/3/0/0/0,31203:1747647676328:,1747647684581
counter/4/0/0/0,34577:1747647678366:,1747647684581
counter/10/0/0/0,29666:1747647673112:,1747647684581
counter/3/0/0/0,31204:1747647676328:,1747647684581
counter/3/0/0/0,31205:1747647676328:,1747647684581
counter/3/0/0/0,31206:1747647676329:,1747647684581
counter/10/0/0/0,29667:1747647673112:,1747647684582
counter/3/0/0/0,31207:1747647676329:,1747647684582
counter/3/0/0/0,31208:1747647676329:,1747647684582
counter/3/0/0/0,31209:1747647676329:,1747647684582
counter/3/0/0/0,31210:1747647676329:,1747647684582
counter/3/0/0/0,31211:1747647676329:,1747647684582
counter/3/0/0/0,31212:1747647676329:,1747647684582
counter/3/0/0/0,31213:1747647676331:,1747647684582
counter/3/0/0/0,31214:1747647676331:,1747647684582
counter/3/0/0/0,31215:1747647676331:,1747647684582
counter/10/0/0/0,29668:1747647673112:,1747647684582
counter/3/0/0/0,31216:1747647676331:,1747647684582
counter/10/0/0/0,29669:1747647673112:,1747647684582
counter/3/0/0/0,31217:1747647676331:,1747647684582
counter/10/0/0/0,29670:1747647673112:,1747647684582
counter/3/0/0/0,31218:1747647676331:,1747647684582
counter/10/0/0/0,29671:1747647673112:,1747647684582
counter/4/0/0/0,34578:1747647678366:,1747647684582
counter/3/0/0/0,31219:1747647676336:,1747647684582
counter/10/0/0/0,29672:1747647673112:,1747647684582
counter/4/0/0/0,34579:1747647678366:,1747647684582
counter/3/0/0/0,31220:1747647676336:,1747647684582
counter/10/0/0/0,29673:1747647673112:,1747647684582
counter/4/0/0/0,34580:1747647678366:,1747647684582
counter/3/0/0/0,31221:1747647676336:,1747647684582
counter/10/0/0/0,29674:1747647673112:,1747647684582
counter/3/0/0/0,31222:1747647676336:,1747647684582
counter/10/0/0/0,29675:1747647673121:,1747647684582
counter/3/0/0/0,31223:1747647676336:,1747647684582
counter/10/0/0/0,29676:1747647673121:,1747647684582
counter/3/0/0/0,31224:1747647676337:,1747647684582
counter/10/0/0/0,29677:1747647673122:,1747647684582
counter/4/0/0/0,34581:1747647678366:,1747647684582
counter/3/0/0/0,31225:1747647676337:,1747647684582
counter/10/0/0/0,29678:1747647673122:,1747647684582
counter/3/0/0/0,31226:1747647676337:,1747647684582
counter/10/0/0/0,29679:1747647673122:,1747647684583
counter/3/0/0/0,31227:1747647676337:,1747647684583
counter/10/0/0/0,29680:1747647673122:,1747647684583
counter/3/0/0/0,31228:1747647676337:,1747647684583
counter/10/0/0/0,29681:1747647673122:,1747647684583
counter/3/0/0/0,31229:1747647676342:,1747647684583
counter/10/0/0/0,29682:1747647673122:,1747647684583
counter/3/0/0/0,31230:1747647676342:,1747647684583
counter/10/0/0/0,29683:1747647673122:,1747647684583
counter/4/0/0/0,34582:1747647678366:,1747647684583
counter/3/0/0/0,31231:1747647676342:,1747647684583
counter/10/0/0/0,29684:1747647673122:,1747647684583
counter/3/0/0/0,31232:1747647676342:,1747647684583
counter/10/0/0/0,29685:1747647673122:,1747647684583
counter/4/0/0/0,34583:1747647678366:,1747647684583
counter/3/0/0/0,31233:1747647676342:,1747647684583
counter/10/0/0/0,29686:1747647673122:,1747647684583
counter/4/0/0/0,34584:1747647678366:,1747647684583
counter/3/0/0/0,31234:1747647676342:,1747647684583
counter/10/0/0/0,29687:1747647673122:,1747647684583
counter/3/0/0/0,31235:1747647676344:,1747647684583
counter/10/0/0/0,29688:1747647673122:,1747647684583
counter/4/0/0/0,34585:1747647678370:,1747647684583
counter/3/0/0/0,31236:1747647676347:,1747647684583
counter/10/0/0/0,29689:1747647673122:,1747647684583
counter/3/0/0/0,31237:1747647676347:,1747647684583
counter/10/0/0/0,29690:1747647673122:,1747647684583
counter/3/0/0/0,31238:1747647676347:,1747647684583
counter/10/0/0/0,29691:1747647673122:,1747647684583
counter/3/0/0/0,31239:1747647676347:,1747647684583
counter/10/0/0/0,29692:1747647673122:,1747647684583
counter/3/0/0/0,31240:1747647676347:,1747647684583
counter/10/0/0/0,29693:1747647673122:,1747647684583
counter/3/0/0/0,31241:1747647676347:,1747647684583
counter/10/0/0/0,29694:1747647673122:,1747647684583
counter/3/0/0/0,31242:1747647676347:,1747647684583
counter/3/0/0/0,31243:1747647676347:,1747647684584
counter/3/0/0/0,31244:1747647676352:,1747647684584
counter/3/0/0/0,31245:1747647676352:,1747647684584
counter/10/0/0/0,29695:1747647673128:,1747647684584
counter/3/0/0/0,31246:1747647676352:,1747647684584
counter/3/0/0/0,31247:1747647676352:,1747647684584
counter/3/0/0/0,31248:1747647676352:,1747647684584
counter/4/0/0/0,34586:1747647678382:,1747647684584
counter/3/0/0/0,31249:1747647676352:,1747647684584
counter/3/0/0/0,31250:1747647676352:,1747647684584
counter/3/0/0/0,31251:1747647676352:,1747647684584
counter/10/0/0/0,29696:1747647673128:,1747647684584
counter/3/0/0/0,31252:1747647676352:,1747647684584
counter/3/0/0/0,31253:1747647676353:,1747647684584
counter/3/0/0/0,31254:1747647676353:,1747647684584
counter/3/0/0/0,31255:1747647676353:,1747647684584
counter/3/0/0/0,31256:1747647676353:,1747647684584
counter/3/0/0/0,31257:1747647676353:,1747647684584
counter/3/0/0/0,31258:1747647676353:,1747647684584
counter/3/0/0/0,31259:1747647676359:,1747647684584
counter/10/0/0/0,29697:1747647673128:,1747647684584
counter/3/0/0/0,31260:1747647676364:,1747647684584
counter/3/0/0/0,31261:1747647676364:,1747647684584
counter/3/0/0/0,31262:1747647676364:,1747647684584
counter/3/0/0/0,31263:1747647676364:,1747647684584
counter/3/0/0/0,31264:1747647676364:,1747647684584
counter/3/0/0/0,31265:1747647676364:,1747647684584
counter/3/0/0/0,31266:1747647676364:,1747647684584
counter/3/0/0/0,31267:1747647676364:,1747647684584
counter/3/0/0/0,31268:1747647676364:,1747647684584
counter/3/0/0/0,31269:1747647676364:,1747647684584
counter/3/0/0/0,31270:1747647676364:,1747647684584
counter/3/0/0/0,31271:1747647676364:,1747647684584
counter/3/0/0/0,31272:1747647676364:,1747647684584
counter/10/0/0/0,29698:1747647673128:,1747647684584
counter/3/0/0/0,31273:1747647676364:,1747647684584
counter/3/0/0/0,31274:1747647676364:,1747647684584
counter/3/0/0/0,31275:1747647676364:,1747647684584
counter/4/0/0/0,34587:1747647678382:,1747647684584
counter/3/0/0/0,31276:1747647676364:,1747647684584
counter/3/0/0/0,31277:1747647676364:,1747647684585
counter/3/0/0/0,31278:1747647676383:,1747647684585
counter/3/0/0/0,31279:1747647676383:,1747647684585
counter/3/0/0/0,31280:1747647676383:,1747647684585
counter/3/0/0/0,31281:1747647676383:,1747647684585
counter/3/0/0/0,31282:1747647676383:,1747647684585
counter/3/0/0/0,31283:1747647676383:,1747647684585
counter/3/0/0/0,31284:1747647676383:,1747647684585
counter/3/0/0/0,31285:1747647676383:,1747647684585
counter/10/0/0/0,29699:1747647673128:,1747647684585
counter/3/0/0/0,31286:1747647676383:,1747647684585
counter/3/0/0/0,31287:1747647676383:,1747647684585
counter/3/0/0/0,31288:1747647676383:,1747647684585
counter/3/0/0/0,31289:1747647676383:,1747647684585
counter/3/0/0/0,31290:1747647676383:,1747647684585
counter/10/0/0/0,29700:1747647673146:,1747647684585
counter/3/0/0/0,31291:1747647676387:,1747647684585
counter/10/0/0/0,29701:1747647673147:,1747647684585
counter/3/0/0/0,31292:1747647676387:,1747647684585
counter/10/0/0/0,29702:1747647673147:,1747647684585
counter/3/0/0/0,31293:1747647676388:,1747647684585
counter/10/0/0/0,29703:1747647673149:,1747647684585
counter/3/0/0/0,31294:1747647676388:,1747647684585
counter/10/0/0/0,29704:1747647673149:,1747647684585
counter/3/0/0/0,31295:1747647676388:,1747647684585
counter/10/0/0/0,29705:1747647673149:,1747647684585
counter/3/0/0/0,31296:1747647676388:,1747647684585
counter/10/0/0/0,29706:1747647673149:,1747647684585
counter/4/0/0/0,34588:1747647678395:,1747647684585
counter/3/0/0/0,31297:1747647676392:,1747647684585
counter/10/0/0/0,29707:1747647673149:,1747647684585
counter/4/0/0/0,34589:1747647678397:,1747647684585
counter/3/0/0/0,31298:1747647676408:,1747647684585
counter/4/0/0/0,34590:1747647678397:,1747647684585
counter/3/0/0/0,31299:1747647676408:,1747647684585
counter/3/0/0/0,31300:1747647676408:,1747647684586
counter/10/0/0/0,29708:1747647673149:,1747647684586
counter/3/0/0/0,31301:1747647676408:,1747647684586
counter/3/0/0/0,31302:1747647676408:,1747647684586
counter/3/0/0/0,31303:1747647676409:,1747647684586
counter/3/0/0/0,31304:1747647676409:,1747647684586
counter/4/0/0/0,34591:1747647678397:,1747647684586
counter/3/0/0/0,31305:1747647676409:,1747647684586
counter/3/0/0/0,31306:1747647676409:,1747647684586
counter/3/0/0/0,31307:1747647676409:,1747647684586
counter/3/0/0/0,31308:1747647676409:,1747647684586
counter/4/0/0/0,34592:1747647678397:,1747647684586
counter/3/0/0/0,31309:1747647676409:,1747647684586
counter/3/0/0/0,31310:1747647676409:,1747647684586
counter/3/0/0/0,31311:1747647676414:,1747647684586
counter/4/0/0/0,34593:1747647678397:,1747647684586
counter/3/0/0/0,31312:1747647676414:,1747647684586
counter/10/0/0/0,29709:1747647673149:,1747647684586
counter/3/0/0/0,31313:1747647676414:,1747647684586
counter/10/0/0/0,29710:1747647673149:,1747647684586
counter/3/0/0/0,31314:1747647676414:,1747647684586
counter/10/0/0/0,29711:1747647673149:,1747647684586
counter/4/0/0/0,34594:1747647678397:,1747647684586
counter/3/0/0/0,31315:1747647676414:,1747647684586
counter/4/0/0/0,34595:1747647678397:,1747647684586
counter/3/0/0/0,31316:1747647676414:,1747647684586
counter/4/0/0/0,34596:1747647678399:,1747647684586
counter/10/0/0/0,29712:1747647673149:,1747647684586
counter/3/0/0/0,31317:1747647676414:,1747647684586
counter/3/0/0/0,31318:1747647676414:,1747647684586
counter/3/0/0/0,31319:1747647676415:,1747647684586
counter/10/0/0/0,29713:1747647673149:,1747647684586
counter/3/0/0/0,31320:1747647676415:,1747647684586
counter/3/0/0/0,31321:1747647676419:,1747647684586
counter/10/0/0/0,29714:1747647673149:,1747647684586
counter/3/0/0/0,31322:1747647676419:,1747647684586
counter/3/0/0/0,31323:1747647676419:,1747647684586
counter/3/0/0/0,31324:1747647676419:,1747647684586
counter/3/0/0/0,31325:1747647676419:,1747647684586
counter/4/0/0/0,34597:1747647678400:,1747647684587
counter/3/0/0/0,31326:1747647676420:,1747647684587
counter/3/0/0/0,31327:1747647676420:,1747647684587
counter/3/0/0/0,31328:1747647676420:,1747647684587
counter/3/0/0/0,31329:1747647676420:,1747647684587
counter/3/0/0/0,31330:1747647676434:,1747647684587
counter/3/0/0/0,31331:1747647676434:,1747647684587
counter/3/0/0/0,31332:1747647676434:,1747647684587
counter/3/0/0/0,31333:1747647676434:,1747647684587
counter/4/0/0/0,34598:1747647678400:,1747647684587
counter/3/0/0/0,31334:1747647676434:,1747647684587
counter/3/0/0/0,31335:1747647676440:,1747647684587
counter/4/0/0/0,34599:1747647678400:,1747647684587
counter/3/0/0/0,31336:1747647676440:,1747647684587
counter/10/0/0/0,29715:1747647673150:,1747647684587
counter/3/0/0/0,31337:1747647676440:,1747647684587
counter/3/0/0/0,31338:1747647676440:,1747647684587
counter/3/0/0/0,31339:1747647676440:,1747647684587
counter/10/0/0/0,29716:1747647673150:,1747647684587
counter/3/0/0/0,31340:1747647676440:,1747647684587
counter/10/0/0/0,29717:1747647673150:,1747647684587
counter/3/0/0/0,31341:1747647676440:,1747647684587
counter/10/0/0/0,29718:1747647673150:,1747647684587
counter/3/0/0/0,31342:1747647676440:,1747647684587
counter/10/0/0/0,29719:1747647673150:,1747647684587
counter/3/0/0/0,31343:1747647676440:,1747647684587
counter/10/0/0/0,29720:1747647673150:,1747647684587
counter/4/0/0/0,34600:1747647678400:,1747647684587
counter/3/0/0/0,31344:1747647676440:,1747647684587
counter/10/0/0/0,29721:1747647673150:,1747647684587
counter/3/0/0/0,31345:1747647676440:,1747647684587
counter/10/0/0/0,29722:1747647673150:,1747647684587
counter/3/0/0/0,31346:1747647676440:,1747647684587
counter/10/0/0/0,29723:1747647673150:,1747647684587
counter/3/0/0/0,31347:1747647676440:,1747647684587
counter/10/0/0/0,29724:1747647673150:,1747647684587
counter/3/0/0/0,31348:1747647676440:,1747647684587
counter/10/0/0/0,29725:1747647673150:,1747647684587
counter/3/0/0/0,31349:1747647676447:,1747647684588
counter/10/0/0/0,29726:1747647673150:,1747647684588
counter/3/0/0/0,31350:1747647676447:,1747647684588
counter/10/0/0/0,29727:1747647673150:,1747647684588
counter/3/0/0/0,31351:1747647676455:,1747647684588
counter/10/0/0/0,29728:1747647673150:,1747647684588
counter/3/0/0/0,31352:1747647676455:,1747647684588
counter/10/0/0/0,29729:1747647673150:,1747647684588
counter/3/0/0/0,31353:1747647676455:,1747647684588
counter/10/0/0/0,29730:1747647673150:,1747647684588
counter/3/0/0/0,31354:1747647676455:,1747647684588
counter/10/0/0/0,29731:1747647673160:,1747647684588
counter/3/0/0/0,31355:1747647676455:,1747647684588
counter/10/0/0/0,29732:1747647673160:,1747647684588
counter/3/0/0/0,31356:1747647676455:,1747647684588
counter/3/0/0/0,31357:1747647676455:,1747647684588
counter/3/0/0/0,31358:1747647676455:,1747647684588
counter/10/0/0/0,29733:1747647673160:,1747647684588
counter/3/0/0/0,31359:1747647676455:,1747647684588
counter/3/0/0/0,31360:1747647676455:,1747647684588
counter/3/0/0/0,31361:1747647676455:,1747647684588
counter/3/0/0/0,31362:1747647676463:,1747647684588
counter/3/0/0/0,31363:1747647676463:,1747647684588
counter/3/0/0/0,31364:1747647676463:,1747647684588
counter/3/0/0/0,31365:1747647676463:,1747647684588
counter/3/0/0/0,31366:1747647676463:,1747647684588
counter/3/0/0/0,31367:1747647676464:,1747647684588
counter/4/0/0/0,34601:1747647678400:,1747647684588
counter/3/0/0/0,31368:1747647676464:,1747647684588
counter/3/0/0/0,31369:1747647676464:,1747647684588
counter/3/0/0/0,31370:1747647676464:,1747647684588
counter/3/0/0/0,31371:1747647676464:,1747647684588
counter/3/0/0/0,31372:1747647676464:,1747647684588
counter/10/0/0/0,29734:1747647673161:,1747647684588
counter/3/0/0/0,31373:1747647676501:,1747647684588
counter/10/0/0/0,29735:1747647673161:,1747647684588
counter/3/0/0/0,31374:1747647676501:,1747647684588
counter/10/0/0/0,29736:1747647673161:,1747647684588
counter/3/0/0/0,31375:1747647676501:,1747647684589
counter/10/0/0/0,29737:1747647673161:,1747647684589
counter/3/0/0/0,31376:1747647676501:,1747647684589
counter/3/0/0/0,31377:1747647676501:,1747647684589
counter/4/0/0/0,34602:1747647678400:,1747647684589
counter/3/0/0/0,31378:1747647676501:,1747647684589
counter/10/0/0/0,29738:1747647673161:,1747647684589
counter/3/0/0/0,31379:1747647676501:,1747647684589
counter/4/0/0/0,34603:1747647678400:,1747647684589
counter/3/0/0/0,31380:1747647676501:,1747647684589
counter/10/0/0/0,29739:1747647673161:,1747647684589
counter/3/0/0/0,31381:1747647676501:,1747647684589
counter/3/0/0/0,31382:1747647676502:,1747647684589
counter/3/0/0/0,31383:1747647676502:,1747647684589
counter/10/0/0/0,29740:1747647673161:,1747647684589
counter/3/0/0/0,31384:1747647676502:,1747647684589
counter/3/0/0/0,31385:1747647676502:,1747647684589
counter/4/0/0/0,34604:1747647678416:,1747647684589
counter/3/0/0/0,31386:1747647676502:,1747647684589
counter/3/0/0/0,31387:1747647676502:,1747647684589
counter/3/0/0/0,31388:1747647676503:,1747647684589
counter/4/0/0/0,34605:1747647678416:,1747647684589
counter/3/0/0/0,31389:1747647676503:,1747647684589
counter/4/0/0/0,34606:1747647678416:,1747647684589
counter/3/0/0/0,31390:1747647676503:,1747647684589
counter/10/0/0/0,29741:1747647673161:,1747647684589
counter/3/0/0/0,31391:1747647676503:,1747647684589
counter/10/0/0/0,29742:1747647673161:,1747647684589
counter/3/0/0/0,31392:1747647676503:,1747647684589
counter/10/0/0/0,29743:1747647673161:,1747647684589
counter/3/0/0/0,31393:1747647676503:,1747647684589
counter/10/0/0/0,29744:1747647673161:,1747647684589
counter/3/0/0/0,31394:1747647676503:,1747647684589
counter/10/0/0/0,29745:1747647673161:,1747647684589
counter/4/0/0/0,34607:1747647678416:,1747647684589
counter/3/0/0/0,31395:1747647676503:,1747647684589
counter/10/0/0/0,29746:1747647673161:,1747647684589
counter/4/0/0/0,34608:1747647678416:,1747647684589
counter/3/0/0/0,31396:1747647676503:,1747647684589
counter/3/0/0/0,31397:1747647676504:,1747647684589
counter/3/0/0/0,31398:1747647676504:,1747647684589
counter/3/0/0/0,31399:1747647676504:,1747647684590
counter/4/0/0/0,34609:1747647678416:,1747647684590
counter/3/0/0/0,31400:1747647676504:,1747647684590
counter/3/0/0/0,31401:1747647676504:,1747647684590
counter/4/0/0/0,34610:1747647678416:,1747647684590
counter/3/0/0/0,31402:1747647676504:,1747647684590
counter/10/0/0/0,29747:1747647673168:,1747647684590
counter/3/0/0/0,31403:1747647676504:,1747647684590
counter/10/0/0/0,29748:1747647673168:,1747647684590
counter/3/0/0/0,31404:1747647676504:,1747647684590
counter/10/0/0/0,29749:1747647673168:,1747647684590
counter/3/0/0/0,31405:1747647676504:,1747647684590
counter/10/0/0/0,29750:1747647673168:,1747647684590
counter/3/0/0/0,31406:1747647676504:,1747647684590
counter/10/0/0/0,29751:1747647673171:,1747647684590
counter/3/0/0/0,31407:1747647676504:,1747647684590
counter/10/0/0/0,29752:1747647673171:,1747647684590
counter/3/0/0/0,31408:1747647676504:,1747647684590
counter/10/0/0/0,29753:1747647673171:,1747647684590
counter/4/0/0/0,34611:1747647678416:,1747647684590
counter/3/0/0/0,31409:1747647676504:,1747647684590
counter/10/0/0/0,29754:1747647673171:,1747647684590
counter/3/0/0/0,31410:1747647676504:,1747647684590
counter/10/0/0/0,29755:1747647673171:,1747647684590
counter/3/0/0/0,31411:1747647676504:,1747647684590
counter/10/0/0/0,29756:1747647673171:,1747647684590
counter/4/0/0/0,34612:1747647678416:,1747647684590
counter/3/0/0/0,31412:1747647676504:,1747647684590
counter/10/0/0/0,29757:1747647673171:,1747647684590
counter/3/0/0/0,31413:1747647676504:,1747647684590
counter/10/0/0/0,29758:1747647673171:,1747647684590
counter/3/0/0/0,31414:1747647676505:,1747647684590
counter/10/0/0/0,29759:1747647673171:,1747647684590
counter/3/0/0/0,31415:1747647676505:,1747647684590
counter/10/0/0/0,29760:1747647673171:,1747647684590
counter/3/0/0/0,31416:1747647676505:,1747647684591
counter/10/0/0/0,29761:1747647673172:,1747647684591
counter/3/0/0/0,31417:1747647676505:,1747647684591
counter/10/0/0/0,29762:1747647673172:,1747647684591
counter/3/0/0/0,31418:1747647676505:,1747647684591
counter/10/0/0/0,29763:1747647673175:,1747647684591
counter/3/0/0/0,31419:1747647676505:,1747647684591
counter/10/0/0/0,29764:1747647673175:,1747647684591
counter/3/0/0/0,31420:1747647676505:,1747647684591
counter/10/0/0/0,29765:1747647673175:,1747647684591
counter/4/0/0/0,34613:1747647678416:,1747647684591
counter/3/0/0/0,31421:1747647676505:,1747647684591
counter/10/0/0/0,29766:1747647673175:,1747647684591
counter/3/0/0/0,31422:1747647676506:,1747647684591
counter/10/0/0/0,29767:1747647673175:,1747647684591
counter/4/0/0/0,34614:1747647678416:,1747647684591
counter/3/0/0/0,31423:1747647676506:,1747647684591
counter/10/0/0/0,29768:1747647673175:,1747647684591
counter/3/0/0/0,31424:1747647676509:,1747647684591
counter/10/0/0/0,29769:1747647673182:,1747647684591
counter/3/0/0/0,31425:1747647676509:,1747647684591
counter/10/0/0/0,29770:1747647673182:,1747647684591
counter/3/0/0/0,31426:1747647676509:,1747647684591
counter/10/0/0/0,29771:1747647673182:,1747647684591
counter/3/0/0/0,31427:1747647676509:,1747647684591
counter/10/0/0/0,29772:1747647673182:,1747647684591
counter/3/0/0/0,31428:1747647676509:,1747647684591
counter/10/0/0/0,29773:1747647673182:,1747647684591
counter/3/0/0/0,31429:1747647676509:,1747647684591
counter/10/0/0/0,29774:1747647673182:,1747647684591
counter/3/0/0/0,31430:1747647676509:,1747647684591
counter/10/0/0/0,29775:1747647673182:,1747647684591
counter/3/0/0/0,31431:1747647676509:,1747647684591
counter/10/0/0/0,29776:1747647673182:,1747647684591
counter/3/0/0/0,31432:1747647676509:,1747647684591
counter/10/0/0/0,29777:1747647673182:,1747647684591
counter/3/0/0/0,31433:1747647676509:,1747647684591
counter/10/0/0/0,29778:1747647673182:,1747647684591
counter/3/0/0/0,31434:1747647676509:,1747647684592
counter/10/0/0/0,29779:1747647673182:,1747647684592
counter/3/0/0/0,31435:1747647676509:,1747647684592
counter/10/0/0/0,29780:1747647673182:,1747647684592
counter/4/0/0/0,34615:1747647678416:,1747647684592
counter/3/0/0/0,31436:1747647676509:,1747647684592
counter/10/0/0/0,29781:1747647673182:,1747647684592
counter/3/0/0/0,31437:1747647676509:,1747647684592
counter/10/0/0/0,29782:1747647673182:,1747647684592
counter/3/0/0/0,31438:1747647676509:,1747647684592
counter/10/0/0/0,29783:1747647673182:,1747647684592
counter/3/0/0/0,31439:1747647676509:,1747647684592
counter/10/0/0/0,29784:1747647673182:,1747647684592
counter/4/0/0/0,34616:1747647678416:,1747647684592
counter/3/0/0/0,31440:1747647676509:,1747647684592
counter/10/0/0/0,29785:1747647673182:,1747647684592
counter/4/0/0/0,34617:1747647678416:,1747647684592
counter/3/0/0/0,31441:1747647676509:,1747647684592
counter/10/0/0/0,29786:1747647673182:,1747647684592
counter/3/0/0/0,31442:1747647676509:,1747647684592
counter/10/0/0/0,29787:1747647673182:,1747647684592
counter/3/0/0/0,31443:1747647676509:,1747647684592
counter/10/0/0/0,29788:1747647673182:,1747647684592
counter/3/0/0/0,31444:1747647676509:,1747647684592
counter/10/0/0/0,29789:1747647673182:,1747647684592
counter/3/0/0/0,31445:1747647676509:,1747647684592
counter/10/0/0/0,29790:1747647673182:,1747647684592
counter/3/0/0/0,31446:1747647676510:,1747647684592
counter/10/0/0/0,29791:1747647673182:,1747647684592
counter/3/0/0/0,31447:1747647676510:,1747647684592
counter/10/0/0/0,29792:1747647673182:,1747647684592
counter/4/0/0/0,34618:1747647678416:,1747647684592
counter/3/0/0/0,31448:1747647676510:,1747647684592
counter/10/0/0/0,29793:1747647673182:,1747647684592
counter/4/0/0/0,34619:1747647678416:,1747647684592
counter/3/0/0/0,31449:1747647676510:,1747647684592
counter/10/0/0/0,29794:1747647673182:,1747647684592
counter/3/0/0/0,31450:1747647676510:,1747647684592
counter/10/0/0/0,29795:1747647673185:,1747647684592
counter/3/0/0/0,31451:1747647676510:,1747647684592
counter/10/0/0/0,29796:1747647673185:,1747647684593
counter/3/0/0/0,31452:1747647676510:,1747647684593
counter/10/0/0/0,29797:1747647673185:,1747647684593
counter/3/0/0/0,31453:1747647676510:,1747647684593
counter/10/0/0/0,29798:1747647673185:,1747647684593
counter/3/0/0/0,31454:1747647676510:,1747647684593
counter/10/0/0/0,29799:1747647673185:,1747647684593
counter/3/0/0/0,31455:1747647676510:,1747647684593
counter/10/0/0/0,29800:1747647673185:,1747647684593
counter/3/0/0/0,31456:1747647676510:,1747647684593
counter/10/0/0/0,29801:1747647673185:,1747647684593
counter/4/0/0/0,34620:1747647678416:,1747647684593
counter/3/0/0/0,31457:1747647676510:,1747647684593
counter/10/0/0/0,29802:1747647673185:,1747647684593
counter/3/0/0/0,31458:1747647676510:,1747647684593
counter/10/0/0/0,29803:1747647673185:,1747647684593
counter/3/0/0/0,31459:1747647676510:,1747647684593
counter/10/0/0/0,29804:1747647673186:,1747647684593
counter/3/0/0/0,31460:1747647676510:,1747647684593
counter/10/0/0/0,29805:1747647673192:,1747647684593
counter/3/0/0/0,31461:1747647676510:,1747647684593
counter/10/0/0/0,29806:1747647673192:,1747647684593
counter/4/0/0/0,34621:1747647678421:,1747647684593
counter/3/0/0/0,31462:1747647676510:,1747647684593
counter/10/0/0/0,29807:1747647673192:,1747647684593
counter/3/0/0/0,31463:1747647676510:,1747647684593
counter/10/0/0/0,29808:1747647673192:,1747647684593
counter/3/0/0/0,31464:1747647676510:,1747647684593
counter/10/0/0/0,29809:1747647673192:,1747647684593
counter/4/0/0/0,34622:1747647678421:,1747647684594
counter/3/0/0/0,31465:1747647676510:,1747647684594
counter/10/0/0/0,29810:1747647673192:,1747647684594
counter/3/0/0/0,31466:1747647676510:,1747647684594
counter/10/0/0/0,29811:1747647673192:,1747647684594
counter/4/0/0/0,34623:1747647678432:,1747647684594
counter/3/0/0/0,31467:1747647676510:,1747647684594
counter/10/0/0/0,29812:1747647673192:,1747647684594
counter/3/0/0/0,31468:1747647676521:,1747647684594
counter/10/0/0/0,29813:1747647673192:,1747647684594
counter/4/0/0/0,34624:1747647678432:,1747647684594
counter/3/0/0/0,31469:1747647676521:,1747647684594
counter/10/0/0/0,29814:1747647673192:,1747647684594
counter/4/0/0/0,34625:1747647678432:,1747647684594
counter/3/0/0/0,31470:1747647676521:,1747647684594
counter/10/0/0/0,29815:1747647673192:,1747647684594
counter/3/0/0/0,31471:1747647676521:,1747647684594
counter/10/0/0/0,29816:1747647673198:,1747647684594
counter/3/0/0/0,31472:1747647676521:,1747647684594
counter/10/0/0/0,29817:1747647673198:,1747647684594
counter/3/0/0/0,31473:1747647676522:,1747647684594
counter/10/0/0/0,29818:1747647673198:,1747647684594
counter/3/0/0/0,31474:1747647676522:,1747647684594
counter/10/0/0/0,29819:1747647673198:,1747647684594
counter/3/0/0/0,31475:1747647676522:,1747647684594
counter/10/0/0/0,29820:1747647673198:,1747647684594
counter/4/0/0/0,34626:1747647678433:,1747647684594
counter/3/0/0/0,31476:1747647676522:,1747647684594
counter/10/0/0/0,29821:1747647673198:,1747647684594
counter/3/0/0/0,31477:1747647676522:,1747647684594
counter/10/0/0/0,29822:1747647673198:,1747647684594
counter/4/0/0/0,34627:1747647678435:,1747647684594
counter/3/0/0/0,31478:1747647676522:,1747647684594
counter/10/0/0/0,29823:1747647673198:,1747647684594
counter/3/0/0/0,31479:1747647676522:,1747647684594
counter/10/0/0/0,29824:1747647673201:,1747647684594
counter/3/0/0/0,31480:1747647676522:,1747647684594
counter/10/0/0/0,29825:1747647673201:,1747647684594
counter/3/0/0/0,31481:1747647676522:,1747647684594
counter/10/0/0/0,29826:1747647673201:,1747647684595
counter/3/0/0/0,31482:1747647676522:,1747647684595
counter/10/0/0/0,29827:1747647673201:,1747647684595
counter/3/0/0/0,31483:1747647676522:,1747647684595
counter/3/0/0/0,31484:1747647676528:,1747647684595
counter/10/0/0/0,29828:1747647673201:,1747647684595
counter/3/0/0/0,31485:1747647676528:,1747647684595
counter/3/0/0/0,31486:1747647676528:,1747647684595
counter/3/0/0/0,31487:1747647676528:,1747647684595
counter/3/0/0/0,31488:1747647676530:,1747647684595
counter/3/0/0/0,31489:1747647676530:,1747647684595
counter/3/0/0/0,31490:1747647676530:,1747647684595
counter/3/0/0/0,31491:1747647676530:,1747647684595
counter/10/0/0/0,29829:1747647673201:,1747647684595
counter/3/0/0/0,31492:1747647676530:,1747647684595
counter/3/0/0/0,31493:1747647676530:,1747647684595
counter/3/0/0/0,31494:1747647676530:,1747647684595
counter/3/0/0/0,31495:1747647676530:,1747647684595
counter/3/0/0/0,31496:1747647676530:,1747647684595
counter/4/0/0/0,34628:1747647678435:,1747647684595
counter/3/0/0/0,31497:1747647676530:,1747647684595
counter/3/0/0/0,31498:1747647676530:,1747647684595
counter/3/0/0/0,31499:1747647676530:,1747647684595
counter/3/0/0/0,31500:1747647676530:,1747647684595
counter/3/0/0/0,31501:1747647676530:,1747647684595
counter/3/0/0/0,31502:1747647676530:,1747647684595
counter/3/0/0/0,31503:1747647676530:,1747647684595
counter/10/0/0/0,29830:1747647673201:,1747647684595
counter/3/0/0/0,31504:1747647676530:,1747647684595
counter/3/0/0/0,31505:1747647676530:,1747647684595
counter/3/0/0/0,31506:1747647676530:,1747647684595
counter/3/0/0/0,31507:1747647676530:,1747647684595
counter/3/0/0/0,31508:1747647676530:,1747647684595
counter/3/0/0/0,31509:1747647676530:,1747647684595
counter/10/0/0/0,29831:1747647673201:,1747647684595
counter/3/0/0/0,31510:1747647676530:,1747647684595
counter/10/0/0/0,29832:1747647673201:,1747647684595
counter/3/0/0/0,31511:1747647676530:,1747647684595
counter/10/0/0/0,29833:1747647673202:,1747647684596
counter/3/0/0/0,31512:1747647676534:,1747647684596
counter/10/0/0/0,29834:1747647673202:,1747647684596
counter/4/0/0/0,34629:1747647678435:,1747647684596
counter/3/0/0/0,31513:1747647676534:,1747647684596
counter/10/0/0/0,29835:1747647673202:,1747647684596
counter/3/0/0/0,31514:1747647676534:,1747647684596
counter/10/0/0/0,29836:1747647673202:,1747647684596
counter/3/0/0/0,31515:1747647676534:,1747647684596
counter/10/0/0/0,29837:1747647673202:,1747647684596
counter/4/0/0/0,34630:1747647678435:,1747647684596
counter/3/0/0/0,31516:1747647676534:,1747647684596
counter/10/0/0/0,29838:1747647673202:,1747647684596
counter/3/0/0/0,31517:1747647676534:,1747647684596
counter/10/0/0/0,29839:1747647673202:,1747647684596
counter/3/0/0/0,31518:1747647676535:,1747647684596
counter/10/0/0/0,29840:1747647673202:,1747647684596
counter/4/0/0/0,34631:1747647678435:,1747647684596
counter/3/0/0/0,31519:1747647676536:,1747647684596
counter/10/0/0/0,29841:1747647673202:,1747647684596
counter/3/0/0/0,31520:1747647676537:,1747647684596
counter/10/0/0/0,29842:1747647673202:,1747647684596
counter/3/0/0/0,31521:1747647676544:,1747647684596
counter/10/0/0/0,29843:1747647673202:,1747647684596
counter/3/0/0/0,31522:1747647676544:,1747647684596
counter/10/0/0/0,29844:1747647673202:,1747647684596
counter/3/0/0/0,31523:1747647676544:,1747647684596
counter/10/0/0/0,29845:1747647673202:,1747647684596
counter/3/0/0/0,31524:1747647676544:,1747647684596
counter/10/0/0/0,29846:1747647673202:,1747647684596
counter/3/0/0/0,31525:1747647676544:,1747647684596
counter/10/0/0/0,29847:1747647673202:,1747647684596
counter/3/0/0/0,31526:1747647676544:,1747647684596
counter/10/0/0/0,29848:1747647673202:,1747647684596
counter/3/0/0/0,31527:1747647676545:,1747647684596
counter/10/0/0/0,29849:1747647673202:,1747647684597
counter/3/0/0/0,31528:1747647676545:,1747647684597
counter/10/0/0/0,29850:1747647673202:,1747647684597
counter/3/0/0/0,31529:1747647676572:,1747647684597
counter/10/0/0/0,29851:1747647673202:,1747647684597
counter/4/0/0/0,34632:1747647678435:,1747647684597
counter/3/0/0/0,31530:1747647676572:,1747647684597
counter/10/0/0/0,29852:1747647673202:,1747647684597
counter/3/0/0/0,31531:1747647676572:,1747647684597
counter/10/0/0/0,29853:1747647673202:,1747647684597
counter/3/0/0/0,31532:1747647676572:,1747647684597
counter/10/0/0/0,29854:1747647673202:,1747647684597
counter/3/0/0/0,31533:1747647676572:,1747647684597
counter/10/0/0/0,29855:1747647673212:,1747647684597
counter/4/0/0/0,34633:1747647678435:,1747647684597
counter/3/0/0/0,31534:1747647676572:,1747647684597
counter/10/0/0/0,29856:1747647673212:,1747647684597
counter/4/0/0/0,34634:1747647678435:,1747647684597
counter/3/0/0/0,31535:1747647676572:,1747647684597
counter/10/0/0/0,29857:1747647673215:,1747647684597
counter/3/0/0/0,31536:1747647676572:,1747647684597
counter/10/0/0/0,29858:1747647673215:,1747647684597
counter/3/0/0/0,31537:1747647676572:,1747647684597
counter/10/0/0/0,29859:1747647673216:,1747647684597
counter/3/0/0/0,31538:1747647676572:,1747647684597
counter/10/0/0/0,29860:1747647673216:,1747647684597
counter/4/0/0/0,34635:1747647678437:,1747647684597
counter/3/0/0/0,31539:1747647676573:,1747647684597
counter/10/0/0/0,29861:1747647673216:,1747647684597
counter/3/0/0/0,31540:1747647676573:,1747647684597
counter/10/0/0/0,29862:1747647673216:,1747647684597
counter/3/0/0/0,31541:1747647676574:,1747647684597
counter/10/0/0/0,29863:1747647673216:,1747647684597
counter/3/0/0/0,31542:1747647676574:,1747647684597
counter/10/0/0/0,29864:1747647673216:,1747647684597
counter/3/0/0/0,31543:1747647676575:,1747647684597
counter/10/0/0/0,29865:1747647673216:,1747647684598
counter/3/0/0/0,31544:1747647676575:,1747647684598
counter/10/0/0/0,29866:1747647673216:,1747647684598
counter/3/0/0/0,31545:1747647676575:,1747647684598
counter/10/0/0/0,29867:1747647673216:,1747647684598
counter/3/0/0/0,31546:1747647676575:,1747647684598
counter/10/0/0/0,29868:1747647673216:,1747647684598
counter/3/0/0/0,31547:1747647676575:,1747647684598
counter/10/0/0/0,29869:1747647673216:,1747647684598
counter/3/0/0/0,31548:1747647676575:,1747647684598
counter/10/0/0/0,29870:1747647673216:,1747647684598
counter/4/0/0/0,34636:1747647678437:,1747647684598
counter/3/0/0/0,31549:1747647676592:,1747647684598
counter/10/0/0/0,29871:1747647673216:,1747647684598
counter/4/0/0/0,34637:1747647678437:,1747647684598
counter/3/0/0/0,31550:1747647676592:,1747647684598
counter/10/0/0/0,29872:1747647673216:,1747647684598
counter/3/0/0/0,31551:1747647676599:,1747647684598
counter/10/0/0/0,29873:1747647673217:,1747647684598
counter/4/0/0/0,34638:1747647678437:,1747647684598
counter/3/0/0/0,31552:1747647676599:,1747647684598
counter/10/0/0/0,29874:1747647673217:,1747647684598
counter/3/0/0/0,31553:1747647676599:,1747647684598
counter/10/0/0/0,29875:1747647673217:,1747647684598
counter/3/0/0/0,31554:1747647676599:,1747647684598
counter/10/0/0/0,29876:1747647673217:,1747647684598
counter/3/0/0/0,31555:1747647676599:,1747647684598
counter/10/0/0/0,29877:1747647673217:,1747647684598
counter/3/0/0/0,31556:1747647676599:,1747647684598
counter/10/0/0/0,29878:1747647673217:,1747647684598
counter/3/0/0/0,31557:1747647676599:,1747647684598
counter/10/0/0/0,29879:1747647673217:,1747647684598
counter/3/0/0/0,31558:1747647676599:,1747647684598
counter/10/0/0/0,29880:1747647673217:,1747647684598
counter/3/0/0/0,31559:1747647676599:,1747647684598
counter/10/0/0/0,29881:1747647673217:,1747647684598
counter/3/0/0/0,31560:1747647676599:,1747647684599
counter/10/0/0/0,29882:1747647673217:,1747647684599
counter/3/0/0/0,31561:1747647676599:,1747647684599
counter/10/0/0/0,29883:1747647673217:,1747647684599
counter/3/0/0/0,31562:1747647676599:,1747647684599
counter/10/0/0/0,29884:1747647673217:,1747647684599
counter/3/0/0/0,31563:1747647676599:,1747647684599
counter/10/0/0/0,29885:1747647673217:,1747647684599
counter/3/0/0/0,31564:1747647676599:,1747647684599
counter/10/0/0/0,29886:1747647673217:,1747647684599
counter/3/0/0/0,31565:1747647676602:,1747647684599
counter/10/0/0/0,29887:1747647673217:,1747647684599
counter/3/0/0/0,31566:1747647676602:,1747647684599
counter/10/0/0/0,29888:1747647673217:,1747647684599
counter/4/0/0/0,34639:1747647678437:,1747647684599
counter/3/0/0/0,31567:1747647676602:,1747647684599
counter/10/0/0/0,29889:1747647673217:,1747647684599
counter/3/0/0/0,31568:1747647676602:,1747647684599
counter/10/0/0/0,29890:1747647673217:,1747647684599
counter/3/0/0/0,31569:1747647676603:,1747647684599
counter/10/0/0/0,29891:1747647673217:,1747647684599
counter/3/0/0/0,31570:1747647676603:,1747647684599
counter/10/0/0/0,29892:1747647673217:,1747647684599
counter/3/0/0/0,31571:1747647676603:,1747647684599
counter/10/0/0/0,29893:1747647673217:,1747647684599
counter/3/0/0/0,31572:1747647676603:,1747647684599
counter/10/0/0/0,29894:1747647673218:,1747647684599
counter/3/0/0/0,31573:1747647676603:,1747647684599
counter/10/0/0/0,29895:1747647673220:,1747647684599
counter/3/0/0/0,31574:1747647676603:,1747647684599
counter/10/0/0/0,29896:1747647673221:,1747647684599
counter/3/0/0/0,31575:1747647676604:,1747647684599
counter/10/0/0/0,29897:1747647673221:,1747647684599
counter/3/0/0/0,31576:1747647676604:,1747647684599
counter/10/0/0/0,29898:1747647673221:,1747647684599
counter/3/0/0/0,31577:1747647676604:,1747647684599
counter/10/0/0/0,29899:1747647673221:,1747647684599
counter/3/0/0/0,31578:1747647676604:,1747647684599
counter/10/0/0/0,29900:1747647673221:,1747647684600
counter/4/0/0/0,34640:1747647678437:,1747647684600
counter/3/0/0/0,31579:1747647676604:,1747647684600
counter/10/0/0/0,29901:1747647673221:,1747647684600
counter/3/0/0/0,31580:1747647676604:,1747647684600
counter/10/0/0/0,29902:1747647673221:,1747647684600
counter/3/0/0/0,31581:1747647676607:,1747647684600
counter/10/0/0/0,29903:1747647673221:,1747647684600
counter/3/0/0/0,31582:1747647676607:,1747647684600
counter/10/0/0/0,29904:1747647673221:,1747647684600
counter/3/0/0/0,31583:1747647676607:,1747647684600
counter/10/0/0/0,29905:1747647673221:,1747647684600
counter/3/0/0/0,31584:1747647676607:,1747647684600
counter/10/0/0/0,29906:1747647673221:,1747647684600
counter/4/0/0/0,34641:1747647678437:,1747647684600
counter/3/0/0/0,31585:1747647676607:,1747647684600
counter/10/0/0/0,29907:1747647673221:,1747647684600
counter/4/0/0/0,34642:1747647678437:,1747647684600
counter/3/0/0/0,31586:1747647676607:,1747647684600
counter/10/0/0/0,29908:1747647673221:,1747647684600
counter/3/0/0/0,31587:1747647676607:,1747647684600
counter/10/0/0/0,29909:1747647673221:,1747647684600
counter/3/0/0/0,31588:1747647676607:,1747647684600
counter/10/0/0/0,29910:1747647673221:,1747647684600
counter/3/0/0/0,31589:1747647676607:,1747647684600
counter/10/0/0/0,29911:1747647673221:,1747647684600
counter/3/0/0/0,31590:1747647676607:,1747647684600
counter/10/0/0/0,29912:1747647673221:,1747647684600
counter/3/0/0/0,31591:1747647676607:,1747647684600
counter/10/0/0/0,29913:1747647673221:,1747647684600
counter/3/0/0/0,31592:1747647676607:,1747647684600
counter/10/0/0/0,29914:1747647673221:,1747647684600
counter/3/0/0/0,31593:1747647676612:,1747647684600
counter/10/0/0/0,29915:1747647673222:,1747647684600
counter/3/0/0/0,31594:1747647676612:,1747647684600
counter/10/0/0/0,29916:1747647673222:,1747647684600
counter/3/0/0/0,31595:1747647676618:,1747647684600
counter/10/0/0/0,29917:1747647673224:,1747647684601
counter/3/0/0/0,31596:1747647676618:,1747647684601
counter/10/0/0/0,29918:1747647673224:,1747647684601
counter/3/0/0/0,31597:1747647676618:,1747647684601
counter/10/0/0/0,29919:1747647673224:,1747647684601
counter/3/0/0/0,31598:1747647676618:,1747647684601
counter/10/0/0/0,29920:1747647673224:,1747647684601
counter/3/0/0/0,31599:1747647676618:,1747647684601
counter/10/0/0/0,29921:1747647673224:,1747647684601
counter/4/0/0/0,34643:1747647678437:,1747647684601
counter/3/0/0/0,31600:1747647676618:,1747647684601
counter/10/0/0/0,29922:1747647673224:,1747647684601
counter/3/0/0/0,31601:1747647676618:,1747647684601
counter/10/0/0/0,29923:1747647673224:,1747647684601
counter/3/0/0/0,31602:1747647676619:,1747647684601
counter/10/0/0/0,29924:1747647673224:,1747647684601
counter/3/0/0/0,31603:1747647676621:,1747647684601
counter/10/0/0/0,29925:1747647673224:,1747647684601
counter/4/0/0/0,34644:1747647678437:,1747647684601
counter/3/0/0/0,31604:1747647676621:,1747647684601
counter/4/0/0/0,34645:1747647678437:,1747647684601
counter/3/0/0/0,31605:1747647676621:,1747647684601
counter/4/0/0/0,34646:1747647678437:,1747647684601
counter/10/0/0/0,29926:1747647673224:,1747647684601
counter/3/0/0/0,31606:1747647676621:,1747647684601
counter/10/0/0/0,29927:1747647673224:,1747647684601
counter/3/0/0/0,31607:1747647676626:,1747647684601
counter/10/0/0/0,29928:1747647673224:,1747647684601
counter/4/0/0/0,34647:1747647678437:,1747647684601
counter/3/0/0/0,31608:1747647676626:,1747647684601
counter/10/0/0/0,29929:1747647673224:,1747647684601
counter/3/0/0/0,31609:1747647676626:,1747647684602
counter/10/0/0/0,29930:1747647673224:,1747647684602
counter/3/0/0/0,31610:1747647676626:,1747647684602
counter/10/0/0/0,29931:1747647673224:,1747647684602
counter/3/0/0/0,31611:1747647676626:,1747647684602
counter/10/0/0/0,29932:1747647673224:,1747647684602
counter/4/0/0/0,34648:1747647678437:,1747647684602
counter/3/0/0/0,31612:1747647676626:,1747647684602
counter/10/0/0/0,29933:1747647673224:,1747647684602
counter/3/0/0/0,31613:1747647676626:,1747647684602
counter/10/0/0/0,29934:1747647673224:,1747647684602
counter/3/0/0/0,31614:1747647676626:,1747647684602
counter/10/0/0/0,29935:1747647673224:,1747647684602
counter/3/0/0/0,31615:1747647676626:,1747647684602
counter/10/0/0/0,29936:1747647673224:,1747647684602
counter/3/0/0/0,31616:1747647676626:,1747647684602
counter/10/0/0/0,29937:1747647673224:,1747647684602
counter/3/0/0/0,31617:1747647676626:,1747647684602
counter/10/0/0/0,29938:1747647673224:,1747647684602
counter/3/0/0/0,31618:1747647676626:,1747647684602
counter/10/0/0/0,29939:1747647673224:,1747647684602
counter/3/0/0/0,31619:1747647676626:,1747647684602
counter/3/0/0/0,31620:1747647676626:,1747647684602
counter/3/0/0/0,31621:1747647676633:,1747647684602
counter/3/0/0/0,31622:1747647676633:,1747647684602
counter/3/0/0/0,31623:1747647676633:,1747647684602
counter/3/0/0/0,31624:1747647676633:,1747647684602
counter/10/0/0/0,29940:1747647673233:,1747647684602
counter/3/0/0/0,31625:1747647676633:,1747647684602
counter/3/0/0/0,31626:1747647676633:,1747647684602
counter/3/0/0/0,31627:1747647676633:,1747647684602
counter/3/0/0/0,31628:1747647676633:,1747647684602
counter/3/0/0/0,31629:1747647676633:,1747647684602
counter/3/0/0/0,31630:1747647676633:,1747647684602
counter/3/0/0/0,31631:1747647676633:,1747647684602
counter/3/0/0/0,31632:1747647676634:,1747647684602
counter/10/0/0/0,29941:1747647673233:,1747647684602
counter/3/0/0/0,31633:1747647676634:,1747647684602
counter/3/0/0/0,31634:1747647676634:,1747647684602
counter/3/0/0/0,31635:1747647676649:,1747647684603
counter/4/0/0/0,34649:1747647678437:,1747647684603
counter/3/0/0/0,31636:1747647676649:,1747647684603
counter/3/0/0/0,31637:1747647676649:,1747647684603
counter/3/0/0/0,31638:1747647676649:,1747647684603
counter/10/0/0/0,29942:1747647673233:,1747647684603
counter/3/0/0/0,31639:1747647676654:,1747647684603
counter/3/0/0/0,31640:1747647676654:,1747647684603
counter/3/0/0/0,31641:1747647676654:,1747647684603
counter/3/0/0/0,31642:1747647676661:,1747647684603
counter/3/0/0/0,31643:1747647676662:,1747647684603
counter/3/0/0/0,31644:1747647676662:,1747647684603
counter/10/0/0/0,29943:1747647673233:,1747647684603
counter/3/0/0/0,31645:1747647676662:,1747647684603
counter/3/0/0/0,31646:1747647676662:,1747647684603
counter/3/0/0/0,31647:1747647676662:,1747647684603
counter/10/0/0/0,29944:1747647673233:,1747647684603
counter/3/0/0/0,31648:1747647676662:,1747647684603
counter/10/0/0/0,29945:1747647673233:,1747647684603
counter/3/0/0/0,31649:1747647676662:,1747647684603
counter/10/0/0/0,29946:1747647673233:,1747647684603
counter/3/0/0/0,31650:1747647676662:,1747647684603
counter/10/0/0/0,29947:1747647673233:,1747647684603
counter/3/0/0/0,31651:1747647676662:,1747647684603
counter/3/0/0/0,31652:1747647676662:,1747647684603
counter/4/0/0/0,34650:1747647678437:,1747647684603
counter/3/0/0/0,31653:1747647676662:,1747647684603
counter/3/0/0/0,31654:1747647676662:,1747647684603
counter/3/0/0/0,31655:1747647676662:,1747647684603
counter/3/0/0/0,31656:1747647676662:,1747647684603
counter/10/0/0/0,29948:1747647673233:,1747647684603
counter/3/0/0/0,31657:1747647676662:,1747647684603
counter/3/0/0/0,31658:1747647676663:,1747647684603
counter/3/0/0/0,31659:1747647676663:,1747647684603
counter/4/0/0/0,34651:1747647678438:,1747647684603
counter/3/0/0/0,31660:1747647676670:,1747647684603
counter/3/0/0/0,31661:1747647676670:,1747647684604
counter/4/0/0/0,34652:1747647678438:,1747647684604
counter/3/0/0/0,31662:1747647676670:,1747647684604
counter/3/0/0/0,31663:1747647676670:,1747647684604
counter/3/0/0/0,31664:1747647676670:,1747647684604
counter/3/0/0/0,31665:1747647676670:,1747647684604
counter/3/0/0/0,31666:1747647676670:,1747647684604
counter/3/0/0/0,31667:1747647676670:,1747647684604
counter/10/0/0/0,29949:1747647673233:,1747647684604
counter/3/0/0/0,31668:1747647676670:,1747647684604
counter/4/0/0/0,34653:1747647678438:,1747647684604
counter/3/0/0/0,31669:1747647676670:,1747647684604
counter/3/0/0/0,31670:1747647676670:,1747647684604
counter/3/0/0/0,31671:1747647676670:,1747647684604
counter/3/0/0/0,31672:1747647676682:,1747647684604
counter/3/0/0/0,31673:1747647676682:,1747647684604
counter/4/0/0/0,34654:1747647678440:,1747647684604
counter/3/0/0/0,31674:1747647676682:,1747647684604
counter/3/0/0/0,31675:1747647676682:,1747647684604
counter/10/0/0/0,29950:1747647673233:,1747647684604
counter/3/0/0/0,31676:1747647676683:,1747647684604
counter/10/0/0/0,29951:1747647673233:,1747647684604
counter/3/0/0/0,31677:1747647676683:,1747647684604
counter/10/0/0/0,29952:1747647673234:,1747647684604
counter/3/0/0/0,31678:1747647676683:,1747647684604
counter/10/0/0/0,29953:1747647673234:,1747647684604
counter/3/0/0/0,31679:1747647676685:,1747647684604
counter/10/0/0/0,29954:1747647673234:,1747647684604
counter/3/0/0/0,31680:1747647676685:,1747647684604
counter/10/0/0/0,29955:1747647673234:,1747647684604
counter/4/0/0/0,34655:1747647678440:,1747647684604
counter/3/0/0/0,31681:1747647676685:,1747647684604
counter/10/0/0/0,29956:1747647673260:,1747647684604
counter/4/0/0/0,34656:1747647678440:,1747647684604
counter/3/0/0/0,31682:1747647676689:,1747647684604
counter/10/0/0/0,29957:1747647673260:,1747647684605
counter/3/0/0/0,31683:1747647676689:,1747647684605
counter/10/0/0/0,29958:1747647673260:,1747647684605
counter/3/0/0/0,31684:1747647676689:,1747647684605
counter/10/0/0/0,29959:1747647673260:,1747647684605
counter/3/0/0/0,31685:1747647676689:,1747647684605
counter/10/0/0/0,29960:1747647673260:,1747647684605
counter/3/0/0/0,31686:1747647676689:,1747647684605
counter/10/0/0/0,29961:1747647673260:,1747647684605
counter/3/0/0/0,31687:1747647676689:,1747647684605
counter/10/0/0/0,29962:1747647673260:,1747647684605
counter/3/0/0/0,31688:1747647676689:,1747647684605
counter/10/0/0/0,29963:1747647673260:,1747647684605
counter/4/0/0/0,34657:1747647678440:,1747647684605
counter/3/0/0/0,31689:1747647676689:,1747647684605
counter/10/0/0/0,29964:1747647673260:,1747647684605
counter/4/0/0/0,34658:1747647678440:,1747647684605
counter/3/0/0/0,31690:1747647676689:,1747647684605
counter/10/0/0/0,29965:1747647673262:,1747647684605
counter/4/0/0/0,34659:1747647678440:,1747647684605
counter/3/0/0/0,31691:1747647676689:,1747647684605
counter/10/0/0/0,29966:1747647673263:,1747647684605
counter/4/0/0/0,34660:1747647678440:,1747647684605
counter/3/0/0/0,31692:1747647676689:,1747647684605
counter/10/0/0/0,29967:1747647673263:,1747647684605
counter/4/0/0/0,34661:1747647678440:,1747647684605
counter/3/0/0/0,31693:1747647676689:,1747647684605
counter/10/0/0/0,29968:1747647673263:,1747647684605
counter/3/0/0/0,31694:1747647676689:,1747647684605
counter/10/0/0/0,29969:1747647673271:,1747647684605
counter/3/0/0/0,31695:1747647676689:,1747647684605
counter/10/0/0/0,29970:1747647673271:,1747647684605
counter/3/0/0/0,31696:1747647676689:,1747647684605
counter/10/0/0/0,29971:1747647673271:,1747647684605
counter/3/0/0/0,31697:1747647676690:,1747647684605
counter/10/0/0/0,29972:1747647673271:,1747647684605
counter/3/0/0/0,31698:1747647676693:,1747647684605
counter/10/0/0/0,29973:1747647673271:,1747647684605
counter/3/0/0/0,31699:1747647676693:,1747647684605
counter/10/0/0/0,29974:1747647673271:,1747647684605
counter/3/0/0/0,31700:1747647676693:,1747647684606
counter/10/0/0/0,29975:1747647673271:,1747647684606
counter/3/0/0/0,31701:1747647676697:,1747647684606
counter/10/0/0/0,29976:1747647673271:,1747647684606
counter/3/0/0/0,31702:1747647676697:,1747647684606
counter/10/0/0/0,29977:1747647673277:,1747647684606
counter/4/0/0/0,34662:1747647678440:,1747647684606
counter/3/0/0/0,31703:1747647676697:,1747647684606
counter/10/0/0/0,29978:1747647673277:,1747647684606
counter/4/0/0/0,34663:1747647678440:,1747647684606
counter/3/0/0/0,31704:1747647676697:,1747647684606
counter/4/0/0/0,34664:1747647678453:,1747647684606
counter/3/0/0/0,31705:1747647676697:,1747647684606
counter/4/0/0/0,34665:1747647678453:,1747647684606
counter/3/0/0/0,31706:1747647676697:,1747647684606
counter/4/0/0/0,34666:1747647678455:,1747647684606
counter/3/0/0/0,31707:1747647676704:,1747647684606
counter/4/0/0/0,34667:1747647678455:,1747647684606
counter/3/0/0/0,31708:1747647676704:,1747647684606
counter/4/0/0/0,34668:1747647678455:,1747647684606
counter/3/0/0/0,31709:1747647676704:,1747647684606
counter/4/0/0/0,34669:1747647678455:,1747647684606
counter/3/0/0/0,31710:1747647676704:,1747647684606
counter/4/0/0/0,34670:1747647678455:,1747647684606
counter/3/0/0/0,31711:1747647676704:,1747647684606
counter/4/0/0/0,34671:1747647678455:,1747647684606
counter/3/0/0/0,31712:1747647676704:,1747647684606
counter/4/0/0/0,34672:1747647678455:,1747647684606
counter/3/0/0/0,31713:1747647676707:,1747647684606
counter/4/0/0/0,34673:1747647678455:,1747647684606
counter/3/0/0/0,31714:1747647676721:,1747647684606
counter/4/0/0/0,34674:1747647678460:,1747647684606
counter/10/0/0/0,29979:1747647673277:,1747647684606
counter/3/0/0/0,31715:1747647676721:,1747647684606
counter/4/0/0/0,34675:1747647678460:,1747647684606
counter/3/0/0/0,31716:1747647676722:,1747647684606
counter/3/0/0/0,31717:1747647676723:,1747647684606
counter/3/0/0/0,31718:1747647676723:,1747647684606
counter/4/0/0/0,34676:1747647678460:,1747647684606
counter/3/0/0/0,31719:1747647676723:,1747647684607
counter/3/0/0/0,31720:1747647676723:,1747647684607
counter/3/0/0/0,31721:1747647676723:,1747647684607
counter/4/0/0/0,34677:1747647678460:,1747647684607
counter/3/0/0/0,31722:1747647676723:,1747647684607
counter/10/0/0/0,29980:1747647673277:,1747647684607
counter/3/0/0/0,31723:1747647676723:,1747647684607
counter/3/0/0/0,31724:1747647676723:,1747647684607
counter/4/0/0/0,34678:1747647678460:,1747647684607
counter/3/0/0/0,31725:1747647676723:,1747647684607
counter/10/0/0/0,29981:1747647673277:,1747647684607
counter/3/0/0/0,31726:1747647676723:,1747647684607
counter/3/0/0/0,31727:1747647676723:,1747647684607
counter/3/0/0/0,31728:1747647676723:,1747647684607
counter/3/0/0/0,31729:1747647676723:,1747647684607
counter/10/0/0/0,29982:1747647673278:,1747647684607
counter/3/0/0/0,31730:1747647676723:,1747647684607
counter/3/0/0/0,31731:1747647676727:,1747647684607
counter/3/0/0/0,31732:1747647676727:,1747647684607
counter/3/0/0/0,31733:1747647676727:,1747647684607
counter/3/0/0/0,31734:1747647676727:,1747647684607
counter/3/0/0/0,31735:1747647676727:,1747647684607
counter/3/0/0/0,31736:1747647676727:,1747647684607
counter/3/0/0/0,31737:1747647676727:,1747647684607
counter/3/0/0/0,31738:1747647676728:,1747647684607
counter/3/0/0/0,31739:1747647676728:,1747647684607
counter/3/0/0/0,31740:1747647676728:,1747647684607
counter/3/0/0/0,31741:1747647676728:,1747647684607
counter/3/0/0/0,31742:1747647676728:,1747647684607
counter/3/0/0/0,31743:1747647676728:,1747647684607
counter/3/0/0/0,31744:1747647676728:,1747647684607
counter/3/0/0/0,31745:1747647676742:,1747647684607
counter/3/0/0/0,31746:1747647676743:,1747647684607
counter/3/0/0/0,31747:1747647676743:,1747647684607
counter/3/0/0/0,31748:1747647676743:,1747647684607
counter/3/0/0/0,31749:1747647676743:,1747647684607
counter/3/0/0/0,31750:1747647676743:,1747647684607
counter/3/0/0/0,31751:1747647676743:,1747647684608
counter/10/0/0/0,29983:1747647673278:,1747647684608
counter/3/0/0/0,31752:1747647676743:,1747647684608
counter/3/0/0/0,31753:1747647676743:,1747647684608
counter/3/0/0/0,31754:1747647676743:,1747647684608
counter/4/0/0/0,34679:1747647678460:,1747647684608
counter/3/0/0/0,31755:1747647676743:,1747647684608
counter/10/0/0/0,29984:1747647673278:,1747647684608
counter/3/0/0/0,31756:1747647676750:,1747647684608
counter/3/0/0/0,31757:1747647676754:,1747647684608
counter/4/0/0/0,34680:1747647678460:,1747647684608
counter/3/0/0/0,31758:1747647676755:,1747647684608
counter/10/0/0/0,29985:1747647673278:,1747647684608
counter/3/0/0/0,31759:1747647676755:,1747647684608
counter/3/0/0/0,31760:1747647676755:,1747647684608
counter/3/0/0/0,31761:1747647676755:,1747647684608
counter/3/0/0/0,31762:1747647676755:,1747647684608
counter/3/0/0/0,31763:1747647676755:,1747647684608
counter/3/0/0/0,31764:1747647676755:,1747647684608
counter/3/0/0/0,31765:1747647676755:,1747647684608
counter/10/0/0/0,29986:1747647673278:,1747647684608
counter/3/0/0/0,31766:1747647676755:,1747647684608
counter/3/0/0/0,31767:1747647676755:,1747647684608
counter/3/0/0/0,31768:1747647676755:,1747647684608
counter/10/0/0/0,29987:1747647673278:,1747647684608
counter/3/0/0/0,31769:1747647676756:,1747647684608
counter/10/0/0/0,29988:1747647673286:,1747647684608
counter/3/0/0/0,31770:1747647676756:,1747647684608
counter/10/0/0/0,29989:1747647673286:,1747647684608
counter/3/0/0/0,31771:1747647676756:,1747647684608
counter/10/0/0/0,29990:1747647673286:,1747647684608
counter/3/0/0/0,31772:1747647676756:,1747647684608
counter/3/0/0/0,31773:1747647676756:,1747647684608
counter/3/0/0/0,31774:1747647676756:,1747647684608
counter/3/0/0/0,31775:1747647676757:,1747647684608
counter/3/0/0/0,31776:1747647676760:,1747647684608
counter/10/0/0/0,29991:1747647673287:,1747647684608
counter/3/0/0/0,31777:1747647676760:,1747647684608
counter/10/0/0/0,29992:1747647673287:,1747647684608
counter/3/0/0/0,31778:1747647676760:,1747647684608
counter/10/0/0/0,29993:1747647673287:,1747647684608
counter/3/0/0/0,31779:1747647676763:,1747647684608
counter/10/0/0/0,29994:1747647673287:,1747647684609
counter/3/0/0/0,31780:1747647676763:,1747647684609
counter/10/0/0/0,29995:1747647673288:,1747647684609
counter/3/0/0/0,31781:1747647676763:,1747647684609
counter/10/0/0/0,29996:1747647673288:,1747647684609
counter/3/0/0/0,31782:1747647676763:,1747647684609
counter/10/0/0/0,29997:1747647673288:,1747647684609
counter/4/0/0/0,34681:1747647678474:,1747647684609
counter/3/0/0/0,31783:1747647676763:,1747647684609
counter/10/0/0/0,29998:1747647673288:,1747647684609
counter/3/0/0/0,31784:1747647676763:,1747647684609
counter/10/0/0/0,29999:1747647673288:,1747647684609
counter/3/0/0/0,31785:1747647676763:,1747647684609
counter/10/0/0/0,30000:1747647673288:,1747647684609
counter/3/0/0/0,31786:1747647676763:,1747647684609
counter/10/0/0/0,30001:1747647673288:,1747647684609
counter/3/0/0/0,31787:1747647676763:,1747647684609
counter/10/0/0/0,30002:1747647673288:,1747647684609
counter/3/0/0/0,31788:1747647676763:,1747647684609
counter/10/0/0/0,30003:1747647673288:,1747647684609
counter/4/0/0/0,34682:1747647678474:,1747647684609
counter/3/0/0/0,31789:1747647676763:,1747647684609
counter/10/0/0/0,30004:1747647673288:,1747647684609
counter/3/0/0/0,31790:1747647676763:,1747647684609
counter/10/0/0/0,30005:1747647673288:,1747647684609
counter/3/0/0/0,31791:1747647676763:,1747647684609
counter/10/0/0/0,30006:1747647673289:,1747647684609
counter/3/0/0/0,31792:1747647676769:,1747647684609
counter/10/0/0/0,30007:1747647673289:,1747647684609
counter/3/0/0/0,31793:1747647676779:,1747647684609
counter/10/0/0/0,30008:1747647673289:,1747647684609
counter/4/0/0/0,34683:1747647678474:,1747647684609
counter/3/0/0/0,31794:1747647676779:,1747647684609
counter/10/0/0/0,30009:1747647673293:,1747647684609
counter/4/0/0/0,34684:1747647678474:,1747647684609
counter/3/0/0/0,31795:1747647676779:,1747647684609
counter/10/0/0/0,30010:1747647673293:,1747647684609
counter/3/0/0/0,31796:1747647676779:,1747647684610
counter/10/0/0/0,30011:1747647673293:,1747647684610
counter/3/0/0/0,31797:1747647676779:,1747647684610
counter/10/0/0/0,30012:1747647673293:,1747647684610
counter/3/0/0/0,31798:1747647676779:,1747647684610
counter/10/0/0/0,30013:1747647673293:,1747647684610
counter/4/0/0/0,34685:1747647678474:,1747647684610
counter/3/0/0/0,31799:1747647676779:,1747647684610
counter/10/0/0/0,30014:1747647673293:,1747647684610
counter/3/0/0/0,31800:1747647676779:,1747647684610
counter/10/0/0/0,30015:1747647673293:,1747647684610
counter/3/0/0/0,31801:1747647676779:,1747647684610
counter/10/0/0/0,30016:1747647673293:,1747647684610
counter/3/0/0/0,31802:1747647676780:,1747647684610
counter/10/0/0/0,30017:1747647673293:,1747647684610
counter/3/0/0/0,31803:1747647676780:,1747647684610
counter/10/0/0/0,30018:1747647673293:,1747647684610
counter/3/0/0/0,31804:1747647676780:,1747647684610
counter/10/0/0/0,30019:1747647673293:,1747647684610
counter/3/0/0/0,31805:1747647676780:,1747647684610
counter/10/0/0/0,30020:1747647673293:,1747647684610
counter/4/0/0/0,34686:1747647678474:,1747647684610
counter/3/0/0/0,31806:1747647676780:,1747647684610
counter/10/0/0/0,30021:1747647673293:,1747647684610
counter/3/0/0/0,31807:1747647676780:,1747647684610
counter/10/0/0/0,30022:1747647673293:,1747647684610
counter/3/0/0/0,31808:1747647676780:,1747647684610
counter/10/0/0/0,30023:1747647673293:,1747647684610
counter/3/0/0/0,31809:1747647676795:,1747647684610
counter/10/0/0/0,30024:1747647673293:,1747647684610
counter/3/0/0/0,31810:1747647676796:,1747647684610
counter/10/0/0/0,30025:1747647673293:,1747647684610
counter/3/0/0/0,31811:1747647676796:,1747647684610
counter/10/0/0/0,30026:1747647673293:,1747647684610
counter/3/0/0/0,31812:1747647676796:,1747647684610
counter/10/0/0/0,30027:1747647673293:,1747647684611
counter/3/0/0/0,31813:1747647676796:,1747647684611
counter/10/0/0/0,30028:1747647673293:,1747647684611
counter/3/0/0/0,31814:1747647676796:,1747647684611
counter/10/0/0/0,30029:1747647673293:,1747647684611
counter/3/0/0/0,31815:1747647676802:,1747647684611
counter/10/0/0/0,30030:1747647673293:,1747647684611
counter/3/0/0/0,31816:1747647676802:,1747647684611
counter/10/0/0/0,30031:1747647673294:,1747647684611
counter/3/0/0/0,31817:1747647676802:,1747647684611
counter/10/0/0/0,30032:1747647673294:,1747647684611
counter/3/0/0/0,31818:1747647676802:,1747647684611
counter/10/0/0/0,30033:1747647673294:,1747647684611
counter/4/0/0/0,34687:1747647678474:,1747647684611
counter/3/0/0/0,31819:1747647676802:,1747647684611
counter/10/0/0/0,30034:1747647673294:,1747647684611
counter/4/0/0/0,34688:1747647678474:,1747647684611
counter/3/0/0/0,31820:1747647676802:,1747647684611
counter/10/0/0/0,30035:1747647673294:,1747647684611
counter/3/0/0/0,31821:1747647676802:,1747647684611
counter/10/0/0/0,30036:1747647673294:,1747647684611
counter/4/0/0/0,34689:1747647678474:,1747647684611
counter/3/0/0/0,31822:1747647676802:,1747647684611
counter/10/0/0/0,30037:1747647673294:,1747647684611
counter/4/0/0/0,34690:1747647678474:,1747647684611
counter/3/0/0/0,31823:1747647676819:,1747647684611
counter/10/0/0/0,30038:1747647673294:,1747647684611
counter/3/0/0/0,31824:1747647676819:,1747647684611
counter/10/0/0/0,30039:1747647673294:,1747647684611
counter/3/0/0/0,31825:1747647676819:,1747647684611
counter/10/0/0/0,30040:1747647673294:,1747647684611
counter/3/0/0/0,31826:1747647676819:,1747647684611
counter/10/0/0/0,30041:1747647673294:,1747647684611
counter/3/0/0/0,31827:1747647676819:,1747647684611
counter/10/0/0/0,30042:1747647673294:,1747647684611
counter/4/0/0/0,34691:1747647678474:,1747647684612
counter/3/0/0/0,31828:1747647676819:,1747647684612
counter/10/0/0/0,30043:1747647673294:,1747647684612
counter/3/0/0/0,31829:1747647676819:,1747647684612
counter/10/0/0/0,30044:1747647673294:,1747647684612
counter/3/0/0/0,31830:1747647676819:,1747647684612
counter/10/0/0/0,30045:1747647673294:,1747647684612
counter/3/0/0/0,31831:1747647676819:,1747647684612
counter/10/0/0/0,30046:1747647673294:,1747647684612
counter/3/0/0/0,31832:1747647676820:,1747647684612
counter/10/0/0/0,30047:1747647673306:,1747647684612
counter/3/0/0/0,31833:1747647676820:,1747647684612
counter/10/0/0/0,30048:1747647673306:,1747647684612
counter/4/0/0/0,34692:1747647678482:,1747647684612
counter/3/0/0/0,31834:1747647676820:,1747647684612
counter/10/0/0/0,30049:1747647673306:,1747647684612
counter/4/0/0/0,34693:1747647678494:,1747647684612
counter/3/0/0/0,31835:1747647676820:,1747647684612
counter/10/0/0/0,30050:1747647673306:,1747647684612
counter/3/0/0/0,31836:1747647676822:,1747647684612
counter/10/0/0/0,30051:1747647673306:,1747647684612
counter/3/0/0/0,31837:1747647676822:,1747647684612
counter/10/0/0/0,30052:1747647673306:,1747647684612
counter/3/0/0/0,31838:1747647676822:,1747647684612
counter/10/0/0/0,30053:1747647673306:,1747647684612
counter/3/0/0/0,31839:1747647676822:,1747647684612
counter/10/0/0/0,30054:1747647673306:,1747647684612
counter/3/0/0/0,31840:1747647676822:,1747647684612
counter/10/0/0/0,30055:1747647673306:,1747647684612
counter/3/0/0/0,31841:1747647676822:,1747647684612
counter/10/0/0/0,30056:1747647673306:,1747647684612
counter/3/0/0/0,31842:1747647676843:,1747647684612
counter/10/0/0/0,30057:1747647673307:,1747647684612
counter/3/0/0/0,31843:1747647676843:,1747647684612
counter/10/0/0/0,30058:1747647673307:,1747647684612
counter/4/0/0/0,34694:1747647678494:,1747647684612
counter/3/0/0/0,31844:1747647676843:,1747647684612
counter/10/0/0/0,30059:1747647673307:,1747647684613
counter/3/0/0/0,31845:1747647676843:,1747647684613
counter/10/0/0/0,30060:1747647673307:,1747647684613
counter/3/0/0/0,31846:1747647676843:,1747647684613
counter/10/0/0/0,30061:1747647673307:,1747647684613
counter/3/0/0/0,31847:1747647676843:,1747647684613
counter/10/0/0/0,30062:1747647673307:,1747647684613
counter/3/0/0/0,31848:1747647676844:,1747647684613
counter/10/0/0/0,30063:1747647673307:,1747647684613
counter/4/0/0/0,34695:1747647678494:,1747647684613
counter/3/0/0/0,31849:1747647676844:,1747647684613
counter/10/0/0/0,30064:1747647673307:,1747647684613
counter/4/0/0/0,34696:1747647678494:,1747647684613
counter/3/0/0/0,31850:1747647676844:,1747647684613
counter/10/0/0/0,30065:1747647673307:,1747647684613
counter/3/0/0/0,31851:1747647676844:,1747647684613
counter/10/0/0/0,30066:1747647673307:,1747647684613
counter/3/0/0/0,31852:1747647676844:,1747647684613
counter/10/0/0/0,30067:1747647673307:,1747647684613
counter/3/0/0/0,31853:1747647676844:,1747647684613
counter/10/0/0/0,30068:1747647673307:,1747647684613
counter/3/0/0/0,31854:1747647676844:,1747647684613
counter/10/0/0/0,30069:1747647673307:,1747647684613
counter/3/0/0/0,31855:1747647676844:,1747647684613
counter/10/0/0/0,30070:1747647673307:,1747647684613
counter/3/0/0/0,31856:1747647676844:,1747647684613
counter/10/0/0/0,30071:1747647673307:,1747647684613
counter/4/0/0/0,34697:1747647678494:,1747647684613
counter/3/0/0/0,31857:1747647676844:,1747647684613
counter/10/0/0/0,30072:1747647673307:,1747647684613
counter/3/0/0/0,31858:1747647676844:,1747647684613
counter/10/0/0/0,30073:1747647673307:,1747647684613
counter/4/0/0/0,34698:1747647678494:,1747647684613
counter/3/0/0/0,31859:1747647676844:,1747647684613
counter/10/0/0/0,30074:1747647673312:,1747647684613
counter/3/0/0/0,31860:1747647676859:,1747647684613
counter/10/0/0/0,30075:1747647673312:,1747647684614
counter/3/0/0/0,31861:1747647676860:,1747647684614
counter/10/0/0/0,30076:1747647673312:,1747647684614
counter/3/0/0/0,31862:1747647676860:,1747647684614
counter/10/0/0/0,30077:1747647673312:,1747647684614
counter/3/0/0/0,31863:1747647676860:,1747647684614
counter/10/0/0/0,30078:1747647673312:,1747647684614
counter/3/0/0/0,31864:1747647676860:,1747647684614
counter/10/0/0/0,30079:1747647673313:,1747647684614
counter/3/0/0/0,31865:1747647676860:,1747647684614
counter/10/0/0/0,30080:1747647673313:,1747647684614
counter/3/0/0/0,31866:1747647676860:,1747647684614
counter/10/0/0/0,30081:1747647673313:,1747647684614
counter/3/0/0/0,31867:1747647676860:,1747647684614
counter/10/0/0/0,30082:1747647673313:,1747647684614
counter/3/0/0/0,31868:1747647676860:,1747647684614
counter/10/0/0/0,30083:1747647673313:,1747647684614
counter/3/0/0/0,31869:1747647676860:,1747647684614
counter/10/0/0/0,30084:1747647673313:,1747647684614
counter/4/0/0/0,34699:1747647678494:,1747647684614
counter/3/0/0/0,31870:1747647676863:,1747647684614
counter/10/0/0/0,30085:1747647673313:,1747647684614
counter/4/0/0/0,34700:1747647678495:,1747647684614
counter/3/0/0/0,31871:1747647676863:,1747647684614
counter/10/0/0/0,30086:1747647673317:,1747647684614
counter/3/0/0/0,31872:1747647676863:,1747647684614
counter/10/0/0/0,30087:1747647673317:,1747647684614
counter/3/0/0/0,31873:1747647676863:,1747647684614
counter/10/0/0/0,30088:1747647673317:,1747647684614
counter/3/0/0/0,31874:1747647676875:,1747647684614
counter/10/0/0/0,30089:1747647673317:,1747647684614
counter/4/0/0/0,34701:1747647678495:,1747647684614
counter/3/0/0/0,31875:1747647676875:,1747647684614
counter/10/0/0/0,30090:1747647673317:,1747647684614
counter/3/0/0/0,31876:1747647676875:,1747647684614
counter/10/0/0/0,30091:1747647673317:,1747647684614
counter/3/0/0/0,31877:1747647676875:,1747647684614
counter/10/0/0/0,30092:1747647673317:,1747647684614
counter/3/0/0/0,31878:1747647676875:,1747647684614
counter/10/0/0/0,30093:1747647673317:,1747647684615
counter/3/0/0/0,31879:1747647676875:,1747647684615
counter/10/0/0/0,30094:1747647673317:,1747647684615
counter/3/0/0/0,31880:1747647676875:,1747647684615
counter/10/0/0/0,30095:1747647673317:,1747647684615
counter/3/0/0/0,31881:1747647676875:,1747647684615
counter/10/0/0/0,30096:1747647673317:,1747647684615
counter/3/0/0/0,31882:1747647676875:,1747647684615
counter/10/0/0/0,30097:1747647673317:,1747647684615
counter/3/0/0/0,31883:1747647676875:,1747647684615
counter/10/0/0/0,30098:1747647673317:,1747647684615
counter/3/0/0/0,31884:1747647676875:,1747647684615
counter/10/0/0/0,30099:1747647673317:,1747647684615
counter/3/0/0/0,31885:1747647676877:,1747647684615
counter/10/0/0/0,30100:1747647673317:,1747647684615
counter/3/0/0/0,31886:1747647676877:,1747647684615
counter/10/0/0/0,30101:1747647673318:,1747647684615
counter/3/0/0/0,31887:1747647676877:,1747647684615
counter/10/0/0/0,30102:1747647673318:,1747647684615
counter/3/0/0/0,31888:1747647676877:,1747647684615
counter/10/0/0/0,30103:1747647673318:,1747647684615
counter/3/0/0/0,31889:1747647676877:,1747647684615
counter/10/0/0/0,30104:1747647673334:,1747647684615
counter/3/0/0/0,31890:1747647676877:,1747647684615
counter/10/0/0/0,30105:1747647673334:,1747647684615
counter/3/0/0/0,31891:1747647676883:,1747647684615
counter/10/0/0/0,30106:1747647673334:,1747647684615
counter/3/0/0/0,31892:1747647676885:,1747647684615
counter/10/0/0/0,30107:1747647673334:,1747647684615
counter/3/0/0/0,31893:1747647676891:,1747647684615
counter/10/0/0/0,30108:1747647673334:,1747647684615
counter/3/0/0/0,31894:1747647676891:,1747647684615
counter/10/0/0/0,30109:1747647673334:,1747647684615
counter/3/0/0/0,31895:1747647676891:,1747647684616
counter/10/0/0/0,30110:1747647673335:,1747647684616
counter/4/0/0/0,34702:1747647678495:,1747647684616
counter/3/0/0/0,31896:1747647676892:,1747647684616
counter/10/0/0/0,30111:1747647673335:,1747647684616
counter/3/0/0/0,31897:1747647676892:,1747647684616
counter/10/0/0/0,30112:1747647673336:,1747647684616
counter/3/0/0/0,31898:1747647676892:,1747647684616
counter/10/0/0/0,30113:1747647673336:,1747647684616
counter/3/0/0/0,31899:1747647676892:,1747647684616
counter/10/0/0/0,30114:1747647673336:,1747647684616
counter/3/0/0/0,31900:1747647676895:,1747647684616
counter/10/0/0/0,30115:1747647673336:,1747647684616
counter/3/0/0/0,31901:1747647676895:,1747647684616
counter/10/0/0/0,30116:1747647673336:,1747647684616
counter/3/0/0/0,31902:1747647676895:,1747647684616
counter/10/0/0/0,30117:1747647673336:,1747647684616
counter/3/0/0/0,31903:1747647676895:,1747647684616
counter/10/0/0/0,30118:1747647673336:,1747647684616
counter/3/0/0/0,31904:1747647676895:,1747647684616
counter/10/0/0/0,30119:1747647673336:,1747647684616
counter/3/0/0/0,31905:1747647676895:,1747647684616
counter/10/0/0/0,30120:1747647673336:,1747647684616
counter/3/0/0/0,31906:1747647676895:,1747647684616
counter/10/0/0/0,30121:1747647673336:,1747647684616
counter/3/0/0/0,31907:1747647676895:,1747647684616
counter/10/0/0/0,30122:1747647673336:,1747647684616
counter/3/0/0/0,31908:1747647676898:,1747647684616
counter/10/0/0/0,30123:1747647673336:,1747647684616
counter/3/0/0/0,31909:1747647676898:,1747647684616
counter/10/0/0/0,30124:1747647673336:,1747647684616
counter/4/0/0/0,34703:1747647678495:,1747647684616
counter/3/0/0/0,31910:1747647676920:,1747647684616
counter/10/0/0/0,30125:1747647673337:,1747647684616
counter/3/0/0/0,31911:1747647676920:,1747647684616
counter/10/0/0/0,30126:1747647673337:,1747647684616
counter/3/0/0/0,31912:1747647676920:,1747647684616
counter/10/0/0/0,30127:1747647673337:,1747647684616
counter/3/0/0/0,31913:1747647676920:,1747647684616
counter/10/0/0/0,30128:1747647673337:,1747647684617
counter/3/0/0/0,31914:1747647676920:,1747647684617
counter/10/0/0/0,30129:1747647673337:,1747647684617
counter/3/0/0/0,31915:1747647676920:,1747647684617
counter/10/0/0/0,30130:1747647673337:,1747647684617
counter/3/0/0/0,31916:1747647676920:,1747647684617
counter/10/0/0/0,30131:1747647673337:,1747647684617
counter/4/0/0/0,34704:1747647678495:,1747647684617
counter/3/0/0/0,31917:1747647676920:,1747647684617
counter/10/0/0/0,30132:1747647673337:,1747647684617
counter/3/0/0/0,31918:1747647676920:,1747647684617
counter/10/0/0/0,30133:1747647673337:,1747647684617
counter/3/0/0/0,31919:1747647676920:,1747647684617
counter/10/0/0/0,30134:1747647673337:,1747647684617
counter/3/0/0/0,31920:1747647676924:,1747647684617
counter/10/0/0/0,30135:1747647673337:,1747647684617
counter/4/0/0/0,34705:1747647678495:,1747647684617
counter/3/0/0/0,31921:1747647676924:,1747647684617
counter/10/0/0/0,30136:1747647673337:,1747647684617
counter/3/0/0/0,31922:1747647676939:,1747647684617
counter/10/0/0/0,30137:1747647673337:,1747647684617
counter/4/0/0/0,34706:1747647678504:,1747647684617
counter/3/0/0/0,31923:1747647676939:,1747647684617
counter/10/0/0/0,30138:1747647673348:,1747647684617
counter/3/0/0/0,31924:1747647676939:,1747647684617
counter/10/0/0/0,30139:1747647673348:,1747647684617
counter/3/0/0/0,31925:1747647676939:,1747647684617
counter/10/0/0/0,30140:1747647673350:,1747647684617
counter/3/0/0/0,31926:1747647676939:,1747647684617
counter/10/0/0/0,30141:1747647673350:,1747647684617
counter/3/0/0/0,31927:1747647676939:,1747647684617
counter/10/0/0/0,30142:1747647673350:,1747647684617
counter/3/0/0/0,31928:1747647676939:,1747647684617
counter/10/0/0/0,30143:1747647673351:,1747647684617
counter/3/0/0/0,31929:1747647676939:,1747647684618
counter/10/0/0/0,30144:1747647673351:,1747647684618
counter/4/0/0/0,34707:1747647678504:,1747647684618
counter/3/0/0/0,31930:1747647676940:,1747647684618
counter/10/0/0/0,30145:1747647673351:,1747647684618
counter/4/0/0/0,34708:1747647678504:,1747647684618
counter/3/0/0/0,31931:1747647676940:,1747647684618
counter/10/0/0/0,30146:1747647673351:,1747647684618
counter/3/0/0/0,31932:1747647676940:,1747647684618
counter/10/0/0/0,30147:1747647673351:,1747647684618
counter/3/0/0/0,31933:1747647676940:,1747647684618
counter/10/0/0/0,30148:1747647673351:,1747647684618
counter/4/0/0/0,34709:1747647678504:,1747647684618
counter/3/0/0/0,31934:1747647676940:,1747647684618
counter/10/0/0/0,30149:1747647673351:,1747647684618
counter/3/0/0/0,31935:1747647676940:,1747647684618
counter/10/0/0/0,30150:1747647673351:,1747647684618
counter/3/0/0/0,31936:1747647676940:,1747647684618
counter/10/0/0/0,30151:1747647673351:,1747647684618
counter/3/0/0/0,31937:1747647676940:,1747647684618
counter/10/0/0/0,30152:1747647673351:,1747647684618
counter/3/0/0/0,31938:1747647676940:,1747647684618
counter/10/0/0/0,30153:1747647673351:,1747647684618
counter/4/0/0/0,34710:1747647678504:,1747647684618
counter/3/0/0/0,31939:1747647676940:,1747647684618
counter/10/0/0/0,30154:1747647673353:,1747647684618
counter/3/0/0/0,31940:1747647676940:,1747647684618
counter/10/0/0/0,30155:1747647673353:,1747647684618
counter/3/0/0/0,31941:1747647676940:,1747647684618
counter/10/0/0/0,30156:1747647673353:,1747647684618
counter/3/0/0/0,31942:1747647676940:,1747647684618
counter/10/0/0/0,30157:1747647673353:,1747647684618
counter/3/0/0/0,31943:1747647676940:,1747647684618
counter/10/0/0/0,30158:1747647673353:,1747647684618
counter/4/0/0/0,34711:1747647678504:,1747647684618
counter/3/0/0/0,31944:1747647676940:,1747647684619
counter/10/0/0/0,30159:1747647673353:,1747647684619
counter/4/0/0/0,34712:1747647678531:,1747647684619
counter/3/0/0/0,31945:1747647676940:,1747647684619
counter/4/0/0/0,34713:1747647678531:,1747647684619
counter/3/0/0/0,31946:1747647676940:,1747647684619
counter/10/0/0/0,30160:1747647673353:,1747647684619
counter/3/0/0/0,31947:1747647676940:,1747647684619
counter/3/0/0/0,31948:1747647676940:,1747647684619
counter/3/0/0/0,31949:1747647676941:,1747647684619
counter/3/0/0/0,31950:1747647676941:,1747647684619
counter/3/0/0/0,31951:1747647676955:,1747647684619
counter/3/0/0/0,31952:1747647676955:,1747647684619
counter/3/0/0/0,31953:1747647676956:,1747647684619
counter/3/0/0/0,31954:1747647676956:,1747647684619
counter/3/0/0/0,31955:1747647676956:,1747647684619
counter/3/0/0/0,31956:1747647676956:,1747647684619
counter/10/0/0/0,30161:1747647673353:,1747647684619
counter/3/0/0/0,31957:1747647676956:,1747647684619
counter/3/0/0/0,31958:1747647676956:,1747647684619
counter/3/0/0/0,31959:1747647676956:,1747647684619
counter/3/0/0/0,31960:1747647676956:,1747647684619
counter/3/0/0/0,31961:1747647676977:,1747647684619
counter/3/0/0/0,31962:1747647676987:,1747647684619
counter/3/0/0/0,31963:1747647676987:,1747647684619
counter/3/0/0/0,31964:1747647676987:,1747647684619
counter/3/0/0/0,31965:1747647676987:,1747647684619
counter/10/0/0/0,30162:1747647673358:,1747647684619
counter/3/0/0/0,31966:1747647676987:,1747647684619
counter/10/0/0/0,30163:1747647673358:,1747647684619
counter/3/0/0/0,31967:1747647676987:,1747647684619
counter/10/0/0/0,30164:1747647673358:,1747647684619
counter/3/0/0/0,31968:1747647676987:,1747647684619
counter/3/0/0/0,31969:1747647676987:,1747647684619
counter/3/0/0/0,31970:1747647676987:,1747647684619
counter/10/0/0/0,30165:1747647673358:,1747647684619
counter/3/0/0/0,31971:1747647676989:,1747647684619
counter/3/0/0/0,31972:1747647676989:,1747647684619
counter/3/0/0/0,31973:1747647676989:,1747647684619
counter/4/0/0/0,34714:1747647678531:,1747647684619
counter/3/0/0/0,31974:1747647676989:,1747647684620
counter/3/0/0/0,31975:1747647676992:,1747647684620
counter/3/0/0/0,31976:1747647676992:,1747647684620
counter/4/0/0/0,34715:1747647678531:,1747647684620
counter/3/0/0/0,31977:1747647676992:,1747647684620
counter/10/0/0/0,30166:1747647673358:,1747647684620
counter/3/0/0/0,31978:1747647677002:,1747647684620
counter/10/0/0/0,30167:1747647673358:,1747647684620
counter/3/0/0/0,31979:1747647677002:,1747647684620
counter/10/0/0/0,30168:1747647673358:,1747647684620
counter/3/0/0/0,31980:1747647677002:,1747647684620
counter/10/0/0/0,30169:1747647673358:,1747647684620
counter/4/0/0/0,34716:1747647678531:,1747647684620
counter/3/0/0/0,31981:1747647677002:,1747647684620
counter/10/0/0/0,30170:1747647673358:,1747647684620
counter/4/0/0/0,34717:1747647678531:,1747647684620
counter/3/0/0/0,31982:1747647677002:,1747647684620
counter/10/0/0/0,30171:1747647673358:,1747647684620
counter/3/0/0/0,31983:1747647677014:,1747647684620
counter/10/0/0/0,30172:1747647673358:,1747647684620
counter/3/0/0/0,31984:1747647677015:,1747647684620
counter/10/0/0/0,30173:1747647673358:,1747647684620
counter/4/0/0/0,34718:1747647678531:,1747647684620
counter/3/0/0/0,31985:1747647677015:,1747647684620
counter/10/0/0/0,30174:1747647673358:,1747647684620
counter/3/0/0/0,31986:1747647677015:,1747647684620
counter/10/0/0/0,30175:1747647673360:,1747647684620
counter/4/0/0/0,34719:1747647678531:,1747647684620
counter/3/0/0/0,31987:1747647677015:,1747647684620
counter/10/0/0/0,30176:1747647673362:,1747647684620
counter/4/0/0/0,34720:1747647678531:,1747647684620
counter/3/0/0/0,31988:1747647677015:,1747647684620
counter/10/0/0/0,30177:1747647673363:,1747647684620
counter/3/0/0/0,31989:1747647677015:,1747647684620
counter/10/0/0/0,30178:1747647673363:,1747647684620
counter/3/0/0/0,31990:1747647677015:,1747647684620
counter/10/0/0/0,30179:1747647673363:,1747647684620
counter/3/0/0/0,31991:1747647677015:,1747647684621
counter/10/0/0/0,30180:1747647673363:,1747647684621
counter/3/0/0/0,31992:1747647677015:,1747647684621
counter/10/0/0/0,30181:1747647673363:,1747647684621
counter/3/0/0/0,31993:1747647677015:,1747647684621
counter/10/0/0/0,30182:1747647673363:,1747647684621
counter/3/0/0/0,31994:1747647677015:,1747647684621
counter/10/0/0/0,30183:1747647673363:,1747647684621
counter/3/0/0/0,31995:1747647677033:,1747647684621
counter/10/0/0/0,30184:1747647673363:,1747647684621
counter/4/0/0/0,34721:1747647678531:,1747647684621
counter/3/0/0/0,31996:1747647677034:,1747647684621
counter/10/0/0/0,30185:1747647673363:,1747647684621
counter/3/0/0/0,31997:1747647677034:,1747647684621
counter/10/0/0/0,30186:1747647673363:,1747647684621
counter/3/0/0/0,31998:1747647677034:,1747647684621
counter/10/0/0/0,30187:1747647673363:,1747647684621
counter/3/0/0/0,31999:1747647677034:,1747647684621
counter/10/0/0/0,30188:1747647673363:,1747647684621
counter/3/0/0/0,32000:1747647677034:,1747647684621
counter/10/0/0/0,30189:1747647673363:,1747647684621
counter/3/0/0/0,32001:1747647677034:,1747647684621
counter/10/0/0/0,30190:1747647673363:,1747647684621
counter/3/0/0/0,32002:1747647677034:,1747647684621
counter/10/0/0/0,30191:1747647673364:,1747647684621
counter/3/0/0/0,32003:1747647677034:,1747647684621
counter/10/0/0/0,30192:1747647673364:,1747647684621
counter/3/0/0/0,32004:1747647677035:,1747647684621
counter/3/0/0/0,32005:1747647677035:,1747647684621
counter/3/0/0/0,32006:1747647677035:,1747647684621
counter/3/0/0/0,32007:1747647677052:,1747647684621
counter/3/0/0/0,32008:1747647677053:,1747647684621
counter/3/0/0/0,32009:1747647677054:,1747647684621
counter/3/0/0/0,32010:1747647677054:,1747647684621
counter/3/0/0/0,32011:1747647677054:,1747647684621
counter/3/0/0/0,32012:1747647677054:,1747647684621
counter/3/0/0/0,32013:1747647677054:,1747647684621
counter/3/0/0/0,32014:1747647677054:,1747647684621
counter/10/0/0/0,30193:1747647673375:,1747647684621
counter/3/0/0/0,32015:1747647677054:,1747647684621
counter/3/0/0/0,32016:1747647677054:,1747647684621
counter/3/0/0/0,32017:1747647677054:,1747647684622
counter/3/0/0/0,32018:1747647677054:,1747647684622
counter/4/0/0/0,34722:1747647678531:,1747647684622
counter/3/0/0/0,32019:1747647677054:,1747647684622
counter/3/0/0/0,32020:1747647677055:,1747647684622
counter/3/0/0/0,32021:1747647677056:,1747647684622
counter/3/0/0/0,32022:1747647677061:,1747647684622
counter/10/0/0/0,30194:1747647673375:,1747647684622
counter/3/0/0/0,32023:1747647677068:,1747647684622
counter/10/0/0/0,30195:1747647673375:,1747647684622
counter/3/0/0/0,32024:1747647677068:,1747647684622
counter/10/0/0/0,30196:1747647673375:,1747647684622
counter/3/0/0/0,32025:1747647677068:,1747647684622
counter/10/0/0/0,30197:1747647673375:,1747647684622
counter/4/0/0/0,34723:1747647678531:,1747647684622
counter/3/0/0/0,32026:1747647677068:,1747647684622
counter/3/0/0/0,32027:1747647677068:,1747647684622
counter/3/0/0/0,32028:1747647677068:,1747647684622
counter/4/0/0/0,34724:1747647678531:,1747647684622
counter/3/0/0/0,32029:1747647677068:,1747647684622
counter/10/0/0/0,30198:1747647673376:,1747647684622
counter/3/0/0/0,32030:1747647677068:,1747647684622
counter/3/0/0/0,32031:1747647677077:,1747647684622
counter/3/0/0/0,32032:1747647677078:,1747647684622
counter/10/0/0/0,30199:1747647673376:,1747647684622
counter/3/0/0/0,32033:1747647677078:,1747647684622
counter/3/0/0/0,32034:1747647677084:,1747647684622
counter/3/0/0/0,32035:1747647677085:,1747647684622
counter/4/0/0/0,34725:1747647678531:,1747647684622
counter/3/0/0/0,32036:1747647677085:,1747647684622
counter/3/0/0/0,32037:1747647677085:,1747647684622
counter/4/0/0/0,34726:1747647678531:,1747647684622
counter/3/0/0/0,32038:1747647677085:,1747647684622
counter/3/0/0/0,32039:1747647677085:,1747647684622
counter/3/0/0/0,32040:1747647677085:,1747647684622
counter/4/0/0/0,34727:1747647678531:,1747647684622
counter/3/0/0/0,32041:1747647677085:,1747647684622
counter/3/0/0/0,32042:1747647677086:,1747647684623
counter/4/0/0/0,34728:1747647678531:,1747647684623
counter/3/0/0/0,32043:1747647677086:,1747647684623
counter/10/0/0/0,30200:1747647673376:,1747647684623
counter/3/0/0/0,32044:1747647677086:,1747647684623
counter/3/0/0/0,32045:1747647677086:,1747647684623
counter/3/0/0/0,32046:1747647677111:,1747647684623
counter/3/0/0/0,32047:1747647677111:,1747647684623
counter/3/0/0/0,32048:1747647677111:,1747647684623
counter/10/0/0/0,30201:1747647673376:,1747647684623
counter/3/0/0/0,32049:1747647677111:,1747647684623
counter/3/0/0/0,32050:1747647677112:,1747647684623
counter/3/0/0/0,32051:1747647677112:,1747647684623
counter/3/0/0/0,32052:1747647677112:,1747647684623
counter/3/0/0/0,32053:1747647677112:,1747647684623
counter/3/0/0/0,32054:1747647677122:,1747647684623
counter/3/0/0/0,32055:1747647677122:,1747647684623
counter/3/0/0/0,32056:1747647677122:,1747647684623
counter/10/0/0/0,30202:1747647673376:,1747647684623
counter/3/0/0/0,32057:1747647677122:,1747647684623
counter/3/0/0/0,32058:1747647677122:,1747647684623
counter/3/0/0/0,32059:1747647677122:,1747647684623
counter/3/0/0/0,32060:1747647677124:,1747647684623
counter/3/0/0/0,32061:1747647677124:,1747647684623
counter/10/0/0/0,30203:1747647673376:,1747647684623
counter/3/0/0/0,32062:1747647677124:,1747647684623
counter/3/0/0/0,32063:1747647677124:,1747647684623
counter/3/0/0/0,32064:1747647677124:,1747647684623
counter/3/0/0/0,32065:1747647677124:,1747647684623
counter/3/0/0/0,32066:1747647677124:,1747647684623
counter/4/0/0/0,34729:1747647678531:,1747647684623
counter/3/0/0/0,32067:1747647677124:,1747647684623
counter/3/0/0/0,32068:1747647677124:,1747647684623
counter/3/0/0/0,32069:1747647677124:,1747647684623
counter/3/0/0/0,32070:1747647677140:,1747647684623
counter/3/0/0/0,32071:1747647677140:,1747647684624
counter/3/0/0/0,32072:1747647677140:,1747647684624
counter/3/0/0/0,32073:1747647677140:,1747647684624
counter/10/0/0/0,30204:1747647673377:,1747647684624
counter/3/0/0/0,32074:1747647677140:,1747647684624
counter/3/0/0/0,32075:1747647677151:,1747647684624
counter/3/0/0/0,32076:1747647677151:,1747647684624
counter/3/0/0/0,32077:1747647677151:,1747647684624
counter/3/0/0/0,32078:1747647677151:,1747647684624
counter/3/0/0/0,32079:1747647677154:,1747647684624
counter/3/0/0/0,32080:1747647677154:,1747647684624
counter/4/0/0/0,34730:1747647678531:,1747647684624
counter/3/0/0/0,32081:1747647677154:,1747647684624
counter/10/0/0/0,30205:1747647673381:,1747647684624
counter/3/0/0/0,32082:1747647677154:,1747647684624
counter/3/0/0/0,32083:1747647677154:,1747647684624
counter/3/0/0/0,32084:1747647677161:,1747647684624
counter/3/0/0/0,32085:1747647677161:,1747647684624
counter/3/0/0/0,32086:1747647677161:,1747647684624
counter/3/0/0/0,32087:1747647677161:,1747647684624
counter/3/0/0/0,32088:1747647677161:,1747647684624
counter/3/0/0/0,32089:1747647677161:,1747647684624
counter/3/0/0/0,32090:1747647677161:,1747647684624
counter/10/0/0/0,30206:1747647673381:,1747647684624
counter/3/0/0/0,32091:1747647677175:,1747647684624
counter/3/0/0/0,32092:1747647677176:,1747647684624
counter/3/0/0/0,32093:1747647677176:,1747647684624
counter/3/0/0/0,32094:1747647677176:,1747647684624
counter/3/0/0/0,32095:1747647677176:,1747647684624
counter/3/0/0/0,32096:1747647677177:,1747647684624
counter/3/0/0/0,32097:1747647677177:,1747647684624
counter/3/0/0/0,32098:1747647677177:,1747647684624
counter/10/0/0/0,30207:1747647673381:,1747647684624
counter/3/0/0/0,32099:1747647677180:,1747647684624
counter/3/0/0/0,32100:1747647677180:,1747647684624
counter/3/0/0/0,32101:1747647677180:,1747647684624
counter/3/0/0/0,32102:1747647677180:,1747647684624
counter/3/0/0/0,32103:1747647677180:,1747647684624
counter/3/0/0/0,32104:1747647677180:,1747647684624
counter/3/0/0/0,32105:1747647677180:,1747647684625
counter/3/0/0/0,32106:1747647677180:,1747647684625
counter/3/0/0/0,32107:1747647677180:,1747647684625
counter/10/0/0/0,30208:1747647673381:,1747647684625
counter/3/0/0/0,32108:1747647677180:,1747647684625
counter/3/0/0/0,32109:1747647677180:,1747647684625
counter/3/0/0/0,32110:1747647677180:,1747647684625
counter/3/0/0/0,32111:1747647677180:,1747647684625
counter/3/0/0/0,32112:1747647677180:,1747647684625
counter/3/0/0/0,32113:1747647677180:,1747647684625
counter/10/0/0/0,30209:1747647673381:,1747647684625
counter/3/0/0/0,32114:1747647677180:,1747647684625
counter/3/0/0/0,32115:1747647677180:,1747647684625
counter/3/0/0/0,32116:1747647677180:,1747647684625
counter/3/0/0/0,32117:1747647677180:,1747647684625
counter/3/0/0/0,32118:1747647677181:,1747647684625
counter/3/0/0/0,32119:1747647677194:,1747647684625
counter/10/0/0/0,30210:1747647673381:,1747647684625
counter/3/0/0/0,32120:1747647677194:,1747647684625
counter/3/0/0/0,32121:1747647677194:,1747647684625
counter/3/0/0/0,32122:1747647677194:,1747647684625
counter/3/0/0/0,32123:1747647677194:,1747647684625
counter/3/0/0/0,32124:1747647677194:,1747647684625
counter/3/0/0/0,32125:1747647677194:,1747647684625
counter/10/0/0/0,30211:1747647673381:,1747647684625
counter/3/0/0/0,32126:1747647677194:,1747647684625
counter/3/0/0/0,32127:1747647677194:,1747647684625
counter/3/0/0/0,32128:1747647677194:,1747647684625
counter/4/0/0/0,34731:1747647678531:,1747647684625
counter/3/0/0/0,32129:1747647677194:,1747647684625
counter/3/0/0/0,32130:1747647677194:,1747647684625
counter/3/0/0/0,32131:1747647677199:,1747647684625
counter/3/0/0/0,32132:1747647677199:,1747647684625
counter/3/0/0/0,32133:1747647677199:,1747647684625
counter/10/0/0/0,30212:1747647673381:,1747647684625
counter/3/0/0/0,32134:1747647677199:,1747647684626
counter/10/0/0/0,30213:1747647673381:,1747647684626
counter/3/0/0/0,32135:1747647677199:,1747647684626
counter/10/0/0/0,30214:1747647673381:,1747647684626
counter/3/0/0/0,32136:1747647677199:,1747647684626
counter/10/0/0/0,30215:1747647673381:,1747647684626
counter/4/0/0/0,34732:1747647678531:,1747647684626
counter/3/0/0/0,32137:1747647677199:,1747647684626
counter/10/0/0/0,30216:1747647673381:,1747647684626
counter/4/0/0/0,34733:1747647678531:,1747647684626
counter/3/0/0/0,32138:1747647677199:,1747647684626
counter/10/0/0/0,30217:1747647673381:,1747647684626
counter/3/0/0/0,32139:1747647677199:,1747647684626
counter/10/0/0/0,30218:1747647673381:,1747647684626
counter/3/0/0/0,32140:1747647677199:,1747647684626
counter/10/0/0/0,30219:1747647673381:,1747647684626
counter/3/0/0/0,32141:1747647677199:,1747647684626
counter/10/0/0/0,30220:1747647673381:,1747647684626
counter/3/0/0/0,32142:1747647677199:,1747647684626
counter/10/0/0/0,30221:1747647673381:,1747647684626
counter/3/0/0/0,32143:1747647677199:,1747647684626
counter/10/0/0/0,30222:1747647673381:,1747647684626
counter/4/0/0/0,34734:1747647678531:,1747647684626
counter/3/0/0/0,32144:1747647677199:,1747647684626
counter/10/0/0/0,30223:1747647673381:,1747647684626
counter/3/0/0/0,32145:1747647677199:,1747647684626
counter/10/0/0/0,30224:1747647673382:,1747647684626
counter/4/0/0/0,34735:1747647678539:,1747647684626
counter/3/0/0/0,32146:1747647677199:,1747647684626
counter/10/0/0/0,30225:1747647673382:,1747647684626
counter/3/0/0/0,32147:1747647677199:,1747647684626
counter/10/0/0/0,30226:1747647673382:,1747647684626
counter/3/0/0/0,32148:1747647677199:,1747647684626
counter/10/0/0/0,30227:1747647673383:,1747647684626
counter/4/0/0/0,34736:1747647678540:,1747647684626
counter/3/0/0/0,32149:1747647677213:,1747647684626
counter/10/0/0/0,30228:1747647673383:,1747647684627
counter/3/0/0/0,32150:1747647677213:,1747647684627
counter/10/0/0/0,30229:1747647673383:,1747647684627
counter/3/0/0/0,32151:1747647677213:,1747647684627
counter/10/0/0/0,30230:1747647673384:,1747647684627
counter/3/0/0/0,32152:1747647677213:,1747647684627
counter/10/0/0/0,30231:1747647673386:,1747647684627
counter/3/0/0/0,32153:1747647677218:,1747647684627
counter/10/0/0/0,30232:1747647673386:,1747647684627
counter/3/0/0/0,32154:1747647677218:,1747647684627
counter/10/0/0/0,30233:1747647673386:,1747647684627
counter/3/0/0/0,32155:1747647677218:,1747647684627
counter/10/0/0/0,30234:1747647673386:,1747647684627
counter/3/0/0/0,32156:1747647677218:,1747647684627
counter/10/0/0/0,30235:1747647673386:,1747647684627
counter/3/0/0/0,32157:1747647677218:,1747647684627
counter/10/0/0/0,30236:1747647673386:,1747647684627
counter/3/0/0/0,32158:1747647677218:,1747647684627
counter/10/0/0/0,30237:1747647673386:,1747647684627
counter/3/0/0/0,32159:1747647677218:,1747647684627
counter/10/0/0/0,30238:1747647673386:,1747647684627
counter/3/0/0/0,32160:1747647677218:,1747647684627
counter/10/0/0/0,30239:1747647673391:,1747647684627
counter/3/0/0/0,32161:1747647677218:,1747647684627
counter/10/0/0/0,30240:1747647673391:,1747647684627
counter/3/0/0/0,32162:1747647677222:,1747647684627
counter/10/0/0/0,30241:1747647673391:,1747647684627
counter/3/0/0/0,32163:1747647677222:,1747647684627
counter/10/0/0/0,30242:1747647673391:,1747647684627
counter/3/0/0/0,32164:1747647677222:,1747647684627
counter/10/0/0/0,30243:1747647673391:,1747647684627
counter/3/0/0/0,32165:1747647677222:,1747647684627
counter/10/0/0/0,30244:1747647673401:,1747647684627
counter/3/0/0/0,32166:1747647677222:,1747647684627
counter/10/0/0/0,30245:1747647673401:,1747647684627
counter/3/0/0/0,32167:1747647677222:,1747647684627
counter/10/0/0/0,30246:1747647673401:,1747647684627
counter/3/0/0/0,32168:1747647677228:,1747647684628
counter/10/0/0/0,30247:1747647673401:,1747647684628
counter/3/0/0/0,32169:1747647677228:,1747647684628
counter/10/0/0/0,30248:1747647673401:,1747647684628
counter/3/0/0/0,32170:1747647677229:,1747647684628
counter/10/0/0/0,30249:1747647673402:,1747647684628
counter/3/0/0/0,32171:1747647677229:,1747647684628
counter/10/0/0/0,30250:1747647673402:,1747647684628
counter/3/0/0/0,32172:1747647677229:,1747647684628
counter/10/0/0/0,30251:1747647673402:,1747647684628
counter/3/0/0/0,32173:1747647677229:,1747647684628
counter/10/0/0/0,30252:1747647673411:,1747647684628
counter/3/0/0/0,32174:1747647677229:,1747647684628
counter/10/0/0/0,30253:1747647673411:,1747647684628
counter/3/0/0/0,32175:1747647677229:,1747647684628
counter/10/0/0/0,30254:1747647673411:,1747647684628
counter/3/0/0/0,32176:1747647677229:,1747647684628
counter/10/0/0/0,30255:1747647673411:,1747647684628
counter/3/0/0/0,32177:1747647677229:,1747647684628
counter/10/0/0/0,30256:1747647673411:,1747647684628
counter/3/0/0/0,32178:1747647677258:,1747647684628
counter/10/0/0/0,30257:1747647673411:,1747647684628
counter/3/0/0/0,32179:1747647677258:,1747647684628
counter/10/0/0/0,30258:1747647673411:,1747647684628
counter/3/0/0/0,32180:1747647677258:,1747647684628
counter/10/0/0/0,30259:1747647673411:,1747647684628
counter/3/0/0/0,32181:1747647677258:,1747647684628
counter/10/0/0/0,30260:1747647673411:,1747647684628
counter/3/0/0/0,32182:1747647677258:,1747647684628
counter/10/0/0/0,30261:1747647673411:,1747647684628
counter/3/0/0/0,32183:1747647677258:,1747647684628
counter/10/0/0/0,30262:1747647673411:,1747647684628
counter/3/0/0/0,32184:1747647677258:,1747647684628
counter/10/0/0/0,30263:1747647673411:,1747647684628
counter/3/0/0/0,32185:1747647677258:,1747647684628
counter/10/0/0/0,30264:1747647673411:,1747647684629
counter/3/0/0/0,32186:1747647677258:,1747647684629
counter/10/0/0/0,30265:1747647673418:,1747647684629
counter/3/0/0/0,32187:1747647677258:,1747647684629
counter/10/0/0/0,30266:1747647673431:,1747647684629
counter/3/0/0/0,32188:1747647677258:,1747647684629
counter/10/0/0/0,30267:1747647673431:,1747647684629
counter/3/0/0/0,32189:1747647677258:,1747647684629
counter/10/0/0/0,30268:1747647673431:,1747647684629
counter/3/0/0/0,32190:1747647677258:,1747647684629
counter/10/0/0/0,30269:1747647673431:,1747647684629
counter/4/0/0/0,34737:1747647678540:,1747647684629
counter/3/0/0/0,32191:1747647677258:,1747647684629
counter/10/0/0/0,30270:1747647673449:,1747647684629
counter/4/0/0/0,34738:1747647678540:,1747647684629
counter/3/0/0/0,32192:1747647677258:,1747647684629
counter/10/0/0/0,30271:1747647673449:,1747647684629
counter/3/0/0/0,32193:1747647677258:,1747647684629
counter/10/0/0/0,30272:1747647673449:,1747647684629
counter/3/0/0/0,32194:1747647677261:,1747647684629
counter/10/0/0/0,30273:1747647673461:,1747647684629
counter/3/0/0/0,32195:1747647677262:,1747647684629
counter/10/0/0/0,30274:1747647673461:,1747647684629
counter/3/0/0/0,32196:1747647677262:,1747647684629
counter/10/0/0/0,30275:1747647673461:,1747647684629
counter/4/0/0/0,34739:1747647678540:,1747647684629
counter/3/0/0/0,32197:1747647677262:,1747647684629
counter/10/0/0/0,30276:1747647673461:,1747647684629
counter/3/0/0/0,32198:1747647677262:,1747647684629
counter/10/0/0/0,30277:1747647673461:,1747647684629
counter/3/0/0/0,32199:1747647677262:,1747647684629
counter/10/0/0/0,30278:1747647673464:,1747647684629
counter/3/0/0/0,32200:1747647677262:,1747647684629
counter/10/0/0/0,30279:1747647673464:,1747647684629
counter/3/0/0/0,32201:1747647677262:,1747647684629
counter/10/0/0/0,30280:1747647673464:,1747647684629
counter/3/0/0/0,32202:1747647677262:,1747647684629
counter/10/0/0/0,30281:1747647673464:,1747647684629
counter/3/0/0/0,32203:1747647677262:,1747647684630
counter/10/0/0/0,30282:1747647673464:,1747647684630
counter/3/0/0/0,32204:1747647677262:,1747647684630
counter/10/0/0/0,30283:1747647673464:,1747647684630
counter/3/0/0/0,32205:1747647677262:,1747647684630
counter/10/0/0/0,30284:1747647673464:,1747647684630
counter/4/0/0/0,34740:1747647678548:,1747647684630
counter/3/0/0/0,32206:1747647677262:,1747647684630
counter/10/0/0/0,30285:1747647673464:,1747647684630
counter/3/0/0/0,32207:1747647677263:,1747647684630
counter/10/0/0/0,30286:1747647673465:,1747647684630
counter/3/0/0/0,32208:1747647677263:,1747647684630
counter/10/0/0/0,30287:1747647673465:,1747647684630
counter/3/0/0/0,32209:1747647677263:,1747647684630
counter/10/0/0/0,30288:1747647673465:,1747647684630
counter/4/0/0/0,34741:1747647678548:,1747647684630
counter/3/0/0/0,32210:1747647677263:,1747647684630
counter/10/0/0/0,30289:1747647673465:,1747647684630
counter/3/0/0/0,32211:1747647677263:,1747647684630
counter/10/0/0/0,30290:1747647673465:,1747647684630
counter/4/0/0/0,34742:1747647678548:,1747647684630
counter/3/0/0/0,32212:1747647677263:,1747647684630
counter/10/0/0/0,30291:1747647673465:,1747647684630
counter/3/0/0/0,32213:1747647677263:,1747647684630
counter/10/0/0/0,30292:1747647673465:,1747647684630
counter/3/0/0/0,32214:1747647677263:,1747647684630
counter/10/0/0/0,30293:1747647673465:,1747647684630
counter/3/0/0/0,32215:1747647677263:,1747647684630
counter/10/0/0/0,30294:1747647673465:,1747647684630
counter/3/0/0/0,32216:1747647677263:,1747647684630
counter/10/0/0/0,30295:1747647673465:,1747647684630
counter/3/0/0/0,32217:1747647677263:,1747647684630
counter/10/0/0/0,30296:1747647673465:,1747647684630
counter/3/0/0/0,32218:1747647677264:,1747647684630
counter/10/0/0/0,30297:1747647673465:,1747647684630
counter/3/0/0/0,32219:1747647677264:,1747647684630
counter/10/0/0/0,30298:1747647673465:,1747647684630
counter/3/0/0/0,32220:1747647677264:,1747647684630
counter/10/0/0/0,30299:1747647673465:,1747647684631
counter/3/0/0/0,32221:1747647677264:,1747647684631
counter/10/0/0/0,30300:1747647673465:,1747647684631
counter/3/0/0/0,32222:1747647677268:,1747647684631
counter/10/0/0/0,30301:1747647673466:,1747647684631
counter/3/0/0/0,32223:1747647677274:,1747647684631
counter/10/0/0/0,30302:1747647673466:,1747647684631
counter/3/0/0/0,32224:1747647677274:,1747647684631
counter/10/0/0/0,30303:1747647673466:,1747647684631
counter/3/0/0/0,32225:1747647677274:,1747647684631
counter/10/0/0/0,30304:1747647673467:,1747647684631
counter/3/0/0/0,32226:1747647677274:,1747647684631
counter/10/0/0/0,30305:1747647673467:,1747647684631
counter/3/0/0/0,32227:1747647677274:,1747647684631
counter/10/0/0/0,30306:1747647673467:,1747647684631
counter/4/0/0/0,34743:1747647678548:,1747647684631
counter/3/0/0/0,32228:1747647677275:,1747647684631
counter/10/0/0/0,30307:1747647673467:,1747647684631
counter/3/0/0/0,32229:1747647677275:,1747647684631
counter/10/0/0/0,30308:1747647673467:,1747647684631
counter/3/0/0/0,32230:1747647677275:,1747647684631
counter/10/0/0/0,30309:1747647673467:,1747647684631
counter/3/0/0/0,32231:1747647677275:,1747647684631
counter/10/0/0/0,30310:1747647673467:,1747647684631
counter/3/0/0/0,32232:1747647677275:,1747647684631
counter/10/0/0/0,30311:1747647673467:,1747647684631
counter/3/0/0/0,32233:1747647677275:,1747647684631
counter/10/0/0/0,30312:1747647673467:,1747647684631
counter/3/0/0/0,32234:1747647677275:,1747647684631
counter/10/0/0/0,30313:1747647673467:,1747647684631
counter/3/0/0/0,32235:1747647677276:,1747647684631
counter/10/0/0/0,30314:1747647673467:,1747647684631
counter/3/0/0/0,32236:1747647677276:,1747647684631
counter/10/0/0/0,30315:1747647673467:,1747647684631
counter/3/0/0/0,32237:1747647677290:,1747647684632
counter/10/0/0/0,30316:1747647673467:,1747647684632
counter/4/0/0/0,34744:1747647678548:,1747647684632
counter/3/0/0/0,32238:1747647677290:,1747647684632
counter/10/0/0/0,30317:1747647673467:,1747647684632
counter/3/0/0/0,32239:1747647677290:,1747647684632
counter/10/0/0/0,30318:1747647673467:,1747647684632
counter/3/0/0/0,32240:1747647677290:,1747647684632
counter/10/0/0/0,30319:1747647673467:,1747647684632
counter/3/0/0/0,32241:1747647677290:,1747647684632
counter/10/0/0/0,30320:1747647673467:,1747647684632
counter/3/0/0/0,32242:1747647677290:,1747647684632
counter/10/0/0/0,30321:1747647673467:,1747647684632
counter/3/0/0/0,32243:1747647677291:,1747647684632
counter/10/0/0/0,30322:1747647673467:,1747647684632
counter/3/0/0/0,32244:1747647677291:,1747647684632
counter/10/0/0/0,30323:1747647673467:,1747647684632
counter/3/0/0/0,32245:1747647677291:,1747647684632
counter/10/0/0/0,30324:1747647673483:,1747647684632
counter/3/0/0/0,32246:1747647677291:,1747647684632
counter/10/0/0/0,30325:1747647673483:,1747647684632
counter/4/0/0/0,34745:1747647678548:,1747647684632
counter/3/0/0/0,32247:1747647677291:,1747647684632
counter/10/0/0/0,30326:1747647673483:,1747647684632
counter/3/0/0/0,32248:1747647677291:,1747647684632
counter/10/0/0/0,30327:1747647673484:,1747647684632
counter/3/0/0/0,32249:1747647677291:,1747647684632
counter/10/0/0/0,30328:1747647673484:,1747647684632
counter/3/0/0/0,32250:1747647677291:,1747647684632
counter/10/0/0/0,30329:1747647673484:,1747647684632
counter/3/0/0/0,32251:1747647677291:,1747647684632
counter/3/0/0/0,32252:1747647677309:,1747647684632
counter/10/0/0/0,30330:1747647673489:,1747647684632
counter/3/0/0/0,32253:1747647677309:,1747647684632
counter/10/0/0/0,30331:1747647673489:,1747647684632
counter/3/0/0/0,32254:1747647677309:,1747647684632
counter/10/0/0/0,30332:1747647673489:,1747647684633
counter/3/0/0/0,32255:1747647677309:,1747647684633
counter/10/0/0/0,30333:1747647673490:,1747647684633
counter/4/0/0/0,34746:1747647678548:,1747647684633
counter/3/0/0/0,32256:1747647677309:,1747647684633
counter/10/0/0/0,30334:1747647673490:,1747647684633
counter/3/0/0/0,32257:1747647677309:,1747647684633
counter/10/0/0/0,30335:1747647673490:,1747647684633
counter/3/0/0/0,32258:1747647677310:,1747647684633
counter/10/0/0/0,30336:1747647673490:,1747647684633
counter/3/0/0/0,32259:1747647677311:,1747647684633
counter/10/0/0/0,30337:1747647673490:,1747647684633
counter/3/0/0/0,32260:1747647677311:,1747647684633
counter/10/0/0/0,30338:1747647673490:,1747647684633
counter/4/0/0/0,34747:1747647678548:,1747647684633
counter/3/0/0/0,32261:1747647677311:,1747647684633
counter/10/0/0/0,30339:1747647673490:,1747647684633
counter/3/0/0/0,32262:1747647677311:,1747647684633
counter/4/0/0/0,34748:1747647678550:,1747647684633
counter/3/0/0/0,32263:1747647677311:,1747647684633
counter/10/0/0/0,30340:1747647673490:,1747647684633
counter/3/0/0/0,32264:1747647677311:,1747647684633
counter/3/0/0/0,32265:1747647677320:,1747647684633
counter/3/0/0/0,32266:1747647677322:,1747647684633
counter/3/0/0/0,32267:1747647677322:,1747647684633
counter/3/0/0/0,32268:1747647677322:,1747647684633
counter/3/0/0/0,32269:1747647677323:,1747647684633
counter/3/0/0/0,32270:1747647677323:,1747647684633
counter/10/0/0/0,30341:1747647673491:,1747647684633
counter/3/0/0/0,32271:1747647677323:,1747647684633
counter/3/0/0/0,32272:1747647677323:,1747647684633
counter/3/0/0/0,32273:1747647677323:,1747647684633
counter/4/0/0/0,34749:1747647678550:,1747647684633
counter/3/0/0/0,32274:1747647677323:,1747647684633
counter/4/0/0/0,34750:1747647678550:,1747647684633
counter/3/0/0/0,32275:1747647677323:,1747647684634
counter/3/0/0/0,32276:1747647677326:,1747647684634
counter/10/0/0/0,30342:1747647673491:,1747647684634
counter/3/0/0/0,32277:1747647677326:,1747647684634
counter/3/0/0/0,32278:1747647677326:,1747647684634
counter/4/0/0/0,34751:1747647678550:,1747647684634
counter/10/0/0/0,30343:1747647673491:,1747647684634
counter/3/0/0/0,32279:1747647677326:,1747647684634
counter/4/0/0/0,34752:1747647678550:,1747647684634
counter/10/0/0/0,30344:1747647673491:,1747647684634
counter/3/0/0/0,32280:1747647677326:,1747647684634
counter/3/0/0/0,32281:1747647677326:,1747647684634
counter/3/0/0/0,32282:1747647677326:,1747647684634
counter/4/0/0/0,34753:1747647678550:,1747647684634
counter/4/0/0/0,34754:1747647678550:,1747647684634
counter/10/0/0/0,30345:1747647673491:,1747647684634
counter/3/0/0/0,32283:1747647677326:,1747647684634
counter/3/0/0/0,32284:1747647677326:,1747647684634
counter/3/0/0/0,32285:1747647677326:,1747647684634
counter/3/0/0/0,32286:1747647677326:,1747647684634
counter/3/0/0/0,32287:1747647677326:,1747647684634
counter/10/0/0/0,30346:1747647673491:,1747647684634
counter/3/0/0/0,32288:1747647677326:,1747647684634
counter/4/0/0/0,34755:1747647678550:,1747647684634
counter/10/0/0/0,30347:1747647673491:,1747647684634
counter/4/0/0/0,34756:1747647678550:,1747647684634
counter/3/0/0/0,32289:1747647677326:,1747647684635
counter/10/0/0/0,30348:1747647673491:,1747647684635
counter/4/0/0/0,34757:1747647678550:,1747647684635
counter/3/0/0/0,32290:1747647677326:,1747647684635
counter/4/0/0/0,34758:1747647678550:,1747647684635
counter/10/0/0/0,30349:1747647673494:,1747647684635
counter/4/0/0/0,34759:1747647678550:,1747647684635
counter/3/0/0/0,32291:1747647677326:,1747647684635
counter/10/0/0/0,30350:1747647673494:,1747647684635
counter/3/0/0/0,32292:1747647677328:,1747647684635
counter/10/0/0/0,30351:1747647673494:,1747647684635
counter/3/0/0/0,32293:1747647677328:,1747647684635
counter/10/0/0/0,30352:1747647673494:,1747647684635
counter/10/0/0/0,30353:1747647673494:,1747647684635
counter/10/0/0/0,30354:1747647673494:,1747647684635
counter/3/0/0/0,32294:1747647677338:,1747647684635
counter/10/0/0/0,30355:1747647673494:,1747647684635
counter/10/0/0/0,30356:1747647673494:,1747647684635
counter/10/0/0/0,30357:1747647673494:,1747647684635
counter/10/0/0/0,30358:1747647673495:,1747647684635
counter/10/0/0/0,30359:1747647673497:,1747647684635
counter/3/0/0/0,32295:1747647677338:,1747647684635
counter/10/0/0/0,30360:1747647673497:,1747647684635
counter/3/0/0/0,32296:1747647677338:,1747647684635
counter/3/0/0/0,32297:1747647677338:,1747647684635
counter/3/0/0/0,32298:1747647677338:,1747647684635
counter/10/0/0/0,30361:1747647673499:,1747647684635
counter/3/0/0/0,32299:1747647677349:,1747647684635
counter/3/0/0/0,32300:1747647677349:,1747647684635
counter/3/0/0/0,32301:1747647677349:,1747647684635
counter/3/0/0/0,32302:1747647677349:,1747647684635
counter/10/0/0/0,30362:1747647673499:,1747647684635
counter/3/0/0/0,32303:1747647677349:,1747647684635
counter/3/0/0/0,32304:1747647677349:,1747647684635
counter/3/0/0/0,32305:1747647677360:,1747647684635
counter/3/0/0/0,32306:1747647677360:,1747647684635
counter/3/0/0/0,32307:1747647677360:,1747647684635
counter/10/0/0/0,30363:1747647673499:,1747647684636
counter/3/0/0/0,32308:1747647677360:,1747647684636
counter/4/0/0/0,34760:1747647678550:,1747647684636
counter/10/0/0/0,30364:1747647673499:,1747647684636
counter/3/0/0/0,32309:1747647677360:,1747647684636
counter/4/0/0/0,34761:1747647678550:,1747647684636
counter/10/0/0/0,30365:1747647673499:,1747647684636
counter/4/0/0/0,34762:1747647678550:,1747647684636
counter/3/0/0/0,32310:1747647677360:,1747647684636
counter/3/0/0/0,32311:1747647677360:,1747647684636
counter/10/0/0/0,30366:1747647673499:,1747647684636
counter/4/0/0/0,34763:1747647678550:,1747647684636
counter/10/0/0/0,30367:1747647673511:,1747647684636
counter/4/0/0/0,34764:1747647678550:,1747647684636
counter/3/0/0/0,32312:1747647677360:,1747647684636
counter/4/0/0/0,34765:1747647678555:,1747647684636
counter/10/0/0/0,30368:1747647673511:,1747647684636
counter/3/0/0/0,32313:1747647677360:,1747647684636
counter/3/0/0/0,32314:1747647677360:,1747647684636
counter/3/0/0/0,32315:1747647677360:,1747647684636
counter/10/0/0/0,30369:1747647673511:,1747647684636
counter/4/0/0/0,34766:1747647678556:,1747647684636
counter/3/0/0/0,32316:1747647677360:,1747647684636
counter/3/0/0/0,32317:1747647677360:,1747647684636
counter/10/0/0/0,30370:1747647673511:,1747647684636
counter/3/0/0/0,32318:1747647677372:,1747647684636
counter/10/0/0/0,30371:1747647673511:,1747647684636
counter/10/0/0/0,30372:1747647673511:,1747647684636
counter/10/0/0/0,30373:1747647673511:,1747647684636
counter/10/0/0/0,30374:1747647673519:,1747647684636
counter/10/0/0/0,30375:1747647673519:,1747647684636
counter/10/0/0/0,30376:1747647673519:,1747647684636
counter/4/0/0/0,34767:1747647678556:,1747647684636
counter/3/0/0/0,32319:1747647677372:,1747647684636
counter/4/0/0/0,34768:1747647678556:,1747647684636
counter/10/0/0/0,30377:1747647673519:,1747647684636
counter/4/0/0/0,34769:1747647678556:,1747647684636
counter/3/0/0/0,32320:1747647677375:,1747647684636
counter/10/0/0/0,30378:1747647673519:,1747647684637
counter/10/0/0/0,30379:1747647673519:,1747647684637
counter/10/0/0/0,30380:1747647673519:,1747647684637
counter/10/0/0/0,30381:1747647673519:,1747647684637
counter/4/0/0/0,34770:1747647678556:,1747647684637
counter/3/0/0/0,32321:1747647677375:,1747647684637
counter/10/0/0/0,30382:1747647673519:,1747647684637
counter/3/0/0/0,32322:1747647677375:,1747647684637
counter/10/0/0/0,30383:1747647673519:,1747647684637
counter/10/0/0/0,30384:1747647673519:,1747647684637
counter/10/0/0/0,30385:1747647673523:,1747647684637
counter/10/0/0/0,30386:1747647673523:,1747647684637
counter/10/0/0/0,30387:1747647673523:,1747647684637
counter/3/0/0/0,32323:1747647677375:,1747647684637
counter/3/0/0/0,32324:1747647677375:,1747647684637
counter/3/0/0/0,32325:1747647677375:,1747647684637
counter/3/0/0/0,32326:1747647677375:,1747647684637
counter/10/0/0/0,30388:1747647673523:,1747647684637
counter/3/0/0/0,32327:1747647677375:,1747647684637
counter/3/0/0/0,32328:1747647677375:,1747647684637
counter/3/0/0/0,32329:1747647677375:,1747647684637
counter/3/0/0/0,32330:1747647677375:,1747647684637
counter/3/0/0/0,32331:1747647677389:,1747647684637
counter/3/0/0/0,32332:1747647677389:,1747647684637
counter/10/0/0/0,30389:1747647673523:,1747647684637
counter/3/0/0/0,32333:1747647677389:,1747647684637
counter/3/0/0/0,32334:1747647677389:,1747647684637
counter/3/0/0/0,32335:1747647677389:,1747647684637
counter/10/0/0/0,30390:1747647673523:,1747647684637
counter/3/0/0/0,32336:1747647677389:,1747647684637
counter/4/0/0/0,34771:1747647678556:,1747647684637
counter/3/0/0/0,32337:1747647677389:,1747647684637
counter/4/0/0/0,34772:1747647678556:,1747647684637
counter/10/0/0/0,30391:1747647673523:,1747647684637
counter/4/0/0/0,34773:1747647678556:,1747647684637
counter/3/0/0/0,32338:1747647677389:,1747647684637
counter/10/0/0/0,30392:1747647673523:,1747647684637
counter/3/0/0/0,32339:1747647677389:,1747647684637
counter/10/0/0/0,30393:1747647673523:,1747647684638
counter/10/0/0/0,30394:1747647673529:,1747647684638
counter/3/0/0/0,32340:1747647677389:,1747647684638
counter/4/0/0/0,34774:1747647678556:,1747647684638
counter/10/0/0/0,30395:1747647673529:,1747647684638
counter/3/0/0/0,32341:1747647677389:,1747647684638
counter/3/0/0/0,32342:1747647677389:,1747647684638
counter/3/0/0/0,32343:1747647677389:,1747647684638
counter/3/0/0/0,32344:1747647677389:,1747647684638
counter/4/0/0/0,34775:1747647678556:,1747647684638
counter/10/0/0/0,30396:1747647673529:,1747647684638
counter/4/0/0/0,34776:1747647678556:,1747647684638
counter/3/0/0/0,32345:1747647677389:,1747647684638
counter/10/0/0/0,30397:1747647673530:,1747647684638
counter/3/0/0/0,32346:1747647677389:,1747647684638
counter/10/0/0/0,30398:1747647673534:,1747647684638
counter/10/0/0/0,30399:1747647673534:,1747647684638
counter/10/0/0/0,30400:1747647673534:,1747647684638
counter/10/0/0/0,30401:1747647673535:,1747647684638
counter/10/0/0/0,30402:1747647673535:,1747647684638
counter/10/0/0/0,30403:1747647673536:,1747647684638
counter/3/0/0/0,32347:1747647677394:,1747647684638
counter/10/0/0/0,30404:1747647673536:,1747647684638
counter/10/0/0/0,30405:1747647673536:,1747647684638
counter/4/0/0/0,34777:1747647678556:,1747647684638
counter/10/0/0/0,30406:1747647673536:,1747647684638
counter/10/0/0/0,30407:1747647673536:,1747647684638
counter/10/0/0/0,30408:1747647673536:,1747647684638
counter/4/0/0/0,34778:1747647678556:,1747647684638
counter/10/0/0/0,30409:1747647673536:,1747647684638
counter/4/0/0/0,34779:1747647678556:,1747647684638
counter/10/0/0/0,30410:1747647673552:,1747647684638
counter/10/0/0/0,30411:1747647673556:,1747647684638
counter/10/0/0/0,30412:1747647673556:,1747647684638
counter/10/0/0/0,30413:1747647673556:,1747647684638
counter/10/0/0/0,30414:1747647673556:,1747647684638
counter/10/0/0/0,30415:1747647673556:,1747647684638
counter/10/0/0/0,30416:1747647673557:,1747647684638
counter/3/0/0/0,32348:1747647677394:,1747647684638
counter/10/0/0/0,30417:1747647673557:,1747647684639
counter/10/0/0/0,30418:1747647673557:,1747647684639
counter/10/0/0/0,30419:1747647673557:,1747647684639
counter/10/0/0/0,30420:1747647673557:,1747647684639
counter/10/0/0/0,30421:1747647673557:,1747647684639
counter/10/0/0/0,30422:1747647673557:,1747647684639
counter/3/0/0/0,32349:1747647677394:,1747647684639
counter/10/0/0/0,30423:1747647673557:,1747647684639
counter/10/0/0/0,30424:1747647673557:,1747647684639
counter/10/0/0/0,30425:1747647673557:,1747647684639
counter/10/0/0/0,30426:1747647673557:,1747647684639
counter/10/0/0/0,30427:1747647673560:,1747647684639
counter/10/0/0/0,30428:1747647673560:,1747647684639
counter/10/0/0/0,30429:1747647673560:,1747647684639
counter/10/0/0/0,30430:1747647673560:,1747647684639
counter/10/0/0/0,30431:1747647673560:,1747647684639
counter/10/0/0/0,30432:1747647673560:,1747647684639
counter/10/0/0/0,30433:1747647673560:,1747647684639
counter/10/0/0/0,30434:1747647673560:,1747647684639
counter/10/0/0/0,30435:1747647673561:,1747647684639
counter/10/0/0/0,30436:1747647673561:,1747647684639
counter/10/0/0/0,30437:1747647673561:,1747647684639
counter/10/0/0/0,30438:1747647673561:,1747647684639
counter/10/0/0/0,30439:1747647673561:,1747647684639
counter/10/0/0/0,30440:1747647673561:,1747647684639
counter/10/0/0/0,30441:1747647673564:,1747647684639
counter/4/0/0/0,34780:1747647678556:,1747647684639
counter/10/0/0/0,30442:1747647673564:,1747647684639
counter/10/0/0/0,30443:1747647673564:,1747647684639
counter/4/0/0/0,34781:1747647678556:,1747647684639
counter/10/0/0/0,30444:1747647673564:,1747647684639
counter/4/0/0/0,34782:1747647678556:,1747647684639
counter/3/0/0/0,32350:1747647677394:,1747647684639
counter/3/0/0/0,32351:1747647677394:,1747647684639
counter/10/0/0/0,30445:1747647673564:,1747647684639
counter/4/0/0/0,34783:1747647678556:,1747647684639
counter/10/0/0/0,30446:1747647673564:,1747647684639
counter/3/0/0/0,32352:1747647677394:,1747647684640
counter/3/0/0/0,32353:1747647677394:,1747647684640
counter/3/0/0/0,32354:1747647677394:,1747647684640
counter/3/0/0/0,32355:1747647677394:,1747647684640
counter/10/0/0/0,30447:1747647673566:,1747647684640
counter/4/0/0/0,34784:1747647678556:,1747647684640
counter/3/0/0/0,32356:1747647677394:,1747647684640
counter/4/0/0/0,34785:1747647678556:,1747647684640
counter/10/0/0/0,30448:1747647673566:,1747647684640
counter/4/0/0/0,34786:1747647678556:,1747647684640
counter/3/0/0/0,32357:1747647677394:,1747647684640
counter/10/0/0/0,30449:1747647673566:,1747647684640
counter/3/0/0/0,32358:1747647677394:,1747647684640
counter/10/0/0/0,30450:1747647673566:,1747647684640
counter/10/0/0/0,30451:1747647673566:,1747647684640
counter/10/0/0/0,30452:1747647673590:,1747647684640
counter/10/0/0/0,30453:1747647673590:,1747647684640
counter/3/0/0/0,32359:1747647677394:,1747647684640
counter/10/0/0/0,30454:1747647673590:,1747647684640
counter/4/0/0/0,34787:1747647678556:,1747647684640
counter/3/0/0/0,32360:1747647677395:,1747647684640
counter/4/0/0/0,34788:1747647678556:,1747647684640
counter/10/0/0/0,30455:1747647673590:,1747647684640
counter/4/0/0/0,34789:1747647678556:,1747647684640
counter/3/0/0/0,32361:1747647677395:,1747647684640
counter/4/0/0/0,34790:1747647678556:,1747647684640
counter/10/0/0/0,30456:1747647673590:,1747647684640
counter/4/0/0/0,34791:1747647678556:,1747647684640
counter/3/0/0/0,32362:1747647677395:,1747647684640
counter/10/0/0/0,30457:1747647673590:,1747647684640
counter/10/0/0/0,30458:1747647673590:,1747647684640
counter/10/0/0/0,30459:1747647673590:,1747647684640
counter/10/0/0/0,30460:1747647673591:,1747647684640
counter/10/0/0/0,30461:1747647673591:,1747647684640
counter/10/0/0/0,30462:1747647673591:,1747647684640
counter/4/0/0/0,34792:1747647678556:,1747647684640
counter/3/0/0/0,32363:1747647677395:,1747647684640
counter/10/0/0/0,30463:1747647673591:,1747647684641
counter/10/0/0/0,30464:1747647673606:,1747647684641
counter/3/0/0/0,32364:1747647677395:,1747647684641
counter/4/0/0/0,34793:1747647678556:,1747647684641
counter/10/0/0/0,30465:1747647673609:,1747647684641
counter/4/0/0/0,34794:1747647678557:,1747647684641
counter/3/0/0/0,32365:1747647677407:,1747647684641
counter/10/0/0/0,30466:1747647673609:,1747647684641
counter/10/0/0/0,30467:1747647673609:,1747647684641
counter/10/0/0/0,30468:1747647673609:,1747647684641
counter/10/0/0/0,30469:1747647673609:,1747647684641
counter/10/0/0/0,30470:1747647673609:,1747647684641
counter/10/0/0/0,30471:1747647673610:,1747647684641
counter/10/0/0/0,30472:1747647673618:,1747647684641
counter/10/0/0/0,30473:1747647673618:,1747647684641
counter/10/0/0/0,30474:1747647673618:,1747647684641
counter/3/0/0/0,32366:1747647677408:,1747647684641
counter/4/0/0/0,34795:1747647678560:,1747647684641
counter/10/0/0/0,30475:1747647673618:,1747647684641
counter/4/0/0/0,34796:1747647678560:,1747647684641
counter/3/0/0/0,32367:1747647677408:,1747647684641
counter/10/0/0/0,30476:1747647673618:,1747647684641
counter/3/0/0/0,32368:1747647677408:,1747647684641
counter/4/0/0/0,34797:1747647678560:,1747647684641
counter/10/0/0/0,30477:1747647673618:,1747647684641
counter/4/0/0/0,34798:1747647678560:,1747647684641
counter/3/0/0/0,32369:1747647677408:,1747647684641
counter/10/0/0/0,30478:1747647673618:,1747647684641
counter/10/0/0/0,30479:1747647673618:,1747647684641
counter/10/0/0/0,30480:1747647673618:,1747647684641
counter/10/0/0/0,30481:1747647673618:,1747647684641
counter/10/0/0/0,30482:1747647673618:,1747647684641
counter/3/0/0/0,32370:1747647677408:,1747647684641
counter/4/0/0/0,34799:1747647678560:,1747647684641
counter/10/0/0/0,30483:1747647673618:,1747647684641
counter/4/0/0/0,34800:1747647678560:,1747647684641
counter/10/0/0/0,30484:1747647673618:,1747647684641
counter/3/0/0/0,32371:1747647677408:,1747647684641
counter/4/0/0/0,34801:1747647678560:,1747647684641
counter/10/0/0/0,30485:1747647673620:,1747647684642
counter/4/0/0/0,34802:1747647678560:,1747647684642
counter/3/0/0/0,32372:1747647677408:,1747647684642
counter/10/0/0/0,30486:1747647673620:,1747647684642
counter/10/0/0/0,30487:1747647673620:,1747647684642
counter/10/0/0/0,30488:1747647673627:,1747647684642
counter/10/0/0/0,30489:1747647673632:,1747647684642
counter/10/0/0/0,30490:1747647673632:,1747647684642
counter/10/0/0/0,30491:1747647673632:,1747647684642
counter/10/0/0/0,30492:1747647673632:,1747647684642
counter/10/0/0/0,30493:1747647673632:,1747647684642
counter/10/0/0/0,30494:1747647673632:,1747647684642
counter/10/0/0/0,30495:1747647673632:,1747647684642
counter/10/0/0/0,30496:1747647673632:,1747647684642
counter/4/0/0/0,34803:1747647678560:,1747647684642
counter/3/0/0/0,32373:1747647677408:,1747647684642
counter/10/0/0/0,30497:1747647673632:,1747647684642
counter/4/0/0/0,34804:1747647678560:,1747647684642
counter/3/0/0/0,32374:1747647677408:,1747647684642
counter/10/0/0/0,30498:1747647673632:,1747647684642
counter/3/0/0/0,32375:1747647677409:,1747647684642
counter/4/0/0/0,34805:1747647678560:,1747647684642
counter/3/0/0/0,32376:1747647677409:,1747647684642
counter/10/0/0/0,30499:1747647673635:,1747647684642
counter/3/0/0/0,32377:1747647677409:,1747647684642
counter/4/0/0/0,34806:1747647678560:,1747647684642
counter/10/0/0/0,30500:1747647673635:,1747647684642
counter/4/0/0/0,34807:1747647678560:,1747647684642
counter/3/0/0/0,32378:1747647677413:,1747647684642
counter/10/0/0/0,30501:1747647673635:,1747647684642
counter/10/0/0/0,30502:1747647673635:,1747647684642
counter/10/0/0/0,30503:1747647673635:,1747647684642
counter/10/0/0/0,30504:1747647673636:,1747647684642
counter/10/0/0/0,30505:1747647673637:,1747647684642
counter/3/0/0/0,32379:1747647677422:,1747647684642
counter/4/0/0/0,34808:1747647678560:,1747647684643
counter/10/0/0/0,30506:1747647673641:,1747647684643
counter/4/0/0/0,34809:1747647678560:,1747647684643
counter/3/0/0/0,32380:1747647677422:,1747647684643
counter/4/0/0/0,34810:1747647678560:,1747647684643
counter/10/0/0/0,30507:1747647673642:,1747647684643
counter/3/0/0/0,32381:1747647677422:,1747647684643
counter/4/0/0/0,34811:1747647678575:,1747647684643
counter/10/0/0/0,30508:1747647673642:,1747647684643
counter/3/0/0/0,32382:1747647677422:,1747647684643
counter/4/0/0/0,34812:1747647678575:,1747647684643
counter/10/0/0/0,30509:1747647673642:,1747647684643
counter/4/0/0/0,34813:1747647678576:,1747647684643
counter/3/0/0/0,32383:1747647677422:,1747647684643
counter/10/0/0/0,30510:1747647673650:,1747647684643
counter/10/0/0/0,30511:1747647673650:,1747647684643
counter/10/0/0/0,30512:1747647673650:,1747647684643
counter/10/0/0/0,30513:1747647673650:,1747647684643
counter/10/0/0/0,30514:1747647673650:,1747647684643
counter/3/0/0/0,32384:1747647677422:,1747647684643
counter/4/0/0/0,34814:1747647678581:,1747647684643
counter/10/0/0/0,30515:1747647673650:,1747647684643
counter/4/0/0/0,34815:1747647678581:,1747647684643
counter/3/0/0/0,32385:1747647677422:,1747647684643
counter/4/0/0/0,34816:1747647678581:,1747647684643
counter/10/0/0/0,30516:1747647673650:,1747647684643
counter/10/0/0/0,30517:1747647673652:,1747647684643
counter/3/0/0/0,32386:1747647677422:,1747647684643
counter/10/0/0/0,30518:1747647673652:,1747647684643
counter/3/0/0/0,32387:1747647677422:,1747647684643
counter/3/0/0/0,32388:1747647677426:,1747647684643
counter/3/0/0/0,32389:1747647677426:,1747647684643
counter/3/0/0/0,32390:1747647677426:,1747647684643
counter/10/0/0/0,30519:1747647673652:,1747647684643
counter/3/0/0/0,32391:1747647677427:,1747647684644
counter/10/0/0/0,30520:1747647673652:,1747647684644
counter/3/0/0/0,32392:1747647677434:,1747647684644
counter/3/0/0/0,32393:1747647677434:,1747647684644
counter/10/0/0/0,30521:1747647673652:,1747647684644
counter/3/0/0/0,32394:1747647677434:,1747647684644
counter/4/0/0/0,34817:1747647678581:,1747647684644
counter/10/0/0/0,30522:1747647673652:,1747647684644
counter/4/0/0/0,34818:1747647678581:,1747647684644
counter/3/0/0/0,32395:1747647677434:,1747647684644
counter/10/0/0/0,30523:1747647673652:,1747647684644
counter/3/0/0/0,32396:1747647677434:,1747647684644
counter/3/0/0/0,32397:1747647677434:,1747647684644
counter/3/0/0/0,32398:1747647677434:,1747647684644
counter/3/0/0/0,32399:1747647677434:,1747647684644
counter/10/0/0/0,30524:1747647673654:,1747647684644
counter/10/0/0/0,30525:1747647673654:,1747647684644
counter/10/0/0/0,30526:1747647673654:,1747647684644
counter/3/0/0/0,32400:1747647677434:,1747647684644
counter/4/0/0/0,34819:1747647678581:,1747647684644
counter/10/0/0/0,30527:1747647673655:,1747647684644
counter/4/0/0/0,34820:1747647678581:,1747647684644
counter/3/0/0/0,32401:1747647677434:,1747647684644
counter/4/0/0/0,34821:1747647678581:,1747647684644
counter/10/0/0/0,30528:1747647673656:,1747647684644
counter/10/0/0/0,30529:1747647673656:,1747647684644
counter/3/0/0/0,32402:1747647677434:,1747647684644
counter/10/0/0/0,30530:1747647673656:,1747647684644
counter/10/0/0/0,30531:1747647673657:,1747647684644
counter/10/0/0/0,30532:1747647673657:,1747647684644
counter/10/0/0/0,30533:1747647673657:,1747647684644
counter/3/0/0/0,32403:1747647677435:,1747647684644
counter/4/0/0/0,34822:1747647678581:,1747647684644
counter/10/0/0/0,30534:1747647673657:,1747647684644
counter/4/0/0/0,34823:1747647678581:,1747647684644
counter/3/0/0/0,32404:1747647677435:,1747647684644
counter/4/0/0/0,34824:1747647678581:,1747647684644
counter/10/0/0/0,30535:1747647673657:,1747647684645
counter/3/0/0/0,32405:1747647677436:,1747647684645
counter/4/0/0/0,34825:1747647678581:,1747647684645
counter/10/0/0/0,30536:1747647673657:,1747647684645
counter/4/0/0/0,34826:1747647678581:,1747647684645
counter/3/0/0/0,32406:1747647677436:,1747647684645
counter/10/0/0/0,30537:1747647673657:,1747647684645
counter/10/0/0/0,30538:1747647673670:,1747647684645
counter/10/0/0/0,30539:1747647673670:,1747647684645
counter/10/0/0/0,30540:1747647673673:,1747647684645
counter/10/0/0/0,30541:1747647673674:,1747647684645
counter/3/0/0/0,32407:1747647677436:,1747647684645
counter/3/0/0/0,32408:1747647677440:,1747647684645
counter/3/0/0/0,32409:1747647677440:,1747647684645
counter/3/0/0/0,32410:1747647677441:,1747647684645
counter/10/0/0/0,30542:1747647673674:,1747647684645
counter/4/0/0/0,34827:1747647678581:,1747647684645
counter/3/0/0/0,32411:1747647677441:,1747647684645
counter/4/0/0/0,34828:1747647678581:,1747647684645
counter/10/0/0/0,30543:1747647673674:,1747647684645
counter/4/0/0/0,34829:1747647678581:,1747647684645
counter/3/0/0/0,32412:1747647677441:,1747647684645
counter/10/0/0/0,30544:1747647673674:,1747647684645
counter/3/0/0/0,32413:1747647677443:,1747647684645
counter/10/0/0/0,30545:1747647673674:,1747647684645
counter/10/0/0/0,30546:1747647673674:,1747647684645
counter/10/0/0/0,30547:1747647673674:,1747647684645
counter/4/0/0/0,34830:1747647678581:,1747647684645
counter/3/0/0/0,32414:1747647677443:,1747647684645
counter/10/0/0/0,30548:1747647673679:,1747647684645
counter/10/0/0/0,30549:1747647673679:,1747647684645
counter/10/0/0/0,30550:1747647673680:,1747647684645
counter/10/0/0/0,30551:1747647673686:,1747647684645
counter/4/0/0/0,34831:1747647678582:,1747647684645
counter/3/0/0/0,32415:1747647677443:,1747647684645
counter/4/0/0/0,34832:1747647678582:,1747647684645
counter/10/0/0/0,30552:1747647673686:,1747647684645
counter/3/0/0/0,32416:1747647677443:,1747647684645
counter/3/0/0/0,32417:1747647677443:,1747647684645
counter/3/0/0/0,32418:1747647677443:,1747647684646
counter/10/0/0/0,30553:1747647673686:,1747647684646
counter/3/0/0/0,32419:1747647677443:,1747647684646
counter/4/0/0/0,34833:1747647678582:,1747647684646
counter/3/0/0/0,32420:1747647677443:,1747647684646
counter/4/0/0/0,34834:1747647678582:,1747647684646
counter/10/0/0/0,30554:1747647673686:,1747647684646
counter/4/0/0/0,34835:1747647678582:,1747647684646
counter/3/0/0/0,32421:1747647677443:,1747647684646
counter/4/0/0/0,34836:1747647678582:,1747647684646
counter/4/0/0/0,34837:1747647678582:,1747647684646
counter/10/0/0/0,30555:1747647673702:,1747647684646
counter/4/0/0/0,34838:1747647678587:,1747647684646
counter/3/0/0/0,32422:1747647677443:,1747647684646
counter/3/0/0/0,32423:1747647677444:,1747647684646
counter/10/0/0/0,30556:1747647673702:,1747647684646
counter/3/0/0/0,32424:1747647677444:,1747647684646
counter/10/0/0/0,30557:1747647673702:,1747647684646
counter/10/0/0/0,30558:1747647673702:,1747647684646
counter/10/0/0/0,30559:1747647673702:,1747647684646
counter/10/0/0/0,30560:1747647673702:,1747647684646
counter/10/0/0/0,30561:1747647673703:,1747647684646
counter/10/0/0/0,30562:1747647673703:,1747647684646
counter/4/0/0/0,34839:1747647678587:,1747647684646
counter/3/0/0/0,32425:1747647677444:,1747647684646
counter/4/0/0/0,34840:1747647678587:,1747647684646
counter/10/0/0/0,30563:1747647673703:,1747647684646
counter/4/0/0/0,34841:1747647678587:,1747647684646
counter/10/0/0/0,30564:1747647673703:,1747647684646
counter/3/0/0/0,32426:1747647677447:,1747647684646
counter/10/0/0/0,30565:1747647673703:,1747647684646
counter/10/0/0/0,30566:1747647673703:,1747647684646
counter/10/0/0/0,30567:1747647673712:,1747647684646
counter/10/0/0/0,30568:1747647673712:,1747647684646
counter/3/0/0/0,32427:1747647677447:,1747647684646
counter/4/0/0/0,34842:1747647678587:,1747647684647
counter/10/0/0/0,30569:1747647673712:,1747647684647
counter/3/0/0/0,32428:1747647677447:,1747647684647
counter/4/0/0/0,34843:1747647678587:,1747647684647
counter/10/0/0/0,30570:1747647673712:,1747647684647
counter/3/0/0/0,32429:1747647677447:,1747647684647
counter/3/0/0/0,32430:1747647677447:,1747647684647
counter/3/0/0/0,32431:1747647677447:,1747647684647
counter/3/0/0/0,32432:1747647677447:,1747647684647
counter/10/0/0/0,30571:1747647673712:,1747647684647
counter/3/0/0/0,32433:1747647677447:,1747647684647
counter/3/0/0/0,32434:1747647677447:,1747647684647
counter/3/0/0/0,32435:1747647677447:,1747647684647
counter/3/0/0/0,32436:1747647677447:,1747647684647
counter/10/0/0/0,30572:1747647673712:,1747647684647
counter/3/0/0/0,32437:1747647677447:,1747647684647
counter/3/0/0/0,32438:1747647677447:,1747647684647
counter/3/0/0/0,32439:1747647677447:,1747647684647
counter/10/0/0/0,30573:1747647673712:,1747647684647
counter/3/0/0/0,32440:1747647677447:,1747647684647
counter/4/0/0/0,34844:1747647678587:,1747647684647
counter/10/0/0/0,30574:1747647673712:,1747647684647
counter/10/0/0/0,30575:1747647673712:,1747647684647
counter/3/0/0/0,32441:1747647677447:,1747647684647
counter/10/0/0/0,30576:1747647673712:,1747647684647
counter/3/0/0/0,32442:1747647677447:,1747647684647
counter/10/0/0/0,30577:1747647673718:,1747647684647
counter/10/0/0/0,30578:1747647673718:,1747647684647
counter/10/0/0/0,30579:1747647673718:,1747647684647
counter/10/0/0/0,30580:1747647673718:,1747647684647
counter/10/0/0/0,30581:1747647673718:,1747647684647
counter/10/0/0/0,30582:1747647673718:,1747647684648
counter/10/0/0/0,30583:1747647673718:,1747647684648
counter/4/0/0/0,34845:1747647678587:,1747647684648
counter/3/0/0/0,32443:1747647677447:,1747647684648
counter/4/0/0/0,34846:1747647678587:,1747647684648
counter/10/0/0/0,30584:1747647673721:,1747647684648
counter/10/0/0/0,30585:1747647673730:,1747647684648
counter/3/0/0/0,32444:1747647677447:,1747647684648
counter/4/0/0/0,34847:1747647678587:,1747647684648
counter/10/0/0/0,30586:1747647673730:,1747647684648
counter/4/0/0/0,34848:1747647678587:,1747647684648
counter/3/0/0/0,32445:1747647677447:,1747647684648
counter/10/0/0/0,30587:1747647673730:,1747647684648
counter/3/0/0/0,32446:1747647677447:,1747647684648
counter/4/0/0/0,34849:1747647678587:,1747647684648
counter/10/0/0/0,30588:1747647673730:,1747647684648
counter/4/0/0/0,34850:1747647678587:,1747647684648
counter/3/0/0/0,32447:1747647677447:,1747647684648
counter/10/0/0/0,30589:1747647673730:,1747647684648
counter/4/0/0/0,34851:1747647678592:,1747647684648
counter/10/0/0/0,30590:1747647673730:,1747647684648
counter/3/0/0/0,32448:1747647677447:,1747647684648
counter/3/0/0/0,32449:1747647677448:,1747647684648
counter/3/0/0/0,32450:1747647677448:,1747647684648
counter/3/0/0/0,32451:1747647677448:,1747647684648
counter/3/0/0/0,32452:1747647677448:,1747647684648
counter/3/0/0/0,32453:1747647677448:,1747647684648
counter/4/0/0/0,34852:1747647678592:,1747647684648
counter/3/0/0/0,32454:1747647677448:,1747647684648
counter/3/0/0/0,32455:1747647677448:,1747647684648
counter/10/0/0/0,30591:1747647673730:,1747647684648
counter/3/0/0/0,32456:1747647677448:,1747647684648
counter/10/0/0/0,30592:1747647673730:,1747647684648
counter/3/0/0/0,32457:1747647677454:,1747647684648
counter/4/0/0/0,34853:1747647678592:,1747647684648
counter/10/0/0/0,30593:1747647673730:,1747647684648
counter/4/0/0/0,34854:1747647678592:,1747647684648
counter/10/0/0/0,30594:1747647673730:,1747647684648
counter/4/0/0/0,34855:1747647678592:,1747647684648
counter/3/0/0/0,32458:1747647677455:,1747647684649
counter/10/0/0/0,30595:1747647673730:,1747647684649
counter/4/0/0/0,34856:1747647678592:,1747647684649
counter/10/0/0/0,30596:1747647673730:,1747647684649
counter/3/0/0/0,32459:1747647677455:,1747647684649
counter/4/0/0/0,34857:1747647678592:,1747647684649
counter/10/0/0/0,30597:1747647673730:,1747647684649
counter/10/0/0/0,30598:1747647673730:,1747647684649
counter/3/0/0/0,32460:1747647677455:,1747647684649
counter/10/0/0/0,30599:1747647673742:,1747647684649
counter/10/0/0/0,30600:1747647673742:,1747647684649
counter/3/0/0/0,32461:1747647677455:,1747647684649
counter/10/0/0/0,30601:1747647673743:,1747647684649
counter/10/0/0/0,30602:1747647673743:,1747647684649
counter/3/0/0/0,32462:1747647677455:,1747647684649
counter/10/0/0/0,30603:1747647673743:,1747647684649
counter/10/0/0/0,30604:1747647673743:,1747647684649
counter/10/0/0/0,30605:1747647673743:,1747647684649
counter/10/0/0/0,30606:1747647673743:,1747647684649
counter/10/0/0/0,30607:1747647673743:,1747647684649
counter/10/0/0/0,30608:1747647673743:,1747647684649
counter/10/0/0/0,30609:1747647673743:,1747647684649
counter/10/0/0/0,30610:1747647673743:,1747647684649
counter/3/0/0/0,32463:1747647677463:,1747647684649
counter/10/0/0/0,30611:1747647673743:,1747647684649
counter/3/0/0/0,32464:1747647677463:,1747647684649
counter/10/0/0/0,30612:1747647673750:,1747647684649
counter/3/0/0/0,32465:1747647677463:,1747647684649
counter/3/0/0/0,32466:1747647677463:,1747647684649
counter/4/0/0/0,34858:1747647678592:,1747647684649
counter/3/0/0/0,32467:1747647677463:,1747647684649
counter/4/0/0/0,34859:1747647678594:,1747647684649
counter/10/0/0/0,30613:1747647673751:,1747647684649
counter/4/0/0/0,34860:1747647678594:,1747647684649
counter/3/0/0/0,32468:1747647677463:,1747647684649
counter/10/0/0/0,30614:1747647673751:,1747647684649
counter/4/0/0/0,34861:1747647678594:,1747647684649
counter/3/0/0/0,32469:1747647677463:,1747647684650
counter/4/0/0/0,34862:1747647678594:,1747647684650
counter/3/0/0/0,32470:1747647677463:,1747647684650
counter/10/0/0/0,30615:1747647673751:,1747647684650
counter/10/0/0/0,30616:1747647673751:,1747647684650
counter/10/0/0/0,30617:1747647673751:,1747647684650
counter/10/0/0/0,30618:1747647673751:,1747647684650
counter/10/0/0/0,30619:1747647673751:,1747647684650
counter/10/0/0/0,30620:1747647673751:,1747647684650
counter/3/0/0/0,32471:1747647677468:,1747647684650
counter/4/0/0/0,34863:1747647678594:,1747647684650
counter/10/0/0/0,30621:1747647673751:,1747647684650
counter/10/0/0/0,30622:1747647673751:,1747647684650
counter/3/0/0/0,32472:1747647677469:,1747647684650
counter/10/0/0/0,30623:1747647673751:,1747647684650
counter/10/0/0/0,30624:1747647673753:,1747647684650
counter/3/0/0/0,32473:1747647677469:,1747647684650
counter/10/0/0/0,30625:1747647673753:,1747647684650
counter/3/0/0/0,32474:1747647677469:,1747647684650
counter/4/0/0/0,34864:1747647678594:,1747647684650
counter/10/0/0/0,30626:1747647673754:,1747647684650
counter/4/0/0/0,34865:1747647678594:,1747647684650
counter/3/0/0/0,32475:1747647677469:,1747647684650
counter/10/0/0/0,30627:1747647673754:,1747647684650
counter/10/0/0/0,30628:1747647673754:,1747647684650
counter/10/0/0/0,30629:1747647673754:,1747647684650
counter/3/0/0/0,32476:1747647677469:,1747647684650
counter/3/0/0/0,32477:1747647677469:,1747647684650
counter/10/0/0/0,30630:1747647673754:,1747647684650
counter/4/0/0/0,34866:1747647678594:,1747647684650
counter/3/0/0/0,32478:1747647677469:,1747647684650
counter/4/0/0/0,34867:1747647678594:,1747647684650
counter/10/0/0/0,30631:1747647673754:,1747647684650
counter/4/0/0/0,34868:1747647678594:,1747647684650
counter/3/0/0/0,32479:1747647677476:,1747647684650
counter/10/0/0/0,30632:1747647673754:,1747647684650
counter/3/0/0/0,32480:1747647677476:,1747647684650
counter/4/0/0/0,34869:1747647678594:,1747647684650
counter/3/0/0/0,32481:1747647677476:,1747647684651
counter/10/0/0/0,30633:1747647673754:,1747647684651
counter/3/0/0/0,32482:1747647677476:,1747647684651
counter/10/0/0/0,30634:1747647673754:,1747647684651
counter/10/0/0/0,30635:1747647673754:,1747647684651
counter/10/0/0/0,30636:1747647673754:,1747647684651
counter/3/0/0/0,32483:1747647677476:,1747647684651
counter/10/0/0/0,30637:1747647673754:,1747647684651
counter/10/0/0/0,30638:1747647673767:,1747647684651
counter/10/0/0/0,30639:1747647673767:,1747647684651
counter/4/0/0/0,34870:1747647678594:,1747647684651
counter/10/0/0/0,30640:1747647673767:,1747647684651
counter/4/0/0/0,34871:1747647678594:,1747647684651
counter/3/0/0/0,32484:1747647677476:,1747647684651
counter/4/0/0/0,34872:1747647678594:,1747647684651
counter/10/0/0/0,30641:1747647673767:,1747647684651
counter/4/0/0/0,34873:1747647678594:,1747647684651
counter/10/0/0/0,30642:1747647673767:,1747647684651
counter/4/0/0/0,34874:1747647678595:,1747647684651
counter/3/0/0/0,32485:1747647677476:,1747647684651
counter/10/0/0/0,30643:1747647673767:,1747647684651
counter/3/0/0/0,32486:1747647677476:,1747647684651
counter/4/0/0/0,34875:1747647678595:,1747647684651
counter/10/0/0/0,30644:1747647673767:,1747647684651
counter/3/0/0/0,32487:1747647677476:,1747647684651
counter/4/0/0/0,34876:1747647678595:,1747647684651
counter/10/0/0/0,30645:1747647673767:,1747647684651
counter/4/0/0/0,34877:1747647678595:,1747647684651
counter/3/0/0/0,32488:1747647677476:,1747647684651
counter/10/0/0/0,30646:1747647673767:,1747647684651
counter/10/0/0/0,30647:1747647673767:,1747647684651
counter/10/0/0/0,30648:1747647673767:,1747647684651
counter/10/0/0/0,30649:1747647673775:,1747647684651
counter/4/0/0/0,34878:1747647678595:,1747647684651
counter/10/0/0/0,30650:1747647673775:,1747647684651
counter/10/0/0/0,30651:1747647673779:,1747647684651
counter/3/0/0/0,32489:1747647677476:,1747647684651
counter/10/0/0/0,30652:1747647673779:,1747647684651
counter/3/0/0/0,32490:1747647677476:,1747647684651
counter/4/0/0/0,34879:1747647678596:,1747647684651
counter/10/0/0/0,30653:1747647673779:,1747647684652
counter/3/0/0/0,32491:1747647677476:,1747647684652
counter/4/0/0/0,34880:1747647678596:,1747647684652
counter/10/0/0/0,30654:1747647673780:,1747647684652
counter/3/0/0/0,32492:1747647677476:,1747647684652
counter/4/0/0/0,34881:1747647678596:,1747647684652
counter/10/0/0/0,30655:1747647673780:,1747647684652
counter/4/0/0/0,34882:1747647678596:,1747647684652
counter/3/0/0/0,32493:1747647677476:,1747647684652
counter/3/0/0/0,32494:1747647677476:,1747647684652
counter/10/0/0/0,30656:1747647673780:,1747647684652
counter/3/0/0/0,32495:1747647677479:,1747647684652
counter/10/0/0/0,30657:1747647673780:,1747647684652
counter/4/0/0/0,34883:1747647678596:,1747647684652
counter/3/0/0/0,32496:1747647677479:,1747647684652
counter/4/0/0/0,34884:1747647678596:,1747647684652
counter/10/0/0/0,30658:1747647673780:,1747647684652
counter/3/0/0/0,32497:1747647677479:,1747647684652
counter/3/0/0/0,32498:1747647677479:,1747647684652
counter/3/0/0/0,32499:1747647677479:,1747647684652
counter/3/0/0/0,32500:1747647677479:,1747647684652
counter/3/0/0/0,32501:1747647677479:,1747647684652
counter/3/0/0/0,32502:1747647677479:,1747647684652
counter/3/0/0/0,32503:1747647677479:,1747647684652
counter/3/0/0/0,32504:1747647677479:,1747647684652
counter/3/0/0/0,32505:1747647677498:,1747647684652
counter/3/0/0/0,32506:1747647677498:,1747647684652
counter/10/0/0/0,30659:1747647673782:,1747647684652
counter/3/0/0/0,32507:1747647677508:,1747647684652
counter/3/0/0/0,32508:1747647677511:,1747647684652
counter/4/0/0/0,34885:1747647678596:,1747647684652
counter/4/0/0/0,34886:1747647678606:,1747647684652
counter/4/0/0/0,34887:1747647678606:,1747647684652
counter/4/0/0/0,34888:1747647678606:,1747647684652
counter/4/0/0/0,34889:1747647678606:,1747647684652
counter/10/0/0/0,30660:1747647673787:,1747647684652
counter/3/0/0/0,32509:1747647677511:,1747647684652
counter/4/0/0/0,34890:1747647678611:,1747647684653
counter/10/0/0/0,30661:1747647673787:,1747647684653
counter/4/0/0/0,34891:1747647678611:,1747647684653
counter/3/0/0/0,32510:1747647677511:,1747647684653
counter/10/0/0/0,30662:1747647673787:,1747647684653
counter/10/0/0/0,30663:1747647673787:,1747647684653
counter/10/0/0/0,30664:1747647673791:,1747647684653
counter/4/0/0/0,34892:1747647678611:,1747647684653
counter/10/0/0/0,30665:1747647673791:,1747647684653
counter/3/0/0/0,32511:1747647677511:,1747647684653
counter/10/0/0/0,30666:1747647673791:,1747647684653
counter/4/0/0/0,34893:1747647678611:,1747647684653
counter/10/0/0/0,30667:1747647673791:,1747647684653
counter/10/0/0/0,30668:1747647673791:,1747647684653
counter/10/0/0/0,30669:1747647673791:,1747647684653
counter/10/0/0/0,30670:1747647673791:,1747647684653
counter/4/0/0/0,34894:1747647678611:,1747647684653
counter/10/0/0/0,30671:1747647673791:,1747647684653
counter/10/0/0/0,30672:1747647673791:,1747647684653
counter/4/0/0/0,34895:1747647678611:,1747647684653
counter/10/0/0/0,30673:1747647673791:,1747647684653
counter/4/0/0/0,34896:1747647678611:,1747647684653
counter/10/0/0/0,30674:1747647673791:,1747647684653
counter/10/0/0/0,30675:1747647673798:,1747647684653
counter/10/0/0/0,30676:1747647673800:,1747647684653
counter/10/0/0/0,30677:1747647673800:,1747647684653
counter/10/0/0/0,30678:1747647673800:,1747647684653
counter/10/0/0/0,30679:1747647673800:,1747647684653
counter/3/0/0/0,32512:1747647677511:,1747647684653
counter/10/0/0/0,30680:1747647673800:,1747647684653
counter/3/0/0/0,32513:1747647677516:,1747647684653
counter/3/0/0/0,32514:1747647677517:,1747647684653
counter/3/0/0/0,32515:1747647677517:,1747647684653
counter/3/0/0/0,32516:1747647677517:,1747647684653
counter/10/0/0/0,30681:1747647673800:,1747647684653
counter/3/0/0/0,32517:1747647677517:,1747647684653
counter/4/0/0/0,34897:1747647678612:,1747647684654
counter/10/0/0/0,30682:1747647673800:,1747647684654
counter/4/0/0/0,34898:1747647678612:,1747647684654
counter/3/0/0/0,32518:1747647677517:,1747647684654
counter/10/0/0/0,30683:1747647673800:,1747647684654
counter/3/0/0/0,32519:1747647677517:,1747647684654
counter/10/0/0/0,30684:1747647673800:,1747647684654
counter/10/0/0/0,30685:1747647673800:,1747647684654
counter/10/0/0/0,30686:1747647673800:,1747647684654
counter/10/0/0/0,30687:1747647673800:,1747647684654
counter/3/0/0/0,32520:1747647677517:,1747647684654
counter/4/0/0/0,34899:1747647678612:,1747647684654
counter/10/0/0/0,30688:1747647673801:,1747647684654
counter/10/0/0/0,30689:1747647673802:,1747647684654
counter/3/0/0/0,32521:1747647677517:,1747647684654
counter/10/0/0/0,30690:1747647673802:,1747647684654
counter/10/0/0/0,30691:1747647673802:,1747647684654
counter/10/0/0/0,30692:1747647673803:,1747647684654
counter/10/0/0/0,30693:1747647673815:,1747647684654
counter/10/0/0/0,30694:1747647673816:,1747647684654
counter/10/0/0/0,30695:1747647673816:,1747647684654
counter/10/0/0/0,30696:1747647673816:,1747647684654
counter/10/0/0/0,30697:1747647673816:,1747647684654
counter/4/0/0/0,34900:1747647678613:,1747647684654
counter/10/0/0/0,30698:1747647673816:,1747647684654
counter/3/0/0/0,32522:1747647677517:,1747647684654
counter/10/0/0/0,30699:1747647673816:,1747647684654
counter/10/0/0/0,30700:1747647673816:,1747647684654
counter/10/0/0/0,30701:1747647673816:,1747647684654
counter/4/0/0/0,34901:1747647678618:,1747647684654
counter/10/0/0/0,30702:1747647673816:,1747647684654
counter/3/0/0/0,32523:1747647677517:,1747647684654
counter/10/0/0/0,30703:1747647673818:,1747647684654
counter/4/0/0/0,34902:1747647678618:,1747647684654
counter/10/0/0/0,30704:1747647673818:,1747647684654
counter/10/0/0/0,30705:1747647673818:,1747647684654
counter/3/0/0/0,32524:1747647677517:,1747647684654
counter/10/0/0/0,30706:1747647673819:,1747647684654
counter/10/0/0/0,30707:1747647673819:,1747647684654
counter/10/0/0/0,30708:1747647673819:,1747647684654
counter/4/0/0/0,34903:1747647678618:,1747647684655
counter/10/0/0/0,30709:1747647673826:,1747647684655
counter/4/0/0/0,34904:1747647678618:,1747647684655
counter/10/0/0/0,30710:1747647673826:,1747647684655
counter/10/0/0/0,30711:1747647673826:,1747647684655
counter/10/0/0/0,30712:1747647673828:,1747647684655
counter/10/0/0/0,30713:1747647673828:,1747647684655
counter/10/0/0/0,30714:1747647673828:,1747647684655
counter/4/0/0/0,34905:1747647678618:,1747647684655
counter/10/0/0/0,30715:1747647673847:,1747647684655
counter/4/0/0/0,34906:1747647678618:,1747647684655
counter/10/0/0/0,30716:1747647673847:,1747647684655
counter/3/0/0/0,32525:1747647677517:,1747647684655
counter/4/0/0/0,34907:1747647678618:,1747647684655
counter/10/0/0/0,30717:1747647673847:,1747647684655
counter/4/0/0/0,34908:1747647678619:,1747647684655
counter/3/0/0/0,32526:1747647677517:,1747647684655
counter/10/0/0/0,30718:1747647673847:,1747647684655
counter/10/0/0/0,30719:1747647673847:,1747647684655
counter/10/0/0/0,30720:1747647673847:,1747647684655
counter/3/0/0/0,32527:1747647677517:,1747647684655
counter/4/0/0/0,34909:1747647678619:,1747647684655
counter/10/0/0/0,30721:1747647673847:,1747647684655
counter/10/0/0/0,30722:1747647673847:,1747647684655
counter/3/0/0/0,32528:1747647677517:,1747647684655
counter/10/0/0/0,30723:1747647673847:,1747647684655
counter/10/0/0/0,30724:1747647673850:,1747647684655
counter/3/0/0/0,32529:1747647677523:,1747647684655
counter/10/0/0/0,30725:1747647673850:,1747647684655
counter/10/0/0/0,30726:1747647673850:,1747647684655
counter/4/0/0/0,34910:1747647678619:,1747647684655
counter/10/0/0/0,30727:1747647673850:,1747647684655
counter/3/0/0/0,32530:1747647677523:,1747647684655
counter/4/0/0/0,34911:1747647678619:,1747647684655
counter/10/0/0/0,30728:1747647673850:,1747647684655
counter/3/0/0/0,32531:1747647677523:,1747647684655
counter/3/0/0/0,32532:1747647677524:,1747647684655
counter/3/0/0/0,32533:1747647677524:,1747647684656
counter/3/0/0/0,32534:1747647677527:,1747647684656
counter/3/0/0/0,32535:1747647677537:,1747647684656
counter/3/0/0/0,32536:1747647677537:,1747647684656
counter/3/0/0/0,32537:1747647677538:,1747647684656
counter/3/0/0/0,32538:1747647677540:,1747647684656
counter/3/0/0/0,32539:1747647677540:,1747647684656
counter/3/0/0/0,32540:1747647677540:,1747647684656
counter/3/0/0/0,32541:1747647677546:,1747647684656
counter/3/0/0/0,32542:1747647677546:,1747647684656
counter/3/0/0/0,32543:1747647677546:,1747647684656
counter/3/0/0/0,32544:1747647677546:,1747647684656
counter/3/0/0/0,32545:1747647677546:,1747647684656
counter/3/0/0/0,32546:1747647677546:,1747647684656
counter/10/0/0/0,30729:1747647673850:,1747647684656
counter/3/0/0/0,32547:1747647677546:,1747647684656
counter/3/0/0/0,32548:1747647677546:,1747647684656
counter/4/0/0/0,34912:1747647678619:,1747647684656
counter/4/0/0/0,34913:1747647678619:,1747647684656
counter/10/0/0/0,30730:1747647673850:,1747647684656
counter/3/0/0/0,32549:1747647677546:,1747647684656
counter/3/0/0/0,32550:1747647677546:,1747647684656
counter/3/0/0/0,32551:1747647677551:,1747647684656
counter/3/0/0/0,32552:1747647677551:,1747647684656
counter/3/0/0/0,32553:1747647677551:,1747647684656
counter/3/0/0/0,32554:1747647677551:,1747647684656
counter/3/0/0/0,32555:1747647677559:,1747647684656
counter/10/0/0/0,30731:1747647673850:,1747647684656
counter/3/0/0/0,32556:1747647677559:,1747647684656
counter/10/0/0/0,30732:1747647673850:,1747647684656
counter/3/0/0/0,32557:1747647677559:,1747647684656
counter/10/0/0/0,30733:1747647673850:,1747647684656
counter/3/0/0/0,32558:1747647677559:,1747647684656
counter/10/0/0/0,30734:1747647673850:,1747647684656
counter/3/0/0/0,32559:1747647677559:,1747647684656
counter/3/0/0/0,32560:1747647677559:,1747647684656
counter/3/0/0/0,32561:1747647677563:,1747647684656
counter/3/0/0/0,32562:1747647677563:,1747647684656
counter/3/0/0/0,32563:1747647677563:,1747647684656
counter/4/0/0/0,34914:1747647678619:,1747647684656
counter/3/0/0/0,32564:1747647677563:,1747647684656
counter/3/0/0/0,32565:1747647677563:,1747647684656
counter/3/0/0/0,32566:1747647677563:,1747647684657
counter/3/0/0/0,32567:1747647677564:,1747647684657
counter/10/0/0/0,30735:1747647673850:,1747647684657
counter/3/0/0/0,32568:1747647677564:,1747647684657
counter/3/0/0/0,32569:1747647677564:,1747647684657
counter/4/0/0/0,34915:1747647678619:,1747647684657
counter/3/0/0/0,32570:1747647677564:,1747647684657
counter/4/0/0/0,34916:1747647678632:,1747647684657
counter/3/0/0/0,32571:1747647677564:,1747647684657
counter/10/0/0/0,30736:1747647673850:,1747647684657
counter/3/0/0/0,32572:1747647677564:,1747647684657
counter/3/0/0/0,32573:1747647677564:,1747647684657
counter/10/0/0/0,30737:1747647673850:,1747647684657
counter/10/0/0/0,30738:1747647673851:,1747647684657
counter/10/0/0/0,30739:1747647673851:,1747647684657
counter/3/0/0/0,32574:1747647677564:,1747647684657
counter/4/0/0/0,34917:1747647678633:,1747647684657
counter/10/0/0/0,30740:1747647673853:,1747647684657
counter/4/0/0/0,34918:1747647678633:,1747647684657
counter/3/0/0/0,32575:1747647677564:,1747647684657
counter/4/0/0/0,34919:1747647678633:,1747647684657
counter/10/0/0/0,30741:1747647673853:,1747647684657
counter/4/0/0/0,34920:1747647678633:,1747647684657
counter/3/0/0/0,32576:1747647677564:,1747647684657
counter/3/0/0/0,32577:1747647677564:,1747647684657
counter/10/0/0/0,30742:1747647673853:,1747647684657
counter/4/0/0/0,34921:1747647678635:,1747647684657
counter/10/0/0/0,30743:1747647673853:,1747647684657
counter/3/0/0/0,32578:1747647677568:,1747647684657
counter/4/0/0/0,34922:1747647678635:,1747647684657
counter/10/0/0/0,30744:1747647673854:,1747647684657
counter/4/0/0/0,34923:1747647678635:,1747647684657
counter/3/0/0/0,32579:1747647677568:,1747647684657
counter/10/0/0/0,30745:1747647673854:,1747647684657
counter/3/0/0/0,32580:1747647677568:,1747647684657
counter/3/0/0/0,32581:1747647677602:,1747647684657
counter/3/0/0/0,32582:1747647677604:,1747647684657
counter/3/0/0/0,32583:1747647677604:,1747647684658
counter/3/0/0/0,32584:1747647677604:,1747647684658
counter/3/0/0/0,32585:1747647677604:,1747647684658
counter/3/0/0/0,32586:1747647677604:,1747647684658
counter/10/0/0/0,30746:1747647673854:,1747647684658
counter/3/0/0/0,32587:1747647677604:,1747647684658
counter/4/0/0/0,34924:1747647678635:,1747647684658
counter/3/0/0/0,32588:1747647677604:,1747647684658
counter/10/0/0/0,30747:1747647673855:,1747647684658
counter/10/0/0/0,30748:1747647673856:,1747647684658
counter/10/0/0/0,30749:1747647673856:,1747647684658
counter/10/0/0/0,30750:1747647673856:,1747647684658
counter/4/0/0/0,34925:1747647678635:,1747647684658
counter/3/0/0/0,32589:1747647677604:,1747647684658
counter/10/0/0/0,30751:1747647673856:,1747647684658
counter/10/0/0/0,30752:1747647673856:,1747647684658
counter/4/0/0/0,34926:1747647678635:,1747647684658
counter/4/0/0/0,34927:1747647678635:,1747647684658
counter/3/0/0/0,32590:1747647677604:,1747647684658
counter/10/0/0/0,30753:1747647673856:,1747647684658
counter/10/0/0/0,30754:1747647673864:,1747647684658
counter/10/0/0/0,30755:1747647673864:,1747647684658
counter/10/0/0/0,30756:1747647673864:,1747647684658
counter/10/0/0/0,30757:1747647673867:,1747647684658
counter/10/0/0/0,30758:1747647673867:,1747647684658
counter/10/0/0/0,30759:1747647673867:,1747647684658
counter/3/0/0/0,32591:1747647677604:,1747647684658
counter/4/0/0/0,34928:1747647678635:,1747647684658
counter/10/0/0/0,30760:1747647673867:,1747647684658
counter/10/0/0/0,30761:1747647673868:,1747647684658
counter/3/0/0/0,32592:1747647677604:,1747647684658
counter/10/0/0/0,30762:1747647673868:,1747647684658
counter/3/0/0/0,32593:1747647677607:,1747647684658
counter/3/0/0/0,32594:1747647677608:,1747647684658
counter/3/0/0/0,32595:1747647677608:,1747647684658
counter/10/0/0/0,30763:1747647673868:,1747647684658
counter/3/0/0/0,32596:1747647677609:,1747647684658
counter/3/0/0/0,32597:1747647677609:,1747647684658
counter/3/0/0/0,32598:1747647677615:,1747647684659
counter/3/0/0/0,32599:1747647677620:,1747647684659
counter/3/0/0/0,32600:1747647677620:,1747647684659
counter/3/0/0/0,32601:1747647677622:,1747647684659
counter/4/0/0/0,34929:1747647678635:,1747647684659
counter/3/0/0/0,32602:1747647677622:,1747647684659
counter/10/0/0/0,30764:1747647673868:,1747647684659
counter/3/0/0/0,32603:1747647677622:,1747647684659
counter/3/0/0/0,32604:1747647677622:,1747647684659
counter/4/0/0/0,34930:1747647678635:,1747647684659
counter/3/0/0/0,32605:1747647677622:,1747647684659
counter/3/0/0/0,32606:1747647677623:,1747647684659
counter/10/0/0/0,30765:1747647673868:,1747647684659
counter/3/0/0/0,32607:1747647677623:,1747647684659
counter/10/0/0/0,30766:1747647673868:,1747647684659
counter/10/0/0/0,30767:1747647673868:,1747647684659
counter/10/0/0/0,30768:1747647673868:,1747647684659
counter/3/0/0/0,32608:1747647677623:,1747647684659
counter/10/0/0/0,30769:1747647673868:,1747647684659
counter/10/0/0/0,30770:1747647673868:,1747647684659
counter/10/0/0/0,30771:1747647673868:,1747647684659
counter/10/0/0/0,30772:1747647673868:,1747647684659
counter/10/0/0/0,30773:1747647673868:,1747647684659
counter/3/0/0/0,32609:1747647677623:,1747647684659
counter/10/0/0/0,30774:1747647673869:,1747647684659
counter/4/0/0/0,34931:1747647678635:,1747647684659
counter/10/0/0/0,30775:1747647673869:,1747647684659
counter/4/0/0/0,34932:1747647678635:,1747647684659
counter/3/0/0/0,32610:1747647677625:,1747647684659
counter/10/0/0/0,30776:1747647673869:,1747647684659
counter/10/0/0/0,30777:1747647673869:,1747647684659
counter/10/0/0/0,30778:1747647673869:,1747647684659
counter/10/0/0/0,30779:1747647673869:,1747647684659
counter/4/0/0/0,34933:1747647678635:,1747647684659
counter/10/0/0/0,30780:1747647673869:,1747647684659
counter/4/0/0/0,34934:1747647678635:,1747647684659
counter/3/0/0/0,32611:1747647677625:,1747647684659
counter/10/0/0/0,30781:1747647673869:,1747647684659
counter/10/0/0/0,30782:1747647673869:,1747647684660
counter/10/0/0/0,30783:1747647673869:,1747647684660
counter/10/0/0/0,30784:1747647673869:,1747647684660
counter/10/0/0/0,30785:1747647673869:,1747647684660
counter/10/0/0/0,30786:1747647673869:,1747647684660
counter/3/0/0/0,32612:1747647677625:,1747647684660
counter/3/0/0/0,32613:1747647677625:,1747647684660
counter/3/0/0/0,32614:1747647677625:,1747647684660
counter/3/0/0/0,32615:1747647677625:,1747647684660
counter/10/0/0/0,30787:1747647673869:,1747647684660
counter/4/0/0/0,34935:1747647678635:,1747647684660
counter/3/0/0/0,32616:1747647677625:,1747647684660
counter/4/0/0/0,34936:1747647678635:,1747647684660
counter/10/0/0/0,30788:1747647673869:,1747647684660
counter/4/0/0/0,34937:1747647678635:,1747647684660
counter/3/0/0/0,32617:1747647677633:,1747647684660
counter/4/0/0/0,34938:1747647678653:,1747647684660
counter/10/0/0/0,30789:1747647673869:,1747647684660
counter/10/0/0/0,30790:1747647673871:,1747647684660
counter/3/0/0/0,32618:1747647677633:,1747647684660
counter/10/0/0/0,30791:1747647673872:,1747647684660
counter/10/0/0/0,30792:1747647673872:,1747647684660
counter/10/0/0/0,30793:1747647673872:,1747647684660
counter/10/0/0/0,30794:1747647673872:,1747647684660
counter/10/0/0/0,30795:1747647673872:,1747647684660
counter/10/0/0/0,30796:1747647673874:,1747647684660
counter/10/0/0/0,30797:1747647673879:,1747647684660
counter/10/0/0/0,30798:1747647673884:,1747647684660
counter/4/0/0/0,34939:1747647678656:,1747647684660
counter/10/0/0/0,30799:1747647673885:,1747647684660
counter/4/0/0/0,34940:1747647678657:,1747647684660
counter/10/0/0/0,30800:1747647673885:,1747647684660
counter/4/0/0/0,34941:1747647678657:,1747647684660
counter/3/0/0/0,32619:1747647677633:,1747647684660
counter/10/0/0/0,30801:1747647673885:,1747647684660
counter/10/0/0/0,30802:1747647673885:,1747647684660
counter/10/0/0/0,30803:1747647673885:,1747647684661
counter/3/0/0/0,32620:1747647677634:,1747647684661
counter/10/0/0/0,30804:1747647673885:,1747647684661
counter/3/0/0/0,32621:1747647677636:,1747647684661
counter/10/0/0/0,30805:1747647673902:,1747647684661
counter/10/0/0/0,30806:1747647673902:,1747647684661
counter/3/0/0/0,32622:1747647677636:,1747647684661
counter/10/0/0/0,30807:1747647673902:,1747647684661
counter/3/0/0/0,32623:1747647677636:,1747647684661
counter/10/0/0/0,30808:1747647673902:,1747647684661
counter/3/0/0/0,32624:1747647677636:,1747647684661
counter/10/0/0/0,30809:1747647673902:,1747647684661
counter/10/0/0/0,30810:1747647673902:,1747647684661
counter/4/0/0/0,34942:1747647678657:,1747647684661
counter/10/0/0/0,30811:1747647673902:,1747647684661
counter/4/0/0/0,34943:1747647678657:,1747647684661
counter/10/0/0/0,30812:1747647673902:,1747647684661
counter/10/0/0/0,30813:1747647673903:,1747647684661
counter/10/0/0/0,30814:1747647673904:,1747647684661
counter/4/0/0/0,34944:1747647678657:,1747647684661
counter/3/0/0/0,32625:1747647677636:,1747647684661
counter/4/0/0/0,34945:1747647678657:,1747647684661
counter/10/0/0/0,30815:1747647673904:,1747647684661
counter/4/0/0/0,34946:1747647678657:,1747647684661
counter/3/0/0/0,32626:1747647677636:,1747647684661
counter/10/0/0/0,30816:1747647673904:,1747647684661
counter/4/0/0/0,34947:1747647678658:,1747647684661
counter/3/0/0/0,32627:1747647677637:,1747647684661
counter/4/0/0/0,34948:1747647678658:,1747647684661
counter/10/0/0/0,30817:1747647673904:,1747647684661
counter/10/0/0/0,30818:1747647673904:,1747647684661
counter/3/0/0/0,32628:1747647677637:,1747647684661
counter/10/0/0/0,30819:1747647673904:,1747647684661
counter/3/0/0/0,32629:1747647677637:,1747647684661
counter/4/0/0/0,34949:1747647678658:,1747647684661
counter/10/0/0/0,30820:1747647673917:,1747647684661
counter/4/0/0/0,34950:1747647678658:,1747647684661
counter/3/0/0/0,32630:1747647677637:,1747647684661
counter/10/0/0/0,30821:1747647673917:,1747647684661
counter/10/0/0/0,30822:1747647673926:,1747647684661
counter/10/0/0/0,30823:1747647673927:,1747647684662
counter/10/0/0/0,30824:1747647673927:,1747647684662
counter/10/0/0/0,30825:1747647673927:,1747647684662
counter/4/0/0/0,34951:1747647678658:,1747647684662
counter/10/0/0/0,30826:1747647673927:,1747647684662
counter/4/0/0/0,34952:1747647678666:,1747647684662
counter/10/0/0/0,30827:1747647673927:,1747647684662
counter/10/0/0/0,30828:1747647673948:,1747647684662
counter/4/0/0/0,34953:1747647678666:,1747647684662
counter/10/0/0/0,30829:1747647673948:,1747647684662
counter/10/0/0/0,30830:1747647673948:,1747647684662
counter/3/0/0/0,32631:1747647677637:,1747647684662
counter/10/0/0/0,30831:1747647673948:,1747647684662
counter/10/0/0/0,30832:1747647673948:,1747647684662
counter/10/0/0/0,30833:1747647673948:,1747647684662
counter/3/0/0/0,32632:1747647677637:,1747647684662
counter/10/0/0/0,30834:1747647673948:,1747647684662
counter/10/0/0/0,30835:1747647673948:,1747647684662
counter/10/0/0/0,30836:1747647673948:,1747647684662
counter/10/0/0/0,30837:1747647673948:,1747647684662
counter/10/0/0/0,30838:1747647673953:,1747647684662
counter/3/0/0/0,32633:1747647677637:,1747647684662
counter/10/0/0/0,30839:1747647673953:,1747647684662
counter/10/0/0/0,30840:1747647673953:,1747647684662
counter/10/0/0/0,30841:1747647673953:,1747647684662
counter/10/0/0/0,30842:1747647673953:,1747647684662
counter/10/0/0/0,30843:1747647673953:,1747647684662
counter/10/0/0/0,30844:1747647673954:,1747647684662
counter/10/0/0/0,30845:1747647673954:,1747647684662
counter/10/0/0/0,30846:1747647673954:,1747647684662
counter/10/0/0/0,30847:1747647673956:,1747647684662
counter/10/0/0/0,30848:1747647673956:,1747647684662
counter/4/0/0/0,34954:1747647678667:,1747647684662
counter/3/0/0/0,32634:1747647677637:,1747647684662
counter/10/0/0/0,30849:1747647673956:,1747647684662
counter/10/0/0/0,30850:1747647673956:,1747647684662
counter/10/0/0/0,30851:1747647673956:,1747647684662
counter/10/0/0/0,30852:1747647673956:,1747647684662
counter/3/0/0/0,32635:1747647677637:,1747647684662
counter/10/0/0/0,30853:1747647673956:,1747647684662
counter/10/0/0/0,30854:1747647673956:,1747647684662
counter/10/0/0/0,30855:1747647673956:,1747647684662
counter/10/0/0/0,30856:1747647673956:,1747647684663
counter/4/0/0/0,34955:1747647678667:,1747647684663
counter/10/0/0/0,30857:1747647673956:,1747647684663
counter/10/0/0/0,30858:1747647673957:,1747647684663
counter/3/0/0/0,32636:1747647677637:,1747647684663
counter/10/0/0/0,30859:1747647673958:,1747647684663
counter/3/0/0/0,32637:1747647677637:,1747647684663
counter/4/0/0/0,34956:1747647678667:,1747647684663
counter/10/0/0/0,30860:1747647673958:,1747647684663
counter/4/0/0/0,34957:1747647678667:,1747647684663
counter/3/0/0/0,32638:1747647677637:,1747647684663
counter/10/0/0/0,30861:1747647673958:,1747647684663
counter/10/0/0/0,30862:1747647673958:,1747647684663
counter/10/0/0/0,30863:1747647673958:,1747647684663
counter/10/0/0/0,30864:1747647673958:,1747647684663
counter/4/0/0/0,34958:1747647678667:,1747647684663
counter/10/0/0/0,30865:1747647673959:,1747647684663
counter/3/0/0/0,32639:1747647677639:,1747647684663
counter/4/0/0/0,34959:1747647678670:,1747647684663
counter/10/0/0/0,30866:1747647673959:,1747647684663
counter/3/0/0/0,32640:1747647677639:,1747647684663
counter/10/0/0/0,30867:1747647673959:,1747647684663
counter/10/0/0/0,30868:1747647673959:,1747647684663
counter/10/0/0/0,30869:1747647673959:,1747647684663
counter/3/0/0/0,32641:1747647677639:,1747647684663
counter/10/0/0/0,30870:1747647673959:,1747647684663
counter/4/0/0/0,34960:1747647678670:,1747647684663
counter/10/0/0/0,30871:1747647673959:,1747647684663
counter/10/0/0/0,30872:1747647673959:,1747647684663
counter/3/0/0/0,32642:1747647677643:,1747647684663
counter/10/0/0/0,30873:1747647673959:,1747647684663
counter/10/0/0/0,30874:1747647673959:,1747647684663
counter/10/0/0/0,30875:1747647673959:,1747647684663
counter/4/0/0/0,34961:1747647678670:,1747647684663
counter/10/0/0/0,30876:1747647673961:,1747647684663
counter/10/0/0/0,30877:1747647673961:,1747647684664
counter/10/0/0/0,30878:1747647673961:,1747647684664
counter/3/0/0/0,32643:1747647677644:,1747647684664
counter/10/0/0/0,30879:1747647673961:,1747647684664
counter/10/0/0/0,30880:1747647673961:,1747647684664
counter/4/0/0/0,34962:1747647678670:,1747647684664
counter/10/0/0/0,30881:1747647673961:,1747647684664
counter/10/0/0/0,30882:1747647673961:,1747647684664
counter/10/0/0/0,30883:1747647673962:,1747647684664
counter/10/0/0/0,30884:1747647673963:,1747647684664
counter/10/0/0/0,30885:1747647673963:,1747647684664
counter/10/0/0/0,30886:1747647673963:,1747647684664
counter/4/0/0/0,34963:1747647678670:,1747647684664
counter/10/0/0/0,30887:1747647673963:,1747647684664
counter/10/0/0/0,30888:1747647673963:,1747647684664
counter/10/0/0/0,30889:1747647673963:,1747647684664
counter/4/0/0/0,34964:1747647678670:,1747647684664
counter/10/0/0/0,30890:1747647673963:,1747647684664
counter/10/0/0/0,30891:1747647673963:,1747647684664
counter/10/0/0/0,30892:1747647673963:,1747647684664
counter/10/0/0/0,30893:1747647673963:,1747647684664
counter/10/0/0/0,30894:1747647673965:,1747647684664
counter/3/0/0/0,32644:1747647677644:,1747647684664
counter/3/0/0/0,32645:1747647677644:,1747647684664
counter/3/0/0/0,32646:1747647677644:,1747647684664
counter/10/0/0/0,30895:1747647673965:,1747647684664
counter/4/0/0/0,34965:1747647678670:,1747647684664
counter/3/0/0/0,32647:1747647677644:,1747647684664
counter/10/0/0/0,30896:1747647673965:,1747647684664
counter/10/0/0/0,30897:1747647673965:,1747647684664
counter/10/0/0/0,30898:1747647673966:,1747647684664
counter/10/0/0/0,30899:1747647673966:,1747647684664
counter/4/0/0/0,34966:1747647678670:,1747647684664
counter/10/0/0/0,30900:1747647673966:,1747647684664
counter/10/0/0/0,30901:1747647673966:,1747647684664
counter/4/0/0/0,34967:1747647678670:,1747647684664
counter/10/0/0/0,30902:1747647673966:,1747647684664
counter/4/0/0/0,34968:1747647678670:,1747647684664
counter/10/0/0/0,30903:1747647673966:,1747647684664
counter/10/0/0/0,30904:1747647673966:,1747647684665
counter/10/0/0/0,30905:1747647673966:,1747647684665
counter/4/0/0/0,34969:1747647678670:,1747647684665
counter/10/0/0/0,30906:1747647673966:,1747647684665
counter/3/0/0/0,32648:1747647677644:,1747647684665
counter/10/0/0/0,30907:1747647673966:,1747647684665
counter/3/0/0/0,32649:1747647677644:,1747647684665
counter/4/0/0/0,34970:1747647678670:,1747647684665
counter/3/0/0/0,32650:1747647677644:,1747647684665
counter/10/0/0/0,30908:1747647673966:,1747647684665
counter/10/0/0/0,30909:1747647673966:,1747647684665
counter/10/0/0/0,30910:1747647673966:,1747647684665
counter/10/0/0/0,30911:1747647673967:,1747647684665
counter/3/0/0/0,32651:1747647677644:,1747647684665
counter/3/0/0/0,32652:1747647677645:,1747647684665
counter/3/0/0/0,32653:1747647677645:,1747647684665
counter/3/0/0/0,32654:1747647677645:,1747647684665
counter/10/0/0/0,30912:1747647673967:,1747647684665
counter/3/0/0/0,32655:1747647677645:,1747647684665
counter/3/0/0/0,32656:1747647677645:,1747647684665
counter/3/0/0/0,32657:1747647677645:,1747647684665
counter/3/0/0/0,32658:1747647677645:,1747647684665
counter/10/0/0/0,30913:1747647673967:,1747647684665
counter/3/0/0/0,32659:1747647677645:,1747647684665
counter/10/0/0/0,30914:1747647673967:,1747647684665
counter/10/0/0/0,30915:1747647673972:,1747647684665
counter/4/0/0/0,34971:1747647678670:,1747647684665
counter/10/0/0/0,30916:1747647673978:,1747647684665
counter/4/0/0/0,34972:1747647678670:,1747647684665
counter/3/0/0/0,32660:1747647677645:,1747647684665
counter/3/0/0/0,32661:1747647677645:,1747647684665
counter/3/0/0/0,32662:1747647677645:,1747647684665
counter/3/0/0/0,32663:1747647677645:,1747647684665
counter/4/0/0/0,34973:1747647678670:,1747647684665
counter/3/0/0/0,32664:1747647677645:,1747647684665
counter/4/0/0/0,34974:1747647678670:,1747647684665
counter/10/0/0/0,30917:1747647673978:,1747647684665
counter/3/0/0/0,32665:1747647677645:,1747647684665
counter/3/0/0/0,32666:1747647677645:,1747647684666
counter/3/0/0/0,32667:1747647677645:,1747647684666
counter/3/0/0/0,32668:1747647677645:,1747647684666
counter/4/0/0/0,34975:1747647678670:,1747647684666
counter/3/0/0/0,32669:1747647677645:,1747647684666
counter/4/0/0/0,34976:1747647678670:,1747647684666
counter/10/0/0/0,30918:1747647673978:,1747647684666
counter/10/0/0/0,30919:1747647673978:,1747647684666
counter/4/0/0/0,34977:1747647678670:,1747647684666
counter/3/0/0/0,32670:1747647677645:,1747647684666
counter/10/0/0/0,30920:1747647673978:,1747647684666
counter/4/0/0/0,34978:1747647678670:,1747647684666
counter/3/0/0/0,32671:1747647677645:,1747647684666
counter/10/0/0/0,30921:1747647673978:,1747647684666
counter/10/0/0/0,30922:1747647673978:,1747647684666
counter/10/0/0/0,30923:1747647673978:,1747647684666
counter/10/0/0/0,30924:1747647673978:,1747647684666
counter/10/0/0/0,30925:1747647673978:,1747647684666
counter/10/0/0/0,30926:1747647673978:,1747647684666
counter/4/0/0/0,34979:1747647678676:,1747647684666
counter/3/0/0/0,32672:1747647677645:,1747647684666
counter/4/0/0/0,34980:1747647678676:,1747647684666
counter/10/0/0/0,30927:1747647673978:,1747647684666
counter/4/0/0/0,34981:1747647678676:,1747647684666
counter/3/0/0/0,32673:1747647677645:,1747647684666
counter/10/0/0/0,30928:1747647673978:,1747647684666
counter/10/0/0/0,30929:1747647673978:,1747647684666
counter/10/0/0/0,30930:1747647673987:,1747647684666
counter/10/0/0/0,30931:1747647673987:,1747647684666
counter/10/0/0/0,30932:1747647673989:,1747647684666
counter/4/0/0/0,34982:1747647678677:,1747647684666
counter/4/0/0/0,34983:1747647678677:,1747647684666
counter/3/0/0/0,32674:1747647677645:,1747647684666
counter/4/0/0/0,34984:1747647678677:,1747647684666
counter/10/0/0/0,30933:1747647673989:,1747647684666
counter/4/0/0/0,34985:1747647678677:,1747647684666
counter/3/0/0/0,32675:1747647677645:,1747647684666
counter/10/0/0/0,30934:1747647673989:,1747647684666
counter/10/0/0/0,30935:1747647673989:,1747647684666
counter/10/0/0/0,30936:1747647673989:,1747647684666
counter/10/0/0/0,30937:1747647673989:,1747647684667
counter/4/0/0/0,34986:1747647678677:,1747647684667
counter/3/0/0/0,32676:1747647677645:,1747647684667
counter/4/0/0/0,34987:1747647678677:,1747647684667
counter/10/0/0/0,30938:1747647674001:,1747647684667
counter/4/0/0/0,34988:1747647678677:,1747647684667
counter/10/0/0/0,30939:1747647674001:,1747647684667
counter/4/0/0/0,34989:1747647678677:,1747647684667
counter/3/0/0/0,32677:1747647677645:,1747647684667
counter/10/0/0/0,30940:1747647674001:,1747647684667
counter/10/0/0/0,30941:1747647674001:,1747647684667
counter/10/0/0/0,30942:1747647674001:,1747647684667
counter/10/0/0/0,30943:1747647674001:,1747647684667
counter/10/0/0/0,30944:1747647674001:,1747647684667
counter/10/0/0/0,30945:1747647674001:,1747647684667
counter/4/0/0/0,34990:1747647678677:,1747647684667
counter/10/0/0/0,30946:1747647674001:,1747647684667
counter/4/0/0/0,34991:1747647678677:,1747647684667
counter/3/0/0/0,32678:1747647677645:,1747647684667
counter/10/0/0/0,30947:1747647674001:,1747647684667
counter/10/0/0/0,30948:1747647674001:,1747647684667
counter/10/0/0/0,30949:1747647674010:,1747647684667
counter/10/0/0/0,30950:1747647674010:,1747647684667
counter/3/0/0/0,32679:1747647677645:,1747647684667
counter/10/0/0/0,30951:1747647674010:,1747647684667
counter/10/0/0/0,30952:1747647674010:,1747647684667
counter/10/0/0/0,30953:1747647674010:,1747647684667
counter/3/0/0/0,32680:1747647677646:,1747647684667
counter/3/0/0/0,32681:1747647677646:,1747647684667
counter/4/0/0/0,34992:1747647678677:,1747647684667
counter/3/0/0/0,32682:1747647677646:,1747647684667
counter/4/0/0/0,34993:1747647678678:,1747647684667
counter/10/0/0/0,30954:1747647674010:,1747647684667
counter/10/0/0/0,30955:1747647674010:,1747647684667
counter/3/0/0/0,32683:1747647677652:,1747647684667
counter/3/0/0/0,32684:1747647677652:,1747647684667
counter/3/0/0/0,32685:1747647677652:,1747647684667
counter/10/0/0/0,30956:1747647674010:,1747647684668
counter/3/0/0/0,32686:1747647677652:,1747647684668
counter/4/0/0/0,34994:1747647678678:,1747647684668
counter/3/0/0/0,32687:1747647677652:,1747647684668
counter/3/0/0/0,32688:1747647677652:,1747647684668
counter/4/0/0/0,34995:1747647678678:,1747647684668
counter/3/0/0/0,32689:1747647677652:,1747647684668
counter/4/0/0/0,34996:1747647678678:,1747647684668
counter/4/0/0/0,34997:1747647678679:,1747647684668
counter/10/0/0/0,30957:1747647674010:,1747647684668
counter/3/0/0/0,32690:1747647677652:,1747647684668
counter/3/0/0/0,32691:1747647677652:,1747647684668
counter/3/0/0/0,32692:1747647677652:,1747647684668
counter/3/0/0/0,32693:1747647677652:,1747647684668
counter/10/0/0/0,30958:1747647674010:,1747647684668
counter/3/0/0/0,32694:1747647677652:,1747647684668
counter/10/0/0/0,30959:1747647674010:,1747647684668
counter/3/0/0/0,32695:1747647677652:,1747647684668
counter/3/0/0/0,32696:1747647677652:,1747647684668
counter/3/0/0/0,32697:1747647677652:,1747647684668
counter/10/0/0/0,30960:1747647674010:,1747647684668
counter/3/0/0/0,32698:1747647677652:,1747647684668
counter/3/0/0/0,32699:1747647677652:,1747647684668
counter/3/0/0/0,32700:1747647677652:,1747647684668
counter/10/0/0/0,30961:1747647674010:,1747647684668
counter/4/0/0/0,34998:1747647678679:,1747647684668
counter/10/0/0/0,30962:1747647674015:,1747647684668
counter/10/0/0/0,30963:1747647674015:,1747647684668
counter/3/0/0/0,32701:1747647677653:,1747647684668
counter/4/0/0/0,34999:1747647678679:,1747647684668
counter/3/0/0/0,32702:1747647677653:,1747647684668
counter/4/0/0/0,35000:1747647678679:,1747647684668
counter/10/0/0/0,30964:1747647674015:,1747647684668
counter/4/0/0/0,35001:1747647678679:,1747647684668
counter/3/0/0/0,32703:1747647677653:,1747647684668
counter/10/0/0/0,30965:1747647674015:,1747647684669
counter/10/0/0/0,30966:1747647674015:,1747647684669
counter/10/0/0/0,30967:1747647674015:,1747647684669
counter/3/0/0/0,32704:1747647677653:,1747647684669
counter/4/0/0/0,35002:1747647678680:,1747647684669
counter/10/0/0/0,30968:1747647674016:,1747647684669
counter/4/0/0/0,35003:1747647678688:,1747647684669
counter/3/0/0/0,32705:1747647677653:,1747647684669
counter/10/0/0/0,30969:1747647674016:,1747647684669
counter/3/0/0/0,32706:1747647677653:,1747647684669
counter/4/0/0/0,35004:1747647678688:,1747647684669
counter/10/0/0/0,30970:1747647674016:,1747647684669
counter/4/0/0/0,35005:1747647678688:,1747647684669
counter/3/0/0/0,32707:1747647677653:,1747647684669
counter/4/0/0/0,35006:1747647678688:,1747647684669
counter/10/0/0/0,30971:1747647674016:,1747647684669
counter/4/0/0/0,35007:1747647678688:,1747647684669
counter/3/0/0/0,32708:1747647677653:,1747647684669
counter/10/0/0/0,30972:1747647674018:,1747647684669
counter/10/0/0/0,30973:1747647674018:,1747647684669
counter/10/0/0/0,30974:1747647674018:,1747647684669
counter/10/0/0/0,30975:1747647674018:,1747647684669
counter/4/0/0/0,35008:1747647678688:,1747647684669
counter/10/0/0/0,30976:1747647674018:,1747647684669
counter/3/0/0/0,32709:1747647677657:,1747647684669
counter/10/0/0/0,30977:1747647674018:,1747647684669
counter/10/0/0/0,30978:1747647674018:,1747647684669
counter/10/0/0/0,30979:1747647674018:,1747647684669
counter/10/0/0/0,30980:1747647674018:,1747647684669
counter/3/0/0/0,32710:1747647677657:,1747647684669
counter/10/0/0/0,30981:1747647674018:,1747647684669
counter/10/0/0/0,30982:1747647674018:,1747647684669
counter/10/0/0/0,30983:1747647674020:,1747647684669
counter/10/0/0/0,30984:1747647674020:,1747647684669
counter/10/0/0/0,30985:1747647674020:,1747647684669
counter/10/0/0/0,30986:1747647674020:,1747647684669
counter/10/0/0/0,30987:1747647674021:,1747647684669
counter/4/0/0/0,35009:1747647678703:,1747647684669
counter/10/0/0/0,30988:1747647674021:,1747647684669
counter/4/0/0/0,35010:1747647678703:,1747647684669
counter/4/0/0/0,35011:1747647678703:,1747647684670
counter/4/0/0/0,35012:1747647678708:,1747647684670
counter/4/0/0/0,35013:1747647678708:,1747647684670
counter/4/0/0/0,35014:1747647678708:,1747647684670
counter/4/0/0/0,35015:1747647678708:,1747647684670
counter/4/0/0/0,35016:1747647678708:,1747647684670
counter/4/0/0/0,35017:1747647678708:,1747647684670
counter/4/0/0/0,35018:1747647678708:,1747647684670
counter/10/0/0/0,30989:1747647674021:,1747647684670
counter/4/0/0/0,35019:1747647678708:,1747647684670
counter/10/0/0/0,30990:1747647674021:,1747647684670
counter/3/0/0/0,32711:1747647677662:,1747647684670
counter/4/0/0/0,35020:1747647678708:,1747647684670
counter/3/0/0/0,32712:1747647677662:,1747647684670
counter/3/0/0/0,32713:1747647677662:,1747647684670
counter/10/0/0/0,30991:1747647674021:,1747647684670
counter/3/0/0/0,32714:1747647677662:,1747647684670
counter/4/0/0/0,35021:1747647678708:,1747647684670
counter/4/0/0/0,35022:1747647678708:,1747647684670
counter/10/0/0/0,30992:1747647674021:,1747647684670
counter/3/0/0/0,32715:1747647677662:,1747647684670
counter/3/0/0/0,32716:1747647677662:,1747647684670
counter/3/0/0/0,32717:1747647677662:,1747647684670
counter/3/0/0/0,32718:1747647677662:,1747647684670
counter/3/0/0/0,32719:1747647677662:,1747647684670
counter/3/0/0/0,32720:1747647677662:,1747647684670
counter/10/0/0/0,30993:1747647674022:,1747647684670
counter/3/0/0/0,32721:1747647677662:,1747647684670
counter/4/0/0/0,35023:1747647678708:,1747647684670
counter/4/0/0/0,35024:1747647678708:,1747647684670
counter/10/0/0/0,30994:1747647674022:,1747647684670
counter/3/0/0/0,32722:1747647677662:,1747647684670
counter/3/0/0/0,32723:1747647677662:,1747647684670
counter/3/0/0/0,32724:1747647677662:,1747647684670
counter/3/0/0/0,32725:1747647677662:,1747647684670
counter/4/0/0/0,35025:1747647678708:,1747647684670
counter/3/0/0/0,32726:1747647677662:,1747647684670
counter/4/0/0/0,35026:1747647678708:,1747647684670
counter/10/0/0/0,30995:1747647674022:,1747647684671
counter/3/0/0/0,32727:1747647677662:,1747647684671
counter/4/0/0/0,35027:1747647678708:,1747647684671
counter/10/0/0/0,30996:1747647674022:,1747647684671
counter/4/0/0/0,35028:1747647678709:,1747647684671
counter/3/0/0/0,32728:1747647677662:,1747647684671
counter/10/0/0/0,30997:1747647674022:,1747647684671
counter/3/0/0/0,32729:1747647677662:,1747647684671
counter/4/0/0/0,35029:1747647678709:,1747647684671
counter/10/0/0/0,30998:1747647674022:,1747647684671
counter/4/0/0/0,35030:1747647678709:,1747647684671
counter/10/0/0/0,30999:1747647674022:,1747647684671
counter/4/0/0/0,35031:1747647678709:,1747647684671
counter/10/0/0/0,31000:1747647674022:,1747647684671
counter/3/0/0/0,32730:1747647677662:,1747647684671
counter/10/0/0/0,31001:1747647674024:,1747647684671
counter/3/0/0/0,32731:1747647677662:,1747647684671
counter/10/0/0/0,31002:1747647674024:,1747647684671
counter/10/0/0/0,31003:1747647674024:,1747647684671
counter/10/0/0/0,31004:1747647674024:,1747647684671
counter/10/0/0/0,31005:1747647674024:,1747647684671
counter/10/0/0/0,31006:1747647674024:,1747647684671
counter/10/0/0/0,31007:1747647674031:,1747647684671
counter/4/0/0/0,35032:1747647678709:,1747647684671
counter/10/0/0/0,31008:1747647674032:,1747647684671
counter/4/0/0/0,35033:1747647678709:,1747647684671
counter/3/0/0/0,32732:1747647677662:,1747647684671
counter/3/0/0/0,32733:1747647677662:,1747647684671
counter/3/0/0/0,32734:1747647677662:,1747647684671
counter/3/0/0/0,32735:1747647677662:,1747647684671
counter/4/0/0/0,35034:1747647678709:,1747647684671
counter/3/0/0/0,32736:1747647677662:,1747647684671
counter/3/0/0/0,32737:1747647677662:,1747647684671
counter/4/0/0/0,35035:1747647678710:,1747647684671
counter/4/0/0/0,35036:1747647678710:,1747647684671
counter/4/0/0/0,35037:1747647678710:,1747647684671
counter/4/0/0/0,35038:1747647678710:,1747647684672
counter/10/0/0/0,31009:1747647674032:,1747647684672
counter/3/0/0/0,32738:1747647677662:,1747647684672
counter/4/0/0/0,35039:1747647678710:,1747647684672
counter/10/0/0/0,31010:1747647674034:,1747647684672
counter/3/0/0/0,32739:1747647677662:,1747647684672
counter/4/0/0/0,35040:1747647678710:,1747647684672
counter/10/0/0/0,31011:1747647674034:,1747647684672
counter/4/0/0/0,35041:1747647678710:,1747647684672
counter/3/0/0/0,32740:1747647677670:,1747647684672
counter/10/0/0/0,31012:1747647674034:,1747647684672
counter/10/0/0/0,31013:1747647674040:,1747647684672
counter/10/0/0/0,31014:1747647674040:,1747647684672
counter/10/0/0/0,31015:1747647674040:,1747647684672
counter/3/0/0/0,32741:1747647677670:,1747647684672
counter/10/0/0/0,31016:1747647674040:,1747647684672
counter/10/0/0/0,31017:1747647674040:,1747647684672
counter/10/0/0/0,31018:1747647674040:,1747647684672
counter/10/0/0/0,31019:1747647674040:,1747647684672
counter/10/0/0/0,31020:1747647674040:,1747647684672
counter/4/0/0/0,35042:1747647678710:,1747647684672
counter/4/0/0/0,35043:1747647678720:,1747647684672
counter/3/0/0/0,32742:1747647677670:,1747647684672
counter/4/0/0/0,35044:1747647678720:,1747647684672
counter/4/0/0/0,35045:1747647678720:,1747647684672
counter/4/0/0/0,35046:1747647678720:,1747647684672
counter/10/0/0/0,31021:1747647674040:,1747647684672
counter/4/0/0/0,35047:1747647678720:,1747647684672
counter/3/0/0/0,32743:1747647677670:,1747647684672
counter/4/0/0/0,35048:1747647678720:,1747647684672
counter/4/0/0/0,35049:1747647678720:,1747647684672
counter/10/0/0/0,31022:1747647674040:,1747647684672
counter/3/0/0/0,32744:1747647677670:,1747647684672
counter/3/0/0/0,32745:1747647677670:,1747647684672
counter/3/0/0/0,32746:1747647677670:,1747647684672
counter/3/0/0/0,32747:1747647677670:,1747647684672
counter/10/0/0/0,31023:1747647674040:,1747647684672
counter/10/0/0/0,31024:1747647674040:,1747647684672
counter/10/0/0/0,31025:1747647674040:,1747647684672
counter/10/0/0/0,31026:1747647674040:,1747647684673
counter/3/0/0/0,32748:1747647677670:,1747647684673
counter/10/0/0/0,31027:1747647674040:,1747647684673
counter/3/0/0/0,32749:1747647677670:,1747647684673
counter/3/0/0/0,32750:1747647677670:,1747647684673
counter/3/0/0/0,32751:1747647677670:,1747647684673
counter/4/0/0/0,35050:1747647678721:,1747647684673
counter/3/0/0/0,32752:1747647677670:,1747647684673
counter/3/0/0/0,32753:1747647677670:,1747647684673
counter/3/0/0/0,32754:1747647677670:,1747647684673
counter/3/0/0/0,32755:1747647677674:,1747647684673
counter/3/0/0/0,32756:1747647677674:,1747647684673
counter/3/0/0/0,32757:1747647677674:,1747647684673
counter/4/0/0/0,35051:1747647678721:,1747647684673
counter/3/0/0/0,32758:1747647677674:,1747647684673
counter/4/0/0/0,35052:1747647678721:,1747647684673
counter/3/0/0/0,32759:1747647677674:,1747647684673
counter/3/0/0/0,32760:1747647677674:,1747647684673
counter/10/0/0/0,31028:1747647674040:,1747647684673
counter/3/0/0/0,32761:1747647677674:,1747647684673
counter/3/0/0/0,32762:1747647677674:,1747647684673
counter/4/0/0/0,35053:1747647678721:,1747647684673
counter/3/0/0/0,32763:1747647677674:,1747647684673
counter/3/0/0/0,32764:1747647677674:,1747647684673
counter/4/0/0/0,35054:1747647678721:,1747647684673
counter/3/0/0/0,32765:1747647677675:,1747647684673
counter/10/0/0/0,31029:1747647674040:,1747647684673
counter/3/0/0/0,32766:1747647677675:,1747647684673
counter/10/0/0/0,31030:1747647674040:,1747647684673
counter/10/0/0/0,31031:1747647674040:,1747647684673
counter/10/0/0/0,31032:1747647674040:,1747647684673
counter/10/0/0/0,31033:1747647674040:,1747647684673
counter/3/0/0/0,32767:1747647677675:,1747647684673
counter/10/0/0/0,31034:1747647674071:,1747647684673
counter/10/0/0/0,31035:1747647674072:,1747647684673
counter/10/0/0/0,31036:1747647674072:,1747647684673
counter/10/0/0/0,31037:1747647674072:,1747647684674
counter/3/0/0/0,32768:1747647677675:,1747647684674
counter/4/0/0/0,35055:1747647678721:,1747647684674
counter/10/0/0/0,31038:1747647674072:,1747647684674
counter/10/0/0/0,31039:1747647674072:,1747647684674
counter/3/0/0/0,32769:1747647677675:,1747647684674
counter/10/0/0/0,31040:1747647674083:,1747647684674
counter/10/0/0/0,31041:1747647674083:,1747647684674
counter/10/0/0/0,31042:1747647674083:,1747647684674
counter/4/0/0/0,35056:1747647678721:,1747647684674
counter/10/0/0/0,31043:1747647674083:,1747647684674
counter/4/0/0/0,35057:1747647678721:,1747647684674
counter/3/0/0/0,32770:1747647677675:,1747647684674
counter/10/0/0/0,31044:1747647674083:,1747647684674
counter/4/0/0/0,35058:1747647678721:,1747647684674
counter/10/0/0/0,31045:1747647674083:,1747647684674
counter/4/0/0/0,35059:1747647678721:,1747647684674
counter/3/0/0/0,32771:1747647677675:,1747647684674
counter/10/0/0/0,31046:1747647674083:,1747647684674
counter/10/0/0/0,31047:1747647674083:,1747647684674
counter/10/0/0/0,31048:1747647674085:,1747647684674
counter/10/0/0/0,31049:1747647674085:,1747647684674
counter/4/0/0/0,35060:1747647678743:,1747647684674
counter/10/0/0/0,31050:1747647674085:,1747647684674
counter/10/0/0/0,31051:1747647674085:,1747647684674
counter/3/0/0/0,32772:1747647677675:,1747647684674
counter/10/0/0/0,31052:1747647674085:,1747647684674
counter/10/0/0/0,31053:1747647674085:,1747647684674
counter/3/0/0/0,32773:1747647677676:,1747647684674
counter/10/0/0/0,31054:1747647674085:,1747647684674
counter/10/0/0/0,31055:1747647674085:,1747647684674
counter/4/0/0/0,35061:1747647678743:,1747647684674
counter/4/0/0/0,35062:1747647678743:,1747647684674
counter/3/0/0/0,32774:1747647677676:,1747647684674
counter/4/0/0/0,35063:1747647678743:,1747647684674
counter/10/0/0/0,31056:1747647674090:,1747647684674
counter/4/0/0/0,35064:1747647678743:,1747647684674
counter/3/0/0/0,32775:1747647677676:,1747647684674
counter/10/0/0/0,31057:1747647674090:,1747647684675
counter/4/0/0/0,35065:1747647678743:,1747647684675
counter/3/0/0/0,32776:1747647677676:,1747647684675
counter/4/0/0/0,35066:1747647678743:,1747647684675
counter/10/0/0/0,31058:1747647674090:,1747647684675
counter/4/0/0/0,35067:1747647678743:,1747647684675
counter/3/0/0/0,32777:1747647677677:,1747647684675
counter/10/0/0/0,31059:1747647674090:,1747647684675
counter/4/0/0/0,35068:1747647678743:,1747647684675
counter/10/0/0/0,31060:1747647674090:,1747647684675
counter/4/0/0/0,35069:1747647678743:,1747647684675
counter/3/0/0/0,32778:1747647677677:,1747647684675
counter/10/0/0/0,31061:1747647674090:,1747647684675
counter/4/0/0/0,35070:1747647678743:,1747647684675
counter/10/0/0/0,31062:1747647674092:,1747647684675
counter/4/0/0/0,35071:1747647678743:,1747647684675
counter/3/0/0/0,32779:1747647677677:,1747647684675
counter/10/0/0/0,31063:1747647674092:,1747647684675
counter/10/0/0/0,31064:1747647674092:,1747647684675
counter/10/0/0/0,31065:1747647674092:,1747647684675
counter/10/0/0/0,31066:1747647674092:,1747647684675
counter/4/0/0/0,35072:1747647678743:,1747647684675
counter/3/0/0/0,32780:1747647677677:,1747647684675
counter/10/0/0/0,31067:1747647674092:,1747647684675
counter/4/0/0/0,35073:1747647678743:,1747647684675
counter/3/0/0/0,32781:1747647677677:,1747647684675
counter/3/0/0/0,32782:1747647677679:,1747647684675
counter/3/0/0/0,32783:1747647677679:,1747647684675
counter/4/0/0/0,35074:1747647678749:,1747647684675
counter/10/0/0/0,31068:1747647674092:,1747647684675
counter/4/0/0/0,35075:1747647678749:,1747647684675
counter/3/0/0/0,32784:1747647677679:,1747647684675
counter/4/0/0/0,35076:1747647678749:,1747647684675
counter/3/0/0/0,32785:1747647677679:,1747647684675
counter/4/0/0/0,35077:1747647678749:,1747647684675
counter/10/0/0/0,31069:1747647674092:,1747647684675
counter/3/0/0/0,32786:1747647677679:,1747647684676
counter/10/0/0/0,31070:1747647674092:,1747647684676
counter/3/0/0/0,32787:1747647677679:,1747647684676
counter/10/0/0/0,31071:1747647674092:,1747647684676
counter/4/0/0/0,35078:1747647678749:,1747647684676
counter/10/0/0/0,31072:1747647674093:,1747647684676
counter/10/0/0/0,31073:1747647674093:,1747647684676
counter/10/0/0/0,31074:1747647674093:,1747647684676
counter/10/0/0/0,31075:1747647674093:,1747647684676
counter/10/0/0/0,31076:1747647674093:,1747647684676
counter/4/0/0/0,35079:1747647678749:,1747647684676
counter/10/0/0/0,31077:1747647674093:,1747647684676
counter/3/0/0/0,32788:1747647677679:,1747647684676
counter/10/0/0/0,31078:1747647674093:,1747647684676
counter/10/0/0/0,31079:1747647674093:,1747647684676
counter/10/0/0/0,31080:1747647674093:,1747647684676
counter/3/0/0/0,32789:1747647677679:,1747647684676
counter/10/0/0/0,31081:1747647674093:,1747647684676
counter/10/0/0/0,31082:1747647674093:,1747647684676
counter/10/0/0/0,31083:1747647674093:,1747647684676
counter/10/0/0/0,31084:1747647674093:,1747647684676
counter/10/0/0/0,31085:1747647674093:,1747647684676
counter/10/0/0/0,31086:1747647674093:,1747647684676
counter/10/0/0/0,31087:1747647674093:,1747647684676
counter/10/0/0/0,31088:1747647674102:,1747647684676
counter/4/0/0/0,35080:1747647678749:,1747647684676
counter/3/0/0/0,32790:1747647677679:,1747647684676
counter/10/0/0/0,31089:1747647674102:,1747647684676
counter/4/0/0/0,35081:1747647678749:,1747647684676
counter/3/0/0/0,32791:1747647677679:,1747647684676
counter/10/0/0/0,31090:1747647674102:,1747647684676
counter/10/0/0/0,31091:1747647674113:,1747647684676
counter/10/0/0/0,31092:1747647674117:,1747647684676
counter/10/0/0/0,31093:1747647674117:,1747647684676
counter/10/0/0/0,31094:1747647674117:,1747647684676
counter/10/0/0/0,31095:1747647674117:,1747647684676
counter/3/0/0/0,32792:1747647677679:,1747647684677
counter/10/0/0/0,31096:1747647674117:,1747647684677
counter/3/0/0/0,32793:1747647677679:,1747647684677
counter/3/0/0/0,32794:1747647677680:,1747647684677
counter/3/0/0/0,32795:1747647677680:,1747647684677
counter/10/0/0/0,31097:1747647674117:,1747647684677
counter/3/0/0/0,32796:1747647677680:,1747647684677
counter/3/0/0/0,32797:1747647677680:,1747647684677
counter/3/0/0/0,32798:1747647677680:,1747647684677
counter/3/0/0/0,32799:1747647677680:,1747647684677
counter/10/0/0/0,31098:1747647674117:,1747647684677
counter/3/0/0/0,32800:1747647677680:,1747647684677
counter/3/0/0/0,32801:1747647677680:,1747647684677
counter/3/0/0/0,32802:1747647677680:,1747647684677
counter/4/0/0/0,35082:1747647678749:,1747647684677
counter/3/0/0/0,32803:1747647677680:,1747647684677
counter/3/0/0/0,32804:1747647677680:,1747647684677
counter/4/0/0/0,35083:1747647678749:,1747647684677
counter/3/0/0/0,32805:1747647677680:,1747647684677
counter/3/0/0/0,32806:1747647677680:,1747647684677
counter/3/0/0/0,32807:1747647677680:,1747647684677
counter/10/0/0/0,31099:1747647674117:,1747647684677
counter/3/0/0/0,32808:1747647677680:,1747647684677
counter/3/0/0/0,32809:1747647677680:,1747647684677
counter/3/0/0/0,32810:1747647677680:,1747647684677
counter/3/0/0/0,32811:1747647677680:,1747647684677
counter/3/0/0/0,32812:1747647677680:,1747647684677
counter/4/0/0/0,35084:1747647678749:,1747647684677
counter/3/0/0/0,32813:1747647677680:,1747647684677
counter/4/0/0/0,35085:1747647678749:,1747647684677
counter/3/0/0/0,32814:1747647677680:,1747647684677
counter/3/0/0/0,32815:1747647677680:,1747647684677
counter/10/0/0/0,31100:1747647674118:,1747647684677
counter/3/0/0/0,32816:1747647677680:,1747647684677
counter/4/0/0/0,35086:1747647678749:,1747647684677
counter/3/0/0/0,32817:1747647677681:,1747647684677
counter/3/0/0/0,32818:1747647677681:,1747647684677
counter/4/0/0/0,35087:1747647678751:,1747647684677
counter/3/0/0/0,32819:1747647677681:,1747647684677
counter/10/0/0/0,31101:1747647674118:,1747647684678
counter/3/0/0/0,32820:1747647677681:,1747647684678
counter/3/0/0/0,32821:1747647677681:,1747647684678
counter/10/0/0/0,31102:1747647674118:,1747647684678
counter/4/0/0/0,35088:1747647678766:,1747647684678
counter/3/0/0/0,32822:1747647677681:,1747647684678
counter/4/0/0/0,35089:1747647678777:,1747647684678
counter/10/0/0/0,31103:1747647674118:,1747647684678
counter/3/0/0/0,32823:1747647677681:,1747647684678
counter/4/0/0/0,35090:1747647678777:,1747647684678
counter/10/0/0/0,31104:1747647674118:,1747647684678
counter/4/0/0/0,35091:1747647678777:,1747647684678
counter/3/0/0/0,32824:1747647677682:,1747647684678
counter/10/0/0/0,31105:1747647674118:,1747647684678
counter/10/0/0/0,31106:1747647674118:,1747647684678
counter/10/0/0/0,31107:1747647674118:,1747647684678
counter/3/0/0/0,32825:1747647677682:,1747647684678
counter/4/0/0/0,35092:1747647678777:,1747647684678
counter/10/0/0/0,31108:1747647674118:,1747647684678
counter/4/0/0/0,35093:1747647678777:,1747647684678
counter/3/0/0/0,32826:1747647677682:,1747647684678
counter/10/0/0/0,31109:1747647674118:,1747647684678
counter/3/0/0/0,32827:1747647677682:,1747647684678
counter/3/0/0/0,32828:1747647677682:,1747647684678
counter/3/0/0/0,32829:1747647677682:,1747647684678
counter/10/0/0/0,31110:1747647674118:,1747647684678
counter/10/0/0/0,31111:1747647674118:,1747647684678
counter/3/0/0/0,32830:1747647677682:,1747647684678
counter/10/0/0/0,31112:1747647674118:,1747647684678
counter/10/0/0/0,31113:1747647674118:,1747647684678
counter/10/0/0/0,31114:1747647674118:,1747647684678
counter/3/0/0/0,32831:1747647677682:,1747647684678
counter/10/0/0/0,31115:1747647674118:,1747647684678
counter/3/0/0/0,32832:1747647677682:,1747647684678
counter/10/0/0/0,31116:1747647674118:,1747647684678
counter/10/0/0/0,31117:1747647674118:,1747647684678
counter/10/0/0/0,31118:1747647674118:,1747647684678
counter/4/0/0/0,35094:1747647678777:,1747647684679
counter/3/0/0/0,32833:1747647677682:,1747647684679
counter/10/0/0/0,31119:1747647674118:,1747647684679
counter/4/0/0/0,35095:1747647678777:,1747647684679
counter/3/0/0/0,32834:1747647677682:,1747647684679
counter/4/0/0/0,35096:1747647678777:,1747647684679
counter/10/0/0/0,31120:1747647674118:,1747647684679
counter/3/0/0/0,32835:1747647677682:,1747647684679
counter/3/0/0/0,32836:1747647677682:,1747647684679
counter/3/0/0/0,32837:1747647677682:,1747647684679
counter/3/0/0/0,32838:1747647677682:,1747647684679
counter/4/0/0/0,35097:1747647678777:,1747647684679
counter/10/0/0/0,31121:1747647674118:,1747647684679
counter/4/0/0/0,35098:1747647678777:,1747647684679
counter/10/0/0/0,31122:1747647674118:,1747647684679
counter/3/0/0/0,32839:1747647677682:,1747647684679
counter/10/0/0/0,31123:1747647674118:,1747647684679
counter/10/0/0/0,31124:1747647674118:,1747647684679
counter/3/0/0/0,32840:1747647677682:,1747647684679
counter/10/0/0/0,31125:1747647674118:,1747647684679
counter/4/0/0/0,35099:1747647678777:,1747647684679
counter/4/0/0/0,35100:1747647678777:,1747647684679
counter/10/0/0/0,31126:1747647674131:,1747647684679
counter/3/0/0/0,32841:1747647677682:,1747647684679
counter/3/0/0/0,32842:1747647677682:,1747647684679
counter/3/0/0/0,32843:1747647677682:,1747647684679
counter/3/0/0/0,32844:1747647677682:,1747647684679
counter/4/0/0/0,35101:1747647678778:,1747647684679
counter/3/0/0/0,32845:1747647677688:,1747647684679
counter/4/0/0/0,35102:1747647678778:,1747647684679
counter/10/0/0/0,31127:1747647674131:,1747647684679
counter/4/0/0/0,35103:1747647678778:,1747647684679
counter/3/0/0/0,32846:1747647677688:,1747647684680
counter/10/0/0/0,31128:1747647674132:,1747647684680
counter/10/0/0/0,31129:1747647674132:,1747647684680
counter/10/0/0/0,31130:1747647674132:,1747647684680
counter/10/0/0/0,31131:1747647674132:,1747647684680
counter/4/0/0/0,35104:1747647678778:,1747647684680
counter/3/0/0/0,32847:1747647677688:,1747647684680
counter/10/0/0/0,31132:1747647674132:,1747647684680
counter/3/0/0/0,32848:1747647677688:,1747647684680
counter/10/0/0/0,31133:1747647674132:,1747647684680
counter/10/0/0/0,31134:1747647674132:,1747647684680
counter/10/0/0/0,31135:1747647674133:,1747647684680
counter/10/0/0/0,31136:1747647674133:,1747647684680
counter/10/0/0/0,31137:1747647674133:,1747647684680
counter/10/0/0/0,31138:1747647674133:,1747647684680
counter/10/0/0/0,31139:1747647674134:,1747647684680
counter/10/0/0/0,31140:1747647674134:,1747647684680
counter/10/0/0/0,31141:1747647674134:,1747647684680
counter/4/0/0/0,35105:1747647678778:,1747647684680
counter/10/0/0/0,31142:1747647674134:,1747647684680
counter/4/0/0/0,35106:1747647678779:,1747647684680
counter/10/0/0/0,31143:1747647674134:,1747647684680
counter/3/0/0/0,32849:1747647677688:,1747647684680
counter/4/0/0/0,35107:1747647678779:,1747647684680
counter/10/0/0/0,31144:1747647674134:,1747647684680
counter/4/0/0/0,35108:1747647678779:,1747647684680
counter/3/0/0/0,32850:1747647677688:,1747647684680
counter/10/0/0/0,31145:1747647674134:,1747647684680
counter/10/0/0/0,31146:1747647674134:,1747647684680
counter/10/0/0/0,31147:1747647674134:,1747647684680
counter/10/0/0/0,31148:1747647674134:,1747647684680
counter/10/0/0/0,31149:1747647674134:,1747647684680
counter/10/0/0/0,31150:1747647674134:,1747647684680
counter/4/0/0/0,35109:1747647678779:,1747647684680
counter/3/0/0/0,32851:1747647677688:,1747647684680
counter/4/0/0/0,35110:1747647678779:,1747647684680
counter/10/0/0/0,31151:1747647674134:,1747647684680
counter/4/0/0/0,35111:1747647678779:,1747647684680
counter/10/0/0/0,31152:1747647674134:,1747647684680
counter/3/0/0/0,32852:1747647677688:,1747647684680
counter/4/0/0/0,35112:1747647678779:,1747647684680
counter/10/0/0/0,31153:1747647674135:,1747647684681
counter/4/0/0/0,35113:1747647678779:,1747647684681
counter/3/0/0/0,32853:1747647677688:,1747647684681
counter/10/0/0/0,31154:1747647674135:,1747647684681
counter/4/0/0/0,35114:1747647678779:,1747647684681
counter/3/0/0/0,32854:1747647677688:,1747647684681
counter/4/0/0/0,35115:1747647678779:,1747647684681
counter/10/0/0/0,31155:1747647674135:,1747647684681
counter/3/0/0/0,32855:1747647677688:,1747647684681
counter/10/0/0/0,31156:1747647674135:,1747647684681
counter/10/0/0/0,31157:1747647674135:,1747647684681
counter/10/0/0/0,31158:1747647674135:,1747647684681
counter/10/0/0/0,31159:1747647674135:,1747647684681
counter/3/0/0/0,32856:1747647677688:,1747647684681
counter/4/0/0/0,35116:1747647678779:,1747647684681
counter/10/0/0/0,31160:1747647674135:,1747647684681
counter/10/0/0/0,31161:1747647674135:,1747647684681
counter/3/0/0/0,32857:1747647677688:,1747647684681
counter/10/0/0/0,31162:1747647674135:,1747647684681
counter/3/0/0/0,32858:1747647677688:,1747647684681
counter/3/0/0/0,32859:1747647677688:,1747647684681
counter/10/0/0/0,31163:1747647674135:,1747647684681
counter/10/0/0/0,31164:1747647674135:,1747647684681
counter/10/0/0/0,31165:1747647674135:,1747647684681
counter/10/0/0/0,31166:1747647674135:,1747647684681
counter/4/0/0/0,35117:1747647678779:,1747647684681
counter/3/0/0/0,32860:1747647677688:,1747647684681
counter/4/0/0/0,35118:1747647678779:,1747647684681
counter/10/0/0/0,31167:1747647674135:,1747647684681
counter/3/0/0/0,32861:1747647677689:,1747647684681
counter/3/0/0/0,32862:1747647677689:,1747647684681
counter/3/0/0/0,32863:1747647677689:,1747647684681
counter/10/0/0/0,31168:1747647674135:,1747647684681
counter/3/0/0/0,32864:1747647677694:,1747647684682
counter/3/0/0/0,32865:1747647677694:,1747647684682
counter/4/0/0/0,35119:1747647678779:,1747647684682
counter/4/0/0/0,35120:1747647678779:,1747647684682
counter/10/0/0/0,31169:1747647674135:,1747647684682
counter/3/0/0/0,32866:1747647677694:,1747647684682
counter/3/0/0/0,32867:1747647677694:,1747647684682
counter/3/0/0/0,32868:1747647677694:,1747647684682
counter/3/0/0/0,32869:1747647677694:,1747647684682
counter/10/0/0/0,31170:1747647674143:,1747647684682
counter/3/0/0/0,32870:1747647677694:,1747647684682
counter/3/0/0/0,32871:1747647677694:,1747647684682
counter/10/0/0/0,31171:1747647674143:,1747647684682
counter/3/0/0/0,32872:1747647677694:,1747647684682
counter/4/0/0/0,35121:1747647678779:,1747647684682
counter/10/0/0/0,31172:1747647674143:,1747647684682
counter/3/0/0/0,32873:1747647677694:,1747647684682
counter/4/0/0/0,35122:1747647678787:,1747647684682
counter/10/0/0/0,31173:1747647674143:,1747647684682
counter/4/0/0/0,35123:1747647678787:,1747647684682
counter/3/0/0/0,32874:1747647677694:,1747647684682
counter/4/0/0/0,35124:1747647678787:,1747647684682
counter/4/0/0/0,35125:1747647678787:,1747647684682
counter/4/0/0/0,35126:1747647678787:,1747647684682
counter/3/0/0/0,32875:1747647677694:,1747647684682
counter/10/0/0/0,31174:1747647674143:,1747647684682
counter/4/0/0/0,35127:1747647678787:,1747647684682
counter/3/0/0/0,32876:1747647677694:,1747647684682
counter/4/0/0/0,35128:1747647678787:,1747647684682
counter/10/0/0/0,31175:1747647674143:,1747647684682
counter/4/0/0/0,35129:1747647678787:,1747647684682
counter/3/0/0/0,32877:1747647677694:,1747647684682
counter/10/0/0/0,31176:1747647674148:,1747647684682
counter/10/0/0/0,31177:1747647674168:,1747647684682
counter/10/0/0/0,31178:1747647674170:,1747647684682
counter/4/0/0/0,35130:1747647678787:,1747647684682
counter/3/0/0/0,32878:1747647677694:,1747647684682
counter/10/0/0/0,31179:1747647674176:,1747647684682
counter/3/0/0/0,32879:1747647677694:,1747647684683
counter/10/0/0/0,31180:1747647674176:,1747647684683
counter/10/0/0/0,31181:1747647674176:,1747647684683
counter/10/0/0/0,31182:1747647674176:,1747647684683
counter/3/0/0/0,32880:1747647677695:,1747647684683
counter/10/0/0/0,31183:1747647674176:,1747647684683
counter/10/0/0/0,31184:1747647674177:,1747647684683
counter/3/0/0/0,32881:1747647677695:,1747647684683
counter/10/0/0/0,31185:1747647674177:,1747647684683
counter/10/0/0/0,31186:1747647674177:,1747647684683
counter/10/0/0/0,31187:1747647674177:,1747647684683
counter/10/0/0/0,31188:1747647674177:,1747647684683
counter/3/0/0/0,32882:1747647677695:,1747647684683
counter/10/0/0/0,31189:1747647674177:,1747647684683
counter/10/0/0/0,31190:1747647674177:,1747647684683
counter/10/0/0/0,31191:1747647674177:,1747647684683
counter/10/0/0/0,31192:1747647674177:,1747647684683
counter/10/0/0/0,31193:1747647674178:,1747647684683
counter/10/0/0/0,31194:1747647674178:,1747647684683
counter/10/0/0/0,31195:1747647674178:,1747647684683
counter/10/0/0/0,31196:1747647674178:,1747647684683
counter/10/0/0/0,31197:1747647674178:,1747647684683
counter/10/0/0/0,31198:1747647674178:,1747647684683
counter/3/0/0/0,32883:1747647677695:,1747647684683
counter/4/0/0/0,35131:1747647678788:,1747647684683
counter/10/0/0/0,31199:1747647674180:,1747647684683
counter/4/0/0/0,35132:1747647678788:,1747647684683
counter/3/0/0/0,32884:1747647677695:,1747647684683
counter/10/0/0/0,31200:1747647674180:,1747647684683
counter/10/0/0/0,31201:1747647674180:,1747647684683
counter/10/0/0/0,31202:1747647674180:,1747647684683
counter/10/0/0/0,31203:1747647674180:,1747647684683
counter/10/0/0/0,31204:1747647674181:,1747647684683
counter/10/0/0/0,31205:1747647674181:,1747647684683
counter/3/0/0/0,32885:1747647677695:,1747647684683
counter/4/0/0/0,35133:1747647678788:,1747647684683
counter/3/0/0/0,32886:1747647677695:,1747647684683
counter/4/0/0/0,35134:1747647678788:,1747647684683
counter/10/0/0/0,31206:1747647674181:,1747647684684
counter/3/0/0/0,32887:1747647677695:,1747647684684
counter/4/0/0/0,35135:1747647678788:,1747647684684
counter/10/0/0/0,31207:1747647674181:,1747647684684
counter/3/0/0/0,32888:1747647677695:,1747647684684
counter/4/0/0/0,35136:1747647678788:,1747647684684
counter/10/0/0/0,31208:1747647674181:,1747647684684
counter/3/0/0/0,32889:1747647677695:,1747647684684
counter/4/0/0/0,35137:1747647678788:,1747647684684
counter/10/0/0/0,31209:1747647674181:,1747647684684
counter/3/0/0/0,32890:1747647677695:,1747647684684
counter/10/0/0/0,31210:1747647674181:,1747647684684
counter/3/0/0/0,32891:1747647677695:,1747647684684
counter/3/0/0/0,32892:1747647677695:,1747647684684
counter/3/0/0/0,32893:1747647677695:,1747647684684
counter/3/0/0/0,32894:1747647677695:,1747647684684
counter/4/0/0/0,35138:1747647678800:,1747647684684
counter/10/0/0/0,31211:1747647674181:,1747647684684
counter/4/0/0/0,35139:1747647678800:,1747647684684
counter/3/0/0/0,32895:1747647677695:,1747647684684
counter/3/0/0/0,32896:1747647677706:,1747647684684
counter/10/0/0/0,31212:1747647674183:,1747647684684
counter/4/0/0/0,35140:1747647678800:,1747647684684
counter/3/0/0/0,32897:1747647677707:,1747647684684
counter/10/0/0/0,31213:1747647674183:,1747647684684
counter/3/0/0/0,32898:1747647677707:,1747647684684
counter/10/0/0/0,31214:1747647674183:,1747647684684
counter/3/0/0/0,32899:1747647677707:,1747647684684
counter/3/0/0/0,32900:1747647677707:,1747647684684
counter/3/0/0/0,32901:1747647677707:,1747647684684
counter/4/0/0/0,35141:1747647678800:,1747647684684
counter/3/0/0/0,32902:1747647677712:,1747647684684
counter/4/0/0/0,35142:1747647678800:,1747647684684
counter/4/0/0/0,35143:1747647678800:,1747647684684
counter/4/0/0/0,35144:1747647678800:,1747647684684
counter/4/0/0/0,35145:1747647678800:,1747647684684
counter/4/0/0/0,35146:1747647678800:,1747647684684
counter/4/0/0/0,35147:1747647678800:,1747647684684
counter/10/0/0/0,31215:1747647674183:,1747647684684
counter/3/0/0/0,32903:1747647677712:,1747647684685
counter/3/0/0/0,32904:1747647677712:,1747647684685
counter/3/0/0/0,32905:1747647677712:,1747647684685
counter/3/0/0/0,32906:1747647677712:,1747647684685
counter/10/0/0/0,31216:1747647674183:,1747647684685
counter/3/0/0/0,32907:1747647677712:,1747647684685
counter/3/0/0/0,32908:1747647677712:,1747647684685
counter/10/0/0/0,31217:1747647674183:,1747647684685
counter/3/0/0/0,32909:1747647677712:,1747647684685
counter/3/0/0/0,32910:1747647677712:,1747647684685
counter/3/0/0/0,32911:1747647677713:,1747647684685
counter/3/0/0/0,32912:1747647677713:,1747647684685
counter/3/0/0/0,32913:1747647677713:,1747647684685
counter/10/0/0/0,31218:1747647674184:,1747647684685
counter/3/0/0/0,32914:1747647677713:,1747647684685
counter/3/0/0/0,32915:1747647677717:,1747647684685
counter/3/0/0/0,32916:1747647677717:,1747647684685
counter/3/0/0/0,32917:1747647677719:,1747647684685
counter/10/0/0/0,31219:1747647674184:,1747647684685
counter/3/0/0/0,32918:1747647677719:,1747647684685
counter/3/0/0/0,32919:1747647677719:,1747647684685
counter/10/0/0/0,31220:1747647674184:,1747647684685
counter/3/0/0/0,32920:1747647677719:,1747647684685
counter/4/0/0/0,35148:1747647678800:,1747647684685
counter/3/0/0/0,32921:1747647677719:,1747647684685
counter/10/0/0/0,31221:1747647674184:,1747647684685
counter/3/0/0/0,32922:1747647677722:,1747647684685
counter/4/0/0/0,35149:1747647678800:,1747647684685
counter/10/0/0/0,31222:1747647674184:,1747647684685
counter/4/0/0/0,35150:1747647678800:,1747647684685
counter/10/0/0/0,31223:1747647674184:,1747647684685
counter/4/0/0/0,35151:1747647678800:,1747647684685
counter/3/0/0/0,32923:1747647677722:,1747647684685
counter/10/0/0/0,31224:1747647674184:,1747647684685
counter/10/0/0/0,31225:1747647674184:,1747647684685
counter/10/0/0/0,31226:1747647674184:,1747647684685
counter/10/0/0/0,31227:1747647674189:,1747647684685
counter/10/0/0/0,31228:1747647674189:,1747647684685
counter/10/0/0/0,31229:1747647674189:,1747647684685
counter/10/0/0/0,31230:1747647674189:,1747647684685
counter/10/0/0/0,31231:1747647674189:,1747647684685
counter/4/0/0/0,35152:1747647678800:,1747647684686
counter/10/0/0/0,31232:1747647674190:,1747647684686
counter/10/0/0/0,31233:1747647674190:,1747647684686
counter/10/0/0/0,31234:1747647674191:,1747647684686
counter/4/0/0/0,35153:1747647678800:,1747647684686
counter/10/0/0/0,31235:1747647674191:,1747647684686
counter/10/0/0/0,31236:1747647674191:,1747647684686
counter/4/0/0/0,35154:1747647678804:,1747647684686
counter/10/0/0/0,31237:1747647674191:,1747647684686
counter/4/0/0/0,35155:1747647678804:,1747647684686
counter/10/0/0/0,31238:1747647674191:,1747647684686
counter/10/0/0/0,31239:1747647674191:,1747647684686
counter/10/0/0/0,31240:1747647674191:,1747647684686
counter/4/0/0/0,35156:1747647678804:,1747647684686
counter/10/0/0/0,31241:1747647674191:,1747647684686
counter/10/0/0/0,31242:1747647674191:,1747647684686
counter/10/0/0/0,31243:1747647674191:,1747647684686
counter/10/0/0/0,31244:1747647674191:,1747647684686
counter/10/0/0/0,31245:1747647674191:,1747647684686
counter/4/0/0/0,35157:1747647678804:,1747647684686
counter/3/0/0/0,32924:1747647677722:,1747647684686
counter/4/0/0/0,35158:1747647678804:,1747647684686
counter/10/0/0/0,31246:1747647674204:,1747647684686
counter/3/0/0/0,32925:1747647677723:,1747647684686
counter/10/0/0/0,31247:1747647674204:,1747647684686
counter/10/0/0/0,31248:1747647674204:,1747647684686
counter/10/0/0/0,31249:1747647674204:,1747647684686
counter/10/0/0/0,31250:1747647674204:,1747647684686
counter/3/0/0/0,32926:1747647677723:,1747647684686
counter/4/0/0/0,35159:1747647678808:,1747647684686
counter/10/0/0/0,31251:1747647674204:,1747647684686
counter/10/0/0/0,31252:1747647674204:,1747647684686
counter/3/0/0/0,32927:1747647677723:,1747647684686
counter/10/0/0/0,31253:1747647674204:,1747647684686
counter/10/0/0/0,31254:1747647674204:,1747647684686
counter/3/0/0/0,32928:1747647677723:,1747647684686
counter/4/0/0/0,35160:1747647678808:,1747647684686
counter/10/0/0/0,31255:1747647674204:,1747647684686
counter/3/0/0/0,32929:1747647677723:,1747647684686
counter/4/0/0/0,35161:1747647678808:,1747647684687
counter/10/0/0/0,31256:1747647674204:,1747647684687
counter/4/0/0/0,35162:1747647678808:,1747647684687
counter/3/0/0/0,32930:1747647677723:,1747647684687
counter/10/0/0/0,31257:1747647674204:,1747647684687
counter/4/0/0/0,35163:1747647678808:,1747647684687
counter/3/0/0/0,32931:1747647677723:,1747647684687
counter/10/0/0/0,31258:1747647674205:,1747647684687
counter/10/0/0/0,31259:1747647674205:,1747647684687
counter/10/0/0/0,31260:1747647674218:,1747647684687
counter/10/0/0/0,31261:1747647674218:,1747647684687
counter/10/0/0/0,31262:1747647674218:,1747647684687
counter/10/0/0/0,31263:1747647674218:,1747647684687
counter/10/0/0/0,31264:1747647674218:,1747647684687
counter/3/0/0/0,32932:1747647677723:,1747647684687
counter/10/0/0/0,31265:1747647674218:,1747647684687
counter/10/0/0/0,31266:1747647674218:,1747647684687
counter/10/0/0/0,31267:1747647674218:,1747647684687
counter/3/0/0/0,32933:1747647677723:,1747647684687
counter/10/0/0/0,31268:1747647674218:,1747647684687
counter/4/0/0/0,35164:1747647678808:,1747647684687
counter/3/0/0/0,32934:1747647677724:,1747647684687
counter/4/0/0/0,35165:1747647678816:,1747647684687
counter/10/0/0/0,31269:1747647674218:,1747647684687
counter/3/0/0/0,32935:1747647677724:,1747647684687
counter/3/0/0/0,32936:1747647677724:,1747647684687
counter/3/0/0/0,32937:1747647677730:,1747647684687
counter/3/0/0/0,32938:1747647677730:,1747647684687
counter/3/0/0/0,32939:1747647677730:,1747647684687
counter/3/0/0/0,32940:1747647677730:,1747647684687
counter/3/0/0/0,32941:1747647677731:,1747647684687
counter/10/0/0/0,31270:1747647674218:,1747647684687
counter/4/0/0/0,35166:1747647678816:,1747647684688
counter/3/0/0/0,32942:1747647677731:,1747647684688
counter/4/0/0/0,35167:1747647678816:,1747647684688
counter/10/0/0/0,31271:1747647674218:,1747647684688
counter/4/0/0/0,35168:1747647678826:,1747647684688
counter/3/0/0/0,32943:1747647677731:,1747647684688
counter/3/0/0/0,32944:1747647677731:,1747647684688
counter/10/0/0/0,31272:1747647674218:,1747647684688
counter/10/0/0/0,31273:1747647674218:,1747647684688
counter/4/0/0/0,35169:1747647678826:,1747647684688
counter/10/0/0/0,31274:1747647674218:,1747647684688
counter/10/0/0/0,31275:1747647674218:,1747647684688
counter/3/0/0/0,32945:1747647677731:,1747647684688
counter/10/0/0/0,31276:1747647674218:,1747647684688
counter/3/0/0/0,32946:1747647677731:,1747647684688
counter/10/0/0/0,31277:1747647674219:,1747647684688
counter/10/0/0/0,31278:1747647674219:,1747647684688
counter/10/0/0/0,31279:1747647674219:,1747647684688
counter/10/0/0/0,31280:1747647674219:,1747647684688
counter/10/0/0/0,31281:1747647674219:,1747647684688
counter/3/0/0/0,32947:1747647677731:,1747647684688
counter/10/0/0/0,31282:1747647674219:,1747647684688
counter/10/0/0/0,31283:1747647674219:,1747647684688
counter/4/0/0/0,35170:1747647678826:,1747647684688
counter/10/0/0/0,31284:1747647674219:,1747647684688
counter/4/0/0/0,35171:1747647678826:,1747647684688
counter/10/0/0/0,31285:1747647674219:,1747647684688
counter/10/0/0/0,31286:1747647674223:,1747647684688
counter/10/0/0/0,31287:1747647674223:,1747647684688
counter/10/0/0/0,31288:1747647674223:,1747647684688
counter/10/0/0/0,31289:1747647674223:,1747647684688
counter/10/0/0/0,31290:1747647674223:,1747647684688
counter/3/0/0/0,32948:1747647677731:,1747647684688
counter/10/0/0/0,31291:1747647674223:,1747647684688
counter/10/0/0/0,31292:1747647674223:,1747647684688
counter/4/0/0/0,35172:1747647678827:,1747647684688
counter/10/0/0/0,31293:1747647674223:,1747647684688
counter/10/0/0/0,31294:1747647674223:,1747647684688
counter/10/0/0/0,31295:1747647674233:,1747647684689
counter/10/0/0/0,31296:1747647674233:,1747647684689
counter/10/0/0/0,31297:1747647674233:,1747647684689
counter/10/0/0/0,31298:1747647674233:,1747647684689
counter/10/0/0/0,31299:1747647674235:,1747647684689
counter/10/0/0/0,31300:1747647674235:,1747647684689
counter/10/0/0/0,31301:1747647674235:,1747647684689
counter/3/0/0/0,32949:1747647677731:,1747647684689
counter/10/0/0/0,31302:1747647674252:,1747647684689
counter/4/0/0/0,35173:1747647678827:,1747647684689
counter/10/0/0/0,31303:1747647674252:,1747647684689
counter/10/0/0/0,31304:1747647674252:,1747647684689
counter/3/0/0/0,32950:1747647677731:,1747647684689
counter/10/0/0/0,31305:1747647674252:,1747647684689
counter/3/0/0/0,32951:1747647677731:,1747647684689
counter/10/0/0/0,31306:1747647674252:,1747647684689
counter/10/0/0/0,31307:1747647674252:,1747647684689
counter/10/0/0/0,31308:1747647674252:,1747647684689
counter/10/0/0/0,31309:1747647674252:,1747647684689
counter/4/0/0/0,35174:1747647678847:,1747647684689
counter/10/0/0/0,31310:1747647674252:,1747647684689
counter/4/0/0/0,35175:1747647678847:,1747647684689
counter/3/0/0/0,32952:1747647677731:,1747647684689
counter/4/0/0/0,35176:1747647678847:,1747647684689
counter/10/0/0/0,31311:1747647674252:,1747647684689
counter/4/0/0/0,35177:1747647678847:,1747647684689
counter/3/0/0/0,32953:1747647677731:,1747647684689
counter/10/0/0/0,31312:1747647674252:,1747647684689
counter/4/0/0/0,35178:1747647678847:,1747647684689
counter/10/0/0/0,31313:1747647674252:,1747647684689
counter/4/0/0/0,35179:1747647678848:,1747647684689
counter/10/0/0/0,31314:1747647674255:,1747647684689
counter/4/0/0/0,35180:1747647678848:,1747647684689
counter/3/0/0/0,32954:1747647677731:,1747647684689
counter/10/0/0/0,31315:1747647674255:,1747647684690
counter/10/0/0/0,31316:1747647674255:,1747647684690
counter/3/0/0/0,32955:1747647677731:,1747647684690
counter/4/0/0/0,35181:1747647678848:,1747647684690
counter/10/0/0/0,31317:1747647674290:,1747647684690
counter/4/0/0/0,35182:1747647678848:,1747647684690
counter/3/0/0/0,32956:1747647677731:,1747647684690
counter/10/0/0/0,31318:1747647674290:,1747647684690
counter/4/0/0/0,35183:1747647678848:,1747647684690
counter/3/0/0/0,32957:1747647677731:,1747647684690
counter/4/0/0/0,35184:1747647678848:,1747647684690
counter/10/0/0/0,31319:1747647674290:,1747647684690
counter/10/0/0/0,31320:1747647674290:,1747647684690
counter/3/0/0/0,32958:1747647677731:,1747647684690
counter/10/0/0/0,31321:1747647674290:,1747647684690
counter/10/0/0/0,31322:1747647674290:,1747647684690
counter/3/0/0/0,32959:1747647677731:,1747647684690
counter/4/0/0/0,35185:1747647678850:,1747647684690
counter/10/0/0/0,31323:1747647674290:,1747647684690
counter/4/0/0/0,35186:1747647678850:,1747647684690
counter/3/0/0/0,32960:1747647677744:,1747647684690
counter/10/0/0/0,31324:1747647674290:,1747647684690
counter/4/0/0/0,35187:1747647678851:,1747647684690
counter/10/0/0/0,31325:1747647674290:,1747647684690
counter/3/0/0/0,32961:1747647677744:,1747647684690
counter/4/0/0/0,35188:1747647678851:,1747647684690
counter/10/0/0/0,31326:1747647674290:,1747647684690
counter/3/0/0/0,32962:1747647677744:,1747647684690
counter/10/0/0/0,31327:1747647674290:,1747647684690
counter/4/0/0/0,35189:1747647678851:,1747647684690
counter/3/0/0/0,32963:1747647677744:,1747647684690
counter/4/0/0/0,35190:1747647678853:,1747647684690
counter/10/0/0/0,31328:1747647674290:,1747647684690
counter/4/0/0/0,35191:1747647678853:,1747647684690
counter/3/0/0/0,32964:1747647677744:,1747647684690
counter/10/0/0/0,31329:1747647674310:,1747647684690
counter/4/0/0/0,35192:1747647678853:,1747647684690
counter/3/0/0/0,32965:1747647677744:,1747647684690
counter/10/0/0/0,31330:1747647674310:,1747647684690
counter/3/0/0/0,32966:1747647677744:,1747647684691
counter/3/0/0/0,32967:1747647677744:,1747647684691
counter/3/0/0/0,32968:1747647677744:,1747647684691
counter/3/0/0/0,32969:1747647677744:,1747647684691
counter/3/0/0/0,32970:1747647677744:,1747647684691
counter/10/0/0/0,31331:1747647674310:,1747647684691
counter/3/0/0/0,32971:1747647677744:,1747647684691
counter/4/0/0/0,35193:1747647678853:,1747647684691
counter/10/0/0/0,31332:1747647674310:,1747647684691
counter/4/0/0/0,35194:1747647678853:,1747647684691
counter/3/0/0/0,32972:1747647677744:,1747647684691
counter/10/0/0/0,31333:1747647674310:,1747647684691
counter/4/0/0/0,35195:1747647678853:,1747647684691
counter/10/0/0/0,31334:1747647674310:,1747647684691
counter/10/0/0/0,31335:1747647674310:,1747647684691
counter/3/0/0/0,32973:1747647677744:,1747647684691
counter/10/0/0/0,31336:1747647674310:,1747647684691
counter/3/0/0/0,32974:1747647677744:,1747647684691
counter/4/0/0/0,35196:1747647678862:,1747647684691
counter/10/0/0/0,31337:1747647674310:,1747647684691
counter/3/0/0/0,32975:1747647677744:,1747647684691
counter/3/0/0/0,32976:1747647677745:,1747647684691
counter/3/0/0/0,32977:1747647677745:,1747647684691
counter/3/0/0/0,32978:1747647677748:,1747647684691
counter/10/0/0/0,31338:1747647674310:,1747647684691
counter/3/0/0/0,32979:1747647677748:,1747647684691
counter/4/0/0/0,35197:1747647678862:,1747647684691
counter/3/0/0/0,32980:1747647677749:,1747647684691
counter/4/0/0/0,35198:1747647678862:,1747647684691
counter/10/0/0/0,31339:1747647674310:,1747647684691
counter/4/0/0/0,35199:1747647678862:,1747647684691
counter/3/0/0/0,32981:1747647677750:,1747647684691
counter/10/0/0/0,31340:1747647674310:,1747647684691
counter/4/0/0/0,35200:1747647678862:,1747647684691
counter/3/0/0/0,32982:1747647677751:,1747647684691
counter/4/0/0/0,35201:1747647678866:,1747647684691
counter/10/0/0/0,31341:1747647674310:,1747647684692
counter/4/0/0/0,35202:1747647678866:,1747647684692
counter/10/0/0/0,31342:1747647674310:,1747647684692
counter/4/0/0/0,35203:1747647678866:,1747647684692
counter/3/0/0/0,32983:1747647677751:,1747647684692
counter/10/0/0/0,31343:1747647674310:,1747647684692
counter/3/0/0/0,32984:1747647677751:,1747647684692
counter/3/0/0/0,32985:1747647677751:,1747647684692
counter/4/0/0/0,35204:1747647678866:,1747647684692
counter/10/0/0/0,31344:1747647674310:,1747647684692
counter/4/0/0/0,35205:1747647678866:,1747647684692
counter/10/0/0/0,31345:1747647674312:,1747647684692
counter/10/0/0/0,31346:1747647674312:,1747647684692
counter/10/0/0/0,31347:1747647674312:,1747647684692
counter/4/0/0/0,35206:1747647678866:,1747647684692
counter/10/0/0/0,31348:1747647674312:,1747647684692
counter/10/0/0/0,31349:1747647674312:,1747647684692
counter/4/0/0/0,35207:1747647678866:,1747647684692
counter/10/0/0/0,31350:1747647674312:,1747647684692
counter/3/0/0/0,32986:1747647677751:,1747647684692
counter/10/0/0/0,31351:1747647674312:,1747647684692
counter/10/0/0/0,31352:1747647674312:,1747647684692
counter/10/0/0/0,31353:1747647674312:,1747647684692
counter/3/0/0/0,32987:1747647677756:,1747647684692
counter/10/0/0/0,31354:1747647674312:,1747647684692
counter/10/0/0/0,31355:1747647674312:,1747647684692
counter/10/0/0/0,31356:1747647674312:,1747647684692
counter/10/0/0/0,31357:1747647674312:,1747647684692
counter/10/0/0/0,31358:1747647674312:,1747647684692
counter/10/0/0/0,31359:1747647674312:,1747647684692
counter/10/0/0/0,31360:1747647674312:,1747647684692
counter/10/0/0/0,31361:1747647674312:,1747647684692
counter/10/0/0/0,31362:1747647674312:,1747647684692
counter/10/0/0/0,31363:1747647674312:,1747647684692
counter/10/0/0/0,31364:1747647674313:,1747647684692
counter/10/0/0/0,31365:1747647674313:,1747647684692
counter/4/0/0/0,35208:1747647678866:,1747647684693
counter/3/0/0/0,32988:1747647677756:,1747647684693
counter/4/0/0/0,35209:1747647678866:,1747647684693
counter/10/0/0/0,31366:1747647674313:,1747647684693
counter/4/0/0/0,35210:1747647678866:,1747647684693
counter/3/0/0/0,32989:1747647677756:,1747647684693
counter/10/0/0/0,31367:1747647674313:,1747647684693
counter/4/0/0/0,35211:1747647678866:,1747647684693
counter/3/0/0/0,32990:1747647677756:,1747647684693
counter/4/0/0/0,35212:1747647678866:,1747647684693
counter/10/0/0/0,31368:1747647674313:,1747647684693
counter/4/0/0/0,35213:1747647678866:,1747647684693
counter/3/0/0/0,32991:1747647677756:,1747647684693
counter/10/0/0/0,31369:1747647674313:,1747647684693
counter/10/0/0/0,31370:1747647674313:,1747647684693
counter/10/0/0/0,31371:1747647674313:,1747647684693
counter/3/0/0/0,32992:1747647677756:,1747647684693
counter/4/0/0/0,35214:1747647678866:,1747647684693
counter/10/0/0/0,31372:1747647674313:,1747647684693
counter/4/0/0/0,35215:1747647678866:,1747647684693
counter/10/0/0/0,31373:1747647674313:,1747647684693
counter/3/0/0/0,32993:1747647677756:,1747647684693
counter/4/0/0/0,35216:1747647678866:,1747647684693
counter/10/0/0/0,31374:1747647674313:,1747647684693
counter/4/0/0/0,35217:1747647678866:,1747647684693
counter/3/0/0/0,32994:1747647677775:,1747647684693
counter/10/0/0/0,31375:1747647674317:,1747647684693
counter/10/0/0/0,31376:1747647674317:,1747647684693
counter/10/0/0/0,31377:1747647674317:,1747647684693
counter/10/0/0/0,31378:1747647674317:,1747647684693
counter/10/0/0/0,31379:1747647674317:,1747647684693
counter/3/0/0/0,32995:1747647677775:,1747647684693
counter/4/0/0/0,35218:1747647678866:,1747647684693
counter/10/0/0/0,31380:1747647674317:,1747647684693
counter/4/0/0/0,35219:1747647678870:,1747647684693
counter/3/0/0/0,32996:1747647677775:,1747647684693
counter/10/0/0/0,31381:1747647674317:,1747647684693
counter/3/0/0/0,32997:1747647677775:,1747647684693
counter/10/0/0/0,31382:1747647674317:,1747647684693
counter/3/0/0/0,32998:1747647677775:,1747647684693
counter/3/0/0/0,32999:1747647677775:,1747647684694
counter/3/0/0/0,33000:1747647677775:,1747647684694
counter/10/0/0/0,31383:1747647674317:,1747647684694
counter/4/0/0/0,35220:1747647678870:,1747647684694
counter/3/0/0/0,33001:1747647677775:,1747647684694
counter/4/0/0/0,35221:1747647678870:,1747647684694
counter/10/0/0/0,31384:1747647674324:,1747647684694
counter/3/0/0/0,33002:1747647677775:,1747647684694
counter/4/0/0/0,35222:1747647678870:,1747647684694
counter/10/0/0/0,31385:1747647674324:,1747647684694
counter/4/0/0/0,35223:1747647678870:,1747647684694
counter/3/0/0/0,33003:1747647677775:,1747647684694
counter/10/0/0/0,31386:1747647674324:,1747647684694
counter/10/0/0/0,31387:1747647674324:,1747647684694
counter/10/0/0/0,31388:1747647674324:,1747647684694
counter/10/0/0/0,31389:1747647674324:,1747647684694
counter/10/0/0/0,31390:1747647674324:,1747647684694
counter/3/0/0/0,33004:1747647677776:,1747647684694
counter/10/0/0/0,31391:1747647674324:,1747647684694
counter/10/0/0/0,31392:1747647674324:,1747647684694
counter/10/0/0/0,31393:1747647674324:,1747647684694
counter/10/0/0/0,31394:1747647674324:,1747647684694
counter/10/0/0/0,31395:1747647674333:,1747647684694
counter/10/0/0/0,31396:1747647674333:,1747647684694
counter/4/0/0/0,35224:1747647678870:,1747647684694
counter/3/0/0/0,33005:1747647677776:,1747647684694
counter/4/0/0/0,35225:1747647678870:,1747647684694
counter/10/0/0/0,31397:1747647674333:,1747647684694
counter/4/0/0/0,35226:1747647678871:,1747647684694
counter/3/0/0/0,33006:1747647677776:,1747647684694
counter/4/0/0/0,35227:1747647678871:,1747647684694
counter/4/0/0/0,35228:1747647678871:,1747647684694
counter/10/0/0/0,31398:1747647674341:,1747647684694
counter/3/0/0/0,33007:1747647677777:,1747647684694
counter/3/0/0/0,33008:1747647677777:,1747647684694
counter/3/0/0/0,33009:1747647677778:,1747647684694
counter/3/0/0/0,33010:1747647677778:,1747647684694
counter/4/0/0/0,35229:1747647678871:,1747647684694
counter/10/0/0/0,31399:1747647674341:,1747647684695
counter/4/0/0/0,35230:1747647678872:,1747647684695
counter/3/0/0/0,33011:1747647677778:,1747647684695
counter/10/0/0/0,31400:1747647674341:,1747647684695
counter/3/0/0/0,33012:1747647677778:,1747647684695
counter/10/0/0/0,31401:1747647674341:,1747647684695
counter/3/0/0/0,33013:1747647677778:,1747647684695
counter/10/0/0/0,31402:1747647674341:,1747647684695
counter/3/0/0/0,33014:1747647677778:,1747647684695
counter/10/0/0/0,31403:1747647674341:,1747647684695
counter/3/0/0/0,33015:1747647677778:,1747647684695
counter/3/0/0/0,33016:1747647677778:,1747647684695
counter/4/0/0/0,35231:1747647678872:,1747647684695
counter/3/0/0/0,33017:1747647677778:,1747647684695
counter/3/0/0/0,33018:1747647677778:,1747647684695
counter/4/0/0/0,35232:1747647678872:,1747647684695
counter/3/0/0/0,33019:1747647677784:,1747647684695
counter/10/0/0/0,31404:1747647674341:,1747647684695
counter/3/0/0/0,33020:1747647677784:,1747647684695
counter/10/0/0/0,31405:1747647674342:,1747647684695
counter/10/0/0/0,31406:1747647674342:,1747647684695
counter/10/0/0/0,31407:1747647674342:,1747647684695
counter/3/0/0/0,33021:1747647677784:,1747647684695
counter/10/0/0/0,31408:1747647674342:,1747647684695
counter/10/0/0/0,31409:1747647674342:,1747647684695
counter/10/0/0/0,31410:1747647674342:,1747647684695
counter/4/0/0/0,35233:1747647678872:,1747647684695
counter/10/0/0/0,31411:1747647674349:,1747647684695
counter/4/0/0/0,35234:1747647678872:,1747647684695
counter/3/0/0/0,33022:1747647677784:,1747647684695
counter/10/0/0/0,31412:1747647674349:,1747647684695
counter/4/0/0/0,35235:1747647678872:,1747647684695
counter/3/0/0/0,33023:1747647677784:,1747647684695
counter/10/0/0/0,31413:1747647674349:,1747647684695
counter/4/0/0/0,35236:1747647678872:,1747647684695
counter/3/0/0/0,33024:1747647677784:,1747647684695
counter/10/0/0/0,31414:1747647674349:,1747647684695
counter/10/0/0/0,31415:1747647674349:,1747647684696
counter/10/0/0/0,31416:1747647674350:,1747647684696
counter/3/0/0/0,33025:1747647677784:,1747647684696
counter/4/0/0/0,35237:1747647678873:,1747647684696
counter/10/0/0/0,31417:1747647674350:,1747647684696
counter/4/0/0/0,35238:1747647678873:,1747647684696
counter/10/0/0/0,31418:1747647674350:,1747647684696
counter/3/0/0/0,33026:1747647677784:,1747647684696
counter/4/0/0/0,35239:1747647678873:,1747647684696
counter/10/0/0/0,31419:1747647674350:,1747647684696
counter/3/0/0/0,33027:1747647677784:,1747647684696
counter/4/0/0/0,35240:1747647678877:,1747647684696
counter/10/0/0/0,31420:1747647674350:,1747647684696
counter/3/0/0/0,33028:1747647677784:,1747647684696
counter/4/0/0/0,35241:1747647678886:,1747647684696
counter/10/0/0/0,31421:1747647674357:,1747647684696
counter/3/0/0/0,33029:1747647677784:,1747647684696
counter/4/0/0/0,35242:1747647678887:,1747647684696
counter/10/0/0/0,31422:1747647674357:,1747647684696
counter/4/0/0/0,35243:1747647678897:,1747647684696
counter/3/0/0/0,33030:1747647677784:,1747647684696
counter/10/0/0/0,31423:1747647674357:,1747647684696
counter/3/0/0/0,33031:1747647677784:,1747647684696
counter/10/0/0/0,31424:1747647674357:,1747647684696
counter/10/0/0/0,31425:1747647674357:,1747647684696
counter/10/0/0/0,31426:1747647674357:,1747647684696
counter/10/0/0/0,31427:1747647674357:,1747647684696
counter/3/0/0/0,33032:1747647677784:,1747647684696
counter/4/0/0/0,35244:1747647678898:,1747647684696
counter/10/0/0/0,31428:1747647674357:,1747647684696
counter/4/0/0/0,35245:1747647678898:,1747647684696
counter/3/0/0/0,33033:1747647677784:,1747647684696
counter/10/0/0/0,31429:1747647674357:,1747647684696
counter/3/0/0/0,33034:1747647677784:,1747647684696
counter/4/0/0/0,35246:1747647678898:,1747647684696
counter/10/0/0/0,31430:1747647674357:,1747647684696
counter/10/0/0/0,31431:1747647674357:,1747647684696
counter/3/0/0/0,33035:1747647677784:,1747647684696
counter/10/0/0/0,31432:1747647674357:,1747647684696
counter/10/0/0/0,31433:1747647674357:,1747647684696
counter/10/0/0/0,31434:1747647674357:,1747647684696
counter/4/0/0/0,35247:1747647678900:,1747647684697
counter/3/0/0/0,33036:1747647677784:,1747647684697
counter/4/0/0/0,35248:1747647678900:,1747647684697
counter/10/0/0/0,31435:1747647674357:,1747647684697
counter/4/0/0/0,35249:1747647678900:,1747647684697
counter/3/0/0/0,33037:1747647677784:,1747647684697
counter/4/0/0/0,35250:1747647678900:,1747647684697
counter/4/0/0/0,35251:1747647678900:,1747647684697
counter/4/0/0/0,35252:1747647678908:,1747647684697
counter/4/0/0/0,35253:1747647678908:,1747647684697
counter/4/0/0/0,35254:1747647678908:,1747647684697
counter/10/0/0/0,31436:1747647674358:,1747647684697
counter/3/0/0/0,33038:1747647677784:,1747647684697
counter/4/0/0/0,35255:1747647678908:,1747647684697
counter/10/0/0/0,31437:1747647674358:,1747647684697
counter/4/0/0/0,35256:1747647678909:,1747647684697
counter/3/0/0/0,33039:1747647677784:,1747647684697
counter/10/0/0/0,31438:1747647674358:,1747647684697
counter/3/0/0/0,33040:1747647677784:,1747647684697
counter/4/0/0/0,35257:1747647678909:,1747647684697
counter/3/0/0/0,33041:1747647677784:,1747647684697
counter/10/0/0/0,31439:1747647674358:,1747647684697
counter/4/0/0/0,35258:1747647678909:,1747647684697
counter/3/0/0/0,33042:1747647677784:,1747647684697
counter/10/0/0/0,31440:1747647674358:,1747647684697
counter/10/0/0/0,31441:1747647674358:,1747647684697
counter/10/0/0/0,31442:1747647674358:,1747647684697
counter/3/0/0/0,33043:1747647677785:,1747647684697
counter/10/0/0/0,31443:1747647674358:,1747647684697
counter/10/0/0/0,31444:1747647674358:,1747647684697
counter/10/0/0/0,31445:1747647674358:,1747647684697
counter/10/0/0/0,31446:1747647674358:,1747647684697
counter/3/0/0/0,33044:1747647677785:,1747647684697
counter/10/0/0/0,31447:1747647674358:,1747647684697
counter/10/0/0/0,31448:1747647674358:,1747647684697
counter/10/0/0/0,31449:1747647674358:,1747647684698
counter/10/0/0/0,31450:1747647674358:,1747647684698
counter/10/0/0/0,31451:1747647674358:,1747647684698
counter/4/0/0/0,35259:1747647678909:,1747647684698
counter/10/0/0/0,31452:1747647674358:,1747647684698
counter/10/0/0/0,31453:1747647674358:,1747647684698
counter/10/0/0/0,31454:1747647674358:,1747647684698
counter/10/0/0/0,31455:1747647674358:,1747647684698
counter/10/0/0/0,31456:1747647674358:,1747647684698
counter/10/0/0/0,31457:1747647674358:,1747647684698
counter/3/0/0/0,33045:1747647677785:,1747647684698
counter/10/0/0/0,31458:1747647674359:,1747647684698
counter/4/0/0/0,35260:1747647678909:,1747647684698
counter/4/0/0/0,35261:1747647678909:,1747647684698
counter/4/0/0/0,35262:1747647678909:,1747647684698
counter/10/0/0/0,31459:1747647674359:,1747647684698
counter/3/0/0/0,33046:1747647677785:,1747647684698
counter/4/0/0/0,35263:1747647678909:,1747647684698
counter/10/0/0/0,31460:1747647674359:,1747647684698
counter/4/0/0/0,35264:1747647678909:,1747647684698
counter/3/0/0/0,33047:1747647677785:,1747647684698
counter/10/0/0/0,31461:1747647674359:,1747647684698
counter/10/0/0/0,31462:1747647674359:,1747647684698
counter/10/0/0/0,31463:1747647674373:,1747647684698
counter/10/0/0/0,31464:1747647674373:,1747647684698
counter/10/0/0/0,31465:1747647674373:,1747647684698
counter/10/0/0/0,31466:1747647674373:,1747647684698
counter/4/0/0/0,35265:1747647678909:,1747647684698
counter/10/0/0/0,31467:1747647674373:,1747647684698
counter/10/0/0/0,31468:1747647674377:,1747647684698
counter/10/0/0/0,31469:1747647674377:,1747647684698
counter/10/0/0/0,31470:1747647674377:,1747647684698
counter/10/0/0/0,31471:1747647674383:,1747647684698
counter/10/0/0/0,31472:1747647674383:,1747647684698
counter/10/0/0/0,31473:1747647674383:,1747647684698
counter/10/0/0/0,31474:1747647674384:,1747647684698
counter/10/0/0/0,31475:1747647674384:,1747647684698
counter/4/0/0/0,35266:1747647678909:,1747647684698
counter/3/0/0/0,33048:1747647677804:,1747647684698
counter/10/0/0/0,31476:1747647674384:,1747647684698
counter/3/0/0/0,33049:1747647677804:,1747647684699
counter/10/0/0/0,31477:1747647674384:,1747647684699
counter/10/0/0/0,31478:1747647674384:,1747647684699
counter/10/0/0/0,31479:1747647674384:,1747647684699
counter/10/0/0/0,31480:1747647674384:,1747647684699
counter/3/0/0/0,33050:1747647677804:,1747647684699
counter/4/0/0/0,35267:1747647678909:,1747647684699
counter/10/0/0/0,31481:1747647674384:,1747647684699
counter/3/0/0/0,33051:1747647677804:,1747647684699
counter/4/0/0/0,35268:1747647678912:,1747647684699
counter/10/0/0/0,31482:1747647674384:,1747647684699
counter/4/0/0/0,35269:1747647678912:,1747647684699
counter/3/0/0/0,33052:1747647677804:,1747647684699
counter/10/0/0/0,31483:1747647674384:,1747647684699
counter/4/0/0/0,35270:1747647678913:,1747647684699
counter/10/0/0/0,31484:1747647674384:,1747647684699
counter/4/0/0/0,35271:1747647678913:,1747647684699
counter/3/0/0/0,33053:1747647677804:,1747647684699
counter/10/0/0/0,31485:1747647674384:,1747647684699
counter/4/0/0/0,35272:1747647678913:,1747647684699
counter/3/0/0/0,33054:1747647677804:,1747647684699
counter/3/0/0/0,33055:1747647677804:,1747647684699
counter/10/0/0/0,31486:1747647674384:,1747647684699
counter/4/0/0/0,35273:1747647678913:,1747647684699
counter/10/0/0/0,31487:1747647674384:,1747647684699
counter/4/0/0/0,35274:1747647678913:,1747647684699
counter/3/0/0/0,33056:1747647677804:,1747647684699
counter/10/0/0/0,31488:1747647674384:,1747647684699
counter/3/0/0/0,33057:1747647677804:,1747647684699
counter/3/0/0/0,33058:1747647677804:,1747647684699
counter/3/0/0/0,33059:1747647677804:,1747647684699
counter/3/0/0/0,33060:1747647677804:,1747647684699
counter/3/0/0/0,33061:1747647677804:,1747647684699
counter/3/0/0/0,33062:1747647677804:,1747647684699
counter/3/0/0/0,33063:1747647677804:,1747647684699
counter/10/0/0/0,31489:1747647674384:,1747647684699
counter/3/0/0/0,33064:1747647677804:,1747647684700
counter/3/0/0/0,33065:1747647677804:,1747647684700
counter/4/0/0/0,35275:1747647678914:,1747647684700
counter/3/0/0/0,33066:1747647677804:,1747647684700
counter/10/0/0/0,31490:1747647674384:,1747647684700
counter/4/0/0/0,35276:1747647678914:,1747647684700
counter/3/0/0/0,33067:1747647677804:,1747647684700
counter/10/0/0/0,31491:1747647674384:,1747647684700
counter/10/0/0/0,31492:1747647674385:,1747647684700
counter/10/0/0/0,31493:1747647674385:,1747647684700
counter/10/0/0/0,31494:1747647674385:,1747647684700
counter/4/0/0/0,35277:1747647678914:,1747647684700
counter/3/0/0/0,33068:1747647677804:,1747647684700
counter/4/0/0/0,35278:1747647678914:,1747647684700
counter/10/0/0/0,31495:1747647674385:,1747647684700
counter/4/0/0/0,35279:1747647678914:,1747647684700
counter/3/0/0/0,33069:1747647677804:,1747647684700
counter/10/0/0/0,31496:1747647674385:,1747647684700
counter/4/0/0/0,35280:1747647678914:,1747647684700
counter/3/0/0/0,33070:1747647677804:,1747647684700
counter/4/0/0/0,35281:1747647678914:,1747647684700
counter/10/0/0/0,31497:1747647674385:,1747647684700
counter/4/0/0/0,35282:1747647678914:,1747647684700
counter/3/0/0/0,33071:1747647677804:,1747647684700
counter/10/0/0/0,31498:1747647674385:,1747647684700
counter/3/0/0/0,33072:1747647677804:,1747647684700
counter/3/0/0/0,33073:1747647677814:,1747647684700
counter/4/0/0/0,35283:1747647678914:,1747647684700
counter/3/0/0/0,33074:1747647677814:,1747647684700
counter/10/0/0/0,31499:1747647674389:,1747647684700
counter/3/0/0/0,33075:1747647677814:,1747647684700
counter/3/0/0/0,33076:1747647677814:,1747647684700
counter/10/0/0/0,31500:1747647674406:,1747647684700
counter/10/0/0/0,31501:1747647674406:,1747647684700
counter/10/0/0/0,31502:1747647674406:,1747647684700
counter/10/0/0/0,31503:1747647674406:,1747647684700
counter/3/0/0/0,33077:1747647677814:,1747647684701
counter/3/0/0/0,33078:1747647677814:,1747647684701
counter/3/0/0/0,33079:1747647677814:,1747647684701
counter/10/0/0/0,31504:1747647674406:,1747647684701
counter/3/0/0/0,33080:1747647677814:,1747647684701
counter/4/0/0/0,35284:1747647678914:,1747647684701
counter/3/0/0/0,33081:1747647677814:,1747647684701
counter/3/0/0/0,33082:1747647677814:,1747647684701
counter/10/0/0/0,31505:1747647674406:,1747647684701
counter/3/0/0/0,33083:1747647677814:,1747647684701
counter/10/0/0/0,31506:1747647674406:,1747647684701
counter/3/0/0/0,33084:1747647677814:,1747647684701
counter/10/0/0/0,31507:1747647674406:,1747647684701
counter/10/0/0/0,31508:1747647674409:,1747647684701
counter/10/0/0/0,31509:1747647674409:,1747647684701
counter/3/0/0/0,33085:1747647677814:,1747647684701
counter/10/0/0/0,31510:1747647674409:,1747647684701
counter/10/0/0/0,31511:1747647674409:,1747647684701
counter/10/0/0/0,31512:1747647674409:,1747647684701
counter/10/0/0/0,31513:1747647674409:,1747647684701
counter/10/0/0/0,31514:1747647674409:,1747647684701
counter/10/0/0/0,31515:1747647674409:,1747647684701
counter/4/0/0/0,35285:1747647678914:,1747647684701
counter/10/0/0/0,31516:1747647674409:,1747647684701
counter/3/0/0/0,33086:1747647677814:,1747647684701
counter/10/0/0/0,31517:1747647674409:,1747647684701
counter/4/0/0/0,35286:1747647678914:,1747647684701
counter/4/0/0/0,35287:1747647678917:,1747647684701
counter/3/0/0/0,33087:1747647677814:,1747647684701
counter/10/0/0/0,31518:1747647674409:,1747647684701
counter/10/0/0/0,31519:1747647674410:,1747647684701
counter/10/0/0/0,31520:1747647674410:,1747647684701
counter/10/0/0/0,31521:1747647674411:,1747647684701
counter/10/0/0/0,31522:1747647674411:,1747647684701
counter/10/0/0/0,31523:1747647674411:,1747647684701
counter/10/0/0/0,31524:1747647674411:,1747647684701
counter/10/0/0/0,31525:1747647674411:,1747647684701
counter/3/0/0/0,33088:1747647677815:,1747647684701
counter/4/0/0/0,35288:1747647678917:,1747647684701
counter/10/0/0/0,31526:1747647674411:,1747647684702
counter/10/0/0/0,31527:1747647674411:,1747647684702
counter/3/0/0/0,33089:1747647677815:,1747647684702
counter/10/0/0/0,31528:1747647674411:,1747647684702
counter/3/0/0/0,33090:1747647677815:,1747647684702
counter/4/0/0/0,35289:1747647678917:,1747647684702
counter/10/0/0/0,31529:1747647674411:,1747647684702
counter/4/0/0/0,35290:1747647678917:,1747647684702
counter/3/0/0/0,33091:1747647677815:,1747647684702
counter/10/0/0/0,31530:1747647674411:,1747647684702
counter/4/0/0/0,35291:1747647678917:,1747647684702
counter/3/0/0/0,33092:1747647677815:,1747647684702
counter/3/0/0/0,33093:1747647677815:,1747647684702
counter/3/0/0/0,33094:1747647677815:,1747647684702
counter/3/0/0/0,33095:1747647677815:,1747647684702
counter/3/0/0/0,33096:1747647677815:,1747647684702
counter/4/0/0/0,35292:1747647678917:,1747647684702
counter/3/0/0/0,33097:1747647677815:,1747647684702
counter/4/0/0/0,35293:1747647678917:,1747647684702
counter/10/0/0/0,31531:1747647674411:,1747647684702
counter/10/0/0/0,31532:1747647674411:,1747647684702
counter/10/0/0/0,31533:1747647674419:,1747647684702
counter/10/0/0/0,31534:1747647674420:,1747647684702
counter/3/0/0/0,33098:1747647677815:,1747647684702
counter/10/0/0/0,31535:1747647674420:,1747647684702
counter/3/0/0/0,33099:1747647677815:,1747647684702
counter/10/0/0/0,31536:1747647674432:,1747647684702
counter/3/0/0/0,33100:1747647677815:,1747647684702
counter/3/0/0/0,33101:1747647677815:,1747647684702
counter/4/0/0/0,35294:1747647678917:,1747647684702
counter/3/0/0/0,33102:1747647677815:,1747647684702
counter/10/0/0/0,31537:1747647674451:,1747647684702
counter/10/0/0/0,31538:1747647674451:,1747647684702
counter/10/0/0/0,31539:1747647674451:,1747647684702
counter/3/0/0/0,33103:1747647677815:,1747647684702
counter/10/0/0/0,31540:1747647674451:,1747647684702
counter/10/0/0/0,31541:1747647674451:,1747647684702
counter/4/0/0/0,35295:1747647678917:,1747647684702
counter/4/0/0/0,35296:1747647678917:,1747647684703
counter/3/0/0/0,33104:1747647677815:,1747647684703
counter/10/0/0/0,31542:1747647674451:,1747647684703
counter/10/0/0/0,31543:1747647674451:,1747647684703
counter/10/0/0/0,31544:1747647674451:,1747647684703
counter/3/0/0/0,33105:1747647677815:,1747647684703
counter/10/0/0/0,31545:1747647674451:,1747647684703
counter/10/0/0/0,31546:1747647674451:,1747647684703
counter/4/0/0/0,35297:1747647678917:,1747647684703
counter/3/0/0/0,33106:1747647677815:,1747647684703
counter/10/0/0/0,31547:1747647674451:,1747647684703
counter/4/0/0/0,35298:1747647678917:,1747647684703
counter/3/0/0/0,33107:1747647677815:,1747647684703
counter/10/0/0/0,31548:1747647674451:,1747647684703
counter/4/0/0/0,35299:1747647678922:,1747647684703
counter/3/0/0/0,33108:1747647677815:,1747647684703
counter/10/0/0/0,31549:1747647674451:,1747647684703
counter/3/0/0/0,33109:1747647677815:,1747647684703
counter/10/0/0/0,31550:1747647674451:,1747647684703
counter/10/0/0/0,31551:1747647674453:,1747647684703
counter/10/0/0/0,31552:1747647674454:,1747647684703
counter/10/0/0/0,31553:1747647674454:,1747647684703
counter/10/0/0/0,31554:1747647674457:,1747647684703
counter/10/0/0/0,31555:1747647674457:,1747647684703
counter/3/0/0/0,33110:1747647677815:,1747647684703
counter/10/0/0/0,31556:1747647674457:,1747647684703
counter/4/0/0/0,35300:1747647678922:,1747647684703
counter/10/0/0/0,31557:1747647674457:,1747647684703
counter/4/0/0/0,35301:1747647678922:,1747647684703
counter/3/0/0/0,33111:1747647677815:,1747647684703
counter/4/0/0/0,35302:1747647678922:,1747647684703
counter/10/0/0/0,31558:1747647674458:,1747647684703
counter/4/0/0/0,35303:1747647678922:,1747647684703
counter/3/0/0/0,33112:1747647677815:,1747647684703
counter/4/0/0/0,35304:1747647678922:,1747647684703
counter/10/0/0/0,31559:1747647674458:,1747647684704
counter/3/0/0/0,33113:1747647677815:,1747647684704
counter/10/0/0/0,31560:1747647674458:,1747647684704
counter/10/0/0/0,31561:1747647674458:,1747647684704
counter/10/0/0/0,31562:1747647674460:,1747647684704
counter/10/0/0/0,31563:1747647674460:,1747647684704
counter/3/0/0/0,33114:1747647677815:,1747647684704
counter/4/0/0/0,35305:1747647678922:,1747647684704
counter/10/0/0/0,31564:1747647674460:,1747647684704
counter/10/0/0/0,31565:1747647674461:,1747647684704
counter/3/0/0/0,33115:1747647677820:,1747647684704
counter/10/0/0/0,31566:1747647674461:,1747647684704
counter/3/0/0/0,33116:1747647677820:,1747647684704
counter/10/0/0/0,31567:1747647674461:,1747647684704
counter/10/0/0/0,31568:1747647674461:,1747647684704
counter/4/0/0/0,35306:1747647678922:,1747647684704
counter/3/0/0/0,33117:1747647677820:,1747647684704
counter/10/0/0/0,31569:1747647674461:,1747647684704
counter/4/0/0/0,35307:1747647678922:,1747647684704
counter/3/0/0/0,33118:1747647677820:,1747647684704
counter/4/0/0/0,35308:1747647678922:,1747647684704
counter/10/0/0/0,31570:1747647674461:,1747647684704
counter/4/0/0/0,35309:1747647678922:,1747647684704
counter/3/0/0/0,33119:1747647677820:,1747647684704
counter/10/0/0/0,31571:1747647674461:,1747647684704
counter/4/0/0/0,35310:1747647678922:,1747647684704
counter/3/0/0/0,33120:1747647677820:,1747647684704
counter/10/0/0/0,31572:1747647674461:,1747647684704
counter/10/0/0/0,31573:1747647674461:,1747647684704
counter/10/0/0/0,31574:1747647674461:,1747647684704
counter/10/0/0/0,31575:1747647674461:,1747647684704
counter/10/0/0/0,31576:1747647674461:,1747647684704
counter/10/0/0/0,31577:1747647674462:,1747647684704
counter/10/0/0/0,31578:1747647674462:,1747647684704
counter/10/0/0/0,31579:1747647674463:,1747647684704
counter/10/0/0/0,31580:1747647674463:,1747647684704
counter/3/0/0/0,33121:1747647677820:,1747647684704
counter/10/0/0/0,31581:1747647674463:,1747647684704
counter/10/0/0/0,31582:1747647674463:,1747647684704
counter/4/0/0/0,35311:1747647678922:,1747647684704
counter/10/0/0/0,31583:1747647674463:,1747647684705
counter/10/0/0/0,31584:1747647674463:,1747647684705
counter/10/0/0/0,31585:1747647674463:,1747647684705
counter/10/0/0/0,31586:1747647674463:,1747647684705
counter/4/0/0/0,35312:1747647678922:,1747647684705
counter/10/0/0/0,31587:1747647674463:,1747647684705
counter/10/0/0/0,31588:1747647674463:,1747647684705
counter/4/0/0/0,35313:1747647678922:,1747647684705
counter/10/0/0/0,31589:1747647674466:,1747647684705
counter/10/0/0/0,31590:1747647674466:,1747647684705
counter/10/0/0/0,31591:1747647674466:,1747647684705
counter/10/0/0/0,31592:1747647674477:,1747647684705
counter/4/0/0/0,35314:1747647678922:,1747647684705
counter/10/0/0/0,31593:1747647674477:,1747647684705
counter/4/0/0/0,35315:1747647678922:,1747647684705
counter/10/0/0/0,31594:1747647674477:,1747647684705
counter/10/0/0/0,31595:1747647674481:,1747647684705
counter/10/0/0/0,31596:1747647674481:,1747647684705
counter/10/0/0/0,31597:1747647674482:,1747647684705
counter/10/0/0/0,31598:1747647674482:,1747647684705
counter/4/0/0/0,35316:1747647678922:,1747647684705
counter/10/0/0/0,31599:1747647674482:,1747647684705
counter/3/0/0/0,33122:1747647677820:,1747647684705
counter/10/0/0/0,31600:1747647674482:,1747647684705
counter/3/0/0/0,33123:1747647677820:,1747647684705
counter/10/0/0/0,31601:1747647674482:,1747647684705
counter/3/0/0/0,33124:1747647677820:,1747647684705
counter/10/0/0/0,31602:1747647674482:,1747647684705
counter/3/0/0/0,33125:1747647677820:,1747647684705
counter/10/0/0/0,31603:1747647674482:,1747647684705
counter/3/0/0/0,33126:1747647677820:,1747647684705
counter/10/0/0/0,31604:1747647674482:,1747647684705
counter/3/0/0/0,33127:1747647677824:,1747647684705
counter/3/0/0/0,33128:1747647677824:,1747647684705
counter/3/0/0/0,33129:1747647677833:,1747647684705
counter/3/0/0/0,33130:1747647677833:,1747647684706
counter/4/0/0/0,35317:1747647678932:,1747647684706
counter/3/0/0/0,33131:1747647677833:,1747647684706
counter/3/0/0/0,33132:1747647677833:,1747647684706
counter/3/0/0/0,33133:1747647677833:,1747647684706
counter/10/0/0/0,31605:1747647674487:,1747647684706
counter/3/0/0/0,33134:1747647677833:,1747647684706
counter/3/0/0/0,33135:1747647677833:,1747647684706
counter/3/0/0/0,33136:1747647677833:,1747647684706
counter/3/0/0/0,33137:1747647677833:,1747647684706
counter/3/0/0/0,33138:1747647677833:,1747647684706
counter/3/0/0/0,33139:1747647677842:,1747647684706
counter/10/0/0/0,31606:1747647674487:,1747647684706
counter/3/0/0/0,33140:1747647677843:,1747647684706
counter/3/0/0/0,33141:1747647677843:,1747647684706
counter/3/0/0/0,33142:1747647677843:,1747647684706
counter/10/0/0/0,31607:1747647674487:,1747647684706
counter/3/0/0/0,33143:1747647677843:,1747647684706
counter/3/0/0/0,33144:1747647677843:,1747647684706
counter/3/0/0/0,33145:1747647677843:,1747647684706
counter/10/0/0/0,31608:1747647674487:,1747647684706
counter/3/0/0/0,33146:1747647677843:,1747647684706
counter/3/0/0/0,33147:1747647677843:,1747647684706
counter/3/0/0/0,33148:1747647677843:,1747647684706
counter/3/0/0/0,33149:1747647677843:,1747647684706
counter/3/0/0/0,33150:1747647677843:,1747647684706
counter/3/0/0/0,33151:1747647677843:,1747647684706
counter/3/0/0/0,33152:1747647677843:,1747647684706
counter/3/0/0/0,33153:1747647677843:,1747647684706
counter/3/0/0/0,33154:1747647677843:,1747647684706
counter/4/0/0/0,35318:1747647678932:,1747647684706
counter/3/0/0/0,33155:1747647677843:,1747647684706
counter/3/0/0/0,33156:1747647677843:,1747647684706
counter/3/0/0/0,33157:1747647677846:,1747647684706
counter/3/0/0/0,33158:1747647677846:,1747647684706
counter/3/0/0/0,33159:1747647677846:,1747647684706
counter/10/0/0/0,31609:1747647674487:,1747647684706
counter/3/0/0/0,33160:1747647677846:,1747647684706
counter/3/0/0/0,33161:1747647677846:,1747647684706
counter/3/0/0/0,33162:1747647677846:,1747647684707
counter/3/0/0/0,33163:1747647677846:,1747647684707
counter/3/0/0/0,33164:1747647677846:,1747647684707
counter/4/0/0/0,35319:1747647678932:,1747647684707
counter/3/0/0/0,33165:1747647677846:,1747647684707
counter/4/0/0/0,35320:1747647678932:,1747647684707
counter/10/0/0/0,31610:1747647674487:,1747647684707
counter/4/0/0/0,35321:1747647678932:,1747647684707
counter/3/0/0/0,33166:1747647677846:,1747647684707
counter/4/0/0/0,35322:1747647678932:,1747647684707
counter/10/0/0/0,31611:1747647674487:,1747647684707
counter/3/0/0/0,33167:1747647677846:,1747647684707
counter/3/0/0/0,33168:1747647677846:,1747647684707
counter/3/0/0/0,33169:1747647677846:,1747647684707
counter/3/0/0/0,33170:1747647677846:,1747647684707
counter/3/0/0/0,33171:1747647677846:,1747647684707
counter/10/0/0/0,31612:1747647674487:,1747647684707
counter/3/0/0/0,33172:1747647677846:,1747647684707
counter/3/0/0/0,33173:1747647677847:,1747647684707
counter/10/0/0/0,31613:1747647674503:,1747647684707
counter/3/0/0/0,33174:1747647677847:,1747647684707
counter/3/0/0/0,33175:1747647677847:,1747647684707
counter/10/0/0/0,31614:1747647674503:,1747647684707
counter/10/0/0/0,31615:1747647674503:,1747647684707
counter/3/0/0/0,33176:1747647677847:,1747647684707
counter/4/0/0/0,35323:1747647678932:,1747647684707
counter/10/0/0/0,31616:1747647674503:,1747647684707
counter/10/0/0/0,31617:1747647674503:,1747647684707
counter/3/0/0/0,33177:1747647677847:,1747647684707
counter/10/0/0/0,31618:1747647674503:,1747647684707
counter/10/0/0/0,31619:1747647674503:,1747647684707
counter/3/0/0/0,33178:1747647677847:,1747647684707
counter/10/0/0/0,31620:1747647674503:,1747647684707
counter/3/0/0/0,33179:1747647677847:,1747647684707
counter/3/0/0/0,33180:1747647677847:,1747647684708
counter/3/0/0/0,33181:1747647677847:,1747647684708
counter/3/0/0/0,33182:1747647677847:,1747647684708
counter/3/0/0/0,33183:1747647677847:,1747647684708
counter/3/0/0/0,33184:1747647677847:,1747647684708
counter/4/0/0/0,35324:1747647678932:,1747647684708
counter/3/0/0/0,33185:1747647677847:,1747647684708
counter/3/0/0/0,33186:1747647677847:,1747647684708
counter/3/0/0/0,33187:1747647677847:,1747647684708
counter/10/0/0/0,31621:1747647674503:,1747647684708
counter/3/0/0/0,33188:1747647677852:,1747647684708
counter/4/0/0/0,35325:1747647678932:,1747647684708
counter/3/0/0/0,33189:1747647677852:,1747647684708
counter/4/0/0/0,35326:1747647678932:,1747647684708
counter/3/0/0/0,33190:1747647677852:,1747647684708
counter/3/0/0/0,33191:1747647677852:,1747647684708
counter/3/0/0/0,33192:1747647677852:,1747647684708
counter/4/0/0/0,35327:1747647678932:,1747647684708
counter/3/0/0/0,33193:1747647677852:,1747647684708
counter/4/0/0/0,35328:1747647678932:,1747647684708
counter/10/0/0/0,31622:1747647674503:,1747647684708
counter/3/0/0/0,33194:1747647677854:,1747647684708
counter/4/0/0/0,35329:1747647678933:,1747647684708
counter/3/0/0/0,33195:1747647677854:,1747647684708
counter/10/0/0/0,31623:1747647674503:,1747647684708
counter/4/0/0/0,35330:1747647678933:,1747647684708
counter/3/0/0/0,33196:1747647677854:,1747647684708
counter/4/0/0/0,35331:1747647678933:,1747647684708
counter/10/0/0/0,31624:1747647674503:,1747647684708
counter/3/0/0/0,33197:1747647677856:,1747647684708
counter/4/0/0/0,35332:1747647678933:,1747647684708
counter/10/0/0/0,31625:1747647674503:,1747647684708
counter/4/0/0/0,35333:1747647678933:,1747647684708
counter/3/0/0/0,33198:1747647677856:,1747647684708
counter/10/0/0/0,31626:1747647674503:,1747647684708
counter/10/0/0/0,31627:1747647674503:,1747647684709
counter/10/0/0/0,31628:1747647674503:,1747647684709
counter/10/0/0/0,31629:1747647674506:,1747647684709
counter/10/0/0/0,31630:1747647674506:,1747647684709
counter/3/0/0/0,33199:1747647677856:,1747647684709
counter/4/0/0/0,35334:1747647678933:,1747647684709
counter/10/0/0/0,31631:1747647674506:,1747647684709
counter/4/0/0/0,35335:1747647678933:,1747647684709
counter/3/0/0/0,33200:1747647677856:,1747647684709
counter/10/0/0/0,31632:1747647674506:,1747647684709
counter/10/0/0/0,31633:1747647674506:,1747647684709
counter/10/0/0/0,31634:1747647674506:,1747647684709
counter/10/0/0/0,31635:1747647674507:,1747647684709
counter/10/0/0/0,31636:1747647674507:,1747647684709
counter/10/0/0/0,31637:1747647674507:,1747647684709
counter/10/0/0/0,31638:1747647674507:,1747647684709
counter/4/0/0/0,35336:1747647678933:,1747647684709
counter/10/0/0/0,31639:1747647674507:,1747647684709
counter/3/0/0/0,33201:1747647677856:,1747647684709
counter/3/0/0/0,33202:1747647677856:,1747647684709
counter/3/0/0/0,33203:1747647677856:,1747647684709
counter/10/0/0/0,31640:1747647674507:,1747647684709
counter/3/0/0/0,33204:1747647677859:,1747647684709
counter/3/0/0/0,33205:1747647677859:,1747647684709
counter/3/0/0/0,33206:1747647677859:,1747647684709
counter/3/0/0/0,33207:1747647677859:,1747647684709
counter/10/0/0/0,31641:1747647674511:,1747647684709
counter/3/0/0/0,33208:1747647677859:,1747647684709
counter/10/0/0/0,31642:1747647674525:,1747647684709
counter/10/0/0/0,31643:1747647674525:,1747647684709
counter/10/0/0/0,31644:1747647674525:,1747647684709
counter/10/0/0/0,31645:1747647674525:,1747647684709
counter/3/0/0/0,33209:1747647677859:,1747647684709
counter/4/0/0/0,35337:1747647678933:,1747647684709
counter/10/0/0/0,31646:1747647674525:,1747647684709
counter/10/0/0/0,31647:1747647674525:,1747647684709
counter/3/0/0/0,33210:1747647677859:,1747647684709
counter/10/0/0/0,31648:1747647674525:,1747647684709
counter/10/0/0/0,31649:1747647674525:,1747647684710
counter/3/0/0/0,33211:1747647677865:,1747647684710
counter/10/0/0/0,31650:1747647674535:,1747647684710
counter/3/0/0/0,33212:1747647677865:,1747647684710
counter/4/0/0/0,35338:1747647678933:,1747647684710
counter/10/0/0/0,31651:1747647674535:,1747647684710
counter/3/0/0/0,33213:1747647677865:,1747647684710
counter/4/0/0/0,35339:1747647678933:,1747647684710
counter/10/0/0/0,31652:1747647674535:,1747647684710
counter/3/0/0/0,33214:1747647677865:,1747647684710
counter/3/0/0/0,33215:1747647677865:,1747647684710
counter/3/0/0/0,33216:1747647677865:,1747647684710
counter/3/0/0/0,33217:1747647677865:,1747647684710
counter/10/0/0/0,31653:1747647674536:,1747647684710
counter/3/0/0/0,33218:1747647677865:,1747647684710
counter/4/0/0/0,35340:1747647678933:,1747647684710
counter/10/0/0/0,31654:1747647674536:,1747647684710
counter/3/0/0/0,33219:1747647677865:,1747647684710
counter/4/0/0/0,35341:1747647678933:,1747647684710
counter/10/0/0/0,31655:1747647674536:,1747647684710
counter/4/0/0/0,35342:1747647678933:,1747647684710
counter/3/0/0/0,33220:1747647677865:,1747647684710
counter/4/0/0/0,35343:1747647678933:,1747647684710
counter/4/0/0/0,35344:1747647678933:,1747647684710
counter/10/0/0/0,31656:1747647674536:,1747647684710
counter/10/0/0/0,31657:1747647674536:,1747647684710
counter/3/0/0/0,33221:1747647677867:,1747647684710
counter/3/0/0/0,33222:1747647677867:,1747647684710
counter/3/0/0/0,33223:1747647677867:,1747647684710
counter/3/0/0/0,33224:1747647677867:,1747647684710
counter/3/0/0/0,33225:1747647677867:,1747647684710
counter/3/0/0/0,33226:1747647677867:,1747647684710
counter/3/0/0/0,33227:1747647677867:,1747647684710
counter/3/0/0/0,33228:1747647677867:,1747647684710
counter/10/0/0/0,31658:1747647674536:,1747647684710
counter/3/0/0/0,33229:1747647677867:,1747647684710
counter/3/0/0/0,33230:1747647677867:,1747647684710
counter/3/0/0/0,33231:1747647677867:,1747647684710
counter/3/0/0/0,33232:1747647677871:,1747647684710
counter/3/0/0/0,33233:1747647677871:,1747647684711
counter/3/0/0/0,33234:1747647677872:,1747647684711
counter/3/0/0/0,33235:1747647677872:,1747647684711
counter/3/0/0/0,33236:1747647677872:,1747647684711
counter/3/0/0/0,33237:1747647677872:,1747647684711
counter/3/0/0/0,33238:1747647677872:,1747647684711
counter/10/0/0/0,31659:1747647674536:,1747647684711
counter/3/0/0/0,33239:1747647677872:,1747647684711
counter/3/0/0/0,33240:1747647677873:,1747647684711
counter/3/0/0/0,33241:1747647677873:,1747647684711
counter/3/0/0/0,33242:1747647677873:,1747647684711
counter/3/0/0/0,33243:1747647677873:,1747647684711
counter/3/0/0/0,33244:1747647677873:,1747647684711
counter/3/0/0/0,33245:1747647677873:,1747647684711
counter/3/0/0/0,33246:1747647677874:,1747647684711
counter/10/0/0/0,31660:1747647674536:,1747647684711
counter/3/0/0/0,33247:1747647677875:,1747647684711
counter/3/0/0/0,33248:1747647677875:,1747647684711
counter/4/0/0/0,35345:1747647678933:,1747647684711
counter/3/0/0/0,33249:1747647677885:,1747647684711
counter/10/0/0/0,31661:1747647674536:,1747647684711
counter/10/0/0/0,31662:1747647674544:,1747647684711
counter/10/0/0/0,31663:1747647674544:,1747647684711
counter/10/0/0/0,31664:1747647674544:,1747647684711
counter/10/0/0/0,31665:1747647674544:,1747647684711
counter/3/0/0/0,33250:1747647677886:,1747647684711
counter/4/0/0/0,35346:1747647678933:,1747647684711
counter/3/0/0/0,33251:1747647677886:,1747647684711
counter/10/0/0/0,31666:1747647674544:,1747647684711
counter/4/0/0/0,35347:1747647678933:,1747647684711
counter/3/0/0/0,33252:1747647677886:,1747647684711
counter/10/0/0/0,31667:1747647674544:,1747647684711
counter/3/0/0/0,33253:1747647677886:,1747647684711
counter/10/0/0/0,31668:1747647674544:,1747647684711
counter/4/0/0/0,35348:1747647678934:,1747647684711
counter/3/0/0/0,33254:1747647677886:,1747647684712
counter/4/0/0/0,35349:1747647678935:,1747647684712
counter/10/0/0/0,31669:1747647674544:,1747647684712
counter/4/0/0/0,35350:1747647678935:,1747647684712
counter/3/0/0/0,33255:1747647677886:,1747647684712
counter/10/0/0/0,31670:1747647674544:,1747647684712
counter/3/0/0/0,33256:1747647677886:,1747647684712
counter/4/0/0/0,35351:1747647678935:,1747647684712
counter/10/0/0/0,31671:1747647674544:,1747647684712
counter/4/0/0/0,35352:1747647678935:,1747647684712
counter/3/0/0/0,33257:1747647677886:,1747647684712
counter/10/0/0/0,31672:1747647674544:,1747647684712
counter/10/0/0/0,31673:1747647674544:,1747647684712
counter/10/0/0/0,31674:1747647674544:,1747647684712
counter/10/0/0/0,31675:1747647674552:,1747647684712
counter/10/0/0/0,31676:1747647674560:,1747647684712
counter/10/0/0/0,31677:1747647674560:,1747647684712
counter/10/0/0/0,31678:1747647674560:,1747647684712
counter/4/0/0/0,35353:1747647678935:,1747647684712
counter/3/0/0/0,33258:1747647677886:,1747647684712
counter/10/0/0/0,31679:1747647674560:,1747647684712
counter/3/0/0/0,33259:1747647677886:,1747647684712
counter/4/0/0/0,35354:1747647678935:,1747647684712
counter/10/0/0/0,31680:1747647674560:,1747647684712
counter/4/0/0/0,35355:1747647678935:,1747647684712
counter/3/0/0/0,33260:1747647677886:,1747647684712
counter/10/0/0/0,31681:1747647674560:,1747647684712
counter/10/0/0/0,31682:1747647674560:,1747647684712
counter/10/0/0/0,31683:1747647674560:,1747647684712
counter/10/0/0/0,31684:1747647674560:,1747647684712
counter/10/0/0/0,31685:1747647674560:,1747647684712
counter/10/0/0/0,31686:1747647674560:,1747647684712
counter/10/0/0/0,31687:1747647674560:,1747647684712
counter/10/0/0/0,31688:1747647674560:,1747647684712
counter/10/0/0/0,31689:1747647674560:,1747647684712
counter/10/0/0/0,31690:1747647674561:,1747647684712
counter/4/0/0/0,35356:1747647678935:,1747647684712
counter/10/0/0/0,31691:1747647674561:,1747647684712
counter/4/0/0/0,35357:1747647678935:,1747647684713
counter/10/0/0/0,31692:1747647674561:,1747647684713
counter/10/0/0/0,31693:1747647674561:,1747647684713
counter/10/0/0/0,31694:1747647674561:,1747647684713
counter/10/0/0/0,31695:1747647674561:,1747647684713
counter/10/0/0/0,31696:1747647674561:,1747647684713
counter/4/0/0/0,35358:1747647678935:,1747647684713
counter/10/0/0/0,31697:1747647674561:,1747647684713
counter/3/0/0/0,33261:1747647677886:,1747647684713
counter/10/0/0/0,31698:1747647674561:,1747647684713
counter/4/0/0/0,35359:1747647678935:,1747647684713
counter/10/0/0/0,31699:1747647674561:,1747647684713
counter/10/0/0/0,31700:1747647674561:,1747647684713
counter/10/0/0/0,31701:1747647674561:,1747647684713
counter/10/0/0/0,31702:1747647674561:,1747647684713
counter/3/0/0/0,33262:1747647677886:,1747647684713
counter/10/0/0/0,31703:1747647674561:,1747647684713
counter/4/0/0/0,35360:1747647678935:,1747647684713
counter/10/0/0/0,31704:1747647674561:,1747647684713
counter/4/0/0/0,35361:1747647678935:,1747647684713
counter/10/0/0/0,31705:1747647674561:,1747647684713
counter/3/0/0/0,33263:1747647677886:,1747647684713
counter/4/0/0/0,35362:1747647678935:,1747647684713
counter/3/0/0/0,33264:1747647677892:,1747647684713
counter/10/0/0/0,31706:1747647674561:,1747647684713
counter/4/0/0/0,35363:1747647678940:,1747647684713
counter/3/0/0/0,33265:1747647677892:,1747647684713
counter/10/0/0/0,31707:1747647674561:,1747647684713
counter/4/0/0/0,35364:1747647678940:,1747647684713
counter/3/0/0/0,33266:1747647677892:,1747647684713
counter/10/0/0/0,31708:1747647674561:,1747647684713
counter/4/0/0/0,35365:1747647678940:,1747647684713
counter/10/0/0/0,31709:1747647674561:,1747647684713
counter/3/0/0/0,33267:1747647677892:,1747647684714
counter/4/0/0/0,35366:1747647678940:,1747647684714
counter/10/0/0/0,31710:1747647674561:,1747647684714
counter/3/0/0/0,33268:1747647677892:,1747647684714
counter/10/0/0/0,31711:1747647674561:,1747647684714
counter/4/0/0/0,35367:1747647678940:,1747647684714
counter/4/0/0/0,35368:1747647678940:,1747647684714
counter/3/0/0/0,33269:1747647677892:,1747647684714
counter/3/0/0/0,33270:1747647677892:,1747647684714
counter/10/0/0/0,31712:1747647674561:,1747647684714
counter/3/0/0/0,33271:1747647677892:,1747647684714
counter/10/0/0/0,31713:1747647674566:,1747647684714
counter/3/0/0/0,33272:1747647677901:,1747647684714
counter/10/0/0/0,31714:1747647674566:,1747647684714
counter/10/0/0/0,31715:1747647674566:,1747647684714
counter/10/0/0/0,31716:1747647674567:,1747647684714
counter/4/0/0/0,35369:1747647678944:,1747647684714
counter/10/0/0/0,31717:1747647674567:,1747647684714
counter/10/0/0/0,31718:1747647674567:,1747647684714
counter/10/0/0/0,31719:1747647674570:,1747647684714
counter/10/0/0/0,31720:1747647674570:,1747647684714
counter/3/0/0/0,33273:1747647677901:,1747647684714
counter/10/0/0/0,31721:1747647674570:,1747647684714
counter/10/0/0/0,31722:1747647674570:,1747647684714
counter/10/0/0/0,31723:1747647674571:,1747647684714
counter/4/0/0/0,35370:1747647678944:,1747647684714
counter/10/0/0/0,31724:1747647674571:,1747647684714
counter/10/0/0/0,31725:1747647674571:,1747647684714
counter/10/0/0/0,31726:1747647674571:,1747647684714
counter/10/0/0/0,31727:1747647674571:,1747647684714
counter/3/0/0/0,33274:1747647677902:,1747647684714
counter/10/0/0/0,31728:1747647674571:,1747647684714
counter/10/0/0/0,31729:1747647674571:,1747647684714
counter/10/0/0/0,31730:1747647674571:,1747647684714
counter/10/0/0/0,31731:1747647674571:,1747647684714
counter/10/0/0/0,31732:1747647674571:,1747647684714
counter/10/0/0/0,31733:1747647674571:,1747647684714
counter/3/0/0/0,33275:1747647677902:,1747647684714
counter/10/0/0/0,31734:1747647674572:,1747647684715
counter/10/0/0/0,31735:1747647674572:,1747647684715
counter/3/0/0/0,33276:1747647677902:,1747647684715
counter/10/0/0/0,31736:1747647674572:,1747647684715
counter/10/0/0/0,31737:1747647674572:,1747647684715
counter/10/0/0/0,31738:1747647674572:,1747647684715
counter/10/0/0/0,31739:1747647674572:,1747647684715
counter/10/0/0/0,31740:1747647674572:,1747647684715
counter/10/0/0/0,31741:1747647674572:,1747647684715
counter/3/0/0/0,33277:1747647677902:,1747647684715
counter/10/0/0/0,31742:1747647674572:,1747647684715
counter/4/0/0/0,35371:1747647678944:,1747647684715
counter/10/0/0/0,31743:1747647674572:,1747647684715
counter/10/0/0/0,31744:1747647674572:,1747647684715
counter/3/0/0/0,33278:1747647677903:,1747647684715
counter/10/0/0/0,31745:1747647674572:,1747647684715
counter/10/0/0/0,31746:1747647674579:,1747647684715
counter/10/0/0/0,31747:1747647674579:,1747647684715
counter/10/0/0/0,31748:1747647674579:,1747647684715
counter/10/0/0/0,31749:1747647674579:,1747647684715
counter/4/0/0/0,35372:1747647678947:,1747647684715
counter/10/0/0/0,31750:1747647674579:,1747647684715
counter/3/0/0/0,33279:1747647677903:,1747647684715
counter/3/0/0/0,33280:1747647677903:,1747647684715
counter/3/0/0/0,33281:1747647677903:,1747647684715
counter/3/0/0/0,33282:1747647677903:,1747647684715
counter/10/0/0/0,31751:1747647674579:,1747647684715
counter/4/0/0/0,35373:1747647678947:,1747647684715
counter/3/0/0/0,33283:1747647677903:,1747647684715
counter/10/0/0/0,31752:1747647674579:,1747647684715
counter/4/0/0/0,35374:1747647678948:,1747647684715
counter/3/0/0/0,33284:1747647677903:,1747647684715
counter/10/0/0/0,31753:1747647674579:,1747647684715
counter/4/0/0/0,35375:1747647678948:,1747647684715
counter/3/0/0/0,33285:1747647677903:,1747647684715
counter/10/0/0/0,31754:1747647674579:,1747647684715
counter/4/0/0/0,35376:1747647678948:,1747647684715
counter/3/0/0/0,33286:1747647677903:,1747647684715
counter/10/0/0/0,31755:1747647674579:,1747647684716
counter/4/0/0/0,35377:1747647678948:,1747647684716
counter/3/0/0/0,33287:1747647677903:,1747647684716
counter/4/0/0/0,35378:1747647678948:,1747647684716
counter/10/0/0/0,31756:1747647674586:,1747647684716
counter/3/0/0/0,33288:1747647677903:,1747647684716
counter/10/0/0/0,31757:1747647674586:,1747647684716
counter/4/0/0/0,35379:1747647678948:,1747647684716
counter/3/0/0/0,33289:1747647677903:,1747647684716
counter/4/0/0/0,35380:1747647678948:,1747647684716
counter/10/0/0/0,31758:1747647674586:,1747647684716
counter/3/0/0/0,33290:1747647677903:,1747647684716
counter/4/0/0/0,35381:1747647678948:,1747647684716
counter/3/0/0/0,33291:1747647677904:,1747647684716
counter/10/0/0/0,31759:1747647674586:,1747647684716
counter/3/0/0/0,33292:1747647677905:,1747647684716
counter/3/0/0/0,33293:1747647677905:,1747647684716
counter/3/0/0/0,33294:1747647677924:,1747647684716
counter/3/0/0/0,33295:1747647677924:,1747647684716
counter/10/0/0/0,31760:1747647674586:,1747647684716
counter/3/0/0/0,33296:1747647677925:,1747647684716
counter/4/0/0/0,35382:1747647678948:,1747647684716
counter/10/0/0/0,31761:1747647674586:,1747647684716
counter/10/0/0/0,31762:1747647674586:,1747647684716
counter/3/0/0/0,33297:1747647677925:,1747647684716
counter/10/0/0/0,31763:1747647674586:,1747647684716
counter/3/0/0/0,33298:1747647677925:,1747647684716
counter/10/0/0/0,31764:1747647674586:,1747647684716
counter/10/0/0/0,31765:1747647674587:,1747647684716
counter/10/0/0/0,31766:1747647674587:,1747647684716
counter/10/0/0/0,31767:1747647674587:,1747647684716
counter/10/0/0/0,31768:1747647674587:,1747647684716
counter/4/0/0/0,35383:1747647678948:,1747647684716
counter/10/0/0/0,31769:1747647674587:,1747647684716
counter/4/0/0/0,35384:1747647678948:,1747647684716
counter/3/0/0/0,33299:1747647677925:,1747647684716
counter/10/0/0/0,31770:1747647674587:,1747647684716
counter/10/0/0/0,31771:1747647674609:,1747647684717
counter/10/0/0/0,31772:1747647674610:,1747647684717
counter/3/0/0/0,33300:1747647677925:,1747647684717
counter/4/0/0/0,35385:1747647678948:,1747647684717
counter/4/0/0/0,35386:1747647678948:,1747647684717
counter/10/0/0/0,31773:1747647674610:,1747647684717
counter/10/0/0/0,31774:1747647674610:,1747647684717
counter/3/0/0/0,33301:1747647677925:,1747647684717
counter/10/0/0/0,31775:1747647674616:,1747647684717
counter/3/0/0/0,33302:1747647677925:,1747647684717
counter/10/0/0/0,31776:1747647674616:,1747647684717
counter/3/0/0/0,33303:1747647677928:,1747647684717
counter/10/0/0/0,31777:1747647674616:,1747647684717
counter/3/0/0/0,33304:1747647677928:,1747647684717
counter/10/0/0/0,31778:1747647674616:,1747647684717
counter/3/0/0/0,33305:1747647677928:,1747647684717
counter/3/0/0/0,33306:1747647677928:,1747647684717
counter/4/0/0/0,35387:1747647678948:,1747647684717
counter/3/0/0/0,33307:1747647677928:,1747647684717
counter/4/0/0/0,35388:1747647678948:,1747647684717
counter/3/0/0/0,33308:1747647677928:,1747647684717
counter/3/0/0/0,33309:1747647677928:,1747647684717
counter/4/0/0/0,35389:1747647678950:,1747647684717
counter/3/0/0/0,33310:1747647677928:,1747647684717
counter/3/0/0/0,33311:1747647677928:,1747647684717
counter/3/0/0/0,33312:1747647677928:,1747647684717
counter/3/0/0/0,33313:1747647677928:,1747647684717
counter/3/0/0/0,33314:1747647677928:,1747647684717
counter/3/0/0/0,33315:1747647677928:,1747647684717
counter/4/0/0/0,35390:1747647678950:,1747647684717
counter/3/0/0/0,33316:1747647677928:,1747647684717
counter/3/0/0/0,33317:1747647677928:,1747647684717
counter/3/0/0/0,33318:1747647677929:,1747647684717
counter/3/0/0/0,33319:1747647677929:,1747647684717
counter/10/0/0/0,31779:1747647674616:,1747647684717
counter/3/0/0/0,33320:1747647677946:,1747647684717
counter/3/0/0/0,33321:1747647677947:,1747647684717
counter/3/0/0/0,33322:1747647677947:,1747647684717
counter/3/0/0/0,33323:1747647677948:,1747647684717
counter/10/0/0/0,31780:1747647674636:,1747647684717
counter/3/0/0/0,33324:1747647677948:,1747647684718
counter/3/0/0/0,33325:1747647677948:,1747647684718
counter/3/0/0/0,33326:1747647677948:,1747647684718
counter/10/0/0/0,31781:1747647674636:,1747647684718
counter/3/0/0/0,33327:1747647677948:,1747647684718
counter/3/0/0/0,33328:1747647677950:,1747647684718
counter/3/0/0/0,33329:1747647677957:,1747647684718
counter/3/0/0/0,33330:1747647677957:,1747647684718
counter/3/0/0/0,33331:1747647677957:,1747647684718
counter/4/0/0/0,35391:1747647678950:,1747647684718
counter/4/0/0/0,35392:1747647678952:,1747647684718
counter/10/0/0/0,31782:1747647674636:,1747647684718
counter/3/0/0/0,33332:1747647677957:,1747647684718
counter/4/0/0/0,35393:1747647678952:,1747647684718
counter/10/0/0/0,31783:1747647674636:,1747647684718
counter/3/0/0/0,33333:1747647677957:,1747647684718
counter/4/0/0/0,35394:1747647678952:,1747647684718
counter/10/0/0/0,31784:1747647674637:,1747647684718
counter/4/0/0/0,35395:1747647678952:,1747647684718
counter/10/0/0/0,31785:1747647674637:,1747647684718
counter/4/0/0/0,35396:1747647678962:,1747647684718
counter/3/0/0/0,33334:1747647677958:,1747647684718
counter/10/0/0/0,31786:1747647674637:,1747647684718
counter/3/0/0/0,33335:1747647677959:,1747647684718
counter/10/0/0/0,31787:1747647674637:,1747647684718
counter/10/0/0/0,31788:1747647674637:,1747647684718
counter/10/0/0/0,31789:1747647674637:,1747647684718
counter/10/0/0/0,31790:1747647674647:,1747647684718
counter/10/0/0/0,31791:1747647674648:,1747647684718
counter/10/0/0/0,31792:1747647674648:,1747647684718
counter/10/0/0/0,31793:1747647674648:,1747647684718
counter/4/0/0/0,35397:1747647678962:,1747647684718
counter/3/0/0/0,33336:1747647677959:,1747647684718
counter/10/0/0/0,31794:1747647674648:,1747647684718
counter/10/0/0/0,31795:1747647674648:,1747647684718
counter/10/0/0/0,31796:1747647674648:,1747647684718
counter/10/0/0/0,31797:1747647674648:,1747647684718
counter/10/0/0/0,31798:1747647674648:,1747647684718
counter/4/0/0/0,35398:1747647678962:,1747647684718
counter/4/0/0/0,35399:1747647678962:,1747647684719
counter/3/0/0/0,33337:1747647677959:,1747647684719
counter/10/0/0/0,31799:1747647674648:,1747647684719
counter/10/0/0/0,31800:1747647674673:,1747647684719
counter/10/0/0/0,31801:1747647674675:,1747647684719
counter/10/0/0/0,31802:1747647674675:,1747647684719
counter/4/0/0/0,35400:1747647678962:,1747647684719
counter/3/0/0/0,33338:1747647677959:,1747647684719
counter/10/0/0/0,31803:1747647674675:,1747647684719
counter/4/0/0/0,35401:1747647678962:,1747647684719
counter/10/0/0/0,31804:1747647674675:,1747647684719
counter/4/0/0/0,35402:1747647678962:,1747647684719
counter/3/0/0/0,33339:1747647677959:,1747647684719
counter/4/0/0/0,35403:1747647678962:,1747647684719
counter/10/0/0/0,31805:1747647674675:,1747647684719
counter/4/0/0/0,35404:1747647678962:,1747647684719
counter/3/0/0/0,33340:1747647677959:,1747647684719
counter/10/0/0/0,31806:1747647674675:,1747647684719
counter/10/0/0/0,31807:1747647674675:,1747647684719
counter/10/0/0/0,31808:1747647674675:,1747647684719
counter/10/0/0/0,31809:1747647674675:,1747647684719
counter/10/0/0/0,31810:1747647674675:,1747647684719
counter/4/0/0/0,35405:1747647678962:,1747647684719
counter/10/0/0/0,31811:1747647674675:,1747647684719
counter/4/0/0/0,35406:1747647678962:,1747647684719
counter/3/0/0/0,33341:1747647677959:,1747647684719
counter/3/0/0/0,33342:1747647677959:,1747647684719
counter/3/0/0/0,33343:1747647677959:,1747647684719
counter/3/0/0/0,33344:1747647677959:,1747647684719
counter/3/0/0/0,33345:1747647677959:,1747647684719
counter/3/0/0/0,33346:1747647677997:,1747647684719
counter/3/0/0/0,33347:1747647677998:,1747647684719
counter/3/0/0/0,33348:1747647677998:,1747647684719
counter/3/0/0/0,33349:1747647677998:,1747647684719
counter/3/0/0/0,33350:1747647677998:,1747647684719
counter/10/0/0/0,31812:1747647674675:,1747647684720
counter/4/0/0/0,35407:1747647678962:,1747647684720
counter/3/0/0/0,33351:1747647677998:,1747647684720
counter/4/0/0/0,35408:1747647678962:,1747647684720
counter/10/0/0/0,31813:1747647674682:,1747647684720
counter/3/0/0/0,33352:1747647677998:,1747647684720
counter/3/0/0/0,33353:1747647677998:,1747647684720
counter/3/0/0/0,33354:1747647677998:,1747647684720
counter/3/0/0/0,33355:1747647678002:,1747647684720
counter/3/0/0/0,33356:1747647678002:,1747647684720
counter/3/0/0/0,33357:1747647678002:,1747647684720
counter/3/0/0/0,33358:1747647678003:,1747647684720
counter/10/0/0/0,31814:1747647674682:,1747647684720
counter/3/0/0/0,33359:1747647678003:,1747647684720
counter/3/0/0/0,33360:1747647678003:,1747647684720
counter/3/0/0/0,33361:1747647678003:,1747647684720
counter/10/0/0/0,31815:1747647674682:,1747647684720
counter/3/0/0/0,33362:1747647678003:,1747647684720
counter/4/0/0/0,35409:1747647678962:,1747647684720
counter/10/0/0/0,31816:1747647674683:,1747647684720
counter/4/0/0/0,35410:1747647678963:,1747647684720
counter/3/0/0/0,33363:1747647678003:,1747647684720
counter/10/0/0/0,31817:1747647674690:,1747647684720
counter/10/0/0/0,31818:1747647674690:,1747647684720
counter/10/0/0/0,31819:1747647674690:,1747647684720
counter/10/0/0/0,31820:1747647674690:,1747647684720
counter/10/0/0/0,31821:1747647674690:,1747647684720
counter/10/0/0/0,31822:1747647674690:,1747647684720
counter/10/0/0/0,31823:1747647674692:,1747647684720
counter/3/0/0/0,33364:1747647678003:,1747647684720
counter/10/0/0/0,31824:1747647674692:,1747647684720
counter/4/0/0/0,35411:1747647678963:,1747647684720
counter/3/0/0/0,33365:1747647678003:,1747647684720
counter/4/0/0/0,35412:1747647678969:,1747647684720
counter/10/0/0/0,31825:1747647674699:,1747647684720
counter/3/0/0/0,33366:1747647678003:,1747647684720
counter/3/0/0/0,33367:1747647678003:,1747647684720
counter/3/0/0/0,33368:1747647678003:,1747647684720
counter/3/0/0/0,33369:1747647678005:,1747647684720
counter/3/0/0/0,33370:1747647678005:,1747647684721
counter/10/0/0/0,31826:1747647674699:,1747647684721
counter/10/0/0/0,31827:1747647674700:,1747647684721
counter/10/0/0/0,31828:1747647674700:,1747647684721
counter/10/0/0/0,31829:1747647674700:,1747647684721
counter/10/0/0/0,31830:1747647674700:,1747647684721
counter/4/0/0/0,35413:1747647678969:,1747647684721
counter/3/0/0/0,33371:1747647678012:,1747647684721
counter/4/0/0/0,35414:1747647678969:,1747647684721
counter/10/0/0/0,31831:1747647674700:,1747647684721
counter/4/0/0/0,35415:1747647678969:,1747647684721
counter/10/0/0/0,31832:1747647674700:,1747647684721
counter/4/0/0/0,35416:1747647678969:,1747647684721
counter/3/0/0/0,33372:1747647678012:,1747647684721
counter/10/0/0/0,31833:1747647674700:,1747647684721
counter/3/0/0/0,33373:1747647678012:,1747647684721
counter/3/0/0/0,33374:1747647678012:,1747647684721
counter/3/0/0/0,33375:1747647678012:,1747647684721
counter/3/0/0/0,33376:1747647678012:,1747647684721
counter/3/0/0/0,33377:1747647678012:,1747647684721
counter/3/0/0/0,33378:1747647678012:,1747647684721
counter/3/0/0/0,33379:1747647678012:,1747647684721
counter/3/0/0/0,33380:1747647678012:,1747647684721
counter/3/0/0/0,33381:1747647678012:,1747647684721
counter/3/0/0/0,33382:1747647678012:,1747647684721
counter/3/0/0/0,33383:1747647678013:,1747647684721
counter/3/0/0/0,33384:1747647678013:,1747647684721
counter/10/0/0/0,31834:1747647674700:,1747647684721
counter/3/0/0/0,33385:1747647678013:,1747647684721
counter/3/0/0/0,33386:1747647678013:,1747647684721
counter/3/0/0/0,33387:1747647678013:,1747647684721
counter/10/0/0/0,31835:1747647674700:,1747647684721
counter/3/0/0/0,33388:1747647678016:,1747647684721
counter/4/0/0/0,35417:1747647678969:,1747647684721
counter/10/0/0/0,31836:1747647674700:,1747647684722
counter/10/0/0/0,31837:1747647674706:,1747647684722
counter/3/0/0/0,33389:1747647678016:,1747647684722
counter/10/0/0/0,31838:1747647674706:,1747647684722
counter/10/0/0/0,31839:1747647674706:,1747647684722
counter/10/0/0/0,31840:1747647674706:,1747647684722
counter/4/0/0/0,35418:1747647678969:,1747647684722
counter/3/0/0/0,33390:1747647678016:,1747647684722
counter/4/0/0/0,35419:1747647678969:,1747647684722
counter/10/0/0/0,31841:1747647674706:,1747647684722
counter/4/0/0/0,35420:1747647678969:,1747647684722
counter/3/0/0/0,33391:1747647678016:,1747647684722
counter/10/0/0/0,31842:1747647674706:,1747647684722
counter/3/0/0/0,33392:1747647678016:,1747647684722
counter/10/0/0/0,31843:1747647674706:,1747647684722
counter/10/0/0/0,31844:1747647674706:,1747647684722
counter/10/0/0/0,31845:1747647674716:,1747647684722
counter/10/0/0/0,31846:1747647674720:,1747647684722
counter/10/0/0/0,31847:1747647674720:,1747647684722
counter/10/0/0/0,31848:1747647674720:,1747647684722
counter/10/0/0/0,31849:1747647674720:,1747647684722
counter/3/0/0/0,33393:1747647678016:,1747647684722
counter/3/0/0/0,33394:1747647678016:,1747647684722
counter/3/0/0/0,33395:1747647678016:,1747647684722
counter/4/0/0/0,35421:1747647678969:,1747647684722
counter/10/0/0/0,31850:1747647674720:,1747647684722
counter/4/0/0/0,35422:1747647678969:,1747647684722
counter/3/0/0/0,33396:1747647678016:,1747647684722
counter/10/0/0/0,31851:1747647674720:,1747647684722
counter/10/0/0/0,31852:1747647674720:,1747647684722
counter/10/0/0/0,31853:1747647674720:,1747647684722
counter/10/0/0/0,31854:1747647674720:,1747647684722
counter/4/0/0/0,35423:1747647678969:,1747647684722
counter/10/0/0/0,31855:1747647674720:,1747647684722
counter/3/0/0/0,33397:1747647678016:,1747647684722
counter/10/0/0/0,31856:1747647674720:,1747647684722
counter/3/0/0/0,33398:1747647678016:,1747647684722
counter/3/0/0/0,33399:1747647678017:,1747647684722
counter/4/0/0/0,35424:1747647678969:,1747647684723
counter/3/0/0/0,33400:1747647678017:,1747647684723
counter/4/0/0/0,35425:1747647678969:,1747647684723
counter/3/0/0/0,33401:1747647678017:,1747647684723
counter/3/0/0/0,33402:1747647678017:,1747647684723
counter/3/0/0/0,33403:1747647678017:,1747647684723
counter/4/0/0/0,35426:1747647678970:,1747647684723
counter/3/0/0/0,33404:1747647678019:,1747647684723
counter/4/0/0/0,35427:1747647678972:,1747647684723
counter/10/0/0/0,31857:1747647674720:,1747647684723
counter/4/0/0/0,35428:1747647678972:,1747647684723
counter/3/0/0/0,33405:1747647678019:,1747647684723
counter/10/0/0/0,31858:1747647674720:,1747647684723
counter/3/0/0/0,33406:1747647678019:,1747647684723
counter/4/0/0/0,35429:1747647678972:,1747647684723
counter/10/0/0/0,31859:1747647674720:,1747647684723
counter/3/0/0/0,33407:1747647678019:,1747647684723
counter/3/0/0/0,33408:1747647678019:,1747647684723
counter/3/0/0/0,33409:1747647678019:,1747647684723
counter/3/0/0/0,33410:1747647678019:,1747647684723
counter/3/0/0/0,33411:1747647678019:,1747647684723
counter/10/0/0/0,31860:1747647674720:,1747647684723
counter/4/0/0/0,35430:1747647678972:,1747647684723
counter/3/0/0/0,33412:1747647678019:,1747647684723
counter/4/0/0/0,35431:1747647678972:,1747647684723
counter/10/0/0/0,31861:1747647674721:,1747647684723
counter/4/0/0/0,35432:1747647678972:,1747647684723
counter/3/0/0/0,33413:1747647678019:,1747647684723
counter/10/0/0/0,31862:1747647674721:,1747647684723
counter/4/0/0/0,35433:1747647678972:,1747647684723
counter/10/0/0/0,31863:1747647674721:,1747647684723
counter/4/0/0/0,35434:1747647678972:,1747647684723
counter/10/0/0/0,31864:1747647674726:,1747647684723
counter/3/0/0/0,33414:1747647678019:,1747647684723
counter/4/0/0/0,35435:1747647678973:,1747647684723
counter/10/0/0/0,31865:1747647674726:,1747647684724
counter/4/0/0/0,35436:1747647678973:,1747647684724
counter/3/0/0/0,33415:1747647678019:,1747647684724
counter/10/0/0/0,31866:1747647674726:,1747647684724
counter/10/0/0/0,31867:1747647674726:,1747647684724
counter/10/0/0/0,31868:1747647674726:,1747647684724
counter/10/0/0/0,31869:1747647674726:,1747647684724
counter/3/0/0/0,33416:1747647678019:,1747647684724
counter/10/0/0/0,31870:1747647674733:,1747647684724
counter/10/0/0/0,31871:1747647674733:,1747647684724
counter/10/0/0/0,31872:1747647674733:,1747647684724
counter/10/0/0/0,31873:1747647674733:,1747647684724
counter/3/0/0/0,33417:1747647678019:,1747647684724
counter/10/0/0/0,31874:1747647674733:,1747647684724
counter/10/0/0/0,31875:1747647674733:,1747647684724
counter/10/0/0/0,31876:1747647674733:,1747647684724
counter/10/0/0/0,31877:1747647674734:,1747647684724
counter/3/0/0/0,33418:1747647678019:,1747647684724
counter/4/0/0/0,35437:1747647678973:,1747647684724
counter/10/0/0/0,31878:1747647674734:,1747647684724
counter/10/0/0/0,31879:1747647674734:,1747647684724
counter/3/0/0/0,33419:1747647678019:,1747647684724
counter/10/0/0/0,31880:1747647674734:,1747647684724
counter/3/0/0/0,33420:1747647678019:,1747647684724
counter/3/0/0/0,33421:1747647678019:,1747647684724
counter/3/0/0/0,33422:1747647678019:,1747647684724
counter/10/0/0/0,31881:1747647674734:,1747647684724
counter/3/0/0/0,33423:1747647678020:,1747647684724
counter/3/0/0/0,33424:1747647678020:,1747647684724
counter/3/0/0/0,33425:1747647678020:,1747647684724
counter/3/0/0/0,33426:1747647678020:,1747647684724
counter/3/0/0/0,33427:1747647678020:,1747647684724
counter/3/0/0/0,33428:1747647678020:,1747647684724
counter/10/0/0/0,31882:1747647674734:,1747647684724
counter/4/0/0/0,35438:1747647678973:,1747647684724
counter/3/0/0/0,33429:1747647678025:,1747647684724
counter/3/0/0/0,33430:1747647678025:,1747647684724
counter/10/0/0/0,31883:1747647674734:,1747647684725
counter/10/0/0/0,31884:1747647674734:,1747647684725
counter/10/0/0/0,31885:1747647674734:,1747647684725
counter/10/0/0/0,31886:1747647674734:,1747647684725
counter/3/0/0/0,33431:1747647678025:,1747647684725
counter/10/0/0/0,31887:1747647674734:,1747647684725
counter/10/0/0/0,31888:1747647674734:,1747647684725
counter/10/0/0/0,31889:1747647674734:,1747647684725
counter/10/0/0/0,31890:1747647674734:,1747647684725
counter/10/0/0/0,31891:1747647674734:,1747647684725
counter/10/0/0/0,31892:1747647674734:,1747647684725
counter/10/0/0/0,31893:1747647674755:,1747647684725
counter/4/0/0/0,35439:1747647678973:,1747647684725
counter/10/0/0/0,31894:1747647674755:,1747647684725
counter/3/0/0/0,33432:1747647678025:,1747647684725
counter/10/0/0/0,31895:1747647674755:,1747647684725
counter/10/0/0/0,31896:1747647674755:,1747647684725
counter/10/0/0/0,31897:1747647674755:,1747647684725
counter/3/0/0/0,33433:1747647678025:,1747647684725
counter/10/0/0/0,31898:1747647674755:,1747647684725
counter/10/0/0/0,31899:1747647674755:,1747647684725
counter/10/0/0/0,31900:1747647674755:,1747647684725
counter/3/0/0/0,33434:1747647678025:,1747647684725
counter/10/0/0/0,31901:1747647674755:,1747647684725
counter/10/0/0/0,31902:1747647674755:,1747647684725
counter/10/0/0/0,31903:1747647674755:,1747647684725
counter/10/0/0/0,31904:1747647674755:,1747647684725
counter/10/0/0/0,31905:1747647674756:,1747647684725
counter/3/0/0/0,33435:1747647678025:,1747647684725
counter/10/0/0/0,31906:1747647674756:,1747647684725
counter/3/0/0/0,33436:1747647678025:,1747647684725
counter/10/0/0/0,31907:1747647674756:,1747647684725
counter/3/0/0/0,33437:1747647678025:,1747647684725
counter/10/0/0/0,31908:1747647674758:,1747647684725
counter/3/0/0/0,33438:1747647678025:,1747647684725
counter/3/0/0/0,33439:1747647678025:,1747647684725
counter/4/0/0/0,35440:1747647678973:,1747647684725
counter/3/0/0/0,33440:1747647678025:,1747647684725
counter/4/0/0/0,35441:1747647678973:,1747647684725
counter/10/0/0/0,31909:1747647674758:,1747647684726
counter/10/0/0/0,31910:1747647674758:,1747647684726
counter/10/0/0/0,31911:1747647674758:,1747647684726
counter/10/0/0/0,31912:1747647674759:,1747647684726
counter/4/0/0/0,35442:1747647678973:,1747647684726
counter/10/0/0/0,31913:1747647674759:,1747647684726
counter/3/0/0/0,33441:1747647678025:,1747647684726
counter/3/0/0/0,33442:1747647678026:,1747647684726
counter/3/0/0/0,33443:1747647678026:,1747647684726
counter/3/0/0/0,33444:1747647678026:,1747647684726
counter/3/0/0/0,33445:1747647678026:,1747647684726
counter/4/0/0/0,35443:1747647678973:,1747647684726
counter/4/0/0/0,35444:1747647678973:,1747647684726
counter/10/0/0/0,31914:1747647674759:,1747647684726
counter/10/0/0/0,31915:1747647674759:,1747647684726
counter/3/0/0/0,33446:1747647678032:,1747647684726
counter/10/0/0/0,31916:1747647674759:,1747647684726
counter/4/0/0/0,35445:1747647678973:,1747647684726
counter/10/0/0/0,31917:1747647674759:,1747647684726
counter/10/0/0/0,31918:1747647674759:,1747647684726
counter/10/0/0/0,31919:1747647674759:,1747647684726
counter/3/0/0/0,33447:1747647678032:,1747647684726
counter/10/0/0/0,31920:1747647674759:,1747647684726
counter/3/0/0/0,33448:1747647678032:,1747647684726
counter/10/0/0/0,31921:1747647674759:,1747647684726
counter/3/0/0/0,33449:1747647678032:,1747647684726
counter/10/0/0/0,31922:1747647674759:,1747647684726
counter/3/0/0/0,33450:1747647678032:,1747647684726
counter/10/0/0/0,31923:1747647674759:,1747647684726
counter/4/0/0/0,35446:1747647678973:,1747647684726
counter/10/0/0/0,31924:1747647674759:,1747647684726
counter/10/0/0/0,31925:1747647674759:,1747647684726
counter/10/0/0/0,31926:1747647674759:,1747647684726
counter/4/0/0/0,35447:1747647678973:,1747647684726
counter/10/0/0/0,31927:1747647674759:,1747647684726
counter/10/0/0/0,31928:1747647674759:,1747647684726
counter/10/0/0/0,31929:1747647674759:,1747647684726
counter/4/0/0/0,35448:1747647678973:,1747647684726
counter/10/0/0/0,31930:1747647674759:,1747647684727
counter/10/0/0/0,31931:1747647674760:,1747647684727
counter/4/0/0/0,35449:1747647678973:,1747647684727
counter/10/0/0/0,31932:1747647674760:,1747647684727
counter/3/0/0/0,33451:1747647678032:,1747647684727
counter/10/0/0/0,31933:1747647674760:,1747647684727
counter/3/0/0/0,33452:1747647678032:,1747647684727
counter/10/0/0/0,31934:1747647674760:,1747647684727
counter/3/0/0/0,33453:1747647678032:,1747647684727
counter/10/0/0/0,31935:1747647674760:,1747647684727
counter/3/0/0/0,33454:1747647678032:,1747647684727
counter/10/0/0/0,31936:1747647674760:,1747647684727
counter/10/0/0/0,31937:1747647674760:,1747647684727
counter/4/0/0/0,35450:1747647678973:,1747647684727
counter/10/0/0/0,31938:1747647674760:,1747647684727
counter/4/0/0/0,35451:1747647678973:,1747647684727
counter/10/0/0/0,31939:1747647674760:,1747647684727
counter/3/0/0/0,33455:1747647678032:,1747647684727
counter/10/0/0/0,31940:1747647674760:,1747647684727
counter/4/0/0/0,35452:1747647678973:,1747647684727
counter/10/0/0/0,31941:1747647674760:,1747647684727
counter/10/0/0/0,31942:1747647674765:,1747647684727
counter/4/0/0/0,35453:1747647678973:,1747647684727
counter/10/0/0/0,31943:1747647674765:,1747647684727
counter/3/0/0/0,33456:1747647678032:,1747647684727
counter/10/0/0/0,31944:1747647674765:,1747647684727
counter/10/0/0/0,31945:1747647674765:,1747647684727
counter/10/0/0/0,31946:1747647674765:,1747647684727
counter/10/0/0/0,31947:1747647674766:,1747647684727
counter/4/0/0/0,35454:1747647678974:,1747647684727
counter/10/0/0/0,31948:1747647674766:,1747647684727
counter/3/0/0/0,33457:1747647678033:,1747647684727
counter/10/0/0/0,31949:1747647674766:,1747647684727
counter/4/0/0/0,35455:1747647678974:,1747647684727
counter/10/0/0/0,31950:1747647674766:,1747647684728
counter/4/0/0/0,35456:1747647678975:,1747647684728
counter/10/0/0/0,31951:1747647674766:,1747647684728
counter/10/0/0/0,31952:1747647674766:,1747647684728
counter/10/0/0/0,31953:1747647674766:,1747647684728
counter/4/0/0/0,35457:1747647678975:,1747647684728
counter/10/0/0/0,31954:1747647674766:,1747647684728
counter/3/0/0/0,33458:1747647678033:,1747647684728
counter/10/0/0/0,31955:1747647674766:,1747647684728
counter/4/0/0/0,35458:1747647678975:,1747647684728
counter/10/0/0/0,31956:1747647674766:,1747647684728
counter/10/0/0/0,31957:1747647674766:,1747647684728
counter/10/0/0/0,31958:1747647674770:,1747647684728
counter/10/0/0/0,31959:1747647674770:,1747647684728
counter/10/0/0/0,31960:1747647674770:,1747647684728
counter/10/0/0/0,31961:1747647674770:,1747647684728
counter/10/0/0/0,31962:1747647674770:,1747647684728
counter/3/0/0/0,33459:1747647678033:,1747647684728
counter/10/0/0/0,31963:1747647674770:,1747647684728
counter/10/0/0/0,31964:1747647674770:,1747647684728
counter/10/0/0/0,31965:1747647674770:,1747647684728
counter/10/0/0/0,31966:1747647674770:,1747647684728
counter/10/0/0/0,31967:1747647674770:,1747647684728
counter/3/0/0/0,33460:1747647678033:,1747647684728
counter/10/0/0/0,31968:1747647674770:,1747647684728
counter/10/0/0/0,31969:1747647674770:,1747647684728
counter/10/0/0/0,31970:1747647674772:,1747647684728
counter/10/0/0/0,31971:1747647674772:,1747647684728
counter/10/0/0/0,31972:1747647674772:,1747647684728
counter/10/0/0/0,31973:1747647674772:,1747647684728
counter/4/0/0/0,35459:1747647678975:,1747647684728
counter/3/0/0/0,33461:1747647678048:,1747647684728
counter/4/0/0/0,35460:1747647678975:,1747647684728
counter/3/0/0/0,33462:1747647678048:,1747647684728
counter/10/0/0/0,31974:1747647674773:,1747647684728
counter/4/0/0/0,35461:1747647678975:,1747647684728
counter/10/0/0/0,31975:1747647674773:,1747647684729
counter/3/0/0/0,33463:1747647678048:,1747647684729
counter/4/0/0/0,35462:1747647678975:,1747647684729
counter/10/0/0/0,31976:1747647674773:,1747647684729
counter/4/0/0/0,35463:1747647678975:,1747647684729
counter/3/0/0/0,33464:1747647678058:,1747647684729
counter/10/0/0/0,31977:1747647674773:,1747647684729
counter/10/0/0/0,31978:1747647674773:,1747647684729
counter/10/0/0/0,31979:1747647674773:,1747647684729
counter/10/0/0/0,31980:1747647674773:,1747647684729
counter/10/0/0/0,31981:1747647674773:,1747647684729
counter/10/0/0/0,31982:1747647674777:,1747647684729
counter/10/0/0/0,31983:1747647674781:,1747647684729
counter/10/0/0/0,31984:1747647674781:,1747647684729
counter/10/0/0/0,31985:1747647674781:,1747647684729
counter/4/0/0/0,35464:1747647678982:,1747647684729
counter/10/0/0/0,31986:1747647674781:,1747647684729
counter/3/0/0/0,33465:1747647678058:,1747647684729
counter/4/0/0/0,35465:1747647678982:,1747647684729
counter/3/0/0/0,33466:1747647678058:,1747647684729
counter/10/0/0/0,31987:1747647674781:,1747647684729
counter/3/0/0/0,33467:1747647678058:,1747647684729
counter/3/0/0/0,33468:1747647678059:,1747647684729
counter/3/0/0/0,33469:1747647678059:,1747647684729
counter/10/0/0/0,31988:1747647674781:,1747647684729
counter/3/0/0/0,33470:1747647678059:,1747647684729
counter/4/0/0/0,35466:1747647678982:,1747647684729
counter/3/0/0/0,33471:1747647678059:,1747647684729
counter/4/0/0/0,35467:1747647678982:,1747647684729
counter/3/0/0/0,33472:1747647678059:,1747647684729
counter/3/0/0/0,33473:1747647678059:,1747647684729
counter/3/0/0/0,33474:1747647678059:,1747647684729
counter/3/0/0/0,33475:1747647678059:,1747647684729
counter/3/0/0/0,33476:1747647678059:,1747647684729
counter/3/0/0/0,33477:1747647678060:,1747647684730
counter/10/0/0/0,31989:1747647674787:,1747647684730
counter/3/0/0/0,33478:1747647678060:,1747647684730
counter/4/0/0/0,35468:1747647678982:,1747647684730
counter/3/0/0/0,33479:1747647678060:,1747647684730
counter/10/0/0/0,31990:1747647674797:,1747647684730
counter/3/0/0/0,33480:1747647678060:,1747647684730
counter/10/0/0/0,31991:1747647674797:,1747647684730
counter/3/0/0/0,33481:1747647678061:,1747647684730
counter/10/0/0/0,31992:1747647674797:,1747647684730
counter/10/0/0/0,31993:1747647674797:,1747647684730
counter/10/0/0/0,31994:1747647674797:,1747647684730
counter/10/0/0/0,31995:1747647674797:,1747647684730
counter/10/0/0/0,31996:1747647674799:,1747647684730
counter/10/0/0/0,31997:1747647674799:,1747647684730
counter/10/0/0/0,31998:1747647674799:,1747647684730
counter/10/0/0/0,31999:1747647674799:,1747647684730
counter/3/0/0/0,33482:1747647678061:,1747647684730
counter/3/0/0/0,33483:1747647678061:,1747647684730
counter/3/0/0/0,33484:1747647678061:,1747647684730
counter/3/0/0/0,33485:1747647678061:,1747647684730
counter/4/0/0/0,35469:1747647678983:,1747647684730
counter/3/0/0/0,33486:1747647678061:,1747647684730
counter/3/0/0/0,33487:1747647678061:,1747647684730
counter/10/0/0/0,32000:1747647674802:,1747647684730
counter/4/0/0/0,35470:1747647678983:,1747647684730
counter/10/0/0/0,32001:1747647674802:,1747647684730
counter/4/0/0/0,35471:1747647678983:,1747647684730
counter/3/0/0/0,33488:1747647678061:,1747647684730
counter/10/0/0/0,32002:1747647674802:,1747647684730
counter/4/0/0/0,35472:1747647678983:,1747647684730
counter/10/0/0/0,32003:1747647674802:,1747647684730
counter/3/0/0/0,33489:1747647678061:,1747647684730
counter/3/0/0/0,33490:1747647678061:,1747647684730
counter/3/0/0/0,33491:1747647678061:,1747647684730
counter/3/0/0/0,33492:1747647678065:,1747647684730
counter/4/0/0/0,35473:1747647678983:,1747647684730
counter/3/0/0/0,33493:1747647678065:,1747647684730
counter/3/0/0/0,33494:1747647678065:,1747647684731
counter/10/0/0/0,32004:1747647674802:,1747647684731
counter/3/0/0/0,33495:1747647678065:,1747647684731
counter/3/0/0/0,33496:1747647678065:,1747647684731
counter/4/0/0/0,35474:1747647678983:,1747647684731
counter/3/0/0/0,33497:1747647678065:,1747647684731
counter/3/0/0/0,33498:1747647678072:,1747647684731
counter/3/0/0/0,33499:1747647678072:,1747647684731
counter/4/0/0/0,35475:1747647678986:,1747647684731
counter/3/0/0/0,33500:1747647678072:,1747647684731
counter/3/0/0/0,33501:1747647678072:,1747647684731
counter/3/0/0/0,33502:1747647678072:,1747647684731
counter/10/0/0/0,32005:1747647674802:,1747647684731
counter/10/0/0/0,32006:1747647674802:,1747647684731
counter/10/0/0/0,32007:1747647674802:,1747647684731
counter/10/0/0/0,32008:1747647674802:,1747647684731
counter/4/0/0/0,35476:1747647678986:,1747647684731
counter/10/0/0/0,32009:1747647674803:,1747647684731
counter/4/0/0/0,35477:1747647678986:,1747647684731
counter/10/0/0/0,32010:1747647674803:,1747647684731
counter/10/0/0/0,32011:1747647674803:,1747647684731
counter/10/0/0/0,32012:1747647674820:,1747647684731
counter/10/0/0/0,32013:1747647674821:,1747647684731
counter/10/0/0/0,32014:1747647674821:,1747647684731
counter/10/0/0/0,32015:1747647674821:,1747647684731
counter/3/0/0/0,33503:1747647678072:,1747647684731
counter/10/0/0/0,32016:1747647674821:,1747647684731
counter/3/0/0/0,33504:1747647678072:,1747647684731
counter/10/0/0/0,32017:1747647674821:,1747647684731
counter/3/0/0/0,33505:1747647678072:,1747647684731
counter/10/0/0/0,32018:1747647674821:,1747647684731
counter/3/0/0/0,33506:1747647678072:,1747647684731
counter/10/0/0/0,32019:1747647674821:,1747647684731
counter/4/0/0/0,35478:1747647678993:,1747647684731
counter/10/0/0/0,32020:1747647674825:,1747647684731
counter/4/0/0/0,35479:1747647678994:,1747647684731
counter/10/0/0/0,32021:1747647674827:,1747647684731
counter/3/0/0/0,33507:1747647678072:,1747647684731
counter/10/0/0/0,32022:1747647674827:,1747647684731
counter/10/0/0/0,32023:1747647674827:,1747647684732
counter/4/0/0/0,35480:1747647678994:,1747647684732
counter/10/0/0/0,32024:1747647674829:,1747647684732
counter/4/0/0/0,35481:1747647678996:,1747647684732
counter/10/0/0/0,32025:1747647674829:,1747647684732
counter/10/0/0/0,32026:1747647674829:,1747647684732
counter/10/0/0/0,32027:1747647674829:,1747647684732
counter/10/0/0/0,32028:1747647674829:,1747647684732
counter/10/0/0/0,32029:1747647674829:,1747647684732
counter/10/0/0/0,32030:1747647674829:,1747647684732
counter/3/0/0/0,33508:1747647678085:,1747647684732
counter/10/0/0/0,32031:1747647674829:,1747647684732
counter/10/0/0/0,32032:1747647674829:,1747647684732
counter/10/0/0/0,32033:1747647674829:,1747647684732
counter/10/0/0/0,32034:1747647674829:,1747647684732
counter/10/0/0/0,32035:1747647674829:,1747647684732
counter/10/0/0/0,32036:1747647674831:,1747647684732
counter/4/0/0/0,35482:1747647679003:,1747647684732
counter/10/0/0/0,32037:1747647674831:,1747647684732
counter/4/0/0/0,35483:1747647679004:,1747647684732
counter/10/0/0/0,32038:1747647674831:,1747647684732
counter/3/0/0/0,33509:1747647678086:,1747647684732
counter/10/0/0/0,32039:1747647674831:,1747647684732
counter/10/0/0/0,32040:1747647674831:,1747647684732
counter/10/0/0/0,32041:1747647674831:,1747647684732
counter/10/0/0/0,32042:1747647674831:,1747647684732
counter/3/0/0/0,33510:1747647678086:,1747647684732
counter/10/0/0/0,32043:1747647674831:,1747647684732
counter/3/0/0/0,33511:1747647678086:,1747647684732
counter/3/0/0/0,33512:1747647678086:,1747647684732
counter/3/0/0/0,33513:1747647678086:,1747647684732
counter/10/0/0/0,32044:1747647674831:,1747647684732
counter/3/0/0/0,33514:1747647678086:,1747647684732
counter/4/0/0/0,35484:1747647679004:,1747647684732
counter/10/0/0/0,32045:1747647674831:,1747647684732
counter/4/0/0/0,35485:1747647679004:,1747647684733
counter/3/0/0/0,33515:1747647678095:,1747647684733
counter/10/0/0/0,32046:1747647674847:,1747647684733
counter/10/0/0/0,32047:1747647674847:,1747647684733
counter/10/0/0/0,32048:1747647674850:,1747647684733
counter/10/0/0/0,32049:1747647674850:,1747647684733
counter/4/0/0/0,35486:1747647679004:,1747647684733
counter/4/0/0/0,35487:1747647679004:,1747647684733
counter/3/0/0/0,33516:1747647678095:,1747647684733
counter/10/0/0/0,32050:1747647674851:,1747647684733
counter/10/0/0/0,32051:1747647674851:,1747647684733
counter/10/0/0/0,32052:1747647674851:,1747647684733
counter/3/0/0/0,33517:1747647678096:,1747647684733
counter/10/0/0/0,32053:1747647674851:,1747647684733
counter/10/0/0/0,32054:1747647674851:,1747647684733
counter/10/0/0/0,32055:1747647674852:,1747647684733
counter/10/0/0/0,32056:1747647674852:,1747647684733
counter/10/0/0/0,32057:1747647674852:,1747647684733
counter/4/0/0/0,35488:1747647679004:,1747647684733
counter/10/0/0/0,32058:1747647674852:,1747647684733
counter/4/0/0/0,35489:1747647679004:,1747647684733
counter/10/0/0/0,32059:1747647674865:,1747647684733
counter/10/0/0/0,32060:1747647674865:,1747647684733
counter/10/0/0/0,32061:1747647674865:,1747647684733
counter/4/0/0/0,35490:1747647679004:,1747647684733
counter/3/0/0/0,33518:1747647678096:,1747647684733
counter/4/0/0/0,35491:1747647679004:,1747647684733
counter/10/0/0/0,32062:1747647674865:,1747647684733
counter/3/0/0/0,33519:1747647678096:,1747647684733
counter/3/0/0/0,33520:1747647678096:,1747647684733
counter/3/0/0/0,33521:1747647678096:,1747647684733
counter/3/0/0/0,33522:1747647678096:,1747647684733
counter/10/0/0/0,32063:1747647674865:,1747647684733
counter/4/0/0/0,35492:1747647679004:,1747647684733
counter/3/0/0/0,33523:1747647678098:,1747647684733
counter/10/0/0/0,32064:1747647674865:,1747647684733
counter/3/0/0/0,33524:1747647678100:,1747647684733
counter/4/0/0/0,35493:1747647679004:,1747647684733
counter/10/0/0/0,32065:1747647674865:,1747647684733
counter/4/0/0/0,35494:1747647679004:,1747647684734
counter/3/0/0/0,33525:1747647678113:,1747647684734
counter/10/0/0/0,32066:1747647674865:,1747647684734
counter/10/0/0/0,32067:1747647674865:,1747647684734
counter/10/0/0/0,32068:1747647674865:,1747647684734
counter/10/0/0/0,32069:1747647674865:,1747647684734
counter/4/0/0/0,35495:1747647679004:,1747647684734
counter/10/0/0/0,32070:1747647674866:,1747647684734
counter/4/0/0/0,35496:1747647679004:,1747647684734
counter/10/0/0/0,32071:1747647674866:,1747647684734
counter/3/0/0/0,33526:1747647678113:,1747647684734
counter/10/0/0/0,32072:1747647674866:,1747647684734
counter/10/0/0/0,32073:1747647674866:,1747647684734
counter/10/0/0/0,32074:1747647674866:,1747647684734
counter/10/0/0/0,32075:1747647674866:,1747647684734
counter/10/0/0/0,32076:1747647674866:,1747647684734
counter/10/0/0/0,32077:1747647674866:,1747647684734
counter/10/0/0/0,32078:1747647674869:,1747647684734
counter/10/0/0/0,32079:1747647674869:,1747647684734
counter/3/0/0/0,33527:1747647678113:,1747647684734
counter/4/0/0/0,35497:1747647679004:,1747647684734
counter/10/0/0/0,32080:1747647674869:,1747647684734
counter/4/0/0/0,35498:1747647679004:,1747647684734
counter/3/0/0/0,33528:1747647678113:,1747647684734
counter/10/0/0/0,32081:1747647674870:,1747647684734
counter/10/0/0/0,32082:1747647674870:,1747647684734
counter/10/0/0/0,32083:1747647674870:,1747647684734
counter/4/0/0/0,35499:1747647679004:,1747647684734
counter/3/0/0/0,33529:1747647678113:,1747647684734
counter/10/0/0/0,32084:1747647674870:,1747647684734
counter/10/0/0/0,32085:1747647674870:,1747647684734
counter/10/0/0/0,32086:1747647674870:,1747647684734
counter/10/0/0/0,32087:1747647674870:,1747647684734
counter/10/0/0/0,32088:1747647674870:,1747647684734
counter/10/0/0/0,32089:1747647674870:,1747647684734
counter/3/0/0/0,33530:1747647678113:,1747647684734
counter/10/0/0/0,32090:1747647674870:,1747647684734
counter/10/0/0/0,32091:1747647674870:,1747647684734
counter/4/0/0/0,35500:1747647679004:,1747647684734
counter/10/0/0/0,32092:1747647674870:,1747647684735
counter/4/0/0/0,35501:1747647679004:,1747647684735
counter/10/0/0/0,32093:1747647674870:,1747647684735
counter/10/0/0/0,32094:1747647674870:,1747647684735
counter/4/0/0/0,35502:1747647679004:,1747647684735
counter/10/0/0/0,32095:1747647674871:,1747647684735
counter/4/0/0/0,35503:1747647679004:,1747647684735
counter/10/0/0/0,32096:1747647674871:,1747647684735
counter/10/0/0/0,32097:1747647674871:,1747647684735
counter/4/0/0/0,35504:1747647679004:,1747647684735
counter/10/0/0/0,32098:1747647674871:,1747647684735
counter/4/0/0/0,35505:1747647679004:,1747647684735
counter/10/0/0/0,32099:1747647674884:,1747647684735
counter/10/0/0/0,32100:1747647674884:,1747647684735
counter/3/0/0/0,33531:1747647678113:,1747647684735
counter/10/0/0/0,32101:1747647674884:,1747647684735
counter/10/0/0/0,32102:1747647674884:,1747647684735
counter/10/0/0/0,32103:1747647674884:,1747647684735
counter/10/0/0/0,32104:1747647674884:,1747647684735
counter/10/0/0/0,32105:1747647674885:,1747647684735
counter/4/0/0/0,35506:1747647679005:,1747647684735
counter/10/0/0/0,32106:1747647674885:,1747647684735
counter/10/0/0/0,32107:1747647674885:,1747647684735
counter/10/0/0/0,32108:1747647674885:,1747647684735
counter/10/0/0/0,32109:1747647674886:,1747647684735
counter/10/0/0/0,32110:1747647674905:,1747647684735
counter/10/0/0/0,32111:1747647674906:,1747647684735
counter/3/0/0/0,33532:1747647678113:,1747647684735
counter/10/0/0/0,32112:1747647674906:,1747647684735
counter/10/0/0/0,32113:1747647674906:,1747647684735
counter/4/0/0/0,35507:1747647679005:,1747647684736
counter/10/0/0/0,32114:1747647674906:,1747647684736
counter/10/0/0/0,32115:1747647674906:,1747647684736
counter/3/0/0/0,33533:1747647678113:,1747647684736
counter/10/0/0/0,32116:1747647674906:,1747647684736
counter/10/0/0/0,32117:1747647674906:,1747647684736
counter/10/0/0/0,32118:1747647674906:,1747647684736
counter/4/0/0/0,35508:1747647679005:,1747647684736
counter/10/0/0/0,32119:1747647674906:,1747647684736
counter/10/0/0/0,32120:1747647674906:,1747647684736
counter/10/0/0/0,32121:1747647674906:,1747647684736
counter/4/0/0/0,35509:1747647679005:,1747647684736
counter/10/0/0/0,32122:1747647674913:,1747647684736
counter/10/0/0/0,32123:1747647674913:,1747647684736
counter/4/0/0/0,35510:1747647679005:,1747647684736
counter/10/0/0/0,32124:1747647674913:,1747647684736
counter/3/0/0/0,33534:1747647678113:,1747647684736
counter/10/0/0/0,32125:1747647674914:,1747647684736
counter/10/0/0/0,32126:1747647674914:,1747647684736
counter/10/0/0/0,32127:1747647674925:,1747647684736
counter/10/0/0/0,32128:1747647674925:,1747647684736
counter/10/0/0/0,32129:1747647674925:,1747647684736
counter/10/0/0/0,32130:1747647674925:,1747647684736
counter/10/0/0/0,32131:1747647674932:,1747647684736
counter/4/0/0/0,35511:1747647679005:,1747647684736
counter/10/0/0/0,32132:1747647674932:,1747647684736
counter/4/0/0/0,35512:1747647679005:,1747647684736
counter/10/0/0/0,32133:1747647674932:,1747647684736
counter/10/0/0/0,32134:1747647674932:,1747647684736
counter/10/0/0/0,32135:1747647674933:,1747647684736
counter/4/0/0/0,35513:1747647679005:,1747647684736
counter/10/0/0/0,32136:1747647674933:,1747647684736
counter/4/0/0/0,35514:1747647679013:,1747647684736
counter/10/0/0/0,32137:1747647674933:,1747647684736
counter/10/0/0/0,32138:1747647674933:,1747647684736
counter/10/0/0/0,32139:1747647674937:,1747647684737
counter/4/0/0/0,35515:1747647679013:,1747647684737
counter/10/0/0/0,32140:1747647674937:,1747647684737
counter/4/0/0/0,35516:1747647679013:,1747647684737
counter/10/0/0/0,32141:1747647674937:,1747647684737
counter/10/0/0/0,32142:1747647674937:,1747647684737
counter/10/0/0/0,32143:1747647674950:,1747647684737
counter/10/0/0/0,32144:1747647674950:,1747647684737
counter/4/0/0/0,35517:1747647679013:,1747647684737
counter/10/0/0/0,32145:1747647674950:,1747647684737
counter/10/0/0/0,32146:1747647674950:,1747647684737
counter/4/0/0/0,35518:1747647679013:,1747647684737
counter/10/0/0/0,32147:1747647674950:,1747647684737
counter/3/0/0/0,33535:1747647678113:,1747647684737
counter/10/0/0/0,32148:1747647674950:,1747647684737
counter/10/0/0/0,32149:1747647674950:,1747647684737
counter/10/0/0/0,32150:1747647674950:,1747647684737
counter/10/0/0/0,32151:1747647674950:,1747647684737
counter/10/0/0/0,32152:1747647674950:,1747647684737
counter/10/0/0/0,32153:1747647674950:,1747647684737
counter/10/0/0/0,32154:1747647674950:,1747647684737
counter/10/0/0/0,32155:1747647674950:,1747647684737
counter/3/0/0/0,33536:1747647678114:,1747647684737
counter/10/0/0/0,32156:1747647674950:,1747647684737
counter/10/0/0/0,32157:1747647674956:,1747647684737
counter/4/0/0/0,35519:1747647679013:,1747647684737
counter/10/0/0/0,32158:1747647674963:,1747647684737
counter/10/0/0/0,32159:1747647674963:,1747647684737
counter/10/0/0/0,32160:1747647674963:,1747647684737
counter/10/0/0/0,32161:1747647674963:,1747647684737
counter/10/0/0/0,32162:1747647674963:,1747647684737
counter/4/0/0/0,35520:1747647679013:,1747647684737
counter/10/0/0/0,32163:1747647674975:,1747647684737
counter/10/0/0/0,32164:1747647674975:,1747647684737
counter/4/0/0/0,35521:1747647679013:,1747647684737
counter/10/0/0/0,32165:1747647674975:,1747647684737
counter/4/0/0/0,35522:1747647679013:,1747647684737
counter/10/0/0/0,32166:1747647674975:,1747647684738
counter/10/0/0/0,32167:1747647674975:,1747647684738
counter/10/0/0/0,32168:1747647674975:,1747647684738
counter/10/0/0/0,32169:1747647674975:,1747647684738
counter/10/0/0/0,32170:1747647674975:,1747647684738
counter/10/0/0/0,32171:1747647674975:,1747647684738
counter/10/0/0/0,32172:1747647674979:,1747647684738
counter/10/0/0/0,32173:1747647674979:,1747647684738
counter/3/0/0/0,33537:1747647678114:,1747647684738
counter/10/0/0/0,32174:1747647674979:,1747647684738
counter/10/0/0/0,32175:1747647674979:,1747647684738
counter/10/0/0/0,32176:1747647674979:,1747647684738
counter/10/0/0/0,32177:1747647674980:,1747647684738
counter/4/0/0/0,35523:1747647679013:,1747647684738
counter/3/0/0/0,33538:1747647678114:,1747647684738
counter/4/0/0/0,35524:1747647679013:,1747647684738
counter/10/0/0/0,32178:1747647674980:,1747647684738
counter/4/0/0/0,35525:1747647679013:,1747647684738
counter/3/0/0/0,33539:1747647678115:,1747647684738
counter/10/0/0/0,32179:1747647674980:,1747647684738
counter/10/0/0/0,32180:1747647674980:,1747647684738
counter/10/0/0/0,32181:1747647674980:,1747647684738
counter/10/0/0/0,32182:1747647674980:,1747647684738
counter/4/0/0/0,35526:1747647679013:,1747647684738
counter/10/0/0/0,32183:1747647674987:,1747647684738
counter/3/0/0/0,33540:1747647678115:,1747647684738
counter/4/0/0/0,35527:1747647679014:,1747647684738
counter/10/0/0/0,32184:1747647674987:,1747647684738
counter/3/0/0/0,33541:1747647678115:,1747647684738
counter/3/0/0/0,33542:1747647678115:,1747647684738
counter/3/0/0/0,33543:1747647678115:,1747647684738
counter/3/0/0/0,33544:1747647678115:,1747647684738
counter/4/0/0/0,35528:1747647679028:,1747647684738
counter/3/0/0/0,33545:1747647678115:,1747647684738
counter/10/0/0/0,32185:1747647674987:,1747647684738
counter/10/0/0/0,32186:1747647674987:,1747647684738
counter/10/0/0/0,32187:1747647674987:,1747647684738
counter/10/0/0/0,32188:1747647674987:,1747647684738
counter/10/0/0/0,32189:1747647675007:,1747647684739
counter/4/0/0/0,35529:1747647679028:,1747647684739
counter/4/0/0/0,35530:1747647679028:,1747647684739
counter/3/0/0/0,33546:1747647678115:,1747647684739
counter/10/0/0/0,32190:1747647675007:,1747647684739
counter/10/0/0/0,32191:1747647675007:,1747647684739
counter/10/0/0/0,32192:1747647675007:,1747647684739
counter/10/0/0/0,32193:1747647675007:,1747647684739
counter/10/0/0/0,32194:1747647675007:,1747647684739
counter/10/0/0/0,32195:1747647675007:,1747647684739
counter/10/0/0/0,32196:1747647675007:,1747647684739
counter/3/0/0/0,33547:1747647678115:,1747647684739
counter/4/0/0/0,35531:1747647679029:,1747647684739
counter/10/0/0/0,32197:1747647675007:,1747647684739
counter/4/0/0/0,35532:1747647679029:,1747647684739
counter/3/0/0/0,33548:1747647678115:,1747647684739
counter/10/0/0/0,32198:1747647675007:,1747647684739
counter/3/0/0/0,33549:1747647678115:,1747647684739
counter/10/0/0/0,32199:1747647675007:,1747647684739
counter/10/0/0/0,32200:1747647675007:,1747647684739
counter/10/0/0/0,32201:1747647675012:,1747647684739
counter/10/0/0/0,32202:1747647675012:,1747647684739
counter/3/0/0/0,33550:1747647678115:,1747647684739
counter/3/0/0/0,33551:1747647678115:,1747647684739
counter/10/0/0/0,32203:1747647675012:,1747647684739
counter/4/0/0/0,35533:1747647679029:,1747647684739
counter/3/0/0/0,33552:1747647678116:,1747647684739
counter/10/0/0/0,32204:1747647675012:,1747647684739
counter/10/0/0/0,32205:1747647675012:,1747647684739
counter/10/0/0/0,32206:1747647675012:,1747647684739
counter/10/0/0/0,32207:1747647675012:,1747647684739
counter/4/0/0/0,35534:1747647679029:,1747647684739
counter/3/0/0/0,33553:1747647678119:,1747647684739
counter/3/0/0/0,33554:1747647678119:,1747647684740
counter/10/0/0/0,32208:1747647675013:,1747647684740
counter/4/0/0/0,35535:1747647679029:,1747647684740
counter/10/0/0/0,32209:1747647675013:,1747647684740
counter/4/0/0/0,35536:1747647679029:,1747647684740
counter/3/0/0/0,33555:1747647678119:,1747647684740
counter/10/0/0/0,32210:1747647675013:,1747647684740
counter/10/0/0/0,32211:1747647675013:,1747647684740
counter/10/0/0/0,32212:1747647675013:,1747647684740
counter/10/0/0/0,32213:1747647675013:,1747647684740
counter/4/0/0/0,35537:1747647679029:,1747647684740
counter/10/0/0/0,32214:1747647675013:,1747647684740
counter/3/0/0/0,33556:1747647678119:,1747647684740
counter/3/0/0/0,33557:1747647678120:,1747647684740
counter/3/0/0/0,33558:1747647678120:,1747647684740
counter/3/0/0/0,33559:1747647678120:,1747647684740
counter/10/0/0/0,32215:1747647675013:,1747647684740
counter/3/0/0/0,33560:1747647678120:,1747647684740
counter/3/0/0/0,33561:1747647678126:,1747647684740
counter/3/0/0/0,33562:1747647678126:,1747647684740
counter/10/0/0/0,32216:1747647675013:,1747647684740
counter/3/0/0/0,33563:1747647678126:,1747647684740
counter/10/0/0/0,32217:1747647675013:,1747647684740
counter/3/0/0/0,33564:1747647678134:,1747647684740
counter/10/0/0/0,32218:1747647675013:,1747647684740
counter/10/0/0/0,32219:1747647675013:,1747647684740
counter/10/0/0/0,32220:1747647675013:,1747647684740
counter/10/0/0/0,32221:1747647675013:,1747647684740
counter/10/0/0/0,32222:1747647675013:,1747647684740
counter/3/0/0/0,33565:1747647678134:,1747647684740
counter/3/0/0/0,33566:1747647678134:,1747647684740
counter/3/0/0/0,33567:1747647678134:,1747647684740
counter/10/0/0/0,32223:1747647675013:,1747647684740
counter/3/0/0/0,33568:1747647678134:,1747647684740
counter/3/0/0/0,33569:1747647678134:,1747647684741
counter/4/0/0/0,35538:1747647679029:,1747647684741
counter/10/0/0/0,32224:1747647675013:,1747647684741
counter/4/0/0/0,35539:1747647679029:,1747647684741
counter/3/0/0/0,33570:1747647678135:,1747647684741
counter/10/0/0/0,32225:1747647675016:,1747647684741
counter/3/0/0/0,33571:1747647678135:,1747647684741
counter/3/0/0/0,33572:1747647678135:,1747647684741
counter/3/0/0/0,33573:1747647678135:,1747647684741
counter/10/0/0/0,32226:1747647675016:,1747647684741
counter/10/0/0/0,32227:1747647675016:,1747647684741
counter/10/0/0/0,32228:1747647675016:,1747647684741
counter/10/0/0/0,32229:1747647675016:,1747647684741
counter/4/0/0/0,35540:1747647679029:,1747647684741
counter/10/0/0/0,32230:1747647675016:,1747647684741
counter/4/0/0/0,35541:1747647679029:,1747647684741
counter/10/0/0/0,32231:1747647675019:,1747647684741
counter/3/0/0/0,33574:1747647678135:,1747647684741
counter/4/0/0/0,35542:1747647679029:,1747647684741
counter/10/0/0/0,32232:1747647675020:,1747647684741
counter/10/0/0/0,32233:1747647675020:,1747647684741
counter/3/0/0/0,33575:1747647678156:,1747647684741
counter/4/0/0/0,35543:1747647679041:,1747647684741
counter/3/0/0/0,33576:1747647678157:,1747647684741
counter/10/0/0/0,32234:1747647675020:,1747647684741
counter/3/0/0/0,33577:1747647678157:,1747647684741
counter/3/0/0/0,33578:1747647678157:,1747647684741
counter/10/0/0/0,32235:1747647675020:,1747647684741
counter/4/0/0/0,35544:1747647679041:,1747647684741
counter/3/0/0/0,33579:1747647678157:,1747647684741
counter/4/0/0/0,35545:1747647679041:,1747647684741
counter/10/0/0/0,32236:1747647675020:,1747647684741
counter/3/0/0/0,33580:1747647678157:,1747647684741
counter/10/0/0/0,32237:1747647675020:,1747647684741
counter/10/0/0/0,32238:1747647675020:,1747647684741
counter/10/0/0/0,32239:1747647675020:,1747647684741
counter/10/0/0/0,32240:1747647675033:,1747647684741
counter/4/0/0/0,35546:1747647679041:,1747647684742
counter/10/0/0/0,32241:1747647675033:,1747647684742
counter/4/0/0/0,35547:1747647679041:,1747647684742
counter/3/0/0/0,33581:1747647678157:,1747647684742
counter/3/0/0/0,33582:1747647678157:,1747647684742
counter/3/0/0/0,33583:1747647678157:,1747647684742
counter/3/0/0/0,33584:1747647678157:,1747647684742
counter/10/0/0/0,32242:1747647675033:,1747647684742
counter/3/0/0/0,33585:1747647678157:,1747647684742
counter/4/0/0/0,35548:1747647679041:,1747647684742
counter/10/0/0/0,32243:1747647675033:,1747647684742
counter/4/0/0/0,35549:1747647679041:,1747647684742
counter/3/0/0/0,33586:1747647678157:,1747647684742
counter/10/0/0/0,32244:1747647675033:,1747647684742
counter/10/0/0/0,32245:1747647675034:,1747647684742
counter/3/0/0/0,33587:1747647678157:,1747647684742
counter/10/0/0/0,32246:1747647675034:,1747647684742
counter/4/0/0/0,35550:1747647679041:,1747647684742
counter/4/0/0/0,35551:1747647679042:,1747647684742
counter/3/0/0/0,33588:1747647678157:,1747647684742
counter/10/0/0/0,32247:1747647675034:,1747647684742
counter/10/0/0/0,32248:1747647675034:,1747647684742
counter/10/0/0/0,32249:1747647675034:,1747647684742
counter/10/0/0/0,32250:1747647675034:,1747647684742
counter/4/0/0/0,35552:1747647679042:,1747647684742
counter/10/0/0/0,32251:1747647675034:,1747647684742
counter/4/0/0/0,35553:1747647679042:,1747647684742
counter/10/0/0/0,32252:1747647675034:,1747647684742
counter/10/0/0/0,32253:1747647675034:,1747647684742
counter/3/0/0/0,33589:1747647678157:,1747647684742
counter/10/0/0/0,32254:1747647675034:,1747647684742
counter/10/0/0/0,32255:1747647675034:,1747647684742
counter/10/0/0/0,32256:1747647675034:,1747647684742
counter/10/0/0/0,32257:1747647675036:,1747647684742
counter/10/0/0/0,32258:1747647675036:,1747647684742
counter/10/0/0/0,32259:1747647675037:,1747647684743
counter/3/0/0/0,33590:1747647678157:,1747647684743
counter/10/0/0/0,32260:1747647675037:,1747647684743
counter/10/0/0/0,32261:1747647675037:,1747647684743
counter/10/0/0/0,32262:1747647675037:,1747647684743
counter/4/0/0/0,35554:1747647679042:,1747647684743
counter/10/0/0/0,32263:1747647675054:,1747647684743
counter/10/0/0/0,32264:1747647675054:,1747647684743
counter/4/0/0/0,35555:1747647679043:,1747647684743
counter/10/0/0/0,32265:1747647675054:,1747647684743
counter/3/0/0/0,33591:1747647678169:,1747647684743
counter/10/0/0/0,32266:1747647675054:,1747647684743
counter/10/0/0/0,32267:1747647675054:,1747647684743
counter/3/0/0/0,33592:1747647678169:,1747647684743
counter/10/0/0/0,32268:1747647675054:,1747647684743
counter/3/0/0/0,33593:1747647678169:,1747647684743
counter/3/0/0/0,33594:1747647678191:,1747647684743
counter/3/0/0/0,33595:1747647678191:,1747647684743
counter/10/0/0/0,32269:1747647675054:,1747647684743
counter/3/0/0/0,33596:1747647678191:,1747647684743
counter/10/0/0/0,32270:1747647675054:,1747647684743
counter/3/0/0/0,33597:1747647678191:,1747647684743
counter/4/0/0/0,35556:1747647679043:,1747647684743
counter/3/0/0/0,33598:1747647678191:,1747647684743
counter/4/0/0/0,35557:1747647679043:,1747647684743
counter/10/0/0/0,32271:1747647675054:,1747647684743
counter/3/0/0/0,33599:1747647678191:,1747647684743
counter/10/0/0/0,32272:1747647675054:,1747647684743
counter/10/0/0/0,32273:1747647675054:,1747647684743
counter/10/0/0/0,32274:1747647675054:,1747647684743
counter/10/0/0/0,32275:1747647675054:,1747647684743
counter/3/0/0/0,33600:1747647678191:,1747647684743
counter/4/0/0/0,35558:1747647679043:,1747647684744
counter/10/0/0/0,32276:1747647675054:,1747647684744
counter/10/0/0/0,32277:1747647675054:,1747647684744
counter/3/0/0/0,33601:1747647678191:,1747647684744
counter/10/0/0/0,32278:1747647675058:,1747647684744
counter/10/0/0/0,32279:1747647675058:,1747647684744
counter/3/0/0/0,33602:1747647678191:,1747647684744
counter/4/0/0/0,35559:1747647679043:,1747647684744
counter/10/0/0/0,32280:1747647675058:,1747647684744
counter/4/0/0/0,35560:1747647679043:,1747647684744
counter/3/0/0/0,33603:1747647678191:,1747647684744
counter/10/0/0/0,32281:1747647675058:,1747647684744
counter/10/0/0/0,32282:1747647675058:,1747647684744
counter/10/0/0/0,32283:1747647675058:,1747647684744
counter/10/0/0/0,32284:1747647675058:,1747647684744
counter/10/0/0/0,32285:1747647675058:,1747647684744
counter/10/0/0/0,32286:1747647675059:,1747647684744
counter/3/0/0/0,33604:1747647678191:,1747647684744
counter/10/0/0/0,32287:1747647675059:,1747647684744
counter/3/0/0/0,33605:1747647678191:,1747647684744
counter/4/0/0/0,35561:1747647679043:,1747647684744
counter/10/0/0/0,32288:1747647675060:,1747647684744
counter/10/0/0/0,32289:1747647675060:,1747647684744
counter/3/0/0/0,33606:1747647678192:,1747647684744
counter/10/0/0/0,32290:1747647675060:,1747647684744
counter/10/0/0/0,32291:1747647675061:,1747647684744
counter/3/0/0/0,33607:1747647678192:,1747647684744
counter/4/0/0/0,35562:1747647679048:,1747647684744
counter/10/0/0/0,32292:1747647675066:,1747647684744
counter/3/0/0/0,33608:1747647678192:,1747647684744
counter/4/0/0/0,35563:1747647679048:,1747647684744
counter/10/0/0/0,32293:1747647675066:,1747647684744
counter/10/0/0/0,32294:1747647675066:,1747647684744
counter/3/0/0/0,33609:1747647678192:,1747647684744
counter/10/0/0/0,32295:1747647675092:,1747647684744
counter/3/0/0/0,33610:1747647678192:,1747647684744
counter/4/0/0/0,35564:1747647679048:,1747647684744
counter/10/0/0/0,32296:1747647675092:,1747647684744
counter/10/0/0/0,32297:1747647675092:,1747647684744
counter/3/0/0/0,33611:1747647678192:,1747647684745
counter/3/0/0/0,33612:1747647678192:,1747647684745
counter/4/0/0/0,35565:1747647679048:,1747647684745
counter/3/0/0/0,33613:1747647678192:,1747647684745
counter/10/0/0/0,32298:1747647675092:,1747647684745
counter/10/0/0/0,32299:1747647675092:,1747647684745
counter/4/0/0/0,35566:1747647679048:,1747647684745
counter/10/0/0/0,32300:1747647675092:,1747647684745
counter/3/0/0/0,33614:1747647678194:,1747647684745
counter/3/0/0/0,33615:1747647678195:,1747647684745
counter/3/0/0/0,33616:1747647678195:,1747647684745
counter/3/0/0/0,33617:1747647678195:,1747647684745
counter/3/0/0/0,33618:1747647678195:,1747647684745
counter/10/0/0/0,32301:1747647675093:,1747647684745
counter/4/0/0/0,35567:1747647679048:,1747647684745
counter/3/0/0/0,33619:1747647678195:,1747647684745
counter/4/0/0/0,35568:1747647679051:,1747647684745
counter/10/0/0/0,32302:1747647675093:,1747647684745
counter/10/0/0/0,32303:1747647675093:,1747647684745
counter/3/0/0/0,33620:1747647678195:,1747647684745
counter/10/0/0/0,32304:1747647675101:,1747647684745
counter/10/0/0/0,32305:1747647675101:,1747647684745
counter/10/0/0/0,32306:1747647675101:,1747647684745
counter/10/0/0/0,32307:1747647675101:,1747647684745
counter/10/0/0/0,32308:1747647675101:,1747647684745
counter/3/0/0/0,33621:1747647678195:,1747647684745
counter/10/0/0/0,32309:1747647675101:,1747647684745
counter/10/0/0/0,32310:1747647675101:,1747647684745
counter/10/0/0/0,32311:1747647675101:,1747647684745
counter/10/0/0/0,32312:1747647675107:,1747647684745
counter/4/0/0/0,35569:1747647679051:,1747647684745
counter/3/0/0/0,33622:1747647678195:,1747647684745
counter/4/0/0/0,35570:1747647679051:,1747647684745
counter/10/0/0/0,32313:1747647675107:,1747647684745
counter/3/0/0/0,33623:1747647678195:,1747647684745
counter/3/0/0/0,33624:1747647678195:,1747647684745
counter/3/0/0/0,33625:1747647678195:,1747647684745
counter/3/0/0/0,33626:1747647678195:,1747647684746
counter/4/0/0/0,35571:1747647679051:,1747647684746
counter/4/0/0/0,35572:1747647679051:,1747647684746
counter/10/0/0/0,32314:1747647675107:,1747647684746
counter/10/0/0/0,32315:1747647675108:,1747647684746
counter/3/0/0/0,33627:1747647678195:,1747647684746
counter/10/0/0/0,32316:1747647675108:,1747647684746
counter/4/0/0/0,35573:1747647679051:,1747647684746
counter/10/0/0/0,32317:1747647675108:,1747647684746
counter/4/0/0/0,35574:1747647679051:,1747647684746
counter/10/0/0/0,32318:1747647675108:,1747647684746
counter/3/0/0/0,33628:1747647678195:,1747647684746
counter/10/0/0/0,32319:1747647675109:,1747647684746
counter/10/0/0/0,32320:1747647675109:,1747647684746
counter/10/0/0/0,32321:1747647675109:,1747647684746
counter/3/0/0/0,33629:1747647678195:,1747647684746
counter/10/0/0/0,32322:1747647675109:,1747647684746
counter/10/0/0/0,32323:1747647675109:,1747647684746
counter/10/0/0/0,32324:1747647675129:,1747647684746
counter/10/0/0/0,32325:1747647675130:,1747647684746
counter/3/0/0/0,33630:1747647678195:,1747647684746
counter/10/0/0/0,32326:1747647675131:,1747647684746
counter/10/0/0/0,32327:1747647675131:,1747647684746
counter/4/0/0/0,35575:1747647679051:,1747647684746
counter/10/0/0/0,32328:1747647675131:,1747647684746
counter/3/0/0/0,33631:1747647678195:,1747647684746
counter/10/0/0/0,32329:1747647675131:,1747647684746
counter/4/0/0/0,35576:1747647679051:,1747647684746
counter/10/0/0/0,32330:1747647675131:,1747647684746
counter/4/0/0/0,35577:1747647679051:,1747647684746
counter/10/0/0/0,32331:1747647675131:,1747647684746
counter/10/0/0/0,32332:1747647675131:,1747647684746
counter/10/0/0/0,32333:1747647675131:,1747647684747
counter/10/0/0/0,32334:1747647675139:,1747647684747
counter/10/0/0/0,32335:1747647675149:,1747647684747
counter/4/0/0/0,35578:1747647679051:,1747647684747
counter/10/0/0/0,32336:1747647675151:,1747647684747
counter/3/0/0/0,33632:1747647678195:,1747647684747
counter/10/0/0/0,32337:1747647675151:,1747647684747
counter/4/0/0/0,35579:1747647679051:,1747647684747
counter/10/0/0/0,32338:1747647675151:,1747647684747
counter/4/0/0/0,35580:1747647679051:,1747647684747
counter/10/0/0/0,32339:1747647675151:,1747647684747
counter/10/0/0/0,32340:1747647675151:,1747647684747
counter/3/0/0/0,33633:1747647678195:,1747647684747
counter/10/0/0/0,32341:1747647675151:,1747647684747
counter/10/0/0/0,32342:1747647675151:,1747647684747
counter/10/0/0/0,32343:1747647675151:,1747647684747
counter/10/0/0/0,32344:1747647675151:,1747647684747
counter/10/0/0/0,32345:1747647675151:,1747647684747
counter/3/0/0/0,33634:1747647678198:,1747647684747
counter/10/0/0/0,32346:1747647675151:,1747647684747
counter/10/0/0/0,32347:1747647675151:,1747647684747
counter/10/0/0/0,32348:1747647675151:,1747647684747
counter/10/0/0/0,32349:1747647675152:,1747647684747
counter/10/0/0/0,32350:1747647675152:,1747647684747
counter/4/0/0/0,35581:1747647679051:,1747647684747
counter/10/0/0/0,32351:1747647675152:,1747647684747
counter/3/0/0/0,33635:1747647678198:,1747647684747
counter/10/0/0/0,32352:1747647675152:,1747647684747
counter/3/0/0/0,33636:1747647678198:,1747647684747
counter/10/0/0/0,32353:1747647675152:,1747647684747
counter/3/0/0/0,33637:1747647678198:,1747647684747
counter/3/0/0/0,33638:1747647678198:,1747647684747
counter/3/0/0/0,33639:1747647678198:,1747647684747
counter/3/0/0/0,33640:1747647678198:,1747647684747
counter/10/0/0/0,32354:1747647675152:,1747647684747
counter/3/0/0/0,33641:1747647678198:,1747647684747
counter/3/0/0/0,33642:1747647678206:,1747647684748
counter/3/0/0/0,33643:1747647678206:,1747647684748
counter/3/0/0/0,33644:1747647678206:,1747647684748
counter/10/0/0/0,32355:1747647675163:,1747647684748
counter/3/0/0/0,33645:1747647678206:,1747647684748
counter/4/0/0/0,35582:1747647679051:,1747647684748
counter/3/0/0/0,33646:1747647678206:,1747647684748
counter/3/0/0/0,33647:1747647678206:,1747647684748
counter/4/0/0/0,35583:1747647679051:,1747647684748
counter/3/0/0/0,33648:1747647678207:,1747647684748
counter/4/0/0/0,35584:1747647679056:,1747647684748
counter/4/0/0/0,35585:1747647679056:,1747647684748
counter/10/0/0/0,32356:1747647675163:,1747647684748
counter/3/0/0/0,33649:1747647678212:,1747647684748
counter/3/0/0/0,33650:1747647678212:,1747647684748
counter/3/0/0/0,33651:1747647678212:,1747647684748
counter/3/0/0/0,33652:1747647678212:,1747647684748
counter/10/0/0/0,32357:1747647675163:,1747647684748
counter/10/0/0/0,32358:1747647675163:,1747647684748
counter/3/0/0/0,33653:1747647678212:,1747647684748
counter/10/0/0/0,32359:1747647675163:,1747647684748
counter/10/0/0/0,32360:1747647675163:,1747647684748
counter/10/0/0/0,32361:1747647675163:,1747647684748
counter/4/0/0/0,35586:1747647679056:,1747647684748
counter/3/0/0/0,33654:1747647678212:,1747647684748
counter/3/0/0/0,33655:1747647678212:,1747647684748
counter/4/0/0/0,35587:1747647679056:,1747647684748
counter/10/0/0/0,32362:1747647675163:,1747647684748
counter/3/0/0/0,33656:1747647678212:,1747647684748
counter/3/0/0/0,33657:1747647678212:,1747647684748
counter/3/0/0/0,33658:1747647678212:,1747647684748
counter/3/0/0/0,33659:1747647678212:,1747647684748
counter/10/0/0/0,32363:1747647675163:,1747647684748
counter/3/0/0/0,33660:1747647678212:,1747647684748
counter/3/0/0/0,33661:1747647678212:,1747647684748
counter/3/0/0/0,33662:1747647678212:,1747647684748
counter/10/0/0/0,32364:1747647675163:,1747647684748
counter/3/0/0/0,33663:1747647678212:,1747647684748
counter/4/0/0/0,35588:1747647679056:,1747647684748
counter/4/0/0/0,35589:1747647679056:,1747647684749
counter/10/0/0/0,32365:1747647675165:,1747647684749
counter/3/0/0/0,33664:1747647678212:,1747647684749
counter/3/0/0/0,33665:1747647678212:,1747647684749
counter/3/0/0/0,33666:1747647678212:,1747647684749
counter/3/0/0/0,33667:1747647678212:,1747647684749
counter/3/0/0/0,33668:1747647678212:,1747647684749
counter/3/0/0/0,33669:1747647678212:,1747647684749
counter/3/0/0/0,33670:1747647678212:,1747647684749
counter/3/0/0/0,33671:1747647678223:,1747647684749
counter/3/0/0/0,33672:1747647678223:,1747647684749
counter/10/0/0/0,32366:1747647675168:,1747647684749
counter/3/0/0/0,33673:1747647678223:,1747647684749
counter/10/0/0/0,32367:1747647675168:,1747647684749
counter/10/0/0/0,32368:1747647675169:,1747647684749
counter/10/0/0/0,32369:1747647675169:,1747647684749
counter/10/0/0/0,32370:1747647675169:,1747647684749
counter/10/0/0/0,32371:1747647675169:,1747647684749
counter/10/0/0/0,32372:1747647675169:,1747647684749
counter/10/0/0/0,32373:1747647675169:,1747647684749
counter/3/0/0/0,33674:1747647678223:,1747647684749
counter/10/0/0/0,32374:1747647675177:,1747647684749
counter/4/0/0/0,35590:1747647679057:,1747647684749
counter/4/0/0/0,35591:1747647679057:,1747647684749
counter/3/0/0/0,33675:1747647678223:,1747647684749
counter/10/0/0/0,32375:1747647675177:,1747647684749
counter/10/0/0/0,32376:1747647675177:,1747647684749
counter/10/0/0/0,32377:1747647675177:,1747647684749
counter/3/0/0/0,33676:1747647678223:,1747647684749
counter/3/0/0/0,33677:1747647678223:,1747647684749
counter/3/0/0/0,33678:1747647678225:,1747647684749
counter/3/0/0/0,33679:1747647678231:,1747647684749
counter/3/0/0/0,33680:1747647678231:,1747647684749
counter/4/0/0/0,35592:1747647679057:,1747647684749
counter/3/0/0/0,33681:1747647678231:,1747647684749
counter/10/0/0/0,32378:1747647675177:,1747647684750
counter/3/0/0/0,33682:1747647678231:,1747647684750
counter/3/0/0/0,33683:1747647678231:,1747647684750
counter/10/0/0/0,32379:1747647675177:,1747647684750
counter/3/0/0/0,33684:1747647678231:,1747647684750
counter/4/0/0/0,35593:1747647679057:,1747647684750
counter/3/0/0/0,33685:1747647678231:,1747647684750
counter/3/0/0/0,33686:1747647678231:,1747647684750
counter/3/0/0/0,33687:1747647678233:,1747647684750
counter/10/0/0/0,32380:1747647675177:,1747647684750
counter/3/0/0/0,33688:1747647678242:,1747647684750
counter/4/0/0/0,35594:1747647679057:,1747647684750
counter/10/0/0/0,32381:1747647675177:,1747647684750
counter/4/0/0/0,35595:1747647679057:,1747647684750
counter/3/0/0/0,33689:1747647678242:,1747647684750
counter/10/0/0/0,32382:1747647675177:,1747647684750
counter/4/0/0/0,35596:1747647679071:,1747647684750
counter/3/0/0/0,33690:1747647678242:,1747647684750
counter/10/0/0/0,32383:1747647675177:,1747647684750
counter/4/0/0/0,35597:1747647679071:,1747647684750
counter/3/0/0/0,33691:1747647678242:,1747647684750
counter/10/0/0/0,32384:1747647675193:,1747647684750
counter/4/0/0/0,35598:1747647679071:,1747647684750
counter/3/0/0/0,33692:1747647678243:,1747647684750
counter/10/0/0/0,32385:1747647675193:,1747647684750
counter/4/0/0/0,35599:1747647679071:,1747647684750
counter/3/0/0/0,33693:1747647678243:,1747647684750
counter/10/0/0/0,32386:1747647675193:,1747647684750
counter/4/0/0/0,35600:1747647679071:,1747647684750
counter/3/0/0/0,33694:1747647678243:,1747647684750
counter/10/0/0/0,32387:1747647675193:,1747647684750
counter/4/0/0/0,35601:1747647679071:,1747647684750
counter/3/0/0/0,33695:1747647678243:,1747647684750
counter/10/0/0/0,32388:1747647675193:,1747647684750
counter/4/0/0/0,35602:1747647679071:,1747647684750
counter/3/0/0/0,33696:1747647678243:,1747647684750
counter/10/0/0/0,32389:1747647675193:,1747647684750
counter/4/0/0/0,35603:1747647679071:,1747647684750
counter/3/0/0/0,33697:1747647678243:,1747647684751
counter/10/0/0/0,32390:1747647675193:,1747647684751
counter/4/0/0/0,35604:1747647679071:,1747647684751
counter/3/0/0/0,33698:1747647678243:,1747647684751
counter/10/0/0/0,32391:1747647675193:,1747647684751
counter/4/0/0/0,35605:1747647679071:,1747647684751
counter/3/0/0/0,33699:1747647678243:,1747647684751
counter/10/0/0/0,32392:1747647675193:,1747647684751
counter/4/0/0/0,35606:1747647679071:,1747647684751
counter/3/0/0/0,33700:1747647678245:,1747647684751
counter/10/0/0/0,32393:1747647675193:,1747647684751
counter/4/0/0/0,35607:1747647679071:,1747647684751
counter/3/0/0/0,33701:1747647678245:,1747647684751
counter/10/0/0/0,32394:1747647675193:,1747647684751
counter/4/0/0/0,35608:1747647679071:,1747647684751
counter/3/0/0/0,33702:1747647678245:,1747647684751
counter/10/0/0/0,32395:1747647675200:,1747647684751
counter/4/0/0/0,35609:1747647679071:,1747647684751
counter/3/0/0/0,33703:1747647678246:,1747647684751
counter/10/0/0/0,32396:1747647675207:,1747647684751
counter/4/0/0/0,35610:1747647679071:,1747647684751
counter/3/0/0/0,33704:1747647678255:,1747647684751
counter/10/0/0/0,32397:1747647675207:,1747647684751
counter/4/0/0/0,35611:1747647679071:,1747647684751
counter/3/0/0/0,33705:1747647678291:,1747647684751
counter/10/0/0/0,32398:1747647675214:,1747647684751
counter/4/0/0/0,35612:1747647679071:,1747647684751
counter/3/0/0/0,33706:1747647678291:,1747647684751
counter/10/0/0/0,32399:1747647675214:,1747647684751
counter/4/0/0/0,35613:1747647679071:,1747647684751
counter/3/0/0/0,33707:1747647678291:,1747647684751
counter/10/0/0/0,32400:1747647675219:,1747647684751
counter/4/0/0/0,35614:1747647679071:,1747647684751
counter/3/0/0/0,33708:1747647678298:,1747647684751
counter/10/0/0/0,32401:1747647675219:,1747647684751
counter/4/0/0/0,35615:1747647679071:,1747647684751
counter/3/0/0/0,33709:1747647678298:,1747647684752
counter/10/0/0/0,32402:1747647675219:,1747647684752
counter/4/0/0/0,35616:1747647679071:,1747647684752
counter/3/0/0/0,33710:1747647678298:,1747647684752
counter/10/0/0/0,32403:1747647675219:,1747647684752
counter/4/0/0/0,35617:1747647679071:,1747647684752
counter/3/0/0/0,33711:1747647678298:,1747647684752
counter/10/0/0/0,32404:1747647675219:,1747647684752
counter/4/0/0/0,35618:1747647679071:,1747647684752
counter/3/0/0/0,33712:1747647678298:,1747647684752
counter/10/0/0/0,32405:1747647675219:,1747647684752
counter/4/0/0/0,35619:1747647679072:,1747647684752
counter/3/0/0/0,33713:1747647678298:,1747647684752
counter/10/0/0/0,32406:1747647675219:,1747647684752
counter/10/0/0/0,32407:1747647675219:,1747647684752
counter/4/0/0/0,35620:1747647679072:,1747647684752
counter/10/0/0/0,32408:1747647675219:,1747647684752
counter/3/0/0/0,33714:1747647678298:,1747647684752
counter/4/0/0/0,35621:1747647679072:,1747647684752
counter/10/0/0/0,32409:1747647675219:,1747647684752
counter/3/0/0/0,33715:1747647678298:,1747647684752
counter/4/0/0/0,35622:1747647679072:,1747647684752
counter/10/0/0/0,32410:1747647675219:,1747647684752
counter/3/0/0/0,33716:1747647678299:,1747647684752
counter/4/0/0/0,35623:1747647679072:,1747647684752
counter/10/0/0/0,32411:1747647675219:,1747647684752
counter/3/0/0/0,33717:1747647678299:,1747647684752
counter/4/0/0/0,35624:1747647679072:,1747647684752
counter/10/0/0/0,32412:1747647675219:,1747647684752
counter/3/0/0/0,33718:1747647678308:,1747647684752
counter/4/0/0/0,35625:1747647679072:,1747647684752
counter/10/0/0/0,32413:1747647675219:,1747647684752
counter/3/0/0/0,33719:1747647678308:,1747647684752
counter/4/0/0/0,35626:1747647679072:,1747647684752
counter/10/0/0/0,32414:1747647675219:,1747647684752
counter/3/0/0/0,33720:1747647678308:,1747647684752
counter/4/0/0/0,35627:1747647679072:,1747647684752
counter/10/0/0/0,32415:1747647675219:,1747647684752
counter/3/0/0/0,33721:1747647678308:,1747647684753
counter/4/0/0/0,35628:1747647679072:,1747647684753
counter/10/0/0/0,32416:1747647675219:,1747647684753
counter/3/0/0/0,33722:1747647678309:,1747647684753
counter/4/0/0/0,35629:1747647679072:,1747647684753
counter/10/0/0/0,32417:1747647675222:,1747647684753
counter/3/0/0/0,33723:1747647678309:,1747647684753
counter/4/0/0/0,35630:1747647679072:,1747647684753
counter/10/0/0/0,32418:1747647675224:,1747647684753
counter/3/0/0/0,33724:1747647678309:,1747647684753
counter/4/0/0/0,35631:1747647679072:,1747647684753
counter/10/0/0/0,32419:1747647675224:,1747647684753
counter/3/0/0/0,33725:1747647678309:,1747647684753
counter/4/0/0/0,35632:1747647679072:,1747647684753
counter/10/0/0/0,32420:1747647675224:,1747647684753
counter/3/0/0/0,33726:1747647678309:,1747647684753
counter/4/0/0/0,35633:1747647679072:,1747647684753
counter/10/0/0/0,32421:1747647675224:,1747647684753
counter/3/0/0/0,33727:1747647678309:,1747647684753
counter/4/0/0/0,35634:1747647679072:,1747647684753
counter/10/0/0/0,32422:1747647675226:,1747647684753
counter/3/0/0/0,33728:1747647678309:,1747647684753
counter/4/0/0/0,35635:1747647679072:,1747647684753
counter/10/0/0/0,32423:1747647675226:,1747647684753
counter/3/0/0/0,33729:1747647678309:,1747647684753
counter/4/0/0/0,35636:1747647679072:,1747647684753
counter/10/0/0/0,32424:1747647675226:,1747647684753
counter/3/0/0/0,33730:1747647678309:,1747647684753
counter/4/0/0/0,35637:1747647679072:,1747647684753
counter/10/0/0/0,32425:1747647675226:,1747647684753
counter/3/0/0/0,33731:1747647678309:,1747647684753
counter/4/0/0/0,35638:1747647679072:,1747647684753
counter/10/0/0/0,32426:1747647675226:,1747647684753
counter/3/0/0/0,33732:1747647678309:,1747647684753
counter/4/0/0/0,35639:1747647679072:,1747647684753
counter/10/0/0/0,32427:1747647675227:,1747647684753
counter/3/0/0/0,33733:1747647678309:,1747647684753
counter/4/0/0/0,35640:1747647679091:,1747647684753
counter/10/0/0/0,32428:1747647675227:,1747647684754
counter/3/0/0/0,33734:1747647678309:,1747647684754
counter/4/0/0/0,35641:1747647679091:,1747647684754
counter/10/0/0/0,32429:1747647675227:,1747647684754
counter/3/0/0/0,33735:1747647678309:,1747647684754
counter/4/0/0/0,35642:1747647679091:,1747647684754
counter/10/0/0/0,32430:1747647675227:,1747647684754
counter/3/0/0/0,33736:1747647678313:,1747647684754
counter/4/0/0/0,35643:1747647679091:,1747647684754
counter/10/0/0/0,32431:1747647675231:,1747647684754
counter/3/0/0/0,33737:1747647678314:,1747647684754
counter/4/0/0/0,35644:1747647679091:,1747647684754
counter/10/0/0/0,32432:1747647675231:,1747647684754
counter/3/0/0/0,33738:1747647678314:,1747647684754
counter/3/0/0/0,33739:1747647678314:,1747647684754
counter/3/0/0/0,33740:1747647678314:,1747647684754
counter/3/0/0/0,33741:1747647678314:,1747647684754
counter/3/0/0/0,33742:1747647678314:,1747647684754
counter/3/0/0/0,33743:1747647678314:,1747647684754
counter/3/0/0/0,33744:1747647678314:,1747647684754
counter/3/0/0/0,33745:1747647678314:,1747647684754
counter/3/0/0/0,33746:1747647678314:,1747647684754
counter/3/0/0/0,33747:1747647678314:,1747647684754
counter/3/0/0/0,33748:1747647678316:,1747647684754
counter/3/0/0/0,33749:1747647678316:,1747647684754
counter/3/0/0/0,33750:1747647678316:,1747647684754
counter/3/0/0/0,33751:1747647678316:,1747647684754
counter/3/0/0/0,33752:1747647678316:,1747647684754
counter/3/0/0/0,33753:1747647678316:,1747647684754
counter/3/0/0/0,33754:1747647678319:,1747647684754
counter/3/0/0/0,33755:1747647678319:,1747647684754
counter/3/0/0/0,33756:1747647678319:,1747647684754
counter/3/0/0/0,33757:1747647678319:,1747647684754
counter/3/0/0/0,33758:1747647678319:,1747647684754
counter/3/0/0/0,33759:1747647678319:,1747647684754
counter/3/0/0/0,33760:1747647678319:,1747647684755
counter/3/0/0/0,33761:1747647678319:,1747647684755
counter/3/0/0/0,33762:1747647678319:,1747647684755
counter/10/0/0/0,32433:1747647675231:,1747647684755
counter/3/0/0/0,33763:1747647678319:,1747647684755
counter/3/0/0/0,33764:1747647678319:,1747647684755
counter/3/0/0/0,33765:1747647678319:,1747647684755
counter/3/0/0/0,33766:1747647678319:,1747647684755
counter/10/0/0/0,32434:1747647675231:,1747647684755
counter/3/0/0/0,33767:1747647678319:,1747647684755
counter/3/0/0/0,33768:1747647678319:,1747647684755
counter/3/0/0/0,33769:1747647678319:,1747647684755
counter/3/0/0/0,33770:1747647678319:,1747647684755
counter/3/0/0/0,33771:1747647678319:,1747647684755
counter/10/0/0/0,32435:1747647675231:,1747647684755
counter/3/0/0/0,33772:1747647678319:,1747647684755
counter/3/0/0/0,33773:1747647678319:,1747647684755
counter/3/0/0/0,33774:1747647678319:,1747647684755
counter/3/0/0/0,33775:1747647678319:,1747647684755
counter/3/0/0/0,33776:1747647678319:,1747647684755
counter/10/0/0/0,32436:1747647675231:,1747647684755
counter/3/0/0/0,33777:1747647678319:,1747647684755
counter/3/0/0/0,33778:1747647678319:,1747647684755
counter/3/0/0/0,33779:1747647678319:,1747647684755
counter/3/0/0/0,33780:1747647678320:,1747647684755
counter/10/0/0/0,32437:1747647675234:,1747647684755
counter/3/0/0/0,33781:1747647678320:,1747647684755
counter/3/0/0/0,33782:1747647678320:,1747647684755
counter/3/0/0/0,33783:1747647678320:,1747647684755
counter/3/0/0/0,33784:1747647678320:,1747647684755
counter/3/0/0/0,33785:1747647678320:,1747647684755
counter/10/0/0/0,32438:1747647675234:,1747647684755
counter/3/0/0/0,33786:1747647678320:,1747647684755
counter/3/0/0/0,33787:1747647678320:,1747647684755
counter/3/0/0/0,33788:1747647678326:,1747647684755
counter/3/0/0/0,33789:1747647678327:,1747647684755
counter/3/0/0/0,33790:1747647678327:,1747647684755
counter/4/0/0/0,35645:1747647679091:,1747647684755
counter/3/0/0/0,33791:1747647678327:,1747647684755
counter/10/0/0/0,32439:1747647675234:,1747647684756
counter/3/0/0/0,33792:1747647678327:,1747647684756
counter/3/0/0/0,33793:1747647678327:,1747647684756
counter/3/0/0/0,33794:1747647678327:,1747647684756
counter/3/0/0/0,33795:1747647678333:,1747647684756
counter/3/0/0/0,33796:1747647678333:,1747647684756
counter/3/0/0/0,33797:1747647678333:,1747647684756
counter/3/0/0/0,33798:1747647678333:,1747647684756
counter/3/0/0/0,33799:1747647678333:,1747647684756
counter/3/0/0/0,33800:1747647678333:,1747647684756
counter/3/0/0/0,33801:1747647678335:,1747647684756
counter/3/0/0/0,33802:1747647678335:,1747647684756
counter/3/0/0/0,33803:1747647678335:,1747647684756
counter/3/0/0/0,33804:1747647678335:,1747647684756
counter/3/0/0/0,33805:1747647678335:,1747647684756
counter/3/0/0/0,33806:1747647678344:,1747647684756
counter/3/0/0/0,33807:1747647678344:,1747647684756
counter/3/0/0/0,33808:1747647678344:,1747647684756
counter/3/0/0/0,33809:1747647678344:,1747647684756
counter/3/0/0/0,33810:1747647678344:,1747647684756
counter/3/0/0/0,33811:1747647678344:,1747647684756
counter/3/0/0/0,33812:1747647678344:,1747647684756
counter/3/0/0/0,33813:1747647678344:,1747647684756
counter/3/0/0/0,33814:1747647678344:,1747647684756
counter/3/0/0/0,33815:1747647678344:,1747647684756
counter/10/0/0/0,32440:1747647675243:,1747647684756
counter/3/0/0/0,33816:1747647678344:,1747647684756
counter/10/0/0/0,32441:1747647675245:,1747647684756
counter/3/0/0/0,33817:1747647678345:,1747647684756
counter/10/0/0/0,32442:1747647675257:,1747647684756
counter/3/0/0/0,33818:1747647678345:,1747647684756
counter/10/0/0/0,32443:1747647675257:,1747647684756
counter/3/0/0/0,33819:1747647678345:,1747647684756
counter/10/0/0/0,32444:1747647675258:,1747647684756
counter/4/0/0/0,35646:1747647679091:,1747647684756
counter/3/0/0/0,33820:1747647678345:,1747647684756
counter/10/0/0/0,32445:1747647675258:,1747647684756
counter/3/0/0/0,33821:1747647678345:,1747647684756
counter/10/0/0/0,32446:1747647675266:,1747647684756
counter/3/0/0/0,33822:1747647678345:,1747647684757
counter/10/0/0/0,32447:1747647675266:,1747647684757
counter/4/0/0/0,35647:1747647679091:,1747647684757
counter/3/0/0/0,33823:1747647678345:,1747647684757
counter/10/0/0/0,32448:1747647675266:,1747647684757
counter/3/0/0/0,33824:1747647678345:,1747647684757
counter/10/0/0/0,32449:1747647675266:,1747647684757
counter/3/0/0/0,33825:1747647678345:,1747647684757
counter/10/0/0/0,32450:1747647675266:,1747647684757
counter/3/0/0/0,33826:1747647678345:,1747647684757
counter/10/0/0/0,32451:1747647675266:,1747647684757
counter/3/0/0/0,33827:1747647678345:,1747647684757
counter/10/0/0/0,32452:1747647675266:,1747647684757
counter/3/0/0/0,33828:1747647678345:,1747647684757
counter/10/0/0/0,32453:1747647675266:,1747647684757
counter/3/0/0/0,33829:1747647678345:,1747647684757
counter/10/0/0/0,32454:1747647675266:,1747647684757
counter/4/0/0/0,35648:1747647679091:,1747647684757
counter/3/0/0/0,33830:1747647678345:,1747647684757
counter/10/0/0/0,32455:1747647675266:,1747647684757
counter/3/0/0/0,33831:1747647678345:,1747647684757
counter/10/0/0/0,32456:1747647675266:,1747647684757
counter/4/0/0/0,35649:1747647679091:,1747647684757
counter/3/0/0/0,33832:1747647678345:,1747647684757
counter/10/0/0/0,32457:1747647675266:,1747647684757
counter/3/0/0/0,33833:1747647678345:,1747647684757
counter/10/0/0/0,32458:1747647675266:,1747647684757
counter/3/0/0/0,33834:1747647678345:,1747647684757
counter/10/0/0/0,32459:1747647675266:,1747647684757
counter/3/0/0/0,33835:1747647678345:,1747647684757
counter/10/0/0/0,32460:1747647675266:,1747647684757
counter/3/0/0/0,33836:1747647678345:,1747647684757
counter/10/0/0/0,32461:1747647675266:,1747647684758
counter/4/0/0/0,35650:1747647679091:,1747647684758
counter/3/0/0/0,33837:1747647678345:,1747647684758
counter/10/0/0/0,32462:1747647675266:,1747647684758
counter/4/0/0/0,35651:1747647679091:,1747647684758
counter/3/0/0/0,33838:1747647678345:,1747647684758
counter/10/0/0/0,32463:1747647675266:,1747647684758
counter/3/0/0/0,33839:1747647678345:,1747647684758
counter/10/0/0/0,32464:1747647675266:,1747647684758
counter/3/0/0/0,33840:1747647678345:,1747647684758
counter/10/0/0/0,32465:1747647675266:,1747647684758
counter/3/0/0/0,33841:1747647678345:,1747647684758
counter/10/0/0/0,32466:1747647675266:,1747647684758
counter/3/0/0/0,33842:1747647678345:,1747647684758
counter/10/0/0/0,32467:1747647675266:,1747647684758
counter/3/0/0/0,33843:1747647678345:,1747647684758
counter/10/0/0/0,32468:1747647675266:,1747647684758
counter/3/0/0/0,33844:1747647678345:,1747647684758
counter/10/0/0/0,32469:1747647675267:,1747647684758
counter/3/0/0/0,33845:1747647678345:,1747647684758
counter/10/0/0/0,32470:1747647675267:,1747647684758
counter/3/0/0/0,33846:1747647678345:,1747647684758
counter/10/0/0/0,32471:1747647675267:,1747647684758
counter/3/0/0/0,33847:1747647678345:,1747647684758
counter/10/0/0/0,32472:1747647675267:,1747647684758
counter/3/0/0/0,33848:1747647678345:,1747647684758
counter/3/0/0/0,33849:1747647678345:,1747647684758
counter/3/0/0/0,33850:1747647678346:,1747647684758
counter/3/0/0/0,33851:1747647678346:,1747647684758
counter/3/0/0/0,33852:1747647678346:,1747647684758
counter/3/0/0/0,33853:1747647678346:,1747647684758
counter/3/0/0/0,33854:1747647678346:,1747647684758
counter/3/0/0/0,33855:1747647678346:,1747647684758
counter/3/0/0/0,33856:1747647678346:,1747647684758
counter/3/0/0/0,33857:1747647678346:,1747647684759
counter/3/0/0/0,33858:1747647678346:,1747647684759
counter/3/0/0/0,33859:1747647678346:,1747647684759
counter/3/0/0/0,33860:1747647678346:,1747647684759
counter/3/0/0/0,33861:1747647678346:,1747647684759
counter/3/0/0/0,33862:1747647678347:,1747647684759
counter/3/0/0/0,33863:1747647678353:,1747647684759
counter/3/0/0/0,33864:1747647678353:,1747647684759
counter/3/0/0/0,33865:1747647678353:,1747647684759
counter/3/0/0/0,33866:1747647678353:,1747647684759
counter/3/0/0/0,33867:1747647678353:,1747647684759
counter/3/0/0/0,33868:1747647678353:,1747647684759
counter/3/0/0/0,33869:1747647678353:,1747647684759
counter/3/0/0/0,33870:1747647678353:,1747647684759
counter/4/0/0/0,35652:1747647679092:,1747647684759
counter/3/0/0/0,33871:1747647678353:,1747647684759
counter/10/0/0/0,32473:1747647675267:,1747647684759
counter/3/0/0/0,33872:1747647678353:,1747647684759
counter/3/0/0/0,33873:1747647678354:,1747647684759
counter/3/0/0/0,33874:1747647678354:,1747647684759
counter/10/0/0/0,32474:1747647675267:,1747647684759
counter/3/0/0/0,33875:1747647678354:,1747647684759
counter/3/0/0/0,33876:1747647678354:,1747647684759
counter/3/0/0/0,33877:1747647678358:,1747647684759
counter/3/0/0/0,33878:1747647678358:,1747647684759
counter/3/0/0/0,33879:1747647678358:,1747647684759
counter/3/0/0/0,33880:1747647678358:,1747647684759
counter/10/0/0/0,32475:1747647675267:,1747647684759
counter/3/0/0/0,33881:1747647678358:,1747647684759
counter/3/0/0/0,33882:1747647678358:,1747647684759
counter/10/0/0/0,32476:1747647675267:,1747647684759
counter/3/0/0/0,33883:1747647678358:,1747647684759
counter/3/0/0/0,33884:1747647678358:,1747647684759
counter/3/0/0/0,33885:1747647678358:,1747647684759
counter/3/0/0/0,33886:1747647678358:,1747647684759
counter/3/0/0/0,33887:1747647678358:,1747647684759
counter/3/0/0/0,33888:1747647678358:,1747647684759
counter/3/0/0/0,33889:1747647678358:,1747647684759
counter/10/0/0/0,32477:1747647675267:,1747647684760
counter/3/0/0/0,33890:1747647678359:,1747647684760
counter/4/0/0/0,35653:1747647679092:,1747647684760
counter/3/0/0/0,33891:1747647678359:,1747647684760
counter/3/0/0/0,33892:1747647678359:,1747647684760
counter/3/0/0/0,33893:1747647678359:,1747647684760
counter/10/0/0/0,32478:1747647675267:,1747647684760
counter/4/0/0/0,35654:1747647679092:,1747647684760
counter/3/0/0/0,33894:1747647678359:,1747647684760
counter/10/0/0/0,32479:1747647675267:,1747647684760
counter/4/0/0/0,35655:1747647679092:,1747647684760
counter/3/0/0/0,33895:1747647678359:,1747647684760
counter/10/0/0/0,32480:1747647675267:,1747647684760
counter/4/0/0/0,35656:1747647679092:,1747647684760
counter/3/0/0/0,33896:1747647678359:,1747647684760
counter/10/0/0/0,32481:1747647675267:,1747647684760
counter/4/0/0/0,35657:1747647679095:,1747647684760
counter/3/0/0/0,33897:1747647678359:,1747647684760
counter/10/0/0/0,32482:1747647675267:,1747647684760
counter/4/0/0/0,35658:1747647679095:,1747647684760
counter/3/0/0/0,33898:1747647678359:,1747647684760
counter/10/0/0/0,32483:1747647675267:,1747647684760
counter/4/0/0/0,35659:1747647679095:,1747647684760
counter/3/0/0/0,33899:1747647678359:,1747647684760
counter/10/0/0/0,32484:1747647675267:,1747647684760
counter/4/0/0/0,35660:1747647679095:,1747647684760
counter/3/0/0/0,33900:1747647678359:,1747647684760
counter/10/0/0/0,32485:1747647675267:,1747647684760
counter/4/0/0/0,35661:1747647679095:,1747647684760
counter/3/0/0/0,33901:1747647678359:,1747647684760
counter/10/0/0/0,32486:1747647675267:,1747647684760
counter/3/0/0/0,33902:1747647678359:,1747647684760
counter/4/0/0/0,35662:1747647679095:,1747647684760
counter/10/0/0/0,32487:1747647675267:,1747647684760
counter/3/0/0/0,33903:1747647678359:,1747647684760
counter/4/0/0/0,35663:1747647679095:,1747647684761
counter/10/0/0/0,32488:1747647675267:,1747647684761
counter/3/0/0/0,33904:1747647678359:,1747647684761
counter/4/0/0/0,35664:1747647679095:,1747647684761
counter/10/0/0/0,32489:1747647675267:,1747647684761
counter/3/0/0/0,33905:1747647678359:,1747647684761
counter/4/0/0/0,35665:1747647679095:,1747647684761
counter/10/0/0/0,32490:1747647675284:,1747647684761
counter/3/0/0/0,33906:1747647678359:,1747647684761
counter/3/0/0/0,33907:1747647678359:,1747647684761
counter/10/0/0/0,32491:1747647675285:,1747647684761
counter/4/0/0/0,35666:1747647679095:,1747647684761
counter/3/0/0/0,33908:1747647678359:,1747647684761
counter/10/0/0/0,32492:1747647675285:,1747647684761
counter/4/0/0/0,35667:1747647679095:,1747647684761
counter/3/0/0/0,33909:1747647678359:,1747647684761
counter/10/0/0/0,32493:1747647675285:,1747647684761
counter/4/0/0/0,35668:1747647679095:,1747647684761
counter/3/0/0/0,33910:1747647678359:,1747647684761
counter/10/0/0/0,32494:1747647675285:,1747647684761
counter/4/0/0/0,35669:1747647679095:,1747647684761
counter/10/0/0/0,32495:1747647675287:,1747647684761
counter/4/0/0/0,35670:1747647679095:,1747647684761
counter/3/0/0/0,33911:1747647678359:,1747647684761
counter/10/0/0/0,32496:1747647675287:,1747647684761
counter/4/0/0/0,35671:1747647679098:,1747647684761
counter/3/0/0/0,33912:1747647678359:,1747647684761
counter/10/0/0/0,32497:1747647675288:,1747647684761
counter/10/0/0/0,32498:1747647675288:,1747647684761
counter/3/0/0/0,33913:1747647678359:,1747647684761
counter/4/0/0/0,35672:1747647679098:,1747647684761
counter/10/0/0/0,32499:1747647675288:,1747647684761
counter/3/0/0/0,33914:1747647678359:,1747647684761
counter/4/0/0/0,35673:1747647679098:,1747647684761
counter/10/0/0/0,32500:1747647675288:,1747647684761
counter/3/0/0/0,33915:1747647678359:,1747647684761
counter/4/0/0/0,35674:1747647679098:,1747647684762
counter/10/0/0/0,32501:1747647675288:,1747647684762
counter/3/0/0/0,33916:1747647678359:,1747647684762
counter/4/0/0/0,35675:1747647679098:,1747647684762
counter/10/0/0/0,32502:1747647675288:,1747647684762
counter/3/0/0/0,33917:1747647678359:,1747647684762
counter/4/0/0/0,35676:1747647679098:,1747647684762
counter/10/0/0/0,32503:1747647675288:,1747647684762
counter/3/0/0/0,33918:1747647678359:,1747647684762
counter/4/0/0/0,35677:1747647679098:,1747647684762
counter/10/0/0/0,32504:1747647675288:,1747647684762
counter/3/0/0/0,33919:1747647678362:,1747647684762
counter/4/0/0/0,35678:1747647679098:,1747647684762
counter/10/0/0/0,32505:1747647675288:,1747647684762
counter/3/0/0/0,33920:1747647678362:,1747647684762
counter/4/0/0/0,35679:1747647679098:,1747647684762
counter/10/0/0/0,32506:1747647675288:,1747647684762
counter/3/0/0/0,33921:1747647678362:,1747647684762
counter/4/0/0/0,35680:1747647679098:,1747647684762
counter/10/0/0/0,32507:1747647675291:,1747647684762
counter/3/0/0/0,33922:1747647678363:,1747647684762
counter/4/0/0/0,35681:1747647679098:,1747647684762
counter/10/0/0/0,32508:1747647675292:,1747647684762
counter/3/0/0/0,33923:1747647678363:,1747647684762
counter/4/0/0/0,35682:1747647679098:,1747647684762
counter/10/0/0/0,32509:1747647675292:,1747647684762
counter/3/0/0/0,33924:1747647678363:,1747647684762
counter/4/0/0/0,35683:1747647679099:,1747647684762
counter/10/0/0/0,32510:1747647675292:,1747647684762
counter/3/0/0/0,33925:1747647678363:,1747647684762
counter/4/0/0/0,35684:1747647679104:,1747647684762
counter/10/0/0/0,32511:1747647675292:,1747647684762
counter/3/0/0/0,33926:1747647678363:,1747647684762
counter/4/0/0/0,35685:1747647679104:,1747647684762
counter/10/0/0/0,32512:1747647675292:,1747647684763
counter/3/0/0/0,33927:1747647678363:,1747647684763
counter/4/0/0/0,35686:1747647679104:,1747647684763
counter/10/0/0/0,32513:1747647675292:,1747647684763
counter/3/0/0/0,33928:1747647678363:,1747647684763
counter/4/0/0/0,35687:1747647679104:,1747647684763
counter/10/0/0/0,32514:1747647675292:,1747647684763
counter/3/0/0/0,33929:1747647678363:,1747647684763
counter/4/0/0/0,35688:1747647679104:,1747647684763
counter/10/0/0/0,32515:1747647675292:,1747647684763
counter/3/0/0/0,33930:1747647678366:,1747647684763
counter/4/0/0/0,35689:1747647679104:,1747647684763
counter/10/0/0/0,32516:1747647675292:,1747647684763
counter/3/0/0/0,33931:1747647678379:,1747647684763
counter/4/0/0/0,35690:1747647679104:,1747647684763
counter/10/0/0/0,32517:1747647675292:,1747647684763
counter/3/0/0/0,33932:1747647678379:,1747647684763
counter/4/0/0/0,35691:1747647679104:,1747647684763
counter/10/0/0/0,32518:1747647675292:,1747647684763
counter/10/0/0/0,32519:1747647675293:,1747647684763
counter/10/0/0/0,32520:1747647675293:,1747647684763
counter/10/0/0/0,32521:1747647675293:,1747647684763
counter/10/0/0/0,32522:1747647675299:,1747647684763
counter/10/0/0/0,32523:1747647675299:,1747647684763
counter/10/0/0/0,32524:1747647675299:,1747647684763
counter/10/0/0/0,32525:1747647675299:,1747647684763
counter/10/0/0/0,32526:1747647675299:,1747647684763
counter/10/0/0/0,32527:1747647675299:,1747647684763
counter/3/0/0/0,33933:1747647678379:,1747647684763
counter/10/0/0/0,32528:1747647675299:,1747647684763
counter/10/0/0/0,32529:1747647675306:,1747647684763
counter/10/0/0/0,32530:1747647675306:,1747647684763
counter/10/0/0/0,32531:1747647675307:,1747647684763
counter/10/0/0/0,32532:1747647675307:,1747647684763
counter/10/0/0/0,32533:1747647675310:,1747647684763
counter/10/0/0/0,32534:1747647675316:,1747647684763
counter/10/0/0/0,32535:1747647675316:,1747647684763
counter/10/0/0/0,32536:1747647675316:,1747647684763
counter/10/0/0/0,32537:1747647675316:,1747647684763
counter/10/0/0/0,32538:1747647675316:,1747647684764
counter/10/0/0/0,32539:1747647675316:,1747647684764
counter/4/0/0/0,35692:1747647679105:,1747647684764
counter/3/0/0/0,33934:1747647678379:,1747647684764
counter/10/0/0/0,32540:1747647675316:,1747647684764
counter/4/0/0/0,35693:1747647679105:,1747647684764
counter/3/0/0/0,33935:1747647678379:,1747647684764
counter/10/0/0/0,32541:1747647675316:,1747647684764
counter/4/0/0/0,35694:1747647679105:,1747647684764
counter/3/0/0/0,33936:1747647678379:,1747647684764
counter/10/0/0/0,32542:1747647675316:,1747647684764
counter/10/0/0/0,32543:1747647675316:,1747647684764
counter/10/0/0/0,32544:1747647675316:,1747647684764
counter/10/0/0/0,32545:1747647675319:,1747647684764
counter/10/0/0/0,32546:1747647675319:,1747647684764
counter/10/0/0/0,32547:1747647675319:,1747647684764
counter/4/0/0/0,35695:1747647679105:,1747647684764
counter/10/0/0/0,32548:1747647675320:,1747647684764
counter/10/0/0/0,32549:1747647675320:,1747647684764
counter/10/0/0/0,32550:1747647675330:,1747647684764
counter/4/0/0/0,35696:1747647679105:,1747647684764
counter/10/0/0/0,32551:1747647675330:,1747647684764
counter/3/0/0/0,33937:1747647678379:,1747647684764
counter/10/0/0/0,32552:1747647675330:,1747647684764
counter/10/0/0/0,32553:1747647675330:,1747647684764
counter/10/0/0/0,32554:1747647675330:,1747647684764
counter/10/0/0/0,32555:1747647675330:,1747647684764
counter/3/0/0/0,33938:1747647678379:,1747647684764
counter/10/0/0/0,32556:1747647675330:,1747647684764
counter/4/0/0/0,35697:1747647679105:,1747647684764
counter/10/0/0/0,32557:1747647675330:,1747647684764
counter/3/0/0/0,33939:1747647678379:,1747647684764
counter/4/0/0/0,35698:1747647679105:,1747647684764
counter/10/0/0/0,32558:1747647675330:,1747647684764
counter/3/0/0/0,33940:1747647678379:,1747647684764
counter/4/0/0/0,35699:1747647679105:,1747647684764
counter/10/0/0/0,32559:1747647675335:,1747647684764
counter/3/0/0/0,33941:1747647678379:,1747647684764
counter/4/0/0/0,35700:1747647679105:,1747647684765
counter/10/0/0/0,32560:1747647675335:,1747647684765
counter/3/0/0/0,33942:1747647678379:,1747647684765
counter/4/0/0/0,35701:1747647679105:,1747647684765
counter/10/0/0/0,32561:1747647675335:,1747647684765
counter/3/0/0/0,33943:1747647678379:,1747647684765
counter/4/0/0/0,35702:1747647679105:,1747647684765
counter/10/0/0/0,32562:1747647675335:,1747647684765
counter/10/0/0/0,32563:1747647675335:,1747647684765
counter/4/0/0/0,35703:1747647679105:,1747647684765
counter/3/0/0/0,33944:1747647678379:,1747647684765
counter/10/0/0/0,32564:1747647675338:,1747647684765
counter/4/0/0/0,35704:1747647679105:,1747647684765
counter/4/0/0/0,35705:1747647679105:,1747647684765
counter/3/0/0/0,33945:1747647678379:,1747647684765
counter/10/0/0/0,32565:1747647675338:,1747647684765
counter/4/0/0/0,35706:1747647679105:,1747647684765
counter/10/0/0/0,32566:1747647675338:,1747647684765
counter/4/0/0/0,35707:1747647679105:,1747647684765
counter/10/0/0/0,32567:1747647675338:,1747647684765
counter/4/0/0/0,35708:1747647679105:,1747647684765
counter/10/0/0/0,32568:1747647675338:,1747647684765
counter/4/0/0/0,35709:1747647679105:,1747647684765
counter/10/0/0/0,32569:1747647675338:,1747647684765
counter/4/0/0/0,35710:1747647679112:,1747647684765
counter/10/0/0/0,32570:1747647675338:,1747647684765
counter/4/0/0/0,35711:1747647679112:,1747647684765
counter/10/0/0/0,32571:1747647675338:,1747647684765
counter/4/0/0/0,35712:1747647679112:,1747647684765
counter/10/0/0/0,32572:1747647675340:,1747647684765
counter/4/0/0/0,35713:1747647679113:,1747647684765
counter/10/0/0/0,32573:1747647675340:,1747647684765
counter/4/0/0/0,35714:1747647679113:,1747647684765
counter/10/0/0/0,32574:1747647675340:,1747647684765
counter/10/0/0/0,32575:1747647675348:,1747647684765
counter/10/0/0/0,32576:1747647675348:,1747647684766
counter/4/0/0/0,35715:1747647679113:,1747647684766
counter/10/0/0/0,32577:1747647675348:,1747647684766
counter/10/0/0/0,32578:1747647675348:,1747647684766
counter/10/0/0/0,32579:1747647675348:,1747647684766
counter/10/0/0/0,32580:1747647675348:,1747647684766
counter/10/0/0/0,32581:1747647675348:,1747647684766
counter/10/0/0/0,32582:1747647675348:,1747647684766
counter/4/0/0/0,35716:1747647679113:,1747647684766
counter/10/0/0/0,32583:1747647675348:,1747647684766
counter/10/0/0/0,32584:1747647675353:,1747647684766
counter/10/0/0/0,32585:1747647675353:,1747647684766
counter/10/0/0/0,32586:1747647675353:,1747647684766
counter/10/0/0/0,32587:1747647675353:,1747647684766
counter/10/0/0/0,32588:1747647675353:,1747647684766
counter/10/0/0/0,32589:1747647675353:,1747647684766
counter/10/0/0/0,32590:1747647675354:,1747647684766
counter/10/0/0/0,32591:1747647675354:,1747647684766
counter/10/0/0/0,32592:1747647675354:,1747647684766
counter/10/0/0/0,32593:1747647675354:,1747647684766
counter/10/0/0/0,32594:1747647675354:,1747647684766
counter/4/0/0/0,35717:1747647679113:,1747647684766
counter/10/0/0/0,32595:1747647675354:,1747647684766
counter/10/0/0/0,32596:1747647675354:,1747647684766
counter/10/0/0/0,32597:1747647675354:,1747647684766
counter/10/0/0/0,32598:1747647675354:,1747647684766
counter/10/0/0/0,32599:1747647675354:,1747647684766
counter/4/0/0/0,35718:1747647679113:,1747647684766
counter/10/0/0/0,32600:1747647675354:,1747647684766
counter/3/0/0/0,33946:1747647678379:,1747647684766
counter/10/0/0/0,32601:1747647675354:,1747647684766
counter/3/0/0/0,33947:1747647678379:,1747647684766
counter/10/0/0/0,32602:1747647675374:,1747647684766
counter/10/0/0/0,32603:1747647675374:,1747647684766
counter/10/0/0/0,32604:1747647675374:,1747647684766
counter/10/0/0/0,32605:1747647675374:,1747647684766
counter/3/0/0/0,33948:1747647678379:,1747647684766
counter/4/0/0/0,35719:1747647679113:,1747647684767
counter/10/0/0/0,32606:1747647675374:,1747647684767
counter/3/0/0/0,33949:1747647678379:,1747647684767
counter/4/0/0/0,35720:1747647679113:,1747647684767
counter/10/0/0/0,32607:1747647675374:,1747647684767
counter/10/0/0/0,32608:1747647675389:,1747647684767
counter/10/0/0/0,32609:1747647675389:,1747647684767
counter/10/0/0/0,32610:1747647675389:,1747647684767
counter/3/0/0/0,33950:1747647678379:,1747647684767
counter/4/0/0/0,35721:1747647679113:,1747647684767
counter/10/0/0/0,32611:1747647675389:,1747647684767
counter/3/0/0/0,33951:1747647678379:,1747647684767
counter/4/0/0/0,35722:1747647679113:,1747647684767
counter/10/0/0/0,32612:1747647675389:,1747647684767
counter/3/0/0/0,33952:1747647678380:,1747647684767
counter/4/0/0/0,35723:1747647679113:,1747647684767
counter/10/0/0/0,32613:1747647675389:,1747647684767
counter/3/0/0/0,33953:1747647678380:,1747647684767
counter/4/0/0/0,35724:1747647679113:,1747647684767
counter/10/0/0/0,32614:1747647675389:,1747647684767
counter/3/0/0/0,33954:1747647678402:,1747647684767
counter/4/0/0/0,35725:1747647679113:,1747647684767
counter/10/0/0/0,32615:1747647675389:,1747647684767
counter/3/0/0/0,33955:1747647678402:,1747647684767
counter/4/0/0/0,35726:1747647679113:,1747647684767
counter/10/0/0/0,32616:1747647675389:,1747647684767
counter/3/0/0/0,33956:1747647678402:,1747647684767
counter/4/0/0/0,35727:1747647679113:,1747647684767
counter/4/0/0/0,35728:1747647679113:,1747647684767
counter/4/0/0/0,35729:1747647679114:,1747647684767
counter/4/0/0/0,35730:1747647679114:,1747647684767
counter/3/0/0/0,33957:1747647678402:,1747647684767
counter/10/0/0/0,32617:1747647675389:,1747647684767
counter/4/0/0/0,35731:1747647679114:,1747647684767
counter/3/0/0/0,33958:1747647678403:,1747647684767
counter/10/0/0/0,32618:1747647675389:,1747647684767
counter/4/0/0/0,35732:1747647679114:,1747647684768
counter/3/0/0/0,33959:1747647678403:,1747647684768
counter/10/0/0/0,32619:1747647675389:,1747647684768
counter/4/0/0/0,35733:1747647679114:,1747647684768
counter/3/0/0/0,33960:1747647678403:,1747647684768
counter/10/0/0/0,32620:1747647675389:,1747647684768
counter/4/0/0/0,35734:1747647679114:,1747647684768
counter/3/0/0/0,33961:1747647678403:,1747647684768
counter/10/0/0/0,32621:1747647675389:,1747647684768
counter/4/0/0/0,35735:1747647679114:,1747647684768
counter/3/0/0/0,33962:1747647678407:,1747647684768
counter/10/0/0/0,32622:1747647675390:,1747647684768
counter/3/0/0/0,33963:1747647678407:,1747647684768
counter/4/0/0/0,35736:1747647679143:,1747647684768
counter/10/0/0/0,32623:1747647675392:,1747647684768
counter/3/0/0/0,33964:1747647678407:,1747647684768
counter/4/0/0/0,35737:1747647679143:,1747647684768
counter/10/0/0/0,32624:1747647675392:,1747647684768
counter/3/0/0/0,33965:1747647678407:,1747647684768
counter/4/0/0/0,35738:1747647679143:,1747647684768
counter/10/0/0/0,32625:1747647675392:,1747647684768
counter/3/0/0/0,33966:1747647678407:,1747647684768
counter/4/0/0/0,35739:1747647679143:,1747647684768
counter/10/0/0/0,32626:1747647675392:,1747647684768
counter/3/0/0/0,33967:1747647678407:,1747647684768
counter/4/0/0/0,35740:1747647679143:,1747647684768
counter/10/0/0/0,32627:1747647675392:,1747647684768
counter/3/0/0/0,33968:1747647678407:,1747647684768
counter/4/0/0/0,35741:1747647679143:,1747647684768
counter/10/0/0/0,32628:1747647675392:,1747647684768
counter/3/0/0/0,33969:1747647678407:,1747647684768
counter/10/0/0/0,32629:1747647675392:,1747647684768
counter/3/0/0/0,33970:1747647678408:,1747647684768
counter/4/0/0/0,35742:1747647679148:,1747647684768
counter/10/0/0/0,32630:1747647675392:,1747647684769
counter/3/0/0/0,33971:1747647678408:,1747647684769
counter/4/0/0/0,35743:1747647679151:,1747647684769
counter/10/0/0/0,32631:1747647675392:,1747647684769
counter/3/0/0/0,33972:1747647678408:,1747647684769
counter/4/0/0/0,35744:1747647679152:,1747647684769
counter/10/0/0/0,32632:1747647675392:,1747647684769
counter/3/0/0/0,33973:1747647678408:,1747647684769
counter/4/0/0/0,35745:1747647679152:,1747647684769
counter/10/0/0/0,32633:1747647675392:,1747647684769
counter/3/0/0/0,33974:1747647678408:,1747647684769
counter/4/0/0/0,35746:1747647679152:,1747647684769
counter/10/0/0/0,32634:1747647675393:,1747647684769
counter/3/0/0/0,33975:1747647678409:,1747647684769
counter/4/0/0/0,35747:1747647679152:,1747647684769
counter/10/0/0/0,32635:1747647675393:,1747647684769
counter/3/0/0/0,33976:1747647678409:,1747647684769
counter/4/0/0/0,35748:1747647679152:,1747647684769
counter/10/0/0/0,32636:1747647675393:,1747647684769
counter/3/0/0/0,33977:1747647678409:,1747647684769
counter/4/0/0/0,35749:1747647679165:,1747647684769
counter/4/0/0/0,35750:1747647679165:,1747647684769
counter/10/0/0/0,32637:1747647675393:,1747647684769
counter/3/0/0/0,33978:1747647678409:,1747647684769
counter/10/0/0/0,32638:1747647675393:,1747647684769
counter/4/0/0/0,35751:1747647679165:,1747647684769
counter/3/0/0/0,33979:1747647678412:,1747647684769
counter/3/0/0/0,33980:1747647678412:,1747647684769
counter/10/0/0/0,32639:1747647675393:,1747647684769
counter/3/0/0/0,33981:1747647678412:,1747647684769
counter/10/0/0/0,32640:1747647675393:,1747647684769
counter/3/0/0/0,33982:1747647678412:,1747647684769
counter/4/0/0/0,35752:1747647679165:,1747647684769
counter/3/0/0/0,33983:1747647678412:,1747647684769
counter/3/0/0/0,33984:1747647678412:,1747647684769
counter/3/0/0/0,33985:1747647678412:,1747647684769
counter/3/0/0/0,33986:1747647678412:,1747647684769
counter/3/0/0/0,33987:1747647678412:,1747647684770
counter/3/0/0/0,33988:1747647678412:,1747647684770
counter/3/0/0/0,33989:1747647678412:,1747647684770
counter/3/0/0/0,33990:1747647678412:,1747647684770
counter/3/0/0/0,33991:1747647678412:,1747647684770
counter/3/0/0/0,33992:1747647678412:,1747647684770
counter/3/0/0/0,33993:1747647678412:,1747647684770
counter/3/0/0/0,33994:1747647678415:,1747647684770
counter/3/0/0/0,33995:1747647678415:,1747647684770
counter/3/0/0/0,33996:1747647678415:,1747647684770
counter/4/0/0/0,35753:1747647679165:,1747647684770
counter/10/0/0/0,32641:1747647675393:,1747647684770
counter/3/0/0/0,33997:1747647678415:,1747647684770
counter/4/0/0/0,35754:1747647679165:,1747647684770
counter/10/0/0/0,32642:1747647675393:,1747647684770
counter/3/0/0/0,33998:1747647678415:,1747647684770
counter/4/0/0/0,35755:1747647679165:,1747647684770
counter/10/0/0/0,32643:1747647675393:,1747647684770
counter/3/0/0/0,33999:1747647678415:,1747647684770
counter/4/0/0/0,35756:1747647679165:,1747647684770
counter/10/0/0/0,32644:1747647675394:,1747647684770
counter/3/0/0/0,34000:1747647678415:,1747647684770
counter/4/0/0/0,35757:1747647679165:,1747647684770
counter/10/0/0/0,32645:1747647675394:,1747647684770
counter/3/0/0/0,34001:1747647678415:,1747647684770
counter/4/0/0/0,35758:1747647679165:,1747647684770
counter/10/0/0/0,32646:1747647675394:,1747647684770
counter/3/0/0/0,34002:1747647678415:,1747647684770
counter/4/0/0/0,35759:1747647679165:,1747647684770
counter/10/0/0/0,32647:1747647675397:,1747647684770
counter/3/0/0/0,34003:1747647678415:,1747647684770
counter/4/0/0/0,35760:1747647679165:,1747647684770
counter/10/0/0/0,32648:1747647675397:,1747647684770
counter/3/0/0/0,34004:1747647678415:,1747647684770
counter/4/0/0/0,35761:1747647679165:,1747647684770
counter/10/0/0/0,32649:1747647675397:,1747647684770
counter/3/0/0/0,34005:1747647678420:,1747647684771
counter/4/0/0/0,35762:1747647679165:,1747647684771
counter/10/0/0/0,32650:1747647675398:,1747647684771
counter/3/0/0/0,34006:1747647678420:,1747647684771
counter/4/0/0/0,35763:1747647679165:,1747647684771
counter/10/0/0/0,32651:1747647675398:,1747647684771
counter/3/0/0/0,34007:1747647678420:,1747647684771
counter/4/0/0/0,35764:1747647679166:,1747647684771
counter/10/0/0/0,32652:1747647675398:,1747647684771
counter/3/0/0/0,34008:1747647678420:,1747647684771
counter/4/0/0/0,35765:1747647679166:,1747647684771
counter/10/0/0/0,32653:1747647675398:,1747647684771
counter/3/0/0/0,34009:1747647678420:,1747647684771
counter/4/0/0/0,35766:1747647679166:,1747647684771
counter/10/0/0/0,32654:1747647675420:,1747647684771
counter/3/0/0/0,34010:1747647678420:,1747647684771
counter/4/0/0/0,35767:1747647679166:,1747647684771
counter/10/0/0/0,32655:1747647675420:,1747647684771
counter/3/0/0/0,34011:1747647678420:,1747647684771
counter/4/0/0/0,35768:1747647679166:,1747647684771
counter/10/0/0/0,32656:1747647675420:,1747647684771
counter/3/0/0/0,34012:1747647678422:,1747647684771
counter/4/0/0/0,35769:1747647679167:,1747647684771
counter/10/0/0/0,32657:1747647675420:,1747647684771
counter/3/0/0/0,34013:1747647678422:,1747647684771
counter/4/0/0/0,35770:1747647679167:,1747647684771
counter/10/0/0/0,32658:1747647675420:,1747647684771
counter/3/0/0/0,34014:1747647678422:,1747647684771
counter/4/0/0/0,35771:1747647679167:,1747647684771
counter/10/0/0/0,32659:1747647675420:,1747647684771
counter/3/0/0/0,34015:1747647678422:,1747647684771
counter/4/0/0/0,35772:1747647679167:,1747647684771
counter/10/0/0/0,32660:1747647675420:,1747647684772
counter/3/0/0/0,34016:1747647678422:,1747647684772
counter/4/0/0/0,35773:1747647679167:,1747647684772
counter/10/0/0/0,32661:1747647675420:,1747647684772
counter/3/0/0/0,34017:1747647678422:,1747647684772
counter/4/0/0/0,35774:1747647679167:,1747647684772
counter/10/0/0/0,32662:1747647675420:,1747647684772
counter/3/0/0/0,34018:1747647678422:,1747647684772
counter/4/0/0/0,35775:1747647679167:,1747647684772
counter/10/0/0/0,32663:1747647675420:,1747647684772
counter/3/0/0/0,34019:1747647678422:,1747647684772
counter/4/0/0/0,35776:1747647679167:,1747647684772
counter/10/0/0/0,32664:1747647675420:,1747647684772
counter/3/0/0/0,34020:1747647678422:,1747647684772
counter/4/0/0/0,35777:1747647679167:,1747647684772
counter/10/0/0/0,32665:1747647675420:,1747647684772
counter/3/0/0/0,34021:1747647678422:,1747647684772
counter/4/0/0/0,35778:1747647679167:,1747647684772
counter/10/0/0/0,32666:1747647675420:,1747647684772
counter/3/0/0/0,34022:1747647678422:,1747647684772
counter/4/0/0/0,35779:1747647679167:,1747647684772
counter/10/0/0/0,32667:1747647675420:,1747647684772
counter/3/0/0/0,34023:1747647678422:,1747647684772
counter/4/0/0/0,35780:1747647679167:,1747647684772
counter/10/0/0/0,32668:1747647675420:,1747647684772
counter/10/0/0/0,32669:1747647675420:,1747647684772
counter/10/0/0/0,32670:1747647675420:,1747647684772
counter/10/0/0/0,32671:1747647675420:,1747647684772
counter/10/0/0/0,32672:1747647675425:,1747647684772
counter/10/0/0/0,32673:1747647675425:,1747647684772
counter/10/0/0/0,32674:1747647675425:,1747647684772
counter/10/0/0/0,32675:1747647675425:,1747647684772
counter/3/0/0/0,34024:1747647678422:,1747647684772
counter/10/0/0/0,32676:1747647675425:,1747647684772
counter/10/0/0/0,32677:1747647675425:,1747647684772
counter/10/0/0/0,32678:1747647675438:,1747647684772
counter/10/0/0/0,32679:1747647675438:,1747647684772
counter/10/0/0/0,32680:1747647675438:,1747647684772
counter/3/0/0/0,34025:1747647678422:,1747647684773
counter/4/0/0/0,35781:1747647679167:,1747647684773
counter/10/0/0/0,32681:1747647675438:,1747647684773
counter/3/0/0/0,34026:1747647678422:,1747647684773
counter/4/0/0/0,35782:1747647679167:,1747647684773
counter/10/0/0/0,32682:1747647675438:,1747647684773
counter/3/0/0/0,34027:1747647678427:,1747647684773
counter/4/0/0/0,35783:1747647679168:,1747647684773
counter/10/0/0/0,32683:1747647675438:,1747647684773
counter/3/0/0/0,34028:1747647678427:,1747647684773
counter/4/0/0/0,35784:1747647679168:,1747647684773
counter/10/0/0/0,32684:1747647675438:,1747647684773
counter/3/0/0/0,34029:1747647678439:,1747647684773
counter/4/0/0/0,35785:1747647679168:,1747647684773
counter/10/0/0/0,32685:1747647675438:,1747647684773
counter/3/0/0/0,34030:1747647678439:,1747647684773
counter/4/0/0/0,35786:1747647679171:,1747647684773
counter/10/0/0/0,32686:1747647676121:,1747647684773
counter/3/0/0/0,34031:1747647678439:,1747647684773
counter/4/0/0/0,35787:1747647679171:,1747647684773
counter/10/0/0/0,32687:1747647676121:,1747647684773
counter/3/0/0/0,34032:1747647678439:,1747647684773
counter/4/0/0/0,35788:1747647679171:,1747647684773
counter/10/0/0/0,32688:1747647676121:,1747647684773
counter/3/0/0/0,34033:1747647678440:,1747647684773
counter/4/0/0/0,35789:1747647679176:,1747647684773
counter/10/0/0/0,32689:1747647676121:,1747647684773
counter/3/0/0/0,34034:1747647678440:,1747647684773
counter/4/0/0/0,35790:1747647679176:,1747647684773
counter/10/0/0/0,32690:1747647676121:,1747647684773
counter/10/0/0/0,32691:1747647676121:,1747647684773
counter/10/0/0/0,32692:1747647676121:,1747647684773
counter/10/0/0/0,32693:1747647676121:,1747647684773
counter/4/0/0/0,35791:1747647679176:,1747647684773
counter/10/0/0/0,32694:1747647676121:,1747647684773
counter/3/0/0/0,34035:1747647678440:,1747647684773
counter/4/0/0/0,35792:1747647679176:,1747647684774
counter/10/0/0/0,32695:1747647676121:,1747647684774
counter/3/0/0/0,34036:1747647678440:,1747647684774
counter/10/0/0/0,32696:1747647676121:,1747647684774
counter/4/0/0/0,35793:1747647679176:,1747647684774
counter/3/0/0/0,34037:1747647678440:,1747647684774
counter/10/0/0/0,32697:1747647676121:,1747647684774
counter/4/0/0/0,35794:1747647679176:,1747647684774
counter/3/0/0/0,34038:1747647678440:,1747647684774
counter/10/0/0/0,32698:1747647676122:,1747647684774
counter/4/0/0/0,35795:1747647679176:,1747647684774
counter/3/0/0/0,34039:1747647678440:,1747647684774
counter/10/0/0/0,32699:1747647676122:,1747647684774
counter/4/0/0/0,35796:1747647679176:,1747647684774
counter/3/0/0/0,34040:1747647678451:,1747647684774
counter/10/0/0/0,32700:1747647676122:,1747647684774
counter/3/0/0/0,34041:1747647678451:,1747647684774
counter/4/0/0/0,35797:1747647679176:,1747647684774
counter/10/0/0/0,32701:1747647676122:,1747647684774
counter/3/0/0/0,34042:1747647678451:,1747647684774
counter/4/0/0/0,35798:1747647679176:,1747647684774
counter/10/0/0/0,32702:1747647676122:,1747647684774
counter/3/0/0/0,34043:1747647678451:,1747647684774
counter/4/0/0/0,35799:1747647679177:,1747647684774
counter/10/0/0/0,32703:1747647676122:,1747647684774
counter/3/0/0/0,34044:1747647678451:,1747647684774
counter/4/0/0/0,35800:1747647679177:,1747647684774
counter/10/0/0/0,32704:1747647676122:,1747647684774
counter/3/0/0/0,34045:1747647678451:,1747647684774
counter/4/0/0/0,35801:1747647679177:,1747647684774
counter/10/0/0/0,32705:1747647676122:,1747647684774
counter/3/0/0/0,34046:1747647678451:,1747647684774
counter/4/0/0/0,35802:1747647679177:,1747647684774
counter/10/0/0/0,32706:1747647676122:,1747647684774
counter/10/0/0/0,32707:1747647676122:,1747647684774
counter/4/0/0/0,35803:1747647679177:,1747647684774
counter/3/0/0/0,34047:1747647678451:,1747647684774
counter/10/0/0/0,32708:1747647676122:,1747647684775
counter/3/0/0/0,34048:1747647678451:,1747647684775
counter/4/0/0/0,35804:1747647679177:,1747647684775
counter/10/0/0/0,32709:1747647676122:,1747647684775
counter/3/0/0/0,34049:1747647678451:,1747647684775
counter/4/0/0/0,35805:1747647679177:,1747647684775
counter/10/0/0/0,32710:1747647676122:,1747647684775
counter/10/0/0/0,32711:1747647676126:,1747647684775
counter/10/0/0/0,32712:1747647676126:,1747647684775
counter/10/0/0/0,32713:1747647676127:,1747647684775
counter/10/0/0/0,32714:1747647676130:,1747647684775
counter/10/0/0/0,32715:1747647676130:,1747647684775
counter/10/0/0/0,32716:1747647676130:,1747647684775
counter/4/0/0/0,35806:1747647679184:,1747647684775
counter/3/0/0/0,34050:1747647678451:,1747647684775
counter/10/0/0/0,32717:1747647676130:,1747647684775
counter/3/0/0/0,34051:1747647678451:,1747647684775
counter/3/0/0/0,34052:1747647678456:,1747647684775
counter/3/0/0/0,34053:1747647678456:,1747647684775
counter/3/0/0/0,34054:1747647678456:,1747647684775
counter/10/0/0/0,32718:1747647676130:,1747647684775
counter/4/0/0/0,35807:1747647679184:,1747647684775
counter/3/0/0/0,34055:1747647678456:,1747647684775
counter/10/0/0/0,32719:1747647676130:,1747647684775
counter/4/0/0/0,35808:1747647679184:,1747647684775
counter/3/0/0/0,34056:1747647678456:,1747647684775
counter/10/0/0/0,32720:1747647676130:,1747647684775
counter/4/0/0/0,35809:1747647679184:,1747647684775
counter/3/0/0/0,34057:1747647678456:,1747647684775
counter/10/0/0/0,32721:1747647676130:,1747647684775
counter/4/0/0/0,35810:1747647679184:,1747647684775
counter/3/0/0/0,34058:1747647678456:,1747647684775
counter/10/0/0/0,32722:1747647676130:,1747647684775
counter/4/0/0/0,35811:1747647679184:,1747647684776
counter/3/0/0/0,34059:1747647678456:,1747647684776
counter/10/0/0/0,32723:1747647676130:,1747647684776
counter/4/0/0/0,35812:1747647679184:,1747647684776
counter/3/0/0/0,34060:1747647678456:,1747647684776
counter/10/0/0/0,32724:1747647676133:,1747647684776
counter/4/0/0/0,35813:1747647679184:,1747647684776
counter/3/0/0/0,34061:1747647678456:,1747647684776
counter/10/0/0/0,32725:1747647676133:,1747647684776
counter/4/0/0/0,35814:1747647679184:,1747647684776
counter/3/0/0/0,34062:1747647678468:,1747647684776
counter/10/0/0/0,32726:1747647676133:,1747647684776
counter/4/0/0/0,35815:1747647679184:,1747647684776
counter/3/0/0/0,34063:1747647678468:,1747647684776
counter/10/0/0/0,32727:1747647676133:,1747647684776
counter/3/0/0/0,34064:1747647678468:,1747647684776
counter/4/0/0/0,35816:1747647679184:,1747647684776
counter/10/0/0/0,32728:1747647676134:,1747647684776
counter/3/0/0/0,34065:1747647678468:,1747647684776
counter/4/0/0/0,35817:1747647679189:,1747647684776
counter/10/0/0/0,32729:1747647676134:,1747647684776
counter/3/0/0/0,34066:1747647678468:,1747647684776
counter/4/0/0/0,35818:1747647679190:,1747647684776
counter/10/0/0/0,32730:1747647676134:,1747647684776
counter/3/0/0/0,34067:1747647678468:,1747647684776
counter/4/0/0/0,35819:1747647679190:,1747647684776
counter/10/0/0/0,32731:1747647676134:,1747647684776
counter/10/0/0/0,32732:1747647676134:,1747647684776
counter/10/0/0/0,32733:1747647676134:,1747647684776
counter/3/0/0/0,34068:1747647678468:,1747647684776
counter/10/0/0/0,32734:1747647676134:,1747647684776
counter/4/0/0/0,35820:1747647679190:,1747647684776
counter/3/0/0/0,34069:1747647678468:,1747647684776
counter/10/0/0/0,32735:1747647676134:,1747647684776
counter/4/0/0/0,35821:1747647679193:,1747647684776
counter/3/0/0/0,34070:1747647678468:,1747647684777
counter/10/0/0/0,32736:1747647676134:,1747647684777
counter/4/0/0/0,35822:1747647679193:,1747647684777
counter/3/0/0/0,34071:1747647678472:,1747647684777
counter/10/0/0/0,32737:1747647676135:,1747647684777
counter/4/0/0/0,35823:1747647679193:,1747647684777
counter/3/0/0/0,34072:1747647678476:,1747647684777
counter/10/0/0/0,32738:1747647676135:,1747647684777
counter/3/0/0/0,34073:1747647678476:,1747647684777
counter/10/0/0/0,32739:1747647676135:,1747647684777
counter/4/0/0/0,35824:1747647679193:,1747647684777
counter/3/0/0/0,34074:1747647678476:,1747647684777
counter/10/0/0/0,32740:1747647676135:,1747647684777
counter/4/0/0/0,35825:1747647679193:,1747647684777
counter/3/0/0/0,34075:1747647678476:,1747647684777
counter/10/0/0/0,32741:1747647676139:,1747647684777
counter/4/0/0/0,35826:1747647679193:,1747647684777
counter/3/0/0/0,34076:1747647678476:,1747647684777
counter/10/0/0/0,32742:1747647676139:,1747647684777
counter/4/0/0/0,35827:1747647679193:,1747647684777
counter/3/0/0/0,34077:1747647678476:,1747647684777
counter/10/0/0/0,32743:1747647676139:,1747647684777
counter/4/0/0/0,35828:1747647679193:,1747647684777
counter/3/0/0/0,34078:1747647678478:,1747647684777
counter/10/0/0/0,32744:1747647676140:,1747647684777
counter/4/0/0/0,35829:1747647679193:,1747647684777
counter/3/0/0/0,34079:1747647678487:,1747647684777
counter/10/0/0/0,32745:1747647676140:,1747647684777
counter/4/0/0/0,35830:1747647679193:,1747647684777
counter/3/0/0/0,34080:1747647678496:,1747647684777
counter/10/0/0/0,32746:1747647676140:,1747647684777
counter/3/0/0/0,34081:1747647678496:,1747647684777
counter/4/0/0/0,35831:1747647679193:,1747647684777
counter/10/0/0/0,32747:1747647676140:,1747647684777
counter/3/0/0/0,34082:1747647678496:,1747647684777
counter/4/0/0/0,35832:1747647679193:,1747647684777
counter/10/0/0/0,32748:1747647676140:,1747647684777
counter/10/0/0/0,32749:1747647676140:,1747647684778
counter/10/0/0/0,32750:1747647676140:,1747647684778
counter/10/0/0/0,32751:1747647676141:,1747647684778
counter/10/0/0/0,32752:1747647676141:,1747647684778
counter/4/0/0/0,35833:1747647679193:,1747647684778
counter/10/0/0/0,32753:1747647676141:,1747647684778
counter/10/0/0/0,32754:1747647676141:,1747647684778
counter/10/0/0/0,32755:1747647676142:,1747647684778
counter/10/0/0/0,32756:1747647676142:,1747647684778
counter/10/0/0/0,32757:1747647676142:,1747647684778
counter/4/0/0/0,35834:1747647679193:,1747647684778
counter/10/0/0/0,32758:1747647676142:,1747647684778
counter/10/0/0/0,32759:1747647676148:,1747647684778
counter/10/0/0/0,32760:1747647676148:,1747647684778
counter/10/0/0/0,32761:1747647676148:,1747647684778
counter/10/0/0/0,32762:1747647676148:,1747647684778
counter/10/0/0/0,32763:1747647676148:,1747647684778
counter/10/0/0/0,32764:1747647676148:,1747647684778
counter/10/0/0/0,32765:1747647676148:,1747647684778
counter/10/0/0/0,32766:1747647676148:,1747647684778
counter/10/0/0/0,32767:1747647676148:,1747647684778
counter/10/0/0/0,32768:1747647676148:,1747647684778
counter/10/0/0/0,32769:1747647676148:,1747647684778
counter/10/0/0/0,32770:1747647676148:,1747647684778
counter/10/0/0/0,32771:1747647676148:,1747647684778
counter/10/0/0/0,32772:1747647676148:,1747647684778
counter/3/0/0/0,34083:1747647678496:,1747647684778
counter/10/0/0/0,32773:1747647676148:,1747647684778
counter/3/0/0/0,34084:1747647678500:,1747647684778
counter/10/0/0/0,32774:1747647676148:,1747647684778
counter/3/0/0/0,34085:1747647678500:,1747647684778
counter/10/0/0/0,32775:1747647676148:,1747647684778
counter/3/0/0/0,34086:1747647678500:,1747647684778
counter/10/0/0/0,32776:1747647676159:,1747647684778
counter/3/0/0/0,34087:1747647678500:,1747647684778
counter/10/0/0/0,32777:1747647676159:,1747647684778
counter/10/0/0/0,32778:1747647676159:,1747647684778
counter/3/0/0/0,34088:1747647678500:,1747647684779
counter/10/0/0/0,32779:1747647676159:,1747647684779
counter/10/0/0/0,32780:1747647676159:,1747647684779
counter/10/0/0/0,32781:1747647676159:,1747647684779
counter/10/0/0/0,32782:1747647676159:,1747647684779
counter/10/0/0/0,32783:1747647676159:,1747647684779
counter/4/0/0/0,35835:1747647679194:,1747647684779
counter/10/0/0/0,32784:1747647676159:,1747647684779
counter/10/0/0/0,32785:1747647676163:,1747647684779
counter/10/0/0/0,32786:1747647676169:,1747647684779
counter/10/0/0/0,32787:1747647676169:,1747647684779
counter/10/0/0/0,32788:1747647676169:,1747647684779
counter/10/0/0/0,32789:1747647676169:,1747647684779
counter/10/0/0/0,32790:1747647676169:,1747647684779
counter/10/0/0/0,32791:1747647676169:,1747647684779
counter/4/0/0/0,35836:1747647679194:,1747647684779
counter/10/0/0/0,32792:1747647676169:,1747647684779
counter/3/0/0/0,34089:1747647678500:,1747647684779
counter/10/0/0/0,32793:1747647676169:,1747647684779
counter/3/0/0/0,34090:1747647678500:,1747647684779
counter/4/0/0/0,35837:1747647679201:,1747647684779
counter/10/0/0/0,32794:1747647676169:,1747647684779
counter/3/0/0/0,34091:1747647678505:,1747647684779
counter/4/0/0/0,35838:1747647679201:,1747647684779
counter/10/0/0/0,32795:1747647676169:,1747647684779
counter/3/0/0/0,34092:1747647678517:,1747647684779
counter/4/0/0/0,35839:1747647679201:,1747647684779
counter/10/0/0/0,32796:1747647676169:,1747647684779
counter/3/0/0/0,34093:1747647678517:,1747647684779
counter/4/0/0/0,35840:1747647679201:,1747647684779
counter/10/0/0/0,32797:1747647676169:,1747647684779
counter/3/0/0/0,34094:1747647678517:,1747647684779
counter/4/0/0/0,35841:1747647679201:,1747647684779
counter/10/0/0/0,32798:1747647676170:,1747647684780
counter/10/0/0/0,32799:1747647676170:,1747647684780
counter/10/0/0/0,32800:1747647676170:,1747647684780
counter/10/0/0/0,32801:1747647676173:,1747647684780
counter/10/0/0/0,32802:1747647676173:,1747647684780
counter/10/0/0/0,32803:1747647676173:,1747647684780
counter/10/0/0/0,32804:1747647676174:,1747647684780
counter/4/0/0/0,35842:1747647679201:,1747647684780
counter/10/0/0/0,32805:1747647676174:,1747647684780
counter/10/0/0/0,32806:1747647676174:,1747647684780
counter/10/0/0/0,32807:1747647676174:,1747647684780
counter/10/0/0/0,32808:1747647676174:,1747647684780
counter/10/0/0/0,32809:1747647676174:,1747647684780
counter/10/0/0/0,32810:1747647676174:,1747647684780
counter/10/0/0/0,32811:1747647676174:,1747647684780
counter/10/0/0/0,32812:1747647676178:,1747647684780
counter/10/0/0/0,32813:1747647676178:,1747647684780
counter/10/0/0/0,32814:1747647676178:,1747647684780
counter/10/0/0/0,32815:1747647676178:,1747647684780
counter/3/0/0/0,34095:1747647678517:,1747647684780
counter/3/0/0/0,34096:1747647678517:,1747647684780
counter/3/0/0/0,34097:1747647678517:,1747647684780
counter/3/0/0/0,34098:1747647678517:,1747647684780
counter/10/0/0/0,32816:1747647676178:,1747647684780
counter/4/0/0/0,35843:1747647679201:,1747647684780
counter/3/0/0/0,34099:1747647678517:,1747647684780
counter/10/0/0/0,32817:1747647676178:,1747647684780
counter/4/0/0/0,35844:1747647679201:,1747647684780
counter/3/0/0/0,34100:1747647678517:,1747647684780
counter/10/0/0/0,32818:1747647676178:,1747647684780
counter/4/0/0/0,35845:1747647679201:,1747647684780
counter/3/0/0/0,34101:1747647678517:,1747647684780
counter/10/0/0/0,32819:1747647676182:,1747647684780
counter/4/0/0/0,35846:1747647679201:,1747647684780
counter/3/0/0/0,34102:1747647678517:,1747647684780
counter/10/0/0/0,32820:1747647676182:,1747647684781
counter/4/0/0/0,35847:1747647679201:,1747647684781
counter/3/0/0/0,34103:1747647678517:,1747647684781
counter/10/0/0/0,32821:1747647676182:,1747647684781
counter/4/0/0/0,35848:1747647679201:,1747647684781
counter/3/0/0/0,34104:1747647678518:,1747647684781
counter/10/0/0/0,32822:1747647676182:,1747647684781
counter/4/0/0/0,35849:1747647679208:,1747647684781
counter/3/0/0/0,34105:1747647678518:,1747647684781
counter/10/0/0/0,32823:1747647676182:,1747647684781
counter/4/0/0/0,35850:1747647679209:,1747647684781
counter/3/0/0/0,34106:1747647678518:,1747647684781
counter/10/0/0/0,32824:1747647676182:,1747647684781
counter/4/0/0/0,35851:1747647679209:,1747647684781
counter/3/0/0/0,34107:1747647678518:,1747647684781
counter/3/0/0/0,34108:1747647678518:,1747647684781
counter/3/0/0/0,34109:1747647678518:,1747647684781
counter/3/0/0/0,34110:1747647678518:,1747647684781
counter/3/0/0/0,34111:1747647678518:,1747647684781
counter/3/0/0/0,34112:1747647678518:,1747647684781
counter/3/0/0/0,34113:1747647678518:,1747647684781
counter/3/0/0/0,34114:1747647678518:,1747647684781
counter/3/0/0/0,34115:1747647678518:,1747647684781
counter/3/0/0/0,34116:1747647678518:,1747647684781
counter/3/0/0/0,34117:1747647678518:,1747647684781
counter/3/0/0/0,34118:1747647678518:,1747647684781
counter/3/0/0/0,34119:1747647678518:,1747647684781
counter/3/0/0/0,34120:1747647678518:,1747647684781
counter/3/0/0/0,34121:1747647678518:,1747647684781
counter/3/0/0/0,34122:1747647678520:,1747647684781
counter/3/0/0/0,34123:1747647678520:,1747647684781
counter/3/0/0/0,34124:1747647678520:,1747647684781
counter/10/0/0/0,32825:1747647676182:,1747647684781
counter/3/0/0/0,34125:1747647678520:,1747647684781
counter/3/0/0/0,34126:1747647678520:,1747647684782
counter/3/0/0/0,34127:1747647678521:,1747647684782
counter/10/0/0/0,32826:1747647676182:,1747647684782
counter/3/0/0/0,34128:1747647678521:,1747647684782
counter/3/0/0/0,34129:1747647678529:,1747647684782
counter/4/0/0/0,35852:1747647679209:,1747647684782
counter/3/0/0/0,34130:1747647678529:,1747647684782
counter/3/0/0/0,34131:1747647678529:,1747647684782
counter/3/0/0/0,34132:1747647678529:,1747647684782
counter/3/0/0/0,34133:1747647678529:,1747647684782
counter/3/0/0/0,34134:1747647678529:,1747647684782
counter/3/0/0/0,34135:1747647678529:,1747647684782
counter/10/0/0/0,32827:1747647676182:,1747647684782
counter/3/0/0/0,34136:1747647678529:,1747647684782
counter/3/0/0/0,34137:1747647678529:,1747647684782
counter/3/0/0/0,34138:1747647678530:,1747647684782
counter/3/0/0/0,34139:1747647678535:,1747647684782
counter/3/0/0/0,34140:1747647678535:,1747647684782
counter/3/0/0/0,34141:1747647678535:,1747647684782
counter/10/0/0/0,32828:1747647676182:,1747647684782
counter/3/0/0/0,34142:1747647678535:,1747647684782
counter/3/0/0/0,34143:1747647678535:,1747647684782
counter/3/0/0/0,34144:1747647678535:,1747647684782
counter/3/0/0/0,34145:1747647678535:,1747647684782
counter/3/0/0/0,34146:1747647678539:,1747647684782
counter/3/0/0/0,34147:1747647678539:,1747647684782
counter/3/0/0/0,34148:1747647678539:,1747647684782
counter/3/0/0/0,34149:1747647678539:,1747647684782
counter/3/0/0/0,34150:1747647678539:,1747647684782
counter/3/0/0/0,34151:1747647678539:,1747647684782
counter/3/0/0/0,34152:1747647678542:,1747647684782
counter/3/0/0/0,34153:1747647678542:,1747647684782
counter/3/0/0/0,34154:1747647678542:,1747647684783
counter/3/0/0/0,34155:1747647678542:,1747647684783
counter/3/0/0/0,34156:1747647678542:,1747647684783
counter/4/0/0/0,35853:1747647679209:,1747647684783
counter/3/0/0/0,34157:1747647678542:,1747647684783
counter/10/0/0/0,32829:1747647676182:,1747647684783
counter/3/0/0/0,34158:1747647678542:,1747647684783
counter/3/0/0/0,34159:1747647678543:,1747647684783
counter/3/0/0/0,34160:1747647678543:,1747647684783
counter/3/0/0/0,34161:1747647678548:,1747647684783
counter/3/0/0/0,34162:1747647678548:,1747647684783
counter/3/0/0/0,34163:1747647678548:,1747647684783
counter/3/0/0/0,34164:1747647678548:,1747647684783
counter/3/0/0/0,34165:1747647678548:,1747647684783
counter/3/0/0/0,34166:1747647678548:,1747647684783
counter/3/0/0/0,34167:1747647678548:,1747647684783
counter/3/0/0/0,34168:1747647678548:,1747647684783
counter/3/0/0/0,34169:1747647678548:,1747647684783
counter/3/0/0/0,34170:1747647678548:,1747647684783
counter/3/0/0/0,34171:1747647678549:,1747647684783
counter/3/0/0/0,34172:1747647678554:,1747647684783
counter/3/0/0/0,34173:1747647678554:,1747647684783
counter/3/0/0/0,34174:1747647678565:,1747647684783
counter/3/0/0/0,34175:1747647678575:,1747647684783
counter/10/0/0/0,32830:1747647676182:,1747647684783
counter/3/0/0/0,34176:1747647678575:,1747647684783
counter/3/0/0/0,34177:1747647678579:,1747647684783
counter/3/0/0/0,34178:1747647678579:,1747647684783
counter/3/0/0/0,34179:1747647678579:,1747647684783
counter/3/0/0/0,34180:1747647678579:,1747647684783
counter/3/0/0/0,34181:1747647678579:,1747647684783
counter/3/0/0/0,34182:1747647678579:,1747647684783
counter/3/0/0/0,34183:1747647678579:,1747647684783
counter/3/0/0/0,34184:1747647678579:,1747647684783
counter/10/0/0/0,32831:1747647676182:,1747647684783
counter/3/0/0/0,34185:1747647678579:,1747647684783
counter/3/0/0/0,34186:1747647678580:,1747647684783
counter/3/0/0/0,34187:1747647678580:,1747647684783
counter/3/0/0/0,34188:1747647678580:,1747647684784
counter/3/0/0/0,34189:1747647678580:,1747647684784
counter/3/0/0/0,34190:1747647678580:,1747647684784
counter/10/0/0/0,32832:1747647676192:,1747647684784
counter/3/0/0/0,34191:1747647678580:,1747647684784
counter/3/0/0/0,34192:1747647678580:,1747647684784
counter/3/0/0/0,34193:1747647678580:,1747647684784
counter/3/0/0/0,34194:1747647678580:,1747647684784
counter/3/0/0/0,34195:1747647678580:,1747647684784
counter/3/0/0/0,34196:1747647678581:,1747647684784
counter/3/0/0/0,34197:1747647678581:,1747647684784
counter/3/0/0/0,34198:1747647678581:,1747647684784
counter/3/0/0/0,34199:1747647678581:,1747647684784
counter/3/0/0/0,34200:1747647678581:,1747647684784
counter/3/0/0/0,34201:1747647678581:,1747647684784
counter/3/0/0/0,34202:1747647678589:,1747647684784
counter/10/0/0/0,32833:1747647676192:,1747647684784
counter/3/0/0/0,34203:1747647678589:,1747647684784
counter/3/0/0/0,34204:1747647678589:,1747647684784
counter/3/0/0/0,34205:1747647678589:,1747647684784
counter/3/0/0/0,34206:1747647678589:,1747647684784
counter/3/0/0/0,34207:1747647678589:,1747647684784
counter/3/0/0/0,34208:1747647678590:,1747647684784
counter/3/0/0/0,34209:1747647678595:,1747647684784
counter/3/0/0/0,34210:1747647678595:,1747647684784
counter/3/0/0/0,34211:1747647678595:,1747647684784
counter/3/0/0/0,34212:1747647678595:,1747647684784
counter/3/0/0/0,34213:1747647678595:,1747647684784
counter/3/0/0/0,34214:1747647678595:,1747647684784
counter/3/0/0/0,34215:1747647678595:,1747647684784
counter/3/0/0/0,34216:1747647678595:,1747647684784
counter/3/0/0/0,34217:1747647678595:,1747647684784
counter/3/0/0/0,34218:1747647678595:,1747647684784
counter/3/0/0/0,34219:1747647678601:,1747647684784
counter/3/0/0/0,34220:1747647678601:,1747647684784
counter/3/0/0/0,34221:1747647678601:,1747647684784
counter/3/0/0/0,34222:1747647678601:,1747647684785
counter/3/0/0/0,34223:1747647678603:,1747647684785
counter/3/0/0/0,34224:1747647678606:,1747647684785
counter/3/0/0/0,34225:1747647678606:,1747647684785
counter/3/0/0/0,34226:1747647678606:,1747647684785
counter/3/0/0/0,34227:1747647678608:,1747647684785
counter/3/0/0/0,34228:1747647678608:,1747647684785
counter/3/0/0/0,34229:1747647678608:,1747647684785
counter/3/0/0/0,34230:1747647678608:,1747647684785
counter/3/0/0/0,34231:1747647678608:,1747647684785
counter/10/0/0/0,32834:1747647676192:,1747647684785
counter/3/0/0/0,34232:1747647678608:,1747647684785
counter/3/0/0/0,34233:1747647678608:,1747647684785
counter/4/0/0/0,35854:1747647679209:,1747647684785
counter/3/0/0/0,34234:1747647678624:,1747647684785
counter/4/0/0/0,35855:1747647679209:,1747647684785
counter/3/0/0/0,34235:1747647678627:,1747647684785
counter/4/0/0/0,35856:1747647679209:,1747647684785
counter/3/0/0/0,34236:1747647678630:,1747647684785
counter/4/0/0/0,35857:1747647679209:,1747647684785
counter/3/0/0/0,34237:1747647678630:,1747647684785
counter/4/0/0/0,35858:1747647679209:,1747647684785
counter/3/0/0/0,34238:1747647678630:,1747647684785
counter/3/0/0/0,34239:1747647678630:,1747647684785
counter/3/0/0/0,34240:1747647678630:,1747647684785
counter/3/0/0/0,34241:1747647678630:,1747647684785
counter/10/0/0/0,32835:1747647676193:,1747647684785
counter/3/0/0/0,34242:1747647678630:,1747647684785
counter/3/0/0/0,34243:1747647678630:,1747647684785
counter/3/0/0/0,34244:1747647678630:,1747647684785
counter/3/0/0/0,34245:1747647678631:,1747647684785
counter/3/0/0/0,34246:1747647678638:,1747647684785
counter/3/0/0/0,34247:1747647678638:,1747647684785
counter/3/0/0/0,34248:1747647678638:,1747647684786
counter/3/0/0/0,34249:1747647678638:,1747647684786
counter/3/0/0/0,34250:1747647678639:,1747647684786
counter/3/0/0/0,34251:1747647678639:,1747647684786
counter/3/0/0/0,34252:1747647678639:,1747647684786
counter/3/0/0/0,34253:1747647678639:,1747647684786
counter/3/0/0/0,34254:1747647678639:,1747647684786
counter/3/0/0/0,34255:1747647678639:,1747647684786
counter/3/0/0/0,34256:1747647678639:,1747647684786
counter/3/0/0/0,34257:1747647678639:,1747647684786
counter/3/0/0/0,34258:1747647678639:,1747647684786
counter/3/0/0/0,34259:1747647678639:,1747647684786
counter/3/0/0/0,34260:1747647678639:,1747647684786
counter/3/0/0/0,34261:1747647678639:,1747647684786
counter/3/0/0/0,34262:1747647678652:,1747647684786
counter/3/0/0/0,34263:1747647678652:,1747647684786
counter/3/0/0/0,34264:1747647678657:,1747647684786
counter/3/0/0/0,34265:1747647678657:,1747647684786
counter/10/0/0/0,32836:1747647676193:,1747647684786
counter/3/0/0/0,34266:1747647678657:,1747647684786
counter/3/0/0/0,34267:1747647678657:,1747647684786
counter/3/0/0/0,34268:1747647678657:,1747647684786
counter/3/0/0/0,34269:1747647678657:,1747647684786
counter/3/0/0/0,34270:1747647678657:,1747647684786
counter/3/0/0/0,34271:1747647678657:,1747647684786
counter/3/0/0/0,34272:1747647678657:,1747647684786
counter/3/0/0/0,34273:1747647678657:,1747647684786
counter/3/0/0/0,34274:1747647678657:,1747647684786
counter/3/0/0/0,34275:1747647678663:,1747647684786
counter/3/0/0/0,34276:1747647678664:,1747647684786
counter/3/0/0/0,34277:1747647678664:,1747647684786
counter/3/0/0/0,34278:1747647678664:,1747647684786
counter/3/0/0/0,34279:1747647678675:,1747647684786
counter/3/0/0/0,34280:1747647678675:,1747647684786
counter/3/0/0/0,34281:1747647678675:,1747647684786
counter/3/0/0/0,34282:1747647678675:,1747647684786
counter/3/0/0/0,34283:1747647678675:,1747647684787
counter/3/0/0/0,34284:1747647678675:,1747647684787
counter/3/0/0/0,34285:1747647678675:,1747647684787
counter/3/0/0/0,34286:1747647678675:,1747647684787
counter/3/0/0/0,34287:1747647678675:,1747647684787
counter/3/0/0/0,34288:1747647678675:,1747647684787
counter/3/0/0/0,34289:1747647678676:,1747647684787
counter/3/0/0/0,34290:1747647678676:,1747647684787
counter/3/0/0/0,34291:1747647678676:,1747647684787
counter/3/0/0/0,34292:1747647678676:,1747647684787
counter/3/0/0/0,34293:1747647678676:,1747647684787
counter/3/0/0/0,34294:1747647678676:,1747647684787
counter/10/0/0/0,32837:1747647676193:,1747647684787
counter/3/0/0/0,34295:1747647678676:,1747647684787
counter/4/0/0/0,35859:1747647679209:,1747647684787
counter/3/0/0/0,34296:1747647678679:,1747647684787
counter/3/0/0/0,34297:1747647678679:,1747647684787
counter/3/0/0/0,34298:1747647678679:,1747647684787
counter/3/0/0/0,34299:1747647678679:,1747647684787
counter/3/0/0/0,34300:1747647678679:,1747647684787
counter/3/0/0/0,34301:1747647678679:,1747647684787
counter/3/0/0/0,34302:1747647678679:,1747647684787
counter/3/0/0/0,34303:1747647678679:,1747647684787
counter/3/0/0/0,34304:1747647678685:,1747647684787
counter/3/0/0/0,34305:1747647678685:,1747647684787
counter/3/0/0/0,34306:1747647678689:,1747647684787
counter/3/0/0/0,34307:1747647678689:,1747647684787
counter/3/0/0/0,34308:1747647678689:,1747647684787
counter/3/0/0/0,34309:1747647678689:,1747647684787
counter/3/0/0/0,34310:1747647678689:,1747647684787
counter/3/0/0/0,34311:1747647678689:,1747647684787
counter/3/0/0/0,34312:1747647678689:,1747647684787
counter/3/0/0/0,34313:1747647678690:,1747647684787
counter/3/0/0/0,34314:1747647678706:,1747647684787
counter/3/0/0/0,34315:1747647678706:,1747647684787
counter/3/0/0/0,34316:1747647678706:,1747647684787
counter/3/0/0/0,34317:1747647678706:,1747647684788
counter/3/0/0/0,34318:1747647678706:,1747647684788
counter/3/0/0/0,34319:1747647678706:,1747647684788
counter/10/0/0/0,32838:1747647676193:,1747647684788
counter/3/0/0/0,34320:1747647678706:,1747647684788
counter/3/0/0/0,34321:1747647678706:,1747647684788
counter/3/0/0/0,34322:1747647678706:,1747647684788
counter/3/0/0/0,34323:1747647678706:,1747647684788
counter/10/0/0/0,32839:1747647676194:,1747647684788
counter/3/0/0/0,34324:1747647678706:,1747647684788
counter/4/0/0/0,35860:1747647679226:,1747647684788
counter/3/0/0/0,34325:1747647678706:,1747647684788
counter/3/0/0/0,34326:1747647678706:,1747647684788
counter/3/0/0/0,34327:1747647678745:,1747647684788
counter/3/0/0/0,34328:1747647678745:,1747647684788
counter/10/0/0/0,32840:1747647676194:,1747647684788
counter/3/0/0/0,34329:1747647678745:,1747647684788
counter/4/0/0/0,35861:1747647679234:,1747647684788
counter/3/0/0/0,34330:1747647678745:,1747647684788
counter/3/0/0/0,34331:1747647678745:,1747647684788
counter/3/0/0/0,34332:1747647678745:,1747647684788
counter/3/0/0/0,34333:1747647678748:,1747647684788
counter/10/0/0/0,32841:1747647676194:,1747647684788
counter/3/0/0/0,34334:1747647678749:,1747647684788
counter/4/0/0/0,35862:1747647679234:,1747647684788
counter/3/0/0/0,34335:1747647678749:,1747647684788
counter/3/0/0/0,34336:1747647678749:,1747647684788
counter/3/0/0/0,34337:1747647678752:,1747647684788
counter/3/0/0/0,34338:1747647678752:,1747647684788
counter/10/0/0/0,32842:1747647676194:,1747647684788
counter/3/0/0/0,34339:1747647678752:,1747647684788
counter/4/0/0/0,35863:1747647679234:,1747647684788
counter/3/0/0/0,34340:1747647678752:,1747647684788
counter/3/0/0/0,34341:1747647678752:,1747647684788
counter/3/0/0/0,34342:1747647678761:,1747647684788
counter/3/0/0/0,34343:1747647678761:,1747647684788
counter/10/0/0/0,32843:1747647676194:,1747647684788
counter/3/0/0/0,34344:1747647678761:,1747647684789
counter/4/0/0/0,35864:1747647679234:,1747647684789
counter/3/0/0/0,34345:1747647678761:,1747647684789
counter/3/0/0/0,34346:1747647678761:,1747647684789
counter/3/0/0/0,34347:1747647678763:,1747647684789
counter/3/0/0/0,34348:1747647678763:,1747647684789
counter/3/0/0/0,34349:1747647678763:,1747647684789
counter/3/0/0/0,34350:1747647678768:,1747647684789
counter/3/0/0/0,34351:1747647678769:,1747647684789
counter/3/0/0/0,34352:1747647678769:,1747647684789
counter/3/0/0/0,34353:1747647678769:,1747647684789
counter/3/0/0/0,34354:1747647678769:,1747647684789
counter/3/0/0/0,34355:1747647678769:,1747647684789
counter/3/0/0/0,34356:1747647678769:,1747647684789
counter/3/0/0/0,34357:1747647678769:,1747647684789
counter/3/0/0/0,34358:1747647678769:,1747647684789
counter/3/0/0/0,34359:1747647678769:,1747647684789
counter/3/0/0/0,34360:1747647678769:,1747647684789
counter/3/0/0/0,34361:1747647678769:,1747647684789
counter/10/0/0/0,32844:1747647676205:,1747647684789
counter/3/0/0/0,34362:1747647678769:,1747647684789
counter/3/0/0/0,34363:1747647678769:,1747647684789
counter/3/0/0/0,34364:1747647678769:,1747647684789
counter/3/0/0/0,34365:1747647678772:,1747647684789
counter/10/0/0/0,32845:1747647676205:,1747647684789
counter/3/0/0/0,34366:1747647678772:,1747647684789
counter/3/0/0/0,34367:1747647678772:,1747647684789
counter/3/0/0/0,34368:1747647678772:,1747647684789
counter/10/0/0/0,32846:1747647676205:,1747647684789
counter/3/0/0/0,34369:1747647678772:,1747647684789
counter/3/0/0/0,34370:1747647678772:,1747647684789
counter/3/0/0/0,34371:1747647678772:,1747647684789
counter/10/0/0/0,32847:1747647676205:,1747647684789
counter/3/0/0/0,34372:1747647678772:,1747647684789
counter/3/0/0/0,34373:1747647678772:,1747647684789
counter/3/0/0/0,34374:1747647678772:,1747647684789
counter/3/0/0/0,34375:1747647678772:,1747647684789
counter/3/0/0/0,34376:1747647678773:,1747647684790
counter/3/0/0/0,34377:1747647678773:,1747647684790
counter/3/0/0/0,34378:1747647678773:,1747647684790
counter/3/0/0/0,34379:1747647678776:,1747647684790
counter/10/0/0/0,32848:1747647676205:,1747647684790
counter/3/0/0/0,34380:1747647678776:,1747647684790
counter/4/0/0/0,35865:1747647679238:,1747647684790
counter/3/0/0/0,34381:1747647678776:,1747647684790
counter/3/0/0/0,34382:1747647678776:,1747647684790
counter/3/0/0/0,34383:1747647678776:,1747647684790
counter/3/0/0/0,34384:1747647678776:,1747647684790
counter/3/0/0/0,34385:1747647678780:,1747647684790
counter/3/0/0/0,34386:1747647678780:,1747647684790
counter/10/0/0/0,32849:1747647676205:,1747647684790
counter/3/0/0/0,34387:1747647678780:,1747647684790
counter/3/0/0/0,34388:1747647678781:,1747647684790
counter/4/0/0/0,35866:1747647679238:,1747647684790
counter/3/0/0/0,34389:1747647678781:,1747647684790
counter/3/0/0/0,34390:1747647678781:,1747647684790
counter/3/0/0/0,34391:1747647678781:,1747647684790
counter/3/0/0/0,34392:1747647678781:,1747647684790
counter/3/0/0/0,34393:1747647678781:,1747647684790
counter/3/0/0/0,34394:1747647678781:,1747647684790
counter/3/0/0/0,34395:1747647678781:,1747647684790
counter/3/0/0/0,34396:1747647678781:,1747647684790
counter/3/0/0/0,34397:1747647678781:,1747647684790
counter/3/0/0/0,34398:1747647678781:,1747647684790
counter/3/0/0/0,34399:1747647678781:,1747647684790
counter/3/0/0/0,34400:1747647678783:,1747647684790
counter/3/0/0/0,34401:1747647678783:,1747647684790
counter/3/0/0/0,34402:1747647678783:,1747647684790
counter/3/0/0/0,34403:1747647678783:,1747647684790
counter/3/0/0/0,34404:1747647678783:,1747647684790
counter/3/0/0/0,34405:1747647678783:,1747647684790
counter/3/0/0/0,34406:1747647678783:,1747647684790
counter/3/0/0/0,34407:1747647678783:,1747647684791
counter/3/0/0/0,34408:1747647678783:,1747647684791
counter/3/0/0/0,34409:1747647678783:,1747647684791
counter/3/0/0/0,34410:1747647678783:,1747647684791
counter/3/0/0/0,34411:1747647678783:,1747647684791
counter/3/0/0/0,34412:1747647678783:,1747647684791
counter/3/0/0/0,34413:1747647678783:,1747647684791
counter/3/0/0/0,34414:1747647678788:,1747647684791
counter/3/0/0/0,34415:1747647678788:,1747647684791
counter/3/0/0/0,34416:1747647678788:,1747647684791
counter/3/0/0/0,34417:1747647678788:,1747647684791
counter/3/0/0/0,34418:1747647678788:,1747647684791
counter/3/0/0/0,34419:1747647678788:,1747647684791
counter/3/0/0/0,34420:1747647678788:,1747647684791
counter/3/0/0/0,34421:1747647678788:,1747647684791
counter/3/0/0/0,34422:1747647678788:,1747647684791
counter/3/0/0/0,34423:1747647678788:,1747647684791
counter/3/0/0/0,34424:1747647678788:,1747647684791
counter/3/0/0/0,34425:1747647678788:,1747647684791
counter/3/0/0/0,34426:1747647678788:,1747647684791
counter/3/0/0/0,34427:1747647678790:,1747647684791
counter/3/0/0/0,34428:1747647678790:,1747647684791
counter/10/0/0/0,32850:1747647676205:,1747647684791
counter/3/0/0/0,34429:1747647678790:,1747647684791
counter/4/0/0/0,35867:1747647679238:,1747647684791
counter/3/0/0/0,34430:1747647678790:,1747647684791
counter/3/0/0/0,34431:1747647678790:,1747647684791
counter/3/0/0/0,34432:1747647678801:,1747647684791
counter/3/0/0/0,34433:1747647678801:,1747647684791
counter/3/0/0/0,34434:1747647678801:,1747647684791
counter/3/0/0/0,34435:1747647678802:,1747647684791
counter/3/0/0/0,34436:1747647678802:,1747647684791
counter/3/0/0/0,34437:1747647678802:,1747647684791
counter/3/0/0/0,34438:1747647678812:,1747647684791
counter/3/0/0/0,34439:1747647678812:,1747647684791
counter/3/0/0/0,34440:1747647678812:,1747647684791
counter/3/0/0/0,34441:1747647678812:,1747647684791
counter/3/0/0/0,34442:1747647678812:,1747647684791
counter/3/0/0/0,34443:1747647678812:,1747647684792
counter/3/0/0/0,34444:1747647678812:,1747647684792
counter/3/0/0/0,34445:1747647678812:,1747647684792
counter/3/0/0/0,34446:1747647678812:,1747647684792
counter/3/0/0/0,34447:1747647678813:,1747647684792
counter/3/0/0/0,34448:1747647678816:,1747647684792
counter/3/0/0/0,34449:1747647678816:,1747647684792
counter/10/0/0/0,32851:1747647676205:,1747647684792
counter/3/0/0/0,34450:1747647678816:,1747647684792
counter/3/0/0/0,34451:1747647678816:,1747647684792
counter/3/0/0/0,34452:1747647678816:,1747647684792
counter/4/0/0/0,35868:1747647679238:,1747647684792
counter/3/0/0/0,34453:1747647678816:,1747647684792
counter/10/0/0/0,32852:1747647676206:,1747647684792
counter/3/0/0/0,34454:1747647678816:,1747647684792
counter/10/0/0/0,32853:1747647676206:,1747647684792
counter/3/0/0/0,34455:1747647678817:,1747647684792
counter/10/0/0/0,32854:1747647676206:,1747647684792
counter/3/0/0/0,34456:1747647678817:,1747647684792
counter/10/0/0/0,32855:1747647676206:,1747647684792
counter/3/0/0/0,34457:1747647678817:,1747647684792
counter/10/0/0/0,32856:1747647676206:,1747647684792
counter/3/0/0/0,34458:1747647678817:,1747647684792
counter/10/0/0/0,32857:1747647676206:,1747647684792
counter/3/0/0/0,34459:1747647678817:,1747647684792
counter/10/0/0/0,32858:1747647676206:,1747647684792
counter/3/0/0/0,34460:1747647678817:,1747647684792
counter/10/0/0/0,32859:1747647676207:,1747647684792
counter/3/0/0/0,34461:1747647678817:,1747647684792
counter/3/0/0/0,34462:1747647678834:,1747647684792
counter/3/0/0/0,34463:1747647678839:,1747647684792
counter/3/0/0/0,34464:1747647678839:,1747647684792
counter/3/0/0/0,34465:1747647678839:,1747647684792
counter/3/0/0/0,34466:1747647678839:,1747647684792
counter/3/0/0/0,34467:1747647678839:,1747647684792
counter/3/0/0/0,34468:1747647678839:,1747647684792
counter/10/0/0/0,32860:1747647676211:,1747647684792
counter/3/0/0/0,34469:1747647678839:,1747647684792
counter/3/0/0/0,34470:1747647678839:,1747647684793
counter/3/0/0/0,34471:1747647678839:,1747647684793
counter/3/0/0/0,34472:1747647678845:,1747647684793
counter/3/0/0/0,34473:1747647678854:,1747647684793
counter/3/0/0/0,34474:1747647678854:,1747647684793
counter/3/0/0/0,34475:1747647678854:,1747647684793
counter/3/0/0/0,34476:1747647678854:,1747647684793
counter/3/0/0/0,34477:1747647678854:,1747647684793
counter/3/0/0/0,34478:1747647678854:,1747647684793
counter/3/0/0/0,34479:1747647678854:,1747647684793
counter/3/0/0/0,34480:1747647678858:,1747647684793
counter/3/0/0/0,34481:1747647678858:,1747647684793
counter/3/0/0/0,34482:1747647678858:,1747647684793
counter/4/0/0/0,35869:1747647679238:,1747647684793
counter/3/0/0/0,34483:1747647678858:,1747647684793
counter/10/0/0/0,32861:1747647676212:,1747647684793
counter/3/0/0/0,34484:1747647678858:,1747647684793
counter/3/0/0/0,34485:1747647678858:,1747647684793
counter/3/0/0/0,34486:1747647678858:,1747647684793
counter/3/0/0/0,34487:1747647678858:,1747647684793
counter/3/0/0/0,34488:1747647678858:,1747647684793
counter/3/0/0/0,34489:1747647678860:,1747647684793
counter/3/0/0/0,34490:1747647678860:,1747647684793
counter/3/0/0/0,34491:1747647678860:,1747647684793
counter/3/0/0/0,34492:1747647678860:,1747647684793
counter/3/0/0/0,34493:1747647678860:,1747647684793
counter/3/0/0/0,34494:1747647678860:,1747647684793
counter/3/0/0/0,34495:1747647678860:,1747647684793
counter/3/0/0/0,34496:1747647678860:,1747647684793
counter/3/0/0/0,34497:1747647678861:,1747647684793
counter/3/0/0/0,34498:1747647678861:,1747647684793
counter/3/0/0/0,34499:1747647678861:,1747647684793
counter/3/0/0/0,34500:1747647678868:,1747647684793
counter/3/0/0/0,34501:1747647678868:,1747647684793
counter/3/0/0/0,34502:1747647678869:,1747647684793
counter/10/0/0/0,32862:1747647676212:,1747647684794
counter/3/0/0/0,34503:1747647678869:,1747647684794
counter/3/0/0/0,34504:1747647678869:,1747647684794
counter/3/0/0/0,34505:1747647678869:,1747647684794
counter/3/0/0/0,34506:1747647678869:,1747647684794
counter/10/0/0/0,32863:1747647676212:,1747647684794
counter/3/0/0/0,34507:1747647678869:,1747647684794
counter/4/0/0/0,35870:1747647679238:,1747647684794
counter/3/0/0/0,34508:1747647678869:,1747647684794
counter/10/0/0/0,32864:1747647676212:,1747647684794
counter/3/0/0/0,34509:1747647678869:,1747647684794
counter/3/0/0/0,34510:1747647678869:,1747647684794
counter/3/0/0/0,34511:1747647678869:,1747647684794
counter/3/0/0/0,34512:1747647678869:,1747647684794
counter/3/0/0/0,34513:1747647678876:,1747647684794
counter/3/0/0/0,34514:1747647678877:,1747647684794
counter/3/0/0/0,34515:1747647678877:,1747647684794
counter/3/0/0/0,34516:1747647678877:,1747647684794
counter/3/0/0/0,34517:1747647678877:,1747647684794
counter/3/0/0/0,34518:1747647678877:,1747647684794
counter/3/0/0/0,34519:1747647678877:,1747647684794
counter/10/0/0/0,32865:1747647676218:,1747647684794
counter/3/0/0/0,34520:1747647678877:,1747647684794
counter/4/0/0/0,35871:1747647679238:,1747647684794
counter/3/0/0/0,34521:1747647678877:,1747647684794
counter/4/0/0/0,35872:1747647679238:,1747647684794
counter/3/0/0/0,34522:1747647678889:,1747647684794
counter/4/0/0/0,35873:1747647679238:,1747647684794
counter/10/0/0/0,32866:1747647676218:,1747647684794
counter/3/0/0/0,34523:1747647678890:,1747647684794
counter/4/0/0/0,35874:1747647679238:,1747647684794
counter/3/0/0/0,34524:1747647678890:,1747647684794
counter/4/0/0/0,35875:1747647679238:,1747647684794
counter/4/0/0/0,35876:1747647679239:,1747647684794
counter/4/0/0/0,35877:1747647679239:,1747647684794
counter/4/0/0/0,35878:1747647679248:,1747647684794
counter/4/0/0/0,35879:1747647679248:,1747647684794
counter/4/0/0/0,35880:1747647679248:,1747647684794
counter/4/0/0/0,35881:1747647679249:,1747647684795
counter/4/0/0/0,35882:1747647679249:,1747647684795
counter/4/0/0/0,35883:1747647679249:,1747647684795
counter/4/0/0/0,35884:1747647679249:,1747647684795
counter/4/0/0/0,35885:1747647679249:,1747647684795
counter/4/0/0/0,35886:1747647679249:,1747647684795
counter/10/0/0/0,32867:1747647676218:,1747647684795
counter/4/0/0/0,35887:1747647679249:,1747647684795
counter/4/0/0/0,35888:1747647679249:,1747647684795
counter/3/0/0/0,34525:1747647678890:,1747647684795
counter/4/0/0/0,35889:1747647679249:,1747647684795
counter/4/0/0/0,35890:1747647679249:,1747647684795
counter/4/0/0/0,35891:1747647679249:,1747647684795
counter/10/0/0/0,32868:1747647676218:,1747647684795
counter/4/0/0/0,35892:1747647679249:,1747647684795
counter/3/0/0/0,34526:1747647678891:,1747647684795
counter/4/0/0/0,35893:1747647679249:,1747647684795
counter/10/0/0/0,32869:1747647676218:,1747647684795
counter/4/0/0/0,35894:1747647679249:,1747647684795
counter/3/0/0/0,34527:1747647678891:,1747647684795
counter/4/0/0/0,35895:1747647679249:,1747647684795
counter/10/0/0/0,32870:1747647676218:,1747647684795
counter/4/0/0/0,35896:1747647679249:,1747647684795
counter/4/0/0/0,35897:1747647679249:,1747647684795
counter/4/0/0/0,35898:1747647679249:,1747647684795
counter/4/0/0/0,35899:1747647679249:,1747647684795
counter/3/0/0/0,34528:1747647678891:,1747647684795
counter/4/0/0/0,35900:1747647679250:,1747647684795
counter/10/0/0/0,32871:1747647676227:,1747647684795
counter/4/0/0/0,35901:1747647679250:,1747647684795
counter/4/0/0/0,35902:1747647679250:,1747647684795
counter/4/0/0/0,35903:1747647679251:,1747647684795
counter/4/0/0/0,35904:1747647679251:,1747647684795
counter/4/0/0/0,35905:1747647679251:,1747647684795
counter/4/0/0/0,35906:1747647679251:,1747647684795
counter/4/0/0/0,35907:1747647679251:,1747647684795
counter/4/0/0/0,35908:1747647679251:,1747647684796
counter/3/0/0/0,34529:1747647678891:,1747647684796
counter/4/0/0/0,35909:1747647679255:,1747647684796
counter/10/0/0/0,32872:1747647676227:,1747647684796
counter/4/0/0/0,35910:1747647679255:,1747647684796
counter/3/0/0/0,34530:1747647678891:,1747647684796
counter/4/0/0/0,35911:1747647679255:,1747647684796
counter/4/0/0/0,35912:1747647679255:,1747647684796
counter/4/0/0/0,35913:1747647679255:,1747647684796
counter/4/0/0/0,35914:1747647679255:,1747647684796
counter/4/0/0/0,35915:1747647679255:,1747647684796
counter/4/0/0/0,35916:1747647679255:,1747647684796
counter/4/0/0/0,35917:1747647679255:,1747647684796
counter/4/0/0/0,35918:1747647679275:,1747647684796
counter/4/0/0/0,35919:1747647679275:,1747647684796
counter/4/0/0/0,35920:1747647679275:,1747647684796
counter/4/0/0/0,35921:1747647679275:,1747647684796
counter/4/0/0/0,35922:1747647679275:,1747647684796
counter/4/0/0/0,35923:1747647679279:,1747647684796
counter/4/0/0/0,35924:1747647679280:,1747647684796
counter/4/0/0/0,35925:1747647679280:,1747647684796
counter/10/0/0/0,32873:1747647676227:,1747647684796
counter/4/0/0/0,35926:1747647679280:,1747647684796
counter/4/0/0/0,35927:1747647679280:,1747647684796
counter/4/0/0/0,35928:1747647679280:,1747647684796
counter/4/0/0/0,35929:1747647679280:,1747647684796
counter/4/0/0/0,35930:1747647679287:,1747647684796
counter/4/0/0/0,35931:1747647679287:,1747647684796
counter/4/0/0/0,35932:1747647679287:,1747647684796
counter/4/0/0/0,35933:1747647679287:,1747647684796
counter/4/0/0/0,35934:1747647679287:,1747647684796
counter/4/0/0/0,35935:1747647679287:,1747647684796
counter/4/0/0/0,35936:1747647679287:,1747647684796
counter/4/0/0/0,35937:1747647679290:,1747647684796
counter/4/0/0/0,35938:1747647679290:,1747647684797
counter/4/0/0/0,35939:1747647679290:,1747647684797
counter/4/0/0/0,35940:1747647679290:,1747647684797
counter/4/0/0/0,35941:1747647679290:,1747647684797
counter/4/0/0/0,35942:1747647679291:,1747647684797
counter/4/0/0/0,35943:1747647679291:,1747647684797
counter/4/0/0/0,35944:1747647679291:,1747647684797
counter/4/0/0/0,35945:1747647679291:,1747647684797
counter/4/0/0/0,35946:1747647679291:,1747647684797
counter/10/0/0/0,32874:1747647676247:,1747647684797
counter/4/0/0/0,35947:1747647679292:,1747647684797
counter/10/0/0/0,32875:1747647676248:,1747647684797
counter/3/0/0/0,34531:1747647678891:,1747647684797
counter/4/0/0/0,35948:1747647679292:,1747647684797
counter/3/0/0/0,34532:1747647678891:,1747647684797
counter/10/0/0/0,32876:1747647676248:,1747647684797
counter/4/0/0/0,35949:1747647679292:,1747647684797
counter/3/0/0/0,34533:1747647678891:,1747647684797
counter/10/0/0/0,32877:1747647676248:,1747647684797
counter/4/0/0/0,35950:1747647679292:,1747647684797
counter/3/0/0/0,34534:1747647678892:,1747647684797
counter/10/0/0/0,32878:1747647676252:,1747647684797
counter/4/0/0/0,35951:1747647679292:,1747647684797
counter/3/0/0/0,34535:1747647678892:,1747647684797
counter/10/0/0/0,32879:1747647676252:,1747647684797
counter/4/0/0/0,35952:1747647679292:,1747647684797
counter/3/0/0/0,34536:1747647678892:,1747647684797
counter/10/0/0/0,32880:1747647676252:,1747647684797
counter/4/0/0/0,35953:1747647679292:,1747647684797
counter/3/0/0/0,34537:1747647678892:,1747647684797
counter/10/0/0/0,32881:1747647676252:,1747647684797
counter/4/0/0/0,35954:1747647679294:,1747647684797
counter/3/0/0/0,34538:1747647678892:,1747647684797
counter/10/0/0/0,32882:1747647676254:,1747647684797
counter/4/0/0/0,35955:1747647679294:,1747647684797
counter/3/0/0/0,34539:1747647678893:,1747647684798
counter/10/0/0/0,32883:1747647676264:,1747647684798
counter/4/0/0/0,35956:1747647679294:,1747647684798
counter/3/0/0/0,34540:1747647678894:,1747647684798
counter/10/0/0/0,32884:1747647676264:,1747647684798
counter/4/0/0/0,35957:1747647679294:,1747647684798
counter/4/0/0/0,35958:1747647679294:,1747647684798
counter/10/0/0/0,32885:1747647676264:,1747647684798
counter/3/0/0/0,34541:1747647678894:,1747647684798
counter/4/0/0/0,35959:1747647679294:,1747647684798
counter/10/0/0/0,32886:1747647676264:,1747647684798
counter/3/0/0/0,34542:1747647678894:,1747647684798
counter/4/0/0/0,35960:1747647679294:,1747647684798
counter/10/0/0/0,32887:1747647676264:,1747647684798
counter/3/0/0/0,34543:1747647678894:,1747647684798
counter/4/0/0/0,35961:1747647679294:,1747647684798
counter/10/0/0/0,32888:1747647676264:,1747647684798
counter/3/0/0/0,34544:1747647678894:,1747647684798
counter/4/0/0/0,35962:1747647679295:,1747647684798
counter/10/0/0/0,32889:1747647676264:,1747647684798
counter/3/0/0/0,34545:1747647678894:,1747647684798
counter/4/0/0/0,35963:1747647679295:,1747647684798
counter/10/0/0/0,32890:1747647676264:,1747647684798
counter/3/0/0/0,34546:1747647678894:,1747647684798
counter/4/0/0/0,35964:1747647679295:,1747647684798
counter/10/0/0/0,32891:1747647676264:,1747647684798
counter/3/0/0/0,34547:1747647678894:,1747647684798
counter/4/0/0/0,35965:1747647679295:,1747647684798
counter/10/0/0/0,32892:1747647676264:,1747647684798
counter/3/0/0/0,34548:1747647678894:,1747647684798
counter/4/0/0/0,35966:1747647679295:,1747647684798
counter/10/0/0/0,32893:1747647676265:,1747647684798
counter/3/0/0/0,34549:1747647678894:,1747647684798
counter/4/0/0/0,35967:1747647679295:,1747647684798
counter/10/0/0/0,32894:1747647676285:,1747647684799
counter/3/0/0/0,34550:1747647678895:,1747647684799
counter/4/0/0/0,35968:1747647679295:,1747647684799
counter/10/0/0/0,32895:1747647676285:,1747647684799
counter/3/0/0/0,34551:1747647678899:,1747647684799
counter/4/0/0/0,35969:1747647679295:,1747647684799
counter/10/0/0/0,32896:1747647676285:,1747647684799
counter/3/0/0/0,34552:1747647678899:,1747647684799
counter/4/0/0/0,35970:1747647679295:,1747647684799
counter/10/0/0/0,32897:1747647676285:,1747647684799
counter/3/0/0/0,34553:1747647678899:,1747647684799
counter/4/0/0/0,35971:1747647679295:,1747647684799
counter/10/0/0/0,32898:1747647676288:,1747647684799
counter/3/0/0/0,34554:1747647678899:,1747647684799
counter/4/0/0/0,35972:1747647679295:,1747647684799
counter/10/0/0/0,32899:1747647676288:,1747647684799
counter/3/0/0/0,34555:1747647678899:,1747647684799
counter/4/0/0/0,35973:1747647679295:,1747647684799
counter/10/0/0/0,32900:1747647676288:,1747647684799
counter/3/0/0/0,34556:1747647678899:,1747647684799
counter/4/0/0/0,35974:1747647679299:,1747647684799
counter/10/0/0/0,32901:1747647676288:,1747647684799
counter/10/0/0/0,32902:1747647676288:,1747647684799
counter/10/0/0/0,32903:1747647676288:,1747647684799
counter/3/0/0/0,34557:1747647678902:,1747647684799
counter/10/0/0/0,32904:1747647676288:,1747647684799
counter/4/0/0/0,35975:1747647679299:,1747647684799
counter/4/0/0/0,35976:1747647679299:,1747647684799
counter/4/0/0/0,35977:1747647679299:,1747647684799
counter/4/0/0/0,35978:1747647679299:,1747647684799
counter/4/0/0/0,35979:1747647679299:,1747647684799
counter/10/0/0/0,32905:1747647676288:,1747647684799
counter/4/0/0/0,35980:1747647679299:,1747647684799
counter/4/0/0/0,35981:1747647679299:,1747647684799
counter/10/0/0/0,32906:1747647676288:,1747647684799
counter/3/0/0/0,34558:1747647678902:,1747647684800
counter/4/0/0/0,35982:1747647679299:,1747647684800
counter/10/0/0/0,32907:1747647676288:,1747647684800
counter/4/0/0/0,35983:1747647679299:,1747647684800
counter/3/0/0/0,34559:1747647678902:,1747647684800
counter/10/0/0/0,32908:1747647676288:,1747647684800
counter/3/0/0/0,34560:1747647678902:,1747647684800
counter/4/0/0/0,35984:1747647679301:,1747647684800
counter/10/0/0/0,32909:1747647676288:,1747647684800
counter/3/0/0/0,34561:1747647678902:,1747647684800
counter/4/0/0/0,35985:1747647679302:,1747647684800
counter/10/0/0/0,32910:1747647676288:,1747647684800
counter/3/0/0/0,34562:1747647678902:,1747647684800
counter/4/0/0/0,35986:1747647679302:,1747647684800
counter/10/0/0/0,32911:1747647676288:,1747647684800
counter/3/0/0/0,34563:1747647678902:,1747647684800
counter/4/0/0/0,35987:1747647679314:,1747647684800
counter/10/0/0/0,32912:1747647676288:,1747647684800
counter/3/0/0/0,34564:1747647678902:,1747647684800
counter/4/0/0/0,35988:1747647679315:,1747647684800
counter/10/0/0/0,32913:1747647676288:,1747647684800
counter/3/0/0/0,34565:1747647678902:,1747647684800
counter/4/0/0/0,35989:1747647679315:,1747647684800
counter/10/0/0/0,32914:1747647676290:,1747647684800
counter/3/0/0/0,34566:1747647678902:,1747647684800
counter/4/0/0/0,35990:1747647679315:,1747647684800
counter/10/0/0/0,32915:1747647676290:,1747647684800
counter/3/0/0/0,34567:1747647678902:,1747647684800
counter/4/0/0/0,35991:1747647679315:,1747647684800
counter/10/0/0/0,32916:1747647676309:,1747647684800
counter/3/0/0/0,34568:1747647678903:,1747647684800
counter/4/0/0/0,35992:1747647679315:,1747647684800
counter/10/0/0/0,32917:1747647676309:,1747647684800
counter/3/0/0/0,34569:1747647678903:,1747647684800
counter/4/0/0/0,35993:1747647679315:,1747647684800
counter/10/0/0/0,32918:1747647676309:,1747647684800
counter/10/0/0/0,32919:1747647676309:,1747647684800
counter/4/0/0/0,35994:1747647679326:,1747647684800
counter/3/0/0/0,34570:1747647678903:,1747647684801
counter/10/0/0/0,32920:1747647676309:,1747647684801
counter/4/0/0/0,35995:1747647679326:,1747647684801
counter/3/0/0/0,34571:1747647678903:,1747647684801
counter/10/0/0/0,32921:1747647676309:,1747647684801
counter/4/0/0/0,35996:1747647679326:,1747647684801
counter/3/0/0/0,34572:1747647678903:,1747647684801
counter/10/0/0/0,32922:1747647676309:,1747647684801
counter/4/0/0/0,35997:1747647679326:,1747647684801
counter/3/0/0/0,34573:1747647678903:,1747647684801
counter/10/0/0/0,32923:1747647676309:,1747647684801
counter/4/0/0/0,35998:1747647679326:,1747647684801
counter/3/0/0/0,34574:1747647678904:,1747647684801
counter/10/0/0/0,32924:1747647676309:,1747647684801
counter/4/0/0/0,35999:1747647679326:,1747647684801
counter/3/0/0/0,34575:1747647678904:,1747647684801
counter/10/0/0/0,32925:1747647676309:,1747647684801
counter/3/0/0/0,34576:1747647678904:,1747647684801
counter/4/0/0/0,36000:1747647679326:,1747647684801
counter/10/0/0/0,32926:1747647676309:,1747647684801
counter/3/0/0/0,34577:1747647678904:,1747647684801
counter/4/0/0/0,36001:1747647679326:,1747647684801
counter/10/0/0/0,32927:1747647676309:,1747647684801
counter/3/0/0/0,34578:1747647678904:,1747647684801
counter/4/0/0/0,36002:1747647679326:,1747647684801
counter/10/0/0/0,32928:1747647676322:,1747647684801
counter/3/0/0/0,34579:1747647678904:,1747647684801
counter/4/0/0/0,36003:1747647679326:,1747647684801
counter/10/0/0/0,32929:1747647676322:,1747647684801
counter/3/0/0/0,34580:1747647678904:,1747647684801
counter/4/0/0/0,36004:1747647679326:,1747647684801
counter/10/0/0/0,32930:1747647676322:,1747647684801
counter/3/0/0/0,34581:1747647678904:,1747647684801
counter/4/0/0/0,36005:1747647679326:,1747647684801
counter/10/0/0/0,32931:1747647676334:,1747647684802
counter/3/0/0/0,34582:1747647678904:,1747647684802
counter/4/0/0/0,36006:1747647679326:,1747647684802
counter/10/0/0/0,32932:1747647676334:,1747647684802
counter/10/0/0/0,32933:1747647676334:,1747647684802
counter/10/0/0/0,32934:1747647676334:,1747647684802
counter/3/0/0/0,34583:1747647678904:,1747647684802
counter/10/0/0/0,32935:1747647676334:,1747647684802
counter/4/0/0/0,36007:1747647679326:,1747647684802
counter/3/0/0/0,34584:1747647678905:,1747647684802
counter/10/0/0/0,32936:1747647676334:,1747647684802
counter/4/0/0/0,36008:1747647679326:,1747647684802
counter/3/0/0/0,34585:1747647678905:,1747647684802
counter/10/0/0/0,32937:1747647676335:,1747647684802
counter/4/0/0/0,36009:1747647679326:,1747647684802
counter/3/0/0/0,34586:1747647678905:,1747647684802
counter/10/0/0/0,32938:1747647676335:,1747647684802
counter/4/0/0/0,36010:1747647679326:,1747647684802
counter/3/0/0/0,34587:1747647678905:,1747647684802
counter/10/0/0/0,32939:1747647676335:,1747647684802
counter/4/0/0/0,36011:1747647679330:,1747647684802
counter/3/0/0/0,34588:1747647678905:,1747647684802
counter/10/0/0/0,32940:1747647676335:,1747647684802
counter/3/0/0/0,34589:1747647678910:,1747647684802
counter/4/0/0/0,36012:1747647679330:,1747647684802
counter/10/0/0/0,32941:1747647676335:,1747647684802
counter/3/0/0/0,34590:1747647678910:,1747647684802
counter/4/0/0/0,36013:1747647679330:,1747647684802
counter/10/0/0/0,32942:1747647676335:,1747647684802
counter/3/0/0/0,34591:1747647678910:,1747647684802
counter/4/0/0/0,36014:1747647679330:,1747647684802
counter/3/0/0/0,34592:1747647678911:,1747647684802
counter/10/0/0/0,32943:1747647676335:,1747647684802
counter/4/0/0/0,36015:1747647679330:,1747647684802
counter/10/0/0/0,32944:1747647676335:,1747647684802
counter/3/0/0/0,34593:1747647678911:,1747647684803
counter/4/0/0/0,36016:1747647679331:,1747647684803
counter/10/0/0/0,32945:1747647676335:,1747647684803
counter/3/0/0/0,34594:1747647678911:,1747647684803
counter/4/0/0/0,36017:1747647679342:,1747647684803
counter/10/0/0/0,32946:1747647676335:,1747647684803
counter/3/0/0/0,34595:1747647678911:,1747647684803
counter/4/0/0/0,36018:1747647679356:,1747647684803
counter/10/0/0/0,32947:1747647676335:,1747647684803
counter/3/0/0/0,34596:1747647678911:,1747647684803
counter/4/0/0/0,36019:1747647679356:,1747647684803
counter/10/0/0/0,32948:1747647676335:,1747647684803
counter/3/0/0/0,34597:1747647678911:,1747647684803
counter/4/0/0/0,36020:1747647679357:,1747647684803
counter/10/0/0/0,32949:1747647676336:,1747647684803
counter/3/0/0/0,34598:1747647678911:,1747647684803
counter/4/0/0/0,36021:1747647679357:,1747647684803
counter/10/0/0/0,32950:1747647676336:,1747647684803
counter/3/0/0/0,34599:1747647678911:,1747647684803
counter/4/0/0/0,36022:1747647679357:,1747647684803
counter/10/0/0/0,32951:1747647676336:,1747647684803
counter/3/0/0/0,34600:1747647678911:,1747647684803
counter/4/0/0/0,36023:1747647679375:,1747647684803
counter/10/0/0/0,32952:1747647676336:,1747647684803
counter/3/0/0/0,34601:1747647678911:,1747647684803
counter/4/0/0/0,36024:1747647679375:,1747647684803
counter/10/0/0/0,32953:1747647676336:,1747647684803
counter/3/0/0/0,34602:1747647678911:,1747647684803
counter/4/0/0/0,36025:1747647679375:,1747647684803
counter/10/0/0/0,32954:1747647676336:,1747647684803
counter/3/0/0/0,34603:1747647678911:,1747647684803
counter/4/0/0/0,36026:1747647679375:,1747647684803
counter/10/0/0/0,32955:1747647676336:,1747647684803
counter/3/0/0/0,34604:1747647678923:,1747647684803
counter/4/0/0/0,36027:1747647679375:,1747647684803
counter/10/0/0/0,32956:1747647676336:,1747647684803
counter/3/0/0/0,34605:1747647678923:,1747647684803
counter/4/0/0/0,36028:1747647679375:,1747647684804
counter/10/0/0/0,32957:1747647676336:,1747647684804
counter/3/0/0/0,34606:1747647678923:,1747647684804
counter/4/0/0/0,36029:1747647679375:,1747647684804
counter/10/0/0/0,32958:1747647676336:,1747647684804
counter/3/0/0/0,34607:1747647678923:,1747647684804
counter/4/0/0/0,36030:1747647679375:,1747647684804
counter/10/0/0/0,32959:1747647676336:,1747647684804
counter/3/0/0/0,34608:1747647678923:,1747647684804
counter/4/0/0/0,36031:1747647679375:,1747647684804
counter/10/0/0/0,32960:1747647676336:,1747647684804
counter/3/0/0/0,34609:1747647678924:,1747647684804
counter/4/0/0/0,36032:1747647679375:,1747647684804
counter/10/0/0/0,32961:1747647676336:,1747647684804
counter/3/0/0/0,34610:1747647678924:,1747647684804
counter/4/0/0/0,36033:1747647679375:,1747647684804
counter/10/0/0/0,32962:1747647676336:,1747647684804
counter/3/0/0/0,34611:1747647678924:,1747647684804
counter/4/0/0/0,36034:1747647679375:,1747647684804
counter/10/0/0/0,32963:1747647676336:,1747647684804
counter/3/0/0/0,34612:1747647678924:,1747647684804
counter/4/0/0/0,36035:1747647679375:,1747647684804
counter/10/0/0/0,32964:1747647676336:,1747647684804
counter/3/0/0/0,34613:1747647678924:,1747647684804
counter/4/0/0/0,36036:1747647679379:,1747647684804
counter/10/0/0/0,32965:1747647676336:,1747647684804
counter/3/0/0/0,34614:1747647678924:,1747647684804
counter/4/0/0/0,36037:1747647679409:,1747647684804
counter/10/0/0/0,32966:1747647676336:,1747647684804
counter/3/0/0/0,34615:1747647678924:,1747647684804
counter/4/0/0/0,36038:1747647679409:,1747647684804
counter/10/0/0/0,32967:1747647676336:,1747647684804
counter/10/0/0/0,32968:1747647676336:,1747647684804
counter/10/0/0/0,32969:1747647676336:,1747647684805
counter/10/0/0/0,32970:1747647676338:,1747647684805
counter/4/0/0/0,36039:1747647679409:,1747647684805
counter/10/0/0/0,32971:1747647676338:,1747647684805
counter/3/0/0/0,34616:1747647678924:,1747647684805
counter/3/0/0/0,34617:1747647678951:,1747647684805
counter/4/0/0/0,36040:1747647679409:,1747647684805
counter/4/0/0/0,36041:1747647679409:,1747647684805
counter/10/0/0/0,32972:1747647676338:,1747647684805
counter/3/0/0/0,34618:1747647678951:,1747647684805
counter/10/0/0/0,32973:1747647676338:,1747647684805
counter/4/0/0/0,36042:1747647679409:,1747647684805
counter/3/0/0/0,34619:1747647678951:,1747647684805
counter/10/0/0/0,32974:1747647676338:,1747647684805
counter/4/0/0/0,36043:1747647679409:,1747647684805
counter/3/0/0/0,34620:1747647678952:,1747647684805
counter/10/0/0/0,32975:1747647676338:,1747647684805
counter/4/0/0/0,36044:1747647679409:,1747647684805
counter/3/0/0/0,34621:1747647678960:,1747647684805
counter/10/0/0/0,32976:1747647676338:,1747647684805
counter/4/0/0/0,36045:1747647679409:,1747647684805
counter/3/0/0/0,34622:1747647678960:,1747647684805
counter/10/0/0/0,32977:1747647676340:,1747647684805
counter/4/0/0/0,36046:1747647679409:,1747647684805
counter/3/0/0/0,34623:1747647678960:,1747647684805
counter/10/0/0/0,32978:1747647676340:,1747647684805
counter/4/0/0/0,36047:1747647679410:,1747647684805
counter/3/0/0/0,34624:1747647678960:,1747647684805
counter/10/0/0/0,32979:1747647676340:,1747647684805
counter/4/0/0/0,36048:1747647679410:,1747647684805
counter/3/0/0/0,34625:1747647678960:,1747647684805
counter/10/0/0/0,32980:1747647676340:,1747647684805
counter/4/0/0/0,36049:1747647679410:,1747647684805
counter/3/0/0/0,34626:1747647678960:,1747647684805
counter/10/0/0/0,32981:1747647676340:,1747647684805
counter/4/0/0/0,36050:1747647679410:,1747647684805
counter/3/0/0/0,34627:1747647678960:,1747647684805
counter/3/0/0/0,34628:1747647678960:,1747647684806
counter/10/0/0/0,32982:1747647676361:,1747647684806
counter/10/0/0/0,32983:1747647676361:,1747647684806
counter/10/0/0/0,32984:1747647676361:,1747647684806
counter/10/0/0/0,32985:1747647676361:,1747647684806
counter/10/0/0/0,32986:1747647676361:,1747647684806
counter/10/0/0/0,32987:1747647676361:,1747647684806
counter/10/0/0/0,32988:1747647676361:,1747647684806
counter/10/0/0/0,32989:1747647676361:,1747647684806
counter/10/0/0/0,32990:1747647676365:,1747647684806
counter/10/0/0/0,32991:1747647676365:,1747647684806
counter/10/0/0/0,32992:1747647676365:,1747647684806
counter/10/0/0/0,32993:1747647676365:,1747647684806
counter/10/0/0/0,32994:1747647676366:,1747647684806
counter/3/0/0/0,34629:1747647678960:,1747647684806
counter/10/0/0/0,32995:1747647676366:,1747647684806
counter/10/0/0/0,32996:1747647676366:,1747647684806
counter/3/0/0/0,34630:1747647678960:,1747647684806
counter/10/0/0/0,32997:1747647676366:,1747647684806
counter/10/0/0/0,32998:1747647676366:,1747647684806
counter/10/0/0/0,32999:1747647676368:,1747647684806
counter/3/0/0/0,34631:1747647678960:,1747647684806
counter/10/0/0/0,33000:1747647676368:,1747647684806
counter/10/0/0/0,33001:1747647676368:,1747647684806
counter/10/0/0/0,33002:1747647676368:,1747647684806
counter/10/0/0/0,33003:1747647676368:,1747647684806
counter/4/0/0/0,36051:1747647679410:,1747647684806
counter/10/0/0/0,33004:1747647676368:,1747647684806
counter/3/0/0/0,34632:1747647678960:,1747647684806
counter/10/0/0/0,33005:1747647676368:,1747647684806
counter/4/0/0/0,36052:1747647679410:,1747647684806
counter/10/0/0/0,33006:1747647676372:,1747647684806
counter/10/0/0/0,33007:1747647676372:,1747647684806
counter/10/0/0/0,33008:1747647676372:,1747647684806
counter/10/0/0/0,33009:1747647676372:,1747647684806
counter/10/0/0/0,33010:1747647676372:,1747647684807
counter/10/0/0/0,33011:1747647676372:,1747647684807
counter/10/0/0/0,33012:1747647676372:,1747647684807
counter/3/0/0/0,34633:1747647678963:,1747647684807
counter/4/0/0/0,36053:1747647679420:,1747647684807
counter/10/0/0/0,33013:1747647676372:,1747647684807
counter/4/0/0/0,36054:1747647679420:,1747647684807
counter/3/0/0/0,34634:1747647678963:,1747647684807
counter/10/0/0/0,33014:1747647676372:,1747647684807
counter/4/0/0/0,36055:1747647679421:,1747647684807
counter/3/0/0/0,34635:1747647678963:,1747647684807
counter/10/0/0/0,33015:1747647676372:,1747647684807
counter/4/0/0/0,36056:1747647679421:,1747647684807
counter/3/0/0/0,34636:1747647678963:,1747647684807
counter/10/0/0/0,33016:1747647676372:,1747647684807
counter/10/0/0/0,33017:1747647676372:,1747647684807
counter/10/0/0/0,33018:1747647676372:,1747647684807
counter/3/0/0/0,34637:1747647678963:,1747647684807
counter/4/0/0/0,36057:1747647679421:,1747647684807
counter/10/0/0/0,33019:1747647676372:,1747647684807
counter/3/0/0/0,34638:1747647678963:,1747647684807
counter/4/0/0/0,36058:1747647679421:,1747647684807
counter/10/0/0/0,33020:1747647676372:,1747647684807
counter/3/0/0/0,34639:1747647678963:,1747647684807
counter/4/0/0/0,36059:1747647679421:,1747647684807
counter/10/0/0/0,33021:1747647676372:,1747647684807
counter/10/0/0/0,33022:1747647676373:,1747647684807
counter/10/0/0/0,33023:1747647676373:,1747647684807
counter/4/0/0/0,36060:1747647679421:,1747647684807
counter/10/0/0/0,33024:1747647676373:,1747647684807
counter/3/0/0/0,34640:1747647678963:,1747647684807
counter/3/0/0/0,34641:1747647678963:,1747647684807
counter/3/0/0/0,34642:1747647678963:,1747647684807
counter/3/0/0/0,34643:1747647678966:,1747647684808
counter/3/0/0/0,34644:1747647678966:,1747647684808
counter/3/0/0/0,34645:1747647678966:,1747647684808
counter/10/0/0/0,33025:1747647676373:,1747647684808
counter/3/0/0/0,34646:1747647678966:,1747647684808
counter/3/0/0/0,34647:1747647678966:,1747647684808
counter/3/0/0/0,34648:1747647678966:,1747647684808
counter/3/0/0/0,34649:1747647678966:,1747647684808
counter/3/0/0/0,34650:1747647678966:,1747647684808
counter/3/0/0/0,34651:1747647678966:,1747647684808
counter/3/0/0/0,34652:1747647678966:,1747647684808
counter/10/0/0/0,33026:1747647676373:,1747647684808
counter/3/0/0/0,34653:1747647678966:,1747647684808
counter/4/0/0/0,36061:1747647679421:,1747647684808
counter/3/0/0/0,34654:1747647678966:,1747647684808
counter/3/0/0/0,34655:1747647678966:,1747647684808
counter/3/0/0/0,34656:1747647678966:,1747647684808
counter/10/0/0/0,33027:1747647676373:,1747647684808
counter/3/0/0/0,34657:1747647678966:,1747647684808
counter/4/0/0/0,36062:1747647679421:,1747647684808
counter/3/0/0/0,34658:1747647678966:,1747647684808
counter/3/0/0/0,34659:1747647678966:,1747647684808
counter/10/0/0/0,33028:1747647676373:,1747647684808
counter/3/0/0/0,34660:1747647678966:,1747647684808
counter/4/0/0/0,36063:1747647679421:,1747647684808
counter/3/0/0/0,34661:1747647678966:,1747647684808
counter/3/0/0/0,34662:1747647678966:,1747647684808
counter/10/0/0/0,33029:1747647676373:,1747647684808
counter/3/0/0/0,34663:1747647678966:,1747647684808
counter/4/0/0/0,36064:1747647679421:,1747647684808
counter/3/0/0/0,34664:1747647678966:,1747647684808
counter/3/0/0/0,34665:1747647678966:,1747647684808
counter/10/0/0/0,33030:1747647676373:,1747647684808
counter/3/0/0/0,34666:1747647678966:,1747647684808
counter/3/0/0/0,34667:1747647678966:,1747647684808
counter/3/0/0/0,34668:1747647678967:,1747647684808
counter/4/0/0/0,36065:1747647679421:,1747647684808
counter/4/0/0/0,36066:1747647679421:,1747647684808
counter/10/0/0/0,33031:1747647676373:,1747647684809
counter/4/0/0/0,36067:1747647679421:,1747647684809
counter/10/0/0/0,33032:1747647676373:,1747647684809
counter/10/0/0/0,33033:1747647676373:,1747647684809
counter/10/0/0/0,33034:1747647676373:,1747647684809
counter/10/0/0/0,33035:1747647676373:,1747647684809
counter/10/0/0/0,33036:1747647676373:,1747647684809
counter/10/0/0/0,33037:1747647676373:,1747647684809
counter/10/0/0/0,33038:1747647676373:,1747647684809
counter/10/0/0/0,33039:1747647676373:,1747647684809
counter/10/0/0/0,33040:1747647676373:,1747647684809
counter/10/0/0/0,33041:1747647676373:,1747647684809
counter/10/0/0/0,33042:1747647676373:,1747647684809
counter/10/0/0/0,33043:1747647676373:,1747647684809
counter/10/0/0/0,33044:1747647676373:,1747647684809
counter/4/0/0/0,36068:1747647679421:,1747647684809
counter/10/0/0/0,33045:1747647676380:,1747647684809
counter/10/0/0/0,33046:1747647676380:,1747647684809
counter/10/0/0/0,33047:1747647676380:,1747647684809
counter/3/0/0/0,34669:1747647678967:,1747647684809
counter/10/0/0/0,33048:1747647676380:,1747647684809
counter/10/0/0/0,33049:1747647676380:,1747647684809
counter/10/0/0/0,33050:1747647676380:,1747647684809
counter/10/0/0/0,33051:1747647676380:,1747647684809
counter/10/0/0/0,33052:1747647676380:,1747647684809
counter/10/0/0/0,33053:1747647676380:,1747647684809
counter/10/0/0/0,33054:1747647676381:,1747647684809
counter/10/0/0/0,33055:1747647676381:,1747647684809
counter/10/0/0/0,33056:1747647676381:,1747647684809
counter/10/0/0/0,33057:1747647676383:,1747647684809
counter/4/0/0/0,36069:1747647679421:,1747647684809
counter/10/0/0/0,33058:1747647676383:,1747647684810
counter/3/0/0/0,34670:1747647678967:,1747647684810
counter/10/0/0/0,33059:1747647676383:,1747647684810
counter/10/0/0/0,33060:1747647676383:,1747647684810
counter/10/0/0/0,33061:1747647676383:,1747647684810
counter/10/0/0/0,33062:1747647676383:,1747647684810
counter/3/0/0/0,34671:1747647678967:,1747647684810
counter/10/0/0/0,33063:1747647676383:,1747647684810
counter/4/0/0/0,36070:1747647679421:,1747647684810
counter/10/0/0/0,33064:1747647676390:,1747647684810
counter/10/0/0/0,33065:1747647676390:,1747647684810
counter/10/0/0/0,33066:1747647676390:,1747647684810
counter/10/0/0/0,33067:1747647676390:,1747647684810
counter/10/0/0/0,33068:1747647676391:,1747647684810
counter/10/0/0/0,33069:1747647676391:,1747647684810
counter/10/0/0/0,33070:1747647676391:,1747647684810
counter/4/0/0/0,36071:1747647679421:,1747647684810
counter/10/0/0/0,33071:1747647676391:,1747647684810
counter/10/0/0/0,33072:1747647676391:,1747647684810
counter/10/0/0/0,33073:1747647676391:,1747647684810
counter/10/0/0/0,33074:1747647676391:,1747647684810
counter/10/0/0/0,33075:1747647676391:,1747647684810
counter/10/0/0/0,33076:1747647676391:,1747647684810
counter/10/0/0/0,33077:1747647676391:,1747647684810
counter/10/0/0/0,33078:1747647676391:,1747647684810
counter/10/0/0/0,33079:1747647676391:,1747647684810
counter/10/0/0/0,33080:1747647676391:,1747647684810
counter/10/0/0/0,33081:1747647676395:,1747647684810
counter/10/0/0/0,33082:1747647676395:,1747647684810
counter/10/0/0/0,33083:1747647676395:,1747647684810
counter/3/0/0/0,34672:1747647678967:,1747647684810
counter/4/0/0/0,36072:1747647679421:,1747647684810
counter/10/0/0/0,33084:1747647676395:,1747647684810
counter/3/0/0/0,34673:1747647678967:,1747647684810
counter/4/0/0/0,36073:1747647679421:,1747647684811
counter/10/0/0/0,33085:1747647676395:,1747647684811
counter/3/0/0/0,34674:1747647678967:,1747647684811
counter/4/0/0/0,36074:1747647679421:,1747647684811
counter/10/0/0/0,33086:1747647676395:,1747647684811
counter/3/0/0/0,34675:1747647678967:,1747647684811
counter/4/0/0/0,36075:1747647679421:,1747647684811
counter/10/0/0/0,33087:1747647676395:,1747647684811
counter/3/0/0/0,34676:1747647678967:,1747647684811
counter/4/0/0/0,36076:1747647679421:,1747647684811
counter/10/0/0/0,33088:1747647676395:,1747647684811
counter/3/0/0/0,34677:1747647678967:,1747647684811
counter/4/0/0/0,36077:1747647679421:,1747647684811
counter/10/0/0/0,33089:1747647676395:,1747647684811
counter/3/0/0/0,34678:1747647678967:,1747647684811
counter/4/0/0/0,36078:1747647679421:,1747647684811
counter/10/0/0/0,33090:1747647676395:,1747647684811
counter/3/0/0/0,34679:1747647678967:,1747647684811
counter/4/0/0/0,36079:1747647679422:,1747647684811
counter/10/0/0/0,33091:1747647676396:,1747647684811
counter/3/0/0/0,34680:1747647678967:,1747647684811
counter/4/0/0/0,36080:1747647679422:,1747647684811
counter/10/0/0/0,33092:1747647676396:,1747647684811
counter/3/0/0/0,34681:1747647678967:,1747647684811
counter/4/0/0/0,36081:1747647679422:,1747647684811
counter/10/0/0/0,33093:1747647676396:,1747647684811
counter/3/0/0/0,34682:1747647678977:,1747647684811
counter/4/0/0/0,36082:1747647679422:,1747647684811
counter/10/0/0/0,33094:1747647676396:,1747647684811
counter/3/0/0/0,34683:1747647678977:,1747647684811
counter/4/0/0/0,36083:1747647679422:,1747647684811
counter/10/0/0/0,33095:1747647676396:,1747647684811
counter/3/0/0/0,34684:1747647678977:,1747647684811
counter/4/0/0/0,36084:1747647679423:,1747647684811
counter/10/0/0/0,33096:1747647676396:,1747647684811
counter/3/0/0/0,34685:1747647678977:,1747647684811
counter/10/0/0/0,33097:1747647676396:,1747647684811
counter/4/0/0/0,36085:1747647679423:,1747647684812
counter/3/0/0/0,34686:1747647678977:,1747647684812
counter/4/0/0/0,36086:1747647679423:,1747647684812
counter/10/0/0/0,33098:1747647676396:,1747647684812
counter/3/0/0/0,34687:1747647678977:,1747647684812
counter/4/0/0/0,36087:1747647679423:,1747647684812
counter/10/0/0/0,33099:1747647676396:,1747647684812
counter/3/0/0/0,34688:1747647678977:,1747647684812
counter/4/0/0/0,36088:1747647679423:,1747647684812
counter/10/0/0/0,33100:1747647676407:,1747647684812
counter/3/0/0/0,34689:1747647678977:,1747647684812
counter/4/0/0/0,36089:1747647679423:,1747647684812
counter/10/0/0/0,33101:1747647676409:,1747647684812
counter/3/0/0/0,34690:1747647678977:,1747647684812
counter/4/0/0/0,36090:1747647679423:,1747647684812
counter/4/0/0/0,36091:1747647679423:,1747647684812
counter/4/0/0/0,36092:1747647679423:,1747647684812
counter/4/0/0/0,36093:1747647679423:,1747647684812
counter/10/0/0/0,33102:1747647676409:,1747647684812
counter/4/0/0/0,36094:1747647679423:,1747647684812
counter/4/0/0/0,36095:1747647679423:,1747647684812
counter/4/0/0/0,36096:1747647679423:,1747647684812
counter/4/0/0/0,36097:1747647679423:,1747647684812
counter/4/0/0/0,36098:1747647679424:,1747647684812
counter/4/0/0/0,36099:1747647679425:,1747647684812
counter/4/0/0/0,36100:1747647679425:,1747647684812
counter/4/0/0/0,36101:1747647679425:,1747647684812
counter/10/0/0/0,33103:1747647676409:,1747647684812
counter/4/0/0/0,36102:1747647679425:,1747647684812
counter/3/0/0/0,34691:1747647678977:,1747647684812
counter/4/0/0/0,36103:1747647679425:,1747647684812
counter/10/0/0/0,33104:1747647676409:,1747647684812
counter/4/0/0/0,36104:1747647679425:,1747647684812
counter/4/0/0/0,36105:1747647679431:,1747647684812
counter/4/0/0/0,36106:1747647679432:,1747647684812
counter/4/0/0/0,36107:1747647679432:,1747647684812
counter/4/0/0/0,36108:1747647679432:,1747647684812
counter/3/0/0/0,34692:1747647678977:,1747647684812
counter/4/0/0/0,36109:1747647679432:,1747647684813
counter/10/0/0/0,33105:1747647676409:,1747647684813
counter/4/0/0/0,36110:1747647679432:,1747647684813
counter/4/0/0/0,36111:1747647679432:,1747647684813
counter/4/0/0/0,36112:1747647679432:,1747647684813
counter/4/0/0/0,36113:1747647679432:,1747647684813
counter/4/0/0/0,36114:1747647679432:,1747647684813
counter/3/0/0/0,34693:1747647678977:,1747647684813
counter/4/0/0/0,36115:1747647679432:,1747647684813
counter/10/0/0/0,33106:1747647676409:,1747647684813
counter/4/0/0/0,36116:1747647679432:,1747647684813
counter/4/0/0/0,36117:1747647679432:,1747647684813
counter/10/0/0/0,33107:1747647676409:,1747647684813
counter/4/0/0/0,36118:1747647679432:,1747647684813
counter/4/0/0/0,36119:1747647679432:,1747647684813
counter/4/0/0/0,36120:1747647679432:,1747647684813
counter/10/0/0/0,33108:1747647676409:,1747647684813
counter/4/0/0/0,36121:1747647679432:,1747647684813
counter/4/0/0/0,36122:1747647679437:,1747647684813
counter/4/0/0/0,36123:1747647679437:,1747647684813
counter/4/0/0/0,36124:1747647679438:,1747647684813
counter/4/0/0/0,36125:1747647679438:,1747647684813
counter/4/0/0/0,36126:1747647679438:,1747647684813
counter/4/0/0/0,36127:1747647679438:,1747647684813
counter/4/0/0/0,36128:1747647679438:,1747647684813
counter/4/0/0/0,36129:1747647679439:,1747647684813
counter/4/0/0/0,36130:1747647679440:,1747647684813
counter/4/0/0/0,36131:1747647679440:,1747647684813
counter/4/0/0/0,36132:1747647679440:,1747647684813
counter/3/0/0/0,34694:1747647678977:,1747647684813
counter/4/0/0/0,36133:1747647679440:,1747647684813
counter/10/0/0/0,33109:1747647676409:,1747647684813
counter/4/0/0/0,36134:1747647679440:,1747647684813
counter/3/0/0/0,34695:1747647678977:,1747647684813
counter/4/0/0/0,36135:1747647679440:,1747647684813
counter/10/0/0/0,33110:1747647676409:,1747647684814
counter/4/0/0/0,36136:1747647679440:,1747647684814
counter/4/0/0/0,36137:1747647679440:,1747647684814
counter/4/0/0/0,36138:1747647679440:,1747647684814
counter/4/0/0/0,36139:1747647679440:,1747647684814
counter/4/0/0/0,36140:1747647679440:,1747647684814
counter/4/0/0/0,36141:1747647679440:,1747647684814
counter/4/0/0/0,36142:1747647679440:,1747647684814
counter/4/0/0/0,36143:1747647679441:,1747647684814
counter/4/0/0/0,36144:1747647679441:,1747647684814
counter/4/0/0/0,36145:1747647679441:,1747647684814
counter/10/0/0/0,33111:1747647676409:,1747647684814
counter/4/0/0/0,36146:1747647679441:,1747647684814
counter/4/0/0/0,36147:1747647679441:,1747647684814
counter/4/0/0/0,36148:1747647679441:,1747647684814
counter/4/0/0/0,36149:1747647679441:,1747647684814
counter/4/0/0/0,36150:1747647679441:,1747647684814
counter/4/0/0/0,36151:1747647679441:,1747647684814
counter/4/0/0/0,36152:1747647679441:,1747647684814
counter/4/0/0/0,36153:1747647679450:,1747647684814
counter/4/0/0/0,36154:1747647679450:,1747647684814
counter/10/0/0/0,33112:1747647676409:,1747647684814
counter/4/0/0/0,36155:1747647679450:,1747647684814
counter/4/0/0/0,36156:1747647679450:,1747647684814
counter/4/0/0/0,36157:1747647679450:,1747647684814
counter/4/0/0/0,36158:1747647679456:,1747647684814
counter/4/0/0/0,36159:1747647679456:,1747647684814
counter/4/0/0/0,36160:1747647679456:,1747647684814
counter/4/0/0/0,36161:1747647679460:,1747647684814
counter/3/0/0/0,34696:1747647678977:,1747647684814
counter/4/0/0/0,36162:1747647679461:,1747647684814
counter/10/0/0/0,33113:1747647676409:,1747647684814
counter/4/0/0/0,36163:1747647679461:,1747647684814
counter/10/0/0/0,33114:1747647676409:,1747647684814
counter/4/0/0/0,36164:1747647679461:,1747647684815
counter/10/0/0/0,33115:1747647676409:,1747647684815
counter/4/0/0/0,36165:1747647679461:,1747647684815
counter/10/0/0/0,33116:1747647676409:,1747647684815
counter/10/0/0/0,33117:1747647676412:,1747647684815
counter/10/0/0/0,33118:1747647676412:,1747647684815
counter/10/0/0/0,33119:1747647676412:,1747647684815
counter/10/0/0/0,33120:1747647676412:,1747647684815
counter/10/0/0/0,33121:1747647676412:,1747647684815
counter/10/0/0/0,33122:1747647676412:,1747647684815
counter/10/0/0/0,33123:1747647676412:,1747647684815
counter/10/0/0/0,33124:1747647676412:,1747647684815
counter/10/0/0/0,33125:1747647676412:,1747647684815
counter/10/0/0/0,33126:1747647676412:,1747647684815
counter/10/0/0/0,33127:1747647676412:,1747647684815
counter/10/0/0/0,33128:1747647676412:,1747647684815
counter/10/0/0/0,33129:1747647676437:,1747647684815
counter/10/0/0/0,33130:1747647676437:,1747647684815
counter/10/0/0/0,33131:1747647676437:,1747647684815
counter/10/0/0/0,33132:1747647676437:,1747647684815
counter/10/0/0/0,33133:1747647676437:,1747647684815
counter/10/0/0/0,33134:1747647676437:,1747647684815
counter/10/0/0/0,33135:1747647676437:,1747647684815
counter/10/0/0/0,33136:1747647676437:,1747647684815
counter/10/0/0/0,33137:1747647676437:,1747647684815
counter/10/0/0/0,33138:1747647676437:,1747647684815
counter/10/0/0/0,33139:1747647676437:,1747647684815
counter/10/0/0/0,33140:1747647676437:,1747647684815
counter/10/0/0/0,33141:1747647676452:,1747647684815
counter/10/0/0/0,33142:1747647676452:,1747647684815
counter/10/0/0/0,33143:1747647676452:,1747647684815
counter/10/0/0/0,33144:1747647676452:,1747647684815
counter/10/0/0/0,33145:1747647676452:,1747647684815
counter/10/0/0/0,33146:1747647676452:,1747647684815
counter/10/0/0/0,33147:1747647676452:,1747647684815
counter/10/0/0/0,33148:1747647676458:,1747647684816
counter/10/0/0/0,33149:1747647676458:,1747647684816
counter/10/0/0/0,33150:1747647676458:,1747647684816
counter/10/0/0/0,33151:1747647676462:,1747647684816
counter/10/0/0/0,33152:1747647676462:,1747647684816
counter/10/0/0/0,33153:1747647676462:,1747647684816
counter/10/0/0/0,33154:1747647676462:,1747647684816
counter/10/0/0/0,33155:1747647676463:,1747647684816
counter/10/0/0/0,33156:1747647676463:,1747647684816
counter/10/0/0/0,33157:1747647676463:,1747647684816
counter/10/0/0/0,33158:1747647676463:,1747647684816
counter/10/0/0/0,33159:1747647676463:,1747647684816
counter/10/0/0/0,33160:1747647676463:,1747647684816
counter/10/0/0/0,33161:1747647676463:,1747647684816
counter/10/0/0/0,33162:1747647676463:,1747647684816
counter/10/0/0/0,33163:1747647676463:,1747647684816
counter/10/0/0/0,33164:1747647676463:,1747647684816
counter/10/0/0/0,33165:1747647676470:,1747647684816
counter/10/0/0/0,33166:1747647676470:,1747647684816
counter/10/0/0/0,33167:1747647676470:,1747647684816
counter/4/0/0/0,36166:1747647679461:,1747647684816
counter/10/0/0/0,33168:1747647676470:,1747647684816
counter/3/0/0/0,34697:1747647678977:,1747647684816
counter/10/0/0/0,33169:1747647676470:,1747647684816
counter/10/0/0/0,33170:1747647676484:,1747647684816
counter/10/0/0/0,33171:1747647676484:,1747647684816
counter/10/0/0/0,33172:1747647676484:,1747647684816
counter/10/0/0/0,33173:1747647676484:,1747647684816
counter/10/0/0/0,33174:1747647676484:,1747647684816
counter/10/0/0/0,33175:1747647676484:,1747647684816
counter/10/0/0/0,33176:1747647676511:,1747647684816
counter/10/0/0/0,33177:1747647676511:,1747647684816
counter/10/0/0/0,33178:1747647676511:,1747647684816
counter/10/0/0/0,33179:1747647676511:,1747647684816
counter/10/0/0/0,33180:1747647676511:,1747647684816
counter/10/0/0/0,33181:1747647676511:,1747647684816
counter/10/0/0/0,33182:1747647676511:,1747647684816
counter/10/0/0/0,33183:1747647676511:,1747647684816
counter/10/0/0/0,33184:1747647676511:,1747647684816
counter/10/0/0/0,33185:1747647676523:,1747647684816
counter/4/0/0/0,36167:1747647679486:,1747647684816
counter/10/0/0/0,33186:1747647676523:,1747647684817
counter/3/0/0/0,34698:1747647678977:,1747647684817
counter/10/0/0/0,33187:1747647676523:,1747647684817
counter/10/0/0/0,33188:1747647676523:,1747647684817
counter/10/0/0/0,33189:1747647676523:,1747647684817
counter/10/0/0/0,33190:1747647676523:,1747647684817
counter/10/0/0/0,33191:1747647676523:,1747647684817
counter/10/0/0/0,33192:1747647676523:,1747647684817
counter/10/0/0/0,33193:1747647676523:,1747647684817
counter/10/0/0/0,33194:1747647676523:,1747647684817
counter/10/0/0/0,33195:1747647676523:,1747647684817
counter/10/0/0/0,33196:1747647676523:,1747647684817
counter/10/0/0/0,33197:1747647676523:,1747647684817
counter/10/0/0/0,33198:1747647676536:,1747647684817
counter/10/0/0/0,33199:1747647676536:,1747647684817
counter/10/0/0/0,33200:1747647676540:,1747647684817
counter/10/0/0/0,33201:1747647676540:,1747647684817
counter/10/0/0/0,33202:1747647676540:,1747647684817
counter/10/0/0/0,33203:1747647676540:,1747647684817
counter/4/0/0/0,36168:1747647679486:,1747647684817
counter/10/0/0/0,33204:1747647676540:,1747647684817
counter/3/0/0/0,34699:1747647678977:,1747647684817
counter/10/0/0/0,33205:1747647676540:,1747647684817
counter/10/0/0/0,33206:1747647676540:,1747647684817
counter/10/0/0/0,33207:1747647676542:,1747647684817
counter/10/0/0/0,33208:1747647676542:,1747647684817
counter/10/0/0/0,33209:1747647676546:,1747647684817
counter/10/0/0/0,33210:1747647676546:,1747647684817
counter/10/0/0/0,33211:1747647676551:,1747647684817
counter/10/0/0/0,33212:1747647676551:,1747647684817
counter/10/0/0/0,33213:1747647676551:,1747647684817
counter/10/0/0/0,33214:1747647676551:,1747647684817
counter/10/0/0/0,33215:1747647676551:,1747647684817
counter/10/0/0/0,33216:1747647676551:,1747647684817
counter/10/0/0/0,33217:1747647676551:,1747647684817
counter/10/0/0/0,33218:1747647676551:,1747647684817
counter/10/0/0/0,33219:1747647676551:,1747647684817
counter/10/0/0/0,33220:1747647676551:,1747647684817
counter/10/0/0/0,33221:1747647676551:,1747647684818
counter/10/0/0/0,33222:1747647676551:,1747647684818
counter/10/0/0/0,33223:1747647676551:,1747647684818
counter/10/0/0/0,33224:1747647676551:,1747647684818
counter/10/0/0/0,33225:1747647676552:,1747647684818
counter/10/0/0/0,33226:1747647676552:,1747647684818
counter/10/0/0/0,33227:1747647676553:,1747647684818
counter/10/0/0/0,33228:1747647676553:,1747647684818
counter/10/0/0/0,33229:1747647676553:,1747647684818
counter/10/0/0/0,33230:1747647676553:,1747647684818
counter/10/0/0/0,33231:1747647676553:,1747647684818
counter/10/0/0/0,33232:1747647676553:,1747647684818
counter/10/0/0/0,33233:1747647676553:,1747647684818
counter/10/0/0/0,33234:1747647676553:,1747647684818
counter/10/0/0/0,33235:1747647676553:,1747647684818
counter/10/0/0/0,33236:1747647676553:,1747647684818
counter/10/0/0/0,33237:1747647676553:,1747647684818
counter/10/0/0/0,33238:1747647676553:,1747647684818
counter/10/0/0/0,33239:1747647676553:,1747647684818
counter/10/0/0/0,33240:1747647676553:,1747647684818
counter/10/0/0/0,33241:1747647676553:,1747647684818
counter/10/0/0/0,33242:1747647676553:,1747647684818
counter/10/0/0/0,33243:1747647676553:,1747647684818
counter/10/0/0/0,33244:1747647676553:,1747647684818
counter/10/0/0/0,33245:1747647676555:,1747647684818
counter/4/0/0/0,36169:1747647679486:,1747647684818
counter/10/0/0/0,33246:1747647676555:,1747647684818
counter/10/0/0/0,33247:1747647676555:,1747647684818
counter/10/0/0/0,33248:1747647676555:,1747647684818
counter/10/0/0/0,33249:1747647676555:,1747647684818
counter/3/0/0/0,34700:1747647678977:,1747647684818
counter/10/0/0/0,33250:1747647676555:,1747647684818
counter/10/0/0/0,33251:1747647676555:,1747647684818
counter/10/0/0/0,33252:1747647676555:,1747647684818
counter/10/0/0/0,33253:1747647676555:,1747647684818
counter/10/0/0/0,33254:1747647676555:,1747647684818
counter/10/0/0/0,33255:1747647676555:,1747647684819
counter/3/0/0/0,34701:1747647678977:,1747647684819
counter/4/0/0/0,36170:1747647679486:,1747647684819
counter/10/0/0/0,33256:1747647676555:,1747647684819
counter/3/0/0/0,34702:1747647678977:,1747647684819
counter/3/0/0/0,34703:1747647678977:,1747647684819
counter/3/0/0/0,34704:1747647678977:,1747647684819
counter/3/0/0/0,34705:1747647678977:,1747647684819
counter/4/0/0/0,36171:1747647679486:,1747647684819
counter/3/0/0/0,34706:1747647678980:,1747647684819
counter/3/0/0/0,34707:1747647678980:,1747647684819
counter/3/0/0/0,34708:1747647678980:,1747647684819
counter/3/0/0/0,34709:1747647678980:,1747647684819
counter/3/0/0/0,34710:1747647678980:,1747647684819
counter/3/0/0/0,34711:1747647678980:,1747647684819
counter/3/0/0/0,34712:1747647678980:,1747647684819
counter/3/0/0/0,34713:1747647678980:,1747647684819
counter/4/0/0/0,36172:1747647679486:,1747647684819
counter/3/0/0/0,34714:1747647678980:,1747647684819
counter/3/0/0/0,34715:1747647678980:,1747647684819
counter/3/0/0/0,34716:1747647678981:,1747647684819
counter/3/0/0/0,34717:1747647678981:,1747647684819
counter/3/0/0/0,34718:1747647678981:,1747647684819
counter/3/0/0/0,34719:1747647678981:,1747647684819
counter/3/0/0/0,34720:1747647678981:,1747647684819
counter/3/0/0/0,34721:1747647678981:,1747647684819
counter/4/0/0/0,36173:1747647679486:,1747647684819
counter/3/0/0/0,34722:1747647678981:,1747647684819
counter/3/0/0/0,34723:1747647678981:,1747647684819
counter/3/0/0/0,34724:1747647678981:,1747647684819
counter/3/0/0/0,34725:1747647678981:,1747647684819
counter/3/0/0/0,34726:1747647678981:,1747647684819
counter/3/0/0/0,34727:1747647678991:,1747647684819
counter/3/0/0/0,34728:1747647678991:,1747647684819
counter/3/0/0/0,34729:1747647678991:,1747647684819
counter/3/0/0/0,34730:1747647678991:,1747647684819
counter/3/0/0/0,34731:1747647678991:,1747647684820
counter/3/0/0/0,34732:1747647678991:,1747647684820
counter/3/0/0/0,34733:1747647678991:,1747647684820
counter/3/0/0/0,34734:1747647678991:,1747647684820
counter/3/0/0/0,34735:1747647678991:,1747647684820
counter/3/0/0/0,34736:1747647678991:,1747647684820
counter/3/0/0/0,34737:1747647678991:,1747647684820
counter/3/0/0/0,34738:1747647678991:,1747647684820
counter/3/0/0/0,34739:1747647678991:,1747647684820
counter/3/0/0/0,34740:1747647678991:,1747647684820
counter/3/0/0/0,34741:1747647678991:,1747647684820
counter/3/0/0/0,34742:1747647678991:,1747647684820
counter/3/0/0/0,34743:1747647678991:,1747647684820
counter/3/0/0/0,34744:1747647678991:,1747647684820
counter/3/0/0/0,34745:1747647678991:,1747647684820
counter/3/0/0/0,34746:1747647678991:,1747647684820
counter/3/0/0/0,34747:1747647678991:,1747647684820
counter/3/0/0/0,34748:1747647678991:,1747647684820
counter/3/0/0/0,34749:1747647678991:,1747647684820
counter/3/0/0/0,34750:1747647678992:,1747647684820
counter/3/0/0/0,34751:1747647678992:,1747647684820
counter/3/0/0/0,34752:1747647678992:,1747647684820
counter/3/0/0/0,34753:1747647678992:,1747647684820
counter/3/0/0/0,34754:1747647678992:,1747647684820
counter/3/0/0/0,34755:1747647678992:,1747647684820
counter/3/0/0/0,34756:1747647678992:,1747647684820
counter/3/0/0/0,34757:1747647678992:,1747647684820
counter/3/0/0/0,34758:1747647678992:,1747647684820
counter/3/0/0/0,34759:1747647678992:,1747647684820
counter/3/0/0/0,34760:1747647678992:,1747647684820
counter/3/0/0/0,34761:1747647678992:,1747647684820
counter/3/0/0/0,34762:1747647678995:,1747647684820
counter/3/0/0/0,34763:1747647678995:,1747647684820
counter/3/0/0/0,34764:1747647678995:,1747647684820
counter/3/0/0/0,34765:1747647678995:,1747647684820
counter/3/0/0/0,34766:1747647678995:,1747647684820
counter/3/0/0/0,34767:1747647678995:,1747647684820
counter/3/0/0/0,34768:1747647678995:,1747647684820
counter/3/0/0/0,34769:1747647678995:,1747647684821
counter/10/0/0/0,33257:1747647676559:,1747647684821
counter/3/0/0/0,34770:1747647678995:,1747647684821
counter/10/0/0/0,33258:1747647676559:,1747647684821
counter/10/0/0/0,33259:1747647676559:,1747647684821
counter/10/0/0/0,33260:1747647676559:,1747647684821
counter/10/0/0/0,33261:1747647676559:,1747647684821
counter/10/0/0/0,33262:1747647676559:,1747647684821
counter/10/0/0/0,33263:1747647676559:,1747647684821
counter/10/0/0/0,33264:1747647676559:,1747647684821
counter/10/0/0/0,33265:1747647676559:,1747647684821
counter/10/0/0/0,33266:1747647676559:,1747647684821
counter/10/0/0/0,33267:1747647676559:,1747647684821
counter/10/0/0/0,33268:1747647676559:,1747647684821
counter/10/0/0/0,33269:1747647676559:,1747647684821
counter/10/0/0/0,33270:1747647676559:,1747647684821
counter/10/0/0/0,33271:1747647676560:,1747647684821
counter/10/0/0/0,33272:1747647676560:,1747647684821
counter/10/0/0/0,33273:1747647676561:,1747647684821
counter/10/0/0/0,33274:1747647676567:,1747647684821
counter/10/0/0/0,33275:1747647676567:,1747647684821
counter/10/0/0/0,33276:1747647676567:,1747647684821
counter/3/0/0/0,34771:1747647678995:,1747647684821
counter/10/0/0/0,33277:1747647676567:,1747647684821
counter/10/0/0/0,33278:1747647676567:,1747647684821
counter/10/0/0/0,33279:1747647676567:,1747647684821
counter/10/0/0/0,33280:1747647676567:,1747647684821
counter/3/0/0/0,34772:1747647678995:,1747647684821
counter/10/0/0/0,33281:1747647676567:,1747647684821
counter/3/0/0/0,34773:1747647678996:,1747647684821
counter/3/0/0/0,34774:1747647678996:,1747647684821
counter/10/0/0/0,33282:1747647676567:,1747647684821
counter/3/0/0/0,34775:1747647678996:,1747647684821
counter/10/0/0/0,33283:1747647676567:,1747647684821
counter/3/0/0/0,34776:1747647678996:,1747647684821
counter/10/0/0/0,33284:1747647676568:,1747647684822
counter/3/0/0/0,34777:1747647679002:,1747647684822
counter/10/0/0/0,33285:1747647676568:,1747647684822
counter/10/0/0/0,33286:1747647676568:,1747647684822
counter/3/0/0/0,34778:1747647679002:,1747647684822
counter/3/0/0/0,34779:1747647679002:,1747647684822
counter/3/0/0/0,34780:1747647679002:,1747647684822
counter/10/0/0/0,33287:1747647676568:,1747647684822
counter/3/0/0/0,34781:1747647679002:,1747647684822
counter/10/0/0/0,33288:1747647676568:,1747647684822
counter/3/0/0/0,34782:1747647679002:,1747647684822
counter/10/0/0/0,33289:1747647676568:,1747647684822
counter/3/0/0/0,34783:1747647679002:,1747647684822
counter/10/0/0/0,33290:1747647676572:,1747647684822
counter/3/0/0/0,34784:1747647679002:,1747647684822
counter/3/0/0/0,34785:1747647679002:,1747647684822
counter/3/0/0/0,34786:1747647679002:,1747647684822
counter/3/0/0/0,34787:1747647679002:,1747647684822
counter/3/0/0/0,34788:1747647679002:,1747647684822
counter/3/0/0/0,34789:1747647679012:,1747647684822
counter/3/0/0/0,34790:1747647679012:,1747647684822
counter/3/0/0/0,34791:1747647679012:,1747647684822
counter/3/0/0/0,34792:1747647679012:,1747647684822
counter/3/0/0/0,34793:1747647679012:,1747647684822
counter/3/0/0/0,34794:1747647679012:,1747647684822
counter/3/0/0/0,34795:1747647679012:,1747647684822
counter/3/0/0/0,34796:1747647679012:,1747647684822
counter/3/0/0/0,34797:1747647679012:,1747647684822
counter/3/0/0/0,34798:1747647679012:,1747647684822
counter/3/0/0/0,34799:1747647679012:,1747647684822
counter/3/0/0/0,34800:1747647679012:,1747647684822
counter/3/0/0/0,34801:1747647679012:,1747647684822
counter/3/0/0/0,34802:1747647679012:,1747647684822
counter/10/0/0/0,33291:1747647676572:,1747647684822
counter/3/0/0/0,34803:1747647679012:,1747647684822
counter/3/0/0/0,34804:1747647679012:,1747647684822
counter/3/0/0/0,34805:1747647679012:,1747647684822
counter/3/0/0/0,34806:1747647679012:,1747647684822
counter/3/0/0/0,34807:1747647679012:,1747647684822
counter/3/0/0/0,34808:1747647679012:,1747647684823
counter/3/0/0/0,34809:1747647679012:,1747647684823
counter/10/0/0/0,33292:1747647676572:,1747647684823
counter/3/0/0/0,34810:1747647679012:,1747647684823
counter/3/0/0/0,34811:1747647679012:,1747647684823
counter/3/0/0/0,34812:1747647679013:,1747647684823
counter/3/0/0/0,34813:1747647679013:,1747647684823
counter/3/0/0/0,34814:1747647679015:,1747647684823
counter/3/0/0/0,34815:1747647679015:,1747647684823
counter/3/0/0/0,34816:1747647679015:,1747647684823
counter/10/0/0/0,33293:1747647676573:,1747647684823
counter/3/0/0/0,34817:1747647679015:,1747647684823
counter/3/0/0/0,34818:1747647679015:,1747647684823
counter/3/0/0/0,34819:1747647679015:,1747647684823
counter/3/0/0/0,34820:1747647679015:,1747647684823
counter/3/0/0/0,34821:1747647679015:,1747647684823
counter/3/0/0/0,34822:1747647679015:,1747647684823
counter/3/0/0/0,34823:1747647679015:,1747647684823
counter/3/0/0/0,34824:1747647679015:,1747647684823
counter/3/0/0/0,34825:1747647679015:,1747647684823
counter/3/0/0/0,34826:1747647679016:,1747647684823
counter/3/0/0/0,34827:1747647679016:,1747647684823
counter/3/0/0/0,34828:1747647679016:,1747647684823
counter/10/0/0/0,33294:1747647676573:,1747647684823
counter/3/0/0/0,34829:1747647679016:,1747647684823
counter/3/0/0/0,34830:1747647679016:,1747647684823
counter/3/0/0/0,34831:1747647679016:,1747647684823
counter/3/0/0/0,34832:1747647679016:,1747647684823
counter/3/0/0/0,34833:1747647679016:,1747647684823
counter/3/0/0/0,34834:1747647679016:,1747647684823
counter/3/0/0/0,34835:1747647679016:,1747647684824
counter/3/0/0/0,34836:1747647679016:,1747647684824
counter/3/0/0/0,34837:1747647679016:,1747647684824
counter/3/0/0/0,34838:1747647679016:,1747647684824
counter/3/0/0/0,34839:1747647679016:,1747647684824
counter/3/0/0/0,34840:1747647679016:,1747647684824
counter/3/0/0/0,34841:1747647679016:,1747647684824
counter/3/0/0/0,34842:1747647679016:,1747647684824
counter/3/0/0/0,34843:1747647679016:,1747647684824
counter/3/0/0/0,34844:1747647679016:,1747647684824
counter/3/0/0/0,34845:1747647679016:,1747647684824
counter/3/0/0/0,34846:1747647679016:,1747647684824
counter/3/0/0/0,34847:1747647679016:,1747647684824
counter/3/0/0/0,34848:1747647679016:,1747647684824
counter/3/0/0/0,34849:1747647679016:,1747647684824
counter/3/0/0/0,34850:1747647679016:,1747647684824
counter/3/0/0/0,34851:1747647679017:,1747647684824
counter/3/0/0/0,34852:1747647679017:,1747647684824
counter/3/0/0/0,34853:1747647679017:,1747647684824
counter/3/0/0/0,34854:1747647679017:,1747647684824
counter/3/0/0/0,34855:1747647679017:,1747647684824
counter/3/0/0/0,34856:1747647679017:,1747647684824
counter/3/0/0/0,34857:1747647679017:,1747647684824
counter/3/0/0/0,34858:1747647679017:,1747647684824
counter/3/0/0/0,34859:1747647679017:,1747647684824
counter/10/0/0/0,33295:1747647676573:,1747647684824
counter/3/0/0/0,34860:1747647679017:,1747647684824
counter/3/0/0/0,34861:1747647679019:,1747647684824
counter/3/0/0/0,34862:1747647679019:,1747647684824
counter/10/0/0/0,33296:1747647676573:,1747647684824
counter/3/0/0/0,34863:1747647679019:,1747647684824
counter/3/0/0/0,34864:1747647679019:,1747647684824
counter/3/0/0/0,34865:1747647679019:,1747647684824
counter/3/0/0/0,34866:1747647679021:,1747647684824
counter/3/0/0/0,34867:1747647679021:,1747647684824
counter/3/0/0/0,34868:1747647679021:,1747647684824
counter/3/0/0/0,34869:1747647679021:,1747647684824
counter/3/0/0/0,34870:1747647679021:,1747647684824
counter/3/0/0/0,34871:1747647679021:,1747647684824
counter/3/0/0/0,34872:1747647679021:,1747647684824
counter/3/0/0/0,34873:1747647679021:,1747647684825
counter/3/0/0/0,34874:1747647679021:,1747647684825
counter/3/0/0/0,34875:1747647679021:,1747647684825
counter/3/0/0/0,34876:1747647679021:,1747647684825
counter/3/0/0/0,34877:1747647679021:,1747647684825
counter/3/0/0/0,34878:1747647679021:,1747647684825
counter/3/0/0/0,34879:1747647679021:,1747647684825
counter/3/0/0/0,34880:1747647679021:,1747647684825
counter/3/0/0/0,34881:1747647679021:,1747647684825
counter/3/0/0/0,34882:1747647679021:,1747647684825
counter/3/0/0/0,34883:1747647679021:,1747647684825
counter/10/0/0/0,33297:1747647676573:,1747647684825
counter/3/0/0/0,34884:1747647679021:,1747647684825
counter/3/0/0/0,34885:1747647679022:,1747647684825
counter/3/0/0/0,34886:1747647679022:,1747647684825
counter/3/0/0/0,34887:1747647679022:,1747647684825
counter/3/0/0/0,34888:1747647679022:,1747647684825
counter/3/0/0/0,34889:1747647679022:,1747647684825
counter/3/0/0/0,34890:1747647679022:,1747647684825
counter/3/0/0/0,34891:1747647679022:,1747647684825
counter/3/0/0/0,34892:1747647679022:,1747647684825
counter/3/0/0/0,34893:1747647679022:,1747647684825
counter/3/0/0/0,34894:1747647679022:,1747647684825
counter/3/0/0/0,34895:1747647679022:,1747647684825
counter/3/0/0/0,34896:1747647679022:,1747647684825
counter/3/0/0/0,34897:1747647679022:,1747647684825
counter/3/0/0/0,34898:1747647679022:,1747647684825
counter/10/0/0/0,33298:1747647676573:,1747647684825
counter/3/0/0/0,34899:1747647679022:,1747647684825
counter/3/0/0/0,34900:1747647679023:,1747647684825
counter/10/0/0/0,33299:1747647676573:,1747647684825
counter/3/0/0/0,34901:1747647679023:,1747647684825
counter/3/0/0/0,34902:1747647679023:,1747647684825
counter/3/0/0/0,34903:1747647679023:,1747647684825
counter/3/0/0/0,34904:1747647679024:,1747647684825
counter/3/0/0/0,34905:1747647679024:,1747647684825
counter/3/0/0/0,34906:1747647679024:,1747647684825
counter/3/0/0/0,34907:1747647679024:,1747647684826
counter/3/0/0/0,34908:1747647679025:,1747647684826
counter/3/0/0/0,34909:1747647679025:,1747647684826
counter/3/0/0/0,34910:1747647679025:,1747647684826
counter/3/0/0/0,34911:1747647679025:,1747647684826
counter/3/0/0/0,34912:1747647679025:,1747647684826
counter/3/0/0/0,34913:1747647679025:,1747647684826
counter/3/0/0/0,34914:1747647679025:,1747647684826
counter/3/0/0/0,34915:1747647679025:,1747647684826
counter/3/0/0/0,34916:1747647679025:,1747647684826
counter/10/0/0/0,33300:1747647676573:,1747647684826
counter/3/0/0/0,34917:1747647679025:,1747647684826
counter/3/0/0/0,34918:1747647679025:,1747647684826
counter/3/0/0/0,34919:1747647679025:,1747647684826
counter/3/0/0/0,34920:1747647679025:,1747647684826
counter/3/0/0/0,34921:1747647679025:,1747647684826
counter/3/0/0/0,34922:1747647679025:,1747647684826
counter/3/0/0/0,34923:1747647679025:,1747647684826
counter/3/0/0/0,34924:1747647679025:,1747647684826
counter/3/0/0/0,34925:1747647679025:,1747647684826
counter/3/0/0/0,34926:1747647679025:,1747647684826
counter/3/0/0/0,34927:1747647679026:,1747647684826
counter/3/0/0/0,34928:1747647679026:,1747647684826
counter/3/0/0/0,34929:1747647679026:,1747647684826
counter/3/0/0/0,34930:1747647679026:,1747647684826
counter/3/0/0/0,34931:1747647679026:,1747647684826
counter/3/0/0/0,34932:1747647679032:,1747647684826
counter/3/0/0/0,34933:1747647679032:,1747647684826
counter/3/0/0/0,34934:1747647679032:,1747647684826
counter/3/0/0/0,34935:1747647679032:,1747647684826
counter/3/0/0/0,34936:1747647679032:,1747647684826
counter/3/0/0/0,34937:1747647679032:,1747647684826
counter/3/0/0/0,34938:1747647679032:,1747647684826
counter/3/0/0/0,34939:1747647679032:,1747647684826
counter/3/0/0/0,34940:1747647679032:,1747647684826
counter/10/0/0/0,33301:1747647676573:,1747647684826
counter/3/0/0/0,34941:1747647679032:,1747647684826
counter/10/0/0/0,33302:1747647676573:,1747647684827
counter/3/0/0/0,34942:1747647679032:,1747647684827
counter/10/0/0/0,33303:1747647676575:,1747647684827
counter/3/0/0/0,34943:1747647679032:,1747647684827
counter/10/0/0/0,33304:1747647676575:,1747647684827
counter/3/0/0/0,34944:1747647679032:,1747647684827
counter/10/0/0/0,33305:1747647676575:,1747647684827
counter/3/0/0/0,34945:1747647679032:,1747647684827
counter/10/0/0/0,33306:1747647676575:,1747647684827
counter/3/0/0/0,34946:1747647679033:,1747647684827
counter/3/0/0/0,34947:1747647679033:,1747647684827
counter/3/0/0/0,34948:1747647679035:,1747647684827
counter/3/0/0/0,34949:1747647679035:,1747647684827
counter/3/0/0/0,34950:1747647679035:,1747647684827
counter/3/0/0/0,34951:1747647679035:,1747647684827
counter/3/0/0/0,34952:1747647679035:,1747647684827
counter/3/0/0/0,34953:1747647679035:,1747647684827
counter/3/0/0/0,34954:1747647679035:,1747647684827
counter/3/0/0/0,34955:1747647679035:,1747647684827
counter/3/0/0/0,34956:1747647679035:,1747647684827
counter/3/0/0/0,34957:1747647679035:,1747647684827
counter/3/0/0/0,34958:1747647679035:,1747647684827
counter/3/0/0/0,34959:1747647679035:,1747647684827
counter/3/0/0/0,34960:1747647679035:,1747647684827
counter/3/0/0/0,34961:1747647679035:,1747647684827
counter/3/0/0/0,34962:1747647679035:,1747647684827
counter/3/0/0/0,34963:1747647679035:,1747647684827
counter/3/0/0/0,34964:1747647679035:,1747647684827
counter/3/0/0/0,34965:1747647679035:,1747647684827
counter/3/0/0/0,34966:1747647679035:,1747647684827
counter/3/0/0/0,34967:1747647679035:,1747647684827
counter/3/0/0/0,34968:1747647679035:,1747647684827
counter/3/0/0/0,34969:1747647679035:,1747647684827
counter/3/0/0/0,34970:1747647679035:,1747647684827
counter/3/0/0/0,34971:1747647679035:,1747647684827
counter/3/0/0/0,34972:1747647679035:,1747647684827
counter/3/0/0/0,34973:1747647679044:,1747647684827
counter/3/0/0/0,34974:1747647679044:,1747647684827
counter/3/0/0/0,34975:1747647679044:,1747647684828
counter/3/0/0/0,34976:1747647679044:,1747647684828
counter/3/0/0/0,34977:1747647679045:,1747647684828
counter/3/0/0/0,34978:1747647679045:,1747647684828
counter/3/0/0/0,34979:1747647679045:,1747647684828
counter/3/0/0/0,34980:1747647679045:,1747647684828
counter/3/0/0/0,34981:1747647679045:,1747647684828
counter/3/0/0/0,34982:1747647679045:,1747647684828
counter/3/0/0/0,34983:1747647679045:,1747647684828
counter/3/0/0/0,34984:1747647679045:,1747647684828
counter/3/0/0/0,34985:1747647679045:,1747647684828
counter/3/0/0/0,34986:1747647679045:,1747647684828
counter/3/0/0/0,34987:1747647679045:,1747647684828
counter/3/0/0/0,34988:1747647679045:,1747647684828
counter/3/0/0/0,34989:1747647679045:,1747647684828
counter/3/0/0/0,34990:1747647679045:,1747647684828
counter/3/0/0/0,34991:1747647679045:,1747647684828
counter/3/0/0/0,34992:1747647679045:,1747647684828
counter/3/0/0/0,34993:1747647679045:,1747647684828
counter/3/0/0/0,34994:1747647679045:,1747647684828
counter/3/0/0/0,34995:1747647679045:,1747647684828
counter/3/0/0/0,34996:1747647679045:,1747647684828
counter/3/0/0/0,34997:1747647679045:,1747647684828
counter/3/0/0/0,34998:1747647679045:,1747647684828
counter/3/0/0/0,34999:1747647679045:,1747647684828
counter/3/0/0/0,35000:1747647679045:,1747647684828
counter/3/0/0/0,35001:1747647679045:,1747647684828
counter/3/0/0/0,35002:1747647679046:,1747647684828
counter/3/0/0/0,35003:1747647679046:,1747647684828
counter/3/0/0/0,35004:1747647679046:,1747647684828
counter/3/0/0/0,35005:1747647679046:,1747647684828
counter/10/0/0/0,33307:1747647676575:,1747647684828
counter/3/0/0/0,35006:1747647679046:,1747647684828
counter/10/0/0/0,33308:1747647676575:,1747647684828
counter/3/0/0/0,35007:1747647679046:,1747647684828
counter/3/0/0/0,35008:1747647679058:,1747647684828
counter/3/0/0/0,35009:1747647679058:,1747647684828
counter/3/0/0/0,35010:1747647679058:,1747647684828
counter/3/0/0/0,35011:1747647679077:,1747647684829
counter/3/0/0/0,35012:1747647679077:,1747647684829
counter/3/0/0/0,35013:1747647679077:,1747647684829
counter/3/0/0/0,35014:1747647679077:,1747647684829
counter/3/0/0/0,35015:1747647679077:,1747647684829
counter/3/0/0/0,35016:1747647679077:,1747647684829
counter/3/0/0/0,35017:1747647679083:,1747647684829
counter/3/0/0/0,35018:1747647679083:,1747647684829
counter/3/0/0/0,35019:1747647679083:,1747647684829
counter/3/0/0/0,35020:1747647679083:,1747647684829
counter/3/0/0/0,35021:1747647679083:,1747647684829
counter/3/0/0/0,35022:1747647679083:,1747647684829
counter/3/0/0/0,35023:1747647679084:,1747647684829
counter/3/0/0/0,35024:1747647679084:,1747647684829
counter/3/0/0/0,35025:1747647679084:,1747647684829
counter/3/0/0/0,35026:1747647679084:,1747647684829
counter/3/0/0/0,35027:1747647679084:,1747647684829
counter/3/0/0/0,35028:1747647679084:,1747647684829
counter/3/0/0/0,35029:1747647679084:,1747647684829
counter/3/0/0/0,35030:1747647679084:,1747647684829
counter/3/0/0/0,35031:1747647679084:,1747647684829
counter/3/0/0/0,35032:1747647679084:,1747647684829
counter/3/0/0/0,35033:1747647679084:,1747647684829
counter/3/0/0/0,35034:1747647679084:,1747647684829
counter/3/0/0/0,35035:1747647679084:,1747647684829
counter/3/0/0/0,35036:1747647679086:,1747647684829
counter/3/0/0/0,35037:1747647679093:,1747647684829
counter/3/0/0/0,35038:1747647679093:,1747647684829
counter/3/0/0/0,35039:1747647679093:,1747647684829
counter/3/0/0/0,35040:1747647679094:,1747647684829
counter/3/0/0/0,35041:1747647679094:,1747647684829
counter/3/0/0/0,35042:1747647679094:,1747647684829
counter/3/0/0/0,35043:1747647679094:,1747647684829
counter/3/0/0/0,35044:1747647679094:,1747647684829
counter/3/0/0/0,35045:1747647679094:,1747647684829
counter/3/0/0/0,35046:1747647679108:,1747647684829
counter/3/0/0/0,35047:1747647679108:,1747647684829
counter/3/0/0/0,35048:1747647679108:,1747647684829
counter/3/0/0/0,35049:1747647679108:,1747647684829
counter/3/0/0/0,35050:1747647679108:,1747647684830
counter/3/0/0/0,35051:1747647679108:,1747647684830
counter/3/0/0/0,35052:1747647679108:,1747647684830
counter/3/0/0/0,35053:1747647679108:,1747647684830
counter/3/0/0/0,35054:1747647679108:,1747647684830
counter/3/0/0/0,35055:1747647679108:,1747647684830
counter/3/0/0/0,35056:1747647679109:,1747647684830
counter/3/0/0/0,35057:1747647679130:,1747647684830
counter/3/0/0/0,35058:1747647679130:,1747647684830
counter/3/0/0/0,35059:1747647679130:,1747647684830
counter/3/0/0/0,35060:1747647679130:,1747647684830
counter/3/0/0/0,35061:1747647679130:,1747647684830
counter/3/0/0/0,35062:1747647679130:,1747647684830
counter/3/0/0/0,35063:1747647679130:,1747647684830
counter/3/0/0/0,35064:1747647679131:,1747647684830
counter/10/0/0/0,33309:1747647676580:,1747647684830
counter/3/0/0/0,35065:1747647679136:,1747647684830
counter/3/0/0/0,35066:1747647679136:,1747647684830
counter/3/0/0/0,35067:1747647679136:,1747647684830
counter/3/0/0/0,35068:1747647679137:,1747647684830
counter/3/0/0/0,35069:1747647679137:,1747647684830
counter/3/0/0/0,35070:1747647679138:,1747647684830
counter/3/0/0/0,35071:1747647679138:,1747647684830
counter/3/0/0/0,35072:1747647679138:,1747647684830
counter/3/0/0/0,35073:1747647679138:,1747647684830
counter/3/0/0/0,35074:1747647679138:,1747647684830
counter/3/0/0/0,35075:1747647679138:,1747647684830
counter/10/0/0/0,33310:1747647676587:,1747647684830
counter/3/0/0/0,35076:1747647679138:,1747647684830
counter/10/0/0/0,33311:1747647676587:,1747647684830
counter/3/0/0/0,35077:1747647679138:,1747647684830
counter/10/0/0/0,33312:1747647676587:,1747647684830
counter/3/0/0/0,35078:1747647679138:,1747647684830
counter/10/0/0/0,33313:1747647676587:,1747647684830
counter/3/0/0/0,35079:1747647679138:,1747647684831
counter/10/0/0/0,33314:1747647676587:,1747647684831
counter/3/0/0/0,35080:1747647679139:,1747647684831
counter/10/0/0/0,33315:1747647676587:,1747647684831
counter/3/0/0/0,35081:1747647679139:,1747647684831
counter/10/0/0/0,33316:1747647676587:,1747647684831
counter/3/0/0/0,35082:1747647679139:,1747647684831
counter/10/0/0/0,33317:1747647676588:,1747647684831
counter/3/0/0/0,35083:1747647679139:,1747647684831
counter/10/0/0/0,33318:1747647676588:,1747647684831
counter/3/0/0/0,35084:1747647679139:,1747647684831
counter/10/0/0/0,33319:1747647676588:,1747647684831
counter/3/0/0/0,35085:1747647679139:,1747647684831
counter/10/0/0/0,33320:1747647676609:,1747647684831
counter/3/0/0/0,35086:1747647679157:,1747647684831
counter/10/0/0/0,33321:1747647676610:,1747647684831
counter/3/0/0/0,35087:1747647679157:,1747647684831
counter/10/0/0/0,33322:1747647676610:,1747647684831
counter/3/0/0/0,35088:1747647679157:,1747647684831
counter/3/0/0/0,35089:1747647679158:,1747647684831
counter/3/0/0/0,35090:1747647679158:,1747647684831
counter/3/0/0/0,35091:1747647679158:,1747647684831
counter/3/0/0/0,35092:1747647679158:,1747647684831
counter/3/0/0/0,35093:1747647679158:,1747647684831
counter/3/0/0/0,35094:1747647679158:,1747647684831
counter/3/0/0/0,35095:1747647679158:,1747647684831
counter/3/0/0/0,35096:1747647679158:,1747647684831
counter/3/0/0/0,35097:1747647679158:,1747647684831
counter/3/0/0/0,35098:1747647679158:,1747647684831
counter/3/0/0/0,35099:1747647679158:,1747647684831
counter/3/0/0/0,35100:1747647679158:,1747647684831
counter/3/0/0/0,35101:1747647679180:,1747647684831
counter/3/0/0/0,35102:1747647679180:,1747647684831
counter/10/0/0/0,33323:1747647676614:,1747647684831
counter/3/0/0/0,35103:1747647679180:,1747647684832
counter/3/0/0/0,35104:1747647679181:,1747647684832
counter/3/0/0/0,35105:1747647679181:,1747647684832
counter/3/0/0/0,35106:1747647679181:,1747647684832
counter/10/0/0/0,33324:1747647676614:,1747647684832
counter/3/0/0/0,35107:1747647679181:,1747647684832
counter/3/0/0/0,35108:1747647679185:,1747647684832
counter/10/0/0/0,33325:1747647676614:,1747647684832
counter/3/0/0/0,35109:1747647679185:,1747647684832
counter/3/0/0/0,35110:1747647679185:,1747647684832
counter/10/0/0/0,33326:1747647676614:,1747647684832
counter/3/0/0/0,35111:1747647679185:,1747647684832
counter/3/0/0/0,35112:1747647679185:,1747647684832
counter/10/0/0/0,33327:1747647676614:,1747647684832
counter/3/0/0/0,35113:1747647679185:,1747647684832
counter/10/0/0/0,33328:1747647676614:,1747647684832
counter/3/0/0/0,35114:1747647679185:,1747647684832
counter/3/0/0/0,35115:1747647679185:,1747647684832
counter/3/0/0/0,35116:1747647679185:,1747647684832
counter/3/0/0/0,35117:1747647679185:,1747647684832
counter/3/0/0/0,35118:1747647679186:,1747647684832
counter/3/0/0/0,35119:1747647679186:,1747647684832
counter/3/0/0/0,35120:1747647679186:,1747647684832
counter/10/0/0/0,33329:1747647676621:,1747647684832
counter/3/0/0/0,35121:1747647679186:,1747647684832
counter/3/0/0/0,35122:1747647679186:,1747647684832
counter/3/0/0/0,35123:1747647679186:,1747647684832
counter/3/0/0/0,35124:1747647679196:,1747647684832
counter/3/0/0/0,35125:1747647679196:,1747647684832
counter/3/0/0/0,35126:1747647679196:,1747647684832
counter/10/0/0/0,33330:1747647676621:,1747647684832
counter/3/0/0/0,35127:1747647679196:,1747647684832
counter/3/0/0/0,35128:1747647679196:,1747647684832
counter/3/0/0/0,35129:1747647679196:,1747647684832
counter/10/0/0/0,33331:1747647676621:,1747647684832
counter/3/0/0/0,35130:1747647679196:,1747647684832
counter/3/0/0/0,35131:1747647679196:,1747647684832
counter/10/0/0/0,33332:1747647676621:,1747647684833
counter/3/0/0/0,35132:1747647679196:,1747647684833
counter/3/0/0/0,35133:1747647679196:,1747647684833
counter/3/0/0/0,35134:1747647679196:,1747647684833
counter/3/0/0/0,35135:1747647679196:,1747647684833
counter/3/0/0/0,35136:1747647679196:,1747647684833
counter/3/0/0/0,35137:1747647679196:,1747647684833
counter/3/0/0/0,35138:1747647679196:,1747647684833
counter/3/0/0/0,35139:1747647679196:,1747647684833
counter/3/0/0/0,35140:1747647679196:,1747647684833
counter/3/0/0/0,35141:1747647679209:,1747647684833
counter/3/0/0/0,35142:1747647679209:,1747647684833
counter/3/0/0/0,35143:1747647679213:,1747647684833
counter/3/0/0/0,35144:1747647679213:,1747647684833
counter/3/0/0/0,35145:1747647679213:,1747647684833
counter/3/0/0/0,35146:1747647679213:,1747647684833
counter/3/0/0/0,35147:1747647679213:,1747647684833
counter/3/0/0/0,35148:1747647679213:,1747647684833
counter/3/0/0/0,35149:1747647679213:,1747647684833
counter/3/0/0/0,35150:1747647679213:,1747647684833
counter/3/0/0/0,35151:1747647679213:,1747647684833
counter/10/0/0/0,33333:1747647676621:,1747647684833
counter/3/0/0/0,35152:1747647679213:,1747647684833
counter/3/0/0/0,35153:1747647679213:,1747647684833
counter/3/0/0/0,35154:1747647679213:,1747647684833
counter/10/0/0/0,33334:1747647676625:,1747647684833
counter/3/0/0/0,35155:1747647679213:,1747647684833
counter/3/0/0/0,35156:1747647679213:,1747647684833
counter/3/0/0/0,35157:1747647679213:,1747647684833
counter/3/0/0/0,35158:1747647679213:,1747647684833
counter/10/0/0/0,33335:1747647676625:,1747647684833
counter/3/0/0/0,35159:1747647679213:,1747647684833
counter/3/0/0/0,35160:1747647679213:,1747647684833
counter/3/0/0/0,35161:1747647679213:,1747647684833
counter/3/0/0/0,35162:1747647679213:,1747647684833
counter/3/0/0/0,35163:1747647679213:,1747647684833
counter/3/0/0/0,35164:1747647679214:,1747647684833
counter/3/0/0/0,35165:1747647679214:,1747647684833
counter/3/0/0/0,35166:1747647679215:,1747647684833
counter/3/0/0/0,35167:1747647679239:,1747647684834
counter/3/0/0/0,35168:1747647679239:,1747647684834
counter/3/0/0/0,35169:1747647679239:,1747647684834
counter/3/0/0/0,35170:1747647679241:,1747647684834
counter/3/0/0/0,35171:1747647679246:,1747647684834
counter/3/0/0/0,35172:1747647679246:,1747647684834
counter/3/0/0/0,35173:1747647679246:,1747647684834
counter/3/0/0/0,35174:1747647679246:,1747647684834
counter/3/0/0/0,35175:1747647679247:,1747647684834
counter/3/0/0/0,35176:1747647679247:,1747647684834
counter/3/0/0/0,35177:1747647679247:,1747647684834
counter/3/0/0/0,35178:1747647679247:,1747647684834
counter/3/0/0/0,35179:1747647679247:,1747647684834
counter/3/0/0/0,35180:1747647679262:,1747647684834
counter/3/0/0/0,35181:1747647679262:,1747647684834
counter/3/0/0/0,35182:1747647679262:,1747647684834
counter/3/0/0/0,35183:1747647679262:,1747647684834
counter/3/0/0/0,35184:1747647679262:,1747647684834
counter/3/0/0/0,35185:1747647679262:,1747647684834
counter/3/0/0/0,35186:1747647679262:,1747647684834
counter/3/0/0/0,35187:1747647679262:,1747647684834
counter/10/0/0/0,33336:1747647676625:,1747647684834
counter/3/0/0/0,35188:1747647679264:,1747647684834
counter/3/0/0/0,35189:1747647679264:,1747647684834
counter/3/0/0/0,35190:1747647679264:,1747647684834
counter/3/0/0/0,35191:1747647679264:,1747647684834
counter/3/0/0/0,35192:1747647679264:,1747647684834
counter/10/0/0/0,33337:1747647676625:,1747647684834
counter/3/0/0/0,35193:1747647679264:,1747647684834
counter/3/0/0/0,35194:1747647679264:,1747647684834
counter/3/0/0/0,35195:1747647679264:,1747647684834
counter/3/0/0/0,35196:1747647679264:,1747647684834
counter/3/0/0/0,35197:1747647679265:,1747647684834
counter/3/0/0/0,35198:1747647679265:,1747647684834
counter/3/0/0/0,35199:1747647679265:,1747647684834
counter/3/0/0/0,35200:1747647679265:,1747647684834
counter/3/0/0/0,35201:1747647679266:,1747647684834
counter/3/0/0/0,35202:1747647679266:,1747647684835
counter/3/0/0/0,35203:1747647679266:,1747647684835
counter/3/0/0/0,35204:1747647679266:,1747647684835
counter/3/0/0/0,35205:1747647679266:,1747647684835
counter/3/0/0/0,35206:1747647679266:,1747647684835
counter/3/0/0/0,35207:1747647679266:,1747647684835
counter/3/0/0/0,35208:1747647679266:,1747647684835
counter/3/0/0/0,35209:1747647679266:,1747647684835
counter/3/0/0/0,35210:1747647679266:,1747647684835
counter/3/0/0/0,35211:1747647679266:,1747647684835
counter/3/0/0/0,35212:1747647679266:,1747647684835
counter/3/0/0/0,35213:1747647679266:,1747647684835
counter/3/0/0/0,35214:1747647679266:,1747647684835
counter/3/0/0/0,35215:1747647679266:,1747647684835
counter/3/0/0/0,35216:1747647679266:,1747647684835
counter/10/0/0/0,33338:1747647676625:,1747647684835
counter/3/0/0/0,35217:1747647679266:,1747647684835
counter/3/0/0/0,35218:1747647679266:,1747647684835
counter/3/0/0/0,35219:1747647679266:,1747647684835
counter/3/0/0/0,35220:1747647679267:,1747647684835
counter/3/0/0/0,35221:1747647679267:,1747647684835
counter/3/0/0/0,35222:1747647679267:,1747647684835
counter/3/0/0/0,35223:1747647679267:,1747647684835
counter/3/0/0/0,35224:1747647679267:,1747647684835
counter/3/0/0/0,35225:1747647679269:,1747647684835
counter/3/0/0/0,35226:1747647679269:,1747647684835
counter/3/0/0/0,35227:1747647679269:,1747647684835
counter/3/0/0/0,35228:1747647679269:,1747647684835
counter/3/0/0/0,35229:1747647679269:,1747647684835
counter/3/0/0/0,35230:1747647679269:,1747647684835
counter/3/0/0/0,35231:1747647679270:,1747647684835
counter/3/0/0/0,35232:1747647679273:,1747647684835
counter/3/0/0/0,35233:1747647679273:,1747647684835
counter/3/0/0/0,35234:1747647679273:,1747647684835
counter/3/0/0/0,35235:1747647679273:,1747647684835
counter/3/0/0/0,35236:1747647679273:,1747647684835
counter/3/0/0/0,35237:1747647679273:,1747647684835
counter/3/0/0/0,35238:1747647679273:,1747647684835
counter/3/0/0/0,35239:1747647679273:,1747647684835
counter/3/0/0/0,35240:1747647679273:,1747647684835
counter/3/0/0/0,35241:1747647679273:,1747647684835
counter/3/0/0/0,35242:1747647679273:,1747647684836
counter/3/0/0/0,35243:1747647679273:,1747647684836
counter/3/0/0/0,35244:1747647679274:,1747647684836
counter/3/0/0/0,35245:1747647679274:,1747647684836
counter/3/0/0/0,35246:1747647679278:,1747647684836
counter/3/0/0/0,35247:1747647679278:,1747647684836
counter/3/0/0/0,35248:1747647679278:,1747647684836
counter/3/0/0/0,35249:1747647679278:,1747647684836
counter/3/0/0/0,35250:1747647679278:,1747647684836
counter/3/0/0/0,35251:1747647679278:,1747647684836
counter/3/0/0/0,35252:1747647679278:,1747647684836
counter/3/0/0/0,35253:1747647679278:,1747647684836
counter/3/0/0/0,35254:1747647679278:,1747647684836
counter/3/0/0/0,35255:1747647679278:,1747647684836
counter/3/0/0/0,35256:1747647679278:,1747647684836
counter/3/0/0/0,35257:1747647679279:,1747647684836
counter/3/0/0/0,35258:1747647679279:,1747647684836
counter/3/0/0/0,35259:1747647679279:,1747647684836
counter/3/0/0/0,35260:1747647679279:,1747647684836
counter/3/0/0/0,35261:1747647679279:,1747647684836
counter/3/0/0/0,35262:1747647679279:,1747647684836
counter/3/0/0/0,35263:1747647679279:,1747647684836
counter/3/0/0/0,35264:1747647679279:,1747647684836
counter/3/0/0/0,35265:1747647679279:,1747647684836
counter/3/0/0/0,35266:1747647679279:,1747647684836
counter/3/0/0/0,35267:1747647679279:,1747647684836
counter/3/0/0/0,35268:1747647679282:,1747647684836
counter/3/0/0/0,35269:1747647679283:,1747647684836
counter/3/0/0/0,35270:1747647679283:,1747647684836
counter/3/0/0/0,35271:1747647679283:,1747647684836
counter/3/0/0/0,35272:1747647679283:,1747647684836
counter/3/0/0/0,35273:1747647679283:,1747647684836
counter/3/0/0/0,35274:1747647679283:,1747647684836
counter/3/0/0/0,35275:1747647679283:,1747647684836
counter/3/0/0/0,35276:1747647679283:,1747647684836
counter/3/0/0/0,35277:1747647679283:,1747647684836
counter/3/0/0/0,35278:1747647679283:,1747647684836
counter/3/0/0/0,35279:1747647679283:,1747647684836
counter/3/0/0/0,35280:1747647679292:,1747647684836
counter/3/0/0/0,35281:1747647679292:,1747647684836
counter/3/0/0/0,35282:1747647679292:,1747647684836
counter/3/0/0/0,35283:1747647679292:,1747647684837
counter/3/0/0/0,35284:1747647679292:,1747647684837
counter/3/0/0/0,35285:1747647679292:,1747647684837
counter/3/0/0/0,35286:1747647679292:,1747647684837
counter/3/0/0/0,35287:1747647679292:,1747647684837
counter/3/0/0/0,35288:1747647679292:,1747647684837
counter/3/0/0/0,35289:1747647679292:,1747647684837
counter/3/0/0/0,35290:1747647679292:,1747647684837
counter/3/0/0/0,35291:1747647679292:,1747647684837
counter/3/0/0/0,35292:1747647679292:,1747647684837
counter/3/0/0/0,35293:1747647679292:,1747647684837
counter/3/0/0/0,35294:1747647679292:,1747647684837
counter/3/0/0/0,35295:1747647679302:,1747647684837
counter/3/0/0/0,35296:1747647679302:,1747647684837
counter/3/0/0/0,35297:1747647679302:,1747647684837
counter/3/0/0/0,35298:1747647679305:,1747647684837
counter/3/0/0/0,35299:1747647679305:,1747647684837
counter/3/0/0/0,35300:1747647679305:,1747647684837
counter/3/0/0/0,35301:1747647679305:,1747647684837
counter/3/0/0/0,35302:1747647679305:,1747647684837
counter/3/0/0/0,35303:1747647679305:,1747647684837
counter/3/0/0/0,35304:1747647679306:,1747647684837
counter/3/0/0/0,35305:1747647679317:,1747647684837
counter/3/0/0/0,35306:1747647679330:,1747647684837
counter/3/0/0/0,35307:1747647679330:,1747647684837
counter/3/0/0/0,35308:1747647679330:,1747647684837
counter/10/0/0/0,33339:1747647676625:,1747647684837
counter/3/0/0/0,35309:1747647679330:,1747647684837
counter/3/0/0/0,35310:1747647679330:,1747647684837
counter/3/0/0/0,35311:1747647679336:,1747647684837
counter/3/0/0/0,35312:1747647679336:,1747647684837
counter/10/0/0/0,33340:1747647676631:,1747647684837
counter/3/0/0/0,35313:1747647679336:,1747647684837
counter/10/0/0/0,33341:1747647676631:,1747647684837
counter/3/0/0/0,35314:1747647679336:,1747647684837
counter/10/0/0/0,33342:1747647676631:,1747647684837
counter/3/0/0/0,35315:1747647679336:,1747647684838
counter/10/0/0/0,33343:1747647676631:,1747647684838
counter/3/0/0/0,35316:1747647679336:,1747647684838
counter/3/0/0/0,35317:1747647679336:,1747647684838
counter/10/0/0/0,33344:1747647676631:,1747647684838
counter/3/0/0/0,35318:1747647679336:,1747647684838
counter/10/0/0/0,33345:1747647676631:,1747647684838
counter/3/0/0/0,35319:1747647679336:,1747647684838
counter/10/0/0/0,33346:1747647676631:,1747647684838
counter/3/0/0/0,35320:1747647679336:,1747647684838
counter/10/0/0/0,33347:1747647676631:,1747647684838
counter/3/0/0/0,35321:1747647679336:,1747647684838
counter/10/0/0/0,33348:1747647676631:,1747647684838
counter/3/0/0/0,35322:1747647679337:,1747647684838
counter/10/0/0/0,33349:1747647676631:,1747647684838
counter/3/0/0/0,35323:1747647679339:,1747647684838
counter/10/0/0/0,33350:1747647676635:,1747647684838
counter/3/0/0/0,35324:1747647679343:,1747647684838
counter/10/0/0/0,33351:1747647676635:,1747647684838
counter/3/0/0/0,35325:1747647679343:,1747647684838
counter/10/0/0/0,33352:1747647676635:,1747647684838
counter/3/0/0/0,35326:1747647679343:,1747647684838
counter/10/0/0/0,33353:1747647676635:,1747647684838
counter/3/0/0/0,35327:1747647679343:,1747647684838
counter/3/0/0/0,35328:1747647679343:,1747647684838
counter/3/0/0/0,35329:1747647679343:,1747647684838
counter/3/0/0/0,35330:1747647679343:,1747647684838
counter/3/0/0/0,35331:1747647679343:,1747647684838
counter/3/0/0/0,35332:1747647679343:,1747647684838
counter/3/0/0/0,35333:1747647679344:,1747647684838
counter/3/0/0/0,35334:1747647679344:,1747647684838
counter/3/0/0/0,35335:1747647679344:,1747647684838
counter/3/0/0/0,35336:1747647679344:,1747647684838
counter/10/0/0/0,33354:1747647676635:,1747647684838
counter/3/0/0/0,35337:1747647679344:,1747647684838
counter/10/0/0/0,33355:1747647676635:,1747647684838
counter/3/0/0/0,35338:1747647679344:,1747647684839
counter/3/0/0/0,35339:1747647679351:,1747647684839
counter/3/0/0/0,35340:1747647679351:,1747647684839
counter/3/0/0/0,35341:1747647679351:,1747647684839
counter/3/0/0/0,35342:1747647679351:,1747647684839
counter/3/0/0/0,35343:1747647679351:,1747647684839
counter/3/0/0/0,35344:1747647679351:,1747647684839
counter/3/0/0/0,35345:1747647679351:,1747647684839
counter/3/0/0/0,35346:1747647679351:,1747647684839
counter/3/0/0/0,35347:1747647679351:,1747647684839
counter/3/0/0/0,35348:1747647679351:,1747647684839
counter/3/0/0/0,35349:1747647679351:,1747647684839
counter/3/0/0/0,35350:1747647679351:,1747647684839
counter/10/0/0/0,33356:1747647676640:,1747647684839
counter/3/0/0/0,35351:1747647679351:,1747647684839
counter/3/0/0/0,35352:1747647679351:,1747647684839
counter/3/0/0/0,35353:1747647679351:,1747647684839
counter/3/0/0/0,35354:1747647679351:,1747647684839
counter/3/0/0/0,35355:1747647679355:,1747647684839
counter/3/0/0/0,35356:1747647679355:,1747647684839
counter/3/0/0/0,35357:1747647679355:,1747647684839
counter/3/0/0/0,35358:1747647679355:,1747647684839
counter/3/0/0/0,35359:1747647679355:,1747647684839
counter/3/0/0/0,35360:1747647679355:,1747647684839
counter/3/0/0/0,35361:1747647679355:,1747647684839
counter/10/0/0/0,33357:1747647676644:,1747647684839
counter/3/0/0/0,35362:1747647679355:,1747647684839
counter/3/0/0/0,35363:1747647679355:,1747647684839
counter/3/0/0/0,35364:1747647679355:,1747647684839
counter/3/0/0/0,35365:1747647679355:,1747647684839
counter/3/0/0/0,35366:1747647679355:,1747647684839
counter/3/0/0/0,35367:1747647679355:,1747647684839
counter/3/0/0/0,35368:1747647679358:,1747647684839
counter/3/0/0/0,35369:1747647679371:,1747647684839
counter/3/0/0/0,35370:1747647679371:,1747647684840
counter/3/0/0/0,35371:1747647679371:,1747647684840
counter/3/0/0/0,35372:1747647679371:,1747647684840
counter/3/0/0/0,35373:1747647679371:,1747647684840
counter/3/0/0/0,35374:1747647679371:,1747647684840
counter/3/0/0/0,35375:1747647679371:,1747647684840
counter/3/0/0/0,35376:1747647679371:,1747647684840
counter/3/0/0/0,35377:1747647679371:,1747647684840
counter/3/0/0/0,35378:1747647679371:,1747647684840
counter/3/0/0/0,35379:1747647679380:,1747647684840
counter/3/0/0/0,35380:1747647679380:,1747647684840
counter/3/0/0/0,35381:1747647679381:,1747647684840
counter/3/0/0/0,35382:1747647679381:,1747647684840
counter/3/0/0/0,35383:1747647679381:,1747647684840
counter/3/0/0/0,35384:1747647679381:,1747647684840
counter/3/0/0/0,35385:1747647679381:,1747647684840
counter/3/0/0/0,35386:1747647679381:,1747647684840
counter/3/0/0/0,35387:1747647679381:,1747647684840
counter/3/0/0/0,35388:1747647679381:,1747647684840
counter/3/0/0/0,35389:1747647679381:,1747647684840
counter/10/0/0/0,33358:1747647676644:,1747647684840
counter/3/0/0/0,35390:1747647679399:,1747647684840
counter/3/0/0/0,35391:1747647679400:,1747647684840
counter/3/0/0/0,35392:1747647679400:,1747647684840
counter/3/0/0/0,35393:1747647679400:,1747647684840
counter/3/0/0/0,35394:1747647679400:,1747647684840
counter/3/0/0/0,35395:1747647679400:,1747647684840
counter/3/0/0/0,35396:1747647679400:,1747647684840
counter/3/0/0/0,35397:1747647679400:,1747647684840
counter/3/0/0/0,35398:1747647679402:,1747647684840
counter/3/0/0/0,35399:1747647679402:,1747647684840
counter/3/0/0/0,35400:1747647679403:,1747647684840
counter/3/0/0/0,35401:1747647679403:,1747647684840
counter/3/0/0/0,35402:1747647679403:,1747647684840
counter/3/0/0/0,35403:1747647679403:,1747647684841
counter/3/0/0/0,35404:1747647679403:,1747647684841
counter/3/0/0/0,35405:1747647679403:,1747647684841
counter/3/0/0/0,35406:1747647679403:,1747647684841
counter/3/0/0/0,35407:1747647679403:,1747647684841
counter/3/0/0/0,35408:1747647679403:,1747647684841
counter/3/0/0/0,35409:1747647679403:,1747647684841
counter/3/0/0/0,35410:1747647679403:,1747647684841
counter/3/0/0/0,35411:1747647679403:,1747647684841
counter/3/0/0/0,35412:1747647679407:,1747647684841
counter/3/0/0/0,35413:1747647679407:,1747647684841
counter/3/0/0/0,35414:1747647679407:,1747647684841
counter/3/0/0/0,35415:1747647679407:,1747647684841
counter/3/0/0/0,35416:1747647679407:,1747647684841
counter/3/0/0/0,35417:1747647679407:,1747647684841
counter/3/0/0/0,35418:1747647679407:,1747647684841
counter/3/0/0/0,35419:1747647679407:,1747647684841
counter/3/0/0/0,35420:1747647679407:,1747647684841
counter/3/0/0/0,35421:1747647679411:,1747647684841
counter/3/0/0/0,35422:1747647679414:,1747647684841
counter/3/0/0/0,35423:1747647679415:,1747647684841
counter/3/0/0/0,35424:1747647679415:,1747647684841
counter/3/0/0/0,35425:1747647679415:,1747647684841
counter/3/0/0/0,35426:1747647679415:,1747647684841
counter/10/0/0/0,33359:1747647676644:,1747647684841
counter/3/0/0/0,35427:1747647679415:,1747647684841
counter/3/0/0/0,35428:1747647679416:,1747647684841
counter/3/0/0/0,35429:1747647679416:,1747647684841
counter/3/0/0/0,35430:1747647679416:,1747647684841
counter/3/0/0/0,35431:1747647679416:,1747647684841
counter/3/0/0/0,35432:1747647679416:,1747647684841
counter/3/0/0/0,35433:1747647679416:,1747647684841
counter/3/0/0/0,35434:1747647679416:,1747647684841
counter/3/0/0/0,35435:1747647679416:,1747647684841
counter/3/0/0/0,35436:1747647679416:,1747647684841
counter/3/0/0/0,35437:1747647679416:,1747647684841
counter/3/0/0/0,35438:1747647679424:,1747647684841
counter/3/0/0/0,35439:1747647679424:,1747647684841
counter/3/0/0/0,35440:1747647679424:,1747647684842
counter/3/0/0/0,35441:1747647679424:,1747647684842
counter/3/0/0/0,35442:1747647679424:,1747647684842
counter/3/0/0/0,35443:1747647679424:,1747647684842
counter/10/0/0/0,33360:1747647676644:,1747647684842
counter/3/0/0/0,35444:1747647679424:,1747647684842
counter/10/0/0/0,33361:1747647676644:,1747647684842
counter/3/0/0/0,35445:1747647679424:,1747647684842
counter/3/0/0/0,35446:1747647679424:,1747647684842
counter/3/0/0/0,35447:1747647679424:,1747647684842
counter/3/0/0/0,35448:1747647679424:,1747647684842
counter/3/0/0/0,35449:1747647679434:,1747647684842
counter/3/0/0/0,35450:1747647679434:,1747647684842
counter/3/0/0/0,35451:1747647679434:,1747647684842
counter/3/0/0/0,35452:1747647679434:,1747647684842
counter/3/0/0/0,35453:1747647679434:,1747647684842
counter/3/0/0/0,35454:1747647679435:,1747647684842
counter/3/0/0/0,35455:1747647679435:,1747647684842
counter/3/0/0/0,35456:1747647679435:,1747647684842
counter/3/0/0/0,35457:1747647679435:,1747647684842
counter/3/0/0/0,35458:1747647679435:,1747647684842
counter/3/0/0/0,35459:1747647679435:,1747647684842
counter/3/0/0/0,35460:1747647679435:,1747647684842
counter/3/0/0/0,35461:1747647679435:,1747647684842
counter/3/0/0/0,35462:1747647679435:,1747647684842
counter/3/0/0/0,35463:1747647679435:,1747647684842
counter/3/0/0/0,35464:1747647679435:,1747647684842
counter/3/0/0/0,35465:1747647679436:,1747647684842
counter/3/0/0/0,35466:1747647679436:,1747647684842
counter/3/0/0/0,35467:1747647679436:,1747647684842
counter/3/0/0/0,35468:1747647679436:,1747647684842
counter/3/0/0/0,35469:1747647679436:,1747647684842
counter/3/0/0/0,35470:1747647679436:,1747647684842
counter/3/0/0/0,35471:1747647679444:,1747647684842
counter/3/0/0/0,35472:1747647679444:,1747647684843
counter/3/0/0/0,35473:1747647679444:,1747647684843
counter/3/0/0/0,35474:1747647679444:,1747647684843
counter/3/0/0/0,35475:1747647679444:,1747647684843
counter/3/0/0/0,35476:1747647679444:,1747647684843
counter/3/0/0/0,35477:1747647679444:,1747647684843
counter/3/0/0/0,35478:1747647679444:,1747647684843
counter/3/0/0/0,35479:1747647679444:,1747647684843
counter/3/0/0/0,35480:1747647679444:,1747647684843
counter/10/0/0/0,33362:1747647676644:,1747647684843
counter/3/0/0/0,35481:1747647679444:,1747647684843
counter/3/0/0/0,35482:1747647679444:,1747647684843
counter/3/0/0/0,35483:1747647679444:,1747647684843
counter/3/0/0/0,35484:1747647679445:,1747647684843
counter/3/0/0/0,35485:1747647679445:,1747647684843
counter/3/0/0/0,35486:1747647679445:,1747647684843
counter/3/0/0/0,35487:1747647679462:,1747647684843
counter/3/0/0/0,35488:1747647679462:,1747647684843
counter/3/0/0/0,35489:1747647679462:,1747647684843
counter/3/0/0/0,35490:1747647679463:,1747647684843
counter/3/0/0/0,35491:1747647679463:,1747647684843
counter/3/0/0/0,35492:1747647679463:,1747647684843
counter/3/0/0/0,35493:1747647679463:,1747647684843
counter/3/0/0/0,35494:1747647679463:,1747647684843
counter/3/0/0/0,35495:1747647679463:,1747647684843
counter/3/0/0/0,35496:1747647679463:,1747647684843
counter/3/0/0/0,35497:1747647679463:,1747647684843
counter/3/0/0/0,35498:1747647679463:,1747647684843
counter/3/0/0/0,35499:1747647679463:,1747647684843
counter/3/0/0/0,35500:1747647679463:,1747647684843
counter/3/0/0/0,35501:1747647679463:,1747647684843
counter/3/0/0/0,35502:1747647679466:,1747647684843
counter/3/0/0/0,35503:1747647679466:,1747647684843
counter/3/0/0/0,35504:1747647679466:,1747647684843
counter/3/0/0/0,35505:1747647679466:,1747647684843
counter/3/0/0/0,35506:1747647679466:,1747647684843
counter/3/0/0/0,35507:1747647679466:,1747647684844
counter/3/0/0/0,35508:1747647679466:,1747647684844
counter/3/0/0/0,35509:1747647679473:,1747647684844
counter/3/0/0/0,35510:1747647679473:,1747647684844
counter/3/0/0/0,35511:1747647679473:,1747647684844
counter/3/0/0/0,35512:1747647679473:,1747647684844
counter/3/0/0/0,35513:1747647679473:,1747647684844
counter/3/0/0/0,35514:1747647679473:,1747647684844
counter/3/0/0/0,35515:1747647679473:,1747647684844
counter/3/0/0/0,35516:1747647679473:,1747647684844
counter/3/0/0/0,35517:1747647679473:,1747647684844
counter/3/0/0/0,35518:1747647679473:,1747647684844
counter/3/0/0/0,35519:1747647679473:,1747647684844
counter/3/0/0/0,35520:1747647679473:,1747647684844
counter/3/0/0/0,35521:1747647679473:,1747647684844
counter/3/0/0/0,35522:1747647679474:,1747647684844
counter/3/0/0/0,35523:1747647679475:,1747647684844
counter/3/0/0/0,35524:1747647679475:,1747647684844
counter/3/0/0/0,35525:1747647679475:,1747647684844
counter/10/0/0/0,33363:1747647676644:,1747647684844
counter/10/0/0/0,33364:1747647676644:,1747647684844
counter/10/0/0/0,33365:1747647676644:,1747647684844
counter/10/0/0/0,33366:1747647676644:,1747647684844
counter/10/0/0/0,33367:1747647676644:,1747647684844
counter/10/0/0/0,33368:1747647676645:,1747647684844
counter/10/0/0/0,33369:1747647676648:,1747647684844
counter/10/0/0/0,33370:1747647676648:,1747647684844
counter/10/0/0/0,33371:1747647676648:,1747647684844
counter/10/0/0/0,33372:1747647676648:,1747647684844
counter/10/0/0/0,33373:1747647676648:,1747647684844
counter/10/0/0/0,33374:1747647676648:,1747647684844
counter/10/0/0/0,33375:1747647676648:,1747647684844
counter/10/0/0/0,33376:1747647676648:,1747647684844
counter/10/0/0/0,33377:1747647676648:,1747647684844
counter/10/0/0/0,33378:1747647676648:,1747647684844
counter/10/0/0/0,33379:1747647676648:,1747647684844
counter/10/0/0/0,33380:1747647676648:,1747647684844
counter/10/0/0/0,33381:1747647676648:,1747647684844
counter/10/0/0/0,33382:1747647676648:,1747647684844
counter/10/0/0/0,33383:1747647676648:,1747647684845
counter/10/0/0/0,33384:1747647676648:,1747647684845
counter/10/0/0/0,33385:1747647676648:,1747647684845
counter/10/0/0/0,33386:1747647676648:,1747647684845
counter/10/0/0/0,33387:1747647676648:,1747647684845
counter/10/0/0/0,33388:1747647676648:,1747647684845
counter/10/0/0/0,33389:1747647676659:,1747647684845
counter/10/0/0/0,33390:1747647676659:,1747647684845
counter/10/0/0/0,33391:1747647676659:,1747647684845
counter/10/0/0/0,33392:1747647676659:,1747647684845
counter/10/0/0/0,33393:1747647676659:,1747647684845
counter/10/0/0/0,33394:1747647676659:,1747647684845
counter/10/0/0/0,33395:1747647676659:,1747647684845
counter/10/0/0/0,33396:1747647676659:,1747647684845
counter/10/0/0/0,33397:1747647676659:,1747647684845
counter/10/0/0/0,33398:1747647676659:,1747647684845
counter/10/0/0/0,33399:1747647676660:,1747647684845
counter/10/0/0/0,33400:1747647676660:,1747647684845
counter/10/0/0/0,33401:1747647676660:,1747647684845
counter/10/0/0/0,33402:1747647676660:,1747647684845
counter/10/0/0/0,33403:1747647676660:,1747647684845
counter/10/0/0/0,33404:1747647676660:,1747647684845
counter/10/0/0/0,33405:1747647676660:,1747647684845
counter/10/0/0/0,33406:1747647676660:,1747647684845
counter/10/0/0/0,33407:1747647676660:,1747647684845
counter/10/0/0/0,33408:1747647676660:,1747647684845
counter/10/0/0/0,33409:1747647676660:,1747647684845
counter/10/0/0/0,33410:1747647676660:,1747647684845
counter/10/0/0/0,33411:1747647676671:,1747647684845
counter/10/0/0/0,33412:1747647676671:,1747647684845
counter/10/0/0/0,33413:1747647676671:,1747647684845
counter/10/0/0/0,33414:1747647676671:,1747647684845
counter/10/0/0/0,33415:1747647676671:,1747647684845
counter/10/0/0/0,33416:1747647676671:,1747647684845
counter/10/0/0/0,33417:1747647676671:,1747647684845
counter/10/0/0/0,33418:1747647676671:,1747647684846
counter/10/0/0/0,33419:1747647676671:,1747647684846
counter/10/0/0/0,33420:1747647676671:,1747647684846
counter/10/0/0/0,33421:1747647676671:,1747647684846
counter/10/0/0/0,33422:1747647676671:,1747647684846
counter/10/0/0/0,33423:1747647676671:,1747647684846
counter/10/0/0/0,33424:1747647676671:,1747647684846
counter/10/0/0/0,33425:1747647676671:,1747647684846
counter/10/0/0/0,33426:1747647676671:,1747647684846
counter/10/0/0/0,33427:1747647676671:,1747647684846
counter/10/0/0/0,33428:1747647676671:,1747647684846
counter/10/0/0/0,33429:1747647676671:,1747647684846
counter/10/0/0/0,33430:1747647676671:,1747647684846
counter/10/0/0/0,33431:1747647676671:,1747647684846
counter/10/0/0/0,33432:1747647676671:,1747647684846
counter/10/0/0/0,33433:1747647676671:,1747647684846
counter/10/0/0/0,33434:1747647676671:,1747647684846
counter/10/0/0/0,33435:1747647676671:,1747647684846
counter/10/0/0/0,33436:1747647676672:,1747647684846
counter/10/0/0/0,33437:1747647676672:,1747647684846
counter/10/0/0/0,33438:1747647676672:,1747647684846
counter/10/0/0/0,33439:1747647676672:,1747647684846
counter/10/0/0/0,33440:1747647676672:,1747647684846
counter/10/0/0/0,33441:1747647676672:,1747647684846
counter/10/0/0/0,33442:1747647676672:,1747647684846
counter/10/0/0/0,33443:1747647676672:,1747647684846
counter/10/0/0/0,33444:1747647676672:,1747647684846
counter/10/0/0/0,33445:1747647676672:,1747647684846
counter/10/0/0/0,33446:1747647676672:,1747647684846
counter/10/0/0/0,33447:1747647676681:,1747647684846
counter/10/0/0/0,33448:1747647676681:,1747647684846
counter/10/0/0/0,33449:1747647676681:,1747647684846
counter/10/0/0/0,33450:1747647676681:,1747647684846
counter/10/0/0/0,33451:1747647676681:,1747647684846
counter/10/0/0/0,33452:1747647676681:,1747647684846
counter/10/0/0/0,33453:1747647676681:,1747647684846
counter/10/0/0/0,33454:1747647676681:,1747647684846
counter/10/0/0/0,33455:1747647676681:,1747647684846
counter/10/0/0/0,33456:1747647676681:,1747647684847
counter/10/0/0/0,33457:1747647676681:,1747647684847
counter/10/0/0/0,33458:1747647676681:,1747647684847
counter/10/0/0/0,33459:1747647676681:,1747647684847
counter/10/0/0/0,33460:1747647676681:,1747647684847
counter/10/0/0/0,33461:1747647676681:,1747647684847
counter/10/0/0/0,33462:1747647676681:,1747647684847
counter/10/0/0/0,33463:1747647676681:,1747647684847
counter/10/0/0/0,33464:1747647676681:,1747647684847
counter/10/0/0/0,33465:1747647676681:,1747647684847
counter/10/0/0/0,33466:1747647676682:,1747647684847
counter/10/0/0/0,33467:1747647676682:,1747647684847
counter/10/0/0/0,33468:1747647676682:,1747647684847
counter/10/0/0/0,33469:1747647676682:,1747647684847
counter/10/0/0/0,33470:1747647676683:,1747647684847
counter/10/0/0/0,33471:1747647676683:,1747647684847
counter/10/0/0/0,33472:1747647676683:,1747647684847
counter/10/0/0/0,33473:1747647676684:,1747647684847
counter/10/0/0/0,33474:1747647676684:,1747647684847
counter/10/0/0/0,33475:1747647676684:,1747647684847
counter/10/0/0/0,33476:1747647676684:,1747647684847
counter/10/0/0/0,33477:1747647676684:,1747647684847
counter/10/0/0/0,33478:1747647676684:,1747647684847
counter/10/0/0/0,33479:1747647676688:,1747647684847
counter/10/0/0/0,33480:1747647676688:,1747647684847
counter/10/0/0/0,33481:1747647676688:,1747647684847
counter/10/0/0/0,33482:1747647676688:,1747647684847
counter/10/0/0/0,33483:1747647676688:,1747647684847
counter/10/0/0/0,33484:1747647676688:,1747647684847
counter/10/0/0/0,33485:1747647676688:,1747647684847
counter/10/0/0/0,33486:1747647676688:,1747647684847
counter/10/0/0/0,33487:1747647676688:,1747647684847
counter/10/0/0/0,33488:1747647676688:,1747647684847
counter/10/0/0/0,33489:1747647676688:,1747647684847
counter/10/0/0/0,33490:1747647676688:,1747647684847
counter/10/0/0/0,33491:1747647676688:,1747647684847
counter/10/0/0/0,33492:1747647676688:,1747647684847
counter/10/0/0/0,33493:1747647676688:,1747647684847
counter/10/0/0/0,33494:1747647676688:,1747647684848
counter/10/0/0/0,33495:1747647676688:,1747647684848
counter/10/0/0/0,33496:1747647676688:,1747647684848
counter/10/0/0/0,33497:1747647676688:,1747647684848
counter/10/0/0/0,33498:1747647676688:,1747647684848
counter/10/0/0/0,33499:1747647676688:,1747647684848
counter/10/0/0/0,33500:1747647676688:,1747647684848
counter/10/0/0/0,33501:1747647676688:,1747647684848
counter/10/0/0/0,33502:1747647676688:,1747647684848
counter/10/0/0/0,33503:1747647676688:,1747647684848
counter/10/0/0/0,33504:1747647676688:,1747647684848
counter/10/0/0/0,33505:1747647676688:,1747647684848
counter/10/0/0/0,33506:1747647676688:,1747647684848
counter/10/0/0/0,33507:1747647676688:,1747647684848
counter/10/0/0/0,33508:1747647676688:,1747647684848
counter/10/0/0/0,33509:1747647676688:,1747647684848
counter/10/0/0/0,33510:1747647676689:,1747647684848
counter/10/0/0/0,33511:1747647676696:,1747647684848
counter/10/0/0/0,33512:1747647676696:,1747647684848
counter/10/0/0/0,33513:1747647676696:,1747647684848
counter/10/0/0/0,33514:1747647676696:,1747647684848
counter/10/0/0/0,33515:1747647676696:,1747647684848
counter/10/0/0/0,33516:1747647676696:,1747647684848
counter/10/0/0/0,33517:1747647676696:,1747647684848
counter/10/0/0/0,33518:1747647676696:,1747647684848
counter/10/0/0/0,33519:1747647676696:,1747647684848
counter/10/0/0/0,33520:1747647676702:,1747647684848
counter/10/0/0/0,33521:1747647676702:,1747647684848
counter/10/0/0/0,33522:1747647676702:,1747647684848
counter/10/0/0/0,33523:1747647676702:,1747647684848
counter/10/0/0/0,33524:1747647676702:,1747647684848
counter/10/0/0/0,33525:1747647676702:,1747647684848
counter/10/0/0/0,33526:1747647676702:,1747647684848
counter/10/0/0/0,33527:1747647676705:,1747647684848
counter/10/0/0/0,33528:1747647676705:,1747647684849
counter/10/0/0/0,33529:1747647676705:,1747647684849
counter/10/0/0/0,33530:1747647676705:,1747647684849
counter/10/0/0/0,33531:1747647676705:,1747647684849
counter/10/0/0/0,33532:1747647676705:,1747647684849
counter/10/0/0/0,33533:1747647676705:,1747647684849
counter/10/0/0/0,33534:1747647676705:,1747647684849
counter/10/0/0/0,33535:1747647676705:,1747647684849
counter/10/0/0/0,33536:1747647676705:,1747647684849
counter/10/0/0/0,33537:1747647676705:,1747647684849
counter/10/0/0/0,33538:1747647676705:,1747647684849
counter/10/0/0/0,33539:1747647676705:,1747647684849
counter/10/0/0/0,33540:1747647676705:,1747647684849
counter/10/0/0/0,33541:1747647676705:,1747647684849
counter/10/0/0/0,33542:1747647676705:,1747647684849
counter/10/0/0/0,33543:1747647676705:,1747647684849
counter/10/0/0/0,33544:1747647676705:,1747647684849
counter/10/0/0/0,33545:1747647676705:,1747647684849
counter/10/0/0/0,33546:1747647676705:,1747647684849
counter/10/0/0/0,33547:1747647676705:,1747647684849
counter/10/0/0/0,33548:1747647676705:,1747647684849
counter/10/0/0/0,33549:1747647676705:,1747647684849
counter/10/0/0/0,33550:1747647676707:,1747647684849
counter/10/0/0/0,33551:1747647676707:,1747647684849
counter/10/0/0/0,33552:1747647676707:,1747647684849
counter/10/0/0/0,33553:1747647676707:,1747647684849
counter/10/0/0/0,33554:1747647676707:,1747647684849
counter/10/0/0/0,33555:1747647676707:,1747647684849
counter/10/0/0/0,33556:1747647676707:,1747647684849
counter/10/0/0/0,33557:1747647676707:,1747647684849
counter/10/0/0/0,33558:1747647676707:,1747647684849
counter/10/0/0/0,33559:1747647676707:,1747647684849
counter/10/0/0/0,33560:1747647676707:,1747647684849
counter/10/0/0/0,33561:1747647676708:,1747647684849
counter/10/0/0/0,33562:1747647676708:,1747647684849
counter/10/0/0/0,33563:1747647676708:,1747647684849
counter/10/0/0/0,33564:1747647676708:,1747647684849
counter/10/0/0/0,33565:1747647676708:,1747647684849
counter/10/0/0/0,33566:1747647676708:,1747647684850
counter/10/0/0/0,33567:1747647676708:,1747647684850
counter/10/0/0/0,33568:1747647676708:,1747647684850
counter/10/0/0/0,33569:1747647676708:,1747647684850
counter/10/0/0/0,33570:1747647676708:,1747647684850
counter/10/0/0/0,33571:1747647676708:,1747647684850
counter/10/0/0/0,33572:1747647676708:,1747647684850
counter/10/0/0/0,33573:1747647676708:,1747647684850
counter/10/0/0/0,33574:1747647676708:,1747647684850
counter/10/0/0/0,33575:1747647676709:,1747647684850
counter/10/0/0/0,33576:1747647676709:,1747647684850
counter/10/0/0/0,33577:1747647676709:,1747647684850
counter/10/0/0/0,33578:1747647676709:,1747647684850
counter/10/0/0/0,33579:1747647676709:,1747647684850
counter/10/0/0/0,33580:1747647676710:,1747647684850
counter/10/0/0/0,33581:1747647676710:,1747647684850
counter/10/0/0/0,33582:1747647676710:,1747647684850
counter/10/0/0/0,33583:1747647676710:,1747647684850
counter/10/0/0/0,33584:1747647676710:,1747647684850
counter/10/0/0/0,33585:1747647676710:,1747647684850
counter/10/0/0/0,33586:1747647676710:,1747647684850
counter/10/0/0/0,33587:1747647676710:,1747647684850
counter/10/0/0/0,33588:1747647676710:,1747647684850
counter/10/0/0/0,33589:1747647676710:,1747647684850
counter/10/0/0/0,33590:1747647676711:,1747647684850
counter/10/0/0/0,33591:1747647676711:,1747647684850
counter/10/0/0/0,33592:1747647676711:,1747647684850
counter/10/0/0/0,33593:1747647676711:,1747647684850
counter/10/0/0/0,33594:1747647676711:,1747647684850
counter/10/0/0/0,33595:1747647676711:,1747647684850
counter/10/0/0/0,33596:1747647676711:,1747647684850
counter/10/0/0/0,33597:1747647676711:,1747647684850
counter/10/0/0/0,33598:1747647676711:,1747647684850
counter/10/0/0/0,33599:1747647676711:,1747647684850
counter/10/0/0/0,33600:1747647676712:,1747647684850
counter/10/0/0/0,33601:1747647676712:,1747647684850
counter/10/0/0/0,33602:1747647676712:,1747647684851
counter/10/0/0/0,33603:1747647676712:,1747647684851
counter/10/0/0/0,33604:1747647676712:,1747647684851
counter/10/0/0/0,33605:1747647676712:,1747647684851
counter/10/0/0/0,33606:1747647676712:,1747647684851
counter/10/0/0/0,33607:1747647676712:,1747647684851
counter/10/0/0/0,33608:1747647676712:,1747647684851
counter/10/0/0/0,33609:1747647676712:,1747647684851
counter/10/0/0/0,33610:1747647676712:,1747647684851
counter/10/0/0/0,33611:1747647676712:,1747647684851
counter/10/0/0/0,33612:1747647676712:,1747647684851
counter/10/0/0/0,33613:1747647676712:,1747647684851
counter/10/0/0/0,33614:1747647676712:,1747647684851
counter/10/0/0/0,33615:1747647676718:,1747647684851
counter/10/0/0/0,33616:1747647676718:,1747647684851
counter/10/0/0/0,33617:1747647676718:,1747647684851
counter/10/0/0/0,33618:1747647676718:,1747647684851
counter/10/0/0/0,33619:1747647676718:,1747647684851
counter/10/0/0/0,33620:1747647676718:,1747647684851
counter/10/0/0/0,33621:1747647676718:,1747647684851
counter/10/0/0/0,33622:1747647676718:,1747647684851
counter/10/0/0/0,33623:1747647676718:,1747647684851
counter/10/0/0/0,33624:1747647676718:,1747647684851
counter/10/0/0/0,33625:1747647676718:,1747647684851
counter/10/0/0/0,33626:1747647676718:,1747647684851
counter/10/0/0/0,33627:1747647676719:,1747647684851
counter/10/0/0/0,33628:1747647676719:,1747647684851
counter/10/0/0/0,33629:1747647676720:,1747647684851
counter/10/0/0/0,33630:1747647676720:,1747647684851
counter/10/0/0/0,33631:1747647676720:,1747647684851
counter/10/0/0/0,33632:1747647676720:,1747647684851
counter/10/0/0/0,33633:1747647676720:,1747647684851
counter/10/0/0/0,33634:1747647676720:,1747647684851
counter/10/0/0/0,33635:1747647676720:,1747647684851
counter/10/0/0/0,33636:1747647676720:,1747647684851
counter/10/0/0/0,33637:1747647676720:,1747647684851
counter/10/0/0/0,33638:1747647676720:,1747647684851
counter/10/0/0/0,33639:1747647676720:,1747647684852
counter/10/0/0/0,33640:1747647676720:,1747647684852
counter/10/0/0/0,33641:1747647676720:,1747647684852
counter/10/0/0/0,33642:1747647676730:,1747647684852
counter/10/0/0/0,33643:1747647676730:,1747647684852
counter/10/0/0/0,33644:1747647676730:,1747647684852
counter/10/0/0/0,33645:1747647676730:,1747647684852
counter/10/0/0/0,33646:1747647676730:,1747647684852
counter/10/0/0/0,33647:1747647676730:,1747647684852
counter/10/0/0/0,33648:1747647676730:,1747647684852
counter/10/0/0/0,33649:1747647676730:,1747647684852
counter/10/0/0/0,33650:1747647676730:,1747647684852
counter/10/0/0/0,33651:1747647676730:,1747647684852
counter/10/0/0/0,33652:1747647676730:,1747647684852
counter/10/0/0/0,33653:1747647676730:,1747647684852
counter/10/0/0/0,33654:1747647676730:,1747647684852
counter/10/0/0/0,33655:1747647676730:,1747647684852
counter/10/0/0/0,33656:1747647676730:,1747647684852
counter/10/0/0/0,33657:1747647676730:,1747647684852
counter/10/0/0/0,33658:1747647676730:,1747647684852
counter/10/0/0/0,33659:1747647676730:,1747647684852
counter/10/0/0/0,33660:1747647676730:,1747647684852
counter/10/0/0/0,33661:1747647676730:,1747647684852
counter/10/0/0/0,33662:1747647676730:,1747647684852
counter/10/0/0/0,33663:1747647676730:,1747647684852
counter/10/0/0/0,33664:1747647676731:,1747647684852
counter/10/0/0/0,33665:1747647676731:,1747647684852
counter/10/0/0/0,33666:1747647676731:,1747647684852
counter/10/0/0/0,33667:1747647676731:,1747647684852
counter/10/0/0/0,33668:1747647676731:,1747647684852
counter/10/0/0/0,33669:1747647676732:,1747647684852
counter/10/0/0/0,33670:1747647676732:,1747647684852
counter/10/0/0/0,33671:1747647676732:,1747647684852
counter/10/0/0/0,33672:1747647676732:,1747647684852
counter/10/0/0/0,33673:1747647676732:,1747647684852
counter/10/0/0/0,33674:1747647676732:,1747647684852
counter/10/0/0/0,33675:1747647676741:,1747647684852
counter/10/0/0/0,33676:1747647676741:,1747647684853
counter/10/0/0/0,33677:1747647676741:,1747647684853
counter/10/0/0/0,33678:1747647676741:,1747647684853
counter/10/0/0/0,33679:1747647676741:,1747647684853
counter/10/0/0/0,33680:1747647676741:,1747647684853
counter/10/0/0/0,33681:1747647676741:,1747647684853
counter/10/0/0/0,33682:1747647676741:,1747647684853
counter/10/0/0/0,33683:1747647676741:,1747647684853
counter/10/0/0/0,33684:1747647676741:,1747647684853
counter/10/0/0/0,33685:1747647676741:,1747647684853
counter/10/0/0/0,33686:1747647676742:,1747647684853
counter/10/0/0/0,33687:1747647676746:,1747647684853
counter/10/0/0/0,33688:1747647676746:,1747647684853
counter/10/0/0/0,33689:1747647676746:,1747647684853
counter/10/0/0/0,33690:1747647676746:,1747647684853
counter/10/0/0/0,33691:1747647676746:,1747647684853
counter/10/0/0/0,33692:1747647676746:,1747647684853
counter/10/0/0/0,33693:1747647676746:,1747647684853
counter/10/0/0/0,33694:1747647676747:,1747647684853
counter/10/0/0/0,33695:1747647676747:,1747647684853
counter/10/0/0/0,33696:1747647676747:,1747647684853
counter/10/0/0/0,33697:1747647676747:,1747647684853
counter/10/0/0/0,33698:1747647676747:,1747647684853
counter/10/0/0/0,33699:1747647676747:,1747647684853
counter/10/0/0/0,33700:1747647676747:,1747647684853
counter/10/0/0/0,33701:1747647676747:,1747647684853
counter/10/0/0/0,33702:1747647676747:,1747647684853
counter/10/0/0/0,33703:1747647676747:,1747647684853
counter/10/0/0/0,33704:1747647676747:,1747647684853
counter/10/0/0/0,33705:1747647676751:,1747647684853
counter/10/0/0/0,33706:1747647676751:,1747647684853
counter/10/0/0/0,33707:1747647676751:,1747647684853
counter/10/0/0/0,33708:1747647676751:,1747647684853
counter/10/0/0/0,33709:1747647676751:,1747647684853
counter/10/0/0/0,33710:1747647676751:,1747647684853
counter/10/0/0/0,33711:1747647676751:,1747647684853
counter/10/0/0/0,33712:1747647676751:,1747647684854
counter/10/0/0/0,33713:1747647676752:,1747647684854
counter/10/0/0/0,33714:1747647676752:,1747647684854
counter/10/0/0/0,33715:1747647676752:,1747647684854
counter/10/0/0/0,33716:1747647676752:,1747647684854
counter/10/0/0/0,33717:1747647676752:,1747647684854
counter/10/0/0/0,33718:1747647676752:,1747647684854
counter/10/0/0/0,33719:1747647676752:,1747647684854
counter/10/0/0/0,33720:1747647676752:,1747647684854
counter/10/0/0/0,33721:1747647676752:,1747647684854
counter/10/0/0/0,33722:1747647676757:,1747647684854
counter/10/0/0/0,33723:1747647676757:,1747647684854
counter/10/0/0/0,33724:1747647676757:,1747647684854
counter/10/0/0/0,33725:1747647676757:,1747647684854
counter/10/0/0/0,33726:1747647676757:,1747647684854
counter/10/0/0/0,33727:1747647676762:,1747647684854
counter/10/0/0/0,33728:1747647676762:,1747647684854
counter/10/0/0/0,33729:1747647676762:,1747647684854
counter/10/0/0/0,33730:1747647676763:,1747647684854
counter/10/0/0/0,33731:1747647676763:,1747647684854
counter/10/0/0/0,33732:1747647676763:,1747647684854
counter/10/0/0/0,33733:1747647676763:,1747647684854
counter/10/0/0/0,33734:1747647676763:,1747647684854
counter/10/0/0/0,33735:1747647676763:,1747647684854
counter/10/0/0/0,33736:1747647676763:,1747647684854
counter/10/0/0/0,33737:1747647676763:,1747647684854
counter/10/0/0/0,33738:1747647676765:,1747647684854
counter/10/0/0/0,33739:1747647676765:,1747647684854
counter/10/0/0/0,33740:1747647676765:,1747647684854
counter/10/0/0/0,33741:1747647676765:,1747647684854
counter/10/0/0/0,33742:1747647676765:,1747647684854
counter/10/0/0/0,33743:1747647676765:,1747647684854
counter/10/0/0/0,33744:1747647676765:,1747647684854
counter/10/0/0/0,33745:1747647676770:,1747647684854
counter/10/0/0/0,33746:1747647676775:,1747647684854
counter/10/0/0/0,33747:1747647676775:,1747647684854
counter/10/0/0/0,33748:1747647676775:,1747647684854
counter/10/0/0/0,33749:1747647676775:,1747647684854
counter/10/0/0/0,33750:1747647676775:,1747647684855
counter/10/0/0/0,33751:1747647676775:,1747647684855
counter/10/0/0/0,33752:1747647676775:,1747647684855
counter/10/0/0/0,33753:1747647676775:,1747647684855
counter/10/0/0/0,33754:1747647676775:,1747647684855
counter/10/0/0/0,33755:1747647676775:,1747647684855
counter/10/0/0/0,33756:1747647676780:,1747647684855
